Year,Month,Longitude,Latitude,Ss1,Ss3,Ss5,Sm,Sn,Ss,Sd,Sht,Sx,Sy,As1,As3,As5,Am,An,As,Ad,Aht,Ax,Ay,Qs1,Qs3,Qs5,Qm,Qn,Qs,Qd,Qht,Qx,Qy,Rs1,Rs3,Rs5,Rm,Rn,Rs,Rd,Rht,Ry,Ws1,Ws3,Ws5,Wm,Wn,Ws,Wd,Wht,Wx,Wy,Us1,Us3,Us5,Um,Un,Us,Ud,Uht,Ux,Uy,Vs1,Vs3,Vs5,Vm,Vn,Vs,Vd,Vht,Vx,Vy,Ps1,Ps3,Ps5,Pm,Pn,Ps,Pd,Pht,Px,Py,Cs1,Cs3,Cs5,Cm,Cn,Cs,Cd,Cht,Cx,Cy,Xs1,Xs3,Xs5,Xm,Xn,Xs,Xd,Xht,Xx,Xy,Ys1,Ys3,Ys5,Ym,Yn,Ys,Yd,Yht,Yx,Yy,Ds1,Ds3,Ds5,Dm,Dn,Ds,Dd,Dht,Dx,Dy,Es1,Es3,Es5,Em,En,Es,Ed,Eht,Ex,Ey,Fs1,Fs3,Fs5,Fm,Fn,Fs,Fd,Fht,Fx,Fy,Gs1,Gs3,Gs5,Gm,Gn,Gs,Gd,Ght,Gx,Gy,Is1,Is3,Is5,Im,In,Is,Id,Iht,Ix,Iy,Js1,Js3,Js5,Jm,Jn,Js,Jd,Jht,Jx,Jy,Ks1,Ks3,Ks5,Km,Kn,Ks,Kd,Kht,Kx,Ky,Ls1,Ls3,Ls5,Lm,Ln,Ls,Ld,Lht,Lx,Ly,Ms1,Ms3,Ms5,Mm,Mn,Ms,Md,Mht,Mx,My,Ns1,Ns3,Ns5,Nm,Nn,Ns,Nd,Nht,Nx,Ny,B1s1,B1s3,B1s5,B1m,B1n,B1s,B1d,B1ht,B1x,B1y,B2s1,B2s3,B2s5,B2m,B2n,B2s,B2d,B2ht,B2x,B2y
1974,2,0.0,-70.0,0.3,0.3,0.3,0.3,1.0,0.0,6.0,0.0,0.5,0.5,-0.1,-0.1,-0.1,-0.1,1.0,0.0,6.0,0.0,0.5,0.5,3.25,3.25,3.25,3.25,1.0,0.0,6.0,0.0,0.5,0.5,83.9,83.9,83.9,83.9,1.0,0.0,6.0,0.0,0.5,8.7,8.7,8.7,8.7,1.0,0.0,6.0,0.0,0.5,0.5,8.7,8.7,8.7,8.7,1.0,0.0,6.0,0.0,0.5,0.5,0.0,0.0,0.0,0.0,1.0,0.0,6.0,0.0,0.5,0.5,979.0,979.0,979.0,979.0,1.0,0.0,6.0,0.0,0.5,0.5,7.0,7.0,7.0,7.0,1.0,0.0,6.0,0.0,0.5,0.5,75.7,75.7,75.7,75.7,1.0,0.0,6.0,0.0,0.5,0.5,0.0,0.0,0.0,0.0,1.0,0.0,6.0,0.0,0.5,0.5,0.4,0.4,0.4,0.4,1.0,0.0,6.0,0.0,0.5,0.5,3.5,3.5,3.5,3.5,1.0,0.0,6.0,0.0,0.5,0.5,0.74,0.74,0.74,0.74,1.0,0.0,6.0,0.0,0.5,0.5,6.5,6.5,6.5,6.5,1.0,0.0,6.0,0.0,0.5,0.5,-0.9,-0.9,-0.9,-0.9,1.0,0.0,6.0,0.0,0.5,0.5,0.0,0.0,0.0,0.0,1.0,0.0,6.0,0.0,0.5,0.5,28.3,28.3,28.3,28.3,1.0,0.0,6.0,0.0,0.5,0.5,0.0,0.0,0.0,0.0,1.0,0.0,6.0,0.0,0.5,0.5,6.5,6.5,6.5,6.5,1.0,0.0,6.0,0.0,0.5,0.5,0.0,0.0,0.0,0.0,1.0,0.0,6.0,0.0,0.5,0.5,658.5,658.5,658.5,658.5,1.0,0.0,6.0,0.0,0.5,0.5,660.0,660.0,660.0,660.0,1.0,0.0,6.0,0.0,0.5,0.5
1974,2,0.0,-67.0,,,,,,,,,,,,,,,,,,,,,,,,,,,,,,,,,,,,,,,,7.7,7.7,7.7,7.7,1.0,0.0,28.0,1.0,0.9,1.0,-3.85,-3.85,-3.85,-3.85,1.0,0.0,28.0,1.0,0.9,1.0,6.67,6.67,6.67,6.67,1.0,0.0,28.0,1.0,0.9,1.0,972.8,972.8,972.8,972.8,1.0,0.0,28.0,1.0,0.9,1.0,,,,,,,,,,,,,,,,,,,,,,,,,,,,,,,,,,,,,,,,,,,,,,,,,,,,,,,,,,,,,,,,,,,,,,,,,,,,,,,,,,,,,,,,,,,,,,,,,,,,,,,,,,,,,,,,,,,,,,,,,,,,,,,,,,,,,,,,,,,,,,,,,,,,,,
1974,2,0.0,-66.0,,,,,,,,,,,,,,,,,,,,,,,,,,,,,,,,,,,,,,,,7.2,7.2,7.2,7.2,2.0,0.0,28.0,1.0,0.3,0.7,-2.07,-1.23,-0.39,-1.23,2.0,1.74,28.0,1.0,0.3,0.7,6.83,6.98,7.13,6.98,2.0,0.31,28.0,1.0,0.3,0.7,974.58,975.6,976.62,975.6,2.0,2.12,28.0,1.0,0.3,0.7,,,,,,,,,,,,,,,,,,,,,,,,,,,,,,,,,,,,,,,,,,,,,,,,,,,,,,,,,,,,,,,,,,,,,,,,,,,,,,,,,,,,,,,,,,,,,,,,,,,,,,,,,,,,,,,,,,,,,,,,,,,,,,,,,,,,,,,,,,,,,,,,,,,,,,
1974,2,0.0,-65.0,,,,,,,,,,,,,,,,,,,,,,,,,,,,,,,,,,,,,,,,7.2,7.2,7.2,7.2,1.0,0.0,28.0,0.0,0.8,0.5,-3.6,-3.6,-3.6,-3.6,1.0,0.0,28.0,0.0,0.8,0.5,6.24,6.24,6.24,6.24,1.0,0.0,28.0,0.0,0.8,0.5,978.5,978.5,978.5,978.5,1.0,0.0,28.0,0.0,0.8,0.5,,,,,,,,,,,,,,,,,,,,,,,,,,,,,,,,,,,,,,,,,,,,,,,,,,,,,,,,,,,,,,,,,,,,,,,,,,,,,,,,,,,,,,,,,,,,,,,,,,,,,,,,,,,,,,,,,,,,,,,,,,,,,,,,,,,,,,,,,,,,,,,,,,,,,,
1974,2,0.0,-62.0,0.5,0.5,0.5,0.5,1.0,0.0,14.0,1.0,0.3,0.8,1.0,1.0,1.0,1.0,1.0,0.0,14.0,1.0,0.3,0.8,4.2,4.2,4.2,4.2,1.0,0.0,14.0,1.0,0.3,0.8,100.0,100.0,100.0,100.0,1.0,0.0,14.0,1.0,0.8,,,,,,,,,,,,,,,,,,,,,,,,,,,,,,,,,,,,,,,,,,,,,,,,,,,,,,,,,,,,,,,,,,,,,,,,,,,,,,,,,,,,,,,,,,,,,,,,,,,,,,,,,,,,,,,,,,,,,,,,,,,,,,,,,,,,,,,,,,,,,,,,,,,,,,,,,,,,,,,,,,,,,,,,,,,,,,,,,,,,,,,,,,,,,,
1974,2,0.0,-37.0,14.63,16.0,17.37,16.0,2.0,2.83,10.0,1.0,0.8,0.4,14.88,15.9,16.92,15.9,2.0,2.12,10.0,1.0,0.8,0.4,6.24,6.24,6.24,6.24,1.0,0.0,8.0,1.0,0.9,0.4,62.4,62.4,62.4,62.4,1.0,0.0,8.0,1.0,0.4,4.18,4.35,4.52,4.35,2.0,0.35,10.0,1.0,0.8,0.4,-3.45,-0.98,1.49,-0.98,2.0,5.12,10.0,1.0,0.8,0.4,0.5,1.57,2.64,1.57,2.0,2.22,10.0,1.0,0.8,0.4,1025.64,1026.6,1027.56,1026.6,2.0,1.98,10.0,1.0,0.8,0.4,1.1,3.5,5.9,3.5,2.0,4.9,10.0,1.0,0.8,0.4,-16.1,-5.2,5.7,-5.2,2.0,22.6,10.0,1.0,0.8,0.4,2.0,6.4,10.8,6.4,2.0,9.1,10.0,1.0,0.8,0.4,-2.29,0.1,2.49,0.1,2.0,4.95,10.0,1.0,0.8,0.4,-9.1,1.3,11.7,1.3,2.0,21.6,10.0,1.0,0.8,0.4,6.4,6.4,6.4,6.4,1.0,0.0,8.0,1.0,0.9,0.4,29.4,29.4,29.4,29.4,1.0,0.0,8.0,1.0,0.9,0.4,-48.5,-10.2,28.1,-10.2,2.0,79.3,10.0,1.0,0.8,0.4,8.7,27.3,46.0,27.3,2.0,38.6,10.0,1.0,0.8,0.4,-28.7,-28.7,-28.7,-28.7,1.0,0.0,8.0,1.0,0.9,0.4,0.0,0.0,0.0,0.0,1.0,0.0,8.0,1.0,0.9,0.4,-29.4,-29.4,-29.4,-29.4,1.0,0.0,8.0,1.0,0.9,0.4,0.0,0.0,0.0,0.0,1.0,0.0,8.0,1.0,0.9,0.4,73.5,83.0,93.0,83.0,2.0,20.0,10.0,1.0,0.8,0.4,75.0,85.0,95.0,85.0,2.0,20.0,10.0,1.0,0.8,0.4
1974,2,0.0,-36.0,20.4,20.4,20.4,20.4,1.0,0.0,20.0,1.0,0.1,1.0,20.0,20.0,20.0,20.0,1.0,0.0,20.0,1.0,0.1,1.0,9.63,9.63,9.63,9.63,1.0,0.0,20.0,1.0,0.1,1.0,66.6,66.6,66.6,66.6,1.0,0.0,20.0,1.0,1.0,5.1,5.1,5.1,5.1,1.0,0.0,20.0,1.0,0.1,1.0,2.55,2.55,2.55,2.55,1.0,0.0,20.0,1.0,0.1,1.0,4.42,4.42,4.42,4.42,1.0,0.0,20.0,1.0,0.1,1.0,1015.6,1015.6,1015.6,1015.6,1.0,0.0,20.0,1.0,0.1,1.0,6.0,6.0,6.0,6.0,1.0,0.0,20.0,1.0,0.1,1.0,13.0,13.0,13.0,13.0,1.0,0.0,20.0,1.0,0.1,1.0,22.5,22.5,22.5,22.5,1.0,0.0,20.0,1.0,0.1,1.0,0.4,0.4,0.4,0.4,1.0,0.0,20.0,1.0,0.1,1.0,2.0,2.0,2.0,2.0,1.0,0.0,20.0,1.0,0.1,1.0,5.24,5.24,5.24,5.24,1.0,0.0,20.0,1.0,0.1,1.0,26.7,26.7,26.7,26.7,1.0,0.0,20.0,1.0,0.1,1.0,51.0,51.0,51.0,51.0,1.0,0.0,20.0,1.0,0.1,1.0,88.3,88.3,88.3,88.3,1.0,0.0,20.0,1.0,0.1,1.0,24.6,24.6,24.6,24.6,1.0,0.0,20.0,1.0,0.1,1.0,42.5,42.5,42.5,42.5,1.0,0.0,20.0,1.0,0.1,1.0,13.4,13.4,13.4,13.4,1.0,0.0,20.0,1.0,0.1,1.0,23.1,23.1,23.1,23.1,1.0,0.0,20.0,1.0,0.1,1.0,132.5,132.5,132.5,132.5,1.0,0.0,20.0,1.0,0.1,1.0,135.0,135.0,135.0,135.0,1.0,0.0,20.0,1.0,0.1,1.0
1974,2,0.0,-34.0,20.5,20.5,20.5,20.5,1.0,0.0,14.0,1.0,0.6,0.5,23.0,23.0,23.0,23.0,1.0,0.0,14.0,1.0,0.6,0.5,10.09,10.09,10.09,10.09,1.0,0.0,14.0,1.0,0.6,0.5,58.4,58.4,58.4,58.4,1.0,0.0,14.0,1.0,0.5,4.6,4.6,4.6,4.6,1.0,0.0,14.0,1.0,0.6,0.5,0.0,0.0,0.0,0.0,1.0,0.0,14.0,1.0,0.6,0.5,-4.6,-4.6,-4.6,-4.6,1.0,0.0,14.0,1.0,0.6,0.5,1021.8,1021.8,1021.8,1021.8,1.0,0.0,14.0,1.0,0.6,0.5,1.0,1.0,1.0,1.0,1.0,0.0,14.0,1.0,0.6,0.5,0.0,0.0,0.0,0.0,1.0,0.0,14.0,1.0,0.6,0.5,-21.2,-21.2,-21.2,-21.2,1.0,0.0,14.0,1.0,0.6,0.5,-2.5,-2.5,-2.5,-2.5,1.0,0.0,14.0,1.0,0.6,0.5,-11.5,-11.5,-11.5,-11.5,1.0,0.0,14.0,1.0,0.6,0.5,4.79,4.79,4.79,4.79,1.0,0.0,14.0,1.0,0.6,0.5,22.0,22.0,22.0,22.0,1.0,0.0,14.0,1.0,0.6,0.5,0.0,0.0,0.0,0.0,1.0,0.0,14.0,1.0,0.6,0.5,-105.8,-105.8,-105.8,-105.8,1.0,0.0,14.0,1.0,0.6,0.5,0.0,0.0,0.0,0.0,1.0,0.0,14.0,1.0,0.6,0.5,-46.4,-46.4,-46.4,-46.4,1.0,0.0,14.0,1.0,0.6,0.5,0.0,0.0,0.0,0.0,1.0,0.0,14.0,1.0,0.6,0.5,-22.0,-22.0,-22.0,-22.0,1.0,0.0,14.0,1.0,0.6,0.5,97.5,97.5,97.5,97.5,1.0,0.0,14.0,1.0,0.6,0.5,95.0,95.0,95.0,95.0,1.0,0.0,14.0,1.0,0.6,0.5
1974,2,0.0,-33.0,23.2,23.2,23.2,23.2,1.0,0.0,8.0,1.0,0.3,0.7,19.0,19.0,19.0,19.0,1.0,0.0,8.0,1.0,0.3,0.7,10.12,10.12,10.12,10.12,1.0,0.0,8.0,1.0,0.3,0.7,75.1,75.1,75.1,75.1,1.0,0.0,8.0,1.0,0.7,6.2,6.2,6.2,6.2,1.0,0.0,8.0,1.0,0.3,0.7,-5.37,-5.37,-5.37,-5.37,1.0,0.0,8.0,1.0,0.3,0.7,3.1,3.1,3.1,3.1,1.0,0.0,8.0,1.0,0.3,0.7,1025.1,1025.1,1025.1,1025.1,1.0,0.0,8.0,1.0,0.3,0.7,8.0,8.0,8.0,8.0,1.0,0.0,8.0,1.0,0.3,0.7,-33.3,-33.3,-33.3,-33.3,1.0,0.0,8.0,1.0,0.3,0.7,19.2,19.2,19.2,19.2,1.0,0.0,8.0,1.0,0.3,0.7,4.2,4.2,4.2,4.2,1.0,0.0,8.0,1.0,0.3,0.7,26.0,26.0,26.0,26.0,1.0,0.0,8.0,1.0,0.3,0.7,7.4,7.4,7.4,7.4,1.0,0.0,8.0,1.0,0.3,0.7,45.9,45.9,45.9,45.9,1.0,0.0,8.0,1.0,0.3,0.7,-102.0,-102.0,-102.0,-102.0,1.0,0.0,8.0,1.0,0.3,0.7,58.9,58.9,58.9,58.9,1.0,0.0,8.0,1.0,0.3,0.7,-54.3,-54.3,-54.3,-54.3,1.0,0.0,8.0,1.0,0.3,0.7,31.4,31.4,31.4,31.4,1.0,0.0,8.0,1.0,0.3,0.7,-39.7,-39.7,-39.7,-39.7,1.0,0.0,8.0,1.0,0.3,0.7,22.9,22.9,22.9,22.9,1.0,0.0,8.0,1.0,0.3,0.7,238.5,238.5,238.5,238.5,1.0,0.0,8.0,1.0,0.3,0.7,240.0,240.0,240.0,240.0,1.0,0.0,8.0,1.0,0.3,0.7
1974,2,0.0,-31.0,22.25,22.35,22.45,22.35,2.0,0.21,14.0,1.0,0.3,0.6,21.11,21.35,21.59,21.35,2.0,0.49,14.0,1.0,0.3,0.6,10.51,11.0,11.5,11.0,2.0,1.02,14.0,1.0,0.3,0.6,66.3,70.4,74.5,70.4,2.0,8.5,14.0,1.0,0.6,2.83,4.4,5.97,4.4,2.0,3.25,14.0,1.0,0.3,0.6,-5.8,-3.87,-1.95,-3.87,2.0,4.0,14.0,1.0,0.3,0.6,-1.53,-0.91,-0.29,-0.91,2.0,1.29,14.0,1.0,0.3,0.6,1020.05,1020.8,1021.55,1020.8,2.0,1.56,14.0,1.0,0.3,0.6,1.5,2.5,3.5,2.5,2.0,2.1,14.0,1.0,0.3,0.6,-38.1,-23.5,-9.0,-23.5,2.0,30.2,14.0,1.0,0.3,0.6,-3.2,-1.9,-0.6,-1.9,2.0,2.7,14.0,1.0,0.3,0.6,0.86,1.0,1.14,1.0,2.0,0.28,14.0,1.0,0.3,0.6,2.7,4.9,7.0,4.9,2.0,4.5,14.0,1.0,0.3,0.6,5.11,5.69,6.28,5.69,2.0,1.21,14.0,1.0,0.3,0.6,16.7,23.1,29.4,23.1,2.0,13.2,14.0,1.0,0.3,0.6,-122.0,-81.7,-41.5,-81.7,2.0,83.4,14.0,1.0,0.3,0.6,-33.2,-19.7,-6.3,-19.7,2.0,27.9,14.0,1.0,0.3,0.6,-67.8,-44.7,-21.6,-44.7,2.0,47.9,14.0,1.0,0.3,0.6,-15.7,-9.4,-3.0,-9.4,2.0,13.2,14.0,1.0,0.3,0.6,-28.3,-19.6,-10.9,-19.6,2.0,18.0,14.0,1.0,0.3,0.6,-10.0,-6.0,-1.9,-6.0,2.0,8.4,14.0,1.0,0.3,0.6,55.5,155.0,254.5,155.0,2.0,206.0,14.0,1.0,0.3,0.6,55.0,155.0,255.0,155.0,2.0,205.0,14.0,1.0,0.3,0.6
1974,2,0.0,-29.0,23.3,23.3,23.3,23.3,1.0,0.0,16.0,1.0,0.1,0.1,21.1,21.1,21.1,21.1,1.0,0.0,16.0,1.0,0.1,0.1,11.12,11.12,11.12,11.12,1.0,0.0,16.0,1.0,0.1,0.1,72.2,72.2,72.2,72.2,1.0,0.0,16.0,1.0,0.1,6.2,6.2,6.2,6.2,1.0,0.0,16.0,1.0,0.1,0.1,-5.37,-5.37,-5.37,-5.37,1.0,0.0,16.0,1.0,0.1,0.1,3.1,3.1,3.1,3.1,1.0,0.0,16.0,1.0,0.1,0.1,1021.7,1021.7,1021.7,1021.7,1.0,0.0,16.0,1.0,0.1,0.1,,,,,,,,,,,,,,,,,,,,,,,,,,,,,,,2.2,2.2,2.2,2.2,1.0,0.0,16.0,1.0,0.1,0.1,13.6,13.6,13.6,13.6,1.0,0.0,16.0,1.0,0.1,0.1,6.57,6.57,6.57,6.57,1.0,0.0,16.0,1.0,0.1,0.1,40.7,40.7,40.7,40.7,1.0,0.0,16.0,1.0,0.1,0.1,-113.3,-113.3,-113.3,-113.3,1.0,0.0,16.0,1.0,0.1,0.1,65.4,65.4,65.4,65.4,1.0,0.0,16.0,1.0,0.1,0.1,-59.7,-59.7,-59.7,-59.7,1.0,0.0,16.0,1.0,0.1,0.1,34.5,34.5,34.5,34.5,1.0,0.0,16.0,1.0,0.1,0.1,-35.3,-35.3,-35.3,-35.3,1.0,0.0,16.0,1.0,0.1,0.1,20.4,20.4,20.4,20.4,1.0,0.0,16.0,1.0,0.1,0.1,238.5,238.5,238.5,238.5,1.0,0.0,16.0,1.0,0.1,0.1,240.0,240.0,240.0,240.0,1.0,0.0,16.0,1.0,0.1,0.1
1974,2,0.0,-28.0,22.25,22.35,22.45,22.35,2.0,0.21,22.0,0.5,0.5,0.9,22.41,22.85,23.29,22.85,2.0,0.92,22.0,0.5,0.5,0.9,12.76,12.76,12.76,12.76,1.0,0.0,24.0,0.0,0.5,0.8,77.1,77.1,77.1,77.1,1.0,0.0,24.0,0.0,0.8,5.19,5.6,6.01,5.6,2.0,0.85,22.0,0.5,0.5,0.9,-5.73,-4.71,-3.69,-4.71,2.0,2.11,22.0,0.5,0.5,0.9,-3.22,-1.92,-0.61,-1.92,2.0,2.71,22.0,0.5,0.5,0.9,1018.14,1018.65,1019.16,1018.65,2.0,1.06,22.0,0.5,0.5,0.9,0.6,2.0,3.4,2.0,2.0,2.8,22.0,0.5,0.5,0.9,-34.9,-27.3,-19.6,-27.3,2.0,15.8,22.0,0.5,0.5,0.9,-16.1,-9.6,-3.0,-9.6,2.0,13.5,22.0,0.5,0.5,0.9,-0.84,-0.5,-0.16,-0.5,2.0,0.71,22.0,0.5,0.5,0.9,-4.2,-2.5,-0.8,-2.5,2.0,3.5,22.0,0.5,0.5,0.9,3.83,3.83,3.83,3.83,1.0,0.0,24.0,0.0,0.5,0.8,23.7,23.7,23.7,23.7,1.0,0.0,24.0,0.0,0.5,0.8,-127.8,-106.6,-85.4,-106.6,2.0,43.9,22.0,0.5,0.5,0.9,-75.7,-45.0,-14.3,-45.0,2.0,63.6,22.0,0.5,0.5,0.9,-79.1,-79.1,-79.1,-79.1,1.0,0.0,24.0,0.0,0.5,0.8,0.0,0.0,0.0,0.0,1.0,0.0,24.0,0.0,0.5,0.8,-23.7,-23.7,-23.7,-23.7,1.0,0.0,24.0,0.0,0.5,0.8,0.0,0.0,0.0,0.0,1.0,0.0,24.0,0.0,0.5,0.8,143.0,181.5,220.5,181.5,2.0,80.0,22.0,0.5,0.5,0.9,145.0,180.0,220.0,180.0,2.0,80.0,22.0,0.5,0.5,0.9
1974,2,0.0,-27.0,22.5,22.5,22.5,22.5,1.0,0.0,22.0,0.0,0.3,0.9,22.0,22.0,22.0,22.0,1.0,0.0,22.0,0.0,0.3,0.9,15.0,15.0,15.0,15.0,1.0,0.0,22.0,0.0,0.3,0.9,91.2,91.2,91.2,91.2,1.0,0.0,22.0,0.0,0.9,3.6,3.6,3.6,3.6,1.0,0.0,22.0,0.0,0.3,0.9,3.6,3.6,3.6,3.6,1.0,0.0,22.0,0.0,0.3,0.9,0.0,0.0,0.0,0.0,1.0,0.0,22.0,0.0,0.3,0.9,1013.5,1013.5,1013.5,1013.5,1.0,0.0,22.0,0.0,0.3,0.9,8.0,8.0,8.0,8.0,1.0,0.0,22.0,0.0,0.3,0.9,13.0,13.0,13.0,13.0,1.0,0.0,22.0,0.0,0.3,0.9,0.0,0.0,0.0,0.0,1.0,0.0,22.0,0.0,0.3,0.9,0.5,0.5,0.5,0.5,1.0,0.0,22.0,0.0,0.3,0.9,1.8,1.8,1.8,1.8,1.0,0.0,22.0,0.0,0.3,0.9,1.98,1.98,1.98,1.98,1.0,0.0,22.0,0.0,0.3,0.9,7.1,7.1,7.1,7.1,1.0,0.0,22.0,0.0,0.3,0.9,79.2,79.2,79.2,79.2,1.0,0.0,22.0,0.0,0.3,0.9,0.0,0.0,0.0,0.0,1.0,0.0,22.0,0.0,0.3,0.9,54.0,54.0,54.0,54.0,1.0,0.0,22.0,0.0,0.3,0.9,0.0,0.0,0.0,0.0,1.0,0.0,22.0,0.0,0.3,0.9,7.1,7.1,7.1,7.1,1.0,0.0,22.0,0.0,0.3,0.9,0.0,0.0,0.0,0.0,1.0,0.0,22.0,0.0,0.3,0.9,46.5,46.5,46.5,46.5,1.0,0.0,22.0,0.0,0.3,0.9,45.0,45.0,45.0,45.0,1.0,0.0,22.0,0.0,0.3,0.9
1974,2,0.0,-26.0,22.55,23.3,23.78,23.17,3.0,0.91,24.0,0.3,0.5,0.5,21.1,21.3,22.67,21.87,3.0,1.25,24.0,0.3,0.5,0.5,13.45,13.46,14.79,14.11,3.0,1.13,24.0,0.3,0.5,0.5,86.1,86.9,87.1,86.6,3.0,0.8,24.0,0.3,0.5,3.92,4.6,4.6,4.27,3.0,0.58,24.0,0.3,0.5,0.5,-3.14,-2.3,-0.73,-1.94,3.0,1.79,24.0,0.3,0.5,0.5,-1.52,2.96,3.66,1.11,3.0,4.11,24.0,0.3,0.5,0.5,1015.43,1015.5,1016.52,1015.97,3.0,0.9,24.0,0.3,0.5,0.5,1.0,3.0,6.4,3.7,3.0,4.0,24.0,0.3,0.5,0.5,-14.4,-10.6,-3.4,-8.9,3.0,8.2,24.0,0.3,0.5,0.5,-4.5,13.6,16.8,6.3,3.0,16.9,24.0,0.3,0.5,0.5,0.38,1.2,2.22,1.3,3.0,1.35,24.0,0.3,0.5,0.5,1.8,5.5,10.2,6.0,3.0,6.2,24.0,0.3,0.5,0.5,2.61,3.18,4.5,3.54,3.0,1.42,24.0,0.3,0.5,0.5,10.4,14.6,20.7,15.5,3.0,7.6,24.0,0.3,0.5,0.5,-66.6,-48.3,-15.3,-41.1,3.0,38.0,24.0,0.3,0.5,0.5,-37.3,63.0,77.1,20.9,3.0,91.3,24.0,0.3,0.5,0.5,-42.2,-30.9,-9.8,-26.1,3.0,24.1,24.0,0.3,0.5,0.5,-25.3,39.8,49.2,12.6,3.0,59.4,24.0,0.3,0.5,0.5,-14.6,-7.3,-2.3,-8.4,3.0,9.1,24.0,0.3,0.5,0.5,-1.8,12.6,14.3,6.4,3.0,13.0,24.0,0.3,0.5,0.5,62.5,97.5,97.5,80.5,3.0,29.5,24.0,0.3,0.5,0.5,65.0,95.0,95.0,80.0,3.0,30.0,24.0,0.3,0.5,0.5
1974,2,0.0,-25.0,21.14,22.4,22.87,22.03,4.0,1.42,12.0,1.0,0.6,0.5,22.1,22.6,23.0,22.55,4.0,0.53,12.0,1.0,0.6,0.5,11.96,11.99,12.1,12.03,3.0,0.11,12.0,1.0,0.5,0.6,68.6,68.9,71.9,70.3,3.0,2.7,12.0,1.0,0.6,6.2,6.45,7.22,6.7,4.0,0.71,12.0,1.0,0.6,0.5,-5.65,-4.84,-3.16,-4.42,4.0,1.67,12.0,1.0,0.6,0.5,3.98,5.04,5.5,4.75,4.0,1.16,12.0,1.0,0.6,0.5,1013.84,1014.95,1016.11,1014.98,4.0,1.31,12.0,1.0,0.6,0.5,4.4,7.0,7.5,6.0,4.0,2.7,12.0,1.0,0.6,0.5,-39.6,-31.1,-20.6,-30.2,4.0,13.3,12.0,1.0,0.6,0.5,26.4,35.3,37.2,32.0,4.0,8.6,12.0,1.0,0.6,0.5,-1.33,-0.6,0.29,-0.52,4.0,1.27,12.0,1.0,0.6,0.5,-8.4,-3.9,2.7,-2.9,4.0,8.6,12.0,1.0,0.6,0.5,4.86,4.92,5.41,5.13,3.0,0.44,12.0,1.0,0.5,0.6,31.1,32.4,39.9,35.4,3.0,7.0,12.0,1.0,0.5,0.6,-127.4,-111.3,-71.6,-100.0,4.0,38.1,12.0,1.0,0.6,0.5,89.7,114.0,123.4,106.9,4.0,24.9,12.0,1.0,0.6,0.5,-69.3,-64.1,-55.6,-62.5,3.0,10.1,12.0,1.0,0.5,0.6,44.4,60.1,61.1,52.9,3.0,13.8,12.0,1.0,0.5,0.6,-31.1,-26.4,-22.6,-26.8,3.0,6.2,12.0,1.0,0.5,0.6,18.3,24.8,26.9,22.6,3.0,6.6,12.0,1.0,0.5,0.6,238.5,269.5,382.5,308.5,4.0,103.0,12.0,1.0,0.6,0.5,240.0,270.0,380.0,310.0,4.0,105.0,12.0,1.0,0.6,0.5
1974,2,0.0,-24.0,22.26,22.4,22.54,22.4,2.0,0.28,12.0,1.0,0.4,0.6,20.35,21.1,21.85,21.1,2.0,1.56,12.0,1.0,0.4,0.6,13.04,13.07,13.09,13.07,2.0,0.04,12.0,1.0,0.4,0.6,80.8,84.5,88.2,84.5,2.0,7.7,12.0,1.0,0.6,7.7,7.7,7.7,7.7,2.0,0.0,12.0,1.0,0.4,0.6,-6.03,-4.65,-3.27,-4.65,2.0,2.85,12.0,1.0,0.4,0.6,4.39,5.54,6.7,5.54,2.0,2.39,12.0,1.0,0.4,0.6,1015.87,1016.45,1017.03,1016.45,2.0,1.2,12.0,1.0,0.4,0.6,8.0,8.0,8.0,8.0,2.0,0.0,12.0,1.0,0.4,0.6,-46.4,-35.8,-25.2,-35.8,2.0,22.0,12.0,1.0,0.4,0.6,33.8,42.7,51.6,42.7,2.0,18.4,12.0,1.0,0.4,0.6,0.69,1.3,1.91,1.3,2.0,1.27,12.0,1.0,0.4,0.6,5.3,10.0,14.7,10.0,2.0,9.8,12.0,1.0,0.4,0.6,3.64,3.76,3.87,3.76,2.0,0.23,12.0,1.0,0.4,0.6,28.1,28.9,29.8,28.9,2.0,1.8,12.0,1.0,0.4,0.6,-132.9,-100.4,-67.8,-100.4,2.0,67.4,12.0,1.0,0.4,0.6,94.9,115.1,135.3,115.1,2.0,41.9,12.0,1.0,0.4,0.6,-78.9,-60.8,-42.7,-60.8,2.0,37.5,12.0,1.0,0.4,0.6,57.4,72.4,87.3,72.4,2.0,31.0,12.0,1.0,0.4,0.6,-23.5,-17.8,-12.1,-17.8,2.0,11.8,12.0,1.0,0.4,0.6,16.8,20.5,24.3,20.5,2.0,7.7,12.0,1.0,0.4,0.6,456.5,456.5,456.5,456.5,2.0,0.0,12.0,1.0,0.4,0.6,455.0,455.0,455.0,455.0,2.0,0.0,12.0,1.0,0.4,0.6
1974,2,0.0,-23.0,22.71,23.15,23.59,23.15,2.0,0.92,16.0,0.0,0.4,0.4,21.79,22.2,22.61,22.2,2.0,0.85,16.0,0.0,0.4,0.4,12.07,12.92,13.77,12.92,2.0,1.76,16.0,0.0,0.4,0.4,74.6,77.7,80.7,77.7,2.0,6.3,16.0,0.0,0.4,3.67,4.9,6.13,4.9,2.0,2.55,16.0,0.0,0.4,0.4,-4.78,-4.02,-3.27,-4.02,2.0,1.57,16.0,0.0,0.4,0.4,1.58,2.68,3.79,2.68,2.0,2.3,16.0,0.0,0.4,0.4,1014.89,1016.15,1017.41,1016.15,2.0,2.62,16.0,0.0,0.4,0.4,3.6,5.0,6.4,5.0,2.0,2.8,16.0,0.0,0.4,0.4,-30.4,-21.7,-13.1,-21.7,2.0,17.9,16.0,0.0,0.4,0.4,7.3,16.1,24.8,16.1,2.0,18.1,16.0,0.0,0.4,0.4,0.1,0.95,1.8,0.95,2.0,1.77,16.0,0.0,0.4,0.4,-0.6,2.4,5.4,2.4,2.0,6.2,16.0,0.0,0.4,0.4,3.4,4.71,6.02,4.71,2.0,2.71,16.0,0.0,0.4,0.4,19.0,19.6,20.3,19.6,2.0,1.3,16.0,0.0,0.4,0.4,-108.4,-90.0,-71.5,-90.0,2.0,38.3,16.0,0.0,0.4,0.4,34.9,60.5,86.2,60.5,2.0,53.2,16.0,0.0,0.4,0.4,-66.6,-53.3,-40.1,-53.3,2.0,27.4,16.0,0.0,0.4,0.4,20.1,36.7,53.3,36.7,2.0,34.4,16.0,0.0,0.4,0.4,-18.5,-16.8,-15.1,-16.8,2.0,3.5,16.0,0.0,0.4,0.4,7.8,9.5,11.2,9.5,2.0,3.5,16.0,0.0,0.4,0.4,73.0,165.5,258.0,165.5,2.0,191.5,16.0,0.0,0.4,0.4,75.0,165.0,260.0,165.0,2.0,190.0,16.0,0.0,0.4,0.4
1974,2,0.0,-22.0,21.53,22.35,23.72,22.32,6.0,1.49,18.0,0.2,0.5,0.7,22.05,22.5,23.64,22.68,6.0,1.07,18.0,0.2,0.5,0.7,11.18,11.77,12.13,11.79,6.0,0.78,18.0,0.2,0.5,0.7,63.7,67.9,77.0,69.3,6.0,7.3,18.0,0.2,0.7,4.42,5.1,7.75,5.94,5.0,1.94,16.0,0.2,0.6,0.7,-6.7,-3.91,-3.2,-4.7,5.0,1.9,16.0,0.2,0.6,0.7,2.78,3.14,4.12,3.49,5.0,1.22,16.0,0.2,0.6,0.7,1015.06,1015.5,1017.4,1016.48,6.0,2.76,18.0,0.2,0.5,0.7,6.0,7.0,8.0,7.0,6.0,0.9,18.0,0.2,0.5,0.7,-52.1,-19.9,-14.2,-30.7,5.0,21.2,16.0,0.2,0.6,0.7,13.3,16.7,29.0,21.9,5.0,15.1,16.0,0.2,0.6,0.7,-2.12,-0.15,1.73,-0.37,6.0,2.48,18.0,0.2,0.5,0.7,-16.7,0.0,11.5,-3.3,5.0,18.3,16.0,0.2,0.6,0.7,4.28,4.96,6.12,4.99,6.0,1.21,18.0,0.2,0.5,0.7,22.8,26.2,34.0,28.7,5.0,9.2,16.0,0.2,0.6,0.7,-154.1,-91.8,-70.6,-107.8,5.0,46.3,16.0,0.2,0.6,0.7,63.8,66.5,94.4,78.8,5.0,26.4,16.0,0.2,0.6,0.7,-80.5,-45.7,-35.8,-55.9,5.0,24.8,16.0,0.2,0.6,0.7,30.6,37.2,51.3,41.9,5.0,18.3,16.0,0.2,0.6,0.7,-26.0,-20.2,-17.6,-22.1,5.0,7.0,16.0,0.2,0.6,0.7,12.3,17.9,23.2,17.8,5.0,7.8,16.0,0.2,0.6,0.7,87.0,132.5,477.5,266.0,5.0,250.5,16.0,0.2,0.6,0.7,85.0,135.0,475.0,265.0,5.0,250.0,16.0,0.2,0.6,0.7
1974,2,0.0,-21.0,21.7,21.7,21.7,21.7,1.0,0.0,12.0,1.0,0.8,0.3,22.1,22.1,22.1,22.1,1.0,0.0,12.0,1.0,0.8,0.3,11.44,11.44,11.44,11.44,1.0,0.0,12.0,1.0,0.8,0.3,69.2,69.2,69.2,69.2,1.0,0.0,12.0,1.0,0.3,3.1,3.1,3.1,3.1,1.0,0.0,12.0,1.0,0.8,0.3,-1.99,-1.99,-1.99,-1.99,1.0,0.0,12.0,1.0,0.8,0.3,2.37,2.37,2.37,2.37,1.0,0.0,12.0,1.0,0.8,0.3,1011.8,1011.8,1011.8,1011.8,1.0,0.0,12.0,1.0,0.8,0.3,2.0,2.0,2.0,2.0,1.0,0.0,12.0,1.0,0.8,0.3,-6.2,-6.2,-6.2,-6.2,1.0,0.0,12.0,1.0,0.8,0.3,7.4,7.4,7.4,7.4,1.0,0.0,12.0,1.0,0.8,0.3,-0.4,-0.4,-0.4,-0.4,1.0,0.0,12.0,1.0,0.8,0.3,-1.2,-1.2,-1.2,-1.2,1.0,0.0,12.0,1.0,0.8,0.3,4.74,4.74,4.74,4.74,1.0,0.0,12.0,1.0,0.8,0.3,14.7,14.7,14.7,14.7,1.0,0.0,12.0,1.0,0.8,0.3,-44.0,-44.0,-44.0,-44.0,1.0,0.0,12.0,1.0,0.8,0.3,52.5,52.5,52.5,52.5,1.0,0.0,12.0,1.0,0.8,0.3,-22.8,-22.8,-22.8,-22.8,1.0,0.0,12.0,1.0,0.8,0.3,27.2,27.2,27.2,27.2,1.0,0.0,12.0,1.0,0.8,0.3,-9.4,-9.4,-9.4,-9.4,1.0,0.0,12.0,1.0,0.8,0.3,11.3,11.3,11.3,11.3,1.0,0.0,12.0,1.0,0.8,0.3,30.0,30.0,30.0,30.0,1.0,0.0,12.0,1.0,0.8,0.3,30.0,30.0,30.0,30.0,1.0,0.0,12.0,1.0,0.8,0.3
1974,2,0.0,-18.0,,,,,,,,,,,,,,,,,,,,,,,,,,,,,,,,,,,,,,,,6.0,6.0,6.0,6.0,1.0,0.0,6.0,1.0,0.1,0.4,-4.6,-4.6,-4.6,-4.6,1.0,0.0,6.0,1.0,0.1,0.4,3.86,3.86,3.86,3.86,1.0,0.0,6.0,1.0,0.1,0.4,1011.3,1011.3,1011.3,1011.3,1.0,0.0,6.0,1.0,0.1,0.4,,,,,,,,,,,,,,,,,,,,,,,,,,,,,,,,,,,,,,,,,,,,,,,,,,,,,,,,,,,,,,,,,,,,,,,,,,,,,,,,,,,,,,,,,,,,,,,,,,,,,,,,,,,,,,,,,,,,,,,,,,,,,,,,,,,,,,,,,,,,,,,,,,,,,,
1974,2,0.0,-17.0,23.0,23.0,23.0,23.0,1.0,0.0,14.0,0.0,0.2,0.2,23.0,23.0,23.0,23.0,1.0,0.0,14.0,0.0,0.2,0.2,16.06,16.06,16.06,16.06,1.0,0.0,14.0,0.0,0.2,0.2,91.8,91.8,91.8,91.8,1.0,0.0,14.0,0.0,0.2,4.6,4.6,4.6,4.6,1.0,0.0,14.0,0.0,0.2,0.2,0.0,0.0,0.0,0.0,1.0,0.0,14.0,0.0,0.2,0.2,4.6,4.6,4.6,4.6,1.0,0.0,14.0,0.0,0.2,0.2,1013.0,1013.0,1013.0,1013.0,1.0,0.0,14.0,0.0,0.2,0.2,4.0,4.0,4.0,4.0,1.0,0.0,14.0,0.0,0.2,0.2,0.0,0.0,0.0,0.0,1.0,0.0,14.0,0.0,0.2,0.2,21.2,21.2,21.2,21.2,1.0,0.0,14.0,0.0,0.2,0.2,0.0,0.0,0.0,0.0,1.0,0.0,14.0,0.0,0.2,0.2,0.0,0.0,0.0,0.0,1.0,0.0,14.0,0.0,0.2,0.2,1.45,1.45,1.45,1.45,1.0,0.0,14.0,0.0,0.2,0.2,6.6,6.6,6.6,6.6,1.0,0.0,14.0,0.0,0.2,0.2,0.0,0.0,0.0,0.0,1.0,0.0,14.0,0.0,0.2,0.2,105.8,105.8,105.8,105.8,1.0,0.0,14.0,0.0,0.2,0.2,0.0,0.0,0.0,0.0,1.0,0.0,14.0,0.0,0.2,0.2,73.9,73.9,73.9,73.9,1.0,0.0,14.0,0.0,0.2,0.2,0.0,0.0,0.0,0.0,1.0,0.0,14.0,0.0,0.2,0.2,6.6,6.6,6.6,6.6,1.0,0.0,14.0,0.0,0.2,0.2,97.5,97.5,97.5,97.5,1.0,0.0,14.0,0.0,0.2,0.2,95.0,95.0,95.0,95.0,1.0,0.0,14.0,0.0,0.2,0.2
1974,2,0.0,-16.0,24.85,25.0,25.75,25.24,5.0,0.55,14.0,1.0,0.7,0.4,22.82,24.3,25.76,24.3,5.0,1.58,14.0,1.0,0.7,0.4,11.73,13.89,15.68,13.71,4.0,2.29,12.0,1.0,0.7,0.3,63.4,72.8,82.2,72.8,4.0,14.1,12.0,1.0,0.3,2.2,5.0,6.41,4.58,5.0,2.78,14.0,1.0,0.7,0.4,-4.08,-2.55,-0.75,-2.55,5.0,2.04,14.0,1.0,0.7,0.4,2.07,3.83,5.24,3.75,5.0,2.01,14.0,1.0,0.7,0.4,1011.27,1013.0,1013.37,1012.36,5.0,1.44,14.0,1.0,0.7,0.4,2.0,4.0,5.5,4.0,5.0,2.4,14.0,1.0,0.7,0.4,-28.0,-13.0,-1.7,-16.2,5.0,19.3,14.0,1.0,0.7,0.4,4.8,19.2,35.5,21.6,5.0,22.0,14.0,1.0,0.7,0.4,-0.37,0.7,2.29,0.94,5.0,1.76,14.0,1.0,0.7,0.4,-1.7,3.5,4.6,1.5,5.0,4.6,14.0,1.0,0.7,0.4,3.85,6.51,9.04,6.45,4.0,3.0,12.0,1.0,0.7,0.3,11.1,17.3,52.4,31.1,4.0,33.3,12.0,1.0,0.7,0.3,-101.7,-66.8,-17.2,-63.9,5.0,52.5,14.0,1.0,0.7,0.4,47.3,93.1,135.5,93.3,5.0,53.7,14.0,1.0,0.7,0.4,-52.1,-26.9,-9.9,-30.8,4.0,26.0,12.0,1.0,0.7,0.3,27.3,53.7,72.3,50.0,4.0,27.2,12.0,1.0,0.7,0.3,-32.2,-7.6,-3.8,-17.5,4.0,23.0,12.0,1.0,0.7,0.3,10.4,15.5,41.1,25.3,4.0,24.6,12.0,1.0,0.7,0.3,12.5,125.0,324.5,187.5,5.0,270.0,14.0,1.0,0.7,0.4,10.0,125.0,325.0,185.0,5.0,270.0,14.0,1.0,0.7,0.4
1974,2,0.0,-15.0,24.0,25.15,26.07,25.15,22.0,1.03,12.0,0.6,0.5,0.6,23.83,24.7,26.47,24.92,22.0,1.43,12.0,0.6,0.5,0.5,13.56,14.38,15.2,14.36,11.0,1.12,10.0,0.6,0.4,0.5,71.5,76.2,82.0,76.1,11.0,6.3,10.0,0.6,0.5,4.0,5.0,6.61,5.12,23.0,2.22,12.0,0.7,0.5,0.5,-5.04,-2.57,-1.47,-3.34,23.0,2.41,12.0,0.7,0.5,0.5,1.38,3.86,4.96,3.37,23.0,1.74,12.0,0.7,0.5,0.5,1010.15,1011.1,1013.95,1011.9,23.0,2.06,12.0,0.7,0.5,0.5,2.0,4.0,6.5,4.0,23.0,2.3,12.0,0.7,0.5,0.5,-34.5,-13.0,-4.9,-21.4,23.0,26.2,12.0,0.7,0.5,0.5,5.3,19.9,26.0,19.5,23.0,16.0,12.0,0.7,0.5,0.5,-0.97,0.1,1.5,0.11,21.0,1.78,12.0,0.6,0.5,0.5,-5.1,0.4,8.1,-0.2,21.0,9.5,12.0,0.6,0.5,0.5,4.32,5.77,7.28,5.84,10.0,1.49,10.0,0.6,0.4,0.6,16.2,28.0,35.6,27.0,10.0,10.6,10.0,0.6,0.4,0.6,-125.0,-68.9,-35.2,-82.6,22.0,64.1,12.0,0.6,0.5,0.5,34.7,94.0,124.2,83.7,22.0,45.2,12.0,0.6,0.5,0.5,-53.6,-40.4,-23.0,-43.1,11.0,19.6,10.0,0.6,0.4,0.5,19.4,56.2,64.3,46.4,11.0,20.3,10.0,0.6,0.4,0.5,-27.7,-14.6,-9.2,-17.9,10.0,10.2,10.0,0.6,0.4,0.6,9.7,17.9,26.1,18.1,10.0,9.7,10.0,0.6,0.4,0.6,64.0,125.0,296.0,217.5,23.0,323.5,12.0,0.7,0.5,0.5,65.0,125.0,295.0,215.0,23.0,325.0,12.0,0.7,0.5,0.5
1974,2,0.0,-14.0,24.03,25.2,26.0,25.2,84.0,0.98,14.0,0.7,0.6,0.6,24.0,25.0,26.37,25.03,91.0,1.45,16.0,0.7,0.6,0.6,13.87,15.31,17.38,15.4,76.0,1.59,16.0,0.7,0.6,0.6,70.6,78.4,87.6,78.4,76.0,8.9,16.0,0.7,0.6,3.6,5.1,6.7,5.25,92.0,1.85,16.0,0.7,0.6,0.6,-4.32,-2.96,-1.39,-2.97,92.0,1.8,16.0,0.7,0.6,0.6,2.4,3.99,5.64,4.03,92.0,1.64,16.0,0.7,0.6,0.6,1009.9,1011.45,1013.3,1011.53,94.0,1.91,16.0,0.7,0.6,0.6,3.0,6.0,8.0,5.4,92.0,2.2,16.0,0.8,0.6,0.6,-28.9,-13.6,-5.3,-17.9,92.0,15.2,16.0,0.7,0.6,0.6,8.3,22.5,38.4,23.4,92.0,14.4,16.0,0.7,0.6,0.6,-1.21,0.6,1.51,0.21,82.0,1.46,14.0,0.7,0.6,0.6,-5.7,1.8,7.2,0.8,81.0,8.2,14.0,0.7,0.6,0.6,3.27,4.76,5.92,4.69,71.0,1.68,16.0,0.7,0.6,0.6,13.4,22.2,34.0,24.4,70.0,12.8,14.0,0.7,0.6,0.6,-107.0,-71.3,-37.0,-75.5,89.0,47.3,14.0,0.7,0.6,0.6,57.9,103.6,139.9,100.9,89.0,41.4,14.0,0.7,0.6,0.6,-65.8,-42.8,-21.7,-43.4,75.0,24.1,14.0,0.7,0.6,0.6,39.2,63.2,90.3,63.8,75.0,24.7,14.0,0.7,0.6,0.6,-19.1,-12.3,-7.0,-13.2,70.0,9.2,14.0,0.7,0.6,0.6,9.1,19.0,30.5,19.6,70.0,10.9,14.0,0.7,0.6,0.6,46.5,132.5,301.0,195.5,92.0,171.0,16.0,0.7,0.6,0.6,45.0,135.0,300.0,195.0,92.0,170.0,16.0,0.7,0.6,0.6
1974,2,0.0,-13.0,24.93,25.6,26.4,25.59,66.0,0.99,14.0,0.7,0.4,0.5,24.2,25.0,26.62,25.24,76.0,1.27,14.0,0.7,0.4,0.5,14.0,15.44,16.78,15.39,60.0,1.48,12.0,0.7,0.4,0.5,71.7,76.9,84.5,76.8,63.0,6.6,14.0,0.7,0.5,3.1,4.6,6.7,4.82,77.0,1.65,14.0,0.7,0.4,0.5,-4.49,-2.55,-1.17,-2.69,77.0,1.48,14.0,0.7,0.4,0.5,2.3,3.91,5.35,3.8,77.0,1.45,14.0,0.7,0.4,0.5,1009.38,1011.0,1013.0,1011.1,74.0,1.89,14.0,0.7,0.4,0.5,2.0,4.0,7.0,4.6,77.0,2.3,14.0,0.7,0.4,0.5,-29.4,-10.6,-3.7,-14.6,77.0,11.7,14.0,0.7,0.4,0.5,6.9,18.3,34.4,20.4,77.0,13.1,14.0,0.7,0.4,0.5,-0.6,0.6,1.4,0.38,64.0,1.41,14.0,0.7,0.4,0.5,-2.6,2.3,6.7,2.4,63.0,6.6,12.0,0.7,0.4,0.5,4.25,5.48,6.3,5.37,52.0,1.21,12.0,0.7,0.4,0.5,15.6,26.6,36.4,26.3,51.0,10.2,12.0,0.7,0.4,0.5,-106.4,-62.0,-30.2,-66.6,75.0,36.5,14.0,0.7,0.4,0.5,57.1,93.2,129.4,94.2,75.0,36.0,14.0,0.7,0.4,0.5,-68.4,-41.6,-17.0,-42.9,59.0,23.9,12.0,0.7,0.4,0.5,33.0,58.8,83.1,58.5,59.0,23.5,12.0,0.7,0.4,0.5,-22.5,-14.0,-5.1,-14.5,51.0,8.1,12.0,0.7,0.4,0.5,10.5,19.8,27.6,20.6,51.0,9.7,12.0,0.7,0.4,0.5,30.0,97.5,301.0,151.0,77.0,133.5,14.0,0.7,0.4,0.5,30.0,95.0,300.0,150.0,77.0,135.0,14.0,0.7,0.4,0.5
1974,2,0.0,-12.0,25.18,25.6,26.32,25.67,11.0,0.8,10.0,0.7,0.3,0.4,24.43,25.2,26.3,25.27,11.0,0.86,10.0,0.7,0.3,0.4,14.45,14.93,16.65,15.41,9.0,1.05,10.0,0.8,0.2,0.3,74.8,76.9,79.2,76.5,9.0,3.1,10.0,0.8,0.3,4.39,5.1,6.7,5.43,11.0,1.11,10.0,0.7,0.3,0.4,-4.15,-2.96,-2.0,-2.97,11.0,1.07,10.0,0.7,0.3,0.4,3.37,4.32,5.55,4.29,11.0,1.61,10.0,0.7,0.3,0.4,1010.27,1011.3,1012.13,1011.23,11.0,0.97,8.0,0.8,0.2,0.3,2.0,4.0,6.3,4.1,12.0,2.2,10.0,0.8,0.3,0.4,-24.6,-13.6,-9.7,-16.2,11.0,7.4,10.0,0.7,0.3,0.4,14.8,22.5,36.2,24.6,11.0,13.0,10.0,0.7,0.3,0.4,-0.16,0.25,1.11,0.4,10.0,0.65,12.0,0.7,0.3,0.4,-0.7,1.4,5.5,2.1,10.0,3.7,12.0,0.7,0.3,0.4,4.33,5.36,5.85,5.35,9.0,1.1,10.0,0.8,0.2,0.3,21.2,27.0,34.5,28.3,9.0,8.6,10.0,0.8,0.2,0.3,-105.2,-77.8,-50.3,-75.0,11.0,27.6,10.0,0.7,0.3,0.4,85.7,111.3,138.7,107.8,11.0,39.8,10.0,0.7,0.3,0.4,-65.1,-48.7,-34.8,-49.1,9.0,14.5,10.0,0.8,0.2,0.3,48.1,59.2,81.7,61.0,9.0,22.9,10.0,0.8,0.2,0.3,-22.8,-15.2,-13.4,-17.7,9.0,8.3,10.0,0.8,0.2,0.3,16.4,23.4,27.3,20.9,9.0,8.0,10.0,0.8,0.2,0.3,85.5,132.5,301.0,178.5,11.0,104.0,10.0,0.7,0.3,0.4,85.0,135.0,300.0,180.0,11.0,105.0,10.0,0.7,0.3,0.4
1974,2,0.0,-11.0,25.7,25.7,25.7,25.7,1.0,0.0,20.0,1.0,0.1,0.5,24.21,24.65,25.09,24.65,2.0,0.92,12.0,1.0,0.3,0.6,15.53,15.53,15.53,15.53,1.0,0.0,20.0,1.0,0.1,0.5,77.1,77.1,77.1,77.1,1.0,0.0,20.0,1.0,0.5,4.4,5.05,5.7,5.05,2.0,1.34,12.0,1.0,0.3,0.6,-2.94,-2.82,-2.69,-2.82,2.0,0.26,12.0,1.0,0.3,0.6,3.47,4.17,4.87,4.17,2.0,1.45,12.0,1.0,0.3,0.6,1010.61,1012.35,1014.09,1012.35,2.0,3.61,12.0,1.0,0.3,0.6,5.2,5.5,5.8,5.5,2.0,0.7,12.0,1.0,0.3,0.6,-16.9,-14.4,-11.9,-14.4,2.0,5.1,12.0,1.0,0.3,0.6,15.8,22.0,28.3,22.0,2.0,12.9,12.0,1.0,0.3,0.6,0.4,0.4,0.4,0.4,1.0,0.0,20.0,1.0,0.1,0.5,2.4,2.4,2.4,2.4,1.0,0.0,20.0,1.0,0.1,0.5,5.17,5.17,5.17,5.17,1.0,0.0,20.0,1.0,0.1,0.5,31.0,31.0,31.0,31.0,1.0,0.0,20.0,1.0,0.1,0.5,-73.9,-69.6,-65.3,-69.6,2.0,8.9,12.0,1.0,0.3,0.6,84.3,103.4,122.6,103.4,2.0,39.7,12.0,1.0,0.3,0.6,-46.6,-46.6,-46.6,-46.6,1.0,0.0,20.0,1.0,0.1,0.5,80.7,80.7,80.7,80.7,1.0,0.0,20.0,1.0,0.1,0.5,-15.5,-15.5,-15.5,-15.5,1.0,0.0,20.0,1.0,0.1,0.5,26.8,26.8,26.8,26.8,1.0,0.0,20.0,1.0,0.1,0.5,92.5,142.5,192.5,142.5,2.0,104.0,12.0,1.0,0.3,0.6,90.0,140.0,195.0,140.0,2.0,105.0,12.0,1.0,0.3,0.6
1974,2,0.0,-10.0,25.0,27.05,28.0,26.68,6.0,1.37,18.0,0.8,0.4,0.7,25.0,25.6,28.62,26.7,6.0,2.38,18.0,0.8,0.4,0.7,15.49,19.03,19.16,17.37,3.0,3.05,18.0,1.0,0.4,0.7,77.6,93.6,95.2,86.6,3.0,14.2,18.0,1.0,0.7,2.85,3.1,5.37,3.94,5.0,1.48,20.0,0.8,0.5,0.9,-1.99,-1.04,-0.55,-1.18,5.0,0.84,20.0,0.8,0.5,0.9,2.12,3.0,5.28,3.58,5.0,1.78,20.0,0.8,0.5,0.9,1009.28,1011.4,1012.62,1011.28,6.0,2.08,18.0,0.8,0.4,0.7,3.0,4.0,6.4,4.7,6.0,2.1,18.0,0.8,0.4,0.7,-6.2,-5.2,-2.8,-4.4,5.0,2.6,20.0,0.8,0.5,0.9,6.3,9.0,28.6,16.2,5.0,13.3,20.0,0.8,0.5,0.9,-3.0,0.7,1.81,-0.02,6.0,2.5,18.0,0.8,0.4,0.7,-12.3,3.9,7.8,-1.4,5.0,11.7,20.0,0.8,0.5,0.9,1.59,3.25,7.75,4.64,3.0,4.67,18.0,1.0,0.4,0.7,12.0,19.5,27.0,19.5,2.0,15.6,22.0,1.0,0.5,1.0,-50.2,-29.2,-14.1,-30.4,5.0,21.2,20.0,0.8,0.5,0.9,53.3,93.0,140.4,97.3,5.0,49.8,20.0,0.8,0.5,0.9,-36.6,-32.9,-29.3,-32.9,2.0,7.6,22.0,1.0,0.5,1.0,32.2,32.5,32.8,32.5,2.0,0.5,22.0,1.0,0.5,1.0,-17.5,-13.0,-8.6,-13.0,2.0,9.3,22.0,1.0,0.5,1.0,8.3,14.4,20.5,14.4,2.0,12.7,22.0,1.0,0.5,1.0,23.5,30.0,158.0,83.0,5.0,86.0,20.0,0.8,0.5,0.9,25.0,30.0,160.0,85.0,5.0,85.0,20.0,0.8,0.5,0.9
1974,2,0.0,-9.0,27.0,27.5,28.0,27.5,5.0,0.5,20.0,0.8,0.6,0.4,25.77,27.05,29.48,27.46,8.0,1.72,18.0,0.8,0.5,0.4,14.63,15.32,16.0,15.32,2.0,1.43,18.0,1.0,0.4,0.3,67.1,72.4,77.6,72.4,2.0,10.8,18.0,1.0,0.3,2.6,4.0,7.24,4.91,7.0,2.39,18.0,0.9,0.5,0.4,-5.16,-2.57,-1.59,-3.1,7.0,2.02,18.0,0.9,0.5,0.4,1.99,3.06,5.4,3.67,7.0,1.69,18.0,0.9,0.5,0.4,1009.3,1010.2,1011.61,1010.63,7.0,1.64,18.0,0.9,0.6,0.4,2.9,3.0,6.1,4.1,7.0,2.7,18.0,0.9,0.5,0.4,-39.8,-10.3,-4.1,-19.1,7.0,17.7,18.0,0.9,0.5,0.4,5.8,12.3,38.1,21.4,7.0,18.1,18.0,0.9,0.5,0.4,-2.22,-1.0,0.85,-0.76,5.0,1.63,20.0,0.8,0.6,0.4,-12.4,-5.0,-0.4,-6.3,4.0,8.8,24.0,1.0,0.7,0.4,9.41,9.41,9.41,9.41,1.0,0.0,16.0,1.0,0.2,0.4,24.5,24.5,24.5,24.5,1.0,0.0,16.0,1.0,0.2,0.4,-134.0,-73.3,-42.8,-86.1,7.0,54.8,18.0,0.9,0.5,0.4,57.6,87.3,157.6,101.0,7.0,45.9,18.0,0.9,0.5,0.4,-20.1,-12.0,-3.8,-12.0,2.0,16.9,18.0,1.0,0.4,0.3,30.7,35.5,40.2,35.5,2.0,9.9,18.0,1.0,0.4,0.3,-15.7,-15.7,-15.7,-15.7,1.0,0.0,16.0,1.0,0.2,0.4,18.8,18.8,18.8,18.8,1.0,0.0,16.0,1.0,0.2,0.4,17.5,64.0,380.0,193.5,7.0,209.0,18.0,0.9,0.5,0.4,20.0,65.0,380.0,195.0,7.0,210.0,18.0,0.9,0.5,0.4
1974,2,0.0,-8.0,,,,,,,,,,,,,,,,,,,,,,,,,,,,,,,,,,,,,,,,,,,,,,,,,,,,,,,,,,,,,,,,,,,,,,,,,,,,,,,,2.0,2.0,2.0,2.0,1.0,0.0,18.0,1.0,0.5,0.3,-1.2,-1.2,-1.2,-1.2,1.0,0.0,18.0,1.0,0.5,0.3,6.7,6.7,6.7,6.7,1.0,0.0,18.0,1.0,0.5,0.3,,,,,,,,,,,,,,,,,,,,,,,,,,,,,,,,,,,,,,,,,,,,,,,,,,,,,,,,,,,,,,,,,,,,,,,,,,,,,,,,,,,,,,,,,,,,,,,,,,,,,,,,,,,,,,,,,,,,,,,,
1974,2,0.0,-4.0,27.6,27.8,28.0,27.8,2.0,0.42,10.0,0.5,0.6,1.0,26.24,26.75,27.26,26.75,2.0,1.06,10.0,0.5,0.6,1.0,17.86,18.21,18.57,18.21,2.0,0.74,10.0,0.5,0.6,1.0,82.1,82.9,83.7,82.9,2.0,1.6,10.0,0.5,1.0,3.07,5.15,7.23,5.15,2.0,4.31,10.0,0.5,0.6,1.0,-1.2,-0.71,-0.23,-0.71,2.0,1.01,10.0,0.5,0.6,1.0,3.05,5.09,7.13,5.09,2.0,4.23,10.0,0.5,0.6,1.0,1009.3,1010.6,1011.9,1010.6,2.0,2.69,10.0,0.5,0.6,1.0,8.0,8.0,8.0,8.0,2.0,0.0,10.0,0.5,0.6,1.0,-9.8,-5.8,-1.9,-5.8,2.0,8.3,10.0,0.5,0.6,1.0,14.2,35.3,56.4,35.3,2.0,43.7,10.0,0.5,0.6,1.0,0.33,1.05,1.77,1.05,2.0,1.48,10.0,0.5,0.6,1.0,0.7,2.2,3.7,2.2,2.0,3.1,10.0,0.5,0.6,1.0,4.56,5.23,5.9,5.23,2.0,1.39,10.0,0.5,0.6,1.0,16.5,23.9,31.4,23.9,2.0,15.4,10.0,0.5,0.6,1.0,-32.9,-19.6,-6.2,-19.6,2.0,27.7,10.0,0.5,0.6,1.0,81.2,138.3,195.5,138.3,2.0,118.4,10.0,0.5,0.6,1.0,-22.4,-13.3,-4.2,-13.3,2.0,18.9,10.0,0.5,0.6,1.0,55.3,94.2,133.2,94.2,2.0,80.7,10.0,0.5,0.6,1.0,-5.1,-3.0,-1.0,-3.0,2.0,4.3,10.0,0.5,0.6,1.0,16.4,23.7,30.9,23.7,2.0,15.0,10.0,0.5,0.6,1.0,95.5,280.5,465.5,280.5,2.0,383.5,10.0,0.5,0.6,1.0,95.0,280.0,465.0,280.0,2.0,385.0,10.0,0.5,0.6,1.0
1974,2,0.0,-3.0,26.86,27.2,28.16,27.5,3.0,0.98,12.0,0.3,0.5,0.6,26.7,26.7,27.04,26.87,3.0,0.29,12.0,0.3,0.5,0.6,17.56,18.24,18.62,18.09,3.0,0.78,12.0,0.3,0.5,0.6,80.1,83.1,83.2,81.7,3.0,2.6,12.0,0.3,0.6,4.76,5.1,5.1,4.93,3.0,0.29,12.0,0.3,0.5,0.6,-1.07,0.0,0.6,-0.23,3.0,1.25,12.0,0.3,0.5,0.6,4.54,5.02,5.08,4.82,3.0,0.43,12.0,0.3,0.5,0.6,1009.02,1009.5,1009.64,1009.33,3.0,0.47,12.0,0.3,0.5,0.6,6.0,6.0,6.7,6.3,3.0,0.6,12.0,0.3,0.5,0.6,-4.9,0.0,3.1,-0.9,3.0,5.9,12.0,0.3,0.5,0.6,21.7,25.6,25.9,23.8,3.0,3.4,12.0,0.3,0.5,0.6,0.0,0.0,1.3,0.63,3.0,1.1,12.0,0.3,0.5,0.6,0.0,0.0,6.6,3.2,3.0,5.6,12.0,0.3,0.5,0.6,3.79,3.85,6.24,4.99,3.0,2.05,12.0,0.3,0.5,0.6,18.2,19.1,31.7,24.8,3.0,11.0,12.0,0.3,0.5,0.6,-29.2,0.0,16.1,-6.4,3.0,33.7,12.0,0.3,0.5,0.6,122.8,134.1,135.5,129.3,3.0,10.2,12.0,0.3,0.5,0.6,-20.2,0.0,10.4,-4.8,3.0,22.8,12.0,0.3,0.5,0.6,82.9,86.6,91.0,87.0,3.0,5.9,12.0,0.3,0.5,0.6,-4.1,0.0,4.4,0.1,3.0,6.3,12.0,0.3,0.5,0.6,17.4,19.1,31.3,24.2,3.0,11.1,12.0,0.3,0.5,0.6,108.5,132.5,132.5,121.0,3.0,20.5,12.0,0.3,0.5,0.6,110.0,135.0,135.0,120.0,3.0,20.0,12.0,0.3,0.5,0.6
1974,2,0.0,-2.0,27.8,27.8,27.8,27.8,1.0,0.0,6.0,0.0,0.4,0.1,26.9,26.9,26.9,26.9,1.0,0.0,6.0,0.0,0.4,0.1,19.27,19.27,19.27,19.27,1.0,0.0,6.0,0.0,0.4,0.1,86.7,86.7,86.7,86.7,1.0,0.0,6.0,0.0,0.1,4.1,4.1,4.1,4.1,1.0,0.0,6.0,0.0,0.4,0.1,-1.4,-1.4,-1.4,-1.4,1.0,0.0,6.0,0.0,0.4,0.1,3.85,3.85,3.85,3.85,1.0,0.0,6.0,0.0,0.4,0.1,1008.6,1008.6,1008.6,1008.6,1.0,0.0,6.0,0.0,0.4,0.1,8.0,8.0,8.0,8.0,1.0,0.0,6.0,0.0,0.4,0.1,-5.7,-5.7,-5.7,-5.7,1.0,0.0,6.0,0.0,0.4,0.1,15.8,15.8,15.8,15.8,1.0,0.0,6.0,0.0,0.4,0.1,0.9,0.9,0.9,0.9,1.0,0.0,6.0,0.0,0.4,0.1,3.7,3.7,3.7,3.7,1.0,0.0,6.0,0.0,0.4,0.1,4.22,4.22,4.22,4.22,1.0,0.0,6.0,0.0,0.4,0.1,17.3,17.3,17.3,17.3,1.0,0.0,6.0,0.0,0.4,0.1,-37.7,-37.7,-37.7,-37.7,1.0,0.0,6.0,0.0,0.4,0.1,103.6,103.6,103.6,103.6,1.0,0.0,6.0,0.0,0.4,0.1,-27.0,-27.0,-27.0,-27.0,1.0,0.0,6.0,0.0,0.4,0.1,74.2,74.2,74.2,74.2,1.0,0.0,6.0,0.0,0.4,0.1,-5.9,-5.9,-5.9,-5.9,1.0,0.0,6.0,0.0,0.4,0.1,16.2,16.2,16.2,16.2,1.0,0.0,6.0,0.0,0.4,0.1,69.0,69.0,69.0,69.0,1.0,0.0,6.0,0.0,0.4,0.1,70.0,70.0,70.0,70.0,1.0,0.0,6.0,0.0,0.4,0.1
1974,2,0.0,-1.0,28.3,28.3,28.3,28.3,1.0,0.0,2.0,1.0,0.4,0.8,27.83,27.9,27.97,27.9,2.0,0.14,12.0,0.5,0.4,0.6,18.22,18.88,19.55,18.88,2.0,1.38,12.0,0.5,0.4,0.6,77.7,80.2,82.6,80.2,2.0,5.1,12.0,0.5,0.6,3.1,3.1,3.1,3.1,2.0,0.0,12.0,0.5,0.4,0.6,1.06,1.06,1.06,1.06,2.0,0.0,12.0,0.5,0.4,0.6,2.91,2.91,2.91,2.91,2.0,0.0,12.0,0.5,0.4,0.6,1008.83,1008.9,1008.97,1008.9,2.0,0.14,12.0,0.5,0.4,0.6,4.6,6.0,7.4,6.0,2.0,2.8,12.0,0.5,0.4,0.6,3.3,3.3,3.3,3.3,2.0,0.0,12.0,0.5,0.4,0.6,9.0,9.0,9.0,9.0,2.0,0.0,12.0,0.5,0.4,0.6,0.5,0.5,0.5,0.5,1.0,0.0,2.0,1.0,0.4,0.8,1.6,1.6,1.6,1.6,1.0,0.0,2.0,1.0,0.4,0.8,6.28,6.28,6.28,6.28,1.0,0.0,2.0,1.0,0.4,0.8,19.5,19.5,19.5,19.5,1.0,0.0,2.0,1.0,0.4,0.8,29.5,29.6,29.7,29.6,2.0,0.1,12.0,0.5,0.4,0.6,81.1,81.3,81.5,81.3,2.0,0.4,12.0,0.5,0.4,0.6,19.3,20.0,20.7,20.0,2.0,1.5,12.0,0.5,0.4,0.6,53.1,55.0,56.9,55.0,2.0,4.0,12.0,0.5,0.4,0.6,6.7,6.7,6.7,6.7,1.0,0.0,2.0,1.0,0.4,0.8,18.3,18.3,18.3,18.3,1.0,0.0,2.0,1.0,0.4,0.8,30.0,30.0,30.0,30.0,2.0,0.0,12.0,0.5,0.4,0.6,30.0,30.0,30.0,30.0,2.0,0.0,12.0,0.5,0.4,0.6
1974,2,0.0,0.0,27.79,29.0,29.52,28.76,7.0,0.98,10.0,0.3,0.3,0.4,26.7,27.0,27.83,27.26,7.0,0.63,10.0,0.3,0.3,0.4,17.52,17.56,20.67,18.9,5.0,2.01,8.0,0.2,0.3,0.4,79.7,80.2,86.2,82.9,5.0,6.1,8.0,0.2,0.4,4.2,5.1,5.63,4.84,8.0,1.06,8.0,0.3,0.4,0.4,-2.22,0.0,1.98,0.08,8.0,1.96,8.0,0.3,0.4,0.4,3.91,4.68,5.1,4.5,8.0,0.95,8.0,0.3,0.4,0.4,1008.49,1010.0,1012.4,1010.04,7.0,2.18,8.0,0.3,0.4,0.4,3.0,5.5,6.0,4.9,8.0,2.0,8.0,0.3,0.4,0.4,-11.1,0.0,11.6,0.3,8.0,10.5,8.0,0.3,0.4,0.4,16.4,24.3,27.9,22.6,8.0,8.3,8.0,0.3,0.4,0.4,-0.02,1.8,2.81,1.5,7.0,1.45,10.0,0.3,0.3,0.4,-0.1,7.3,14.3,6.9,7.0,6.8,10.0,0.3,0.3,0.4,3.03,8.35,8.63,6.25,5.0,3.36,8.0,0.2,0.3,0.4,13.3,21.7,44.0,27.1,5.0,16.7,8.0,0.2,0.3,0.4,-3.8,0.0,56.4,12.2,7.0,49.5,10.0,0.3,0.3,0.4,107.5,136.2,138.4,123.2,7.0,27.6,10.0,0.3,0.3,0.4,-22.9,0.0,10.2,-7.0,5.0,33.4,8.0,0.2,0.3,0.4,65.3,89.4,96.5,82.0,5.0,23.3,8.0,0.2,0.3,0.4,-1.5,0.0,2.0,0.2,5.0,3.5,8.0,0.2,0.3,0.4,12.3,21.7,44.0,26.7,5.0,17.2,8.0,0.2,0.3,0.4,75.0,132.5,179.5,126.5,8.0,62.0,8.0,0.3,0.4,0.4,75.0,135.0,180.0,125.0,8.0,60.0,8.0,0.3,0.4,0.4
1974,2,0.0,1.0,27.2,28.45,28.86,28.05,4.0,1.21,18.0,0.0,0.4,0.5,27.84,28.7,30.03,28.93,4.0,1.34,18.0,0.0,0.4,0.5,18.84,19.43,20.41,19.62,3.0,1.16,14.0,0.0,0.3,0.6,75.5,75.6,77.5,76.5,3.0,1.7,14.0,0.0,0.6,4.08,5.3,6.37,5.23,4.0,1.39,18.0,0.0,0.4,0.5,-1.2,1.76,4.09,1.46,4.0,3.18,18.0,0.0,0.4,0.5,3.26,3.73,5.13,4.18,4.0,1.46,18.0,0.0,0.4,0.5,1006.89,1008.1,1009.05,1007.98,4.0,1.27,18.0,0.0,0.4,0.5,3.9,6.5,7.5,5.8,4.0,2.6,18.0,0.0,0.4,0.5,-8.0,8.1,22.2,7.1,4.0,18.8,18.0,0.0,0.4,0.5,13.3,18.4,33.1,23.0,4.0,13.6,18.0,0.0,0.4,0.5,-2.59,-0.25,0.78,-0.87,4.0,2.43,18.0,0.0,0.4,0.5,-9.6,-0.9,4.7,-2.4,4.0,9.8,18.0,0.0,0.4,0.5,2.15,5.39,5.44,3.83,3.0,2.77,14.0,0.0,0.3,0.6,9.4,24.8,32.9,21.2,3.0,17.4,14.0,0.0,0.3,0.6,-33.6,51.8,116.0,41.7,4.0,89.6,18.0,0.0,0.4,0.5,96.4,108.5,144.8,120.1,4.0,38.9,18.0,0.0,0.4,0.5,-29.1,0.0,46.7,8.6,3.0,56.0,14.0,0.0,0.3,0.6,63.1,75.1,103.7,83.2,3.0,30.6,14.0,0.0,0.3,0.6,-8.6,0.0,13.0,2.2,3.0,15.9,14.0,0.0,0.3,0.6,6.6,16.0,28.6,17.6,3.0,16.1,14.0,0.0,0.3,0.6,71.0,156.5,260.5,165.0,4.0,115.0,18.0,0.0,0.4,0.5,70.0,155.0,260.0,165.0,4.0,115.0,18.0,0.0,0.4,0.5
1974,2,0.0,3.0,27.32,28.0,28.96,28.13,3.0,1.21,16.0,0.3,0.5,0.5,27.32,28.0,28.68,28.0,3.0,1.0,16.0,0.3,0.5,0.5,17.84,18.47,19.1,18.47,2.0,1.31,8.0,0.0,0.4,0.6,74.3,78.8,80.8,77.6,3.0,4.9,16.0,0.3,0.5,0.32,1.0,3.8,2.03,3.0,2.7,16.0,0.3,0.5,0.5,0.24,0.77,3.72,1.96,3.0,2.75,16.0,0.3,0.5,0.5,0.0,0.0,0.44,0.21,3.0,0.37,16.0,0.3,0.5,0.5,1008.64,1009.6,1010.56,1009.6,2.0,1.98,8.0,0.0,0.4,0.6,1.0,3.0,3.7,2.3,3.0,2.1,16.0,0.3,0.5,0.5,0.2,0.8,18.0,8.9,3.0,14.8,16.0,0.3,0.5,0.5,0.0,0.0,0.4,0.2,3.0,0.4,16.0,0.3,0.5,0.5,-1.05,1.0,1.27,0.13,3.0,1.86,16.0,0.3,0.5,0.5,-7.0,0.0,1.0,-2.9,3.0,6.3,16.0,0.3,0.5,0.5,6.21,6.3,6.39,6.3,2.0,0.19,8.0,0.0,0.4,0.6,1.0,3.2,5.4,3.2,2.0,4.5,8.0,0.0,0.4,0.6,6.8,21.4,107.8,56.4,3.0,79.9,16.0,0.3,0.5,0.5,0.0,0.0,12.3,6.0,3.0,10.4,16.0,0.3,0.5,0.5,2.4,7.4,12.5,7.4,2.0,10.5,8.0,0.0,0.4,0.6,2.0,6.2,10.5,6.2,2.0,8.8,8.0,0.0,0.4,0.6,0.8,2.5,4.1,2.5,2.0,3.5,8.0,0.0,0.4,0.6,0.7,2.1,3.5,2.1,2.0,2.9,8.0,0.0,0.4,0.6,0.5,1.0,91.0,44.5,3.0,76.5,16.0,0.3,0.5,0.5,0.0,0.0,90.0,45.0,3.0,75.0,16.0,0.3,0.5,0.5
1974,2,0.0,4.0,27.6,27.9,28.48,28.15,8.0,0.84,18.0,0.1,0.6,0.3,27.33,27.75,27.99,27.9,8.0,0.92,18.0,0.1,0.6,0.3,18.91,19.16,20.58,19.63,6.0,1.13,16.0,0.2,0.7,0.3,81.5,84.4,88.4,84.9,6.0,4.8,16.0,0.2,0.3,2.77,4.6,5.9,4.46,8.0,2.03,18.0,0.1,0.6,0.3,0.67,1.46,4.83,1.88,8.0,2.46,18.0,0.1,0.6,0.3,0.95,3.07,4.29,3.15,8.0,2.33,18.0,0.1,0.6,0.3,1004.19,1007.9,1008.78,1006.91,7.0,2.52,16.0,0.1,0.7,0.3,2.0,4.0,7.8,4.4,8.0,2.9,18.0,0.1,0.6,0.3,0.8,8.8,24.3,9.7,8.0,13.5,18.0,0.1,0.6,0.3,1.4,15.4,19.7,16.8,8.0,18.5,18.0,0.1,0.6,0.3,0.01,0.25,0.5,0.25,8.0,0.28,18.0,0.1,0.6,0.3,0.0,0.7,2.2,1.1,8.0,1.5,18.0,0.1,0.6,0.3,3.02,3.99,4.44,3.89,6.0,0.98,16.0,0.2,0.7,0.3,6.2,16.1,19.9,14.5,6.0,7.8,16.0,0.2,0.7,0.3,18.3,40.7,133.3,53.9,8.0,70.0,18.0,0.1,0.6,0.3,26.1,88.7,119.1,88.2,8.0,65.0,18.0,0.1,0.6,0.3,0.7,24.2,61.7,28.6,6.0,48.4,16.0,0.2,0.7,0.3,11.6,56.7,76.6,47.3,6.0,32.9,16.0,0.2,0.7,0.3,-0.1,5.6,11.5,5.1,6.0,8.7,16.0,0.2,0.7,0.3,2.5,9.3,17.6,10.3,6.0,8.8,16.0,0.2,0.7,0.3,23.5,97.5,207.0,136.0,8.0,146.0,18.0,0.1,0.6,0.3,25.0,95.0,205.0,135.0,8.0,145.0,18.0,0.1,0.6,0.3
1974,2,0.0,5.0,27.22,27.75,28.44,27.83,6.0,0.76,20.0,0.2,0.5,0.4,26.71,27.15,28.26,27.27,6.0,1.03,20.0,0.2,0.5,0.4,17.91,18.98,20.52,19.15,6.0,1.35,20.0,0.2,0.5,0.4,78.9,85.2,90.4,84.4,6.0,6.7,20.0,0.2,0.4,2.6,3.35,5.34,4.12,6.0,2.14,20.0,0.2,0.5,0.4,0.84,2.12,4.25,2.43,6.0,1.92,20.0,0.2,0.5,0.4,1.59,2.61,4.15,3.01,6.0,1.8,20.0,0.2,0.5,0.4,1007.48,1008.3,1009.85,1008.7,6.0,1.44,20.0,0.2,0.5,0.4,0.0,4.5,7.2,4.0,6.0,3.7,20.0,0.2,0.5,0.4,2.6,5.5,23.5,12.6,6.0,16.2,20.0,0.2,0.5,0.4,4.1,9.8,20.9,15.3,6.0,18.1,20.0,0.2,0.5,0.4,-0.29,0.5,1.19,0.57,6.0,1.23,20.0,0.2,0.5,0.4,-0.9,1.5,6.9,2.5,6.0,4.2,20.0,0.2,0.5,0.4,3.07,4.69,5.45,4.4,6.0,1.46,20.0,0.2,0.5,0.4,8.5,16.3,24.7,18.7,6.0,12.9,20.0,0.2,0.5,0.4,21.5,59.1,116.0,66.9,6.0,53.9,20.0,0.2,0.5,0.4,45.1,68.3,113.7,82.4,6.0,51.1,20.0,0.2,0.5,0.4,15.1,41.0,78.4,46.3,6.0,37.7,20.0,0.2,0.5,0.4,29.3,46.7,84.8,58.3,6.0,37.2,20.0,0.2,0.5,0.4,5.3,8.7,19.4,11.5,6.0,9.7,20.0,0.2,0.5,0.4,7.2,9.2,21.3,13.6,6.0,10.5,20.0,0.2,0.5,0.4,17.5,38.0,191.0,126.5,6.0,210.0,20.0,0.2,0.5,0.4,20.0,40.0,190.0,125.0,6.0,210.0,20.0,0.2,0.5,0.4
1974,2,0.0,36.0,14.0,15.0,16.0,14.91,99.0,1.3,14.0,0.3,0.5,0.7,12.0,14.0,15.8,13.96,102.0,2.09,14.0,0.3,0.5,0.7,5.79,6.84,8.55,7.2,31.0,1.34,16.0,0.3,0.5,0.7,61.6,72.8,79.2,71.3,32.0,10.2,16.0,0.3,0.7,4.0,7.0,12.0,7.22,99.0,4.12,14.0,0.3,0.4,0.7,-2.01,4.42,9.86,4.12,99.0,5.79,14.0,0.3,0.4,0.7,-2.46,1.22,5.3,1.29,99.0,4.15,14.0,0.3,0.4,0.7,1009.28,1017.9,1021.68,1016.4,98.0,6.09,14.0,0.3,0.5,0.7,0.0,4.0,7.0,3.7,95.0,2.9,14.0,0.3,0.5,0.7,-4.8,24.4,110.4,47.2,99.0,71.5,14.0,0.3,0.4,0.7,-12.0,8.5,49.6,12.0,99.0,49.2,14.0,0.3,0.4,0.7,-1.24,1.0,3.04,0.91,99.0,2.45,14.0,0.3,0.5,0.7,-9.3,4.6,20.0,5.5,96.0,21.2,14.0,0.3,0.5,0.7,1.77,3.38,4.66,3.18,31.0,1.47,16.0,0.3,0.5,0.7,6.0,17.3,37.7,23.1,30.0,23.8,14.0,0.3,0.5,0.7,-28.2,61.6,142.1,60.1,99.0,83.9,14.0,0.3,0.4,0.7,-31.4,19.7,71.8,18.7,99.0,58.4,14.0,0.3,0.4,0.7,-23.3,25.0,83.7,26.9,30.0,45.6,14.0,0.3,0.5,0.7,-29.8,0.0,35.8,6.1,30.0,37.1,14.0,0.3,0.5,0.7,-16.2,4.7,32.9,10.1,30.0,26.3,14.0,0.3,0.5,0.7,-12.9,0.0,11.0,-2.5,30.0,17.7,14.0,0.3,0.5,0.7,64.0,343.0,1728.0,777.0,99.0,1170.0,14.0,0.3,0.4,0.7,65.0,345.0,1730.0,775.0,99.0,1170.0,14.0,0.3,0.4,0.7
1974,2,0.0,37.0,13.3,14.55,15.78,14.56,36.0,1.13,14.0,0.2,0.4,0.2,11.9,14.0,15.1,13.66,39.0,1.7,12.0,0.2,0.4,0.2,6.12,6.69,8.32,7.11,25.0,1.23,14.0,0.1,0.4,0.2,64.2,74.0,86.3,75.3,25.0,10.5,14.0,0.1,0.2,4.61,7.7,10.3,7.42,39.0,3.02,12.0,0.2,0.4,0.2,-3.97,3.66,8.07,2.58,39.0,6.09,12.0,0.2,0.4,0.2,-4.98,-1.22,4.62,-0.53,39.0,4.61,12.0,0.2,0.4,0.2,1008.79,1015.5,1019.03,1014.85,41.0,4.97,14.0,0.2,0.4,0.2,2.0,5.5,8.0,5.0,40.0,2.6,14.0,0.2,0.4,0.2,-18.2,21.7,81.1,22.7,39.0,61.2,12.0,0.2,0.4,0.2,-36.1,-2.8,38.1,-3.3,39.0,44.8,12.0,0.2,0.4,0.2,-0.26,1.0,2.76,0.99,35.0,1.57,12.0,0.2,0.4,0.2,-2.0,7.7,19.9,6.8,33.0,12.6,12.0,0.2,0.4,0.2,2.21,3.22,4.17,3.14,22.0,1.02,16.0,0.1,0.4,0.2,8.1,24.1,33.6,23.6,21.0,12.8,14.0,0.1,0.4,0.2,-47.3,65.4,128.9,45.7,37.0,83.0,12.0,0.2,0.4,0.2,-69.3,-8.2,68.4,-4.2,37.0,62.9,12.0,0.2,0.4,0.2,-43.7,26.4,60.8,14.5,24.0,47.6,14.0,0.1,0.4,0.2,-32.0,-5.9,39.2,-3.3,24.0,36.8,14.0,0.1,0.4,0.2,-22.1,5.4,24.0,4.1,21.0,22.6,14.0,0.1,0.4,0.2,-14.3,-4.6,10.7,-3.8,21.0,14.2,14.0,0.1,0.4,0.2,98.0,456.5,1092.5,604.5,39.0,615.5,12.0,0.2,0.4,0.2,100.0,455.0,1095.0,605.0,39.0,615.0,12.0,0.2,0.4,0.2
1974,2,0.0,38.0,12.48,13.55,15.0,13.75,32.0,1.18,18.0,0.3,0.3,0.4,12.0,12.9,14.95,13.14,34.0,1.71,18.0,0.4,0.3,0.4,5.31,6.21,7.21,6.39,25.0,1.3,18.0,0.3,0.4,0.4,57.3,65.6,76.5,66.8,27.0,11.9,18.0,0.3,0.4,2.14,8.0,12.14,7.26,33.0,4.73,18.0,0.4,0.3,0.4,-6.23,1.23,9.11,1.93,33.0,6.61,18.0,0.4,0.3,0.4,-6.75,-1.51,1.6,-2.39,33.0,4.82,18.0,0.4,0.3,0.4,1008.31,1015.95,1018.03,1014.98,32.0,5.83,18.0,0.3,0.3,0.4,0.0,2.0,7.8,3.3,34.0,3.1,18.0,0.4,0.3,0.4,-76.3,4.3,85.0,17.6,33.0,80.4,18.0,0.4,0.3,0.4,-67.2,-6.8,14.7,-29.1,33.0,64.2,18.0,0.4,0.3,0.4,-0.74,0.35,1.63,0.6,32.0,1.99,18.0,0.3,0.3,0.4,-3.8,1.2,18.7,8.6,30.0,24.7,18.0,0.4,0.3,0.4,2.42,3.19,4.3,3.3,25.0,1.14,18.0,0.3,0.4,0.4,3.3,19.7,41.6,25.0,24.0,24.0,16.0,0.3,0.3,0.4,-52.7,22.2,131.9,31.2,32.0,85.6,18.0,0.4,0.3,0.4,-87.5,-23.3,21.5,-28.1,32.0,59.9,18.0,0.4,0.3,0.4,-23.0,10.5,47.8,11.6,24.0,38.5,16.0,0.3,0.3,0.4,-45.0,-9.4,7.9,-14.7,24.0,29.7,16.0,0.3,0.3,0.4,-13.5,3.5,33.0,7.6,24.0,27.7,16.0,0.3,0.3,0.4,-22.8,-6.9,2.6,-10.3,24.0,17.1,16.0,0.3,0.3,0.4,10.0,512.0,1800.5,876.5,33.0,1321.5,18.0,0.4,0.3,0.4,10.0,510.0,1800.0,875.0,33.0,1320.0,18.0,0.4,0.3,0.4
1974,2,0.0,39.0,13.0,13.25,14.0,13.51,16.0,1.07,16.0,0.3,0.6,0.2,11.8,13.5,14.66,13.28,15.0,1.44,16.0,0.3,0.5,0.2,5.03,6.15,7.11,6.24,11.0,1.17,16.0,0.4,0.6,0.2,54.8,63.1,75.0,64.4,11.0,10.9,16.0,0.4,0.2,5.9,11.4,14.0,10.69,16.0,4.48,16.0,0.3,0.6,0.2,1.85,7.05,12.12,7.37,16.0,5.94,16.0,0.3,0.6,0.2,-9.71,-1.51,4.02,-2.65,16.0,6.43,16.0,0.3,0.6,0.2,1010.48,1015.5,1018.0,1014.66,16.0,4.38,16.0,0.3,0.6,0.2,0.4,3.5,8.0,4.0,16.0,3.2,16.0,0.3,0.6,0.2,10.7,82.5,153.6,98.9,16.0,96.3,16.0,0.3,0.6,0.2,-142.1,-15.4,34.5,-41.1,16.0,81.1,16.0,0.3,0.6,0.2,-1.5,0.7,1.36,0.27,15.0,1.6,16.0,0.3,0.5,0.2,-9.1,7.2,15.9,4.3,15.0,18.4,16.0,0.3,0.5,0.2,2.52,3.22,4.39,3.4,11.0,0.99,16.0,0.4,0.6,0.2,11.7,30.4,55.0,34.3,11.0,21.4,16.0,0.4,0.6,0.2,17.8,84.8,189.1,94.4,15.0,85.8,16.0,0.3,0.5,0.2,-118.7,-30.3,61.7,-35.6,15.0,83.5,16.0,0.3,0.5,0.2,2.0,40.0,86.2,44.6,11.0,47.9,16.0,0.4,0.6,0.2,-39.0,-7.8,19.4,-8.2,11.0,30.4,16.0,0.4,0.6,0.2,1.9,28.5,48.5,26.6,11.0,23.3,16.0,0.4,0.6,0.2,-25.8,-2.3,12.2,-6.1,11.0,19.7,16.0,0.4,0.6,0.2,224.0,1494.0,2744.0,1813.5,16.0,1806.0,16.0,0.3,0.6,0.2,225.0,1495.0,2745.0,1815.0,16.0,1805.0,16.0,0.3,0.6,0.2
1974,2,0.0,40.0,13.45,14.0,14.0,13.73,3.0,0.46,18.0,0.3,0.5,0.2,11.65,13.9,14.65,13.17,3.0,2.29,18.0,0.3,0.5,0.2,4.97,6.07,7.57,6.26,3.0,1.91,18.0,0.3,0.5,0.2,54.8,76.3,77.8,66.5,3.0,18.9,18.0,0.3,0.2,6.42,9.25,12.08,9.25,2.0,5.87,20.0,0.5,0.4,0.1,4.92,7.09,9.26,7.09,2.0,4.5,20.0,0.5,0.4,0.1,-7.77,-5.95,-4.12,-5.95,2.0,3.77,20.0,0.5,0.4,0.1,1001.42,1006.2,1013.57,1007.47,3.0,8.97,18.0,0.3,0.5,0.2,1.6,3.0,3.0,2.3,3.0,1.2,18.0,0.3,0.5,0.2,38.6,78.7,118.9,78.7,2.0,83.2,20.0,0.5,0.4,0.1,-99.8,-66.1,-32.4,-66.1,2.0,69.8,20.0,0.5,0.4,0.1,-0.9,-0.7,2.1,0.57,3.0,2.46,18.0,0.3,0.5,0.2,-8.7,-7.2,-5.8,-7.2,2.0,3.0,20.0,0.5,0.4,0.1,2.34,3.91,4.71,3.53,3.0,1.76,18.0,0.3,0.5,0.2,17.7,38.1,58.6,38.1,2.0,42.3,20.0,0.5,0.4,0.1,71.9,100.6,129.3,100.6,2.0,59.5,20.0,0.5,0.4,0.1,-108.5,-84.4,-60.4,-84.4,2.0,49.9,20.0,0.5,0.4,0.1,34.4,39.0,43.6,39.0,2.0,9.5,20.0,0.5,0.4,0.1,-36.6,-32.7,-28.9,-32.7,2.0,8.0,20.0,0.5,0.4,0.1,13.6,29.2,44.9,29.2,2.0,32.4,20.0,0.5,0.4,0.1,-37.6,-24.5,-11.4,-24.5,2.0,27.2,20.0,0.5,0.4,0.1,493.5,1269.5,2045.5,1269.5,2.0,1607.5,20.0,0.5,0.4,0.1,495.0,1270.0,2045.0,1270.0,2.0,1610.0,20.0,0.5,0.4,0.1
1974,2,0.0,49.0,5.98,8.1,9.4,7.7,3.0,2.52,6.0,0.3,0.1,0.7,6.16,6.5,8.21,7.17,3.0,1.61,6.0,0.3,0.1,0.7,5.68,5.68,5.68,5.68,1.0,0.0,12.0,0.0,0.3,0.7,78.2,78.2,78.2,78.2,1.0,0.0,12.0,0.0,0.7,8.54,14.0,17.07,12.83,3.0,6.33,6.0,0.3,0.1,0.7,3.42,3.86,6.0,4.69,3.0,2.03,6.0,0.3,0.1,0.7,-9.73,-4.6,10.98,0.5,3.0,15.8,6.0,0.3,0.1,0.7,992.92,1001.35,1009.78,1001.35,2.0,17.47,8.0,0.0,0.1,0.6,1.0,3.0,6.4,3.7,3.0,4.0,6.0,0.3,0.1,0.7,34.7,59.4,85.8,60.2,3.0,37.4,6.0,0.3,0.1,0.7,-124.6,-27.6,221.3,46.6,3.0,261.4,6.0,0.3,0.1,0.7,-0.97,-0.9,2.1,0.53,3.0,2.57,6.0,0.3,0.1,0.7,-15.8,-14.0,9.9,-3.2,3.0,21.0,6.0,0.3,0.1,0.7,1.16,1.16,1.16,1.16,1.0,0.0,12.0,0.0,0.3,0.7,21.5,21.5,21.5,21.5,1.0,0.0,12.0,0.0,0.3,0.7,26.3,28.9,37.8,32.0,3.0,8.9,6.0,0.3,0.1,0.7,-59.1,-29.9,102.4,20.4,3.0,126.1,6.0,0.3,0.1,0.7,18.3,18.3,18.3,18.3,1.0,0.0,12.0,0.0,0.3,0.7,103.6,103.6,103.6,103.6,1.0,0.0,12.0,0.0,0.3,0.7,3.7,3.7,3.7,3.7,1.0,0.0,12.0,0.0,0.3,0.7,21.2,21.2,21.2,21.2,1.0,0.0,12.0,0.0,0.3,0.7,1018.5,2744.0,5193.0,3097.0,3.0,3073.0,6.0,0.3,0.1,0.7,1020.0,2745.0,5195.0,3095.0,3.0,3075.0,6.0,0.3,0.1,0.7
1974,2,0.0,50.0,8.1,8.7,9.45,8.79,212.0,0.78,14.0,0.5,0.7,0.5,6.0,8.5,10.0,8.07,219.0,2.05,14.0,0.5,0.7,0.5,4.2,5.43,6.47,5.37,176.0,1.04,14.0,0.6,0.8,0.5,69.7,79.0,87.3,78.5,176.0,8.6,14.0,0.6,0.5,6.2,10.15,17.0,10.98,212.0,5.26,14.0,0.5,0.7,0.5,-6.11,0.53,9.41,1.65,212.0,7.69,14.0,0.5,0.7,0.5,-6.72,0.0,12.94,2.51,212.0,8.98,14.0,0.5,0.7,0.5,995.53,1009.4,1026.1,1009.83,220.0,15.19,14.0,0.5,0.7,0.5,2.0,7.0,8.0,5.7,200.0,2.8,14.0,0.6,0.7,0.5,-67.2,1.1,124.2,32.1,212.0,122.4,14.0,0.5,0.7,0.5,-62.6,0.0,197.7,50.1,212.0,142.9,14.0,0.5,0.7,0.5,-1.38,0.55,2.9,0.72,210.0,2.11,14.0,0.5,0.7,0.5,-14.8,4.3,29.4,6.5,201.0,23.8,14.0,0.5,0.8,0.5,0.48,1.61,2.68,1.58,174.0,0.99,14.0,0.6,0.8,0.5,4.1,15.7,29.4,17.3,169.0,13.1,16.0,0.6,0.8,0.5,-47.1,4.7,78.2,17.1,210.0,61.5,14.0,0.5,0.7,0.5,-51.0,0.0,122.3,27.9,210.0,78.4,14.0,0.5,0.7,0.5,-31.0,0.0,50.3,9.9,171.0,40.6,14.0,0.6,0.8,0.5,-33.1,0.0,79.1,16.5,171.0,52.3,14.0,0.6,0.8,0.5,-11.3,0.0,12.7,0.1,169.0,14.8,16.0,0.6,0.8,0.5,-14.5,0.0,14.2,-0.3,169.0,15.9,16.0,0.6,0.8,0.5,238.5,1046.5,4913.0,2281.0,212.0,2926.5,14.0,0.5,0.7,0.5,240.0,1045.0,4915.0,2280.0,212.0,2925.0,14.0,0.5,0.7,0.5
1974,2,0.0,51.0,,,,,,,,,,,,,,,,,,,,,,,,,,,,,,,,,,,,,,,,1.95,9.55,17.62,9.78,4.0,9.3,12.0,0.5,0.4,0.4,-0.73,6.5,16.03,7.6,4.0,9.89,12.0,0.5,0.4,0.4,-2.02,3.42,7.19,2.62,4.0,5.49,12.0,0.5,0.4,0.4,989.48,1009.95,1015.81,1002.98,4.0,19.25,12.0,0.5,0.4,0.4,,,,,,,,,,,,,,,,,,,,,,,,,,,,,,,,,,,,,,,,,,,,,,,,,,,,,,,,,,,,,,,,,,,,,,,,,,,,,,,,,,,,,,,,,,,,,,,,,,,,,,,,,,,,,,,,,,,,,,,,,,,,,,,,,,,,,,,,,,,,,,,,,,,,,,
1974,2,0.0,53.0,6.0,6.0,7.54,6.4,55.0,0.98,20.0,0.3,0.7,0.8,5.0,6.55,8.0,6.43,80.0,1.6,18.0,0.2,0.7,0.7,4.5,4.73,5.66,5.06,4.0,0.91,18.0,0.0,0.6,0.7,85.6,88.6,91.9,88.7,4.0,3.9,18.0,0.0,0.7,2.44,8.2,12.3,7.8,76.0,4.94,18.0,0.2,0.7,0.7,-6.01,0.83,8.66,1.72,76.0,6.24,18.0,0.2,0.7,0.7,-2.43,0.93,9.18,2.42,76.0,6.18,18.0,0.2,0.7,0.7,984.23,1023.1,1033.0,1013.95,60.0,22.61,20.0,0.2,0.7,0.8,0.7,8.0,8.0,5.8,62.0,3.1,18.0,0.3,0.6,0.7,-37.3,2.3,93.8,19.6,76.0,77.1,18.0,0.2,0.7,0.7,-8.9,3.9,94.0,30.5,76.0,82.3,18.0,0.2,0.7,0.7,-1.91,0.0,1.9,-0.08,51.0,2.01,20.0,0.3,0.7,0.8,-4.0,0.0,16.8,2.7,47.0,19.5,20.0,0.3,0.7,0.8,0.02,0.89,1.34,0.69,3.0,0.99,14.0,0.0,0.6,0.6,-2.2,6.8,15.2,6.5,3.0,12.7,14.0,0.0,0.6,0.6,-28.2,3.8,51.5,10.9,73.0,36.4,18.0,0.2,0.7,0.7,-12.1,7.3,50.5,18.5,73.0,40.1,18.0,0.2,0.7,0.7,-11.1,19.9,31.8,10.8,4.0,30.6,18.0,0.0,0.6,0.7,-41.2,-8.1,61.0,9.1,4.0,66.5,18.0,0.0,0.6,0.7,-0.7,2.3,7.3,3.2,3.0,5.9,14.0,0.0,0.6,0.6,-13.3,-6.4,-6.1,-9.7,3.0,6.0,14.0,0.0,0.6,0.6,16.0,551.5,1861.0,1039.0,76.0,1378.5,18.0,0.2,0.7,0.7,15.0,550.0,1860.0,1040.0,76.0,1380.0,18.0,0.2,0.7,0.7
1974,2,0.0,54.0,6.0,6.2,7.04,6.41,74.0,0.9,12.0,0.2,0.7,0.2,4.5,6.0,7.54,5.98,74.0,1.78,12.0,0.2,0.7,0.2,4.7,5.03,6.01,5.35,3.0,0.99,10.0,0.3,0.2,0.3,84.2,87.6,91.6,87.9,3.0,5.4,10.0,0.3,0.3,5.0,10.0,14.0,9.57,71.0,4.49,12.0,0.2,0.7,0.2,0.0,3.42,7.5,3.42,71.0,4.74,12.0,0.2,0.7,0.2,0.0,7.0,12.11,5.64,71.0,6.82,12.0,0.2,0.7,0.2,984.56,999.1,1018.8,999.89,73.0,16.12,12.0,0.2,0.7,0.2,3.0,7.0,8.0,6.1,49.0,2.5,12.0,0.3,0.7,0.2,0.0,27.6,98.0,37.9,71.0,64.0,12.0,0.2,0.7,0.2,0.0,66.3,166.5,62.4,71.0,97.2,12.0,0.2,0.7,0.2,-1.08,0.5,2.14,0.43,74.0,2.04,12.0,0.2,0.7,0.2,-10.8,1.8,19.9,4.2,71.0,21.2,12.0,0.2,0.7,0.2,0.08,1.19,1.39,0.75,3.0,1.03,10.0,0.3,0.2,0.3,-0.8,6.1,6.1,2.7,3.0,5.8,10.0,0.3,0.2,0.3,-1.5,18.5,50.6,20.1,71.0,29.5,12.0,0.2,0.7,0.2,0.0,37.6,75.6,36.8,71.0,43.4,12.0,0.2,0.7,0.2,-20.7,17.9,21.5,0.8,3.0,34.3,10.0,0.3,0.2,0.3,3.3,10.3,34.7,18.8,3.0,24.2,10.0,0.3,0.2,0.3,3.4,5.2,5.8,4.6,3.0,1.8,10.0,0.3,0.2,0.3,-2.1,0.0,2.1,0.0,3.0,3.1,10.0,0.3,0.2,0.3,125.0,1000.0,2744.0,1404.5,71.0,1314.5,12.0,0.2,0.7,0.2,125.0,1000.0,2745.0,1405.0,71.0,1315.0,12.0,0.2,0.7,0.2
1974,2,0.0,55.0,5.97,6.5,7.0,6.47,19.0,0.63,18.0,0.2,0.5,0.5,5.36,7.0,7.74,6.78,19.0,1.37,18.0,0.2,0.5,0.5,5.05,5.45,5.86,5.35,13.0,0.61,16.0,0.2,0.5,0.5,80.8,87.1,98.1,87.1,13.0,8.2,16.0,0.2,0.5,4.53,9.3,12.74,8.52,19.0,4.42,18.0,0.2,0.5,0.5,-6.2,-1.57,5.14,-0.4,19.0,6.77,18.0,0.2,0.5,0.5,-2.42,4.32,7.67,2.78,19.0,6.48,18.0,0.2,0.5,0.5,991.13,1007.7,1031.69,1009.94,19.0,20.81,18.0,0.2,0.5,0.5,3.0,7.5,8.0,6.0,16.0,2.5,18.0,0.2,0.5,0.5,-74.7,-7.2,54.6,-4.4,19.0,88.7,18.0,0.2,0.5,0.5,-10.4,19.9,89.9,35.5,19.0,83.1,18.0,0.2,0.5,0.5,-1.51,-0.7,0.96,-0.32,19.0,1.46,18.0,0.2,0.5,0.5,-14.2,-2.3,7.3,-1.3,19.0,14.7,18.0,0.2,0.5,0.5,0.24,0.65,1.03,0.73,13.0,0.58,16.0,0.2,0.5,0.5,1.7,3.7,10.5,6.1,13.0,5.6,16.0,0.2,0.5,0.5,-32.0,-10.9,32.4,-2.3,19.0,47.9,18.0,0.2,0.5,0.5,-18.5,28.5,49.0,18.7,19.0,40.7,18.0,0.2,0.5,0.5,-28.3,-8.6,25.4,-3.3,13.0,42.1,16.0,0.2,0.5,0.5,7.8,26.2,63.6,29.2,13.0,25.2,16.0,0.2,0.5,0.5,-3.0,-1.3,3.6,-0.9,13.0,4.7,16.0,0.2,0.5,0.5,0.4,2.3,9.9,4.4,13.0,5.3,16.0,0.2,0.5,0.5,93.5,804.5,2118.0,1128.5,19.0,1444.5,18.0,0.2,0.5,0.5,95.0,805.0,2120.0,1130.0,19.0,1445.0,18.0,0.2,0.5,0.5
1974,2,0.0,56.0,6.17,6.65,7.0,6.61,12.0,0.36,14.0,0.3,0.4,0.4,4.68,5.4,6.82,5.68,13.0,1.18,14.0,0.2,0.4,0.4,4.28,4.7,5.02,4.61,10.0,0.6,16.0,0.2,0.4,0.3,75.4,80.8,89.9,81.4,10.0,9.6,16.0,0.2,0.3,3.4,6.7,10.94,7.08,13.0,4.2,14.0,0.2,0.4,0.4,-5.51,0.0,4.92,-0.48,13.0,5.49,14.0,0.2,0.4,0.4,-0.98,4.31,8.03,3.41,13.0,5.38,14.0,0.2,0.4,0.4,994.42,1006.5,1022.92,1007.52,13.0,18.46,14.0,0.2,0.4,0.4,3.8,8.0,8.0,6.6,9.0,2.4,14.0,0.3,0.5,0.5,-41.1,0.0,35.7,-7.2,13.0,63.3,14.0,0.2,0.4,0.4,-2.0,28.9,90.1,34.7,13.0,64.0,14.0,0.2,0.4,0.4,-0.7,1.05,2.2,0.88,12.0,1.35,14.0,0.3,0.4,0.4,-2.2,6.8,16.5,6.2,12.0,12.2,14.0,0.3,0.4,0.4,1.04,1.39,1.98,1.45,10.0,0.65,16.0,0.2,0.4,0.3,2.8,10.2,20.1,11.6,10.0,9.4,16.0,0.2,0.4,0.3,-31.8,0.0,22.7,-0.8,13.0,35.1,14.0,0.2,0.4,0.4,-6.1,24.1,45.3,21.4,13.0,30.2,14.0,0.2,0.4,0.4,-21.5,-1.5,24.3,-0.4,10.0,27.0,16.0,0.2,0.4,0.3,-8.8,18.5,34.4,12.9,10.0,27.2,16.0,0.2,0.4,0.3,-12.9,-0.4,7.1,-2.7,10.0,9.7,16.0,0.2,0.4,0.3,-3.8,5.3,14.7,5.3,10.0,10.3,16.0,0.2,0.4,0.3,42.5,301.0,1317.0,724.5,13.0,1042.5,14.0,0.2,0.4,0.4,45.0,300.0,1315.0,725.0,13.0,1040.0,14.0,0.2,0.4,0.4
1974,2,0.0,57.0,6.18,6.3,7.13,6.63,6.0,0.73,16.0,0.8,0.4,0.3,5.18,5.45,5.79,5.55,6.0,0.5,16.0,0.8,0.4,0.3,4.33,4.49,4.9,4.61,4.0,0.37,20.0,0.8,0.2,0.2,78.7,83.1,89.3,83.9,4.0,6.5,20.0,0.8,0.2,1.67,5.4,10.6,5.97,6.0,4.88,16.0,0.8,0.4,0.3,-0.47,0.91,3.8,1.74,6.0,3.63,16.0,0.8,0.4,0.3,0.83,4.72,9.91,5.06,6.0,4.35,16.0,0.8,0.4,0.3,1013.17,1020.75,1021.68,1017.18,6.0,7.78,16.0,0.8,0.4,0.3,7.6,8.0,8.0,7.7,6.0,0.8,16.0,0.8,0.4,0.3,-3.2,1.9,30.7,17.7,6.0,44.6,16.0,0.8,0.4,0.3,1.7,27.5,105.7,47.5,6.0,54.2,16.0,0.8,0.4,0.3,0.76,1.05,1.5,1.08,6.0,0.37,16.0,0.8,0.4,0.3,1.7,7.3,11.3,7.0,6.0,5.7,16.0,0.8,0.4,0.3,0.94,1.31,1.51,1.23,4.0,0.36,20.0,0.8,0.2,0.2,1.1,4.3,8.2,4.6,4.0,4.4,20.0,0.8,0.2,0.2,-3.1,4.6,20.3,8.9,6.0,20.5,16.0,0.8,0.4,0.3,4.2,28.6,54.1,28.5,6.0,24.4,16.0,0.8,0.4,0.3,4.0,9.9,27.7,15.6,4.0,18.6,20.0,0.8,0.2,0.2,2.3,9.2,33.0,17.3,4.0,22.9,20.0,0.8,0.2,0.2,1.0,3.0,5.3,3.1,4.0,2.7,20.0,0.8,0.2,0.2,0.6,3.0,6.3,3.4,4.0,3.5,20.0,0.8,0.2,0.2,7.5,185.0,1237.0,587.5,6.0,852.5,16.0,0.8,0.4,0.3,5.0,185.0,1235.0,590.0,6.0,850.0,16.0,0.8,0.4,0.3
1974,2,0.0,58.0,6.6,6.9,7.92,7.09,16.0,0.57,14.0,0.4,0.4,0.3,5.19,7.0,7.79,6.69,16.0,1.45,14.0,0.4,0.4,0.3,4.79,5.68,5.82,5.38,11.0,0.59,16.0,0.4,0.5,0.4,81.1,86.0,91.8,85.9,11.0,5.7,16.0,0.4,0.4,8.38,9.8,12.27,10.57,15.0,3.35,14.0,0.3,0.4,0.3,0.78,7.51,9.65,6.02,15.0,5.29,14.0,0.3,0.4,0.3,2.25,5.27,8.63,5.27,15.0,5.86,14.0,0.3,0.4,0.3,1003.27,1010.05,1020.78,1009.14,16.0,13.11,14.0,0.4,0.4,0.3,5.4,7.0,8.0,6.6,16.0,1.7,14.0,0.4,0.4,0.3,3.6,73.6,103.7,56.0,15.0,68.3,14.0,0.3,0.4,0.3,15.9,43.2,81.0,65.8,15.0,99.5,14.0,0.3,0.4,0.3,-1.25,0.25,1.9,0.4,16.0,1.63,14.0,0.4,0.4,0.3,-13.4,3.7,19.3,4.4,15.0,18.2,14.0,0.3,0.4,0.3,0.23,0.63,1.41,0.77,11.0,0.64,16.0,0.4,0.5,0.4,2.5,5.3,22.8,10.5,10.0,12.0,16.0,0.3,0.5,0.4,4.9,46.0,80.1,43.0,15.0,39.3,14.0,0.3,0.4,0.3,17.0,23.5,58.1,31.0,15.0,35.3,14.0,0.3,0.4,0.3,7.9,46.7,62.8,37.7,10.0,32.2,16.0,0.3,0.5,0.4,-6.7,17.5,56.5,23.1,10.0,33.1,16.0,0.3,0.5,0.4,-3.3,2.6,8.5,2.0,10.0,6.7,16.0,0.3,0.5,0.4,0.3,2.5,19.3,7.7,10.0,12.4,16.0,0.3,0.5,0.4,591.0,941.0,1848.0,1539.5,15.0,1613.0,14.0,0.3,0.4,0.3,590.0,940.0,1850.0,1540.0,15.0,1615.0,14.0,0.3,0.4,0.3
1974,2,0.0,59.0,7.0,7.15,7.4,7.19,8.0,0.46,20.0,0.3,0.5,0.4,5.39,6.65,8.0,6.09,10.0,3.12,20.0,0.3,0.5,0.5,5.2,5.6,5.67,5.44,3.0,0.37,22.0,0.7,0.7,0.5,87.3,87.6,88.9,88.1,3.0,1.3,22.0,0.7,0.5,2.31,5.65,16.76,8.08,10.0,7.08,20.0,0.3,0.5,0.5,-5.2,0.4,5.8,0.28,10.0,7.0,20.0,0.3,0.5,0.5,-0.57,2.98,10.74,4.82,10.0,6.91,20.0,0.3,0.5,0.5,995.5,1017.9,1024.51,1012.23,10.0,14.46,20.0,0.3,0.5,0.5,4.9,8.0,8.0,6.8,10.0,2.1,20.0,0.3,0.5,0.5,-84.8,1.8,38.8,-18.0,10.0,109.9,20.0,0.3,0.5,0.5,-0.6,15.8,189.3,74.9,10.0,143.9,20.0,0.3,0.5,0.5,-0.98,0.0,1.81,1.05,8.0,3.42,20.0,0.3,0.5,0.4,-6.2,0.0,8.6,2.7,8.0,17.1,20.0,0.3,0.5,0.4,0.71,0.84,1.3,1.01,3.0,0.45,22.0,0.7,0.7,0.5,2.6,4.4,22.2,12.2,3.0,15.9,22.0,0.7,0.7,0.5,-30.3,2.3,44.8,8.6,10.0,50.5,20.0,0.3,0.5,0.5,0.9,18.9,61.9,29.4,10.0,40.1,20.0,0.3,0.5,0.5,-40.4,12.0,23.4,-8.0,3.0,49.9,22.0,0.7,0.7,0.5,7.7,24.1,60.4,33.8,3.0,39.5,22.0,0.7,0.7,0.5,-12.8,1.8,2.9,-4.8,3.0,12.8,22.0,0.7,0.7,0.5,0.9,2.8,16.9,8.7,3.0,12.8,22.0,0.7,0.7,0.5,13.0,199.0,5439.5,1892.5,10.0,3329.0,20.0,0.3,0.5,0.5,15.0,200.0,5440.0,1895.0,10.0,3330.0,20.0,0.3,0.5,0.5
1974,2,0.0,60.0,8.0,8.0,8.56,8.02,15.0,0.74,12.0,0.2,0.3,0.6,5.38,7.0,7.85,6.48,16.0,1.84,12.0,0.3,0.3,0.6,5.61,5.61,5.86,5.73,3.0,0.21,10.0,0.3,0.3,0.7,83.6,84.8,85.6,84.6,3.0,1.5,10.0,0.3,0.7,4.0,9.65,12.19,8.21,16.0,3.88,12.0,0.3,0.3,0.6,-4.57,-1.61,4.5,0.19,16.0,5.14,12.0,0.3,0.3,0.6,0.0,5.75,10.64,5.05,16.0,5.77,12.0,0.3,0.3,0.6,968.95,991.35,997.44,986.83,16.0,13.04,12.0,0.3,0.3,0.6,4.6,7.0,8.0,6.3,11.0,2.3,12.0,0.4,0.3,0.6,-38.3,-3.7,34.7,5.7,16.0,53.0,12.0,0.3,0.3,0.6,0.0,66.3,126.8,57.1,16.0,64.6,12.0,0.3,0.3,0.6,0.24,1.2,2.89,1.65,15.0,1.76,12.0,0.2,0.3,0.6,2.8,11.2,18.1,10.8,15.0,8.4,12.0,0.2,0.3,0.6,1.22,1.34,1.5,1.36,3.0,0.21,10.0,0.3,0.3,0.7,15.1,16.5,17.4,16.3,3.0,1.8,10.0,0.3,0.3,0.7,-25.8,-5.7,34.2,4.4,16.0,33.6,12.0,0.3,0.3,0.6,0.0,38.3,85.0,37.4,16.0,42.7,12.0,0.3,0.3,0.6,-11.0,12.0,12.5,1.0,3.0,19.7,10.0,0.3,0.3,0.7,62.2,68.0,71.0,66.6,3.0,6.5,10.0,0.3,0.3,0.7,-3.4,2.5,2.7,-0.2,3.0,5.1,10.0,0.3,0.3,0.7,14.8,16.3,16.6,15.7,3.0,1.4,10.0,0.3,0.3,0.7,64.0,902.0,1810.5,878.5,16.0,748.5,12.0,0.3,0.3,0.6,65.0,900.0,1810.0,880.0,16.0,750.0,12.0,0.3,0.3,0.6
1974,2,0.0,61.0,8.0,8.5,8.9,8.37,226.0,0.51,16.0,0.4,0.3,0.4,4.0,6.5,7.9,5.98,228.0,1.89,16.0,0.4,0.3,0.4,4.01,5.39,6.02,5.11,166.0,0.98,12.0,0.4,0.2,0.3,74.5,88.4,94.0,85.4,166.0,10.5,12.0,0.4,0.3,3.95,10.3,15.4,9.86,227.0,5.24,16.0,0.4,0.3,0.4,-6.94,2.44,9.0,1.64,227.0,7.52,16.0,0.4,0.3,0.4,-1.99,2.67,11.57,3.86,227.0,7.13,16.0,0.4,0.3,0.4,982.01,997.15,1024.19,1001.08,228.0,19.73,16.0,0.3,0.3,0.4,5.5,8.0,8.0,7.0,193.0,1.7,16.0,0.4,0.2,0.4,-73.9,9.6,104.5,19.9,227.0,103.9,16.0,0.4,0.3,0.4,-14.4,19.9,169.1,58.9,227.0,116.7,16.0,0.4,0.3,0.4,0.7,2.0,4.24,2.39,225.0,1.75,16.0,0.4,0.3,0.4,3.0,16.2,48.3,23.3,223.0,23.3,16.0,0.4,0.3,0.4,0.95,1.54,3.07,1.85,166.0,0.96,12.0,0.4,0.2,0.3,5.4,12.3,30.4,16.2,164.0,11.6,12.0,0.4,0.2,0.3,-36.2,10.4,60.9,13.6,226.0,47.2,16.0,0.4,0.3,0.4,-10.0,14.0,76.7,25.6,226.0,42.3,16.0,0.4,0.3,0.4,-41.6,0.0,41.6,3.2,164.0,40.3,12.0,0.4,0.2,0.3,-8.7,10.7,57.2,18.9,164.0,35.8,12.0,0.4,0.2,0.3,-18.2,0.0,7.8,-3.1,164.0,14.7,12.0,0.4,0.2,0.3,-4.4,3.3,13.1,4.2,164.0,12.6,12.0,0.4,0.2,0.3,61.5,1092.5,3652.5,1795.0,227.0,2242.0,16.0,0.4,0.3,0.4,60.0,1095.0,3650.0,1795.0,227.0,2240.0,16.0,0.4,0.3,0.4
1974,2,0.0,62.0,,,,,,,,,,,,,,,,,,,,,,,,,,,,,,,,,,,,,,,,6.0,13.9,16.0,11.76,13.0,4.58,14.0,0.2,0.6,0.3,-6.26,4.6,9.76,1.58,13.0,9.52,14.0,0.2,0.6,0.3,-2.47,4.79,12.48,5.35,13.0,6.82,14.0,0.2,0.6,0.3,989.99,996.5,1032.35,1003.01,13.0,20.35,14.0,0.2,0.6,0.3,,,,,,,,,,,,,,,,,,,,,,,,,,,,,,,,,,,,,,,,,,,,,,,,,,,,,,,,,,,,,,,,,,,,,,,,,,,,,,,,,,,,,,,,,,,,,,,,,,,,,,,,,,,,,,,,,,,,,,,,,,,,,,,,,,,,,,,,,,,,,,,,,,,,,,
1974,2,0.0,63.0,7.02,7.5,8.73,7.87,3.0,1.29,12.0,1.0,0.4,0.1,7.66,8.0,8.14,7.9,3.0,0.36,12.0,1.0,0.4,0.1,6.24,6.24,6.24,6.24,1.0,0.0,16.0,1.0,0.1,0.2,92.8,92.8,92.8,92.8,1.0,0.0,16.0,1.0,0.2,6.59,9.8,12.67,9.63,3.0,4.45,12.0,1.0,0.4,0.1,-3.27,0.0,4.3,0.5,3.0,5.56,12.0,1.0,0.4,0.1,5.86,7.51,11.36,8.59,3.0,4.14,12.0,1.0,0.4,0.1,998.5,1000.0,1011.47,1004.87,3.0,10.39,12.0,1.0,0.4,0.1,8.0,8.0,8.0,8.0,3.0,0.0,12.0,1.0,0.4,0.1,-45.8,0.0,42.1,-1.8,3.0,64.4,12.0,1.0,0.4,0.1,41.1,73.6,149.1,94.6,3.0,81.2,12.0,1.0,0.4,0.1,-0.64,-0.5,0.59,-0.03,3.0,0.99,12.0,1.0,0.4,0.1,-5.5,-2.5,9.7,2.0,3.0,11.8,12.0,1.0,0.4,0.1,0.26,0.26,0.26,0.26,1.0,0.0,16.0,1.0,0.1,0.2,1.3,1.3,1.3,1.3,1.0,0.0,16.0,1.0,0.1,0.2,-26.8,0.0,32.2,2.7,3.0,43.3,12.0,1.0,0.4,0.1,45.7,56.3,91.5,68.3,3.0,35.1,12.0,1.0,0.4,0.1,0.0,0.0,0.0,0.0,1.0,0.0,16.0,1.0,0.1,0.2,31.8,31.8,31.8,31.8,1.0,0.0,16.0,1.0,0.1,0.2,0.0,0.0,0.0,0.0,1.0,0.0,16.0,1.0,0.1,0.2,1.3,1.3,1.3,1.3,1.0,0.0,16.0,1.0,0.1,0.2,389.5,941.0,2172.0,1272.5,3.0,1337.0,12.0,1.0,0.4,0.1,390.0,940.0,2170.0,1275.0,3.0,1335.0,12.0,1.0,0.4,0.1
1974,2,0.0,65.0,,,,,,,,,,,,,,,,,,,,,,,,,,,,,,,,,,,,,,,,19.0,19.0,19.0,19.0,1.0,0.0,28.0,0.0,0.0,0.1,3.3,3.3,3.3,3.3,1.0,0.0,28.0,0.0,0.0,0.1,18.71,18.71,18.71,18.71,1.0,0.0,28.0,0.0,0.0,0.1,1018.7,1018.7,1018.7,1018.7,1.0,0.0,28.0,0.0,0.0,0.1,,,,,,,,,,,,,,,,,,,,,,,,,,,,,,,,,,,,,,,,,,,,,,,,,,,,,,,,,,,,,,,,,,,,,,,,,,,,,,,,,,,,,,,,,,,,,,,,,,,,,,,,,,,,,,,,,,,,,,,,,,,,,,,,,,,,,,,,,,,,,,,,,,,,,,
1974,2,0.0,66.0,,,,,,,,,,,,,,,,,,,,,,,,,,,,,,,,,,,,,,,,9.0,9.0,9.0,9.0,1.0,0.0,20.0,0.0,0.2,0.3,8.46,8.46,8.46,8.46,1.0,0.0,20.0,0.0,0.2,0.3,3.08,3.08,3.08,3.08,1.0,0.0,20.0,0.0,0.2,0.3,1012.1,1012.1,1012.1,1012.1,1.0,0.0,20.0,0.0,0.2,0.3,,,,,,,,,,,,,,,,,,,,,,,,,,,,,,,,,,,,,,,,,,,,,,,,,,,,,,,,,,,,,,,,,,,,,,,,,,,,,,,,,,,,,,,,,,,,,,,,,,,,,,,,,,,,,,,,,,,,,,,,,,,,,,,,,,,,,,,,,,,,,,,,,,,,,,
1974,2,0.0,68.0,,,,,,,,,,,,,,,,,,,,,,,,,,,,,,,,,,,,,,,,13.0,13.0,13.0,13.0,1.0,0.0,4.0,0.0,0.0,0.9,-9.96,-9.96,-9.96,-9.96,1.0,0.0,4.0,0.0,0.0,0.9,-8.36,-8.36,-8.36,-8.36,1.0,0.0,4.0,0.0,0.0,0.9,1015.2,1015.2,1015.2,1015.2,1.0,0.0,4.0,0.0,0.0,0.9,,,,,,,,,,,,,,,,,,,,,,,,,,,,,,,,,,,,,,,,,,,,,,,,,,,,,,,,,,,,,,,,,,,,,,,,,,,,,,,,,,,,,,,,,,,,,,,,,,,,,,,,,,,,,,,,,,,,,,,,,,,,,,,,,,,,,,,,,,,,,,,,,,,,,,
1974,2,0.0,71.0,4.6,4.6,4.6,4.6,1.0,0.0,20.0,0.0,0.5,0.2,4.6,4.6,4.6,4.6,1.0,0.0,20.0,0.0,0.5,0.2,5.02,5.02,5.02,5.02,1.0,0.0,20.0,0.0,0.5,0.2,95.9,95.9,95.9,95.9,1.0,0.0,20.0,0.0,0.2,10.8,10.8,10.8,10.8,1.0,0.0,20.0,0.0,0.5,0.2,-1.88,-1.88,-1.88,-1.88,1.0,0.0,20.0,0.0,0.5,0.2,10.64,10.64,10.64,10.64,1.0,0.0,20.0,0.0,0.5,0.2,1015.9,1015.9,1015.9,1015.9,1.0,0.0,20.0,0.0,0.5,0.2,8.0,8.0,8.0,8.0,1.0,0.0,20.0,0.0,0.5,0.2,-20.3,-20.3,-20.3,-20.3,1.0,0.0,20.0,0.0,0.5,0.2,114.9,114.9,114.9,114.9,1.0,0.0,20.0,0.0,0.5,0.2,0.0,0.0,0.0,0.0,1.0,0.0,20.0,0.0,0.5,0.2,0.0,0.0,0.0,0.0,1.0,0.0,20.0,0.0,0.5,0.2,0.22,0.22,0.22,0.22,1.0,0.0,20.0,0.0,0.5,0.2,2.3,2.3,2.3,2.3,1.0,0.0,20.0,0.0,0.5,0.2,-8.6,-8.6,-8.6,-8.6,1.0,0.0,20.0,0.0,0.5,0.2,48.9,48.9,48.9,48.9,1.0,0.0,20.0,0.0,0.5,0.2,-9.4,-9.4,-9.4,-9.4,1.0,0.0,20.0,0.0,0.5,0.2,53.4,53.4,53.4,53.4,1.0,0.0,20.0,0.0,0.5,0.2,-0.4,-0.4,-0.4,-0.4,1.0,0.0,20.0,0.0,0.5,0.2,2.3,2.3,2.3,2.3,1.0,0.0,20.0,0.0,0.5,0.2,1259.5,1259.5,1259.5,1259.5,1.0,0.0,20.0,0.0,0.5,0.2,1260.0,1260.0,1260.0,1260.0,1.0,0.0,20.0,0.0,0.5,0.2
1974,2,1.0,-70.0,1.1,1.1,1.1,1.1,1.0,0.0,6.0,1.0,0.5,0.4,-4.5,-4.5,-4.5,-4.5,1.0,0.0,6.0,1.0,0.5,0.4,2.48,2.48,2.48,2.48,1.0,0.0,6.0,1.0,0.5,0.4,88.6,88.6,88.6,88.6,1.0,0.0,6.0,1.0,0.4,5.7,5.7,5.7,5.7,1.0,0.0,6.0,1.0,0.5,0.4,5.36,5.36,5.36,5.36,1.0,0.0,6.0,1.0,0.5,0.4,1.95,1.95,1.95,1.95,1.0,0.0,6.0,1.0,0.5,0.4,978.0,978.0,978.0,978.0,1.0,0.0,6.0,1.0,0.5,0.4,7.0,7.0,7.0,7.0,1.0,0.0,6.0,1.0,0.5,0.4,30.5,30.5,30.5,30.5,1.0,0.0,6.0,1.0,0.5,0.4,11.1,11.1,11.1,11.1,1.0,0.0,6.0,1.0,0.5,0.4,5.6,5.6,5.6,5.6,1.0,0.0,6.0,1.0,0.5,0.4,31.9,31.9,31.9,31.9,1.0,0.0,6.0,1.0,0.5,0.4,1.75,1.75,1.75,1.75,1.0,0.0,6.0,1.0,0.5,0.4,10.0,10.0,10.0,10.0,1.0,0.0,6.0,1.0,0.5,0.4,-24.1,-24.1,-24.1,-24.1,1.0,0.0,6.0,1.0,0.5,0.4,-8.8,-8.8,-8.8,-8.8,1.0,0.0,6.0,1.0,0.5,0.4,13.3,13.3,13.3,13.3,1.0,0.0,6.0,1.0,0.5,0.4,4.8,4.8,4.8,4.8,1.0,0.0,6.0,1.0,0.5,0.4,9.4,9.4,9.4,9.4,1.0,0.0,6.0,1.0,0.5,0.4,3.4,3.4,3.4,3.4,1.0,0.0,6.0,1.0,0.5,0.4,185.0,185.0,185.0,185.0,1.0,0.0,6.0,1.0,0.5,0.4,185.0,185.0,185.0,185.0,1.0,0.0,6.0,1.0,0.5,0.4
1974,2,1.0,-67.0,,,,,,,,,,,,,,,,,,,,,,,,,,,,,,,,,,,,,,,,9.7,10.55,11.4,10.55,2.0,1.77,28.0,1.0,0.2,0.5,-7.51,-7.35,-7.2,-7.35,2.0,0.33,28.0,1.0,0.2,0.5,6.46,7.51,8.55,7.51,2.0,2.16,28.0,1.0,0.2,0.5,970.13,970.4,970.67,970.4,2.0,0.57,28.0,1.0,0.2,0.5,,,,,,,,,,,,,,,,,,,,,,,,,,,,,,,,,,,,,,,,,,,,,,,,,,,,,,,,,,,,,,,,,,,,,,,,,,,,,,,,,,,,,,,,,,,,,,,,,,,,,,,,,,,,,,,,,,,,,,,,,,,,,,,,,,,,,,,,,,,,,,,,,,,,,,
1974,2,1.0,-64.0,,,,,,,,,,,,,,,,,,,,,,,,,,,,,,,,,,,,,,,,6.2,6.2,6.2,6.2,2.0,0.0,28.0,0.0,0.2,0.5,-3.24,0.0,3.24,0.0,2.0,6.72,28.0,0.0,0.2,0.5,3.99,3.99,3.99,3.99,2.0,0.0,28.0,0.0,0.2,0.5,979.91,980.35,980.79,980.35,2.0,0.92,28.0,0.0,0.2,0.5,,,,,,,,,,,,,,,,,,,,,,,,,,,,,,,,,,,,,,,,,,,,,,,,,,,,,,,,,,,,,,,,,,,,,,,,,,,,,,,,,,,,,,,,,,,,,,,,,,,,,,,,,,,,,,,,,,,,,,,,,,,,,,,,,,,,,,,,,,,,,,,,,,,,,,
1974,2,1.0,-63.0,,,,,,,,,,,,,,,,,,,,,,,,,,,,,,,,,,,,,,,,3.42,4.1,4.78,4.1,2.0,1.41,28.0,1.0,0.3,0.4,3.13,3.19,3.25,3.19,2.0,0.13,28.0,1.0,0.3,0.4,0.62,1.95,3.29,1.95,2.0,2.76,28.0,1.0,0.3,0.4,983.37,984.15,984.94,984.15,2.0,1.63,28.0,1.0,0.3,0.4,,,,,,,,,,,,,,,,,,,,,,,,,,,,,,,,,,,,,,,,,,,,,,,,,,,,,,,,,,,,,,,,,,,,,,,,,,,,,,,,,,,,,,,,,,,,,,,,,,,,,,,,,,,,,,,,,,,,,,,,,,,,,,,,,,,,,,,,,,,,,,,,,,,,,,
1974,2,1.0,-62.0,,,,,,,,,,,,,,,,,,,,,,,,,,,,,,,,,,,,,,,,10.79,11.85,12.91,11.85,2.0,2.19,28.0,1.0,0.3,0.4,9.77,9.97,10.17,9.97,2.0,0.41,28.0,1.0,0.3,0.4,-7.81,-6.07,-4.33,-6.07,2.0,3.6,28.0,1.0,0.3,0.4,982.41,982.65,982.89,982.65,2.0,0.5,28.0,1.0,0.3,0.4,,,,,,,,,,,,,,,,,,,,,,,,,,,,,,,,,,,,,,,,,,,,,,,,,,,,,,,,,,,,,,,,,,,,,,,,,,,,,,,,,,,,,,,,,,,,,,,,,,,,,,,,,,,,,,,,,,,,,,,,,,,,,,,,,,,,,,,,,,,,,,,,,,,,,,
1974,2,1.0,-61.0,,,,,,,,,,,,,,,,,,,,,,,,,,,,,,,,,,,,,,,,12.9,12.9,12.9,12.9,1.0,0.0,28.0,1.0,0.5,0.1,9.88,9.88,9.88,9.88,1.0,0.0,28.0,1.0,0.5,0.1,-8.29,-8.29,-8.29,-8.29,1.0,0.0,28.0,1.0,0.5,0.1,981.0,981.0,981.0,981.0,1.0,0.0,28.0,1.0,0.5,0.1,,,,,,,,,,,,,,,,,,,,,,,,,,,,,,,,,,,,,,,,,,,,,,,,,,,,,,,,,,,,,,,,,,,,,,,,,,,,,,,,,,,,,,,,,,,,,,,,,,,,,,,,,,,,,,,,,,,,,,,,,,,,,,,,,,,,,,,,,,,,,,,,,,,,,,
1974,2,1.0,-59.0,-0.5,-0.5,-0.5,-0.5,1.0,0.0,14.0,1.0,0.5,0.9,0.0,0.0,0.0,0.0,1.0,0.0,14.0,1.0,0.5,0.9,3.07,3.07,3.07,3.07,1.0,0.0,14.0,1.0,0.5,0.9,80.2,80.2,80.2,80.2,1.0,0.0,14.0,1.0,0.9,12.3,12.3,12.3,12.3,1.0,0.0,14.0,1.0,0.5,0.9,9.42,9.42,9.42,9.42,1.0,0.0,14.0,1.0,0.5,0.9,-7.91,-7.91,-7.91,-7.91,1.0,0.0,14.0,1.0,0.5,0.9,999.7,999.7,999.7,999.7,1.0,0.0,14.0,1.0,0.5,0.9,8.0,8.0,8.0,8.0,1.0,0.0,14.0,1.0,0.5,0.9,115.9,115.9,115.9,115.9,1.0,0.0,14.0,1.0,0.5,0.9,-97.2,-97.2,-97.2,-97.2,1.0,0.0,14.0,1.0,0.5,0.9,-0.5,-0.5,-0.5,-0.5,1.0,0.0,14.0,1.0,0.5,0.9,-6.1,-6.1,-6.1,-6.1,1.0,0.0,14.0,1.0,0.5,0.9,0.62,0.62,0.62,0.62,1.0,0.0,14.0,1.0,0.5,0.9,7.6,7.6,7.6,7.6,1.0,0.0,14.0,1.0,0.5,0.9,0.0,0.0,0.0,0.0,1.0,0.0,14.0,1.0,0.5,0.9,0.0,0.0,0.0,0.0,1.0,0.0,14.0,1.0,0.5,0.9,28.9,28.9,28.9,28.9,1.0,0.0,14.0,1.0,0.5,0.9,-24.3,-24.3,-24.3,-24.3,1.0,0.0,14.0,1.0,0.5,0.9,5.9,5.9,5.9,5.9,1.0,0.0,14.0,1.0,0.5,0.9,-4.9,-4.9,-4.9,-4.9,1.0,0.0,14.0,1.0,0.5,0.9,1861.0,1861.0,1861.0,1861.0,1.0,0.0,14.0,1.0,0.5,0.9,1860.0,1860.0,1860.0,1860.0,1.0,0.0,14.0,1.0,0.5,0.9
1974,2,1.0,-57.0,,,,,,,,,,,,,,,,,,,,,,,,,,,,,,,,,,,,,,,,6.7,6.7,6.7,6.7,1.0,0.0,4.0,1.0,0.9,1.0,0.0,0.0,0.0,0.0,1.0,0.0,4.0,1.0,0.9,1.0,6.7,6.7,6.7,6.7,1.0,0.0,4.0,1.0,0.9,1.0,1003.5,1003.5,1003.5,1003.5,1.0,0.0,4.0,1.0,0.9,1.0,,,,,,,,,,,,,,,,,,,,,,,,,,,,,,,,,,,,,,,,,,,,,,,,,,,,,,,,,,,,,,,,,,,,,,,,,,,,,,,,,,,,,,,,,,,,,,,,,,,,,,,,,,,,,,,,,,,,,,,,,,,,,,,,,,,,,,,,,,,,,,,,,,,,,,
1974,2,1.0,-36.0,19.79,20.2,20.61,20.2,2.0,0.85,10.0,1.0,0.5,1.0,18.67,19.05,19.43,19.05,2.0,0.78,10.0,1.0,0.5,1.0,10.89,11.44,12.0,11.44,2.0,1.16,10.0,1.0,0.5,1.0,78.1,84.3,90.4,84.3,2.0,12.8,10.0,1.0,1.0,3.92,4.6,6.03,4.97,3.0,1.58,12.0,1.0,0.5,0.9,0.25,0.8,2.54,1.38,3.0,1.75,12.0,1.0,0.5,0.9,-1.95,3.6,5.1,1.62,3.0,5.44,12.0,1.0,0.5,0.9,1016.27,1019.0,1019.41,1017.87,3.0,2.5,12.0,1.0,0.5,0.9,7.0,7.0,7.7,7.3,3.0,0.6,12.0,1.0,0.5,0.9,1.2,3.7,16.5,8.7,3.0,12.0,12.0,1.0,0.5,0.9,-10.1,13.0,30.7,10.3,3.0,29.9,12.0,1.0,0.5,0.9,1.12,1.15,1.18,1.15,2.0,0.07,10.0,1.0,0.5,1.0,4.6,6.0,7.4,6.0,2.0,2.9,10.0,1.0,0.5,1.0,2.27,3.23,4.19,3.23,2.0,1.98,10.0,1.0,0.5,1.0,10.5,18.8,27.1,18.8,2.0,17.3,10.0,1.0,0.5,1.0,10.4,32.8,55.2,32.8,2.0,46.4,10.0,1.0,0.5,1.0,74.1,90.2,106.2,90.2,2.0,33.3,10.0,1.0,0.5,1.0,5.6,17.8,29.9,17.8,2.0,25.2,10.0,1.0,0.5,1.0,46.9,52.9,58.9,52.9,2.0,12.4,10.0,1.0,0.5,1.0,2.5,7.8,13.1,7.8,2.0,11.0,10.0,1.0,0.5,1.0,9.8,16.7,23.6,16.7,2.0,14.3,10.0,1.0,0.5,1.0,62.5,97.5,236.0,148.5,3.0,134.5,12.0,1.0,0.5,0.9,65.0,95.0,235.0,150.0,3.0,135.0,12.0,1.0,0.5,0.9
1974,2,1.0,-34.0,18.0,18.0,18.0,18.0,1.0,0.0,8.0,1.0,0.6,0.1,17.2,17.2,17.2,17.2,1.0,0.0,8.0,1.0,0.6,0.1,6.42,6.42,6.42,6.42,1.0,0.0,8.0,1.0,0.6,0.1,53.6,53.6,53.6,53.6,1.0,0.0,8.0,1.0,0.1,6.7,6.7,6.7,6.7,1.0,0.0,8.0,1.0,0.6,0.1,-4.31,-4.31,-4.31,-4.31,1.0,0.0,8.0,1.0,0.6,0.1,5.13,5.13,5.13,5.13,1.0,0.0,8.0,1.0,0.6,0.1,1026.0,1026.0,1026.0,1026.0,1.0,0.0,8.0,1.0,0.6,0.1,7.0,7.0,7.0,7.0,1.0,0.0,8.0,1.0,0.6,0.1,-28.9,-28.9,-28.9,-28.9,1.0,0.0,8.0,1.0,0.6,0.1,34.4,34.4,34.4,34.4,1.0,0.0,8.0,1.0,0.6,0.1,0.8,0.8,0.8,0.8,1.0,0.0,8.0,1.0,0.6,0.1,5.4,5.4,5.4,5.4,1.0,0.0,8.0,1.0,0.6,0.1,6.24,6.24,6.24,6.24,1.0,0.0,8.0,1.0,0.6,0.1,41.8,41.8,41.8,41.8,1.0,0.0,8.0,1.0,0.6,0.1,-74.1,-74.1,-74.1,-74.1,1.0,0.0,8.0,1.0,0.6,0.1,88.3,88.3,88.3,88.3,1.0,0.0,8.0,1.0,0.6,0.1,-27.7,-27.7,-27.7,-27.7,1.0,0.0,8.0,1.0,0.6,0.1,33.0,33.0,33.0,33.0,1.0,0.0,8.0,1.0,0.6,0.1,-26.9,-26.9,-26.9,-26.9,1.0,0.0,8.0,1.0,0.6,0.1,32.0,32.0,32.0,32.0,1.0,0.0,8.0,1.0,0.6,0.1,301.0,301.0,301.0,301.0,1.0,0.0,8.0,1.0,0.6,0.1,300.0,300.0,300.0,300.0,1.0,0.0,8.0,1.0,0.6,0.1
1974,2,1.0,-33.0,23.2,23.2,23.2,23.2,1.0,0.0,8.0,1.0,0.5,0.6,19.2,19.2,19.2,19.2,1.0,0.0,8.0,1.0,0.5,0.6,9.85,9.85,9.85,9.85,1.0,0.0,8.0,1.0,0.5,0.6,72.3,72.3,72.3,72.3,1.0,0.0,8.0,1.0,0.6,6.2,6.2,6.2,6.2,1.0,0.0,8.0,1.0,0.5,0.6,-5.83,-5.83,-5.83,-5.83,1.0,0.0,8.0,1.0,0.5,0.6,2.12,2.12,2.12,2.12,1.0,0.0,8.0,1.0,0.5,0.6,1026.3,1026.3,1026.3,1026.3,1.0,0.0,8.0,1.0,0.5,0.6,8.0,8.0,8.0,8.0,1.0,0.0,8.0,1.0,0.5,0.6,-36.1,-36.1,-36.1,-36.1,1.0,0.0,8.0,1.0,0.5,0.6,13.1,13.1,13.1,13.1,1.0,0.0,8.0,1.0,0.5,0.6,4.0,4.0,4.0,4.0,1.0,0.0,8.0,1.0,0.5,0.6,24.8,24.8,24.8,24.8,1.0,0.0,8.0,1.0,0.5,0.6,7.65,7.65,7.65,7.65,1.0,0.0,8.0,1.0,0.5,0.6,47.4,47.4,47.4,47.4,1.0,0.0,8.0,1.0,0.5,0.6,-111.9,-111.9,-111.9,-111.9,1.0,0.0,8.0,1.0,0.5,0.6,40.7,40.7,40.7,40.7,1.0,0.0,8.0,1.0,0.5,0.6,-57.4,-57.4,-57.4,-57.4,1.0,0.0,8.0,1.0,0.5,0.6,20.9,20.9,20.9,20.9,1.0,0.0,8.0,1.0,0.5,0.6,-44.6,-44.6,-44.6,-44.6,1.0,0.0,8.0,1.0,0.5,0.6,16.2,16.2,16.2,16.2,1.0,0.0,8.0,1.0,0.5,0.6,238.5,238.5,238.5,238.5,1.0,0.0,8.0,1.0,0.5,0.6,240.0,240.0,240.0,240.0,1.0,0.0,8.0,1.0,0.5,0.6
1974,2,1.0,-32.0,21.22,21.7,22.18,21.7,2.0,0.99,20.0,0.5,0.7,0.4,20.03,20.1,20.17,20.1,2.0,0.14,20.0,0.5,0.7,0.4,10.2,11.49,12.77,11.49,2.0,2.66,20.0,0.5,0.7,0.4,70.6,79.1,87.7,79.1,2.0,17.7,20.0,0.5,0.4,5.1,5.1,5.1,5.1,1.0,0.0,24.0,1.0,0.9,0.1,-3.28,-3.28,-3.28,-3.28,1.0,0.0,24.0,1.0,0.9,0.1,-3.91,-3.91,-3.91,-3.91,1.0,0.0,24.0,1.0,0.9,0.1,1019.29,1020.35,1021.41,1020.35,2.0,2.19,20.0,0.5,0.7,0.4,1.6,3.0,4.4,3.0,2.0,2.8,20.0,0.5,0.7,0.4,-16.7,-16.7,-16.7,-16.7,1.0,0.0,24.0,1.0,0.9,0.1,-19.9,-19.9,-19.9,-19.9,1.0,0.0,24.0,1.0,0.9,0.1,1.19,1.6,2.01,1.6,2.0,0.85,20.0,0.5,0.7,0.4,5.1,5.1,5.1,5.1,1.0,0.0,24.0,1.0,0.9,0.1,3.75,4.57,5.4,4.57,2.0,1.72,20.0,0.5,0.7,0.4,29.5,29.5,29.5,29.5,1.0,0.0,24.0,1.0,0.9,0.1,-65.6,-65.6,-65.6,-65.6,1.0,0.0,24.0,1.0,0.9,0.1,-78.1,-78.1,-78.1,-78.1,1.0,0.0,24.0,1.0,0.9,0.1,-31.5,-31.5,-31.5,-31.5,1.0,0.0,24.0,1.0,0.9,0.1,-37.5,-37.5,-37.5,-37.5,1.0,0.0,24.0,1.0,0.9,0.1,-19.0,-19.0,-19.0,-19.0,1.0,0.0,24.0,1.0,0.9,0.1,-22.6,-22.6,-22.6,-22.6,1.0,0.0,24.0,1.0,0.9,0.1,132.5,132.5,132.5,132.5,1.0,0.0,24.0,1.0,0.9,0.1,135.0,135.0,135.0,135.0,1.0,0.0,24.0,1.0,0.9,0.1
1974,2,1.0,-31.0,21.55,22.1,22.24,21.9,3.0,0.53,14.0,1.0,0.3,0.3,20.38,21.4,22.36,21.37,3.0,1.45,14.0,1.0,0.3,0.3,10.19,11.78,12.33,11.27,3.0,1.63,14.0,1.0,0.3,0.3,64.5,73.4,79.5,72.0,3.0,11.1,14.0,1.0,0.3,1.51,2.6,3.97,2.73,3.0,1.8,14.0,1.0,0.3,0.3,-3.81,-2.25,-1.36,-2.57,3.0,1.82,14.0,1.0,0.3,0.3,0.49,0.8,1.14,0.81,3.0,0.48,14.0,1.0,0.3,0.3,1020.18,1021.2,1022.09,1021.13,3.0,1.4,14.0,1.0,0.3,0.3,2.0,2.0,2.0,2.0,3.0,0.0,14.0,1.0,0.3,0.3,-16.1,-5.9,-2.5,-9.2,3.0,10.4,14.0,1.0,0.3,0.3,1.3,3.4,3.6,2.5,3.0,1.8,14.0,1.0,0.3,0.3,-0.37,-0.1,1.47,0.53,3.0,1.46,14.0,1.0,0.3,0.3,-1.7,-0.3,1.4,-0.1,3.0,2.3,14.0,1.0,0.3,0.3,4.27,4.65,5.69,4.97,3.0,1.08,14.0,1.0,0.3,0.3,8.3,16.1,17.9,13.2,3.0,7.5,14.0,1.0,0.3,0.3,-85.8,-48.2,-28.1,-56.7,3.0,42.9,14.0,1.0,0.3,0.3,10.4,18.2,24.8,17.6,3.0,10.5,14.0,1.0,0.3,0.3,-45.6,-21.3,-14.3,-29.8,3.0,24.1,14.0,1.0,0.3,0.3,5.9,10.0,11.6,8.8,3.0,4.3,14.0,1.0,0.3,0.3,-17.1,-13.9,-7.4,-12.3,3.0,7.2,14.0,1.0,0.3,0.3,2.1,3.3,6.5,4.3,3.0,3.3,14.0,1.0,0.3,0.3,6.5,17.5,72.0,38.5,3.0,51.5,14.0,1.0,0.3,0.3,5.0,20.0,70.0,40.0,3.0,50.0,14.0,1.0,0.3,0.3
1974,2,1.0,-30.0,22.8,22.8,22.8,22.8,1.0,0.0,16.0,1.0,0.2,0.5,22.8,22.8,22.8,22.8,1.0,0.0,16.0,1.0,0.2,0.5,11.85,11.85,11.85,11.85,1.0,0.0,16.0,1.0,0.2,0.5,69.3,69.3,69.3,69.3,1.0,0.0,16.0,1.0,0.5,6.2,6.2,6.2,6.2,1.0,0.0,16.0,1.0,0.2,0.5,-5.37,-5.37,-5.37,-5.37,1.0,0.0,16.0,1.0,0.2,0.5,3.1,3.1,3.1,3.1,1.0,0.0,16.0,1.0,0.2,0.5,1021.7,1021.7,1021.7,1021.7,1.0,0.0,16.0,1.0,0.2,0.5,3.0,3.0,3.0,3.0,1.0,0.0,16.0,1.0,0.2,0.5,-33.3,-33.3,-33.3,-33.3,1.0,0.0,16.0,1.0,0.2,0.5,19.2,19.2,19.2,19.2,1.0,0.0,16.0,1.0,0.2,0.5,0.0,0.0,0.0,0.0,1.0,0.0,16.0,1.0,0.2,0.5,0.0,0.0,0.0,0.0,1.0,0.0,16.0,1.0,0.2,0.5,5.3,5.3,5.3,5.3,1.0,0.0,16.0,1.0,0.2,0.5,32.8,32.8,32.8,32.8,1.0,0.0,16.0,1.0,0.2,0.5,-122.4,-122.4,-122.4,-122.4,1.0,0.0,16.0,1.0,0.2,0.5,70.7,70.7,70.7,70.7,1.0,0.0,16.0,1.0,0.2,0.5,-63.6,-63.6,-63.6,-63.6,1.0,0.0,16.0,1.0,0.2,0.5,36.7,36.7,36.7,36.7,1.0,0.0,16.0,1.0,0.2,0.5,-28.4,-28.4,-28.4,-28.4,1.0,0.0,16.0,1.0,0.2,0.5,16.4,16.4,16.4,16.4,1.0,0.0,16.0,1.0,0.2,0.5,238.5,238.5,238.5,238.5,1.0,0.0,16.0,1.0,0.2,0.5,240.0,240.0,240.0,240.0,1.0,0.0,16.0,1.0,0.2,0.5
1974,2,1.0,-29.0,20.85,21.4,21.95,21.4,2.0,1.13,14.0,0.5,0.3,0.6,20.61,20.85,21.09,20.85,2.0,0.49,14.0,0.5,0.3,0.6,10.7,10.79,10.87,10.79,2.0,0.17,14.0,0.5,0.3,0.6,69.4,71.0,72.7,71.0,2.0,3.5,14.0,0.5,0.6,4.43,5.15,5.87,5.15,2.0,1.48,14.0,0.5,0.3,0.6,-2.11,-2.09,-2.06,-2.09,2.0,0.05,14.0,0.5,0.3,0.6,3.91,4.69,5.46,4.69,2.0,1.61,14.0,0.5,0.3,0.6,1018.31,1019.4,1020.49,1019.4,2.0,2.26,14.0,0.5,0.3,0.6,7.2,7.5,7.8,7.5,2.0,0.7,14.0,0.5,0.3,0.6,-12.4,-10.8,-9.2,-10.8,2.0,3.4,14.0,0.5,0.3,0.6,18.0,25.3,32.7,25.3,2.0,15.2,14.0,0.5,0.3,0.6,-0.23,0.55,1.33,0.55,2.0,1.63,14.0,0.5,0.3,0.6,-2.0,1.6,5.3,1.6,2.0,7.6,14.0,0.5,0.3,0.6,4.56,4.99,5.43,4.99,2.0,0.9,14.0,0.5,0.3,0.6,23.7,25.1,26.4,25.1,2.0,2.8,14.0,0.5,0.3,0.6,-44.5,-43.5,-42.5,-43.5,2.0,2.1,14.0,0.5,0.3,0.6,80.8,98.2,115.5,98.2,2.0,35.9,14.0,0.5,0.3,0.6,-22.6,-22.5,-22.4,-22.5,2.0,0.2,14.0,0.5,0.3,0.6,42.5,50.4,58.4,50.4,2.0,16.5,14.0,0.5,0.3,0.6,-11.2,-10.4,-9.6,-10.4,2.0,1.6,14.0,0.5,0.3,0.6,20.8,22.7,24.5,22.7,2.0,3.8,14.0,0.5,0.3,0.6,96.0,153.5,211.5,153.5,2.0,120.0,14.0,0.5,0.3,0.6,95.0,155.0,210.0,155.0,2.0,120.0,14.0,0.5,0.3,0.6
1974,2,1.0,-28.0,26.2,26.2,26.2,26.2,1.0,0.0,26.0,1.0,0.6,0.6,20.6,21.9,23.2,21.9,2.0,2.69,24.0,1.0,0.4,0.8,13.56,14.25,14.93,14.25,2.0,1.41,24.0,1.0,0.4,0.8,84.5,87.2,89.8,87.2,2.0,5.5,24.0,1.0,0.8,3.68,3.85,4.02,3.85,2.0,0.35,24.0,1.0,0.4,0.8,3.64,3.73,3.81,3.73,2.0,0.18,24.0,1.0,0.4,0.8,0.22,0.7,1.18,0.7,2.0,0.99,24.0,1.0,0.4,0.8,1012.62,1013.95,1015.28,1013.95,2.0,2.76,24.0,1.0,0.4,0.8,2.0,2.0,2.0,2.0,1.0,0.0,26.0,1.0,0.6,0.6,13.4,14.4,15.3,14.4,2.0,2.0,24.0,1.0,0.4,0.8,0.9,2.9,4.8,2.9,2.0,4.1,24.0,1.0,0.4,0.8,2.4,2.4,2.4,2.4,1.0,0.0,26.0,1.0,0.6,0.6,9.8,9.8,9.8,9.8,1.0,0.0,26.0,1.0,0.6,0.6,5.95,5.95,5.95,5.95,1.0,0.0,26.0,1.0,0.6,0.6,24.4,24.4,24.4,24.4,1.0,0.0,26.0,1.0,0.6,0.6,75.1,81.8,88.6,81.8,2.0,13.9,24.0,1.0,0.4,0.8,5.3,16.7,28.1,16.7,2.0,23.6,24.0,1.0,0.4,0.8,49.4,53.2,57.0,53.2,2.0,7.8,24.0,1.0,0.4,0.8,3.4,10.7,18.0,10.7,2.0,15.1,24.0,1.0,0.4,0.8,22.9,22.9,22.9,22.9,1.0,0.0,26.0,1.0,0.6,0.6,8.3,8.3,8.3,8.3,1.0,0.0,26.0,1.0,0.6,0.6,50.0,58.0,65.5,58.0,2.0,15.5,24.0,1.0,0.4,0.8,50.0,60.0,65.0,60.0,2.0,15.0,24.0,1.0,0.4,0.8
1974,2,1.0,-27.0,21.45,22.0,22.55,22.0,3.0,0.8,18.0,1.0,0.6,0.6,21.6,22.9,22.97,22.3,3.0,1.13,18.0,1.0,0.6,0.6,11.33,12.22,12.51,11.93,3.0,0.9,18.0,1.0,0.6,0.6,65.6,70.3,78.2,71.9,3.0,9.4,18.0,1.0,0.6,3.42,4.1,6.56,4.97,3.0,2.42,18.0,1.0,0.6,0.6,-5.68,-3.55,-2.19,-3.92,3.0,2.58,18.0,1.0,0.6,0.6,2.25,2.68,3.48,2.86,3.0,0.91,18.0,1.0,0.6,0.6,1014.8,1016.3,1019.17,1016.97,3.0,3.25,18.0,1.0,0.6,0.6,2.6,4.0,6.0,4.3,3.0,2.5,18.0,1.0,0.6,0.6,-39.7,-14.6,-7.9,-23.6,3.0,24.5,18.0,1.0,0.6,0.6,8.3,8.4,22.9,15.5,3.0,12.3,18.0,1.0,0.6,0.6,-1.22,-0.2,0.62,-0.3,3.0,1.35,18.0,1.0,0.6,0.6,-9.2,-0.8,1.9,-3.6,3.0,8.4,18.0,1.0,0.6,0.6,4.07,4.64,4.9,4.49,3.0,0.62,18.0,1.0,0.6,0.6,14.6,20.6,30.9,22.7,3.0,12.1,18.0,1.0,0.6,0.6,-130.2,-81.7,-48.1,-89.0,3.0,60.4,18.0,1.0,0.6,0.6,50.1,56.4,78.1,63.9,3.0,21.5,18.0,1.0,0.6,0.6,-63.5,-43.4,-27.2,-45.3,3.0,26.6,18.0,1.0,0.6,0.6,27.9,34.0,39.5,33.7,3.0,8.5,18.0,1.0,0.6,0.6,-26.8,-17.8,-9.7,-18.2,3.0,12.5,18.0,1.0,0.6,0.6,10.2,10.3,15.5,12.8,3.0,4.4,18.0,1.0,0.6,0.6,42.0,69.0,333.5,185.0,3.0,236.0,18.0,1.0,0.6,0.6,40.0,70.0,335.0,185.0,3.0,235.0,18.0,1.0,0.6,0.6
1974,2,1.0,-26.0,21.8,22.0,22.89,22.33,3.0,0.85,16.0,0.7,0.6,0.7,21.19,21.6,22.08,21.63,3.0,0.65,16.0,0.7,0.6,0.7,12.7,12.74,12.77,12.74,2.0,0.08,20.0,0.5,0.4,0.7,77.4,80.0,82.0,79.7,3.0,3.4,16.0,0.7,0.7,5.61,6.7,6.7,6.17,3.0,0.92,16.0,0.7,0.6,0.7,-5.33,-4.31,-3.6,-4.46,3.0,1.27,16.0,0.7,0.6,0.7,3.53,3.91,4.74,4.13,3.0,0.91,16.0,0.7,0.6,0.7,1015.87,1016.65,1017.44,1016.65,2.0,1.63,20.0,0.5,0.4,0.7,3.8,5.5,7.2,5.5,2.0,3.5,14.0,1.0,0.4,0.5,-35.7,-28.9,-20.6,-28.1,3.0,11.1,16.0,0.7,0.6,0.7,20.7,22.4,30.6,25.6,3.0,7.7,16.0,0.7,0.6,0.7,0.39,1.0,1.0,0.7,3.0,0.52,16.0,0.7,0.6,0.7,2.5,6.7,6.7,4.6,3.0,3.6,16.0,0.7,0.6,0.7,3.86,4.35,4.84,4.35,2.0,1.01,20.0,0.5,0.4,0.7,25.9,29.2,32.4,29.2,2.0,6.8,20.0,0.5,0.4,0.7,-113.7,-96.0,-78.8,-96.2,3.0,25.5,16.0,0.7,0.6,0.7,74.8,84.4,104.9,89.7,3.0,22.5,16.0,0.7,0.6,0.7,-71.1,-64.4,-57.7,-64.4,2.0,13.9,20.0,0.5,0.4,0.7,46.4,54.0,61.6,54.0,2.0,15.7,20.0,0.5,0.4,0.7,-21.7,-21.5,-21.2,-21.5,2.0,0.5,20.0,0.5,0.4,0.7,14.4,19.1,23.8,19.1,2.0,9.8,20.0,0.5,0.4,0.7,186.0,301.0,301.0,244.5,3.0,97.0,16.0,0.7,0.6,0.7,185.0,300.0,300.0,245.0,3.0,95.0,16.0,0.7,0.6,0.7
1974,2,1.0,-25.0,21.29,21.9,22.51,21.9,2.0,1.27,8.0,0.5,0.4,0.5,21.91,22.8,24.1,23.0,3.0,1.61,12.0,0.3,0.4,0.4,12.36,12.93,13.5,12.93,2.0,1.18,8.0,0.5,0.4,0.5,76.7,78.1,79.5,78.1,2.0,2.9,8.0,0.5,0.5,5.02,7.0,7.14,6.1,3.0,1.73,12.0,0.3,0.4,0.4,-5.25,-3.14,-2.63,-3.92,3.0,2.04,12.0,0.3,0.4,0.4,2.94,3.6,5.63,4.27,3.0,2.06,12.0,0.3,0.4,0.4,1012.56,1014.4,1016.65,1014.6,3.0,3.01,12.0,0.3,0.4,0.4,6.3,7.0,7.7,7.0,3.0,1.0,12.0,0.3,0.4,0.4,-36.0,-16.8,-14.1,-24.8,3.0,17.5,12.0,0.3,0.4,0.4,15.6,25.9,39.7,27.6,3.0,17.7,12.0,0.3,0.4,0.4,-0.42,-0.25,-0.08,-0.25,2.0,0.35,8.0,0.5,0.4,0.5,-1.7,-1.0,-0.3,-1.0,2.0,1.4,8.0,0.5,0.4,0.5,3.38,3.41,3.44,3.41,2.0,0.06,8.0,0.5,0.4,0.5,15.5,19.3,23.1,19.3,2.0,7.8,8.0,0.5,0.4,0.5,-118.5,-67.5,-61.8,-89.6,3.0,45.7,12.0,0.3,0.4,0.4,64.7,82.1,137.0,100.4,3.0,55.2,12.0,0.3,0.4,0.4,-78.2,-61.9,-45.6,-61.9,2.0,33.8,8.0,0.5,0.4,0.5,34.7,40.7,46.8,40.7,2.0,12.5,8.0,0.5,0.4,0.5,-19.8,-16.0,-12.3,-16.0,2.0,7.7,8.0,0.5,0.4,0.5,9.4,10.6,11.9,10.6,2.0,2.5,8.0,0.5,0.4,0.5,156.0,343.0,363.5,261.5,3.0,167.5,12.0,0.3,0.4,0.4,155.0,345.0,365.0,260.0,3.0,170.0,12.0,0.3,0.4,0.4
1974,2,1.0,-24.0,20.71,21.7,22.63,21.68,4.0,1.36,14.0,0.8,0.5,0.7,21.29,21.75,24.62,22.9,4.0,2.76,14.0,0.8,0.5,0.7,13.12,13.2,13.72,13.41,4.0,0.52,14.0,0.8,0.5,0.7,71.6,81.3,84.1,78.0,4.0,9.4,14.0,0.8,0.7,4.81,7.2,7.96,6.43,4.0,2.3,14.0,0.8,0.5,0.7,-6.78,-5.71,-4.04,-5.43,4.0,1.8,14.0,0.8,0.5,0.7,1.54,3.47,4.81,3.19,4.0,2.08,14.0,0.8,0.5,0.7,1014.22,1015.9,1018.57,1016.38,4.0,2.78,14.0,0.8,0.5,0.7,7.0,7.5,8.0,7.5,4.0,0.6,14.0,0.8,0.5,0.7,-53.7,-42.9,-21.3,-37.8,4.0,21.0,14.0,0.8,0.5,0.7,10.5,24.6,36.4,23.5,4.0,17.4,14.0,0.8,0.5,0.7,-3.71,-0.05,1.15,-1.22,4.0,3.99,14.0,0.8,0.5,0.7,-30.4,-0.3,3.6,-12.8,4.0,29.9,14.0,0.8,0.5,0.7,1.44,3.01,3.97,2.72,4.0,1.81,14.0,0.8,0.5,0.7,7.9,17.6,21.6,14.9,4.0,9.1,14.0,0.8,0.5,0.7,-162.9,-134.2,-87.5,-125.6,4.0,47.4,14.0,0.8,0.5,0.7,32.9,75.7,119.7,76.3,4.0,55.7,14.0,0.8,0.5,0.7,-92.5,-78.0,-53.0,-73.0,4.0,25.0,14.0,0.8,0.5,0.7,20.3,45.5,65.9,43.2,4.0,29.1,14.0,0.8,0.5,0.7,-18.4,-15.4,-7.5,-13.1,4.0,7.9,14.0,0.8,0.5,0.7,1.9,4.8,10.9,6.3,4.0,5.8,14.0,0.8,0.5,0.7,159.0,378.5,506.0,334.5,4.0,228.0,14.0,0.8,0.5,0.7,160.0,380.0,505.0,335.0,4.0,230.0,14.0,0.8,0.5,0.7
1974,2,1.0,-23.0,21.89,22.2,23.26,22.52,5.0,0.82,22.0,1.0,0.6,0.4,21.19,22.5,22.79,22.1,6.0,1.21,20.0,1.0,0.6,0.5,11.56,13.22,13.81,12.79,6.0,1.17,20.0,1.0,0.6,0.5,68.3,78.1,84.4,77.9,6.0,10.5,20.0,1.0,0.5,4.79,6.2,8.03,6.35,6.0,2.01,20.0,1.0,0.6,0.5,-6.15,-5.08,-3.1,-4.52,6.0,2.5,20.0,1.0,0.6,0.5,3.34,3.63,5.16,4.14,6.0,1.09,20.0,1.0,0.6,0.5,1014.06,1014.35,1016.12,1015.45,6.0,2.83,20.0,1.0,0.6,0.5,4.6,6.0,8.0,6.0,6.0,1.9,20.0,1.0,0.6,0.5,-49.7,-31.9,-15.8,-32.6,6.0,22.9,20.0,1.0,0.6,0.5,15.9,21.7,41.7,27.8,6.0,16.1,20.0,1.0,0.6,0.5,-0.41,0.2,1.67,0.7,5.0,1.73,22.0,1.0,0.6,0.4,-2.6,1.1,13.7,6.4,5.0,15.8,22.0,1.0,0.6,0.4,3.1,4.27,4.7,3.97,5.0,1.01,22.0,1.0,0.6,0.4,14.5,26.4,33.7,25.1,5.0,11.5,22.0,1.0,0.6,0.4,-137.6,-113.3,-70.1,-99.0,6.0,53.6,20.0,1.0,0.6,0.5,77.8,79.9,113.1,90.6,6.0,19.6,20.0,1.0,0.6,0.5,-82.2,-61.0,-38.0,-57.7,6.0,33.5,20.0,1.0,0.6,0.5,40.0,46.4,69.0,53.4,6.0,17.2,20.0,1.0,0.6,0.5,-25.8,-20.2,-6.3,-16.9,5.0,12.2,22.0,1.0,0.6,0.4,12.8,17.0,21.7,17.2,5.0,6.6,22.0,1.0,0.6,0.4,115.0,243.0,528.5,321.0,6.0,276.5,20.0,1.0,0.6,0.5,115.0,245.0,530.0,320.0,6.0,275.0,20.0,1.0,0.6,0.5
1974,2,1.0,-22.0,20.79,22.5,24.21,22.5,3.0,2.5,20.0,0.7,0.2,0.3,22.0,22.5,23.47,22.73,4.0,0.91,22.0,0.8,0.2,0.4,10.77,12.63,15.99,13.36,3.0,3.87,20.0,0.7,0.2,0.3,65.7,77.1,89.1,77.4,3.0,17.1,20.0,0.7,0.3,5.62,6.45,6.96,6.3,4.0,0.9,22.0,0.8,0.2,0.4,-5.45,-5.25,-4.16,-4.82,4.0,1.04,22.0,0.8,0.2,0.4,3.48,4.11,4.48,3.99,4.0,0.66,22.0,0.8,0.2,0.4,1011.79,1013.5,1014.73,1013.27,3.0,2.16,20.0,0.7,0.2,0.3,6.0,7.5,8.0,7.0,4.0,1.4,22.0,0.8,0.2,0.4,-37.2,-33.8,-24.6,-31.0,4.0,9.9,22.0,0.8,0.2,0.4,19.6,24.4,31.2,25.3,4.0,6.9,22.0,0.8,0.2,0.4,-1.21,0.5,0.91,-0.13,3.0,1.64,20.0,0.7,0.2,0.3,-7.4,3.4,4.9,-1.1,3.0,9.8,20.0,0.7,0.2,0.3,2.0,2.27,5.54,3.74,3.0,2.89,20.0,0.7,0.2,0.3,11.6,11.6,36.0,23.5,3.0,20.6,20.0,0.7,0.2,0.3,-122.7,-115.5,-94.8,-109.1,4.0,21.3,22.0,0.8,0.2,0.4,80.2,94.1,100.9,90.7,4.0,16.1,22.0,0.8,0.2,0.4,-64.6,-57.5,-53.0,-58.7,3.0,8.6,20.0,0.7,0.2,0.3,40.3,42.7,60.3,50.1,3.0,16.1,20.0,0.7,0.2,0.3,-28.0,-10.1,-8.3,-17.9,3.0,15.9,20.0,0.7,0.2,0.3,6.8,8.9,23.6,15.0,3.0,13.4,20.0,0.7,0.2,0.3,183.0,269.5,338.5,261.0,4.0,102.0,22.0,0.8,0.2,0.4,185.0,270.0,340.0,260.0,4.0,100.0,22.0,0.8,0.2,0.4
1974,2,1.0,-21.0,25.0,25.0,25.0,25.0,1.0,0.0,10.0,0.0,0.2,0.5,22.5,22.5,22.5,22.5,1.0,0.0,10.0,0.0,0.2,0.5,12.9,12.9,12.9,12.9,1.0,0.0,10.0,0.0,0.2,0.5,76.2,76.2,76.2,76.2,1.0,0.0,10.0,0.0,0.5,6.2,6.2,6.2,6.2,1.0,0.0,10.0,0.0,0.2,0.5,-4.75,-4.75,-4.75,-4.75,1.0,0.0,10.0,0.0,0.2,0.5,3.99,3.99,3.99,3.99,1.0,0.0,10.0,0.0,0.2,0.5,1013.2,1013.2,1013.2,1013.2,1.0,0.0,10.0,0.0,0.2,0.5,8.0,8.0,8.0,8.0,1.0,0.0,10.0,0.0,0.2,0.5,-29.4,-29.4,-29.4,-29.4,1.0,0.0,10.0,0.0,0.2,0.5,24.7,24.7,24.7,24.7,1.0,0.0,10.0,0.0,0.2,0.5,2.5,2.5,2.5,2.5,1.0,0.0,10.0,0.0,0.2,0.5,15.5,15.5,15.5,15.5,1.0,0.0,10.0,0.0,0.2,0.5,6.87,6.87,6.87,6.87,1.0,0.0,10.0,0.0,0.2,0.5,42.6,42.6,42.6,42.6,1.0,0.0,10.0,0.0,0.2,0.5,-106.9,-106.9,-106.9,-106.9,1.0,0.0,10.0,0.0,0.2,0.5,89.7,89.7,89.7,89.7,1.0,0.0,10.0,0.0,0.2,0.5,-61.3,-61.3,-61.3,-61.3,1.0,0.0,10.0,0.0,0.2,0.5,51.4,51.4,51.4,51.4,1.0,0.0,10.0,0.0,0.2,0.5,-32.6,-32.6,-32.6,-32.6,1.0,0.0,10.0,0.0,0.2,0.5,27.4,27.4,27.4,27.4,1.0,0.0,10.0,0.0,0.2,0.5,238.5,238.5,238.5,238.5,1.0,0.0,10.0,0.0,0.2,0.5,240.0,240.0,240.0,240.0,1.0,0.0,10.0,0.0,0.2,0.5
1974,2,1.0,-19.0,23.51,24.6,25.56,24.53,3.0,1.5,12.0,0.7,0.3,0.7,22.91,24.0,26.73,24.8,3.0,2.88,12.0,0.7,0.3,0.7,13.44,14.55,14.62,14.04,3.0,0.97,12.0,0.7,0.3,0.7,64.3,69.6,81.4,72.7,3.0,12.8,12.0,0.7,0.7,3.42,4.1,4.44,3.93,3.0,0.76,12.0,0.7,0.3,0.7,-2.78,-1.99,-0.63,-1.71,3.0,1.59,12.0,0.7,0.3,0.7,2.46,2.64,3.98,3.2,3.0,1.22,12.0,0.7,0.3,0.7,1011.63,1011.7,1012.45,1012.03,3.0,0.67,12.0,0.7,0.3,0.7,5.6,7.0,7.0,6.3,3.0,1.2,12.0,0.7,0.3,0.7,-10.8,-6.2,-2.0,-6.4,3.0,6.4,12.0,0.7,0.3,0.7,8.5,10.8,17.9,13.1,3.0,7.2,12.0,0.7,0.3,0.7,-1.68,-1.0,1.18,-0.27,3.0,2.19,12.0,0.7,0.3,0.7,-5.7,-4.6,4.7,-0.6,3.0,8.4,12.0,0.7,0.3,0.7,4.63,4.67,5.89,5.25,3.0,1.05,12.0,0.7,0.3,0.7,19.4,20.0,20.8,20.1,3.0,1.0,12.0,0.7,0.3,0.7,-65.7,-55.8,-17.7,-42.0,3.0,37.1,12.0,0.7,0.3,0.7,61.4,66.5,96.5,78.6,3.0,27.8,12.0,0.7,0.3,0.7,-40.6,-29.0,-9.2,-25.0,3.0,23.3,12.0,0.7,0.3,0.7,35.8,38.6,52.8,44.2,3.0,13.4,12.0,0.7,0.3,0.7,-14.1,-12.9,-4.1,-9.2,3.0,8.0,12.0,0.7,0.3,0.7,13.3,15.3,19.4,16.3,3.0,4.5,12.0,0.7,0.3,0.7,42.0,69.0,88.5,65.5,3.0,34.0,12.0,0.7,0.3,0.7,40.0,70.0,90.0,65.0,3.0,35.0,12.0,0.7,0.3,0.7
1974,2,1.0,-17.0,23.5,24.2,25.0,24.29,11.0,0.75,12.0,1.0,0.6,0.7,22.43,23.75,25.8,24.12,10.0,2.11,12.0,1.0,0.7,0.7,12.96,13.69,15.4,14.09,7.0,1.42,10.0,1.0,0.6,0.6,74.0,77.5,83.6,79.2,7.0,8.7,10.0,1.0,0.6,3.19,5.0,6.08,4.68,11.0,1.94,12.0,1.0,0.6,0.7,-3.89,-2.64,-1.15,-2.54,11.0,1.73,12.0,1.0,0.6,0.7,0.92,3.55,5.48,3.5,11.0,2.07,12.0,1.0,0.6,0.7,1010.17,1011.8,1013.59,1011.94,11.0,1.86,12.0,1.0,0.6,0.7,3.3,7.0,8.0,5.9,11.0,2.7,12.0,1.0,0.6,0.7,-21.9,-12.3,-4.0,-13.9,11.0,12.5,12.0,1.0,0.6,0.7,3.1,12.9,33.5,19.3,11.0,16.1,12.0,1.0,0.6,0.7,-1.14,0.45,1.71,0.1,10.0,2.13,12.0,1.0,0.7,0.7,-5.7,1.8,9.1,0.9,10.0,9.4,12.0,1.0,0.7,0.7,3.29,5.24,6.14,4.84,7.0,1.43,10.0,1.0,0.6,0.6,18.4,25.1,32.9,25.2,7.0,11.7,10.0,1.0,0.6,0.6,-105.9,-62.1,-27.8,-64.0,10.0,44.4,12.0,1.0,0.7,0.7,21.6,77.0,138.0,81.1,10.0,52.5,12.0,1.0,0.7,0.7,-63.7,-41.9,-34.0,-42.3,7.0,27.4,10.0,1.0,0.6,0.6,10.9,46.0,73.9,49.5,7.0,32.8,10.0,1.0,0.6,0.6,-27.8,-15.4,-5.9,-14.8,7.0,12.2,10.0,1.0,0.6,0.6,5.4,19.1,27.0,17.3,7.0,11.1,10.0,1.0,0.6,0.6,34.5,125.0,225.0,149.5,11.0,155.0,12.0,1.0,0.6,0.7,35.0,125.0,225.0,150.0,11.0,155.0,12.0,1.0,0.6,0.7
1974,2,1.0,-16.0,24.07,25.0,25.92,24.75,31.0,1.22,14.0,0.8,0.6,0.7,23.51,24.3,25.49,24.57,33.0,1.33,14.0,0.8,0.6,0.7,14.04,14.47,16.25,14.91,21.0,1.62,14.0,0.8,0.7,0.8,71.8,77.5,84.4,77.9,21.0,7.8,14.0,0.8,0.8,2.6,5.0,7.0,4.98,35.0,1.95,14.0,0.8,0.6,0.7,-4.32,-2.55,-1.15,-2.7,35.0,1.62,14.0,0.8,0.6,0.7,1.77,3.83,6.14,3.87,35.0,1.96,14.0,0.8,0.6,0.7,1010.0,1012.0,1013.92,1012.14,35.0,1.84,14.0,0.8,0.6,0.7,2.4,6.0,8.0,5.5,35.0,2.5,14.0,0.8,0.6,0.7,-25.4,-13.0,-3.4,-15.3,35.0,12.8,14.0,0.8,0.6,0.7,6.2,19.2,41.2,22.3,35.0,19.2,14.0,0.8,0.6,0.7,-1.77,0.2,1.84,0.15,28.0,1.81,14.0,0.8,0.6,0.7,-9.4,1.0,11.1,1.5,27.0,12.5,14.0,0.7,0.6,0.7,3.51,5.31,6.31,4.98,18.0,1.68,14.0,0.7,0.6,0.8,10.7,18.2,37.6,22.5,18.0,14.6,14.0,0.7,0.6,0.8,-108.1,-66.8,-25.0,-67.3,32.0,40.7,14.0,0.8,0.6,0.7,43.0,100.8,148.6,97.0,32.0,47.3,14.0,0.8,0.6,0.7,-62.0,-38.0,-15.9,-38.5,21.0,24.9,14.0,0.8,0.7,0.8,23.3,44.5,84.1,53.4,21.0,29.5,14.0,0.8,0.7,0.8,-19.2,-8.7,-4.0,-11.5,18.0,9.5,14.0,0.7,0.6,0.8,7.7,13.1,29.4,17.7,18.0,13.5,14.0,0.7,0.6,0.8,17.5,125.0,343.0,181.5,35.0,200.0,14.0,0.8,0.6,0.7,20.0,125.0,345.0,180.0,35.0,200.0,14.0,0.8,0.6,0.7
1974,2,1.0,-15.0,24.2,25.0,26.0,24.93,98.0,0.94,14.0,0.7,0.5,0.5,23.53,24.2,25.4,24.42,104.0,1.19,14.0,0.7,0.5,0.5,13.6,14.59,16.28,14.86,89.0,1.35,14.0,0.7,0.5,0.5,72.4,77.4,86.1,78.6,90.0,6.9,14.0,0.7,0.5,3.1,5.1,7.2,5.31,105.0,1.8,14.0,0.7,0.5,0.5,-4.46,-2.96,-1.3,-2.98,105.0,1.53,14.0,0.7,0.5,0.5,2.44,4.32,5.85,4.2,105.0,1.61,14.0,0.7,0.5,0.5,1010.03,1011.7,1013.8,1011.89,104.0,1.88,14.0,0.7,0.5,0.5,2.3,7.0,8.0,5.5,104.0,2.5,14.0,0.7,0.5,0.5,-29.5,-13.6,-4.7,-17.8,105.0,13.3,14.0,0.7,0.5,0.5,7.8,22.5,41.0,24.8,105.0,16.1,14.0,0.7,0.5,0.5,-0.5,0.6,1.48,0.5,97.0,1.33,14.0,0.7,0.5,0.5,-2.3,3.1,8.6,2.7,96.0,7.1,14.0,0.7,0.5,0.5,3.54,4.99,6.2,4.89,84.0,1.55,14.0,0.7,0.5,0.5,13.9,25.8,38.6,26.1,83.0,12.9,14.0,0.7,0.5,0.5,-109.7,-71.0,-31.1,-72.6,103.0,38.3,14.0,0.7,0.5,0.5,58.8,104.3,142.2,102.0,103.0,39.8,14.0,0.7,0.5,0.5,-66.0,-42.7,-17.3,-43.0,88.0,24.3,14.0,0.7,0.5,0.5,37.6,61.4,89.1,62.0,88.0,24.1,14.0,0.7,0.5,0.5,-22.8,-13.7,-5.7,-14.3,83.0,8.7,14.0,0.7,0.5,0.5,10.1,18.0,32.9,20.9,83.0,11.5,14.0,0.7,0.5,0.5,30.0,132.5,373.0,201.0,105.0,181.5,14.0,0.7,0.5,0.5,30.0,135.0,375.0,200.0,105.0,180.0,14.0,0.7,0.5,0.5
1974,2,1.0,-14.0,24.45,25.35,26.0,25.23,48.0,0.85,14.0,0.7,0.3,0.4,24.0,24.6,25.47,24.74,52.0,0.95,14.0,0.7,0.3,0.4,13.67,14.84,16.0,14.86,46.0,1.07,14.0,0.7,0.3,0.4,70.5,78.0,82.8,77.1,47.0,5.8,14.0,0.7,0.5,3.1,4.6,6.7,4.93,52.0,1.75,14.0,0.7,0.3,0.4,-4.31,-2.96,-1.67,-3.04,52.0,1.31,14.0,0.7,0.3,0.4,2.3,3.54,5.34,3.78,52.0,1.45,14.0,0.7,0.3,0.4,1010.09,1011.3,1012.81,1011.5,51.0,1.68,14.0,0.7,0.3,0.4,2.9,5.0,7.1,4.8,51.0,2.3,14.0,0.7,0.3,0.4,-28.7,-13.6,-6.3,-16.9,52.0,12.9,14.0,0.7,0.3,0.4,6.7,17.5,34.4,21.0,52.0,14.9,14.0,0.7,0.3,0.4,-0.2,0.75,1.3,0.59,48.0,1.08,14.0,0.7,0.3,0.4,-0.9,2.6,6.6,2.5,48.0,5.8,14.0,0.7,0.3,0.4,4.04,5.14,6.5,5.28,44.0,1.3,14.0,0.7,0.3,0.4,16.7,25.0,32.2,24.7,44.0,8.7,14.0,0.7,0.3,0.4,-107.2,-73.3,-41.9,-75.8,52.0,34.3,14.0,0.7,0.3,0.4,56.4,90.2,133.3,93.6,52.0,36.7,14.0,0.7,0.3,0.4,-61.8,-43.2,-25.0,-43.2,46.0,18.4,14.0,0.7,0.3,0.4,35.1,55.8,76.0,55.9,46.0,20.3,14.0,0.7,0.3,0.4,-19.3,-13.3,-9.5,-14.4,44.0,5.6,14.0,0.7,0.3,0.4,12.3,20.5,28.1,19.6,44.0,7.9,14.0,0.7,0.3,0.4,30.0,97.5,301.0,167.0,52.0,182.5,14.0,0.7,0.3,0.4,30.0,95.0,300.0,165.0,52.0,180.0,14.0,0.7,0.3,0.4
1974,2,1.0,-13.0,25.48,25.6,26.03,25.76,7.0,0.5,14.0,0.9,0.3,0.3,25.06,25.5,26.61,25.64,7.0,0.9,14.0,0.9,0.3,0.3,14.41,15.27,16.38,15.32,6.0,1.06,12.0,0.8,0.2,0.3,66.8,75.5,82.6,74.7,6.0,8.0,12.0,0.8,0.3,4.6,6.2,6.7,5.76,5.0,1.08,14.0,0.8,0.2,0.3,-4.31,-3.99,-3.32,-3.82,5.0,0.58,14.0,0.8,0.2,0.3,3.32,4.75,5.13,4.3,5.0,1.0,14.0,0.8,0.2,0.3,1009.95,1011.3,1012.05,1011.1,7.0,1.33,14.0,0.9,0.3,0.3,2.0,5.0,6.1,4.3,7.0,2.4,14.0,0.9,0.3,0.3,-28.9,-24.7,-15.3,-22.4,5.0,7.1,14.0,0.8,0.2,0.3,15.3,29.4,34.4,25.6,5.0,10.0,14.0,0.8,0.2,0.3,-0.52,0.0,0.82,0.11,7.0,0.79,14.0,0.9,0.3,0.3,-0.7,3.4,5.5,2.8,5.0,4.0,14.0,0.8,0.2,0.3,4.09,5.52,6.77,5.59,6.0,1.54,12.0,0.8,0.2,0.3,23.7,29.7,39.0,31.5,5.0,11.2,14.0,0.8,0.2,0.3,-106.8,-104.7,-84.3,-96.8,5.0,13.7,14.0,0.8,0.2,0.3,85.1,124.7,127.2,109.1,5.0,24.7,14.0,0.8,0.2,0.3,-68.8,-55.2,-50.2,-58.7,5.0,10.2,14.0,0.8,0.2,0.3,52.2,65.8,82.0,66.4,5.0,17.1,14.0,0.8,0.2,0.3,-26.0,-21.3,-15.3,-21.0,5.0,7.3,14.0,0.8,0.2,0.3,17.5,20.3,29.9,23.4,5.0,8.9,14.0,0.8,0.2,0.3,97.5,238.5,301.0,207.0,5.0,103.0,14.0,0.8,0.2,0.3,95.0,240.0,300.0,205.0,5.0,105.0,14.0,0.8,0.2,0.3
1974,2,1.0,-12.0,24.74,25.25,25.76,25.25,2.0,1.06,6.0,1.0,0.4,0.8,25.73,26.45,27.17,26.45,2.0,1.48,6.0,1.0,0.4,0.8,19.49,19.49,19.49,19.49,1.0,0.0,12.0,1.0,0.2,0.8,95.9,95.9,95.9,95.9,1.0,0.0,12.0,1.0,0.8,,,,,,,,,,,,,,,,,,,,,,,,,,,,,,,,,,,,,,,,,,,,,,,,,,,,,,,,,,,,,,,,,,,,,,,,,,,,,,,,,,,,,,,,,,,,,,,,,,,,,,,,,,,,,,,,,,,,,,,,,,,,,,,,,,,,,,,,,,,,,,,,,,,,,,,,,,,,,,,,,,,,,,,,,,,,,,,,,,,,,,,,,,,,,,
1974,2,1.0,-11.0,25.76,27.0,27.98,26.93,8.0,1.11,18.0,0.5,0.5,0.9,25.46,27.95,29.27,27.25,8.0,2.5,18.0,0.5,0.5,0.8,15.37,16.7,18.03,16.7,2.0,2.75,22.0,0.0,0.6,0.8,75.5,81.1,86.7,81.1,2.0,11.6,22.0,0.0,0.8,2.49,5.5,6.57,4.77,10.0,2.26,16.0,0.6,0.6,0.8,-4.28,-1.82,-0.74,-2.36,10.0,2.2,16.0,0.6,0.6,0.8,2.11,4.23,4.95,3.81,10.0,1.8,16.0,0.6,0.6,0.8,1009.4,1011.0,1013.66,1011.44,9.0,3.18,18.0,0.6,0.5,0.8,0.0,1.5,4.7,2.1,10.0,2.4,16.0,0.6,0.6,0.8,-25.7,-7.2,-1.1,-13.5,10.0,17.0,16.0,0.6,0.6,0.8,5.3,23.3,35.3,21.5,10.0,15.7,16.0,0.6,0.6,0.8,-1.21,0.85,2.02,0.52,6.0,1.78,20.0,0.3,0.4,0.9,-5.2,1.3,7.7,2.0,6.0,7.7,20.0,0.3,0.4,0.9,5.23,6.18,7.14,6.18,2.0,1.99,22.0,0.0,0.6,0.8,8.4,16.0,23.7,16.0,2.0,15.9,22.0,0.0,0.6,0.8,-110.1,-51.9,-21.1,-55.8,8.0,53.4,18.0,0.5,0.5,0.8,68.8,105.5,134.3,106.7,8.0,55.5,18.0,0.5,0.5,0.8,-17.6,-16.2,-14.9,-16.2,2.0,2.7,22.0,0.0,0.6,0.8,18.0,30.9,43.9,30.9,2.0,26.8,22.0,0.0,0.6,0.8,-8.4,-6.5,-4.6,-6.5,2.0,4.0,22.0,0.0,0.6,0.8,6.7,14.4,22.1,14.4,2.0,16.0,22.0,0.0,0.6,0.8,17.0,170.5,288.5,171.0,10.0,165.0,16.0,0.6,0.6,0.8,15.0,170.0,290.0,170.0,10.0,165.0,16.0,0.6,0.6,0.8
1974,2,1.0,-10.0,26.26,26.4,27.49,26.87,3.0,0.99,12.0,0.7,0.3,0.5,25.0,25.3,27.93,26.34,5.0,1.84,12.0,0.6,0.4,0.5,14.66,15.49,16.32,15.49,2.0,1.71,18.0,0.5,0.3,0.4,66.7,73.3,79.9,73.3,2.0,13.7,18.0,0.5,0.4,1.5,2.85,4.62,3.05,4.0,2.27,14.0,0.5,0.3,0.4,-2.52,-1.23,-0.22,-1.37,4.0,1.38,14.0,0.5,0.3,0.4,1.22,2.49,3.96,2.59,4.0,2.06,14.0,0.5,0.3,0.4,1009.31,1010.6,1011.79,1010.55,4.0,1.67,12.0,0.5,0.3,0.5,1.0,1.5,4.6,2.8,4.0,2.9,14.0,0.5,0.3,0.4,-12.4,-3.2,-0.1,-6.1,4.0,8.4,14.0,0.5,0.3,0.4,3.3,7.1,19.8,11.3,4.0,13.6,14.0,0.5,0.3,0.4,-1.66,0.8,1.07,-0.27,3.0,2.2,12.0,0.7,0.3,0.5,-7.2,-4.1,-1.0,-4.1,2.0,6.4,12.0,0.5,0.2,0.4,9.4,9.4,9.4,9.4,1.0,0.0,16.0,1.0,0.3,0.1,4.7,4.7,4.7,4.7,1.0,0.0,16.0,1.0,0.3,0.1,-67.0,-35.5,-6.1,-36.5,4.0,35.8,14.0,0.5,0.3,0.4,33.8,67.6,101.1,67.4,4.0,51.2,14.0,0.5,0.3,0.4,-5.6,-3.4,-1.1,-3.4,2.0,4.7,18.0,0.5,0.3,0.4,8.9,22.9,36.9,22.9,2.0,29.0,18.0,0.5,0.3,0.4,-4.4,-4.4,-4.4,-4.4,1.0,0.0,16.0,1.0,0.3,0.1,1.6,1.6,1.6,1.6,1.0,0.0,16.0,1.0,0.3,0.1,8.5,23.5,127.5,66.0,4.0,101.0,14.0,0.5,0.3,0.4,10.0,25.0,125.0,65.0,4.0,100.0,14.0,0.5,0.3,0.4
1974,2,1.0,-4.0,26.13,27.5,27.91,27.03,3.0,1.36,14.0,0.7,0.5,0.3,24.75,25.5,27.07,25.9,3.0,1.73,14.0,0.7,0.5,0.3,17.85,17.9,17.95,17.9,2.0,0.1,10.0,0.5,0.7,0.1,78.0,82.1,86.3,82.1,2.0,8.6,10.0,0.5,0.1,2.89,4.6,8.49,5.67,3.0,4.2,14.0,0.7,0.5,0.3,-3.52,-3.52,-1.83,-2.7,3.0,1.43,14.0,0.7,0.5,0.3,2.18,2.96,7.55,4.82,3.0,4.25,14.0,0.7,0.5,0.3,1008.43,1011.5,1011.5,1010.0,3.0,2.6,14.0,0.7,0.5,0.3,6.3,7.0,7.7,7.0,3.0,1.0,14.0,0.7,0.5,0.3,-29.9,-16.2,-6.6,-18.2,3.0,17.1,14.0,0.7,0.5,0.3,6.9,13.6,72.4,39.0,3.0,52.8,14.0,0.7,0.5,0.3,0.55,1.1,1.71,1.13,3.0,0.85,14.0,0.7,0.5,0.3,2.0,5.1,15.7,8.8,3.0,10.5,14.0,0.7,0.5,0.3,5.21,5.58,5.94,5.58,2.0,0.76,10.0,0.5,0.7,0.1,19.0,32.4,45.7,32.4,2.0,27.6,10.0,0.5,0.7,0.1,-88.6,-86.0,-47.2,-68.3,3.0,34.0,14.0,0.7,0.5,0.3,57.4,72.1,191.4,123.2,3.0,107.6,14.0,0.7,0.5,0.3,-56.2,-41.0,-25.8,-41.0,2.0,31.5,10.0,0.5,0.7,0.1,54.9,103.2,151.5,103.2,2.0,100.1,10.0,0.5,0.7,0.1,-15.9,-12.1,-8.2,-12.1,2.0,8.0,10.0,0.5,0.7,0.1,17.1,29.9,42.8,29.9,2.0,26.6,10.0,0.5,0.7,0.1,37.0,97.5,777.0,400.0,3.0,601.5,14.0,0.7,0.5,0.3,35.0,95.0,775.0,400.0,3.0,600.0,14.0,0.7,0.5,0.3
1974,2,1.0,-3.0,27.83,27.9,27.97,27.9,2.0,0.14,4.0,0.5,0.4,0.2,27.08,27.25,27.42,27.25,2.0,0.35,4.0,0.5,0.4,0.2,17.97,18.32,18.66,18.32,2.0,0.72,4.0,0.5,0.4,0.2,78.5,80.8,83.1,80.8,2.0,4.8,4.0,0.5,0.2,4.18,4.35,4.52,4.35,2.0,0.35,4.0,0.5,0.4,0.2,-3.11,-3.05,-2.99,-3.05,2.0,0.13,4.0,0.5,0.4,0.2,2.78,3.08,3.38,3.08,2.0,0.63,4.0,0.5,0.4,0.2,1007.96,1008.1,1008.24,1008.1,2.0,0.28,4.0,0.5,0.4,0.2,3.5,4.5,5.5,4.5,2.0,2.1,4.0,0.5,0.4,0.2,-13.5,-13.2,-13.0,-13.2,2.0,0.5,4.0,0.5,0.4,0.2,11.7,13.5,15.4,13.5,2.0,3.8,4.0,0.5,0.4,0.2,0.55,0.65,0.75,0.65,2.0,0.21,4.0,0.5,0.4,0.2,2.5,2.8,3.1,2.8,2.0,0.7,4.0,0.5,0.4,0.2,4.89,5.32,5.76,5.32,2.0,0.91,4.0,0.5,0.4,0.2,20.5,23.3,26.1,23.3,2.0,5.8,4.0,0.5,0.4,0.2,-84.2,-83.1,-81.9,-83.1,2.0,2.5,4.0,0.5,0.4,0.2,75.2,84.0,92.8,84.0,2.0,18.2,4.0,0.5,0.4,0.2,-58.1,-55.9,-53.7,-55.9,2.0,4.6,4.0,0.5,0.4,0.2,51.7,56.2,60.7,56.2,2.0,9.3,4.0,0.5,0.4,0.2,-17.2,-16.2,-15.2,-16.2,2.0,2.1,4.0,0.5,0.4,0.2,13.7,16.7,19.6,16.7,2.0,6.1,4.0,0.5,0.4,0.2,73.5,83.0,93.0,83.0,2.0,20.0,4.0,0.5,0.4,0.2,75.0,85.0,95.0,85.0,2.0,20.0,4.0,0.5,0.4,0.2
1974,2,1.0,-2.0,,,,,,,,,,,,,,,,,,,,,,,,,,,,,,,,,,,,,,,,9.0,9.0,9.0,9.0,1.0,0.0,14.0,1.0,0.4,0.1,-3.08,-3.08,-3.08,-3.08,1.0,0.0,14.0,1.0,0.4,0.1,8.46,8.46,8.46,8.46,1.0,0.0,14.0,1.0,0.4,0.1,1014.4,1014.4,1014.4,1014.4,1.0,0.0,14.0,1.0,0.4,0.1,,,,,,,,,,,,,,,,,,,,,,,,,,,,,,,,,,,,,,,,,,,,,,,,,,,,,,,,,,,,,,,,,,,,,,,,,,,,,,,,,,,,,,,,,,,,,,,,,,,,,,,,,,,,,,,,,,,,,,,,,,,,,,,,,,,,,,,,,,,,,,,,,,,,,,
1974,2,1.0,-1.0,27.64,27.9,28.1,27.88,4.0,0.3,10.0,1.0,0.6,0.5,25.23,26.0,28.41,26.76,5.0,2.32,12.0,1.0,0.6,0.5,16.31,17.14,17.98,17.14,3.0,1.22,10.0,1.0,0.7,0.4,81.8,83.0,83.3,82.5,3.0,1.2,10.0,1.0,0.4,1.65,3.0,5.99,3.66,5.0,2.88,12.0,1.0,0.6,0.5,-2.15,0.0,0.37,-0.84,5.0,2.07,12.0,1.0,0.6,0.5,1.55,2.5,4.6,3.09,5.0,2.81,12.0,1.0,0.6,0.5,1007.74,1009.0,1011.67,1009.76,5.0,2.8,12.0,1.0,0.6,0.5,3.5,5.5,7.0,5.3,4.0,2.1,12.0,1.0,0.7,0.4,-9.4,0.0,1.1,-4.2,5.0,10.0,12.0,1.0,0.6,0.5,4.0,8.5,29.6,17.3,5.0,23.9,12.0,1.0,0.6,0.5,1.38,1.9,2.73,2.05,4.0,1.0,10.0,1.0,0.6,0.5,1.2,4.3,10.1,5.6,4.0,6.0,10.0,1.0,0.6,0.5,5.76,5.9,7.03,6.38,3.0,1.01,10.0,1.0,0.7,0.4,4.7,14.8,35.7,20.1,3.0,23.2,10.0,1.0,0.7,0.4,-63.6,0.0,9.7,-25.9,5.0,62.0,12.0,1.0,0.6,0.5,42.2,73.3,120.7,82.8,5.0,71.6,12.0,1.0,0.6,0.5,-11.1,0.0,0.0,-5.4,3.0,9.4,10.0,1.0,0.7,0.4,14.2,44.9,104.3,58.9,3.0,67.1,10.0,1.0,0.7,0.4,-3.5,0.0,0.0,-1.7,3.0,2.9,10.0,1.0,0.7,0.4,4.4,13.9,35.4,19.8,3.0,23.3,10.0,1.0,0.7,0.4,11.0,27.0,246.0,125.0,5.0,191.5,12.0,1.0,0.6,0.5,10.0,25.0,245.0,125.0,5.0,190.0,12.0,1.0,0.6,0.5
1974,2,1.0,0.0,27.0,28.5,30.05,28.53,4.0,2.04,16.0,0.5,0.6,0.4,29.14,29.8,30.82,29.98,4.0,1.04,16.0,0.5,0.6,0.4,20.97,21.02,21.07,21.02,2.0,0.1,14.0,0.5,0.6,0.6,78.2,79.9,81.6,79.9,2.0,3.6,14.0,0.5,0.6,2.85,4.6,5.37,4.24,5.0,1.42,14.0,0.4,0.5,0.3,-1.68,0.89,2.63,0.59,5.0,2.89,14.0,0.4,0.5,0.3,2.54,3.83,4.1,3.45,5.0,0.9,14.0,0.4,0.5,0.3,1009.03,1009.8,1010.57,1009.9,5.0,1.19,14.0,0.4,0.5,0.3,3.4,6.0,7.5,5.5,4.0,2.6,16.0,0.5,0.6,0.4,-8.2,2.3,12.9,2.9,5.0,15.9,14.0,0.4,0.5,0.3,7.3,19.2,21.7,15.5,5.0,7.8,14.0,0.4,0.5,0.3,-3.3,-1.8,0.43,-1.45,4.0,2.6,16.0,0.5,0.6,0.4,-16.7,-8.6,1.5,-7.6,4.0,11.2,16.0,0.5,0.6,0.4,0.64,1.46,2.29,1.46,2.0,1.71,14.0,0.5,0.6,0.6,2.1,4.1,6.0,4.1,2.0,4.1,14.0,0.5,0.6,0.6,-0.3,34.8,96.1,47.3,4.0,70.5,16.0,0.5,0.6,0.4,73.4,98.0,129.4,101.2,4.0,32.8,16.0,0.5,0.6,0.4,-11.1,1.0,13.1,1.0,2.0,25.1,14.0,0.5,0.6,0.6,58.4,73.2,88.0,73.2,2.0,30.7,14.0,0.5,0.6,0.6,0.2,1.1,2.0,1.1,2.0,1.8,14.0,0.5,0.6,0.6,2.0,3.8,5.7,3.8,2.0,3.8,14.0,0.5,0.6,0.6,23.5,97.5,158.0,96.5,5.0,81.0,14.0,0.4,0.5,0.3,25.0,95.0,160.0,95.0,5.0,80.0,14.0,0.4,0.5,0.3
1974,2,1.0,1.0,28.82,29.3,29.78,29.3,2.0,0.99,18.0,0.0,0.5,0.7,27.6,27.8,28.0,27.8,2.0,0.42,18.0,0.0,0.5,0.7,17.65,18.25,18.85,18.25,2.0,1.24,18.0,0.0,0.5,0.7,76.3,78.0,79.6,78.0,2.0,3.4,18.0,0.0,0.7,2.76,3.1,5.76,4.23,3.0,2.41,16.0,0.3,0.5,0.6,0.97,3.05,5.75,3.35,3.0,3.51,16.0,0.3,0.5,0.6,0.17,0.54,1.95,1.05,3.0,1.37,16.0,0.3,0.5,0.6,1008.72,1009.2,1009.68,1009.2,2.0,0.99,18.0,0.0,0.5,0.7,3.5,4.5,5.5,4.5,2.0,2.1,18.0,0.0,0.5,0.7,3.0,9.5,36.5,19.5,3.0,26.0,16.0,0.3,0.5,0.6,0.5,1.7,5.1,2.8,3.0,3.5,16.0,0.3,0.5,0.6,0.82,1.5,2.18,1.5,2.0,1.41,18.0,0.0,0.5,0.7,2.3,4.0,5.7,4.0,2.0,3.5,18.0,0.0,0.5,0.7,6.08,7.41,8.75,7.41,2.0,2.76,18.0,0.0,0.5,0.7,18.1,20.6,23.2,20.6,2.0,5.2,18.0,0.0,0.5,0.7,13.6,42.9,72.2,42.9,2.0,60.7,18.0,0.0,0.5,0.7,24.1,43.3,62.6,43.3,2.0,39.9,18.0,0.0,0.5,0.7,9.3,29.2,49.1,29.2,2.0,41.3,18.0,0.0,0.5,0.7,15.8,27.7,39.6,27.7,2.0,24.7,18.0,0.0,0.5,0.7,2.6,8.3,14.0,8.3,2.0,11.8,18.0,0.0,0.5,0.7,6.3,13.6,21.0,13.6,2.0,15.1,18.0,0.0,0.5,0.7,21.5,30.0,243.5,130.0,3.0,184.5,16.0,0.3,0.5,0.6,20.0,30.0,245.0,130.0,3.0,185.0,16.0,0.3,0.5,0.6
1974,2,1.0,2.0,28.59,29.0,29.75,29.17,3.0,0.86,20.0,1.0,0.6,0.6,27.5,27.5,27.5,27.5,2.0,0.0,20.0,1.0,0.8,0.8,18.0,18.0,18.0,18.0,1.0,0.0,14.0,1.0,0.8,0.7,78.4,78.4,78.4,78.4,2.0,0.0,20.0,1.0,0.8,2.26,2.6,3.97,3.1,3.0,1.32,20.0,1.0,0.6,0.6,0.77,0.89,1.36,1.06,3.0,0.45,20.0,1.0,0.6,0.6,2.12,2.44,3.73,2.91,3.0,1.24,20.0,1.0,0.6,0.6,1010.17,1010.75,1011.33,1010.75,2.0,1.2,16.0,1.0,0.4,0.5,5.3,8.0,8.0,6.7,3.0,2.3,20.0,1.0,0.6,0.6,1.8,2.3,5.7,3.7,3.0,3.1,20.0,1.0,0.6,0.6,4.8,6.4,15.6,10.1,3.0,8.5,20.0,1.0,0.6,0.6,1.17,1.75,2.33,1.75,2.0,1.2,20.0,1.0,0.8,0.8,3.5,6.9,10.4,6.9,2.0,7.1,20.0,1.0,0.8,0.8,8.86,8.86,8.86,8.86,1.0,0.0,14.0,1.0,0.8,0.7,40.8,40.8,40.8,40.8,1.0,0.0,14.0,1.0,0.8,0.7,23.5,31.5,39.5,31.5,2.0,16.6,20.0,1.0,0.8,0.8,64.5,86.6,108.6,86.6,2.0,45.7,20.0,1.0,0.8,0.8,28.3,28.3,28.3,28.3,1.0,0.0,14.0,1.0,0.8,0.7,77.8,77.8,77.8,77.8,1.0,0.0,14.0,1.0,0.8,0.7,13.9,13.9,13.9,13.9,1.0,0.0,14.0,1.0,0.8,0.7,38.3,38.3,38.3,38.3,1.0,0.0,14.0,1.0,0.8,0.7,12.0,17.5,72.0,41.5,3.0,48.5,20.0,1.0,0.6,0.6,10.0,20.0,70.0,40.0,3.0,50.0,20.0,1.0,0.6,0.6
1974,2,1.0,4.0,28.01,28.4,29.0,28.55,8.0,0.57,12.0,0.1,0.4,0.1,27.37,28.0,28.8,28.05,8.0,0.63,12.0,0.1,0.4,0.1,18.16,19.31,19.78,18.99,5.0,0.95,8.0,0.2,0.5,0.1,77.0,79.0,81.4,79.0,5.0,3.0,8.0,0.2,0.1,2.6,4.6,5.14,4.29,7.0,1.29,12.0,0.1,0.4,0.1,-0.1,1.57,2.48,1.1,7.0,1.72,12.0,0.1,0.4,0.1,2.37,4.32,5.13,3.68,7.0,1.72,12.0,0.1,0.4,0.1,1006.27,1007.2,1009.06,1008.27,7.0,2.89,10.0,0.1,0.5,0.1,2.6,4.0,8.0,4.7,6.0,2.8,10.0,0.2,0.5,0.1,-0.6,6.4,8.8,3.6,7.0,8.2,12.0,0.1,0.4,0.1,6.2,19.9,26.4,17.5,7.0,11.4,12.0,0.1,0.4,0.1,0.02,0.35,0.97,0.5,8.0,0.63,12.0,0.1,0.4,0.1,0.4,1.8,6.1,2.6,7.0,3.5,12.0,0.1,0.4,0.1,4.8,5.31,6.32,5.51,5.0,0.81,8.0,0.2,0.5,0.1,15.7,21.4,25.2,20.5,5.0,5.1,8.0,0.2,0.5,0.1,-2.7,43.9,69.5,31.0,7.0,48.7,12.0,0.1,0.4,0.1,64.7,120.6,147.9,103.2,7.0,48.4,12.0,0.1,0.4,0.1,10.4,30.4,50.0,30.4,5.0,23.9,8.0,0.2,0.5,0.1,34.4,52.2,89.8,59.5,5.0,33.4,8.0,0.2,0.5,0.1,3.0,7.3,17.2,9.5,5.0,8.1,8.0,0.2,0.5,0.1,10.3,16.4,21.9,16.0,5.0,7.3,8.0,0.2,0.5,0.1,17.5,97.5,136.5,96.5,7.0,70.5,12.0,0.1,0.4,0.1,20.0,95.0,135.0,95.0,7.0,70.0,12.0,0.1,0.4,0.1
1974,2,1.0,5.0,27.88,28.35,30.31,28.78,16.0,1.2,16.0,0.4,0.4,0.7,27.5,28.0,29.31,28.31,16.0,1.05,16.0,0.4,0.4,0.7,18.75,19.61,21.05,19.86,11.0,1.3,18.0,0.5,0.3,0.7,79.2,86.2,88.3,83.0,11.0,6.8,18.0,0.5,0.7,2.21,4.6,6.93,4.63,15.0,2.58,16.0,0.5,0.4,0.7,0.52,2.3,5.65,2.94,15.0,2.52,16.0,0.5,0.4,0.7,1.26,2.74,4.65,3.07,15.0,1.97,16.0,0.5,0.4,0.7,1008.9,1010.6,1012.31,1010.62,16.0,2.18,16.0,0.4,0.4,0.7,3.0,6.0,7.0,5.0,15.0,2.6,14.0,0.4,0.4,0.7,0.9,8.5,37.9,18.5,15.0,20.6,16.0,0.5,0.4,0.7,4.4,8.9,29.3,17.8,15.0,18.9,16.0,0.5,0.4,0.7,-0.69,0.7,1.39,0.47,16.0,1.23,16.0,0.4,0.4,0.7,-4.1,1.0,3.0,2.1,15.0,8.3,16.0,0.5,0.4,0.7,3.15,4.72,6.76,4.86,11.0,1.81,18.0,0.5,0.3,0.7,10.6,15.4,33.2,22.6,10.0,19.7,16.0,0.5,0.4,0.7,14.9,64.3,161.5,83.1,15.0,70.8,16.0,0.5,0.4,0.7,35.3,75.2,131.3,86.4,15.0,54.8,16.0,0.5,0.4,0.7,12.7,76.0,116.6,66.7,10.0,47.6,16.0,0.5,0.4,0.7,25.3,53.1,97.6,62.6,10.0,39.4,16.0,0.5,0.4,0.7,3.3,11.7,29.8,15.6,10.0,14.9,16.0,0.5,0.4,0.7,6.7,9.9,18.2,14.9,10.0,14.7,16.0,0.5,0.4,0.7,11.0,97.5,333.5,189.0,15.0,233.0,16.0,0.5,0.4,0.7,10.0,95.0,335.0,190.0,15.0,235.0,16.0,0.5,0.4,0.7
1974,2,1.0,36.0,14.0,15.0,17.0,15.03,86.0,1.38,14.0,0.3,0.5,0.8,12.5,14.2,16.0,14.17,91.0,1.91,14.0,0.3,0.5,0.8,6.16,7.1,8.74,7.35,34.0,1.52,14.0,0.4,0.5,0.7,57.9,75.4,88.0,73.6,34.0,14.1,14.0,0.4,0.7,2.86,6.0,12.51,7.05,87.0,4.6,14.0,0.3,0.5,0.8,-1.46,4.31,10.99,4.64,87.0,5.87,14.0,0.3,0.5,0.8,-2.3,0.89,4.04,0.81,87.0,3.81,14.0,0.3,0.5,0.8,1007.54,1016.0,1022.2,1015.45,93.0,6.26,14.0,0.3,0.5,0.8,0.0,5.5,8.0,4.5,92.0,3.1,14.0,0.4,0.5,0.8,-3.9,20.9,132.5,54.3,87.0,83.8,14.0,0.3,0.5,0.8,-12.5,2.3,34.0,8.0,87.0,42.8,14.0,0.3,0.5,0.8,-0.58,0.65,2.38,0.86,84.0,2.02,14.0,0.3,0.5,0.8,-3.2,3.9,15.8,7.5,79.0,17.6,14.0,0.3,0.5,0.8,1.22,3.13,4.67,3.0,33.0,1.65,14.0,0.4,0.5,0.8,3.6,13.6,45.8,21.8,30.0,22.7,14.0,0.4,0.5,0.7,-19.4,54.2,172.8,67.2,85.0,88.8,14.0,0.3,0.5,0.8,-32.9,13.3,58.5,11.7,85.0,50.4,14.0,0.3,0.5,0.8,-2.5,25.9,67.1,32.2,31.0,42.4,14.0,0.4,0.5,0.7,-19.8,0.0,22.7,1.6,31.0,22.7,14.0,0.4,0.5,0.7,-0.6,6.5,40.0,13.0,30.0,24.3,14.0,0.4,0.5,0.7,-8.7,0.0,11.0,-0.7,30.0,15.5,14.0,0.4,0.5,0.7,23.5,216.0,1961.5,860.0,87.0,1401.0,14.0,0.3,0.5,0.8,25.0,215.0,1960.0,860.0,87.0,1400.0,14.0,0.3,0.5,0.8
1974,2,1.0,37.0,14.0,15.0,16.0,14.9,53.0,1.19,14.0,0.2,0.4,0.2,12.5,13.65,15.5,13.87,58.0,1.65,14.0,0.2,0.4,0.2,5.33,7.08,8.43,6.89,26.0,1.54,16.0,0.3,0.4,0.2,60.0,74.8,84.0,72.1,26.0,14.7,16.0,0.3,0.2,3.1,6.85,12.65,7.64,54.0,4.59,14.0,0.2,0.4,0.2,-1.13,3.91,11.41,4.62,54.0,6.08,14.0,0.2,0.4,0.2,-3.52,0.0,4.52,-0.15,54.0,4.66,14.0,0.2,0.4,0.2,1007.3,1016.0,1020.13,1014.96,55.0,5.96,14.0,0.2,0.4,0.2,0.0,3.5,7.9,3.6,52.0,3.0,14.0,0.3,0.4,0.2,-3.8,21.5,137.4,53.2,54.0,87.0,14.0,0.2,0.4,0.2,-25.4,0.0,41.3,0.7,54.0,52.8,14.0,0.2,0.4,0.2,-0.07,1.1,2.35,1.09,53.0,1.61,14.0,0.2,0.4,0.2,-1.6,5.6,21.0,9.0,49.0,15.8,14.0,0.2,0.4,0.2,2.15,3.31,5.26,3.58,24.0,1.45,14.0,0.3,0.4,0.2,8.4,24.2,42.2,28.0,24.0,23.3,14.0,0.3,0.4,0.2,-14.4,56.7,156.5,66.6,54.0,84.2,14.0,0.2,0.4,0.2,-52.1,0.0,60.9,-0.1,54.0,62.8,14.0,0.2,0.4,0.2,-25.4,24.1,79.1,23.3,26.0,44.4,16.0,0.3,0.4,0.2,-25.3,-1.8,30.0,-1.5,26.0,34.6,16.0,0.3,0.4,0.2,-11.8,9.6,27.8,10.1,24.0,24.6,14.0,0.3,0.4,0.2,-29.5,-1.7,11.8,-8.0,24.0,24.0,14.0,0.3,0.4,0.2,30.0,322.0,2029.0,962.5,54.0,1397.5,14.0,0.2,0.4,0.2,30.0,320.0,2030.0,960.0,54.0,1395.0,14.0,0.2,0.4,0.2
1974,2,1.0,38.0,13.79,15.0,16.0,14.99,18.0,1.42,12.0,0.2,0.3,0.4,12.17,14.6,15.46,14.18,19.0,1.55,10.0,0.3,0.3,0.5,6.22,6.69,8.28,7.15,16.0,1.06,10.0,0.3,0.3,0.5,63.9,72.0,74.8,71.1,16.0,8.8,10.0,0.3,0.5,4.1,10.3,13.26,10.17,19.0,4.79,10.0,0.3,0.3,0.5,-2.64,6.28,10.62,4.47,19.0,8.09,10.0,0.3,0.3,0.5,-8.08,0.0,4.48,-0.86,19.0,6.69,10.0,0.3,0.3,0.5,1004.37,1012.5,1014.72,1011.41,18.0,6.05,10.0,0.3,0.3,0.5,0.7,4.0,8.0,4.3,18.0,3.2,12.0,0.3,0.3,0.5,-18.0,51.5,124.6,63.6,19.0,123.1,10.0,0.3,0.3,0.5,-108.5,0.0,48.5,-18.4,19.0,89.9,10.0,0.3,0.3,0.5,-0.72,1.0,2.28,0.83,18.0,1.81,12.0,0.2,0.3,0.4,-7.9,8.8,21.1,6.1,18.0,16.9,12.0,0.2,0.3,0.4,2.27,3.67,3.92,3.34,16.0,0.91,10.0,0.3,0.3,0.5,17.9,35.3,48.4,37.0,16.0,18.7,10.0,0.3,0.3,0.5,-35.4,70.4,164.4,67.3,19.0,112.2,10.0,0.3,0.3,0.5,-119.2,0.0,59.8,-10.3,19.0,95.8,10.0,0.3,0.3,0.5,-30.1,51.3,93.8,36.3,16.0,61.0,10.0,0.3,0.3,0.5,-59.1,-11.4,32.0,-7.7,16.0,49.8,10.0,0.3,0.3,0.5,-15.8,20.7,44.0,17.1,16.0,30.6,10.0,0.3,0.3,0.5,-33.7,-3.8,14.1,-7.6,16.0,22.3,10.0,0.3,0.3,0.5,69.0,1092.5,2362.5,1738.0,19.0,2161.0,10.0,0.3,0.3,0.5,70.0,1095.0,2365.0,1740.0,19.0,2160.0,10.0,0.3,0.3,0.5
1974,2,1.0,39.0,13.0,14.0,15.0,13.79,38.0,1.05,18.0,0.4,0.3,0.4,11.64,13.0,15.0,13.26,41.0,1.94,18.0,0.4,0.3,0.4,5.4,6.37,7.67,6.47,33.0,1.28,16.0,0.3,0.3,0.5,57.5,66.6,81.5,68.8,35.0,11.8,16.0,0.4,0.5,5.1,8.2,12.9,8.49,39.0,3.64,16.0,0.4,0.3,0.4,-8.59,0.36,7.54,0.22,39.0,6.77,16.0,0.4,0.3,0.4,-9.16,-2.56,4.41,-3.03,39.0,5.65,16.0,0.4,0.3,0.4,1007.33,1015.8,1019.0,1013.73,39.0,6.0,16.0,0.4,0.3,0.4,0.2,3.0,7.8,3.7,40.0,3.0,16.0,0.4,0.3,0.4,-83.1,0.8,58.3,-1.7,39.0,79.6,16.0,0.4,0.3,0.4,-107.0,-18.4,22.5,-37.3,39.0,61.2,16.0,0.4,0.3,0.4,-0.5,0.5,2.5,0.68,38.0,1.72,18.0,0.4,0.3,0.4,-4.1,3.4,21.7,7.4,37.0,18.2,16.0,0.4,0.3,0.4,1.88,3.02,4.33,3.24,32.0,1.24,16.0,0.3,0.3,0.5,11.5,28.8,41.6,28.0,32.0,17.1,16.0,0.3,0.3,0.5,-103.2,5.8,100.6,6.0,39.0,87.3,16.0,0.4,0.3,0.4,-119.8,-35.8,58.4,-35.9,39.0,74.0,16.0,0.4,0.3,0.4,-50.9,6.7,47.1,3.3,33.0,45.7,16.0,0.3,0.3,0.5,-59.3,-11.8,31.2,-17.1,33.0,37.9,16.0,0.3,0.3,0.5,-26.1,2.8,26.1,1.7,32.0,22.8,16.0,0.3,0.3,0.5,-35.3,-4.7,10.5,-11.9,32.0,20.8,16.0,0.3,0.3,0.5,132.5,551.5,2146.5,942.0,39.0,982.5,16.0,0.4,0.3,0.4,135.0,550.0,2145.0,940.0,39.0,985.0,16.0,0.4,0.3,0.4
1974,2,1.0,40.0,12.34,13.2,14.0,13.21,18.0,0.81,14.0,0.2,0.7,0.3,11.57,12.8,14.01,12.76,19.0,1.23,14.0,0.2,0.7,0.3,5.56,6.03,8.0,6.47,16.0,1.15,14.0,0.3,0.7,0.3,64.0,68.4,77.7,70.5,16.0,9.5,14.0,0.3,0.3,3.46,9.8,15.7,9.89,19.0,5.97,14.0,0.2,0.7,0.3,1.87,3.99,15.16,7.0,19.0,5.99,14.0,0.2,0.7,0.3,-9.87,-2.76,2.73,-2.86,19.0,6.54,14.0,0.2,0.7,0.3,1002.46,1009.5,1016.14,1009.18,19.0,6.5,14.0,0.2,0.7,0.3,0.9,2.0,4.0,2.7,19.0,2.3,14.0,0.2,0.7,0.3,5.5,29.6,233.6,98.2,19.0,115.0,14.0,0.2,0.7,0.3,-124.0,-9.9,41.2,-42.8,19.0,97.8,14.0,0.2,0.7,0.3,-0.72,0.2,1.83,0.54,18.0,1.44,14.0,0.2,0.7,0.3,-2.7,1.9,19.6,6.4,18.0,15.3,14.0,0.2,0.7,0.3,1.37,3.09,4.13,2.93,16.0,1.28,14.0,0.3,0.7,0.3,5.2,38.9,55.3,33.9,16.0,26.6,14.0,0.3,0.7,0.3,23.0,55.4,173.0,86.7,19.0,73.1,14.0,0.2,0.7,0.3,-132.6,-30.9,37.5,-36.6,19.0,82.8,14.0,0.2,0.7,0.3,11.2,43.1,87.9,47.0,16.0,33.6,14.0,0.3,0.7,0.3,-52.2,-20.0,15.6,-18.3,16.0,41.6,14.0,0.3,0.7,0.3,3.4,22.3,46.0,25.5,16.0,23.6,14.0,0.3,0.7,0.3,-34.1,-5.9,8.1,-12.4,16.0,22.9,14.0,0.3,0.7,0.3,42.5,941.0,3897.0,2011.0,19.0,2538.5,14.0,0.2,0.7,0.3,40.0,940.0,3895.0,2010.0,19.0,2540.0,14.0,0.2,0.7,0.3
1974,2,1.0,50.0,8.0,8.95,10.24,9.12,30.0,1.16,14.0,0.6,0.4,0.7,5.5,8.0,10.33,8.03,37.0,2.44,12.0,0.6,0.4,0.7,4.64,5.81,6.4,5.53,17.0,1.09,16.0,0.4,0.3,0.7,70.5,82.8,87.3,78.9,17.0,10.2,16.0,0.4,0.7,2.38,10.05,18.0,10.4,36.0,6.86,12.0,0.6,0.4,0.7,-2.39,3.08,9.73,3.56,36.0,6.62,12.0,0.6,0.4,0.7,-2.5,1.37,14.65,4.88,36.0,8.78,12.0,0.6,0.4,0.7,987.76,1005.9,1030.06,1006.44,37.0,17.55,12.0,0.6,0.4,0.7,4.0,8.0,8.0,6.4,35.0,2.3,14.0,0.6,0.4,0.7,-17.9,27.9,144.6,61.3,36.0,120.3,12.0,0.6,0.4,0.7,-14.4,14.7,243.3,86.8,36.0,157.6,12.0,0.6,0.4,0.7,-1.67,1.7,3.7,1.17,29.0,2.49,14.0,0.6,0.4,0.7,-13.1,8.2,37.1,7.9,27.0,29.3,14.0,0.6,0.4,0.7,0.57,2.13,2.93,1.91,14.0,1.27,16.0,0.2,0.3,0.7,2.4,11.6,40.7,18.0,13.0,16.8,16.0,0.2,0.3,0.7,-15.0,16.8,77.3,36.4,35.0,64.3,12.0,0.6,0.4,0.7,-18.6,3.5,128.1,42.6,35.0,80.5,12.0,0.6,0.4,0.7,-16.0,13.4,85.5,24.2,16.0,48.3,16.0,0.4,0.3,0.7,-27.7,-0.8,67.4,16.1,16.0,54.5,16.0,0.4,0.3,0.7,-6.8,3.0,16.6,5.9,13.0,17.3,16.0,0.2,0.3,0.7,-7.2,0.0,18.6,5.0,13.0,16.4,16.0,0.2,0.3,0.7,14.0,1017.0,5832.0,2636.0,36.0,3800.0,12.0,0.6,0.4,0.7,15.0,1015.0,5830.0,2635.0,36.0,3800.0,12.0,0.6,0.4,0.7
1974,2,1.0,51.0,7.9,8.3,9.2,8.46,405.0,0.68,14.0,0.6,0.7,0.1,6.0,7.8,9.8,7.79,417.0,2.01,14.0,0.6,0.7,0.1,3.99,5.08,6.14,5.07,292.0,1.0,14.0,0.6,0.7,0.1,68.0,77.6,87.4,77.6,292.0,9.6,14.0,0.6,0.1,4.6,9.3,15.4,9.91,393.0,5.25,14.0,0.6,0.7,0.1,-5.62,0.0,7.9,1.4,393.0,6.94,14.0,0.6,0.7,0.1,-4.76,1.74,12.86,3.07,393.0,8.15,14.0,0.6,0.7,0.1,995.4,1006.0,1025.2,1008.4,417.0,14.6,14.0,0.6,0.7,0.1,2.0,7.0,8.0,5.9,383.0,2.7,14.0,0.6,0.7,0.1,-47.5,0.0,99.5,26.7,393.0,106.6,14.0,0.6,0.7,0.1,-37.7,6.8,170.1,48.8,393.0,128.8,14.0,0.6,0.7,0.1,-1.4,0.8,2.6,0.68,404.0,1.96,14.0,0.6,0.7,0.1,-12.9,4.6,24.5,4.7,378.0,23.0,14.0,0.6,0.7,0.1,0.83,1.85,2.83,1.82,291.0,0.95,14.0,0.6,0.7,0.1,5.1,14.4,29.1,16.6,287.0,11.9,14.0,0.6,0.7,0.1,-33.3,0.0,69.7,16.6,391.0,55.1,14.0,0.6,0.7,0.1,-31.3,11.9,108.4,31.1,391.0,70.1,14.0,0.6,0.7,0.1,-24.9,0.0,38.5,7.8,288.0,32.3,14.0,0.6,0.7,0.1,-18.2,8.5,70.3,19.6,288.0,43.8,14.0,0.6,0.7,0.1,-12.5,0.0,11.9,-0.2,287.0,14.3,14.0,0.6,0.7,0.1,-10.0,1.2,14.6,2.5,287.0,14.4,14.0,0.6,0.7,0.1,97.5,804.5,3652.5,1860.0,393.0,2850.0,14.0,0.6,0.7,0.1,95.0,805.0,3650.0,1860.0,393.0,2850.0,14.0,0.6,0.7,0.1
1974,2,1.0,52.0,5.98,7.6,8.21,7.3,6.0,1.28,18.0,0.3,0.8,0.4,5.0,6.1,9.18,6.54,9.0,2.3,18.0,0.2,0.8,0.4,4.47,4.79,5.55,5.05,6.0,0.82,18.0,0.3,0.8,0.4,73.6,80.2,83.6,79.4,6.0,5.9,18.0,0.3,0.4,2.6,6.7,12.3,8.33,9.0,6.71,18.0,0.2,0.8,0.4,-8.94,1.0,2.18,-0.67,9.0,7.92,18.0,0.2,0.8,0.4,-7.56,-1.67,0.95,-3.37,9.0,6.86,18.0,0.2,0.8,0.4,1002.68,1017.0,1023.77,1013.69,9.0,11.22,18.0,0.2,0.8,0.4,1.3,7.0,8.0,5.2,9.0,3.2,18.0,0.2,0.8,0.4,-103.5,1.0,10.1,4.5,9.0,136.3,18.0,0.2,0.8,0.4,-73.1,-4.3,2.5,-58.2,9.0,130.4,18.0,0.2,0.8,0.4,-1.17,0.3,0.79,-0.02,6.0,1.19,18.0,0.3,0.8,0.4,-5.1,4.0,12.8,3.4,6.0,11.6,18.0,0.3,0.8,0.4,1.0,1.36,1.68,1.29,6.0,0.46,18.0,0.3,0.8,0.4,8.5,14.7,21.6,14.5,6.0,8.7,18.0,0.3,0.8,0.4,-53.3,6.0,20.2,-3.6,9.0,43.6,18.0,0.2,0.8,0.4,-67.9,-5.0,9.5,-19.0,9.0,43.7,18.0,0.2,0.8,0.4,-51.4,3.8,25.3,-2.8,6.0,44.6,18.0,0.3,0.8,0.4,-50.0,-14.7,13.4,-18.2,6.0,39.7,18.0,0.3,0.8,0.4,-17.8,0.5,4.8,-2.7,6.0,13.2,18.0,0.3,0.8,0.4,-12.2,-5.1,2.9,-4.7,6.0,11.0,18.0,0.3,0.8,0.4,17.5,301.0,1861.0,1828.0,9.0,3718.0,18.0,0.2,0.8,0.4,20.0,300.0,1860.0,1830.0,9.0,3720.0,18.0,0.2,0.8,0.4
1974,2,1.0,53.0,5.8,6.0,6.91,6.19,32.0,0.7,14.0,0.3,0.2,0.8,5.0,6.0,7.0,5.91,63.0,1.32,14.0,0.2,0.4,0.5,4.64,4.72,4.8,4.72,2.0,0.16,10.0,0.5,0.5,0.5,85.2,85.4,85.6,85.4,2.0,0.5,10.0,0.5,0.5,4.94,8.7,12.9,8.87,63.0,4.24,14.0,0.2,0.4,0.5,-4.71,0.0,7.95,1.23,63.0,6.1,14.0,0.2,0.4,0.5,-2.16,3.21,9.96,3.18,63.0,6.99,14.0,0.2,0.4,0.5,990.36,1000.05,1019.99,1002.78,46.0,13.62,14.0,0.3,0.3,0.7,0.8,7.0,8.0,5.7,54.0,3.0,14.0,0.3,0.4,0.5,-45.0,0.0,88.3,16.0,63.0,73.6,14.0,0.2,0.4,0.5,-11.3,18.0,119.0,33.3,63.0,94.6,14.0,0.2,0.4,0.5,-1.1,0.15,1.22,0.17,30.0,1.12,14.0,0.3,0.2,0.8,-9.0,0.7,8.4,0.7,30.0,8.0,14.0,0.3,0.2,0.8,1.13,1.23,1.32,1.23,2.0,0.2,10.0,0.5,0.5,0.5,2.9,4.3,5.6,4.3,2.0,2.8,10.0,0.5,0.5,0.5,-25.1,0.0,42.9,7.8,61.0,38.3,14.0,0.2,0.4,0.5,-9.2,21.9,66.3,21.4,61.0,39.2,14.0,0.2,0.4,0.5,11.3,15.2,19.0,15.2,2.0,8.0,10.0,0.5,0.5,0.5,-2.3,0.1,2.5,0.1,2.0,5.1,10.0,0.5,0.5,0.5,2.8,4.2,5.5,4.2,2.0,2.9,10.0,0.5,0.5,0.5,-0.5,0.2,0.8,0.2,2.0,1.3,10.0,0.5,0.5,0.5,120.5,658.5,2146.5,1174.0,63.0,1352.0,14.0,0.2,0.4,0.5,120.0,660.0,2145.0,1175.0,63.0,1350.0,14.0,0.2,0.4,0.5
1974,2,1.0,54.0,4.92,6.0,7.0,6.06,99.0,0.93,12.0,0.3,0.3,0.2,3.86,5.8,7.34,5.77,99.0,1.71,12.0,0.3,0.3,0.2,3.25,4.6,6.41,4.82,4.0,1.85,16.0,0.3,0.5,0.7,64.7,76.6,90.5,77.5,4.0,15.0,16.0,0.3,0.7,5.0,8.0,12.45,8.25,99.0,3.96,12.0,0.3,0.3,0.2,-4.8,0.0,6.4,0.78,99.0,5.23,12.0,0.3,0.3,0.2,-1.25,3.83,10.23,3.49,99.0,6.65,12.0,0.3,0.3,0.2,988.56,996.6,1018.6,998.95,99.0,14.6,12.0,0.3,0.3,0.2,6.0,8.0,8.0,6.9,64.0,1.9,12.0,0.4,0.3,0.2,-29.7,0.0,62.9,11.5,99.0,56.1,12.0,0.3,0.3,0.2,-6.3,21.7,117.0,35.6,99.0,84.7,12.0,0.3,0.3,0.2,-1.24,0.0,1.84,0.29,99.0,1.57,12.0,0.3,0.3,0.2,-8.8,0.0,18.7,3.5,99.0,16.1,12.0,0.3,0.3,0.2,-0.35,1.2,2.46,1.06,4.0,1.63,16.0,0.3,0.5,0.7,-3.6,5.1,17.9,7.0,4.0,13.8,16.0,0.3,0.5,0.7,-24.8,0.0,32.8,3.1,99.0,31.8,12.0,0.3,0.3,0.2,-6.6,22.1,66.5,26.2,99.0,37.5,12.0,0.3,0.3,0.2,-22.1,2.5,11.9,-4.7,4.0,22.7,16.0,0.3,0.5,0.7,-3.0,19.0,51.5,24.0,4.0,35.1,16.0,0.3,0.5,0.7,-3.3,-0.6,4.4,0.5,4.0,5.7,16.0,0.3,0.5,0.7,-7.9,-3.4,12.2,1.9,4.0,14.8,16.0,0.3,0.5,0.7,125.0,512.0,1938.0,949.0,99.0,1052.5,12.0,0.3,0.3,0.2,125.0,510.0,1940.0,950.0,99.0,1055.0,12.0,0.3,0.3,0.2
1974,2,1.0,55.0,6.19,6.5,7.4,6.63,19.0,0.63,16.0,0.4,0.5,0.5,4.09,5.0,7.03,5.04,19.0,2.5,16.0,0.4,0.5,0.5,3.52,4.44,5.54,4.54,16.0,0.86,18.0,0.4,0.5,0.5,68.5,79.8,90.6,79.9,16.0,9.1,18.0,0.4,0.5,1.93,8.7,12.53,7.91,19.0,5.33,16.0,0.4,0.5,0.5,-3.9,0.68,8.15,1.52,19.0,6.39,16.0,0.4,0.5,0.5,-0.81,3.18,9.82,3.64,19.0,6.1,16.0,0.4,0.5,0.5,996.71,1011.3,1022.43,1010.99,19.0,12.21,16.0,0.4,0.5,0.5,3.0,8.0,8.0,5.9,19.0,2.8,16.0,0.4,0.5,0.5,-47.0,1.4,76.5,6.2,19.0,78.8,16.0,0.4,0.5,0.5,-2.5,29.6,110.0,47.2,19.0,88.0,16.0,0.4,0.5,0.5,-0.64,1.7,2.01,1.59,19.0,2.7,16.0,0.4,0.5,0.5,-6.5,6.2,21.9,9.7,19.0,18.9,16.0,0.4,0.5,0.5,0.53,1.64,2.33,1.44,16.0,0.83,18.0,0.4,0.5,0.5,0.3,6.3,23.3,10.7,16.0,11.1,18.0,0.4,0.5,0.5,-17.1,0.0,58.4,13.0,19.0,38.7,16.0,0.4,0.5,0.5,-6.2,5.5,40.2,17.4,19.0,32.2,16.0,0.4,0.5,0.5,-22.3,0.0,42.9,7.5,16.0,32.8,18.0,0.4,0.5,0.5,-4.3,20.1,44.5,18.1,16.0,27.7,18.0,0.4,0.5,0.5,-8.6,0.0,4.6,-1.1,16.0,8.8,18.0,0.4,0.5,0.5,-1.1,1.1,16.0,4.3,16.0,12.1,18.0,0.4,0.5,0.5,7.5,658.5,1979.0,1135.5,19.0,1480.5,16.0,0.4,0.5,0.5,5.0,660.0,1980.0,1135.0,19.0,1480.0,16.0,0.4,0.5,0.5
1974,2,1.0,56.0,6.6,6.8,7.15,6.84,23.0,0.44,14.0,0.2,0.4,0.5,4.63,6.8,7.69,6.21,27.0,2.43,14.0,0.3,0.4,0.5,4.27,5.17,5.74,5.09,22.0,0.79,14.0,0.3,0.4,0.5,73.9,83.4,90.8,83.2,22.0,9.9,14.0,0.3,0.5,3.58,6.7,12.3,7.89,26.0,4.28,14.0,0.3,0.4,0.5,-2.61,1.62,8.87,2.44,26.0,5.46,14.0,0.3,0.4,0.5,-0.81,3.44,7.97,3.66,26.0,5.74,14.0,0.3,0.4,0.5,993.9,1007.7,1022.22,1009.05,27.0,15.8,14.0,0.3,0.4,0.5,5.0,8.0,8.0,6.6,22.0,2.2,14.0,0.3,0.4,0.5,-13.7,3.7,80.1,28.3,26.0,66.8,14.0,0.3,0.4,0.5,-1.0,24.5,97.2,38.6,26.0,73.0,14.0,0.3,0.4,0.5,-0.8,0.0,2.15,0.7,23.0,2.29,14.0,0.2,0.4,0.5,-4.4,0.0,12.3,4.3,22.0,16.6,14.0,0.2,0.4,0.5,0.47,0.99,1.8,1.1,21.0,0.73,14.0,0.2,0.4,0.5,2.4,7.1,12.9,9.5,20.0,9.9,14.0,0.3,0.4,0.5,-18.1,2.3,64.3,16.7,26.0,40.1,14.0,0.3,0.4,0.5,-0.2,21.7,70.8,27.0,26.0,38.6,14.0,0.3,0.4,0.5,-14.3,0.0,44.8,10.6,21.0,30.6,14.0,0.3,0.4,0.5,-3.3,19.3,48.5,21.8,21.0,29.9,14.0,0.3,0.4,0.5,-4.3,0.1,7.6,1.3,20.0,7.0,14.0,0.3,0.4,0.5,-0.5,2.8,9.9,3.3,20.0,11.4,14.0,0.3,0.4,0.5,46.0,301.0,1861.0,928.0,26.0,1151.5,14.0,0.3,0.4,0.5,45.0,300.0,1860.0,930.0,26.0,1150.0,14.0,0.3,0.4,0.5
1974,2,1.0,57.0,6.55,7.2,7.59,7.07,17.0,0.69,14.0,0.6,0.6,0.6,4.91,6.3,7.06,5.89,18.0,1.38,14.0,0.6,0.6,0.6,4.12,4.8,5.56,4.76,12.0,0.86,14.0,0.6,0.6,0.6,75.6,82.5,91.9,82.1,12.0,10.2,14.0,0.6,0.6,4.3,8.5,13.24,8.59,18.0,4.28,14.0,0.6,0.6,0.6,-2.27,3.98,9.69,3.62,18.0,6.39,14.0,0.6,0.6,0.6,-1.03,2.95,7.46,2.45,18.0,5.94,14.0,0.6,0.6,0.6,988.78,1005.85,1024.42,1007.1,18.0,16.25,14.0,0.6,0.6,0.6,5.0,8.0,8.0,6.8,17.0,1.9,14.0,0.6,0.5,0.6,-10.5,28.3,98.2,39.6,18.0,84.7,14.0,0.6,0.6,0.6,-4.8,16.8,59.0,18.9,18.0,78.4,14.0,0.6,0.6,0.6,-0.09,1.3,2.34,1.25,17.0,1.56,14.0,0.6,0.6,0.6,-0.3,8.7,24.6,12.6,17.0,15.8,14.0,0.6,0.6,0.6,0.56,1.65,2.21,1.51,12.0,0.86,14.0,0.6,0.6,0.6,3.9,14.0,29.1,15.9,12.0,11.7,14.0,0.6,0.6,0.6,-13.5,23.6,65.9,23.2,18.0,38.1,14.0,0.6,0.6,0.6,-6.2,17.3,38.0,13.0,18.0,29.5,14.0,0.6,0.6,0.6,-12.9,23.3,54.9,18.6,12.0,35.3,14.0,0.6,0.6,0.6,-10.7,17.6,31.3,10.1,12.0,29.2,14.0,0.6,0.6,0.6,-9.5,5.0,14.2,3.9,12.0,12.4,14.0,0.6,0.6,0.6,-4.4,2.0,13.4,2.4,12.0,15.4,14.0,0.6,0.6,0.6,82.0,630.5,2402.0,1102.5,18.0,1340.5,14.0,0.6,0.6,0.6,80.0,630.0,2400.0,1100.0,18.0,1340.0,14.0,0.6,0.6,0.6
1974,2,1.0,58.0,6.22,6.5,7.35,6.6,21.0,0.63,16.0,0.2,0.4,0.4,5.65,6.8,7.09,6.48,27.0,1.53,18.0,0.3,0.4,0.4,5.17,5.5,6.05,5.46,15.0,0.59,18.0,0.2,0.4,0.4,85.7,88.3,95.5,88.4,15.0,7.8,18.0,0.2,0.4,2.6,6.7,11.0,6.81,27.0,4.36,18.0,0.3,0.4,0.4,0.0,2.39,8.14,3.28,27.0,4.68,18.0,0.3,0.4,0.4,0.0,2.6,8.38,3.48,27.0,4.64,18.0,0.3,0.4,0.4,994.38,1009.5,1033.04,1013.26,27.0,18.52,18.0,0.3,0.4,0.4,2.0,5.5,8.0,5.0,26.0,2.9,18.0,0.3,0.4,0.4,0.0,15.8,77.8,26.8,27.0,59.4,18.0,0.3,0.4,0.4,0.0,7.8,80.7,34.3,27.0,57.7,18.0,0.3,0.4,0.4,-0.7,0.0,1.08,0.11,21.0,1.49,16.0,0.2,0.4,0.4,-5.9,0.0,9.6,2.2,21.0,15.5,16.0,0.2,0.4,0.4,0.01,0.59,1.31,0.65,14.0,0.64,18.0,0.2,0.3,0.4,0.0,2.4,7.2,3.0,14.0,3.5,18.0,0.2,0.3,0.4,0.0,14.9,45.9,22.7,27.0,32.6,18.0,0.3,0.4,0.4,0.0,12.7,48.2,21.5,27.0,27.5,18.0,0.3,0.4,0.4,0.0,20.5,38.5,21.7,15.0,29.2,18.0,0.2,0.4,0.4,0.0,9.7,32.1,14.9,15.0,17.9,18.0,0.2,0.4,0.4,-1.2,0.2,3.6,1.0,14.0,2.9,18.0,0.2,0.3,0.4,0.0,1.7,4.2,2.3,14.0,2.6,18.0,0.2,0.3,0.4,17.5,301.0,1331.0,709.5,27.0,983.5,18.0,0.3,0.4,0.4,20.0,300.0,1330.0,710.0,27.0,985.0,18.0,0.3,0.4,0.4
1974,2,1.0,59.0,6.38,7.0,7.6,6.84,11.0,1.07,14.0,0.2,0.4,0.3,4.03,6.0,7.39,5.86,14.0,1.54,14.0,0.2,0.4,0.3,5.12,5.6,5.68,5.41,6.0,0.51,20.0,0.3,0.3,0.5,88.4,91.4,93.7,90.8,6.0,4.1,20.0,0.3,0.5,1.06,5.65,12.28,7.48,14.0,6.81,14.0,0.2,0.4,0.3,-0.67,1.47,4.1,1.51,14.0,6.95,14.0,0.2,0.4,0.3,0.36,4.32,11.28,5.34,14.0,5.01,14.0,0.2,0.4,0.3,987.58,999.15,1032.07,1004.54,14.0,21.2,14.0,0.2,0.4,0.3,0.3,7.0,8.0,5.6,14.0,3.1,14.0,0.2,0.4,0.3,-1.4,3.1,49.3,7.0,14.0,131.2,14.0,0.2,0.4,0.3,0.4,30.3,135.3,67.8,14.0,90.9,14.0,0.2,0.4,0.3,-0.44,0.4,2.15,0.98,11.0,1.57,14.0,0.2,0.4,0.3,-4.4,0.2,19.8,8.3,11.0,19.0,14.0,0.2,0.4,0.3,0.63,0.78,1.11,0.84,6.0,0.43,20.0,0.3,0.3,0.5,0.6,1.4,9.0,6.7,6.0,13.4,20.0,0.3,0.3,0.5,-4.0,7.5,17.7,10.2,14.0,37.3,14.0,0.2,0.4,0.3,2.6,28.7,48.6,28.1,14.0,26.0,14.0,0.2,0.4,0.3,-18.6,0.0,5.3,-11.5,6.0,31.6,20.0,0.3,0.3,0.5,1.5,6.2,65.3,25.1,6.0,33.6,20.0,0.3,0.3,0.5,-5.9,0.0,0.7,-4.2,6.0,10.7,20.0,0.3,0.3,0.5,0.2,1.1,6.5,4.5,6.0,8.5,20.0,0.3,0.3,0.5,1.5,199.0,1852.5,1590.0,14.0,2979.5,14.0,0.2,0.4,0.3,0.0,200.0,1850.0,1590.0,14.0,2980.0,14.0,0.2,0.4,0.3
1974,2,1.0,60.0,3.9,5.45,7.24,5.5,6.0,1.71,16.0,0.7,0.8,0.5,4.0,5.0,6.0,5.14,165.0,1.43,14.0,0.4,0.9,0.6,4.42,4.42,5.41,4.91,3.0,0.84,12.0,0.0,0.9,0.5,77.6,82.1,94.3,85.9,3.0,12.7,12.0,0.0,0.5,6.2,11.8,18.0,12.23,192.0,5.35,14.0,0.4,0.9,0.6,-11.48,0.0,8.55,-1.4,192.0,9.24,14.0,0.4,0.9,0.6,-1.22,7.11,12.64,6.02,192.0,7.43,14.0,0.4,0.9,0.6,987.07,998.2,1023.31,1003.37,142.0,18.09,14.0,0.4,0.9,0.6,4.0,7.0,8.0,6.3,185.0,2.1,14.0,0.4,0.9,0.6,-172.5,0.0,96.2,-31.5,192.0,161.1,14.0,0.4,0.9,0.6,-3.0,68.7,212.2,91.9,192.0,129.4,14.0,0.4,0.9,0.6,-3.71,-0.1,2.57,-0.28,6.0,3.41,16.0,0.7,0.8,0.5,-16.0,1.7,26.8,7.2,6.0,35.7,16.0,0.7,0.8,0.5,1.81,1.81,1.81,1.81,1.0,0.0,20.0,0.0,0.8,0.3,9.2,9.2,9.2,9.2,1.0,0.0,20.0,0.0,0.8,0.3,-48.6,0.0,43.3,-1.5,156.0,48.5,14.0,0.4,0.9,0.6,0.0,38.7,71.9,36.8,156.0,37.4,14.0,0.4,0.9,0.6,-105.3,-78.9,-30.3,-68.1,3.0,55.7,12.0,0.0,0.9,0.5,23.6,28.7,55.4,39.3,3.0,25.1,12.0,0.0,0.9,0.5,-3.2,-3.2,-3.2,-3.2,1.0,0.0,20.0,0.0,0.8,0.3,8.7,8.7,8.7,8.7,1.0,0.0,20.0,0.0,0.8,0.3,238.5,1643.0,5832.0,2915.0,192.0,3336.5,14.0,0.4,0.9,0.6,240.0,1645.0,5830.0,2915.0,192.0,3335.0,14.0,0.4,0.9,0.6
1974,2,1.0,61.0,7.4,8.0,9.0,8.14,209.0,0.65,12.0,0.3,0.4,0.4,3.32,6.0,7.3,5.58,260.0,1.98,14.0,0.4,0.4,0.3,3.77,4.52,5.12,4.51,72.0,0.67,8.0,0.3,0.6,0.3,67.6,74.9,87.1,76.4,72.0,9.1,8.0,0.3,0.3,4.0,9.0,15.82,9.74,254.0,5.63,14.0,0.4,0.4,0.3,-6.5,0.0,7.89,0.67,254.0,7.16,14.0,0.4,0.4,0.3,-2.14,4.0,11.26,4.29,254.0,7.54,14.0,0.4,0.4,0.3,984.6,996.25,1020.39,998.32,228.0,16.48,14.0,0.3,0.4,0.4,5.0,8.0,8.0,6.8,196.0,1.7,14.0,0.5,0.4,0.3,-64.0,0.0,77.8,7.4,254.0,111.1,14.0,0.4,0.4,0.3,-13.6,27.6,142.7,63.3,254.0,140.4,14.0,0.4,0.4,0.3,0.9,2.6,5.2,2.79,209.0,1.94,12.0,0.3,0.4,0.4,4.1,20.8,40.7,23.6,203.0,19.3,12.0,0.3,0.4,0.4,1.63,2.26,2.83,2.21,72.0,0.69,8.0,0.3,0.6,0.3,6.9,18.6,26.9,17.2,70.0,9.1,8.0,0.3,0.6,0.3,-36.1,0.0,42.9,5.1,252.0,44.9,14.0,0.4,0.4,0.3,-9.0,17.6,68.1,26.9,252.0,45.2,14.0,0.4,0.4,0.3,-34.5,-13.0,11.6,-13.4,70.0,21.3,8.0,0.3,0.6,0.3,-10.4,14.5,46.6,18.2,70.0,33.6,8.0,0.3,0.6,0.3,-17.6,-5.5,6.5,-6.3,70.0,11.3,8.0,0.3,0.6,0.3,-7.1,5.4,18.0,4.6,70.0,13.9,8.0,0.3,0.6,0.3,64.0,729.0,3964.0,1992.0,254.0,3359.0,14.0,0.4,0.4,0.3,65.0,730.0,3965.0,1990.0,254.0,3360.0,14.0,0.4,0.4,0.3
1974,2,1.0,62.0,8.0,9.0,9.0,8.62,11.0,0.49,18.0,0.3,0.5,0.1,5.0,6.0,7.0,6.18,57.0,1.36,14.0,0.6,0.7,0.1,5.87,5.87,5.87,5.87,1.0,0.0,14.0,0.0,0.8,0.1,100.0,100.0,100.0,100.0,1.0,0.0,14.0,0.0,0.1,8.06,12.9,17.14,12.76,56.0,5.03,14.0,0.7,0.7,0.1,-6.0,0.0,12.25,2.63,56.0,8.57,14.0,0.7,0.7,0.1,0.0,7.24,13.49,6.85,56.0,7.93,14.0,0.7,0.7,0.1,1000.04,1007.0,1030.72,1013.11,27.0,13.25,14.0,0.6,0.6,0.1,4.0,6.0,8.0,6.0,43.0,1.9,14.0,0.7,0.7,0.1,-81.4,0.0,172.2,38.8,56.0,130.7,14.0,0.7,0.7,0.1,0.0,75.6,212.4,112.8,56.0,149.7,14.0,0.7,0.7,0.1,,,,,,,,,,,,,,,,,,,,,,,,,,,,,,,,,,,,,,,,,,,,,,,,,,,,,,,,,,,,,,,,,,,,,,,,,,,,,,,,,,,,,,,,,,,,,,,,,,,,,,,,,,,,,,,,,,,,,,,,
1974,2,1.0,63.0,6.61,6.85,7.09,6.85,2.0,0.49,10.0,0.0,0.9,0.4,-0.53,2.2,4.93,2.2,2.0,5.66,10.0,0.0,0.9,0.4,2.47,2.47,2.47,2.47,1.0,0.0,8.0,0.0,0.9,0.9,73.0,73.0,73.0,73.0,1.0,0.0,8.0,0.0,0.9,8.33,8.6,8.87,8.6,2.0,0.57,10.0,0.0,0.9,0.4,2.6,5.14,7.68,5.14,2.0,5.26,10.0,0.0,0.9,0.4,-7.04,-4.82,-2.6,-4.82,2.0,4.61,10.0,0.0,0.9,0.4,974.34,981.75,989.16,981.75,2.0,15.34,10.0,0.0,0.9,0.4,7.2,7.5,7.8,7.5,2.0,0.7,10.0,0.0,0.9,0.4,22.5,45.7,69.0,45.7,2.0,48.1,10.0,0.0,0.9,0.4,-57.9,-40.1,-22.3,-40.1,2.0,36.9,10.0,0.0,0.9,0.4,2.16,4.65,7.14,4.65,2.0,5.16,10.0,0.0,0.9,0.4,18.4,38.5,58.7,38.5,2.0,41.8,10.0,0.0,0.9,0.4,3.65,3.65,3.65,3.65,1.0,0.0,8.0,0.0,0.9,0.9,29.9,29.9,29.9,29.9,1.0,0.0,8.0,0.0,0.9,0.9,6.6,26.2,45.8,26.2,2.0,40.7,10.0,0.0,0.9,0.4,-5.8,2.4,10.7,2.4,2.0,17.1,10.0,0.0,0.9,0.4,3.5,3.5,3.5,3.5,1.0,0.0,8.0,0.0,0.9,0.9,-19.9,-19.9,-19.9,-19.9,1.0,0.0,8.0,0.0,0.9,0.9,5.2,5.2,5.2,5.2,1.0,0.0,8.0,0.0,0.9,0.9,-29.5,-29.5,-29.5,-29.5,1.0,0.0,8.0,0.0,0.9,0.9,579.5,640.0,701.0,640.0,2.0,125.5,10.0,0.0,0.9,0.4,580.0,640.0,700.0,640.0,2.0,125.0,10.0,0.0,0.9,0.4
1974,2,1.0,64.0,7.4,7.4,7.4,7.4,1.0,0.0,16.0,0.0,0.9,0.0,8.2,8.2,8.2,8.2,1.0,0.0,16.0,0.0,0.9,0.0,6.44,6.44,6.44,6.44,1.0,0.0,16.0,0.0,0.9,0.0,94.7,94.7,94.7,94.7,1.0,0.0,16.0,0.0,0.0,5.1,5.1,5.1,5.1,1.0,0.0,16.0,0.0,0.9,0.0,-2.55,-2.55,-2.55,-2.55,1.0,0.0,16.0,0.0,0.9,0.0,4.42,4.42,4.42,4.42,1.0,0.0,16.0,0.0,0.9,0.0,1002.8,1002.8,1002.8,1002.8,1.0,0.0,16.0,0.0,0.9,0.0,8.0,8.0,8.0,8.0,1.0,0.0,16.0,0.0,0.9,0.0,-13.0,-13.0,-13.0,-13.0,1.0,0.0,16.0,0.0,0.9,0.0,22.5,22.5,22.5,22.5,1.0,0.0,16.0,0.0,0.9,0.0,-0.8,-0.8,-0.8,-0.8,1.0,0.0,16.0,0.0,0.9,0.0,-4.1,-4.1,-4.1,-4.1,1.0,0.0,16.0,0.0,0.9,0.0,0.0,0.0,0.0,0.0,1.0,0.0,16.0,0.0,0.9,0.0,0.0,0.0,0.0,0.0,1.0,0.0,16.0,0.0,0.9,0.0,-20.9,-20.9,-20.9,-20.9,1.0,0.0,16.0,0.0,0.9,0.0,36.2,36.2,36.2,36.2,1.0,0.0,16.0,0.0,0.9,0.0,-16.4,-16.4,-16.4,-16.4,1.0,0.0,16.0,0.0,0.9,0.0,28.4,28.4,28.4,28.4,1.0,0.0,16.0,0.0,0.9,0.0,0.0,0.0,0.0,0.0,1.0,0.0,16.0,0.0,0.9,0.0,0.0,0.0,0.0,0.0,1.0,0.0,16.0,0.0,0.9,0.0,132.5,132.5,132.5,132.5,1.0,0.0,16.0,0.0,0.9,0.0,135.0,135.0,135.0,135.0,1.0,0.0,16.0,0.0,0.9,0.0
1974,2,1.0,65.0,5.97,6.1,6.7,6.22,62.0,0.42,16.0,0.3,0.7,0.8,1.57,2.9,6.0,3.65,62.0,2.21,16.0,0.3,0.7,0.8,3.33,3.98,5.3,4.24,62.0,0.81,16.0,0.3,0.7,0.8,76.3,84.6,92.7,84.6,62.0,7.0,16.0,0.3,0.8,7.7,10.55,14.4,10.88,62.0,2.85,16.0,0.3,0.7,0.8,-8.14,-3.07,5.75,-1.73,62.0,6.38,16.0,0.3,0.7,0.8,-7.9,0.18,12.74,2.1,62.0,8.95,16.0,0.3,0.7,0.8,992.04,1004.8,1019.46,1004.76,62.0,12.69,16.0,0.3,0.7,0.8,2.0,4.0,8.0,5.1,62.0,2.5,16.0,0.3,0.7,0.8,-85.1,-31.4,66.8,-14.4,62.0,73.5,16.0,0.3,0.7,0.8,-81.3,3.4,172.8,34.4,62.0,115.2,16.0,0.3,0.7,0.8,0.27,3.2,4.5,2.57,62.0,2.05,16.0,0.3,0.7,0.8,3.2,22.6,51.7,25.3,62.0,21.8,16.0,0.3,0.7,0.8,0.74,2.06,2.54,1.69,62.0,0.77,16.0,0.3,0.7,0.8,8.5,16.7,25.9,17.5,62.0,8.4,16.0,0.3,0.7,0.8,-17.3,0.0,32.5,4.5,62.0,24.2,16.0,0.3,0.7,0.8,-13.3,6.7,79.1,25.1,62.0,39.9,16.0,0.3,0.7,0.8,-28.4,-13.7,29.9,-3.1,62.0,27.1,16.0,0.3,0.7,0.8,-27.0,1.0,65.0,15.3,62.0,39.7,16.0,0.3,0.7,0.8,-20.0,-5.0,4.4,-6.7,62.0,11.8,16.0,0.3,0.7,0.8,-19.1,0.1,10.2,-2.8,62.0,13.7,16.0,0.3,0.7,0.8,456.5,1176.0,2986.0,1547.0,62.0,1079.5,16.0,0.3,0.7,0.8,455.0,1175.0,2985.0,1545.0,62.0,1080.0,16.0,0.3,0.7,0.8
1974,2,1.0,66.0,5.7,6.3,6.8,6.24,91.0,0.46,14.0,0.3,0.6,0.0,1.53,4.1,6.3,3.9,91.0,2.08,14.0,0.3,0.6,0.0,3.55,4.14,5.33,4.32,90.0,0.86,14.0,0.3,0.6,0.0,77.0,84.9,92.0,83.7,90.0,8.6,14.0,0.3,0.0,9.44,12.9,15.9,12.56,91.0,3.14,14.0,0.3,0.6,0.0,-10.81,-2.98,7.65,-1.53,91.0,8.33,14.0,0.3,0.6,0.0,-10.2,-2.76,12.04,-0.09,91.0,9.87,14.0,0.3,0.6,0.0,976.2,996.5,1011.75,996.62,91.0,15.8,14.0,0.3,0.6,0.0,3.0,7.0,8.0,5.8,91.0,2.1,14.0,0.3,0.6,0.0,-137.6,-25.9,91.3,-25.8,91.0,114.5,14.0,0.3,0.6,0.0,-120.4,-41.2,167.3,11.3,91.0,145.0,14.0,0.3,0.6,0.0,0.5,1.8,4.7,2.34,91.0,1.94,14.0,0.3,0.6,0.0,5.6,21.6,50.1,27.1,91.0,21.5,14.0,0.3,0.6,0.0,0.72,1.55,2.46,1.67,90.0,0.82,14.0,0.3,0.6,0.0,9.3,19.3,30.9,20.5,90.0,10.9,14.0,0.3,0.6,0.0,-31.5,-2.8,39.2,-1.2,91.0,38.7,14.0,0.3,0.6,0.0,-20.7,-5.0,80.2,14.8,91.0,45.2,14.0,0.3,0.6,0.0,-41.9,-9.5,37.6,-4.8,90.0,38.6,14.0,0.3,0.6,0.0,-36.5,-13.7,64.9,4.6,90.0,43.0,14.0,0.3,0.6,0.0,-19.6,-4.3,9.7,-3.9,90.0,13.4,14.0,0.3,0.6,0.0,-23.4,-2.4,10.1,-3.9,90.0,18.3,14.0,0.3,0.6,0.0,843.0,2146.5,4019.5,2352.0,91.0,1691.0,14.0,0.3,0.6,0.0,845.0,2145.0,4020.0,2350.0,91.0,1690.0,14.0,0.3,0.6,0.0
1974,2,1.0,67.0,,,,,,,,,,,,,,,,,,,,,,,,,,,,,,,,,,,,,,,,6.0,6.0,6.0,6.0,2.0,0.0,22.0,0.0,0.2,0.5,-0.05,2.08,4.21,2.08,2.0,4.41,22.0,0.0,0.2,0.5,3.46,4.45,5.45,4.45,2.0,2.06,22.0,0.0,0.2,0.5,1019.03,1023.4,1027.77,1023.4,2.0,9.05,22.0,0.0,0.2,0.5,,,,,,,,,,,,,,,,,,,,,,,,,,,,,,,,,,,,,,,,,,,,,,,,,,,,,,,,,,,,,,,,,,,,,,,,,,,,,,,,,,,,,,,,,,,,,,,,,,,,,,,,,,,,,,,,,,,,,,,,,,,,,,,,,,,,,,,,,,,,,,,,,,,,,,
1974,2,1.0,68.0,,,,,,,,,,,,,,,,,,,,,,,,,,,,,,,,,,,,,,,,13.0,13.0,13.0,13.0,1.0,0.0,28.0,1.0,0.0,0.1,4.45,4.45,4.45,4.45,1.0,0.0,28.0,1.0,0.0,0.1,12.22,12.22,12.22,12.22,1.0,0.0,28.0,1.0,0.0,0.1,1010.6,1010.6,1010.6,1010.6,1.0,0.0,28.0,1.0,0.0,0.1,,,,,,,,,,,,,,,,,,,,,,,,,,,,,,,,,,,,,,,,,,,,,,,,,,,,,,,,,,,,,,,,,,,,,,,,,,,,,,,,,,,,,,,,,,,,,,,,,,,,,,,,,,,,,,,,,,,,,,,,,,,,,,,,,,,,,,,,,,,,,,,,,,,,,,
1974,2,1.0,71.0,4.2,4.4,4.6,4.4,2.0,0.42,20.0,0.0,0.3,0.2,4.6,4.6,4.6,4.6,2.0,0.0,20.0,0.0,0.3,0.2,5.02,5.02,5.02,5.02,1.0,0.0,20.0,0.0,0.4,0.2,95.9,95.9,95.9,95.9,1.0,0.0,20.0,0.0,0.2,6.8,8.1,9.4,8.1,2.0,2.69,20.0,0.0,0.3,0.2,0.17,0.54,0.91,0.54,2.0,0.76,20.0,0.0,0.3,0.2,6.72,8.05,9.38,8.05,2.0,2.75,20.0,0.0,0.3,0.2,1014.61,1014.85,1015.09,1014.85,2.0,0.49,20.0,0.0,0.3,0.2,8.0,8.0,8.0,8.0,2.0,0.0,20.0,0.0,0.3,0.2,1.1,3.3,5.6,3.3,2.0,4.7,20.0,0.0,0.3,0.2,47.7,68.9,90.1,68.9,2.0,43.9,20.0,0.0,0.3,0.2,-0.4,-0.2,0.0,-0.2,2.0,0.42,20.0,0.0,0.3,0.2,-4.1,-2.2,-0.3,-2.2,2.0,4.0,20.0,0.0,0.3,0.2,0.25,0.25,0.25,0.25,1.0,0.0,20.0,0.0,0.4,0.2,1.6,1.6,1.6,1.6,1.0,0.0,20.0,0.0,0.4,0.2,0.8,2.5,4.2,2.5,2.0,3.5,20.0,0.0,0.3,0.2,30.9,37.0,43.2,37.0,2.0,12.7,20.0,0.0,0.3,0.2,5.4,5.4,5.4,5.4,1.0,0.0,20.0,0.0,0.4,0.2,30.7,30.7,30.7,30.7,1.0,0.0,20.0,0.0,0.4,0.2,0.3,0.3,0.3,0.3,1.0,0.0,20.0,0.0,0.4,0.2,1.5,1.5,1.5,1.5,1.0,0.0,20.0,0.0,0.4,0.2,359.0,619.0,879.0,619.0,2.0,538.5,20.0,0.0,0.3,0.2,360.0,620.0,880.0,620.0,2.0,540.0,20.0,0.0,0.3,0.2
1974,2,2.0,-70.0,1.3,1.3,1.3,1.3,2.0,0.0,6.0,1.0,0.3,0.2,-2.67,-2.4,-2.13,-2.4,2.0,0.57,6.0,1.0,0.3,0.2,2.72,2.72,2.72,2.72,1.0,0.0,6.0,1.0,0.3,0.2,80.5,80.5,80.5,80.5,1.0,0.0,6.0,1.0,0.2,3.76,4.1,4.44,4.1,2.0,0.71,6.0,1.0,0.3,0.2,0.2,0.62,1.04,0.62,2.0,0.87,6.0,1.0,0.3,0.2,3.58,3.99,4.41,3.99,2.0,0.86,6.0,1.0,0.3,0.2,979.99,980.4,980.81,980.4,2.0,0.85,6.0,1.0,0.3,0.2,8.0,8.0,8.0,8.0,1.0,0.0,6.0,1.0,0.3,0.2,0.7,2.2,3.7,2.2,2.0,3.1,6.0,1.0,0.3,0.2,13.6,16.7,19.7,16.7,2.0,6.4,6.0,1.0,0.3,0.2,3.43,3.7,3.97,3.7,2.0,0.57,6.0,1.0,0.3,0.2,13.0,15.4,17.8,15.4,2.0,4.9,6.0,1.0,0.3,0.2,1.58,1.58,1.58,1.58,1.0,0.0,6.0,1.0,0.3,0.2,5.7,5.7,5.7,5.7,1.0,0.0,6.0,1.0,0.3,0.2,-2.1,-1.2,-0.4,-1.2,2.0,1.7,6.0,1.0,0.3,0.2,-11.9,-9.8,-7.7,-9.8,2.0,4.3,6.0,1.0,0.3,0.2,3.3,3.3,3.3,3.3,1.0,0.0,6.0,1.0,0.3,0.2,9.2,9.2,9.2,9.2,1.0,0.0,6.0,1.0,0.3,0.2,1.9,1.9,1.9,1.9,1.0,0.0,6.0,1.0,0.3,0.2,5.3,5.3,5.3,5.3,1.0,0.0,6.0,1.0,0.3,0.2,54.5,72.0,89.5,72.0,2.0,36.0,6.0,1.0,0.3,0.2,55.0,70.0,90.0,70.0,2.0,35.0,6.0,1.0,0.3,0.2
1974,2,2.0,-67.0,,,,,,,,,,,,,,,,,,,,,,,,,,,,,,,,,,,,,,,,13.9,13.9,13.9,13.9,1.0,0.0,28.0,0.0,0.2,0.4,-12.04,-12.04,-12.04,-12.04,1.0,0.0,28.0,0.0,0.2,0.4,6.95,6.95,6.95,6.95,1.0,0.0,28.0,0.0,0.2,0.4,969.4,969.4,969.4,969.4,1.0,0.0,28.0,0.0,0.2,0.4,,,,,,,,,,,,,,,,,,,,,,,,,,,,,,,,,,,,,,,,,,,,,,,,,,,,,,,,,,,,,,,,,,,,,,,,,,,,,,,,,,,,,,,,,,,,,,,,,,,,,,,,,,,,,,,,,,,,,,,,,,,,,,,,,,,,,,,,,,,,,,,,,,,,,,
1974,2,2.0,-61.0,,,,,,,,,,,,,,,,,,,,,,,,,,,,,,,,,,,,,,,,12.9,12.9,12.9,12.9,1.0,0.0,28.0,0.0,0.0,0.7,8.29,8.29,8.29,8.29,1.0,0.0,28.0,0.0,0.0,0.7,-9.88,-9.88,-9.88,-9.88,1.0,0.0,28.0,0.0,0.0,0.7,980.3,980.3,980.3,980.3,1.0,0.0,28.0,0.0,0.0,0.7,,,,,,,,,,,,,,,,,,,,,,,,,,,,,,,,,,,,,,,,,,,,,,,,,,,,,,,,,,,,,,,,,,,,,,,,,,,,,,,,,,,,,,,,,,,,,,,,,,,,,,,,,,,,,,,,,,,,,,,,,,,,,,,,,,,,,,,,,,,,,,,,,,,,,,
1974,2,2.0,-58.0,,,,,,,,,,,,,,,,,,,,,,,,,,,,,,,,,,,,,,,,6.7,6.7,6.7,6.7,1.0,0.0,4.0,1.0,0.0,1.0,5.13,5.13,5.13,5.13,1.0,0.0,4.0,1.0,0.0,1.0,4.31,4.31,4.31,4.31,1.0,0.0,4.0,1.0,0.0,1.0,1004.2,1004.2,1004.2,1004.2,1.0,0.0,4.0,1.0,0.0,1.0,,,,,,,,,,,,,,,,,,,,,,,,,,,,,,,,,,,,,,,,,,,,,,,,,,,,,,,,,,,,,,,,,,,,,,,,,,,,,,,,,,,,,,,,,,,,,,,,,,,,,,,,,,,,,,,,,,,,,,,,,,,,,,,,,,,,,,,,,,,,,,,,,,,,,,
1974,2,2.0,-36.0,18.0,18.0,18.0,18.0,1.0,0.0,2.0,0.0,0.9,0.9,18.5,18.5,18.5,18.5,1.0,0.0,2.0,0.0,0.9,0.9,11.21,11.21,11.21,11.21,1.0,0.0,2.0,0.0,0.9,0.9,85.4,85.4,85.4,85.4,1.0,0.0,2.0,0.0,0.9,3.6,3.6,3.6,3.6,1.0,0.0,2.0,0.0,0.9,0.9,0.63,0.63,0.63,0.63,1.0,0.0,2.0,0.0,0.9,0.9,3.55,3.55,3.55,3.55,1.0,0.0,2.0,0.0,0.9,0.9,1019.7,1019.7,1019.7,1019.7,1.0,0.0,2.0,0.0,0.9,0.9,8.0,8.0,8.0,8.0,1.0,0.0,2.0,0.0,0.9,0.9,2.3,2.3,2.3,2.3,1.0,0.0,2.0,0.0,0.9,0.9,12.8,12.8,12.8,12.8,1.0,0.0,2.0,0.0,0.9,0.9,-0.5,-0.5,-0.5,-0.5,1.0,0.0,2.0,0.0,0.9,0.9,-1.8,-1.8,-1.8,-1.8,1.0,0.0,2.0,0.0,0.9,0.9,1.53,1.53,1.53,1.53,1.0,0.0,2.0,0.0,0.9,0.9,5.5,5.5,5.5,5.5,1.0,0.0,2.0,0.0,0.9,0.9,11.6,11.6,11.6,11.6,1.0,0.0,2.0,0.0,0.9,0.9,65.6,65.6,65.6,65.6,1.0,0.0,2.0,0.0,0.9,0.9,7.0,7.0,7.0,7.0,1.0,0.0,2.0,0.0,0.9,0.9,39.7,39.7,39.7,39.7,1.0,0.0,2.0,0.0,0.9,0.9,1.0,1.0,1.0,1.0,1.0,0.0,2.0,0.0,0.9,0.9,5.4,5.4,5.4,5.4,1.0,0.0,2.0,0.0,0.9,0.9,46.5,46.5,46.5,46.5,1.0,0.0,2.0,0.0,0.9,0.9,45.0,45.0,45.0,45.0,1.0,0.0,2.0,0.0,0.9,0.9
1974,2,2.0,-34.0,20.5,20.5,20.5,20.5,1.0,0.0,14.0,1.0,0.1,0.3,23.0,23.0,23.0,23.0,1.0,0.0,14.0,1.0,0.1,0.3,11.85,11.85,11.85,11.85,1.0,0.0,14.0,1.0,0.1,0.3,68.5,68.5,68.5,68.5,1.0,0.0,14.0,1.0,0.3,4.6,4.6,4.6,4.6,1.0,0.0,14.0,1.0,0.1,0.3,-2.96,-2.96,-2.96,-2.96,1.0,0.0,14.0,1.0,0.1,0.3,-3.52,-3.52,-3.52,-3.52,1.0,0.0,14.0,1.0,0.1,0.3,1022.0,1022.0,1022.0,1022.0,1.0,0.0,14.0,1.0,0.1,0.3,3.0,3.0,3.0,3.0,1.0,0.0,14.0,1.0,0.1,0.3,-13.6,-13.6,-13.6,-13.6,1.0,0.0,14.0,1.0,0.1,0.3,-16.2,-16.2,-16.2,-16.2,1.0,0.0,14.0,1.0,0.1,0.3,-2.5,-2.5,-2.5,-2.5,1.0,0.0,14.0,1.0,0.1,0.3,-11.5,-11.5,-11.5,-11.5,1.0,0.0,14.0,1.0,0.1,0.3,3.02,3.02,3.02,3.02,1.0,0.0,14.0,1.0,0.1,0.3,13.9,13.9,13.9,13.9,1.0,0.0,14.0,1.0,0.1,0.3,-68.0,-68.0,-68.0,-68.0,1.0,0.0,14.0,1.0,0.1,0.3,-81.0,-81.0,-81.0,-81.0,1.0,0.0,14.0,1.0,0.1,0.3,-35.0,-35.0,-35.0,-35.0,1.0,0.0,14.0,1.0,0.1,0.3,-41.8,-41.8,-41.8,-41.8,1.0,0.0,14.0,1.0,0.1,0.3,-8.9,-8.9,-8.9,-8.9,1.0,0.0,14.0,1.0,0.1,0.3,-10.7,-10.7,-10.7,-10.7,1.0,0.0,14.0,1.0,0.1,0.3,97.5,97.5,97.5,97.5,1.0,0.0,14.0,1.0,0.1,0.3,95.0,95.0,95.0,95.0,1.0,0.0,14.0,1.0,0.1,0.3
1974,2,2.0,-33.0,23.1,23.1,23.1,23.1,1.0,0.0,8.0,1.0,0.6,0.6,18.0,18.0,18.0,18.0,1.0,0.0,8.0,1.0,0.6,0.6,8.76,8.76,8.76,8.76,1.0,0.0,8.0,1.0,0.6,0.6,69.3,69.3,69.3,69.3,1.0,0.0,8.0,1.0,0.6,6.2,6.2,6.2,6.2,1.0,0.0,8.0,1.0,0.6,0.6,-5.83,-5.83,-5.83,-5.83,1.0,0.0,8.0,1.0,0.6,0.6,2.12,2.12,2.12,2.12,1.0,0.0,8.0,1.0,0.6,0.6,1024.8,1024.8,1024.8,1024.8,1.0,0.0,8.0,1.0,0.6,0.6,8.0,8.0,8.0,8.0,1.0,0.0,8.0,1.0,0.6,0.6,-36.1,-36.1,-36.1,-36.1,1.0,0.0,8.0,1.0,0.6,0.6,13.1,13.1,13.1,13.1,1.0,0.0,8.0,1.0,0.6,0.6,5.1,5.1,5.1,5.1,1.0,0.0,8.0,1.0,0.6,0.6,31.6,31.6,31.6,31.6,1.0,0.0,8.0,1.0,0.6,0.6,8.65,8.65,8.65,8.65,1.0,0.0,8.0,1.0,0.6,0.6,53.6,53.6,53.6,53.6,1.0,0.0,8.0,1.0,0.6,0.6,-104.9,-104.9,-104.9,-104.9,1.0,0.0,8.0,1.0,0.6,0.6,38.2,38.2,38.2,38.2,1.0,0.0,8.0,1.0,0.6,0.6,-51.1,-51.1,-51.1,-51.1,1.0,0.0,8.0,1.0,0.6,0.6,18.6,18.6,18.6,18.6,1.0,0.0,8.0,1.0,0.6,0.6,-50.4,-50.4,-50.4,-50.4,1.0,0.0,8.0,1.0,0.6,0.6,18.3,18.3,18.3,18.3,1.0,0.0,8.0,1.0,0.6,0.6,238.5,238.5,238.5,238.5,1.0,0.0,8.0,1.0,0.6,0.6,240.0,240.0,240.0,240.0,1.0,0.0,8.0,1.0,0.6,0.6
1974,2,2.0,-32.0,22.2,22.2,22.2,22.2,2.0,0.0,16.0,1.0,0.7,0.5,20.66,21.0,21.34,21.0,2.0,0.71,16.0,1.0,0.7,0.5,12.62,12.69,12.76,12.69,2.0,0.15,16.0,1.0,0.7,0.5,80.5,82.8,85.1,82.8,2.0,4.7,16.0,1.0,0.5,7.2,7.2,7.2,7.2,1.0,0.0,14.0,1.0,0.7,0.8,-6.77,-6.77,-6.77,-6.77,1.0,0.0,14.0,1.0,0.7,0.8,-2.46,-2.46,-2.46,-2.46,1.0,0.0,14.0,1.0,0.7,0.8,1019.72,1020.4,1021.08,1020.4,2.0,1.41,16.0,1.0,0.7,0.5,2.8,4.5,6.2,4.5,2.0,3.5,16.0,1.0,0.7,0.5,-48.7,-48.7,-48.7,-48.7,1.0,0.0,14.0,1.0,0.7,0.8,-17.7,-17.7,-17.7,-17.7,1.0,0.0,14.0,1.0,0.7,0.8,0.86,1.2,1.54,1.2,2.0,0.71,16.0,1.0,0.7,0.5,5.0,5.0,5.0,5.0,1.0,0.0,14.0,1.0,0.7,0.8,3.78,3.86,3.95,3.86,2.0,0.18,16.0,1.0,0.7,0.5,28.7,28.7,28.7,28.7,1.0,0.0,14.0,1.0,0.7,0.8,-145.5,-145.5,-145.5,-145.5,1.0,0.0,14.0,1.0,0.7,0.8,-52.9,-52.9,-52.9,-52.9,1.0,0.0,14.0,1.0,0.7,0.8,-85.1,-85.1,-85.1,-85.1,1.0,0.0,14.0,1.0,0.7,0.8,-31.0,-31.0,-31.0,-31.0,1.0,0.0,14.0,1.0,0.7,0.8,-27.0,-27.0,-27.0,-27.0,1.0,0.0,14.0,1.0,0.7,0.8,-9.8,-9.8,-9.8,-9.8,1.0,0.0,14.0,1.0,0.7,0.8,373.0,373.0,373.0,373.0,1.0,0.0,14.0,1.0,0.7,0.8,375.0,375.0,375.0,375.0,1.0,0.0,14.0,1.0,0.7,0.8
1974,2,2.0,-31.0,22.2,22.2,22.2,22.2,1.0,0.0,16.0,1.0,0.7,1.0,23.3,23.3,23.3,23.3,1.0,0.0,16.0,1.0,0.7,1.0,14.32,14.32,14.32,14.32,1.0,0.0,16.0,1.0,0.7,1.0,81.2,81.2,81.2,81.2,1.0,0.0,16.0,1.0,1.0,5.7,5.7,5.7,5.7,1.0,0.0,16.0,1.0,0.7,1.0,-3.66,-3.66,-3.66,-3.66,1.0,0.0,16.0,1.0,0.7,1.0,4.37,4.37,4.37,4.37,1.0,0.0,16.0,1.0,0.7,1.0,1022.0,1022.0,1022.0,1022.0,1.0,0.0,16.0,1.0,0.7,1.0,2.0,2.0,2.0,2.0,1.0,0.0,16.0,1.0,0.7,1.0,-20.9,-20.9,-20.9,-20.9,1.0,0.0,16.0,1.0,0.7,1.0,24.9,24.9,24.9,24.9,1.0,0.0,16.0,1.0,0.7,1.0,-1.1,-1.1,-1.1,-1.1,1.0,0.0,16.0,1.0,0.7,1.0,-6.3,-6.3,-6.3,-6.3,1.0,0.0,16.0,1.0,0.7,1.0,2.2,2.2,2.2,2.2,1.0,0.0,16.0,1.0,0.7,1.0,12.5,12.5,12.5,12.5,1.0,0.0,16.0,1.0,0.7,1.0,-85.4,-85.4,-85.4,-85.4,1.0,0.0,16.0,1.0,0.7,1.0,101.7,101.7,101.7,101.7,1.0,0.0,16.0,1.0,0.7,1.0,-52.5,-52.5,-52.5,-52.5,1.0,0.0,16.0,1.0,0.7,1.0,62.5,62.5,62.5,62.5,1.0,0.0,16.0,1.0,0.7,1.0,-8.1,-8.1,-8.1,-8.1,1.0,0.0,16.0,1.0,0.7,1.0,9.6,9.6,9.6,9.6,1.0,0.0,16.0,1.0,0.7,1.0,185.0,185.0,185.0,185.0,1.0,0.0,16.0,1.0,0.7,1.0,185.0,185.0,185.0,185.0,1.0,0.0,16.0,1.0,0.7,1.0
1974,2,2.0,-30.0,20.6,20.6,20.6,20.6,1.0,0.0,10.0,0.0,0.0,0.7,18.8,18.8,18.8,18.8,1.0,0.0,10.0,0.0,0.0,0.7,9.66,9.66,9.66,9.66,1.0,0.0,10.0,0.0,0.0,0.7,72.2,72.2,72.2,72.2,1.0,0.0,10.0,0.0,0.7,7.7,7.7,7.7,7.7,1.0,0.0,10.0,0.0,0.0,0.7,-2.63,-2.63,-2.63,-2.63,1.0,0.0,10.0,0.0,0.0,0.7,7.24,7.24,7.24,7.24,1.0,0.0,10.0,0.0,0.0,0.7,1019.3,1019.3,1019.3,1019.3,1.0,0.0,10.0,0.0,0.0,0.7,8.0,8.0,8.0,8.0,1.0,0.0,10.0,0.0,0.0,0.7,-20.3,-20.3,-20.3,-20.3,1.0,0.0,10.0,0.0,0.0,0.7,55.7,55.7,55.7,55.7,1.0,0.0,10.0,0.0,0.0,0.7,1.8,1.8,1.8,1.8,1.0,0.0,10.0,0.0,0.0,0.7,13.9,13.9,13.9,13.9,1.0,0.0,10.0,0.0,0.0,0.7,5.34,5.34,5.34,5.34,1.0,0.0,10.0,0.0,0.0,0.7,41.2,41.2,41.2,41.2,1.0,0.0,10.0,0.0,0.0,0.7,-49.5,-49.5,-49.5,-49.5,1.0,0.0,10.0,0.0,0.0,0.7,136.0,136.0,136.0,136.0,1.0,0.0,10.0,0.0,0.0,0.7,-25.4,-25.4,-25.4,-25.4,1.0,0.0,10.0,0.0,0.0,0.7,69.9,69.9,69.9,69.9,1.0,0.0,10.0,0.0,0.0,0.7,-14.1,-14.1,-14.1,-14.1,1.0,0.0,10.0,0.0,0.0,0.7,38.7,38.7,38.7,38.7,1.0,0.0,10.0,0.0,0.0,0.7,456.5,456.5,456.5,456.5,1.0,0.0,10.0,0.0,0.0,0.7,455.0,455.0,455.0,455.0,1.0,0.0,10.0,0.0,0.0,0.7
1974,2,2.0,-29.0,,,,,,,,,,,,,,,,,,,,,,,,,,,,,,,,,,,,,,,,9.0,9.0,9.0,9.0,1.0,0.0,12.0,0.0,0.1,0.3,-7.79,-7.79,-7.79,-7.79,1.0,0.0,12.0,0.0,0.1,0.3,4.5,4.5,4.5,4.5,1.0,0.0,12.0,0.0,0.1,0.3,1015.4,1015.4,1015.4,1015.4,1.0,0.0,12.0,0.0,0.1,0.3,,,,,,,,,,,,,,,,,,,,,,,,,,,,,,,,,,,,,,,,,,,,,,,,,,,,,,,,,,,,,,,,,,,,,,,,,,,,,,,,,,,,,,,,,,,,,,,,,,,,,,,,,,,,,,,,,,,,,,,,,,,,,,,,,,,,,,,,,,,,,,,,,,,,,,
1974,2,2.0,-27.0,21.43,22.2,23.05,22.14,5.0,1.23,18.0,1.0,0.5,0.5,20.88,23.0,24.38,22.8,5.0,2.14,18.0,1.0,0.5,0.5,12.31,12.87,13.84,13.09,5.0,1.1,18.0,1.0,0.5,0.5,65.6,74.0,89.3,76.9,5.0,13.9,18.0,1.0,0.5,4.05,5.1,8.17,5.9,5.0,2.4,18.0,1.0,0.5,0.5,-5.57,-2.3,-0.43,-2.86,5.0,3.4,18.0,1.0,0.5,0.5,2.11,2.68,5.77,3.88,5.0,2.94,18.0,1.0,0.5,0.5,1012.39,1016.0,1017.57,1015.0,5.0,3.4,18.0,1.0,0.5,0.5,3.0,6.0,7.0,5.2,5.0,2.0,18.0,1.0,0.5,0.5,-35.6,-14.1,-5.0,-20.2,5.0,23.6,18.0,1.0,0.5,0.5,9.6,13.0,40.8,25.9,5.0,30.3,18.0,1.0,0.5,0.5,-1.92,-0.8,0.55,-0.66,5.0,1.88,18.0,1.0,0.5,0.5,-11.9,-3.7,0.2,-5.2,5.0,8.3,18.0,1.0,0.5,0.5,2.51,3.33,4.74,3.52,5.0,1.26,18.0,1.0,0.5,0.5,13.7,21.7,24.9,19.4,5.0,6.8,18.0,1.0,0.5,0.5,-137.7,-52.9,-8.4,-69.0,5.0,80.6,18.0,1.0,0.5,0.5,47.4,66.0,124.5,85.5,5.0,57.9,18.0,1.0,0.5,0.5,-71.8,-27.5,-4.3,-36.1,5.0,45.7,18.0,1.0,0.5,0.5,26.8,39.9,71.8,50.2,5.0,37.3,18.0,1.0,0.5,0.5,-22.7,-10.8,-0.2,-11.1,5.0,12.4,18.0,1.0,0.5,0.5,6.6,12.2,17.1,11.9,5.0,5.9,18.0,1.0,0.5,0.5,72.5,132.5,556.0,289.0,5.0,296.0,18.0,1.0,0.5,0.5,75.0,135.0,555.0,290.0,5.0,295.0,18.0,1.0,0.5,0.5
1974,2,2.0,-26.0,21.72,22.5,22.97,22.35,4.0,0.92,12.0,0.3,0.6,0.5,21.1,21.5,22.16,21.63,4.0,0.64,12.0,0.3,0.6,0.5,11.37,11.81,12.81,12.08,3.0,1.08,14.0,0.3,0.6,0.7,71.3,74.3,77.8,74.6,4.0,3.9,12.0,0.3,0.5,4.84,6.15,7.46,6.15,4.0,1.53,12.0,0.3,0.6,0.5,-6.12,-5.15,-2.7,-4.44,4.0,2.55,12.0,0.3,0.6,0.5,2.75,4.19,4.58,3.69,4.0,1.34,12.0,0.3,0.6,0.5,1016.59,1017.2,1018.63,1017.6,3.0,1.54,14.0,0.3,0.6,0.7,4.0,5.5,7.0,5.5,4.0,2.1,12.0,0.3,0.6,0.5,-45.8,-32.1,-13.6,-29.8,4.0,20.6,12.0,0.3,0.6,0.5,14.6,25.2,31.6,23.2,4.0,10.9,12.0,0.3,0.6,0.5,0.1,0.35,1.39,0.73,4.0,1.0,12.0,0.3,0.6,0.5,0.5,1.7,9.4,4.8,4.0,7.4,12.0,0.3,0.6,0.5,3.7,3.76,5.69,4.67,3.0,1.66,14.0,0.3,0.6,0.7,22.0,28.3,41.4,31.6,3.0,14.5,14.0,0.3,0.6,0.7,-129.1,-111.9,-60.3,-95.5,4.0,53.9,12.0,0.3,0.6,0.5,59.1,89.4,98.5,79.3,4.0,28.0,12.0,0.3,0.6,0.5,-73.9,-63.6,-62.2,-68.0,3.0,9.4,14.0,0.3,0.6,0.7,30.2,45.4,49.7,40.1,3.0,15.0,14.0,0.3,0.6,0.7,-32.6,-24.5,-20.1,-26.3,3.0,9.3,14.0,0.3,0.6,0.7,9.0,14.1,25.3,17.1,3.0,12.3,14.0,0.3,0.6,0.7,114.0,253.0,417.0,265.0,4.0,177.0,12.0,0.3,0.6,0.5,115.0,255.0,415.0,265.0,4.0,175.0,12.0,0.3,0.6,0.5
1974,2,2.0,-25.0,20.81,21.85,22.0,21.43,4.0,0.96,10.0,0.5,0.4,0.6,20.32,21.8,24.05,22.16,5.0,2.09,12.0,0.6,0.3,0.6,12.99,14.3,15.9,14.61,5.0,2.37,12.0,0.6,0.3,0.6,78.9,91.1,94.8,87.7,5.0,8.4,12.0,0.6,0.6,5.75,6.7,8.97,7.2,5.0,2.28,12.0,0.6,0.3,0.6,-5.19,-5.13,-4.03,-4.68,5.0,0.74,12.0,0.6,0.3,0.6,3.48,5.13,7.25,5.34,5.0,2.53,12.0,0.6,0.3,0.6,1012.01,1014.9,1017.56,1014.74,5.0,3.04,12.0,0.6,0.3,0.6,5.9,7.0,8.0,6.8,5.0,1.6,12.0,0.6,0.3,0.6,-46.8,-34.4,-23.6,-34.8,5.0,14.6,12.0,0.6,0.3,0.6,21.4,34.4,66.3,43.0,5.0,31.4,12.0,0.6,0.3,0.6,-0.79,0.1,0.72,-0.02,4.0,1.11,10.0,0.5,0.4,0.6,-3.2,0.8,5.0,0.9,4.0,5.8,10.0,0.5,0.4,0.6,1.54,1.95,3.03,2.27,4.0,1.11,10.0,0.5,0.4,0.6,10.2,12.8,23.0,16.5,4.0,10.4,10.0,0.5,0.4,0.6,-110.3,-105.2,-95.9,-102.8,5.0,11.7,12.0,0.6,0.3,0.6,73.6,128.3,152.1,116.0,5.0,49.6,12.0,0.6,0.3,0.6,-75.9,-68.3,-60.5,-67.8,5.0,10.9,12.0,0.6,0.3,0.6,49.8,78.6,103.9,76.7,5.0,33.8,12.0,0.6,0.3,0.6,-15.1,-8.3,-7.1,-11.0,4.0,6.4,10.0,0.5,0.4,0.6,5.9,9.7,18.3,12.0,4.0,8.7,10.0,0.5,0.4,0.6,216.0,301.0,749.0,463.0,5.0,391.0,12.0,0.6,0.3,0.6,215.0,300.0,750.0,465.0,5.0,390.0,12.0,0.6,0.3,0.6
1974,2,2.0,-24.0,22.13,22.7,23.57,22.9,6.0,1.18,18.0,1.0,0.6,0.5,21.82,22.5,22.81,22.34,5.0,0.59,18.0,1.0,0.6,0.6,10.83,12.42,13.76,12.31,5.0,1.71,18.0,1.0,0.6,0.6,63.5,75.6,82.7,73.8,5.0,12.3,18.0,1.0,0.6,4.5,5.9,8.77,6.85,6.0,3.26,18.0,1.0,0.6,0.5,-7.36,-5.63,-3.79,-5.61,6.0,2.85,18.0,1.0,0.6,0.5,0.0,3.2,4.77,3.09,6.0,3.09,18.0,1.0,0.6,0.5,1014.61,1015.1,1016.55,1015.73,6.0,2.53,18.0,1.0,0.6,0.5,5.6,8.0,8.0,7.0,6.0,1.7,18.0,1.0,0.6,0.5,-67.1,-33.7,-18.0,-45.5,6.0,43.5,18.0,1.0,0.6,0.5,0.0,14.4,45.6,27.6,6.0,40.4,18.0,1.0,0.6,0.5,-0.26,0.0,0.65,0.14,5.0,0.6,18.0,1.0,0.6,0.6,-1.7,0.0,4.7,1.1,5.0,4.2,18.0,1.0,0.6,0.6,3.29,4.98,6.04,4.63,5.0,1.95,18.0,1.0,0.6,0.6,17.2,26.1,48.6,31.7,5.0,18.0,18.0,1.0,0.6,0.6,-179.7,-143.4,-77.0,-131.2,5.0,71.0,18.0,1.0,0.6,0.6,0.0,82.8,122.5,71.2,5.0,77.7,18.0,1.0,0.6,0.6,-109.3,-67.6,-39.2,-73.0,5.0,43.6,18.0,1.0,0.6,0.6,0.0,47.9,75.8,42.9,5.0,46.1,18.0,1.0,0.6,0.6,-43.3,-26.1,-8.9,-26.1,5.0,17.6,18.0,1.0,0.6,0.6,0.0,5.8,25.2,12.2,5.0,15.4,18.0,1.0,0.6,0.6,91.5,216.5,805.5,534.0,6.0,803.5,18.0,1.0,0.6,0.5,90.0,215.0,805.0,535.0,6.0,805.0,18.0,1.0,0.6,0.5
1974,2,2.0,-23.0,20.48,21.85,23.59,22.03,4.0,1.94,12.0,0.8,0.5,0.6,21.7,21.85,22.05,21.88,4.0,0.21,12.0,0.8,0.5,0.6,12.09,13.19,14.64,13.35,4.0,1.59,12.0,0.8,0.5,0.6,73.4,80.9,90.6,82.0,4.0,10.5,12.0,0.8,0.6,5.62,6.95,8.54,7.08,4.0,1.83,12.0,0.8,0.5,0.6,-5.39,-4.3,-3.55,-4.46,4.0,1.18,12.0,0.8,0.5,0.6,3.94,5.33,6.91,5.42,4.0,1.71,12.0,0.8,0.5,0.6,1012.14,1013.8,1014.57,1013.38,4.0,1.7,12.0,0.8,0.5,0.6,5.4,7.0,7.5,6.5,4.0,1.7,12.0,0.8,0.5,0.6,-43.2,-29.5,-22.8,-32.9,4.0,16.3,12.0,0.8,0.5,0.6,22.2,38.0,59.2,40.6,4.0,22.0,12.0,0.8,0.5,0.6,-1.58,0.0,1.89,0.15,4.0,2.13,12.0,0.8,0.5,0.6,-11.2,-0.8,10.9,-0.2,4.0,13.0,12.0,0.8,0.5,0.6,2.62,3.51,3.77,3.21,4.0,0.82,12.0,0.8,0.5,0.6,15.8,22.2,30.2,23.0,4.0,9.4,12.0,0.8,0.5,0.6,-118.9,-94.3,-77.0,-97.8,4.0,26.5,12.0,0.8,0.5,0.6,86.3,116.4,151.0,118.6,4.0,37.5,12.0,0.8,0.5,0.6,-64.9,-56.4,-51.8,-58.3,4.0,8.7,12.0,0.8,0.5,0.6,54.6,71.7,88.3,71.4,4.0,20.0,12.0,0.8,0.5,0.6,-17.7,-12.5,-11.0,-14.3,4.0,5.6,12.0,0.8,0.5,0.6,11.3,18.3,24.4,17.9,4.0,8.1,12.0,0.8,0.5,0.6,183.0,347.5,639.0,408.0,4.0,296.5,12.0,0.8,0.5,0.6,185.0,345.0,640.0,410.0,4.0,295.0,12.0,0.8,0.5,0.6
1974,2,2.0,-22.0,26.0,26.0,26.0,26.0,1.0,0.0,10.0,1.0,0.4,0.5,22.0,22.0,22.0,22.0,1.0,0.0,10.0,1.0,0.4,0.5,12.35,12.35,12.35,12.35,1.0,0.0,10.0,1.0,0.4,0.5,75.1,75.1,75.1,75.1,1.0,0.0,10.0,1.0,0.5,5.1,5.1,5.1,5.1,1.0,0.0,10.0,1.0,0.4,0.5,-3.91,-3.91,-3.91,-3.91,1.0,0.0,10.0,1.0,0.4,0.5,3.28,3.28,3.28,3.28,1.0,0.0,10.0,1.0,0.4,0.5,1012.6,1012.6,1012.6,1012.6,1.0,0.0,10.0,1.0,0.4,0.5,7.0,7.0,7.0,7.0,1.0,0.0,10.0,1.0,0.4,0.5,-19.9,-19.9,-19.9,-19.9,1.0,0.0,10.0,1.0,0.4,0.5,16.7,16.7,16.7,16.7,1.0,0.0,10.0,1.0,0.4,0.5,4.0,4.0,4.0,4.0,1.0,0.0,10.0,1.0,0.4,0.5,20.4,20.4,20.4,20.4,1.0,0.0,10.0,1.0,0.4,0.5,8.66,8.66,8.66,8.66,1.0,0.0,10.0,1.0,0.4,0.5,44.2,44.2,44.2,44.2,1.0,0.0,10.0,1.0,0.4,0.5,-86.0,-86.0,-86.0,-86.0,1.0,0.0,10.0,1.0,0.4,0.5,72.1,72.1,72.1,72.1,1.0,0.0,10.0,1.0,0.4,0.5,-48.2,-48.2,-48.2,-48.2,1.0,0.0,10.0,1.0,0.4,0.5,40.5,40.5,40.5,40.5,1.0,0.0,10.0,1.0,0.4,0.5,-33.8,-33.8,-33.8,-33.8,1.0,0.0,10.0,1.0,0.4,0.5,28.4,28.4,28.4,28.4,1.0,0.0,10.0,1.0,0.4,0.5,132.5,132.5,132.5,132.5,1.0,0.0,10.0,1.0,0.4,0.5,135.0,135.0,135.0,135.0,1.0,0.0,10.0,1.0,0.4,0.5
1974,2,2.0,-21.0,23.2,23.2,23.2,23.2,1.0,0.0,10.0,1.0,0.7,1.0,22.9,22.9,22.9,22.9,1.0,0.0,10.0,1.0,0.7,1.0,13.49,13.49,13.49,13.49,1.0,0.0,10.0,1.0,0.7,1.0,77.7,77.7,77.7,77.7,1.0,0.0,10.0,1.0,1.0,5.1,5.1,5.1,5.1,1.0,0.0,10.0,1.0,0.7,1.0,-3.91,-3.91,-3.91,-3.91,1.0,0.0,10.0,1.0,0.7,1.0,3.28,3.28,3.28,3.28,1.0,0.0,10.0,1.0,0.7,1.0,1012.7,1012.7,1012.7,1012.7,1.0,0.0,10.0,1.0,0.7,1.0,4.0,4.0,4.0,4.0,1.0,0.0,10.0,1.0,0.7,1.0,-19.9,-19.9,-19.9,-19.9,1.0,0.0,10.0,1.0,0.7,1.0,16.7,16.7,16.7,16.7,1.0,0.0,10.0,1.0,0.7,1.0,0.3,0.3,0.3,0.3,1.0,0.0,10.0,1.0,0.7,1.0,1.5,1.5,1.5,1.5,1.0,0.0,10.0,1.0,0.7,1.0,4.24,4.24,4.24,4.24,1.0,0.0,10.0,1.0,0.7,1.0,21.6,21.6,21.6,21.6,1.0,0.0,10.0,1.0,0.7,1.0,-89.5,-89.5,-89.5,-89.5,1.0,0.0,10.0,1.0,0.7,1.0,75.1,75.1,75.1,75.1,1.0,0.0,10.0,1.0,0.7,1.0,-52.7,-52.7,-52.7,-52.7,1.0,0.0,10.0,1.0,0.7,1.0,44.2,44.2,44.2,44.2,1.0,0.0,10.0,1.0,0.7,1.0,-16.6,-16.6,-16.6,-16.6,1.0,0.0,10.0,1.0,0.7,1.0,13.9,13.9,13.9,13.9,1.0,0.0,10.0,1.0,0.7,1.0,132.5,132.5,132.5,132.5,1.0,0.0,10.0,1.0,0.7,1.0,135.0,135.0,135.0,135.0,1.0,0.0,10.0,1.0,0.7,1.0
1974,2,2.0,-20.0,23.32,24.0,24.68,24.0,2.0,1.41,12.0,1.0,0.8,0.8,23.82,24.3,24.78,24.3,2.0,0.99,12.0,1.0,0.8,0.8,15.33,15.4,15.48,15.4,2.0,0.15,12.0,1.0,0.8,0.8,78.8,81.4,84.1,81.4,2.0,5.5,12.0,1.0,0.8,4.68,4.85,5.02,4.85,2.0,0.35,12.0,1.0,0.8,0.8,-2.76,-1.64,-0.52,-1.64,2.0,2.32,12.0,1.0,0.8,0.8,4.02,4.25,4.49,4.25,2.0,0.49,12.0,1.0,0.8,0.8,1011.19,1011.6,1012.01,1011.6,2.0,0.85,12.0,1.0,0.8,0.8,7.2,7.5,7.8,7.5,2.0,0.7,12.0,1.0,0.8,0.8,-14.1,-8.4,-2.7,-8.4,2.0,11.8,12.0,1.0,0.8,0.8,20.1,20.5,21.0,20.5,2.0,0.9,12.0,1.0,0.8,0.8,-1.46,-0.3,0.86,-0.3,2.0,2.4,12.0,1.0,0.8,0.8,-6.6,-1.0,4.5,-1.0,2.0,11.6,12.0,1.0,0.8,0.8,2.56,3.27,3.98,3.27,2.0,1.47,12.0,1.0,0.8,0.8,12.1,16.1,20.1,16.1,2.0,8.3,12.0,1.0,0.8,0.8,-65.1,-38.7,-12.3,-38.7,2.0,54.7,12.0,1.0,0.8,0.8,95.8,103.6,111.4,103.6,2.0,16.1,12.0,1.0,0.8,0.8,-42.8,-25.4,-8.1,-25.4,2.0,36.0,12.0,1.0,0.8,0.8,62.1,65.5,68.8,65.5,2.0,6.9,12.0,1.0,0.8,0.8,-11.9,-7.1,-2.2,-7.1,2.0,10.0,12.0,1.0,0.8,0.8,11.3,13.5,15.8,13.5,2.0,4.7,12.0,1.0,0.8,0.8,103.0,115.0,127.0,115.0,2.0,25.0,12.0,1.0,0.8,0.8,105.0,115.0,125.0,115.0,2.0,25.0,12.0,1.0,0.8,0.8
1974,2,2.0,-19.0,23.4,23.6,25.24,24.3,3.0,1.48,14.0,1.0,0.6,0.8,23.1,23.3,23.71,23.4,3.0,0.46,14.0,1.0,0.6,0.8,13.75,16.06,16.11,14.96,3.0,1.98,14.0,1.0,0.6,0.8,75.5,90.2,91.3,83.6,3.0,12.9,14.0,1.0,0.8,3.81,5.4,6.72,5.28,4.0,1.8,18.0,1.0,0.6,0.9,-4.32,-3.47,-2.45,-3.39,4.0,1.16,18.0,1.0,0.6,0.9,2.92,4.14,5.15,4.04,4.0,1.38,18.0,1.0,0.6,0.9,1009.67,1012.2,1012.75,1011.23,3.0,2.4,14.0,1.0,0.6,0.8,2.9,6.0,7.5,5.3,4.0,3.1,18.0,1.0,0.6,0.9,-29.2,-19.2,-9.7,-19.5,4.0,12.0,18.0,1.0,0.6,0.9,11.6,22.8,34.8,23.2,4.0,14.3,18.0,1.0,0.6,0.9,0.3,0.3,1.53,0.9,3.0,1.04,14.0,1.0,0.6,0.8,1.6,2.2,5.1,3.4,3.0,2.8,14.0,1.0,0.6,0.8,1.88,2.1,6.37,4.08,3.0,3.7,14.0,1.0,0.6,0.8,10.7,12.8,21.7,16.1,3.0,8.6,14.0,1.0,0.6,0.8,-94.5,-68.9,-54.4,-74.3,3.0,29.8,14.0,1.0,0.6,0.8,64.8,82.1,112.7,88.6,3.0,35.5,14.0,1.0,0.6,0.8,-66.1,-47.5,-32.3,-49.1,3.0,24.8,14.0,1.0,0.6,0.8,38.5,56.6,78.7,58.6,3.0,29.5,14.0,1.0,0.6,0.8,-14.0,-8.2,-6.8,-10.4,3.0,5.5,14.0,1.0,0.6,0.8,8.2,9.8,16.6,12.3,3.0,6.6,14.0,1.0,0.6,0.8,62.0,168.0,309.0,184.5,4.0,153.0,18.0,1.0,0.6,0.9,60.0,170.0,310.0,185.0,4.0,155.0,18.0,1.0,0.6,0.9
1974,2,2.0,-18.0,23.0,23.75,24.29,23.72,10.0,0.91,12.0,0.7,0.6,0.6,22.03,22.5,23.09,22.71,8.0,0.85,12.0,0.6,0.6,0.6,12.42,12.8,13.51,13.1,6.0,1.19,10.0,0.5,0.6,0.6,71.5,75.2,80.9,76.3,6.0,6.9,10.0,0.5,0.6,4.1,6.0,7.06,5.7,10.0,1.64,12.0,0.7,0.6,0.6,-5.14,-3.05,-1.3,-3.03,10.0,1.85,12.0,0.7,0.6,0.6,2.3,4.52,6.38,4.32,10.0,2.11,12.0,0.7,0.6,0.6,1011.63,1013.0,1014.44,1012.9,10.0,1.61,12.0,0.7,0.6,0.6,4.7,7.0,8.0,6.4,10.0,2.1,12.0,0.7,0.6,0.6,-28.3,-18.6,-5.0,-18.4,10.0,14.5,12.0,0.7,0.6,0.6,11.4,23.5,47.3,26.9,10.0,19.1,12.0,0.7,0.6,0.6,-0.19,0.9,2.36,0.94,8.0,1.23,12.0,0.6,0.6,0.6,-0.8,4.8,10.1,6.0,8.0,8.6,12.0,0.6,0.6,0.6,4.82,5.1,5.74,5.22,6.0,0.63,10.0,0.5,0.6,0.6,22.4,28.5,39.4,30.5,6.0,9.5,10.0,0.5,0.6,0.6,-125.8,-72.5,-58.5,-82.8,8.0,34.9,12.0,0.6,0.6,0.6,48.6,100.9,150.9,96.0,8.0,51.7,12.0,0.6,0.6,0.6,-62.8,-40.6,-29.8,-45.7,6.0,23.7,10.0,0.5,0.6,0.6,29.3,58.2,93.5,59.1,6.0,35.3,10.0,0.5,0.6,0.6,-21.7,-17.6,-11.9,-17.4,6.0,7.1,10.0,0.5,0.6,0.6,13.7,24.4,34.5,23.1,6.0,12.1,10.0,0.5,0.6,0.6,69.0,216.0,363.0,228.5,10.0,194.0,12.0,0.7,0.6,0.6,70.0,215.0,365.0,230.0,10.0,195.0,12.0,0.7,0.6,0.6
1974,2,2.0,-17.0,23.3,24.0,25.0,24.09,54.0,1.04,14.0,0.7,0.6,0.7,22.6,23.55,24.49,23.65,60.0,1.19,14.0,0.7,0.6,0.6,12.92,14.03,15.32,14.2,43.0,1.33,14.0,0.8,0.7,0.7,70.0,77.8,86.9,78.3,44.0,8.0,14.0,0.8,0.7,4.0,6.0,8.19,5.9,58.0,2.22,14.0,0.7,0.6,0.7,-4.95,-3.28,-1.37,-3.37,58.0,1.87,14.0,0.7,0.6,0.7,2.64,4.61,6.58,4.66,58.0,1.78,14.0,0.7,0.6,0.7,1010.7,1011.9,1013.98,1012.15,59.0,1.84,14.0,0.7,0.6,0.6,3.0,7.0,8.0,6.3,58.0,2.3,14.0,0.7,0.6,0.7,-38.1,-19.2,-4.8,-23.3,58.0,21.3,14.0,0.7,0.6,0.7,10.3,27.6,51.4,31.1,58.0,21.4,14.0,0.7,0.6,0.7,-0.06,0.5,1.3,0.45,54.0,1.45,14.0,0.7,0.6,0.7,-0.7,2.5,7.7,3.1,52.0,8.0,14.0,0.8,0.6,0.7,3.12,4.48,6.56,4.46,39.0,2.02,14.0,0.8,0.7,0.7,10.4,26.8,43.5,27.0,38.0,15.3,12.0,0.8,0.7,0.7,-118.9,-77.4,-33.1,-79.9,58.0,43.8,14.0,0.7,0.6,0.7,60.1,110.2,156.3,110.3,58.0,41.5,14.0,0.7,0.6,0.7,-68.0,-48.5,-18.6,-45.0,42.0,23.6,14.0,0.8,0.7,0.7,35.3,66.3,87.5,64.6,42.0,24.6,14.0,0.8,0.7,0.7,-26.4,-13.7,-4.3,-14.9,38.0,10.7,12.0,0.8,0.7,0.7,7.4,22.2,33.3,21.6,38.0,12.6,12.0,0.8,0.7,0.7,64.0,216.0,549.5,295.5,58.0,342.0,14.0,0.7,0.6,0.7,65.0,215.0,550.0,295.0,58.0,340.0,14.0,0.7,0.6,0.7
1974,2,2.0,-16.0,23.8,24.7,25.6,24.58,97.0,1.08,14.0,0.8,0.4,0.5,23.2,24.0,25.0,24.04,95.0,1.04,14.0,0.8,0.4,0.5,13.36,14.52,15.86,14.54,80.0,1.32,14.0,0.8,0.4,0.5,70.2,77.1,85.7,77.9,82.0,7.9,14.0,0.8,0.5,4.1,5.7,7.2,5.78,97.0,1.65,14.0,0.8,0.4,0.5,-4.77,-3.1,-1.52,-3.13,97.0,1.63,14.0,0.8,0.4,0.5,3.0,4.63,5.9,4.61,97.0,1.55,14.0,0.8,0.4,0.5,1010.02,1011.8,1014.0,1011.91,97.0,1.86,14.0,0.8,0.4,0.5,3.0,7.0,8.0,5.9,98.0,2.2,14.0,0.8,0.4,0.5,-33.0,-16.7,-6.2,-19.7,97.0,14.6,14.0,0.8,0.4,0.5,12.4,26.0,44.2,28.6,97.0,16.6,14.0,0.8,0.4,0.5,-0.6,0.6,1.5,0.53,92.0,1.32,16.0,0.8,0.4,0.6,-3.2,2.9,9.9,3.0,90.0,7.8,16.0,0.8,0.4,0.5,3.32,4.89,6.47,4.82,79.0,1.59,14.0,0.8,0.4,0.5,15.5,25.7,40.5,28.0,78.0,13.4,14.0,0.8,0.4,0.5,-114.8,-73.9,-35.1,-76.4,93.0,39.8,14.0,0.8,0.4,0.5,73.7,111.2,141.1,110.5,93.0,37.3,14.0,0.8,0.4,0.5,-66.5,-45.8,-20.6,-44.7,79.0,23.7,14.0,0.8,0.4,0.5,46.4,66.2,89.7,66.4,79.0,20.4,14.0,0.8,0.4,0.5,-22.3,-14.0,-5.6,-15.0,78.0,9.7,14.0,0.8,0.4,0.5,12.6,20.7,31.2,22.5,78.0,11.9,14.0,0.8,0.4,0.5,69.0,185.0,373.0,240.0,97.0,200.5,14.0,0.8,0.4,0.5,70.0,185.0,375.0,240.0,97.0,200.0,14.0,0.8,0.4,0.5
1974,2,2.0,-15.0,24.4,24.9,25.0,24.84,33.0,0.79,12.0,0.6,0.2,0.5,23.64,24.1,25.16,24.41,35.0,1.11,12.0,0.7,0.2,0.5,13.24,14.56,16.07,14.75,29.0,1.69,12.0,0.6,0.2,0.5,69.6,76.0,88.3,78.5,30.0,8.6,12.0,0.6,0.5,4.1,5.4,7.46,5.61,34.0,1.74,12.0,0.6,0.2,0.5,-4.53,-3.45,-2.07,-3.37,34.0,1.51,12.0,0.6,0.2,0.5,2.49,4.31,5.8,4.31,34.0,1.56,12.0,0.6,0.2,0.5,1009.77,1011.25,1012.95,1011.45,34.0,1.87,10.0,0.6,0.2,0.5,2.0,5.0,8.0,4.9,34.0,2.7,12.0,0.7,0.2,0.5,-33.2,-21.2,-7.9,-20.8,34.0,13.4,12.0,0.6,0.2,0.5,11.0,21.0,43.9,26.6,34.0,16.0,12.0,0.6,0.2,0.5,-0.65,0.5,1.76,0.62,33.0,1.15,12.0,0.6,0.2,0.5,-3.4,3.4,6.0,3.2,33.0,7.4,12.0,0.6,0.2,0.5,3.2,5.54,6.47,4.94,29.0,1.86,12.0,0.6,0.2,0.5,18.4,25.3,41.8,27.2,29.0,14.0,12.0,0.6,0.2,0.5,-113.5,-84.1,-47.7,-82.0,34.0,37.0,12.0,0.6,0.2,0.5,59.7,105.5,144.8,104.9,34.0,38.6,12.0,0.6,0.2,0.5,-68.9,-46.8,-23.9,-48.7,29.0,25.6,12.0,0.6,0.2,0.5,39.8,61.9,87.3,65.2,29.0,23.6,12.0,0.6,0.2,0.5,-22.0,-15.5,-6.2,-15.1,29.0,9.5,12.0,0.6,0.2,0.5,11.7,19.1,33.8,21.7,29.0,12.2,12.0,0.6,0.2,0.5,69.0,159.0,419.5,226.0,34.0,179.0,12.0,0.6,0.2,0.5,70.0,160.0,420.0,225.0,34.0,180.0,12.0,0.6,0.2,0.5
1974,2,2.0,-14.0,24.66,25.0,25.68,25.17,3.0,0.76,14.0,0.7,0.6,0.3,24.77,26.0,27.37,26.07,3.0,1.9,14.0,0.7,0.6,0.3,15.31,15.31,15.31,15.31,1.0,0.0,12.0,0.0,0.8,0.3,81.3,81.3,81.3,81.3,1.0,0.0,12.0,0.0,0.3,5.16,5.5,5.84,5.5,2.0,0.71,14.0,1.0,0.6,0.3,-5.06,-4.76,-4.47,-4.76,2.0,0.61,14.0,1.0,0.6,0.3,2.58,2.75,2.92,2.75,2.0,0.35,14.0,1.0,0.6,0.3,1009.63,1010.35,1011.07,1010.35,2.0,1.48,10.0,0.5,0.6,0.3,4.3,5.0,7.0,5.7,3.0,2.1,14.0,0.7,0.6,0.3,-29.7,-26.4,-23.2,-26.4,2.0,6.7,14.0,1.0,0.6,0.3,13.4,15.3,17.1,15.3,2.0,3.9,14.0,1.0,0.6,0.3,,,,,,,,,,,,,,,,,,,,,,,,,,,,,,,,,,,,,,,,,,,,,,,,,,,,,,,,,,,,,,,,,,,,,,,,,,,,,,,,,,,,,,,,,,,,,,,,,,,,,,,,,,,,,,,,,,,,,,,,
1974,2,2.0,-13.0,26.0,26.0,26.68,26.33,3.0,0.58,10.0,1.0,0.3,0.7,25.0,25.0,26.37,25.67,3.0,1.15,10.0,1.0,0.3,0.7,16.04,16.04,16.04,16.04,1.0,0.0,12.0,1.0,0.0,0.5,80.9,80.9,80.9,80.9,1.0,0.0,12.0,1.0,0.5,3.1,3.3,3.5,3.3,2.0,0.42,14.0,1.0,0.3,0.6,-1.51,-0.9,-0.29,-0.9,2.0,1.27,14.0,1.0,0.3,0.6,3.02,3.06,3.1,3.06,2.0,0.08,14.0,1.0,0.3,0.6,1010.39,1014.9,1015.04,1012.77,3.0,3.87,10.0,1.0,0.3,0.7,3.6,5.0,7.0,5.3,3.0,2.5,10.0,1.0,0.3,0.7,-5.5,-3.2,-1.0,-3.2,2.0,4.6,14.0,1.0,0.3,0.6,9.4,10.1,10.9,10.1,2.0,1.6,14.0,1.0,0.3,0.6,-0.37,1.0,1.68,0.67,3.0,1.53,10.0,1.0,0.3,0.7,4.0,4.8,5.6,4.8,2.0,1.7,14.0,1.0,0.3,0.6,5.06,5.06,5.06,5.06,1.0,0.0,12.0,1.0,0.0,0.5,18.2,18.2,18.2,18.2,1.0,0.0,12.0,1.0,0.0,0.5,-37.9,-22.5,-7.1,-22.5,2.0,31.8,14.0,1.0,0.3,0.6,75.5,76.5,77.5,76.5,2.0,2.1,14.0,1.0,0.3,0.6,-28.9,-28.9,-28.9,-28.9,1.0,0.0,12.0,1.0,0.0,0.5,50.0,50.0,50.0,50.0,1.0,0.0,12.0,1.0,0.0,0.5,-9.1,-9.1,-9.1,-9.1,1.0,0.0,12.0,1.0,0.0,0.5,15.8,15.8,15.8,15.8,1.0,0.0,12.0,1.0,0.0,0.5,30.0,37.0,43.5,37.0,2.0,14.0,14.0,1.0,0.3,0.6,30.0,35.0,45.0,35.0,2.0,15.0,14.0,1.0,0.3,0.6
1974,2,2.0,-12.0,27.0,27.15,27.67,27.33,4.0,0.47,20.0,1.0,0.6,0.7,25.9,26.5,27.58,26.73,4.0,1.06,20.0,1.0,0.6,0.7,15.43,15.9,18.67,17.03,3.0,2.57,20.0,1.0,0.7,0.7,72.1,73.5,80.5,76.2,3.0,6.6,20.0,1.0,0.7,1.0,2.05,4.62,2.78,4.0,2.37,20.0,1.0,0.6,0.7,-2.86,-0.85,-0.36,-1.58,4.0,2.05,20.0,1.0,0.6,0.7,0.49,1.87,3.5,1.99,4.0,1.76,20.0,1.0,0.6,0.7,1010.32,1011.2,1012.24,1011.28,4.0,1.36,20.0,1.0,0.6,0.7,2.5,5.0,7.5,5.0,4.0,2.9,20.0,1.0,0.6,0.7,-14.9,-0.9,-0.4,-7.3,4.0,13.5,20.0,1.0,0.6,0.7,0.5,5.1,16.7,8.4,4.0,10.7,20.0,1.0,0.6,0.7,-0.42,0.6,1.62,0.6,4.0,1.24,20.0,1.0,0.6,0.7,-0.4,0.6,6.9,3.1,4.0,6.0,20.0,1.0,0.6,0.7,3.97,6.44,6.9,5.46,3.0,2.31,20.0,1.0,0.7,0.7,4.2,7.1,15.9,10.0,3.0,8.9,20.0,1.0,0.7,0.7,-74.2,-22.9,-10.2,-41.3,4.0,53.2,20.0,1.0,0.6,0.7,13.2,50.9,92.4,52.7,4.0,46.0,20.0,1.0,0.6,0.7,-15.0,-14.3,-4.5,-9.9,3.0,8.6,20.0,1.0,0.7,0.7,7.6,12.8,37.7,22.4,3.0,23.6,20.0,1.0,0.7,0.7,-5.2,-2.2,-0.7,-2.9,3.0,3.4,20.0,1.0,0.7,0.7,2.0,2.4,14.4,8.1,3.0,10.3,20.0,1.0,0.7,0.7,1.0,15.5,127.5,62.0,4.0,103.5,20.0,1.0,0.6,0.7,0.0,15.0,125.0,60.0,4.0,105.0,20.0,1.0,0.6,0.7
1974,2,2.0,-11.0,26.32,26.55,27.55,26.88,6.0,0.9,18.0,0.8,0.3,0.4,26.05,28.0,28.54,27.56,7.0,1.52,18.0,0.9,0.3,0.4,16.63,16.63,16.63,16.63,1.0,0.0,18.0,1.0,0.4,0.3,70.3,70.3,70.3,70.3,1.0,0.0,18.0,1.0,0.3,0.79,3.55,6.41,3.68,6.0,3.01,18.0,0.8,0.3,0.4,-4.33,-2.28,0.0,-2.42,6.0,2.36,18.0,0.8,0.3,0.4,0.79,2.72,4.71,2.7,6.0,2.0,18.0,0.8,0.3,0.4,1010.54,1011.1,1012.0,1011.4,7.0,1.43,18.0,0.9,0.3,0.4,0.0,3.0,7.0,3.7,7.0,3.1,18.0,0.9,0.3,0.4,-28.5,-8.2,0.0,-14.8,6.0,18.8,18.0,0.8,0.3,0.4,0.8,9.8,30.4,14.9,6.0,16.3,18.0,0.8,0.3,0.4,,,,,,,,,,,,,,,,,,,,,,,,,,,,,,,,,,,,,,,,,-124.1,-60.5,0.0,-68.5,6.0,68.8,18.0,0.8,0.3,0.4,22.2,72.1,134.8,75.7,6.0,57.9,18.0,0.8,0.3,0.4,0.0,0.0,0.0,0.0,1.0,0.0,18.0,1.0,0.4,0.3,16.6,16.6,16.6,16.6,1.0,0.0,18.0,1.0,0.4,0.3,,,,,,,,,,,,,,,,,,,,,,,,,,,,,,,,,,,,,,,,
1974,2,2.0,-10.0,,,,,,,,,,,,,,,,,,,,,,,,,,,,,,,,,,,,,,,,5.43,6.15,6.87,6.15,2.0,1.48,10.0,0.5,0.6,0.5,-3.17,-2.24,-1.32,-2.24,2.0,1.92,10.0,0.5,0.6,0.5,5.22,5.63,6.04,5.63,2.0,0.86,10.0,0.5,0.6,0.5,1014.28,1015.1,1015.92,1015.1,2.0,1.7,20.0,1.0,0.4,0.3,,,,,,,,,,,,,,,,,,,,,,,,,,,,,,,,,,,,,,,,,,,,,,,,,,,,,,,,,,,,,,,,,,,,,,,,,,,,,,,,,,,,,,,,,,,,,,,,,,,,,,,,,,,,,,,,,,,,,,,,,,,,,,,,,,,,,,,,,,,,,,,,,,,,,,
1974,2,2.0,-7.0,26.15,26.9,27.65,26.9,2.0,1.56,12.0,0.5,0.5,0.7,25.16,25.5,25.84,25.5,2.0,0.71,12.0,0.5,0.5,0.7,12.82,12.82,12.82,12.82,1.0,0.0,4.0,0.0,0.8,0.3,65.1,65.1,65.1,65.1,1.0,0.0,4.0,0.0,0.3,5.1,5.1,5.1,5.1,2.0,0.0,12.0,0.5,0.5,0.7,-3.16,-2.91,-2.67,-2.91,2.0,0.51,12.0,0.5,0.5,0.7,3.99,4.16,4.34,4.16,2.0,0.36,12.0,0.5,0.5,0.7,1010.98,1011.8,1012.62,1011.8,2.0,1.7,12.0,0.5,0.5,0.7,2.1,4.5,6.9,4.5,2.0,4.9,12.0,0.5,0.5,0.7,-16.1,-14.9,-13.6,-14.9,2.0,2.6,12.0,0.5,0.5,0.7,20.3,21.2,22.1,21.2,2.0,1.8,12.0,0.5,0.5,0.7,0.31,1.4,2.49,1.4,2.0,2.26,12.0,0.5,0.5,0.7,1.6,7.1,12.7,7.1,2.0,11.5,12.0,0.5,0.5,0.7,10.84,10.84,10.84,10.84,1.0,0.0,4.0,0.0,0.8,0.3,55.3,55.3,55.3,55.3,1.0,0.0,4.0,0.0,0.8,0.3,-81.8,-74.5,-67.2,-74.5,2.0,15.2,12.0,0.5,0.5,0.7,103.0,106.0,109.0,106.0,2.0,6.3,12.0,0.5,0.5,0.7,-32.7,-32.7,-32.7,-32.7,1.0,0.0,4.0,0.0,0.8,0.3,56.6,56.6,56.6,56.6,1.0,0.0,4.0,0.0,0.8,0.3,-27.6,-27.6,-27.6,-27.6,1.0,0.0,4.0,0.0,0.8,0.3,47.9,47.9,47.9,47.9,1.0,0.0,4.0,0.0,0.8,0.3,132.5,132.5,132.5,132.5,2.0,0.0,12.0,0.5,0.5,0.7,135.0,135.0,135.0,135.0,2.0,0.0,12.0,0.5,0.5,0.7
1974,2,2.0,-5.0,26.71,27.8,28.07,27.4,3.0,1.06,16.0,0.7,0.6,0.4,27.39,27.8,27.94,27.67,3.0,0.42,16.0,0.7,0.6,0.4,18.34,19.7,21.21,19.77,3.0,2.11,16.0,0.7,0.6,0.4,80.2,84.3,90.0,85.1,3.0,7.2,16.0,0.7,0.4,3.4,6.2,7.57,5.5,3.0,3.11,16.0,0.7,0.6,0.4,-2.14,-0.72,-0.23,-1.17,3.0,1.46,16.0,0.7,0.6,0.4,3.31,6.2,7.23,5.29,3.0,2.97,16.0,0.7,0.6,0.4,1009.03,1010.8,1011.96,1010.5,3.0,2.17,16.0,0.7,0.6,0.4,3.2,8.0,8.0,5.7,3.0,4.0,16.0,0.7,0.6,0.4,-16.2,-1.5,-0.5,-8.2,3.0,12.9,16.0,0.7,0.6,0.4,15.0,38.4,55.3,35.3,3.0,29.6,16.0,0.7,0.6,0.4,-1.16,-0.2,0.62,-0.27,3.0,1.3,16.0,0.7,0.6,0.4,-7.3,-1.6,0.9,-3.2,3.0,6.2,16.0,0.7,0.6,0.4,1.52,1.6,4.85,3.15,3.0,2.78,16.0,0.7,0.6,0.4,10.6,12.2,13.0,11.8,3.0,1.7,16.0,0.7,0.6,0.4,-59.8,-19.5,-6.2,-32.7,3.0,40.9,16.0,0.7,0.6,0.4,91.3,172.4,202.0,147.3,3.0,83.9,16.0,0.7,0.6,0.4,-46.0,-12.7,-4.0,-24.7,3.0,32.4,16.0,0.7,0.6,0.4,62.6,122.1,154.0,108.6,3.0,68.0,16.0,0.7,0.6,0.4,-4.4,-4.2,-1.3,-2.9,3.0,2.5,16.0,0.7,0.6,0.4,10.4,11.4,12.2,11.3,3.0,1.3,16.0,0.7,0.6,0.4,82.0,238.5,452.0,266.5,3.0,272.0,16.0,0.7,0.6,0.4,80.0,240.0,450.0,265.0,3.0,270.0,16.0,0.7,0.6,0.4
1974,2,2.0,-4.0,26.91,27.8,28.07,27.5,3.0,0.89,12.0,0.3,0.5,0.4,25.89,27.8,28.28,27.1,3.0,1.85,12.0,0.3,0.5,0.4,18.07,19.06,19.29,18.69,3.0,0.95,12.0,0.3,0.5,0.4,76.5,79.4,90.7,83.5,3.0,11.0,12.0,0.3,0.4,4.77,6.2,7.91,6.33,3.0,2.3,12.0,0.3,0.5,0.4,-2.97,0.0,0.49,-1.21,3.0,2.74,12.0,0.3,0.5,0.4,4.72,6.2,7.11,5.92,3.0,1.76,12.0,0.3,0.5,0.4,1007.53,1007.6,1007.94,1007.73,3.0,0.32,12.0,0.3,0.5,0.4,7.3,8.0,8.0,7.7,3.0,0.6,12.0,0.3,0.5,0.4,-25.8,0.0,2.0,-11.6,3.0,22.7,12.0,0.3,0.5,0.4,23.5,38.4,56.9,40.2,3.0,24.5,12.0,0.3,0.5,0.4,-1.24,0.4,2.04,0.4,3.0,2.4,12.0,0.3,0.5,0.4,-7.9,1.6,17.1,4.5,3.0,18.6,12.0,0.3,0.5,0.4,3.02,4.45,5.83,4.43,3.0,2.06,12.0,0.3,0.5,0.4,18.4,26.5,34.9,26.6,3.0,12.1,12.0,0.3,0.5,0.4,-74.2,0.0,13.5,-29.7,3.0,69.2,12.0,0.3,0.5,0.4,132.7,176.7,184.7,159.1,3.0,41.0,12.0,0.3,0.5,0.4,-56.6,0.0,8.6,-23.5,3.0,51.9,12.0,0.3,0.5,0.4,86.7,120.3,136.2,111.6,3.0,37.0,12.0,0.3,0.5,0.4,-13.2,0.0,3.1,-4.9,3.0,12.7,12.0,0.3,0.5,0.4,18.2,26.1,31.2,24.8,3.0,9.6,12.0,0.3,0.5,0.4,122.5,238.5,525.0,322.0,3.0,303.5,12.0,0.3,0.5,0.4,125.0,240.0,525.0,320.0,3.0,305.0,12.0,0.3,0.5,0.4
1974,2,2.0,-3.0,28.0,28.0,28.0,28.0,1.0,0.0,24.0,0.0,0.1,0.9,28.2,28.2,28.2,28.2,1.0,0.0,24.0,0.0,0.1,0.9,18.72,18.72,18.72,18.72,1.0,0.0,24.0,0.0,0.1,0.9,78.0,78.0,78.0,78.0,1.0,0.0,24.0,0.0,0.9,2.1,2.1,2.1,2.1,1.0,0.0,24.0,0.0,0.1,0.9,-0.36,-0.36,-0.36,-0.36,1.0,0.0,24.0,0.0,0.1,0.9,2.07,2.07,2.07,2.07,1.0,0.0,24.0,0.0,0.1,0.9,1007.0,1007.0,1007.0,1007.0,1.0,0.0,24.0,0.0,0.1,0.9,2.0,2.0,2.0,2.0,1.0,0.0,24.0,0.0,0.1,0.9,-0.8,-0.8,-0.8,-0.8,1.0,0.0,24.0,0.0,0.1,0.9,4.3,4.3,4.3,4.3,1.0,0.0,24.0,0.0,0.1,0.9,-0.2,-0.2,-0.2,-0.2,1.0,0.0,24.0,0.0,0.1,0.9,-0.4,-0.4,-0.4,-0.4,1.0,0.0,24.0,0.0,0.1,0.9,5.08,5.08,5.08,5.08,1.0,0.0,24.0,0.0,0.1,0.9,10.7,10.7,10.7,10.7,1.0,0.0,24.0,0.0,0.1,0.9,-10.3,-10.3,-10.3,-10.3,1.0,0.0,24.0,0.0,0.1,0.9,58.3,58.3,58.3,58.3,1.0,0.0,24.0,0.0,0.1,0.9,-6.8,-6.8,-6.8,-6.8,1.0,0.0,24.0,0.0,0.1,0.9,38.7,38.7,38.7,38.7,1.0,0.0,24.0,0.0,0.1,0.9,-1.9,-1.9,-1.9,-1.9,1.0,0.0,24.0,0.0,0.1,0.9,10.5,10.5,10.5,10.5,1.0,0.0,24.0,0.0,0.1,0.9,9.5,9.5,9.5,9.5,1.0,0.0,24.0,0.0,0.1,0.9,10.0,10.0,10.0,10.0,1.0,0.0,24.0,0.0,0.1,0.9
1974,2,2.0,-2.0,,,,,,,,,,,,,,,,,,,,,,,,,,,,,,,,,,,,,,,,3.59,4.85,6.11,4.85,2.0,2.62,8.0,0.0,0.7,0.8,-4.32,-2.57,-0.81,-2.57,2.0,3.63,8.0,0.0,0.7,0.8,3.21,3.65,4.1,3.65,2.0,0.92,8.0,0.0,0.7,0.8,1011.42,1012.1,1012.78,1012.1,2.0,1.41,8.0,0.0,0.7,0.8,3.6,5.0,6.4,5.0,2.0,2.8,8.0,0.0,0.7,0.8,-28.9,-17.2,-5.5,-17.2,2.0,24.3,8.0,0.0,0.7,0.8,12.2,18.9,25.7,18.9,2.0,14.0,8.0,0.0,0.7,0.8,,,,,,,,,,,,,,,,,,,,,,,,,,,,,,,,,,,,,,,,,-105.8,-62.9,-20.0,-62.9,2.0,88.9,8.0,0.0,0.7,0.8,87.4,94.8,102.1,94.8,2.0,15.2,8.0,0.0,0.7,0.8,-84.7,-84.7,-84.7,-84.7,1.0,0.0,4.0,0.0,0.5,0.5,71.1,71.1,71.1,71.1,1.0,0.0,4.0,0.0,0.5,0.5,,,,,,,,,,,,,,,,,,,,,,,,,,,,,,,,,,,,,,,,
1974,2,2.0,-1.0,27.07,28.35,28.84,27.95,6.0,1.19,14.0,0.8,0.5,0.6,26.98,28.4,30.13,28.55,4.0,1.91,16.0,0.8,0.4,0.7,19.25,20.42,21.59,20.42,2.0,2.43,18.0,0.5,0.3,0.7,79.7,80.5,81.3,80.5,2.0,1.7,18.0,0.5,0.7,0.48,4.0,4.08,2.74,7.0,2.2,12.0,0.9,0.5,0.6,-2.88,-0.25,0.07,-0.96,7.0,1.71,12.0,0.9,0.5,0.6,0.41,2.0,3.82,2.27,7.0,1.91,12.0,0.9,0.5,0.6,1007.08,1008.2,1012.1,1009.07,6.0,2.43,12.0,0.8,0.4,0.7,3.0,6.0,8.0,5.1,7.0,2.5,12.0,0.9,0.5,0.6,-14.0,-0.2,0.3,-4.3,7.0,8.0,12.0,0.9,0.5,0.6,0.2,8.0,15.7,9.6,7.0,10.5,12.0,0.9,0.5,0.6,-1.4,0.2,0.8,-0.27,4.0,1.46,16.0,0.8,0.4,0.7,-2.0,-0.6,2.6,0.3,4.0,3.1,16.0,0.8,0.4,0.7,2.83,3.86,4.88,3.86,2.0,2.13,18.0,0.5,0.3,0.7,6.8,16.5,26.1,16.5,2.0,19.9,18.0,0.5,0.3,0.7,-44.1,-6.0,18.5,-12.5,4.0,48.9,16.0,0.8,0.4,0.7,20.5,70.4,123.5,71.9,4.0,60.2,16.0,0.8,0.4,0.7,-45.5,-28.6,-11.7,-28.6,2.0,35.0,18.0,0.5,0.3,0.7,33.0,57.1,81.1,57.1,2.0,49.9,18.0,0.5,0.3,0.7,-12.9,-7.8,-2.8,-7.8,2.0,10.5,18.0,0.5,0.3,0.7,6.1,14.4,22.6,14.4,2.0,17.1,18.0,0.5,0.3,0.7,0.0,64.0,70.0,54.0,7.0,66.0,12.0,0.9,0.5,0.6,0.0,65.0,70.0,55.0,7.0,65.0,12.0,0.9,0.5,0.6
1974,2,2.0,0.0,27.53,27.8,28.28,27.9,3.0,0.56,20.0,0.3,0.2,0.2,25.38,26.2,29.34,27.33,3.0,3.06,16.0,0.7,0.2,0.2,18.8,20.26,21.72,20.26,2.0,3.02,22.0,0.5,0.3,0.1,81.0,82.7,84.3,82.7,2.0,3.4,22.0,0.5,0.1,2.24,4.9,6.2,4.25,4.0,2.49,16.0,0.5,0.2,0.3,0.42,1.92,4.13,2.26,4.0,2.4,16.0,0.5,0.2,0.3,1.62,2.71,4.67,3.13,4.0,2.17,16.0,0.5,0.2,0.3,1008.5,1008.8,1010.83,1009.63,4.0,1.93,16.0,0.5,0.2,0.3,2.0,4.0,6.5,4.3,4.0,2.6,16.0,0.5,0.2,0.3,3.1,8.3,22.2,12.4,4.0,14.5,16.0,0.5,0.2,0.3,4.5,13.8,29.0,16.6,4.0,16.0,16.0,0.5,0.2,0.3,-1.74,-0.55,0.64,-0.55,2.0,2.47,22.0,0.5,0.3,0.1,-0.8,2.6,5.9,2.6,2.0,6.9,22.0,0.5,0.3,0.1,2.52,3.44,4.37,3.44,2.0,1.92,22.0,0.5,0.3,0.1,6.5,15.9,25.4,15.9,2.0,19.6,22.0,0.5,0.3,0.1,18.2,68.9,117.9,68.1,3.0,73.0,16.0,0.7,0.2,0.2,39.1,57.9,73.8,56.5,3.0,25.5,16.0,0.7,0.2,0.2,12.2,46.7,81.3,46.7,2.0,71.6,22.0,0.5,0.3,0.1,27.5,39.1,50.8,39.1,2.0,24.1,22.0,0.5,0.3,0.1,3.8,12.7,21.6,12.7,2.0,18.5,22.0,0.5,0.3,0.1,4.1,8.5,12.8,8.5,2.0,9.1,22.0,0.5,0.3,0.1,22.5,142.5,238.5,131.0,4.0,125.0,16.0,0.5,0.2,0.3,25.0,140.0,240.0,130.0,4.0,125.0,16.0,0.5,0.2,0.3
1974,2,2.0,1.0,27.4,27.4,27.4,27.4,1.0,0.0,24.0,1.0,0.6,0.1,26.4,26.4,26.4,26.4,1.0,0.0,24.0,1.0,0.6,0.1,17.5,17.5,17.5,17.5,1.0,0.0,24.0,1.0,0.6,0.1,81.1,81.1,81.1,81.1,1.0,0.0,24.0,1.0,0.1,,,,,,,,,,,,,,,,,,,,,,,,,,,,,,,,,,,,,,,,,,,,,,,,,,,,,,,,,,,,,,,,,,,,,,,,,,,,,,,,,,,,,,,,,,,,,,,,,,,,,,,,,,,,,,,,,,,,,,,,,,,,,,,,,,,,,,,,,,,,,,,,,,,,,,,,,,,,,,,,,,,,,,,,,,,,,,,,,,,,,,,,,,,,,,
1974,2,2.0,2.0,28.3,28.3,28.3,28.3,1.0,0.0,22.0,0.0,0.1,0.4,28.7,28.7,28.7,28.7,1.0,0.0,22.0,0.0,0.1,0.4,18.48,18.48,18.48,18.48,1.0,0.0,22.0,0.0,0.1,0.4,74.8,74.8,74.8,74.8,1.0,0.0,22.0,0.0,0.4,2.6,2.6,2.6,2.6,1.0,0.0,22.0,0.0,0.1,0.4,1.67,1.67,1.67,1.67,1.0,0.0,22.0,0.0,0.1,0.4,1.99,1.99,1.99,1.99,1.0,0.0,22.0,0.0,0.1,0.4,1008.2,1008.2,1008.2,1008.2,1.0,0.0,22.0,0.0,0.1,0.4,4.0,4.0,4.0,4.0,1.0,0.0,22.0,0.0,0.1,0.4,4.3,4.3,4.3,4.3,1.0,0.0,22.0,0.0,0.1,0.4,5.2,5.2,5.2,5.2,1.0,0.0,22.0,0.0,0.1,0.4,-0.4,-0.4,-0.4,-0.4,1.0,0.0,22.0,0.0,0.1,0.4,-1.0,-1.0,-1.0,-1.0,1.0,0.0,22.0,0.0,0.1,0.4,5.73,5.73,5.73,5.73,1.0,0.0,22.0,0.0,0.1,0.4,14.9,14.9,14.9,14.9,1.0,0.0,22.0,0.0,0.1,0.4,48.0,48.0,48.0,48.0,1.0,0.0,22.0,0.0,0.1,0.4,57.2,57.2,57.2,57.2,1.0,0.0,22.0,0.0,0.1,0.4,30.9,30.9,30.9,30.9,1.0,0.0,22.0,0.0,0.1,0.4,36.8,36.8,36.8,36.8,1.0,0.0,22.0,0.0,0.1,0.4,9.6,9.6,9.6,9.6,1.0,0.0,22.0,0.0,0.1,0.4,11.4,11.4,11.4,11.4,1.0,0.0,22.0,0.0,0.1,0.4,17.5,17.5,17.5,17.5,1.0,0.0,22.0,0.0,0.1,0.4,20.0,20.0,20.0,20.0,1.0,0.0,22.0,0.0,0.1,0.4
1974,2,2.0,3.0,,,,,,,,,,,,,,,,,,,,,,,,,,,,,,,,,,,,,,,,0.95,3.0,3.0,2.0,3.0,1.73,12.0,0.3,0.6,0.6,-0.7,0.0,1.32,0.3,3.0,1.5,12.0,0.3,0.6,0.6,0.73,2.3,2.65,1.71,3.0,1.5,12.0,0.3,0.6,0.6,1009.23,1009.5,1009.77,1009.5,2.0,0.57,18.0,0.5,0.6,0.7,,,,,,,,,,,,,,,,,,,,,,,,,,,,,,,,,,,,,,,,,,,,,,,,,,,,,,,,,,,,,,,,,,,,,,,,,,,,,,,,,,,,,,,,,,,,,,,,,,,,,,,,,,,,,,,,,,,,,,,,,,,,,,,,,,,,,,,,,,,,,,,,,,,,,,
1974,2,2.0,4.0,27.83,28.3,29.32,28.58,9.0,0.82,12.0,0.7,0.3,0.2,27.13,27.7,28.89,27.97,9.0,1.04,14.0,0.6,0.3,0.3,19.15,19.92,20.32,19.62,8.0,1.23,12.0,0.5,0.3,0.2,75.7,86.0,90.1,83.7,8.0,6.8,12.0,0.5,0.2,2.6,4.1,6.2,4.42,10.0,1.99,12.0,0.6,0.3,0.3,1.21,2.13,4.75,2.65,10.0,2.04,12.0,0.6,0.3,0.3,0.0,2.29,4.57,2.57,10.0,2.52,12.0,0.6,0.3,0.3,1007.39,1009.15,1011.11,1009.28,10.0,1.86,12.0,0.6,0.3,0.3,2.9,6.0,8.0,5.5,10.0,2.7,12.0,0.6,0.3,0.3,3.6,5.8,31.8,13.5,10.0,14.6,12.0,0.6,0.3,0.3,0.0,6.7,21.6,13.5,10.0,19.4,12.0,0.6,0.3,0.3,0.04,0.55,1.09,0.5,8.0,1.24,12.0,0.6,0.3,0.2,0.2,1.8,2.8,0.5,8.0,5.5,12.0,0.6,0.3,0.2,3.23,3.84,6.46,4.63,7.0,2.22,10.0,0.6,0.3,0.2,11.3,19.6,23.3,17.7,7.0,6.0,10.0,0.6,0.3,0.2,42.5,60.8,146.2,83.2,9.0,56.3,14.0,0.6,0.3,0.3,0.0,44.6,100.8,63.1,9.0,68.9,14.0,0.6,0.3,0.3,30.2,46.9,115.4,60.5,8.0,40.6,12.0,0.5,0.3,0.2,2.4,44.6,78.5,51.0,8.0,50.3,12.0,0.5,0.3,0.2,6.4,10.1,21.1,13.2,7.0,8.3,10.0,0.6,0.3,0.2,0.0,10.7,12.4,8.3,7.0,6.8,10.0,0.6,0.3,0.2,17.5,69.0,238.5,137.0,10.0,169.5,12.0,0.6,0.3,0.3,20.0,70.0,240.0,135.0,10.0,170.0,12.0,0.6,0.3,0.3
1974,2,2.0,5.0,30.5,30.5,30.5,30.5,1.0,0.0,22.0,0.0,0.3,0.9,28.0,28.0,28.0,28.0,1.0,0.0,22.0,0.0,0.3,0.9,19.82,19.82,19.82,19.82,1.0,0.0,22.0,0.0,0.3,0.9,83.8,83.8,83.8,83.8,1.0,0.0,22.0,0.0,0.9,5.1,5.1,5.1,5.1,1.0,0.0,22.0,0.0,0.3,0.9,3.28,3.28,3.28,3.28,1.0,0.0,22.0,0.0,0.3,0.9,3.91,3.91,3.91,3.91,1.0,0.0,22.0,0.0,0.3,0.9,1011.0,1011.0,1011.0,1011.0,1.0,0.0,22.0,0.0,0.3,0.9,0.0,0.0,0.0,0.0,1.0,0.0,22.0,0.0,0.3,0.9,16.7,16.7,16.7,16.7,1.0,0.0,22.0,0.0,0.3,0.9,19.9,19.9,19.9,19.9,1.0,0.0,22.0,0.0,0.3,0.9,2.5,2.5,2.5,2.5,1.0,0.0,22.0,0.0,0.3,0.9,12.8,12.8,12.8,12.8,1.0,0.0,22.0,0.0,0.3,0.9,7.65,7.65,7.65,7.65,1.0,0.0,22.0,0.0,0.3,0.9,39.0,39.0,39.0,39.0,1.0,0.0,22.0,0.0,0.3,0.9,91.8,91.8,91.8,91.8,1.0,0.0,22.0,0.0,0.3,0.9,109.4,109.4,109.4,109.4,1.0,0.0,22.0,0.0,0.3,0.9,65.0,65.0,65.0,65.0,1.0,0.0,22.0,0.0,0.3,0.9,77.4,77.4,77.4,77.4,1.0,0.0,22.0,0.0,0.3,0.9,25.1,25.1,25.1,25.1,1.0,0.0,22.0,0.0,0.3,0.9,29.9,29.9,29.9,29.9,1.0,0.0,22.0,0.0,0.3,0.9,132.5,132.5,132.5,132.5,1.0,0.0,22.0,0.0,0.3,0.9,135.0,135.0,135.0,135.0,1.0,0.0,22.0,0.0,0.3,0.9
1974,2,2.0,6.0,27.49,28.0,28.25,27.88,4.0,0.5,14.0,1.0,0.5,0.2,27.18,28.15,28.75,27.98,4.0,0.95,14.0,1.0,0.5,0.2,18.79,19.63,19.81,19.32,4.0,0.87,14.0,1.0,0.5,0.2,76.6,82.6,86.9,81.8,4.0,6.7,14.0,1.0,0.2,3.08,4.1,5.44,4.25,4.0,1.54,14.0,1.0,0.5,0.2,1.89,2.21,2.54,2.21,4.0,0.45,14.0,1.0,0.5,0.2,2.15,3.15,4.95,3.53,4.0,1.76,14.0,1.0,0.5,0.2,1008.15,1008.4,1008.7,1008.43,4.0,0.33,14.0,1.0,0.5,0.2,2.9,5.5,6.0,4.5,4.0,2.4,14.0,1.0,0.5,0.2,7.0,10.3,11.9,9.5,4.0,3.7,14.0,1.0,0.5,0.2,6.7,13.3,27.6,17.0,4.0,13.9,14.0,1.0,0.5,0.2,-0.71,-0.05,0.5,-0.1,4.0,0.72,14.0,1.0,0.5,0.2,-2.8,0.1,2.6,-0.1,4.0,3.4,14.0,1.0,0.5,0.2,3.6,4.32,4.97,4.29,4.0,1.0,14.0,1.0,0.5,0.2,10.9,18.0,26.4,18.6,4.0,8.9,14.0,1.0,0.5,0.2,53.1,62.3,70.1,61.6,4.0,11.0,14.0,1.0,0.5,0.2,59.6,88.2,138.7,98.6,4.0,48.8,14.0,1.0,0.5,0.2,37.2,41.6,48.2,42.7,4.0,8.6,14.0,1.0,0.5,0.2,42.5,58.6,94.1,67.9,4.0,34.0,14.0,1.0,0.5,0.2,7.7,8.9,11.1,9.3,4.0,2.4,14.0,1.0,0.5,0.2,7.7,15.1,23.9,15.8,4.0,9.4,14.0,1.0,0.5,0.2,31.5,72.0,171.0,100.0,4.0,98.0,14.0,1.0,0.5,0.2,30.0,70.0,170.0,100.0,4.0,100.0,14.0,1.0,0.5,0.2
1974,2,2.0,36.0,14.0,15.0,16.0,14.79,63.0,1.17,14.0,0.3,0.4,0.8,12.13,14.1,16.0,14.17,66.0,1.9,16.0,0.3,0.4,0.8,5.8,6.93,8.53,7.04,21.0,1.35,16.0,0.3,0.5,0.9,61.4,71.3,85.3,71.6,22.0,11.4,16.0,0.3,0.9,3.0,8.1,14.4,8.93,64.0,5.41,14.0,0.2,0.4,0.8,-1.48,7.75,12.9,6.42,64.0,7.37,14.0,0.2,0.4,0.8,-3.28,0.0,3.13,-0.18,64.0,3.74,14.0,0.2,0.4,0.8,1006.33,1015.5,1022.42,1014.92,65.0,6.93,16.0,0.2,0.4,0.8,0.7,5.0,8.0,4.3,62.0,2.8,14.0,0.3,0.4,0.8,-2.2,63.0,166.5,88.0,64.0,117.3,14.0,0.2,0.4,0.8,-23.5,0.0,39.1,-2.6,64.0,51.3,14.0,0.2,0.4,0.8,-1.13,0.7,2.5,0.59,62.0,2.05,14.0,0.3,0.4,0.8,-7.2,4.1,19.2,4.6,58.0,19.0,14.0,0.2,0.4,0.8,1.78,3.37,4.85,3.39,21.0,1.68,16.0,0.3,0.5,0.9,1.1,19.2,57.5,25.7,19.0,26.3,16.0,0.3,0.4,0.9,-10.9,107.7,198.7,98.1,62.0,102.1,14.0,0.2,0.4,0.8,-40.9,0.0,45.6,-1.8,62.0,52.8,14.0,0.2,0.4,0.8,-0.7,31.8,80.9,43.2,19.0,49.9,16.0,0.3,0.4,0.9,-29.9,0.0,14.5,-3.7,19.0,28.0,16.0,0.3,0.4,0.9,-1.0,6.6,46.1,18.7,19.0,28.1,16.0,0.3,0.4,0.9,-10.3,0.0,7.5,-0.8,19.0,15.1,16.0,0.3,0.4,0.9,27.0,531.5,2986.5,1534.0,64.0,2164.5,14.0,0.2,0.4,0.8,25.0,530.0,2985.0,1535.0,64.0,2165.0,14.0,0.2,0.4,0.8
1974,2,2.0,37.0,14.0,15.0,16.0,14.86,74.0,1.02,12.0,0.3,0.5,0.2,12.0,14.0,15.4,13.75,79.0,1.98,12.0,0.3,0.5,0.3,5.58,6.51,8.6,6.88,36.0,1.38,14.0,0.4,0.4,0.4,57.2,72.0,83.1,70.5,36.0,11.9,14.0,0.4,0.4,4.34,8.7,15.9,9.91,72.0,5.72,12.0,0.3,0.5,0.3,-2.1,7.03,15.66,6.73,72.0,8.1,12.0,0.3,0.5,0.3,-5.14,0.0,3.22,-1.01,72.0,4.45,12.0,0.3,0.5,0.3,1006.18,1015.9,1021.66,1014.55,79.0,6.93,12.0,0.3,0.5,0.2,1.0,5.0,7.8,4.4,78.0,2.7,14.0,0.4,0.5,0.2,-10.4,55.6,249.0,104.6,72.0,144.8,12.0,0.3,0.5,0.3,-48.0,0.0,35.6,-7.0,72.0,58.1,12.0,0.3,0.5,0.3,-0.96,0.8,3.0,1.03,73.0,1.96,12.0,0.3,0.5,0.3,-6.8,6.1,25.2,9.7,65.0,23.2,12.0,0.3,0.5,0.3,1.86,3.46,4.67,3.4,31.0,1.33,14.0,0.4,0.4,0.4,10.4,22.3,50.8,32.0,29.0,27.5,12.0,0.3,0.4,0.4,-26.6,90.9,236.4,96.5,71.0,118.5,12.0,0.3,0.5,0.3,-64.2,0.0,48.1,-8.4,71.0,56.1,12.0,0.3,0.5,0.3,-13.0,46.8,110.0,46.3,34.0,56.5,14.0,0.4,0.4,0.4,-36.9,-3.3,24.1,-6.1,34.0,28.4,14.0,0.4,0.4,0.4,-8.5,16.2,38.2,20.3,29.0,30.7,12.0,0.3,0.4,0.4,-20.3,-3.7,7.2,-7.3,29.0,19.9,12.0,0.3,0.4,0.4,84.0,658.5,4019.5,2026.0,72.0,2967.0,12.0,0.3,0.5,0.3,85.0,660.0,4020.0,2025.0,72.0,2965.0,12.0,0.3,0.5,0.3
1974,2,2.0,38.0,12.43,14.8,15.0,14.22,10.0,1.38,12.0,0.2,0.4,0.5,12.01,13.85,15.14,13.53,10.0,2.25,12.0,0.2,0.4,0.5,5.67,6.88,7.9,6.88,6.0,1.46,8.0,0.2,0.4,0.3,58.2,66.3,75.0,66.6,6.0,11.1,8.0,0.2,0.3,8.54,10.3,13.5,10.26,9.0,3.46,14.0,0.2,0.4,0.5,-1.33,7.88,11.29,5.6,9.0,7.13,14.0,0.2,0.4,0.5,-6.8,-4.75,-0.54,-4.66,9.0,4.44,14.0,0.2,0.4,0.5,1003.91,1013.1,1019.73,1012.63,10.0,8.75,12.0,0.2,0.4,0.5,2.0,5.0,6.0,4.4,10.0,2.3,12.0,0.2,0.4,0.5,-23.7,76.6,134.1,60.5,9.0,86.3,14.0,0.2,0.4,0.5,-72.6,-53.0,-1.4,-55.3,9.0,60.8,14.0,0.2,0.4,0.5,-0.57,0.2,1.57,0.69,10.0,2.24,12.0,0.2,0.4,0.5,-4.3,2.2,18.4,11.3,9.0,31.5,14.0,0.2,0.4,0.5,2.32,3.03,4.7,3.33,6.0,1.34,8.0,0.2,0.4,0.3,21.8,38.1,57.4,38.5,5.0,22.1,10.0,0.2,0.5,0.3,-9.9,107.9,170.8,85.6,9.0,98.3,14.0,0.2,0.4,0.5,-87.8,-72.1,-6.6,-56.2,9.0,45.1,14.0,0.2,0.4,0.5,32.1,76.3,81.6,59.4,5.0,31.8,10.0,0.2,0.5,0.3,-29.3,-25.7,-7.9,-19.6,5.0,13.1,10.0,0.2,0.5,0.3,21.0,35.8,51.4,35.4,5.0,20.7,10.0,0.2,0.5,0.3,-23.6,-13.0,-3.2,-13.3,5.0,11.2,10.0,0.2,0.5,0.3,643.5,1092.5,2475.5,1368.0,9.0,920.0,14.0,0.2,0.4,0.5,645.0,1095.0,2475.0,1370.0,9.0,920.0,14.0,0.2,0.4,0.5
1974,2,2.0,39.0,13.7,13.9,14.4,14.02,46.0,0.72,24.0,0.4,0.5,0.5,9.62,11.1,13.84,11.55,49.0,2.0,24.0,0.4,0.5,0.5,4.74,5.38,6.13,5.4,44.0,0.94,24.0,0.4,0.6,0.5,53.7,65.8,72.8,64.0,45.0,10.0,24.0,0.4,0.5,0.0,2.1,8.0,4.0,49.0,4.41,24.0,0.4,0.5,0.5,-0.83,0.0,3.28,0.78,49.0,3.71,24.0,0.4,0.5,0.5,-5.12,0.0,1.58,-1.4,49.0,4.41,24.0,0.4,0.5,0.5,1013.48,1016.35,1018.2,1015.64,48.0,3.19,22.0,0.4,0.5,0.5,0.0,3.0,6.0,3.6,49.0,2.6,24.0,0.4,0.5,0.5,-2.8,0.0,14.4,7.4,49.0,47.0,24.0,0.4,0.5,0.5,-40.3,0.0,7.4,-15.1,49.0,49.5,24.0,0.4,0.5,0.5,0.0,2.9,4.39,2.52,46.0,2.19,24.0,0.4,0.5,0.5,0.0,1.6,20.1,8.4,46.0,15.7,24.0,0.4,0.5,0.5,3.88,4.65,5.34,4.61,43.0,0.91,24.0,0.4,0.6,0.5,0.0,9.8,32.9,16.1,43.0,18.2,24.0,0.4,0.6,0.5,-7.9,0.0,41.0,10.1,49.0,47.3,24.0,0.4,0.5,0.5,-63.7,0.0,21.6,-13.5,49.0,53.0,24.0,0.4,0.5,0.5,-1.8,0.0,19.6,6.2,44.0,22.0,24.0,0.4,0.6,0.5,-23.2,0.0,6.5,-6.6,44.0,23.5,24.0,0.4,0.6,0.5,-1.9,0.0,11.3,2.9,43.0,12.7,24.0,0.4,0.6,0.5,-23.3,0.0,2.5,-7.9,43.0,19.1,24.0,0.4,0.6,0.5,0.0,9.5,538.0,389.5,49.0,858.0,24.0,0.4,0.5,0.5,0.0,10.0,540.0,390.0,49.0,860.0,24.0,0.4,0.5,0.5
1974,2,2.0,40.0,12.54,13.7,14.91,13.62,40.0,1.09,14.0,0.5,0.4,0.5,11.02,13.0,14.44,12.98,40.0,1.58,14.0,0.5,0.4,0.5,5.41,6.45,7.63,6.62,34.0,1.14,12.0,0.5,0.4,0.5,60.9,69.4,79.4,70.0,34.0,11.1,12.0,0.5,0.5,5.12,9.3,13.88,9.95,39.0,4.64,14.0,0.5,0.4,0.5,-4.57,4.37,12.09,4.12,39.0,7.58,14.0,0.5,0.4,0.5,-10.2,-4.1,1.87,-3.83,39.0,5.76,14.0,0.5,0.4,0.5,1004.04,1012.75,1019.02,1012.27,40.0,6.94,14.0,0.5,0.4,0.5,0.0,4.0,8.0,4.2,37.0,3.1,14.0,0.5,0.3,0.5,-33.0,24.9,148.4,53.6,39.0,114.9,14.0,0.5,0.4,0.5,-130.3,-34.0,19.9,-48.5,39.0,85.4,14.0,0.5,0.4,0.5,-1.36,0.15,3.0,0.64,40.0,2.12,14.0,0.5,0.4,0.5,-11.7,0.0,24.5,6.1,39.0,24.2,14.0,0.5,0.4,0.5,1.82,3.14,4.25,3.01,34.0,1.23,12.0,0.5,0.4,0.5,9.0,32.5,51.0,32.1,33.0,20.6,12.0,0.5,0.4,0.5,-52.0,54.0,165.8,57.4,39.0,101.5,14.0,0.5,0.4,0.5,-129.2,-58.5,29.1,-47.0,39.0,72.7,14.0,0.5,0.4,0.5,-7.4,31.6,80.9,33.9,33.0,47.8,12.0,0.5,0.4,0.5,-66.5,-27.6,13.1,-23.6,33.0,39.6,12.0,0.5,0.4,0.5,-5.2,20.6,39.2,17.1,33.0,22.7,12.0,0.5,0.4,0.5,-24.2,-11.1,5.7,-13.6,33.0,21.9,12.0,0.5,0.4,0.5,134.5,804.5,2677.0,1649.0,39.0,2249.5,14.0,0.5,0.4,0.5,135.0,805.0,2675.0,1650.0,39.0,2250.0,14.0,0.5,0.4,0.5
1974,2,2.0,41.0,11.7,13.0,13.9,12.84,87.0,0.89,6.0,0.4,0.2,0.1,10.6,12.8,14.4,12.54,89.0,1.98,6.0,0.4,0.2,0.1,4.33,5.61,6.95,5.56,85.0,1.23,6.0,0.4,0.2,0.1,49.6,60.8,74.2,61.9,85.0,12.8,6.0,0.4,0.1,1.5,5.7,10.3,6.11,89.0,4.36,6.0,0.4,0.2,0.1,0.0,3.55,8.57,3.82,89.0,4.69,6.0,0.4,0.2,0.1,-5.1,0.0,2.28,-1.09,89.0,4.33,6.0,0.4,0.2,0.1,1004.49,1015.7,1021.51,1013.32,89.0,7.89,6.0,0.4,0.2,0.1,0.0,2.0,7.0,3.5,88.0,3.0,6.0,0.4,0.2,0.1,0.0,16.7,81.3,32.5,89.0,60.2,6.0,0.4,0.2,0.1,-55.6,0.0,13.1,-14.6,89.0,57.7,6.0,0.4,0.2,0.1,-1.7,0.0,2.7,0.29,87.0,2.07,6.0,0.4,0.2,0.1,-11.5,0.0,11.3,1.1,87.0,17.7,6.0,0.4,0.2,0.1,2.45,3.61,5.03,3.63,85.0,1.35,6.0,0.4,0.2,0.1,2.8,17.9,43.0,23.6,85.0,20.1,6.0,0.4,0.2,0.1,0.0,39.4,109.7,49.4,89.0,63.6,6.0,0.4,0.2,0.1,-56.7,0.0,33.4,-11.4,89.0,53.8,6.0,0.4,0.2,0.1,0.0,20.6,45.9,19.8,85.0,27.2,6.0,0.4,0.2,0.1,-21.9,0.0,14.6,-3.9,85.0,26.0,6.0,0.4,0.2,0.1,0.0,10.4,36.9,15.9,85.0,20.2,6.0,0.4,0.2,0.1,-24.1,0.0,6.6,-5.4,85.0,16.5,6.0,0.4,0.2,0.1,3.5,185.0,1092.5,627.0,89.0,1263.5,6.0,0.4,0.2,0.1,5.0,185.0,1095.0,625.0,89.0,1265.0,6.0,0.4,0.2,0.1
1974,2,2.0,50.0,8.9,8.9,8.9,8.9,1.0,0.0,4.0,0.0,0.2,0.3,10.16,11.8,13.44,11.8,2.0,3.39,10.0,0.0,0.4,0.5,7.25,7.41,7.56,7.41,2.0,0.33,10.0,0.0,0.4,0.5,79.2,86.6,93.9,86.6,2.0,15.2,10.0,0.0,0.5,3.89,7.75,11.61,7.75,2.0,7.99,10.0,0.0,0.4,0.5,3.23,7.27,11.32,7.27,2.0,8.38,10.0,0.0,0.4,0.5,-2.21,-1.97,-1.72,-1.97,2.0,0.51,10.0,0.0,0.4,0.5,1004.46,1006.1,1007.74,1006.1,2.0,3.39,10.0,0.0,0.4,0.5,7.0,7.0,7.0,7.0,2.0,0.0,10.0,0.0,0.4,0.5,30.4,89.8,149.2,89.8,2.0,123.0,10.0,0.0,0.4,0.5,-26.8,-17.3,-7.8,-17.3,2.0,19.7,10.0,0.0,0.4,0.5,-0.5,-0.5,-0.5,-0.5,1.0,0.0,4.0,0.0,0.2,0.3,-6.7,-6.7,-6.7,-6.7,1.0,0.0,4.0,0.0,0.2,0.3,-0.05,-0.05,-0.05,-0.05,1.0,0.0,4.0,0.0,0.2,0.3,-0.6,-0.6,-0.6,-0.6,1.0,0.0,4.0,0.0,0.2,0.3,35.8,71.6,107.4,71.6,2.0,74.2,10.0,0.0,0.4,0.5,-22.7,-22.4,-22.0,-22.4,2.0,0.7,10.0,0.0,0.4,0.5,23.7,52.5,81.3,52.5,2.0,59.6,10.0,0.0,0.4,0.5,-16.0,-14.5,-13.0,-14.5,2.0,3.1,10.0,0.0,0.4,0.5,-0.6,-0.6,-0.6,-0.6,1.0,0.0,4.0,0.0,0.2,0.3,0.1,0.1,0.1,0.1,1.0,0.0,4.0,0.0,0.2,0.3,389.5,1207.5,2025.5,1207.5,2.0,1695.0,10.0,0.0,0.4,0.5,390.0,1210.0,2025.0,1210.0,2.0,1695.0,10.0,0.0,0.4,0.5
1974,2,2.0,51.0,8.0,9.0,10.0,8.95,52.0,1.42,14.0,0.6,0.5,0.7,5.19,7.6,9.1,7.31,49.0,2.01,14.0,0.2,0.4,0.7,3.52,4.81,6.23,4.87,14.0,1.17,16.0,0.4,0.4,0.6,66.0,81.0,93.1,80.4,14.0,12.4,16.0,0.4,0.6,5.0,9.0,14.4,9.72,71.0,4.9,14.0,0.4,0.5,0.7,-4.17,0.36,6.9,1.53,71.0,5.68,14.0,0.4,0.5,0.7,-6.52,3.21,12.28,3.0,71.0,8.71,14.0,0.4,0.5,0.7,994.66,1003.65,1023.6,1007.42,50.0,14.42,14.0,0.2,0.4,0.7,3.0,6.5,8.0,5.8,66.0,2.2,14.0,0.5,0.5,0.8,-28.7,0.8,86.5,25.6,71.0,82.3,14.0,0.4,0.5,0.7,-45.3,15.4,151.0,44.7,71.0,132.0,14.0,0.4,0.5,0.7,-1.0,1.0,3.8,1.1,28.0,2.39,12.0,0.2,0.3,0.6,-7.6,10.9,36.5,11.3,28.0,25.9,12.0,0.2,0.3,0.6,0.72,2.02,3.31,2.07,10.0,1.21,14.0,0.3,0.4,0.6,3.6,24.1,29.9,18.8,10.0,12.9,14.0,0.3,0.4,0.6,-29.5,18.3,56.9,16.1,49.0,43.7,14.0,0.2,0.4,0.7,-33.3,34.6,108.0,33.3,49.0,63.8,14.0,0.2,0.4,0.7,-24.6,4.7,39.3,10.9,14.0,37.9,16.0,0.4,0.4,0.6,-41.7,2.6,66.8,6.3,14.0,47.6,16.0,0.4,0.4,0.6,-6.1,2.4,18.5,4.1,10.0,16.5,14.0,0.3,0.4,0.6,-13.7,0.1,20.2,2.5,10.0,16.2,14.0,0.3,0.4,0.6,125.0,729.0,2986.0,1673.0,71.0,2368.0,14.0,0.4,0.5,0.7,125.0,730.0,2985.0,1675.0,71.0,2370.0,14.0,0.4,0.5,0.7
1974,2,2.0,52.0,6.0,8.0,9.0,7.64,32.0,1.34,12.0,0.1,0.5,0.4,5.0,7.0,8.87,6.95,72.0,2.15,16.0,0.3,0.6,0.4,4.22,5.03,6.31,5.22,13.0,1.16,14.0,0.2,0.4,0.4,70.1,85.8,94.0,83.6,13.0,12.3,14.0,0.2,0.4,4.1,8.85,14.05,8.69,70.0,5.15,16.0,0.3,0.6,0.4,-3.91,0.0,8.08,1.5,70.0,6.22,16.0,0.3,0.6,0.4,-4.65,2.36,12.04,2.84,70.0,7.35,16.0,0.3,0.6,0.4,999.81,1018.3,1034.0,1016.16,61.0,17.62,16.0,0.3,0.6,0.4,4.0,8.0,8.0,6.5,64.0,2.2,16.0,0.3,0.6,0.4,-29.7,0.0,97.9,25.3,70.0,88.5,16.0,0.3,0.6,0.4,-24.4,9.8,162.2,45.8,70.0,102.9,16.0,0.3,0.6,0.4,-1.91,0.7,2.13,0.25,32.0,2.26,12.0,0.1,0.5,0.4,-16.7,4.8,20.3,1.3,30.0,26.5,12.0,0.1,0.5,0.4,0.31,1.07,2.54,1.33,13.0,1.1,14.0,0.2,0.4,0.4,3.3,4.4,16.2,9.8,13.0,9.1,14.0,0.2,0.4,0.4,-18.4,0.0,49.4,15.3,69.0,39.5,16.0,0.3,0.6,0.4,-30.7,12.3,96.3,26.8,69.0,57.7,16.0,0.3,0.6,0.4,-9.6,17.0,38.9,21.4,13.0,33.5,14.0,0.2,0.4,0.4,-15.9,-5.5,32.6,10.1,13.0,37.4,14.0,0.2,0.4,0.4,-4.4,2.1,11.6,4.3,13.0,10.9,14.0,0.2,0.4,0.4,-6.9,-0.8,3.1,-1.4,13.0,6.7,14.0,0.2,0.4,0.4,68.5,694.0,2775.5,1385.5,70.0,1976.0,16.0,0.3,0.6,0.4,70.0,695.0,2775.0,1385.0,70.0,1975.0,16.0,0.3,0.6,0.4
1974,2,2.0,53.0,5.59,6.7,8.0,6.67,10.0,1.62,14.0,0.3,0.7,0.3,4.0,6.0,7.0,5.94,91.0,1.57,12.0,0.6,0.4,0.1,4.44,5.33,5.93,5.19,4.0,1.06,14.0,0.3,0.8,0.4,80.4,94.6,96.3,88.7,4.0,13.7,14.0,0.3,0.4,4.6,10.3,15.4,10.48,99.0,5.24,12.0,0.6,0.4,0.1,-3.18,3.55,9.3,3.45,99.0,6.19,12.0,0.6,0.4,0.1,-4.35,2.46,12.9,3.57,99.0,8.67,12.0,0.6,0.4,0.1,996.76,1005.0,1022.24,1007.22,94.0,13.13,12.0,0.6,0.4,0.1,3.0,8.0,8.0,6.3,96.0,2.4,12.0,0.6,0.4,0.1,-14.6,24.4,142.2,48.1,99.0,86.9,12.0,0.6,0.4,0.1,-29.6,15.8,166.4,57.9,99.0,144.8,12.0,0.6,0.4,0.1,-0.94,1.15,3.43,1.24,10.0,2.1,14.0,0.3,0.7,0.3,-5.8,4.6,41.2,14.4,10.0,28.7,14.0,0.3,0.7,0.3,0.76,0.84,1.36,1.05,4.0,0.51,14.0,0.3,0.8,0.4,3.1,4.8,8.7,5.9,4.0,3.6,14.0,0.3,0.8,0.4,-12.9,23.6,56.2,21.4,90.0,36.1,12.0,0.6,0.4,0.1,-25.2,10.8,98.0,27.5,90.0,56.8,12.0,0.6,0.4,0.1,-5.2,13.9,17.0,6.2,4.0,19.2,14.0,0.3,0.8,0.4,-5.9,-1.7,42.1,17.2,4.0,42.3,14.0,0.3,0.8,0.4,-0.7,2.5,4.9,2.1,4.0,3.9,14.0,0.3,0.8,0.4,-0.8,-0.3,5.5,2.2,4.0,5.5,14.0,0.3,0.8,0.4,97.5,1092.5,3652.5,2054.0,99.0,2653.5,12.0,0.6,0.4,0.1,95.0,1095.0,3650.0,2055.0,99.0,2655.0,12.0,0.6,0.4,0.1
1974,2,2.0,54.0,5.4,5.7,6.46,5.97,17.0,0.79,18.0,0.4,0.4,0.3,4.2,5.2,7.13,5.62,19.0,1.46,16.0,0.4,0.4,0.3,3.41,3.48,3.99,3.78,12.0,0.73,18.0,0.3,0.4,0.3,63.9,66.8,78.6,70.8,12.0,9.7,18.0,0.3,0.3,3.37,6.7,12.6,7.64,19.0,4.44,16.0,0.4,0.4,0.3,-5.41,-1.08,4.59,-0.33,19.0,5.43,16.0,0.4,0.4,0.3,-3.21,0.0,8.0,2.03,19.0,6.89,16.0,0.4,0.4,0.3,999.89,1022.0,1025.0,1015.02,19.0,13.52,16.0,0.4,0.4,0.3,5.0,7.0,8.0,6.5,15.0,2.1,16.0,0.5,0.4,0.4,-47.2,-2.1,41.4,-5.9,19.0,60.7,16.0,0.4,0.4,0.3,-18.3,0.0,80.8,31.5,19.0,86.4,16.0,0.4,0.4,0.3,-0.69,0.6,1.25,0.37,17.0,0.96,18.0,0.4,0.4,0.3,-5.1,2.2,8.5,2.2,17.0,8.6,18.0,0.4,0.4,0.3,1.5,2.04,2.25,1.83,12.0,0.66,18.0,0.3,0.4,0.3,2.6,12.6,14.7,10.7,12.0,6.9,18.0,0.3,0.4,0.3,-28.6,-4.5,25.7,1.1,19.0,35.8,16.0,0.4,0.4,0.3,-13.4,0.0,53.5,14.9,19.0,38.7,16.0,0.4,0.4,0.3,-21.9,-9.0,8.2,-11.5,12.0,21.0,18.0,0.3,0.4,0.3,-11.3,-3.1,32.6,5.4,12.0,25.7,18.0,0.3,0.4,0.3,-11.3,-3.7,3.1,-4.0,12.0,7.2,18.0,0.3,0.4,0.3,-7.8,-1.9,3.5,-0.7,12.0,10.1,18.0,0.3,0.4,0.3,41.0,301.0,2022.0,903.5,19.0,1206.5,16.0,0.4,0.4,0.3,40.0,300.0,2020.0,905.0,19.0,1205.0,16.0,0.4,0.4,0.3
1974,2,2.0,55.0,5.8,6.1,6.48,6.05,15.0,0.59,10.0,0.3,0.5,0.3,4.69,6.6,7.96,6.49,15.0,1.67,10.0,0.3,0.5,0.3,4.26,5.24,5.89,5.11,12.0,0.95,12.0,0.3,0.4,0.3,70.8,82.8,88.8,81.5,12.0,9.7,12.0,0.3,0.3,4.6,4.6,14.37,8.09,14.0,4.98,10.0,0.3,0.5,0.3,-4.27,3.29,11.87,2.62,14.0,7.7,10.0,0.3,0.5,0.3,0.85,3.26,6.84,3.56,14.0,3.86,10.0,0.3,0.5,0.3,996.75,1005.2,1020.55,1005.89,15.0,13.53,10.0,0.3,0.5,0.3,6.1,7.0,8.0,6.7,14.0,1.9,10.0,0.3,0.5,0.3,-19.7,13.1,164.1,37.7,14.0,103.6,10.0,0.3,0.5,0.3,3.9,16.2,95.6,43.3,14.0,58.1,10.0,0.3,0.5,0.3,-1.8,-0.5,0.96,-0.44,15.0,1.47,10.0,0.3,0.5,0.3,-9.1,-7.0,3.6,-4.1,14.0,9.6,10.0,0.3,0.5,0.3,-0.05,0.56,1.68,0.77,12.0,0.95,12.0,0.3,0.4,0.3,-0.4,4.3,15.5,6.6,11.0,8.9,10.0,0.4,0.5,0.3,-31.2,14.3,79.0,17.7,14.0,51.7,10.0,0.3,0.5,0.3,5.8,22.2,45.2,24.6,14.0,24.2,10.0,0.3,0.5,0.3,-22.1,21.6,60.1,16.5,11.0,37.5,10.0,0.4,0.5,0.3,7.3,17.4,28.5,17.5,11.0,14.7,10.0,0.4,0.5,0.3,-1.8,1.1,14.1,4.2,11.0,9.3,10.0,0.4,0.5,0.3,-1.2,0.6,6.3,1.7,11.0,4.2,10.0,0.4,0.5,0.3,97.5,97.5,2967.0,1157.5,14.0,1546.0,10.0,0.3,0.5,0.3,95.0,95.0,2965.0,1160.0,14.0,1545.0,10.0,0.3,0.5,0.3
1974,2,2.0,56.0,8.4,8.85,9.0,8.52,128.0,0.8,14.0,0.2,0.6,0.6,5.0,6.85,7.6,6.27,270.0,1.69,14.0,0.4,0.5,0.4,4.45,5.43,5.88,5.27,183.0,0.71,14.0,0.3,0.4,0.4,80.2,87.2,93.4,87.0,184.0,8.2,14.0,0.3,0.4,5.1,11.3,15.9,11.12,278.0,5.27,14.0,0.4,0.5,0.4,-5.27,2.65,11.03,2.53,278.0,7.53,14.0,0.4,0.5,0.4,0.0,5.98,13.34,5.96,278.0,7.28,14.0,0.4,0.5,0.4,988.02,1003.3,1023.4,1004.67,277.0,17.37,14.0,0.4,0.5,0.4,3.0,7.0,8.0,6.0,239.0,2.4,14.0,0.4,0.5,0.4,-70.9,11.4,149.0,35.1,278.0,115.5,14.0,0.4,0.5,0.4,0.0,62.5,197.2,87.0,278.0,129.5,14.0,0.4,0.5,0.4,1.0,2.1,3.4,2.15,128.0,1.43,14.0,0.2,0.6,0.6,7.0,18.2,43.0,22.5,128.0,20.9,14.0,0.2,0.6,0.6,1.16,1.66,2.74,1.81,103.0,0.8,12.0,0.2,0.6,0.6,6.5,20.1,31.7,20.7,103.0,12.3,12.0,0.2,0.6,0.6,-29.2,15.1,74.2,20.7,268.0,48.5,14.0,0.4,0.5,0.4,0.0,34.5,84.6,37.6,268.0,48.2,14.0,0.4,0.5,0.4,-29.1,17.0,56.9,14.5,182.0,40.5,14.0,0.3,0.4,0.4,0.0,34.3,71.1,35.1,182.0,39.3,14.0,0.3,0.4,0.4,-9.6,0.0,18.9,3.3,103.0,15.4,12.0,0.2,0.6,0.6,0.0,10.6,23.8,10.8,103.0,14.8,12.0,0.2,0.6,0.6,132.5,1443.0,4019.5,2322.0,278.0,2762.0,14.0,0.4,0.5,0.4,135.0,1445.0,4020.0,2320.0,278.0,2760.0,14.0,0.4,0.5,0.4
1974,2,2.0,57.0,6.3,6.65,7.4,6.77,32.0,0.5,14.0,0.3,0.4,0.5,5.0,6.5,7.05,6.08,42.0,1.48,14.0,0.3,0.4,0.5,4.34,5.06,5.65,5.0,27.0,0.67,14.0,0.3,0.5,0.5,75.5,84.5,95.0,83.8,27.0,9.6,14.0,0.3,0.5,3.61,8.2,12.3,8.4,42.0,4.81,14.0,0.3,0.4,0.5,-2.14,4.04,8.95,3.56,42.0,6.08,14.0,0.3,0.4,0.5,0.0,3.35,10.25,3.58,42.0,5.69,14.0,0.3,0.4,0.5,987.04,1004.1,1022.88,1004.99,39.0,18.29,14.0,0.3,0.4,0.5,3.7,7.0,8.0,6.2,37.0,2.3,14.0,0.4,0.4,0.5,-10.4,36.6,93.7,40.5,42.0,84.1,14.0,0.3,0.4,0.5,0.0,18.0,130.9,42.5,42.0,80.5,14.0,0.3,0.4,0.5,-0.5,0.0,2.11,0.55,32.0,1.79,14.0,0.3,0.4,0.5,-3.9,0.0,16.3,5.4,32.0,19.4,14.0,0.3,0.4,0.5,0.16,1.04,1.79,1.07,26.0,0.74,14.0,0.3,0.5,0.5,1.2,8.7,25.4,11.3,26.0,10.7,14.0,0.3,0.5,0.5,-11.5,22.3,58.8,23.2,42.0,39.1,14.0,0.3,0.4,0.5,0.0,20.2,66.8,24.3,42.0,32.8,14.0,0.3,0.4,0.5,-11.3,24.4,58.9,20.7,27.0,32.6,14.0,0.3,0.5,0.5,0.0,17.5,50.5,23.6,27.0,25.6,14.0,0.3,0.5,0.5,-0.3,1.7,13.3,3.9,26.0,10.0,14.0,0.3,0.5,0.5,0.0,2.3,12.5,5.4,26.0,10.1,14.0,0.3,0.5,0.5,58.0,557.5,1861.0,1187.0,42.0,1645.5,14.0,0.3,0.4,0.5,60.0,560.0,1860.0,1185.0,42.0,1645.0,14.0,0.3,0.4,0.5
1974,2,2.0,58.0,6.5,6.8,7.49,7.12,27.0,0.91,16.0,0.3,0.4,0.5,5.81,6.7,7.59,6.22,27.0,2.22,16.0,0.3,0.4,0.5,4.84,5.4,5.9,5.34,18.0,0.6,18.0,0.3,0.4,0.4,79.4,88.9,95.3,88.2,18.0,7.3,18.0,0.3,0.4,3.92,6.7,11.0,7.38,25.0,3.58,16.0,0.3,0.4,0.5,-2.42,2.29,7.42,2.35,25.0,4.7,16.0,0.3,0.4,0.5,0.56,4.31,6.71,3.1,25.0,5.63,16.0,0.3,0.4,0.5,992.5,1008.4,1029.87,1009.84,27.0,16.32,16.0,0.3,0.4,0.5,5.0,8.0,8.0,6.8,24.0,1.7,16.0,0.3,0.4,0.5,-13.9,6.4,80.5,24.3,25.0,47.4,16.0,0.3,0.4,0.5,1.9,20.8,58.8,18.6,25.0,70.8,16.0,0.3,0.4,0.5,-0.65,0.3,1.57,0.9,27.0,2.48,16.0,0.3,0.4,0.5,-2.9,1.8,15.4,10.7,25.0,33.4,16.0,0.3,0.4,0.5,0.25,0.93,1.47,0.9,18.0,0.63,18.0,0.3,0.4,0.4,1.9,4.4,11.8,6.6,17.0,6.2,16.0,0.3,0.4,0.5,-15.4,0.0,37.5,14.4,25.0,33.6,16.0,0.3,0.4,0.5,8.0,24.9,45.4,28.7,25.0,22.0,16.0,0.3,0.4,0.5,-9.3,13.7,37.1,13.9,17.0,25.8,16.0,0.3,0.4,0.5,11.9,24.1,47.5,27.0,17.0,18.8,16.0,0.3,0.4,0.5,-1.0,0.0,9.3,2.9,17.0,5.2,16.0,0.3,0.4,0.5,0.2,4.0,7.3,4.4,17.0,5.3,16.0,0.3,0.4,0.5,60.5,301.0,1331.0,693.5,25.0,898.5,16.0,0.3,0.4,0.5,60.0,300.0,1330.0,695.0,25.0,900.0,16.0,0.3,0.4,0.5
1974,2,2.0,59.0,6.43,7.0,7.43,7.0,22.0,0.51,12.0,0.5,0.5,0.6,5.8,7.0,7.6,6.98,24.0,1.1,12.0,0.5,0.5,0.6,5.03,5.63,5.92,5.5,17.0,0.54,10.0,0.6,0.7,0.6,82.4,87.1,93.6,87.5,17.0,6.6,10.0,0.6,0.6,5.1,8.2,12.3,8.34,23.0,3.32,12.0,0.5,0.5,0.6,0.0,2.29,6.46,2.97,23.0,4.85,12.0,0.5,0.5,0.6,0.0,5.1,8.47,4.39,23.0,5.56,12.0,0.5,0.5,0.6,993.8,998.0,1016.7,1002.33,24.0,11.72,12.0,0.5,0.5,0.6,3.0,7.0,8.0,6.1,19.0,2.5,12.0,0.7,0.5,0.6,0.0,11.7,62.7,26.5,23.0,57.4,12.0,0.5,0.5,0.6,0.0,38.1,81.3,39.4,23.0,66.5,12.0,0.5,0.5,0.6,-0.47,0.0,0.93,-0.04,22.0,1.21,12.0,0.5,0.5,0.6,-4.1,0.0,6.9,-0.7,22.0,14.9,12.0,0.5,0.5,0.6,0.45,0.8,1.25,0.89,16.0,0.45,12.0,0.6,0.6,0.6,3.4,6.0,9.8,7.4,16.0,6.0,12.0,0.6,0.6,0.6,0.0,16.5,47.3,22.0,23.0,33.6,12.0,0.5,0.5,0.6,0.0,35.7,62.1,27.8,23.0,43.8,12.0,0.5,0.5,0.6,0.0,21.1,51.7,22.7,16.0,30.3,12.0,0.6,0.6,0.6,0.0,28.1,44.6,24.0,16.0,19.4,12.0,0.6,0.6,0.6,0.0,3.5,5.5,2.6,16.0,5.5,12.0,0.6,0.6,0.6,0.0,3.4,6.5,4.4,16.0,6.1,12.0,0.6,0.6,0.6,132.5,551.5,1861.0,850.0,23.0,844.5,12.0,0.5,0.5,0.6,135.0,550.0,1860.0,850.0,23.0,845.0,12.0,0.5,0.5,0.6
1974,2,2.0,60.0,7.02,7.4,7.85,7.34,17.0,0.71,14.0,0.2,0.3,0.5,5.94,6.5,7.0,6.33,18.0,1.06,14.0,0.2,0.3,0.4,5.01,5.45,5.78,5.35,16.0,0.58,16.0,0.3,0.3,0.4,82.5,87.3,95.7,88.0,16.0,8.6,16.0,0.3,0.4,7.75,12.3,14.4,11.54,18.0,4.38,14.0,0.2,0.3,0.4,-4.93,-3.86,2.95,-1.73,18.0,5.09,14.0,0.2,0.3,0.4,4.75,11.56,13.53,10.03,18.0,4.96,14.0,0.2,0.3,0.4,997.08,1003.8,1008.45,1004.26,18.0,13.23,14.0,0.2,0.3,0.4,8.0,8.0,8.0,7.5,11.0,1.8,16.0,0.4,0.4,0.4,-70.9,-44.0,22.6,-29.6,18.0,66.8,14.0,0.2,0.3,0.4,29.6,142.2,194.9,133.2,18.0,90.6,14.0,0.2,0.3,0.4,0.31,1.0,1.29,0.98,17.0,1.08,14.0,0.2,0.3,0.5,2.9,12.3,15.3,12.9,17.0,19.7,14.0,0.2,0.3,0.5,0.67,1.13,1.57,1.13,15.0,0.68,14.0,0.3,0.3,0.5,8.0,12.6,18.0,11.8,15.0,7.2,14.0,0.3,0.3,0.5,-33.8,-22.8,17.1,-10.6,18.0,32.7,14.0,0.2,0.3,0.4,30.4,62.6,91.1,61.0,18.0,30.4,14.0,0.2,0.3,0.4,-25.9,-19.4,13.2,-7.1,16.0,26.1,16.0,0.3,0.3,0.4,15.5,61.1,73.7,50.5,16.0,26.5,16.0,0.3,0.3,0.4,-6.2,-4.3,2.7,-2.4,15.0,4.8,14.0,0.3,0.3,0.5,5.7,11.8,16.9,11.2,15.0,6.2,14.0,0.3,0.3,0.5,475.5,1861.0,2986.0,2106.0,18.0,1685.0,14.0,0.2,0.3,0.4,475.0,1860.0,2985.0,2105.0,18.0,1685.0,14.0,0.2,0.3,0.4
1974,2,2.0,61.0,7.2,7.8,8.0,7.74,18.0,0.47,12.0,0.3,0.3,0.3,1.4,3.9,6.15,3.69,18.0,2.32,12.0,0.3,0.3,0.3,3.18,4.4,5.06,4.18,10.0,0.95,12.0,0.6,0.3,0.2,66.8,78.4,83.6,75.3,10.0,10.2,12.0,0.6,0.2,4.75,11.0,15.25,10.29,16.0,4.65,12.0,0.3,0.3,0.3,-5.27,-4.17,1.09,-2.23,16.0,5.88,12.0,0.3,0.3,0.3,-4.82,1.87,14.33,4.01,16.0,8.8,12.0,0.3,0.3,0.3,989.16,996.0,1000.89,995.77,18.0,8.47,12.0,0.3,0.3,0.3,5.7,6.5,8.0,6.6,12.0,1.3,12.0,0.4,0.4,0.4,-81.1,-29.8,16.8,-21.8,16.0,72.9,12.0,0.3,0.3,0.3,-41.5,24.0,218.5,67.8,16.0,119.2,12.0,0.3,0.3,0.3,1.65,3.9,6.29,4.04,18.0,2.16,12.0,0.3,0.3,0.3,11.0,30.5,82.6,42.1,16.0,34.9,12.0,0.3,0.3,0.3,1.57,2.01,3.55,2.44,10.0,0.98,12.0,0.6,0.3,0.2,8.3,16.3,27.5,17.7,8.0,9.7,12.0,0.5,0.3,0.2,-28.8,-14.5,0.0,-9.4,16.0,21.5,12.0,0.3,0.3,0.3,-24.1,-0.7,72.3,12.0,16.0,42.7,12.0,0.3,0.3,0.3,-25.5,-13.1,-4.1,-8.7,8.0,23.5,12.0,0.5,0.3,0.2,-19.5,17.6,70.2,25.0,8.0,42.9,12.0,0.5,0.3,0.2,-9.9,-7.1,-1.6,-3.1,8.0,11.3,12.0,0.5,0.3,0.2,-7.3,4.1,25.3,7.3,8.0,15.9,12.0,0.5,0.3,0.2,108.0,1364.0,3547.0,1680.5,16.0,1466.5,12.0,0.3,0.3,0.3,110.0,1365.0,3545.0,1680.0,16.0,1465.0,12.0,0.3,0.3,0.3
1974,2,2.0,62.0,6.7,8.0,8.37,7.62,5.0,1.13,14.0,0.0,0.3,0.6,3.81,5.25,7.24,5.37,6.0,1.71,14.0,0.0,0.3,0.6,4.47,5.26,5.47,5.02,5.0,0.62,14.0,0.0,0.3,0.6,78.5,91.5,93.9,86.9,5.0,8.8,14.0,0.0,0.6,4.29,13.9,15.0,10.97,6.0,5.56,14.0,0.0,0.3,0.6,-12.68,-0.85,6.26,-1.91,6.0,10.7,14.0,0.0,0.3,0.6,-3.66,0.67,8.21,1.87,6.0,7.23,14.0,0.0,0.3,0.6,985.38,1004.05,1023.51,1003.83,6.0,20.3,14.0,0.0,0.3,0.6,6.2,7.5,8.0,6.8,6.0,1.9,14.0,0.0,0.3,0.6,-181.0,-28.3,56.2,-40.7,6.0,151.3,14.0,0.0,0.3,0.6,-55.6,2.7,114.1,21.9,6.0,103.4,14.0,0.0,0.3,0.6,0.53,1.8,3.05,1.8,5.0,1.61,14.0,0.0,0.3,0.6,4.9,13.9,44.6,23.5,5.0,25.0,14.0,0.0,0.3,0.6,0.62,1.41,2.49,1.52,5.0,0.98,14.0,0.0,0.3,0.6,7.1,11.0,27.3,16.6,5.0,15.0,14.0,0.0,0.3,0.6,-61.8,-0.6,34.1,-9.2,6.0,47.5,14.0,0.0,0.3,0.6,-13.3,4.9,43.8,13.2,6.0,32.8,14.0,0.0,0.3,0.6,-63.5,-25.0,18.8,-22.7,5.0,41.5,14.0,0.0,0.3,0.6,-2.1,3.7,48.6,20.3,5.0,32.3,14.0,0.0,0.3,0.6,-25.4,-3.6,4.8,-9.7,5.0,19.7,14.0,0.0,0.3,0.6,-2.4,1.9,9.8,2.9,5.0,7.1,14.0,0.0,0.3,0.6,83.5,2685.5,3379.0,2076.5,6.0,1603.0,14.0,0.0,0.3,0.6,85.0,2685.0,3380.0,2075.0,6.0,1605.0,14.0,0.0,0.3,0.6
1974,2,2.0,63.0,,,,,,,,,,,,,,,,,,,,,,,,,,,,,,,,,,,,,,,,10.95,13.0,18.19,14.5,4.0,5.26,4.0,0.3,0.6,0.5,-9.6,-3.54,2.95,-3.34,4.0,8.78,4.0,0.3,0.6,0.5,-5.69,4.69,16.46,5.35,4.0,13.33,4.0,0.3,0.6,0.5,987.86,993.8,999.79,993.83,4.0,6.91,4.0,0.3,0.6,0.5,,,,,,,,,,,,,,,,,,,,,,,,,,,,,,,,,,,,,,,,,,,,,,,,,,,,,,,,,,,,,,,,,,,,,,,,,,,,,,,,,,,,,,,,,,,,,,,,,,,,,,,,,,,,,,,,,,,,,,,,,,,,,,,,,,,,,,,,,,,,,,,,,,,,,,
1974,2,2.0,64.0,6.0,6.6,6.97,6.56,22.0,0.46,10.0,0.3,0.7,0.5,5.07,6.3,6.8,6.06,22.0,0.95,10.0,0.3,0.7,0.5,4.47,5.09,5.36,4.94,21.0,0.46,10.0,0.3,0.7,0.6,82.5,85.1,88.8,84.9,21.0,4.5,10.0,0.3,0.6,5.47,9.9,14.73,10.05,22.0,4.44,10.0,0.3,0.7,0.5,-11.5,-4.78,1.71,-5.09,22.0,6.92,10.0,0.3,0.7,0.5,-4.34,4.1,7.36,3.18,22.0,6.32,10.0,0.3,0.7,0.5,1001.0,1008.45,1019.87,1009.91,22.0,8.92,10.0,0.3,0.7,0.5,4.0,6.5,7.0,5.9,22.0,1.6,10.0,0.3,0.7,0.5,-146.2,-40.2,10.2,-70.6,22.0,101.3,10.0,0.3,0.7,0.5,-59.9,27.5,60.4,23.0,22.0,98.7,10.0,0.3,0.7,0.5,-0.6,0.25,1.87,0.5,22.0,1.11,10.0,0.3,0.7,0.5,-3.7,1.4,23.6,8.0,22.0,15.0,10.0,0.3,0.7,0.5,0.61,0.99,1.62,1.09,21.0,0.56,10.0,0.3,0.7,0.6,3.5,10.0,24.7,12.7,21.0,10.8,10.0,0.3,0.7,0.6,-58.8,-31.3,11.9,-25.4,22.0,37.1,10.0,0.3,0.7,0.5,-20.4,27.2,50.0,23.5,22.0,36.6,10.0,0.3,0.7,0.5,-51.5,-36.9,4.6,-25.6,21.0,29.9,10.0,0.3,0.7,0.6,-22.0,21.5,33.4,16.5,21.0,30.1,10.0,0.3,0.7,0.6,-21.7,-7.1,0.5,-9.3,21.0,11.4,10.0,0.3,0.7,0.6,-10.7,3.2,5.0,0.7,21.0,8.2,10.0,0.3,0.7,0.6,168.0,970.5,3237.5,1635.5,22.0,2044.5,10.0,0.3,0.7,0.5,170.0,970.0,3240.0,1635.0,22.0,2045.0,10.0,0.3,0.7,0.5
1974,2,2.0,65.0,6.3,6.8,7.0,6.72,146.0,0.37,14.0,0.3,0.3,0.6,0.0,4.2,5.99,3.4,140.0,2.5,14.0,0.3,0.3,0.6,3.03,4.1,4.86,4.04,138.0,0.86,14.0,0.3,0.3,0.6,75.0,80.3,88.2,81.5,138.0,6.0,14.0,0.3,0.6,6.2,9.3,13.97,10.08,145.0,3.91,14.0,0.3,0.3,0.6,-4.61,5.8,11.61,4.3,145.0,7.1,14.0,0.3,0.3,0.6,-4.75,1.42,9.39,2.11,145.0,6.64,14.0,0.3,0.3,0.6,989.63,1004.8,1013.4,1002.98,145.0,11.98,14.0,0.3,0.3,0.6,3.0,7.0,8.0,5.9,145.0,2.1,14.0,0.3,0.3,0.6,-30.9,43.2,159.6,54.9,145.0,92.4,14.0,0.3,0.3,0.6,-48.2,11.7,106.0,25.3,145.0,95.7,14.0,0.3,0.3,0.6,0.8,2.6,6.69,3.31,140.0,2.53,14.0,0.3,0.3,0.6,5.1,25.1,63.2,34.0,140.0,32.1,14.0,0.3,0.3,0.6,1.13,1.97,3.16,2.1,138.0,0.85,14.0,0.3,0.3,0.6,10.1,17.5,34.0,21.2,138.0,13.4,14.0,0.3,0.3,0.6,-21.6,0.0,44.4,7.0,140.0,30.3,14.0,0.3,0.3,0.6,-5.9,5.9,47.4,15.5,140.0,28.1,14.0,0.3,0.3,0.6,-21.2,19.7,42.7,14.4,138.0,29.3,14.0,0.3,0.3,0.6,-14.2,7.5,40.5,11.5,138.0,26.7,14.0,0.3,0.3,0.6,-7.0,8.9,27.5,10.8,138.0,17.2,14.0,0.3,0.3,0.6,-9.8,2.7,16.9,3.1,138.0,14.5,14.0,0.3,0.3,0.6,238.5,804.5,2730.0,1507.0,145.0,1695.0,14.0,0.3,0.3,0.6,240.0,805.0,2730.0,1505.0,145.0,1695.0,14.0,0.3,0.3,0.6
1974,2,2.0,66.0,6.14,6.5,6.9,6.5,180.0,0.41,14.0,0.3,0.3,0.1,0.0,2.8,5.55,2.99,179.0,2.47,14.0,0.3,0.3,0.1,3.16,3.9,5.18,4.03,168.0,0.86,14.0,0.3,0.3,0.1,76.0,83.1,90.4,82.9,168.0,7.2,14.0,0.3,0.1,6.7,10.3,13.7,10.55,180.0,4.33,14.0,0.3,0.3,0.1,-6.17,4.47,9.75,2.26,180.0,8.43,14.0,0.3,0.3,0.1,-7.1,1.38,9.01,0.94,180.0,7.31,14.0,0.3,0.3,0.1,986.84,1000.8,1020.25,1000.5,180.0,14.79,14.0,0.3,0.3,0.1,3.0,6.0,8.0,5.7,179.0,2.0,14.0,0.3,0.3,0.1,-55.6,35.2,117.5,14.8,180.0,137.2,14.0,0.3,0.3,0.1,-73.6,9.4,103.1,11.7,180.0,97.6,14.0,0.3,0.3,0.1,0.9,3.3,6.3,3.53,179.0,2.31,14.0,0.3,0.3,0.1,7.9,30.0,60.6,34.5,179.0,24.8,14.0,0.3,0.3,0.1,1.03,2.14,2.79,2.04,168.0,0.8,14.0,0.3,0.3,0.1,9.0,20.0,32.7,21.3,168.0,11.5,14.0,0.3,0.3,0.1,-19.3,0.9,30.5,3.6,179.0,33.1,14.0,0.3,0.3,0.1,-12.8,3.7,47.7,12.7,179.0,30.7,14.0,0.3,0.3,0.1,-27.8,18.1,35.8,8.1,168.0,35.1,14.0,0.3,0.3,0.1,-23.8,4.8,44.2,7.1,168.0,31.7,14.0,0.3,0.3,0.1,-11.0,5.5,24.0,5.5,168.0,18.4,14.0,0.3,0.3,0.1,-19.2,3.0,12.2,-0.6,168.0,14.9,14.0,0.3,0.3,0.1,301.0,1092.5,2572.0,1816.5,180.0,2479.5,14.0,0.3,0.3,0.1,300.0,1095.0,2570.0,1815.0,180.0,2480.0,14.0,0.3,0.3,0.1
1974,2,2.0,67.0,,,,,,,,,,,,,,,,,,,,,,,,,,,,,,,,,,,,,,,,11.48,12.5,13.52,12.5,2.0,2.12,24.0,1.0,0.2,0.3,-0.71,3.0,6.7,3.0,2.0,7.68,24.0,1.0,0.2,0.3,8.14,10.43,12.72,10.43,2.0,4.75,24.0,1.0,0.2,0.3,1010.79,1011.4,1012.01,1011.4,2.0,1.27,24.0,1.0,0.2,0.3,,,,,,,,,,,,,,,,,,,,,,,,,,,,,,,,,,,,,,,,,,,,,,,,,,,,,,,,,,,,,,,,,,,,,,,,,,,,,,,,,,,,,,,,,,,,,,,,,,,,,,,,,,,,,,,,,,,,,,,,,,,,,,,,,,,,,,,,,,,,,,,,,,,,,,
1974,2,2.0,74.0,,,,,,,,,,,,,,,,,,,,,,,,,,,,,,,,,,,,,,,,,,,,,,,,,,,,,,,,,,,,,,,,,,,,,,,,,,,,,,,,3.5,4.5,5.5,4.5,2.0,2.1,28.0,0.5,0.8,0.5,202.0,202.0,202.0,202.0,1.0,0.0,28.0,0.0,0.8,0.5,349.9,349.9,349.9,349.9,1.0,0.0,28.0,0.0,0.8,0.5,,,,,,,,,,,,,,,,,,,,,,,,,,,,,,,,,,,,,,,,,,,,,,,,,,,,,,,,,,,,,,,,,,,,,,,,,,,,,,,,,,,,,,,,,,,,,,,,,,,,,,,,,,,,,,,,,,,,,,,,
1974,2,3.0,-67.0,,,,,,,,,,,,,,,,,,,,,,,,,,,,,,,,,,,,,,,,16.0,16.0,16.0,16.0,1.0,0.0,28.0,0.0,0.3,0.3,-16.0,-16.0,-16.0,-16.0,1.0,0.0,28.0,0.0,0.3,0.3,0.0,0.0,0.0,0.0,1.0,0.0,28.0,0.0,0.3,0.3,969.7,969.7,969.7,969.7,1.0,0.0,28.0,0.0,0.3,0.3,,,,,,,,,,,,,,,,,,,,,,,,,,,,,,,,,,,,,,,,,,,,,,,,,,,,,,,,,,,,,,,,,,,,,,,,,,,,,,,,,,,,,,,,,,,,,,,,,,,,,,,,,,,,,,,,,,,,,,,,,,,,,,,,,,,,,,,,,,,,,,,,,,,,,,
1974,2,3.0,-55.0,1.0,1.0,1.0,1.0,1.0,0.0,16.0,1.0,0.4,0.6,2.0,2.0,2.0,2.0,1.0,0.0,16.0,1.0,0.4,0.6,3.8,3.8,3.8,3.8,1.0,0.0,16.0,1.0,0.4,0.6,86.6,86.6,86.6,86.6,1.0,0.0,16.0,1.0,0.6,5.1,5.1,5.1,5.1,1.0,0.0,16.0,1.0,0.4,0.6,4.79,4.79,4.79,4.79,1.0,0.0,16.0,1.0,0.4,0.6,1.74,1.74,1.74,1.74,1.0,0.0,16.0,1.0,0.4,0.6,1006.3,1006.3,1006.3,1006.3,1.0,0.0,16.0,1.0,0.4,0.6,0.0,0.0,0.0,0.0,1.0,0.0,16.0,1.0,0.4,0.6,24.4,24.4,24.4,24.4,1.0,0.0,16.0,1.0,0.4,0.6,8.9,8.9,8.9,8.9,1.0,0.0,16.0,1.0,0.4,0.6,-1.0,-1.0,-1.0,-1.0,1.0,0.0,16.0,1.0,0.4,0.6,-5.1,-5.1,-5.1,-5.1,1.0,0.0,16.0,1.0,0.4,0.6,0.29,0.29,0.29,0.29,1.0,0.0,16.0,1.0,0.4,0.6,1.5,1.5,1.5,1.5,1.0,0.0,16.0,1.0,0.4,0.6,9.6,9.6,9.6,9.6,1.0,0.0,16.0,1.0,0.4,0.6,3.5,3.5,3.5,3.5,1.0,0.0,16.0,1.0,0.4,0.6,18.2,18.2,18.2,18.2,1.0,0.0,16.0,1.0,0.4,0.6,6.6,6.6,6.6,6.6,1.0,0.0,16.0,1.0,0.4,0.6,1.4,1.4,1.4,1.4,1.0,0.0,16.0,1.0,0.4,0.6,0.5,0.5,0.5,0.5,1.0,0.0,16.0,1.0,0.4,0.6,132.5,132.5,132.5,132.5,1.0,0.0,16.0,1.0,0.4,0.6,135.0,135.0,135.0,135.0,1.0,0.0,16.0,1.0,0.4,0.6
1974,2,3.0,-45.0,,,,,,,,,,,,,,,,,,,,,,,,,,,,,,,,,,,,,,,,11.8,11.8,11.8,11.8,1.0,0.0,2.0,1.0,0.7,0.3,11.09,11.09,11.09,11.09,1.0,0.0,2.0,1.0,0.7,0.3,4.04,4.04,4.04,4.04,1.0,0.0,2.0,1.0,0.7,0.3,1008.7,1008.7,1008.7,1008.7,1.0,0.0,2.0,1.0,0.7,0.3,7.0,7.0,7.0,7.0,1.0,0.0,2.0,1.0,0.7,0.3,130.8,130.8,130.8,130.8,1.0,0.0,2.0,1.0,0.7,0.3,47.6,47.6,47.6,47.6,1.0,0.0,2.0,1.0,0.7,0.3,,,,,,,,,,,,,,,,,,,,,,,,,,,,,,,,,,,,,,,,,96.5,96.5,96.5,96.5,1.0,0.0,2.0,1.0,0.7,0.3,35.1,35.1,35.1,35.1,1.0,0.0,2.0,1.0,0.7,0.3,60.1,60.1,60.1,60.1,1.0,0.0,2.0,1.0,0.7,0.3,21.9,21.9,21.9,21.9,1.0,0.0,2.0,1.0,0.7,0.3,,,,,,,,,,,,,,,,,,,,,,,,,,,,,,,,,,,,,,,,
1974,2,3.0,-37.0,18.8,18.8,18.8,18.8,1.0,0.0,8.0,1.0,0.5,0.6,15.8,15.8,15.8,15.8,1.0,0.0,8.0,1.0,0.5,0.6,6.02,6.02,6.02,6.02,1.0,0.0,8.0,1.0,0.5,0.6,55.1,55.1,55.1,55.1,1.0,0.0,8.0,1.0,0.6,4.1,4.1,4.1,4.1,1.0,0.0,8.0,1.0,0.5,0.6,-1.4,-1.4,-1.4,-1.4,1.0,0.0,8.0,1.0,0.5,0.6,3.85,3.85,3.85,3.85,1.0,0.0,8.0,1.0,0.5,0.6,1028.3,1028.3,1028.3,1028.3,1.0,0.0,8.0,1.0,0.5,0.6,7.0,7.0,7.0,7.0,1.0,0.0,8.0,1.0,0.5,0.6,-5.7,-5.7,-5.7,-5.7,1.0,0.0,8.0,1.0,0.5,0.6,15.8,15.8,15.8,15.8,1.0,0.0,8.0,1.0,0.5,0.6,3.0,3.0,3.0,3.0,1.0,0.0,8.0,1.0,0.5,0.6,12.3,12.3,12.3,12.3,1.0,0.0,8.0,1.0,0.5,0.6,7.26,7.26,7.26,7.26,1.0,0.0,8.0,1.0,0.5,0.6,29.8,29.8,29.8,29.8,1.0,0.0,8.0,1.0,0.5,0.6,-22.2,-22.2,-22.2,-22.2,1.0,0.0,8.0,1.0,0.5,0.6,60.9,60.9,60.9,60.9,1.0,0.0,8.0,1.0,0.5,0.6,-8.4,-8.4,-8.4,-8.4,1.0,0.0,8.0,1.0,0.5,0.6,23.2,23.2,23.2,23.2,1.0,0.0,8.0,1.0,0.5,0.6,-10.2,-10.2,-10.2,-10.2,1.0,0.0,8.0,1.0,0.5,0.6,28.0,28.0,28.0,28.0,1.0,0.0,8.0,1.0,0.5,0.6,69.0,69.0,69.0,69.0,1.0,0.0,8.0,1.0,0.5,0.6,70.0,70.0,70.0,70.0,1.0,0.0,8.0,1.0,0.5,0.6
1974,2,3.0,-36.0,18.07,18.85,19.63,18.85,2.0,1.63,18.0,0.0,0.3,0.9,17.04,18.0,18.96,18.0,2.0,1.98,18.0,0.0,0.3,0.9,9.81,9.81,9.81,9.81,1.0,0.0,22.0,0.0,0.4,1.0,70.5,70.5,70.5,70.5,1.0,0.0,22.0,0.0,1.0,6.7,6.7,6.7,6.7,2.0,0.0,18.0,0.0,0.3,0.9,-3.99,-3.3,-2.61,-3.3,2.0,1.42,18.0,0.0,0.3,0.9,-3.32,0.58,4.48,0.58,2.0,8.08,18.0,0.0,0.3,0.9,1017.39,1019.3,1021.21,1019.3,2.0,3.96,18.0,0.0,0.3,0.9,7.0,7.0,7.0,7.0,2.0,0.0,18.0,0.0,0.3,0.9,-26.7,-22.1,-17.5,-22.1,2.0,9.5,18.0,0.0,0.3,0.9,-22.2,3.9,30.0,3.9,2.0,54.1,18.0,0.0,0.3,0.9,0.68,0.85,1.02,0.85,2.0,0.35,18.0,0.0,0.3,0.9,4.6,5.7,6.8,5.7,2.0,2.4,18.0,0.0,0.3,0.9,4.68,4.68,4.68,4.68,1.0,0.0,22.0,0.0,0.4,1.0,31.4,31.4,31.4,31.4,1.0,0.0,22.0,0.0,0.4,1.0,-67.2,-58.0,-48.7,-58.0,2.0,19.1,18.0,0.0,0.3,0.9,-52.3,18.5,89.2,18.5,2.0,146.6,18.0,0.0,0.3,0.9,-22.5,-22.5,-22.5,-22.5,1.0,0.0,22.0,0.0,0.4,1.0,61.8,61.8,61.8,61.8,1.0,0.0,22.0,0.0,0.4,1.0,-10.7,-10.7,-10.7,-10.7,1.0,0.0,22.0,0.0,0.4,1.0,29.5,29.5,29.5,29.5,1.0,0.0,22.0,0.0,0.4,1.0,301.0,301.0,301.0,301.0,2.0,0.0,18.0,0.0,0.3,0.9,300.0,300.0,300.0,300.0,2.0,0.0,18.0,0.0,0.3,0.9
1974,2,3.0,-32.0,20.6,20.6,20.6,20.6,1.0,0.0,16.0,1.0,0.4,0.9,20.0,20.0,20.0,20.0,1.0,0.0,16.0,1.0,0.4,0.9,9.39,9.39,9.39,9.39,1.0,0.0,16.0,1.0,0.4,0.9,65.3,65.3,65.3,65.3,1.0,0.0,16.0,1.0,0.9,3.1,3.1,3.1,3.1,1.0,0.0,16.0,1.0,0.4,0.9,-1.06,-1.06,-1.06,-1.06,1.0,0.0,16.0,1.0,0.4,0.9,2.91,2.91,2.91,2.91,1.0,0.0,16.0,1.0,0.4,0.9,1021.7,1021.7,1021.7,1021.7,1.0,0.0,16.0,1.0,0.4,0.9,7.0,7.0,7.0,7.0,1.0,0.0,16.0,1.0,0.4,0.9,-3.3,-3.3,-3.3,-3.3,1.0,0.0,16.0,1.0,0.4,0.9,9.0,9.0,9.0,9.0,1.0,0.0,16.0,1.0,0.4,0.9,0.6,0.6,0.6,0.6,1.0,0.0,16.0,1.0,0.4,0.9,1.9,1.9,1.9,1.9,1.0,0.0,16.0,1.0,0.4,0.9,5.58,5.58,5.58,5.58,1.0,0.0,16.0,1.0,0.4,0.9,17.3,17.3,17.3,17.3,1.0,0.0,16.0,1.0,0.4,0.9,-21.2,-21.2,-21.2,-21.2,1.0,0.0,16.0,1.0,0.4,0.9,58.3,58.3,58.3,58.3,1.0,0.0,16.0,1.0,0.4,0.9,-10.0,-10.0,-10.0,-10.0,1.0,0.0,16.0,1.0,0.4,0.9,27.3,27.3,27.3,27.3,1.0,0.0,16.0,1.0,0.4,0.9,-5.9,-5.9,-5.9,-5.9,1.0,0.0,16.0,1.0,0.4,0.9,16.3,16.3,16.3,16.3,1.0,0.0,16.0,1.0,0.4,0.9,30.0,30.0,30.0,30.0,1.0,0.0,16.0,1.0,0.4,0.9,30.0,30.0,30.0,30.0,1.0,0.0,16.0,1.0,0.4,0.9
1974,2,3.0,-30.0,22.2,22.2,22.2,22.2,1.0,0.0,16.0,1.0,0.1,0.9,22.2,22.2,22.2,22.2,1.0,0.0,16.0,1.0,0.1,0.9,12.11,12.11,12.11,12.11,1.0,0.0,16.0,1.0,0.1,0.9,73.3,73.3,73.3,73.3,1.0,0.0,16.0,1.0,0.9,5.1,5.1,5.1,5.1,1.0,0.0,16.0,1.0,0.1,0.9,-2.55,-2.55,-2.55,-2.55,1.0,0.0,16.0,1.0,0.1,0.9,4.42,4.42,4.42,4.42,1.0,0.0,16.0,1.0,0.1,0.9,1019.3,1019.3,1019.3,1019.3,1.0,0.0,16.0,1.0,0.1,0.9,7.0,7.0,7.0,7.0,1.0,0.0,16.0,1.0,0.1,0.9,-13.0,-13.0,-13.0,-13.0,1.0,0.0,16.0,1.0,0.1,0.9,22.5,22.5,22.5,22.5,1.0,0.0,16.0,1.0,0.1,0.9,0.0,0.0,0.0,0.0,1.0,0.0,16.0,1.0,0.1,0.9,0.0,0.0,0.0,0.0,1.0,0.0,16.0,1.0,0.1,0.9,4.46,4.46,4.46,4.46,1.0,0.0,16.0,1.0,0.1,0.9,22.7,22.7,22.7,22.7,1.0,0.0,16.0,1.0,0.1,0.9,-56.6,-56.6,-56.6,-56.6,1.0,0.0,16.0,1.0,0.1,0.9,98.1,98.1,98.1,98.1,1.0,0.0,16.0,1.0,0.1,0.9,-30.9,-30.9,-30.9,-30.9,1.0,0.0,16.0,1.0,0.1,0.9,53.5,53.5,53.5,53.5,1.0,0.0,16.0,1.0,0.1,0.9,-11.4,-11.4,-11.4,-11.4,1.0,0.0,16.0,1.0,0.1,0.9,19.7,19.7,19.7,19.7,1.0,0.0,16.0,1.0,0.1,0.9,132.5,132.5,132.5,132.5,1.0,0.0,16.0,1.0,0.1,0.9,135.0,135.0,135.0,135.0,1.0,0.0,16.0,1.0,0.1,0.9
1974,2,3.0,-29.0,21.61,21.85,22.09,21.85,2.0,0.49,24.0,0.5,0.4,0.7,20.66,20.8,20.94,20.8,2.0,0.28,24.0,0.5,0.4,0.7,9.48,9.48,9.48,9.48,1.0,0.0,24.0,1.0,0.3,0.9,63.3,63.3,63.3,63.3,1.0,0.0,24.0,1.0,0.9,7.7,7.7,7.7,7.7,1.0,0.0,24.0,1.0,0.3,0.9,-7.58,-7.58,-7.58,-7.58,1.0,0.0,24.0,1.0,0.3,0.9,1.34,1.34,1.34,1.34,1.0,0.0,24.0,1.0,0.3,0.9,1018.54,1019.05,1019.56,1019.05,2.0,1.06,24.0,0.5,0.4,0.7,2.2,2.5,2.8,2.5,2.0,0.7,24.0,0.5,0.4,0.7,-58.4,-58.4,-58.4,-58.4,1.0,0.0,24.0,1.0,0.3,0.9,10.3,10.3,10.3,10.3,1.0,0.0,24.0,1.0,0.3,0.9,0.67,1.05,1.43,1.05,2.0,0.78,24.0,0.5,0.4,0.7,12.3,12.3,12.3,12.3,1.0,0.0,24.0,1.0,0.3,0.9,7.1,7.1,7.1,7.1,1.0,0.0,24.0,1.0,0.3,0.9,54.7,54.7,54.7,54.7,1.0,0.0,24.0,1.0,0.3,0.9,-156.2,-156.2,-156.2,-156.2,1.0,0.0,24.0,1.0,0.3,0.9,27.5,27.5,27.5,27.5,1.0,0.0,24.0,1.0,0.3,0.9,-71.9,-71.9,-71.9,-71.9,1.0,0.0,24.0,1.0,0.3,0.9,12.7,12.7,12.7,12.7,1.0,0.0,24.0,1.0,0.3,0.9,-53.9,-53.9,-53.9,-53.9,1.0,0.0,24.0,1.0,0.3,0.9,9.5,9.5,9.5,9.5,1.0,0.0,24.0,1.0,0.3,0.9,456.5,456.5,456.5,456.5,1.0,0.0,24.0,1.0,0.3,0.9,455.0,455.0,455.0,455.0,1.0,0.0,24.0,1.0,0.3,0.9
1974,2,3.0,-28.0,21.45,22.0,22.14,21.8,3.0,0.53,20.0,0.7,0.3,0.3,21.1,21.1,21.71,21.4,3.0,0.52,20.0,0.7,0.3,0.3,11.77,12.35,14.08,12.91,3.0,1.76,20.0,0.7,0.3,0.3,74.7,75.1,89.2,81.8,3.0,12.1,20.0,0.7,0.3,3.39,5.1,6.87,5.13,3.0,2.55,20.0,0.7,0.3,0.3,-5.08,-1.67,2.74,-1.18,3.0,5.75,20.0,0.7,0.3,0.3,-0.56,1.99,3.26,1.37,3.0,2.85,20.0,0.7,0.3,0.3,1012.98,1015.1,1018.1,1015.53,3.0,3.77,20.0,0.7,0.3,0.3,4.0,6.0,6.7,5.3,3.0,2.1,20.0,0.7,0.3,0.3,-36.4,-4.3,15.3,-10.4,3.0,38.3,20.0,0.7,0.3,0.3,-4.4,5.2,21.9,8.6,3.0,19.5,20.0,0.7,0.3,0.3,0.03,0.1,0.78,0.4,3.0,0.61,20.0,0.7,0.3,0.3,0.2,0.8,4.1,2.1,3.0,3.0,20.0,0.7,0.3,0.3,2.49,4.07,4.11,3.32,3.0,1.35,20.0,0.7,0.3,0.3,9.5,10.7,24.8,17.0,3.0,12.4,20.0,0.7,0.3,0.3,-107.7,-36.8,57.4,-25.5,3.0,121.3,20.0,0.7,0.3,0.3,-11.2,43.8,69.4,29.4,3.0,60.3,20.0,0.7,0.3,0.3,-58.9,-20.6,42.1,-8.7,3.0,74.7,20.0,0.7,0.3,0.3,-9.9,24.6,38.0,14.3,3.0,36.2,20.0,0.7,0.3,0.3,-20.7,-6.9,3.6,-8.5,3.0,17.8,20.0,0.7,0.3,0.3,0.5,8.2,13.3,6.9,3.0,9.4,20.0,0.7,0.3,0.3,54.0,132.5,353.5,202.5,3.0,227.5,20.0,0.7,0.3,0.3,55.0,135.0,355.0,200.0,3.0,230.0,20.0,0.7,0.3,0.3
1974,2,3.0,-27.0,22.0,22.25,22.92,22.45,4.0,0.61,10.0,1.0,0.5,0.7,20.1,21.5,23.95,22.0,4.0,2.37,10.0,1.0,0.5,0.7,12.21,13.14,14.01,13.11,3.0,1.32,12.0,1.0,0.3,0.7,70.4,77.8,90.1,80.1,4.0,13.4,10.0,1.0,0.7,2.71,4.6,5.96,4.35,4.0,2.55,10.0,1.0,0.5,0.7,-3.64,-1.22,1.43,-1.11,4.0,3.7,10.0,1.0,0.5,0.7,1.67,3.64,4.48,3.1,4.0,1.88,10.0,1.0,0.5,0.7,1014.42,1014.9,1015.17,1014.8,3.0,0.56,12.0,1.0,0.3,0.7,0.5,3.5,7.0,3.8,4.0,3.9,10.0,1.0,0.5,0.7,-24.3,-4.1,8.1,-7.9,4.0,23.4,10.0,1.0,0.5,0.7,6.7,16.7,26.9,16.8,4.0,13.6,10.0,1.0,0.5,0.7,-1.69,0.5,2.59,0.45,4.0,2.6,10.0,1.0,0.5,0.7,-3.1,2.9,16.4,6.5,4.0,12.7,10.0,1.0,0.5,0.7,2.59,3.83,5.32,3.95,3.0,2.01,12.0,1.0,0.3,0.7,5.5,9.2,32.5,18.8,3.0,21.4,12.0,1.0,0.3,0.7,-74.9,-28.8,27.0,-24.2,4.0,74.5,10.0,1.0,0.5,0.7,35.0,76.1,95.7,65.8,4.0,39.4,10.0,1.0,0.5,0.7,-48.0,-11.4,31.1,-8.5,3.0,57.9,12.0,1.0,0.3,0.7,18.0,42.6,50.7,34.6,3.0,25.0,12.0,1.0,0.3,0.7,-23.7,-3.3,3.8,-9.8,3.0,20.9,12.0,1.0,0.3,0.7,3.2,5.9,20.9,11.9,3.0,14.0,12.0,1.0,0.3,0.7,47.0,97.5,242.0,142.0,4.0,160.5,10.0,1.0,0.5,0.7,45.0,95.0,240.0,140.0,4.0,160.0,10.0,1.0,0.5,0.7
1974,2,3.0,-26.0,21.26,21.6,21.87,21.57,3.0,0.45,14.0,0.7,0.4,0.6,20.51,21.6,21.87,21.2,3.0,1.06,14.0,0.7,0.4,0.6,11.78,12.28,13.31,12.54,3.0,1.14,14.0,0.7,0.4,0.6,73.2,75.1,88.8,80.9,3.0,12.5,14.0,0.7,0.6,7.36,7.7,8.04,7.7,3.0,0.5,14.0,0.7,0.4,0.6,-5.93,-5.27,-5.05,-5.49,3.0,0.67,14.0,0.7,0.4,0.6,4.33,5.9,6.16,5.26,3.0,1.45,14.0,0.7,0.4,0.6,1016.12,1016.6,1017.69,1016.9,3.0,1.18,14.0,0.7,0.4,0.6,7.3,8.0,8.0,7.7,3.0,0.6,14.0,0.7,0.4,0.6,-44.4,-43.2,-39.7,-42.1,3.0,3.5,14.0,0.7,0.4,0.6,32.1,45.4,49.6,40.9,3.0,13.4,14.0,0.7,0.4,0.6,0.0,0.0,0.75,0.37,3.0,0.64,14.0,0.7,0.4,0.6,0.0,0.0,5.8,2.8,3.0,4.9,14.0,0.7,0.4,0.6,2.49,4.1,4.36,3.44,3.0,1.48,14.0,0.7,0.4,0.6,19.4,32.2,33.2,26.4,3.0,11.3,14.0,0.7,0.4,0.6,-128.7,-116.0,-104.4,-116.5,3.0,17.9,14.0,0.7,0.4,0.6,90.5,118.0,131.8,111.3,3.0,30.8,14.0,0.7,0.4,0.6,-70.8,-68.2,-65.8,-68.3,3.0,3.6,14.0,0.7,0.4,0.6,52.9,77.1,80.0,66.7,3.0,21.8,14.0,0.7,0.4,0.6,-25.9,-21.6,-12.7,-19.4,3.0,9.8,14.0,0.7,0.4,0.6,12.1,16.1,22.7,17.4,3.0,7.8,14.0,0.7,0.4,0.6,399.5,456.5,521.5,460.5,3.0,89.0,14.0,0.7,0.4,0.6,400.0,455.0,520.0,460.0,3.0,90.0,14.0,0.7,0.4,0.6
1974,2,3.0,-25.0,20.81,22.3,23.16,22.0,4.0,1.47,20.0,1.0,0.3,0.8,22.68,23.25,23.4,23.05,4.0,0.58,20.0,1.0,0.3,0.8,11.99,13.21,14.18,13.09,4.0,1.48,20.0,1.0,0.3,0.8,70.1,74.2,79.5,74.8,4.0,6.5,20.0,1.0,0.8,2.84,5.65,10.35,6.55,4.0,4.59,20.0,1.0,0.3,0.8,-7.03,-2.65,-1.82,-4.35,4.0,4.26,20.0,1.0,0.3,0.8,0.9,3.73,7.16,4.02,4.0,3.67,20.0,1.0,0.3,0.8,1014.9,1015.05,1016.67,1015.75,4.0,1.51,20.0,1.0,0.3,0.8,3.0,4.0,5.6,4.3,4.0,2.1,20.0,1.0,0.3,0.8,-74.2,-10.6,-7.6,-39.5,4.0,61.1,20.0,1.0,0.3,0.8,2.5,34.8,71.2,36.7,4.0,39.7,20.0,1.0,0.3,0.8,-2.54,-0.8,0.42,-1.05,4.0,1.86,20.0,1.0,0.3,0.8,-28.2,-6.6,1.1,-13.2,4.0,20.2,20.0,1.0,0.3,0.8,1.98,3.08,4.79,3.38,4.0,2.16,20.0,1.0,0.3,0.8,11.1,14.7,21.3,16.1,4.0,7.1,20.0,1.0,0.3,0.8,-165.0,-60.6,-41.1,-101.1,4.0,100.7,20.0,1.0,0.3,0.8,20.3,86.7,167.0,93.3,4.0,85.9,20.0,1.0,0.3,0.8,-97.0,-35.1,-21.6,-58.2,4.0,58.5,20.0,1.0,0.3,0.8,11.1,48.9,94.2,52.5,4.0,48.4,20.0,1.0,0.3,0.8,-12.8,-10.2,-6.7,-9.8,4.0,4.1,20.0,1.0,0.3,0.8,3.9,7.3,17.2,10.4,4.0,10.4,20.0,1.0,0.3,0.8,23.5,290.5,1237.5,615.0,4.0,867.0,20.0,1.0,0.3,0.8,25.0,290.0,1235.0,615.0,4.0,865.0,20.0,1.0,0.3,0.8
1974,2,3.0,-24.0,20.95,22.25,22.6,21.8,4.0,1.24,16.0,0.8,0.3,0.6,22.18,23.0,24.37,23.27,3.0,1.62,12.0,0.7,0.3,0.7,12.46,12.48,12.66,12.56,3.0,0.16,12.0,0.7,0.3,0.7,66.7,73.4,75.9,71.3,3.0,7.0,12.0,0.7,0.7,3.93,8.2,9.01,6.55,4.0,4.09,16.0,0.8,0.3,0.6,-6.54,-5.12,-2.27,-4.44,4.0,2.93,16.0,0.8,0.3,0.6,2.52,5.46,6.79,4.7,4.0,3.1,16.0,0.8,0.3,0.6,1015.86,1018.2,1020.54,1018.2,4.0,2.85,16.0,0.8,0.3,0.6,3.9,7.0,7.0,5.5,4.0,3.0,16.0,0.8,0.3,0.6,-56.3,-41.6,-18.1,-37.4,4.0,27.6,16.0,0.8,0.3,0.6,18.2,46.9,60.8,39.9,4.0,28.8,16.0,0.8,0.3,0.6,-2.14,-1.8,-0.91,-1.53,3.0,0.93,12.0,0.7,0.3,0.7,-18.1,-13.9,-7.6,-12.8,3.0,7.7,12.0,0.7,0.3,0.7,2.7,4.13,4.5,3.61,3.0,1.39,12.0,0.7,0.3,0.7,22.9,38.4,39.9,31.6,3.0,13.8,12.0,0.7,0.3,0.7,-152.7,-128.6,-115.0,-133.7,3.0,27.9,12.0,0.7,0.3,0.7,117.3,137.5,172.2,144.6,3.0,40.7,12.0,0.7,0.3,0.7,-85.3,-73.6,-60.3,-72.8,3.0,18.3,12.0,0.7,0.3,0.7,66.3,76.2,88.2,77.2,3.0,16.1,12.0,0.7,0.3,0.7,-26.5,-20.3,-14.7,-20.6,3.0,8.7,12.0,0.7,0.3,0.7,14.7,24.7,31.9,23.3,3.0,12.6,12.0,0.7,0.3,0.7,217.5,557.5,735.0,480.0,4.0,350.0,16.0,0.8,0.3,0.6,215.0,560.0,735.0,480.0,4.0,350.0,16.0,0.8,0.3,0.6
1974,2,3.0,-23.0,21.7,21.7,21.7,21.7,1.0,0.0,28.0,1.0,0.0,0.5,22.8,22.8,22.8,22.8,1.0,0.0,28.0,1.0,0.0,0.5,15.16,15.16,15.16,15.16,1.0,0.0,28.0,1.0,0.0,0.5,87.9,87.9,87.9,87.9,1.0,0.0,28.0,1.0,0.5,4.6,4.6,4.6,4.6,1.0,0.0,28.0,1.0,0.0,0.5,0.0,0.0,0.0,0.0,1.0,0.0,28.0,1.0,0.0,0.5,4.6,4.6,4.6,4.6,1.0,0.0,28.0,1.0,0.0,0.5,1014.9,1014.9,1014.9,1014.9,1.0,0.0,28.0,1.0,0.0,0.5,5.0,5.0,5.0,5.0,1.0,0.0,28.0,1.0,0.0,0.5,0.0,0.0,0.0,0.0,1.0,0.0,28.0,1.0,0.0,0.5,21.2,21.2,21.2,21.2,1.0,0.0,28.0,1.0,0.0,0.5,-1.1,-1.1,-1.1,-1.1,1.0,0.0,28.0,1.0,0.0,0.5,-5.1,-5.1,-5.1,-5.1,1.0,0.0,28.0,1.0,0.0,0.5,0.97,0.97,0.97,0.97,1.0,0.0,28.0,1.0,0.0,0.5,4.5,4.5,4.5,4.5,1.0,0.0,28.0,1.0,0.0,0.5,0.0,0.0,0.0,0.0,1.0,0.0,28.0,1.0,0.0,0.5,104.9,104.9,104.9,104.9,1.0,0.0,28.0,1.0,0.0,0.5,0.0,0.0,0.0,0.0,1.0,0.0,28.0,1.0,0.0,0.5,69.8,69.8,69.8,69.8,1.0,0.0,28.0,1.0,0.0,0.5,0.0,0.0,0.0,0.0,1.0,0.0,28.0,1.0,0.0,0.5,4.5,4.5,4.5,4.5,1.0,0.0,28.0,1.0,0.0,0.5,97.5,97.5,97.5,97.5,1.0,0.0,28.0,1.0,0.0,0.5,95.0,95.0,95.0,95.0,1.0,0.0,28.0,1.0,0.0,0.5
1974,2,3.0,-22.0,20.0,20.0,20.0,20.0,1.0,0.0,18.0,1.0,0.4,0.3,25.5,25.5,25.5,25.5,1.0,0.0,18.0,1.0,0.4,0.3,12.79,12.79,12.79,12.79,1.0,0.0,18.0,1.0,0.4,0.3,63.2,63.2,63.2,63.2,1.0,0.0,18.0,1.0,0.3,6.2,6.2,6.2,6.2,1.0,0.0,18.0,1.0,0.4,0.3,-5.37,-5.37,-5.37,-5.37,1.0,0.0,18.0,1.0,0.4,0.3,3.1,3.1,3.1,3.1,1.0,0.0,18.0,1.0,0.4,0.3,1015.3,1015.3,1015.3,1015.3,1.0,0.0,18.0,1.0,0.4,0.3,8.0,8.0,8.0,8.0,1.0,0.0,18.0,1.0,0.4,0.3,-33.3,-33.3,-33.3,-33.3,1.0,0.0,18.0,1.0,0.4,0.3,19.2,19.2,19.2,19.2,1.0,0.0,18.0,1.0,0.4,0.3,-5.5,-5.5,-5.5,-5.5,1.0,0.0,18.0,1.0,0.4,0.3,-34.1,-34.1,-34.1,-34.1,1.0,0.0,18.0,1.0,0.4,0.3,1.72,1.72,1.72,1.72,1.0,0.0,18.0,1.0,0.4,0.3,10.6,10.6,10.6,10.6,1.0,0.0,18.0,1.0,0.4,0.3,-136.9,-136.9,-136.9,-136.9,1.0,0.0,18.0,1.0,0.4,0.3,79.1,79.1,79.1,79.1,1.0,0.0,18.0,1.0,0.4,0.3,-68.7,-68.7,-68.7,-68.7,1.0,0.0,18.0,1.0,0.4,0.3,39.7,39.7,39.7,39.7,1.0,0.0,18.0,1.0,0.4,0.3,-9.2,-9.2,-9.2,-9.2,1.0,0.0,18.0,1.0,0.4,0.3,5.3,5.3,5.3,5.3,1.0,0.0,18.0,1.0,0.4,0.3,238.5,238.5,238.5,238.5,1.0,0.0,18.0,1.0,0.4,0.3,240.0,240.0,240.0,240.0,1.0,0.0,18.0,1.0,0.4,0.3
1974,2,3.0,-20.0,23.14,23.65,25.05,24.08,4.0,1.35,16.0,0.8,0.6,0.8,23.57,24.6,25.0,24.3,4.0,0.95,16.0,0.8,0.6,0.8,12.77,15.84,17.48,15.14,3.0,3.5,14.0,0.7,0.5,0.7,68.2,90.7,91.6,80.1,3.0,19.4,14.0,0.7,0.7,5.53,8.45,8.7,7.18,4.0,2.73,16.0,0.8,0.6,0.8,-5.59,-3.79,-1.69,-3.65,4.0,2.25,16.0,0.8,0.6,0.8,4.42,6.66,7.4,5.94,4.0,2.47,16.0,0.8,0.6,0.8,1011.21,1014.55,1014.95,1013.15,4.0,3.12,16.0,0.8,0.6,0.8,2.9,6.5,8.0,5.5,4.0,3.3,16.0,0.8,0.6,0.8,-48.7,-30.2,-8.8,-28.8,4.0,23.0,16.0,0.8,0.6,0.8,31.5,58.0,62.3,47.4,4.0,27.0,16.0,0.8,0.6,0.8,-1.46,-0.1,1.0,-0.22,4.0,1.43,16.0,0.8,0.6,0.8,-12.4,-3.4,6.0,-3.2,4.0,11.0,16.0,0.8,0.6,0.8,0.64,2.74,7.45,4.01,3.0,5.1,14.0,0.7,0.5,0.7,5.6,23.8,28.0,16.9,3.0,17.4,14.0,0.7,0.5,0.7,-134.5,-89.2,-41.8,-88.2,4.0,53.7,16.0,0.8,0.6,0.8,104.1,160.0,181.7,143.7,4.0,58.9,16.0,0.8,0.6,0.8,-97.8,-88.6,-43.5,-71.1,3.0,42.5,14.0,0.7,0.5,0.7,51.9,105.5,116.5,84.7,3.0,50.7,14.0,0.7,0.5,0.7,-18.0,-15.3,-3.6,-10.9,3.0,11.2,14.0,0.7,0.5,0.7,4.3,18.3,21.4,13.0,3.0,13.4,14.0,0.7,0.5,0.7,278.0,605.0,658.5,474.5,4.0,301.0,16.0,0.8,0.6,0.8,280.0,605.0,660.0,475.0,4.0,300.0,16.0,0.8,0.6,0.8
1974,2,3.0,-19.0,22.24,23.1,24.5,23.23,16.0,1.31,14.0,0.6,0.6,0.7,22.14,23.0,24.0,22.98,18.0,1.1,14.0,0.6,0.5,0.7,12.01,13.27,14.76,13.36,11.0,1.31,10.0,0.6,0.6,0.7,71.5,76.7,83.0,77.5,11.0,5.3,10.0,0.6,0.7,4.1,4.6,7.93,5.61,17.0,2.33,12.0,0.6,0.6,0.7,-4.72,-2.64,-1.55,-2.94,17.0,1.8,12.0,0.6,0.6,0.7,2.15,3.76,7.16,4.35,17.0,2.52,12.0,0.6,0.6,0.7,1010.88,1012.65,1014.08,1012.62,18.0,1.52,14.0,0.6,0.5,0.7,2.8,6.5,8.0,5.7,16.0,2.3,14.0,0.6,0.6,0.7,-35.7,-13.6,-7.1,-18.3,17.0,15.3,12.0,0.6,0.6,0.7,10.9,16.2,56.9,29.0,17.0,26.4,12.0,0.6,0.6,0.7,-0.45,0.4,1.12,0.25,16.0,1.25,14.0,0.6,0.6,0.7,-2.5,0.9,5.4,-0.5,15.0,10.2,14.0,0.7,0.6,0.7,3.68,4.47,4.95,4.23,9.0,0.88,10.0,0.7,0.6,0.7,17.3,20.7,27.2,22.6,9.0,8.6,10.0,0.7,0.6,0.7,-108.4,-58.1,-37.8,-67.4,17.0,41.3,12.0,0.6,0.6,0.7,48.5,86.0,162.8,100.0,17.0,58.1,12.0,0.6,0.6,0.7,-57.5,-42.5,-30.0,-43.0,11.0,14.6,10.0,0.6,0.6,0.7,36.5,52.0,84.2,56.2,11.0,25.8,10.0,0.6,0.6,0.7,-18.2,-11.5,-9.4,-13.3,9.0,4.7,10.0,0.7,0.6,0.7,9.7,15.9,21.3,17.1,9.0,9.9,10.0,0.7,0.6,0.7,69.0,97.5,500.0,263.5,17.0,283.0,12.0,0.6,0.6,0.7,70.0,95.0,500.0,265.0,17.0,285.0,12.0,0.6,0.6,0.7
1974,2,3.0,-18.0,22.81,23.5,24.4,23.53,77.0,0.96,14.0,0.7,0.6,0.6,22.3,23.2,25.0,23.47,81.0,1.24,14.0,0.7,0.6,0.6,12.41,14.02,15.11,13.9,62.0,1.58,14.0,0.7,0.6,0.6,67.6,79.0,84.9,77.5,63.0,9.0,14.0,0.7,0.6,4.1,5.85,7.7,5.86,80.0,1.76,14.0,0.8,0.6,0.6,-5.14,-3.25,-1.69,-3.26,80.0,1.56,14.0,0.8,0.6,0.6,2.98,4.66,6.26,4.67,80.0,1.61,14.0,0.8,0.6,0.6,1010.7,1012.2,1014.1,1012.3,81.0,1.78,14.0,0.7,0.6,0.6,5.0,8.0,8.0,6.8,83.0,1.7,14.0,0.7,0.6,0.6,-38.1,-17.2,-7.2,-21.0,80.0,14.3,14.0,0.8,0.6,0.6,13.3,28.1,45.7,29.8,80.0,17.4,14.0,0.8,0.6,0.6,-1.1,0.2,1.4,0.11,75.0,1.35,14.0,0.7,0.6,0.6,-6.4,1.4,8.4,0.8,72.0,8.2,14.0,0.7,0.6,0.6,2.56,4.21,6.02,4.26,62.0,1.85,14.0,0.7,0.6,0.6,13.1,23.6,41.0,25.7,59.0,14.5,14.0,0.7,0.7,0.6,-120.8,-76.5,-39.5,-76.5,78.0,36.7,14.0,0.7,0.6,0.6,69.3,108.6,152.5,110.3,78.0,39.0,14.0,0.7,0.6,0.6,-64.8,-45.6,-24.6,-44.4,59.0,21.7,14.0,0.7,0.7,0.6,46.8,60.6,88.4,65.0,59.0,23.5,14.0,0.7,0.7,0.6,-21.2,-11.8,-5.8,-13.9,59.0,10.5,14.0,0.7,0.7,0.6,10.0,19.5,33.4,20.7,59.0,11.9,14.0,0.7,0.7,0.6,69.0,200.5,456.5,255.0,80.0,206.5,14.0,0.8,0.6,0.6,70.0,200.0,455.0,255.0,80.0,205.0,14.0,0.8,0.6,0.6
1974,2,3.0,-17.0,23.46,24.0,25.0,24.14,87.0,0.89,16.0,0.7,0.3,0.5,22.96,23.5,24.8,23.77,88.0,1.16,16.0,0.7,0.4,0.5,13.04,14.21,15.13,14.09,71.0,1.2,16.0,0.7,0.4,0.5,70.1,77.2,85.3,77.6,75.0,7.2,16.0,0.7,0.5,4.1,5.4,8.0,5.72,92.0,1.98,16.0,0.7,0.3,0.5,-5.05,-3.52,-1.29,-3.28,92.0,2.09,16.0,0.7,0.3,0.5,2.96,4.37,5.9,4.38,92.0,1.54,16.0,0.7,0.3,0.5,1010.56,1011.8,1013.84,1012.09,87.0,1.74,14.0,0.7,0.3,0.5,3.0,7.0,8.0,6.2,92.0,2.3,16.0,0.7,0.3,0.5,-38.1,-16.2,-4.8,-21.9,92.0,19.5,16.0,0.7,0.3,0.5,12.8,24.4,47.0,27.6,92.0,17.2,16.0,0.7,0.3,0.5,-0.8,0.5,1.5,0.35,83.0,1.33,16.0,0.7,0.4,0.5,-4.0,2.3,8.7,2.2,83.0,8.7,16.0,0.7,0.4,0.5,3.12,4.71,6.11,4.73,70.0,1.49,16.0,0.7,0.4,0.5,14.2,24.3,42.6,27.5,70.0,14.4,16.0,0.7,0.4,0.5,-121.2,-78.0,-25.6,-76.2,88.0,49.7,16.0,0.7,0.4,0.5,68.8,104.5,136.6,103.3,88.0,37.0,16.0,0.7,0.4,0.5,-72.5,-47.8,-14.5,-45.7,71.0,29.2,16.0,0.7,0.4,0.5,41.0,60.4,79.2,60.9,71.0,20.0,16.0,0.7,0.4,0.5,-27.4,-12.4,-5.7,-15.7,70.0,12.3,16.0,0.7,0.4,0.5,11.5,18.9,31.3,21.2,70.0,10.9,16.0,0.7,0.4,0.5,69.0,159.0,512.0,255.5,92.0,243.0,16.0,0.7,0.3,0.5,70.0,160.0,510.0,255.0,92.0,245.0,16.0,0.7,0.3,0.5
1974,2,3.0,-16.0,23.97,24.4,25.07,24.45,24.0,0.76,12.0,0.6,0.1,0.4,23.17,23.95,24.5,23.85,24.0,0.65,12.0,0.6,0.1,0.4,12.75,13.77,14.97,13.83,23.0,1.2,10.0,0.6,0.1,0.4,68.0,76.3,80.5,75.2,23.0,7.3,10.0,0.6,0.4,3.43,4.85,6.7,5.43,24.0,2.01,12.0,0.6,0.1,0.4,-5.01,-3.44,-2.16,-3.53,24.0,1.62,12.0,0.6,0.1,0.4,2.31,3.75,5.8,3.91,24.0,1.78,12.0,0.6,0.1,0.4,1010.2,1011.7,1012.5,1011.76,24.0,1.91,12.0,0.6,0.1,0.4,4.5,7.0,8.0,6.6,23.0,1.8,12.0,0.6,0.1,0.4,-35.6,-19.3,-6.1,-21.7,24.0,16.7,12.0,0.6,0.1,0.4,8.0,17.3,38.9,24.1,24.0,19.6,12.0,0.6,0.1,0.4,-0.1,0.7,1.47,0.6,24.0,0.9,12.0,0.6,0.1,0.4,-0.5,3.3,8.5,3.2,24.0,5.7,12.0,0.6,0.1,0.4,4.26,5.22,6.49,5.32,23.0,1.26,10.0,0.6,0.1,0.4,16.2,23.4,48.7,29.1,23.0,14.1,10.0,0.6,0.1,0.4,-121.3,-82.1,-51.1,-84.4,24.0,39.3,12.0,0.6,0.1,0.4,53.5,88.3,140.6,93.4,24.0,43.4,12.0,0.6,0.1,0.4,-66.9,-49.5,-28.8,-48.0,23.0,22.2,10.0,0.6,0.1,0.4,30.3,51.1,78.2,54.0,23.0,25.0,10.0,0.6,0.1,0.4,-30.8,-17.3,-10.2,-19.0,23.0,11.6,10.0,0.6,0.1,0.4,11.3,15.6,33.8,20.7,23.0,11.2,10.0,0.6,0.1,0.4,41.0,115.0,301.0,227.0,24.0,256.5,12.0,0.6,0.1,0.4,40.0,115.0,300.0,225.0,24.0,255.0,12.0,0.6,0.1,0.4
1974,2,3.0,-15.0,24.19,24.6,25.01,24.6,2.0,0.85,10.0,1.0,0.3,0.5,24.4,25.25,26.1,25.25,2.0,1.77,10.0,1.0,0.3,0.5,15.19,15.32,15.46,15.32,2.0,0.28,10.0,1.0,0.3,0.5,72.2,76.7,81.2,76.7,2.0,9.4,10.0,1.0,0.5,2.6,2.6,2.6,2.6,1.0,0.0,6.0,1.0,0.0,0.3,-1.67,-1.67,-1.67,-1.67,1.0,0.0,6.0,1.0,0.0,0.3,1.99,1.99,1.99,1.99,1.0,0.0,6.0,1.0,0.0,0.3,1010.44,1010.75,1011.06,1010.75,2.0,0.64,10.0,1.0,0.3,0.5,4.3,5.0,5.7,5.0,2.0,1.4,10.0,1.0,0.3,0.5,-4.3,-4.3,-4.3,-4.3,1.0,0.0,6.0,1.0,0.0,0.3,5.2,5.2,5.2,5.2,1.0,0.0,6.0,1.0,0.0,0.3,-1.09,-0.65,-0.21,-0.65,2.0,0.92,10.0,1.0,0.3,0.5,-3.4,-3.4,-3.4,-3.4,1.0,0.0,6.0,1.0,0.0,0.3,3.43,4.03,4.64,4.03,2.0,1.26,10.0,1.0,0.3,0.5,12.8,12.8,12.8,12.8,1.0,0.0,6.0,1.0,0.0,0.3,-44.3,-44.3,-44.3,-44.3,1.0,0.0,6.0,1.0,0.0,0.3,52.8,52.8,52.8,52.8,1.0,0.0,6.0,1.0,0.0,0.3,-25.3,-25.3,-25.3,-25.3,1.0,0.0,6.0,1.0,0.0,0.3,30.1,30.1,30.1,30.1,1.0,0.0,6.0,1.0,0.0,0.3,-8.2,-8.2,-8.2,-8.2,1.0,0.0,6.0,1.0,0.0,0.3,9.8,9.8,9.8,9.8,1.0,0.0,6.0,1.0,0.0,0.3,17.5,17.5,17.5,17.5,1.0,0.0,6.0,1.0,0.0,0.3,20.0,20.0,20.0,20.0,1.0,0.0,6.0,1.0,0.0,0.3
1974,2,3.0,-14.0,,,,,,,,,,,,,,,,,,,,,,,,,,,,,,,,,,,,,,,,5.7,5.7,5.7,5.7,1.0,0.0,22.0,0.0,0.5,0.5,-3.66,-3.66,-3.66,-3.66,1.0,0.0,22.0,0.0,0.5,0.5,4.37,4.37,4.37,4.37,1.0,0.0,22.0,0.0,0.5,0.5,1012.03,1014.25,1016.47,1014.25,2.0,4.6,12.0,0.0,0.7,0.8,,,,,,,,,,,,,,,,,,,,,,,,,,,,,,,,,,,,,,,,,,,,,,,,,,,,,,,,,,,,,,,,,,,,,,,,,,,,,,,,,,,,,,,,,,,,,,,,,,,,,,,,,,,,,,,,,,,,,,,,,,,,,,,,,,,,,,,,,,,,,,,,,,,,,,
1974,2,3.0,-13.0,24.95,26.5,27.1,26.05,4.0,1.46,18.0,0.3,0.7,0.7,24.38,24.8,26.51,25.36,5.0,1.35,18.0,0.4,0.6,0.7,13.93,16.31,18.68,16.31,2.0,4.92,16.0,0.5,0.7,0.9,69.2,76.3,83.5,76.3,2.0,14.8,16.0,0.5,0.9,2.52,5.0,6.07,4.36,5.0,2.02,18.0,0.4,0.6,0.7,-2.17,-0.87,-0.08,-0.99,5.0,1.36,18.0,0.4,0.6,0.7,1.74,4.92,5.81,3.99,5.0,2.2,18.0,0.4,0.6,0.7,1011.24,1012.5,1014.94,1013.0,5.0,2.78,18.0,0.4,0.6,0.7,0.6,2.0,6.4,3.2,5.0,3.1,18.0,0.4,0.6,0.7,-9.2,-4.3,1.7,-3.7,5.0,7.1,18.0,0.4,0.6,0.7,4.6,24.6,35.3,20.9,5.0,16.2,18.0,0.4,0.6,0.7,-1.14,0.6,1.82,0.35,4.0,1.86,18.0,0.3,0.7,0.7,-6.6,1.3,5.2,-0.6,4.0,8.2,18.0,0.3,0.7,0.7,3.85,6.14,8.42,6.14,2.0,4.73,16.0,0.5,0.7,0.9,9.5,11.4,13.3,11.4,2.0,3.9,16.0,0.5,0.7,0.9,-57.6,-21.4,-2.4,-26.5,5.0,35.5,18.0,0.4,0.6,0.7,46.4,121.1,146.6,100.2,5.0,53.5,18.0,0.4,0.6,0.7,-41.1,-28.3,-15.6,-28.3,2.0,26.4,16.0,0.5,0.7,0.9,20.3,28.0,35.8,28.0,2.0,16.1,16.0,0.5,0.7,0.9,-7.0,-6.9,-6.7,-6.9,2.0,0.3,16.0,0.5,0.7,0.9,6.6,8.9,11.2,8.9,2.0,4.8,16.0,0.5,0.7,0.9,20.0,125.0,224.0,122.5,5.0,106.0,18.0,0.4,0.6,0.7,20.0,125.0,225.0,120.0,5.0,105.0,18.0,0.4,0.6,0.7
1974,2,3.0,-12.0,,,,,,,,,,,,,,,,,,,,,,,,,,,,,,,,,,,,,,,,5.32,6.0,6.68,6.0,2.0,1.41,16.0,1.0,0.3,0.4,-4.91,-3.93,-2.95,-3.93,2.0,2.02,16.0,1.0,0.3,0.4,4.36,4.41,4.47,4.41,2.0,0.12,16.0,1.0,0.3,0.4,1009.71,1012.1,1012.51,1011.13,3.0,2.21,20.0,1.0,0.4,0.4,,,,,,,,,,,,,,,,,,,,,,,,,,,,,,,,,,,,,,,,,,,,,,,,,,,,,,,,,,,,,,,,,,,,,,,,,,,,,,,,,,,,,,,,,,,,,,,,,,,,,,,,,,,,,,,,,,,,,,,,,,,,,,,,,,,,,,,,,,,,,,,,,,,,,,
1974,2,3.0,-11.0,,,,,,,,,,,,,,,,,,,,,,,,,,,,,,,,,,,,,,,,3.81,8.0,8.1,6.05,4.0,4.03,14.0,0.5,0.4,0.5,-3.36,-0.69,1.47,-0.93,4.0,3.3,14.0,0.5,0.4,0.5,2.92,6.92,7.8,5.43,4.0,3.7,14.0,0.5,0.4,0.5,1012.4,1013.9,1014.58,1013.5,3.0,1.64,16.0,0.7,0.4,0.5,,,,,,,,,,,,,,,,,,,,,,,,,,,,,,,,,,,,,,,,,,,,,,,,,,,,,,,,,,,,,,,,,,,,,,,,,,,,,,,,,,,,,,,,,,,,,,,,,,,,,,,,,,,,,,,,,,,,,,,,,,,,,,,,,,,,,,,,,,,,,,,,,,,,,,
1974,2,3.0,-6.0,27.5,27.9,28.44,28.02,5.0,0.7,10.0,0.6,0.7,0.6,26.64,27.15,27.55,27.1,4.0,0.54,8.0,0.8,0.7,0.5,17.48,17.69,19.61,18.5,4.0,1.84,8.0,0.8,0.7,0.5,78.3,79.9,86.7,82.4,4.0,7.0,8.0,0.8,0.5,2.92,3.1,6.17,4.4,5.0,2.31,10.0,0.6,0.7,0.6,-1.7,-0.89,0.18,-0.73,5.0,1.72,10.0,0.6,0.7,0.6,2.42,2.91,5.94,4.07,5.0,2.28,10.0,0.6,0.7,0.6,1006.78,1009.0,1010.52,1008.78,5.0,2.88,10.0,0.6,0.7,0.6,1.6,3.0,4.8,3.4,5.0,2.7,10.0,0.6,0.7,0.6,-11.2,-3.3,0.8,-5.4,5.0,10.7,10.0,0.6,0.7,0.6,7.0,9.0,38.7,22.1,5.0,24.1,10.0,0.6,0.7,0.6,0.54,0.85,1.31,0.93,4.0,0.51,8.0,0.8,0.7,0.5,3.2,3.4,3.8,3.5,4.0,0.5,8.0,0.8,0.7,0.5,3.8,5.59,6.75,5.29,4.0,2.25,8.0,0.8,0.7,0.5,18.1,19.3,23.9,20.9,4.0,4.4,8.0,0.8,0.7,0.5,-53.8,-26.3,-23.9,-38.3,4.0,26.0,8.0,0.8,0.7,0.5,72.1,104.6,173.8,122.1,4.0,66.2,8.0,0.8,0.7,0.5,-40.0,-17.1,-15.5,-27.3,4.0,21.6,8.0,0.8,0.7,0.5,46.9,68.6,127.0,86.1,4.0,55.1,8.0,0.8,0.7,0.5,-6.6,-6.2,-5.4,-6.0,4.0,0.9,8.0,0.8,0.7,0.5,17.0,18.1,23.1,20.0,4.0,4.8,8.0,0.8,0.7,0.5,25.5,30.0,280.5,150.5,5.0,228.0,10.0,0.6,0.7,0.6,25.0,30.0,280.0,150.0,5.0,230.0,10.0,0.6,0.7,0.6
1974,2,3.0,-5.0,27.93,28.0,28.68,28.3,3.0,0.61,18.0,0.0,0.8,0.3,27.0,27.0,27.27,27.13,3.0,0.23,18.0,0.0,0.8,0.3,17.36,17.48,18.0,17.67,3.0,0.49,18.0,0.0,0.8,0.3,78.0,78.3,79.3,78.6,3.0,1.0,18.0,0.0,0.3,4.6,4.6,4.94,4.77,3.0,0.29,18.0,0.0,0.8,0.3,-3.95,-2.96,-2.51,-3.22,3.0,1.08,18.0,0.0,0.8,0.3,2.86,3.52,3.84,3.35,3.0,0.73,18.0,0.0,0.8,0.3,1008.65,1009.2,1011.66,1010.13,3.0,2.34,18.0,0.0,0.8,0.3,4.0,6.0,7.4,5.7,3.0,2.5,18.0,0.0,0.8,0.3,-19.7,-13.6,-11.5,-15.6,3.0,6.2,18.0,0.0,0.8,0.3,14.0,16.2,17.7,15.8,3.0,2.7,18.0,0.0,0.8,0.3,0.7,0.9,1.65,1.17,3.0,0.74,18.0,0.0,0.8,0.3,3.3,4.6,7.7,5.5,3.0,3.3,18.0,0.0,0.8,0.3,5.72,6.15,7.28,6.49,3.0,1.18,18.0,0.0,0.8,0.3,27.3,31.4,34.5,30.9,3.0,5.3,18.0,0.0,0.8,0.3,-106.7,-79.8,-68.4,-87.4,3.0,28.9,18.0,0.0,0.8,0.3,77.2,95.1,104.7,91.0,3.0,20.5,18.0,0.0,0.8,0.3,-68.9,-51.2,-44.9,-56.8,3.0,18.3,18.0,0.0,0.8,0.3,49.8,61.0,68.9,59.4,3.0,14.1,18.0,0.0,0.8,0.3,-25.9,-23.1,-16.0,-21.0,3.0,7.5,18.0,0.0,0.8,0.3,17.7,22.0,25.8,21.7,3.0,5.9,18.0,0.0,0.8,0.3,97.5,97.5,121.5,109.0,3.0,20.5,18.0,0.0,0.8,0.3,95.0,95.0,120.0,110.0,3.0,20.0,18.0,0.0,0.8,0.3
1974,2,3.0,-4.0,27.8,27.8,27.8,27.8,1.0,0.0,2.0,1.0,0.0,0.5,27.8,27.8,27.8,27.8,1.0,0.0,2.0,1.0,0.0,0.5,18.1,18.1,18.1,18.1,1.0,0.0,2.0,1.0,0.0,0.5,77.5,77.5,77.5,77.5,1.0,0.0,2.0,1.0,0.5,3.6,3.6,3.6,3.6,1.0,0.0,2.0,1.0,0.0,0.5,-1.23,-1.23,-1.23,-1.23,1.0,0.0,2.0,1.0,0.0,0.5,3.38,3.38,3.38,3.38,1.0,0.0,2.0,1.0,0.0,0.5,1010.2,1010.2,1010.2,1010.2,1.0,0.0,2.0,1.0,0.0,0.5,1.0,1.0,1.0,1.0,1.0,0.0,2.0,1.0,0.0,0.5,-4.4,-4.4,-4.4,-4.4,1.0,0.0,2.0,1.0,0.0,0.5,12.2,12.2,12.2,12.2,1.0,0.0,2.0,1.0,0.0,0.5,0.0,0.0,0.0,0.0,1.0,0.0,2.0,1.0,0.0,0.5,0.0,0.0,0.0,0.0,1.0,0.0,2.0,1.0,0.0,0.5,5.35,5.35,5.35,5.35,1.0,0.0,2.0,1.0,0.0,0.5,19.2,19.2,19.2,19.2,1.0,0.0,2.0,1.0,0.0,0.5,-34.2,-34.2,-34.2,-34.2,1.0,0.0,2.0,1.0,0.0,0.5,94.0,94.0,94.0,94.0,1.0,0.0,2.0,1.0,0.0,0.5,-22.3,-22.3,-22.3,-22.3,1.0,0.0,2.0,1.0,0.0,0.5,61.2,61.2,61.2,61.2,1.0,0.0,2.0,1.0,0.0,0.5,-6.6,-6.6,-6.6,-6.6,1.0,0.0,2.0,1.0,0.0,0.5,18.1,18.1,18.1,18.1,1.0,0.0,2.0,1.0,0.0,0.5,46.5,46.5,46.5,46.5,1.0,0.0,2.0,1.0,0.0,0.5,45.0,45.0,45.0,45.0,1.0,0.0,2.0,1.0,0.0,0.5
1974,2,3.0,-3.0,28.0,28.0,28.0,28.0,1.0,0.0,24.0,1.0,0.3,0.2,28.0,28.0,28.0,28.0,1.0,0.0,24.0,1.0,0.8,1.0,20.23,20.23,20.23,20.23,1.0,0.0,24.0,1.0,0.8,1.0,85.3,85.3,85.3,85.3,1.0,0.0,24.0,1.0,1.0,3.1,3.1,3.1,3.1,1.0,0.0,24.0,1.0,0.8,1.0,1.06,1.06,1.06,1.06,1.0,0.0,24.0,1.0,0.8,1.0,2.91,2.91,2.91,2.91,1.0,0.0,24.0,1.0,0.8,1.0,1008.52,1008.55,1008.58,1008.55,2.0,0.07,24.0,1.0,0.5,0.6,8.0,8.0,8.0,8.0,1.0,0.0,24.0,1.0,0.3,0.2,3.3,3.3,3.3,3.3,1.0,0.0,24.0,1.0,0.8,1.0,9.0,9.0,9.0,9.0,1.0,0.0,24.0,1.0,0.8,1.0,,,,,,,,,,,,,,,,,,,,,,,,,,,,,,,,,,,,,,,,,29.7,29.7,29.7,29.7,1.0,0.0,24.0,1.0,0.8,1.0,81.6,81.6,81.6,81.6,1.0,0.0,24.0,1.0,0.8,1.0,21.4,21.4,21.4,21.4,1.0,0.0,24.0,1.0,0.8,1.0,58.9,58.9,58.9,58.9,1.0,0.0,24.0,1.0,0.8,1.0,,,,,,,,,,,,,,,,,,,,,,,,,,,,,,,,,,,,,,,,
1974,2,3.0,-2.0,27.7,27.9,28.0,27.85,4.0,0.19,16.0,0.3,0.4,0.6,26.85,26.95,27.05,26.95,2.0,0.21,24.0,0.0,0.5,0.7,18.54,18.72,18.91,18.72,2.0,0.39,24.0,0.0,0.5,0.7,82.8,84.2,85.6,84.2,2.0,2.8,24.0,0.0,0.7,2.6,4.1,5.43,3.86,5.0,2.3,12.0,0.2,0.4,0.6,-3.38,-2.05,-0.66,-1.98,5.0,1.5,12.0,0.2,0.4,0.6,-0.75,3.55,4.64,2.26,5.0,3.22,12.0,0.2,0.4,0.6,1009.24,1010.05,1010.7,1009.98,4.0,0.87,12.0,0.0,0.4,0.6,3.5,5.5,7.0,5.3,4.0,2.1,16.0,0.3,0.4,0.6,-15.3,-8.4,-4.0,-9.2,5.0,6.7,12.0,0.2,0.4,0.6,-3.1,14.6,25.6,12.3,5.0,17.2,12.0,0.2,0.4,0.6,0.61,0.85,1.09,0.85,2.0,0.49,24.0,0.0,0.5,0.7,2.9,3.7,4.5,3.7,2.0,1.7,24.0,0.0,0.5,0.7,4.72,4.73,4.74,4.73,2.0,0.01,24.0,0.0,0.5,0.7,20.1,21.8,23.4,21.8,2.0,3.4,24.0,0.0,0.5,0.7,-83.5,-71.9,-60.3,-71.9,2.0,24.0,24.0,0.0,0.5,0.7,96.9,100.5,104.2,100.5,2.0,7.6,24.0,0.0,0.5,0.7,-57.1,-49.7,-42.4,-49.7,2.0,15.2,24.0,0.0,0.5,0.7,68.2,69.8,71.4,69.8,2.0,3.3,24.0,0.0,0.5,0.7,-14.6,-12.6,-10.6,-12.6,2.0,4.1,24.0,0.0,0.5,0.7,17.0,17.6,18.2,17.6,2.0,1.2,24.0,0.0,0.5,0.7,44.0,69.0,163.0,97.5,5.0,81.5,12.0,0.2,0.4,0.6,45.0,70.0,165.0,95.0,5.0,80.0,12.0,0.2,0.4,0.6
1974,2,3.0,-1.0,26.94,27.8,28.27,27.64,7.0,1.2,12.0,0.6,0.4,0.5,25.42,27.0,28.07,26.72,5.0,1.57,14.0,0.6,0.3,0.6,17.6,18.57,21.37,19.46,3.0,2.86,12.0,1.0,0.3,0.7,85.4,90.3,93.0,89.2,3.0,5.6,12.0,1.0,0.7,1.0,2.6,5.1,3.12,5.0,2.5,12.0,0.4,0.4,0.5,-1.69,-0.17,1.12,-0.25,5.0,2.33,12.0,0.4,0.4,0.5,0.9,2.57,3.86,2.6,5.0,2.12,12.0,0.4,0.4,0.5,1008.69,1009.7,1010.72,1010.2,7.0,2.31,12.0,0.6,0.4,0.5,3.6,6.0,8.0,5.7,6.0,2.4,14.0,0.7,0.4,0.6,-9.4,-0.2,4.5,-2.6,5.0,13.4,12.0,0.4,0.4,0.5,0.9,6.8,22.0,12.2,5.0,17.3,12.0,0.4,0.4,0.5,-0.62,1.2,2.29,0.92,5.0,1.6,14.0,0.6,0.3,0.6,0.3,3.1,6.5,3.4,3.0,4.5,12.0,0.3,0.2,0.7,2.26,5.36,5.43,3.88,3.0,2.65,12.0,1.0,0.3,0.7,14.2,14.2,14.2,14.2,1.0,0.0,4.0,1.0,0.0,0.9,-12.3,0.0,54.4,20.6,3.0,52.0,12.0,0.3,0.2,0.7,35.9,66.8,69.1,52.8,3.0,27.2,12.0,0.3,0.2,0.7,0.0,0.0,0.0,0.0,1.0,0.0,4.0,1.0,0.0,0.9,48.3,48.3,48.3,48.3,1.0,0.0,4.0,1.0,0.0,0.9,0.0,0.0,0.0,0.0,1.0,0.0,4.0,1.0,0.0,0.9,14.2,14.2,14.2,14.2,1.0,0.0,4.0,1.0,0.0,0.9,1.0,17.5,166.0,85.5,5.0,146.5,12.0,0.4,0.4,0.5,0.0,20.0,165.0,85.0,5.0,145.0,12.0,0.4,0.4,0.5
1974,2,3.0,0.0,28.6,28.6,28.6,28.6,1.0,0.0,24.0,1.0,0.2,0.9,29.0,29.0,29.0,29.0,1.0,0.0,24.0,1.0,0.2,0.9,17.13,17.13,17.13,17.13,1.0,0.0,24.0,1.0,0.2,0.9,68.4,68.4,68.4,68.4,1.0,0.0,24.0,1.0,0.9,3.1,3.1,3.1,3.1,1.0,0.0,24.0,1.0,0.2,0.9,-0.54,-0.54,-0.54,-0.54,1.0,0.0,24.0,1.0,0.2,0.9,-3.05,-3.05,-3.05,-3.05,1.0,0.0,24.0,1.0,0.2,0.9,1010.5,1010.5,1010.5,1010.5,1.0,0.0,24.0,1.0,0.2,0.9,5.0,5.0,5.0,5.0,1.0,0.0,24.0,1.0,0.2,0.9,-1.7,-1.7,-1.7,-1.7,1.0,0.0,24.0,1.0,0.2,0.9,-9.5,-9.5,-9.5,-9.5,1.0,0.0,24.0,1.0,0.2,0.9,-0.4,-0.4,-0.4,-0.4,1.0,0.0,24.0,1.0,0.2,0.9,-1.2,-1.2,-1.2,-1.2,1.0,0.0,24.0,1.0,0.2,0.9,7.45,7.45,7.45,7.45,1.0,0.0,24.0,1.0,0.2,0.9,23.1,23.1,23.1,23.1,1.0,0.0,24.0,1.0,0.2,0.9,-15.6,-15.6,-15.6,-15.6,1.0,0.0,24.0,1.0,0.2,0.9,-88.5,-88.5,-88.5,-88.5,1.0,0.0,24.0,1.0,0.2,0.9,-9.2,-9.2,-9.2,-9.2,1.0,0.0,24.0,1.0,0.2,0.9,-52.3,-52.3,-52.3,-52.3,1.0,0.0,24.0,1.0,0.2,0.9,-4.0,-4.0,-4.0,-4.0,1.0,0.0,24.0,1.0,0.2,0.9,-22.7,-22.7,-22.7,-22.7,1.0,0.0,24.0,1.0,0.2,0.9,30.0,30.0,30.0,30.0,1.0,0.0,24.0,1.0,0.2,0.9,30.0,30.0,30.0,30.0,1.0,0.0,24.0,1.0,0.2,0.9
1974,2,3.0,1.0,28.2,28.2,28.2,28.2,1.0,0.0,22.0,1.0,0.4,0.4,27.4,27.4,27.4,27.4,1.0,0.0,22.0,1.0,0.4,0.4,18.15,18.15,18.15,18.15,1.0,0.0,22.0,1.0,0.4,0.4,79.3,79.3,79.3,79.3,1.0,0.0,22.0,1.0,0.4,5.1,5.1,5.1,5.1,1.0,0.0,22.0,1.0,0.4,0.4,-0.89,-0.89,-0.89,-0.89,1.0,0.0,22.0,1.0,0.4,0.4,5.02,5.02,5.02,5.02,1.0,0.0,22.0,1.0,0.4,0.4,1007.7,1007.7,1007.7,1007.7,1.0,0.0,22.0,1.0,0.4,0.4,7.0,7.0,7.0,7.0,1.0,0.0,22.0,1.0,0.4,0.4,-4.5,-4.5,-4.5,-4.5,1.0,0.0,22.0,1.0,0.4,0.4,25.6,25.6,25.6,25.6,1.0,0.0,22.0,1.0,0.4,0.4,0.8,0.8,0.8,0.8,1.0,0.0,22.0,1.0,0.4,0.4,4.1,4.1,4.1,4.1,1.0,0.0,22.0,1.0,0.4,0.4,5.92,5.92,5.92,5.92,1.0,0.0,22.0,1.0,0.4,0.4,30.2,30.2,30.2,30.2,1.0,0.0,22.0,1.0,0.4,0.4,-24.3,-24.3,-24.3,-24.3,1.0,0.0,22.0,1.0,0.4,0.4,137.6,137.6,137.6,137.6,1.0,0.0,22.0,1.0,0.4,0.4,-16.1,-16.1,-16.1,-16.1,1.0,0.0,22.0,1.0,0.4,0.4,91.2,91.2,91.2,91.2,1.0,0.0,22.0,1.0,0.4,0.4,-5.2,-5.2,-5.2,-5.2,1.0,0.0,22.0,1.0,0.4,0.4,29.7,29.7,29.7,29.7,1.0,0.0,22.0,1.0,0.4,0.4,132.5,132.5,132.5,132.5,1.0,0.0,22.0,1.0,0.4,0.4,135.0,135.0,135.0,135.0,1.0,0.0,22.0,1.0,0.4,0.4
1974,2,3.0,2.0,,,,,,,,,,,,,,,,,,,,,,,,,,,,,,,,,,,,,,,,0.63,2.0,3.37,2.0,2.0,2.83,10.0,0.5,0.4,0.5,0.49,1.53,2.58,1.53,2.0,2.17,10.0,0.5,0.4,0.5,0.41,1.29,2.16,1.29,2.0,1.82,10.0,0.5,0.4,0.5,1006.9,1006.9,1006.9,1006.9,1.0,0.0,18.0,0.0,0.5,0.5,,,,,,,,,,,,,,,,,,,,,,,,,,,,,,,,,,,,,,,,,,,,,,,,,,,,,,,,,,,,,,,,,,,,,,,,,,,,,,,,,,,,,,,,,,,,,,,,,,,,,,,,,,,,,,,,,,,,,,,,,,,,,,,,,,,,,,,,,,,,,,,,,,,,,,
1974,2,3.0,3.0,28.66,29.0,29.48,29.07,3.0,0.6,12.0,0.7,0.6,0.8,27.19,27.6,28.01,27.6,3.0,0.6,12.0,0.7,0.6,0.8,17.76,18.39,19.02,18.39,2.0,1.3,10.0,0.5,0.4,0.8,78.6,79.3,80.0,79.3,2.0,1.5,10.0,0.5,0.8,3.26,3.6,3.87,3.57,3.0,0.45,12.0,0.7,0.6,0.8,1.16,1.37,2.01,1.58,3.0,0.65,12.0,0.7,0.6,0.8,2.81,2.91,3.49,3.14,3.0,0.54,12.0,0.7,0.6,0.8,1007.1,1008.6,1008.94,1008.03,3.0,1.44,12.0,0.7,0.6,0.8,3.3,6.0,7.4,5.3,3.0,3.1,12.0,0.7,0.6,0.8,4.0,5.5,7.4,5.7,3.0,2.5,12.0,0.7,0.6,0.8,9.3,9.9,13.4,11.3,3.0,3.2,12.0,0.7,0.6,0.8,0.65,1.4,2.29,1.47,3.0,1.2,12.0,0.7,0.6,0.8,2.4,5.6,8.4,5.4,3.0,4.4,12.0,0.7,0.6,0.8,5.79,7.0,8.22,7.0,2.0,2.52,10.0,0.5,0.4,0.8,18.6,23.9,29.2,23.9,2.0,10.9,10.0,0.5,0.4,0.8,32.4,37.8,54.6,43.4,3.0,17.0,12.0,0.7,0.6,0.8,76.9,82.1,96.9,86.8,3.0,15.2,12.0,0.7,0.6,0.8,23.6,30.5,37.3,30.5,2.0,14.1,10.0,0.5,0.4,0.8,49.5,52.2,55.0,52.2,2.0,5.7,10.0,0.5,0.4,0.8,7.9,12.9,18.0,12.9,2.0,10.5,10.0,0.5,0.4,0.8,16.6,19.7,22.8,19.7,2.0,6.4,10.0,0.5,0.4,0.8,35.0,46.5,58.5,47.0,3.0,17.0,12.0,0.7,0.6,0.8,35.0,45.0,60.0,45.0,3.0,15.0,12.0,0.7,0.6,0.8
1974,2,3.0,4.0,28.0,28.6,29.57,28.58,9.0,0.9,12.0,0.6,0.5,0.2,27.5,28.0,28.3,28.03,9.0,0.85,12.0,0.6,0.5,0.2,18.43,19.45,20.18,19.43,6.0,1.4,10.0,0.7,0.5,0.3,80.4,81.4,83.3,81.8,8.0,2.1,12.0,0.6,0.3,3.1,3.6,6.0,3.94,9.0,2.11,12.0,0.6,0.5,0.2,0.0,1.06,3.08,1.7,9.0,1.81,12.0,0.6,0.5,0.2,1.48,3.55,4.25,3.21,9.0,1.94,12.0,0.6,0.5,0.2,1005.86,1008.9,1013.06,1009.26,7.0,3.44,12.0,0.6,0.5,0.3,3.0,4.0,7.0,4.8,9.0,2.6,12.0,0.6,0.5,0.2,0.0,3.3,16.4,8.8,9.0,11.5,12.0,0.6,0.5,0.2,4.8,12.8,25.6,15.9,9.0,14.8,12.0,0.6,0.5,0.2,-0.3,0.3,1.32,0.54,9.0,1.02,12.0,0.6,0.5,0.2,-1.2,2.0,5.1,1.7,9.0,3.8,12.0,0.6,0.5,0.2,4.06,4.72,6.61,5.34,6.0,1.81,10.0,0.7,0.5,0.3,17.1,21.7,26.7,21.6,6.0,5.1,10.0,0.7,0.5,0.3,0.0,29.2,85.7,47.4,9.0,50.8,12.0,0.6,0.5,0.2,40.9,97.5,122.7,90.4,9.0,54.6,12.0,0.6,0.5,0.2,0.0,29.0,53.3,28.5,6.0,27.7,10.0,0.7,0.5,0.3,45.2,69.5,96.8,70.8,6.0,36.1,10.0,0.7,0.5,0.3,0.0,6.1,20.3,9.4,6.0,10.6,10.0,0.7,0.5,0.3,13.8,16.7,19.9,16.9,6.0,5.2,10.0,0.7,0.5,0.3,30.0,46.5,238.5,107.0,9.0,133.0,12.0,0.6,0.5,0.2,30.0,45.0,240.0,105.0,9.0,135.0,12.0,0.6,0.5,0.2
1974,2,3.0,5.0,27.86,28.0,28.14,28.0,2.0,0.28,18.0,0.0,0.3,0.3,27.49,27.9,27.97,27.73,3.0,0.38,14.0,0.3,0.2,0.4,18.2,19.78,20.07,19.15,3.0,1.48,14.0,0.3,0.2,0.4,77.3,83.8,87.2,82.3,3.0,7.4,14.0,0.3,0.4,4.68,4.85,5.02,4.85,2.0,0.35,18.0,0.0,0.3,0.3,2.61,2.75,2.89,2.75,2.0,0.29,18.0,0.0,0.3,0.3,3.67,3.97,4.28,3.97,2.0,0.63,18.0,0.0,0.3,0.3,1007.59,1009.3,1013.53,1010.53,3.0,4.48,14.0,0.3,0.2,0.4,3.0,5.0,7.0,5.0,3.0,3.0,14.0,0.3,0.2,0.4,13.1,13.3,13.5,13.3,2.0,0.4,18.0,0.0,0.3,0.3,17.2,19.4,21.5,19.4,2.0,4.5,18.0,0.0,0.3,0.3,0.33,0.4,0.47,0.4,2.0,0.14,18.0,0.0,0.3,0.3,1.6,2.0,2.4,2.0,2.0,0.8,18.0,0.0,0.3,0.3,3.43,3.79,4.15,3.79,2.0,0.75,18.0,0.0,0.3,0.3,17.1,18.2,19.3,18.2,2.0,2.3,18.0,0.0,0.3,0.3,71.7,76.1,80.5,76.1,2.0,9.1,18.0,0.0,0.3,0.3,101.8,109.4,117.0,109.4,2.0,15.7,18.0,0.0,0.3,0.3,52.6,55.0,57.4,55.0,2.0,4.9,18.0,0.0,0.3,0.3,72.8,79.5,86.2,79.5,2.0,13.8,18.0,0.0,0.3,0.3,9.0,10.5,12.1,10.5,2.0,3.1,18.0,0.0,0.3,0.3,14.5,14.8,15.1,14.8,2.0,0.6,18.0,0.0,0.3,0.3,103.0,115.0,127.0,115.0,2.0,25.0,18.0,0.0,0.3,0.3,105.0,115.0,125.0,115.0,2.0,25.0,18.0,0.0,0.3,0.3
1974,2,3.0,6.0,28.13,28.2,28.27,28.2,2.0,0.14,4.0,0.0,0.4,0.3,27.36,27.5,27.91,27.63,3.0,0.42,12.0,0.0,0.3,0.3,19.08,19.91,20.31,19.7,3.0,0.91,12.0,0.0,0.3,0.3,80.9,86.3,88.8,84.9,3.0,5.9,12.0,0.0,0.3,2.6,2.6,3.97,3.27,3.0,1.15,12.0,0.0,0.3,0.3,1.14,1.67,2.1,1.62,3.0,0.71,12.0,0.0,0.3,0.3,2.14,2.44,3.49,2.81,3.0,1.04,12.0,0.0,0.3,0.3,1006.74,1007.7,1008.25,1007.5,3.0,1.11,12.0,0.0,0.3,0.3,3.0,3.0,5.0,4.0,3.0,1.7,12.0,0.0,0.3,0.3,3.0,4.3,8.6,5.7,3.0,4.3,12.0,0.0,0.3,0.3,5.6,6.4,14.5,10.0,3.0,7.3,12.0,0.0,0.3,0.3,0.66,0.8,0.94,0.8,2.0,0.28,4.0,0.0,0.4,0.3,1.7,2.1,2.4,2.1,2.0,0.7,4.0,0.0,0.4,0.3,3.78,3.89,4.0,3.89,2.0,0.23,4.0,0.0,0.4,0.3,9.8,10.1,10.4,10.1,2.0,0.6,4.0,0.0,0.4,0.3,31.2,45.6,58.6,44.9,3.0,20.1,12.0,0.0,0.3,0.3,58.4,67.2,97.7,77.8,3.0,30.2,12.0,0.0,0.3,0.3,23.0,34.2,40.2,31.6,3.0,12.8,12.0,0.0,0.3,0.3,43.3,48.6,66.3,54.6,3.0,17.6,12.0,0.0,0.3,0.3,4.0,4.9,5.8,4.9,2.0,1.9,4.0,0.0,0.4,0.3,7.8,8.7,9.5,8.7,2.0,1.8,4.0,0.0,0.4,0.3,17.5,17.5,72.0,44.0,3.0,46.0,12.0,0.0,0.3,0.3,20.0,20.0,70.0,45.0,3.0,45.0,12.0,0.0,0.3,0.3
1974,2,3.0,36.0,13.0,14.4,15.99,14.49,20.0,1.53,14.0,0.4,0.3,0.8,11.32,13.3,15.96,13.8,25.0,2.66,16.0,0.4,0.3,0.8,5.73,6.44,7.95,6.63,8.0,1.07,18.0,0.3,0.3,0.9,61.1,63.4,75.5,68.9,8.0,14.4,18.0,0.3,0.9,2.39,5.1,9.87,6.06,24.0,3.71,16.0,0.4,0.3,0.7,-4.06,2.26,9.38,2.55,24.0,5.4,16.0,0.4,0.3,0.7,-2.07,0.0,3.1,-0.2,24.0,4.02,16.0,0.4,0.3,0.7,1007.49,1015.8,1022.45,1016.04,25.0,6.7,16.0,0.4,0.3,0.8,1.0,6.0,8.0,5.0,25.0,2.9,16.0,0.4,0.3,0.8,-19.1,8.5,89.0,26.1,24.0,50.8,16.0,0.4,0.3,0.7,-13.8,0.0,18.3,-3.6,24.0,40.2,16.0,0.4,0.3,0.7,-0.99,1.2,2.0,0.53,20.0,2.2,14.0,0.4,0.3,0.8,0.0,7.0,16.0,3.4,20.0,18.9,14.0,0.4,0.3,0.8,2.55,3.82,4.52,3.79,8.0,1.36,18.0,0.3,0.3,0.9,1.8,18.3,23.8,15.6,8.0,10.4,18.0,0.3,0.3,0.9,-42.5,26.8,109.0,35.6,24.0,78.5,16.0,0.4,0.3,0.7,-28.2,0.0,42.7,0.4,24.0,48.5,16.0,0.4,0.3,0.7,-9.8,0.0,33.1,13.2,8.0,32.4,18.0,0.3,0.3,0.9,-10.8,5.6,24.3,6.7,8.0,16.0,18.0,0.3,0.3,0.9,-9.1,0.0,18.9,4.4,8.0,14.6,18.0,0.3,0.3,0.9,-2.4,3.5,17.8,5.8,8.0,10.7,18.0,0.3,0.3,0.9,14.0,132.5,962.0,467.0,24.0,587.0,16.0,0.4,0.3,0.7,15.0,135.0,960.0,465.0,24.0,585.0,16.0,0.4,0.3,0.7
1974,2,3.0,37.0,14.0,15.0,16.0,14.93,114.0,1.07,14.0,0.4,0.5,0.2,11.41,14.0,15.38,13.57,115.0,2.07,14.0,0.3,0.5,0.2,5.71,6.98,8.33,6.94,44.0,1.4,14.0,0.3,0.5,0.4,56.6,70.6,82.3,71.2,45.0,14.4,14.0,0.3,0.3,3.1,9.0,15.0,8.83,104.0,5.16,14.0,0.4,0.5,0.2,-0.91,4.86,13.52,5.63,104.0,7.1,14.0,0.4,0.5,0.2,-4.86,0.0,4.44,-0.28,104.0,4.77,14.0,0.4,0.5,0.2,1006.61,1015.0,1020.85,1014.17,113.0,6.01,14.0,0.3,0.5,0.2,2.0,6.0,8.0,5.1,109.0,2.7,14.0,0.4,0.5,0.2,-0.9,27.6,187.3,76.0,104.0,111.3,14.0,0.4,0.5,0.2,-48.9,0.0,35.2,-3.4,104.0,55.8,14.0,0.4,0.5,0.2,-0.55,1.0,3.5,1.34,111.0,2.16,14.0,0.3,0.5,0.2,-4.6,4.2,38.4,12.3,96.0,21.5,14.0,0.3,0.5,0.2,2.25,3.29,4.5,3.31,42.0,1.4,14.0,0.4,0.5,0.4,6.2,23.1,62.0,29.1,39.0,25.9,14.0,0.4,0.5,0.3,-13.7,61.7,188.9,75.8,100.0,96.8,14.0,0.3,0.5,0.2,-70.3,0.0,68.7,-1.2,100.0,64.8,14.0,0.3,0.5,0.2,-12.7,17.5,95.7,32.2,41.0,53.9,14.0,0.4,0.5,0.3,-27.0,0.0,29.9,-1.5,41.0,33.1,14.0,0.4,0.5,0.3,-4.8,7.7,50.5,15.5,39.0,30.8,14.0,0.4,0.5,0.3,-20.0,0.0,11.2,-2.8,39.0,18.4,14.0,0.4,0.5,0.3,30.0,729.0,3375.0,1419.0,104.0,1917.5,14.0,0.4,0.5,0.2,30.0,730.0,3375.0,1420.0,104.0,1915.0,14.0,0.4,0.5,0.2
1974,2,3.0,38.0,13.59,15.0,16.0,14.68,21.0,1.23,12.0,0.4,0.3,0.4,12.87,14.5,15.28,14.11,21.0,1.47,12.0,0.4,0.3,0.4,6.25,7.36,8.75,7.5,19.0,1.42,12.0,0.4,0.3,0.4,68.7,74.3,79.6,74.3,19.0,9.5,12.0,0.4,0.4,7.7,10.3,13.88,10.72,20.0,3.98,12.0,0.4,0.3,0.4,-1.72,8.56,13.05,6.66,20.0,6.97,12.0,0.4,0.3,0.4,-8.74,0.0,4.76,-2.33,20.0,5.99,12.0,0.4,0.3,0.4,1003.38,1014.05,1019.2,1012.77,20.0,6.47,12.0,0.4,0.3,0.4,2.0,5.5,8.0,5.0,20.0,2.8,12.0,0.5,0.3,0.4,-8.8,79.6,181.1,88.6,20.0,110.8,12.0,0.4,0.3,0.4,-106.9,0.0,24.4,-33.3,20.0,69.4,12.0,0.4,0.3,0.4,-1.58,0.8,2.43,0.56,21.0,1.93,12.0,0.4,0.3,0.4,-10.2,7.8,25.7,4.6,20.0,20.5,12.0,0.4,0.3,0.4,1.15,3.36,4.13,2.84,19.0,1.61,12.0,0.4,0.3,0.4,8.5,31.6,43.7,30.9,19.0,22.6,12.0,0.4,0.3,0.4,-19.6,119.2,199.5,100.2,20.0,102.1,12.0,0.4,0.3,0.4,-116.6,0.0,54.4,-29.8,20.0,81.2,12.0,0.4,0.3,0.4,-1.5,60.7,100.8,57.9,19.0,54.0,12.0,0.4,0.3,0.4,-59.4,0.0,32.3,-12.9,19.0,42.7,12.0,0.4,0.3,0.4,-6.0,17.0,36.8,19.3,19.0,24.1,12.0,0.4,0.3,0.4,-41.7,0.0,6.5,-9.3,19.0,21.2,12.0,0.4,0.3,0.4,456.5,1092.5,2677.5,1739.0,20.0,1867.0,12.0,0.4,0.3,0.4,455.0,1095.0,2675.0,1740.0,20.0,1865.0,12.0,0.4,0.3,0.4
1974,2,3.0,39.0,13.0,14.0,15.0,14.03,28.0,1.14,12.0,0.3,0.5,0.4,12.16,13.7,14.72,13.46,25.0,1.42,12.0,0.2,0.5,0.4,5.39,6.71,8.1,6.85,21.0,1.45,12.0,0.2,0.5,0.4,65.0,72.6,79.7,71.3,21.0,9.9,12.0,0.2,0.4,5.76,9.0,12.79,8.88,27.0,3.12,12.0,0.3,0.5,0.4,1.04,6.11,10.14,5.35,27.0,5.14,12.0,0.3,0.5,0.4,-4.3,-0.89,5.77,-0.6,27.0,5.93,12.0,0.3,0.5,0.4,1007.87,1014.95,1018.4,1013.27,26.0,6.12,12.0,0.2,0.5,0.4,2.0,3.0,8.0,3.7,26.0,2.6,12.0,0.2,0.5,0.4,5.1,43.2,104.5,50.6,27.0,61.1,12.0,0.3,0.5,0.4,-54.3,-4.5,35.9,-14.8,27.0,69.6,12.0,0.3,0.5,0.4,-1.02,0.6,2.1,0.58,25.0,1.76,12.0,0.2,0.5,0.4,-8.6,3.8,16.2,4.3,24.0,19.6,12.0,0.2,0.5,0.4,1.79,3.3,4.66,3.0,21.0,1.63,12.0,0.2,0.5,0.4,9.4,18.6,50.0,26.0,20.0,21.2,12.0,0.3,0.5,0.4,-3.6,75.3,156.4,73.8,24.0,73.0,12.0,0.2,0.5,0.4,-83.5,-15.7,75.5,-12.5,24.0,77.2,12.0,0.2,0.5,0.4,5.2,39.6,78.3,38.6,20.0,36.4,12.0,0.3,0.5,0.4,-20.2,-7.0,43.4,0.7,20.0,38.2,12.0,0.3,0.5,0.4,-2.6,9.2,28.4,12.7,20.0,23.0,12.0,0.3,0.5,0.4,-19.1,-2.4,10.1,-6.5,20.0,20.4,12.0,0.3,0.5,0.4,192.0,729.0,2094.0,956.0,27.0,898.0,12.0,0.3,0.5,0.4,190.0,730.0,2095.0,955.0,27.0,900.0,12.0,0.3,0.5,0.4
1974,2,3.0,40.0,12.59,13.55,14.45,13.63,32.0,1.23,14.0,0.3,0.5,0.5,10.7,12.8,14.12,12.62,31.0,1.79,14.0,0.3,0.5,0.5,5.58,6.65,7.99,6.69,29.0,1.17,14.0,0.3,0.5,0.5,65.8,74.2,82.4,73.5,29.0,10.6,14.0,0.3,0.5,5.1,6.7,11.8,8.07,33.0,3.86,14.0,0.2,0.5,0.5,-3.8,0.51,7.45,1.8,33.0,5.58,14.0,0.2,0.5,0.5,-8.65,-0.89,5.08,-1.52,33.0,6.72,14.0,0.2,0.5,0.5,1009.69,1016.1,1018.91,1014.19,34.0,5.51,14.0,0.2,0.5,0.5,1.0,3.5,8.0,4.2,34.0,3.1,14.0,0.2,0.5,0.5,-24.0,0.8,56.8,17.6,33.0,64.1,14.0,0.2,0.5,0.5,-88.9,-4.5,26.0,-26.4,33.0,83.0,14.0,0.2,0.5,0.5,-0.28,0.75,3.38,1.13,30.0,1.75,14.0,0.3,0.5,0.5,-2.5,5.3,19.3,8.9,30.0,15.6,14.0,0.3,0.5,0.5,2.24,3.12,4.03,3.12,28.0,1.22,14.0,0.3,0.5,0.5,12.9,19.2,42.9,25.1,28.0,15.7,14.0,0.3,0.5,0.5,-41.1,40.6,107.0,28.7,31.0,69.5,14.0,0.3,0.5,0.5,-97.9,-14.1,72.2,-9.6,31.0,79.9,14.0,0.3,0.5,0.5,-17.5,21.3,47.8,15.8,29.0,34.0,14.0,0.3,0.5,0.5,-46.1,0.0,38.3,-2.9,29.0,42.7,14.0,0.3,0.5,0.5,-6.4,5.9,24.3,8.5,28.0,20.3,14.0,0.3,0.5,0.5,-16.4,-1.6,14.7,-3.9,28.0,20.0,14.0,0.3,0.5,0.5,132.5,301.0,1643.0,912.0,33.0,1254.0,14.0,0.2,0.5,0.5,135.0,300.0,1645.0,910.0,33.0,1255.0,14.0,0.2,0.5,0.5
1974,2,3.0,41.0,12.68,13.0,14.0,13.36,30.0,0.92,14.0,0.3,0.4,0.5,10.18,11.6,14.0,12.07,31.0,2.12,14.0,0.3,0.4,0.5,5.02,5.82,6.93,6.05,26.0,1.17,14.0,0.3,0.4,0.5,58.5,68.7,76.0,69.9,26.0,12.1,14.0,0.3,0.5,4.9,9.3,14.1,9.42,30.0,4.69,14.0,0.3,0.3,0.5,-5.2,0.0,4.39,0.0,30.0,4.72,14.0,0.3,0.3,0.5,-13.41,-2.82,6.54,-3.36,30.0,8.93,14.0,0.3,0.3,0.5,1003.94,1011.5,1016.22,1010.59,31.0,6.02,14.0,0.3,0.4,0.5,0.4,4.0,8.0,4.3,29.0,3.2,14.0,0.3,0.4,0.5,-42.8,0.0,32.9,-6.9,30.0,53.3,14.0,0.3,0.3,0.5,-181.4,-14.4,53.0,-54.5,30.0,129.1,14.0,0.3,0.3,0.5,-0.32,1.9,3.24,1.49,30.0,1.9,14.0,0.3,0.4,0.5,-1.8,14.9,33.9,16.4,29.0,20.1,14.0,0.3,0.4,0.5,2.27,3.76,4.76,3.41,26.0,1.33,14.0,0.3,0.4,0.5,15.1,29.5,57.3,34.2,25.0,19.9,14.0,0.3,0.4,0.5,-54.4,0.0,56.7,2.2,30.0,56.2,14.0,0.3,0.3,0.5,-137.2,-30.3,77.1,-32.0,30.0,104.2,14.0,0.3,0.3,0.5,-31.5,0.0,32.8,2.0,25.0,30.5,14.0,0.3,0.4,0.5,-67.5,-20.8,42.6,-20.3,25.0,50.5,14.0,0.3,0.4,0.5,-16.6,0.0,16.3,0.1,25.0,19.8,14.0,0.3,0.4,0.5,-49.5,-18.6,10.6,-18.1,25.0,29.6,14.0,0.3,0.4,0.5,118.5,804.5,2805.0,1475.0,30.0,1962.0,14.0,0.3,0.3,0.5,120.0,805.0,2805.0,1475.0,30.0,1960.0,14.0,0.3,0.3,0.5
1974,2,3.0,42.0,12.0,13.0,14.0,12.93,13.0,0.87,14.0,0.5,0.5,0.3,9.98,12.0,13.55,11.85,13.0,1.77,12.0,0.4,0.5,0.3,4.38,4.68,5.98,5.36,11.0,1.36,12.0,0.4,0.4,0.3,51.4,61.8,71.3,61.8,11.0,11.1,12.0,0.4,0.3,9.36,12.35,17.97,13.68,14.0,5.22,12.0,0.4,0.5,0.3,0.11,3.55,11.37,5.14,14.0,5.3,12.0,0.4,0.5,0.3,-15.07,-10.72,5.1,-8.21,14.0,9.98,12.0,0.4,0.5,0.3,1009.09,1013.2,1015.99,1012.14,14.0,5.9,12.0,0.4,0.5,0.3,0.9,2.0,6.1,3.1,13.0,2.8,12.0,0.4,0.5,0.3,0.8,47.7,242.2,87.3,14.0,101.2,12.0,0.4,0.5,0.3,-261.6,-119.1,30.2,-147.9,14.0,177.7,12.0,0.4,0.5,0.3,-0.5,1.35,3.05,1.25,12.0,1.72,14.0,0.4,0.4,0.3,-5.7,16.0,54.4,23.0,12.0,29.0,14.0,0.4,0.4,0.3,3.01,3.88,5.36,3.9,11.0,1.5,12.0,0.4,0.4,0.3,27.2,43.8,84.3,55.3,11.0,32.1,12.0,0.4,0.4,0.3,0.0,39.2,89.7,47.1,13.0,46.8,12.0,0.4,0.5,0.3,-155.4,-131.1,77.3,-86.0,13.0,120.1,12.0,0.4,0.5,0.3,6.1,21.4,47.1,25.2,11.0,21.6,12.0,0.4,0.4,0.3,-84.5,-56.6,-4.6,-43.0,11.0,55.1,12.0,0.4,0.4,0.3,1.0,15.7,39.6,20.5,11.0,25.7,12.0,0.4,0.4,0.3,-69.4,-43.8,-14.7,-44.6,11.0,32.9,12.0,0.4,0.4,0.3,822.5,1924.5,5802.0,3662.5,14.0,3933.0,12.0,0.4,0.5,0.3,825.0,1925.0,5800.0,3660.0,14.0,3935.0,12.0,0.4,0.5,0.3
1974,2,3.0,43.0,11.86,12.0,12.14,12.0,2.0,0.28,12.0,0.0,0.6,0.1,8.73,9.0,9.27,9.0,2.0,0.57,12.0,0.0,0.6,0.1,4.35,4.36,4.36,4.36,2.0,0.01,12.0,0.0,0.6,0.1,60.4,61.5,62.7,61.5,2.0,2.3,12.0,0.0,0.1,5.32,7.95,10.58,7.95,2.0,5.44,12.0,0.0,0.6,0.1,0.94,2.95,4.96,2.95,2.0,4.17,12.0,0.0,0.6,0.1,-9.25,-7.16,-5.07,-7.16,2.0,4.33,12.0,0.0,0.6,0.1,1013.51,1015.05,1016.59,1015.05,2.0,3.18,12.0,0.0,0.6,0.1,0.0,0.0,0.0,0.0,2.0,0.0,12.0,0.0,0.6,0.1,11.0,34.8,58.6,34.8,2.0,49.2,12.0,0.0,0.6,0.1,-104.1,-68.7,-33.3,-68.7,2.0,73.4,12.0,0.0,0.6,0.1,2.59,3.0,3.41,3.0,2.0,0.85,12.0,0.0,0.6,0.1,15.0,26.2,37.3,26.2,2.0,23.1,12.0,0.0,0.6,0.1,4.25,4.32,4.39,4.32,2.0,0.15,12.0,0.0,0.6,0.1,22.8,34.7,46.6,34.7,2.0,24.7,12.0,0.0,0.6,0.1,8.1,25.4,42.7,25.4,2.0,35.9,12.0,0.0,0.6,0.1,-80.1,-63.2,-46.4,-63.2,2.0,34.9,12.0,0.0,0.6,0.1,4.1,12.8,21.6,12.8,2.0,18.1,12.0,0.0,0.6,0.1,-40.2,-31.2,-22.1,-31.2,2.0,18.8,12.0,0.0,0.6,0.1,4.1,13.0,22.0,13.0,2.0,18.5,12.0,0.0,0.6,0.1,-40.8,-31.2,-21.7,-31.2,2.0,19.7,12.0,0.0,0.6,0.1,318.5,856.0,1393.0,856.0,2.0,1113.0,12.0,0.0,0.6,0.1,320.0,855.0,1395.0,855.0,2.0,1115.0,12.0,0.0,0.6,0.1
1974,2,3.0,51.0,9.0,10.0,11.0,9.84,34.0,1.01,14.0,0.1,0.1,0.9,4.24,5.2,7.11,5.61,10.0,1.33,16.0,0.0,0.2,0.7,3.95,4.12,4.28,4.12,2.0,0.34,18.0,0.0,0.3,0.9,69.6,69.8,70.1,69.8,2.0,0.5,18.0,0.0,0.9,5.0,7.7,11.78,8.98,39.0,4.69,14.0,0.1,0.1,0.8,-5.09,1.74,7.89,2.3,39.0,6.81,14.0,0.1,0.1,0.8,-5.34,2.44,8.73,1.67,39.0,7.08,14.0,0.1,0.1,0.8,1002.87,1012.0,1024.53,1013.46,10.0,11.61,14.0,0.1,0.2,0.7,3.0,7.0,8.0,5.8,37.0,2.5,14.0,0.1,0.1,0.9,-31.3,15.4,96.3,41.2,39.0,105.6,14.0,0.1,0.1,0.8,-37.3,7.2,91.6,19.0,39.0,100.9,14.0,0.1,0.1,0.8,1.51,3.7,4.37,2.96,5.0,1.93,10.0,0.0,0.3,0.7,11.2,25.0,64.7,37.2,5.0,38.3,10.0,0.0,0.3,0.7,1.83,1.83,1.83,1.83,1.0,0.0,18.0,0.0,0.2,0.9,12.8,12.8,12.8,12.8,1.0,0.0,18.0,0.0,0.2,0.9,-38.4,-20.9,7.4,-10.2,10.0,35.3,16.0,0.0,0.2,0.7,-39.0,-7.5,70.1,5.8,10.0,49.7,16.0,0.0,0.2,0.7,-31.3,-26.6,-21.8,-26.6,2.0,9.9,18.0,0.0,0.3,0.9,-27.4,-25.8,-24.1,-25.8,2.0,3.4,18.0,0.0,0.3,0.9,-8.2,-8.2,-8.2,-8.2,1.0,0.0,18.0,0.0,0.2,0.9,-9.8,-9.8,-9.8,-9.8,1.0,0.0,18.0,0.0,0.2,0.9,125.0,456.5,1637.0,1412.5,39.0,2486.0,14.0,0.1,0.1,0.8,125.0,455.0,1635.0,1415.0,39.0,2485.0,14.0,0.1,0.1,0.8
1974,2,3.0,52.0,6.15,8.0,9.17,7.7,53.0,1.67,14.0,0.4,0.4,0.6,5.13,7.0,9.0,6.92,66.0,1.89,14.0,0.3,0.4,0.6,3.5,4.81,5.94,4.71,15.0,1.26,18.0,0.3,0.5,0.6,66.1,77.8,91.2,77.6,15.0,13.6,18.0,0.3,0.6,4.1,9.0,14.0,9.18,69.0,4.93,14.0,0.3,0.4,0.5,-2.56,2.26,8.09,2.62,69.0,5.58,14.0,0.3,0.4,0.5,-7.0,3.06,11.67,2.22,69.0,8.17,14.0,0.3,0.4,0.5,995.82,1005.8,1025.45,1007.92,63.0,15.87,14.0,0.4,0.4,0.6,3.5,7.0,8.0,5.9,61.0,2.4,14.0,0.4,0.4,0.5,-19.2,18.4,76.3,37.5,69.0,82.4,14.0,0.3,0.4,0.5,-62.8,12.3,152.3,31.4,69.0,120.0,14.0,0.3,0.4,0.5,-1.0,0.9,2.71,0.81,51.0,1.86,14.0,0.4,0.4,0.6,-7.7,3.6,22.0,7.2,51.0,16.9,14.0,0.4,0.4,0.6,0.44,0.98,3.02,1.41,14.0,1.26,16.0,0.4,0.5,0.6,2.3,10.3,17.2,9.8,14.0,8.1,16.0,0.4,0.5,0.6,-19.0,16.6,55.6,21.4,66.0,42.5,14.0,0.3,0.4,0.6,-40.7,20.1,78.9,19.0,66.0,58.8,14.0,0.3,0.4,0.6,-14.4,0.0,26.9,5.5,15.0,26.9,18.0,0.3,0.5,0.6,-16.7,11.6,51.2,13.9,15.0,33.9,18.0,0.3,0.5,0.6,-13.6,0.0,2.2,-2.8,14.0,8.0,16.0,0.4,0.5,0.6,-7.8,0.7,12.6,1.3,14.0,9.7,16.0,0.4,0.5,0.6,69.0,729.0,2744.0,1496.5,69.0,2273.0,14.0,0.3,0.4,0.5,70.0,730.0,2745.0,1495.0,69.0,2275.0,14.0,0.3,0.4,0.5
1974,2,3.0,53.0,5.66,6.2,8.0,6.8,74.0,1.36,16.0,0.3,0.6,0.4,4.2,6.0,8.0,6.13,82.0,1.8,18.0,0.3,0.6,0.4,3.22,4.96,5.42,4.42,19.0,1.16,18.0,0.2,0.5,0.4,63.6,80.1,92.1,77.2,19.0,14.6,18.0,0.2,0.4,3.54,8.0,13.0,8.33,76.0,4.77,16.0,0.3,0.6,0.4,-5.37,0.0,6.0,0.07,76.0,5.73,16.0,0.3,0.6,0.4,-3.9,1.22,10.51,2.78,76.0,7.24,16.0,0.3,0.6,0.4,999.12,1019.4,1033.6,1015.72,81.0,16.06,18.0,0.3,0.6,0.4,3.0,8.0,8.0,6.1,62.0,2.6,18.0,0.3,0.5,0.4,-44.8,0.0,50.7,7.0,76.0,71.8,16.0,0.3,0.6,0.4,-22.6,5.7,138.0,44.7,76.0,99.2,16.0,0.3,0.6,0.4,-1.34,0.7,2.82,0.68,74.0,1.94,16.0,0.3,0.6,0.4,-10.2,3.6,23.2,3.5,69.0,21.7,16.0,0.3,0.6,0.4,0.7,1.92,2.83,1.78,19.0,1.08,18.0,0.2,0.5,0.4,2.2,7.4,16.0,9.8,18.0,7.6,18.0,0.2,0.5,0.4,-27.7,0.0,36.8,6.0,76.0,36.4,16.0,0.3,0.6,0.4,-18.7,3.6,80.8,20.4,76.0,51.8,16.0,0.3,0.6,0.4,-19.0,-8.7,25.3,0.1,18.0,20.1,18.0,0.2,0.5,0.4,-15.9,-5.7,10.3,0.0,18.0,21.7,18.0,0.2,0.5,0.4,-8.5,-1.8,6.0,-1.0,18.0,9.6,18.0,0.2,0.5,0.4,-9.6,-1.5,6.6,-1.1,18.0,8.1,18.0,0.2,0.5,0.4,44.5,512.0,2197.0,1182.0,76.0,1692.0,16.0,0.3,0.6,0.4,45.0,510.0,2195.0,1180.0,76.0,1690.0,16.0,0.3,0.6,0.4
1974,2,3.0,54.0,5.44,5.8,6.88,5.91,16.0,1.3,18.0,0.3,0.5,0.4,4.0,5.3,7.16,5.71,51.0,2.09,16.0,0.5,0.6,0.3,3.23,3.75,4.98,4.04,9.0,0.95,16.0,0.4,0.5,0.2,63.0,71.1,85.4,72.1,9.0,11.0,16.0,0.4,0.2,3.22,7.2,12.54,8.18,49.0,4.86,16.0,0.5,0.6,0.2,-6.44,0.0,5.22,-0.01,49.0,5.8,16.0,0.5,0.6,0.2,-4.92,1.29,9.06,1.77,49.0,7.43,16.0,0.5,0.6,0.2,990.66,1017.3,1027.55,1010.09,53.0,17.65,16.0,0.5,0.6,0.2,5.5,8.0,8.0,6.9,48.0,1.6,16.0,0.5,0.6,0.2,-47.4,0.0,41.2,5.0,49.0,67.0,16.0,0.5,0.6,0.2,-30.9,2.3,92.1,32.7,49.0,112.8,16.0,0.5,0.6,0.2,-1.55,0.35,1.26,-0.05,16.0,2.07,18.0,0.3,0.5,0.4,-12.4,1.3,8.7,2.4,15.0,17.6,16.0,0.3,0.5,0.4,0.68,1.75,2.28,1.6,8.0,0.78,16.0,0.5,0.5,0.2,4.4,9.5,17.2,10.2,8.0,6.1,16.0,0.5,0.5,0.2,-25.2,0.0,29.2,5.1,47.0,34.6,16.0,0.5,0.6,0.3,-22.2,4.7,57.2,13.8,47.0,51.8,16.0,0.5,0.6,0.3,-14.1,-7.4,8.4,-4.1,9.0,15.5,16.0,0.4,0.5,0.2,-16.8,-11.0,5.1,0.1,9.0,30.2,16.0,0.4,0.5,0.2,-6.3,-3.8,1.1,-1.5,8.0,8.3,16.0,0.5,0.5,0.2,-11.6,-3.6,2.8,-3.9,8.0,8.2,16.0,0.5,0.5,0.2,35.5,373.0,1987.5,1196.0,49.0,1921.5,16.0,0.5,0.6,0.2,35.0,375.0,1985.0,1195.0,49.0,1920.0,16.0,0.5,0.6,0.2
1974,2,3.0,55.0,5.37,6.0,7.06,6.12,18.0,0.86,14.0,0.4,0.4,0.3,4.39,6.2,7.29,6.05,19.0,1.37,14.0,0.5,0.4,0.3,4.41,5.11,5.63,4.9,9.0,0.75,16.0,0.3,0.5,0.3,74.9,88.1,91.8,84.5,9.0,9.9,16.0,0.3,0.3,4.6,9.8,13.2,9.34,19.0,4.02,14.0,0.5,0.4,0.3,-5.58,0.0,8.49,0.85,19.0,6.3,14.0,0.5,0.4,0.3,-2.02,5.0,11.04,4.22,19.0,6.99,14.0,0.5,0.4,0.3,998.39,1005.8,1023.98,1010.49,19.0,14.16,14.0,0.5,0.4,0.3,5.0,7.5,8.0,6.7,16.0,1.7,16.0,0.5,0.4,0.3,-83.7,0.0,102.1,11.2,19.0,77.5,14.0,0.5,0.4,0.3,-9.6,50.0,128.4,52.6,19.0,87.4,14.0,0.5,0.4,0.3,-1.03,0.1,1.2,0.17,18.0,1.22,14.0,0.4,0.4,0.3,-9.9,1.3,12.7,2.9,18.0,11.4,14.0,0.4,0.4,0.3,0.09,0.86,1.3,0.78,9.0,0.75,16.0,0.3,0.5,0.3,0.4,4.4,17.2,7.7,9.0,9.1,16.0,0.3,0.5,0.3,-27.3,0.0,43.3,6.2,19.0,37.2,14.0,0.5,0.4,0.3,-14.1,37.4,68.6,27.1,19.0,40.1,14.0,0.5,0.4,0.3,-16.7,6.8,20.8,2.4,9.0,24.3,16.0,0.3,0.5,0.3,-1.6,15.4,45.1,18.1,9.0,24.1,16.0,0.3,0.5,0.3,-3.7,0.0,3.6,0.4,9.0,6.0,16.0,0.3,0.5,0.3,-0.1,3.2,12.3,5.9,9.0,8.6,16.0,0.3,0.5,0.3,97.5,941.0,2310.0,1237.0,19.0,1200.0,14.0,0.5,0.4,0.3,95.0,940.0,2310.0,1235.0,19.0,1200.0,14.0,0.5,0.4,0.3
1974,2,3.0,56.0,6.1,6.4,7.12,6.56,31.0,0.57,14.0,0.4,0.5,0.4,6.0,6.8,7.71,6.66,37.0,1.24,16.0,0.4,0.5,0.4,4.59,5.45,5.6,5.2,22.0,0.55,14.0,0.5,0.4,0.4,76.8,87.1,90.8,84.8,22.0,7.4,14.0,0.5,0.4,4.6,8.2,12.3,8.48,47.0,4.04,14.0,0.5,0.4,0.4,-4.04,1.74,9.46,2.87,47.0,6.41,14.0,0.5,0.4,0.4,-1.53,3.38,7.52,3.04,47.0,5.56,14.0,0.5,0.4,0.4,994.66,1003.05,1032.09,1009.12,36.0,16.05,16.0,0.4,0.5,0.4,5.0,7.0,8.0,6.4,33.0,1.9,16.0,0.4,0.5,0.4,-30.7,7.8,94.0,35.1,47.0,85.8,14.0,0.5,0.4,0.4,-4.0,16.7,71.9,32.0,47.0,65.1,14.0,0.5,0.4,0.4,-1.15,-0.2,0.86,-0.01,31.0,1.46,14.0,0.4,0.5,0.4,-9.5,-2.5,5.5,-1.4,29.0,13.9,14.0,0.4,0.5,0.4,0.31,0.48,1.33,0.76,22.0,0.6,14.0,0.5,0.4,0.4,1.7,5.0,14.4,7.3,22.0,6.5,14.0,0.5,0.4,0.4,-25.0,0.0,57.5,11.8,35.0,41.6,16.0,0.4,0.5,0.4,-15.7,28.2,54.5,20.0,35.0,37.3,16.0,0.4,0.5,0.4,-22.8,-12.0,36.3,2.3,22.0,29.3,14.0,0.5,0.4,0.4,-7.2,33.0,50.7,25.6,22.0,30.8,14.0,0.5,0.4,0.4,-2.0,-0.6,7.0,0.8,22.0,4.6,14.0,0.5,0.4,0.4,-0.5,2.9,6.1,2.4,22.0,8.3,14.0,0.5,0.4,0.4,97.5,551.5,1861.0,1039.0,47.0,1380.5,14.0,0.5,0.4,0.4,95.0,550.0,1860.0,1040.0,47.0,1380.0,14.0,0.5,0.4,0.4
1974,2,3.0,57.0,6.2,6.2,6.4,6.26,201.0,0.41,14.0,0.4,0.0,0.5,5.0,6.3,7.0,6.03,202.0,1.06,14.0,0.4,0.0,0.5,4.53,5.46,5.92,5.3,187.0,0.69,14.0,0.4,0.0,0.5,80.5,92.7,98.0,90.0,187.0,8.0,14.0,0.4,0.5,4.6,8.2,12.3,8.77,202.0,4.13,14.0,0.4,0.0,0.5,-6.15,0.7,7.51,1.05,202.0,6.09,14.0,0.4,0.0,0.5,0.0,4.53,9.97,4.36,202.0,6.1,14.0,0.4,0.0,0.5,986.68,1001.5,1027.42,1004.85,202.0,18.39,14.0,0.4,0.0,0.5,3.0,8.0,8.0,6.2,194.0,2.4,14.0,0.4,0.0,0.5,-61.7,0.7,73.6,11.5,202.0,78.0,14.0,0.4,0.0,0.5,0.0,30.9,131.0,49.0,202.0,84.1,14.0,0.4,0.0,0.5,-0.7,0.0,1.15,0.23,201.0,1.05,14.0,0.4,0.0,0.5,-6.2,0.0,10.7,2.0,201.0,10.9,14.0,0.4,0.0,0.5,0.04,0.48,1.49,0.65,187.0,0.69,14.0,0.4,0.0,0.5,0.1,3.0,11.8,5.3,187.0,6.8,14.0,0.4,0.0,0.5,-33.5,4.2,42.9,7.3,202.0,36.7,14.0,0.4,0.0,0.5,0.0,28.0,67.7,28.6,202.0,36.6,14.0,0.4,0.0,0.5,-30.0,0.0,37.4,5.4,187.0,32.6,14.0,0.4,0.0,0.5,0.0,24.9,58.4,25.3,187.0,32.3,14.0,0.4,0.0,0.5,-2.6,0.0,5.0,0.5,187.0,5.5,14.0,0.4,0.0,0.5,-2.5,0.5,6.3,1.4,187.0,6.4,14.0,0.4,0.0,0.5,97.5,551.5,1861.0,1148.5,202.0,1577.0,14.0,0.4,0.0,0.5,95.0,550.0,1860.0,1150.0,202.0,1575.0,14.0,0.4,0.0,0.5
1974,2,3.0,58.0,6.3,6.8,7.0,6.66,34.0,0.63,14.0,0.2,0.5,0.3,5.0,6.6,7.13,5.98,36.0,1.75,14.0,0.2,0.5,0.3,4.23,4.85,5.62,4.86,26.0,0.64,14.0,0.2,0.5,0.3,75.4,83.1,89.0,82.4,26.0,7.9,14.0,0.2,0.3,4.6,6.7,12.3,8.09,36.0,4.88,14.0,0.2,0.5,0.3,-5.47,0.0,6.43,0.33,36.0,5.46,14.0,0.2,0.5,0.3,0.0,4.32,10.68,5.06,36.0,5.91,14.0,0.2,0.5,0.3,995.11,1005.3,1029.88,1008.57,36.0,16.02,14.0,0.2,0.5,0.3,5.0,7.0,8.0,6.8,25.0,1.5,14.0,0.3,0.5,0.4,-73.0,0.0,44.5,-6.0,36.0,65.3,14.0,0.2,0.5,0.3,0.0,25.0,131.0,62.1,36.0,105.3,14.0,0.2,0.5,0.3,-0.68,0.35,1.98,0.73,34.0,1.86,14.0,0.2,0.5,0.3,-3.8,2.5,10.4,6.2,34.0,16.2,14.0,0.2,0.5,0.3,0.62,1.23,1.91,1.26,26.0,0.67,14.0,0.2,0.5,0.3,3.1,8.6,17.7,10.6,26.0,8.5,14.0,0.2,0.5,0.3,-29.3,0.0,42.8,3.6,36.0,33.7,14.0,0.2,0.5,0.3,0.0,26.8,70.5,32.1,36.0,33.5,14.0,0.2,0.5,0.3,-33.7,0.0,25.7,-1.3,26.0,25.7,14.0,0.2,0.5,0.3,0.0,22.4,52.4,23.9,26.0,25.8,14.0,0.2,0.5,0.3,-9.0,0.0,5.1,-1.7,26.0,8.1,14.0,0.2,0.5,0.3,0.0,6.1,15.3,6.8,26.0,8.6,14.0,0.2,0.5,0.3,97.5,301.0,1861.0,1195.0,36.0,2258.0,14.0,0.2,0.5,0.3,95.0,300.0,1860.0,1195.0,36.0,2260.0,14.0,0.2,0.5,0.3
1974,2,3.0,59.0,6.2,6.8,7.38,6.65,21.0,0.93,12.0,0.3,0.4,0.4,4.5,5.4,7.48,5.59,21.0,1.96,12.0,0.3,0.4,0.4,4.42,4.52,5.47,4.89,12.0,0.64,16.0,0.3,0.4,0.5,82.9,85.3,90.2,86.7,12.0,5.9,16.0,0.3,0.5,5.2,9.3,15.14,10.0,21.0,4.28,12.0,0.3,0.4,0.4,-8.36,-0.89,4.72,-0.9,21.0,6.67,12.0,0.3,0.4,0.4,1.4,6.77,11.6,6.04,21.0,6.3,12.0,0.3,0.4,0.4,987.53,1000.0,1019.43,1002.63,21.0,15.99,12.0,0.3,0.4,0.4,5.4,8.0,8.0,6.9,16.0,2.1,14.0,0.4,0.5,0.4,-107.3,-4.5,24.1,-20.2,21.0,96.9,12.0,0.3,0.4,0.4,7.1,48.7,159.6,65.3,21.0,94.8,12.0,0.3,0.4,0.4,-0.65,0.8,2.28,1.06,21.0,1.91,12.0,0.3,0.4,0.4,-3.6,12.8,29.6,16.0,21.0,27.5,12.0,0.3,0.4,0.4,0.5,1.44,2.01,1.32,12.0,0.68,16.0,0.3,0.4,0.5,2.6,13.3,26.1,15.0,12.0,12.8,16.0,0.3,0.4,0.5,-26.1,-5.4,29.6,-1.1,21.0,29.3,12.0,0.3,0.4,0.4,7.2,36.5,59.1,33.1,21.0,28.6,12.0,0.3,0.4,0.4,-29.1,-7.7,32.0,-3.8,12.0,31.8,16.0,0.3,0.4,0.5,3.8,29.5,51.4,27.0,12.0,27.5,16.0,0.3,0.4,0.5,-11.5,-1.4,3.7,-3.9,12.0,12.4,16.0,0.3,0.4,0.5,0.3,7.6,21.4,9.3,12.0,12.0,16.0,0.3,0.4,0.5,142.0,804.5,3484.0,1553.0,21.0,1700.5,12.0,0.3,0.4,0.4,140.0,805.0,3485.0,1555.0,21.0,1700.0,12.0,0.3,0.4,0.4
1974,2,3.0,60.0,6.45,7.0,7.45,6.91,48.0,1.03,18.0,0.5,0.3,0.4,4.35,5.95,7.65,5.83,48.0,1.88,18.0,0.5,0.3,0.4,4.14,4.75,5.84,4.91,42.0,0.86,18.0,0.5,0.2,0.4,75.9,82.6,91.1,82.8,42.0,8.5,18.0,0.5,0.4,4.6,8.7,14.4,9.21,55.0,4.99,16.0,0.5,0.4,0.4,0.0,5.47,9.38,4.76,55.0,5.79,16.0,0.5,0.4,0.4,-2.59,2.55,7.79,3.03,55.0,6.74,16.0,0.5,0.4,0.4,996.17,1004.45,1021.09,1007.01,50.0,11.79,16.0,0.5,0.3,0.4,6.0,8.0,8.0,7.1,52.0,1.5,16.0,0.5,0.4,0.4,0.0,36.1,121.8,49.8,55.0,84.7,16.0,0.5,0.4,0.4,-14.7,22.4,100.0,38.4,55.0,110.5,16.0,0.5,0.4,0.4,-0.5,1.05,2.2,1.08,48.0,1.68,18.0,0.5,0.3,0.4,-4.0,6.1,21.5,10.8,48.0,23.6,18.0,0.5,0.3,0.4,0.53,1.55,1.99,1.37,42.0,0.8,18.0,0.5,0.2,0.4,3.6,8.9,24.0,11.7,42.0,9.4,18.0,0.5,0.2,0.4,0.0,30.9,67.7,33.6,48.0,32.1,18.0,0.5,0.3,0.4,0.1,17.7,46.6,21.5,48.0,28.9,18.0,0.5,0.3,0.4,2.7,26.7,54.4,27.6,42.0,26.2,18.0,0.5,0.2,0.4,3.3,16.1,37.7,19.1,42.0,24.7,18.0,0.5,0.2,0.4,0.0,4.3,14.2,5.1,42.0,10.2,18.0,0.5,0.2,0.4,-0.6,3.0,10.8,4.2,42.0,8.8,18.0,0.5,0.2,0.4,97.5,658.5,2986.0,1508.0,55.0,2069.0,16.0,0.5,0.4,0.4,95.0,660.0,2985.0,1510.0,55.0,2070.0,16.0,0.5,0.4,0.4
1974,2,3.0,61.0,5.9,7.05,7.62,6.78,4.0,1.27,16.0,0.5,0.5,0.3,0.08,4.15,5.9,3.6,6.0,3.1,16.0,0.7,0.5,0.4,5.21,5.26,6.06,5.63,3.0,0.7,18.0,1.0,0.6,0.5,94.3,95.2,96.6,95.5,3.0,1.7,18.0,1.0,0.5,9.07,11.85,15.08,11.93,6.0,2.98,16.0,0.7,0.5,0.4,-7.7,-3.69,1.92,-2.25,6.0,6.42,16.0,0.7,0.5,0.4,-0.58,11.75,13.49,8.02,6.0,7.43,16.0,0.7,0.5,0.4,985.61,1003.15,1004.02,997.47,6.0,9.65,16.0,0.7,0.5,0.4,8.0,8.0,8.0,8.0,4.0,0.0,18.0,1.0,0.5,0.6,-85.6,-46.0,17.9,-33.5,6.0,71.5,16.0,0.7,0.5,0.4,-4.7,140.3,206.6,112.4,6.0,102.1,16.0,0.7,0.5,0.4,1.77,4.8,6.1,3.98,4.0,3.44,16.0,0.5,0.5,0.3,14.0,45.7,81.8,47.8,4.0,47.9,16.0,0.5,0.5,0.3,-0.22,-0.22,-0.22,-0.22,1.0,0.0,22.0,1.0,0.6,0.3,-2.0,-2.0,-2.0,-2.0,1.0,0.0,22.0,1.0,0.6,0.3,-28.1,-6.0,15.0,-0.6,6.0,38.8,16.0,0.7,0.5,0.4,-1.9,0.5,67.1,21.2,6.0,36.2,16.0,0.7,0.5,0.4,-31.0,-11.8,37.1,2.7,3.0,51.4,18.0,1.0,0.6,0.5,21.2,66.9,68.4,45.3,3.0,39.3,18.0,1.0,0.6,0.5,-2.0,-2.0,-2.0,-2.0,1.0,0.0,22.0,1.0,0.6,0.3,0.0,0.0,0.0,0.0,1.0,0.0,22.0,1.0,0.6,0.3,752.0,1703.0,3432.5,1965.0,6.0,1320.0,16.0,0.7,0.5,0.4,750.0,1705.0,3430.0,1965.0,6.0,1320.0,16.0,0.7,0.5,0.4
1974,2,3.0,62.0,6.28,6.8,7.4,7.01,9.0,0.75,10.0,0.0,0.7,0.4,2.27,5.8,6.87,4.78,9.0,2.5,10.0,0.0,0.7,0.4,4.78,5.13,5.38,5.06,6.0,0.37,12.0,0.0,0.8,0.5,81.5,86.4,88.1,85.2,6.0,4.3,12.0,0.0,0.5,4.98,9.0,10.8,8.1,9.0,3.24,10.0,0.0,0.7,0.4,-5.38,-3.08,0.0,-2.24,9.0,4.47,10.0,0.0,0.7,0.4,0.7,4.6,10.15,5.75,9.0,4.63,10.0,0.0,0.7,0.4,998.37,1001.0,1019.9,1006.19,9.0,10.5,10.0,0.0,0.7,0.4,4.3,7.0,8.0,6.3,9.0,1.9,10.0,0.0,0.7,0.4,-39.9,-27.7,0.0,-21.9,9.0,38.7,10.0,0.0,0.7,0.4,1.8,24.5,109.6,55.4,9.0,57.2,10.0,0.0,0.7,0.4,-0.37,1.6,4.97,2.23,9.0,2.74,10.0,0.0,0.7,0.4,-3.9,12.7,33.8,17.0,9.0,23.1,10.0,0.0,0.7,0.4,0.67,1.19,1.56,1.14,6.0,0.52,12.0,0.0,0.8,0.5,4.5,8.3,17.6,9.9,6.0,6.6,12.0,0.0,0.8,0.5,-25.9,0.0,0.0,-12.4,9.0,20.4,10.0,0.0,0.7,0.4,0.0,16.1,71.0,29.6,9.0,32.6,10.0,0.0,0.7,0.4,-25.0,-9.6,0.0,-13.8,6.0,17.4,12.0,0.0,0.8,0.5,10.5,38.6,56.4,34.3,6.0,25.1,12.0,0.0,0.8,0.5,-6.2,-0.9,0.0,-3.7,6.0,6.8,12.0,0.0,0.8,0.5,1.5,5.9,11.0,6.8,6.0,6.5,12.0,0.0,0.8,0.5,129.5,729.0,1259.5,747.0,9.0,633.0,10.0,0.0,0.7,0.4,130.0,730.0,1260.0,745.0,9.0,635.0,10.0,0.0,0.7,0.4
1974,2,3.0,63.0,6.91,7.3,7.69,7.36,14.0,1.02,12.0,0.6,0.4,0.4,5.3,6.2,6.61,5.82,13.0,1.28,10.0,0.6,0.4,0.4,4.28,5.06,5.4,4.95,12.0,0.68,10.0,0.7,0.4,0.4,80.9,85.8,88.6,85.4,12.0,6.3,10.0,0.7,0.4,6.65,9.8,12.45,9.75,13.0,2.98,10.0,0.6,0.4,0.4,-12.37,-3.1,4.76,-3.14,13.0,8.48,10.0,0.6,0.4,0.4,-2.07,4.37,7.14,2.5,13.0,4.74,10.0,0.6,0.4,0.4,994.82,999.65,1018.85,1003.07,14.0,14.11,12.0,0.6,0.4,0.4,6.0,7.0,8.0,7.0,13.0,0.9,12.0,0.7,0.4,0.4,-154.2,-19.2,33.8,-44.2,13.0,101.3,10.0,0.6,0.4,0.4,-23.0,24.9,54.7,15.8,13.0,51.0,10.0,0.6,0.4,0.4,0.58,0.9,1.87,1.37,13.0,1.23,10.0,0.6,0.4,0.4,5.0,7.5,15.2,12.8,12.0,15.7,10.0,0.6,0.4,0.4,0.96,1.25,1.92,1.42,12.0,0.56,10.0,0.7,0.4,0.4,8.2,11.3,19.3,14.0,11.0,8.2,10.0,0.6,0.5,0.4,-68.3,-22.5,25.4,-20.9,12.0,47.0,10.0,0.6,0.4,0.4,-15.6,9.1,36.1,12.7,12.0,30.2,10.0,0.6,0.4,0.4,-58.9,-31.7,13.3,-25.1,11.0,35.3,10.0,0.6,0.5,0.4,-15.7,19.8,30.3,11.1,11.0,25.1,10.0,0.6,0.5,0.4,-18.7,-5.9,2.8,-8.8,11.0,12.4,10.0,0.6,0.5,0.4,-3.2,4.8,9.2,3.0,11.0,5.7,10.0,0.6,0.5,0.4,295.0,941.0,1939.5,1173.5,13.0,984.5,10.0,0.6,0.4,0.4,295.0,940.0,1940.0,1175.0,13.0,985.0,10.0,0.6,0.4,0.4
1974,2,3.0,64.0,6.48,6.8,7.2,6.79,7.0,0.46,8.0,0.6,0.2,0.3,4.62,5.5,5.86,5.26,7.0,1.22,8.0,0.6,0.2,0.3,4.65,4.8,5.54,4.99,6.0,0.51,8.0,0.7,0.2,0.3,82.4,85.7,94.0,87.6,6.0,6.0,8.0,0.7,0.3,9.15,13.9,16.57,12.74,7.0,4.11,8.0,0.6,0.2,0.3,-14.41,-13.06,1.76,-8.45,7.0,8.51,8.0,0.6,0.2,0.3,-8.27,-4.75,0.44,-3.23,7.0,6.19,8.0,0.6,0.2,0.3,999.71,1001.1,1005.71,1001.84,7.0,9.34,8.0,0.6,0.2,0.3,7.0,7.0,8.0,7.3,6.0,0.5,8.0,0.7,0.2,0.3,-239.1,-181.6,15.7,-136.5,7.0,127.2,8.0,0.6,0.2,0.3,-112.0,-66.1,4.1,-50.1,7.0,76.5,8.0,0.6,0.2,0.3,0.85,1.7,2.05,1.53,7.0,1.0,8.0,0.6,0.2,0.3,5.2,23.6,34.6,21.8,7.0,16.1,8.0,0.6,0.2,0.3,0.51,1.57,1.66,1.23,6.0,0.61,8.0,0.7,0.2,0.3,3.4,19.9,27.4,17.2,6.0,11.6,8.0,0.7,0.2,0.3,-74.6,-42.1,12.0,-38.8,7.0,42.5,8.0,0.6,0.2,0.3,-43.2,-26.1,3.1,-15.2,7.0,38.5,8.0,0.6,0.2,0.3,-69.2,-48.8,12.8,-34.1,6.0,42.7,8.0,0.7,0.2,0.3,-39.5,-25.1,-6.4,-16.5,6.0,34.9,8.0,0.7,0.2,0.3,-24.2,-15.9,1.0,-13.4,6.0,12.8,8.0,0.7,0.2,0.3,-13.5,-8.8,-1.1,-7.4,6.0,6.7,8.0,0.7,0.2,0.3,777.5,2685.5,4556.0,2605.5,7.0,2008.0,8.0,0.6,0.2,0.3,775.0,2685.0,4555.0,2605.0,7.0,2010.0,8.0,0.6,0.2,0.3
1974,2,3.0,65.0,6.7,6.7,6.7,6.7,3.0,0.0,18.0,0.0,0.1,0.9,1.26,1.4,1.67,1.47,3.0,0.31,18.0,0.0,0.1,0.9,3.23,3.23,3.23,3.23,3.0,0.0,18.0,0.0,0.1,0.9,76.6,78.1,78.9,77.7,3.0,1.7,18.0,0.0,0.9,5.86,6.2,6.2,6.03,3.0,0.29,18.0,0.0,0.1,0.9,5.05,5.7,5.79,5.43,3.0,0.59,18.0,0.0,0.1,0.9,-3.39,-2.12,-0.67,-2.04,3.0,1.99,18.0,0.0,0.1,0.9,1022.57,1024.0,1024.07,1023.33,3.0,1.24,18.0,0.0,0.1,0.9,5.0,7.0,7.0,6.0,3.0,1.7,18.0,0.0,0.1,0.9,30.4,32.5,35.0,32.7,3.0,3.3,18.0,0.0,0.1,0.9,-21.0,-13.1,-4.2,-12.6,3.0,12.4,18.0,0.0,0.1,0.9,5.03,5.3,5.44,5.23,3.0,0.31,18.0,0.0,0.1,0.9,30.7,31.4,32.4,31.5,3.0,1.2,18.0,0.0,0.1,0.9,2.78,2.78,2.78,2.78,3.0,0.0,18.0,0.0,0.1,0.9,16.3,17.2,17.3,16.8,3.0,0.8,18.0,0.0,0.1,0.9,7.3,8.2,8.4,7.8,3.0,0.9,18.0,0.0,0.1,0.9,-5.8,-3.0,-0.9,-3.4,3.0,3.6,18.0,0.0,0.1,0.9,16.3,18.4,18.7,17.5,3.0,1.9,18.0,0.0,0.1,0.9,-11.0,-6.8,-2.2,-6.6,3.0,6.5,18.0,0.0,0.1,0.9,14.1,15.8,16.1,15.1,3.0,1.6,18.0,0.0,0.1,0.9,-9.4,-5.9,-1.9,-5.7,3.0,5.6,18.0,0.0,0.1,0.9,202.0,238.5,238.5,220.5,3.0,30.5,18.0,0.0,0.1,0.9,200.0,240.0,240.0,220.0,3.0,30.0,18.0,0.0,0.1,0.9
1974,2,3.0,66.0,6.7,6.7,6.7,6.71,10.0,0.03,18.0,0.3,0.1,0.0,1.44,1.75,2.0,1.71,10.0,0.31,18.0,0.3,0.1,0.0,3.23,3.29,3.48,3.32,10.0,0.12,18.0,0.3,0.1,0.0,76.6,78.7,79.7,78.4,10.0,1.6,18.0,0.3,0.0,6.2,6.7,12.09,8.5,10.0,3.0,18.0,0.3,0.1,0.0,5.16,6.45,11.3,7.47,10.0,3.34,18.0,0.3,0.1,0.0,-4.76,-2.21,1.22,-1.7,10.0,3.6,18.0,0.3,0.1,0.0,1019.04,1021.5,1023.66,1021.37,10.0,2.31,18.0,0.3,0.1,0.0,7.0,7.0,8.0,7.0,10.0,1.2,18.0,0.3,0.1,0.0,30.8,43.2,136.8,71.9,10.0,55.3,18.0,0.3,0.1,0.0,-55.7,-14.3,15.0,-17.8,10.0,34.7,18.0,0.3,0.1,0.0,4.74,4.95,5.26,5.0,10.0,0.3,18.0,0.3,0.1,0.0,31.7,34.2,57.5,41.8,10.0,12.4,18.0,0.3,0.1,0.0,2.58,2.72,2.79,2.7,10.0,0.1,18.0,0.3,0.1,0.0,16.8,18.4,31.2,22.8,10.0,7.2,18.0,0.3,0.1,0.0,7.6,10.3,22.6,13.5,10.0,8.1,18.0,0.3,0.1,0.0,-9.5,-3.3,2.4,-3.4,10.0,6.4,18.0,0.3,0.1,0.0,16.9,21.1,39.4,25.1,10.0,12.0,18.0,0.3,0.1,0.0,-15.9,-7.1,4.3,-5.7,10.0,12.1,18.0,0.3,0.1,0.0,14.1,17.7,29.2,20.0,10.0,8.3,18.0,0.3,0.1,0.0,-12.8,-6.2,3.2,-4.5,10.0,9.6,18.0,0.3,0.1,0.0,238.5,301.0,1767.5,835.5,10.0,833.0,18.0,0.3,0.1,0.0,240.0,300.0,1770.0,835.0,10.0,835.0,18.0,0.3,0.1,0.0
1974,2,3.0,67.0,6.5,6.5,6.5,6.5,1.0,0.0,10.0,0.0,0.4,0.3,4.24,4.55,4.86,4.55,2.0,0.64,14.0,0.5,0.3,0.2,5.08,5.08,5.08,5.08,1.0,0.0,16.0,1.0,0.3,0.2,93.2,93.2,93.2,93.2,1.0,0.0,16.0,1.0,0.2,10.69,12.6,14.51,12.6,2.0,3.96,14.0,0.5,0.3,0.2,-5.13,0.39,5.92,0.39,2.0,11.45,14.0,0.5,0.3,0.2,6.24,9.12,12.0,9.12,2.0,5.97,14.0,0.5,0.3,0.2,988.08,994.5,1000.92,994.5,2.0,13.29,14.0,0.5,0.3,0.2,6.3,7.0,7.7,7.0,2.0,1.4,14.0,0.5,0.3,0.2,-86.6,-17.7,51.2,-17.7,2.0,142.7,14.0,0.5,0.3,0.2,73.0,126.7,180.4,126.7,2.0,111.3,14.0,0.5,0.3,0.2,,,,,,,,,,,,,,,,,,,,,,,,,,,,,,,,,,,,,,,,,-26.9,-1.9,23.2,-1.9,2.0,51.8,14.0,0.5,0.3,0.2,27.5,43.4,59.3,43.4,2.0,32.9,14.0,0.5,0.3,0.2,-39.1,-39.1,-39.1,-39.1,1.0,0.0,16.0,1.0,0.3,0.2,67.7,67.7,67.7,67.7,1.0,0.0,16.0,1.0,0.3,0.2,,,,,,,,,,,,,,,,,,,,,,,,,,,,,,,,,,,,,,,,
1974,2,3.0,68.0,,,,,,,,,,,,,,,,,,,,,,,,,,,,,,,,,,,,,,,,14.0,14.0,14.0,14.0,1.0,0.0,28.0,0.0,0.1,0.7,7.0,7.0,7.0,7.0,1.0,0.0,28.0,0.0,0.1,0.7,12.12,12.12,12.12,12.12,1.0,0.0,28.0,0.0,0.1,0.7,1011.9,1011.9,1011.9,1011.9,1.0,0.0,28.0,0.0,0.1,0.7,,,,,,,,,,,,,,,,,,,,,,,,,,,,,,,,,,,,,,,,,,,,,,,,,,,,,,,,,,,,,,,,,,,,,,,,,,,,,,,,,,,,,,,,,,,,,,,,,,,,,,,,,,,,,,,,,,,,,,,,,,,,,,,,,,,,,,,,,,,,,,,,,,,,,,
1974,2,3.0,71.0,,,,,,,,,,,,,,,,,,,,,,,,,,,,,,,,,,,,,,,,8.0,8.0,8.0,8.0,1.0,0.0,20.0,0.0,0.0,0.2,0.0,0.0,0.0,0.0,1.0,0.0,20.0,0.0,0.0,0.2,8.0,8.0,8.0,8.0,1.0,0.0,20.0,0.0,0.0,0.2,1014.9,1014.9,1014.9,1014.9,1.0,0.0,20.0,0.0,0.0,0.2,,,,,,,,,,,,,,,,,,,,,,,,,,,,,,,,,,,,,,,,,,,,,,,,,,,,,,,,,,,,,,,,,,,,,,,,,,,,,,,,,,,,,,,,,,,,,,,,,,,,,,,,,,,,,,,,,,,,,,,,,,,,,,,,,,,,,,,,,,,,,,,,,,,,,,
1974,2,4.0,-67.0,,,,,,,,,,,,,,,,,,,,,,,,,,,,,,,,,,,,,,,,15.4,15.4,15.4,15.4,1.0,0.0,26.0,0.0,0.3,0.3,-15.17,-15.17,-15.17,-15.17,1.0,0.0,26.0,0.0,0.3,0.3,-2.67,-2.67,-2.67,-2.67,1.0,0.0,26.0,0.0,0.3,0.3,972.2,972.2,972.2,972.2,1.0,0.0,26.0,0.0,0.3,0.3,,,,,,,,,,,,,,,,,,,,,,,,,,,,,,,,,,,,,,,,,,,,,,,,,,,,,,,,,,,,,,,,,,,,,,,,,,,,,,,,,,,,,,,,,,,,,,,,,,,,,,,,,,,,,,,,,,,,,,,,,,,,,,,,,,,,,,,,,,,,,,,,,,,,,,
1974,2,4.0,-36.0,18.6,18.6,18.6,18.6,1.0,0.0,14.0,1.0,0.8,0.7,19.0,19.0,19.0,19.0,1.0,0.0,14.0,1.0,0.8,0.7,9.2,9.2,9.2,9.2,1.0,0.0,14.0,1.0,0.8,0.7,68.2,68.2,68.2,68.2,1.0,0.0,14.0,1.0,0.7,2.6,2.6,2.6,2.6,1.0,0.0,14.0,1.0,0.8,0.7,-1.67,-1.67,-1.67,-1.67,1.0,0.0,14.0,1.0,0.8,0.7,-1.99,-1.99,-1.99,-1.99,1.0,0.0,14.0,1.0,0.8,0.7,1022.3,1022.3,1022.3,1022.3,1.0,0.0,14.0,1.0,0.8,0.7,1.0,1.0,1.0,1.0,1.0,0.0,14.0,1.0,0.8,0.7,-4.3,-4.3,-4.3,-4.3,1.0,0.0,14.0,1.0,0.8,0.7,-5.2,-5.2,-5.2,-5.2,1.0,0.0,14.0,1.0,0.8,0.7,-0.4,-0.4,-0.4,-0.4,1.0,0.0,14.0,1.0,0.8,0.7,-1.0,-1.0,-1.0,-1.0,1.0,0.0,14.0,1.0,0.8,0.7,4.0,4.0,4.0,4.0,1.0,0.0,14.0,1.0,0.8,0.7,10.4,10.4,10.4,10.4,1.0,0.0,14.0,1.0,0.8,0.7,-31.8,-31.8,-31.8,-31.8,1.0,0.0,14.0,1.0,0.8,0.7,-37.8,-37.8,-37.8,-37.8,1.0,0.0,14.0,1.0,0.8,0.7,-15.4,-15.4,-15.4,-15.4,1.0,0.0,14.0,1.0,0.8,0.7,-18.3,-18.3,-18.3,-18.3,1.0,0.0,14.0,1.0,0.8,0.7,-6.7,-6.7,-6.7,-6.7,1.0,0.0,14.0,1.0,0.8,0.7,-8.0,-8.0,-8.0,-8.0,1.0,0.0,14.0,1.0,0.8,0.7,17.5,17.5,17.5,17.5,1.0,0.0,14.0,1.0,0.8,0.7,20.0,20.0,20.0,20.0,1.0,0.0,14.0,1.0,0.8,0.7
1974,2,4.0,-35.0,21.2,21.2,21.2,21.2,1.0,0.0,24.0,1.0,0.5,0.5,20.2,20.2,20.2,20.2,1.0,0.0,24.0,1.0,0.5,0.5,11.23,11.23,11.23,11.23,1.0,0.0,24.0,1.0,0.5,0.5,76.8,76.8,76.8,76.8,1.0,0.0,24.0,1.0,0.5,3.6,3.6,3.6,3.6,1.0,0.0,24.0,1.0,0.5,0.5,-1.8,-1.8,-1.8,-1.8,1.0,0.0,24.0,1.0,0.5,0.5,-3.12,-3.12,-3.12,-3.12,1.0,0.0,24.0,1.0,0.5,0.5,1018.2,1018.2,1018.2,1018.2,1.0,0.0,24.0,1.0,0.5,0.5,1.0,1.0,1.0,1.0,1.0,0.0,24.0,1.0,0.5,0.5,-6.5,-6.5,-6.5,-6.5,1.0,0.0,24.0,1.0,0.5,0.5,-11.2,-11.2,-11.2,-11.2,1.0,0.0,24.0,1.0,0.5,0.5,1.0,1.0,1.0,1.0,1.0,0.0,24.0,1.0,0.5,0.5,3.6,3.6,3.6,3.6,1.0,0.0,24.0,1.0,0.5,0.5,4.36,4.36,4.36,4.36,1.0,0.0,24.0,1.0,0.5,0.5,15.7,15.7,15.7,15.7,1.0,0.0,24.0,1.0,0.5,0.5,-36.4,-36.4,-36.4,-36.4,1.0,0.0,24.0,1.0,0.5,0.5,-63.0,-63.0,-63.0,-63.0,1.0,0.0,24.0,1.0,0.5,0.5,-20.2,-20.2,-20.2,-20.2,1.0,0.0,24.0,1.0,0.5,0.5,-35.0,-35.0,-35.0,-35.0,1.0,0.0,24.0,1.0,0.5,0.5,-7.9,-7.9,-7.9,-7.9,1.0,0.0,24.0,1.0,0.5,0.5,-13.6,-13.6,-13.6,-13.6,1.0,0.0,24.0,1.0,0.5,0.5,46.5,46.5,46.5,46.5,1.0,0.0,24.0,1.0,0.5,0.5,45.0,45.0,45.0,45.0,1.0,0.0,24.0,1.0,0.5,0.5
1974,2,4.0,-33.0,20.9,21.75,22.6,21.75,2.0,1.77,16.0,0.5,0.2,0.5,18.63,20.0,21.37,20.0,2.0,2.83,16.0,0.5,0.2,0.5,8.53,9.34,10.15,9.34,2.0,1.68,16.0,0.5,0.2,0.5,64.5,64.5,64.5,64.5,2.0,0.0,16.0,0.5,0.5,5.59,6.65,7.71,6.65,2.0,2.19,16.0,0.5,0.2,0.5,-3.97,-3.69,-3.41,-3.69,2.0,0.58,16.0,0.5,0.2,0.5,-2.16,1.6,5.35,1.6,2.0,7.78,16.0,0.5,0.2,0.5,1018.45,1020.5,1022.55,1020.5,2.0,4.24,16.0,0.5,0.2,0.5,4.6,6.0,7.4,6.0,2.0,2.8,16.0,0.5,0.2,0.5,-30.9,-25.2,-19.4,-25.2,2.0,12.0,16.0,0.5,0.2,0.5,-7.5,19.2,45.8,19.2,2.0,55.3,16.0,0.5,0.2,0.5,-0.47,1.75,3.97,1.75,2.0,4.6,16.0,0.5,0.2,0.5,0.1,16.7,33.3,16.7,2.0,34.4,16.0,0.5,0.2,0.5,5.16,6.79,8.42,6.79,2.0,3.37,16.0,0.5,0.2,0.5,30.8,48.8,66.9,48.8,2.0,37.3,16.0,0.5,0.2,0.5,-73.5,-73.0,-72.4,-73.0,2.0,1.2,16.0,0.5,0.2,0.5,-52.0,20.9,93.9,20.9,2.0,151.2,16.0,0.5,0.2,0.5,-34.4,-34.0,-33.6,-34.0,2.0,0.8,16.0,0.5,0.2,0.5,-25.4,8.4,42.2,8.4,2.0,70.0,16.0,0.5,0.2,0.5,-33.9,-26.0,-18.1,-26.0,2.0,16.4,16.0,0.5,0.2,0.5,-4.1,24.0,52.1,24.0,2.0,58.2,16.0,0.5,0.2,0.5,199.0,342.0,485.0,342.0,2.0,296.0,16.0,0.5,0.2,0.5,200.0,340.0,485.0,340.0,2.0,295.0,16.0,0.5,0.2,0.5
1974,2,4.0,-32.0,21.92,21.95,21.98,21.95,2.0,0.07,16.0,0.5,0.4,0.4,20.4,21.25,22.1,21.25,2.0,1.77,16.0,0.5,0.4,0.4,10.14,11.35,12.56,11.35,2.0,2.51,16.0,0.5,0.4,0.4,68.4,72.4,76.3,72.4,2.0,8.1,16.0,0.5,0.4,7.2,7.2,7.2,7.2,1.0,0.0,14.0,0.0,0.5,0.5,-7.09,-7.09,-7.09,-7.09,1.0,0.0,14.0,0.0,0.5,0.5,1.25,1.25,1.25,1.25,1.0,0.0,14.0,0.0,0.5,0.5,1021.63,1021.7,1021.77,1021.7,2.0,0.14,16.0,0.5,0.4,0.4,3.0,5.0,7.0,5.0,2.0,4.2,16.0,0.5,0.4,0.4,-51.1,-51.1,-51.1,-51.1,1.0,0.0,14.0,0.0,0.5,0.5,9.0,9.0,9.0,9.0,1.0,0.0,14.0,0.0,0.5,0.5,-0.19,0.7,1.59,0.7,2.0,1.84,16.0,0.5,0.4,0.4,14.4,14.4,14.4,14.4,1.0,0.0,14.0,0.0,0.5,0.5,3.68,4.93,6.17,4.93,2.0,2.58,16.0,0.5,0.4,0.4,48.6,48.6,48.6,48.6,1.0,0.0,14.0,0.0,0.5,0.5,-141.8,-141.8,-141.8,-141.8,1.0,0.0,14.0,0.0,0.5,0.5,25.0,25.0,25.0,25.0,1.0,0.0,14.0,0.0,0.5,0.5,-67.9,-67.9,-67.9,-67.9,1.0,0.0,14.0,0.0,0.5,0.5,12.0,12.0,12.0,12.0,1.0,0.0,14.0,0.0,0.5,0.5,-47.9,-47.9,-47.9,-47.9,1.0,0.0,14.0,0.0,0.5,0.5,8.4,8.4,8.4,8.4,1.0,0.0,14.0,0.0,0.5,0.5,373.0,373.0,373.0,373.0,1.0,0.0,14.0,0.0,0.5,0.5,375.0,375.0,375.0,375.0,1.0,0.0,14.0,0.0,0.5,0.5
1974,2,4.0,-31.0,21.7,21.9,22.1,21.9,2.0,0.42,16.0,0.0,0.3,0.6,20.06,20.2,20.34,20.2,2.0,0.28,16.0,0.0,0.3,0.6,11.17,11.9,12.62,11.9,2.0,1.51,16.0,0.0,0.3,0.6,76.1,81.7,87.3,81.7,2.0,11.7,16.0,0.0,0.6,2.75,4.15,5.55,4.15,2.0,2.9,16.0,0.0,0.3,0.6,-4.73,-3.36,-1.99,-3.36,2.0,2.84,16.0,0.0,0.3,0.6,1.85,2.35,2.86,2.35,2.0,1.05,16.0,0.0,0.3,0.6,1021.38,1021.55,1021.72,1021.55,2.0,0.35,16.0,0.0,0.3,0.6,1.3,4.0,6.7,4.0,2.0,5.7,16.0,0.0,0.3,0.6,-28.5,-18.1,-7.7,-18.1,2.0,21.5,16.0,0.0,0.3,0.6,5.9,11.3,16.7,11.3,2.0,11.2,16.0,0.0,0.3,0.6,1.36,1.7,2.04,1.7,2.0,0.71,16.0,0.0,0.3,0.6,4.3,8.1,11.9,8.1,2.0,7.9,16.0,0.0,0.3,0.6,3.81,4.33,4.85,4.33,2.0,1.08,16.0,0.0,0.3,0.6,12.5,16.4,20.3,16.4,2.0,8.1,16.0,0.0,0.3,0.6,-94.7,-67.5,-40.2,-67.5,2.0,56.5,16.0,0.0,0.3,0.6,37.4,47.4,57.4,47.4,2.0,20.6,16.0,0.0,0.3,0.6,-60.9,-42.1,-23.3,-42.1,2.0,38.9,16.0,0.0,0.3,0.6,21.0,28.8,36.6,28.8,2.0,16.1,16.0,0.0,0.3,0.6,-17.2,-13.0,-8.8,-13.0,2.0,8.7,16.0,0.0,0.3,0.6,8.7,9.6,10.6,9.6,2.0,2.0,16.0,0.0,0.3,0.6,45.5,124.0,202.0,124.0,2.0,162.0,16.0,0.0,0.3,0.6,45.0,125.0,200.0,125.0,2.0,160.0,16.0,0.0,0.3,0.6
1974,2,4.0,-30.0,21.1,21.1,21.1,21.1,1.0,0.0,24.0,1.0,0.9,1.0,22.2,22.2,22.2,22.2,1.0,0.0,24.0,1.0,0.9,1.0,9.48,9.48,9.48,9.48,1.0,0.0,24.0,1.0,0.9,1.0,57.4,57.4,57.4,57.4,1.0,0.0,24.0,1.0,1.0,7.2,7.2,7.2,7.2,1.0,0.0,24.0,1.0,0.9,1.0,-7.09,-7.09,-7.09,-7.09,1.0,0.0,24.0,1.0,0.9,1.0,1.25,1.25,1.25,1.25,1.0,0.0,24.0,1.0,0.9,1.0,1017.9,1017.9,1017.9,1017.9,1.0,0.0,24.0,1.0,0.9,1.0,6.0,6.0,6.0,6.0,1.0,0.0,24.0,1.0,0.9,1.0,-51.1,-51.1,-51.1,-51.1,1.0,0.0,24.0,1.0,0.9,1.0,9.0,9.0,9.0,9.0,1.0,0.0,24.0,1.0,0.9,1.0,-1.1,-1.1,-1.1,-1.1,1.0,0.0,24.0,1.0,0.9,1.0,-7.9,-7.9,-7.9,-7.9,1.0,0.0,24.0,1.0,0.9,1.0,6.01,6.01,6.01,6.01,1.0,0.0,24.0,1.0,0.9,1.0,43.3,43.3,43.3,43.3,1.0,0.0,24.0,1.0,0.9,1.0,-157.4,-157.4,-157.4,-157.4,1.0,0.0,24.0,1.0,0.9,1.0,27.8,27.8,27.8,27.8,1.0,0.0,24.0,1.0,0.9,1.0,-67.3,-67.3,-67.3,-67.3,1.0,0.0,24.0,1.0,0.9,1.0,11.9,11.9,11.9,11.9,1.0,0.0,24.0,1.0,0.9,1.0,-42.6,-42.6,-42.6,-42.6,1.0,0.0,24.0,1.0,0.9,1.0,7.5,7.5,7.5,7.5,1.0,0.0,24.0,1.0,0.9,1.0,373.0,373.0,373.0,373.0,1.0,0.0,24.0,1.0,0.9,1.0,375.0,375.0,375.0,375.0,1.0,0.0,24.0,1.0,0.9,1.0
1974,2,4.0,-29.0,20.24,20.75,21.26,20.75,2.0,1.06,18.0,0.5,0.6,0.4,21.06,21.2,22.22,21.63,3.0,0.93,22.0,0.3,0.6,0.5,12.18,12.84,14.8,13.47,3.0,2.0,22.0,0.3,0.6,0.5,78.5,83.0,89.0,83.7,3.0,7.7,22.0,0.3,0.5,3.42,4.1,6.56,4.97,3.0,2.42,22.0,0.3,0.6,0.5,-5.48,-2.91,0.03,-2.73,3.0,4.04,22.0,0.3,0.6,0.5,1.95,3.85,3.85,2.92,3.0,1.61,22.0,0.3,0.6,0.5,1013.46,1016.6,1019.06,1016.27,3.0,4.11,22.0,0.3,0.6,0.5,2.6,4.0,6.7,4.7,3.0,3.1,22.0,0.3,0.6,0.5,-37.9,-9.0,1.1,-18.2,3.0,29.6,22.0,0.3,0.6,0.5,7.3,15.8,25.2,16.2,3.0,13.2,22.0,0.3,0.6,0.5,-0.93,-0.35,0.23,-0.35,2.0,1.2,18.0,0.5,0.6,0.4,-7.5,-3.8,-0.2,-3.8,2.0,7.6,18.0,0.5,0.6,0.4,2.66,2.86,3.06,2.86,2.0,0.41,18.0,0.5,0.6,0.4,11.3,14.8,18.2,14.8,2.0,7.1,18.0,0.5,0.6,0.4,-115.9,-61.2,2.3,-56.9,3.0,86.7,22.0,0.3,0.6,0.5,41.1,81.6,85.6,63.8,3.0,36.1,22.0,0.3,0.6,0.5,-65.9,-37.4,3.2,-31.5,3.0,50.9,22.0,0.3,0.6,0.5,23.8,45.7,55.8,39.9,3.0,24.0,22.0,0.3,0.6,0.5,-15.9,-13.2,-10.4,-13.2,2.0,5.6,18.0,0.5,0.6,0.4,4.4,6.6,8.9,6.6,2.0,4.6,18.0,0.5,0.6,0.4,42.0,69.0,333.5,185.0,3.0,236.0,22.0,0.3,0.6,0.5,40.0,70.0,335.0,185.0,3.0,235.0,22.0,0.3,0.6,0.5
1974,2,4.0,-28.0,21.03,21.2,21.67,21.32,5.0,0.37,18.0,1.0,0.3,0.6,19.96,21.7,22.73,21.4,5.0,2.0,18.0,1.0,0.3,0.6,12.71,12.91,13.71,13.2,4.0,0.79,20.0,1.0,0.3,0.6,74.8,82.0,85.2,80.1,4.0,7.8,20.0,1.0,0.6,4.6,5.7,7.25,5.96,5.0,1.53,18.0,1.0,0.3,0.6,-4.54,-2.3,0.67,-1.73,5.0,3.67,18.0,1.0,0.3,0.6,2.38,3.98,6.21,4.32,5.0,2.48,18.0,1.0,0.3,0.6,1013.92,1016.6,1017.84,1016.0,5.0,2.04,18.0,1.0,0.3,0.6,4.2,7.0,7.4,5.8,5.0,2.8,18.0,1.0,0.3,0.6,-28.4,-11.7,0.5,-11.9,5.0,19.8,18.0,1.0,0.3,0.6,13.0,18.3,46.0,28.5,5.0,23.3,18.0,1.0,0.3,0.6,-1.57,-0.2,1.49,-0.08,5.0,2.06,18.0,1.0,0.3,0.6,-8.3,-0.9,11.0,1.4,5.0,13.3,18.0,1.0,0.3,0.6,2.09,2.53,3.09,2.59,4.0,0.64,20.0,1.0,0.3,0.6,10.6,14.0,17.5,14.0,4.0,4.5,20.0,1.0,0.3,0.6,-96.8,-55.2,18.0,-36.5,5.0,79.7,18.0,1.0,0.3,0.6,50.3,95.6,125.3,90.1,5.0,44.8,18.0,1.0,0.3,0.6,-59.3,-42.7,18.5,-21.4,4.0,57.4,20.0,1.0,0.3,0.6,28.9,43.5,59.3,44.1,4.0,19.1,20.0,1.0,0.3,0.6,-13.5,-8.1,1.3,-6.2,4.0,10.5,20.0,1.0,0.3,0.6,6.2,10.3,11.4,8.9,4.0,4.0,20.0,1.0,0.3,0.6,97.5,185.0,392.5,246.5,5.0,190.0,18.0,1.0,0.3,0.6,95.0,185.0,390.0,245.0,5.0,190.0,18.0,1.0,0.3,0.6
1974,2,4.0,-27.0,20.85,21.1,21.87,21.3,5.0,0.58,12.0,0.8,0.4,0.6,19.82,21.7,23.78,21.94,5.0,2.58,12.0,0.8,0.4,0.6,11.58,13.37,13.58,12.67,5.0,1.37,12.0,0.8,0.4,0.6,69.5,72.4,89.5,78.2,5.0,12.3,12.0,0.8,0.6,5.12,8.2,9.67,7.52,5.0,2.57,12.0,0.8,0.4,0.6,-6.8,-5.27,-1.99,-4.16,5.0,4.18,12.0,0.8,0.4,0.6,2.77,5.98,6.87,5.13,5.0,2.3,12.0,0.8,0.4,0.6,1015.74,1017.8,1018.07,1017.06,5.0,1.32,12.0,0.8,0.4,0.6,5.5,7.0,8.0,6.6,5.0,2.1,12.0,0.8,0.4,0.6,-67.0,-43.2,-13.2,-38.6,5.0,33.2,12.0,0.8,0.4,0.6,14.3,51.5,65.0,43.1,5.0,29.4,12.0,0.8,0.4,0.6,-1.91,-0.6,0.93,-0.64,5.0,2.09,12.0,0.8,0.4,0.6,-15.9,-4.0,5.8,-6.2,5.0,15.8,12.0,0.8,0.4,0.6,1.92,2.96,4.2,3.05,5.0,1.24,12.0,0.8,0.4,0.6,13.9,22.7,30.9,23.0,5.0,12.5,12.0,0.8,0.4,0.6,-142.9,-137.0,-48.1,-94.6,5.0,88.1,12.0,0.8,0.4,0.6,59.5,119.6,166.2,113.9,5.0,55.1,12.0,0.8,0.4,0.6,-80.8,-70.8,-23.0,-51.1,5.0,53.2,12.0,0.8,0.4,0.6,35.1,62.5,93.4,65.2,5.0,32.1,12.0,0.8,0.4,0.6,-24.4,-15.6,-4.5,-14.4,5.0,14.2,12.0,0.8,0.4,0.6,9.2,13.0,21.8,15.1,5.0,8.3,12.0,0.8,0.4,0.6,142.5,551.5,909.5,540.5,5.0,425.0,12.0,0.8,0.4,0.6,145.0,550.0,910.0,540.0,5.0,425.0,12.0,0.8,0.4,0.6
1974,2,4.0,-26.0,21.44,22.4,23.01,22.23,3.0,1.16,16.0,1.0,0.5,0.5,20.95,21.7,22.72,21.83,3.0,1.31,16.0,1.0,0.5,0.5,12.54,13.03,13.08,12.81,3.0,0.44,16.0,1.0,0.5,0.5,76.5,81.0,81.6,79.1,3.0,4.1,16.0,1.0,0.5,3.72,7.2,9.66,6.7,3.0,4.37,16.0,1.0,0.5,0.5,-7.79,-6.77,-3.56,-5.7,3.0,3.24,16.0,1.0,0.5,0.5,1.03,2.46,5.52,3.26,3.0,3.36,16.0,1.0,0.5,0.5,1015.9,1016.1,1016.58,1016.23,3.0,0.51,16.0,1.0,0.5,0.5,2.6,4.0,6.0,4.3,3.0,2.5,16.0,1.0,0.5,0.5,-76.5,-48.7,-18.4,-47.5,3.0,42.5,16.0,1.0,0.5,0.5,6.2,17.7,56.8,31.2,3.0,38.9,16.0,1.0,0.5,0.5,-0.42,0.4,1.22,0.4,3.0,1.2,16.0,1.0,0.5,0.5,-2.9,3.4,4.0,0.6,3.0,5.6,16.0,1.0,0.5,0.5,3.31,3.71,4.42,3.86,3.0,0.82,16.0,1.0,0.5,0.5,15.3,26.7,31.5,23.5,3.0,12.2,16.0,1.0,0.5,0.5,-166.2,-157.0,-80.5,-124.1,3.0,68.9,16.0,1.0,0.5,0.5,23.5,57.1,115.8,69.4,3.0,68.4,16.0,1.0,0.5,0.5,-97.6,-88.6,-46.5,-72.5,3.0,40.0,16.0,1.0,0.5,0.5,13.5,32.3,68.6,40.8,3.0,41.0,16.0,1.0,0.5,0.5,-25.6,-25.1,-14.7,-20.3,3.0,9.1,16.0,1.0,0.5,0.5,4.1,9.1,17.7,10.9,3.0,10.1,16.0,1.0,0.5,0.5,125.0,373.0,978.5,547.5,3.0,643.0,16.0,1.0,0.5,0.5,125.0,375.0,980.0,545.0,3.0,645.0,16.0,1.0,0.5,0.5
1974,2,4.0,-25.0,21.71,22.2,22.68,21.96,8.0,1.15,18.0,0.6,0.3,0.4,21.51,22.15,23.3,22.35,8.0,1.13,18.0,0.6,0.3,0.4,10.94,12.32,12.86,12.19,8.0,1.28,18.0,0.6,0.3,0.4,65.1,76.6,81.4,73.1,8.0,9.3,18.0,0.6,0.4,5.08,6.7,11.02,8.07,7.0,3.82,16.0,0.6,0.3,0.4,-8.44,-4.75,-2.0,-4.66,7.0,4.93,16.0,0.6,0.3,0.4,3.26,4.95,7.08,5.47,7.0,2.45,16.0,0.6,0.3,0.4,1013.91,1014.85,1015.77,1015.23,8.0,1.71,18.0,0.6,0.3,0.4,2.9,7.0,8.0,5.9,7.0,2.7,18.0,0.7,0.2,0.4,-93.8,-29.4,-13.7,-51.1,7.0,66.5,16.0,0.6,0.3,0.4,16.6,38.1,78.7,51.8,7.0,48.9,16.0,0.6,0.3,0.4,-1.58,-0.3,0.84,-0.39,8.0,1.15,18.0,0.6,0.3,0.4,-11.2,-3.7,7.0,-1.7,7.0,9.7,16.0,0.6,0.3,0.4,2.07,4.65,5.48,4.23,8.0,1.81,18.0,0.6,0.3,0.4,10.3,30.0,45.4,33.3,7.0,22.5,16.0,0.6,0.3,0.4,-182.7,-116.4,-42.5,-102.7,7.0,110.5,16.0,0.6,0.3,0.4,76.2,103.9,153.3,121.6,7.0,52.8,16.0,0.6,0.3,0.4,-103.0,-50.2,-24.5,-55.4,7.0,65.0,16.0,0.6,0.3,0.4,41.6,62.6,86.5,67.9,7.0,32.5,16.0,0.6,0.3,0.4,-34.8,-18.4,-7.2,-21.6,7.0,20.9,16.0,0.6,0.3,0.4,6.6,26.3,29.2,22.6,7.0,14.7,16.0,0.6,0.3,0.4,131.0,301.0,1374.0,877.0,7.0,1286.5,16.0,0.6,0.3,0.4,130.0,300.0,1375.0,875.0,7.0,1285.0,16.0,0.6,0.3,0.4
1974,2,4.0,-24.0,20.32,21.25,21.66,21.0,4.0,0.93,20.0,0.8,0.5,0.3,21.74,24.0,25.56,23.72,5.0,2.04,18.0,0.8,0.5,0.3,11.4,13.34,14.63,13.03,4.0,2.34,20.0,0.8,0.5,0.3,64.1,75.6,83.4,73.8,4.0,11.5,20.0,0.8,0.3,4.42,6.2,7.88,6.16,5.0,1.82,18.0,0.8,0.5,0.3,-6.83,-3.52,-1.28,-3.77,5.0,3.33,18.0,0.8,0.5,0.3,3.07,3.85,4.83,4.03,5.0,1.25,18.0,0.8,0.5,0.3,1014.31,1015.2,1015.74,1015.02,5.0,1.22,18.0,0.8,0.5,0.3,6.0,7.5,8.0,7.0,4.0,1.4,20.0,1.0,0.6,0.4,-53.9,-16.2,-4.4,-26.0,5.0,27.7,18.0,0.8,0.5,0.3,13.3,29.6,35.2,25.5,5.0,11.6,18.0,0.8,0.5,0.3,-3.02,-2.05,-1.29,-2.15,4.0,1.09,20.0,0.8,0.5,0.3,-15.0,-13.3,-8.3,-11.7,4.0,4.9,20.0,0.8,0.5,0.3,0.78,1.9,4.15,2.44,4.0,2.28,20.0,0.8,0.5,0.3,5.7,10.0,18.5,12.0,4.0,9.8,20.0,0.8,0.5,0.3,-157.6,-77.5,-32.9,-89.0,5.0,80.3,18.0,0.8,0.5,0.3,74.2,82.0,121.2,95.9,5.0,32.0,18.0,0.8,0.5,0.3,-62.7,-35.4,-7.9,-35.3,4.0,42.3,20.0,0.8,0.5,0.3,35.7,46.5,73.6,54.3,4.0,28.4,20.0,0.8,0.5,0.3,-14.1,-7.4,-3.0,-8.5,4.0,8.3,20.0,0.8,0.5,0.3,3.5,6.4,12.5,7.9,4.0,6.2,20.0,0.8,0.5,0.3,87.0,238.5,491.0,282.5,5.0,214.5,18.0,0.8,0.5,0.3,85.0,240.0,490.0,280.0,5.0,215.0,18.0,0.8,0.5,0.3
1974,2,4.0,-23.0,,,,,,,,,,,,,,,,,,,,,,,,,,,,,,,,,,,,,,,,5.1,5.1,5.1,5.1,1.0,0.0,10.0,1.0,0.1,0.4,-3.91,-3.91,-3.91,-3.91,1.0,0.0,10.0,1.0,0.1,0.4,3.28,3.28,3.28,3.28,1.0,0.0,10.0,1.0,0.1,0.4,1011.3,1011.3,1011.3,1011.3,1.0,0.0,10.0,1.0,0.1,0.4,5.0,5.0,5.0,5.0,1.0,0.0,10.0,1.0,0.1,0.4,-19.9,-19.9,-19.9,-19.9,1.0,0.0,10.0,1.0,0.1,0.4,16.7,16.7,16.7,16.7,1.0,0.0,10.0,1.0,0.1,0.4,,,,,,,,,,,,,,,,,,,,,,,,,,,,,,,,,,,,,,,,,-89.9,-89.9,-89.9,-89.9,1.0,0.0,10.0,1.0,0.1,0.4,75.4,75.4,75.4,75.4,1.0,0.0,10.0,1.0,0.1,0.4,-57.6,-57.6,-57.6,-57.6,1.0,0.0,10.0,1.0,0.1,0.4,48.4,48.4,48.4,48.4,1.0,0.0,10.0,1.0,0.1,0.4,,,,,,,,,,,,,,,,,,,,,,,,,,,,,,,,,,,,,,,,
1974,2,4.0,-22.0,23.1,23.1,23.1,23.1,1.0,0.0,10.0,1.0,0.1,0.6,25.0,25.0,25.0,25.0,1.0,0.0,10.0,1.0,0.1,0.6,14.88,14.88,14.88,14.88,1.0,0.0,10.0,1.0,0.1,0.6,75.6,75.6,75.6,75.6,1.0,0.0,10.0,1.0,0.6,4.1,4.1,4.1,4.1,1.0,0.0,10.0,1.0,0.1,0.6,-3.55,-3.55,-3.55,-3.55,1.0,0.0,10.0,1.0,0.1,0.6,2.05,2.05,2.05,2.05,1.0,0.0,10.0,1.0,0.1,0.6,1014.8,1014.8,1014.8,1014.8,1.0,0.0,10.0,1.0,0.1,0.6,4.0,4.0,4.0,4.0,1.0,0.0,10.0,1.0,0.1,0.6,-14.6,-14.6,-14.6,-14.6,1.0,0.0,10.0,1.0,0.1,0.6,8.4,8.4,8.4,8.4,1.0,0.0,10.0,1.0,0.1,0.6,-1.9,-1.9,-1.9,-1.9,1.0,0.0,10.0,1.0,0.1,0.6,-7.8,-7.8,-7.8,-7.8,1.0,0.0,10.0,1.0,0.1,0.6,2.7,2.7,2.7,2.7,1.0,0.0,10.0,1.0,0.1,0.6,11.1,11.1,11.1,11.1,1.0,0.0,10.0,1.0,0.1,0.6,-88.8,-88.8,-88.8,-88.8,1.0,0.0,10.0,1.0,0.1,0.6,51.3,51.3,51.3,51.3,1.0,0.0,10.0,1.0,0.1,0.6,-52.9,-52.9,-52.9,-52.9,1.0,0.0,10.0,1.0,0.1,0.6,30.5,30.5,30.5,30.5,1.0,0.0,10.0,1.0,0.1,0.6,-9.6,-9.6,-9.6,-9.6,1.0,0.0,10.0,1.0,0.1,0.6,5.5,5.5,5.5,5.5,1.0,0.0,10.0,1.0,0.1,0.6,69.0,69.0,69.0,69.0,1.0,0.0,10.0,1.0,0.1,0.6,70.0,70.0,70.0,70.0,1.0,0.0,10.0,1.0,0.1,0.6
1974,2,4.0,-21.0,21.71,23.15,24.21,23.03,6.0,1.43,10.0,0.5,0.4,0.7,21.56,22.85,25.07,23.25,8.0,1.83,14.0,0.5,0.4,0.8,10.96,11.88,12.36,11.63,5.0,1.18,6.0,0.8,0.3,0.8,62.7,73.7,79.3,72.7,6.0,12.0,10.0,0.7,0.7,1.48,4.1,4.92,4.3,7.0,3.41,10.0,0.6,0.4,0.7,-3.7,-1.57,-0.49,-2.21,7.0,2.52,10.0,0.6,0.4,0.7,1.38,2.96,4.53,3.5,7.0,2.62,10.0,0.6,0.4,0.7,1012.94,1014.0,1015.25,1014.01,7.0,1.48,12.0,0.6,0.4,0.8,6.0,8.0,8.0,7.1,7.0,1.2,10.0,0.6,0.4,0.7,-19.4,-5.8,-0.6,-16.1,7.0,29.6,10.0,0.6,0.4,0.7,2.0,13.6,23.6,22.6,7.0,34.0,10.0,0.6,0.4,0.7,-1.84,0.35,2.05,0.23,6.0,2.04,10.0,0.5,0.4,0.7,-7.3,2.6,5.1,0.3,6.0,6.4,10.0,0.5,0.4,0.7,4.91,5.73,6.99,5.94,4.0,1.56,6.0,0.8,0.2,0.8,15.6,21.3,25.0,20.4,4.0,6.3,6.0,0.8,0.2,0.8,-80.1,-35.7,-10.7,-51.0,7.0,57.3,10.0,0.6,0.4,0.7,30.5,63.6,102.9,79.8,7.0,59.6,10.0,0.6,0.4,0.7,-25.2,-8.2,-3.8,-14.4,5.0,16.7,6.0,0.8,0.3,0.8,14.1,35.8,44.3,30.5,5.0,16.7,6.0,0.8,0.3,0.8,-12.2,-6.6,-2.0,-7.1,4.0,6.5,6.0,0.8,0.2,0.8,11.9,17.8,24.2,18.0,4.0,7.1,6.0,0.8,0.2,0.8,3.5,69.0,161.5,248.5,7.0,528.5,10.0,0.6,0.4,0.7,5.0,70.0,160.0,250.0,7.0,530.0,10.0,0.6,0.4,0.7
1974,2,4.0,-20.0,22.0,23.0,24.0,22.84,22.0,1.34,12.0,0.5,0.5,0.7,21.93,22.95,24.21,23.13,24.0,1.19,12.0,0.5,0.5,0.7,12.33,12.96,14.41,13.32,12.0,1.3,8.0,0.6,0.5,0.7,70.1,75.8,85.2,77.3,12.0,8.2,8.0,0.6,0.7,3.86,5.5,8.2,5.88,24.0,2.4,12.0,0.5,0.5,0.7,-4.32,-3.37,-1.39,-3.06,24.0,1.81,12.0,0.5,0.5,0.7,2.91,4.46,6.97,4.78,24.0,2.22,12.0,0.5,0.5,0.7,1011.1,1012.3,1014.49,1012.74,24.0,1.6,12.0,0.5,0.5,0.7,3.3,7.0,8.0,5.9,22.0,2.4,12.0,0.6,0.5,0.7,-35.1,-17.3,-5.2,-21.0,24.0,15.8,12.0,0.5,0.5,0.7,11.6,24.6,59.6,33.0,24.0,28.9,12.0,0.5,0.5,0.7,-2.0,-0.25,1.93,-0.32,22.0,1.92,12.0,0.5,0.5,0.7,-9.3,-2.0,7.5,-3.3,22.0,13.9,12.0,0.5,0.5,0.7,3.34,4.02,5.19,4.14,11.0,1.58,8.0,0.5,0.5,0.7,15.6,22.7,32.4,24.5,11.0,11.6,8.0,0.5,0.5,0.7,-97.2,-81.5,-32.9,-70.7,24.0,40.6,12.0,0.5,0.5,0.7,68.9,106.5,159.3,110.5,24.0,51.3,12.0,0.5,0.5,0.7,-58.0,-51.8,-19.5,-45.9,12.0,18.7,8.0,0.6,0.5,0.7,36.6,64.3,92.1,65.6,12.0,26.1,8.0,0.6,0.5,0.7,-21.8,-14.2,-5.2,-13.8,11.0,7.7,8.0,0.5,0.5,0.7,11.4,17.5,26.5,19.4,11.0,10.5,8.0,0.5,0.5,0.7,58.0,170.5,551.5,306.0,24.0,372.0,12.0,0.5,0.5,0.7,60.0,170.0,550.0,305.0,24.0,370.0,12.0,0.5,0.5,0.7
1974,2,4.0,-19.0,22.44,23.0,24.0,23.18,92.0,0.89,14.0,0.7,0.6,0.6,22.0,22.8,24.38,23.02,93.0,1.28,14.0,0.7,0.6,0.6,12.14,13.82,15.07,13.79,72.0,1.4,14.0,0.6,0.6,0.6,71.9,80.1,87.1,79.5,73.0,8.0,14.0,0.6,0.6,4.0,5.1,7.7,5.61,96.0,1.97,14.0,0.7,0.6,0.6,-5.13,-2.8,-1.06,-2.88,96.0,2.06,14.0,0.7,0.6,0.6,3.01,4.42,6.23,4.5,96.0,1.59,14.0,0.7,0.6,0.6,1010.87,1012.4,1014.02,1012.43,95.0,1.71,14.0,0.7,0.6,0.6,5.0,8.0,8.0,6.8,95.0,1.7,14.0,0.7,0.6,0.6,-38.1,-13.6,-3.4,-19.1,96.0,18.4,14.0,0.7,0.6,0.6,13.7,24.0,45.4,27.9,96.0,17.9,14.0,0.7,0.6,0.6,-0.8,0.2,1.0,0.12,88.0,1.22,14.0,0.7,0.6,0.6,-5.1,1.0,6.4,0.3,87.0,8.5,14.0,0.7,0.6,0.6,2.35,3.61,5.41,3.88,70.0,1.5,14.0,0.6,0.6,0.6,10.6,20.2,30.8,21.2,69.0,10.9,14.0,0.6,0.6,0.6,-118.4,-63.9,-26.0,-67.1,92.0,47.9,14.0,0.7,0.6,0.6,70.3,100.7,147.8,104.4,92.0,39.3,14.0,0.7,0.6,0.6,-61.9,-36.8,-15.1,-38.6,71.0,27.1,14.0,0.6,0.6,0.6,40.2,57.6,83.0,59.1,71.0,21.3,14.0,0.6,0.6,0.6,-19.0,-9.0,-2.6,-11.2,69.0,9.5,14.0,0.6,0.6,0.6,9.0,15.1,24.7,16.8,69.0,8.6,14.0,0.6,0.6,0.6,64.0,132.5,456.5,242.5,96.0,240.0,14.0,0.7,0.6,0.6,65.0,135.0,455.0,245.0,96.0,240.0,14.0,0.7,0.6,0.6
1974,2,4.0,-18.0,22.8,23.65,24.5,23.68,68.0,0.99,14.0,0.7,0.3,0.5,22.5,23.2,24.52,23.39,69.0,1.18,14.0,0.7,0.3,0.5,12.4,13.86,15.0,13.76,61.0,1.25,14.0,0.7,0.3,0.5,68.9,77.4,85.4,77.3,62.0,7.9,16.0,0.7,0.5,4.1,5.1,7.7,5.82,70.0,1.8,14.0,0.7,0.3,0.5,-4.63,-3.1,-1.34,-3.1,70.0,1.75,14.0,0.7,0.3,0.5,2.96,4.42,6.31,4.66,70.0,1.66,14.0,0.7,0.3,0.5,1010.69,1012.2,1014.0,1012.31,70.0,1.77,14.0,0.7,0.3,0.5,5.0,8.0,8.0,6.7,71.0,2.1,16.0,0.7,0.3,0.5,-33.3,-16.2,-6.2,-20.1,70.0,16.6,14.0,0.7,0.3,0.5,13.6,21.7,48.9,29.6,70.0,19.2,14.0,0.7,0.3,0.5,-1.0,0.5,1.35,0.3,67.0,1.32,14.0,0.7,0.3,0.5,-4.4,2.6,7.6,2.1,66.0,8.4,14.0,0.7,0.3,0.5,3.21,4.31,6.03,4.51,61.0,1.4,14.0,0.7,0.3,0.5,14.8,25.7,31.6,26.1,60.0,12.0,14.0,0.7,0.3,0.5,-104.6,-72.9,-33.0,-72.8,68.0,41.2,14.0,0.7,0.3,0.5,69.9,98.4,148.9,108.1,68.0,38.4,14.0,0.7,0.3,0.5,-65.6,-41.4,-17.4,-41.5,60.0,24.5,14.0,0.7,0.3,0.5,40.6,63.1,81.3,63.0,60.0,21.5,14.0,0.7,0.3,0.5,-20.6,-13.6,-4.5,-13.7,60.0,9.6,14.0,0.7,0.3,0.5,11.6,20.3,29.8,20.9,60.0,10.3,14.0,0.7,0.3,0.5,69.0,132.5,456.5,256.5,70.0,250.0,14.0,0.7,0.3,0.5,70.0,135.0,455.0,255.0,70.0,250.0,14.0,0.7,0.3,0.5
1974,2,4.0,-17.0,23.0,23.9,24.73,23.74,13.0,1.43,12.0,0.8,0.2,0.4,22.45,23.15,24.38,23.48,12.0,1.36,12.0,0.8,0.2,0.4,13.63,14.16,15.05,14.27,12.0,0.83,12.0,0.8,0.2,0.4,75.0,79.2,85.2,79.4,12.0,6.7,12.0,0.8,0.4,4.1,5.1,6.7,5.56,13.0,1.63,12.0,0.8,0.2,0.4,-4.31,-3.21,-2.01,-3.1,13.0,1.22,12.0,0.8,0.2,0.4,3.51,4.31,5.2,4.51,13.0,1.49,12.0,0.8,0.2,0.4,1010.65,1011.55,1012.58,1011.63,12.0,1.69,12.0,0.8,0.2,0.4,4.8,8.0,8.0,6.8,13.0,1.9,12.0,0.8,0.2,0.4,-28.9,-16.7,-8.0,-18.5,13.0,10.4,12.0,0.8,0.2,0.4,14.4,20.8,34.8,27.1,13.0,16.6,12.0,0.8,0.2,0.4,-0.41,0.5,1.55,0.57,12.0,1.37,12.0,0.8,0.2,0.4,-1.7,2.9,6.3,2.6,12.0,5.8,12.0,0.8,0.2,0.4,3.56,4.42,5.61,4.44,12.0,1.26,12.0,0.8,0.2,0.4,17.5,25.6,28.5,23.2,12.0,7.1,12.0,0.8,0.2,0.4,-101.8,-75.5,-46.3,-73.1,12.0,30.1,12.0,0.8,0.2,0.4,82.7,101.9,121.3,98.9,12.0,24.7,12.0,0.8,0.2,0.4,-65.0,-45.1,-28.0,-44.5,12.0,18.5,12.0,0.8,0.2,0.4,49.8,57.2,77.3,60.0,12.0,15.5,12.0,0.8,0.2,0.4,-18.3,-15.0,-6.3,-13.7,12.0,6.0,12.0,0.8,0.2,0.4,13.4,20.1,22.4,18.4,12.0,5.5,12.0,0.8,0.2,0.4,69.0,132.5,301.0,213.0,13.0,172.5,12.0,0.8,0.2,0.4,70.0,135.0,300.0,215.0,13.0,175.0,12.0,0.8,0.2,0.4
1974,2,4.0,-16.0,25.32,25.35,25.38,25.35,2.0,0.07,8.0,1.0,0.3,0.5,24.49,25.1,25.71,25.1,2.0,1.27,8.0,1.0,0.3,0.5,13.69,14.2,14.72,14.2,2.0,1.07,8.0,1.0,0.3,0.5,71.3,71.3,71.4,71.3,2.0,0.1,8.0,1.0,0.5,4.6,4.6,4.6,4.6,2.0,0.0,8.0,1.0,0.3,0.5,-2.96,-2.96,-2.96,-2.96,2.0,0.0,8.0,1.0,0.3,0.5,3.52,3.52,3.52,3.52,2.0,0.0,8.0,1.0,0.3,0.5,1009.53,1009.6,1009.67,1009.6,2.0,0.14,8.0,1.0,0.3,0.5,7.0,7.0,7.0,7.0,2.0,0.0,8.0,1.0,0.3,0.5,-13.6,-13.6,-13.6,-13.6,2.0,0.0,8.0,1.0,0.3,0.5,16.2,16.2,16.2,16.2,2.0,0.0,8.0,1.0,0.3,0.5,-0.33,0.25,0.83,0.25,2.0,1.2,8.0,1.0,0.3,0.5,-1.5,1.2,3.8,1.2,2.0,5.5,8.0,1.0,0.3,0.5,5.59,6.06,6.54,6.06,2.0,0.98,8.0,1.0,0.3,0.5,25.7,27.9,30.1,27.9,2.0,4.5,8.0,1.0,0.3,0.5,-76.0,-74.2,-72.4,-74.2,2.0,3.8,8.0,1.0,0.3,0.5,86.3,88.4,90.6,88.4,2.0,4.5,8.0,1.0,0.3,0.5,-43.5,-42.0,-40.5,-42.0,2.0,3.2,8.0,1.0,0.3,0.5,48.2,50.1,51.9,50.1,2.0,3.8,8.0,1.0,0.3,0.5,-19.3,-17.9,-16.5,-17.9,2.0,2.9,8.0,1.0,0.3,0.5,19.7,21.4,23.0,21.4,2.0,3.5,8.0,1.0,0.3,0.5,97.5,97.5,97.5,97.5,2.0,0.0,8.0,1.0,0.3,0.5,95.0,95.0,95.0,95.0,2.0,0.0,8.0,1.0,0.3,0.5
1974,2,4.0,-14.0,25.48,26.0,26.52,26.0,4.0,0.82,16.0,0.0,0.6,0.6,24.43,25.95,27.52,25.98,4.0,1.84,16.0,0.0,0.6,0.6,16.58,16.58,16.58,16.58,1.0,0.0,16.0,0.0,0.8,0.7,84.5,84.5,84.5,84.5,1.0,0.0,16.0,0.0,0.7,2.21,4.5,6.0,4.13,4.0,2.25,16.0,0.0,0.6,0.6,-1.56,-0.89,1.21,-0.21,4.0,2.21,16.0,0.0,0.6,0.6,2.02,4.01,5.43,3.74,4.0,2.04,16.0,0.0,0.6,0.6,1011.41,1012.35,1014.28,1012.83,4.0,2.2,16.0,0.0,0.6,0.6,4.3,5.0,6.4,5.3,3.0,1.5,18.0,0.0,0.7,0.6,-7.9,-2.1,8.9,0.4,4.0,12.7,16.0,0.0,0.6,0.6,5.0,19.8,32.6,18.9,4.0,16.0,16.0,0.0,0.6,0.6,-1.0,0.0,1.05,0.03,4.0,1.18,16.0,0.0,0.6,0.6,-4.6,-0.7,3.9,-0.3,4.0,5.3,16.0,0.0,0.6,0.6,4.44,4.44,4.44,4.44,1.0,0.0,16.0,0.0,0.8,0.7,6.7,6.7,6.7,6.7,1.0,0.0,16.0,0.0,0.8,0.7,-42.7,-23.7,28.8,-7.7,4.0,55.3,16.0,0.0,0.6,0.6,54.5,101.8,139.1,97.1,4.0,52.7,16.0,0.0,0.6,0.6,-12.4,-12.4,-12.4,-12.4,1.0,0.0,16.0,0.0,0.8,0.7,21.5,21.5,21.5,21.5,1.0,0.0,16.0,0.0,0.8,0.7,-3.3,-3.3,-3.3,-3.3,1.0,0.0,16.0,0.0,0.8,0.7,5.8,5.8,5.8,5.8,1.0,0.0,16.0,0.0,0.8,0.7,14.5,121.5,216.0,115.5,4.0,116.5,16.0,0.0,0.6,0.6,15.0,120.0,215.0,115.0,4.0,115.0,16.0,0.0,0.6,0.6
1974,2,4.0,-13.0,25.19,25.4,25.98,25.58,4.0,0.64,16.0,0.5,0.3,0.6,25.91,26.6,28.08,26.77,6.0,1.32,18.0,0.7,0.2,0.5,15.52,15.59,16.64,16.07,3.0,0.92,22.0,1.0,0.1,0.3,65.0,65.7,80.7,72.7,3.0,12.9,22.0,1.0,0.3,3.08,4.3,7.0,4.78,6.0,1.82,18.0,0.7,0.2,0.5,-5.36,-2.58,-1.94,-3.12,6.0,1.9,18.0,0.7,0.2,0.5,2.73,3.52,4.5,3.43,6.0,1.15,18.0,0.7,0.2,0.5,1009.7,1011.25,1012.43,1011.23,6.0,1.53,18.0,0.7,0.2,0.5,2.0,3.0,4.0,3.5,6.0,2.3,18.0,0.7,0.2,0.5,-37.5,-10.4,-6.5,-17.6,6.0,15.8,18.0,0.7,0.2,0.5,8.4,15.3,31.5,17.9,6.0,11.4,18.0,0.7,0.2,0.5,-2.16,-0.8,-0.64,-1.37,4.0,1.36,16.0,0.5,0.3,0.6,-8.2,-5.6,-3.7,-5.9,4.0,3.5,16.0,0.5,0.3,0.6,4.2,4.2,4.2,4.2,1.0,0.0,26.0,1.0,0.0,0.2,13.0,13.0,13.0,13.0,1.0,0.0,26.0,1.0,0.0,0.2,-140.5,-71.1,-48.4,-82.6,6.0,49.3,18.0,0.7,0.2,0.5,74.3,92.7,117.9,91.0,6.0,28.3,18.0,0.7,0.2,0.5,-40.0,-39.4,-18.2,-29.3,3.0,18.2,22.0,1.0,0.1,0.3,31.0,47.6,61.7,46.4,3.0,22.5,22.0,1.0,0.1,0.3,-2.3,-2.3,-2.3,-2.3,1.0,0.0,26.0,1.0,0.0,0.2,12.8,12.8,12.8,12.8,1.0,0.0,26.0,1.0,0.0,0.2,29.0,80.5,343.0,150.5,6.0,151.0,18.0,0.7,0.2,0.5,30.0,80.0,345.0,150.0,6.0,150.0,18.0,0.7,0.2,0.5
1974,2,4.0,-12.0,,,,,,,,,,,,,,,,,,,,,,,,,,,,,,,,,,,,,,,,4.39,5.0,5.07,4.73,3.0,0.55,8.0,1.0,0.5,0.3,-3.19,-3.14,-1.6,-2.41,3.0,1.32,8.0,1.0,0.5,0.3,3.01,3.83,4.64,3.83,3.0,1.19,8.0,1.0,0.5,0.3,1008.67,1009.9,1011.74,1010.2,3.0,2.26,14.0,0.3,0.1,0.2,,,,,,,,,,,,,,,,,,,,,,,,,,,,,,,,,,,,,,,,,,,,,,,,,,,,,,,,,,,,,,,,,,,,,,,,,,,,,,,,,,,,,,,,,,,,,,,,,,,,,,,,,,,,,,,,,,,,,,,,,,,,,,,,,,,,,,,,,,,,,,,,,,,,,,
1974,2,4.0,-11.0,,,,,,,,,,,,,,,,,,,,,,,,,,,,,,,,,,,,,,,,4.1,4.1,4.1,4.1,1.0,0.0,16.0,1.0,0.3,0.3,-3.55,-3.55,-3.55,-3.55,1.0,0.0,16.0,1.0,0.3,0.3,2.05,2.05,2.05,2.05,1.0,0.0,16.0,1.0,0.3,0.3,1011.7,1011.7,1011.7,1011.7,1.0,0.0,16.0,1.0,0.3,0.3,,,,,,,,,,,,,,,,,,,,,,,,,,,,,,,,,,,,,,,,,,,,,,,,,,,,,,,,,,,,,,,,,,,,,,,,,,,,,,,,,,,,,,,,,,,,,,,,,,,,,,,,,,,,,,,,,,,,,,,,,,,,,,,,,,,,,,,,,,,,,,,,,,,,,,
1974,2,4.0,-6.0,27.93,28.2,28.47,28.2,2.0,0.57,14.0,0.5,0.5,0.6,26.21,27.1,27.99,27.1,2.0,1.84,14.0,0.5,0.5,0.6,17.89,18.12,18.34,18.12,2.0,0.47,14.0,0.5,0.5,0.6,77.7,80.9,84.1,80.9,2.0,6.7,14.0,0.5,0.6,0.57,1.8,3.03,1.8,2.0,2.55,14.0,0.5,0.5,0.6,-2.98,-1.77,-0.56,-1.77,2.0,2.51,14.0,0.5,0.5,0.6,-0.53,-0.31,-0.1,-0.31,2.0,0.44,14.0,0.5,0.5,0.6,1009.65,1009.75,1009.85,1009.75,2.0,0.21,14.0,0.5,0.5,0.6,5.3,6.0,6.7,6.0,2.0,1.4,14.0,0.5,0.5,0.6,-10.7,-6.4,-2.0,-6.4,2.0,9.0,14.0,0.5,0.5,0.6,-1.9,-1.1,-0.4,-1.1,2.0,1.6,14.0,0.5,0.5,0.6,0.49,1.1,1.71,1.1,2.0,1.27,14.0,0.5,0.5,0.6,1.1,3.6,6.1,3.6,2.0,5.1,14.0,0.5,0.5,0.6,5.75,5.91,6.07,5.91,2.0,0.33,14.0,0.5,0.5,0.6,3.2,10.2,17.2,10.2,2.0,14.5,14.0,0.5,0.5,0.6,-77.0,-45.7,-14.5,-45.7,2.0,64.7,14.0,0.5,0.5,0.6,-13.6,-8.1,-2.6,-8.1,2.0,11.4,14.0,0.5,0.5,0.6,-53.1,-31.5,-10.0,-31.5,2.0,44.6,14.0,0.5,0.5,0.6,-9.4,-5.6,-1.8,-5.6,2.0,7.9,14.0,0.5,0.5,0.6,-16.9,-10.1,-3.2,-10.1,2.0,14.2,14.0,0.5,0.5,0.6,-3.0,-1.8,-0.6,-1.8,2.0,2.5,14.0,0.5,0.5,0.6,7.5,23.5,39.5,23.5,2.0,33.0,14.0,0.5,0.5,0.6,5.0,25.0,40.0,25.0,2.0,35.0,14.0,0.5,0.5,0.6
1974,2,4.0,-5.0,26.48,27.3,28.46,27.47,3.0,1.46,14.0,1.0,0.5,0.9,27.0,27.0,29.05,28.0,3.0,1.73,14.0,1.0,0.5,0.9,17.99,18.18,19.15,18.56,3.0,0.91,14.0,1.0,0.5,0.9,75.8,80.2,81.2,78.5,3.0,4.2,14.0,1.0,0.9,3.6,3.6,5.37,4.47,3.0,1.5,14.0,1.0,0.5,0.9,-1.58,0.0,0.0,-0.77,3.0,1.34,14.0,1.0,0.5,0.9,3.03,3.6,5.37,4.19,3.0,1.79,14.0,1.0,0.5,0.9,1009.32,1009.8,1011.3,1010.3,3.0,1.51,14.0,1.0,0.5,0.9,6.0,6.0,6.0,6.0,3.0,0.0,14.0,1.0,0.5,0.9,-5.7,0.0,0.0,-2.8,3.0,4.8,14.0,1.0,0.5,0.9,10.9,13.0,30.4,20.4,3.0,15.7,14.0,1.0,0.5,0.9,-2.57,0.3,1.46,-0.53,3.0,3.04,14.0,1.0,0.5,0.9,-16.2,1.1,5.3,-5.3,3.0,16.6,14.0,1.0,0.5,0.9,2.64,4.88,6.29,4.48,3.0,2.7,14.0,1.0,0.5,0.9,12.3,17.6,22.6,17.5,3.0,7.6,14.0,1.0,0.5,0.9,-42.6,0.0,0.0,-20.8,3.0,36.1,14.0,1.0,0.5,0.9,81.7,97.2,157.8,119.2,3.0,58.9,14.0,1.0,0.5,0.9,-28.7,0.0,0.0,-14.0,3.0,24.3,14.0,1.0,0.5,0.9,54.7,64.5,103.4,78.7,3.0,37.8,14.0,1.0,0.5,0.9,-11.0,0.0,0.0,-5.4,3.0,9.3,14.0,1.0,0.5,0.9,12.3,17.6,18.7,15.5,3.0,5.0,14.0,1.0,0.5,0.9,46.5,46.5,177.5,110.5,3.0,110.5,14.0,1.0,0.5,0.9,45.0,45.0,175.0,110.0,3.0,110.0,14.0,1.0,0.5,0.9
1974,2,4.0,-2.0,26.13,27.9,29.0,28.0,8.0,1.68,18.0,0.4,0.5,0.6,26.0,27.9,28.98,27.63,8.0,1.44,16.0,0.3,0.5,0.6,15.94,18.35,19.81,17.89,3.0,2.86,16.0,0.0,0.6,0.6,72.9,78.4,79.2,76.1,3.0,5.0,16.0,0.0,0.6,1.0,3.6,4.6,3.2,9.0,2.21,16.0,0.4,0.5,0.6,-2.99,-0.64,-0.17,-1.27,9.0,2.04,16.0,0.4,0.5,0.6,0.0,0.77,3.7,2.1,9.0,2.34,16.0,0.4,0.5,0.6,1007.82,1009.5,1012.01,1009.93,9.0,2.32,16.0,0.4,0.4,0.6,3.3,6.0,7.0,5.1,10.0,2.3,16.0,0.4,0.5,0.6,-12.4,-2.3,-0.2,-4.0,9.0,10.5,16.0,0.4,0.5,0.6,0.0,0.8,15.9,10.2,9.0,15.2,16.0,0.4,0.5,0.6,-0.07,0.2,2.05,0.71,7.0,1.46,18.0,0.3,0.5,0.6,-0.2,0.0,5.9,2.2,7.0,6.0,18.0,0.3,0.5,0.6,3.88,5.13,7.01,5.44,3.0,2.31,16.0,0.0,0.6,0.6,15.6,23.6,32.3,23.9,3.0,12.2,16.0,0.0,0.6,0.6,-84.0,-18.4,3.3,-29.6,7.0,60.5,18.0,0.3,0.5,0.6,0.0,98.0,112.2,74.4,7.0,70.9,18.0,0.3,0.5,0.6,-63.8,-54.3,-26.0,-45.1,3.0,28.8,16.0,0.0,0.6,0.6,20.5,64.7,70.1,45.8,3.0,39.8,16.0,0.0,0.6,0.6,-29.6,-15.2,-6.2,-17.8,3.0,17.3,16.0,0.0,0.6,0.6,3.7,11.7,16.1,9.9,3.0,9.2,16.0,0.0,0.6,0.6,1.0,46.5,97.5,75.5,9.0,107.5,16.0,0.4,0.5,0.6,0.0,45.0,95.0,75.0,9.0,110.0,16.0,0.4,0.5,0.6
1974,2,4.0,1.0,28.2,29.5,29.84,29.03,3.0,1.27,10.0,0.7,0.6,0.7,27.37,28.3,29.28,28.33,4.0,1.29,12.0,0.8,0.6,0.6,17.62,17.67,17.72,17.67,2.0,0.1,12.0,1.0,0.7,0.6,73.1,76.0,78.8,76.0,2.0,6.0,12.0,1.0,0.6,1.48,3.55,5.57,3.53,4.0,2.88,10.0,0.8,0.5,0.7,-2.64,-0.61,0.28,-1.15,4.0,2.0,10.0,0.8,0.5,0.7,0.33,1.87,5.07,2.66,4.0,3.11,10.0,0.8,0.5,0.7,1006.7,1008.0,1008.75,1007.73,3.0,1.52,14.0,0.7,0.7,0.7,1.9,5.0,6.0,4.0,5.0,2.5,10.0,0.8,0.5,0.7,-12.3,-4.3,0.9,-5.6,4.0,8.1,10.0,0.8,0.5,0.7,1.3,6.1,29.8,15.1,4.0,22.4,10.0,0.8,0.5,0.7,-0.02,0.8,1.62,0.8,3.0,1.2,10.0,0.7,0.6,0.7,0.8,2.5,10.3,5.5,3.0,7.5,10.0,0.7,0.6,0.7,5.53,5.53,5.53,5.53,1.0,0.0,8.0,1.0,0.9,0.9,17.1,17.1,17.1,17.1,1.0,0.0,8.0,1.0,0.9,0.9,-23.2,0.0,9.8,-6.5,3.0,24.9,10.0,0.7,0.6,0.7,26.0,81.8,157.7,91.6,3.0,96.9,10.0,0.7,0.6,0.7,9.5,9.5,9.5,9.5,1.0,0.0,8.0,1.0,0.9,0.9,54.2,54.2,54.2,54.2,1.0,0.0,8.0,1.0,0.9,0.9,3.0,3.0,3.0,3.0,1.0,0.0,8.0,1.0,0.9,0.9,16.9,16.9,16.9,16.9,1.0,0.0,8.0,1.0,0.9,0.9,14.0,47.0,210.0,109.0,4.0,158.0,10.0,0.8,0.5,0.7,15.0,45.0,210.0,110.0,4.0,160.0,10.0,0.8,0.5,0.7
1974,2,4.0,3.0,28.46,28.8,30.3,29.37,3.0,1.44,18.0,0.0,0.3,0.5,27.66,28.0,28.07,27.87,3.0,0.32,18.0,0.0,0.3,0.5,18.05,18.94,21.24,19.63,3.0,2.41,18.0,0.0,0.3,0.5,76.5,82.2,90.5,83.5,3.0,10.3,18.0,0.0,0.5,2.01,3.1,3.44,2.73,3.0,1.1,18.0,0.0,0.3,0.5,0.67,0.96,1.89,1.27,3.0,0.93,18.0,0.0,0.3,0.5,1.66,2.76,2.96,2.32,3.0,1.02,18.0,0.0,0.3,0.5,1006.27,1007.5,1010.91,1008.57,3.0,3.52,18.0,0.0,0.3,0.5,3.6,5.0,5.7,4.7,3.0,1.5,18.0,0.0,0.3,0.5,1.5,1.7,6.2,3.8,3.0,3.9,18.0,0.0,0.3,0.5,4.2,9.5,9.8,7.0,3.0,4.6,18.0,0.0,0.3,0.5,0.73,0.8,2.3,1.5,3.0,1.3,18.0,0.0,0.3,0.5,1.5,2.5,8.2,4.8,3.0,5.3,18.0,0.0,0.3,0.5,5.48,5.92,6.9,6.18,3.0,1.06,18.0,0.0,0.3,0.5,12.7,16.4,19.7,16.2,3.0,5.1,18.0,0.0,0.3,0.5,18.7,27.1,52.8,35.6,3.0,26.0,18.0,0.0,0.3,0.5,46.5,77.2,81.8,64.5,3.0,28.1,18.0,0.0,0.3,0.5,12.4,17.0,40.6,26.3,3.0,22.2,18.0,0.0,0.3,0.5,32.2,57.8,60.4,46.5,3.0,22.8,18.0,0.0,0.3,0.5,4.2,7.1,11.6,7.9,3.0,5.5,18.0,0.0,0.3,0.5,10.9,16.1,16.3,13.6,3.0,4.5,18.0,0.0,0.3,0.5,12.0,30.0,41.5,26.5,3.0,22.0,18.0,0.0,0.3,0.5,10.0,30.0,40.0,25.0,3.0,20.0,18.0,0.0,0.3,0.5
1974,2,4.0,4.0,28.46,28.8,29.5,28.82,11.0,0.78,10.0,0.4,0.4,0.2,27.52,28.0,29.0,28.1,12.0,0.7,10.0,0.3,0.5,0.1,18.71,19.36,20.25,19.63,10.0,1.15,10.0,0.3,0.4,0.2,78.7,82.3,87.3,82.8,11.0,4.7,10.0,0.4,0.2,2.69,3.6,4.1,3.25,12.0,1.34,10.0,0.3,0.5,0.1,0.0,1.61,2.64,1.38,12.0,1.25,10.0,0.3,0.5,0.1,2.15,3.12,3.68,2.77,12.0,1.13,10.0,0.3,0.5,0.1,1006.44,1007.9,1009.26,1007.7,10.0,1.76,10.0,0.3,0.4,0.2,2.7,3.5,7.3,4.3,12.0,2.3,10.0,0.3,0.5,0.1,0.0,5.3,10.8,5.5,12.0,5.4,10.0,0.3,0.5,0.1,6.1,11.1,13.9,10.3,12.0,5.6,10.0,0.3,0.5,0.1,0.05,0.8,1.71,0.8,11.0,1.3,10.0,0.4,0.4,0.2,0.1,2.5,6.8,2.8,11.0,4.5,10.0,0.4,0.4,0.2,4.4,6.09,6.74,5.61,10.0,1.5,10.0,0.3,0.4,0.2,10.7,20.8,28.8,20.4,10.0,8.6,10.0,0.3,0.4,0.2,0.0,44.8,73.8,38.4,12.0,34.8,10.0,0.3,0.5,0.1,59.2,87.9,104.3,78.0,12.0,32.5,10.0,0.3,0.5,0.1,5.9,39.8,49.2,32.0,10.0,22.8,10.0,0.3,0.4,0.2,47.3,58.6,77.0,59.4,10.0,16.4,10.0,0.3,0.4,0.2,1.7,9.0,18.5,10.1,10.0,8.2,10.0,0.3,0.4,0.2,9.4,18.1,23.1,16.8,10.0,6.4,10.0,0.3,0.4,0.2,23.0,46.5,69.0,47.5,12.0,35.5,10.0,0.3,0.5,0.1,25.0,45.0,70.0,50.0,12.0,35.0,10.0,0.3,0.5,0.1
1974,2,4.0,5.0,28.13,28.3,28.87,28.46,5.0,0.42,22.0,0.4,0.2,0.4,28.12,28.4,28.68,28.4,5.0,0.43,22.0,0.4,0.2,0.4,19.45,19.58,20.14,19.79,3.0,0.54,18.0,0.7,0.3,0.3,80.8,83.8,84.1,82.5,3.0,2.7,18.0,0.7,0.3,1.65,3.0,4.48,3.04,5.0,2.15,22.0,0.4,0.2,0.4,0.0,2.25,3.43,1.92,5.0,1.96,22.0,0.4,0.2,0.4,0.83,2.31,3.31,2.09,5.0,1.5,22.0,0.4,0.2,0.4,1007.91,1010.8,1012.28,1010.12,5.0,2.62,22.0,0.4,0.2,0.4,3.8,7.0,8.0,5.8,5.0,3.3,22.0,0.4,0.2,0.4,0.0,5.9,16.4,8.7,5.0,11.4,22.0,0.4,0.2,0.4,2.1,8.3,14.2,8.8,5.0,8.8,22.0,0.4,0.2,0.4,-0.34,0.0,0.5,0.06,5.0,0.43,22.0,0.4,0.2,0.4,-1.1,0.0,0.5,-0.2,5.0,1.0,22.0,0.4,0.2,0.4,4.57,4.58,4.64,4.6,3.0,0.05,18.0,0.7,0.3,0.3,3.8,11.9,15.2,9.6,3.0,8.6,18.0,0.7,0.3,0.3,0.0,63.7,98.6,55.1,5.0,56.6,22.0,0.4,0.2,0.4,23.4,66.0,94.9,60.0,5.0,43.3,22.0,0.4,0.2,0.4,14.6,45.9,51.1,33.1,3.0,28.9,18.0,0.7,0.3,0.3,8.4,26.5,39.0,23.8,3.0,22.5,18.0,0.7,0.3,0.3,3.3,10.3,12.0,7.7,3.0,6.8,18.0,0.7,0.3,0.3,1.9,6.0,9.3,5.6,3.0,5.4,18.0,0.7,0.3,0.3,11.0,27.0,108.5,61.5,5.0,88.0,22.0,0.4,0.2,0.4,10.0,25.0,110.0,60.0,5.0,90.0,22.0,0.4,0.2,0.4
1974,2,4.0,36.0,14.16,14.5,14.84,14.5,2.0,0.71,26.0,0.5,0.4,0.9,11.17,11.55,11.93,11.55,2.0,0.78,26.0,0.5,0.4,0.9,6.07,6.07,6.07,6.07,1.0,0.0,26.0,1.0,0.9,0.9,70.0,70.0,70.0,70.0,1.0,0.0,26.0,1.0,0.9,5.02,5.05,5.08,5.05,2.0,0.07,26.0,0.5,0.4,0.9,-3.74,-1.19,1.36,-1.19,2.0,5.28,26.0,0.5,0.4,0.9,-3.85,-2.64,-1.43,-2.64,2.0,2.51,26.0,0.5,0.4,0.9,1021.41,1022.3,1023.19,1022.3,2.0,1.84,26.0,0.5,0.4,0.9,1.1,3.5,5.9,3.5,2.0,4.9,26.0,0.5,0.4,0.9,-18.6,-5.8,7.0,-5.8,2.0,26.6,26.0,0.5,0.4,0.9,-19.6,-13.4,-7.2,-13.4,2.0,12.9,26.0,0.5,0.4,0.9,2.92,2.95,2.98,2.95,2.0,0.07,26.0,0.5,0.4,0.9,14.8,14.9,15.0,14.9,2.0,0.1,26.0,0.5,0.4,0.9,4.43,4.43,4.43,4.43,1.0,0.0,26.0,1.0,0.9,0.9,22.6,22.6,22.6,22.6,1.0,0.0,26.0,1.0,0.9,0.9,-40.7,-11.7,17.4,-11.7,2.0,60.1,26.0,0.5,0.4,0.9,-46.5,-31.5,-16.5,-31.5,2.0,31.0,26.0,0.5,0.4,0.9,15.5,15.5,15.5,15.5,1.0,0.0,26.0,1.0,0.9,0.9,-26.8,-26.8,-26.8,-26.8,1.0,0.0,26.0,1.0,0.9,0.9,11.3,11.3,11.3,11.3,1.0,0.0,26.0,1.0,0.9,0.9,-19.6,-19.6,-19.6,-19.6,1.0,0.0,26.0,1.0,0.9,0.9,126.0,129.0,131.5,129.0,2.0,5.5,26.0,0.5,0.4,0.9,125.0,130.0,130.0,130.0,2.0,5.0,26.0,0.5,0.4,0.9
1974,2,4.0,37.0,14.0,15.0,16.0,15.0,136.0,1.09,14.0,0.3,0.4,0.2,11.46,14.0,16.0,13.92,137.0,2.18,14.0,0.3,0.4,0.2,5.99,7.53,8.55,7.27,48.0,1.42,16.0,0.3,0.4,0.3,59.0,71.2,85.7,71.6,48.0,12.7,16.0,0.3,0.3,3.98,9.0,15.4,9.04,133.0,5.34,14.0,0.3,0.4,0.2,-2.45,6.89,13.16,6.05,133.0,7.39,14.0,0.3,0.4,0.2,-4.79,0.0,2.95,-0.6,133.0,4.35,14.0,0.3,0.4,0.2,1006.11,1013.75,1020.77,1013.58,140.0,6.78,14.0,0.3,0.4,0.2,0.0,6.0,8.0,4.9,129.0,2.8,14.0,0.3,0.4,0.2,-7.4,49.0,186.1,87.2,133.0,121.4,14.0,0.3,0.4,0.2,-56.5,0.0,20.5,-8.1,133.0,53.5,14.0,0.3,0.4,0.2,-1.0,0.8,3.0,1.07,131.0,2.13,14.0,0.3,0.4,0.2,-5.4,4.5,32.9,10.8,121.0,21.8,14.0,0.3,0.4,0.2,2.07,3.11,4.4,3.24,44.0,1.41,14.0,0.3,0.4,0.3,6.0,21.4,44.2,27.8,40.0,28.7,16.0,0.4,0.5,0.3,-38.3,91.4,195.5,83.3,127.0,108.8,14.0,0.3,0.4,0.3,-80.5,0.0,42.0,-8.7,127.0,61.3,14.0,0.3,0.4,0.3,-27.4,28.2,111.1,37.3,44.0,66.9,16.0,0.4,0.4,0.3,-6.8,0.0,18.2,2.9,44.0,20.7,16.0,0.4,0.4,0.3,-9.0,8.6,41.4,16.6,40.0,34.9,16.0,0.4,0.5,0.3,-3.3,0.0,7.5,0.0,40.0,10.6,16.0,0.4,0.5,0.3,63.0,729.0,3652.5,1573.5,133.0,2373.5,14.0,0.3,0.4,0.2,65.0,730.0,3650.0,1575.0,133.0,2375.0,14.0,0.3,0.4,0.2
1974,2,4.0,38.0,14.0,14.7,15.0,14.53,15.0,1.25,8.0,0.2,0.4,0.3,13.04,13.5,14.84,13.71,15.0,1.09,8.0,0.2,0.4,0.3,5.75,7.22,8.12,6.95,12.0,1.19,8.0,0.2,0.4,0.3,59.3,75.5,80.9,71.6,12.0,13.0,8.0,0.2,0.3,4.69,8.6,17.0,9.64,14.0,5.84,8.0,0.1,0.4,0.3,2.59,7.78,16.74,8.31,14.0,6.98,8.0,0.1,0.4,0.3,-3.49,0.0,2.99,-0.01,14.0,3.32,8.0,0.1,0.4,0.3,1009.81,1014.95,1018.37,1013.55,14.0,5.16,8.0,0.1,0.4,0.3,0.2,4.0,7.0,3.8,15.0,2.9,8.0,0.2,0.4,0.3,7.1,67.2,284.6,115.1,14.0,129.1,8.0,0.1,0.4,0.3,-36.1,0.0,26.8,-4.1,14.0,31.2,8.0,0.1,0.4,0.3,-0.82,1.2,1.71,0.83,15.0,1.95,8.0,0.2,0.4,0.3,-5.8,5.3,23.6,5.3,14.0,17.1,8.0,0.1,0.4,0.3,2.1,3.72,4.76,3.5,12.0,1.48,8.0,0.2,0.4,0.3,8.0,24.5,76.4,36.2,12.0,30.7,8.0,0.2,0.4,0.3,32.7,110.8,225.7,116.6,14.0,97.3,8.0,0.1,0.4,0.3,-39.8,0.0,42.5,0.0,14.0,44.8,8.0,0.1,0.4,0.3,21.8,56.4,102.4,62.2,12.0,44.2,8.0,0.2,0.4,0.3,-21.5,0.0,6.0,-2.4,12.0,22.6,8.0,0.2,0.4,0.3,7.8,24.5,75.6,33.9,12.0,31.2,8.0,0.2,0.4,0.3,-15.5,0.0,1.1,-5.1,12.0,10.9,8.0,0.2,0.4,0.3,105.0,640.0,4913.0,1846.5,14.0,2348.5,8.0,0.1,0.4,0.3,105.0,640.0,4915.0,1845.0,14.0,2350.0,8.0,0.1,0.4,0.3
1974,2,4.0,39.0,13.62,14.75,15.21,14.58,6.0,0.98,14.0,0.3,0.3,0.5,11.11,12.75,14.69,12.85,6.0,2.08,12.0,0.2,0.4,0.6,6.0,7.7,8.38,7.21,4.0,1.68,10.0,0.3,0.4,0.6,65.1,76.0,82.3,73.8,4.0,11.8,10.0,0.3,0.6,5.7,8.0,13.95,9.23,7.0,3.8,12.0,0.3,0.4,0.6,-5.13,0.99,6.28,0.89,7.0,5.95,12.0,0.3,0.4,0.6,-9.0,3.5,5.77,-0.79,7.0,8.76,12.0,0.3,0.4,0.6,1010.64,1018.5,1021.98,1017.28,6.0,7.84,12.0,0.2,0.4,0.6,1.6,4.5,7.2,4.3,6.0,3.1,12.0,0.2,0.4,0.6,-42.9,5.6,47.5,8.5,7.0,72.9,12.0,0.3,0.4,0.6,-87.5,24.5,36.4,-18.6,7.0,107.4,12.0,0.3,0.4,0.6,-0.35,3.6,4.11,2.22,5.0,2.65,14.0,0.2,0.3,0.5,-5.9,33.5,45.1,22.1,5.0,29.7,14.0,0.2,0.3,0.5,2.1,2.1,4.6,3.32,3.0,2.11,12.0,0.3,0.3,0.5,17.4,29.2,45.8,31.6,3.0,20.9,12.0,0.3,0.3,0.5,-53.9,-11.6,57.0,9.7,6.0,85.7,12.0,0.2,0.4,0.6,-115.1,6.1,90.4,-7.3,6.0,122.6,12.0,0.2,0.4,0.6,-4.6,12.0,53.2,23.7,4.0,43.8,10.0,0.3,0.4,0.6,-2.6,43.6,59.9,29.3,4.0,49.6,10.0,0.3,0.4,0.6,-11.9,2.1,15.9,2.0,3.0,20.3,12.0,0.3,0.3,0.5,-30.6,11.8,16.6,-6.6,3.0,38.1,12.0,0.3,0.3,0.5,185.0,512.0,2718.5,1156.0,7.0,1313.5,12.0,0.3,0.4,0.6,185.0,510.0,2720.0,1155.0,7.0,1315.0,12.0,0.3,0.4,0.6
1974,2,4.0,40.0,13.3,13.5,13.97,13.76,9.0,1.19,10.0,0.1,0.5,0.4,11.46,13.9,14.9,13.34,11.0,1.86,10.0,0.2,0.5,0.3,6.12,7.62,8.12,7.24,10.0,1.16,10.0,0.2,0.5,0.4,63.2,82.4,85.7,76.7,10.0,13.5,10.0,0.2,0.4,3.38,6.95,8.27,6.36,10.0,3.15,10.0,0.2,0.5,0.3,-3.18,0.0,3.78,0.17,10.0,3.49,10.0,0.2,0.5,0.3,1.74,4.86,6.51,3.01,10.0,5.7,10.0,0.2,0.5,0.3,1014.58,1018.6,1020.5,1017.32,11.0,4.37,10.0,0.2,0.5,0.3,0.0,2.0,7.4,2.8,11.0,3.3,10.0,0.2,0.5,0.3,-23.5,0.0,23.4,-0.7,10.0,26.1,10.0,0.2,0.5,0.3,3.1,29.7,48.6,12.8,10.0,60.7,10.0,0.2,0.5,0.3,-1.33,-0.5,2.4,0.44,9.0,2.97,10.0,0.1,0.5,0.4,-10.7,-2.8,5.4,-3.4,8.0,13.2,10.0,0.1,0.5,0.4,1.46,2.07,4.13,2.6,9.0,1.31,10.0,0.1,0.5,0.4,7.4,13.3,25.1,15.5,8.0,8.6,10.0,0.1,0.5,0.4,-48.4,0.0,52.2,2.0,10.0,51.6,10.0,0.2,0.5,0.3,20.6,71.5,92.3,45.7,10.0,74.1,10.0,0.2,0.5,0.3,-21.1,0.0,31.9,3.3,9.0,27.2,10.0,0.2,0.5,0.4,14.8,38.4,48.7,23.1,9.0,44.6,10.0,0.2,0.5,0.4,-9.9,0.9,5.7,-0.8,8.0,9.4,10.0,0.1,0.5,0.4,3.7,9.6,18.3,6.9,8.0,14.4,10.0,0.1,0.5,0.4,62.0,337.0,572.0,430.0,10.0,543.5,10.0,0.2,0.5,0.3,60.0,335.0,570.0,430.0,10.0,545.0,10.0,0.2,0.5,0.3
1974,2,4.0,41.0,12.34,13.0,14.0,13.31,21.0,1.05,14.0,0.3,0.4,0.4,10.12,12.2,13.91,12.05,21.0,1.86,14.0,0.3,0.4,0.4,5.81,7.09,8.43,7.1,17.0,1.35,14.0,0.3,0.4,0.4,66.5,78.4,88.7,77.9,17.0,9.6,14.0,0.3,0.4,7.2,10.3,13.73,10.08,21.0,2.99,14.0,0.3,0.4,0.4,-5.23,2.5,7.6,1.59,21.0,5.68,14.0,0.3,0.4,0.4,-12.58,-3.85,6.69,-2.87,21.0,8.48,14.0,0.3,0.4,0.4,1003.72,1015.2,1018.78,1012.4,21.0,7.2,14.0,0.3,0.4,0.4,0.0,4.0,8.0,3.9,21.0,3.2,14.0,0.3,0.4,0.4,-43.0,19.9,80.3,19.9,21.0,57.5,14.0,0.3,0.4,0.4,-168.4,-25.9,50.2,-40.0,21.0,105.5,14.0,0.3,0.4,0.4,-0.83,1.0,3.97,1.26,21.0,2.29,14.0,0.3,0.4,0.4,-9.5,7.2,35.8,13.3,21.0,25.7,14.0,0.3,0.4,0.4,0.75,2.19,3.94,2.24,17.0,1.42,14.0,0.3,0.4,0.4,7.5,20.2,34.4,20.6,17.0,13.3,14.0,0.3,0.4,0.4,-69.1,30.0,85.8,17.0,21.0,67.3,14.0,0.3,0.4,0.4,-125.6,-43.1,99.1,-26.4,21.0,107.4,14.0,0.3,0.4,0.4,-40.2,16.5,53.0,8.3,17.0,40.8,14.0,0.3,0.4,0.4,-56.9,-18.6,61.7,-2.6,17.0,62.7,14.0,0.3,0.4,0.4,-13.0,2.8,21.0,3.0,17.0,16.9,14.0,0.3,0.4,0.4,-24.8,-7.7,7.4,-8.3,17.0,16.1,14.0,0.3,0.4,0.4,373.0,1092.5,2592.0,1283.0,21.0,1024.0,14.0,0.3,0.4,0.4,375.0,1095.0,2590.0,1285.0,21.0,1025.0,14.0,0.3,0.4,0.4
1974,2,4.0,42.0,12.5,13.0,14.0,13.2,30.0,0.9,12.0,0.5,0.4,0.5,9.76,12.4,14.0,12.06,30.0,1.88,12.0,0.5,0.4,0.5,5.39,6.22,7.24,6.3,27.0,1.04,14.0,0.4,0.4,0.5,62.3,74.5,84.8,72.8,27.0,11.8,14.0,0.4,0.5,7.0,10.3,14.9,11.14,30.0,4.47,12.0,0.5,0.4,0.5,-1.03,4.76,9.51,4.69,30.0,5.93,12.0,0.5,0.4,0.5,-12.24,-4.7,7.38,-2.7,30.0,9.11,12.0,0.5,0.4,0.5,1000.3,1006.3,1016.65,1008.52,30.0,9.92,12.0,0.5,0.4,0.5,2.0,6.0,8.0,5.2,29.0,3.0,12.0,0.5,0.4,0.5,-3.6,35.3,142.6,68.6,30.0,108.0,12.0,0.5,0.4,0.5,-166.4,-45.3,63.2,-52.4,30.0,130.3,12.0,0.5,0.4,0.5,-0.88,1.0,3.16,1.14,30.0,2.08,12.0,0.5,0.4,0.5,-8.8,9.3,41.6,15.2,30.0,31.8,12.0,0.5,0.4,0.5,1.83,3.41,4.3,3.14,27.0,1.19,14.0,0.4,0.4,0.5,13.6,27.0,52.0,35.5,27.0,23.8,14.0,0.4,0.4,0.5,-10.0,52.5,119.9,56.5,30.0,68.7,12.0,0.5,0.4,0.5,-127.8,-56.8,96.4,-20.9,30.0,107.9,12.0,0.5,0.4,0.5,0.0,29.0,62.5,28.7,27.0,33.6,14.0,0.4,0.4,0.5,-76.9,-34.3,48.7,-17.1,27.0,59.2,14.0,0.4,0.4,0.5,0.0,10.1,30.6,15.8,27.0,23.2,14.0,0.4,0.4,0.5,-46.8,-20.6,14.1,-15.7,27.0,28.6,14.0,0.4,0.4,0.5,344.5,1092.5,3308.0,2108.5,30.0,3088.5,12.0,0.5,0.4,0.5,345.0,1095.0,3310.0,2110.0,30.0,3090.0,12.0,0.5,0.4,0.5
1974,2,4.0,43.0,12.0,12.35,13.0,12.46,8.0,0.89,14.0,0.4,0.6,0.1,9.1,11.5,13.08,11.16,8.0,1.99,14.0,0.4,0.6,0.1,4.9,5.25,7.01,5.63,8.0,1.2,14.0,0.4,0.6,0.1,60.3,64.0,75.0,67.7,8.0,9.4,14.0,0.4,0.1,9.3,13.65,15.4,13.19,8.0,4.15,14.0,0.4,0.6,0.1,1.79,8.77,12.96,8.06,8.0,6.94,14.0,0.4,0.6,0.1,-10.61,-8.95,-4.03,-6.73,8.0,6.48,14.0,0.4,0.6,0.1,1005.06,1009.0,1015.16,1009.84,8.0,4.94,14.0,0.4,0.6,0.1,1.1,2.5,7.4,3.4,8.0,3.0,14.0,0.4,0.6,0.1,16.6,119.8,199.5,131.0,8.0,137.7,14.0,0.4,0.6,0.1,-146.8,-101.9,-74.5,-95.0,8.0,75.0,14.0,0.4,0.6,0.1,-0.14,1.0,3.02,1.3,8.0,1.92,14.0,0.4,0.6,0.1,-0.9,14.4,46.0,19.7,8.0,25.7,14.0,0.4,0.6,0.1,2.27,3.36,4.62,3.37,8.0,1.13,14.0,0.4,0.6,0.1,27.7,41.4,64.8,43.9,8.0,18.3,14.0,0.4,0.6,0.1,21.2,78.9,138.0,86.1,8.0,81.5,14.0,0.4,0.6,0.1,-117.3,-93.7,-47.6,-68.7,8.0,75.0,14.0,0.4,0.6,0.1,9.8,39.9,65.5,45.9,8.0,50.3,14.0,0.4,0.6,0.1,-51.9,-46.4,-28.6,-32.7,8.0,37.8,14.0,0.4,0.6,0.1,6.2,35.8,42.1,26.2,8.0,18.9,14.0,0.4,0.6,0.1,-49.7,-29.2,-8.0,-27.0,8.0,23.6,14.0,0.4,0.6,0.1,804.5,2546.0,3652.5,2912.5,8.0,2668.5,14.0,0.4,0.6,0.1,805.0,2545.0,3650.0,2910.0,8.0,2670.0,14.0,0.4,0.6,0.1
1974,2,4.0,52.0,5.71,7.0,8.0,6.85,15.0,1.18,14.0,0.2,0.2,0.6,4.21,6.5,8.14,6.32,19.0,2.02,16.0,0.2,0.2,0.6,3.54,5.03,6.11,4.87,8.0,1.19,18.0,0.4,0.1,0.4,75.1,82.0,92.8,82.3,8.0,11.3,18.0,0.4,0.4,2.94,9.3,12.04,8.08,19.0,4.28,16.0,0.2,0.2,0.6,-6.12,-0.52,6.59,0.36,19.0,5.3,16.0,0.2,0.2,0.6,-5.13,0.0,10.35,1.91,19.0,7.44,16.0,0.2,0.2,0.6,1001.3,1015.2,1021.47,1013.56,19.0,11.05,16.0,0.2,0.2,0.6,1.0,6.0,8.0,5.1,14.0,3.2,16.0,0.2,0.1,0.5,-37.9,-1.6,77.2,7.6,19.0,59.5,16.0,0.2,0.2,0.6,-37.5,0.0,108.5,22.3,19.0,90.8,16.0,0.2,0.2,0.6,-1.41,0.2,2.31,0.49,15.0,2.04,14.0,0.2,0.2,0.6,-8.9,0.5,21.6,5.2,15.0,19.9,14.0,0.2,0.2,0.6,0.15,0.89,1.6,0.91,6.0,1.26,14.0,0.5,0.1,0.4,-1.3,4.2,9.2,3.8,6.0,8.5,14.0,0.5,0.1,0.4,-23.7,-5.2,47.9,5.8,19.0,32.5,16.0,0.2,0.2,0.6,-26.1,0.0,77.0,19.6,19.0,46.2,16.0,0.2,0.2,0.6,-20.6,-7.9,-0.6,-7.2,8.0,18.3,18.0,0.4,0.1,0.4,-10.4,-4.1,47.8,10.2,8.0,30.5,18.0,0.4,0.1,0.4,-5.2,-0.8,1.6,-0.9,6.0,4.9,14.0,0.5,0.1,0.4,-6.7,-1.3,2.1,-0.9,6.0,7.9,14.0,0.5,0.1,0.4,25.5,804.5,1747.0,953.5,19.0,1065.5,16.0,0.2,0.2,0.6,25.0,805.0,1745.0,955.0,19.0,1065.0,16.0,0.2,0.2,0.6
1974,2,4.0,53.0,6.0,7.0,8.0,6.84,53.0,1.26,12.0,0.4,0.4,0.5,5.0,6.4,8.0,6.56,135.0,1.89,12.0,0.6,0.3,0.5,4.38,5.06,5.58,4.96,23.0,0.7,12.0,0.4,0.4,0.4,77.9,84.6,91.1,84.6,23.0,7.3,12.0,0.4,0.4,5.1,10.3,15.4,10.49,127.0,5.04,12.0,0.6,0.3,0.5,-6.77,0.0,7.24,0.92,127.0,7.73,12.0,0.6,0.3,0.5,-2.46,4.5,12.12,4.46,127.0,7.46,12.0,0.6,0.3,0.5,995.46,1006.0,1022.68,1008.04,135.0,14.9,12.0,0.6,0.3,0.5,3.0,7.0,8.0,6.1,129.0,2.5,12.0,0.6,0.3,0.5,-64.3,0.0,98.0,19.7,127.0,123.5,12.0,0.6,0.3,0.5,-17.4,40.5,169.7,63.1,127.0,115.4,12.0,0.6,0.3,0.5,-1.07,0.0,2.42,0.48,53.0,1.86,12.0,0.4,0.4,0.5,-11.2,0.0,22.8,4.3,52.0,16.0,12.0,0.4,0.4,0.5,0.37,0.95,1.82,1.09,21.0,0.86,12.0,0.5,0.4,0.4,2.0,8.8,16.9,9.5,20.0,7.0,12.0,0.5,0.4,0.4,-35.7,0.0,55.5,9.7,126.0,50.3,12.0,0.6,0.3,0.5,-17.1,27.5,86.7,30.3,126.0,51.3,12.0,0.6,0.3,0.5,-23.0,-3.2,26.5,-0.6,22.0,21.4,12.0,0.4,0.4,0.4,-1.5,42.3,59.6,33.8,22.0,28.6,12.0,0.4,0.4,0.4,-7.2,-1.8,2.6,-2.6,20.0,5.7,12.0,0.5,0.4,0.4,-1.9,7.3,15.5,7.0,20.0,7.3,12.0,0.5,0.4,0.4,132.5,1092.5,3652.5,1994.5,127.0,2690.5,12.0,0.6,0.3,0.5,135.0,1095.0,3650.0,1995.0,127.0,2690.0,12.0,0.6,0.3,0.5
1974,2,4.0,54.0,5.11,6.15,8.0,6.41,72.0,1.49,14.0,0.3,0.5,0.3,5.0,6.1,7.2,6.12,119.0,1.51,14.0,0.4,0.5,0.4,4.67,5.08,5.51,5.05,27.0,0.5,10.0,0.4,0.3,0.4,80.7,86.4,90.7,84.8,27.0,6.3,10.0,0.4,0.4,4.1,8.1,13.66,8.56,118.0,4.69,14.0,0.4,0.5,0.4,-6.12,0.0,5.18,-0.24,118.0,6.2,14.0,0.4,0.5,0.4,-1.65,4.26,9.4,4.35,118.0,6.2,14.0,0.4,0.5,0.4,995.0,1006.6,1029.06,1008.55,118.0,16.22,14.0,0.4,0.5,0.4,2.0,7.0,8.0,5.9,88.0,2.7,14.0,0.6,0.5,0.5,-51.5,0.0,47.6,4.9,118.0,81.0,14.0,0.4,0.5,0.4,-8.6,26.0,116.2,55.2,118.0,94.4,14.0,0.4,0.5,0.4,-1.37,0.0,2.1,0.19,72.0,2.04,14.0,0.3,0.5,0.3,-11.8,0.0,15.9,0.4,71.0,18.8,14.0,0.3,0.5,0.3,0.45,0.7,1.17,0.78,27.0,0.55,10.0,0.4,0.3,0.4,2.7,6.0,10.7,6.8,27.0,5.6,10.0,0.4,0.3,0.4,-32.2,0.0,34.2,2.1,118.0,37.8,14.0,0.4,0.5,0.4,-8.7,26.1,64.9,29.1,118.0,40.2,14.0,0.4,0.5,0.4,-27.9,-15.8,11.7,-11.0,27.0,23.3,10.0,0.4,0.3,0.4,-5.6,34.4,51.8,30.4,27.0,29.0,10.0,0.4,0.3,0.4,-5.6,-2.0,1.6,-2.7,27.0,5.0,10.0,0.4,0.3,0.4,-2.0,3.1,10.0,3.8,27.0,5.6,10.0,0.4,0.3,0.4,69.0,531.5,2552.0,1247.0,118.0,1892.0,14.0,0.4,0.5,0.4,70.0,530.0,2550.0,1245.0,118.0,1890.0,14.0,0.4,0.5,0.4
1974,2,4.0,55.0,5.5,6.2,6.6,6.24,21.0,1.02,14.0,0.4,0.3,0.4,4.6,6.0,7.75,5.98,23.0,1.71,16.0,0.4,0.3,0.4,3.9,5.18,5.81,4.97,15.0,0.99,16.0,0.4,0.3,0.4,72.7,84.8,91.4,83.1,15.0,9.5,16.0,0.4,0.4,2.86,7.2,11.0,7.28,24.0,4.12,16.0,0.4,0.4,0.4,-4.79,-2.37,4.53,-1.0,24.0,5.14,16.0,0.4,0.4,0.4,-0.16,4.15,9.07,4.59,24.0,4.77,16.0,0.4,0.4,0.4,993.93,1009.1,1023.32,1008.04,24.0,17.37,16.0,0.4,0.4,0.4,2.3,7.0,8.0,5.7,22.0,3.0,16.0,0.4,0.4,0.4,-35.1,-6.5,40.5,-5.6,24.0,55.0,16.0,0.4,0.4,0.4,-0.4,28.9,102.8,48.3,24.0,64.5,16.0,0.4,0.4,0.4,-1.48,0.0,1.99,0.32,21.0,2.06,14.0,0.4,0.3,0.4,-10.7,0.0,11.6,1.7,21.0,15.5,14.0,0.4,0.3,0.4,0.04,0.63,1.67,0.84,15.0,0.86,16.0,0.4,0.3,0.4,0.1,3.4,10.8,5.0,15.0,6.9,16.0,0.4,0.3,0.4,-22.3,-10.3,34.5,-0.9,23.0,30.9,16.0,0.4,0.3,0.4,0.0,22.2,62.6,30.7,23.0,35.5,16.0,0.4,0.3,0.4,-18.1,-7.0,22.6,-2.7,15.0,21.1,16.0,0.4,0.3,0.4,-3.7,13.1,49.7,23.6,15.0,32.2,16.0,0.4,0.3,0.4,-3.1,-0.8,0.0,-2.3,15.0,6.8,16.0,0.4,0.3,0.4,-1.4,0.4,6.0,1.8,15.0,4.4,16.0,0.4,0.3,0.4,23.5,378.5,1361.5,764.5,24.0,1028.0,16.0,0.4,0.4,0.4,25.0,380.0,1360.0,765.0,24.0,1030.0,16.0,0.4,0.4,0.4
1974,2,4.0,56.0,5.95,6.2,6.55,6.15,17.0,0.64,18.0,0.5,0.4,0.6,4.0,6.0,7.0,5.87,19.0,1.45,18.0,0.5,0.4,0.5,4.13,5.06,5.39,4.83,14.0,0.67,20.0,0.5,0.4,0.6,76.4,86.3,93.2,85.2,14.0,8.1,20.0,0.5,0.6,4.16,9.3,11.44,8.17,19.0,4.43,18.0,0.5,0.4,0.5,-7.51,-0.51,6.34,0.07,19.0,6.99,18.0,0.5,0.4,0.5,-2.8,3.35,6.55,2.13,19.0,6.03,18.0,0.5,0.4,0.5,999.17,1015.5,1025.95,1012.83,19.0,14.28,18.0,0.5,0.4,0.5,2.7,5.5,8.0,5.1,18.0,2.5,18.0,0.5,0.4,0.5,-73.6,-0.8,59.5,-0.4,19.0,88.4,18.0,0.5,0.4,0.5,-14.6,22.4,76.4,17.0,19.0,76.8,18.0,0.5,0.4,0.5,-0.75,0.4,1.62,0.41,17.0,1.72,18.0,0.5,0.4,0.6,-6.1,2.0,16.9,5.7,17.0,19.7,18.0,0.5,0.4,0.6,0.35,0.92,1.77,1.01,14.0,0.68,20.0,0.5,0.4,0.6,1.5,6.1,15.6,8.3,14.0,7.7,20.0,0.5,0.4,0.6,-36.4,-3.0,37.2,2.7,19.0,37.5,18.0,0.5,0.4,0.5,-18.4,21.1,41.2,14.4,19.0,31.8,18.0,0.5,0.4,0.5,-40.6,-4.3,30.2,-3.9,14.0,35.5,20.0,0.5,0.4,0.6,-10.9,18.8,33.9,13.0,14.0,23.6,20.0,0.5,0.4,0.6,-9.5,-1.0,4.7,-2.0,14.0,6.8,20.0,0.5,0.4,0.6,-1.4,2.1,5.4,3.3,14.0,8.5,20.0,0.5,0.4,0.6,84.0,804.5,1503.0,1015.0,19.0,1364.0,18.0,0.5,0.4,0.5,85.0,805.0,1505.0,1015.0,19.0,1365.0,18.0,0.5,0.4,0.5
1974,2,4.0,57.0,6.1,6.2,6.97,6.44,14.0,0.94,18.0,0.4,0.5,0.5,3.88,5.95,7.62,5.66,16.0,2.09,18.0,0.4,0.5,0.5,3.75,4.77,5.38,4.67,12.0,0.74,18.0,0.3,0.5,0.6,75.3,86.8,91.3,83.6,12.0,8.9,18.0,0.3,0.6,5.45,9.3,14.18,9.45,15.0,3.93,18.0,0.4,0.5,0.5,-10.04,0.89,8.15,0.4,15.0,8.23,18.0,0.4,0.5,0.5,-1.57,4.5,9.64,3.76,15.0,5.28,18.0,0.4,0.5,0.5,999.86,1010.85,1031.75,1014.38,16.0,17.01,18.0,0.4,0.5,0.5,4.4,7.5,8.0,6.4,16.0,2.1,18.0,0.4,0.5,0.5,-136.6,4.5,73.0,-13.2,15.0,100.0,18.0,0.4,0.5,0.5,-14.3,25.9,144.2,45.6,15.0,70.3,18.0,0.4,0.5,0.5,-1.91,1.25,2.27,0.86,14.0,2.76,18.0,0.4,0.5,0.5,-16.4,13.5,36.2,9.6,13.0,24.7,18.0,0.4,0.5,0.5,0.76,1.19,2.05,1.32,11.0,0.71,18.0,0.4,0.5,0.6,5.1,16.1,22.3,14.8,10.0,9.3,18.0,0.4,0.5,0.6,-45.9,7.1,60.3,11.9,15.0,48.4,18.0,0.4,0.5,0.5,-10.6,15.9,43.6,16.7,15.0,26.3,18.0,0.4,0.5,0.5,-44.7,23.0,39.4,5.5,11.0,38.9,18.0,0.4,0.5,0.6,-6.7,17.2,41.6,16.7,11.0,24.7,18.0,0.4,0.5,0.6,-13.1,1.2,13.3,0.0,10.0,13.6,18.0,0.4,0.5,0.6,-2.4,2.7,16.4,4.9,10.0,10.9,18.0,0.4,0.5,0.6,170.0,804.5,2857.5,1253.0,15.0,1270.0,18.0,0.4,0.5,0.5,170.0,805.0,2855.0,1255.0,15.0,1270.0,18.0,0.4,0.5,0.5
1974,2,4.0,58.0,5.8,6.4,6.6,6.14,117.0,0.76,22.0,0.4,0.5,0.2,4.74,6.6,7.76,6.28,117.0,1.51,22.0,0.4,0.5,0.2,4.04,4.77,5.43,4.76,105.0,0.69,22.0,0.4,0.5,0.1,71.1,81.3,87.1,80.2,105.0,7.3,22.0,0.4,0.1,2.1,5.4,10.8,6.38,116.0,4.7,22.0,0.4,0.5,0.2,-4.28,1.54,5.76,0.71,116.0,5.5,22.0,0.4,0.5,0.2,-0.99,1.38,7.81,2.97,116.0,4.84,22.0,0.4,0.5,0.2,1008.24,1022.3,1032.95,1019.93,117.0,14.2,22.0,0.4,0.5,0.2,4.0,8.0,8.0,6.3,112.0,2.4,22.0,0.4,0.5,0.2,-28.9,5.6,37.9,-6.0,116.0,71.9,22.0,0.4,0.5,0.2,-5.6,3.4,86.0,36.8,116.0,69.5,22.0,0.4,0.5,0.2,-1.5,-0.5,1.36,-0.14,117.0,1.39,22.0,0.4,0.5,0.2,-6.9,-1.1,8.3,2.2,116.0,15.2,22.0,0.4,0.5,0.2,0.34,1.06,1.87,1.1,105.0,0.68,22.0,0.4,0.5,0.1,0.9,4.9,10.0,7.6,104.0,10.1,22.0,0.4,0.5,0.1,-24.4,9.5,40.8,9.7,116.0,30.5,22.0,0.4,0.5,0.2,-7.2,8.3,37.7,15.3,116.0,26.2,22.0,0.4,0.5,0.2,-17.8,7.2,28.3,6.2,104.0,24.3,22.0,0.4,0.5,0.1,-4.9,4.1,32.1,11.2,104.0,19.9,22.0,0.4,0.5,0.1,-4.6,0.7,5.3,-1.3,104.0,8.9,22.0,0.4,0.5,0.1,-1.1,0.4,6.6,3.4,104.0,8.2,22.0,0.4,0.5,0.1,9.5,159.0,1259.5,782.5,116.0,1543.5,22.0,0.4,0.5,0.2,10.0,160.0,1260.0,780.0,116.0,1545.0,22.0,0.4,0.5,0.2
1974,2,4.0,59.0,3.95,5.3,7.0,5.35,31.0,1.49,18.0,0.4,0.5,0.4,3.49,5.0,6.41,4.94,32.0,1.67,18.0,0.3,0.5,0.4,4.18,4.57,5.07,4.65,10.0,0.66,18.0,0.7,0.4,0.5,75.4,86.9,96.7,85.8,10.0,11.5,18.0,0.7,0.5,3.93,7.5,12.08,7.92,32.0,4.34,18.0,0.3,0.5,0.4,-3.56,0.26,4.53,-0.18,32.0,5.44,18.0,0.3,0.5,0.4,-0.79,5.36,9.29,4.97,32.0,5.33,18.0,0.3,0.5,0.4,987.61,1012.25,1029.16,1009.23,32.0,19.35,18.0,0.3,0.5,0.4,2.3,7.5,8.0,6.0,24.0,2.9,18.0,0.4,0.5,0.4,-33.5,0.8,26.1,-6.4,32.0,75.4,18.0,0.3,0.5,0.4,-1.3,37.7,145.4,54.4,32.0,69.7,18.0,0.3,0.5,0.4,-0.92,0.5,2.5,0.41,31.0,1.96,18.0,0.4,0.5,0.4,-6.0,2.1,18.2,4.4,31.0,15.3,18.0,0.4,0.5,0.4,0.53,0.8,1.32,0.93,10.0,0.49,18.0,0.7,0.4,0.5,2.2,4.5,8.5,5.7,10.0,4.1,18.0,0.7,0.4,0.5,-16.3,0.8,23.0,-0.3,32.0,22.3,18.0,0.3,0.5,0.4,-3.5,23.3,57.0,25.2,32.0,28.4,18.0,0.3,0.5,0.4,-14.3,3.6,15.8,2.3,10.0,13.7,18.0,0.7,0.4,0.5,-1.7,17.9,38.9,22.9,10.0,29.5,18.0,0.7,0.4,0.5,-2.0,0.4,3.0,0.5,10.0,3.9,18.0,0.7,0.4,0.5,-0.2,3.3,6.9,3.3,10.0,5.1,18.0,0.7,0.4,0.5,61.5,427.5,1765.5,979.0,32.0,1420.0,18.0,0.3,0.5,0.4,60.0,430.0,1765.0,980.0,32.0,1420.0,18.0,0.3,0.5,0.4
1974,2,4.0,60.0,4.83,6.2,7.0,6.11,27.0,1.19,16.0,0.3,0.4,0.4,4.0,5.15,6.5,5.17,30.0,1.71,16.0,0.3,0.4,0.4,4.5,4.75,5.22,4.74,9.0,0.75,18.0,0.3,0.5,0.2,83.9,88.8,94.0,85.2,9.0,14.6,18.0,0.3,0.2,2.84,6.85,11.0,6.8,30.0,4.0,16.0,0.3,0.4,0.4,-2.21,0.0,1.94,-0.21,30.0,2.65,16.0,0.3,0.4,0.4,-0.09,4.89,10.52,4.52,30.0,5.97,16.0,0.3,0.4,0.4,993.87,1015.2,1025.92,1010.59,30.0,17.16,16.0,0.3,0.4,0.4,3.0,7.0,8.0,5.5,21.0,2.7,16.0,0.4,0.5,0.4,-18.9,0.0,13.3,-3.2,30.0,24.0,16.0,0.3,0.4,0.4,-0.8,28.6,114.9,41.8,30.0,72.9,16.0,0.3,0.4,0.4,-0.49,1.1,2.89,0.95,27.0,2.19,16.0,0.3,0.4,0.4,-2.2,5.4,21.8,7.2,27.0,16.9,16.0,0.3,0.4,0.4,0.5,0.63,1.07,0.86,9.0,0.52,18.0,0.3,0.5,0.2,1.5,3.1,3.9,2.8,9.0,1.5,18.0,0.3,0.5,0.2,-8.9,0.0,11.5,1.1,30.0,14.4,16.0,0.3,0.4,0.4,-0.5,20.1,61.1,25.2,30.0,32.8,16.0,0.3,0.4,0.4,-10.3,0.0,12.2,0.0,9.0,11.4,18.0,0.3,0.5,0.2,-1.9,13.3,29.8,16.6,9.0,22.6,18.0,0.3,0.5,0.2,-1.4,0.0,1.2,-0.3,9.0,1.7,18.0,0.3,0.5,0.2,-0.4,1.5,3.2,1.3,9.0,2.5,18.0,0.3,0.5,0.2,23.5,322.0,1331.0,649.0,30.0,874.5,16.0,0.3,0.4,0.4,25.0,320.0,1330.0,650.0,30.0,875.0,16.0,0.3,0.4,0.4
1974,2,4.0,61.0,4.34,6.0,7.06,5.81,35.0,1.53,16.0,0.3,0.2,0.4,2.5,5.2,7.09,5.15,36.0,2.13,16.0,0.3,0.2,0.5,3.59,5.02,5.6,4.64,10.0,1.15,12.0,0.3,0.2,0.5,69.2,85.9,97.4,83.0,10.0,14.4,12.0,0.3,0.5,5.74,9.0,13.93,9.59,37.0,4.14,16.0,0.3,0.2,0.5,-5.42,-1.56,3.83,-0.75,37.0,4.82,16.0,0.3,0.2,0.5,3.23,6.89,13.72,7.81,37.0,5.02,16.0,0.3,0.2,0.5,984.27,1000.1,1022.92,1002.85,37.0,17.51,16.0,0.3,0.2,0.5,5.3,8.0,8.0,6.8,28.0,2.1,16.0,0.4,0.2,0.5,-56.2,-6.3,35.6,-3.6,37.0,57.4,16.0,0.3,0.2,0.5,14.6,75.7,191.1,91.9,37.0,85.8,16.0,0.3,0.2,0.5,-0.93,0.5,2.28,0.59,34.0,2.14,16.0,0.3,0.2,0.5,-6.9,5.0,27.8,7.0,34.0,24.9,16.0,0.3,0.2,0.5,0.33,1.29,2.62,1.38,10.0,1.1,12.0,0.3,0.2,0.5,4.8,8.6,25.2,12.9,10.0,9.9,12.0,0.3,0.2,0.5,-20.2,-6.7,16.8,-2.3,36.0,24.6,16.0,0.3,0.2,0.5,9.2,41.7,69.1,42.0,36.0,31.5,16.0,0.3,0.2,0.5,-20.0,-15.6,9.6,-9.2,10.0,17.3,12.0,0.3,0.2,0.5,13.2,36.8,81.4,44.9,10.0,30.5,12.0,0.3,0.2,0.5,-14.7,-1.5,0.5,-5.3,10.0,9.8,12.0,0.3,0.2,0.5,4.2,7.4,14.7,9.7,10.0,7.2,12.0,0.3,0.2,0.5,192.0,729.0,2702.5,1374.0,37.0,1522.5,16.0,0.3,0.2,0.5,190.0,730.0,2700.0,1375.0,37.0,1520.0,16.0,0.3,0.2,0.5
1974,2,4.0,62.0,5.48,6.85,8.0,6.86,26.0,1.29,14.0,0.2,0.6,0.3,2.01,5.6,6.5,4.71,27.0,2.38,14.0,0.2,0.6,0.3,4.58,5.05,5.51,4.78,9.0,1.16,16.0,0.2,0.4,0.4,81.1,90.7,92.6,84.8,9.0,16.2,16.0,0.2,0.4,4.0,7.6,12.01,7.8,26.0,3.95,14.0,0.2,0.6,0.3,-4.11,0.0,4.96,0.81,26.0,4.96,14.0,0.2,0.6,0.3,-0.89,4.04,10.37,4.77,26.0,5.47,14.0,0.2,0.6,0.3,993.33,999.8,1020.94,1003.17,27.0,14.55,14.0,0.2,0.6,0.3,3.0,7.0,8.0,5.9,24.0,2.4,14.0,0.2,0.6,0.4,-28.1,0.0,42.1,13.8,26.0,54.7,14.0,0.2,0.6,0.3,-1.1,18.9,114.4,52.1,26.0,66.1,14.0,0.2,0.6,0.3,0.1,1.5,4.5,1.97,26.0,2.28,14.0,0.2,0.6,0.3,0.5,8.0,25.2,13.1,25.0,17.0,16.0,0.2,0.6,0.4,0.79,0.97,2.08,1.41,9.0,1.0,16.0,0.2,0.4,0.4,4.4,8.6,17.9,11.0,8.0,8.0,16.0,0.1,0.4,0.4,-10.1,0.0,36.2,10.7,26.0,28.2,14.0,0.2,0.6,0.3,-5.4,21.8,62.8,26.2,26.0,30.6,14.0,0.2,0.6,0.3,-13.7,0.0,24.9,3.7,8.0,21.4,16.0,0.1,0.4,0.4,3.8,39.8,57.2,32.7,8.0,26.7,16.0,0.1,0.4,0.4,-3.8,0.0,3.1,-2.6,8.0,9.8,16.0,0.1,0.4,0.4,2.8,4.8,12.4,7.0,8.0,6.5,16.0,0.1,0.4,0.4,64.0,442.5,1732.5,834.5,26.0,1008.0,14.0,0.2,0.6,0.3,65.0,445.0,1730.0,835.0,26.0,1010.0,14.0,0.2,0.6,0.3
1974,2,4.0,63.0,6.56,7.45,8.79,7.64,10.0,1.13,16.0,0.4,0.5,0.4,2.51,5.9,7.41,5.19,11.0,2.7,14.0,0.4,0.5,0.4,3.38,4.42,6.18,4.64,9.0,1.4,18.0,0.3,0.5,0.5,64.2,85.9,100.0,81.2,9.0,19.1,18.0,0.3,0.5,6.46,9.3,18.41,11.82,11.0,5.8,14.0,0.4,0.5,0.4,-6.38,4.65,9.93,2.47,11.0,7.67,14.0,0.4,0.5,0.4,0.52,8.05,14.17,7.7,11.0,7.51,14.0,0.4,0.5,0.4,1001.13,1009.3,1020.18,1009.76,11.0,9.88,14.0,0.4,0.5,0.4,4.3,7.0,8.0,6.3,11.0,2.5,14.0,0.4,0.5,0.4,-51.7,25.6,177.5,54.2,11.0,110.5,14.0,0.4,0.5,0.4,2.7,74.9,262.4,126.4,11.0,156.1,14.0,0.4,0.5,0.4,0.44,1.6,3.3,1.9,10.0,1.63,16.0,0.4,0.5,0.4,5.3,23.0,33.4,21.2,10.0,15.5,16.0,0.4,0.5,0.4,0.41,1.8,3.21,1.87,9.0,1.29,18.0,0.3,0.5,0.5,6.5,13.7,57.9,25.4,9.0,25.7,18.0,0.3,0.5,0.5,-15.9,32.6,61.8,24.6,11.0,47.6,14.0,0.4,0.5,0.4,3.4,39.2,97.8,48.7,11.0,41.4,14.0,0.4,0.5,0.4,-9.4,22.9,67.8,25.7,9.0,39.1,18.0,0.3,0.5,0.5,11.7,39.6,64.4,36.0,9.0,28.9,18.0,0.3,0.5,0.5,-6.4,3.2,20.2,4.7,9.0,14.0,18.0,0.3,0.5,0.5,0.8,13.4,53.0,19.6,9.0,27.0,18.0,0.3,0.5,0.5,278.0,804.5,6256.0,2841.0,11.0,3693.5,14.0,0.4,0.5,0.4,280.0,805.0,6255.0,2840.0,11.0,3695.0,14.0,0.4,0.5,0.4
1974,2,4.0,64.0,5.58,5.75,5.92,5.75,2.0,0.35,14.0,0.0,0.2,0.7,0.0,1.5,4.99,2.45,4.0,3.23,16.0,0.0,0.3,0.4,3.98,3.98,3.98,3.98,1.0,0.0,10.0,0.0,0.7,0.2,83.0,83.0,83.0,83.0,1.0,0.0,10.0,0.0,0.2,4.84,8.1,11.05,7.95,4.0,3.77,16.0,0.0,0.3,0.4,-3.73,0.25,3.31,-0.19,4.0,4.58,16.0,0.0,0.3,0.4,-7.34,-0.3,6.77,-0.29,4.0,8.79,16.0,0.0,0.3,0.4,993.62,1005.2,1011.85,1002.85,4.0,11.09,16.0,0.0,0.3,0.4,4.0,6.0,7.4,5.7,3.0,2.5,14.0,0.0,0.4,0.3,-39.8,6.5,23.7,-7.4,4.0,45.3,16.0,0.0,0.3,0.4,-77.1,-6.3,57.4,-9.7,4.0,92.4,16.0,0.0,0.3,0.4,,,,,,,,,,,,,,,,,,,,,,,,,,,,,,,,,,,,,,,,,-1.9,0.0,6.2,2.0,4.0,6.7,16.0,0.0,0.3,0.4,0.0,5.1,39.9,19.3,4.0,32.1,16.0,0.0,0.3,0.4,-4.9,-4.9,-4.9,-4.9,1.0,0.0,10.0,0.0,0.7,0.2,13.5,13.5,13.5,13.5,1.0,0.0,10.0,0.0,0.7,0.2,,,,,,,,,,,,,,,,,,,,,,,,,,,,,,,,,,,,,,,,
1974,2,4.0,66.0,,,,,,,,,,,,,,,,,,,,,,,,,,,,,,,,,,,,,,,,11.27,14.0,16.73,14.0,2.0,5.66,26.0,0.0,0.3,0.5,9.12,10.12,11.11,10.12,2.0,2.06,26.0,0.0,0.3,0.5,6.39,9.39,12.39,9.39,2.0,6.21,26.0,0.0,0.3,0.5,1013.65,1017.85,1022.05,1017.85,2.0,8.7,26.0,0.0,0.3,0.5,,,,,,,,,,,,,,,,,,,,,,,,,,,,,,,,,,,,,,,,,,,,,,,,,,,,,,,,,,,,,,,,,,,,,,,,,,,,,,,,,,,,,,,,,,,,,,,,,,,,,,,,,,,,,,,,,,,,,,,,,,,,,,,,,,,,,,,,,,,,,,,,,,,,,,
1974,2,4.0,67.0,,,,,,,,,,,,,,,,,,,,,,,,,,,,,,,,,,,,,,,,9.32,10.0,10.68,10.0,2.0,1.41,24.0,0.0,0.4,0.8,3.93,5.75,7.58,5.75,2.0,3.78,24.0,0.0,0.4,0.8,7.29,7.76,8.24,7.76,2.0,0.98,24.0,0.0,0.4,0.8,1008.59,1014.6,1020.61,1014.6,2.0,12.45,24.0,0.0,0.4,0.8,,,,,,,,,,,,,,,,,,,,,,,,,,,,,,,,,,,,,,,,,,,,,,,,,,,,,,,,,,,,,,,,,,,,,,,,,,,,,,,,,,,,,,,,,,,,,,,,,,,,,,,,,,,,,,,,,,,,,,,,,,,,,,,,,,,,,,,,,,,,,,,,,,,,,,
1974,2,4.0,68.0,6.6,6.6,6.6,6.6,1.0,0.0,26.0,1.0,0.5,0.1,7.1,7.1,7.1,7.1,1.0,0.0,26.0,1.0,0.5,0.1,5.27,5.27,5.27,5.27,1.0,0.0,26.0,1.0,0.5,0.1,86.5,86.5,86.5,86.5,1.0,0.0,26.0,1.0,0.1,1.5,1.5,1.5,1.5,1.0,0.0,26.0,1.0,0.5,0.1,-0.96,-0.96,-0.96,-0.96,1.0,0.0,26.0,1.0,0.5,0.1,1.15,1.15,1.15,1.15,1.0,0.0,26.0,1.0,0.5,0.1,1036.6,1036.6,1036.6,1036.6,1.0,0.0,26.0,1.0,0.5,0.1,8.0,8.0,8.0,8.0,1.0,0.0,26.0,1.0,0.5,0.1,-1.4,-1.4,-1.4,-1.4,1.0,0.0,26.0,1.0,0.5,0.1,1.7,1.7,1.7,1.7,1.0,0.0,26.0,1.0,0.5,0.1,-0.5,-0.5,-0.5,-0.5,1.0,0.0,26.0,1.0,0.5,0.1,-0.7,-0.7,-0.7,-0.7,1.0,0.0,26.0,1.0,0.5,0.1,0.62,0.62,0.62,0.62,1.0,0.0,26.0,1.0,0.5,0.1,0.9,0.9,0.9,0.9,1.0,0.0,26.0,1.0,0.5,0.1,-6.8,-6.8,-6.8,-6.8,1.0,0.0,26.0,1.0,0.5,0.1,8.2,8.2,8.2,8.2,1.0,0.0,26.0,1.0,0.5,0.1,-5.1,-5.1,-5.1,-5.1,1.0,0.0,26.0,1.0,0.5,0.1,6.1,6.1,6.1,6.1,1.0,0.0,26.0,1.0,0.5,0.1,-0.6,-0.6,-0.6,-0.6,1.0,0.0,26.0,1.0,0.5,0.1,0.7,0.7,0.7,0.7,1.0,0.0,26.0,1.0,0.5,0.1,3.5,3.5,3.5,3.5,1.0,0.0,26.0,1.0,0.5,0.1,5.0,5.0,5.0,5.0,1.0,0.0,26.0,1.0,0.5,0.1
1974,2,4.0,69.0,,,,,,,,,,,,,,,,,,,,,,,,,,,,,,,,,,,,,,,,12.9,12.9,12.9,12.9,1.0,0.0,4.0,1.0,0.0,0.4,-9.88,-9.88,-9.88,-9.88,1.0,0.0,4.0,1.0,0.0,0.4,-8.29,-8.29,-8.29,-8.29,1.0,0.0,4.0,1.0,0.0,0.4,1010.7,1010.7,1010.7,1010.7,1.0,0.0,4.0,1.0,0.0,0.4,,,,,,,,,,,,,,,,,,,,,,,,,,,,,,,,,,,,,,,,,,,,,,,,,,,,,,,,,,,,,,,,,,,,,,,,,,,,,,,,,,,,,,,,,,,,,,,,,,,,,,,,,,,,,,,,,,,,,,,,,,,,,,,,,,,,,,,,,,,,,,,,,,,,,,
1974,2,4.0,70.0,,,,,,,,,,,,,,,,,,,,,,,,,,,,,,,,,,,,,,,,9.0,9.0,9.0,9.0,1.0,0.0,4.0,0.0,0.5,0.1,-7.79,-7.79,-7.79,-7.79,1.0,0.0,4.0,0.0,0.5,0.1,-4.5,-4.5,-4.5,-4.5,1.0,0.0,4.0,0.0,0.5,0.1,1011.3,1011.3,1011.3,1011.3,1.0,0.0,4.0,0.0,0.5,0.1,,,,,,,,,,,,,,,,,,,,,,,,,,,,,,,,,,,,,,,,,,,,,,,,,,,,,,,,,,,,,,,,,,,,,,,,,,,,,,,,,,,,,,,,,,,,,,,,,,,,,,,,,,,,,,,,,,,,,,,,,,,,,,,,,,,,,,,,,,,,,,,,,,,,,,
1974,2,4.0,71.0,4.5,4.7,4.9,4.7,3.0,0.3,20.0,0.3,0.2,0.2,5.0,5.0,5.07,5.03,3.0,0.06,20.0,0.3,0.2,0.2,4.75,4.86,4.97,4.86,2.0,0.23,20.0,0.5,0.1,0.1,87.8,89.7,91.7,89.7,2.0,4.0,20.0,0.5,0.1,10.86,11.0,11.55,11.2,3.0,0.53,20.0,0.3,0.2,0.2,-3.74,-3.69,-2.57,-3.17,3.0,0.97,20.0,0.3,0.2,0.2,10.21,10.34,11.21,10.7,3.0,0.8,20.0,0.3,0.2,0.2,1011.78,1012.6,1013.42,1012.6,3.0,1.2,20.0,0.3,0.2,0.2,8.0,8.0,8.0,8.0,3.0,0.0,20.0,0.3,0.2,0.2,-40.9,-39.9,-29.2,-35.2,3.0,9.5,20.0,0.3,0.2,0.2,110.9,113.7,129.7,120.1,3.0,14.8,20.0,0.3,0.2,0.2,-0.5,-0.3,-0.16,-0.33,3.0,0.25,20.0,0.3,0.2,0.2,-5.6,-3.5,-1.9,-3.7,3.0,2.8,20.0,0.3,0.2,0.2,0.4,0.48,0.56,0.48,2.0,0.16,20.0,0.5,0.1,0.1,4.4,5.5,6.6,5.5,2.0,2.2,20.0,0.5,0.1,0.1,-18.8,-18.8,-13.0,-16.0,3.0,5.0,20.0,0.3,0.2,0.2,51.7,51.8,56.1,53.8,3.0,3.7,20.0,0.3,0.2,0.2,-17.1,-14.1,-11.0,-14.1,2.0,6.3,20.0,0.5,0.1,0.1,51.6,52.8,54.0,52.8,2.0,2.5,20.0,0.5,0.1,0.1,-1.3,-1.3,-1.2,-1.3,2.0,0.1,20.0,0.5,0.1,0.1,4.2,5.3,6.4,5.3,2.0,2.3,20.0,0.5,0.1,0.1,1282.5,1331.0,1544.0,1411.0,3.0,204.0,20.0,0.3,0.2,0.2,1280.0,1330.0,1545.0,1410.0,3.0,205.0,20.0,0.3,0.2,0.2
1974,2,4.0,74.0,,,,,,,,,,,,,,,,,,,,,,,,,,,,,,,,,,,,,,,,,,,,,,,,,,,,,,,,,,,,,,,,,,,,,,,,,,,,,,,,8.0,8.0,8.0,8.0,2.0,0.0,26.0,0.0,0.8,0.5,6.1,19.3,32.4,19.3,2.0,27.3,26.0,0.0,0.8,0.5,219.6,221.8,224.0,221.8,2.0,4.5,26.0,0.0,0.8,0.5,,,,,,,,,,,,,,,,,,,,,,,,,,,,,,,,,,,,,,,,,,,,,,,,,,,,,,,,,,,,,,,,,,,,,,,,,,,,,,,,,,,,,,,,,,,,,,,,,,,,,,,,,,,,,,,,,,,,,,,,
1974,2,5.0,-70.0,,,,,,,,,,,,,,,,,,,,,,,,,,,,,,,,,,,,,,,,4.6,4.6,4.6,4.6,1.0,0.0,6.0,1.0,0.5,0.1,-4.23,-4.23,-4.23,-4.23,1.0,0.0,6.0,1.0,0.5,0.1,1.8,1.8,1.8,1.8,1.0,0.0,6.0,1.0,0.5,0.1,992.9,992.9,992.9,992.9,1.0,0.0,6.0,1.0,0.5,0.1,,,,,,,,,,,,,,,,,,,,,,,,,,,,,,,,,,,,,,,,,,,,,,,,,,,,,,,,,,,,,,,,,,,,,,,,,,,,,,,,,,,,,,,,,,,,,,,,,,,,,,,,,,,,,,,,,,,,,,,,,,,,,,,,,,,,,,,,,,,,,,,,,,,,,,
1974,2,5.0,-67.0,,,,,,,,,,,,,,,,,,,,,,,,,,,,,,,,,,,,,,,,8.2,8.2,8.2,8.2,1.0,0.0,26.0,1.0,0.5,0.3,-6.28,-6.28,-6.28,-6.28,1.0,0.0,26.0,1.0,0.5,0.3,-5.27,-5.27,-5.27,-5.27,1.0,0.0,26.0,1.0,0.5,0.3,975.9,975.9,975.9,975.9,1.0,0.0,26.0,1.0,0.5,0.3,,,,,,,,,,,,,,,,,,,,,,,,,,,,,,,,,,,,,,,,,,,,,,,,,,,,,,,,,,,,,,,,,,,,,,,,,,,,,,,,,,,,,,,,,,,,,,,,,,,,,,,,,,,,,,,,,,,,,,,,,,,,,,,,,,,,,,,,,,,,,,,,,,,,,,
1974,2,5.0,-43.0,,,,,,,,,,,,,,,,,,,,,,,,,,,,,,,,,,,,,,,,8.0,8.0,8.0,8.0,1.0,0.0,10.0,1.0,0.2,0.9,2.74,2.74,2.74,2.74,1.0,0.0,10.0,1.0,0.2,0.9,-7.52,-7.52,-7.52,-7.52,1.0,0.0,10.0,1.0,0.2,0.9,1016.8,1016.8,1016.8,1016.8,1.0,0.0,10.0,1.0,0.2,0.9,,,,,,,,,,,,,,,,,,,,,,,,,,,,,,,,,,,,,,,,,,,,,,,,,,,,,,,,,,,,,,,,,,,,,,,,,,,,,,,,,,,,,,,,,,,,,,,,,,,,,,,,,,,,,,,,,,,,,,,,,,,,,,,,,,,,,,,,,,,,,,,,,,,,,,
1974,2,5.0,-36.0,20.4,20.4,20.4,20.4,1.0,0.0,22.0,1.0,0.0,1.0,18.8,18.8,18.8,18.8,1.0,0.0,22.0,1.0,0.0,1.0,8.77,8.77,8.77,8.77,1.0,0.0,22.0,1.0,0.0,1.0,65.5,65.5,65.5,65.5,1.0,0.0,22.0,1.0,1.0,5.1,5.1,5.1,5.1,1.0,0.0,22.0,1.0,0.0,1.0,-3.91,-3.91,-3.91,-3.91,1.0,0.0,22.0,1.0,0.0,1.0,3.28,3.28,3.28,3.28,1.0,0.0,22.0,1.0,0.0,1.0,1017.0,1017.0,1017.0,1017.0,1.0,0.0,22.0,1.0,0.0,1.0,8.0,8.0,8.0,8.0,1.0,0.0,22.0,1.0,0.0,1.0,-19.9,-19.9,-19.9,-19.9,1.0,0.0,22.0,1.0,0.0,1.0,16.7,16.7,16.7,16.7,1.0,0.0,22.0,1.0,0.0,1.0,1.6,1.6,1.6,1.6,1.0,0.0,22.0,1.0,0.0,1.0,8.2,8.2,8.2,8.2,1.0,0.0,22.0,1.0,0.0,1.0,6.08,6.08,6.08,6.08,1.0,0.0,22.0,1.0,0.0,1.0,31.0,31.0,31.0,31.0,1.0,0.0,22.0,1.0,0.0,1.0,-73.4,-73.4,-73.4,-73.4,1.0,0.0,22.0,1.0,0.0,1.0,61.6,61.6,61.6,61.6,1.0,0.0,22.0,1.0,0.0,1.0,-34.3,-34.3,-34.3,-34.3,1.0,0.0,22.0,1.0,0.0,1.0,28.8,28.8,28.8,28.8,1.0,0.0,22.0,1.0,0.0,1.0,-23.8,-23.8,-23.8,-23.8,1.0,0.0,22.0,1.0,0.0,1.0,19.9,19.9,19.9,19.9,1.0,0.0,22.0,1.0,0.0,1.0,132.5,132.5,132.5,132.5,1.0,0.0,22.0,1.0,0.0,1.0,135.0,135.0,135.0,135.0,1.0,0.0,22.0,1.0,0.0,1.0
1974,2,5.0,-35.0,18.74,19.25,19.76,19.25,2.0,1.06,14.0,0.5,0.5,0.8,19.63,21.0,22.37,21.0,2.0,2.83,14.0,0.5,0.5,0.8,8.99,9.15,9.31,9.15,2.0,0.33,14.0,0.5,0.5,0.8,54.4,60.5,66.7,60.5,2.0,12.7,14.0,0.5,0.8,5.01,5.9,6.79,5.9,2.0,1.84,14.0,0.5,0.5,0.8,-5.96,-5.38,-4.8,-5.38,2.0,1.21,14.0,0.5,0.5,0.8,1.24,2.2,3.16,2.2,2.0,1.98,14.0,0.5,0.5,0.8,1021.22,1021.7,1022.18,1021.7,2.0,0.99,14.0,0.5,0.5,0.8,2.5,3.5,4.5,3.5,2.0,2.1,14.0,0.5,0.5,0.8,-41.1,-32.9,-24.7,-32.9,2.0,17.0,14.0,0.5,0.5,0.8,7.2,14.8,22.4,14.8,2.0,15.7,14.0,0.5,0.5,0.8,-2.6,-1.75,-0.9,-1.75,2.0,1.77,14.0,0.5,0.5,0.8,-18.5,-11.9,-5.4,-11.9,2.0,13.6,14.0,0.5,0.5,0.8,4.01,4.62,5.23,4.62,2.0,1.26,14.0,0.5,0.5,0.8,20.7,28.4,36.1,28.4,2.0,15.9,14.0,0.5,0.5,0.8,-134.3,-114.7,-95.2,-114.7,2.0,40.5,14.0,0.5,0.5,0.8,25.9,49.0,72.1,49.0,2.0,47.8,14.0,0.5,0.5,0.8,-53.5,-49.0,-44.6,-49.0,2.0,9.2,14.0,0.5,0.5,0.8,11.4,19.8,28.2,19.8,2.0,17.4,14.0,0.5,0.5,0.8,-31.6,-25.7,-19.7,-25.7,2.0,12.4,14.0,0.5,0.5,0.8,5.7,11.4,17.2,11.4,2.0,11.9,14.0,0.5,0.5,0.8,141.0,235.5,329.5,235.5,2.0,195.0,14.0,0.5,0.5,0.8,140.0,235.0,330.0,235.0,2.0,195.0,14.0,0.5,0.5,0.8
1974,2,5.0,-33.0,20.66,21.85,23.04,21.85,2.0,2.47,4.0,1.0,0.3,0.2,18.64,19.8,20.96,19.8,2.0,2.4,4.0,1.0,0.3,0.2,9.57,10.9,12.23,10.9,2.0,2.76,4.0,1.0,0.3,0.2,71.9,75.4,78.8,75.4,2.0,7.2,4.0,1.0,0.2,5.59,6.65,7.71,6.65,2.0,2.19,4.0,1.0,0.3,0.2,-3.04,-0.77,1.49,-0.77,2.0,4.7,4.0,1.0,0.3,0.2,4.84,5.76,6.68,5.76,2.0,1.9,4.0,1.0,0.3,0.2,1012.68,1017.15,1021.62,1017.15,2.0,9.26,4.0,1.0,0.3,0.2,2.6,4.0,5.4,4.0,2.0,2.8,4.0,1.0,0.3,0.2,-26.2,-10.3,5.6,-10.3,2.0,33.0,4.0,1.0,0.3,0.2,28.2,40.4,52.6,40.4,2.0,25.2,4.0,1.0,0.3,0.2,-0.3,2.05,4.4,2.05,2.0,4.88,4.0,1.0,0.3,0.2,1.2,19.0,36.8,19.0,2.0,36.9,4.0,1.0,0.3,0.2,2.96,5.42,7.88,5.42,2.0,5.1,4.0,1.0,0.3,0.2,19.5,41.6,63.7,41.6,2.0,45.8,4.0,1.0,0.3,0.2,-53.7,-9.7,34.3,-9.7,2.0,91.2,4.0,1.0,0.3,0.2,100.3,111.7,123.2,111.7,2.0,23.7,4.0,1.0,0.3,0.2,-25.7,-2.0,21.8,-2.0,2.0,49.1,4.0,1.0,0.3,0.2,57.8,60.2,62.5,60.2,2.0,4.8,4.0,1.0,0.3,0.2,-30.4,-16.2,-2.0,-16.2,2.0,29.4,4.0,1.0,0.3,0.2,16.9,36.1,55.2,36.1,2.0,39.6,4.0,1.0,0.3,0.2,199.0,342.0,485.0,342.0,2.0,296.0,4.0,1.0,0.3,0.2,200.0,340.0,485.0,340.0,2.0,295.0,4.0,1.0,0.3,0.2
1974,2,5.0,-32.0,20.5,20.5,20.5,20.5,1.0,0.0,16.0,0.0,0.1,0.5,20.4,20.4,20.4,20.4,1.0,0.0,16.0,0.0,0.1,0.5,8.44,8.44,8.44,8.44,1.0,0.0,16.0,0.0,0.1,0.5,57.4,57.4,57.4,57.4,1.0,0.0,16.0,0.0,0.5,,,,,,,,,,,,,,,,,,,,,,,,,,,,,,,,,,,,,,,,,,,,,,,,,,,,,,,,,,,,,,,,,,,,,,,,,,,,,,,,,,,,,,,,,,,,,,,,,,,,,,,,,,,,,,,,,,,,,,,,,,,,,,,,,,,,,,,,,,,,,,,,,,,,,,,,,,,,,,,,,,,,,,,,,,,,,,,,,,,,,,,,,,,,,,
1974,2,5.0,-31.0,20.32,21.0,21.34,20.83,3.0,0.76,14.0,1.0,0.3,0.8,20.24,21.0,22.29,21.25,4.0,1.32,12.0,1.0,0.4,0.8,11.5,12.57,12.63,12.08,3.0,0.93,14.0,1.0,0.3,0.8,77.3,79.5,83.3,80.3,3.0,4.4,14.0,1.0,0.8,2.1,3.1,5.99,4.0,4.0,2.64,12.0,1.0,0.4,0.8,-3.11,-2.23,-1.71,-2.4,4.0,0.88,12.0,1.0,0.4,0.8,1.19,1.7,4.77,2.92,4.0,2.91,12.0,1.0,0.4,0.8,1017.22,1019.5,1020.21,1018.75,4.0,2.18,12.0,1.0,0.4,0.8,3.0,5.5,7.5,5.3,4.0,2.8,12.0,1.0,0.4,0.8,-17.6,-9.2,-3.6,-10.5,4.0,8.3,12.0,1.0,0.4,0.8,2.5,5.6,33.2,17.3,4.0,25.8,12.0,1.0,0.4,0.8,0.0,0.0,0.34,0.17,3.0,0.29,14.0,1.0,0.3,0.8,0.0,0.0,1.4,0.7,3.0,1.2,14.0,1.0,0.3,0.8,2.9,3.28,3.4,3.15,3.0,0.38,14.0,1.0,0.3,0.8,8.2,11.1,21.7,14.9,3.0,10.4,14.0,1.0,0.3,0.8,-63.2,-47.2,-38.0,-50.5,4.0,16.6,12.0,1.0,0.4,0.8,26.5,35.5,95.8,60.0,4.0,57.0,12.0,1.0,0.4,0.8,-39.9,-29.0,-23.0,-31.4,3.0,12.5,14.0,1.0,0.3,0.8,19.8,25.9,62.6,40.8,3.0,33.9,14.0,1.0,0.3,0.8,-9.5,-9.1,-6.5,-8.0,3.0,2.4,14.0,1.0,0.3,0.8,4.8,5.6,18.8,11.7,3.0,11.6,14.0,1.0,0.3,0.8,9.5,39.0,272.0,136.0,4.0,215.5,12.0,1.0,0.4,0.8,10.0,40.0,270.0,135.0,4.0,215.0,12.0,1.0,0.4,0.8
1974,2,5.0,-30.0,21.52,21.55,21.58,21.55,2.0,0.07,20.0,1.0,0.2,0.4,20.52,21.2,21.88,21.2,3.0,1.0,22.0,1.0,0.2,0.5,10.68,12.46,14.25,12.46,2.0,3.71,22.0,1.0,0.3,0.5,67.8,77.1,86.3,77.1,2.0,19.2,22.0,1.0,0.5,5.45,6.2,7.91,6.67,3.0,1.84,22.0,1.0,0.2,0.5,-6.66,-2.55,1.91,-2.38,3.0,6.28,22.0,1.0,0.2,0.5,-2.76,1.51,3.49,0.39,3.0,4.68,22.0,1.0,0.2,0.5,1015.8,1019.9,1019.97,1017.93,3.0,3.49,22.0,1.0,0.2,0.5,3.6,7.0,7.7,5.7,3.0,3.2,22.0,1.0,0.2,0.5,-55.0,-13.0,12.7,-20.9,3.0,50.1,22.0,1.0,0.2,0.5,-15.9,13.1,19.5,2.1,3.0,27.7,22.0,1.0,0.2,0.5,0.54,0.85,1.16,0.85,2.0,0.64,20.0,1.0,0.2,0.4,3.5,6.7,9.8,6.7,2.0,6.6,20.0,1.0,0.2,0.4,6.11,6.11,6.11,6.11,1.0,0.0,16.0,1.0,0.2,0.2,31.2,31.2,31.2,31.2,1.0,0.0,16.0,1.0,0.2,0.2,-135.3,-54.1,43.2,-46.2,3.0,130.9,22.0,1.0,0.2,0.5,-62.3,30.5,73.6,6.2,3.0,101.7,22.0,1.0,0.2,0.5,-11.6,17.5,46.6,17.5,2.0,60.3,22.0,1.0,0.3,0.5,-53.4,-14.1,25.2,-14.1,2.0,81.4,22.0,1.0,0.3,0.5,-15.6,-15.6,-15.6,-15.6,1.0,0.0,16.0,1.0,0.2,0.2,27.0,27.0,27.0,27.0,1.0,0.0,16.0,1.0,0.2,0.2,166.0,238.5,525.0,343.0,3.0,278.0,22.0,1.0,0.2,0.5,165.0,240.0,525.0,345.0,3.0,280.0,22.0,1.0,0.2,0.5
1974,2,5.0,-29.0,21.32,21.8,22.07,21.7,3.0,0.56,18.0,0.3,0.5,0.8,20.28,21.1,21.71,21.0,3.0,1.05,18.0,0.3,0.5,0.8,11.18,14.02,14.88,13.05,3.0,2.83,18.0,0.3,0.5,0.8,75.5,90.0,92.0,83.9,3.0,13.2,18.0,0.3,0.8,3.29,8.2,12.09,7.7,3.0,6.46,18.0,0.3,0.5,0.8,-5.8,0.94,5.56,-0.1,3.0,8.37,18.0,0.3,0.5,0.8,1.12,2.8,8.16,4.6,3.0,5.38,18.0,0.3,0.5,0.8,1012.68,1013.5,1016.57,1014.6,3.0,3.01,18.0,0.3,0.5,0.8,6.3,7.0,7.7,7.0,3.0,1.0,18.0,0.3,0.5,0.8,-84.5,0.9,43.4,-20.0,3.0,95.4,18.0,0.3,0.5,0.8,7.5,23.0,108.3,57.1,3.0,79.5,18.0,0.3,0.5,0.8,0.21,1.1,1.17,0.7,3.0,0.78,18.0,0.3,0.5,0.8,2.7,9.0,14.2,8.5,3.0,8.5,18.0,0.3,0.5,0.8,1.51,2.67,4.69,3.09,3.0,2.36,18.0,0.3,0.5,0.8,7.6,21.9,60.4,33.7,3.0,40.0,18.0,0.3,0.5,0.8,-114.8,20.7,117.5,1.8,3.0,171.0,18.0,0.3,0.5,0.8,23.9,59.2,163.4,92.9,3.0,106.3,18.0,0.3,0.5,0.8,-55.6,14.4,78.3,11.4,3.0,98.1,18.0,0.3,0.5,0.8,16.0,39.3,84.2,49.9,3.0,50.7,18.0,0.3,0.5,0.8,-34.1,0.9,14.3,-9.6,3.0,36.6,18.0,0.3,0.5,0.8,2.6,7.5,43.3,22.6,3.0,32.6,18.0,0.3,0.5,0.8,175.5,551.5,2008.0,1079.5,3.0,1418.0,18.0,0.3,0.5,0.8,175.0,550.0,2010.0,1080.0,3.0,1420.0,18.0,0.3,0.5,0.8
1974,2,5.0,-28.0,20.56,21.0,21.95,21.22,5.0,0.75,12.0,0.8,0.6,0.6,20.09,21.0,23.31,21.68,5.0,2.41,12.0,0.8,0.6,0.6,11.53,12.82,13.82,12.67,5.0,1.42,12.0,0.8,0.6,0.6,68.6,80.3,94.8,80.3,5.0,17.8,12.0,0.8,0.6,4.7,6.7,8.33,6.5,5.0,2.93,12.0,0.8,0.6,0.6,-5.92,-5.37,-1.58,-4.1,5.0,2.44,12.0,0.8,0.6,0.6,2.35,4.63,7.07,4.65,5.0,2.72,12.0,0.8,0.6,0.6,1015.05,1016.0,1016.73,1015.88,5.0,1.63,12.0,0.8,0.6,0.6,7.0,7.5,8.0,7.5,4.0,0.6,10.0,1.0,0.6,0.7,-50.1,-33.3,-6.3,-30.6,5.0,26.2,12.0,0.8,0.6,0.6,13.0,33.3,57.7,36.0,5.0,29.8,12.0,0.8,0.6,0.6,-1.56,-0.2,0.66,-0.46,5.0,1.87,12.0,0.8,0.6,0.6,-11.1,-1.2,1.4,-5.1,5.0,11.2,12.0,0.8,0.6,0.6,1.44,2.97,4.38,2.99,5.0,2.0,12.0,0.8,0.6,0.6,4.2,21.3,35.2,20.7,5.0,17.0,12.0,0.8,0.6,0.6,-138.1,-118.1,-31.1,-91.0,5.0,56.8,12.0,0.8,0.6,0.6,50.7,118.5,147.3,101.6,5.0,57.3,12.0,0.8,0.6,0.6,-72.8,-58.6,-21.7,-49.7,5.0,27.7,12.0,0.8,0.6,0.6,30.4,49.1,94.7,58.5,5.0,35.5,12.0,0.8,0.6,0.6,-24.6,-18.5,-2.5,-15.1,5.0,13.2,12.0,0.8,0.6,0.6,3.4,10.7,25.1,13.6,5.0,11.5,12.0,0.8,0.6,0.6,154.5,301.0,636.0,403.0,5.0,409.0,12.0,0.8,0.6,0.6,155.0,300.0,635.0,405.0,5.0,410.0,12.0,0.8,0.6,0.6
1974,2,5.0,-27.0,20.98,21.6,22.64,21.8,4.0,1.18,14.0,0.8,0.5,0.4,20.68,22.2,23.25,21.98,4.0,1.53,14.0,0.8,0.5,0.4,10.51,11.18,13.13,11.8,3.0,1.99,18.0,0.7,0.7,0.5,65.0,74.9,83.5,74.3,4.0,13.4,14.0,0.8,0.4,3.81,4.85,6.46,5.13,4.0,1.92,14.0,0.8,0.5,0.4,-4.71,-2.42,-2.14,-3.38,4.0,2.21,14.0,0.8,0.5,0.4,3.08,3.92,4.21,3.66,4.0,0.89,14.0,0.8,0.5,0.4,1012.31,1016.2,1017.16,1014.77,3.0,3.76,18.0,0.7,0.7,0.5,3.4,6.5,7.5,5.5,4.0,3.1,14.0,0.8,0.5,0.4,-33.1,-11.8,-8.3,-20.3,4.0,20.9,14.0,0.8,0.5,0.4,12.6,20.4,26.3,19.5,4.0,9.3,14.0,0.8,0.5,0.4,-2.08,-0.1,1.72,-0.17,4.0,2.27,14.0,0.8,0.5,0.4,-10.3,0.2,8.1,-1.0,4.0,10.9,14.0,0.8,0.5,0.4,4.09,4.64,4.84,4.47,3.0,0.57,18.0,0.7,0.7,0.5,16.1,25.2,32.4,24.3,3.0,12.0,18.0,0.7,0.7,0.5,-98.9,-56.4,-47.5,-72.4,4.0,42.1,14.0,0.8,0.5,0.4,63.4,85.1,97.9,80.9,4.0,22.8,14.0,0.8,0.5,0.4,-59.7,-28.0,-26.6,-42.8,3.0,27.5,18.0,0.7,0.7,0.5,36.4,43.0,44.4,40.5,3.0,6.3,18.0,0.7,0.7,0.5,-25.1,-12.6,-9.2,-17.1,3.0,12.3,18.0,0.7,0.7,0.5,11.9,17.9,20.6,16.3,3.0,6.5,18.0,0.7,0.7,0.5,62.0,115.0,302.5,179.0,4.0,190.0,14.0,0.8,0.5,0.4,60.0,115.0,300.0,180.0,4.0,190.0,14.0,0.8,0.5,0.4
1974,2,5.0,-26.0,20.59,21.8,21.9,21.1,7.0,1.28,18.0,0.4,0.5,0.5,20.95,21.1,21.43,21.1,7.0,0.6,18.0,0.4,0.5,0.5,11.92,12.04,13.1,12.58,7.0,1.23,18.0,0.4,0.5,0.5,77.2,77.4,84.9,81.0,7.0,5.6,18.0,0.4,0.5,5.0,6.4,11.44,7.87,6.0,3.77,16.0,0.5,0.5,0.5,-8.76,-2.2,2.9,-2.8,6.0,5.84,16.0,0.5,0.5,0.5,3.21,5.98,7.59,5.73,6.0,2.38,16.0,0.5,0.5,0.5,1013.07,1015.1,1017.91,1015.69,7.0,2.62,18.0,0.4,0.5,0.5,1.9,8.0,8.0,6.0,7.0,3.5,18.0,0.4,0.5,0.5,-101.5,-10.4,20.0,-36.3,6.0,67.9,16.0,0.5,0.5,0.5,16.1,40.7,85.1,51.8,6.0,42.8,16.0,0.5,0.5,0.5,-0.8,0.1,0.94,0.0,7.0,1.43,18.0,0.4,0.5,0.5,-13.7,0.4,4.1,-4.5,6.0,13.4,16.0,0.5,0.5,0.5,1.35,3.28,4.27,2.99,7.0,1.47,18.0,0.4,0.5,0.5,11.0,22.4,28.7,20.6,6.0,9.4,16.0,0.5,0.5,0.5,-185.6,-44.6,61.6,-58.4,6.0,124.7,16.0,0.5,0.5,0.5,69.4,126.5,160.1,121.2,6.0,50.9,16.0,0.5,0.5,0.5,-107.1,-25.0,37.1,-32.7,6.0,75.2,16.0,0.5,0.5,0.5,45.8,71.9,92.4,71.2,6.0,29.5,16.0,0.5,0.5,0.5,-19.1,-6.5,6.2,-6.7,6.0,13.1,16.0,0.5,0.5,0.5,7.1,17.6,22.3,15.8,6.0,8.4,16.0,0.5,0.5,0.5,125.5,294.5,1554.0,794.0,6.0,1026.5,16.0,0.5,0.5,0.5,125.0,295.0,1555.0,795.0,6.0,1025.0,16.0,0.5,0.5,0.5
1974,2,5.0,-25.0,21.95,22.7,23.11,22.53,3.0,0.86,18.0,0.7,0.1,0.4,21.26,21.4,23.11,22.17,3.0,1.5,18.0,0.7,0.1,0.4,12.18,12.54,15.96,14.03,3.0,3.05,18.0,0.7,0.1,0.4,77.4,80.4,90.2,83.7,3.0,9.8,18.0,0.7,0.4,7.7,7.7,7.7,7.7,1.0,0.0,18.0,1.0,0.0,0.5,-5.9,-5.9,-5.9,-5.9,1.0,0.0,18.0,1.0,0.0,0.5,4.95,4.95,4.95,4.95,1.0,0.0,18.0,1.0,0.0,0.5,1012.33,1015.2,1015.68,1014.03,3.0,2.65,18.0,0.7,0.1,0.4,7.0,7.0,7.7,7.3,3.0,0.6,18.0,0.7,0.1,0.4,-45.4,-45.4,-45.4,-45.4,1.0,0.0,18.0,1.0,0.0,0.5,38.1,38.1,38.1,38.1,1.0,0.0,18.0,1.0,0.0,0.5,-0.35,0.2,1.09,0.37,3.0,1.06,18.0,0.7,0.1,0.4,-4.6,-4.6,-4.6,-4.6,1.0,0.0,18.0,1.0,0.0,0.5,1.5,4.02,4.42,2.98,3.0,2.32,18.0,0.7,0.1,0.4,2.5,2.5,2.5,2.5,1.0,0.0,18.0,1.0,0.0,0.5,-141.0,-141.0,-141.0,-141.0,1.0,0.0,18.0,1.0,0.0,0.5,118.3,118.3,118.3,118.3,1.0,0.0,18.0,1.0,0.0,0.5,-103.5,-103.5,-103.5,-103.5,1.0,0.0,18.0,1.0,0.0,0.5,86.8,86.8,86.8,86.8,1.0,0.0,18.0,1.0,0.0,0.5,-1.9,-1.9,-1.9,-1.9,1.0,0.0,18.0,1.0,0.0,0.5,1.6,1.6,1.6,1.6,1.0,0.0,18.0,1.0,0.0,0.5,456.5,456.5,456.5,456.5,1.0,0.0,18.0,1.0,0.0,0.5,455.0,455.0,455.0,455.0,1.0,0.0,18.0,1.0,0.0,0.5
1974,2,5.0,-24.0,25.0,25.0,25.0,25.0,1.0,0.0,10.0,1.0,0.4,0.2,24.3,24.3,24.3,24.3,1.0,0.0,10.0,1.0,0.4,0.2,13.52,13.52,13.52,13.52,1.0,0.0,10.0,1.0,0.4,0.2,71.4,71.4,71.4,71.4,1.0,0.0,10.0,1.0,0.2,5.1,5.1,5.1,5.1,1.0,0.0,10.0,1.0,0.4,0.2,-3.91,-3.91,-3.91,-3.91,1.0,0.0,10.0,1.0,0.4,0.2,3.28,3.28,3.28,3.28,1.0,0.0,10.0,1.0,0.4,0.2,1010.3,1010.3,1010.3,1010.3,1.0,0.0,10.0,1.0,0.4,0.2,2.0,2.0,2.0,2.0,1.0,0.0,10.0,1.0,0.4,0.2,-19.9,-19.9,-19.9,-19.9,1.0,0.0,10.0,1.0,0.4,0.2,16.7,16.7,16.7,16.7,1.0,0.0,10.0,1.0,0.4,0.2,0.7,0.7,0.7,0.7,1.0,0.0,10.0,1.0,0.4,0.2,3.6,3.6,3.6,3.6,1.0,0.0,10.0,1.0,0.4,0.2,6.31,6.31,6.31,6.31,1.0,0.0,10.0,1.0,0.4,0.2,32.2,32.2,32.2,32.2,1.0,0.0,10.0,1.0,0.4,0.2,-94.9,-94.9,-94.9,-94.9,1.0,0.0,10.0,1.0,0.4,0.2,79.7,79.7,79.7,79.7,1.0,0.0,10.0,1.0,0.4,0.2,-52.8,-52.8,-52.8,-52.8,1.0,0.0,10.0,1.0,0.4,0.2,44.3,44.3,44.3,44.3,1.0,0.0,10.0,1.0,0.4,0.2,-24.6,-24.6,-24.6,-24.6,1.0,0.0,10.0,1.0,0.4,0.2,20.7,20.7,20.7,20.7,1.0,0.0,10.0,1.0,0.4,0.2,132.5,132.5,132.5,132.5,1.0,0.0,10.0,1.0,0.4,0.2,135.0,135.0,135.0,135.0,1.0,0.0,10.0,1.0,0.4,0.2
1974,2,5.0,-23.0,21.48,23.0,24.0,22.75,4.0,1.5,12.0,0.8,0.6,0.6,21.52,22.5,24.52,23.0,4.0,2.15,12.0,0.8,0.6,0.6,12.15,12.42,12.85,12.5,3.0,0.52,8.0,0.7,0.6,0.7,71.2,75.2,81.6,76.4,3.0,7.7,8.0,0.7,0.7,3.1,3.55,4.05,3.58,4.0,0.55,12.0,0.8,0.6,0.6,-1.24,0.0,0.0,-0.59,4.0,1.19,12.0,0.8,0.6,0.6,2.52,3.55,4.05,3.3,4.0,0.98,12.0,0.8,0.6,0.6,1013.42,1014.0,1015.83,1014.6,4.0,2.0,12.0,0.8,0.6,0.6,1.9,5.5,7.0,4.5,4.0,3.3,12.0,0.8,0.6,0.6,-3.9,0.0,0.0,-1.8,4.0,3.7,12.0,0.8,0.6,0.6,7.8,12.8,16.4,12.1,4.0,5.1,12.0,0.8,0.6,0.6,-1.57,-0.05,1.05,-0.25,4.0,1.55,12.0,0.8,0.6,0.6,-5.8,-0.2,3.8,-0.9,4.0,5.8,12.0,0.8,0.6,0.6,3.16,3.39,5.57,4.34,3.0,1.94,8.0,0.7,0.6,0.7,9.8,10.5,21.7,15.7,3.0,9.8,8.0,0.7,0.6,0.7,-26.1,0.0,0.0,-12.5,4.0,24.9,12.0,0.8,0.6,0.6,54.5,81.2,99.2,77.1,4.0,27.8,12.0,0.8,0.6,0.6,-21.2,0.0,0.0,-10.3,3.0,17.9,8.0,0.7,0.6,0.7,30.0,38.5,45.9,37.9,3.0,11.6,8.0,0.7,0.6,0.7,-5.5,0.0,0.0,-2.7,3.0,4.7,8.0,0.7,0.6,0.7,7.6,9.5,21.4,14.4,3.0,11.0,8.0,0.7,0.6,0.7,30.0,47.0,66.5,48.0,4.0,21.5,12.0,0.8,0.6,0.6,30.0,45.0,65.0,50.0,4.0,20.0,12.0,0.8,0.6,0.6
1974,2,5.0,-22.0,21.98,22.4,24.07,22.94,7.0,1.38,16.0,0.6,0.7,0.5,21.44,22.8,26.02,23.29,7.0,2.33,16.0,0.6,0.7,0.5,11.32,12.0,12.68,12.0,2.0,1.41,6.0,0.5,0.7,0.6,70.2,75.3,83.1,76.6,3.0,9.5,12.0,0.3,0.5,4.5,7.0,9.44,7.28,6.0,2.99,14.0,0.5,0.7,0.5,-6.07,-3.51,-0.56,-3.54,6.0,2.96,14.0,0.5,0.7,0.5,3.81,6.36,7.5,6.02,6.0,2.29,14.0,0.5,0.7,0.5,1012.68,1014.35,1015.68,1014.45,6.0,1.84,16.0,0.7,0.7,0.6,6.0,8.0,8.0,7.1,7.0,1.2,16.0,0.6,0.7,0.5,-58.7,-20.4,-2.3,-31.6,6.0,36.6,14.0,0.5,0.7,0.5,15.9,45.7,69.9,49.2,6.0,37.2,14.0,0.5,0.7,0.5,-2.11,-0.3,1.7,-0.34,7.0,2.25,16.0,0.6,0.7,0.5,-19.0,-1.5,14.0,-3.5,6.0,21.1,14.0,0.5,0.7,0.5,4.06,4.43,4.8,4.43,2.0,0.76,6.0,0.5,0.7,0.6,17.1,19.4,21.8,19.4,2.0,4.9,6.0,0.5,0.7,0.6,-152.3,-73.9,-12.9,-80.3,6.0,68.2,14.0,0.5,0.7,0.5,86.4,149.5,186.2,140.0,6.0,55.3,14.0,0.5,0.7,0.5,-34.1,-24.0,-13.9,-24.0,2.0,20.9,6.0,0.5,0.7,0.6,35.7,42.5,49.3,42.5,2.0,14.1,6.0,0.5,0.7,0.6,-15.2,-10.1,-5.1,-10.1,2.0,10.4,6.0,0.5,0.7,0.6,14.9,15.2,15.6,15.2,2.0,0.7,6.0,0.5,0.7,0.6,91.5,343.0,907.0,562.0,6.0,671.0,14.0,0.5,0.7,0.5,90.0,345.0,905.0,560.0,6.0,670.0,14.0,0.5,0.7,0.5
1974,2,5.0,-21.0,21.37,22.5,23.1,22.39,43.0,1.03,14.0,0.6,0.6,0.8,21.4,22.2,24.17,22.56,46.0,1.7,14.0,0.6,0.6,0.8,11.59,12.58,14.53,12.92,25.0,1.59,12.0,0.6,0.6,0.8,65.0,73.5,86.8,74.9,26.0,10.4,12.0,0.6,0.8,4.01,6.7,8.2,6.3,46.0,2.35,14.0,0.5,0.6,0.8,-5.14,-3.35,-1.94,-3.4,46.0,1.86,14.0,0.5,0.6,0.8,2.97,5.48,6.89,5.11,46.0,2.04,14.0,0.5,0.6,0.8,1011.3,1012.9,1014.5,1013.01,45.0,1.76,12.0,0.6,0.6,0.8,3.0,7.0,8.0,6.2,45.0,2.3,14.0,0.6,0.6,0.8,-42.9,-21.4,-5.8,-24.6,46.0,19.0,14.0,0.5,0.6,0.8,9.9,35.3,57.9,36.6,46.0,25.0,14.0,0.5,0.6,0.8,-2.2,0.0,1.15,-0.2,42.0,2.1,14.0,0.6,0.6,0.8,-9.8,0.0,7.3,-1.5,41.0,15.7,14.0,0.6,0.6,0.8,1.78,4.01,5.85,3.67,23.0,2.1,12.0,0.7,0.6,0.8,6.4,23.4,34.9,21.1,23.0,13.5,12.0,0.7,0.6,0.8,-120.9,-75.9,-45.5,-78.1,45.0,40.5,12.0,0.6,0.6,0.8,64.4,119.7,155.1,114.3,45.0,48.4,12.0,0.6,0.6,0.8,-57.1,-44.3,-14.6,-40.0,25.0,23.1,12.0,0.6,0.6,0.8,35.8,56.5,80.7,59.2,25.0,21.6,12.0,0.6,0.6,0.8,-20.7,-9.5,-0.4,-11.2,23.0,9.6,12.0,0.7,0.6,0.8,5.9,17.9,27.0,17.0,23.0,10.9,12.0,0.7,0.6,0.8,64.5,301.0,551.5,351.0,46.0,332.0,14.0,0.5,0.6,0.8,65.0,300.0,550.0,350.0,46.0,330.0,14.0,0.5,0.6,0.8
1974,2,5.0,-20.0,22.05,23.0,24.0,22.95,97.0,0.88,16.0,0.5,0.5,0.6,21.8,22.5,24.0,22.81,100.0,1.25,16.0,0.5,0.5,0.6,11.99,13.27,14.49,13.32,86.0,1.3,16.0,0.5,0.5,0.6,69.1,77.5,85.3,77.4,89.0,7.9,16.0,0.5,0.6,4.46,5.95,8.2,6.15,100.0,2.06,16.0,0.5,0.5,0.6,-5.27,-2.96,-0.89,-3.02,100.0,2.1,16.0,0.5,0.5,0.6,3.44,4.86,7.12,5.03,100.0,1.83,16.0,0.5,0.5,0.6,1010.91,1012.7,1014.5,1012.68,96.0,1.82,16.0,0.5,0.5,0.6,6.0,8.0,8.0,6.9,98.0,1.9,16.0,0.5,0.5,0.6,-43.2,-16.5,-4.5,-21.5,100.0,19.4,16.0,0.5,0.5,0.6,13.8,28.8,56.4,34.2,100.0,22.2,16.0,0.5,0.5,0.6,-0.89,0.3,1.2,0.17,96.0,1.4,16.0,0.5,0.5,0.6,-5.2,1.8,8.1,1.6,95.0,8.7,16.0,0.5,0.5,0.6,2.86,4.17,5.47,4.12,84.0,1.57,16.0,0.5,0.5,0.6,13.7,23.6,41.6,25.5,83.0,13.3,14.0,0.5,0.5,0.6,-113.6,-65.9,-23.8,-68.7,99.0,47.1,16.0,0.5,0.5,0.6,76.0,112.4,162.4,114.5,99.0,41.9,16.0,0.5,0.5,0.6,-69.2,-41.0,-13.1,-40.7,85.0,28.5,16.0,0.5,0.5,0.6,43.9,64.0,94.1,65.6,85.0,24.4,16.0,0.5,0.5,0.6,-24.1,-12.0,-3.5,-13.2,83.0,10.4,14.0,0.5,0.5,0.6,11.1,18.9,29.9,20.6,83.0,11.1,14.0,0.5,0.5,0.6,89.0,212.0,551.5,312.5,100.0,294.5,16.0,0.5,0.5,0.6,90.0,210.0,550.0,315.0,100.0,295.0,16.0,0.5,0.5,0.6
1974,2,5.0,-19.0,22.5,23.1,24.0,23.3,57.0,0.78,14.0,0.5,0.3,0.5,22.0,22.6,23.5,22.69,61.0,1.07,14.0,0.5,0.3,0.5,12.14,13.48,14.65,13.43,55.0,1.26,14.0,0.5,0.3,0.5,71.9,79.3,88.5,78.9,57.0,8.1,14.0,0.5,0.5,4.1,6.2,7.7,5.88,62.0,1.98,14.0,0.5,0.3,0.5,-4.95,-3.31,-1.39,-3.35,62.0,1.92,14.0,0.5,0.3,0.5,3.02,4.47,5.9,4.59,62.0,1.62,14.0,0.5,0.3,0.5,1010.54,1012.0,1013.39,1011.92,60.0,1.48,14.0,0.6,0.3,0.5,4.7,8.0,8.0,6.8,60.0,2.1,14.0,0.6,0.2,0.5,-38.4,-16.7,-6.0,-22.6,62.0,20.3,14.0,0.5,0.3,0.5,12.7,25.3,44.2,29.7,62.0,20.1,14.0,0.5,0.3,0.5,-0.41,0.6,1.61,0.65,57.0,1.3,14.0,0.5,0.3,0.5,-2.6,3.2,9.4,3.6,57.0,9.2,14.0,0.5,0.3,0.5,3.32,4.5,5.45,4.43,52.0,1.17,12.0,0.5,0.3,0.5,15.5,26.1,36.5,26.2,52.0,10.6,12.0,0.5,0.3,0.5,-112.4,-75.4,-31.1,-76.4,61.0,45.0,14.0,0.5,0.3,0.5,70.2,101.5,133.1,104.6,61.0,37.8,14.0,0.5,0.3,0.5,-66.4,-44.3,-17.2,-43.7,55.0,24.5,14.0,0.5,0.3,0.5,41.6,64.3,83.6,62.6,55.0,22.1,14.0,0.5,0.3,0.5,-23.7,-14.9,-4.6,-14.5,52.0,8.6,12.0,0.5,0.3,0.5,12.2,19.6,28.9,20.7,52.0,9.2,12.0,0.5,0.3,0.5,69.0,238.5,456.5,277.0,62.0,324.5,14.0,0.5,0.3,0.5,70.0,240.0,455.0,275.0,62.0,325.0,14.0,0.5,0.3,0.5
1974,2,5.0,-18.0,21.95,23.35,23.86,22.93,4.0,1.35,12.0,0.3,0.4,0.5,22.29,23.05,23.76,23.03,4.0,0.9,12.0,0.3,0.4,0.5,13.56,13.65,14.23,13.89,3.0,0.54,8.0,0.3,0.4,0.6,79.5,80.2,82.2,80.8,3.0,2.1,8.0,0.3,0.6,4.84,5.9,6.86,5.85,4.0,1.18,12.0,0.3,0.4,0.5,-4.32,-3.03,-1.47,-2.9,4.0,1.65,12.0,0.3,0.4,0.5,3.11,4.96,6.06,4.6,4.0,2.22,12.0,0.3,0.4,0.5,1009.87,1012.05,1016.53,1013.15,4.0,4.42,12.0,0.3,0.4,0.5,8.0,8.0,8.0,8.0,4.0,0.0,12.0,0.3,0.4,0.5,-24.6,-14.4,-8.7,-16.5,4.0,9.8,12.0,0.3,0.4,0.5,15.4,29.4,41.7,28.6,4.0,17.3,12.0,0.3,0.4,0.5,-1.79,0.05,1.57,-0.1,4.0,2.03,12.0,0.3,0.4,0.5,-10.0,0.2,8.3,-0.8,4.0,10.8,12.0,0.3,0.4,0.5,2.23,4.8,4.9,3.59,3.0,2.22,8.0,0.3,0.4,0.6,10.8,22.8,29.2,20.1,3.0,13.7,8.0,0.3,0.4,0.6,-96.3,-68.0,-34.8,-65.6,4.0,35.6,12.0,0.3,0.4,0.5,71.8,114.3,141.9,107.2,4.0,54.1,12.0,0.3,0.4,0.5,-58.8,-58.2,-35.8,-47.5,3.0,19.2,8.0,0.3,0.4,0.6,36.7,69.4,69.5,53.5,3.0,27.7,8.0,0.3,0.4,0.6,-21.2,-20.7,-7.8,-14.6,3.0,11.1,8.0,0.3,0.4,0.6,5.8,7.8,19.3,12.5,3.0,10.6,8.0,0.3,0.4,0.6,114.0,216.5,323.0,218.5,4.0,121.5,12.0,0.3,0.4,0.5,115.0,215.0,325.0,220.0,4.0,120.0,12.0,0.3,0.4,0.5
1974,2,5.0,-17.0,25.0,25.0,25.0,25.0,2.0,0.0,8.0,0.5,0.6,0.5,22.03,22.1,22.17,22.1,2.0,0.14,8.0,0.5,0.6,0.5,13.04,13.11,13.18,13.11,2.0,0.14,8.0,0.5,0.6,0.5,78.4,79.1,79.7,79.1,2.0,1.4,8.0,0.5,0.5,5.1,5.1,5.1,5.1,2.0,0.0,8.0,0.5,0.6,0.5,-3.28,-3.28,-3.28,-3.28,2.0,0.0,8.0,0.5,0.6,0.5,3.91,3.91,3.91,3.91,2.0,0.0,8.0,0.5,0.6,0.5,1009.1,1009.95,1010.8,1009.95,2.0,1.77,8.0,0.5,0.6,0.5,8.0,8.0,8.0,8.0,2.0,0.0,8.0,0.5,0.6,0.5,-16.7,-16.7,-16.7,-16.7,2.0,0.0,8.0,0.5,0.6,0.5,19.9,19.9,19.9,19.9,2.0,0.0,8.0,0.5,0.6,0.5,2.83,2.9,2.97,2.9,2.0,0.14,8.0,0.5,0.6,0.5,14.4,14.8,15.1,14.8,2.0,0.7,8.0,0.5,0.6,0.5,6.68,6.73,6.78,6.73,2.0,0.11,8.0,0.5,0.6,0.5,34.1,34.3,34.6,34.3,2.0,0.5,8.0,0.5,0.6,0.5,-72.7,-72.4,-72.2,-72.4,2.0,0.5,8.0,0.5,0.6,0.5,86.1,86.3,86.6,86.3,2.0,0.6,8.0,0.5,0.6,0.5,-43.2,-43.0,-42.7,-43.0,2.0,0.5,8.0,0.5,0.6,0.5,50.9,51.2,51.5,51.2,2.0,0.5,8.0,0.5,0.6,0.5,-22.2,-22.1,-21.9,-22.1,2.0,0.3,8.0,0.5,0.6,0.5,26.1,26.3,26.5,26.3,2.0,0.4,8.0,0.5,0.6,0.5,132.5,132.5,132.5,132.5,2.0,0.0,8.0,0.5,0.6,0.5,135.0,135.0,135.0,135.0,2.0,0.0,8.0,0.5,0.6,0.5
1974,2,5.0,-16.0,,,,,,,,,,,,,,,,,,,,,,,,,,,,,,,,,,,,,,,,6.2,6.2,6.2,6.2,1.0,0.0,16.0,0.0,0.0,0.1,-2.12,-2.12,-2.12,-2.12,1.0,0.0,16.0,0.0,0.0,0.1,5.83,5.83,5.83,5.83,1.0,0.0,16.0,0.0,0.0,0.1,1014.0,1014.0,1014.0,1014.0,1.0,0.0,16.0,0.0,0.0,0.1,4.0,4.0,4.0,4.0,1.0,0.0,16.0,0.0,0.0,0.1,-13.1,-13.1,-13.1,-13.1,1.0,0.0,16.0,0.0,0.0,0.1,36.1,36.1,36.1,36.1,1.0,0.0,16.0,0.0,0.0,0.1,,,,,,,,,,,,,,,,,,,,,,,,,,,,,,,,,,,,,,,,,-56.2,-56.2,-56.2,-56.2,1.0,0.0,16.0,0.0,0.0,0.1,154.4,154.4,154.4,154.4,1.0,0.0,16.0,0.0,0.0,0.1,-39.0,-39.0,-39.0,-39.0,1.0,0.0,16.0,0.0,0.0,0.1,107.0,107.0,107.0,107.0,1.0,0.0,16.0,0.0,0.0,0.1,,,,,,,,,,,,,,,,,,,,,,,,,,,,,,,,,,,,,,,,
1974,2,5.0,-15.0,24.0,25.0,26.05,25.17,7.0,1.19,18.0,0.7,0.6,0.6,24.48,25.1,25.62,25.05,4.0,0.82,16.0,0.5,0.5,0.8,14.21,14.21,14.21,14.21,1.0,0.0,26.0,1.0,0.4,0.8,76.4,76.4,76.4,76.4,1.0,0.0,26.0,1.0,0.8,2.98,5.0,6.19,5.24,7.0,2.49,18.0,0.7,0.6,0.6,-3.3,-1.67,-0.63,-1.94,7.0,1.98,18.0,0.7,0.6,0.6,2.78,4.04,6.04,4.63,7.0,2.21,18.0,0.7,0.6,0.6,1009.4,1013.0,1013.87,1012.46,7.0,2.82,18.0,0.7,0.6,0.6,3.8,5.5,6.2,5.2,6.0,1.5,16.0,0.8,0.7,0.6,-19.5,-4.3,-2.5,-12.6,7.0,18.5,18.0,0.7,0.6,0.6,8.3,19.2,37.9,28.9,7.0,27.7,18.0,0.7,0.6,0.6,-1.0,0.0,1.0,0.0,4.0,1.15,16.0,0.5,0.5,0.8,-8.1,-0.9,4.6,-1.7,4.0,7.4,16.0,0.5,0.5,0.8,5.6,5.6,5.6,5.6,1.0,0.0,26.0,1.0,0.4,0.8,23.0,23.0,23.0,23.0,1.0,0.0,26.0,1.0,0.4,0.8,-105.8,-50.3,5.5,-50.2,4.0,67.7,16.0,0.5,0.5,0.8,98.2,123.7,184.7,140.6,4.0,56.8,16.0,0.5,0.5,0.8,-10.1,-10.1,-10.1,-10.1,1.0,0.0,26.0,1.0,0.4,0.8,57.4,57.4,57.4,57.4,1.0,0.0,26.0,1.0,0.4,0.8,-4.0,-4.0,-4.0,-4.0,1.0,0.0,26.0,1.0,0.4,0.8,22.6,22.6,22.6,22.6,1.0,0.0,26.0,1.0,0.4,0.8,26.5,125.0,253.5,238.5,7.0,345.5,18.0,0.7,0.6,0.6,25.0,125.0,255.0,240.0,7.0,345.0,18.0,0.7,0.6,0.6
1974,2,5.0,-14.0,25.18,26.0,26.38,25.81,11.0,0.66,12.0,0.7,0.5,0.7,24.15,25.1,27.2,25.28,12.0,1.42,12.0,0.7,0.5,0.7,16.97,17.73,18.5,17.73,2.0,1.59,16.0,0.5,0.3,0.4,88.6,90.9,93.1,90.9,2.0,4.7,16.0,0.5,0.4,2.92,4.6,8.46,5.44,5.0,4.01,18.0,0.6,0.3,0.6,-4.82,-2.39,0.57,-2.28,5.0,3.34,18.0,0.6,0.3,0.6,1.88,4.32,7.25,4.46,5.0,3.26,18.0,0.6,0.3,0.6,1010.35,1011.3,1012.78,1011.59,12.0,1.8,12.0,0.7,0.5,0.7,4.0,6.0,7.2,5.3,6.0,2.9,16.0,0.7,0.3,0.6,-39.0,-16.2,2.6,-20.7,5.0,33.6,18.0,0.6,0.3,0.6,8.6,19.9,63.1,34.4,5.0,36.6,18.0,0.6,0.3,0.6,-1.07,0.8,1.54,0.45,11.0,1.3,12.0,0.7,0.5,0.7,-10.9,0.9,6.4,-2.1,4.0,13.3,18.0,0.8,0.2,0.8,1.67,1.67,1.67,1.67,1.0,0.0,16.0,1.0,0.0,0.7,7.7,7.7,7.7,7.7,1.0,0.0,16.0,1.0,0.0,0.7,-126.6,-55.1,14.0,-59.6,5.0,88.9,18.0,0.6,0.3,0.6,47.3,105.0,179.7,112.0,5.0,85.6,18.0,0.6,0.3,0.6,-51.8,-20.2,11.4,-20.2,2.0,65.5,16.0,0.5,0.3,0.4,58.3,63.8,69.3,63.8,2.0,11.3,16.0,0.5,0.3,0.4,-5.9,-5.9,-5.9,-5.9,1.0,0.0,16.0,1.0,0.0,0.7,4.9,4.9,4.9,4.9,1.0,0.0,16.0,1.0,0.0,0.7,62.0,97.5,704.0,373.5,5.0,550.0,18.0,0.6,0.3,0.6,60.0,95.0,705.0,375.0,5.0,550.0,18.0,0.6,0.3,0.6
1974,2,5.0,-13.0,,,,,,,,,,,,,,,,,,,,,,,,,,,,,,,,,,,,,,,,4.7,6.0,8.05,6.37,3.0,2.47,12.0,0.3,0.4,0.3,-4.11,-3.08,-2.38,-3.24,3.0,1.28,12.0,0.3,0.4,0.3,3.65,3.86,7.0,5.29,3.0,2.75,12.0,0.3,0.4,0.3,1009.99,1010.6,1011.49,1010.73,3.0,1.11,12.0,0.0,0.3,0.2,,,,,,,,,,,,,,,,,,,,,,,,,,,,,,,,,,,,,,,,,,,,,,,,,,,,,,,,,,,,,,,,,,,,,,,,,,,,,,,,,,,,,,,,,,,,,,,,,,,,,,,,,,,,,,,,,,,,,,,,,,,,,,,,,,,,,,,,,,,,,,,,,,,,,,
1974,2,5.0,-7.0,28.56,28.7,28.84,28.7,2.0,0.28,12.0,0.5,0.8,0.6,26.92,26.95,26.98,26.95,2.0,0.07,12.0,0.5,0.8,0.6,18.33,18.93,19.52,18.93,2.0,1.23,12.0,0.5,0.8,0.6,82.4,85.0,87.6,85.0,2.0,5.4,12.0,0.5,0.6,3.41,5.15,6.89,5.15,2.0,3.61,12.0,0.5,0.8,0.6,-0.54,0.22,0.98,0.22,2.0,1.57,12.0,0.5,0.8,0.6,3.26,5.01,6.77,5.01,2.0,3.63,12.0,0.5,0.8,0.6,1007.54,1009.35,1011.16,1009.35,2.0,3.75,12.0,0.5,0.8,0.6,2.8,4.5,6.2,4.5,2.0,3.5,12.0,0.5,0.8,0.6,-0.3,4.0,8.3,4.0,2.0,8.9,12.0,0.5,0.8,0.6,14.6,32.4,50.1,32.4,2.0,36.8,12.0,0.5,0.8,0.6,1.58,1.75,1.92,1.75,2.0,0.35,12.0,0.5,0.8,0.6,6.2,8.4,10.5,8.4,2.0,4.5,12.0,0.5,0.8,0.6,4.99,5.83,6.67,5.83,2.0,1.73,12.0,0.5,0.8,0.6,21.1,26.9,32.7,26.9,2.0,12.1,12.0,0.5,0.8,0.6,-14.4,6.1,26.6,6.1,2.0,42.4,12.0,0.5,0.8,0.6,87.8,135.2,182.7,135.2,2.0,98.3,12.0,0.5,0.8,0.6,-9.3,5.2,19.7,5.2,2.0,30.1,12.0,0.5,0.8,0.6,60.9,97.1,133.3,97.1,2.0,74.9,12.0,0.5,0.8,0.6,-4.3,-0.1,4.2,-0.1,2.0,8.8,12.0,0.5,0.8,0.6,20.0,26.1,32.1,26.1,2.0,12.5,12.0,0.5,0.8,0.6,87.0,237.0,387.0,237.0,2.0,310.5,12.0,0.5,0.8,0.6,85.0,235.0,385.0,235.0,2.0,310.0,12.0,0.5,0.8,0.6
1974,2,5.0,-5.0,27.2,27.2,27.2,27.2,1.0,0.0,2.0,0.0,0.7,0.1,26.9,26.9,26.9,26.9,1.0,0.0,2.0,0.0,0.7,0.1,18.22,18.22,18.22,18.22,1.0,0.0,2.0,0.0,0.7,0.1,82.2,82.2,82.2,82.2,1.0,0.0,2.0,0.0,0.1,2.6,2.6,2.6,2.6,1.0,0.0,2.0,0.0,0.7,0.1,-0.45,-0.45,-0.45,-0.45,1.0,0.0,2.0,0.0,0.7,0.1,2.56,2.56,2.56,2.56,1.0,0.0,2.0,0.0,0.7,0.1,1010.0,1010.0,1010.0,1010.0,1.0,0.0,2.0,0.0,0.7,0.1,4.0,4.0,4.0,4.0,1.0,0.0,2.0,0.0,0.7,0.1,-1.2,-1.2,-1.2,-1.2,1.0,0.0,2.0,0.0,0.7,0.1,6.7,6.7,6.7,6.7,1.0,0.0,2.0,0.0,0.7,0.1,0.3,0.3,0.3,0.3,1.0,0.0,2.0,0.0,0.7,0.1,0.8,0.8,0.8,0.8,1.0,0.0,2.0,0.0,0.7,0.1,4.41,4.41,4.41,4.41,1.0,0.0,2.0,0.0,0.7,0.1,11.5,11.5,11.5,11.5,1.0,0.0,2.0,0.0,0.7,0.1,-12.1,-12.1,-12.1,-12.1,1.0,0.0,2.0,0.0,0.7,0.1,68.9,68.9,68.9,68.9,1.0,0.0,2.0,0.0,0.7,0.1,-8.2,-8.2,-8.2,-8.2,1.0,0.0,2.0,0.0,0.7,0.1,46.6,46.6,46.6,46.6,1.0,0.0,2.0,0.0,0.7,0.1,-2.0,-2.0,-2.0,-2.0,1.0,0.0,2.0,0.0,0.7,0.1,11.3,11.3,11.3,11.3,1.0,0.0,2.0,0.0,0.7,0.1,17.5,17.5,17.5,17.5,1.0,0.0,2.0,0.0,0.7,0.1,20.0,20.0,20.0,20.0,1.0,0.0,2.0,0.0,0.7,0.1
1974,2,5.0,-3.0,27.62,27.65,27.68,27.65,2.0,0.07,20.0,0.5,0.4,0.5,27.16,29.0,29.34,28.27,3.0,1.72,20.0,0.3,0.3,0.5,19.39,19.88,20.36,19.87,3.0,0.71,20.0,0.3,0.3,0.5,79.2,79.6,86.2,82.6,3.0,5.8,20.0,0.3,0.5,2.1,2.1,2.44,2.27,3.0,0.29,20.0,0.3,0.3,0.5,0.03,0.89,1.69,0.86,3.0,1.22,20.0,0.3,0.3,0.5,0.41,2.07,2.32,1.38,3.0,1.52,20.0,0.3,0.3,0.5,1007.85,1008.6,1009.21,1008.53,3.0,1.0,20.0,0.3,0.3,0.5,1.3,4.0,6.7,4.0,2.0,5.7,20.0,0.5,0.4,0.5,0.2,2.3,3.7,2.0,3.0,2.6,20.0,0.3,0.3,0.5,0.9,4.3,5.7,3.3,3.0,3.7,20.0,0.3,0.3,0.5,-1.31,-0.25,0.81,-0.25,2.0,2.19,20.0,0.5,0.4,0.5,-2.6,-0.2,2.2,-0.2,2.0,5.1,20.0,0.5,0.4,0.5,2.96,3.4,3.85,3.4,2.0,0.92,20.0,0.5,0.4,0.5,6.5,8.2,9.8,8.2,2.0,3.4,20.0,0.5,0.4,0.5,0.1,23.4,48.4,24.2,3.0,35.4,20.0,0.3,0.3,0.5,12.1,61.0,63.2,38.2,3.0,42.3,20.0,0.3,0.3,0.5,0.3,17.0,33.5,16.9,3.0,24.3,20.0,0.3,0.3,0.5,8.6,42.6,45.5,27.4,3.0,30.1,20.0,0.3,0.3,0.5,-0.3,1.3,2.9,1.3,2.0,3.3,20.0,0.5,0.4,0.5,6.4,7.8,9.2,7.8,2.0,3.0,20.0,0.5,0.4,0.5,9.5,9.5,15.0,12.0,3.0,5.0,20.0,0.3,0.3,0.5,10.0,10.0,15.0,10.0,3.0,5.0,20.0,0.3,0.3,0.5
1974,2,5.0,-2.0,27.19,27.6,27.94,27.57,3.0,0.55,6.0,0.0,0.3,0.4,26.43,27.8,28.14,27.3,3.0,1.32,6.0,0.0,0.3,0.4,16.62,19.57,20.74,18.7,3.0,3.11,6.0,0.0,0.3,0.4,76.6,83.3,86.4,81.5,3.0,7.4,6.0,0.0,0.4,0.32,1.0,2.43,1.37,3.0,1.58,6.0,0.0,0.3,0.4,0.0,0.0,0.0,0.0,3.0,0.0,6.0,0.0,0.3,0.4,0.32,1.0,2.43,1.37,3.0,1.58,6.0,0.0,0.3,0.4,1005.52,1006.0,1008.05,1006.77,3.0,1.97,6.0,0.0,0.3,0.4,1.3,2.0,2.7,2.0,3.0,1.0,6.0,0.0,0.3,0.4,0.0,0.0,0.0,0.0,3.0,0.0,6.0,0.0,0.3,0.4,0.3,1.0,6.9,3.5,3.0,5.3,6.0,0.0,0.3,0.4,-0.38,0.3,0.91,0.27,3.0,0.95,6.0,0.0,0.3,0.4,-0.5,0.0,0.6,0.1,3.0,0.8,6.0,0.0,0.3,0.4,2.76,4.42,6.27,4.52,3.0,2.57,6.0,0.0,0.3,0.4,0.6,2.0,10.0,5.2,3.0,7.4,6.0,0.0,0.3,0.4,0.0,0.0,0.0,0.0,3.0,0.0,6.0,0.0,0.3,0.4,9.0,28.3,67.8,38.2,3.0,43.9,6.0,0.0,0.3,0.4,0.0,0.0,0.0,0.0,3.0,0.0,6.0,0.0,0.3,0.4,6.8,21.3,48.2,27.3,3.0,30.8,6.0,0.0,0.3,0.4,0.0,0.0,0.0,0.0,3.0,0.0,6.0,0.0,0.3,0.4,0.6,2.0,10.0,5.2,3.0,7.4,6.0,0.0,0.3,0.4,0.5,1.0,20.5,10.5,3.0,17.0,6.0,0.0,0.3,0.4,0.0,0.0,20.0,10.0,3.0,15.0,6.0,0.0,0.3,0.4
1974,2,5.0,-1.0,26.79,27.2,27.61,27.2,2.0,0.85,22.0,1.0,0.3,0.7,27.7,27.7,27.7,27.7,1.0,0.0,18.0,1.0,0.0,0.6,18.67,18.67,18.67,18.67,1.0,0.0,18.0,1.0,0.0,0.6,80.3,80.3,80.3,80.3,1.0,0.0,18.0,1.0,0.6,0.0,0.0,0.0,0.0,1.0,0.0,18.0,1.0,0.0,0.6,0.0,0.0,0.0,0.0,1.0,0.0,18.0,1.0,0.0,0.6,0.0,0.0,0.0,0.0,1.0,0.0,18.0,1.0,0.0,0.6,1010.51,1011.6,1012.69,1011.6,2.0,2.26,22.0,1.0,0.3,0.7,2.0,2.0,2.0,2.0,1.0,0.0,18.0,1.0,0.0,0.6,0.0,0.0,0.0,0.0,1.0,0.0,18.0,1.0,0.0,0.6,0.0,0.0,0.0,0.0,1.0,0.0,18.0,1.0,0.0,0.6,0.1,0.1,0.1,0.1,1.0,0.0,18.0,1.0,0.0,0.6,0.0,0.0,0.0,0.0,1.0,0.0,18.0,1.0,0.0,0.6,4.79,4.79,4.79,4.79,1.0,0.0,18.0,1.0,0.0,0.6,0.0,0.0,0.0,0.0,1.0,0.0,18.0,1.0,0.0,0.6,0.0,0.0,0.0,0.0,1.0,0.0,18.0,1.0,0.0,0.6,0.0,0.0,0.0,0.0,1.0,0.0,18.0,1.0,0.0,0.6,0.0,0.0,0.0,0.0,1.0,0.0,18.0,1.0,0.0,0.6,0.0,0.0,0.0,0.0,1.0,0.0,18.0,1.0,0.0,0.6,0.0,0.0,0.0,0.0,1.0,0.0,18.0,1.0,0.0,0.6,0.0,0.0,0.0,0.0,1.0,0.0,18.0,1.0,0.0,0.6,0.0,0.0,0.0,0.0,1.0,0.0,18.0,1.0,0.0,0.6,0.0,0.0,0.0,0.0,1.0,0.0,18.0,1.0,0.0,0.6
1974,2,5.0,0.0,27.94,29.05,30.0,28.98,4.0,1.19,14.0,0.5,0.3,0.5,27.77,28.5,29.22,28.48,5.0,0.91,16.0,0.4,0.3,0.4,18.38,18.4,20.21,19.27,3.0,1.53,18.0,0.3,0.2,0.3,74.0,81.2,83.0,78.6,3.0,7.0,18.0,0.3,0.3,2.7,4.1,5.44,4.08,5.0,1.63,16.0,0.4,0.3,0.4,-0.47,0.0,2.58,1.05,5.0,2.77,16.0,0.4,0.3,0.4,1.91,3.1,4.39,3.16,5.0,1.4,16.0,0.4,0.3,0.4,1006.81,1007.85,1009.62,1008.2,4.0,2.05,18.0,0.5,0.3,0.4,3.0,5.0,6.4,4.8,5.0,1.8,16.0,0.4,0.3,0.4,-0.9,0.0,15.0,7.3,5.0,16.2,16.0,0.4,0.3,0.4,7.2,13.1,19.6,13.5,5.0,8.2,16.0,0.4,0.3,0.4,-0.5,1.05,1.71,0.63,4.0,1.52,14.0,0.5,0.3,0.5,-1.3,2.7,6.4,2.6,4.0,5.8,14.0,0.5,0.3,0.5,5.21,5.35,5.49,5.35,2.0,0.29,16.0,0.5,0.2,0.4,17.8,19.2,20.5,19.2,2.0,2.7,16.0,0.5,0.2,0.4,-13.4,0.0,74.0,30.3,5.0,80.1,16.0,0.4,0.3,0.4,55.0,91.8,121.0,89.4,5.0,38.4,16.0,0.4,0.3,0.4,4.2,13.1,87.9,45.2,3.0,67.3,18.0,0.3,0.2,0.3,48.5,57.0,68.8,58.6,3.0,14.9,18.0,0.3,0.2,0.3,0.6,1.8,3.1,1.8,2.0,2.6,16.0,0.5,0.2,0.4,17.8,19.0,20.2,19.0,2.0,2.5,16.0,0.5,0.2,0.4,22.0,69.0,166.5,94.0,5.0,92.0,16.0,0.4,0.3,0.4,20.0,70.0,165.0,95.0,5.0,90.0,16.0,0.4,0.3,0.4
1974,2,5.0,2.0,29.5,29.5,29.5,29.5,1.0,0.0,18.0,0.0,0.4,0.4,25.65,26.2,26.75,26.2,2.0,1.13,18.0,0.5,0.3,0.6,17.78,18.13,18.49,18.13,2.0,0.73,18.0,0.5,0.3,0.6,84.1,85.1,86.1,85.1,2.0,2.1,18.0,0.5,0.6,7.7,7.7,7.7,7.7,1.0,0.0,18.0,0.0,0.4,0.4,3.85,3.85,3.85,3.85,1.0,0.0,18.0,0.0,0.4,0.4,6.67,6.67,6.67,6.67,1.0,0.0,18.0,0.0,0.4,0.4,1007.6,1008.9,1010.2,1008.9,2.0,2.69,18.0,0.5,0.3,0.6,7.0,7.0,7.0,7.0,2.0,0.0,18.0,0.5,0.3,0.6,29.6,29.6,29.6,29.6,1.0,0.0,18.0,0.0,0.4,0.4,51.3,51.3,51.3,51.3,1.0,0.0,18.0,0.0,0.4,0.4,2.5,2.5,2.5,2.5,1.0,0.0,18.0,0.0,0.4,0.4,19.3,19.3,19.3,19.3,1.0,0.0,18.0,0.0,0.4,0.4,7.25,7.25,7.25,7.25,1.0,0.0,18.0,0.0,0.4,0.4,55.9,55.9,55.9,55.9,1.0,0.0,18.0,0.0,0.4,0.4,104.0,104.0,104.0,104.0,1.0,0.0,18.0,0.0,0.4,0.4,180.0,180.0,180.0,180.0,1.0,0.0,18.0,0.0,0.4,0.4,71.8,71.8,71.8,71.8,1.0,0.0,18.0,0.0,0.4,0.4,124.4,124.4,124.4,124.4,1.0,0.0,18.0,0.0,0.4,0.4,27.9,27.9,27.9,27.9,1.0,0.0,18.0,0.0,0.4,0.4,48.4,48.4,48.4,48.4,1.0,0.0,18.0,0.0,0.4,0.4,456.5,456.5,456.5,456.5,1.0,0.0,18.0,0.0,0.4,0.4,455.0,455.0,455.0,455.0,1.0,0.0,18.0,0.0,0.4,0.4
1974,2,5.0,3.0,28.13,28.5,29.73,28.94,5.0,1.21,14.0,0.8,0.4,0.5,27.75,28.2,29.51,28.6,5.0,1.15,14.0,0.8,0.4,0.5,18.65,18.7,19.61,19.12,3.0,0.79,14.0,0.7,0.5,0.5,78.4,79.4,79.5,79.0,3.0,0.8,14.0,0.7,0.5,2.54,4.1,5.5,3.88,5.0,2.34,14.0,0.8,0.4,0.5,0.0,1.37,3.04,1.63,5.0,1.96,14.0,0.8,0.4,0.5,2.25,3.76,4.39,3.28,5.0,1.93,14.0,0.8,0.4,0.5,1007.35,1009.45,1011.18,1009.28,4.0,2.37,14.0,0.8,0.4,0.6,2.3,6.0,8.0,5.2,5.0,3.1,14.0,0.8,0.4,0.5,0.0,5.5,16.1,8.7,5.0,12.2,14.0,0.8,0.4,0.5,9.2,15.0,25.2,16.1,5.0,10.4,14.0,0.8,0.4,0.5,-1.02,-0.2,1.66,0.34,5.0,1.92,14.0,0.8,0.4,0.5,-4.1,-1.2,1.1,-1.4,5.0,3.3,14.0,0.8,0.4,0.5,4.39,5.06,5.56,4.97,3.0,0.86,14.0,0.7,0.5,0.5,20.8,29.5,30.8,25.9,3.0,8.0,14.0,0.7,0.5,0.5,0.0,41.6,86.7,47.0,5.0,55.1,14.0,0.8,0.4,0.5,65.4,112.4,124.5,94.4,5.0,54.8,14.0,0.8,0.4,0.5,13.0,41.1,73.4,43.2,3.0,44.3,14.0,0.7,0.5,0.5,72.1,74.3,88.7,80.2,3.0,13.2,14.0,0.7,0.5,0.5,2.7,8.4,19.0,10.8,3.0,12.2,14.0,0.7,0.5,0.5,16.3,20.2,26.5,21.4,3.0,7.6,14.0,0.7,0.5,0.5,40.5,69.0,171.0,101.0,5.0,90.0,14.0,0.8,0.4,0.5,40.0,70.0,170.0,100.0,5.0,90.0,14.0,0.8,0.4,0.5
1974,2,5.0,4.0,27.93,28.2,28.76,28.34,5.0,0.55,12.0,0.2,0.4,0.1,27.93,28.3,29.11,28.54,5.0,0.87,12.0,0.2,0.4,0.1,18.15,19.46,20.3,19.24,4.0,1.53,12.0,0.3,0.5,0.1,75.8,82.5,84.6,80.3,4.0,6.3,12.0,0.3,0.1,1.65,4.1,5.5,3.6,5.0,2.41,12.0,0.2,0.4,0.1,1.63,3.28,4.3,2.93,5.0,1.83,12.0,0.2,0.4,0.1,0.29,0.71,3.94,1.81,5.0,1.97,12.0,0.2,0.4,0.1,1006.66,1009.0,1011.52,1009.1,5.0,3.06,12.0,0.2,0.4,0.1,2.6,8.0,8.0,5.8,5.0,3.0,12.0,0.2,0.4,0.1,4.2,16.6,21.4,13.9,5.0,11.2,12.0,0.2,0.4,0.1,0.7,2.9,21.7,9.7,5.0,11.6,12.0,0.2,0.4,0.1,-0.98,0.0,0.65,-0.2,5.0,1.12,12.0,0.2,0.4,0.1,-0.6,0.0,2.4,0.7,5.0,1.8,12.0,0.2,0.4,0.1,3.46,4.54,6.92,5.16,4.0,2.32,12.0,0.3,0.5,0.1,17.2,22.5,25.3,21.3,4.0,5.9,12.0,0.3,0.5,0.1,46.0,91.8,121.5,82.4,5.0,51.3,12.0,0.2,0.4,0.1,8.1,20.4,109.9,50.7,5.0,54.7,12.0,0.2,0.4,0.1,53.0,73.6,89.1,71.2,4.0,22.2,12.0,0.3,0.5,0.1,11.1,45.0,76.9,44.1,4.0,38.0,12.0,0.3,0.5,0.1,15.1,17.6,19.7,17.4,4.0,3.5,12.0,0.3,0.5,0.1,3.0,9.3,18.0,10.5,4.0,8.9,12.0,0.3,0.5,0.1,11.0,69.0,171.0,91.5,5.0,97.0,12.0,0.2,0.4,0.1,10.0,70.0,170.0,90.0,5.0,95.0,12.0,0.2,0.4,0.1
1974,2,5.0,36.0,15.0,15.0,15.14,15.14,19.0,0.55,22.0,0.3,0.2,0.7,10.1,11.6,13.2,11.85,20.0,1.87,22.0,0.3,0.2,0.7,5.53,6.09,6.81,6.28,16.0,0.89,24.0,0.3,0.1,0.7,64.6,72.3,84.2,73.7,16.0,10.1,24.0,0.3,0.7,3.11,6.45,10.3,7.05,20.0,3.44,22.0,0.3,0.2,0.7,-1.61,2.8,9.78,3.31,20.0,5.21,22.0,0.3,0.2,0.7,-6.23,0.09,2.13,-1.45,20.0,4.82,22.0,0.3,0.2,0.7,1012.8,1013.5,1014.4,1014.29,20.0,5.24,22.0,0.3,0.2,0.7,4.0,7.5,8.0,6.4,20.0,2.4,22.0,0.3,0.2,0.7,-13.7,8.7,104.2,33.5,20.0,57.9,22.0,0.3,0.2,0.7,-44.8,0.1,18.4,-12.4,20.0,42.3,22.0,0.3,0.2,0.7,1.66,3.0,4.8,3.15,19.0,1.71,22.0,0.3,0.2,0.7,9.0,18.6,33.8,23.7,19.0,20.3,22.0,0.3,0.2,0.7,3.76,4.37,5.05,4.26,16.0,0.89,24.0,0.3,0.1,0.7,14.5,31.8,46.9,31.1,16.0,14.3,24.0,0.3,0.1,0.7,-20.9,32.4,103.2,35.1,20.0,59.7,22.0,0.3,0.2,0.7,-80.6,0.8,27.3,-18.1,20.0,63.3,22.0,0.3,0.2,0.7,-9.4,20.6,57.2,20.3,16.0,30.6,24.0,0.3,0.1,0.7,-53.2,-4.2,11.1,-15.5,16.0,31.8,24.0,0.3,0.1,0.7,-5.8,14.0,42.3,16.3,16.0,21.4,24.0,0.3,0.1,0.7,-32.8,-4.0,8.9,-7.6,16.0,20.8,24.0,0.3,0.1,0.7,30.5,269.5,1092.5,591.0,20.0,654.0,22.0,0.3,0.2,0.7,30.0,270.0,1095.0,590.0,20.0,655.0,22.0,0.3,0.2,0.7
1974,2,5.0,37.0,14.0,15.0,16.0,14.96,109.0,1.06,14.0,0.3,0.4,0.3,12.09,14.0,15.5,13.93,114.0,2.23,14.0,0.3,0.4,0.3,5.56,7.28,8.67,7.1,33.0,1.44,16.0,0.5,0.4,0.4,57.9,71.1,88.5,70.8,34.0,14.6,16.0,0.5,0.4,4.6,8.7,14.0,9.17,105.0,4.8,14.0,0.4,0.4,0.3,-2.0,5.36,13.84,5.36,105.0,7.39,14.0,0.4,0.4,0.3,-6.05,0.0,3.48,-0.81,105.0,4.86,14.0,0.4,0.4,0.3,1005.9,1013.1,1020.61,1013.48,111.0,6.55,14.0,0.3,0.4,0.3,2.0,6.0,8.0,5.0,107.0,2.7,14.0,0.3,0.4,0.3,-14.8,37.5,193.1,73.7,105.0,110.5,14.0,0.4,0.4,0.3,-62.9,0.0,33.4,-9.7,105.0,56.4,14.0,0.4,0.4,0.3,-1.0,1.0,3.0,0.98,109.0,2.4,14.0,0.3,0.4,0.3,-8.0,7.6,28.7,9.5,99.0,18.8,14.0,0.4,0.4,0.3,1.59,3.31,4.68,3.22,32.0,1.49,16.0,0.4,0.4,0.4,7.8,27.5,45.5,29.0,31.0,18.8,16.0,0.5,0.4,0.4,-35.2,70.9,188.6,73.6,104.0,105.9,14.0,0.4,0.4,0.3,-75.4,0.0,52.0,-8.4,104.0,66.2,14.0,0.4,0.4,0.3,-34.0,7.0,98.6,25.2,32.0,68.4,16.0,0.5,0.4,0.4,-11.8,0.0,28.6,5.5,32.0,24.8,16.0,0.5,0.4,0.4,-20.9,0.0,29.0,7.9,31.0,30.2,16.0,0.5,0.4,0.4,-5.7,0.0,16.9,2.0,31.0,15.6,16.0,0.5,0.4,0.4,97.5,658.5,2744.0,1423.0,105.0,1811.5,14.0,0.4,0.4,0.3,95.0,660.0,2745.0,1425.0,105.0,1810.0,14.0,0.4,0.4,0.3
1974,2,5.0,38.0,13.87,14.45,15.0,14.32,22.0,0.96,14.0,0.2,0.5,0.4,12.0,13.6,14.55,13.29,23.0,1.37,12.0,0.2,0.5,0.3,6.19,7.02,8.97,7.33,17.0,1.25,14.0,0.2,0.5,0.4,67.6,77.6,90.7,78.7,17.0,11.1,14.0,0.2,0.4,6.17,10.8,14.98,10.52,21.0,4.13,14.0,0.2,0.5,0.4,-1.15,7.52,12.77,6.4,21.0,5.76,14.0,0.2,0.5,0.4,-10.59,0.0,3.73,-2.8,21.0,7.0,14.0,0.2,0.5,0.4,1001.32,1013.5,1019.21,1010.99,21.0,7.78,14.0,0.2,0.5,0.3,2.2,5.0,8.0,4.8,21.0,2.6,14.0,0.2,0.5,0.3,-7.9,63.0,186.0,80.4,21.0,81.9,14.0,0.2,0.5,0.4,-123.4,0.0,31.8,-42.6,21.0,96.2,14.0,0.2,0.5,0.4,-0.08,1.2,2.03,1.06,21.0,1.11,14.0,0.2,0.5,0.3,-0.2,12.9,21.9,12.5,18.0,11.2,14.0,0.3,0.5,0.3,1.2,2.91,4.16,2.79,16.0,1.33,16.0,0.3,0.5,0.4,15.2,24.0,46.1,29.7,15.0,18.3,14.0,0.3,0.5,0.4,-14.2,102.6,169.6,89.7,20.0,78.3,14.0,0.3,0.5,0.3,-158.1,-19.3,39.6,-40.9,20.0,90.3,14.0,0.3,0.5,0.3,-11.5,36.3,85.3,41.4,16.0,42.4,14.0,0.3,0.5,0.4,-70.3,-9.7,35.0,-19.0,16.0,50.3,14.0,0.3,0.5,0.4,-4.7,14.9,23.2,16.5,15.0,22.2,14.0,0.3,0.5,0.4,-36.7,0.0,6.1,-10.8,15.0,19.2,14.0,0.3,0.5,0.4,238.0,1259.5,3363.5,1677.5,21.0,1556.0,14.0,0.2,0.5,0.4,240.0,1260.0,3365.0,1675.0,21.0,1555.0,14.0,0.2,0.5,0.4
1974,2,5.0,39.0,13.9,14.1,14.3,14.03,54.0,0.41,14.0,0.6,0.4,0.3,11.8,12.8,14.6,13.18,29.0,1.32,14.0,0.6,0.5,0.3,6.31,7.56,8.15,7.29,21.0,0.98,14.0,0.5,0.5,0.3,69.5,79.1,86.0,77.5,21.0,8.7,14.0,0.5,0.3,2.0,7.0,16.0,8.35,52.0,5.94,14.0,0.6,0.5,0.4,-0.65,3.55,10.83,4.65,52.0,5.36,14.0,0.6,0.5,0.4,-12.26,0.17,5.02,-1.96,52.0,7.19,14.0,0.6,0.5,0.4,1003.2,1009.9,1023.85,1012.7,21.0,8.69,14.0,0.5,0.5,0.3,0.0,4.0,7.0,3.7,29.0,2.9,14.0,0.6,0.5,0.3,-1.3,19.6,164.6,63.9,52.0,94.1,14.0,0.6,0.5,0.4,-196.1,0.2,38.2,-47.7,52.0,113.3,14.0,0.6,0.5,0.4,-0.7,0.9,2.26,0.74,29.0,1.23,14.0,0.6,0.5,0.3,-3.5,3.0,13.0,5.3,21.0,11.6,14.0,0.5,0.5,0.3,1.47,2.24,3.76,2.56,21.0,1.16,14.0,0.5,0.5,0.3,5.0,10.6,28.8,17.6,21.0,17.3,14.0,0.5,0.5,0.3,-23.1,4.3,96.1,22.1,21.0,61.8,14.0,0.5,0.5,0.3,-156.0,0.0,71.8,-25.6,21.0,97.8,14.0,0.5,0.5,0.3,-13.3,2.2,50.1,13.1,21.0,37.7,14.0,0.5,0.5,0.3,-77.3,0.0,43.5,-13.1,21.0,55.8,14.0,0.5,0.5,0.3,-3.6,0.8,14.2,4.2,21.0,10.1,14.0,0.5,0.5,0.3,-27.0,0.0,6.4,-8.7,21.0,20.6,14.0,0.5,0.5,0.3,8.0,343.0,4096.0,1607.0,52.0,2662.0,14.0,0.6,0.5,0.4,10.0,345.0,4095.0,1605.0,52.0,2660.0,14.0,0.6,0.5,0.4
1974,2,5.0,40.0,13.39,14.0,14.41,13.97,13.0,0.75,18.0,0.2,0.2,0.3,11.56,12.4,13.82,12.38,13.0,1.46,18.0,0.2,0.2,0.3,6.48,6.94,7.44,6.95,10.0,0.47,18.0,0.1,0.2,0.4,74.4,76.6,82.2,77.8,10.0,4.5,18.0,0.1,0.4,8.14,12.95,14.3,11.9,18.0,2.98,16.0,0.2,0.2,0.3,-0.64,4.67,7.25,3.59,18.0,4.44,16.0,0.2,0.2,0.3,-12.75,-10.93,-6.04,-8.51,18.0,6.98,16.0,0.2,0.2,0.3,1007.18,1011.0,1017.11,1011.32,13.0,8.78,18.0,0.2,0.2,0.3,1.7,4.0,8.0,4.4,12.0,3.0,18.0,0.3,0.2,0.3,-4.0,46.4,97.0,48.5,18.0,59.2,16.0,0.2,0.2,0.3,-194.1,-145.2,-45.1,-110.4,18.0,97.3,16.0,0.2,0.2,0.3,0.74,1.4,2.13,1.58,13.0,1.44,18.0,0.2,0.2,0.3,4.7,15.4,29.3,19.5,13.0,23.0,18.0,0.2,0.2,0.3,2.54,2.79,3.16,2.79,10.0,0.49,18.0,0.1,0.2,0.4,23.5,33.2,36.3,30.2,10.0,9.2,18.0,0.1,0.2,0.4,-25.1,24.3,80.9,26.9,13.0,53.1,18.0,0.2,0.2,0.3,-146.2,-133.0,-55.5,-86.6,13.0,105.4,18.0,0.2,0.2,0.3,0.0,22.8,45.0,22.7,10.0,25.2,18.0,0.1,0.2,0.4,-77.9,-66.0,-42.0,-49.8,10.0,51.5,18.0,0.1,0.2,0.4,0.0,8.5,17.8,9.1,10.0,9.1,18.0,0.1,0.2,0.4,-33.9,-27.2,-13.6,-21.6,10.0,20.0,18.0,0.1,0.2,0.4,539.5,2172.0,2934.5,1974.0,18.0,1206.5,16.0,0.2,0.2,0.3,540.0,2170.0,2935.0,1975.0,18.0,1205.0,16.0,0.2,0.2,0.3
1974,2,5.0,41.0,13.02,13.75,14.0,13.71,8.0,0.68,12.0,0.0,0.4,0.6,10.69,12.6,14.4,12.53,8.0,1.64,12.0,0.0,0.4,0.6,5.86,6.65,7.21,6.34,8.0,1.18,12.0,0.0,0.4,0.6,62.0,77.1,81.8,71.3,8.0,15.7,12.0,0.0,0.6,4.66,9.5,12.39,8.29,8.0,4.64,12.0,0.0,0.4,0.6,0.09,1.65,6.1,2.72,8.0,2.99,12.0,0.0,0.4,0.6,-11.06,-9.03,3.47,-5.41,8.0,7.02,12.0,0.0,0.4,0.6,1008.82,1015.15,1017.6,1013.0,8.0,7.62,12.0,0.0,0.4,0.6,0.1,4.5,8.0,4.3,8.0,3.8,12.0,0.0,0.4,0.6,0.4,14.9,76.0,29.2,8.0,39.0,12.0,0.0,0.4,0.6,-141.2,-89.5,17.7,-68.9,8.0,72.5,12.0,0.0,0.4,0.6,0.41,0.75,2.66,1.19,8.0,1.37,12.0,0.0,0.4,0.6,2.4,6.7,29.1,12.8,8.0,13.4,12.0,0.0,0.4,0.6,2.27,3.24,4.26,3.39,8.0,1.33,12.0,0.0,0.4,0.6,10.6,25.2,41.9,26.3,8.0,18.8,12.0,0.0,0.4,0.6,1.1,18.8,88.4,35.4,8.0,40.2,12.0,0.0,0.4,0.6,-125.3,-104.3,44.5,-64.2,8.0,86.8,12.0,0.0,0.4,0.6,0.6,11.4,38.1,18.4,8.0,19.8,12.0,0.0,0.4,0.6,-71.3,-60.2,25.1,-34.4,8.0,46.5,12.0,0.0,0.4,0.6,0.2,4.4,22.5,8.9,8.0,11.1,12.0,0.0,0.4,0.6,-41.0,-24.5,8.8,-18.7,8.0,23.0,12.0,0.0,0.4,0.6,101.5,875.5,1901.5,987.0,8.0,892.0,12.0,0.0,0.4,0.6,100.0,875.0,1900.0,985.0,8.0,890.0,12.0,0.0,0.4,0.6
1974,2,5.0,42.0,12.5,13.1,14.0,13.3,34.0,0.93,16.0,0.4,0.5,0.6,10.0,11.8,13.95,11.9,33.0,1.82,16.0,0.3,0.5,0.6,5.39,6.26,7.86,6.52,29.0,1.47,16.0,0.4,0.4,0.6,62.7,72.2,85.3,73.0,29.0,10.5,16.0,0.4,0.6,4.1,6.7,11.22,7.27,33.0,3.54,16.0,0.4,0.5,0.6,-3.97,1.99,6.98,1.98,33.0,5.57,16.0,0.4,0.5,0.6,-6.66,-0.96,4.78,-1.17,33.0,5.53,16.0,0.4,0.5,0.6,1003.7,1013.85,1018.33,1011.76,34.0,7.09,16.0,0.4,0.5,0.6,2.0,6.0,8.0,5.3,34.0,2.6,16.0,0.4,0.5,0.6,-16.7,11.7,75.6,23.0,33.0,63.2,16.0,0.4,0.5,0.6,-68.0,-4.5,37.5,-15.3,33.0,55.9,16.0,0.4,0.5,0.6,-0.09,1.5,3.72,1.44,33.0,2.1,16.0,0.3,0.5,0.6,0.0,8.4,20.8,12.1,32.0,20.0,16.0,0.3,0.5,0.6,1.6,3.1,4.38,3.01,29.0,1.64,16.0,0.4,0.4,0.6,7.2,14.2,35.4,22.5,28.0,21.4,16.0,0.4,0.5,0.6,-46.5,19.2,71.6,17.8,32.0,67.6,16.0,0.3,0.5,0.6,-84.0,-13.1,70.0,-10.9,32.0,65.6,16.0,0.3,0.5,0.6,-31.3,9.0,33.1,3.7,28.0,36.7,16.0,0.4,0.5,0.6,-37.8,-5.2,42.0,-0.9,28.0,34.6,16.0,0.4,0.5,0.6,-8.4,4.6,25.7,9.7,28.0,23.8,16.0,0.4,0.5,0.6,-24.2,-3.8,9.3,-6.4,28.0,16.6,16.0,0.4,0.5,0.6,69.0,301.0,1415.5,672.0,33.0,875.5,16.0,0.4,0.5,0.6,70.0,300.0,1415.0,670.0,33.0,875.0,16.0,0.4,0.5,0.6
1974,2,5.0,43.0,12.66,13.0,14.0,13.19,24.0,0.81,16.0,0.4,0.4,0.1,9.86,11.6,13.48,11.82,24.0,2.05,16.0,0.4,0.4,0.1,5.31,5.88,7.4,6.18,24.0,1.16,16.0,0.4,0.4,0.1,65.3,72.6,78.8,71.6,24.0,10.2,16.0,0.4,0.1,5.13,9.3,12.9,9.33,23.0,3.96,16.0,0.4,0.3,0.1,-7.17,2.64,10.21,1.65,23.0,8.1,16.0,0.4,0.3,0.1,-8.34,0.0,4.9,-1.09,23.0,6.09,16.0,0.4,0.3,0.1,1007.5,1013.1,1019.2,1012.38,24.0,6.61,16.0,0.4,0.4,0.1,3.3,6.0,8.0,5.6,24.0,2.5,16.0,0.4,0.4,0.1,-63.8,10.8,121.1,32.1,23.0,101.7,16.0,0.4,0.3,0.1,-98.9,0.0,43.5,-21.2,23.0,77.3,16.0,0.4,0.3,0.1,-0.11,1.5,3.0,1.38,24.0,1.87,16.0,0.4,0.4,0.1,-3.7,10.3,31.9,12.3,23.0,20.6,16.0,0.4,0.3,0.1,2.14,3.39,4.55,3.24,24.0,1.23,16.0,0.4,0.4,0.1,11.8,28.3,45.6,31.8,23.0,23.0,16.0,0.4,0.3,0.1,-77.7,33.3,128.3,24.7,23.0,97.8,16.0,0.4,0.3,0.1,-92.7,0.0,62.7,-9.7,23.0,76.9,16.0,0.4,0.3,0.1,-44.3,17.1,61.3,8.3,23.0,48.4,16.0,0.4,0.3,0.1,-50.0,0.0,36.8,-2.6,23.0,38.4,16.0,0.4,0.3,0.1,-17.9,7.3,38.4,8.1,23.0,32.0,16.0,0.4,0.3,0.1,-31.2,0.0,9.8,-7.6,23.0,20.7,16.0,0.4,0.3,0.1,152.0,804.5,2146.5,1259.5,23.0,1550.5,16.0,0.4,0.3,0.1,150.0,805.0,2145.0,1260.0,23.0,1550.0,16.0,0.4,0.3,0.1
1974,2,5.0,52.0,5.7,5.7,5.7,5.7,1.0,0.0,22.0,0.0,0.4,0.7,5.2,5.2,5.2,5.2,1.0,0.0,22.0,0.0,0.4,0.7,5.01,5.01,5.01,5.01,1.0,0.0,22.0,0.0,0.4,0.7,92.0,92.0,92.0,92.0,1.0,0.0,22.0,0.0,0.7,9.3,9.3,9.3,9.3,1.0,0.0,22.0,0.0,0.4,0.7,8.05,8.05,8.05,8.05,1.0,0.0,22.0,0.0,0.4,0.7,4.65,4.65,4.65,4.65,1.0,0.0,22.0,0.0,0.4,0.7,1018.0,1018.0,1018.0,1018.0,1.0,0.0,22.0,0.0,0.4,0.7,,,,,,,,,,,,,,,,,,,,,,,,,,,,,,,0.5,0.5,0.5,0.5,1.0,0.0,22.0,0.0,0.4,0.7,4.7,4.7,4.7,4.7,1.0,0.0,22.0,0.0,0.4,0.7,0.63,0.63,0.63,0.63,1.0,0.0,22.0,0.0,0.4,0.7,5.9,5.9,5.9,5.9,1.0,0.0,22.0,0.0,0.4,0.7,41.9,41.9,41.9,41.9,1.0,0.0,22.0,0.0,0.4,0.7,24.2,24.2,24.2,24.2,1.0,0.0,22.0,0.0,0.4,0.7,40.3,40.3,40.3,40.3,1.0,0.0,22.0,0.0,0.4,0.7,23.3,23.3,23.3,23.3,1.0,0.0,22.0,0.0,0.4,0.7,5.1,5.1,5.1,5.1,1.0,0.0,22.0,0.0,0.4,0.7,2.9,2.9,2.9,2.9,1.0,0.0,22.0,0.0,0.4,0.7,804.5,804.5,804.5,804.5,1.0,0.0,22.0,0.0,0.4,0.7,805.0,805.0,805.0,805.0,1.0,0.0,22.0,0.0,0.4,0.7
1974,2,5.0,53.0,4.43,6.1,6.5,5.4,10.0,2.04,14.0,0.3,0.3,0.7,4.4,5.7,7.25,5.58,12.0,1.83,14.0,0.4,0.3,0.7,4.1,4.69,5.1,4.63,8.0,0.76,14.0,0.4,0.3,0.7,71.3,82.8,86.9,80.6,8.0,7.5,14.0,0.4,0.7,6.65,8.2,11.6,8.95,13.0,3.95,14.0,0.4,0.3,0.7,-3.03,3.1,8.74,2.52,13.0,5.86,14.0,0.4,0.3,0.7,-2.38,2.39,11.6,3.65,13.0,6.84,14.0,0.4,0.3,0.7,993.1,1005.05,1029.5,1007.55,12.0,19.38,14.0,0.4,0.3,0.7,3.0,7.5,8.0,6.2,12.0,2.3,14.0,0.4,0.3,0.7,-11.6,19.2,81.3,29.2,13.0,62.3,14.0,0.4,0.3,0.7,-16.7,16.8,135.3,51.1,13.0,100.2,14.0,0.4,0.3,0.7,-1.34,-0.45,1.57,-0.06,10.0,1.96,14.0,0.3,0.3,0.7,-16.0,-3.0,19.3,-0.3,10.0,19.8,14.0,0.3,0.3,0.7,0.7,1.15,1.95,1.36,7.0,0.94,12.0,0.3,0.4,0.7,4.5,12.3,27.3,13.6,7.0,9.9,12.0,0.3,0.4,0.7,-10.3,14.5,54.8,19.3,12.0,34.1,14.0,0.4,0.3,0.7,-9.5,20.7,66.1,26.2,12.0,44.9,14.0,0.4,0.3,0.7,-10.9,5.6,33.6,9.5,8.0,26.6,14.0,0.4,0.3,0.7,-12.2,18.9,59.6,25.2,8.0,42.2,14.0,0.4,0.3,0.7,-1.3,1.9,3.1,-1.2,7.0,12.0,12.0,0.3,0.4,0.7,-4.3,3.3,13.0,5.3,7.0,11.7,12.0,0.3,0.4,0.7,295.0,551.5,1590.5,1164.0,13.0,1731.5,14.0,0.4,0.3,0.7,295.0,550.0,1590.0,1165.0,13.0,1730.0,14.0,0.4,0.3,0.7
1974,2,5.0,54.0,5.4,6.5,7.9,6.48,86.0,1.2,16.0,0.3,0.4,0.6,4.2,6.0,7.0,5.76,108.0,1.5,16.0,0.3,0.4,0.6,4.08,4.76,5.73,4.82,37.0,0.71,18.0,0.3,0.6,0.6,73.4,85.7,92.9,83.2,37.0,9.2,18.0,0.3,0.6,4.6,7.7,12.3,8.09,106.0,4.27,16.0,0.3,0.4,0.6,-6.18,-1.13,6.93,-0.19,106.0,6.04,16.0,0.3,0.4,0.6,-3.3,2.44,9.26,2.74,106.0,6.34,16.0,0.3,0.4,0.6,999.66,1012.5,1025.68,1012.1,107.0,15.54,16.0,0.3,0.4,0.6,3.0,8.0,8.0,6.1,93.0,2.5,16.0,0.4,0.4,0.6,-48.8,-4.6,57.1,4.7,106.0,74.0,16.0,0.3,0.4,0.6,-19.5,8.8,104.1,36.8,106.0,87.0,16.0,0.3,0.4,0.6,-0.8,0.35,2.3,0.67,86.0,1.8,16.0,0.3,0.4,0.6,-2.4,3.2,15.7,5.0,83.0,15.2,16.0,0.3,0.4,0.6,0.34,0.96,1.67,1.01,35.0,0.64,18.0,0.3,0.6,0.6,2.7,6.1,14.1,7.9,35.0,5.9,18.0,0.3,0.6,0.6,-30.4,-4.9,41.6,0.9,105.0,36.8,16.0,0.3,0.4,0.6,-16.3,14.6,55.6,17.7,105.0,37.3,16.0,0.3,0.4,0.6,-31.8,-7.5,35.7,1.3,37.0,32.7,18.0,0.3,0.6,0.6,-13.6,0.0,44.6,9.5,37.0,29.5,18.0,0.3,0.6,0.6,-8.3,-0.4,3.7,-1.4,35.0,7.0,18.0,0.3,0.6,0.6,-4.7,0.0,4.6,0.8,35.0,6.8,18.0,0.3,0.6,0.6,97.5,456.5,1869.0,1022.5,106.0,1653.5,16.0,0.3,0.4,0.6,95.0,455.0,1870.0,1020.0,106.0,1655.0,16.0,0.3,0.4,0.6
1974,2,5.0,55.0,5.0,6.15,7.68,6.27,68.0,1.28,14.0,0.4,0.6,0.3,3.71,6.0,7.0,5.56,72.0,1.66,14.0,0.4,0.6,0.3,3.73,5.11,5.55,4.78,22.0,0.87,14.0,0.5,0.4,0.6,75.9,87.7,92.7,85.3,22.0,8.4,14.0,0.5,0.6,4.6,8.2,12.0,8.43,71.0,3.75,14.0,0.4,0.6,0.3,-5.89,0.0,6.64,-0.02,71.0,5.96,14.0,0.4,0.6,0.3,-3.25,3.46,10.16,3.41,71.0,6.24,14.0,0.4,0.6,0.3,993.42,1008.15,1033.36,1010.25,72.0,17.31,14.0,0.4,0.6,0.3,1.0,7.0,8.0,5.6,58.0,3.1,14.0,0.5,0.6,0.3,-52.0,0.0,62.8,2.7,71.0,66.2,14.0,0.4,0.6,0.3,-17.9,23.0,118.9,38.9,71.0,78.0,14.0,0.4,0.6,0.3,-1.0,0.2,2.64,0.64,68.0,2.09,14.0,0.4,0.6,0.3,-6.2,1.9,24.4,5.9,67.0,19.6,14.0,0.4,0.6,0.3,0.24,0.55,1.79,0.85,22.0,0.72,14.0,0.5,0.4,0.6,1.1,3.0,15.1,6.9,22.0,7.7,14.0,0.5,0.4,0.6,-25.4,0.0,35.7,3.0,71.0,30.4,14.0,0.4,0.6,0.3,-14.0,14.7,67.6,24.3,71.0,38.2,14.0,0.4,0.6,0.3,-22.0,-5.0,12.2,-5.8,22.0,16.9,14.0,0.5,0.4,0.6,-24.2,10.9,52.7,13.5,22.0,31.4,14.0,0.5,0.4,0.6,-3.6,-0.6,1.4,-0.9,22.0,7.6,14.0,0.5,0.4,0.6,-8.8,0.9,5.1,-0.5,22.0,7.2,14.0,0.5,0.4,0.6,97.5,551.5,1728.0,961.5,71.0,1125.5,14.0,0.4,0.6,0.3,95.0,550.0,1730.0,960.0,71.0,1125.0,14.0,0.4,0.6,0.3
1974,2,5.0,56.0,4.75,5.6,6.63,5.39,12.0,1.38,22.0,0.4,0.4,0.4,3.53,6.0,6.2,5.26,14.0,1.61,24.0,0.4,0.4,0.4,4.32,5.04,5.3,4.85,9.0,0.5,24.0,0.6,0.3,0.4,87.2,92.0,95.6,90.3,9.0,6.8,24.0,0.6,0.4,3.13,4.35,8.12,5.97,14.0,3.95,24.0,0.4,0.4,0.4,-5.84,1.21,4.06,0.05,14.0,5.45,24.0,0.4,0.4,0.4,-2.58,2.4,3.47,1.9,14.0,4.52,24.0,0.4,0.4,0.4,1022.01,1030.75,1033.86,1028.13,14.0,7.47,24.0,0.4,0.4,0.4,0.0,5.5,8.0,4.6,14.0,3.6,24.0,0.4,0.4,0.4,-40.4,2.7,16.8,-3.7,14.0,60.8,24.0,0.4,0.4,0.4,-9.3,7.1,24.4,22.8,14.0,56.0,24.0,0.4,0.4,0.4,-1.25,0.15,1.38,0.17,12.0,1.91,22.0,0.4,0.4,0.4,-5.1,1.3,10.1,6.2,12.0,19.3,22.0,0.4,0.4,0.4,0.12,0.56,1.49,0.64,9.0,0.85,24.0,0.6,0.3,0.4,0.3,2.2,9.5,5.6,9.0,8.9,24.0,0.6,0.3,0.4,-19.2,7.3,25.2,4.2,14.0,21.2,24.0,0.4,0.4,0.4,-13.4,9.9,21.4,5.9,14.0,18.5,24.0,0.4,0.4,0.4,-27.6,8.4,15.7,-1.6,9.0,22.0,24.0,0.6,0.3,0.4,-16.9,6.9,14.1,3.8,9.0,21.8,24.0,0.6,0.3,0.4,-5.7,0.9,2.4,-1.5,9.0,6.7,24.0,0.6,0.3,0.4,-3.0,1.1,2.8,1.7,9.0,7.9,24.0,0.6,0.3,0.4,31.0,83.0,538.0,544.0,14.0,1059.0,24.0,0.4,0.4,0.4,30.0,85.0,540.0,545.0,14.0,1060.0,24.0,0.4,0.4,0.4
1974,2,5.0,57.0,5.74,6.1,6.33,6.12,18.0,0.66,16.0,0.7,0.6,0.4,4.17,6.05,7.79,5.98,18.0,1.43,16.0,0.7,0.6,0.4,4.05,4.94,5.69,4.77,16.0,0.86,16.0,0.7,0.6,0.4,76.6,84.0,87.2,81.5,16.0,9.4,16.0,0.7,0.4,4.42,9.9,12.3,9.13,18.0,3.95,16.0,0.7,0.5,0.4,-6.38,2.95,9.42,2.22,18.0,6.98,16.0,0.7,0.5,0.4,-2.74,4.63,10.63,3.79,18.0,5.9,16.0,0.7,0.5,0.4,988.69,1009.2,1033.04,1009.45,19.0,19.44,16.0,0.6,0.5,0.4,3.5,7.0,8.0,5.9,17.0,2.7,16.0,0.7,0.5,0.4,-44.4,15.6,104.6,29.8,18.0,85.6,16.0,0.7,0.5,0.4,-22.7,38.5,123.3,47.6,18.0,73.3,16.0,0.7,0.5,0.4,-1.59,0.5,1.36,0.14,18.0,1.5,16.0,0.7,0.6,0.4,-8.4,3.9,14.0,2.2,17.0,13.5,16.0,0.7,0.5,0.4,0.26,1.08,1.78,1.16,16.0,0.84,16.0,0.7,0.6,0.4,1.2,11.0,20.5,11.5,15.0,8.3,14.0,0.7,0.5,0.4,-29.4,21.8,61.8,20.1,17.0,42.3,16.0,0.7,0.5,0.4,-15.0,37.8,62.4,27.6,17.0,33.2,16.0,0.7,0.5,0.4,-26.1,17.4,47.2,16.2,15.0,35.1,14.0,0.7,0.5,0.4,-9.1,36.6,51.9,25.5,15.0,26.8,14.0,0.7,0.5,0.4,-7.9,0.6,9.8,0.4,15.0,9.4,14.0,0.7,0.5,0.4,-4.7,2.5,14.2,3.4,15.0,10.5,14.0,0.7,0.5,0.4,87.5,970.5,1861.0,1171.0,18.0,1347.0,16.0,0.7,0.5,0.4,85.0,970.0,1860.0,1170.0,18.0,1345.0,16.0,0.7,0.5,0.4
1974,2,5.0,58.0,3.87,5.15,7.0,5.14,36.0,1.63,12.0,0.1,0.5,0.4,2.16,4.65,6.63,4.54,36.0,2.38,12.0,0.1,0.5,0.4,4.21,4.8,5.19,4.67,5.0,0.81,8.0,0.4,0.5,0.1,77.2,85.3,87.5,82.2,5.0,9.7,8.0,0.4,0.1,4.1,6.7,13.0,8.15,35.0,4.24,12.0,0.1,0.5,0.4,-9.93,-1.56,4.73,-1.96,35.0,6.12,12.0,0.1,0.5,0.4,1.12,5.13,9.67,5.05,35.0,4.31,12.0,0.1,0.5,0.4,991.48,1003.5,1021.19,1005.09,35.0,13.9,14.0,0.1,0.5,0.4,4.2,8.0,8.0,6.6,21.0,2.3,12.0,0.2,0.5,0.3,-134.3,-4.3,30.3,-32.9,35.0,72.3,12.0,0.1,0.5,0.4,3.1,34.4,114.3,54.4,35.0,58.0,12.0,0.1,0.5,0.4,-1.8,0.75,2.94,0.61,36.0,2.71,12.0,0.1,0.5,0.4,-10.8,2.7,32.7,8.4,35.0,23.0,12.0,0.1,0.5,0.4,0.36,0.64,1.44,0.9,5.0,0.79,8.0,0.4,0.5,0.1,3.6,6.1,13.9,8.2,5.0,5.6,8.0,0.4,0.5,0.1,-28.0,-2.3,27.7,-2.7,35.0,24.1,12.0,0.1,0.5,0.4,0.0,19.5,44.8,23.0,35.0,23.1,12.0,0.1,0.5,0.4,-25.1,11.1,18.7,-1.2,5.0,30.6,8.0,0.4,0.5,0.1,0.3,40.7,64.3,32.5,5.0,36.2,8.0,0.4,0.5,0.1,-2.0,2.3,5.3,1.7,5.0,4.6,8.0,0.4,0.5,0.1,-3.7,2.3,7.3,1.6,5.0,9.3,8.0,0.4,0.5,0.1,69.0,301.0,2197.0,979.5,35.0,1160.0,12.0,0.1,0.5,0.4,70.0,300.0,2195.0,980.0,35.0,1160.0,12.0,0.1,0.5,0.4
1974,2,5.0,59.0,,,,,,,,,,,,,,,,,,,,,,,,,,,,,,,,,,,,,,,,7.0,7.0,7.0,7.0,1.0,0.0,2.0,0.0,0.0,0.0,1.22,1.22,1.22,1.22,1.0,0.0,2.0,0.0,0.0,0.0,6.89,6.89,6.89,6.89,1.0,0.0,2.0,0.0,0.0,0.0,1010.3,1010.3,1010.3,1010.3,1.0,0.0,2.0,0.0,0.0,0.0,,,,,,,,,,,,,,,,,,,,,,,,,,,,,,,,,,,,,,,,,,,,,,,,,,,,,,,,,,,,,,,,,,,,,,,,,,,,,,,,,,,,,,,,,,,,,,,,,,,,,,,,,,,,,,,,,,,,,,,,,,,,,,,,,,,,,,,,,,,,,,,,,,,,,,
1974,2,5.0,62.0,5.0,6.5,7.2,6.22,22.0,1.41,18.0,0.4,0.3,0.6,1.0,5.0,6.61,4.29,23.0,2.59,18.0,0.4,0.3,0.7,5.16,5.31,5.47,5.31,2.0,0.32,14.0,0.5,0.4,0.3,88.1,88.9,89.7,88.9,2.0,1.7,14.0,0.5,0.3,4.79,9.0,14.48,9.07,21.0,4.46,18.0,0.3,0.3,0.6,-3.55,3.0,7.9,2.79,21.0,5.94,18.0,0.3,0.3,0.6,2.77,6.43,11.1,6.38,21.0,4.49,18.0,0.3,0.3,0.6,991.58,1001.8,1024.21,1007.54,23.0,16.29,18.0,0.4,0.3,0.7,6.0,8.0,8.0,6.9,20.0,1.9,18.0,0.5,0.3,0.6,-20.3,18.0,108.5,42.2,21.0,82.8,18.0,0.3,0.3,0.6,16.1,46.0,159.5,72.3,21.0,75.6,18.0,0.3,0.3,0.6,-0.2,1.5,5.0,1.98,22.0,3.03,18.0,0.4,0.3,0.6,-3.5,8.3,43.0,11.9,20.0,28.3,18.0,0.4,0.3,0.6,0.54,0.83,1.13,0.83,2.0,0.61,14.0,0.5,0.4,0.3,4.3,5.5,6.7,5.5,2.0,2.5,14.0,0.5,0.4,0.3,-14.5,12.2,50.9,17.4,21.0,31.4,18.0,0.3,0.3,0.6,1.0,24.0,54.9,32.1,21.0,31.0,18.0,0.3,0.3,0.6,-11.6,3.6,18.7,3.6,2.0,31.4,14.0,0.5,0.4,0.3,25.8,33.4,41.1,33.4,2.0,15.8,14.0,0.5,0.4,0.3,-3.6,-1.4,0.8,-1.4,2.0,4.6,14.0,0.5,0.4,0.3,3.6,4.4,5.2,4.4,2.0,1.6,14.0,0.5,0.4,0.3,112.5,729.0,3088.5,1315.0,21.0,1787.5,18.0,0.3,0.3,0.6,115.0,730.0,3090.0,1315.0,21.0,1790.0,18.0,0.3,0.3,0.6
1974,2,5.0,63.0,6.0,7.0,7.55,6.89,23.0,0.78,16.0,0.4,0.7,0.4,2.13,5.35,7.07,4.65,24.0,2.48,16.0,0.4,0.6,0.4,3.67,4.92,5.95,4.76,10.0,1.31,18.0,0.4,0.6,0.4,75.9,86.0,97.2,84.4,10.0,14.8,18.0,0.4,0.4,4.72,9.5,13.24,9.63,24.0,5.44,16.0,0.4,0.6,0.4,-5.25,0.35,8.48,1.21,24.0,6.75,16.0,0.4,0.6,0.4,-1.08,5.18,11.97,4.87,24.0,7.38,16.0,0.4,0.6,0.4,988.23,1001.75,1021.58,1004.43,24.0,16.35,16.0,0.4,0.6,0.4,5.6,7.0,8.0,6.5,19.0,2.1,16.0,0.5,0.7,0.3,-41.8,1.4,98.5,32.1,24.0,105.2,16.0,0.4,0.6,0.4,-9.7,30.4,161.9,66.1,24.0,123.7,16.0,0.4,0.6,0.4,0.25,1.7,4.1,2.04,23.0,2.32,16.0,0.4,0.7,0.4,1.8,10.3,41.7,17.0,23.0,23.8,16.0,0.4,0.7,0.4,0.37,1.43,2.73,1.5,10.0,1.28,18.0,0.4,0.6,0.4,4.9,13.6,36.2,16.7,10.0,16.7,18.0,0.4,0.6,0.4,-16.9,0.0,44.2,11.7,24.0,37.0,16.0,0.4,0.6,0.4,-2.6,21.0,78.9,34.4,24.0,43.4,16.0,0.4,0.6,0.4,-24.1,21.1,62.7,19.7,10.0,45.6,18.0,0.4,0.6,0.4,-4.7,39.2,85.5,39.8,10.0,46.7,18.0,0.4,0.6,0.4,-13.3,1.4,18.3,2.9,10.0,18.1,18.0,0.4,0.6,0.4,-11.4,3.8,14.3,2.1,10.0,15.8,18.0,0.4,0.6,0.4,108.5,864.5,2390.5,1806.0,24.0,2916.0,16.0,0.4,0.6,0.4,110.0,865.0,2390.0,1805.0,24.0,2915.0,16.0,0.4,0.6,0.4
1974,2,5.0,64.0,6.83,7.45,8.6,7.6,6.0,1.03,10.0,0.0,0.2,0.4,4.82,5.5,6.33,5.67,6.0,1.08,10.0,0.0,0.2,0.4,4.68,5.19,5.56,5.13,4.0,0.54,14.0,0.0,0.3,0.3,84.1,93.6,98.4,91.4,4.0,9.6,14.0,0.0,0.3,4.19,6.3,18.83,9.97,6.0,8.06,10.0,0.0,0.2,0.4,-7.6,-3.06,1.76,-1.79,6.0,7.11,10.0,0.0,0.2,0.4,-0.29,3.74,15.21,6.76,6.0,8.65,10.0,0.0,0.2,0.4,1000.78,1002.95,1008.49,1005.95,6.0,8.87,10.0,0.0,0.2,0.4,1.9,4.0,7.4,4.4,5.0,3.2,12.0,0.0,0.3,0.4,-84.2,-11.5,40.1,-7.8,6.0,122.2,10.0,0.0,0.2,0.4,-2.3,17.2,290.9,121.1,6.0,190.4,10.0,0.0,0.2,0.4,0.58,1.65,3.31,1.93,6.0,1.62,10.0,0.0,0.2,0.4,3.0,8.7,24.6,13.4,6.0,13.1,10.0,0.0,0.2,0.4,0.87,1.33,1.56,1.22,4.0,0.53,14.0,0.0,0.3,0.3,2.8,4.8,19.4,10.8,4.0,13.8,14.0,0.0,0.3,0.3,-39.9,-15.8,10.8,-9.9,6.0,43.1,10.0,0.0,0.2,0.4,-1.3,19.7,98.1,45.5,6.0,63.2,10.0,0.0,0.2,0.4,-16.1,-9.5,25.1,3.9,4.0,32.4,14.0,0.0,0.3,0.3,6.9,19.6,44.1,25.2,4.0,26.4,14.0,0.0,0.3,0.3,-4.1,-1.9,10.4,2.9,4.0,11.7,14.0,0.0,0.3,0.3,1.0,3.1,14.5,7.6,4.0,11.1,14.0,0.0,0.3,0.3,81.0,304.5,6826.5,2867.5,6.0,4435.0,10.0,0.0,0.2,0.4,80.0,305.0,6825.0,2865.0,6.0,4435.0,10.0,0.0,0.2,0.4
1974,2,5.0,65.0,4.98,6.65,7.9,6.45,4.0,1.73,6.0,0.3,0.3,0.5,1.48,4.85,6.91,4.23,4.0,3.35,6.0,0.3,0.3,0.5,3.27,3.27,3.27,3.27,1.0,0.0,18.0,0.0,0.4,0.1,69.2,69.2,69.2,69.2,1.0,0.0,18.0,0.0,0.1,10.96,14.0,16.62,13.8,4.0,4.42,6.0,0.3,0.3,0.5,-3.03,8.11,13.0,5.13,4.0,10.63,6.0,0.3,0.3,0.5,-12.0,-2.34,4.82,-3.53,4.0,10.43,6.0,0.3,0.3,0.5,995.29,999.05,1006.48,1000.8,4.0,7.03,6.0,0.3,0.3,0.5,5.3,6.0,6.7,6.0,2.0,1.4,10.0,0.5,0.3,0.4,-78.6,101.7,181.9,54.0,4.0,171.4,6.0,0.3,0.3,0.5,-191.5,-12.1,67.5,-59.7,4.0,180.4,6.0,0.3,0.3,0.5,0.98,1.4,3.55,2.23,4.0,2.22,6.0,0.3,0.3,0.5,9.9,15.5,64.1,36.0,4.0,45.9,6.0,0.3,0.3,0.5,1.95,1.95,1.95,1.95,1.0,0.0,18.0,0.0,0.4,0.1,16.0,16.0,16.0,16.0,1.0,0.0,18.0,0.0,0.4,0.1,6.1,50.0,89.2,47.8,4.0,48.1,6.0,0.3,0.3,0.5,-11.5,8.0,34.0,11.1,4.0,30.5,6.0,0.3,0.3,0.5,13.4,13.4,13.4,13.4,1.0,0.0,18.0,0.0,0.4,0.1,-23.2,-23.2,-23.2,-23.2,1.0,0.0,18.0,0.0,0.4,0.1,8.0,8.0,8.0,8.0,1.0,0.0,18.0,0.0,0.4,0.1,-13.9,-13.9,-13.9,-13.9,1.0,0.0,18.0,0.0,0.4,0.1,1595.5,2744.0,4900.0,3224.5,4.0,2634.0,6.0,0.3,0.3,0.5,1595.0,2745.0,4900.0,3225.0,4.0,2635.0,6.0,0.3,0.3,0.5
1974,2,5.0,66.0,,,,,,,,,,,,,,,,,,,,,,,,,,,,,,,,,,,,,,,,2.32,3.0,13.24,7.67,3.0,8.96,10.0,0.0,0.5,0.3,2.01,2.6,8.72,5.3,3.0,5.45,10.0,0.0,0.5,0.3,1.16,1.5,9.89,5.43,3.0,7.24,10.0,0.0,0.5,0.3,1006.25,1007.0,1018.19,1012.1,3.0,9.8,10.0,0.0,0.5,0.3,,,,,,,,,,,,,,,,,,,,,,,,,,,,,,,,,,,,,,,,,,,,,,,,,,,,,,,,,,,,,,,,,,,,,,,,,,,,,,,,,,,,,,,,,,,,,,,,,,,,,,,,,,,,,,,,,,,,,,,,,,,,,,,,,,,,,,,,,,,,,,,,,,,,,,
1974,2,5.0,67.0,,,,,,,,,,,,,,,,,,,,,,,,,,,,,,,,,,,,,,,,8.11,10.5,12.89,10.5,2.0,4.95,20.0,0.5,0.2,0.7,1.04,3.29,5.53,3.29,2.0,4.65,20.0,0.5,0.2,0.7,0.21,5.8,11.4,5.8,2.0,11.59,20.0,0.5,0.2,0.7,1008.34,1011.45,1014.56,1011.45,2.0,6.43,20.0,0.5,0.2,0.7,,,,,,,,,,,,,,,,,,,,,,,,,,,,,,,,,,,,,,,,,,,,,,,,,,,,,,,,,,,,,,,,,,,,,,,,,,,,,,,,,,,,,,,,,,,,,,,,,,,,,,,,,,,,,,,,,,,,,,,,,,,,,,,,,,,,,,,,,,,,,,,,,,,,,,
1974,2,5.0,68.0,,,,,,,,,,,,,,,,,,,,,,,,,,,,,,,,,,,,,,,,12.0,12.0,12.0,12.0,1.0,0.0,24.0,0.0,0.0,0.0,11.82,11.82,11.82,11.82,1.0,0.0,24.0,0.0,0.0,0.0,-2.08,-2.08,-2.08,-2.08,1.0,0.0,24.0,0.0,0.0,0.0,1011.7,1011.7,1011.7,1011.7,1.0,0.0,24.0,0.0,0.0,0.0,,,,,,,,,,,,,,,,,,,,,,,,,,,,,,,,,,,,,,,,,,,,,,,,,,,,,,,,,,,,,,,,,,,,,,,,,,,,,,,,,,,,,,,,,,,,,,,,,,,,,,,,,,,,,,,,,,,,,,,,,,,,,,,,,,,,,,,,,,,,,,,,,,,,,,
1974,2,5.0,71.0,5.3,5.3,5.3,5.3,1.0,0.0,20.0,0.0,0.5,0.1,5.4,5.4,5.4,5.4,1.0,0.0,20.0,0.0,0.5,0.1,4.39,4.39,4.39,4.39,1.0,0.0,20.0,0.0,0.5,0.1,78.7,78.7,78.7,78.7,1.0,0.0,20.0,0.0,0.1,12.9,12.9,12.9,12.9,1.0,0.0,20.0,0.0,0.5,0.1,-6.45,-6.45,-6.45,-6.45,1.0,0.0,20.0,0.0,0.5,0.1,11.17,11.17,11.17,11.17,1.0,0.0,20.0,0.0,0.5,0.1,1007.8,1007.8,1007.8,1007.8,1.0,0.0,20.0,0.0,0.5,0.1,8.0,8.0,8.0,8.0,1.0,0.0,20.0,0.0,0.5,0.1,-83.2,-83.2,-83.2,-83.2,1.0,0.0,20.0,0.0,0.5,0.1,144.1,144.1,144.1,144.1,1.0,0.0,20.0,0.0,0.5,0.1,-0.1,-0.1,-0.1,-0.1,1.0,0.0,20.0,0.0,0.5,0.1,-1.3,-1.3,-1.3,-1.3,1.0,0.0,20.0,0.0,0.5,0.1,1.15,1.15,1.15,1.15,1.0,0.0,20.0,0.0,0.5,0.1,14.9,14.9,14.9,14.9,1.0,0.0,20.0,0.0,0.5,0.1,-34.8,-34.8,-34.8,-34.8,1.0,0.0,20.0,0.0,0.5,0.1,60.3,60.3,60.3,60.3,1.0,0.0,20.0,0.0,0.5,0.1,-28.3,-28.3,-28.3,-28.3,1.0,0.0,20.0,0.0,0.5,0.1,49.0,49.0,49.0,49.0,1.0,0.0,20.0,0.0,0.5,0.1,-7.4,-7.4,-7.4,-7.4,1.0,0.0,20.0,0.0,0.5,0.1,12.9,12.9,12.9,12.9,1.0,0.0,20.0,0.0,0.5,0.1,2146.5,2146.5,2146.5,2146.5,1.0,0.0,20.0,0.0,0.5,0.1,2145.0,2145.0,2145.0,2145.0,1.0,0.0,20.0,0.0,0.5,0.1
1974,2,6.0,-67.0,,,,,,,,,,,,,,,,,,,,,,,,,,,,,,,,,,,,,,,,6.2,6.2,6.2,6.2,1.0,0.0,26.0,1.0,0.6,0.3,-5.37,-5.37,-5.37,-5.37,1.0,0.0,26.0,1.0,0.6,0.3,-3.1,-3.1,-3.1,-3.1,1.0,0.0,26.0,1.0,0.6,0.3,978.8,978.8,978.8,978.8,1.0,0.0,26.0,1.0,0.6,0.3,,,,,,,,,,,,,,,,,,,,,,,,,,,,,,,,,,,,,,,,,,,,,,,,,,,,,,,,,,,,,,,,,,,,,,,,,,,,,,,,,,,,,,,,,,,,,,,,,,,,,,,,,,,,,,,,,,,,,,,,,,,,,,,,,,,,,,,,,,,,,,,,,,,,,,
1974,2,6.0,-37.0,19.4,19.4,19.4,19.4,1.0,0.0,8.0,1.0,0.0,0.9,16.8,16.8,16.8,16.8,1.0,0.0,8.0,1.0,0.0,0.9,6.92,6.92,6.92,6.92,1.0,0.0,8.0,1.0,0.0,0.9,59.2,59.2,59.2,59.2,1.0,0.0,8.0,1.0,0.9,4.6,4.6,4.6,4.6,1.0,0.0,8.0,1.0,0.0,0.9,-2.96,-2.96,-2.96,-2.96,1.0,0.0,8.0,1.0,0.0,0.9,3.52,3.52,3.52,3.52,1.0,0.0,8.0,1.0,0.0,0.9,1026.0,1026.0,1026.0,1026.0,1.0,0.0,8.0,1.0,0.0,0.9,7.0,7.0,7.0,7.0,1.0,0.0,8.0,1.0,0.0,0.9,-13.6,-13.6,-13.6,-13.6,1.0,0.0,8.0,1.0,0.0,0.9,16.2,16.2,16.2,16.2,1.0,0.0,8.0,1.0,0.0,0.9,2.6,2.6,2.6,2.6,1.0,0.0,8.0,1.0,0.0,0.9,12.0,12.0,12.0,12.0,1.0,0.0,8.0,1.0,0.0,0.9,6.91,6.91,6.91,6.91,1.0,0.0,8.0,1.0,0.0,0.9,31.8,31.8,31.8,31.8,1.0,0.0,8.0,1.0,0.0,0.9,-49.7,-49.7,-49.7,-49.7,1.0,0.0,8.0,1.0,0.0,0.9,59.2,59.2,59.2,59.2,1.0,0.0,8.0,1.0,0.0,0.9,-20.5,-20.5,-20.5,-20.5,1.0,0.0,8.0,1.0,0.0,0.9,24.4,24.4,24.4,24.4,1.0,0.0,8.0,1.0,0.0,0.9,-20.4,-20.4,-20.4,-20.4,1.0,0.0,8.0,1.0,0.0,0.9,24.3,24.3,24.3,24.3,1.0,0.0,8.0,1.0,0.0,0.9,97.5,97.5,97.5,97.5,1.0,0.0,8.0,1.0,0.0,0.9,95.0,95.0,95.0,95.0,1.0,0.0,8.0,1.0,0.0,0.9
1974,2,6.0,-36.0,20.8,20.8,20.8,20.8,1.0,0.0,22.0,1.0,0.7,1.0,18.5,18.5,18.5,18.5,1.0,0.0,22.0,1.0,0.7,1.0,8.6,8.6,8.6,8.6,1.0,0.0,22.0,1.0,0.7,1.0,65.4,65.4,65.4,65.4,1.0,0.0,22.0,1.0,1.0,6.7,6.7,6.7,6.7,1.0,0.0,22.0,1.0,0.7,1.0,-4.31,-4.31,-4.31,-4.31,1.0,0.0,22.0,1.0,0.7,1.0,5.13,5.13,5.13,5.13,1.0,0.0,22.0,1.0,0.7,1.0,1016.9,1016.9,1016.9,1016.9,1.0,0.0,22.0,1.0,0.7,1.0,6.0,6.0,6.0,6.0,1.0,0.0,22.0,1.0,0.7,1.0,-28.9,-28.9,-28.9,-28.9,1.0,0.0,22.0,1.0,0.7,1.0,34.4,34.4,34.4,34.4,1.0,0.0,22.0,1.0,0.7,1.0,2.3,2.3,2.3,2.3,1.0,0.0,22.0,1.0,0.7,1.0,15.4,15.4,15.4,15.4,1.0,0.0,22.0,1.0,0.7,1.0,6.63,6.63,6.63,6.63,1.0,0.0,22.0,1.0,0.7,1.0,44.4,44.4,44.4,44.4,1.0,0.0,22.0,1.0,0.7,1.0,-79.7,-79.7,-79.7,-79.7,1.0,0.0,22.0,1.0,0.7,1.0,95.0,95.0,95.0,95.0,1.0,0.0,22.0,1.0,0.7,1.0,-37.0,-37.0,-37.0,-37.0,1.0,0.0,22.0,1.0,0.7,1.0,44.1,44.1,44.1,44.1,1.0,0.0,22.0,1.0,0.7,1.0,-28.5,-28.5,-28.5,-28.5,1.0,0.0,22.0,1.0,0.7,1.0,34.0,34.0,34.0,34.0,1.0,0.0,22.0,1.0,0.7,1.0,301.0,301.0,301.0,301.0,1.0,0.0,22.0,1.0,0.7,1.0,300.0,300.0,300.0,300.0,1.0,0.0,22.0,1.0,0.7,1.0
1974,2,6.0,-34.0,18.5,18.5,18.5,18.5,1.0,0.0,8.0,1.0,0.5,0.1,16.6,16.6,16.6,16.6,1.0,0.0,8.0,1.0,0.5,0.1,6.48,6.48,6.48,6.48,1.0,0.0,8.0,1.0,0.5,0.1,56.0,56.0,56.0,56.0,1.0,0.0,8.0,1.0,0.1,6.7,6.7,6.7,6.7,1.0,0.0,8.0,1.0,0.5,0.1,-4.31,-4.31,-4.31,-4.31,1.0,0.0,8.0,1.0,0.5,0.1,5.13,5.13,5.13,5.13,1.0,0.0,8.0,1.0,0.5,0.1,1024.5,1024.5,1024.5,1024.5,1.0,0.0,8.0,1.0,0.5,0.1,8.0,8.0,8.0,8.0,1.0,0.0,8.0,1.0,0.5,0.1,-28.9,-28.9,-28.9,-28.9,1.0,0.0,8.0,1.0,0.5,0.1,34.4,34.4,34.4,34.4,1.0,0.0,8.0,1.0,0.5,0.1,1.9,1.9,1.9,1.9,1.0,0.0,8.0,1.0,0.5,0.1,12.7,12.7,12.7,12.7,1.0,0.0,8.0,1.0,0.5,0.1,6.61,6.61,6.61,6.61,1.0,0.0,8.0,1.0,0.5,0.1,44.3,44.3,44.3,44.3,1.0,0.0,8.0,1.0,0.5,0.1,-71.5,-71.5,-71.5,-71.5,1.0,0.0,8.0,1.0,0.5,0.1,85.2,85.2,85.2,85.2,1.0,0.0,8.0,1.0,0.5,0.1,-27.9,-27.9,-27.9,-27.9,1.0,0.0,8.0,1.0,0.5,0.1,33.2,33.2,33.2,33.2,1.0,0.0,8.0,1.0,0.5,0.1,-28.5,-28.5,-28.5,-28.5,1.0,0.0,8.0,1.0,0.5,0.1,33.9,33.9,33.9,33.9,1.0,0.0,8.0,1.0,0.5,0.1,301.0,301.0,301.0,301.0,1.0,0.0,8.0,1.0,0.5,0.1,300.0,300.0,300.0,300.0,1.0,0.0,8.0,1.0,0.5,0.1
1974,2,6.0,-33.0,21.08,22.1,23.12,22.1,2.0,2.12,16.0,1.0,0.5,0.4,17.66,18.0,19.23,18.43,3.0,1.21,12.0,1.0,0.4,0.4,8.51,8.78,8.85,8.69,3.0,0.26,12.0,1.0,0.4,0.4,63.7,68.3,69.6,66.7,3.0,4.6,12.0,1.0,0.4,4.72,8.2,8.2,6.5,3.0,2.94,12.0,1.0,0.4,0.4,-3.55,-2.37,-1.73,-2.63,3.0,1.36,12.0,1.0,0.4,0.4,0.89,7.1,7.77,4.39,3.0,5.55,12.0,1.0,0.4,0.4,1018.05,1021.8,1022.96,1020.53,3.0,3.76,12.0,1.0,0.4,0.4,6.0,8.0,8.0,7.0,3.0,1.7,12.0,1.0,0.4,0.4,-26.7,-11.7,-8.7,-17.6,3.0,14.1,12.0,1.0,0.4,0.4,14.3,58.2,63.7,39.4,3.0,39.7,12.0,1.0,0.4,0.4,1.56,3.2,4.84,3.2,2.0,3.39,16.0,1.0,0.5,0.4,9.4,24.2,39.0,24.2,2.0,30.7,16.0,1.0,0.5,0.4,6.72,7.68,8.64,7.68,2.0,1.99,16.0,1.0,0.5,0.4,28.2,47.0,65.8,47.0,2.0,38.9,16.0,1.0,0.5,0.4,-65.3,-47.0,-31.9,-48.6,3.0,24.5,12.0,1.0,0.4,0.4,13.6,127.8,137.0,76.6,3.0,100.7,12.0,1.0,0.4,0.4,-31.5,-20.8,-14.8,-23.1,3.0,12.4,12.0,1.0,0.4,0.4,8.1,63.1,66.3,37.8,3.0,47.9,12.0,1.0,0.4,0.4,-33.7,-26.1,-18.4,-26.1,2.0,15.8,16.0,1.0,0.5,0.4,-0.3,26.0,52.3,26.0,2.0,54.5,16.0,1.0,0.5,0.4,195.5,551.5,551.5,377.5,3.0,301.0,12.0,1.0,0.4,0.4,195.0,550.0,550.0,380.0,3.0,300.0,12.0,1.0,0.4,0.4
1974,2,6.0,-32.0,20.25,20.8,21.21,20.73,3.0,0.7,12.0,1.0,0.5,0.4,19.8,20.0,20.41,20.1,3.0,0.46,12.0,1.0,0.5,0.4,10.02,10.57,10.76,10.4,3.0,0.56,12.0,1.0,0.5,0.4,70.3,72.6,73.1,71.7,3.0,2.2,12.0,1.0,0.4,5.06,8.2,8.95,7.03,3.0,3.02,12.0,1.0,0.5,0.4,-6.27,-3.18,-2.24,-4.23,3.0,3.09,12.0,1.0,0.5,0.4,2.9,3.12,6.95,4.89,3.0,3.34,12.0,1.0,0.5,0.4,1020.03,1020.1,1021.12,1020.57,3.0,0.9,12.0,1.0,0.5,0.4,5.6,7.0,7.7,6.7,3.0,1.5,12.0,1.0,0.5,0.4,-52.5,-29.6,-13.8,-33.1,3.0,28.5,12.0,1.0,0.5,0.4,15.0,23.0,62.8,38.5,3.0,37.5,12.0,1.0,0.5,0.4,-0.16,0.8,1.41,0.63,3.0,1.16,12.0,1.0,0.5,0.4,-2.9,2.9,10.4,3.7,3.0,9.8,12.0,1.0,0.5,0.4,3.91,4.61,5.54,4.72,3.0,1.19,12.0,1.0,0.5,0.4,21.9,33.4,44.0,33.0,3.0,16.2,12.0,1.0,0.5,0.4,-124.4,-65.5,-45.4,-84.4,3.0,60.2,12.0,1.0,0.5,0.4,57.5,62.4,142.7,99.2,3.0,70.1,12.0,1.0,0.5,0.4,-62.3,-34.5,-23.9,-42.9,3.0,29.0,12.0,1.0,0.5,0.4,29.2,33.0,75.2,51.7,3.0,37.4,12.0,1.0,0.5,0.4,-35.0,-11.4,-9.3,-21.9,3.0,20.9,12.0,1.0,0.5,0.4,15.1,16.7,26.7,20.8,3.0,9.2,12.0,1.0,0.5,0.4,207.0,551.5,724.0,467.5,3.0,386.0,12.0,1.0,0.5,0.4,205.0,550.0,725.0,465.0,3.0,385.0,12.0,1.0,0.5,0.4
1974,2,6.0,-31.0,21.15,21.25,21.35,21.25,2.0,0.21,14.0,1.0,0.7,0.7,20.22,20.7,21.18,20.7,2.0,0.99,14.0,1.0,0.7,0.7,10.64,10.79,10.94,10.79,2.0,0.31,14.0,1.0,0.7,0.7,68.7,71.8,74.9,71.8,2.0,6.3,14.0,1.0,0.7,5.1,5.1,5.1,5.1,2.0,0.0,14.0,1.0,0.7,0.7,-3.16,-2.91,-2.67,-2.91,2.0,0.51,14.0,1.0,0.7,0.7,3.99,4.16,4.34,4.16,2.0,0.36,14.0,1.0,0.7,0.7,1018.92,1019.6,1020.28,1019.6,2.0,1.41,14.0,1.0,0.7,0.7,6.0,6.0,6.0,6.0,2.0,0.0,14.0,1.0,0.7,0.7,-16.1,-14.9,-13.6,-14.9,2.0,2.6,14.0,1.0,0.7,0.7,20.3,21.2,22.1,21.2,2.0,1.8,14.0,1.0,0.7,0.7,0.17,0.55,0.93,0.55,2.0,0.78,14.0,1.0,0.7,0.7,0.9,2.8,4.7,2.8,2.0,4.0,14.0,1.0,0.7,0.7,4.59,4.83,5.07,4.83,2.0,0.49,14.0,1.0,0.7,0.7,23.4,24.6,25.9,24.6,2.0,2.5,14.0,1.0,0.7,0.7,-67.1,-60.6,-54.0,-60.6,2.0,13.5,14.0,1.0,0.7,0.7,84.4,86.0,87.6,86.0,2.0,3.3,14.0,1.0,0.7,0.7,-33.6,-31.4,-29.1,-31.4,2.0,4.6,14.0,1.0,0.7,0.7,42.5,45.0,47.5,45.0,2.0,5.2,14.0,1.0,0.7,0.7,-16.1,-14.2,-12.3,-14.2,2.0,3.9,14.0,1.0,0.7,0.7,19.9,20.0,20.2,20.0,2.0,0.3,14.0,1.0,0.7,0.7,132.5,132.5,132.5,132.5,2.0,0.0,14.0,1.0,0.7,0.7,135.0,135.0,135.0,135.0,2.0,0.0,14.0,1.0,0.7,0.7
1974,2,6.0,-30.0,20.35,21.1,21.37,20.87,3.0,0.78,20.0,0.7,0.4,0.6,20.74,21.1,21.49,21.12,5.0,0.61,18.0,0.8,0.4,0.6,9.93,11.23,12.34,11.14,4.0,1.53,22.0,0.8,0.5,0.5,63.8,74.4,81.7,72.8,4.0,10.9,22.0,0.8,0.5,5.1,5.65,6.2,5.65,4.0,0.64,22.0,0.8,0.5,0.5,-5.06,-0.89,3.32,-0.87,4.0,4.95,22.0,0.8,0.5,0.5,1.78,2.91,4.61,3.18,4.0,1.99,22.0,0.8,0.5,0.5,1012.13,1012.5,1016.47,1014.12,5.0,3.1,18.0,0.8,0.4,0.6,2.3,7.0,7.4,5.2,5.0,3.0,18.0,0.8,0.4,0.6,-29.3,-3.4,18.1,-5.5,4.0,28.2,22.0,0.8,0.5,0.5,9.7,14.9,26.9,18.1,4.0,12.7,22.0,0.8,0.5,0.5,-0.2,0.0,0.34,0.07,3.0,0.4,20.0,0.7,0.4,0.6,-1.0,0.0,2.1,0.5,3.0,2.4,20.0,0.7,0.4,0.6,2.81,3.15,4.36,3.57,3.0,1.2,20.0,0.7,0.4,0.6,15.4,19.5,23.4,19.4,3.0,5.8,20.0,0.7,0.4,0.6,-105.6,-17.4,70.0,-17.8,4.0,104.0,22.0,0.8,0.5,0.5,37.6,60.2,95.8,66.4,4.0,41.6,22.0,0.8,0.5,0.5,-51.6,-9.5,37.6,-7.1,4.0,51.9,22.0,0.8,0.5,0.5,18.2,32.9,57.6,37.6,4.0,27.4,22.0,0.8,0.5,0.5,-4.9,6.7,17.0,6.0,3.0,16.1,20.0,0.7,0.4,0.6,9.9,12.6,16.5,13.2,3.0,4.9,20.0,0.7,0.4,0.6,132.5,185.5,238.5,185.5,4.0,61.0,22.0,0.8,0.5,0.5,135.0,185.0,240.0,185.0,4.0,60.0,22.0,0.8,0.5,0.5
1974,2,6.0,-29.0,20.78,21.1,21.63,21.2,5.0,0.65,18.0,1.0,0.7,0.5,20.76,21.0,21.28,21.04,5.0,0.35,18.0,1.0,0.7,0.5,11.44,11.7,13.71,12.48,5.0,1.51,18.0,1.0,0.7,0.5,72.8,75.0,90.2,80.8,5.0,11.1,18.0,1.0,0.5,3.6,6.7,7.07,5.44,5.0,2.65,18.0,1.0,0.7,0.5,-5.17,-3.91,-0.68,-3.17,5.0,2.71,18.0,1.0,0.7,0.5,1.72,3.85,5.67,3.57,5.0,2.85,18.0,1.0,0.7,0.5,1013.47,1015.0,1015.34,1014.48,5.0,1.09,18.0,1.0,0.7,0.5,5.2,8.0,8.0,6.6,5.0,2.6,18.0,1.0,0.7,0.5,-37.1,-19.9,-4.9,-21.5,5.0,20.0,18.0,1.0,0.7,0.5,10.3,29.6,38.0,24.8,5.0,17.5,18.0,1.0,0.7,0.5,-0.47,0.1,0.78,0.16,5.0,0.7,18.0,1.0,0.7,0.5,-3.4,0.6,2.5,-0.1,5.0,3.9,18.0,1.0,0.7,0.5,1.48,3.74,4.53,3.18,5.0,1.83,18.0,1.0,0.7,0.5,8.1,26.8,28.2,19.3,5.0,12.3,18.0,1.0,0.7,0.5,-110.0,-82.4,-14.0,-67.5,5.0,58.2,18.0,1.0,0.7,0.5,36.5,83.2,118.5,75.4,5.0,59.5,18.0,1.0,0.7,0.5,-60.1,-43.8,-8.7,-36.8,5.0,31.4,18.0,1.0,0.7,0.5,18.0,45.0,69.1,42.5,5.0,37.0,18.0,1.0,0.7,0.5,-22.7,-17.2,-1.3,-13.1,5.0,11.4,18.0,1.0,0.7,0.5,7.4,14.4,18.8,12.8,5.0,8.3,18.0,1.0,0.7,0.5,84.5,301.0,357.5,238.5,5.0,175.5,18.0,1.0,0.7,0.5,85.0,300.0,360.0,240.0,5.0,175.0,18.0,1.0,0.7,0.5
1974,2,6.0,-28.0,21.1,21.3,21.78,21.43,3.0,0.51,12.0,1.0,0.1,0.7,21.2,22.5,24.21,22.7,3.0,2.21,12.0,1.0,0.1,0.7,12.57,12.87,13.17,12.87,2.0,0.63,16.0,1.0,0.1,0.8,66.7,73.5,77.3,72.0,3.0,7.9,12.0,1.0,0.7,6.08,8.2,8.95,7.53,3.0,2.18,12.0,1.0,0.1,0.7,-5.75,-5.27,-3.41,-4.6,3.0,1.81,12.0,1.0,0.1,0.7,5.01,6.28,6.86,5.94,3.0,1.39,12.0,1.0,0.1,0.7,1019.1,1019.3,1019.5,1019.3,2.0,0.42,16.0,1.0,0.1,0.8,3.6,7.0,7.7,5.7,3.0,3.2,12.0,1.0,0.1,0.7,-51.7,-43.2,-22.6,-37.3,3.0,21.9,12.0,1.0,0.1,0.7,31.7,51.5,61.6,46.8,3.0,22.2,12.0,1.0,0.1,0.7,-2.52,-1.5,0.0,-1.27,3.0,1.86,12.0,1.0,0.1,0.7,-21.2,-13.9,-2.0,-11.7,3.0,14.2,12.0,1.0,0.1,0.7,2.36,3.0,3.64,3.0,2.0,1.33,16.0,1.0,0.1,0.8,21.3,25.8,30.2,25.8,2.0,9.3,16.0,1.0,0.1,0.8,-133.6,-131.8,-77.7,-106.3,3.0,46.6,12.0,1.0,0.1,0.7,112.0,157.0,159.3,136.1,3.0,39.1,12.0,1.0,0.1,0.7,-77.4,-72.6,-67.7,-72.6,2.0,10.0,16.0,1.0,0.1,0.8,80.7,86.5,92.2,86.5,2.0,11.9,16.0,1.0,0.1,0.8,-19.4,-16.6,-13.7,-16.6,2.0,6.0,16.0,1.0,0.1,0.8,16.3,19.7,23.2,19.7,2.0,7.1,16.0,1.0,0.1,0.8,265.5,551.5,724.0,496.0,3.0,339.0,12.0,1.0,0.1,0.7,265.0,550.0,725.0,495.0,3.0,340.0,12.0,1.0,0.1,0.7
1974,2,6.0,-27.0,20.82,21.1,21.51,21.14,5.0,0.45,22.0,0.4,0.5,0.7,21.0,21.1,21.31,21.16,5.0,0.21,22.0,0.4,0.5,0.7,12.32,12.75,12.99,12.67,5.0,0.51,22.0,0.4,0.5,0.7,79.3,81.4,83.6,81.5,5.0,3.0,22.0,0.4,0.7,4.55,7.45,11.19,7.85,4.0,4.68,20.0,0.5,0.6,0.6,-4.44,-0.25,2.02,-1.16,4.0,4.28,20.0,0.5,0.6,0.6,4.18,7.15,9.98,7.08,4.0,4.13,20.0,0.5,0.6,0.6,1015.63,1016.2,1017.42,1016.5,5.0,1.29,22.0,0.4,0.5,0.7,5.3,6.0,7.4,6.2,5.0,1.5,22.0,0.4,0.5,0.7,-52.7,1.7,15.8,-17.5,4.0,53.9,20.0,0.5,0.6,0.6,23.8,53.7,117.7,70.0,4.0,69.2,20.0,0.5,0.6,0.6,-0.43,0.1,0.38,-0.02,5.0,0.62,22.0,0.4,0.5,0.7,-7.6,-0.1,0.7,-3.3,4.0,7.1,20.0,0.5,0.6,0.6,2.35,2.64,3.59,2.89,5.0,0.66,22.0,0.4,0.5,0.7,11.8,23.7,29.9,21.0,4.0,11.3,20.0,0.5,0.6,0.6,-95.2,-5.4,42.5,-25.4,4.0,91.4,20.0,0.5,0.6,0.6,88.4,150.5,212.6,150.5,4.0,88.9,20.0,0.5,0.6,0.6,-57.2,-3.7,24.6,-15.7,4.0,54.0,20.0,0.5,0.6,0.6,54.0,88.0,124.4,89.1,4.0,52.1,20.0,0.5,0.6,0.6,-9.9,-0.5,6.8,-1.5,4.0,10.8,20.0,0.5,0.6,0.6,10.9,21.8,27.1,19.1,4.0,10.5,20.0,0.5,0.6,0.6,152.5,426.0,1669.5,889.0,4.0,1217.5,20.0,0.5,0.6,0.6,150.0,425.0,1670.0,890.0,4.0,1220.0,20.0,0.5,0.6,0.6
1974,2,6.0,-26.0,20.46,21.3,22.82,21.33,6.0,1.7,18.0,0.8,0.3,0.7,20.36,21.3,23.05,21.58,5.0,1.88,18.0,0.8,0.3,0.7,12.45,12.8,13.57,13.04,5.0,1.09,18.0,0.8,0.3,0.7,73.3,76.5,94.4,82.1,5.0,11.7,18.0,0.8,0.7,6.6,7.45,10.84,8.5,6.0,2.59,18.0,0.8,0.3,0.7,-7.29,-5.71,-3.64,-5.55,6.0,2.88,18.0,0.8,0.3,0.7,4.88,5.62,7.97,6.17,6.0,1.58,18.0,0.8,0.3,0.7,1013.49,1014.5,1015.19,1014.28,6.0,1.38,18.0,0.8,0.3,0.7,5.0,6.5,7.2,6.3,6.0,1.2,18.0,0.8,0.3,0.7,-80.4,-42.6,-24.3,-52.7,6.0,41.8,18.0,0.8,0.3,0.7,34.2,38.0,86.6,55.3,6.0,31.2,18.0,0.8,0.3,0.7,-3.0,-0.1,1.51,-0.64,5.0,3.39,18.0,0.8,0.3,0.7,-21.1,-0.6,19.2,0.0,5.0,32.1,18.0,0.8,0.3,0.7,0.54,2.65,4.11,2.4,5.0,1.86,18.0,0.8,0.3,0.7,3.5,17.8,46.6,24.4,5.0,23.9,18.0,0.8,0.3,0.7,-157.7,-132.4,-69.8,-116.0,5.0,61.1,18.0,0.8,0.3,0.7,113.9,129.4,160.9,136.2,5.0,25.2,18.0,0.8,0.3,0.7,-96.3,-70.6,-40.9,-69.4,5.0,39.7,18.0,0.8,0.3,0.7,63.4,91.0,98.6,83.2,5.0,19.8,18.0,0.8,0.3,0.7,-32.5,-11.4,-1.4,-16.8,5.0,18.2,18.0,0.8,0.3,0.7,3.1,13.6,33.1,17.4,5.0,15.9,18.0,0.8,0.3,0.7,288.0,415.0,1310.5,768.0,6.0,742.5,18.0,0.8,0.3,0.7,290.0,415.0,1310.0,770.0,6.0,745.0,18.0,0.8,0.3,0.7
1974,2,6.0,-25.0,,,,,,,,,,,,,,,,,,,,,,,,,,,,,,,,,,,,,,,,4.6,4.6,4.6,4.6,1.0,0.0,12.0,0.0,0.3,0.5,-3.52,-3.52,-3.52,-3.52,1.0,0.0,12.0,0.0,0.3,0.5,2.96,2.96,2.96,2.96,1.0,0.0,12.0,0.0,0.3,0.5,1011.0,1011.0,1011.0,1011.0,1.0,0.0,12.0,0.0,0.3,0.5,8.0,8.0,8.0,8.0,1.0,0.0,12.0,0.0,0.3,0.5,-16.2,-16.2,-16.2,-16.2,1.0,0.0,12.0,0.0,0.3,0.5,13.6,13.6,13.6,13.6,1.0,0.0,12.0,0.0,0.3,0.5,,,,,,,,,,,,,,,,,,,,,,,,,,,,,,,,,,,,,,,,,-75.8,-75.8,-75.8,-75.8,1.0,0.0,12.0,0.0,0.3,0.5,63.6,63.6,63.6,63.6,1.0,0.0,12.0,0.0,0.3,0.5,-44.7,-44.7,-44.7,-44.7,1.0,0.0,12.0,0.0,0.3,0.5,37.5,37.5,37.5,37.5,1.0,0.0,12.0,0.0,0.3,0.5,,,,,,,,,,,,,,,,,,,,,,,,,,,,,,,,,,,,,,,,
1974,2,6.0,-24.0,21.62,23.15,24.16,22.9,4.0,1.54,14.0,0.8,0.8,0.8,21.48,22.9,23.9,22.7,4.0,1.45,16.0,0.5,0.7,0.8,12.32,12.52,12.72,12.52,2.0,0.41,8.0,0.5,0.7,0.8,67.8,69.1,72.6,70.2,3.0,3.6,14.0,0.7,0.8,3.52,4.35,8.11,5.75,4.0,3.76,14.0,0.8,0.8,0.8,-3.81,0.0,0.0,-1.82,4.0,3.63,14.0,0.8,0.8,0.8,3.52,4.35,6.73,5.09,4.0,2.47,14.0,0.8,0.8,0.8,1011.46,1013.7,1015.15,1013.33,4.0,2.7,16.0,0.5,0.7,0.8,2.9,7.0,7.0,5.2,5.0,2.7,18.0,0.6,0.7,0.8,-43.0,0.0,0.0,-20.5,4.0,41.0,14.0,0.8,0.8,0.8,12.7,19.0,61.3,36.2,4.0,41.4,14.0,0.8,0.8,0.8,-0.68,0.0,0.89,0.1,3.0,1.15,14.0,0.7,0.7,0.8,-3.1,0.0,10.0,3.4,3.0,10.1,14.0,0.7,0.7,0.8,3.7,4.54,5.39,4.54,2.0,1.75,8.0,0.5,0.7,0.8,16.5,19.5,22.4,19.5,2.0,6.0,8.0,0.5,0.7,0.8,-104.1,0.0,0.0,-50.8,3.0,88.1,14.0,0.7,0.7,0.8,99.3,101.2,156.2,127.1,3.0,47.4,14.0,0.7,0.7,0.8,0.0,0.0,0.0,0.0,2.0,0.0,8.0,0.5,0.7,0.8,53.1,54.4,55.6,54.4,2.0,2.6,8.0,0.5,0.7,0.8,0.0,0.0,0.0,0.0,2.0,0.0,8.0,0.5,0.7,0.8,16.5,19.5,22.4,19.5,2.0,6.0,8.0,0.5,0.7,0.8,47.0,83.0,802.5,409.0,4.0,690.0,14.0,0.8,0.8,0.8,45.0,85.0,800.0,410.0,4.0,690.0,14.0,0.8,0.8,0.8
1974,2,6.0,-23.0,21.45,22.0,23.18,22.2,5.0,1.15,10.0,0.6,0.5,0.8,21.1,22.0,22.5,21.87,7.0,0.6,10.0,0.6,0.4,0.8,11.75,12.43,12.99,12.36,5.0,0.79,6.0,0.4,0.5,0.8,70.7,73.4,81.7,75.4,5.0,6.7,6.0,0.4,0.8,4.9,7.7,9.81,6.93,7.0,3.17,10.0,0.6,0.4,0.8,-6.36,-2.63,-0.53,-2.97,7.0,3.17,10.0,0.6,0.4,0.8,3.76,5.83,7.62,5.63,7.0,2.95,10.0,0.6,0.4,0.8,1012.11,1014.2,1015.19,1013.86,8.0,1.75,12.0,0.6,0.4,0.8,2.9,5.0,7.0,4.7,7.0,2.5,12.0,0.6,0.4,0.8,-61.9,-16.7,0.2,-23.0,7.0,30.5,10.0,0.6,0.4,0.8,19.0,37.8,74.8,46.1,7.0,32.9,10.0,0.6,0.4,0.8,-0.87,0.0,1.55,0.3,5.0,1.52,10.0,0.6,0.5,0.8,-7.4,0.0,7.7,0.4,5.0,12.3,10.0,0.6,0.5,0.8,3.06,4.18,5.24,4.15,4.0,1.26,6.0,0.5,0.5,0.8,28.5,31.2,36.6,32.5,4.0,5.6,6.0,0.5,0.5,0.8,-134.5,-55.3,-11.6,-64.5,7.0,68.9,10.0,0.6,0.4,0.8,84.5,131.1,161.2,122.7,7.0,63.5,10.0,0.6,0.4,0.8,-62.4,-33.7,-7.5,-35.5,5.0,43.4,6.0,0.4,0.5,0.8,54.4,65.4,102.2,76.6,5.0,28.7,6.0,0.4,0.5,0.8,-19.0,-12.5,-2.6,-10.9,4.0,12.0,6.0,0.5,0.5,0.8,21.1,30.0,34.4,27.9,4.0,10.2,6.0,0.5,0.5,0.8,126.5,456.5,944.0,489.5,7.0,392.5,10.0,0.6,0.4,0.8,125.0,455.0,945.0,490.0,7.0,390.0,10.0,0.6,0.4,0.8
1974,2,6.0,-22.0,21.5,22.1,23.0,22.23,54.0,0.96,14.0,0.5,0.6,0.7,21.17,22.0,23.0,22.22,55.0,1.18,14.0,0.5,0.6,0.7,12.04,13.11,13.89,12.93,37.0,1.28,12.0,0.6,0.6,0.8,69.4,79.1,85.2,78.2,39.0,8.0,12.0,0.6,0.8,3.83,6.2,8.2,6.19,55.0,2.58,14.0,0.5,0.6,0.7,-5.19,-2.74,-0.8,-3.04,55.0,2.18,14.0,0.5,0.6,0.7,3.06,4.95,7.24,5.17,55.0,2.08,14.0,0.5,0.6,0.7,1010.78,1012.3,1014.0,1012.48,55.0,1.53,14.0,0.5,0.6,0.7,3.0,7.0,8.0,6.1,56.0,2.3,14.0,0.5,0.6,0.7,-43.2,-15.4,-2.9,-23.0,55.0,25.0,14.0,0.5,0.6,0.7,11.0,33.3,61.0,37.0,55.0,28.5,14.0,0.5,0.6,0.7,-0.99,0.0,1.0,0.0,52.0,1.47,14.0,0.5,0.6,0.7,-5.7,0.0,6.0,0.6,51.0,7.9,14.0,0.5,0.6,0.7,2.34,3.69,5.03,3.67,36.0,1.61,14.0,0.6,0.6,0.8,9.5,20.4,38.3,22.1,36.0,13.9,14.0,0.6,0.6,0.8,-114.9,-63.6,-19.2,-68.7,53.0,47.7,14.0,0.5,0.6,0.7,66.1,110.3,165.5,115.6,53.0,46.2,14.0,0.5,0.6,0.7,-65.9,-35.4,-8.7,-35.9,37.0,27.7,12.0,0.6,0.6,0.8,37.6,60.2,97.0,66.1,37.0,28.8,12.0,0.6,0.6,0.8,-17.5,-8.2,-1.0,-9.8,36.0,9.8,14.0,0.6,0.6,0.8,8.8,17.1,32.1,18.8,36.0,11.7,14.0,0.6,0.6,0.8,56.5,238.5,551.5,366.5,55.0,465.0,14.0,0.5,0.6,0.7,55.0,240.0,550.0,365.0,55.0,465.0,14.0,0.5,0.6,0.7
1974,2,6.0,-21.0,22.0,22.7,23.5,22.64,97.0,1.02,14.0,0.5,0.4,0.5,21.5,22.2,23.44,22.46,99.0,1.02,14.0,0.5,0.4,0.5,11.82,12.81,13.91,12.92,84.0,1.36,14.0,0.4,0.4,0.6,68.3,75.7,84.7,76.3,86.0,8.4,14.0,0.4,0.6,4.6,6.7,8.7,6.42,102.0,2.12,14.0,0.5,0.4,0.5,-5.27,-3.25,-0.89,-3.12,102.0,2.16,14.0,0.5,0.4,0.5,3.52,5.13,7.12,5.26,102.0,1.91,14.0,0.5,0.4,0.5,1011.16,1012.6,1014.5,1012.73,99.0,1.65,14.0,0.4,0.4,0.5,3.0,7.0,8.0,6.1,98.0,2.3,14.0,0.5,0.4,0.5,-43.1,-19.0,-4.3,-22.6,102.0,19.9,14.0,0.5,0.4,0.5,16.2,34.4,61.9,37.4,102.0,24.1,14.0,0.5,0.4,0.5,-1.2,0.4,1.21,0.16,95.0,1.23,14.0,0.5,0.4,0.5,-6.1,1.3,8.3,1.6,95.0,8.8,14.0,0.5,0.4,0.5,2.74,4.07,6.01,4.29,81.0,1.49,14.0,0.4,0.4,0.5,14.1,26.2,40.2,27.9,81.0,14.7,14.0,0.4,0.4,0.5,-121.3,-70.5,-22.7,-71.5,99.0,46.9,14.0,0.5,0.4,0.5,79.7,115.5,157.0,117.1,99.0,42.5,14.0,0.5,0.4,0.5,-67.1,-43.3,-13.8,-40.8,84.0,26.8,14.0,0.4,0.4,0.6,44.4,65.2,89.0,66.0,84.0,23.1,14.0,0.4,0.4,0.6,-27.0,-11.8,-3.0,-14.6,81.0,12.5,14.0,0.4,0.4,0.5,11.5,21.9,32.7,22.2,81.0,11.5,14.0,0.4,0.4,0.5,97.5,301.0,658.5,351.5,102.0,314.0,14.0,0.5,0.4,0.5,95.0,300.0,660.0,350.0,102.0,315.0,14.0,0.5,0.4,0.5
1974,2,6.0,-20.0,22.24,23.0,23.3,22.84,35.0,0.62,14.0,0.4,0.2,0.4,22.0,22.6,23.56,22.71,35.0,0.92,14.0,0.4,0.2,0.4,12.12,13.42,14.47,13.42,32.0,1.49,14.0,0.4,0.2,0.4,68.2,76.7,86.8,78.2,33.0,9.6,14.0,0.4,0.4,4.82,6.2,9.3,6.59,36.0,1.99,14.0,0.4,0.2,0.4,-5.51,-3.31,-1.66,-3.49,36.0,1.93,14.0,0.4,0.2,0.4,3.76,5.24,7.51,5.31,36.0,1.83,14.0,0.4,0.2,0.4,1010.54,1012.0,1013.5,1012.05,35.0,1.48,12.0,0.4,0.2,0.4,5.6,8.0,8.0,7.0,36.0,1.5,14.0,0.4,0.2,0.4,-45.9,-22.5,-5.7,-25.3,36.0,19.3,14.0,0.4,0.2,0.4,19.6,31.9,66.7,38.2,36.0,22.3,14.0,0.4,0.2,0.4,-0.55,0.25,0.93,0.1,34.0,1.09,14.0,0.4,0.2,0.4,-4.9,1.3,6.4,0.5,34.0,7.4,14.0,0.4,0.2,0.4,2.9,3.69,5.27,3.93,31.0,1.5,14.0,0.4,0.2,0.4,16.2,25.6,40.8,25.8,31.0,12.5,14.0,0.4,0.2,0.4,-118.1,-72.4,-35.3,-77.3,35.0,43.0,14.0,0.4,0.2,0.4,84.6,113.5,165.6,119.3,35.0,42.0,14.0,0.4,0.2,0.4,-68.8,-47.1,-16.2,-43.9,32.0,24.8,14.0,0.4,0.2,0.4,49.1,70.8,89.4,69.9,32.0,24.4,14.0,0.4,0.2,0.4,-22.8,-12.3,-2.4,-13.4,31.0,9.6,14.0,0.4,0.2,0.4,13.1,19.6,31.7,20.9,31.0,10.7,14.0,0.4,0.2,0.4,112.5,238.5,804.5,363.0,36.0,298.5,14.0,0.4,0.2,0.4,115.0,240.0,805.0,365.0,36.0,300.0,14.0,0.4,0.2,0.4
1974,2,6.0,-19.0,22.53,22.6,22.87,22.7,3.0,0.26,14.0,0.3,0.2,0.3,22.3,22.5,22.84,22.57,3.0,0.4,14.0,0.3,0.2,0.3,14.15,14.43,14.71,14.43,2.0,0.58,12.0,0.0,0.2,0.5,84.7,85.8,86.9,85.8,2.0,2.3,12.0,0.0,0.5,2.98,5.1,6.19,4.6,3.0,2.39,14.0,0.3,0.2,0.3,-3.49,-1.74,0.32,-1.59,3.0,2.8,14.0,0.3,0.2,0.3,2.57,4.79,5.02,3.82,3.0,1.99,14.0,0.3,0.2,0.3,1011.66,1012.0,1017.39,1014.47,3.0,4.71,14.0,0.3,0.2,0.3,6.6,8.0,8.0,7.3,3.0,1.2,14.0,0.3,0.2,0.3,-22.5,-8.9,-1.1,-11.7,3.0,15.9,14.0,0.3,0.2,0.3,9.8,24.4,31.2,20.6,3.0,16.0,14.0,0.3,0.2,0.3,0.0,0.0,0.27,0.13,3.0,0.23,14.0,0.3,0.2,0.3,0.0,0.0,1.8,0.9,3.0,1.5,14.0,0.3,0.2,0.3,2.31,2.62,2.94,2.62,2.0,0.65,12.0,0.0,0.2,0.5,12.6,15.8,19.1,15.8,2.0,6.8,12.0,0.0,0.2,0.5,-77.7,-39.2,7.7,-35.1,3.0,62.7,14.0,0.3,0.2,0.3,58.3,107.8,112.0,85.7,3.0,43.8,14.0,0.3,0.2,0.3,-54.9,-43.1,-31.4,-43.1,2.0,24.4,12.0,0.0,0.2,0.5,71.3,71.5,71.8,71.5,2.0,0.6,12.0,0.0,0.2,0.5,-11.8,-8.5,-5.3,-8.5,2.0,6.7,12.0,0.0,0.2,0.5,11.2,13.1,15.0,13.1,2.0,3.8,12.0,0.0,0.2,0.5,47.5,132.5,247.5,147.0,3.0,147.0,14.0,0.3,0.2,0.3,50.0,135.0,245.0,145.0,3.0,145.0,14.0,0.3,0.2,0.3
1974,2,6.0,-18.0,24.4,24.4,24.4,24.4,2.0,0.0,8.0,0.5,0.5,0.9,22.28,22.45,22.62,22.45,2.0,0.35,8.0,0.5,0.5,0.9,12.4,12.45,12.49,12.45,2.0,0.1,8.0,0.5,0.5,0.9,73.1,73.6,74.0,73.6,2.0,0.9,8.0,0.5,0.9,6.6,7.45,8.3,7.45,2.0,1.77,8.0,0.5,0.5,0.9,-5.34,-4.79,-4.24,-4.79,2.0,1.14,8.0,0.5,0.5,0.9,5.05,5.71,6.36,5.71,2.0,1.35,8.0,0.5,0.5,0.9,1010.52,1011.0,1011.48,1011.0,2.0,0.99,8.0,0.5,0.5,0.9,8.0,8.0,8.0,8.0,2.0,0.0,8.0,0.5,0.5,0.9,-44.9,-36.7,-28.5,-36.7,2.0,16.9,8.0,0.5,0.5,0.9,34.0,43.7,53.5,43.7,2.0,20.2,8.0,0.5,0.5,0.9,1.78,1.95,2.12,1.95,2.0,0.35,8.0,0.5,0.5,0.9,13.8,14.2,14.6,14.2,2.0,0.8,8.0,0.5,0.5,0.9,6.6,6.66,6.72,6.66,2.0,0.12,8.0,0.5,0.5,0.9,44.3,49.5,54.8,49.5,2.0,10.9,8.0,0.5,0.5,0.9,-120.8,-107.7,-94.6,-107.7,2.0,27.2,8.0,0.5,0.5,0.9,112.7,128.4,144.0,128.4,2.0,32.4,8.0,0.5,0.5,0.9,-66.7,-59.7,-52.6,-59.7,2.0,14.6,8.0,0.5,0.5,0.9,62.7,71.1,79.5,71.1,2.0,17.4,8.0,0.5,0.5,0.9,-35.2,-31.8,-28.5,-31.8,2.0,7.0,8.0,0.5,0.5,0.9,33.9,37.9,42.0,37.9,2.0,8.3,8.0,0.5,0.5,0.9,305.0,448.5,592.0,448.5,2.0,297.0,8.0,0.5,0.5,0.9,305.0,450.0,590.0,450.0,2.0,295.0,8.0,0.5,0.5,0.9
1974,2,6.0,-16.0,23.32,24.0,24.68,24.0,3.0,1.0,20.0,0.7,0.7,0.4,23.66,24.0,24.96,24.3,3.0,0.98,20.0,0.7,0.7,0.4,14.22,14.22,14.22,14.22,1.0,0.0,26.0,0.0,0.9,0.4,76.4,76.4,76.4,76.4,1.0,0.0,26.0,0.0,0.4,4.7,6.0,6.0,5.37,3.0,1.1,20.0,0.7,0.7,0.4,-4.5,-2.05,-0.65,-2.56,3.0,2.85,20.0,0.7,0.7,0.4,2.7,4.1,5.15,3.93,3.0,1.8,20.0,0.7,0.7,0.4,1011.17,1012.6,1015.74,1013.43,3.0,3.43,20.0,0.7,0.7,0.4,8.0,8.0,8.0,8.0,3.0,0.0,20.0,0.7,0.7,0.4,-27.0,-12.3,-3.9,-15.4,3.0,17.1,20.0,0.7,0.7,0.4,13.7,16.8,28.4,21.0,3.0,11.3,20.0,0.7,0.7,0.4,-1.48,0.5,0.84,-0.3,3.0,1.84,20.0,0.7,0.7,0.4,-8.9,3.0,3.8,-2.4,3.0,10.4,20.0,0.7,0.7,0.4,5.61,5.61,5.61,5.61,1.0,0.0,26.0,0.0,0.9,0.4,23.0,23.0,23.0,23.0,1.0,0.0,26.0,0.0,0.9,0.4,-113.1,-48.2,-15.3,-63.8,3.0,72.9,20.0,0.7,0.7,0.4,66.8,98.4,121.7,94.3,3.0,40.3,20.0,0.7,0.7,0.4,0.0,0.0,0.0,0.0,1.0,0.0,26.0,0.0,0.9,0.4,58.3,58.3,58.3,58.3,1.0,0.0,26.0,0.0,0.9,0.4,0.0,0.0,0.0,0.0,1.0,0.0,26.0,0.0,0.9,0.4,23.0,23.0,23.0,23.0,1.0,0.0,26.0,0.0,0.9,0.4,115.5,216.0,216.0,167.0,3.0,85.0,20.0,0.7,0.7,0.4,115.0,215.0,215.0,165.0,3.0,85.0,20.0,0.7,0.7,0.4
1974,2,6.0,-15.0,24.36,25.6,26.76,25.49,9.0,1.23,16.0,0.6,0.4,0.5,24.13,24.7,25.84,25.09,9.0,1.35,16.0,0.6,0.4,0.5,16.68,17.03,17.37,17.03,2.0,0.72,16.0,0.0,0.3,0.3,83.5,86.7,89.9,86.7,2.0,6.6,16.0,0.0,0.3,3.11,4.8,6.89,4.95,8.0,2.93,16.0,0.6,0.4,0.5,-3.33,-1.12,0.0,-1.47,8.0,1.54,16.0,0.6,0.4,0.5,2.97,4.65,6.06,4.6,8.0,2.76,16.0,0.6,0.4,0.5,1009.91,1012.6,1014.78,1012.41,9.0,2.78,16.0,0.6,0.4,0.5,2.1,6.0,6.0,4.5,8.0,2.5,16.0,0.6,0.5,0.5,-22.9,-5.1,0.0,-9.9,8.0,12.9,16.0,0.6,0.4,0.5,9.2,22.3,41.7,29.8,8.0,29.4,16.0,0.6,0.4,0.5,-0.55,1.0,2.26,0.4,9.0,2.17,16.0,0.6,0.4,0.5,-4.2,0.7,5.7,-0.4,8.0,8.9,16.0,0.6,0.4,0.5,3.69,3.84,3.98,3.84,2.0,0.3,16.0,0.0,0.3,0.3,18.6,18.6,18.6,18.6,1.0,0.0,16.0,0.0,0.3,0.2,-82.8,-27.4,0.0,-37.5,8.0,39.4,16.0,0.6,0.4,0.5,72.6,116.2,155.8,116.3,8.0,68.4,16.0,0.6,0.4,0.5,0.0,0.0,0.0,0.0,1.0,0.0,16.0,0.0,0.3,0.2,76.0,76.0,76.0,76.0,1.0,0.0,16.0,0.0,0.3,0.2,0.0,0.0,0.0,0.0,1.0,0.0,16.0,0.0,0.3,0.2,18.6,18.6,18.6,18.6,1.0,0.0,16.0,0.0,0.3,0.2,31.0,111.0,329.0,234.0,8.0,328.5,16.0,0.6,0.4,0.5,30.0,110.0,330.0,235.0,8.0,330.0,16.0,0.6,0.4,0.5
1974,2,6.0,-14.0,,,,,,,,,,,,,,,,,,,,,,,,,,,,,,,,,,,,,,,,4.03,4.1,4.78,4.4,3.0,0.61,8.0,0.7,0.4,0.5,-2.58,-1.37,0.17,-1.21,3.0,2.02,8.0,0.7,0.4,0.5,2.99,3.76,4.62,3.81,3.0,1.19,8.0,0.7,0.4,0.5,1009.08,1009.9,1011.27,1010.17,3.0,1.62,8.0,0.7,0.4,0.6,,,,,,,,,,,,,,,,,,,,,,,,,,,,,,,,,,,,,,,,,,,,,,,,,,,,,,,,,,,,,,,,,,,,,,,,,,,,,,,,,,,,,,,,,,,,,,,,,,,,,,,,,,,,,,,,,,,,,,,,,,,,,,,,,,,,,,,,,,,,,,,,,,,,,,
1974,2,6.0,-8.0,27.41,27.85,28.29,27.85,2.0,0.92,12.0,0.5,0.6,0.7,26.81,27.7,28.59,27.7,2.0,1.84,12.0,0.5,0.6,0.7,18.47,19.65,20.82,19.65,2.0,2.43,12.0,0.5,0.6,0.7,83.5,84.2,85.0,84.2,2.0,1.6,12.0,0.5,0.7,3.41,5.15,6.89,5.15,2.0,3.61,12.0,0.5,0.6,0.7,-0.54,0.22,0.98,0.22,2.0,1.57,12.0,0.5,0.6,0.7,3.26,5.01,6.77,5.01,2.0,3.63,12.0,0.5,0.6,0.7,1008.78,1010.9,1013.02,1010.9,2.0,4.38,12.0,0.5,0.6,0.7,3.6,5.0,6.4,5.0,2.0,2.8,12.0,0.5,0.6,0.7,-0.3,4.0,8.3,4.0,2.0,8.9,12.0,0.5,0.6,0.7,14.6,32.4,50.1,32.4,2.0,36.8,12.0,0.5,0.6,0.7,-0.29,0.15,0.59,0.15,2.0,0.92,12.0,0.5,0.6,0.7,-2.9,-0.9,1.1,-0.9,2.0,4.2,12.0,0.5,0.6,0.7,3.27,3.87,4.47,3.87,2.0,1.25,12.0,0.5,0.6,0.7,14.1,17.7,21.3,17.7,2.0,7.5,12.0,0.5,0.6,0.7,-13.6,7.6,28.9,7.6,2.0,44.0,12.0,0.5,0.6,0.7,89.2,142.2,195.2,142.2,2.0,109.9,12.0,0.5,0.6,0.7,-8.9,6.3,21.5,6.3,2.0,31.5,12.0,0.5,0.6,0.7,62.6,102.9,143.2,102.9,2.0,83.6,12.0,0.5,0.6,0.7,-2.9,-0.1,2.7,-0.1,2.0,5.8,12.0,0.5,0.6,0.7,13.4,17.1,20.9,17.1,2.0,7.8,12.0,0.5,0.6,0.7,87.0,237.0,387.0,237.0,2.0,310.5,12.0,0.5,0.6,0.7,85.0,235.0,385.0,235.0,2.0,310.0,12.0,0.5,0.6,0.7
1974,2,6.0,-7.0,28.2,28.2,28.2,28.2,1.0,0.0,6.0,1.0,0.2,1.0,26.5,26.5,26.5,26.5,1.0,0.0,6.0,1.0,0.2,1.0,17.41,17.41,17.41,17.41,1.0,0.0,6.0,1.0,0.2,1.0,80.1,80.1,80.1,80.1,1.0,0.0,6.0,1.0,1.0,7.2,7.2,7.2,7.2,1.0,0.0,6.0,1.0,0.2,1.0,2.46,2.46,2.46,2.46,1.0,0.0,6.0,1.0,0.2,1.0,6.77,6.77,6.77,6.77,1.0,0.0,6.0,1.0,0.2,1.0,1006.7,1006.7,1006.7,1006.7,1.0,0.0,6.0,1.0,0.2,1.0,7.0,7.0,7.0,7.0,1.0,0.0,6.0,1.0,0.2,1.0,17.7,17.7,17.7,17.7,1.0,0.0,6.0,1.0,0.2,1.0,48.7,48.7,48.7,48.7,1.0,0.0,6.0,1.0,0.2,1.0,1.7,1.7,1.7,1.7,1.0,0.0,6.0,1.0,0.2,1.0,12.2,12.2,12.2,12.2,1.0,0.0,6.0,1.0,0.2,1.0,6.69,6.69,6.69,6.69,1.0,0.0,6.0,1.0,0.2,1.0,48.2,48.2,48.2,48.2,1.0,0.0,6.0,1.0,0.2,1.0,65.3,65.3,65.3,65.3,1.0,0.0,6.0,1.0,0.2,1.0,179.3,179.3,179.3,179.3,1.0,0.0,6.0,1.0,0.2,1.0,42.9,42.9,42.9,42.9,1.0,0.0,6.0,1.0,0.2,1.0,117.8,117.8,117.8,117.8,1.0,0.0,6.0,1.0,0.2,1.0,16.5,16.5,16.5,16.5,1.0,0.0,6.0,1.0,0.2,1.0,45.3,45.3,45.3,45.3,1.0,0.0,6.0,1.0,0.2,1.0,373.0,373.0,373.0,373.0,1.0,0.0,6.0,1.0,0.2,1.0,375.0,375.0,375.0,375.0,1.0,0.0,6.0,1.0,0.2,1.0
1974,2,6.0,-6.0,26.7,26.7,26.7,26.7,1.0,0.0,10.0,1.0,0.2,0.8,25.0,25.0,25.0,25.0,1.0,0.0,10.0,1.0,0.2,0.8,19.03,19.03,19.03,19.03,1.0,0.0,10.0,1.0,0.2,0.8,95.9,95.9,95.9,95.9,1.0,0.0,10.0,1.0,0.8,2.6,2.6,2.6,2.6,1.0,0.0,10.0,1.0,0.2,0.8,-0.89,-0.89,-0.89,-0.89,1.0,0.0,10.0,1.0,0.2,0.8,2.44,2.44,2.44,2.44,1.0,0.0,10.0,1.0,0.2,0.8,1009.1,1009.1,1009.1,1009.1,1.0,0.0,10.0,1.0,0.2,0.8,5.0,5.0,5.0,5.0,1.0,0.0,10.0,1.0,0.2,0.8,-2.3,-2.3,-2.3,-2.3,1.0,0.0,10.0,1.0,0.2,0.8,6.4,6.4,6.4,6.4,1.0,0.0,10.0,1.0,0.2,0.8,1.7,1.7,1.7,1.7,1.0,0.0,10.0,1.0,0.2,0.8,4.4,4.4,4.4,4.4,1.0,0.0,10.0,1.0,0.2,0.8,2.96,2.96,2.96,2.96,1.0,0.0,10.0,1.0,0.2,0.8,7.7,7.7,7.7,7.7,1.0,0.0,10.0,1.0,0.2,0.8,-22.2,-22.2,-22.2,-22.2,1.0,0.0,10.0,1.0,0.2,0.8,61.1,61.1,61.1,61.1,1.0,0.0,10.0,1.0,0.2,0.8,-16.9,-16.9,-16.9,-16.9,1.0,0.0,10.0,1.0,0.2,0.8,46.5,46.5,46.5,46.5,1.0,0.0,10.0,1.0,0.2,0.8,-2.6,-2.6,-2.6,-2.6,1.0,0.0,10.0,1.0,0.2,0.8,7.2,7.2,7.2,7.2,1.0,0.0,10.0,1.0,0.2,0.8,17.5,17.5,17.5,17.5,1.0,0.0,10.0,1.0,0.2,0.8,20.0,20.0,20.0,20.0,1.0,0.0,10.0,1.0,0.2,0.8
1974,2,6.0,-5.0,28.0,28.0,28.0,28.0,1.0,0.0,10.0,1.0,0.5,0.3,27.1,27.1,27.1,27.1,1.0,0.0,10.0,1.0,0.5,0.3,18.96,18.96,18.96,18.96,1.0,0.0,10.0,1.0,0.5,0.3,84.2,84.2,84.2,84.2,1.0,0.0,10.0,1.0,0.3,3.1,3.1,3.1,3.1,1.0,0.0,10.0,1.0,0.5,0.3,0.0,0.0,0.0,0.0,1.0,0.0,10.0,1.0,0.5,0.3,3.1,3.1,3.1,3.1,1.0,0.0,10.0,1.0,0.5,0.3,1006.9,1006.9,1006.9,1006.9,1.0,0.0,10.0,1.0,0.5,0.3,6.0,6.0,6.0,6.0,1.0,0.0,10.0,1.0,0.5,0.3,0.0,0.0,0.0,0.0,1.0,0.0,10.0,1.0,0.5,0.3,9.6,9.6,9.6,9.6,1.0,0.0,10.0,1.0,0.5,0.3,0.9,0.9,0.9,0.9,1.0,0.0,10.0,1.0,0.5,0.3,2.8,2.8,2.8,2.8,1.0,0.0,10.0,1.0,0.5,0.3,4.85,4.85,4.85,4.85,1.0,0.0,10.0,1.0,0.5,0.3,15.0,15.0,15.0,15.0,1.0,0.0,10.0,1.0,0.5,0.3,0.0,0.0,0.0,0.0,1.0,0.0,10.0,1.0,0.5,0.3,84.0,84.0,84.0,84.0,1.0,0.0,10.0,1.0,0.5,0.3,0.0,0.0,0.0,0.0,1.0,0.0,10.0,1.0,0.5,0.3,58.8,58.8,58.8,58.8,1.0,0.0,10.0,1.0,0.5,0.3,0.0,0.0,0.0,0.0,1.0,0.0,10.0,1.0,0.5,0.3,15.0,15.0,15.0,15.0,1.0,0.0,10.0,1.0,0.5,0.3,30.0,30.0,30.0,30.0,1.0,0.0,10.0,1.0,0.5,0.3,30.0,30.0,30.0,30.0,1.0,0.0,10.0,1.0,0.5,0.3
1974,2,6.0,-3.0,27.59,27.9,28.05,27.83,4.0,0.31,10.0,0.3,0.4,0.6,26.8,26.95,27.52,27.15,4.0,0.58,10.0,0.3,0.4,0.6,18.33,18.96,19.59,18.96,2.0,1.31,8.0,0.5,0.5,0.5,83.2,85.5,87.8,85.5,2.0,4.7,8.0,0.5,0.5,0.83,2.6,3.28,2.07,3.0,1.86,12.0,0.0,0.3,0.6,-1.14,0.0,0.0,-0.56,3.0,0.96,12.0,0.0,0.3,0.6,0.63,1.99,3.09,1.86,3.0,1.8,12.0,0.0,0.3,0.6,1007.5,1007.75,1010.21,1008.8,4.0,2.34,10.0,0.3,0.4,0.6,0.0,3.5,7.0,3.5,4.0,4.0,10.0,0.3,0.4,0.6,-3.0,0.0,0.0,-1.4,3.0,2.5,12.0,0.0,0.3,0.6,1.6,5.2,10.5,6.0,3.0,6.5,12.0,0.0,0.3,0.6,0.33,0.8,1.0,0.68,4.0,0.48,10.0,0.3,0.4,0.6,0.0,0.0,2.7,1.3,3.0,2.3,12.0,0.0,0.3,0.6,4.19,4.48,4.78,4.48,2.0,0.61,8.0,0.5,0.5,0.5,14.6,14.6,14.6,14.6,1.0,0.0,10.0,0.0,0.2,0.4,-31.9,0.0,0.0,-15.6,3.0,27.0,12.0,0.0,0.3,0.6,17.7,55.8,84.0,51.0,3.0,48.8,12.0,0.0,0.3,0.6,0.0,0.0,0.0,0.0,1.0,0.0,10.0,0.0,0.2,0.4,71.6,71.6,71.6,71.6,1.0,0.0,10.0,0.0,0.2,0.4,0.0,0.0,0.0,0.0,1.0,0.0,10.0,0.0,0.2,0.4,14.6,14.6,14.6,14.6,1.0,0.0,10.0,0.0,0.2,0.4,5.5,17.5,37.5,21.5,3.0,23.5,12.0,0.0,0.3,0.6,5.0,20.0,35.0,20.0,3.0,25.0,12.0,0.0,0.3,0.6
1974,2,6.0,-2.0,28.1,28.1,28.1,28.1,1.0,0.0,26.0,1.0,0.1,0.3,27.6,27.6,27.6,27.6,1.0,0.0,26.0,1.0,0.1,0.3,18.78,18.78,18.78,18.78,1.0,0.0,26.0,1.0,0.1,0.3,81.3,81.3,81.3,81.3,1.0,0.0,26.0,1.0,0.3,3.6,3.6,3.6,3.6,1.0,0.0,26.0,1.0,0.1,0.3,-1.8,-1.8,-1.8,-1.8,1.0,0.0,26.0,1.0,0.1,0.3,3.12,3.12,3.12,3.12,1.0,0.0,26.0,1.0,0.1,0.3,1010.0,1010.0,1010.0,1010.0,1.0,0.0,26.0,1.0,0.1,0.3,4.0,4.0,4.0,4.0,1.0,0.0,26.0,1.0,0.1,0.3,-6.5,-6.5,-6.5,-6.5,1.0,0.0,26.0,1.0,0.1,0.3,11.2,11.2,11.2,11.2,1.0,0.0,26.0,1.0,0.1,0.3,0.5,0.5,0.5,0.5,1.0,0.0,26.0,1.0,0.1,0.3,1.8,1.8,1.8,1.8,1.0,0.0,26.0,1.0,0.1,0.3,5.09,5.09,5.09,5.09,1.0,0.0,26.0,1.0,0.1,0.3,18.3,18.3,18.3,18.3,1.0,0.0,26.0,1.0,0.1,0.3,-49.7,-49.7,-49.7,-49.7,1.0,0.0,26.0,1.0,0.1,0.3,86.0,86.0,86.0,86.0,1.0,0.0,26.0,1.0,0.1,0.3,-33.8,-33.8,-33.8,-33.8,1.0,0.0,26.0,1.0,0.1,0.3,58.6,58.6,58.6,58.6,1.0,0.0,26.0,1.0,0.1,0.3,-9.2,-9.2,-9.2,-9.2,1.0,0.0,26.0,1.0,0.1,0.3,15.9,15.9,15.9,15.9,1.0,0.0,26.0,1.0,0.1,0.3,46.5,46.5,46.5,46.5,1.0,0.0,26.0,1.0,0.1,0.3,45.0,45.0,45.0,45.0,1.0,0.0,26.0,1.0,0.1,0.3
1974,2,6.0,-1.0,27.8,27.8,27.8,27.8,2.0,0.0,26.0,0.0,0.4,0.6,27.2,27.2,27.2,27.2,2.0,0.0,26.0,0.0,0.4,0.6,19.09,19.22,19.34,19.22,2.0,0.26,26.0,0.0,0.4,0.6,84.5,85.2,85.9,85.2,2.0,1.4,26.0,0.0,0.6,2.6,2.6,2.6,2.6,1.0,0.0,26.0,0.0,0.6,0.9,0.0,0.0,0.0,0.0,1.0,0.0,26.0,0.0,0.6,0.9,2.6,2.6,2.6,2.6,1.0,0.0,26.0,0.0,0.6,0.9,1009.69,1011.4,1013.11,1011.4,2.0,3.54,26.0,0.0,0.4,0.6,3.0,3.0,3.0,3.0,2.0,0.0,26.0,0.0,0.4,0.6,0.0,0.0,0.0,0.0,1.0,0.0,26.0,0.0,0.6,0.9,6.8,6.8,6.8,6.8,1.0,0.0,26.0,0.0,0.6,0.9,0.6,0.6,0.6,0.6,2.0,0.0,26.0,0.0,0.4,0.6,1.6,1.6,1.6,1.6,1.0,0.0,26.0,0.0,0.6,0.9,4.04,4.2,4.37,4.2,2.0,0.34,26.0,0.0,0.4,0.6,11.6,11.6,11.6,11.6,1.0,0.0,26.0,0.0,0.6,0.9,0.0,0.0,0.0,0.0,1.0,0.0,26.0,0.0,0.6,0.9,70.7,70.7,70.7,70.7,1.0,0.0,26.0,0.0,0.6,0.9,0.0,0.0,0.0,0.0,1.0,0.0,26.0,0.0,0.6,0.9,49.5,49.5,49.5,49.5,1.0,0.0,26.0,0.0,0.6,0.9,0.0,0.0,0.0,0.0,1.0,0.0,26.0,0.0,0.6,0.9,11.6,11.6,11.6,11.6,1.0,0.0,26.0,0.0,0.6,0.9,17.5,17.5,17.5,17.5,1.0,0.0,26.0,0.0,0.6,0.9,20.0,20.0,20.0,20.0,1.0,0.0,26.0,0.0,0.6,0.9
1974,2,6.0,1.0,27.9,27.9,27.9,27.9,1.0,0.0,8.0,1.0,0.4,0.3,27.48,28.5,29.52,28.5,2.0,2.12,12.0,1.0,0.3,0.5,20.91,20.91,20.91,20.91,1.0,0.0,8.0,1.0,0.4,0.3,93.2,93.2,93.2,93.2,1.0,0.0,8.0,1.0,0.3,0.24,0.75,1.26,0.75,2.0,1.06,12.0,1.0,0.3,0.5,0.15,0.48,0.81,0.48,2.0,0.68,12.0,1.0,0.3,0.5,0.18,0.57,0.97,0.57,2.0,0.81,12.0,1.0,0.3,0.5,1005.6,1005.6,1005.6,1005.6,1.0,0.0,8.0,1.0,0.4,0.3,4.6,6.0,7.4,6.0,2.0,2.8,12.0,1.0,0.3,0.5,0.2,0.7,1.2,0.7,2.0,1.0,12.0,1.0,0.3,0.5,0.3,0.9,1.5,0.9,2.0,1.2,12.0,1.0,0.3,0.5,0.9,0.9,0.9,0.9,1.0,0.0,8.0,1.0,0.4,0.3,1.4,1.4,1.4,1.4,1.0,0.0,8.0,1.0,0.4,0.3,2.79,2.79,2.79,2.79,1.0,0.0,8.0,1.0,0.4,0.3,4.2,4.2,4.2,4.2,1.0,0.0,8.0,1.0,0.4,0.3,4.1,13.0,21.9,13.0,2.0,18.4,12.0,1.0,0.3,0.5,4.9,15.5,26.1,15.5,2.0,21.9,12.0,1.0,0.3,0.5,20.2,20.2,20.2,20.2,1.0,0.0,8.0,1.0,0.4,0.3,24.0,24.0,24.0,24.0,1.0,0.0,8.0,1.0,0.4,0.3,2.7,2.7,2.7,2.7,1.0,0.0,8.0,1.0,0.4,0.3,3.2,3.2,3.2,3.2,1.0,0.0,8.0,1.0,0.4,0.3,0.5,1.5,3.0,1.5,2.0,2.5,12.0,1.0,0.3,0.5,0.0,0.0,5.0,0.0,2.0,0.0,12.0,1.0,0.3,0.5
1974,2,6.0,3.0,29.16,29.5,29.84,29.5,2.0,0.71,14.0,0.5,0.4,0.9,27.3,28.6,29.9,28.6,2.0,2.69,14.0,0.5,0.4,0.9,21.01,21.01,21.01,21.01,1.0,0.0,8.0,1.0,0.1,0.9,76.9,76.9,76.9,76.9,1.0,0.0,8.0,1.0,0.9,2.17,2.55,2.93,2.55,2.0,0.78,14.0,0.5,0.4,0.9,-1.12,-0.24,0.65,-0.24,2.0,1.83,14.0,0.5,0.4,0.9,1.54,2.1,2.65,2.1,2.0,1.15,14.0,0.5,0.4,0.9,1008.8,1010.3,1011.8,1010.3,2.0,3.11,14.0,0.5,0.4,0.9,6.3,7.0,7.7,7.0,2.0,1.4,14.0,0.5,0.4,0.9,-2.1,0.1,2.3,0.1,2.0,4.5,14.0,0.5,0.4,0.9,3.6,5.8,8.0,5.8,2.0,4.6,14.0,0.5,0.4,0.9,-0.06,0.9,1.86,0.9,2.0,1.98,14.0,0.5,0.4,0.9,-0.6,1.5,3.6,1.5,2.0,4.3,14.0,0.5,0.4,0.9,5.62,5.62,5.62,5.62,1.0,0.0,8.0,1.0,0.1,0.9,17.4,17.4,17.4,17.4,1.0,0.0,8.0,1.0,0.1,0.9,-29.3,-4.3,20.7,-4.3,2.0,51.8,14.0,0.5,0.4,0.9,43.0,61.6,80.2,61.6,2.0,38.6,14.0,0.5,0.4,0.9,22.3,22.3,22.3,22.3,1.0,0.0,8.0,1.0,0.1,0.9,61.2,61.2,61.2,61.2,1.0,0.0,8.0,1.0,0.1,0.9,6.0,6.0,6.0,6.0,1.0,0.0,8.0,1.0,0.1,0.9,16.4,16.4,16.4,16.4,1.0,0.0,8.0,1.0,0.1,0.9,11.5,19.0,26.5,19.0,2.0,15.5,14.0,0.5,0.4,0.9,10.0,20.0,25.0,20.0,2.0,15.0,14.0,0.5,0.4,0.9
1974,2,6.0,4.0,28.4,28.45,28.97,28.68,4.0,0.49,10.0,0.0,0.2,0.0,27.59,27.9,28.21,27.9,4.0,0.42,10.0,0.0,0.2,0.0,19.04,19.92,20.39,19.72,3.0,1.0,6.0,0.0,0.1,0.0,80.8,83.6,87.7,84.2,4.0,4.4,10.0,0.0,0.0,3.18,3.35,3.52,3.35,2.0,0.35,16.0,0.0,0.2,0.1,1.28,1.39,1.5,1.39,2.0,0.23,16.0,0.0,0.2,0.1,2.8,3.03,3.27,3.03,2.0,0.49,16.0,0.0,0.2,0.1,1006.56,1008.2,1010.66,1008.6,3.0,3.02,6.0,0.0,0.1,0.0,2.9,5.0,6.0,4.5,4.0,2.5,10.0,0.0,0.2,0.0,4.5,4.6,4.7,4.6,2.0,0.3,16.0,0.0,0.2,0.1,8.9,10.3,11.6,10.3,2.0,2.7,16.0,0.0,0.2,0.1,0.55,0.8,1.0,0.78,4.0,0.26,10.0,0.0,0.2,0.0,1.9,2.6,3.3,2.6,2.0,1.4,16.0,0.0,0.2,0.1,4.34,5.62,5.86,5.11,3.0,1.2,6.0,0.0,0.1,0.0,13.5,13.5,13.5,13.5,1.0,0.0,14.0,0.0,0.0,0.1,35.3,38.6,41.9,38.6,2.0,6.8,16.0,0.0,0.2,0.1,78.0,83.9,89.9,83.9,2.0,12.4,16.0,0.0,0.2,0.1,25.4,25.4,25.4,25.4,1.0,0.0,14.0,0.0,0.0,0.1,69.7,69.7,69.7,69.7,1.0,0.0,14.0,0.0,0.0,0.1,4.6,4.6,4.6,4.6,1.0,0.0,14.0,0.0,0.0,0.1,12.7,12.7,12.7,12.7,1.0,0.0,14.0,0.0,0.0,0.1,32.5,38.0,44.0,38.0,2.0,12.0,16.0,0.0,0.2,0.1,30.0,40.0,45.0,40.0,2.0,10.0,16.0,0.0,0.2,0.1
1974,2,6.0,36.0,14.2,14.2,14.2,14.2,1.0,0.0,26.0,0.0,0.3,0.3,11.0,11.0,11.0,11.0,1.0,0.0,26.0,0.0,0.3,0.3,5.78,5.78,5.78,5.78,1.0,0.0,26.0,0.0,0.3,0.3,71.3,71.3,71.3,71.3,1.0,0.0,26.0,0.0,0.3,6.2,6.2,6.2,6.2,1.0,0.0,26.0,0.0,0.3,0.3,2.12,2.12,2.12,2.12,1.0,0.0,26.0,0.0,0.3,0.3,-5.83,-5.83,-5.83,-5.83,1.0,0.0,26.0,0.0,0.3,0.3,1014.2,1014.2,1014.2,1014.2,1.0,0.0,26.0,0.0,0.3,0.3,7.0,7.0,7.0,7.0,1.0,0.0,26.0,0.0,0.3,0.3,13.1,13.1,13.1,13.1,1.0,0.0,26.0,0.0,0.3,0.3,-36.1,-36.1,-36.1,-36.1,1.0,0.0,26.0,0.0,0.3,0.3,3.2,3.2,3.2,3.2,1.0,0.0,26.0,0.0,0.3,0.3,19.8,19.8,19.8,19.8,1.0,0.0,26.0,0.0,0.3,0.3,4.25,4.25,4.25,4.25,1.0,0.0,26.0,0.0,0.3,0.3,26.4,26.4,26.4,26.4,1.0,0.0,26.0,0.0,0.3,0.3,23.3,23.3,23.3,23.3,1.0,0.0,26.0,0.0,0.3,0.3,-64.1,-64.1,-64.1,-64.1,1.0,0.0,26.0,0.0,0.3,0.3,12.3,12.3,12.3,12.3,1.0,0.0,26.0,0.0,0.3,0.3,-33.7,-33.7,-33.7,-33.7,1.0,0.0,26.0,0.0,0.3,0.3,9.0,9.0,9.0,9.0,1.0,0.0,26.0,0.0,0.3,0.3,-24.8,-24.8,-24.8,-24.8,1.0,0.0,26.0,0.0,0.3,0.3,238.5,238.5,238.5,238.5,1.0,0.0,26.0,0.0,0.3,0.3,240.0,240.0,240.0,240.0,1.0,0.0,26.0,0.0,0.3,0.3
1974,2,6.0,37.0,14.0,15.0,16.0,15.05,116.0,1.26,14.0,0.3,0.5,0.3,12.0,14.1,16.0,14.09,122.0,2.16,14.0,0.3,0.5,0.3,6.13,7.19,8.69,7.46,40.0,1.17,14.0,0.4,0.4,0.4,58.2,71.0,82.4,71.4,40.0,11.4,14.0,0.4,0.4,4.0,9.0,14.0,8.9,119.0,4.66,14.0,0.3,0.5,0.3,-3.21,7.7,12.93,5.33,119.0,7.36,14.0,0.3,0.5,0.3,-4.97,0.0,2.45,-0.88,119.0,4.24,14.0,0.3,0.5,0.3,1005.77,1012.85,1021.51,1013.69,120.0,7.28,14.0,0.3,0.5,0.3,1.0,5.0,8.0,4.4,118.0,2.8,14.0,0.3,0.5,0.3,-16.1,59.3,169.0,70.1,119.0,100.7,14.0,0.3,0.5,0.3,-52.3,0.0,17.7,-13.3,119.0,51.6,14.0,0.3,0.5,0.3,-1.0,1.0,2.8,0.94,115.0,2.22,14.0,0.3,0.5,0.3,-5.5,7.7,24.8,8.8,109.0,23.0,14.0,0.3,0.5,0.3,1.8,2.98,4.32,3.02,39.0,1.06,14.0,0.4,0.4,0.3,4.7,22.5,40.3,23.3,39.0,16.5,14.0,0.4,0.4,0.3,-52.3,98.6,171.1,74.3,116.0,106.7,14.0,0.3,0.5,0.3,-62.1,0.0,34.5,-11.3,116.0,59.5,14.0,0.3,0.5,0.3,-35.0,30.5,96.3,31.2,40.0,60.9,14.0,0.4,0.4,0.4,-35.5,0.0,12.7,-9.6,40.0,31.6,14.0,0.4,0.4,0.4,-17.5,11.0,32.8,9.7,39.0,24.7,14.0,0.4,0.4,0.3,-14.4,0.0,6.5,-2.9,39.0,10.6,14.0,0.4,0.4,0.3,64.0,729.0,2744.0,1287.5,119.0,1524.5,14.0,0.3,0.5,0.3,65.0,730.0,2745.0,1290.0,119.0,1525.0,14.0,0.3,0.5,0.3
1974,2,6.0,38.0,13.43,15.0,16.0,14.64,29.0,1.37,12.0,0.3,0.4,0.3,11.83,13.4,14.73,13.21,29.0,1.41,14.0,0.2,0.4,0.3,5.93,7.18,8.43,7.27,16.0,1.19,14.0,0.4,0.3,0.3,61.9,76.5,86.8,75.0,16.0,11.0,14.0,0.4,0.3,5.42,9.65,13.36,9.31,30.0,3.62,14.0,0.3,0.4,0.3,0.9,7.38,11.56,6.22,30.0,5.85,14.0,0.3,0.4,0.3,-4.65,0.27,5.11,0.53,30.0,5.3,14.0,0.3,0.4,0.3,1003.05,1012.9,1020.87,1012.85,29.0,7.81,14.0,0.3,0.4,0.3,1.4,4.0,7.0,4.1,29.0,2.4,12.0,0.3,0.4,0.3,4.9,62.2,161.1,72.3,30.0,76.3,14.0,0.3,0.4,0.3,-36.5,0.8,45.9,3.4,30.0,61.8,14.0,0.3,0.4,0.3,0.01,1.6,3.29,1.44,27.0,2.08,14.0,0.3,0.4,0.3,-0.4,14.4,22.6,11.4,25.0,17.8,14.0,0.3,0.4,0.3,1.21,2.72,4.32,2.78,16.0,1.32,14.0,0.4,0.3,0.3,14.3,28.1,37.2,28.2,16.0,16.5,14.0,0.4,0.3,0.3,9.9,85.5,145.0,77.5,27.0,80.7,14.0,0.3,0.4,0.3,-65.4,6.5,64.3,6.6,27.0,69.6,14.0,0.3,0.4,0.3,-2.8,55.5,89.8,46.6,16.0,49.6,14.0,0.4,0.3,0.3,-15.7,19.1,35.2,12.8,16.0,34.3,14.0,0.4,0.3,0.3,-0.4,23.0,33.1,17.7,16.0,24.8,14.0,0.4,0.3,0.3,-7.5,3.9,14.8,3.4,16.0,12.6,14.0,0.4,0.3,0.3,161.5,902.0,2391.5,1163.5,30.0,1134.5,14.0,0.3,0.4,0.3,160.0,900.0,2390.0,1165.0,30.0,1135.0,14.0,0.3,0.4,0.3
1974,2,6.0,39.0,13.4,13.8,14.2,13.95,40.0,0.85,12.0,0.3,0.6,0.3,12.0,13.2,13.96,13.12,40.0,1.09,12.0,0.4,0.6,0.3,6.25,7.22,8.42,7.23,37.0,0.88,12.0,0.3,0.6,0.3,68.8,76.2,88.7,77.7,37.0,8.5,12.0,0.3,0.3,5.16,8.2,19.91,10.71,52.0,6.51,12.0,0.3,0.6,0.3,-1.04,4.62,17.55,6.29,52.0,7.6,12.0,0.3,0.6,0.3,-10.36,3.16,6.58,0.23,52.0,7.81,12.0,0.3,0.6,0.3,1000.73,1016.85,1025.16,1014.36,38.0,10.33,12.0,0.3,0.6,0.3,0.0,3.0,7.0,3.4,40.0,3.1,12.0,0.4,0.6,0.3,-6.1,32.4,351.4,109.4,52.0,156.9,12.0,0.3,0.6,0.3,-161.3,17.6,61.9,-32.3,52.0,131.7,12.0,0.3,0.6,0.3,0.2,0.8,1.7,0.88,39.0,1.0,12.0,0.3,0.6,0.3,0.5,6.0,19.4,8.7,37.0,12.3,12.0,0.3,0.6,0.3,1.68,2.66,3.58,2.66,37.0,0.92,12.0,0.3,0.6,0.3,11.0,17.8,32.7,20.4,37.0,10.9,12.0,0.3,0.6,0.3,-19.1,39.9,107.5,46.0,38.0,76.3,12.0,0.3,0.6,0.3,-78.6,46.8,84.5,18.2,38.0,86.3,12.0,0.3,0.6,0.3,-10.0,20.5,58.2,28.1,37.0,47.1,12.0,0.3,0.6,0.3,-48.9,22.6,50.1,7.7,37.0,53.6,12.0,0.3,0.6,0.3,-3.2,6.2,26.4,8.7,37.0,14.2,12.0,0.3,0.6,0.3,-14.7,6.5,16.4,3.2,37.0,16.0,12.0,0.3,0.6,0.3,137.5,551.5,7893.0,2760.0,52.0,4083.0,12.0,0.3,0.6,0.3,140.0,550.0,7895.0,2760.0,52.0,4085.0,12.0,0.3,0.6,0.3
1974,2,6.0,40.0,12.63,13.2,14.37,13.54,9.0,1.18,14.0,0.2,0.5,0.5,12.85,13.5,13.77,13.68,9.0,1.53,14.0,0.2,0.5,0.5,7.05,7.18,7.97,7.48,8.0,0.84,14.0,0.3,0.4,0.5,69.7,74.5,83.1,76.2,8.0,9.9,14.0,0.3,0.5,7.97,10.3,14.43,11.5,9.0,3.5,14.0,0.2,0.5,0.5,-6.26,-3.85,9.09,0.49,9.0,8.73,14.0,0.2,0.5,0.5,-11.52,-5.59,6.53,-2.84,9.0,8.69,14.0,0.2,0.5,0.5,1007.71,1012.4,1018.34,1013.08,9.0,5.26,14.0,0.2,0.5,0.5,2.0,3.0,4.7,3.1,9.0,1.8,14.0,0.2,0.5,0.5,-57.7,-29.6,109.0,22.4,9.0,128.7,14.0,0.2,0.5,0.5,-148.6,-48.7,56.5,-40.3,9.0,108.7,14.0,0.2,0.5,0.5,-1.31,-0.4,0.82,-0.13,9.0,1.96,14.0,0.2,0.5,0.5,-15.9,-3.1,15.2,1.7,9.0,26.9,14.0,0.2,0.5,0.5,1.34,2.42,2.63,1.96,8.0,0.96,14.0,0.3,0.4,0.5,11.2,23.1,32.5,23.3,8.0,15.2,14.0,0.3,0.4,0.5,-89.9,-53.1,120.7,2.2,9.0,115.5,14.0,0.2,0.5,0.5,-154.7,-75.5,88.5,-39.3,9.0,117.4,14.0,0.2,0.5,0.5,-46.1,-33.6,60.5,-3.4,8.0,63.6,14.0,0.3,0.4,0.5,-67.4,-7.1,58.9,-8.3,8.0,62.4,14.0,0.3,0.4,0.5,-15.4,-4.2,21.6,1.7,8.0,23.2,14.0,0.3,0.4,0.5,-22.9,-6.5,9.9,-5.5,8.0,16.6,14.0,0.3,0.4,0.5,511.0,1092.5,3044.0,1917.5,9.0,1759.5,14.0,0.2,0.5,0.5,510.0,1095.0,3045.0,1915.0,9.0,1760.0,14.0,0.2,0.5,0.5
1974,2,6.0,41.0,12.13,13.5,14.17,13.42,24.0,0.99,16.0,0.5,0.4,0.5,11.5,13.15,15.14,12.88,24.0,2.02,16.0,0.5,0.4,0.5,5.97,6.82,7.6,6.75,21.0,0.98,14.0,0.5,0.4,0.5,63.1,71.6,78.9,71.2,21.0,9.1,14.0,0.5,0.5,4.93,8.2,12.49,8.77,24.0,4.64,16.0,0.5,0.4,0.5,-5.19,0.0,6.77,0.15,24.0,6.27,16.0,0.5,0.4,0.5,-10.28,-3.12,5.5,-3.24,24.0,7.17,16.0,0.5,0.4,0.5,1001.81,1012.15,1018.56,1010.28,24.0,9.14,16.0,0.5,0.4,0.5,1.7,5.5,8.0,5.3,24.0,2.6,16.0,0.5,0.4,0.5,-46.7,0.0,65.5,6.1,24.0,83.3,16.0,0.5,0.4,0.5,-117.1,-26.4,39.7,-46.3,24.0,101.6,16.0,0.5,0.4,0.5,-0.93,0.15,1.67,0.53,24.0,2.02,16.0,0.5,0.4,0.5,-8.0,0.0,16.6,8.7,24.0,28.4,16.0,0.5,0.4,0.5,2.01,2.73,3.5,2.84,21.0,1.15,14.0,0.5,0.4,0.5,8.4,19.4,37.9,26.5,21.0,29.7,14.0,0.5,0.4,0.5,-69.7,0.0,79.0,3.8,24.0,77.4,16.0,0.5,0.4,0.5,-118.0,-39.1,67.4,-35.6,24.0,87.3,16.0,0.5,0.4,0.5,-30.1,0.0,42.2,7.3,21.0,34.1,14.0,0.5,0.4,0.5,-61.5,-24.7,39.7,-17.8,21.0,44.4,14.0,0.5,0.4,0.5,-11.4,0.0,23.7,5.9,21.0,20.9,14.0,0.5,0.4,0.5,-32.2,-8.9,11.1,-14.4,21.0,30.5,14.0,0.5,0.4,0.5,120.5,551.5,1965.5,1260.0,24.0,2074.5,16.0,0.5,0.4,0.5,120.0,550.0,1965.0,1260.0,24.0,2075.0,16.0,0.5,0.4,0.5
1974,2,6.0,42.0,12.26,13.2,14.0,13.33,38.0,0.9,14.0,0.3,0.3,0.6,10.89,12.0,13.83,12.21,38.0,1.63,14.0,0.3,0.3,0.6,5.82,6.63,7.76,6.67,32.0,1.22,14.0,0.3,0.3,0.6,63.6,75.7,84.3,73.8,32.0,11.4,14.0,0.3,0.6,4.46,7.7,11.86,8.09,37.0,3.4,14.0,0.3,0.3,0.6,-7.03,1.04,10.43,2.03,37.0,7.71,14.0,0.3,0.3,0.6,-4.76,-0.54,2.06,-1.22,37.0,3.7,14.0,0.3,0.3,0.6,1004.72,1009.8,1018.28,1010.46,38.0,8.45,14.0,0.3,0.3,0.6,1.6,5.0,8.0,4.6,36.0,2.7,14.0,0.3,0.3,0.6,-51.7,4.5,126.2,29.2,37.0,87.2,14.0,0.3,0.3,0.6,-45.6,-1.7,16.7,-12.3,37.0,34.1,14.0,0.3,0.3,0.6,-0.25,1.45,2.83,1.12,38.0,1.95,14.0,0.3,0.3,0.6,-2.5,8.3,30.1,9.0,37.0,19.4,14.0,0.3,0.3,0.6,1.87,2.8,3.77,2.83,32.0,1.29,14.0,0.3,0.3,0.6,8.9,19.4,37.4,22.3,31.0,15.2,14.0,0.3,0.3,0.6,-75.1,11.0,134.8,27.0,37.0,98.5,14.0,0.3,0.3,0.6,-56.5,-6.5,28.3,-14.9,37.0,44.5,14.0,0.3,0.3,0.6,-48.0,5.8,69.3,11.9,31.0,57.8,14.0,0.3,0.3,0.6,-30.3,-2.5,13.0,-7.2,31.0,21.6,14.0,0.3,0.3,0.6,-21.9,0.0,29.9,3.4,31.0,23.8,14.0,0.3,0.3,0.6,-16.5,-1.5,5.5,-5.4,31.0,11.7,14.0,0.3,0.3,0.6,89.0,456.5,1667.5,820.0,37.0,936.5,14.0,0.3,0.3,0.6,90.0,455.0,1665.0,820.0,37.0,935.0,14.0,0.3,0.3,0.6
1974,2,6.0,43.0,13.0,13.1,13.5,13.24,15.0,0.37,14.0,0.1,0.4,0.0,12.0,12.6,12.98,12.52,15.0,0.61,14.0,0.1,0.4,0.0,5.11,6.19,7.57,6.35,15.0,1.14,14.0,0.1,0.4,0.0,59.9,71.5,83.0,70.6,15.0,11.5,14.0,0.1,0.0,4.32,6.2,10.19,7.34,15.0,3.18,14.0,0.1,0.4,0.0,-1.12,3.99,9.44,3.98,15.0,5.53,14.0,0.1,0.4,0.0,-1.77,0.0,5.81,0.83,15.0,4.41,14.0,0.1,0.4,0.0,1006.8,1016.1,1019.73,1013.31,15.0,6.71,14.0,0.1,0.4,0.0,0.4,4.0,6.0,3.7,15.0,2.8,14.0,0.1,0.4,0.0,-6.1,24.7,96.7,37.5,15.0,57.6,14.0,0.1,0.4,0.0,-18.0,0.0,36.0,2.1,15.0,43.5,14.0,0.1,0.4,0.0,0.04,0.8,1.43,0.72,15.0,0.68,14.0,0.1,0.4,0.0,0.2,3.1,9.7,5.3,15.0,5.8,14.0,0.1,0.4,0.0,1.71,3.2,4.26,3.08,15.0,1.25,14.0,0.1,0.4,0.0,7.6,19.8,36.5,23.1,15.0,14.7,14.0,0.1,0.4,0.0,-15.2,51.4,117.1,49.5,15.0,70.1,14.0,0.1,0.4,0.0,-23.4,0.0,74.0,10.4,15.0,55.4,14.0,0.1,0.4,0.0,-7.1,30.2,55.0,24.5,15.0,35.1,14.0,0.1,0.4,0.0,-11.2,0.0,40.4,7.7,15.0,28.6,14.0,0.1,0.4,0.0,0.0,6.4,34.8,12.8,15.0,19.9,14.0,0.1,0.4,0.0,-6.5,0.0,14.3,-0.5,15.0,14.7,14.0,0.1,0.4,0.0,83.0,238.5,1059.0,607.0,15.0,660.0,14.0,0.1,0.4,0.0,85.0,240.0,1060.0,605.0,15.0,660.0,14.0,0.1,0.4,0.0
1974,2,6.0,53.0,5.4,5.5,5.6,5.52,233.0,0.33,14.0,0.4,0.4,0.8,4.0,5.4,6.7,5.37,233.0,1.55,14.0,0.4,0.4,0.8,4.25,4.91,5.49,4.84,229.0,0.7,14.0,0.4,0.4,0.8,80.0,88.0,93.0,86.5,229.0,6.6,14.0,0.4,0.8,5.1,9.3,12.3,8.84,233.0,3.69,14.0,0.4,0.4,0.8,-6.02,0.0,7.12,0.59,233.0,6.14,14.0,0.4,0.4,0.8,-3.99,4.21,9.68,3.4,233.0,6.51,14.0,0.4,0.4,0.8,995.0,1009.65,1025.3,1009.56,234.0,15.37,14.0,0.4,0.4,0.8,3.0,7.0,8.0,5.8,224.0,2.5,14.0,0.4,0.4,0.8,-44.9,0.0,72.5,10.9,233.0,70.4,14.0,0.4,0.4,0.8,-24.9,29.4,99.7,38.4,233.0,80.5,14.0,0.4,0.4,0.8,-1.2,0.2,1.4,0.15,233.0,1.5,14.0,0.4,0.4,0.8,-11.3,1.0,13.8,0.3,232.0,17.5,14.0,0.4,0.4,0.8,0.13,0.73,1.39,0.78,229.0,0.64,14.0,0.4,0.4,0.8,0.8,4.9,13.4,6.6,228.0,7.3,14.0,0.4,0.4,0.8,-26.2,0.0,41.6,7.4,232.0,32.6,14.0,0.4,0.4,0.8,-20.7,21.5,55.0,21.4,232.0,40.7,14.0,0.4,0.4,0.8,-26.3,0.0,35.8,4.6,228.0,29.4,14.0,0.4,0.4,0.8,-19.4,19.4,49.7,18.4,228.0,33.1,14.0,0.4,0.4,0.8,-4.7,0.0,3.4,-1.2,228.0,7.2,14.0,0.4,0.4,0.8,-5.9,1.3,6.3,0.8,228.0,6.6,14.0,0.4,0.4,0.8,132.5,804.5,1861.0,1049.5,233.0,1131.0,14.0,0.4,0.4,0.8,135.0,805.0,1860.0,1050.0,233.0,1130.0,14.0,0.4,0.4,0.8
1974,2,6.0,54.0,5.4,5.55,5.7,5.56,244.0,0.34,14.0,0.4,0.3,0.2,4.0,5.8,6.8,5.57,268.0,1.37,14.0,0.4,0.3,0.3,3.3,3.79,5.5,4.32,32.0,1.05,20.0,0.4,0.2,0.4,71.8,78.0,91.1,81.0,32.0,9.9,20.0,0.4,0.4,5.7,9.3,12.4,9.01,268.0,3.55,14.0,0.4,0.3,0.3,-6.64,0.0,7.1,0.52,268.0,6.24,14.0,0.4,0.3,0.3,-3.52,4.65,9.47,3.49,268.0,6.53,14.0,0.4,0.3,0.3,993.75,1009.4,1025.93,1009.46,268.0,15.62,14.0,0.4,0.3,0.3,2.0,8.0,8.0,5.8,262.0,2.8,14.0,0.4,0.3,0.3,-57.1,0.0,74.2,8.8,268.0,69.2,14.0,0.4,0.3,0.3,-24.1,33.6,105.5,39.5,268.0,81.7,14.0,0.4,0.3,0.3,-1.2,-0.1,1.5,-0.01,244.0,1.28,14.0,0.4,0.3,0.2,-12.0,-0.6,13.2,-0.7,244.0,14.0,14.0,0.4,0.3,0.2,0.23,1.71,2.11,1.27,32.0,0.9,20.0,0.4,0.2,0.4,2.6,17.6,22.5,13.7,32.0,9.9,20.0,0.4,0.2,0.4,-30.0,0.0,43.9,7.0,268.0,34.1,14.0,0.4,0.3,0.3,-16.0,23.8,55.2,22.7,268.0,39.4,14.0,0.4,0.3,0.3,-38.5,-25.5,32.9,-10.3,32.0,33.6,20.0,0.4,0.2,0.4,6.6,15.5,36.5,15.1,32.0,25.3,20.0,0.4,0.2,0.4,-21.7,-12.0,2.5,-9.6,32.0,11.8,20.0,0.4,0.2,0.4,-0.3,4.3,10.8,5.0,32.0,5.5,20.0,0.4,0.2,0.4,185.0,804.5,1906.5,1067.5,268.0,1094.0,14.0,0.4,0.3,0.3,185.0,805.0,1905.0,1070.0,268.0,1095.0,14.0,0.4,0.3,0.3
1974,2,6.0,55.0,5.0,6.0,7.0,5.94,80.0,1.62,14.0,0.3,0.3,0.6,4.38,5.5,7.0,5.67,95.0,1.39,14.0,0.3,0.3,0.5,4.3,5.06,5.64,4.92,22.0,0.73,16.0,0.3,0.4,0.5,81.6,87.8,93.2,86.3,22.0,8.5,16.0,0.3,0.5,3.1,8.2,12.36,8.38,95.0,4.58,14.0,0.3,0.3,0.5,-5.1,0.94,7.53,1.12,95.0,6.05,14.0,0.3,0.3,0.5,-3.97,2.91,8.22,2.53,95.0,6.91,14.0,0.3,0.3,0.5,991.8,1006.2,1030.12,1008.71,95.0,17.04,14.0,0.3,0.3,0.5,2.0,7.0,8.0,5.7,78.0,2.8,14.0,0.3,0.3,0.5,-40.6,1.0,77.3,15.2,95.0,75.7,14.0,0.3,0.3,0.5,-16.9,21.9,87.1,28.7,95.0,96.1,14.0,0.3,0.3,0.5,-1.19,0.4,2.0,0.27,79.0,2.01,14.0,0.3,0.3,0.5,-9.8,1.5,17.9,2.3,78.0,21.5,14.0,0.3,0.3,0.5,0.07,0.77,1.34,0.77,22.0,0.67,16.0,0.3,0.4,0.5,0.5,4.1,10.0,6.6,22.0,9.0,16.0,0.3,0.4,0.5,-22.3,6.8,43.6,9.9,94.0,34.6,14.0,0.3,0.3,0.5,-16.0,19.8,47.7,16.4,94.0,40.6,14.0,0.3,0.3,0.5,-21.1,4.4,30.2,4.9,22.0,27.6,16.0,0.3,0.4,0.5,-20.2,8.9,37.1,9.9,22.0,30.9,16.0,0.3,0.4,0.5,-4.5,-0.6,4.0,-0.3,22.0,7.3,16.0,0.3,0.4,0.5,-3.7,1.3,4.7,-0.9,22.0,8.5,16.0,0.3,0.4,0.5,30.0,551.5,1888.5,1142.0,95.0,1587.5,14.0,0.3,0.3,0.5,30.0,550.0,1890.0,1140.0,95.0,1585.0,14.0,0.3,0.3,0.5
1974,2,6.0,56.0,4.02,6.0,7.0,5.45,39.0,1.65,14.0,0.3,0.6,0.3,4.19,6.0,6.92,5.5,40.0,1.51,14.0,0.4,0.6,0.2,4.68,5.3,5.45,5.08,14.0,0.6,16.0,0.4,0.6,0.4,82.2,91.4,95.3,88.8,14.0,9.6,16.0,0.4,0.4,4.35,8.85,12.15,8.43,42.0,3.84,14.0,0.4,0.6,0.3,-4.45,3.17,9.08,2.3,42.0,6.32,14.0,0.4,0.6,0.3,-1.51,2.05,8.66,2.53,42.0,5.96,14.0,0.4,0.6,0.3,992.31,1010.2,1032.07,1011.6,41.0,17.74,14.0,0.4,0.6,0.3,0.0,7.0,8.0,5.4,33.0,3.3,14.0,0.4,0.6,0.3,-31.3,18.9,83.1,24.8,42.0,72.6,14.0,0.4,0.6,0.3,-7.1,13.2,77.9,26.8,42.0,78.2,14.0,0.4,0.6,0.3,-2.0,-0.2,1.73,-0.09,37.0,2.04,14.0,0.3,0.6,0.2,-19.2,-1.6,7.4,-1.1,37.0,22.2,14.0,0.3,0.6,0.2,0.08,0.6,1.24,0.7,14.0,0.68,16.0,0.4,0.6,0.4,0.4,3.1,10.4,5.1,14.0,5.5,16.0,0.4,0.6,0.4,-22.3,17.8,42.8,13.6,40.0,35.5,14.0,0.4,0.6,0.2,-5.6,11.9,48.2,19.1,40.0,34.2,14.0,0.4,0.6,0.2,-30.1,2.3,21.2,-2.6,14.0,28.5,16.0,0.4,0.6,0.4,-3.5,8.6,18.9,8.5,14.0,21.6,16.0,0.4,0.6,0.4,-8.3,-0.4,1.2,-1.7,14.0,5.5,16.0,0.4,0.6,0.4,-0.1,0.4,4.1,0.8,14.0,4.9,16.0,0.4,0.6,0.4,83.5,694.0,1793.5,982.5,42.0,1257.0,14.0,0.4,0.6,0.3,85.0,695.0,1795.0,980.0,42.0,1255.0,14.0,0.4,0.6,0.3
1974,2,6.0,57.0,3.56,5.5,6.03,5.12,19.0,1.33,14.0,0.3,0.5,0.5,2.8,4.1,6.39,4.64,20.0,1.82,14.0,0.3,0.5,0.5,3.9,4.21,4.46,4.27,12.0,0.51,16.0,0.3,0.4,0.3,75.4,85.2,86.5,82.4,12.0,5.1,16.0,0.3,0.3,4.62,9.15,12.4,9.0,20.0,4.52,14.0,0.3,0.5,0.5,-11.52,-0.98,5.77,-2.26,20.0,8.02,14.0,0.3,0.5,0.5,-3.15,1.88,6.88,1.28,20.0,5.87,14.0,0.3,0.5,0.5,978.0,1003.95,1020.66,1003.03,20.0,20.88,14.0,0.3,0.5,0.5,1.4,7.5,8.0,5.4,16.0,3.2,14.0,0.3,0.5,0.4,-141.2,-2.0,66.0,-37.8,20.0,104.3,14.0,0.3,0.5,0.5,-18.2,20.5,62.0,10.2,20.0,70.7,14.0,0.3,0.5,0.5,-1.17,0.5,2.71,0.7,19.0,1.74,14.0,0.3,0.5,0.5,-7.0,4.7,31.5,9.4,19.0,18.6,14.0,0.3,0.5,0.5,0.71,1.55,2.0,1.38,12.0,0.63,16.0,0.3,0.4,0.3,3.0,18.7,23.5,15.9,12.0,10.7,16.0,0.3,0.4,0.3,-31.7,-3.1,45.5,-1.4,20.0,36.4,14.0,0.3,0.5,0.5,-8.9,6.8,34.6,9.1,20.0,28.5,14.0,0.3,0.5,0.5,-48.9,-16.9,37.3,-8.8,12.0,38.7,16.0,0.3,0.4,0.3,-24.1,4.5,19.1,-1.8,12.0,26.8,16.0,0.3,0.4,0.3,-21.7,-5.2,8.2,-7.4,12.0,14.7,16.0,0.3,0.4,0.3,-8.9,0.3,8.7,-0.6,12.0,10.6,16.0,0.3,0.4,0.3,99.5,766.5,1906.0,1243.5,20.0,1446.0,14.0,0.3,0.5,0.5,100.0,765.0,1905.0,1245.0,20.0,1445.0,14.0,0.3,0.5,0.5
1974,2,6.0,58.0,,,,,,,,,,,,,,,,,,,,,,,,,,,,,,,,,,,,,,,,6.7,8.9,12.8,9.78,8.0,4.42,14.0,0.0,0.2,0.1,-4.27,-0.76,6.17,0.58,8.0,5.68,14.0,0.0,0.2,0.1,-6.61,4.72,12.15,3.54,8.0,9.04,14.0,0.0,0.2,0.1,982.76,989.85,1021.38,999.43,8.0,21.34,14.0,0.0,0.2,0.1,,,,,,,,,,,,,,,,,,,,,,,,,,,,,,,,,,,,,,,,,,,,,,,,,,,,,,,,,,,,,,,,,,,,,,,,,,,,,,,,,,,,,,,,,,,,,,,,,,,,,,,,,,,,,,,,,,,,,,,,,,,,,,,,,,,,,,,,,,,,,,,,,,,,,,
1974,2,6.0,62.0,,,,,,,,,,,,,,,,,,,,,,,,,,,,,,,,,,,,,,,,4.0,4.0,4.0,4.0,1.0,0.0,4.0,0.0,0.3,0.4,-3.06,-3.06,-3.06,-3.06,1.0,0.0,4.0,0.0,0.3,0.4,-2.57,-2.57,-2.57,-2.57,1.0,0.0,4.0,0.0,0.3,0.4,1000.3,1000.3,1000.3,1000.3,1.0,0.0,4.0,0.0,0.3,0.4,,,,,,,,,,,,,,,,,,,,,,,,,,,,,,,,,,,,,,,,,,,,,,,,,,,,,,,,,,,,,,,,,,,,,,,,,,,,,,,,,,,,,,,,,,,,,,,,,,,,,,,,,,,,,,,,,,,,,,,,,,,,,,,,,,,,,,,,,,,,,,,,,,,,,,
1974,2,6.0,63.0,5.35,6.6,8.25,6.57,23.0,1.78,16.0,0.1,0.4,0.5,2.18,5.5,6.93,4.68,24.0,2.45,16.0,0.1,0.4,0.5,3.65,5.15,6.14,4.81,5.0,1.7,16.0,0.4,0.3,0.4,73.3,91.5,94.8,83.8,5.0,20.8,16.0,0.4,0.4,5.07,9.8,18.91,11.35,24.0,6.85,16.0,0.1,0.4,0.5,0.0,5.64,14.53,6.49,24.0,8.31,16.0,0.1,0.4,0.5,-2.2,5.47,11.61,4.35,24.0,6.98,16.0,0.1,0.4,0.5,990.16,996.7,1020.82,1003.11,24.0,15.02,16.0,0.1,0.4,0.5,3.0,7.0,8.0,5.7,14.0,2.6,16.0,0.1,0.4,0.5,0.0,45.1,283.9,119.1,24.0,173.7,16.0,0.1,0.4,0.5,-10.6,45.1,181.1,75.3,24.0,129.2,16.0,0.1,0.4,0.5,0.0,1.9,4.26,1.97,23.0,2.37,16.0,0.1,0.4,0.5,0.0,10.3,34.6,14.3,23.0,18.5,16.0,0.1,0.4,0.5,0.44,0.77,2.48,1.47,5.0,1.7,16.0,0.4,0.3,0.4,6.2,9.1,24.9,15.9,5.0,16.9,16.0,0.4,0.3,0.4,0.0,36.5,75.9,42.7,24.0,51.7,16.0,0.1,0.4,0.5,-3.3,30.7,64.4,32.0,24.0,42.5,16.0,0.1,0.4,0.5,2.1,36.7,99.4,48.6,5.0,58.8,16.0,0.4,0.3,0.4,16.9,30.8,65.6,40.4,5.0,36.1,16.0,0.4,0.3,0.4,-14.8,4.6,7.9,-4.1,5.0,23.5,16.0,0.4,0.3,0.4,2.2,4.4,5.8,4.1,5.0,2.8,16.0,0.4,0.3,0.4,130.0,948.5,6850.0,3172.0,24.0,4886.0,16.0,0.1,0.4,0.5,130.0,950.0,6850.0,3170.0,24.0,4885.0,16.0,0.1,0.4,0.5
1974,2,6.0,64.0,6.8,7.0,7.63,7.08,12.0,0.66,20.0,0.3,0.5,0.3,2.4,6.3,6.78,5.22,12.0,2.12,20.0,0.3,0.5,0.3,5.18,5.21,5.52,5.34,3.0,0.27,20.0,0.7,0.4,0.2,85.8,89.5,94.3,90.0,3.0,6.3,20.0,0.7,0.2,4.6,9.0,19.05,9.98,13.0,6.61,20.0,0.3,0.5,0.3,-3.38,5.79,14.93,5.1,13.0,8.5,20.0,0.3,0.5,0.3,-2.17,1.57,7.56,3.68,13.0,6.04,20.0,0.3,0.5,0.3,992.58,1019.2,1030.98,1011.92,13.0,19.99,20.0,0.3,0.5,0.3,3.0,6.5,8.0,5.6,12.0,2.7,22.0,0.3,0.5,0.3,-17.0,52.1,330.9,98.0,13.0,151.7,20.0,0.3,0.5,0.3,-13.0,7.2,86.2,51.3,13.0,113.3,20.0,0.3,0.5,0.3,-0.02,0.9,3.66,1.61,11.0,2.07,20.0,0.3,0.5,0.2,-0.5,4.1,20.4,8.5,11.0,11.5,20.0,0.3,0.5,0.2,0.83,0.99,1.13,0.98,3.0,0.22,20.0,0.7,0.4,0.2,3.8,4.5,17.4,10.5,3.0,11.2,20.0,0.7,0.4,0.2,-13.0,23.7,47.6,24.2,12.0,42.6,20.0,0.3,0.5,0.3,-4.0,9.2,48.1,20.1,12.0,27.3,20.0,0.3,0.5,0.3,-9.6,22.5,75.9,32.9,3.0,63.2,20.0,0.7,0.4,0.2,2.6,8.2,8.7,5.7,3.0,4.9,20.0,0.7,0.4,0.2,-0.9,4.3,17.3,8.1,3.0,13.7,20.0,0.7,0.4,0.2,0.4,1.2,1.4,0.9,3.0,0.8,20.0,0.7,0.4,0.2,97.5,729.0,6912.0,2394.5,13.0,3730.0,20.0,0.3,0.5,0.3,95.0,730.0,6910.0,2395.0,13.0,3730.0,20.0,0.3,0.5,0.3
1974,2,6.0,65.0,4.95,5.8,6.69,5.84,5.0,1.39,12.0,0.2,0.4,0.4,1.49,4.6,6.5,4.1,5.0,2.54,12.0,0.2,0.4,0.4,3.94,3.94,3.94,3.94,1.0,0.0,10.0,0.0,0.1,0.0,92.4,92.4,92.4,92.4,1.0,0.0,10.0,0.0,0.0,2.42,6.0,6.73,4.94,5.0,2.51,12.0,0.2,0.4,0.4,-5.74,0.72,1.33,-1.63,5.0,3.79,12.0,0.2,0.4,0.4,-2.12,-1.97,2.22,0.11,5.0,4.37,12.0,0.2,0.4,0.4,997.81,1007.3,1013.37,1005.5,5.0,11.95,12.0,0.2,0.4,0.4,4.0,4.0,4.0,4.0,1.0,0.0,10.0,0.0,0.1,0.0,-34.4,1.5,6.2,-10.7,5.0,22.2,12.0,0.2,0.4,0.4,-8.5,-5.9,20.4,6.9,5.0,31.5,12.0,0.2,0.4,0.4,-0.68,2.4,3.74,1.74,5.0,2.4,12.0,0.2,0.4,0.4,-3.7,9.5,16.4,6.9,5.0,11.4,12.0,0.2,0.4,0.4,1.92,1.92,1.92,1.92,1.0,0.0,10.0,0.0,0.1,0.0,4.0,4.0,4.0,4.0,1.0,0.0,10.0,0.0,0.1,0.0,-15.7,0.9,8.7,-3.6,5.0,15.1,12.0,0.2,0.4,0.4,-8.4,-3.3,17.1,5.2,5.0,26.2,12.0,0.2,0.4,0.4,2.8,2.8,2.8,2.8,1.0,0.0,10.0,0.0,0.1,0.0,-7.8,-7.8,-7.8,-7.8,1.0,0.0,10.0,0.0,0.1,0.0,1.4,1.4,1.4,1.4,1.0,0.0,10.0,0.0,0.1,0.0,-3.8,-3.8,-3.8,-3.8,1.0,0.0,10.0,0.0,0.1,0.0,14.5,216.0,324.0,194.0,5.0,204.5,12.0,0.2,0.4,0.4,15.0,215.0,325.0,195.0,5.0,205.0,12.0,0.2,0.4,0.4
1974,2,6.0,66.0,,,,,,,,,,,,,,,,,,,,,,,,,,,,,,,,,,,,,,,,8.95,11.0,13.05,11.0,2.0,4.24,4.0,0.5,0.4,0.4,-10.27,-9.3,-8.33,-9.3,2.0,2.01,4.0,0.5,0.4,0.4,0.26,3.8,7.35,3.8,2.0,7.35,4.0,0.5,0.4,0.4,987.84,989.65,991.46,989.65,2.0,3.75,4.0,0.5,0.4,0.4,,,,,,,,,,,,,,,,,,,,,,,,,,,,,,,,,,,,,,,,,,,,,,,,,,,,,,,,,,,,,,,,,,,,,,,,,,,,,,,,,,,,,,,,,,,,,,,,,,,,,,,,,,,,,,,,,,,,,,,,,,,,,,,,,,,,,,,,,,,,,,,,,,,,,,
1974,2,6.0,67.0,,,,,,,,,,,,,,,,,,,,,,,,,,,,,,,,,,,,,,,,15.0,15.0,15.0,15.0,1.0,0.0,26.0,1.0,0.9,0.4,9.64,9.64,9.64,9.64,1.0,0.0,26.0,1.0,0.9,0.4,11.49,11.49,11.49,11.49,1.0,0.0,26.0,1.0,0.9,0.4,1020.7,1020.7,1020.7,1020.7,1.0,0.0,26.0,1.0,0.9,0.4,,,,,,,,,,,,,,,,,,,,,,,,,,,,,,,,,,,,,,,,,,,,,,,,,,,,,,,,,,,,,,,,,,,,,,,,,,,,,,,,,,,,,,,,,,,,,,,,,,,,,,,,,,,,,,,,,,,,,,,,,,,,,,,,,,,,,,,,,,,,,,,,,,,,,,
1974,2,6.0,68.0,,,,,,,,,,,,,,,,,,,,,,,,,,,,,,,,,,,,,,,,18.0,18.0,18.0,18.0,1.0,0.0,10.0,0.0,0.4,0.0,17.73,17.73,17.73,17.73,1.0,0.0,10.0,0.0,0.4,0.0,-3.13,-3.13,-3.13,-3.13,1.0,0.0,10.0,0.0,0.4,0.0,980.5,980.5,980.5,980.5,1.0,0.0,10.0,0.0,0.4,0.0,,,,,,,,,,,,,,,,,,,,,,,,,,,,,,,,,,,,,,,,,,,,,,,,,,,,,,,,,,,,,,,,,,,,,,,,,,,,,,,,,,,,,,,,,,,,,,,,,,,,,,,,,,,,,,,,,,,,,,,,,,,,,,,,,,,,,,,,,,,,,,,,,,,,,,
1974,2,7.0,-70.0,0.9,0.9,0.9,0.9,1.0,0.0,6.0,1.0,0.0,0.3,-3.0,-3.0,-3.0,-3.0,1.0,0.0,6.0,1.0,0.0,0.3,2.44,2.44,2.44,2.44,1.0,0.0,6.0,1.0,0.0,0.3,79.2,79.2,79.2,79.2,1.0,0.0,6.0,1.0,0.3,4.1,4.1,4.1,4.1,1.0,0.0,6.0,1.0,0.0,0.3,-2.64,-2.64,-2.64,-2.64,1.0,0.0,6.0,1.0,0.0,0.3,3.14,3.14,3.14,3.14,1.0,0.0,6.0,1.0,0.0,0.3,993.5,993.5,993.5,993.5,1.0,0.0,6.0,1.0,0.0,0.3,7.0,7.0,7.0,7.0,1.0,0.0,6.0,1.0,0.0,0.3,-10.8,-10.8,-10.8,-10.8,1.0,0.0,6.0,1.0,0.0,0.3,12.9,12.9,12.9,12.9,1.0,0.0,6.0,1.0,0.0,0.3,3.9,3.9,3.9,3.9,1.0,0.0,6.0,1.0,0.0,0.3,16.0,16.0,16.0,16.0,1.0,0.0,6.0,1.0,0.0,0.3,1.67,1.67,1.67,1.67,1.0,0.0,6.0,1.0,0.0,0.3,6.8,6.8,6.8,6.8,1.0,0.0,6.0,1.0,0.0,0.3,7.9,7.9,7.9,7.9,1.0,0.0,6.0,1.0,0.0,0.3,-9.4,-9.4,-9.4,-9.4,1.0,0.0,6.0,1.0,0.0,0.3,-6.4,-6.4,-6.4,-6.4,1.0,0.0,6.0,1.0,0.0,0.3,7.7,7.7,7.7,7.7,1.0,0.0,6.0,1.0,0.0,0.3,-4.4,-4.4,-4.4,-4.4,1.0,0.0,6.0,1.0,0.0,0.3,5.2,5.2,5.2,5.2,1.0,0.0,6.0,1.0,0.0,0.3,69.0,69.0,69.0,69.0,1.0,0.0,6.0,1.0,0.0,0.3,70.0,70.0,70.0,70.0,1.0,0.0,6.0,1.0,0.0,0.3
1974,2,7.0,-67.0,,,,,,,,,,,,,,,,,,,,,,,,,,,,,,,,,,,,,,,,3.1,3.1,3.1,3.1,1.0,0.0,26.0,1.0,0.7,0.3,-2.68,-2.68,-2.68,-2.68,1.0,0.0,26.0,1.0,0.7,0.3,-1.55,-1.55,-1.55,-1.55,1.0,0.0,26.0,1.0,0.7,0.3,981.7,981.7,981.7,981.7,1.0,0.0,26.0,1.0,0.7,0.3,,,,,,,,,,,,,,,,,,,,,,,,,,,,,,,,,,,,,,,,,,,,,,,,,,,,,,,,,,,,,,,,,,,,,,,,,,,,,,,,,,,,,,,,,,,,,,,,,,,,,,,,,,,,,,,,,,,,,,,,,,,,,,,,,,,,,,,,,,,,,,,,,,,,,,
1974,2,7.0,-50.0,4.24,4.55,4.86,4.55,2.0,0.64,18.0,0.5,0.5,0.6,6.12,6.15,6.18,6.15,2.0,0.07,18.0,0.5,0.5,0.6,5.76,5.86,5.97,5.86,2.0,0.21,18.0,0.5,0.5,0.6,96.6,98.0,99.4,98.0,2.0,2.9,18.0,0.5,0.6,13.3,14.15,15.0,14.15,2.0,1.77,18.0,0.5,0.5,0.6,9.27,11.38,13.49,11.38,2.0,4.37,18.0,0.5,0.5,0.6,-9.15,-7.57,-6.0,-7.57,2.0,3.26,18.0,0.5,0.5,0.6,988.73,989.45,990.17,989.45,2.0,1.48,18.0,0.5,0.5,0.6,8.0,8.0,8.0,8.0,2.0,0.0,18.0,0.5,0.5,0.6,125.4,164.9,204.5,164.9,2.0,81.9,18.0,0.5,0.5,0.6,-120.1,-104.3,-88.5,-104.3,2.0,32.8,18.0,0.5,0.5,0.6,-1.94,-1.6,-1.26,-1.6,2.0,0.71,18.0,0.5,0.5,0.6,-25.5,-22.0,-18.6,-22.0,2.0,7.2,18.0,0.5,0.5,0.6,-0.72,-0.51,-0.3,-0.51,2.0,0.44,18.0,0.5,0.5,0.6,-9.4,-6.8,-4.2,-6.8,2.0,5.3,18.0,0.5,0.5,0.6,57.3,69.8,82.4,69.8,2.0,26.1,18.0,0.5,0.5,0.6,-56.6,-46.7,-36.8,-46.7,2.0,20.6,18.0,0.5,0.5,0.6,55.1,66.3,77.5,66.3,2.0,23.2,18.0,0.5,0.5,0.6,-54.8,-44.8,-34.8,-44.8,2.0,20.7,18.0,0.5,0.5,0.6,-6.2,-4.8,-3.5,-4.8,2.0,2.8,18.0,0.5,0.5,0.6,2.2,4.6,7.0,4.6,2.0,5.0,18.0,0.5,0.5,0.6,2385.5,2899.5,3413.5,2899.5,2.0,1064.5,18.0,0.5,0.5,0.6,2385.0,2900.0,3415.0,2900.0,2.0,1065.0,18.0,0.5,0.5,0.6
1974,2,7.0,-33.0,21.61,22.5,23.39,22.5,2.0,1.84,10.0,0.5,0.6,0.5,18.51,20.25,21.99,20.25,2.0,3.61,10.0,0.5,0.6,0.5,8.63,9.73,10.83,9.73,2.0,2.28,10.0,0.5,0.6,0.5,65.4,65.8,66.2,65.8,2.0,0.8,10.0,0.5,0.5,7.95,8.5,9.05,8.5,2.0,1.13,10.0,0.5,0.6,0.5,-4.52,-4.25,-3.98,-4.25,2.0,0.57,10.0,0.5,0.6,0.5,6.89,7.36,7.83,7.36,2.0,0.98,10.0,0.5,0.6,0.5,1021.21,1021.45,1021.69,1021.45,2.0,0.49,10.0,0.5,0.6,0.5,6.2,6.5,6.8,6.5,2.0,0.7,10.0,0.5,0.6,0.5,-41.1,-36.4,-31.8,-36.4,2.0,9.6,10.0,0.5,0.6,0.5,55.1,63.1,71.2,63.1,2.0,16.7,10.0,0.5,0.6,0.5,-0.38,2.25,4.88,2.25,2.0,5.44,10.0,0.5,0.6,0.5,-5.1,16.0,37.2,16.0,2.0,43.7,10.0,0.5,0.6,0.5,5.14,7.16,9.18,7.16,2.0,4.18,10.0,0.5,0.6,0.5,45.3,58.5,71.7,58.5,2.0,27.4,10.0,0.5,0.6,0.5,-100.0,-87.1,-74.2,-87.1,2.0,26.8,10.0,0.5,0.6,0.5,128.4,150.8,173.2,150.8,2.0,46.4,10.0,0.5,0.6,0.5,-49.3,-42.0,-34.7,-42.0,2.0,15.2,10.0,0.5,0.6,0.5,60.0,72.7,85.4,72.7,2.0,26.3,10.0,0.5,0.6,0.5,-35.9,-29.2,-22.6,-29.2,2.0,13.7,10.0,0.5,0.6,0.5,39.2,50.7,62.1,50.7,2.0,23.7,10.0,0.5,0.6,0.5,511.5,630.5,749.0,630.5,2.0,246.0,10.0,0.5,0.6,0.5,510.0,630.0,750.0,630.0,2.0,245.0,10.0,0.5,0.6,0.5
1974,2,7.0,-32.0,21.1,21.1,21.1,21.1,1.0,0.0,18.0,1.0,0.3,0.4,21.1,21.1,21.1,21.1,1.0,0.0,18.0,1.0,0.3,0.4,11.79,11.79,11.79,11.79,1.0,0.0,18.0,1.0,0.3,0.4,76.4,76.4,76.4,76.4,1.0,0.0,18.0,1.0,0.4,6.2,6.2,6.2,6.2,1.0,0.0,18.0,1.0,0.3,0.4,-5.37,-5.37,-5.37,-5.37,1.0,0.0,18.0,1.0,0.3,0.4,3.1,3.1,3.1,3.1,1.0,0.0,18.0,1.0,0.3,0.4,1020.7,1020.7,1020.7,1020.7,1.0,0.0,18.0,1.0,0.3,0.4,3.0,3.0,3.0,3.0,1.0,0.0,18.0,1.0,0.3,0.4,-33.3,-33.3,-33.3,-33.3,1.0,0.0,18.0,1.0,0.3,0.4,19.2,19.2,19.2,19.2,1.0,0.0,18.0,1.0,0.3,0.4,0.0,0.0,0.0,0.0,1.0,0.0,18.0,1.0,0.3,0.4,0.0,0.0,0.0,0.0,1.0,0.0,18.0,1.0,0.3,0.4,3.67,3.67,3.67,3.67,1.0,0.0,18.0,1.0,0.3,0.4,22.7,22.7,22.7,22.7,1.0,0.0,18.0,1.0,0.3,0.4,-113.3,-113.3,-113.3,-113.3,1.0,0.0,18.0,1.0,0.3,0.4,65.4,65.4,65.4,65.4,1.0,0.0,18.0,1.0,0.3,0.4,-63.3,-63.3,-63.3,-63.3,1.0,0.0,18.0,1.0,0.3,0.4,36.5,36.5,36.5,36.5,1.0,0.0,18.0,1.0,0.3,0.4,-19.7,-19.7,-19.7,-19.7,1.0,0.0,18.0,1.0,0.3,0.4,11.4,11.4,11.4,11.4,1.0,0.0,18.0,1.0,0.3,0.4,238.5,238.5,238.5,238.5,1.0,0.0,18.0,1.0,0.3,0.4,240.0,240.0,240.0,240.0,1.0,0.0,18.0,1.0,0.3,0.4
1974,2,7.0,-31.0,21.54,22.7,23.86,22.7,2.0,2.4,24.0,0.5,0.6,0.9,23.0,23.0,23.0,23.0,1.0,0.0,20.0,0.0,0.9,0.7,17.5,17.5,17.5,17.5,1.0,0.0,20.0,0.0,0.9,0.7,100.0,100.0,100.0,100.0,1.0,0.0,20.0,0.0,0.7,6.69,7.75,8.81,7.75,2.0,2.19,24.0,0.5,0.6,0.9,3.17,5.43,7.69,5.43,2.0,4.68,24.0,0.5,0.6,0.9,-1.75,1.32,4.4,1.32,2.0,6.37,24.0,0.5,0.6,0.9,1011.57,1012.35,1013.14,1012.35,2.0,1.63,24.0,0.5,0.6,0.9,5.5,6.5,7.5,6.5,2.0,2.1,24.0,0.5,0.6,0.9,24.0,47.2,70.5,47.2,2.0,48.2,24.0,0.5,0.6,0.9,-19.2,3.3,25.7,3.3,2.0,46.5,24.0,0.5,0.6,0.9,-2.0,-2.0,-2.0,-2.0,1.0,0.0,20.0,0.0,0.9,0.7,-12.4,-12.4,-12.4,-12.4,1.0,0.0,20.0,0.0,0.9,0.7,-2.03,-2.03,-2.03,-2.03,1.0,0.0,20.0,0.0,0.9,0.7,-12.6,-12.6,-12.6,-12.6,1.0,0.0,20.0,0.0,0.9,0.7,48.8,48.8,48.8,48.8,1.0,0.0,20.0,0.0,0.9,0.7,134.0,134.0,134.0,134.0,1.0,0.0,20.0,0.0,0.9,0.7,37.1,37.1,37.1,37.1,1.0,0.0,20.0,0.0,0.9,0.7,102.0,102.0,102.0,102.0,1.0,0.0,20.0,0.0,0.9,0.7,-4.3,-4.3,-4.3,-4.3,1.0,0.0,20.0,0.0,0.9,0.7,-11.8,-11.8,-11.8,-11.8,1.0,0.0,20.0,0.0,0.9,0.7,328.0,521.5,714.5,521.5,2.0,400.0,24.0,0.5,0.6,0.9,330.0,520.0,715.0,520.0,2.0,400.0,24.0,0.5,0.6,0.9
1974,2,7.0,-29.0,20.6,21.0,21.21,20.96,7.0,0.29,10.0,0.6,0.3,0.7,20.1,21.0,21.14,20.9,7.0,0.68,10.0,0.6,0.3,0.7,11.13,11.42,12.05,11.71,6.0,0.98,12.0,0.7,0.3,0.7,75.3,76.3,79.6,77.0,7.0,3.5,10.0,0.6,0.7,4.48,8.2,10.37,7.57,7.0,3.37,10.0,0.6,0.3,0.7,-5.9,-5.27,-3.81,-4.64,7.0,2.0,10.0,0.6,0.3,0.7,2.29,6.28,8.98,5.75,7.0,3.25,10.0,0.6,0.3,0.7,1014.5,1017.35,1018.21,1016.73,6.0,1.99,12.0,0.7,0.3,0.7,3.0,8.0,8.0,6.0,7.0,2.5,10.0,0.6,0.3,0.7,-56.3,-43.2,-17.5,-39.9,7.0,23.5,10.0,0.6,0.3,0.7,10.3,51.5,93.2,52.5,7.0,43.5,10.0,0.6,0.3,0.7,-0.52,0.2,0.61,0.06,7.0,0.63,10.0,0.6,0.3,0.7,-4.6,0.6,6.3,1.2,7.0,5.2,10.0,0.6,0.3,0.7,3.4,3.94,4.03,3.6,6.0,0.88,12.0,0.7,0.3,0.7,23.1,33.6,42.7,32.0,6.0,13.8,12.0,0.7,0.3,0.7,-122.1,-110.7,-83.8,-96.5,7.0,41.3,10.0,0.6,0.3,0.7,50.3,131.9,179.7,118.7,7.0,64.4,10.0,0.6,0.3,0.7,-66.9,-63.7,-56.2,-62.1,6.0,5.6,12.0,0.7,0.3,0.7,37.4,76.2,101.6,72.6,6.0,32.6,12.0,0.7,0.3,0.7,-23.5,-21.9,-17.4,-19.7,6.0,6.3,12.0,0.7,0.3,0.7,11.5,25.7,37.0,24.4,6.0,13.9,12.0,0.7,0.3,0.7,93.0,551.5,1119.0,642.5,7.0,585.0,10.0,0.6,0.3,0.7,95.0,550.0,1120.0,645.0,7.0,585.0,10.0,0.6,0.3,0.7
1974,2,7.0,-28.0,20.63,21.7,22.57,21.58,5.0,1.11,20.0,0.8,0.4,0.7,20.02,22.0,22.62,21.4,5.0,1.61,20.0,0.8,0.4,0.7,11.2,12.32,13.24,12.25,5.0,1.04,20.0,0.8,0.4,0.7,71.7,75.8,84.6,77.8,5.0,7.9,20.0,0.8,0.7,4.58,7.2,10.35,7.45,4.0,3.85,20.0,0.8,0.5,0.7,-7.52,-5.01,1.1,-3.29,4.0,5.79,20.0,0.8,0.5,0.7,1.34,4.04,6.89,4.11,4.0,4.28,20.0,0.8,0.5,0.7,1015.69,1016.9,1018.55,1017.08,5.0,1.78,20.0,0.8,0.4,0.7,1.0,2.0,8.0,4.0,5.0,3.7,20.0,0.8,0.4,0.7,-78.7,-33.6,11.1,-33.8,4.0,55.5,20.0,0.8,0.5,0.7,10.0,29.2,76.7,42.7,4.0,51.2,20.0,0.8,0.5,0.7,-0.81,-0.5,1.4,0.18,5.0,1.32,20.0,0.8,0.4,0.7,-6.0,0.4,9.5,1.7,4.0,9.2,20.0,0.8,0.5,0.7,3.58,3.78,3.94,3.76,5.0,0.3,20.0,0.8,0.4,0.7,18.4,28.6,36.3,27.4,4.0,12.2,20.0,0.8,0.5,0.7,-154.9,-105.1,26.2,-66.2,4.0,122.3,20.0,0.8,0.5,0.7,30.3,89.8,137.5,84.2,4.0,82.3,20.0,0.8,0.5,0.7,-87.9,-63.2,9.4,-40.4,4.0,66.5,20.0,0.8,0.5,0.7,13.9,47.6,79.2,46.6,4.0,48.8,20.0,0.8,0.5,0.7,-26.7,-18.6,5.1,-11.1,4.0,21.9,20.0,0.8,0.5,0.7,5.3,16.1,24.3,14.9,4.0,14.5,20.0,0.8,0.5,0.7,129.0,395.0,1237.5,670.0,4.0,822.5,20.0,0.8,0.5,0.7,130.0,395.0,1235.0,670.0,4.0,820.0,20.0,0.8,0.5,0.7
1974,2,7.0,-27.0,20.91,22.0,22.78,21.85,4.0,1.33,16.0,0.8,0.3,0.3,19.9,20.85,22.54,21.2,4.0,1.64,16.0,0.8,0.3,0.3,11.63,13.43,13.9,12.8,4.0,1.76,16.0,0.8,0.3,0.3,72.9,79.5,91.1,81.9,4.0,11.5,16.0,0.8,0.3,7.18,9.25,11.9,9.53,4.0,2.85,16.0,0.8,0.3,0.3,-6.71,-6.17,-2.81,-4.82,4.0,3.24,16.0,0.8,0.3,0.3,5.78,7.49,9.79,7.77,4.0,2.64,16.0,0.8,0.3,0.3,1011.92,1014.25,1016.16,1014.05,4.0,2.47,16.0,0.8,0.3,0.3,6.0,7.0,8.0,7.0,4.0,1.2,16.0,0.8,0.3,0.3,-79.3,-60.2,-21.6,-50.9,4.0,37.6,16.0,0.8,0.3,0.3,41.3,67.1,118.0,79.1,4.0,48.9,16.0,0.8,0.3,0.3,-0.53,0.2,1.87,0.65,4.0,1.87,16.0,0.8,0.3,0.3,-7.1,2.0,14.9,3.8,4.0,16.3,16.0,0.8,0.3,0.3,3.0,3.59,4.08,3.54,4.0,0.74,16.0,0.8,0.3,0.3,22.9,36.5,45.8,34.5,4.0,13.9,16.0,0.8,0.3,0.3,-144.2,-127.7,-56.2,-101.4,4.0,68.9,16.0,0.8,0.3,0.3,121.1,154.6,214.4,167.1,4.0,67.8,16.0,0.8,0.3,0.3,-84.2,-77.1,-33.7,-59.8,4.0,40.4,16.0,0.8,0.3,0.3,76.8,88.0,120.8,98.3,4.0,33.9,16.0,0.8,0.3,0.3,-26.5,-22.1,-10.5,-18.6,4.0,13.0,16.0,0.8,0.3,0.3,18.0,27.4,37.3,27.6,4.0,11.2,16.0,0.8,0.3,0.3,375.0,858.0,1724.5,1041.0,4.0,848.5,16.0,0.8,0.3,0.3,375.0,860.0,1725.0,1040.0,4.0,850.0,16.0,0.8,0.3,0.3
1974,2,7.0,-26.0,18.92,19.6,20.28,19.6,2.0,1.41,18.0,0.5,0.4,0.4,21.39,22.0,22.96,22.17,3.0,1.16,16.0,0.7,0.5,0.4,11.68,12.81,14.02,12.85,3.0,1.72,16.0,0.7,0.5,0.4,74.0,78.0,80.2,77.1,3.0,4.6,16.0,0.7,0.4,4.9,7.7,8.79,6.87,3.0,2.94,16.0,0.7,0.5,0.4,-5.95,-5.9,-3.75,-4.88,3.0,1.84,16.0,0.7,0.5,0.4,3.15,4.95,6.43,4.8,3.0,2.41,16.0,0.7,0.5,0.4,1011.3,1014.1,1016.76,1014.03,3.0,4.0,16.0,0.7,0.5,0.4,3.6,5.0,6.4,5.0,3.0,2.0,16.0,0.7,0.5,0.4,-52.4,-45.4,-21.2,-37.0,3.0,24.0,16.0,0.7,0.5,0.4,17.8,38.1,57.3,37.6,3.0,29.0,16.0,0.7,0.5,0.4,-2.94,-1.95,-0.96,-1.95,2.0,2.05,18.0,0.5,0.4,0.4,-22.8,-15.4,-8.1,-15.4,2.0,15.2,18.0,0.5,0.4,0.4,1.03,2.18,3.33,2.18,2.0,2.38,18.0,0.5,0.4,0.4,8.9,19.9,30.9,19.9,2.0,22.7,18.0,0.5,0.4,0.4,-128.6,-126.1,-84.1,-106.8,3.0,36.7,16.0,0.7,0.5,0.4,71.5,108.9,137.2,104.5,3.0,48.2,16.0,0.7,0.5,0.4,-72.7,-66.7,-48.6,-60.8,3.0,18.4,16.0,0.7,0.5,0.4,43.2,63.4,74.4,58.9,3.0,23.2,16.0,0.7,0.5,0.4,-19.9,-13.0,-6.1,-13.0,2.0,14.3,18.0,0.5,0.4,0.4,6.4,15.0,23.6,15.0,2.0,17.7,18.0,0.5,0.4,0.4,177.0,456.5,694.0,436.0,3.0,379.5,16.0,0.7,0.5,0.4,175.0,455.0,695.0,435.0,3.0,380.0,16.0,0.7,0.5,0.4
1974,2,7.0,-25.0,21.13,22.3,22.81,22.04,5.0,0.9,10.0,0.8,0.7,0.7,20.71,21.2,22.83,21.84,5.0,2.09,10.0,0.8,0.7,0.7,11.58,12.15,13.33,12.44,4.0,1.3,6.0,0.8,0.6,0.8,67.6,75.5,85.0,76.0,5.0,11.3,10.0,0.8,0.7,3.73,5.1,8.97,6.16,5.0,3.0,10.0,0.8,0.7,0.7,-6.41,-2.55,0.87,-2.62,5.0,3.91,10.0,0.8,0.7,0.7,3.33,4.42,6.23,4.73,5.0,2.14,10.0,0.8,0.7,0.7,1011.88,1013.95,1015.02,1013.48,4.0,2.16,6.0,0.8,0.6,0.8,4.3,6.0,7.0,5.6,5.0,1.7,10.0,0.8,0.7,0.7,-57.6,-13.0,2.7,-25.1,5.0,33.1,10.0,0.8,0.7,0.7,12.9,22.5,57.1,34.0,5.0,29.7,10.0,0.8,0.7,0.7,-1.64,1.3,1.91,0.2,5.0,2.81,10.0,0.8,0.7,0.7,-5.1,7.1,12.2,3.6,5.0,11.1,10.0,0.8,0.7,0.7,3.06,3.84,4.98,4.01,4.0,1.17,6.0,0.8,0.6,0.8,12.3,18.6,29.8,20.9,4.0,11.6,6.0,0.8,0.6,0.8,-135.3,-54.3,22.1,-53.2,5.0,85.9,10.0,0.8,0.7,0.7,71.1,94.1,131.4,101.0,5.0,42.4,10.0,0.8,0.7,0.7,-54.2,-18.2,15.3,-19.4,4.0,43.3,6.0,0.8,0.6,0.8,36.3,54.1,61.1,48.9,4.0,17.3,6.0,0.8,0.6,0.8,-18.2,-3.7,4.0,-6.9,4.0,15.3,6.0,0.8,0.6,0.8,9.5,17.6,23.0,16.3,4.0,8.1,6.0,0.8,0.6,0.8,54.5,132.5,749.0,375.0,5.0,452.0,10.0,0.8,0.7,0.7,55.0,135.0,750.0,375.0,5.0,450.0,10.0,0.8,0.7,0.7
1974,2,7.0,-24.0,21.0,22.0,23.0,22.23,12.0,1.16,16.0,0.5,0.4,0.7,21.24,22.2,23.1,22.32,13.0,1.11,16.0,0.5,0.5,0.6,11.97,12.66,14.25,13.06,5.0,1.5,12.0,0.4,0.4,0.5,72.1,75.1,84.9,78.0,5.0,7.2,12.0,0.4,0.5,4.19,7.85,10.08,7.63,12.0,3.23,16.0,0.4,0.5,0.6,-6.49,-3.75,0.13,-3.68,12.0,3.58,16.0,0.4,0.5,0.6,2.79,6.32,9.0,5.96,12.0,2.78,16.0,0.4,0.5,0.6,1011.65,1013.8,1014.55,1013.01,13.0,2.07,16.0,0.5,0.5,0.6,5.7,6.5,8.0,6.7,12.0,1.4,16.0,0.5,0.5,0.6,-59.6,-26.7,0.4,-36.5,12.0,42.5,16.0,0.4,0.5,0.6,10.1,47.3,85.8,52.9,12.0,37.8,16.0,0.4,0.5,0.6,-1.0,-0.1,0.8,-0.11,12.0,0.9,16.0,0.5,0.4,0.7,-6.2,-0.9,5.3,-0.9,11.0,6.0,16.0,0.5,0.5,0.7,2.98,3.81,4.13,3.56,4.0,0.94,12.0,0.5,0.3,0.6,12.7,26.7,36.4,24.6,4.0,14.8,12.0,0.5,0.3,0.6,-148.6,-84.8,3.0,-81.0,12.0,78.5,16.0,0.4,0.5,0.6,63.0,136.7,195.6,133.1,12.0,63.4,16.0,0.4,0.5,0.6,-67.3,-45.2,-14.7,-38.7,5.0,45.2,12.0,0.4,0.4,0.5,21.5,69.0,89.2,60.3,5.0,43.0,12.0,0.4,0.4,0.5,-21.7,-15.5,-3.5,-12.7,4.0,13.1,12.0,0.5,0.3,0.6,5.9,15.7,29.5,17.6,4.0,15.1,12.0,0.5,0.3,0.6,79.5,501.0,1023.5,667.5,12.0,745.5,16.0,0.4,0.5,0.6,80.0,500.0,1025.0,670.0,12.0,745.0,16.0,0.4,0.5,0.6
1974,2,7.0,-23.0,21.0,22.0,23.0,21.95,75.0,1.06,12.0,0.5,0.6,0.7,21.08,22.0,24.0,22.49,79.0,1.48,12.0,0.5,0.6,0.7,11.25,12.64,13.71,12.58,54.0,1.23,12.0,0.5,0.6,0.7,68.6,76.0,84.7,76.0,55.0,8.5,12.0,0.5,0.7,4.6,6.2,9.0,6.62,79.0,2.39,12.0,0.5,0.6,0.7,-5.09,-2.96,-0.8,-2.91,79.0,2.18,12.0,0.5,0.6,0.7,3.79,5.8,7.79,5.67,79.0,2.04,12.0,0.5,0.6,0.7,1010.87,1012.2,1014.0,1012.44,75.0,1.63,12.0,0.5,0.6,0.7,3.2,7.0,8.0,6.0,78.0,2.2,12.0,0.5,0.6,0.7,-40.9,-16.7,-2.7,-22.6,79.0,22.9,12.0,0.5,0.6,0.7,16.2,36.0,68.7,42.0,79.0,28.6,12.0,0.5,0.6,0.7,-1.94,0.0,0.82,-0.53,74.0,1.85,12.0,0.5,0.6,0.7,-11.7,0.0,5.0,-2.9,74.0,12.9,12.0,0.5,0.6,0.7,2.48,3.72,5.24,3.73,52.0,1.38,12.0,0.5,0.7,0.7,12.5,23.1,35.2,23.9,52.0,12.1,12.0,0.5,0.7,0.7,-111.8,-66.5,-17.3,-65.2,79.0,48.5,12.0,0.5,0.6,0.7,85.3,126.9,171.5,127.1,79.0,46.3,12.0,0.5,0.6,0.7,-61.1,-34.9,-11.0,-35.2,54.0,26.7,12.0,0.5,0.6,0.7,44.7,68.7,93.2,71.1,54.0,27.1,12.0,0.5,0.6,0.7,-18.3,-8.9,-2.3,-10.5,52.0,8.3,12.0,0.5,0.7,0.7,10.5,21.1,27.2,20.7,52.0,10.5,12.0,0.5,0.7,0.7,97.5,238.5,729.0,405.5,79.0,430.0,12.0,0.5,0.6,0.7,95.0,240.0,730.0,405.0,79.0,430.0,12.0,0.5,0.6,0.7
1974,2,7.0,-22.0,21.9,22.4,23.26,22.41,98.0,0.89,14.0,0.5,0.3,0.6,21.3,22.0,23.03,22.15,101.0,1.03,14.0,0.5,0.3,0.6,11.61,12.7,13.99,12.74,88.0,1.22,14.0,0.5,0.3,0.6,70.1,76.3,86.3,77.1,91.0,7.8,14.0,0.5,0.6,4.6,6.7,9.0,6.83,101.0,2.14,14.0,0.5,0.3,0.6,-5.59,-3.86,-0.8,-3.45,101.0,2.35,14.0,0.5,0.3,0.6,4.04,5.27,7.12,5.54,101.0,1.76,14.0,0.5,0.3,0.6,1011.5,1012.9,1014.63,1012.99,99.0,1.7,14.0,0.5,0.3,0.6,4.0,7.0,8.0,6.3,98.0,2.2,14.0,0.5,0.3,0.6,-49.5,-28.9,-3.6,-27.1,101.0,22.5,14.0,0.5,0.3,0.6,20.7,34.4,65.6,41.2,101.0,24.9,14.0,0.5,0.3,0.6,-0.48,0.4,1.08,0.24,97.0,1.21,14.0,0.5,0.3,0.6,-3.9,2.2,8.0,1.6,96.0,8.8,14.0,0.5,0.3,0.6,2.83,4.13,5.33,4.09,87.0,1.14,14.0,0.5,0.3,0.6,15.8,25.3,40.3,27.4,86.0,12.1,14.0,0.5,0.3,0.6,-126.0,-87.0,-17.0,-76.6,100.0,52.8,14.0,0.5,0.3,0.6,90.8,116.5,159.2,122.9,100.0,39.9,14.0,0.5,0.3,0.6,-70.8,-49.2,-8.0,-42.8,87.0,30.6,14.0,0.5,0.3,0.6,52.7,67.6,86.6,68.3,87.0,18.4,14.0,0.5,0.3,0.6,-26.2,-14.2,-2.0,-13.7,86.0,11.3,14.0,0.5,0.3,0.6,12.6,20.0,31.3,22.1,86.0,9.7,14.0,0.5,0.3,0.6,97.5,301.0,729.0,413.0,101.0,367.5,14.0,0.5,0.3,0.6,95.0,300.0,730.0,415.0,101.0,365.0,14.0,0.5,0.3,0.6
1974,2,7.0,-21.0,22.0,22.5,22.95,22.51,23.0,0.55,14.0,0.3,0.2,0.4,21.4,22.0,22.55,21.98,23.0,0.59,14.0,0.3,0.2,0.4,12.14,13.57,14.02,13.23,20.0,1.06,16.0,0.3,0.2,0.4,72.0,83.1,87.3,80.7,20.0,7.4,16.0,0.3,0.4,4.6,6.7,9.01,6.78,23.0,1.78,14.0,0.3,0.2,0.4,-5.14,-3.99,-0.39,-3.29,23.0,2.1,14.0,0.3,0.2,0.4,3.98,5.13,7.86,5.52,23.0,1.89,14.0,0.3,0.2,0.4,1010.45,1012.2,1013.71,1012.24,23.0,1.99,14.0,0.3,0.2,0.4,6.0,8.0,8.0,7.1,22.0,1.3,14.0,0.2,0.2,0.3,-42.2,-24.7,-1.8,-23.9,23.0,18.6,14.0,0.3,0.2,0.4,19.6,33.3,67.2,40.2,23.0,22.5,14.0,0.3,0.2,0.4,0.05,0.4,1.05,0.53,23.0,0.66,14.0,0.3,0.2,0.4,0.2,2.8,7.6,3.9,23.0,5.8,14.0,0.3,0.2,0.4,2.98,3.24,4.88,3.74,20.0,1.18,16.0,0.3,0.2,0.4,14.5,24.6,29.9,24.4,20.0,9.0,16.0,0.3,0.2,0.4,-112.1,-87.7,-8.4,-72.4,23.0,46.1,14.0,0.3,0.2,0.4,89.2,116.0,170.7,121.3,23.0,41.4,14.0,0.3,0.2,0.4,-63.5,-44.0,-0.2,-39.1,20.0,26.6,16.0,0.3,0.2,0.4,51.5,67.6,109.7,72.4,20.0,28.1,16.0,0.3,0.2,0.4,-21.0,-12.2,0.0,-11.9,20.0,9.2,16.0,0.3,0.2,0.4,12.8,19.5,25.9,19.7,20.0,8.0,16.0,0.3,0.2,0.4,97.5,301.0,732.5,374.5,23.0,278.0,14.0,0.3,0.2,0.4,95.0,300.0,735.0,375.0,23.0,280.0,14.0,0.3,0.2,0.4
1974,2,7.0,-20.0,22.1,22.3,22.5,22.3,2.0,0.42,14.0,0.5,0.1,0.4,22.16,22.5,22.84,22.5,2.0,0.71,14.0,0.5,0.1,0.4,15.17,15.28,15.39,15.28,2.0,0.22,14.0,0.5,0.1,0.4,89.0,90.1,91.3,90.1,2.0,2.3,14.0,0.5,0.4,7.7,7.7,7.7,7.7,1.0,0.0,14.0,0.0,0.0,0.1,-4.95,-4.95,-4.95,-4.95,1.0,0.0,14.0,0.0,0.0,0.1,5.9,5.9,5.9,5.9,1.0,0.0,14.0,0.0,0.0,0.1,1011.97,1013.4,1014.83,1013.4,2.0,2.97,14.0,0.5,0.1,0.4,8.0,8.0,8.0,8.0,2.0,0.0,14.0,0.5,0.1,0.4,-38.1,-38.1,-38.1,-38.1,1.0,0.0,14.0,0.0,0.0,0.1,45.4,45.4,45.4,45.4,1.0,0.0,14.0,0.0,0.0,0.1,-0.34,-0.2,-0.06,-0.2,2.0,0.28,14.0,0.5,0.1,0.4,-3.1,-3.1,-3.1,-3.1,1.0,0.0,14.0,0.0,0.0,0.1,1.41,1.49,1.57,1.49,2.0,0.16,14.0,0.5,0.1,0.4,12.3,12.3,12.3,12.3,1.0,0.0,14.0,0.0,0.0,0.1,-113.8,-113.8,-113.8,-113.8,1.0,0.0,14.0,0.0,0.0,0.1,135.7,135.7,135.7,135.7,1.0,0.0,14.0,0.0,0.0,0.1,-76.4,-76.4,-76.4,-76.4,1.0,0.0,14.0,0.0,0.0,0.1,91.1,91.1,91.1,91.1,1.0,0.0,14.0,0.0,0.0,0.1,-7.9,-7.9,-7.9,-7.9,1.0,0.0,14.0,0.0,0.0,0.1,9.5,9.5,9.5,9.5,1.0,0.0,14.0,0.0,0.0,0.1,456.5,456.5,456.5,456.5,1.0,0.0,14.0,0.0,0.0,0.1,455.0,455.0,455.0,455.0,1.0,0.0,14.0,0.0,0.0,0.1
1974,2,7.0,-19.0,23.9,23.9,23.9,23.9,1.0,0.0,10.0,1.0,0.5,1.0,21.2,21.2,21.2,21.2,1.0,0.0,10.0,1.0,0.5,1.0,11.23,11.23,11.23,11.23,1.0,0.0,10.0,1.0,0.5,1.0,71.7,71.7,71.7,71.7,1.0,0.0,10.0,1.0,1.0,8.7,8.7,8.7,8.7,1.0,0.0,10.0,1.0,0.5,1.0,-5.59,-5.59,-5.59,-5.59,1.0,0.0,10.0,1.0,0.5,1.0,6.66,6.66,6.66,6.66,1.0,0.0,10.0,1.0,0.5,1.0,1011.1,1011.1,1011.1,1011.1,1.0,0.0,10.0,1.0,0.5,1.0,6.0,6.0,6.0,6.0,1.0,0.0,10.0,1.0,0.5,1.0,-48.7,-48.7,-48.7,-48.7,1.0,0.0,10.0,1.0,0.5,1.0,58.0,58.0,58.0,58.0,1.0,0.0,10.0,1.0,0.5,1.0,2.7,2.7,2.7,2.7,1.0,0.0,10.0,1.0,0.5,1.0,23.5,23.5,23.5,23.5,1.0,0.0,10.0,1.0,0.5,1.0,7.3,7.3,7.3,7.3,1.0,0.0,10.0,1.0,0.5,1.0,63.5,63.5,63.5,63.5,1.0,0.0,10.0,1.0,0.5,1.0,-118.6,-118.6,-118.6,-118.6,1.0,0.0,10.0,1.0,0.5,1.0,141.3,141.3,141.3,141.3,1.0,0.0,10.0,1.0,0.5,1.0,-62.8,-62.8,-62.8,-62.8,1.0,0.0,10.0,1.0,0.5,1.0,74.9,74.9,74.9,74.9,1.0,0.0,10.0,1.0,0.5,1.0,-40.8,-40.8,-40.8,-40.8,1.0,0.0,10.0,1.0,0.5,1.0,48.7,48.7,48.7,48.7,1.0,0.0,10.0,1.0,0.5,1.0,658.5,658.5,658.5,658.5,1.0,0.0,10.0,1.0,0.5,1.0,660.0,660.0,660.0,660.0,1.0,0.0,10.0,1.0,0.5,1.0
1974,2,7.0,-18.0,23.14,23.45,23.76,23.45,2.0,0.64,12.0,0.0,0.6,0.6,21.58,21.75,21.92,21.75,2.0,0.35,12.0,0.0,0.6,0.6,11.44,11.44,11.44,11.44,1.0,0.0,10.0,0.0,0.4,0.1,71.8,71.8,71.8,71.8,1.0,0.0,10.0,0.0,0.1,8.7,8.7,8.7,8.7,1.0,0.0,10.0,0.0,0.4,0.1,-5.59,-5.59,-5.59,-5.59,1.0,0.0,10.0,0.0,0.4,0.1,6.66,6.66,6.66,6.66,1.0,0.0,10.0,0.0,0.4,0.1,1013.45,1015.7,1017.95,1015.7,2.0,4.67,12.0,0.0,0.6,0.6,7.0,7.0,7.0,7.0,1.0,0.0,10.0,0.0,0.4,0.1,-48.7,-48.7,-48.7,-48.7,1.0,0.0,10.0,0.0,0.4,0.1,58.0,58.0,58.0,58.0,1.0,0.0,10.0,0.0,0.4,0.1,1.22,1.7,2.18,1.7,2.0,0.99,12.0,0.0,0.6,0.6,20.9,20.9,20.9,20.9,1.0,0.0,10.0,0.0,0.4,0.1,7.07,7.07,7.07,7.07,1.0,0.0,10.0,0.0,0.4,0.1,61.5,61.5,61.5,61.5,1.0,0.0,10.0,0.0,0.4,0.1,-120.2,-120.2,-120.2,-120.2,1.0,0.0,10.0,0.0,0.4,0.1,143.3,143.3,143.3,143.3,1.0,0.0,10.0,0.0,0.4,0.1,-64.0,-64.0,-64.0,-64.0,1.0,0.0,10.0,0.0,0.4,0.1,76.2,76.2,76.2,76.2,1.0,0.0,10.0,0.0,0.4,0.1,-39.6,-39.6,-39.6,-39.6,1.0,0.0,10.0,0.0,0.4,0.1,47.1,47.1,47.1,47.1,1.0,0.0,10.0,0.0,0.4,0.1,658.5,658.5,658.5,658.5,1.0,0.0,10.0,0.0,0.4,0.1,660.0,660.0,660.0,660.0,1.0,0.0,10.0,0.0,0.4,0.1
1974,2,7.0,-17.0,23.32,24.0,24.68,24.0,2.0,1.41,18.0,0.5,0.6,0.8,23.7,25.2,26.57,25.13,3.0,2.1,18.0,0.7,0.6,0.8,16.23,17.2,18.16,17.2,2.0,1.99,16.0,1.0,0.8,0.9,79.6,80.8,82.1,80.8,2.0,2.6,16.0,1.0,0.9,3.23,4.6,4.87,4.07,3.0,1.29,18.0,0.7,0.6,0.8,-1.14,0.0,1.57,0.21,3.0,1.99,18.0,0.7,0.6,0.8,2.62,3.98,4.68,3.66,3.0,1.53,18.0,0.7,0.6,0.8,1012.25,1013.0,1013.27,1012.77,3.0,0.78,18.0,0.7,0.6,0.8,5.5,6.5,7.5,6.5,2.0,2.1,16.0,1.0,0.8,0.9,-3.0,0.0,7.2,2.1,3.0,7.7,18.0,0.7,0.6,0.8,9.4,18.3,22.9,16.2,3.0,10.1,18.0,0.7,0.6,0.8,-1.85,-1.1,-0.35,-1.1,2.0,1.56,18.0,0.5,0.6,0.8,-4.8,-2.9,-0.9,-2.9,2.0,4.0,18.0,0.5,0.6,0.8,1.16,1.16,1.16,1.16,1.0,0.0,16.0,1.0,0.9,0.7,3.0,3.0,3.0,3.0,1.0,0.0,16.0,1.0,0.9,0.7,-31.0,0.0,39.6,4.2,3.0,51.8,18.0,0.7,0.6,0.8,68.8,100.4,110.4,89.9,3.0,31.8,18.0,0.7,0.6,0.8,-20.4,2.6,25.6,2.6,2.0,47.7,16.0,1.0,0.8,0.9,41.2,50.0,58.8,50.0,2.0,18.3,16.0,1.0,0.8,0.9,-1.9,-1.9,-1.9,-1.9,1.0,0.0,16.0,1.0,0.9,0.7,2.3,2.3,2.3,2.3,1.0,0.0,16.0,1.0,0.9,0.7,43.0,97.5,116.0,80.0,3.0,56.0,18.0,0.7,0.6,0.8,45.0,95.0,115.0,80.0,3.0,55.0,18.0,0.7,0.6,0.8
1974,2,7.0,-16.0,23.86,25.1,25.33,24.36,7.0,1.64,12.0,0.4,0.3,0.4,24.96,25.0,26.57,25.54,7.0,1.28,12.0,0.4,0.3,0.4,15.65,17.09,18.53,17.09,2.0,2.98,16.0,0.5,0.1,0.4,81.3,84.3,87.4,84.3,2.0,6.3,16.0,0.5,0.4,1.32,2.6,8.0,4.22,5.0,3.5,14.0,0.6,0.1,0.4,-3.09,-0.51,0.0,-1.41,5.0,1.79,14.0,0.6,0.1,0.4,0.8,1.41,7.32,3.56,5.0,3.6,14.0,0.6,0.1,0.4,1009.38,1012.5,1014.23,1012.03,7.0,2.29,12.0,0.4,0.3,0.4,4.6,7.0,7.4,6.2,5.0,1.6,10.0,0.4,0.2,0.4,-15.9,-0.8,0.0,-7.9,5.0,13.8,14.0,0.6,0.1,0.4,1.1,2.1,58.6,24.7,5.0,32.1,14.0,0.6,0.1,0.4,-1.67,-0.2,0.24,-1.19,7.0,2.68,12.0,0.4,0.3,0.4,-4.9,-0.3,3.4,-0.4,5.0,5.6,14.0,0.6,0.1,0.4,1.17,2.16,3.14,2.16,2.0,2.05,16.0,0.5,0.1,0.4,2.4,3.6,4.8,3.6,2.0,2.5,16.0,0.5,0.1,0.4,-79.6,-12.4,0.0,-36.1,5.0,45.4,14.0,0.6,0.1,0.4,22.1,34.1,183.0,89.5,5.0,89.6,14.0,0.6,0.1,0.4,-42.6,-28.4,-14.3,-28.4,2.0,29.3,16.0,0.5,0.1,0.4,10.6,14.9,19.1,14.9,2.0,8.8,16.0,0.5,0.1,0.4,-1.8,-1.8,-1.8,-1.8,2.0,0.0,16.0,0.5,0.1,0.4,1.1,2.7,4.3,2.7,2.0,3.4,16.0,0.5,0.1,0.4,2.5,17.5,512.0,209.0,5.0,276.5,14.0,0.6,0.1,0.4,5.0,20.0,510.0,210.0,5.0,275.0,14.0,0.6,0.1,0.4
1974,2,7.0,-15.0,24.0,24.0,24.0,24.0,1.0,0.0,2.0,1.0,0.0,0.1,25.09,26.35,27.61,26.35,2.0,2.62,4.0,0.5,0.4,0.2,14.53,14.53,14.53,14.53,1.0,0.0,2.0,1.0,0.0,0.1,76.0,76.0,76.0,76.0,1.0,0.0,2.0,1.0,0.1,3.3,4.8,6.3,4.8,2.0,3.11,4.0,0.5,0.4,0.2,-1.09,-0.83,-0.57,-0.83,2.0,0.54,4.0,0.5,0.4,0.2,3.25,4.73,6.21,4.73,2.0,3.06,4.0,0.5,0.4,0.2,1013.7,1013.7,1013.7,1013.7,1.0,0.0,2.0,1.0,0.0,0.1,2.6,4.0,5.4,4.0,2.0,2.8,4.0,0.5,0.4,0.2,-7.3,-4.8,-2.3,-4.8,2.0,5.2,4.0,0.5,0.4,0.2,13.3,27.5,41.7,27.5,2.0,29.4,4.0,0.5,0.4,0.2,-0.5,-0.5,-0.5,-0.5,1.0,0.0,2.0,1.0,0.0,0.1,-1.3,-1.3,-1.3,-1.3,1.0,0.0,2.0,1.0,0.0,0.1,4.07,4.07,4.07,4.07,1.0,0.0,2.0,1.0,0.0,0.1,10.6,10.6,10.6,10.6,1.0,0.0,2.0,1.0,0.0,0.1,-30.6,-22.7,-14.7,-22.7,2.0,16.4,4.0,0.5,0.4,0.2,83.6,128.6,173.5,128.6,2.0,93.1,4.0,0.5,0.4,0.2,-6.6,-6.6,-6.6,-6.6,1.0,0.0,2.0,1.0,0.0,0.1,37.2,37.2,37.2,37.2,1.0,0.0,2.0,1.0,0.0,0.1,-1.8,-1.8,-1.8,-1.8,1.0,0.0,2.0,1.0,0.0,0.1,10.4,10.4,10.4,10.4,1.0,0.0,2.0,1.0,0.0,0.1,69.0,180.5,291.5,180.5,2.0,230.0,4.0,0.5,0.4,0.2,70.0,180.0,290.0,180.0,2.0,230.0,4.0,0.5,0.4,0.2
1974,2,7.0,-8.0,27.38,27.8,28.77,28.04,5.0,0.91,12.0,0.8,0.3,0.5,26.16,26.5,27.88,27.04,5.0,1.36,12.0,0.8,0.3,0.5,17.47,17.52,17.59,17.53,4.0,0.07,12.0,0.8,0.3,0.6,72.9,79.7,81.9,77.5,4.0,6.5,12.0,0.8,0.6,2.92,3.1,6.32,4.54,5.0,2.76,12.0,0.8,0.3,0.5,-0.16,0.0,0.39,0.12,5.0,0.56,12.0,0.8,0.3,0.5,2.78,3.1,6.32,4.49,5.0,2.8,12.0,0.8,0.3,0.5,1006.84,1008.9,1009.67,1008.24,5.0,1.96,12.0,0.8,0.3,0.5,2.6,6.0,7.4,5.2,5.0,2.6,12.0,0.8,0.3,0.5,-0.4,0.0,1.2,0.4,5.0,1.7,12.0,0.8,0.3,0.5,8.2,9.6,45.0,26.6,5.0,34.0,12.0,0.8,0.3,0.5,0.51,0.9,1.58,1.0,5.0,0.71,12.0,0.8,0.3,0.5,1.8,3.6,6.5,4.0,5.0,2.9,12.0,0.8,0.3,0.5,5.8,6.38,7.58,6.68,4.0,1.2,12.0,0.8,0.3,0.6,17.6,29.6,47.5,32.4,4.0,18.6,12.0,0.8,0.3,0.6,-4.3,0.0,10.1,3.2,5.0,14.6,12.0,0.8,0.3,0.5,72.8,82.2,177.6,122.3,5.0,76.7,12.0,0.8,0.3,0.5,-4.2,0.0,0.0,-2.0,4.0,4.0,12.0,0.8,0.3,0.6,49.5,67.4,123.4,85.6,4.0,53.4,12.0,0.8,0.3,0.6,-1.3,0.0,0.0,-0.6,4.0,1.3,12.0,0.8,0.3,0.6,17.5,29.6,47.5,32.4,4.0,18.6,12.0,0.8,0.3,0.6,25.5,30.0,355.5,196.0,5.0,341.5,12.0,0.8,0.3,0.5,25.0,30.0,355.0,195.0,5.0,340.0,12.0,0.8,0.3,0.5
1974,2,7.0,-7.0,27.41,28.3,28.44,27.93,3.0,0.81,16.0,0.7,0.7,0.2,28.12,28.6,29.15,28.63,3.0,0.75,16.0,0.7,0.7,0.2,18.55,18.65,20.23,19.38,3.0,1.38,16.0,0.7,0.7,0.2,76.9,78.4,80.5,78.7,3.0,2.7,16.0,0.7,0.2,3.68,3.85,4.02,3.85,2.0,0.35,14.0,0.5,0.6,0.3,-1.72,-1.02,-0.33,-1.02,2.0,1.45,14.0,0.5,0.6,0.3,3.56,3.58,3.59,3.58,2.0,0.03,14.0,0.5,0.6,0.3,1007.13,1008.5,1010.27,1008.7,3.0,2.31,16.0,0.7,0.7,0.2,2.0,4.0,4.7,3.3,3.0,2.1,16.0,0.7,0.7,0.2,-7.1,-4.2,-1.3,-4.2,2.0,5.9,14.0,0.5,0.6,0.3,13.2,13.8,14.3,13.8,2.0,1.1,14.0,0.5,0.6,0.3,-1.44,-1.1,0.06,-0.7,3.0,1.15,16.0,0.7,0.7,0.2,-3.5,-1.2,1.1,-1.2,2.0,4.7,14.0,0.5,0.6,0.3,3.37,3.69,5.29,4.31,3.0,1.5,16.0,0.7,0.7,0.2,14.6,17.5,20.3,17.5,2.0,6.0,14.0,0.5,0.6,0.3,-50.7,-30.1,-9.6,-30.1,2.0,42.6,14.0,0.5,0.6,0.3,101.1,102.4,103.8,102.4,2.0,2.8,14.0,0.5,0.6,0.3,-36.2,-21.5,-6.8,-21.5,2.0,30.4,14.0,0.5,0.6,0.3,67.9,70.5,73.2,70.5,2.0,5.5,14.0,0.5,0.6,0.3,-5.6,-3.3,-1.0,-3.3,2.0,4.7,14.0,0.5,0.6,0.3,13.1,16.6,20.1,16.6,2.0,7.2,14.0,0.5,0.6,0.3,50.0,58.0,65.5,58.0,2.0,15.5,14.0,0.5,0.6,0.3,50.0,60.0,65.0,60.0,2.0,15.0,14.0,0.5,0.6,0.3
1974,2,7.0,-6.0,28.1,28.3,28.3,28.2,3.0,0.17,12.0,0.3,0.1,0.7,26.44,27.4,28.9,27.67,3.0,1.81,12.0,0.3,0.1,0.7,17.36,17.58,18.41,17.88,3.0,0.81,12.0,0.3,0.1,0.7,73.4,75.5,81.0,77.1,3.0,5.8,12.0,0.3,0.7,3.6,3.6,5.72,4.63,3.0,1.79,12.0,0.3,0.1,0.7,0.63,0.63,3.7,2.13,3.0,2.6,12.0,0.3,0.1,0.7,3.55,3.55,4.07,3.8,3.0,0.44,12.0,0.3,0.1,0.7,1008.9,1009.1,1009.1,1009.0,3.0,0.17,12.0,0.3,0.1,0.7,2.6,4.0,6.7,4.7,3.0,3.1,12.0,0.3,0.1,0.7,2.3,2.3,24.2,13.0,3.0,18.6,12.0,0.3,0.1,0.7,12.8,12.8,23.7,18.1,3.0,9.3,12.0,0.3,0.1,0.7,-0.6,0.9,1.65,0.53,3.0,1.68,12.0,0.3,0.1,0.7,-2.2,3.2,10.2,4.0,3.0,9.1,12.0,0.3,0.1,0.7,5.64,6.18,6.69,6.16,3.0,0.77,12.0,0.3,0.1,0.7,21.1,24.9,36.2,28.6,3.0,11.5,12.0,0.3,0.1,0.7,17.6,18.5,97.0,56.4,3.0,66.8,12.0,0.3,0.1,0.7,99.6,104.9,109.7,104.7,3.0,7.4,12.0,0.3,0.1,0.7,11.1,11.8,65.3,37.6,3.0,45.6,12.0,0.3,0.1,0.7,62.9,66.6,72.8,67.9,3.0,7.3,12.0,0.3,0.1,0.7,3.7,4.3,23.0,13.1,3.0,16.1,12.0,0.3,0.1,0.7,20.8,24.5,26.0,23.4,3.0,3.9,12.0,0.3,0.1,0.7,46.5,46.5,220.0,131.5,3.0,146.5,12.0,0.3,0.1,0.7,45.0,45.0,220.0,130.0,3.0,145.0,12.0,0.3,0.1,0.7
1974,2,7.0,-4.0,29.0,29.0,29.0,29.0,1.0,0.0,22.0,1.0,0.1,0.7,27.32,28.0,28.68,28.0,2.0,1.41,22.0,1.0,0.2,0.6,19.88,19.88,19.88,19.88,1.0,0.0,22.0,1.0,0.2,0.5,79.0,79.0,79.0,79.0,1.0,0.0,22.0,1.0,0.5,1.17,1.55,1.93,1.55,2.0,0.78,22.0,1.0,0.2,0.6,-0.43,0.04,0.5,0.04,2.0,0.96,22.0,1.0,0.2,0.6,0.96,1.37,1.78,1.37,2.0,0.85,22.0,1.0,0.2,0.6,1008.21,1009.75,1011.29,1009.75,2.0,3.18,22.0,1.0,0.2,0.6,3.2,3.5,3.8,3.5,2.0,0.7,22.0,1.0,0.2,0.6,-0.3,0.4,1.2,0.4,2.0,1.5,22.0,1.0,0.2,0.6,1.3,2.5,3.6,2.5,2.0,2.4,22.0,1.0,0.2,0.6,,,,,,,,,,,,,,,,,,,,,,,,,,,,,,,,,,,,,,,,,-11.3,1.7,14.8,1.7,2.0,27.0,22.0,1.0,0.2,0.6,26.5,39.0,51.4,39.0,2.0,25.8,22.0,1.0,0.2,0.6,14.3,14.3,14.3,14.3,1.0,0.0,22.0,1.0,0.2,0.5,39.2,39.2,39.2,39.2,1.0,0.0,22.0,1.0,0.2,0.5,,,,,,,,,,,,,,,,,,,,,,,,,,,,,,,,,,,,,,,,
1974,2,7.0,-3.0,26.92,26.95,26.98,26.95,2.0,0.07,16.0,1.0,0.7,0.6,26.24,26.55,26.86,26.55,2.0,0.64,16.0,1.0,0.7,0.6,18.17,19.9,21.63,19.9,2.0,3.59,16.0,1.0,0.7,0.6,84.9,91.0,97.2,91.0,2.0,12.7,16.0,1.0,0.6,0.65,2.05,3.45,2.05,2.0,2.9,16.0,1.0,0.7,0.6,-2.64,-1.57,-0.5,-1.57,2.0,2.22,16.0,1.0,0.7,0.6,0.42,1.32,2.22,1.32,2.0,1.86,16.0,1.0,0.7,0.6,1007.18,1008.0,1008.82,1008.0,2.0,1.7,16.0,1.0,0.7,0.6,6.2,6.5,6.8,6.5,2.0,0.7,16.0,1.0,0.7,0.6,-10.8,-6.4,-2.0,-6.4,2.0,9.1,16.0,1.0,0.7,0.6,1.7,5.4,9.1,5.4,2.0,7.6,16.0,1.0,0.7,0.6,0.13,0.4,0.67,0.4,2.0,0.57,16.0,1.0,0.7,0.6,0.5,1.6,2.8,1.6,2.0,2.3,16.0,1.0,0.7,0.6,0.78,2.44,4.11,2.44,2.0,3.46,16.0,1.0,0.7,0.6,3.2,10.0,16.9,10.0,2.0,14.2,16.0,1.0,0.7,0.6,-69.0,-41.0,-13.0,-41.0,2.0,58.0,16.0,1.0,0.7,0.6,10.9,34.4,57.9,34.4,2.0,48.6,16.0,1.0,0.7,0.6,-45.9,-27.3,-8.7,-27.3,2.0,38.6,16.0,1.0,0.7,0.6,7.3,22.9,38.5,22.9,2.0,32.4,16.0,1.0,0.7,0.6,-12.9,-7.7,-2.4,-7.7,2.0,10.9,16.0,1.0,0.7,0.6,2.0,6.4,10.8,6.4,2.0,9.1,16.0,1.0,0.7,0.6,11.0,34.5,58.0,34.5,2.0,48.5,16.0,1.0,0.7,0.6,10.0,35.0,60.0,35.0,2.0,50.0,16.0,1.0,0.7,0.6
1974,2,7.0,-1.0,26.8,26.8,26.8,26.8,1.0,0.0,26.0,1.0,0.6,0.5,26.7,26.7,26.7,26.7,1.0,0.0,26.0,1.0,0.6,0.5,18.92,18.92,18.92,18.92,1.0,0.0,26.0,1.0,0.6,0.5,86.2,86.2,86.2,86.2,1.0,0.0,26.0,1.0,0.5,3.6,3.6,3.6,3.6,1.0,0.0,26.0,1.0,0.6,0.5,3.12,3.12,3.12,3.12,1.0,0.0,26.0,1.0,0.6,0.5,1.8,1.8,1.8,1.8,1.0,0.0,26.0,1.0,0.6,0.5,1008.7,1008.7,1008.7,1008.7,1.0,0.0,26.0,1.0,0.6,0.5,6.0,6.0,6.0,6.0,1.0,0.0,26.0,1.0,0.6,0.5,11.2,11.2,11.2,11.2,1.0,0.0,26.0,1.0,0.6,0.5,6.5,6.5,6.5,6.5,1.0,0.0,26.0,1.0,0.6,0.5,0.1,0.1,0.1,0.1,1.0,0.0,26.0,1.0,0.6,0.5,0.4,0.4,0.4,0.4,1.0,0.0,26.0,1.0,0.6,0.5,3.21,3.21,3.21,3.21,1.0,0.0,26.0,1.0,0.6,0.5,11.5,11.5,11.5,11.5,1.0,0.0,26.0,1.0,0.6,0.5,83.2,83.2,83.2,83.2,1.0,0.0,26.0,1.0,0.6,0.5,48.1,48.1,48.1,48.1,1.0,0.0,26.0,1.0,0.6,0.5,59.0,59.0,59.0,59.0,1.0,0.0,26.0,1.0,0.6,0.5,34.1,34.1,34.1,34.1,1.0,0.0,26.0,1.0,0.6,0.5,10.0,10.0,10.0,10.0,1.0,0.0,26.0,1.0,0.6,0.5,5.8,5.8,5.8,5.8,1.0,0.0,26.0,1.0,0.6,0.5,46.5,46.5,46.5,46.5,1.0,0.0,26.0,1.0,0.6,0.5,45.0,45.0,45.0,45.0,1.0,0.0,26.0,1.0,0.6,0.5
1974,2,7.0,0.0,28.5,28.5,28.5,28.5,1.0,0.0,26.0,1.0,0.7,0.6,31.2,31.2,31.2,31.2,1.0,0.0,26.0,1.0,0.7,0.6,23.16,23.16,23.16,23.16,1.0,0.0,26.0,1.0,0.7,0.6,81.2,81.2,81.2,81.2,1.0,0.0,26.0,1.0,0.6,3.1,3.1,3.1,3.1,1.0,0.0,26.0,1.0,0.7,0.6,1.55,1.55,1.55,1.55,1.0,0.0,26.0,1.0,0.7,0.6,2.68,2.68,2.68,2.68,1.0,0.0,26.0,1.0,0.7,0.6,1010.8,1010.8,1010.8,1010.8,1.0,0.0,26.0,1.0,0.7,0.6,8.0,8.0,8.0,8.0,1.0,0.0,26.0,1.0,0.7,0.6,4.8,4.8,4.8,4.8,1.0,0.0,26.0,1.0,0.7,0.6,8.3,8.3,8.3,8.3,1.0,0.0,26.0,1.0,0.7,0.6,-2.7,-2.7,-2.7,-2.7,1.0,0.0,26.0,1.0,0.7,0.6,-8.4,-8.4,-8.4,-8.4,1.0,0.0,26.0,1.0,0.7,0.6,1.27,1.27,1.27,1.27,1.0,0.0,26.0,1.0,0.7,0.6,3.9,3.9,3.9,3.9,1.0,0.0,26.0,1.0,0.7,0.6,48.4,48.4,48.4,48.4,1.0,0.0,26.0,1.0,0.7,0.6,83.8,83.8,83.8,83.8,1.0,0.0,26.0,1.0,0.7,0.6,35.9,35.9,35.9,35.9,1.0,0.0,26.0,1.0,0.7,0.6,62.2,62.2,62.2,62.2,1.0,0.0,26.0,1.0,0.7,0.6,2.0,2.0,2.0,2.0,1.0,0.0,26.0,1.0,0.7,0.6,3.4,3.4,3.4,3.4,1.0,0.0,26.0,1.0,0.7,0.6,30.0,30.0,30.0,30.0,1.0,0.0,26.0,1.0,0.7,0.6,30.0,30.0,30.0,30.0,1.0,0.0,26.0,1.0,0.7,0.6
1974,2,7.0,1.0,,,,,,,,,,,,,,,,,,,,,,,,,,,,,,,,,,,,,,,,,,,,,,,,,,,,,,,,,,,,,,,,,,,,,,,,,,,,,,,,8.0,8.0,8.0,8.0,1.0,0.0,28.0,1.0,0.0,0.1,0.1,0.1,0.1,0.1,1.0,0.0,28.0,1.0,0.0,0.1,-0.2,-0.2,-0.2,-0.2,1.0,0.0,28.0,1.0,0.0,0.1,,,,,,,,,,,,,,,,,,,,,,,,,,,,,,,,,,,,,,,,,,,,,,,,,,,,,,,,,,,,,,,,,,,,,,,,,,,,,,,,,,,,,,,,,,,,,,,,,,,,,,,,,,,,,,,,,,,,,,,,
1974,2,7.0,2.0,28.5,28.5,28.5,28.5,1.0,0.0,8.0,0.0,0.7,0.9,28.5,28.5,28.5,28.5,1.0,0.0,8.0,0.0,0.7,0.9,21.09,21.09,21.09,21.09,1.0,0.0,8.0,0.0,0.7,0.9,86.4,86.4,86.4,86.4,1.0,0.0,8.0,0.0,0.9,6.2,6.2,6.2,6.2,1.0,0.0,8.0,0.0,0.7,0.9,3.99,3.99,3.99,3.99,1.0,0.0,8.0,0.0,0.7,0.9,4.75,4.75,4.75,4.75,1.0,0.0,8.0,0.0,0.7,0.9,1009.0,1009.0,1009.0,1009.0,1.0,0.0,8.0,0.0,0.7,0.9,6.0,6.0,6.0,6.0,1.0,0.0,8.0,0.0,0.7,0.9,24.7,24.7,24.7,24.7,1.0,0.0,8.0,0.0,0.7,0.9,29.4,29.4,29.4,29.4,1.0,0.0,8.0,0.0,0.7,0.9,0.0,0.0,0.0,0.0,1.0,0.0,8.0,0.0,0.7,0.9,0.0,0.0,0.0,0.0,1.0,0.0,8.0,0.0,0.7,0.9,3.38,3.38,3.38,3.38,1.0,0.0,8.0,0.0,0.7,0.9,21.0,21.0,21.0,21.0,1.0,0.0,8.0,0.0,0.7,0.9,113.6,113.6,113.6,113.6,1.0,0.0,8.0,0.0,0.7,0.9,135.4,135.4,135.4,135.4,1.0,0.0,8.0,0.0,0.7,0.9,84.0,84.0,84.0,84.0,1.0,0.0,8.0,0.0,0.7,0.9,100.2,100.2,100.2,100.2,1.0,0.0,8.0,0.0,0.7,0.9,13.5,13.5,13.5,13.5,1.0,0.0,8.0,0.0,0.7,0.9,16.1,16.1,16.1,16.1,1.0,0.0,8.0,0.0,0.7,0.9,238.5,238.5,238.5,238.5,1.0,0.0,8.0,0.0,0.7,0.9,240.0,240.0,240.0,240.0,1.0,0.0,8.0,0.0,0.7,0.9
1974,2,7.0,3.0,28.66,28.8,28.94,28.8,2.0,0.28,14.0,0.5,0.2,0.6,27.75,27.85,27.95,27.85,2.0,0.21,14.0,0.5,0.2,0.6,19.18,19.18,19.18,19.18,1.0,0.0,12.0,1.0,0.2,0.7,82.2,82.2,82.2,82.2,1.0,0.0,12.0,1.0,0.7,2.6,2.6,2.6,2.6,1.0,0.0,12.0,1.0,0.2,0.7,1.3,1.3,1.3,1.3,1.0,0.0,12.0,1.0,0.2,0.7,2.25,2.25,2.25,2.25,1.0,0.0,12.0,1.0,0.2,0.7,1008.11,1009.65,1011.19,1009.65,2.0,3.18,14.0,0.5,0.2,0.6,5.3,6.0,6.7,6.0,2.0,1.4,14.0,0.5,0.2,0.6,3.4,3.4,3.4,3.4,1.0,0.0,12.0,1.0,0.2,0.7,5.9,5.9,5.9,5.9,1.0,0.0,12.0,1.0,0.2,0.7,0.92,0.95,0.98,0.95,2.0,0.07,14.0,0.5,0.2,0.6,2.3,2.3,2.3,2.3,1.0,0.0,12.0,1.0,0.2,0.7,5.48,5.48,5.48,5.48,1.0,0.0,12.0,1.0,0.2,0.7,14.2,14.2,14.2,14.2,1.0,0.0,12.0,1.0,0.2,0.7,36.0,36.0,36.0,36.0,1.0,0.0,12.0,1.0,0.2,0.7,62.4,62.4,62.4,62.4,1.0,0.0,12.0,1.0,0.2,0.7,24.9,24.9,24.9,24.9,1.0,0.0,12.0,1.0,0.2,0.7,43.2,43.2,43.2,43.2,1.0,0.0,12.0,1.0,0.2,0.7,7.1,7.1,7.1,7.1,1.0,0.0,12.0,1.0,0.2,0.7,12.3,12.3,12.3,12.3,1.0,0.0,12.0,1.0,0.2,0.7,17.5,17.5,17.5,17.5,1.0,0.0,12.0,1.0,0.2,0.7,20.0,20.0,20.0,20.0,1.0,0.0,12.0,1.0,0.2,0.7
1974,2,7.0,4.0,28.6,28.6,28.6,28.6,1.0,0.0,8.0,1.0,0.0,0.2,29.0,29.0,29.0,29.0,1.0,0.0,8.0,1.0,0.0,0.2,19.9,19.9,19.9,19.9,1.0,0.0,8.0,1.0,0.0,0.2,79.0,79.0,79.0,79.0,1.0,0.0,8.0,1.0,0.2,5.1,5.1,5.1,5.1,1.0,0.0,8.0,1.0,0.0,0.2,3.28,3.28,3.28,3.28,1.0,0.0,8.0,1.0,0.0,0.2,3.91,3.91,3.91,3.91,1.0,0.0,8.0,1.0,0.0,0.2,1006.9,1006.9,1006.9,1006.9,1.0,0.0,8.0,1.0,0.0,0.2,8.0,8.0,8.0,8.0,1.0,0.0,8.0,1.0,0.0,0.2,16.7,16.7,16.7,16.7,1.0,0.0,8.0,1.0,0.0,0.2,19.9,19.9,19.9,19.9,1.0,0.0,8.0,1.0,0.0,0.2,-0.4,-0.4,-0.4,-0.4,1.0,0.0,8.0,1.0,0.0,0.2,-2.0,-2.0,-2.0,-2.0,1.0,0.0,8.0,1.0,0.0,0.2,4.77,4.77,4.77,4.77,1.0,0.0,8.0,1.0,0.0,0.2,24.3,24.3,24.3,24.3,1.0,0.0,8.0,1.0,0.0,0.2,95.1,95.1,95.1,95.1,1.0,0.0,8.0,1.0,0.0,0.2,113.3,113.3,113.3,113.3,1.0,0.0,8.0,1.0,0.0,0.2,65.2,65.2,65.2,65.2,1.0,0.0,8.0,1.0,0.0,0.2,77.7,77.7,77.7,77.7,1.0,0.0,8.0,1.0,0.0,0.2,15.6,15.6,15.6,15.6,1.0,0.0,8.0,1.0,0.0,0.2,18.6,18.6,18.6,18.6,1.0,0.0,8.0,1.0,0.0,0.2,132.5,132.5,132.5,132.5,1.0,0.0,8.0,1.0,0.0,0.2,135.0,135.0,135.0,135.0,1.0,0.0,8.0,1.0,0.0,0.2
1974,2,7.0,36.0,,,,,,,,,,,,,,,,,,,,,,,,,,,,,,,,,,,,,,,,2.72,4.05,5.38,4.05,2.0,2.76,6.0,0.0,0.3,0.4,-2.92,-0.89,1.13,-0.89,2.0,4.19,6.0,0.0,0.3,0.4,1.04,2.48,3.92,2.48,2.0,2.99,6.0,0.0,0.3,0.4,1023.45,1024.0,1024.55,1024.0,2.0,1.13,6.0,0.0,0.3,0.4,,,,,,,,,,,,,,,,,,,,,,,,,,,,,,,,,,,,,,,,,,,,,,,,,,,,,,,,,,,,,,,,,,,,,,,,,,,,,,,,,,,,,,,,,,,,,,,,,,,,,,,,,,,,,,,,,,,,,,,,,,,,,,,,,,,,,,,,,,,,,,,,,,,,,,
1974,2,7.0,37.0,14.0,15.0,16.0,15.0,91.0,1.04,14.0,0.3,0.4,0.4,11.92,13.9,15.2,13.65,97.0,1.97,14.0,0.3,0.4,0.4,5.53,6.86,8.9,7.15,31.0,1.84,14.0,0.4,0.5,0.5,53.9,73.2,83.2,70.5,31.0,14.0,14.0,0.4,0.5,3.78,8.7,13.96,9.19,92.0,5.32,14.0,0.3,0.4,0.4,-2.42,5.25,12.56,5.13,92.0,7.8,14.0,0.3,0.4,0.4,-6.07,0.0,2.93,-1.26,92.0,4.97,14.0,0.3,0.4,0.4,1006.12,1013.2,1022.28,1013.83,97.0,7.45,14.0,0.3,0.4,0.4,2.0,5.0,8.0,4.8,93.0,2.6,14.0,0.3,0.4,0.4,-11.4,41.1,174.9,75.5,92.0,128.3,14.0,0.3,0.4,0.4,-51.3,0.0,21.5,-20.7,92.0,68.0,14.0,0.3,0.4,0.4,-0.5,1.2,3.0,1.27,90.0,2.03,14.0,0.3,0.4,0.4,-3.6,8.2,29.1,12.0,85.0,22.0,14.0,0.3,0.5,0.4,1.54,3.52,4.96,3.16,29.0,1.73,14.0,0.4,0.5,0.5,8.3,16.5,39.6,22.6,29.0,19.5,14.0,0.4,0.5,0.5,-39.4,72.9,170.8,66.1,90.0,107.0,14.0,0.3,0.4,0.4,-77.9,0.0,40.3,-15.2,90.0,65.2,14.0,0.3,0.4,0.4,-51.6,5.5,60.2,7.0,31.0,54.0,14.0,0.4,0.5,0.5,-16.4,0.0,18.4,0.7,31.0,22.5,14.0,0.4,0.5,0.5,-22.8,3.2,26.2,2.1,29.0,27.1,14.0,0.4,0.5,0.5,-7.2,0.0,6.4,-1.6,29.0,12.8,14.0,0.4,0.5,0.5,54.5,658.5,2718.0,1631.0,92.0,2703.5,14.0,0.3,0.4,0.4,55.0,660.0,2720.0,1630.0,92.0,2705.0,14.0,0.3,0.4,0.4
1974,2,7.0,38.0,13.4,14.0,15.0,14.14,36.0,1.01,12.0,0.4,0.4,0.5,11.67,13.4,14.97,13.29,41.0,1.45,12.0,0.4,0.4,0.5,6.55,7.55,8.32,7.45,31.0,0.96,14.0,0.4,0.3,0.6,69.2,78.1,84.0,77.3,31.0,8.2,14.0,0.4,0.6,3.51,10.0,12.41,8.66,44.0,4.21,14.0,0.5,0.4,0.6,0.0,4.52,10.64,5.09,44.0,5.36,14.0,0.5,0.4,0.6,-1.82,3.24,7.89,2.88,44.0,5.55,14.0,0.5,0.4,0.6,1001.02,1011.55,1019.96,1011.3,40.0,8.95,12.0,0.4,0.4,0.5,2.0,6.0,7.8,4.8,40.0,2.7,12.0,0.4,0.4,0.5,0.0,40.9,129.7,59.2,44.0,69.8,14.0,0.5,0.4,0.6,-5.3,25.6,92.6,30.5,44.0,67.1,14.0,0.5,0.4,0.6,-0.69,0.45,2.33,0.64,36.0,1.64,12.0,0.4,0.4,0.5,-5.4,0.6,19.1,4.4,33.0,14.2,12.0,0.4,0.4,0.6,1.55,2.35,3.36,2.45,29.0,1.15,12.0,0.4,0.3,0.6,6.6,14.2,32.6,20.1,27.0,17.4,12.0,0.4,0.4,0.6,-1.6,47.8,146.2,59.8,38.0,75.4,12.0,0.4,0.4,0.5,-32.6,28.8,92.4,26.7,38.0,68.5,12.0,0.4,0.4,0.5,-8.0,28.1,82.6,29.9,29.0,43.9,14.0,0.4,0.3,0.6,-8.5,25.1,55.1,22.1,29.0,36.7,14.0,0.4,0.3,0.6,-2.3,7.4,20.3,10.0,27.0,18.1,12.0,0.4,0.4,0.6,-6.0,6.2,20.5,3.8,27.0,16.7,12.0,0.4,0.4,0.6,43.5,1000.0,1911.0,1086.0,44.0,1140.5,14.0,0.5,0.4,0.6,45.0,1000.0,1910.0,1085.0,44.0,1140.0,14.0,0.5,0.4,0.6
1974,2,7.0,39.0,13.5,13.9,14.1,13.87,88.0,0.51,12.0,0.4,0.3,0.3,12.29,13.2,14.1,13.11,67.0,1.06,14.0,0.4,0.3,0.3,6.4,7.37,8.7,7.39,65.0,1.14,14.0,0.3,0.3,0.3,70.8,78.0,88.9,78.7,65.0,9.7,14.0,0.3,0.3,6.0,8.0,12.13,8.96,101.0,4.0,14.0,0.4,0.3,0.2,-2.74,2.39,10.51,3.31,101.0,6.78,14.0,0.4,0.3,0.2,-0.89,5.64,7.54,3.85,101.0,5.02,14.0,0.4,0.3,0.2,1001.89,1009.15,1021.94,1010.67,66.0,9.43,14.0,0.3,0.3,0.3,1.0,5.0,7.0,4.6,68.0,2.8,14.0,0.4,0.3,0.3,-21.9,12.3,126.1,50.2,101.0,98.6,14.0,0.4,0.3,0.2,-2.3,40.5,75.7,31.5,101.0,64.5,14.0,0.4,0.3,0.2,-0.1,0.6,1.47,0.75,66.0,1.01,14.0,0.4,0.3,0.3,-0.8,4.2,12.0,5.5,62.0,8.9,14.0,0.4,0.3,0.3,1.16,2.56,3.41,2.5,64.0,1.13,14.0,0.3,0.3,0.3,8.9,19.7,31.1,20.4,62.0,12.2,14.0,0.4,0.3,0.3,-38.1,29.2,106.6,36.8,63.0,82.1,14.0,0.3,0.3,0.3,-24.7,65.6,106.0,46.4,63.0,68.6,14.0,0.3,0.3,0.3,-24.3,14.3,59.4,19.9,63.0,46.4,14.0,0.3,0.3,0.3,-11.8,36.4,67.1,28.6,63.0,38.8,14.0,0.3,0.3,0.3,-5.0,6.3,22.2,7.8,62.0,16.8,14.0,0.4,0.3,0.3,-7.0,8.2,18.2,6.2,62.0,13.8,14.0,0.4,0.3,0.3,216.0,512.0,1789.0,1207.5,101.0,1782.0,14.0,0.4,0.3,0.2,215.0,510.0,1790.0,1205.0,101.0,1780.0,14.0,0.4,0.3,0.2
1974,2,7.0,40.0,13.0,13.75,14.5,13.78,20.0,0.97,16.0,0.4,0.4,0.4,11.9,13.0,14.3,13.15,20.0,1.24,16.0,0.4,0.4,0.4,5.74,6.54,7.65,6.5,19.0,1.24,16.0,0.4,0.3,0.4,65.6,71.6,77.5,69.2,19.0,12.8,16.0,0.4,0.4,3.6,7.35,10.6,7.39,18.0,4.07,16.0,0.3,0.4,0.4,-2.63,1.65,7.56,1.97,18.0,4.38,16.0,0.3,0.4,0.4,-8.59,-0.97,5.02,-1.42,18.0,7.0,16.0,0.3,0.4,0.4,1000.01,1013.5,1017.0,1010.47,20.0,7.91,16.0,0.4,0.4,0.4,2.9,5.0,8.0,5.2,19.0,2.7,18.0,0.3,0.3,0.4,-10.4,13.9,83.0,26.4,18.0,50.4,16.0,0.3,0.4,0.4,-81.6,-3.7,31.5,-22.3,18.0,83.5,16.0,0.3,0.4,0.4,-0.5,0.75,1.8,0.64,20.0,1.43,16.0,0.4,0.4,0.4,-3.6,4.9,13.5,5.2,18.0,9.4,16.0,0.3,0.4,0.4,2.13,3.18,4.05,3.23,19.0,1.46,16.0,0.4,0.3,0.4,10.1,14.5,40.9,26.6,17.0,25.2,16.0,0.4,0.4,0.3,-32.6,22.1,109.0,27.2,18.0,58.2,16.0,0.3,0.4,0.4,-115.4,-12.4,71.5,-17.0,18.0,93.4,16.0,0.3,0.4,0.4,-16.4,9.8,30.2,10.6,17.0,27.2,16.0,0.4,0.4,0.3,-51.7,-4.8,44.3,-1.2,17.0,44.1,16.0,0.4,0.4,0.3,-8.8,5.4,24.9,8.0,17.0,19.2,16.0,0.4,0.4,0.3,-33.4,-2.1,9.7,-9.8,17.0,29.2,16.0,0.4,0.4,0.3,46.5,400.0,1198.5,797.0,18.0,1219.0,16.0,0.3,0.4,0.4,45.0,400.0,1200.0,795.0,18.0,1220.0,16.0,0.3,0.4,0.4
1974,2,7.0,41.0,12.06,13.2,14.83,13.3,8.0,1.19,16.0,0.4,0.6,0.7,10.67,12.4,14.31,12.39,8.0,1.9,16.0,0.4,0.6,0.7,6.04,7.69,8.19,7.34,6.0,1.22,16.0,0.3,0.7,0.7,69.9,76.6,86.0,77.7,6.0,8.5,16.0,0.3,0.7,4.01,5.1,9.12,6.84,8.0,3.96,16.0,0.4,0.6,0.7,-2.87,1.29,8.92,3.14,8.0,6.37,16.0,0.4,0.6,0.7,-3.94,-3.27,3.5,-1.35,8.0,3.9,16.0,0.4,0.6,0.7,998.34,1009.7,1027.99,1011.73,8.0,14.53,16.0,0.4,0.6,0.7,2.0,4.5,6.9,4.4,8.0,2.6,16.0,0.4,0.6,0.7,-11.8,7.0,81.9,42.0,8.0,80.9,16.0,0.4,0.6,0.7,-19.9,-13.3,14.0,-11.7,8.0,34.5,16.0,0.4,0.6,0.7,-1.36,0.8,2.72,0.91,8.0,2.59,16.0,0.4,0.6,0.7,-5.3,6.9,14.2,5.4,8.0,11.7,16.0,0.4,0.6,0.7,1.2,1.7,3.44,2.13,6.0,1.24,16.0,0.3,0.7,0.7,6.0,15.8,29.8,17.0,6.0,11.7,16.0,0.3,0.7,0.7,-38.8,14.1,111.4,40.7,8.0,88.2,16.0,0.4,0.6,0.7,-56.7,-36.6,39.2,-18.0,8.0,48.8,16.0,0.4,0.6,0.7,-24.7,32.4,71.8,33.4,6.0,57.8,16.0,0.3,0.7,0.7,-32.9,-21.5,8.0,-13.3,6.0,29.7,16.0,0.3,0.7,0.7,-2.8,10.9,28.4,12.3,6.0,14.7,16.0,0.3,0.7,0.7,-11.2,-3.6,1.5,-4.2,6.0,8.0,16.0,0.3,0.7,0.7,64.5,132.5,766.0,672.0,8.0,1232.5,16.0,0.4,0.6,0.7,65.0,135.0,765.0,670.0,8.0,1230.0,16.0,0.4,0.6,0.7
1974,2,7.0,42.0,13.0,13.0,14.0,13.21,17.0,0.68,18.0,0.3,0.3,0.3,11.35,12.7,14.0,12.72,17.0,1.27,18.0,0.3,0.3,0.3,5.73,6.16,7.68,6.44,13.0,1.19,18.0,0.4,0.4,0.3,60.6,69.6,85.6,70.8,13.0,12.6,18.0,0.4,0.3,3.59,5.1,14.86,7.66,17.0,4.83,18.0,0.3,0.3,0.3,-9.27,-1.99,3.29,-2.71,17.0,7.06,18.0,0.3,0.3,0.3,-5.83,-1.25,2.87,-0.98,17.0,5.19,18.0,0.3,0.3,0.3,1004.32,1008.7,1017.71,1010.42,17.0,6.36,18.0,0.3,0.3,0.3,2.2,7.0,8.0,5.7,15.0,2.7,18.0,0.3,0.3,0.3,-114.1,-6.2,13.3,-33.1,17.0,93.4,18.0,0.3,0.3,0.3,-71.1,-6.4,11.8,-14.7,17.0,72.2,18.0,0.3,0.3,0.3,-0.4,0.4,1.44,0.49,17.0,1.11,18.0,0.3,0.3,0.3,-1.6,3.7,8.7,4.4,17.0,7.6,18.0,0.3,0.3,0.3,1.26,3.11,3.93,2.94,13.0,1.24,18.0,0.4,0.4,0.3,8.1,16.8,30.2,21.3,13.0,17.3,18.0,0.4,0.4,0.3,-115.3,-24.7,43.3,-35.1,17.0,87.1,18.0,0.3,0.3,0.3,-73.2,-12.8,34.1,-11.8,17.0,66.0,18.0,0.3,0.3,0.3,-55.6,-5.2,21.4,-9.9,13.0,46.3,18.0,0.4,0.4,0.3,-22.4,-14.4,19.9,-3.0,13.0,41.0,18.0,0.4,0.4,0.3,-28.0,-3.1,10.1,-7.8,13.0,22.8,18.0,0.4,0.4,0.3,-12.0,-5.0,8.5,-4.4,13.0,13.5,18.0,0.4,0.4,0.3,48.0,132.5,3293.0,1028.5,17.0,1503.0,18.0,0.3,0.3,0.3,50.0,135.0,3295.0,1030.0,17.0,1505.0,18.0,0.3,0.3,0.3
1974,2,7.0,43.0,13.0,13.3,14.0,13.42,35.0,0.6,16.0,0.1,0.5,0.1,11.16,12.5,13.5,12.31,36.0,1.31,16.0,0.1,0.5,0.1,5.06,6.62,7.62,6.5,32.0,1.23,14.0,0.1,0.5,0.1,59.7,75.9,81.6,72.6,32.0,10.4,14.0,0.1,0.1,4.04,7.7,13.24,8.34,35.0,4.23,16.0,0.1,0.5,0.1,-7.75,-2.64,9.18,-0.7,35.0,7.83,16.0,0.1,0.5,0.1,-5.6,-1.99,2.63,-1.63,35.0,4.99,16.0,0.1,0.5,0.1,1003.91,1012.45,1019.3,1011.91,36.0,7.37,16.0,0.1,0.5,0.1,0.0,4.0,8.0,4.3,36.0,3.2,16.0,0.1,0.5,0.1,-87.7,-10.8,88.1,-2.1,35.0,100.5,16.0,0.1,0.5,0.1,-69.1,-8.9,21.8,-21.3,35.0,56.5,16.0,0.1,0.5,0.1,-0.12,0.6,2.0,1.03,35.0,1.34,16.0,0.1,0.5,0.1,-1.0,4.5,18.2,9.7,35.0,16.6,16.0,0.1,0.5,0.1,1.82,2.71,4.26,3.0,31.0,1.26,14.0,0.1,0.5,0.1,8.7,17.3,44.2,25.0,31.0,18.3,14.0,0.1,0.5,0.1,-100.5,-35.6,107.6,-9.8,35.0,94.8,16.0,0.1,0.5,0.1,-67.1,-25.9,31.6,-18.2,35.0,61.8,16.0,0.1,0.5,0.1,-47.8,-13.4,39.3,-4.3,31.0,49.8,14.0,0.1,0.5,0.1,-33.6,-12.9,19.1,-6.1,31.0,33.5,14.0,0.1,0.5,0.1,-27.1,-3.9,33.4,-1.0,31.0,26.0,14.0,0.1,0.5,0.1,-19.4,-3.5,7.0,-6.6,31.0,16.0,14.0,0.1,0.5,0.1,66.0,456.5,2323.5,1036.5,35.0,1226.0,16.0,0.1,0.5,0.1,65.0,455.0,2325.0,1035.0,35.0,1225.0,16.0,0.1,0.5,0.1
1974,2,7.0,53.0,4.0,4.4,4.8,4.47,229.0,0.48,14.0,0.4,0.8,0.9,3.2,4.5,6.0,4.61,229.0,1.64,14.0,0.4,0.8,0.9,4.25,4.75,5.33,4.77,228.0,0.65,14.0,0.4,0.8,0.9,86.0,91.0,94.0,90.0,228.0,5.2,14.0,0.4,0.9,5.7,8.2,11.8,8.69,229.0,3.48,14.0,0.4,0.8,0.9,-6.69,0.0,6.3,0.14,229.0,6.41,14.0,0.4,0.8,0.9,-2.95,3.66,7.7,2.8,229.0,6.25,14.0,0.4,0.8,0.9,995.5,1011.5,1025.5,1010.2,229.0,15.35,14.0,0.4,0.8,0.9,0.0,7.0,8.0,5.2,221.0,3.1,14.0,0.4,0.8,0.9,-58.0,0.0,66.0,7.2,229.0,74.9,14.0,0.4,0.8,0.9,-20.3,24.9,74.7,29.2,229.0,80.6,14.0,0.4,0.8,0.9,-1.5,0.0,1.18,-0.14,229.0,1.56,14.0,0.4,0.8,0.9,-14.3,0.0,8.3,-3.1,229.0,18.8,14.0,0.4,0.8,0.9,-0.04,0.46,0.9,0.45,228.0,0.61,14.0,0.4,0.8,0.9,-0.3,3.1,8.8,3.4,228.0,7.0,14.0,0.4,0.8,0.9,-25.8,0.0,34.5,5.6,229.0,31.3,14.0,0.4,0.8,0.9,-13.7,15.7,38.7,16.8,229.0,36.9,14.0,0.4,0.8,0.9,-31.1,0.0,32.4,2.2,228.0,30.2,14.0,0.4,0.8,0.9,-14.9,16.4,37.8,14.7,228.0,31.9,14.0,0.4,0.8,0.9,-5.2,-0.1,2.0,-1.7,228.0,5.5,14.0,0.4,0.8,0.9,-3.7,0.0,3.5,-0.3,228.0,5.2,14.0,0.4,0.8,0.9,185.0,551.5,1643.0,1004.0,229.0,1404.0,14.0,0.4,0.8,0.9,185.0,550.0,1645.0,1005.0,229.0,1405.0,14.0,0.4,0.8,0.9
1974,2,7.0,54.0,4.8,5.0,5.2,5.03,256.0,0.36,14.0,0.4,0.4,0.3,3.6,5.0,6.2,4.91,261.0,1.35,14.0,0.4,0.4,0.3,4.17,4.89,5.48,4.8,251.0,0.72,14.0,0.4,0.4,0.3,82.0,90.8,95.0,88.5,251.0,7.5,14.0,0.4,0.3,6.7,9.3,12.9,9.36,260.0,3.14,14.0,0.4,0.4,0.3,-7.69,0.0,8.46,0.39,260.0,7.08,14.0,0.4,0.4,0.3,-4.41,3.14,8.92,2.5,260.0,6.42,14.0,0.4,0.4,0.3,995.98,1012.7,1024.7,1010.86,261.0,14.89,14.0,0.4,0.4,0.3,2.0,8.0,8.0,5.7,251.0,2.9,14.0,0.4,0.4,0.3,-66.3,0.0,83.1,7.7,260.0,80.4,14.0,0.4,0.4,0.3,-36.3,25.3,95.6,27.7,260.0,75.8,14.0,0.4,0.4,0.3,-1.2,0.05,1.45,0.09,256.0,1.39,14.0,0.4,0.4,0.3,-11.0,0.6,12.4,0.1,255.0,15.3,14.0,0.4,0.4,0.3,-0.06,0.52,1.28,0.62,250.0,0.69,14.0,0.4,0.4,0.3,-0.4,4.0,13.6,5.8,249.0,7.9,14.0,0.4,0.4,0.3,-31.9,0.0,46.3,6.3,260.0,34.4,14.0,0.4,0.4,0.3,-17.7,14.9,48.3,15.4,260.0,35.1,14.0,0.4,0.4,0.3,-33.6,0.0,41.1,3.6,250.0,33.4,14.0,0.4,0.4,0.3,-17.7,15.7,46.9,14.8,250.0,31.3,14.0,0.4,0.4,0.3,-7.0,-0.4,3.2,-1.5,249.0,7.8,14.0,0.4,0.4,0.3,-5.9,0.0,4.0,-0.5,249.0,5.7,14.0,0.4,0.4,0.3,301.0,804.5,2146.5,1092.5,260.0,962.0,14.0,0.4,0.4,0.3,300.0,805.0,2145.0,1090.0,260.0,960.0,14.0,0.4,0.4,0.3
1974,2,7.0,55.0,4.21,5.0,5.79,5.0,10.0,0.75,16.0,0.4,0.5,0.4,4.75,6.0,7.0,5.89,12.0,1.42,14.0,0.3,0.5,0.4,4.67,5.04,5.66,5.15,8.0,0.5,16.0,0.4,0.5,0.4,86.9,90.7,93.3,89.7,8.0,7.2,16.0,0.4,0.4,4.45,6.7,12.3,7.34,12.0,3.74,14.0,0.3,0.5,0.4,-5.39,1.5,4.04,-0.19,12.0,4.57,14.0,0.3,0.5,0.4,-2.96,3.52,9.74,2.96,12.0,6.5,14.0,0.3,0.5,0.4,994.09,1003.5,1018.65,1005.3,12.0,13.78,14.0,0.3,0.5,0.4,0.4,8.0,8.0,5.7,10.0,3.7,14.0,0.3,0.5,0.4,-44.9,8.3,29.6,-6.4,12.0,43.3,14.0,0.3,0.5,0.4,-16.7,16.2,119.7,34.4,12.0,70.2,14.0,0.3,0.5,0.4,-2.5,-1.0,0.0,-1.17,10.0,1.31,16.0,0.4,0.5,0.4,-13.5,-3.8,0.0,-6.0,10.0,8.8,16.0,0.4,0.5,0.4,-0.17,0.36,0.69,0.28,8.0,0.39,16.0,0.4,0.5,0.4,-0.2,3.6,6.3,3.2,8.0,3.6,16.0,0.4,0.5,0.4,-24.9,9.4,26.0,2.5,12.0,25.7,14.0,0.3,0.5,0.4,-21.8,18.5,44.6,13.0,12.0,37.3,14.0,0.3,0.5,0.4,-28.6,-5.4,14.5,-5.6,8.0,24.3,16.0,0.4,0.5,0.4,-18.2,22.0,49.9,17.8,8.0,36.9,16.0,0.4,0.5,0.4,-3.6,-0.1,0.7,-1.2,8.0,2.6,16.0,0.4,0.5,0.4,-2.8,0.0,5.3,0.8,8.0,3.9,16.0,0.4,0.5,0.4,89.0,301.0,1861.0,681.5,12.0,758.5,14.0,0.3,0.5,0.4,90.0,300.0,1860.0,680.0,12.0,760.0,14.0,0.3,0.5,0.4
1974,2,7.0,56.0,4.0,5.45,7.0,5.41,80.0,1.57,14.0,0.3,0.4,0.5,4.0,5.1,6.38,5.22,84.0,1.45,14.0,0.3,0.4,0.5,4.68,5.19,5.48,5.05,12.0,0.46,16.0,0.3,0.3,0.4,85.2,93.2,96.1,91.9,12.0,5.3,16.0,0.3,0.4,4.6,8.2,14.0,9.14,83.0,4.75,14.0,0.3,0.4,0.5,-5.2,1.5,7.79,1.12,83.0,6.82,14.0,0.3,0.4,0.5,-2.8,3.99,9.5,3.42,83.0,6.9,14.0,0.3,0.4,0.5,990.59,1006.5,1022.25,1007.37,84.0,15.41,14.0,0.3,0.4,0.5,2.0,8.0,8.0,6.0,58.0,3.0,14.0,0.4,0.4,0.5,-48.6,4.5,70.1,15.0,83.0,93.8,14.0,0.3,0.4,0.5,-17.3,22.5,101.0,43.5,83.0,104.6,14.0,0.3,0.4,0.5,-1.68,0.0,1.75,0.14,80.0,1.93,14.0,0.3,0.4,0.5,-19.0,0.0,13.4,-0.1,79.0,18.3,14.0,0.3,0.4,0.5,0.07,0.46,1.11,0.57,12.0,0.57,16.0,0.3,0.3,0.4,0.4,2.4,10.9,4.2,11.0,6.4,14.0,0.3,0.4,0.5,-21.3,7.3,43.1,9.1,83.0,36.5,14.0,0.3,0.4,0.5,-12.5,16.8,51.7,20.6,83.0,38.9,14.0,0.3,0.4,0.5,-20.8,-7.5,32.1,5.0,11.0,37.0,14.0,0.3,0.4,0.5,-3.5,20.5,38.6,18.4,11.0,22.9,14.0,0.3,0.4,0.5,-7.8,-0.8,0.3,-2.7,11.0,4.8,14.0,0.3,0.4,0.5,-1.6,1.3,7.1,1.6,11.0,5.2,14.0,0.3,0.4,0.5,97.5,551.5,2744.0,1434.5,83.0,1988.0,14.0,0.3,0.4,0.5,95.0,550.0,2745.0,1435.0,83.0,1990.0,14.0,0.3,0.4,0.5
1974,2,7.0,57.0,3.46,5.0,7.0,4.95,30.0,1.74,16.0,0.3,0.5,0.6,3.0,4.55,5.86,4.31,34.0,1.57,16.0,0.3,0.5,0.6,3.47,3.75,5.13,4.26,7.0,0.82,20.0,0.6,0.6,0.2,66.0,72.1,95.3,79.9,7.0,14.6,20.0,0.6,0.2,2.9,8.0,10.47,7.22,31.0,3.73,16.0,0.3,0.4,0.6,-4.64,0.0,6.22,0.63,31.0,5.31,16.0,0.3,0.4,0.6,-6.05,0.36,6.48,0.08,31.0,6.25,16.0,0.3,0.4,0.6,987.12,1008.55,1035.7,1009.85,34.0,19.71,16.0,0.3,0.5,0.6,0.0,4.0,8.0,4.6,17.0,3.5,14.0,0.3,0.5,0.5,-32.3,0.0,55.4,7.0,31.0,53.3,16.0,0.3,0.4,0.6,-52.5,0.8,46.1,-6.0,31.0,73.2,16.0,0.3,0.4,0.6,-1.0,0.35,3.0,0.73,30.0,2.19,16.0,0.3,0.5,0.6,-7.4,3.5,20.6,5.8,28.0,18.1,16.0,0.4,0.4,0.6,0.54,1.64,1.98,1.36,7.0,0.75,20.0,0.6,0.6,0.2,3.6,17.2,24.8,15.6,7.0,10.5,20.0,0.6,0.6,0.2,-17.0,0.0,28.5,5.5,31.0,23.1,16.0,0.3,0.4,0.6,-21.9,1.5,32.7,1.3,31.0,29.8,16.0,0.3,0.4,0.6,10.4,17.9,32.3,18.5,7.0,11.7,20.0,0.6,0.6,0.2,-41.2,-31.0,13.1,-15.8,7.0,34.7,20.0,0.6,0.6,0.2,0.1,7.7,9.5,6.3,7.0,5.3,20.0,0.6,0.6,0.2,-23.2,-13.4,2.1,-8.5,7.0,15.3,20.0,0.6,0.6,0.2,24.5,512.0,1149.5,685.5,31.0,1006.0,16.0,0.3,0.4,0.6,25.0,510.0,1150.0,685.0,31.0,1005.0,16.0,0.3,0.4,0.6
1974,2,7.0,63.0,,,,,,,,,,,,,,,,,,,,,,,,,,,,,,,,,,,,,,,,5.0,5.0,5.0,5.0,1.0,0.0,4.0,1.0,0.5,0.8,-0.87,-0.87,-0.87,-0.87,1.0,0.0,4.0,1.0,0.5,0.8,-4.92,-4.92,-4.92,-4.92,1.0,0.0,4.0,1.0,0.5,0.8,1001.5,1001.5,1001.5,1001.5,1.0,0.0,4.0,1.0,0.5,0.8,,,,,,,,,,,,,,,,,,,,,,,,,,,,,,,,,,,,,,,,,,,,,,,,,,,,,,,,,,,,,,,,,,,,,,,,,,,,,,,,,,,,,,,,,,,,,,,,,,,,,,,,,,,,,,,,,,,,,,,,,,,,,,,,,,,,,,,,,,,,,,,,,,,,,,
1974,2,7.0,64.0,6.0,7.0,8.0,7.13,27.0,1.02,16.0,0.3,0.4,0.4,2.1,5.0,7.0,4.54,27.0,2.57,16.0,0.3,0.4,0.4,2.75,4.98,5.58,4.53,10.0,1.34,18.0,0.4,0.3,0.4,65.7,86.7,94.9,82.0,10.0,14.9,18.0,0.4,0.4,4.0,8.75,13.0,8.6,24.0,3.93,16.0,0.3,0.4,0.4,-3.98,2.03,8.05,2.07,24.0,6.06,16.0,0.3,0.4,0.4,-7.31,3.41,7.23,1.69,24.0,6.96,16.0,0.3,0.4,0.4,987.44,1000.6,1020.31,1003.55,27.0,15.13,16.0,0.3,0.4,0.4,3.0,7.0,8.0,6.1,25.0,2.4,14.0,0.2,0.4,0.4,-30.2,9.3,92.5,25.2,24.0,72.0,16.0,0.3,0.4,0.4,-67.8,17.5,86.7,16.2,24.0,82.3,16.0,0.3,0.4,0.4,-0.11,2.2,4.82,2.59,27.0,2.72,16.0,0.3,0.4,0.4,-2.4,12.4,45.9,18.4,24.0,26.0,16.0,0.3,0.4,0.4,0.82,1.5,3.36,1.89,10.0,1.31,18.0,0.4,0.3,0.4,4.8,8.9,28.3,16.2,9.0,14.4,16.0,0.4,0.3,0.4,-10.5,10.2,59.5,19.3,24.0,32.4,16.0,0.3,0.4,0.4,-11.4,18.3,44.8,15.6,24.0,38.2,16.0,0.3,0.4,0.4,-20.2,11.1,41.6,9.3,9.0,28.4,16.0,0.4,0.3,0.4,3.8,16.7,29.3,18.7,9.0,21.9,16.0,0.4,0.3,0.4,-21.8,2.3,8.7,-4.4,9.0,17.0,16.0,0.4,0.3,0.4,0.4,4.6,13.0,2.9,9.0,13.6,16.0,0.4,0.3,0.4,64.0,678.0,2197.0,1016.5,24.0,1015.5,16.0,0.3,0.4,0.4,65.0,680.0,2195.0,1015.0,24.0,1015.0,16.0,0.3,0.4,0.4
1974,2,7.0,65.0,5.69,6.1,7.0,6.28,10.0,0.81,18.0,0.1,0.4,0.4,2.52,3.65,6.48,4.0,8.0,2.08,20.0,0.1,0.5,0.4,3.8,4.1,4.41,4.1,4.0,0.44,18.0,0.3,0.5,0.4,73.4,80.2,87.9,80.6,4.0,9.2,18.0,0.3,0.4,5.29,9.0,19.29,10.87,10.0,6.48,18.0,0.1,0.4,0.4,-0.85,5.71,16.07,6.61,10.0,8.6,18.0,0.1,0.4,0.4,-5.32,0.35,7.44,1.39,10.0,6.98,18.0,0.1,0.4,0.4,1000.64,1013.85,1021.54,1009.84,10.0,12.27,18.0,0.1,0.4,0.4,7.0,7.5,8.0,7.3,10.0,0.9,18.0,0.1,0.4,0.4,-6.0,54.6,307.9,110.7,10.0,158.2,18.0,0.1,0.4,0.4,-40.1,5.1,86.8,28.7,10.0,113.7,18.0,0.1,0.4,0.4,0.46,3.2,3.58,2.33,8.0,2.06,20.0,0.1,0.5,0.4,4.3,25.3,61.3,26.1,8.0,29.7,20.0,0.1,0.5,0.4,1.52,1.64,2.25,1.87,4.0,0.57,18.0,0.3,0.5,0.4,19.9,27.3,30.3,25.2,4.0,7.2,18.0,0.3,0.5,0.4,8.8,24.0,46.5,27.1,8.0,33.5,20.0,0.1,0.5,0.4,-15.6,4.2,64.7,19.4,8.0,43.9,20.0,0.1,0.5,0.4,-4.2,40.4,68.8,32.6,4.0,46.9,18.0,0.3,0.5,0.4,-27.8,-5.2,44.2,7.6,4.0,46.2,18.0,0.3,0.5,0.4,-6.9,14.2,24.3,9.0,4.0,22.1,18.0,0.3,0.5,0.4,-11.1,1.0,17.7,3.2,4.0,17.0,18.0,0.3,0.5,0.4,157.5,731.5,7177.0,2608.5,10.0,3385.5,18.0,0.1,0.4,0.4,160.0,730.0,7175.0,2610.0,10.0,3385.0,18.0,0.1,0.4,0.4
1974,2,7.0,66.0,,,,,,,,,,,,,,,,,,,,,,,,,,,,,,,,,,,,,,,,7.32,8.0,8.68,8.0,2.0,1.41,14.0,0.5,0.6,0.4,-2.82,0.78,4.39,0.78,2.0,7.47,14.0,0.5,0.6,0.4,-7.11,-5.65,-4.18,-5.65,2.0,3.04,14.0,0.5,0.6,0.4,995.49,998.05,1000.61,998.05,2.0,5.3,14.0,0.5,0.6,0.4,,,,,,,,,,,,,,,,,,,,,,,,,,,,,,,,,,,,,,,,,,,,,,,,,,,,,,,,,,,,,,,,,,,,,,,,,,,,,,,,,,,,,,,,,,,,,,,,,,,,,,,,,,,,,,,,,,,,,,,,,,,,,,,,,,,,,,,,,,,,,,,,,,,,,,
1974,2,7.0,67.0,,,,,,,,,,,,,,,,,,,,,,,,,,,,,,,,,,,,,,,,9.0,9.0,9.0,9.0,2.0,0.0,14.0,0.5,0.7,0.3,-5.88,-0.33,5.22,-0.33,2.0,11.49,14.0,0.5,0.7,0.3,-1.88,0.71,3.3,0.71,2.0,5.36,14.0,0.5,0.7,0.3,1004.81,1005.05,1005.29,1005.05,2.0,0.5,14.0,0.5,0.7,0.3,,,,,,,,,,,,,,,,,,,,,,,,,,,,,,,,,,,,,,,,,,,,,,,,,,,,,,,,,,,,,,,,,,,,,,,,,,,,,,,,,,,,,,,,,,,,,,,,,,,,,,,,,,,,,,,,,,,,,,,,,,,,,,,,,,,,,,,,,,,,,,,,,,,,,,
1974,2,7.0,68.0,,,,,,,,,,,,,,,,,,,,,,,,,,,,,,,,,,,,,,,,14.48,15.5,16.52,15.5,2.0,2.12,24.0,0.0,0.3,0.3,11.68,13.73,15.79,13.73,2.0,4.25,24.0,0.0,0.3,0.3,3.91,5.98,8.04,5.98,2.0,4.28,24.0,0.0,0.3,0.3,999.45,1002.35,1005.25,1002.35,2.0,6.01,24.0,0.0,0.3,0.3,,,,,,,,,,,,,,,,,,,,,,,,,,,,,,,,,,,,,,,,,,,,,,,,,,,,,,,,,,,,,,,,,,,,,,,,,,,,,,,,,,,,,,,,,,,,,,,,,,,,,,,,,,,,,,,,,,,,,,,,,,,,,,,,,,,,,,,,,,,,,,,,,,,,,,
1974,2,7.0,71.0,4.18,4.35,4.52,4.35,2.0,0.35,20.0,0.0,0.6,0.2,3.35,3.9,4.45,3.9,2.0,1.13,20.0,0.0,0.6,0.2,4.41,4.41,4.41,4.41,1.0,0.0,20.0,0.0,0.5,0.2,82.6,82.6,82.6,82.6,1.0,0.0,20.0,0.0,0.2,6.84,10.8,13.94,10.4,3.0,5.21,16.0,0.0,0.6,0.4,-4.23,-1.71,9.34,2.45,3.0,10.57,16.0,0.0,0.6,0.4,-2.1,4.7,7.88,2.93,3.0,7.47,16.0,0.0,0.6,0.4,996.85,1001.9,1002.99,999.97,3.0,4.8,16.0,0.0,0.6,0.4,8.0,8.0,8.0,8.0,3.0,0.0,16.0,0.0,0.6,0.4,-42.5,-8.6,149.4,52.0,3.0,150.0,16.0,0.0,0.6,0.4,-47.9,23.5,76.4,14.5,3.0,91.4,16.0,0.0,0.6,0.4,0.07,0.45,0.83,0.45,2.0,0.78,20.0,0.0,0.6,0.2,-0.1,2.0,4.0,2.0,2.0,4.3,20.0,0.0,0.6,0.2,0.89,0.89,0.89,0.89,1.0,0.0,20.0,0.0,0.5,0.2,9.6,9.6,9.6,9.6,1.0,0.0,20.0,0.0,0.5,0.2,-22.2,-15.3,-8.5,-15.3,2.0,14.2,20.0,0.0,0.6,0.2,19.2,29.3,39.3,29.3,2.0,20.8,20.0,0.0,0.6,0.2,-23.8,-23.8,-23.8,-23.8,1.0,0.0,20.0,0.0,0.5,0.2,41.2,41.2,41.2,41.2,1.0,0.0,20.0,0.0,0.5,0.2,-4.8,-4.8,-4.8,-4.8,1.0,0.0,20.0,0.0,0.5,0.2,8.3,8.3,8.3,8.3,1.0,0.0,20.0,0.0,0.5,0.2,485.0,1259.5,2893.0,1679.0,3.0,1800.5,16.0,0.0,0.6,0.4,485.0,1260.0,2895.0,1680.0,3.0,1800.0,16.0,0.0,0.6,0.4
1974,2,8.0,-70.0,0.7,0.7,0.7,0.7,1.0,0.0,8.0,0.0,0.9,0.4,-2.3,-2.3,-2.3,-2.3,1.0,0.0,8.0,0.0,0.9,0.4,2.28,2.28,2.28,2.28,1.0,0.0,8.0,0.0,0.9,0.4,70.2,70.2,70.2,70.2,1.0,0.0,8.0,0.0,0.4,7.7,7.7,7.7,7.7,1.0,0.0,8.0,0.0,0.9,0.4,-6.67,-6.67,-6.67,-6.67,1.0,0.0,8.0,0.0,0.9,0.4,3.85,3.85,3.85,3.85,1.0,0.0,8.0,0.0,0.9,0.4,993.0,993.0,993.0,993.0,1.0,0.0,8.0,0.0,0.9,0.4,6.0,6.0,6.0,6.0,1.0,0.0,8.0,0.0,0.9,0.4,-51.3,-51.3,-51.3,-51.3,1.0,0.0,8.0,0.0,0.9,0.4,29.6,29.6,29.6,29.6,1.0,0.0,8.0,0.0,0.9,0.4,3.0,3.0,3.0,3.0,1.0,0.0,8.0,0.0,0.9,0.4,23.1,23.1,23.1,23.1,1.0,0.0,8.0,0.0,0.9,0.4,1.77,1.77,1.77,1.77,1.0,0.0,8.0,0.0,0.9,0.4,13.6,13.6,13.6,13.6,1.0,0.0,8.0,0.0,0.9,0.4,15.3,15.3,15.3,15.3,1.0,0.0,8.0,0.0,0.9,0.4,-8.9,-8.9,-8.9,-8.9,1.0,0.0,8.0,0.0,0.9,0.4,-15.2,-15.2,-15.2,-15.2,1.0,0.0,8.0,0.0,0.9,0.4,8.8,8.8,8.8,8.8,1.0,0.0,8.0,0.0,0.9,0.4,-11.8,-11.8,-11.8,-11.8,1.0,0.0,8.0,0.0,0.9,0.4,6.8,6.8,6.8,6.8,1.0,0.0,8.0,0.0,0.9,0.4,456.5,456.5,456.5,456.5,1.0,0.0,8.0,0.0,0.9,0.4,455.0,455.0,455.0,455.0,1.0,0.0,8.0,0.0,0.9,0.4
1974,2,8.0,-67.0,,,,,,,,,,,,,,,,,,,,,,,,,,,,,,,,,,,,,,,,4.1,4.1,4.1,4.1,1.0,0.0,26.0,1.0,0.8,0.3,2.64,2.64,2.64,2.64,1.0,0.0,26.0,1.0,0.8,0.3,3.14,3.14,3.14,3.14,1.0,0.0,26.0,1.0,0.8,0.3,981.3,981.3,981.3,981.3,1.0,0.0,26.0,1.0,0.8,0.3,,,,,,,,,,,,,,,,,,,,,,,,,,,,,,,,,,,,,,,,,,,,,,,,,,,,,,,,,,,,,,,,,,,,,,,,,,,,,,,,,,,,,,,,,,,,,,,,,,,,,,,,,,,,,,,,,,,,,,,,,,,,,,,,,,,,,,,,,,,,,,,,,,,,,,
1974,2,8.0,-48.0,6.0,6.0,6.0,6.0,1.0,0.0,18.0,1.0,0.9,0.4,6.4,6.4,6.4,6.4,1.0,0.0,18.0,1.0,0.9,0.4,5.72,5.72,5.72,5.72,1.0,0.0,18.0,1.0,0.9,0.4,94.6,94.6,94.6,94.6,1.0,0.0,18.0,1.0,0.4,15.4,15.4,15.4,15.4,1.0,0.0,18.0,1.0,0.9,0.4,15.4,15.4,15.4,15.4,1.0,0.0,18.0,1.0,0.9,0.4,0.0,0.0,0.0,0.0,1.0,0.0,18.0,1.0,0.9,0.4,997.0,997.0,997.0,997.0,1.0,0.0,18.0,1.0,0.9,0.4,7.0,7.0,7.0,7.0,1.0,0.0,18.0,1.0,0.9,0.4,237.2,237.2,237.2,237.2,1.0,0.0,18.0,1.0,0.9,0.4,0.0,0.0,0.0,0.0,1.0,0.0,18.0,1.0,0.9,0.4,-0.4,-0.4,-0.4,-0.4,1.0,0.0,18.0,1.0,0.9,0.4,-6.2,-6.2,-6.2,-6.2,1.0,0.0,18.0,1.0,0.9,0.4,0.16,0.16,0.16,0.16,1.0,0.0,18.0,1.0,0.9,0.4,2.5,2.5,2.5,2.5,1.0,0.0,18.0,1.0,0.9,0.4,98.6,98.6,98.6,98.6,1.0,0.0,18.0,1.0,0.9,0.4,0.0,0.0,0.0,0.0,1.0,0.0,18.0,1.0,0.9,0.4,88.1,88.1,88.1,88.1,1.0,0.0,18.0,1.0,0.9,0.4,0.0,0.0,0.0,0.0,1.0,0.0,18.0,1.0,0.9,0.4,2.5,2.5,2.5,2.5,1.0,0.0,18.0,1.0,0.9,0.4,0.0,0.0,0.0,0.0,1.0,0.0,18.0,1.0,0.9,0.4,3652.5,3652.5,3652.5,3652.5,1.0,0.0,18.0,1.0,0.9,0.4,3650.0,3650.0,3650.0,3650.0,1.0,0.0,18.0,1.0,0.9,0.4
1974,2,8.0,-47.0,,,,,,,,,,,,,,,,,,,,,,,,,,,,,,,,,,,,,,,,7.11,8.0,8.89,8.0,2.0,1.84,22.0,1.0,0.3,0.2,6.6,6.64,6.68,6.64,2.0,0.09,22.0,1.0,0.3,0.2,-5.53,-3.29,-1.04,-3.29,2.0,4.65,22.0,1.0,0.3,0.2,1008.32,1009.0,1009.68,1009.0,2.0,1.41,22.0,1.0,0.3,0.2,,,,,,,,,,,,,,,,,,,,,,,,,,,,,,,,,,,,,,,,,,,,,,,,,,,,,,,,,,,,,,,,,,,,,,,,,,,,,,,,,,,,,,,,,,,,,,,,,,,,,,,,,,,,,,,,,,,,,,,,,,,,,,,,,,,,,,,,,,,,,,,,,,,,,,
1974,2,8.0,-36.0,17.6,17.6,17.6,17.6,1.0,0.0,8.0,0.0,0.3,0.3,15.0,15.0,15.0,15.0,1.0,0.0,8.0,0.0,0.3,0.3,6.6,6.6,6.6,6.6,1.0,0.0,8.0,0.0,0.3,0.3,63.4,63.4,63.4,63.4,1.0,0.0,8.0,0.0,0.3,6.36,6.7,7.04,6.7,2.0,0.71,12.0,0.5,0.3,0.5,-4.98,-3.82,-2.66,-3.82,2.0,2.4,12.0,0.5,0.3,0.5,4.82,5.23,5.64,5.23,2.0,0.85,12.0,0.5,0.3,0.5,1022.55,1023.95,1025.35,1023.95,2.0,2.9,12.0,0.5,0.3,0.5,5.3,6.0,6.7,6.0,2.0,1.4,12.0,0.5,0.3,0.5,-35.5,-26.4,-17.4,-26.4,2.0,18.8,12.0,0.5,0.3,0.5,33.8,34.7,35.7,34.7,2.0,2.0,12.0,0.5,0.3,0.5,2.6,2.6,2.6,2.6,1.0,0.0,8.0,0.0,0.3,0.3,18.7,18.7,18.7,18.7,1.0,0.0,8.0,0.0,0.3,0.3,5.74,5.74,5.74,5.74,1.0,0.0,8.0,0.0,0.3,0.3,41.3,41.3,41.3,41.3,1.0,0.0,8.0,0.0,0.3,0.3,-82.7,-82.7,-82.7,-82.7,1.0,0.0,8.0,0.0,0.3,0.3,69.4,69.4,69.4,69.4,1.0,0.0,8.0,0.0,0.3,0.3,-36.4,-36.4,-36.4,-36.4,1.0,0.0,8.0,0.0,0.3,0.3,30.5,30.5,30.5,30.5,1.0,0.0,8.0,0.0,0.3,0.3,-31.7,-31.7,-31.7,-31.7,1.0,0.0,8.0,0.0,0.3,0.3,26.6,26.6,26.6,26.6,1.0,0.0,8.0,0.0,0.3,0.3,259.5,306.0,352.0,306.0,2.0,95.5,12.0,0.5,0.3,0.5,260.0,305.0,350.0,305.0,2.0,95.0,12.0,0.5,0.3,0.5
1974,2,8.0,-35.0,19.67,20.05,20.43,20.05,2.0,0.78,18.0,1.0,0.6,0.4,19.22,20.55,21.88,20.55,2.0,2.76,18.0,1.0,0.6,0.4,8.82,9.18,9.54,9.18,2.0,0.74,18.0,1.0,0.6,0.4,59.1,61.7,64.2,61.7,2.0,5.4,18.0,1.0,0.4,4.5,6.45,8.4,6.45,2.0,4.03,18.0,1.0,0.6,0.4,-5.57,-4.68,-3.79,-4.68,2.0,1.83,18.0,1.0,0.6,0.4,2.17,4.18,6.19,4.18,2.0,4.17,18.0,1.0,0.6,0.4,1017.45,1019.05,1020.65,1019.05,2.0,3.32,18.0,1.0,0.6,0.4,7.0,7.0,7.0,7.0,2.0,0.0,18.0,1.0,0.6,0.4,-48.7,-33.9,-19.1,-33.9,2.0,30.7,18.0,1.0,0.6,0.4,14.2,35.3,56.4,35.3,2.0,43.7,18.0,1.0,0.6,0.4,-2.21,-0.5,1.21,-0.5,2.0,3.54,18.0,1.0,0.6,0.4,-6.1,3.9,13.9,3.9,2.0,20.8,18.0,1.0,0.6,0.4,4.61,5.33,6.05,5.33,2.0,1.49,18.0,1.0,0.6,0.4,22.4,37.4,52.4,37.4,2.0,31.1,18.0,1.0,0.6,0.4,-105.6,-93.7,-81.7,-93.7,2.0,24.8,18.0,1.0,0.6,0.4,44.3,80.1,115.9,80.1,2.0,74.1,18.0,1.0,0.6,0.4,-48.8,-42.3,-35.8,-42.3,2.0,13.4,18.0,1.0,0.6,0.4,19.8,36.8,53.8,36.8,2.0,35.2,18.0,1.0,0.6,0.4,-34.4,-26.3,-18.2,-26.3,2.0,16.8,18.0,1.0,0.6,0.4,11.6,25.4,39.1,25.4,2.0,28.4,18.0,1.0,0.6,0.4,167.0,425.5,684.0,425.5,2.0,536.0,18.0,1.0,0.6,0.4,165.0,425.0,685.0,425.0,2.0,535.0,18.0,1.0,0.6,0.4
1974,2,8.0,-34.0,,,,,,,,,,,,,,,,,,,,,,,,,,,,,,,,,,,,,,,,,,,,,,,,,,,,,,,,,,,,,,,,,,,,,,,,,,,,,,,,8.0,8.0,8.0,8.0,1.0,0.0,2.0,0.0,0.3,0.1,-28.9,-28.9,-28.9,-28.9,1.0,0.0,2.0,0.0,0.3,0.1,34.4,34.4,34.4,34.4,1.0,0.0,2.0,0.0,0.3,0.1,,,,,,,,,,,,,,,,,,,,,,,,,,,,,,,,,,,,,,,,,,,,,,,,,,,,,,,,,,,,,,,,,,,,,,,,,,,,,,,,,,,,,,,,,,,,,,,,,,,,,,,,,,,,,,,,,,,,,,,,
1974,2,8.0,-33.0,20.09,20.5,20.7,20.4,3.0,0.46,18.0,0.7,0.6,0.5,19.25,20.0,20.48,19.87,3.0,0.91,18.0,0.7,0.6,0.5,9.51,10.77,12.0,10.75,3.0,1.82,18.0,0.7,0.6,0.5,67.7,71.6,82.2,74.9,3.0,11.0,18.0,0.7,0.5,2.13,6.7,8.82,5.5,3.0,5.01,18.0,0.7,0.6,0.5,-6.19,-3.35,-1.06,-3.62,3.0,3.76,18.0,0.7,0.6,0.5,1.84,5.8,6.14,4.03,3.0,3.5,18.0,0.7,0.6,0.5,1015.55,1020.6,1020.74,1018.2,3.0,4.33,18.0,0.7,0.6,0.5,3.3,4.0,5.4,4.3,3.0,1.5,18.0,0.7,0.6,0.5,-57.3,-22.4,-7.1,-32.0,3.0,37.7,18.0,0.7,0.6,0.5,12.3,38.9,54.5,33.5,3.0,31.2,18.0,0.7,0.6,0.5,0.12,0.8,0.94,0.53,3.0,0.64,18.0,0.7,0.6,0.5,-0.9,0.0,5.4,2.2,3.0,5.0,18.0,0.7,0.6,0.5,3.09,4.12,5.08,4.08,3.0,1.46,18.0,0.7,0.6,0.5,8.1,25.5,26.9,17.7,3.0,15.4,18.0,0.7,0.6,0.5,-124.5,-69.3,-22.0,-73.2,3.0,75.1,18.0,0.7,0.6,0.5,38.1,120.1,124.1,82.0,3.0,71.1,18.0,0.7,0.6,0.5,-75.8,-36.1,-11.5,-43.5,3.0,47.6,18.0,0.7,0.6,0.5,19.8,62.5,73.9,47.2,3.0,41.7,18.0,0.7,0.6,0.5,-17.7,-13.8,-4.4,-11.1,3.0,10.1,18.0,0.7,0.6,0.5,5.2,16.4,21.5,13.4,3.0,12.2,18.0,0.7,0.6,0.5,95.5,301.0,738.0,414.0,3.0,480.5,18.0,0.7,0.6,0.5,95.0,300.0,740.0,415.0,3.0,480.0,18.0,0.7,0.6,0.5
1974,2,8.0,-32.0,20.29,20.9,21.04,20.67,3.0,0.59,12.0,0.7,0.6,0.7,18.18,19.0,19.68,18.93,3.0,1.1,12.0,0.7,0.6,0.7,10.78,11.21,12.42,11.59,3.0,1.25,12.0,0.7,0.6,0.7,81.6,89.2,89.7,85.7,3.0,6.6,12.0,0.7,0.7,7.84,10.3,10.3,9.1,3.0,2.08,12.0,0.7,0.6,0.7,-4.63,-3.52,-3.4,-4.01,3.0,0.99,12.0,0.7,0.6,0.7,6.79,8.92,9.44,8.13,3.0,2.05,12.0,0.7,0.6,0.7,1019.36,1019.5,1019.84,1019.6,3.0,0.36,12.0,0.7,0.6,0.7,4.6,8.0,8.0,6.3,3.0,2.9,12.0,0.7,0.6,0.7,-47.7,-36.3,-26.8,-37.3,3.0,15.3,12.0,0.7,0.6,0.7,55.7,91.9,97.2,76.8,3.0,33.1,12.0,0.7,0.6,0.7,1.35,1.9,2.1,1.73,3.0,0.57,12.0,0.7,0.6,0.7,11.8,12.7,19.5,15.6,3.0,6.2,12.0,0.7,0.6,0.7,2.73,3.24,4.24,3.48,3.0,1.13,12.0,0.7,0.6,0.7,27.5,31.5,32.8,30.2,3.0,4.0,12.0,0.7,0.6,0.7,-90.5,-63.6,-63.0,-76.5,3.0,23.0,12.0,0.7,0.6,0.7,129.9,172.3,176.5,153.6,3.0,37.7,12.0,0.7,0.6,0.7,-58.2,-39.5,-36.7,-47.3,3.0,17.1,12.0,0.7,0.6,0.7,76.3,108.5,113.5,95.2,3.0,29.5,12.0,0.7,0.6,0.7,-14.8,-12.8,-11.9,-13.3,3.0,2.2,12.0,0.7,0.6,0.7,23.8,27.3,30.0,26.9,3.0,4.6,12.0,0.7,0.6,0.7,552.0,1092.5,1092.5,828.5,3.0,457.0,12.0,0.7,0.6,0.7,550.0,1095.0,1095.0,830.0,3.0,455.0,12.0,0.7,0.6,0.7
1974,2,8.0,-31.0,20.0,20.0,20.0,20.0,1.0,0.0,18.0,1.0,0.2,0.8,23.0,23.0,23.0,23.0,1.0,0.0,18.0,1.0,0.2,0.8,12.42,12.42,12.42,12.42,1.0,0.0,18.0,1.0,0.2,0.8,71.6,71.6,71.6,71.6,1.0,0.0,18.0,1.0,0.8,6.2,6.2,6.2,6.2,1.0,0.0,18.0,1.0,0.2,0.8,-4.75,-4.75,-4.75,-4.75,1.0,0.0,18.0,1.0,0.2,0.8,3.99,3.99,3.99,3.99,1.0,0.0,18.0,1.0,0.2,0.8,1019.9,1019.9,1019.9,1019.9,1.0,0.0,18.0,1.0,0.2,0.8,5.0,5.0,5.0,5.0,1.0,0.0,18.0,1.0,0.2,0.8,-29.4,-29.4,-29.4,-29.4,1.0,0.0,18.0,1.0,0.2,0.8,24.7,24.7,24.7,24.7,1.0,0.0,18.0,1.0,0.2,0.8,-3.0,-3.0,-3.0,-3.0,1.0,0.0,18.0,1.0,0.2,0.8,-18.6,-18.6,-18.6,-18.6,1.0,0.0,18.0,1.0,0.2,0.8,2.03,2.03,2.03,2.03,1.0,0.0,18.0,1.0,0.2,0.8,12.6,12.6,12.6,12.6,1.0,0.0,18.0,1.0,0.2,0.8,-109.2,-109.2,-109.2,-109.2,1.0,0.0,18.0,1.0,0.2,0.8,91.7,91.7,91.7,91.7,1.0,0.0,18.0,1.0,0.2,0.8,-59.0,-59.0,-59.0,-59.0,1.0,0.0,18.0,1.0,0.2,0.8,49.5,49.5,49.5,49.5,1.0,0.0,18.0,1.0,0.2,0.8,-9.6,-9.6,-9.6,-9.6,1.0,0.0,18.0,1.0,0.2,0.8,8.1,8.1,8.1,8.1,1.0,0.0,18.0,1.0,0.2,0.8,238.5,238.5,238.5,238.5,1.0,0.0,18.0,1.0,0.2,0.8,240.0,240.0,240.0,240.0,1.0,0.0,18.0,1.0,0.2,0.8
1974,2,8.0,-30.0,20.09,21.05,21.19,20.81,8.0,0.52,18.0,0.8,0.6,0.5,20.06,20.6,21.19,20.51,8.0,1.05,18.0,0.8,0.6,0.5,11.21,11.89,12.13,11.8,8.0,1.43,18.0,0.8,0.6,0.5,73.7,77.9,81.2,78.6,8.0,6.8,18.0,0.8,0.5,5.81,6.95,8.14,7.2,8.0,1.6,18.0,0.8,0.6,0.5,-6.47,-3.99,-1.17,-3.24,8.0,3.69,18.0,0.8,0.6,0.5,3.4,5.71,7.04,5.25,8.0,2.18,18.0,0.8,0.6,0.5,1013.2,1015.1,1016.3,1015.2,8.0,1.95,18.0,0.8,0.6,0.5,6.1,7.0,8.0,6.8,8.0,1.7,18.0,0.8,0.6,0.5,-56.7,-24.9,-7.9,-27.1,8.0,29.0,18.0,0.8,0.6,0.5,17.6,39.3,51.5,39.3,8.0,22.9,18.0,0.8,0.6,0.5,-0.47,0.1,0.39,0.3,8.0,1.07,18.0,0.8,0.6,0.5,-3.1,0.8,3.2,1.6,8.0,5.7,18.0,0.8,0.6,0.5,2.73,3.34,4.33,3.47,8.0,1.48,18.0,0.8,0.6,0.5,18.5,23.2,32.2,24.0,8.0,8.4,18.0,0.8,0.6,0.5,-129.8,-84.1,-24.8,-68.6,8.0,73.7,18.0,0.8,0.6,0.5,63.9,117.6,144.8,107.7,8.0,45.1,18.0,0.8,0.6,0.5,-75.6,-47.6,-14.1,-41.8,8.0,44.3,18.0,0.8,0.6,0.5,32.6,65.2,84.4,61.2,8.0,26.1,18.0,0.8,0.6,0.5,-17.5,-10.9,-4.0,-7.4,8.0,14.6,18.0,0.8,0.6,0.5,14.2,21.3,23.0,18.4,8.0,8.0,18.0,0.8,0.6,0.5,198.0,337.0,541.0,424.0,8.0,302.0,18.0,0.8,0.6,0.5,200.0,335.0,540.0,425.0,8.0,300.0,18.0,0.8,0.6,0.5
1974,2,8.0,-29.0,21.01,21.2,21.98,21.34,8.0,0.73,14.0,0.3,0.5,0.5,20.57,21.1,21.27,21.06,7.0,0.8,12.0,0.1,0.5,0.5,11.48,11.98,12.4,12.12,6.0,0.94,14.0,0.2,0.5,0.5,76.1,78.2,81.8,78.9,7.0,5.9,12.0,0.1,0.5,4.16,6.15,7.7,5.96,8.0,1.96,14.0,0.3,0.5,0.5,-4.91,-3.92,-0.92,-3.47,8.0,2.32,14.0,0.3,0.5,0.5,3.2,4.26,5.86,4.5,8.0,1.46,14.0,0.3,0.5,0.5,1012.45,1015.5,1016.9,1014.71,7.0,2.14,16.0,0.3,0.5,0.5,3.3,6.5,7.9,5.9,8.0,2.2,14.0,0.3,0.5,0.5,-37.6,-24.0,-4.0,-24.2,8.0,19.5,14.0,0.3,0.5,0.5,11.2,28.1,44.8,28.7,8.0,16.1,14.0,0.3,0.5,0.5,-0.61,0.0,1.01,0.13,7.0,0.75,12.0,0.1,0.5,0.5,-4.7,0.0,5.6,0.3,7.0,4.9,12.0,0.1,0.5,0.5,2.74,3.91,4.26,3.51,6.0,1.07,14.0,0.2,0.5,0.5,17.5,21.9,30.6,23.2,6.0,8.0,14.0,0.2,0.5,0.5,-107.1,-82.9,-52.2,-84.1,7.0,44.8,12.0,0.1,0.5,0.5,83.4,93.6,125.1,98.8,7.0,29.2,12.0,0.1,0.5,0.5,-72.4,-50.1,-41.5,-54.9,6.0,19.4,14.0,0.2,0.5,0.5,44.7,57.6,78.0,58.5,6.0,20.0,14.0,0.2,0.5,0.5,-21.3,-14.7,-9.1,-15.9,6.0,8.2,14.0,0.2,0.5,0.5,10.0,16.9,20.8,16.0,6.0,5.4,14.0,0.2,0.5,0.5,72.0,253.0,456.5,271.0,8.0,209.0,14.0,0.3,0.5,0.5,70.0,255.0,455.0,270.0,8.0,210.0,14.0,0.3,0.5,0.5
1974,2,8.0,-28.0,21.44,21.95,22.2,21.83,4.0,0.48,18.0,0.5,0.4,0.3,20.32,21.05,21.15,20.75,4.0,0.7,18.0,0.5,0.4,0.3,11.67,12.46,12.66,12.18,4.0,0.74,18.0,0.5,0.4,0.3,78.8,80.4,81.4,80.1,4.0,1.6,18.0,0.5,0.3,6.03,10.55,11.82,9.0,4.0,4.39,18.0,0.5,0.4,0.3,-5.06,-3.06,-1.07,-3.07,4.0,2.6,18.0,0.5,0.4,0.3,5.35,10.21,10.64,8.09,4.0,4.55,18.0,0.5,0.4,0.3,1013.03,1016.2,1016.85,1015.0,4.0,2.93,18.0,0.5,0.4,0.3,3.4,6.5,8.0,5.8,4.0,2.9,18.0,0.5,0.4,0.3,-60.4,-24.8,-2.8,-31.3,4.0,35.3,18.0,0.5,0.4,0.3,47.5,108.0,125.8,87.6,4.0,58.0,18.0,0.5,0.4,0.3,0.84,1.05,1.31,1.08,4.0,0.33,18.0,0.5,0.4,0.3,4.6,9.6,15.6,10.1,4.0,6.9,18.0,0.5,0.4,0.3,3.91,3.96,4.27,4.08,4.0,0.29,18.0,0.5,0.4,0.3,23.6,41.8,50.6,37.3,4.0,19.4,18.0,0.5,0.4,0.3,-102.3,-64.6,-22.7,-62.6,4.0,51.4,18.0,0.5,0.4,0.3,112.4,207.8,217.3,166.8,4.0,93.2,18.0,0.5,0.4,0.3,-59.0,-38.7,-13.6,-36.4,4.0,29.2,18.0,0.5,0.4,0.3,64.9,119.3,127.6,97.3,4.0,54.3,18.0,0.5,0.4,0.3,-21.9,-12.1,-4.2,-13.0,4.0,11.7,18.0,0.5,0.4,0.3,20.9,40.4,45.4,33.5,4.0,19.4,18.0,0.5,0.4,0.3,457.5,1192.0,1662.0,1065.5,4.0,793.5,18.0,0.5,0.4,0.3,455.0,1190.0,1660.0,1065.0,4.0,795.0,18.0,0.5,0.4,0.3
1974,2,8.0,-27.0,19.18,20.0,22.05,20.6,3.0,2.16,12.0,0.3,0.6,0.5,21.59,22.0,22.07,21.83,3.0,0.38,12.0,0.3,0.6,0.5,10.79,12.74,12.85,11.84,3.0,1.7,12.0,0.3,0.6,0.5,66.0,78.1,79.7,73.0,3.0,10.9,12.0,0.3,0.5,5.75,9.3,9.3,7.57,3.0,3.0,12.0,0.3,0.6,0.5,-5.56,-4.65,-1.48,-3.54,3.0,3.14,12.0,0.3,0.6,0.5,5.06,7.12,7.76,6.43,3.0,2.07,12.0,0.3,0.6,0.5,1013.03,1013.1,1015.42,1014.2,3.0,1.99,12.0,0.3,0.6,0.5,2.2,7.0,7.7,5.0,3.0,4.4,12.0,0.3,0.6,0.5,-51.7,-43.2,-13.7,-32.9,3.0,29.2,12.0,0.3,0.6,0.5,32.5,66.3,72.2,52.7,3.0,31.3,12.0,0.3,0.6,0.5,-2.7,-1.4,0.24,-1.23,3.0,2.15,12.0,0.3,0.6,0.5,-25.1,-13.0,-1.3,-13.2,3.0,17.4,12.0,0.3,0.6,0.5,0.97,1.8,5.74,3.32,3.0,3.73,12.0,0.3,0.6,0.5,9.0,16.8,26.5,17.7,3.0,12.8,12.0,0.3,0.6,0.5,-121.8,-99.5,-31.6,-77.2,3.0,68.8,12.0,0.3,0.6,0.5,111.5,157.4,167.6,140.0,3.0,43.8,12.0,0.3,0.6,0.5,-71.5,-59.2,-18.8,-45.5,3.0,40.4,12.0,0.3,0.6,0.5,56.8,91.9,99.2,78.3,3.0,33.2,12.0,0.3,0.6,0.5,-6.8,-3.5,-1.1,-4.0,3.0,4.2,12.0,0.3,0.6,0.5,7.4,14.5,25.8,16.6,3.0,13.6,12.0,0.3,0.6,0.5,302.5,804.5,804.5,559.0,3.0,424.5,12.0,0.3,0.6,0.5,300.0,805.0,805.0,560.0,3.0,425.0,12.0,0.3,0.6,0.5
1974,2,8.0,-26.0,22.36,22.5,22.84,22.6,3.0,0.36,20.0,0.3,0.5,0.7,21.05,21.45,21.9,21.48,4.0,0.5,18.0,0.5,0.6,0.7,10.89,13.04,13.95,12.43,3.0,2.3,16.0,0.7,0.6,0.7,68.0,79.7,85.8,77.0,4.0,11.7,18.0,0.5,0.7,3.79,5.85,7.96,5.88,4.0,2.41,18.0,0.5,0.6,0.7,-3.24,-2.19,-0.86,-2.06,4.0,1.61,18.0,0.5,0.6,0.7,3.09,4.89,7.47,5.26,4.0,2.58,18.0,0.5,0.6,0.7,1013.46,1015.1,1015.71,1014.6,3.0,1.71,16.0,0.7,0.6,0.7,1.5,2.5,4.0,2.8,4.0,1.7,18.0,0.5,0.6,0.7,-20.4,-8.4,-3.1,-11.6,4.0,12.8,18.0,0.5,0.6,0.7,11.7,31.8,59.7,35.5,4.0,28.2,18.0,0.5,0.6,0.7,0.72,1.2,1.27,1.0,3.0,0.44,20.0,0.3,0.5,0.7,2.8,4.8,8.8,5.8,3.0,4.5,20.0,0.3,0.5,0.7,3.41,5.1,6.79,5.1,2.0,3.5,18.0,0.5,0.5,0.6,12.7,19.9,27.0,19.9,2.0,14.8,18.0,0.5,0.5,0.6,-69.2,-47.8,-18.9,-44.2,4.0,34.1,18.0,0.5,0.6,0.7,67.7,104.6,157.2,112.1,4.0,52.8,18.0,0.5,0.6,0.7,-42.5,-25.9,-25.6,-33.8,3.0,14.2,16.0,0.7,0.6,0.7,34.9,44.8,73.6,54.0,3.0,29.4,16.0,0.7,0.6,0.7,-17.1,-12.1,-7.1,-12.1,2.0,10.4,18.0,0.5,0.5,0.6,10.6,15.7,20.8,15.7,2.0,10.6,18.0,0.5,0.5,0.6,55.0,260.5,506.0,279.5,4.0,262.0,18.0,0.5,0.6,0.7,55.0,260.0,505.0,280.0,4.0,260.0,18.0,0.5,0.6,0.7
1974,2,8.0,-25.0,21.0,22.0,23.0,21.9,21.0,0.97,14.0,0.5,0.6,0.6,20.7,21.85,22.7,21.7,22.0,1.03,14.0,0.5,0.6,0.6,11.55,12.75,14.05,12.87,10.0,1.44,10.0,0.5,0.5,0.5,75.3,80.7,87.9,81.6,10.0,7.2,10.0,0.5,0.5,4.61,6.7,9.0,7.07,20.0,2.39,12.0,0.5,0.5,0.6,-5.76,-2.21,0.0,-2.46,20.0,3.28,12.0,0.5,0.5,0.6,4.33,5.81,7.87,5.93,20.0,2.03,12.0,0.5,0.5,0.6,1012.0,1013.8,1015.0,1013.42,20.0,1.82,12.0,0.5,0.6,0.6,5.0,6.5,8.0,6.3,20.0,1.6,14.0,0.6,0.6,0.6,-51.8,-12.7,0.0,-19.8,20.0,33.9,12.0,0.5,0.5,0.6,20.0,41.5,73.4,45.8,20.0,26.0,12.0,0.5,0.5,0.6,-0.98,0.0,1.71,0.25,21.0,1.36,14.0,0.5,0.6,0.6,-5.5,0.0,6.7,1.9,19.0,8.9,12.0,0.4,0.5,0.6,2.33,3.15,5.18,3.58,10.0,1.72,10.0,0.5,0.5,0.5,10.5,20.3,36.9,23.7,10.0,15.0,10.0,0.5,0.5,0.5,-127.9,-46.4,0.0,-53.7,20.0,72.0,12.0,0.5,0.5,0.6,89.8,130.5,167.6,128.3,20.0,45.4,12.0,0.5,0.5,0.6,-63.2,-42.9,-16.2,-38.3,10.0,30.4,10.0,0.5,0.5,0.5,64.4,74.2,85.7,70.5,10.0,19.8,10.0,0.5,0.5,0.5,-26.0,-9.2,-3.3,-12.1,10.0,10.8,10.0,0.5,0.5,0.5,8.9,18.3,26.4,19.5,10.0,12.2,10.0,0.5,0.5,0.5,98.0,301.0,729.0,469.0,20.0,437.5,12.0,0.5,0.5,0.6,100.0,300.0,730.0,470.0,20.0,440.0,12.0,0.5,0.5,0.6
1974,2,8.0,-24.0,21.0,21.9,22.8,21.7,83.0,1.07,14.0,0.5,0.5,0.7,20.6,21.5,23.05,21.74,79.0,1.31,14.0,0.5,0.5,0.7,11.27,12.35,13.67,12.5,58.0,1.33,14.0,0.5,0.6,0.7,70.7,77.8,84.2,77.5,59.0,7.8,14.0,0.5,0.7,4.6,7.0,9.3,6.96,81.0,2.71,14.0,0.5,0.5,0.7,-5.19,-3.28,-1.22,-3.21,81.0,2.29,14.0,0.5,0.5,0.7,3.89,5.8,8.05,5.91,81.0,2.31,14.0,0.5,0.5,0.7,1010.27,1012.4,1014.11,1012.4,82.0,1.96,14.0,0.5,0.5,0.7,3.0,6.0,8.0,5.9,82.0,2.1,14.0,0.5,0.5,0.7,-48.7,-21.9,-4.9,-26.3,81.0,28.2,14.0,0.5,0.5,0.7,17.8,39.7,74.9,47.1,81.0,36.9,14.0,0.5,0.5,0.7,-1.08,0.05,1.1,-0.04,78.0,1.6,14.0,0.5,0.5,0.7,-8.3,0.5,7.6,0.2,75.0,11.2,14.0,0.5,0.5,0.7,2.45,3.74,4.89,3.67,58.0,1.44,14.0,0.5,0.6,0.7,12.3,22.5,40.6,24.9,56.0,13.6,14.0,0.6,0.6,0.7,-110.9,-68.2,-30.5,-70.9,76.0,48.0,14.0,0.5,0.5,0.7,80.8,122.2,170.4,126.5,76.0,50.9,14.0,0.5,0.5,0.7,-63.9,-40.9,-11.5,-38.8,56.0,26.5,14.0,0.6,0.6,0.7,46.8,71.6,94.6,71.6,56.0,26.8,14.0,0.6,0.6,0.7,-20.8,-11.3,-2.3,-11.8,56.0,9.1,14.0,0.6,0.6,0.7,10.6,20.0,34.3,21.2,56.0,11.6,14.0,0.6,0.6,0.7,97.5,343.0,804.5,501.5,81.0,667.0,14.0,0.5,0.5,0.7,95.0,345.0,805.0,500.0,81.0,665.0,14.0,0.5,0.5,0.7
1974,2,8.0,-23.0,21.05,22.0,23.0,21.92,80.0,0.92,14.0,0.6,0.3,0.5,21.0,21.7,23.0,21.98,83.0,1.07,14.0,0.6,0.3,0.5,11.37,12.59,13.86,12.61,73.0,1.29,14.0,0.6,0.4,0.5,69.5,77.4,84.1,76.9,75.0,7.5,14.0,0.6,0.5,4.6,6.7,9.3,6.9,83.0,2.43,14.0,0.6,0.3,0.5,-5.37,-3.35,0.0,-3.17,83.0,2.51,14.0,0.6,0.3,0.5,3.55,5.9,7.89,5.75,83.0,2.07,14.0,0.6,0.3,0.5,1011.0,1012.75,1015.0,1012.94,82.0,2.02,14.0,0.6,0.3,0.5,4.0,8.0,8.0,6.4,83.0,2.1,14.0,0.6,0.3,0.5,-48.6,-23.0,0.0,-25.7,83.0,25.7,14.0,0.6,0.3,0.5,16.2,39.7,74.9,44.2,83.0,27.0,14.0,0.6,0.3,0.5,-1.56,0.2,0.9,-0.09,79.0,1.36,14.0,0.6,0.3,0.5,-8.6,1.0,6.1,-1.0,78.0,9.9,14.0,0.6,0.3,0.5,2.58,3.65,4.96,3.75,71.0,1.28,14.0,0.6,0.4,0.5,14.9,24.5,37.6,26.2,70.0,13.5,14.0,0.6,0.4,0.5,-119.7,-69.9,0.0,-68.9,82.0,55.6,14.0,0.6,0.3,0.5,80.2,126.2,173.8,126.2,82.0,46.1,14.0,0.6,0.3,0.5,-70.9,-39.9,0.0,-39.1,72.0,30.5,14.0,0.6,0.4,0.5,52.4,71.8,94.8,72.9,72.0,24.8,14.0,0.6,0.4,0.5,-22.0,-12.0,0.0,-12.0,70.0,11.2,14.0,0.6,0.4,0.5,11.5,19.6,33.9,21.8,70.0,11.2,14.0,0.6,0.4,0.5,97.5,301.0,804.5,448.0,83.0,406.0,14.0,0.6,0.3,0.5,95.0,300.0,805.0,450.0,83.0,405.0,14.0,0.6,0.3,0.5
1974,2,8.0,-22.0,21.93,22.0,22.07,22.19,9.0,0.69,12.0,0.1,0.1,0.4,20.74,21.5,21.89,21.4,9.0,0.74,12.0,0.1,0.1,0.4,11.04,12.94,13.87,12.64,9.0,1.48,12.0,0.1,0.1,0.4,67.6,81.0,90.0,80.0,9.0,10.7,12.0,0.1,0.4,6.83,8.2,9.3,8.05,10.0,1.51,12.0,0.1,0.1,0.4,-6.35,-3.65,-0.5,-3.41,10.0,2.71,12.0,0.1,0.1,0.4,5.46,7.18,7.98,6.88,10.0,1.18,12.0,0.1,0.1,0.4,1010.83,1011.7,1014.09,1012.23,9.0,1.68,12.0,0.1,0.1,0.4,5.3,7.0,8.0,6.7,9.0,1.7,12.0,0.1,0.1,0.4,-57.0,-27.2,-3.3,-30.3,10.0,25.4,12.0,0.1,0.1,0.4,40.4,59.4,71.6,56.5,10.0,17.4,12.0,0.1,0.1,0.4,0.11,0.5,1.65,0.79,9.0,0.91,12.0,0.1,0.1,0.4,1.0,3.9,13.3,5.9,9.0,6.8,12.0,0.1,0.1,0.4,2.94,3.72,5.45,4.04,9.0,1.31,12.0,0.1,0.1,0.4,21.1,31.2,47.6,33.4,9.0,14.6,12.0,0.1,0.1,0.4,-138.8,-95.3,-6.3,-74.6,9.0,62.2,12.0,0.1,0.1,0.4,117.8,153.9,168.4,145.2,9.0,26.6,12.0,0.1,0.1,0.4,-68.9,-59.1,-4.2,-41.8,9.0,34.2,12.0,0.1,0.1,0.4,70.9,88.5,102.3,85.5,9.0,16.7,12.0,0.1,0.1,0.4,-33.9,-17.3,-0.9,-16.4,9.0,15.3,12.0,0.1,0.1,0.4,19.2,27.9,32.4,27.3,9.0,9.3,12.0,0.1,0.1,0.4,319.0,551.5,804.5,569.5,10.0,283.0,12.0,0.1,0.1,0.4,320.0,550.0,805.0,570.0,10.0,285.0,12.0,0.1,0.1,0.4
1974,2,8.0,-21.0,21.0,21.0,21.0,21.0,1.0,0.0,14.0,1.0,0.1,0.3,23.0,23.0,23.0,23.0,1.0,0.0,14.0,1.0,0.1,0.3,15.33,15.33,15.33,15.33,1.0,0.0,14.0,1.0,0.1,0.3,87.4,87.4,87.4,87.4,1.0,0.0,14.0,1.0,0.3,3.6,3.6,3.6,3.6,1.0,0.0,14.0,1.0,0.1,0.3,-0.63,-0.63,-0.63,-0.63,1.0,0.0,14.0,1.0,0.1,0.3,3.55,3.55,3.55,3.55,1.0,0.0,14.0,1.0,0.1,0.3,1010.1,1010.1,1010.1,1010.1,1.0,0.0,14.0,1.0,0.1,0.3,4.0,4.0,4.0,4.0,1.0,0.0,14.0,1.0,0.1,0.3,-2.3,-2.3,-2.3,-2.3,1.0,0.0,14.0,1.0,0.1,0.3,12.8,12.8,12.8,12.8,1.0,0.0,14.0,1.0,0.1,0.3,-2.0,-2.0,-2.0,-2.0,1.0,0.0,14.0,1.0,0.1,0.3,-7.2,-7.2,-7.2,-7.2,1.0,0.0,14.0,1.0,0.1,0.3,0.19,0.19,0.19,0.19,1.0,0.0,14.0,1.0,0.1,0.3,0.7,0.7,0.7,0.7,1.0,0.0,14.0,1.0,0.1,0.3,-14.4,-14.4,-14.4,-14.4,1.0,0.0,14.0,1.0,0.1,0.3,81.5,81.5,81.5,81.5,1.0,0.0,14.0,1.0,0.1,0.3,-9.6,-9.6,-9.6,-9.6,1.0,0.0,14.0,1.0,0.1,0.3,54.4,54.4,54.4,54.4,1.0,0.0,14.0,1.0,0.1,0.3,-0.1,-0.1,-0.1,-0.1,1.0,0.0,14.0,1.0,0.1,0.3,0.7,0.7,0.7,0.7,1.0,0.0,14.0,1.0,0.1,0.3,46.5,46.5,46.5,46.5,1.0,0.0,14.0,1.0,0.1,0.3,45.0,45.0,45.0,45.0,1.0,0.0,14.0,1.0,0.1,0.3
1974,2,8.0,-19.0,22.58,23.45,23.9,23.25,4.0,0.82,10.0,0.3,0.5,0.7,21.05,21.55,23.05,22.03,4.0,1.39,10.0,0.3,0.5,0.7,11.49,11.89,12.22,11.86,3.0,0.53,10.0,0.3,0.4,0.6,72.6,73.1,77.4,74.9,3.0,3.9,10.0,0.3,0.6,7.7,7.7,7.7,7.7,3.0,0.0,10.0,0.3,0.4,0.6,-3.46,-2.63,-2.63,-3.04,3.0,0.7,10.0,0.3,0.4,0.6,6.85,7.24,7.24,7.05,3.0,0.33,10.0,0.3,0.4,0.6,1010.89,1011.5,1014.62,1012.7,4.0,2.98,10.0,0.3,0.5,0.7,2.4,6.0,8.0,5.3,4.0,3.4,10.0,0.3,0.5,0.7,-26.7,-20.3,-20.3,-23.4,3.0,5.4,10.0,0.3,0.4,0.6,52.7,55.7,55.7,54.3,3.0,2.5,10.0,0.3,0.4,0.6,0.0,1.5,2.42,1.23,4.0,1.66,10.0,0.3,0.5,0.7,10.4,14.6,19.9,15.1,3.0,6.9,10.0,0.3,0.4,0.6,5.06,6.63,7.04,6.07,3.0,1.53,10.0,0.3,0.4,0.6,39.0,51.0,54.2,46.7,3.0,11.8,10.0,0.3,0.4,0.6,-73.8,-57.9,-56.1,-64.8,3.0,14.3,10.0,0.3,0.4,0.6,144.3,151.9,156.9,150.6,3.0,9.3,10.0,0.3,0.4,0.6,-42.4,-31.3,-30.3,-36.2,3.0,9.9,10.0,0.3,0.4,0.6,82.0,82.5,84.9,83.4,3.0,2.3,10.0,0.3,0.4,0.6,-18.5,-17.5,-16.9,-17.7,3.0,1.2,10.0,0.3,0.4,0.6,35.0,48.0,50.9,43.1,3.0,12.4,10.0,0.3,0.4,0.6,456.5,456.5,456.5,456.5,3.0,0.0,10.0,0.3,0.4,0.6,455.0,455.0,455.0,455.0,3.0,0.0,10.0,0.3,0.4,0.6
1974,2,8.0,-18.0,23.05,23.15,24.67,23.83,4.0,1.45,18.0,0.8,0.5,1.0,22.66,23.0,24.37,23.5,3.0,1.32,18.0,1.0,0.5,1.0,14.72,15.26,15.81,15.26,2.0,1.13,16.0,1.0,0.7,0.9,86.3,88.5,90.8,88.5,2.0,4.7,16.0,1.0,0.9,1.24,3.3,6.62,3.9,4.0,3.78,18.0,0.8,0.5,1.0,-2.26,-0.91,-0.21,-1.22,4.0,1.36,18.0,0.8,0.5,1.0,1.22,3.16,6.22,3.69,4.0,3.54,18.0,0.8,0.5,1.0,1011.21,1012.7,1013.56,1012.4,4.0,1.47,18.0,0.8,0.5,1.0,4.9,7.0,7.5,6.3,4.0,2.2,18.0,0.8,0.5,1.0,-17.1,-3.3,-0.6,-8.6,4.0,13.0,18.0,0.8,0.5,1.0,3.2,10.8,47.0,24.5,4.0,35.0,18.0,0.8,0.5,1.0,0.29,0.7,0.9,0.6,3.0,0.46,18.0,1.0,0.5,1.0,0.6,1.8,6.7,3.6,3.0,4.8,18.0,1.0,0.5,1.0,1.83,2.41,3.0,2.41,2.0,1.22,16.0,1.0,0.7,0.9,1.4,4.3,7.2,4.3,2.0,6.0,16.0,1.0,0.7,0.9,-55.8,-10.2,-3.2,-29.0,3.0,41.8,18.0,1.0,0.5,1.0,18.3,57.6,162.6,89.7,3.0,109.3,18.0,1.0,0.5,1.0,-5.5,-3.3,-1.0,-3.3,2.0,4.6,16.0,1.0,0.7,0.9,5.9,18.5,31.2,18.5,2.0,26.2,16.0,1.0,0.7,0.9,-1.2,-0.7,-0.2,-0.7,2.0,1.0,16.0,1.0,0.7,0.9,1.3,4.2,7.1,4.2,2.0,5.9,16.0,1.0,0.7,0.9,8.5,41.0,412.5,202.5,4.0,352.0,18.0,0.8,0.5,1.0,10.0,40.0,410.0,205.0,4.0,350.0,18.0,0.8,0.5,1.0
1974,2,8.0,-17.0,21.95,23.5,24.0,23.0,4.0,1.41,14.0,0.3,0.4,0.3,22.63,23.0,25.08,23.82,5.0,2.05,16.0,0.2,0.4,0.4,13.0,13.62,14.24,13.62,2.0,1.28,20.0,0.0,0.1,0.3,74.1,77.4,78.7,76.4,3.0,3.5,20.0,0.0,0.5,4.6,4.8,5.05,4.83,4.0,0.26,18.0,0.3,0.4,0.4,-1.64,-0.79,0.0,-0.82,4.0,0.95,18.0,0.3,0.4,0.4,4.45,4.65,4.91,4.68,4.0,0.32,18.0,0.3,0.4,0.4,1009.25,1011.8,1015.51,1012.35,4.0,3.7,14.0,0.3,0.4,0.3,2.3,8.0,8.0,5.6,5.0,3.4,16.0,0.2,0.4,0.4,-7.9,-3.6,0.0,-3.9,4.0,4.6,18.0,0.3,0.4,0.4,20.5,22.3,24.8,22.6,4.0,2.7,18.0,0.3,0.4,0.4,-0.52,0.1,0.62,0.05,4.0,0.82,14.0,0.3,0.4,0.3,-3.4,0.0,0.6,-1.4,3.0,3.2,18.0,0.3,0.2,0.2,4.19,4.47,4.74,4.47,2.0,0.57,20.0,0.0,0.1,0.3,19.3,20.5,21.8,20.5,2.0,2.6,20.0,0.0,0.1,0.3,-37.5,-18.7,0.0,-18.8,4.0,21.7,18.0,0.3,0.4,0.4,103.1,104.6,123.3,112.8,4.0,17.7,18.0,0.3,0.4,0.4,-19.2,-11.4,-3.6,-11.4,2.0,16.2,20.0,0.0,0.1,0.3,59.1,60.6,62.1,60.6,2.0,3.1,20.0,0.0,0.1,0.3,-5.4,-3.2,-1.0,-3.2,2.0,4.5,20.0,0.0,0.1,0.3,18.3,20.0,21.6,20.0,2.0,3.4,20.0,0.0,0.1,0.3,97.5,111.0,129.0,113.0,4.0,18.5,18.0,0.3,0.4,0.4,95.0,110.0,130.0,115.0,4.0,20.0,18.0,0.3,0.4,0.4
1974,2,8.0,-16.0,,,,,,,,,,,,,,,,,,,,,,,,,,,,,,,,,,,,,,,,3.59,5.5,9.41,6.17,6.0,3.31,16.0,0.8,0.3,0.3,-3.58,-1.86,-0.97,-2.34,6.0,1.76,16.0,0.8,0.3,0.3,3.13,5.3,8.68,5.42,6.0,3.42,16.0,0.8,0.3,0.3,1010.65,1012.65,1014.17,1012.5,6.0,2.11,18.0,0.7,0.2,0.3,,,,,,,,,,,,,,,,,,,,,,,,,,,,,,,,,,,,,,,,,,,,,,,,,,,,,,,,,,,,,,,,,,,,,,,,,,,,,,,,,,,,,,,,,,,,,,,,,,,,,,,,,,,,,,,,,,,,,,,,,,,,,,,,,,,,,,,,,,,,,,,,,,,,,,
1974,2,8.0,-15.0,22.32,23.0,23.68,23.0,2.0,1.41,22.0,0.0,0.0,1.0,22.32,23.0,23.68,23.0,2.0,1.41,22.0,0.0,0.0,1.0,14.56,14.56,14.56,14.56,1.0,0.0,20.0,0.0,0.0,1.0,78.3,78.3,78.3,78.3,1.0,0.0,20.0,0.0,1.0,4.75,6.15,7.55,6.15,2.0,2.9,22.0,0.0,0.0,1.0,-2.44,-2.03,-1.62,-2.03,2.0,0.86,22.0,0.0,0.0,1.0,3.92,5.61,7.29,5.61,2.0,3.49,22.0,0.0,0.0,1.0,1010.49,1011.1,1011.71,1011.1,2.0,1.27,22.0,0.0,0.0,1.0,6.3,7.0,7.7,7.0,2.0,1.4,22.0,0.0,0.0,1.0,-11.5,-11.2,-10.9,-11.2,2.0,0.6,22.0,0.0,0.0,1.0,21.3,39.5,57.8,39.5,2.0,37.7,22.0,0.0,0.0,1.0,0.0,0.0,0.0,0.0,2.0,0.0,22.0,0.0,0.0,1.0,0.0,0.0,0.0,0.0,2.0,0.0,22.0,0.0,0.0,1.0,4.07,4.07,4.07,4.07,1.0,0.0,20.0,0.0,0.0,1.0,16.7,16.7,16.7,16.7,1.0,0.0,20.0,0.0,0.0,1.0,-58.2,-47.3,-36.4,-47.3,2.0,22.6,22.0,0.0,0.0,1.0,91.6,126.5,161.4,126.5,2.0,72.3,22.0,0.0,0.0,1.0,-38.4,-38.4,-38.4,-38.4,1.0,0.0,20.0,0.0,0.0,1.0,45.7,45.7,45.7,45.7,1.0,0.0,20.0,0.0,0.0,1.0,-10.7,-10.7,-10.7,-10.7,1.0,0.0,20.0,0.0,0.0,1.0,12.8,12.8,12.8,12.8,1.0,0.0,20.0,0.0,0.0,1.0,145.5,310.0,475.0,310.0,2.0,341.0,22.0,0.0,0.0,1.0,145.0,310.0,475.0,310.0,2.0,340.0,22.0,0.0,0.0,1.0
1974,2,8.0,-11.0,28.5,28.5,28.5,28.5,1.0,0.0,10.0,1.0,0.9,0.1,27.5,27.5,27.5,27.5,1.0,0.0,10.0,1.0,0.9,0.1,16.44,16.44,16.44,16.44,1.0,0.0,10.0,1.0,0.9,0.1,71.5,71.5,71.5,71.5,1.0,0.0,10.0,1.0,0.1,3.6,3.6,3.6,3.6,1.0,0.0,10.0,1.0,0.9,0.1,0.0,0.0,0.0,0.0,1.0,0.0,10.0,1.0,0.9,0.1,3.6,3.6,3.6,3.6,1.0,0.0,10.0,1.0,0.9,0.1,1008.6,1008.6,1008.6,1008.6,1.0,0.0,10.0,1.0,0.9,0.1,2.0,2.0,2.0,2.0,1.0,0.0,10.0,1.0,0.9,0.1,0.0,0.0,0.0,0.0,1.0,0.0,10.0,1.0,0.9,0.1,13.0,13.0,13.0,13.0,1.0,0.0,10.0,1.0,0.9,0.1,1.0,1.0,1.0,1.0,1.0,0.0,10.0,1.0,0.9,0.1,3.6,3.6,3.6,3.6,1.0,0.0,10.0,1.0,0.9,0.1,8.04,8.04,8.04,8.04,1.0,0.0,10.0,1.0,0.9,0.1,29.0,29.0,29.0,29.0,1.0,0.0,10.0,1.0,0.9,0.1,0.0,0.0,0.0,0.0,1.0,0.0,10.0,1.0,0.9,0.1,99.0,99.0,99.0,99.0,1.0,0.0,10.0,1.0,0.9,0.1,0.0,0.0,0.0,0.0,1.0,0.0,10.0,1.0,0.9,0.1,59.2,59.2,59.2,59.2,1.0,0.0,10.0,1.0,0.9,0.1,0.0,0.0,0.0,0.0,1.0,0.0,10.0,1.0,0.9,0.1,29.0,29.0,29.0,29.0,1.0,0.0,10.0,1.0,0.9,0.1,46.5,46.5,46.5,46.5,1.0,0.0,10.0,1.0,0.9,0.1,45.0,45.0,45.0,45.0,1.0,0.0,10.0,1.0,0.9,0.1
1974,2,8.0,-10.0,28.2,28.2,28.2,28.2,1.0,0.0,10.0,1.0,0.3,0.4,26.2,26.2,26.2,26.2,1.0,0.0,10.0,1.0,0.3,0.4,18.37,18.37,18.37,18.37,1.0,0.0,10.0,1.0,0.3,0.4,86.1,86.1,86.1,86.1,1.0,0.0,10.0,1.0,0.4,3.1,3.1,3.1,3.1,1.0,0.0,10.0,1.0,0.3,0.4,0.0,0.0,0.0,0.0,1.0,0.0,10.0,1.0,0.3,0.4,3.1,3.1,3.1,3.1,1.0,0.0,10.0,1.0,0.3,0.4,1008.0,1008.0,1008.0,1008.0,1.0,0.0,10.0,1.0,0.3,0.4,7.0,7.0,7.0,7.0,1.0,0.0,10.0,1.0,0.3,0.4,0.0,0.0,0.0,0.0,1.0,0.0,10.0,1.0,0.3,0.4,9.6,9.6,9.6,9.6,1.0,0.0,10.0,1.0,0.3,0.4,2.0,2.0,2.0,2.0,1.0,0.0,10.0,1.0,0.3,0.4,6.2,6.2,6.2,6.2,1.0,0.0,10.0,1.0,0.3,0.4,5.7,5.7,5.7,5.7,1.0,0.0,10.0,1.0,0.3,0.4,17.7,17.7,17.7,17.7,1.0,0.0,10.0,1.0,0.3,0.4,0.0,0.0,0.0,0.0,1.0,0.0,10.0,1.0,0.3,0.4,81.2,81.2,81.2,81.2,1.0,0.0,10.0,1.0,0.3,0.4,0.0,0.0,0.0,0.0,1.0,0.0,10.0,1.0,0.3,0.4,56.9,56.9,56.9,56.9,1.0,0.0,10.0,1.0,0.3,0.4,0.0,0.0,0.0,0.0,1.0,0.0,10.0,1.0,0.3,0.4,17.7,17.7,17.7,17.7,1.0,0.0,10.0,1.0,0.3,0.4,30.0,30.0,30.0,30.0,1.0,0.0,10.0,1.0,0.3,0.4,30.0,30.0,30.0,30.0,1.0,0.0,10.0,1.0,0.3,0.4
1974,2,8.0,-9.0,27.49,28.1,28.81,28.15,4.0,0.81,12.0,0.0,0.6,0.6,26.55,27.25,27.95,27.25,4.0,0.81,12.0,0.0,0.6,0.6,16.54,17.71,19.11,17.82,4.0,1.85,12.0,0.0,0.6,0.6,74.1,78.1,82.8,78.4,4.0,5.6,12.0,0.0,0.6,3.55,4.85,5.68,4.63,4.0,1.51,12.0,0.0,0.6,0.6,0.0,0.54,1.19,0.59,4.0,0.69,12.0,0.0,0.6,0.6,3.37,4.85,5.63,4.51,4.0,1.63,12.0,0.0,0.6,0.6,1007.29,1007.75,1009.52,1008.38,4.0,1.79,12.0,0.0,0.6,0.6,5.0,5.0,6.0,5.5,4.0,1.0,12.0,0.0,0.6,0.6,0.0,1.7,5.1,2.5,4.0,3.2,12.0,0.0,0.6,0.6,13.1,23.6,32.2,22.7,4.0,13.3,12.0,0.0,0.6,0.6,0.64,0.95,1.15,0.9,4.0,0.32,12.0,0.0,0.6,0.6,3.0,3.6,4.8,3.9,4.0,1.2,12.0,0.0,0.6,0.6,5.02,6.52,7.32,6.19,4.0,1.46,12.0,0.0,0.6,0.6,20.5,30.3,35.5,28.1,4.0,9.6,12.0,0.0,0.6,0.6,0.0,15.1,32.5,16.2,4.0,18.8,12.0,0.0,0.6,0.6,92.5,131.7,153.9,123.6,4.0,46.4,12.0,0.0,0.6,0.6,0.0,10.9,22.3,11.1,4.0,12.8,12.0,0.0,0.6,0.6,58.7,81.2,103.8,81.2,4.0,34.2,12.0,0.0,0.6,0.6,0.0,2.3,6.2,3.1,4.0,3.7,12.0,0.0,0.6,0.6,19.3,30.1,35.5,27.5,4.0,10.6,12.0,0.0,0.6,0.6,55.5,115.0,188.0,121.5,4.0,91.5,12.0,0.0,0.6,0.6,55.0,115.0,190.0,120.0,4.0,90.0,12.0,0.0,0.6,0.6
1974,2,8.0,-8.0,,,,,,,,,,,,,,,,,,,,,,,,,,,,,,,,,,,,,,,,7.0,7.0,7.0,7.0,1.0,0.0,20.0,1.0,0.3,0.6,6.58,6.58,6.58,6.58,1.0,0.0,20.0,1.0,0.3,0.6,-2.39,-2.39,-2.39,-2.39,1.0,0.0,20.0,1.0,0.3,0.6,1010.0,1010.0,1010.0,1010.0,1.0,0.0,20.0,1.0,0.3,0.6,,,,,,,,,,,,,,,,,,,,,,,,,,,,,,,,,,,,,,,,,,,,,,,,,,,,,,,,,,,,,,,,,,,,,,,,,,,,,,,,,,,,,,,,,,,,,,,,,,,,,,,,,,,,,,,,,,,,,,,,,,,,,,,,,,,,,,,,,,,,,,,,,,,,,,
1974,2,8.0,-7.0,28.1,28.1,28.1,28.1,1.0,0.0,2.0,1.0,0.4,0.7,27.5,27.5,27.5,27.5,1.0,0.0,2.0,1.0,0.4,0.7,16.81,16.81,16.81,16.81,1.0,0.0,2.0,1.0,0.4,0.7,73.3,73.3,73.3,73.3,1.0,0.0,2.0,1.0,0.7,3.6,3.6,3.6,3.6,1.0,0.0,2.0,1.0,0.4,0.7,1.23,1.23,1.23,1.23,1.0,0.0,2.0,1.0,0.4,0.7,3.38,3.38,3.38,3.38,1.0,0.0,2.0,1.0,0.4,0.7,1011.0,1011.0,1011.0,1011.0,1.0,0.0,2.0,1.0,0.4,0.7,7.0,7.0,7.0,7.0,1.0,0.0,2.0,1.0,0.4,0.7,4.4,4.4,4.4,4.4,1.0,0.0,2.0,1.0,0.4,0.7,12.2,12.2,12.2,12.2,1.0,0.0,2.0,1.0,0.4,0.7,0.6,0.6,0.6,0.6,1.0,0.0,2.0,1.0,0.4,0.7,2.2,2.2,2.2,2.2,1.0,0.0,2.0,1.0,0.4,0.7,7.04,7.04,7.04,7.04,1.0,0.0,2.0,1.0,0.4,0.7,25.4,25.4,25.4,25.4,1.0,0.0,2.0,1.0,0.4,0.7,33.9,33.9,33.9,33.9,1.0,0.0,2.0,1.0,0.4,0.7,93.0,93.0,93.0,93.0,1.0,0.0,2.0,1.0,0.4,0.7,20.7,20.7,20.7,20.7,1.0,0.0,2.0,1.0,0.4,0.7,56.9,56.9,56.9,56.9,1.0,0.0,2.0,1.0,0.4,0.7,8.7,8.7,8.7,8.7,1.0,0.0,2.0,1.0,0.4,0.7,23.8,23.8,23.8,23.8,1.0,0.0,2.0,1.0,0.4,0.7,46.5,46.5,46.5,46.5,1.0,0.0,2.0,1.0,0.4,0.7,45.0,45.0,45.0,45.0,1.0,0.0,2.0,1.0,0.4,0.7
1974,2,8.0,-6.0,28.1,28.3,28.5,28.3,2.0,0.42,22.0,0.5,0.7,0.6,28.41,29.3,30.19,29.3,2.0,1.84,22.0,0.5,0.7,0.6,19.47,21.11,22.74,21.11,2.0,3.39,22.0,0.5,0.7,0.6,79.9,82.0,84.1,82.0,2.0,4.3,22.0,0.5,0.6,1.83,2.55,3.27,2.55,2.0,1.48,22.0,0.5,0.7,0.6,-0.73,0.51,1.74,0.51,2.0,2.55,22.0,0.5,0.7,0.6,-2.2,-1.0,0.19,-1.0,2.0,2.48,22.0,0.5,0.7,0.6,1007.65,1007.75,1007.85,1007.75,2.0,0.21,22.0,0.5,0.7,0.6,2.8,4.5,6.2,4.5,2.0,3.5,22.0,0.5,0.7,0.6,-0.3,3.2,6.7,3.2,2.0,7.3,22.0,0.5,0.7,0.6,-8.2,-4.4,-0.6,-4.4,2.0,7.8,22.0,0.5,0.7,0.6,-1.68,-1.0,-0.32,-1.0,2.0,1.41,22.0,0.5,0.7,0.6,-2.5,-1.5,-0.5,-1.5,2.0,2.1,22.0,0.5,0.7,0.6,1.76,3.11,4.45,3.11,2.0,2.79,22.0,0.5,0.7,0.6,4.3,10.0,15.7,10.0,2.0,11.7,22.0,0.5,0.7,0.6,-23.2,12.5,48.2,12.5,2.0,73.9,22.0,0.5,0.7,0.6,-61.3,-27.1,7.1,-27.1,2.0,70.8,22.0,0.5,0.7,0.6,-18.8,6.4,31.6,6.4,2.0,52.2,22.0,0.5,0.7,0.6,-40.6,-17.0,6.6,-17.0,2.0,49.0,22.0,0.5,0.7,0.6,0.6,5.1,9.7,5.1,2.0,9.4,22.0,0.5,0.7,0.6,-11.6,-6.6,-1.5,-6.6,2.0,10.5,22.0,0.5,0.7,0.6,10.0,25.0,40.0,25.0,2.0,30.5,22.0,0.5,0.7,0.6,10.0,25.0,40.0,25.0,2.0,30.0,22.0,0.5,0.7,0.6
1974,2,8.0,-5.0,28.0,28.0,28.0,28.0,1.0,0.0,22.0,1.0,0.0,0.8,28.0,28.0,28.0,28.0,1.0,0.0,22.0,1.0,0.3,1.0,20.22,20.22,20.22,20.22,1.0,0.0,22.0,1.0,0.3,1.0,85.3,85.3,85.3,85.3,1.0,0.0,22.0,1.0,1.0,1.17,1.55,1.93,1.55,2.0,0.78,22.0,1.0,0.1,0.9,-0.43,0.04,0.5,0.04,2.0,0.96,22.0,1.0,0.1,0.9,0.96,1.37,1.78,1.37,2.0,0.85,22.0,1.0,0.1,0.9,1009.44,1010.4,1011.36,1010.4,2.0,1.98,22.0,1.0,0.1,0.9,4.0,4.0,4.0,4.0,1.0,0.0,22.0,1.0,0.0,0.8,-0.3,0.4,1.2,0.4,2.0,1.5,22.0,1.0,0.1,0.9,1.3,2.5,3.6,2.5,2.0,2.4,22.0,1.0,0.1,0.9,,,,,,,,,,,,,,,,,,,,,,,,,,,,,,,,,,,,,,,,,20.1,20.1,20.1,20.1,1.0,0.0,22.0,1.0,0.3,1.0,55.3,55.3,55.3,55.3,1.0,0.0,22.0,1.0,0.3,1.0,14.5,14.5,14.5,14.5,1.0,0.0,22.0,1.0,0.3,1.0,39.9,39.9,39.9,39.9,1.0,0.0,22.0,1.0,0.3,1.0,,,,,,,,,,,,,,,,,,,,,,,,,,,,,,,,,,,,,,,,
1974,2,8.0,-3.0,,,,,,,,,,,,,,,,,,,,,,,,,,,,,,,,,,,,,,,,8.2,8.2,8.2,8.2,1.0,0.0,26.0,0.0,0.9,0.8,0.0,0.0,0.0,0.0,1.0,0.0,26.0,0.0,0.9,0.8,8.2,8.2,8.2,8.2,1.0,0.0,26.0,0.0,0.9,0.8,1008.9,1008.9,1008.9,1008.9,1.0,0.0,26.0,0.0,0.9,0.8,,,,,,,,,,,,,,,,,,,,,,,,,,,,,,,,,,,,,,,,,,,,,,,,,,,,,,,,,,,,,,,,,,,,,,,,,,,,,,,,,,,,,,,,,,,,,,,,,,,,,,,,,,,,,,,,,,,,,,,,,,,,,,,,,,,,,,,,,,,,,,,,,,,,,,
1974,2,8.0,-2.0,27.3,27.3,27.3,27.3,2.0,0.0,6.0,0.5,0.5,0.4,26.16,26.5,26.84,26.5,2.0,0.71,6.0,0.5,0.5,0.4,17.1,17.1,17.1,17.1,1.0,0.0,6.0,1.0,0.8,0.2,81.7,83.1,84.5,83.1,2.0,2.9,6.0,0.5,0.4,2.92,3.6,4.28,3.6,2.0,1.41,6.0,0.5,0.5,0.4,0.39,1.22,2.06,1.22,2.0,1.73,6.0,0.5,0.5,0.4,1.48,2.74,4.01,2.74,2.0,2.62,6.0,0.5,0.5,0.4,1006.3,1006.3,1006.3,1006.3,1.0,0.0,6.0,1.0,0.8,0.2,3.5,4.5,5.5,4.5,2.0,2.1,6.0,0.5,0.5,0.4,1.0,3.2,5.3,3.2,2.0,4.5,6.0,0.5,0.5,0.4,5.3,11.7,18.2,11.7,2.0,13.3,6.0,0.5,0.5,0.4,0.46,0.8,1.14,0.8,2.0,0.71,6.0,0.5,0.5,0.4,1.6,3.4,5.2,3.4,2.0,3.7,6.0,0.5,0.5,0.4,5.76,5.76,5.76,5.76,1.0,0.0,6.0,1.0,0.8,0.2,26.5,26.5,26.5,26.5,1.0,0.0,6.0,1.0,0.8,0.2,10.5,33.0,55.5,33.0,2.0,46.6,6.0,0.5,0.5,0.4,39.2,71.8,104.4,71.8,2.0,67.6,6.0,0.5,0.5,0.4,0.0,0.0,0.0,0.0,1.0,0.0,6.0,1.0,0.8,0.2,78.6,78.6,78.6,78.6,1.0,0.0,6.0,1.0,0.8,0.2,0.0,0.0,0.0,0.0,1.0,0.0,6.0,1.0,0.8,0.2,26.5,26.5,26.5,26.5,1.0,0.0,6.0,1.0,0.8,0.2,30.0,57.5,84.5,57.5,2.0,56.5,6.0,0.5,0.5,0.4,30.0,55.0,85.0,55.0,2.0,55.0,6.0,0.5,0.5,0.4
1974,2,8.0,-1.0,28.1,28.3,28.78,28.43,3.0,0.51,20.0,0.0,0.5,0.6,26.8,26.8,26.8,26.8,2.0,0.0,16.0,0.0,0.5,0.9,15.76,16.56,17.36,16.56,2.0,1.66,16.0,0.0,0.5,0.9,71.4,75.2,78.9,75.2,2.0,7.8,16.0,0.0,0.9,0.83,2.6,3.28,2.07,3.0,1.86,20.0,0.0,0.5,0.6,0.0,0.0,1.58,0.77,3.0,1.34,20.0,0.0,0.5,0.6,0.83,2.6,2.71,1.79,3.0,1.55,20.0,0.0,0.5,0.6,1008.13,1011.0,1012.02,1010.1,3.0,2.95,20.0,0.0,0.5,0.6,4.3,5.0,7.0,5.7,3.0,2.1,20.0,0.0,0.5,0.6,0.0,0.0,5.7,2.8,3.0,4.8,20.0,0.0,0.5,0.6,2.1,6.8,8.9,5.6,3.0,5.1,20.0,0.0,0.5,0.6,1.36,1.7,2.04,1.7,2.0,0.71,16.0,0.0,0.5,0.9,0.5,1.6,2.6,1.6,2.0,2.2,16.0,0.0,0.5,0.9,7.55,7.9,8.26,7.9,2.0,0.74,16.0,0.0,0.5,0.9,3.5,11.0,18.4,11.0,2.0,15.5,16.0,0.0,0.5,0.9,0.0,0.0,0.0,0.0,2.0,0.0,16.0,0.0,0.5,0.9,11.1,34.8,58.6,34.8,2.0,49.3,16.0,0.0,0.5,0.9,0.0,0.0,0.0,0.0,2.0,0.0,16.0,0.0,0.5,0.9,6.3,20.0,33.6,20.0,2.0,28.3,16.0,0.0,0.5,0.9,0.0,0.0,0.0,0.0,2.0,0.0,16.0,0.0,0.5,0.9,3.5,11.0,18.4,11.0,2.0,15.5,16.0,0.0,0.5,0.9,5.5,17.5,37.5,21.5,3.0,23.5,20.0,0.0,0.5,0.6,5.0,20.0,35.0,20.0,3.0,25.0,20.0,0.0,0.5,0.6
1974,2,8.0,0.0,,,,,,,,,,,,,,,,,,,,,,,,,,,,,,,,,,,,,,,,5.0,5.0,5.0,5.0,1.0,0.0,26.0,0.0,0.7,0.8,3.21,3.21,3.21,3.21,1.0,0.0,26.0,0.0,0.7,0.8,3.83,3.83,3.83,3.83,1.0,0.0,26.0,0.0,0.7,0.8,1008.6,1008.6,1008.6,1008.6,1.0,0.0,26.0,0.0,0.7,0.8,,,,,,,,,,,,,,,,,,,,,,,,,,,,,,,,,,,,,,,,,,,,,,,,,,,,,,,,,,,,,,,,,,,,,,,,,,,,,,,,,,,,,,,,,,,,,,,,,,,,,,,,,,,,,,,,,,,,,,,,,,,,,,,,,,,,,,,,,,,,,,,,,,,,,,
1974,2,8.0,1.0,,,,,,,,,,,,,,,,,,,,,,,,,,,,,,,,,,,,,,,,3.0,3.0,3.0,3.0,1.0,0.0,22.0,0.0,0.6,0.5,0.52,0.52,0.52,0.52,1.0,0.0,22.0,0.0,0.6,0.5,2.95,2.95,2.95,2.95,1.0,0.0,22.0,0.0,0.6,0.5,1009.4,1009.4,1009.4,1009.4,1.0,0.0,22.0,0.0,0.6,0.5,,,,,,,,,,,,,,,,,,,,,,,,,,,,,,,,,,,,,,,,,,,,,,,,,,,,,,,,,,,,,,,,,,,,,,,,,,,,,,,,,,,,,,,,,,,,,,,,,,,,,,,,,,,,,,,,,,,,,,,,,,,,,,,,,,,,,,,,,,,,,,,,,,,,,,
1974,2,8.0,2.0,,,,,,,,,,,,,,,,,,,,,,,,,,,,,,,,,,,,,,,,4.0,4.0,4.0,4.0,1.0,0.0,24.0,0.0,0.7,0.0,2.57,2.57,2.57,2.57,1.0,0.0,24.0,0.0,0.7,0.0,3.06,3.06,3.06,3.06,1.0,0.0,24.0,0.0,0.7,0.0,1006.2,1006.2,1006.2,1006.2,1.0,0.0,24.0,0.0,0.7,0.0,,,,,,,,,,,,,,,,,,,,,,,,,,,,,,,,,,,,,,,,,,,,,,,,,,,,,,,,,,,,,,,,,,,,,,,,,,,,,,,,,,,,,,,,,,,,,,,,,,,,,,,,,,,,,,,,,,,,,,,,,,,,,,,,,,,,,,,,,,,,,,,,,,,,,,
1974,2,8.0,3.0,29.02,29.05,29.08,29.05,2.0,0.07,18.0,0.5,0.8,0.2,28.12,28.15,28.18,28.15,2.0,0.07,18.0,0.5,0.8,0.2,18.95,18.95,18.95,18.95,1.0,0.0,12.0,0.0,0.7,0.2,79.4,79.4,79.4,79.4,1.0,0.0,12.0,0.0,0.2,2.25,2.8,3.35,2.8,2.0,1.13,18.0,0.5,0.8,0.2,-0.59,0.92,2.42,0.92,2.0,3.11,18.0,0.5,0.8,0.2,1.57,1.67,1.76,1.67,2.0,0.19,18.0,0.5,0.8,0.2,1007.21,1007.65,1008.09,1007.65,2.0,0.92,18.0,0.5,0.8,0.2,4.3,5.0,5.7,5.0,2.0,1.4,18.0,0.5,0.8,0.2,-0.4,4.3,9.0,4.3,2.0,9.8,18.0,0.5,0.8,0.2,3.6,4.8,5.9,4.8,2.0,2.4,18.0,0.5,0.8,0.2,0.83,0.9,0.97,0.9,2.0,0.14,18.0,0.5,0.8,0.2,1.9,2.6,3.3,2.6,2.0,1.4,18.0,0.5,0.8,0.2,6.45,6.45,6.45,6.45,1.0,0.0,12.0,0.0,0.7,0.2,23.2,23.2,23.2,23.2,1.0,0.0,12.0,0.0,0.7,0.2,-16.6,25.7,68.0,25.7,2.0,87.6,18.0,0.5,0.8,0.2,44.4,46.9,49.4,46.9,2.0,5.2,18.0,0.5,0.8,0.2,59.1,59.1,59.1,59.1,1.0,0.0,12.0,0.0,0.7,0.2,34.1,34.1,34.1,34.1,1.0,0.0,12.0,0.0,0.7,0.2,20.1,20.1,20.1,20.1,1.0,0.0,12.0,0.0,0.7,0.2,11.6,11.6,11.6,11.6,1.0,0.0,12.0,0.0,0.7,0.2,14.0,27.5,40.5,27.5,2.0,27.5,18.0,0.5,0.8,0.2,15.0,25.0,40.0,25.0,2.0,25.0,18.0,0.5,0.8,0.2
1974,2,8.0,36.0,,,,,,,,,,,,,,,,,,,,,,,,,,,,,,,,,,,,,,,,3.0,3.0,3.0,3.0,1.0,0.0,28.0,0.0,0.7,0.5,0.0,0.0,0.0,0.0,1.0,0.0,28.0,0.0,0.7,0.5,3.0,3.0,3.0,3.0,1.0,0.0,28.0,0.0,0.7,0.5,1014.6,1014.6,1014.6,1014.6,1.0,0.0,28.0,0.0,0.7,0.5,,,,,,,,,,,,,,,,,,,,,,,,,,,,,,,,,,,,,,,,,,,,,,,,,,,,,,,,,,,,,,,,,,,,,,,,,,,,,,,,,,,,,,,,,,,,,,,,,,,,,,,,,,,,,,,,,,,,,,,,,,,,,,,,,,,,,,,,,,,,,,,,,,,,,,
1974,2,8.0,37.0,14.03,15.0,16.0,15.18,104.0,1.16,14.0,0.3,0.5,0.5,12.0,14.0,15.0,13.73,107.0,1.82,14.0,0.3,0.5,0.5,5.87,6.79,8.54,7.05,35.0,1.39,14.0,0.5,0.5,0.5,57.6,69.0,86.3,70.9,36.0,11.9,14.0,0.5,0.5,3.11,8.85,12.9,8.63,102.0,5.11,14.0,0.3,0.5,0.5,-2.28,4.47,11.99,5.1,102.0,6.92,14.0,0.3,0.5,0.5,-6.42,0.0,2.54,-1.7,102.0,4.93,14.0,0.3,0.5,0.5,1006.17,1013.45,1021.8,1013.84,106.0,7.57,14.0,0.3,0.5,0.5,1.0,5.0,7.0,4.4,109.0,2.8,14.0,0.4,0.5,0.5,-6.7,30.9,144.0,68.1,102.0,107.7,14.0,0.3,0.5,0.5,-81.1,0.0,15.0,-27.5,102.0,67.6,14.0,0.3,0.5,0.5,-0.03,1.4,3.0,1.44,101.0,2.3,14.0,0.3,0.5,0.5,0.0,9.8,31.8,13.3,92.0,20.2,14.0,0.3,0.5,0.5,1.91,3.7,4.6,3.38,33.0,1.39,14.0,0.5,0.5,0.5,8.0,19.2,41.2,24.2,30.0,20.9,14.0,0.5,0.5,0.5,-32.4,62.9,162.0,66.2,98.0,94.3,14.0,0.3,0.5,0.5,-89.9,0.0,30.8,-23.2,98.0,66.3,14.0,0.3,0.5,0.5,-14.8,18.8,86.3,29.1,32.0,53.1,14.0,0.5,0.5,0.5,-38.9,0.0,25.1,-6.5,32.0,28.3,14.0,0.5,0.5,0.5,-8.9,8.5,41.2,13.0,30.0,25.4,14.0,0.5,0.5,0.5,-11.9,0.0,10.1,-2.0,30.0,14.7,14.0,0.5,0.5,0.5,30.5,694.0,2146.5,1381.0,102.0,2198.5,14.0,0.3,0.5,0.5,30.0,695.0,2145.0,1380.0,102.0,2200.0,14.0,0.3,0.5,0.5
1974,2,8.0,38.0,13.39,14.0,15.01,14.21,51.0,1.13,14.0,0.4,0.5,0.5,11.87,13.55,14.9,13.49,56.0,1.46,14.0,0.3,0.5,0.5,6.3,7.12,8.72,7.43,45.0,1.3,14.0,0.3,0.5,0.5,67.5,76.7,85.5,77.0,45.0,10.1,14.0,0.3,0.5,3.6,8.85,12.9,8.29,62.0,4.39,14.0,0.3,0.5,0.5,-3.18,3.1,10.53,3.64,62.0,6.61,14.0,0.3,0.5,0.5,-4.19,0.67,6.03,0.54,62.0,5.63,14.0,0.3,0.5,0.5,1005.01,1013.1,1020.0,1012.3,54.0,6.75,14.0,0.2,0.5,0.5,0.0,3.0,8.0,3.6,55.0,3.0,14.0,0.3,0.5,0.5,-16.7,19.8,125.6,48.1,62.0,82.8,14.0,0.3,0.5,0.5,-46.6,1.1,43.6,6.9,62.0,67.1,14.0,0.3,0.5,0.5,-1.1,0.6,2.21,0.68,51.0,1.63,14.0,0.4,0.5,0.5,-4.4,3.5,20.6,7.3,46.0,15.0,14.0,0.3,0.5,0.5,1.7,2.57,3.62,2.63,40.0,1.13,14.0,0.3,0.5,0.5,4.6,18.1,31.4,19.4,40.0,13.4,14.0,0.3,0.5,0.5,-42.3,31.2,136.5,36.8,51.0,86.9,14.0,0.3,0.5,0.5,-55.2,0.0,49.9,1.0,51.0,65.7,14.0,0.3,0.5,0.5,-29.0,12.5,72.2,19.7,45.0,48.7,14.0,0.3,0.5,0.5,-31.1,0.0,27.8,1.5,45.0,37.9,14.0,0.3,0.5,0.5,-5.5,6.2,24.8,7.1,40.0,15.6,14.0,0.3,0.5,0.5,-20.8,0.0,8.2,-2.9,40.0,16.2,14.0,0.3,0.5,0.5,46.5,694.0,2146.5,1048.5,62.0,1243.0,14.0,0.3,0.5,0.5,45.0,695.0,2145.0,1050.0,62.0,1245.0,14.0,0.3,0.5,0.5
1974,2,8.0,39.0,13.5,14.0,14.43,13.89,15.0,0.81,14.0,0.1,0.1,0.2,12.1,12.7,14.11,12.75,15.0,1.39,14.0,0.1,0.1,0.2,5.86,7.26,7.85,6.9,15.0,1.23,14.0,0.1,0.1,0.2,69.5,76.0,81.8,74.8,15.0,9.3,14.0,0.1,0.2,3.13,7.7,18.0,9.65,15.0,7.59,14.0,0.1,0.1,0.2,-3.34,0.0,13.3,3.0,15.0,8.41,14.0,0.1,0.1,0.2,-10.67,-0.63,6.69,-1.35,15.0,8.65,14.0,0.1,0.1,0.2,998.86,1011.1,1019.66,1009.91,15.0,9.6,14.0,0.1,0.1,0.2,2.0,6.0,8.0,4.6,15.0,3.0,14.0,0.1,0.1,0.2,-18.6,0.0,239.3,73.8,15.0,163.7,14.0,0.1,0.1,0.2,-175.4,-2.3,49.9,-36.4,15.0,157.7,14.0,0.1,0.1,0.2,-0.16,1.5,2.71,1.15,15.0,1.59,14.0,0.1,0.1,0.2,-2.0,4.9,22.9,12.9,15.0,30.1,14.0,0.1,0.1,0.2,1.54,2.62,3.99,2.98,15.0,1.44,14.0,0.1,0.1,0.2,9.4,16.2,44.0,30.4,15.0,37.1,14.0,0.1,0.1,0.2,-41.4,0.0,173.1,32.5,15.0,98.6,14.0,0.1,0.1,0.2,-136.1,-7.6,93.0,-8.6,15.0,106.1,14.0,0.1,0.1,0.2,-22.5,0.0,84.7,17.3,15.0,52.6,14.0,0.1,0.1,0.2,-55.7,-3.9,57.2,-2.0,15.0,58.1,14.0,0.1,0.1,0.2,-11.7,0.0,20.9,10.1,15.0,35.1,14.0,0.1,0.1,0.2,-29.0,-2.4,10.7,-12.2,15.0,29.5,14.0,0.1,0.1,0.2,31.5,456.5,5832.0,2718.0,15.0,4366.5,14.0,0.1,0.1,0.2,30.0,455.0,5830.0,2720.0,15.0,4365.0,14.0,0.1,0.1,0.2
1974,2,8.0,40.0,13.69,14.0,14.26,13.98,4.0,0.45,16.0,0.5,0.3,0.3,13.33,14.9,15.1,14.25,4.0,1.51,16.0,0.5,0.3,0.3,6.25,8.07,8.52,7.4,3.0,1.76,12.0,0.3,0.2,0.3,67.2,78.0,80.2,73.8,3.0,10.2,12.0,0.3,0.3,5.61,6.7,9.16,7.37,3.0,2.66,12.0,0.3,0.2,0.3,-6.61,0.0,2.24,-2.13,3.0,6.74,12.0,0.3,0.2,0.3,3.64,3.91,5.81,4.71,3.0,1.73,12.0,0.3,0.2,0.3,1009.31,1010.7,1016.07,1012.6,4.0,5.38,16.0,0.5,0.3,0.3,3.5,6.0,8.0,5.8,4.0,2.6,16.0,0.5,0.3,0.3,-68.0,0.0,11.4,-27.7,3.0,62.9,12.0,0.3,0.2,0.3,25.1,36.3,42.2,33.7,3.0,12.7,12.0,0.3,0.2,0.3,-1.1,-0.65,0.59,-0.27,4.0,1.18,16.0,0.5,0.3,0.3,-6.0,-1.5,9.4,1.6,3.0,11.6,12.0,0.3,0.2,0.3,1.5,2.09,3.49,2.49,3.0,1.5,12.0,0.3,0.2,0.3,9.0,10.7,32.5,20.5,3.0,19.2,12.0,0.3,0.2,0.3,-79.3,0.0,33.1,-22.5,3.0,84.6,12.0,0.3,0.2,0.3,47.2,57.8,87.9,67.3,3.0,30.9,12.0,0.3,0.2,0.3,-35.7,0.0,18.1,-8.6,3.0,40.1,12.0,0.3,0.2,0.3,23.0,31.5,49.9,36.4,3.0,20.2,12.0,0.3,0.2,0.3,-27.4,0.0,4.7,-11.1,3.0,25.4,12.0,0.3,0.2,0.3,8.2,8.2,12.6,10.3,3.0,3.7,12.0,0.3,0.2,0.3,186.0,301.0,841.5,508.5,3.0,512.5,12.0,0.3,0.2,0.3,185.0,300.0,840.0,510.0,3.0,515.0,12.0,0.3,0.2,0.3
1974,2,8.0,41.0,13.0,13.15,13.5,13.2,12.0,0.58,20.0,0.1,0.4,0.7,10.95,12.3,13.05,11.89,12.0,1.49,20.0,0.1,0.4,0.7,5.41,5.88,6.24,5.91,10.0,0.51,20.0,0.1,0.4,0.7,62.5,66.0,73.2,67.2,10.0,5.5,20.0,0.1,0.7,3.39,5.1,10.3,6.51,11.0,3.16,18.0,0.1,0.3,0.7,-8.21,-1.57,2.97,-2.53,11.0,4.95,18.0,0.1,0.3,0.7,-2.01,2.55,3.85,0.82,11.0,4.92,18.0,0.1,0.3,0.7,1004.47,1010.1,1021.8,1012.83,12.0,8.42,20.0,0.1,0.4,0.7,1.7,6.0,6.3,4.7,12.0,2.5,20.0,0.1,0.4,0.7,-83.5,-7.2,9.9,-26.1,11.0,43.2,18.0,0.1,0.3,0.7,-25.6,12.5,26.7,-1.7,11.0,48.1,18.0,0.1,0.3,0.7,0.07,1.3,2.25,1.31,12.0,1.26,20.0,0.1,0.4,0.7,0.3,4.3,15.3,8.6,11.0,12.1,18.0,0.1,0.3,0.7,3.08,3.63,4.25,3.6,10.0,0.64,20.0,0.1,0.4,0.7,11.6,17.5,40.2,22.8,9.0,14.2,20.0,0.1,0.4,0.7,-82.7,-19.8,34.5,-27.7,11.0,57.1,18.0,0.1,0.3,0.7,-26.7,32.5,40.9,6.9,11.0,62.1,18.0,0.1,0.3,0.7,-41.7,-11.0,10.5,-15.1,9.0,25.2,20.0,0.1,0.4,0.7,-26.1,14.2,18.8,1.0,9.0,32.1,20.0,0.1,0.4,0.7,-30.5,-3.9,7.6,-10.4,9.0,18.3,20.0,0.1,0.4,0.7,-20.5,8.7,10.6,0.1,9.0,18.2,20.0,0.1,0.4,0.7,39.5,132.5,1092.5,463.0,11.0,519.5,18.0,0.1,0.3,0.7,40.0,135.0,1095.0,465.0,11.0,520.0,18.0,0.1,0.3,0.7
1974,2,8.0,42.0,12.22,13.0,14.0,13.06,9.0,1.29,22.0,0.3,0.4,0.5,9.93,12.7,13.37,11.94,9.0,1.96,22.0,0.3,0.4,0.5,5.68,6.0,7.12,6.43,6.0,1.23,20.0,0.5,0.4,0.4,62.6,71.0,83.3,72.2,6.0,11.0,20.0,0.5,0.4,4.0,6.2,9.81,6.46,9.0,3.5,22.0,0.3,0.4,0.5,-7.27,-4.04,-0.41,-2.65,9.0,6.09,22.0,0.3,0.4,0.5,-4.33,0.0,2.8,-0.49,9.0,3.72,22.0,0.3,0.4,0.5,1002.35,1014.6,1020.27,1012.61,9.0,9.69,22.0,0.3,0.4,0.5,4.3,6.0,7.0,5.7,9.0,1.8,22.0,0.3,0.4,0.5,-67.0,-16.6,-2.0,-14.3,9.0,64.2,22.0,0.3,0.4,0.5,-35.3,0.0,10.9,-7.3,9.0,30.4,22.0,0.3,0.4,0.5,0.06,1.0,2.43,1.11,9.0,2.2,22.0,0.3,0.4,0.5,-0.3,9.3,12.5,10.5,9.0,16.6,22.0,0.3,0.4,0.5,1.31,3.01,3.83,2.64,6.0,1.62,20.0,0.5,0.4,0.4,8.1,20.9,32.4,20.6,6.0,15.1,20.0,0.5,0.4,0.4,-72.8,-51.3,-3.7,-27.4,9.0,74.5,22.0,0.3,0.4,0.5,-53.8,0.0,38.1,-3.6,9.0,42.4,22.0,0.3,0.4,0.5,-39.2,-28.8,17.5,-9.8,6.0,46.2,20.0,0.5,0.4,0.4,-5.2,2.1,12.7,2.7,6.0,17.2,20.0,0.5,0.4,0.4,-23.8,-12.5,6.2,-8.6,6.0,22.4,20.0,0.5,0.4,0.4,-4.3,0.0,5.6,-0.2,6.0,12.2,20.0,0.5,0.4,0.4,64.0,238.5,947.5,482.0,9.0,562.5,22.0,0.3,0.4,0.5,65.0,240.0,945.0,480.0,9.0,565.0,22.0,0.3,0.4,0.5
1974,2,8.0,43.0,12.8,13.1,14.0,13.23,31.0,0.54,16.0,0.0,0.5,0.1,10.48,12.0,13.2,12.03,31.0,1.26,16.0,0.0,0.5,0.1,5.06,6.2,7.17,6.21,30.0,0.97,14.0,0.0,0.5,0.1,59.6,72.1,81.3,71.0,30.0,9.8,14.0,0.0,0.1,3.9,7.95,12.9,8.31,30.0,4.84,16.0,0.0,0.5,0.1,-8.71,-1.41,5.38,-1.12,30.0,6.81,16.0,0.0,0.5,0.1,-9.29,-1.78,3.55,-2.5,30.0,6.38,16.0,0.0,0.5,0.1,1001.0,1011.1,1019.91,1009.87,32.0,9.14,16.0,0.0,0.5,0.1,0.0,5.0,6.4,3.9,30.0,2.9,16.0,0.0,0.5,0.1,-81.4,-6.0,46.1,-14.5,30.0,93.8,16.0,0.0,0.5,0.1,-89.9,-10.3,18.4,-31.8,30.0,91.8,16.0,0.0,0.5,0.1,0.0,1.0,2.68,1.26,30.0,1.25,16.0,0.0,0.5,0.1,0.0,6.2,17.5,10.2,28.0,13.8,16.0,0.0,0.5,0.1,2.49,3.14,4.27,3.24,29.0,0.94,16.0,0.0,0.5,0.1,10.4,20.5,39.6,24.4,27.0,16.5,16.0,0.0,0.5,0.1,-97.6,-17.1,68.7,-11.7,29.0,83.6,16.0,0.0,0.5,0.1,-103.3,-16.9,45.4,-25.3,29.0,75.7,16.0,0.0,0.5,0.1,-43.3,-8.2,33.3,-2.6,28.0,42.2,16.0,0.0,0.5,0.1,-51.2,-4.1,19.2,-9.7,28.0,38.1,16.0,0.0,0.5,0.1,-27.5,-3.9,16.4,-4.5,27.0,23.0,16.0,0.0,0.5,0.1,-21.0,0.0,10.2,-5.7,27.0,17.5,16.0,0.0,0.5,0.1,60.0,504.0,2146.5,1204.0,30.0,1926.5,16.0,0.0,0.5,0.1,60.0,505.0,2145.0,1205.0,30.0,1925.0,16.0,0.0,0.5,0.1
1974,2,8.0,44.0,13.3,13.3,13.3,13.3,1.0,0.0,2.0,0.0,0.8,0.2,10.5,10.5,10.5,10.5,1.0,0.0,2.0,0.0,0.8,0.2,6.57,6.57,6.57,6.57,1.0,0.0,2.0,0.0,0.8,0.2,82.2,82.2,82.2,82.2,1.0,0.0,2.0,0.0,0.2,,,,,,,,,,,,,,,,,,,,,,,,,,,,,,,,,,,,,,,,,,,,,,,,,,,,,,,,,,,,,,,,,,,,,,,,,,,,,,,,,,,,,,,,,,,,,,,,,,,,,,,,,,,,,,,,,,,,,,,,,,,,,,,,,,,,,,,,,,,,,,,,,,,,,,,,,,,,,,,,,,,,,,,,,,,,,,,,,,,,,,,,,,,,,,
1974,2,8.0,53.0,4.96,5.0,5.0,4.89,7.0,0.3,12.0,0.4,0.7,0.9,4.95,5.8,8.83,6.64,5.0,2.24,12.0,0.4,0.7,0.9,4.05,4.05,4.05,4.05,1.0,0.0,20.0,1.0,0.1,0.7,80.8,80.8,80.8,80.8,1.0,0.0,20.0,1.0,0.7,6.94,9.0,13.0,9.39,7.0,2.82,12.0,0.4,0.7,0.9,-1.39,2.26,6.74,3.09,7.0,5.94,12.0,0.4,0.7,0.9,-0.14,6.89,9.18,5.52,7.0,5.36,12.0,0.4,0.7,0.9,989.57,997.1,1005.61,999.16,7.0,10.34,12.0,0.4,0.7,0.9,6.8,8.0,8.0,7.5,6.0,0.8,10.0,0.3,0.8,0.9,-9.4,29.3,69.3,39.3,7.0,65.9,12.0,0.4,0.7,0.9,-0.8,48.3,85.1,56.7,7.0,60.4,12.0,0.4,0.7,0.9,-3.83,-0.8,-0.24,-1.8,5.0,2.02,12.0,0.4,0.7,0.9,-36.1,-10.4,-2.1,-17.8,5.0,19.2,12.0,0.4,0.7,0.9,1.04,1.04,1.04,1.04,1.0,0.0,20.0,1.0,0.1,0.7,5.9,5.9,5.9,5.9,1.0,0.0,20.0,1.0,0.1,0.7,-7.2,33.7,65.9,30.0,5.0,39.9,12.0,0.4,0.7,0.9,-4.2,28.3,73.6,33.1,5.0,40.3,12.0,0.4,0.7,0.9,-20.0,-20.0,-20.0,-20.0,1.0,0.0,20.0,1.0,0.1,0.7,-11.5,-11.5,-11.5,-11.5,1.0,0.0,20.0,1.0,0.1,0.7,-5.1,-5.1,-5.1,-5.1,1.0,0.0,20.0,1.0,0.1,0.7,-3.0,-3.0,-3.0,-3.0,1.0,0.0,20.0,1.0,0.1,0.7,335.5,729.0,2197.0,1023.5,7.0,843.5,12.0,0.4,0.7,0.9,335.0,730.0,2195.0,1025.0,7.0,845.0,12.0,0.4,0.7,0.9
1974,2,8.0,54.0,4.0,4.6,4.7,4.43,336.0,0.34,14.0,0.3,0.3,0.0,3.0,4.55,6.0,4.61,336.0,1.69,14.0,0.3,0.3,0.0,4.06,4.75,5.38,4.7,333.0,0.72,14.0,0.3,0.3,0.0,81.0,90.0,95.0,88.4,333.0,7.3,14.0,0.3,0.0,5.7,8.2,11.3,8.42,336.0,2.92,14.0,0.3,0.3,0.0,-5.98,0.0,7.07,0.18,336.0,6.07,14.0,0.3,0.3,0.0,-4.95,3.78,8.18,2.39,336.0,6.09,14.0,0.3,0.3,0.0,995.13,1011.7,1025.18,1010.25,336.0,15.17,14.0,0.3,0.3,0.0,0.0,7.0,8.0,5.2,320.0,3.2,14.0,0.3,0.3,0.0,-48.7,0.0,65.2,6.5,336.0,65.7,14.0,0.3,0.3,0.0,-38.1,25.4,73.2,23.5,336.0,66.0,14.0,0.3,0.3,0.0,-1.6,-0.2,1.3,-0.17,336.0,1.63,14.0,0.3,0.3,0.0,-13.2,-1.3,9.4,-2.6,336.0,17.1,14.0,0.3,0.3,0.0,-0.09,0.46,1.16,0.51,333.0,0.69,14.0,0.3,0.3,0.0,-1.0,3.4,9.8,3.9,333.0,6.8,14.0,0.3,0.3,0.0,-25.2,0.0,32.5,4.2,336.0,27.9,14.0,0.3,0.3,0.0,-20.6,14.4,40.5,15.1,336.0,33.7,14.0,0.3,0.3,0.0,-27.6,0.0,32.3,2.6,333.0,28.0,14.0,0.3,0.3,0.0,-22.5,17.1,39.4,13.2,333.0,30.1,14.0,0.3,0.3,0.0,-5.6,0.0,2.3,-1.6,333.0,5.7,14.0,0.3,0.3,0.0,-4.9,0.0,3.5,-0.5,333.0,5.1,14.0,0.3,0.3,0.0,185.0,551.5,1443.0,821.0,336.0,897.5,14.0,0.3,0.3,0.0,185.0,550.0,1445.0,820.0,336.0,895.0,14.0,0.3,0.3,0.0
1974,2,8.0,55.0,3.9,4.25,4.55,4.23,4.0,0.39,16.0,0.3,0.1,0.4,4.0,4.0,4.47,4.23,4.0,0.45,16.0,0.3,0.1,0.4,4.63,4.74,4.9,4.76,3.0,0.2,20.0,0.0,0.1,0.3,92.3,93.2,93.2,92.8,3.0,0.7,20.0,0.0,0.3,1.79,5.7,9.67,5.73,4.0,4.55,16.0,0.3,0.1,0.4,-4.07,-1.36,0.55,-1.74,4.0,3.22,16.0,0.3,0.1,0.4,-4.82,1.01,4.35,-0.18,4.0,7.07,16.0,0.3,0.1,0.4,995.96,1002.3,1021.27,1008.33,4.0,20.91,16.0,0.3,0.1,0.4,1.4,5.5,8.0,4.8,4.0,3.9,16.0,0.3,0.1,0.4,-31.1,-2.6,8.6,-10.9,4.0,31.3,16.0,0.3,0.1,0.4,-50.9,1.7,35.6,-7.2,4.0,68.0,16.0,0.3,0.1,0.4,-0.25,-0.1,0.26,0.0,4.0,0.36,16.0,0.3,0.1,0.4,-2.4,-1.0,0.4,-1.0,4.0,1.7,16.0,0.3,0.1,0.4,0.33,0.34,0.47,0.4,3.0,0.11,20.0,0.0,0.1,0.3,0.7,0.8,2.3,1.5,3.0,1.3,20.0,0.0,0.1,0.3,-19.1,-5.4,2.2,-8.3,4.0,15.3,16.0,0.3,0.1,0.4,-19.3,4.0,20.8,0.9,4.0,30.6,16.0,0.3,0.1,0.4,-23.2,-9.0,-5.3,-14.1,3.0,13.8,20.0,0.0,0.1,0.3,4.2,6.2,26.2,15.0,3.0,17.8,20.0,0.0,0.1,0.3,-1.5,-0.7,-0.5,-1.0,3.0,0.8,20.0,0.0,0.1,0.3,0.4,0.7,1.8,1.1,3.0,1.1,20.0,0.0,0.1,0.3,6.0,407.0,907.0,454.0,4.0,523.5,16.0,0.3,0.1,0.4,5.0,405.0,905.0,455.0,4.0,525.0,16.0,0.3,0.1,0.4
1974,2,8.0,56.0,1.17,3.7,4.59,2.9,3.0,2.59,12.0,0.3,0.2,0.6,2.92,4.9,5.04,4.0,3.0,1.73,12.0,0.3,0.2,0.6,4.56,4.79,5.03,4.79,2.0,0.48,14.0,0.5,0.1,0.6,84.9,89.6,94.4,89.6,2.0,9.8,14.0,0.5,0.6,3.59,11.3,11.64,7.7,3.0,6.67,12.0,0.3,0.2,0.6,-2.75,0.0,5.91,1.54,3.0,6.48,12.0,0.3,0.2,0.6,-7.57,0.0,4.96,-1.27,3.0,9.24,12.0,0.3,0.2,0.6,990.5,1007.5,1026.41,1008.43,3.0,26.31,12.0,0.3,0.2,0.6,7.2,7.5,7.8,7.5,2.0,0.7,6.0,0.5,0.3,0.6,-32.5,0.0,66.8,16.7,3.0,74.1,12.0,0.3,0.2,0.6,-89.3,0.0,56.0,-16.3,3.0,107.4,12.0,0.3,0.2,0.6,-3.86,-1.2,1.67,-1.1,3.0,4.05,12.0,0.3,0.2,0.6,-9.3,0.0,24.2,7.3,3.0,25.3,12.0,0.3,0.2,0.6,-1.13,-0.47,0.19,-0.47,2.0,1.37,14.0,0.5,0.1,0.6,0.9,2.8,4.8,2.8,2.0,4.0,14.0,0.5,0.1,0.6,-5.5,0.0,29.0,11.4,3.0,27.1,12.0,0.3,0.2,0.6,-15.1,0.0,24.3,4.5,3.0,29.1,12.0,0.3,0.2,0.6,6.1,19.3,32.4,19.3,2.0,27.3,14.0,0.5,0.1,0.6,5.1,16.2,27.2,16.2,2.0,22.9,14.0,0.5,0.1,0.6,0.7,2.2,3.6,2.2,2.0,3.1,14.0,0.5,0.1,0.6,0.6,1.8,3.1,1.8,2.0,2.6,14.0,0.5,0.1,0.6,458.0,1443.0,1579.5,1028.5,3.0,896.5,12.0,0.3,0.2,0.6,460.0,1445.0,1580.0,1030.0,3.0,895.0,12.0,0.3,0.2,0.6
1974,2,8.0,57.0,4.0,5.3,7.0,5.27,69.0,1.6,16.0,0.2,0.4,0.3,3.0,5.0,6.0,4.63,72.0,1.66,14.0,0.3,0.4,0.4,4.03,4.5,5.03,4.52,16.0,0.53,16.0,0.1,0.3,0.3,79.4,86.2,94.5,87.0,16.0,6.9,16.0,0.1,0.3,3.0,6.45,10.48,6.75,68.0,3.53,14.0,0.3,0.4,0.4,-5.14,0.0,5.7,0.28,68.0,5.61,14.0,0.3,0.4,0.4,0.0,2.9,6.18,3.06,68.0,4.21,14.0,0.3,0.4,0.4,992.58,1007.45,1030.8,1010.45,72.0,16.27,14.0,0.3,0.4,0.4,1.0,7.0,8.0,5.5,50.0,3.1,16.0,0.3,0.4,0.3,-34.8,0.0,52.1,6.3,68.0,55.1,14.0,0.3,0.4,0.4,0.0,16.1,50.6,27.1,68.0,50.7,14.0,0.3,0.4,0.4,-1.22,0.4,3.0,0.7,69.0,2.17,16.0,0.2,0.4,0.3,-9.5,1.8,17.8,3.9,65.0,15.7,14.0,0.3,0.4,0.4,0.38,0.94,1.51,0.99,15.0,0.64,16.0,0.1,0.3,0.3,0.8,6.4,10.1,6.4,14.0,5.9,16.0,0.1,0.3,0.3,-25.1,0.0,30.3,4.1,68.0,28.3,14.0,0.3,0.4,0.4,0.0,12.4,33.0,15.3,68.0,21.4,14.0,0.3,0.4,0.4,-15.6,0.0,20.4,4.2,15.0,18.9,14.0,0.1,0.3,0.3,0.0,10.3,24.9,13.1,15.0,17.0,14.0,0.1,0.3,0.3,-5.7,0.3,4.8,-0.2,14.0,5.6,16.0,0.1,0.3,0.3,0.0,0.9,8.3,3.9,14.0,5.6,16.0,0.1,0.3,0.3,27.0,269.5,1154.0,573.5,68.0,786.0,14.0,0.3,0.4,0.4,25.0,270.0,1155.0,575.0,68.0,785.0,14.0,0.3,0.4,0.4
1974,2,8.0,58.0,3.2,3.2,3.2,3.2,1.0,0.0,24.0,0.0,0.0,0.0,3.7,3.7,3.7,3.7,1.0,0.0,24.0,0.0,0.0,0.0,2.9,2.9,2.9,2.9,1.0,0.0,24.0,0.0,0.0,0.0,59.8,59.8,59.8,59.8,1.0,0.0,24.0,0.0,0.0,6.2,6.2,6.2,6.2,1.0,0.0,24.0,0.0,0.0,0.0,3.1,3.1,3.1,3.1,1.0,0.0,24.0,0.0,0.0,0.0,-5.37,-5.37,-5.37,-5.37,1.0,0.0,24.0,0.0,0.0,0.0,1028.6,1028.6,1028.6,1028.6,1.0,0.0,24.0,0.0,0.0,0.0,0.0,0.0,0.0,0.0,1.0,0.0,24.0,0.0,0.0,0.0,19.2,19.2,19.2,19.2,1.0,0.0,24.0,0.0,0.0,0.0,-33.3,-33.3,-33.3,-33.3,1.0,0.0,24.0,0.0,0.0,0.0,-0.5,-0.5,-0.5,-0.5,1.0,0.0,24.0,0.0,0.0,0.0,-3.1,-3.1,-3.1,-3.1,1.0,0.0,24.0,0.0,0.0,0.0,1.79,1.79,1.79,1.79,1.0,0.0,24.0,0.0,0.0,0.0,11.1,11.1,11.1,11.1,1.0,0.0,24.0,0.0,0.0,0.0,11.5,11.5,11.5,11.5,1.0,0.0,24.0,0.0,0.0,0.0,-19.9,-19.9,-19.9,-19.9,1.0,0.0,24.0,0.0,0.0,0.0,9.0,9.0,9.0,9.0,1.0,0.0,24.0,0.0,0.0,0.0,-15.6,-15.6,-15.6,-15.6,1.0,0.0,24.0,0.0,0.0,0.0,5.5,5.5,5.5,5.5,1.0,0.0,24.0,0.0,0.0,0.0,-9.6,-9.6,-9.6,-9.6,1.0,0.0,24.0,0.0,0.0,0.0,238.5,238.5,238.5,238.5,1.0,0.0,24.0,0.0,0.0,0.0,240.0,240.0,240.0,240.0,1.0,0.0,24.0,0.0,0.0,0.0
1974,2,8.0,64.0,6.79,6.8,7.64,6.95,13.0,0.7,18.0,0.3,0.4,0.8,2.0,5.0,6.94,4.24,14.0,2.58,16.0,0.3,0.4,0.8,3.3,4.46,5.02,4.17,4.0,1.15,16.0,0.8,0.4,0.7,64.8,81.4,92.1,78.6,4.0,16.7,16.0,0.8,0.7,1.99,9.0,13.38,8.63,13.0,5.64,16.0,0.2,0.3,0.8,-1.82,5.79,10.15,4.51,13.0,6.69,16.0,0.2,0.3,0.8,-0.08,3.5,8.1,3.23,13.0,5.87,16.0,0.2,0.3,0.8,999.25,1005.3,1026.35,1009.33,14.0,13.44,16.0,0.3,0.4,0.8,3.0,7.0,8.0,6.0,9.0,2.5,18.0,0.4,0.5,0.8,-5.3,42.4,124.7,66.8,13.0,96.1,16.0,0.2,0.3,0.8,-0.1,24.5,100.3,40.6,13.0,82.4,16.0,0.2,0.3,0.8,0.61,1.6,6.06,2.54,13.0,2.68,18.0,0.3,0.4,0.8,-0.5,6.0,49.1,20.2,12.0,34.9,18.0,0.3,0.4,0.8,1.17,1.75,2.58,1.87,4.0,0.89,16.0,0.8,0.4,0.7,2.9,3.0,18.7,10.6,3.0,13.3,16.0,0.7,0.3,0.7,-1.7,23.1,56.5,22.4,13.0,32.1,16.0,0.2,0.3,0.8,-0.2,6.5,43.9,18.3,13.0,27.1,16.0,0.2,0.3,0.8,-5.7,-1.3,25.9,9.8,3.0,25.1,16.0,0.7,0.3,0.7,0.5,6.5,24.1,12.2,3.0,18.0,16.0,0.7,0.3,0.7,-2.0,-1.5,13.1,5.4,3.0,12.6,16.0,0.7,0.3,0.7,-1.2,1.9,12.0,5.3,3.0,10.1,16.0,0.7,0.3,0.7,8.5,729.0,2456.5,1414.5,13.0,1896.0,16.0,0.2,0.3,0.8,10.0,730.0,2455.0,1415.0,13.0,1895.0,16.0,0.2,0.3,0.8
1974,2,8.0,65.0,5.76,7.0,7.87,6.98,28.0,1.08,16.0,0.2,0.5,0.3,2.16,5.2,6.94,4.56,30.0,2.39,18.0,0.2,0.4,0.4,3.71,4.73,5.54,4.66,13.0,0.89,16.0,0.2,0.4,0.3,75.8,77.8,88.6,80.8,13.0,7.4,16.0,0.2,0.3,7.2,9.55,14.83,10.73,28.0,4.28,18.0,0.2,0.4,0.4,2.45,7.32,11.94,7.01,28.0,6.06,18.0,0.2,0.4,0.4,-3.24,4.66,9.14,2.72,28.0,6.51,18.0,0.2,0.4,0.4,990.03,1007.3,1018.96,1005.76,30.0,14.17,18.0,0.2,0.4,0.4,4.3,7.5,8.0,6.2,24.0,2.5,16.0,0.3,0.4,0.4,15.8,73.3,167.8,93.2,28.0,105.5,18.0,0.2,0.4,0.4,-25.9,42.7,109.3,29.1,28.0,98.1,18.0,0.2,0.4,0.4,-0.27,2.0,4.0,2.17,28.0,2.21,16.0,0.2,0.5,0.3,-3.0,14.0,49.5,25.0,26.0,31.9,18.0,0.2,0.5,0.4,1.06,2.16,2.49,1.78,13.0,0.93,16.0,0.2,0.4,0.3,6.7,20.1,40.1,23.6,11.0,22.1,18.0,0.3,0.4,0.4,6.8,38.7,63.1,33.4,28.0,32.6,18.0,0.2,0.4,0.4,-8.8,13.3,54.1,18.9,28.0,31.3,18.0,0.2,0.4,0.4,30.4,44.0,57.3,45.0,11.0,19.9,18.0,0.3,0.4,0.4,-5.9,15.2,38.9,13.7,11.0,30.3,18.0,0.3,0.4,0.4,2.9,17.7,31.7,19.1,11.0,18.0,18.0,0.3,0.4,0.4,-4.2,2.1,9.4,0.5,11.0,19.3,18.0,0.3,0.4,0.4,375.5,873.0,3264.0,1871.5,28.0,2487.0,18.0,0.2,0.4,0.4,375.0,875.0,3265.0,1870.0,28.0,2485.0,18.0,0.2,0.4,0.4
1974,2,8.0,66.0,6.0,6.3,7.0,6.34,11.0,1.12,14.0,0.3,0.5,0.3,-0.41,1.6,2.99,1.28,11.0,2.1,14.0,0.3,0.5,0.3,2.66,3.06,4.03,3.34,3.0,1.03,8.0,0.0,0.4,0.1,63.2,64.0,84.8,73.8,3.0,17.9,8.0,0.0,0.1,6.33,11.0,13.65,10.53,11.0,3.99,14.0,0.3,0.5,0.3,-7.76,2.76,11.58,1.77,11.0,10.15,14.0,0.3,0.5,0.3,-7.92,-2.31,1.22,-2.89,11.0,4.71,14.0,0.3,0.5,0.3,986.36,1003.8,1011.17,1000.0,11.0,13.38,14.0,0.3,0.5,0.3,3.9,7.5,8.0,6.3,10.0,2.5,14.0,0.3,0.6,0.2,-79.9,9.9,155.8,31.3,11.0,136.0,14.0,0.3,0.5,0.3,-89.1,-16.7,20.7,-27.6,11.0,58.7,14.0,0.3,0.5,0.3,3.72,4.6,7.0,5.05,11.0,2.02,14.0,0.3,0.5,0.3,27.7,49.0,84.9,51.7,11.0,27.2,14.0,0.3,0.5,0.3,2.21,3.2,3.66,2.94,3.0,1.08,8.0,0.0,0.4,0.1,18.6,23.5,38.7,28.5,3.0,15.3,8.0,0.0,0.4,0.1,-21.3,0.6,25.0,1.3,11.0,22.0,14.0,0.3,0.5,0.3,-13.3,0.0,4.9,-4.1,11.0,12.5,14.0,0.3,0.5,0.3,-43.5,-15.6,-14.9,-28.9,3.0,23.9,8.0,0.0,0.4,0.1,-17.3,0.0,14.0,-1.6,3.0,23.0,8.0,0.0,0.4,0.1,-22.6,-22.1,-18.2,-20.4,3.0,3.6,8.0,0.0,0.4,0.1,-27.0,0.0,5.5,-10.5,3.0,25.5,8.0,0.0,0.4,0.1,274.0,1331.0,2545.5,1607.0,11.0,1420.5,14.0,0.3,0.5,0.3,275.0,1330.0,2545.0,1605.0,11.0,1420.0,14.0,0.3,0.5,0.3
1974,2,8.0,68.0,,,,,,,,,,,,,,,,,,,,,,,,,,,,,,,,,,,,,,,,7.43,10.5,13.57,10.5,2.0,6.36,24.0,0.5,0.3,0.0,5.4,7.12,8.84,7.12,2.0,3.57,24.0,0.5,0.3,0.0,-1.42,3.82,9.06,3.82,2.0,10.85,24.0,0.5,0.3,0.0,1004.0,1009.8,1015.6,1009.8,2.0,12.02,24.0,0.5,0.3,0.0,,,,,,,,,,,,,,,,,,,,,,,,,,,,,,,,,,,,,,,,,,,,,,,,,,,,,,,,,,,,,,,,,,,,,,,,,,,,,,,,,,,,,,,,,,,,,,,,,,,,,,,,,,,,,,,,,,,,,,,,,,,,,,,,,,,,,,,,,,,,,,,,,,,,,,
1974,2,8.0,74.0,,,,,,,,,,,,,,,,,,,,,,,,,,,,,,,,,,,,,,,,,,,,,,,,,,,,,,,,,,,,,,,,,,,,,,,,,,,,,,,,8.0,8.0,8.0,8.0,2.0,0.0,26.0,1.0,0.5,0.5,-79.2,-70.5,-61.8,-70.5,2.0,18.0,26.0,1.0,0.5,0.5,146.4,151.5,156.5,151.5,2.0,10.4,26.0,1.0,0.5,0.5,,,,,,,,,,,,,,,,,,,,,,,,,,,,,,,,,,,,,,,,,,,,,,,,,,,,,,,,,,,,,,,,,,,,,,,,,,,,,,,,,,,,,,,,,,,,,,,,,,,,,,,,,,,,,,,,,,,,,,,,
1974,2,9.0,-70.0,0.5,0.5,0.5,0.5,1.0,0.0,8.0,1.0,0.6,0.3,-2.7,-2.7,-2.7,-2.7,1.0,0.0,8.0,1.0,0.6,0.3,2.65,2.65,2.65,2.65,1.0,0.0,8.0,1.0,0.6,0.3,83.5,83.5,83.5,83.5,1.0,0.0,8.0,1.0,0.3,8.7,8.7,8.7,8.7,1.0,0.0,8.0,1.0,0.6,0.3,-8.7,-8.7,-8.7,-8.7,1.0,0.0,8.0,1.0,0.6,0.3,0.0,0.0,0.0,0.0,1.0,0.0,8.0,1.0,0.6,0.3,990.0,990.0,990.0,990.0,1.0,0.0,8.0,1.0,0.6,0.3,7.0,7.0,7.0,7.0,1.0,0.0,8.0,1.0,0.6,0.3,-75.7,-75.7,-75.7,-75.7,1.0,0.0,8.0,1.0,0.6,0.3,0.0,0.0,0.0,0.0,1.0,0.0,8.0,1.0,0.6,0.3,3.2,3.2,3.2,3.2,1.0,0.0,8.0,1.0,0.6,0.3,27.8,27.8,27.8,27.8,1.0,0.0,8.0,1.0,0.6,0.3,1.36,1.36,1.36,1.36,1.0,0.0,8.0,1.0,0.6,0.3,11.8,11.8,11.8,11.8,1.0,0.0,8.0,1.0,0.6,0.3,23.5,23.5,23.5,23.5,1.0,0.0,8.0,1.0,0.6,0.3,0.0,0.0,0.0,0.0,1.0,0.0,8.0,1.0,0.6,0.3,-23.0,-23.0,-23.0,-23.0,1.0,0.0,8.0,1.0,0.6,0.3,0.0,0.0,0.0,0.0,1.0,0.0,8.0,1.0,0.6,0.3,-11.8,-11.8,-11.8,-11.8,1.0,0.0,8.0,1.0,0.6,0.3,0.0,0.0,0.0,0.0,1.0,0.0,8.0,1.0,0.6,0.3,658.5,658.5,658.5,658.5,1.0,0.0,8.0,1.0,0.6,0.3,660.0,660.0,660.0,660.0,1.0,0.0,8.0,1.0,0.6,0.3
1974,2,9.0,-47.0,7.5,7.5,7.5,7.5,1.0,0.0,18.0,1.0,0.7,0.1,6.8,6.8,6.8,6.8,1.0,0.0,18.0,1.0,0.7,0.1,5.35,5.35,5.35,5.35,1.0,0.0,18.0,1.0,0.7,0.1,86.5,86.5,86.5,86.5,1.0,0.0,18.0,1.0,0.1,15.4,15.4,15.4,15.4,1.0,0.0,18.0,1.0,0.7,0.1,14.47,14.47,14.47,14.47,1.0,0.0,18.0,1.0,0.7,0.1,5.27,5.27,5.27,5.27,1.0,0.0,18.0,1.0,0.7,0.1,1000.4,1000.4,1000.4,1000.4,1.0,0.0,18.0,1.0,0.7,0.1,7.0,7.0,7.0,7.0,1.0,0.0,18.0,1.0,0.7,0.1,222.9,222.9,222.9,222.9,1.0,0.0,18.0,1.0,0.7,0.1,81.1,81.1,81.1,81.1,1.0,0.0,18.0,1.0,0.7,0.1,0.7,0.7,0.7,0.7,1.0,0.0,18.0,1.0,0.7,0.1,10.8,10.8,10.8,10.8,1.0,0.0,18.0,1.0,0.7,0.1,1.15,1.15,1.15,1.15,1.0,0.0,18.0,1.0,0.7,0.1,17.7,17.7,17.7,17.7,1.0,0.0,18.0,1.0,0.7,0.1,98.4,98.4,98.4,98.4,1.0,0.0,18.0,1.0,0.7,0.1,35.8,35.8,35.8,35.8,1.0,0.0,18.0,1.0,0.7,0.1,77.4,77.4,77.4,77.4,1.0,0.0,18.0,1.0,0.7,0.1,28.2,28.2,28.2,28.2,1.0,0.0,18.0,1.0,0.7,0.1,16.6,16.6,16.6,16.6,1.0,0.0,18.0,1.0,0.7,0.1,6.0,6.0,6.0,6.0,1.0,0.0,18.0,1.0,0.7,0.1,3652.5,3652.5,3652.5,3652.5,1.0,0.0,18.0,1.0,0.7,0.1,3650.0,3650.0,3650.0,3650.0,1.0,0.0,18.0,1.0,0.7,0.1
1974,2,9.0,-36.0,,,,,,,,,,,,,,,,,,,,,,,,,,,,,,,,,,,,,,,,7.2,7.2,7.2,7.2,1.0,0.0,16.0,0.0,0.9,0.9,-3.6,-3.6,-3.6,-3.6,1.0,0.0,16.0,0.0,0.9,0.9,6.24,6.24,6.24,6.24,1.0,0.0,16.0,0.0,0.9,0.9,1021.7,1021.7,1021.7,1021.7,1.0,0.0,16.0,0.0,0.9,0.9,,,,,,,,,,,,,,,,,,,,,,,,,,,,,,,,,,,,,,,,,,,,,,,,,,,,,,,,,,,,,,,,,,,,,,,,,,,,,,,,,,,,,,,,,,,,,,,,,,,,,,,,,,,,,,,,,,,,,,,,,,,,,,,,,,,,,,,,,,,,,,,,,,,,,,
1974,2,9.0,-35.0,19.0,19.0,19.0,19.0,1.0,0.0,14.0,1.0,0.6,0.5,18.0,18.0,18.0,18.0,1.0,0.0,14.0,1.0,0.6,0.5,9.27,9.27,9.27,9.27,1.0,0.0,14.0,1.0,0.6,0.5,73.0,73.0,73.0,73.0,1.0,0.0,14.0,1.0,0.5,5.7,5.7,5.7,5.7,1.0,0.0,14.0,1.0,0.6,0.5,-4.94,-4.94,-4.94,-4.94,1.0,0.0,14.0,1.0,0.6,0.5,2.85,2.85,2.85,2.85,1.0,0.0,14.0,1.0,0.6,0.5,1020.9,1020.9,1020.9,1020.9,1.0,0.0,14.0,1.0,0.6,0.5,7.0,7.0,7.0,7.0,1.0,0.0,14.0,1.0,0.6,0.5,-28.1,-28.1,-28.1,-28.1,1.0,0.0,14.0,1.0,0.6,0.5,16.2,16.2,16.2,16.2,1.0,0.0,14.0,1.0,0.6,0.5,1.0,1.0,1.0,1.0,1.0,0.0,14.0,1.0,0.6,0.5,5.7,5.7,5.7,5.7,1.0,0.0,14.0,1.0,0.6,0.5,4.28,4.28,4.28,4.28,1.0,0.0,14.0,1.0,0.6,0.5,24.4,24.4,24.4,24.4,1.0,0.0,14.0,1.0,0.6,0.5,-88.9,-88.9,-88.9,-88.9,1.0,0.0,14.0,1.0,0.6,0.5,51.3,51.3,51.3,51.3,1.0,0.0,14.0,1.0,0.6,0.5,-45.8,-45.8,-45.8,-45.8,1.0,0.0,14.0,1.0,0.6,0.5,26.4,26.4,26.4,26.4,1.0,0.0,14.0,1.0,0.6,0.5,-21.1,-21.1,-21.1,-21.1,1.0,0.0,14.0,1.0,0.6,0.5,12.2,12.2,12.2,12.2,1.0,0.0,14.0,1.0,0.6,0.5,185.0,185.0,185.0,185.0,1.0,0.0,14.0,1.0,0.6,0.5,185.0,185.0,185.0,185.0,1.0,0.0,14.0,1.0,0.6,0.5
1974,2,9.0,-34.0,,,,,,,,,,,,,,,,,,,,,,,,,,,,,,,,,,,,,,,,7.7,7.7,7.7,7.7,1.0,0.0,6.0,0.0,0.2,1.0,-4.95,-4.95,-4.95,-4.95,1.0,0.0,6.0,0.0,0.2,1.0,5.9,5.9,5.9,5.9,1.0,0.0,6.0,0.0,0.2,1.0,1019.3,1019.3,1019.3,1019.3,1.0,0.0,6.0,0.0,0.2,1.0,7.0,7.0,7.0,7.0,1.0,0.0,6.0,0.0,0.2,1.0,-38.1,-38.1,-38.1,-38.1,1.0,0.0,6.0,0.0,0.2,1.0,45.4,45.4,45.4,45.4,1.0,0.0,6.0,0.0,0.2,1.0,,,,,,,,,,,,,,,,,,,,,,,,,,,,,,,,,,,,,,,,,-86.1,-86.1,-86.1,-86.1,1.0,0.0,6.0,0.0,0.2,1.0,102.6,102.6,102.6,102.6,1.0,0.0,6.0,0.0,0.2,1.0,-57.7,-57.7,-57.7,-57.7,1.0,0.0,6.0,0.0,0.2,1.0,68.7,68.7,68.7,68.7,1.0,0.0,6.0,0.0,0.2,1.0,,,,,,,,,,,,,,,,,,,,,,,,,,,,,,,,,,,,,,,,
1974,2,9.0,-33.0,20.42,20.45,20.48,20.45,2.0,0.07,16.0,0.5,0.4,0.9,20.41,20.65,20.89,20.65,2.0,0.49,16.0,0.5,0.4,0.9,11.06,12.25,13.44,12.25,2.0,2.47,16.0,0.5,0.4,0.9,74.7,81.4,88.0,81.4,2.0,13.8,16.0,0.5,0.9,6.2,6.2,6.2,6.2,2.0,0.0,16.0,0.5,0.4,0.9,-4.85,-3.74,-2.64,-3.74,2.0,2.3,16.0,0.5,0.4,0.9,3.53,4.46,5.39,4.46,2.0,1.93,16.0,0.5,0.4,0.9,1020.05,1020.15,1020.25,1020.15,2.0,0.21,16.0,0.5,0.4,0.9,7.0,7.0,7.0,7.0,1.0,0.0,14.0,1.0,0.5,0.8,-30.1,-23.2,-16.3,-23.2,2.0,14.2,16.0,0.5,0.4,0.9,21.9,27.7,33.4,27.7,2.0,12.0,16.0,0.5,0.4,0.9,-0.4,-0.2,0.0,-0.2,2.0,0.42,16.0,0.5,0.4,0.9,-2.5,-1.2,0.0,-1.2,2.0,2.6,16.0,0.5,0.4,0.9,1.44,2.6,3.76,2.6,2.0,2.4,16.0,0.5,0.4,0.9,8.9,16.1,23.3,16.1,2.0,14.9,16.0,0.5,0.4,0.9,-101.7,-77.9,-54.1,-77.9,2.0,49.3,16.0,0.5,0.4,0.9,73.5,91.7,109.8,91.7,2.0,37.6,16.0,0.5,0.4,0.9,-66.8,-48.7,-30.7,-48.7,2.0,37.4,16.0,0.5,0.4,0.9,46.2,52.3,58.4,52.3,2.0,12.6,16.0,0.5,0.4,0.9,-8.4,-7.0,-5.5,-7.0,2.0,3.0,16.0,0.5,0.4,0.9,6.3,13.9,21.5,13.9,2.0,15.7,16.0,0.5,0.4,0.9,238.5,238.5,238.5,238.5,2.0,0.0,16.0,0.5,0.4,0.9,240.0,240.0,240.0,240.0,2.0,0.0,16.0,0.5,0.4,0.9
1974,2,9.0,-32.0,21.0,21.0,21.0,21.0,1.0,0.0,20.0,1.0,0.6,0.9,22.32,23.0,23.68,23.0,2.0,1.41,14.0,1.0,0.4,0.7,18.62,18.62,18.62,18.62,1.0,0.0,20.0,1.0,0.6,0.9,100.0,100.0,100.0,100.0,1.0,0.0,20.0,1.0,0.9,7.26,9.55,11.84,9.55,2.0,4.74,14.0,1.0,0.4,0.7,-6.64,-3.09,0.47,-3.09,2.0,7.36,14.0,1.0,0.4,0.7,6.47,7.85,9.24,7.85,2.0,2.87,14.0,1.0,0.4,0.7,1013.63,1016.05,1018.47,1016.05,2.0,5.02,14.0,1.0,0.4,0.7,8.0,8.0,8.0,8.0,2.0,0.0,14.0,1.0,0.4,0.7,-87.9,-46.9,-5.9,-46.9,2.0,84.9,14.0,1.0,0.4,0.7,50.6,81.8,113.0,81.8,2.0,64.6,14.0,1.0,0.4,0.7,-3.0,-3.0,-3.0,-3.0,1.0,0.0,20.0,1.0,0.6,0.9,-18.6,-18.6,-18.6,-18.6,1.0,0.0,20.0,1.0,0.6,0.9,-3.14,-3.14,-3.14,-3.14,1.0,0.0,20.0,1.0,0.6,0.9,-19.4,-19.4,-19.4,-19.4,1.0,0.0,20.0,1.0,0.6,0.9,-145.4,-65.8,13.9,-65.8,2.0,165.0,14.0,1.0,0.4,0.7,152.1,178.6,205.1,178.6,2.0,54.9,14.0,1.0,0.4,0.7,39.5,39.5,39.5,39.5,1.0,0.0,20.0,1.0,0.6,0.9,108.5,108.5,108.5,108.5,1.0,0.0,20.0,1.0,0.6,0.9,-6.6,-6.6,-6.6,-6.6,1.0,0.0,20.0,1.0,0.6,0.9,-18.3,-18.3,-18.3,-18.3,1.0,0.0,20.0,1.0,0.6,0.9,541.0,1192.5,1844.0,1192.5,2.0,1349.5,14.0,1.0,0.4,0.7,540.0,1195.0,1845.0,1195.0,2.0,1350.0,14.0,1.0,0.4,0.7
1974,2,9.0,-31.0,20.6,20.6,20.6,20.6,1.0,0.0,8.0,1.0,0.7,1.0,22.2,22.2,24.11,23.13,3.0,1.62,20.0,0.7,0.4,0.4,11.12,11.83,12.54,11.83,2.0,1.48,18.0,0.5,0.6,0.6,67.2,71.2,75.2,71.2,2.0,8.3,18.0,0.5,0.6,9.62,10.3,13.78,11.67,3.0,3.27,20.0,0.7,0.4,0.4,-9.31,-8.05,4.05,-2.76,3.0,10.81,20.0,0.7,0.4,0.4,3.88,4.65,9.53,6.66,3.0,4.49,20.0,0.7,0.4,0.4,1010.55,1014.3,1018.05,1014.3,2.0,7.78,18.0,0.5,0.6,0.6,4.3,7.0,7.7,6.0,3.0,2.6,20.0,0.7,0.4,0.4,-127.8,-74.9,44.3,-42.6,3.0,129.1,20.0,0.7,0.4,0.4,38.5,43.2,137.7,87.1,3.0,82.0,20.0,0.7,0.4,0.4,-1.6,-1.6,-1.6,-1.6,1.0,0.0,8.0,1.0,0.7,1.0,-24.6,-24.6,-24.6,-24.6,1.0,0.0,8.0,1.0,0.7,1.0,4.21,4.21,4.21,4.21,1.0,0.0,8.0,1.0,0.7,1.0,64.9,64.9,64.9,64.9,1.0,0.0,8.0,1.0,0.7,1.0,-213.9,-201.4,82.8,-68.7,3.0,245.8,20.0,0.7,0.4,0.4,90.3,116.3,215.7,152.1,3.0,97.0,20.0,0.7,0.4,0.4,-70.0,8.9,87.9,8.9,2.0,163.6,18.0,0.5,0.6,0.6,58.3,86.3,114.2,86.3,2.0,57.9,18.0,0.5,0.6,0.6,-41.7,-41.7,-41.7,-41.7,1.0,0.0,8.0,1.0,0.7,1.0,49.7,49.7,49.7,49.7,1.0,0.0,8.0,1.0,0.7,1.0,896.0,1092.5,2840.0,1850.0,3.0,1567.5,20.0,0.7,0.4,0.4,895.0,1095.0,2840.0,1850.0,3.0,1570.0,20.0,0.7,0.4,0.4
1974,2,9.0,-30.0,20.43,20.5,21.25,20.64,7.0,0.96,16.0,0.4,0.4,0.5,19.72,20.45,20.62,20.28,6.0,0.6,18.0,0.3,0.4,0.5,11.41,12.22,13.32,12.45,6.0,1.38,18.0,0.3,0.4,0.5,76.7,84.5,91.3,84.3,6.0,7.8,18.0,0.3,0.5,6.15,7.7,10.32,8.16,7.0,2.1,16.0,0.4,0.4,0.5,-6.7,-5.9,-0.55,-3.3,7.0,4.94,16.0,0.4,0.4,0.5,4.66,5.02,7.95,5.41,7.0,3.3,16.0,0.4,0.4,0.5,1012.65,1015.5,1017.87,1015.35,6.0,2.96,18.0,0.3,0.4,0.5,4.0,7.0,8.0,6.1,7.0,1.8,16.0,0.4,0.4,0.5,-69.2,-45.4,-2.5,-32.9,7.0,42.6,16.0,0.4,0.4,0.5,24.1,38.1,81.5,48.1,7.0,33.9,16.0,0.4,0.4,0.5,-0.31,0.75,1.1,0.37,6.0,1.0,18.0,0.3,0.4,0.5,-2.4,6.5,8.1,3.2,6.0,8.0,18.0,0.3,0.4,0.5,1.68,2.71,3.73,2.69,6.0,1.41,18.0,0.3,0.4,0.5,10.6,27.1,35.1,23.7,6.0,12.9,18.0,0.3,0.4,0.5,-141.5,-120.6,1.7,-73.9,6.0,108.8,18.0,0.3,0.4,0.5,75.4,119.5,165.0,109.4,6.0,71.8,18.0,0.3,0.4,0.5,-82.6,-70.7,3.9,-42.2,6.0,70.9,18.0,0.3,0.4,0.5,40.1,76.9,93.8,64.8,6.0,43.7,18.0,0.3,0.4,0.5,-23.5,-11.1,-0.7,-10.7,6.0,14.3,18.0,0.3,0.4,0.5,2.2,18.4,27.9,16.1,6.0,13.5,18.0,0.3,0.4,0.5,233.5,456.5,1100.5,634.5,7.0,428.5,16.0,0.4,0.4,0.5,235.0,455.0,1100.0,635.0,7.0,430.0,16.0,0.4,0.4,0.5
1974,2,9.0,-29.0,20.56,20.9,21.04,20.78,6.0,0.42,18.0,0.3,0.4,0.5,20.12,20.45,20.68,20.42,6.0,0.4,18.0,0.3,0.4,0.5,11.29,11.65,12.05,11.72,6.0,0.68,18.0,0.3,0.4,0.5,74.9,78.8,81.0,78.8,6.0,4.2,18.0,0.3,0.5,5.0,9.25,12.63,9.07,6.0,3.75,18.0,0.3,0.4,0.5,-5.04,-2.97,1.71,-1.84,6.0,4.06,18.0,0.3,0.4,0.5,4.71,8.33,11.15,8.15,6.0,3.51,18.0,0.3,0.4,0.5,1011.6,1015.1,1017.29,1014.75,6.0,2.85,18.0,0.3,0.4,0.5,5.8,7.0,8.0,6.3,6.0,2.7,18.0,0.3,0.4,0.5,-68.1,-19.7,13.5,-21.4,6.0,45.8,18.0,0.3,0.4,0.5,23.7,77.1,141.5,84.8,6.0,63.1,18.0,0.3,0.4,0.5,-0.1,0.5,0.82,0.37,6.0,0.53,18.0,0.3,0.4,0.5,-1.0,4.5,6.7,3.4,6.0,5.4,18.0,0.3,0.4,0.5,3.1,3.81,4.02,3.53,6.0,0.99,18.0,0.3,0.4,0.5,19.0,27.3,46.6,30.8,6.0,14.0,18.0,0.3,0.4,0.5,-102.1,-60.5,35.5,-36.8,6.0,82.3,18.0,0.3,0.4,0.5,98.4,171.2,222.4,166.1,6.0,70.5,18.0,0.3,0.4,0.5,-58.9,-33.7,21.2,-20.0,6.0,49.1,18.0,0.3,0.4,0.5,53.8,103.2,128.0,96.3,6.0,42.3,18.0,0.3,0.4,0.5,-17.9,-12.5,4.4,-8.8,6.0,12.0,18.0,0.3,0.4,0.5,15.6,25.6,41.1,27.7,6.0,13.2,18.0,0.3,0.4,0.5,125.5,800.0,2031.0,1062.5,6.0,1024.5,18.0,0.3,0.4,0.5,125.0,800.0,2030.0,1065.0,6.0,1025.0,18.0,0.3,0.4,0.5
1974,2,9.0,-28.0,19.09,20.8,22.51,20.8,2.0,3.54,18.0,0.0,0.4,0.3,20.16,20.5,20.84,20.5,2.0,0.71,18.0,0.0,0.4,0.3,13.17,13.45,13.72,13.45,2.0,0.57,18.0,0.0,0.4,0.3,86.2,89.9,93.5,89.9,2.0,7.5,18.0,0.0,0.3,8.11,9.0,9.89,9.0,2.0,1.84,18.0,0.0,0.4,0.3,-7.25,-5.87,-4.49,-5.87,2.0,2.86,18.0,0.0,0.4,0.3,6.63,6.64,6.66,6.64,2.0,0.03,18.0,0.0,0.4,0.3,1012.33,1013.25,1014.17,1013.25,2.0,1.91,18.0,0.0,0.4,0.3,7.2,7.5,7.8,7.5,2.0,0.7,18.0,0.0,0.4,0.3,-73.1,-55.5,-37.8,-55.5,2.0,36.5,18.0,0.0,0.4,0.3,54.0,59.8,65.5,59.8,2.0,11.9,18.0,0.0,0.4,0.3,-1.75,0.3,2.35,0.3,2.0,4.24,18.0,0.0,0.4,0.3,-19.4,-1.2,17.0,-1.2,2.0,37.6,18.0,0.0,0.4,0.3,0.64,2.0,3.37,2.0,2.0,2.83,18.0,0.0,0.4,0.3,4.9,15.4,26.0,15.4,2.0,21.8,18.0,0.0,0.4,0.3,-151.6,-121.3,-91.1,-121.3,2.0,62.7,18.0,0.0,0.4,0.3,134.3,136.2,138.1,136.2,2.0,4.0,18.0,0.0,0.4,0.3,-95.1,-78.1,-61.2,-78.1,2.0,35.1,18.0,0.0,0.4,0.3,87.3,89.4,91.4,89.4,2.0,4.2,18.0,0.0,0.4,0.3,-13.0,-7.7,-2.4,-7.7,2.0,10.9,18.0,0.0,0.4,0.3,4.2,13.4,22.5,13.4,2.0,18.9,18.0,0.0,0.4,0.3,557.5,774.5,992.0,774.5,2.0,450.0,18.0,0.0,0.4,0.3,555.0,775.0,990.0,775.0,2.0,450.0,18.0,0.0,0.4,0.3
1974,2,9.0,-27.0,19.93,20.6,21.41,20.67,6.0,1.45,16.0,0.5,0.5,0.6,20.29,21.0,21.9,20.99,7.0,0.74,14.0,0.6,0.5,0.5,11.52,12.62,13.21,12.33,6.0,1.64,14.0,0.5,0.5,0.5,74.8,80.5,87.7,79.3,6.0,9.9,14.0,0.5,0.5,3.58,8.7,9.3,6.69,7.0,2.91,14.0,0.6,0.5,0.5,-6.01,-1.61,0.15,-2.2,7.0,3.37,14.0,0.6,0.5,0.5,2.2,5.59,8.6,5.27,7.0,3.35,14.0,0.6,0.5,0.5,1010.06,1013.1,1015.55,1013.04,7.0,2.75,14.0,0.6,0.5,0.5,5.9,7.0,8.0,6.4,7.0,1.7,14.0,0.6,0.5,0.5,-55.7,-13.1,0.5,-20.3,7.0,26.3,14.0,0.6,0.5,0.5,7.9,48.7,75.0,42.8,7.0,34.4,14.0,0.6,0.5,0.5,-1.44,-0.45,0.68,-0.38,6.0,2.06,16.0,0.5,0.5,0.6,-11.9,-2.3,3.1,-5.1,6.0,14.8,16.0,0.5,0.5,0.6,0.83,3.17,4.94,2.94,5.0,2.19,14.0,0.4,0.5,0.5,3.3,19.2,35.9,20.7,5.0,19.6,14.0,0.4,0.5,0.5,-131.9,-33.9,3.2,-46.4,7.0,72.7,14.0,0.6,0.5,0.5,45.4,117.4,174.8,110.1,7.0,70.5,14.0,0.6,0.5,0.5,-77.8,-24.8,9.2,-27.1,6.0,47.8,14.0,0.5,0.5,0.5,22.9,60.0,87.2,54.4,6.0,35.2,14.0,0.5,0.5,0.5,-13.3,-2.0,1.3,-5.7,5.0,9.7,14.0,0.4,0.5,0.5,1.5,17.7,30.2,17.7,5.0,19.8,14.0,0.4,0.5,0.5,46.0,658.5,804.5,438.5,7.0,370.0,14.0,0.6,0.5,0.5,45.0,660.0,805.0,440.0,7.0,370.0,14.0,0.6,0.5,0.5
1974,2,9.0,-26.0,20.0,21.0,22.2,21.17,22.0,1.12,12.0,0.5,0.6,0.7,20.5,21.1,22.0,21.21,21.0,0.86,12.0,0.5,0.7,0.7,9.97,12.08,13.36,11.88,13.0,1.7,14.0,0.4,0.7,0.7,65.8,75.5,91.1,77.6,13.0,11.6,14.0,0.4,0.7,4.6,7.35,9.54,7.4,24.0,2.89,12.0,0.5,0.6,0.7,-5.4,-2.21,-0.52,-2.69,24.0,2.29,12.0,0.5,0.6,0.7,3.96,6.8,8.6,6.58,24.0,2.75,12.0,0.5,0.6,0.7,1009.26,1012.85,1015.67,1012.2,24.0,2.63,12.0,0.5,0.6,0.7,3.7,7.0,8.0,6.3,24.0,2.1,12.0,0.5,0.6,0.7,-46.3,-12.0,-1.7,-22.7,24.0,27.4,12.0,0.5,0.6,0.7,19.3,51.6,77.7,56.0,24.0,42.5,12.0,0.5,0.6,0.7,-1.0,-0.4,1.3,0.0,20.0,1.19,12.0,0.5,0.7,0.7,-6.9,-1.8,8.0,0.0,20.0,8.5,12.0,0.5,0.7,0.7,2.16,4.44,5.16,3.76,13.0,2.04,14.0,0.4,0.7,0.7,11.0,22.7,37.4,26.4,13.0,18.7,14.0,0.4,0.7,0.7,-123.7,-47.6,-18.9,-59.1,21.0,50.2,12.0,0.5,0.7,0.7,83.1,140.7,199.0,138.8,21.0,60.6,12.0,0.5,0.7,0.7,-39.3,-27.6,-7.2,-26.3,13.0,19.7,14.0,0.4,0.7,0.7,45.1,80.0,94.8,76.3,13.0,31.9,14.0,0.4,0.7,0.7,-18.2,-6.3,0.0,-10.0,13.0,10.2,14.0,0.4,0.7,0.7,10.3,21.9,36.8,23.8,13.0,16.8,14.0,0.4,0.7,0.7,97.5,406.5,873.0,593.5,24.0,667.0,12.0,0.5,0.6,0.7,95.0,405.0,875.0,595.0,24.0,665.0,12.0,0.5,0.6,0.7
1974,2,9.0,-25.0,20.5,21.2,22.0,21.25,91.0,1.05,14.0,0.5,0.5,0.6,20.2,21.0,22.5,21.41,92.0,1.35,14.0,0.5,0.5,0.6,10.84,12.15,13.68,12.23,69.0,1.41,14.0,0.5,0.5,0.7,70.5,77.7,84.4,77.5,71.0,8.6,14.0,0.5,0.7,4.66,7.7,10.3,7.63,90.0,2.63,14.0,0.5,0.5,0.6,-6.13,-3.39,-1.01,-3.36,90.0,2.33,14.0,0.5,0.5,0.6,4.33,6.44,8.73,6.53,90.0,2.42,14.0,0.5,0.5,0.6,1011.2,1013.2,1015.44,1013.24,91.0,2.27,14.0,0.5,0.5,0.6,3.0,7.0,8.0,6.1,91.0,2.2,14.0,0.5,0.5,0.6,-55.3,-24.5,-4.9,-29.6,90.0,24.0,14.0,0.5,0.5,0.6,20.8,50.0,86.4,55.7,90.0,37.4,14.0,0.5,0.5,0.6,-1.5,0.1,1.3,-0.11,89.0,1.57,14.0,0.5,0.5,0.6,-13.1,0.6,9.3,-0.9,85.0,13.6,14.0,0.5,0.5,0.6,1.94,3.3,5.19,3.52,69.0,1.57,14.0,0.5,0.5,0.7,11.4,21.4,46.3,26.5,66.0,17.8,14.0,0.5,0.5,0.7,-132.6,-74.0,-24.5,-72.1,88.0,50.0,14.0,0.5,0.5,0.6,89.9,137.9,193.4,139.5,88.0,54.2,14.0,0.5,0.5,0.6,-70.1,-38.1,-11.0,-37.5,66.0,28.7,14.0,0.5,0.5,0.7,51.4,76.2,111.1,78.1,66.0,33.2,14.0,0.5,0.5,0.7,-22.9,-8.7,-2.0,-11.2,66.0,10.9,14.0,0.5,0.5,0.7,10.0,19.1,40.9,23.0,66.0,15.7,14.0,0.5,0.5,0.7,101.5,456.5,1092.5,601.5,90.0,566.0,14.0,0.5,0.5,0.6,100.0,455.0,1095.0,600.0,90.0,565.0,14.0,0.5,0.5,0.6
1974,2,9.0,-24.0,21.0,21.5,22.0,21.57,77.0,0.8,14.0,0.6,0.3,0.4,20.7,21.4,22.5,21.56,75.0,1.01,14.0,0.6,0.3,0.4,11.17,12.67,13.82,12.61,68.0,1.24,14.0,0.6,0.3,0.4,70.6,79.2,87.3,78.9,70.0,7.2,14.0,0.6,0.4,5.1,7.45,9.69,7.54,78.0,2.57,14.0,0.6,0.3,0.4,-6.48,-3.47,-1.19,-3.52,78.0,2.74,14.0,0.6,0.3,0.4,4.32,6.29,8.42,6.24,78.0,2.18,14.0,0.6,0.3,0.4,1010.8,1012.5,1014.41,1012.56,76.0,1.8,14.0,0.6,0.3,0.4,3.2,7.0,8.0,6.3,78.0,2.1,14.0,0.6,0.3,0.4,-57.5,-25.3,-4.9,-31.0,78.0,31.7,14.0,0.6,0.3,0.4,24.5,45.4,81.2,52.1,78.0,30.7,14.0,0.6,0.3,0.4,-0.9,0.2,1.0,0.03,75.0,1.1,14.0,0.6,0.3,0.4,-5.8,1.0,7.3,0.5,75.0,8.9,14.0,0.6,0.3,0.4,2.15,3.41,4.82,3.46,68.0,1.35,14.0,0.6,0.3,0.4,11.5,23.7,38.4,25.4,68.0,15.1,14.0,0.6,0.3,0.4,-130.6,-75.2,-27.3,-74.8,75.0,55.0,14.0,0.6,0.3,0.4,91.8,133.4,172.6,131.7,75.0,46.7,14.0,0.6,0.3,0.4,-69.3,-44.1,-17.3,-43.9,68.0,28.4,14.0,0.6,0.3,0.4,54.6,75.4,96.4,73.9,68.0,25.8,14.0,0.6,0.3,0.4,-20.4,-10.8,-3.4,-12.9,68.0,11.7,14.0,0.6,0.3,0.4,9.4,20.1,32.2,20.8,68.0,11.7,14.0,0.6,0.3,0.4,132.5,415.0,911.0,576.0,78.0,548.5,14.0,0.6,0.3,0.4,135.0,415.0,910.0,575.0,78.0,550.0,14.0,0.6,0.3,0.4
1974,2,9.0,-23.0,21.14,22.15,22.94,22.09,8.0,0.85,12.0,0.8,0.2,0.4,21.21,21.55,22.31,21.78,8.0,0.98,12.0,0.8,0.2,0.4,11.39,12.59,13.83,12.65,8.0,1.37,12.0,0.8,0.2,0.4,69.8,78.0,86.1,78.1,8.0,8.9,12.0,0.8,0.4,4.6,6.45,7.86,6.46,8.0,2.89,12.0,0.8,0.2,0.4,-4.31,-2.27,0.81,-2.35,8.0,4.0,12.0,0.8,0.2,0.4,3.61,5.13,6.84,5.16,8.0,1.83,12.0,0.8,0.2,0.4,1011.01,1012.3,1013.72,1012.13,8.0,1.78,12.0,0.8,0.2,0.4,4.0,7.5,8.0,6.4,8.0,2.0,12.0,0.8,0.2,0.4,-28.9,-10.4,5.6,-19.9,8.0,43.5,12.0,0.8,0.2,0.4,16.6,34.4,53.5,37.7,8.0,28.5,12.0,0.8,0.2,0.4,-0.19,0.15,1.2,0.31,8.0,0.84,12.0,0.8,0.2,0.4,-0.9,0.9,9.8,3.1,8.0,5.3,12.0,0.8,0.2,0.4,2.6,4.01,5.5,3.94,8.0,1.4,12.0,0.8,0.2,0.4,12.5,21.3,43.4,25.3,8.0,14.9,12.0,0.8,0.2,0.4,-96.1,-48.5,16.4,-51.6,8.0,85.7,12.0,0.8,0.2,0.4,77.1,112.9,144.6,111.4,8.0,37.6,12.0,0.8,0.2,0.4,-61.7,-26.6,11.4,-30.9,8.0,49.8,12.0,0.8,0.2,0.4,43.6,72.4,83.6,65.3,8.0,23.6,12.0,0.8,0.2,0.4,-16.5,-9.2,1.0,-8.2,8.0,17.1,12.0,0.8,0.2,0.4,10.7,16.7,31.0,20.2,8.0,10.9,12.0,0.8,0.2,0.4,97.5,269.5,488.5,428.0,8.0,599.5,12.0,0.8,0.2,0.4,95.0,270.0,490.0,430.0,8.0,600.0,12.0,0.8,0.2,0.4
1974,2,9.0,-22.0,20.0,20.0,20.0,20.0,1.0,0.0,14.0,0.0,0.0,0.1,21.5,21.5,21.5,21.5,1.0,0.0,14.0,0.0,0.0,0.1,13.96,13.96,13.96,13.96,1.0,0.0,14.0,0.0,0.0,0.1,87.3,87.3,87.3,87.3,1.0,0.0,14.0,0.0,0.1,5.7,5.7,5.7,5.7,1.0,0.0,14.0,0.0,0.0,0.1,-1.95,-1.95,-1.95,-1.95,1.0,0.0,14.0,0.0,0.0,0.1,5.36,5.36,5.36,5.36,1.0,0.0,14.0,0.0,0.0,0.1,1010.3,1010.3,1010.3,1010.3,1.0,0.0,14.0,0.0,0.0,0.1,8.0,8.0,8.0,8.0,1.0,0.0,14.0,0.0,0.0,0.1,-11.1,-11.1,-11.1,-11.1,1.0,0.0,14.0,0.0,0.0,0.1,30.5,30.5,30.5,30.5,1.0,0.0,14.0,0.0,0.0,0.1,-1.5,-1.5,-1.5,-1.5,1.0,0.0,14.0,0.0,0.0,0.1,-8.5,-8.5,-8.5,-8.5,1.0,0.0,14.0,0.0,0.0,0.1,0.63,0.63,0.63,0.63,1.0,0.0,14.0,0.0,0.0,0.1,3.6,3.6,3.6,3.6,1.0,0.0,14.0,0.0,0.0,0.1,-41.9,-41.9,-41.9,-41.9,1.0,0.0,14.0,0.0,0.0,0.1,115.2,115.2,115.2,115.2,1.0,0.0,14.0,0.0,0.0,0.1,-27.2,-27.2,-27.2,-27.2,1.0,0.0,14.0,0.0,0.0,0.1,74.8,74.8,74.8,74.8,1.0,0.0,14.0,0.0,0.0,0.1,-1.2,-1.2,-1.2,-1.2,1.0,0.0,14.0,0.0,0.0,0.1,3.4,3.4,3.4,3.4,1.0,0.0,14.0,0.0,0.0,0.1,185.0,185.0,185.0,185.0,1.0,0.0,14.0,0.0,0.0,0.1,185.0,185.0,185.0,185.0,1.0,0.0,14.0,0.0,0.0,0.1
1974,2,9.0,-20.0,20.7,22.2,23.43,22.07,3.0,2.0,14.0,0.7,0.5,0.7,20.47,20.85,21.23,20.85,2.0,0.78,18.0,1.0,0.7,0.8,12.44,12.59,12.75,12.59,2.0,0.31,18.0,1.0,0.7,0.8,79.2,82.0,84.8,82.0,2.0,5.8,18.0,1.0,0.8,5.1,5.1,9.81,7.4,3.0,3.98,14.0,0.7,0.5,0.7,-6.07,-2.55,-0.81,-3.42,3.0,3.93,14.0,0.7,0.5,0.7,4.63,5.1,7.89,6.24,3.0,2.58,14.0,0.7,0.5,0.7,1007.67,1008.9,1010.13,1008.9,2.0,2.55,18.0,1.0,0.7,0.8,3.6,5.0,5.7,4.7,3.0,1.5,14.0,0.7,0.5,0.7,-67.3,-13.0,-4.1,-35.2,3.0,50.1,14.0,0.7,0.5,0.7,23.6,26.0,83.6,52.9,3.0,49.7,14.0,0.7,0.5,0.7,-0.13,0.25,0.63,0.25,2.0,0.78,18.0,1.0,0.7,0.8,-0.6,1.3,3.2,1.3,2.0,4.0,18.0,1.0,0.7,0.8,2.21,3.08,3.94,3.08,2.0,1.79,18.0,1.0,0.7,0.8,11.3,15.7,20.1,15.7,2.0,9.1,18.0,1.0,0.7,0.8,-45.9,-27.3,-8.7,-27.3,2.0,38.6,18.0,1.0,0.7,0.8,95.9,99.0,102.1,99.0,2.0,6.4,18.0,1.0,0.7,0.8,-26.5,-15.8,-5.0,-15.8,2.0,22.3,18.0,1.0,0.7,0.8,56.3,60.0,63.7,60.0,2.0,7.6,18.0,1.0,0.7,0.8,-9.3,-5.5,-1.8,-5.5,2.0,7.8,18.0,1.0,0.7,0.8,10.8,14.2,17.6,14.2,2.0,7.0,18.0,1.0,0.7,0.8,132.5,132.5,1221.5,664.5,3.0,921.0,14.0,0.7,0.5,0.7,135.0,135.0,1220.0,665.0,3.0,920.0,14.0,0.7,0.5,0.7
1974,2,9.0,-19.0,21.44,22.0,22.43,21.96,5.0,0.72,16.0,0.6,0.4,0.6,21.59,22.9,23.49,22.75,6.0,1.41,18.0,0.5,0.4,0.7,12.8,13.37,14.1,13.45,3.0,0.96,16.0,0.7,0.4,0.6,78.1,81.9,86.7,82.4,3.0,6.4,16.0,0.7,0.6,3.28,5.15,7.17,5.08,6.0,2.91,18.0,0.5,0.4,0.7,-3.15,-1.89,0.49,-1.43,6.0,2.03,18.0,0.5,0.4,0.7,3.15,4.65,6.35,4.64,6.0,2.66,18.0,0.5,0.4,0.7,1009.95,1010.85,1012.27,1011.08,6.0,1.63,18.0,0.5,0.4,0.7,8.0,8.0,8.0,8.0,5.0,0.0,16.0,0.6,0.4,0.6,-23.5,-11.0,1.3,-11.0,6.0,13.8,18.0,0.5,0.4,0.7,12.5,24.5,46.6,30.0,6.0,26.5,18.0,0.5,0.4,0.7,-1.29,-0.1,0.52,-0.34,5.0,1.07,16.0,0.6,0.4,0.6,-5.2,0.0,3.3,-0.8,5.0,5.0,16.0,0.6,0.4,0.6,2.45,3.16,3.51,2.98,3.0,0.79,16.0,0.7,0.4,0.6,13.3,14.2,20.0,16.6,3.0,5.4,16.0,0.7,0.4,0.6,-73.8,-40.2,11.2,-32.0,6.0,46.0,18.0,0.5,0.4,0.7,72.4,100.7,144.0,106.3,6.0,65.3,18.0,0.5,0.4,0.7,-45.4,-38.9,0.5,-22.8,3.0,36.3,16.0,0.7,0.4,0.6,56.5,67.3,78.6,67.5,3.0,16.1,16.0,0.7,0.4,0.6,-10.0,-7.1,0.8,-4.7,3.0,8.2,16.0,0.7,0.4,0.6,12.2,12.3,17.4,14.7,3.0,4.3,16.0,0.7,0.4,0.6,51.0,153.5,389.0,233.5,6.0,268.5,18.0,0.5,0.4,0.7,50.0,155.0,390.0,235.0,6.0,270.0,18.0,0.5,0.4,0.7
1974,2,9.0,-18.0,22.83,23.95,24.23,23.7,6.0,0.99,16.0,0.5,0.6,0.5,22.36,23.1,25.04,23.45,6.0,1.37,16.0,0.5,0.6,0.5,16.06,16.06,16.06,16.06,1.0,0.0,16.0,0.0,0.6,0.1,94.7,94.7,94.7,94.7,1.0,0.0,16.0,0.0,0.1,4.63,6.0,7.37,6.0,3.0,2.0,16.0,0.7,0.6,0.6,-3.06,-1.04,0.14,-1.45,3.0,2.37,16.0,0.7,0.6,0.6,4.56,5.91,6.6,5.59,3.0,1.52,16.0,0.7,0.6,0.6,1010.69,1011.8,1013.93,1012.15,6.0,2.0,16.0,0.5,0.6,0.5,4.8,6.5,8.0,6.3,6.0,1.6,16.0,0.5,0.6,0.5,-23.8,-6.3,-0.1,-11.8,3.0,18.0,16.0,0.7,0.6,0.6,22.0,35.5,49.1,35.5,3.0,19.8,16.0,0.7,0.6,0.6,,,,,,,,,,,,,,,,,,,,,,,,,,,,,,,,,,,,,,,,,,,,,,,,,,,,,,,,,,,,,,,,,,,,,,,,,,,,,,,,,,,,,,,,,,,,,,,,,,,,,,,,,,,,,,,,,,,,,,,,
1974,2,9.0,-17.0,,,,,,,,,,,,,,,,,,,,,,,,,,,,,,,,,,,,,,,,1.9,5.0,9.05,5.29,7.0,3.82,12.0,0.4,0.2,0.6,-4.58,-2.3,0.04,-2.21,7.0,2.62,12.0,0.4,0.2,0.6,1.84,4.92,7.87,4.46,7.0,3.38,12.0,0.4,0.2,0.6,1009.17,1009.7,1011.4,1010.03,6.0,1.3,12.0,0.3,0.1,0.6,,,,,,,,,,,,,,,,,,,,,,,,,,,,,,,,,,,,,,,,,,,,,,,,,,,,,,,,,,,,,,,,,,,,,,,,,,,,,,,,,,,,,,,,,,,,,,,,,,,,,,,,,,,,,,,,,,,,,,,,,,,,,,,,,,,,,,,,,,,,,,,,,,,,,,
1974,2,9.0,-16.0,,,,,,,,,,,,,,,,,,,,,,,,,,,,,,,,,,,,,,,,3.1,3.1,3.1,3.1,1.0,0.0,10.0,1.0,0.6,0.5,0.0,0.0,0.0,0.0,1.0,0.0,10.0,1.0,0.6,0.5,3.1,3.1,3.1,3.1,1.0,0.0,10.0,1.0,0.6,0.5,1009.3,1009.3,1009.3,1009.3,1.0,0.0,10.0,1.0,0.6,0.5,,,,,,,,,,,,,,,,,,,,,,,,,,,,,,,,,,,,,,,,,,,,,,,,,,,,,,,,,,,,,,,,,,,,,,,,,,,,,,,,,,,,,,,,,,,,,,,,,,,,,,,,,,,,,,,,,,,,,,,,,,,,,,,,,,,,,,,,,,,,,,,,,,,,,,
1974,2,9.0,-15.0,27.6,27.6,27.6,27.6,1.0,0.0,12.0,1.0,0.9,0.7,22.6,22.6,22.6,22.6,1.0,0.0,12.0,1.0,0.9,0.7,15.25,15.25,15.25,15.25,1.0,0.0,12.0,1.0,0.9,0.7,89.0,89.0,89.0,89.0,1.0,0.0,12.0,1.0,0.7,3.1,3.1,3.1,3.1,1.0,0.0,12.0,1.0,0.9,0.7,-0.54,-0.54,-0.54,-0.54,1.0,0.0,12.0,1.0,0.9,0.7,3.05,3.05,3.05,3.05,1.0,0.0,12.0,1.0,0.9,0.7,1009.1,1009.1,1009.1,1009.1,1.0,0.0,12.0,1.0,0.9,0.7,8.0,8.0,8.0,8.0,1.0,0.0,12.0,1.0,0.9,0.7,-1.7,-1.7,-1.7,-1.7,1.0,0.0,12.0,1.0,0.9,0.7,9.5,9.5,9.5,9.5,1.0,0.0,12.0,1.0,0.9,0.7,5.0,5.0,5.0,5.0,1.0,0.0,12.0,1.0,0.9,0.7,15.5,15.5,15.5,15.5,1.0,0.0,12.0,1.0,0.9,0.7,7.95,7.95,7.95,7.95,1.0,0.0,12.0,1.0,0.9,0.7,24.6,24.6,24.6,24.6,1.0,0.0,12.0,1.0,0.9,0.7,-12.2,-12.2,-12.2,-12.2,1.0,0.0,12.0,1.0,0.9,0.7,69.0,69.0,69.0,69.0,1.0,0.0,12.0,1.0,0.9,0.7,-8.2,-8.2,-8.2,-8.2,1.0,0.0,12.0,1.0,0.9,0.7,46.6,46.6,46.6,46.6,1.0,0.0,12.0,1.0,0.9,0.7,-4.3,-4.3,-4.3,-4.3,1.0,0.0,12.0,1.0,0.9,0.7,24.3,24.3,24.3,24.3,1.0,0.0,12.0,1.0,0.9,0.7,30.0,30.0,30.0,30.0,1.0,0.0,12.0,1.0,0.9,0.7,30.0,30.0,30.0,30.0,1.0,0.0,12.0,1.0,0.9,0.7
1974,2,9.0,-13.0,27.99,28.4,28.81,28.4,3.0,0.6,14.0,0.0,0.5,0.5,24.3,24.5,26.55,25.4,3.0,1.82,14.0,0.0,0.5,0.5,14.65,14.75,14.86,14.75,2.0,0.22,10.0,0.0,0.4,0.4,77.4,77.4,77.4,77.4,2.0,0.0,10.0,0.0,0.4,3.1,3.1,3.1,3.1,2.0,0.0,10.0,0.0,0.4,0.4,-0.45,-0.27,-0.09,-0.27,2.0,0.38,10.0,0.0,0.4,0.4,3.06,3.08,3.09,3.08,2.0,0.03,10.0,0.0,0.4,0.4,1007.8,1009.3,1011.28,1009.53,3.0,2.56,14.0,0.0,0.5,0.5,4.3,7.0,7.7,6.0,3.0,2.6,14.0,0.0,0.5,0.5,-1.4,-0.8,-0.3,-0.8,2.0,1.2,10.0,0.0,0.4,0.4,9.5,9.5,9.6,9.5,2.0,0.1,10.0,0.0,0.4,0.4,2.17,3.6,3.8,3.0,3.0,1.31,14.0,0.0,0.5,0.5,11.3,11.6,11.9,11.6,2.0,0.7,10.0,0.0,0.4,0.4,8.97,9.17,9.37,9.17,2.0,0.42,10.0,0.0,0.4,0.4,27.8,28.4,29.1,28.4,2.0,1.3,10.0,0.0,0.4,0.4,-11.0,-6.5,-2.1,-6.5,2.0,9.2,10.0,0.0,0.4,0.4,74.2,74.9,75.6,74.9,2.0,1.5,10.0,0.0,0.4,0.4,-6.6,-3.9,-1.2,-3.9,2.0,5.6,10.0,0.0,0.4,0.4,44.8,45.4,45.9,45.4,2.0,1.2,10.0,0.0,0.4,0.4,-4.0,-2.4,-0.8,-2.4,2.0,3.4,10.0,0.0,0.4,0.4,27.5,28.2,29.0,28.2,2.0,1.6,10.0,0.0,0.4,0.4,30.0,30.0,30.0,30.0,2.0,0.0,10.0,0.0,0.4,0.4,30.0,30.0,30.0,30.0,2.0,0.0,10.0,0.0,0.4,0.4
1974,2,9.0,-10.0,28.0,28.0,28.0,28.0,1.0,0.0,16.0,0.0,0.3,1.0,27.0,27.0,27.0,27.0,1.0,0.0,16.0,0.0,0.3,1.0,18.96,18.96,18.96,18.96,1.0,0.0,16.0,0.0,0.3,1.0,85.2,85.2,85.2,85.2,1.0,0.0,16.0,0.0,1.0,6.2,6.2,6.2,6.2,1.0,0.0,16.0,0.0,0.3,1.0,0.0,0.0,0.0,0.0,1.0,0.0,16.0,0.0,0.3,1.0,6.2,6.2,6.2,6.2,1.0,0.0,16.0,0.0,0.3,1.0,1012.5,1012.5,1012.5,1012.5,1.0,0.0,16.0,0.0,0.3,1.0,2.0,2.0,2.0,2.0,1.0,0.0,16.0,0.0,0.3,1.0,0.0,0.0,0.0,0.0,1.0,0.0,16.0,0.0,0.3,1.0,38.4,38.4,38.4,38.4,1.0,0.0,16.0,0.0,0.3,1.0,1.0,1.0,1.0,1.0,1.0,0.0,16.0,0.0,0.3,1.0,6.2,6.2,6.2,6.2,1.0,0.0,16.0,0.0,0.3,1.0,4.71,4.71,4.71,4.71,1.0,0.0,16.0,0.0,0.3,1.0,29.2,29.2,29.2,29.2,1.0,0.0,16.0,0.0,0.3,1.0,0.0,0.0,0.0,0.0,1.0,0.0,16.0,0.0,0.3,1.0,167.4,167.4,167.4,167.4,1.0,0.0,16.0,0.0,0.3,1.0,0.0,0.0,0.0,0.0,1.0,0.0,16.0,0.0,0.3,1.0,117.6,117.6,117.6,117.6,1.0,0.0,16.0,0.0,0.3,1.0,0.0,0.0,0.0,0.0,1.0,0.0,16.0,0.0,0.3,1.0,29.2,29.2,29.2,29.2,1.0,0.0,16.0,0.0,0.3,1.0,238.5,238.5,238.5,238.5,1.0,0.0,16.0,0.0,0.3,1.0,240.0,240.0,240.0,240.0,1.0,0.0,16.0,0.0,0.3,1.0
1974,2,9.0,-9.0,26.4,26.4,26.4,26.4,1.0,0.0,8.0,0.0,0.0,0.1,25.2,25.2,25.2,25.2,1.0,0.0,8.0,0.0,0.0,0.1,15.55,15.55,15.55,15.55,1.0,0.0,8.0,0.0,0.0,0.1,77.5,77.5,77.5,77.5,1.0,0.0,8.0,0.0,0.1,2.6,2.6,2.6,2.6,1.0,0.0,8.0,0.0,0.0,0.1,0.0,0.0,0.0,0.0,1.0,0.0,8.0,0.0,0.0,0.1,2.6,2.6,2.6,2.6,1.0,0.0,8.0,0.0,0.0,0.1,1008.2,1008.2,1008.2,1008.2,1.0,0.0,8.0,0.0,0.0,0.1,6.0,6.0,6.0,6.0,1.0,0.0,8.0,0.0,0.0,0.1,0.0,0.0,0.0,0.0,1.0,0.0,8.0,0.0,0.0,0.1,6.8,6.8,6.8,6.8,1.0,0.0,8.0,0.0,0.0,0.1,1.2,1.2,1.2,1.2,1.0,0.0,8.0,0.0,0.0,0.1,3.1,3.1,3.1,3.1,1.0,0.0,8.0,0.0,0.0,0.1,6.06,6.06,6.06,6.06,1.0,0.0,8.0,0.0,0.0,0.1,15.8,15.8,15.8,15.8,1.0,0.0,8.0,0.0,0.0,0.1,0.0,0.0,0.0,0.0,1.0,0.0,8.0,0.0,0.0,0.1,65.5,65.5,65.5,65.5,1.0,0.0,8.0,0.0,0.0,0.1,0.0,0.0,0.0,0.0,1.0,0.0,8.0,0.0,0.0,0.1,40.4,40.4,40.4,40.4,1.0,0.0,8.0,0.0,0.0,0.1,0.0,0.0,0.0,0.0,1.0,0.0,8.0,0.0,0.0,0.1,15.8,15.8,15.8,15.8,1.0,0.0,8.0,0.0,0.0,0.1,17.5,17.5,17.5,17.5,1.0,0.0,8.0,0.0,0.0,0.1,20.0,20.0,20.0,20.0,1.0,0.0,8.0,0.0,0.0,0.1
1974,2,9.0,-7.0,27.6,27.6,27.6,27.6,1.0,0.0,2.0,1.0,0.6,0.1,25.8,25.8,25.8,25.8,1.0,0.0,2.0,1.0,0.6,0.1,17.01,17.01,17.01,17.01,1.0,0.0,2.0,1.0,0.6,0.1,82.0,82.0,82.0,82.0,1.0,0.0,2.0,1.0,0.1,3.6,3.6,3.6,3.6,1.0,0.0,2.0,1.0,0.6,0.1,1.8,1.8,1.8,1.8,1.0,0.0,2.0,1.0,0.6,0.1,3.12,3.12,3.12,3.12,1.0,0.0,2.0,1.0,0.6,0.1,1011.1,1011.1,1011.1,1011.1,1.0,0.0,2.0,1.0,0.6,0.1,7.0,7.0,7.0,7.0,1.0,0.0,2.0,1.0,0.6,0.1,6.5,6.5,6.5,6.5,1.0,0.0,2.0,1.0,0.6,0.1,11.2,11.2,11.2,11.2,1.0,0.0,2.0,1.0,0.6,0.1,1.8,1.8,1.8,1.8,1.0,0.0,2.0,1.0,0.6,0.1,6.5,6.5,6.5,6.5,1.0,0.0,2.0,1.0,0.6,0.1,6.14,6.14,6.14,6.14,1.0,0.0,2.0,1.0,0.6,0.1,22.1,22.1,22.1,22.1,1.0,0.0,2.0,1.0,0.6,0.1,46.4,46.4,46.4,46.4,1.0,0.0,2.0,1.0,0.6,0.1,80.4,80.4,80.4,80.4,1.0,0.0,2.0,1.0,0.6,0.1,30.6,30.6,30.6,30.6,1.0,0.0,2.0,1.0,0.6,0.1,53.0,53.0,53.0,53.0,1.0,0.0,2.0,1.0,0.6,0.1,11.1,11.1,11.1,11.1,1.0,0.0,2.0,1.0,0.6,0.1,19.1,19.1,19.1,19.1,1.0,0.0,2.0,1.0,0.6,0.1,46.5,46.5,46.5,46.5,1.0,0.0,2.0,1.0,0.6,0.1,45.0,45.0,45.0,45.0,1.0,0.0,2.0,1.0,0.6,0.1
1974,2,9.0,-5.0,27.2,27.2,27.2,27.2,1.0,0.0,6.0,0.0,0.6,1.0,26.49,27.1,27.71,27.1,2.0,1.27,14.0,0.0,0.6,0.8,17.23,18.44,19.66,18.44,2.0,2.52,14.0,0.0,0.6,0.8,79.3,81.7,84.2,81.7,2.0,5.0,14.0,0.0,0.8,2.42,3.1,3.78,3.1,2.0,1.41,14.0,0.0,0.6,0.8,-2.31,-0.52,1.27,-0.52,2.0,3.71,14.0,0.0,0.6,0.8,0.42,1.32,2.22,1.32,2.0,1.86,14.0,0.0,0.6,0.8,1007.61,1008.05,1008.49,1008.05,2.0,0.92,14.0,0.0,0.6,0.8,7.2,7.5,7.8,7.5,2.0,0.7,14.0,0.0,0.6,0.8,-10.1,-4.2,1.7,-4.2,2.0,12.2,14.0,0.0,0.6,0.8,1.7,5.4,9.1,5.4,2.0,7.6,14.0,0.0,0.6,0.8,1.0,1.0,1.0,1.0,1.0,0.0,6.0,0.0,0.6,1.0,4.1,4.1,4.1,4.1,1.0,0.0,6.0,0.0,0.6,1.0,6.03,6.03,6.03,6.03,1.0,0.0,6.0,0.0,0.6,1.0,24.7,24.7,24.7,24.7,1.0,0.0,6.0,0.0,0.6,1.0,-59.9,-11.7,36.4,-11.7,2.0,99.8,14.0,0.0,0.6,0.8,11.0,34.5,58.1,34.5,2.0,48.8,14.0,0.0,0.6,0.8,-37.3,-4.9,27.4,-4.9,2.0,67.0,14.0,0.0,0.6,0.8,7.0,22.0,36.9,22.0,2.0,31.0,14.0,0.0,0.6,0.8,-18.9,-18.9,-18.9,-18.9,1.0,0.0,6.0,0.0,0.6,1.0,15.9,15.9,15.9,15.9,1.0,0.0,6.0,0.0,0.6,1.0,18.5,39.0,59.5,39.0,2.0,42.0,14.0,0.0,0.6,0.8,20.0,40.0,60.0,40.0,2.0,40.0,14.0,0.0,0.6,0.8
1974,2,9.0,-4.0,27.5,27.5,27.5,27.5,1.0,0.0,8.0,1.0,0.3,0.5,29.0,29.0,29.0,29.0,1.0,0.0,8.0,1.0,0.3,0.5,23.23,23.23,23.23,23.23,1.0,0.0,8.0,1.0,0.3,0.5,92.2,92.2,92.2,92.2,1.0,0.0,8.0,1.0,0.5,2.6,2.6,2.6,2.6,1.0,0.0,8.0,1.0,0.3,0.5,-0.45,-0.45,-0.45,-0.45,1.0,0.0,8.0,1.0,0.3,0.5,2.56,2.56,2.56,2.56,1.0,0.0,8.0,1.0,0.3,0.5,1007.9,1007.9,1007.9,1007.9,1.0,0.0,8.0,1.0,0.3,0.5,4.0,4.0,4.0,4.0,1.0,0.0,8.0,1.0,0.3,0.5,-1.2,-1.2,-1.2,-1.2,1.0,0.0,8.0,1.0,0.3,0.5,6.7,6.7,6.7,6.7,1.0,0.0,8.0,1.0,0.3,0.5,-1.5,-1.5,-1.5,-1.5,1.0,0.0,8.0,1.0,0.3,0.5,-3.9,-3.9,-3.9,-3.9,1.0,0.0,8.0,1.0,0.3,0.5,-0.14,-0.14,-0.14,-0.14,1.0,0.0,8.0,1.0,0.3,0.5,-0.4,-0.4,-0.4,-0.4,1.0,0.0,8.0,1.0,0.3,0.5,-13.1,-13.1,-13.1,-13.1,1.0,0.0,8.0,1.0,0.3,0.5,74.3,74.3,74.3,74.3,1.0,0.0,8.0,1.0,0.3,0.5,-10.5,-10.5,-10.5,-10.5,1.0,0.0,8.0,1.0,0.3,0.5,59.5,59.5,59.5,59.5,1.0,0.0,8.0,1.0,0.3,0.5,0.1,0.1,0.1,0.1,1.0,0.0,8.0,1.0,0.3,0.5,-0.4,-0.4,-0.4,-0.4,1.0,0.0,8.0,1.0,0.3,0.5,17.5,17.5,17.5,17.5,1.0,0.0,8.0,1.0,0.3,0.5,20.0,20.0,20.0,20.0,1.0,0.0,8.0,1.0,0.3,0.5
1974,2,9.0,-3.0,26.4,26.4,26.4,26.4,1.0,0.0,8.0,1.0,0.3,0.3,28.0,28.0,28.0,28.0,1.0,0.0,8.0,1.0,0.3,0.3,19.79,19.79,19.79,19.79,1.0,0.0,8.0,1.0,0.3,0.3,83.3,83.3,83.3,83.3,1.0,0.0,8.0,1.0,0.3,1.5,1.5,1.5,1.5,1.0,0.0,8.0,1.0,0.3,0.3,0.75,0.75,0.75,0.75,1.0,0.0,8.0,1.0,0.3,0.3,-1.3,-1.3,-1.3,-1.3,1.0,0.0,8.0,1.0,0.3,0.3,1006.2,1006.2,1006.2,1006.2,1.0,0.0,8.0,1.0,0.3,0.3,2.0,2.0,2.0,2.0,1.0,0.0,8.0,1.0,0.3,0.3,1.1,1.1,1.1,1.1,1.0,0.0,8.0,1.0,0.3,0.3,-1.9,-1.9,-1.9,-1.9,1.0,0.0,8.0,1.0,0.3,0.3,-1.6,-1.6,-1.6,-1.6,1.0,0.0,8.0,1.0,0.3,0.3,-2.4,-2.4,-2.4,-2.4,1.0,0.0,8.0,1.0,0.3,0.3,1.87,1.87,1.87,1.87,1.0,0.0,8.0,1.0,0.3,0.3,2.8,2.8,2.8,2.8,1.0,0.0,8.0,1.0,0.3,0.3,21.0,21.0,21.0,21.0,1.0,0.0,8.0,1.0,0.3,0.3,-36.4,-36.4,-36.4,-36.4,1.0,0.0,8.0,1.0,0.3,0.3,14.8,14.8,14.8,14.8,1.0,0.0,8.0,1.0,0.3,0.3,-25.7,-25.7,-25.7,-25.7,1.0,0.0,8.0,1.0,0.3,0.3,1.4,1.4,1.4,1.4,1.0,0.0,8.0,1.0,0.3,0.3,-2.4,-2.4,-2.4,-2.4,1.0,0.0,8.0,1.0,0.3,0.3,3.5,3.5,3.5,3.5,1.0,0.0,8.0,1.0,0.3,0.3,5.0,5.0,5.0,5.0,1.0,0.0,8.0,1.0,0.3,0.3
1974,2,9.0,-2.0,29.0,29.0,29.0,29.0,1.0,0.0,28.0,1.0,0.3,0.8,27.5,27.5,27.5,27.5,1.0,0.0,28.0,1.0,0.3,0.8,18.78,18.78,18.78,18.78,1.0,0.0,28.0,1.0,0.3,0.8,81.7,81.7,81.7,81.7,1.0,0.0,28.0,1.0,0.8,1.5,1.5,1.5,1.5,1.0,0.0,28.0,1.0,0.3,0.8,1.41,1.41,1.41,1.41,1.0,0.0,28.0,1.0,0.3,0.8,0.51,0.51,0.51,0.51,1.0,0.0,28.0,1.0,0.3,0.8,1010.0,1010.0,1010.0,1010.0,1.0,0.0,28.0,1.0,0.3,0.8,7.0,7.0,7.0,7.0,1.0,0.0,28.0,1.0,0.3,0.8,2.1,2.1,2.1,2.1,1.0,0.0,28.0,1.0,0.3,0.8,0.8,0.8,0.8,0.8,1.0,0.0,28.0,1.0,0.3,0.8,1.5,1.5,1.5,1.5,1.0,0.0,28.0,1.0,0.3,0.8,2.3,2.3,2.3,2.3,1.0,0.0,28.0,1.0,0.3,0.8,6.4,6.4,6.4,6.4,1.0,0.0,28.0,1.0,0.3,0.8,9.6,9.6,9.6,9.6,1.0,0.0,28.0,1.0,0.3,0.8,38.8,38.8,38.8,38.8,1.0,0.0,28.0,1.0,0.3,0.8,14.1,14.1,14.1,14.1,1.0,0.0,28.0,1.0,0.3,0.8,26.5,26.5,26.5,26.5,1.0,0.0,28.0,1.0,0.3,0.8,9.6,9.6,9.6,9.6,1.0,0.0,28.0,1.0,0.3,0.8,9.0,9.0,9.0,9.0,1.0,0.0,28.0,1.0,0.3,0.8,3.3,3.3,3.3,3.3,1.0,0.0,28.0,1.0,0.3,0.8,3.5,3.5,3.5,3.5,1.0,0.0,28.0,1.0,0.3,0.8,5.0,5.0,5.0,5.0,1.0,0.0,28.0,1.0,0.3,0.8
1974,2,9.0,0.0,30.5,30.5,30.5,30.5,1.0,0.0,14.0,0.0,0.0,0.5,26.1,26.1,26.1,26.1,1.0,0.0,14.0,0.0,0.0,0.5,18.58,18.58,18.58,18.58,1.0,0.0,14.0,0.0,0.0,0.5,88.2,88.2,88.2,88.2,1.0,0.0,14.0,0.0,0.5,,,,,,,,,,,,,,,,,,,,,,,,,,,,,,,,,,,,,,,,,,,,,,,,,,,,,,,,,,,,,,,,,,,,,,,,,,,,,,,,,,,,,,,,,,,,,,,,,,,,,,,,,,,,,,,,,,,,,,,,,,,,,,,,,,,,,,,,,,,,,,,,,,,,,,,,,,,,,,,,,,,,,,,,,,,,,,,,,,,,,,,,,,,,,,
1974,2,9.0,1.0,28.0,28.0,28.0,28.0,1.0,0.0,6.0,0.0,0.0,0.7,27.1,27.1,27.1,27.1,1.0,0.0,6.0,0.0,0.0,0.7,18.16,18.16,18.16,18.16,1.0,0.0,6.0,0.0,0.0,0.7,80.7,80.7,80.7,80.7,1.0,0.0,6.0,0.0,0.7,4.6,4.6,4.6,4.6,1.0,0.0,6.0,0.0,0.0,0.7,2.96,2.96,2.96,2.96,1.0,0.0,6.0,0.0,0.0,0.7,3.52,3.52,3.52,3.52,1.0,0.0,6.0,0.0,0.0,0.7,1007.0,1007.0,1007.0,1007.0,1.0,0.0,6.0,0.0,0.0,0.7,2.0,2.0,2.0,2.0,1.0,0.0,6.0,0.0,0.0,0.7,13.6,13.6,13.6,13.6,1.0,0.0,6.0,0.0,0.0,0.7,16.2,16.2,16.2,16.2,1.0,0.0,6.0,0.0,0.0,0.7,0.9,0.9,0.9,0.9,1.0,0.0,6.0,0.0,0.0,0.7,4.1,4.1,4.1,4.1,1.0,0.0,6.0,0.0,0.0,0.7,5.64,5.64,5.64,5.64,1.0,0.0,6.0,0.0,0.0,0.7,26.0,26.0,26.0,26.0,1.0,0.0,6.0,0.0,0.0,0.7,80.1,80.1,80.1,80.1,1.0,0.0,6.0,0.0,0.0,0.7,95.5,95.5,95.5,95.5,1.0,0.0,6.0,0.0,0.0,0.7,53.7,53.7,53.7,53.7,1.0,0.0,6.0,0.0,0.0,0.7,64.0,64.0,64.0,64.0,1.0,0.0,6.0,0.0,0.0,0.7,16.7,16.7,16.7,16.7,1.0,0.0,6.0,0.0,0.0,0.7,19.9,19.9,19.9,19.9,1.0,0.0,6.0,0.0,0.0,0.7,97.5,97.5,97.5,97.5,1.0,0.0,6.0,0.0,0.0,0.7,95.0,95.0,95.0,95.0,1.0,0.0,6.0,0.0,0.0,0.7
1974,2,9.0,3.0,28.52,28.55,28.58,28.55,2.0,0.07,14.0,1.0,0.3,0.6,27.08,27.25,27.42,27.25,2.0,0.35,14.0,1.0,0.3,0.6,19.18,19.18,19.18,19.18,1.0,0.0,6.0,1.0,0.4,0.4,83.5,84.2,84.9,84.2,2.0,1.4,14.0,1.0,0.6,1.99,3.05,4.11,3.05,2.0,2.19,14.0,1.0,0.3,0.6,-0.6,0.58,1.75,0.58,2.0,2.44,14.0,1.0,0.3,0.6,-0.18,1.51,3.2,1.51,2.0,3.5,14.0,1.0,0.3,0.6,1007.3,1007.3,1007.3,1007.3,1.0,0.0,6.0,1.0,0.4,0.4,6.2,6.5,6.8,6.5,2.0,0.7,14.0,1.0,0.3,0.6,0.2,4.4,8.6,4.4,2.0,8.7,14.0,1.0,0.3,0.6,1.7,8.4,15.2,8.4,2.0,14.0,14.0,1.0,0.3,0.6,1.16,1.3,1.44,1.3,2.0,0.28,14.0,1.0,0.3,0.6,2.7,3.7,4.6,3.7,2.0,2.0,14.0,1.0,0.3,0.6,5.48,5.48,5.48,5.48,1.0,0.0,6.0,1.0,0.4,0.4,25.2,25.2,25.2,25.2,1.0,0.0,6.0,1.0,0.4,0.4,-16.1,16.1,48.3,16.1,2.0,66.7,14.0,1.0,0.3,0.6,-4.5,41.8,88.0,41.8,2.0,95.9,14.0,1.0,0.3,0.6,44.1,44.1,44.1,44.1,1.0,0.0,6.0,1.0,0.4,0.4,76.4,76.4,76.4,76.4,1.0,0.0,6.0,1.0,0.4,0.4,12.6,12.6,12.6,12.6,1.0,0.0,6.0,1.0,0.4,0.4,21.8,21.8,21.8,21.8,1.0,0.0,6.0,1.0,0.4,0.4,18.5,50.5,82.5,50.5,2.0,66.5,14.0,1.0,0.3,0.6,20.0,50.0,80.0,50.0,2.0,65.0,14.0,1.0,0.3,0.6
1974,2,9.0,37.0,14.0,15.0,16.0,14.86,96.0,1.14,12.0,0.3,0.5,0.6,12.14,14.0,15.13,13.82,100.0,1.79,12.0,0.3,0.5,0.6,5.97,7.1,8.21,7.01,34.0,1.52,14.0,0.3,0.5,0.6,58.7,73.3,79.8,70.5,35.0,13.5,14.0,0.3,0.6,4.0,9.8,14.94,9.29,93.0,5.22,12.0,0.3,0.5,0.5,-1.53,5.0,13.98,5.95,93.0,7.53,12.0,0.3,0.5,0.5,-4.5,0.0,3.71,-0.39,93.0,4.67,12.0,0.3,0.5,0.5,1004.21,1015.15,1022.0,1013.56,96.0,8.2,12.0,0.3,0.5,0.5,1.0,4.0,7.0,4.1,95.0,2.5,12.0,0.3,0.5,0.6,-5.6,37.5,200.5,83.7,93.0,117.9,12.0,0.3,0.5,0.5,-44.0,0.0,25.4,-11.1,93.0,60.7,12.0,0.3,0.5,0.5,-0.7,1.05,2.55,0.95,94.0,1.98,12.0,0.3,0.5,0.6,-4.0,7.7,26.9,9.4,85.0,21.0,12.0,0.3,0.5,0.6,2.22,3.15,4.53,3.39,34.0,1.76,14.0,0.3,0.5,0.6,6.3,20.8,51.7,31.4,33.0,34.4,14.0,0.3,0.5,0.6,-19.0,71.9,191.7,81.6,91.0,104.1,12.0,0.3,0.5,0.5,-56.8,0.0,45.8,-4.3,91.0,62.3,12.0,0.3,0.5,0.5,-42.8,15.9,82.2,24.1,33.0,59.3,14.0,0.3,0.5,0.6,-29.8,0.0,18.6,-5.9,33.0,31.4,14.0,0.3,0.5,0.6,-12.0,6.2,48.6,19.9,33.0,39.2,14.0,0.3,0.5,0.6,-15.5,0.0,6.9,-3.8,33.0,15.5,14.0,0.3,0.5,0.6,64.0,941.0,3334.5,1593.5,93.0,2095.0,12.0,0.3,0.5,0.5,65.0,940.0,3335.0,1595.0,93.0,2095.0,12.0,0.3,0.5,0.5
1974,2,9.0,38.0,13.3,13.9,15.0,14.23,46.0,1.06,14.0,0.4,0.4,0.5,11.71,12.9,14.27,13.04,52.0,1.64,14.0,0.4,0.4,0.5,6.12,6.82,8.68,7.1,39.0,1.24,14.0,0.3,0.4,0.4,67.2,74.6,87.0,76.2,39.0,10.2,14.0,0.3,0.4,4.1,10.0,15.4,9.58,55.0,5.12,12.0,0.4,0.4,0.5,-2.42,5.14,11.94,4.6,55.0,6.88,12.0,0.4,0.4,0.5,-10.28,-1.61,5.07,-1.99,55.0,6.84,12.0,0.4,0.4,0.5,1005.13,1011.8,1019.33,1011.75,49.0,7.1,14.0,0.3,0.4,0.4,1.0,6.0,8.0,4.8,48.0,2.8,14.0,0.4,0.4,0.4,-17.5,41.1,161.0,60.9,55.0,102.1,12.0,0.4,0.4,0.5,-130.1,-3.4,32.4,-29.8,55.0,93.2,12.0,0.4,0.4,0.5,-0.23,1.05,2.86,1.2,46.0,1.85,14.0,0.4,0.4,0.5,0.0,10.5,26.6,13.6,43.0,16.0,14.0,0.3,0.4,0.5,1.91,3.3,4.06,3.1,35.0,1.1,14.0,0.3,0.3,0.5,8.2,26.5,41.3,26.9,35.0,19.4,14.0,0.3,0.3,0.5,-39.5,48.0,149.5,46.4,48.0,87.7,14.0,0.3,0.4,0.5,-114.4,0.0,67.0,-13.0,48.0,82.7,14.0,0.3,0.4,0.5,-17.4,28.9,80.6,29.2,38.0,49.5,12.0,0.3,0.4,0.5,-51.1,0.0,46.7,-1.7,38.0,43.9,12.0,0.3,0.4,0.5,-6.1,10.6,33.8,13.9,35.0,21.0,14.0,0.3,0.3,0.5,-35.0,0.0,9.5,-8.7,35.0,20.2,14.0,0.3,0.3,0.5,69.0,1000.0,3652.5,1601.0,55.0,1786.5,12.0,0.4,0.4,0.5,70.0,1000.0,3650.0,1600.0,55.0,1785.0,12.0,0.4,0.4,0.5
1974,2,9.0,39.0,13.4,13.7,14.1,13.76,26.0,0.55,10.0,0.3,0.8,0.3,11.2,13.2,14.1,12.92,26.0,1.24,10.0,0.3,0.8,0.3,5.49,6.49,7.0,6.47,22.0,0.99,10.0,0.2,0.8,0.4,61.6,69.3,81.2,70.5,22.0,9.3,10.0,0.2,0.4,6.0,8.0,12.64,8.95,28.0,3.26,10.0,0.3,0.8,0.4,1.27,5.73,11.26,5.21,28.0,5.83,10.0,0.3,0.8,0.4,-7.5,0.0,4.39,-0.89,28.0,5.54,10.0,0.3,0.8,0.4,1002.11,1010.0,1017.34,1009.44,24.0,7.68,10.0,0.2,0.8,0.4,1.0,7.0,8.0,5.4,25.0,2.9,10.0,0.3,0.8,0.4,8.6,35.0,132.8,53.8,28.0,76.9,10.0,0.3,0.8,0.4,-87.9,0.0,40.1,-17.1,28.0,55.7,10.0,0.3,0.8,0.4,-0.4,0.55,2.21,0.84,26.0,1.37,10.0,0.3,0.8,0.3,-2.1,4.7,20.4,8.5,24.0,12.7,10.0,0.2,0.8,0.4,2.31,3.33,4.59,3.34,22.0,1.2,10.0,0.2,0.8,0.4,15.5,27.5,42.3,30.7,22.0,18.3,10.0,0.2,0.8,0.4,11.0,56.7,138.6,59.9,24.0,75.1,10.0,0.2,0.8,0.4,-90.1,20.4,69.5,-2.1,24.0,72.6,10.0,0.2,0.8,0.4,9.8,35.1,65.1,28.0,22.0,38.0,10.0,0.2,0.8,0.4,-38.3,5.9,29.2,-0.7,22.0,37.3,10.0,0.2,0.8,0.4,1.6,13.9,41.9,19.6,22.0,23.3,10.0,0.2,0.8,0.4,-29.7,2.5,10.6,-5.4,22.0,18.6,10.0,0.2,0.8,0.4,216.0,512.0,2027.5,1000.0,28.0,983.5,10.0,0.3,0.8,0.4,215.0,510.0,2025.0,1000.0,28.0,985.0,10.0,0.3,0.8,0.4
1974,2,9.0,40.0,13.32,13.75,14.37,13.85,6.0,0.69,8.0,0.7,0.8,0.2,11.8,12.7,14.8,13.43,6.0,2.22,8.0,0.7,0.8,0.2,4.45,5.03,5.97,5.23,5.0,0.96,6.0,0.6,0.9,0.3,46.6,52.2,66.4,55.4,5.0,11.7,6.0,0.6,0.3,9.57,12.0,16.0,12.41,9.0,4.54,6.0,0.4,0.9,0.3,4.31,10.28,13.84,9.42,9.0,4.62,6.0,0.4,0.9,0.3,-9.89,-2.6,4.82,-2.5,9.0,8.1,6.0,0.4,0.9,0.3,1003.2,1008.0,1010.67,1006.76,5.0,6.51,6.0,0.6,0.9,0.3,3.8,5.0,7.0,5.2,6.0,1.7,8.0,0.7,0.8,0.2,36.4,124.7,221.7,131.8,9.0,88.3,6.0,0.4,0.9,0.3,-123.2,-39.1,56.6,-31.2,9.0,122.2,6.0,0.4,0.9,0.3,-0.83,0.55,2.06,0.42,6.0,1.79,8.0,0.7,0.8,0.2,-10.4,7.1,18.8,4.6,5.0,21.0,6.0,0.6,0.9,0.3,3.45,5.55,5.58,4.68,5.0,1.27,6.0,0.6,0.9,0.3,28.7,42.9,69.0,48.5,5.0,27.2,6.0,0.6,0.9,0.3,34.5,108.1,176.6,107.7,5.0,74.9,6.0,0.6,0.9,0.3,-124.8,-35.2,11.0,-56.3,5.0,80.9,6.0,0.6,0.9,0.3,12.0,50.7,74.5,46.6,5.0,37.0,6.0,0.6,0.9,0.3,-40.7,-17.5,4.8,-18.4,5.0,25.1,6.0,0.6,0.9,0.3,14.4,34.7,55.2,36.3,5.0,26.5,6.0,0.6,0.9,0.3,-49.0,-7.5,4.1,-19.9,5.0,28.7,6.0,0.6,0.9,0.3,882.0,1728.0,4096.0,2531.5,9.0,1907.5,6.0,0.4,0.9,0.3,880.0,1730.0,4095.0,2530.0,9.0,1905.0,6.0,0.4,0.9,0.3
1974,2,9.0,41.0,10.6,11.1,13.3,11.63,59.0,1.29,14.0,0.3,0.4,0.2,10.6,12.2,14.4,12.29,127.0,1.87,14.0,0.3,0.4,0.2,6.58,7.64,8.81,7.71,127.0,1.09,14.0,0.3,0.4,0.2,81.2,87.5,93.5,86.3,127.0,7.5,14.0,0.3,0.2,0.5,5.1,9.3,4.82,127.0,3.97,14.0,0.3,0.4,0.2,-3.18,0.0,5.1,0.35,127.0,4.53,14.0,0.3,0.4,0.2,-6.45,0.0,1.79,-1.41,127.0,4.06,14.0,0.3,0.4,0.2,1000.2,1008.9,1018.7,1009.16,127.0,8.18,14.0,0.3,0.4,0.2,0.0,5.5,8.0,4.7,118.0,2.9,14.0,0.3,0.4,0.2,-23.0,0.0,26.1,5.9,127.0,46.9,14.0,0.3,0.4,0.2,-51.4,0.0,5.2,-13.6,127.0,36.4,14.0,0.3,0.4,0.2,-3.3,-1.2,1.08,-1.17,59.0,2.11,14.0,0.3,0.4,0.2,-13.0,-2.2,0.0,-3.9,59.0,12.5,14.0,0.3,0.4,0.2,-0.54,0.27,1.87,0.63,59.0,1.51,14.0,0.3,0.4,0.2,-1.4,0.0,4.0,3.9,59.0,14.6,14.0,0.3,0.4,0.2,-43.1,0.0,62.3,2.3,127.0,55.4,14.0,0.3,0.4,0.2,-78.7,0.0,22.0,-17.3,127.0,50.5,14.0,0.3,0.4,0.2,-26.1,0.0,37.3,0.3,127.0,33.4,14.0,0.3,0.4,0.2,-45.4,0.0,13.4,-10.7,127.0,31.8,14.0,0.3,0.4,0.2,-0.8,0.0,3.4,3.0,59.0,13.2,14.0,0.3,0.4,0.2,-2.0,0.0,1.0,0.1,59.0,6.9,14.0,0.3,0.4,0.2,0.0,132.5,804.5,363.5,127.0,573.5,14.0,0.3,0.4,0.2,0.0,135.0,805.0,365.0,127.0,575.0,14.0,0.3,0.4,0.2
1974,2,9.0,42.0,13.0,13.25,14.13,13.5,12.0,0.64,14.0,0.0,0.6,0.7,11.17,11.95,13.68,12.28,12.0,1.4,14.0,0.0,0.6,0.7,4.77,5.42,8.0,6.28,11.0,1.83,14.0,0.0,0.5,0.8,56.6,69.7,79.8,69.4,11.0,14.9,14.0,0.0,0.8,2.31,6.45,13.69,7.89,12.0,5.91,14.0,0.0,0.6,0.7,-4.51,0.0,10.75,1.99,12.0,7.78,14.0,0.0,0.6,0.7,-3.51,0.0,5.58,0.69,12.0,6.12,14.0,0.0,0.6,0.7,1001.02,1015.55,1018.61,1010.34,12.0,11.88,14.0,0.0,0.6,0.7,0.0,2.5,6.3,3.3,12.0,3.1,14.0,0.0,0.6,0.7,-26.7,0.0,158.5,42.2,12.0,106.9,14.0,0.0,0.6,0.7,-18.9,0.0,83.6,19.9,12.0,86.2,14.0,0.0,0.6,0.7,-0.05,1.4,2.68,1.22,12.0,1.49,14.0,0.0,0.6,0.7,-0.2,5.0,20.6,8.8,12.0,20.7,14.0,0.0,0.6,0.7,1.66,3.9,5.1,3.26,11.0,1.79,14.0,0.0,0.5,0.8,0.0,11.1,36.8,19.1,11.0,17.9,14.0,0.0,0.5,0.8,-49.6,0.0,122.7,28.4,12.0,97.2,14.0,0.0,0.6,0.7,-41.7,0.0,72.4,9.4,12.0,77.8,14.0,0.0,0.6,0.7,-25.5,0.0,49.7,12.1,11.0,53.7,14.0,0.0,0.5,0.8,-21.3,0.0,21.9,-2.5,11.0,44.1,14.0,0.0,0.5,0.8,-20.7,0.0,19.2,-0.4,11.0,24.6,14.0,0.0,0.5,0.8,-6.4,0.0,6.6,-0.7,11.0,10.7,14.0,0.0,0.5,0.8,22.0,269.5,2642.5,1301.0,12.0,1887.0,14.0,0.0,0.6,0.7,20.0,270.0,2640.0,1300.0,12.0,1885.0,14.0,0.0,0.6,0.7
1974,2,9.0,43.0,13.0,14.0,14.31,13.57,15.0,0.85,18.0,0.2,0.3,0.2,11.02,11.8,12.87,11.62,15.0,1.42,18.0,0.2,0.3,0.2,5.22,5.59,6.65,5.96,11.0,0.82,18.0,0.1,0.3,0.1,61.2,64.8,77.9,69.2,11.0,9.1,18.0,0.1,0.1,4.1,7.7,15.04,8.55,13.0,4.86,20.0,0.2,0.3,0.2,-7.45,-3.99,7.82,-1.66,13.0,7.88,20.0,0.2,0.3,0.2,-5.18,-2.63,3.14,-0.94,13.0,6.06,20.0,0.2,0.3,0.2,997.37,1012.3,1017.81,1009.34,15.0,11.54,18.0,0.2,0.3,0.2,0.0,3.0,4.8,2.9,15.0,2.6,18.0,0.2,0.3,0.2,-67.8,-16.8,94.4,-9.7,13.0,105.5,20.0,0.2,0.3,0.2,-53.8,-15.8,48.0,3.8,13.0,80.0,20.0,0.2,0.3,0.2,0.27,2.0,3.12,1.95,15.0,1.85,18.0,0.2,0.3,0.2,0.2,10.3,35.0,21.2,13.0,29.4,20.0,0.2,0.3,0.2,2.76,3.7,4.59,3.73,11.0,1.0,18.0,0.1,0.3,0.1,15.7,30.3,47.1,33.1,9.0,18.0,20.0,0.1,0.3,0.2,-98.4,-47.8,92.1,-21.8,13.0,85.1,20.0,0.2,0.3,0.2,-60.8,-35.6,32.6,-12.5,13.0,66.6,20.0,0.2,0.3,0.2,-41.1,-20.1,32.8,-16.2,9.0,45.3,20.0,0.1,0.3,0.2,-26.8,-19.8,12.9,-8.4,9.0,36.3,20.0,0.1,0.3,0.2,-26.0,-15.1,23.8,-7.4,9.0,26.2,20.0,0.1,0.3,0.2,-21.7,-9.7,5.6,-5.7,9.0,27.8,20.0,0.1,0.3,0.2,69.0,456.5,3401.5,1200.0,13.0,1434.5,20.0,0.2,0.3,0.2,70.0,455.0,3400.0,1200.0,13.0,1435.0,20.0,0.2,0.3,0.2
1974,2,9.0,54.0,6.2,6.2,6.2,6.2,1.0,0.0,22.0,0.0,0.9,0.7,5.4,5.4,5.4,5.4,1.0,0.0,22.0,0.0,0.9,0.7,4.66,4.66,4.66,4.66,1.0,0.0,22.0,0.0,0.9,0.7,84.5,84.5,84.5,84.5,1.0,0.0,22.0,0.0,0.7,17.5,17.5,17.5,17.5,1.0,0.0,22.0,0.0,0.9,0.7,13.41,13.41,13.41,13.41,1.0,0.0,22.0,0.0,0.9,0.7,11.25,11.25,11.25,11.25,1.0,0.0,22.0,0.0,0.9,0.7,1018.7,1018.7,1018.7,1018.7,1.0,0.0,22.0,0.0,0.9,0.7,8.0,8.0,8.0,8.0,1.0,0.0,22.0,0.0,0.9,0.7,234.6,234.6,234.6,234.6,1.0,0.0,22.0,0.0,0.9,0.7,196.9,196.9,196.9,196.9,1.0,0.0,22.0,0.0,0.9,0.7,0.8,0.8,0.8,0.8,1.0,0.0,22.0,0.0,0.9,0.7,14.0,14.0,14.0,14.0,1.0,0.0,22.0,0.0,0.9,0.7,1.17,1.17,1.17,1.17,1.0,0.0,22.0,0.0,0.9,0.7,20.5,20.5,20.5,20.5,1.0,0.0,22.0,0.0,0.9,0.7,72.4,72.4,72.4,72.4,1.0,0.0,22.0,0.0,0.9,0.7,60.7,60.7,60.7,60.7,1.0,0.0,22.0,0.0,0.9,0.7,62.5,62.5,62.5,62.5,1.0,0.0,22.0,0.0,0.9,0.7,52.4,52.4,52.4,52.4,1.0,0.0,22.0,0.0,0.9,0.7,15.7,15.7,15.7,15.7,1.0,0.0,22.0,0.0,0.9,0.7,13.2,13.2,13.2,13.2,1.0,0.0,22.0,0.0,0.9,0.7,5359.5,5359.5,5359.5,5359.5,1.0,0.0,22.0,0.0,0.9,0.7,5360.0,5360.0,5360.0,5360.0,1.0,0.0,22.0,0.0,0.9,0.7
1974,2,9.0,56.0,4.4,4.4,4.4,4.4,1.0,0.0,12.0,0.0,0.2,0.5,7.6,8.45,9.3,8.45,2.0,1.77,16.0,0.5,0.2,0.3,6.27,6.59,6.91,6.59,2.0,0.66,16.0,0.5,0.2,0.3,94.2,94.7,95.2,94.7,2.0,1.0,16.0,0.5,0.3,12.54,13.7,14.86,13.7,2.0,2.4,16.0,0.5,0.2,0.3,-0.37,4.57,9.52,4.57,2.0,10.25,16.0,0.5,0.2,0.3,4.16,8.62,13.09,8.62,2.0,9.25,16.0,0.5,0.2,0.3,984.08,998.45,1012.82,998.45,2.0,29.77,16.0,0.5,0.2,0.3,8.0,8.0,8.0,8.0,2.0,0.0,16.0,0.5,0.2,0.3,-12.1,50.3,112.8,50.3,2.0,129.4,16.0,0.5,0.2,0.3,58.1,129.3,200.5,129.3,2.0,147.5,16.0,0.5,0.2,0.3,-2.8,-2.8,-2.8,-2.8,1.0,0.0,12.0,0.0,0.2,0.5,-43.1,-43.1,-43.1,-43.1,1.0,0.0,12.0,0.0,0.2,0.5,-0.76,-0.76,-0.76,-0.76,1.0,0.0,12.0,0.0,0.2,0.5,-11.7,-11.7,-11.7,-11.7,1.0,0.0,12.0,0.0,0.2,0.5,2.0,47.7,93.4,47.7,2.0,94.7,16.0,0.5,0.2,0.3,34.3,64.7,95.1,64.7,2.0,62.9,16.0,0.5,0.2,0.3,-0.5,33.5,67.6,33.5,2.0,70.6,16.0,0.5,0.2,0.3,27.1,53.8,80.5,53.8,2.0,55.3,16.0,0.5,0.2,0.3,2.0,2.0,2.0,2.0,1.0,0.0,12.0,0.0,0.2,0.5,-11.5,-11.5,-11.5,-11.5,1.0,0.0,12.0,0.0,0.2,0.5,2033.5,2690.0,3347.0,2690.0,2.0,1360.5,16.0,0.5,0.2,0.3,2035.0,2690.0,3345.0,2690.0,2.0,1360.0,16.0,0.5,0.2,0.3
1974,2,9.0,57.0,3.0,5.0,6.0,4.79,49.0,1.61,14.0,0.3,0.3,0.6,2.0,4.0,5.84,4.0,80.0,1.78,14.0,0.6,0.2,0.6,3.79,4.22,4.62,4.29,7.0,0.61,10.0,0.3,0.3,0.7,79.3,93.1,94.7,88.4,7.0,11.3,10.0,0.3,0.7,4.75,7.2,12.0,8.19,79.0,3.53,14.0,0.6,0.2,0.6,-6.58,0.0,6.89,0.0,79.0,6.15,14.0,0.6,0.2,0.6,-0.87,3.52,9.42,3.6,79.0,5.42,14.0,0.6,0.2,0.6,994.95,1006.6,1022.03,1009.43,51.0,12.99,14.0,0.3,0.3,0.6,1.0,6.0,8.0,4.8,58.0,3.3,14.0,0.6,0.2,0.6,-59.3,0.0,54.7,0.9,79.0,66.7,14.0,0.6,0.2,0.6,-4.3,25.9,96.8,36.8,79.0,70.3,14.0,0.6,0.2,0.6,-1.14,0.0,2.37,0.46,49.0,1.98,14.0,0.3,0.3,0.6,-11.9,0.0,17.9,4.4,48.0,16.7,14.0,0.3,0.3,0.6,0.71,1.41,1.67,1.17,7.0,0.75,10.0,0.3,0.3,0.7,4.7,14.8,16.5,10.6,7.0,8.1,10.0,0.3,0.3,0.7,-18.9,0.0,36.4,4.9,79.0,25.3,14.0,0.6,0.2,0.6,-2.6,12.0,46.7,16.4,79.0,24.4,14.0,0.6,0.2,0.6,-42.9,-35.1,-12.8,-23.4,7.0,28.4,10.0,0.3,0.3,0.7,-1.3,12.8,16.0,10.4,7.0,23.0,10.0,0.3,0.3,0.7,-14.6,-8.5,3.6,-5.1,7.0,12.0,10.0,0.3,0.3,0.7,-3.5,2.8,5.3,1.7,7.0,4.4,10.0,0.3,0.3,0.7,108.0,373.0,1728.0,870.0,79.0,1155.0,14.0,0.6,0.2,0.6,110.0,375.0,1730.0,870.0,79.0,1155.0,14.0,0.6,0.2,0.6
1974,2,9.0,58.0,3.5,3.9,4.36,3.9,16.0,0.43,6.0,0.5,0.5,0.3,0.0,3.1,4.55,2.58,16.0,1.93,6.0,0.5,0.5,0.3,2.74,4.09,4.43,3.75,16.0,0.72,6.0,0.5,0.5,0.3,69.1,84.7,88.5,80.7,16.0,11.7,6.0,0.5,0.3,5.71,10.8,13.02,9.71,16.0,3.96,6.0,0.5,0.5,0.3,-6.02,-0.38,7.07,0.04,16.0,6.46,6.0,0.5,0.5,0.3,-0.4,3.97,12.44,4.66,16.0,7.16,6.0,0.5,0.5,0.3,991.68,993.95,1004.74,996.53,16.0,5.77,6.0,0.5,0.5,0.3,2.3,7.5,8.0,5.9,16.0,3.1,6.0,0.5,0.5,0.3,-68.4,-0.4,71.1,0.0,16.0,71.6,6.0,0.5,0.5,0.3,-0.4,42.1,168.1,60.2,16.0,91.5,6.0,0.5,0.5,0.3,-0.69,1.2,3.46,1.32,16.0,1.73,6.0,0.5,0.5,0.3,-6.3,10.2,27.0,10.4,16.0,15.7,6.0,0.5,0.5,0.3,0.68,1.15,2.24,1.33,16.0,0.66,6.0,0.5,0.5,0.3,5.6,11.3,21.8,12.4,16.0,7.9,6.0,0.5,0.5,0.3,-6.4,0.0,31.6,7.9,16.0,23.3,6.0,0.5,0.5,0.3,0.0,16.3,42.9,18.6,16.0,20.9,6.0,0.5,0.5,0.3,-22.3,-1.3,20.4,1.0,16.0,24.7,6.0,0.5,0.5,0.3,-1.3,15.1,52.2,20.5,16.0,27.6,6.0,0.5,0.5,0.3,-7.2,-0.6,6.4,-0.8,16.0,9.9,6.0,0.5,0.5,0.3,-0.6,5.1,12.8,3.7,16.0,10.7,6.0,0.5,0.5,0.3,196.5,1259.5,2216.0,1304.0,16.0,1062.5,6.0,0.5,0.5,0.3,195.0,1260.0,2215.0,1305.0,16.0,1065.0,6.0,0.5,0.5,0.3
1974,2,9.0,64.0,,,,,,,,,,,,,,,,,,,,,,,,,,,,,,,,,,,,,,,,16.0,16.0,16.0,16.0,1.0,0.0,14.0,0.0,0.4,0.9,15.04,15.04,15.04,15.04,1.0,0.0,14.0,0.0,0.4,0.9,5.47,5.47,5.47,5.47,1.0,0.0,14.0,0.0,0.4,0.9,989.5,989.5,989.5,989.5,1.0,0.0,14.0,0.0,0.4,0.9,,,,,,,,,,,,,,,,,,,,,,,,,,,,,,,,,,,,,,,,,,,,,,,,,,,,,,,,,,,,,,,,,,,,,,,,,,,,,,,,,,,,,,,,,,,,,,,,,,,,,,,,,,,,,,,,,,,,,,,,,,,,,,,,,,,,,,,,,,,,,,,,,,,,,,
1974,2,9.0,65.0,5.41,6.6,7.97,6.44,14.0,1.54,14.0,0.4,0.3,0.6,1.0,2.4,5.69,2.9,14.0,2.16,14.0,0.4,0.3,0.6,4.17,4.93,5.15,4.67,4.0,0.73,12.0,0.3,0.2,0.7,89.9,95.2,100.0,94.9,4.0,5.8,12.0,0.3,0.7,4.0,10.0,13.1,9.72,13.0,4.72,14.0,0.4,0.3,0.6,-3.22,3.55,13.01,4.54,13.0,7.97,14.0,0.4,0.3,0.6,-8.72,-1.74,1.58,-2.94,13.0,5.41,14.0,0.4,0.3,0.6,990.99,995.8,1013.62,1000.39,14.0,10.38,14.0,0.4,0.3,0.6,4.0,7.0,8.0,6.2,13.0,1.8,12.0,0.4,0.3,0.5,-21.5,12.8,170.5,69.1,13.0,113.1,14.0,0.4,0.3,0.6,-125.4,-10.3,11.7,-37.9,13.0,67.3,14.0,0.4,0.3,0.6,0.69,3.1,6.28,3.54,14.0,2.52,14.0,0.4,0.3,0.6,5.3,25.2,57.6,29.0,13.0,23.0,14.0,0.4,0.3,0.6,0.78,1.4,2.38,1.57,4.0,0.96,12.0,0.3,0.2,0.7,5.5,9.8,13.5,9.5,3.0,5.8,16.0,0.3,0.2,0.8,-8.1,1.8,57.6,17.8,13.0,33.4,14.0,0.4,0.3,0.6,-21.1,-3.2,1.6,-4.8,13.0,16.7,14.0,0.4,0.3,0.6,-11.7,12.8,62.2,25.0,3.0,55.1,16.0,0.3,0.2,0.8,-22.5,-4.1,-2.8,-12.4,3.0,16.1,16.0,0.3,0.2,0.8,0.7,9.6,12.8,6.8,3.0,9.2,16.0,0.3,0.2,0.8,-4.1,-1.7,-1.0,-2.5,3.0,2.4,16.0,0.3,0.2,0.8,64.0,1000.0,2249.5,1535.0,13.0,1853.0,14.0,0.4,0.3,0.6,65.0,1000.0,2250.0,1535.0,13.0,1855.0,14.0,0.4,0.3,0.6
1974,2,9.0,66.0,5.46,6.3,7.06,6.28,25.0,1.29,18.0,0.3,0.6,0.3,-1.0,2.5,6.2,2.72,25.0,3.16,18.0,0.3,0.6,0.3,4.03,4.69,5.51,4.82,7.0,0.78,16.0,0.1,0.5,0.1,85.2,94.4,99.3,91.5,7.0,8.7,16.0,0.1,0.1,6.85,10.3,14.19,10.62,25.0,4.16,18.0,0.3,0.6,0.3,0.0,7.0,13.06,6.71,25.0,5.94,18.0,0.3,0.6,0.3,-3.89,3.35,9.04,3.34,25.0,6.39,18.0,0.3,0.6,0.3,987.37,1005.1,1015.42,1002.37,25.0,14.03,18.0,0.3,0.6,0.3,6.0,7.0,8.0,6.9,21.0,1.0,20.0,0.4,0.6,0.3,0.0,70.1,183.9,86.4,25.0,80.7,18.0,0.3,0.6,0.3,-30.9,32.8,126.0,44.6,25.0,84.5,18.0,0.3,0.6,0.3,0.62,3.7,6.43,3.56,25.0,3.06,18.0,0.3,0.6,0.3,3.7,30.8,82.2,37.8,25.0,40.8,18.0,0.3,0.6,0.3,0.47,1.52,2.02,1.33,7.0,0.82,16.0,0.1,0.5,0.1,4.3,5.2,26.5,13.8,7.0,13.7,16.0,0.1,0.5,0.1,-10.1,10.8,51.1,15.5,25.0,30.8,18.0,0.3,0.6,0.3,-1.3,11.3,50.3,24.6,25.0,31.4,18.0,0.3,0.6,0.3,6.9,24.2,55.7,29.2,7.0,23.7,16.0,0.1,0.5,0.1,-7.2,36.0,46.5,24.9,7.0,30.1,16.0,0.1,0.5,0.1,1.4,4.0,22.8,9.8,7.0,11.7,16.0,0.1,0.5,0.1,-3.7,4.1,13.5,5.1,7.0,11.5,16.0,0.1,0.5,0.1,323.0,1092.5,2864.5,1674.0,25.0,1300.0,18.0,0.3,0.6,0.3,325.0,1095.0,2865.0,1675.0,25.0,1300.0,18.0,0.3,0.6,0.3
1974,2,9.0,67.0,5.07,6.1,6.87,5.96,8.0,1.1,14.0,0.3,0.5,0.3,1.91,3.35,5.11,3.45,8.0,2.28,14.0,0.3,0.5,0.3,3.59,4.39,5.59,4.58,4.0,1.2,16.0,0.3,0.5,0.2,76.3,87.9,95.7,86.1,4.0,11.9,16.0,0.3,0.2,7.13,9.65,12.13,10.2,8.0,4.21,14.0,0.3,0.5,0.3,-8.84,-4.67,7.16,-0.85,8.0,9.92,14.0,0.3,0.5,0.3,-2.22,2.65,8.46,2.81,8.0,5.32,14.0,0.3,0.5,0.3,986.7,994.55,1008.23,997.41,8.0,10.26,14.0,0.3,0.5,0.3,7.9,8.0,8.0,7.7,7.0,0.8,16.0,0.3,0.6,0.3,-81.4,-35.8,87.4,18.6,8.0,152.1,14.0,0.3,0.5,0.3,-11.1,27.5,82.3,31.2,8.0,52.5,14.0,0.3,0.5,0.3,0.77,2.8,4.27,2.51,8.0,1.9,14.0,0.3,0.5,0.3,6.5,23.1,46.8,25.3,8.0,23.6,14.0,0.3,0.5,0.3,0.67,1.91,2.55,1.63,4.0,1.2,16.0,0.3,0.5,0.2,6.3,19.6,39.0,22.5,4.0,21.4,16.0,0.3,0.5,0.2,-25.4,-4.1,52.4,4.7,8.0,39.6,14.0,0.3,0.5,0.3,0.0,7.2,42.3,18.1,8.0,26.2,14.0,0.3,0.5,0.3,-42.3,5.2,57.7,7.6,4.0,58.0,16.0,0.3,0.5,0.2,3.9,10.9,36.1,19.6,4.0,25.3,16.0,0.3,0.5,0.2,-19.0,-6.1,26.5,3.3,4.0,33.0,16.0,0.3,0.5,0.2,0.2,1.3,5.8,2.9,4.0,4.2,16.0,0.3,0.5,0.2,366.0,902.0,1794.0,1600.5,8.0,2194.0,14.0,0.3,0.5,0.3,365.0,900.0,1795.0,1600.0,8.0,2195.0,14.0,0.3,0.5,0.3
1974,2,9.0,68.0,,,,,,,,,,,,,,,,,,,,,,,,,,,,,,,,,,,,,,,,15.11,17.5,19.89,17.5,2.0,4.95,14.0,0.0,0.1,0.5,3.28,10.34,17.4,10.34,2.0,14.62,14.0,0.0,0.1,0.5,-0.85,5.18,11.2,5.18,2.0,12.48,14.0,0.0,0.1,0.5,983.78,996.85,1009.92,996.85,2.0,27.08,14.0,0.0,0.1,0.5,,,,,,,,,,,,,,,,,,,,,,,,,,,,,,,,,,,,,,,,,,,,,,,,,,,,,,,,,,,,,,,,,,,,,,,,,,,,,,,,,,,,,,,,,,,,,,,,,,,,,,,,,,,,,,,,,,,,,,,,,,,,,,,,,,,,,,,,,,,,,,,,,,,,,,
1974,2,9.0,69.0,,,,,,,,,,,,,,,,,,,,,,,,,,,,,,,,,,,,,,,,13.9,13.9,13.9,13.9,1.0,0.0,26.0,0.0,0.0,0.1,8.93,8.93,8.93,8.93,1.0,0.0,26.0,0.0,0.0,0.1,10.65,10.65,10.65,10.65,1.0,0.0,26.0,0.0,0.0,0.1,994.7,994.7,994.7,994.7,1.0,0.0,26.0,0.0,0.0,0.1,,,,,,,,,,,,,,,,,,,,,,,,,,,,,,,,,,,,,,,,,,,,,,,,,,,,,,,,,,,,,,,,,,,,,,,,,,,,,,,,,,,,,,,,,,,,,,,,,,,,,,,,,,,,,,,,,,,,,,,,,,,,,,,,,,,,,,,,,,,,,,,,,,,,,,
1974,2,9.0,70.0,,,,,,,,,,,,,,,,,,,,,,,,,,,,,,,,,,,,,,,,8.7,8.7,8.7,8.7,1.0,0.0,4.0,0.0,0.5,0.1,-7.53,-7.53,-7.53,-7.53,1.0,0.0,4.0,0.0,0.5,0.1,-4.35,-4.35,-4.35,-4.35,1.0,0.0,4.0,0.0,0.5,0.1,1011.3,1011.3,1011.3,1011.3,1.0,0.0,4.0,0.0,0.5,0.1,,,,,,,,,,,,,,,,,,,,,,,,,,,,,,,,,,,,,,,,,,,,,,,,,,,,,,,,,,,,,,,,,,,,,,,,,,,,,,,,,,,,,,,,,,,,,,,,,,,,,,,,,,,,,,,,,,,,,,,,,,,,,,,,,,,,,,,,,,,,,,,,,,,,,,
1974,2,9.0,71.0,5.0,5.0,5.0,5.0,1.0,0.0,20.0,1.0,0.5,0.2,2.4,2.4,2.4,2.4,1.0,0.0,20.0,1.0,0.5,0.2,3.83,3.83,3.83,3.83,1.0,0.0,20.0,1.0,0.5,0.2,84.2,84.2,84.2,84.2,1.0,0.0,20.0,1.0,0.2,12.9,12.9,12.9,12.9,1.0,0.0,20.0,1.0,0.5,0.2,-6.45,-6.45,-6.45,-6.45,1.0,0.0,20.0,1.0,0.5,0.2,11.17,11.17,11.17,11.17,1.0,0.0,20.0,1.0,0.5,0.2,999.8,999.8,999.8,999.8,1.0,0.0,20.0,1.0,0.5,0.2,8.0,8.0,8.0,8.0,1.0,0.0,20.0,1.0,0.5,0.2,-83.2,-83.2,-83.2,-83.2,1.0,0.0,20.0,1.0,0.5,0.2,144.1,144.1,144.1,144.1,1.0,0.0,20.0,1.0,0.5,0.2,2.6,2.6,2.6,2.6,1.0,0.0,20.0,1.0,0.5,0.2,33.5,33.5,33.5,33.5,1.0,0.0,20.0,1.0,0.5,0.2,1.64,1.64,1.64,1.64,1.0,0.0,20.0,1.0,0.5,0.2,21.2,21.2,21.2,21.2,1.0,0.0,20.0,1.0,0.5,0.2,-15.5,-15.5,-15.5,-15.5,1.0,0.0,20.0,1.0,0.5,0.2,26.8,26.8,26.8,26.8,1.0,0.0,20.0,1.0,0.5,0.2,-24.7,-24.7,-24.7,-24.7,1.0,0.0,20.0,1.0,0.5,0.2,42.8,42.8,42.8,42.8,1.0,0.0,20.0,1.0,0.5,0.2,-10.6,-10.6,-10.6,-10.6,1.0,0.0,20.0,1.0,0.5,0.2,18.3,18.3,18.3,18.3,1.0,0.0,20.0,1.0,0.5,0.2,2146.5,2146.5,2146.5,2146.5,1.0,0.0,20.0,1.0,0.5,0.2,2145.0,2145.0,2145.0,2145.0,1.0,0.0,20.0,1.0,0.5,0.2
1974,2,9.0,73.0,4.4,4.4,4.4,4.4,1.0,0.0,14.0,0.0,0.8,0.7,-0.6,-0.6,-0.6,-0.6,1.0,0.0,14.0,0.0,0.8,0.7,2.84,2.84,2.84,2.84,1.0,0.0,14.0,0.0,0.8,0.7,77.2,77.2,77.2,77.2,1.0,0.0,14.0,0.0,0.7,,,,,,,,,,,,,,,,,,,,,,,,,,,,,,,,,,,,,,,,,,,,,,,,,,,,,,,,,,,,,,,,,,,,,,,,,,,,,,,,,,,,,,,,,,,,,,,,,,,,,,,,,,,,,,,,,,,,,,,,,,,,,,,,,,,,,,,,,,,,,,,,,,,,,,,,,,,,,,,,,,,,,,,,,,,,,,,,,,,,,,,,,,,,,,
1974,2,10.0,-67.0,,,,,,,,,,,,,,,,,,,,,,,,,,,,,,,,,,,,,,,,4.1,4.1,4.1,4.1,1.0,0.0,26.0,1.0,0.0,0.3,0.0,0.0,0.0,0.0,1.0,0.0,26.0,1.0,0.0,0.3,4.1,4.1,4.1,4.1,1.0,0.0,26.0,1.0,0.0,0.3,982.9,982.9,982.9,982.9,1.0,0.0,26.0,1.0,0.0,0.3,,,,,,,,,,,,,,,,,,,,,,,,,,,,,,,,,,,,,,,,,,,,,,,,,,,,,,,,,,,,,,,,,,,,,,,,,,,,,,,,,,,,,,,,,,,,,,,,,,,,,,,,,,,,,,,,,,,,,,,,,,,,,,,,,,,,,,,,,,,,,,,,,,,,,,
1974,2,10.0,-47.0,,,,,,,,,,,,,,,,,,,,,,,,,,,,,,,,,,,,,,,,8.2,8.2,8.2,8.2,1.0,0.0,18.0,0.0,0.6,1.0,8.2,8.2,8.2,8.2,1.0,0.0,18.0,0.0,0.6,1.0,0.0,0.0,0.0,0.0,1.0,0.0,18.0,0.0,0.6,1.0,1002.6,1002.6,1002.6,1002.6,1.0,0.0,18.0,0.0,0.6,1.0,,,,,,,,,,,,,,,,,,,,,,,,,,,,,,,,,,,,,,,,,,,,,,,,,,,,,,,,,,,,,,,,,,,,,,,,,,,,,,,,,,,,,,,,,,,,,,,,,,,,,,,,,,,,,,,,,,,,,,,,,,,,,,,,,,,,,,,,,,,,,,,,,,,,,,
1974,2,10.0,-45.0,,,,,,,,,,,,,,,,,,,,,,,,,,,,,,,,,,,,,,,,2.0,2.0,2.0,2.0,1.0,0.0,10.0,1.0,0.0,1.0,1.88,1.88,1.88,1.88,1.0,0.0,10.0,1.0,0.0,1.0,-0.68,-0.68,-0.68,-0.68,1.0,0.0,10.0,1.0,0.0,1.0,1018.0,1018.0,1018.0,1018.0,1.0,0.0,10.0,1.0,0.0,1.0,,,,,,,,,,,,,,,,,,,,,,,,,,,,,,,,,,,,,,,,,,,,,,,,,,,,,,,,,,,,,,,,,,,,,,,,,,,,,,,,,,,,,,,,,,,,,,,,,,,,,,,,,,,,,,,,,,,,,,,,,,,,,,,,,,,,,,,,,,,,,,,,,,,,,,
1974,2,10.0,-44.0,,,,,,,,,,,,,,,,,,,,,,,,,,,,,,,,,,,,,,,,12.3,12.3,12.3,12.3,1.0,0.0,20.0,1.0,0.1,0.5,11.4,11.4,11.4,11.4,1.0,0.0,20.0,1.0,0.1,0.5,4.61,4.61,4.61,4.61,1.0,0.0,20.0,1.0,0.1,0.5,1007.2,1007.2,1007.2,1007.2,1.0,0.0,20.0,1.0,0.1,0.5,,,,,,,,,,,,,,,,,,,,,,,,,,,,,,,,,,,,,,,,,,,,,,,,,,,,,,,,,,,,,,,,,,,,,,,,,,,,,,,,,,,,,,,,,,,,,,,,,,,,,,,,,,,,,,,,,,,,,,,,,,,,,,,,,,,,,,,,,,,,,,,,,,,,,,
1974,2,10.0,-41.0,13.0,13.65,14.5,13.81,64.0,0.76,14.0,0.7,0.0,1.0,11.4,13.6,15.2,13.4,80.0,1.72,14.0,0.7,0.0,1.0,5.92,7.74,9.49,7.77,78.0,1.6,14.0,0.7,0.0,1.0,69.7,79.7,93.7,81.1,79.0,11.4,14.0,0.7,1.0,1.5,2.6,9.3,4.47,75.0,4.07,14.0,0.7,0.0,1.0,0.0,2.44,6.51,3.04,75.0,4.35,14.0,0.7,0.0,1.0,-1.84,0.0,1.38,0.26,75.0,2.91,14.0,0.7,0.0,1.0,1008.78,1016.6,1022.26,1015.75,79.0,6.87,14.0,0.7,0.0,1.0,5.0,7.0,8.0,6.7,76.0,1.7,14.0,0.7,0.0,1.0,0.0,6.7,54.6,26.7,75.0,55.1,14.0,0.7,0.0,1.0,-4.4,0.0,4.5,4.7,75.0,30.6,14.0,0.7,0.0,1.0,-1.0,0.0,2.1,0.45,64.0,1.62,14.0,0.7,0.0,1.0,-2.2,0.0,10.2,5.1,58.0,14.6,14.0,0.7,0.0,1.0,0.4,1.97,3.83,2.07,63.0,1.57,14.0,0.7,0.0,1.0,0.2,4.6,26.8,11.6,58.0,15.9,14.0,0.7,0.0,1.0,0.0,35.1,82.0,37.7,74.0,50.5,14.0,0.7,0.0,1.0,-21.2,0.0,19.4,1.9,74.0,37.2,14.0,0.7,0.0,1.0,0.0,19.6,52.1,21.0,73.0,28.7,14.0,0.7,0.0,1.0,-11.8,0.0,10.1,-0.2,73.0,21.6,14.0,0.7,0.0,1.0,-0.3,2.6,21.8,8.8,58.0,15.8,14.0,0.7,0.0,1.0,-2.1,0.0,3.8,1.6,58.0,7.7,14.0,0.7,0.0,1.0,3.5,17.5,804.5,387.0,75.0,803.5,14.0,0.7,0.0,1.0,5.0,20.0,805.0,385.0,75.0,805.0,14.0,0.7,0.0,1.0
1974,2,10.0,-40.0,16.6,16.6,16.6,16.6,1.0,0.0,22.0,1.0,0.4,0.2,14.2,14.2,14.2,14.2,1.0,0.0,22.0,1.0,0.4,0.2,5.64,5.64,5.64,5.64,1.0,0.0,22.0,1.0,0.4,0.2,56.6,56.6,56.6,56.6,1.0,0.0,22.0,1.0,0.2,5.1,5.1,5.1,5.1,1.0,0.0,22.0,1.0,0.4,0.2,0.0,0.0,0.0,0.0,1.0,0.0,22.0,1.0,0.4,0.2,5.1,5.1,5.1,5.1,1.0,0.0,22.0,1.0,0.4,0.2,1017.9,1017.9,1017.9,1017.9,1.0,0.0,22.0,1.0,0.4,0.2,7.0,7.0,7.0,7.0,1.0,0.0,22.0,1.0,0.4,0.2,0.0,0.0,0.0,0.0,1.0,0.0,22.0,1.0,0.4,0.2,26.0,26.0,26.0,26.0,1.0,0.0,22.0,1.0,0.4,0.2,2.4,2.4,2.4,2.4,1.0,0.0,22.0,1.0,0.4,0.2,12.2,12.2,12.2,12.2,1.0,0.0,22.0,1.0,0.4,0.2,6.03,6.03,6.03,6.03,1.0,0.0,22.0,1.0,0.4,0.2,30.8,30.8,30.8,30.8,1.0,0.0,22.0,1.0,0.4,0.2,0.0,0.0,0.0,0.0,1.0,0.0,22.0,1.0,0.4,0.2,72.4,72.4,72.4,72.4,1.0,0.0,22.0,1.0,0.4,0.2,0.0,0.0,0.0,0.0,1.0,0.0,22.0,1.0,0.4,0.2,28.8,28.8,28.8,28.8,1.0,0.0,22.0,1.0,0.4,0.2,0.0,0.0,0.0,0.0,1.0,0.0,22.0,1.0,0.4,0.2,30.8,30.8,30.8,30.8,1.0,0.0,22.0,1.0,0.4,0.2,132.5,132.5,132.5,132.5,1.0,0.0,22.0,1.0,0.4,0.2,135.0,135.0,135.0,135.0,1.0,0.0,22.0,1.0,0.4,0.2
1974,2,10.0,-36.0,20.15,20.9,21.65,20.9,2.0,1.56,16.0,1.0,0.1,0.7,15.0,15.0,15.0,15.0,1.0,0.0,8.0,1.0,0.0,0.6,6.62,6.62,6.62,6.62,1.0,0.0,8.0,1.0,0.0,0.6,63.4,63.4,63.4,63.4,1.0,0.0,8.0,1.0,0.6,7.02,7.7,8.38,7.7,2.0,1.41,16.0,1.0,0.1,0.7,-2.69,-2.07,-1.45,-2.07,2.0,1.28,16.0,1.0,0.1,0.7,6.85,7.39,7.93,7.39,2.0,1.12,16.0,1.0,0.1,0.7,1012.11,1016.85,1021.59,1016.85,2.0,9.83,16.0,1.0,0.1,0.7,2.8,4.5,6.2,4.5,2.0,3.5,16.0,1.0,0.1,0.7,-23.0,-16.8,-10.7,-16.8,2.0,12.8,16.0,1.0,0.1,0.7,48.5,57.7,66.9,57.7,2.0,19.0,16.0,1.0,0.1,0.7,4.8,4.8,4.8,4.8,1.0,0.0,8.0,1.0,0.0,0.6,32.2,32.2,32.2,32.2,1.0,0.0,8.0,1.0,0.0,0.6,7.6,7.6,7.6,7.6,1.0,0.0,8.0,1.0,0.0,0.6,50.9,50.9,50.9,50.9,1.0,0.0,8.0,1.0,0.0,0.6,-17.5,-17.5,-17.5,-17.5,1.0,0.0,8.0,1.0,0.0,0.6,99.0,99.0,99.0,99.0,1.0,0.0,8.0,1.0,0.0,0.6,-7.7,-7.7,-7.7,-7.7,1.0,0.0,8.0,1.0,0.0,0.6,43.6,43.6,43.6,43.6,1.0,0.0,8.0,1.0,0.0,0.6,-8.8,-8.8,-8.8,-8.8,1.0,0.0,8.0,1.0,0.0,0.6,50.1,50.1,50.1,50.1,1.0,0.0,8.0,1.0,0.0,0.6,357.5,479.5,601.5,479.5,2.0,253.0,16.0,1.0,0.1,0.7,360.0,480.0,600.0,480.0,2.0,255.0,16.0,1.0,0.1,0.7
1974,2,10.0,-35.0,20.6,20.6,20.6,20.6,1.0,0.0,22.0,0.0,0.0,0.2,18.3,18.3,18.3,18.3,1.0,0.0,22.0,0.0,0.0,0.2,7.03,7.03,7.03,7.03,1.0,0.0,22.0,0.0,0.0,0.2,54.2,54.2,54.2,54.2,1.0,0.0,22.0,0.0,0.2,4.6,4.6,4.6,4.6,1.0,0.0,22.0,0.0,0.0,0.2,-1.57,-1.57,-1.57,-1.57,1.0,0.0,22.0,0.0,0.0,0.2,4.32,4.32,4.32,4.32,1.0,0.0,22.0,0.0,0.0,0.2,1017.8,1017.8,1017.8,1017.8,1.0,0.0,22.0,0.0,0.0,0.2,4.0,4.0,4.0,4.0,1.0,0.0,22.0,0.0,0.0,0.2,-7.2,-7.2,-7.2,-7.2,1.0,0.0,22.0,0.0,0.0,0.2,19.9,19.9,19.9,19.9,1.0,0.0,22.0,0.0,0.0,0.2,2.3,2.3,2.3,2.3,1.0,0.0,22.0,0.0,0.0,0.2,10.6,10.6,10.6,10.6,1.0,0.0,22.0,0.0,0.0,0.2,8.0,8.0,8.0,8.0,1.0,0.0,22.0,0.0,0.0,0.2,36.8,36.8,36.8,36.8,1.0,0.0,22.0,0.0,0.0,0.2,-28.8,-28.8,-28.8,-28.8,1.0,0.0,22.0,0.0,0.0,0.2,79.1,79.1,79.1,79.1,1.0,0.0,22.0,0.0,0.0,0.2,-11.1,-11.1,-11.1,-11.1,1.0,0.0,22.0,0.0,0.0,0.2,30.4,30.4,30.4,30.4,1.0,0.0,22.0,0.0,0.0,0.2,-12.6,-12.6,-12.6,-12.6,1.0,0.0,22.0,0.0,0.0,0.2,34.6,34.6,34.6,34.6,1.0,0.0,22.0,0.0,0.0,0.2,97.5,97.5,97.5,97.5,1.0,0.0,22.0,0.0,0.0,0.2,95.0,95.0,95.0,95.0,1.0,0.0,22.0,0.0,0.0,0.2
1974,2,10.0,-34.0,20.0,20.0,22.59,21.27,3.0,2.19,10.0,1.0,0.5,0.9,18.05,18.8,19.35,18.7,3.0,0.95,10.0,1.0,0.5,0.9,7.94,8.3,8.66,8.3,2.0,0.75,16.0,1.0,0.4,0.9,62.8,63.9,65.0,63.9,2.0,2.3,16.0,1.0,0.9,3.03,3.1,6.92,4.93,3.0,3.26,10.0,1.0,0.5,0.9,-1.32,0.0,2.08,0.37,3.0,2.51,10.0,1.0,0.5,0.9,0.36,2.3,6.67,3.49,3.0,4.73,10.0,1.0,0.5,0.9,1011.87,1015.9,1017.47,1014.7,3.0,4.23,10.0,1.0,0.5,0.9,4.3,5.0,6.4,5.3,3.0,1.5,10.0,1.0,0.5,0.9,-3.9,0.0,6.5,1.2,3.0,7.7,10.0,1.0,0.5,0.9,1.0,6.9,53.9,27.0,3.0,42.4,10.0,1.0,0.5,0.9,0.65,1.2,4.54,2.57,3.0,3.09,10.0,1.0,0.5,0.9,2.0,3.7,37.4,19.3,3.0,29.2,10.0,1.0,0.5,0.9,6.51,8.14,9.76,8.14,2.0,3.37,16.0,1.0,0.4,0.9,29.5,54.7,79.8,54.7,2.0,52.1,16.0,1.0,0.4,0.9,-25.8,0.0,39.2,6.5,3.0,47.9,10.0,1.0,0.5,0.9,7.4,45.0,119.4,63.0,3.0,83.5,10.0,1.0,0.5,0.9,4.3,13.5,22.7,13.5,2.0,19.1,16.0,1.0,0.4,0.9,6.7,31.4,56.1,31.4,2.0,51.2,16.0,1.0,0.4,0.9,2.8,8.8,14.8,8.8,2.0,12.4,16.0,1.0,0.4,0.9,11.9,44.2,76.5,44.2,2.0,66.9,16.0,1.0,0.4,0.9,28.0,30.0,459.0,238.5,3.0,364.0,10.0,1.0,0.5,0.9,30.0,30.0,460.0,240.0,3.0,365.0,10.0,1.0,0.5,0.9
1974,2,10.0,-33.0,20.0,20.0,20.0,20.0,1.0,0.0,10.0,0.0,0.6,0.5,17.4,17.4,17.4,17.4,1.0,0.0,10.0,0.0,0.6,0.5,9.47,9.47,9.47,9.47,1.0,0.0,10.0,0.0,0.6,0.5,77.4,77.4,77.4,77.4,1.0,0.0,10.0,0.0,0.5,10.3,10.3,10.3,10.3,1.0,0.0,10.0,0.0,0.6,0.5,-3.52,-3.52,-3.52,-3.52,1.0,0.0,10.0,0.0,0.6,0.5,9.68,9.68,9.68,9.68,1.0,0.0,10.0,0.0,0.6,0.5,1019.3,1019.3,1019.3,1019.3,1.0,0.0,10.0,0.0,0.6,0.5,7.0,7.0,7.0,7.0,1.0,0.0,10.0,0.0,0.6,0.5,-36.3,-36.3,-36.3,-36.3,1.0,0.0,10.0,0.0,0.6,0.5,99.7,99.7,99.7,99.7,1.0,0.0,10.0,0.0,0.6,0.5,2.6,2.6,2.6,2.6,1.0,0.0,10.0,0.0,0.6,0.5,26.8,26.8,26.8,26.8,1.0,0.0,10.0,0.0,0.6,0.5,4.98,4.98,4.98,4.98,1.0,0.0,10.0,0.0,0.6,0.5,51.3,51.3,51.3,51.3,1.0,0.0,10.0,0.0,0.6,0.5,-61.3,-61.3,-61.3,-61.3,1.0,0.0,10.0,0.0,0.6,0.5,168.4,168.4,168.4,168.4,1.0,0.0,10.0,0.0,0.6,0.5,-33.4,-33.4,-33.4,-33.4,1.0,0.0,10.0,0.0,0.6,0.5,91.7,91.7,91.7,91.7,1.0,0.0,10.0,0.0,0.6,0.5,-17.5,-17.5,-17.5,-17.5,1.0,0.0,10.0,0.0,0.6,0.5,48.2,48.2,48.2,48.2,1.0,0.0,10.0,0.0,0.6,0.5,1092.5,1092.5,1092.5,1092.5,1.0,0.0,10.0,0.0,0.6,0.5,1095.0,1095.0,1095.0,1095.0,1.0,0.0,10.0,0.0,0.6,0.5
1974,2,10.0,-32.0,20.32,21.1,21.14,20.78,5.0,0.52,18.0,0.2,0.3,0.5,19.5,20.9,22.2,20.85,4.0,1.56,16.0,0.3,0.4,0.5,10.15,11.89,13.6,11.88,4.0,1.99,16.0,0.3,0.4,0.5,72.4,77.2,82.1,77.2,4.0,5.6,16.0,0.3,0.5,7.0,10.0,14.0,9.89,208.0,3.64,20.0,0.5,0.6,0.8,-9.03,3.08,8.0,0.35,208.0,7.61,20.0,0.5,0.6,0.8,1.86,5.85,10.72,5.88,208.0,4.32,20.0,0.5,0.6,0.8,1008.33,1015.2,1021.78,1015.17,134.0,5.91,20.0,0.5,0.6,0.8,5.0,8.0,8.0,6.9,116.0,1.7,22.0,0.7,0.6,0.8,-111.1,17.0,92.7,-5.9,208.0,93.7,20.0,0.5,0.6,0.8,8.5,49.0,146.4,68.1,208.0,68.4,20.0,0.5,0.6,0.8,-1.1,-0.25,1.12,0.0,4.0,1.33,16.0,0.3,0.4,0.5,-9.6,-4.0,5.9,-1.9,4.0,9.5,16.0,0.3,0.4,0.5,1.91,3.18,4.94,3.41,4.0,1.78,16.0,0.3,0.4,0.5,14.0,16.6,25.4,19.6,4.0,9.6,16.0,0.3,0.4,0.5,-124.1,-83.9,-31.9,-78.3,4.0,53.8,16.0,0.3,0.4,0.5,70.2,133.8,148.0,110.2,4.0,58.2,16.0,0.3,0.4,0.5,-76.1,-49.4,-16.6,-46.5,4.0,34.5,16.0,0.3,0.4,0.5,36.5,76.4,90.6,64.1,4.0,36.5,16.0,0.3,0.4,0.5,-10.7,-10.3,-7.8,-9.3,4.0,2.3,16.0,0.3,0.4,0.5,9.1,12.7,23.3,16.0,4.0,11.7,16.0,0.3,0.4,0.5,343.0,1000.0,2744.0,1365.5,208.0,1353.0,20.0,0.5,0.6,0.8,345.0,1000.0,2745.0,1365.0,208.0,1355.0,20.0,0.5,0.6,0.8
1974,2,10.0,-31.0,20.0,20.0,21.0,20.32,9.0,0.61,18.0,0.4,0.6,0.4,19.42,20.0,20.99,20.19,9.0,1.02,18.0,0.4,0.6,0.4,11.76,12.26,13.07,12.27,9.0,1.22,18.0,0.4,0.6,0.4,75.8,81.3,94.6,83.8,9.0,9.7,18.0,0.4,0.4,6.0,9.0,11.0,8.95,66.0,2.69,24.0,0.5,0.5,0.3,-2.95,7.0,10.23,4.91,66.0,5.66,24.0,0.5,0.5,0.3,-1.78,2.67,8.02,3.12,66.0,4.71,24.0,0.5,0.5,0.3,1010.51,1014.2,1019.89,1014.89,77.0,4.65,24.0,0.5,0.5,0.3,4.0,7.0,8.0,6.5,62.0,1.8,24.0,0.7,0.5,0.3,-17.4,60.3,113.3,48.7,66.0,58.3,24.0,0.5,0.5,0.3,-17.9,17.4,79.2,30.7,66.0,57.3,24.0,0.5,0.5,0.3,-0.54,0.0,1.02,0.13,9.0,1.13,18.0,0.4,0.6,0.4,-4.2,0.0,7.5,1.7,9.0,8.5,18.0,0.4,0.6,0.4,1.67,2.28,3.72,2.55,9.0,1.05,18.0,0.4,0.6,0.4,12.2,21.2,29.0,20.6,9.0,9.3,18.0,0.4,0.6,0.4,-109.0,-77.0,-41.8,-78.2,9.0,37.3,18.0,0.4,0.6,0.4,99.4,133.4,172.2,133.4,9.0,36.4,18.0,0.4,0.6,0.4,-66.8,-45.4,-24.0,-48.7,9.0,27.1,18.0,0.4,0.6,0.4,61.4,78.6,102.7,80.2,9.0,19.7,18.0,0.4,0.6,0.4,-14.5,-6.3,-4.5,-9.5,9.0,5.2,18.0,0.4,0.6,0.4,8.8,19.4,25.1,17.5,9.0,9.4,18.0,0.4,0.6,0.4,216.0,729.0,1331.0,905.5,66.0,728.5,24.0,0.5,0.5,0.3,215.0,730.0,1330.0,905.0,66.0,730.0,24.0,0.5,0.5,0.3
1974,2,10.0,-30.0,19.0,20.15,21.19,20.08,8.0,1.43,16.0,0.5,0.3,0.4,19.49,21.1,22.77,21.2,9.0,2.13,16.0,0.6,0.3,0.4,11.35,11.79,12.52,12.03,6.0,0.91,16.0,0.7,0.2,0.4,70.6,75.5,84.2,76.7,7.0,7.6,14.0,0.7,0.4,5.1,7.1,9.72,7.64,10.0,3.23,16.0,0.6,0.4,0.3,-4.92,-2.59,0.0,-1.6,10.0,3.66,16.0,0.6,0.4,0.3,3.53,5.31,9.51,6.21,10.0,4.02,16.0,0.6,0.4,0.3,1010.91,1013.4,1017.0,1013.69,9.0,3.07,16.0,0.6,0.3,0.4,6.0,8.0,8.0,6.7,10.0,2.5,16.0,0.6,0.4,0.3,-33.3,-16.6,0.0,-15.0,10.0,32.2,16.0,0.6,0.4,0.3,17.8,32.9,94.9,57.3,10.0,63.9,16.0,0.6,0.4,0.3,-1.5,-0.55,0.44,-0.65,8.0,1.75,16.0,0.5,0.3,0.4,-10.6,-3.3,2.3,-5.4,8.0,12.2,16.0,0.5,0.3,0.4,2.49,3.55,4.23,3.32,5.0,1.23,16.0,0.6,0.1,0.4,16.9,22.0,22.9,19.7,5.0,5.5,16.0,0.6,0.1,0.4,-89.5,-46.9,0.0,-23.1,9.0,86.2,16.0,0.6,0.3,0.4,74.7,102.0,159.9,109.0,9.0,60.5,16.0,0.6,0.3,0.4,-54.9,-29.7,19.8,-13.4,6.0,58.0,16.0,0.7,0.2,0.4,29.7,56.6,66.5,49.2,6.0,28.3,16.0,0.7,0.2,0.4,-16.3,-10.4,-2.2,-9.5,5.0,7.8,16.0,0.6,0.1,0.4,10.4,17.5,19.8,15.8,5.0,5.5,16.0,0.6,0.1,0.4,132.5,358.0,980.0,696.5,10.0,1007.5,16.0,0.6,0.4,0.3,135.0,360.0,980.0,695.0,10.0,1010.0,16.0,0.6,0.4,0.3
1974,2,10.0,-29.0,20.38,21.6,22.43,21.28,6.0,1.83,14.0,0.2,0.3,0.5,17.97,20.4,22.14,20.23,8.0,2.11,16.0,0.3,0.3,0.5,11.78,12.06,13.81,12.76,4.0,1.7,14.0,0.0,0.2,0.4,76.8,80.3,90.4,83.0,5.0,8.3,16.0,0.2,0.4,2.96,8.2,12.9,7.74,7.0,4.47,14.0,0.1,0.3,0.5,-6.45,-2.8,-1.49,-3.93,7.0,2.4,14.0,0.1,0.3,0.5,1.41,7.66,11.17,5.88,7.0,5.08,14.0,0.1,0.3,0.5,1011.19,1013.9,1017.14,1014.29,7.0,3.67,14.0,0.1,0.3,0.5,4.8,6.0,7.0,5.6,7.0,2.6,14.0,0.3,0.3,0.5,-83.2,-23.0,-4.4,-39.1,7.0,36.5,14.0,0.1,0.3,0.5,2.8,63.2,144.1,63.7,7.0,62.6,14.0,0.1,0.3,0.5,-0.41,0.2,1.72,0.37,6.0,1.46,14.0,0.2,0.3,0.5,-0.9,2.3,16.3,7.0,6.0,11.9,14.0,0.2,0.3,0.5,2.96,3.95,4.75,3.86,4.0,1.1,14.0,0.0,0.2,0.4,21.8,33.5,54.8,38.1,4.0,20.5,14.0,0.0,0.2,0.4,-129.2,-60.9,-30.9,-79.3,7.0,45.5,14.0,0.1,0.3,0.5,32.8,136.4,223.9,120.6,7.0,101.8,14.0,0.1,0.3,0.5,-76.1,-58.9,-36.7,-56.5,4.0,23.1,14.0,0.0,0.2,0.4,84.3,123.8,131.7,108.7,4.0,37.2,14.0,0.0,0.2,0.4,-27.4,-16.8,-9.2,-18.2,4.0,11.3,14.0,0.0,0.2,0.4,19.7,29.0,47.5,33.4,4.0,17.4,14.0,0.0,0.2,0.4,26.0,551.5,2146.5,859.0,7.0,946.5,14.0,0.1,0.3,0.5,25.0,550.0,2145.0,860.0,7.0,945.0,14.0,0.1,0.3,0.5
1974,2,10.0,-28.0,20.0,21.0,21.73,20.78,9.0,1.2,14.0,0.7,0.7,0.9,20.96,21.3,22.21,21.57,11.0,1.04,14.0,0.6,0.6,0.9,12.5,13.29,13.4,12.99,7.0,0.79,14.0,0.6,0.6,0.8,77.8,82.0,83.4,79.8,7.0,8.5,14.0,0.6,0.8,3.39,5.1,11.59,6.74,11.0,3.93,14.0,0.6,0.6,0.9,-6.21,-1.55,0.74,-2.1,11.0,4.0,14.0,0.6,0.6,0.9,0.86,4.1,9.02,4.83,11.0,4.34,14.0,0.6,0.6,0.9,1009.79,1011.8,1015.68,1012.48,11.0,2.83,14.0,0.6,0.6,0.9,4.9,7.0,8.0,6.1,10.0,2.5,14.0,0.6,0.7,0.9,-77.2,-4.8,2.7,-25.6,11.0,41.6,14.0,0.6,0.6,0.9,3.2,18.3,99.7,46.0,11.0,53.2,14.0,0.6,0.6,0.9,-1.52,-0.8,-0.03,-0.93,9.0,1.14,14.0,0.7,0.7,0.9,-13.3,-4.1,-0.1,-5.6,9.0,6.3,14.0,0.7,0.7,0.9,1.04,1.76,2.93,2.19,6.0,1.94,14.0,0.7,0.6,0.9,6.2,9.4,24.3,12.7,6.0,9.5,14.0,0.7,0.6,0.9,-127.1,-32.5,15.8,-44.6,11.0,85.1,14.0,0.6,0.6,0.9,17.9,98.4,188.0,103.8,11.0,90.7,14.0,0.6,0.6,0.9,-64.4,-19.9,24.7,-19.7,7.0,58.8,14.0,0.6,0.6,0.8,31.7,47.3,97.0,50.5,7.0,43.5,14.0,0.6,0.6,0.8,-8.4,-0.4,4.4,-2.4,6.0,9.1,14.0,0.7,0.6,0.9,0.5,8.1,17.4,9.2,6.0,9.8,14.0,0.7,0.6,0.9,39.5,132.5,1560.5,615.5,11.0,803.5,14.0,0.6,0.6,0.9,40.0,135.0,1560.0,615.0,11.0,805.0,14.0,0.6,0.6,0.9
1974,2,10.0,-27.0,19.73,21.0,22.0,20.87,27.0,1.01,14.0,0.6,0.6,0.8,20.06,21.15,22.7,21.27,30.0,1.26,14.0,0.5,0.6,0.8,10.02,12.36,13.6,12.11,20.0,1.4,12.0,0.6,0.6,0.8,68.8,78.6,86.0,77.6,20.0,9.1,12.0,0.6,0.8,6.66,9.3,10.36,9.08,32.0,2.74,14.0,0.5,0.6,0.8,-6.66,-4.65,-2.21,-4.24,32.0,3.28,14.0,0.5,0.6,0.8,5.26,7.61,8.96,7.48,32.0,2.32,14.0,0.5,0.6,0.8,1010.98,1013.3,1015.17,1013.06,31.0,2.41,14.0,0.5,0.6,0.8,3.0,7.0,8.0,5.9,31.0,2.2,14.0,0.5,0.6,0.8,-66.4,-42.2,-14.3,-42.8,32.0,42.2,14.0,0.5,0.6,0.8,38.9,64.2,95.0,73.5,32.0,42.3,14.0,0.5,0.6,0.8,-1.35,-0.4,0.56,-0.3,27.0,1.39,14.0,0.6,0.6,0.8,-10.5,-3.7,4.4,-3.0,27.0,13.0,14.0,0.6,0.6,0.8,1.78,3.31,4.41,3.25,20.0,1.16,12.0,0.6,0.6,0.8,15.1,28.4,37.2,29.9,20.0,16.5,12.0,0.6,0.6,0.8,-148.4,-101.2,-41.3,-90.6,30.0,72.8,14.0,0.5,0.6,0.8,111.8,157.4,204.9,160.4,30.0,53.7,14.0,0.5,0.6,0.8,-72.0,-56.0,-29.0,-44.4,20.0,40.7,12.0,0.6,0.6,0.8,67.1,83.0,107.0,87.9,20.0,21.3,12.0,0.6,0.6,0.8,-18.6,-10.7,-5.4,-12.4,20.0,14.1,12.0,0.6,0.6,0.8,13.1,22.4,34.5,25.0,20.0,13.9,12.0,0.6,0.6,0.8,295.5,804.5,1112.0,948.5,32.0,855.5,14.0,0.5,0.6,0.8,295.0,805.0,1110.0,950.0,32.0,855.0,14.0,0.5,0.6,0.8
1974,2,10.0,-26.0,20.0,21.0,22.0,20.96,112.0,1.0,14.0,0.5,0.5,0.6,20.09,21.0,22.01,21.09,114.0,1.1,14.0,0.5,0.5,0.6,11.02,12.39,13.45,12.38,92.0,1.26,14.0,0.5,0.5,0.6,72.6,79.9,88.9,80.1,95.0,8.2,14.0,0.5,0.6,4.6,7.7,10.3,7.71,116.0,2.98,14.0,0.5,0.5,0.6,-5.98,-2.83,-0.91,-3.07,116.0,2.29,14.0,0.5,0.5,0.6,4.32,6.67,9.43,6.83,116.0,2.64,14.0,0.5,0.5,0.6,1010.5,1012.9,1015.0,1012.85,115.0,2.16,14.0,0.5,0.5,0.6,3.0,7.0,8.0,5.8,115.0,2.6,14.0,0.5,0.5,0.6,-59.3,-20.3,-4.5,-28.3,116.0,27.9,14.0,0.5,0.5,0.6,19.9,50.0,94.1,60.2,116.0,44.4,14.0,0.5,0.5,0.6,-1.32,-0.2,1.0,-0.15,107.0,1.36,14.0,0.5,0.5,0.6,-9.8,-1.0,8.2,-0.9,104.0,10.3,14.0,0.5,0.5,0.6,1.83,2.73,4.4,3.02,89.0,1.32,14.0,0.5,0.5,0.6,9.5,20.3,37.6,23.5,87.0,14.8,14.0,0.5,0.5,0.6,-119.4,-60.4,-20.3,-64.3,111.0,47.9,14.0,0.5,0.5,0.6,93.6,143.9,196.5,145.4,111.0,53.8,14.0,0.5,0.5,0.6,-63.3,-32.4,-10.4,-34.9,90.0,26.6,14.0,0.5,0.5,0.6,54.8,81.2,111.1,82.5,90.0,29.5,14.0,0.5,0.5,0.6,-16.9,-6.2,-2.2,-9.6,87.0,9.5,14.0,0.5,0.5,0.6,8.4,18.6,33.3,20.8,87.0,12.6,14.0,0.5,0.5,0.6,97.5,456.5,1092.5,670.5,116.0,726.0,14.0,0.5,0.5,0.6,95.0,455.0,1095.0,670.0,116.0,725.0,14.0,0.5,0.5,0.6
1974,2,10.0,-25.0,20.3,21.0,22.0,21.11,54.0,0.87,14.0,0.6,0.3,0.3,20.4,21.0,22.2,21.22,55.0,0.97,14.0,0.6,0.3,0.3,11.7,12.64,13.7,12.65,54.0,1.18,14.0,0.6,0.3,0.3,72.4,82.2,87.3,80.9,54.0,7.7,14.0,0.6,0.3,5.0,7.7,9.8,7.62,59.0,2.66,14.0,0.6,0.3,0.3,-6.62,-3.35,0.0,-3.19,59.0,2.85,14.0,0.6,0.3,0.3,4.35,6.6,8.08,6.42,59.0,2.37,14.0,0.6,0.3,0.3,1010.7,1012.2,1014.0,1012.27,58.0,1.9,14.0,0.6,0.3,0.3,5.0,7.0,8.0,6.3,58.0,1.7,14.0,0.6,0.3,0.4,-66.3,-22.4,0.0,-29.3,59.0,30.0,14.0,0.6,0.3,0.3,21.0,49.0,81.3,54.2,59.0,37.2,14.0,0.6,0.3,0.3,-1.24,0.0,0.66,-0.11,54.0,1.27,14.0,0.6,0.3,0.3,-9.7,0.0,6.4,-1.3,54.0,10.5,14.0,0.6,0.3,0.3,1.9,2.97,4.26,2.97,53.0,1.03,14.0,0.6,0.3,0.3,11.9,21.9,35.5,23.7,53.0,13.8,14.0,0.6,0.3,0.3,-139.6,-74.7,-9.9,-73.2,55.0,57.5,14.0,0.6,0.3,0.3,99.1,141.9,176.7,139.7,55.0,50.5,14.0,0.6,0.3,0.3,-76.0,-41.2,-4.6,-42.3,54.0,33.8,14.0,0.6,0.3,0.3,62.5,84.1,103.8,81.0,54.0,25.7,14.0,0.6,0.3,0.3,-21.4,-9.4,-0.2,-10.8,53.0,10.3,14.0,0.6,0.3,0.3,9.3,18.8,29.0,19.8,53.0,11.8,14.0,0.6,0.3,0.3,125.0,456.5,941.0,602.5,59.0,631.0,14.0,0.6,0.3,0.3,125.0,455.0,940.0,600.0,59.0,630.0,14.0,0.6,0.3,0.3
1974,2,10.0,-24.0,22.1,22.1,22.1,22.1,1.0,0.0,8.0,1.0,0.0,0.3,20.5,20.5,20.5,20.5,1.0,0.0,8.0,1.0,0.0,0.3,10.12,10.12,10.12,10.12,1.0,0.0,8.0,1.0,0.0,0.3,67.6,67.6,67.6,67.6,1.0,0.0,8.0,1.0,0.3,5.57,8.95,12.33,8.95,2.0,7.0,6.0,0.5,0.3,0.3,-6.16,-4.47,-2.79,-4.47,2.0,3.5,6.0,0.5,0.3,0.3,4.82,7.75,10.68,7.75,2.0,6.06,6.0,0.5,0.3,0.3,1012.64,1013.6,1014.56,1013.6,2.0,1.98,6.0,0.5,0.3,0.3,1.8,3.5,5.2,3.5,2.0,3.5,6.0,0.5,0.3,0.3,-82.5,-52.3,-22.1,-52.3,2.0,62.7,6.0,0.5,0.3,0.3,38.2,90.6,143.0,90.6,2.0,108.5,6.0,0.5,0.3,0.3,1.6,1.6,1.6,1.6,1.0,0.0,8.0,1.0,0.0,0.3,22.2,22.2,22.2,22.2,1.0,0.0,8.0,1.0,0.0,0.3,6.47,6.47,6.47,6.47,1.0,0.0,8.0,1.0,0.0,0.3,89.9,89.9,89.9,89.9,1.0,0.0,8.0,1.0,0.0,0.3,-142.5,-142.5,-142.5,-142.5,1.0,0.0,8.0,1.0,0.0,0.3,246.8,246.8,246.8,246.8,1.0,0.0,8.0,1.0,0.0,0.3,-70.3,-70.3,-70.3,-70.3,1.0,0.0,8.0,1.0,0.0,0.3,121.8,121.8,121.8,121.8,1.0,0.0,8.0,1.0,0.0,0.3,-44.9,-44.9,-44.9,-44.9,1.0,0.0,8.0,1.0,0.0,0.3,77.8,77.8,77.8,77.8,1.0,0.0,8.0,1.0,0.0,0.3,480.0,1375.0,2269.5,1375.0,2.0,1854.0,6.0,0.5,0.3,0.3,480.0,1375.0,2270.0,1375.0,2.0,1855.0,6.0,0.5,0.3,0.3
1974,2,10.0,-21.0,19.6,20.9,22.2,20.9,2.0,2.69,18.0,0.0,0.8,0.8,20.11,20.35,20.59,20.35,2.0,0.49,18.0,0.0,0.8,0.8,12.68,12.75,12.82,12.75,2.0,0.15,18.0,0.0,0.8,0.8,84.9,85.6,86.3,85.6,2.0,1.5,18.0,0.0,0.8,5.35,5.9,6.45,5.9,2.0,1.13,18.0,0.0,0.8,0.8,-3.72,-2.21,-0.7,-2.21,2.0,3.12,18.0,0.0,0.8,0.8,3.21,4.63,6.04,4.63,2.0,2.93,18.0,0.0,0.8,0.8,1008.37,1009.15,1009.94,1009.15,2.0,1.63,18.0,0.0,0.8,0.8,7.2,7.5,7.8,7.5,2.0,0.7,18.0,0.0,0.8,0.8,-19.0,-11.3,-3.6,-11.3,2.0,15.9,18.0,0.0,0.8,0.8,18.1,28.9,39.8,28.9,2.0,22.5,18.0,0.0,0.8,0.8,-0.51,0.55,1.61,0.55,2.0,2.19,18.0,0.0,0.8,0.8,-3.9,2.0,7.9,2.0,2.0,12.3,18.0,0.0,0.8,0.8,1.62,2.79,3.95,2.79,2.0,2.41,18.0,0.0,0.8,0.8,9.7,15.1,20.4,15.1,2.0,11.0,18.0,0.0,0.8,0.8,-76.9,-45.7,-14.5,-45.7,2.0,64.6,18.0,0.0,0.8,0.8,65.7,93.4,121.1,93.4,2.0,57.4,18.0,0.0,0.8,0.8,-47.8,-28.4,-9.0,-28.4,2.0,40.2,18.0,0.0,0.8,0.8,41.0,58.7,76.5,58.7,2.0,36.7,18.0,0.0,0.8,0.8,-16.7,-9.9,-3.1,-9.9,2.0,14.0,18.0,0.0,0.8,0.8,7.9,9.4,10.8,9.4,2.0,3.0,18.0,0.0,0.8,0.8,159.5,216.5,274.0,216.5,2.0,119.0,18.0,0.0,0.8,0.8,160.0,215.0,275.0,215.0,2.0,120.0,18.0,0.0,0.8,0.8
1974,2,10.0,-20.0,21.66,21.95,23.21,22.3,6.0,1.03,16.0,0.3,0.4,0.7,21.2,21.95,24.41,22.72,6.0,1.91,16.0,0.3,0.4,0.7,12.59,13.67,14.46,13.53,3.0,1.37,14.0,0.3,0.4,0.7,78.6,82.1,88.7,83.6,3.0,7.5,14.0,0.3,0.7,0.0,3.55,11.0,4.85,6.0,5.12,16.0,0.3,0.4,0.7,-2.16,-0.64,0.78,-0.5,6.0,2.51,16.0,0.3,0.4,0.7,0.0,3.16,10.34,4.5,6.0,4.85,16.0,0.3,0.4,0.7,1011.61,1012.75,1014.89,1013.18,6.0,3.5,16.0,0.3,0.4,0.7,7.0,8.0,8.0,7.6,5.0,0.5,14.0,0.4,0.4,0.7,-15.6,-1.3,8.5,-1.9,6.0,26.4,16.0,0.3,0.4,0.7,0.0,13.8,113.7,42.5,6.0,55.9,16.0,0.3,0.4,0.7,-0.78,-0.05,0.28,-0.42,6.0,1.3,16.0,0.3,0.4,0.7,-7.2,0.0,0.2,-5.4,6.0,13.5,16.0,0.3,0.4,0.7,1.95,2.81,3.32,2.64,3.0,1.02,14.0,0.3,0.4,0.7,0.0,0.0,12.4,6.1,3.0,10.5,14.0,0.3,0.4,0.7,-48.0,-13.6,20.2,-9.5,6.0,62.1,16.0,0.3,0.4,0.7,0.0,67.0,252.3,108.5,6.0,122.1,16.0,0.3,0.4,0.7,-14.4,0.0,0.0,-7.0,3.0,12.2,14.0,0.3,0.4,0.7,0.0,0.0,39.5,19.3,3.0,33.4,14.0,0.3,0.4,0.7,-4.2,0.0,0.0,-2.1,3.0,3.6,14.0,0.3,0.4,0.7,0.0,0.0,11.6,5.7,3.0,9.9,14.0,0.3,0.4,0.7,0.0,70.5,1331.0,467.0,6.0,671.0,16.0,0.3,0.4,0.7,0.0,70.0,1330.0,465.0,6.0,670.0,16.0,0.3,0.4,0.7
1974,2,10.0,-19.0,19.83,22.7,24.27,22.07,3.0,3.3,22.0,0.3,0.3,0.8,21.85,22.6,22.87,22.37,3.0,0.78,22.0,0.3,0.3,0.8,16.19,16.19,16.19,16.19,1.0,0.0,14.0,0.0,0.4,0.3,94.7,94.7,94.7,94.7,1.0,0.0,14.0,0.0,0.3,4.14,5.3,6.46,5.3,2.0,2.4,20.0,0.5,0.4,0.7,0.1,0.31,0.53,0.31,2.0,0.44,20.0,0.5,0.4,0.7,4.09,5.27,6.45,5.27,2.0,2.44,20.0,0.5,0.4,0.7,1009.18,1011.3,1012.67,1010.93,3.0,2.57,22.0,0.3,0.3,0.8,7.2,7.5,7.8,7.5,2.0,0.7,20.0,0.5,0.4,0.7,0.4,1.1,1.9,1.1,2.0,1.6,20.0,0.5,0.4,0.7,18.5,30.9,43.2,30.9,2.0,25.6,20.0,0.5,0.4,0.7,-3.04,0.1,2.42,-0.3,3.0,4.01,22.0,0.3,0.3,0.8,4.2,12.4,20.7,12.4,2.0,17.1,20.0,0.5,0.4,0.7,1.03,1.03,1.03,1.03,1.0,0.0,14.0,0.0,0.4,0.3,3.7,3.7,3.7,3.7,1.0,0.0,14.0,0.0,0.4,0.3,2.2,7.1,11.9,7.1,2.0,10.0,20.0,0.5,0.4,0.7,91.3,115.3,139.3,115.3,2.0,49.8,20.0,0.5,0.4,0.7,10.1,10.1,10.1,10.1,1.0,0.0,14.0,0.0,0.4,0.3,57.4,57.4,57.4,57.4,1.0,0.0,14.0,0.0,0.4,0.3,0.6,0.6,0.6,0.6,1.0,0.0,14.0,0.0,0.4,0.3,3.6,3.6,3.6,3.6,1.0,0.0,14.0,0.0,0.4,0.3,93.5,195.0,296.0,195.0,2.0,209.5,20.0,0.5,0.4,0.7,95.0,195.0,295.0,195.0,2.0,210.0,20.0,0.5,0.4,0.7
1974,2,10.0,-18.0,20.14,21.0,25.12,21.69,7.0,2.94,10.0,0.4,0.6,0.4,20.17,21.2,23.71,21.66,7.0,1.65,10.0,0.4,0.6,0.4,13.91,14.15,14.39,14.15,2.0,0.5,12.0,0.5,0.8,0.8,89.5,93.0,96.5,93.0,2.0,7.3,12.0,0.5,0.8,0.0,3.1,7.24,4.17,7.0,4.29,10.0,0.4,0.6,0.4,-3.53,0.0,0.02,-1.16,7.0,1.85,10.0,0.4,0.6,0.4,0.0,3.1,6.31,3.92,7.0,3.97,10.0,0.4,0.6,0.4,1009.46,1009.7,1010.46,1010.12,6.0,1.23,12.0,0.5,0.6,0.4,6.4,8.0,8.0,7.2,6.0,1.6,8.0,0.3,0.7,0.5,-25.7,0.0,0.0,-11.0,7.0,19.1,10.0,0.4,0.6,0.4,0.0,9.6,46.9,30.9,7.0,48.6,10.0,0.4,0.6,0.4,-2.65,0.0,1.59,0.03,7.0,2.95,10.0,0.4,0.6,0.4,-8.2,0.0,2.3,-3.6,7.0,13.3,10.0,0.4,0.6,0.4,3.09,4.3,5.51,4.3,2.0,2.51,12.0,0.5,0.8,0.8,8.6,10.3,12.0,10.3,2.0,3.5,12.0,0.5,0.8,0.8,-77.2,0.0,0.4,-24.0,7.0,38.2,10.0,0.4,0.6,0.4,0.0,65.7,137.6,80.8,7.0,79.3,10.0,0.4,0.6,0.4,0.8,2.6,4.4,2.6,2.0,3.7,12.0,0.5,0.8,0.8,32.0,36.4,40.7,36.4,2.0,9.0,12.0,0.5,0.8,0.8,0.4,1.1,1.9,1.1,2.0,1.6,12.0,0.5,0.8,0.8,8.6,10.2,11.8,10.2,2.0,3.3,12.0,0.5,0.8,0.8,0.0,30.0,409.0,319.5,7.0,633.5,10.0,0.4,0.6,0.4,0.0,30.0,410.0,320.0,7.0,635.0,10.0,0.4,0.6,0.4
1974,2,10.0,-16.0,27.6,27.6,27.6,27.6,1.0,0.0,12.0,1.0,0.5,0.2,23.6,23.6,23.6,23.6,1.0,0.0,12.0,1.0,0.5,0.2,14.49,14.49,14.49,14.49,1.0,0.0,12.0,1.0,0.5,0.2,79.7,79.7,79.7,79.7,1.0,0.0,12.0,1.0,0.2,3.1,3.1,3.1,3.1,1.0,0.0,12.0,1.0,0.5,0.2,-0.54,-0.54,-0.54,-0.54,1.0,0.0,12.0,1.0,0.5,0.2,3.05,3.05,3.05,3.05,1.0,0.0,12.0,1.0,0.5,0.2,1010.2,1010.2,1010.2,1010.2,1.0,0.0,12.0,1.0,0.5,0.2,8.0,8.0,8.0,8.0,1.0,0.0,12.0,1.0,0.5,0.2,-1.7,-1.7,-1.7,-1.7,1.0,0.0,12.0,1.0,0.5,0.2,9.5,9.5,9.5,9.5,1.0,0.0,12.0,1.0,0.5,0.2,4.0,4.0,4.0,4.0,1.0,0.0,12.0,1.0,0.5,0.2,12.4,12.4,12.4,12.4,1.0,0.0,12.0,1.0,0.5,0.2,8.68,8.68,8.68,8.68,1.0,0.0,12.0,1.0,0.5,0.2,26.9,26.9,26.9,26.9,1.0,0.0,12.0,1.0,0.5,0.2,-12.7,-12.7,-12.7,-12.7,1.0,0.0,12.0,1.0,0.5,0.2,72.0,72.0,72.0,72.0,1.0,0.0,12.0,1.0,0.5,0.2,-7.8,-7.8,-7.8,-7.8,1.0,0.0,12.0,1.0,0.5,0.2,44.2,44.2,44.2,44.2,1.0,0.0,12.0,1.0,0.5,0.2,-4.7,-4.7,-4.7,-4.7,1.0,0.0,12.0,1.0,0.5,0.2,26.5,26.5,26.5,26.5,1.0,0.0,12.0,1.0,0.5,0.2,30.0,30.0,30.0,30.0,1.0,0.0,12.0,1.0,0.5,0.2,30.0,30.0,30.0,30.0,1.0,0.0,12.0,1.0,0.5,0.2
1974,2,10.0,-15.0,25.5,25.5,25.5,25.5,1.0,0.0,26.0,1.0,0.0,0.8,23.5,23.5,23.5,23.5,1.0,0.0,26.0,1.0,0.0,0.8,15.16,15.16,15.16,15.16,1.0,0.0,26.0,1.0,0.0,0.8,84.3,84.3,84.3,84.3,1.0,0.0,26.0,1.0,0.8,2.6,2.6,2.6,2.6,1.0,0.0,26.0,1.0,0.0,0.8,-1.3,-1.3,-1.3,-1.3,1.0,0.0,26.0,1.0,0.0,0.8,2.25,2.25,2.25,2.25,1.0,0.0,26.0,1.0,0.0,0.8,1015.0,1015.0,1015.0,1015.0,1.0,0.0,26.0,1.0,0.0,0.8,8.0,8.0,8.0,8.0,1.0,0.0,26.0,1.0,0.0,0.8,-3.4,-3.4,-3.4,-3.4,1.0,0.0,26.0,1.0,0.0,0.8,5.9,5.9,5.9,5.9,1.0,0.0,26.0,1.0,0.0,0.8,2.0,2.0,2.0,2.0,1.0,0.0,26.0,1.0,0.0,0.8,5.2,5.2,5.2,5.2,1.0,0.0,26.0,1.0,0.0,0.8,5.18,5.18,5.18,5.18,1.0,0.0,26.0,1.0,0.0,0.8,13.5,13.5,13.5,13.5,1.0,0.0,26.0,1.0,0.0,0.8,-30.5,-30.5,-30.5,-30.5,1.0,0.0,26.0,1.0,0.0,0.8,52.9,52.9,52.9,52.9,1.0,0.0,26.0,1.0,0.0,0.8,-19.7,-19.7,-19.7,-19.7,1.0,0.0,26.0,1.0,0.0,0.8,34.1,34.1,34.1,34.1,1.0,0.0,26.0,1.0,0.0,0.8,-6.7,-6.7,-6.7,-6.7,1.0,0.0,26.0,1.0,0.0,0.8,11.7,11.7,11.7,11.7,1.0,0.0,26.0,1.0,0.0,0.8,17.5,17.5,17.5,17.5,1.0,0.0,26.0,1.0,0.0,0.8,20.0,20.0,20.0,20.0,1.0,0.0,26.0,1.0,0.0,0.8
1974,2,10.0,-11.0,26.43,26.7,26.97,26.7,2.0,0.57,8.0,1.0,0.4,0.9,25.5,25.5,25.5,25.5,2.0,0.0,8.0,1.0,0.4,0.9,15.68,15.94,16.2,15.94,2.0,0.54,8.0,1.0,0.4,0.9,76.8,78.1,79.4,78.1,2.0,2.7,8.0,1.0,0.9,2.34,2.85,3.36,2.85,2.0,1.06,8.0,1.0,0.4,0.9,-0.7,-0.67,-0.64,-0.67,2.0,0.07,8.0,1.0,0.4,0.9,2.22,2.76,3.3,2.76,2.0,1.11,8.0,1.0,0.4,0.9,1007.79,1008.4,1009.01,1008.4,2.0,1.27,8.0,1.0,0.4,0.9,6.2,6.5,6.8,6.5,2.0,0.7,8.0,1.0,0.4,0.9,-2.1,-1.9,-1.6,-1.9,2.0,0.5,8.0,1.0,0.4,0.9,5.5,8.5,11.4,8.5,2.0,6.1,8.0,1.0,0.4,0.9,0.93,1.2,1.47,1.2,2.0,0.57,8.0,1.0,0.4,0.9,2.3,3.7,5.1,3.7,2.0,2.9,8.0,1.0,0.4,0.9,5.98,6.06,6.15,6.06,2.0,0.18,8.0,1.0,0.4,0.9,14.0,17.4,20.7,17.4,2.0,6.9,8.0,1.0,0.4,0.9,-17.9,-17.1,-16.3,-17.1,2.0,1.7,8.0,1.0,0.4,0.9,56.7,70.4,84.0,70.4,2.0,28.3,8.0,1.0,0.4,0.9,-11.0,-10.7,-10.4,-10.7,2.0,0.7,8.0,1.0,0.4,0.9,35.0,44.3,53.6,44.3,2.0,19.2,8.0,1.0,0.4,0.9,-4.2,-4.1,-3.9,-4.1,2.0,0.3,8.0,1.0,0.4,0.9,13.3,16.8,20.3,16.8,2.0,7.2,8.0,1.0,0.4,0.9,15.0,28.0,40.5,28.0,2.0,26.5,8.0,1.0,0.4,0.9,15.0,30.0,40.0,30.0,2.0,25.0,8.0,1.0,0.4,0.9
1974,2,10.0,-10.0,27.74,28.25,28.76,28.25,2.0,1.06,20.0,0.5,0.3,0.4,26.58,26.75,26.92,26.75,2.0,0.35,20.0,0.5,0.3,0.4,17.35,18.01,18.68,18.01,2.0,1.38,20.0,0.5,0.3,0.4,79.7,81.9,84.2,81.9,2.0,4.6,20.0,0.5,0.4,4.68,4.85,5.02,4.85,2.0,0.35,20.0,0.5,0.3,0.4,-1.32,-0.79,-0.25,-0.79,2.0,1.11,20.0,0.5,0.3,0.4,4.45,4.71,4.98,4.71,2.0,0.55,20.0,0.5,0.3,0.4,1009.77,1010.35,1010.93,1010.35,2.0,1.2,20.0,0.5,0.3,0.4,1.8,3.5,5.2,3.5,2.0,3.5,20.0,0.5,0.3,0.4,-6.1,-3.6,-1.1,-3.6,2.0,5.1,20.0,0.5,0.3,0.4,20.9,22.9,25.0,22.9,2.0,4.3,20.0,0.5,0.3,0.4,0.82,1.5,2.18,1.5,2.0,1.41,20.0,0.5,0.3,0.4,4.0,7.0,10.1,7.0,2.0,6.3,20.0,0.5,0.3,0.4,4.68,6.09,7.5,6.09,2.0,2.92,20.0,0.5,0.3,0.4,23.2,29.0,34.8,29.0,2.0,12.0,20.0,0.5,0.3,0.4,-35.1,-20.8,-6.6,-20.8,2.0,29.5,20.0,0.5,0.3,0.4,118.2,126.1,134.0,126.1,2.0,16.4,20.0,0.5,0.3,0.4,-22.6,-13.4,-4.3,-13.4,2.0,19.0,20.0,0.5,0.3,0.4,77.3,85.3,93.2,85.3,2.0,16.4,20.0,0.5,0.3,0.4,-10.8,-6.4,-2.0,-6.4,2.0,9.1,20.0,0.5,0.3,0.4,22.9,27.9,32.9,27.9,2.0,10.4,20.0,0.5,0.3,0.4,103.0,115.0,127.0,115.0,2.0,25.0,20.0,0.5,0.3,0.4,105.0,115.0,125.0,115.0,2.0,25.0,20.0,0.5,0.3,0.4
1974,2,10.0,-7.0,,,,,,,,,,,,,,,,,,,,,,,,,,,,,,,,,,,,,,,,4.6,4.6,4.6,4.6,1.0,0.0,24.0,1.0,0.9,0.4,-1.57,-1.57,-1.57,-1.57,1.0,0.0,24.0,1.0,0.9,0.4,4.32,4.32,4.32,4.32,1.0,0.0,24.0,1.0,0.9,0.4,1008.8,1008.8,1008.8,1008.8,1.0,0.0,24.0,1.0,0.9,0.4,,,,,,,,,,,,,,,,,,,,,,,,,,,,,,,,,,,,,,,,,,,,,,,,,,,,,,,,,,,,,,,,,,,,,,,,,,,,,,,,,,,,,,,,,,,,,,,,,,,,,,,,,,,,,,,,,,,,,,,,,,,,,,,,,,,,,,,,,,,,,,,,,,,,,,
1974,2,10.0,-5.0,,,,,,,,,,,,,,,,,,,,,,,,,,,,,,,,,,,,,,,,1.32,2.0,3.37,2.33,3.0,1.53,12.0,0.7,0.5,0.7,-3.33,-1.88,-1.24,-2.27,3.0,1.57,12.0,0.7,0.5,0.7,0.11,0.34,0.58,0.34,3.0,0.34,12.0,0.7,0.5,0.7,1010.13,1013.4,1015.52,1012.85,4.0,3.31,12.0,1.0,0.4,0.7,,,,,,,,,,,,,,,,,,,,,,,,,,,,,,,,,,,,,,,,,,,,,,,,,,,,,,,,,,,,,,,,,,,,,,,,,,,,,,,,,,,,,,,,,,,,,,,,,,,,,,,,,,,,,,,,,,,,,,,,,,,,,,,,,,,,,,,,,,,,,,,,,,,,,,
1974,2,10.0,-4.0,26.8,28.1,28.87,27.88,5.0,1.29,12.0,0.4,0.4,0.3,25.35,26.8,28.48,27.0,5.0,1.95,14.0,0.2,0.3,0.3,19.56,19.56,19.56,19.56,1.0,0.0,8.0,1.0,0.6,0.2,88.3,88.3,88.3,88.3,1.0,0.0,8.0,1.0,0.2,1.27,2.1,4.75,2.74,5.0,2.06,12.0,0.4,0.3,0.4,-1.26,0.0,1.62,0.26,5.0,2.2,12.0,0.4,0.3,0.4,-1.41,0.0,2.9,0.58,5.0,2.88,12.0,0.4,0.3,0.4,1006.7,1008.65,1009.82,1008.28,4.0,2.02,14.0,0.5,0.4,0.3,3.8,5.5,8.0,5.7,6.0,2.3,12.0,0.3,0.3,0.4,-3.9,0.0,7.4,2.4,5.0,9.6,12.0,0.4,0.3,0.4,-6.4,0.0,10.1,1.6,5.0,13.2,12.0,0.4,0.3,0.4,-0.13,1.95,3.71,1.8,4.0,2.26,14.0,0.3,0.4,0.3,-0.7,1.0,14.0,6.5,3.0,11.7,12.0,0.3,0.4,0.3,1.72,1.72,1.72,1.72,1.0,0.0,8.0,1.0,0.6,0.2,3.6,3.6,3.6,3.6,1.0,0.0,8.0,1.0,0.6,0.2,-29.0,4.8,55.7,13.0,4.0,63.3,12.0,0.3,0.3,0.4,-47.6,-4.9,28.5,-9.3,4.0,56.0,12.0,0.3,0.3,0.4,-40.5,-40.5,-40.5,-40.5,1.0,0.0,8.0,1.0,0.6,0.2,-7.1,-7.1,-7.1,-7.1,1.0,0.0,8.0,1.0,0.6,0.2,-3.6,-3.6,-3.6,-3.6,1.0,0.0,8.0,1.0,0.6,0.2,-0.6,-0.6,-0.6,-0.6,1.0,0.0,8.0,1.0,0.6,0.2,5.0,9.5,107.5,48.0,5.0,58.5,12.0,0.4,0.3,0.4,5.0,10.0,105.0,50.0,5.0,60.0,12.0,0.4,0.3,0.4
1974,2,10.0,36.0,14.19,14.6,14.68,14.43,6.0,0.54,8.0,0.3,0.6,0.4,12.74,14.5,14.96,13.78,6.0,1.86,8.0,0.3,0.6,0.4,7.17,8.02,8.24,7.72,4.0,0.85,8.0,0.3,0.8,0.4,77.2,80.4,83.6,80.4,4.0,3.7,8.0,0.3,0.4,6.16,7.6,9.21,7.73,6.0,1.58,8.0,0.3,0.6,0.4,-2.64,2.57,5.93,1.72,6.0,4.96,8.0,0.3,0.6,0.4,1.95,5.13,8.74,5.04,6.0,3.95,8.0,0.3,0.6,0.4,1013.84,1017.2,1018.66,1016.8,6.0,4.13,8.0,0.3,0.6,0.4,3.2,5.5,6.0,4.5,6.0,2.3,8.0,0.3,0.6,0.4,-21.6,20.0,43.9,14.1,6.0,36.5,8.0,0.3,0.6,0.4,16.0,33.6,80.7,42.8,6.0,38.1,8.0,0.3,0.6,0.4,-0.22,0.1,1.45,0.65,6.0,1.34,8.0,0.3,0.6,0.4,-1.5,1.1,10.2,5.1,6.0,10.5,8.0,0.3,0.6,0.4,2.02,2.25,2.72,2.37,4.0,0.51,8.0,0.3,0.8,0.4,15.8,19.9,22.9,19.4,4.0,4.9,8.0,0.3,0.8,0.4,-36.6,37.9,78.2,21.6,6.0,63.9,8.0,0.3,0.6,0.4,19.2,77.2,127.7,72.2,6.0,58.4,8.0,0.3,0.6,0.4,0.3,20.5,37.1,18.8,4.0,26.1,8.0,0.3,0.8,0.4,31.0,56.4,75.1,53.2,4.0,28.1,8.0,0.3,0.8,0.4,0.4,5.8,15.5,7.9,4.0,11.1,8.0,0.3,0.8,0.4,10.2,15.4,19.2,14.7,4.0,5.4,8.0,0.3,0.8,0.4,233.5,442.5,785.0,511.5,6.0,305.5,8.0,0.3,0.6,0.4,235.0,445.0,785.0,510.0,6.0,305.0,8.0,0.3,0.6,0.4
1974,2,10.0,37.0,14.0,15.0,16.0,14.91,115.0,1.3,14.0,0.3,0.4,0.4,12.0,14.0,15.3,13.76,117.0,1.82,14.0,0.3,0.4,0.4,6.24,6.93,8.34,7.11,41.0,0.92,14.0,0.3,0.5,0.4,64.2,76.7,85.6,74.8,41.0,9.8,14.0,0.3,0.4,5.0,8.0,14.9,9.07,118.0,4.61,14.0,0.4,0.4,0.4,-2.81,4.74,11.4,4.29,118.0,6.65,14.0,0.4,0.4,0.4,-7.56,0.0,5.47,-0.82,118.0,6.38,14.0,0.4,0.4,0.4,1005.07,1012.1,1021.2,1012.76,119.0,7.68,14.0,0.4,0.4,0.4,2.0,5.0,8.0,4.7,117.0,2.7,14.0,0.4,0.4,0.4,-14.5,33.1,149.4,53.3,118.0,95.7,14.0,0.4,0.4,0.4,-76.0,0.0,49.1,-16.0,118.0,85.1,14.0,0.4,0.4,0.4,-0.44,1.0,2.84,1.11,112.0,1.8,14.0,0.3,0.4,0.4,-5.0,9.6,26.7,11.3,106.0,20.0,14.0,0.3,0.4,0.4,1.81,3.19,4.23,3.24,39.0,1.11,14.0,0.3,0.4,0.4,12.0,26.1,47.1,30.6,38.0,22.0,14.0,0.3,0.4,0.4,-30.4,64.1,151.7,59.3,111.0,91.4,14.0,0.4,0.4,0.4,-97.6,0.0,87.3,-12.3,111.0,89.9,14.0,0.4,0.4,0.4,0.0,37.6,77.5,36.5,40.0,41.7,12.0,0.3,0.4,0.4,-49.8,0.0,46.9,-4.5,40.0,50.1,12.0,0.3,0.4,0.4,0.0,19.7,40.0,20.1,38.0,20.7,14.0,0.3,0.4,0.4,-21.6,0.0,13.2,-4.0,38.0,24.3,14.0,0.3,0.4,0.4,125.0,512.0,3308.0,1349.0,118.0,1718.5,14.0,0.4,0.4,0.4,125.0,510.0,3310.0,1350.0,118.0,1720.0,14.0,0.4,0.4,0.4
1974,2,10.0,38.0,13.48,14.4,16.24,14.73,31.0,1.52,10.0,0.3,0.5,0.3,11.38,12.8,14.25,12.92,31.0,2.09,10.0,0.3,0.5,0.3,6.33,7.46,8.64,7.39,19.0,1.09,8.0,0.3,0.4,0.4,70.8,78.9,88.6,79.1,19.0,8.8,8.0,0.3,0.4,4.81,12.0,16.81,11.64,40.0,5.61,10.0,0.3,0.5,0.4,-0.87,10.01,15.04,7.58,40.0,7.66,10.0,0.3,0.5,0.4,-6.3,-1.75,6.94,-0.5,40.0,7.25,10.0,0.3,0.5,0.4,1005.58,1012.5,1019.54,1012.65,31.0,6.39,10.0,0.3,0.5,0.3,2.0,6.0,8.0,4.9,31.0,2.8,10.0,0.3,0.5,0.3,-3.4,110.9,266.7,119.8,40.0,135.5,10.0,0.3,0.5,0.4,-86.4,-6.1,71.7,-12.2,40.0,119.3,10.0,0.3,0.5,0.4,-0.62,1.5,4.12,1.82,31.0,2.56,10.0,0.3,0.5,0.3,-4.5,13.7,52.3,22.6,30.0,34.6,10.0,0.3,0.5,0.3,1.96,3.0,3.75,2.96,19.0,1.0,8.0,0.3,0.4,0.4,12.2,32.6,56.2,36.6,18.0,24.4,6.0,0.3,0.4,0.4,-19.0,72.4,169.8,75.2,30.0,95.3,10.0,0.3,0.5,0.3,-90.3,-25.6,64.2,-20.3,30.0,81.2,10.0,0.3,0.5,0.3,-3.3,67.7,89.2,53.2,18.0,46.7,6.0,0.3,0.4,0.4,-55.4,-19.2,57.1,-10.0,18.0,51.7,6.0,0.3,0.4,0.4,-0.3,23.1,52.8,26.1,18.0,23.3,6.0,0.3,0.4,0.4,-23.9,-8.2,6.9,-9.1,18.0,25.7,6.0,0.3,0.4,0.4,114.0,1728.0,4758.5,2669.5,40.0,3071.0,10.0,0.3,0.5,0.4,115.0,1730.0,4760.0,2670.0,40.0,3070.0,10.0,0.3,0.5,0.4
1974,2,10.0,39.0,13.55,13.8,14.05,13.99,48.0,0.79,10.0,0.4,0.3,0.6,11.56,12.8,13.4,12.63,49.0,1.05,12.0,0.4,0.3,0.6,5.09,6.58,7.39,6.47,39.0,1.26,12.0,0.3,0.3,0.6,58.5,73.1,81.1,71.4,39.0,12.0,12.0,0.3,0.6,9.0,12.0,16.51,12.22,86.0,4.09,10.0,0.4,0.3,0.6,0.0,7.71,13.16,6.94,86.0,5.71,10.0,0.4,0.3,0.6,-10.88,-6.36,9.53,-2.61,86.0,8.92,10.0,0.4,0.3,0.6,998.92,1005.8,1013.46,1006.25,41.0,7.05,12.0,0.3,0.3,0.6,1.6,5.0,7.4,4.8,49.0,2.6,12.0,0.4,0.3,0.6,0.0,92.6,221.4,101.5,86.0,97.4,10.0,0.4,0.3,0.6,-144.6,-71.3,104.5,-35.1,86.0,130.0,10.0,0.4,0.3,0.6,0.16,1.2,2.57,1.36,47.0,1.25,10.0,0.4,0.3,0.6,2.4,14.3,36.0,17.3,39.0,17.5,12.0,0.3,0.3,0.6,2.65,3.29,4.79,3.61,37.0,1.1,10.0,0.4,0.3,0.6,18.1,41.2,65.4,41.6,37.0,24.0,10.0,0.4,0.3,0.6,-4.1,83.6,142.4,66.7,41.0,73.8,12.0,0.3,0.3,0.6,-120.5,-38.8,111.3,-16.7,41.0,105.9,12.0,0.3,0.3,0.6,-3.4,34.5,70.7,33.1,39.0,40.1,12.0,0.3,0.3,0.6,-55.1,-25.0,66.0,-6.4,39.0,55.2,12.0,0.3,0.3,0.6,-0.7,18.4,49.3,22.6,37.0,25.2,10.0,0.4,0.3,0.6,-48.7,-16.0,26.1,-11.9,37.0,32.4,10.0,0.4,0.3,0.6,729.0,1728.0,4513.0,2425.0,86.0,2126.0,10.0,0.4,0.3,0.6,730.0,1730.0,4515.0,2425.0,86.0,2125.0,10.0,0.4,0.3,0.6
1974,2,10.0,40.0,13.5,13.7,14.0,13.77,40.0,0.32,10.0,0.5,0.4,0.2,12.0,13.0,14.32,13.17,40.0,1.3,10.0,0.5,0.4,0.2,5.33,6.99,7.44,6.71,32.0,1.0,10.0,0.4,0.4,0.2,61.7,72.8,77.8,70.9,32.0,9.4,10.0,0.4,0.2,7.58,12.0,16.0,11.97,67.0,3.9,8.0,0.5,0.3,0.2,0.0,9.64,13.08,7.95,67.0,5.49,8.0,0.5,0.3,0.2,-8.0,2.05,9.0,0.6,67.0,8.13,8.0,0.5,0.3,0.2,995.59,1004.4,1014.24,1006.39,34.0,9.68,10.0,0.4,0.3,0.2,3.0,6.0,8.0,5.8,40.0,2.2,10.0,0.5,0.4,0.2,0.0,113.7,194.0,110.6,67.0,89.2,8.0,0.5,0.3,0.2,-128.0,12.3,126.0,-5.7,67.0,116.6,8.0,0.5,0.3,0.2,-0.49,0.7,1.8,0.71,39.0,1.06,10.0,0.5,0.4,0.2,-2.2,7.0,24.9,9.8,33.0,13.0,10.0,0.4,0.3,0.2,2.4,2.83,4.62,3.18,31.0,1.1,10.0,0.4,0.4,0.2,15.9,31.0,60.2,36.3,31.0,23.2,10.0,0.4,0.4,0.2,0.0,86.6,150.5,80.2,34.0,70.8,10.0,0.4,0.3,0.2,-71.9,50.1,114.9,23.7,34.0,94.0,10.0,0.4,0.3,0.2,0.0,45.7,74.7,40.6,32.0,33.3,10.0,0.4,0.4,0.2,-38.2,26.3,62.5,15.5,32.0,48.4,10.0,0.4,0.4,0.2,0.0,19.6,47.3,24.3,31.0,24.5,10.0,0.4,0.4,0.2,-27.8,10.0,22.1,0.5,31.0,26.4,10.0,0.4,0.4,0.2,439.0,1728.0,4096.0,2243.5,67.0,1835.0,8.0,0.5,0.3,0.2,440.0,1730.0,4095.0,2245.0,67.0,1835.0,8.0,0.5,0.3,0.2
1974,2,10.0,41.0,13.15,13.3,13.92,13.36,7.0,0.68,14.0,0.6,0.4,0.2,12.69,13.9,14.43,13.46,7.0,1.45,14.0,0.6,0.4,0.2,5.94,7.31,8.93,7.41,6.0,1.82,14.0,0.5,0.4,0.2,61.3,80.8,88.5,77.5,6.0,16.2,14.0,0.5,0.2,4.81,7.2,9.24,7.25,6.0,2.61,14.0,0.5,0.4,0.2,2.51,5.45,7.02,4.84,6.0,3.73,14.0,0.5,0.4,0.2,-6.25,-3.62,0.42,-3.23,6.0,3.91,14.0,0.5,0.4,0.2,1004.47,1013.9,1022.44,1011.93,7.0,10.84,14.0,0.6,0.4,0.2,0.0,3.0,4.1,2.6,7.0,2.1,14.0,0.6,0.4,0.2,8.8,33.6,58.9,37.4,6.0,41.6,14.0,0.5,0.4,0.2,-66.1,-26.7,1.7,-30.6,6.0,34.0,14.0,0.5,0.4,0.2,-1.04,-0.5,1.12,-0.1,7.0,1.21,14.0,0.6,0.4,0.2,-8.2,-0.2,7.2,-1.6,6.0,10.8,14.0,0.5,0.4,0.2,0.83,2.47,3.12,2.15,6.0,1.62,14.0,0.5,0.4,0.2,10.0,20.2,30.2,20.1,5.0,10.4,16.0,0.4,0.5,0.2,25.7,75.8,97.7,66.8,6.0,55.4,14.0,0.5,0.4,0.2,-90.8,-50.3,4.5,-46.3,6.0,52.4,14.0,0.5,0.4,0.2,9.6,31.4,56.3,31.6,5.0,29.6,16.0,0.4,0.5,0.2,-51.9,-37.8,-2.6,-29.4,5.0,30.9,16.0,0.4,0.5,0.2,3.0,9.2,27.4,13.5,5.0,13.6,16.0,0.4,0.5,0.2,-17.3,-10.1,-1.7,-9.2,5.0,9.8,16.0,0.4,0.5,0.2,113.5,378.5,820.5,509.0,6.0,506.5,14.0,0.5,0.4,0.2,115.0,380.0,820.0,510.0,6.0,505.0,14.0,0.5,0.4,0.2
1974,2,10.0,42.0,12.83,14.0,14.0,13.53,6.0,0.77,18.0,0.0,0.4,0.4,10.08,11.25,12.5,11.22,6.0,1.27,18.0,0.0,0.4,0.4,4.85,5.37,6.85,5.84,3.0,1.52,20.0,0.0,0.3,0.4,60.5,62.2,76.8,68.5,3.0,13.1,20.0,0.0,0.4,2.38,4.1,6.52,4.56,5.0,2.77,22.0,0.0,0.5,0.4,-4.14,-1.3,2.47,-1.02,5.0,4.17,22.0,0.0,0.5,0.4,-3.54,-1.29,1.61,-0.98,5.0,3.7,22.0,0.0,0.5,0.4,1004.06,1016.9,1021.22,1013.43,6.0,14.17,18.0,0.0,0.4,0.4,0.0,1.0,4.2,1.8,6.0,2.1,18.0,0.0,0.4,0.4,-30.9,-3.4,8.1,-11.7,5.0,30.2,22.0,0.0,0.5,0.4,-22.7,-2.6,8.2,-7.6,5.0,27.3,22.0,0.0,0.5,0.4,1.23,2.45,3.56,2.32,6.0,1.46,18.0,0.0,0.4,0.4,2.2,7.7,17.0,10.2,5.0,11.9,22.0,0.0,0.5,0.4,2.73,3.39,4.58,3.65,3.0,1.37,20.0,0.0,0.3,0.4,12.7,13.3,13.7,13.2,3.0,0.8,20.0,0.0,0.3,0.4,-44.4,-13.6,30.1,-8.7,5.0,44.7,22.0,0.0,0.5,0.4,-35.3,-16.1,20.2,-8.0,5.0,40.7,22.0,0.0,0.5,0.4,-15.0,-6.0,13.1,-1.1,3.0,21.1,20.0,0.0,0.3,0.4,-7.1,0.0,22.7,7.6,3.0,22.8,20.0,0.0,0.3,0.4,-6.5,-6.2,7.5,0.4,3.0,11.7,20.0,0.0,0.3,0.4,-7.9,0.0,7.3,-0.3,3.0,11.1,20.0,0.0,0.3,0.4,14.0,69.0,350.5,191.0,5.0,304.5,22.0,0.0,0.5,0.4,15.0,70.0,350.0,190.0,5.0,305.0,22.0,0.0,0.5,0.4
1974,2,10.0,54.0,3.0,3.2,3.6,3.4,111.0,0.78,14.0,0.4,0.3,0.5,2.4,4.3,6.45,4.36,111.0,1.94,14.0,0.4,0.3,0.5,3.67,4.67,5.17,4.49,101.0,0.69,14.0,0.4,0.4,0.5,79.2,89.0,95.0,87.3,103.0,8.0,14.0,0.4,0.5,4.6,6.7,11.0,7.7,111.0,3.4,14.0,0.4,0.3,0.5,-5.87,1.16,6.74,0.57,111.0,6.27,14.0,0.4,0.3,0.5,-3.51,3.14,6.69,2.52,111.0,5.04,14.0,0.4,0.3,0.5,993.9,1007.0,1021.84,1008.48,109.0,14.49,14.0,0.3,0.3,0.5,3.0,7.0,8.0,6.0,102.0,2.6,14.0,0.4,0.4,0.5,-41.7,7.8,63.9,9.1,111.0,70.9,14.0,0.4,0.3,0.5,-17.5,19.2,53.9,23.3,111.0,56.8,14.0,0.4,0.3,0.5,-2.76,-0.8,0.6,-0.96,111.0,1.78,14.0,0.4,0.3,0.5,-17.0,-3.6,4.2,-8.9,111.0,20.6,14.0,0.4,0.3,0.5,-0.31,0.13,0.97,0.28,101.0,0.63,14.0,0.4,0.4,0.5,-2.6,0.8,7.2,2.1,101.0,6.1,14.0,0.4,0.4,0.5,-19.3,5.5,31.3,7.4,111.0,28.5,14.0,0.4,0.3,0.5,-10.0,10.2,33.0,15.8,111.0,29.3,14.0,0.4,0.3,0.5,-24.6,8.6,29.9,4.1,101.0,27.8,14.0,0.4,0.4,0.5,-14.2,12.5,27.1,11.6,101.0,22.1,14.0,0.4,0.4,0.5,-4.8,-0.5,1.3,-1.4,101.0,5.3,14.0,0.4,0.4,0.5,-2.8,0.0,2.3,-0.4,101.0,3.4,14.0,0.4,0.4,0.5,97.5,301.0,1331.0,747.5,111.0,988.0,14.0,0.4,0.3,0.5,95.0,300.0,1330.0,750.0,111.0,990.0,14.0,0.4,0.3,0.5
1974,2,10.0,55.0,3.95,4.05,4.15,4.05,2.0,0.21,18.0,0.5,0.6,0.8,3.21,3.65,4.09,3.65,2.0,0.92,18.0,0.5,0.6,0.8,3.94,4.14,4.34,4.14,2.0,0.41,18.0,0.5,0.6,0.8,79.4,85.0,90.6,85.0,2.0,11.5,18.0,0.5,0.8,4.81,9.55,14.29,9.55,2.0,9.83,18.0,0.5,0.6,0.8,1.83,7.68,13.53,7.68,2.0,12.12,18.0,0.5,0.6,0.8,2.51,2.65,2.8,2.65,2.0,0.3,18.0,0.5,0.6,0.8,1004.09,1018.25,1032.41,1018.25,2.0,29.34,18.0,0.5,0.6,0.8,0.5,1.5,2.5,1.5,2.0,2.1,18.0,0.5,0.6,0.8,40.6,132.9,225.2,132.9,2.0,191.2,18.0,0.5,0.6,0.8,12.8,26.8,40.8,26.8,2.0,28.9,18.0,0.5,0.6,0.8,0.06,0.4,0.74,0.4,2.0,0.71,18.0,0.5,0.6,0.8,2.1,7.3,12.5,7.3,2.0,10.7,18.0,0.5,0.6,0.8,0.72,0.88,1.05,0.88,2.0,0.34,18.0,0.5,0.6,0.8,4.1,6.8,9.4,6.8,2.0,5.4,18.0,0.5,0.6,0.8,4.5,22.5,40.4,22.5,2.0,37.2,18.0,0.5,0.6,0.8,8.9,9.6,10.2,9.6,2.0,1.4,18.0,0.5,0.6,0.8,8.6,34.3,60.1,34.3,2.0,53.4,18.0,0.5,0.6,0.8,9.9,11.1,12.2,11.1,2.0,2.3,18.0,0.5,0.6,0.8,0.8,4.7,8.6,4.7,2.0,8.1,18.0,0.5,0.6,0.8,2.0,2.3,2.6,2.3,2.0,0.6,18.0,0.5,0.6,0.8,727.5,2255.0,3782.0,2255.0,2.0,3164.0,18.0,0.5,0.6,0.8,730.0,2255.0,3780.0,2255.0,2.0,3165.0,18.0,0.5,0.6,0.8
1974,2,10.0,56.0,0.96,2.15,3.34,2.15,2.0,2.47,26.0,0.5,0.9,0.8,2.5,2.7,2.9,2.7,2.0,0.42,26.0,0.5,0.9,0.8,3.99,3.99,3.99,3.99,1.0,0.0,28.0,0.0,0.9,0.8,91.1,91.1,91.1,91.1,1.0,0.0,28.0,0.0,0.8,3.1,3.1,3.1,3.1,1.0,0.0,28.0,0.0,0.9,0.8,1.55,1.55,1.55,1.55,1.0,0.0,28.0,0.0,0.9,0.8,2.68,2.68,2.68,2.68,1.0,0.0,28.0,0.0,0.9,0.8,1033.97,1036.05,1038.13,1036.05,2.0,4.31,26.0,0.5,0.9,0.8,1.3,4.0,6.7,4.0,2.0,5.7,26.0,0.5,0.9,0.8,4.8,4.8,4.8,4.8,1.0,0.0,28.0,0.0,0.9,0.8,8.3,8.3,8.3,8.3,1.0,0.0,28.0,0.0,0.9,0.8,-1.95,-0.55,0.85,-0.55,2.0,2.9,26.0,0.5,0.9,0.8,4.7,4.7,4.7,4.7,1.0,0.0,28.0,0.0,0.9,0.8,0.88,0.88,0.88,0.88,1.0,0.0,28.0,0.0,0.9,0.8,2.7,2.7,2.7,2.7,1.0,0.0,28.0,0.0,0.9,0.8,3.7,3.7,3.7,3.7,1.0,0.0,28.0,0.0,0.9,0.8,6.4,6.4,6.4,6.4,1.0,0.0,28.0,0.0,0.9,0.8,6.2,6.2,6.2,6.2,1.0,0.0,28.0,0.0,0.9,0.8,10.7,10.7,10.7,10.7,1.0,0.0,28.0,0.0,0.9,0.8,1.4,1.4,1.4,1.4,1.0,0.0,28.0,0.0,0.9,0.8,2.4,2.4,2.4,2.4,1.0,0.0,28.0,0.0,0.9,0.8,30.0,30.0,30.0,30.0,1.0,0.0,28.0,0.0,0.9,0.8,30.0,30.0,30.0,30.0,1.0,0.0,28.0,0.0,0.9,0.8
1974,2,10.0,57.0,3.22,4.5,6.0,4.72,36.0,1.6,14.0,0.2,0.4,0.7,2.57,5.0,6.1,4.6,37.0,1.72,16.0,0.2,0.3,0.7,4.68,5.03,5.38,5.01,9.0,0.34,16.0,0.4,0.3,0.7,84.6,91.3,98.0,91.0,9.0,6.1,16.0,0.4,0.7,3.55,7.0,11.89,8.09,36.0,5.02,14.0,0.3,0.3,0.7,-3.57,0.93,7.63,1.71,36.0,6.64,14.0,0.3,0.3,0.7,-1.09,3.47,8.99,3.59,36.0,5.66,14.0,0.3,0.3,0.7,984.61,1006.7,1021.67,1003.99,39.0,18.77,16.0,0.3,0.3,0.7,2.5,8.0,8.0,6.0,23.0,2.7,14.0,0.3,0.3,0.7,-23.3,4.6,84.5,23.2,36.0,99.7,14.0,0.3,0.3,0.7,-1.9,24.1,89.9,47.6,36.0,85.6,14.0,0.3,0.3,0.7,-1.4,0.0,2.0,0.3,35.0,2.07,16.0,0.2,0.4,0.7,-24.7,-0.2,12.0,-0.8,32.0,22.0,14.0,0.2,0.3,0.7,0.19,0.33,0.56,0.34,9.0,0.34,16.0,0.4,0.3,0.7,0.4,3.2,3.7,2.7,8.0,3.7,14.0,0.5,0.3,0.7,-9.7,4.9,53.1,15.4,34.0,33.1,14.0,0.2,0.3,0.7,-3.8,13.8,49.9,20.3,34.0,30.5,14.0,0.2,0.3,0.7,0.0,14.1,62.2,20.5,8.0,39.7,14.0,0.5,0.3,0.7,11.7,30.8,64.2,34.9,8.0,28.9,14.0,0.5,0.3,0.7,-2.0,0.0,2.6,0.7,8.0,3.3,14.0,0.5,0.3,0.7,-0.5,1.8,3.6,1.8,8.0,2.6,14.0,0.5,0.3,0.7,47.5,343.0,1717.0,1237.0,36.0,2193.0,14.0,0.3,0.3,0.7,50.0,345.0,1715.0,1235.0,36.0,2195.0,14.0,0.3,0.3,0.7
1974,2,10.0,58.0,2.67,3.6,4.1,3.5,43.0,0.62,8.0,0.5,0.2,0.4,0.0,2.65,5.3,2.76,42.0,2.34,8.0,0.5,0.2,0.4,3.1,3.9,4.8,3.91,41.0,0.89,8.0,0.5,0.2,0.4,75.4,84.6,91.3,82.1,41.0,10.1,8.0,0.5,0.4,7.37,10.3,13.73,10.76,41.0,3.36,8.0,0.5,0.2,0.4,-7.33,-1.25,8.93,0.56,41.0,7.13,8.0,0.5,0.2,0.4,-9.25,4.35,10.22,1.74,41.0,8.7,8.0,0.5,0.2,0.4,982.6,990.0,997.2,990.9,43.0,7.57,8.0,0.5,0.2,0.4,2.0,7.5,8.0,5.6,40.0,3.1,10.0,0.6,0.2,0.4,-87.9,-6.7,112.4,5.0,41.0,90.1,8.0,0.5,0.2,0.4,-106.7,51.1,125.8,15.5,41.0,112.9,8.0,0.5,0.2,0.4,-1.95,0.2,3.85,0.74,42.0,2.48,8.0,0.5,0.2,0.4,-25.3,0.1,47.5,9.2,40.0,30.8,8.0,0.5,0.2,0.4,-0.1,0.96,1.97,1.05,41.0,0.92,8.0,0.5,0.2,0.4,-1.0,9.1,24.8,11.4,39.0,11.3,8.0,0.5,0.2,0.4,-8.5,0.0,40.1,11.1,40.0,23.4,8.0,0.5,0.2,0.4,0.0,13.5,48.4,20.7,40.0,24.9,8.0,0.5,0.2,0.4,-27.2,0.0,39.2,4.6,39.0,28.5,8.0,0.5,0.2,0.4,-27.3,15.7,46.1,10.6,39.0,33.7,8.0,0.5,0.2,0.4,-12.0,0.2,7.2,-0.7,39.0,9.9,8.0,0.5,0.2,0.4,-21.5,-1.3,4.6,-4.8,39.0,11.7,8.0,0.5,0.2,0.4,402.0,1092.5,2588.5,1581.0,41.0,1206.0,8.0,0.5,0.2,0.4,400.0,1095.0,2590.0,1580.0,41.0,1205.0,8.0,0.5,0.2,0.4
1974,2,10.0,64.0,,,,,,,,,,,,,,,,,,,,,,,,,,,,,,,,,,,,,,,,8.2,8.2,8.2,8.2,1.0,0.0,28.0,0.0,0.0,0.7,1.42,1.42,1.42,1.42,1.0,0.0,28.0,0.0,0.0,0.7,8.08,8.08,8.08,8.08,1.0,0.0,28.0,0.0,0.0,0.7,1029.9,1029.9,1029.9,1029.9,1.0,0.0,28.0,0.0,0.0,0.7,,,,,,,,,,,,,,,,,,,,,,,,,,,,,,,,,,,,,,,,,,,,,,,,,,,,,,,,,,,,,,,,,,,,,,,,,,,,,,,,,,,,,,,,,,,,,,,,,,,,,,,,,,,,,,,,,,,,,,,,,,,,,,,,,,,,,,,,,,,,,,,,,,,,,,
1974,2,10.0,65.0,,,,,,,,,,,,,,,,,,,,,,,,,,,,,,,,,,,,,,,,11.65,15.9,16.0,14.04,5.0,2.94,24.0,0.2,0.3,0.6,6.24,10.28,12.87,9.68,5.0,4.57,24.0,0.2,0.3,0.6,5.13,8.74,12.84,8.82,5.0,4.45,24.0,0.2,0.3,0.6,1003.06,1011.3,1018.9,1010.8,5.0,12.45,24.0,0.2,0.3,0.6,,,,,,,,,,,,,,,,,,,,,,,,,,,,,,,,,,,,,,,,,,,,,,,,,,,,,,,,,,,,,,,,,,,,,,,,,,,,,,,,,,,,,,,,,,,,,,,,,,,,,,,,,,,,,,,,,,,,,,,,,,,,,,,,,,,,,,,,,,,,,,,,,,,,,,
1974,2,10.0,66.0,5.5,6.5,7.17,6.26,24.0,1.27,16.0,0.3,0.3,0.6,1.0,3.6,5.85,3.6,24.0,2.69,16.0,0.3,0.3,0.6,3.56,4.42,4.8,4.31,10.0,0.68,20.0,0.4,0.3,0.5,75.9,89.5,97.4,86.7,10.0,11.7,20.0,0.4,0.5,5.64,8.1,12.19,9.29,24.0,5.27,16.0,0.3,0.3,0.6,-1.59,4.62,11.89,4.79,24.0,6.75,16.0,0.3,0.3,0.6,-5.57,0.0,7.47,1.32,24.0,6.81,16.0,0.3,0.3,0.6,989.84,998.75,1011.73,999.52,24.0,11.48,16.0,0.3,0.3,0.6,3.0,6.5,8.0,6.0,20.0,2.1,16.0,0.4,0.3,0.6,-7.3,37.4,146.8,68.4,24.0,111.3,16.0,0.3,0.3,0.6,-59.9,0.0,70.9,27.2,24.0,112.8,16.0,0.3,0.3,0.6,0.3,2.9,5.28,2.66,24.0,2.69,16.0,0.3,0.3,0.6,0.7,21.0,31.3,22.0,24.0,29.9,16.0,0.3,0.3,0.6,1.09,1.59,2.88,1.76,10.0,0.96,20.0,0.4,0.3,0.5,6.6,11.4,45.2,22.2,10.0,21.2,20.0,0.4,0.3,0.5,0.0,5.3,49.8,23.6,24.0,33.5,16.0,0.3,0.3,0.6,-4.8,0.0,34.7,14.4,24.0,37.8,16.0,0.3,0.3,0.6,12.6,33.6,68.0,36.2,10.0,30.3,20.0,0.4,0.3,0.5,-13.1,8.6,48.6,14.5,10.0,33.0,20.0,0.4,0.3,0.5,3.6,10.2,36.5,16.1,10.0,17.3,20.0,0.4,0.3,0.5,-1.5,2.9,21.0,8.2,10.0,18.3,20.0,0.4,0.3,0.5,189.0,531.5,1910.0,1685.0,24.0,3054.5,16.0,0.3,0.3,0.6,190.0,530.0,1910.0,1685.0,24.0,3055.0,16.0,0.3,0.3,0.6
1974,2,10.0,67.0,4.65,6.2,6.82,5.91,11.0,1.35,12.0,0.5,0.5,0.4,-0.21,2.2,3.75,2.0,11.0,2.07,12.0,0.5,0.5,0.4,2.85,3.29,3.94,3.37,5.0,0.59,12.0,0.6,0.4,0.4,64.9,73.7,96.4,79.4,5.0,16.8,12.0,0.6,0.4,4.6,6.0,12.72,8.11,12.0,4.41,12.0,0.4,0.5,0.4,-4.23,3.75,9.96,3.46,12.0,7.09,12.0,0.4,0.5,0.4,-4.74,-2.02,1.87,-2.13,12.0,4.79,12.0,0.4,0.5,0.4,988.15,999.65,1007.11,999.0,12.0,11.3,12.0,0.4,0.5,0.4,4.4,7.5,8.0,6.4,10.0,2.0,12.0,0.5,0.5,0.4,-22.8,17.3,115.3,51.4,12.0,85.2,12.0,0.4,0.5,0.4,-57.8,-16.7,8.1,-31.2,12.0,61.8,12.0,0.4,0.5,0.4,1.98,4.5,5.4,3.91,11.0,2.06,12.0,0.5,0.5,0.4,8.6,27.0,45.1,29.0,11.0,20.2,12.0,0.5,0.5,0.4,1.91,2.83,3.27,2.61,5.0,0.76,12.0,0.6,0.4,0.4,12.7,15.3,27.9,20.9,5.0,16.3,12.0,0.6,0.4,0.4,-3.5,5.9,36.2,14.4,11.0,21.4,12.0,0.5,0.5,0.4,-16.5,-2.2,2.5,-7.6,11.0,14.5,12.0,0.5,0.5,0.4,1.3,15.5,41.1,19.2,5.0,23.4,12.0,0.6,0.4,0.4,-9.6,-7.9,-1.5,-5.3,5.0,7.5,12.0,0.6,0.4,0.4,1.3,11.7,27.5,14.6,5.0,21.8,12.0,0.6,0.4,0.4,-8.9,-4.9,1.9,-3.1,5.0,7.7,12.0,0.6,0.4,0.4,97.5,216.0,2154.0,1020.5,12.0,1425.5,12.0,0.4,0.5,0.4,95.0,215.0,2155.0,1020.0,12.0,1425.0,12.0,0.4,0.5,0.4
1974,2,10.0,68.0,6.8,7.0,7.08,6.95,6.0,0.32,24.0,0.5,0.6,0.3,5.09,5.2,7.76,6.11,7.0,2.04,24.0,0.4,0.5,0.3,3.97,4.66,5.48,4.67,5.0,1.06,24.0,0.6,0.7,0.2,75.2,82.4,87.0,80.9,5.0,9.7,24.0,0.6,0.2,10.9,12.3,15.4,12.76,7.0,2.34,24.0,0.4,0.5,0.3,7.75,10.65,12.4,10.41,7.0,2.56,24.0,0.4,0.5,0.3,1.82,5.27,11.81,5.95,7.0,4.57,24.0,0.4,0.5,0.3,1000.66,1018.5,1021.53,1011.6,7.0,11.6,24.0,0.4,0.5,0.3,6.0,7.5,8.0,7.2,6.0,1.0,24.0,0.5,0.6,0.2,95.3,131.0,155.8,134.8,7.0,48.7,24.0,0.4,0.5,0.3,20.0,75.6,168.0,81.0,7.0,70.0,24.0,0.4,0.5,0.3,-0.34,1.45,2.25,1.32,6.0,1.64,24.0,0.5,0.6,0.3,-4.9,17.7,30.9,16.5,6.0,21.1,24.0,0.5,0.6,0.3,0.73,1.55,2.29,1.56,5.0,1.03,24.0,0.6,0.7,0.2,11.0,22.2,29.2,20.9,5.0,12.2,24.0,0.6,0.7,0.2,52.7,56.3,74.3,60.3,7.0,13.8,24.0,0.4,0.5,0.3,9.5,32.0,88.7,41.6,7.0,36.1,24.0,0.4,0.5,0.3,39.6,48.1,57.6,49.1,5.0,11.7,24.0,0.6,0.7,0.2,15.6,27.8,65.2,37.0,5.0,29.1,24.0,0.6,0.7,0.2,6.8,19.2,28.3,18.4,5.0,13.7,24.0,0.6,0.7,0.2,3.2,8.2,10.9,7.0,5.0,4.6,24.0,0.6,0.7,0.2,1302.0,1861.0,3652.5,2253.0,7.0,1124.0,24.0,0.4,0.5,0.3,1300.0,1860.0,3650.0,2255.0,7.0,1125.0,24.0,0.4,0.5,0.3
1974,2,10.0,73.0,3.93,4.4,4.84,4.38,5.0,0.88,14.0,0.4,0.5,0.4,-1.36,-1.1,-0.58,-1.0,5.0,0.58,14.0,0.4,0.5,0.4,2.96,3.1,3.23,3.1,4.0,0.18,14.0,0.5,0.5,0.4,82.7,86.2,90.1,86.4,4.0,5.2,14.0,0.5,0.4,17.82,18.5,18.5,18.17,3.0,0.58,14.0,0.3,0.5,0.4,-18.18,-17.5,-17.42,-17.79,3.0,0.61,14.0,0.3,0.5,0.4,0.0,0.0,4.32,2.11,3.0,3.65,14.0,0.3,0.5,0.4,992.95,994.4,994.86,994.02,5.0,1.08,14.0,0.4,0.5,0.4,7.6,8.0,8.0,7.8,5.0,0.4,14.0,0.4,0.5,0.4,-335.7,-321.6,-311.1,-323.4,3.0,18.1,14.0,0.3,0.5,0.4,0.0,0.0,79.9,39.0,3.0,67.6,14.0,0.3,0.5,0.4,4.45,5.2,6.38,5.38,5.0,1.05,14.0,0.4,0.5,0.4,77.2,85.1,111.6,94.2,3.0,26.4,14.0,0.3,0.5,0.4,1.8,2.17,2.31,2.06,4.0,0.38,14.0,0.5,0.5,0.4,28.8,33.8,38.9,33.8,2.0,10.5,14.0,0.5,0.5,0.5,8.5,19.3,20.0,14.4,3.0,9.4,14.0,0.3,0.5,0.4,-0.9,0.0,0.0,-0.4,3.0,0.7,14.0,0.3,0.5,0.4,-57.0,-55.3,-53.6,-55.3,2.0,3.5,14.0,0.5,0.5,0.5,3.1,9.6,16.2,9.6,2.0,13.6,14.0,0.5,0.5,0.5,-36.8,-32.6,-28.4,-32.6,2.0,8.7,14.0,0.5,0.5,0.5,2.2,7.1,11.9,7.1,2.0,10.0,14.0,0.5,0.5,0.5,5668.0,6331.5,6331.5,6007.5,3.0,561.5,14.0,0.3,0.5,0.4,5670.0,6330.0,6330.0,6010.0,3.0,560.0,14.0,0.3,0.5,0.4
1974,2,10.0,74.0,2.82,3.3,3.78,3.3,2.0,0.99,26.0,0.0,0.3,0.5,-5.6,-5.6,-5.6,-5.6,2.0,0.0,26.0,0.0,0.3,0.5,2.08,2.08,2.08,2.08,1.0,0.0,26.0,0.0,0.3,0.5,83.2,83.2,83.2,83.2,1.0,0.0,26.0,0.0,0.5,7.03,7.1,7.17,7.1,2.0,0.14,26.0,0.0,0.3,0.5,6.61,6.67,6.74,6.67,2.0,0.13,26.0,0.0,0.3,0.5,2.41,2.43,2.45,2.43,2.0,0.05,26.0,0.0,0.3,0.5,1006.5,1006.5,1006.5,1006.5,2.0,0.0,26.0,0.0,0.3,0.5,6.0,6.0,6.0,6.0,2.0,0.0,26.0,0.0,0.3,0.5,46.5,47.4,48.3,47.4,2.0,1.9,26.0,0.0,0.3,0.5,16.9,17.2,17.6,17.2,2.0,0.7,26.0,0.0,0.3,0.5,8.42,8.9,9.38,8.9,2.0,0.99,26.0,0.0,0.3,0.5,59.3,63.3,67.3,63.3,2.0,8.3,26.0,0.0,0.3,0.5,2.98,2.98,2.98,2.98,1.0,0.0,26.0,0.0,0.3,0.5,21.4,21.4,21.4,21.4,1.0,0.0,26.0,0.0,0.3,0.5,-37.7,-37.4,-37.0,-37.4,2.0,0.7,26.0,0.0,0.3,0.5,-13.7,-13.6,-13.5,-13.6,2.0,0.3,26.0,0.0,0.3,0.5,14.1,14.1,14.1,14.1,1.0,0.0,26.0,0.0,0.3,0.5,5.1,5.1,5.1,5.1,1.0,0.0,26.0,0.0,0.3,0.5,20.2,20.2,20.2,20.2,1.0,0.0,26.0,0.0,0.3,0.5,7.3,7.3,7.3,7.3,1.0,0.0,26.0,0.0,0.3,0.5,348.0,358.0,368.5,358.0,2.0,21.5,26.0,0.0,0.3,0.5,350.0,360.0,370.0,360.0,2.0,20.0,26.0,0.0,0.3,0.5
1974,2,10.0,75.0,,,,,,,,,,,,,,,,,,,,,,,,,,,,,,,,,,,,,,,,9.0,9.0,9.0,9.0,1.0,0.0,24.0,0.0,0.7,0.7,-9.0,-9.0,-9.0,-9.0,1.0,0.0,24.0,0.0,0.7,0.7,0.0,0.0,0.0,0.0,1.0,0.0,24.0,0.0,0.7,0.7,1003.3,1003.3,1003.3,1003.3,1.0,0.0,24.0,0.0,0.7,0.7,,,,,,,,,,,,,,,,,,,,,,,,,,,,,,,,,,,,,,,,,,,,,,,,,,,,,,,,,,,,,,,,,,,,,,,,,,,,,,,,,,,,,,,,,,,,,,,,,,,,,,,,,,,,,,,,,,,,,,,,,,,,,,,,,,,,,,,,,,,,,,,,,,,,,,
1974,2,10.0,76.0,,,,,,,,,,,,,,,,,,,,,,,,,,,,,,,,,,,,,,,,8.6,9.9,11.2,9.9,2.0,2.69,24.0,0.0,0.5,0.5,-9.79,-8.87,-7.95,-8.87,2.0,1.91,24.0,0.0,0.5,0.5,3.24,4.32,5.4,4.32,2.0,2.24,24.0,0.0,0.5,0.5,1005.1,1005.1,1005.1,1005.1,2.0,0.0,24.0,0.0,0.5,0.5,,,,,,,,,,,,,,,,,,,,,,,,,,,,,,,,,,,,,,,,,,,,,,,,,,,,,,,,,,,,,,,,,,,,,,,,,,,,,,,,,,,,,,,,,,,,,,,,,,,,,,,,,,,,,,,,,,,,,,,,,,,,,,,,,,,,,,,,,,,,,,,,,,,,,,
1974,2,11.0,-70.0,0.92,0.95,0.98,0.95,2.0,0.07,8.0,1.0,0.9,0.5,-3.4,-3.4,-3.4,-3.4,2.0,0.0,8.0,1.0,0.9,0.5,2.32,2.32,2.32,2.32,1.0,0.0,8.0,1.0,0.9,0.5,76.7,76.7,76.7,76.7,1.0,0.0,8.0,1.0,0.5,6.78,6.95,7.12,6.95,2.0,0.35,8.0,1.0,0.9,0.5,-7.04,-6.68,-6.33,-6.68,2.0,0.73,8.0,1.0,0.9,0.5,0.42,1.31,2.2,1.31,2.0,1.85,8.0,1.0,0.9,0.5,984.57,984.95,985.33,984.95,2.0,0.78,8.0,1.0,0.9,0.5,3.0,3.0,3.0,3.0,1.0,0.0,8.0,1.0,0.9,0.5,-50.2,-46.6,-43.0,-46.6,2.0,7.4,8.0,1.0,0.9,0.5,2.8,8.8,14.8,8.8,2.0,12.4,8.0,1.0,0.9,0.5,4.32,4.35,4.38,4.35,2.0,0.07,8.0,1.0,0.9,0.5,29.7,30.2,30.7,30.2,2.0,1.0,8.0,1.0,0.9,0.5,1.83,1.83,1.83,1.83,1.0,0.0,8.0,1.0,0.9,0.5,13.2,13.2,13.2,13.2,1.0,0.0,8.0,1.0,0.9,0.5,21.5,22.7,23.9,22.7,2.0,2.5,8.0,1.0,0.9,0.5,-7.5,-4.5,-1.4,-4.5,2.0,6.3,8.0,1.0,0.9,0.5,-16.7,-16.7,-16.7,-16.7,1.0,0.0,8.0,1.0,0.9,0.5,0.0,0.0,0.0,0.0,1.0,0.0,8.0,1.0,0.9,0.5,-13.2,-13.2,-13.2,-13.2,1.0,0.0,8.0,1.0,0.9,0.5,0.0,0.0,0.0,0.0,1.0,0.0,8.0,1.0,0.9,0.5,312.5,337.0,361.5,337.0,2.0,51.5,8.0,1.0,0.9,0.5,310.0,335.0,360.0,335.0,2.0,50.0,8.0,1.0,0.9,0.5
1974,2,11.0,-67.0,,,,,,,,,,,,,,,,,,,,,,,,,,,,,,,,,,,,,,,,5.1,5.1,5.1,5.1,1.0,0.0,26.0,0.0,0.1,0.3,0.89,0.89,0.89,0.89,1.0,0.0,26.0,0.0,0.1,0.3,5.02,5.02,5.02,5.02,1.0,0.0,26.0,0.0,0.1,0.3,981.2,981.2,981.2,981.2,1.0,0.0,26.0,0.0,0.1,0.3,,,,,,,,,,,,,,,,,,,,,,,,,,,,,,,,,,,,,,,,,,,,,,,,,,,,,,,,,,,,,,,,,,,,,,,,,,,,,,,,,,,,,,,,,,,,,,,,,,,,,,,,,,,,,,,,,,,,,,,,,,,,,,,,,,,,,,,,,,,,,,,,,,,,,,
1974,2,11.0,-47.0,,,,,,,,,,,,,,,,,,,,,,,,,,,,,,,,,,,,,,,,6.7,6.7,6.7,6.7,2.0,0.0,22.0,1.0,0.5,0.4,5.05,5.72,6.39,5.72,2.0,1.39,22.0,1.0,0.5,0.4,-3.99,-2.37,-0.75,-2.37,2.0,3.35,22.0,1.0,0.5,0.4,1015.83,1015.9,1015.97,1015.9,2.0,0.14,22.0,1.0,0.5,0.4,,,,,,,,,,,,,,,,,,,,,,,,,,,,,,,,,,,,,,,,,,,,,,,,,,,,,,,,,,,,,,,,,,,,,,,,,,,,,,,,,,,,,,,,,,,,,,,,,,,,,,,,,,,,,,,,,,,,,,,,,,,,,,,,,,,,,,,,,,,,,,,,,,,,,,
1974,2,11.0,-46.0,9.0,9.0,9.0,9.0,1.0,0.0,18.0,1.0,0.4,0.9,9.4,9.4,9.4,9.4,1.0,0.0,18.0,1.0,0.4,0.9,7.28,7.28,7.28,7.28,1.0,0.0,18.0,1.0,0.4,0.9,98.7,98.7,98.7,98.7,1.0,0.0,18.0,1.0,0.9,8.2,8.2,8.2,8.2,1.0,0.0,18.0,1.0,0.4,0.9,7.1,7.1,7.1,7.1,1.0,0.0,18.0,1.0,0.4,0.9,-4.1,-4.1,-4.1,-4.1,1.0,0.0,18.0,1.0,0.4,0.9,1002.9,1002.9,1002.9,1002.9,1.0,0.0,18.0,1.0,0.4,0.9,8.0,8.0,8.0,8.0,1.0,0.0,18.0,1.0,0.4,0.9,58.2,58.2,58.2,58.2,1.0,0.0,18.0,1.0,0.4,0.9,-33.6,-33.6,-33.6,-33.6,1.0,0.0,18.0,1.0,0.4,0.9,-0.4,-0.4,-0.4,-0.4,1.0,0.0,18.0,1.0,0.4,0.9,-3.3,-3.3,-3.3,-3.3,1.0,0.0,18.0,1.0,0.4,0.9,-0.1,-0.1,-0.1,-0.1,1.0,0.0,18.0,1.0,0.4,0.9,-0.8,-0.8,-0.8,-0.8,1.0,0.0,18.0,1.0,0.4,0.9,66.8,66.8,66.8,66.8,1.0,0.0,18.0,1.0,0.4,0.9,-38.5,-38.5,-38.5,-38.5,1.0,0.0,18.0,1.0,0.4,0.9,51.7,51.7,51.7,51.7,1.0,0.0,18.0,1.0,0.4,0.9,-29.8,-29.8,-29.8,-29.8,1.0,0.0,18.0,1.0,0.4,0.9,-0.7,-0.7,-0.7,-0.7,1.0,0.0,18.0,1.0,0.4,0.9,0.4,0.4,0.4,0.4,1.0,0.0,18.0,1.0,0.4,0.9,551.5,551.5,551.5,551.5,1.0,0.0,18.0,1.0,0.4,0.9,550.0,550.0,550.0,550.0,1.0,0.0,18.0,1.0,0.4,0.9
1974,2,11.0,-45.0,11.0,11.0,11.0,11.0,1.0,0.0,18.0,1.0,0.9,0.8,11.6,11.6,11.6,11.6,1.0,0.0,18.0,1.0,0.9,0.8,8.56,8.56,8.56,8.56,1.0,0.0,18.0,1.0,0.9,0.8,100.0,100.0,100.0,100.0,1.0,0.0,18.0,1.0,0.8,5.1,5.1,5.1,5.1,1.0,0.0,18.0,1.0,0.9,0.8,3.28,3.28,3.28,3.28,1.0,0.0,18.0,1.0,0.9,0.8,-3.91,-3.91,-3.91,-3.91,1.0,0.0,18.0,1.0,0.9,0.8,1001.7,1001.7,1001.7,1001.7,1.0,0.0,18.0,1.0,0.9,0.8,8.0,8.0,8.0,8.0,1.0,0.0,18.0,1.0,0.9,0.8,16.7,16.7,16.7,16.7,1.0,0.0,18.0,1.0,0.9,0.8,-19.9,-19.9,-19.9,-19.9,1.0,0.0,18.0,1.0,0.9,0.8,-0.6,-0.6,-0.6,-0.6,1.0,0.0,18.0,1.0,0.9,0.8,-3.1,-3.1,-3.1,-3.1,1.0,0.0,18.0,1.0,0.9,0.8,-0.34,-0.34,-0.34,-0.34,1.0,0.0,18.0,1.0,0.9,0.8,-1.7,-1.7,-1.7,-1.7,1.0,0.0,18.0,1.0,0.9,0.8,38.0,38.0,38.0,38.0,1.0,0.0,18.0,1.0,0.9,0.8,-45.3,-45.3,-45.3,-45.3,1.0,0.0,18.0,1.0,0.9,0.8,28.1,28.1,28.1,28.1,1.0,0.0,18.0,1.0,0.9,0.8,-33.4,-33.4,-33.4,-33.4,1.0,0.0,18.0,1.0,0.9,0.8,-1.1,-1.1,-1.1,-1.1,1.0,0.0,18.0,1.0,0.9,0.8,1.3,1.3,1.3,1.3,1.0,0.0,18.0,1.0,0.9,0.8,132.5,132.5,132.5,132.5,1.0,0.0,18.0,1.0,0.9,0.8,135.0,135.0,135.0,135.0,1.0,0.0,18.0,1.0,0.9,0.8
1974,2,11.0,-42.0,,,,,,,,,,,,,,,,,,,,,,,,,,,,,,,,,,,,,,,,6.7,6.7,6.7,6.7,1.0,0.0,20.0,1.0,0.1,0.8,-2.62,-2.62,-2.62,-2.62,1.0,0.0,20.0,1.0,0.1,0.8,-6.17,-6.17,-6.17,-6.17,1.0,0.0,20.0,1.0,0.1,0.8,1017.5,1017.5,1017.5,1017.5,1.0,0.0,20.0,1.0,0.1,0.8,,,,,,,,,,,,,,,,,,,,,,,,,,,,,,,,,,,,,,,,,,,,,,,,,,,,,,,,,,,,,,,,,,,,,,,,,,,,,,,,,,,,,,,,,,,,,,,,,,,,,,,,,,,,,,,,,,,,,,,,,,,,,,,,,,,,,,,,,,,,,,,,,,,,,,
1974,2,11.0,-41.0,13.0,13.0,13.0,13.0,1.0,0.0,28.0,1.0,0.0,1.0,14.0,14.0,14.0,14.0,1.0,0.0,28.0,1.0,0.0,1.0,7.18,7.18,7.18,7.18,1.0,0.0,28.0,1.0,0.0,1.0,71.8,71.8,71.8,71.8,1.0,0.0,28.0,1.0,1.0,12.3,12.3,12.3,12.3,1.0,0.0,28.0,1.0,0.0,1.0,12.3,12.3,12.3,12.3,1.0,0.0,28.0,1.0,0.0,1.0,0.0,0.0,0.0,0.0,1.0,0.0,28.0,1.0,0.0,1.0,1003.3,1003.3,1003.3,1003.3,1.0,0.0,28.0,1.0,0.0,1.0,6.0,6.0,6.0,6.0,1.0,0.0,28.0,1.0,0.0,1.0,151.3,151.3,151.3,151.3,1.0,0.0,28.0,1.0,0.0,1.0,0.0,0.0,0.0,0.0,1.0,0.0,28.0,1.0,0.0,1.0,-1.0,-1.0,-1.0,-1.0,1.0,0.0,28.0,1.0,0.0,1.0,-12.3,-12.3,-12.3,-12.3,1.0,0.0,28.0,1.0,0.0,1.0,2.2,2.2,2.2,2.2,1.0,0.0,28.0,1.0,0.0,1.0,27.0,27.0,27.0,27.0,1.0,0.0,28.0,1.0,0.0,1.0,172.2,172.2,172.2,172.2,1.0,0.0,28.0,1.0,0.0,1.0,0.0,0.0,0.0,0.0,1.0,0.0,28.0,1.0,0.0,1.0,88.3,88.3,88.3,88.3,1.0,0.0,28.0,1.0,0.0,1.0,0.0,0.0,0.0,0.0,1.0,0.0,28.0,1.0,0.0,1.0,27.0,27.0,27.0,27.0,1.0,0.0,28.0,1.0,0.0,1.0,0.0,0.0,0.0,0.0,1.0,0.0,28.0,1.0,0.0,1.0,1861.0,1861.0,1861.0,1861.0,1.0,0.0,28.0,1.0,0.0,1.0,1860.0,1860.0,1860.0,1860.0,1.0,0.0,28.0,1.0,0.0,1.0
1974,2,11.0,-40.0,15.9,16.75,17.6,16.75,2.0,1.77,16.0,1.0,0.2,0.7,15.83,15.9,15.97,15.9,2.0,0.14,16.0,1.0,0.2,0.7,7.48,8.34,9.19,8.34,2.0,1.78,16.0,1.0,0.2,0.7,66.8,74.7,82.5,74.7,2.0,16.3,16.0,1.0,0.7,1.14,3.6,6.06,3.6,2.0,5.09,16.0,1.0,0.2,0.7,-1.05,-0.63,-0.2,-0.63,2.0,0.88,16.0,1.0,0.2,0.7,1.13,3.55,5.97,3.55,2.0,5.01,16.0,1.0,0.2,0.7,1013.7,1015.0,1016.3,1015.0,2.0,2.69,16.0,1.0,0.2,0.7,8.0,8.0,8.0,8.0,2.0,0.0,16.0,1.0,0.2,0.7,-7.6,-4.5,-1.4,-4.5,2.0,6.4,16.0,1.0,0.2,0.7,8.1,25.5,43.0,25.5,2.0,36.1,16.0,1.0,0.2,0.7,0.07,0.85,1.63,0.85,2.0,1.63,16.0,1.0,0.2,0.7,2.3,7.2,12.1,7.2,2.0,10.2,16.0,1.0,0.2,0.7,2.02,3.51,5.0,3.51,2.0,3.08,16.0,1.0,0.2,0.7,6.5,20.5,34.5,20.5,2.0,29.0,16.0,1.0,0.2,0.7,-16.8,-10.0,-3.2,-10.0,2.0,14.1,16.0,1.0,0.2,0.7,18.0,56.7,95.4,56.7,2.0,80.2,16.0,1.0,0.2,0.7,-7.4,-4.4,-1.4,-4.4,2.0,6.3,16.0,1.0,0.2,0.7,8.0,25.1,42.2,25.1,2.0,35.5,16.0,1.0,0.2,0.7,-6.0,-3.6,-1.1,-3.6,2.0,5.0,16.0,1.0,0.2,0.7,6.4,20.2,34.0,20.2,2.0,28.5,16.0,1.0,0.2,0.7,59.0,186.5,314.0,186.5,2.0,264.0,16.0,1.0,0.2,0.7,60.0,185.0,315.0,185.0,2.0,265.0,16.0,1.0,0.2,0.7
1974,2,11.0,-39.0,17.1,17.1,17.1,17.1,1.0,0.0,12.0,1.0,0.9,0.2,16.9,16.9,16.9,16.9,1.0,0.0,12.0,1.0,0.9,0.2,11.15,11.15,11.15,11.15,1.0,0.0,12.0,1.0,0.9,0.2,93.2,93.2,93.2,93.2,1.0,0.0,12.0,1.0,0.2,0.0,0.0,0.0,0.0,1.0,0.0,12.0,1.0,0.9,0.2,0.0,0.0,0.0,0.0,1.0,0.0,12.0,1.0,0.9,0.2,0.0,0.0,0.0,0.0,1.0,0.0,12.0,1.0,0.9,0.2,1011.7,1011.7,1011.7,1011.7,1.0,0.0,12.0,1.0,0.9,0.2,7.0,7.0,7.0,7.0,1.0,0.0,12.0,1.0,0.9,0.2,0.0,0.0,0.0,0.0,1.0,0.0,12.0,1.0,0.9,0.2,0.0,0.0,0.0,0.0,1.0,0.0,12.0,1.0,0.9,0.2,0.2,0.2,0.2,0.2,1.0,0.0,12.0,1.0,0.9,0.2,0.0,0.0,0.0,0.0,1.0,0.0,12.0,1.0,0.9,0.2,0.97,0.97,0.97,0.97,1.0,0.0,12.0,1.0,0.9,0.2,0.0,0.0,0.0,0.0,1.0,0.0,12.0,1.0,0.9,0.2,0.0,0.0,0.0,0.0,1.0,0.0,12.0,1.0,0.9,0.2,0.0,0.0,0.0,0.0,1.0,0.0,12.0,1.0,0.9,0.2,0.0,0.0,0.0,0.0,1.0,0.0,12.0,1.0,0.9,0.2,0.0,0.0,0.0,0.0,1.0,0.0,12.0,1.0,0.9,0.2,0.0,0.0,0.0,0.0,1.0,0.0,12.0,1.0,0.9,0.2,0.0,0.0,0.0,0.0,1.0,0.0,12.0,1.0,0.9,0.2,0.0,0.0,0.0,0.0,1.0,0.0,12.0,1.0,0.9,0.2,0.0,0.0,0.0,0.0,1.0,0.0,12.0,1.0,0.9,0.2
1974,2,11.0,-35.0,18.99,19.4,19.47,19.23,3.0,0.38,16.0,0.7,0.4,0.3,18.02,18.8,19.21,18.63,4.0,0.82,18.0,0.8,0.5,0.4,8.52,9.94,11.28,9.9,4.0,1.59,18.0,0.8,0.5,0.4,66.8,74.5,81.8,74.3,4.0,8.7,18.0,0.8,0.4,5.86,7.2,7.7,6.8,4.0,1.23,18.0,0.8,0.5,0.4,-5.54,-3.47,0.08,-2.76,4.0,3.91,18.0,0.8,0.5,0.4,-0.48,4.49,6.23,2.95,4.0,5.11,18.0,0.8,0.5,0.4,1013.45,1018.0,1019.41,1016.5,4.0,4.82,18.0,0.8,0.5,0.4,4.9,7.0,7.5,6.3,4.0,2.2,18.0,0.8,0.5,0.4,-40.6,-24.6,-2.8,-21.9,4.0,26.7,18.0,0.8,0.5,0.4,2.3,32.0,45.6,24.3,4.0,33.2,18.0,0.8,0.5,0.4,-0.16,0.8,1.62,0.73,3.0,1.3,16.0,0.7,0.4,0.3,-1.5,5.4,12.2,5.4,3.0,10.0,16.0,0.7,0.4,0.3,3.18,5.29,5.49,4.36,3.0,1.88,16.0,0.7,0.4,0.3,22.8,35.4,40.6,31.8,3.0,13.5,16.0,0.7,0.4,0.3,-99.3,-65.6,1.1,-49.9,4.0,70.8,18.0,0.8,0.5,0.4,-11.9,81.4,119.0,54.8,4.0,97.3,18.0,0.8,0.5,0.4,-47.1,-33.4,1.0,-23.5,4.0,36.6,18.0,0.8,0.5,0.4,-10.8,38.4,63.7,27.0,4.0,55.4,18.0,0.8,0.5,0.4,-32.7,-22.8,-11.2,-21.9,3.0,15.8,16.0,0.7,0.4,0.3,17.7,21.5,25.4,21.5,3.0,5.6,16.0,0.7,0.4,0.3,212.5,378.5,456.5,336.5,4.0,154.5,18.0,0.8,0.5,0.4,215.0,380.0,455.0,335.0,4.0,155.0,18.0,0.8,0.5,0.4
1974,2,11.0,-34.0,19.13,20.5,20.84,20.0,3.0,1.32,14.0,0.3,0.1,0.7,17.47,19.0,19.9,18.7,4.0,1.5,12.0,0.5,0.2,0.7,8.33,10.41,12.22,10.28,4.0,2.32,12.0,0.5,0.2,0.7,67.5,75.8,85.2,76.4,4.0,10.7,12.0,0.5,0.7,6.94,7.95,9.01,7.98,4.0,1.23,12.0,0.5,0.2,0.7,-5.15,-2.72,-2.37,-3.71,4.0,2.29,12.0,0.5,0.2,0.7,6.13,6.53,7.5,6.8,4.0,0.97,12.0,0.5,0.2,0.7,1016.4,1019.1,1020.86,1018.65,4.0,3.17,12.0,0.5,0.2,0.7,7.5,8.0,8.0,7.8,4.0,0.5,12.0,0.5,0.2,0.7,-47.0,-21.8,-16.5,-31.3,4.0,23.7,12.0,0.5,0.2,0.7,45.3,52.2,63.7,54.4,4.0,12.4,12.0,0.5,0.2,0.7,0.72,1.2,1.54,1.13,3.0,0.6,14.0,0.3,0.1,0.7,6.0,11.2,11.3,8.7,3.0,4.4,14.0,0.3,0.1,0.7,2.87,3.18,4.75,3.79,3.0,1.48,14.0,0.3,0.1,0.7,23.7,25.3,33.1,28.3,3.0,7.4,14.0,0.3,0.1,0.7,-99.7,-51.7,-43.6,-70.7,4.0,47.3,12.0,0.5,0.2,0.7,111.8,126.8,142.4,127.1,4.0,18.9,12.0,0.5,0.2,0.7,-61.0,-28.0,-22.0,-40.9,4.0,33.2,12.0,0.5,0.2,0.7,60.6,75.0,77.6,69.4,4.0,14.3,12.0,0.5,0.2,0.7,-17.2,-12.6,-9.3,-13.3,3.0,5.8,14.0,0.3,0.1,0.7,17.9,21.5,30.4,24.1,3.0,9.4,14.0,0.3,0.1,0.7,335.5,516.0,735.0,534.0,4.0,237.0,12.0,0.5,0.2,0.7,335.0,515.0,735.0,535.0,4.0,235.0,12.0,0.5,0.2,0.7
1974,2,11.0,-33.0,20.36,20.5,22.89,21.6,3.0,2.08,16.0,0.7,0.4,0.8,19.6,19.8,20.07,19.83,3.0,0.35,16.0,0.7,0.4,0.8,12.03,12.03,12.03,12.03,1.0,0.0,14.0,0.0,0.5,0.9,82.4,82.4,82.4,82.4,1.0,0.0,14.0,0.0,0.9,2.0,4.0,6.25,4.34,7.0,2.13,10.0,0.6,0.5,0.8,-2.21,-0.68,2.22,-0.06,7.0,3.06,10.0,0.6,0.5,0.8,-1.93,0.0,5.65,1.34,7.0,3.88,10.0,0.6,0.5,0.8,1005.7,1008.5,1015.13,1010.24,7.0,5.37,12.0,0.7,0.4,0.7,4.6,6.0,6.0,5.3,6.0,1.2,12.0,0.7,0.5,0.8,-13.3,-1.4,13.6,2.7,7.0,18.8,10.0,0.6,0.5,0.8,-4.0,0.0,33.9,12.4,7.0,20.8,10.0,0.6,0.5,0.8,0.29,0.7,3.29,1.77,3.0,2.39,16.0,0.7,0.4,0.8,2.0,5.0,20.0,10.9,3.0,14.1,16.0,0.7,0.4,0.8,2.69,2.69,2.69,2.69,1.0,0.0,14.0,0.0,0.5,0.9,16.7,16.7,16.7,16.7,1.0,0.0,14.0,0.0,0.5,0.9,-16.5,40.0,87.2,35.5,3.0,76.1,16.0,0.7,0.4,0.8,97.4,109.9,115.2,106.4,3.0,13.4,16.0,0.7,0.4,0.8,-25.5,-25.5,-25.5,-25.5,1.0,0.0,14.0,0.0,0.5,0.9,70.1,70.1,70.1,70.1,1.0,0.0,14.0,0.0,0.5,0.9,-5.7,-5.7,-5.7,-5.7,1.0,0.0,14.0,0.0,0.5,0.9,15.7,15.7,15.7,15.7,1.0,0.0,14.0,0.0,0.5,0.9,8.0,64.0,245.0,133.5,7.0,143.0,10.0,0.6,0.5,0.8,10.0,65.0,245.0,135.0,7.0,145.0,10.0,0.6,0.5,0.8
1974,2,11.0,-32.0,20.24,20.5,22.12,21.16,5.0,1.6,18.0,0.6,0.6,0.6,18.69,19.6,21.15,19.81,7.0,1.84,22.0,0.6,0.3,0.6,10.65,11.73,12.77,11.71,4.0,1.22,20.0,0.5,0.5,0.5,75.9,79.3,82.2,79.1,4.0,3.8,20.0,0.5,0.5,6.0,9.0,14.0,9.38,395.0,3.82,16.0,0.5,0.4,0.7,-10.34,-1.37,7.66,-1.29,395.0,7.8,16.0,0.5,0.4,0.7,-1.74,4.0,9.0,3.64,395.0,5.21,16.0,0.5,0.4,0.7,1008.3,1012.8,1018.9,1013.89,258.0,5.14,16.0,0.5,0.4,0.7,6.0,8.0,8.0,7.2,254.0,1.5,16.0,0.7,0.4,0.7,-129.5,-6.3,68.6,-24.8,395.0,96.1,16.0,0.5,0.4,0.7,-12.3,31.5,111.3,45.9,395.0,67.3,16.0,0.5,0.4,0.7,-0.17,0.65,1.99,0.9,4.0,1.43,20.0,0.5,0.5,0.5,-0.6,3.6,14.4,6.8,4.0,11.3,20.0,0.5,0.5,0.5,2.94,3.99,5.07,4.01,4.0,1.51,20.0,0.5,0.5,0.5,16.3,30.1,44.6,30.4,4.0,16.6,20.0,0.5,0.5,0.5,42.4,92.6,173.0,95.7,7.0,64.1,22.0,0.6,0.3,0.6,15.5,89.2,126.0,78.1,7.0,71.2,22.0,0.6,0.3,0.6,12.9,33.1,73.2,42.6,4.0,44.2,20.0,0.5,0.5,0.5,23.5,62.0,91.7,57.8,4.0,45.2,20.0,0.5,0.5,0.5,2.2,9.3,31.8,16.7,4.0,21.7,20.0,0.5,0.5,0.5,6.1,16.0,29.3,17.6,4.0,16.0,20.0,0.5,0.5,0.5,216.0,729.0,2744.0,1248.0,395.0,1354.0,16.0,0.5,0.4,0.7,215.0,730.0,2745.0,1250.0,395.0,1355.0,16.0,0.5,0.4,0.7
1974,2,11.0,-31.0,18.39,20.5,21.09,20.1,9.0,1.4,10.0,0.6,0.6,0.5,20.48,21.0,23.32,21.72,9.0,1.86,10.0,0.6,0.6,0.5,10.75,12.14,13.73,12.25,7.0,1.94,12.0,0.6,0.6,0.5,71.4,77.2,82.0,76.8,8.0,7.6,10.0,0.5,0.5,6.01,7.95,10.94,8.3,14.0,3.64,16.0,0.4,0.4,0.4,-4.5,-1.42,8.39,0.86,14.0,6.18,16.0,0.4,0.4,0.4,1.0,6.29,8.08,4.99,14.0,4.65,16.0,0.4,0.4,0.4,1010.81,1014.25,1016.28,1014.23,16.0,3.68,18.0,0.4,0.4,0.4,6.1,8.0,8.0,7.1,14.0,1.3,14.0,0.5,0.4,0.4,-28.9,-9.5,91.3,9.7,14.0,70.9,16.0,0.4,0.4,0.4,1.3,47.7,77.0,49.1,14.0,60.4,16.0,0.4,0.4,0.4,-4.84,-0.5,0.4,-1.62,9.0,2.62,10.0,0.6,0.6,0.5,-35.4,-1.4,3.3,-10.0,9.0,22.4,10.0,0.6,0.6,0.5,0.42,3.57,4.38,2.64,7.0,2.21,12.0,0.6,0.6,0.5,2.6,19.0,37.6,24.2,7.0,26.9,12.0,0.6,0.6,0.5,-114.5,-58.5,-29.2,-69.4,9.0,58.4,10.0,0.6,0.6,0.5,90.5,160.6,167.7,136.1,9.0,59.4,10.0,0.6,0.6,0.5,-76.0,-35.9,-16.9,-45.4,7.0,33.1,12.0,0.6,0.6,0.5,62.0,88.1,99.6,83.2,7.0,25.0,12.0,0.6,0.6,0.5,-11.3,-6.2,-2.1,-10.8,7.0,17.0,12.0,0.6,0.6,0.5,1.5,17.8,36.2,20.8,7.0,21.9,12.0,0.6,0.6,0.5,217.5,504.0,1310.0,885.5,14.0,1055.0,16.0,0.4,0.4,0.4,215.0,505.0,1310.0,885.0,14.0,1055.0,16.0,0.4,0.4,0.4
1974,2,11.0,-30.0,20.04,21.05,22.11,20.84,10.0,1.58,16.0,0.7,0.5,0.4,19.63,20.1,20.81,20.26,9.0,0.97,14.0,0.7,0.5,0.4,11.13,11.95,12.8,11.89,9.0,1.01,14.0,0.7,0.5,0.4,72.8,83.4,86.0,80.6,9.0,6.5,14.0,0.7,0.4,4.81,8.2,11.16,8.03,10.0,2.92,16.0,0.7,0.5,0.4,-5.43,-3.04,-1.1,-2.84,10.0,2.92,16.0,0.7,0.5,0.4,4.64,6.4,10.01,7.06,10.0,2.71,16.0,0.7,0.5,0.4,1011.1,1013.4,1015.29,1013.42,10.0,2.91,16.0,0.7,0.5,0.4,4.4,6.5,7.6,6.0,10.0,1.9,16.0,0.7,0.5,0.4,-51.9,-25.6,-5.7,-26.9,10.0,28.6,16.0,0.7,0.5,0.4,22.4,53.7,109.6,63.5,10.0,44.5,16.0,0.7,0.5,0.4,-0.81,0.6,1.07,0.31,9.0,1.69,14.0,0.7,0.5,0.4,-5.2,2.8,10.4,4.0,9.0,17.3,14.0,0.7,0.5,0.4,1.91,3.24,4.71,3.21,9.0,1.81,14.0,0.7,0.5,0.4,13.0,22.0,42.7,26.5,9.0,19.4,14.0,0.7,0.5,0.4,-112.5,-75.9,-19.6,-59.0,9.0,62.2,14.0,0.7,0.5,0.4,96.3,140.0,199.2,146.6,9.0,51.8,14.0,0.7,0.5,0.4,-70.5,-45.8,-10.8,-34.9,9.0,37.7,14.0,0.7,0.5,0.4,52.8,87.3,120.4,87.0,9.0,32.6,14.0,0.7,0.5,0.4,-19.2,-9.2,0.7,-9.5,9.0,11.1,14.0,0.7,0.5,0.4,11.2,21.7,34.3,23.7,9.0,17.6,14.0,0.7,0.5,0.4,112.5,557.5,1407.5,704.0,10.0,641.0,16.0,0.7,0.5,0.4,110.0,560.0,1405.0,705.0,10.0,640.0,16.0,0.7,0.5,0.4
1974,2,11.0,-29.0,20.65,21.0,22.87,21.58,9.0,1.38,16.0,0.7,0.6,0.6,20.85,21.1,22.38,21.44,9.0,1.05,16.0,0.6,0.6,0.5,11.35,12.55,14.06,12.63,8.0,1.36,16.0,0.5,0.6,0.5,73.5,80.1,90.3,80.7,8.0,7.9,16.0,0.5,0.5,4.53,8.65,11.7,8.38,10.0,3.6,16.0,0.6,0.6,0.6,-5.62,-2.41,1.0,-2.34,10.0,4.17,16.0,0.6,0.6,0.6,2.97,7.19,10.58,6.1,10.0,5.11,16.0,0.6,0.6,0.6,1011.6,1013.85,1015.64,1013.46,10.0,2.24,16.0,0.6,0.6,0.6,3.0,7.0,7.6,5.4,10.0,2.7,16.0,0.6,0.6,0.6,-61.6,-23.4,5.1,-27.6,10.0,40.7,16.0,0.6,0.6,0.6,12.0,63.2,120.4,64.7,10.0,63.1,16.0,0.6,0.6,0.6,-0.47,0.0,1.6,0.06,8.0,1.73,16.0,0.6,0.6,0.6,-3.2,0.0,8.6,-3.5,8.0,18.9,16.0,0.6,0.6,0.6,1.36,3.52,5.39,3.61,7.0,2.1,16.0,0.6,0.6,0.6,12.5,28.0,33.8,25.6,7.0,12.2,16.0,0.6,0.6,0.6,-121.8,-57.5,28.8,-50.4,9.0,94.0,16.0,0.6,0.6,0.5,61.8,149.6,172.9,117.0,9.0,112.5,16.0,0.6,0.6,0.5,-81.9,-25.5,21.3,-24.3,8.0,60.7,16.0,0.5,0.6,0.5,35.9,66.3,99.0,55.1,8.0,55.9,16.0,0.5,0.6,0.5,-17.0,-8.3,5.0,-7.5,7.0,13.6,16.0,0.6,0.6,0.6,1.4,25.6,28.5,14.4,7.0,20.6,16.0,0.6,0.6,0.6,96.0,658.0,1606.0,880.0,10.0,866.5,16.0,0.6,0.6,0.6,95.0,660.0,1605.0,880.0,10.0,865.0,16.0,0.6,0.6,0.6
1974,2,11.0,-28.0,20.0,21.0,22.0,20.93,41.0,1.15,14.0,0.4,0.6,0.8,20.0,21.0,22.0,21.05,40.0,1.11,14.0,0.4,0.6,0.8,10.92,12.1,13.49,12.18,25.0,1.31,12.0,0.4,0.6,0.8,73.6,81.0,84.5,79.4,26.0,6.9,12.0,0.4,0.8,5.62,8.2,11.5,8.56,38.0,2.99,14.0,0.4,0.6,0.8,-5.27,-2.99,-0.76,-2.97,38.0,2.29,14.0,0.4,0.6,0.8,4.95,7.53,11.17,7.74,38.0,2.91,14.0,0.4,0.6,0.8,1011.04,1012.5,1014.76,1012.77,40.0,2.26,14.0,0.4,0.6,0.8,3.0,5.0,8.0,5.1,42.0,2.2,14.0,0.4,0.6,0.8,-43.5,-22.4,-2.2,-27.5,38.0,28.8,14.0,0.4,0.6,0.8,25.5,59.3,129.8,74.5,38.0,51.2,14.0,0.4,0.6,0.8,-1.24,0.0,0.96,-0.07,40.0,1.28,14.0,0.4,0.6,0.8,-15.3,0.0,8.6,-1.6,36.0,12.8,14.0,0.4,0.6,0.8,2.42,3.13,4.28,3.21,25.0,0.99,12.0,0.4,0.6,0.8,14.0,23.4,36.3,26.0,24.0,13.2,12.0,0.5,0.6,0.8,-109.2,-60.4,-10.6,-59.8,36.0,47.8,14.0,0.4,0.6,0.8,105.1,154.0,234.4,162.7,36.0,63.8,14.0,0.4,0.6,0.8,-62.5,-39.0,-13.8,-37.6,24.0,25.0,12.0,0.5,0.6,0.8,53.2,87.9,119.1,86.5,24.0,32.4,12.0,0.5,0.6,0.8,-20.2,-10.2,-1.9,-10.8,24.0,8.4,12.0,0.5,0.6,0.8,12.5,19.4,33.3,22.9,24.0,11.8,12.0,0.5,0.6,0.8,178.5,551.5,1533.0,858.5,38.0,852.5,14.0,0.4,0.6,0.8,180.0,550.0,1535.0,860.0,38.0,850.0,14.0,0.4,0.6,0.8
1974,2,11.0,-27.0,19.61,20.5,21.3,20.53,121.0,1.08,14.0,0.5,0.5,0.5,19.9,20.8,22.0,20.91,122.0,1.1,14.0,0.5,0.5,0.5,10.9,12.49,13.43,12.32,102.0,1.28,14.0,0.5,0.5,0.5,72.1,80.6,90.5,80.6,104.0,8.5,14.0,0.5,0.5,5.1,8.2,11.0,8.5,126.0,3.1,14.0,0.5,0.5,0.5,-6.17,-3.14,-0.68,-3.42,126.0,2.7,14.0,0.5,0.5,0.5,4.62,7.24,9.67,7.45,126.0,2.75,14.0,0.5,0.5,0.5,1010.8,1012.8,1014.6,1012.67,122.0,2.01,14.0,0.5,0.5,0.5,3.0,6.0,8.0,5.1,123.0,2.4,14.0,0.5,0.5,0.5,-68.2,-23.0,-2.6,-34.3,126.0,35.1,14.0,0.5,0.5,0.5,25.9,63.2,105.3,71.2,126.0,52.1,14.0,0.5,0.5,0.5,-1.6,-0.4,0.83,-0.4,119.0,1.42,14.0,0.5,0.5,0.5,-12.2,-2.7,9.4,-3.2,119.0,11.3,14.0,0.5,0.5,0.5,1.32,2.41,4.19,2.6,101.0,1.54,14.0,0.5,0.5,0.5,8.6,18.5,40.4,23.9,101.0,20.9,14.0,0.5,0.5,0.5,-129.5,-66.3,-14.9,-71.9,122.0,55.7,14.0,0.5,0.5,0.5,99.9,155.8,200.8,156.1,122.0,56.1,14.0,0.5,0.5,0.5,-73.4,-37.9,-7.8,-40.0,102.0,30.3,14.0,0.5,0.5,0.5,60.0,93.8,116.6,91.4,102.0,30.3,14.0,0.5,0.5,0.5,-17.9,-5.8,0.0,-9.1,101.0,11.4,14.0,0.5,0.5,0.5,6.6,16.4,36.9,21.3,101.0,18.6,14.0,0.5,0.5,0.5,132.5,551.5,1331.0,873.0,126.0,970.0,14.0,0.5,0.5,0.5,135.0,550.0,1330.0,875.0,126.0,970.0,14.0,0.5,0.5,0.5
1974,2,11.0,-26.0,19.5,20.0,21.0,20.18,27.0,0.91,18.0,0.6,0.2,0.3,20.0,20.7,21.57,20.83,28.0,1.18,18.0,0.6,0.2,0.3,11.66,12.24,13.67,12.4,26.0,1.13,18.0,0.6,0.2,0.3,74.6,82.0,87.2,81.2,26.0,7.2,18.0,0.6,0.3,3.17,6.95,9.94,7.2,28.0,3.71,18.0,0.6,0.2,0.3,-5.23,-3.01,0.0,-2.68,28.0,3.0,18.0,0.6,0.2,0.3,2.86,6.11,9.69,6.04,28.0,3.64,18.0,0.6,0.2,0.3,1011.5,1012.7,1014.07,1012.88,28.0,1.77,18.0,0.6,0.2,0.3,3.6,8.0,8.0,6.4,28.0,2.4,18.0,0.6,0.2,0.3,-46.2,-21.4,0.0,-27.0,28.0,36.4,18.0,0.6,0.2,0.3,9.5,44.6,95.5,55.9,28.0,52.8,18.0,0.6,0.2,0.3,-2.17,-0.5,0.59,-0.66,27.0,1.3,18.0,0.6,0.2,0.3,-9.7,-3.1,5.0,-3.7,27.0,9.0,18.0,0.6,0.2,0.3,1.13,2.59,3.29,2.42,25.0,1.2,18.0,0.6,0.2,0.3,3.4,19.8,28.7,18.3,25.0,17.0,18.0,0.6,0.2,0.3,-108.6,-61.2,0.0,-54.4,28.0,61.3,18.0,0.6,0.2,0.3,65.5,128.2,204.9,124.2,28.0,74.3,18.0,0.6,0.2,0.3,-51.3,-31.3,0.4,-30.2,26.0,36.1,18.0,0.6,0.2,0.3,31.5,70.7,122.8,71.6,26.0,44.9,18.0,0.6,0.2,0.3,-14.2,-4.0,0.7,-7.4,25.0,10.7,18.0,0.6,0.2,0.3,0.8,15.2,24.0,15.2,25.0,15.0,18.0,0.6,0.2,0.3,40.5,337.0,983.0,676.0,28.0,945.5,18.0,0.6,0.2,0.3,40.0,335.0,985.0,675.0,28.0,945.0,18.0,0.6,0.2,0.3
1974,2,11.0,-25.0,21.75,21.85,21.95,21.85,2.0,0.21,2.0,0.5,0.1,0.6,21.25,21.35,21.45,21.35,2.0,0.21,2.0,0.5,0.1,0.6,10.7,10.94,11.17,10.94,2.0,0.49,2.0,0.5,0.1,0.6,68.2,69.3,70.4,69.3,2.0,2.2,2.0,0.5,0.6,5.86,7.7,10.5,8.17,3.0,3.42,2.0,0.7,0.1,0.6,-7.19,-3.21,-2.82,-4.96,3.0,3.54,2.0,0.7,0.1,0.6,4.91,7.24,7.47,6.22,3.0,2.07,2.0,0.7,0.1,0.6,1012.34,1012.65,1012.96,1012.65,2.0,0.64,2.0,0.5,0.1,0.6,3.6,7.0,7.7,5.7,3.0,3.2,2.0,0.7,0.1,0.6,-79.2,-20.3,-17.4,-47.7,3.0,51.1,2.0,0.7,0.1,0.6,30.8,55.7,78.8,54.8,3.0,35.2,2.0,0.7,0.1,0.6,0.3,0.5,0.7,0.5,2.0,0.42,2.0,0.5,0.1,0.6,2.8,5.5,8.2,5.5,2.0,5.6,2.0,0.5,0.1,0.6,5.04,5.39,5.73,5.39,2.0,0.72,2.0,0.5,0.1,0.6,42.6,53.6,64.5,53.6,2.0,22.6,2.0,0.5,0.1,0.6,-170.2,-124.1,-78.0,-124.1,2.0,95.5,2.0,0.5,0.1,0.6,156.4,158.2,160.0,158.2,2.0,3.7,2.0,0.5,0.1,0.6,-85.2,-62.7,-40.2,-62.7,2.0,46.7,2.0,0.5,0.1,0.6,80.5,81.0,81.4,81.0,2.0,0.9,2.0,0.5,0.1,0.6,-46.9,-33.1,-19.3,-33.1,2.0,28.6,2.0,0.5,0.1,0.6,36.8,40.0,43.2,40.0,2.0,6.6,2.0,0.5,0.1,0.6,230.0,456.5,1266.5,741.5,3.0,798.0,2.0,0.7,0.1,0.6,230.0,455.0,1265.0,740.0,3.0,800.0,2.0,0.7,0.1,0.6
1974,2,11.0,-24.0,,,,,,,,,,,,,,,,,,,,,,,,,,,,,,,,,,,,,,,,6.0,6.0,6.0,6.0,1.0,0.0,4.0,0.0,0.6,0.6,-2.05,-2.05,-2.05,-2.05,1.0,0.0,4.0,0.0,0.6,0.6,5.64,5.64,5.64,5.64,1.0,0.0,4.0,0.0,0.6,0.6,1011.9,1011.9,1011.9,1011.9,1.0,0.0,4.0,0.0,0.6,0.6,,,,,,,,,,,,,,,,,,,,,,,,,,,,,,,,,,,,,,,,,,,,,,,,,,,,,,,,,,,,,,,,,,,,,,,,,,,,,,,,,,,,,,,,,,,,,,,,,,,,,,,,,,,,,,,,,,,,,,,,,,,,,,,,,,,,,,,,,,,,,,,,,,,,,,
1974,2,11.0,-21.0,19.27,21.0,21.7,20.6,9.0,1.35,12.0,0.7,0.7,0.7,20.6,21.25,21.77,21.03,8.0,0.85,12.0,0.6,0.7,0.7,13.07,13.32,15.35,13.87,7.0,1.3,12.0,0.7,0.6,0.7,82.4,87.2,97.1,89.5,7.0,7.4,12.0,0.7,0.7,0.0,1.0,3.0,1.42,57.0,1.63,18.0,0.5,0.8,0.9,-1.03,0.0,0.0,-0.29,57.0,0.84,18.0,0.5,0.8,0.9,0.0,1.0,2.62,1.3,57.0,1.48,18.0,0.5,0.8,0.9,1012.1,1014.6,1015.61,1014.11,56.0,2.0,18.0,0.5,0.8,0.9,2.7,8.0,8.0,6.5,56.0,2.4,18.0,0.5,0.8,0.9,-2.6,0.0,0.0,-0.3,57.0,5.5,18.0,0.5,0.8,0.9,0.0,1.0,7.9,4.2,57.0,9.4,18.0,0.5,0.8,0.9,-0.83,-0.15,1.06,-0.1,8.0,1.24,12.0,0.6,0.7,0.7,-1.0,-0.1,2.1,0.7,8.0,5.5,12.0,0.6,0.7,0.7,0.07,1.82,3.07,1.59,7.0,2.12,12.0,0.7,0.6,0.7,-0.3,1.5,7.7,6.0,7.0,13.7,12.0,0.7,0.6,0.7,0.0,0.0,10.3,8.0,8.0,35.9,12.0,0.6,0.7,0.7,20.7,44.5,97.6,57.8,8.0,49.7,12.0,0.6,0.7,0.7,0.0,0.0,10.8,9.0,7.0,20.2,12.0,0.7,0.6,0.7,12.5,27.7,51.0,33.5,7.0,30.5,12.0,0.7,0.6,0.7,-0.1,0.0,0.8,2.3,7.0,6.8,12.0,0.7,0.6,0.7,-0.3,1.5,7.5,5.4,7.0,12.0,12.0,0.7,0.6,0.7,0.0,1.0,27.0,21.5,57.0,88.5,18.0,0.5,0.8,0.9,0.0,0.0,25.0,20.0,57.0,90.0,18.0,0.5,0.8,0.9
1974,2,11.0,-20.0,18.0,19.2,21.04,19.48,68.0,1.55,8.0,0.5,0.8,0.4,18.47,20.3,21.9,20.38,41.0,1.92,6.0,0.5,0.8,0.4,14.01,15.23,16.45,15.23,2.0,2.53,14.0,0.5,0.2,0.7,91.9,93.2,94.5,93.2,2.0,2.7,14.0,0.5,0.7,0.0,2.0,5.0,2.37,66.0,2.69,8.0,0.5,0.8,0.4,-1.71,0.0,0.0,-0.62,66.0,1.04,8.0,0.5,0.8,0.4,0.0,1.71,4.7,2.21,66.0,2.55,8.0,0.5,0.8,0.4,1011.09,1013.3,1015.0,1013.27,67.0,2.08,8.0,0.5,0.8,0.4,3.0,6.5,8.0,5.5,58.0,2.6,8.0,0.5,0.7,0.4,-7.3,0.0,0.0,-3.4,66.0,7.5,8.0,0.5,0.8,0.4,0.0,3.4,23.5,12.0,66.0,20.1,8.0,0.5,0.8,0.4,-1.57,0.5,1.6,-0.07,41.0,1.89,6.0,0.5,0.8,0.4,0.0,0.0,3.8,-0.1,40.0,9.1,6.0,0.6,0.7,0.4,-0.92,0.34,1.59,0.34,2.0,2.6,14.0,0.5,0.2,0.7,-2.8,-0.3,2.1,-0.3,2.0,5.1,14.0,0.5,0.2,0.7,-20.5,0.0,0.0,-5.5,40.0,12.9,6.0,0.6,0.7,0.4,0.0,24.0,80.0,43.1,40.0,52.8,6.0,0.6,0.7,0.4,0.0,0.0,0.0,0.0,2.0,0.0,14.0,0.5,0.2,0.7,24.0,32.2,40.4,32.2,2.0,17.0,14.0,0.5,0.2,0.7,0.0,0.0,0.0,0.0,2.0,0.0,14.0,0.5,0.2,0.7,-2.8,-0.3,2.1,-0.3,2.0,5.1,14.0,0.5,0.2,0.7,0.0,8.0,125.0,83.0,66.0,181.0,8.0,0.5,0.8,0.4,0.0,10.0,125.0,85.0,66.0,180.0,8.0,0.5,0.8,0.4
1974,2,11.0,-19.0,18.0,19.95,21.77,19.92,24.0,1.73,12.0,0.7,0.5,0.4,18.69,20.9,22.32,20.96,16.0,2.41,12.0,0.6,0.5,0.4,12.88,14.26,15.14,14.02,4.0,1.45,10.0,0.8,0.4,0.4,81.5,92.6,94.9,88.4,4.0,10.3,10.0,0.8,0.4,0.0,2.0,7.13,2.73,22.0,3.05,12.0,0.6,0.5,0.4,-2.44,0.0,0.12,-0.6,22.0,1.68,12.0,0.6,0.5,0.4,0.0,1.49,6.39,2.34,22.0,2.87,12.0,0.6,0.5,0.4,1009.9,1012.75,1014.81,1012.54,24.0,2.19,12.0,0.7,0.5,0.4,3.0,5.5,8.0,5.4,24.0,2.5,12.0,0.7,0.5,0.4,-17.4,0.0,0.1,-5.2,22.0,12.4,12.0,0.6,0.5,0.4,0.0,2.5,44.4,14.3,22.0,21.0,12.0,0.6,0.5,0.4,-2.16,-0.6,2.16,-0.25,15.0,2.13,10.0,0.6,0.5,0.3,-5.2,0.0,13.3,1.9,13.0,9.9,12.0,0.5,0.5,0.4,-0.57,0.17,2.85,1.1,4.0,2.59,10.0,0.8,0.4,0.4,-1.4,0.3,6.9,2.7,4.0,6.8,10.0,0.8,0.4,0.4,-47.2,0.0,11.2,-14.0,14.0,41.6,12.0,0.5,0.5,0.4,0.0,61.6,120.7,59.3,14.0,55.8,12.0,0.5,0.5,0.4,-2.9,1.2,5.5,1.3,4.0,5.7,10.0,0.8,0.4,0.4,6.4,22.3,39.5,22.9,4.0,20.5,10.0,0.8,0.4,0.4,-1.4,-0.2,0.1,-0.6,4.0,1.1,10.0,0.8,0.4,0.4,-1.3,0.3,6.8,2.6,4.0,6.7,10.0,0.8,0.4,0.4,0.0,8.0,363.0,111.5,22.0,182.5,12.0,0.6,0.5,0.4,0.0,10.0,365.0,110.0,22.0,180.0,12.0,0.6,0.5,0.4
1974,2,11.0,-18.0,20.98,21.8,22.35,21.77,7.0,0.9,12.0,0.6,0.4,0.6,19.33,20.6,22.8,21.08,5.0,2.07,14.0,0.8,0.4,0.6,13.1,13.6,14.3,13.7,3.0,0.88,16.0,0.7,0.4,0.5,77.9,78.0,86.2,82.0,3.0,6.9,16.0,0.7,0.5,0.0,2.6,4.03,2.33,7.0,1.8,12.0,0.6,0.4,0.6,-2.3,0.0,0.48,-0.44,7.0,1.32,12.0,0.6,0.4,0.6,0.0,1.93,3.98,2.04,7.0,1.65,12.0,0.6,0.4,0.6,1010.67,1012.6,1014.0,1012.51,7.0,2.01,12.0,0.6,0.4,0.6,5.2,7.0,8.0,6.3,6.0,2.3,12.0,0.7,0.4,0.7,-7.1,0.0,1.2,-2.0,7.0,4.8,12.0,0.6,0.4,0.6,0.0,5.8,16.1,7.2,7.0,7.3,12.0,0.6,0.4,0.6,-1.09,-0.1,2.51,0.58,5.0,2.41,14.0,0.8,0.4,0.6,-0.5,0.0,2.7,1.3,5.0,3.4,14.0,0.8,0.4,0.6,1.53,1.73,2.77,2.14,3.0,0.98,16.0,0.7,0.4,0.5,1.2,3.7,5.8,3.5,3.0,3.4,16.0,0.7,0.4,0.5,-16.3,0.0,14.3,-2.4,5.0,25.4,14.0,0.8,0.4,0.6,0.0,40.0,61.7,34.0,5.0,33.8,14.0,0.8,0.4,0.6,1.9,6.1,11.2,6.5,3.0,6.8,16.0,0.7,0.4,0.5,7.4,23.4,31.2,19.4,3.0,17.8,16.0,0.7,0.4,0.5,0.2,0.6,2.5,1.4,3.0,1.8,16.0,0.7,0.4,0.5,1.2,3.7,5.2,3.2,3.0,3.0,16.0,0.7,0.4,0.5,0.0,17.5,65.5,30.5,7.0,36.5,12.0,0.6,0.4,0.6,0.0,20.0,65.0,30.0,7.0,35.0,12.0,0.6,0.4,0.6
1974,2,11.0,-17.0,20.64,21.6,22.56,21.6,4.0,1.11,16.0,0.5,0.4,0.6,16.62,18.95,22.8,19.68,4.0,3.93,16.0,0.8,0.4,0.5,14.36,14.36,14.36,14.36,1.0,0.0,16.0,1.0,0.5,0.7,95.2,95.2,95.2,95.2,1.0,0.0,16.0,1.0,0.7,0.0,2.0,4.0,2.0,4.0,2.31,18.0,0.8,0.4,0.6,0.0,0.0,0.36,0.17,4.0,0.35,18.0,0.8,0.4,0.6,0.0,1.97,3.97,1.98,4.0,2.29,18.0,0.8,0.4,0.6,1011.84,1012.6,1013.9,1012.84,5.0,1.25,16.0,0.6,0.4,0.5,5.6,7.0,8.0,6.8,5.0,1.3,16.0,0.6,0.4,0.5,0.0,0.0,1.5,0.7,4.0,1.4,18.0,0.8,0.4,0.6,0.0,7.9,15.9,7.9,4.0,9.2,18.0,0.8,0.4,0.6,1.65,5.4,6.08,3.9,3.0,3.5,14.0,0.7,0.4,0.6,0.0,0.0,0.0,0.0,2.0,0.0,14.0,1.0,0.4,0.7,0.64,0.64,0.64,0.64,1.0,0.0,16.0,1.0,0.5,0.7,0.0,0.0,0.0,0.0,1.0,0.0,16.0,1.0,0.5,0.7,0.0,0.0,0.0,0.0,3.0,0.0,16.0,1.0,0.5,0.6,0.0,0.0,67.7,33.1,3.0,57.3,16.0,1.0,0.5,0.6,0.0,0.0,0.0,0.0,1.0,0.0,16.0,1.0,0.5,0.7,0.0,0.0,0.0,0.0,1.0,0.0,16.0,1.0,0.5,0.7,0.0,0.0,0.0,0.0,1.0,0.0,16.0,1.0,0.5,0.7,0.0,0.0,0.0,0.0,1.0,0.0,16.0,1.0,0.5,0.7,0.0,32.0,64.0,32.0,4.0,37.0,18.0,0.8,0.4,0.6,0.0,30.0,65.0,30.0,4.0,35.0,18.0,0.8,0.4,0.6
1974,2,11.0,-16.0,21.46,23.0,24.08,22.87,11.0,1.39,12.0,0.4,0.5,0.4,20.95,21.8,22.62,22.08,9.0,1.75,14.0,0.3,0.5,0.4,13.41,14.04,14.44,13.98,5.0,0.73,10.0,0.0,0.6,0.4,85.1,87.9,90.2,87.6,5.0,3.0,10.0,0.0,0.4,2.04,3.6,4.83,3.36,10.0,1.8,14.0,0.4,0.5,0.5,-1.05,0.36,1.76,0.22,10.0,1.68,14.0,0.4,0.5,0.5,1.88,3.07,4.3,3.02,10.0,1.67,14.0,0.4,0.5,0.5,1010.05,1011.95,1014.45,1012.05,12.0,2.01,14.0,0.4,0.5,0.4,2.2,6.0,7.0,5.1,11.0,2.6,14.0,0.5,0.5,0.4,-4.1,0.8,7.4,0.5,10.0,7.6,14.0,0.4,0.5,0.5,3.9,11.1,20.1,12.8,10.0,10.8,14.0,0.4,0.5,0.5,-0.39,0.75,3.26,0.95,8.0,2.37,12.0,0.3,0.5,0.3,-0.7,5.4,13.4,5.7,7.0,6.8,12.0,0.1,0.5,0.4,2.23,3.75,4.64,3.48,5.0,1.26,10.0,0.0,0.6,0.4,7.0,13.5,21.4,13.8,5.0,7.7,10.0,0.0,0.6,0.4,-26.6,7.8,45.7,2.7,8.0,41.1,14.0,0.3,0.5,0.4,40.0,68.5,85.6,60.0,8.0,31.1,14.0,0.3,0.5,0.4,-13.5,14.7,31.7,9.8,5.0,23.5,10.0,0.0,0.6,0.4,33.0,51.1,57.3,45.9,5.0,14.2,10.0,0.0,0.6,0.4,-4.1,2.1,7.4,2.0,5.0,6.4,10.0,0.0,0.6,0.4,5.5,12.7,19.4,12.5,5.0,7.5,10.0,0.0,0.6,0.4,8.5,46.5,113.0,65.5,10.0,69.0,14.0,0.4,0.5,0.5,10.0,45.0,115.0,65.0,10.0,70.0,14.0,0.4,0.5,0.5
1974,2,11.0,-15.0,21.77,23.65,24.77,23.58,8.0,1.56,12.0,0.3,0.5,0.7,23.92,24.55,24.81,24.38,4.0,0.68,8.0,0.3,0.6,0.9,14.41,14.41,17.58,15.96,3.0,2.69,6.0,0.0,0.6,0.8,76.4,80.2,90.9,83.6,3.0,11.0,6.0,0.0,0.8,1.13,3.0,4.73,2.8,9.0,1.79,12.0,0.3,0.5,0.6,0.0,0.0,1.52,0.46,9.0,1.4,12.0,0.3,0.5,0.6,1.0,3.0,3.97,2.48,9.0,1.71,12.0,0.3,0.5,0.6,1009.73,1011.0,1012.67,1011.21,9.0,2.44,12.0,0.3,0.5,0.6,1.0,5.0,8.0,4.4,7.0,2.9,12.0,0.4,0.5,0.7,0.0,0.0,5.0,2.3,9.0,6.0,12.0,0.3,0.5,0.6,1.3,9.0,18.9,9.6,9.0,9.2,12.0,0.3,0.5,0.6,-0.12,0.5,1.01,0.45,4.0,0.75,8.0,0.3,0.6,0.9,0.3,2.0,4.7,2.5,4.0,3.1,8.0,0.3,0.6,0.9,1.55,4.38,5.85,3.72,3.0,3.2,6.0,0.0,0.6,0.8,5.2,15.8,27.8,16.5,3.0,16.5,6.0,0.0,0.6,0.8,8.9,30.4,62.3,35.4,4.0,34.7,8.0,0.3,0.6,0.9,51.7,84.5,109.9,81.0,4.0,38.2,8.0,0.3,0.6,0.9,18.0,25.9,40.5,29.2,3.0,16.7,6.0,0.0,0.6,0.8,31.2,44.9,52.7,42.0,3.0,16.0,6.0,0.0,0.6,0.8,2.6,7.9,17.1,9.8,3.0,10.8,6.0,0.0,0.6,0.8,4.5,13.6,21.8,13.2,3.0,12.6,6.0,0.0,0.6,0.8,1.5,27.0,108.5,45.5,9.0,52.0,12.0,0.3,0.5,0.6,0.0,25.0,110.0,45.0,9.0,50.0,12.0,0.3,0.5,0.6
1974,2,11.0,-14.0,22.1,22.3,23.67,22.87,3.0,1.25,18.0,0.7,0.6,0.6,21.91,23.0,24.5,23.2,3.0,1.91,16.0,0.7,0.6,0.5,14.06,14.06,14.06,14.06,1.0,0.0,20.0,1.0,0.9,0.6,80.2,80.2,80.2,80.2,1.0,0.0,20.0,1.0,0.6,3.29,4.8,7.05,5.15,4.0,2.3,18.0,0.5,0.5,0.5,-0.65,0.51,2.9,1.1,4.0,2.51,18.0,0.5,0.5,0.5,3.09,3.62,6.03,4.51,4.0,2.36,18.0,0.5,0.5,0.5,1008.95,1010.2,1012.97,1010.93,4.0,2.59,18.0,0.5,0.5,0.5,7.0,7.5,8.0,7.5,4.0,0.6,18.0,0.5,0.5,0.5,-2.3,1.5,15.9,6.6,4.0,14.3,18.0,0.5,0.5,0.5,10.2,17.7,44.5,26.9,4.0,25.5,18.0,0.5,0.5,0.5,-0.38,0.95,2.28,0.95,2.0,2.76,16.0,1.0,0.6,0.6,-1.6,2.6,6.7,2.6,2.0,8.7,16.0,1.0,0.6,0.6,2.47,2.47,2.47,2.47,1.0,0.0,20.0,1.0,0.9,0.6,8.9,8.9,8.9,8.9,1.0,0.0,20.0,1.0,0.9,0.6,-19.3,0.0,15.0,-2.1,3.0,25.2,16.0,0.7,0.6,0.5,65.9,77.8,162.3,113.2,3.0,77.0,16.0,0.7,0.6,0.5,-17.3,-17.3,-17.3,-17.3,1.0,0.0,20.0,1.0,0.9,0.6,47.6,47.6,47.6,47.6,1.0,0.0,20.0,1.0,0.9,0.6,-3.0,-3.0,-3.0,-3.0,1.0,0.0,20.0,1.0,0.9,0.6,8.4,8.4,8.4,8.4,1.0,0.0,20.0,1.0,0.9,0.6,36.5,131.5,371.0,200.5,4.0,224.5,18.0,0.5,0.5,0.5,35.0,130.0,370.0,200.0,4.0,225.0,18.0,0.5,0.5,0.5
1974,2,11.0,-13.0,23.33,24.55,25.33,24.64,8.0,1.59,14.0,0.6,0.6,0.5,23.31,25.5,27.58,25.45,4.0,2.56,12.0,0.8,0.6,0.4,16.04,16.48,16.92,16.48,2.0,0.92,2.0,1.0,0.8,0.4,78.4,80.8,83.2,80.8,2.0,5.0,2.0,1.0,0.4,3.01,5.85,7.89,5.6,8.0,2.41,14.0,0.6,0.6,0.5,0.0,0.51,3.04,1.12,8.0,1.66,14.0,0.6,0.6,0.5,2.92,5.27,7.46,5.28,8.0,2.36,14.0,0.6,0.6,0.5,1009.48,1011.0,1011.4,1010.87,9.0,1.3,14.0,0.6,0.6,0.5,2.0,5.0,6.0,4.4,7.0,1.9,14.0,0.7,0.6,0.4,0.0,1.5,21.2,8.2,8.0,11.9,14.0,0.6,0.6,0.5,9.0,32.0,58.9,34.5,8.0,26.5,14.0,0.6,0.6,0.5,0.15,0.9,1.17,0.67,3.0,0.78,10.0,1.0,0.6,0.3,0.5,2.8,6.8,3.6,3.0,4.7,10.0,1.0,0.6,0.3,4.79,5.41,6.03,5.41,2.0,1.28,2.0,1.0,0.8,0.4,21.3,24.9,28.5,24.9,2.0,7.5,2.0,1.0,0.8,0.4,-19.5,0.0,0.0,-9.5,3.0,16.5,10.0,1.0,0.6,0.3,71.2,78.4,135.1,102.5,3.0,51.3,10.0,1.0,0.6,0.3,-15.3,-9.1,-2.9,-9.1,2.0,12.8,2.0,1.0,0.8,0.4,58.8,78.0,97.2,78.0,2.0,39.7,2.0,1.0,0.8,0.4,-5.6,-3.3,-1.1,-3.3,2.0,4.7,2.0,1.0,0.8,0.4,20.3,24.3,28.3,24.3,2.0,8.3,2.0,1.0,0.8,0.4,27.5,213.0,493.5,261.5,8.0,259.5,14.0,0.6,0.6,0.5,25.0,215.0,495.0,260.0,8.0,260.0,14.0,0.6,0.6,0.5
1974,2,11.0,-12.0,23.96,25.05,25.82,24.9,4.0,1.29,12.0,0.5,0.6,0.7,23.0,24.5,28.8,25.87,3.0,4.41,12.0,1.0,0.8,0.8,15.03,15.03,15.03,15.03,1.0,0.0,2.0,1.0,0.9,0.7,78.4,78.4,78.4,78.4,1.0,0.0,2.0,1.0,0.7,1.65,5.0,5.0,3.52,5.0,2.23,14.0,0.6,0.6,0.8,-0.32,0.0,1.4,0.59,5.0,1.85,14.0,0.6,0.6,0.8,1.55,3.21,5.0,3.13,5.0,2.08,14.0,0.6,0.6,0.8,1010.71,1011.4,1013.17,1011.8,5.0,1.35,14.0,0.6,0.6,0.8,2.0,2.0,3.6,2.8,4.0,1.5,12.0,0.8,0.7,0.9,-0.8,0.0,7.0,3.4,5.0,8.9,14.0,0.6,0.6,0.8,4.0,16.1,25.0,14.5,5.0,11.2,14.0,0.6,0.6,0.8,1.91,2.15,2.39,2.15,2.0,0.49,10.0,1.0,0.8,0.8,5.9,8.6,11.3,8.6,2.0,5.5,10.0,1.0,0.8,0.8,6.39,6.39,6.39,6.39,1.0,0.0,2.0,1.0,0.9,0.7,16.6,16.6,16.6,16.6,1.0,0.0,2.0,1.0,0.9,0.7,-14.9,0.0,0.0,-7.3,3.0,12.6,12.0,1.0,0.8,0.8,19.0,59.9,95.1,57.1,3.0,55.8,12.0,1.0,0.8,0.8,-13.4,-13.4,-13.4,-13.4,1.0,0.0,2.0,1.0,0.9,0.7,36.7,36.7,36.7,36.7,1.0,0.0,2.0,1.0,0.9,0.7,-5.7,-5.7,-5.7,-5.7,1.0,0.0,2.0,1.0,0.9,0.7,15.6,15.6,15.6,15.6,1.0,0.0,2.0,1.0,0.9,0.7,11.0,125.0,125.0,78.5,5.0,64.0,14.0,0.6,0.6,0.8,10.0,125.0,125.0,80.0,5.0,65.0,14.0,0.6,0.6,0.8
1974,2,11.0,-11.0,24.5,26.9,27.95,26.42,9.0,1.62,16.0,0.9,0.4,0.5,24.02,26.25,28.42,26.25,8.0,2.06,14.0,1.0,0.4,0.5,15.67,16.95,19.64,17.66,5.0,2.54,14.0,1.0,0.4,0.4,69.3,78.7,90.4,79.4,5.0,12.0,14.0,1.0,0.4,1.5,4.5,5.09,3.64,8.0,1.99,16.0,0.9,0.4,0.5,0.0,0.0,0.0,0.34,8.0,1.08,16.0,0.9,0.4,0.5,1.48,4.5,5.09,3.53,8.0,1.87,16.0,0.9,0.4,0.5,1008.32,1009.8,1012.54,1010.27,9.0,2.13,16.0,0.9,0.4,0.5,1.5,4.0,6.5,4.2,9.0,2.4,16.0,0.9,0.4,0.5,0.0,0.0,0.0,2.2,8.0,6.4,16.0,0.9,0.4,0.5,2.2,20.5,25.9,16.1,8.0,12.5,16.0,0.9,0.4,0.5,-0.8,0.65,1.34,0.46,8.0,1.01,14.0,1.0,0.4,0.5,-0.2,1.4,3.1,1.7,7.0,4.2,16.0,1.0,0.5,0.5,2.51,6.53,7.36,5.27,5.0,2.65,14.0,1.0,0.4,0.4,5.8,10.2,12.3,9.1,4.0,5.0,14.0,1.0,0.4,0.4,-0.3,0.0,0.0,-1.0,7.0,2.6,16.0,1.0,0.5,0.5,37.9,93.6,139.3,85.8,7.0,51.0,16.0,1.0,0.5,0.5,-2.1,0.0,0.0,-1.0,4.0,2.0,14.0,1.0,0.4,0.4,20.5,24.0,70.0,44.3,4.0,44.2,14.0,1.0,0.4,0.4,-1.0,0.0,0.0,-0.5,4.0,0.9,14.0,1.0,0.4,0.4,5.8,10.1,12.3,9.1,4.0,5.0,14.0,1.0,0.4,0.4,3.5,94.5,132.0,84.0,8.0,79.0,16.0,0.9,0.4,0.5,5.0,95.0,130.0,85.0,8.0,80.0,16.0,0.9,0.4,0.5
1974,2,11.0,-10.0,24.9,26.2,26.61,25.77,3.0,1.31,10.0,0.3,0.7,0.3,25.95,26.05,26.15,26.05,2.0,0.21,10.0,0.5,0.8,0.5,16.39,16.39,16.39,16.39,1.0,0.0,4.0,0.0,0.9,0.4,78.1,78.1,78.1,78.1,1.0,0.0,4.0,0.0,0.4,3.27,5.0,7.44,5.24,5.0,2.45,14.0,0.6,0.6,0.4,-0.94,0.0,0.0,-0.51,5.0,1.15,14.0,0.6,0.6,0.4,2.68,5.0,7.44,5.05,5.0,2.6,14.0,0.6,0.6,0.4,1009.21,1011.4,1011.85,1010.4,5.0,2.81,14.0,0.6,0.6,0.4,1.6,3.0,5.4,3.4,5.0,2.1,14.0,0.6,0.6,0.4,-3.8,0.0,0.0,-2.1,5.0,4.6,14.0,0.6,0.6,0.4,9.2,25.0,55.7,31.5,5.0,26.2,14.0,0.6,0.6,0.4,0.3,0.3,0.3,0.3,1.0,0.0,4.0,0.0,0.9,0.4,2.5,2.5,2.5,2.5,1.0,0.0,4.0,0.0,0.9,0.4,5.03,5.03,5.03,5.03,1.0,0.0,4.0,0.0,0.9,0.4,41.3,41.3,41.3,41.3,1.0,0.0,4.0,0.0,0.9,0.4,-56.7,-33.7,-10.7,-33.7,2.0,47.6,10.0,0.5,0.8,0.5,101.2,146.3,191.4,146.3,2.0,93.4,10.0,0.5,0.8,0.5,0.0,0.0,0.0,0.0,1.0,0.0,4.0,0.0,0.9,0.4,134.4,134.4,134.4,134.4,1.0,0.0,4.0,0.0,0.9,0.4,0.0,0.0,0.0,0.0,1.0,0.0,4.0,0.0,0.9,0.4,41.3,41.3,41.3,41.3,1.0,0.0,4.0,0.0,0.9,0.4,43.5,125.0,419.0,218.5,5.0,225.5,14.0,0.6,0.6,0.4,45.0,125.0,420.0,220.0,5.0,225.0,14.0,0.6,0.6,0.4
1974,2,11.0,-9.0,25.18,26.2,26.75,25.97,3.0,1.17,12.0,0.0,0.6,0.6,26.85,27.4,27.95,27.4,2.0,1.13,14.0,0.0,0.6,0.6,19.92,19.92,19.92,19.92,1.0,0.0,10.0,0.0,0.4,0.5,90.9,90.9,90.9,90.9,1.0,0.0,10.0,0.0,0.5,2.27,5.0,6.73,4.6,5.0,2.7,16.0,0.0,0.6,0.6,-0.37,0.0,0.0,-0.21,5.0,0.46,16.0,0.0,0.6,0.6,2.15,5.0,6.73,4.56,5.0,2.73,16.0,0.0,0.6,0.6,1008.15,1011.4,1012.32,1010.3,5.0,2.79,16.0,0.0,0.6,0.6,3.3,4.0,6.7,5.0,3.0,2.6,12.0,0.0,0.6,0.7,-1.1,0.0,0.0,-0.6,5.0,1.4,16.0,0.0,0.6,0.6,5.7,25.0,46.2,26.9,5.0,24.9,16.0,0.0,0.6,0.6,0.4,0.4,0.4,0.4,1.0,0.0,10.0,0.0,0.4,0.5,0.4,0.4,0.4,0.4,1.0,0.0,10.0,0.0,0.4,0.5,2.54,2.54,2.54,2.54,1.0,0.0,10.0,0.0,0.4,0.5,2.5,2.5,2.5,2.5,1.0,0.0,10.0,0.0,0.4,0.5,0.0,0.0,0.0,0.0,2.0,0.0,14.0,0.0,0.6,0.6,58.2,126.1,194.0,126.1,2.0,140.7,14.0,0.0,0.6,0.6,0.0,0.0,0.0,0.0,1.0,0.0,10.0,0.0,0.4,0.5,19.9,19.9,19.9,19.9,1.0,0.0,10.0,0.0,0.4,0.5,0.0,0.0,0.0,0.0,1.0,0.0,10.0,0.0,0.4,0.5,2.5,2.5,2.5,2.5,1.0,0.0,10.0,0.0,0.4,0.5,17.5,125.0,324.0,176.0,5.0,206.0,16.0,0.0,0.6,0.6,20.0,125.0,325.0,175.0,5.0,205.0,16.0,0.0,0.6,0.6
1974,2,11.0,-8.0,25.86,26.8,27.04,26.46,5.0,0.82,8.0,0.6,0.5,0.5,26.23,26.5,28.21,27.2,3.0,1.57,6.0,0.3,0.5,0.5,16.87,17.62,20.27,18.55,3.0,2.61,6.0,0.3,0.5,0.5,79.1,81.1,84.0,81.6,3.0,3.6,6.0,0.3,0.5,3.0,5.3,6.21,4.88,6.0,1.76,10.0,0.5,0.5,0.5,-1.39,-0.44,0.0,-0.69,6.0,0.85,10.0,0.5,0.5,0.5,2.96,5.12,6.18,4.78,6.0,1.73,10.0,0.5,0.5,0.5,1007.47,1010.6,1011.67,1009.93,6.0,2.37,10.0,0.5,0.5,0.5,2.0,5.5,6.2,4.7,6.0,2.2,10.0,0.5,0.5,0.5,-9.3,-1.2,0.0,-3.9,6.0,5.3,10.0,0.5,0.5,0.5,8.9,27.5,38.5,25.9,6.0,16.3,10.0,0.5,0.5,0.5,-1.27,0.3,0.78,-0.23,3.0,1.57,6.0,0.3,0.5,0.5,-3.8,1.4,2.2,-0.7,3.0,4.8,6.0,0.3,0.5,0.5,2.07,4.55,5.53,3.82,3.0,2.61,6.0,0.3,0.5,0.5,6.9,15.6,19.2,13.1,3.0,9.3,6.0,0.3,0.5,0.5,-15.8,0.0,0.0,-7.7,3.0,13.4,6.0,0.3,0.5,0.5,72.1,89.9,111.7,91.9,3.0,29.1,6.0,0.3,0.5,0.5,-10.0,0.0,0.0,-4.9,3.0,8.5,6.0,0.3,0.5,0.5,48.7,66.6,76.5,62.7,3.0,20.6,6.0,0.3,0.5,0.5,-3.6,0.0,0.0,-1.8,3.0,3.1,6.0,0.3,0.5,0.5,6.6,14.6,18.9,12.8,3.0,9.2,6.0,0.3,0.5,0.5,27.5,156.5,242.0,153.5,6.0,127.0,10.0,0.5,0.5,0.5,25.0,155.0,240.0,155.0,6.0,125.0,10.0,0.5,0.5,0.5
1974,2,11.0,-7.0,25.95,26.5,27.05,26.5,2.0,1.13,12.0,1.0,0.8,0.6,26.77,28.2,28.47,27.63,3.0,1.34,12.0,0.7,0.8,0.6,19.06,19.06,19.06,19.06,1.0,0.0,4.0,1.0,0.9,1.0,89.8,89.8,89.8,89.8,1.0,0.0,4.0,1.0,1.0,3.79,4.5,6.14,4.78,6.0,1.39,14.0,0.8,0.7,0.5,-2.84,0.0,0.83,-0.4,6.0,2.7,14.0,0.8,0.7,0.5,2.38,3.83,5.35,3.73,6.0,2.28,14.0,0.8,0.7,0.5,1009.11,1011.4,1012.1,1010.68,6.0,1.79,14.0,0.8,0.7,0.5,6.2,7.5,8.0,6.8,6.0,1.9,14.0,0.8,0.7,0.5,-12.9,0.0,3.3,-2.9,6.0,13.0,14.0,0.8,0.7,0.5,7.1,18.6,31.2,19.8,6.0,16.0,14.0,0.8,0.7,0.5,1.2,1.2,1.2,1.2,1.0,0.0,4.0,1.0,0.9,1.0,8.0,8.0,8.0,8.0,1.0,0.0,4.0,1.0,0.9,1.0,3.77,3.77,3.77,3.77,1.0,0.0,4.0,1.0,0.9,1.0,25.2,25.2,25.2,25.2,1.0,0.0,4.0,1.0,0.9,1.0,-75.3,0.0,0.0,-36.8,3.0,63.7,12.0,0.7,0.8,0.6,99.5,131.5,161.1,130.3,3.0,45.1,12.0,0.7,0.8,0.6,0.0,0.0,0.0,0.0,1.0,0.0,4.0,1.0,0.9,1.0,127.7,127.7,127.7,127.7,1.0,0.0,4.0,1.0,0.9,1.0,0.0,0.0,0.0,0.0,1.0,0.0,4.0,1.0,0.9,1.0,25.2,25.2,25.2,25.2,1.0,0.0,4.0,1.0,0.9,1.0,56.5,94.5,233.5,133.0,6.0,105.5,14.0,0.8,0.7,0.5,55.0,95.0,235.0,135.0,6.0,105.0,14.0,0.8,0.7,0.5
1974,2,11.0,-6.0,26.02,26.5,29.23,27.6,3.0,2.54,12.0,0.0,0.7,0.3,25.84,26.15,26.46,26.15,2.0,0.64,8.0,0.0,0.7,0.4,17.38,17.38,17.38,17.38,1.0,0.0,2.0,0.0,0.8,0.4,84.0,84.0,84.0,84.0,1.0,0.0,2.0,0.0,0.4,1.76,4.3,6.0,3.9,4.0,2.51,14.0,0.0,0.7,0.4,-1.04,1.5,4.38,1.66,4.0,3.35,14.0,0.0,0.7,0.4,0.27,1.86,3.7,1.98,4.0,2.54,14.0,0.0,0.7,0.4,1009.71,1011.4,1011.51,1010.64,5.0,1.52,12.0,0.0,0.7,0.4,6.0,6.0,6.7,6.3,3.0,0.6,12.0,0.0,0.7,0.3,-2.7,9.0,26.3,11.7,4.0,17.8,14.0,0.0,0.7,0.4,1.5,8.3,22.2,11.7,4.0,14.1,14.0,0.0,0.7,0.4,1.29,2.35,3.41,2.35,2.0,2.19,8.0,0.0,0.7,0.4,5.5,12.7,20.0,12.7,2.0,15.1,8.0,0.0,0.7,0.4,4.37,4.37,4.37,4.37,1.0,0.0,2.0,0.0,0.8,0.4,11.4,11.4,11.4,11.4,1.0,0.0,2.0,0.0,0.8,0.4,-19.3,49.4,118.1,49.4,2.0,142.2,8.0,0.0,0.7,0.4,44.8,48.8,52.7,48.8,2.0,8.2,8.0,0.0,0.7,0.4,-34.6,-34.6,-34.6,-34.6,1.0,0.0,2.0,0.0,0.8,0.4,29.1,29.1,29.1,29.1,1.0,0.0,2.0,0.0,0.8,0.4,-8.7,-8.7,-8.7,-8.7,1.0,0.0,2.0,0.0,0.8,0.4,7.3,7.3,7.3,7.3,1.0,0.0,2.0,0.0,0.8,0.4,9.0,117.0,216.0,112.5,4.0,119.5,14.0,0.0,0.7,0.4,10.0,115.0,215.0,115.0,4.0,120.0,14.0,0.0,0.7,0.4
1974,2,11.0,-5.0,25.66,27.5,27.98,26.83,3.0,1.8,12.0,0.7,0.1,0.4,26.73,27.35,27.76,27.25,4.0,0.71,16.0,0.3,0.2,0.5,18.26,18.26,18.26,18.26,1.0,0.0,6.0,0.0,0.2,0.2,80.7,80.7,80.7,80.7,1.0,0.0,6.0,0.0,0.2,1.65,3.0,3.37,2.52,5.0,1.5,14.0,0.4,0.1,0.5,-0.37,0.89,1.15,0.45,5.0,0.97,14.0,0.4,0.1,0.5,-1.37,2.44,2.82,0.86,5.0,2.84,14.0,0.4,0.1,0.5,1007.9,1009.1,1010.99,1009.43,4.0,1.87,14.0,0.5,0.2,0.4,5.5,7.0,8.0,6.6,5.0,2.1,14.0,0.4,0.1,0.5,-1.1,2.3,4.0,1.6,5.0,3.2,14.0,0.4,0.1,0.5,-5.5,6.4,8.5,1.6,5.0,9.9,14.0,0.4,0.1,0.5,0.55,1.1,1.65,1.1,2.0,1.13,16.0,0.5,0.2,0.4,1.6,3.2,4.9,3.2,2.0,3.5,16.0,0.5,0.2,0.4,4.83,4.83,4.83,4.83,1.0,0.0,6.0,0.0,0.2,0.2,12.6,12.6,12.6,12.6,1.0,0.0,6.0,0.0,0.2,0.2,-14.1,12.1,31.2,8.7,4.0,28.4,16.0,0.3,0.2,0.5,-54.2,33.2,70.5,9.3,4.0,82.2,16.0,0.3,0.2,0.5,16.2,16.2,16.2,16.2,1.0,0.0,6.0,0.0,0.2,0.2,44.6,44.6,44.6,44.6,1.0,0.0,6.0,0.0,0.2,0.2,4.3,4.3,4.3,4.3,1.0,0.0,6.0,0.0,0.2,0.2,11.8,11.8,11.8,11.8,1.0,0.0,6.0,0.0,0.2,0.2,11.0,27.0,40.5,27.0,5.0,23.5,14.0,0.4,0.1,0.5,10.0,25.0,40.0,25.0,5.0,25.0,14.0,0.4,0.1,0.5
1974,2,11.0,35.0,16.0,16.0,16.0,16.0,1.0,0.0,6.0,1.0,0.9,0.8,14.49,15.1,15.71,15.1,2.0,1.27,4.0,1.0,0.8,0.5,7.45,7.45,7.45,7.45,1.0,0.0,6.0,1.0,0.9,0.8,66.2,66.2,66.2,66.2,1.0,0.0,6.0,1.0,0.8,4.27,4.85,5.43,4.85,2.0,1.2,4.0,1.0,0.8,0.5,-2.33,0.1,2.53,0.1,2.0,5.04,4.0,1.0,0.8,0.5,2.38,3.18,3.99,3.18,2.0,1.67,4.0,1.0,0.8,0.5,1014.82,1018.1,1021.38,1018.1,2.0,6.79,4.0,1.0,0.8,0.5,1.0,1.0,1.0,1.0,1.0,0.0,2.0,1.0,0.6,0.2,-8.3,3.5,15.4,3.5,2.0,24.6,4.0,1.0,0.8,0.5,10.7,16.4,22.2,16.4,2.0,11.9,4.0,1.0,0.8,0.5,0.0,0.0,0.0,0.0,1.0,0.0,6.0,1.0,0.9,0.8,0.0,0.0,0.0,0.0,1.0,0.0,6.0,1.0,0.9,0.8,3.83,3.83,3.83,3.83,1.0,0.0,6.0,1.0,0.9,0.8,21.8,21.8,21.8,21.8,1.0,0.0,6.0,1.0,0.9,0.8,-32.1,4.7,41.5,4.7,2.0,76.2,4.0,1.0,0.8,0.5,35.0,49.1,63.3,49.1,2.0,29.3,4.0,1.0,0.8,0.5,27.3,27.3,27.3,27.3,1.0,0.0,6.0,1.0,0.9,0.8,32.5,32.5,32.5,32.5,1.0,0.0,6.0,1.0,0.9,0.8,14.0,14.0,14.0,14.0,1.0,0.0,6.0,1.0,0.9,0.8,16.7,16.7,16.7,16.7,1.0,0.0,6.0,1.0,0.9,0.8,83.0,124.5,166.0,124.5,2.0,85.5,4.0,1.0,0.8,0.5,85.0,125.0,165.0,125.0,2.0,85.0,4.0,1.0,0.8,0.5
1974,2,11.0,36.0,14.07,15.0,16.0,15.23,22.0,1.18,12.0,0.5,0.5,0.6,13.0,14.0,15.09,13.84,20.0,1.3,12.0,0.5,0.5,0.6,6.51,7.1,8.28,7.27,9.0,0.97,14.0,0.2,0.4,0.6,67.8,75.4,83.4,75.6,9.0,8.2,14.0,0.2,0.6,4.05,7.2,15.76,8.86,23.0,5.37,10.0,0.5,0.5,0.6,-2.77,2.98,12.9,3.99,23.0,6.77,10.0,0.5,0.5,0.6,-7.84,-0.32,7.47,-0.54,23.0,6.93,10.0,0.5,0.5,0.6,1007.34,1015.0,1019.08,1014.56,21.0,6.11,12.0,0.5,0.5,0.6,2.0,4.0,6.0,4.2,22.0,2.2,12.0,0.5,0.5,0.6,-28.5,12.3,185.1,55.9,23.0,108.3,10.0,0.5,0.5,0.6,-111.7,-0.2,66.1,-15.8,23.0,87.8,10.0,0.5,0.5,0.6,0.0,1.5,3.49,1.41,20.0,1.78,12.0,0.5,0.5,0.6,0.0,6.0,36.2,15.1,19.0,21.6,12.0,0.5,0.5,0.6,1.84,2.96,3.98,3.08,9.0,1.26,14.0,0.2,0.4,0.6,3.5,12.4,17.0,17.4,8.0,21.6,12.0,0.3,0.4,0.6,-2.4,40.5,188.7,66.5,19.0,93.0,12.0,0.5,0.5,0.6,-110.6,-33.2,94.9,-20.4,19.0,89.9,12.0,0.5,0.5,0.6,-37.6,3.5,22.4,4.0,8.0,38.1,12.0,0.3,0.4,0.6,-29.7,-0.9,67.4,2.5,8.0,55.4,12.0,0.3,0.4,0.6,-5.8,2.1,7.1,5.8,8.0,16.4,12.0,0.3,0.4,0.6,-15.6,-0.9,10.7,-6.3,8.0,21.4,12.0,0.3,0.4,0.6,66.5,373.0,3943.0,1466.0,23.0,1891.5,10.0,0.5,0.5,0.6,65.0,375.0,3945.0,1465.0,23.0,1890.0,10.0,0.5,0.5,0.6
1974,2,11.0,37.0,14.0,15.0,16.0,14.97,112.0,1.12,14.0,0.6,0.4,0.2,12.2,13.8,15.5,13.8,116.0,1.75,14.0,0.6,0.5,0.2,6.65,7.58,8.66,7.59,36.0,1.04,12.0,0.6,0.5,0.3,66.7,77.2,88.2,77.4,36.0,10.6,12.0,0.6,0.3,4.6,8.7,13.0,8.82,109.0,4.44,12.0,0.6,0.4,0.2,-2.9,3.38,11.57,3.86,109.0,6.73,12.0,0.6,0.4,0.2,-6.81,0.0,5.2,-0.28,109.0,6.16,12.0,0.6,0.4,0.2,1004.87,1012.35,1021.11,1012.55,114.0,7.66,14.0,0.6,0.5,0.2,0.0,5.0,8.0,4.2,115.0,2.9,14.0,0.6,0.4,0.2,-15.5,19.9,144.0,50.0,109.0,96.1,12.0,0.6,0.4,0.2,-79.3,0.0,41.8,-11.6,109.0,77.8,12.0,0.6,0.4,0.2,-0.84,1.0,3.0,1.16,110.0,1.93,14.0,0.6,0.4,0.2,-5.2,7.8,24.0,10.3,101.0,22.2,14.0,0.6,0.4,0.2,1.57,2.99,3.69,2.78,34.0,1.14,12.0,0.6,0.5,0.3,10.0,18.4,42.3,23.0,33.0,14.8,12.0,0.6,0.5,0.3,-39.2,46.3,144.9,49.9,107.0,93.8,12.0,0.6,0.4,0.2,-98.2,0.0,76.7,-2.6,107.0,86.7,12.0,0.6,0.4,0.2,-19.0,26.9,79.8,27.0,35.0,48.9,12.0,0.5,0.5,0.3,-57.4,0.0,33.7,-4.5,35.0,45.0,12.0,0.5,0.5,0.3,-5.1,7.6,30.4,11.7,33.0,18.9,12.0,0.6,0.5,0.3,-13.4,0.0,15.7,0.9,33.0,16.3,12.0,0.6,0.5,0.3,97.5,658.5,2197.0,1248.0,109.0,1726.0,12.0,0.6,0.4,0.2,95.0,660.0,2195.0,1250.0,109.0,1725.0,12.0,0.6,0.4,0.2
1974,2,11.0,38.0,13.33,14.4,16.0,14.59,27.0,1.48,14.0,0.4,0.4,0.4,11.11,13.1,15.2,13.04,28.0,2.08,14.0,0.4,0.4,0.3,6.18,7.17,9.0,7.51,17.0,1.43,14.0,0.4,0.3,0.4,67.1,77.6,89.6,78.1,17.0,12.7,14.0,0.4,0.4,6.06,9.3,15.76,10.26,28.0,4.8,14.0,0.4,0.4,0.3,-4.29,3.23,11.69,3.64,28.0,8.18,14.0,0.4,0.4,0.3,-6.72,-1.28,6.04,-0.51,28.0,7.15,14.0,0.4,0.4,0.3,1000.17,1007.45,1018.1,1008.95,28.0,8.55,14.0,0.4,0.4,0.3,2.1,6.0,8.0,5.1,27.0,2.7,14.0,0.4,0.4,0.4,-33.8,23.7,212.2,57.8,28.0,126.0,14.0,0.4,0.4,0.3,-69.2,-3.3,66.6,-4.8,28.0,97.4,14.0,0.4,0.4,0.3,-0.84,1.5,4.87,1.63,27.0,2.89,14.0,0.4,0.4,0.4,-5.5,13.5,33.8,17.2,27.0,43.3,14.0,0.4,0.4,0.4,1.1,2.77,4.5,2.63,16.0,1.54,14.0,0.4,0.3,0.4,9.0,19.2,37.6,22.6,16.0,16.7,14.0,0.4,0.3,0.4,-59.2,40.3,163.9,43.9,28.0,108.4,14.0,0.4,0.4,0.3,-84.1,-17.7,84.5,-7.3,28.0,90.9,14.0,0.4,0.4,0.3,-33.6,17.7,58.8,14.9,17.0,64.9,14.0,0.4,0.3,0.4,-40.0,0.0,62.4,9.1,17.0,52.4,14.0,0.4,0.3,0.4,-6.0,5.9,26.1,8.9,16.0,17.7,14.0,0.4,0.3,0.4,-23.6,-0.3,13.1,-3.8,16.0,20.3,14.0,0.4,0.3,0.4,222.5,804.5,3915.0,1803.0,28.0,2163.5,14.0,0.4,0.4,0.3,220.0,805.0,3915.0,1805.0,28.0,2165.0,14.0,0.4,0.4,0.3
1974,2,11.0,39.0,13.5,13.7,14.66,14.09,19.0,1.15,14.0,0.5,0.4,0.7,12.03,13.0,13.98,13.2,21.0,1.58,14.0,0.5,0.4,0.7,5.92,6.87,7.15,6.66,17.0,0.77,14.0,0.4,0.4,0.7,62.1,68.3,79.8,70.6,17.0,10.7,14.0,0.4,0.7,7.64,11.65,14.0,10.99,32.0,3.13,14.0,0.5,0.3,0.7,-0.25,5.64,11.82,4.43,32.0,7.04,14.0,0.5,0.3,0.7,-9.19,-2.26,10.04,0.35,32.0,8.04,14.0,0.5,0.3,0.7,995.46,1004.65,1013.15,1005.17,20.0,7.25,14.0,0.5,0.4,0.7,4.0,6.0,7.1,5.6,19.0,1.8,14.0,0.5,0.4,0.7,-2.2,53.9,141.8,53.3,32.0,97.0,14.0,0.5,0.3,0.7,-94.0,-24.8,121.7,8.0,32.0,96.3,14.0,0.5,0.3,0.7,-0.04,0.6,2.19,0.93,19.0,1.56,14.0,0.5,0.4,0.7,-1.0,9.0,20.0,10.2,18.0,17.6,14.0,0.4,0.4,0.7,2.78,3.22,4.02,3.33,17.0,0.74,14.0,0.4,0.4,0.7,23.9,35.9,52.1,36.4,17.0,14.8,14.0,0.4,0.4,0.7,-33.3,45.7,141.6,43.7,20.0,95.4,14.0,0.5,0.4,0.7,-114.1,-28.3,96.4,-0.4,20.0,98.2,14.0,0.5,0.4,0.7,-10.1,24.5,63.5,26.9,17.0,48.6,14.0,0.4,0.4,0.7,-64.8,-12.5,55.5,-3.7,17.0,53.9,14.0,0.4,0.4,0.7,-3.9,10.2,38.2,14.0,17.0,28.5,14.0,0.4,0.4,0.7,-23.9,-11.4,24.0,0.6,17.0,24.6,14.0,0.4,0.4,0.7,447.5,1585.5,2744.0,1624.5,32.0,1100.5,14.0,0.5,0.3,0.7,445.0,1585.0,2745.0,1625.0,32.0,1100.0,14.0,0.5,0.3,0.7
1974,2,11.0,40.0,13.5,13.7,14.1,13.8,45.0,0.41,12.0,0.6,0.4,0.2,12.13,13.3,14.0,13.07,43.0,0.91,12.0,0.6,0.4,0.2,6.59,7.38,8.17,7.36,30.0,0.96,12.0,0.4,0.4,0.2,69.4,78.3,86.3,77.9,30.0,9.5,12.0,0.4,0.2,8.0,12.0,14.78,11.43,60.0,3.57,10.0,0.5,0.4,0.2,-2.45,3.61,10.94,4.81,60.0,7.16,10.0,0.5,0.4,0.2,-5.75,7.71,10.94,3.86,60.0,7.45,10.0,0.5,0.4,0.2,995.7,1005.75,1013.16,1005.66,32.0,7.67,12.0,0.4,0.4,0.3,4.0,7.0,8.0,6.1,43.0,2.0,12.0,0.6,0.4,0.2,-25.0,21.5,150.1,70.3,60.0,108.3,10.0,0.5,0.4,0.2,-47.5,63.5,131.9,41.8,60.0,96.4,10.0,0.5,0.4,0.2,-0.3,0.8,1.7,0.76,43.0,0.91,12.0,0.6,0.4,0.2,-3.4,5.6,16.3,8.0,31.0,12.9,12.0,0.4,0.4,0.2,1.64,2.48,3.35,2.52,30.0,1.03,12.0,0.4,0.4,0.2,12.8,22.7,51.5,27.5,30.0,16.0,12.0,0.4,0.4,0.2,-35.6,21.8,135.8,46.2,31.0,88.7,12.0,0.4,0.4,0.2,-80.0,36.3,133.4,35.6,31.0,98.2,12.0,0.4,0.4,0.2,-22.9,12.4,77.4,25.1,30.0,49.9,12.0,0.4,0.4,0.2,-41.8,28.0,76.3,21.7,30.0,56.9,12.0,0.4,0.4,0.2,-5.2,4.1,45.3,12.4,30.0,22.8,12.0,0.4,0.4,0.2,-18.1,7.6,21.9,3.9,30.0,18.6,12.0,0.4,0.4,0.2,512.0,1728.0,3233.5,1922.0,60.0,1659.0,10.0,0.5,0.4,0.2,510.0,1730.0,3235.0,1920.0,60.0,1660.0,10.0,0.5,0.4,0.2
1974,2,11.0,41.0,13.84,14.1,15.0,14.13,7.0,0.78,14.0,0.6,0.3,0.7,11.21,12.5,13.36,12.17,10.0,1.53,18.0,0.7,0.3,0.6,5.87,6.53,6.85,6.34,5.0,0.86,24.0,0.8,0.4,0.6,69.1,76.0,83.9,76.1,5.0,12.7,24.0,0.8,0.6,4.37,5.7,12.65,7.83,9.0,4.24,16.0,0.7,0.3,0.6,-3.62,3.14,7.73,2.65,9.0,6.48,16.0,0.7,0.3,0.6,-2.39,2.64,7.02,2.78,9.0,5.33,16.0,0.7,0.3,0.6,992.74,1015.15,1017.79,1009.49,10.0,12.27,18.0,0.7,0.3,0.6,6.0,7.0,7.6,6.7,10.0,0.9,18.0,0.7,0.3,0.6,-18.9,12.9,88.8,41.2,9.0,79.9,16.0,0.7,0.3,0.6,-12.2,13.0,58.8,23.2,9.0,68.1,16.0,0.7,0.3,0.6,0.99,1.6,2.63,2.01,7.0,1.51,14.0,0.6,0.3,0.7,10.6,13.8,29.0,18.5,6.0,11.8,12.0,0.5,0.4,0.7,3.66,4.3,4.94,4.3,2.0,1.32,18.0,0.5,0.6,0.8,27.2,48.9,70.6,48.9,2.0,44.9,18.0,0.5,0.6,0.8,-34.6,42.1,95.3,33.7,9.0,76.0,16.0,0.7,0.3,0.6,-20.8,35.3,89.7,39.1,9.0,68.4,16.0,0.7,0.3,0.6,-27.5,-19.0,17.4,-3.7,5.0,42.2,24.0,0.8,0.4,0.6,-22.8,18.3,26.7,5.5,5.0,27.0,24.0,0.8,0.4,0.6,1.0,31.3,61.7,31.3,2.0,62.9,18.0,0.5,0.6,0.8,-25.0,-19.3,-13.7,-19.3,2.0,11.7,18.0,0.5,0.6,0.8,86.0,185.0,2201.0,914.0,9.0,1333.5,16.0,0.7,0.3,0.6,85.0,185.0,2200.0,915.0,9.0,1335.0,16.0,0.7,0.3,0.6
1974,2,11.0,42.0,14.0,14.0,14.68,14.33,3.0,0.58,10.0,0.7,0.0,0.2,12.58,12.75,12.92,12.75,2.0,0.35,12.0,0.5,0.1,0.0,5.67,5.87,6.06,5.87,2.0,0.4,12.0,0.5,0.1,0.0,60.5,63.6,66.8,63.6,2.0,6.4,12.0,0.5,0.0,5.87,12.9,13.58,9.8,3.0,6.26,10.0,0.7,0.0,0.2,0.67,6.95,8.95,4.86,3.0,6.33,10.0,0.7,0.0,0.2,-5.25,1.3,8.63,1.68,3.0,10.17,10.0,0.7,0.0,0.2,994.18,997.8,1004.76,999.43,3.0,7.88,10.0,0.7,0.0,0.2,4.3,7.0,7.7,6.0,3.0,2.6,10.0,0.7,0.0,0.2,26.7,96.6,117.7,72.7,3.0,69.8,10.0,0.7,0.0,0.2,-71.9,3.4,115.3,21.2,3.0,138.0,10.0,0.7,0.0,0.2,1.08,1.25,1.42,1.25,2.0,0.35,12.0,0.5,0.1,0.0,5.3,8.4,11.5,8.4,2.0,6.4,12.0,0.5,0.1,0.0,3.93,4.17,4.42,4.17,2.0,0.51,12.0,0.5,0.1,0.0,17.6,34.2,50.8,34.2,2.0,34.3,12.0,0.5,0.1,0.0,-3.3,50.2,103.6,50.2,2.0,110.7,12.0,0.5,0.1,0.0,-88.1,-45.8,-3.4,-45.8,2.0,87.7,12.0,0.5,0.1,0.0,-2.9,20.7,44.2,20.7,2.0,48.8,12.0,0.5,0.1,0.0,-37.7,-19.2,-0.6,-19.2,2.0,38.4,12.0,0.5,0.1,0.0,-0.1,18.1,36.3,18.1,2.0,37.7,12.0,0.5,0.1,0.0,-30.8,-16.3,-1.8,-16.3,2.0,30.1,12.0,0.5,0.1,0.0,693.5,2146.5,2514.5,1616.5,3.0,1411.0,10.0,0.7,0.0,0.2,695.0,2145.0,2515.0,1615.0,3.0,1410.0,10.0,0.7,0.0,0.2
1974,2,11.0,53.0,,,,,,,,,,,,,,,,,,,,,,,,,,,,,,,,,,,,,,,,5.1,5.1,5.1,5.1,1.0,0.0,18.0,1.0,0.3,0.6,-3.28,-3.28,-3.28,-3.28,1.0,0.0,18.0,1.0,0.3,0.6,-3.91,-3.91,-3.91,-3.91,1.0,0.0,18.0,1.0,0.3,0.6,1018.0,1018.0,1018.0,1018.0,1.0,0.0,18.0,1.0,0.3,0.6,,,,,,,,,,,,,,,,,,,,,,,,,,,,,,,,,,,,,,,,,,,,,,,,,,,,,,,,,,,,,,,,,,,,,,,,,,,,,,,,,,,,,,,,,,,,,,,,,,,,,,,,,,,,,,,,,,,,,,,,,,,,,,,,,,,,,,,,,,,,,,,,,,,,,,
1974,2,11.0,54.0,2.5,2.8,3.0,2.82,230.0,0.3,14.0,0.4,0.2,0.6,2.0,3.2,4.65,3.4,231.0,1.51,14.0,0.4,0.2,0.6,3.75,4.42,4.98,4.36,224.0,0.63,14.0,0.4,0.2,0.6,83.0,92.0,96.0,89.7,224.0,7.2,14.0,0.4,0.6,4.1,6.7,10.8,7.23,231.0,3.2,14.0,0.4,0.2,0.6,-6.3,0.0,5.83,-0.22,231.0,5.71,14.0,0.4,0.2,0.6,-3.91,2.46,6.73,1.72,231.0,5.2,14.0,0.4,0.2,0.6,994.9,1012.3,1025.25,1010.42,231.0,14.95,14.0,0.4,0.2,0.6,2.0,7.0,8.0,5.8,216.0,2.9,14.0,0.4,0.2,0.6,-42.2,0.0,42.2,0.5,231.0,59.4,14.0,0.4,0.2,0.6,-19.9,15.4,52.4,15.2,231.0,53.4,14.0,0.4,0.2,0.6,-1.7,-0.3,0.67,-0.57,230.0,1.42,14.0,0.4,0.2,0.6,-12.2,-1.5,4.4,-4.7,230.0,13.4,14.0,0.4,0.2,0.6,-0.31,0.23,0.85,0.27,224.0,0.58,14.0,0.4,0.2,0.6,-2.2,1.2,6.7,2.1,224.0,5.6,14.0,0.4,0.2,0.6,-15.4,0.0,18.7,1.3,231.0,19.1,14.0,0.4,0.2,0.6,-10.3,6.8,23.9,9.1,231.0,21.9,14.0,0.4,0.2,0.6,-25.6,0.0,27.1,0.3,224.0,23.7,14.0,0.4,0.2,0.6,-15.1,10.7,31.6,8.9,224.0,23.3,14.0,0.4,0.2,0.6,-3.3,0.0,1.1,-1.0,224.0,4.6,14.0,0.4,0.2,0.6,-3.2,-0.2,2.2,-0.8,224.0,3.6,14.0,0.4,0.2,0.6,69.0,301.0,1259.5,610.5,231.0,764.5,14.0,0.4,0.2,0.6,70.0,300.0,1260.0,610.0,231.0,765.0,14.0,0.4,0.2,0.6
1974,2,11.0,55.0,,,,,,,,,,,,,,,,,,,,,,,,,,,,,,,,,,,,,,,,1.0,1.0,1.0,1.0,1.0,0.0,14.0,0.0,0.5,0.4,-0.17,-0.17,-0.17,-0.17,1.0,0.0,14.0,0.0,0.5,0.4,0.98,0.98,0.98,0.98,1.0,0.0,14.0,0.0,0.5,0.4,1005.3,1005.3,1005.3,1005.3,1.0,0.0,14.0,0.0,0.5,0.4,,,,,,,,,,,,,,,,,,,,,,,,,,,,,,,,,,,,,,,,,,,,,,,,,,,,,,,,,,,,,,,,,,,,,,,,,,,,,,,,,,,,,,,,,,,,,,,,,,,,,,,,,,,,,,,,,,,,,,,,,,,,,,,,,,,,,,,,,,,,,,,,,,,,,,
1974,2,11.0,56.0,,,,,,,,,,,,,,,,,,,,,,,,,,,,,,,,,,,,,,,,3.27,4.0,8.19,5.65,4.0,4.28,12.0,0.3,0.7,0.8,-5.44,0.0,0.72,-2.26,4.0,5.46,12.0,0.3,0.7,0.8,3.15,3.88,5.05,4.09,4.0,1.41,12.0,0.3,0.7,0.8,990.88,1006.8,1014.18,1002.73,4.0,18.69,12.0,0.3,0.7,0.8,,,,,,,,,,,,,,,,,,,,,,,,,,,,,,,,,,,,,,,,,,,,,,,,,,,,,,,,,,,,,,,,,,,,,,,,,,,,,,,,,,,,,,,,,,,,,,,,,,,,,,,,,,,,,,,,,,,,,,,,,,,,,,,,,,,,,,,,,,,,,,,,,,,,,,
1974,2,11.0,57.0,3.0,4.25,5.91,4.31,28.0,1.58,18.0,0.3,0.5,0.4,2.0,3.9,5.0,3.45,28.0,1.82,18.0,0.3,0.5,0.4,4.03,4.03,4.03,4.03,1.0,0.0,18.0,1.0,0.3,0.5,75.3,75.3,75.3,75.3,1.0,0.0,18.0,1.0,0.5,4.01,7.0,12.75,7.58,27.0,4.06,18.0,0.3,0.5,0.4,-4.67,0.0,5.79,-0.17,27.0,4.92,18.0,0.3,0.5,0.4,-2.92,2.91,11.69,3.58,27.0,6.2,18.0,0.3,0.5,0.4,1004.91,1010.6,1031.03,1014.11,28.0,14.88,18.0,0.3,0.5,0.4,3.5,8.0,8.0,6.4,16.0,2.9,18.0,0.5,0.4,0.4,-44.2,0.0,48.2,-3.0,27.0,47.7,18.0,0.3,0.5,0.4,-13.2,16.0,150.5,46.5,27.0,78.0,18.0,0.3,0.5,0.4,-0.8,0.9,2.8,0.86,28.0,2.16,18.0,0.3,0.5,0.4,-4.9,3.0,17.5,3.3,27.0,21.7,18.0,0.3,0.5,0.4,1.51,1.51,1.51,1.51,1.0,0.0,18.0,1.0,0.3,0.5,7.0,7.0,7.0,7.0,1.0,0.0,18.0,1.0,0.3,0.5,-15.0,0.0,17.4,2.4,27.0,18.6,18.0,0.3,0.5,0.4,-6.8,9.0,37.9,14.7,27.0,28.3,18.0,0.3,0.5,0.4,-14.2,-14.2,-14.2,-14.2,1.0,0.0,18.0,1.0,0.3,0.5,-11.9,-11.9,-11.9,-11.9,1.0,0.0,18.0,1.0,0.3,0.5,-5.3,-5.3,-5.3,-5.3,1.0,0.0,18.0,1.0,0.3,0.5,-4.5,-4.5,-4.5,-4.5,1.0,0.0,18.0,1.0,0.3,0.5,64.5,343.0,2087.5,824.0,27.0,1104.5,18.0,0.3,0.5,0.4,65.0,345.0,2090.0,825.0,27.0,1105.0,18.0,0.3,0.5,0.4
1974,2,11.0,59.0,3.8,3.8,3.8,3.8,1.0,0.0,26.0,0.0,0.8,0.9,3.5,3.5,3.5,3.5,1.0,0.0,26.0,0.0,0.8,0.9,4.76,4.76,4.76,4.76,1.0,0.0,26.0,0.0,0.8,0.9,100.0,100.0,100.0,100.0,1.0,0.0,26.0,0.0,0.9,2.6,2.6,2.6,2.6,1.0,0.0,26.0,0.0,0.8,0.9,0.0,0.0,0.0,0.0,1.0,0.0,26.0,0.0,0.8,0.9,2.6,2.6,2.6,2.6,1.0,0.0,26.0,0.0,0.8,0.9,1032.7,1032.7,1032.7,1032.7,1.0,0.0,26.0,0.0,0.8,0.9,,,,,,,,,,,,,,,,,,,,,,,,,,,,,,,0.3,0.3,0.3,0.3,1.0,0.0,26.0,0.0,0.8,0.9,0.8,0.8,0.8,0.8,1.0,0.0,26.0,0.0,0.8,0.9,0.1,0.1,0.1,0.1,1.0,0.0,26.0,0.0,0.8,0.9,0.3,0.3,0.3,0.3,1.0,0.0,26.0,0.0,0.8,0.9,0.0,0.0,0.0,0.0,1.0,0.0,26.0,0.0,0.8,0.9,9.1,9.1,9.1,9.1,1.0,0.0,26.0,0.0,0.8,0.9,0.0,0.0,0.0,0.0,1.0,0.0,26.0,0.0,0.8,0.9,12.4,12.4,12.4,12.4,1.0,0.0,26.0,0.0,0.8,0.9,0.0,0.0,0.0,0.0,1.0,0.0,26.0,0.0,0.8,0.9,0.3,0.3,0.3,0.3,1.0,0.0,26.0,0.0,0.8,0.9,17.5,17.5,17.5,17.5,1.0,0.0,26.0,0.0,0.8,0.9,20.0,20.0,20.0,20.0,1.0,0.0,26.0,0.0,0.8,0.9
1974,2,11.0,66.0,5.68,6.6,7.05,6.38,4.0,0.88,16.0,0.0,0.4,0.7,-0.65,1.0,7.04,2.56,5.0,4.39,18.0,0.0,0.5,0.7,3.67,4.5,5.32,4.5,2.0,1.71,26.0,0.0,0.4,0.8,83.4,87.4,91.5,87.4,2.0,8.4,26.0,0.0,0.8,9.38,11.05,13.92,11.63,4.0,2.88,16.0,0.0,0.4,0.7,-3.9,4.8,8.95,2.63,4.0,8.5,16.0,0.0,0.4,0.7,-9.54,-4.71,6.18,-1.82,4.0,10.13,16.0,0.0,0.4,0.7,996.43,997.6,1016.98,1005.64,5.0,13.62,18.0,0.0,0.5,0.7,3.4,7.0,8.0,5.8,4.0,3.3,16.0,0.0,0.4,0.7,-34.5,57.0,126.2,46.3,4.0,101.6,16.0,0.0,0.4,0.7,-105.7,-47.3,95.2,-7.2,4.0,135.6,16.0,0.0,0.4,0.7,-1.0,2.75,7.91,3.43,4.0,5.45,16.0,0.0,0.4,0.7,-9.8,33.8,79.8,35.0,4.0,52.6,16.0,0.0,0.4,0.7,0.77,1.54,2.31,1.54,2.0,1.6,26.0,0.0,0.4,0.8,10.5,19.6,28.6,19.6,2.0,18.8,26.0,0.0,0.4,0.8,8.7,19.5,49.2,28.5,4.0,28.7,16.0,0.0,0.4,0.7,-39.0,-3.3,43.3,1.9,4.0,62.0,16.0,0.0,0.4,0.7,30.9,41.3,51.7,41.3,2.0,21.5,26.0,0.0,0.4,0.8,-15.4,18.2,51.7,18.2,2.0,69.5,26.0,0.0,0.4,0.8,6.7,12.6,18.4,12.6,2.0,12.1,26.0,0.0,0.4,0.8,-20.4,-10.2,0.1,-10.2,2.0,21.2,26.0,0.0,0.4,0.8,830.0,1401.0,2799.5,1796.0,4.0,1331.5,16.0,0.0,0.4,0.7,830.0,1400.0,2800.0,1795.0,4.0,1330.0,16.0,0.0,0.4,0.7
1974,2,11.0,67.0,4.44,5.0,7.0,5.66,16.0,1.69,14.0,0.4,0.4,0.6,-1.92,2.6,5.89,2.12,17.0,3.43,12.0,0.4,0.4,0.6,2.91,4.21,5.28,4.1,4.0,1.4,16.0,0.5,0.3,0.6,73.2,92.8,97.4,85.7,4.0,19.4,16.0,0.5,0.6,4.54,8.0,11.3,8.12,17.0,3.86,12.0,0.4,0.4,0.6,-3.58,3.35,6.46,2.45,17.0,6.11,12.0,0.4,0.4,0.6,-4.83,0.69,8.46,2.03,17.0,6.07,12.0,0.4,0.4,0.6,992.01,998.5,1010.31,999.71,17.0,11.62,12.0,0.4,0.4,0.6,4.8,8.0,8.0,6.7,13.0,2.1,12.0,0.5,0.4,0.6,-19.0,17.7,73.6,34.3,17.0,80.0,12.0,0.4,0.4,0.6,-26.9,2.8,84.6,26.2,17.0,59.4,12.0,0.4,0.4,0.6,0.94,2.5,7.62,3.34,16.0,3.44,14.0,0.4,0.4,0.6,5.8,11.8,59.6,25.1,16.0,30.9,14.0,0.4,0.4,0.6,0.52,1.72,2.84,1.68,4.0,1.34,16.0,0.5,0.3,0.6,4.0,6.8,21.0,12.2,4.0,14.0,16.0,0.5,0.3,0.6,-3.6,12.0,31.3,12.6,17.0,17.7,12.0,0.4,0.4,0.6,-1.3,6.8,41.1,17.8,17.0,25.8,12.0,0.4,0.4,0.6,10.8,19.1,27.2,19.0,4.0,11.4,16.0,0.5,0.3,0.6,9.5,24.2,44.5,26.8,4.0,24.0,16.0,0.5,0.3,0.6,1.9,4.2,17.7,9.5,4.0,12.8,16.0,0.5,0.3,0.6,1.5,4.7,12.1,6.7,4.0,7.1,16.0,0.5,0.3,0.6,97.0,512.0,1443.0,899.5,17.0,1202.5,12.0,0.4,0.4,0.6,95.0,510.0,1445.0,900.0,17.0,1200.0,12.0,0.4,0.4,0.6
1974,2,11.0,68.0,5.1,6.0,7.0,6.08,26.0,0.86,16.0,0.5,0.4,0.4,-1.2,4.4,7.51,3.78,26.0,3.66,16.0,0.5,0.4,0.4,3.06,4.92,5.7,4.51,18.0,1.21,18.0,0.6,0.4,0.4,70.4,83.1,87.2,80.4,18.0,8.4,18.0,0.6,0.4,5.1,11.15,17.0,11.25,26.0,4.9,16.0,0.5,0.4,0.4,-8.08,-1.46,10.97,1.14,26.0,8.69,16.0,0.5,0.4,0.4,-2.42,3.6,13.07,4.49,26.0,7.6,16.0,0.5,0.4,0.4,990.6,998.55,1020.5,1004.06,26.0,12.96,16.0,0.5,0.4,0.4,4.5,8.0,8.0,6.8,23.0,1.7,18.0,0.5,0.4,0.4,-74.9,-4.5,187.3,43.2,26.0,122.4,16.0,0.5,0.4,0.4,-16.7,24.6,222.3,73.0,26.0,118.3,16.0,0.5,0.4,0.4,-1.0,1.95,5.23,2.29,26.0,3.03,16.0,0.5,0.4,0.4,-15.5,12.8,39.3,14.7,26.0,25.6,16.0,0.5,0.4,0.4,0.47,0.91,2.75,1.51,18.0,1.09,18.0,0.6,0.4,0.4,7.9,13.5,25.6,15.7,18.0,8.2,18.0,0.6,0.4,0.4,-13.7,13.1,85.6,29.4,26.0,46.2,16.0,0.5,0.4,0.4,-0.1,6.8,101.9,34.5,26.0,48.8,16.0,0.5,0.4,0.4,-24.3,37.2,65.6,25.2,18.0,42.7,18.0,0.6,0.4,0.4,1.6,45.1,76.6,35.5,18.0,38.3,18.0,0.6,0.4,0.4,-23.8,4.3,8.3,-3.2,18.0,14.7,18.0,0.6,0.4,0.4,2.3,6.6,12.4,5.8,18.0,8.2,18.0,0.6,0.4,0.4,132.5,1387.0,4913.0,2212.5,26.0,2306.5,16.0,0.5,0.4,0.4,135.0,1385.0,4915.0,2215.0,26.0,2305.0,16.0,0.5,0.4,0.4
1974,2,11.0,69.0,,,,,,,,,,,,,,,,,,,,,,,,,,,,,,,,,,,,,,,,10.59,14.0,16.73,13.67,3.0,4.51,22.0,0.3,0.7,0.1,6.28,13.16,16.28,11.32,3.0,7.49,22.0,0.3,0.7,0.1,3.65,4.79,7.29,5.46,3.0,2.73,22.0,0.3,0.7,0.1,997.89,999.8,1008.54,1003.13,3.0,8.32,22.0,0.3,0.7,0.1,,,,,,,,,,,,,,,,,,,,,,,,,,,,,,,,,,,,,,,,,,,,,,,,,,,,,,,,,,,,,,,,,,,,,,,,,,,,,,,,,,,,,,,,,,,,,,,,,,,,,,,,,,,,,,,,,,,,,,,,,,,,,,,,,,,,,,,,,,,,,,,,,,,,,,
1974,2,11.0,70.0,,,,,,,,,,,,,,,,,,,,,,,,,,,,,,,,,,,,,,,,6.0,6.0,6.0,6.0,1.0,0.0,2.0,1.0,0.5,0.1,-2.05,-2.05,-2.05,-2.05,1.0,0.0,2.0,1.0,0.5,0.1,-5.64,-5.64,-5.64,-5.64,1.0,0.0,2.0,1.0,0.5,0.1,999.8,999.8,999.8,999.8,1.0,0.0,2.0,1.0,0.5,0.1,,,,,,,,,,,,,,,,,,,,,,,,,,,,,,,,,,,,,,,,,,,,,,,,,,,,,,,,,,,,,,,,,,,,,,,,,,,,,,,,,,,,,,,,,,,,,,,,,,,,,,,,,,,,,,,,,,,,,,,,,,,,,,,,,,,,,,,,,,,,,,,,,,,,,,
1974,2,11.0,71.0,6.1,6.1,6.1,6.1,1.0,0.0,20.0,0.0,0.0,0.2,2.4,2.4,2.4,2.4,1.0,0.0,20.0,0.0,0.0,0.2,4.13,4.13,4.13,4.13,1.0,0.0,20.0,0.0,0.0,0.2,90.5,90.5,90.5,90.5,1.0,0.0,20.0,0.0,0.2,9.8,9.8,9.8,9.8,1.0,0.0,20.0,0.0,0.0,0.2,-3.35,-3.35,-3.35,-3.35,1.0,0.0,20.0,0.0,0.0,0.2,9.21,9.21,9.21,9.21,1.0,0.0,20.0,0.0,0.0,0.2,996.2,996.2,996.2,996.2,1.0,0.0,20.0,0.0,0.0,0.2,8.0,8.0,8.0,8.0,1.0,0.0,20.0,0.0,0.0,0.2,-32.8,-32.8,-32.8,-32.8,1.0,0.0,20.0,0.0,0.0,0.2,90.2,90.2,90.2,90.2,1.0,0.0,20.0,0.0,0.0,0.2,3.7,3.7,3.7,3.7,1.0,0.0,20.0,0.0,0.0,0.2,36.3,36.3,36.3,36.3,1.0,0.0,20.0,0.0,0.0,0.2,1.79,1.79,1.79,1.79,1.0,0.0,20.0,0.0,0.0,0.2,17.6,17.6,17.6,17.6,1.0,0.0,20.0,0.0,0.0,0.2,-8.0,-8.0,-8.0,-8.0,1.0,0.0,20.0,0.0,0.0,0.2,22.1,22.1,22.1,22.1,1.0,0.0,20.0,0.0,0.0,0.2,-13.8,-13.8,-13.8,-13.8,1.0,0.0,20.0,0.0,0.0,0.2,38.0,38.0,38.0,38.0,1.0,0.0,20.0,0.0,0.0,0.2,-6.0,-6.0,-6.0,-6.0,1.0,0.0,20.0,0.0,0.0,0.2,16.5,16.5,16.5,16.5,1.0,0.0,20.0,0.0,0.0,0.2,941.0,941.0,941.0,941.0,1.0,0.0,20.0,0.0,0.0,0.2,940.0,940.0,940.0,940.0,1.0,0.0,20.0,0.0,0.0,0.2
1974,2,11.0,73.0,4.54,4.85,5.16,4.85,2.0,0.64,14.0,0.0,0.6,0.7,-0.89,-0.65,-0.41,-0.65,2.0,0.49,14.0,0.0,0.6,0.7,2.86,2.95,3.04,2.95,2.0,0.18,14.0,0.0,0.6,0.7,79.4,80.4,81.5,80.4,2.0,2.2,14.0,0.0,0.7,,,,,,,,,,,,,,,,,,,,,,,,,,,,,,,,,,,,,,,,,,,,,,,,,,,,,,,,,,,,,,,,,,,,,,,,,,,,,,,,,,,,,,,,,,,,,,,,,,,,,,,,,,,,,,,,,,,,,,,,,,,,,,,,,,,,,,,,,,,,,,,,,,,,,,,,,,,,,,,,,,,,,,,,,,,,,,,,,,,,,,,,,,,,,,
1974,2,11.0,74.0,4.0,4.0,4.0,4.0,1.0,0.0,26.0,0.0,0.0,0.6,-4.5,-4.5,-4.5,-4.5,1.0,0.0,26.0,0.0,0.0,0.6,2.09,2.09,2.09,2.09,1.0,0.0,26.0,0.0,0.0,0.6,76.5,76.5,76.5,76.5,1.0,0.0,26.0,0.0,0.6,,,,,,,,,,,,,,,,,,,,,,,,,,,,,,,,,,,,,,,,,,,,,,,,,,,,,,,,,,,,,,,,,,,,,,,,,,,,,,,,,,,,,,,,,,,,,,,,,,,,,,,,,,,,,,,,,,,,,,,,,,,,,,,,,,,,,,,,,,,,,,,,,,,,,,,,,,,,,,,,,,,,,,,,,,,,,,,,,,,,,,,,,,,,,,
1974,2,11.0,75.0,1.8,1.9,3.15,2.38,5.0,0.76,12.0,0.2,0.4,0.3,-6.3,-3.3,-1.4,-3.62,6.0,2.28,12.0,0.3,0.3,0.4,2.67,2.74,2.82,2.74,2.0,0.16,24.0,0.0,0.4,0.5,84.0,85.9,87.8,85.9,2.0,4.0,24.0,0.0,0.5,5.48,7.35,9.8,7.63,4.0,2.63,14.0,0.0,0.5,0.3,-9.04,-6.28,-3.84,-6.44,4.0,3.0,14.0,0.0,0.5,0.3,-4.36,-1.61,2.41,-1.0,4.0,4.34,14.0,0.0,0.5,0.3,1001.44,1005.3,1010.94,1006.08,5.0,6.25,12.0,0.4,0.3,0.4,8.0,8.0,8.0,8.0,4.0,0.0,14.0,0.5,0.2,0.5,-89.0,-49.4,-21.1,-54.7,4.0,40.2,14.0,0.0,0.5,0.3,-38.2,-8.0,14.4,-11.7,4.0,35.9,14.0,0.0,0.5,0.3,5.03,6.4,8.1,6.52,5.0,1.55,12.0,0.2,0.4,0.3,36.5,50.8,54.4,45.7,4.0,13.8,14.0,0.0,0.5,0.3,2.05,2.07,2.09,2.07,2.0,0.04,24.0,0.0,0.4,0.5,18.9,20.2,21.4,20.2,2.0,2.7,24.0,0.0,0.4,0.5,13.1,19.2,27.1,20.0,4.0,8.3,14.0,0.0,0.5,0.3,-15.2,4.1,9.2,-2.6,4.0,18.1,14.0,0.0,0.5,0.3,-26.1,-24.8,-23.5,-24.8,2.0,2.7,24.0,0.0,0.4,0.5,-13.0,-7.7,-2.4,-7.7,2.0,10.9,24.0,0.0,0.4,0.5,-19.0,-18.7,-18.4,-18.7,2.0,0.6,24.0,0.0,0.4,0.5,-9.3,-5.5,-1.7,-5.5,2.0,7.8,24.0,0.0,0.4,0.5,168.5,437.5,973.5,565.0,4.0,518.5,14.0,0.0,0.5,0.3,170.0,435.0,975.0,565.0,4.0,520.0,14.0,0.0,0.5,0.3
1974,2,11.0,76.0,,,,,,,,,,,,,,,,,,,,,,,,,,,,,,,,,,,,,,,,3.1,3.1,3.1,3.1,1.0,0.0,4.0,0.0,0.3,0.4,-2.91,-2.91,-2.91,-2.91,1.0,0.0,4.0,0.0,0.3,0.4,1.06,1.06,1.06,1.06,1.0,0.0,4.0,0.0,0.3,0.4,1011.34,1015.5,1019.66,1015.5,2.0,8.63,4.0,0.0,0.5,0.2,,,,,,,,,,,,,,,,,,,,,,,,,,,,,,,,,,,,,,,,,,,,,,,,,,,,,,,,,,,,,,,,,,,,,,,,,,,,,,,,,,,,,,,,,,,,,,,,,,,,,,,,,,,,,,,,,,,,,,,,,,,,,,,,,,,,,,,,,,,,,,,,,,,,,,
1974,2,12.0,-70.0,,,,,,,,,,,,,,,,,,,,,,,,,,,,,,,,,,,,,,,,10.8,10.8,10.8,10.8,1.0,0.0,8.0,1.0,0.8,0.9,-10.15,-10.15,-10.15,-10.15,1.0,0.0,8.0,1.0,0.8,0.9,3.69,3.69,3.69,3.69,1.0,0.0,8.0,1.0,0.8,0.9,976.6,976.6,976.6,976.6,1.0,0.0,8.0,1.0,0.8,0.9,7.0,7.0,7.0,7.0,1.0,0.0,8.0,1.0,0.8,0.9,-109.6,-109.6,-109.6,-109.6,1.0,0.0,8.0,1.0,0.8,0.9,39.9,39.9,39.9,39.9,1.0,0.0,8.0,1.0,0.8,0.9,,,,,,,,,,,,,,,,,,,,,,,,,,,,,,,,,,,,,,,,,12.2,12.2,12.2,12.2,1.0,0.0,8.0,1.0,0.8,0.9,-4.4,-4.4,-4.4,-4.4,1.0,0.0,8.0,1.0,0.8,0.9,-28.9,-28.9,-28.9,-28.9,1.0,0.0,8.0,1.0,0.8,0.9,10.5,10.5,10.5,10.5,1.0,0.0,8.0,1.0,0.8,0.9,,,,,,,,,,,,,,,,,,,,,,,,,,,,,,,,,,,,,,,,
1974,2,12.0,-67.0,1.3,1.3,1.3,1.3,2.0,0.0,26.0,0.0,0.3,0.3,-1.5,-1.3,-1.1,-1.3,2.0,0.42,26.0,0.0,0.3,0.3,2.49,2.49,2.49,2.49,1.0,0.0,26.0,0.0,0.3,0.3,68.8,68.8,68.8,68.8,1.0,0.0,26.0,0.0,0.3,6.11,6.35,6.59,6.35,2.0,0.49,26.0,0.0,0.3,0.3,-2.25,-2.17,-2.09,-2.17,2.0,0.17,26.0,0.0,0.3,0.3,5.74,5.97,6.19,5.97,2.0,0.47,26.0,0.0,0.3,0.3,981.5,981.5,981.5,981.5,2.0,0.0,26.0,0.0,0.3,0.3,4.0,4.0,4.0,4.0,2.0,0.0,26.0,0.0,0.3,0.3,-14.9,-13.8,-12.8,-13.8,2.0,2.2,26.0,0.0,0.3,0.3,35.2,38.0,40.9,38.0,2.0,5.9,26.0,0.0,0.3,0.3,2.4,2.6,2.8,2.6,2.0,0.42,26.0,0.0,0.3,0.3,14.7,16.6,18.5,16.6,2.0,4.0,26.0,0.0,0.3,0.3,1.79,1.79,1.79,1.79,1.0,0.0,26.0,0.0,0.3,0.3,10.7,10.7,10.7,10.7,1.0,0.0,26.0,0.0,0.3,0.3,2.3,2.9,3.4,2.9,2.0,1.1,26.0,0.0,0.3,0.3,-9.4,-7.9,-6.3,-7.9,2.0,3.1,26.0,0.0,0.3,0.3,-5.1,-5.1,-5.1,-5.1,1.0,0.0,26.0,0.0,0.3,0.3,14.1,14.1,14.1,14.1,1.0,0.0,26.0,0.0,0.3,0.3,-3.7,-3.7,-3.7,-3.7,1.0,0.0,26.0,0.0,0.3,0.3,10.1,10.1,10.1,10.1,1.0,0.0,26.0,0.0,0.3,0.3,229.5,258.5,287.5,258.5,2.0,60.0,26.0,0.0,0.3,0.3,230.0,260.0,285.0,260.0,2.0,60.0,26.0,0.0,0.3,0.3
1974,2,12.0,-43.0,12.0,12.0,12.0,12.0,1.0,0.0,18.0,0.0,0.6,0.2,11.5,11.5,11.5,11.5,1.0,0.0,18.0,0.0,0.6,0.2,7.97,7.97,7.97,7.97,1.0,0.0,18.0,0.0,0.6,0.2,94.2,94.2,94.2,94.2,1.0,0.0,18.0,0.0,0.2,7.7,7.7,7.7,7.7,1.0,0.0,18.0,0.0,0.6,0.2,7.24,7.24,7.24,7.24,1.0,0.0,18.0,0.0,0.6,0.2,2.63,2.63,2.63,2.63,1.0,0.0,18.0,0.0,0.6,0.2,1006.8,1006.8,1006.8,1006.8,1.0,0.0,18.0,0.0,0.6,0.2,6.0,6.0,6.0,6.0,1.0,0.0,18.0,0.0,0.6,0.2,55.7,55.7,55.7,55.7,1.0,0.0,18.0,0.0,0.6,0.2,20.3,20.3,20.3,20.3,1.0,0.0,18.0,0.0,0.6,0.2,0.5,0.5,0.5,0.5,1.0,0.0,18.0,0.0,0.6,0.2,3.9,3.9,3.9,3.9,1.0,0.0,18.0,0.0,0.6,0.2,0.78,0.78,0.78,0.78,1.0,0.0,18.0,0.0,0.6,0.2,6.0,6.0,6.0,6.0,1.0,0.0,18.0,0.0,0.6,0.2,83.2,83.2,83.2,83.2,1.0,0.0,18.0,0.0,0.6,0.2,30.3,30.3,30.3,30.3,1.0,0.0,18.0,0.0,0.6,0.2,57.6,57.6,57.6,57.6,1.0,0.0,18.0,0.0,0.6,0.2,21.0,21.0,21.0,21.0,1.0,0.0,18.0,0.0,0.6,0.2,5.6,5.6,5.6,5.6,1.0,0.0,18.0,0.0,0.6,0.2,2.1,2.1,2.1,2.1,1.0,0.0,18.0,0.0,0.6,0.2,456.5,456.5,456.5,456.5,1.0,0.0,18.0,0.0,0.6,0.2,455.0,455.0,455.0,455.0,1.0,0.0,18.0,0.0,0.6,0.2
1974,2,12.0,-42.0,14.16,14.5,14.84,14.5,2.0,0.71,12.0,0.5,0.3,0.3,11.32,12.0,12.68,12.0,2.0,1.41,12.0,0.5,0.3,0.3,6.68,7.72,8.76,7.72,2.0,2.16,12.0,0.5,0.3,0.3,80.1,88.2,96.2,88.2,2.0,16.7,12.0,0.5,0.3,8.38,9.85,11.32,9.85,2.0,3.04,12.0,0.5,0.3,0.3,6.42,7.55,8.67,7.55,2.0,2.33,12.0,0.5,0.3,0.3,5.39,6.33,7.27,6.33,2.0,1.95,12.0,0.5,0.3,0.3,1014.17,1015.4,1016.63,1015.4,2.0,2.55,12.0,0.5,0.3,0.3,3.0,5.0,7.0,5.0,2.0,4.2,12.0,0.5,0.3,0.3,55.7,77.9,100.0,77.9,2.0,45.9,12.0,0.5,0.3,0.3,46.8,65.3,83.9,65.3,2.0,38.5,12.0,0.5,0.3,0.3,2.16,2.5,2.84,2.5,2.0,0.71,12.0,0.5,0.3,0.3,23.2,23.6,23.9,23.6,2.0,0.6,12.0,0.5,0.3,0.3,1.67,2.5,3.33,2.5,2.0,1.71,12.0,0.5,0.3,0.3,17.6,22.0,26.5,22.0,2.0,9.3,12.0,0.5,0.3,0.3,73.6,92.2,110.8,92.2,2.0,38.6,12.0,0.5,0.3,0.3,61.7,77.4,93.0,77.4,2.0,32.4,12.0,0.5,0.3,0.3,44.2,60.8,77.3,60.8,2.0,34.3,12.0,0.5,0.3,0.3,37.1,51.0,64.9,51.0,2.0,28.7,12.0,0.5,0.3,0.3,13.4,16.9,20.3,16.9,2.0,7.1,12.0,0.5,0.3,0.3,11.3,14.2,17.0,14.2,2.0,6.0,12.0,0.5,0.3,0.3,658.5,1092.5,1526.0,1092.5,2.0,899.0,12.0,0.5,0.3,0.3,660.0,1090.0,1525.0,1090.0,2.0,900.0,12.0,0.5,0.3,0.3
1974,2,12.0,-39.0,19.8,20.45,21.1,20.45,2.0,1.34,16.0,0.5,0.7,0.8,15.96,17.15,18.34,17.15,2.0,2.47,16.0,0.5,0.7,0.8,9.7,10.1,10.5,10.1,2.0,0.83,16.0,0.5,0.7,0.8,80.1,83.2,86.4,83.2,2.0,6.6,16.0,0.5,0.8,0.98,3.1,5.22,3.1,2.0,4.38,16.0,0.5,0.7,0.8,0.75,2.37,4.0,2.37,2.0,3.36,16.0,0.5,0.7,0.8,0.63,1.99,3.35,1.99,2.0,2.82,16.0,0.5,0.7,0.8,1010.12,1012.1,1014.08,1012.1,2.0,4.1,16.0,0.5,0.7,0.8,3.6,7.0,7.0,5.3,3.0,2.9,18.0,0.7,0.5,0.6,4.7,14.7,24.8,14.7,2.0,20.8,16.0,0.5,0.7,0.8,3.9,12.4,20.8,12.4,2.0,17.5,16.0,0.5,0.7,0.8,2.75,3.3,3.85,3.3,2.0,1.13,16.0,0.5,0.7,0.8,4.0,12.7,21.4,12.7,2.0,18.0,16.0,0.5,0.7,0.8,4.66,4.9,5.13,4.9,2.0,0.48,16.0,0.5,0.7,0.8,4.5,14.1,23.8,14.1,2.0,20.0,16.0,0.5,0.7,0.8,11.6,36.6,61.5,36.6,2.0,51.7,16.0,0.5,0.7,0.8,9.7,30.7,51.6,30.7,2.0,43.4,16.0,0.5,0.7,0.8,7.2,22.6,38.0,22.6,2.0,31.9,16.0,0.5,0.7,0.8,6.0,19.0,31.9,19.0,2.0,26.8,16.0,0.5,0.7,0.8,3.4,10.8,18.2,10.8,2.0,15.3,16.0,0.5,0.7,0.8,2.9,9.1,15.3,9.1,2.0,12.8,16.0,0.5,0.7,0.8,38.0,119.0,200.5,119.0,2.0,168.5,16.0,0.5,0.7,0.8,40.0,120.0,200.0,120.0,2.0,170.0,16.0,0.5,0.7,0.8
1974,2,12.0,-36.0,20.2,20.2,20.2,20.2,1.0,0.0,8.0,1.0,0.5,0.9,17.1,17.1,17.1,17.1,1.0,0.0,8.0,1.0,0.5,0.9,7.85,7.85,7.85,7.85,1.0,0.0,8.0,1.0,0.5,0.9,65.6,65.6,65.6,65.6,1.0,0.0,8.0,1.0,0.9,10.3,10.3,10.3,10.3,1.0,0.0,8.0,1.0,0.5,0.9,-1.79,-1.79,-1.79,-1.79,1.0,0.0,8.0,1.0,0.5,0.9,10.14,10.14,10.14,10.14,1.0,0.0,8.0,1.0,0.5,0.9,1022.2,1022.2,1022.2,1022.2,1.0,0.0,8.0,1.0,0.5,0.9,6.0,6.0,6.0,6.0,1.0,0.0,8.0,1.0,0.5,0.9,-18.4,-18.4,-18.4,-18.4,1.0,0.0,8.0,1.0,0.5,0.9,104.5,104.5,104.5,104.5,1.0,0.0,8.0,1.0,0.5,0.9,3.1,3.1,3.1,3.1,1.0,0.0,8.0,1.0,0.5,0.9,31.9,31.9,31.9,31.9,1.0,0.0,8.0,1.0,0.5,0.9,6.75,6.75,6.75,6.75,1.0,0.0,8.0,1.0,0.5,0.9,69.5,69.5,69.5,69.5,1.0,0.0,8.0,1.0,0.5,0.9,-30.6,-30.6,-30.6,-30.6,1.0,0.0,8.0,1.0,0.5,0.9,173.5,173.5,173.5,173.5,1.0,0.0,8.0,1.0,0.5,0.9,-14.0,-14.0,-14.0,-14.0,1.0,0.0,8.0,1.0,0.5,0.9,79.6,79.6,79.6,79.6,1.0,0.0,8.0,1.0,0.5,0.9,-12.1,-12.1,-12.1,-12.1,1.0,0.0,8.0,1.0,0.5,0.9,68.4,68.4,68.4,68.4,1.0,0.0,8.0,1.0,0.5,0.9,1092.5,1092.5,1092.5,1092.5,1.0,0.0,8.0,1.0,0.5,0.9,1095.0,1095.0,1095.0,1095.0,1.0,0.0,8.0,1.0,0.5,0.9
1974,2,12.0,-35.0,20.7,20.7,20.7,20.7,1.0,0.0,22.0,1.0,0.8,0.5,19.0,19.0,19.0,19.0,1.0,0.0,22.0,1.0,0.8,0.5,8.31,8.31,8.31,8.31,1.0,0.0,22.0,1.0,0.8,0.5,61.3,61.3,61.3,61.3,1.0,0.0,22.0,1.0,0.5,6.7,6.7,6.7,6.7,1.0,0.0,22.0,1.0,0.8,0.5,-4.31,-4.31,-4.31,-4.31,1.0,0.0,22.0,1.0,0.8,0.5,5.13,5.13,5.13,5.13,1.0,0.0,22.0,1.0,0.8,0.5,1018.2,1018.2,1018.2,1018.2,1.0,0.0,22.0,1.0,0.8,0.5,5.0,5.0,5.0,5.0,1.0,0.0,22.0,1.0,0.8,0.5,-28.9,-28.9,-28.9,-28.9,1.0,0.0,22.0,1.0,0.8,0.5,34.4,34.4,34.4,34.4,1.0,0.0,22.0,1.0,0.8,0.5,1.7,1.7,1.7,1.7,1.0,0.0,22.0,1.0,0.8,0.5,11.4,11.4,11.4,11.4,1.0,0.0,22.0,1.0,0.8,0.5,6.81,6.81,6.81,6.81,1.0,0.0,22.0,1.0,0.8,0.5,45.6,45.6,45.6,45.6,1.0,0.0,22.0,1.0,0.8,0.5,-81.8,-81.8,-81.8,-81.8,1.0,0.0,22.0,1.0,0.8,0.5,97.5,97.5,97.5,97.5,1.0,0.0,22.0,1.0,0.8,0.5,-35.8,-35.8,-35.8,-35.8,1.0,0.0,22.0,1.0,0.8,0.5,42.6,42.6,42.6,42.6,1.0,0.0,22.0,1.0,0.8,0.5,-29.3,-29.3,-29.3,-29.3,1.0,0.0,22.0,1.0,0.8,0.5,34.9,34.9,34.9,34.9,1.0,0.0,22.0,1.0,0.8,0.5,301.0,301.0,301.0,301.0,1.0,0.0,22.0,1.0,0.8,0.5,300.0,300.0,300.0,300.0,1.0,0.0,22.0,1.0,0.8,0.5
1974,2,12.0,-34.0,20.0,20.0,21.31,20.6,5.0,0.96,6.0,0.4,0.6,0.7,19.46,20.5,20.8,20.2,5.0,0.7,6.0,0.4,0.6,0.7,9.97,11.28,12.92,11.44,3.0,2.17,10.0,0.3,0.5,0.8,71.4,80.2,88.0,79.7,3.0,12.2,10.0,0.3,0.8,4.94,6.7,11.25,7.8,5.0,3.83,6.0,0.4,0.6,0.7,-7.23,-2.05,-0.25,-3.37,5.0,3.95,6.0,0.4,0.6,0.7,4.64,6.6,8.62,6.58,5.0,2.6,6.0,0.4,0.6,0.7,1014.59,1015.1,1017.73,1015.92,5.0,1.88,6.0,0.4,0.6,0.7,1.0,5.0,8.0,4.6,5.0,3.5,6.0,0.4,0.6,0.7,-82.4,-12.3,0.8,-36.6,5.0,49.0,6.0,0.4,0.6,0.7,24.8,44.2,98.1,59.2,5.0,46.2,6.0,0.4,0.6,0.7,-0.8,0.3,1.37,0.4,5.0,1.43,6.0,0.4,0.6,0.7,-3.3,3.1,11.5,4.3,5.0,9.1,6.0,0.4,0.6,0.7,2.67,5.11,5.3,4.01,3.0,2.15,10.0,0.3,0.5,0.8,22.2,36.1,56.4,39.3,3.0,25.2,10.0,0.3,0.5,0.8,-144.9,-42.7,-5.7,-67.7,5.0,77.8,6.0,0.4,0.6,0.7,96.6,128.7,172.7,132.0,5.0,49.4,6.0,0.4,0.6,0.7,-86.5,-77.6,-15.7,-51.7,3.0,56.5,10.0,0.3,0.5,0.8,80.1,92.5,103.1,91.6,3.0,16.8,10.0,0.3,0.5,0.8,-32.1,-10.2,1.0,-15.4,3.0,24.7,10.0,0.3,0.5,0.8,19.5,35.5,45.7,32.7,3.0,19.3,10.0,0.3,0.5,0.8,148.0,301.0,1477.5,757.0,5.0,876.5,6.0,0.4,0.6,0.7,150.0,300.0,1480.0,755.0,5.0,875.0,6.0,0.4,0.6,0.7
1974,2,12.0,-33.0,20.48,21.05,22.46,21.45,4.0,1.58,20.0,0.8,0.4,0.8,20.38,20.6,21.14,20.7,5.0,0.48,20.0,0.8,0.4,0.7,11.46,12.41,12.67,12.08,4.0,0.9,20.0,0.8,0.4,0.8,74.7,81.4,82.8,78.8,4.0,6.9,20.0,0.8,0.8,4.92,8.2,10.61,8.02,5.0,3.38,20.0,0.8,0.4,0.7,-2.36,5.02,8.52,3.19,5.0,6.47,20.0,0.8,0.4,0.7,-0.32,1.42,7.0,3.26,5.0,4.89,20.0,0.8,0.4,0.7,1006.69,1009.0,1017.12,1010.8,6.0,5.25,18.0,0.8,0.3,0.7,3.0,3.0,4.1,3.6,5.0,1.3,20.0,0.8,0.4,0.7,-30.4,25.6,73.6,19.0,5.0,66.4,20.0,0.8,0.4,0.7,-1.6,11.7,66.1,34.5,5.0,62.1,20.0,0.8,0.4,0.7,-0.63,0.2,1.81,0.58,4.0,1.82,20.0,0.8,0.4,0.8,-3.2,0.9,16.0,6.1,4.0,15.5,20.0,0.8,0.4,0.8,3.04,3.52,4.79,3.9,4.0,1.23,20.0,0.8,0.4,0.8,17.0,28.5,45.3,31.1,4.0,17.3,20.0,0.8,0.4,0.8,-49.7,106.5,172.5,64.7,5.0,133.9,20.0,0.8,0.4,0.7,-6.9,28.5,146.2,68.0,5.0,103.2,20.0,0.8,0.4,0.7,-42.6,27.0,87.8,22.8,4.0,84.6,20.0,0.8,0.4,0.8,-5.0,28.1,100.5,46.9,4.0,69.0,20.0,0.8,0.4,0.8,-9.8,9.7,36.7,13.3,4.0,30.4,20.0,0.8,0.4,0.8,-1.8,7.4,24.0,10.9,4.0,16.3,20.0,0.8,0.4,0.8,120.0,551.5,1294.5,746.5,5.0,836.5,20.0,0.8,0.4,0.7,120.0,550.0,1295.0,745.0,5.0,835.0,20.0,0.8,0.4,0.7
1974,2,12.0,-32.0,19.91,20.25,21.09,20.36,8.0,0.67,14.0,0.3,0.5,0.6,19.56,20.8,22.53,20.8,8.0,1.55,14.0,0.3,0.5,0.6,11.69,12.56,13.37,12.4,7.0,1.35,16.0,0.3,0.5,0.5,75.8,81.4,88.7,81.5,8.0,6.4,14.0,0.3,0.6,6.0,10.0,14.0,9.97,463.0,3.95,14.0,0.5,0.4,0.5,-12.0,-6.58,-1.5,-6.33,463.0,5.46,14.0,0.5,0.4,0.5,0.0,4.6,9.19,4.63,463.0,4.89,14.0,0.5,0.4,0.5,1009.09,1016.2,1023.2,1015.95,385.0,5.97,12.0,0.5,0.3,0.5,6.0,8.0,8.0,7.2,259.0,1.4,14.0,0.7,0.3,0.5,-166.4,-64.3,-5.8,-76.3,463.0,75.6,14.0,0.5,0.4,0.5,0.0,36.0,110.3,56.0,463.0,69.3,14.0,0.5,0.4,0.5,-2.09,-0.1,1.02,-0.44,8.0,1.59,14.0,0.3,0.5,0.6,-17.5,-0.9,10.5,-1.7,8.0,15.3,14.0,0.3,0.5,0.6,1.33,1.88,3.81,2.35,7.0,1.3,16.0,0.3,0.5,0.5,13.0,15.1,40.3,25.7,7.0,22.1,16.0,0.3,0.5,0.5,-117.8,-100.0,-38.3,-84.6,8.0,44.4,14.0,0.3,0.5,0.6,103.7,169.8,198.2,162.7,8.0,59.4,14.0,0.3,0.5,0.6,-71.1,-60.7,-50.4,-57.4,7.0,18.8,16.0,0.3,0.5,0.5,92.5,105.1,123.5,104.1,7.0,27.8,16.0,0.3,0.5,0.5,-19.6,-7.5,-6.4,-11.1,7.0,7.7,16.0,0.3,0.5,0.5,8.6,13.0,35.2,22.7,7.0,21.2,16.0,0.3,0.5,0.5,216.0,1000.0,2744.0,1450.5,463.0,1379.5,14.0,0.5,0.4,0.5,215.0,1000.0,2745.0,1450.0,463.0,1380.0,14.0,0.5,0.4,0.5
1974,2,12.0,-31.0,19.82,20.6,21.0,20.21,8.0,1.16,20.0,0.8,0.6,0.6,19.64,20.6,21.0,20.48,8.0,0.72,20.0,0.8,0.6,0.6,11.65,12.76,13.09,12.45,8.0,1.07,20.0,0.8,0.6,0.6,75.7,84.5,89.6,83.2,8.0,6.4,20.0,0.8,0.6,6.26,9.75,12.3,9.45,8.0,4.25,20.0,0.9,0.5,0.5,-4.15,0.0,3.08,-0.46,8.0,4.08,20.0,0.9,0.5,0.5,2.82,9.42,11.46,8.03,8.0,5.44,20.0,0.9,0.5,0.5,1011.27,1013.4,1018.65,1014.77,9.0,3.88,20.0,0.8,0.5,0.5,2.1,5.0,7.9,4.9,8.0,2.7,20.0,0.8,0.6,0.6,-50.4,0.0,20.2,-13.1,8.0,38.8,20.0,0.9,0.5,0.5,10.0,92.6,140.9,94.1,8.0,85.7,20.0,0.9,0.5,0.5,-0.46,0.15,0.58,-0.26,8.0,1.55,20.0,0.8,0.6,0.6,-3.5,0.0,3.8,-5.3,7.0,19.0,22.0,0.9,0.6,0.5,1.45,2.58,3.34,2.31,8.0,1.4,20.0,0.8,0.6,0.6,8.2,15.6,27.9,16.2,7.0,12.7,22.0,0.9,0.6,0.5,-84.4,0.0,68.4,-12.2,7.0,90.1,22.0,0.9,0.6,0.5,47.8,181.0,225.6,141.7,7.0,97.4,22.0,0.9,0.6,0.5,-52.6,0.0,36.9,-7.6,7.0,55.6,22.0,0.9,0.6,0.5,26.3,120.6,138.4,86.2,7.0,61.7,22.0,0.9,0.6,0.5,-9.2,3.0,14.0,2.3,7.0,9.9,22.0,0.9,0.6,0.5,-2.8,11.9,25.2,12.6,7.0,13.3,22.0,0.9,0.6,0.5,245.5,959.0,1861.0,1286.5,8.0,1343.0,20.0,0.9,0.5,0.5,245.0,960.0,1860.0,1285.0,8.0,1345.0,20.0,0.9,0.5,0.5
1974,2,12.0,-30.0,18.69,19.2,20.71,19.48,6.0,1.38,18.0,0.7,0.6,0.7,19.0,20.0,21.64,20.29,7.0,1.31,18.0,0.6,0.6,0.7,10.66,12.43,12.66,11.81,5.0,1.11,20.0,0.6,0.6,0.6,70.6,75.7,88.2,78.6,5.0,9.9,20.0,0.6,0.6,9.08,10.3,11.95,10.34,9.0,2.82,18.0,0.7,0.6,0.7,-7.56,-6.3,-3.37,-4.74,9.0,3.89,18.0,0.7,0.6,0.7,7.58,8.74,10.23,8.2,9.0,3.51,18.0,0.7,0.6,0.7,1011.97,1013.0,1013.68,1013.03,8.0,1.01,18.0,0.6,0.6,0.7,3.1,6.5,8.0,5.8,8.0,2.5,16.0,0.8,0.7,0.7,-91.7,-61.7,-32.5,-57.5,9.0,40.1,18.0,0.7,0.6,0.7,71.1,81.3,117.4,93.1,9.0,51.7,18.0,0.7,0.6,0.7,-1.83,-0.3,0.31,-0.85,6.0,2.2,18.0,0.7,0.6,0.7,-19.8,-2.8,3.5,-9.7,6.0,26.2,18.0,0.7,0.6,0.7,0.54,2.58,4.15,2.4,5.0,2.16,20.0,0.6,0.6,0.6,4.6,23.9,31.9,19.0,5.0,16.5,20.0,0.6,0.6,0.6,-144.0,-90.0,-55.8,-82.2,7.0,89.3,18.0,0.6,0.6,0.7,148.4,174.8,208.7,163.3,7.0,78.8,18.0,0.6,0.6,0.7,-79.9,-48.0,-7.3,-41.2,5.0,55.7,20.0,0.6,0.6,0.6,52.2,109.9,123.0,88.4,5.0,52.6,20.0,0.6,0.6,0.6,-14.9,-3.4,10.7,-2.0,5.0,17.5,20.0,0.6,0.6,0.6,-1.3,9.4,27.7,12.3,5.0,14.9,20.0,0.6,0.6,0.6,749.5,1092.5,1705.0,1317.0,9.0,923.0,18.0,0.7,0.6,0.7,750.0,1095.0,1705.0,1315.0,9.0,925.0,18.0,0.7,0.6,0.7
1974,2,12.0,-29.0,20.0,20.8,21.2,20.63,62.0,1.09,14.0,0.5,0.6,0.8,20.0,20.8,22.22,21.08,63.0,1.33,14.0,0.5,0.6,0.7,11.26,12.0,13.04,12.14,40.0,1.28,14.0,0.5,0.6,0.8,72.7,79.8,85.7,79.3,40.0,6.3,14.0,0.5,0.8,7.2,9.55,14.4,10.24,64.0,3.56,14.0,0.5,0.6,0.7,-6.15,-4.36,0.0,-3.5,64.0,3.25,14.0,0.5,0.6,0.7,5.9,8.83,13.16,9.01,64.0,3.71,14.0,0.5,0.6,0.7,1010.57,1013.2,1014.82,1012.72,63.0,2.1,14.0,0.5,0.6,0.7,3.0,5.0,7.0,5.1,63.0,2.1,14.0,0.5,0.6,0.7,-75.6,-40.5,0.0,-42.1,64.0,42.9,14.0,0.5,0.6,0.7,39.7,85.9,184.2,104.7,64.0,73.2,14.0,0.5,0.6,0.7,-2.0,-0.2,0.93,-0.45,60.0,1.75,14.0,0.5,0.6,0.8,-18.0,-2.4,7.9,-4.5,59.0,17.3,14.0,0.5,0.6,0.8,1.63,2.86,4.28,2.91,40.0,1.46,14.0,0.5,0.6,0.8,12.0,26.6,44.0,30.4,39.0,21.6,12.0,0.5,0.6,0.8,-128.7,-92.6,0.0,-72.6,62.0,68.6,14.0,0.5,0.6,0.7,121.5,189.2,270.7,190.3,62.0,78.2,14.0,0.5,0.6,0.7,-67.7,-45.4,0.0,-35.2,39.0,40.6,12.0,0.5,0.6,0.8,69.2,100.6,160.2,107.3,39.0,43.5,12.0,0.5,0.6,0.8,-21.8,-9.5,1.0,-9.4,39.0,13.2,12.0,0.5,0.6,0.8,8.2,24.0,39.4,26.9,39.0,20.3,12.0,0.5,0.6,0.8,373.0,873.0,2986.5,1470.5,64.0,1451.0,14.0,0.5,0.6,0.7,375.0,875.0,2985.0,1470.0,64.0,1450.0,14.0,0.5,0.6,0.7
1974,2,12.0,-28.0,19.59,20.4,21.1,20.4,111.0,0.94,14.0,0.4,0.4,0.5,20.0,20.6,21.5,20.81,113.0,1.06,14.0,0.4,0.4,0.5,11.16,12.36,13.69,12.35,99.0,1.36,14.0,0.4,0.4,0.6,73.9,81.7,89.7,81.0,100.0,8.1,14.0,0.4,0.6,5.44,8.7,12.3,9.01,118.0,3.39,14.0,0.4,0.4,0.5,-6.15,-3.65,0.0,-3.12,118.0,3.03,14.0,0.4,0.4,0.5,4.6,7.71,11.12,7.97,118.0,3.23,14.0,0.4,0.4,0.5,1010.94,1012.7,1014.96,1012.8,117.0,2.35,14.0,0.4,0.4,0.5,2.0,6.0,8.0,5.1,117.0,2.5,14.0,0.4,0.4,0.5,-72.7,-26.3,0.0,-34.4,118.0,36.4,14.0,0.4,0.4,0.5,25.5,66.2,132.9,82.3,118.0,60.3,14.0,0.4,0.4,0.5,-1.5,-0.2,0.6,-0.44,109.0,1.19,14.0,0.4,0.4,0.5,-11.6,-2.3,4.6,-3.8,108.0,11.3,14.0,0.4,0.4,0.5,1.25,2.56,4.09,2.55,97.0,1.45,14.0,0.4,0.4,0.6,7.6,19.3,44.6,24.0,96.0,19.0,14.0,0.4,0.4,0.6,-126.0,-73.8,0.0,-62.0,112.0,62.3,14.0,0.4,0.4,0.5,95.2,162.6,229.2,165.0,112.0,67.2,14.0,0.4,0.4,0.5,-74.2,-39.7,0.0,-35.2,98.0,38.4,14.0,0.4,0.4,0.6,65.6,98.5,135.3,99.5,98.0,36.4,14.0,0.4,0.4,0.6,-16.1,-5.8,0.0,-7.9,96.0,10.5,14.0,0.4,0.4,0.6,5.2,17.0,39.2,21.6,96.0,17.4,14.0,0.4,0.4,0.6,162.5,658.5,1861.0,1050.5,118.0,1102.0,14.0,0.4,0.4,0.5,160.0,660.0,1860.0,1050.0,118.0,1100.0,14.0,0.4,0.4,0.5
1974,2,12.0,-27.0,18.36,19.9,20.28,19.45,15.0,1.33,12.0,0.5,0.3,0.3,19.5,20.0,20.5,20.12,15.0,0.82,12.0,0.5,0.3,0.3,10.24,12.2,13.13,11.76,14.0,1.42,12.0,0.4,0.3,0.3,71.7,82.2,88.1,80.1,14.0,8.6,12.0,0.4,0.3,4.95,8.7,14.98,9.54,15.0,4.97,12.0,0.5,0.3,0.3,-8.35,-2.31,1.18,-2.98,15.0,4.16,12.0,0.5,0.3,0.3,4.31,7.53,14.34,8.39,15.0,4.47,12.0,0.5,0.3,0.3,1009.21,1011.3,1012.96,1011.23,15.0,1.85,12.0,0.5,0.3,0.3,1.0,5.0,7.0,4.3,15.0,2.9,12.0,0.5,0.3,0.3,-132.5,-15.0,5.6,-39.9,15.0,63.7,12.0,0.5,0.3,0.3,21.9,65.5,212.8,100.4,15.0,92.9,12.0,0.5,0.3,0.3,-1.73,-0.3,0.2,-0.67,15.0,1.11,12.0,0.5,0.3,0.3,-12.8,-3.7,1.4,-6.7,15.0,12.2,12.0,0.5,0.3,0.3,1.57,2.42,3.93,2.5,14.0,1.36,12.0,0.4,0.3,0.3,6.0,16.3,53.9,26.9,14.0,25.4,12.0,0.4,0.3,0.3,-164.4,-45.8,23.9,-57.8,15.0,83.1,12.0,0.5,0.3,0.3,83.0,167.3,284.7,168.6,15.0,88.2,12.0,0.5,0.3,0.3,-88.0,-30.4,17.0,-33.6,14.0,45.8,12.0,0.4,0.3,0.3,52.5,92.2,123.1,90.0,14.0,42.3,12.0,0.4,0.3,0.3,-34.2,-3.4,2.3,-9.9,14.0,16.6,12.0,0.4,0.3,0.3,4.6,16.0,41.6,23.3,14.0,21.3,12.0,0.4,0.3,0.3,128.5,658.5,3360.0,1572.0,15.0,1924.0,12.0,0.5,0.3,0.3,130.0,660.0,3360.0,1570.0,15.0,1925.0,12.0,0.5,0.3,0.3
1974,2,12.0,-26.0,19.86,20.0,20.55,20.2,3.0,0.53,6.0,0.7,0.3,0.3,19.73,20.0,20.68,20.2,3.0,0.72,6.0,0.7,0.3,0.3,12.48,13.38,13.49,12.99,3.0,0.82,6.0,0.7,0.3,0.3,83.9,86.2,92.3,88.1,3.0,6.4,6.0,0.7,0.3,6.25,9.8,10.48,8.4,3.0,3.33,6.0,0.7,0.3,0.3,-5.24,-4.9,0.46,-2.45,3.0,4.69,6.0,0.7,0.3,0.3,5.1,8.49,9.08,7.12,3.0,3.15,6.0,0.7,0.3,0.3,1008.44,1009.4,1010.56,1009.5,3.0,1.55,6.0,0.7,0.3,0.3,3.0,3.0,6.4,4.7,3.0,2.9,6.0,0.7,0.3,0.3,-55.1,-48.0,-6.0,-30.9,3.0,38.9,6.0,0.7,0.3,0.3,37.5,83.2,95.4,66.8,3.0,44.7,6.0,0.7,0.3,0.3,-0.14,0.0,0.14,0.0,3.0,0.2,6.0,0.7,0.3,0.3,-0.6,0.0,1.5,0.4,3.0,1.6,6.0,0.7,0.3,0.3,1.23,1.98,2.35,1.79,3.0,0.84,6.0,0.7,0.3,0.3,9.2,9.5,19.8,14.4,3.0,8.9,6.0,0.7,0.3,0.3,-103.4,-98.0,11.3,-47.2,3.0,94.8,6.0,0.7,0.3,0.3,104.4,169.7,179.0,142.4,3.0,59.6,6.0,0.7,0.3,0.3,-68.6,-59.1,8.3,-30.9,3.0,61.4,6.0,0.7,0.3,0.3,64.7,102.3,118.9,92.0,3.0,40.7,6.0,0.7,0.3,0.3,-9.9,-4.7,2.5,-3.7,3.0,9.1,6.0,0.7,0.3,0.3,7.4,8.2,17.2,12.2,3.0,8.0,6.0,0.7,0.3,0.3,365.0,941.0,1158.5,766.0,3.0,600.5,6.0,0.7,0.3,0.3,365.0,940.0,1160.0,765.0,3.0,600.0,6.0,0.7,0.3,0.3
1974,2,12.0,-25.0,20.6,20.6,20.6,20.6,1.0,0.0,4.0,1.0,0.4,0.8,20.6,20.6,20.6,20.6,1.0,0.0,4.0,1.0,0.4,0.8,13.61,13.61,13.61,13.61,1.0,0.0,4.0,1.0,0.4,0.8,90.0,90.0,90.0,90.0,1.0,0.0,4.0,1.0,0.8,10.8,10.8,10.8,10.8,1.0,0.0,4.0,1.0,0.4,0.8,-3.69,-3.69,-3.69,-3.69,1.0,0.0,4.0,1.0,0.4,0.8,10.15,10.15,10.15,10.15,1.0,0.0,4.0,1.0,0.4,0.8,1010.0,1010.0,1010.0,1010.0,1.0,0.0,4.0,1.0,0.4,0.8,7.0,7.0,7.0,7.0,1.0,0.0,4.0,1.0,0.4,0.8,-39.9,-39.9,-39.9,-39.9,1.0,0.0,4.0,1.0,0.4,0.8,109.6,109.6,109.6,109.6,1.0,0.0,4.0,1.0,0.4,0.8,0.0,0.0,0.0,0.0,1.0,0.0,4.0,1.0,0.4,0.8,0.0,0.0,0.0,0.0,1.0,0.0,4.0,1.0,0.4,0.8,1.53,1.53,1.53,1.53,1.0,0.0,4.0,1.0,0.4,0.8,16.5,16.5,16.5,16.5,1.0,0.0,4.0,1.0,0.4,0.8,-76.1,-76.1,-76.1,-76.1,1.0,0.0,4.0,1.0,0.4,0.8,209.1,209.1,209.1,209.1,1.0,0.0,4.0,1.0,0.4,0.8,-50.3,-50.3,-50.3,-50.3,1.0,0.0,4.0,1.0,0.4,0.8,138.2,138.2,138.2,138.2,1.0,0.0,4.0,1.0,0.4,0.8,-5.7,-5.7,-5.7,-5.7,1.0,0.0,4.0,1.0,0.4,0.8,15.5,15.5,15.5,15.5,1.0,0.0,4.0,1.0,0.4,0.8,1259.5,1259.5,1259.5,1259.5,1.0,0.0,4.0,1.0,0.4,0.8,1260.0,1260.0,1260.0,1260.0,1.0,0.0,4.0,1.0,0.4,0.8
1974,2,12.0,-24.0,18.69,19.1,19.51,19.1,2.0,0.85,18.0,1.0,0.7,1.0,18.46,19.45,20.44,19.45,2.0,2.05,18.0,1.0,0.7,1.0,12.86,12.86,12.86,12.86,1.0,0.0,14.0,1.0,0.8,1.0,100.0,100.0,100.0,100.0,1.0,0.0,14.0,1.0,1.0,3.7,5.0,6.5,5.1,3.0,2.05,12.0,1.0,0.7,0.8,-2.1,-1.25,-0.03,-1.07,3.0,1.53,12.0,1.0,0.7,0.8,3.46,4.33,6.21,4.82,3.0,2.06,12.0,1.0,0.7,0.8,1010.13,1010.2,1012.45,1011.27,3.0,1.93,12.0,1.0,0.7,0.8,7.0,7.0,7.7,7.3,3.0,0.6,12.0,1.0,0.7,0.8,-11.4,-9.0,-1.7,-6.6,3.0,7.4,12.0,1.0,0.7,0.8,13.3,21.7,41.7,27.4,3.0,21.4,12.0,1.0,0.7,0.8,-0.93,-0.35,0.23,-0.35,2.0,1.2,18.0,1.0,0.7,1.0,-7.0,-3.5,-0.1,-3.5,2.0,7.2,18.0,1.0,0.7,1.0,0.41,0.41,0.41,0.41,1.0,0.0,14.0,1.0,0.8,1.0,1.3,1.3,1.3,1.3,1.0,0.0,14.0,1.0,0.8,1.0,-20.4,-8.2,4.0,-8.2,2.0,25.3,18.0,1.0,0.7,1.0,69.7,101.6,133.4,101.6,2.0,65.9,18.0,1.0,0.7,1.0,6.9,6.9,6.9,6.9,1.0,0.0,14.0,1.0,0.8,1.0,39.3,39.3,39.3,39.3,1.0,0.0,14.0,1.0,0.8,1.0,0.2,0.2,0.2,0.2,1.0,0.0,14.0,1.0,0.8,1.0,1.3,1.3,1.3,1.3,1.0,0.0,14.0,1.0,0.8,1.0,60.0,125.0,294.5,176.0,3.0,177.5,12.0,1.0,0.7,0.8,60.0,125.0,295.0,175.0,3.0,175.0,12.0,1.0,0.7,0.8
1974,2,12.0,-23.0,18.95,19.1,21.02,19.53,7.0,1.21,14.0,0.4,0.6,0.5,18.99,19.5,21.43,19.91,7.0,1.26,14.0,0.4,0.6,0.5,12.12,12.61,12.78,12.45,3.0,0.5,10.0,0.7,0.6,0.5,80.1,91.0,91.0,85.7,3.0,9.2,10.0,0.7,0.5,0.0,0.0,4.81,1.91,40.0,2.59,14.0,0.5,0.7,0.8,-0.35,0.0,0.0,-0.14,40.0,1.0,14.0,0.5,0.7,0.8,0.0,0.0,4.75,1.81,40.0,2.46,14.0,0.5,0.7,0.8,1010.13,1011.9,1013.63,1011.89,41.0,1.76,14.0,0.5,0.7,0.8,3.5,8.0,8.0,6.4,31.0,2.3,14.0,0.6,0.6,0.8,-0.7,0.0,0.0,-1.5,40.0,8.8,14.0,0.5,0.7,0.8,0.0,0.0,23.0,9.6,40.0,18.9,14.0,0.5,0.7,0.8,-1.1,-0.2,0.45,-0.39,7.0,1.39,14.0,0.4,0.6,0.5,-4.8,-1.5,0.7,-2.9,6.0,6.4,14.0,0.5,0.5,0.5,0.97,1.08,3.07,2.0,3.0,1.73,10.0,0.7,0.6,0.5,5.2,11.1,17.4,11.3,3.0,9.0,10.0,0.7,0.6,0.5,-41.7,-3.3,3.9,-18.9,6.0,41.9,14.0,0.5,0.5,0.5,48.0,109.8,155.8,105.1,6.0,53.2,14.0,0.5,0.5,0.5,-44.3,0.0,7.2,-18.1,3.0,40.9,10.0,0.7,0.6,0.5,41.8,59.7,95.7,68.5,3.0,40.2,10.0,0.7,0.6,0.5,-3.8,0.0,2.4,-0.7,3.0,4.6,10.0,0.7,0.6,0.5,4.7,9.6,16.7,10.7,3.0,8.9,10.0,0.7,0.6,0.5,0.0,0.0,113.5,67.0,40.0,192.5,14.0,0.5,0.7,0.8,0.0,0.0,115.0,65.0,40.0,190.0,14.0,0.5,0.7,0.8
1974,2,12.0,-22.0,18.95,19.7,21.78,20.13,12.0,1.46,14.0,0.4,0.4,0.5,19.0,19.65,20.96,19.84,12.0,1.55,14.0,0.4,0.4,0.5,13.05,13.55,14.07,13.56,8.0,0.49,12.0,0.3,0.4,0.6,81.3,92.0,98.0,90.8,8.0,8.0,12.0,0.3,0.6,0.0,2.6,4.0,2.64,39.0,2.29,14.0,0.5,0.5,0.6,-1.02,0.0,0.88,-0.02,39.0,1.05,14.0,0.5,0.5,0.6,0.0,2.0,3.94,2.39,39.0,2.34,14.0,0.5,0.5,0.6,1009.87,1011.4,1012.73,1011.54,38.0,1.81,14.0,0.5,0.5,0.6,5.0,8.0,8.0,6.8,37.0,2.0,16.0,0.5,0.5,0.6,-3.1,0.0,1.6,-1.2,39.0,5.6,14.0,0.5,0.5,0.6,0.0,4.0,15.8,11.4,39.0,18.1,14.0,0.5,0.5,0.6,-0.85,0.0,2.05,0.28,12.0,1.31,14.0,0.4,0.4,0.5,-2.3,0.0,11.1,2.7,10.0,9.0,14.0,0.5,0.4,0.5,0.05,2.29,2.8,1.79,8.0,1.42,12.0,0.3,0.4,0.6,-0.1,2.1,10.0,5.4,6.0,8.5,12.0,0.3,0.3,0.5,-25.3,0.0,6.0,-8.8,10.0,21.7,14.0,0.5,0.4,0.5,14.6,57.8,143.3,69.9,10.0,57.5,14.0,0.5,0.4,0.5,-8.0,0.0,8.3,-3.2,6.0,18.1,12.0,0.3,0.3,0.5,0.0,26.7,55.2,33.6,6.0,39.5,12.0,0.3,0.3,0.5,-1.6,0.0,0.5,-0.9,6.0,3.4,12.0,0.3,0.3,0.5,-0.1,2.1,9.4,5.1,6.0,8.0,12.0,0.3,0.3,0.5,0.0,17.5,64.0,70.5,39.0,154.5,14.0,0.5,0.5,0.6,0.0,20.0,65.0,70.0,39.0,155.0,14.0,0.5,0.5,0.6
1974,2,12.0,-21.0,18.04,19.15,20.0,19.17,16.0,1.08,12.0,0.7,0.5,0.6,18.0,19.7,21.56,19.75,16.0,1.81,14.0,0.6,0.5,0.6,11.15,11.92,13.87,12.29,6.0,1.44,12.0,0.3,0.4,0.7,82.7,85.4,86.8,85.2,6.0,2.4,12.0,0.3,0.7,0.0,2.0,3.33,1.84,75.0,1.62,16.0,0.4,0.3,0.7,-1.0,0.0,0.0,-0.32,75.0,0.83,16.0,0.4,0.3,0.7,0.0,1.73,3.23,1.61,75.0,1.63,16.0,0.4,0.3,0.7,1010.1,1012.5,1015.5,1012.72,79.0,2.51,16.0,0.4,0.3,0.7,5.0,8.0,8.0,6.7,67.0,2.1,14.0,0.5,0.3,0.7,-3.0,0.0,0.0,-1.3,75.0,3.5,16.0,0.4,0.3,0.7,0.0,3.5,10.9,5.3,75.0,7.1,16.0,0.4,0.3,0.7,-1.78,0.0,0.48,-0.62,15.0,1.31,14.0,0.7,0.5,0.6,-6.1,0.4,2.4,-1.1,10.0,4.4,10.0,0.6,0.5,0.6,1.65,2.23,2.69,2.16,6.0,0.57,12.0,0.3,0.4,0.7,2.6,9.5,14.0,8.3,4.0,6.9,8.0,0.3,0.4,0.8,-52.8,-12.8,8.3,-16.0,11.0,29.9,10.0,0.5,0.6,0.6,36.7,70.3,85.1,61.3,11.0,28.2,10.0,0.5,0.6,0.6,-31.9,-14.4,10.2,-11.0,4.0,25.3,8.0,0.3,0.4,0.8,11.0,32.2,45.8,28.6,4.0,22.1,8.0,0.3,0.4,0.8,-8.0,-3.6,1.8,-3.1,4.0,5.8,8.0,0.3,0.4,0.8,2.0,7.3,11.5,6.7,4.0,5.7,8.0,0.3,0.4,0.8,0.0,8.0,38.5,22.5,75.0,37.0,16.0,0.4,0.3,0.7,0.0,10.0,40.0,20.0,75.0,35.0,16.0,0.4,0.3,0.7
1974,2,12.0,-20.0,17.0,20.0,22.0,19.99,87.0,1.88,8.0,0.5,0.2,0.5,19.29,20.75,23.3,20.95,82.0,2.29,8.0,0.5,0.2,0.5,13.51,13.51,13.51,13.51,1.0,0.0,2.0,1.0,0.0,1.0,94.0,94.0,94.0,94.0,1.0,0.0,2.0,1.0,1.0,0.0,2.0,5.0,2.39,87.0,2.47,8.0,0.5,0.2,0.5,-1.94,0.0,0.0,-0.73,87.0,1.15,8.0,0.5,0.2,0.5,0.0,1.53,4.7,2.02,87.0,2.42,8.0,0.5,0.2,0.5,1010.03,1011.5,1013.0,1011.61,73.0,1.79,10.0,0.5,0.2,0.5,3.0,7.0,8.0,5.8,77.0,2.8,8.0,0.6,0.2,0.5,-8.6,0.0,0.0,-3.4,87.0,5.7,8.0,0.5,0.2,0.5,0.0,3.8,23.5,10.4,87.0,17.7,8.0,0.5,0.2,0.5,-2.69,-0.6,1.5,-0.83,80.0,2.45,8.0,0.5,0.2,0.5,-8.3,0.0,1.3,-2.4,78.0,9.5,8.0,0.5,0.2,0.5,0.17,0.17,0.17,0.17,1.0,0.0,2.0,1.0,0.0,1.0,0.4,0.4,0.4,0.4,1.0,0.0,2.0,1.0,0.0,1.0,-41.0,0.0,0.0,-14.8,80.0,24.3,8.0,0.5,0.2,0.5,0.0,30.5,98.0,42.8,80.0,51.9,8.0,0.5,0.2,0.5,-33.0,-33.0,-33.0,-33.0,1.0,0.0,2.0,1.0,0.0,1.0,12.0,12.0,12.0,12.0,1.0,0.0,2.0,1.0,0.0,1.0,-0.4,-0.4,-0.4,-0.4,1.0,0.0,2.0,1.0,0.0,1.0,0.2,0.2,0.2,0.2,1.0,0.0,2.0,1.0,0.0,1.0,0.0,8.0,125.0,69.0,87.0,152.0,8.0,0.5,0.2,0.5,0.0,10.0,125.0,70.0,87.0,150.0,8.0,0.5,0.2,0.5
1974,2,12.0,-15.0,22.24,23.2,24.16,23.2,2.0,1.98,14.0,0.5,0.1,0.7,20.39,21.65,22.91,21.65,2.0,2.62,14.0,0.5,0.1,0.7,14.25,14.25,14.25,14.25,1.0,0.0,12.0,0.0,0.0,0.6,78.8,78.8,78.8,78.8,1.0,0.0,12.0,0.0,0.6,0.9,2.85,4.8,2.85,2.0,4.03,14.0,0.5,0.1,0.7,0.45,1.43,2.4,1.43,2.0,2.02,14.0,0.5,0.1,0.7,0.78,2.47,4.15,2.47,2.0,3.49,14.0,0.5,0.1,0.7,1008.8,1009.65,1010.5,1009.65,2.0,1.77,14.0,0.5,0.1,0.7,6.0,6.0,6.0,6.0,2.0,0.0,14.0,0.5,0.1,0.7,2.6,8.1,13.7,8.1,2.0,11.5,14.0,0.5,0.1,0.7,4.5,14.1,23.7,14.1,2.0,19.9,14.0,0.5,0.1,0.7,1.24,1.55,1.86,1.55,2.0,0.64,14.0,0.5,0.1,0.7,1.0,3.1,5.3,3.1,2.0,4.4,14.0,0.5,0.1,0.7,5.14,5.14,5.14,5.14,1.0,0.0,12.0,0.0,0.0,0.6,29.3,29.3,29.3,29.3,1.0,0.0,12.0,0.0,0.0,0.6,10.6,33.5,56.3,33.5,2.0,47.4,14.0,0.5,0.1,0.7,18.4,58.0,97.6,58.0,2.0,82.0,14.0,0.5,0.1,0.7,40.6,40.6,40.6,40.6,1.0,0.0,12.0,0.0,0.0,0.6,70.3,70.3,70.3,70.3,1.0,0.0,12.0,0.0,0.0,0.6,14.7,14.7,14.7,14.7,1.0,0.0,12.0,0.0,0.0,0.6,25.4,25.4,25.4,25.4,1.0,0.0,12.0,0.0,0.0,0.6,29.5,92.5,156.0,92.5,2.0,131.0,14.0,0.5,0.1,0.7,30.0,95.0,155.0,95.0,2.0,130.0,14.0,0.5,0.1,0.7
1974,2,12.0,-14.0,24.81,25.05,25.29,25.05,2.0,0.49,14.0,0.5,0.4,0.6,24.5,24.7,24.9,24.7,2.0,0.42,14.0,0.5,0.4,0.6,14.6,15.01,15.42,15.01,2.0,0.85,14.0,0.5,0.4,0.6,74.3,77.4,80.4,77.4,2.0,6.3,14.0,0.5,0.6,3.84,4.35,4.86,4.35,2.0,1.06,14.0,0.5,0.4,0.6,3.47,3.64,3.82,3.64,2.0,0.37,14.0,0.5,0.4,0.6,-0.52,1.02,2.56,1.02,2.0,3.19,14.0,0.5,0.4,0.6,1009.69,1010.1,1010.51,1010.1,2.0,0.85,14.0,0.5,0.4,0.6,5.5,6.5,7.5,6.5,2.0,2.1,14.0,0.5,0.4,0.6,13.4,16.1,18.7,16.1,2.0,5.5,14.0,0.5,0.4,0.6,-1.1,6.1,13.4,6.1,2.0,15.0,14.0,0.5,0.4,0.6,-0.09,0.35,0.79,0.35,2.0,0.92,14.0,0.5,0.4,0.6,-0.7,1.0,2.8,1.0,2.0,3.6,14.0,0.5,0.4,0.6,4.76,4.89,5.02,4.89,2.0,0.27,14.0,0.5,0.4,0.6,18.3,21.4,24.5,21.4,2.0,6.4,14.0,0.5,0.4,0.6,84.9,90.1,95.3,90.1,2.0,10.7,14.0,0.5,0.4,0.6,-12.3,26.0,64.2,26.0,2.0,79.2,14.0,0.5,0.4,0.6,53.4,54.6,55.8,54.6,2.0,2.5,14.0,0.5,0.4,0.6,-8.7,14.0,36.7,14.0,2.0,47.0,14.0,0.5,0.4,0.6,16.5,17.9,19.2,17.9,2.0,2.8,14.0,0.5,0.4,0.6,-2.2,5.4,13.1,5.4,2.0,15.9,14.0,0.5,0.4,0.6,60.5,89.5,119.0,89.5,2.0,61.0,14.0,0.5,0.4,0.6,60.0,90.0,120.0,90.0,2.0,60.0,14.0,0.5,0.4,0.6
1974,2,12.0,-12.0,26.79,27.8,29.29,28.03,4.0,1.56,16.0,0.3,0.3,0.7,26.0,26.2,28.79,27.37,3.0,2.29,12.0,0.0,0.2,0.7,16.17,16.56,20.85,18.46,3.0,3.81,12.0,0.0,0.2,0.7,76.2,79.1,83.8,80.0,3.0,5.6,12.0,0.0,0.7,2.02,3.1,4.39,3.2,4.0,1.53,16.0,0.3,0.3,0.7,0.67,1.58,2.46,1.57,4.0,1.28,16.0,0.3,0.3,0.7,0.59,2.2,3.75,2.17,4.0,2.19,16.0,0.3,0.3,0.7,1006.41,1009.55,1012.21,1009.33,4.0,3.38,16.0,0.3,0.3,0.7,3.0,4.0,5.5,4.3,4.0,1.5,16.0,0.3,0.3,0.7,1.0,5.5,10.1,5.6,4.0,5.4,16.0,0.3,0.3,0.7,2.7,6.6,16.0,9.2,4.0,10.7,16.0,0.3,0.3,0.7,0.1,0.3,0.91,0.5,3.0,0.62,12.0,0.0,0.2,0.7,0.3,1.1,1.6,1.0,3.0,0.9,12.0,0.0,0.2,0.7,4.43,5.82,5.94,5.2,3.0,1.23,12.0,0.0,0.2,0.7,12.3,19.3,20.4,16.4,3.0,6.5,12.0,0.0,0.2,0.7,41.5,52.3,72.4,56.8,3.0,22.9,12.0,0.0,0.2,0.7,5.9,47.2,113.1,59.2,3.0,79.2,12.0,0.0,0.2,0.7,28.6,39.9,46.7,37.7,3.0,13.4,12.0,0.0,0.2,0.7,3.3,28.8,83.9,43.3,3.0,60.3,12.0,0.0,0.2,0.7,7.2,8.5,15.1,11.1,3.0,6.2,12.0,0.0,0.2,0.7,1.2,10.5,15.7,8.5,3.0,10.7,12.0,0.0,0.2,0.7,10.0,32.0,91.5,50.0,4.0,58.0,16.0,0.3,0.3,0.7,10.0,30.0,90.0,50.0,4.0,60.0,16.0,0.3,0.3,0.7
1974,2,12.0,-11.0,29.0,29.0,29.0,29.0,1.0,0.0,10.0,0.0,0.0,0.6,26.0,26.0,26.0,26.0,1.0,0.0,10.0,0.0,0.0,0.6,19.23,19.23,19.23,19.23,1.0,0.0,10.0,0.0,0.0,0.6,90.9,90.9,90.9,90.9,1.0,0.0,10.0,0.0,0.6,2.6,2.6,2.6,2.6,1.0,0.0,10.0,0.0,0.0,0.6,-0.89,-0.89,-0.89,-0.89,1.0,0.0,10.0,0.0,0.0,0.6,-2.44,-2.44,-2.44,-2.44,1.0,0.0,10.0,0.0,0.0,0.6,1004.6,1004.6,1004.6,1004.6,1.0,0.0,10.0,0.0,0.0,0.6,7.0,7.0,7.0,7.0,1.0,0.0,10.0,0.0,0.0,0.6,-2.3,-2.3,-2.3,-2.3,1.0,0.0,10.0,0.0,0.0,0.6,-6.4,-6.4,-6.4,-6.4,1.0,0.0,10.0,0.0,0.0,0.6,3.0,3.0,3.0,3.0,1.0,0.0,10.0,0.0,0.0,0.6,7.8,7.8,7.8,7.8,1.0,0.0,10.0,0.0,0.0,0.6,6.08,6.08,6.08,6.08,1.0,0.0,10.0,0.0,0.0,0.6,15.8,15.8,15.8,15.8,1.0,0.0,10.0,0.0,0.0,0.6,-23.1,-23.1,-23.1,-23.1,1.0,0.0,10.0,0.0,0.0,0.6,-63.5,-63.5,-63.5,-63.5,1.0,0.0,10.0,0.0,0.0,0.6,-17.1,-17.1,-17.1,-17.1,1.0,0.0,10.0,0.0,0.0,0.6,-47.0,-47.0,-47.0,-47.0,1.0,0.0,10.0,0.0,0.0,0.6,-5.4,-5.4,-5.4,-5.4,1.0,0.0,10.0,0.0,0.0,0.6,-14.9,-14.9,-14.9,-14.9,1.0,0.0,10.0,0.0,0.0,0.6,17.5,17.5,17.5,17.5,1.0,0.0,10.0,0.0,0.0,0.6,20.0,20.0,20.0,20.0,1.0,0.0,10.0,0.0,0.0,0.6
1974,2,12.0,-10.0,27.8,27.8,27.8,27.8,1.0,0.0,2.0,0.0,0.0,0.3,25.4,25.4,25.4,25.4,1.0,0.0,2.0,0.0,0.0,0.3,14.78,14.78,14.78,14.78,1.0,0.0,2.0,0.0,0.0,0.3,72.9,72.9,72.9,72.9,1.0,0.0,2.0,0.0,0.3,,,,,,,,,,,,,,,,,,,,,,,,,,,,,,,,,,,,,,,,,,,,,,,,,,,,,,,,,,,,,,,,,,,,,,,,,,,,,,,,,,,,,,,,,,,,,,,,,,,,,,,,,,,,,,,,,,,,,,,,,,,,,,,,,,,,,,,,,,,,,,,,,,,,,,,,,,,,,,,,,,,,,,,,,,,,,,,,,,,,,,,,,,,,,,
1974,2,12.0,-9.0,27.0,27.0,27.0,27.0,1.0,0.0,2.0,0.0,0.1,0.8,26.0,26.0,26.0,26.0,1.0,0.0,2.0,0.0,0.1,0.8,17.68,17.68,17.68,17.68,1.0,0.0,2.0,0.0,0.1,0.8,84.1,84.1,84.1,84.1,1.0,0.0,2.0,0.0,0.8,,,,,,,,,,,,,,,,,,,,,,,,,,,,,,,,,,,,,,,,,,,,,,,,,,,,,,,,,,,,,,,,,,,,,,,,,,,,,,,,,,,,,,,,,,,,,,,,,,,,,,,,,,,,,,,,,,,,,,,,,,,,,,,,,,,,,,,,,,,,,,,,,,,,,,,,,,,,,,,,,,,,,,,,,,,,,,,,,,,,,,,,,,,,,,
1974,2,12.0,-8.0,29.0,29.0,29.0,29.0,1.0,0.0,24.0,0.0,0.1,0.9,30.0,30.0,30.0,30.0,1.0,0.0,24.0,0.0,0.1,0.9,22.96,22.96,22.96,22.96,1.0,0.0,24.0,0.0,0.1,0.9,86.0,86.0,86.0,86.0,1.0,0.0,24.0,0.0,0.9,5.1,5.1,5.1,5.1,1.0,0.0,24.0,0.0,0.1,0.9,3.91,3.91,3.91,3.91,1.0,0.0,24.0,0.0,0.1,0.9,3.28,3.28,3.28,3.28,1.0,0.0,24.0,0.0,0.1,0.9,1007.6,1007.6,1007.6,1007.6,1.0,0.0,24.0,0.0,0.1,0.9,6.0,6.0,6.0,6.0,1.0,0.0,24.0,0.0,0.1,0.9,19.9,19.9,19.9,19.9,1.0,0.0,24.0,0.0,0.1,0.9,16.7,16.7,16.7,16.7,1.0,0.0,24.0,0.0,0.1,0.9,-1.0,-1.0,-1.0,-1.0,1.0,0.0,24.0,0.0,0.1,0.9,-5.1,-5.1,-5.1,-5.1,1.0,0.0,24.0,0.0,0.1,0.9,2.28,2.28,2.28,2.28,1.0,0.0,24.0,0.0,0.1,0.9,11.6,11.6,11.6,11.6,1.0,0.0,24.0,0.0,0.1,0.9,117.2,117.2,117.2,117.2,1.0,0.0,24.0,0.0,0.1,0.9,98.3,98.3,98.3,98.3,1.0,0.0,24.0,0.0,0.1,0.9,89.7,89.7,89.7,89.7,1.0,0.0,24.0,0.0,0.1,0.9,75.3,75.3,75.3,75.3,1.0,0.0,24.0,0.0,0.1,0.9,8.9,8.9,8.9,8.9,1.0,0.0,24.0,0.0,0.1,0.9,7.5,7.5,7.5,7.5,1.0,0.0,24.0,0.0,0.1,0.9,132.5,132.5,132.5,132.5,1.0,0.0,24.0,0.0,0.1,0.9,135.0,135.0,135.0,135.0,1.0,0.0,24.0,0.0,0.1,0.9
1974,2,12.0,-7.0,29.0,29.0,29.0,29.0,1.0,0.0,26.0,0.0,0.6,1.0,31.0,31.0,31.0,31.0,1.0,0.0,26.0,0.0,0.6,1.0,22.93,22.93,22.93,22.93,1.0,0.0,26.0,0.0,0.6,1.0,81.2,81.2,81.2,81.2,1.0,0.0,26.0,0.0,1.0,3.6,3.6,3.6,3.6,1.0,0.0,26.0,0.0,0.6,1.0,3.38,3.38,3.38,3.38,1.0,0.0,26.0,0.0,0.6,1.0,1.23,1.23,1.23,1.23,1.0,0.0,26.0,0.0,0.6,1.0,1009.0,1009.0,1009.0,1009.0,1.0,0.0,26.0,0.0,0.6,1.0,2.0,2.0,2.0,2.0,1.0,0.0,26.0,0.0,0.6,1.0,12.2,12.2,12.2,12.2,1.0,0.0,26.0,0.0,0.6,1.0,4.4,4.4,4.4,4.4,1.0,0.0,26.0,0.0,0.6,1.0,-2.0,-2.0,-2.0,-2.0,1.0,0.0,26.0,0.0,0.6,1.0,-7.2,-7.2,-7.2,-7.2,1.0,0.0,26.0,0.0,0.6,1.0,2.28,2.28,2.28,2.28,1.0,0.0,26.0,0.0,0.6,1.0,8.2,8.2,8.2,8.2,1.0,0.0,26.0,0.0,0.6,1.0,104.9,104.9,104.9,104.9,1.0,0.0,26.0,0.0,0.6,1.0,38.2,38.2,38.2,38.2,1.0,0.0,26.0,0.0,0.6,1.0,77.6,77.6,77.6,77.6,1.0,0.0,26.0,0.0,0.6,1.0,28.2,28.2,28.2,28.2,1.0,0.0,26.0,0.0,0.6,1.0,7.7,7.7,7.7,7.7,1.0,0.0,26.0,0.0,0.6,1.0,2.8,2.8,2.8,2.8,1.0,0.0,26.0,0.0,0.6,1.0,46.5,46.5,46.5,46.5,1.0,0.0,26.0,0.0,0.6,1.0,45.0,45.0,45.0,45.0,1.0,0.0,26.0,0.0,0.6,1.0
1974,2,12.0,34.0,14.7,14.9,15.1,14.9,199.0,0.19,16.0,0.5,0.5,0.6,13.8,15.0,16.2,14.98,198.0,1.4,16.0,0.5,0.5,0.6,5.06,6.22,7.95,6.42,195.0,1.34,16.0,0.5,0.5,0.6,49.0,59.5,72.9,60.8,197.0,11.5,16.0,0.5,0.6,3.6,7.45,14.4,8.67,200.0,4.94,16.0,0.5,0.5,0.6,-1.29,3.95,9.26,4.26,200.0,6.19,16.0,0.5,0.5,0.6,-7.26,1.58,6.11,0.17,200.0,6.59,16.0,0.5,0.5,0.6,1006.0,1011.95,1022.2,1013.3,198.0,7.61,16.0,0.5,0.5,0.6,0.0,2.0,6.0,2.9,173.0,2.7,14.0,0.6,0.5,0.6,-4.7,27.4,107.0,52.2,200.0,98.4,16.0,0.5,0.5,0.6,-89.4,7.0,51.1,-8.9,200.0,92.4,16.0,0.5,0.5,0.6,-1.37,-0.1,1.1,-0.08,198.0,1.38,16.0,0.5,0.5,0.6,-7.6,-0.6,9.0,-0.1,198.0,14.9,16.0,0.5,0.5,0.6,2.59,4.24,5.41,4.08,195.0,1.31,16.0,0.5,0.5,0.6,11.2,31.8,61.0,36.8,195.0,26.0,16.0,0.5,0.5,0.6,-20.1,53.8,139.7,61.0,198.0,93.3,16.0,0.5,0.5,0.6,-104.8,22.7,90.2,8.2,198.0,97.2,16.0,0.5,0.5,0.6,-11.3,21.2,58.0,23.1,195.0,39.2,16.0,0.5,0.5,0.6,-39.0,11.5,37.6,4.2,195.0,41.2,16.0,0.5,0.5,0.6,-3.2,17.2,47.0,21.9,195.0,28.8,16.0,0.5,0.5,0.6,-32.0,7.1,23.9,0.5,195.0,26.9,16.0,0.5,0.5,0.6,46.5,415.0,2986.0,1364.0,200.0,2028.0,16.0,0.5,0.5,0.6,45.0,415.0,2985.0,1365.0,200.0,2030.0,16.0,0.5,0.5,0.6
1974,2,12.0,35.0,14.24,15.15,16.95,15.58,4.0,1.79,18.0,0.3,0.4,0.7,12.2,12.65,14.31,13.23,4.0,1.56,18.0,0.3,0.4,0.7,7.07,7.07,7.07,7.07,1.0,0.0,28.0,0.0,0.2,0.4,65.2,65.2,65.2,65.2,1.0,0.0,28.0,0.0,0.4,5.49,9.0,11.65,8.78,5.0,3.7,16.0,0.2,0.5,0.6,2.24,3.98,6.93,4.28,5.0,2.88,16.0,0.2,0.5,0.6,-8.24,-2.3,7.21,-0.99,5.0,8.81,16.0,0.2,0.5,0.6,1013.03,1018.0,1027.26,1019.76,5.0,7.87,16.0,0.2,0.5,0.6,1.3,3.0,6.1,3.6,5.0,3.0,16.0,0.2,0.5,0.6,11.6,36.3,75.2,42.9,5.0,38.4,16.0,0.2,0.5,0.6,-84.8,-10.6,69.5,-12.9,5.0,102.5,16.0,0.2,0.5,0.6,0.38,2.7,4.29,2.35,4.0,2.57,18.0,0.3,0.4,0.7,0.0,28.2,47.1,23.8,4.0,28.3,18.0,0.3,0.4,0.7,3.12,3.12,3.12,3.12,1.0,0.0,28.0,0.0,0.2,0.4,32.1,32.1,32.1,32.1,1.0,0.0,28.0,0.0,0.2,0.4,26.0,70.4,87.9,57.6,4.0,41.5,18.0,0.3,0.4,0.7,-112.7,1.3,114.4,0.9,4.0,136.2,18.0,0.3,0.4,0.7,24.9,24.9,24.9,24.9,1.0,0.0,28.0,0.0,0.2,0.4,68.5,68.5,68.5,68.5,1.0,0.0,28.0,0.0,0.2,0.4,11.0,11.0,11.0,11.0,1.0,0.0,28.0,0.0,0.2,0.4,30.2,30.2,30.2,30.2,1.0,0.0,28.0,0.0,0.2,0.4,172.5,729.0,1696.0,976.0,5.0,1066.5,16.0,0.2,0.5,0.6,175.0,730.0,1695.0,975.0,5.0,1065.0,16.0,0.2,0.5,0.6
1974,2,12.0,36.0,14.0,15.0,16.0,15.1,65.0,1.23,14.0,0.4,0.5,0.7,12.2,14.0,15.21,13.86,68.0,1.71,14.0,0.5,0.5,0.8,5.68,6.97,8.16,6.94,20.0,1.33,14.0,0.4,0.5,0.6,62.1,74.8,80.9,72.3,21.0,12.3,16.0,0.4,0.6,3.06,7.2,11.87,7.78,68.0,4.47,14.0,0.5,0.5,0.8,-3.89,1.81,9.0,2.65,68.0,6.34,14.0,0.5,0.5,0.8,-7.58,-0.72,4.82,-0.9,68.0,5.77,14.0,0.5,0.5,0.8,1004.03,1012.5,1025.06,1013.74,69.0,9.56,14.0,0.5,0.5,0.7,1.0,4.0,7.0,4.3,69.0,2.7,14.0,0.5,0.5,0.7,-19.2,10.3,108.9,35.6,68.0,88.2,14.0,0.5,0.5,0.8,-77.0,-2.6,33.5,-12.7,68.0,64.4,14.0,0.5,0.5,0.8,-0.2,1.0,3.0,1.27,65.0,1.97,14.0,0.4,0.5,0.7,-1.4,7.7,25.1,11.1,62.0,19.3,14.0,0.5,0.5,0.8,2.46,3.35,5.01,3.62,19.0,1.05,16.0,0.4,0.5,0.6,10.3,18.6,38.3,24.3,18.0,18.4,16.0,0.4,0.5,0.6,-45.6,28.9,108.0,37.3,65.0,86.8,14.0,0.5,0.5,0.8,-97.7,-15.3,69.1,-11.7,65.0,79.8,14.0,0.5,0.5,0.8,-12.4,16.9,73.6,18.8,19.0,36.8,16.0,0.4,0.5,0.6,-53.0,-3.9,17.3,-15.6,19.0,33.9,16.0,0.4,0.5,0.6,-4.1,5.2,32.6,12.6,18.0,21.7,16.0,0.4,0.5,0.6,-26.7,-3.2,7.4,-7.3,18.0,16.5,16.0,0.4,0.5,0.6,29.0,373.0,1674.0,976.0,68.0,1407.0,14.0,0.5,0.5,0.8,30.0,375.0,1675.0,975.0,68.0,1405.0,14.0,0.5,0.5,0.8
1974,2,12.0,37.0,14.0,14.6,15.74,14.71,61.0,1.2,12.0,0.6,0.4,0.2,12.5,13.8,15.53,13.97,62.0,1.82,12.0,0.5,0.4,0.2,5.94,7.14,8.55,7.29,25.0,1.38,8.0,0.5,0.5,0.2,61.3,75.2,84.3,73.6,25.0,11.3,8.0,0.5,0.2,4.58,9.0,14.0,9.13,70.0,4.27,10.0,0.5,0.4,0.2,-5.2,4.64,12.01,4.1,70.0,7.85,10.0,0.5,0.4,0.2,-5.92,0.0,4.12,-0.61,70.0,4.88,10.0,0.5,0.4,0.2,1004.16,1014.65,1021.53,1014.3,56.0,7.53,12.0,0.5,0.4,0.2,1.0,5.0,7.0,4.4,58.0,2.7,12.0,0.6,0.4,0.2,-34.0,39.5,147.0,50.2,70.0,105.9,10.0,0.5,0.4,0.2,-60.5,0.0,31.2,-9.1,70.0,54.0,10.0,0.5,0.4,0.2,-1.13,0.7,2.3,0.73,57.0,1.85,12.0,0.6,0.4,0.2,-11.4,5.1,20.0,4.9,49.0,17.1,12.0,0.5,0.4,0.2,2.07,3.34,4.27,3.08,22.0,1.21,8.0,0.6,0.5,0.2,4.0,17.4,51.3,26.7,21.0,22.5,8.0,0.6,0.5,0.2,-79.4,41.5,149.7,34.7,54.0,115.3,12.0,0.5,0.4,0.2,-71.1,0.0,68.7,1.7,54.0,72.1,12.0,0.5,0.4,0.2,-41.2,15.2,72.5,21.7,24.0,50.6,8.0,0.5,0.5,0.2,-31.8,0.0,37.9,7.1,24.0,35.2,8.0,0.5,0.5,0.2,-2.7,5.8,48.3,18.2,21.0,26.7,8.0,0.6,0.5,0.2,-19.4,0.0,5.9,-3.8,21.0,13.4,8.0,0.6,0.5,0.2,96.0,729.0,2744.0,1249.0,70.0,1355.5,10.0,0.5,0.4,0.2,95.0,730.0,2745.0,1250.0,70.0,1355.0,10.0,0.5,0.4,0.2
1974,2,12.0,38.0,13.83,14.4,16.0,14.79,21.0,1.31,12.0,0.4,0.5,0.4,11.4,13.0,14.0,12.62,21.0,1.74,12.0,0.4,0.5,0.4,5.77,7.47,8.69,7.34,12.0,1.29,10.0,0.3,0.4,0.5,67.2,81.6,90.1,79.6,12.0,12.3,10.0,0.3,0.5,4.67,9.8,12.21,8.8,21.0,3.59,12.0,0.4,0.5,0.4,-0.73,6.15,10.77,4.93,21.0,5.55,12.0,0.4,0.5,0.4,-7.82,0.0,4.53,-1.94,21.0,5.83,12.0,0.4,0.5,0.4,999.85,1010.1,1021.5,1011.31,21.0,10.08,12.0,0.4,0.5,0.4,0.0,6.0,8.0,4.8,19.0,3.1,12.0,0.4,0.5,0.4,-1.9,70.9,117.3,55.5,21.0,63.5,12.0,0.4,0.5,0.4,-74.4,0.0,28.8,-25.4,21.0,63.6,12.0,0.4,0.5,0.4,-0.33,2.0,4.73,2.17,21.0,2.26,12.0,0.4,0.5,0.4,-3.4,12.0,39.5,17.5,21.0,22.7,12.0,0.4,0.5,0.4,1.55,2.83,4.61,3.09,12.0,1.48,10.0,0.3,0.4,0.5,14.8,24.2,56.7,32.5,12.0,20.2,10.0,0.3,0.4,0.5,-9.9,76.3,147.9,63.7,21.0,73.6,12.0,0.4,0.5,0.4,-110.8,0.0,55.9,-27.0,21.0,76.1,12.0,0.4,0.5,0.4,0.0,58.4,81.1,43.4,12.0,45.4,10.0,0.3,0.4,0.5,-61.0,-12.2,35.6,-14.8,12.0,44.7,10.0,0.3,0.4,0.5,0.0,20.3,38.8,21.4,12.0,18.9,10.0,0.3,0.4,0.5,-25.0,-4.3,12.6,-8.5,12.0,25.0,10.0,0.3,0.4,0.5,102.0,941.0,1823.0,989.5,21.0,852.5,12.0,0.4,0.5,0.4,100.0,940.0,1825.0,990.0,21.0,850.0,12.0,0.4,0.5,0.4
1974,2,12.0,39.0,13.21,13.95,15.49,14.31,10.0,1.59,16.0,0.5,0.3,0.6,11.69,12.8,13.13,12.43,12.0,1.14,16.0,0.4,0.3,0.6,6.67,7.19,7.89,7.28,9.0,0.74,14.0,0.3,0.4,0.5,73.1,78.1,93.1,82.3,9.0,10.0,14.0,0.3,0.5,4.39,5.1,9.24,6.01,11.0,2.8,16.0,0.4,0.4,0.6,-4.28,-0.8,3.8,-0.35,11.0,5.61,16.0,0.4,0.4,0.6,-3.37,0.8,4.16,0.55,11.0,3.95,16.0,0.4,0.4,0.6,1009.66,1014.1,1017.48,1013.57,11.0,6.63,16.0,0.4,0.4,0.6,2.7,5.0,7.3,4.8,12.0,2.5,16.0,0.4,0.3,0.6,-22.3,-3.5,22.9,-2.6,11.0,53.3,16.0,0.4,0.4,0.6,-18.8,2.0,21.4,5.6,11.0,27.3,16.0,0.4,0.4,0.6,0.37,1.05,2.86,1.67,10.0,2.59,16.0,0.5,0.3,0.6,1.8,4.6,26.7,8.7,9.0,17.8,16.0,0.4,0.3,0.6,1.16,2.95,3.32,2.7,7.0,1.38,12.0,0.4,0.3,0.5,10.0,16.5,23.2,16.1,7.0,7.2,12.0,0.4,0.3,0.5,-53.4,-8.6,43.3,-6.6,11.0,74.2,16.0,0.4,0.4,0.6,-38.8,8.0,53.9,8.3,11.0,49.3,16.0,0.4,0.4,0.6,-34.4,-5.7,21.2,-10.1,9.0,37.9,14.0,0.3,0.4,0.5,-28.0,6.0,36.1,6.0,9.0,31.1,14.0,0.3,0.4,0.5,-10.4,0.9,9.7,0.8,7.0,13.8,12.0,0.4,0.3,0.5,-3.6,4.0,10.9,4.1,7.0,12.0,12.0,0.4,0.3,0.5,85.5,132.5,799.5,359.0,11.0,470.0,16.0,0.4,0.4,0.6,85.0,135.0,800.0,360.0,11.0,470.0,16.0,0.4,0.4,0.6
1974,2,12.0,40.0,13.8,14.0,15.15,14.44,23.0,0.88,16.0,0.3,0.4,0.4,12.0,13.6,15.0,13.44,25.0,2.05,16.0,0.3,0.4,0.4,5.54,7.17,8.95,7.15,15.0,2.07,16.0,0.3,0.3,0.3,60.3,76.9,85.4,72.9,15.0,14.7,16.0,0.3,0.3,5.74,8.0,12.0,8.35,27.0,3.57,16.0,0.3,0.4,0.4,-7.16,-2.05,6.56,-1.4,27.0,6.76,16.0,0.3,0.4,0.4,-3.97,1.91,7.78,1.71,27.0,5.87,16.0,0.3,0.4,0.4,1003.38,1008.5,1019.59,1010.54,25.0,8.37,16.0,0.3,0.4,0.4,2.0,6.0,8.0,5.0,23.0,2.8,16.0,0.3,0.4,0.4,-66.6,-12.3,48.0,-14.8,27.0,75.2,16.0,0.3,0.4,0.4,-25.0,8.5,76.5,20.1,27.0,64.1,16.0,0.3,0.4,0.4,-1.0,0.7,2.35,0.92,23.0,2.08,16.0,0.3,0.4,0.4,-9.5,2.8,24.9,6.3,23.0,19.4,16.0,0.3,0.4,0.4,0.95,2.6,4.2,2.73,14.0,1.86,16.0,0.3,0.3,0.3,4.0,17.8,29.9,17.5,14.0,13.7,16.0,0.3,0.3,0.3,-101.3,-15.4,90.7,-13.9,25.0,94.1,16.0,0.3,0.4,0.4,-57.8,17.3,99.5,14.3,25.0,80.8,16.0,0.3,0.4,0.4,-54.3,-6.9,41.6,-13.2,15.0,44.6,16.0,0.3,0.3,0.3,-22.5,-5.7,58.0,8.3,15.0,51.9,16.0,0.3,0.3,0.3,-11.0,0.0,14.9,0.3,14.0,14.9,16.0,0.3,0.3,0.3,-10.6,0.0,18.3,1.9,14.0,17.1,16.0,0.3,0.3,0.3,189.0,512.0,1728.0,880.5,27.0,847.0,16.0,0.3,0.4,0.4,190.0,510.0,1730.0,880.0,27.0,845.0,16.0,0.3,0.4,0.4
1974,2,12.0,41.0,14.0,14.0,15.73,14.46,9.0,1.01,16.0,0.4,0.2,0.4,10.28,13.0,14.23,12.49,9.0,2.25,16.0,0.4,0.2,0.4,4.97,6.21,8.17,6.48,5.0,1.66,12.0,0.4,0.3,0.3,67.0,77.3,81.2,74.4,5.0,9.3,12.0,0.4,0.3,3.54,7.0,8.43,7.02,9.0,3.87,16.0,0.4,0.2,0.4,-5.54,-0.52,6.45,0.96,9.0,7.06,16.0,0.4,0.2,0.4,-5.47,-2.95,1.92,-2.1,9.0,3.81,16.0,0.4,0.2,0.4,996.81,1004.6,1010.78,1003.91,9.0,8.09,16.0,0.4,0.2,0.4,1.9,8.0,8.0,5.3,7.0,3.5,16.0,0.6,0.3,0.3,-40.9,-1.6,48.5,21.6,9.0,88.1,16.0,0.4,0.2,0.4,-44.8,-8.9,14.8,-12.6,9.0,28.2,16.0,0.4,0.2,0.4,-0.5,3.0,4.09,1.97,9.0,2.36,16.0,0.4,0.2,0.4,-2.2,21.0,38.0,17.8,9.0,20.7,16.0,0.4,0.2,0.4,1.83,3.93,5.07,3.57,5.0,1.67,12.0,0.4,0.3,0.3,14.1,35.9,49.2,33.4,5.0,19.8,12.0,0.4,0.3,0.3,-53.4,-7.0,88.5,10.1,9.0,80.6,16.0,0.4,0.2,0.4,-52.1,-39.9,27.9,-22.4,9.0,46.9,16.0,0.4,0.2,0.4,-41.5,20.2,72.9,17.5,5.0,62.7,12.0,0.4,0.3,0.3,-25.7,0.0,25.2,0.1,5.0,26.7,12.0,0.4,0.3,0.3,-19.7,13.1,36.8,10.4,5.0,35.5,12.0,0.4,0.3,0.3,-27.5,0.0,5.6,-8.6,5.0,17.4,12.0,0.4,0.3,0.3,53.5,343.0,604.0,669.5,9.0,1139.0,16.0,0.4,0.2,0.4,55.0,345.0,605.0,670.0,9.0,1140.0,16.0,0.4,0.2,0.4
1974,2,12.0,43.0,14.72,14.75,14.78,14.75,2.0,0.07,24.0,0.5,0.6,0.6,14.1,14.3,14.5,14.3,2.0,0.42,24.0,0.5,0.6,0.6,6.36,6.7,7.04,6.7,2.0,0.7,24.0,0.5,0.6,0.6,62.1,66.1,70.0,66.1,2.0,8.1,24.0,0.5,0.6,7.26,9.55,11.84,9.55,2.0,4.74,24.0,0.5,0.6,0.6,4.68,5.26,5.84,5.26,2.0,1.2,24.0,0.5,0.6,0.6,-10.37,-6.6,-2.83,-6.6,2.0,7.81,24.0,0.5,0.6,0.6,1002.59,1006.45,1010.31,1006.45,2.0,7.99,24.0,0.5,0.6,0.6,2.0,2.0,2.0,2.0,1.0,0.0,26.0,1.0,0.6,0.6,40.9,47.4,53.9,47.4,2.0,13.5,24.0,0.5,0.6,0.6,-132.6,-81.5,-30.4,-81.5,2.0,105.9,24.0,0.5,0.6,0.6,0.21,0.45,0.69,0.45,2.0,0.49,24.0,0.5,0.6,0.6,2.2,5.5,8.8,5.5,2.0,6.9,24.0,0.5,0.6,0.6,3.5,3.78,4.05,3.78,2.0,0.57,24.0,0.5,0.6,0.6,28.7,34.7,40.7,34.7,2.0,12.5,24.0,0.5,0.6,0.6,66.1,75.5,84.8,75.5,2.0,19.4,24.0,0.5,0.6,0.6,-145.3,-92.7,-40.2,-92.7,2.0,108.9,24.0,0.5,0.6,0.6,32.7,34.8,36.9,34.8,2.0,4.3,24.0,0.5,0.6,0.6,-74.4,-46.9,-19.5,-46.9,2.0,56.9,24.0,0.5,0.6,0.6,16.6,20.2,23.8,20.2,2.0,7.5,24.0,0.5,0.6,0.6,-35.1,-22.7,-10.3,-22.7,2.0,25.8,24.0,0.5,0.6,0.6,541.0,1192.5,1844.0,1192.5,2.0,1349.5,24.0,0.5,0.6,0.6,540.0,1195.0,1845.0,1195.0,2.0,1350.0,24.0,0.5,0.6,0.6
1974,2,12.0,44.0,,,,,,,,,,,,,,,,,,,,,,,,,,,,,,,,,,,,,,,,9.0,9.0,9.0,9.0,1.0,0.0,26.0,0.0,0.9,0.4,-7.79,-7.79,-7.79,-7.79,1.0,0.0,26.0,0.0,0.9,0.4,-4.5,-4.5,-4.5,-4.5,1.0,0.0,26.0,0.0,0.9,0.4,1022.0,1022.0,1022.0,1022.0,1.0,0.0,26.0,0.0,0.9,0.4,,,,,,,,,,,,,,,,,,,,,,,,,,,,,,,,,,,,,,,,,,,,,,,,,,,,,,,,,,,,,,,,,,,,,,,,,,,,,,,,,,,,,,,,,,,,,,,,,,,,,,,,,,,,,,,,,,,,,,,,,,,,,,,,,,,,,,,,,,,,,,,,,,,,,,
1974,2,12.0,45.0,,,,,,,,,,,,,,,,,,,,,,,,,,,,,,,,,,,,,,,,3.63,5.0,6.37,5.0,2.0,2.83,12.0,0.0,0.8,0.1,-4.1,-1.38,1.33,-1.38,2.0,5.63,12.0,0.0,0.8,0.1,1.98,3.0,4.02,3.0,2.0,2.12,12.0,0.0,0.8,0.1,1007.78,1008.6,1009.42,1008.6,2.0,1.7,12.0,0.0,0.8,0.1,,,,,,,,,,,,,,,,,,,,,,,,,,,,,,,,,,,,,,,,,,,,,,,,,,,,,,,,,,,,,,,,,,,,,,,,,,,,,,,,,,,,,,,,,,,,,,,,,,,,,,,,,,,,,,,,,,,,,,,,,,,,,,,,,,,,,,,,,,,,,,,,,,,,,,
1974,2,12.0,54.0,2.9,4.0,5.1,4.12,13.0,1.45,14.0,0.3,0.6,0.7,2.71,3.7,6.26,4.04,37.0,1.67,12.0,0.5,0.2,0.5,3.78,4.34,4.7,4.25,20.0,0.43,10.0,0.8,0.0,0.4,78.2,85.6,90.4,85.3,20.0,5.9,10.0,0.8,0.4,3.11,7.0,9.0,6.09,36.0,2.88,12.0,0.6,0.3,0.5,-4.5,-0.34,2.76,-0.85,36.0,3.5,12.0,0.6,0.3,0.5,-4.23,2.0,7.56,2.07,36.0,5.39,12.0,0.6,0.3,0.5,999.21,1015.4,1020.85,1011.98,38.0,12.19,12.0,0.5,0.2,0.5,4.9,8.0,8.0,6.6,29.0,2.6,12.0,0.6,0.2,0.5,-31.5,-0.7,12.8,-5.5,36.0,26.7,12.0,0.6,0.3,0.5,-30.3,4.0,57.3,16.2,36.0,51.1,12.0,0.6,0.3,0.5,,,,,,,,,,,,,,,,,,,,,,,,,,,,,,,,,,,,,,,,,-16.7,-3.4,9.5,-4.0,35.0,13.0,12.0,0.5,0.3,0.5,-15.4,9.2,23.8,8.9,35.0,23.7,12.0,0.5,0.3,0.5,-19.0,-7.8,0.0,-7.9,20.0,13.5,10.0,0.8,0.0,0.4,-21.5,7.6,22.6,3.4,20.0,18.0,10.0,0.8,0.0,0.4,,,,,,,,,,,,,,,,,,,,,,,,,,,,,,,,,,,,,,,,
1974,2,12.0,55.0,3.0,4.0,4.65,3.76,11.0,1.12,14.0,0.4,0.6,0.5,1.91,3.0,5.61,3.57,11.0,2.3,14.0,0.4,0.6,0.5,5.03,5.03,5.03,5.03,1.0,0.0,4.0,0.0,0.6,0.6,92.0,92.0,92.0,92.0,1.0,0.0,4.0,0.0,0.6,0.86,4.0,11.14,5.2,10.0,4.8,16.0,0.4,0.6,0.5,-4.71,-1.53,0.73,-1.82,10.0,5.24,16.0,0.4,0.6,0.5,0.0,1.77,6.05,2.52,10.0,3.86,16.0,0.4,0.6,0.5,999.21,1013.1,1027.08,1013.42,11.0,15.05,14.0,0.4,0.6,0.5,2.4,6.5,8.0,5.3,6.0,3.2,16.0,0.7,0.7,0.5,-37.9,-6.1,1.5,-13.1,10.0,61.6,16.0,0.4,0.6,0.5,0.0,3.5,54.9,23.8,10.0,45.9,16.0,0.4,0.6,0.5,,,,,,,,,,,,,,,,,,,,,,,,,,,,,,,,,,,,,,,,,,,,,,,,,,,,,,,,,,,,,,,,,,,,,,,,,,,,,,,,,,,,,,,,,,,,,,,,,,,,,,,,,,,,,,,,,,,,,,,,
1974,2,12.0,56.0,3.0,4.0,5.0,4.25,20.0,1.44,20.0,0.5,0.3,0.5,2.5,3.5,4.3,3.56,20.0,1.62,20.0,0.5,0.3,0.5,3.28,3.34,3.4,3.34,2.0,0.12,28.0,0.5,0.3,0.5,80.6,83.2,85.8,83.2,2.0,5.4,28.0,0.5,0.5,3.87,6.0,9.94,6.52,19.0,2.93,20.0,0.5,0.3,0.5,-5.46,-1.37,4.77,-0.69,19.0,5.02,20.0,0.5,0.3,0.5,-0.25,3.0,7.63,3.13,19.0,4.18,20.0,0.5,0.3,0.5,1006.33,1021.75,1037.94,1019.94,20.0,15.41,20.0,0.5,0.3,0.5,3.0,7.0,8.0,6.1,18.0,2.4,20.0,0.6,0.3,0.5,-33.7,-5.5,31.4,-6.5,19.0,47.2,20.0,0.5,0.3,0.5,-1.1,15.0,64.3,26.4,19.0,41.3,20.0,0.5,0.3,0.5,-0.99,1.05,2.39,0.69,20.0,2.03,20.0,0.5,0.3,0.5,-6.9,5.6,12.4,3.8,19.0,11.5,20.0,0.5,0.3,0.5,1.05,1.16,1.26,1.16,2.0,0.22,28.0,0.5,0.3,0.5,5.2,7.6,9.9,7.6,2.0,4.9,28.0,0.5,0.3,0.5,-12.2,-2.7,20.9,1.3,19.0,18.9,20.0,0.5,0.3,0.5,-1.2,7.8,27.3,10.1,19.0,16.0,20.0,0.5,0.3,0.5,-31.6,-22.5,-13.4,-22.5,2.0,18.8,28.0,0.5,0.3,0.5,0.8,2.7,4.5,2.7,2.0,3.8,28.0,0.5,0.3,0.5,-9.8,-7.3,-4.7,-7.3,2.0,5.3,28.0,0.5,0.3,0.5,0.3,1.0,1.7,1.0,2.0,1.4,28.0,0.5,0.3,0.5,59.0,216.0,987.0,452.5,19.0,582.0,20.0,0.5,0.3,0.5,60.0,215.0,985.0,455.0,19.0,580.0,20.0,0.5,0.3,0.5
1974,2,12.0,57.0,4.13,4.4,4.81,4.47,3.0,0.5,12.0,0.3,0.3,0.0,2.51,3.6,3.8,3.17,3.0,1.02,12.0,0.3,0.3,0.0,4.83,4.83,4.83,4.83,1.0,0.0,4.0,0.0,0.6,0.0,96.5,96.5,96.5,96.5,1.0,0.0,4.0,0.0,0.0,5.36,7.0,7.68,6.53,3.0,1.75,12.0,0.3,0.3,0.0,-6.81,-4.5,-0.88,-3.86,3.0,4.37,12.0,0.3,0.3,0.0,0.49,4.53,5.1,2.83,3.0,3.68,12.0,0.3,0.3,0.0,1006.96,1010.3,1010.44,1008.73,3.0,2.89,12.0,0.3,0.3,0.0,7.2,7.5,7.8,7.5,2.0,0.7,8.0,0.5,0.4,0.0,-53.0,-31.5,-7.5,-30.3,3.0,33.4,12.0,0.3,0.3,0.0,-1.0,20.8,32.2,15.8,3.0,24.7,12.0,0.3,0.3,0.0,0.43,0.5,2.21,1.3,3.0,1.47,12.0,0.3,0.3,0.0,2.6,3.2,15.4,8.8,3.0,10.5,12.0,0.3,0.3,0.0,0.35,0.35,0.35,0.35,1.0,0.0,4.0,0.0,0.6,0.0,1.6,1.6,1.6,1.6,1.0,0.0,4.0,0.0,0.6,0.0,-22.2,-9.0,-0.7,-11.4,3.0,15.9,12.0,0.3,0.3,0.0,0.0,10.7,15.5,7.8,3.0,11.6,12.0,0.3,0.3,0.0,3.9,3.9,3.9,3.9,1.0,0.0,4.0,0.0,0.6,0.0,21.9,21.9,21.9,21.9,1.0,0.0,4.0,0.0,0.6,0.0,0.3,0.3,0.3,0.3,1.0,0.0,4.0,0.0,0.6,0.0,1.6,1.6,1.6,1.6,1.0,0.0,4.0,0.0,0.6,0.0,175.5,343.0,458.5,317.5,3.0,208.5,12.0,0.3,0.3,0.0,175.0,345.0,460.0,315.0,3.0,210.0,12.0,0.3,0.3,0.0
1974,2,12.0,66.0,,,,,,,,,,,,,,,,,,,,,,,,,,,,,,,,,,,,,,,,11.8,11.8,11.8,11.8,1.0,0.0,28.0,1.0,0.5,0.9,9.04,9.04,9.04,9.04,1.0,0.0,28.0,1.0,0.5,0.9,7.58,7.58,7.58,7.58,1.0,0.0,28.0,1.0,0.5,0.9,1026.8,1026.8,1026.8,1026.8,1.0,0.0,28.0,1.0,0.5,0.9,,,,,,,,,,,,,,,,,,,,,,,,,,,,,,,,,,,,,,,,,,,,,,,,,,,,,,,,,,,,,,,,,,,,,,,,,,,,,,,,,,,,,,,,,,,,,,,,,,,,,,,,,,,,,,,,,,,,,,,,,,,,,,,,,,,,,,,,,,,,,,,,,,,,,,
1974,2,12.0,67.0,4.06,5.0,6.0,5.01,8.0,1.46,10.0,0.1,0.3,0.6,1.09,2.6,3.0,2.3,8.0,2.55,10.0,0.1,0.3,0.6,3.45,3.64,3.82,3.64,2.0,0.39,10.0,0.5,0.3,0.4,75.9,82.9,89.8,82.9,2.0,14.4,10.0,0.5,0.4,3.42,8.35,13.67,8.74,8.0,4.68,10.0,0.1,0.3,0.6,-4.84,0.06,7.08,-0.24,8.0,7.08,10.0,0.1,0.3,0.6,-2.9,3.09,8.89,3.15,8.0,6.89,10.0,0.1,0.3,0.6,982.99,990.6,994.17,990.77,7.0,9.76,10.0,0.1,0.3,0.7,5.0,7.0,7.9,6.1,8.0,2.0,10.0,0.1,0.3,0.6,-40.3,1.8,64.6,-12.9,8.0,90.2,10.0,0.1,0.3,0.6,-23.8,17.7,117.3,46.2,8.0,83.6,10.0,0.1,0.3,0.6,1.76,2.9,3.71,2.71,8.0,1.33,10.0,0.1,0.3,0.6,6.8,20.8,37.0,23.1,8.0,18.3,10.0,0.1,0.3,0.6,1.71,1.94,2.17,1.94,2.0,0.48,10.0,0.5,0.3,0.4,9.8,15.8,21.8,15.8,2.0,12.4,10.0,0.5,0.3,0.4,-6.4,6.7,23.2,9.8,8.0,20.6,10.0,0.1,0.3,0.6,-3.5,11.2,36.0,15.9,8.0,23.5,10.0,0.1,0.3,0.6,-42.2,-20.9,0.4,-20.9,2.0,44.1,10.0,0.5,0.3,0.4,6.3,16.0,25.6,16.0,2.0,20.0,10.0,0.5,0.3,0.4,-16.8,-7.2,2.5,-7.2,2.0,20.0,10.0,0.5,0.3,0.4,3.0,6.8,10.5,6.8,2.0,7.8,10.0,0.5,0.3,0.4,50.5,585.5,2570.0,1178.0,8.0,1357.0,10.0,0.1,0.3,0.6,50.0,585.0,2570.0,1180.0,8.0,1355.0,10.0,0.1,0.3,0.6
1974,2,12.0,68.0,5.0,5.8,7.0,5.89,54.0,0.9,14.0,0.4,0.4,0.6,0.0,2.4,6.0,2.36,55.0,2.83,14.0,0.4,0.4,0.5,3.38,3.82,5.14,4.08,40.0,0.83,16.0,0.4,0.4,0.6,73.8,87.7,94.0,85.1,40.0,10.1,16.0,0.4,0.6,4.6,9.15,13.49,9.19,54.0,4.23,14.0,0.4,0.4,0.5,-7.41,-1.11,9.22,0.23,54.0,7.62,14.0,0.4,0.4,0.5,-2.96,3.4,9.91,3.77,54.0,5.6,14.0,0.4,0.4,0.5,981.34,994.1,1019.93,998.25,56.0,15.26,14.0,0.4,0.4,0.5,5.0,7.0,8.0,6.4,49.0,1.9,16.0,0.4,0.4,0.6,-72.3,-4.2,120.8,13.8,54.0,98.8,14.0,0.4,0.4,0.5,-14.1,21.0,117.5,44.7,54.0,74.4,14.0,0.4,0.4,0.5,1.04,3.25,5.7,3.49,54.0,2.31,14.0,0.4,0.4,0.6,7.8,23.6,47.7,29.6,52.0,26.2,14.0,0.4,0.4,0.6,1.02,1.92,2.32,1.79,39.0,0.66,16.0,0.4,0.4,0.6,7.7,12.9,26.2,15.5,37.0,8.7,16.0,0.5,0.4,0.6,-14.3,1.5,33.5,8.9,53.0,26.6,14.0,0.4,0.4,0.5,0.0,8.8,53.1,19.3,53.0,26.9,14.0,0.4,0.4,0.5,-25.6,2.7,47.7,6.1,38.0,31.8,16.0,0.4,0.4,0.6,3.2,14.1,57.3,23.5,38.0,24.1,16.0,0.4,0.4,0.6,-13.6,2.0,10.5,-0.7,37.0,14.7,16.0,0.5,0.4,0.6,2.2,6.7,16.1,7.5,37.0,7.0,16.0,0.5,0.4,0.6,97.5,766.5,2464.0,1274.0,54.0,1447.0,14.0,0.4,0.4,0.5,95.0,765.0,2465.0,1275.0,54.0,1445.0,14.0,0.4,0.4,0.5
1974,2,12.0,69.0,,,,,,,,,,,,,,,,,,,,,,,,,,,,,,,,,,,,,,,,19.0,19.0,19.0,19.0,1.0,0.0,26.0,1.0,0.6,0.3,17.85,17.85,17.85,17.85,1.0,0.0,26.0,1.0,0.6,0.3,6.5,6.5,6.5,6.5,1.0,0.0,26.0,1.0,0.6,0.3,1003.3,1003.3,1003.3,1003.3,1.0,0.0,26.0,1.0,0.6,0.3,,,,,,,,,,,,,,,,,,,,,,,,,,,,,,,,,,,,,,,,,,,,,,,,,,,,,,,,,,,,,,,,,,,,,,,,,,,,,,,,,,,,,,,,,,,,,,,,,,,,,,,,,,,,,,,,,,,,,,,,,,,,,,,,,,,,,,,,,,,,,,,,,,,,,,
1974,2,12.0,70.0,,,,,,,,,,,,,,,,,,,,,,,,,,,,,,,,,,,,,,,,6.06,6.2,7.43,6.73,3.0,1.1,12.0,0.3,0.4,0.3,-2.71,3.0,5.14,1.25,3.0,5.94,12.0,0.3,0.4,0.3,-0.48,5.14,5.18,2.41,3.0,4.77,12.0,0.3,0.4,0.3,999.34,1000.3,1007.81,1003.5,3.0,6.79,12.0,0.3,0.4,0.3,,,,,,,,,,,,,,,,,,,,,,,,,,,,,,,,,,,,,,,,,,,,,,,,,,,,,,,,,,,,,,,,,,,,,,,,,,,,,,,,,,,,,,,,,,,,,,,,,,,,,,,,,,,,,,,,,,,,,,,,,,,,,,,,,,,,,,,,,,,,,,,,,,,,,,
1974,2,12.0,71.0,,,,,,,,,,,,,,,,,,,,,,,,,,,,,,,,,,,,,,,,10.27,13.0,15.73,13.0,2.0,5.66,14.0,0.0,0.3,0.4,-12.39,-7.36,-2.34,-7.36,2.0,10.41,14.0,0.0,0.3,0.4,8.58,8.75,8.92,8.75,2.0,0.35,14.0,0.0,0.3,0.4,998.09,1006.45,1014.81,1006.45,2.0,17.32,14.0,0.0,0.3,0.4,,,,,,,,,,,,,,,,,,,,,,,,,,,,,,,,,,,,,,,,,,,,,,,,,,,,,,,,,,,,,,,,,,,,,,,,,,,,,,,,,,,,,,,,,,,,,,,,,,,,,,,,,,,,,,,,,,,,,,,,,,,,,,,,,,,,,,,,,,,,,,,,,,,,,,
1974,2,12.0,72.0,5.52,5.55,5.58,5.55,2.0,0.07,14.0,0.0,0.8,0.8,-1.04,-0.9,2.31,0.6,3.0,2.77,12.0,0.0,0.5,0.7,3.7,3.7,3.7,3.7,1.0,0.0,14.0,0.0,0.7,0.8,73.5,73.5,73.5,73.5,1.0,0.0,14.0,0.0,0.8,11.93,15.45,18.97,15.45,2.0,7.28,14.0,0.0,0.4,0.7,-15.73,-7.92,-0.11,-7.92,2.0,16.18,14.0,0.0,0.4,0.7,7.46,8.36,9.26,8.36,2.0,1.86,14.0,0.0,0.4,0.7,994.76,994.9,996.81,995.77,3.0,1.68,12.0,0.0,0.5,0.7,2.3,3.0,5.7,4.0,3.0,2.6,12.0,0.0,0.5,0.7,-329.7,-181.2,-32.8,-181.2,2.0,307.6,14.0,0.0,0.4,0.7,106.9,122.4,137.9,122.4,2.0,32.1,14.0,0.0,0.4,0.7,2.49,4.2,5.91,4.2,2.0,3.54,14.0,0.0,0.8,0.8,17.5,17.5,17.5,17.5,1.0,0.0,14.0,0.0,0.7,0.8,1.98,1.98,1.98,1.98,1.0,0.0,14.0,0.0,0.7,0.8,20.3,20.3,20.3,20.3,1.0,0.0,14.0,0.0,0.7,0.8,14.0,15.4,16.8,15.4,2.0,2.9,14.0,0.0,0.4,0.7,0.5,15.2,29.9,15.2,2.0,30.5,14.0,0.0,0.4,0.7,13.0,13.0,13.0,13.0,1.0,0.0,14.0,0.0,0.7,0.8,35.8,35.8,35.8,35.8,1.0,0.0,14.0,0.0,0.7,0.8,7.0,7.0,7.0,7.0,1.0,0.0,14.0,0.0,0.7,0.8,19.1,19.1,19.1,19.1,1.0,0.0,14.0,0.0,0.7,0.8,2306.5,4917.5,7528.0,4917.5,2.0,5408.5,14.0,0.0,0.4,0.7,2305.0,4915.0,7530.0,4915.0,2.0,5410.0,14.0,0.0,0.4,0.7
1974,2,12.0,73.0,3.72,4.4,4.4,4.08,4.0,0.65,14.0,0.3,0.4,0.6,-0.92,-0.5,1.07,0.05,4.0,1.68,14.0,0.3,0.4,0.6,3.34,3.41,3.93,3.62,4.0,0.49,14.0,0.3,0.4,0.6,91.5,94.0,95.5,93.5,4.0,2.9,14.0,0.3,0.6,11.63,19.0,19.75,15.77,3.0,6.58,14.0,0.3,0.5,0.6,-18.12,-16.45,-7.14,-12.72,3.0,8.67,14.0,0.3,0.5,0.6,7.14,7.71,8.93,8.03,3.0,1.34,14.0,0.3,0.5,0.6,995.93,997.1,998.11,997.03,4.0,1.28,14.0,0.3,0.4,0.6,8.0,8.0,8.0,8.0,3.0,0.0,14.0,0.3,0.4,0.6,-358.4,-312.6,-114.9,-238.4,3.0,189.6,14.0,0.3,0.5,0.6,87.0,138.2,167.1,127.3,3.0,59.4,14.0,0.3,0.5,0.6,2.71,4.25,5.32,4.03,4.0,1.66,14.0,0.3,0.4,0.6,33.6,72.4,96.9,65.4,3.0,46.7,14.0,0.3,0.5,0.6,1.19,1.64,1.84,1.52,4.0,0.44,14.0,0.3,0.4,0.6,14.6,29.7,34.0,24.4,3.0,14.9,14.0,0.3,0.5,0.6,-1.8,9.4,17.6,7.9,3.0,14.3,14.0,0.3,0.5,0.6,-9.5,-3.4,12.1,1.2,3.0,16.3,14.0,0.3,0.5,0.6,-60.2,-55.3,-25.9,-43.3,3.0,27.2,14.0,0.3,0.5,0.6,25.7,31.9,33.0,29.4,3.0,5.8,14.0,0.3,0.5,0.6,-30.1,-27.9,-10.6,-20.5,3.0,15.6,14.0,0.3,0.5,0.6,8.1,10.2,15.5,11.7,3.0,5.6,14.0,0.3,0.5,0.6,2553.5,6859.0,7720.0,5177.0,3.0,4055.5,14.0,0.3,0.5,0.6,2555.0,6860.0,7720.0,5175.0,3.0,4055.0,14.0,0.3,0.5,0.6
1974,2,12.0,74.0,3.42,3.6,4.15,3.74,5.0,0.49,22.0,0.4,0.3,0.5,-1.97,-1.0,-0.06,-1.12,5.0,1.33,22.0,0.4,0.3,0.5,2.66,3.03,3.33,2.99,3.0,0.49,22.0,0.3,0.3,0.4,83.1,86.3,90.8,86.9,3.0,5.7,22.0,0.3,0.4,9.43,12.5,15.57,12.5,2.0,6.36,24.0,0.5,0.3,0.7,-5.38,0.25,5.88,0.25,2.0,11.67,24.0,0.5,0.3,0.7,2.34,7.36,12.39,7.36,2.0,10.41,24.0,0.5,0.3,0.7,990.21,997.25,1012.57,1001.2,4.0,16.82,22.0,0.3,0.3,0.5,7.0,8.0,8.0,7.6,5.0,0.5,22.0,0.4,0.3,0.5,-30.9,40.3,111.4,40.3,2.0,147.4,24.0,0.5,0.3,0.7,39.7,125.1,210.6,125.1,2.0,177.0,24.0,0.5,0.3,0.7,3.71,4.6,6.07,4.86,5.0,1.44,22.0,0.4,0.3,0.5,32.3,46.8,61.3,46.8,2.0,30.0,24.0,0.5,0.3,0.7,1.73,2.22,2.44,2.09,3.0,0.53,22.0,0.3,0.3,0.4,25.5,25.5,25.5,25.5,1.0,0.0,26.0,1.0,0.3,0.5,0.1,0.4,0.7,0.4,2.0,0.6,24.0,0.5,0.3,0.7,0.0,0.0,0.0,0.0,2.0,0.0,24.0,0.5,0.3,0.7,29.5,29.5,29.5,29.5,1.0,0.0,26.0,1.0,0.3,0.5,51.1,51.1,51.1,51.1,1.0,0.0,26.0,1.0,0.3,0.5,12.8,12.8,12.8,12.8,1.0,0.0,26.0,1.0,0.3,0.5,22.1,22.1,22.1,22.1,1.0,0.0,26.0,1.0,0.3,0.5,1210.5,2712.5,4214.5,2712.5,2.0,3112.0,24.0,0.5,0.3,0.7,1210.0,2715.0,4215.0,2715.0,2.0,3110.0,24.0,0.5,0.3,0.7
1974,2,12.0,75.0,,,,,,,,,,,,,,,,,,,,,,,,,,,,,,,,,,,,,,,,6.17,13.0,14.37,10.33,3.0,6.43,4.0,0.0,0.5,0.4,-14.37,-13.0,-6.17,-10.33,3.0,6.43,4.0,0.0,0.5,0.4,0.0,0.0,0.0,0.0,3.0,0.0,4.0,0.0,0.5,0.4,1007.01,1009.4,1016.43,1011.44,5.0,5.91,6.0,0.0,0.5,0.6,,,,,,,,,,,,,,,,,,,,,,,,,,,,,,,,,,,,,,,,,,,,,,,,,,,,,,,,,,,,,,,,,,,,,,,,,,,,,,,,,,,,,,,,,,,,,,,,,,,,,,,,,,,,,,,,,,,,,,,,,,,,,,,,,,,,,,,,,,,,,,,,,,,,,,
1974,2,13.0,-70.0,0.7,0.7,0.7,0.7,1.0,0.0,8.0,0.0,0.3,0.9,-0.7,-0.7,-0.7,-0.7,1.0,0.0,8.0,0.0,0.3,0.9,3.19,3.19,3.19,3.19,1.0,0.0,8.0,0.0,0.3,0.9,85.0,85.0,85.0,85.0,1.0,0.0,8.0,0.0,0.9,10.8,10.8,10.8,10.8,1.0,0.0,8.0,0.0,0.3,0.9,-10.8,-10.8,-10.8,-10.8,1.0,0.0,8.0,0.0,0.3,0.9,0.0,0.0,0.0,0.0,1.0,0.0,8.0,0.0,0.3,0.9,970.1,970.1,970.1,970.1,1.0,0.0,8.0,0.0,0.3,0.9,7.0,7.0,7.0,7.0,1.0,0.0,8.0,0.0,0.3,0.9,-116.6,-116.6,-116.6,-116.6,1.0,0.0,8.0,0.0,0.3,0.9,0.0,0.0,0.0,0.0,1.0,0.0,8.0,0.0,0.3,0.9,1.4,1.4,1.4,1.4,1.0,0.0,8.0,0.0,0.3,0.9,15.1,15.1,15.1,15.1,1.0,0.0,8.0,0.0,0.3,0.9,0.96,0.96,0.96,0.96,1.0,0.0,8.0,0.0,0.3,0.9,10.4,10.4,10.4,10.4,1.0,0.0,8.0,0.0,0.3,0.9,7.6,7.6,7.6,7.6,1.0,0.0,8.0,0.0,0.3,0.9,0.0,0.0,0.0,0.0,1.0,0.0,8.0,0.0,0.3,0.9,-34.4,-34.4,-34.4,-34.4,1.0,0.0,8.0,0.0,0.3,0.9,0.0,0.0,0.0,0.0,1.0,0.0,8.0,0.0,0.3,0.9,-10.4,-10.4,-10.4,-10.4,1.0,0.0,8.0,0.0,0.3,0.9,0.0,0.0,0.0,0.0,1.0,0.0,8.0,0.0,0.3,0.9,1259.5,1259.5,1259.5,1259.5,1.0,0.0,8.0,0.0,0.3,0.9,1260.0,1260.0,1260.0,1260.0,1.0,0.0,8.0,0.0,0.3,0.9
1974,2,13.0,-67.0,,,,,,,,,,,,,,,,,,,,,,,,,,,,,,,,,,,,,,,,7.7,7.7,7.7,7.7,1.0,0.0,26.0,0.0,0.3,0.3,0.0,0.0,0.0,0.0,1.0,0.0,26.0,0.0,0.3,0.3,7.7,7.7,7.7,7.7,1.0,0.0,26.0,0.0,0.3,0.3,979.5,979.5,979.5,979.5,1.0,0.0,26.0,0.0,0.3,0.3,,,,,,,,,,,,,,,,,,,,,,,,,,,,,,,,,,,,,,,,,,,,,,,,,,,,,,,,,,,,,,,,,,,,,,,,,,,,,,,,,,,,,,,,,,,,,,,,,,,,,,,,,,,,,,,,,,,,,,,,,,,,,,,,,,,,,,,,,,,,,,,,,,,,,,
1974,2,13.0,-48.0,,,,,,,,,,,,,,,,,,,,,,,,,,,,,,,,,,,,,,,,6.7,6.7,6.7,6.7,1.0,0.0,26.0,1.0,0.5,0.7,6.7,6.7,6.7,6.7,1.0,0.0,26.0,1.0,0.5,0.7,0.0,0.0,0.0,0.0,1.0,0.0,26.0,1.0,0.5,0.7,1011.0,1011.0,1011.0,1011.0,1.0,0.0,26.0,1.0,0.5,0.7,,,,,,,,,,,,,,,,,,,,,,,,,,,,,,,,,,,,,,,,,,,,,,,,,,,,,,,,,,,,,,,,,,,,,,,,,,,,,,,,,,,,,,,,,,,,,,,,,,,,,,,,,,,,,,,,,,,,,,,,,,,,,,,,,,,,,,,,,,,,,,,,,,,,,,
1974,2,13.0,-47.0,,,,,,,,,,,,,,,,,,,,,,,,,,,,,,,,,,,,,,,,12.3,12.3,12.3,12.3,1.0,0.0,20.0,1.0,0.5,0.5,11.4,11.4,11.4,11.4,1.0,0.0,20.0,1.0,0.5,0.5,4.61,4.61,4.61,4.61,1.0,0.0,20.0,1.0,0.5,0.5,1001.0,1001.0,1001.0,1001.0,1.0,0.0,20.0,1.0,0.5,0.5,,,,,,,,,,,,,,,,,,,,,,,,,,,,,,,,,,,,,,,,,,,,,,,,,,,,,,,,,,,,,,,,,,,,,,,,,,,,,,,,,,,,,,,,,,,,,,,,,,,,,,,,,,,,,,,,,,,,,,,,,,,,,,,,,,,,,,,,,,,,,,,,,,,,,,
1974,2,13.0,-44.0,,,,,,,,,,,,,,,,,,,,,,,,,,,,,,,,,,,,,,,,9.3,9.3,9.3,9.3,1.0,0.0,18.0,1.0,0.5,0.2,8.56,8.56,8.56,8.56,1.0,0.0,18.0,1.0,0.5,0.2,-3.63,-3.63,-3.63,-3.63,1.0,0.0,18.0,1.0,0.5,0.2,1002.6,1002.6,1002.6,1002.6,1.0,0.0,18.0,1.0,0.5,0.2,,,,,,,,,,,,,,,,,,,,,,,,,,,,,,,,,,,,,,,,,,,,,,,,,,,,,,,,,,,,,,,,,,,,,,,,,,,,,,,,,,,,,,,,,,,,,,,,,,,,,,,,,,,,,,,,,,,,,,,,,,,,,,,,,,,,,,,,,,,,,,,,,,,,,,
1974,2,13.0,-42.0,14.0,14.0,14.0,14.0,1.0,0.0,20.0,0.0,0.2,0.2,11.2,11.2,11.2,11.2,1.0,0.0,20.0,0.0,0.2,0.2,6.2,6.2,6.2,6.2,1.0,0.0,20.0,0.0,0.2,0.2,75.3,75.3,75.3,75.3,1.0,0.0,20.0,0.0,0.2,7.7,7.7,7.7,7.7,1.0,0.0,20.0,0.0,0.2,0.2,5.9,5.9,5.9,5.9,1.0,0.0,20.0,0.0,0.2,0.2,4.95,4.95,4.95,4.95,1.0,0.0,20.0,0.0,0.2,0.2,1013.6,1013.6,1013.6,1013.6,1.0,0.0,20.0,0.0,0.2,0.2,2.0,2.0,2.0,2.0,1.0,0.0,20.0,0.0,0.2,0.2,45.4,45.4,45.4,45.4,1.0,0.0,20.0,0.0,0.2,0.2,38.1,38.1,38.1,38.1,1.0,0.0,20.0,0.0,0.2,0.2,2.8,2.8,2.8,2.8,1.0,0.0,20.0,0.0,0.2,0.2,21.6,21.6,21.6,21.6,1.0,0.0,20.0,0.0,0.2,0.2,3.71,3.71,3.71,3.71,1.0,0.0,20.0,0.0,0.2,0.2,28.6,28.6,28.6,28.6,1.0,0.0,20.0,0.0,0.2,0.2,66.1,66.1,66.1,66.1,1.0,0.0,20.0,0.0,0.2,0.2,55.4,55.4,55.4,55.4,1.0,0.0,20.0,0.0,0.2,0.2,36.6,36.6,36.6,36.6,1.0,0.0,20.0,0.0,0.2,0.2,30.7,30.7,30.7,30.7,1.0,0.0,20.0,0.0,0.2,0.2,21.9,21.9,21.9,21.9,1.0,0.0,20.0,0.0,0.2,0.2,18.4,18.4,18.4,18.4,1.0,0.0,20.0,0.0,0.2,0.2,456.5,456.5,456.5,456.5,1.0,0.0,20.0,0.0,0.2,0.2,455.0,455.0,455.0,455.0,1.0,0.0,20.0,0.0,0.2,0.2
1974,2,13.0,-41.0,16.5,16.5,16.5,16.5,1.0,0.0,20.0,1.0,0.6,0.3,12.0,12.0,12.0,12.0,1.0,0.0,20.0,1.0,0.6,0.3,6.61,6.61,6.61,6.61,1.0,0.0,20.0,1.0,0.6,0.3,76.5,76.5,76.5,76.5,1.0,0.0,20.0,1.0,0.3,5.1,5.1,5.1,5.1,1.0,0.0,20.0,1.0,0.6,0.3,1.74,1.74,1.74,1.74,1.0,0.0,20.0,1.0,0.6,0.3,4.79,4.79,4.79,4.79,1.0,0.0,20.0,1.0,0.6,0.3,1017.3,1017.3,1017.3,1017.3,1.0,0.0,20.0,1.0,0.6,0.3,3.0,3.0,3.0,3.0,1.0,0.0,20.0,1.0,0.6,0.3,8.9,8.9,8.9,8.9,1.0,0.0,20.0,1.0,0.6,0.3,24.4,24.4,24.4,24.4,1.0,0.0,20.0,1.0,0.6,0.3,4.5,4.5,4.5,4.5,1.0,0.0,20.0,1.0,0.6,0.3,23.0,23.0,23.0,23.0,1.0,0.0,20.0,1.0,0.6,0.3,4.99,4.99,4.99,4.99,1.0,0.0,20.0,1.0,0.6,0.3,25.5,25.5,25.5,25.5,1.0,0.0,20.0,1.0,0.6,0.3,20.9,20.9,20.9,20.9,1.0,0.0,20.0,1.0,0.6,0.3,57.5,57.5,57.5,57.5,1.0,0.0,20.0,1.0,0.6,0.3,11.5,11.5,11.5,11.5,1.0,0.0,20.0,1.0,0.6,0.3,31.7,31.7,31.7,31.7,1.0,0.0,20.0,1.0,0.6,0.3,8.7,8.7,8.7,8.7,1.0,0.0,20.0,1.0,0.6,0.3,23.9,23.9,23.9,23.9,1.0,0.0,20.0,1.0,0.6,0.3,132.5,132.5,132.5,132.5,1.0,0.0,20.0,1.0,0.6,0.3,135.0,135.0,135.0,135.0,1.0,0.0,20.0,1.0,0.6,0.3
1974,2,13.0,-38.0,21.35,21.45,21.55,21.45,2.0,0.21,16.0,0.0,0.7,0.5,19.06,19.2,19.34,19.2,2.0,0.28,16.0,0.0,0.7,0.5,11.51,11.91,12.31,11.91,2.0,0.84,16.0,0.0,0.7,0.5,83.8,86.0,88.3,86.0,2.0,4.7,16.0,0.0,0.5,2.6,2.6,2.6,2.6,2.0,0.0,16.0,0.0,0.7,0.5,2.31,2.43,2.54,2.43,2.0,0.25,16.0,0.0,0.7,0.5,0.21,0.65,1.09,0.65,2.0,0.92,16.0,0.0,0.7,0.5,1010.49,1011.55,1012.61,1011.55,2.0,2.19,16.0,0.0,0.7,0.5,7.2,7.5,7.8,7.5,2.0,0.7,16.0,0.0,0.7,0.5,6.0,6.3,6.6,6.3,2.0,0.6,16.0,0.0,0.7,0.5,0.5,1.7,2.8,1.7,2.0,2.4,16.0,0.0,0.7,0.5,2.22,2.25,2.28,2.25,2.0,0.07,16.0,0.0,0.7,0.5,5.8,5.9,5.9,5.9,2.0,0.2,16.0,0.0,0.7,0.5,3.71,4.03,4.35,4.03,2.0,0.66,16.0,0.0,0.7,0.5,9.7,10.5,11.3,10.5,2.0,1.7,16.0,0.0,0.7,0.5,44.6,46.5,48.5,46.5,2.0,4.0,16.0,0.0,0.7,0.5,4.0,12.6,21.2,12.6,2.0,17.8,16.0,0.0,0.7,0.5,28.3,28.8,29.2,28.8,2.0,0.9,16.0,0.0,0.7,0.5,2.6,8.1,13.7,8.1,2.0,11.5,16.0,0.0,0.7,0.5,8.6,9.9,11.1,9.9,2.0,2.6,16.0,0.0,0.7,0.5,0.7,2.3,3.9,2.3,2.0,3.3,16.0,0.0,0.7,0.5,17.5,17.5,17.5,17.5,2.0,0.0,16.0,0.0,0.7,0.5,20.0,20.0,20.0,20.0,2.0,0.0,16.0,0.0,0.7,0.5
1974,2,13.0,-35.0,19.25,20.0,20.68,19.97,3.0,1.05,18.0,0.7,0.3,0.4,20.43,20.5,22.07,21.23,3.0,1.36,18.0,0.7,0.3,0.4,10.89,11.66,12.43,11.66,2.0,1.59,14.0,0.5,0.1,0.5,73.1,78.4,83.7,78.4,2.0,10.9,14.0,0.5,0.5,7.44,7.95,8.46,7.95,2.0,1.06,14.0,0.5,0.1,0.5,-2.31,-1.99,-1.66,-1.99,2.0,0.67,14.0,0.5,0.1,0.5,7.05,7.67,8.28,7.67,2.0,1.27,14.0,0.5,0.1,0.5,1009.93,1015.8,1016.96,1013.5,3.0,5.52,18.0,0.7,0.3,0.4,3.0,5.0,6.4,4.7,3.0,2.5,18.0,0.7,0.3,0.4,-17.0,-15.4,-13.9,-15.4,2.0,3.2,14.0,0.5,0.1,0.5,52.8,61.6,70.4,61.6,2.0,18.3,14.0,0.5,0.1,0.5,-1.7,-1.5,-0.82,-1.27,3.0,0.68,18.0,0.7,0.3,0.4,-11.6,-8.3,-5.1,-8.3,2.0,6.7,14.0,0.5,0.1,0.5,1.26,2.35,3.44,2.35,2.0,2.26,14.0,0.5,0.1,0.5,10.0,17.5,24.9,17.5,2.0,15.5,14.0,0.5,0.1,0.5,-47.4,-40.7,-33.9,-40.7,2.0,13.9,14.0,0.5,0.1,0.5,144.4,156.7,169.1,156.7,2.0,25.5,14.0,0.5,0.1,0.5,-24.9,-22.6,-20.4,-22.6,2.0,4.7,14.0,0.5,0.1,0.5,77.3,90.4,103.5,90.4,2.0,27.1,14.0,0.5,0.1,0.5,-8.4,-5.4,-2.5,-5.4,2.0,6.1,14.0,0.5,0.1,0.5,9.6,16.6,23.5,16.6,2.0,14.3,14.0,0.5,0.1,0.5,418.5,516.0,613.0,516.0,2.0,201.5,14.0,0.5,0.1,0.5,420.0,515.0,615.0,515.0,2.0,200.0,14.0,0.5,0.1,0.5
1974,2,13.0,-34.0,19.02,20.4,21.18,20.1,5.0,1.37,14.0,0.8,0.3,0.5,19.99,20.2,22.29,21.08,5.0,1.73,14.0,0.8,0.3,0.5,10.39,11.52,13.06,11.71,4.0,1.75,16.0,0.8,0.4,0.5,71.7,78.6,86.0,78.8,4.0,8.8,16.0,0.8,0.5,7.79,9.0,11.51,9.33,6.0,2.2,12.0,0.8,0.4,0.5,-8.08,-0.54,2.89,-1.34,6.0,6.31,12.0,0.8,0.4,0.5,2.52,7.34,9.81,6.43,6.0,4.22,12.0,0.8,0.4,0.5,1008.0,1016.55,1018.25,1014.48,6.0,5.21,12.0,0.8,0.4,0.5,1.6,5.0,8.0,4.7,6.0,3.3,12.0,0.8,0.4,0.5,-84.6,-3.3,24.3,-17.5,6.0,61.6,12.0,0.8,0.4,0.5,23.5,56.2,118.3,64.3,6.0,50.6,12.0,0.8,0.4,0.5,-2.06,-0.6,-0.08,-0.98,5.0,1.14,14.0,0.8,0.3,0.5,-18.6,-4.9,-1.5,-9.0,5.0,9.9,14.0,0.8,0.3,0.5,2.1,2.84,3.09,2.61,4.0,0.79,16.0,0.8,0.4,0.5,16.9,22.1,26.9,21.9,4.0,5.7,16.0,0.8,0.4,0.5,-76.9,0.0,83.5,1.4,5.0,121.6,14.0,0.8,0.3,0.5,40.0,122.7,218.4,126.4,5.0,99.2,14.0,0.8,0.3,0.5,-51.2,-6.5,47.2,-2.2,4.0,72.2,16.0,0.8,0.4,0.5,14.9,52.4,117.7,65.7,4.0,68.4,16.0,0.8,0.4,0.5,-14.7,-1.5,14.1,-0.4,4.0,21.3,16.0,0.8,0.4,0.5,4.4,12.9,16.8,10.7,4.0,8.0,16.0,0.8,0.4,0.5,486.5,731.5,1529.0,926.0,6.0,607.0,12.0,0.8,0.4,0.5,485.0,730.0,1530.0,925.0,6.0,605.0,12.0,0.8,0.4,0.5
1974,2,13.0,-33.0,20.06,20.5,21.1,20.5,5.0,0.73,20.0,0.6,0.4,0.6,19.94,20.55,21.25,20.67,6.0,0.88,20.0,0.7,0.4,0.7,12.15,13.09,13.49,12.83,4.0,0.98,18.0,0.5,0.4,0.8,79.1,86.6,91.1,85.1,4.0,7.2,18.0,0.5,0.8,5.1,7.85,9.51,7.58,6.0,2.14,20.0,0.7,0.4,0.7,-4.99,-3.23,2.33,-1.3,6.0,4.99,20.0,0.7,0.4,0.7,3.39,5.46,8.78,5.65,6.0,2.89,20.0,0.7,0.4,0.7,1009.42,1011.85,1017.29,1012.9,6.0,3.81,20.0,0.7,0.4,0.7,3.8,4.5,8.0,5.3,6.0,2.2,20.0,0.7,0.4,0.7,-41.2,-23.2,16.6,-11.7,6.0,41.5,20.0,0.7,0.4,0.7,18.1,35.5,83.5,45.9,6.0,33.7,20.0,0.7,0.4,0.7,-0.66,0.0,0.5,-0.1,5.0,0.67,20.0,0.6,0.4,0.6,-4.0,0.0,3.5,-0.2,5.0,4.3,20.0,0.6,0.4,0.6,1.33,1.85,3.04,2.17,4.0,1.33,18.0,0.5,0.4,0.8,8.0,9.4,26.5,16.9,4.0,16.6,18.0,0.5,0.4,0.8,-99.3,-66.2,49.0,-25.8,6.0,102.0,20.0,0.7,0.4,0.7,67.9,113.9,183.6,116.9,6.0,60.4,20.0,0.7,0.4,0.7,-61.6,-51.2,-14.3,-38.6,4.0,34.9,18.0,0.5,0.4,0.8,59.9,72.6,89.8,74.7,4.0,20.9,18.0,0.5,0.4,0.8,-13.7,-5.2,-1.3,-7.4,4.0,9.6,18.0,0.5,0.4,0.8,6.2,8.3,23.5,14.5,4.0,14.5,18.0,0.5,0.4,0.8,132.5,484.5,864.0,522.0,6.0,377.5,20.0,0.7,0.4,0.7,135.0,485.0,865.0,520.0,6.0,380.0,20.0,0.7,0.4,0.7
1974,2,13.0,-32.0,19.31,20.35,21.06,20.14,10.0,1.19,12.0,0.6,0.6,0.6,20.09,20.75,22.31,21.27,10.0,1.57,12.0,0.6,0.6,0.6,11.31,12.36,13.54,12.47,7.0,1.01,14.0,0.6,0.4,0.6,78.3,80.2,83.7,80.7,8.0,5.3,14.0,0.6,0.6,7.0,12.0,15.0,11.14,132.0,3.82,14.0,0.5,0.2,0.5,-12.37,-8.36,-3.38,-7.96,132.0,4.37,14.0,0.5,0.2,0.5,0.0,6.06,10.28,5.58,132.0,5.05,14.0,0.5,0.2,0.5,1008.19,1014.2,1021.4,1014.57,89.0,5.57,10.0,0.5,0.3,0.5,5.0,7.0,8.0,6.5,55.0,2.1,12.0,0.7,0.3,0.5,-174.8,-98.2,-23.2,-100.8,132.0,68.8,14.0,0.5,0.2,0.5,0.0,64.3,144.5,72.7,132.0,75.4,14.0,0.5,0.2,0.5,-2.2,-0.2,0.0,-0.84,9.0,1.3,14.0,0.6,0.5,0.6,-20.9,-0.9,0.0,-7.1,9.0,12.4,14.0,0.6,0.5,0.6,-0.2,2.57,3.23,2.0,7.0,1.83,14.0,0.6,0.4,0.6,-1.7,12.9,27.4,15.1,7.0,18.1,14.0,0.6,0.4,0.6,-113.2,-53.9,0.0,-49.1,10.0,61.4,12.0,0.6,0.6,0.6,97.5,160.8,215.9,171.3,10.0,88.3,12.0,0.6,0.6,0.6,-56.4,-35.9,1.3,-29.9,7.0,34.3,14.0,0.6,0.4,0.6,61.6,88.4,121.2,92.3,7.0,35.4,14.0,0.6,0.4,0.6,-10.0,0.0,3.2,-5.1,7.0,11.9,14.0,0.6,0.4,0.6,-1.6,11.1,25.4,13.1,7.0,15.0,14.0,0.6,0.4,0.6,343.0,1728.0,3375.0,1847.0,132.0,1468.0,14.0,0.5,0.2,0.5,345.0,1730.0,3375.0,1845.0,132.0,1470.0,14.0,0.5,0.2,0.5
1974,2,13.0,-31.0,19.46,21.7,22.08,21.06,11.0,1.35,14.0,0.6,0.4,0.5,19.79,20.0,22.08,20.66,11.0,1.07,14.0,0.6,0.4,0.5,12.16,12.86,13.56,12.78,8.0,0.83,12.0,0.8,0.3,0.5,78.1,84.3,93.1,84.6,8.0,7.9,12.0,0.8,0.5,5.1,9.8,11.78,9.02,11.0,3.2,14.0,0.6,0.4,0.5,-4.57,-1.74,0.65,-1.68,11.0,3.46,14.0,0.6,0.4,0.5,4.97,8.92,11.04,8.31,11.0,2.95,14.0,0.6,0.4,0.5,1011.95,1013.7,1014.97,1013.55,11.0,1.45,14.0,0.6,0.4,0.5,3.9,5.5,7.0,5.4,10.0,1.8,14.0,0.6,0.4,0.5,-48.4,-8.9,5.8,-17.8,11.0,39.7,14.0,0.6,0.4,0.5,26.0,90.2,135.5,83.3,11.0,53.2,14.0,0.6,0.4,0.5,-1.04,0.0,2.33,0.4,11.0,1.72,14.0,0.6,0.4,0.5,-7.8,0.0,12.4,0.3,11.0,14.8,14.0,0.6,0.4,0.5,0.37,2.72,3.38,2.36,8.0,1.73,12.0,0.8,0.3,0.5,4.7,17.2,25.9,17.9,8.0,12.9,12.0,0.8,0.3,0.5,-91.4,-33.8,13.6,-35.2,11.0,71.3,14.0,0.6,0.4,0.5,99.1,184.2,236.8,173.0,11.0,67.0,14.0,0.6,0.4,0.5,-63.8,-11.6,0.0,-20.7,8.0,49.5,12.0,0.8,0.3,0.5,62.2,114.2,161.8,108.8,8.0,44.5,12.0,0.8,0.3,0.5,-5.4,-0.1,0.0,-1.7,8.0,5.4,12.0,0.8,0.3,0.5,4.1,16.7,25.5,17.1,8.0,12.9,12.0,0.8,0.3,0.5,132.5,941.0,1668.0,984.0,11.0,851.5,14.0,0.6,0.4,0.5,135.0,940.0,1670.0,985.0,11.0,850.0,14.0,0.6,0.4,0.5
1974,2,13.0,-30.0,19.8,20.35,21.2,20.51,58.0,0.93,14.0,0.6,0.5,0.7,19.3,20.4,22.0,20.67,62.0,1.37,14.0,0.6,0.6,0.7,11.06,12.35,13.59,12.18,40.0,1.39,14.0,0.6,0.6,0.7,72.0,81.1,87.8,80.1,40.0,8.3,14.0,0.6,0.7,6.04,9.8,12.93,9.47,62.0,3.65,14.0,0.6,0.6,0.7,-5.93,-3.52,1.34,-2.74,62.0,3.6,14.0,0.6,0.6,0.7,5.29,8.83,11.25,8.44,62.0,3.41,14.0,0.6,0.6,0.7,1010.27,1012.6,1015.46,1012.77,63.0,2.5,14.0,0.6,0.6,0.7,2.0,5.0,7.5,4.6,61.0,2.6,14.0,0.6,0.6,0.7,-70.4,-33.2,4.1,-34.8,62.0,46.4,14.0,0.6,0.6,0.7,33.6,88.4,146.4,91.7,62.0,64.1,14.0,0.6,0.6,0.7,-1.3,-0.1,1.43,-0.16,56.0,1.69,14.0,0.6,0.5,0.7,-13.3,-0.1,15.4,-0.9,54.0,15.4,14.0,0.5,0.5,0.7,1.1,2.83,3.99,2.64,39.0,1.36,14.0,0.6,0.6,0.7,6.9,21.9,40.5,24.6,38.0,17.9,14.0,0.6,0.6,0.7,-117.2,-71.0,26.1,-55.9,60.0,73.1,14.0,0.6,0.6,0.7,110.2,182.9,234.7,175.9,60.0,68.9,14.0,0.6,0.6,0.7,-64.2,-32.6,15.1,-26.0,39.0,39.6,14.0,0.6,0.6,0.7,54.4,102.1,147.1,100.2,39.0,43.5,14.0,0.6,0.6,0.7,-17.6,-3.6,1.6,-7.2,38.0,12.5,14.0,0.6,0.6,0.7,6.3,21.7,34.3,22.0,38.0,15.3,14.0,0.6,0.6,0.7,221.5,941.0,2163.0,1225.0,62.0,1341.0,14.0,0.6,0.6,0.7,220.0,940.0,2165.0,1225.0,62.0,1340.0,14.0,0.6,0.6,0.7
1974,2,13.0,-29.0,19.8,20.6,21.1,20.51,64.0,0.91,14.0,0.5,0.4,0.5,19.7,20.8,21.7,20.78,64.0,1.08,14.0,0.5,0.4,0.5,11.07,12.32,13.76,12.37,58.0,1.44,14.0,0.6,0.4,0.5,71.2,81.3,90.5,81.4,58.0,8.9,14.0,0.6,0.5,5.86,9.8,12.3,9.49,63.0,3.19,14.0,0.5,0.4,0.5,-5.99,-3.69,0.0,-3.13,63.0,3.11,14.0,0.5,0.4,0.5,4.64,8.92,10.8,8.36,63.0,3.32,14.0,0.5,0.4,0.5,1010.35,1012.5,1015.08,1012.46,65.0,2.59,14.0,0.5,0.4,0.5,2.0,5.0,8.0,5.1,65.0,2.6,14.0,0.5,0.4,0.5,-72.5,-31.5,0.0,-36.1,63.0,35.0,14.0,0.5,0.4,0.5,24.9,85.2,132.8,89.1,63.0,59.1,14.0,0.5,0.4,0.5,-2.0,-0.1,0.75,-0.28,63.0,1.37,14.0,0.5,0.4,0.5,-11.4,-1.2,7.9,-1.9,61.0,13.5,14.0,0.5,0.4,0.5,1.01,2.58,4.41,2.64,57.0,1.79,14.0,0.5,0.4,0.5,6.8,20.8,48.8,26.6,56.0,24.4,14.0,0.5,0.4,0.5,-122.0,-71.8,0.0,-63.7,62.0,62.8,14.0,0.5,0.4,0.5,98.2,180.5,228.8,173.8,62.0,69.6,14.0,0.5,0.4,0.5,-71.3,-44.9,0.0,-37.1,57.0,37.7,14.0,0.5,0.4,0.5,60.3,107.6,140.9,103.3,57.0,38.4,14.0,0.5,0.4,0.5,-17.8,-6.7,1.4,-8.4,56.0,13.4,14.0,0.5,0.4,0.5,5.5,16.5,42.3,23.4,56.0,22.6,14.0,0.5,0.4,0.5,202.5,941.0,1861.0,1142.5,63.0,1056.0,14.0,0.5,0.4,0.5,205.0,940.0,1860.0,1145.0,63.0,1055.0,14.0,0.5,0.4,0.5
1974,2,13.0,-28.0,18.59,20.25,20.9,20.18,14.0,1.47,12.0,0.5,0.1,0.3,19.51,20.4,20.8,20.51,14.0,1.38,12.0,0.5,0.1,0.3,11.62,12.7,14.1,12.8,13.0,1.27,12.0,0.5,0.1,0.3,82.2,86.6,91.3,86.6,13.0,4.9,12.0,0.5,0.3,8.23,10.55,14.27,10.86,14.0,2.97,12.0,0.5,0.1,0.3,-6.92,-4.51,-0.13,-4.18,14.0,3.24,12.0,0.5,0.1,0.3,7.15,8.83,12.29,9.63,14.0,2.62,12.0,0.5,0.1,0.3,1009.51,1011.4,1012.8,1011.16,14.0,1.88,12.0,0.5,0.1,0.3,2.1,6.5,8.0,5.4,14.0,2.9,12.0,0.5,0.1,0.3,-74.8,-43.3,-1.4,-50.6,14.0,46.5,12.0,0.5,0.1,0.3,59.3,90.6,179.8,111.3,14.0,56.7,12.0,0.5,0.1,0.3,-1.52,0.1,0.99,-0.34,14.0,1.86,12.0,0.5,0.1,0.3,-16.6,0.7,11.9,-1.7,14.0,14.8,12.0,0.5,0.1,0.3,1.16,1.94,2.93,2.1,13.0,1.01,12.0,0.5,0.1,0.3,9.5,25.8,40.8,24.4,13.0,13.7,12.0,0.5,0.1,0.3,-141.5,-90.5,-2.8,-83.6,14.0,63.9,12.0,0.5,0.1,0.3,147.4,185.1,255.4,195.9,14.0,49.2,12.0,0.5,0.1,0.3,-88.1,-58.5,-25.2,-55.8,13.0,37.2,12.0,0.5,0.1,0.3,100.8,117.5,160.1,125.7,13.0,30.6,12.0,0.5,0.1,0.3,-19.7,-9.2,-3.1,-10.4,13.0,9.0,12.0,0.5,0.1,0.3,8.2,22.3,34.2,21.4,13.0,11.7,12.0,0.5,0.1,0.3,558.0,1176.0,2915.0,1551.0,14.0,1154.0,12.0,0.5,0.1,0.3,560.0,1175.0,2915.0,1550.0,14.0,1155.0,12.0,0.5,0.1,0.3
1974,2,13.0,-27.0,17.3,17.5,17.84,17.57,3.0,0.4,16.0,0.3,0.7,0.6,18.09,18.7,18.84,18.47,3.0,0.59,16.0,0.3,0.7,0.6,12.06,12.08,12.58,12.31,3.0,0.43,16.0,0.3,0.7,0.6,90.9,95.7,95.7,93.4,3.0,4.0,16.0,0.3,0.6,2.0,2.0,9.78,5.8,3.0,6.58,16.0,0.3,0.7,0.6,-3.24,-0.35,-0.11,-1.64,3.0,2.55,16.0,0.3,0.7,0.6,1.98,2.0,9.23,5.52,3.0,6.12,16.0,0.3,0.7,0.6,1012.02,1014.2,1015.09,1013.57,3.0,2.32,16.0,0.3,0.7,0.6,3.0,3.0,3.0,3.0,1.0,0.0,4.0,0.0,0.7,0.5,-42.1,-0.7,-0.2,-20.7,3.0,35.3,16.0,0.3,0.7,0.6,4.0,4.0,116.4,58.9,3.0,95.1,16.0,0.3,0.7,0.6,-1.18,-0.7,-0.63,-0.9,3.0,0.44,16.0,0.3,0.7,0.6,-13.2,-1.4,-1.3,-7.1,3.0,10.1,16.0,0.3,0.7,0.6,0.02,0.08,0.29,0.16,3.0,0.21,16.0,0.3,0.7,0.6,0.0,0.2,3.6,1.8,3.0,3.0,16.0,0.3,0.7,0.6,-61.2,-6.5,-2.1,-31.0,3.0,48.2,16.0,0.3,0.7,0.6,36.0,36.8,174.1,103.5,3.0,116.5,16.0,0.3,0.7,0.6,-39.1,-4.4,-1.4,-19.9,3.0,30.7,16.0,0.3,0.7,0.6,24.5,25.2,111.6,67.1,3.0,73.4,16.0,0.3,0.7,0.6,-1.2,0.0,0.0,-0.6,3.0,1.0,16.0,0.3,0.7,0.6,0.0,0.2,3.4,1.7,3.0,2.8,16.0,0.3,0.7,0.6,8.0,8.0,1645.0,807.5,3.0,1384.5,16.0,0.3,0.7,0.6,10.0,10.0,1645.0,805.0,3.0,1385.0,16.0,0.3,0.7,0.6
1974,2,13.0,-26.0,15.25,16.0,17.47,16.37,9.0,1.12,18.0,0.4,0.8,0.6,16.36,17.2,18.42,17.4,9.0,1.13,18.0,0.4,0.8,0.6,10.06,10.12,10.38,10.22,3.0,0.25,24.0,0.7,0.7,0.7,85.9,88.5,90.9,88.4,3.0,3.7,24.0,0.7,0.7,4.34,8.2,14.73,9.81,9.0,5.02,18.0,0.4,0.8,0.6,-4.7,-0.87,0.0,-2.0,9.0,2.34,18.0,0.4,0.8,0.6,4.32,8.2,14.5,9.49,9.0,4.72,18.0,0.4,0.8,0.6,1008.55,1011.2,1012.96,1010.81,9.0,1.98,18.0,0.4,0.8,0.6,0.5,8.0,8.0,5.1,9.0,3.6,18.0,0.4,0.8,0.6,-64.5,-4.3,0.0,-26.9,9.0,37.5,18.0,0.4,0.8,0.6,18.9,67.2,214.0,114.1,9.0,97.4,18.0,0.4,0.8,0.6,-2.18,-1.3,-0.05,-1.03,9.0,1.15,18.0,0.4,0.8,0.6,-21.0,-5.6,-0.9,-10.2,9.0,11.3,18.0,0.4,0.8,0.6,0.71,0.77,0.95,0.83,3.0,0.19,24.0,0.7,0.7,0.7,11.1,13.2,14.0,12.6,3.0,2.2,24.0,0.7,0.7,0.7,-77.5,-17.0,0.0,-33.6,9.0,38.2,18.0,0.4,0.8,0.6,80.1,142.7,241.5,161.6,9.0,74.3,18.0,0.4,0.8,0.6,-57.1,-48.5,-15.4,-36.5,3.0,32.2,24.0,0.7,0.7,0.7,138.7,150.6,162.3,150.5,3.0,17.3,24.0,0.7,0.7,0.7,-4.8,-4.5,-1.4,-3.1,3.0,2.7,24.0,0.7,0.7,0.7,10.8,12.4,13.2,12.0,3.0,1.8,24.0,0.7,0.7,0.7,84.0,551.5,3205.0,1616.5,9.0,1766.0,18.0,0.4,0.8,0.6,85.0,550.0,3205.0,1615.0,9.0,1765.0,18.0,0.4,0.8,0.6
1974,2,13.0,-25.0,16.57,18.0,18.53,17.67,7.0,1.15,18.0,0.7,0.7,0.7,16.88,17.9,20.33,18.41,8.0,1.82,18.0,0.8,0.7,0.7,11.02,11.68,12.51,11.8,5.0,1.18,16.0,0.6,0.6,0.6,87.6,92.1,95.0,91.0,5.0,5.5,16.0,0.6,0.6,2.0,4.0,7.17,3.96,20.0,2.54,20.0,0.6,0.7,0.6,-1.38,-0.51,0.0,-0.61,20.0,0.58,20.0,0.6,0.7,0.6,1.51,3.94,7.16,3.69,20.0,2.82,20.0,0.6,0.7,0.6,1009.92,1010.9,1014.04,1011.47,21.0,2.05,20.0,0.6,0.7,0.6,0.0,8.0,8.0,4.7,19.0,3.8,20.0,0.6,0.7,0.6,-8.5,-1.1,0.0,-2.8,20.0,3.9,20.0,0.6,0.7,0.6,2.3,15.8,51.4,21.1,20.0,25.3,20.0,0.6,0.7,0.6,-2.07,-0.5,-0.13,-0.8,7.0,1.53,18.0,0.7,0.7,0.7,-2.3,-0.6,1.9,0.4,6.0,4.6,16.0,0.7,0.7,0.6,-0.11,0.34,1.31,0.59,4.0,1.07,14.0,0.5,0.6,0.6,0.2,2.2,9.9,4.9,4.0,7.1,14.0,0.5,0.6,0.6,-25.7,0.0,0.0,-9.1,7.0,12.3,16.0,0.7,0.7,0.6,-1.5,128.2,150.0,82.0,7.0,80.7,16.0,0.7,0.7,0.6,-5.5,0.0,0.0,-3.0,5.0,6.7,16.0,0.6,0.6,0.6,11.3,84.1,92.2,58.4,5.0,46.4,16.0,0.6,0.6,0.6,0.0,0.0,0.0,0.0,4.0,0.0,14.0,0.5,0.6,0.6,0.2,2.2,9.9,4.9,4.0,7.1,14.0,0.5,0.6,0.6,8.0,64.0,369.5,145.0,20.0,227.5,20.0,0.6,0.7,0.6,10.0,65.0,370.0,145.0,20.0,230.0,20.0,0.6,0.7,0.6
1974,2,13.0,-24.0,17.5,18.0,19.0,18.28,45.0,0.88,20.0,0.6,0.6,0.5,17.26,18.8,20.24,18.94,49.0,1.62,20.0,0.6,0.6,0.5,11.75,12.47,12.57,12.17,3.0,0.66,14.0,0.3,0.6,0.5,87.5,91.0,92.6,90.1,3.0,3.8,14.0,0.3,0.5,1.0,3.0,6.0,3.35,131.0,2.35,20.0,0.5,0.6,0.5,-1.01,0.0,0.0,-0.25,131.0,0.86,20.0,0.5,0.6,0.5,0.43,2.95,5.91,3.17,131.0,2.43,20.0,0.5,0.6,0.5,1009.1,1011.1,1013.44,1011.24,131.0,2.06,20.0,0.5,0.6,0.5,5.0,8.0,8.0,6.6,118.0,2.5,20.0,0.5,0.6,0.5,-3.0,0.0,0.0,-0.9,131.0,4.2,20.0,0.5,0.6,0.5,0.6,8.9,35.5,16.2,131.0,20.9,20.0,0.5,0.6,0.5,-2.2,-0.5,0.6,-0.77,45.0,1.65,20.0,0.6,0.6,0.5,-6.9,-1.8,1.1,-2.3,43.0,6.9,22.0,0.6,0.6,0.5,0.36,0.66,2.3,1.32,3.0,1.53,14.0,0.3,0.6,0.5,1.9,3.3,18.2,9.9,3.0,13.2,14.0,0.3,0.6,0.5,-16.0,0.0,15.0,-1.2,46.0,21.8,22.0,0.6,0.6,0.5,29.5,78.7,119.2,78.2,46.0,51.2,22.0,0.6,0.6,0.5,0.0,0.0,22.2,10.8,3.0,18.8,14.0,0.3,0.6,0.5,58.9,64.4,90.2,74.3,3.0,24.5,14.0,0.3,0.6,0.5,0.0,0.0,0.4,0.2,3.0,0.4,14.0,0.3,0.6,0.5,1.8,3.3,18.2,9.9,3.0,13.3,14.0,0.3,0.6,0.5,1.0,27.0,216.0,101.0,131.0,201.0,20.0,0.5,0.6,0.5,0.0,25.0,215.0,100.0,131.0,200.0,20.0,0.5,0.6,0.5
1974,2,13.0,-23.0,18.0,18.6,19.11,18.46,73.0,0.96,16.0,0.5,0.4,0.5,18.02,19.0,21.18,19.47,71.0,1.95,16.0,0.5,0.4,0.6,11.8,12.64,13.77,12.72,5.0,1.17,12.0,0.4,0.4,0.7,86.7,92.0,96.9,91.3,5.0,6.9,12.0,0.4,0.7,0.0,2.0,5.0,2.44,220.0,2.58,18.0,0.5,0.4,0.6,-0.52,0.0,0.34,0.05,220.0,1.04,18.0,0.5,0.4,0.6,0.0,1.42,4.11,2.01,220.0,2.74,18.0,0.5,0.4,0.6,1009.0,1010.9,1012.7,1010.82,232.0,1.88,18.0,0.5,0.4,0.6,6.0,8.0,8.0,6.9,196.0,2.3,18.0,0.5,0.4,0.6,-1.6,0.0,0.4,0.0,220.0,6.1,18.0,0.5,0.4,0.6,0.0,3.2,19.1,10.9,220.0,22.0,18.0,0.5,0.4,0.6,-2.81,-0.6,0.1,-1.08,68.0,1.75,16.0,0.5,0.4,0.5,-3.1,0.0,0.3,-1.3,53.0,5.4,16.0,0.5,0.4,0.6,0.2,0.43,0.8,0.51,5.0,0.37,12.0,0.4,0.4,0.7,0.6,1.1,2.5,1.4,5.0,1.1,12.0,0.4,0.4,0.7,-17.4,0.0,19.6,2.9,56.0,27.1,16.0,0.5,0.4,0.6,0.0,36.7,135.9,49.3,56.0,68.6,16.0,0.5,0.4,0.6,-9.3,22.0,27.6,10.4,5.0,23.1,12.0,0.4,0.4,0.7,10.4,22.7,40.3,24.3,5.0,17.6,12.0,0.4,0.4,0.7,-0.2,0.9,1.6,0.8,5.0,1.1,12.0,0.4,0.4,0.7,0.5,0.9,1.6,1.0,5.0,0.7,12.0,0.4,0.4,0.7,0.0,8.0,125.0,83.0,220.0,206.5,18.0,0.5,0.4,0.6,0.0,10.0,125.0,85.0,220.0,205.0,18.0,0.5,0.4,0.6
1974,2,13.0,-22.0,18.4,19.75,20.0,19.42,36.0,1.05,10.0,0.5,0.1,0.4,18.28,19.0,20.36,19.39,35.0,1.12,10.0,0.5,0.1,0.4,12.0,12.75,13.41,12.71,3.0,1.03,16.0,0.3,0.1,0.4,88.6,90.4,96.9,92.7,3.0,6.5,16.0,0.3,0.4,0.0,3.0,5.0,2.75,98.0,2.64,14.0,0.5,0.1,0.4,-0.83,0.0,0.51,-0.1,98.0,0.97,14.0,0.5,0.1,0.4,0.0,2.18,4.42,2.6,98.0,2.62,14.0,0.5,0.1,0.4,1009.5,1010.7,1012.7,1011.03,102.0,1.56,12.0,0.5,0.1,0.4,5.0,8.0,8.0,6.5,83.0,2.8,12.0,0.5,0.1,0.4,-3.0,0.0,1.1,-0.8,98.0,4.8,14.0,0.5,0.1,0.4,0.0,6.9,21.8,13.9,98.0,27.0,14.0,0.5,0.1,0.4,-1.16,0.0,1.5,0.01,35.0,1.41,10.0,0.5,0.1,0.4,-3.6,0.0,6.0,-0.3,32.0,6.4,10.0,0.5,0.1,0.4,1.91,2.1,2.53,2.22,3.0,0.47,16.0,0.3,0.1,0.4,0.0,0.0,7.3,3.6,3.0,6.2,16.0,0.3,0.1,0.4,-12.9,0.0,16.0,3.4,32.0,24.8,10.0,0.5,0.1,0.4,20.7,72.6,129.3,81.1,32.0,65.6,10.0,0.5,0.1,0.4,0.0,0.0,0.0,0.0,3.0,0.0,16.0,0.3,0.1,0.4,0.0,0.0,40.6,19.8,3.0,34.3,16.0,0.3,0.1,0.4,0.0,0.0,0.0,0.0,3.0,0.0,16.0,0.3,0.1,0.4,0.0,0.0,7.3,3.6,3.0,6.2,16.0,0.3,0.1,0.4,0.0,27.0,125.0,104.0,98.0,311.5,14.0,0.5,0.1,0.4,0.0,25.0,125.0,105.0,98.0,310.0,14.0,0.5,0.1,0.4
1974,2,13.0,-21.0,,,,,,,,,,,,,,,,,,,,,,,,,,,,,,,,,,,,,,,,3.03,3.1,3.71,3.37,3.0,0.55,20.0,0.3,0.2,0.4,-1.26,-1.03,-0.69,-0.98,3.0,0.42,20.0,0.3,0.2,0.4,2.89,3.05,3.53,3.21,3.0,0.49,20.0,0.3,0.2,0.4,1011.59,1012.2,1013.09,1012.33,3.0,1.11,20.0,0.7,0.3,0.5,,,,,,,,,,,,,,,,,,,,,,,,,,,,,,,,,,,,,,,,,,,,,,,,,,,,,,,,,,,,,,,,,,,,,,,,,,,,,,,,,,,,,,,,,,,,,,,,,,,,,,,,,,,,,,,,,,,,,,,,,,,,,,,,,,,,,,,,,,,,,,,,,,,,,,
1974,2,13.0,-12.0,24.3,24.3,24.3,24.3,1.0,0.0,8.0,0.0,0.1,1.0,24.2,24.2,24.2,24.2,1.0,0.0,8.0,0.0,0.1,1.0,16.64,16.64,16.64,16.64,1.0,0.0,8.0,0.0,0.1,1.0,88.1,88.1,88.1,88.1,1.0,0.0,8.0,0.0,1.0,2.6,2.6,2.6,2.6,1.0,0.0,8.0,0.0,0.1,1.0,1.67,1.67,1.67,1.67,1.0,0.0,8.0,0.0,0.1,1.0,1.99,1.99,1.99,1.99,1.0,0.0,8.0,0.0,0.1,1.0,1008.6,1008.6,1008.6,1008.6,1.0,0.0,8.0,0.0,0.1,1.0,2.0,2.0,2.0,2.0,1.0,0.0,8.0,0.0,0.1,1.0,4.3,4.3,4.3,4.3,1.0,0.0,8.0,0.0,0.1,1.0,5.2,5.2,5.2,5.2,1.0,0.0,8.0,0.0,0.1,1.0,0.1,0.1,0.1,0.1,1.0,0.0,8.0,0.0,0.1,1.0,0.3,0.3,0.3,0.3,1.0,0.0,8.0,0.0,0.1,1.0,2.4,2.4,2.4,2.4,1.0,0.0,8.0,0.0,0.1,1.0,6.2,6.2,6.2,6.2,1.0,0.0,8.0,0.0,0.1,1.0,40.4,40.4,40.4,40.4,1.0,0.0,8.0,0.0,0.1,1.0,48.2,48.2,48.2,48.2,1.0,0.0,8.0,0.0,0.1,1.0,27.8,27.8,27.8,27.8,1.0,0.0,8.0,0.0,0.1,1.0,33.1,33.1,33.1,33.1,1.0,0.0,8.0,0.0,0.1,1.0,4.0,4.0,4.0,4.0,1.0,0.0,8.0,0.0,0.1,1.0,4.8,4.8,4.8,4.8,1.0,0.0,8.0,0.0,0.1,1.0,17.5,17.5,17.5,17.5,1.0,0.0,8.0,0.0,0.1,1.0,20.0,20.0,20.0,20.0,1.0,0.0,8.0,0.0,0.1,1.0
1974,2,13.0,33.0,,,,,,,,,,,,,,,,,,,,,,,,,,,,,,,,,,,,,,,,5.41,8.45,11.49,8.45,2.0,6.29,18.0,1.0,0.5,0.2,4.68,6.15,7.61,6.15,2.0,3.03,18.0,1.0,0.5,0.2,-8.31,-4.94,-1.57,-4.94,2.0,6.99,18.0,1.0,0.5,0.2,1016.93,1017.85,1018.77,1017.85,2.0,1.91,18.0,1.0,0.5,0.2,,,,,,,,,,,,,,,,,,,,,,,,,,,,,,,,,,,,,,,,,,,,,,,,,,,,,,,,,,,,,,,,,,,,,,,,,,,,,,,,,,,,,,,,,,,,,,,,,,,,,,,,,,,,,,,,,,,,,,,,,,,,,,,,,,,,,,,,,,,,,,,,,,,,,,
1974,2,13.0,34.0,,,,,,,,,,,,,,,,,,,,,,,,,,,,,,,,,,,,,,,,8.19,12.9,12.9,10.6,3.0,3.98,8.0,0.0,0.7,0.4,1.23,8.29,8.29,4.84,3.0,5.97,8.0,0.0,0.7,0.4,-9.88,-9.88,-6.99,-8.47,3.0,2.45,8.0,0.0,0.7,0.4,1017.61,1018.5,1022.73,1020.13,3.0,4.01,8.0,0.0,0.7,0.4,,,,,,,,,,,,,,,,,,,,,,,,,,,,,,,,,,,,,,,,,,,,,,,,,,,,,,,,,,,,,,,,,,,,,,,,,,,,,,,,,,,,,,,,,,,,,,,,,,,,,,,,,,,,,,,,,,,,,,,,,,,,,,,,,,,,,,,,,,,,,,,,,,,,,,
1974,2,13.0,35.0,15.3,15.8,16.61,15.76,10.0,0.88,8.0,1.0,0.4,0.5,13.47,16.2,16.7,15.28,10.0,1.67,8.0,1.0,0.4,0.5,6.97,7.51,8.87,7.81,5.0,1.04,12.0,1.0,0.5,0.4,64.9,76.2,77.6,72.2,5.0,7.0,12.0,1.0,0.4,4.58,9.0,15.14,10.23,7.0,5.26,10.0,1.0,0.4,0.4,3.06,5.14,12.94,7.09,7.0,4.56,10.0,1.0,0.4,0.4,-11.64,0.0,6.24,-0.98,7.0,8.32,10.0,1.0,0.4,0.4,1005.26,1020.0,1021.6,1015.33,7.0,8.66,10.0,1.0,0.4,0.4,1.4,4.0,6.6,4.1,10.0,2.7,8.0,1.0,0.4,0.5,20.7,41.1,170.3,89.7,7.0,90.0,10.0,1.0,0.4,0.4,-195.5,0.0,50.3,-37.9,7.0,115.2,10.0,1.0,0.4,0.4,-0.9,-0.9,2.46,0.48,10.0,1.91,8.0,1.0,0.4,0.5,-7.2,11.5,31.0,14.3,7.0,22.8,10.0,1.0,0.4,0.4,2.03,3.63,5.09,3.59,5.0,1.6,12.0,1.0,0.5,0.4,16.0,19.3,37.2,27.3,5.0,20.4,12.0,1.0,0.5,0.4,50.7,83.3,167.9,99.4,7.0,53.0,10.0,1.0,0.4,0.4,-146.5,0.0,101.3,-6.1,7.0,119.7,10.0,1.0,0.4,0.4,23.7,34.6,62.9,43.6,5.0,29.5,12.0,1.0,0.5,0.4,0.0,20.6,62.0,30.0,5.0,33.7,12.0,1.0,0.5,0.4,8.4,14.2,33.8,22.1,5.0,23.4,12.0,1.0,0.5,0.4,0.0,11.3,17.4,9.3,5.0,8.8,12.0,1.0,0.5,0.4,96.0,729.0,3492.5,1823.0,7.0,2143.0,10.0,1.0,0.4,0.4,95.0,730.0,3490.0,1825.0,7.0,2145.0,10.0,1.0,0.4,0.4
1974,2,13.0,36.0,14.0,15.0,16.09,15.11,115.0,1.26,14.0,0.5,0.4,0.7,12.6,14.1,15.51,14.08,120.0,1.7,14.0,0.5,0.4,0.7,6.58,7.41,8.8,7.55,32.0,1.67,14.0,0.4,0.5,0.7,65.6,72.9,88.0,74.3,33.0,13.1,16.0,0.4,0.7,3.0,7.0,12.0,7.61,109.0,4.4,14.0,0.5,0.4,0.7,-3.98,2.39,9.29,2.26,109.0,6.63,14.0,0.5,0.4,0.7,-5.36,0.0,3.85,-0.5,109.0,5.33,14.0,0.5,0.4,0.7,1003.73,1012.9,1021.68,1012.95,113.0,8.08,14.0,0.5,0.4,0.7,0.0,4.0,7.0,3.7,111.0,3.0,14.0,0.5,0.4,0.7,-22.9,9.0,108.9,27.9,109.0,86.4,14.0,0.5,0.4,0.7,-54.1,0.0,27.2,-9.9,109.0,68.5,14.0,0.5,0.4,0.7,-1.0,1.0,2.68,1.01,115.0,1.97,14.0,0.5,0.4,0.7,-9.0,5.1,20.9,7.1,103.0,19.3,14.0,0.5,0.4,0.7,1.67,2.79,3.8,2.75,29.0,1.24,14.0,0.4,0.5,0.7,5.5,17.8,38.1,20.4,29.0,16.0,14.0,0.4,0.5,0.7,-56.1,30.4,117.4,28.5,108.0,94.2,14.0,0.5,0.4,0.7,-73.0,0.0,65.0,-1.9,108.0,72.4,14.0,0.5,0.4,0.7,-30.9,13.6,68.1,13.2,32.0,46.6,14.0,0.4,0.5,0.7,-31.8,-2.7,23.6,-1.8,32.0,33.4,14.0,0.4,0.5,0.7,-16.7,3.3,28.5,6.0,29.0,21.8,14.0,0.4,0.5,0.7,-18.4,0.0,7.4,-2.3,29.0,13.0,14.0,0.4,0.5,0.7,27.0,343.0,1728.0,935.0,109.0,1573.0,14.0,0.5,0.4,0.7,25.0,345.0,1730.0,935.0,109.0,1575.0,14.0,0.5,0.4,0.7
1974,2,13.0,37.0,14.35,14.8,15.05,14.71,7.0,0.85,16.0,0.3,0.2,0.1,13.59,14.4,16.6,14.95,8.0,1.37,16.0,0.4,0.2,0.1,6.94,8.0,9.41,8.08,7.0,1.81,16.0,0.4,0.2,0.1,59.2,82.2,91.4,76.8,7.0,14.8,16.0,0.4,0.1,5.54,7.7,11.13,8.12,9.0,2.84,16.0,0.4,0.2,0.1,-5.82,2.63,7.9,0.18,9.0,7.73,16.0,0.4,0.2,0.1,-3.57,-0.87,6.2,0.75,9.0,4.67,16.0,0.4,0.2,0.1,1006.52,1008.7,1021.68,1012.48,9.0,7.29,16.0,0.4,0.2,0.1,0.5,4.0,7.7,4.1,9.0,3.1,16.0,0.4,0.2,0.1,-47.8,9.9,70.7,1.1,9.0,81.5,16.0,0.4,0.2,0.1,-31.5,-4.3,51.0,7.2,9.0,38.9,16.0,0.4,0.2,0.1,-0.97,-0.2,0.63,-0.31,7.0,1.17,16.0,0.3,0.2,0.1,-6.7,-1.9,4.7,-3.8,7.0,11.6,16.0,0.3,0.2,0.1,0.85,2.79,4.0,2.35,6.0,1.92,16.0,0.3,0.2,0.1,5.7,13.5,36.9,16.8,6.0,18.4,16.0,0.3,0.2,0.1,-82.9,42.4,117.8,10.6,8.0,120.0,16.0,0.4,0.2,0.1,-55.7,-16.8,67.3,-0.5,8.0,65.3,16.0,0.4,0.2,0.1,-53.7,19.5,52.4,-7.4,7.0,72.5,16.0,0.4,0.2,0.1,-16.9,-6.9,42.8,10.3,7.0,34.9,16.0,0.4,0.2,0.1,0.3,11.3,35.9,14.4,6.0,18.7,16.0,0.3,0.2,0.1,-10.4,-4.2,0.4,-4.0,6.0,7.9,16.0,0.3,0.2,0.1,184.0,456.5,1417.0,710.5,9.0,637.5,16.0,0.4,0.2,0.1,185.0,455.0,1415.0,710.0,9.0,640.0,16.0,0.4,0.2,0.1
1974,2,13.0,38.0,13.5,14.0,15.99,14.5,20.0,1.38,12.0,0.6,0.4,0.5,10.96,12.5,14.14,12.64,19.0,1.86,12.0,0.6,0.4,0.5,4.35,6.76,8.2,6.57,12.0,1.69,10.0,0.6,0.6,0.5,53.7,69.0,83.8,70.4,12.0,14.0,10.0,0.6,0.5,3.62,9.8,12.3,8.33,20.0,4.48,12.0,0.6,0.4,0.5,-1.65,6.45,10.65,4.74,20.0,6.66,12.0,0.6,0.4,0.5,-6.14,0.0,2.05,-1.71,20.0,4.7,12.0,0.6,0.4,0.5,1002.63,1008.75,1010.5,1008.15,20.0,6.18,12.0,0.6,0.4,0.5,3.0,5.5,8.0,5.1,20.0,2.4,12.0,0.6,0.4,0.5,-4.3,54.4,130.9,57.2,20.0,76.4,12.0,0.6,0.4,0.5,-75.0,0.0,12.1,-23.8,20.0,54.2,12.0,0.6,0.4,0.5,-0.49,1.5,4.0,1.8,19.0,2.56,12.0,0.6,0.4,0.5,-2.6,9.0,29.3,13.7,19.0,26.8,12.0,0.6,0.4,0.5,2.38,3.36,5.37,3.58,12.0,1.52,10.0,0.6,0.6,0.5,4.8,28.5,66.3,33.1,12.0,28.1,10.0,0.6,0.6,0.5,-22.0,67.0,138.8,56.5,19.0,91.0,12.0,0.6,0.4,0.5,-78.4,0.0,23.2,-22.8,19.0,51.4,12.0,0.6,0.4,0.5,-6.1,34.4,70.3,29.6,12.0,44.8,10.0,0.6,0.6,0.5,-39.6,-5.6,11.2,-11.2,12.0,23.2,10.0,0.6,0.6,0.5,-1.3,27.5,51.2,25.0,12.0,25.3,10.0,0.6,0.6,0.5,-37.7,-4.5,2.2,-12.7,12.0,22.0,10.0,0.6,0.6,0.5,48.0,948.5,1861.0,1015.0,20.0,949.0,12.0,0.6,0.4,0.5,50.0,950.0,1860.0,1015.0,20.0,950.0,12.0,0.6,0.4,0.5
1974,2,13.0,39.0,12.75,14.0,14.97,13.8,11.0,1.31,18.0,0.6,0.4,0.5,12.35,13.5,14.77,13.56,11.0,1.28,18.0,0.6,0.4,0.5,6.3,6.72,7.58,6.85,7.0,0.69,16.0,0.7,0.3,0.6,64.7,72.6,75.5,70.8,7.0,5.7,16.0,0.7,0.6,6.14,10.8,14.51,10.63,10.0,4.24,16.0,0.6,0.4,0.6,-4.12,1.77,10.53,2.77,10.0,7.8,16.0,0.6,0.4,0.6,-11.15,-4.54,3.98,-3.97,10.0,7.52,16.0,0.6,0.4,0.6,1001.58,1005.05,1016.47,1007.79,10.0,7.96,16.0,0.6,0.4,0.6,2.2,6.0,8.0,5.4,11.0,2.9,18.0,0.6,0.4,0.5,-41.2,6.4,125.1,33.5,10.0,93.1,16.0,0.6,0.4,0.6,-160.6,-42.9,29.3,-59.8,10.0,109.1,16.0,0.6,0.4,0.6,-1.14,0.0,2.04,0.24,11.0,1.91,18.0,0.6,0.4,0.5,-8.1,-0.7,22.7,2.1,10.0,19.3,16.0,0.6,0.4,0.6,2.14,3.3,4.22,3.12,7.0,1.38,16.0,0.7,0.3,0.6,10.7,36.7,50.1,34.3,7.0,19.4,16.0,0.7,0.3,0.6,-50.2,27.7,140.2,42.0,10.0,106.7,16.0,0.6,0.4,0.6,-152.3,-59.2,55.1,-51.6,10.0,105.2,16.0,0.6,0.4,0.6,-34.9,0.0,65.2,6.6,7.0,51.0,16.0,0.7,0.3,0.6,-99.7,-38.0,5.5,-44.4,7.0,54.0,16.0,0.7,0.3,0.6,-22.7,0.0,12.5,-1.5,7.0,28.1,16.0,0.7,0.3,0.6,-37.2,-25.8,1.9,-22.8,7.0,18.7,16.0,0.7,0.3,0.6,292.0,1268.0,3066.5,1692.0,10.0,1461.0,16.0,0.6,0.4,0.6,290.0,1270.0,3065.0,1690.0,10.0,1460.0,16.0,0.6,0.4,0.6
1974,2,13.0,40.0,12.77,14.1,16.0,14.55,17.0,1.63,18.0,0.5,0.4,0.4,11.93,13.4,14.66,13.33,19.0,1.71,18.0,0.4,0.4,0.4,6.16,7.56,8.61,7.46,11.0,1.46,20.0,0.5,0.4,0.4,62.0,77.9,88.8,77.0,11.0,13.8,20.0,0.5,0.4,4.09,9.0,10.37,8.03,19.0,3.2,18.0,0.4,0.4,0.4,-8.28,-4.75,6.02,-3.05,19.0,6.62,18.0,0.4,0.4,0.4,-4.81,-0.45,5.12,-0.13,19.0,4.96,18.0,0.4,0.4,0.4,1004.34,1011.0,1014.48,1010.21,19.0,8.32,18.0,0.4,0.4,0.4,1.7,4.5,8.0,4.6,18.0,2.7,18.0,0.4,0.4,0.4,-86.1,-29.4,36.8,-33.0,19.0,70.6,18.0,0.4,0.4,0.4,-44.4,-1.2,50.4,4.1,19.0,50.8,18.0,0.4,0.4,0.4,-0.73,1.1,2.85,1.02,17.0,2.15,18.0,0.5,0.4,0.4,-6.5,9.9,23.9,8.6,17.0,16.1,18.0,0.5,0.4,0.4,1.25,3.25,3.58,2.64,9.0,1.5,18.0,0.7,0.4,0.4,6.8,20.8,33.3,19.3,9.0,14.9,18.0,0.7,0.4,0.4,-110.5,-57.9,72.7,-41.8,19.0,88.5,18.0,0.4,0.4,0.4,-58.9,-8.0,64.8,1.1,19.0,65.2,18.0,0.4,0.4,0.4,-77.1,-40.7,37.0,-30.1,11.0,61.6,20.0,0.5,0.4,0.4,-38.0,0.0,38.1,3.4,11.0,38.6,20.0,0.5,0.4,0.4,-30.0,-11.3,5.4,-9.9,9.0,19.3,18.0,0.7,0.4,0.4,-15.5,0.0,11.4,-1.0,9.0,12.6,18.0,0.7,0.4,0.4,68.0,729.0,1116.5,754.0,19.0,821.5,18.0,0.4,0.4,0.4,70.0,730.0,1115.0,755.0,19.0,820.0,18.0,0.4,0.4,0.4
1974,2,13.0,41.0,14.08,14.25,14.42,14.25,2.0,0.35,14.0,0.5,0.6,0.3,11.96,12.3,13.1,12.6,5.0,1.08,20.0,0.2,0.7,0.1,5.97,6.18,6.84,6.44,5.0,0.75,20.0,0.2,0.7,0.1,67.2,71.4,73.3,70.6,5.0,3.4,20.0,0.2,0.1,5.25,7.2,10.48,7.62,5.0,2.99,20.0,0.2,0.7,0.1,-8.51,-5.83,2.75,-3.08,5.0,7.91,20.0,0.2,0.7,0.1,-3.43,-2.12,0.0,-1.81,5.0,1.74,20.0,0.2,0.7,0.1,1005.71,1009.4,1009.5,1007.48,5.0,4.19,20.0,0.2,0.7,0.1,3.0,4.0,6.1,4.6,5.0,2.1,20.0,0.2,0.7,0.1,-75.5,-36.1,33.6,-21.9,5.0,79.3,20.0,0.2,0.7,0.1,-21.6,-12.2,0.0,-12.3,5.0,14.8,20.0,0.2,0.7,0.1,-0.02,1.0,2.02,1.0,2.0,2.12,14.0,0.5,0.6,0.3,-2.9,1.9,6.8,1.9,2.0,10.0,14.0,0.5,0.6,0.3,2.55,3.13,3.7,3.13,2.0,1.19,14.0,0.5,0.6,0.3,15.8,18.9,22.1,18.9,2.0,6.5,14.0,0.5,0.6,0.3,-104.7,-69.3,41.9,-33.0,5.0,105.8,20.0,0.2,0.7,0.1,-44.4,-25.2,0.0,-23.4,5.0,23.2,20.0,0.2,0.7,0.1,-50.8,-36.0,22.5,-15.2,5.0,54.4,20.0,0.2,0.7,0.1,-23.5,-13.1,0.0,-12.4,5.0,12.4,20.0,0.2,0.7,0.1,-0.6,8.6,17.8,8.6,2.0,19.1,14.0,0.5,0.6,0.3,-12.6,-10.7,-8.9,-10.7,2.0,3.8,14.0,0.5,0.6,0.3,168.5,373.0,1153.5,602.0,5.0,540.0,20.0,0.2,0.7,0.1,170.0,375.0,1155.0,600.0,5.0,540.0,20.0,0.2,0.7,0.1
1974,2,13.0,43.0,10.32,11.0,11.68,11.0,3.0,1.0,12.0,0.3,0.6,0.6,10.32,11.0,11.34,10.83,3.0,0.76,12.0,0.3,0.6,0.6,7.43,7.43,7.43,7.43,1.0,0.0,6.0,0.0,0.6,0.5,87.5,87.5,87.5,87.5,1.0,0.0,6.0,0.0,0.5,2.98,3.8,4.62,3.8,2.0,1.7,16.0,0.5,0.7,0.5,0.0,0.0,0.0,0.0,2.0,0.0,16.0,0.5,0.7,0.5,-3.79,-1.2,1.39,-1.2,2.0,5.37,16.0,0.5,0.7,0.5,1005.81,1012.7,1017.68,1011.77,3.0,8.74,12.0,0.3,0.6,0.6,3.3,4.0,6.7,5.0,3.0,2.6,12.0,0.3,0.6,0.6,0.0,0.0,0.0,0.0,2.0,0.0,16.0,0.5,0.7,0.5,-20.0,-9.1,1.7,-9.1,2.0,22.5,16.0,0.5,0.7,0.5,-0.71,1.0,1.0,0.17,3.0,1.44,12.0,0.3,0.6,0.6,-2.5,0.6,3.6,0.6,2.0,6.3,16.0,0.5,0.7,0.5,0.25,0.25,0.25,0.25,1.0,0.0,6.0,0.0,0.6,0.5,0.7,0.7,0.7,0.7,1.0,0.0,6.0,0.0,0.6,0.5,0.0,0.0,0.0,0.0,2.0,0.0,16.0,0.5,0.7,0.5,-41.5,-12.5,16.4,-12.5,2.0,60.0,16.0,0.5,0.7,0.5,0.0,0.0,0.0,0.0,1.0,0.0,6.0,0.0,0.6,0.5,19.3,19.3,19.3,19.3,1.0,0.0,6.0,0.0,0.6,0.5,0.0,0.0,0.0,0.0,1.0,0.0,6.0,0.0,0.6,0.5,0.7,0.7,0.7,0.7,1.0,0.0,6.0,0.0,0.6,0.5,34.5,71.5,108.0,71.5,2.0,76.0,16.0,0.5,0.7,0.5,35.0,70.0,110.0,70.0,2.0,75.0,16.0,0.5,0.7,0.5
1974,2,13.0,44.0,11.67,13.0,14.57,13.37,19.0,1.9,16.0,0.2,0.6,0.6,9.21,12.0,13.0,11.59,20.0,2.49,14.0,0.2,0.6,0.6,6.77,7.35,7.4,7.09,3.0,0.51,14.0,0.0,0.4,0.7,86.3,88.7,89.8,88.1,3.0,2.6,14.0,0.0,0.7,2.6,6.0,9.0,5.54,18.0,3.23,16.0,0.2,0.6,0.6,-6.27,-2.02,0.0,-2.53,18.0,3.79,16.0,0.2,0.6,0.6,-3.02,1.0,5.68,0.92,18.0,4.58,16.0,0.2,0.6,0.6,1007.11,1009.4,1018.48,1009.68,20.0,8.92,14.0,0.2,0.6,0.6,0.0,2.0,6.1,2.9,19.0,3.1,16.0,0.2,0.6,0.6,-46.5,-9.0,0.0,-19.2,18.0,32.5,16.0,0.2,0.6,0.6,-19.5,2.6,37.2,5.9,18.0,38.9,16.0,0.2,0.6,0.6,-0.5,2.0,5.0,1.81,19.0,2.87,16.0,0.2,0.6,0.6,-2.0,6.5,26.8,8.6,17.0,21.6,16.0,0.2,0.6,0.6,1.66,2.81,3.96,2.81,2.0,2.38,20.0,0.0,0.4,0.7,32.3,32.3,32.3,32.3,1.0,0.0,24.0,0.0,0.5,0.6,-77.3,-22.5,0.0,-32.8,18.0,54.2,16.0,0.2,0.6,0.6,-36.5,12.0,55.1,13.1,18.0,49.7,16.0,0.2,0.6,0.6,-30.2,-17.9,-5.7,-17.9,2.0,25.4,12.0,0.0,0.4,0.6,-22.3,-5.5,11.3,-5.5,2.0,34.8,12.0,0.0,0.4,0.6,-24.8,-24.8,-24.8,-24.8,1.0,0.0,24.0,0.0,0.5,0.6,-20.8,-20.8,-20.8,-20.8,1.0,0.0,24.0,0.0,0.5,0.6,17.5,216.0,729.0,330.0,18.0,353.0,16.0,0.2,0.6,0.6,20.0,215.0,730.0,330.0,18.0,355.0,16.0,0.2,0.6,0.6
1974,2,13.0,45.0,,,,,,,,,,,,,,,,,,,,,,,,,,,,,,,,,,,,,,,,2.02,2.6,4.22,2.96,5.0,1.4,16.0,0.6,0.4,0.3,-2.72,-1.3,1.03,-0.84,5.0,3.06,16.0,0.6,0.4,0.3,-1.33,-0.69,1.21,-0.2,5.0,1.62,16.0,0.6,0.4,0.3,1006.74,1011.2,1015.84,1011.07,6.0,6.92,14.0,0.5,0.4,0.3,,,,,,,,,,,,,,,,,,,,,,,,,,,,,,,,,,,,,,,,,,,,,,,,,,,,,,,,,,,,,,,,,,,,,,,,,,,,,,,,,,,,,,,,,,,,,,,,,,,,,,,,,,,,,,,,,,,,,,,,,,,,,,,,,,,,,,,,,,,,,,,,,,,,,,
1974,2,13.0,54.0,,,,,,,,,,,,,,,,,,,,,,,,,,,,,,,,,,,,,,,,6.0,8.0,8.43,7.89,7.0,2.48,16.0,0.4,0.4,0.8,-8.12,1.04,5.2,-1.63,7.0,7.58,16.0,0.4,0.4,0.8,-1.52,3.0,5.92,1.79,7.0,3.8,16.0,0.4,0.4,0.8,1000.92,1015.1,1024.38,1014.19,7.0,14.5,16.0,0.4,0.4,0.8,,,,,,,,,,,,,,,,,,,,,,,,,,,,,,,,,,,,,,,,,,,,,,,,,,,,,,,,,,,,,,,,,,,,,,,,,,,,,,,,,,,,,,,,,,,,,,,,,,,,,,,,,,,,,,,,,,,,,,,,,,,,,,,,,,,,,,,,,,,,,,,,,,,,,,
1974,2,13.0,55.0,2.71,3.75,5.0,3.88,28.0,1.36,14.0,0.4,0.6,0.2,1.6,3.0,4.5,3.14,185.0,1.46,14.0,0.5,0.3,0.0,3.5,4.36,4.8,4.25,148.0,0.68,14.0,0.5,0.3,0.0,78.4,90.7,97.9,88.8,148.0,9.1,14.0,0.5,0.0,1.0,4.0,9.0,4.94,167.0,3.83,14.0,0.5,0.3,0.0,-3.46,0.35,4.5,0.59,167.0,4.67,14.0,0.5,0.3,0.0,-2.52,0.64,3.91,0.71,167.0,4.07,14.0,0.5,0.3,0.0,994.84,1012.5,1023.84,1009.91,185.0,15.78,14.0,0.5,0.3,0.0,2.0,7.0,8.0,5.8,130.0,2.8,14.0,0.6,0.3,0.0,-15.8,0.6,24.9,6.9,167.0,52.3,14.0,0.5,0.3,0.0,-12.3,0.6,22.5,3.4,167.0,46.2,14.0,0.5,0.3,0.0,,,,,,,,,,,,,,,,,,,,,,,,,,,,,,,,,,,,,,,,,-8.3,1.1,16.3,2.8,167.0,13.8,14.0,0.5,0.3,0.0,-6.3,0.8,12.1,3.9,167.0,15.0,14.0,0.5,0.3,0.0,-11.6,1.4,15.8,2.3,132.0,17.4,14.0,0.5,0.3,0.0,-8.4,2.9,14.9,3.0,132.0,13.9,14.0,0.5,0.3,0.0,,,,,,,,,,,,,,,,,,,,,,,,,,,,,,,,,,,,,,,,
1974,2,13.0,67.0,3.83,3.9,4.51,4.17,3.0,0.55,22.0,0.0,0.2,0.5,-0.31,1.6,4.6,2.13,3.0,3.63,22.0,0.0,0.2,0.5,3.38,3.45,4.73,4.04,3.0,1.12,22.0,0.0,0.2,0.5,83.7,93.3,96.9,90.4,3.0,10.0,22.0,0.0,0.5,10.12,10.8,12.23,11.17,3.0,1.58,22.0,0.0,0.2,0.5,6.5,6.94,7.86,7.18,3.0,1.02,22.0,0.0,0.2,0.5,-8.03,-7.51,4.36,-1.97,3.0,10.27,22.0,0.0,0.2,0.5,1006.79,1018.6,1023.99,1015.47,3.0,12.89,22.0,0.0,0.2,0.5,7.3,8.0,8.0,7.7,3.0,0.6,22.0,0.0,0.2,0.5,65.9,75.0,96.8,81.2,3.0,23.3,22.0,0.0,0.2,0.5,-84.3,-73.6,63.7,-11.8,3.0,120.9,22.0,0.0,0.2,0.5,-0.09,2.3,4.14,2.03,3.0,3.11,22.0,0.0,0.2,0.5,-3.4,22.5,44.0,20.4,3.0,34.8,22.0,0.0,0.2,0.5,0.45,1.57,1.61,1.04,3.0,0.97,22.0,0.0,0.2,0.5,4.4,15.9,16.6,10.6,3.0,10.1,22.0,0.0,0.2,0.5,-2.5,10.1,37.2,17.2,3.0,29.7,22.0,0.0,0.2,0.5,-5.0,9.9,43.6,19.1,3.0,36.5,22.0,0.0,0.2,0.5,22.0,24.0,37.7,29.7,3.0,12.6,22.0,0.0,0.2,0.5,-27.5,-25.1,28.0,-0.3,3.0,45.9,22.0,0.0,0.2,0.5,2.8,10.2,10.7,6.8,3.0,6.5,22.0,0.0,0.2,0.5,-12.7,-12.2,-4.4,-8.6,3.0,6.9,22.0,0.0,0.2,0.5,1042.5,1259.5,1865.0,1449.0,3.0,624.5,22.0,0.0,0.2,0.5,1040.0,1260.0,1865.0,1450.0,3.0,625.0,22.0,0.0,0.2,0.5
1974,2,13.0,68.0,4.87,5.7,6.66,5.62,18.0,1.2,14.0,0.3,0.4,0.7,-2.13,1.5,3.69,1.41,19.0,3.03,14.0,0.3,0.4,0.7,3.4,3.79,4.18,3.79,2.0,0.81,12.0,0.0,0.4,0.7,80.1,85.6,91.2,85.6,2.0,11.5,12.0,0.0,0.7,4.86,10.0,15.91,9.25,19.0,4.84,14.0,0.3,0.4,0.7,-2.5,3.28,11.63,3.92,19.0,6.48,14.0,0.3,0.4,0.7,-7.16,3.94,8.24,2.35,19.0,7.05,14.0,0.3,0.4,0.7,989.9,1001.3,1008.06,999.67,19.0,11.25,14.0,0.3,0.4,0.7,3.5,8.0,8.0,6.4,17.0,2.0,14.0,0.4,0.4,0.7,-15.1,16.7,147.3,59.7,19.0,87.9,14.0,0.3,0.4,0.7,-76.8,19.9,121.4,29.4,19.0,95.7,14.0,0.3,0.4,0.7,1.51,4.3,7.05,4.47,18.0,2.97,14.0,0.3,0.4,0.7,11.8,33.8,54.3,35.0,18.0,21.4,14.0,0.3,0.4,0.7,1.34,1.74,2.15,1.74,2.0,0.85,12.0,0.0,0.4,0.7,8.4,9.8,11.3,9.8,2.0,3.0,12.0,0.0,0.4,0.7,0.0,8.0,33.3,16.1,19.0,21.5,14.0,0.3,0.4,0.7,-9.5,13.5,26.2,11.6,19.0,17.6,14.0,0.3,0.4,0.7,-8.4,-5.0,-1.6,-5.0,2.0,7.1,12.0,0.0,0.4,0.7,18.2,22.0,25.7,22.0,2.0,7.8,12.0,0.0,0.4,0.7,-2.2,-1.3,-0.4,-1.3,2.0,1.9,12.0,0.0,0.4,0.7,8.0,9.6,11.2,9.6,2.0,3.3,12.0,0.0,0.4,0.7,116.5,1000.0,4030.5,1431.5,19.0,1657.0,14.0,0.3,0.4,0.7,115.0,1000.0,4030.0,1430.0,19.0,1655.0,14.0,0.3,0.4,0.7
1974,2,13.0,69.0,5.74,6.7,7.2,6.5,10.0,0.82,20.0,0.3,0.5,0.2,-0.73,2.8,7.57,3.57,9.0,3.81,18.0,0.3,0.5,0.1,3.78,4.99,5.29,4.61,5.0,0.89,22.0,0.4,0.5,0.0,73.0,77.4,82.6,77.5,5.0,5.5,22.0,0.4,0.0,7.27,11.15,14.8,11.64,10.0,5.83,20.0,0.3,0.5,0.2,-2.92,-0.76,6.44,1.49,10.0,5.86,20.0,0.3,0.5,0.2,-0.06,9.28,13.22,7.7,10.0,9.05,20.0,0.3,0.5,0.2,995.06,1004.25,1021.0,1006.4,10.0,14.46,20.0,0.3,0.5,0.2,5.9,8.0,8.0,6.7,10.0,2.5,20.0,0.3,0.5,0.2,-26.0,-2.9,96.1,31.5,10.0,73.2,20.0,0.3,0.5,0.2,-2.4,89.6,195.2,127.3,10.0,179.9,20.0,0.3,0.5,0.2,-0.37,3.5,6.17,3.06,9.0,3.21,18.0,0.3,0.5,0.1,-5.1,15.9,39.6,25.0,9.0,35.3,18.0,0.3,0.5,0.1,0.95,1.24,2.47,1.63,5.0,0.9,22.0,0.4,0.5,0.0,13.9,17.3,22.3,17.7,5.0,6.1,22.0,0.4,0.5,0.0,-9.7,0.0,36.0,10.4,9.0,25.0,18.0,0.3,0.5,0.1,-3.9,26.3,95.7,38.4,9.0,49.0,18.0,0.3,0.5,0.1,-5.6,23.3,29.5,15.0,5.0,20.1,22.0,0.4,0.5,0.0,12.6,64.1,66.4,41.1,5.0,41.3,22.0,0.4,0.5,0.0,-3.9,2.9,6.9,1.9,5.0,5.7,22.0,0.4,0.5,0.0,-3.9,14.7,17.8,7.0,5.0,18.2,22.0,0.4,0.5,0.0,418.5,1430.5,3263.5,2748.5,10.0,4072.0,20.0,0.3,0.5,0.2,420.0,1430.0,3265.0,2750.0,10.0,4070.0,20.0,0.3,0.5,0.2
1974,2,13.0,71.0,5.8,5.8,5.8,5.8,2.0,0.0,18.0,0.0,0.5,0.1,1.51,2.6,3.56,2.53,3.0,1.5,12.0,0.0,0.3,0.1,4.14,4.14,4.14,4.14,1.0,0.0,22.0,0.0,0.1,0.2,89.2,89.2,89.2,89.2,1.0,0.0,22.0,0.0,0.2,4.35,5.1,7.76,6.03,3.0,2.63,12.0,0.0,0.3,0.1,-0.81,1.74,2.65,0.94,3.0,2.63,12.0,0.0,0.3,0.1,-0.84,4.79,7.29,3.26,3.0,6.11,12.0,0.0,0.3,0.1,995.36,999.8,1002.05,998.73,3.0,4.99,12.0,0.0,0.3,0.1,3.6,5.0,6.4,5.0,2.0,2.8,12.0,0.0,0.1,0.1,-2.6,8.9,21.7,9.5,3.0,17.9,12.0,0.0,0.3,0.1,-1.7,24.4,59.7,28.9,3.0,45.2,12.0,0.0,0.3,0.1,2.02,2.5,2.98,2.5,2.0,0.99,18.0,0.0,0.5,0.1,16.2,16.3,16.3,16.3,2.0,0.1,18.0,0.0,0.5,0.1,1.68,1.68,1.68,1.68,1.0,0.0,22.0,0.0,0.1,0.2,8.6,8.6,8.6,8.6,1.0,0.0,22.0,0.0,0.1,0.2,0.1,4.5,9.8,4.9,3.0,7.2,12.0,0.0,0.3,0.1,1.6,12.5,27.0,14.3,3.0,18.7,12.0,0.0,0.3,0.1,7.2,7.2,7.2,7.2,1.0,0.0,22.0,0.0,0.1,0.2,19.9,19.9,19.9,19.9,1.0,0.0,22.0,0.0,0.1,0.2,2.9,2.9,2.9,2.9,1.0,0.0,22.0,0.0,0.1,0.2,8.0,8.0,8.0,8.0,1.0,0.0,22.0,0.0,0.1,0.2,86.0,132.5,539.5,308.5,3.0,365.5,12.0,0.0,0.3,0.1,85.0,135.0,540.0,310.0,3.0,365.0,12.0,0.0,0.3,0.1
1974,2,13.0,72.0,5.24,5.6,5.75,5.5,4.0,0.36,16.0,0.3,0.5,0.3,-1.36,0.7,3.65,1.13,4.0,2.97,16.0,0.3,0.5,0.3,2.67,3.4,4.13,3.4,4.0,0.84,16.0,0.3,0.5,0.3,76.7,77.5,83.7,80.1,4.0,6.1,16.0,0.3,0.3,5.93,7.7,9.47,7.7,2.0,3.68,18.0,0.0,0.2,0.1,0.28,0.87,1.47,0.87,2.0,1.23,18.0,0.0,0.2,0.1,5.67,7.55,9.43,7.55,2.0,3.89,18.0,0.0,0.2,0.1,993.59,995.05,997.61,995.58,4.0,2.54,16.0,0.3,0.5,0.3,2.5,4.5,7.0,4.8,4.0,2.8,16.0,0.3,0.5,0.3,1.4,4.4,7.5,4.4,2.0,6.3,18.0,0.0,0.2,0.1,37.4,65.3,93.1,65.3,2.0,57.7,18.0,0.0,0.2,0.1,2.0,4.85,6.71,4.38,4.0,2.85,16.0,0.3,0.5,0.3,10.4,12.8,15.2,12.8,2.0,5.0,18.0,0.0,0.2,0.1,1.61,2.25,2.96,2.28,4.0,0.79,16.0,0.3,0.5,0.3,9.7,12.2,14.8,12.2,2.0,5.2,18.0,0.0,0.2,0.1,0.7,2.3,3.8,2.3,2.0,3.2,18.0,0.0,0.2,0.1,18.0,29.9,41.8,29.9,2.0,24.7,18.0,0.0,0.2,0.1,1.1,3.6,6.1,3.6,2.0,5.1,18.0,0.0,0.2,0.1,23.4,31.1,38.8,31.1,2.0,16.0,18.0,0.0,0.2,0.1,0.5,1.5,2.5,1.5,2.0,2.1,18.0,0.0,0.2,0.1,9.3,12.0,14.7,12.0,2.0,5.6,18.0,0.0,0.2,0.1,285.0,612.5,940.5,612.5,2.0,679.0,18.0,0.0,0.2,0.1,285.0,615.0,940.0,615.0,2.0,680.0,18.0,0.0,0.2,0.1
1974,2,13.0,73.0,4.06,4.4,4.47,4.27,3.0,0.32,16.0,0.3,0.6,0.7,-0.5,-0.5,-0.16,-0.33,3.0,0.29,16.0,0.3,0.6,0.7,3.17,3.17,3.17,3.17,1.0,0.0,14.0,0.0,0.7,0.9,85.7,85.7,85.7,85.7,1.0,0.0,14.0,0.0,0.9,14.59,20.6,20.6,17.67,3.0,5.08,16.0,0.3,0.6,0.7,-19.36,-19.36,0.83,-9.5,3.0,17.08,16.0,0.3,0.6,0.7,6.26,7.05,7.05,6.66,3.0,0.66,16.0,0.3,0.6,0.7,990.94,994.9,997.49,994.23,3.0,4.83,16.0,0.3,0.6,0.7,5.3,6.0,7.4,6.3,3.0,1.5,16.0,0.3,0.6,0.7,-398.8,-398.8,-44.3,-225.7,3.0,299.8,16.0,0.3,0.6,0.7,93.6,145.1,145.1,120.0,3.0,43.6,16.0,0.3,0.6,0.7,4.43,4.5,4.77,4.6,3.0,0.26,16.0,0.3,0.6,0.7,65.0,90.6,97.7,81.6,3.0,25.2,16.0,0.3,0.6,0.7,2.08,2.08,2.08,2.08,1.0,0.0,14.0,0.0,0.7,0.9,42.9,42.9,42.9,42.9,1.0,0.0,14.0,0.0,0.7,0.9,3.1,9.7,9.7,6.5,3.0,5.6,16.0,0.3,0.6,0.7,-3.5,-3.5,-1.1,-2.3,3.0,2.0,16.0,0.3,0.6,0.7,-61.3,-61.3,-61.3,-61.3,1.0,0.0,14.0,0.0,0.7,0.9,22.3,22.3,22.3,22.3,1.0,0.0,14.0,0.0,0.7,0.9,-40.3,-40.3,-40.3,-40.3,1.0,0.0,14.0,0.0,0.7,0.9,14.7,14.7,14.7,14.7,1.0,0.0,14.0,0.0,0.7,0.9,3896.0,8742.0,8742.0,6375.5,3.0,4098.5,16.0,0.3,0.6,0.7,3895.0,8740.0,8740.0,6375.0,3.0,4100.0,16.0,0.3,0.6,0.7
1974,2,13.0,74.0,,,,,,,,,,,,,,,,,,,,,,,,,,,,,,,,,,,,,,,,6.95,10.0,13.57,10.25,4.0,4.03,14.0,0.3,0.5,0.5,-4.88,-3.67,4.6,-0.3,4.0,7.78,14.0,0.3,0.5,0.5,-2.1,3.98,9.34,3.63,4.0,8.83,14.0,0.3,0.5,0.5,991.96,1006.85,1012.61,1004.27,6.0,11.35,12.0,0.3,0.6,0.6,,,,,,,,,,,,,,,,,,,,,,,,,,,,,,,,,,,,,,,,,,,,,,,,,,,,,,,,,,,,,,,,,,,,,,,,,,,,,,,,,,,,,,,,,,,,,,,,,,,,,,,,,,,,,,,,,,,,,,,,,,,,,,,,,,,,,,,,,,,,,,,,,,,,,,
1974,2,13.0,75.0,,,,,,,,,,,,,,,,,,,,,,,,,,,,,,,,,,,,,,,,9.38,12.5,14.62,12.17,6.0,3.43,4.0,0.2,0.5,0.7,-14.4,-12.41,-8.9,-11.96,6.0,3.42,4.0,0.2,0.5,0.7,0.0,2.26,3.05,1.81,6.0,1.48,4.0,0.2,0.5,0.7,1008.24,1009.9,1014.23,1010.63,6.0,3.76,4.0,0.2,0.5,0.7,,,,,,,,,,,,,,,,,,,,,,,,,,,,,,,,,,,,,,,,,,,,,,,,,,,,,,,,,,,,,,,,,,,,,,,,,,,,,,,,,,,,,,,,,,,,,,,,,,,,,,,,,,,,,,,,,,,,,,,,,,,,,,,,,,,,,,,,,,,,,,,,,,,,,,
1974,2,14.0,-70.0,0.6,0.6,0.6,0.6,1.0,0.0,8.0,1.0,0.3,0.8,-2.8,-2.8,-2.8,-2.8,1.0,0.0,8.0,1.0,0.3,0.8,2.76,2.76,2.76,2.76,1.0,0.0,8.0,1.0,0.3,0.8,85.4,85.4,85.4,85.4,1.0,0.0,8.0,1.0,0.8,10.8,10.8,10.8,10.8,1.0,0.0,8.0,1.0,0.3,0.8,-9.35,-9.35,-9.35,-9.35,1.0,0.0,8.0,1.0,0.3,0.8,5.4,5.4,5.4,5.4,1.0,0.0,8.0,1.0,0.3,0.8,964.2,964.2,964.2,964.2,1.0,0.0,8.0,1.0,0.3,0.8,7.0,7.0,7.0,7.0,1.0,0.0,8.0,1.0,0.3,0.8,-101.0,-101.0,-101.0,-101.0,1.0,0.0,8.0,1.0,0.3,0.8,58.3,58.3,58.3,58.3,1.0,0.0,8.0,1.0,0.3,0.8,3.4,3.4,3.4,3.4,1.0,0.0,8.0,1.0,0.3,0.8,36.7,36.7,36.7,36.7,1.0,0.0,8.0,1.0,0.3,0.8,1.39,1.39,1.39,1.39,1.0,0.0,8.0,1.0,0.3,0.8,15.0,15.0,15.0,15.0,1.0,0.0,8.0,1.0,0.3,0.8,26.2,26.2,26.2,26.2,1.0,0.0,8.0,1.0,0.3,0.8,-15.1,-15.1,-15.1,-15.1,1.0,0.0,8.0,1.0,0.3,0.8,-25.8,-25.8,-25.8,-25.8,1.0,0.0,8.0,1.0,0.3,0.8,14.9,14.9,14.9,14.9,1.0,0.0,8.0,1.0,0.3,0.8,-13.0,-13.0,-13.0,-13.0,1.0,0.0,8.0,1.0,0.3,0.8,7.5,7.5,7.5,7.5,1.0,0.0,8.0,1.0,0.3,0.8,1259.5,1259.5,1259.5,1259.5,1.0,0.0,8.0,1.0,0.3,0.8,1260.0,1260.0,1260.0,1260.0,1.0,0.0,8.0,1.0,0.3,0.8
1974,2,14.0,-67.0,,,,,,,,,,,,,,,,,,,,,,,,,,,,,,,,,,,,,,,,12.4,12.4,12.4,12.4,1.0,0.0,26.0,1.0,0.3,0.5,-10.74,-10.74,-10.74,-10.74,1.0,0.0,26.0,1.0,0.3,0.5,6.2,6.2,6.2,6.2,1.0,0.0,26.0,1.0,0.3,0.5,977.5,977.5,977.5,977.5,1.0,0.0,26.0,1.0,0.3,0.5,,,,,,,,,,,,,,,,,,,,,,,,,,,,,,,,,,,,,,,,,,,,,,,,,,,,,,,,,,,,,,,,,,,,,,,,,,,,,,,,,,,,,,,,,,,,,,,,,,,,,,,,,,,,,,,,,,,,,,,,,,,,,,,,,,,,,,,,,,,,,,,,,,,,,,
1974,2,14.0,-47.0,,,,,,,,,,,,,,,,,,,,,,,,,,,,,,,,,,,,,,,,8.08,11.05,14.02,11.05,2.0,6.15,20.0,1.0,0.2,0.4,7.36,8.79,10.22,8.79,2.0,2.96,20.0,1.0,0.2,0.4,-9.16,-5.44,-1.73,-5.44,2.0,7.7,20.0,1.0,0.2,0.4,1002.77,1005.5,1008.23,1005.5,2.0,5.66,20.0,1.0,0.2,0.4,,,,,,,,,,,,,,,,,,,,,,,,,,,,,,,,,,,,,,,,,,,,,,,,,,,,,,,,,,,,,,,,,,,,,,,,,,,,,,,,,,,,,,,,,,,,,,,,,,,,,,,,,,,,,,,,,,,,,,,,,,,,,,,,,,,,,,,,,,,,,,,,,,,,,,
1974,2,14.0,-46.0,,,,,,,,,,,,,,,,,,,,,,,,,,,,,,,,,,,,,,,,4.6,4.6,4.6,4.6,1.0,0.0,20.0,1.0,0.1,0.0,4.23,4.23,4.23,4.23,1.0,0.0,20.0,1.0,0.1,0.0,-1.8,-1.8,-1.8,-1.8,1.0,0.0,20.0,1.0,0.1,0.0,1017.0,1017.0,1017.0,1017.0,1.0,0.0,20.0,1.0,0.1,0.0,,,,,,,,,,,,,,,,,,,,,,,,,,,,,,,,,,,,,,,,,,,,,,,,,,,,,,,,,,,,,,,,,,,,,,,,,,,,,,,,,,,,,,,,,,,,,,,,,,,,,,,,,,,,,,,,,,,,,,,,,,,,,,,,,,,,,,,,,,,,,,,,,,,,,,
1974,2,14.0,-40.0,19.0,19.0,19.0,19.0,1.0,0.0,20.0,1.0,0.1,0.3,18.0,18.0,18.0,18.0,1.0,0.0,20.0,1.0,0.1,0.3,7.98,7.98,7.98,7.98,1.0,0.0,20.0,1.0,0.1,0.3,62.8,62.8,62.8,62.8,1.0,0.0,20.0,1.0,0.3,3.6,3.6,3.6,3.6,1.0,0.0,20.0,1.0,0.1,0.3,-1.8,-1.8,-1.8,-1.8,1.0,0.0,20.0,1.0,0.1,0.3,3.12,3.12,3.12,3.12,1.0,0.0,20.0,1.0,0.1,0.3,1018.0,1018.0,1018.0,1018.0,1.0,0.0,20.0,1.0,0.1,0.3,1.0,1.0,1.0,1.0,1.0,0.0,20.0,1.0,0.1,0.3,-6.5,-6.5,-6.5,-6.5,1.0,0.0,20.0,1.0,0.1,0.3,11.2,11.2,11.2,11.2,1.0,0.0,20.0,1.0,0.1,0.3,1.0,1.0,1.0,1.0,1.0,0.0,20.0,1.0,0.1,0.3,3.6,3.6,3.6,3.6,1.0,0.0,20.0,1.0,0.1,0.3,5.61,5.61,5.61,5.61,1.0,0.0,20.0,1.0,0.1,0.3,20.2,20.2,20.2,20.2,1.0,0.0,20.0,1.0,0.1,0.3,-32.4,-32.4,-32.4,-32.4,1.0,0.0,20.0,1.0,0.1,0.3,56.1,56.1,56.1,56.1,1.0,0.0,20.0,1.0,0.1,0.3,-14.4,-14.4,-14.4,-14.4,1.0,0.0,20.0,1.0,0.1,0.3,24.9,24.9,24.9,24.9,1.0,0.0,20.0,1.0,0.1,0.3,-10.1,-10.1,-10.1,-10.1,1.0,0.0,20.0,1.0,0.1,0.3,17.5,17.5,17.5,17.5,1.0,0.0,20.0,1.0,0.1,0.3,46.5,46.5,46.5,46.5,1.0,0.0,20.0,1.0,0.1,0.3,45.0,45.0,45.0,45.0,1.0,0.0,20.0,1.0,0.1,0.3
1974,2,14.0,-38.0,21.5,21.5,21.5,21.5,1.0,0.0,20.0,0.0,0.3,0.9,19.7,19.7,19.7,19.7,1.0,0.0,20.0,0.0,0.3,0.9,12.75,12.75,12.75,12.75,1.0,0.0,20.0,0.0,0.3,0.9,89.4,89.4,89.4,89.4,1.0,0.0,20.0,0.0,0.9,0.0,0.0,0.0,0.0,1.0,0.0,20.0,0.0,0.3,0.9,0.0,0.0,0.0,0.0,1.0,0.0,20.0,0.0,0.3,0.9,0.0,0.0,0.0,0.0,1.0,0.0,20.0,0.0,0.3,0.9,1012.2,1012.2,1012.2,1012.2,1.0,0.0,20.0,0.0,0.3,0.9,4.0,4.0,4.0,4.0,1.0,0.0,20.0,0.0,0.3,0.9,0.0,0.0,0.0,0.0,1.0,0.0,20.0,0.0,0.3,0.9,0.0,0.0,0.0,0.0,1.0,0.0,20.0,0.0,0.3,0.9,1.8,1.8,1.8,1.8,1.0,0.0,20.0,0.0,0.3,0.9,0.0,0.0,0.0,0.0,1.0,0.0,20.0,0.0,0.3,0.9,3.23,3.23,3.23,3.23,1.0,0.0,20.0,0.0,0.3,0.9,0.0,0.0,0.0,0.0,1.0,0.0,20.0,0.0,0.3,0.9,0.0,0.0,0.0,0.0,1.0,0.0,20.0,0.0,0.3,0.9,0.0,0.0,0.0,0.0,1.0,0.0,20.0,0.0,0.3,0.9,0.0,0.0,0.0,0.0,1.0,0.0,20.0,0.0,0.3,0.9,0.0,0.0,0.0,0.0,1.0,0.0,20.0,0.0,0.3,0.9,0.0,0.0,0.0,0.0,1.0,0.0,20.0,0.0,0.3,0.9,0.0,0.0,0.0,0.0,1.0,0.0,20.0,0.0,0.3,0.9,0.0,0.0,0.0,0.0,1.0,0.0,20.0,0.0,0.3,0.9,0.0,0.0,0.0,0.0,1.0,0.0,20.0,0.0,0.3,0.9
1974,2,14.0,-37.0,21.0,21.0,21.0,21.0,1.0,0.0,12.0,1.0,0.8,0.4,19.1,19.1,19.1,19.1,1.0,0.0,12.0,1.0,0.8,0.4,11.67,11.67,11.67,11.67,1.0,0.0,12.0,1.0,0.8,0.4,84.9,84.9,84.9,84.9,1.0,0.0,12.0,1.0,0.4,6.2,6.2,6.2,6.2,1.0,0.0,12.0,1.0,0.8,0.4,5.83,5.83,5.83,5.83,1.0,0.0,12.0,1.0,0.8,0.4,2.12,2.12,2.12,2.12,1.0,0.0,12.0,1.0,0.8,0.4,1011.1,1011.1,1011.1,1011.1,1.0,0.0,12.0,1.0,0.8,0.4,4.0,4.0,4.0,4.0,1.0,0.0,12.0,1.0,0.8,0.4,36.1,36.1,36.1,36.1,1.0,0.0,12.0,1.0,0.8,0.4,13.1,13.1,13.1,13.1,1.0,0.0,12.0,1.0,0.8,0.4,1.9,1.9,1.9,1.9,1.0,0.0,12.0,1.0,0.8,0.4,11.8,11.8,11.8,11.8,1.0,0.0,12.0,1.0,0.8,0.4,3.83,3.83,3.83,3.83,1.0,0.0,12.0,1.0,0.8,0.4,23.8,23.8,23.8,23.8,1.0,0.0,12.0,1.0,0.8,0.4,111.3,111.3,111.3,111.3,1.0,0.0,12.0,1.0,0.8,0.4,40.5,40.5,40.5,40.5,1.0,0.0,12.0,1.0,0.8,0.4,68.0,68.0,68.0,68.0,1.0,0.0,12.0,1.0,0.8,0.4,24.8,24.8,24.8,24.8,1.0,0.0,12.0,1.0,0.8,0.4,22.3,22.3,22.3,22.3,1.0,0.0,12.0,1.0,0.8,0.4,8.1,8.1,8.1,8.1,1.0,0.0,12.0,1.0,0.8,0.4,238.5,238.5,238.5,238.5,1.0,0.0,12.0,1.0,0.8,0.4,240.0,240.0,240.0,240.0,1.0,0.0,12.0,1.0,0.8,0.4
1974,2,14.0,-35.0,20.16,20.5,20.57,20.37,3.0,0.32,20.0,0.3,0.6,0.5,19.5,21.0,22.02,20.77,3.0,1.86,20.0,0.3,0.6,0.5,8.97,10.02,11.06,10.02,2.0,2.17,18.0,0.5,0.7,0.6,64.2,65.9,67.6,65.9,2.0,3.6,18.0,0.5,0.6,5.34,8.25,10.32,7.85,4.0,3.05,18.0,0.3,0.6,0.6,-6.5,-3.09,-0.16,-3.32,4.0,4.17,18.0,0.3,0.6,0.6,-0.73,4.49,8.02,3.68,4.0,6.43,18.0,0.3,0.6,0.6,1007.85,1014.3,1016.45,1012.25,4.0,6.47,18.0,0.3,0.6,0.6,2.3,3.0,6.4,4.3,3.0,3.2,16.0,0.3,0.7,0.6,-57.3,-24.6,-6.6,-31.6,4.0,37.4,18.0,0.3,0.6,0.6,-17.6,25.1,76.6,29.3,4.0,67.1,18.0,0.3,0.6,0.6,-1.68,-1.0,0.91,-0.4,3.0,1.97,20.0,0.3,0.6,0.5,-9.3,-8.2,5.6,-2.0,3.0,12.2,20.0,0.3,0.6,0.5,3.92,4.98,6.05,4.98,2.0,2.21,18.0,0.5,0.7,0.6,18.8,28.9,39.1,28.9,2.0,21.1,18.0,0.5,0.7,0.6,-147.4,-81.0,-4.2,-75.9,3.0,105.0,20.0,0.3,0.6,0.5,-42.7,86.7,93.4,26.8,3.0,112.4,20.0,0.3,0.6,0.5,-28.2,-10.2,7.8,-10.2,2.0,37.3,18.0,0.5,0.7,0.6,43.7,44.0,44.4,44.0,2.0,0.7,18.0,0.5,0.7,0.6,-23.0,-11.7,-0.4,-11.7,2.0,23.3,18.0,0.5,0.7,0.6,16.4,23.4,30.4,23.4,2.0,14.5,18.0,0.5,0.7,0.6,179.5,621.0,1108.0,642.5,4.0,552.5,18.0,0.3,0.6,0.6,180.0,620.0,1110.0,645.0,4.0,555.0,18.0,0.3,0.6,0.6
1974,2,14.0,-34.0,20.0,21.0,21.43,20.97,6.0,0.99,10.0,0.5,0.6,0.3,19.75,20.55,21.1,20.35,6.0,0.91,10.0,0.5,0.6,0.3,11.39,12.72,13.44,12.43,4.0,1.53,12.0,0.5,0.7,0.4,81.4,87.4,89.4,85.5,4.0,5.9,12.0,0.5,0.4,5.35,7.95,11.91,8.43,6.0,4.51,10.0,0.5,0.6,0.3,-6.48,-1.59,0.98,-2.32,6.0,5.02,10.0,0.5,0.6,0.3,3.57,6.72,11.16,7.03,6.0,3.83,10.0,0.5,0.6,0.3,1013.17,1014.85,1017.16,1015.17,6.0,2.65,10.0,0.5,0.6,0.3,3.6,5.5,7.2,5.3,6.0,2.2,10.0,0.5,0.6,0.3,-70.1,-9.6,6.1,-31.8,6.0,64.4,10.0,0.5,0.6,0.3,20.5,53.3,133.5,73.0,6.0,66.3,10.0,0.5,0.6,0.3,-0.23,0.5,1.49,0.62,6.0,1.28,10.0,0.5,0.6,0.3,-2.5,3.6,16.6,5.0,6.0,11.4,10.0,0.5,0.6,0.3,2.04,3.35,4.39,3.22,4.0,1.41,12.0,0.5,0.7,0.4,15.9,23.5,47.0,31.1,4.0,22.7,12.0,0.5,0.7,0.4,-132.1,-32.2,19.7,-45.5,6.0,97.9,10.0,0.5,0.6,0.3,72.1,138.0,223.9,141.9,6.0,75.5,10.0,0.5,0.6,0.3,-90.7,-54.9,16.2,-38.0,4.0,71.4,12.0,0.5,0.7,0.4,67.7,90.0,108.0,88.0,4.0,29.4,12.0,0.5,0.7,0.4,-25.6,-7.5,8.5,-8.5,4.0,25.7,12.0,0.5,0.7,0.4,13.7,17.9,34.3,23.8,4.0,17.1,12.0,0.5,0.7,0.4,191.0,516.0,1810.5,1044.0,6.0,1356.5,10.0,0.5,0.6,0.3,190.0,515.0,1810.0,1045.0,6.0,1355.0,10.0,0.5,0.6,0.3
1974,2,14.0,-33.0,19.68,20.0,20.48,19.97,11.0,0.51,12.0,0.3,0.5,0.6,19.22,20.15,21.05,20.13,12.0,1.26,12.0,0.3,0.4,0.6,10.57,12.02,13.35,11.84,9.0,1.73,12.0,0.3,0.4,0.5,74.0,82.6,87.3,81.2,10.0,6.6,10.0,0.3,0.6,6.07,8.2,11.96,8.87,12.0,3.84,12.0,0.3,0.4,0.6,-5.5,-3.76,0.54,-2.25,12.0,4.32,12.0,0.3,0.4,0.6,4.3,6.69,10.63,7.5,12.0,3.87,12.0,0.3,0.4,0.6,1009.39,1013.7,1017.17,1013.33,11.0,3.66,14.0,0.4,0.4,0.6,2.5,3.0,7.0,4.0,12.0,2.2,12.0,0.3,0.4,0.6,-60.7,-24.9,3.3,-28.0,12.0,50.2,12.0,0.3,0.4,0.6,23.7,54.9,127.1,79.1,12.0,81.4,12.0,0.3,0.4,0.6,-0.68,-0.2,0.08,-0.08,11.0,1.33,12.0,0.3,0.5,0.6,-4.7,-1.2,0.7,3.4,11.0,19.4,12.0,0.3,0.5,0.6,1.28,1.73,3.91,2.63,9.0,1.85,12.0,0.3,0.4,0.5,9.8,13.1,30.6,27.5,9.0,35.9,12.0,0.3,0.4,0.5,-105.5,-76.8,11.1,-44.1,12.0,86.6,12.0,0.3,0.4,0.6,91.0,134.9,215.2,148.4,12.0,67.8,12.0,0.3,0.4,0.6,-53.3,-47.2,0.0,-21.2,9.0,45.0,12.0,0.3,0.4,0.5,56.0,74.8,105.6,78.7,9.0,33.8,12.0,0.3,0.4,0.5,-11.6,-5.0,0.0,-4.8,9.0,18.1,12.0,0.3,0.4,0.5,7.5,10.7,25.5,23.2,9.0,34.3,12.0,0.3,0.4,0.5,225.0,551.5,1759.0,1118.0,12.0,1649.0,12.0,0.3,0.4,0.6,225.0,550.0,1760.0,1120.0,12.0,1650.0,12.0,0.3,0.4,0.6
1974,2,14.0,-32.0,19.07,20.9,21.6,20.41,18.0,1.38,16.0,0.4,0.5,0.6,19.51,20.3,22.34,20.79,17.0,1.54,16.0,0.4,0.5,0.6,11.54,12.83,13.37,12.68,12.0,1.12,16.0,0.4,0.4,0.6,75.5,86.5,92.2,84.3,12.0,8.2,16.0,0.4,0.6,4.93,8.45,11.8,8.1,24.0,3.36,16.0,0.5,0.4,0.5,-5.37,0.0,3.92,-0.87,24.0,4.21,16.0,0.5,0.4,0.5,2.96,8.05,10.02,6.78,24.0,3.63,16.0,0.5,0.4,0.5,1007.5,1010.7,1015.39,1011.6,35.0,4.77,14.0,0.5,0.3,0.5,1.8,5.0,8.0,4.9,25.0,2.6,16.0,0.4,0.4,0.5,-70.8,0.0,21.8,-13.3,24.0,42.6,16.0,0.5,0.4,0.5,11.9,70.6,117.3,65.2,24.0,51.7,16.0,0.5,0.4,0.5,-1.89,-0.4,0.85,-0.45,16.0,1.4,16.0,0.4,0.5,0.6,-13.1,-2.6,5.6,-1.9,15.0,10.7,16.0,0.4,0.5,0.6,0.89,1.99,4.21,2.28,12.0,1.77,16.0,0.4,0.4,0.6,8.6,14.4,30.5,19.7,12.0,18.6,16.0,0.4,0.4,0.6,-84.9,0.0,84.9,-1.6,16.0,76.6,16.0,0.4,0.5,0.6,85.1,162.0,209.4,154.9,16.0,63.1,16.0,0.4,0.5,0.6,-62.6,0.0,45.5,-5.4,12.0,50.2,16.0,0.4,0.4,0.6,57.1,108.7,124.8,98.6,12.0,38.7,16.0,0.4,0.4,0.6,-5.7,0.0,3.8,-2.5,12.0,10.7,16.0,0.4,0.4,0.6,8.0,10.6,30.4,18.2,12.0,16.9,16.0,0.4,0.4,0.6,120.5,605.0,1643.0,791.5,24.0,774.0,16.0,0.5,0.4,0.5,120.0,605.0,1645.0,790.0,24.0,775.0,16.0,0.5,0.4,0.5
1974,2,14.0,-31.0,19.0,20.0,21.0,19.93,89.0,1.03,14.0,0.6,0.6,0.7,19.0,20.0,21.16,20.08,92.0,1.16,14.0,0.6,0.6,0.7,11.06,12.17,13.42,12.09,69.0,1.53,14.0,0.6,0.7,0.7,73.6,82.8,91.2,82.3,70.0,8.9,14.0,0.6,0.7,6.02,9.55,13.36,9.73,96.0,3.54,14.0,0.6,0.6,0.7,-4.95,-2.14,2.9,-1.52,96.0,3.77,14.0,0.6,0.6,0.7,4.75,8.98,12.29,8.57,96.0,4.17,14.0,0.6,0.6,0.7,1009.98,1013.3,1015.3,1012.8,95.0,3.04,14.0,0.6,0.6,0.7,1.0,4.0,8.0,4.2,91.0,3.0,14.0,0.6,0.6,0.7,-52.9,-20.7,16.6,-21.2,96.0,43.5,14.0,0.6,0.6,0.7,26.3,86.5,165.6,96.9,96.0,73.3,14.0,0.6,0.6,0.7,-1.4,-0.2,1.0,-0.17,87.0,1.28,14.0,0.6,0.6,0.7,-11.8,-1.5,8.5,-1.1,86.0,14.2,14.0,0.6,0.6,0.7,0.8,2.05,3.86,2.31,67.0,1.67,14.0,0.6,0.7,0.7,5.2,19.4,38.2,23.5,67.0,21.9,14.0,0.6,0.7,0.7,-94.8,-43.4,50.9,-32.0,91.0,74.6,14.0,0.5,0.6,0.7,101.1,181.0,249.6,174.0,91.0,81.9,14.0,0.5,0.6,0.7,-53.7,-23.7,26.6,-18.6,69.0,40.4,14.0,0.6,0.7,0.7,61.2,101.4,141.4,101.5,69.0,46.4,14.0,0.6,0.7,0.7,-12.5,-1.1,2.6,-4.6,67.0,9.8,14.0,0.6,0.7,0.7,3.4,17.8,37.6,21.4,67.0,21.3,14.0,0.6,0.7,0.7,217.5,873.0,2386.5,1298.0,96.0,1371.5,14.0,0.6,0.6,0.7,220.0,875.0,2385.0,1300.0,96.0,1370.0,14.0,0.6,0.6,0.7
1974,2,14.0,-30.0,18.74,20.0,21.0,19.79,81.0,1.18,14.0,0.6,0.3,0.4,19.0,20.0,21.0,20.03,84.0,1.17,14.0,0.6,0.3,0.4,11.07,12.0,12.95,11.96,74.0,1.26,14.0,0.6,0.3,0.4,75.7,82.3,90.1,82.6,75.0,7.7,14.0,0.6,0.4,6.2,9.3,12.95,9.61,86.0,3.37,14.0,0.6,0.3,0.4,-6.08,-2.95,0.0,-3.03,86.0,3.2,14.0,0.6,0.3,0.4,5.02,8.53,11.97,8.42,86.0,3.66,14.0,0.6,0.3,0.4,1010.35,1012.5,1015.0,1012.71,86.0,2.52,14.0,0.6,0.3,0.4,1.0,5.0,8.0,4.4,86.0,3.0,14.0,0.6,0.3,0.4,-75.3,-29.6,0.0,-35.8,86.0,37.2,14.0,0.6,0.3,0.4,25.6,82.2,153.9,91.9,86.0,62.5,14.0,0.6,0.3,0.4,-1.86,-0.2,1.3,-0.25,79.0,1.56,14.0,0.6,0.3,0.4,-12.0,-1.5,13.0,-0.8,78.0,16.7,14.0,0.6,0.3,0.4,0.95,2.1,3.77,2.42,71.0,1.74,14.0,0.6,0.3,0.4,6.6,19.6,43.6,25.5,70.0,24.8,14.0,0.6,0.3,0.4,-120.8,-66.8,0.0,-61.3,83.0,65.1,14.0,0.6,0.3,0.4,101.1,170.8,241.5,167.1,83.0,72.2,14.0,0.6,0.3,0.4,-68.8,-40.7,0.0,-37.0,73.0,35.2,14.0,0.6,0.3,0.4,65.4,106.1,143.1,102.0,73.0,40.6,14.0,0.6,0.3,0.4,-21.6,-5.9,0.0,-9.6,70.0,14.3,14.0,0.6,0.3,0.4,6.2,16.7,37.8,22.4,70.0,21.6,14.0,0.6,0.3,0.4,238.5,804.5,2172.5,1207.0,86.0,1085.5,14.0,0.6,0.3,0.4,240.0,805.0,2170.0,1205.0,86.0,1085.0,14.0,0.6,0.3,0.4
1974,2,14.0,-29.0,17.42,19.0,19.21,18.46,7.0,1.34,16.0,0.4,0.5,0.5,18.09,19.0,20.98,19.25,8.0,1.71,18.0,0.5,0.4,0.5,11.88,12.73,13.09,12.47,5.0,0.91,18.0,0.6,0.6,0.5,90.7,93.9,98.5,93.9,6.0,5.3,18.0,0.7,0.5,5.0,6.5,10.74,7.09,8.0,2.92,18.0,0.5,0.4,0.5,-3.56,-0.86,1.33,-0.78,8.0,2.54,18.0,0.5,0.4,0.5,4.61,5.53,10.16,6.6,8.0,2.99,18.0,0.5,0.4,0.5,1011.28,1011.7,1012.93,1011.4,7.0,2.13,16.0,0.4,0.5,0.5,0.0,0.0,8.0,3.2,5.0,4.4,16.0,0.4,0.3,0.5,-22.9,-4.3,4.0,-8.1,8.0,20.2,18.0,0.5,0.4,0.5,23.7,35.0,109.5,54.4,8.0,43.1,18.0,0.5,0.4,0.5,-2.05,-1.3,0.25,-0.97,7.0,1.52,16.0,0.4,0.5,0.5,-22.2,-6.5,0.9,-8.0,7.0,12.4,16.0,0.4,0.5,0.5,-0.07,1.11,1.33,0.57,5.0,1.5,18.0,0.6,0.6,0.5,-4.3,5.6,8.1,1.5,5.0,11.2,18.0,0.6,0.6,0.5,-60.0,-17.8,25.1,-13.9,8.0,46.6,18.0,0.5,0.4,0.5,77.0,110.7,183.6,127.7,8.0,60.6,18.0,0.5,0.4,0.5,-29.5,0.0,28.1,-0.2,5.0,33.9,18.0,0.6,0.6,0.5,43.7,61.1,91.1,67.2,5.0,31.4,18.0,0.6,0.6,0.5,-3.3,0.0,2.6,-0.4,5.0,3.7,18.0,0.6,0.6,0.5,-4.6,5.2,6.7,0.7,5.0,10.7,18.0,0.6,0.6,0.5,125.0,279.5,1256.5,519.5,8.0,536.5,18.0,0.5,0.4,0.5,125.0,280.0,1255.0,520.0,8.0,535.0,18.0,0.5,0.4,0.5
1974,2,14.0,-28.0,15.77,17.25,17.71,17.0,10.0,1.25,12.0,0.5,0.5,0.6,16.96,18.1,19.18,18.11,11.0,1.09,14.0,0.5,0.5,0.7,10.65,12.17,12.69,11.83,6.0,0.96,18.0,0.3,0.6,0.8,87.2,90.4,98.9,91.8,6.0,6.2,18.0,0.3,0.8,4.0,7.6,10.0,7.25,12.0,2.66,14.0,0.4,0.5,0.7,-3.4,-1.32,0.0,-1.73,12.0,2.48,14.0,0.4,0.5,0.7,3.7,6.99,9.33,6.16,12.0,3.69,14.0,0.4,0.5,0.7,1009.57,1010.3,1011.13,1010.32,12.0,2.09,14.0,0.4,0.5,0.7,0.3,5.0,7.0,3.8,9.0,3.3,12.0,0.4,0.5,0.7,-33.7,-10.1,0.0,-16.4,12.0,23.1,14.0,0.4,0.5,0.7,14.0,57.0,92.3,52.1,12.0,36.9,14.0,0.4,0.5,0.7,-2.22,-1.6,-0.13,-1.38,9.0,1.02,12.0,0.6,0.5,0.6,-17.8,-11.2,-1.1,-11.0,9.0,8.3,12.0,0.6,0.5,0.6,-0.69,0.23,0.8,0.07,4.0,1.07,18.0,0.5,0.5,0.7,-6.1,2.1,4.9,-0.5,4.0,8.0,18.0,0.5,0.5,0.7,-62.4,-25.1,-7.5,-34.9,11.0,47.1,14.0,0.5,0.5,0.7,78.5,133.0,162.4,116.6,11.0,65.6,14.0,0.5,0.5,0.7,-38.0,-22.5,6.5,-15.2,6.0,27.7,18.0,0.3,0.6,0.8,35.8,89.1,110.6,69.5,6.0,57.0,18.0,0.3,0.6,0.8,-2.2,-0.7,0.1,-1.0,4.0,1.4,18.0,0.5,0.5,0.7,-6.4,1.7,4.4,-0.9,4.0,7.7,18.0,0.5,0.5,0.7,64.0,442.5,1000.0,516.5,12.0,410.5,14.0,0.4,0.5,0.7,65.0,445.0,1000.0,515.0,12.0,410.0,14.0,0.4,0.5,0.7
1974,2,14.0,-27.0,13.96,15.5,17.55,15.78,13.0,2.02,14.0,0.6,0.3,0.6,16.48,17.4,19.55,17.75,13.0,1.38,14.0,0.6,0.3,0.6,10.12,10.72,11.42,10.73,7.0,0.99,16.0,0.7,0.4,0.6,86.4,89.6,92.0,87.8,7.0,5.6,16.0,0.7,0.6,3.59,8.7,12.3,8.19,11.0,4.6,12.0,0.6,0.3,0.7,-3.48,-1.74,0.42,-1.49,11.0,2.5,12.0,0.6,0.3,0.7,3.51,8.18,11.04,7.81,11.0,4.38,12.0,0.6,0.3,0.7,1007.94,1011.2,1012.37,1010.72,13.0,2.41,14.0,0.6,0.3,0.6,0.0,1.0,7.1,2.7,10.0,3.4,12.0,0.6,0.3,0.7,-48.0,-17.4,1.3,-18.5,11.0,28.2,12.0,0.6,0.3,0.7,12.9,71.1,136.4,82.2,11.0,70.7,12.0,0.6,0.3,0.7,-3.35,-2.0,-0.56,-1.97,13.0,1.37,14.0,0.6,0.3,0.6,-35.4,-15.0,-1.8,-19.2,11.0,19.1,12.0,0.6,0.3,0.7,-1.01,0.14,0.63,0.22,7.0,1.31,16.0,0.7,0.4,0.6,-10.2,-0.2,16.7,4.7,5.0,22.6,14.0,0.8,0.5,0.7,-61.3,-29.2,8.3,-26.1,11.0,43.4,12.0,0.6,0.3,0.7,69.7,130.8,198.2,136.1,11.0,75.5,12.0,0.6,0.3,0.7,-41.6,-25.0,19.2,-14.9,5.0,37.0,14.0,0.8,0.5,0.7,63.4,83.0,121.5,89.9,5.0,39.4,14.0,0.8,0.5,0.7,-4.7,-0.4,2.2,-1.0,5.0,5.0,14.0,0.8,0.5,0.7,-9.2,-0.2,16.4,5.0,5.0,21.9,14.0,0.8,0.5,0.7,48.5,658.5,1872.0,1001.0,11.0,1124.0,12.0,0.6,0.3,0.7,50.0,660.0,1870.0,1000.0,11.0,1125.0,12.0,0.6,0.3,0.7
1974,2,14.0,-26.0,15.44,16.05,16.92,16.04,8.0,0.78,14.0,0.6,0.2,0.6,15.81,16.1,17.18,16.34,8.0,0.7,14.0,0.6,0.3,0.5,10.16,10.81,11.76,10.92,6.0,0.85,16.0,0.5,0.3,0.6,91.4,93.2,96.6,93.9,6.0,3.7,16.0,0.5,0.6,5.0,9.3,10.95,8.33,9.0,3.74,14.0,0.7,0.3,0.5,-3.18,-0.77,0.0,-1.57,9.0,1.89,14.0,0.7,0.3,0.5,4.95,9.3,10.5,7.88,9.0,4.0,14.0,0.7,0.3,0.5,1009.04,1010.2,1012.23,1010.51,9.0,1.56,14.0,0.7,0.3,0.5,5.6,7.0,8.0,6.8,5.0,1.3,12.0,1.0,0.1,0.7,-34.3,-2.8,0.0,-15.6,9.0,21.7,14.0,0.7,0.3,0.5,27.5,86.5,113.4,78.8,9.0,50.9,14.0,0.7,0.3,0.5,-0.9,-0.7,0.0,-0.47,7.0,0.45,14.0,0.6,0.3,0.6,-7.1,-5.6,0.0,-4.3,7.0,4.4,14.0,0.6,0.3,0.6,-0.03,0.21,0.92,0.39,6.0,0.53,16.0,0.5,0.3,0.6,-0.2,2.1,11.3,4.5,6.0,6.0,16.0,0.5,0.3,0.6,-57.2,-17.3,0.0,-28.1,8.0,34.1,14.0,0.6,0.3,0.5,127.5,153.5,170.0,136.6,8.0,64.0,14.0,0.6,0.3,0.5,-46.4,-11.7,0.0,-21.2,6.0,26.2,16.0,0.5,0.3,0.6,93.9,107.2,119.7,108.0,6.0,15.2,16.0,0.5,0.3,0.6,-1.3,0.0,0.0,-0.5,6.0,0.8,16.0,0.5,0.3,0.6,-0.2,2.0,11.2,4.5,6.0,6.0,16.0,0.5,0.3,0.6,170.0,804.5,1312.0,852.0,9.0,684.5,14.0,0.7,0.3,0.5,170.0,805.0,1310.0,850.0,9.0,685.0,14.0,0.7,0.3,0.5
1974,2,14.0,-25.0,16.5,16.5,16.5,16.5,1.0,0.0,18.0,0.0,0.0,0.3,16.6,16.6,16.6,16.6,1.0,0.0,18.0,0.0,0.0,0.3,10.49,10.49,10.49,10.49,1.0,0.0,18.0,0.0,0.0,0.3,89.1,89.1,89.1,89.1,1.0,0.0,18.0,0.0,0.3,1.0,3.55,5.0,3.03,4.0,2.44,22.0,0.3,0.1,0.4,-1.71,-1.53,-0.64,-1.19,4.0,0.81,22.0,0.3,0.1,0.4,0.77,3.15,4.7,2.75,4.0,2.34,22.0,0.3,0.1,0.4,1008.1,1009.2,1010.99,1009.53,4.0,1.76,22.0,0.3,0.1,0.4,2.5,8.0,8.0,5.3,3.0,4.6,22.0,0.3,0.1,0.5,-8.6,-5.7,-1.3,-5.0,4.0,4.3,22.0,0.3,0.1,0.4,1.6,13.4,23.5,12.6,4.0,12.7,22.0,0.3,0.1,0.4,-0.1,-0.1,-0.1,-0.1,1.0,0.0,18.0,0.0,0.0,0.3,-0.2,-0.2,-0.2,-0.2,1.0,0.0,18.0,0.0,0.0,0.3,1.22,1.22,1.22,1.22,1.0,0.0,18.0,0.0,0.0,0.3,2.6,2.6,2.6,2.6,1.0,0.0,18.0,0.0,0.0,0.3,-22.4,-22.4,-22.4,-22.4,1.0,0.0,18.0,0.0,0.0,0.3,26.7,26.7,26.7,26.7,1.0,0.0,18.0,0.0,0.0,0.3,-14.2,-14.2,-14.2,-14.2,1.0,0.0,18.0,0.0,0.0,0.3,16.9,16.9,16.9,16.9,1.0,0.0,18.0,0.0,0.0,0.3,-1.6,-1.6,-1.6,-1.6,1.0,0.0,18.0,0.0,0.0,0.3,2.0,2.0,2.0,2.0,1.0,0.0,18.0,0.0,0.0,0.3,4.5,67.0,125.0,65.0,4.0,69.5,22.0,0.3,0.1,0.4,5.0,65.0,125.0,65.0,4.0,70.0,22.0,0.3,0.1,0.4
1974,2,14.0,-24.0,,,,,,,,,,,,,,,,,,,,,,,,,,,,,,,,,,,,,,,,3.06,3.1,6.85,5.0,5.0,3.82,18.0,0.8,0.1,0.3,-1.09,-0.54,-0.33,-0.73,5.0,0.77,18.0,0.8,0.1,0.3,3.02,3.05,6.78,4.94,5.0,3.76,18.0,0.8,0.1,0.3,1010.99,1011.5,1012.96,1011.9,5.0,1.46,18.0,0.8,0.1,0.3,,,,,,,,,,,,,,,,,,,,,,,,,,,,,,,,,,,,,,,,,,,,,,,,,,,,,,,,,,,,,,,,,,,,,,,,,,,,,,,,,,,,,,,,,,,,,,,,,,,,,,,,,,,,,,,,,,,,,,,,,,,,,,,,,,,,,,,,,,,,,,,,,,,,,,
1974,2,14.0,33.0,18.0,18.0,18.0,18.0,1.0,0.0,12.0,0.0,0.9,0.8,15.5,15.5,15.5,15.5,1.0,0.0,12.0,0.0,0.9,0.8,7.97,7.97,7.97,7.97,1.0,0.0,12.0,0.0,0.9,0.8,73.6,73.6,73.6,73.6,1.0,0.0,12.0,0.0,0.8,2.1,2.1,2.1,2.1,1.0,0.0,12.0,0.0,0.9,0.8,2.1,2.1,2.1,2.1,1.0,0.0,12.0,0.0,0.9,0.8,0.0,0.0,0.0,0.0,1.0,0.0,12.0,0.0,0.9,0.8,1020.2,1020.2,1020.2,1020.2,1.0,0.0,12.0,0.0,0.9,0.8,,,,,,,,,,,,,,,,,,,,,,,,,,,,,,,2.5,2.5,2.5,2.5,1.0,0.0,12.0,0.0,0.9,0.8,5.3,5.3,5.3,5.3,1.0,0.0,12.0,0.0,0.9,0.8,4.76,4.76,4.76,4.76,1.0,0.0,12.0,0.0,0.9,0.8,10.0,10.0,10.0,10.0,1.0,0.0,12.0,0.0,0.9,0.8,32.6,32.6,32.6,32.6,1.0,0.0,12.0,0.0,0.9,0.8,0.0,0.0,0.0,0.0,1.0,0.0,12.0,0.0,0.9,0.8,16.7,16.7,16.7,16.7,1.0,0.0,12.0,0.0,0.9,0.8,0.0,0.0,0.0,0.0,1.0,0.0,12.0,0.0,0.9,0.8,10.0,10.0,10.0,10.0,1.0,0.0,12.0,0.0,0.9,0.8,0.0,0.0,0.0,0.0,1.0,0.0,12.0,0.0,0.9,0.8,9.5,9.5,9.5,9.5,1.0,0.0,12.0,0.0,0.9,0.8,10.0,10.0,10.0,10.0,1.0,0.0,12.0,0.0,0.9,0.8
1974,2,14.0,34.0,15.48,16.5,17.52,16.5,2.0,2.12,14.0,1.0,0.8,0.3,15.16,15.5,15.84,15.5,2.0,0.71,14.0,1.0,0.8,0.3,7.05,7.74,8.44,7.74,2.0,1.43,14.0,1.0,0.8,0.3,63.0,70.8,78.6,70.8,2.0,16.1,14.0,1.0,0.3,3.39,5.1,6.87,5.13,3.0,2.55,18.0,1.0,0.8,0.5,-5.36,-2.56,-1.42,-3.37,3.0,2.98,18.0,1.0,0.8,0.5,0.91,3.85,4.65,2.81,3.0,2.88,18.0,1.0,0.8,0.5,1005.49,1005.9,1006.31,1005.9,2.0,0.85,14.0,1.0,0.8,0.3,8.0,8.0,8.0,8.0,3.0,0.0,18.0,1.0,0.8,0.5,-37.2,-6.7,-5.2,-20.8,3.0,26.4,18.0,1.0,0.8,0.5,7.3,25.6,28.4,18.0,3.0,16.8,18.0,1.0,0.8,0.5,0.32,1.0,1.68,1.0,2.0,1.41,14.0,1.0,0.8,0.3,1.6,5.1,8.6,5.1,2.0,7.2,14.0,1.0,0.8,0.3,2.58,4.04,5.5,4.04,2.0,3.02,14.0,1.0,0.8,0.3,17.3,23.1,28.8,23.1,2.0,11.9,14.0,1.0,0.8,0.3,-86.4,-57.1,-27.8,-57.1,2.0,60.7,14.0,1.0,0.8,0.3,61.3,69.1,76.8,69.1,2.0,16.0,14.0,1.0,0.8,0.3,-50.1,-32.2,-14.3,-32.2,2.0,37.1,14.0,1.0,0.8,0.3,33.7,33.8,33.8,33.8,2.0,0.1,14.0,1.0,0.8,0.3,-11.5,-9.1,-6.6,-9.1,2.0,5.1,14.0,1.0,0.8,0.3,11.1,19.2,27.3,19.2,2.0,16.8,14.0,1.0,0.8,0.3,54.0,132.5,353.5,202.5,3.0,227.5,18.0,1.0,0.8,0.5,55.0,135.0,355.0,200.0,3.0,230.0,18.0,1.0,0.8,0.5
1974,2,14.0,35.0,15.07,15.65,16.73,15.93,12.0,1.06,8.0,0.6,0.4,0.5,12.0,15.0,15.5,13.85,15.0,2.31,8.0,0.7,0.4,0.6,5.4,6.71,9.13,7.1,5.0,2.26,12.0,0.8,0.4,0.6,49.7,78.0,81.4,67.2,5.0,19.2,12.0,0.8,0.6,3.21,6.7,9.23,6.31,15.0,2.71,8.0,0.7,0.4,0.6,-0.34,3.94,7.25,3.45,15.0,3.79,8.0,0.7,0.4,0.6,-5.03,-0.69,5.01,-0.48,15.0,4.76,8.0,0.7,0.4,0.6,1010.99,1021.45,1025.1,1018.79,14.0,7.78,10.0,0.6,0.5,0.6,1.1,2.0,6.7,2.9,14.0,2.5,10.0,0.7,0.4,0.6,-0.3,20.8,61.4,25.4,15.0,33.7,8.0,0.7,0.4,0.6,-41.3,-2.8,28.2,-8.1,15.0,39.7,8.0,0.7,0.4,0.6,-0.08,2.0,3.08,2.04,11.0,2.11,10.0,0.5,0.5,0.5,2.6,10.9,27.8,16.1,10.0,15.1,10.0,0.5,0.5,0.5,2.25,2.88,5.34,3.78,3.0,2.39,12.0,0.7,0.3,0.4,17.1,20.1,24.7,20.9,3.0,5.6,12.0,0.7,0.3,0.4,-11.3,50.1,94.2,48.2,14.0,55.3,10.0,0.6,0.5,0.6,-76.7,-10.0,37.9,-9.6,14.0,66.3,10.0,0.6,0.5,0.6,18.9,23.9,48.3,33.7,5.0,26.2,12.0,0.8,0.4,0.6,-15.3,8.3,47.1,13.4,5.0,41.5,12.0,0.8,0.4,0.6,9.9,19.8,22.1,16.1,3.0,9.5,12.0,0.7,0.3,0.4,-8.0,3.5,11.2,1.6,3.0,14.2,12.0,0.7,0.3,0.4,33.5,301.0,787.5,379.0,15.0,346.5,8.0,0.7,0.4,0.6,35.0,300.0,790.0,380.0,15.0,345.0,8.0,0.7,0.4,0.6
1974,2,14.0,36.0,14.0,15.0,16.11,15.13,95.0,1.35,14.0,0.5,0.4,0.5,12.0,14.0,15.36,13.85,98.0,1.95,14.0,0.5,0.4,0.5,6.75,7.81,9.1,8.03,31.0,1.16,16.0,0.6,0.4,0.5,70.7,80.1,86.2,78.7,31.0,9.3,16.0,0.6,0.5,4.24,7.7,11.0,7.77,91.0,3.7,14.0,0.5,0.4,0.5,-4.47,3.46,8.93,2.53,91.0,6.46,14.0,0.5,0.4,0.5,-6.34,0.0,4.67,-0.7,91.0,5.11,14.0,0.5,0.4,0.5,1004.63,1012.6,1023.38,1013.5,96.0,8.75,14.0,0.5,0.4,0.5,0.0,5.0,7.6,4.2,92.0,2.8,14.0,0.5,0.4,0.5,-31.1,19.2,90.9,29.5,91.0,74.6,14.0,0.5,0.4,0.5,-55.5,0.0,31.6,-7.4,91.0,58.5,14.0,0.5,0.4,0.5,-0.5,1.3,3.11,1.35,92.0,2.33,14.0,0.5,0.4,0.5,-4.7,8.4,33.7,12.3,81.0,24.3,14.0,0.4,0.4,0.5,1.37,2.68,3.68,2.55,28.0,1.37,14.0,0.5,0.4,0.6,6.8,20.0,37.2,21.2,26.0,16.4,14.0,0.5,0.4,0.6,-63.9,44.8,124.5,37.9,87.0,88.2,14.0,0.5,0.4,0.5,-92.0,0.0,68.5,-9.8,87.0,67.9,14.0,0.5,0.4,0.5,-44.5,17.8,64.5,16.1,29.0,53.4,14.0,0.6,0.4,0.5,-50.9,5.4,33.8,-5.5,29.0,41.2,14.0,0.6,0.4,0.5,-17.9,0.6,24.8,4.0,26.0,21.3,14.0,0.5,0.4,0.6,-24.1,-1.6,7.5,-5.4,26.0,15.4,14.0,0.5,0.4,0.6,77.0,456.5,1331.0,805.0,91.0,1130.0,14.0,0.5,0.4,0.5,75.0,455.0,1330.0,805.0,91.0,1130.0,14.0,0.5,0.4,0.5
1974,2,14.0,37.0,15.41,15.65,15.89,15.65,2.0,0.49,4.0,1.0,0.3,0.1,12.85,13.6,14.35,13.6,2.0,1.56,4.0,1.0,0.3,0.1,6.0,6.0,6.0,6.0,1.0,0.0,8.0,1.0,0.3,0.1,66.3,66.3,66.3,66.3,1.0,0.0,8.0,1.0,0.1,7.66,10.8,13.94,10.8,2.0,6.51,4.0,1.0,0.3,0.1,3.35,8.24,13.13,8.24,2.0,10.13,4.0,1.0,0.3,0.1,0.97,3.05,5.14,3.05,2.0,4.32,4.0,1.0,0.3,0.1,1009.55,1019.35,1029.15,1019.35,2.0,20.29,4.0,1.0,0.3,0.1,1.8,3.5,5.2,3.5,2.0,3.5,4.0,1.0,0.3,0.1,43.3,121.9,200.6,121.9,2.0,163.0,4.0,1.0,0.3,0.1,6.0,18.9,31.8,18.9,2.0,26.8,4.0,1.0,0.3,0.1,1.54,2.05,2.56,2.05,2.0,1.06,4.0,1.0,0.3,0.1,13.6,25.6,37.6,25.6,2.0,24.8,4.0,1.0,0.3,0.1,4.88,4.88,4.88,4.88,1.0,0.0,8.0,1.0,0.3,0.1,75.1,75.1,75.1,75.1,1.0,0.0,8.0,1.0,0.3,0.1,43.9,104.2,164.5,104.2,2.0,124.9,4.0,1.0,0.3,0.1,14.2,44.9,75.5,44.9,2.0,63.5,4.0,1.0,0.3,0.1,92.3,92.3,92.3,92.3,1.0,0.0,8.0,1.0,0.3,0.1,0.0,0.0,0.0,0.0,1.0,0.0,8.0,1.0,0.3,0.1,75.1,75.1,75.1,75.1,1.0,0.0,8.0,1.0,0.3,0.1,0.0,0.0,0.0,0.0,1.0,0.0,8.0,1.0,0.3,0.1,780.0,1945.5,3110.5,1945.5,2.0,2414.0,4.0,1.0,0.3,0.1,780.0,1945.0,3110.0,1945.0,2.0,2415.0,4.0,1.0,0.3,0.1
1974,2,14.0,38.0,13.34,14.0,16.0,14.48,23.0,1.38,14.0,0.4,0.5,0.4,10.9,12.3,15.5,12.9,24.0,2.2,14.0,0.4,0.5,0.4,5.04,6.11,8.16,6.57,15.0,1.58,12.0,0.3,0.4,0.4,58.5,68.1,85.7,71.4,15.0,13.3,12.0,0.3,0.4,2.29,8.7,15.15,8.5,23.0,5.54,12.0,0.4,0.5,0.4,-1.55,2.96,11.08,4.14,23.0,7.25,12.0,0.4,0.5,0.4,-5.13,0.0,1.93,-1.13,23.0,5.88,12.0,0.4,0.5,0.4,998.83,1006.8,1016.87,1007.94,24.0,9.99,14.0,0.4,0.5,0.4,1.5,6.0,7.0,5.0,23.0,2.6,14.0,0.4,0.5,0.4,-9.9,15.4,128.7,53.9,23.0,110.2,12.0,0.4,0.5,0.4,-49.2,0.0,7.9,-9.9,23.0,83.1,12.0,0.4,0.5,0.4,-1.25,1.0,3.95,1.57,23.0,2.8,14.0,0.4,0.5,0.4,-6.2,7.0,32.3,11.4,22.0,22.4,12.0,0.4,0.5,0.4,2.29,3.89,5.31,3.58,14.0,1.74,12.0,0.4,0.4,0.4,20.9,30.9,78.0,41.5,13.0,25.6,10.0,0.4,0.4,0.5,-19.8,35.5,152.4,48.4,23.0,89.6,12.0,0.4,0.5,0.4,-61.6,0.0,21.8,-14.5,23.0,86.3,12.0,0.4,0.5,0.4,-5.5,37.1,79.6,41.1,14.0,43.2,10.0,0.4,0.4,0.4,-34.2,-12.3,12.5,-11.9,14.0,38.3,10.0,0.4,0.4,0.4,-3.0,23.7,76.8,29.2,13.0,33.3,10.0,0.4,0.4,0.5,-21.6,-3.9,6.0,-7.1,13.0,20.9,10.0,0.4,0.4,0.5,12.5,658.5,3483.0,1407.0,23.0,1950.5,12.0,0.4,0.5,0.4,15.0,660.0,3485.0,1405.0,23.0,1950.0,12.0,0.4,0.5,0.4
1974,2,14.0,39.0,13.7,14.2,15.0,14.43,20.0,1.14,12.0,0.5,0.4,0.4,12.25,13.0,15.0,13.53,21.0,1.81,12.0,0.5,0.4,0.4,6.42,7.05,7.74,7.16,11.0,0.88,10.0,0.4,0.4,0.4,67.8,77.3,81.6,76.1,11.0,6.8,10.0,0.4,0.4,4.47,7.7,9.45,7.17,18.0,3.25,12.0,0.4,0.4,0.4,-5.47,2.46,7.13,1.79,18.0,6.2,12.0,0.4,0.4,0.4,-5.82,-0.58,3.9,-0.94,18.0,4.72,12.0,0.4,0.4,0.4,1002.3,1010.5,1025.03,1011.22,19.0,10.25,10.0,0.4,0.3,0.4,2.0,6.0,8.0,5.0,19.0,2.8,12.0,0.5,0.4,0.4,-42.1,8.3,57.6,15.1,18.0,59.9,12.0,0.4,0.4,0.4,-47.4,-3.9,26.0,-13.4,18.0,43.6,12.0,0.4,0.4,0.4,-0.8,1.0,3.09,0.87,20.0,2.0,12.0,0.5,0.4,0.4,-5.6,7.7,23.2,7.4,17.0,15.8,10.0,0.4,0.4,0.4,2.75,3.05,3.59,2.99,11.0,0.94,10.0,0.4,0.4,0.4,20.3,22.1,32.2,24.4,10.0,9.5,10.0,0.4,0.4,0.4,-76.3,34.6,94.1,20.1,18.0,85.2,12.0,0.4,0.4,0.4,-70.9,-7.6,52.2,-10.2,18.0,61.1,12.0,0.4,0.4,0.4,-42.0,37.1,62.4,20.0,10.0,55.6,10.0,0.4,0.4,0.4,-32.0,-11.0,11.5,-10.7,10.0,23.4,10.0,0.4,0.4,0.4,-10.4,17.9,29.0,13.1,10.0,19.7,10.0,0.4,0.4,0.4,-12.7,-5.0,6.3,-4.8,10.0,12.2,10.0,0.4,0.4,0.4,100.5,456.5,845.5,568.0,18.0,566.5,12.0,0.4,0.4,0.4,100.0,455.0,845.0,570.0,18.0,565.0,12.0,0.4,0.4,0.4
1974,2,14.0,40.0,12.87,14.4,14.62,14.25,29.0,1.24,10.0,0.6,0.3,0.7,11.56,13.9,15.6,13.23,31.0,2.57,8.0,0.5,0.3,0.7,4.37,7.9,8.74,7.33,31.0,2.04,8.0,0.5,0.3,0.7,58.8,83.1,90.4,76.9,31.0,17.9,8.0,0.5,0.7,2.9,5.65,10.2,6.32,30.0,3.96,10.0,0.5,0.3,0.7,-3.72,-0.63,5.6,0.47,30.0,4.82,10.0,0.5,0.3,0.7,-3.03,2.52,7.59,2.44,30.0,5.22,10.0,0.5,0.3,0.7,1005.63,1008.8,1013.27,1009.05,31.0,7.24,8.0,0.5,0.3,0.7,2.0,6.0,8.0,5.0,28.0,2.8,10.0,0.6,0.3,0.7,-23.7,-1.6,45.3,11.8,30.0,54.5,10.0,0.5,0.3,0.7,-11.8,7.5,67.3,28.6,30.0,57.9,10.0,0.5,0.3,0.7,-1.7,0.5,2.76,0.93,29.0,3.07,10.0,0.6,0.3,0.7,-7.7,2.4,20.4,4.2,28.0,13.6,10.0,0.5,0.3,0.7,1.06,2.13,5.65,2.73,29.0,2.3,10.0,0.6,0.3,0.7,4.1,12.4,27.7,14.8,28.0,13.2,10.0,0.5,0.3,0.7,-51.3,-3.8,79.0,6.8,30.0,64.2,10.0,0.5,0.3,0.7,-29.4,32.1,107.5,36.1,30.0,71.4,10.0,0.5,0.3,0.7,-31.0,-2.9,45.0,4.8,30.0,39.0,10.0,0.5,0.3,0.7,-16.1,18.0,66.4,24.6,30.0,41.1,10.0,0.5,0.3,0.7,-5.1,-1.0,12.5,1.7,28.0,12.2,10.0,0.5,0.3,0.7,-15.2,0.5,11.4,-0.9,28.0,15.7,10.0,0.5,0.3,0.7,25.0,185.5,1068.0,587.5,30.0,955.5,10.0,0.5,0.3,0.7,25.0,185.0,1070.0,590.0,30.0,955.0,10.0,0.5,0.3,0.7
1974,2,14.0,42.0,,,,,,,,,,,,,,,,,,,,,,,,,,,,,,,,,,,,,,,,6.0,6.0,6.0,6.0,1.0,0.0,26.0,1.0,0.7,0.4,5.64,5.64,5.64,5.64,1.0,0.0,26.0,1.0,0.7,0.4,-2.05,-2.05,-2.05,-2.05,1.0,0.0,26.0,1.0,0.7,0.4,1017.0,1017.0,1017.0,1017.0,1.0,0.0,26.0,1.0,0.7,0.4,,,,,,,,,,,,,,,,,,,,,,,,,,,,,,,,,,,,,,,,,,,,,,,,,,,,,,,,,,,,,,,,,,,,,,,,,,,,,,,,,,,,,,,,,,,,,,,,,,,,,,,,,,,,,,,,,,,,,,,,,,,,,,,,,,,,,,,,,,,,,,,,,,,,,,
1974,2,14.0,43.0,13.0,13.8,14.33,13.55,22.0,1.07,12.0,0.4,0.6,0.5,10.67,12.35,13.83,12.32,22.0,1.57,12.0,0.4,0.6,0.5,6.28,7.64,8.16,7.35,6.0,0.9,10.0,0.2,0.5,0.4,74.6,79.8,83.5,79.1,6.0,5.4,10.0,0.2,0.4,3.0,4.6,8.0,5.29,20.0,2.89,12.0,0.4,0.6,0.5,-4.5,-1.32,2.92,-1.38,20.0,4.2,12.0,0.4,0.6,0.5,-1.74,2.8,5.36,2.45,20.0,3.44,12.0,0.4,0.6,0.5,1003.37,1008.95,1022.2,1009.98,22.0,9.38,12.0,0.4,0.6,0.5,2.7,4.5,7.3,4.8,18.0,2.1,12.0,0.4,0.6,0.5,-32.8,-4.4,8.8,-13.1,20.0,35.5,12.0,0.4,0.6,0.5,-6.9,11.8,37.5,16.9,20.0,28.9,12.0,0.4,0.6,0.5,-0.63,1.15,3.3,1.23,22.0,1.81,12.0,0.4,0.6,0.5,-4.6,5.6,13.3,5.2,20.0,11.0,12.0,0.4,0.6,0.5,1.18,2.15,3.74,2.42,6.0,1.32,10.0,0.2,0.5,0.4,5.0,10.8,14.9,10.3,6.0,4.7,10.0,0.2,0.5,0.4,-56.6,-15.2,35.6,-18.9,20.0,50.7,12.0,0.4,0.6,0.5,-19.6,36.7,67.4,33.1,20.0,44.7,12.0,0.4,0.6,0.5,-27.6,-4.4,7.1,-6.9,6.0,18.6,10.0,0.2,0.5,0.4,19.4,23.2,39.2,31.3,6.0,21.9,10.0,0.2,0.5,0.4,-3.7,-1.3,4.5,0.6,6.0,5.7,10.0,0.2,0.5,0.4,4.5,9.5,12.1,9.0,6.0,4.5,10.0,0.2,0.5,0.4,27.0,97.5,512.0,283.0,20.0,377.0,12.0,0.4,0.6,0.5,25.0,95.0,510.0,285.0,20.0,375.0,12.0,0.4,0.6,0.5
1974,2,14.0,44.0,12.0,13.0,14.0,13.0,27.0,1.57,14.0,0.4,0.4,0.4,9.12,11.25,14.0,11.45,30.0,2.13,16.0,0.4,0.4,0.4,4.74,6.32,7.17,5.97,4.0,1.74,20.0,0.3,0.4,0.2,61.0,79.9,89.2,75.3,4.0,20.1,20.0,0.3,0.2,0.97,4.6,6.7,4.3,26.0,3.18,16.0,0.3,0.4,0.4,-4.31,-1.67,0.0,-1.7,26.0,3.45,16.0,0.3,0.4,0.4,-2.61,1.44,3.52,1.01,26.0,3.66,16.0,0.3,0.4,0.4,1006.66,1011.75,1020.1,1012.18,30.0,7.9,16.0,0.4,0.4,0.4,0.0,3.0,8.0,3.7,30.0,3.0,16.0,0.4,0.4,0.4,-20.2,-9.0,0.0,-8.0,26.0,34.3,16.0,0.3,0.4,0.4,-7.4,3.7,16.2,5.7,26.0,30.6,16.0,0.3,0.4,0.4,-0.67,1.3,3.0,1.36,27.0,2.17,14.0,0.4,0.4,0.4,-0.9,3.6,19.7,6.5,24.0,11.0,14.0,0.3,0.4,0.4,1.41,2.26,4.57,2.97,3.0,2.4,18.0,0.3,0.5,0.1,0.8,2.6,7.9,4.3,3.0,5.4,18.0,0.3,0.5,0.1,-45.8,-18.0,0.0,-18.7,26.0,37.0,16.0,0.3,0.4,0.4,-26.6,14.3,52.9,13.9,26.0,41.2,16.0,0.3,0.4,0.4,-15.5,0.0,11.0,-2.2,3.0,19.5,18.0,0.3,0.5,0.1,1.9,5.9,20.3,11.0,3.0,14.2,18.0,0.3,0.5,0.1,-4.6,0.0,1.7,-1.4,3.0,4.7,18.0,0.3,0.5,0.1,0.3,0.9,5.7,3.0,3.0,4.4,18.0,0.3,0.5,0.1,1.0,97.5,301.0,227.0,26.0,452.5,16.0,0.3,0.4,0.4,0.0,95.0,300.0,225.0,26.0,455.0,16.0,0.3,0.4,0.4
1974,2,14.0,45.0,11.63,12.0,13.5,12.4,5.0,1.08,18.0,0.6,0.2,0.1,12.17,15.0,15.37,13.8,5.0,2.77,18.0,0.6,0.2,0.1,6.04,6.04,6.04,6.04,1.0,0.0,28.0,0.0,0.2,0.1,86.1,86.1,86.1,86.1,1.0,0.0,28.0,0.0,0.1,0.0,1.0,3.33,1.64,5.0,1.97,18.0,0.6,0.2,0.1,-0.16,0.0,0.57,0.22,5.0,0.78,18.0,0.6,0.2,0.1,-1.57,0.0,1.58,0.15,5.0,2.56,18.0,0.6,0.2,0.1,1004.8,1011.5,1019.63,1011.62,5.0,11.67,18.0,0.6,0.2,0.1,2.3,3.0,5.5,3.8,5.0,2.6,18.0,0.6,0.2,0.1,-0.4,0.0,2.6,1.2,5.0,3.4,18.0,0.6,0.2,0.1,-3.1,0.0,7.3,2.4,5.0,10.1,18.0,0.6,0.2,0.1,-2.68,-2.0,-0.22,-1.4,5.0,1.98,18.0,0.6,0.2,0.1,-4.3,0.0,1.9,-1.1,5.0,5.2,18.0,0.6,0.2,0.1,1.99,1.99,1.99,1.99,1.0,0.0,28.0,0.0,0.2,0.1,5.2,5.2,5.2,5.2,1.0,0.0,28.0,0.0,0.2,0.1,-1.5,0.0,8.0,3.6,5.0,10.5,18.0,0.6,0.2,0.1,-17.9,0.0,22.1,4.5,5.0,32.9,18.0,0.6,0.2,0.1,-2.7,-2.7,-2.7,-2.7,1.0,0.0,28.0,0.0,0.2,0.1,-15.5,-15.5,-15.5,-15.5,1.0,0.0,28.0,0.0,0.2,0.1,-0.9,-0.9,-0.9,-0.9,1.0,0.0,28.0,0.0,0.2,0.1,-5.1,-5.1,-5.1,-5.1,1.0,0.0,28.0,0.0,0.2,0.1,0.0,1.0,46.5,23.0,5.0,42.0,18.0,0.6,0.2,0.1,0.0,0.0,45.0,25.0,5.0,40.0,18.0,0.6,0.2,0.1
1974,2,14.0,54.0,2.48,3.0,4.57,3.5,4.0,1.73,14.0,0.5,0.6,0.6,1.91,2.9,4.57,3.23,4.0,2.04,14.0,0.5,0.6,0.6,3.18,3.18,3.18,3.18,1.0,0.0,26.0,1.0,0.9,0.7,70.7,70.7,70.7,70.7,1.0,0.0,26.0,1.0,0.7,2.79,5.0,8.05,5.4,4.0,3.12,14.0,0.5,0.6,0.6,-2.77,-1.28,2.36,-0.25,4.0,3.43,14.0,0.5,0.6,0.6,0.01,2.94,7.27,3.61,4.0,4.4,14.0,0.5,0.6,0.6,995.07,995.9,1018.68,1006.38,4.0,21.89,14.0,0.5,0.6,0.6,7.2,7.5,7.8,7.5,2.0,0.7,18.0,1.0,0.6,0.6,-7.8,-3.3,16.5,4.0,4.0,18.7,14.0,0.5,0.6,0.6,0.1,19.5,60.3,29.7,4.0,38.5,14.0,0.5,0.6,0.6,-1.95,-0.4,2.57,0.28,4.0,3.33,14.0,0.5,0.6,0.6,-12.0,-1.0,7.7,-2.1,4.0,14.6,14.0,0.5,0.6,0.6,1.07,1.07,1.07,1.07,1.0,0.0,26.0,1.0,0.9,0.7,2.8,2.8,2.8,2.8,1.0,0.0,26.0,1.0,0.9,0.7,-5.3,-1.6,14.1,4.1,4.0,15.5,14.0,0.5,0.6,0.6,-0.4,13.8,29.7,14.6,4.0,17.4,14.0,0.5,0.6,0.6,-8.1,-8.1,-8.1,-8.1,1.0,0.0,26.0,1.0,0.9,0.7,-1.4,-1.4,-1.4,-1.4,1.0,0.0,26.0,1.0,0.9,0.7,-2.8,-2.8,-2.8,-2.8,1.0,0.0,26.0,1.0,0.9,0.7,-0.5,-0.5,-0.5,-0.5,1.0,0.0,26.0,1.0,0.9,0.7,22.0,185.0,545.0,279.0,4.0,336.0,14.0,0.5,0.6,0.6,20.0,185.0,545.0,280.0,4.0,335.0,14.0,0.5,0.6,0.6
1974,2,14.0,55.0,2.0,3.0,4.5,3.46,32.0,1.28,16.0,0.3,0.4,0.3,1.08,2.5,4.02,2.58,31.0,1.42,16.0,0.3,0.4,0.3,4.82,4.82,4.82,4.82,1.0,0.0,2.0,0.0,0.4,0.3,96.5,96.5,96.5,96.5,1.0,0.0,2.0,0.0,0.3,3.0,7.0,11.08,7.28,32.0,4.23,16.0,0.3,0.4,0.3,-6.9,-0.43,2.43,-1.68,32.0,5.97,16.0,0.3,0.4,0.3,-2.44,0.0,7.69,2.17,32.0,5.41,16.0,0.3,0.4,0.3,993.86,1015.2,1032.67,1013.42,33.0,17.66,16.0,0.3,0.4,0.3,2.1,7.5,8.0,5.7,18.0,3.1,20.0,0.3,0.5,0.3,-62.2,-0.4,9.1,-10.3,32.0,72.6,16.0,0.3,0.4,0.3,-17.9,0.0,65.0,23.2,32.0,63.2,16.0,0.3,0.4,0.3,-1.0,1.0,2.62,0.9,31.0,1.91,16.0,0.3,0.4,0.3,-8.8,3.3,19.9,5.4,30.0,17.1,18.0,0.3,0.4,0.3,0.35,0.35,0.35,0.35,1.0,0.0,2.0,0.0,0.4,0.3,0.7,0.7,0.7,0.7,1.0,0.0,2.0,0.0,0.4,0.3,-19.1,-2.4,6.8,-5.7,30.0,15.0,18.0,0.3,0.4,0.3,-7.1,0.0,26.1,7.2,30.0,21.1,18.0,0.3,0.4,0.3,6.5,6.5,6.5,6.5,1.0,0.0,2.0,0.0,0.4,0.3,7.8,7.8,7.8,7.8,1.0,0.0,2.0,0.0,0.4,0.3,0.5,0.5,0.5,0.5,1.0,0.0,2.0,0.0,0.4,0.3,0.6,0.6,0.6,0.6,1.0,0.0,2.0,0.0,0.4,0.3,27.0,343.0,1363.0,782.0,32.0,1096.5,16.0,0.3,0.4,0.3,25.0,345.0,1365.0,780.0,32.0,1095.0,16.0,0.3,0.4,0.3
1974,2,14.0,56.0,,,,,,,,,,,,,,,,,,,,,,,,,,,,,,,,,,,,,,,,8.0,8.0,8.0,8.0,1.0,0.0,4.0,0.0,0.6,0.4,2.74,2.74,2.74,2.74,1.0,0.0,4.0,0.0,0.6,0.4,7.52,7.52,7.52,7.52,1.0,0.0,4.0,0.0,0.6,0.4,1014.3,1014.3,1014.3,1014.3,1.0,0.0,4.0,0.0,0.6,0.4,,,,,,,,,,,,,,,,,,,,,,,,,,,,,,,,,,,,,,,,,,,,,,,,,,,,,,,,,,,,,,,,,,,,,,,,,,,,,,,,,,,,,,,,,,,,,,,,,,,,,,,,,,,,,,,,,,,,,,,,,,,,,,,,,,,,,,,,,,,,,,,,,,,,,,
1974,2,14.0,67.0,3.91,4.35,4.79,4.35,2.0,0.92,16.0,0.0,0.3,0.8,1.8,3.1,4.4,3.1,2.0,2.69,16.0,0.0,0.3,0.8,4.91,4.91,4.91,4.91,1.0,0.0,22.0,0.0,0.1,0.7,88.1,88.1,88.1,88.1,1.0,0.0,22.0,0.0,0.7,7.56,12.85,18.14,12.85,2.0,10.96,16.0,0.0,0.3,0.8,-0.66,4.98,10.62,4.98,2.0,11.68,16.0,0.0,0.3,0.8,-0.78,5.94,12.66,5.94,2.0,13.92,16.0,0.0,0.3,0.8,981.33,982.05,982.77,982.05,2.0,1.48,16.0,0.0,0.3,0.8,8.0,8.0,8.0,8.0,1.0,0.0,22.0,0.0,0.1,0.7,29.2,128.0,226.8,128.0,2.0,204.7,16.0,0.0,0.3,0.8,34.8,152.6,270.3,152.6,2.0,244.0,16.0,0.0,0.3,0.8,0.4,1.25,2.1,1.25,2.0,1.77,16.0,0.0,0.3,0.8,2.0,6.4,10.7,6.4,2.0,9.0,16.0,0.0,0.3,0.8,0.66,0.66,0.66,0.66,1.0,0.0,22.0,0.0,0.1,0.7,13.7,13.7,13.7,13.7,1.0,0.0,22.0,0.0,0.1,0.7,7.2,31.1,55.1,31.1,2.0,49.6,16.0,0.0,0.3,0.8,8.6,37.1,65.6,37.1,2.0,59.1,16.0,0.0,0.3,0.8,65.0,65.0,65.0,65.0,1.0,0.0,22.0,0.0,0.1,0.7,77.5,77.5,77.5,77.5,1.0,0.0,22.0,0.0,0.1,0.7,8.8,8.8,8.8,8.8,1.0,0.0,22.0,0.0,0.1,0.7,10.5,10.5,10.5,10.5,1.0,0.0,22.0,0.0,0.1,0.7,1499.0,4437.0,7375.5,4437.0,2.0,6087.5,16.0,0.0,0.3,0.8,1500.0,4435.0,7375.0,4435.0,2.0,6090.0,16.0,0.0,0.3,0.8
1974,2,14.0,68.0,,,,,,,,,,,,,,,,,,,,,,,,,,,,,,,,,,,,,,,,2.7,8.5,14.3,8.5,2.0,12.02,22.0,0.0,0.3,0.8,0.47,1.48,2.48,1.48,2.0,2.09,22.0,0.0,0.3,0.8,2.66,8.37,14.08,8.37,2.0,11.84,22.0,0.0,0.3,0.8,1004.51,1011.85,1019.19,1011.85,2.0,15.2,22.0,0.0,0.3,0.8,,,,,,,,,,,,,,,,,,,,,,,,,,,,,,,,,,,,,,,,,,,,,,,,,,,,,,,,,,,,,,,,,,,,,,,,,,,,,,,,,,,,,,,,,,,,,,,,,,,,,,,,,,,,,,,,,,,,,,,,,,,,,,,,,,,,,,,,,,,,,,,,,,,,,,
1974,2,14.0,69.0,4.78,5.95,6.56,5.56,18.0,1.05,10.0,0.2,0.4,0.3,-0.5,1.75,2.8,1.07,20.0,2.06,10.0,0.2,0.4,0.3,3.42,3.68,3.77,3.6,3.0,0.27,12.0,0.0,0.3,0.1,88.1,89.1,96.5,92.2,3.0,6.7,12.0,0.0,0.1,6.47,8.7,11.83,9.39,19.0,4.28,10.0,0.2,0.4,0.3,-7.15,-4.1,8.88,-0.66,19.0,8.09,10.0,0.2,0.4,0.3,-5.13,-0.69,6.92,0.86,19.0,6.7,10.0,0.2,0.4,0.3,988.09,995.5,1007.48,996.35,21.0,10.0,10.0,0.2,0.4,0.3,4.6,7.0,8.0,5.8,13.0,2.6,10.0,0.2,0.5,0.3,-57.0,-25.6,91.5,12.5,19.0,112.5,10.0,0.2,0.4,0.3,-51.1,-2.8,59.9,20.0,19.0,108.7,10.0,0.2,0.4,0.3,2.82,4.0,7.23,4.8,17.0,2.26,10.0,0.2,0.4,0.3,21.8,36.0,48.1,39.4,15.0,20.5,10.0,0.2,0.4,0.3,1.99,2.58,2.76,2.38,3.0,0.59,12.0,0.0,0.3,0.1,17.0,22.5,27.9,22.5,2.0,11.3,14.0,0.0,0.4,0.1,-9.8,4.7,23.3,6.6,18.0,15.4,10.0,0.2,0.4,0.3,-10.6,0.0,21.5,4.2,18.0,15.2,10.0,0.2,0.4,0.3,-8.0,10.5,29.0,10.5,2.0,38.3,14.0,0.0,0.4,0.1,1.0,9.4,17.8,9.4,2.0,17.4,14.0,0.0,0.4,0.1,-7.8,6.1,19.9,6.1,2.0,28.8,14.0,0.0,0.4,0.1,0.3,6.4,12.4,6.4,2.0,12.6,14.0,0.0,0.4,0.1,276.5,658.5,1655.0,1445.0,19.0,2749.0,10.0,0.2,0.4,0.3,275.0,660.0,1655.0,1445.0,19.0,2750.0,10.0,0.2,0.4,0.3
1974,2,14.0,70.0,5.9,5.9,5.9,5.9,1.0,0.0,16.0,0.0,0.9,0.9,0.59,1.85,3.11,1.85,2.0,2.62,8.0,0.0,0.6,0.5,3.82,3.82,3.82,3.82,1.0,0.0,16.0,0.0,0.9,0.9,76.8,76.8,76.8,76.8,1.0,0.0,16.0,0.0,0.9,5.92,7.9,9.88,7.9,2.0,4.1,8.0,0.0,0.6,0.5,-1.14,0.08,1.31,0.08,2.0,2.54,8.0,0.0,0.6,0.5,-2.26,2.97,8.2,2.97,2.0,10.84,8.0,0.0,0.6,0.5,1001.41,1001.85,1002.29,1001.85,2.0,0.92,8.0,0.0,0.6,0.5,6.0,6.0,6.0,6.0,2.0,0.0,8.0,0.0,0.6,0.5,-4.0,5.9,15.7,5.9,2.0,20.4,8.0,0.0,0.6,0.5,-1.5,45.7,92.9,45.7,2.0,97.8,8.0,0.0,0.6,0.5,2.2,2.2,2.2,2.2,1.0,0.0,16.0,0.0,0.9,0.9,23.8,23.8,23.8,23.8,1.0,0.0,16.0,0.0,0.9,0.9,1.99,1.99,1.99,1.99,1.0,0.0,16.0,0.0,0.9,0.9,21.5,21.5,21.5,21.5,1.0,0.0,16.0,0.0,0.9,0.9,1.1,3.5,5.8,3.5,2.0,4.9,8.0,0.0,0.6,0.5,6.2,19.7,33.1,19.7,2.0,27.8,8.0,0.0,0.6,0.5,7.2,7.2,7.2,7.2,1.0,0.0,16.0,0.0,0.9,0.9,40.7,40.7,40.7,40.7,1.0,0.0,16.0,0.0,0.9,0.9,3.7,3.7,3.7,3.7,1.0,0.0,16.0,0.0,0.9,0.9,21.2,21.2,21.2,21.2,1.0,0.0,16.0,0.0,0.9,0.9,305.0,692.5,1079.5,692.5,2.0,802.5,8.0,0.0,0.6,0.5,305.0,690.0,1080.0,690.0,2.0,800.0,8.0,0.0,0.6,0.5
1974,2,14.0,71.0,5.32,5.35,5.38,5.35,2.0,0.07,18.0,0.0,0.1,0.3,2.88,3.7,4.52,3.7,2.0,1.7,18.0,0.0,0.1,0.3,3.8,3.8,3.8,3.8,1.0,0.0,16.0,0.0,0.2,0.5,70.1,70.1,70.1,70.1,1.0,0.0,16.0,0.0,0.5,7.68,9.15,10.62,9.15,2.0,3.04,18.0,0.0,0.1,0.3,-3.79,-2.25,-0.71,-2.25,2.0,3.18,18.0,0.0,0.1,0.3,6.3,8.33,10.36,8.33,2.0,4.2,18.0,0.0,0.1,0.3,993.07,995.8,998.53,995.8,2.0,5.66,18.0,0.0,0.1,0.3,3.0,5.0,7.0,5.0,2.0,4.2,18.0,0.0,0.1,0.3,-26.5,-15.7,-5.0,-15.7,2.0,22.3,18.0,0.0,0.1,0.3,51.8,82.6,113.4,82.6,2.0,63.7,18.0,0.0,0.1,0.3,0.87,1.65,2.43,1.65,2.0,1.63,18.0,0.0,0.1,0.3,7.9,12.6,17.4,12.6,2.0,9.9,18.0,0.0,0.1,0.3,1.82,1.82,1.82,1.82,1.0,0.0,16.0,0.0,0.2,0.5,20.6,20.6,20.6,20.6,1.0,0.0,16.0,0.0,0.2,0.5,-9.5,-5.6,-1.8,-5.6,2.0,8.0,18.0,0.0,0.1,0.3,20.1,34.4,48.7,34.4,2.0,29.7,18.0,0.0,0.1,0.3,0.0,0.0,0.0,0.0,1.0,0.0,16.0,0.0,0.2,0.5,42.9,42.9,42.9,42.9,1.0,0.0,16.0,0.0,0.2,0.5,0.0,0.0,0.0,0.0,1.0,0.0,16.0,0.0,0.2,0.5,20.6,20.6,20.6,20.6,1.0,0.0,16.0,0.0,0.2,0.5,517.5,893.0,1268.5,893.0,2.0,777.5,18.0,0.0,0.1,0.3,520.0,895.0,1270.0,895.0,2.0,780.0,18.0,0.0,0.1,0.3
1974,2,14.0,73.0,,,,,,,,,,,,,,,,,,,,,,,,,,,,,,,,,,,,,,,,7.0,7.0,7.0,7.0,1.0,0.0,24.0,1.0,0.4,0.5,5.36,5.36,5.36,5.36,1.0,0.0,24.0,1.0,0.4,0.5,4.5,4.5,4.5,4.5,1.0,0.0,24.0,1.0,0.4,0.5,986.9,986.9,986.9,986.9,1.0,0.0,24.0,1.0,0.4,0.5,,,,,,,,,,,,,,,,,,,,,,,,,,,,,,,,,,,,,,,,,,,,,,,,,,,,,,,,,,,,,,,,,,,,,,,,,,,,,,,,,,,,,,,,,,,,,,,,,,,,,,,,,,,,,,,,,,,,,,,,,,,,,,,,,,,,,,,,,,,,,,,,,,,,,,
1974,2,14.0,74.0,0.74,1.95,4.93,2.61,8.0,1.94,8.0,0.5,0.5,0.7,-10.33,-9.0,-2.75,-6.44,7.0,5.5,8.0,0.4,0.4,0.6,4.83,4.83,4.83,4.83,1.0,0.0,26.0,0.0,0.3,0.5,91.2,91.2,91.2,91.2,1.0,0.0,26.0,0.0,0.5,6.95,17.0,17.05,14.0,7.0,5.16,6.0,0.6,0.5,0.7,-15.6,-14.72,-5.25,-11.98,7.0,5.39,6.0,0.6,0.5,0.7,-8.52,-8.5,-4.42,-6.71,7.0,2.5,6.0,0.6,0.5,0.7,1005.43,1008.85,1015.19,1006.96,8.0,10.99,8.0,0.5,0.5,0.7,8.0,8.0,8.0,8.0,3.0,0.0,12.0,0.7,0.5,0.7,-253.5,-250.3,-36.6,-191.3,7.0,112.4,6.0,0.6,0.5,0.7,-145.3,-144.5,-31.5,-100.4,7.0,61.0,6.0,0.6,0.5,0.7,,,,,,,,,,,,,,,,,,,,,,,,,,,,,,,,,,,,,,,,,,,,,,,,,,,,,,,,,,,,,,,,,,,,,,,,,,,,,,,,,,,,,,,,,,,,,,,,,,,,,,,,,,,,,,,,,,,,,,,,
1974,2,14.0,75.0,1.0,2.75,4.5,2.69,80.0,1.65,2.0,0.2,0.5,0.6,-8.2,-2.0,0.84,-2.78,85.0,3.95,2.0,0.2,0.5,0.6,2.62,2.62,2.62,2.62,1.0,0.0,24.0,0.0,0.6,0.3,74.8,74.8,74.8,74.8,1.0,0.0,24.0,0.0,0.3,5.0,8.0,12.0,8.42,106.0,4.2,2.0,0.2,0.5,0.6,-8.64,-3.86,0.0,-3.81,106.0,4.04,2.0,0.2,0.5,0.6,-10.0,-6.0,-0.12,-5.52,106.0,5.25,2.0,0.2,0.5,0.6,999.73,1005.4,1020.6,1008.81,110.0,9.06,2.0,0.2,0.5,0.6,3.0,7.0,8.0,5.9,60.0,2.5,2.0,0.4,0.5,0.6,-93.0,-23.1,0.0,-40.3,106.0,56.2,2.0,0.2,0.5,0.6,-121.0,-46.0,-0.1,-58.6,106.0,76.2,2.0,0.2,0.5,0.6,1.6,4.25,12.0,5.69,64.0,4.75,2.0,0.2,0.5,0.6,10.3,37.8,74.3,44.2,61.0,47.2,2.0,0.2,0.5,0.6,2.89,2.89,2.89,2.89,1.0,0.0,24.0,0.0,0.6,0.3,34.0,34.0,34.0,34.0,1.0,0.0,24.0,0.0,0.6,0.3,-3.4,0.0,37.9,9.8,81.0,24.2,2.0,0.2,0.5,0.6,-10.4,7.9,26.0,9.6,81.0,30.7,2.0,0.2,0.5,0.6,-29.1,-29.1,-29.1,-29.1,1.0,0.0,24.0,0.0,0.6,0.3,10.6,10.6,10.6,10.6,1.0,0.0,24.0,0.0,0.6,0.3,-32.0,-32.0,-32.0,-32.0,1.0,0.0,24.0,0.0,0.6,0.3,11.6,11.6,11.6,11.6,1.0,0.0,24.0,0.0,0.6,0.3,125.0,512.0,1728.0,1056.0,106.0,1382.5,2.0,0.2,0.5,0.6,125.0,510.0,1730.0,1055.0,106.0,1385.0,2.0,0.2,0.5,0.6
1974,2,14.0,76.0,,,,,,,,,,,,,,,,,,,,,,,,,,,,,,,,,,,,,,,,6.0,7.0,8.73,8.0,9.0,2.83,2.0,0.0,0.5,0.0,-2.93,-2.05,1.47,-1.91,9.0,4.12,2.0,0.0,0.5,0.0,-8.5,-7.0,-5.32,-5.85,9.0,4.53,2.0,0.0,0.5,0.0,1000.7,1001.3,1016.61,1006.01,9.0,8.57,2.0,0.0,0.5,0.0,,,,,,,,,,,,,,,,,,,,,,,,,,,,,,,,,,,,,,,,,,,,,,,,,,,,,,,,,,,,,,,,,,,,,,,,,,,,,,,,,,,,,,,,,,,,,,,,,,,,,,,,,,,,,,,,,,,,,,,,,,,,,,,,,,,,,,,,,,,,,,,,,,,,,,
1974,2,15.0,-70.0,0.22,0.25,0.28,0.25,2.0,0.07,8.0,1.0,0.8,0.6,-3.9,-3.7,-3.5,-3.7,2.0,0.42,8.0,1.0,0.8,0.6,2.77,2.77,2.77,2.77,1.0,0.0,8.0,1.0,0.9,0.6,93.4,93.4,93.4,93.4,1.0,0.0,8.0,1.0,0.6,12.4,12.6,12.8,12.6,2.0,0.42,8.0,1.0,0.8,0.6,-10.78,-9.93,-9.09,-9.93,2.0,1.75,8.0,1.0,0.8,0.6,6.81,7.57,8.34,7.57,2.0,1.59,8.0,1.0,0.8,0.6,961.82,962.3,962.78,962.3,2.0,0.99,8.0,1.0,0.8,0.6,8.0,8.0,8.0,8.0,1.0,0.0,8.0,1.0,0.9,0.6,-138.2,-125.5,-112.9,-125.5,2.0,26.3,8.0,1.0,0.8,0.6,87.0,95.1,103.2,95.1,2.0,16.8,8.0,1.0,0.8,0.6,3.71,3.95,4.19,3.95,2.0,0.49,8.0,1.0,0.8,0.6,46.1,49.9,53.7,49.9,2.0,7.9,8.0,1.0,0.8,0.6,1.3,1.3,1.3,1.3,1.0,0.0,8.0,1.0,0.9,0.6,16.8,16.8,16.8,16.8,1.0,0.0,8.0,1.0,0.9,0.6,32.0,37.1,42.3,37.1,2.0,10.7,8.0,1.0,0.8,0.6,-29.0,-27.7,-26.4,-27.7,2.0,2.7,8.0,1.0,0.8,0.6,-30.9,-30.9,-30.9,-30.9,1.0,0.0,8.0,1.0,0.9,0.6,17.8,17.8,17.8,17.8,1.0,0.0,8.0,1.0,0.9,0.6,-14.5,-14.5,-14.5,-14.5,1.0,0.0,8.0,1.0,0.9,0.6,8.4,8.4,8.4,8.4,1.0,0.0,8.0,1.0,0.9,0.6,1906.0,2004.0,2101.5,2004.0,2.0,202.0,8.0,1.0,0.8,0.6,1905.0,2005.0,2100.0,2005.0,2.0,200.0,8.0,1.0,0.8,0.6
1974,2,15.0,-67.0,,,,,,,,,,,,,,,,,,,,,,,,,,,,,,,,,,,,,,,,5.7,5.7,5.7,5.7,1.0,0.0,26.0,1.0,0.4,0.5,-2.85,-2.85,-2.85,-2.85,1.0,0.0,26.0,1.0,0.4,0.5,4.94,4.94,4.94,4.94,1.0,0.0,26.0,1.0,0.4,0.5,977.0,977.0,977.0,977.0,1.0,0.0,26.0,1.0,0.4,0.5,,,,,,,,,,,,,,,,,,,,,,,,,,,,,,,,,,,,,,,,,,,,,,,,,,,,,,,,,,,,,,,,,,,,,,,,,,,,,,,,,,,,,,,,,,,,,,,,,,,,,,,,,,,,,,,,,,,,,,,,,,,,,,,,,,,,,,,,,,,,,,,,,,,,,,
1974,2,15.0,-47.0,,,,,,,,,,,,,,,,,,,,,,,,,,,,,,,,,,,,,,,,12.3,12.3,12.3,12.3,1.0,0.0,18.0,1.0,0.7,0.9,12.3,12.3,12.3,12.3,1.0,0.0,18.0,1.0,0.7,0.9,0.0,0.0,0.0,0.0,1.0,0.0,18.0,1.0,0.7,0.9,998.0,998.0,998.0,998.0,1.0,0.0,18.0,1.0,0.7,0.9,,,,,,,,,,,,,,,,,,,,,,,,,,,,,,,,,,,,,,,,,,,,,,,,,,,,,,,,,,,,,,,,,,,,,,,,,,,,,,,,,,,,,,,,,,,,,,,,,,,,,,,,,,,,,,,,,,,,,,,,,,,,,,,,,,,,,,,,,,,,,,,,,,,,,,
1974,2,15.0,-39.0,19.63,19.9,20.17,19.9,2.0,0.57,20.0,0.0,0.4,0.6,18.14,18.45,18.76,18.45,2.0,0.64,20.0,0.0,0.4,0.6,9.57,9.72,9.87,9.72,2.0,0.31,20.0,0.0,0.4,0.6,73.8,74.1,74.4,74.1,2.0,0.6,20.0,0.0,0.6,0.49,1.55,2.61,1.55,2.0,2.19,20.0,0.0,0.4,0.6,-2.26,-1.34,-0.43,-1.34,2.0,1.9,20.0,0.0,0.4,0.6,-1.3,-0.77,-0.25,-0.77,2.0,1.1,20.0,0.0,0.4,0.6,1016.42,1016.45,1016.48,1016.45,2.0,0.07,20.0,0.0,0.4,0.6,0.2,0.5,0.8,0.5,2.0,0.7,20.0,0.0,0.4,0.6,-7.0,-4.2,-1.3,-4.2,2.0,5.9,20.0,0.0,0.4,0.6,-4.0,-2.4,-0.8,-2.4,2.0,3.4,20.0,0.0,0.4,0.6,1.42,1.45,1.48,1.45,2.0,0.07,20.0,0.0,0.4,0.6,0.7,2.3,3.9,2.3,2.0,3.3,20.0,0.0,0.4,0.6,4.59,4.69,4.78,4.69,2.0,0.19,20.0,0.0,0.4,0.6,2.2,7.1,11.9,7.1,2.0,10.0,20.0,0.0,0.4,0.6,-40.7,-24.2,-7.7,-24.2,2.0,34.2,20.0,0.0,0.4,0.6,-23.5,-13.9,-4.4,-13.9,2.0,19.7,20.0,0.0,0.4,0.6,-21.5,-12.8,-4.0,-12.8,2.0,18.0,20.0,0.0,0.4,0.6,-12.4,-7.4,-2.3,-7.4,2.0,10.4,20.0,0.0,0.4,0.6,-10.3,-6.1,-1.9,-6.1,2.0,8.6,20.0,0.0,0.4,0.6,-5.9,-3.5,-1.1,-3.5,2.0,5.0,20.0,0.0,0.4,0.6,4.5,15.0,25.0,15.0,2.0,21.0,20.0,0.0,0.4,0.6,5.0,15.0,25.0,15.0,2.0,20.0,20.0,0.0,0.4,0.6
1974,2,15.0,-37.0,21.56,21.7,22.93,22.23,3.0,1.1,14.0,1.0,0.6,0.9,20.82,21.2,21.44,21.12,5.0,0.4,16.0,1.0,0.5,0.8,11.57,12.25,13.37,12.46,4.0,1.21,16.0,1.0,0.6,0.9,74.7,77.7,84.2,79.4,4.0,6.8,16.0,1.0,0.9,2.2,2.6,3.51,2.88,5.0,1.33,16.0,1.0,0.5,0.8,0.14,2.44,3.3,1.87,5.0,2.24,16.0,1.0,0.5,0.8,-0.89,1.15,1.93,0.67,5.0,1.48,16.0,1.0,0.5,0.8,1013.03,1013.8,1015.8,1014.28,5.0,1.43,16.0,1.0,0.5,0.8,2.0,5.0,5.7,4.2,5.0,2.2,16.0,1.0,0.5,0.8,-0.3,6.4,13.0,7.0,5.0,10.5,16.0,1.0,0.5,0.8,-2.3,1.7,7.0,2.4,5.0,5.0,16.0,1.0,0.5,0.8,0.23,0.3,1.8,1.0,3.0,1.3,14.0,1.0,0.6,0.9,0.5,0.8,4.7,2.5,3.0,3.4,14.0,1.0,0.6,0.9,3.72,4.0,5.88,4.78,3.0,1.72,14.0,1.0,0.6,0.9,7.0,10.4,15.3,11.1,3.0,6.1,14.0,1.0,0.6,0.9,3.0,51.3,68.8,38.9,5.0,46.4,16.0,1.0,0.5,0.8,-18.7,24.7,40.3,14.2,5.0,31.2,16.0,1.0,0.5,0.8,-3.8,19.8,28.3,12.6,4.0,22.0,16.0,1.0,0.6,0.9,-10.3,2.2,23.5,6.4,4.0,20.5,16.0,1.0,0.6,0.9,5.5,9.8,14.4,9.9,3.0,6.5,14.0,1.0,0.6,0.9,-5.2,-3.6,1.7,-1.8,3.0,5.3,14.0,1.0,0.6,0.9,12.5,17.5,59.5,38.0,5.0,53.5,16.0,1.0,0.5,0.8,10.0,20.0,60.0,40.0,5.0,55.0,16.0,1.0,0.5,0.8
1974,2,15.0,-35.0,19.92,20.6,20.94,20.43,3.0,0.76,14.0,0.0,0.5,0.8,18.63,20.0,20.07,19.37,3.0,1.18,14.0,0.0,0.5,0.8,10.01,12.06,13.27,11.65,3.0,2.41,14.0,0.0,0.5,0.8,74.9,82.9,91.3,83.1,3.0,12.0,14.0,0.0,0.8,8.33,12.9,13.92,11.17,3.0,4.37,14.0,0.0,0.5,0.8,-4.28,-3.99,-1.26,-2.8,3.0,2.43,14.0,0.0,0.5,0.8,7.09,12.12,13.68,10.42,3.0,5.04,14.0,0.0,0.5,0.8,1014.41,1017.0,1017.96,1016.2,3.0,2.69,14.0,0.0,0.5,0.8,6.0,6.0,7.4,6.7,3.0,1.2,14.0,0.0,0.5,0.8,-46.7,-24.7,-7.8,-27.2,3.0,28.5,14.0,0.0,0.5,0.8,69.7,156.4,191.2,131.1,3.0,91.6,14.0,0.0,0.5,0.8,0.73,1.0,1.41,1.07,3.0,0.5,14.0,0.0,0.5,0.8,7.0,8.6,16.8,11.8,3.0,7.7,14.0,0.0,0.5,0.8,1.96,3.45,4.55,3.26,3.0,1.9,14.0,0.0,0.5,0.8,19.2,21.4,51.3,34.9,3.0,26.2,14.0,0.0,0.5,0.8,-79.9,-79.4,-25.2,-53.2,3.0,46.1,14.0,0.0,0.5,0.8,134.4,218.2,265.8,200.6,3.0,97.5,14.0,0.0,0.5,0.8,-45.5,-39.9,-12.7,-29.3,3.0,25.7,14.0,0.0,0.5,0.8,73.9,109.7,170.8,122.1,3.0,71.7,14.0,0.0,0.5,0.8,-19.6,-13.8,-4.4,-12.0,3.0,11.3,14.0,0.0,0.5,0.8,17.0,18.2,47.6,32.0,3.0,25.4,14.0,0.0,0.5,0.8,844.0,2146.5,2719.5,1790.5,3.0,1408.0,14.0,0.0,0.5,0.8,845.0,2145.0,2720.0,1790.0,3.0,1410.0,14.0,0.0,0.5,0.8
1974,2,15.0,-34.0,19.13,20.0,22.33,20.36,11.0,1.6,18.0,0.6,0.3,0.5,19.65,20.7,22.5,20.85,12.0,1.52,16.0,0.7,0.3,0.6,10.63,11.85,12.97,11.62,8.0,1.6,16.0,0.8,0.4,0.6,75.6,78.4,85.8,78.3,8.0,9.4,16.0,0.8,0.6,8.64,10.3,11.71,10.08,12.0,1.96,16.0,0.7,0.3,0.6,-3.81,0.58,6.97,0.65,12.0,5.66,16.0,0.7,0.3,0.6,1.0,8.99,10.95,6.95,12.0,5.44,16.0,0.7,0.3,0.6,1008.1,1015.65,1017.53,1013.69,12.0,4.36,16.0,0.7,0.3,0.6,2.0,4.5,6.3,4.3,12.0,2.0,16.0,0.7,0.3,0.6,-38.1,3.9,52.0,1.8,12.0,59.4,16.0,0.7,0.3,0.6,11.0,99.7,121.3,75.8,12.0,61.3,16.0,0.7,0.3,0.6,-1.04,-0.5,1.24,-0.2,11.0,1.66,18.0,0.6,0.3,0.5,-11.9,-5.4,11.3,-3.2,11.0,15.1,18.0,0.6,0.3,0.5,1.71,2.85,5.03,3.21,8.0,1.83,16.0,0.8,0.4,0.6,17.8,22.5,42.0,30.0,8.0,18.3,16.0,0.8,0.4,0.6,-76.9,11.6,145.4,12.2,12.0,122.6,16.0,0.7,0.3,0.6,20.5,198.2,232.2,144.8,12.0,113.9,16.0,0.7,0.3,0.6,-39.5,6.6,70.5,15.9,8.0,54.2,16.0,0.8,0.4,0.6,-3.7,96.8,130.9,72.9,8.0,72.9,16.0,0.8,0.4,0.6,-5.3,0.8,18.7,5.9,8.0,15.6,16.0,0.8,0.4,0.6,-2.2,18.4,37.7,18.4,8.0,26.3,16.0,0.8,0.4,0.6,676.5,1092.5,1622.0,1129.5,12.0,589.0,16.0,0.7,0.3,0.6,675.0,1095.0,1620.0,1130.0,12.0,590.0,16.0,0.7,0.3,0.6
1974,2,15.0,-33.0,18.0,20.0,21.11,19.78,19.0,1.4,14.0,0.6,0.4,0.6,19.2,20.0,20.8,20.01,20.0,0.77,14.0,0.6,0.5,0.6,11.52,12.56,13.52,12.35,17.0,1.4,14.0,0.5,0.4,0.6,79.1,88.0,94.1,85.5,18.0,9.8,14.0,0.6,0.5,5.11,8.45,12.3,8.72,20.0,2.9,14.0,0.6,0.5,0.6,-4.09,-2.38,0.0,-1.91,20.0,3.04,14.0,0.6,0.5,0.6,4.43,7.93,11.17,7.87,20.0,3.18,14.0,0.6,0.5,0.6,1009.36,1011.5,1015.09,1012.14,19.0,2.6,14.0,0.6,0.5,0.6,0.0,2.0,5.0,2.4,20.0,2.4,14.0,0.6,0.5,0.6,-36.2,-20.6,0.0,-21.1,20.0,28.4,14.0,0.6,0.5,0.6,24.9,70.9,143.9,77.1,20.0,50.6,14.0,0.6,0.5,0.6,-1.49,-0.5,0.76,-0.26,19.0,1.4,14.0,0.6,0.4,0.6,-14.9,-4.1,7.8,-2.4,19.0,13.0,14.0,0.6,0.4,0.6,0.46,1.63,3.39,2.09,16.0,1.91,14.0,0.5,0.4,0.5,3.3,14.1,28.9,17.0,16.0,17.0,14.0,0.5,0.4,0.5,-83.9,-47.8,0.0,-38.3,20.0,60.7,14.0,0.6,0.5,0.6,95.2,157.6,226.6,157.2,20.0,62.2,14.0,0.6,0.5,0.6,-46.0,-27.6,0.0,-23.1,17.0,33.6,14.0,0.5,0.4,0.6,64.9,110.1,151.0,104.6,17.0,45.4,14.0,0.5,0.4,0.6,-6.4,-1.8,1.0,-3.0,16.0,10.7,14.0,0.5,0.4,0.5,2.0,13.3,26.8,15.2,16.0,15.0,14.0,0.5,0.4,0.5,133.5,605.0,1861.0,873.5,20.0,735.0,14.0,0.6,0.5,0.6,135.0,605.0,1860.0,875.0,20.0,735.0,14.0,0.6,0.5,0.6
1974,2,15.0,-32.0,18.2,19.2,20.0,19.25,97.0,1.11,14.0,0.5,0.6,0.6,18.8,19.6,21.0,19.84,96.0,1.23,14.0,0.5,0.6,0.6,11.32,12.24,13.11,12.15,65.0,1.25,14.0,0.5,0.6,0.7,80.8,85.8,91.0,84.9,68.0,7.8,14.0,0.5,0.7,4.6,8.2,12.3,8.37,100.0,3.5,14.0,0.5,0.6,0.6,-4.21,-1.1,2.07,-0.93,100.0,2.96,14.0,0.5,0.6,0.6,3.05,7.79,11.58,7.32,100.0,4.39,14.0,0.5,0.6,0.6,1009.41,1013.0,1015.8,1012.79,96.0,3.13,14.0,0.5,0.6,0.6,0.0,2.0,6.4,2.9,99.0,2.8,14.0,0.5,0.6,0.6,-43.4,-4.9,13.4,-13.2,100.0,29.8,14.0,0.5,0.6,0.6,10.3,63.6,142.2,74.5,100.0,59.1,14.0,0.5,0.6,0.6,-2.1,-0.4,1.0,-0.6,92.0,1.6,14.0,0.5,0.6,0.6,-19.2,-2.8,5.1,-5.6,91.0,17.0,14.0,0.5,0.6,0.6,0.8,1.71,2.87,1.77,64.0,1.3,14.0,0.5,0.6,0.7,3.1,12.7,26.9,15.2,63.0,14.4,14.0,0.6,0.6,0.7,-80.4,-15.5,44.4,-18.1,95.0,59.8,14.0,0.5,0.6,0.6,60.0,159.4,226.8,147.2,95.0,89.4,14.0,0.5,0.6,0.6,-43.1,0.0,30.1,-4.2,64.0,33.7,14.0,0.5,0.6,0.7,38.7,93.1,133.5,87.5,64.0,50.5,14.0,0.5,0.6,0.7,-6.6,0.0,2.6,-1.6,63.0,5.5,14.0,0.6,0.6,0.7,1.3,12.5,25.4,14.0,63.0,14.4,14.0,0.6,0.6,0.7,97.5,551.5,1861.0,882.0,100.0,842.5,14.0,0.5,0.6,0.6,95.0,550.0,1860.0,880.0,100.0,840.0,14.0,0.5,0.6,0.6
1974,2,15.0,-31.0,18.3,19.1,20.0,19.28,71.0,1.1,14.0,0.5,0.3,0.4,18.67,19.6,20.5,19.67,75.0,1.08,14.0,0.5,0.3,0.4,11.32,12.25,12.93,12.08,67.0,1.25,14.0,0.6,0.3,0.4,78.4,85.4,92.0,84.7,67.0,8.1,14.0,0.6,0.4,5.1,8.2,12.3,8.59,76.0,3.09,14.0,0.6,0.3,0.4,-4.11,-1.83,1.24,-1.69,76.0,2.87,14.0,0.6,0.3,0.4,4.52,7.71,11.56,7.91,76.0,3.14,14.0,0.6,0.3,0.4,1008.89,1012.45,1014.8,1012.14,76.0,2.83,14.0,0.6,0.3,0.4,0.0,3.0,7.0,3.5,76.0,3.1,14.0,0.6,0.3,0.4,-37.0,-14.1,4.7,-19.9,76.0,32.5,14.0,0.6,0.3,0.4,24.3,63.1,142.8,77.0,76.0,52.3,14.0,0.6,0.3,0.4,-1.69,-0.3,0.59,-0.36,71.0,1.41,14.0,0.5,0.3,0.4,-12.8,-2.5,5.9,-2.3,71.0,11.9,14.0,0.5,0.3,0.4,0.59,1.77,3.18,1.91,64.0,1.57,12.0,0.6,0.3,0.4,3.8,12.4,34.4,19.2,64.0,21.2,12.0,0.6,0.3,0.4,-80.4,-36.3,26.3,-32.6,75.0,55.9,14.0,0.5,0.3,0.4,90.0,154.9,217.1,154.8,75.0,59.9,14.0,0.5,0.3,0.4,-49.4,-20.1,11.9,-21.1,67.0,32.1,14.0,0.6,0.3,0.4,58.3,99.4,130.6,97.4,67.0,31.5,14.0,0.6,0.3,0.4,-7.7,-1.9,1.8,-4.1,64.0,9.8,12.0,0.6,0.3,0.4,3.6,11.6,34.4,17.9,64.0,19.7,12.0,0.6,0.3,0.4,132.5,551.5,1861.0,883.0,76.0,862.0,14.0,0.6,0.3,0.4,135.0,550.0,1860.0,885.0,76.0,860.0,14.0,0.6,0.3,0.4
1974,2,15.0,-30.0,14.0,15.0,18.89,16.07,15.0,2.29,14.0,0.7,0.4,0.4,18.83,20.0,21.29,20.0,6.0,1.47,16.0,0.8,0.5,0.3,11.69,12.46,12.95,12.35,5.0,0.96,16.0,0.8,0.4,0.3,81.4,87.0,89.0,85.0,5.0,6.8,16.0,0.8,0.3,5.54,7.0,10.03,7.33,17.0,2.4,18.0,0.6,0.4,0.4,-4.06,0.0,2.21,-0.59,17.0,3.83,18.0,0.6,0.4,0.4,-3.78,6.0,9.25,3.31,17.0,6.01,18.0,0.6,0.4,0.4,1010.83,1015.05,1019.07,1015.21,22.0,3.97,16.0,0.6,0.5,0.4,2.0,7.5,8.0,5.4,26.0,3.1,16.0,0.7,0.5,0.4,-34.3,0.0,14.4,-7.7,17.0,32.5,18.0,0.6,0.4,0.4,-20.5,36.0,88.2,33.1,17.0,54.3,18.0,0.6,0.4,0.4,-2.43,-1.55,-0.6,-1.63,6.0,1.08,16.0,0.8,0.5,0.3,-24.4,-12.2,-5.8,-14.4,6.0,9.1,16.0,0.8,0.5,0.3,0.0,0.74,2.22,1.14,5.0,1.44,16.0,0.8,0.4,0.3,0.0,7.2,21.9,11.4,5.0,14.8,16.0,0.8,0.4,0.3,-66.3,-19.7,5.1,-25.6,6.0,39.8,16.0,0.8,0.5,0.3,143.0,180.9,209.3,179.0,6.0,33.3,16.0,0.8,0.5,0.3,-43.6,-21.6,5.8,-18.8,5.0,26.7,16.0,0.8,0.4,0.3,106.2,115.9,124.3,114.3,5.0,14.3,16.0,0.8,0.4,0.3,-3.8,0.0,0.0,-1.7,5.0,2.7,16.0,0.8,0.4,0.3,0.0,6.8,21.7,11.2,5.0,14.6,16.0,0.8,0.4,0.3,174.0,343.0,1011.0,520.5,17.0,509.0,18.0,0.6,0.4,0.4,175.0,345.0,1010.0,520.0,17.0,510.0,18.0,0.6,0.4,0.4
1974,2,15.0,-29.0,17.13,17.4,17.81,17.47,3.0,0.5,14.0,0.7,0.4,0.5,17.1,17.85,20.02,18.53,4.0,2.03,16.0,0.8,0.4,0.5,10.68,10.73,12.01,11.33,3.0,1.1,20.0,1.0,0.4,0.5,88.0,88.0,92.8,90.4,3.0,4.1,20.0,1.0,0.5,3.9,6.0,9.38,6.6,5.0,3.8,16.0,0.4,0.4,0.5,-4.29,-2.63,1.56,-1.4,5.0,4.54,16.0,0.4,0.4,0.5,-0.63,3.83,8.48,4.0,5.0,5.09,16.0,0.4,0.4,0.5,1009.36,1011.3,1013.83,1011.52,5.0,3.9,20.0,0.6,0.5,0.5,2.9,7.0,7.7,5.3,3.0,3.8,16.0,0.3,0.2,0.6,-40.5,-16.1,11.9,-15.6,5.0,40.2,16.0,0.4,0.4,0.5,-1.3,19.2,83.2,40.5,5.0,55.8,16.0,0.4,0.4,0.5,-3.35,-1.1,0.2,-1.57,3.0,2.63,14.0,0.7,0.4,0.5,-20.7,-8.5,4.0,-8.3,3.0,18.1,14.0,0.7,0.4,0.5,0.13,0.93,1.74,0.93,2.0,1.66,16.0,1.0,0.5,0.5,2.6,12.0,21.5,12.0,2.0,19.6,16.0,1.0,0.5,0.5,-87.7,-48.7,72.2,-8.7,3.0,122.1,14.0,0.7,0.4,0.5,42.5,133.9,167.6,105.7,3.0,94.8,14.0,0.7,0.4,0.5,-60.8,-49.6,-38.4,-49.6,2.0,23.2,16.0,1.0,0.5,0.5,94.8,102.7,110.6,102.7,2.0,16.3,16.0,1.0,0.5,0.5,-10.8,-6.2,-1.5,-6.2,2.0,9.6,16.0,1.0,0.5,0.5,2.1,10.4,18.6,10.4,2.0,17.1,16.0,1.0,0.5,0.5,82.5,216.0,969.5,533.5,5.0,760.0,16.0,0.4,0.4,0.5,80.0,215.0,970.0,535.0,5.0,760.0,16.0,0.4,0.4,0.5
1974,2,15.0,-28.0,14.0,15.5,17.79,15.88,4.0,2.25,12.0,0.5,0.4,0.4,14.0,14.0,16.87,15.4,3.0,2.42,14.0,0.3,0.3,0.3,10.11,10.53,10.95,10.53,2.0,0.88,16.0,0.5,0.3,0.4,88.1,92.9,97.8,92.9,2.0,10.0,16.0,0.5,0.4,1.48,5.65,9.82,5.65,4.0,4.83,14.0,0.8,0.3,0.6,-3.36,-1.76,-0.17,-1.76,4.0,1.85,14.0,0.8,0.3,0.6,-1.51,3.87,9.23,3.86,4.0,6.2,14.0,0.8,0.3,0.6,1011.55,1012.1,1012.71,1012.13,3.0,0.85,18.0,0.7,0.2,0.6,0.0,0.0,2.0,1.0,3.0,1.7,10.0,0.3,0.5,0.3,-33.1,-15.1,-0.3,-16.6,4.0,19.0,14.0,0.8,0.3,0.6,-2.5,40.1,90.9,44.0,4.0,54.2,14.0,0.8,0.3,0.6,-0.82,0.0,0.0,-0.4,3.0,0.69,14.0,0.3,0.3,0.3,-9.4,-5.6,-1.8,-5.6,2.0,7.9,16.0,0.5,0.3,0.4,0.14,0.45,0.75,0.45,2.0,0.63,16.0,0.5,0.3,0.4,1.3,4.1,7.0,4.1,2.0,5.9,16.0,0.5,0.3,0.4,-56.5,-53.6,-50.7,-53.6,2.0,6.1,16.0,0.5,0.3,0.4,139.2,147.3,155.3,147.3,2.0,16.7,16.0,0.5,0.3,0.4,-35.4,-35.2,-35.0,-35.2,2.0,0.4,16.0,0.5,0.3,0.4,96.2,96.7,97.2,96.7,2.0,1.1,16.0,0.5,0.3,0.4,-2.4,-1.4,-0.5,-1.4,2.0,2.0,16.0,0.5,0.3,0.4,1.2,3.9,6.6,3.9,2.0,5.5,16.0,0.5,0.3,0.4,4.5,406.0,955.5,476.5,4.0,557.5,14.0,0.8,0.3,0.6,5.0,405.0,955.0,475.0,4.0,560.0,14.0,0.8,0.3,0.6
1974,2,15.0,-27.0,,,,,,,,,,,,,,,,,,,,,,,,,,,,,,,,,,,,,,,,0.79,5.5,7.0,4.33,6.0,3.08,22.0,0.3,0.5,0.9,-6.06,-4.21,0.1,-3.34,6.0,2.97,22.0,0.3,0.5,0.9,-3.57,-3.25,-0.69,-2.45,6.0,1.61,22.0,0.3,0.5,0.9,1021.2,1021.2,1021.2,1021.2,1.0,0.0,12.0,0.0,0.0,1.0,,,,,,,,,,,,,,,,,,,,,,,,,,,,,,,,,,,,,,,,,,,,,,,,,,,,,,,,,,,,,,,,,,,,,,,,,,,,,,,,,,,,,,,,,,,,,,,,,,,,,,,,,,,,,,,,,,,,,,,,,,,,,,,,,,,,,,,,,,,,,,,,,,,,,,
1974,2,15.0,33.0,14.79,18.0,18.0,16.43,3.0,2.71,10.0,0.3,0.6,0.4,14.17,15.6,16.9,15.53,3.0,2.0,10.0,0.3,0.6,0.4,6.94,7.44,7.93,7.44,2.0,1.03,12.0,0.5,0.8,0.1,66.5,68.2,70.0,68.2,2.0,3.6,12.0,0.5,0.1,2.42,3.1,6.58,4.47,3.0,3.27,10.0,0.3,0.6,0.4,-2.8,0.0,1.41,-0.68,3.0,3.14,10.0,0.3,0.6,0.4,0.74,3.1,5.83,3.28,3.0,3.74,10.0,0.3,0.6,0.4,1012.05,1018.6,1021.94,1017.03,3.0,7.38,10.0,0.3,0.6,0.4,0.0,0.0,1.4,0.7,3.0,1.2,10.0,0.3,0.6,0.4,-22.9,0.0,3.0,-9.8,3.0,20.8,10.0,0.3,0.6,0.4,2.5,9.6,42.8,22.4,3.0,31.5,10.0,0.3,0.6,0.4,-1.41,0.5,3.23,0.9,3.0,3.42,10.0,0.3,0.6,0.4,-12.4,1.6,6.9,-2.6,3.0,14.6,10.0,0.3,0.6,0.4,4.91,5.35,5.78,5.35,2.0,0.9,12.0,0.5,0.8,0.1,12.9,13.6,14.3,13.6,2.0,1.4,12.0,0.5,0.8,0.1,-43.7,0.0,19.1,-12.0,3.0,47.1,10.0,0.3,0.6,0.4,13.9,54.3,92.8,53.4,3.0,57.9,10.0,0.3,0.6,0.4,2.2,6.9,11.7,6.9,2.0,9.8,12.0,0.5,0.8,0.1,2.0,11.4,20.9,11.4,2.0,19.6,12.0,0.5,0.8,0.1,2.0,6.2,10.4,6.2,2.0,8.7,12.0,0.5,0.8,0.1,0.5,6.2,11.9,6.2,2.0,11.9,12.0,0.5,0.8,0.1,16.0,30.0,386.0,197.0,3.0,307.0,10.0,0.3,0.6,0.4,15.0,30.0,385.0,195.0,3.0,305.0,10.0,0.3,0.6,0.4
1974,2,15.0,34.0,15.48,16.5,17.52,16.5,2.0,2.12,10.0,0.0,0.6,0.4,13.27,16.0,16.68,15.0,3.0,2.65,8.0,0.0,0.7,0.4,9.21,9.46,9.7,9.46,2.0,0.51,4.0,0.0,0.6,0.1,80.6,81.4,82.1,81.4,2.0,1.6,4.0,0.0,0.1,10.02,15.0,15.27,12.7,3.0,4.33,8.0,0.0,0.7,0.4,4.66,11.8,13.98,9.38,3.0,7.15,8.0,0.0,0.7,0.4,2.41,7.58,9.16,5.83,3.0,5.18,8.0,0.0,0.7,0.4,1007.48,1008.5,1018.4,1012.83,3.0,8.84,8.0,0.0,0.7,0.4,2.5,8.0,8.0,5.3,3.0,4.6,8.0,0.0,0.7,0.4,64.7,181.7,211.2,139.0,3.0,113.5,8.0,0.0,0.7,0.4,18.5,58.4,122.6,70.3,3.0,76.9,8.0,0.0,0.7,0.4,1.32,2.0,2.68,2.0,2.0,1.41,10.0,0.0,0.6,0.4,13.6,26.4,39.1,26.4,2.0,26.4,10.0,0.0,0.6,0.4,2.88,2.88,2.88,2.88,1.0,0.0,4.0,0.0,0.2,0.0,22.2,22.2,22.2,22.2,1.0,0.0,4.0,0.0,0.2,0.0,72.6,180.0,186.0,130.5,3.0,93.4,8.0,0.0,0.7,0.4,40.9,128.9,149.0,95.8,3.0,84.2,8.0,0.0,0.7,0.4,28.1,60.2,92.4,60.2,2.0,66.6,4.0,0.0,0.6,0.1,76.9,82.2,87.6,82.2,2.0,11.0,4.0,0.0,0.6,0.1,3.9,3.9,3.9,3.9,1.0,0.0,4.0,0.0,0.2,0.0,21.8,21.8,21.8,21.8,1.0,0.0,4.0,0.0,0.2,0.0,1383.0,3375.0,3564.5,2494.5,3.0,1770.5,8.0,0.0,0.7,0.4,1385.0,3375.0,3565.0,2495.0,3.0,1770.0,8.0,0.0,0.7,0.4
1974,2,15.0,35.0,14.37,15.0,15.63,15.1,12.0,0.75,12.0,0.4,0.5,0.5,13.6,14.5,15.3,14.47,12.0,1.3,12.0,0.4,0.5,0.6,7.86,8.84,9.57,8.72,3.0,1.26,12.0,0.0,0.4,0.8,78.4,82.8,89.9,84.1,3.0,8.5,12.0,0.0,0.8,2.06,6.5,11.94,7.36,14.0,4.79,10.0,0.4,0.5,0.5,0.0,2.44,9.42,3.88,14.0,4.91,10.0,0.4,0.5,0.5,-0.92,2.07,9.38,3.54,14.0,5.25,10.0,0.4,0.5,0.5,1009.39,1014.0,1022.61,1014.88,12.0,7.27,12.0,0.4,0.5,0.6,0.0,2.0,4.2,2.3,11.0,2.4,12.0,0.4,0.5,0.6,0.0,10.4,97.2,45.0,14.0,73.0,10.0,0.4,0.5,0.5,-2.8,18.7,101.4,39.9,14.0,68.4,10.0,0.4,0.5,0.5,0.03,0.7,1.29,0.75,11.0,0.79,12.0,0.4,0.5,0.6,0.0,2.0,12.9,7.6,11.0,13.1,12.0,0.4,0.5,0.6,0.95,1.71,2.21,1.58,3.0,0.93,12.0,0.0,0.4,0.8,6.7,12.0,12.3,9.6,3.0,4.6,12.0,0.0,0.4,0.8,-3.1,27.3,142.0,52.6,12.0,70.9,12.0,0.4,0.5,0.6,-22.3,26.0,117.2,41.6,12.0,74.8,12.0,0.4,0.5,0.6,-4.5,0.0,27.2,11.1,3.0,25.1,12.0,0.0,0.4,0.8,-10.3,47.4,63.8,27.2,3.0,57.0,12.0,0.0,0.4,0.8,-1.5,0.0,5.2,1.8,3.0,5.2,12.0,0.0,0.4,0.8,-7.0,4.3,7.6,0.4,3.0,11.2,12.0,0.0,0.4,0.8,9.0,279.5,1703.0,931.5,14.0,1548.5,10.0,0.4,0.5,0.5,10.0,280.0,1705.0,930.0,14.0,1550.0,10.0,0.4,0.5,0.5
1974,2,15.0,36.0,14.0,15.0,16.0,14.9,95.0,1.21,16.0,0.6,0.5,0.4,12.6,14.4,16.0,14.26,98.0,1.65,16.0,0.6,0.5,0.5,6.69,7.72,8.87,7.7,33.0,1.36,16.0,0.6,0.5,0.4,66.5,71.8,86.9,74.9,34.0,10.1,16.0,0.6,0.4,2.97,8.0,11.8,7.95,95.0,4.89,16.0,0.6,0.5,0.4,-8.04,0.94,8.87,1.13,95.0,7.63,16.0,0.6,0.5,0.4,-3.47,0.0,5.5,0.64,95.0,5.29,16.0,0.6,0.5,0.4,1004.04,1011.1,1022.32,1012.09,98.0,8.43,16.0,0.6,0.5,0.5,0.0,4.0,7.0,3.9,97.0,2.9,16.0,0.6,0.5,0.5,-93.2,0.9,92.8,6.5,95.0,102.8,16.0,0.6,0.5,0.4,-26.2,0.0,58.3,5.4,95.0,75.4,16.0,0.6,0.5,0.4,-1.06,1.0,2.5,0.71,92.0,2.01,14.0,0.6,0.5,0.4,-6.3,2.4,19.2,4.7,83.0,21.3,14.0,0.6,0.5,0.4,1.33,3.1,4.15,2.83,28.0,1.61,16.0,0.5,0.5,0.4,7.1,18.0,39.5,22.3,26.0,19.5,16.0,0.6,0.4,0.4,-91.4,13.6,117.0,20.0,88.0,107.2,14.0,0.6,0.5,0.5,-53.6,2.4,77.5,12.0,88.0,74.9,14.0,0.6,0.5,0.5,-40.1,28.9,63.0,20.6,31.0,49.9,16.0,0.6,0.5,0.4,-19.0,4.6,30.9,3.4,31.0,34.1,16.0,0.6,0.5,0.4,-20.3,0.9,36.6,6.5,26.0,23.9,16.0,0.6,0.4,0.4,-20.3,-1.1,6.1,-5.6,26.0,15.8,16.0,0.6,0.4,0.4,26.0,512.0,1643.0,1113.0,95.0,1823.5,16.0,0.6,0.5,0.4,25.0,510.0,1645.0,1115.0,95.0,1825.0,16.0,0.6,0.5,0.4
1974,2,15.0,37.0,13.76,14.7,16.09,14.9,24.0,1.39,14.0,0.7,0.5,0.5,12.26,14.4,15.6,14.03,24.0,1.86,14.0,0.7,0.5,0.5,6.71,8.06,9.86,8.02,15.0,1.63,16.0,0.8,0.5,0.5,69.0,80.0,93.0,80.7,15.0,12.1,16.0,0.8,0.5,2.1,5.4,12.9,6.41,26.0,4.67,14.0,0.7,0.5,0.5,-3.85,0.0,5.62,0.09,26.0,6.18,14.0,0.7,0.5,0.5,-2.25,0.71,6.97,1.49,26.0,4.91,14.0,0.7,0.5,0.5,996.98,1008.1,1022.05,1009.81,26.0,10.21,14.0,0.7,0.5,0.5,0.0,4.0,8.0,4.2,25.0,3.2,14.0,0.6,0.5,0.5,-29.7,0.0,32.2,-1.4,26.0,78.3,14.0,0.7,0.5,0.5,-7.5,2.0,89.5,15.7,26.0,51.3,14.0,0.7,0.5,0.5,-1.67,0.5,3.7,0.97,22.0,2.78,14.0,0.7,0.5,0.5,-4.6,2.6,18.5,6.8,22.0,22.1,14.0,0.7,0.5,0.5,1.06,2.87,4.66,2.87,13.0,1.59,18.0,0.8,0.5,0.6,4.5,17.0,41.5,22.1,13.0,19.8,18.0,0.8,0.5,0.6,-47.1,2.6,83.1,10.4,24.0,80.1,14.0,0.7,0.5,0.5,-20.1,22.6,108.1,31.7,24.0,64.7,14.0,0.7,0.5,0.5,-36.9,0.0,42.1,-3.5,15.0,57.7,16.0,0.8,0.5,0.5,-8.6,22.8,52.4,18.2,15.0,39.0,16.0,0.8,0.5,0.5,-15.3,0.0,22.6,3.5,13.0,24.2,18.0,0.8,0.5,0.6,-10.2,2.7,13.0,-1.4,13.0,17.9,18.0,0.8,0.5,0.6,9.5,159.0,2146.5,706.0,26.0,997.0,14.0,0.7,0.5,0.5,10.0,160.0,2145.0,705.0,26.0,995.0,14.0,0.7,0.5,0.5
1974,2,15.0,38.0,13.57,14.4,15.6,14.45,22.0,1.27,14.0,0.7,0.3,0.5,11.85,13.5,16.75,14.07,23.0,2.14,14.0,0.7,0.3,0.5,6.11,6.63,7.56,6.74,14.0,0.82,14.0,0.6,0.3,0.4,63.6,69.0,76.7,70.3,14.0,8.1,14.0,0.6,0.4,2.0,7.7,11.83,7.47,19.0,4.77,14.0,0.7,0.3,0.5,-2.72,0.0,9.46,2.74,19.0,6.78,14.0,0.7,0.3,0.5,-2.89,0.0,5.27,0.17,19.0,5.26,14.0,0.7,0.3,0.5,1005.1,1011.2,1018.57,1011.59,21.0,7.39,14.0,0.7,0.3,0.4,3.5,6.0,7.0,5.4,23.0,2.1,14.0,0.7,0.3,0.5,-20.5,0.0,92.0,39.4,19.0,94.2,14.0,0.7,0.3,0.5,-20.6,0.0,38.3,-1.3,19.0,61.7,14.0,0.7,0.3,0.5,-2.0,0.7,2.8,0.45,22.0,2.38,14.0,0.7,0.3,0.5,-12.8,3.0,26.2,6.5,18.0,21.3,12.0,0.7,0.3,0.5,3.06,3.6,4.31,3.61,13.0,0.7,12.0,0.6,0.3,0.4,6.9,24.9,35.5,26.7,12.0,22.1,14.0,0.6,0.3,0.4,-42.1,0.0,112.5,31.2,19.0,89.6,14.0,0.7,0.3,0.5,-32.2,0.0,66.9,2.8,19.0,79.6,14.0,0.7,0.3,0.5,-14.5,0.0,71.5,20.9,13.0,48.7,14.0,0.5,0.4,0.4,-18.4,0.0,12.2,-0.6,13.0,20.2,14.0,0.5,0.4,0.4,-6.9,7.1,35.1,16.2,12.0,28.5,14.0,0.6,0.3,0.4,-10.1,0.0,8.0,-0.5,12.0,12.9,14.0,0.6,0.3,0.4,8.0,456.5,1655.0,959.0,19.0,1648.5,14.0,0.7,0.3,0.5,10.0,455.0,1655.0,960.0,19.0,1650.0,14.0,0.7,0.3,0.5
1974,2,15.0,39.0,13.82,14.4,15.05,14.27,7.0,1.16,14.0,0.4,0.1,0.3,12.94,13.5,13.83,13.31,7.0,0.84,14.0,0.4,0.1,0.3,6.58,7.94,8.67,7.54,6.0,1.71,12.0,0.3,0.1,0.3,69.6,80.1,90.7,79.1,6.0,16.3,12.0,0.3,0.3,2.52,6.2,15.43,8.37,7.0,6.14,14.0,0.4,0.1,0.3,0.19,1.74,12.35,2.72,7.0,9.73,14.0,0.4,0.1,0.3,-3.18,0.0,0.37,-0.35,7.0,4.0,14.0,0.4,0.1,0.3,1000.06,1009.0,1018.78,1009.57,7.0,9.63,14.0,0.4,0.1,0.3,0.0,4.0,8.0,4.0,7.0,3.7,14.0,0.4,0.1,0.3,-11.3,8.9,153.9,21.0,7.0,146.5,14.0,0.4,0.1,0.3,-19.5,0.0,5.7,9.9,7.0,49.0,14.0,0.4,0.1,0.3,0.45,1.0,1.55,0.96,7.0,0.93,14.0,0.4,0.1,0.3,1.0,6.2,24.3,10.4,7.0,12.3,14.0,0.4,0.1,0.3,1.56,2.05,4.23,2.51,6.0,1.47,12.0,0.3,0.1,0.3,3.5,14.0,33.3,19.0,6.0,19.3,12.0,0.3,0.1,0.3,2.3,20.4,166.9,36.6,7.0,132.0,14.0,0.4,0.1,0.3,-41.1,0.0,5.1,-3.2,7.0,53.3,14.0,0.4,0.1,0.3,8.2,30.0,93.1,46.2,6.0,45.8,12.0,0.3,0.1,0.3,-22.7,-8.6,13.5,-0.3,6.0,34.2,12.0,0.3,0.1,0.3,2.7,5.5,30.3,15.3,6.0,19.7,12.0,0.3,0.1,0.3,-8.3,-1.0,3.0,-2.3,6.0,11.3,12.0,0.3,0.1,0.3,17.0,238.5,3673.5,1428.5,7.0,1797.0,14.0,0.4,0.1,0.3,15.0,240.0,3675.0,1430.0,7.0,1795.0,14.0,0.4,0.1,0.3
1974,2,15.0,40.0,14.4,14.4,15.6,14.91,7.0,0.64,26.0,0.4,0.2,0.9,8.9,10.85,13.71,10.91,8.0,2.51,26.0,0.4,0.2,0.8,6.09,7.12,7.96,7.18,6.0,1.28,26.0,0.5,0.2,0.9,83.3,93.5,94.7,88.5,6.0,11.5,26.0,0.5,0.9,4.58,6.7,7.7,6.17,7.0,1.43,26.0,0.4,0.2,0.9,-2.72,-2.29,-0.61,-1.51,7.0,2.34,26.0,0.4,0.2,0.9,-7.25,-6.3,-3.36,-4.71,7.0,3.53,26.0,0.4,0.2,0.9,1012.04,1016.8,1017.83,1017.21,8.0,6.61,26.0,0.4,0.2,0.8,0.0,3.0,6.0,3.1,7.0,3.2,26.0,0.4,0.2,0.9,-20.5,-15.4,-2.9,-11.0,7.0,12.5,26.0,0.4,0.2,0.9,-55.8,-42.2,-19.3,-32.8,7.0,24.3,26.0,0.4,0.2,0.9,1.62,4.5,5.5,3.49,7.0,2.18,26.0,0.4,0.2,0.9,9.6,25.7,38.7,23.6,7.0,16.5,26.0,0.4,0.2,0.9,3.05,3.46,4.04,3.39,6.0,0.91,26.0,0.5,0.2,0.9,17.7,23.1,26.6,21.8,6.0,6.1,26.0,0.5,0.2,0.9,-32.6,-20.4,-7.1,-15.0,7.0,29.6,26.0,0.4,0.2,0.9,-77.2,-56.0,-36.9,-49.4,7.0,41.5,26.0,0.4,0.2,0.9,-23.7,-17.1,-8.0,-17.0,6.0,10.2,26.0,0.5,0.2,0.9,-55.8,-44.5,-27.5,-42.8,6.0,13.9,26.0,0.5,0.2,0.9,-10.3,-6.8,-3.8,-7.5,6.0,4.4,26.0,0.5,0.2,0.9,-25.3,-22.2,-12.1,-19.9,6.0,6.8,26.0,0.5,0.2,0.9,96.0,301.0,456.5,266.5,7.0,157.5,26.0,0.4,0.2,0.9,95.0,300.0,455.0,265.0,7.0,160.0,26.0,0.4,0.2,0.9
1974,2,15.0,42.0,13.0,14.0,15.17,13.97,24.0,0.99,14.0,0.6,0.6,0.5,10.79,12.0,13.56,12.25,25.0,1.91,14.0,0.6,0.6,0.5,5.73,6.26,7.76,6.58,7.0,1.14,8.0,0.7,0.6,0.5,69.0,74.3,88.4,77.0,7.0,10.9,8.0,0.7,0.5,2.39,5.55,9.87,5.78,24.0,3.48,14.0,0.6,0.5,0.5,-5.21,-1.56,1.39,-2.08,24.0,3.98,14.0,0.6,0.5,0.5,-2.66,2.37,6.02,2.21,24.0,4.63,14.0,0.6,0.5,0.5,1001.19,1011.5,1017.85,1009.7,26.0,8.24,14.0,0.6,0.5,0.5,2.0,6.0,8.0,5.0,26.0,2.7,14.0,0.6,0.5,0.5,-35.5,-13.9,7.3,-18.2,24.0,38.3,14.0,0.6,0.5,0.5,-14.0,10.6,55.2,19.4,24.0,42.4,14.0,0.6,0.5,0.5,0.26,2.05,3.34,1.96,24.0,1.76,14.0,0.6,0.6,0.5,0.0,5.2,18.8,8.1,23.0,11.0,14.0,0.6,0.6,0.5,1.94,3.43,3.98,3.16,7.0,1.19,8.0,0.7,0.6,0.5,8.8,13.2,27.0,17.2,7.0,12.2,8.0,0.7,0.6,0.5,-67.5,-15.5,15.7,-26.7,23.0,52.7,14.0,0.6,0.6,0.5,-30.5,27.9,68.7,26.3,23.0,56.0,14.0,0.6,0.6,0.5,-29.7,-7.2,9.4,-6.5,7.0,23.4,8.0,0.7,0.6,0.5,17.7,22.6,28.9,24.0,7.0,8.6,8.0,0.7,0.6,0.5,-7.7,-5.8,5.2,-2.9,7.0,10.3,8.0,0.7,0.6,0.5,6.4,8.4,18.0,13.8,7.0,12.5,8.0,0.7,0.6,0.5,14.0,174.5,962.0,398.0,24.0,516.0,14.0,0.6,0.5,0.5,15.0,175.0,960.0,400.0,24.0,515.0,14.0,0.6,0.5,0.5
1974,2,15.0,43.0,12.67,14.0,15.0,13.61,43.0,1.43,16.0,0.5,0.4,0.5,10.0,12.0,13.85,11.87,47.0,2.08,16.0,0.5,0.4,0.5,5.66,6.98,7.86,6.74,12.0,1.31,14.0,0.6,0.4,0.4,59.7,77.7,88.2,74.6,12.0,14.6,14.0,0.6,0.4,2.6,6.7,10.15,6.29,47.0,3.86,16.0,0.5,0.4,0.5,-8.06,-2.96,1.39,-3.0,47.0,4.61,16.0,0.5,0.4,0.5,-5.13,0.0,5.13,0.02,47.0,4.99,16.0,0.5,0.4,0.5,1004.07,1010.75,1017.46,1010.28,46.0,7.84,16.0,0.5,0.4,0.5,0.3,5.0,8.0,4.6,47.0,3.1,16.0,0.5,0.4,0.5,-85.2,-16.0,3.6,-28.6,47.0,53.5,16.0,0.5,0.4,0.5,-39.8,0.0,34.4,-1.2,47.0,52.1,16.0,0.5,0.4,0.5,0.0,2.0,4.0,1.73,43.0,2.28,16.0,0.5,0.4,0.5,0.0,9.2,26.1,12.5,43.0,17.5,16.0,0.5,0.4,0.5,1.91,3.03,3.93,2.95,10.0,1.03,14.0,0.6,0.4,0.4,10.4,16.3,20.4,17.3,10.0,11.4,14.0,0.6,0.4,0.4,-88.6,-36.4,9.8,-34.9,47.0,50.9,16.0,0.5,0.4,0.5,-56.9,0.0,65.9,3.8,47.0,58.5,16.0,0.5,0.4,0.5,-39.4,-27.9,3.7,-19.0,12.0,26.9,14.0,0.6,0.4,0.4,-40.3,0.0,33.6,-0.9,12.0,33.5,14.0,0.6,0.4,0.4,-13.1,-4.3,3.8,-6.8,10.0,16.1,14.0,0.6,0.4,0.4,-13.8,1.1,13.2,0.8,10.0,12.3,14.0,0.6,0.4,0.4,17.5,301.0,1047.0,552.0,47.0,840.5,16.0,0.5,0.4,0.5,20.0,300.0,1045.0,550.0,47.0,840.0,16.0,0.5,0.4,0.5
1974,2,15.0,44.0,11.63,13.0,13.37,12.6,5.0,1.14,18.0,1.0,0.3,0.1,8.79,10.35,12.5,10.45,6.0,1.96,16.0,1.0,0.2,0.1,6.13,6.79,7.44,6.79,2.0,1.35,10.0,1.0,0.3,0.1,67.7,74.6,81.5,74.6,2.0,14.3,10.0,1.0,0.1,4.19,5.65,9.27,6.68,6.0,3.81,16.0,1.0,0.2,0.1,-5.43,-0.84,3.81,-0.8,6.0,5.54,16.0,1.0,0.2,0.1,-4.64,-1.76,3.7,-0.34,6.0,6.05,16.0,1.0,0.2,0.1,1000.16,1005.9,1012.88,1006.33,6.0,8.01,16.0,1.0,0.2,0.1,4.0,6.5,8.0,5.7,6.0,3.0,16.0,1.0,0.2,0.1,-40.6,-2.2,22.8,-11.5,6.0,57.6,16.0,1.0,0.2,0.1,-35.9,-8.1,32.5,8.0,6.0,66.3,16.0,1.0,0.2,0.1,1.13,3.0,3.66,2.56,5.0,1.64,18.0,1.0,0.3,0.1,4.0,13.8,20.8,12.8,5.0,8.6,18.0,1.0,0.3,0.1,3.52,3.52,3.52,3.52,1.0,0.0,12.0,1.0,0.5,0.1,28.9,28.9,28.9,28.9,1.0,0.0,12.0,1.0,0.5,0.1,-55.8,-9.6,39.4,-9.0,6.0,66.1,16.0,1.0,0.2,0.1,-51.7,-15.9,44.7,2.4,6.0,68.5,16.0,1.0,0.2,0.1,-49.5,-12.6,24.3,-12.6,2.0,76.4,10.0,1.0,0.3,0.1,-7.5,27.8,63.1,27.8,2.0,73.1,10.0,1.0,0.3,0.1,25.0,25.0,25.0,25.0,1.0,0.0,12.0,1.0,0.5,0.1,-14.4,-14.4,-14.4,-14.4,1.0,0.0,12.0,1.0,0.5,0.1,81.0,199.0,934.5,578.5,6.0,916.0,16.0,1.0,0.2,0.1,80.0,200.0,935.0,580.0,6.0,915.0,16.0,1.0,0.2,0.1
1974,2,15.0,54.0,3.32,4.0,4.68,4.0,2.0,1.41,18.0,0.0,0.4,0.5,2.86,4.7,5.04,3.97,3.0,1.72,20.0,0.0,0.4,0.6,3.5,3.5,3.5,3.5,1.0,0.0,18.0,0.0,0.7,0.8,80.5,80.5,80.5,80.5,1.0,0.0,18.0,0.0,0.8,0.63,2.0,3.37,2.0,2.0,2.83,20.0,0.0,0.3,0.4,0.49,1.53,2.58,1.53,2.0,2.17,20.0,0.0,0.3,0.4,-2.16,-1.29,-0.41,-1.29,2.0,1.82,20.0,0.0,0.3,0.4,1011.97,1017.5,1017.57,1014.83,3.0,4.71,20.0,0.0,0.4,0.6,,,,,,,,,,,,,,,,,,,,,,,,,,,,,,,,,,,,,,,,,,,,,,,,,,,,,,,,,,,,,,,,,,,,,,,,,,,,,,,,,,,,,,,,,,,,,,,,,,,,,,,,,,,,,,,,,,,,,,,,,,,,,,,,,,,,,,,,,,,,,,,,,,,,,,
1974,2,15.0,55.0,2.31,3.0,5.0,3.48,46.0,1.25,16.0,0.2,0.5,0.6,1.5,2.6,4.0,2.82,50.0,1.63,16.0,0.2,0.5,0.6,4.12,4.12,4.12,4.12,1.0,0.0,8.0,0.0,0.8,0.3,92.4,92.4,92.4,92.4,1.0,0.0,8.0,0.0,0.3,4.0,6.0,9.18,6.77,50.0,2.67,16.0,0.2,0.5,0.6,-4.85,1.2,5.81,0.43,50.0,5.03,16.0,0.2,0.5,0.6,-5.73,1.39,5.19,0.35,50.0,5.32,16.0,0.2,0.5,0.6,999.64,1014.45,1031.92,1012.27,48.0,16.63,16.0,0.2,0.5,0.6,2.0,6.0,8.0,5.6,32.0,2.7,16.0,0.3,0.4,0.5,-36.3,4.7,43.9,3.9,50.0,45.3,16.0,0.2,0.5,0.6,-35.8,8.0,38.4,1.4,50.0,49.2,16.0,0.2,0.5,0.6,-0.6,0.55,2.37,0.6,46.0,1.87,16.0,0.2,0.5,0.6,-4.5,2.6,15.0,3.8,46.0,13.8,16.0,0.2,0.5,0.6,0.81,0.81,0.81,0.81,1.0,0.0,8.0,0.0,0.8,0.3,7.9,7.9,7.9,7.9,1.0,0.0,8.0,0.0,0.8,0.3,-10.5,1.6,17.2,1.6,50.0,17.4,16.0,0.2,0.5,0.6,-11.4,2.8,16.1,2.9,50.0,13.4,16.0,0.2,0.5,0.6,13.8,13.8,13.8,13.8,1.0,0.0,8.0,0.0,0.8,0.3,-37.9,-37.9,-37.9,-37.9,1.0,0.0,8.0,0.0,0.8,0.3,2.7,2.7,2.7,2.7,1.0,0.0,8.0,0.0,0.8,0.3,-7.4,-7.4,-7.4,-7.4,1.0,0.0,8.0,0.0,0.8,0.3,64.0,216.0,776.5,462.0,50.0,521.0,16.0,0.2,0.5,0.6,65.0,215.0,775.0,460.0,50.0,520.0,16.0,0.2,0.5,0.6
1974,2,15.0,56.0,,,,,,,,,,,,,,,,,,,,,,,,,,,,,,,,,,,,,,,,7.0,7.0,7.0,7.0,1.0,0.0,22.0,0.0,0.2,0.6,5.36,5.36,5.36,5.36,1.0,0.0,22.0,0.0,0.2,0.6,4.5,4.5,4.5,4.5,1.0,0.0,22.0,0.0,0.2,0.6,1013.4,1013.4,1013.4,1013.4,1.0,0.0,22.0,0.0,0.2,0.6,,,,,,,,,,,,,,,,,,,,,,,,,,,,,,,,,,,,,,,,,,,,,,,,,,,,,,,,,,,,,,,,,,,,,,,,,,,,,,,,,,,,,,,,,,,,,,,,,,,,,,,,,,,,,,,,,,,,,,,,,,,,,,,,,,,,,,,,,,,,,,,,,,,,,,
1974,2,15.0,69.0,4.07,5.7,6.47,5.22,21.0,1.41,16.0,0.2,0.5,0.5,-0.99,1.4,3.84,1.15,21.0,2.87,16.0,0.2,0.5,0.5,2.92,3.45,3.68,3.34,10.0,0.47,16.0,0.1,0.4,0.5,67.0,75.8,93.8,78.3,10.0,12.1,16.0,0.1,0.5,4.0,10.65,16.0,10.08,20.0,5.73,16.0,0.2,0.5,0.5,-5.19,-1.0,12.25,1.45,20.0,9.26,16.0,0.2,0.5,0.5,-1.66,2.93,10.64,4.06,20.0,5.86,16.0,0.2,0.5,0.5,991.97,996.7,1010.93,999.13,21.0,12.19,16.0,0.2,0.5,0.5,3.0,5.5,7.9,5.1,14.0,2.3,14.0,0.3,0.5,0.5,-31.0,-2.2,176.5,38.2,20.0,137.1,16.0,0.2,0.5,0.5,-4.3,37.4,164.3,60.6,20.0,91.3,16.0,0.2,0.5,0.5,1.4,4.0,6.79,4.07,21.0,3.2,16.0,0.2,0.5,0.5,7.2,34.6,70.8,37.6,20.0,32.2,16.0,0.2,0.5,0.5,1.68,2.28,2.87,2.27,10.0,0.71,16.0,0.1,0.4,0.5,5.5,24.6,31.9,21.1,9.0,13.8,16.0,0.1,0.4,0.5,-7.4,6.1,33.3,9.7,20.0,24.5,16.0,0.2,0.5,0.5,-2.0,3.3,20.7,11.2,20.0,17.9,16.0,0.2,0.5,0.5,-25.0,-7.4,36.6,3.1,9.0,29.8,16.0,0.1,0.4,0.5,-1.6,9.9,28.6,12.6,9.0,16.1,16.0,0.1,0.4,0.5,-23.2,-3.1,22.0,-1.1,9.0,20.8,16.0,0.1,0.4,0.5,0.0,5.9,23.2,10.0,9.0,12.0,16.0,0.1,0.4,0.5,64.0,1221.5,4095.0,1969.0,20.0,2164.5,16.0,0.2,0.5,0.5,65.0,1220.0,4095.0,1970.0,20.0,2165.0,16.0,0.2,0.5,0.5
1974,2,15.0,70.0,5.79,6.4,7.1,6.42,5.0,1.04,16.0,0.4,0.4,0.2,-0.53,2.9,3.65,1.62,5.0,2.91,16.0,0.4,0.4,0.2,3.16,3.42,3.87,3.51,4.0,0.45,18.0,0.5,0.3,0.2,68.2,74.0,80.9,74.5,4.0,9.1,18.0,0.5,0.2,3.65,6.2,11.33,7.48,5.0,5.3,16.0,0.4,0.4,0.2,-4.55,2.12,2.96,-0.69,5.0,5.61,16.0,0.4,0.4,0.2,2.8,5.83,9.64,6.25,5.0,4.15,16.0,0.4,0.4,0.2,991.48,993.4,997.52,994.72,5.0,5.25,16.0,0.4,0.4,0.2,5.3,7.0,7.4,6.4,5.0,1.5,16.0,0.4,0.4,0.2,-61.0,13.1,18.1,-22.5,5.0,78.9,16.0,0.4,0.4,0.2,11.4,36.1,115.9,64.0,5.0,76.9,16.0,0.4,0.4,0.2,2.21,3.4,7.93,4.8,5.0,3.54,16.0,0.4,0.4,0.2,11.6,19.8,52.9,34.2,5.0,41.6,16.0,0.4,0.4,0.2,2.06,2.32,3.04,2.54,4.0,0.71,18.0,0.5,0.3,0.2,11.7,15.6,38.8,24.8,4.0,21.6,18.0,0.5,0.3,0.2,-1.1,6.1,10.8,4.4,5.0,8.7,16.0,0.4,0.4,0.2,5.9,12.3,22.4,13.7,5.0,13.1,16.0,0.4,0.4,0.2,-12.5,9.1,10.2,-0.7,4.0,20.7,18.0,0.5,0.3,0.2,18.0,25.1,32.4,25.2,4.0,10.3,18.0,0.5,0.3,0.2,-17.1,5.3,6.9,-4.6,4.0,21.2,18.0,0.5,0.3,0.2,9.9,14.6,31.3,20.3,4.0,15.9,18.0,0.5,0.3,0.2,64.5,238.5,1886.0,1004.5,5.0,1704.0,16.0,0.4,0.4,0.2,65.0,240.0,1885.0,1005.0,5.0,1705.0,16.0,0.4,0.4,0.2
1974,2,15.0,71.0,,,,,,,,,,,,,,,,,,,,,,,,,,,,,,,,,,,,,,,,2.0,2.0,2.0,2.0,1.0,0.0,16.0,0.0,0.8,0.1,1.53,1.53,1.53,1.53,1.0,0.0,16.0,0.0,0.8,0.1,1.29,1.29,1.29,1.29,1.0,0.0,16.0,0.0,0.8,0.1,1006.9,1006.9,1006.9,1006.9,1.0,0.0,16.0,0.0,0.8,0.1,,,,,,,,,,,,,,,,,,,,,,,,,,,,,,,,,,,,,,,,,,,,,,,,,,,,,,,,,,,,,,,,,,,,,,,,,,,,,,,,,,,,,,,,,,,,,,,,,,,,,,,,,,,,,,,,,,,,,,,,,,,,,,,,,,,,,,,,,,,,,,,,,,,,,,
1974,2,15.0,72.0,,,,,,,,,,,,,,,,,,,,,,,,,,,,,,,,,,,,,,,,2.95,5.0,8.41,5.67,3.0,4.04,8.0,0.0,0.8,0.6,1.96,3.42,4.04,3.01,3.0,1.56,8.0,0.0,0.8,0.6,-2.19,-1.53,5.93,1.79,3.0,6.61,8.0,0.0,0.8,0.6,990.49,1001.5,1005.75,998.28,4.0,11.18,12.0,0.0,0.8,0.6,,,,,,,,,,,,,,,,,,,,,,,,,,,,,,,,,,,,,,,,,,,,,,,,,,,,,,,,,,,,,,,,,,,,,,,,,,,,,,,,,,,,,,,,,,,,,,,,,,,,,,,,,,,,,,,,,,,,,,,,,,,,,,,,,,,,,,,,,,,,,,,,,,,,,,
1974,2,15.0,73.0,,,,,,,,,,,,,,,,,,,,,,,,,,,,,,,,,,,,,,,,5.79,9.6,13.03,9.87,6.0,4.43,22.0,0.3,0.5,0.6,2.38,5.19,11.89,6.7,6.0,5.81,22.0,0.3,0.5,0.6,-5.17,1.64,6.51,1.5,6.0,6.79,22.0,0.3,0.5,0.6,995.68,1001.7,1004.26,999.07,7.0,7.85,22.0,0.4,0.5,0.5,,,,,,,,,,,,,,,,,,,,,,,,,,,,,,,,,,,,,,,,,,,,,,,,,,,,,,,,,,,,,,,,,,,,,,,,,,,,,,,,,,,,,,,,,,,,,,,,,,,,,,,,,,,,,,,,,,,,,,,,,,,,,,,,,,,,,,,,,,,,,,,,,,,,,,
1974,2,15.0,74.0,,,,,,,,,,,,,,,,,,,,,,,,,,,,,,,,,,,,,,,,8.0,14.0,18.0,13.3,30.0,4.53,10.0,0.1,0.6,0.6,-15.41,-5.85,8.49,-4.0,30.0,10.84,10.0,0.1,0.6,0.6,-9.7,-4.56,4.87,-3.1,30.0,7.72,10.0,0.1,0.6,0.6,998.24,1005.4,1017.29,1006.19,34.0,9.97,10.0,0.1,0.6,0.5,,,,,,,,,,,,,,,,,,,,,,,,,,,,,,,,,,,,,,,,,,,,,,,,,,,,,,,,,,,,,,,,,,,,,,,,,,,,,,,,,,,,,,,,,,,,,,,,,,,,,,,,,,,,,,,,,,,,,,,,,,,,,,,,,,,,,,,,,,,,,,,,,,,,,,
1974,2,15.0,75.0,0.85,2.05,4.1,2.4,42.0,1.52,4.0,0.3,0.2,0.4,-7.02,-3.0,0.22,-3.12,48.0,3.33,4.0,0.3,0.2,0.4,1.5,1.5,1.5,1.5,1.0,0.0,4.0,1.0,0.0,0.0,82.6,82.6,82.6,82.6,1.0,0.0,4.0,1.0,0.0,5.0,10.0,15.0,10.53,52.0,4.6,4.0,0.3,0.2,0.4,-10.25,-5.96,-1.4,-5.53,52.0,5.2,4.0,0.3,0.2,0.4,-11.47,-7.59,-3.77,-7.16,52.0,4.88,4.0,0.3,0.2,0.4,1000.21,1007.5,1019.13,1008.43,52.0,8.61,4.0,0.3,0.2,0.4,5.7,8.0,8.0,6.8,24.0,2.0,2.0,0.5,0.2,0.4,-149.6,-50.5,-8.5,-73.7,52.0,88.4,4.0,0.3,0.2,0.4,-179.7,-70.4,-15.8,-89.4,52.0,85.1,4.0,0.3,0.2,0.4,2.31,4.8,9.96,5.37,39.0,3.82,4.0,0.3,0.3,0.4,17.7,45.6,110.8,60.2,39.0,54.1,4.0,0.3,0.3,0.4,3.85,3.85,3.85,3.85,1.0,0.0,4.0,1.0,0.0,0.0,41.6,41.6,41.6,41.6,1.0,0.0,4.0,1.0,0.0,0.0,2.8,11.8,49.8,23.0,48.0,32.2,4.0,0.3,0.2,0.4,6.3,18.4,48.8,25.6,48.0,26.2,4.0,0.3,0.2,0.4,-10.4,-10.4,-10.4,-10.4,1.0,0.0,4.0,1.0,0.0,0.0,-12.4,-12.4,-12.4,-12.4,1.0,0.0,4.0,1.0,0.0,0.0,-26.8,-26.8,-26.8,-26.8,1.0,0.0,4.0,1.0,0.0,0.0,-31.9,-31.9,-31.9,-31.9,1.0,0.0,4.0,1.0,0.0,0.0,125.0,1000.0,3375.0,1851.5,52.0,2063.0,4.0,0.3,0.2,0.4,125.0,1000.0,3375.0,1850.0,52.0,2065.0,4.0,0.3,0.2,0.4
1974,2,16.0,-67.0,,,,,,,,,,,,,,,,,,,,,,,,,,,,,,,,,,,,,,,,8.2,8.2,8.2,8.2,1.0,0.0,26.0,1.0,0.5,0.5,-4.1,-4.1,-4.1,-4.1,1.0,0.0,26.0,1.0,0.5,0.5,7.1,7.1,7.1,7.1,1.0,0.0,26.0,1.0,0.5,0.5,975.6,975.6,975.6,975.6,1.0,0.0,26.0,1.0,0.5,0.5,,,,,,,,,,,,,,,,,,,,,,,,,,,,,,,,,,,,,,,,,,,,,,,,,,,,,,,,,,,,,,,,,,,,,,,,,,,,,,,,,,,,,,,,,,,,,,,,,,,,,,,,,,,,,,,,,,,,,,,,,,,,,,,,,,,,,,,,,,,,,,,,,,,,,,
1974,2,16.0,-47.0,,,,,,,,,,,,,,,,,,,,,,,,,,,,,,,,,,,,,,,,15.4,15.4,15.4,15.4,1.0,0.0,18.0,1.0,0.2,1.0,15.4,15.4,15.4,15.4,1.0,0.0,18.0,1.0,0.2,1.0,0.0,0.0,0.0,0.0,1.0,0.0,18.0,1.0,0.2,1.0,997.5,997.5,997.5,997.5,1.0,0.0,18.0,1.0,0.2,1.0,,,,,,,,,,,,,,,,,,,,,,,,,,,,,,,,,,,,,,,,,,,,,,,,,,,,,,,,,,,,,,,,,,,,,,,,,,,,,,,,,,,,,,,,,,,,,,,,,,,,,,,,,,,,,,,,,,,,,,,,,,,,,,,,,,,,,,,,,,,,,,,,,,,,,,
1974,2,16.0,-41.0,,,,,,,,,,,,,,,,,,,,,,,,,,,,,,,,,,,,,,,,0.0,0.0,0.0,0.0,1.0,0.0,26.0,1.0,0.0,1.0,0.0,0.0,0.0,0.0,1.0,0.0,26.0,1.0,0.0,1.0,0.0,0.0,0.0,0.0,1.0,0.0,26.0,1.0,0.0,1.0,1013.0,1013.0,1013.0,1013.0,1.0,0.0,26.0,1.0,0.0,1.0,,,,,,,,,,,,,,,,,,,,,,,,,,,,,,,,,,,,,,,,,,,,,,,,,,,,,,,,,,,,,,,,,,,,,,,,,,,,,,,,,,,,,,,,,,,,,,,,,,,,,,,,,,,,,,,,,,,,,,,,,,,,,,,,,,,,,,,,,,,,,,,,,,,,,,
1974,2,16.0,-38.0,21.0,21.0,21.0,21.0,1.0,0.0,20.0,1.0,0.5,0.7,21.3,21.3,21.3,21.3,1.0,0.0,20.0,1.0,0.5,0.7,11.41,11.41,11.41,11.41,1.0,0.0,20.0,1.0,0.5,0.7,72.7,72.7,72.7,72.7,1.0,0.0,20.0,1.0,0.7,3.1,3.1,3.1,3.1,1.0,0.0,20.0,1.0,0.5,0.7,-1.99,-1.99,-1.99,-1.99,1.0,0.0,20.0,1.0,0.5,0.7,-2.37,-2.37,-2.37,-2.37,1.0,0.0,20.0,1.0,0.5,0.7,1014.4,1014.4,1014.4,1014.4,1.0,0.0,20.0,1.0,0.5,0.7,1.0,1.0,1.0,1.0,1.0,0.0,20.0,1.0,0.5,0.7,-6.2,-6.2,-6.2,-6.2,1.0,0.0,20.0,1.0,0.5,0.7,-7.4,-7.4,-7.4,-7.4,1.0,0.0,20.0,1.0,0.5,0.7,-0.3,-0.3,-0.3,-0.3,1.0,0.0,20.0,1.0,0.5,0.7,-0.9,-0.9,-0.9,-0.9,1.0,0.0,20.0,1.0,0.5,0.7,4.04,4.04,4.04,4.04,1.0,0.0,20.0,1.0,0.5,0.7,12.5,12.5,12.5,12.5,1.0,0.0,20.0,1.0,0.5,0.7,-42.4,-42.4,-42.4,-42.4,1.0,0.0,20.0,1.0,0.5,0.7,-50.6,-50.6,-50.6,-50.6,1.0,0.0,20.0,1.0,0.5,0.7,-22.7,-22.7,-22.7,-22.7,1.0,0.0,20.0,1.0,0.5,0.7,-27.1,-27.1,-27.1,-27.1,1.0,0.0,20.0,1.0,0.5,0.7,-8.1,-8.1,-8.1,-8.1,1.0,0.0,20.0,1.0,0.5,0.7,-9.6,-9.6,-9.6,-9.6,1.0,0.0,20.0,1.0,0.5,0.7,30.0,30.0,30.0,30.0,1.0,0.0,20.0,1.0,0.5,0.7,30.0,30.0,30.0,30.0,1.0,0.0,20.0,1.0,0.5,0.7
1974,2,16.0,-36.0,21.7,21.7,21.7,21.7,1.0,0.0,20.0,0.0,0.3,0.4,19.66,20.0,20.34,20.0,2.0,0.71,16.0,0.0,0.3,0.6,11.95,12.54,13.12,12.54,2.0,1.21,16.0,0.0,0.3,0.6,84.3,86.4,88.4,86.4,2.0,4.3,16.0,0.0,0.6,4.67,5.9,7.13,5.9,2.0,2.55,16.0,0.0,0.3,0.6,-4.16,-2.47,-0.79,-2.47,2.0,3.5,16.0,0.0,0.3,0.6,4.39,5.0,5.61,5.0,2.0,1.27,16.0,0.0,0.3,0.6,1014.29,1015.35,1016.41,1015.35,2.0,2.19,16.0,0.0,0.3,0.6,2.5,3.5,4.5,3.5,2.0,2.1,16.0,0.0,0.3,0.6,-32.1,-19.1,-6.0,-19.1,2.0,26.9,16.0,0.0,0.3,0.6,21.4,31.1,40.9,31.1,2.0,20.2,16.0,0.0,0.3,0.6,1.2,1.2,1.2,1.2,1.0,0.0,20.0,0.0,0.3,0.4,9.2,9.2,9.2,9.2,1.0,0.0,20.0,0.0,0.3,0.4,2.76,2.76,2.76,2.76,1.0,0.0,20.0,0.0,0.3,0.4,21.2,21.2,21.2,21.2,1.0,0.0,20.0,0.0,0.3,0.4,-85.4,-50.7,-16.1,-50.7,2.0,71.7,16.0,0.0,0.3,0.6,86.5,100.4,114.4,100.4,2.0,29.0,16.0,0.0,0.3,0.6,-55.8,-33.1,-10.5,-33.1,2.0,46.9,16.0,0.0,0.3,0.6,52.8,63.4,74.1,63.4,2.0,22.0,16.0,0.0,0.3,0.6,-13.7,-13.7,-13.7,-13.7,1.0,0.0,20.0,0.0,0.3,0.4,16.3,16.3,16.3,16.3,1.0,0.0,20.0,0.0,0.3,0.4,130.5,262.5,395.0,262.5,2.0,274.0,16.0,0.0,0.3,0.6,130.0,265.0,395.0,265.0,2.0,275.0,16.0,0.0,0.3,0.6
1974,2,16.0,-35.0,19.38,20.25,21.12,19.97,6.0,1.54,16.0,0.2,0.6,0.8,19.29,19.8,20.67,19.8,7.0,1.44,16.0,0.1,0.6,0.8,10.7,12.79,14.23,12.48,4.0,2.39,18.0,0.3,0.7,0.7,81.2,87.7,90.1,85.7,4.0,6.6,18.0,0.3,0.7,6.2,10.15,11.89,9.21,8.0,3.0,16.0,0.1,0.6,0.8,-5.57,0.0,4.77,-0.29,8.0,6.25,16.0,0.1,0.6,0.8,-2.19,7.06,10.27,5.38,8.0,5.81,16.0,0.1,0.6,0.8,1010.94,1012.8,1017.75,1013.36,8.0,3.65,16.0,0.1,0.6,0.8,2.1,5.0,7.9,5.0,8.0,2.6,16.0,0.1,0.6,0.8,-65.5,0.0,29.6,-8.2,8.0,70.8,16.0,0.1,0.6,0.8,-14.2,61.3,119.4,55.1,8.0,64.3,16.0,0.1,0.6,0.8,-0.47,0.25,0.81,0.17,6.0,1.03,16.0,0.2,0.6,0.8,-2.6,3.2,7.3,2.3,6.0,6.5,16.0,0.2,0.6,0.8,1.03,2.47,3.09,2.08,4.0,1.47,18.0,0.3,0.7,0.7,8.2,19.1,24.7,16.5,4.0,11.9,18.0,0.3,0.7,0.7,-122.9,0.0,97.8,-9.3,7.0,134.1,16.0,0.1,0.6,0.8,-54.4,114.2,206.1,98.3,7.0,118.0,16.0,0.1,0.6,0.8,-81.6,-12.9,26.3,-27.0,4.0,76.9,18.0,0.3,0.7,0.7,18.7,73.8,94.6,57.4,4.0,60.2,18.0,0.3,0.7,0.7,-14.6,-3.6,7.8,-3.4,4.0,15.1,18.0,0.3,0.7,0.7,-4.5,9.0,18.9,7.3,4.0,13.8,18.0,0.3,0.7,0.7,238.5,1067.5,1684.0,994.0,8.0,757.5,16.0,0.1,0.6,0.8,240.0,1070.0,1685.0,995.0,8.0,755.0,16.0,0.1,0.6,0.8
1974,2,16.0,-34.0,18.8,19.8,20.2,19.5,20.0,0.99,14.0,0.5,0.6,0.7,18.61,20.0,20.8,20.0,20.0,1.25,14.0,0.5,0.6,0.7,10.84,12.53,13.36,12.22,16.0,1.54,14.0,0.5,0.6,0.7,78.2,87.1,89.1,84.2,17.0,7.5,14.0,0.5,0.7,5.12,8.2,10.3,8.02,20.0,2.9,14.0,0.5,0.6,0.7,-4.35,-1.83,2.52,-1.1,20.0,3.72,14.0,0.5,0.6,0.7,3.91,7.53,9.98,6.66,20.0,3.78,14.0,0.5,0.6,0.7,1007.69,1011.9,1016.29,1012.22,19.0,4.05,14.0,0.5,0.6,0.7,0.0,4.0,7.0,3.3,19.0,3.0,14.0,0.5,0.6,0.7,-37.8,-13.9,12.8,-10.5,20.0,32.0,14.0,0.5,0.6,0.7,20.0,64.4,99.7,62.5,20.0,49.5,14.0,0.5,0.6,0.7,-1.59,-0.2,0.5,-0.49,20.0,1.22,14.0,0.5,0.6,0.7,-13.0,-1.1,2.8,-3.8,20.0,11.0,14.0,0.5,0.6,0.7,1.01,1.93,3.2,2.17,16.0,1.3,14.0,0.5,0.6,0.7,7.1,16.2,30.0,19.2,16.0,16.8,14.0,0.5,0.6,0.7,-90.5,-35.5,51.6,-22.1,20.0,75.0,14.0,0.5,0.6,0.7,78.3,154.3,205.5,133.1,20.0,73.6,14.0,0.5,0.6,0.7,-57.4,-39.1,19.6,-23.5,16.0,42.6,14.0,0.5,0.6,0.7,55.0,90.4,113.7,86.8,16.0,30.1,14.0,0.5,0.6,0.7,-10.1,-3.8,4.8,-2.6,16.0,8.9,14.0,0.5,0.6,0.7,5.4,13.2,27.4,17.0,16.0,16.8,14.0,0.5,0.6,0.7,134.5,551.5,1091.5,703.5,20.0,680.5,14.0,0.5,0.6,0.7,135.0,550.0,1090.0,705.0,20.0,680.0,14.0,0.5,0.6,0.7
1974,2,16.0,-33.0,17.0,18.6,20.0,18.52,117.0,1.72,14.0,0.4,0.5,0.6,18.0,19.0,20.35,19.33,116.0,1.51,14.0,0.4,0.5,0.6,11.19,11.99,12.89,11.99,78.0,1.04,14.0,0.4,0.5,0.7,82.2,88.2,92.7,87.6,79.0,6.5,14.0,0.4,0.7,4.46,8.2,11.23,8.03,113.0,3.67,14.0,0.4,0.5,0.6,-4.19,0.0,2.29,-0.71,113.0,3.08,14.0,0.4,0.5,0.6,1.04,7.7,10.83,6.81,113.0,4.67,14.0,0.4,0.5,0.6,1009.22,1012.7,1015.4,1012.48,115.0,3.14,14.0,0.4,0.5,0.6,0.0,0.0,6.0,2.1,113.0,2.8,14.0,0.4,0.5,0.6,-39.3,0.0,13.4,-12.4,113.0,31.3,14.0,0.4,0.5,0.6,3.1,63.0,121.8,69.8,113.0,61.5,14.0,0.4,0.5,0.6,-2.81,-0.9,0.6,-0.84,114.0,1.86,14.0,0.4,0.5,0.6,-18.9,-4.1,4.6,-6.4,108.0,16.3,14.0,0.4,0.5,0.6,0.1,1.33,2.38,1.29,77.0,1.41,14.0,0.4,0.5,0.7,0.4,6.1,23.7,11.0,72.0,14.8,14.0,0.4,0.5,0.7,-81.7,0.0,46.6,-13.9,110.0,60.5,14.0,0.4,0.5,0.6,20.1,146.2,215.7,130.5,110.0,91.5,14.0,0.4,0.5,0.6,-40.4,0.0,29.0,-3.5,73.0,35.5,14.0,0.4,0.5,0.7,12.1,91.2,118.9,75.4,73.0,58.0,14.0,0.4,0.5,0.7,-5.6,0.0,2.8,-1.4,72.0,5.3,14.0,0.4,0.5,0.7,0.0,5.2,23.7,10.0,72.0,14.5,14.0,0.4,0.5,0.7,90.0,551.5,1420.5,838.5,113.0,926.5,14.0,0.4,0.5,0.6,90.0,550.0,1420.0,840.0,113.0,925.0,14.0,0.4,0.5,0.6
1974,2,16.0,-32.0,17.2,18.9,19.65,18.6,61.0,1.53,14.0,0.5,0.3,0.4,18.24,19.3,20.25,19.32,60.0,1.06,14.0,0.5,0.3,0.4,11.2,12.06,13.22,12.1,55.0,1.1,14.0,0.5,0.3,0.4,79.2,88.4,93.9,87.2,56.0,7.4,14.0,0.5,0.4,5.1,8.7,12.3,8.77,61.0,3.43,12.0,0.5,0.3,0.4,-3.47,-1.51,1.19,-1.23,61.0,2.6,12.0,0.5,0.3,0.4,4.9,8.49,12.11,8.31,61.0,3.36,12.0,0.5,0.3,0.4,1009.7,1012.1,1014.36,1011.99,62.0,2.45,14.0,0.5,0.3,0.4,0.0,1.0,7.0,2.4,60.0,3.1,14.0,0.5,0.3,0.4,-33.2,-10.3,4.7,-14.6,61.0,29.7,12.0,0.5,0.3,0.4,24.7,74.5,149.0,84.0,61.0,61.0,12.0,0.5,0.3,0.4,-2.2,-0.5,0.1,-0.76,58.0,1.39,12.0,0.5,0.3,0.4,-18.8,-5.0,0.9,-6.2,56.0,14.6,12.0,0.5,0.3,0.4,0.0,1.04,2.6,1.23,54.0,1.62,12.0,0.5,0.3,0.4,0.0,8.0,27.7,12.8,52.0,18.3,12.0,0.5,0.3,0.4,-68.3,-27.4,28.2,-22.8,58.0,50.0,12.0,0.5,0.3,0.4,94.9,159.1,233.6,159.2,58.0,63.9,12.0,0.5,0.3,0.4,-44.1,-21.6,16.5,-15.3,53.0,30.0,12.0,0.5,0.3,0.4,63.5,99.8,144.1,99.8,53.0,36.8,12.0,0.5,0.3,0.4,-4.1,-0.3,0.6,-2.3,52.0,5.6,12.0,0.5,0.3,0.4,0.0,7.5,26.1,12.3,52.0,17.7,12.0,0.5,0.3,0.4,132.5,658.5,1861.0,984.5,61.0,1015.0,12.0,0.5,0.3,0.4,135.0,660.0,1860.0,985.0,61.0,1015.0,12.0,0.5,0.3,0.4
1974,2,16.0,-31.0,16.15,17.0,18.53,16.82,11.0,2.0,16.0,0.4,0.5,0.6,17.0,18.35,19.0,18.13,12.0,1.09,16.0,0.3,0.4,0.7,10.35,11.8,12.7,11.65,10.0,1.18,16.0,0.3,0.5,0.7,80.5,92.1,94.5,89.6,10.0,7.4,16.0,0.3,0.7,2.0,8.0,12.57,7.84,10.0,5.75,16.0,0.3,0.4,0.6,-5.51,-1.67,0.05,-2.27,10.0,3.03,16.0,0.3,0.4,0.6,1.77,6.93,11.27,7.22,10.0,5.35,16.0,0.3,0.4,0.6,1009.55,1012.0,1014.03,1011.59,12.0,2.56,16.0,0.3,0.4,0.7,0.0,1.5,5.0,2.6,8.0,3.0,16.0,0.3,0.5,0.7,-69.4,-11.2,0.0,-30.2,10.0,41.0,16.0,0.3,0.4,0.6,6.1,56.9,141.6,84.1,10.0,94.7,16.0,0.3,0.4,0.6,-2.58,-0.7,-0.06,-1.28,11.0,2.38,16.0,0.4,0.5,0.6,-23.8,-11.5,-1.7,-13.2,9.0,16.6,14.0,0.3,0.5,0.6,-1.05,0.62,1.45,0.16,10.0,1.99,16.0,0.3,0.5,0.7,-8.1,4.5,8.1,-0.6,8.0,13.3,16.0,0.3,0.5,0.7,-100.8,-31.8,0.9,-41.3,10.0,54.4,16.0,0.3,0.4,0.6,30.3,130.8,198.0,130.6,10.0,95.7,16.0,0.3,0.4,0.6,-70.8,-44.5,0.0,-36.8,8.0,32.8,16.0,0.3,0.5,0.7,64.3,102.1,132.1,100.6,8.0,56.8,16.0,0.3,0.5,0.7,-2.8,-0.7,0.2,0.7,8.0,5.9,16.0,0.3,0.5,0.7,-8.1,4.2,7.6,-0.4,8.0,11.8,16.0,0.3,0.5,0.7,27.5,552.5,1996.0,1211.5,10.0,1798.0,16.0,0.3,0.4,0.6,25.0,555.0,1995.0,1210.0,10.0,1800.0,16.0,0.3,0.4,0.6
1974,2,16.0,-30.0,,,,,,,,,,,,,,,,,,,,,,,,,,,,,,,,,,,,,,,,8.0,8.5,10.57,9.25,4.0,1.89,10.0,0.8,0.2,0.3,-7.86,-6.75,-4.85,-6.37,4.0,1.86,10.0,0.8,0.2,0.3,-8.1,-3.45,3.63,-2.29,4.0,7.28,10.0,0.8,0.2,0.3,1017.17,1018.4,1019.63,1018.4,2.0,2.55,18.0,0.5,0.1,0.3,,,,,,,,,,,,,,,,,,,,,,,,,,,,,,,,,,,,,,,,,,,,,,,,,,,,,,,,,,,,,,,,,,,,,,,,,,,,,,,,,,,,,,,,,,,,,,,,,,,,,,,,,,,,,,,,,,,,,,,,,,,,,,,,,,,,,,,,,,,,,,,,,,,,,,
1974,2,16.0,-29.0,13.8,14.45,15.1,14.45,2.0,1.34,8.0,0.0,0.5,0.3,18.0,18.0,18.0,18.0,1.0,0.0,14.0,0.0,0.3,0.4,11.3,11.3,11.3,11.3,1.0,0.0,14.0,0.0,0.3,0.4,88.1,88.1,88.1,88.1,1.0,0.0,14.0,0.0,0.4,1.0,1.0,1.0,1.0,1.0,0.0,14.0,0.0,0.3,0.4,-0.17,-0.17,-0.17,-0.17,1.0,0.0,14.0,0.0,0.3,0.4,0.98,0.98,0.98,0.98,1.0,0.0,14.0,0.0,0.3,0.4,1012.28,1014.6,1016.92,1014.6,2.0,4.81,8.0,0.0,0.5,0.3,2.1,4.5,6.9,4.5,2.0,4.9,8.0,0.0,0.5,0.3,-0.2,-0.2,-0.2,-0.2,1.0,0.0,14.0,0.0,0.3,0.4,1.0,1.0,1.0,1.0,1.0,0.0,14.0,0.0,0.3,0.4,-4.5,-4.5,-4.5,-4.5,1.0,0.0,14.0,0.0,0.3,0.4,-4.5,-4.5,-4.5,-4.5,1.0,0.0,14.0,0.0,0.3,0.4,-1.69,-1.69,-1.69,-1.69,1.0,0.0,14.0,0.0,0.3,0.4,-1.7,-1.7,-1.7,-1.7,1.0,0.0,14.0,0.0,0.3,0.4,-3.1,-3.1,-3.1,-3.1,1.0,0.0,14.0,0.0,0.3,0.4,17.7,17.7,17.7,17.7,1.0,0.0,14.0,0.0,0.3,0.4,-2.0,-2.0,-2.0,-2.0,1.0,0.0,14.0,0.0,0.3,0.4,11.1,11.1,11.1,11.1,1.0,0.0,14.0,0.0,0.3,0.4,0.3,0.3,0.3,0.3,1.0,0.0,14.0,0.0,0.3,0.4,-1.7,-1.7,-1.7,-1.7,1.0,0.0,14.0,0.0,0.3,0.4,1.0,1.0,1.0,1.0,1.0,0.0,14.0,0.0,0.3,0.4,0.0,0.0,0.0,0.0,1.0,0.0,14.0,0.0,0.3,0.4
1974,2,16.0,32.0,14.21,15.75,17.29,15.75,2.0,3.18,18.0,1.0,0.3,0.7,10.85,13.75,16.65,13.75,2.0,6.01,18.0,1.0,0.3,0.7,8.95,8.95,8.95,8.95,1.0,0.0,12.0,1.0,0.3,0.7,70.7,70.7,70.7,70.7,1.0,0.0,12.0,1.0,0.7,5.14,6.3,7.46,6.3,2.0,2.4,18.0,1.0,0.3,0.7,-4.43,-0.76,2.9,-0.76,2.0,7.59,18.0,1.0,0.3,0.7,-4.33,-2.57,-0.82,-2.57,2.0,3.64,18.0,1.0,0.3,0.7,1003.55,1011.6,1019.65,1011.6,2.0,16.69,18.0,1.0,0.3,0.7,3.0,5.0,7.0,5.0,2.0,4.2,18.0,1.0,0.3,0.7,-37.9,-13.9,10.0,-13.9,2.0,49.6,18.0,1.0,0.3,0.7,-34.6,-20.6,-6.5,-20.6,2.0,29.1,18.0,1.0,0.3,0.7,0.63,2.0,3.37,2.0,2.0,2.83,18.0,1.0,0.3,0.7,5.1,16.0,26.9,16.0,2.0,22.6,18.0,1.0,0.3,0.7,3.74,3.74,3.74,3.74,1.0,0.0,12.0,1.0,0.3,0.7,17.2,17.2,17.2,17.2,1.0,0.0,12.0,1.0,0.3,0.7,-35.8,12.3,60.4,12.3,2.0,99.7,18.0,1.0,0.3,0.7,-41.1,-24.4,-7.8,-24.4,2.0,34.5,18.0,1.0,0.3,0.7,41.2,41.2,41.2,41.2,1.0,0.0,12.0,1.0,0.3,0.7,0.0,0.0,0.0,0.0,1.0,0.0,12.0,1.0,0.3,0.7,17.2,17.2,17.2,17.2,1.0,0.0,12.0,1.0,0.3,0.7,0.0,0.0,0.0,0.0,1.0,0.0,12.0,1.0,0.3,0.7,163.0,304.5,446.0,304.5,2.0,293.0,18.0,1.0,0.3,0.7,165.0,305.0,445.0,305.0,2.0,295.0,18.0,1.0,0.3,0.7
1974,2,16.0,33.0,17.16,17.5,17.84,17.5,2.0,0.71,22.0,1.0,0.3,0.1,19.0,19.0,19.0,19.0,1.0,0.0,14.0,1.0,0.6,0.2,7.65,7.65,7.65,7.65,1.0,0.0,14.0,1.0,0.6,0.2,55.9,55.9,55.9,55.9,1.0,0.0,14.0,1.0,0.2,5.24,5.55,5.86,5.55,2.0,0.64,22.0,1.0,0.3,0.1,0.82,2.6,4.37,2.6,2.0,3.67,22.0,1.0,0.3,0.1,-1.71,1.05,3.81,1.05,2.0,5.73,22.0,1.0,0.3,0.1,1009.19,1013.25,1017.31,1013.25,2.0,8.41,22.0,1.0,0.3,0.1,4.6,6.0,7.4,6.0,2.0,2.8,22.0,1.0,0.3,0.1,4.9,15.6,26.2,15.6,2.0,22.0,22.0,1.0,0.3,0.1,-11.0,4.0,19.0,4.0,2.0,31.1,22.0,1.0,0.3,0.1,-2.0,-2.0,-2.0,-2.0,1.0,0.0,14.0,1.0,0.6,0.2,-10.2,-10.2,-10.2,-10.2,1.0,0.0,14.0,1.0,0.6,0.2,4.45,4.45,4.45,4.45,1.0,0.0,14.0,1.0,0.6,0.2,22.7,22.7,22.7,22.7,1.0,0.0,14.0,1.0,0.6,0.2,0.0,0.0,0.0,0.0,1.0,0.0,14.0,1.0,0.6,0.2,96.9,96.9,96.9,96.9,1.0,0.0,14.0,1.0,0.6,0.2,0.0,0.0,0.0,0.0,1.0,0.0,14.0,1.0,0.6,0.2,39.0,39.0,39.0,39.0,1.0,0.0,14.0,1.0,0.6,0.2,0.0,0.0,0.0,0.0,1.0,0.0,14.0,1.0,0.6,0.2,22.7,22.7,22.7,22.7,1.0,0.0,14.0,1.0,0.6,0.2,146.0,174.5,203.0,174.5,2.0,59.0,22.0,1.0,0.3,0.1,145.0,175.0,205.0,175.0,2.0,60.0,22.0,1.0,0.3,0.1
1974,2,16.0,34.0,,,,,,,,,,,,,,,,,,,,,,,,,,,,,,,,,,,,,,,,6.9,11.0,15.1,11.0,2.0,8.49,14.0,1.0,0.1,0.4,-12.99,-9.28,-5.56,-9.28,2.0,7.7,14.0,1.0,0.1,0.4,-6.64,-2.64,1.35,-2.64,2.0,8.28,14.0,1.0,0.1,0.4,999.39,1009.05,1018.71,1009.05,2.0,20.01,14.0,1.0,0.1,0.4,,,,,,,,,,,,,,,,,,,,,,,,,,,,,,,,,,,,,,,,,,,,,,,,,,,,,,,,,,,,,,,,,,,,,,,,,,,,,,,,,,,,,,,,,,,,,,,,,,,,,,,,,,,,,,,,,,,,,,,,,,,,,,,,,,,,,,,,,,,,,,,,,,,,,,
1974,2,16.0,35.0,14.67,15.25,16.0,15.37,22.0,0.93,8.0,0.3,0.4,0.5,13.0,14.1,16.5,14.95,20.0,2.03,10.0,0.4,0.5,0.5,6.79,7.9,8.71,7.82,6.0,1.01,10.0,0.0,0.4,0.6,72.4,80.2,84.5,78.7,6.0,7.0,10.0,0.0,0.6,7.33,10.0,12.0,9.79,22.0,2.98,8.0,0.4,0.4,0.5,-3.86,1.56,8.95,2.46,22.0,5.91,8.0,0.4,0.4,0.5,-8.55,4.1,10.22,1.92,22.0,8.0,8.0,0.4,0.4,0.5,1010.01,1019.1,1025.31,1017.66,19.0,8.73,10.0,0.4,0.5,0.5,0.7,3.0,5.0,3.1,18.0,2.0,8.0,0.4,0.5,0.5,-35.9,11.7,80.6,28.0,22.0,77.5,8.0,0.4,0.4,0.5,-91.2,20.7,109.1,15.5,22.0,92.5,8.0,0.4,0.4,0.5,-1.2,0.8,2.2,0.72,19.0,1.59,10.0,0.3,0.5,0.6,-7.5,6.0,20.3,5.7,16.0,15.5,10.0,0.4,0.4,0.5,1.63,2.47,3.95,2.69,6.0,1.13,10.0,0.0,0.4,0.6,24.4,30.2,33.4,29.1,5.0,7.7,10.0,0.0,0.3,0.6,-47.0,28.5,128.8,43.6,17.0,87.2,10.0,0.4,0.4,0.5,-122.8,0.0,166.8,18.9,17.0,128.1,10.0,0.4,0.4,0.5,-45.7,-18.8,92.5,17.7,5.0,80.9,10.0,0.0,0.3,0.6,-72.6,0.0,99.5,10.9,5.0,87.7,10.0,0.0,0.3,0.6,-14.5,-3.0,30.8,6.5,5.0,24.6,10.0,0.0,0.3,0.6,-19.1,0.0,19.9,0.1,5.0,21.3,10.0,0.0,0.3,0.6,399.0,1000.0,1728.0,1201.5,22.0,1210.0,8.0,0.4,0.4,0.5,400.0,1000.0,1730.0,1200.0,22.0,1210.0,8.0,0.4,0.4,0.5
1974,2,16.0,36.0,14.3,15.0,16.28,15.37,75.0,1.14,16.0,0.4,0.5,0.4,12.1,14.2,16.0,14.13,78.0,1.81,16.0,0.4,0.5,0.4,6.57,7.45,9.27,7.64,28.0,1.49,16.0,0.4,0.5,0.4,66.5,77.0,86.8,75.2,29.0,12.8,16.0,0.4,0.4,4.0,7.7,12.94,8.24,74.0,4.32,16.0,0.4,0.5,0.4,-4.72,1.68,8.28,1.89,74.0,6.79,16.0,0.4,0.5,0.4,-3.36,0.0,5.76,0.42,74.0,6.13,16.0,0.4,0.5,0.4,1002.95,1016.0,1021.35,1013.24,77.0,8.2,16.0,0.4,0.5,0.4,0.0,3.0,7.0,3.8,76.0,2.7,16.0,0.4,0.4,0.4,-31.9,7.0,85.7,18.7,74.0,82.9,16.0,0.4,0.5,0.4,-25.6,0.0,60.5,-0.2,74.0,84.2,16.0,0.4,0.5,0.4,-0.3,1.0,3.11,1.22,73.0,1.96,16.0,0.4,0.5,0.4,-4.1,4.9,17.7,9.7,67.0,23.9,14.0,0.4,0.5,0.4,1.46,3.03,4.33,3.1,28.0,1.5,16.0,0.4,0.5,0.4,7.8,17.4,43.5,21.9,27.0,17.4,16.0,0.4,0.5,0.4,-59.3,28.4,119.5,29.1,72.0,96.9,16.0,0.4,0.5,0.4,-54.3,0.0,79.3,9.7,72.0,79.6,16.0,0.4,0.5,0.4,-40.9,17.1,62.2,12.3,27.0,48.0,16.0,0.4,0.5,0.4,-15.6,0.0,42.4,8.0,27.0,38.0,16.0,0.4,0.5,0.4,-14.7,3.2,27.6,7.5,27.0,23.4,16.0,0.4,0.5,0.4,-6.2,0.0,12.2,2.1,27.0,13.9,16.0,0.4,0.5,0.4,64.0,456.5,2167.5,1050.5,74.0,1416.5,16.0,0.4,0.5,0.4,65.0,455.0,2170.0,1050.0,74.0,1415.0,16.0,0.4,0.5,0.4
1974,2,16.0,37.0,13.93,15.0,16.0,14.9,47.0,1.24,16.0,0.5,0.5,0.5,12.5,14.3,16.0,14.34,55.0,2.1,16.0,0.5,0.4,0.5,6.59,7.99,9.04,7.78,28.0,1.16,16.0,0.4,0.5,0.4,63.8,77.9,86.4,75.9,29.0,11.4,16.0,0.3,0.4,2.6,6.7,11.91,7.11,52.0,4.45,16.0,0.5,0.4,0.5,-3.68,1.26,6.66,1.47,52.0,6.66,16.0,0.5,0.4,0.5,-1.78,1.64,6.5,1.59,52.0,4.72,16.0,0.5,0.4,0.5,1006.24,1010.1,1018.15,1011.77,54.0,7.14,16.0,0.5,0.4,0.5,0.0,2.0,8.0,3.2,51.0,3.1,16.0,0.5,0.4,0.5,-20.3,3.5,70.1,12.0,52.0,89.5,16.0,0.5,0.4,0.5,-6.2,8.2,58.0,13.5,52.0,52.1,16.0,0.5,0.4,0.5,-1.76,0.5,3.0,0.51,47.0,2.44,16.0,0.5,0.5,0.5,-10.5,0.8,10.5,-1.0,44.0,18.7,16.0,0.5,0.4,0.5,0.75,2.79,3.82,2.52,22.0,1.5,14.0,0.4,0.5,0.5,5.4,18.1,38.4,20.2,22.0,17.8,14.0,0.4,0.5,0.5,-52.5,18.0,112.0,21.9,52.0,96.2,16.0,0.5,0.4,0.5,-25.5,22.1,95.4,25.4,52.0,73.8,16.0,0.5,0.4,0.5,-22.6,33.6,53.0,14.2,28.0,54.0,16.0,0.4,0.5,0.4,1.0,24.4,52.8,22.6,28.0,31.1,16.0,0.4,0.5,0.4,-8.0,7.1,27.5,7.6,22.0,24.7,14.0,0.4,0.5,0.5,0.2,6.7,11.2,5.7,22.0,6.2,14.0,0.4,0.5,0.5,17.5,301.0,1691.0,820.5,52.0,1331.5,16.0,0.5,0.4,0.5,20.0,300.0,1690.0,820.0,52.0,1330.0,16.0,0.5,0.4,0.5
1974,2,16.0,38.0,13.0,14.0,15.68,14.3,17.0,1.41,10.0,0.6,0.5,0.2,12.27,15.0,16.23,14.77,17.0,2.17,10.0,0.6,0.5,0.2,6.25,6.73,7.22,6.73,2.0,1.01,8.0,1.0,0.6,0.2,68.6,69.5,70.5,69.5,2.0,2.0,8.0,1.0,0.2,2.75,4.8,10.42,6.52,16.0,4.24,10.0,0.7,0.5,0.2,-2.2,0.77,7.75,1.79,16.0,5.04,10.0,0.7,0.5,0.2,-1.07,3.15,8.38,3.49,16.0,4.64,10.0,0.7,0.5,0.2,1006.49,1013.5,1020.55,1012.02,17.0,9.1,10.0,0.6,0.5,0.2,0.1,5.0,7.9,4.3,14.0,3.0,12.0,0.7,0.5,0.2,-12.9,1.5,70.2,19.8,16.0,55.2,10.0,0.7,0.5,0.2,-2.8,15.7,82.1,35.6,16.0,57.3,10.0,0.7,0.5,0.2,-2.0,-0.3,1.23,-0.47,17.0,2.37,10.0,0.6,0.5,0.2,-17.5,-0.7,8.3,-4.1,16.0,15.9,10.0,0.7,0.5,0.2,2.67,3.11,3.55,3.11,2.0,0.91,8.0,1.0,0.6,0.2,38.4,39.3,40.2,39.3,2.0,1.9,8.0,1.0,0.6,0.2,-33.1,12.3,101.1,22.4,16.0,72.0,10.0,0.7,0.5,0.2,-18.1,43.4,126.8,52.8,16.0,71.7,10.0,0.7,0.5,0.2,63.1,67.4,71.7,67.4,2.0,8.9,8.0,1.0,0.6,0.2,32.7,55.0,77.4,55.0,2.0,46.4,8.0,1.0,0.6,0.2,26.6,31.3,36.0,31.3,2.0,9.7,8.0,1.0,0.6,0.2,16.3,21.5,26.7,21.5,2.0,10.7,8.0,1.0,0.6,0.2,21.0,111.0,1138.5,639.0,16.0,963.0,10.0,0.7,0.5,0.2,20.0,110.0,1140.0,640.0,16.0,965.0,10.0,0.7,0.5,0.2
1974,2,16.0,39.0,,,,,,,,,,,,,,,,,,,,,,,,,,,,,,,,,,,,,,,,10.8,10.8,10.8,10.8,1.0,0.0,26.0,0.0,0.6,0.4,-5.4,-5.4,-5.4,-5.4,1.0,0.0,26.0,0.0,0.6,0.4,-9.35,-9.35,-9.35,-9.35,1.0,0.0,26.0,0.0,0.6,0.4,1013.9,1013.9,1013.9,1013.9,1.0,0.0,26.0,0.0,0.6,0.4,6.0,6.0,6.0,6.0,1.0,0.0,26.0,0.0,0.6,0.4,-58.3,-58.3,-58.3,-58.3,1.0,0.0,26.0,0.0,0.6,0.4,-101.0,-101.0,-101.0,-101.0,1.0,0.0,26.0,0.0,0.6,0.4,,,,,,,,,,,,,,,,,,,,,,,,,,,,,,,,,,,,,,,,,-71.8,-71.8,-71.8,-71.8,1.0,0.0,26.0,0.0,0.6,0.4,-124.4,-124.4,-124.4,-124.4,1.0,0.0,26.0,0.0,0.6,0.4,-41.0,-41.0,-41.0,-41.0,1.0,0.0,26.0,0.0,0.6,0.4,-71.1,-71.1,-71.1,-71.1,1.0,0.0,26.0,0.0,0.6,0.4,,,,,,,,,,,,,,,,,,,,,,,,,,,,,,,,,,,,,,,,
1974,2,16.0,41.0,11.9,13.0,15.06,13.28,13.0,1.7,14.0,0.7,0.8,0.7,11.0,12.4,15.0,12.86,17.0,1.98,14.0,0.7,0.8,0.7,5.35,6.05,6.81,6.08,4.0,0.86,18.0,1.0,0.8,0.7,61.5,62.7,78.5,69.7,4.0,15.1,18.0,1.0,0.7,3.38,6.7,9.0,6.72,16.0,3.47,14.0,0.8,0.8,0.7,-5.97,-1.15,3.66,-0.96,16.0,5.06,14.0,0.8,0.8,0.7,-2.24,2.73,5.6,2.49,16.0,5.2,14.0,0.8,0.8,0.7,1002.09,1009.5,1018.04,1009.65,17.0,9.62,14.0,0.7,0.8,0.7,4.4,6.0,8.0,5.6,16.0,2.6,14.0,0.8,0.8,0.7,-49.4,-3.4,22.9,-10.7,16.0,45.1,14.0,0.8,0.8,0.7,-12.4,14.1,41.6,25.4,16.0,65.2,14.0,0.8,0.8,0.7,-2.01,-0.5,4.14,0.59,13.0,2.92,14.0,0.7,0.8,0.7,-14.5,-2.2,18.8,3.8,12.0,22.9,12.0,0.8,0.8,0.7,2.34,2.73,3.58,2.96,3.0,0.93,16.0,1.0,0.7,0.7,15.7,18.3,33.8,24.6,3.0,14.3,16.0,1.0,0.7,0.7,-70.0,-12.6,41.1,-13.4,16.0,65.3,14.0,0.8,0.8,0.7,-29.4,41.2,75.1,34.7,16.0,64.5,14.0,0.8,0.8,0.7,-48.3,-30.6,-3.9,-26.3,4.0,33.4,18.0,1.0,0.8,0.7,-5.8,29.7,33.0,14.3,4.0,33.7,18.0,1.0,0.8,0.7,-27.2,-9.3,3.3,-11.9,3.0,22.4,16.0,1.0,0.7,0.7,-10.5,11.1,14.3,2.1,3.0,19.7,16.0,1.0,0.7,0.7,41.0,301.0,729.0,568.5,16.0,989.5,14.0,0.8,0.8,0.7,40.0,300.0,730.0,570.0,16.0,990.0,14.0,0.8,0.8,0.7
1974,2,16.0,42.0,12.99,14.0,15.0,13.82,45.0,1.05,14.0,0.5,0.4,0.5,10.0,12.0,14.7,12.29,47.0,2.22,14.0,0.5,0.4,0.5,5.97,6.78,7.55,6.63,11.0,0.99,12.0,0.7,0.4,0.4,61.9,78.1,83.3,73.0,11.0,13.9,12.0,0.7,0.4,1.33,4.6,6.7,4.74,47.0,3.0,14.0,0.5,0.4,0.5,-4.31,-1.35,2.49,-1.28,47.0,3.78,14.0,0.5,0.4,0.5,-3.85,1.5,4.7,1.18,47.0,3.82,14.0,0.5,0.4,0.5,1005.78,1011.75,1019.45,1011.31,48.0,8.04,14.0,0.5,0.4,0.5,0.0,4.5,8.0,4.3,44.0,3.0,14.0,0.5,0.4,0.5,-28.9,-2.8,7.6,-9.1,47.0,34.5,14.0,0.5,0.4,0.5,-17.7,3.4,32.8,6.9,47.0,31.5,14.0,0.5,0.4,0.5,-0.34,1.5,3.51,1.62,44.0,2.42,14.0,0.5,0.4,0.5,-0.1,5.2,20.1,7.4,43.0,12.1,14.0,0.5,0.4,0.4,2.29,2.87,3.25,2.77,9.0,0.61,12.0,0.8,0.4,0.4,3.6,16.0,19.6,13.0,9.0,8.1,12.0,0.8,0.4,0.4,-60.2,-20.1,26.5,-16.9,46.0,46.6,14.0,0.5,0.4,0.5,-43.1,20.0,59.0,16.8,46.0,48.9,14.0,0.5,0.4,0.5,-28.7,0.0,11.6,-6.7,11.0,23.1,12.0,0.7,0.4,0.4,-15.1,8.9,31.3,8.6,11.0,27.1,12.0,0.7,0.4,0.4,-13.4,0.0,3.2,-3.1,9.0,9.6,12.0,0.8,0.4,0.4,-9.9,2.3,14.2,2.7,9.0,12.0,12.0,0.8,0.4,0.4,3.5,97.5,301.0,248.0,47.0,434.0,14.0,0.5,0.4,0.5,5.0,95.0,300.0,250.0,47.0,435.0,14.0,0.5,0.4,0.5
1974,2,16.0,43.0,12.0,13.75,15.0,13.68,14.0,1.53,14.0,0.6,0.3,0.2,11.92,13.0,14.89,13.16,15.0,2.44,16.0,0.6,0.3,0.2,6.66,6.66,6.66,6.66,1.0,0.0,20.0,1.0,0.4,0.1,77.0,77.0,77.0,77.0,1.0,0.0,20.0,1.0,0.1,2.6,4.6,6.7,5.21,16.0,4.16,16.0,0.6,0.3,0.2,-5.54,-2.47,2.21,-2.16,16.0,4.02,16.0,0.6,0.3,0.2,-3.31,0.0,4.52,1.16,16.0,4.86,16.0,0.6,0.3,0.2,1005.09,1013.7,1021.5,1014.39,16.0,8.63,16.0,0.6,0.3,0.2,0.8,3.0,7.6,3.9,16.0,3.0,16.0,0.6,0.3,0.2,-37.1,-8.7,7.1,-21.9,16.0,48.1,16.0,0.6,0.3,0.2,-15.2,0.0,27.5,19.7,16.0,58.6,16.0,0.6,0.3,0.2,-1.94,0.0,2.94,0.51,14.0,2.21,14.0,0.6,0.3,0.2,-3.3,0.0,17.7,3.9,14.0,9.0,14.0,0.6,0.3,0.2,3.28,3.28,3.28,3.28,1.0,0.0,20.0,1.0,0.4,0.1,11.8,11.8,11.8,11.8,1.0,0.0,20.0,1.0,0.4,0.1,-78.8,-35.5,29.5,-29.0,15.0,52.1,16.0,0.6,0.3,0.2,-38.7,0.0,42.3,13.4,15.0,62.3,16.0,0.6,0.3,0.2,-22.5,-22.5,-22.5,-22.5,1.0,0.0,20.0,1.0,0.4,0.1,8.2,8.2,8.2,8.2,1.0,0.0,20.0,1.0,0.4,0.1,-11.1,-11.1,-11.1,-11.1,1.0,0.0,20.0,1.0,0.4,0.1,4.0,4.0,4.0,4.0,1.0,0.0,20.0,1.0,0.4,0.1,17.5,97.5,301.0,478.5,16.0,1078.0,16.0,0.6,0.3,0.2,20.0,95.0,300.0,480.0,16.0,1080.0,16.0,0.6,0.3,0.2
1974,2,16.0,54.0,,,,,,,,,,,,,,,,,,,,,,,,,,,,,,,,,,,,,,,,6.16,6.5,6.84,6.5,2.0,0.71,18.0,0.0,0.3,0.6,-5.27,-3.55,-1.84,-3.55,2.0,3.55,18.0,0.0,0.3,0.6,-2.01,1.2,4.42,1.2,2.0,6.65,18.0,0.0,0.3,0.6,1000.2,1013.1,1026.0,1013.1,2.0,26.73,18.0,0.0,0.3,0.6,,,,,,,,,,,,,,,,,,,,,,,,,,,,,,,,,,,,,,,,,,,,,,,,,,,,,,,,,,,,,,,,,,,,,,,,,,,,,,,,,,,,,,,,,,,,,,,,,,,,,,,,,,,,,,,,,,,,,,,,,,,,,,,,,,,,,,,,,,,,,,,,,,,,,,
1974,2,16.0,55.0,2.0,3.5,5.0,3.48,26.0,1.28,14.0,0.2,0.3,0.7,1.09,2.3,4.0,2.5,29.0,1.37,16.0,0.2,0.3,0.6,3.55,3.55,3.55,3.55,1.0,0.0,28.0,0.0,0.2,0.9,88.4,88.4,88.4,88.4,1.0,0.0,28.0,0.0,0.9,3.0,7.0,10.0,6.63,27.0,3.47,14.0,0.2,0.3,0.6,-2.9,0.0,6.78,1.37,27.0,5.49,14.0,0.2,0.3,0.6,0.0,2.56,6.13,2.39,27.0,4.44,14.0,0.2,0.3,0.6,995.53,1011.1,1027.45,1011.15,29.0,16.48,16.0,0.2,0.3,0.6,1.1,7.0,8.0,5.3,16.0,3.2,16.0,0.2,0.3,0.6,-12.0,0.0,52.0,13.8,27.0,55.6,14.0,0.2,0.3,0.6,0.0,9.0,49.9,20.0,27.0,42.7,14.0,0.2,0.3,0.6,-1.0,1.0,3.0,1.02,26.0,1.88,14.0,0.2,0.3,0.7,-7.2,5.7,24.4,8.3,24.0,19.5,14.0,0.2,0.3,0.7,0.7,0.7,0.7,0.7,1.0,0.0,28.0,0.0,0.2,0.9,1.8,1.8,1.8,1.8,1.0,0.0,28.0,0.0,0.2,0.9,-7.3,0.0,17.8,2.3,27.0,14.0,14.0,0.2,0.3,0.6,0.0,5.0,16.3,6.3,27.0,13.8,14.0,0.2,0.3,0.6,-1.6,-1.6,-1.6,-1.6,1.0,0.0,28.0,0.0,0.2,0.9,9.1,9.1,9.1,9.1,1.0,0.0,28.0,0.0,0.2,0.9,-0.3,-0.3,-0.3,-0.3,1.0,0.0,28.0,0.0,0.2,0.9,1.8,1.8,1.8,1.8,1.0,0.0,28.0,0.0,0.2,0.9,27.0,343.0,1000.0,522.5,27.0,626.5,14.0,0.2,0.3,0.6,25.0,345.0,1000.0,525.0,27.0,625.0,14.0,0.2,0.3,0.6
1974,2,16.0,56.0,2.12,3.35,5.0,3.72,34.0,1.39,14.0,0.2,0.6,0.1,1.44,3.1,4.12,3.12,35.0,1.73,16.0,0.2,0.6,0.1,4.57,4.63,4.69,4.63,2.0,0.12,4.0,1.0,0.7,0.2,91.8,91.9,91.9,91.9,2.0,0.0,4.0,1.0,0.2,3.1,6.0,9.6,6.29,35.0,3.05,16.0,0.2,0.6,0.1,-5.47,-0.64,3.7,-0.6,35.0,4.8,16.0,0.2,0.6,0.1,-3.16,2.37,6.43,1.55,35.0,4.91,16.0,0.2,0.6,0.1,995.0,1014.85,1031.33,1014.12,36.0,15.79,16.0,0.2,0.6,0.1,3.0,8.0,8.0,6.3,25.0,2.5,18.0,0.3,0.6,0.2,-51.2,-0.6,24.5,-5.5,35.0,42.3,16.0,0.2,0.6,0.1,-22.9,7.4,59.3,14.4,35.0,43.6,16.0,0.2,0.6,0.1,-1.09,0.5,2.5,0.49,33.0,1.92,14.0,0.2,0.6,0.1,-9.1,1.0,12.0,1.4,32.0,11.4,16.0,0.3,0.6,0.1,0.33,0.38,0.43,0.38,2.0,0.11,4.0,1.0,0.7,0.2,1.6,1.7,1.8,1.7,2.0,0.2,4.0,1.0,0.7,0.2,-14.7,-0.9,11.4,-3.0,34.0,18.7,16.0,0.2,0.6,0.1,-9.8,2.5,23.4,6.2,34.0,19.2,16.0,0.2,0.6,0.1,-18.3,-10.9,-3.5,-10.9,2.0,15.4,4.0,1.0,0.7,0.2,-3.6,5.7,15.0,5.7,2.0,19.3,4.0,1.0,0.7,0.2,-1.2,-0.7,-0.2,-0.7,2.0,1.0,4.0,1.0,0.7,0.2,-0.1,0.7,1.5,0.7,2.0,1.7,4.0,1.0,0.7,0.2,30.0,216.0,892.5,416.5,35.0,439.5,16.0,0.2,0.6,0.1,30.0,215.0,895.0,415.0,35.0,440.0,16.0,0.2,0.6,0.1
1974,2,16.0,57.0,,,,,,,,,,,,,,,,,,,,,,,,,,,,,,,,,,,,,,,,12.0,12.0,12.0,12.0,1.0,0.0,18.0,0.0,0.0,0.8,-9.19,-9.19,-9.19,-9.19,1.0,0.0,18.0,0.0,0.0,0.8,-7.71,-7.71,-7.71,-7.71,1.0,0.0,18.0,0.0,0.0,0.8,1018.3,1018.3,1018.3,1018.3,1.0,0.0,18.0,0.0,0.0,0.8,,,,,,,,,,,,,,,,,,,,,,,,,,,,,,,,,,,,,,,,,,,,,,,,,,,,,,,,,,,,,,,,,,,,,,,,,,,,,,,,,,,,,,,,,,,,,,,,,,,,,,,,,,,,,,,,,,,,,,,,,,,,,,,,,,,,,,,,,,,,,,,,,,,,,,
1974,2,16.0,58.0,,,,,,,,,,,,,,,,,,,,,,,,,,,,,,,,,,,,,,,,4.0,4.0,4.0,4.0,1.0,0.0,10.0,1.0,0.8,0.3,2.57,2.57,2.57,2.57,1.0,0.0,10.0,1.0,0.8,0.3,3.06,3.06,3.06,3.06,1.0,0.0,10.0,1.0,0.8,0.3,999.3,999.3,999.3,999.3,1.0,0.0,10.0,1.0,0.8,0.3,,,,,,,,,,,,,,,,,,,,,,,,,,,,,,,,,,,,,,,,,,,,,,,,,,,,,,,,,,,,,,,,,,,,,,,,,,,,,,,,,,,,,,,,,,,,,,,,,,,,,,,,,,,,,,,,,,,,,,,,,,,,,,,,,,,,,,,,,,,,,,,,,,,,,,
1974,2,16.0,68.0,3.07,3.2,3.43,3.23,24.0,0.18,22.0,0.3,0.8,0.8,-2.17,0.05,3.94,0.79,24.0,2.53,22.0,0.3,0.8,0.8,2.54,3.57,4.32,3.49,24.0,0.82,22.0,0.3,0.8,0.8,77.1,85.2,92.2,84.8,24.0,7.7,22.0,0.3,0.8,3.1,7.45,12.3,7.86,24.0,4.28,22.0,0.3,0.8,0.8,-0.12,2.19,6.04,2.73,24.0,2.78,22.0,0.3,0.8,0.8,2.35,7.16,11.57,7.0,24.0,4.01,22.0,0.3,0.8,0.8,1001.66,1006.3,1016.24,1006.7,24.0,9.93,22.0,0.3,0.8,0.8,4.0,6.0,8.0,6.0,23.0,2.1,22.0,0.2,0.8,0.8,-0.1,21.2,57.7,29.4,24.0,34.6,22.0,0.3,0.8,0.8,8.0,53.8,144.6,71.1,24.0,61.1,22.0,0.3,0.8,0.8,-0.67,3.2,5.3,2.44,24.0,2.53,22.0,0.3,0.8,0.8,-7.4,11.4,46.3,15.7,24.0,23.7,22.0,0.3,0.8,0.8,0.49,1.17,2.27,1.31,24.0,0.83,22.0,0.3,0.8,0.8,1.8,8.0,17.2,9.0,24.0,7.4,22.0,0.3,0.8,0.8,-5.0,1.1,9.9,2.8,24.0,10.5,22.0,0.3,0.8,0.8,-11.2,-0.2,36.7,9.4,24.0,24.4,22.0,0.3,0.8,0.8,-0.4,9.2,19.8,10.0,24.0,10.4,22.0,0.3,0.8,0.8,8.0,18.9,50.0,25.9,24.0,18.8,22.0,0.3,0.8,0.8,-0.6,1.5,7.8,3.1,24.0,4.8,22.0,0.3,0.8,0.8,1.6,7.1,14.9,7.8,24.0,6.4,22.0,0.3,0.8,0.8,30.0,415.0,1861.0,893.5,24.0,934.5,22.0,0.3,0.8,0.8,30.0,415.0,1860.0,895.0,24.0,935.0,22.0,0.3,0.8,0.8
1974,2,16.0,69.0,3.37,4.2,6.5,4.59,37.0,1.37,20.0,0.2,0.4,0.4,-0.24,2.3,4.96,2.43,38.0,2.64,20.0,0.2,0.4,0.4,2.91,3.54,4.32,3.56,29.0,0.71,22.0,0.2,0.4,0.3,67.6,77.6,91.3,78.8,29.0,10.7,22.0,0.2,0.3,6.56,9.8,13.4,10.03,37.0,3.69,20.0,0.2,0.4,0.4,-4.09,4.21,7.63,2.51,37.0,6.7,20.0,0.2,0.4,0.4,0.51,5.52,11.57,5.29,37.0,6.06,20.0,0.2,0.4,0.4,987.72,1001.25,1021.05,1003.33,38.0,15.14,20.0,0.2,0.4,0.4,3.0,7.0,8.0,6.0,31.0,2.4,20.0,0.2,0.4,0.3,-32.1,28.9,88.2,37.4,37.0,97.8,20.0,0.2,0.4,0.4,2.1,42.2,142.2,59.6,37.0,77.0,20.0,0.2,0.4,0.4,-0.9,2.3,4.7,2.16,37.0,2.73,20.0,0.2,0.4,0.4,-5.6,23.8,44.7,19.1,36.0,28.7,20.0,0.2,0.4,0.4,0.91,1.77,2.41,1.66,29.0,0.79,22.0,0.2,0.4,0.3,6.6,15.6,26.8,15.8,29.0,9.2,22.0,0.2,0.4,0.3,-7.7,3.6,23.7,7.3,37.0,20.0,20.0,0.2,0.4,0.4,-7.8,16.1,43.6,19.6,37.0,31.5,20.0,0.2,0.4,0.4,-12.1,15.7,24.7,9.2,29.0,19.6,22.0,0.2,0.4,0.3,5.1,19.3,44.8,22.4,29.0,20.9,22.0,0.2,0.4,0.3,-6.4,1.3,11.3,2.2,29.0,12.7,22.0,0.2,0.4,0.3,1.3,8.4,16.3,9.1,29.0,9.6,22.0,0.2,0.4,0.3,283.0,941.0,2406.0,1439.0,37.0,1712.0,20.0,0.2,0.4,0.4,285.0,940.0,2405.0,1440.0,37.0,1710.0,20.0,0.2,0.4,0.4
1974,2,16.0,70.0,5.54,6.0,6.33,5.96,5.0,0.64,18.0,0.2,0.4,0.1,1.63,3.9,5.05,3.48,5.0,1.99,18.0,0.2,0.4,0.1,3.58,3.58,3.58,3.58,1.0,0.0,8.0,0.0,0.8,0.1,86.5,86.5,86.5,86.5,1.0,0.0,8.0,0.0,0.1,4.49,7.0,9.56,7.32,5.0,4.0,18.0,0.2,0.4,0.1,-2.36,0.0,3.64,0.79,5.0,3.87,18.0,0.2,0.4,0.1,1.75,4.7,9.48,5.65,5.0,5.23,18.0,0.2,0.4,0.1,991.04,993.2,1002.76,996.56,5.0,7.62,18.0,0.2,0.4,0.1,6.2,6.5,6.8,6.5,2.0,0.7,14.0,0.0,0.7,0.0,-17.7,0.0,23.3,3.0,5.0,30.2,18.0,0.2,0.4,0.1,6.3,23.5,101.6,55.1,5.0,79.3,18.0,0.2,0.4,0.1,0.76,1.5,4.84,2.48,5.0,2.24,18.0,0.2,0.4,0.1,3.8,17.3,25.9,15.7,5.0,13.4,18.0,0.2,0.4,0.1,2.24,2.24,2.24,2.24,1.0,0.0,8.0,0.0,0.8,0.1,8.1,8.1,8.1,8.1,1.0,0.0,8.0,0.0,0.8,0.1,-5.5,0.0,19.6,7.1,5.0,20.5,18.0,0.2,0.4,0.1,1.8,14.0,34.3,19.4,5.0,25.0,18.0,0.2,0.4,0.1,-8.3,-8.3,-8.3,-8.3,1.0,0.0,8.0,0.0,0.8,0.1,9.9,9.9,9.9,9.9,1.0,0.0,8.0,0.0,0.8,0.1,-5.2,-5.2,-5.2,-5.2,1.0,0.0,8.0,0.0,0.8,0.1,6.2,6.2,6.2,6.2,1.0,0.0,8.0,0.0,0.8,0.1,96.5,343.0,1220.0,720.5,5.0,1139.0,18.0,0.2,0.4,0.1,95.0,345.0,1220.0,720.0,5.0,1140.0,18.0,0.2,0.4,0.1
1974,2,16.0,71.0,5.79,6.2,6.47,6.13,3.0,0.5,16.0,0.3,0.1,0.5,-1.59,-0.7,1.83,0.1,3.0,2.59,16.0,0.3,0.1,0.5,2.5,3.03,3.8,3.15,3.0,0.95,16.0,0.3,0.1,0.5,72.9,83.2,85.6,79.3,3.0,9.9,16.0,0.3,0.5,11.1,19.5,20.93,16.1,3.0,7.78,16.0,0.3,0.1,0.5,-18.58,-18.32,-5.82,-12.34,3.0,10.69,16.0,0.3,0.1,0.5,6.84,7.2,9.66,8.22,3.0,2.25,16.0,0.3,0.1,0.5,992.6,996.9,997.24,994.97,3.0,3.79,16.0,0.3,0.1,0.5,6.3,7.0,7.0,6.7,3.0,0.6,16.0,0.3,0.1,0.5,-389.2,-357.3,-113.4,-253.8,3.0,221.0,16.0,0.3,0.1,0.5,76.7,130.1,200.5,138.4,3.0,91.0,16.0,0.3,0.1,0.5,4.18,6.3,7.87,6.03,3.0,2.71,16.0,0.3,0.1,0.5,58.9,136.1,157.7,108.9,3.0,76.1,16.0,0.3,0.1,0.5,2.11,2.69,3.49,2.8,3.0,1.02,16.0,0.3,0.1,0.5,27.5,58.0,69.9,48.9,3.0,32.1,16.0,0.3,0.1,0.5,4.2,13.1,29.2,16.6,3.0,18.6,16.0,0.3,0.1,0.5,-11.5,-7.6,12.3,0.2,3.0,18.7,16.0,0.3,0.1,0.5,-51.8,-41.3,-13.1,-32.7,3.0,29.3,16.0,0.3,0.1,0.5,19.8,29.9,31.9,25.9,3.0,9.5,16.0,0.3,0.1,0.5,-64.4,-50.2,-15.9,-40.4,3.0,36.5,16.0,0.3,0.1,0.5,17.3,25.8,28.0,22.7,3.0,8.3,16.0,0.3,0.1,0.5,2608.5,7415.0,9232.5,5955.5,3.0,5014.0,16.0,0.3,0.1,0.5,2610.0,7415.0,9235.0,5955.0,3.0,5015.0,16.0,0.3,0.1,0.5
1974,2,16.0,72.0,4.8,5.0,5.5,5.05,37.0,0.39,20.0,0.2,0.3,0.3,0.0,2.0,5.06,2.29,37.0,2.36,20.0,0.2,0.3,0.3,2.31,2.31,2.31,2.31,1.0,0.0,24.0,0.0,0.3,0.3,65.2,65.2,65.2,65.2,1.0,0.0,24.0,0.0,0.3,6.71,11.0,14.29,10.65,37.0,4.15,20.0,0.2,0.3,0.3,0.0,5.36,12.47,5.78,37.0,6.69,20.0,0.2,0.3,0.3,-5.76,2.78,8.9,2.03,37.0,7.11,20.0,0.2,0.3,0.3,989.99,999.0,1007.1,998.54,37.0,11.44,20.0,0.2,0.3,0.3,7.0,7.0,8.0,7.1,24.0,0.9,18.0,0.4,0.4,0.4,0.0,41.1,173.1,66.4,37.0,100.8,20.0,0.2,0.3,0.3,-36.3,34.0,95.1,27.6,37.0,99.7,20.0,0.2,0.3,0.3,0.09,3.0,5.0,2.76,37.0,2.34,20.0,0.2,0.3,0.3,1.3,24.8,55.0,26.6,37.0,28.0,20.0,0.2,0.3,0.3,3.79,3.79,3.79,3.79,1.0,0.0,24.0,0.0,0.3,0.3,52.7,52.7,52.7,52.7,1.0,0.0,24.0,0.0,0.3,0.3,0.0,3.5,61.3,18.2,37.0,28.7,20.0,0.2,0.3,0.3,-5.8,1.4,29.6,11.5,37.0,22.9,20.0,0.2,0.3,0.3,30.2,30.2,30.2,30.2,1.0,0.0,24.0,0.0,0.3,0.3,11.0,11.0,11.0,11.0,1.0,0.0,24.0,0.0,0.3,0.3,49.5,49.5,49.5,49.5,1.0,0.0,24.0,0.0,0.3,0.3,18.0,18.0,18.0,18.0,1.0,0.0,24.0,0.0,0.3,0.3,306.5,1331.0,2925.0,1740.0,37.0,1649.0,20.0,0.2,0.3,0.3,305.0,1330.0,2925.0,1740.0,37.0,1650.0,20.0,0.2,0.3,0.3
1974,2,16.0,73.0,,,,,,,,,,,,,,,,,,,,,,,,,,,,,,,,,,,,,,,,7.76,13.5,18.41,12.83,6.0,6.18,16.0,0.2,0.4,0.7,-11.78,-8.78,-0.51,-6.12,6.0,8.26,16.0,0.2,0.4,0.7,-4.29,4.03,9.53,1.55,6.0,10.94,16.0,0.2,0.4,0.7,999.95,1003.5,1006.51,1003.07,6.0,4.29,16.0,0.2,0.4,0.7,,,,,,,,,,,,,,,,,,,,,,,,,,,,,,,,,,,,,,,,,,,,,,,,,,,,,,,,,,,,,,,,,,,,,,,,,,,,,,,,,,,,,,,,,,,,,,,,,,,,,,,,,,,,,,,,,,,,,,,,,,,,,,,,,,,,,,,,,,,,,,,,,,,,,,
1974,2,16.0,74.0,,,,,,,,,,,,,,,,,,,,,,,,,,,,,,,,,,,,,,,,7.0,11.0,18.0,11.73,49.0,5.03,10.0,0.2,0.4,0.5,-11.73,-4.5,6.04,-3.22,49.0,9.29,10.0,0.2,0.4,0.5,-8.16,-4.7,4.68,-2.83,49.0,7.8,10.0,0.2,0.4,0.5,998.19,1011.9,1019.1,1009.26,51.0,10.49,10.0,0.2,0.4,0.5,,,,,,,,,,,,,,,,,,,,,,,,,,,,,,,,,,,,,,,,,,,,,,,,,,,,,,,,,,,,,,,,,,,,,,,,,,,,,,,,,,,,,,,,,,,,,,,,,,,,,,,,,,,,,,,,,,,,,,,,,,,,,,,,,,,,,,,,,,,,,,,,,,,,,,
1974,2,16.0,75.0,,,,,,,,,,,,,,,,,,,,,,,,,,,,,,,,,,,,,,,,5.0,9.0,13.14,9.79,19.0,4.76,8.0,0.3,0.3,0.3,-9.29,-2.0,2.2,-2.58,19.0,6.67,8.0,0.3,0.3,0.3,-10.07,-4.92,3.45,-4.19,19.0,7.33,8.0,0.3,0.3,0.3,998.11,1004.45,1014.68,1005.79,20.0,7.17,6.0,0.3,0.3,0.3,,,,,,,,,,,,,,,,,,,,,,,,,,,,,,,,,,,,,,,,,,,,,,,,,,,,,,,,,,,,,,,,,,,,,,,,,,,,,,,,,,,,,,,,,,,,,,,,,,,,,,,,,,,,,,,,,,,,,,,,,,,,,,,,,,,,,,,,,,,,,,,,,,,,,,
1974,2,17.0,-70.0,0.8,0.8,0.8,0.8,1.0,0.0,8.0,1.0,0.4,0.5,-4.7,-4.7,-4.7,-4.7,1.0,0.0,8.0,1.0,0.4,0.5,2.36,2.36,2.36,2.36,1.0,0.0,8.0,1.0,0.4,0.5,83.9,83.9,83.9,83.9,1.0,0.0,8.0,1.0,0.5,14.9,14.9,14.9,14.9,1.0,0.0,8.0,1.0,0.4,0.5,-11.41,-11.41,-11.41,-11.41,1.0,0.0,8.0,1.0,0.4,0.5,9.58,9.58,9.58,9.58,1.0,0.0,8.0,1.0,0.4,0.5,962.3,962.3,962.3,962.3,1.0,0.0,8.0,1.0,0.4,0.5,7.0,7.0,7.0,7.0,1.0,0.0,8.0,1.0,0.4,0.5,-170.1,-170.1,-170.1,-170.1,1.0,0.0,8.0,1.0,0.4,0.5,142.7,142.7,142.7,142.7,1.0,0.0,8.0,1.0,0.4,0.5,5.5,5.5,5.5,5.5,1.0,0.0,8.0,1.0,0.4,0.5,82.0,82.0,82.0,82.0,1.0,0.0,8.0,1.0,0.4,0.5,1.86,1.86,1.86,1.86,1.0,0.0,8.0,1.0,0.4,0.5,27.7,27.7,27.7,27.7,1.0,0.0,8.0,1.0,0.4,0.5,53.6,53.6,53.6,53.6,1.0,0.0,8.0,1.0,0.4,0.5,-45.0,-45.0,-45.0,-45.0,1.0,0.0,8.0,1.0,0.4,0.5,-26.9,-26.9,-26.9,-26.9,1.0,0.0,8.0,1.0,0.4,0.5,22.6,22.6,22.6,22.6,1.0,0.0,8.0,1.0,0.4,0.5,-21.2,-21.2,-21.2,-21.2,1.0,0.0,8.0,1.0,0.4,0.5,17.8,17.8,17.8,17.8,1.0,0.0,8.0,1.0,0.4,0.5,3308.0,3308.0,3308.0,3308.0,1.0,0.0,8.0,1.0,0.4,0.5,3310.0,3310.0,3310.0,3310.0,1.0,0.0,8.0,1.0,0.4,0.5
1974,2,17.0,-67.0,,,,,,,,,,,,,,,,,,,,,,,,,,,,,,,,,,,,,,,,9.8,9.8,9.8,9.8,1.0,0.0,26.0,1.0,0.5,0.3,-6.3,-6.3,-6.3,-6.3,1.0,0.0,26.0,1.0,0.5,0.3,7.51,7.51,7.51,7.51,1.0,0.0,26.0,1.0,0.5,0.3,974.3,974.3,974.3,974.3,1.0,0.0,26.0,1.0,0.5,0.3,,,,,,,,,,,,,,,,,,,,,,,,,,,,,,,,,,,,,,,,,,,,,,,,,,,,,,,,,,,,,,,,,,,,,,,,,,,,,,,,,,,,,,,,,,,,,,,,,,,,,,,,,,,,,,,,,,,,,,,,,,,,,,,,,,,,,,,,,,,,,,,,,,,,,,
1974,2,17.0,-47.0,,,,,,,,,,,,,,,,,,,,,,,,,,,,,,,,,,,,,,,,15.4,15.4,15.4,15.4,1.0,0.0,24.0,1.0,0.1,0.6,10.89,10.89,10.89,10.89,1.0,0.0,24.0,1.0,0.1,0.6,-10.89,-10.89,-10.89,-10.89,1.0,0.0,24.0,1.0,0.1,0.6,1007.0,1007.0,1007.0,1007.0,1.0,0.0,24.0,1.0,0.1,0.6,,,,,,,,,,,,,,,,,,,,,,,,,,,,,,,,,,,,,,,,,,,,,,,,,,,,,,,,,,,,,,,,,,,,,,,,,,,,,,,,,,,,,,,,,,,,,,,,,,,,,,,,,,,,,,,,,,,,,,,,,,,,,,,,,,,,,,,,,,,,,,,,,,,,,,
1974,2,17.0,-39.0,,,,,,,,,,,,,,,,,,,,,,,,,,,,,,,,,,,,,,,,9.0,9.0,9.0,9.0,1.0,0.0,4.0,1.0,0.4,0.5,0.0,0.0,0.0,0.0,1.0,0.0,4.0,1.0,0.4,0.5,9.0,9.0,9.0,9.0,1.0,0.0,4.0,1.0,0.4,0.5,1014.7,1014.7,1014.7,1014.7,1.0,0.0,4.0,1.0,0.4,0.5,,,,,,,,,,,,,,,,,,,,,,,,,,,,,,,,,,,,,,,,,,,,,,,,,,,,,,,,,,,,,,,,,,,,,,,,,,,,,,,,,,,,,,,,,,,,,,,,,,,,,,,,,,,,,,,,,,,,,,,,,,,,,,,,,,,,,,,,,,,,,,,,,,,,,,
1974,2,17.0,-37.0,22.3,22.3,22.3,22.3,1.0,0.0,20.0,1.0,0.1,0.7,22.4,22.4,22.4,22.4,1.0,0.0,20.0,1.0,0.1,0.7,14.19,14.19,14.19,14.19,1.0,0.0,20.0,1.0,0.1,0.7,84.2,84.2,84.2,84.2,1.0,0.0,20.0,1.0,0.7,7.7,7.7,7.7,7.7,1.0,0.0,20.0,1.0,0.1,0.7,-7.24,-7.24,-7.24,-7.24,1.0,0.0,20.0,1.0,0.1,0.7,2.63,2.63,2.63,2.63,1.0,0.0,20.0,1.0,0.1,0.7,1012.6,1012.6,1012.6,1012.6,1.0,0.0,20.0,1.0,0.1,0.7,1.0,1.0,1.0,1.0,1.0,0.0,20.0,1.0,0.1,0.7,-55.7,-55.7,-55.7,-55.7,1.0,0.0,20.0,1.0,0.1,0.7,20.3,20.3,20.3,20.3,1.0,0.0,20.0,1.0,0.1,0.7,-0.1,-0.1,-0.1,-0.1,1.0,0.0,20.0,1.0,0.1,0.7,-0.8,-0.8,-0.8,-0.8,1.0,0.0,20.0,1.0,0.1,0.7,2.59,2.59,2.59,2.59,1.0,0.0,20.0,1.0,0.1,0.7,20.0,20.0,20.0,20.0,1.0,0.0,20.0,1.0,0.1,0.7,-162.1,-162.1,-162.1,-162.1,1.0,0.0,20.0,1.0,0.1,0.7,59.0,59.0,59.0,59.0,1.0,0.0,20.0,1.0,0.1,0.7,-102.7,-102.7,-102.7,-102.7,1.0,0.0,20.0,1.0,0.1,0.7,37.4,37.4,37.4,37.4,1.0,0.0,20.0,1.0,0.1,0.7,-18.7,-18.7,-18.7,-18.7,1.0,0.0,20.0,1.0,0.1,0.7,6.8,6.8,6.8,6.8,1.0,0.0,20.0,1.0,0.1,0.7,456.5,456.5,456.5,456.5,1.0,0.0,20.0,1.0,0.1,0.7,455.0,455.0,455.0,455.0,1.0,0.0,20.0,1.0,0.1,0.7
1974,2,17.0,-36.0,21.16,21.5,21.84,21.5,2.0,0.71,16.0,0.0,0.8,0.3,19.63,21.0,21.68,20.67,3.0,1.53,12.0,0.3,0.7,0.4,11.92,13.23,14.54,13.23,2.0,2.71,14.0,0.5,0.6,0.5,84.2,87.3,90.3,87.3,2.0,6.4,14.0,0.5,0.5,9.72,13.0,13.68,11.73,3.0,3.1,12.0,0.3,0.7,0.4,-7.01,-4.1,6.97,-0.11,3.0,10.81,12.0,0.3,0.7,0.4,7.03,7.1,9.05,8.02,3.0,1.68,12.0,0.3,0.7,0.4,1009.86,1010.2,1011.36,1010.6,3.0,1.15,12.0,0.3,0.7,0.4,4.3,7.0,7.7,6.0,3.0,2.6,12.0,0.3,0.7,0.4,-84.8,-33.6,105.2,9.2,3.0,144.0,12.0,0.3,0.7,0.4,70.9,98.0,119.5,95.2,3.0,35.7,12.0,0.3,0.7,0.4,0.0,0.0,0.0,0.0,2.0,0.0,16.0,0.0,0.8,0.3,0.0,0.0,0.0,0.0,2.0,0.0,16.0,0.0,0.8,0.3,1.37,1.37,1.37,1.37,1.0,0.0,20.0,0.0,0.8,0.5,11.3,11.3,11.3,11.3,1.0,0.0,20.0,0.0,0.8,0.5,-148.4,-90.2,128.6,-11.8,3.0,214.0,12.0,0.3,0.7,0.4,140.4,156.2,192.3,166.1,3.0,39.0,12.0,0.3,0.7,0.4,-30.5,37.5,105.6,37.5,2.0,140.9,14.0,0.5,0.6,0.5,83.7,93.4,103.1,93.4,2.0,20.1,14.0,0.5,0.6,0.5,-5.6,-5.6,-5.6,-5.6,1.0,0.0,20.0,0.0,0.8,0.5,9.7,9.7,9.7,9.7,1.0,0.0,20.0,0.0,0.8,0.5,1073.5,2197.0,2570.5,1831.0,3.0,1141.5,12.0,0.3,0.7,0.4,1075.0,2195.0,2570.0,1830.0,3.0,1140.0,12.0,0.3,0.7,0.4
1974,2,17.0,-35.0,18.0,20.0,21.0,19.58,74.0,1.34,8.0,0.5,0.7,0.9,18.52,20.0,22.0,20.09,77.0,1.97,8.0,0.5,0.7,0.9,10.41,12.37,13.01,11.83,16.0,1.32,14.0,0.4,0.5,0.7,80.1,87.4,91.0,86.3,16.0,5.0,14.0,0.4,0.7,3.0,7.1,11.0,7.07,82.0,3.86,8.0,0.5,0.7,0.8,-4.82,-1.55,0.74,-1.73,82.0,3.19,8.0,0.5,0.7,0.8,0.43,6.21,10.05,5.67,82.0,4.44,8.0,0.5,0.7,0.8,1008.93,1012.9,1015.51,1012.54,82.0,3.06,8.0,0.5,0.7,0.8,0.0,1.0,7.0,2.6,82.0,3.0,8.0,0.5,0.7,0.8,-50.4,-8.6,2.8,-18.8,82.0,33.9,8.0,0.5,0.7,0.8,0.4,48.9,106.1,55.0,82.0,55.0,8.0,0.5,0.7,0.8,-2.6,-0.7,1.0,-0.64,70.0,1.71,8.0,0.5,0.7,0.9,-12.0,-2.7,4.8,-3.3,70.0,12.5,8.0,0.5,0.7,0.9,0.9,1.49,3.34,1.96,10.0,1.24,14.0,0.4,0.5,0.9,6.0,7.5,17.6,12.4,10.0,11.3,14.0,0.4,0.5,0.9,-98.8,-31.3,0.0,-35.4,77.0,61.7,8.0,0.5,0.7,0.9,9.3,129.7,196.2,114.2,77.0,86.0,8.0,0.5,0.7,0.9,-62.0,-7.3,0.0,-25.8,16.0,39.2,14.0,0.4,0.5,0.7,-3.5,92.3,125.7,76.0,16.0,64.4,14.0,0.4,0.5,0.7,-9.7,-1.9,0.0,-3.6,10.0,5.7,14.0,0.4,0.5,0.9,-3.4,6.9,14.6,7.8,10.0,13.6,14.0,0.4,0.5,0.9,27.0,358.0,1331.0,669.0,82.0,820.5,8.0,0.5,0.7,0.8,25.0,360.0,1330.0,670.0,82.0,820.0,8.0,0.5,0.7,0.8
1974,2,17.0,-34.0,15.98,18.0,20.2,18.06,120.0,2.27,12.0,0.5,0.5,0.5,17.37,19.0,20.8,19.01,125.0,1.8,12.0,0.5,0.5,0.5,10.01,11.23,12.39,11.15,77.0,1.43,14.0,0.5,0.5,0.6,76.6,86.1,92.2,84.4,78.0,9.2,14.0,0.5,0.6,4.1,7.7,12.0,7.87,123.0,3.86,12.0,0.5,0.5,0.5,-4.32,-0.89,1.4,-1.26,123.0,3.07,12.0,0.5,0.5,0.5,3.24,6.93,11.11,6.97,123.0,4.16,12.0,0.5,0.5,0.5,1010.1,1013.1,1015.9,1013.09,127.0,3.19,12.0,0.5,0.5,0.5,0.0,0.0,6.0,1.8,126.0,2.6,12.0,0.5,0.5,0.5,-42.6,-4.5,6.1,-16.5,123.0,37.6,12.0,0.5,0.5,0.5,15.0,51.3,131.0,69.7,123.0,63.2,12.0,0.5,0.5,0.5,-3.0,-1.0,0.7,-1.15,117.0,2.1,12.0,0.5,0.5,0.5,-25.4,-6.4,5.0,-10.2,112.0,19.1,12.0,0.5,0.5,0.5,-0.41,0.91,3.08,1.31,73.0,1.72,14.0,0.6,0.4,0.6,-1.5,6.1,20.4,9.2,70.0,13.9,14.0,0.6,0.4,0.6,-84.6,-18.0,26.2,-25.2,120.0,59.0,12.0,0.5,0.5,0.5,63.6,133.7,216.3,133.4,120.0,79.4,12.0,0.5,0.5,0.5,-24.2,0.0,23.7,-2.8,74.0,28.3,14.0,0.6,0.5,0.6,27.5,72.8,113.6,70.2,74.0,46.7,14.0,0.6,0.5,0.6,-2.3,0.0,1.2,-0.6,70.0,5.9,14.0,0.6,0.4,0.6,-1.2,5.4,20.1,8.4,70.0,13.1,14.0,0.6,0.4,0.6,69.0,456.5,1728.0,853.5,123.0,1112.0,12.0,0.5,0.5,0.5,70.0,455.0,1730.0,855.0,123.0,1110.0,12.0,0.5,0.5,0.5
1974,2,17.0,-33.0,15.75,17.15,18.95,17.17,48.0,1.62,16.0,0.5,0.2,0.4,17.0,18.0,19.81,18.28,51.0,1.49,16.0,0.5,0.2,0.4,10.4,11.55,12.65,11.41,40.0,1.16,14.0,0.5,0.2,0.4,83.0,89.8,93.8,88.5,41.0,6.8,16.0,0.5,0.4,2.6,7.35,10.3,6.81,48.0,3.87,16.0,0.5,0.2,0.4,-2.49,0.0,2.15,-0.27,48.0,2.61,16.0,0.5,0.2,0.4,1.13,6.1,10.23,5.94,48.0,4.4,16.0,0.5,0.2,0.4,1009.34,1011.95,1014.37,1011.76,50.0,2.74,16.0,0.5,0.2,0.4,0.0,0.0,3.5,1.4,48.0,2.7,16.0,0.5,0.2,0.4,-24.9,0.0,9.3,-5.7,48.0,25.4,16.0,0.5,0.2,0.4,1.8,42.7,106.1,55.0,48.0,54.9,16.0,0.5,0.2,0.4,-2.95,-1.0,0.56,-1.13,48.0,1.97,16.0,0.5,0.2,0.4,-20.5,-4.2,1.1,-7.4,45.0,16.2,16.0,0.5,0.2,0.4,-0.55,0.78,2.01,0.77,39.0,1.37,16.0,0.5,0.2,0.4,-2.6,3.7,21.2,7.2,37.0,13.4,16.0,0.5,0.2,0.4,-42.3,0.0,39.6,-4.1,48.0,48.1,16.0,0.5,0.2,0.4,21.8,107.6,183.4,107.5,48.0,79.6,16.0,0.5,0.2,0.4,-25.2,0.0,24.7,-2.6,38.0,29.0,14.0,0.5,0.2,0.4,20.3,68.5,118.4,73.2,38.0,44.8,14.0,0.5,0.2,0.4,-3.4,-0.6,0.7,-1.1,37.0,5.1,16.0,0.5,0.2,0.4,-2.1,3.7,21.0,6.6,37.0,12.7,16.0,0.5,0.2,0.4,17.5,400.0,1092.5,614.0,48.0,728.0,16.0,0.5,0.2,0.4,20.0,400.0,1095.0,615.0,48.0,730.0,16.0,0.5,0.2,0.4
1974,2,17.0,-32.0,16.33,17.0,17.87,17.02,5.0,0.99,20.0,1.0,0.3,0.6,17.2,18.4,19.15,18.12,5.0,1.4,20.0,1.0,0.3,0.6,11.85,12.54,12.78,12.33,5.0,0.73,20.0,1.0,0.3,0.6,93.4,95.7,97.7,95.4,5.0,3.8,20.0,1.0,0.6,2.6,4.0,4.75,3.76,5.0,1.12,20.0,1.0,0.3,0.6,0.8,1.67,3.08,2.0,5.0,1.55,20.0,1.0,0.3,0.6,-1.55,0.8,4.3,1.27,5.0,3.08,20.0,1.0,0.3,0.6,1009.9,1011.3,1015.6,1012.46,5.0,2.92,20.0,1.0,0.3,0.6,4.6,8.0,8.0,6.3,3.0,2.9,20.0,1.0,0.3,0.8,3.8,4.3,11.3,7.6,5.0,7.5,20.0,1.0,0.3,0.6,-4.0,3.7,19.0,7.1,5.0,12.8,20.0,1.0,0.3,0.6,-1.75,-1.2,-0.36,-1.1,5.0,0.74,20.0,1.0,0.3,0.6,-7.2,-4.2,-1.3,-4.3,5.0,3.4,20.0,1.0,0.3,0.6,-0.65,-0.21,0.19,-0.26,5.0,0.54,20.0,1.0,0.3,0.6,-3.1,-0.6,0.6,-1.3,5.0,2.4,20.0,1.0,0.3,0.6,14.6,32.4,54.0,36.5,5.0,29.5,20.0,1.0,0.3,0.6,-27.1,15.2,78.4,23.4,5.0,55.9,20.0,1.0,0.3,0.6,9.9,21.0,37.8,25.0,5.0,20.6,20.0,1.0,0.3,0.6,-18.3,10.5,53.4,16.1,5.0,37.8,20.0,1.0,0.3,0.6,-2.2,-0.3,0.2,-1.1,5.0,2.3,20.0,1.0,0.3,0.6,-1.3,-0.3,0.5,-0.4,5.0,1.1,20.0,1.0,0.3,0.6,17.5,64.0,107.5,64.5,5.0,48.0,20.0,1.0,0.3,0.6,20.0,65.0,105.0,65.0,5.0,50.0,20.0,1.0,0.3,0.6
1974,2,17.0,-31.0,16.8,16.8,16.8,16.8,1.0,0.0,16.0,1.0,0.1,0.1,19.0,19.0,19.0,19.0,1.0,0.0,16.0,1.0,0.1,0.1,12.74,12.74,12.74,12.74,1.0,0.0,16.0,1.0,0.1,0.1,93.3,93.3,93.3,93.3,1.0,0.0,16.0,1.0,0.1,1.0,1.0,1.0,1.0,1.0,0.0,16.0,1.0,0.1,0.1,0.0,0.0,0.0,0.0,1.0,0.0,16.0,1.0,0.1,0.1,1.0,1.0,1.0,1.0,1.0,0.0,16.0,1.0,0.1,0.1,1013.0,1013.0,1013.0,1013.0,1.0,0.0,16.0,1.0,0.1,0.1,8.0,8.0,8.0,8.0,1.0,0.0,16.0,1.0,0.1,0.1,0.0,0.0,0.0,0.0,1.0,0.0,16.0,1.0,0.1,0.1,1.0,1.0,1.0,1.0,1.0,0.0,16.0,1.0,0.1,0.1,-2.2,-2.2,-2.2,-2.2,1.0,0.0,16.0,1.0,0.1,0.1,-2.2,-2.2,-2.2,-2.2,1.0,0.0,16.0,1.0,0.1,0.1,-0.86,-0.86,-0.86,-0.86,1.0,0.0,16.0,1.0,0.1,0.1,-0.9,-0.9,-0.9,-0.9,1.0,0.0,16.0,1.0,0.1,0.1,0.0,0.0,0.0,0.0,1.0,0.0,16.0,1.0,0.1,0.1,19.0,19.0,19.0,19.0,1.0,0.0,16.0,1.0,0.1,0.1,0.0,0.0,0.0,0.0,1.0,0.0,16.0,1.0,0.1,0.1,12.7,12.7,12.7,12.7,1.0,0.0,16.0,1.0,0.1,0.1,0.0,0.0,0.0,0.0,1.0,0.0,16.0,1.0,0.1,0.1,-0.9,-0.9,-0.9,-0.9,1.0,0.0,16.0,1.0,0.1,0.1,1.0,1.0,1.0,1.0,1.0,0.0,16.0,1.0,0.1,0.1,0.0,0.0,0.0,0.0,1.0,0.0,16.0,1.0,0.1,0.1
1974,2,17.0,-30.0,,,,,,,,,,,,,,,,,,,,,,,,,,,,,,,,,,,,,,,,3.0,3.0,3.0,3.0,1.0,0.0,24.0,0.0,0.9,0.8,0.0,0.0,0.0,0.0,1.0,0.0,24.0,0.0,0.9,0.8,-3.0,-3.0,-3.0,-3.0,1.0,0.0,24.0,0.0,0.9,0.8,1017.7,1017.7,1017.7,1017.7,1.0,0.0,24.0,0.0,0.9,0.8,,,,,,,,,,,,,,,,,,,,,,,,,,,,,,,,,,,,,,,,,,,,,,,,,,,,,,,,,,,,,,,,,,,,,,,,,,,,,,,,,,,,,,,,,,,,,,,,,,,,,,,,,,,,,,,,,,,,,,,,,,,,,,,,,,,,,,,,,,,,,,,,,,,,,,
1974,2,17.0,30.0,,,,,,,,,,,,,,,,,,,,,,,,,,,,,,,,,,,,,,,,7.0,7.0,7.0,7.0,1.0,0.0,4.0,1.0,0.2,0.6,5.36,5.36,5.36,5.36,1.0,0.0,4.0,1.0,0.2,0.6,4.5,4.5,4.5,4.5,1.0,0.0,4.0,1.0,0.2,0.6,1018.3,1018.3,1018.3,1018.3,1.0,0.0,4.0,1.0,0.2,0.6,,,,,,,,,,,,,,,,,,,,,,,,,,,,,,,,,,,,,,,,,,,,,,,,,,,,,,,,,,,,,,,,,,,,,,,,,,,,,,,,,,,,,,,,,,,,,,,,,,,,,,,,,,,,,,,,,,,,,,,,,,,,,,,,,,,,,,,,,,,,,,,,,,,,,,
1974,2,17.0,31.0,16.91,17.35,17.79,17.35,2.0,0.92,14.0,0.5,0.7,0.5,13.07,13.65,14.23,13.65,2.0,1.2,14.0,0.5,0.7,0.5,6.53,6.95,7.38,6.95,2.0,0.88,14.0,0.5,0.7,0.5,65.7,72.7,79.8,72.7,2.0,14.6,14.0,0.5,0.5,2.74,5.4,8.06,5.4,2.0,5.52,14.0,0.5,0.7,0.5,2.54,4.78,7.01,4.78,2.0,4.63,14.0,0.5,0.7,0.5,-3.91,-2.32,-0.74,-2.32,2.0,3.29,14.0,0.5,0.7,0.5,1017.14,1018.3,1019.46,1018.3,2.0,2.4,14.0,0.5,0.7,0.5,0.6,2.0,3.4,2.0,2.0,2.8,14.0,0.5,0.7,0.5,13.8,38.6,63.4,38.6,2.0,51.4,14.0,0.5,0.7,0.5,-36.4,-21.6,-6.9,-21.6,2.0,30.6,14.0,0.5,0.7,0.5,3.56,3.7,3.84,3.7,2.0,0.28,14.0,0.5,0.7,0.5,10.2,20.8,31.3,20.8,2.0,21.9,14.0,0.5,0.7,0.5,4.54,5.29,6.05,5.29,2.0,1.57,14.0,0.5,0.7,0.5,14.3,24.3,34.3,24.3,2.0,20.7,14.0,0.5,0.7,0.5,34.7,62.4,90.2,62.4,2.0,57.5,14.0,0.5,0.7,0.5,-50.1,-29.8,-9.4,-29.8,2.0,42.1,14.0,0.5,0.7,0.5,17.7,35.3,52.8,35.3,2.0,36.4,14.0,0.5,0.7,0.5,-29.6,-17.6,-5.6,-17.6,2.0,24.9,14.0,0.5,0.7,0.5,13.4,21.7,29.9,21.7,2.0,17.0,14.0,0.5,0.7,0.5,-16.4,-9.7,-3.1,-9.7,2.0,13.8,14.0,0.5,0.7,0.5,130.5,404.0,677.0,404.0,2.0,566.5,14.0,0.5,0.7,0.5,130.0,405.0,675.0,405.0,2.0,565.0,14.0,0.5,0.7,0.5
1974,2,17.0,32.0,18.0,18.0,18.0,18.0,2.0,0.0,12.0,0.0,0.0,0.0,15.32,16.0,16.68,16.0,2.0,1.41,12.0,0.0,0.0,0.0,6.34,6.95,7.55,6.95,2.0,1.24,12.0,0.0,0.0,0.0,59.1,61.5,64.0,61.5,2.0,5.0,12.0,0.0,0.0,3.42,4.1,4.78,4.1,2.0,1.41,12.0,0.0,0.0,0.0,0.49,1.55,2.61,1.55,2.0,2.19,12.0,0.0,0.0,0.0,0.81,2.55,4.29,2.55,2.0,3.61,12.0,0.0,0.0,0.0,1012.82,1016.3,1019.78,1016.3,2.0,7.21,12.0,0.0,0.0,0.0,0.5,1.5,2.5,1.5,2.0,2.1,12.0,0.0,0.0,0.0,1.5,4.8,8.1,4.8,2.0,6.8,12.0,0.0,0.0,0.0,4.1,13.0,21.9,13.0,2.0,18.4,12.0,0.0,0.0,0.0,1.32,2.0,2.68,2.0,2.0,1.41,12.0,0.0,0.0,0.0,5.8,7.2,8.6,7.2,2.0,3.0,12.0,0.0,0.0,0.0,5.28,5.84,6.39,5.84,2.0,1.15,12.0,0.0,0.0,0.0,21.4,23.1,24.8,23.1,2.0,3.5,12.0,0.0,0.0,0.0,7.4,23.3,39.1,23.3,2.0,32.9,12.0,0.0,0.0,0.0,13.8,43.4,72.9,43.4,2.0,61.3,12.0,0.0,0.0,0.0,3.0,9.4,15.8,9.4,2.0,13.3,12.0,0.0,0.0,0.0,6.3,20.0,33.6,20.0,2.0,28.2,12.0,0.0,0.0,0.0,3.3,10.3,17.3,10.3,2.0,14.6,12.0,0.0,0.0,0.0,4.1,12.8,21.5,12.8,2.0,18.1,12.0,0.0,0.0,0.0,46.0,81.0,116.5,81.0,2.0,72.5,12.0,0.0,0.0,0.0,45.0,80.0,115.0,80.0,2.0,75.0,12.0,0.0,0.0,0.0
1974,2,17.0,33.0,,,,,,,,,,,,,,,,,,,,,,,,,,,,,,,,,,,,,,,,9.0,9.0,9.0,9.0,1.0,0.0,2.0,1.0,0.3,0.7,-3.08,-3.08,-3.08,-3.08,1.0,0.0,2.0,1.0,0.3,0.7,8.46,8.46,8.46,8.46,1.0,0.0,2.0,1.0,0.3,0.7,1024.2,1024.2,1024.2,1024.2,1.0,0.0,2.0,1.0,0.3,0.7,,,,,,,,,,,,,,,,,,,,,,,,,,,,,,,,,,,,,,,,,,,,,,,,,,,,,,,,,,,,,,,,,,,,,,,,,,,,,,,,,,,,,,,,,,,,,,,,,,,,,,,,,,,,,,,,,,,,,,,,,,,,,,,,,,,,,,,,,,,,,,,,,,,,,,
1974,2,17.0,34.0,,,,,,,,,,,,,,,,,,,,,,,,,,,,,,,,,,,,,,,,6.11,8.5,10.89,8.5,2.0,4.95,16.0,0.5,0.6,0.4,4.49,7.25,10.0,7.25,2.0,5.7,16.0,0.5,0.6,0.4,-2.85,-0.14,2.57,-0.14,2.0,5.61,16.0,0.5,0.6,0.4,1008.29,1010.85,1013.41,1010.85,2.0,5.3,16.0,0.5,0.6,0.4,,,,,,,,,,,,,,,,,,,,,,,,,,,,,,,,,,,,,,,,,,,,,,,,,,,,,,,,,,,,,,,,,,,,,,,,,,,,,,,,,,,,,,,,,,,,,,,,,,,,,,,,,,,,,,,,,,,,,,,,,,,,,,,,,,,,,,,,,,,,,,,,,,,,,,
1974,2,17.0,35.0,14.95,15.45,16.73,15.76,12.0,1.16,10.0,0.6,0.5,0.4,13.47,14.25,16.05,14.61,12.0,1.68,10.0,0.6,0.5,0.4,6.28,7.71,8.88,7.83,6.0,1.66,14.0,0.3,0.5,0.5,63.0,78.4,84.9,76.5,6.0,12.4,14.0,0.3,0.5,6.57,11.05,13.23,10.7,12.0,3.39,12.0,0.6,0.5,0.4,-6.36,3.89,11.19,3.25,12.0,8.87,12.0,0.6,0.5,0.4,-6.33,-3.06,4.65,-0.83,12.0,6.74,12.0,0.6,0.5,0.4,1011.02,1011.8,1024.26,1015.86,11.0,6.88,10.0,0.6,0.5,0.4,0.0,4.0,6.3,3.4,12.0,2.5,10.0,0.6,0.5,0.4,-58.6,33.4,131.8,39.1,12.0,117.2,12.0,0.6,0.5,0.4,-94.9,-30.7,30.1,-14.3,12.0,82.1,12.0,0.6,0.5,0.4,-0.05,1.45,1.85,1.15,12.0,1.08,10.0,0.6,0.5,0.4,-0.5,16.9,24.4,12.6,11.0,11.2,10.0,0.6,0.5,0.4,1.69,2.72,4.64,2.85,6.0,1.76,14.0,0.3,0.5,0.5,12.7,35.6,54.1,33.3,6.0,22.2,14.0,0.3,0.5,0.5,-33.9,78.4,162.6,66.4,11.0,107.4,10.0,0.6,0.5,0.4,-89.8,-31.8,77.0,-4.2,11.0,109.5,10.0,0.6,0.5,0.4,-58.4,41.4,90.9,27.8,6.0,79.7,14.0,0.3,0.5,0.5,-50.2,-1.3,45.9,-3.2,6.0,45.7,14.0,0.3,0.5,0.5,-6.0,19.1,53.3,20.1,6.0,33.4,14.0,0.3,0.5,0.5,-14.3,-5.0,10.3,-3.5,6.0,14.3,14.0,0.3,0.5,0.5,285.0,1351.5,2321.5,1561.5,12.0,1270.0,12.0,0.6,0.5,0.4,285.0,1350.0,2320.0,1560.0,12.0,1270.0,12.0,0.6,0.5,0.4
1974,2,17.0,36.0,14.0,15.0,16.11,15.12,76.0,1.32,16.0,0.4,0.4,0.4,12.66,14.0,15.69,14.07,80.0,1.8,16.0,0.4,0.4,0.4,6.19,7.54,9.21,7.6,23.0,1.67,14.0,0.3,0.5,0.4,66.6,77.6,83.4,75.8,23.0,13.7,14.0,0.3,0.4,3.9,7.85,12.09,7.95,76.0,4.55,14.0,0.4,0.4,0.4,-2.4,2.46,7.89,2.73,76.0,5.58,14.0,0.4,0.4,0.4,-7.91,0.0,6.68,0.08,76.0,6.78,14.0,0.4,0.4,0.4,1004.9,1013.1,1021.95,1013.0,80.0,8.66,14.0,0.4,0.4,0.4,1.0,4.5,7.0,4.3,78.0,2.6,14.0,0.4,0.4,0.4,-16.1,12.7,77.9,31.8,76.0,78.3,14.0,0.4,0.4,0.4,-72.9,0.0,52.5,-6.3,76.0,87.5,14.0,0.4,0.4,0.4,-0.58,1.0,2.7,0.95,75.0,1.92,16.0,0.4,0.4,0.4,-5.3,1.6,14.3,5.6,69.0,19.6,14.0,0.4,0.4,0.4,1.39,2.67,4.54,3.1,21.0,1.99,14.0,0.4,0.5,0.5,7.0,15.5,25.8,20.7,21.0,20.9,14.0,0.4,0.5,0.5,-30.2,31.4,102.1,35.0,74.0,75.9,14.0,0.4,0.4,0.4,-92.4,0.0,107.3,6.1,74.0,94.3,14.0,0.4,0.4,0.4,-16.8,13.2,46.6,13.9,23.0,29.5,14.0,0.3,0.5,0.4,-20.7,7.0,63.7,16.3,23.0,49.0,14.0,0.3,0.5,0.4,-7.2,2.8,16.2,5.7,21.0,11.9,14.0,0.4,0.5,0.5,-9.6,1.2,21.8,2.4,21.0,26.6,14.0,0.4,0.5,0.5,60.5,484.5,1769.0,1039.5,76.0,1655.5,14.0,0.4,0.4,0.4,60.0,485.0,1770.0,1040.0,76.0,1655.0,14.0,0.4,0.4,0.4
1974,2,17.0,37.0,13.59,15.0,16.0,15.1,23.0,1.19,10.0,0.4,0.4,0.4,11.84,14.2,16.3,13.98,23.0,2.44,10.0,0.4,0.4,0.4,6.32,7.19,8.64,7.38,11.0,1.27,6.0,0.6,0.3,0.4,62.4,76.7,86.3,74.5,11.0,13.9,6.0,0.6,0.4,4.1,7.7,14.07,8.35,24.0,4.12,10.0,0.5,0.4,0.4,-2.79,2.6,8.13,2.63,24.0,6.35,10.0,0.5,0.4,0.4,-4.01,2.5,7.31,1.48,24.0,6.32,10.0,0.5,0.4,0.4,1004.04,1013.95,1022.69,1013.07,24.0,8.62,10.0,0.5,0.4,0.4,0.0,6.0,8.0,4.8,23.0,3.2,10.0,0.5,0.4,0.4,-17.3,13.7,83.8,26.1,24.0,86.2,10.0,0.5,0.4,0.4,-24.2,12.6,70.9,10.8,24.0,75.9,10.0,0.5,0.4,0.4,-1.85,0.8,3.85,1.11,23.0,2.76,10.0,0.4,0.4,0.4,-10.9,9.0,31.7,7.9,23.0,24.3,10.0,0.4,0.4,0.4,1.72,3.51,4.93,3.32,11.0,1.77,6.0,0.6,0.3,0.4,11.7,33.5,56.4,34.7,11.0,23.6,6.0,0.6,0.3,0.4,-31.1,30.4,96.3,38.4,23.0,98.3,10.0,0.4,0.4,0.4,-48.1,44.2,110.3,29.0,23.0,90.3,10.0,0.4,0.4,0.4,-6.9,28.9,81.5,34.7,11.0,40.1,6.0,0.6,0.3,0.4,-19.1,30.7,66.1,20.6,11.0,49.1,6.0,0.6,0.3,0.4,-3.9,11.4,52.2,22.1,11.0,28.7,6.0,0.6,0.3,0.4,-14.6,3.5,24.3,4.8,11.0,22.3,6.0,0.6,0.3,0.4,69.0,456.5,2790.5,1024.5,24.0,1331.0,10.0,0.5,0.4,0.4,70.0,455.0,2790.0,1025.0,24.0,1330.0,10.0,0.5,0.4,0.4
1974,2,17.0,38.0,13.33,14.0,16.0,14.35,24.0,1.16,14.0,0.5,0.2,0.6,12.05,14.0,14.39,13.4,27.0,1.83,14.0,0.4,0.3,0.6,7.81,8.13,8.44,7.92,8.0,0.82,12.0,0.3,0.2,0.6,70.6,78.9,84.3,77.3,8.0,8.5,12.0,0.3,0.6,3.21,7.2,9.91,7.1,27.0,3.86,14.0,0.4,0.3,0.6,-3.96,2.25,5.61,0.63,27.0,4.64,14.0,0.4,0.3,0.6,-1.66,3.1,8.16,3.59,27.0,5.65,14.0,0.4,0.3,0.6,1004.08,1009.3,1016.41,1009.8,27.0,7.52,14.0,0.4,0.3,0.6,1.8,7.0,8.0,5.0,25.0,2.9,14.0,0.5,0.2,0.6,-25.7,5.9,42.3,6.5,27.0,46.3,14.0,0.4,0.3,0.6,-8.1,19.2,74.4,42.0,27.0,68.6,14.0,0.4,0.3,0.6,-0.73,0.55,2.35,0.99,24.0,2.2,14.0,0.5,0.2,0.6,-6.7,4.8,11.5,3.2,24.0,13.0,14.0,0.5,0.2,0.6,1.7,1.91,2.98,2.29,6.0,0.91,10.0,0.2,0.1,0.5,14.2,24.4,30.3,22.9,6.0,7.9,10.0,0.2,0.1,0.5,-55.2,24.8,77.7,9.9,27.0,63.0,14.0,0.4,0.3,0.6,-22.3,45.0,130.7,51.9,27.0,80.0,14.0,0.4,0.3,0.6,-8.3,35.6,49.0,25.6,8.0,30.2,12.0,0.3,0.2,0.6,44.9,65.3,100.1,69.5,8.0,31.0,12.0,0.3,0.2,0.6,7.1,10.1,15.6,11.1,6.0,4.2,10.0,0.2,0.1,0.5,11.5,19.3,27.5,19.4,6.0,8.8,10.0,0.2,0.1,0.5,34.0,373.0,975.5,693.0,27.0,1069.0,14.0,0.4,0.3,0.6,35.0,375.0,975.0,695.0,27.0,1070.0,14.0,0.4,0.3,0.6
1974,2,17.0,39.0,13.27,14.0,15.41,14.4,13.0,0.98,14.0,0.7,0.7,0.2,12.35,13.7,15.03,13.72,18.0,1.25,14.0,0.7,0.7,0.3,7.65,8.16,8.48,7.95,8.0,0.76,16.0,0.9,0.7,0.4,73.6,77.7,83.7,78.4,8.0,5.6,16.0,0.9,0.4,4.07,7.85,10.1,7.41,18.0,2.66,14.0,0.7,0.7,0.3,-4.8,0.79,5.21,0.75,18.0,5.14,14.0,0.7,0.7,0.3,-0.91,4.31,8.09,3.55,18.0,4.98,14.0,0.7,0.7,0.3,1000.3,1009.1,1015.07,1007.55,18.0,8.89,14.0,0.7,0.7,0.3,2.5,6.0,8.0,4.9,17.0,2.6,14.0,0.7,0.7,0.3,-37.1,3.6,40.3,8.4,18.0,48.0,14.0,0.7,0.7,0.3,-2.7,24.9,74.9,31.4,18.0,44.7,14.0,0.7,0.7,0.3,-1.0,1.3,2.02,0.59,13.0,1.48,14.0,0.7,0.7,0.2,-7.4,4.8,11.1,2.8,13.0,10.1,14.0,0.7,0.7,0.2,1.57,2.17,2.51,2.05,4.0,0.59,16.0,0.8,0.7,0.4,9.5,14.1,22.2,15.8,4.0,8.1,16.0,0.8,0.7,0.4,-70.0,11.0,65.7,7.8,18.0,68.9,14.0,0.7,0.7,0.3,-12.1,61.8,118.6,53.2,18.0,68.9,14.0,0.7,0.7,0.3,-43.7,-17.3,20.8,-14.4,8.0,28.8,16.0,0.9,0.7,0.4,34.0,58.0,64.9,44.0,8.0,37.6,16.0,0.9,0.7,0.4,-7.8,-4.2,3.9,-2.0,4.0,7.9,16.0,0.8,0.7,0.4,7.8,12.8,20.3,14.0,4.0,8.2,16.0,0.8,0.7,0.4,67.5,484.5,1037.5,549.5,18.0,435.5,14.0,0.7,0.7,0.3,65.0,485.0,1035.0,550.0,18.0,435.0,14.0,0.7,0.7,0.3
1974,2,17.0,40.0,13.63,14.0,15.91,14.7,5.0,1.72,18.0,0.8,0.8,0.8,10.82,11.0,12.15,11.5,5.0,1.31,18.0,0.8,0.8,0.8,7.29,7.29,7.29,7.29,1.0,0.0,26.0,1.0,0.9,0.9,89.9,89.9,89.9,89.9,1.0,0.0,26.0,1.0,0.9,2.0,4.6,12.35,6.96,5.0,6.04,18.0,0.8,0.8,0.8,-5.41,-1.73,5.26,-0.18,5.0,7.99,18.0,0.8,0.8,0.8,-3.52,-1.53,3.1,0.13,5.0,5.76,18.0,0.8,0.8,0.8,1000.39,1006.3,1013.38,1006.14,5.0,9.11,18.0,0.8,0.8,0.8,5.9,8.0,8.0,7.0,5.0,1.7,18.0,0.8,0.8,0.8,-45.0,-3.5,72.4,15.9,5.0,107.7,18.0,0.8,0.8,0.8,-23.5,-3.1,58.1,21.0,5.0,80.3,18.0,0.8,0.8,0.8,1.66,3.0,4.79,3.2,5.0,2.28,18.0,0.8,0.8,0.8,5.0,11.5,54.7,26.8,5.0,28.9,18.0,0.8,0.8,0.8,5.11,5.11,5.11,5.11,1.0,0.0,26.0,1.0,0.9,0.9,52.6,52.6,52.6,52.6,1.0,0.0,26.0,1.0,0.9,0.9,-58.6,-23.9,58.1,-2.6,5.0,88.0,18.0,0.8,0.8,0.8,-37.6,-17.2,32.3,1.1,5.0,63.2,18.0,0.8,0.8,0.8,-70.5,-70.5,-70.5,-70.5,1.0,0.0,26.0,1.0,0.9,0.9,-25.7,-25.7,-25.7,-25.7,1.0,0.0,26.0,1.0,0.9,0.9,-49.4,-49.4,-49.4,-49.4,1.0,0.0,26.0,1.0,0.9,0.9,-18.0,-18.0,-18.0,-18.0,1.0,0.0,26.0,1.0,0.9,0.9,8.0,97.5,2161.5,1045.0,5.0,1725.0,18.0,0.8,0.8,0.8,10.0,95.0,2160.0,1045.0,5.0,1725.0,18.0,0.8,0.8,0.8
1974,2,17.0,41.0,13.0,14.0,15.0,13.69,53.0,1.13,12.0,0.5,0.4,0.4,11.5,13.0,15.0,13.12,55.0,1.95,12.0,0.5,0.4,0.5,5.64,6.57,8.15,6.84,14.0,1.35,10.0,0.5,0.4,0.4,63.5,76.5,86.8,73.8,14.0,13.2,10.0,0.5,0.4,2.6,4.6,6.7,4.59,56.0,2.51,14.0,0.4,0.4,0.4,-4.31,-1.57,1.6,-1.46,56.0,3.21,14.0,0.4,0.4,0.4,-2.87,1.38,4.75,1.03,56.0,3.76,14.0,0.4,0.4,0.4,1005.65,1011.75,1021.0,1012.15,56.0,8.06,14.0,0.4,0.4,0.4,0.0,3.0,8.0,3.7,53.0,3.3,12.0,0.5,0.4,0.5,-28.9,-4.3,4.3,-10.8,56.0,25.1,14.0,0.4,0.4,0.4,-8.7,3.0,26.5,8.3,56.0,30.4,14.0,0.4,0.4,0.4,-2.0,0.5,2.87,0.55,53.0,2.23,12.0,0.5,0.4,0.4,-6.5,1.5,10.0,1.5,53.0,9.8,12.0,0.5,0.4,0.4,1.1,2.68,3.83,2.59,13.0,1.42,8.0,0.5,0.4,0.4,4.6,8.7,14.7,10.1,13.0,6.1,8.0,0.5,0.4,0.4,-58.6,-19.4,17.2,-20.2,55.0,43.5,12.0,0.5,0.4,0.5,-36.1,19.9,63.0,15.8,55.0,50.8,12.0,0.5,0.4,0.5,-23.9,-7.9,9.1,-4.1,14.0,20.4,10.0,0.5,0.4,0.4,-15.4,14.9,29.2,9.3,14.0,23.4,10.0,0.5,0.4,0.4,-5.0,-1.4,6.6,0.7,13.0,7.6,8.0,0.5,0.4,0.4,-5.6,2.2,9.6,1.9,13.0,9.3,8.0,0.5,0.4,0.4,17.5,97.5,301.0,199.0,56.0,370.5,14.0,0.4,0.4,0.4,20.0,95.0,300.0,200.0,56.0,370.0,14.0,0.4,0.4,0.4
1974,2,17.0,42.0,12.0,13.0,14.0,13.19,21.0,1.35,18.0,0.6,0.4,0.4,10.0,13.0,14.0,12.43,23.0,2.55,18.0,0.6,0.4,0.4,6.66,6.66,6.66,6.66,1.0,0.0,24.0,1.0,0.1,0.0,68.9,68.9,68.9,68.9,1.0,0.0,24.0,1.0,0.0,2.6,4.6,8.28,5.04,23.0,3.41,18.0,0.6,0.4,0.4,-5.13,-1.67,3.16,-0.87,23.0,4.64,18.0,0.6,0.4,0.4,-5.13,-0.89,1.01,-1.49,23.0,3.68,18.0,0.6,0.4,0.4,1001.89,1011.5,1018.7,1010.9,23.0,8.23,18.0,0.6,0.4,0.4,1.5,4.0,8.0,4.3,23.0,2.8,18.0,0.6,0.4,0.4,-34.4,-4.3,21.4,-3.1,23.0,44.6,18.0,0.6,0.4,0.4,-38.4,-4.3,2.6,-11.4,23.0,32.0,18.0,0.6,0.4,0.4,,,,,,,,,,,,,,,,,,,,,,,,,,,,,,,,,,,,,,,,,-70.1,-19.5,43.3,-9.6,23.0,60.3,18.0,0.6,0.4,0.4,-64.3,-12.0,13.2,-18.2,23.0,46.5,18.0,0.6,0.4,0.4,-33.5,-33.5,-33.5,-33.5,1.0,0.0,24.0,1.0,0.1,0.0,-5.9,-5.9,-5.9,-5.9,1.0,0.0,24.0,1.0,0.1,0.0,,,,,,,,,,,,,,,,,,,,,,,,,,,,,,,,,,,,,,,,
1974,2,17.0,54.0,,,,,,,,,,,,,,,,,,,,,,,,,,,,,,,,,,,,,,,,0.0,0.0,0.0,0.0,1.0,0.0,18.0,0.0,0.0,0.5,0.0,0.0,0.0,0.0,1.0,0.0,18.0,0.0,0.0,0.5,0.0,0.0,0.0,0.0,1.0,0.0,18.0,0.0,0.0,0.5,1010.7,1010.7,1010.7,1010.7,1.0,0.0,18.0,0.0,0.0,0.5,,,,,,,,,,,,,,,,,,,,,,,,,,,,,,,,,,,,,,,,,,,,,,,,,,,,,,,,,,,,,,,,,,,,,,,,,,,,,,,,,,,,,,,,,,,,,,,,,,,,,,,,,,,,,,,,,,,,,,,,,,,,,,,,,,,,,,,,,,,,,,,,,,,,,,
1974,2,17.0,55.0,,,,,,,,,,,,,,,,,,,,,,,,,,,,,,,,,,,,,,,,2.44,7.0,8.0,6.13,15.0,3.5,18.0,0.5,0.3,0.3,-5.27,-1.97,5.39,-0.31,15.0,6.0,18.0,0.5,0.3,0.3,-5.0,0.0,4.29,-0.56,15.0,4.01,18.0,0.5,0.3,0.3,1000.65,1018.05,1028.2,1014.36,16.0,17.36,18.0,0.4,0.4,0.3,,,,,,,,,,,,,,,,,,,,,,,,,,,,,,,,,,,,,,,,,,,,,,,,,,,,,,,,,,,,,,,,,,,,,,,,,,,,,,,,,,,,,,,,,,,,,,,,,,,,,,,,,,,,,,,,,,,,,,,,,,,,,,,,,,,,,,,,,,,,,,,,,,,,,,
1974,2,17.0,56.0,2.0,3.0,4.0,3.32,33.0,1.23,14.0,0.2,0.4,0.4,0.97,2.0,3.94,2.37,38.0,1.44,14.0,0.1,0.4,0.4,3.76,4.15,4.53,4.15,2.0,0.8,4.0,0.0,0.1,0.4,91.9,95.2,98.5,95.2,2.0,6.8,4.0,0.0,0.4,2.82,5.0,9.45,6.19,36.0,3.91,16.0,0.1,0.4,0.4,-4.33,0.0,5.42,0.45,36.0,5.23,16.0,0.1,0.4,0.4,-3.7,1.54,4.54,0.37,36.0,5.21,16.0,0.1,0.4,0.4,1001.18,1014.65,1032.82,1011.7,38.0,17.3,14.0,0.1,0.4,0.4,3.7,8.0,8.0,6.1,24.0,2.7,16.0,0.2,0.4,0.4,-20.7,0.0,42.7,11.7,36.0,65.2,16.0,0.1,0.4,0.4,-26.3,5.6,40.5,-3.7,36.0,56.6,16.0,0.1,0.4,0.4,-0.59,1.0,2.89,0.98,33.0,1.72,14.0,0.2,0.4,0.4,-1.6,3.2,15.0,8.4,31.0,18.1,16.0,0.2,0.4,0.4,-0.03,0.32,0.67,0.32,2.0,0.73,4.0,0.0,0.1,0.4,0.2,1.7,3.2,1.7,2.0,3.1,4.0,0.0,0.1,0.4,-7.5,0.0,10.3,0.9,36.0,12.2,16.0,0.1,0.4,0.4,-8.9,2.4,10.0,1.7,36.0,11.5,16.0,0.1,0.4,0.4,0.0,0.0,0.0,0.0,2.0,0.0,4.0,0.0,0.1,0.4,12.9,14.4,15.8,14.4,2.0,3.0,4.0,0.0,0.1,0.4,0.0,0.0,0.0,0.0,2.0,0.0,4.0,0.0,0.1,0.4,0.2,1.7,3.2,1.7,2.0,3.1,4.0,0.0,0.1,0.4,23.0,125.0,849.5,577.5,36.0,1163.0,16.0,0.1,0.4,0.4,25.0,125.0,850.0,575.0,36.0,1165.0,16.0,0.1,0.4,0.4
1974,2,17.0,57.0,2.0,2.75,4.0,3.01,14.0,1.12,18.0,0.3,0.6,0.3,0.22,2.0,3.03,1.72,15.0,1.35,18.0,0.3,0.6,0.3,3.89,4.11,4.45,4.17,3.0,0.41,12.0,0.0,0.6,0.3,87.8,89.2,96.6,92.1,3.0,6.9,12.0,0.0,0.3,3.0,4.1,9.4,5.55,15.0,4.09,18.0,0.3,0.6,0.3,-1.4,2.3,3.78,2.15,15.0,4.27,18.0,0.3,0.6,0.3,-2.85,1.88,5.14,0.31,15.0,5.15,18.0,0.3,0.6,0.3,997.75,1016.2,1037.56,1016.25,15.0,21.56,18.0,0.3,0.6,0.3,4.3,8.0,8.0,6.4,10.0,2.5,20.0,0.2,0.6,0.3,-5.0,6.9,28.9,20.4,15.0,52.8,18.0,0.3,0.6,0.3,-10.0,5.8,29.7,-6.7,15.0,59.1,18.0,0.3,0.6,0.3,0.01,1.3,2.66,1.27,14.0,1.18,18.0,0.3,0.6,0.3,0.0,5.2,9.9,8.0,14.0,11.9,18.0,0.3,0.6,0.3,0.33,0.37,0.63,0.48,3.0,0.24,12.0,0.0,0.6,0.3,0.9,1.2,5.4,3.1,3.0,3.7,12.0,0.0,0.6,0.3,-6.9,1.3,7.1,0.7,15.0,6.4,18.0,0.3,0.6,0.3,-4.1,0.0,12.6,3.3,15.0,8.1,18.0,0.3,0.6,0.3,-13.4,9.1,10.3,-1.3,3.0,19.5,12.0,0.0,0.6,0.3,-20.5,-3.3,7.8,-6.3,3.0,20.8,12.0,0.0,0.6,0.3,-3.0,0.7,0.8,-1.1,3.0,3.2,12.0,0.0,0.6,0.3,-3.9,-0.3,0.6,-1.6,3.0,3.5,12.0,0.0,0.6,0.3,27.0,69.0,846.0,501.5,15.0,1043.5,18.0,0.3,0.6,0.3,25.0,70.0,845.0,500.0,15.0,1045.0,18.0,0.3,0.6,0.3
1974,2,17.0,58.0,,,,,,,,,,,,,,,,,,,,,,,,,,,,,,,,,,,,,,,,2.0,2.0,2.0,2.0,1.0,0.0,10.0,0.0,0.7,0.8,1.0,1.0,1.0,1.0,1.0,0.0,10.0,0.0,0.7,0.8,1.73,1.73,1.73,1.73,1.0,0.0,10.0,0.0,0.7,0.8,992.7,992.7,992.7,992.7,1.0,0.0,10.0,0.0,0.7,0.8,,,,,,,,,,,,,,,,,,,,,,,,,,,,,,,,,,,,,,,,,,,,,,,,,,,,,,,,,,,,,,,,,,,,,,,,,,,,,,,,,,,,,,,,,,,,,,,,,,,,,,,,,,,,,,,,,,,,,,,,,,,,,,,,,,,,,,,,,,,,,,,,,,,,,,
1974,2,17.0,68.0,2.97,3.2,3.33,3.15,12.0,0.17,20.0,0.3,0.1,0.9,1.29,1.85,4.3,2.33,12.0,1.66,20.0,0.3,0.1,0.9,3.65,3.81,4.46,4.01,12.0,0.51,20.0,0.3,0.1,0.9,85.2,87.8,95.2,88.6,12.0,5.8,20.0,0.3,0.9,0.37,5.1,12.71,6.33,12.0,6.24,20.0,0.3,0.1,0.9,-0.56,0.0,7.14,2.79,12.0,4.18,20.0,0.3,0.1,0.9,-0.04,0.65,11.68,4.03,12.0,6.24,20.0,0.3,0.1,0.9,976.81,1016.95,1020.73,1004.51,12.0,21.27,20.0,0.3,0.1,0.9,6.7,7.5,8.0,7.1,12.0,1.4,20.0,0.3,0.1,0.9,-0.4,0.0,102.2,37.8,12.0,51.8,20.0,0.3,0.1,0.9,0.0,1.0,148.6,53.3,12.0,81.8,20.0,0.3,0.1,0.9,-0.93,1.35,1.83,0.82,12.0,1.59,20.0,0.3,0.1,0.9,-13.8,0.4,6.5,-2.3,12.0,10.7,20.0,0.3,0.1,0.9,0.48,0.97,1.05,0.77,12.0,0.44,20.0,0.3,0.1,0.9,-0.1,0.8,8.8,3.0,12.0,4.4,20.0,0.3,0.1,0.9,-0.5,0.2,32.1,11.1,12.0,15.3,20.0,0.3,0.1,0.9,-0.3,0.0,55.5,16.6,12.0,25.5,20.0,0.3,0.1,0.9,-2.1,0.0,35.5,12.5,12.0,18.3,20.0,0.3,0.1,0.9,-0.2,2.3,52.1,18.6,12.0,28.5,20.0,0.3,0.1,0.9,-0.9,-0.1,3.8,1.0,12.0,3.1,20.0,0.3,0.1,0.9,-1.0,0.0,5.3,1.2,12.0,4.1,20.0,0.3,0.1,0.9,0.0,331.0,2070.5,972.0,12.0,1260.0,20.0,0.3,0.1,0.9,0.0,330.0,2070.0,970.0,12.0,1260.0,20.0,0.3,0.1,0.9
1974,2,17.0,69.0,3.0,3.2,3.35,3.55,23.0,1.22,22.0,0.3,0.3,0.2,0.64,3.7,5.5,3.39,23.0,2.28,22.0,0.3,0.3,0.2,3.05,3.89,4.52,3.84,21.0,0.74,24.0,0.4,0.3,0.1,64.2,77.1,89.8,78.2,21.0,11.5,24.0,0.4,0.1,6.95,10.8,13.65,10.54,23.0,3.71,22.0,0.3,0.3,0.2,2.36,6.7,8.98,5.29,23.0,4.3,22.0,0.3,0.3,0.2,-0.69,7.58,11.44,5.8,23.0,6.85,22.0,0.3,0.3,0.2,992.91,1015.0,1023.2,1008.72,23.0,15.56,22.0,0.3,0.3,0.2,5.3,7.0,8.0,6.6,22.0,1.8,22.0,0.4,0.3,0.2,15.5,66.1,112.6,64.9,23.0,54.7,22.0,0.3,0.3,0.2,-1.4,75.0,155.9,75.6,23.0,95.4,22.0,0.3,0.3,0.2,-2.4,-0.4,3.2,0.16,23.0,2.84,22.0,0.3,0.3,0.2,-28.8,-2.9,33.6,2.4,23.0,40.3,22.0,0.3,0.3,0.2,0.26,0.86,2.15,1.06,21.0,0.95,24.0,0.4,0.3,0.1,2.0,5.8,19.6,11.1,21.0,13.6,24.0,0.4,0.3,0.1,1.9,22.1,44.0,22.0,23.0,17.8,22.0,0.3,0.3,0.2,0.0,22.6,54.4,26.4,23.0,26.1,22.0,0.3,0.3,0.2,5.8,30.0,35.1,22.7,21.0,16.0,24.0,0.4,0.3,0.1,0.0,30.4,53.3,24.5,21.0,27.3,24.0,0.4,0.3,0.1,-0.3,2.9,10.9,4.4,21.0,9.5,24.0,0.4,0.3,0.1,-0.9,2.5,14.7,6.2,21.0,12.8,24.0,0.4,0.3,0.1,336.5,1259.5,2548.5,1583.5,23.0,1487.0,22.0,0.3,0.3,0.2,335.0,1260.0,2550.0,1585.0,23.0,1485.0,22.0,0.3,0.3,0.2
1974,2,17.0,70.0,4.11,5.5,6.2,5.23,46.0,0.99,8.0,0.3,0.4,0.3,-2.2,1.05,4.13,0.93,60.0,3.47,10.0,0.4,0.3,0.2,2.47,3.01,3.93,3.14,30.0,0.65,4.0,0.5,0.3,0.3,81.2,86.9,91.8,86.5,30.0,5.7,4.0,0.5,0.3,3.54,10.0,15.4,9.99,57.0,5.3,10.0,0.3,0.3,0.2,-8.64,-2.91,12.21,-0.36,57.0,8.45,10.0,0.3,0.3,0.2,-5.68,0.0,11.29,1.43,57.0,7.49,10.0,0.3,0.3,0.2,994.64,1002.5,1011.7,1002.55,60.0,9.33,10.0,0.4,0.3,0.2,5.0,7.0,8.0,6.6,57.0,1.8,10.0,0.4,0.3,0.2,-84.4,-9.0,161.4,18.7,57.0,117.3,10.0,0.3,0.3,0.2,-64.1,0.0,149.6,32.7,57.0,119.9,10.0,0.3,0.3,0.2,3.24,5.45,7.89,5.55,46.0,2.19,8.0,0.3,0.4,0.3,19.1,39.9,68.2,42.6,43.0,23.8,8.0,0.3,0.4,0.3,1.99,2.44,2.79,2.38,30.0,0.4,4.0,0.5,0.3,0.3,8.8,20.9,25.6,19.1,28.0,7.7,4.0,0.4,0.3,0.3,-8.8,8.7,44.9,16.8,57.0,29.0,10.0,0.3,0.3,0.2,-8.1,0.0,40.5,14.3,57.0,38.3,10.0,0.3,0.3,0.2,-33.0,-13.9,15.7,-9.4,28.0,24.8,4.0,0.4,0.3,0.3,-26.1,-7.9,1.1,-11.9,28.0,14.8,4.0,0.4,0.3,0.3,-21.6,-12.8,7.3,-10.2,28.0,15.1,4.0,0.4,0.3,0.3,-14.7,-7.8,1.0,-6.9,28.0,7.4,4.0,0.4,0.3,0.3,45.0,1000.0,3652.5,1852.5,57.0,2200.0,10.0,0.3,0.3,0.2,45.0,1000.0,3650.0,1855.0,57.0,2200.0,10.0,0.3,0.3,0.2
1974,2,17.0,71.0,5.66,5.8,5.94,5.8,3.0,0.2,18.0,0.0,0.3,0.3,-2.18,0.0,1.5,-0.33,3.0,2.72,18.0,0.0,0.3,0.3,2.91,2.91,2.91,2.91,1.0,0.0,22.0,0.0,0.1,0.7,74.4,74.4,74.4,74.4,1.0,0.0,22.0,0.0,0.7,9.13,18.0,19.37,14.33,3.0,8.14,18.0,0.0,0.3,0.3,3.17,16.91,19.02,11.23,3.0,12.61,18.0,0.0,0.3,0.3,1.22,3.83,5.42,3.33,3.0,3.11,18.0,0.0,0.3,0.3,975.12,977.1,989.25,982.07,3.0,11.21,18.0,0.0,0.3,0.3,6.2,6.5,6.8,6.5,2.0,0.7,22.0,0.0,0.5,0.4,85.7,304.5,369.7,229.5,3.0,217.9,18.0,0.0,0.3,0.3,6.1,19.2,81.7,43.3,3.0,59.2,18.0,0.0,0.3,0.3,4.23,6.0,8.05,6.13,3.0,2.8,18.0,0.0,0.3,0.3,52.3,68.0,95.3,73.7,3.0,31.9,18.0,0.0,0.3,0.3,3.08,3.08,3.08,3.08,1.0,0.0,22.0,0.0,0.1,0.7,55.5,55.5,55.5,55.5,1.0,0.0,22.0,0.0,0.1,0.7,3.3,10.3,33.3,18.1,3.0,23.0,18.0,0.0,0.3,0.3,-8.4,0.0,0.0,-4.1,3.0,7.1,18.0,0.0,0.3,0.3,49.3,49.3,49.3,49.3,1.0,0.0,22.0,0.0,0.1,0.7,17.9,17.9,17.9,17.9,1.0,0.0,22.0,0.0,0.1,0.7,52.2,52.2,52.2,52.2,1.0,0.0,22.0,0.0,0.1,0.7,19.0,19.0,19.0,19.0,1.0,0.0,22.0,0.0,0.1,0.7,1936.5,5832.0,7312.0,4652.5,3.0,4068.0,18.0,0.0,0.3,0.3,1935.0,5830.0,7310.0,4650.0,3.0,4070.0,18.0,0.0,0.3,0.3
1974,2,17.0,72.0,,,,,,,,,,,,,,,,,,,,,,,,,,,,,,,,,,,,,,,,7.38,11.0,16.72,12.0,4.0,6.68,18.0,0.0,0.5,0.5,-12.4,2.76,10.6,-0.73,4.0,14.49,18.0,0.0,0.5,0.5,2.1,3.3,5.72,3.88,4.0,2.41,18.0,0.0,0.5,0.5,983.74,996.4,1008.9,996.33,4.0,14.52,18.0,0.0,0.5,0.5,,,,,,,,,,,,,,,,,,,,,,,,,,,,,,,,,,,,,,,,,,,,,,,,,,,,,,,,,,,,,,,,,,,,,,,,,,,,,,,,,,,,,,,,,,,,,,,,,,,,,,,,,,,,,,,,,,,,,,,,,,,,,,,,,,,,,,,,,,,,,,,,,,,,,,
1974,2,17.0,73.0,,,,,,,,,,,,,,,,,,,,,,,,,,,,,,,,,,,,,,,,6.0,8.0,10.87,8.26,27.0,2.71,16.0,0.4,0.6,0.7,-5.58,-2.05,5.77,-0.61,27.0,5.47,16.0,0.4,0.6,0.7,-6.8,2.39,7.64,0.52,27.0,6.9,16.0,0.4,0.6,0.7,985.27,1007.3,1017.15,1001.21,27.0,17.32,16.0,0.4,0.6,0.7,,,,,,,,,,,,,,,,,,,,,,,,,,,,,,,,,,,,,,,,,,,,,,,,,,,,,,,,,,,,,,,,,,,,,,,,,,,,,,,,,,,,,,,,,,,,,,,,,,,,,,,,,,,,,,,,,,,,,,,,,,,,,,,,,,,,,,,,,,,,,,,,,,,,,,
1974,2,17.0,74.0,,,,,,,,,,,,,,,,,,,,,,,,,,,,,,,,,,,,,,,,5.3,10.5,19.0,11.63,24.0,5.9,10.0,0.1,0.4,0.3,-12.76,-5.16,4.02,-3.55,24.0,9.52,10.0,0.1,0.4,0.3,-9.96,-2.7,6.1,-1.91,24.0,8.26,10.0,0.1,0.4,0.3,998.11,1003.9,1017.4,1006.33,25.0,8.59,10.0,0.1,0.4,0.3,,,,,,,,,,,,,,,,,,,,,,,,,,,,,,,,,,,,,,,,,,,,,,,,,,,,,,,,,,,,,,,,,,,,,,,,,,,,,,,,,,,,,,,,,,,,,,,,,,,,,,,,,,,,,,,,,,,,,,,,,,,,,,,,,,,,,,,,,,,,,,,,,,,,,,
1974,2,18.0,-67.0,,,,,,,,,,,,,,,,,,,,,,,,,,,,,,,,,,,,,,,,10.3,10.3,10.3,10.3,1.0,0.0,26.0,1.0,0.6,0.3,-8.92,-8.92,-8.92,-8.92,1.0,0.0,26.0,1.0,0.6,0.3,5.15,5.15,5.15,5.15,1.0,0.0,26.0,1.0,0.6,0.3,973.7,973.7,973.7,973.7,1.0,0.0,26.0,1.0,0.6,0.3,,,,,,,,,,,,,,,,,,,,,,,,,,,,,,,,,,,,,,,,,,,,,,,,,,,,,,,,,,,,,,,,,,,,,,,,,,,,,,,,,,,,,,,,,,,,,,,,,,,,,,,,,,,,,,,,,,,,,,,,,,,,,,,,,,,,,,,,,,,,,,,,,,,,,,
1974,2,18.0,-45.0,,,,,,,,,,,,,,,,,,,,,,,,,,,,,,,,,,,,,,,,12.3,12.3,12.3,12.3,1.0,0.0,26.0,1.0,1.0,0.3,11.32,11.32,11.32,11.32,1.0,0.0,26.0,1.0,1.0,0.3,-4.81,-4.81,-4.81,-4.81,1.0,0.0,26.0,1.0,1.0,0.3,1018.0,1018.0,1018.0,1018.0,1.0,0.0,26.0,1.0,1.0,0.3,,,,,,,,,,,,,,,,,,,,,,,,,,,,,,,,,,,,,,,,,,,,,,,,,,,,,,,,,,,,,,,,,,,,,,,,,,,,,,,,,,,,,,,,,,,,,,,,,,,,,,,,,,,,,,,,,,,,,,,,,,,,,,,,,,,,,,,,,,,,,,,,,,,,,,
1974,2,18.0,-37.0,21.0,21.0,21.0,21.0,1.0,0.0,24.0,1.0,0.9,0.3,20.4,20.4,20.4,20.4,1.0,0.0,24.0,1.0,0.9,0.3,8.91,8.91,8.91,8.91,1.0,0.0,24.0,1.0,0.9,0.3,60.5,60.5,60.5,60.5,1.0,0.0,24.0,1.0,0.3,9.3,9.3,9.3,9.3,1.0,0.0,24.0,1.0,0.9,0.3,-9.3,-9.3,-9.3,-9.3,1.0,0.0,24.0,1.0,0.9,0.3,0.0,0.0,0.0,0.0,1.0,0.0,24.0,1.0,0.9,0.3,1020.8,1020.8,1020.8,1020.8,1.0,0.0,24.0,1.0,0.9,0.3,2.0,2.0,2.0,2.0,1.0,0.0,24.0,1.0,0.9,0.3,-86.5,-86.5,-86.5,-86.5,1.0,0.0,24.0,1.0,0.9,0.3,0.0,0.0,0.0,0.0,1.0,0.0,24.0,1.0,0.9,0.3,0.6,0.6,0.6,0.6,1.0,0.0,24.0,1.0,0.9,0.3,5.6,5.6,5.6,5.6,1.0,0.0,24.0,1.0,0.9,0.3,6.45,6.45,6.45,6.45,1.0,0.0,24.0,1.0,0.9,0.3,59.9,59.9,59.9,59.9,1.0,0.0,24.0,1.0,0.9,0.3,-189.7,-189.7,-189.7,-189.7,1.0,0.0,24.0,1.0,0.9,0.3,0.0,0.0,0.0,0.0,1.0,0.0,24.0,1.0,0.9,0.3,-82.9,-82.9,-82.9,-82.9,1.0,0.0,24.0,1.0,0.9,0.3,0.0,0.0,0.0,0.0,1.0,0.0,24.0,1.0,0.9,0.3,-59.9,-59.9,-59.9,-59.9,1.0,0.0,24.0,1.0,0.9,0.3,0.0,0.0,0.0,0.0,1.0,0.0,24.0,1.0,0.9,0.3,804.5,804.5,804.5,804.5,1.0,0.0,24.0,1.0,0.9,0.3,805.0,805.0,805.0,805.0,1.0,0.0,24.0,1.0,0.9,0.3
1974,2,18.0,-36.0,18.48,19.5,20.52,19.5,2.0,2.12,10.0,0.5,0.8,0.8,19.16,19.5,19.84,19.5,2.0,0.71,10.0,0.5,0.8,0.8,11.12,11.17,11.22,11.17,2.0,0.1,10.0,0.5,0.8,0.8,77.6,79.5,81.3,79.5,2.0,3.9,10.0,0.5,0.8,6.08,9.25,12.42,9.25,2.0,6.58,10.0,0.5,0.8,0.8,3.23,6.81,10.38,6.81,2.0,7.4,10.0,0.5,0.8,0.8,4.74,5.64,6.53,5.64,2.0,1.86,10.0,0.5,0.8,0.8,1011.2,1013.35,1015.5,1013.35,2.0,4.45,10.0,0.5,0.8,0.8,3.0,5.0,7.0,5.0,2.0,4.2,10.0,0.5,0.8,0.8,32.6,87.3,141.9,87.3,2.0,113.2,10.0,0.5,0.8,0.8,32.1,58.2,84.4,58.2,2.0,54.3,10.0,0.5,0.8,0.8,-1.37,0.0,1.37,0.0,2.0,2.83,10.0,0.5,0.8,0.8,-3.3,9.3,21.9,9.3,2.0,26.2,10.0,0.5,0.8,0.8,2.09,2.98,3.87,2.98,2.0,1.84,10.0,0.5,0.8,0.8,15.9,33.6,51.3,33.6,2.0,36.6,10.0,0.5,0.8,0.8,62.8,130.1,197.4,130.1,2.0,139.5,10.0,0.5,0.8,0.8,93.7,109.3,124.8,109.3,2.0,32.2,10.0,0.5,0.8,0.8,36.2,76.4,116.6,76.4,2.0,83.4,10.0,0.5,0.8,0.8,52.8,63.1,73.4,63.1,2.0,21.3,10.0,0.5,0.8,0.8,10.4,27.1,43.7,27.1,2.0,34.6,10.0,0.5,0.8,0.8,10.8,18.5,26.2,18.5,2.0,15.9,10.0,0.5,0.8,0.8,508.0,1391.5,2275.0,1391.5,2.0,1830.0,10.0,0.5,0.8,0.8,510.0,1390.0,2275.0,1390.0,2.0,1830.0,10.0,0.5,0.8,0.8
1974,2,18.0,-35.0,15.47,18.15,20.0,18.04,82.0,2.29,12.0,0.5,0.5,0.5,17.0,18.8,20.98,18.94,96.0,2.1,12.0,0.6,0.4,0.5,9.81,11.49,12.35,11.12,64.0,1.36,14.0,0.5,0.5,0.5,73.1,84.6,92.7,82.9,64.0,9.4,14.0,0.5,0.5,4.0,8.0,12.0,8.32,96.0,4.14,12.0,0.6,0.5,0.5,-8.42,-3.27,2.46,-3.1,96.0,5.48,12.0,0.6,0.5,0.5,1.57,5.9,9.39,5.41,96.0,4.21,12.0,0.6,0.5,0.5,1010.24,1013.6,1017.0,1013.32,98.0,3.68,12.0,0.6,0.4,0.5,0.0,2.0,7.0,3.1,98.0,2.9,12.0,0.6,0.4,0.5,-92.7,-15.8,13.6,-39.6,96.0,74.8,12.0,0.6,0.5,0.5,5.5,50.2,109.9,57.1,96.0,57.6,12.0,0.6,0.5,0.5,-3.29,-0.85,1.4,-1.02,80.0,2.47,12.0,0.5,0.5,0.5,-25.4,-4.2,10.5,-5.7,78.0,20.4,12.0,0.5,0.5,0.5,-0.98,1.2,3.75,1.46,54.0,2.21,14.0,0.6,0.5,0.5,-5.0,6.4,26.6,12.0,54.0,20.7,14.0,0.6,0.5,0.5,-167.8,-66.3,46.0,-58.4,94.0,103.0,12.0,0.6,0.4,0.5,29.6,112.2,175.7,103.5,94.0,77.3,12.0,0.6,0.4,0.5,-79.0,-17.7,16.9,-28.4,64.0,57.1,14.0,0.5,0.5,0.5,18.8,59.2,90.6,55.4,64.0,38.4,14.0,0.5,0.5,0.5,-13.3,0.0,4.2,-3.6,54.0,12.5,14.0,0.6,0.5,0.5,-4.7,3.2,23.0,9.1,54.0,18.0,14.0,0.6,0.5,0.5,64.0,512.0,1728.0,1029.0,96.0,1397.5,12.0,0.6,0.5,0.5,65.0,510.0,1730.0,1030.0,96.0,1395.0,12.0,0.6,0.5,0.5
1974,2,18.0,-34.0,13.9,16.55,19.29,16.54,20.0,2.53,14.0,0.4,0.2,0.4,16.63,18.8,20.68,18.7,21.0,2.26,14.0,0.4,0.2,0.4,9.84,11.01,12.14,11.08,19.0,1.2,14.0,0.5,0.2,0.3,74.6,84.0,91.8,83.3,19.0,9.6,14.0,0.5,0.3,2.6,4.6,9.97,6.02,22.0,4.04,14.0,0.4,0.2,0.3,-4.02,-0.67,1.92,-1.22,22.0,3.15,14.0,0.4,0.2,0.3,1.3,3.53,8.42,4.74,22.0,4.39,14.0,0.4,0.2,0.3,1007.13,1010.75,1014.5,1011.05,22.0,3.85,14.0,0.4,0.2,0.3,0.0,0.5,2.0,1.2,22.0,1.9,14.0,0.4,0.2,0.3,-28.5,-1.9,5.5,-13.4,22.0,31.5,14.0,0.4,0.2,0.3,3.1,18.0,77.6,43.6,22.0,65.9,14.0,0.4,0.2,0.3,-4.46,-1.4,0.8,-1.82,19.0,2.7,14.0,0.4,0.2,0.4,-16.1,-9.1,4.0,-8.8,19.0,23.3,14.0,0.4,0.2,0.4,-0.84,0.75,2.42,0.77,18.0,1.84,14.0,0.4,0.2,0.4,-2.5,5.8,21.1,8.4,18.0,12.2,14.0,0.4,0.2,0.4,-80.3,-14.4,36.7,-22.8,21.0,57.8,14.0,0.4,0.2,0.4,22.9,65.2,167.8,87.3,21.0,82.2,14.0,0.4,0.2,0.4,-40.9,-7.9,25.2,-11.2,19.0,33.5,14.0,0.5,0.2,0.3,14.4,38.2,103.6,50.7,19.0,45.9,14.0,0.5,0.2,0.3,-6.5,-0.9,2.0,-3.7,18.0,9.2,14.0,0.4,0.2,0.4,-2.1,1.6,16.9,5.5,18.0,9.5,14.0,0.4,0.2,0.4,17.5,97.5,997.0,566.0,22.0,1100.5,14.0,0.4,0.2,0.3,20.0,95.0,995.0,565.0,22.0,1100.0,14.0,0.4,0.2,0.3
1974,2,18.0,31.0,18.0,18.0,18.0,18.0,2.0,0.0,12.0,1.0,0.2,0.0,13.03,15.25,17.47,15.25,2.0,4.6,12.0,1.0,0.2,0.0,6.91,7.68,8.44,7.68,2.0,1.58,12.0,1.0,0.2,0.0,68.2,71.4,74.5,71.4,2.0,6.5,12.0,1.0,0.0,3.34,3.85,4.36,3.85,2.0,1.06,12.0,1.0,0.2,0.0,2.42,2.68,2.93,2.68,2.0,0.53,12.0,1.0,0.2,0.0,0.18,1.72,3.27,1.72,2.0,3.2,12.0,1.0,0.2,0.0,1014.75,1016.35,1017.95,1016.35,2.0,3.32,12.0,1.0,0.2,0.0,0.3,1.0,1.7,1.0,2.0,1.4,12.0,1.0,0.2,0.0,9.6,10.0,10.4,10.0,2.0,0.8,12.0,1.0,0.2,0.0,1.5,8.3,15.2,8.3,2.0,14.1,12.0,1.0,0.2,0.0,0.53,2.75,4.97,2.75,2.0,4.6,12.0,1.0,0.2,0.0,3.1,13.0,23.0,13.0,2.0,20.6,12.0,1.0,0.2,0.0,4.36,5.1,5.85,5.1,2.0,1.54,12.0,1.0,0.2,0.0,15.0,20.5,25.9,20.5,2.0,11.3,12.0,1.0,0.2,0.0,32.2,42.0,51.9,42.0,2.0,20.4,12.0,1.0,0.2,0.0,-0.8,18.9,38.6,18.9,2.0,40.8,12.0,1.0,0.2,0.0,17.0,21.0,25.0,21.0,2.0,8.3,12.0,1.0,0.2,0.0,0.2,10.7,21.2,10.7,2.0,21.8,12.0,1.0,0.2,0.0,12.6,13.2,13.9,13.2,2.0,1.4,12.0,1.0,0.2,0.0,2.1,11.3,20.4,11.3,2.0,19.0,12.0,1.0,0.2,0.0,40.5,63.5,86.5,63.5,2.0,48.0,12.0,1.0,0.2,0.0,40.0,65.0,85.0,65.0,2.0,50.0,12.0,1.0,0.2,0.0
1974,2,18.0,32.0,,,,,,,,,,,,,,,,,,,,,,,,,,,,,,,,,,,,,,,,9.0,9.0,9.0,9.0,1.0,0.0,2.0,0.0,0.7,0.9,-3.08,-3.08,-3.08,-3.08,1.0,0.0,2.0,0.0,0.7,0.9,8.46,8.46,8.46,8.46,1.0,0.0,2.0,0.0,0.7,0.9,1025.4,1025.4,1025.4,1025.4,1.0,0.0,2.0,0.0,0.7,0.9,,,,,,,,,,,,,,,,,,,,,,,,,,,,,,,,,,,,,,,,,,,,,,,,,,,,,,,,,,,,,,,,,,,,,,,,,,,,,,,,,,,,,,,,,,,,,,,,,,,,,,,,,,,,,,,,,,,,,,,,,,,,,,,,,,,,,,,,,,,,,,,,,,,,,,
1974,2,18.0,33.0,,,,,,,,,,,,,,,,,,,,,,,,,,,,,,,,,,,,,,,,10.0,10.0,10.0,10.0,1.0,0.0,28.0,0.0,0.0,0.0,3.42,3.42,3.42,3.42,1.0,0.0,28.0,0.0,0.0,0.0,-9.4,-9.4,-9.4,-9.4,1.0,0.0,28.0,0.0,0.0,0.0,1018.6,1018.6,1018.6,1018.6,1.0,0.0,28.0,0.0,0.0,0.0,,,,,,,,,,,,,,,,,,,,,,,,,,,,,,,,,,,,,,,,,,,,,,,,,,,,,,,,,,,,,,,,,,,,,,,,,,,,,,,,,,,,,,,,,,,,,,,,,,,,,,,,,,,,,,,,,,,,,,,,,,,,,,,,,,,,,,,,,,,,,,,,,,,,,,
1974,2,18.0,34.0,,,,,,,,,,,,,,,,,,,,,,,,,,,,,,,,,,,,,,,,7.0,8.0,12.0,9.31,7.0,2.53,6.0,0.1,0.5,0.6,-2.24,2.46,5.23,1.89,7.0,4.27,6.0,0.1,0.5,0.6,-11.3,-1.22,7.01,-1.05,7.0,9.16,6.0,0.1,0.5,0.6,1022.06,1023.5,1024.83,1022.03,7.0,4.8,6.0,0.1,0.5,0.6,,,,,,,,,,,,,,,,,,,,,,,,,,,,,,,,,,,,,,,,,,,,,,,,,,,,,,,,,,,,,,,,,,,,,,,,,,,,,,,,,,,,,,,,,,,,,,,,,,,,,,,,,,,,,,,,,,,,,,,,,,,,,,,,,,,,,,,,,,,,,,,,,,,,,,
1974,2,18.0,35.0,14.57,15.6,16.0,15.55,28.0,0.89,12.0,0.8,0.5,0.4,12.06,14.9,16.17,14.5,27.0,1.81,12.0,0.8,0.5,0.4,6.48,7.23,8.3,7.35,16.0,1.15,14.0,0.8,0.5,0.5,62.1,72.5,85.2,72.3,16.0,11.7,14.0,0.8,0.5,5.81,10.0,13.19,9.84,25.0,3.66,14.0,0.6,0.4,0.4,-11.32,2.14,7.82,0.62,25.0,8.58,14.0,0.6,0.4,0.4,-6.91,-1.74,6.07,-0.73,25.0,6.29,14.0,0.6,0.4,0.4,1005.24,1013.9,1024.65,1015.38,23.0,7.88,14.0,0.8,0.5,0.5,1.8,5.0,8.0,4.8,25.0,2.6,12.0,0.8,0.5,0.4,-132.1,12.5,74.8,-1.5,25.0,113.3,14.0,0.6,0.4,0.4,-77.0,-17.4,39.4,-15.5,25.0,69.0,14.0,0.6,0.4,0.4,-0.49,1.1,3.0,1.05,27.0,1.77,12.0,0.8,0.5,0.4,-2.8,6.5,33.0,11.5,21.0,19.0,12.0,0.8,0.5,0.4,2.55,3.07,4.31,3.4,16.0,1.1,14.0,0.8,0.5,0.5,13.1,35.3,48.9,34.3,14.0,17.8,12.0,0.8,0.4,0.5,-44.8,70.0,126.9,44.9,21.0,102.1,12.0,0.8,0.5,0.4,-85.4,-22.8,92.7,-3.3,21.0,91.6,12.0,0.8,0.5,0.4,-27.2,40.1,60.8,24.8,14.0,59.0,12.0,0.8,0.4,0.5,-49.3,-10.8,31.4,-4.5,14.0,46.2,12.0,0.8,0.4,0.5,-3.9,16.9,36.9,14.3,14.0,24.7,12.0,0.8,0.4,0.5,-19.0,-6.9,11.6,-7.1,14.0,26.5,12.0,0.8,0.4,0.5,198.5,1000.0,2301.5,1329.0,25.0,1239.0,14.0,0.6,0.4,0.4,200.0,1000.0,2300.0,1330.0,25.0,1240.0,14.0,0.6,0.4,0.4
1974,2,18.0,36.0,14.8,15.3,16.85,15.54,75.0,1.0,16.0,0.5,0.4,0.4,12.5,14.35,15.9,14.08,82.0,2.01,16.0,0.5,0.4,0.4,6.98,8.84,9.63,8.38,29.0,1.3,16.0,0.4,0.4,0.4,73.3,83.2,93.7,82.0,29.0,10.3,16.0,0.4,0.4,4.77,7.7,11.17,8.13,73.0,4.0,14.0,0.5,0.5,0.4,-4.7,1.71,6.24,0.83,73.0,6.57,14.0,0.5,0.5,0.4,-2.05,3.83,7.85,2.66,73.0,5.65,14.0,0.5,0.5,0.4,1002.67,1013.2,1021.1,1012.63,79.0,7.85,14.0,0.5,0.4,0.4,2.0,5.5,8.0,4.9,78.0,2.6,16.0,0.6,0.4,0.4,-43.1,8.6,48.9,-4.2,73.0,86.9,14.0,0.5,0.5,0.4,-16.9,24.7,83.5,27.0,73.0,65.8,14.0,0.5,0.5,0.4,-0.8,1.2,3.4,1.36,75.0,2.21,16.0,0.5,0.4,0.4,-4.9,5.4,21.1,9.2,66.0,19.1,14.0,0.5,0.5,0.4,1.08,2.06,4.44,2.58,27.0,1.47,16.0,0.5,0.4,0.4,6.5,12.1,27.1,15.8,26.0,11.3,16.0,0.5,0.4,0.4,-81.2,22.6,90.2,8.7,70.0,93.1,14.0,0.5,0.5,0.4,-33.3,52.9,120.4,39.6,70.0,80.1,14.0,0.5,0.5,0.4,-35.2,0.0,45.1,5.5,27.0,45.8,16.0,0.5,0.5,0.4,-8.6,31.9,78.2,33.2,27.0,40.8,16.0,0.5,0.5,0.4,-8.2,0.0,6.7,0.7,26.0,10.7,16.0,0.5,0.4,0.4,-1.8,5.7,18.7,7.1,26.0,14.9,16.0,0.5,0.4,0.4,109.0,456.5,1395.0,953.5,73.0,1353.5,14.0,0.5,0.5,0.4,110.0,455.0,1395.0,955.0,73.0,1355.0,14.0,0.5,0.5,0.4
1974,2,18.0,37.0,14.0,15.0,16.0,15.12,17.0,1.05,14.0,0.5,0.5,0.2,12.0,13.3,14.66,13.11,19.0,1.69,14.0,0.5,0.5,0.2,6.43,7.03,9.68,7.9,11.0,1.62,10.0,0.5,0.6,0.2,65.9,82.2,94.6,80.2,11.0,12.2,10.0,0.5,0.2,5.09,7.7,11.83,8.62,19.0,3.63,14.0,0.5,0.5,0.2,0.88,5.0,6.9,3.99,19.0,4.29,14.0,0.5,0.5,0.2,-8.87,-2.46,4.15,-2.27,19.0,7.14,14.0,0.5,0.5,0.2,1004.44,1011.1,1020.6,1012.23,19.0,7.49,14.0,0.5,0.5,0.2,2.0,4.0,7.0,4.4,16.0,2.5,12.0,0.6,0.4,0.2,2.6,36.3,62.4,35.2,19.0,45.0,14.0,0.5,0.5,0.2,-83.9,-8.5,25.8,-32.7,19.0,95.7,14.0,0.5,0.5,0.2,0.45,2.0,4.09,2.12,17.0,1.93,14.0,0.5,0.5,0.2,3.2,10.0,40.4,19.6,17.0,22.8,14.0,0.5,0.5,0.2,0.97,2.91,3.89,2.65,9.0,1.64,10.0,0.4,0.5,0.2,8.6,19.5,39.0,21.6,9.0,14.6,10.0,0.4,0.5,0.2,11.6,60.0,106.5,53.2,19.0,60.1,14.0,0.5,0.5,0.2,-99.6,-37.2,60.6,-24.5,19.0,92.8,14.0,0.5,0.5,0.2,18.8,38.5,64.5,33.9,11.0,36.2,10.0,0.5,0.6,0.2,-39.7,0.0,50.5,6.4,11.0,50.6,10.0,0.5,0.6,0.2,7.6,9.6,16.0,13.5,9.0,11.6,10.0,0.4,0.5,0.2,-25.6,0.0,9.0,-4.0,9.0,19.6,10.0,0.4,0.5,0.2,131.5,456.5,1655.0,1001.5,19.0,1330.5,14.0,0.5,0.5,0.2,130.0,455.0,1655.0,1000.0,19.0,1330.0,14.0,0.5,0.5,0.2
1974,2,18.0,38.0,,,,,,,,,,,,,,,,,,,,,,,,,,,,,,,,,,,,,,,,5.32,6.0,6.68,6.0,2.0,1.41,24.0,1.0,0.5,0.4,-4.02,-3.36,-2.7,-3.36,2.0,1.37,24.0,1.0,0.5,0.4,3.15,4.54,5.93,4.54,2.0,2.88,24.0,1.0,0.5,0.4,1009.42,1011.4,1013.38,1011.4,2.0,4.1,24.0,1.0,0.5,0.4,,,,,,,,,,,,,,,,,,,,,,,,,,,,,,,,,,,,,,,,,,,,,,,,,,,,,,,,,,,,,,,,,,,,,,,,,,,,,,,,,,,,,,,,,,,,,,,,,,,,,,,,,,,,,,,,,,,,,,,,,,,,,,,,,,,,,,,,,,,,,,,,,,,,,,
1974,2,18.0,39.0,13.0,14.0,15.62,14.28,16.0,1.24,12.0,0.4,0.3,0.6,11.91,13.0,14.6,13.41,17.0,1.44,10.0,0.5,0.3,0.6,6.73,7.5,7.71,7.23,3.0,0.75,6.0,0.3,0.4,0.8,70.4,73.8,76.6,73.5,3.0,4.6,6.0,0.3,0.8,3.54,8.2,12.0,7.89,17.0,4.19,10.0,0.5,0.3,0.6,-5.14,0.0,2.98,-1.01,17.0,5.21,10.0,0.5,0.3,0.6,-2.85,3.86,9.91,3.29,17.0,6.63,10.0,0.5,0.3,0.6,1002.46,1011.8,1016.7,1010.52,17.0,7.24,10.0,0.5,0.3,0.6,3.1,6.5,8.0,5.4,14.0,3.0,10.0,0.6,0.3,0.6,-50.5,0.0,26.2,-13.0,17.0,66.6,10.0,0.5,0.3,0.6,-13.5,23.1,106.2,28.7,17.0,79.1,10.0,0.5,0.3,0.6,-0.62,1.0,2.0,0.96,16.0,1.9,12.0,0.4,0.3,0.6,-3.6,5.1,22.9,7.7,16.0,12.9,12.0,0.4,0.3,0.6,1.6,1.6,2.93,2.25,3.0,1.12,6.0,0.3,0.4,0.8,13.6,14.5,14.7,14.2,3.0,0.9,6.0,0.3,0.4,0.8,-67.2,0.0,42.0,-13.1,17.0,68.2,10.0,0.5,0.3,0.6,-32.3,50.1,137.9,47.0,17.0,89.2,10.0,0.5,0.3,0.6,12.8,21.0,23.6,18.3,3.0,8.3,6.0,0.3,0.4,0.8,35.1,57.8,64.9,50.2,3.0,22.8,6.0,0.3,0.4,0.8,4.6,5.0,5.0,4.8,3.0,0.3,6.0,0.3,0.4,0.8,12.8,13.6,13.9,13.3,3.0,0.9,6.0,0.3,0.4,0.8,47.0,551.5,1728.0,897.5,17.0,1097.0,10.0,0.5,0.3,0.6,45.0,550.0,1730.0,895.0,17.0,1095.0,10.0,0.5,0.3,0.6
1974,2,18.0,40.0,12.03,13.8,15.0,13.62,66.0,1.32,14.0,0.5,0.5,0.5,10.96,12.3,14.01,12.62,70.0,2.03,14.0,0.5,0.5,0.5,5.3,6.64,7.93,6.62,12.0,1.34,14.0,0.3,0.5,0.5,60.1,72.1,87.3,72.6,12.0,13.7,14.0,0.3,0.5,2.42,4.6,11.7,6.1,68.0,4.25,14.0,0.5,0.5,0.5,-5.05,-1.69,1.67,-1.52,68.0,4.31,14.0,0.5,0.5,0.5,-3.33,1.57,7.3,1.82,68.0,5.62,14.0,0.5,0.5,0.5,1005.7,1013.5,1020.5,1012.76,71.0,8.15,14.0,0.5,0.5,0.5,0.0,3.0,8.0,4.1,68.0,3.1,14.0,0.5,0.5,0.5,-38.8,-4.3,6.7,-14.2,68.0,53.5,14.0,0.5,0.5,0.5,-15.3,5.5,64.1,19.4,68.0,66.4,14.0,0.5,0.5,0.5,-1.0,1.0,3.0,0.98,65.0,2.42,14.0,0.5,0.5,0.5,-7.4,1.8,11.3,1.9,62.0,19.9,14.0,0.5,0.5,0.5,1.99,2.96,4.03,3.03,10.0,1.22,12.0,0.3,0.5,0.5,4.6,15.6,23.4,14.2,9.0,10.5,12.0,0.3,0.5,0.5,-72.1,-23.1,19.5,-23.3,67.0,58.2,14.0,0.5,0.5,0.5,-43.8,23.1,101.8,28.6,67.0,75.8,14.0,0.5,0.5,0.5,-21.6,0.0,6.9,-7.5,11.0,18.1,14.0,0.4,0.5,0.5,-6.7,9.0,37.6,15.0,11.0,24.6,14.0,0.4,0.5,0.5,-5.9,0.0,2.3,-1.1,9.0,5.1,12.0,0.3,0.5,0.5,-2.6,4.6,17.1,4.8,9.0,16.9,12.0,0.3,0.5,0.5,14.5,97.5,1630.5,616.0,68.0,1043.0,14.0,0.5,0.5,0.5,15.0,95.0,1630.0,615.0,68.0,1045.0,14.0,0.5,0.5,0.5
1974,2,18.0,41.0,11.93,13.0,14.07,13.11,19.0,1.15,16.0,0.4,0.4,0.3,10.0,12.0,14.0,11.99,20.0,2.12,16.0,0.4,0.4,0.3,7.69,7.77,7.85,7.77,2.0,0.16,16.0,0.0,0.5,0.6,78.6,80.2,81.8,80.2,2.0,3.3,16.0,0.0,0.6,1.0,4.6,6.7,4.73,20.0,3.48,16.0,0.4,0.4,0.3,-6.27,-0.17,0.79,-2.27,20.0,3.98,16.0,0.4,0.4,0.3,-2.3,0.0,5.12,0.42,20.0,3.77,16.0,0.4,0.4,0.3,1003.66,1011.9,1021.49,1012.56,20.0,7.57,16.0,0.4,0.4,0.3,2.0,3.5,8.0,4.4,20.0,3.2,16.0,0.4,0.4,0.3,-42.0,-0.2,3.6,-21.2,20.0,40.9,16.0,0.4,0.4,0.3,-13.6,0.0,34.2,3.6,20.0,28.8,16.0,0.4,0.4,0.3,-0.57,1.0,3.5,1.23,19.0,2.32,16.0,0.4,0.4,0.3,-3.5,1.0,15.2,7.4,19.0,17.9,16.0,0.4,0.4,0.3,2.14,2.19,2.23,2.19,2.0,0.1,16.0,0.0,0.5,0.6,11.1,15.0,19.0,15.0,2.0,8.2,16.0,0.0,0.5,0.6,-58.3,-1.9,7.9,-26.1,20.0,46.9,16.0,0.4,0.4,0.3,-32.2,0.0,59.7,7.4,20.0,44.5,16.0,0.4,0.4,0.3,-36.8,-9.1,18.5,-9.1,2.0,57.3,16.0,0.0,0.5,0.6,9.4,29.6,49.8,29.6,2.0,41.9,16.0,0.0,0.5,0.6,-9.8,-2.1,5.7,-2.1,2.0,16.0,16.0,0.0,0.5,0.6,2.5,8.0,13.4,8.0,2.0,11.3,16.0,0.0,0.5,0.6,1.0,97.5,301.0,291.5,20.0,518.0,16.0,0.4,0.4,0.3,0.0,95.0,300.0,290.0,20.0,520.0,16.0,0.4,0.4,0.3
1974,2,18.0,42.0,,,,,,,,,,,,,,,,,,,,,,,,,,,,,,,,,,,,,,,,1.94,4.6,11.08,6.22,11.0,5.14,16.0,0.5,0.3,0.2,-6.98,-1.99,0.0,-3.28,11.0,3.41,16.0,0.5,0.3,0.2,-0.41,1.99,9.73,3.91,11.0,5.35,16.0,0.5,0.3,0.2,1009.26,1018.5,1022.59,1017.03,11.0,7.15,16.0,0.5,0.3,0.2,,,,,,,,,,,,,,,,,,,,,,,,,,,,,,,,,,,,,,,,,,,,,,,,,,,,,,,,,,,,,,,,,,,,,,,,,,,,,,,,,,,,,,,,,,,,,,,,,,,,,,,,,,,,,,,,,,,,,,,,,,,,,,,,,,,,,,,,,,,,,,,,,,,,,,
1974,2,18.0,54.0,,,,,,,,,,,,,,,,,,,,,,,,,,,,,,,,,,,,,,,,3.0,3.0,3.0,3.0,1.0,0.0,28.0,0.0,0.5,0.9,-1.5,-1.5,-1.5,-1.5,1.0,0.0,28.0,0.0,0.5,0.9,2.6,2.6,2.6,2.6,1.0,0.0,28.0,0.0,0.5,0.9,1037.6,1037.6,1037.6,1037.6,1.0,0.0,28.0,0.0,0.5,0.9,,,,,,,,,,,,,,,,,,,,,,,,,,,,,,,,,,,,,,,,,,,,,,,,,,,,,,,,,,,,,,,,,,,,,,,,,,,,,,,,,,,,,,,,,,,,,,,,,,,,,,,,,,,,,,,,,,,,,,,,,,,,,,,,,,,,,,,,,,,,,,,,,,,,,,
1974,2,18.0,55.0,,,,,,,,,,,,,,,,,,,,,,,,,,,,,,,,,,,,,,,,0.17,5.0,9.0,4.87,21.0,3.84,18.0,0.2,0.5,0.3,-5.12,0.0,2.78,-0.69,21.0,5.19,18.0,0.2,0.5,0.3,0.0,0.69,3.62,0.59,21.0,3.44,18.0,0.2,0.5,0.3,1001.77,1018.4,1036.1,1019.76,21.0,14.66,18.0,0.2,0.5,0.3,,,,,,,,,,,,,,,,,,,,,,,,,,,,,,,,,,,,,,,,,,,,,,,,,,,,,,,,,,,,,,,,,,,,,,,,,,,,,,,,,,,,,,,,,,,,,,,,,,,,,,,,,,,,,,,,,,,,,,,,,,,,,,,,,,,,,,,,,,,,,,,,,,,,,,
1974,2,18.0,56.0,,,,,,,,,,,,,,,,,,,,,,,,,,,,,,,,,,,,,,,,2.09,5.0,9.0,5.38,38.0,3.47,16.0,0.2,0.4,0.6,-5.08,0.0,4.04,0.17,38.0,4.41,16.0,0.2,0.4,0.6,-2.12,1.96,5.87,1.57,38.0,4.44,16.0,0.2,0.4,0.6,1005.59,1016.4,1035.84,1017.36,39.0,15.64,18.0,0.2,0.4,0.6,,,,,,,,,,,,,,,,,,,,,,,,,,,,,,,,,,,,,,,,,,,,,,,,,,,,,,,,,,,,,,,,,,,,,,,,,,,,,,,,,,,,,,,,,,,,,,,,,,,,,,,,,,,,,,,,,,,,,,,,,,,,,,,,,,,,,,,,,,,,,,,,,,,,,,
1974,2,18.0,57.0,2.0,2.5,4.71,3.23,11.0,1.71,16.0,0.5,0.5,0.4,1.95,2.2,4.0,2.95,12.0,1.98,16.0,0.4,0.5,0.4,4.22,4.22,4.22,4.22,1.0,0.0,8.0,0.0,0.1,0.8,93.1,93.1,93.1,93.1,1.0,0.0,8.0,0.0,0.8,3.07,6.35,8.25,5.98,12.0,2.47,16.0,0.4,0.5,0.4,-5.68,-2.31,4.79,-0.87,12.0,5.16,16.0,0.4,0.5,0.4,-3.41,-1.22,5.27,0.23,12.0,4.2,16.0,0.4,0.5,0.4,998.32,1015.25,1027.31,1011.44,12.0,18.76,16.0,0.4,0.5,0.4,5.7,8.0,8.0,7.0,10.0,2.2,14.0,0.5,0.4,0.5,-39.2,-7.1,35.5,-0.6,12.0,40.6,16.0,0.4,0.5,0.4,-20.0,-4.7,44.4,5.6,12.0,32.6,16.0,0.4,0.5,0.4,-1.12,-0.2,2.17,0.36,11.0,1.92,16.0,0.5,0.5,0.4,-7.4,-0.6,18.4,3.0,11.0,11.7,16.0,0.5,0.5,0.4,0.48,0.48,0.48,0.48,1.0,0.0,8.0,0.0,0.1,0.8,3.2,3.2,3.2,3.2,1.0,0.0,8.0,0.0,0.1,0.8,-12.7,-4.0,16.2,0.9,12.0,17.2,16.0,0.4,0.5,0.4,-6.6,-2.0,17.9,4.6,12.0,17.8,16.0,0.4,0.5,0.4,-27.8,-27.8,-27.8,-27.8,1.0,0.0,8.0,0.0,0.1,0.8,-4.9,-4.9,-4.9,-4.9,1.0,0.0,8.0,0.0,0.1,0.8,-3.2,-3.2,-3.2,-3.2,1.0,0.0,8.0,0.0,0.1,0.8,-0.6,-0.6,-0.6,-0.6,1.0,0.0,8.0,0.0,0.1,0.8,29.0,258.5,567.0,313.0,12.0,305.0,16.0,0.4,0.5,0.4,30.0,260.0,565.0,315.0,12.0,305.0,16.0,0.4,0.5,0.4
1974,2,18.0,58.0,2.0,3.5,5.0,3.6,11.0,1.45,14.0,0.1,0.5,0.2,1.0,2.3,3.08,2.1,11.0,1.04,14.0,0.1,0.5,0.2,3.82,3.82,3.82,3.82,1.0,0.0,2.0,0.0,0.5,0.2,100.0,100.0,100.0,100.0,1.0,0.0,2.0,0.0,0.2,2.43,4.0,6.14,4.26,10.0,1.96,16.0,0.1,0.5,0.3,-2.34,1.38,2.65,0.26,10.0,2.65,16.0,0.1,0.5,0.3,-0.86,2.44,4.92,2.1,10.0,3.47,16.0,0.1,0.5,0.3,1007.4,1010.1,1031.48,1014.48,11.0,12.74,14.0,0.1,0.5,0.2,5.2,8.0,8.0,6.6,5.0,2.6,16.0,0.2,0.6,0.4,-6.8,4.7,11.8,0.7,10.0,13.6,16.0,0.1,0.5,0.3,-2.6,9.3,30.7,13.6,10.0,22.7,16.0,0.1,0.5,0.3,0.41,1.0,3.01,1.5,11.0,1.4,14.0,0.1,0.5,0.2,2.3,3.8,15.6,8.1,10.0,7.8,16.0,0.1,0.5,0.3,1.34,1.34,1.34,1.34,1.0,0.0,2.0,0.0,0.5,0.2,4.8,4.8,4.8,4.8,1.0,0.0,2.0,0.0,0.5,0.2,-3.6,1.3,6.1,1.1,10.0,5.5,16.0,0.1,0.5,0.3,-0.9,4.3,12.7,5.7,10.0,9.3,16.0,0.1,0.5,0.3,10.5,10.5,10.5,10.5,1.0,0.0,2.0,0.0,0.5,0.2,8.8,8.8,8.8,8.8,1.0,0.0,2.0,0.0,0.5,0.2,3.7,3.7,3.7,3.7,1.0,0.0,2.0,0.0,0.5,0.2,3.1,3.1,3.1,3.1,1.0,0.0,2.0,0.0,0.5,0.2,16.0,64.0,249.5,126.0,10.0,167.0,16.0,0.1,0.5,0.3,15.0,65.0,250.0,125.0,10.0,165.0,16.0,0.1,0.5,0.3
1974,2,18.0,60.0,1.2,1.2,1.2,1.2,1.0,0.0,6.0,0.0,0.6,0.5,0.32,1.0,3.05,1.67,3.0,2.08,10.0,0.7,0.5,0.4,3.93,4.04,4.14,4.04,2.0,0.22,4.0,0.5,0.7,0.5,85.8,91.6,97.3,91.6,2.0,11.9,4.0,0.5,0.5,2.81,6.7,11.68,7.23,3.0,6.52,10.0,0.7,0.5,0.4,-3.69,0.87,6.42,1.35,3.0,7.41,10.0,0.7,0.5,0.4,0.72,3.35,8.38,4.52,3.0,5.7,10.0,0.7,0.5,0.4,994.07,1011.2,1015.43,1004.9,3.0,16.57,10.0,0.7,0.5,0.4,3.9,8.0,8.0,6.0,3.0,3.5,10.0,0.7,0.5,0.4,-26.3,0.9,86.3,29.3,3.0,86.0,10.0,0.7,0.5,0.4,6.8,22.4,109.6,57.4,3.0,81.2,10.0,0.7,0.5,0.4,1.2,1.2,1.2,1.2,1.0,0.0,6.0,0.0,0.6,0.5,8.0,8.0,8.0,8.0,1.0,0.0,6.0,0.0,0.6,0.5,0.35,0.35,0.35,0.35,1.0,0.0,6.0,0.0,0.6,0.5,2.4,2.4,2.4,2.4,1.0,0.0,6.0,0.0,0.6,0.5,1.1,3.5,7.2,4.2,3.0,4.5,10.0,0.7,0.5,0.4,-1.4,0.0,7.3,2.9,3.0,6.8,10.0,0.7,0.5,0.4,-18.4,-9.4,-0.5,-9.4,2.0,18.5,4.0,0.5,0.7,0.5,0.3,5.5,10.6,5.5,2.0,10.7,4.0,0.5,0.7,0.5,-2.0,-2.0,-2.0,-2.0,1.0,0.0,6.0,0.0,0.6,0.5,1.2,1.2,1.2,1.2,1.0,0.0,6.0,0.0,0.6,0.5,96.0,301.0,1968.5,1015.5,3.0,1504.5,10.0,0.7,0.5,0.4,95.0,300.0,1970.0,1015.0,3.0,1505.0,10.0,0.7,0.5,0.4
1974,2,18.0,61.0,0.6,0.6,0.74,0.67,3.0,0.12,18.0,0.0,0.4,0.5,0.66,0.8,1.0,0.83,3.0,0.25,18.0,0.0,0.4,0.5,3.25,3.75,3.82,3.54,3.0,0.46,18.0,0.0,0.4,0.5,82.1,92.3,94.7,88.5,3.0,9.8,18.0,0.0,0.5,4.24,6.7,7.04,5.67,3.0,2.24,18.0,0.0,0.4,0.5,-1.07,1.55,4.26,1.59,3.0,3.9,18.0,0.0,0.4,0.5,-2.31,2.68,5.15,1.45,3.0,5.57,18.0,0.0,0.4,0.5,1007.24,1025.6,1028.33,1017.97,3.0,16.8,18.0,0.0,0.4,0.5,2.5,8.0,8.0,5.3,3.0,4.6,18.0,0.0,0.4,0.5,-9.0,4.8,28.6,9.7,3.0,27.9,18.0,0.0,0.4,0.5,-20.1,8.3,31.4,5.7,3.0,37.8,18.0,0.0,0.4,0.5,-0.27,-0.2,-0.06,-0.17,3.0,0.15,18.0,0.0,0.4,0.5,-1.2,-0.9,-0.3,-0.8,3.0,0.7,18.0,0.0,0.4,0.5,0.14,0.25,0.68,0.41,3.0,0.42,18.0,0.0,0.4,0.5,0.7,1.7,4.9,2.8,3.0,3.2,18.0,0.0,0.4,0.5,-0.7,1.7,2.8,1.1,3.0,2.6,18.0,0.0,0.4,0.5,-1.0,3.0,4.4,1.7,3.0,4.0,18.0,0.0,0.4,0.5,-4.0,6.0,13.2,4.7,3.0,12.7,18.0,0.0,0.4,0.5,-6.2,10.4,19.4,6.7,3.0,19.0,18.0,0.0,0.4,0.5,-0.4,0.1,3.4,1.5,3.0,3.0,18.0,0.0,0.4,0.5,-2.7,0.2,1.2,-0.8,3.0,3.0,18.0,0.0,0.4,0.5,116.0,301.0,350.0,234.5,3.0,181.0,18.0,0.0,0.4,0.5,115.0,300.0,350.0,235.0,3.0,180.0,18.0,0.0,0.4,0.5
1974,2,18.0,62.0,,,,,,,,,,,,,,,,,,,,,,,,,,,,,,,,,,,,,,,,8.7,8.7,8.7,8.7,1.0,0.0,14.0,0.0,0.1,0.0,0.0,0.0,0.0,0.0,1.0,0.0,14.0,0.0,0.1,0.0,8.7,8.7,8.7,8.7,1.0,0.0,14.0,0.0,0.1,0.0,983.3,983.3,983.3,983.3,1.0,0.0,14.0,0.0,0.1,0.0,,,,,,,,,,,,,,,,,,,,,,,,,,,,,,,,,,,,,,,,,,,,,,,,,,,,,,,,,,,,,,,,,,,,,,,,,,,,,,,,,,,,,,,,,,,,,,,,,,,,,,,,,,,,,,,,,,,,,,,,,,,,,,,,,,,,,,,,,,,,,,,,,,,,,,
1974,2,18.0,63.0,,,,,,,,,,,,,,,,,,,,,,,,,,,,,,,,,,,,,,,,10.0,10.0,10.0,10.0,1.0,0.0,16.0,0.0,0.6,0.8,-6.43,-6.43,-6.43,-6.43,1.0,0.0,16.0,0.0,0.6,0.8,7.66,7.66,7.66,7.66,1.0,0.0,16.0,0.0,0.6,0.8,1009.7,1009.7,1009.7,1009.7,1.0,0.0,16.0,0.0,0.6,0.8,,,,,,,,,,,,,,,,,,,,,,,,,,,,,,,,,,,,,,,,,,,,,,,,,,,,,,,,,,,,,,,,,,,,,,,,,,,,,,,,,,,,,,,,,,,,,,,,,,,,,,,,,,,,,,,,,,,,,,,,,,,,,,,,,,,,,,,,,,,,,,,,,,,,,,
1974,2,18.0,69.0,3.05,3.4,3.55,3.31,17.0,0.22,16.0,0.4,0.0,0.2,-2.32,-0.65,0.9,-0.78,18.0,1.72,16.0,0.4,0.0,0.2,2.31,3.12,3.86,3.08,18.0,0.73,16.0,0.4,0.0,0.2,72.1,91.2,96.0,84.7,18.0,12.5,16.0,0.4,0.2,0.7,2.85,6.0,3.77,18.0,3.71,16.0,0.4,0.0,0.2,-2.9,-0.85,4.57,0.4,18.0,4.4,16.0,0.4,0.0,0.2,-2.38,0.36,1.76,0.56,18.0,2.99,16.0,0.4,0.0,0.2,1006.16,1008.8,1010.15,1008.17,18.0,3.97,16.0,0.4,0.0,0.2,7.4,8.0,8.0,7.6,16.0,1.0,16.0,0.4,0.0,0.2,-9.5,-1.2,24.2,12.0,18.0,46.9,16.0,0.4,0.0,0.2,-11.3,0.8,4.5,6.9,18.0,38.1,16.0,0.4,0.0,0.2,2.86,3.8,5.65,4.24,17.0,1.54,16.0,0.4,0.0,0.2,1.9,11.2,22.8,13.9,17.0,12.4,16.0,0.4,0.0,0.2,1.06,1.8,2.5,1.8,17.0,0.65,16.0,0.4,0.0,0.2,1.3,4.4,9.2,5.7,17.0,4.9,16.0,0.4,0.0,0.2,0.0,3.5,7.4,3.9,18.0,4.3,16.0,0.4,0.0,0.2,-4.5,-1.1,0.0,-1.7,18.0,2.3,16.0,0.4,0.0,0.2,-8.1,-2.1,18.1,3.4,18.0,15.5,16.0,0.4,0.0,0.2,-9.5,1.0,5.3,1.2,18.0,11.2,16.0,0.4,0.0,0.2,-6.8,-2.3,3.6,-1.7,17.0,6.3,16.0,0.4,0.0,0.2,-0.9,0.8,4.3,1.7,17.0,3.6,16.0,0.4,0.0,0.2,0.5,23.5,220.0,283.5,18.0,852.5,16.0,0.4,0.0,0.2,0.0,25.0,220.0,285.0,18.0,855.0,16.0,0.4,0.0,0.2
1974,2,18.0,70.0,4.5,5.0,5.76,5.11,16.0,0.9,14.0,0.4,0.5,0.5,-0.34,2.2,4.29,1.93,17.0,2.63,14.0,0.4,0.5,0.5,3.09,3.19,3.63,3.35,3.0,0.42,6.0,0.7,0.6,0.6,77.0,77.3,80.0,78.5,3.0,2.4,6.0,0.7,0.6,4.1,8.7,15.38,9.84,17.0,5.51,14.0,0.4,0.5,0.5,-6.89,-1.5,7.69,0.75,17.0,8.55,14.0,0.4,0.5,0.5,-2.87,3.06,10.08,4.11,17.0,6.45,14.0,0.4,0.5,0.5,982.43,999.4,1007.86,996.08,17.0,13.28,14.0,0.4,0.5,0.5,4.7,5.5,8.0,5.7,12.0,2.3,14.0,0.5,0.5,0.5,-61.2,-4.5,86.4,28.3,17.0,136.3,14.0,0.4,0.5,0.5,-14.9,25.0,125.7,65.9,17.0,109.4,14.0,0.4,0.5,0.5,1.34,2.55,5.36,3.28,16.0,2.54,14.0,0.4,0.5,0.5,14.2,19.3,37.5,26.0,16.0,19.4,14.0,0.4,0.5,0.5,1.7,2.32,2.36,2.04,3.0,0.54,6.0,0.7,0.6,0.6,9.5,9.5,9.7,9.6,3.0,0.2,6.0,0.7,0.6,0.6,-9.0,1.8,35.3,11.8,17.0,28.0,14.0,0.4,0.5,0.5,-3.4,11.4,40.4,18.3,17.0,26.0,14.0,0.4,0.5,0.5,-16.5,0.0,4.3,-6.0,3.0,16.0,6.0,0.7,0.6,0.6,-12.4,-10.8,-9.4,-10.9,3.0,2.1,6.0,0.7,0.6,0.6,-6.1,0.0,3.3,-1.3,3.0,7.0,6.0,0.7,0.6,0.6,-9.2,-8.5,-4.9,-7.1,3.0,3.4,6.0,0.7,0.6,0.6,69.0,658.5,3743.5,1934.0,17.0,3135.5,14.0,0.4,0.5,0.5,70.0,660.0,3745.0,1935.0,17.0,3135.0,14.0,0.4,0.5,0.5
1974,2,18.0,71.0,5.2,5.25,5.4,5.3,4.0,0.14,14.0,0.5,0.2,0.2,-2.04,0.45,3.3,0.63,4.0,3.24,14.0,0.5,0.2,0.2,1.78,1.78,1.78,1.78,1.0,0.0,6.0,0.0,0.6,0.5,57.6,57.6,57.6,57.6,1.0,0.0,6.0,0.0,0.5,5.81,10.4,17.19,11.45,4.0,8.66,14.0,0.5,0.2,0.2,-9.02,-4.33,9.23,-0.1,4.0,12.55,14.0,0.5,0.2,0.2,3.43,5.2,10.32,6.8,4.0,5.54,14.0,0.5,0.2,0.2,980.23,993.0,1001.58,991.0,4.0,15.1,14.0,0.5,0.2,0.2,4.0,5.5,7.0,5.5,4.0,2.1,14.0,0.5,0.2,0.2,-94.2,-43.3,212.3,54.4,4.0,238.1,14.0,0.5,0.2,0.2,25.9,54.2,205.9,113.1,4.0,153.2,14.0,0.5,0.2,0.2,1.9,4.8,7.44,4.68,4.0,3.36,14.0,0.5,0.2,0.2,12.0,41.7,77.9,44.8,4.0,39.2,14.0,0.5,0.2,0.2,3.84,3.84,3.84,3.84,1.0,0.0,6.0,0.0,0.6,0.5,41.5,41.5,41.5,41.5,1.0,0.0,6.0,0.0,0.6,0.5,4.9,18.3,53.1,28.5,4.0,34.4,14.0,0.5,0.2,0.2,-10.8,-0.9,36.1,12.0,4.0,36.2,14.0,0.5,0.2,0.2,-16.7,-16.7,-16.7,-16.7,1.0,0.0,6.0,0.0,0.6,0.5,9.6,9.6,9.6,9.6,1.0,0.0,6.0,0.0,0.6,0.5,-35.9,-35.9,-35.9,-35.9,1.0,0.0,6.0,0.0,0.6,0.5,20.7,20.7,20.7,20.7,1.0,0.0,6.0,0.0,0.6,0.5,480.5,1130.0,6974.0,3608.5,4.0,5731.0,14.0,0.5,0.2,0.2,480.0,1130.0,6975.0,3610.0,4.0,5730.0,14.0,0.5,0.2,0.2
1974,2,18.0,72.0,,,,,,,,,,,,,,,,,,,,,,,,,,,,,,,,,,,,,,,,6.75,10.5,14.25,10.5,2.0,7.78,18.0,0.0,0.5,0.8,-13.06,-6.75,-0.44,-6.75,2.0,13.08,18.0,0.0,0.5,0.8,0.69,2.17,3.64,2.17,2.0,3.06,18.0,0.0,0.5,0.8,972.97,987.3,1001.63,987.3,2.0,29.7,18.0,0.0,0.5,0.8,,,,,,,,,,,,,,,,,,,,,,,,,,,,,,,,,,,,,,,,,,,,,,,,,,,,,,,,,,,,,,,,,,,,,,,,,,,,,,,,,,,,,,,,,,,,,,,,,,,,,,,,,,,,,,,,,,,,,,,,,,,,,,,,,,,,,,,,,,,,,,,,,,,,,,
1974,2,18.0,73.0,,,,,,,,,,,,,,,,,,,,,,,,,,,,,,,,,,,,,,,,6.28,13.0,16.0,12.11,28.0,4.68,10.0,0.1,0.4,0.7,-13.96,-10.61,-5.4,-9.64,28.0,5.03,10.0,0.1,0.4,0.7,-9.74,0.0,2.78,-2.33,28.0,6.82,10.0,0.1,0.4,0.7,1001.2,1008.55,1016.51,1008.34,28.0,7.03,8.0,0.2,0.4,0.8,,,,,,,,,,,,,,,,,,,,,,,,,,,,,,,,,,,,,,,,,,,,,,,,,,,,,,,,,,,,,,,,,,,,,,,,,,,,,,,,,,,,,,,,,,,,,,,,,,,,,,,,,,,,,,,,,,,,,,,,,,,,,,,,,,,,,,,,,,,,,,,,,,,,,,
1974,2,18.0,74.0,,,,,,,,,,,,,,,,,,,,,,,,,,,,,,,,,,,,,,,,7.0,13.0,19.05,12.83,70.0,5.36,8.0,0.3,0.4,0.2,-15.6,-9.64,-3.76,-9.82,70.0,6.68,8.0,0.3,0.4,0.2,-10.73,-0.82,4.54,-2.16,70.0,6.95,8.0,0.3,0.4,0.2,1002.1,1005.8,1011.28,1006.63,71.0,4.85,8.0,0.3,0.4,0.3,,,,,,,,,,,,,,,,,,,,,,,,,,,,,,,,,,,,,,,,,,,,,,,,,,,,,,,,,,,,,,,,,,,,,,,,,,,,,,,,,,,,,,,,,,,,,,,,,,,,,,,,,,,,,,,,,,,,,,,,,,,,,,,,,,,,,,,,,,,,,,,,,,,,,,
1974,2,19.0,-70.0,0.1,0.1,0.1,0.1,1.0,0.0,10.0,0.0,0.7,0.5,-1.5,-1.5,-1.5,-1.5,1.0,0.0,10.0,0.0,0.7,0.5,3.2,3.2,3.2,3.2,1.0,0.0,10.0,0.0,0.7,0.5,90.2,90.2,90.2,90.2,1.0,0.0,10.0,0.0,0.5,13.9,13.9,13.9,13.9,1.0,0.0,10.0,0.0,0.7,0.5,-10.65,-10.65,-10.65,-10.65,1.0,0.0,10.0,0.0,0.7,0.5,8.93,8.93,8.93,8.93,1.0,0.0,10.0,0.0,0.7,0.5,964.8,964.8,964.8,964.8,1.0,0.0,10.0,0.0,0.7,0.5,8.0,8.0,8.0,8.0,1.0,0.0,10.0,0.0,0.7,0.5,-148.0,-148.0,-148.0,-148.0,1.0,0.0,10.0,0.0,0.7,0.5,124.2,124.2,124.2,124.2,1.0,0.0,10.0,0.0,0.7,0.5,1.6,1.6,1.6,1.6,1.0,0.0,10.0,0.0,0.7,0.5,22.2,22.2,22.2,22.2,1.0,0.0,10.0,0.0,0.7,0.5,0.79,0.79,0.79,0.79,1.0,0.0,10.0,0.0,0.7,0.5,11.0,11.0,11.0,11.0,1.0,0.0,10.0,0.0,0.7,0.5,16.0,16.0,16.0,16.0,1.0,0.0,10.0,0.0,0.7,0.5,-13.4,-13.4,-13.4,-13.4,1.0,0.0,10.0,0.0,0.7,0.5,-34.1,-34.1,-34.1,-34.1,1.0,0.0,10.0,0.0,0.7,0.5,28.6,28.6,28.6,28.6,1.0,0.0,10.0,0.0,0.7,0.5,-8.4,-8.4,-8.4,-8.4,1.0,0.0,10.0,0.0,0.7,0.5,7.1,7.1,7.1,7.1,1.0,0.0,10.0,0.0,0.7,0.5,2685.5,2685.5,2685.5,2685.5,1.0,0.0,10.0,0.0,0.7,0.5,2685.0,2685.0,2685.0,2685.0,1.0,0.0,10.0,0.0,0.7,0.5
1974,2,19.0,-67.0,,,,,,,,,,,,,,,,,,,,,,,,,,,,,,,,,,,,,,,,10.3,10.3,10.3,10.3,1.0,0.0,26.0,1.0,0.7,0.3,-9.68,-9.68,-9.68,-9.68,1.0,0.0,26.0,1.0,0.7,0.3,3.52,3.52,3.52,3.52,1.0,0.0,26.0,1.0,0.7,0.3,973.5,973.5,973.5,973.5,1.0,0.0,26.0,1.0,0.7,0.3,,,,,,,,,,,,,,,,,,,,,,,,,,,,,,,,,,,,,,,,,,,,,,,,,,,,,,,,,,,,,,,,,,,,,,,,,,,,,,,,,,,,,,,,,,,,,,,,,,,,,,,,,,,,,,,,,,,,,,,,,,,,,,,,,,,,,,,,,,,,,,,,,,,,,,
1974,2,19.0,-48.0,,,,,,,,,,,,,,,,,,,,,,,,,,,,,,,,,,,,,,,,9.3,9.3,9.3,9.3,1.0,0.0,24.0,1.0,0.9,0.3,0.0,0.0,0.0,0.0,1.0,0.0,24.0,1.0,0.9,0.3,-9.3,-9.3,-9.3,-9.3,1.0,0.0,24.0,1.0,0.9,0.3,998.3,998.3,998.3,998.3,1.0,0.0,24.0,1.0,0.9,0.3,,,,,,,,,,,,,,,,,,,,,,,,,,,,,,,,,,,,,,,,,,,,,,,,,,,,,,,,,,,,,,,,,,,,,,,,,,,,,,,,,,,,,,,,,,,,,,,,,,,,,,,,,,,,,,,,,,,,,,,,,,,,,,,,,,,,,,,,,,,,,,,,,,,,,,
1974,2,19.0,-47.0,,,,,,,,,,,,,,,,,,,,,,,,,,,,,,,,,,,,,,,,6.31,10.0,13.69,10.0,2.0,7.64,26.0,1.0,0.4,0.2,2.44,7.7,12.96,7.7,2.0,10.89,26.0,1.0,0.4,0.2,-3.87,-2.3,-0.73,-2.3,2.0,3.25,26.0,1.0,0.4,0.2,1014.51,1017.75,1020.99,1017.75,2.0,6.72,26.0,1.0,0.4,0.2,,,,,,,,,,,,,,,,,,,,,,,,,,,,,,,,,,,,,,,,,,,,,,,,,,,,,,,,,,,,,,,,,,,,,,,,,,,,,,,,,,,,,,,,,,,,,,,,,,,,,,,,,,,,,,,,,,,,,,,,,,,,,,,,,,,,,,,,,,,,,,,,,,,,,,
1974,2,19.0,-46.0,,,,,,,,,,,,,,,,,,,,,,,,,,,,,,,,,,,,,,,,12.57,13.15,13.73,13.15,2.0,1.2,8.0,0.5,0.5,0.5,11.68,12.28,12.88,12.28,2.0,1.24,8.0,0.5,0.5,0.5,4.64,4.7,4.76,4.7,2.0,0.13,8.0,0.5,0.5,0.5,1005.91,1006.35,1006.79,1006.35,2.0,0.92,8.0,0.5,0.5,0.5,,,,,,,,,,,,,,,,,,,,,,,,,,,,,,,,,,,,,,,,,,,,,,,,,,,,,,,,,,,,,,,,,,,,,,,,,,,,,,,,,,,,,,,,,,,,,,,,,,,,,,,,,,,,,,,,,,,,,,,,,,,,,,,,,,,,,,,,,,,,,,,,,,,,,,
1974,2,19.0,-45.0,11.8,11.8,11.8,11.8,1.0,0.0,2.0,1.0,0.8,1.0,7.4,7.4,7.4,7.4,1.0,0.0,2.0,1.0,0.8,1.0,5.02,5.02,5.02,5.02,1.0,0.0,2.0,1.0,0.8,1.0,79.0,79.0,79.0,79.0,1.0,0.0,2.0,1.0,1.0,11.8,11.8,11.8,11.8,1.0,0.0,2.0,1.0,0.8,1.0,10.22,10.22,10.22,10.22,1.0,0.0,2.0,1.0,0.8,1.0,5.9,5.9,5.9,5.9,1.0,0.0,2.0,1.0,0.8,1.0,1016.0,1016.0,1016.0,1016.0,1.0,0.0,2.0,1.0,0.8,1.0,5.0,5.0,5.0,5.0,1.0,0.0,2.0,1.0,0.8,1.0,120.6,120.6,120.6,120.6,1.0,0.0,2.0,1.0,0.8,1.0,69.6,69.6,69.6,69.6,1.0,0.0,2.0,1.0,0.8,1.0,4.4,4.4,4.4,4.4,1.0,0.0,2.0,1.0,0.8,1.0,51.9,51.9,51.9,51.9,1.0,0.0,2.0,1.0,0.8,1.0,3.53,3.53,3.53,3.53,1.0,0.0,2.0,1.0,0.8,1.0,41.7,41.7,41.7,41.7,1.0,0.0,2.0,1.0,0.8,1.0,75.6,75.6,75.6,75.6,1.0,0.0,2.0,1.0,0.8,1.0,43.7,43.7,43.7,43.7,1.0,0.0,2.0,1.0,0.8,1.0,51.3,51.3,51.3,51.3,1.0,0.0,2.0,1.0,0.8,1.0,29.6,29.6,29.6,29.6,1.0,0.0,2.0,1.0,0.8,1.0,36.1,36.1,36.1,36.1,1.0,0.0,2.0,1.0,0.8,1.0,20.9,20.9,20.9,20.9,1.0,0.0,2.0,1.0,0.8,1.0,1643.0,1643.0,1643.0,1643.0,1.0,0.0,2.0,1.0,0.8,1.0,1645.0,1645.0,1645.0,1645.0,1.0,0.0,2.0,1.0,0.8,1.0
1974,2,19.0,-44.0,12.05,12.15,12.25,12.15,2.0,0.21,2.0,0.5,0.9,0.3,7.86,8.0,8.14,8.0,2.0,0.28,2.0,0.5,0.9,0.3,4.34,4.34,4.34,4.34,1.0,0.0,2.0,0.0,0.9,0.5,64.9,64.9,64.9,64.9,1.0,0.0,2.0,0.0,0.5,8.91,9.35,9.79,9.35,2.0,0.92,2.0,0.5,0.9,0.3,6.82,7.16,7.5,7.16,2.0,0.7,2.0,0.5,0.9,0.3,5.72,6.01,6.3,6.01,2.0,0.59,2.0,0.5,0.9,0.3,1017.39,1017.8,1018.21,1017.8,2.0,0.85,2.0,0.5,0.9,0.3,6.2,6.5,6.8,6.5,2.0,0.7,2.0,0.5,0.9,0.3,60.9,67.3,73.6,67.3,2.0,13.2,2.0,0.5,0.9,0.3,51.1,56.5,61.8,56.5,2.0,11.0,2.0,0.5,0.9,0.3,4.12,4.15,4.18,4.15,2.0,0.07,2.0,0.5,0.9,0.3,36.7,38.8,41.0,38.8,2.0,4.5,2.0,0.5,0.9,0.3,4.48,4.48,4.48,4.48,1.0,0.0,2.0,0.0,0.9,0.5,38.9,38.9,38.9,38.9,1.0,0.0,2.0,0.0,0.9,0.5,55.5,57.2,58.9,57.2,2.0,3.6,2.0,0.5,0.9,0.3,46.5,48.0,49.5,48.0,2.0,3.0,2.0,0.5,0.9,0.3,28.9,28.9,28.9,28.9,1.0,0.0,2.0,0.0,0.9,0.5,24.3,24.3,24.3,24.3,1.0,0.0,2.0,0.0,0.9,0.5,29.8,29.8,29.8,29.8,1.0,0.0,2.0,0.0,0.9,0.5,25.0,25.0,25.0,25.0,1.0,0.0,2.0,0.0,0.9,0.5,712.5,829.5,946.0,829.5,2.0,241.5,2.0,0.5,0.9,0.3,715.0,830.0,945.0,830.0,2.0,240.0,2.0,0.5,0.9,0.3
1974,2,19.0,-43.0,11.4,11.4,11.4,11.4,1.0,0.0,2.0,0.0,0.9,0.3,8.9,8.9,8.9,8.9,1.0,0.0,2.0,0.0,0.9,0.3,4.66,4.66,4.66,4.66,1.0,0.0,2.0,0.0,0.9,0.3,66.5,66.5,66.5,66.5,1.0,0.0,2.0,0.0,0.3,4.1,4.1,4.1,4.1,1.0,0.0,2.0,0.0,0.9,0.3,3.14,3.14,3.14,3.14,1.0,0.0,2.0,0.0,0.9,0.3,-2.64,-2.64,-2.64,-2.64,1.0,0.0,2.0,0.0,0.9,0.3,1020.0,1020.0,1020.0,1020.0,1.0,0.0,2.0,0.0,0.9,0.3,2.0,2.0,2.0,2.0,1.0,0.0,2.0,0.0,0.9,0.3,12.9,12.9,12.9,12.9,1.0,0.0,2.0,0.0,0.9,0.3,-10.8,-10.8,-10.8,-10.8,1.0,0.0,2.0,0.0,0.9,0.3,2.5,2.5,2.5,2.5,1.0,0.0,2.0,0.0,0.9,0.3,10.3,10.3,10.3,10.3,1.0,0.0,2.0,0.0,0.9,0.3,3.64,3.64,3.64,3.64,1.0,0.0,2.0,0.0,0.9,0.3,14.9,14.9,14.9,14.9,1.0,0.0,2.0,0.0,0.9,0.3,28.0,28.0,28.0,28.0,1.0,0.0,2.0,0.0,0.9,0.3,-23.5,-23.5,-23.5,-23.5,1.0,0.0,2.0,0.0,0.9,0.3,14.6,14.6,14.6,14.6,1.0,0.0,2.0,0.0,0.9,0.3,-12.3,-12.3,-12.3,-12.3,1.0,0.0,2.0,0.0,0.9,0.3,11.4,11.4,11.4,11.4,1.0,0.0,2.0,0.0,0.9,0.3,-9.6,-9.6,-9.6,-9.6,1.0,0.0,2.0,0.0,0.9,0.3,69.0,69.0,69.0,69.0,1.0,0.0,2.0,0.0,0.9,0.3,70.0,70.0,70.0,70.0,1.0,0.0,2.0,0.0,0.9,0.3
1974,2,19.0,-42.0,,,,,,,,,,,,,,,,,,,,,,,,,,,,,,,,,,,,,,,,4.0,4.0,4.0,4.0,1.0,0.0,2.0,1.0,0.9,0.1,0.69,0.69,0.69,0.69,1.0,0.0,2.0,1.0,0.9,0.1,-3.94,-3.94,-3.94,-3.94,1.0,0.0,2.0,1.0,0.9,0.1,1018.3,1018.3,1018.3,1018.3,1.0,0.0,2.0,1.0,0.9,0.1,,,,,,,,,,,,,,,,,,,,,,,,,,,,,,,,,,,,,,,,,,,,,,,,,,,,,,,,,,,,,,,,,,,,,,,,,,,,,,,,,,,,,,,,,,,,,,,,,,,,,,,,,,,,,,,,,,,,,,,,,,,,,,,,,,,,,,,,,,,,,,,,,,,,,,
1974,2,19.0,-38.0,,,,,,,,,,,,,,,,,,,,,,,,,,,,,,,,,,,,,,,,12.0,12.0,12.0,12.0,1.0,0.0,4.0,1.0,0.9,0.1,10.39,10.39,10.39,10.39,1.0,0.0,4.0,1.0,0.9,0.1,6.0,6.0,6.0,6.0,1.0,0.0,4.0,1.0,0.9,0.1,1011.0,1011.0,1011.0,1011.0,1.0,0.0,4.0,1.0,0.9,0.1,,,,,,,,,,,,,,,,,,,,,,,,,,,,,,,,,,,,,,,,,,,,,,,,,,,,,,,,,,,,,,,,,,,,,,,,,,,,,,,,,,,,,,,,,,,,,,,,,,,,,,,,,,,,,,,,,,,,,,,,,,,,,,,,,,,,,,,,,,,,,,,,,,,,,,
1974,2,19.0,-37.0,20.38,21.2,22.43,21.4,3.0,1.51,8.0,1.0,0.7,0.6,18.53,18.8,19.07,18.8,2.0,0.57,6.0,1.0,0.8,0.6,10.36,10.36,10.36,10.36,1.0,0.0,10.0,1.0,0.6,1.0,75.7,75.7,75.7,75.7,1.0,0.0,10.0,1.0,1.0,2.29,4.0,7.41,4.83,3.0,3.82,8.0,1.0,0.7,0.6,-6.19,-1.3,1.34,-2.4,3.0,5.6,8.0,1.0,0.7,0.6,1.48,3.06,3.07,2.3,3.0,1.34,8.0,1.0,0.7,0.6,1015.33,1017.55,1019.77,1017.55,2.0,4.6,6.0,1.0,0.8,0.6,2.6,4.0,4.7,3.7,3.0,1.5,8.0,1.0,0.7,0.6,-52.6,-1.9,6.4,-22.6,3.0,46.8,8.0,1.0,0.7,0.6,4.7,12.3,22.8,13.7,3.0,13.3,8.0,1.0,0.7,0.6,1.12,1.8,2.48,1.8,2.0,1.41,6.0,1.0,0.8,0.6,7.8,9.2,10.6,9.2,2.0,2.8,6.0,1.0,0.8,0.6,4.07,4.07,4.07,4.07,1.0,0.0,10.0,1.0,0.6,1.0,36.6,36.6,36.6,36.6,1.0,0.0,10.0,1.0,0.6,1.0,-129.1,-57.5,14.0,-57.5,2.0,148.3,6.0,1.0,0.8,0.6,56.8,57.7,58.7,57.7,2.0,1.9,6.0,1.0,0.8,0.6,-87.6,-87.6,-87.6,-87.6,1.0,0.0,10.0,1.0,0.6,1.0,31.9,31.9,31.9,31.9,1.0,0.0,10.0,1.0,0.6,1.0,-34.4,-34.4,-34.4,-34.4,1.0,0.0,10.0,1.0,0.6,1.0,12.5,12.5,12.5,12.5,1.0,0.0,10.0,1.0,0.6,1.0,22.5,64.0,518.0,265.5,3.0,402.5,8.0,1.0,0.7,0.6,25.0,65.0,520.0,265.0,3.0,405.0,8.0,1.0,0.7,0.6
1974,2,19.0,-36.0,18.99,20.4,21.01,20.22,19.0,1.16,12.0,0.6,0.6,0.7,18.4,19.8,21.95,19.92,21.0,1.81,14.0,0.6,0.6,0.7,8.9,11.22,12.7,11.0,14.0,2.09,12.0,0.6,0.7,0.6,67.3,73.8,90.8,76.1,14.0,11.7,12.0,0.6,0.6,5.2,9.0,12.07,8.8,21.0,3.67,14.0,0.6,0.6,0.7,-8.79,-3.18,7.6,-0.99,21.0,8.61,14.0,0.6,0.6,0.7,0.0,3.08,6.34,2.78,21.0,3.38,14.0,0.6,0.6,0.7,1009.12,1015.2,1020.18,1014.74,21.0,5.84,14.0,0.6,0.6,0.7,0.0,5.0,8.0,4.5,20.0,3.2,12.0,0.6,0.6,0.7,-79.1,-27.6,73.8,0.8,21.0,106.8,14.0,0.6,0.6,0.7,0.0,23.1,49.4,24.5,21.0,41.7,14.0,0.6,0.6,0.7,-1.63,0.2,1.61,0.22,19.0,1.71,12.0,0.6,0.6,0.7,-15.3,1.5,14.9,0.9,19.0,17.0,12.0,0.6,0.6,0.7,0.97,3.8,5.61,3.63,14.0,2.16,12.0,0.6,0.7,0.6,10.0,28.3,52.7,33.8,14.0,26.7,12.0,0.6,0.7,0.6,-171.3,-55.3,129.6,-19.5,21.0,175.1,14.0,0.6,0.6,0.7,0.0,56.6,109.2,52.5,21.0,65.5,14.0,0.6,0.6,0.7,-78.7,-3.8,115.8,9.4,14.0,108.4,12.0,0.6,0.7,0.6,0.0,24.2,54.0,23.3,14.0,41.0,12.0,0.6,0.7,0.6,-42.6,-0.2,39.2,2.5,14.0,38.3,12.0,0.6,0.7,0.6,0.0,9.7,24.9,12.7,14.0,17.3,12.0,0.6,0.7,0.6,142.0,729.0,1768.5,1038.5,21.0,1238.5,14.0,0.6,0.6,0.7,140.0,730.0,1770.0,1040.0,21.0,1240.0,14.0,0.6,0.6,0.7
1974,2,19.0,-35.0,15.0,18.25,20.92,18.0,44.0,2.59,14.0,0.4,0.4,0.2,17.19,19.0,20.44,19.03,51.0,1.65,14.0,0.5,0.3,0.2,10.0,11.21,12.28,11.24,44.0,1.59,14.0,0.5,0.4,0.2,73.1,83.5,91.0,82.6,44.0,9.8,14.0,0.5,0.2,3.78,6.2,10.16,6.76,48.0,3.2,14.0,0.4,0.4,0.2,-8.12,-3.98,3.61,-2.74,48.0,5.3,14.0,0.4,0.4,0.2,-0.28,2.93,6.85,2.86,48.0,3.59,14.0,0.4,0.4,0.2,1009.7,1014.8,1017.0,1014.02,53.0,4.09,14.0,0.4,0.4,0.2,0.0,3.0,8.0,3.6,53.0,3.0,14.0,0.4,0.4,0.2,-78.4,-18.3,16.1,-28.7,48.0,52.5,14.0,0.4,0.4,0.2,-0.4,13.0,55.9,24.0,48.0,36.8,14.0,0.4,0.4,0.2,-3.6,-0.5,0.83,-1.04,43.0,2.6,14.0,0.4,0.4,0.2,-26.6,-4.2,5.8,-8.2,38.0,22.8,14.0,0.4,0.4,0.2,-0.85,1.45,4.2,1.62,39.0,2.62,14.0,0.5,0.4,0.2,-4.6,6.0,23.9,9.0,34.0,19.8,14.0,0.5,0.4,0.2,-156.6,-73.8,67.3,-57.3,46.0,101.9,14.0,0.4,0.4,0.2,-9.7,51.8,133.7,54.9,46.0,69.1,14.0,0.4,0.4,0.2,-91.2,-24.6,44.7,-26.8,39.0,60.9,14.0,0.5,0.4,0.2,0.0,32.6,77.1,31.8,39.0,41.7,14.0,0.5,0.4,0.2,-10.0,0.3,14.7,1.5,34.0,12.4,14.0,0.5,0.4,0.2,-1.8,1.6,14.7,7.5,34.0,16.2,14.0,0.5,0.4,0.2,54.5,238.5,1050.0,525.0,48.0,653.0,14.0,0.4,0.4,0.2,55.0,240.0,1050.0,525.0,48.0,655.0,14.0,0.4,0.4,0.2
1974,2,19.0,33.0,,,,,,,,,,,,,,,,,,,,,,,,,,,,,,,,,,,,,,,,3.36,5.0,7.05,5.2,3.0,2.71,20.0,0.0,0.7,0.2,-0.34,2.6,6.2,2.92,3.0,4.8,20.0,0.0,0.7,0.2,-3.21,0.0,0.95,-1.1,3.0,3.19,20.0,0.0,0.7,0.2,1013.09,1017.6,1019.24,1016.2,3.0,4.66,20.0,0.0,0.7,0.2,,,,,,,,,,,,,,,,,,,,,,,,,,,,,,,,,,,,,,,,,,,,,,,,,,,,,,,,,,,,,,,,,,,,,,,,,,,,,,,,,,,,,,,,,,,,,,,,,,,,,,,,,,,,,,,,,,,,,,,,,,,,,,,,,,,,,,,,,,,,,,,,,,,,,,
1974,2,19.0,34.0,13.95,15.5,16.01,14.96,7.0,1.17,10.0,0.4,0.7,0.5,12.0,14.3,16.33,14.01,8.0,2.0,10.0,0.3,0.6,0.4,5.69,5.82,5.95,5.82,2.0,0.27,6.0,0.5,0.8,0.7,52.9,54.3,55.6,54.3,2.0,2.8,6.0,0.5,0.7,2.98,7.0,7.2,6.0,9.0,3.03,8.0,0.3,0.7,0.5,-1.8,0.0,4.08,0.63,9.0,3.55,8.0,0.3,0.7,0.5,-4.67,0.87,5.97,-0.01,9.0,6.05,8.0,0.3,0.7,0.5,1020.29,1023.55,1026.4,1023.13,8.0,3.45,10.0,0.3,0.6,0.4,0.0,3.5,6.0,3.2,6.0,2.7,12.0,0.3,0.7,0.4,-8.9,0.0,26.2,4.3,9.0,22.2,8.0,0.3,0.7,0.5,-33.5,3.1,39.0,-8.9,9.0,58.1,8.0,0.3,0.7,0.5,0.28,1.05,2.21,0.93,6.0,1.86,12.0,0.3,0.7,0.4,-2.1,3.5,15.6,4.4,6.0,13.4,12.0,0.3,0.7,0.4,4.01,4.47,4.94,4.47,2.0,0.96,6.0,0.5,0.8,0.7,21.7,24.0,26.3,24.0,2.0,4.8,6.0,0.5,0.8,0.7,-19.4,9.6,71.4,19.6,8.0,45.1,10.0,0.3,0.6,0.4,-84.7,11.5,78.0,-0.1,8.0,86.8,10.0,0.3,0.6,0.4,-5.1,8.3,21.6,8.3,2.0,27.6,6.0,0.5,0.8,0.7,-24.8,-6.8,11.1,-6.8,2.0,37.2,6.0,0.5,0.8,0.7,-5.9,3.6,13.2,3.6,2.0,19.7,6.0,0.5,0.8,0.7,-14.8,-1.6,11.7,-1.6,2.0,27.4,6.0,0.5,0.8,0.7,30.0,343.0,373.0,375.0,9.0,531.0,8.0,0.3,0.7,0.5,30.0,345.0,375.0,375.0,9.0,530.0,8.0,0.3,0.7,0.5
1974,2,19.0,35.0,14.53,15.6,15.97,15.46,28.0,0.93,10.0,0.6,0.5,0.4,13.19,15.0,15.7,14.58,26.0,1.37,12.0,0.7,0.5,0.4,6.03,7.53,8.72,7.73,15.0,1.56,14.0,0.6,0.5,0.4,58.5,75.0,88.2,73.9,15.0,12.7,14.0,0.6,0.4,5.0,9.3,14.0,9.52,30.0,4.04,14.0,0.6,0.5,0.5,-14.0,-1.35,8.43,-2.05,30.0,8.86,14.0,0.6,0.5,0.5,-2.56,1.39,5.98,1.64,30.0,4.95,14.0,0.6,0.5,0.5,1006.54,1014.9,1023.42,1014.27,23.0,8.17,14.0,0.6,0.5,0.5,2.0,5.0,8.0,4.5,26.0,2.7,12.0,0.7,0.5,0.4,-196.0,-5.4,83.7,-33.7,30.0,115.3,14.0,0.6,0.5,0.5,-21.8,11.1,55.6,12.1,30.0,56.7,14.0,0.6,0.5,0.5,-0.5,0.55,2.37,0.81,24.0,1.51,12.0,0.6,0.5,0.4,-2.5,4.8,30.2,8.7,20.0,16.1,12.0,0.6,0.5,0.5,2.24,3.08,4.61,3.2,14.0,1.52,14.0,0.6,0.5,0.4,10.8,26.6,38.0,27.1,14.0,15.4,14.0,0.6,0.5,0.4,-100.5,23.6,134.9,19.6,22.0,109.0,14.0,0.6,0.5,0.5,-44.5,22.4,108.2,29.7,22.0,79.5,14.0,0.6,0.5,0.5,-61.2,-4.1,71.0,-1.9,15.0,66.6,14.0,0.6,0.5,0.4,1.5,23.3,67.4,25.1,15.0,33.2,14.0,0.6,0.5,0.4,-35.1,-1.7,29.4,-1.8,14.0,25.5,14.0,0.6,0.5,0.4,0.1,9.2,19.4,11.4,14.0,15.2,14.0,0.6,0.5,0.4,125.0,804.5,2744.0,1308.0,30.0,1336.0,14.0,0.6,0.5,0.5,125.0,805.0,2745.0,1310.0,30.0,1335.0,14.0,0.6,0.5,0.5
1974,2,19.0,36.0,14.0,15.0,16.1,14.98,81.0,1.33,16.0,0.6,0.5,0.4,12.92,14.6,16.18,14.53,84.0,2.06,16.0,0.6,0.5,0.4,6.68,8.11,9.26,8.02,31.0,1.47,14.0,0.6,0.6,0.4,64.7,76.2,86.3,76.2,31.0,11.1,14.0,0.6,0.4,3.6,7.2,12.3,7.98,83.0,4.15,16.0,0.6,0.5,0.4,-5.13,1.8,7.12,1.08,83.0,6.72,16.0,0.6,0.5,0.4,-4.99,2.12,6.66,1.46,83.0,5.75,16.0,0.6,0.5,0.4,1006.33,1015.2,1021.8,1013.75,85.0,7.99,16.0,0.6,0.5,0.4,1.3,6.0,8.0,5.1,85.0,2.7,16.0,0.6,0.5,0.4,-31.5,6.5,76.5,8.1,83.0,84.3,16.0,0.6,0.5,0.4,-35.9,9.0,58.4,13.4,83.0,72.2,16.0,0.6,0.5,0.4,-1.3,0.4,2.96,0.48,79.0,2.3,16.0,0.6,0.5,0.4,-10.3,1.6,18.0,3.3,75.0,18.1,16.0,0.6,0.5,0.4,0.92,2.6,4.18,2.59,29.0,1.52,16.0,0.7,0.5,0.4,6.5,15.3,26.9,17.3,29.0,13.8,16.0,0.7,0.5,0.4,-84.4,19.6,108.3,12.2,80.0,97.3,16.0,0.6,0.5,0.4,-56.2,33.9,106.1,27.6,80.0,78.9,16.0,0.6,0.5,0.4,-34.8,23.5,60.0,16.4,31.0,43.6,14.0,0.6,0.6,0.4,-8.4,24.0,58.0,20.5,31.0,36.5,14.0,0.6,0.6,0.4,-9.0,4.0,20.0,4.8,29.0,17.1,16.0,0.7,0.5,0.4,-1.8,6.3,14.2,5.1,29.0,12.5,16.0,0.7,0.5,0.4,46.5,373.0,1861.0,951.0,83.0,1293.0,16.0,0.6,0.5,0.4,45.0,375.0,1860.0,950.0,83.0,1295.0,16.0,0.6,0.5,0.4
1974,2,19.0,37.0,12.6,15.0,16.0,14.67,10.0,1.8,12.0,0.5,0.3,0.3,12.03,13.55,17.11,13.95,10.0,2.9,12.0,0.5,0.3,0.3,5.89,6.79,8.93,7.32,5.0,1.62,12.0,0.6,0.3,0.4,65.7,67.2,83.7,74.1,5.0,12.4,12.0,0.6,0.4,3.33,6.95,10.17,6.83,10.0,3.72,12.0,0.5,0.3,0.3,-1.09,3.17,8.35,3.13,10.0,5.1,12.0,0.5,0.3,0.3,-6.59,-0.54,3.01,-1.63,10.0,5.08,12.0,0.5,0.3,0.3,1002.71,1013.9,1024.37,1014.26,10.0,11.56,12.0,0.5,0.3,0.3,0.8,5.0,7.7,4.7,9.0,3.2,12.0,0.6,0.3,0.3,-12.0,18.2,80.1,28.7,10.0,46.3,12.0,0.5,0.3,0.3,-66.5,-3.3,17.6,-22.8,10.0,47.3,12.0,0.5,0.3,0.3,-2.51,0.2,3.97,0.72,10.0,3.43,12.0,0.5,0.3,0.3,-5.0,2.1,29.4,10.8,10.0,29.0,12.0,0.5,0.3,0.3,1.65,2.21,3.73,2.65,5.0,1.38,12.0,0.6,0.3,0.4,8.4,11.7,23.2,14.9,5.0,8.0,12.0,0.6,0.3,0.4,-9.8,51.7,100.3,39.5,10.0,72.8,12.0,0.5,0.3,0.3,-82.0,-10.0,47.9,-15.9,10.0,62.1,12.0,0.5,0.3,0.3,-16.8,16.3,50.2,14.4,5.0,43.8,12.0,0.6,0.3,0.4,-18.7,7.8,23.5,3.9,5.0,29.3,12.0,0.6,0.3,0.4,-2.8,3.3,21.1,7.4,5.0,14.3,12.0,0.6,0.3,0.4,-5.5,4.2,7.1,1.1,5.0,8.1,12.0,0.6,0.3,0.4,61.5,347.5,1053.0,547.5,10.0,505.0,12.0,0.5,0.3,0.3,60.0,345.0,1055.0,550.0,10.0,505.0,12.0,0.5,0.3,0.3
1974,2,19.0,38.0,13.0,14.0,15.05,14.2,7.0,1.14,14.0,0.3,0.7,0.4,12.98,14.0,14.05,13.71,7.0,0.81,14.0,0.3,0.7,0.4,7.17,7.67,8.15,7.66,3.0,0.72,12.0,0.0,0.8,0.5,73.1,80.1,84.0,78.6,3.0,8.1,12.0,0.0,0.5,3.43,4.6,9.82,5.7,7.0,3.63,14.0,0.3,0.7,0.4,-6.42,-2.96,0.13,-3.19,7.0,3.99,14.0,0.3,0.7,0.4,-0.11,4.32,5.26,3.24,7.0,3.32,14.0,0.3,0.7,0.4,1010.48,1016.8,1019.24,1015.94,7.0,4.96,14.0,0.3,0.7,0.4,1.0,6.0,7.0,4.4,7.0,3.1,14.0,0.3,0.7,0.4,-63.2,-13.6,0.5,-28.9,7.0,36.9,14.0,0.3,0.7,0.4,-0.4,19.9,54.0,26.6,7.0,28.9,14.0,0.3,0.7,0.4,-0.57,0.5,2.02,0.49,7.0,1.51,14.0,0.3,0.7,0.4,-3.8,0.0,10.3,3.8,7.0,9.9,14.0,0.3,0.7,0.4,1.44,2.79,3.88,2.66,3.0,1.79,12.0,0.0,0.8,0.5,5.7,10.0,34.0,19.6,3.0,22.3,12.0,0.0,0.8,0.5,-89.9,-38.4,1.6,-45.1,7.0,54.8,14.0,0.3,0.7,0.4,-1.4,63.0,73.7,46.0,7.0,45.7,14.0,0.3,0.7,0.4,-46.4,-13.2,10.3,-18.0,3.0,41.7,12.0,0.0,0.8,0.5,-0.8,35.7,36.0,18.1,3.0,31.0,12.0,0.0,0.8,0.5,-27.1,-1.3,4.8,-10.9,3.0,24.8,12.0,0.0,0.8,0.5,-3.3,3.5,16.5,6.5,3.0,14.7,12.0,0.0,0.8,0.5,44.5,97.5,948.5,374.0,7.0,454.5,14.0,0.3,0.7,0.4,45.0,95.0,950.0,375.0,7.0,455.0,14.0,0.3,0.7,0.4
1974,2,19.0,39.0,13.0,14.0,15.0,14.01,30.0,1.21,16.0,0.6,0.5,0.6,12.02,13.9,15.0,13.59,33.0,1.91,16.0,0.5,0.5,0.5,5.21,8.21,8.7,7.36,11.0,1.79,20.0,0.5,0.7,0.5,54.9,82.7,90.0,76.0,11.0,16.3,20.0,0.5,0.5,2.6,4.8,10.02,5.91,32.0,3.62,16.0,0.5,0.5,0.5,-6.16,-2.06,2.51,-1.98,32.0,4.92,16.0,0.5,0.5,0.5,-0.31,1.97,6.08,2.03,32.0,4.07,16.0,0.5,0.5,0.5,1005.15,1014.9,1018.48,1013.08,33.0,7.07,16.0,0.5,0.5,0.5,1.1,6.0,8.0,5.0,27.0,2.8,16.0,0.6,0.5,0.5,-58.1,-5.3,7.9,-16.9,32.0,47.8,16.0,0.5,0.5,0.5,-0.5,8.1,51.6,16.2,32.0,43.6,16.0,0.5,0.5,0.5,-1.7,0.0,2.88,0.38,30.0,2.18,16.0,0.6,0.5,0.6,-7.9,0.0,9.7,1.2,29.0,14.6,14.0,0.6,0.5,0.6,0.97,1.5,3.72,2.24,9.0,1.74,20.0,0.6,0.7,0.6,2.7,5.5,23.6,13.2,9.0,14.5,20.0,0.6,0.7,0.6,-87.2,-27.2,32.6,-27.3,32.0,69.7,16.0,0.5,0.5,0.5,-4.0,27.5,80.5,30.4,32.0,54.1,16.0,0.5,0.5,0.5,-56.0,-38.8,-3.4,-33.3,11.0,30.3,20.0,0.5,0.7,0.5,-0.9,17.0,34.8,16.9,11.0,21.5,20.0,0.5,0.7,0.5,-18.9,-4.2,-0.9,-9.2,9.0,13.1,20.0,0.6,0.7,0.6,-0.3,1.5,4.1,1.3,9.0,11.7,20.0,0.6,0.7,0.6,17.5,111.0,1007.5,449.0,32.0,604.0,16.0,0.5,0.5,0.5,20.0,110.0,1005.0,450.0,32.0,605.0,16.0,0.5,0.5,0.5
1974,2,19.0,40.0,11.0,14.0,15.0,13.34,22.0,1.65,14.0,0.5,0.3,0.3,9.0,13.0,15.0,12.6,25.0,2.74,14.0,0.4,0.3,0.3,6.94,7.13,7.32,7.13,2.0,0.4,18.0,0.5,0.1,0.1,63.3,66.7,70.1,66.7,2.0,7.1,18.0,0.5,0.1,1.2,4.6,9.8,5.75,27.0,4.21,14.0,0.5,0.3,0.3,-4.86,-1.67,0.0,-2.05,27.0,4.16,14.0,0.5,0.3,0.3,0.0,1.99,7.51,2.94,27.0,4.63,14.0,0.5,0.3,0.3,1005.33,1015.5,1020.87,1013.16,27.0,8.16,14.0,0.5,0.3,0.3,0.0,4.0,8.0,4.4,27.0,3.3,14.0,0.5,0.3,0.3,-45.6,-6.8,0.0,-16.0,27.0,41.4,14.0,0.5,0.3,0.3,0.0,5.2,73.6,29.1,27.0,57.7,14.0,0.5,0.3,0.3,-1.0,1.0,3.0,1.08,22.0,2.71,14.0,0.5,0.3,0.3,-9.8,1.3,14.9,3.7,22.0,17.6,14.0,0.5,0.3,0.3,3.26,3.44,3.62,3.44,2.0,0.36,18.0,0.5,0.1,0.1,38.3,38.6,39.0,38.6,2.0,0.8,18.0,0.5,0.1,0.1,-70.1,-24.1,0.0,-29.4,25.0,60.0,14.0,0.4,0.3,0.3,0.0,25.9,85.5,39.6,25.0,60.8,14.0,0.4,0.3,0.3,-74.0,-48.9,-23.9,-48.9,2.0,51.9,18.0,0.5,0.1,0.1,37.3,50.3,63.4,50.3,2.0,27.1,18.0,0.5,0.1,0.1,-32.0,-21.7,-11.4,-21.7,2.0,21.3,18.0,0.5,0.1,0.1,17.2,25.4,33.7,25.4,2.0,17.1,18.0,0.5,0.1,0.1,3.0,97.5,941.0,517.5,27.0,858.0,14.0,0.5,0.3,0.3,5.0,95.0,940.0,520.0,27.0,860.0,14.0,0.5,0.3,0.3
1974,2,19.0,41.0,10.0,11.0,12.52,11.23,6.0,1.24,18.0,0.3,0.1,0.5,6.95,10.0,14.0,10.29,7.0,3.09,20.0,0.4,0.1,0.5,3.59,3.59,3.59,3.59,1.0,0.0,28.0,0.0,0.2,0.7,44.6,44.6,44.6,44.6,1.0,0.0,28.0,0.0,0.7,6.6,9.8,9.95,8.61,7.0,2.77,20.0,0.4,0.1,0.5,-7.54,-4.31,6.3,-2.34,7.0,6.11,20.0,0.4,0.1,0.5,-7.51,0.0,5.36,-0.17,7.0,7.1,20.0,0.4,0.1,0.5,1006.3,1013.5,1021.65,1013.9,7.0,8.41,20.0,0.4,0.1,0.5,1.9,3.0,6.1,3.4,7.0,2.7,20.0,0.4,0.1,0.5,-75.2,-28.9,61.7,-19.4,7.0,63.2,20.0,0.4,0.1,0.5,-73.6,0.0,38.8,-1.8,7.0,74.4,20.0,0.4,0.1,0.5,-0.21,0.7,4.21,1.57,6.0,2.42,18.0,0.3,0.1,0.5,-2.7,6.9,41.2,14.8,6.0,24.4,18.0,0.3,0.1,0.5,5.26,5.26,5.26,5.26,1.0,0.0,28.0,0.0,0.2,0.7,51.6,51.6,51.6,51.6,1.0,0.0,28.0,0.0,0.2,0.7,-84.2,-43.1,38.1,-38.2,7.0,59.6,20.0,0.4,0.1,0.5,-53.4,0.0,55.5,10.6,7.0,74.4,20.0,0.4,0.1,0.5,-26.9,-26.9,-26.9,-26.9,1.0,0.0,28.0,0.0,0.2,0.7,-22.6,-22.6,-22.6,-22.6,1.0,0.0,28.0,0.0,0.2,0.7,-39.5,-39.5,-39.5,-39.5,1.0,0.0,28.0,0.0,0.2,0.7,-33.1,-33.1,-33.1,-33.1,1.0,0.0,28.0,0.0,0.2,0.7,291.0,941.0,999.0,810.0,7.0,691.0,20.0,0.4,0.1,0.5,290.0,940.0,1000.0,810.0,7.0,690.0,20.0,0.4,0.1,0.5
1974,2,19.0,54.0,2.68,3.0,3.0,2.86,30.0,0.47,12.0,0.4,0.6,0.7,3.0,4.0,6.5,4.41,30.0,2.04,12.0,0.4,0.6,0.7,4.35,4.35,4.35,4.35,1.0,0.0,18.0,0.0,0.3,0.4,100.0,100.0,100.0,100.0,1.0,0.0,18.0,0.0,0.4,4.0,6.0,10.0,7.37,30.0,4.05,12.0,0.4,0.6,0.7,-2.57,1.39,6.37,1.99,30.0,6.1,12.0,0.4,0.6,0.7,-1.22,3.81,7.57,2.67,30.0,4.89,12.0,0.4,0.6,0.7,977.15,997.6,1013.55,997.82,30.0,16.09,12.0,0.4,0.6,0.7,6.3,8.0,8.0,6.7,6.0,3.3,14.0,0.8,0.5,0.7,-10.3,11.1,60.4,26.6,30.0,84.3,12.0,0.4,0.6,0.7,-4.9,15.4,63.0,10.7,30.0,58.1,12.0,0.4,0.6,0.7,-3.5,-1.2,0.0,-1.55,30.0,1.89,12.0,0.4,0.6,0.7,-24.0,-7.5,0.0,-10.1,30.0,12.8,12.0,0.4,0.6,0.7,0.16,0.16,0.16,0.16,1.0,0.0,18.0,0.0,0.3,0.4,0.6,0.6,0.6,0.6,1.0,0.0,18.0,0.0,0.3,0.4,-7.1,8.3,32.6,10.6,30.0,22.3,12.0,0.4,0.6,0.7,-3.9,13.4,36.6,14.5,30.0,24.2,12.0,0.4,0.6,0.7,-13.7,-13.7,-13.7,-13.7,1.0,0.0,18.0,0.0,0.3,0.4,11.5,11.5,11.5,11.5,1.0,0.0,18.0,0.0,0.3,0.4,-0.5,-0.5,-0.5,-0.5,1.0,0.0,18.0,0.0,0.3,0.4,0.4,0.4,0.4,0.4,1.0,0.0,18.0,0.0,0.3,0.4,64.0,216.0,1000.0,818.0,30.0,1365.0,12.0,0.4,0.6,0.7,65.0,215.0,1000.0,820.0,30.0,1365.0,12.0,0.4,0.6,0.7
1974,2,19.0,55.0,,,,,,,,,,,,,,,,,,,,,,,,,,,,,,,,,,,,,,,,0.0,5.0,8.0,4.49,37.0,3.3,14.0,0.4,0.4,0.4,-5.64,-1.5,1.93,-1.69,37.0,3.56,14.0,0.4,0.4,0.4,0.0,1.0,5.16,1.89,37.0,3.5,14.0,0.4,0.4,0.4,1003.28,1010.3,1031.95,1013.68,38.0,14.41,16.0,0.3,0.4,0.4,,,,,,,,,,,,,,,,,,,,,,,,,,,,,,,,,,,,,,,,,,,,,,,,,,,,,,,,,,,,,,,,,,,,,,,,,,,,,,,,,,,,,,,,,,,,,,,,,,,,,,,,,,,,,,,,,,,,,,,,,,,,,,,,,,,,,,,,,,,,,,,,,,,,,,
1974,2,19.0,56.0,,,,,,,,,,,,,,,,,,,,,,,,,,,,,,,,,,,,,,,,2.0,4.0,6.0,4.06,31.0,1.79,12.0,0.4,0.3,0.5,-2.65,1.04,3.21,0.59,31.0,2.79,12.0,0.4,0.3,0.5,-0.24,1.93,5.22,2.31,31.0,2.57,12.0,0.4,0.3,0.5,1006.56,1015.8,1019.34,1016.01,31.0,10.47,12.0,0.4,0.3,0.5,,,,,,,,,,,,,,,,,,,,,,,,,,,,,,,,,,,,,,,,,,,,,,,,,,,,,,,,,,,,,,,,,,,,,,,,,,,,,,,,,,,,,,,,,,,,,,,,,,,,,,,,,,,,,,,,,,,,,,,,,,,,,,,,,,,,,,,,,,,,,,,,,,,,,,
1974,2,19.0,57.0,,,,,,,,,,,,,,,,,,,,,,,,,,,,,,,,,,,,,,,,3.0,5.0,7.0,5.29,31.0,2.69,16.0,0.3,0.4,0.4,-2.98,0.0,3.95,0.65,31.0,4.13,16.0,0.3,0.4,0.4,0.4,2.82,5.86,3.0,31.0,3.07,16.0,0.3,0.4,0.4,1007.7,1014.2,1034.95,1016.36,33.0,15.93,16.0,0.3,0.4,0.4,,,,,,,,,,,,,,,,,,,,,,,,,,,,,,,,,,,,,,,,,,,,,,,,,,,,,,,,,,,,,,,,,,,,,,,,,,,,,,,,,,,,,,,,,,,,,,,,,,,,,,,,,,,,,,,,,,,,,,,,,,,,,,,,,,,,,,,,,,,,,,,,,,,,,,
1974,2,19.0,58.0,1.5,2.0,3.0,2.2,18.0,0.78,18.0,0.3,0.5,0.4,0.49,2.15,3.1,2.11,18.0,1.45,18.0,0.3,0.5,0.4,3.99,4.02,4.73,4.35,3.0,0.62,22.0,0.7,0.4,0.5,90.4,93.1,94.5,92.5,3.0,3.1,22.0,0.7,0.5,2.6,6.0,9.33,5.71,15.0,4.1,18.0,0.3,0.4,0.4,-2.02,2.64,5.78,2.65,15.0,5.22,18.0,0.3,0.4,0.4,-2.05,2.05,3.68,1.25,15.0,3.91,18.0,0.3,0.4,0.4,1007.6,1013.8,1029.66,1015.53,18.0,14.35,18.0,0.3,0.5,0.4,3.9,8.0,8.0,6.5,11.0,2.8,20.0,0.5,0.3,0.5,-5.3,10.8,46.9,28.7,15.0,65.6,18.0,0.3,0.4,0.4,-8.4,8.5,18.9,7.1,15.0,38.9,18.0,0.3,0.4,0.4,-1.69,0.05,1.95,0.09,18.0,2.01,18.0,0.3,0.5,0.4,-9.0,0.0,10.5,3.4,15.0,18.6,18.0,0.3,0.4,0.4,-0.19,0.3,0.36,0.09,3.0,0.44,22.0,0.7,0.4,0.5,-0.6,0.3,1.2,0.3,2.0,1.9,24.0,1.0,0.2,0.7,-3.0,0.0,16.0,4.9,15.0,9.3,18.0,0.3,0.4,0.4,0.0,4.6,10.4,5.6,15.0,6.7,18.0,0.3,0.4,0.4,7.2,8.5,9.8,8.5,2.0,2.7,24.0,1.0,0.2,0.7,11.6,11.9,12.3,11.9,2.0,0.8,24.0,1.0,0.2,0.7,-0.3,0.2,0.8,0.2,2.0,1.1,24.0,1.0,0.2,0.7,-0.6,0.1,0.9,0.1,2.0,1.5,24.0,1.0,0.2,0.7,17.5,216.0,854.5,508.0,15.0,1043.5,18.0,0.3,0.4,0.4,20.0,215.0,855.0,510.0,15.0,1045.0,18.0,0.3,0.4,0.4
1974,2,19.0,59.0,1.18,2.0,4.02,2.64,13.0,1.39,14.0,0.2,0.7,0.4,1.0,2.1,3.03,2.2,13.0,0.84,14.0,0.2,0.7,0.4,3.87,3.87,3.87,3.87,1.0,0.0,8.0,0.0,0.6,0.3,92.4,92.4,92.4,92.4,1.0,0.0,8.0,0.0,0.3,3.9,7.0,10.1,7.02,13.0,3.54,14.0,0.2,0.7,0.4,-4.62,0.0,3.07,-0.33,13.0,3.93,14.0,0.2,0.7,0.4,2.55,5.36,9.96,5.82,13.0,3.69,14.0,0.2,0.7,0.4,992.54,1009.9,1017.06,1008.75,13.0,16.02,14.0,0.2,0.7,0.4,2.3,8.0,8.0,6.1,9.0,2.8,12.0,0.2,0.7,0.5,-32.2,0.0,13.7,-4.9,13.0,35.0,14.0,0.2,0.7,0.4,10.0,36.0,100.6,51.7,13.0,47.2,14.0,0.2,0.7,0.4,-0.64,0.2,1.62,0.44,13.0,1.05,14.0,0.2,0.7,0.4,-3.1,1.3,9.1,3.4,13.0,6.0,14.0,0.2,0.7,0.4,0.38,0.38,0.38,0.38,1.0,0.0,8.0,0.0,0.6,0.3,2.6,2.6,2.6,2.6,1.0,0.0,8.0,0.0,0.6,0.3,-6.2,0.0,9.3,0.6,13.0,8.8,14.0,0.2,0.7,0.4,5.7,8.7,22.8,12.7,13.0,10.2,14.0,0.2,0.7,0.4,-22.5,-22.5,-22.5,-22.5,1.0,0.0,8.0,0.0,0.6,0.3,13.0,13.0,13.0,13.0,1.0,0.0,8.0,0.0,0.6,0.3,-2.2,-2.2,-2.2,-2.2,1.0,0.0,8.0,0.0,0.6,0.3,1.3,1.3,1.3,1.3,1.0,0.0,8.0,0.0,0.6,0.3,60.5,343.0,1031.5,578.0,13.0,632.0,14.0,0.2,0.7,0.4,60.0,345.0,1030.0,580.0,13.0,630.0,14.0,0.2,0.7,0.4
1974,2,19.0,60.0,,,,,,,,,,,,,,,,,,,,,,,,,,,,,,,,,,,,,,,,7.81,10.4,12.57,10.2,4.0,3.31,20.0,0.3,0.2,0.5,3.37,7.29,8.29,5.89,4.0,4.02,20.0,0.3,0.2,0.5,-2.76,6.15,7.41,2.5,4.0,8.88,20.0,0.3,0.2,0.5,993.12,1009.4,1024.37,1008.78,4.0,22.67,20.0,0.3,0.2,0.5,,,,,,,,,,,,,,,,,,,,,,,,,,,,,,,,,,,,,,,,,,,,,,,,,,,,,,,,,,,,,,,,,,,,,,,,,,,,,,,,,,,,,,,,,,,,,,,,,,,,,,,,,,,,,,,,,,,,,,,,,,,,,,,,,,,,,,,,,,,,,,,,,,,,,,
1974,2,19.0,61.0,0.76,0.9,0.97,0.87,3.0,0.15,8.0,0.7,0.5,0.7,1.57,2.4,3.12,2.35,4.0,1.08,12.0,0.5,0.5,0.6,3.57,3.66,3.76,3.66,2.0,0.2,2.0,1.0,0.5,0.5,73.6,77.4,81.2,77.4,2.0,7.8,2.0,1.0,0.5,6.44,7.85,9.52,7.98,4.0,1.82,12.0,0.5,0.5,0.6,4.74,6.4,7.22,6.0,4.0,1.85,12.0,0.5,0.5,0.6,0.55,2.83,7.07,3.77,4.0,4.21,12.0,0.5,0.5,0.6,1007.22,1008.75,1022.7,1014.68,4.0,13.34,12.0,0.5,0.5,0.6,2.4,5.5,6.5,4.5,4.0,3.1,12.0,0.5,0.5,0.6,36.2,41.3,57.8,46.7,4.0,16.1,12.0,0.5,0.5,0.6,3.7,24.1,68.5,35.6,4.0,42.7,12.0,0.5,0.5,0.6,-2.52,-1.7,-0.54,-1.53,3.0,1.46,8.0,0.7,0.5,0.7,-15.9,-11.4,-3.6,-9.8,3.0,9.1,8.0,0.7,0.5,0.7,0.29,0.36,0.43,0.36,2.0,0.15,2.0,1.0,0.5,0.5,1.9,2.3,2.7,2.3,2.0,0.8,2.0,1.0,0.5,0.5,10.0,17.2,19.9,15.0,4.0,8.1,12.0,0.5,0.5,0.6,1.4,6.2,9.7,5.6,4.0,4.9,12.0,0.5,0.5,0.6,22.4,23.5,24.6,23.5,2.0,2.3,2.0,1.0,0.5,0.5,0.7,2.2,3.7,2.2,2.0,3.1,2.0,1.0,0.5,0.5,1.9,2.3,2.7,2.3,2.0,0.8,2.0,1.0,0.5,0.5,0.0,0.1,0.3,0.1,2.0,0.2,2.0,1.0,0.5,0.5,268.0,515.0,871.0,567.0,4.0,362.0,12.0,0.5,0.5,0.6,270.0,515.0,870.0,565.0,4.0,360.0,12.0,0.5,0.5,0.6
1974,2,19.0,63.0,-0.28,-0.25,-0.22,-0.25,2.0,0.07,14.0,1.0,0.4,0.3,-2.01,-0.3,1.41,-0.3,2.0,3.54,14.0,1.0,0.4,0.3,3.15,3.54,3.92,3.54,2.0,0.8,14.0,1.0,0.4,0.3,92.8,95.1,97.5,95.1,2.0,4.8,14.0,1.0,0.3,1.38,4.35,7.32,4.35,2.0,6.15,14.0,1.0,0.4,0.3,0.89,2.8,4.7,2.8,2.0,3.95,14.0,1.0,0.4,0.3,1.06,3.33,5.61,3.33,2.0,4.71,14.0,1.0,0.4,0.3,1007.66,1017.25,1026.84,1017.25,2.0,19.87,14.0,1.0,0.4,0.3,1.8,3.5,5.2,3.5,2.0,3.5,14.0,1.0,0.4,0.3,7.7,24.3,40.9,24.3,2.0,34.4,14.0,1.0,0.4,0.3,9.2,29.0,48.8,29.0,2.0,41.0,14.0,1.0,0.4,0.3,-1.69,0.05,1.79,0.05,2.0,3.61,14.0,1.0,0.4,0.3,-18.3,-10.9,-3.5,-10.9,2.0,15.4,14.0,1.0,0.4,0.3,-0.2,0.16,0.52,0.16,2.0,0.74,14.0,1.0,0.4,0.3,-2.7,-1.6,-0.5,-1.6,2.0,2.3,14.0,1.0,0.4,0.3,2.0,6.2,10.4,6.2,2.0,8.7,14.0,1.0,0.4,0.3,2.3,7.3,12.3,7.3,2.0,10.4,14.0,1.0,0.4,0.3,3.6,11.5,19.3,11.5,2.0,16.2,14.0,1.0,0.4,0.3,4.3,13.7,23.0,13.7,2.0,19.3,14.0,1.0,0.4,0.3,-1.7,-1.0,-0.3,-1.0,2.0,1.5,14.0,1.0,0.4,0.3,-2.1,-1.2,-0.4,-1.2,2.0,1.7,14.0,1.0,0.4,0.3,104.5,329.5,554.0,329.5,2.0,465.5,14.0,1.0,0.4,0.3,105.0,330.0,555.0,330.0,2.0,465.0,14.0,1.0,0.4,0.3
1974,2,19.0,70.0,4.77,5.0,7.0,5.56,18.0,1.3,14.0,0.2,0.4,0.7,-3.07,-1.0,3.09,-0.66,19.0,3.23,14.0,0.2,0.4,0.7,2.72,3.45,4.09,3.41,4.0,0.98,14.0,0.0,0.2,0.5,72.9,84.2,93.5,83.3,4.0,14.6,14.0,0.0,0.5,7.11,13.0,18.0,13.35,17.0,5.12,16.0,0.2,0.4,0.7,-15.3,-6.13,3.23,-5.75,17.0,10.26,16.0,0.2,0.4,0.7,-1.43,5.13,9.54,4.12,17.0,7.55,16.0,0.2,0.4,0.7,982.74,992.85,999.76,991.78,18.0,11.11,14.0,0.2,0.4,0.7,3.7,8.0,8.0,6.6,12.0,2.5,12.0,0.3,0.4,0.7,-260.1,-49.0,28.7,-86.5,17.0,178.2,16.0,0.2,0.4,0.7,-14.2,51.1,149.8,59.6,17.0,133.5,16.0,0.2,0.4,0.7,3.55,7.3,8.23,6.45,18.0,3.22,14.0,0.2,0.4,0.7,25.8,105.0,136.1,88.8,16.0,54.8,14.0,0.2,0.4,0.7,1.57,2.57,3.5,2.53,4.0,1.2,14.0,0.0,0.2,0.5,14.3,22.5,33.0,23.6,3.0,13.8,18.0,0.0,0.2,0.6,-8.2,16.2,50.3,18.9,17.0,36.2,16.0,0.2,0.4,0.7,-15.5,-7.9,33.1,6.6,17.0,31.7,16.0,0.2,0.4,0.7,-10.9,0.0,5.2,-2.8,3.0,12.0,18.0,0.0,0.2,0.6,17.7,43.2,76.3,46.9,3.0,43.0,18.0,0.0,0.2,0.6,-6.7,0.0,4.5,-1.1,3.0,8.3,18.0,0.0,0.2,0.6,9.6,22.5,32.6,21.1,3.0,16.9,18.0,0.0,0.2,0.6,359.5,2197.0,5832.0,3337.5,17.0,2859.5,16.0,0.2,0.4,0.7,360.0,2195.0,5830.0,3340.0,17.0,2860.0,16.0,0.2,0.4,0.7
1974,2,19.0,71.0,,,,,,,,,,,,,,,,,,,,,,,,,,,,,,,,,,,,,,,,4.05,8.05,14.62,9.28,4.0,6.37,18.0,0.8,0.3,0.4,-4.79,0.04,7.42,1.25,4.0,7.61,18.0,0.8,0.3,0.4,-0.12,6.2,11.77,5.84,4.0,7.05,18.0,0.8,0.3,0.4,991.2,994.0,1001.99,996.48,4.0,7.82,18.0,0.8,0.3,0.4,,,,,,,,,,,,,,,,,,,,,,,,,,,,,,,,,,,,,,,,,,,,,,,,,,,,,,,,,,,,,,,,,,,,,,,,,,,,,,,,,,,,,,,,,,,,,,,,,,,,,,,,,,,,,,,,,,,,,,,,,,,,,,,,,,,,,,,,,,,,,,,,,,,,,,
1974,2,19.0,72.0,,,,,,,,,,,,,,,,,,,,,,,,,,,,,,,,,,,,,,,,7.78,11.5,17.21,11.68,6.0,5.54,16.0,0.5,0.4,0.5,-13.88,-4.92,5.64,-3.49,6.0,12.71,16.0,0.5,0.4,0.5,-0.32,0.87,3.65,1.91,6.0,3.73,16.0,0.5,0.4,0.5,970.62,998.25,1007.11,990.87,6.0,20.2,16.0,0.5,0.4,0.5,,,,,,,,,,,,,,,,,,,,,,,,,,,,,,,,,,,,,,,,,,,,,,,,,,,,,,,,,,,,,,,,,,,,,,,,,,,,,,,,,,,,,,,,,,,,,,,,,,,,,,,,,,,,,,,,,,,,,,,,,,,,,,,,,,,,,,,,,,,,,,,,,,,,,,
1974,2,19.0,73.0,,,,,,,,,,,,,,,,,,,,,,,,,,,,,,,,,,,,,,,,7.24,14.0,16.76,13.47,34.0,4.87,10.0,0.3,0.5,0.5,-15.76,-13.0,-3.89,-11.38,34.0,5.8,10.0,0.3,0.5,0.5,-7.17,0.0,5.44,-0.22,34.0,6.6,10.0,0.3,0.5,0.5,998.62,1004.2,1008.21,1002.3,34.0,8.89,10.0,0.3,0.5,0.5,,,,,,,,,,,,,,,,,,,,,,,,,,,,,,,,,,,,,,,,,,,,,,,,,,,,,,,,,,,,,,,,,,,,,,,,,,,,,,,,,,,,,,,,,,,,,,,,,,,,,,,,,,,,,,,,,,,,,,,,,,,,,,,,,,,,,,,,,,,,,,,,,,,,,,
1974,2,19.0,74.0,,,,,,,,,,,,,,,,,,,,,,,,,,,,,,,,,,,,,,,,4.0,9.0,12.19,8.48,25.0,4.32,10.0,0.2,0.4,0.2,-6.33,-0.69,9.57,0.69,25.0,7.97,10.0,0.2,0.4,0.2,-7.9,-2.57,0.13,-2.89,25.0,4.56,10.0,0.2,0.4,0.2,998.06,1005.5,1017.0,1005.15,25.0,12.14,10.0,0.2,0.4,0.2,,,,,,,,,,,,,,,,,,,,,,,,,,,,,,,,,,,,,,,,,,,,,,,,,,,,,,,,,,,,,,,,,,,,,,,,,,,,,,,,,,,,,,,,,,,,,,,,,,,,,,,,,,,,,,,,,,,,,,,,,,,,,,,,,,,,,,,,,,,,,,,,,,,,,,
1974,2,20.0,-70.0,0.5,0.5,0.5,0.5,1.0,0.0,10.0,1.0,0.4,0.6,-1.6,-1.6,-1.6,-1.6,1.0,0.0,10.0,1.0,0.4,0.6,3.25,3.25,3.25,3.25,1.0,0.0,10.0,1.0,0.4,0.6,92.2,92.2,92.2,92.2,1.0,0.0,10.0,1.0,0.6,15.4,15.4,15.4,15.4,1.0,0.0,10.0,1.0,0.4,0.6,-11.8,-11.8,-11.8,-11.8,1.0,0.0,10.0,1.0,0.4,0.6,9.9,9.9,9.9,9.9,1.0,0.0,10.0,1.0,0.4,0.6,966.0,966.0,966.0,966.0,1.0,0.0,10.0,1.0,0.4,0.6,8.0,8.0,8.0,8.0,1.0,0.0,10.0,1.0,0.4,0.6,-181.7,-181.7,-181.7,-181.7,1.0,0.0,10.0,1.0,0.4,0.6,152.4,152.4,152.4,152.4,1.0,0.0,10.0,1.0,0.4,0.6,2.1,2.1,2.1,2.1,1.0,0.0,10.0,1.0,0.4,0.6,32.3,32.3,32.3,32.3,1.0,0.0,10.0,1.0,0.4,0.6,0.86,0.86,0.86,0.86,1.0,0.0,10.0,1.0,0.4,0.6,13.2,13.2,13.2,13.2,1.0,0.0,10.0,1.0,0.4,0.6,18.9,18.9,18.9,18.9,1.0,0.0,10.0,1.0,0.4,0.6,-15.8,-15.8,-15.8,-15.8,1.0,0.0,10.0,1.0,0.4,0.6,-38.3,-38.3,-38.3,-38.3,1.0,0.0,10.0,1.0,0.4,0.6,32.2,32.2,32.2,32.2,1.0,0.0,10.0,1.0,0.4,0.6,-10.1,-10.1,-10.1,-10.1,1.0,0.0,10.0,1.0,0.4,0.6,8.5,8.5,8.5,8.5,1.0,0.0,10.0,1.0,0.4,0.6,3652.5,3652.5,3652.5,3652.5,1.0,0.0,10.0,1.0,0.4,0.6,3650.0,3650.0,3650.0,3650.0,1.0,0.0,10.0,1.0,0.4,0.6
1974,2,20.0,-67.0,,,,,,,,,,,,,,,,,,,,,,,,,,,,,,,,,,,,,,,,9.3,9.3,9.3,9.3,1.0,0.0,26.0,0.0,0.8,0.3,-9.3,-9.3,-9.3,-9.3,1.0,0.0,26.0,0.0,0.8,0.3,0.0,0.0,0.0,0.0,1.0,0.0,26.0,0.0,0.8,0.3,974.0,974.0,974.0,974.0,1.0,0.0,26.0,0.0,0.8,0.3,,,,,,,,,,,,,,,,,,,,,,,,,,,,,,,,,,,,,,,,,,,,,,,,,,,,,,,,,,,,,,,,,,,,,,,,,,,,,,,,,,,,,,,,,,,,,,,,,,,,,,,,,,,,,,,,,,,,,,,,,,,,,,,,,,,,,,,,,,,,,,,,,,,,,,
1974,2,20.0,-61.0,1.8,1.8,1.8,1.8,1.0,0.0,26.0,0.0,0.8,1.0,2.0,2.0,2.0,2.0,1.0,0.0,26.0,0.0,0.8,1.0,3.15,3.15,3.15,3.15,1.0,0.0,26.0,0.0,0.8,1.0,69.5,69.5,69.5,69.5,1.0,0.0,26.0,0.0,1.0,9.0,9.0,9.0,9.0,1.0,0.0,26.0,0.0,0.8,1.0,-9.0,-9.0,-9.0,-9.0,1.0,0.0,26.0,0.0,0.8,1.0,0.0,0.0,0.0,0.0,1.0,0.0,26.0,0.0,0.8,1.0,974.0,974.0,974.0,974.0,1.0,0.0,26.0,0.0,0.8,1.0,7.0,7.0,7.0,7.0,1.0,0.0,26.0,0.0,0.8,1.0,-81.0,-81.0,-81.0,-81.0,1.0,0.0,26.0,0.0,0.8,1.0,0.0,0.0,0.0,0.0,1.0,0.0,26.0,0.0,0.8,1.0,-0.2,-0.2,-0.2,-0.2,1.0,0.0,26.0,0.0,0.8,1.0,-1.8,-1.8,-1.8,-1.8,1.0,0.0,26.0,0.0,0.8,1.0,1.32,1.32,1.32,1.32,1.0,0.0,26.0,0.0,0.8,1.0,11.9,11.9,11.9,11.9,1.0,0.0,26.0,0.0,0.8,1.0,-18.0,-18.0,-18.0,-18.0,1.0,0.0,26.0,0.0,0.8,1.0,0.0,0.0,0.0,0.0,1.0,0.0,26.0,0.0,0.8,1.0,-28.4,-28.4,-28.4,-28.4,1.0,0.0,26.0,0.0,0.8,1.0,0.0,0.0,0.0,0.0,1.0,0.0,26.0,0.0,0.8,1.0,-11.9,-11.9,-11.9,-11.9,1.0,0.0,26.0,0.0,0.8,1.0,0.0,0.0,0.0,0.0,1.0,0.0,26.0,0.0,0.8,1.0,729.0,729.0,729.0,729.0,1.0,0.0,26.0,0.0,0.8,1.0,730.0,730.0,730.0,730.0,1.0,0.0,26.0,0.0,0.8,1.0
1974,2,20.0,-60.0,0.7,0.7,0.7,0.7,1.0,0.0,14.0,1.0,0.0,0.4,1.1,1.1,1.1,1.1,1.0,0.0,14.0,1.0,0.0,0.4,4.22,4.22,4.22,4.22,1.0,0.0,14.0,1.0,0.0,0.4,99.3,99.3,99.3,99.3,1.0,0.0,14.0,1.0,0.4,4.0,4.0,4.0,4.0,1.0,0.0,14.0,1.0,0.0,0.4,2.0,2.0,2.0,2.0,1.0,0.0,14.0,1.0,0.0,0.4,-3.46,-3.46,-3.46,-3.46,1.0,0.0,14.0,1.0,0.0,0.4,975.3,975.3,975.3,975.3,1.0,0.0,14.0,1.0,0.0,0.4,6.0,6.0,6.0,6.0,1.0,0.0,14.0,1.0,0.0,0.4,8.0,8.0,8.0,8.0,1.0,0.0,14.0,1.0,0.0,0.4,-13.9,-13.9,-13.9,-13.9,1.0,0.0,14.0,1.0,0.0,0.4,-0.4,-0.4,-0.4,-0.4,1.0,0.0,14.0,1.0,0.0,0.4,-1.6,-1.6,-1.6,-1.6,1.0,0.0,14.0,1.0,0.0,0.4,-0.09,-0.09,-0.09,-0.09,1.0,0.0,14.0,1.0,0.0,0.4,-0.4,-0.4,-0.4,-0.4,1.0,0.0,14.0,1.0,0.0,0.4,2.2,2.2,2.2,2.2,1.0,0.0,14.0,1.0,0.0,0.4,-3.8,-3.8,-3.8,-3.8,1.0,0.0,14.0,1.0,0.0,0.4,8.4,8.4,8.4,8.4,1.0,0.0,14.0,1.0,0.0,0.4,-14.6,-14.6,-14.6,-14.6,1.0,0.0,14.0,1.0,0.0,0.4,-0.2,-0.2,-0.2,-0.2,1.0,0.0,14.0,1.0,0.0,0.4,0.3,0.3,0.3,0.3,1.0,0.0,14.0,1.0,0.0,0.4,64.0,64.0,64.0,64.0,1.0,0.0,14.0,1.0,0.0,0.4,65.0,65.0,65.0,65.0,1.0,0.0,14.0,1.0,0.0,0.4
1974,2,20.0,-58.0,1.1,1.1,1.1,1.1,1.0,0.0,12.0,1.0,0.3,0.4,1.8,1.8,1.8,1.8,1.0,0.0,12.0,1.0,0.3,0.4,4.39,4.39,4.39,4.39,1.0,0.0,12.0,1.0,0.3,0.4,100.0,100.0,100.0,100.0,1.0,0.0,12.0,1.0,0.4,2.0,2.0,2.0,2.0,1.0,0.0,12.0,1.0,0.3,0.4,0.68,0.68,0.68,0.68,1.0,0.0,12.0,1.0,0.3,0.4,-1.88,-1.88,-1.88,-1.88,1.0,0.0,12.0,1.0,0.3,0.4,992.2,992.2,992.2,992.2,1.0,0.0,12.0,1.0,0.3,0.4,8.0,8.0,8.0,8.0,1.0,0.0,12.0,1.0,0.3,0.4,1.4,1.4,1.4,1.4,1.0,0.0,12.0,1.0,0.3,0.4,-3.8,-3.8,-3.8,-3.8,1.0,0.0,12.0,1.0,0.3,0.4,-0.7,-0.7,-0.7,-0.7,1.0,0.0,12.0,1.0,0.3,0.4,-1.4,-1.4,-1.4,-1.4,1.0,0.0,12.0,1.0,0.3,0.4,-0.22,-0.22,-0.22,-0.22,1.0,0.0,12.0,1.0,0.3,0.4,-0.4,-0.4,-0.4,-0.4,1.0,0.0,12.0,1.0,0.3,0.4,1.2,1.2,1.2,1.2,1.0,0.0,12.0,1.0,0.3,0.4,-3.4,-3.4,-3.4,-3.4,1.0,0.0,12.0,1.0,0.3,0.4,3.0,3.0,3.0,3.0,1.0,0.0,12.0,1.0,0.3,0.4,-8.3,-8.3,-8.3,-8.3,1.0,0.0,12.0,1.0,0.3,0.4,-0.1,-0.1,-0.1,-0.1,1.0,0.0,12.0,1.0,0.3,0.4,0.4,0.4,0.4,0.4,1.0,0.0,12.0,1.0,0.3,0.4,8.0,8.0,8.0,8.0,1.0,0.0,12.0,1.0,0.3,0.4,10.0,10.0,10.0,10.0,1.0,0.0,12.0,1.0,0.3,0.4
1974,2,20.0,-56.0,1.4,1.4,1.4,1.4,1.0,0.0,12.0,1.0,0.3,0.1,2.4,2.4,2.4,2.4,1.0,0.0,12.0,1.0,0.3,0.1,4.15,4.15,4.15,4.15,1.0,0.0,12.0,1.0,0.3,0.1,91.1,91.1,91.1,91.1,1.0,0.0,12.0,1.0,0.1,1.0,1.0,1.0,1.0,1.0,0.0,12.0,1.0,0.3,0.1,0.77,0.77,0.77,0.77,1.0,0.0,12.0,1.0,0.3,0.1,0.64,0.64,0.64,0.64,1.0,0.0,12.0,1.0,0.3,0.1,998.6,998.6,998.6,998.6,1.0,0.0,12.0,1.0,0.3,0.1,8.0,8.0,8.0,8.0,1.0,0.0,12.0,1.0,0.3,0.1,0.8,0.8,0.8,0.8,1.0,0.0,12.0,1.0,0.3,0.1,0.6,0.6,0.6,0.6,1.0,0.0,12.0,1.0,0.3,0.1,-1.0,-1.0,-1.0,-1.0,1.0,0.0,12.0,1.0,0.3,0.1,-1.0,-1.0,-1.0,-1.0,1.0,0.0,12.0,1.0,0.3,0.1,0.09,0.09,0.09,0.09,1.0,0.0,12.0,1.0,0.3,0.1,0.1,0.1,0.1,0.1,1.0,0.0,12.0,1.0,0.3,0.1,1.8,1.8,1.8,1.8,1.0,0.0,12.0,1.0,0.3,0.1,1.5,1.5,1.5,1.5,1.0,0.0,12.0,1.0,0.3,0.1,3.2,3.2,3.2,3.2,1.0,0.0,12.0,1.0,0.3,0.1,2.7,2.7,2.7,2.7,1.0,0.0,12.0,1.0,0.3,0.1,0.1,0.1,0.1,0.1,1.0,0.0,12.0,1.0,0.3,0.1,0.1,0.1,0.1,0.1,1.0,0.0,12.0,1.0,0.3,0.1,1.0,1.0,1.0,1.0,1.0,0.0,12.0,1.0,0.3,0.1,0.0,0.0,0.0,0.0,1.0,0.0,12.0,1.0,0.3,0.1
1974,2,20.0,-47.0,7.1,7.1,7.1,7.1,2.0,0.0,2.0,0.0,0.0,0.6,5.4,5.4,5.4,5.4,2.0,0.0,2.0,0.0,0.0,0.6,4.4,4.4,4.4,4.4,1.0,0.0,2.0,0.0,0.0,0.6,78.7,78.7,78.7,78.7,2.0,0.0,2.0,0.0,0.6,8.26,10.55,12.84,10.55,2.0,4.74,2.0,0.0,0.0,0.6,8.14,10.39,12.64,10.39,2.0,4.67,2.0,0.0,0.0,0.6,1.43,1.83,2.23,1.83,2.0,0.82,2.0,0.0,0.0,0.6,1004.2,1004.2,1004.2,1004.2,1.0,0.0,2.0,0.0,0.0,0.6,3.0,3.0,3.0,3.0,2.0,0.0,2.0,0.0,0.0,0.6,73.1,120.7,168.2,120.7,2.0,98.4,2.0,0.0,0.0,0.6,12.9,21.3,29.7,21.3,2.0,17.4,2.0,0.0,0.0,0.6,1.7,1.7,1.7,1.7,2.0,0.0,2.0,0.0,0.0,0.6,14.0,17.9,21.8,17.9,2.0,8.1,2.0,0.0,0.0,0.6,1.89,1.89,1.89,1.89,1.0,0.0,2.0,0.0,0.0,0.6,26.3,26.3,26.3,26.3,1.0,0.0,2.0,0.0,0.0,0.6,43.9,56.1,68.3,56.1,2.0,25.2,2.0,0.0,0.0,0.6,7.7,9.9,12.0,9.9,2.0,4.4,2.0,0.0,0.0,0.6,60.3,60.3,60.3,60.3,1.0,0.0,2.0,0.0,0.0,0.6,10.6,10.6,10.6,10.6,1.0,0.0,2.0,0.0,0.0,0.6,25.9,25.9,25.9,25.9,1.0,0.0,2.0,0.0,0.0,0.6,4.6,4.6,4.6,4.6,1.0,0.0,2.0,0.0,0.0,0.6,740.0,1529.5,2318.5,1529.5,2.0,1635.0,2.0,0.0,0.0,0.6,740.0,1530.0,2320.0,1530.0,2.0,1635.0,2.0,0.0,0.0,0.6
1974,2,20.0,-46.0,6.87,7.25,7.63,7.25,2.0,0.78,8.0,1.0,0.4,0.3,6.48,7.3,8.12,7.3,2.0,1.7,8.0,1.0,0.4,0.3,4.08,4.08,4.08,4.08,1.0,0.0,2.0,1.0,0.0,0.3,69.8,69.8,69.8,69.8,1.0,0.0,2.0,1.0,0.3,9.7,10.55,11.4,10.55,2.0,1.77,8.0,1.0,0.4,0.3,9.67,10.46,11.25,10.46,2.0,1.64,8.0,1.0,0.4,0.3,0.33,1.02,1.72,1.02,2.0,1.45,8.0,1.0,0.4,0.3,1004.45,1006.5,1008.55,1006.5,2.0,4.24,8.0,1.0,0.4,0.3,6.0,6.0,6.0,6.0,1.0,0.0,2.0,1.0,0.0,0.3,94.5,111.8,129.1,111.8,2.0,35.8,8.0,1.0,0.4,0.3,3.8,12.1,20.3,12.1,2.0,17.1,8.0,1.0,0.4,0.3,-0.49,-0.05,0.39,-0.05,2.0,0.92,8.0,1.0,0.4,0.3,-4.4,0.3,4.9,0.3,2.0,9.6,8.0,1.0,0.4,0.3,2.02,2.02,2.02,2.02,1.0,0.0,2.0,1.0,0.0,0.3,23.8,23.8,23.8,23.8,1.0,0.0,2.0,1.0,0.0,0.3,72.2,75.0,77.8,75.0,2.0,5.8,8.0,1.0,0.4,0.3,2.0,6.2,10.5,6.2,2.0,8.8,8.0,1.0,0.4,0.3,47.4,47.4,47.4,47.4,1.0,0.0,2.0,1.0,0.0,0.3,8.4,8.4,8.4,8.4,1.0,0.0,2.0,1.0,0.0,0.3,23.4,23.4,23.4,23.4,1.0,0.0,2.0,1.0,0.0,0.3,4.1,4.1,4.1,4.1,1.0,0.0,2.0,1.0,0.0,0.3,937.5,1223.5,1510.0,1223.5,2.0,593.0,8.0,1.0,0.4,0.3,935.0,1225.0,1510.0,1225.0,2.0,595.0,8.0,1.0,0.4,0.3
1974,2,20.0,-43.0,13.03,13.1,13.17,13.1,2.0,0.14,2.0,0.5,0.0,0.6,8.84,9.8,10.76,9.8,2.0,1.98,2.0,0.5,0.0,0.6,6.18,6.18,6.18,6.18,1.0,0.0,2.0,1.0,0.0,1.0,75.3,75.3,75.3,75.3,1.0,0.0,2.0,1.0,1.0,2.83,4.6,6.37,4.6,2.0,3.68,2.0,0.5,0.0,0.6,-2.73,-0.86,1.01,-0.86,2.0,3.87,2.0,0.5,0.0,0.6,-5.14,-2.78,-0.41,-2.78,2.0,4.89,2.0,0.5,0.0,0.6,1017.53,1018.45,1019.37,1018.45,2.0,1.91,2.0,0.5,0.0,0.6,2.0,2.0,2.0,2.0,2.0,0.0,2.0,0.5,0.0,0.6,-21.2,-11.1,-1.0,-11.1,2.0,21.0,2.0,0.5,0.0,0.6,-37.6,-21.8,-6.0,-21.8,2.0,32.7,2.0,0.5,0.0,0.6,2.41,3.3,4.19,3.3,2.0,1.84,2.0,0.5,0.0,0.6,10.0,11.8,13.6,11.8,2.0,3.7,2.0,0.5,0.0,0.6,3.19,3.19,3.19,3.19,1.0,0.0,2.0,1.0,0.0,1.0,23.0,23.0,23.0,23.0,1.0,0.0,2.0,1.0,0.0,1.0,-31.4,-12.3,6.9,-12.3,2.0,39.7,2.0,0.5,0.0,0.6,-57.8,-32.0,-6.2,-32.0,2.0,53.4,2.0,0.5,0.0,0.6,-22.2,-22.2,-22.2,-22.2,1.0,0.0,2.0,1.0,0.0,1.0,-38.5,-38.5,-38.5,-38.5,1.0,0.0,2.0,1.0,0.0,1.0,-11.5,-11.5,-11.5,-11.5,1.0,0.0,2.0,1.0,0.0,1.0,-19.9,-19.9,-19.9,-19.9,1.0,0.0,2.0,1.0,0.0,1.0,66.0,190.5,315.5,190.5,2.0,258.5,2.0,0.5,0.0,0.6,65.0,190.0,315.0,190.0,2.0,260.0,2.0,0.5,0.0,0.6
1974,2,20.0,-41.0,,,,,,,,,,,,,,,,,,,,,,,,,,,,,,,,,,,,,,,,10.0,10.0,10.0,10.0,1.0,0.0,2.0,1.0,0.0,0.1,-6.43,-6.43,-6.43,-6.43,1.0,0.0,2.0,1.0,0.0,0.1,-7.66,-7.66,-7.66,-7.66,1.0,0.0,2.0,1.0,0.0,0.1,1014.7,1014.7,1014.7,1014.7,1.0,0.0,2.0,1.0,0.0,0.1,,,,,,,,,,,,,,,,,,,,,,,,,,,,,,,,,,,,,,,,,,,,,,,,,,,,,,,,,,,,,,,,,,,,,,,,,,,,,,,,,,,,,,,,,,,,,,,,,,,,,,,,,,,,,,,,,,,,,,,,,,,,,,,,,,,,,,,,,,,,,,,,,,,,,,
1974,2,20.0,-40.0,,,,,,,,,,,,,,,,,,,,,,,,,,,,,,,,,,,,,,,,7.0,7.0,7.0,7.0,1.0,0.0,2.0,0.0,0.0,0.1,-3.5,-3.5,-3.5,-3.5,1.0,0.0,2.0,0.0,0.0,0.1,-6.06,-6.06,-6.06,-6.06,1.0,0.0,2.0,0.0,0.0,0.1,1017.1,1017.1,1017.1,1017.1,1.0,0.0,2.0,0.0,0.0,0.1,,,,,,,,,,,,,,,,,,,,,,,,,,,,,,,,,,,,,,,,,,,,,,,,,,,,,,,,,,,,,,,,,,,,,,,,,,,,,,,,,,,,,,,,,,,,,,,,,,,,,,,,,,,,,,,,,,,,,,,,,,,,,,,,,,,,,,,,,,,,,,,,,,,,,,
1974,2,20.0,-39.0,22.65,23.4,23.74,23.2,3.0,0.82,4.0,0.3,0.0,0.7,20.83,21.1,21.78,21.3,3.0,0.72,4.0,0.3,0.0,0.7,11.54,12.07,12.6,12.07,2.0,1.1,4.0,0.5,0.0,1.0,75.7,78.5,81.2,78.5,2.0,5.7,4.0,0.5,1.0,9.86,10.0,11.23,10.53,3.0,1.1,4.0,0.3,0.0,0.7,8.92,9.85,10.1,9.52,3.0,0.91,4.0,0.3,0.0,0.7,2.74,4.9,5.58,4.18,3.0,2.17,4.0,0.3,0.0,0.7,1009.29,1011.0,1012.02,1010.67,3.0,2.02,4.0,0.3,0.0,0.7,3.3,4.0,4.7,4.0,3.0,1.0,4.0,0.3,0.0,0.7,88.0,98.5,113.6,100.7,3.0,18.8,4.0,0.3,0.0,0.7,27.1,48.0,62.8,45.0,3.0,26.3,4.0,0.3,0.0,0.7,0.99,2.7,2.77,1.9,3.0,1.47,4.0,0.3,0.0,0.7,9.8,26.5,31.0,20.5,3.0,16.4,4.0,0.3,0.0,0.7,5.84,6.18,6.51,6.18,2.0,0.69,4.0,0.5,0.0,1.0,65.6,66.2,66.8,66.2,2.0,1.3,4.0,0.5,0.0,1.0,188.4,215.6,217.0,203.0,3.0,23.7,4.0,0.3,0.0,0.7,58.4,101.4,117.2,88.1,3.0,44.6,4.0,0.3,0.0,0.7,101.4,113.6,125.7,113.6,2.0,25.1,4.0,0.5,0.0,1.0,58.6,65.6,72.6,65.6,2.0,14.5,4.0,0.5,0.0,1.0,56.8,57.3,57.9,57.3,2.0,1.1,4.0,0.5,0.0,1.0,32.8,33.1,33.4,33.1,2.0,0.6,4.0,0.5,0.0,1.0,960.0,1000.0,1439.0,1194.5,3.0,389.5,4.0,0.3,0.0,0.7,960.0,1000.0,1440.0,1195.0,3.0,390.0,4.0,0.3,0.0,0.7
1974,2,20.0,-38.0,20.12,20.8,20.8,20.47,3.0,0.58,4.0,0.3,0.1,0.7,18.72,19.4,19.4,19.07,3.0,0.58,4.0,0.3,0.1,0.7,9.9,9.9,9.9,9.9,1.0,0.0,4.0,1.0,0.0,1.0,75.5,75.5,75.5,75.5,1.0,0.0,4.0,1.0,1.0,3.03,3.1,3.78,3.4,3.0,0.61,4.0,0.3,0.1,0.7,2.69,2.82,2.88,2.79,3.0,0.14,4.0,0.3,0.1,0.7,1.04,1.06,2.48,1.74,3.0,1.21,4.0,0.3,0.1,0.7,1013.8,1013.8,1014.14,1013.97,3.0,0.29,4.0,0.3,0.1,0.7,5.0,5.0,5.0,5.0,3.0,0.0,4.0,0.3,0.1,0.7,8.6,9.0,10.2,9.4,3.0,1.2,4.0,0.3,0.1,0.7,3.1,3.3,9.8,6.4,3.0,5.6,4.0,0.3,0.1,0.7,0.72,1.4,2.08,1.4,3.0,1.0,4.0,0.3,0.1,0.7,2.2,4.2,8.0,5.1,3.0,4.4,4.0,0.3,0.1,0.7,5.37,5.37,5.37,5.37,1.0,0.0,4.0,1.0,0.0,1.0,22.0,22.0,22.0,22.0,1.0,0.0,4.0,1.0,0.0,1.0,50.5,54.7,55.9,53.2,3.0,4.2,4.0,0.3,0.1,0.7,20.1,20.6,46.0,32.8,3.0,21.7,4.0,0.3,0.1,0.7,26.1,26.1,26.1,26.1,1.0,0.0,4.0,1.0,0.0,1.0,31.1,31.1,31.1,31.1,1.0,0.0,4.0,1.0,0.0,1.0,14.1,14.1,14.1,14.1,1.0,0.0,4.0,1.0,0.0,1.0,16.9,16.9,16.9,16.9,1.0,0.0,4.0,1.0,0.0,1.0,28.0,30.0,56.5,42.0,3.0,23.5,4.0,0.3,0.1,0.7,30.0,30.0,55.0,40.0,3.0,25.0,4.0,0.3,0.1,0.7
1974,2,20.0,-37.0,18.41,19.3,20.19,19.3,2.0,1.84,8.0,0.5,0.4,0.7,20.82,20.85,20.88,20.85,2.0,0.07,8.0,0.5,0.4,0.7,10.93,11.74,12.54,11.74,2.0,1.66,8.0,0.5,0.4,0.7,71.5,77.0,82.5,77.0,2.0,11.4,8.0,0.5,0.7,5.35,5.9,6.45,5.9,2.0,1.13,8.0,0.5,0.4,0.7,-3.8,-0.93,1.94,-0.93,2.0,5.95,8.0,0.5,0.4,0.7,3.97,4.11,4.24,4.11,2.0,0.28,8.0,0.5,0.4,0.7,1015.33,1016.7,1018.07,1016.7,2.0,2.83,8.0,0.5,0.4,0.7,1.2,1.5,1.8,1.5,2.0,0.7,8.0,0.5,0.4,0.7,-26.3,-8.8,8.6,-8.8,2.0,36.1,8.0,0.5,0.4,0.7,21.3,24.4,27.4,24.4,2.0,6.3,8.0,0.5,0.4,0.7,-2.4,-1.55,-0.7,-1.55,2.0,1.77,8.0,0.5,0.4,0.7,-16.0,-10.1,-4.3,-10.1,2.0,12.2,8.0,0.5,0.4,0.7,0.58,2.17,3.77,2.17,2.0,3.31,8.0,0.5,0.4,0.7,2.7,11.0,19.2,11.0,2.0,17.0,8.0,0.5,0.4,0.7,-78.9,-19.1,40.7,-19.1,2.0,123.9,8.0,0.5,0.4,0.7,82.9,85.6,88.3,85.6,2.0,5.6,8.0,0.5,0.4,0.7,-50.3,-15.8,18.6,-15.8,2.0,71.3,8.0,0.5,0.4,0.7,43.5,48.4,53.3,48.4,2.0,10.1,8.0,0.5,0.4,0.7,3.0,7.8,12.6,7.8,2.0,9.9,8.0,0.5,0.4,0.7,2.2,8.5,14.7,8.5,2.0,13.0,8.0,0.5,0.4,0.7,159.5,216.5,274.0,216.5,2.0,119.0,8.0,0.5,0.4,0.7,160.0,215.0,275.0,215.0,2.0,120.0,8.0,0.5,0.4,0.7
1974,2,20.0,-36.0,20.0,21.0,22.08,20.74,34.0,1.81,12.0,0.6,0.3,0.9,19.82,21.0,22.0,21.06,34.0,1.3,12.0,0.6,0.3,0.9,9.78,12.74,14.39,12.39,29.0,2.09,12.0,0.6,0.3,0.9,65.3,78.0,93.6,79.5,29.0,11.6,12.0,0.6,0.9,3.74,5.1,9.42,6.2,41.0,3.05,12.0,0.6,0.3,0.9,-7.64,-2.56,4.02,-2.52,41.0,5.26,12.0,0.6,0.3,0.9,0.0,1.8,5.51,2.33,41.0,3.0,12.0,0.6,0.3,0.9,1009.4,1015.0,1018.5,1014.47,41.0,4.6,12.0,0.7,0.3,0.9,1.0,4.5,8.0,4.3,38.0,2.8,12.0,0.7,0.4,0.9,-61.8,-11.2,17.8,-22.4,41.0,53.4,12.0,0.6,0.3,0.9,0.0,8.6,40.7,17.3,41.0,26.5,12.0,0.6,0.3,0.9,-1.91,-0.05,1.08,-0.32,34.0,2.25,12.0,0.6,0.3,0.9,-14.1,0.0,5.1,-2.1,33.0,12.3,12.0,0.6,0.3,0.9,0.64,2.67,6.18,3.05,29.0,2.89,12.0,0.6,0.3,0.9,3.2,16.8,29.6,18.3,29.0,17.7,12.0,0.6,0.3,0.9,-157.8,-46.8,83.9,-49.0,33.0,118.3,12.0,0.6,0.3,0.9,0.0,37.3,118.9,53.8,33.0,68.4,12.0,0.6,0.3,0.9,-98.8,-25.9,45.1,-30.6,29.0,71.5,12.0,0.6,0.3,0.9,0.0,26.3,78.3,34.4,29.0,45.0,12.0,0.6,0.3,0.9,-27.8,-3.4,8.5,-7.5,29.0,19.7,12.0,0.6,0.3,0.9,-0.3,2.1,19.6,8.1,29.0,12.0,12.0,0.6,0.3,0.9,52.5,132.5,843.0,424.0,41.0,639.0,12.0,0.6,0.3,0.9,55.0,135.0,845.0,425.0,41.0,640.0,12.0,0.6,0.3,0.9
1974,2,20.0,-35.0,18.72,20.8,21.69,20.34,52.0,1.55,14.0,0.6,0.6,0.2,19.07,20.75,22.0,20.6,56.0,1.84,14.0,0.6,0.6,0.2,9.6,12.51,14.01,12.19,52.0,2.05,14.0,0.6,0.6,0.2,70.7,81.5,90.6,80.3,52.0,9.7,14.0,0.6,0.2,4.6,7.2,10.56,7.41,67.0,3.36,14.0,0.6,0.6,0.2,-7.9,-1.71,7.9,-1.18,67.0,6.99,14.0,0.6,0.6,0.2,0.0,1.7,5.26,2.11,67.0,3.49,14.0,0.6,0.6,0.2,1007.97,1014.2,1017.67,1013.37,67.0,4.66,14.0,0.6,0.6,0.2,1.0,3.5,7.0,3.9,66.0,2.6,14.0,0.6,0.6,0.2,-66.8,-6.4,66.2,-10.2,67.0,75.2,14.0,0.6,0.6,0.2,0.0,10.6,35.9,15.7,67.0,35.6,14.0,0.6,0.6,0.2,-1.99,0.0,1.66,-0.2,52.0,2.24,14.0,0.6,0.6,0.2,-13.7,0.0,11.1,-1.1,52.0,18.4,14.0,0.6,0.6,0.2,0.29,2.48,5.21,2.7,49.0,2.26,14.0,0.6,0.6,0.2,0.9,19.7,37.2,20.0,49.0,19.6,14.0,0.6,0.6,0.2,-181.2,-28.5,167.5,-26.7,56.0,153.9,14.0,0.6,0.6,0.2,0.0,43.4,117.5,44.1,56.0,75.8,14.0,0.6,0.6,0.2,-118.1,-17.1,104.6,-15.4,52.0,96.6,14.0,0.6,0.6,0.2,0.0,22.1,75.3,26.0,52.0,46.0,14.0,0.6,0.6,0.2,-22.1,0.0,17.8,-1.6,49.0,24.2,14.0,0.6,0.6,0.2,0.0,2.4,16.4,7.5,49.0,12.2,14.0,0.6,0.6,0.2,97.5,373.0,1180.5,659.0,67.0,765.5,14.0,0.6,0.6,0.2,95.0,375.0,1180.0,660.0,67.0,765.0,14.0,0.6,0.6,0.2
1974,2,20.0,31.0,,,,,,,,,,,,,,,,,,,,,,,,,,,,,,,,,,,,,,,,8.2,8.2,8.2,8.2,1.0,0.0,28.0,1.0,0.9,0.5,5.27,5.27,5.27,5.27,1.0,0.0,28.0,1.0,0.9,0.5,-6.28,-6.28,-6.28,-6.28,1.0,0.0,28.0,1.0,0.9,0.5,1013.3,1013.3,1013.3,1013.3,1.0,0.0,28.0,1.0,0.9,0.5,,,,,,,,,,,,,,,,,,,,,,,,,,,,,,,,,,,,,,,,,,,,,,,,,,,,,,,,,,,,,,,,,,,,,,,,,,,,,,,,,,,,,,,,,,,,,,,,,,,,,,,,,,,,,,,,,,,,,,,,,,,,,,,,,,,,,,,,,,,,,,,,,,,,,,
1974,2,20.0,32.0,,,,,,,,,,,,,,,,,,,,,,,,,,,,,,,,,,,,,,,,4.6,4.6,4.6,4.6,2.0,0.0,16.0,0.5,0.1,0.3,2.67,3.45,4.23,3.45,2.0,1.63,16.0,0.5,0.1,0.3,0.63,1.99,3.35,1.99,2.0,2.82,16.0,0.5,0.1,0.3,1016.06,1017.25,1018.44,1017.25,2.0,2.47,16.0,0.5,0.1,0.3,,,,,,,,,,,,,,,,,,,,,,,,,,,,,,,,,,,,,,,,,,,,,,,,,,,,,,,,,,,,,,,,,,,,,,,,,,,,,,,,,,,,,,,,,,,,,,,,,,,,,,,,,,,,,,,,,,,,,,,,,,,,,,,,,,,,,,,,,,,,,,,,,,,,,,
1974,2,20.0,33.0,,,,,,,,,,,,,,,,,,,,,,,,,,,,,,,,,,,,,,,,7.18,8.2,10.11,8.63,3.0,2.18,14.0,0.7,0.4,0.5,5.54,8.2,9.66,7.61,3.0,3.06,14.0,0.7,0.4,0.5,-2.57,0.0,3.5,0.46,3.0,4.46,14.0,0.7,0.4,0.5,1013.11,1014.0,1014.89,1014.0,2.0,1.84,10.0,1.0,0.1,0.4,,,,,,,,,,,,,,,,,,,,,,,,,,,,,,,,,,,,,,,,,,,,,,,,,,,,,,,,,,,,,,,,,,,,,,,,,,,,,,,,,,,,,,,,,,,,,,,,,,,,,,,,,,,,,,,,,,,,,,,,,,,,,,,,,,,,,,,,,,,,,,,,,,,,,,
1974,2,20.0,34.0,14.75,15.9,16.88,15.92,12.0,1.46,8.0,0.6,0.3,0.5,13.33,15.0,16.51,15.08,10.0,1.83,10.0,0.6,0.3,0.5,7.65,7.65,7.65,7.65,1.0,0.0,16.0,1.0,0.0,0.9,79.4,79.4,79.4,79.4,1.0,0.0,16.0,1.0,0.9,4.0,7.35,10.46,7.28,12.0,3.43,8.0,0.6,0.3,0.5,-1.02,2.15,8.79,3.37,12.0,5.79,8.0,0.6,0.3,0.5,-5.02,1.38,4.28,0.26,12.0,4.86,8.0,0.6,0.3,0.5,1009.44,1020.6,1024.36,1017.97,10.0,7.35,10.0,0.6,0.3,0.5,2.0,3.5,5.1,3.4,10.0,1.8,10.0,0.6,0.3,0.5,-3.1,14.4,81.0,39.8,12.0,64.8,8.0,0.6,0.3,0.5,-40.1,8.2,33.8,-1.3,12.0,40.8,8.0,0.6,0.3,0.5,-1.57,1.5,2.57,0.87,10.0,2.62,10.0,0.6,0.3,0.5,-11.1,11.2,19.5,8.0,10.0,19.0,10.0,0.6,0.3,0.5,2.99,2.99,2.99,2.99,1.0,0.0,16.0,1.0,0.0,0.9,35.3,35.3,35.3,35.3,1.0,0.0,16.0,1.0,0.0,0.9,0.0,72.0,143.5,71.2,10.0,75.3,10.0,0.6,0.3,0.5,-83.0,45.3,74.9,9.0,10.0,78.4,10.0,0.6,0.3,0.5,84.8,84.8,84.8,84.8,1.0,0.0,16.0,1.0,0.0,0.9,30.9,30.9,30.9,30.9,1.0,0.0,16.0,1.0,0.0,0.9,33.2,33.2,33.2,33.2,1.0,0.0,16.0,1.0,0.0,0.9,12.1,12.1,12.1,12.1,1.0,0.0,16.0,1.0,0.0,0.9,64.0,406.5,1163.5,637.0,12.0,797.5,8.0,0.6,0.3,0.5,65.0,405.0,1165.0,635.0,12.0,795.0,8.0,0.6,0.3,0.5
1974,2,20.0,35.0,15.0,15.7,16.86,15.84,28.0,0.79,12.0,0.4,0.4,0.4,12.03,15.1,16.66,14.59,27.0,2.27,14.0,0.5,0.4,0.5,6.25,7.61,9.9,8.12,20.0,1.89,14.0,0.6,0.5,0.5,67.0,77.3,83.5,76.4,20.0,9.5,14.0,0.6,0.5,4.46,7.2,14.0,8.91,31.0,4.71,14.0,0.5,0.4,0.4,-13.79,-2.46,2.8,-4.11,31.0,7.17,14.0,0.5,0.4,0.4,-2.43,3.35,6.41,2.23,31.0,5.49,14.0,0.5,0.4,0.4,1008.73,1014.3,1020.54,1014.79,24.0,6.24,16.0,0.5,0.5,0.5,0.0,3.0,8.0,4.0,25.0,3.1,14.0,0.5,0.5,0.5,-193.0,-15.4,27.3,-57.3,31.0,103.4,14.0,0.5,0.4,0.4,-34.0,16.0,52.2,14.2,31.0,72.5,14.0,0.5,0.4,0.4,-0.03,1.15,3.54,1.59,24.0,1.92,14.0,0.5,0.4,0.5,0.0,8.5,41.9,16.1,20.0,21.6,16.0,0.5,0.5,0.5,1.88,3.59,4.83,3.45,18.0,1.7,14.0,0.5,0.5,0.5,13.9,24.4,47.4,30.8,17.0,22.0,14.0,0.5,0.5,0.5,-139.1,-18.5,75.0,-33.9,23.0,92.8,16.0,0.6,0.5,0.5,-14.6,64.6,121.4,54.4,23.0,83.4,16.0,0.6,0.5,0.5,-63.4,-12.5,34.5,-15.8,19.0,44.0,14.0,0.6,0.5,0.5,-16.3,36.4,65.8,28.9,19.0,42.5,14.0,0.6,0.5,0.5,-24.2,-2.6,19.0,-3.7,17.0,24.5,14.0,0.5,0.5,0.5,-8.2,13.1,20.3,2.2,17.0,29.5,14.0,0.5,0.5,0.5,89.5,373.0,2744.0,1319.0,31.0,1711.0,14.0,0.5,0.4,0.4,90.0,375.0,2745.0,1320.0,31.0,1710.0,14.0,0.5,0.4,0.4
1974,2,20.0,36.0,14.0,15.6,16.98,15.54,96.0,1.25,12.0,0.6,0.4,0.4,13.0,14.6,16.1,14.4,102.0,1.9,12.0,0.6,0.4,0.4,6.13,7.93,9.29,7.79,36.0,1.44,14.0,0.5,0.4,0.4,64.9,74.4,87.3,76.0,37.0,11.2,14.0,0.5,0.4,3.97,7.0,11.07,7.58,95.0,4.04,12.0,0.6,0.4,0.4,-2.52,2.74,7.23,1.91,95.0,5.4,12.0,0.6,0.4,0.4,-3.04,2.05,7.56,1.97,95.0,6.14,12.0,0.6,0.4,0.4,1006.54,1015.55,1023.61,1014.89,98.0,7.98,14.0,0.6,0.4,0.4,2.0,5.0,8.0,5.0,98.0,2.4,12.0,0.6,0.5,0.4,-21.9,16.2,63.8,12.9,95.0,65.3,12.0,0.6,0.4,0.4,-22.7,8.6,81.8,21.6,95.0,78.4,12.0,0.6,0.4,0.4,-0.78,1.2,2.89,1.1,96.0,2.05,12.0,0.6,0.4,0.4,-3.7,8.0,20.2,6.2,87.0,19.2,12.0,0.6,0.4,0.4,1.58,3.36,4.58,3.07,35.0,1.65,14.0,0.5,0.5,0.4,4.1,15.1,31.4,19.1,32.0,16.7,12.0,0.5,0.4,0.4,-37.9,42.8,100.3,27.5,93.0,79.2,12.0,0.6,0.4,0.4,-49.0,31.4,128.4,33.7,93.0,92.2,12.0,0.6,0.4,0.4,-21.2,10.8,43.5,11.7,33.0,39.0,14.0,0.5,0.4,0.4,-16.4,20.9,74.8,18.6,33.0,44.9,14.0,0.5,0.4,0.4,-10.2,2.6,23.3,5.7,32.0,16.4,12.0,0.5,0.4,0.4,-7.1,4.8,16.1,3.5,32.0,18.4,12.0,0.5,0.4,0.4,62.5,343.0,1356.5,844.5,95.0,1272.0,12.0,0.6,0.4,0.4,65.0,345.0,1355.0,845.0,95.0,1270.0,12.0,0.6,0.4,0.4
1974,2,20.0,37.0,13.0,15.0,16.1,14.55,19.0,1.27,10.0,0.6,0.5,0.4,12.41,14.0,15.99,13.72,20.0,2.53,12.0,0.6,0.5,0.4,5.25,6.47,8.2,6.65,8.0,1.58,8.0,0.4,0.5,0.4,57.6,65.1,82.4,69.7,8.0,15.8,8.0,0.4,0.4,2.01,4.3,9.79,5.72,20.0,4.19,12.0,0.6,0.5,0.4,-7.68,-0.86,1.92,-1.98,20.0,5.2,12.0,0.6,0.5,0.4,-2.3,0.0,5.11,0.93,20.0,4.46,12.0,0.6,0.5,0.4,1007.52,1017.4,1027.38,1016.7,20.0,8.93,12.0,0.6,0.5,0.4,2.0,4.0,6.0,3.7,20.0,2.1,12.0,0.6,0.5,0.4,-85.9,-2.0,5.8,-23.1,20.0,57.2,12.0,0.6,0.5,0.4,-16.1,0.0,34.1,7.7,20.0,43.6,12.0,0.6,0.5,0.4,-2.3,0.8,3.3,0.66,18.0,3.1,10.0,0.6,0.5,0.4,-7.2,0.0,13.3,3.1,17.0,12.9,10.0,0.5,0.5,0.4,2.24,5.67,6.1,4.2,7.0,2.3,4.0,0.3,0.5,0.3,0.7,17.0,22.1,14.5,7.0,11.4,4.0,0.3,0.5,0.3,-95.8,-19.2,22.1,-29.7,19.0,69.8,12.0,0.5,0.5,0.4,-27.9,0.0,88.1,17.2,19.0,65.5,12.0,0.5,0.5,0.4,-64.1,0.0,9.6,-20.1,8.0,43.6,8.0,0.4,0.5,0.4,-11.4,0.0,1.6,5.9,8.0,28.9,8.0,0.4,0.5,0.4,-12.7,0.0,11.0,-2.9,7.0,15.0,4.0,0.3,0.5,0.3,-13.1,0.0,3.0,-0.6,7.0,11.8,4.0,0.3,0.5,0.3,8.0,80.5,939.0,500.5,20.0,723.0,12.0,0.6,0.5,0.4,10.0,80.0,940.0,500.0,20.0,725.0,12.0,0.6,0.5,0.4
1974,2,20.0,38.0,13.0,15.0,16.0,14.58,26.0,1.41,14.0,0.6,0.4,0.4,11.48,13.0,14.52,12.74,26.0,2.25,14.0,0.6,0.4,0.4,5.89,7.4,7.58,6.77,4.0,1.5,18.0,0.5,0.4,0.4,68.5,81.3,87.1,77.9,4.0,12.6,18.0,0.5,0.4,0.81,4.6,9.8,4.86,25.0,3.85,14.0,0.6,0.4,0.4,-4.04,0.0,2.64,-0.68,25.0,4.41,14.0,0.6,0.4,0.4,-3.07,0.0,3.54,0.39,25.0,4.4,14.0,0.6,0.4,0.4,1005.48,1013.0,1019.03,1012.82,26.0,6.72,14.0,0.6,0.4,0.4,0.0,5.5,8.0,4.6,26.0,2.9,14.0,0.6,0.4,0.4,-21.6,0.0,8.5,-8.4,25.0,42.3,14.0,0.6,0.4,0.4,-14.1,0.0,20.1,1.4,25.0,43.7,14.0,0.6,0.4,0.4,-0.03,1.35,4.23,1.84,26.0,2.81,14.0,0.6,0.4,0.4,0.0,4.6,24.3,9.0,25.0,18.2,14.0,0.6,0.4,0.4,3.23,3.85,4.86,4.03,4.0,1.04,18.0,0.5,0.4,0.4,18.4,27.5,44.8,31.5,3.0,19.7,20.0,0.3,0.4,0.4,-48.9,0.0,25.5,-7.1,25.0,61.7,14.0,0.6,0.4,0.4,-29.8,0.0,45.6,4.9,25.0,59.4,14.0,0.6,0.4,0.4,-39.1,-24.3,-15.6,-27.3,3.0,17.5,20.0,0.3,0.4,0.4,-20.2,-20.0,48.1,13.1,3.0,57.7,20.0,0.3,0.4,0.4,-22.4,-13.8,-11.8,-17.0,3.0,8.3,20.0,0.3,0.4,0.4,-19.1,-9.1,28.4,4.3,3.0,36.7,20.0,0.3,0.4,0.4,1.0,97.5,941.0,351.5,25.0,589.0,14.0,0.6,0.4,0.4,0.0,95.0,940.0,350.0,25.0,590.0,14.0,0.6,0.4,0.4
1974,2,20.0,39.0,12.0,14.5,15.74,14.04,10.0,1.66,14.0,0.8,0.2,0.3,11.43,14.0,15.19,13.72,10.0,2.49,14.0,0.8,0.2,0.3,7.03,7.66,8.34,7.68,3.0,0.96,16.0,1.0,0.3,0.4,73.6,87.6,90.5,82.2,3.0,13.2,16.0,1.0,0.4,2.6,4.6,9.9,5.81,10.0,4.75,14.0,0.8,0.2,0.3,-6.23,-2.06,1.14,-1.77,10.0,4.45,14.0,0.8,0.2,0.3,-0.85,1.83,3.61,0.85,10.0,6.0,14.0,0.8,0.2,0.3,1006.04,1010.95,1019.89,1012.5,10.0,6.89,14.0,0.8,0.2,0.3,0.0,5.0,7.6,4.2,10.0,3.3,14.0,0.8,0.2,0.3,-42.2,-5.3,3.0,-6.8,10.0,51.0,14.0,0.8,0.2,0.3,-3.1,4.8,18.7,-1.9,10.0,81.9,14.0,0.8,0.2,0.3,-1.57,1.15,2.0,0.32,10.0,2.73,14.0,0.8,0.2,0.3,-6.1,1.3,14.0,6.2,10.0,22.8,14.0,0.8,0.2,0.3,2.46,3.71,4.04,3.26,3.0,1.22,16.0,1.0,0.3,0.4,25.0,51.7,55.4,40.5,3.0,24.3,16.0,1.0,0.3,0.4,-86.1,-25.1,15.9,-28.6,10.0,61.8,14.0,0.8,0.2,0.3,-12.8,25.6,42.0,13.0,10.0,76.4,14.0,0.8,0.2,0.3,-50.3,-41.4,27.1,-12.3,3.0,62.1,16.0,1.0,0.3,0.4,-63.5,19.8,55.3,-3.5,3.0,89.3,16.0,1.0,0.3,0.4,-21.4,-11.8,15.7,-3.0,3.0,28.2,16.0,1.0,0.3,0.4,-32.4,4.3,31.9,-0.1,3.0,47.3,16.0,1.0,0.3,0.4,17.5,97.5,1192.5,636.0,10.0,1200.0,14.0,0.8,0.2,0.3,20.0,95.0,1195.0,635.0,10.0,1200.0,14.0,0.8,0.2,0.3
1974,2,20.0,55.0,,,,,,,,,,,,,,,,,,,,,,,,,,,,,,,,,,,,,,,,0.0,5.0,6.0,3.96,25.0,2.82,22.0,0.5,0.1,0.6,-4.7,-2.0,0.0,-2.14,25.0,2.59,22.0,0.5,0.1,0.6,-4.74,0.0,1.08,-1.52,25.0,3.22,22.0,0.5,0.1,0.6,1014.37,1019.1,1033.98,1023.69,25.0,9.46,22.0,0.5,0.1,0.6,,,,,,,,,,,,,,,,,,,,,,,,,,,,,,,,,,,,,,,,,,,,,,,,,,,,,,,,,,,,,,,,,,,,,,,,,,,,,,,,,,,,,,,,,,,,,,,,,,,,,,,,,,,,,,,,,,,,,,,,,,,,,,,,,,,,,,,,,,,,,,,,,,,,,,
1974,2,20.0,56.0,,,,,,,,,,,,,,,,,,,,,,,,,,,,,,,,,,,,,,,,4.27,6.0,9.29,7.0,5.0,4.64,14.0,0.0,0.4,0.5,-7.1,-4.7,-3.11,-5.02,5.0,3.25,14.0,0.0,0.4,0.5,1.93,2.95,6.64,4.41,5.0,4.04,14.0,0.0,0.4,0.5,983.48,1016.2,1023.17,1005.88,5.0,24.77,14.0,0.0,0.4,0.5,,,,,,,,,,,,,,,,,,,,,,,,,,,,,,,,,,,,,,,,,,,,,,,,,,,,,,,,,,,,,,,,,,,,,,,,,,,,,,,,,,,,,,,,,,,,,,,,,,,,,,,,,,,,,,,,,,,,,,,,,,,,,,,,,,,,,,,,,,,,,,,,,,,,,,
1974,2,20.0,57.0,,,,,,,,,,,,,,,,,,,,,,,,,,,,,,,,,,,,,,,,0.65,4.5,11.35,5.71,24.0,4.49,18.0,0.4,0.3,0.3,-2.6,0.43,3.16,0.66,24.0,4.13,18.0,0.4,0.3,0.3,0.0,2.3,9.64,4.29,24.0,4.18,18.0,0.4,0.3,0.3,1000.7,1021.4,1040.68,1021.56,25.0,17.26,18.0,0.4,0.4,0.3,,,,,,,,,,,,,,,,,,,,,,,,,,,,,,,,,,,,,,,,,,,,,,,,,,,,,,,,,,,,,,,,,,,,,,,,,,,,,,,,,,,,,,,,,,,,,,,,,,,,,,,,,,,,,,,,,,,,,,,,,,,,,,,,,,,,,,,,,,,,,,,,,,,,,,
1974,2,20.0,58.0,,,,,,,,,,,,,,,,,,,,,,,,,,,,,,,,,,,,,,,,3.0,7.0,11.0,7.11,27.0,4.34,18.0,0.4,0.4,0.3,-2.3,0.52,6.03,1.2,27.0,5.36,18.0,0.4,0.4,0.3,-1.67,3.5,8.45,3.39,27.0,5.4,18.0,0.4,0.4,0.3,992.85,1015.0,1038.39,1015.34,29.0,20.41,18.0,0.4,0.4,0.3,,,,,,,,,,,,,,,,,,,,,,,,,,,,,,,,,,,,,,,,,,,,,,,,,,,,,,,,,,,,,,,,,,,,,,,,,,,,,,,,,,,,,,,,,,,,,,,,,,,,,,,,,,,,,,,,,,,,,,,,,,,,,,,,,,,,,,,,,,,,,,,,,,,,,,
1974,2,20.0,59.0,2.27,3.0,3.68,2.9,5.0,1.14,10.0,0.4,0.1,0.4,1.13,1.6,2.67,1.9,5.0,1.0,10.0,0.4,0.1,0.4,4.38,4.38,4.38,4.38,1.0,0.0,4.0,0.0,0.0,0.5,98.6,98.6,98.6,98.6,1.0,0.0,4.0,0.0,0.5,3.27,6.0,6.81,5.14,5.0,2.11,10.0,0.4,0.1,0.4,-3.48,1.0,4.89,0.63,5.0,4.83,10.0,0.4,0.1,0.4,-1.94,1.73,4.07,1.16,5.0,3.46,10.0,0.4,0.1,0.4,995.8,1013.8,1015.11,1005.16,5.0,18.8,10.0,0.4,0.1,0.4,0.6,2.0,6.1,3.3,3.0,4.2,10.0,0.3,0.1,0.3,-20.6,2.0,31.3,3.2,5.0,31.3,10.0,0.4,0.1,0.4,-12.9,3.5,21.4,4.2,5.0,22.0,10.0,0.4,0.1,0.4,-0.54,1.3,2.29,1.0,5.0,1.51,10.0,0.4,0.1,0.4,-1.5,8.7,14.8,7.4,5.0,9.2,10.0,0.4,0.1,0.4,0.49,0.49,0.49,0.49,1.0,0.0,4.0,0.0,0.0,0.5,3.3,3.3,3.3,3.3,1.0,0.0,4.0,0.0,0.0,0.5,-4.7,3.5,7.2,1.7,5.0,6.8,10.0,0.4,0.1,0.4,-2.2,5.5,8.0,3.5,5.0,6.2,10.0,0.4,0.1,0.4,18.9,18.9,18.9,18.9,1.0,0.0,4.0,0.0,0.0,0.5,22.5,22.5,22.5,22.5,1.0,0.0,4.0,0.0,0.0,0.5,2.1,2.1,2.1,2.1,1.0,0.0,4.0,0.0,0.0,0.5,2.5,2.5,2.5,2.5,1.0,0.0,4.0,0.0,0.0,0.5,43.5,216.0,316.0,186.5,5.0,146.0,10.0,0.4,0.1,0.4,45.0,215.0,315.0,185.0,5.0,145.0,10.0,0.4,0.1,0.4
1974,2,20.0,60.0,,,,,,,,,,,,,,,,,,,,,,,,,,,,,,,,,,,,,,,,5.0,5.0,5.0,5.0,1.0,0.0,16.0,0.0,0.0,0.9,-1.71,-1.71,-1.71,-1.71,1.0,0.0,16.0,0.0,0.0,0.9,4.7,4.7,4.7,4.7,1.0,0.0,16.0,0.0,0.0,0.9,1017.2,1017.2,1017.2,1017.2,1.0,0.0,16.0,0.0,0.0,0.9,,,,,,,,,,,,,,,,,,,,,,,,,,,,,,,,,,,,,,,,,,,,,,,,,,,,,,,,,,,,,,,,,,,,,,,,,,,,,,,,,,,,,,,,,,,,,,,,,,,,,,,,,,,,,,,,,,,,,,,,,,,,,,,,,,,,,,,,,,,,,,,,,,,,,,
1974,2,20.0,62.0,0.0,0.35,0.86,0.43,4.0,0.51,16.0,0.0,0.1,0.8,0.29,1.0,3.04,1.53,7.0,1.46,18.0,0.1,0.1,0.7,3.82,3.82,3.82,3.82,1.0,0.0,2.0,0.0,0.0,0.6,86.0,86.0,86.0,86.0,1.0,0.0,2.0,0.0,0.6,5.86,10.0,12.0,9.09,7.0,3.36,18.0,0.1,0.1,0.7,4.0,5.2,9.22,6.02,7.0,2.81,18.0,0.1,0.1,0.7,-7.76,2.3,8.42,1.21,7.0,7.46,18.0,0.1,0.1,0.7,999.43,1014.1,1034.76,1011.43,7.0,20.8,18.0,0.1,0.1,0.7,1.3,5.0,6.4,4.0,5.0,2.9,20.0,0.0,0.0,0.7,30.0,50.0,96.7,59.6,7.0,36.6,18.0,0.1,0.1,0.7,-86.9,6.9,91.5,10.1,7.0,83.7,18.0,0.1,0.1,0.7,-2.66,-1.2,0.05,-1.3,4.0,1.97,16.0,0.0,0.1,0.8,-30.4,-9.9,2.8,-13.6,4.0,23.6,16.0,0.0,0.1,0.8,0.2,0.2,0.2,0.2,1.0,0.0,2.0,0.0,0.0,0.6,1.9,1.9,1.9,1.9,1.0,0.0,2.0,0.0,0.0,0.6,0.6,5.2,21.3,10.9,7.0,12.9,18.0,0.1,0.1,0.7,-5.5,0.0,4.5,0.6,7.0,18.4,18.0,0.1,0.1,0.7,37.4,37.4,37.4,37.4,1.0,0.0,2.0,0.0,0.0,0.6,0.0,0.0,0.0,0.0,1.0,0.0,2.0,0.0,0.0,0.6,1.9,1.9,1.9,1.9,1.0,0.0,2.0,0.0,0.0,0.6,0.0,0.0,0.0,0.0,1.0,0.0,2.0,0.0,0.0,0.6,207.0,1000.0,1728.0,985.5,7.0,669.5,18.0,0.1,0.1,0.7,205.0,1000.0,1730.0,985.0,7.0,670.0,18.0,0.1,0.1,0.7
1974,2,20.0,63.0,-0.3,-0.3,-0.2,-0.26,5.0,0.05,8.0,0.0,0.6,0.6,-4.51,0.0,2.02,-0.79,7.0,3.49,12.0,0.1,0.5,0.5,2.16,3.27,3.63,2.97,5.0,0.8,8.0,0.0,0.6,0.6,79.8,86.4,99.0,88.1,5.0,12.0,8.0,0.0,0.6,4.89,6.35,11.05,7.45,6.0,3.22,12.0,0.2,0.5,0.4,-2.67,1.05,5.04,0.89,6.0,4.57,12.0,0.2,0.5,0.4,-2.2,2.8,6.96,1.9,6.0,7.13,12.0,0.2,0.5,0.4,1000.48,1004.2,1012.48,1005.87,7.0,11.61,12.0,0.1,0.5,0.5,3.8,7.0,8.0,6.2,6.0,2.2,12.0,0.2,0.4,0.4,-22.8,9.3,34.3,10.4,6.0,38.0,12.0,0.2,0.5,0.4,-23.7,12.3,59.4,12.8,6.0,77.3,12.0,0.2,0.5,0.4,-0.67,-0.2,4.98,1.74,5.0,3.4,8.0,0.0,0.6,0.6,-4.4,11.3,47.9,21.3,4.0,35.2,6.0,0.0,0.6,0.6,0.1,0.46,1.61,0.78,5.0,0.83,8.0,0.0,0.6,0.6,0.3,5.7,13.3,6.8,4.0,7.8,6.0,0.0,0.6,0.6,4.6,9.9,17.1,10.9,6.0,8.7,12.0,0.2,0.5,0.4,0.0,7.1,35.6,18.8,6.0,28.1,12.0,0.2,0.5,0.4,-8.4,-4.8,6.9,-0.9,4.0,12.3,6.0,0.0,0.6,0.6,-12.6,3.1,10.6,-0.8,4.0,16.6,6.0,0.0,0.6,0.6,-6.8,-1.3,0.5,-3.1,4.0,5.2,6.0,0.0,0.6,0.6,-8.3,-0.1,0.2,-3.9,4.0,7.9,6.0,0.0,0.6,0.6,119.5,264.0,1356.5,619.5,6.0,699.0,12.0,0.2,0.5,0.4,120.0,265.0,1355.0,620.0,6.0,700.0,12.0,0.2,0.5,0.4
1974,2,20.0,70.0,4.0,4.7,5.88,4.75,11.0,1.18,14.0,0.2,0.5,0.7,-3.62,0.0,4.45,0.18,11.0,4.35,14.0,0.2,0.5,0.7,3.08,3.08,3.08,3.08,1.0,0.0,8.0,0.0,0.7,0.9,100.0,100.0,100.0,100.0,1.0,0.0,8.0,0.0,0.9,6.01,10.0,16.41,11.77,11.0,6.28,14.0,0.2,0.5,0.7,-13.82,-1.06,9.5,-1.19,11.0,12.58,14.0,0.2,0.5,0.7,-2.43,2.91,7.41,2.7,11.0,4.91,14.0,0.2,0.5,0.7,995.38,1001.5,1009.74,1000.87,11.0,9.63,14.0,0.2,0.5,0.7,7.0,8.0,8.0,7.0,9.0,1.9,14.0,0.2,0.5,0.7,-204.9,-3.3,94.2,-9.2,11.0,228.3,14.0,0.2,0.5,0.7,-34.0,13.6,82.3,43.3,11.0,101.2,14.0,0.2,0.5,0.7,0.29,4.3,9.2,4.57,11.0,4.22,14.0,0.2,0.5,0.7,7.6,25.8,98.5,45.0,11.0,58.5,14.0,0.2,0.5,0.7,2.41,2.41,2.41,2.41,1.0,0.0,8.0,0.0,0.7,0.9,7.5,7.5,7.5,7.5,1.0,0.0,8.0,0.0,0.7,0.9,0.0,14.5,81.2,34.4,11.0,53.3,14.0,0.2,0.5,0.7,-10.6,0.0,18.5,6.8,11.0,28.5,14.0,0.2,0.5,0.7,-3.3,-3.3,-3.3,-3.3,1.0,0.0,8.0,0.0,0.7,0.9,9.0,9.0,9.0,9.0,1.0,0.0,8.0,0.0,0.7,0.9,-2.6,-2.6,-2.6,-2.6,1.0,0.0,8.0,0.0,0.7,0.9,7.0,7.0,7.0,7.0,1.0,0.0,8.0,0.0,0.7,0.9,241.5,1000.0,4433.5,3024.0,11.0,4495.5,14.0,0.2,0.5,0.7,240.0,1000.0,4435.0,3025.0,11.0,4495.0,14.0,0.2,0.5,0.7
1974,2,20.0,71.0,,,,,,,,,,,,,,,,,,,,,,,,,,,,,,,,,,,,,,,,3.0,3.0,3.0,3.0,1.0,0.0,22.0,0.0,0.0,0.2,2.82,2.82,2.82,2.82,1.0,0.0,22.0,0.0,0.0,0.2,-1.03,-1.03,-1.03,-1.03,1.0,0.0,22.0,0.0,0.0,0.2,989.9,989.9,989.9,989.9,1.0,0.0,22.0,0.0,0.0,0.2,,,,,,,,,,,,,,,,,,,,,,,,,,,,,,,,,,,,,,,,,,,,,,,,,,,,,,,,,,,,,,,,,,,,,,,,,,,,,,,,,,,,,,,,,,,,,,,,,,,,,,,,,,,,,,,,,,,,,,,,,,,,,,,,,,,,,,,,,,,,,,,,,,,,,,
1974,2,20.0,73.0,2.48,3.0,4.62,3.41,7.0,1.13,4.0,0.1,0.4,0.6,-6.4,-4.1,-1.41,-2.67,7.0,4.4,4.0,0.1,0.4,0.6,1.76,1.76,1.76,1.76,1.0,0.0,4.0,0.0,0.4,0.7,75.6,75.6,75.6,75.6,1.0,0.0,4.0,0.0,0.7,7.86,10.0,11.29,10.11,7.0,3.63,4.0,0.1,0.4,0.6,-5.46,-4.9,-2.61,-5.15,7.0,4.58,4.0,0.1,0.4,0.6,-10.02,-8.5,-7.2,-7.77,7.0,3.19,4.0,0.1,0.4,0.6,1015.88,1016.0,1017.12,1016.44,7.0,0.8,4.0,0.1,0.4,0.6,5.9,7.0,7.4,6.6,5.0,1.5,4.0,0.2,0.5,0.6,-59.6,-41.4,-20.8,-62.3,7.0,84.7,4.0,0.1,0.4,0.6,-115.2,-86.6,-57.5,-84.6,7.0,44.2,4.0,0.1,0.4,0.6,3.46,6.6,10.45,6.09,7.0,5.04,4.0,0.1,0.4,0.6,49.5,66.0,91.0,64.5,7.0,40.8,4.0,0.1,0.4,0.6,3.61,3.61,3.61,3.61,1.0,0.0,4.0,0.0,0.4,0.7,35.4,35.4,35.4,35.4,1.0,0.0,4.0,0.0,0.4,0.7,-1.5,17.5,26.7,10.3,7.0,21.3,4.0,0.1,0.4,0.6,14.3,35.5,48.4,30.3,7.0,21.3,4.0,0.1,0.4,0.6,-8.6,-8.6,-8.6,-8.6,1.0,0.0,4.0,0.0,0.4,0.7,-15.0,-15.0,-15.0,-15.0,1.0,0.0,4.0,0.0,0.4,0.7,-17.7,-17.7,-17.7,-17.7,1.0,0.0,4.0,0.0,0.4,0.7,-30.7,-30.7,-30.7,-30.7,1.0,0.0,4.0,0.0,0.4,0.7,493.5,1000.0,1502.0,1403.0,7.0,1596.5,4.0,0.1,0.4,0.6,495.0,1000.0,1500.0,1405.0,7.0,1595.0,4.0,0.1,0.4,0.6
1974,2,21.0,-70.0,1.22,1.25,1.28,1.25,2.0,0.07,10.0,1.0,0.4,0.6,-1.15,-1.05,-0.95,-1.05,2.0,0.21,10.0,1.0,0.4,0.6,3.49,3.49,3.49,3.49,1.0,0.0,10.0,1.0,0.5,0.6,94.3,94.3,94.3,94.3,1.0,0.0,10.0,1.0,0.6,14.98,15.15,15.32,15.15,2.0,0.35,10.0,1.0,0.4,0.6,-13.97,-13.54,-13.11,-13.54,2.0,0.9,10.0,1.0,0.4,0.6,6.24,6.73,7.22,6.73,2.0,1.01,10.0,1.0,0.4,0.6,967.52,968.0,968.48,968.0,2.0,0.99,10.0,1.0,0.4,0.6,8.0,8.0,8.0,8.0,1.0,0.0,10.0,1.0,0.5,0.6,-214.2,-205.3,-196.4,-205.3,2.0,18.4,10.0,1.0,0.4,0.6,95.6,101.8,108.1,101.8,2.0,13.0,10.0,1.0,0.4,0.6,2.16,2.3,2.44,2.3,2.0,0.28,10.0,1.0,0.4,0.6,32.4,34.9,37.4,34.9,2.0,5.1,10.0,1.0,0.4,0.6,0.82,0.82,0.82,0.82,1.0,0.0,10.0,1.0,0.5,0.6,12.3,12.3,12.3,12.3,1.0,0.0,10.0,1.0,0.5,0.6,12.5,14.3,16.2,14.3,2.0,3.8,10.0,1.0,0.4,0.6,-7.1,-7.0,-6.8,-7.0,2.0,0.4,10.0,1.0,0.4,0.6,-45.1,-45.1,-45.1,-45.1,1.0,0.0,10.0,1.0,0.5,0.6,26.0,26.0,26.0,26.0,1.0,0.0,10.0,1.0,0.5,0.6,-10.6,-10.6,-10.6,-10.6,1.0,0.0,10.0,1.0,0.5,0.6,6.1,6.1,6.1,6.1,1.0,0.0,10.0,1.0,0.5,0.6,3362.5,3480.0,3597.5,3480.0,2.0,243.5,10.0,1.0,0.4,0.6,3365.0,3480.0,3600.0,3480.0,2.0,245.0,10.0,1.0,0.4,0.6
1974,2,21.0,-67.0,,,,,,,,,,,,,,,,,,,,,,,,,,,,,,,,,,,,,,,,8.7,8.7,8.7,8.7,1.0,0.0,24.0,0.0,0.9,0.3,-8.57,-8.57,-8.57,-8.57,1.0,0.0,24.0,0.0,0.9,0.3,-1.51,-1.51,-1.51,-1.51,1.0,0.0,24.0,0.0,0.9,0.3,974.5,974.5,974.5,974.5,1.0,0.0,24.0,0.0,0.9,0.3,,,,,,,,,,,,,,,,,,,,,,,,,,,,,,,,,,,,,,,,,,,,,,,,,,,,,,,,,,,,,,,,,,,,,,,,,,,,,,,,,,,,,,,,,,,,,,,,,,,,,,,,,,,,,,,,,,,,,,,,,,,,,,,,,,,,,,,,,,,,,,,,,,,,,,
1974,2,21.0,-48.0,,,,,,,,,,,,,,,,,,,,,,,,,,,,,,,,,,,,,,,,4.6,4.6,4.6,4.6,1.0,0.0,28.0,1.0,0.2,0.6,0.0,0.0,0.0,0.0,1.0,0.0,28.0,1.0,0.2,0.6,-4.6,-4.6,-4.6,-4.6,1.0,0.0,28.0,1.0,0.2,0.6,992.29,1004.75,1017.21,1004.75,2.0,25.81,28.0,1.0,0.3,0.5,,,,,,,,,,,,,,,,,,,,,,,,,,,,,,,,,,,,,,,,,,,,,,,,,,,,,,,,,,,,,,,,,,,,,,,,,,,,,,,,,,,,,,,,,,,,,,,,,,,,,,,,,,,,,,,,,,,,,,,,,,,,,,,,,,,,,,,,,,,,,,,,,,,,,,
1974,2,21.0,-38.0,22.8,22.8,22.8,22.8,1.0,0.0,24.0,0.0,0.0,0.9,21.0,21.0,21.0,21.0,1.0,0.0,24.0,0.0,0.0,0.9,8.14,8.14,8.14,8.14,1.0,0.0,24.0,0.0,0.0,0.9,53.1,53.1,53.1,53.1,1.0,0.0,24.0,0.0,0.9,6.7,6.7,6.7,6.7,1.0,0.0,24.0,0.0,0.0,0.9,-6.7,-6.7,-6.7,-6.7,1.0,0.0,24.0,0.0,0.0,0.9,0.0,0.0,0.0,0.0,1.0,0.0,24.0,0.0,0.0,0.9,1018.9,1018.9,1018.9,1018.9,1.0,0.0,24.0,0.0,0.0,0.9,2.0,2.0,2.0,2.0,1.0,0.0,24.0,0.0,0.0,0.9,-44.9,-44.9,-44.9,-44.9,1.0,0.0,24.0,0.0,0.0,0.9,0.0,0.0,0.0,0.0,1.0,0.0,24.0,0.0,0.0,0.9,1.8,1.8,1.8,1.8,1.0,0.0,24.0,0.0,0.0,0.9,12.1,12.1,12.1,12.1,1.0,0.0,24.0,0.0,0.0,0.9,9.06,9.06,9.06,9.06,1.0,0.0,24.0,0.0,0.0,0.9,60.7,60.7,60.7,60.7,1.0,0.0,24.0,0.0,0.0,0.9,-140.7,-140.7,-140.7,-140.7,1.0,0.0,24.0,0.0,0.0,0.9,0.0,0.0,0.0,0.0,1.0,0.0,24.0,0.0,0.0,0.9,-54.5,-54.5,-54.5,-54.5,1.0,0.0,24.0,0.0,0.0,0.9,0.0,0.0,0.0,0.0,1.0,0.0,24.0,0.0,0.0,0.9,-60.7,-60.7,-60.7,-60.7,1.0,0.0,24.0,0.0,0.0,0.9,0.0,0.0,0.0,0.0,1.0,0.0,24.0,0.0,0.0,0.9,301.0,301.0,301.0,301.0,1.0,0.0,24.0,0.0,0.0,0.9,300.0,300.0,300.0,300.0,1.0,0.0,24.0,0.0,0.0,0.9
1974,2,21.0,-37.0,,,,,,,,,,,,,,,,,,,,,,,,,,,,,,,,,,,,,,,,5.0,8.0,11.97,8.56,5.0,3.88,18.0,0.6,0.6,0.6,-7.18,3.21,7.15,0.24,5.0,8.37,18.0,0.6,0.6,0.6,-4.14,2.74,5.45,1.07,5.0,5.92,18.0,0.6,0.6,0.6,1009.2,1010.5,1017.46,1013.27,3.0,6.51,14.0,0.7,0.6,0.7,1.6,3.0,4.4,3.0,5.0,1.6,18.0,0.6,0.6,0.6,-75.7,16.1,65.6,-8.0,5.0,98.0,18.0,0.6,0.6,0.6,-43.7,19.2,46.5,4.0,5.0,68.0,18.0,0.6,0.6,0.6,,,,,,,,,,,,,,,,,,,,,,,,,,,,,,,,,,,,,,,,,125.0,125.0,125.0,125.0,1.0,0.0,26.0,0.0,0.9,1.0,148.9,148.9,148.9,148.9,1.0,0.0,26.0,0.0,0.9,1.0,72.9,72.9,72.9,72.9,1.0,0.0,26.0,0.0,0.9,1.0,86.9,86.9,86.9,86.9,1.0,0.0,26.0,0.0,0.9,1.0,,,,,,,,,,,,,,,,,,,,,,,,,,,,,,,,,,,,,,,,
1974,2,21.0,-36.0,20.56,21.0,22.89,21.48,8.0,1.62,14.0,0.4,0.4,0.7,18.73,21.0,23.03,20.81,9.0,2.14,16.0,0.3,0.4,0.7,11.29,11.93,13.88,12.2,7.0,1.88,14.0,0.4,0.5,0.7,73.2,77.4,89.0,79.8,7.0,8.8,14.0,0.4,0.7,5.0,7.1,12.86,8.06,14.0,4.72,14.0,0.4,0.4,0.7,-11.95,0.05,4.97,-1.72,14.0,8.17,14.0,0.4,0.4,0.7,0.05,2.17,5.99,1.95,14.0,4.28,14.0,0.4,0.4,0.7,1010.25,1015.0,1021.17,1015.65,14.0,6.08,14.0,0.4,0.4,0.7,2.9,6.0,8.0,5.5,13.0,2.7,14.0,0.4,0.4,0.7,-144.8,0.2,33.0,-26.6,14.0,107.6,14.0,0.4,0.4,0.7,0.0,19.0,41.6,6.6,14.0,51.8,14.0,0.4,0.4,0.7,-0.56,0.55,2.16,0.41,8.0,1.66,14.0,0.4,0.4,0.7,-3.9,2.0,10.4,-0.2,8.0,15.0,14.0,0.4,0.4,0.7,1.28,3.06,4.82,3.19,6.0,1.97,12.0,0.5,0.5,0.7,7.5,22.9,33.1,22.9,6.0,15.7,12.0,0.5,0.5,0.7,-289.1,-13.2,182.6,-56.2,9.0,220.4,16.0,0.3,0.4,0.7,-96.1,39.4,113.1,16.6,9.0,103.6,16.0,0.3,0.4,0.7,-166.5,14.3,100.3,-7.5,7.0,125.6,14.0,0.4,0.5,0.7,-5.3,22.4,60.7,16.9,7.0,63.4,14.0,0.4,0.5,0.7,-19.1,0.6,14.7,2.0,6.0,25.7,12.0,0.5,0.5,0.7,-2.1,4.8,12.6,6.1,6.0,12.8,12.0,0.5,0.5,0.7,125.0,358.0,2128.5,1050.5,14.0,1365.5,14.0,0.4,0.4,0.7,125.0,360.0,2130.0,1050.0,14.0,1365.0,14.0,0.4,0.4,0.7
1974,2,21.0,-35.0,20.0,21.0,21.6,20.8,73.0,1.28,14.0,0.6,0.4,0.2,20.11,21.0,22.8,21.38,77.0,1.53,14.0,0.6,0.4,0.2,10.96,12.85,14.53,12.63,73.0,1.85,14.0,0.6,0.4,0.2,69.5,81.3,88.9,79.5,73.0,9.7,14.0,0.6,0.2,2.78,6.7,10.3,6.92,92.0,3.74,14.0,0.6,0.4,0.2,-7.82,-1.32,5.69,-1.28,92.0,6.76,14.0,0.6,0.4,0.2,0.0,1.57,4.85,1.98,92.0,3.32,14.0,0.6,0.4,0.2,1007.6,1014.1,1018.32,1013.38,91.0,4.95,14.0,0.6,0.4,0.2,1.0,3.0,7.0,3.7,89.0,2.9,14.0,0.6,0.4,0.2,-74.3,-3.3,40.4,-12.6,92.0,73.8,14.0,0.6,0.4,0.2,0.0,7.3,32.3,16.1,92.0,38.6,14.0,0.6,0.4,0.2,-2.21,-0.2,0.86,-0.57,73.0,1.89,14.0,0.6,0.4,0.2,-15.9,-0.9,6.6,-3.7,73.0,14.5,14.0,0.6,0.4,0.2,0.76,2.35,4.87,2.73,69.0,2.01,14.0,0.6,0.4,0.2,4.5,15.7,42.1,21.4,69.0,19.7,14.0,0.6,0.4,0.2,-184.7,-35.2,129.7,-33.2,77.0,151.8,14.0,0.6,0.4,0.2,0.0,29.9,103.5,41.2,77.0,74.0,14.0,0.6,0.4,0.2,-106.2,-19.7,75.6,-19.7,73.0,91.5,14.0,0.6,0.4,0.2,0.0,16.2,59.8,22.3,73.0,42.2,14.0,0.6,0.4,0.2,-22.4,0.0,15.2,-2.2,69.0,23.4,14.0,0.6,0.4,0.2,-0.1,2.5,18.6,8.2,69.0,15.2,14.0,0.6,0.4,0.2,21.5,301.0,1092.5,637.5,92.0,861.0,14.0,0.6,0.4,0.2,20.0,300.0,1095.0,640.0,92.0,860.0,14.0,0.6,0.4,0.2
1974,2,21.0,33.0,,,,,,,,,,,,,,,,,,,,,,,,,,,,,,,,,,,,,,,,4.9,7.0,8.22,6.64,5.0,2.52,14.0,0.8,0.6,0.6,-2.28,1.93,3.85,0.74,5.0,4.26,14.0,0.8,0.6,0.6,-5.88,-2.3,4.84,-0.99,5.0,6.43,14.0,0.8,0.6,0.6,1016.88,1020.3,1023.04,1020.12,5.0,4.75,14.0,0.8,0.6,0.6,,,,,,,,,,,,,,,,,,,,,,,,,,,,,,,,,,,,,,,,,,,,,,,,,,,,,,,,,,,,,,,,,,,,,,,,,,,,,,,,,,,,,,,,,,,,,,,,,,,,,,,,,,,,,,,,,,,,,,,,,,,,,,,,,,,,,,,,,,,,,,,,,,,,,,
1974,2,21.0,34.0,14.0,16.0,16.15,15.47,7.0,1.19,12.0,0.4,0.6,0.3,14.65,15.7,16.68,15.79,7.0,1.49,12.0,0.4,0.6,0.3,6.57,8.02,9.46,8.02,2.0,3.0,14.0,0.5,0.4,0.3,52.2,66.0,79.8,66.0,2.0,28.7,14.0,0.5,0.3,3.81,7.7,11.0,7.31,7.0,4.1,12.0,0.4,0.6,0.3,2.51,7.07,7.32,5.34,7.0,3.33,12.0,0.4,0.6,0.3,-8.43,-3.52,0.07,-3.75,7.0,4.29,12.0,0.4,0.6,0.3,1010.17,1015.4,1021.59,1014.96,8.0,7.28,12.0,0.5,0.6,0.3,4.0,5.5,7.8,5.1,8.0,2.6,12.0,0.5,0.6,0.3,14.3,51.8,78.8,48.9,7.0,37.9,12.0,0.4,0.6,0.3,-92.7,-36.3,0.3,-38.8,7.0,43.0,12.0,0.4,0.6,0.3,-0.87,-0.2,1.4,-0.31,7.0,1.96,12.0,0.4,0.6,0.3,-8.9,0.0,6.4,-2.9,7.0,15.4,12.0,0.4,0.6,0.3,1.68,2.59,3.5,2.59,2.0,1.89,14.0,0.5,0.4,0.3,15.7,21.6,27.5,21.6,2.0,12.3,14.0,0.5,0.4,0.3,45.9,96.2,113.3,82.7,7.0,51.8,12.0,0.4,0.6,0.3,-124.3,-58.5,1.0,-58.3,7.0,66.0,12.0,0.4,0.6,0.3,28.6,56.8,85.0,56.8,2.0,58.4,14.0,0.5,0.4,0.3,-41.5,-39.2,-36.8,-39.2,2.0,4.9,14.0,0.5,0.4,0.3,10.6,11.2,11.8,11.2,2.0,1.3,14.0,0.5,0.4,0.3,-24.6,-16.4,-8.2,-16.4,2.0,17.0,14.0,0.5,0.4,0.3,61.0,456.5,1331.0,664.0,7.0,577.5,12.0,0.4,0.6,0.3,60.0,455.0,1330.0,665.0,7.0,580.0,12.0,0.4,0.6,0.3
1974,2,21.0,35.0,15.0,16.2,16.96,16.15,27.0,1.09,14.0,0.4,0.5,0.5,13.2,15.6,16.7,15.25,29.0,1.77,14.0,0.4,0.5,0.5,6.98,8.83,10.02,8.53,22.0,1.63,14.0,0.4,0.5,0.5,67.2,78.5,91.7,77.5,22.0,13.3,14.0,0.4,0.5,6.7,10.55,14.0,10.35,32.0,3.78,14.0,0.4,0.5,0.5,-11.74,0.71,7.04,-1.75,32.0,8.68,14.0,0.4,0.5,0.5,-4.35,1.38,9.02,1.84,32.0,6.54,14.0,0.4,0.5,0.5,1006.53,1010.7,1016.76,1012.01,29.0,5.41,14.0,0.4,0.5,0.5,2.0,5.0,7.0,4.6,28.0,2.7,14.0,0.4,0.5,0.5,-150.1,1.7,61.8,-38.6,32.0,111.0,14.0,0.4,0.5,0.5,-48.7,4.3,110.2,17.7,32.0,83.6,14.0,0.4,0.5,0.5,-1.09,0.5,2.72,0.82,27.0,2.0,14.0,0.4,0.5,0.5,-12.3,2.9,23.2,10.8,26.0,29.9,14.0,0.4,0.5,0.5,1.19,3.13,4.41,2.93,21.0,1.67,14.0,0.4,0.5,0.5,8.3,24.7,53.6,29.5,20.0,23.0,14.0,0.4,0.5,0.6,-122.7,24.3,108.6,4.7,28.0,115.2,14.0,0.4,0.5,0.5,-52.3,37.2,164.5,46.4,28.0,101.1,14.0,0.4,0.5,0.5,-65.8,12.7,57.9,-2.3,21.0,62.7,14.0,0.4,0.5,0.5,-23.4,38.1,84.8,33.4,21.0,52.1,14.0,0.4,0.5,0.5,-16.4,3.4,26.9,2.3,20.0,30.6,14.0,0.4,0.5,0.6,-13.9,7.2,26.0,6.0,20.0,21.5,14.0,0.4,0.5,0.6,301.0,1176.0,2744.0,1530.0,32.0,1371.5,14.0,0.4,0.5,0.5,300.0,1175.0,2745.0,1530.0,32.0,1370.0,14.0,0.4,0.5,0.5
1974,2,21.0,36.0,14.0,15.9,17.0,15.44,72.0,1.5,16.0,0.5,0.4,0.4,13.0,14.7,16.0,14.25,75.0,1.79,14.0,0.4,0.4,0.4,6.05,7.41,9.18,7.45,21.0,1.43,14.0,0.3,0.5,0.4,65.3,72.0,86.1,73.4,21.0,11.4,14.0,0.3,0.4,2.6,7.0,11.98,7.43,71.0,4.71,14.0,0.5,0.4,0.4,-6.89,0.0,6.86,-0.1,71.0,6.99,14.0,0.5,0.4,0.4,-4.43,0.45,5.69,0.6,71.0,5.37,14.0,0.5,0.4,0.4,1007.1,1017.6,1021.78,1015.45,75.0,7.93,14.0,0.4,0.4,0.4,1.0,5.0,7.0,4.1,69.0,2.5,14.0,0.5,0.4,0.4,-61.0,0.0,63.1,-3.1,71.0,95.8,14.0,0.5,0.4,0.4,-39.5,0.9,42.9,5.9,71.0,68.2,14.0,0.5,0.4,0.4,-1.0,1.0,3.51,1.2,70.0,2.39,14.0,0.5,0.4,0.4,-5.1,4.5,26.8,9.0,63.0,21.3,14.0,0.4,0.4,0.4,0.69,3.81,5.18,3.39,20.0,1.94,14.0,0.4,0.5,0.4,3.4,17.3,39.7,20.5,19.0,19.3,14.0,0.3,0.5,0.4,-85.6,6.2,101.5,4.8,68.0,96.1,14.0,0.4,0.4,0.4,-50.2,8.5,76.2,11.0,68.0,75.9,14.0,0.4,0.4,0.4,-37.4,-5.8,65.0,3.6,20.0,43.8,14.0,0.3,0.5,0.4,0.0,16.2,44.3,14.6,20.0,51.9,14.0,0.3,0.5,0.4,-15.2,-0.1,13.3,-0.3,19.0,22.9,14.0,0.3,0.5,0.4,-0.1,4.9,16.8,5.7,19.0,16.1,14.0,0.3,0.5,0.4,17.5,343.0,1718.5,962.5,71.0,1632.5,14.0,0.5,0.4,0.4,20.0,345.0,1720.0,960.0,71.0,1635.0,14.0,0.5,0.4,0.4
1974,2,21.0,37.0,13.95,15.0,15.99,15.19,7.0,1.51,18.0,0.3,0.2,0.1,11.11,13.4,14.89,13.16,8.0,1.9,16.0,0.4,0.1,0.2,6.76,7.57,8.18,7.47,4.0,0.84,20.0,0.5,0.1,0.3,71.4,84.0,87.3,79.6,4.0,12.2,20.0,0.5,0.3,1.07,4.6,7.43,5.14,9.0,3.98,16.0,0.4,0.1,0.2,-4.47,-1.57,0.0,-1.87,9.0,2.78,16.0,0.4,0.1,0.2,-1.08,0.8,7.32,2.78,9.0,5.03,16.0,0.4,0.1,0.2,1002.93,1011.0,1016.53,1010.74,9.0,7.66,16.0,0.4,0.1,0.2,1.5,4.0,8.0,4.7,9.0,3.2,16.0,0.4,0.1,0.2,-26.7,-5.9,0.0,-14.5,9.0,28.8,16.0,0.4,0.1,0.2,-2.5,3.7,54.7,28.9,9.0,50.2,16.0,0.4,0.1,0.2,-0.52,2.0,2.86,1.64,7.0,1.78,18.0,0.3,0.2,0.1,-2.5,6.0,21.8,7.7,7.0,12.4,18.0,0.3,0.2,0.1,2.96,3.07,5.18,4.04,3.0,1.83,22.0,0.3,0.1,0.1,9.6,14.1,36.8,23.0,3.0,21.4,22.0,0.3,0.1,0.1,-67.2,-25.6,0.0,-28.3,8.0,35.8,16.0,0.4,0.1,0.2,-15.4,40.2,111.8,40.0,8.0,65.1,16.0,0.4,0.1,0.2,-41.3,-27.6,-8.8,-25.2,4.0,20.2,20.0,0.5,0.1,0.3,-2.5,28.3,65.1,31.1,4.0,40.7,20.0,0.5,0.1,0.3,-11.6,-6.5,-2.1,-6.8,3.0,7.0,22.0,0.3,0.1,0.1,-1.8,2.5,33.1,15.4,3.0,27.9,22.0,0.3,0.1,0.1,5.0,97.5,414.5,379.5,9.0,682.0,16.0,0.4,0.1,0.2,5.0,95.0,415.0,380.0,9.0,680.0,16.0,0.4,0.1,0.2
1974,2,21.0,38.0,13.0,15.0,15.09,14.22,14.0,1.43,14.0,0.4,0.3,0.4,10.0,11.25,13.99,11.6,14.0,1.93,14.0,0.4,0.3,0.4,7.79,7.79,7.79,7.79,1.0,0.0,16.0,0.0,0.0,0.3,78.9,78.9,78.9,78.9,1.0,0.0,16.0,0.0,0.3,2.6,4.6,7.04,5.19,13.0,3.5,14.0,0.4,0.3,0.4,-5.13,-1.67,3.6,-0.42,13.0,4.37,14.0,0.4,0.3,0.4,-4.39,0.0,3.01,-0.7,13.0,4.65,14.0,0.4,0.3,0.4,1008.78,1011.75,1016.47,1013.16,14.0,4.6,14.0,0.4,0.3,0.4,2.0,4.5,7.0,4.4,14.0,2.8,14.0,0.4,0.3,0.4,-35.4,-4.3,17.4,0.6,13.0,39.8,14.0,0.4,0.3,0.4,-29.4,0.0,13.9,-6.9,13.0,47.3,14.0,0.4,0.3,0.4,1.01,2.5,4.94,2.62,14.0,1.83,14.0,0.4,0.3,0.4,2.4,12.4,27.4,15.6,13.0,18.2,14.0,0.4,0.3,0.4,2.9,2.9,2.9,2.9,1.0,0.0,16.0,0.0,0.0,0.3,29.9,29.9,29.9,29.9,1.0,0.0,16.0,0.0,0.0,0.3,-53.3,-16.7,43.7,-7.5,13.0,47.9,14.0,0.4,0.3,0.4,-49.5,0.0,41.8,-2.7,13.0,52.9,14.0,0.4,0.3,0.4,-40.1,-40.1,-40.1,-40.1,1.0,0.0,16.0,0.0,0.0,0.3,69.5,69.5,69.5,69.5,1.0,0.0,16.0,0.0,0.0,0.3,-14.9,-14.9,-14.9,-14.9,1.0,0.0,16.0,0.0,0.0,0.3,25.9,25.9,25.9,25.9,1.0,0.0,16.0,0.0,0.0,0.3,17.5,97.5,376.5,346.5,13.0,615.5,14.0,0.4,0.3,0.4,20.0,95.0,375.0,345.0,13.0,615.0,14.0,0.4,0.3,0.4
1974,2,21.0,39.0,,,,,,,,,,,,,,,,,,,,,,,,,,,,,,,,,,,,,,,,6.7,6.7,6.7,6.7,1.0,0.0,20.0,1.0,0.1,0.1,-5.8,-5.8,-5.8,-5.8,1.0,0.0,20.0,1.0,0.1,0.1,3.35,3.35,3.35,3.35,1.0,0.0,20.0,1.0,0.1,0.1,1010.9,1010.9,1010.9,1010.9,1.0,0.0,20.0,1.0,0.1,0.1,,,,,,,,,,,,,,,,,,,,,,,,,,,,,,,,,,,,,,,,,,,,,,,,,,,,,,,,,,,,,,,,,,,,,,,,,,,,,,,,,,,,,,,,,,,,,,,,,,,,,,,,,,,,,,,,,,,,,,,,,,,,,,,,,,,,,,,,,,,,,,,,,,,,,,
1974,2,21.0,57.0,,,,,,,,,,,,,,,,,,,,,,,,,,,,,,,,,,,,,,,,2.0,5.0,8.3,5.45,11.0,4.23,18.0,0.6,0.2,0.5,-4.52,-1.37,3.97,-1.04,11.0,4.77,18.0,0.6,0.2,0.5,-0.96,2.0,5.23,2.75,11.0,4.28,18.0,0.6,0.2,0.5,995.33,1029.75,1040.55,1020.86,12.0,21.42,18.0,0.6,0.2,0.5,,,,,,,,,,,,,,,,,,,,,,,,,,,,,,,,,,,,,,,,,,,,,,,,,,,,,,,,,,,,,,,,,,,,,,,,,,,,,,,,,,,,,,,,,,,,,,,,,,,,,,,,,,,,,,,,,,,,,,,,,,,,,,,,,,,,,,,,,,,,,,,,,,,,,,
1974,2,21.0,58.0,,,,,,,,,,,,,,,,,,,,,,,,,,,,,,,,,,,,,,,,3.06,7.0,8.94,6.49,11.0,3.07,16.0,0.3,0.3,0.7,-2.97,1.99,6.15,1.4,11.0,5.12,16.0,0.3,0.3,0.7,2.59,3.91,6.53,4.15,11.0,2.91,16.0,0.3,0.3,0.7,1006.33,1017.1,1038.62,1018.72,14.0,20.38,16.0,0.2,0.3,0.6,,,,,,,,,,,,,,,,,,,,,,,,,,,,,,,,,,,,,,,,,,,,,,,,,,,,,,,,,,,,,,,,,,,,,,,,,,,,,,,,,,,,,,,,,,,,,,,,,,,,,,,,,,,,,,,,,,,,,,,,,,,,,,,,,,,,,,,,,,,,,,,,,,,,,,
1974,2,21.0,59.0,,,,,,,,,,,,,,,,,,,,,,,,,,,,,,,,,,,,,,,,4.11,5.0,6.78,5.75,8.0,4.23,18.0,0.1,0.4,0.1,-3.91,-2.11,-0.19,-2.31,8.0,1.87,18.0,0.1,0.4,0.1,0.42,4.41,4.7,4.63,8.0,4.65,18.0,0.1,0.4,0.1,1010.64,1012.25,1029.55,1015.46,8.0,12.47,18.0,0.1,0.4,0.1,,,,,,,,,,,,,,,,,,,,,,,,,,,,,,,,,,,,,,,,,,,,,,,,,,,,,,,,,,,,,,,,,,,,,,,,,,,,,,,,,,,,,,,,,,,,,,,,,,,,,,,,,,,,,,,,,,,,,,,,,,,,,,,,,,,,,,,,,,,,,,,,,,,,,,
1974,2,21.0,63.0,-0.4,-0.4,-0.3,-0.36,8.0,0.05,10.0,0.1,0.2,0.7,-5.61,-2.0,0.0,-2.63,9.0,2.54,10.0,0.1,0.3,0.8,2.14,2.69,3.77,2.75,8.0,0.95,10.0,0.1,0.2,0.7,74.8,85.7,98.8,82.2,8.0,18.4,10.0,0.1,0.7,8.7,11.3,12.78,10.91,8.0,2.04,12.0,0.1,0.3,0.8,0.25,4.81,7.44,4.97,8.0,4.53,12.0,0.1,0.3,0.8,-3.6,6.13,11.06,3.91,8.0,8.6,12.0,0.1,0.3,0.8,981.56,992.9,1001.83,991.39,9.0,10.62,10.0,0.1,0.3,0.8,6.8,8.0,8.0,7.0,7.0,2.2,12.0,0.1,0.2,0.7,3.2,48.1,64.7,54.9,8.0,60.1,12.0,0.1,0.3,0.8,-29.9,53.3,129.3,40.6,8.0,101.4,12.0,0.1,0.3,0.8,-0.39,1.55,5.56,2.1,8.0,2.67,10.0,0.1,0.2,0.7,-4.3,13.1,25.6,14.1,7.0,20.7,12.0,0.1,0.2,0.7,-0.03,1.1,1.58,1.01,8.0,0.94,10.0,0.1,0.2,0.7,-1.0,7.9,18.3,9.1,7.0,9.3,12.0,0.1,0.2,0.7,-26.7,-11.3,0.0,-13.2,8.0,13.5,12.0,0.1,0.3,0.8,-16.4,0.0,7.0,-0.7,8.0,25.9,12.0,0.1,0.3,0.8,0.0,15.4,22.3,13.4,7.0,12.5,12.0,0.1,0.2,0.7,5.1,13.9,41.7,19.6,7.0,21.6,12.0,0.1,0.2,0.7,0.0,6.8,15.3,6.9,7.0,7.5,12.0,0.1,0.2,0.7,-1.3,3.1,7.7,3.9,7.0,7.4,12.0,0.1,0.2,0.7,658.5,1451.5,2091.0,1419.0,8.0,755.5,12.0,0.1,0.3,0.8,660.0,1450.0,2090.0,1420.0,8.0,755.0,12.0,0.1,0.3,0.8
1974,2,21.0,64.0,-0.4,-0.3,-0.2,-0.22,32.0,0.33,12.0,0.2,0.7,0.5,-9.84,-4.4,0.0,-4.54,49.0,4.03,12.0,0.3,0.7,0.5,2.24,2.81,3.26,2.72,19.0,0.6,12.0,0.2,0.7,0.4,84.9,89.5,98.7,89.1,19.0,9.0,12.0,0.2,0.4,3.67,7.2,10.66,7.46,46.0,3.48,12.0,0.2,0.7,0.5,-2.72,0.7,5.33,1.16,46.0,4.14,12.0,0.2,0.7,0.5,-9.6,-1.96,3.93,-2.41,46.0,6.68,12.0,0.2,0.7,0.5,989.63,1003.0,1014.24,1002.19,49.0,14.32,12.0,0.3,0.7,0.5,4.1,8.0,8.0,6.5,33.0,2.4,14.0,0.3,0.7,0.5,-19.9,2.0,46.7,8.1,46.0,37.1,12.0,0.2,0.7,0.5,-94.0,-7.6,24.5,-28.3,46.0,77.5,12.0,0.2,0.7,0.5,-0.2,4.5,9.52,4.22,32.0,4.05,12.0,0.2,0.7,0.5,-0.7,25.0,70.7,31.4,31.0,32.3,12.0,0.2,0.7,0.5,0.46,0.92,1.54,1.01,19.0,0.6,12.0,0.2,0.7,0.4,3.3,7.2,16.4,8.6,19.0,6.7,12.0,0.2,0.7,0.4,-11.5,0.0,18.4,1.0,46.0,19.0,12.0,0.2,0.7,0.5,-10.8,9.5,54.5,20.4,46.0,35.1,12.0,0.2,0.7,0.5,-7.2,4.0,21.4,5.8,19.0,15.0,12.0,0.2,0.7,0.4,-32.7,0.0,12.9,-3.4,19.0,21.7,12.0,0.2,0.7,0.4,-3.3,1.2,6.8,1.3,19.0,4.9,12.0,0.2,0.7,0.4,-15.4,-0.6,4.7,-4.0,19.0,9.0,12.0,0.2,0.7,0.4,50.0,373.0,1214.5,702.0,46.0,914.5,12.0,0.2,0.7,0.5,50.0,375.0,1215.0,700.0,46.0,915.0,12.0,0.2,0.7,0.5
1974,2,21.0,65.0,-0.45,-0.35,-0.3,-0.37,4.0,0.1,14.0,0.5,0.7,0.0,-11.07,-10.4,0.62,-6.18,5.0,6.45,12.0,0.6,0.7,0.1,1.94,2.62,2.91,2.43,3.0,0.73,18.0,0.7,0.7,0.1,67.2,80.2,93.2,80.2,3.0,19.1,18.0,0.7,0.1,5.8,8.7,11.3,8.74,5.0,3.44,12.0,0.6,0.7,0.1,-3.26,4.42,5.45,1.29,5.0,6.15,12.0,0.6,0.7,0.1,-10.11,-6.66,-2.9,-6.55,5.0,3.72,12.0,0.6,0.7,0.1,1000.61,1007.0,1007.88,1004.44,5.0,5.68,12.0,0.6,0.7,0.1,5.0,7.0,8.0,6.5,4.0,1.9,14.0,0.8,0.7,0.1,-45.4,22.5,38.9,-3.9,5.0,69.5,12.0,0.6,0.7,0.1,-115.0,-58.0,-17.0,-66.9,5.0,56.3,12.0,0.6,0.7,0.1,-1.19,4.85,10.37,4.6,4.0,6.68,14.0,0.5,0.7,0.0,-7.2,51.7,122.7,57.5,4.0,75.8,14.0,0.5,0.7,0.0,0.81,1.09,1.77,1.28,3.0,0.72,18.0,0.7,0.7,0.1,4.5,6.8,16.1,10.2,3.0,9.0,18.0,0.7,0.7,0.1,-22.5,0.0,39.7,8.1,5.0,55.2,12.0,0.6,0.7,0.1,-1.9,73.3,110.1,57.7,5.0,57.1,12.0,0.6,0.7,0.1,4.3,13.5,13.9,9.2,3.0,7.9,18.0,0.7,0.7,0.1,-13.5,-8.1,-7.9,-10.6,3.0,4.6,18.0,0.7,0.7,0.1,0.9,3.0,4.9,2.9,3.0,2.9,18.0,0.7,0.7,0.1,-15.0,-3.4,-2.2,-8.5,3.0,10.3,18.0,0.7,0.7,0.1,199.5,658.5,1578.5,931.5,5.0,1033.0,12.0,0.6,0.7,0.1,200.0,660.0,1580.0,930.0,5.0,1035.0,12.0,0.6,0.7,0.1
1974,2,21.0,70.0,,,,,,,,,,,,,,,,,,,,,,,,,,,,,,,,,,,,,,,,8.73,11.0,12.41,10.4,6.0,3.17,12.0,0.2,0.3,0.8,-10.51,-2.43,3.99,-2.4,6.0,9.04,12.0,0.2,0.3,0.8,-2.66,0.85,10.83,2.9,6.0,6.41,12.0,0.2,0.3,0.8,993.95,1003.6,1009.18,1001.83,6.0,10.09,12.0,0.2,0.3,0.8,,,,,,,,,,,,,,,,,,,,,,,,,,,,,,,,,,,,,,,,,,,,,,,,,,,,,,,,,,,,,,,,,,,,,,,,,,,,,,,,,,,,,,,,,,,,,,,,,,,,,,,,,,,,,,,,,,,,,,,,,,,,,,,,,,,,,,,,,,,,,,,,,,,,,,
1974,2,21.0,71.0,4.33,4.85,5.52,4.93,4.0,0.83,8.0,0.8,0.4,0.1,-2.56,-0.3,1.33,-0.6,4.0,2.5,8.0,0.8,0.4,0.1,3.3,3.34,3.39,3.34,2.0,0.09,8.0,0.5,0.2,0.1,76.5,80.0,83.5,80.0,2.0,7.3,8.0,0.5,0.1,6.81,9.0,13.33,10.03,4.0,5.01,8.0,0.8,0.4,0.1,-11.61,-4.9,1.28,-5.15,4.0,8.07,8.0,0.8,0.4,0.1,-3.13,2.76,8.85,2.85,4.0,6.91,8.0,0.8,0.4,0.1,999.68,1004.75,1008.78,1004.25,4.0,5.37,8.0,0.8,0.4,0.1,5.4,7.5,8.0,6.8,4.0,1.9,8.0,0.8,0.4,0.1,-165.0,-43.1,3.3,-79.1,4.0,120.1,8.0,0.8,0.4,0.1,-21.5,34.2,116.3,46.8,4.0,82.3,8.0,0.8,0.4,0.1,3.52,5.65,7.51,5.53,4.0,2.34,8.0,0.8,0.4,0.1,24.2,45.3,99.3,61.0,4.0,51.1,8.0,0.8,0.4,0.1,1.98,2.05,2.11,2.05,2.0,0.14,8.0,0.5,0.2,0.1,11.5,14.9,18.4,14.9,2.0,7.1,8.0,0.5,0.2,0.1,-0.6,6.1,34.0,16.2,4.0,27.0,8.0,0.8,0.4,0.1,-17.9,0.8,11.3,-3.1,4.0,21.3,8.0,0.8,0.4,0.1,-2.3,4.0,10.4,4.0,2.0,13.2,8.0,0.5,0.2,0.1,-4.6,9.4,23.5,9.4,2.0,29.1,8.0,0.5,0.2,0.1,-1.7,2.1,5.9,2.1,2.0,7.8,8.0,0.5,0.2,0.1,-2.3,6.6,15.5,6.6,2.0,18.4,8.0,0.5,0.2,0.1,383.0,731.5,2957.0,1627.0,4.0,2209.5,8.0,0.8,0.4,0.1,385.0,730.0,2955.0,1625.0,4.0,2210.0,8.0,0.8,0.4,0.1
1974,2,21.0,73.0,3.56,3.8,4.21,3.88,6.0,0.65,10.0,0.3,0.4,0.6,-4.24,1.0,2.12,-0.31,7.0,3.44,10.0,0.3,0.4,0.5,2.24,2.24,2.24,2.24,1.0,0.0,4.0,0.0,0.8,0.1,80.8,80.8,80.8,80.8,1.0,0.0,4.0,0.0,0.1,2.95,7.0,9.19,7.39,7.0,5.64,10.0,0.3,0.4,0.5,-5.44,-1.71,0.16,-2.02,7.0,3.36,10.0,0.3,0.4,0.5,-9.18,-4.5,-1.17,-5.82,7.0,6.31,10.0,0.3,0.4,0.5,1000.54,1012.1,1014.2,1007.83,7.0,7.4,10.0,0.3,0.4,0.5,5.5,7.0,8.0,6.8,4.0,1.5,14.0,0.5,0.4,0.5,-38.0,-4.5,3.0,-5.7,7.0,35.5,10.0,0.3,0.4,0.5,-89.1,-23.5,-7.5,-71.9,7.0,127.6,10.0,0.3,0.4,0.5,1.28,2.65,8.49,3.98,6.0,4.26,10.0,0.3,0.4,0.6,5.8,25.5,70.1,32.8,6.0,32.0,10.0,0.3,0.4,0.6,2.75,2.75,2.75,2.75,1.0,0.0,4.0,0.0,0.8,0.1,24.0,24.0,24.0,24.0,1.0,0.0,4.0,0.0,0.8,0.1,-2.2,0.0,11.8,4.6,7.0,11.7,10.0,0.3,0.4,0.5,-6.7,-1.6,23.2,2.0,7.0,23.3,10.0,0.3,0.4,0.5,0.0,0.0,0.0,0.0,1.0,0.0,4.0,0.0,0.8,0.1,-19.4,-19.4,-19.4,-19.4,1.0,0.0,4.0,0.0,0.8,0.1,0.0,0.0,0.0,0.0,1.0,0.0,4.0,0.0,0.8,0.1,-24.0,-24.0,-24.0,-24.0,1.0,0.0,4.0,0.0,0.8,0.1,26.0,343.0,955.0,1195.0,7.0,2508.0,10.0,0.3,0.4,0.5,25.0,345.0,955.0,1195.0,7.0,2510.0,10.0,0.3,0.4,0.5
1974,2,22.0,-70.0,,,,,,,,,,,,,,,,,,,,,,,,,,,,,,,,,,,,,,,,,,,,,,,,,,,,,,,,,,,,,,,,,,,,,,,,,,,,,,,,8.0,8.0,8.0,8.0,1.0,0.0,10.0,1.0,0.9,0.7,-131.0,-131.0,-131.0,-131.0,1.0,0.0,10.0,1.0,0.9,0.7,75.6,75.6,75.6,75.6,1.0,0.0,10.0,1.0,0.9,0.7,,,,,,,,,,,,,,,,,,,,,,,,,,,,,,,,,,,,,,,,,,,,,,,,,,,,,,,,,,,,,,,,,,,,,,,,,,,,,,,,,,,,,,,,,,,,,,,,,,,,,,,,,,,,,,,,,,,,,,,,
1974,2,22.0,-39.0,18.0,18.0,18.0,18.0,1.0,0.0,14.0,1.0,0.7,1.0,17.8,17.8,17.8,17.8,1.0,0.0,14.0,1.0,0.7,1.0,7.59,7.59,7.59,7.59,1.0,0.0,14.0,1.0,0.7,1.0,60.7,60.7,60.7,60.7,1.0,0.0,14.0,1.0,1.0,5.7,5.7,5.7,5.7,1.0,0.0,14.0,1.0,0.7,1.0,-2.85,-2.85,-2.85,-2.85,1.0,0.0,14.0,1.0,0.7,1.0,4.94,4.94,4.94,4.94,1.0,0.0,14.0,1.0,0.7,1.0,1022.0,1022.0,1022.0,1022.0,1.0,0.0,14.0,1.0,0.7,1.0,1.0,1.0,1.0,1.0,1.0,0.0,14.0,1.0,0.7,1.0,-16.2,-16.2,-16.2,-16.2,1.0,0.0,14.0,1.0,0.7,1.0,28.1,28.1,28.1,28.1,1.0,0.0,14.0,1.0,0.7,1.0,0.2,0.2,0.2,0.2,1.0,0.0,14.0,1.0,0.7,1.0,1.1,1.1,1.1,1.1,1.0,0.0,14.0,1.0,0.7,1.0,5.12,5.12,5.12,5.12,1.0,0.0,14.0,1.0,0.7,1.0,29.2,29.2,29.2,29.2,1.0,0.0,14.0,1.0,0.7,1.0,-50.7,-50.7,-50.7,-50.7,1.0,0.0,14.0,1.0,0.7,1.0,87.9,87.9,87.9,87.9,1.0,0.0,14.0,1.0,0.7,1.0,-21.6,-21.6,-21.6,-21.6,1.0,0.0,14.0,1.0,0.7,1.0,37.5,37.5,37.5,37.5,1.0,0.0,14.0,1.0,0.7,1.0,-14.6,-14.6,-14.6,-14.6,1.0,0.0,14.0,1.0,0.7,1.0,25.3,25.3,25.3,25.3,1.0,0.0,14.0,1.0,0.7,1.0,185.0,185.0,185.0,185.0,1.0,0.0,14.0,1.0,0.7,1.0,185.0,185.0,185.0,185.0,1.0,0.0,14.0,1.0,0.7,1.0
1974,2,22.0,-38.0,25.0,25.0,25.0,25.0,1.0,0.0,4.0,0.0,0.6,0.3,22.0,22.0,22.0,22.0,1.0,0.0,4.0,0.0,0.6,0.3,12.06,12.06,12.06,12.06,1.0,0.0,4.0,0.0,0.6,0.3,73.3,73.3,73.3,73.3,1.0,0.0,4.0,0.0,0.3,14.9,14.9,14.9,14.9,1.0,0.0,4.0,0.0,0.6,0.3,14.0,14.0,14.0,14.0,1.0,0.0,4.0,0.0,0.6,0.3,5.1,5.1,5.1,5.1,1.0,0.0,4.0,0.0,0.6,0.3,1010.5,1010.5,1010.5,1010.5,1.0,0.0,4.0,0.0,0.6,0.3,2.0,2.0,2.0,2.0,1.0,0.0,4.0,0.0,0.6,0.3,208.6,208.6,208.6,208.6,1.0,0.0,4.0,0.0,0.6,0.3,75.9,75.9,75.9,75.9,1.0,0.0,4.0,0.0,0.6,0.3,3.0,3.0,3.0,3.0,1.0,0.0,4.0,0.0,0.6,0.3,44.7,44.7,44.7,44.7,1.0,0.0,4.0,0.0,0.6,0.3,7.76,7.76,7.76,7.76,1.0,0.0,4.0,0.0,0.6,0.3,115.7,115.7,115.7,115.7,1.0,0.0,4.0,0.0,0.6,0.3,308.0,308.0,308.0,308.0,1.0,0.0,4.0,0.0,0.6,0.3,112.1,112.1,112.1,112.1,1.0,0.0,4.0,0.0,0.6,0.3,168.9,168.9,168.9,168.9,1.0,0.0,4.0,0.0,0.6,0.3,61.5,61.5,61.5,61.5,1.0,0.0,4.0,0.0,0.6,0.3,108.7,108.7,108.7,108.7,1.0,0.0,4.0,0.0,0.6,0.3,39.6,39.6,39.6,39.6,1.0,0.0,4.0,0.0,0.6,0.3,3308.0,3308.0,3308.0,3308.0,1.0,0.0,4.0,0.0,0.6,0.3,3310.0,3310.0,3310.0,3310.0,1.0,0.0,4.0,0.0,0.6,0.3
1974,2,22.0,-37.0,24.0,24.25,24.76,24.38,4.0,0.48,22.0,0.3,0.3,0.6,21.14,22.7,23.52,22.35,4.0,1.7,22.0,0.3,0.3,0.6,12.75,13.69,14.19,13.48,4.0,1.09,22.0,0.3,0.3,0.6,72.5,75.9,89.6,80.8,4.0,13.1,22.0,0.3,0.6,7.94,12.45,18.0,12.77,6.0,5.04,24.0,0.3,0.3,0.7,-0.66,7.69,16.28,5.81,6.0,12.83,24.0,0.3,0.3,0.7,0.0,3.1,4.55,2.81,6.0,2.54,24.0,0.3,0.3,0.7,1008.49,1011.2,1017.17,1012.28,5.0,5.23,24.0,0.2,0.4,0.6,1.0,3.0,6.2,3.5,6.0,2.6,24.0,0.3,0.3,0.7,-43.4,65.8,266.5,68.2,6.0,224.7,24.0,0.3,0.3,0.7,0.0,29.9,52.4,27.9,6.0,24.2,24.0,0.3,0.3,0.7,0.71,1.55,3.38,2.03,4.0,2.11,22.0,0.3,0.3,0.6,5.9,18.1,58.5,31.5,4.0,40.2,22.0,0.3,0.3,0.6,5.08,5.41,6.08,5.57,4.0,0.7,22.0,0.3,0.3,0.6,68.6,88.7,91.7,80.6,4.0,20.3,22.0,0.3,0.3,0.6,-185.3,220.4,360.4,93.6,4.0,373.5,22.0,0.3,0.3,0.6,0.0,31.3,108.0,53.0,4.0,70.7,22.0,0.3,0.3,0.6,-106.4,132.5,239.5,69.6,4.0,229.0,22.0,0.3,0.3,0.6,0.0,22.8,63.5,31.3,4.0,38.8,22.0,0.3,0.3,0.6,-34.5,56.9,90.9,29.5,4.0,84.7,22.0,0.3,0.3,0.6,0.0,8.2,30.7,15.0,4.0,20.6,22.0,0.3,0.3,0.6,500.5,2374.5,5832.0,2897.0,6.0,2639.5,24.0,0.3,0.3,0.7,500.0,2375.0,5830.0,2895.0,6.0,2640.0,24.0,0.3,0.3,0.7
1974,2,22.0,-36.0,17.79,20.3,21.18,19.7,6.0,1.8,8.0,0.7,0.5,0.8,19.32,20.8,23.66,21.25,6.0,2.21,8.0,0.7,0.5,0.8,9.89,12.41,14.12,12.15,5.0,2.69,10.0,0.6,0.5,0.8,61.8,85.9,91.4,78.2,5.0,16.0,10.0,0.6,0.8,4.98,7.0,11.67,7.67,9.0,3.51,6.0,0.6,0.5,0.8,-3.14,1.97,6.72,2.58,9.0,5.66,6.0,0.6,0.5,0.8,-0.79,2.46,9.14,3.44,9.0,5.06,6.0,0.6,0.5,0.8,1009.32,1013.4,1016.82,1013.48,9.0,4.25,6.0,0.6,0.5,0.8,1.3,4.5,6.0,4.3,8.0,2.7,6.0,0.6,0.5,0.8,-19.2,22.2,64.0,27.7,9.0,54.3,6.0,0.6,0.5,0.8,-6.0,17.7,108.8,37.6,9.0,55.8,6.0,0.6,0.5,0.8,-3.36,-2.0,0.04,-1.55,6.0,2.12,8.0,0.7,0.5,0.8,-31.3,-14.0,-1.8,-14.5,6.0,18.2,8.0,0.7,0.5,0.8,-0.44,3.08,3.47,1.85,5.0,2.19,10.0,0.6,0.5,0.8,-4.3,18.5,27.4,13.5,5.0,18.9,10.0,0.6,0.5,0.8,41.1,127.6,148.2,110.3,6.0,68.0,8.0,0.7,0.5,0.8,42.9,113.6,233.3,131.4,6.0,96.3,8.0,0.7,0.5,0.8,22.9,81.9,90.8,61.0,5.0,38.7,10.0,0.6,0.5,0.8,25.7,47.5,99.6,65.3,5.0,64.6,10.0,0.6,0.5,0.8,-1.6,3.2,25.3,10.8,5.0,15.5,10.0,0.6,0.5,0.8,-3.5,3.7,18.6,6.4,5.0,12.1,10.0,0.6,0.5,0.8,129.5,343.0,1589.0,703.5,9.0,739.0,6.0,0.6,0.5,0.8,130.0,345.0,1590.0,705.0,9.0,740.0,6.0,0.6,0.5,0.8
1974,2,22.0,-35.0,18.41,20.0,21.1,20.0,77.0,1.39,14.0,0.5,0.4,0.4,19.2,20.9,22.0,20.73,83.0,1.35,14.0,0.5,0.4,0.4,10.3,12.61,14.31,12.54,73.0,1.86,14.0,0.5,0.4,0.4,73.4,83.1,90.9,82.5,73.0,9.2,14.0,0.5,0.4,3.6,6.2,10.3,6.49,96.0,3.3,14.0,0.5,0.4,0.4,-9.12,-3.28,3.99,-2.2,96.0,6.24,14.0,0.5,0.4,0.4,0.0,0.84,3.9,1.49,96.0,2.72,14.0,0.5,0.4,0.4,1008.26,1014.0,1017.29,1012.97,99.0,5.0,14.0,0.5,0.4,0.4,0.0,4.0,8.0,3.8,98.0,3.2,14.0,0.5,0.4,0.4,-86.4,-15.8,24.4,-22.2,96.0,61.3,14.0,0.5,0.4,0.4,0.0,3.5,21.1,10.8,96.0,25.2,14.0,0.5,0.4,0.4,-2.5,-0.7,1.0,-0.67,76.0,1.51,14.0,0.5,0.4,0.4,-17.3,-4.6,4.6,-6.1,73.0,12.1,14.0,0.5,0.4,0.4,-0.29,1.9,4.16,2.05,70.0,2.05,14.0,0.5,0.4,0.4,-1.3,12.9,27.8,13.7,68.0,15.9,14.0,0.5,0.4,0.4,-196.7,-67.5,94.9,-50.9,80.0,137.9,14.0,0.5,0.4,0.4,0.0,22.1,86.7,31.5,80.0,57.1,14.0,0.5,0.4,0.4,-113.9,0.0,63.0,-23.2,71.0,85.2,14.0,0.5,0.4,0.4,0.0,13.6,50.2,18.8,71.0,33.0,14.0,0.5,0.4,0.4,-16.9,0.0,11.4,-2.3,68.0,16.9,14.0,0.5,0.4,0.4,-0.3,0.6,14.7,5.5,68.0,11.1,14.0,0.5,0.4,0.4,46.5,238.5,1092.5,490.0,96.0,613.5,14.0,0.5,0.4,0.4,45.0,240.0,1095.0,490.0,96.0,615.0,14.0,0.5,0.4,0.4
1974,2,22.0,33.0,15.48,16.0,18.05,16.7,7.0,1.46,10.0,0.6,0.5,0.6,13.42,14.7,16.72,15.0,7.0,2.36,10.0,0.6,0.5,0.6,5.8,5.8,5.8,5.8,1.0,0.0,28.0,0.0,0.9,0.7,68.1,68.1,68.1,68.1,1.0,0.0,28.0,0.0,0.7,3.0,8.0,11.05,7.14,7.0,3.8,10.0,0.6,0.5,0.6,1.49,2.95,7.1,4.04,7.0,2.83,10.0,0.6,0.5,0.6,-8.88,-5.14,0.62,-4.61,7.0,4.71,10.0,0.6,0.5,0.6,1019.16,1020.3,1026.36,1021.81,7.0,3.63,10.0,0.6,0.5,0.6,0.0,4.0,4.1,3.1,7.0,2.5,10.0,0.6,0.5,0.6,5.4,14.1,78.5,36.0,7.0,37.1,10.0,0.6,0.5,0.6,-93.5,-41.1,1.9,-47.1,7.0,47.6,10.0,0.6,0.5,0.6,0.61,1.3,3.79,1.7,7.0,2.77,10.0,0.6,0.5,0.6,2.0,9.0,22.5,7.0,7.0,21.3,10.0,0.6,0.5,0.6,5.07,5.07,5.07,5.07,1.0,0.0,28.0,0.0,0.9,0.7,45.7,45.7,45.7,45.7,1.0,0.0,28.0,0.0,0.9,0.7,18.5,43.4,110.8,64.3,7.0,49.9,10.0,0.6,0.5,0.6,-132.0,-85.4,9.2,-69.5,7.0,72.8,10.0,0.6,0.5,0.6,9.1,9.1,9.1,9.1,1.0,0.0,28.0,0.0,0.9,0.7,-51.4,-51.4,-51.4,-51.4,1.0,0.0,28.0,0.0,0.9,0.7,7.9,7.9,7.9,7.9,1.0,0.0,28.0,0.0,0.9,0.7,-45.0,-45.0,-45.0,-45.0,1.0,0.0,28.0,0.0,0.9,0.7,27.0,512.0,1350.0,631.0,7.0,679.5,10.0,0.6,0.5,0.6,25.0,510.0,1350.0,630.0,7.0,680.0,10.0,0.6,0.5,0.6
1974,2,22.0,34.0,14.6,15.2,15.66,15.33,12.0,0.99,24.0,0.8,0.3,0.6,11.5,12.15,15.4,13.08,12.0,2.19,24.0,0.8,0.3,0.6,5.58,5.78,7.76,6.64,6.0,1.75,24.0,0.5,0.3,0.6,62.5,65.5,78.7,69.6,6.0,11.8,24.0,0.5,0.6,4.72,7.5,11.58,7.56,8.0,3.24,22.0,0.6,0.3,0.7,-4.86,-0.71,4.06,0.4,8.0,5.66,22.0,0.6,0.3,0.7,-4.48,-2.58,7.41,0.26,8.0,6.6,22.0,0.6,0.3,0.7,1006.27,1015.4,1019.17,1013.05,8.0,7.31,22.0,0.6,0.3,0.7,3.7,7.0,8.0,6.1,12.0,2.5,24.0,0.8,0.3,0.6,-34.7,-3.9,22.9,9.5,8.0,57.8,22.0,0.6,0.3,0.7,-30.3,-12.2,61.6,13.7,8.0,63.8,22.0,0.6,0.3,0.7,-0.33,3.0,3.7,2.26,12.0,1.89,24.0,0.8,0.3,0.6,-5.7,13.4,19.5,9.4,8.0,14.5,22.0,0.6,0.3,0.7,4.01,4.79,5.1,4.48,6.0,0.92,24.0,0.5,0.3,0.6,19.1,24.3,35.7,26.5,6.0,9.5,24.0,0.5,0.3,0.6,-56.1,-11.2,71.0,12.1,8.0,82.0,22.0,0.6,0.3,0.7,-64.1,-32.0,116.3,9.6,8.0,93.3,22.0,0.6,0.3,0.7,-28.8,-14.4,13.9,-7.8,6.0,23.8,24.0,0.5,0.3,0.6,-27.9,-25.5,10.0,-6.5,6.0,43.5,24.0,0.5,0.3,0.6,-26.2,-8.6,9.6,-7.1,6.0,18.6,24.0,0.5,0.3,0.6,-24.0,-18.0,-1.6,-12.5,6.0,18.4,24.0,0.5,0.3,0.6,107.0,427.5,1597.5,646.5,8.0,692.5,22.0,0.6,0.3,0.7,105.0,430.0,1600.0,645.0,8.0,690.0,22.0,0.6,0.3,0.7
1974,2,22.0,35.0,14.9,15.6,16.7,15.71,27.0,0.98,18.0,0.4,0.4,0.4,11.28,16.0,17.57,15.16,31.0,2.65,18.0,0.4,0.4,0.5,6.16,8.32,9.38,8.04,22.0,1.82,18.0,0.4,0.4,0.5,63.3,73.8,79.8,73.1,23.0,11.6,18.0,0.4,0.5,7.24,11.3,13.0,10.47,33.0,3.75,20.0,0.4,0.4,0.4,-10.63,-4.0,6.7,-2.35,33.0,7.84,20.0,0.4,0.4,0.4,-9.88,-4.45,5.52,-2.59,33.0,7.27,20.0,0.4,0.4,0.4,1006.79,1016.2,1022.22,1014.93,29.0,7.65,18.0,0.4,0.4,0.5,1.3,5.0,8.0,4.6,28.0,2.8,18.0,0.5,0.4,0.5,-146.2,-32.0,59.2,-38.5,33.0,95.9,20.0,0.4,0.4,0.4,-126.1,-55.4,48.4,-37.0,33.0,92.7,20.0,0.4,0.4,0.4,-0.51,0.65,3.61,1.09,26.0,2.35,18.0,0.4,0.4,0.4,-3.6,2.2,47.4,14.8,22.0,25.9,16.0,0.5,0.4,0.4,2.28,3.44,5.03,3.54,18.0,1.36,18.0,0.4,0.4,0.4,17.9,27.5,60.3,35.2,15.0,22.4,16.0,0.5,0.3,0.5,-113.2,25.2,118.8,13.7,25.0,107.8,16.0,0.5,0.4,0.5,-115.3,0.0,99.5,-2.4,25.0,110.5,16.0,0.5,0.4,0.5,-70.2,18.8,61.7,6.6,18.0,64.5,16.0,0.5,0.4,0.5,-54.8,7.9,64.2,12.0,18.0,59.2,16.0,0.5,0.4,0.5,-42.5,4.8,21.6,-3.7,15.0,29.6,16.0,0.5,0.3,0.5,-44.2,0.0,12.9,-9.9,15.0,28.9,16.0,0.5,0.3,0.5,380.0,1443.0,2197.0,1539.5,33.0,1214.0,20.0,0.4,0.4,0.4,380.0,1445.0,2195.0,1540.0,33.0,1215.0,20.0,0.4,0.4,0.4
1974,2,22.0,36.0,13.9,15.0,16.1,15.12,140.0,1.22,12.0,0.5,0.5,0.4,10.0,14.0,15.87,13.48,150.0,2.61,12.0,0.5,0.5,0.4,5.2,6.59,8.07,6.57,110.0,1.5,10.0,0.5,0.6,0.5,55.7,69.0,79.3,68.5,110.0,12.3,10.0,0.5,0.5,2.1,5.85,11.93,6.45,148.0,4.28,12.0,0.5,0.5,0.4,-4.54,1.3,6.52,1.22,148.0,5.79,12.0,0.5,0.5,0.4,-3.35,0.0,6.12,1.13,148.0,4.89,12.0,0.5,0.5,0.4,1006.39,1014.35,1020.74,1013.82,150.0,7.06,12.0,0.5,0.5,0.4,1.0,4.0,7.0,4.0,144.0,2.8,10.0,0.5,0.5,0.4,-27.8,3.1,51.3,10.3,148.0,70.6,12.0,0.5,0.5,0.4,-14.3,0.0,51.9,14.2,148.0,55.6,12.0,0.5,0.5,0.4,-0.8,1.1,4.31,1.56,139.0,2.54,12.0,0.5,0.5,0.5,-3.6,5.7,19.3,7.3,137.0,18.6,10.0,0.5,0.5,0.5,2.96,4.08,5.3,4.0,104.0,1.38,10.0,0.5,0.6,0.5,6.9,19.7,40.4,22.9,104.0,16.8,10.0,0.5,0.6,0.5,-60.4,14.6,92.0,20.0,147.0,81.6,12.0,0.5,0.5,0.4,-35.6,0.0,80.6,22.3,147.0,72.0,12.0,0.5,0.5,0.4,-10.2,9.8,48.5,14.4,109.0,36.7,10.0,0.5,0.6,0.5,-14.0,3.8,46.9,13.0,109.0,35.0,10.0,0.5,0.6,0.5,-4.9,6.8,23.9,7.4,104.0,19.0,10.0,0.5,0.6,0.5,-13.2,0.0,21.4,2.7,104.0,19.7,10.0,0.5,0.6,0.5,9.5,200.5,1700.0,667.5,148.0,1076.5,12.0,0.5,0.5,0.4,10.0,200.0,1700.0,670.0,148.0,1075.0,12.0,0.5,0.5,0.4
1974,2,22.0,37.0,14.48,15.0,15.0,14.75,4.0,0.5,20.0,0.0,0.3,0.7,10.0,10.0,13.1,11.4,5.0,2.19,20.0,0.2,0.4,0.7,7.12,7.12,7.12,7.12,1.0,0.0,22.0,1.0,0.9,0.4,67.8,67.8,67.8,67.8,1.0,0.0,22.0,1.0,0.4,4.25,6.7,6.88,5.46,5.0,3.06,20.0,0.2,0.4,0.7,-5.38,-4.31,0.0,-3.13,5.0,3.0,20.0,0.2,0.4,0.7,-5.95,0.0,1.87,-1.42,5.0,4.79,20.0,0.2,0.4,0.7,1011.05,1013.5,1017.87,1013.96,5.0,4.61,20.0,0.2,0.4,0.7,4.0,6.0,7.4,5.8,5.0,1.8,20.0,0.2,0.4,0.7,-37.5,-28.9,0.0,-21.4,5.0,20.4,20.0,0.2,0.4,0.7,-41.6,0.0,12.6,-10.0,5.0,32.7,20.0,0.2,0.4,0.7,,,,,,,,,,,,,,,,,,,,,,,,,,,,,,,,,,,,,,,,,-67.9,-43.1,0.0,-35.9,5.0,34.4,20.0,0.2,0.4,0.7,-81.3,0.0,18.7,-22.4,5.0,58.0,20.0,0.2,0.4,0.7,-33.0,-33.0,-33.0,-33.0,1.0,0.0,22.0,1.0,0.9,0.4,-39.3,-39.3,-39.3,-39.3,1.0,0.0,22.0,1.0,0.9,0.4,,,,,,,,,,,,,,,,,,,,,,,,,,,,,,,,,,,,,,,,
1974,2,22.0,38.0,12.59,14.0,16.0,13.91,11.0,1.7,16.0,0.3,0.4,0.2,9.59,11.5,12.83,11.45,11.0,1.88,16.0,0.3,0.4,0.2,8.0,8.0,8.0,8.0,1.0,0.0,20.0,1.0,0.5,0.0,75.5,75.5,75.5,75.5,1.0,0.0,20.0,1.0,0.0,0.59,4.6,7.98,4.67,11.0,4.14,16.0,0.3,0.4,0.2,-5.8,0.0,4.4,-1.24,11.0,5.69,16.0,0.3,0.4,0.2,-3.04,0.0,0.0,-1.23,11.0,2.32,16.0,0.3,0.4,0.2,1011.55,1015.4,1023.74,1016.04,11.0,6.78,16.0,0.3,0.4,0.2,0.0,2.0,6.8,3.1,11.0,3.1,16.0,0.3,0.4,0.2,-42.8,0.0,24.1,-17.5,11.0,57.7,16.0,0.3,0.4,0.2,-18.5,0.0,0.0,-9.7,11.0,20.1,16.0,0.3,0.4,0.2,1.0,2.0,4.0,2.45,11.0,1.35,16.0,0.3,0.4,0.2,1.2,6.2,18.9,11.9,11.0,14.9,16.0,0.3,0.4,0.2,3.33,3.33,3.33,3.33,1.0,0.0,20.0,1.0,0.5,0.0,20.6,20.6,20.6,20.6,1.0,0.0,20.0,1.0,0.5,0.0,-65.2,0.0,56.5,-6.8,11.0,62.9,16.0,0.3,0.4,0.2,-33.7,0.0,0.0,-14.1,11.0,26.3,16.0,0.3,0.4,0.2,49.6,49.6,49.6,49.6,1.0,0.0,20.0,1.0,0.5,0.0,0.0,0.0,0.0,0.0,1.0,0.0,20.0,1.0,0.5,0.0,20.6,20.6,20.6,20.6,1.0,0.0,20.0,1.0,0.5,0.0,0.0,0.0,0.0,0.0,1.0,0.0,20.0,1.0,0.5,0.0,0.5,97.5,565.5,356.5,11.0,653.5,16.0,0.3,0.4,0.2,0.0,95.0,565.0,355.0,11.0,655.0,16.0,0.3,0.4,0.2
1974,2,22.0,40.0,9.73,11.1,11.7,10.84,36.0,1.19,4.0,0.5,0.9,0.6,6.31,8.3,11.7,8.75,37.0,2.56,4.0,0.5,0.9,0.6,4.35,4.83,6.67,5.34,33.0,1.37,4.0,0.5,0.9,0.6,66.8,76.1,90.1,77.0,34.0,11.8,4.0,0.6,0.6,0.0,0.75,5.37,1.9,36.0,2.87,4.0,0.5,0.9,0.6,-0.21,0.0,0.68,0.09,36.0,0.85,4.0,0.5,0.9,0.6,-5.21,0.0,0.0,-1.62,36.0,2.92,4.0,0.5,0.9,0.6,1011.64,1023.6,1025.43,1019.44,37.0,8.47,4.0,0.5,0.9,0.6,0.0,2.0,7.0,3.1,36.0,3.0,4.0,0.5,0.9,0.6,-0.3,0.0,0.8,-0.2,36.0,5.5,4.0,0.5,0.9,0.6,-28.0,0.0,0.0,-11.1,36.0,25.1,4.0,0.5,0.9,0.6,-0.53,2.8,4.6,1.99,34.0,2.82,4.0,0.5,0.9,0.6,0.0,0.0,1.9,0.0,30.0,7.3,4.0,0.5,0.9,0.6,1.05,3.48,3.74,2.76,31.0,1.54,4.0,0.5,0.9,0.6,0.0,0.0,3.2,2.2,28.0,5.2,4.0,0.5,0.9,0.6,-2.0,0.0,4.4,0.8,33.0,6.9,4.0,0.5,0.9,0.6,-41.2,0.0,0.0,-12.7,33.0,26.3,4.0,0.5,0.9,0.6,-0.4,0.0,2.9,0.7,30.0,4.0,4.0,0.6,0.9,0.6,-19.7,0.0,0.0,-6.5,30.0,14.7,4.0,0.6,0.9,0.6,0.0,0.0,1.6,0.6,28.0,1.6,4.0,0.5,0.9,0.6,-1.0,0.0,0.2,-1.5,28.0,5.1,4.0,0.5,0.9,0.6,0.0,0.5,156.0,90.0,36.0,239.0,4.0,0.5,0.9,0.6,0.0,0.0,155.0,90.0,36.0,240.0,4.0,0.5,0.9,0.6
1974,2,22.0,57.0,,,,,,,,,,,,,,,,,,,,,,,,,,,,,,,,,,,,,,,,8.32,9.0,11.05,9.67,3.0,2.08,6.0,0.0,0.5,0.8,-7.72,-6.13,-1.95,-4.86,3.0,4.37,6.0,0.0,0.5,0.8,3.73,5.14,9.82,6.74,3.0,4.67,6.0,0.0,0.5,0.8,978.19,980.35,1004.09,990.65,4.0,22.25,6.0,0.0,0.5,0.8,,,,,,,,,,,,,,,,,,,,,,,,,,,,,,,,,,,,,,,,,,,,,,,,,,,,,,,,,,,,,,,,,,,,,,,,,,,,,,,,,,,,,,,,,,,,,,,,,,,,,,,,,,,,,,,,,,,,,,,,,,,,,,,,,,,,,,,,,,,,,,,,,,,,,,
1974,2,22.0,59.0,,,,,,,,,,,,,,,,,,,,,,,,,,,,,,,,,,,,,,,,4.59,6.0,10.24,7.27,11.0,3.32,14.0,0.1,0.4,0.4,-4.09,2.74,6.03,2.09,11.0,6.25,14.0,0.1,0.4,0.4,-3.35,0.0,4.38,0.83,11.0,4.96,14.0,0.1,0.4,0.4,995.12,1013.9,1033.82,1013.95,11.0,19.8,14.0,0.1,0.4,0.4,,,,,,,,,,,,,,,,,,,,,,,,,,,,,,,,,,,,,,,,,,,,,,,,,,,,,,,,,,,,,,,,,,,,,,,,,,,,,,,,,,,,,,,,,,,,,,,,,,,,,,,,,,,,,,,,,,,,,,,,,,,,,,,,,,,,,,,,,,,,,,,,,,,,,,
1974,2,22.0,63.0,,,,,,,,,,,,,,,,,,,,,,,,,,,,,,,,,,,,,,,,8.7,8.7,8.7,8.7,1.0,0.0,10.0,0.0,0.0,0.9,6.66,6.66,6.66,6.66,1.0,0.0,10.0,0.0,0.0,0.9,5.59,5.59,5.59,5.59,1.0,0.0,10.0,0.0,0.0,0.9,978.8,978.8,978.8,978.8,1.0,0.0,10.0,0.0,0.0,0.9,,,,,,,,,,,,,,,,,,,,,,,,,,,,,,,,,,,,,,,,,,,,,,,,,,,,,,,,,,,,,,,,,,,,,,,,,,,,,,,,,,,,,,,,,,,,,,,,,,,,,,,,,,,,,,,,,,,,,,,,,,,,,,,,,,,,,,,,,,,,,,,,,,,,,,
1974,2,22.0,64.0,-0.4,-0.3,-0.2,-0.3,10.0,0.08,18.0,0.3,0.2,0.5,-6.24,-3.0,0.0,-3.62,18.0,3.81,16.0,0.4,0.1,0.5,2.54,2.91,3.34,2.96,6.0,0.54,20.0,0.3,0.2,0.6,86.2,95.3,98.8,91.4,6.0,11.9,20.0,0.3,0.6,6.26,11.8,13.84,10.98,14.0,5.27,16.0,0.4,0.1,0.5,0.0,1.12,5.83,2.42,14.0,3.56,16.0,0.4,0.1,0.5,-11.79,2.38,12.89,1.25,14.0,11.7,16.0,0.4,0.1,0.5,988.56,997.5,1006.76,998.86,18.0,14.8,16.0,0.4,0.1,0.5,8.0,8.0,8.0,7.3,10.0,2.2,14.0,0.4,0.1,0.5,0.0,12.9,55.9,32.8,14.0,60.8,16.0,0.4,0.1,0.5,-139.1,8.8,166.3,28.4,14.0,178.2,16.0,0.4,0.1,0.5,-0.36,2.1,4.87,2.17,10.0,2.61,18.0,0.3,0.2,0.5,-2.3,31.9,63.6,31.7,9.0,33.2,18.0,0.2,0.2,0.5,0.32,0.8,1.14,0.74,6.0,0.54,20.0,0.3,0.2,0.6,2.6,7.3,14.1,8.3,6.0,7.6,20.0,0.3,0.2,0.6,-3.8,0.0,3.6,-1.9,14.0,8.2,16.0,0.4,0.1,0.5,-20.7,1.9,53.6,10.1,14.0,42.9,16.0,0.4,0.1,0.5,-1.1,8.2,12.2,6.0,6.0,7.3,20.0,0.3,0.2,0.6,-30.6,18.6,44.9,13.7,6.0,39.4,20.0,0.3,0.2,0.6,-0.7,0.6,2.1,0.8,6.0,2.2,20.0,0.3,0.2,0.6,-14.0,1.0,4.7,-3.0,6.0,11.1,20.0,0.3,0.2,0.6,247.0,1643.0,2651.5,2167.0,14.0,2559.5,16.0,0.4,0.1,0.5,245.0,1645.0,2650.0,2165.0,14.0,2560.0,16.0,0.4,0.1,0.5
1974,2,22.0,65.0,-0.28,-0.25,-0.22,-0.25,2.0,0.07,18.0,0.5,0.3,0.2,-4.94,-1.5,0.58,-2.15,4.0,3.49,18.0,0.5,0.2,0.1,2.43,2.74,3.06,2.74,2.0,0.66,18.0,0.5,0.3,0.2,82.6,88.8,94.9,88.8,2.0,12.7,18.0,0.5,0.2,5.58,7.2,7.72,6.68,4.0,1.78,18.0,0.5,0.2,0.1,3.3,5.04,6.24,4.78,4.0,1.73,18.0,0.5,0.2,0.1,-3.6,-1.1,4.7,0.48,4.0,5.37,18.0,0.5,0.2,0.1,994.21,999.1,1017.82,1005.7,4.0,17.46,18.0,0.5,0.2,0.1,3.0,4.5,6.6,4.8,4.0,2.5,18.0,0.5,0.2,0.1,19.2,33.9,44.9,32.1,4.0,15.0,18.0,0.5,0.2,0.1,-25.9,-10.1,35.8,4.3,4.0,42.0,18.0,0.5,0.2,0.1,-0.15,2.55,5.25,2.55,2.0,5.59,18.0,0.5,0.3,0.2,2.6,20.5,38.5,20.5,2.0,37.2,18.0,0.5,0.3,0.2,0.6,0.97,1.34,0.97,2.0,0.77,18.0,0.5,0.3,0.2,3.2,6.3,9.4,6.3,2.0,6.5,18.0,0.5,0.3,0.2,-30.8,-9.4,2.2,-14.1,4.0,21.0,18.0,0.5,0.2,0.1,0.7,6.2,17.8,9.1,4.0,11.1,18.0,0.5,0.2,0.1,12.6,13.3,13.9,13.3,2.0,1.3,18.0,0.5,0.3,0.2,-6.2,-1.9,2.5,-1.9,2.0,9.0,18.0,0.5,0.3,0.2,2.9,5.5,8.2,5.5,2.0,5.5,18.0,0.5,0.3,0.2,-4.5,-2.4,-0.4,-2.4,2.0,4.3,18.0,0.5,0.3,0.2,214.0,373.0,466.5,341.5,4.0,200.5,18.0,0.5,0.2,0.1,215.0,375.0,465.0,340.0,4.0,200.0,18.0,0.5,0.2,0.1
1974,2,22.0,70.0,,,,,,,,,,,,,,,,,,,,,,,,,,,,,,,,,,,,,,,,8.2,8.2,8.2,8.2,1.0,0.0,16.0,0.0,0.1,0.9,-1.42,-1.42,-1.42,-1.42,1.0,0.0,16.0,0.0,0.1,0.9,8.08,8.08,8.08,8.08,1.0,0.0,16.0,0.0,0.1,0.9,1009.5,1009.5,1009.5,1009.5,1.0,0.0,16.0,0.0,0.1,0.9,,,,,,,,,,,,,,,,,,,,,,,,,,,,,,,,,,,,,,,,,,,,,,,,,,,,,,,,,,,,,,,,,,,,,,,,,,,,,,,,,,,,,,,,,,,,,,,,,,,,,,,,,,,,,,,,,,,,,,,,,,,,,,,,,,,,,,,,,,,,,,,,,,,,,,
1974,2,22.0,71.0,4.62,4.9,6.89,5.43,8.0,1.17,16.0,0.6,0.4,0.0,-1.36,0.0,1.07,-0.52,8.0,1.88,16.0,0.6,0.4,0.0,3.27,3.61,3.95,3.61,3.0,0.49,18.0,0.7,0.3,0.1,86.8,90.2,94.5,90.6,3.0,5.6,18.0,0.7,0.1,8.38,11.55,12.99,11.38,8.0,3.15,16.0,0.6,0.4,0.0,-12.42,-7.79,5.91,-4.14,8.0,9.08,16.0,0.6,0.4,0.0,2.4,4.5,6.81,3.46,8.0,6.5,16.0,0.6,0.4,0.0,986.72,1000.65,1003.32,995.58,8.0,12.08,16.0,0.6,0.4,0.0,3.3,7.0,8.0,6.1,8.0,2.4,16.0,0.6,0.4,0.0,-157.9,-70.7,76.1,-51.5,8.0,120.3,16.0,0.6,0.4,0.0,29.4,44.0,72.6,39.2,8.0,90.7,16.0,0.6,0.4,0.0,4.11,5.85,7.78,5.95,8.0,1.92,16.0,0.6,0.4,0.0,39.5,64.7,100.2,71.5,8.0,42.0,16.0,0.6,0.4,0.0,1.97,2.2,2.23,2.1,3.0,0.21,18.0,0.7,0.3,0.1,18.0,23.8,26.4,22.2,3.0,6.3,18.0,0.7,0.3,0.1,-5.8,0.0,15.8,9.2,8.0,21.8,16.0,0.6,0.4,0.0,-4.6,0.0,8.7,-3.6,8.0,19.2,16.0,0.6,0.4,0.0,-29.7,-25.6,21.7,-4.5,3.0,41.9,18.0,0.7,0.3,0.1,12.6,14.8,21.9,17.2,3.0,7.2,18.0,0.7,0.3,0.1,-19.5,-13.2,12.1,-3.9,3.0,24.5,18.0,0.7,0.3,0.1,7.8,8.1,12.0,9.9,3.0,3.4,18.0,0.7,0.3,0.1,594.5,1560.5,2191.5,1776.5,8.0,1448.0,16.0,0.6,0.4,0.0,595.0,1560.0,2190.0,1775.0,8.0,1450.0,16.0,0.6,0.4,0.0
1974,2,22.0,72.0,,,,,,,,,,,,,,,,,,,,,,,,,,,,,,,,,,,,,,,,12.54,16.0,16.37,14.6,5.0,2.79,12.0,0.4,0.7,0.3,-14.63,-12.26,-9.61,-12.09,5.0,3.15,12.0,0.4,0.7,0.3,1.34,8.0,9.47,5.33,5.0,6.78,12.0,0.4,0.7,0.3,1005.19,1006.5,1010.4,1007.62,5.0,3.95,12.0,0.4,0.7,0.3,,,,,,,,,,,,,,,,,,,,,,,,,,,,,,,,,,,,,,,,,,,,,,,,,,,,,,,,,,,,,,,,,,,,,,,,,,,,,,,,,,,,,,,,,,,,,,,,,,,,,,,,,,,,,,,,,,,,,,,,,,,,,,,,,,,,,,,,,,,,,,,,,,,,,,
1974,2,22.0,73.0,,,,,,,,,,,,,,,,,,,,,,,,,,,,,,,,,,,,,,,,6.97,10.0,12.83,9.83,6.0,4.36,10.0,0.3,0.4,0.4,-12.2,-8.23,0.61,-6.76,6.0,7.14,10.0,0.3,0.4,0.4,-5.94,-1.65,3.83,-1.6,6.0,5.12,10.0,0.3,0.4,0.4,1001.76,1005.35,1014.72,1006.88,6.0,7.51,10.0,0.3,0.4,0.4,,,,,,,,,,,,,,,,,,,,,,,,,,,,,,,,,,,,,,,,,,,,,,,,,,,,,,,,,,,,,,,,,,,,,,,,,,,,,,,,,,,,,,,,,,,,,,,,,,,,,,,,,,,,,,,,,,,,,,,,,,,,,,,,,,,,,,,,,,,,,,,,,,,,,,
1974,2,23.0,-67.0,,,,,,,,,,,,,,,,,,,,,,,,,,,,,,,,,,,,,,,,6.2,6.2,6.2,6.2,1.0,0.0,24.0,1.0,0.0,0.3,-5.37,-5.37,-5.37,-5.37,1.0,0.0,24.0,1.0,0.0,0.3,-3.1,-3.1,-3.1,-3.1,1.0,0.0,24.0,1.0,0.0,0.3,974.3,974.3,974.3,974.3,1.0,0.0,24.0,1.0,0.0,0.3,,,,,,,,,,,,,,,,,,,,,,,,,,,,,,,,,,,,,,,,,,,,,,,,,,,,,,,,,,,,,,,,,,,,,,,,,,,,,,,,,,,,,,,,,,,,,,,,,,,,,,,,,,,,,,,,,,,,,,,,,,,,,,,,,,,,,,,,,,,,,,,,,,,,,,
1974,2,23.0,-60.0,,,,,,,,,,,,,,,,,,,,,,,,,,,,,,,,,,,,,,,,6.0,6.0,6.0,6.0,1.0,0.0,18.0,1.0,0.4,0.3,4.6,4.6,4.6,4.6,1.0,0.0,18.0,1.0,0.4,0.3,3.86,3.86,3.86,3.86,1.0,0.0,18.0,1.0,0.4,0.3,975.6,975.6,975.6,975.6,1.0,0.0,18.0,1.0,0.4,0.3,,,,,,,,,,,,,,,,,,,,,,,,,,,,,,,,,,,,,,,,,,,,,,,,,,,,,,,,,,,,,,,,,,,,,,,,,,,,,,,,,,,,,,,,,,,,,,,,,,,,,,,,,,,,,,,,,,,,,,,,,,,,,,,,,,,,,,,,,,,,,,,,,,,,,,
1974,2,23.0,-46.0,,,,,,,,,,,,,,,,,,,,,,,,,,,,,,,,,,,,,,,,6.7,6.7,6.7,6.7,1.0,0.0,16.0,1.0,0.2,0.6,0.0,0.0,0.0,0.0,1.0,0.0,16.0,1.0,0.2,0.6,-6.7,-6.7,-6.7,-6.7,1.0,0.0,16.0,1.0,0.2,0.6,1022.0,1022.0,1022.0,1022.0,1.0,0.0,16.0,1.0,0.2,0.6,,,,,,,,,,,,,,,,,,,,,,,,,,,,,,,,,,,,,,,,,,,,,,,,,,,,,,,,,,,,,,,,,,,,,,,,,,,,,,,,,,,,,,,,,,,,,,,,,,,,,,,,,,,,,,,,,,,,,,,,,,,,,,,,,,,,,,,,,,,,,,,,,,,,,,
1974,2,23.0,-39.0,19.0,19.0,19.0,19.0,1.0,0.0,4.0,0.0,0.7,0.3,17.8,17.8,17.8,17.8,1.0,0.0,4.0,0.0,0.7,0.3,11.31,11.31,11.31,11.31,1.0,0.0,4.0,0.0,0.7,0.3,89.2,89.2,89.2,89.2,1.0,0.0,4.0,0.0,0.3,12.9,12.9,12.9,12.9,1.0,0.0,4.0,0.0,0.7,0.3,2.24,2.24,2.24,2.24,1.0,0.0,4.0,0.0,0.7,0.3,-12.7,-12.7,-12.7,-12.7,1.0,0.0,4.0,0.0,0.7,0.3,1011.1,1011.1,1011.1,1011.1,1.0,0.0,4.0,0.0,0.7,0.3,2.0,2.0,2.0,2.0,1.0,0.0,4.0,0.0,0.7,0.3,28.9,28.9,28.9,28.9,1.0,0.0,4.0,0.0,0.7,0.3,-163.9,-163.9,-163.9,-163.9,1.0,0.0,4.0,0.0,0.7,0.3,1.2,1.2,1.2,1.2,1.0,0.0,4.0,0.0,0.7,0.3,15.5,15.5,15.5,15.5,1.0,0.0,4.0,0.0,0.7,0.3,2.38,2.38,2.38,2.38,1.0,0.0,4.0,0.0,0.7,0.3,30.7,30.7,30.7,30.7,1.0,0.0,4.0,0.0,0.7,0.3,39.9,39.9,39.9,39.9,1.0,0.0,4.0,0.0,0.7,0.3,-226.1,-226.1,-226.1,-226.1,1.0,0.0,4.0,0.0,0.7,0.3,25.3,25.3,25.3,25.3,1.0,0.0,4.0,0.0,0.7,0.3,-143.6,-143.6,-143.6,-143.6,1.0,0.0,4.0,0.0,0.7,0.3,5.3,5.3,5.3,5.3,1.0,0.0,4.0,0.0,0.7,0.3,-30.2,-30.2,-30.2,-30.2,1.0,0.0,4.0,0.0,0.7,0.3,2146.5,2146.5,2146.5,2146.5,1.0,0.0,4.0,0.0,0.7,0.3,2145.0,2145.0,2145.0,2145.0,1.0,0.0,4.0,0.0,0.7,0.3
1974,2,23.0,-38.0,21.4,21.4,21.4,21.4,1.0,0.0,24.0,0.0,0.7,0.6,18.8,18.8,18.8,18.8,1.0,0.0,24.0,0.0,0.7,0.6,8.75,8.75,8.75,8.75,1.0,0.0,24.0,0.0,0.7,0.6,65.5,65.5,65.5,65.5,1.0,0.0,24.0,0.0,0.6,4.6,4.6,4.6,4.6,1.0,0.0,24.0,0.0,0.7,0.6,-4.6,-4.6,-4.6,-4.6,1.0,0.0,24.0,0.0,0.7,0.6,0.0,0.0,0.0,0.0,1.0,0.0,24.0,0.0,0.7,0.6,1019.0,1019.0,1019.0,1019.0,1.0,0.0,24.0,0.0,0.7,0.6,4.0,4.0,4.0,4.0,1.0,0.0,24.0,0.0,0.7,0.6,-21.2,-21.2,-21.2,-21.2,1.0,0.0,24.0,0.0,0.7,0.6,0.0,0.0,0.0,0.0,1.0,0.0,24.0,0.0,0.7,0.6,2.6,2.6,2.6,2.6,1.0,0.0,24.0,0.0,0.7,0.6,12.0,12.0,12.0,12.0,1.0,0.0,24.0,0.0,0.7,0.6,7.02,7.02,7.02,7.02,1.0,0.0,24.0,0.0,0.7,0.6,32.3,32.3,32.3,32.3,1.0,0.0,24.0,0.0,0.7,0.6,-86.5,-86.5,-86.5,-86.5,1.0,0.0,24.0,0.0,0.7,0.6,0.0,0.0,0.0,0.0,1.0,0.0,24.0,0.0,0.7,0.6,-40.3,-40.3,-40.3,-40.3,1.0,0.0,24.0,0.0,0.7,0.6,0.0,0.0,0.0,0.0,1.0,0.0,24.0,0.0,0.7,0.6,-32.3,-32.3,-32.3,-32.3,1.0,0.0,24.0,0.0,0.7,0.6,0.0,0.0,0.0,0.0,1.0,0.0,24.0,0.0,0.7,0.6,97.5,97.5,97.5,97.5,1.0,0.0,24.0,0.0,0.7,0.6,95.0,95.0,95.0,95.0,1.0,0.0,24.0,0.0,0.7,0.6
1974,2,23.0,-37.0,24.0,24.0,24.0,24.0,1.0,0.0,8.0,0.0,0.9,0.9,16.6,16.6,16.6,16.6,1.0,0.0,8.0,0.0,0.9,0.9,9.88,9.88,9.88,9.88,1.0,0.0,8.0,0.0,0.9,0.9,84.6,84.6,84.6,84.6,1.0,0.0,8.0,0.0,0.9,9.3,9.3,9.3,9.3,1.0,0.0,8.0,0.0,0.9,0.9,-8.05,-8.05,-8.05,-8.05,1.0,0.0,8.0,0.0,0.9,0.9,4.65,4.65,4.65,4.65,1.0,0.0,8.0,0.0,0.9,0.9,1016.6,1016.6,1016.6,1016.6,1.0,0.0,8.0,0.0,0.9,0.9,8.0,8.0,8.0,8.0,1.0,0.0,8.0,0.0,0.9,0.9,-74.9,-74.9,-74.9,-74.9,1.0,0.0,8.0,0.0,0.9,0.9,43.2,43.2,43.2,43.2,1.0,0.0,8.0,0.0,0.9,0.9,7.4,7.4,7.4,7.4,1.0,0.0,8.0,0.0,0.9,0.9,68.8,68.8,68.8,68.8,1.0,0.0,8.0,0.0,0.9,0.9,8.67,8.67,8.67,8.67,1.0,0.0,8.0,0.0,0.9,0.9,80.6,80.6,80.6,80.6,1.0,0.0,8.0,0.0,0.9,0.9,-133.7,-133.7,-133.7,-133.7,1.0,0.0,8.0,0.0,0.9,0.9,77.2,77.2,77.2,77.2,1.0,0.0,8.0,0.0,0.9,0.9,-79.6,-79.6,-79.6,-79.6,1.0,0.0,8.0,0.0,0.9,0.9,45.9,45.9,45.9,45.9,1.0,0.0,8.0,0.0,0.9,0.9,-69.8,-69.8,-69.8,-69.8,1.0,0.0,8.0,0.0,0.9,0.9,40.3,40.3,40.3,40.3,1.0,0.0,8.0,0.0,0.9,0.9,804.5,804.5,804.5,804.5,1.0,0.0,8.0,0.0,0.9,0.9,805.0,805.0,805.0,805.0,1.0,0.0,8.0,0.0,0.9,0.9
1974,2,23.0,-36.0,19.02,22.1,24.02,21.55,4.0,3.14,24.0,0.5,0.3,0.7,19.43,21.4,22.69,21.08,4.0,2.3,24.0,0.5,0.3,0.7,12.41,14.28,15.37,13.91,4.0,1.97,24.0,0.5,0.3,0.7,87.5,88.2,89.8,88.6,4.0,1.8,24.0,0.5,0.7,5.35,6.1,7.47,6.37,6.0,1.74,22.0,0.5,0.3,0.8,-6.1,-3.52,4.63,-1.6,6.0,5.29,22.0,0.5,0.3,0.8,-3.37,2.31,3.89,0.59,6.0,4.5,22.0,0.5,0.3,0.8,1008.77,1013.9,1022.32,1014.47,7.0,7.25,22.0,0.6,0.3,0.7,4.0,5.0,6.1,5.4,7.0,1.4,22.0,0.6,0.3,0.7,-48.0,-18.5,26.7,-13.3,6.0,36.5,22.0,0.5,0.3,0.8,-27.0,11.3,22.7,-1.7,6.0,35.3,22.0,0.5,0.3,0.8,-0.81,0.25,1.79,0.48,4.0,1.61,24.0,0.5,0.3,0.7,-5.3,-3.1,5.4,0.0,3.0,8.2,22.0,0.3,0.4,0.7,0.74,2.34,3.99,2.36,4.0,1.92,24.0,0.5,0.3,0.7,3.7,7.0,24.7,14.0,3.0,16.6,22.0,0.3,0.4,0.7,-118.7,-71.7,42.2,-39.0,3.0,121.2,22.0,0.3,0.4,0.7,-88.9,79.9,83.7,-0.7,3.0,144.4,22.0,0.3,0.4,0.7,-78.7,-44.8,30.1,-24.8,3.0,81.6,22.0,0.3,0.4,0.7,-59.9,53.4,54.2,-1.6,3.0,96.2,22.0,0.3,0.4,0.7,-15.9,-4.5,-0.3,-8.0,3.0,11.8,22.0,0.3,0.4,0.7,-16.8,1.4,4.1,-6.2,3.0,16.7,22.0,0.3,0.4,0.7,160.0,227.0,438.5,308.5,6.0,259.0,22.0,0.5,0.3,0.8,160.0,225.0,440.0,310.0,6.0,260.0,22.0,0.5,0.3,0.8
1974,2,23.0,-35.0,18.78,20.0,21.0,20.01,72.0,1.46,14.0,0.5,0.4,0.5,19.54,21.0,22.31,21.06,73.0,1.65,14.0,0.5,0.4,0.5,11.49,12.97,14.32,12.9,68.0,1.59,14.0,0.5,0.4,0.5,75.6,84.7,89.9,82.8,68.0,7.6,14.0,0.5,0.5,4.0,6.7,10.3,6.8,86.0,3.25,14.0,0.5,0.4,0.5,-8.95,-3.29,5.58,-1.94,86.0,6.83,14.0,0.5,0.4,0.5,-1.51,0.0,3.34,0.8,86.0,2.5,14.0,0.5,0.4,0.5,1007.45,1013.6,1018.25,1013.02,86.0,4.82,14.0,0.5,0.4,0.5,0.0,4.0,7.0,3.9,85.0,2.9,14.0,0.5,0.4,0.5,-85.2,-14.1,31.9,-19.6,86.0,68.2,14.0,0.5,0.4,0.5,-8.7,0.0,19.9,5.4,86.0,22.4,14.0,0.5,0.4,0.5,-2.48,-1.0,0.29,-1.04,71.0,1.84,14.0,0.5,0.4,0.5,-17.7,-7.3,1.0,-7.7,70.0,14.1,14.0,0.5,0.4,0.5,0.03,1.29,3.04,1.59,66.0,1.79,14.0,0.5,0.4,0.5,0.0,8.3,21.7,11.5,65.0,15.4,14.0,0.5,0.4,0.5,-195.1,-73.6,136.8,-40.0,72.0,152.9,14.0,0.5,0.4,0.5,-24.3,0.0,79.5,20.5,72.0,52.1,14.0,0.5,0.4,0.5,-130.7,-50.9,85.8,-26.5,67.0,96.2,14.0,0.5,0.4,0.5,-5.5,5.2,45.6,13.9,67.0,31.1,14.0,0.5,0.4,0.5,-18.1,0.0,9.4,-2.3,65.0,17.1,14.0,0.5,0.4,0.5,-0.9,0.0,7.9,3.3,65.0,8.0,14.0,0.5,0.4,0.5,64.0,301.0,1092.5,534.5,86.0,643.5,14.0,0.5,0.4,0.5,65.0,300.0,1095.0,535.0,86.0,645.0,14.0,0.5,0.4,0.5
1974,2,23.0,32.0,,,,,,,,,,,,,,,,,,,,,,,,,,,,,,,,,,,,,,,,3.95,6.0,11.46,7.67,3.0,5.69,24.0,0.3,0.8,0.6,-6.43,-5.2,-1.29,-3.89,3.0,3.93,24.0,0.3,0.8,0.6,-7.34,2.95,2.99,-2.06,3.0,8.72,24.0,0.3,0.8,0.6,1016.42,1018.6,1018.67,1017.57,3.0,1.88,24.0,0.3,0.8,0.6,,,,,,,,,,,,,,,,,,,,,,,,,,,,,,,,,,,,,,,,,,,,,,,,,,,,,,,,,,,,,,,,,,,,,,,,,,,,,,,,,,,,,,,,,,,,,,,,,,,,,,,,,,,,,,,,,,,,,,,,,,,,,,,,,,,,,,,,,,,,,,,,,,,,,,
1974,2,23.0,33.0,15.0,16.0,19.03,16.58,13.0,2.01,10.0,0.7,0.4,0.4,13.98,15.2,20.52,16.38,13.0,3.11,10.0,0.7,0.4,0.4,5.08,7.01,7.9,6.52,5.0,1.67,14.0,0.4,0.3,0.4,49.9,56.7,67.9,57.9,5.0,11.1,14.0,0.4,0.4,3.82,6.0,10.03,6.36,13.0,3.17,10.0,0.7,0.4,0.4,-0.48,3.76,5.21,2.39,13.0,4.14,10.0,0.7,0.4,0.4,-6.89,0.36,3.85,-1.16,13.0,5.4,10.0,0.7,0.4,0.4,1016.77,1020.6,1027.62,1021.12,13.0,7.43,10.0,0.7,0.4,0.4,0.0,3.5,4.5,2.7,12.0,2.6,10.0,0.7,0.4,0.4,-1.4,18.3,38.7,17.3,13.0,36.4,10.0,0.7,0.4,0.4,-70.7,0.8,18.5,-19.1,13.0,50.7,10.0,0.7,0.4,0.4,-2.43,0.9,3.29,0.2,13.0,3.42,10.0,0.7,0.4,0.4,-25.3,1.9,28.0,0.1,13.0,26.5,10.0,0.7,0.4,0.4,2.17,3.64,6.34,4.22,5.0,2.47,14.0,0.4,0.3,0.4,7.8,25.0,59.7,32.7,5.0,27.6,14.0,0.4,0.3,0.4,-7.1,57.1,79.1,42.8,13.0,67.4,10.0,0.7,0.4,0.4,-113.3,5.1,77.9,-20.7,13.0,96.7,10.0,0.7,0.4,0.4,-3.4,19.4,43.0,18.8,5.0,35.5,14.0,0.4,0.3,0.4,-53.4,-18.0,-2.9,-25.7,5.0,26.4,14.0,0.4,0.3,0.4,-20.1,7.5,18.9,-3.0,5.0,36.3,14.0,0.4,0.3,0.4,-29.0,-11.8,-2.0,-16.4,5.0,20.7,14.0,0.4,0.3,0.4,59.0,216.0,1009.0,442.0,13.0,531.5,10.0,0.7,0.4,0.4,60.0,215.0,1010.0,440.0,13.0,530.0,10.0,0.7,0.4,0.4
1974,2,23.0,34.0,14.64,16.1,17.65,16.07,23.0,1.35,16.0,0.8,0.6,0.5,13.64,15.6,17.05,15.36,23.0,1.62,16.0,0.8,0.5,0.5,6.67,7.65,9.56,7.87,17.0,1.48,16.0,0.7,0.5,0.5,62.1,68.8,82.4,71.4,17.0,11.1,16.0,0.7,0.5,4.05,8.7,10.05,7.61,23.0,3.01,16.0,0.8,0.5,0.5,-5.54,3.08,5.83,1.44,23.0,5.34,16.0,0.8,0.5,0.5,-3.64,1.93,7.58,1.44,23.0,6.06,16.0,0.8,0.5,0.5,1006.49,1008.25,1015.74,1010.82,24.0,5.85,16.0,0.8,0.5,0.5,1.3,3.0,7.0,4.0,22.0,2.8,16.0,0.8,0.5,0.5,-61.7,16.6,45.6,5.7,23.0,49.9,16.0,0.8,0.5,0.5,-20.4,15.0,67.2,13.2,23.0,64.1,16.0,0.8,0.5,0.5,-0.88,0.7,3.0,0.98,21.0,2.12,16.0,0.8,0.6,0.5,-3.5,4.6,27.4,7.9,19.0,22.0,16.0,0.8,0.6,0.5,2.07,4.1,4.8,3.6,15.0,1.51,16.0,0.7,0.5,0.5,11.3,23.3,41.4,26.9,14.0,14.6,16.0,0.8,0.5,0.5,-96.5,46.7,82.3,16.1,21.0,87.3,16.0,0.8,0.5,0.5,-53.6,32.8,99.0,25.4,21.0,90.8,16.0,0.8,0.5,0.5,-53.5,21.3,40.6,3.5,16.0,52.5,16.0,0.8,0.5,0.4,0.0,31.0,60.3,25.7,16.0,35.8,16.0,0.8,0.5,0.4,-20.1,11.5,19.1,4.3,14.0,20.5,16.0,0.8,0.5,0.5,0.1,9.8,26.3,10.0,14.0,21.1,16.0,0.8,0.5,0.5,66.5,658.5,1018.5,639.0,23.0,609.0,16.0,0.8,0.5,0.5,65.0,660.0,1020.0,640.0,23.0,610.0,16.0,0.8,0.5,0.5
1974,2,23.0,35.0,14.4,15.55,16.37,15.37,36.0,1.0,16.0,0.4,0.4,0.5,12.17,15.0,16.85,14.82,38.0,2.55,16.0,0.4,0.4,0.5,6.14,7.73,9.33,7.75,32.0,1.82,16.0,0.4,0.4,0.5,61.4,73.7,85.5,73.9,32.0,13.7,16.0,0.4,0.5,4.61,9.8,13.9,9.49,39.0,4.6,16.0,0.4,0.5,0.4,-6.95,-0.69,5.39,-1.06,39.0,5.44,16.0,0.4,0.5,0.4,-11.39,2.3,8.46,0.45,39.0,9.1,16.0,0.4,0.5,0.4,1007.06,1012.8,1017.0,1012.71,38.0,5.78,16.0,0.4,0.4,0.5,1.0,2.5,6.8,3.4,34.0,2.8,16.0,0.4,0.5,0.5,-91.6,-2.8,42.1,-20.7,39.0,62.0,16.0,0.4,0.5,0.4,-141.5,10.6,82.9,-5.0,39.0,129.7,16.0,0.4,0.5,0.4,-2.0,0.0,3.88,0.6,35.0,2.92,16.0,0.4,0.4,0.5,-18.6,0.0,25.0,7.4,33.0,29.2,16.0,0.4,0.4,0.5,1.1,2.89,5.04,3.05,32.0,1.97,16.0,0.4,0.4,0.5,4.9,18.4,52.3,26.6,30.0,26.6,16.0,0.4,0.5,0.5,-111.5,0.0,86.2,-13.4,36.0,83.4,16.0,0.4,0.5,0.5,-132.5,38.8,135.6,30.0,36.0,120.1,16.0,0.4,0.5,0.5,-54.3,-5.5,38.2,-8.9,30.0,43.6,16.0,0.4,0.5,0.5,-56.0,18.4,85.2,17.7,30.0,67.0,16.0,0.4,0.5,0.5,-15.1,0.0,11.8,-1.0,30.0,18.6,16.0,0.4,0.5,0.5,-44.1,0.9,19.3,-7.5,30.0,32.2,16.0,0.4,0.5,0.5,98.0,941.0,2685.5,1454.0,39.0,1671.5,16.0,0.4,0.5,0.4,100.0,940.0,2685.0,1455.0,39.0,1670.0,16.0,0.4,0.5,0.4
1974,2,23.0,36.0,13.27,15.0,16.02,14.9,57.0,1.47,14.0,0.5,0.5,0.5,11.0,14.0,15.92,13.69,63.0,2.42,14.0,0.5,0.5,0.5,5.61,7.2,8.67,7.1,29.0,1.58,14.0,0.4,0.6,0.5,57.2,70.4,81.2,69.9,29.0,13.5,14.0,0.4,0.5,2.66,6.7,11.0,6.95,65.0,4.37,14.0,0.4,0.5,0.5,-6.27,0.0,3.66,-1.28,65.0,5.04,14.0,0.4,0.5,0.5,-6.38,0.0,5.09,0.14,65.0,6.41,14.0,0.4,0.5,0.5,1008.25,1015.8,1021.22,1014.92,66.0,7.53,14.0,0.5,0.5,0.5,0.0,3.0,7.0,3.3,64.0,3.1,14.0,0.5,0.5,0.5,-58.9,0.0,26.8,-11.4,65.0,54.0,14.0,0.4,0.5,0.5,-62.3,0.0,39.5,1.8,65.0,82.2,14.0,0.4,0.5,0.5,-1.14,1.0,3.39,1.15,55.0,2.45,14.0,0.5,0.5,0.5,-6.8,4.6,27.5,9.8,54.0,23.3,14.0,0.5,0.5,0.5,2.38,3.38,5.22,3.51,25.0,1.76,14.0,0.5,0.6,0.5,4.2,16.8,44.0,22.4,25.0,20.0,14.0,0.5,0.6,0.5,-89.4,0.0,50.3,-12.6,62.0,68.1,14.0,0.5,0.5,0.5,-78.4,0.0,75.7,9.0,62.0,89.0,14.0,0.5,0.5,0.5,-46.0,4.3,24.2,-3.8,29.0,38.3,14.0,0.4,0.6,0.5,-40.3,0.0,26.2,6.4,29.0,52.6,14.0,0.4,0.6,0.5,-9.5,0.0,13.9,0.0,25.0,13.3,14.0,0.5,0.6,0.5,-21.6,0.0,10.9,-2.4,25.0,27.2,14.0,0.5,0.6,0.5,19.0,301.0,1331.0,764.0,65.0,1156.5,14.0,0.4,0.5,0.5,20.0,300.0,1330.0,765.0,65.0,1155.0,14.0,0.4,0.5,0.5
1974,2,23.0,37.0,14.1,15.0,15.6,14.88,146.0,0.98,16.0,0.5,0.7,0.7,9.03,12.65,15.47,12.36,148.0,2.76,16.0,0.5,0.7,0.6,3.72,5.85,6.89,5.58,126.0,1.53,16.0,0.5,0.7,0.7,52.0,62.3,72.7,62.2,126.0,10.7,16.0,0.5,0.7,2.1,6.2,9.8,6.28,144.0,4.17,16.0,0.5,0.7,0.6,-4.73,0.0,2.07,-0.84,144.0,3.4,16.0,0.5,0.7,0.6,-7.53,-2.72,3.57,-2.06,144.0,6.36,16.0,0.5,0.7,0.6,1002.86,1016.2,1020.6,1013.24,148.0,8.41,16.0,0.5,0.7,0.6,1.3,6.0,8.0,5.0,148.0,2.8,16.0,0.5,0.7,0.6,-42.5,0.0,10.5,-9.6,144.0,36.1,16.0,0.5,0.7,0.6,-65.5,-11.0,13.5,-19.0,144.0,78.8,16.0,0.5,0.7,0.6,-0.2,2.35,5.5,2.58,146.0,2.6,16.0,0.5,0.7,0.7,0.0,11.5,40.8,18.8,142.0,24.4,16.0,0.5,0.7,0.7,3.64,4.97,6.39,4.94,125.0,1.46,16.0,0.5,0.7,0.7,9.2,27.7,51.2,31.4,122.0,22.2,16.0,0.5,0.7,0.7,-44.5,0.0,24.4,-8.4,144.0,41.2,16.0,0.5,0.7,0.6,-74.9,-29.7,52.4,-13.5,144.0,80.6,16.0,0.5,0.7,0.6,-22.4,0.0,10.3,-6.1,123.0,19.2,16.0,0.5,0.7,0.7,-33.9,-16.7,22.5,-6.9,123.0,40.0,16.0,0.5,0.7,0.7,-23.7,-0.3,9.7,-5.8,122.0,17.2,16.0,0.5,0.7,0.7,-44.2,-18.9,10.1,-17.3,122.0,29.3,16.0,0.5,0.7,0.7,9.5,238.5,941.0,624.0,144.0,1148.0,16.0,0.5,0.7,0.6,10.0,240.0,940.0,625.0,144.0,1150.0,16.0,0.5,0.7,0.6
1974,2,23.0,38.0,,,,,,,,,,,,,,,,,,,,,,,,,,,,,,,,,,,,,,,,4.6,4.6,4.6,4.6,1.0,0.0,26.0,1.0,0.5,0.2,-4.6,-4.6,-4.6,-4.6,1.0,0.0,26.0,1.0,0.5,0.2,0.0,0.0,0.0,0.0,1.0,0.0,26.0,1.0,0.5,0.2,1014.9,1014.9,1014.9,1014.9,1.0,0.0,26.0,1.0,0.5,0.2,,,,,,,,,,,,,,,,,,,,,,,,,,,,,,,,,,,,,,,,,,,,,,,,,,,,,,,,,,,,,,,,,,,,,,,,,,,,,,,,,,,,,,,,,,,,,,,,,,,,,,,,,,,,,,,,,,,,,,,,,,,,,,,,,,,,,,,,,,,,,,,,,,,,,,
1974,2,23.0,39.0,12.53,13.3,14.98,13.68,5.0,1.61,12.0,1.0,0.5,0.4,12.59,12.8,14.87,13.54,5.0,1.25,12.0,1.0,0.5,0.4,6.28,7.11,7.86,7.07,4.0,0.96,8.0,1.0,0.6,0.4,69.5,74.0,82.2,75.8,4.0,9.4,8.0,1.0,0.4,3.24,5.1,9.51,6.26,5.0,5.2,12.0,1.0,0.5,0.4,-1.87,3.28,7.34,3.16,5.0,7.16,12.0,1.0,0.5,0.4,-4.05,-3.91,0.0,-2.42,5.0,2.22,12.0,1.0,0.5,0.4,1016.31,1018.6,1023.52,1019.36,5.0,4.6,12.0,1.0,0.5,0.4,0.0,0.0,8.0,3.2,5.0,4.4,12.0,1.0,0.5,0.4,-12.6,16.7,86.3,41.3,5.0,95.2,12.0,1.0,0.5,0.4,-23.2,-19.9,0.0,-13.7,5.0,13.1,12.0,1.0,0.5,0.4,-1.43,0.9,1.38,0.14,5.0,1.6,12.0,1.0,0.5,0.4,-8.5,0.0,9.2,0.6,5.0,11.5,12.0,1.0,0.5,0.4,1.51,3.22,3.9,2.73,4.0,1.66,8.0,1.0,0.6,0.4,0.9,8.0,34.5,17.3,4.0,24.6,8.0,1.0,0.6,0.4,-28.1,40.6,104.5,43.7,5.0,106.3,12.0,1.0,0.5,0.4,-55.3,-48.4,0.0,-32.6,5.0,30.4,12.0,1.0,0.5,0.4,10.3,24.1,70.0,39.4,4.0,48.1,8.0,1.0,0.6,0.4,-28.9,-12.9,0.0,-14.4,4.0,16.7,8.0,1.0,0.6,0.4,0.6,5.1,32.1,15.8,4.0,25.1,8.0,1.0,0.6,0.4,-6.4,-0.8,0.0,-3.1,4.0,5.2,8.0,1.0,0.6,0.4,84.0,132.5,1281.5,710.5,5.0,1276.5,12.0,1.0,0.5,0.4,85.0,135.0,1280.0,710.0,5.0,1275.0,12.0,1.0,0.5,0.4
1974,2,23.0,40.0,,,,,,,,,,,,,,,,,,,,,,,,,,,,,,,,,,,,,,,,5.1,5.1,5.1,5.1,1.0,0.0,8.0,0.0,0.0,0.4,-2.55,-2.55,-2.55,-2.55,1.0,0.0,8.0,0.0,0.0,0.4,-4.42,-4.42,-4.42,-4.42,1.0,0.0,8.0,0.0,0.0,0.4,1005.3,1005.3,1005.3,1005.3,1.0,0.0,6.0,0.0,0.5,0.7,3.6,7.0,7.0,5.3,3.0,2.9,6.0,0.3,0.2,0.5,-13.0,-13.0,-13.0,-13.0,1.0,0.0,8.0,0.0,0.0,0.4,-22.5,-22.5,-22.5,-22.5,1.0,0.0,8.0,0.0,0.0,0.4,,,,,,,,,,,,,,,,,,,,,,,,,,,,,,,,,,,,,,,,,,,,,,,,,,,,,,,,,,,,,,,,,,,,,,,,,,,,,,,,,,,,,,,,,,,,,,,,,,,,,,,,,,,,,,,,,,,,,,,,
1974,2,23.0,57.0,,,,,,,,,,,,,,,,,,,,,,,,,,,,,,,,,,,,,,,,3.0,5.5,7.62,5.67,6.0,2.66,8.0,0.7,0.5,0.5,-7.28,-0.86,0.0,-3.05,6.0,4.25,8.0,0.7,0.5,0.5,-0.49,3.0,4.97,2.38,6.0,3.09,8.0,0.7,0.5,0.5,976.87,994.3,1025.37,999.15,6.0,24.97,8.0,0.7,0.5,0.5,,,,,,,,,,,,,,,,,,,,,,,,,,,,,,,,,,,,,,,,,,,,,,,,,,,,,,,,,,,,,,,,,,,,,,,,,,,,,,,,,,,,,,,,,,,,,,,,,,,,,,,,,,,,,,,,,,,,,,,,,,,,,,,,,,,,,,,,,,,,,,,,,,,,,,
1974,2,23.0,58.0,,,,,,,,,,,,,,,,,,,,,,,,,,,,,,,,,,,,,,,,13.0,13.0,13.0,13.0,2.0,0.0,8.0,0.0,0.4,0.1,11.53,12.13,12.72,12.13,2.0,1.23,8.0,0.0,0.4,0.1,1.03,3.25,5.47,3.25,2.0,4.6,8.0,0.0,0.4,0.1,979.88,980.9,981.92,980.9,2.0,2.12,8.0,0.0,0.4,0.1,,,,,,,,,,,,,,,,,,,,,,,,,,,,,,,,,,,,,,,,,,,,,,,,,,,,,,,,,,,,,,,,,,,,,,,,,,,,,,,,,,,,,,,,,,,,,,,,,,,,,,,,,,,,,,,,,,,,,,,,,,,,,,,,,,,,,,,,,,,,,,,,,,,,,,
1974,2,23.0,59.0,,,,,,,,,,,,,,,,,,,,,,,,,,,,,,,,,,,,,,,,7.48,8.5,11.1,9.25,4.0,2.63,16.0,0.5,0.3,0.5,-4.41,-0.78,3.63,-0.41,4.0,5.74,16.0,0.5,0.3,0.5,1.9,6.43,11.03,6.47,4.0,5.67,16.0,0.5,0.3,0.5,1012.62,1018.8,1027.6,1020.56,5.0,12.27,18.0,0.4,0.4,0.5,,,,,,,,,,,,,,,,,,,,,,,,,,,,,,,,,,,,,,,,,,,,,,,,,,,,,,,,,,,,,,,,,,,,,,,,,,,,,,,,,,,,,,,,,,,,,,,,,,,,,,,,,,,,,,,,,,,,,,,,,,,,,,,,,,,,,,,,,,,,,,,,,,,,,,
1974,2,23.0,64.0,-0.3,-0.3,-0.3,-0.3,1.0,0.0,28.0,0.0,0.6,0.8,-1.26,-0.75,-0.24,-0.75,2.0,1.06,18.0,0.5,0.8,0.5,3.2,3.2,3.2,3.2,1.0,0.0,28.0,0.0,0.6,0.8,96.4,96.4,96.4,96.4,1.0,0.0,28.0,0.0,0.8,9.8,9.8,9.8,9.8,1.0,0.0,28.0,0.0,0.6,0.8,6.3,6.3,6.3,6.3,1.0,0.0,28.0,0.0,0.6,0.8,7.51,7.51,7.51,7.51,1.0,0.0,28.0,0.0,0.6,0.8,990.7,1007.25,1023.8,1007.25,2.0,34.29,18.0,0.5,0.8,0.5,1.3,4.0,6.7,4.0,2.0,5.7,18.0,0.5,0.8,0.5,61.7,61.7,61.7,61.7,1.0,0.0,28.0,0.0,0.6,0.8,73.6,73.6,73.6,73.6,1.0,0.0,28.0,0.0,0.6,0.8,1.2,1.2,1.2,1.2,1.0,0.0,28.0,0.0,0.6,0.8,11.8,11.8,11.8,11.8,1.0,0.0,28.0,0.0,0.6,0.8,0.43,0.43,0.43,0.43,1.0,0.0,28.0,0.0,0.6,0.8,4.2,4.2,4.2,4.2,1.0,0.0,28.0,0.0,0.6,0.8,-9.4,-9.4,-9.4,-9.4,1.0,0.0,28.0,0.0,0.6,0.8,-11.3,-11.3,-11.3,-11.3,1.0,0.0,28.0,0.0,0.6,0.8,20.2,20.2,20.2,20.2,1.0,0.0,28.0,0.0,0.6,0.8,24.1,24.1,24.1,24.1,1.0,0.0,28.0,0.0,0.6,0.8,2.7,2.7,2.7,2.7,1.0,0.0,28.0,0.0,0.6,0.8,3.2,3.2,3.2,3.2,1.0,0.0,28.0,0.0,0.6,0.8,941.0,941.0,941.0,941.0,1.0,0.0,28.0,0.0,0.6,0.8,940.0,940.0,940.0,940.0,1.0,0.0,28.0,0.0,0.6,0.8
1974,2,23.0,71.0,3.71,4.3,5.91,4.57,10.0,1.06,12.0,0.2,0.3,0.2,-0.83,1.2,3.36,0.85,11.0,3.33,12.0,0.2,0.3,0.2,2.72,2.77,2.83,2.77,2.0,0.11,12.0,0.0,0.1,0.4,69.9,71.7,73.6,71.7,2.0,3.8,12.0,0.0,0.4,5.22,7.2,12.83,8.65,11.0,3.99,12.0,0.2,0.3,0.2,-8.46,-3.0,2.2,-2.86,11.0,6.61,12.0,0.2,0.3,0.2,0.12,5.2,7.25,4.52,11.0,4.81,12.0,0.2,0.3,0.2,993.83,1001.9,1009.46,1001.22,11.0,10.63,12.0,0.2,0.3,0.2,5.9,7.0,8.0,6.7,7.0,1.5,10.0,0.1,0.3,0.2,-117.0,-18.0,15.7,-33.9,11.0,83.7,12.0,0.2,0.3,0.2,1.8,31.2,70.8,45.5,11.0,66.8,12.0,0.2,0.3,0.2,0.23,4.0,5.2,3.73,10.0,4.12,12.0,0.2,0.3,0.2,3.1,31.9,68.3,33.3,10.0,31.1,12.0,0.2,0.3,0.2,2.47,2.6,2.74,2.6,2.0,0.29,12.0,0.0,0.1,0.4,21.6,31.0,40.3,31.0,2.0,19.3,12.0,0.0,0.1,0.4,-16.2,0.0,12.2,-1.1,11.0,15.4,12.0,0.2,0.3,0.2,-5.0,0.0,17.1,3.0,11.0,17.9,12.0,0.2,0.3,0.2,-16.4,-5.6,5.2,-5.6,2.0,22.4,12.0,0.0,0.1,0.4,20.9,27.5,34.0,27.5,2.0,13.6,12.0,0.0,0.1,0.4,-17.4,-6.8,3.7,-6.8,2.0,21.9,12.0,0.0,0.1,0.4,18.7,26.8,34.9,26.8,2.0,16.7,12.0,0.0,0.1,0.4,155.5,373.0,2147.5,1056.0,11.0,1296.0,12.0,0.2,0.3,0.2,155.0,375.0,2150.0,1055.0,11.0,1295.0,12.0,0.2,0.3,0.2
1974,2,23.0,72.0,,,,,,,,,,,,,,,,,,,,,,,,,,,,,,,,,,,,,,,,3.86,11.0,17.0,9.89,19.0,5.6,16.0,0.3,0.4,0.4,-15.97,-6.0,2.0,-5.47,19.0,7.65,16.0,0.3,0.4,0.4,-1.26,5.81,8.65,4.35,19.0,4.96,16.0,0.3,0.4,0.4,990.93,1007.0,1019.3,1005.84,19.0,11.32,16.0,0.3,0.4,0.4,,,,,,,,,,,,,,,,,,,,,,,,,,,,,,,,,,,,,,,,,,,,,,,,,,,,,,,,,,,,,,,,,,,,,,,,,,,,,,,,,,,,,,,,,,,,,,,,,,,,,,,,,,,,,,,,,,,,,,,,,,,,,,,,,,,,,,,,,,,,,,,,,,,,,,
1974,2,24.0,-70.0,-0.2,-0.2,-0.2,-0.2,1.0,0.0,10.0,0.0,0.8,0.6,-0.7,-0.7,-0.7,-0.7,1.0,0.0,10.0,0.0,0.8,0.6,3.18,3.18,3.18,3.18,1.0,0.0,10.0,0.0,0.8,0.6,85.0,85.0,85.0,85.0,1.0,0.0,10.0,0.0,0.6,6.2,6.2,6.2,6.2,1.0,0.0,10.0,0.0,0.8,0.6,-5.83,-5.83,-5.83,-5.83,1.0,0.0,10.0,0.0,0.8,0.6,2.12,2.12,2.12,2.12,1.0,0.0,10.0,0.0,0.8,0.6,971.0,971.0,971.0,971.0,1.0,0.0,10.0,0.0,0.8,0.6,3.0,3.0,3.0,3.0,1.0,0.0,10.0,0.0,0.8,0.6,-36.1,-36.1,-36.1,-36.1,1.0,0.0,10.0,0.0,0.8,0.6,13.1,13.1,13.1,13.1,1.0,0.0,10.0,0.0,0.8,0.6,0.5,0.5,0.5,0.5,1.0,0.0,10.0,0.0,0.8,0.6,3.1,3.1,3.1,3.1,1.0,0.0,10.0,0.0,0.8,0.6,0.7,0.7,0.7,0.7,1.0,0.0,10.0,0.0,0.8,0.6,4.3,4.3,4.3,4.3,1.0,0.0,10.0,0.0,0.8,0.6,4.1,4.1,4.1,4.1,1.0,0.0,10.0,0.0,0.8,0.6,-1.5,-1.5,-1.5,-1.5,1.0,0.0,10.0,0.0,0.8,0.6,-18.6,-18.6,-18.6,-18.6,1.0,0.0,10.0,0.0,0.8,0.6,6.8,6.8,6.8,6.8,1.0,0.0,10.0,0.0,0.8,0.6,-4.1,-4.1,-4.1,-4.1,1.0,0.0,10.0,0.0,0.8,0.6,1.5,1.5,1.5,1.5,1.0,0.0,10.0,0.0,0.8,0.6,238.5,238.5,238.5,238.5,1.0,0.0,10.0,0.0,0.8,0.6,240.0,240.0,240.0,240.0,1.0,0.0,10.0,0.0,0.8,0.6
1974,2,24.0,-67.0,,,,,,,,,,,,,,,,,,,,,,,,,,,,,,,,,,,,,,,,4.1,4.1,4.1,4.1,1.0,0.0,24.0,1.0,0.0,0.5,-2.05,-2.05,-2.05,-2.05,1.0,0.0,24.0,1.0,0.0,0.5,-3.55,-3.55,-3.55,-3.55,1.0,0.0,24.0,1.0,0.0,0.5,975.0,975.0,975.0,975.0,1.0,0.0,24.0,1.0,0.0,0.5,,,,,,,,,,,,,,,,,,,,,,,,,,,,,,,,,,,,,,,,,,,,,,,,,,,,,,,,,,,,,,,,,,,,,,,,,,,,,,,,,,,,,,,,,,,,,,,,,,,,,,,,,,,,,,,,,,,,,,,,,,,,,,,,,,,,,,,,,,,,,,,,,,,,,,
1974,2,24.0,-46.0,,,,,,,,,,,,,,,,,,,,,,,,,,,,,,,,,,,,,,,,6.7,6.7,6.7,6.7,2.0,0.0,14.0,1.0,0.4,0.3,3.17,4.6,6.04,4.6,2.0,2.96,14.0,1.0,0.4,0.3,-5.23,-3.11,-0.99,-3.11,2.0,4.39,14.0,1.0,0.4,0.3,1022.26,1023.25,1024.24,1023.25,2.0,2.05,14.0,1.0,0.4,0.3,,,,,,,,,,,,,,,,,,,,,,,,,,,,,,,,,,,,,,,,,,,,,,,,,,,,,,,,,,,,,,,,,,,,,,,,,,,,,,,,,,,,,,,,,,,,,,,,,,,,,,,,,,,,,,,,,,,,,,,,,,,,,,,,,,,,,,,,,,,,,,,,,,,,,,
1974,2,24.0,-40.0,20.0,20.0,20.0,20.0,1.0,0.0,14.0,1.0,0.4,0.8,18.6,18.6,18.6,18.6,1.0,0.0,14.0,1.0,0.4,0.8,7.48,7.48,7.48,7.48,1.0,0.0,14.0,1.0,0.4,0.8,56.9,56.9,56.9,56.9,1.0,0.0,14.0,1.0,0.8,4.6,4.6,4.6,4.6,1.0,0.0,14.0,1.0,0.4,0.8,-4.53,-4.53,-4.53,-4.53,1.0,0.0,14.0,1.0,0.4,0.8,0.8,0.8,0.8,0.8,1.0,0.0,14.0,1.0,0.4,0.8,1023.5,1023.5,1023.5,1023.5,1.0,0.0,14.0,1.0,0.4,0.8,4.0,4.0,4.0,4.0,1.0,0.0,14.0,1.0,0.4,0.8,-20.8,-20.8,-20.8,-20.8,1.0,0.0,14.0,1.0,0.4,0.8,3.7,3.7,3.7,3.7,1.0,0.0,14.0,1.0,0.4,0.8,1.4,1.4,1.4,1.4,1.0,0.0,14.0,1.0,0.4,0.8,6.4,6.4,6.4,6.4,1.0,0.0,14.0,1.0,0.4,0.8,6.92,6.92,6.92,6.92,1.0,0.0,14.0,1.0,0.4,0.8,31.8,31.8,31.8,31.8,1.0,0.0,14.0,1.0,0.4,0.8,-84.3,-84.3,-84.3,-84.3,1.0,0.0,14.0,1.0,0.4,0.8,14.9,14.9,14.9,14.9,1.0,0.0,14.0,1.0,0.4,0.8,-33.9,-33.9,-33.9,-33.9,1.0,0.0,14.0,1.0,0.4,0.8,6.0,6.0,6.0,6.0,1.0,0.0,14.0,1.0,0.4,0.8,-31.3,-31.3,-31.3,-31.3,1.0,0.0,14.0,1.0,0.4,0.8,5.5,5.5,5.5,5.5,1.0,0.0,14.0,1.0,0.4,0.8,97.5,97.5,97.5,97.5,1.0,0.0,14.0,1.0,0.4,0.8,95.0,95.0,95.0,95.0,1.0,0.0,14.0,1.0,0.4,0.8
1974,2,24.0,-38.0,21.0,21.0,21.0,21.0,1.0,0.0,14.0,1.0,0.8,0.8,19.7,19.7,19.7,19.7,1.0,0.0,14.0,1.0,0.8,0.8,8.51,8.51,8.51,8.51,1.0,0.0,14.0,1.0,0.8,0.8,60.3,60.3,60.3,60.3,1.0,0.0,14.0,1.0,0.8,8.2,8.2,8.2,8.2,1.0,0.0,14.0,1.0,0.8,0.8,0.0,0.0,0.0,0.0,1.0,0.0,14.0,1.0,0.8,0.8,8.2,8.2,8.2,8.2,1.0,0.0,14.0,1.0,0.8,0.8,1020.3,1020.3,1020.3,1020.3,1.0,0.0,14.0,1.0,0.8,0.8,4.0,4.0,4.0,4.0,1.0,0.0,14.0,1.0,0.8,0.8,0.0,0.0,0.0,0.0,1.0,0.0,14.0,1.0,0.8,0.8,67.2,67.2,67.2,67.2,1.0,0.0,14.0,1.0,0.8,0.8,1.3,1.3,1.3,1.3,1.0,0.0,14.0,1.0,0.8,0.8,10.7,10.7,10.7,10.7,1.0,0.0,14.0,1.0,0.8,0.8,6.85,6.85,6.85,6.85,1.0,0.0,14.0,1.0,0.8,0.8,56.2,56.2,56.2,56.2,1.0,0.0,14.0,1.0,0.8,0.8,0.0,0.0,0.0,0.0,1.0,0.0,14.0,1.0,0.8,0.8,161.5,161.5,161.5,161.5,1.0,0.0,14.0,1.0,0.8,0.8,0.0,0.0,0.0,0.0,1.0,0.0,14.0,1.0,0.8,0.8,69.8,69.8,69.8,69.8,1.0,0.0,14.0,1.0,0.8,0.8,0.0,0.0,0.0,0.0,1.0,0.0,14.0,1.0,0.8,0.8,56.2,56.2,56.2,56.2,1.0,0.0,14.0,1.0,0.8,0.8,551.5,551.5,551.5,551.5,1.0,0.0,14.0,1.0,0.8,0.8,550.0,550.0,550.0,550.0,1.0,0.0,14.0,1.0,0.8,0.8
1974,2,24.0,-37.0,22.0,22.0,22.0,22.0,1.0,0.0,2.0,0.0,0.6,0.7,19.2,19.2,19.2,19.2,1.0,0.0,2.0,0.0,0.6,0.7,9.5,9.5,9.5,9.5,1.0,0.0,2.0,0.0,0.6,0.7,69.1,69.1,69.1,69.1,1.0,0.0,2.0,0.0,0.7,6.7,6.7,6.7,6.7,1.0,0.0,2.0,0.0,0.6,0.7,-5.13,-5.13,-5.13,-5.13,1.0,0.0,2.0,0.0,0.6,0.7,4.31,4.31,4.31,4.31,1.0,0.0,2.0,0.0,0.6,0.7,1016.4,1016.4,1016.4,1016.4,1.0,0.0,2.0,0.0,0.6,0.7,7.0,7.0,7.0,7.0,1.0,0.0,2.0,0.0,0.6,0.7,-34.4,-34.4,-34.4,-34.4,1.0,0.0,2.0,0.0,0.6,0.7,28.9,28.9,28.9,28.9,1.0,0.0,2.0,0.0,0.6,0.7,2.8,2.8,2.8,2.8,1.0,0.0,2.0,0.0,0.6,0.7,18.8,18.8,18.8,18.8,1.0,0.0,2.0,0.0,0.6,0.7,6.91,6.91,6.91,6.91,1.0,0.0,2.0,0.0,0.6,0.7,46.3,46.3,46.3,46.3,1.0,0.0,2.0,0.0,0.6,0.7,-98.5,-98.5,-98.5,-98.5,1.0,0.0,2.0,0.0,0.6,0.7,82.7,82.7,82.7,82.7,1.0,0.0,2.0,0.0,0.6,0.7,-48.8,-48.8,-48.8,-48.8,1.0,0.0,2.0,0.0,0.6,0.7,40.9,40.9,40.9,40.9,1.0,0.0,2.0,0.0,0.6,0.7,-35.5,-35.5,-35.5,-35.5,1.0,0.0,2.0,0.0,0.6,0.7,29.8,29.8,29.8,29.8,1.0,0.0,2.0,0.0,0.6,0.7,301.0,301.0,301.0,301.0,1.0,0.0,2.0,0.0,0.6,0.7,300.0,300.0,300.0,300.0,1.0,0.0,2.0,0.0,0.6,0.7
1974,2,24.0,-36.0,23.63,25.0,25.81,24.74,5.0,1.24,14.0,0.6,0.5,1.0,22.0,23.9,24.08,23.37,6.0,1.08,16.0,0.7,0.5,1.0,11.17,12.61,14.6,12.87,4.0,2.06,12.0,0.8,0.7,0.9,64.0,72.1,78.8,71.5,4.0,9.7,12.0,0.8,0.9,3.93,7.7,10.47,7.67,7.0,3.77,18.0,0.6,0.4,1.0,-7.22,-3.46,6.27,-0.74,7.0,7.98,18.0,0.6,0.4,1.0,-2.98,2.0,2.71,0.19,7.0,4.29,18.0,0.6,0.4,1.0,1007.74,1010.5,1024.42,1014.09,7.0,8.27,16.0,0.4,0.4,0.9,2.0,6.0,7.5,4.6,9.0,2.9,18.0,0.4,0.4,0.9,-60.5,-13.9,52.3,6.0,7.0,90.5,18.0,0.6,0.4,1.0,-24.7,6.8,33.8,-2.4,7.0,40.3,18.0,0.6,0.4,1.0,0.12,1.9,2.0,1.1,5.0,1.46,14.0,0.6,0.5,1.0,8.3,17.6,24.4,16.4,4.0,10.7,12.0,0.8,0.7,0.9,6.29,7.1,8.05,7.17,4.0,1.24,12.0,0.8,0.7,0.9,37.2,56.1,81.2,59.1,4.0,32.4,12.0,0.8,0.7,0.9,-158.6,0.0,199.1,24.8,5.0,198.5,14.0,0.8,0.6,0.9,-69.2,53.1,82.6,8.8,5.0,118.4,14.0,0.8,0.6,0.9,-53.2,40.7,120.6,34.1,4.0,110.6,12.0,0.8,0.7,0.9,-50.2,28.0,49.4,0.9,4.0,83.4,12.0,0.8,0.7,0.9,-19.9,20.4,71.7,25.7,4.0,59.0,12.0,0.8,0.7,0.9,-15.3,20.2,28.7,7.3,4.0,35.7,12.0,0.8,0.7,0.9,62.0,456.5,1169.0,743.0,7.0,927.0,18.0,0.6,0.4,1.0,60.0,455.0,1170.0,745.0,7.0,925.0,18.0,0.6,0.4,1.0
1974,2,24.0,-35.0,18.3,20.0,21.0,19.79,77.0,1.61,14.0,0.4,0.4,0.6,19.5,20.5,22.3,20.85,87.0,1.44,14.0,0.5,0.4,0.6,11.88,12.98,14.25,13.0,76.0,1.31,14.0,0.4,0.4,0.6,77.5,86.2,91.2,85.2,76.0,7.0,14.0,0.4,0.6,3.6,6.45,10.3,6.89,116.0,3.68,14.0,0.5,0.5,0.5,-8.06,0.0,6.65,-0.55,116.0,7.41,14.0,0.5,0.5,0.5,-1.78,0.0,2.74,0.41,116.0,2.46,14.0,0.5,0.5,0.5,1008.0,1014.4,1018.76,1013.63,122.0,5.05,14.0,0.5,0.5,0.5,1.0,4.0,8.0,4.4,119.0,3.0,14.0,0.5,0.5,0.5,-67.2,0.0,47.4,-5.7,116.0,87.0,14.0,0.5,0.5,0.5,-9.9,0.0,16.2,2.4,116.0,22.6,14.0,0.5,0.5,0.5,-2.5,-0.7,0.8,-0.94,77.0,1.89,14.0,0.4,0.4,0.6,-23.1,-5.1,3.6,-8.3,72.0,16.5,14.0,0.4,0.4,0.6,-0.84,1.48,3.32,1.37,69.0,1.78,14.0,0.4,0.4,0.6,-5.2,8.1,21.7,9.4,65.0,14.7,14.0,0.4,0.4,0.6,-196.0,-62.1,150.3,-26.2,81.0,177.1,14.0,0.5,0.5,0.6,-39.9,0.0,63.6,9.3,81.0,52.5,14.0,0.5,0.5,0.6,-123.5,-38.8,93.0,-14.6,71.0,109.5,14.0,0.4,0.4,0.6,-25.6,0.0,40.6,6.3,71.0,29.8,14.0,0.4,0.4,0.6,-13.8,0.2,19.8,1.9,65.0,16.6,14.0,0.4,0.4,0.6,-1.7,0.0,3.9,1.2,65.0,5.2,14.0,0.4,0.4,0.6,46.5,269.5,1092.5,650.0,116.0,1136.0,14.0,0.5,0.5,0.5,45.0,270.0,1095.0,650.0,116.0,1135.0,14.0,0.5,0.5,0.5
1974,2,24.0,32.0,15.48,16.6,17.36,16.43,4.0,1.15,8.0,0.3,0.6,0.8,14.14,15.3,17.03,15.58,4.0,1.75,8.0,0.3,0.6,0.8,7.51,7.51,7.51,7.51,1.0,0.0,12.0,0.0,0.7,0.9,60.2,60.2,60.2,60.2,1.0,0.0,12.0,0.0,0.9,2.48,6.15,10.09,6.28,4.0,4.42,8.0,0.3,0.6,0.8,1.77,4.14,6.48,4.13,4.0,2.75,8.0,0.3,0.6,0.8,-7.73,-4.53,-1.72,-4.71,4.0,3.48,8.0,0.3,0.6,0.8,1018.52,1019.2,1024.07,1021.2,4.0,4.83,8.0,0.3,0.6,0.8,1.4,3.0,4.6,3.0,4.0,2.4,8.0,0.3,0.6,0.8,4.6,31.2,65.7,35.0,4.0,35.9,8.0,0.3,0.6,0.8,-78.4,-36.0,-4.4,-41.1,4.0,43.4,8.0,0.3,0.6,0.8,-0.99,1.45,2.63,0.85,4.0,2.55,8.0,0.3,0.6,0.8,-11.9,3.4,20.0,4.0,4.0,24.4,8.0,0.3,0.6,0.8,3.01,3.01,3.01,3.01,1.0,0.0,12.0,0.0,0.7,0.9,28.0,28.0,28.0,28.0,1.0,0.0,12.0,0.0,0.7,0.9,27.3,68.4,102.7,65.1,4.0,44.0,8.0,0.3,0.6,0.8,-122.4,-74.9,-26.2,-74.3,4.0,55.5,8.0,0.3,0.6,0.8,44.9,44.9,44.9,44.9,1.0,0.0,12.0,0.0,0.7,0.9,-53.5,-53.5,-53.5,-53.5,1.0,0.0,12.0,0.0,0.7,0.9,18.0,18.0,18.0,18.0,1.0,0.0,12.0,0.0,0.7,0.9,-21.4,-21.4,-21.4,-21.4,1.0,0.0,12.0,0.0,0.7,0.9,17.0,415.5,1043.0,525.0,4.0,614.5,8.0,0.3,0.6,0.8,15.0,415.0,1045.0,525.0,4.0,615.0,8.0,0.3,0.6,0.8
1974,2,24.0,33.0,15.63,16.1,17.2,16.4,11.0,0.83,18.0,0.5,0.4,0.6,14.54,16.1,16.61,15.89,10.0,1.43,14.0,0.5,0.4,0.6,6.6,7.43,9.78,8.11,8.0,1.7,16.0,0.4,0.3,0.7,61.6,64.3,84.2,70.0,8.0,12.4,16.0,0.4,0.7,4.35,6.85,10.48,7.12,12.0,3.04,18.0,0.4,0.4,0.6,1.2,4.99,9.68,5.21,12.0,3.94,18.0,0.4,0.4,0.6,-5.92,-0.67,1.92,-1.64,12.0,4.05,18.0,0.4,0.4,0.6,1009.4,1010.3,1016.77,1012.3,10.0,3.85,14.0,0.5,0.4,0.6,1.3,3.0,6.6,3.6,10.0,2.5,14.0,0.5,0.4,0.6,2.5,31.9,104.5,46.4,12.0,44.3,18.0,0.4,0.4,0.6,-49.3,-1.4,18.4,-15.3,12.0,33.6,18.0,0.4,0.4,0.6,0.73,1.1,1.69,0.94,9.0,1.1,14.0,0.6,0.4,0.6,2.6,8.5,14.3,6.7,9.0,10.7,14.0,0.6,0.4,0.6,2.32,4.95,5.72,4.16,7.0,1.64,16.0,0.4,0.3,0.7,10.4,30.6,40.4,30.5,7.0,19.0,16.0,0.4,0.3,0.7,36.1,98.8,151.3,93.0,10.0,60.1,14.0,0.5,0.4,0.6,-87.7,6.6,37.8,-10.2,10.0,61.2,14.0,0.5,0.4,0.6,16.7,34.4,62.6,37.7,8.0,27.2,16.0,0.4,0.3,0.7,-11.2,8.5,24.1,5.6,8.0,26.0,16.0,0.4,0.3,0.7,3.1,28.6,40.3,26.4,7.0,21.1,16.0,0.4,0.3,0.7,-4.1,5.1,10.6,-0.1,7.0,13.8,16.0,0.4,0.3,0.7,84.5,336.5,1153.5,540.0,12.0,520.0,18.0,0.4,0.4,0.6,85.0,335.0,1155.0,540.0,12.0,520.0,18.0,0.4,0.4,0.6
1974,2,24.0,34.0,15.6,16.1,17.04,16.31,36.0,0.93,14.0,0.6,0.5,0.6,13.44,15.6,16.91,15.25,37.0,1.92,16.0,0.6,0.4,0.6,6.66,7.6,9.39,7.96,32.0,1.53,16.0,0.6,0.4,0.5,60.9,71.3,88.1,73.4,33.0,12.5,16.0,0.6,0.5,3.46,7.7,12.5,7.97,37.0,4.17,16.0,0.6,0.4,0.6,-4.9,2.91,6.86,1.75,37.0,6.04,16.0,0.6,0.4,0.6,-6.01,0.0,5.56,-0.24,37.0,6.56,16.0,0.6,0.4,0.6,1006.3,1012.4,1017.36,1012.45,37.0,6.36,14.0,0.6,0.4,0.6,1.2,4.0,7.0,4.0,34.0,2.5,16.0,0.6,0.4,0.6,-56.5,12.2,56.4,6.3,37.0,70.4,16.0,0.6,0.4,0.6,-46.3,0.0,59.3,-7.1,37.0,83.9,16.0,0.6,0.4,0.6,-0.68,0.7,3.68,1.08,34.0,2.17,14.0,0.6,0.5,0.6,-5.0,4.4,22.3,12.2,31.0,26.2,14.0,0.6,0.5,0.6,1.81,3.97,4.87,3.53,30.0,1.71,16.0,0.6,0.4,0.5,3.5,28.5,42.7,28.0,27.0,21.9,16.0,0.6,0.5,0.5,-90.6,47.0,112.0,29.5,34.0,94.1,14.0,0.6,0.4,0.6,-86.8,0.0,82.8,4.1,34.0,85.9,14.0,0.6,0.4,0.6,-52.3,22.2,50.1,8.6,29.0,54.6,16.0,0.7,0.4,0.5,-42.8,12.0,53.3,8.3,29.0,44.3,16.0,0.7,0.4,0.5,-19.3,10.9,31.2,9.2,27.0,22.3,16.0,0.6,0.5,0.5,-16.6,0.0,16.7,-3.3,27.0,26.4,16.0,0.6,0.5,0.5,42.0,456.5,1957.5,931.0,37.0,1176.0,16.0,0.6,0.4,0.6,40.0,455.0,1955.0,930.0,37.0,1175.0,16.0,0.6,0.4,0.6
1974,2,24.0,35.0,13.3,16.0,16.1,15.22,53.0,1.41,20.0,0.6,0.3,0.5,12.0,15.55,17.8,15.08,64.0,2.74,20.0,0.6,0.3,0.5,6.17,7.63,9.28,7.67,57.0,1.55,20.0,0.7,0.3,0.6,53.6,77.3,92.7,73.4,59.0,17.5,20.0,0.7,0.6,3.6,7.7,12.9,7.87,64.0,4.58,20.0,0.6,0.3,0.5,-4.95,-0.89,7.24,-0.02,64.0,6.57,20.0,0.6,0.3,0.5,-4.79,1.09,7.71,1.61,64.0,6.17,20.0,0.6,0.3,0.5,1007.58,1012.5,1017.41,1012.39,63.0,4.86,20.0,0.6,0.3,0.5,2.0,3.0,6.8,3.7,59.0,2.5,20.0,0.6,0.3,0.5,-38.1,-2.4,55.7,1.4,64.0,88.1,20.0,0.6,0.3,0.5,-26.3,2.3,68.2,24.8,64.0,80.9,20.0,0.6,0.3,0.5,-2.15,-0.5,2.79,0.15,52.0,2.4,20.0,0.6,0.3,0.5,-16.6,-2.3,14.5,-0.3,50.0,18.3,20.0,0.6,0.3,0.5,1.36,3.64,5.21,3.44,46.0,1.87,20.0,0.7,0.3,0.6,7.2,26.3,61.5,33.1,44.0,27.1,20.0,0.7,0.3,0.6,-79.1,-13.1,92.8,-2.4,62.0,105.9,20.0,0.6,0.3,0.5,-51.0,14.8,136.9,36.8,62.0,92.5,20.0,0.6,0.3,0.5,-43.8,-6.8,48.8,-1.2,55.0,48.7,20.0,0.7,0.3,0.6,-27.8,8.3,59.6,15.6,55.0,45.9,20.0,0.7,0.3,0.6,-14.6,-0.3,32.8,4.6,44.0,33.5,20.0,0.7,0.3,0.6,-11.4,0.4,29.4,8.7,44.0,25.3,20.0,0.7,0.3,0.6,46.5,456.5,2146.5,1032.5,64.0,1704.0,20.0,0.6,0.3,0.5,45.0,455.0,2145.0,1035.0,64.0,1705.0,20.0,0.6,0.3,0.5
1974,2,24.0,36.0,13.9,14.4,15.97,14.8,14.0,1.67,14.0,0.2,0.3,0.4,10.13,12.8,15.89,13.11,15.0,2.77,16.0,0.2,0.3,0.4,6.24,7.64,9.55,7.83,9.0,1.65,16.0,0.1,0.2,0.2,68.2,80.5,92.9,79.9,9.0,12.2,16.0,0.1,0.2,1.57,6.2,8.92,5.75,14.0,3.46,16.0,0.2,0.3,0.4,-5.32,0.26,5.88,0.25,14.0,5.29,16.0,0.2,0.3,0.4,-6.29,-0.54,2.97,-0.87,14.0,4.32,16.0,0.2,0.3,0.4,1012.4,1016.5,1019.48,1016.4,15.0,3.92,16.0,0.2,0.3,0.4,1.9,2.0,6.0,3.2,13.0,2.3,14.0,0.2,0.3,0.3,-31.3,0.4,36.6,4.2,14.0,46.7,16.0,0.2,0.3,0.4,-52.8,-1.1,18.4,-7.4,14.0,37.4,16.0,0.2,0.3,0.4,-1.47,1.35,4.69,1.46,14.0,3.34,14.0,0.2,0.3,0.4,-10.8,0.0,11.8,0.4,13.0,19.3,14.0,0.2,0.3,0.4,0.4,2.42,4.69,2.42,8.0,1.99,16.0,0.1,0.2,0.2,2.3,12.3,22.7,12.3,8.0,9.8,16.0,0.1,0.2,0.2,-78.5,2.7,87.4,7.1,14.0,79.4,16.0,0.2,0.3,0.4,-63.2,-7.5,44.6,-4.8,14.0,55.9,16.0,0.2,0.3,0.4,-51.7,3.0,39.7,-1.4,9.0,48.2,16.0,0.1,0.2,0.2,-32.5,-8.1,30.3,-0.7,9.0,34.4,16.0,0.1,0.2,0.2,-1.0,4.6,21.5,7.9,8.0,10.4,16.0,0.1,0.2,0.2,-7.1,-2.2,7.6,-0.3,8.0,9.5,16.0,0.1,0.2,0.2,4.5,238.5,712.0,375.0,14.0,437.0,16.0,0.2,0.3,0.4,5.0,240.0,710.0,375.0,14.0,435.0,16.0,0.2,0.3,0.4
1974,2,24.0,37.0,13.32,14.5,15.99,14.59,39.0,1.27,12.0,0.5,0.3,0.6,9.05,12.5,15.1,12.52,42.0,2.67,12.0,0.5,0.3,0.6,5.31,6.83,8.51,7.07,9.0,2.06,12.0,0.4,0.3,0.4,57.7,71.1,90.6,71.5,9.0,17.2,12.0,0.4,0.4,1.38,6.0,12.9,6.99,41.0,5.38,12.0,0.6,0.3,0.6,-3.72,0.0,3.4,-0.3,41.0,3.98,12.0,0.6,0.3,0.6,-8.4,0.0,4.27,-1.51,41.0,7.8,12.0,0.6,0.3,0.6,1009.5,1018.3,1025.51,1016.85,45.0,8.55,12.0,0.6,0.3,0.6,0.0,3.0,7.7,3.5,41.0,3.0,12.0,0.6,0.3,0.6,-31.8,0.0,33.0,-0.6,41.0,45.7,12.0,0.6,0.3,0.6,-96.2,0.0,28.3,-25.2,41.0,117.1,12.0,0.6,0.3,0.6,0.11,1.2,3.72,1.63,36.0,2.13,12.0,0.5,0.2,0.6,0.0,7.2,31.8,13.7,33.0,23.6,12.0,0.5,0.2,0.6,1.9,3.46,4.58,3.33,9.0,1.56,12.0,0.4,0.3,0.4,11.7,34.6,51.8,33.3,7.0,21.1,14.0,0.4,0.3,0.4,-47.4,0.0,42.3,-4.8,38.0,53.0,12.0,0.6,0.3,0.6,-107.3,4.3,76.9,-7.2,38.0,95.4,12.0,0.6,0.3,0.6,-51.3,-15.4,24.0,-17.4,7.0,41.7,14.0,0.4,0.3,0.4,-46.9,0.0,42.1,-7.3,7.0,81.0,14.0,0.4,0.3,0.4,-27.5,-10.3,9.2,-12.3,7.0,21.5,14.0,0.4,0.3,0.4,-40.2,0.0,8.1,-7.1,7.0,32.3,14.0,0.4,0.3,0.4,4.0,216.0,2146.5,1050.0,41.0,1884.0,12.0,0.6,0.3,0.6,5.0,215.0,2145.0,1050.0,41.0,1885.0,12.0,0.6,0.3,0.6
1974,2,24.0,38.0,12.4,14.1,15.8,14.18,35.0,1.67,14.0,0.6,0.8,0.3,8.0,12.7,14.5,12.16,37.0,2.74,14.0,0.6,0.8,0.3,6.17,7.07,7.8,6.9,13.0,1.35,14.0,0.2,0.7,0.3,69.6,78.3,88.9,77.7,13.0,11.4,14.0,0.2,0.3,4.0,9.25,14.08,9.18,32.0,5.32,14.0,0.6,0.7,0.3,-3.41,0.18,4.1,0.57,32.0,4.88,14.0,0.6,0.7,0.3,-11.09,-2.81,9.38,-1.61,32.0,9.4,14.0,0.6,0.7,0.3,1001.17,1016.7,1023.11,1013.56,39.0,9.01,14.0,0.6,0.8,0.3,0.0,4.0,8.0,4.4,39.0,3.2,14.0,0.6,0.8,0.3,-35.1,0.4,49.3,9.8,32.0,66.9,14.0,0.6,0.7,0.3,-126.2,-9.5,103.0,-24.0,32.0,141.9,14.0,0.6,0.7,0.3,-0.88,1.6,5.0,1.84,34.0,2.69,14.0,0.6,0.8,0.3,-3.6,13.4,51.3,21.4,29.0,28.9,14.0,0.6,0.8,0.3,1.68,2.74,3.86,2.99,13.0,1.41,14.0,0.2,0.7,0.3,11.4,22.1,64.2,34.8,11.0,26.9,14.0,0.2,0.7,0.3,-39.0,0.0,57.5,7.0,31.0,64.8,14.0,0.6,0.7,0.3,-92.1,-26.1,128.5,0.3,31.0,108.7,14.0,0.6,0.7,0.3,-16.4,0.0,44.4,11.3,11.0,42.7,14.0,0.2,0.7,0.3,-63.1,-26.0,51.3,-14.0,11.0,63.0,14.0,0.2,0.7,0.3,-10.1,0.0,14.9,2.4,11.0,16.2,14.0,0.2,0.7,0.3,-52.9,-9.7,19.1,-14.6,11.0,39.4,14.0,0.2,0.7,0.3,64.0,800.0,2794.5,1574.0,32.0,2236.0,14.0,0.6,0.7,0.3,65.0,800.0,2795.0,1575.0,32.0,2235.0,14.0,0.6,0.7,0.3
1974,2,24.0,39.0,14.11,14.7,16.28,15.22,6.0,2.0,4.0,0.5,0.3,0.3,9.93,14.0,18.92,14.3,7.0,4.11,6.0,0.6,0.3,0.4,6.62,9.01,10.3,8.5,5.0,2.1,2.0,0.4,0.4,0.4,74.8,75.6,78.9,76.9,5.0,3.5,2.0,0.4,0.4,3.58,4.1,9.0,6.46,7.0,4.22,6.0,0.6,0.3,0.4,-2.75,1.06,2.87,0.16,7.0,3.47,6.0,0.6,0.3,0.4,-4.34,-2.31,4.51,-1.01,7.0,7.3,6.0,0.6,0.3,0.4,1022.78,1024.0,1024.83,1021.79,7.0,7.74,6.0,0.6,0.3,0.4,2.0,2.0,4.5,3.2,5.0,2.2,4.0,0.6,0.3,0.3,-16.1,3.3,11.1,-6.6,7.0,34.3,6.0,0.6,0.3,0.4,-25.0,-8.3,31.0,-17.9,7.0,89.7,6.0,0.6,0.3,0.4,-1.26,0.35,4.42,0.87,6.0,3.17,4.0,0.5,0.3,0.3,-6.6,1.4,18.8,5.3,6.0,15.3,4.0,0.5,0.3,0.3,1.03,2.84,3.73,2.47,5.0,1.64,2.0,0.4,0.4,0.4,7.7,12.7,14.5,11.0,5.0,5.9,2.0,0.4,0.4,0.4,-37.8,20.6,28.3,-1.8,7.0,42.3,6.0,0.6,0.3,0.4,-78.7,-23.1,47.4,-19.3,7.0,104.8,6.0,0.6,0.3,0.4,-15.6,11.2,14.6,1.6,5.0,16.6,2.0,0.4,0.4,0.4,-33.9,-12.9,42.6,3.4,5.0,47.6,2.0,0.4,0.4,0.4,-4.1,0.3,7.5,1.5,5.0,7.5,2.0,0.4,0.4,0.4,-11.2,-0.8,10.2,-0.5,5.0,11.2,2.0,0.4,0.4,0.4,46.0,69.0,785.0,640.0,7.0,1198.0,6.0,0.6,0.3,0.4,45.0,70.0,785.0,640.0,7.0,1200.0,6.0,0.6,0.3,0.4
1974,2,24.0,40.0,15.0,15.0,15.0,15.0,1.0,0.0,4.0,1.0,0.5,0.3,12.8,12.8,12.8,12.8,1.0,0.0,4.0,1.0,0.5,0.3,6.93,6.93,6.93,6.93,1.0,0.0,4.0,1.0,0.5,0.3,76.6,76.6,76.6,76.6,1.0,0.0,4.0,1.0,0.3,5.1,5.1,5.1,5.1,1.0,0.0,4.0,1.0,0.5,0.3,-3.28,-3.28,-3.28,-3.28,1.0,0.0,4.0,1.0,0.5,0.3,-3.91,-3.91,-3.91,-3.91,1.0,0.0,4.0,1.0,0.5,0.3,1025.4,1025.4,1025.4,1025.4,1.0,0.0,4.0,1.0,0.5,0.3,2.0,2.0,2.0,2.0,1.0,0.0,4.0,1.0,0.5,0.3,-16.7,-16.7,-16.7,-16.7,1.0,0.0,4.0,1.0,0.5,0.3,-19.9,-19.9,-19.9,-19.9,1.0,0.0,4.0,1.0,0.5,0.3,2.2,2.2,2.2,2.2,1.0,0.0,4.0,1.0,0.5,0.3,11.2,11.2,11.2,11.2,1.0,0.0,4.0,1.0,0.5,0.3,3.52,3.52,3.52,3.52,1.0,0.0,4.0,1.0,0.5,0.3,18.0,18.0,18.0,18.0,1.0,0.0,4.0,1.0,0.5,0.3,-42.0,-42.0,-42.0,-42.0,1.0,0.0,4.0,1.0,0.5,0.3,-50.0,-50.0,-50.0,-50.0,1.0,0.0,4.0,1.0,0.5,0.3,-22.7,-22.7,-22.7,-22.7,1.0,0.0,4.0,1.0,0.5,0.3,-27.1,-27.1,-27.1,-27.1,1.0,0.0,4.0,1.0,0.5,0.3,-11.6,-11.6,-11.6,-11.6,1.0,0.0,4.0,1.0,0.5,0.3,-13.8,-13.8,-13.8,-13.8,1.0,0.0,4.0,1.0,0.5,0.3,132.5,132.5,132.5,132.5,1.0,0.0,4.0,1.0,0.5,0.3,135.0,135.0,135.0,135.0,1.0,0.0,4.0,1.0,0.5,0.3
1974,2,24.0,57.0,,,,,,,,,,,,,,,,,,,,,,,,,,,,,,,,,,,,,,,,4.32,5.0,5.68,5.0,2.0,1.41,8.0,1.0,0.1,0.3,-3.16,-1.88,-0.6,-1.88,2.0,2.66,8.0,1.0,0.1,0.3,2.1,3.68,5.26,3.68,2.0,3.28,8.0,1.0,0.1,0.3,976.83,977.1,977.37,977.1,2.0,0.57,8.0,1.0,0.1,0.3,,,,,,,,,,,,,,,,,,,,,,,,,,,,,,,,,,,,,,,,,,,,,,,,,,,,,,,,,,,,,,,,,,,,,,,,,,,,,,,,,,,,,,,,,,,,,,,,,,,,,,,,,,,,,,,,,,,,,,,,,,,,,,,,,,,,,,,,,,,,,,,,,,,,,,
1974,2,24.0,59.0,,,,,,,,,,,,,,,,,,,,,,,,,,,,,,,,,,,,,,,,4.9,9.0,11.52,8.25,4.0,4.11,10.0,0.3,0.5,0.8,-7.43,-1.2,2.88,-2.22,4.0,7.31,10.0,0.3,0.5,0.8,1.43,4.79,8.12,4.78,4.0,4.15,10.0,0.3,0.5,0.8,981.38,995.85,1007.75,994.63,4.0,16.68,10.0,0.3,0.5,0.8,,,,,,,,,,,,,,,,,,,,,,,,,,,,,,,,,,,,,,,,,,,,,,,,,,,,,,,,,,,,,,,,,,,,,,,,,,,,,,,,,,,,,,,,,,,,,,,,,,,,,,,,,,,,,,,,,,,,,,,,,,,,,,,,,,,,,,,,,,,,,,,,,,,,,,
1974,2,24.0,64.0,,,,,,,,,,,,,,,,,,,,,,,,,,,,,,,,,,,,,,,,9.0,9.0,9.0,9.0,1.0,0.0,24.0,0.0,0.0,0.6,8.46,8.46,8.46,8.46,1.0,0.0,24.0,0.0,0.0,0.6,3.08,3.08,3.08,3.08,1.0,0.0,24.0,0.0,0.0,0.6,1017.5,1017.5,1017.5,1017.5,1.0,0.0,24.0,0.0,0.0,0.6,,,,,,,,,,,,,,,,,,,,,,,,,,,,,,,,,,,,,,,,,,,,,,,,,,,,,,,,,,,,,,,,,,,,,,,,,,,,,,,,,,,,,,,,,,,,,,,,,,,,,,,,,,,,,,,,,,,,,,,,,,,,,,,,,,,,,,,,,,,,,,,,,,,,,,
1974,2,24.0,65.0,,,,,,,,,,,,,,,,,,,,,,,,,,,,,,,,,,,,,,,,4.0,4.0,4.0,4.0,1.0,0.0,24.0,0.0,0.6,0.1,3.06,3.06,3.06,3.06,1.0,0.0,24.0,0.0,0.6,0.1,2.57,2.57,2.57,2.57,1.0,0.0,24.0,0.0,0.6,0.1,1004.6,1004.6,1004.6,1004.6,1.0,0.0,24.0,0.0,0.6,0.1,,,,,,,,,,,,,,,,,,,,,,,,,,,,,,,,,,,,,,,,,,,,,,,,,,,,,,,,,,,,,,,,,,,,,,,,,,,,,,,,,,,,,,,,,,,,,,,,,,,,,,,,,,,,,,,,,,,,,,,,,,,,,,,,,,,,,,,,,,,,,,,,,,,,,,
1974,2,24.0,71.0,3.82,4.8,5.0,4.56,15.0,0.95,14.0,0.2,0.4,0.3,-2.93,-0.4,2.73,-0.09,15.0,2.51,14.0,0.2,0.4,0.3,2.73,3.11,3.38,3.06,4.0,0.38,12.0,0.5,0.4,0.3,85.2,94.9,95.4,90.5,4.0,9.4,12.0,0.5,0.3,6.22,9.8,12.98,9.73,15.0,3.7,14.0,0.2,0.4,0.3,-10.38,-4.65,-0.83,-5.23,15.0,5.44,14.0,0.2,0.4,0.3,3.56,6.0,9.92,6.46,15.0,3.42,14.0,0.2,0.4,0.3,998.59,1009.0,1011.41,1005.19,15.0,10.15,14.0,0.2,0.4,0.3,5.2,8.0,8.0,6.6,8.0,2.5,12.0,0.1,0.3,0.3,-122.3,-42.4,-5.0,-63.0,15.0,70.6,14.0,0.2,0.4,0.3,25.2,70.1,124.8,70.9,15.0,50.8,14.0,0.2,0.4,0.3,2.11,5.3,7.23,4.65,15.0,2.41,14.0,0.2,0.4,0.3,20.9,44.6,75.0,48.2,15.0,30.9,14.0,0.2,0.4,0.3,1.8,2.23,2.51,2.16,4.0,0.44,12.0,0.5,0.4,0.3,14.0,20.4,30.1,22.0,4.0,9.8,12.0,0.5,0.4,0.3,-5.3,4.7,16.6,5.4,15.0,17.5,14.0,0.2,0.4,0.3,-17.2,-4.0,10.7,-2.6,15.0,13.3,14.0,0.2,0.4,0.3,-28.9,-14.1,-12.5,-20.4,4.0,13.8,12.0,0.5,0.4,0.3,10.9,21.0,30.9,20.9,4.0,12.1,12.0,0.5,0.4,0.3,-18.3,-11.5,-9.3,-13.7,4.0,7.4,12.0,0.5,0.4,0.3,7.7,10.9,22.9,15.1,4.0,11.5,12.0,0.5,0.4,0.3,244.0,941.0,2186.0,1280.0,15.0,1130.0,14.0,0.2,0.4,0.3,245.0,940.0,2185.0,1280.0,15.0,1130.0,14.0,0.2,0.4,0.3
1974,2,24.0,72.0,,,,,,,,,,,,,,,,,,,,,,,,,,,,,,,,,,,,,,,,7.0,10.0,13.35,10.54,11.0,4.05,16.0,0.3,0.3,0.5,-10.53,-5.0,3.88,-2.35,11.0,9.5,16.0,0.3,0.3,0.5,-0.93,5.2,7.69,4.28,11.0,4.7,16.0,0.3,0.3,0.5,971.04,995.3,1010.43,992.35,11.0,17.18,16.0,0.3,0.3,0.5,,,,,,,,,,,,,,,,,,,,,,,,,,,,,,,,,,,,,,,,,,,,,,,,,,,,,,,,,,,,,,,,,,,,,,,,,,,,,,,,,,,,,,,,,,,,,,,,,,,,,,,,,,,,,,,,,,,,,,,,,,,,,,,,,,,,,,,,,,,,,,,,,,,,,,
1974,2,24.0,74.0,,,,,,,,,,,,,,,,,,,,,,,,,,,,,,,,,,,,,,,,7.2,7.2,7.2,7.2,1.0,0.0,8.0,0.0,0.0,0.4,-5.52,-5.52,-5.52,-5.52,1.0,0.0,8.0,0.0,0.0,0.4,4.63,4.63,4.63,4.63,1.0,0.0,8.0,0.0,0.0,0.4,999.1,999.1,999.1,999.1,1.0,0.0,8.0,0.0,0.0,0.4,,,,,,,,,,,,,,,,,,,,,,,,,,,,,,,,,,,,,,,,,,,,,,,,,,,,,,,,,,,,,,,,,,,,,,,,,,,,,,,,,,,,,,,,,,,,,,,,,,,,,,,,,,,,,,,,,,,,,,,,,,,,,,,,,,,,,,,,,,,,,,,,,,,,,,
1974,2,25.0,-70.0,-0.5,-0.5,-0.5,-0.5,1.0,0.0,10.0,1.0,0.3,0.1,-3.4,-3.4,-3.4,-3.4,1.0,0.0,10.0,1.0,0.3,0.1,2.22,2.22,2.22,2.22,1.0,0.0,10.0,1.0,0.3,0.1,72.7,72.7,72.7,72.7,1.0,0.0,10.0,1.0,0.1,13.9,13.9,13.9,13.9,1.0,0.0,10.0,1.0,0.3,0.1,-13.69,-13.69,-13.69,-13.69,1.0,0.0,10.0,1.0,0.3,0.1,2.41,2.41,2.41,2.41,1.0,0.0,10.0,1.0,0.3,0.1,973.8,973.8,973.8,973.8,1.0,0.0,10.0,1.0,0.3,0.1,6.0,6.0,6.0,6.0,1.0,0.0,10.0,1.0,0.3,0.1,-190.3,-190.3,-190.3,-190.3,1.0,0.0,10.0,1.0,0.3,0.1,33.6,33.6,33.6,33.6,1.0,0.0,10.0,1.0,0.3,0.1,2.9,2.9,2.9,2.9,1.0,0.0,10.0,1.0,0.3,0.1,40.3,40.3,40.3,40.3,1.0,0.0,10.0,1.0,0.3,0.1,1.57,1.57,1.57,1.57,1.0,0.0,10.0,1.0,0.3,0.1,21.8,21.8,21.8,21.8,1.0,0.0,10.0,1.0,0.3,0.1,46.5,46.5,46.5,46.5,1.0,0.0,10.0,1.0,0.3,0.1,-8.2,-8.2,-8.2,-8.2,1.0,0.0,10.0,1.0,0.3,0.1,-30.4,-30.4,-30.4,-30.4,1.0,0.0,10.0,1.0,0.3,0.1,5.4,5.4,5.4,5.4,1.0,0.0,10.0,1.0,0.3,0.1,-21.5,-21.5,-21.5,-21.5,1.0,0.0,10.0,1.0,0.3,0.1,3.8,3.8,3.8,3.8,1.0,0.0,10.0,1.0,0.3,0.1,2685.5,2685.5,2685.5,2685.5,1.0,0.0,10.0,1.0,0.3,0.1,2685.0,2685.0,2685.0,2685.0,1.0,0.0,10.0,1.0,0.3,0.1
1974,2,25.0,-67.0,,,,,,,,,,,,,,,,,,,,,,,,,,,,,,,,,,,,,,,,2.42,3.1,3.78,3.1,3.0,1.0,24.0,1.0,0.6,0.3,-2.78,-1.99,-1.12,-1.95,3.0,1.21,24.0,1.0,0.6,0.3,-2.55,-2.37,-2.1,-2.33,3.0,0.33,24.0,1.0,0.6,0.3,975.56,975.7,976.11,975.83,3.0,0.42,24.0,1.0,0.6,0.3,,,,,,,,,,,,,,,,,,,,,,,,,,,,,,,,,,,,,,,,,,,,,,,,,,,,,,,,,,,,,,,,,,,,,,,,,,,,,,,,,,,,,,,,,,,,,,,,,,,,,,,,,,,,,,,,,,,,,,,,,,,,,,,,,,,,,,,,,,,,,,,,,,,,,,
1974,2,25.0,-60.0,,,,,,,,,,,,,,,,,,,,,,,,,,,,,,,,,,,,,,,,6.0,6.0,6.0,6.0,1.0,0.0,20.0,1.0,0.8,0.4,-5.91,-5.91,-5.91,-5.91,1.0,0.0,20.0,1.0,0.8,0.4,-1.04,-1.04,-1.04,-1.04,1.0,0.0,20.0,1.0,0.8,0.4,971.2,971.2,971.2,971.2,1.0,0.0,20.0,1.0,0.8,0.4,,,,,,,,,,,,,,,,,,,,,,,,,,,,,,,,,,,,,,,,,,,,,,,,,,,,,,,,,,,,,,,,,,,,,,,,,,,,,,,,,,,,,,,,,,,,,,,,,,,,,,,,,,,,,,,,,,,,,,,,,,,,,,,,,,,,,,,,,,,,,,,,,,,,,,
1974,2,25.0,-46.0,,,,,,,,,,,,,,,,,,,,,,,,,,,,,,,,,,,,,,,,4.6,4.6,4.6,4.6,1.0,0.0,16.0,1.0,1.0,0.0,4.23,4.23,4.23,4.23,1.0,0.0,16.0,1.0,1.0,0.0,-1.8,-1.8,-1.8,-1.8,1.0,0.0,16.0,1.0,1.0,0.0,1025.0,1025.0,1025.0,1025.0,1.0,0.0,16.0,1.0,1.0,0.0,,,,,,,,,,,,,,,,,,,,,,,,,,,,,,,,,,,,,,,,,,,,,,,,,,,,,,,,,,,,,,,,,,,,,,,,,,,,,,,,,,,,,,,,,,,,,,,,,,,,,,,,,,,,,,,,,,,,,,,,,,,,,,,,,,,,,,,,,,,,,,,,,,,,,,
1974,2,25.0,-41.0,18.0,18.0,18.0,18.0,1.0,0.0,4.0,1.0,0.6,1.0,16.8,16.8,16.8,16.8,1.0,0.0,4.0,1.0,0.6,1.0,11.32,11.32,11.32,11.32,1.0,0.0,4.0,1.0,0.6,1.0,95.0,95.0,95.0,95.0,1.0,0.0,4.0,1.0,1.0,11.8,11.8,11.8,11.8,1.0,0.0,4.0,1.0,0.6,1.0,0.0,0.0,0.0,0.0,1.0,0.0,4.0,1.0,0.6,1.0,-11.8,-11.8,-11.8,-11.8,1.0,0.0,4.0,1.0,0.6,1.0,1009.9,1009.9,1009.9,1009.9,1.0,0.0,4.0,1.0,0.6,1.0,5.0,5.0,5.0,5.0,1.0,0.0,4.0,1.0,0.6,1.0,0.0,0.0,0.0,0.0,1.0,0.0,4.0,1.0,0.6,1.0,-139.2,-139.2,-139.2,-139.2,1.0,0.0,4.0,1.0,0.6,1.0,1.2,1.2,1.2,1.2,1.0,0.0,4.0,1.0,0.6,1.0,14.2,14.2,14.2,14.2,1.0,0.0,4.0,1.0,0.6,1.0,1.54,1.54,1.54,1.54,1.0,0.0,4.0,1.0,0.6,1.0,18.2,18.2,18.2,18.2,1.0,0.0,4.0,1.0,0.6,1.0,0.0,0.0,0.0,0.0,1.0,0.0,4.0,1.0,0.6,1.0,-198.2,-198.2,-198.2,-198.2,1.0,0.0,4.0,1.0,0.6,1.0,0.0,0.0,0.0,0.0,1.0,0.0,4.0,1.0,0.6,1.0,-133.6,-133.6,-133.6,-133.6,1.0,0.0,4.0,1.0,0.6,1.0,0.0,0.0,0.0,0.0,1.0,0.0,4.0,1.0,0.6,1.0,-18.2,-18.2,-18.2,-18.2,1.0,0.0,4.0,1.0,0.6,1.0,1643.0,1643.0,1643.0,1643.0,1.0,0.0,4.0,1.0,0.6,1.0,1645.0,1645.0,1645.0,1645.0,1.0,0.0,4.0,1.0,0.6,1.0
1974,2,25.0,-40.0,,,,,,,,,,,,,,,,,,,,,,,,,,,,,,,,,,,,,,,,2.6,2.6,2.6,2.6,1.0,0.0,10.0,0.0,0.8,1.0,-1.3,-1.3,-1.3,-1.3,1.0,0.0,10.0,0.0,0.8,1.0,2.25,2.25,2.25,2.25,1.0,0.0,10.0,0.0,0.8,1.0,1019.4,1019.4,1019.4,1019.4,1.0,0.0,10.0,0.0,0.8,1.0,,,,,,,,,,,,,,,,,,,,,,,,,,,,,,,,,,,,,,,,,,,,,,,,,,,,,,,,,,,,,,,,,,,,,,,,,,,,,,,,,,,,,,,,,,,,,,,,,,,,,,,,,,,,,,,,,,,,,,,,,,,,,,,,,,,,,,,,,,,,,,,,,,,,,,
1974,2,25.0,-38.0,23.0,23.0,23.0,23.0,1.0,0.0,24.0,1.0,0.7,0.4,18.5,18.5,18.5,18.5,1.0,0.0,24.0,1.0,0.7,0.4,9.02,9.02,9.02,9.02,1.0,0.0,24.0,1.0,0.7,0.4,68.5,68.5,68.5,68.5,1.0,0.0,24.0,1.0,0.4,10.8,10.8,10.8,10.8,1.0,0.0,24.0,1.0,0.7,0.4,-9.35,-9.35,-9.35,-9.35,1.0,0.0,24.0,1.0,0.7,0.4,-5.4,-5.4,-5.4,-5.4,1.0,0.0,24.0,1.0,0.7,0.4,1015.2,1015.2,1015.2,1015.2,1.0,0.0,24.0,1.0,0.7,0.4,6.0,6.0,6.0,6.0,1.0,0.0,24.0,1.0,0.7,0.4,-101.0,-101.0,-101.0,-101.0,1.0,0.0,24.0,1.0,0.7,0.4,-58.3,-58.3,-58.3,-58.3,1.0,0.0,24.0,1.0,0.7,0.4,4.5,4.5,4.5,4.5,1.0,0.0,24.0,1.0,0.7,0.4,48.6,48.6,48.6,48.6,1.0,0.0,24.0,1.0,0.7,0.4,8.45,8.45,8.45,8.45,1.0,0.0,24.0,1.0,0.7,0.4,91.3,91.3,91.3,91.3,1.0,0.0,24.0,1.0,0.7,0.4,-173.0,-173.0,-173.0,-173.0,1.0,0.0,24.0,1.0,0.7,0.4,-99.9,-99.9,-99.9,-99.9,1.0,0.0,24.0,1.0,0.7,0.4,-84.4,-84.4,-84.4,-84.4,1.0,0.0,24.0,1.0,0.7,0.4,-48.7,-48.7,-48.7,-48.7,1.0,0.0,24.0,1.0,0.7,0.4,-79.0,-79.0,-79.0,-79.0,1.0,0.0,24.0,1.0,0.7,0.4,-45.6,-45.6,-45.6,-45.6,1.0,0.0,24.0,1.0,0.7,0.4,1259.5,1259.5,1259.5,1259.5,1.0,0.0,24.0,1.0,0.7,0.4,1260.0,1260.0,1260.0,1260.0,1.0,0.0,24.0,1.0,0.7,0.4
1974,2,25.0,-37.0,23.3,23.3,23.3,23.3,1.0,0.0,28.0,1.0,0.2,0.9,24.0,24.0,24.0,24.0,1.0,0.0,28.0,1.0,0.2,0.9,16.44,16.44,16.44,16.44,1.0,0.0,28.0,1.0,0.2,0.9,87.5,87.5,87.5,87.5,1.0,0.0,28.0,1.0,0.9,,,,,,,,,,,,,,,,,,,,,,,,,,,,,,,,,,,,,,,,,,,,,,,,,,,,,,,,,,,,,,,,,,,,,,,,,,,,,,,,,,,,,,,,,,,,,,,,,,,,,,,,,,,,,,,,,,,,,,,,,,,,,,,,,,,,,,,,,,,,,,,,,,,,,,,,,,,,,,,,,,,,,,,,,,,,,,,,,,,,,,,,,,,,,,
1974,2,25.0,-36.0,22.25,24.5,25.18,23.73,3.0,2.25,20.0,1.0,0.3,0.9,21.52,22.2,25.27,23.37,3.0,2.93,20.0,1.0,0.3,0.9,9.99,11.67,16.1,13.01,3.0,4.62,20.0,1.0,0.3,0.9,63.0,70.6,79.1,71.1,3.0,11.8,20.0,1.0,0.9,9.37,10.8,12.23,10.8,2.0,2.97,24.0,1.0,0.3,0.8,-11.5,-10.15,-8.8,-10.15,2.0,2.79,24.0,1.0,0.3,0.8,-4.18,-3.69,-3.2,-3.69,2.0,1.02,24.0,1.0,0.3,0.8,1014.72,1018.0,1019.84,1017.3,3.0,3.8,20.0,1.0,0.3,0.9,3.6,5.0,7.0,5.3,3.0,2.5,20.0,1.0,0.3,0.9,-142.8,-113.7,-84.7,-113.7,2.0,60.3,24.0,1.0,0.3,0.8,-52.0,-41.4,-30.8,-41.4,2.0,21.9,24.0,1.0,0.3,0.8,-0.82,0.0,1.57,0.37,3.0,1.78,20.0,1.0,0.3,0.9,-13.0,-7.7,-2.5,-7.7,2.0,10.9,24.0,1.0,0.3,0.8,3.53,6.34,7.08,5.33,3.0,2.75,20.0,1.0,0.3,0.9,32.8,41.9,50.9,41.9,2.0,18.8,24.0,1.0,0.3,0.8,-299.8,-248.5,-197.2,-248.5,2.0,106.3,24.0,1.0,0.3,0.8,-109.1,-90.4,-71.8,-90.4,2.0,38.7,24.0,1.0,0.3,0.8,-197.2,-147.7,-98.3,-147.7,2.0,102.4,24.0,1.0,0.3,0.8,-71.8,-53.8,-35.8,-53.8,2.0,37.3,24.0,1.0,0.3,0.8,-47.9,-39.3,-30.8,-39.3,2.0,17.6,24.0,1.0,0.3,0.8,-17.4,-14.3,-11.2,-14.3,2.0,6.4,24.0,1.0,0.3,0.8,894.5,1402.5,1910.5,1402.5,2.0,1052.5,24.0,1.0,0.3,0.8,895.0,1405.0,1910.0,1405.0,2.0,1050.0,24.0,1.0,0.3,0.8
1974,2,25.0,-35.0,18.56,20.0,21.5,20.29,93.0,2.23,14.0,0.5,0.5,0.7,18.96,20.6,23.0,20.94,99.0,2.27,14.0,0.5,0.5,0.7,11.78,12.68,13.87,12.76,86.0,1.14,14.0,0.5,0.5,0.7,77.4,85.9,94.5,85.5,86.0,7.9,14.0,0.5,0.7,3.1,6.2,10.32,6.9,108.0,3.72,14.0,0.5,0.5,0.7,-7.71,-1.72,7.58,-1.0,108.0,7.21,14.0,0.5,0.5,0.7,-2.12,0.0,2.55,0.47,108.0,2.94,14.0,0.5,0.5,0.7,1008.01,1013.8,1017.74,1013.18,109.0,4.76,14.0,0.5,0.5,0.7,1.0,3.0,8.0,4.0,102.0,3.0,14.0,0.5,0.5,0.7,-75.1,-9.0,58.4,-9.0,108.0,79.9,14.0,0.5,0.5,0.7,-13.1,0.0,15.0,3.4,108.0,27.2,14.0,0.5,0.5,0.7,-2.36,-0.75,1.91,-0.33,92.0,2.28,14.0,0.5,0.5,0.7,-23.2,-3.8,12.3,-3.2,92.0,16.9,14.0,0.5,0.5,0.7,0.42,1.56,3.6,1.97,84.0,2.04,14.0,0.5,0.5,0.7,1.6,8.9,28.6,13.7,84.0,17.3,14.0,0.5,0.5,0.7,-176.1,-39.5,155.4,-20.7,99.0,157.5,14.0,0.5,0.5,0.7,-43.9,0.0,46.7,7.1,99.0,61.0,14.0,0.5,0.5,0.7,-117.4,-17.5,102.8,-10.3,86.0,100.4,14.0,0.5,0.5,0.7,-24.6,0.0,26.7,1.4,86.0,30.7,14.0,0.5,0.5,0.7,-13.0,-1.0,12.8,0.2,84.0,20.7,14.0,0.5,0.5,0.7,-2.1,0.0,3.9,1.2,84.0,7.9,14.0,0.5,0.5,0.7,30.0,238.5,1099.5,629.5,108.0,859.5,14.0,0.5,0.5,0.7,30.0,240.0,1100.0,630.0,108.0,860.0,14.0,0.5,0.5,0.7
1974,2,25.0,-34.0,19.79,25.2,29.17,24.7,6.0,4.85,18.0,0.5,0.7,0.3,20.37,21.1,24.19,22.23,4.0,3.18,18.0,0.3,0.6,0.2,11.79,12.09,13.39,12.58,3.0,1.25,18.0,0.3,0.5,0.1,77.5,85.0,89.2,83.4,3.0,8.6,18.0,0.3,0.1,4.38,6.4,9.01,6.78,6.0,3.7,18.0,0.5,0.7,0.3,-4.07,2.05,8.36,2.62,6.0,6.79,18.0,0.5,0.7,0.3,-1.95,2.12,3.52,1.61,6.0,3.38,18.0,0.5,0.7,0.3,1008.6,1016.4,1020.17,1014.9,6.0,5.8,18.0,0.5,0.7,0.3,2.4,4.0,8.0,4.5,6.0,3.1,18.0,0.5,0.7,0.3,-23.8,11.5,78.1,31.5,6.0,72.2,18.0,0.5,0.7,0.3,-8.9,10.7,27.5,10.7,6.0,27.8,18.0,0.5,0.7,0.3,-0.9,0.1,1.16,0.13,4.0,1.19,18.0,0.3,0.6,0.2,-6.0,-0.7,8.0,0.9,4.0,9.0,18.0,0.3,0.6,0.2,0.77,1.46,3.96,2.34,3.0,2.46,18.0,0.3,0.5,0.1,4.7,7.5,47.5,25.7,3.0,35.1,18.0,0.3,0.5,0.1,35.5,123.4,213.4,124.4,4.0,119.8,18.0,0.3,0.6,0.2,-49.1,-6.5,45.4,-2.1,4.0,54.9,18.0,0.3,0.6,0.2,71.7,101.3,133.2,102.4,3.0,45.0,18.0,0.3,0.5,0.1,-11.1,21.1,31.9,10.6,3.0,32.8,18.0,0.3,0.5,0.1,4.4,7.0,46.7,25.1,3.0,34.7,18.0,0.3,0.5,0.1,-7.5,1.2,2.1,-2.6,3.0,7.7,18.0,0.3,0.5,0.1,101.0,294.5,849.5,563.5,6.0,801.0,18.0,0.5,0.7,0.3,100.0,295.0,850.0,565.0,6.0,800.0,18.0,0.5,0.7,0.3
1974,2,25.0,32.0,,,,,,,,,,,,,,,,,,,,,,,,,,,,,,,,,,,,,,,,2.27,3.0,7.73,4.6,5.0,3.29,12.0,0.2,0.6,0.6,-1.88,0.94,2.29,0.18,5.0,3.84,12.0,0.2,0.6,0.6,-4.72,-0.34,3.07,-0.95,5.0,4.62,12.0,0.2,0.6,0.6,1017.87,1022.0,1027.62,1022.52,5.0,5.11,12.0,0.2,0.6,0.6,,,,,,,,,,,,,,,,,,,,,,,,,,,,,,,,,,,,,,,,,,,,,,,,,,,,,,,,,,,,,,,,,,,,,,,,,,,,,,,,,,,,,,,,,,,,,,,,,,,,,,,,,,,,,,,,,,,,,,,,,,,,,,,,,,,,,,,,,,,,,,,,,,,,,,
1974,2,25.0,33.0,15.64,16.15,17.18,16.26,8.0,1.11,14.0,0.3,0.4,0.4,12.52,14.5,15.27,14.35,8.0,1.77,14.0,0.3,0.4,0.4,7.6,9.32,10.11,8.87,3.0,1.88,16.0,0.3,0.5,0.6,70.2,85.8,87.2,78.9,3.0,13.8,16.0,0.3,0.6,3.18,6.6,7.62,6.81,8.0,5.07,14.0,0.3,0.4,0.4,0.81,4.44,6.53,2.43,8.0,6.24,14.0,0.3,0.4,0.4,-0.95,0.54,4.29,2.12,8.0,5.28,14.0,0.3,0.4,0.4,1009.14,1015.6,1017.96,1014.36,7.0,8.56,16.0,0.3,0.4,0.4,0.1,2.5,4.0,2.8,8.0,2.7,14.0,0.3,0.4,0.4,1.2,23.2,45.6,-1.2,8.0,86.5,14.0,0.3,0.4,0.4,-2.8,3.3,20.4,33.1,8.0,88.0,14.0,0.3,0.4,0.4,0.7,1.8,2.43,1.91,8.0,1.31,14.0,0.3,0.4,0.4,2.6,9.0,30.6,13.2,8.0,13.1,14.0,0.3,0.4,0.4,1.85,2.14,4.38,3.1,3.0,2.03,16.0,0.3,0.5,0.6,10.9,13.2,27.2,18.9,3.0,12.9,16.0,0.3,0.5,0.6,13.5,58.6,92.8,37.4,8.0,81.7,14.0,0.3,0.4,0.4,-13.8,8.2,72.8,27.7,8.0,68.3,14.0,0.3,0.4,0.4,18.9,41.5,62.1,40.5,3.0,31.7,16.0,0.3,0.5,0.6,2.3,7.3,34.7,18.3,3.0,25.6,16.0,0.3,0.5,0.6,5.4,13.2,26.8,16.0,3.0,15.9,16.0,0.3,0.5,0.6,1.9,5.8,8.5,5.2,3.0,4.9,16.0,0.3,0.5,0.6,35.0,290.5,444.0,917.5,8.0,1992.5,14.0,0.3,0.4,0.4,35.0,290.0,445.0,915.0,8.0,1995.0,14.0,0.3,0.4,0.4
1974,2,25.0,34.0,15.6,16.7,17.8,16.78,28.0,1.13,16.0,0.5,0.5,0.6,14.4,15.8,17.21,15.91,28.0,1.57,16.0,0.5,0.5,0.6,6.82,7.47,9.12,7.89,22.0,1.55,14.0,0.5,0.5,0.5,61.0,68.8,82.5,70.4,23.0,9.9,16.0,0.5,0.6,2.6,5.1,7.06,5.14,28.0,2.42,16.0,0.5,0.4,0.6,-1.96,2.04,5.39,1.93,28.0,3.64,16.0,0.5,0.4,0.6,-1.24,0.53,4.75,0.96,28.0,3.89,16.0,0.5,0.4,0.6,1007.1,1008.9,1016.73,1011.69,29.0,6.25,14.0,0.5,0.5,0.5,2.0,3.0,6.0,4.0,29.0,2.2,16.0,0.5,0.5,0.5,-12.0,8.9,30.6,8.9,28.0,26.7,16.0,0.5,0.4,0.6,-6.1,0.9,24.4,5.9,28.0,32.9,16.0,0.5,0.4,0.6,-0.49,1.0,2.5,0.96,27.0,1.9,16.0,0.5,0.5,0.6,-3.4,4.2,9.8,4.1,25.0,9.4,16.0,0.6,0.4,0.6,2.74,5.14,5.92,4.3,21.0,1.97,14.0,0.5,0.5,0.6,10.1,21.1,30.2,20.5,20.0,11.8,16.0,0.6,0.4,0.6,-1.1,40.2,83.9,35.3,26.0,58.9,16.0,0.6,0.4,0.6,-19.9,5.7,77.5,16.4,26.0,62.9,16.0,0.6,0.4,0.6,0.0,13.5,46.3,16.5,21.0,31.9,16.0,0.6,0.4,0.6,-8.4,4.9,35.2,9.4,21.0,27.2,16.0,0.6,0.4,0.6,-6.0,10.3,24.3,9.7,20.0,15.4,16.0,0.6,0.4,0.6,-5.9,2.1,17.4,4.3,20.0,15.0,16.0,0.6,0.4,0.6,17.5,132.5,352.5,230.5,28.0,314.0,16.0,0.5,0.4,0.6,20.0,135.0,355.0,230.0,28.0,315.0,16.0,0.5,0.4,0.6
1974,2,25.0,35.0,14.22,16.0,16.53,15.74,12.0,1.44,18.0,0.5,0.5,0.6,12.13,15.0,16.06,14.41,13.0,2.13,16.0,0.5,0.5,0.6,6.02,7.9,8.27,7.48,13.0,1.37,16.0,0.5,0.5,0.6,62.5,74.1,83.2,73.9,13.0,13.9,16.0,0.5,0.6,4.41,6.7,12.3,7.47,13.0,4.2,16.0,0.5,0.5,0.6,-5.83,0.0,7.7,0.55,13.0,5.9,16.0,0.5,0.5,0.6,-1.87,2.6,6.39,1.29,13.0,6.41,16.0,0.5,0.5,0.6,1011.94,1014.7,1016.51,1014.1,14.0,5.93,16.0,0.5,0.5,0.6,0.0,2.0,8.0,3.3,13.0,3.4,16.0,0.5,0.5,0.6,-38.0,0.0,75.8,11.9,13.0,61.2,16.0,0.5,0.5,0.6,-17.1,13.0,56.3,0.0,13.0,80.7,16.0,0.5,0.5,0.6,-0.73,0.75,3.68,1.15,12.0,2.22,18.0,0.5,0.5,0.6,-8.2,0.8,10.4,4.7,11.0,19.2,16.0,0.5,0.5,0.6,2.15,3.89,4.95,3.69,12.0,1.57,18.0,0.5,0.5,0.6,7.3,20.2,45.5,26.5,11.0,21.8,16.0,0.5,0.5,0.6,-93.3,16.6,99.4,1.1,12.0,91.3,16.0,0.5,0.5,0.6,-37.3,45.3,97.4,26.3,12.0,89.4,16.0,0.5,0.5,0.6,-42.7,9.4,54.6,4.3,12.0,44.8,16.0,0.5,0.5,0.6,-21.2,24.3,46.2,8.5,12.0,48.4,16.0,0.5,0.5,0.6,-19.4,0.0,30.6,-0.6,11.0,25.3,16.0,0.5,0.5,0.6,-1.4,6.8,21.4,8.4,11.0,23.1,16.0,0.5,0.5,0.6,89.5,301.0,1861.0,793.5,13.0,1066.5,16.0,0.5,0.5,0.6,90.0,300.0,1860.0,795.0,13.0,1065.0,16.0,0.5,0.5,0.6
1974,2,25.0,36.0,16.0,16.1,17.0,16.13,10.0,1.28,14.0,0.6,0.3,0.1,12.63,15.3,16.87,15.01,10.0,2.35,14.0,0.6,0.3,0.1,5.46,6.78,7.92,6.71,6.0,1.15,12.0,0.5,0.3,0.1,61.4,70.1,74.8,67.3,6.0,12.8,12.0,0.5,0.1,1.28,4.85,8.37,5.05,10.0,4.05,14.0,0.6,0.3,0.1,-4.23,-0.26,2.65,-0.83,10.0,3.45,14.0,0.6,0.3,0.1,-1.91,0.0,3.81,0.13,10.0,5.66,14.0,0.6,0.3,0.1,1010.43,1014.8,1022.57,1014.41,10.0,8.88,14.0,0.6,0.3,0.1,0.0,1.5,7.1,3.1,10.0,3.5,14.0,0.6,0.3,0.1,-29.2,-0.8,15.7,-5.7,10.0,22.0,14.0,0.6,0.3,0.1,-5.7,0.0,22.4,-3.4,10.0,63.9,14.0,0.6,0.3,0.1,-0.81,0.75,3.57,1.12,10.0,2.51,14.0,0.6,0.3,0.1,-3.5,2.4,13.0,9.6,10.0,22.8,14.0,0.6,0.3,0.1,3.41,4.39,5.39,4.47,6.0,1.14,12.0,0.5,0.3,0.1,15.5,22.1,38.3,27.0,6.0,22.2,12.0,0.5,0.3,0.1,-70.3,-3.6,43.1,-14.2,10.0,54.1,14.0,0.6,0.3,0.1,-27.9,0.0,61.3,7.3,10.0,74.6,14.0,0.6,0.3,0.1,-34.6,-11.6,18.4,-9.1,6.0,29.2,12.0,0.5,0.3,0.1,-17.9,2.7,18.5,-5.0,6.0,42.5,12.0,0.5,0.3,0.1,-21.0,-6.6,14.1,-4.1,6.0,19.2,12.0,0.5,0.3,0.1,-13.7,2.1,15.5,-5.2,6.0,30.8,12.0,0.5,0.3,0.1,11.5,115.0,674.0,385.5,10.0,686.5,14.0,0.6,0.3,0.1,10.0,115.0,675.0,385.0,10.0,685.0,14.0,0.6,0.3,0.1
1974,2,25.0,37.0,14.63,15.0,16.65,15.54,5.0,1.37,18.0,0.2,0.9,0.6,10.01,12.0,14.33,12.36,5.0,3.12,18.0,0.2,0.9,0.6,6.67,6.67,6.67,6.67,1.0,0.0,10.0,0.0,0.8,0.8,74.0,74.0,74.0,74.0,1.0,0.0,10.0,0.0,0.8,2.0,9.05,15.0,8.53,4.0,7.53,16.0,0.3,0.9,0.6,-13.33,-5.57,1.76,-5.77,4.0,8.82,16.0,0.3,0.9,0.6,-5.5,-0.74,-0.26,-2.78,4.0,4.59,16.0,0.3,0.9,0.6,1005.84,1015.0,1019.95,1013.14,5.0,8.33,18.0,0.2,0.9,0.6,1.0,3.0,5.0,3.0,2.0,4.2,14.0,0.0,0.8,0.6,-199.9,-86.0,5.1,-96.9,4.0,119.5,16.0,0.3,0.9,0.6,-76.6,-1.3,-0.4,-36.8,4.0,71.9,16.0,0.3,0.9,0.6,0.04,3.0,6.64,3.18,5.0,4.07,18.0,0.2,0.9,0.6,0.9,24.8,85.1,42.2,4.0,56.9,16.0,0.3,0.9,0.6,3.29,3.29,3.29,3.29,1.0,0.0,10.0,0.0,0.8,0.8,10.2,10.2,10.2,10.2,1.0,0.0,10.0,0.0,0.8,0.8,-140.3,-66.0,22.8,-59.1,4.0,94.6,16.0,0.3,0.9,0.6,-68.4,-11.6,-3.2,-34.7,4.0,54.4,16.0,0.3,0.9,0.6,20.4,20.4,20.4,20.4,1.0,0.0,10.0,0.0,0.8,0.8,-3.6,-3.6,-3.6,-3.6,1.0,0.0,10.0,0.0,0.8,0.8,10.0,10.0,10.0,10.0,1.0,0.0,10.0,0.0,0.8,0.8,-1.8,-1.8,-1.8,-1.8,1.0,0.0,10.0,0.0,0.8,0.8,14.5,1702.5,3375.0,1695.0,4.0,1939.5,16.0,0.3,0.9,0.6,15.0,1700.0,3375.0,1695.0,4.0,1940.0,16.0,0.3,0.9,0.6
1974,2,25.0,38.0,12.94,14.5,16.0,14.46,37.0,1.54,14.0,0.5,0.3,0.6,8.91,12.0,14.42,11.81,44.0,2.79,14.0,0.5,0.2,0.6,6.37,7.53,7.96,7.19,5.0,0.91,20.0,0.4,0.3,0.6,59.6,89.9,91.6,78.2,5.0,18.4,20.0,0.4,0.6,2.6,8.0,13.97,8.13,41.0,5.2,14.0,0.5,0.3,0.6,-5.88,-1.37,2.91,-1.18,41.0,4.65,14.0,0.5,0.3,0.6,-9.09,0.0,8.18,-0.09,41.0,8.47,14.0,0.5,0.3,0.6,1009.4,1017.7,1024.92,1015.42,44.0,8.57,14.0,0.5,0.2,0.6,2.0,6.0,8.0,5.2,40.0,2.8,12.0,0.6,0.3,0.6,-59.8,-4.3,30.5,-14.5,41.0,59.8,14.0,0.5,0.3,0.6,-90.9,0.0,70.9,-5.3,41.0,122.1,14.0,0.5,0.3,0.6,-1.0,2.8,5.32,2.57,37.0,3.34,14.0,0.5,0.3,0.6,-4.6,12.5,56.4,22.9,34.0,43.8,14.0,0.5,0.3,0.6,1.89,2.84,4.13,3.07,5.0,1.46,20.0,0.4,0.3,0.6,13.2,21.6,32.0,22.6,4.0,12.4,22.0,0.3,0.3,0.6,-61.4,-15.9,39.3,-10.1,41.0,57.5,14.0,0.5,0.3,0.6,-93.0,0.0,106.3,9.3,41.0,97.5,14.0,0.5,0.3,0.6,-81.6,-70.8,-35.9,-59.3,4.0,35.9,22.0,0.3,0.3,0.6,-49.7,-7.8,10.2,-19.2,4.0,43.4,22.0,0.3,0.3,0.6,-28.4,-17.1,-9.2,-18.7,4.0,14.3,22.0,0.3,0.3,0.6,-13.2,-3.3,4.3,-4.4,4.0,11.6,22.0,0.3,0.3,0.6,17.5,512.0,2723.5,1237.5,41.0,1824.0,14.0,0.5,0.3,0.6,20.0,510.0,2725.0,1240.0,41.0,1825.0,14.0,0.5,0.3,0.6
1974,2,25.0,39.0,12.0,14.0,15.15,13.93,48.0,1.78,16.0,0.6,0.6,0.4,8.14,10.65,14.0,10.85,62.0,2.69,14.0,0.6,0.6,0.4,5.56,6.43,6.93,6.39,13.0,1.0,14.0,0.7,0.5,0.4,71.1,78.4,92.2,80.7,13.0,9.3,14.0,0.7,0.4,3.09,7.0,12.91,8.29,57.0,4.93,14.0,0.6,0.6,0.4,-6.98,-3.1,0.41,-3.17,57.0,4.79,14.0,0.6,0.6,0.4,-8.81,-2.76,4.15,-2.54,57.0,7.38,14.0,0.6,0.6,0.4,1002.97,1017.0,1024.45,1015.25,63.0,9.17,14.0,0.6,0.6,0.4,0.0,4.0,8.0,4.2,59.0,3.1,14.0,0.6,0.6,0.4,-86.1,-21.0,1.1,-38.8,57.0,71.0,14.0,0.6,0.6,0.4,-102.8,-8.5,34.6,-34.5,57.0,113.5,14.0,0.6,0.6,0.4,0.83,3.0,5.68,2.97,47.0,3.05,16.0,0.6,0.5,0.4,3.1,21.0,73.6,30.5,43.0,47.1,16.0,0.7,0.6,0.4,2.98,3.38,5.05,3.81,12.0,1.65,14.0,0.8,0.5,0.4,13.8,26.1,69.0,40.3,10.0,35.8,12.0,0.8,0.5,0.4,-66.4,-33.1,4.8,-32.0,56.0,55.6,14.0,0.6,0.6,0.4,-88.2,-27.4,48.3,-20.9,56.0,77.4,14.0,0.6,0.6,0.4,-37.5,-16.0,26.4,-10.5,11.0,41.1,12.0,0.7,0.5,0.4,-68.1,-30.6,13.4,-32.1,11.0,41.4,12.0,0.7,0.5,0.4,-40.3,-9.7,14.7,-9.9,10.0,27.2,12.0,0.8,0.5,0.4,-52.8,-18.1,6.1,-26.3,10.0,38.3,12.0,0.8,0.5,0.4,29.5,343.0,2152.5,1274.5,57.0,2275.0,14.0,0.6,0.6,0.4,30.0,345.0,2150.0,1275.0,57.0,2275.0,14.0,0.6,0.6,0.4
1974,2,25.0,40.0,12.48,13.5,14.52,13.5,2.0,2.12,14.0,1.0,0.2,0.5,6.14,7.95,9.76,7.95,2.0,3.75,14.0,1.0,0.2,0.5,5.33,5.33,5.33,5.33,1.0,0.0,4.0,1.0,0.2,0.5,68.3,68.3,68.3,68.3,1.0,0.0,4.0,1.0,0.5,6.96,8.6,10.24,8.6,2.0,3.39,14.0,1.0,0.2,0.5,-8.35,-5.82,-3.3,-5.82,2.0,5.24,14.0,1.0,0.2,0.5,-5.77,-5.66,-5.55,-5.66,2.0,0.23,14.0,1.0,0.2,0.5,1011.64,1017.1,1022.56,1017.1,2.0,11.31,14.0,1.0,0.2,0.5,5.5,6.5,7.5,6.5,2.0,2.1,14.0,1.0,0.2,0.5,-90.2,-59.0,-27.7,-59.0,2.0,64.8,14.0,1.0,0.2,0.5,-56.6,-48.3,-40.0,-48.3,2.0,17.2,14.0,1.0,0.2,0.5,4.77,5.55,6.33,5.55,2.0,1.63,14.0,1.0,0.2,0.5,34.6,50.5,66.3,50.5,2.0,32.8,14.0,1.0,0.2,0.5,5.12,5.12,5.12,5.12,1.0,0.0,4.0,1.0,0.2,0.5,31.7,31.7,31.7,31.7,1.0,0.0,4.0,1.0,0.2,0.5,-46.0,-36.5,-26.9,-36.5,2.0,19.8,14.0,1.0,0.2,0.5,-56.6,-45.5,-34.3,-45.5,2.0,23.1,14.0,1.0,0.2,0.5,-11.3,-11.3,-11.3,-11.3,1.0,0.0,4.0,1.0,0.2,0.5,-31.1,-31.1,-31.1,-31.1,1.0,0.0,4.0,1.0,0.2,0.5,-10.9,-10.9,-10.9,-10.9,1.0,0.0,4.0,1.0,0.2,0.5,-29.8,-29.8,-29.8,-29.8,1.0,0.0,4.0,1.0,0.2,0.5,411.5,784.5,1157.5,784.5,2.0,772.5,14.0,1.0,0.2,0.5,410.0,785.0,1160.0,785.0,2.0,775.0,14.0,1.0,0.2,0.5
1974,2,25.0,59.0,,,,,,,,,,,,,,,,,,,,,,,,,,,,,,,,,,,,,,,,3.95,6.0,8.1,6.14,7.0,2.41,16.0,0.3,0.4,0.8,3.84,4.92,5.96,4.66,7.0,1.59,16.0,0.3,0.4,0.8,0.86,1.22,7.01,3.1,7.0,3.29,16.0,0.3,0.4,0.8,1009.63,1012.7,1034.17,1019.47,7.0,14.24,16.0,0.3,0.4,0.8,,,,,,,,,,,,,,,,,,,,,,,,,,,,,,,,,,,,,,,,,,,,,,,,,,,,,,,,,,,,,,,,,,,,,,,,,,,,,,,,,,,,,,,,,,,,,,,,,,,,,,,,,,,,,,,,,,,,,,,,,,,,,,,,,,,,,,,,,,,,,,,,,,,,,,
1974,2,25.0,71.0,3.14,4.05,6.0,4.28,18.0,1.36,14.0,0.2,0.4,0.4,-3.03,-2.4,1.36,-1.01,19.0,3.15,14.0,0.3,0.4,0.5,2.02,2.66,3.81,2.92,6.0,1.09,10.0,0.5,0.4,0.4,67.9,83.3,93.6,82.1,6.0,13.3,10.0,0.5,0.4,5.66,8.7,12.83,8.96,19.0,4.77,14.0,0.3,0.4,0.5,-9.33,-6.43,4.37,-3.58,19.0,8.92,14.0,0.3,0.4,0.5,-2.21,1.56,5.07,1.7,19.0,3.37,14.0,0.3,0.4,0.5,998.94,1006.5,1012.57,1006.34,19.0,8.33,14.0,0.3,0.4,0.5,5.0,8.0,8.0,6.8,11.0,1.5,12.0,0.3,0.5,0.5,-89.7,-49.0,27.6,-37.0,19.0,133.5,14.0,0.3,0.4,0.5,-10.8,10.3,56.3,17.2,19.0,32.5,14.0,0.3,0.4,0.5,2.48,6.15,8.93,5.35,18.0,3.11,14.0,0.2,0.4,0.4,14.2,43.1,72.1,41.1,18.0,36.5,14.0,0.2,0.4,0.4,1.5,2.47,2.94,2.34,6.0,0.72,10.0,0.5,0.4,0.4,8.1,14.4,28.0,17.9,6.0,13.1,10.0,0.5,0.4,0.4,-0.7,18.2,43.9,22.3,19.0,33.3,14.0,0.3,0.4,0.5,-7.9,0.0,7.3,-0.5,19.0,10.7,14.0,0.3,0.4,0.5,-20.8,-11.5,2.2,-6.5,6.0,20.1,10.0,0.5,0.4,0.4,-6.9,-1.9,4.4,-1.5,6.0,6.3,10.0,0.5,0.4,0.4,-26.7,-12.1,0.2,-13.2,6.0,17.5,10.0,0.5,0.4,0.4,-7.3,-2.0,4.0,-1.6,6.0,6.0,10.0,0.5,0.4,0.4,191.5,658.5,2181.5,1339.0,19.0,1846.0,14.0,0.3,0.4,0.5,190.0,660.0,2180.0,1340.0,19.0,1845.0,14.0,0.3,0.4,0.5
1974,2,25.0,72.0,4.1,4.1,4.1,4.1,8.0,0.0,4.0,0.5,0.4,0.0,-3.0,-2.95,-1.43,-2.27,8.0,1.35,4.0,0.5,0.4,0.0,2.15,2.56,2.74,2.58,8.0,0.59,4.0,0.5,0.4,0.0,70.3,80.8,87.2,79.3,8.0,11.1,4.0,0.5,0.0,6.2,7.2,8.09,7.01,8.0,1.65,4.0,0.5,0.4,0.0,-6.13,-4.63,-3.99,-4.86,8.0,1.5,4.0,0.5,0.4,0.0,-2.85,4.75,5.52,2.51,8.0,4.75,4.0,0.5,0.4,0.0,1001.0,1005.95,1010.06,1005.33,8.0,4.69,4.0,0.5,0.4,0.0,4.8,5.5,6.2,5.5,6.0,1.0,6.0,0.5,0.3,0.0,-44.7,-33.3,-24.7,-36.1,8.0,18.7,4.0,0.5,0.4,0.0,-21.6,29.4,39.7,14.4,8.0,38.8,4.0,0.5,0.4,0.0,5.53,7.05,7.1,6.38,8.0,1.35,4.0,0.5,0.4,0.0,30.4,45.8,52.7,44.1,8.0,12.0,4.0,0.5,0.4,0.0,2.34,2.56,2.96,2.52,8.0,0.58,4.0,0.5,0.4,0.0,12.1,18.3,22.6,17.5,8.0,5.2,4.0,0.5,0.4,0.0,7.9,11.8,13.7,9.9,8.0,6.4,4.0,0.5,0.4,0.0,-16.3,-14.0,-3.3,-10.3,8.0,9.1,4.0,0.5,0.4,0.0,-19.9,-10.2,-9.0,-13.0,8.0,6.3,4.0,0.5,0.4,0.0,-11.6,11.2,12.4,4.9,8.0,12.9,4.0,0.5,0.4,0.0,-14.6,-11.8,-8.2,-11.9,8.0,3.5,4.0,0.5,0.4,0.0,-3.1,12.1,16.3,7.9,8.0,11.5,4.0,0.5,0.4,0.0,238.5,373.0,531.5,394.5,8.0,262.0,4.0,0.5,0.4,0.0,240.0,375.0,530.0,395.0,8.0,260.0,4.0,0.5,0.4,0.0
1974,2,26.0,-67.0,,,,,,,,,,,,,,,,,,,,,,,,,,,,,,,,,,,,,,,,4.1,4.1,4.1,4.1,1.0,0.0,24.0,1.0,0.8,0.1,-3.14,-3.14,-3.14,-3.14,1.0,0.0,24.0,1.0,0.8,0.1,-2.64,-2.64,-2.64,-2.64,1.0,0.0,24.0,1.0,0.8,0.1,976.8,976.8,976.8,976.8,1.0,0.0,24.0,1.0,0.8,0.1,,,,,,,,,,,,,,,,,,,,,,,,,,,,,,,,,,,,,,,,,,,,,,,,,,,,,,,,,,,,,,,,,,,,,,,,,,,,,,,,,,,,,,,,,,,,,,,,,,,,,,,,,,,,,,,,,,,,,,,,,,,,,,,,,,,,,,,,,,,,,,,,,,,,,,
1974,2,26.0,-48.0,,,,,,,,,,,,,,,,,,,,,,,,,,,,,,,,,,,,,,,,15.4,15.4,15.4,15.4,1.0,0.0,12.0,1.0,0.3,0.9,5.77,5.77,5.77,5.77,1.0,0.0,12.0,1.0,0.3,0.9,-14.28,-14.28,-14.28,-14.28,1.0,0.0,12.0,1.0,0.3,0.9,998.5,998.5,998.5,998.5,1.0,0.0,12.0,1.0,0.3,0.9,,,,,,,,,,,,,,,,,,,,,,,,,,,,,,,,,,,,,,,,,,,,,,,,,,,,,,,,,,,,,,,,,,,,,,,,,,,,,,,,,,,,,,,,,,,,,,,,,,,,,,,,,,,,,,,,,,,,,,,,,,,,,,,,,,,,,,,,,,,,,,,,,,,,,,
1974,2,26.0,-38.0,21.0,21.0,21.0,21.0,1.0,0.0,14.0,1.0,0.5,0.1,17.5,17.5,17.5,17.5,1.0,0.0,14.0,1.0,0.5,0.1,7.84,7.84,7.84,7.84,1.0,0.0,14.0,1.0,0.5,0.1,63.9,63.9,63.9,63.9,1.0,0.0,14.0,1.0,0.1,9.3,9.3,9.3,9.3,1.0,0.0,14.0,1.0,0.5,0.1,-4.65,-4.65,-4.65,-4.65,1.0,0.0,14.0,1.0,0.5,0.1,8.05,8.05,8.05,8.05,1.0,0.0,14.0,1.0,0.5,0.1,1022.4,1022.4,1022.4,1022.4,1.0,0.0,14.0,1.0,0.5,0.1,3.0,3.0,3.0,3.0,1.0,0.0,14.0,1.0,0.5,0.1,-43.2,-43.2,-43.2,-43.2,1.0,0.0,14.0,1.0,0.5,0.1,74.9,74.9,74.9,74.9,1.0,0.0,14.0,1.0,0.5,0.1,3.5,3.5,3.5,3.5,1.0,0.0,14.0,1.0,0.5,0.1,32.6,32.6,32.6,32.6,1.0,0.0,14.0,1.0,0.5,0.1,7.49,7.49,7.49,7.49,1.0,0.0,14.0,1.0,0.5,0.1,69.7,69.7,69.7,69.7,1.0,0.0,14.0,1.0,0.5,0.1,-81.4,-81.4,-81.4,-81.4,1.0,0.0,14.0,1.0,0.5,0.1,140.9,140.9,140.9,140.9,1.0,0.0,14.0,1.0,0.5,0.1,-36.5,-36.5,-36.5,-36.5,1.0,0.0,14.0,1.0,0.5,0.1,63.2,63.2,63.2,63.2,1.0,0.0,14.0,1.0,0.5,0.1,-34.8,-34.8,-34.8,-34.8,1.0,0.0,14.0,1.0,0.5,0.1,60.3,60.3,60.3,60.3,1.0,0.0,14.0,1.0,0.5,0.1,804.5,804.5,804.5,804.5,1.0,0.0,14.0,1.0,0.5,0.1,805.0,805.0,805.0,805.0,1.0,0.0,14.0,1.0,0.5,0.1
1974,2,26.0,-37.0,18.0,18.0,18.0,18.0,1.0,0.0,8.0,0.0,0.2,0.4,14.8,14.8,14.8,14.8,1.0,0.0,8.0,0.0,0.2,0.4,8.53,8.53,8.53,8.53,1.0,0.0,8.0,0.0,0.2,0.4,82.2,82.2,82.2,82.2,1.0,0.0,8.0,0.0,0.4,4.6,4.6,4.6,4.6,1.0,0.0,8.0,0.0,0.2,0.4,-2.96,-2.96,-2.96,-2.96,1.0,0.0,8.0,0.0,0.2,0.4,3.52,3.52,3.52,3.52,1.0,0.0,8.0,0.0,0.2,0.4,1019.0,1019.0,1019.0,1019.0,1.0,0.0,8.0,0.0,0.2,0.4,8.0,8.0,8.0,8.0,1.0,0.0,8.0,0.0,0.2,0.4,-13.6,-13.6,-13.6,-13.6,1.0,0.0,8.0,0.0,0.2,0.4,16.2,16.2,16.2,16.2,1.0,0.0,8.0,0.0,0.2,0.4,3.2,3.2,3.2,3.2,1.0,0.0,8.0,0.0,0.2,0.4,14.7,14.7,14.7,14.7,1.0,0.0,8.0,0.0,0.2,0.4,4.22,4.22,4.22,4.22,1.0,0.0,8.0,0.0,0.2,0.4,19.4,19.4,19.4,19.4,1.0,0.0,8.0,0.0,0.2,0.4,-43.8,-43.8,-43.8,-43.8,1.0,0.0,8.0,0.0,0.2,0.4,52.2,52.2,52.2,52.2,1.0,0.0,8.0,0.0,0.2,0.4,-25.2,-25.2,-25.2,-25.2,1.0,0.0,8.0,0.0,0.2,0.4,30.0,30.0,30.0,30.0,1.0,0.0,8.0,0.0,0.2,0.4,-12.5,-12.5,-12.5,-12.5,1.0,0.0,8.0,0.0,0.2,0.4,14.9,14.9,14.9,14.9,1.0,0.0,8.0,0.0,0.2,0.4,97.5,97.5,97.5,97.5,1.0,0.0,8.0,0.0,0.2,0.4,95.0,95.0,95.0,95.0,1.0,0.0,8.0,0.0,0.2,0.4
1974,2,26.0,-36.0,17.56,20.9,24.24,20.9,2.0,6.93,14.0,0.5,0.0,1.0,23.2,23.2,23.2,23.2,1.0,0.0,16.0,0.0,0.0,1.0,13.54,13.54,13.54,13.54,1.0,0.0,16.0,0.0,0.0,1.0,76.3,76.3,76.3,76.3,1.0,0.0,16.0,0.0,1.0,7.68,9.8,11.92,9.8,2.0,4.38,14.0,0.5,0.0,1.0,6.37,9.02,11.67,9.02,2.0,5.49,14.0,0.5,0.0,1.0,0.68,2.15,3.62,2.15,2.0,3.05,14.0,0.5,0.0,1.0,1007.04,1008.0,1008.96,1008.0,2.0,1.98,14.0,0.5,0.0,1.0,1.6,3.0,4.4,3.0,2.0,2.8,14.0,0.5,0.0,1.0,55.3,100.4,145.5,100.4,2.0,93.4,14.0,0.5,0.0,1.0,4.6,14.4,24.3,14.4,2.0,20.4,14.0,0.5,0.0,1.0,2.6,2.6,2.6,2.6,1.0,0.0,16.0,0.0,0.0,1.0,17.4,17.4,17.4,17.4,1.0,0.0,16.0,0.0,0.0,1.0,7.29,7.29,7.29,7.29,1.0,0.0,16.0,0.0,0.0,1.0,48.9,48.9,48.9,48.9,1.0,0.0,16.0,0.0,0.0,1.0,119.1,119.1,119.1,119.1,1.0,0.0,16.0,0.0,0.0,1.0,99.9,99.9,99.9,99.9,1.0,0.0,16.0,0.0,0.0,1.0,69.5,69.5,69.5,69.5,1.0,0.0,16.0,0.0,0.0,1.0,58.3,58.3,58.3,58.3,1.0,0.0,16.0,0.0,0.0,1.0,37.4,37.4,37.4,37.4,1.0,0.0,16.0,0.0,0.0,1.0,31.4,31.4,31.4,31.4,1.0,0.0,16.0,0.0,0.0,1.0,593.5,1223.5,1853.5,1223.5,2.0,1305.5,14.0,0.5,0.0,1.0,595.0,1225.0,1855.0,1225.0,2.0,1305.0,14.0,0.5,0.0,1.0
1974,2,26.0,-35.0,18.43,20.0,25.0,21.16,47.0,2.99,14.0,0.4,0.3,0.8,19.27,21.4,24.0,21.45,55.0,2.22,14.0,0.4,0.3,0.8,11.76,13.2,15.18,13.49,48.0,1.92,14.0,0.4,0.3,0.8,77.3,85.8,92.5,84.9,48.0,8.5,14.0,0.4,0.8,5.0,7.7,10.3,7.95,58.0,2.95,14.0,0.4,0.3,0.8,-10.25,-3.3,7.52,-1.93,58.0,7.34,14.0,0.4,0.3,0.8,-2.8,0.0,4.93,0.59,58.0,3.88,14.0,0.4,0.3,0.8,1007.1,1012.4,1017.8,1012.35,59.0,4.73,14.0,0.4,0.3,0.8,2.0,4.0,8.0,4.5,56.0,2.6,14.0,0.4,0.3,0.8,-105.4,-13.7,64.0,-20.2,58.0,76.2,14.0,0.4,0.3,0.8,-22.1,0.0,35.4,4.1,58.0,36.7,14.0,0.4,0.3,0.8,-2.37,-0.8,2.08,-0.4,47.0,2.66,14.0,0.4,0.3,0.8,-24.6,-4.1,18.4,-5.0,47.0,21.9,14.0,0.4,0.3,0.8,-0.22,1.41,5.81,2.32,42.0,3.22,14.0,0.5,0.3,0.8,-1.2,13.1,41.6,17.6,42.0,24.2,14.0,0.5,0.3,0.8,-209.8,-59.1,159.8,-37.3,54.0,160.7,14.0,0.4,0.3,0.8,-61.6,0.0,98.1,13.7,54.0,89.7,14.0,0.4,0.3,0.8,-136.1,-50.8,104.8,-28.6,48.0,104.1,14.0,0.4,0.3,0.8,-38.1,0.0,52.8,3.2,48.0,56.5,14.0,0.4,0.3,0.8,-20.8,-2.9,12.6,-4.8,42.0,25.8,14.0,0.5,0.3,0.8,-7.1,0.0,4.5,0.2,42.0,14.6,14.0,0.5,0.3,0.8,125.5,456.5,1092.5,706.5,58.0,690.5,14.0,0.4,0.3,0.8,125.0,455.0,1095.0,705.0,58.0,690.0,14.0,0.4,0.3,0.8
1974,2,26.0,-34.0,17.59,19.35,27.1,21.13,38.0,4.35,14.0,0.6,0.5,0.2,19.27,21.0,25.16,21.8,37.0,3.0,14.0,0.6,0.5,0.2,11.59,12.66,14.39,13.24,30.0,2.18,14.0,0.6,0.5,0.2,76.9,86.2,93.3,85.1,30.0,9.0,14.0,0.6,0.2,2.6,5.1,8.45,5.8,42.0,3.15,14.0,0.6,0.5,0.3,-4.73,-1.17,7.47,0.37,42.0,5.66,14.0,0.6,0.5,0.3,0.0,1.69,4.15,2.1,42.0,2.79,14.0,0.6,0.5,0.3,1010.5,1013.4,1018.0,1013.7,45.0,4.1,14.0,0.6,0.5,0.3,1.0,4.0,8.0,4.5,44.0,2.9,14.0,0.7,0.5,0.3,-27.1,-2.5,59.4,8.9,42.0,50.7,14.0,0.6,0.5,0.3,0.0,6.5,30.6,15.6,42.0,27.4,14.0,0.6,0.5,0.3,-3.32,-1.2,0.96,-1.34,35.0,2.17,14.0,0.6,0.5,0.2,-18.3,-7.7,7.4,-6.9,33.0,14.3,14.0,0.6,0.5,0.2,-0.69,1.21,2.98,1.14,29.0,2.3,14.0,0.6,0.5,0.2,-4.7,3.6,19.3,6.7,27.0,14.2,14.0,0.6,0.5,0.2,-111.7,-9.5,155.1,10.5,35.0,126.2,14.0,0.6,0.5,0.2,0.0,26.6,74.5,37.9,35.0,62.5,14.0,0.6,0.5,0.2,-69.4,4.9,87.9,12.9,28.0,75.0,14.0,0.6,0.5,0.2,0.0,12.6,37.0,16.6,28.0,23.0,14.0,0.6,0.5,0.2,-4.6,1.3,17.8,5.5,27.0,13.7,14.0,0.6,0.5,0.2,0.0,0.2,7.6,2.5,27.0,4.6,14.0,0.6,0.5,0.2,17.5,132.5,604.0,374.0,42.0,511.0,14.0,0.6,0.5,0.3,20.0,135.0,605.0,375.0,42.0,510.0,14.0,0.6,0.5,0.3
1974,2,26.0,32.0,15.19,16.0,18.46,16.48,9.0,1.8,12.0,0.2,0.5,0.4,13.34,14.8,15.92,14.8,8.0,1.5,10.0,0.1,0.5,0.4,6.52,6.52,6.52,6.52,1.0,0.0,12.0,0.0,0.4,0.3,52.9,52.9,52.9,52.9,1.0,0.0,12.0,0.0,0.3,3.0,8.65,11.78,7.79,8.0,4.35,12.0,0.3,0.5,0.4,-2.34,3.98,6.83,2.15,8.0,6.14,12.0,0.3,0.5,0.4,-8.36,-2.26,-0.06,-2.63,8.0,6.1,12.0,0.3,0.5,0.4,1017.0,1017.2,1025.74,1018.17,9.0,7.95,12.0,0.2,0.5,0.4,0.1,2.0,6.9,3.3,8.0,3.2,14.0,0.3,0.5,0.4,-7.0,29.4,65.1,12.8,8.0,72.3,12.0,0.3,0.5,0.4,-83.2,-16.8,-0.2,-22.0,8.0,74.8,12.0,0.3,0.5,0.4,0.46,1.85,3.66,1.74,8.0,2.25,10.0,0.1,0.5,0.4,1.9,11.1,14.1,9.7,7.0,19.7,10.0,0.1,0.6,0.4,4.01,4.01,4.01,4.01,1.0,0.0,12.0,0.0,0.4,0.3,37.3,37.3,37.3,37.3,1.0,0.0,12.0,0.0,0.4,0.3,29.8,73.0,106.9,48.1,7.0,89.5,10.0,0.1,0.6,0.4,-127.8,-61.2,-0.7,-49.1,7.0,93.6,10.0,0.1,0.6,0.4,46.5,46.5,46.5,46.5,1.0,0.0,12.0,0.0,0.4,0.3,-39.0,-39.0,-39.0,-39.0,1.0,0.0,12.0,0.0,0.4,0.3,28.6,28.6,28.6,28.6,1.0,0.0,12.0,0.0,0.4,0.3,-24.0,-24.0,-24.0,-24.0,1.0,0.0,12.0,0.0,0.4,0.3,27.0,658.0,1647.5,858.5,8.0,965.5,12.0,0.3,0.5,0.4,25.0,660.0,1645.0,860.0,8.0,965.0,12.0,0.3,0.5,0.4
1974,2,26.0,33.0,16.7,16.7,18.9,17.61,9.0,1.24,14.0,0.7,0.5,0.7,15.6,16.7,16.9,16.37,9.0,0.63,14.0,0.7,0.5,0.7,6.77,6.94,9.46,7.68,8.0,1.47,14.0,0.6,0.5,0.7,58.2,60.0,79.6,67.0,8.0,13.4,14.0,0.6,0.7,4.23,5.7,7.3,5.71,9.0,1.75,14.0,0.7,0.5,0.7,3.99,5.1,6.03,5.12,9.0,1.34,14.0,0.7,0.5,0.7,-0.94,0.0,1.93,1.06,9.0,2.69,14.0,0.7,0.5,0.7,1010.79,1012.4,1015.94,1013.71,10.0,3.94,14.0,0.6,0.5,0.7,1.4,3.0,5.0,3.4,10.0,1.9,14.0,0.6,0.5,0.7,17.2,32.0,37.9,30.5,9.0,14.5,14.0,0.7,0.5,0.7,-5.1,0.0,12.4,8.8,9.0,22.4,14.0,0.7,0.5,0.7,0.02,1.1,2.15,1.24,9.0,1.3,14.0,0.7,0.5,0.7,0.0,4.5,14.0,6.5,9.0,8.6,14.0,0.7,0.5,0.7,1.96,5.79,6.64,4.96,8.0,2.21,14.0,0.6,0.5,0.7,13.9,29.7,39.1,27.5,8.0,14.9,14.0,0.6,0.5,0.7,63.8,86.2,97.6,84.1,9.0,23.3,14.0,0.7,0.5,0.7,-15.2,0.0,32.3,18.0,9.0,45.4,14.0,0.7,0.5,0.7,31.9,38.8,43.5,38.0,8.0,9.4,14.0,0.6,0.5,0.7,-6.6,0.0,13.9,9.7,8.0,26.9,14.0,0.6,0.5,0.7,7.8,29.2,38.6,26.3,8.0,15.7,14.0,0.6,0.5,0.7,-5.2,0.0,8.2,0.7,8.0,6.8,14.0,0.6,0.5,0.7,76.5,185.0,397.5,234.0,9.0,203.0,14.0,0.7,0.5,0.7,75.0,185.0,400.0,235.0,9.0,205.0,14.0,0.7,0.5,0.7
1974,2,26.0,34.0,15.6,16.7,17.49,16.65,46.0,1.07,16.0,0.6,0.5,0.5,14.5,15.6,17.15,15.84,48.0,1.87,16.0,0.6,0.5,0.5,6.92,8.03,9.29,8.16,39.0,1.49,16.0,0.5,0.5,0.5,60.5,71.3,85.5,72.1,40.0,11.6,16.0,0.6,0.5,3.25,6.2,9.3,6.09,47.0,3.11,14.0,0.6,0.5,0.5,-1.21,3.5,6.77,2.77,47.0,4.03,14.0,0.6,0.5,0.5,-4.62,1.34,3.99,0.68,47.0,4.8,14.0,0.6,0.5,0.5,1010.15,1013.95,1018.91,1014.21,48.0,5.1,14.0,0.6,0.5,0.5,2.0,3.0,6.7,3.8,47.0,2.4,14.0,0.6,0.5,0.5,-2.7,16.2,56.8,21.2,47.0,33.8,14.0,0.6,0.5,0.5,-23.2,4.8,29.6,5.8,47.0,50.8,14.0,0.6,0.5,0.5,-0.7,1.0,3.01,0.92,45.0,2.11,16.0,0.6,0.5,0.5,-4.2,3.4,16.9,5.9,43.0,14.5,14.0,0.6,0.5,0.5,1.95,4.01,5.35,3.76,38.0,1.78,16.0,0.6,0.5,0.5,6.9,20.1,33.5,22.8,36.0,18.4,16.0,0.6,0.5,0.5,-14.3,53.8,118.2,46.0,46.0,64.1,16.0,0.6,0.5,0.5,-62.3,18.8,65.4,12.1,46.0,76.1,16.0,0.6,0.5,0.5,-13.0,23.1,54.7,20.9,37.0,34.5,16.0,0.5,0.5,0.5,-25.5,7.4,34.9,9.8,37.0,36.9,16.0,0.5,0.5,0.5,-6.4,10.7,27.3,9.9,36.0,17.0,16.0,0.6,0.5,0.5,-16.0,3.3,14.3,1.6,36.0,21.9,16.0,0.6,0.5,0.5,35.0,238.5,804.5,412.5,47.0,619.5,14.0,0.6,0.5,0.5,35.0,240.0,805.0,415.0,47.0,620.0,14.0,0.6,0.5,0.5
1974,2,26.0,35.0,15.54,16.0,18.17,16.55,10.0,1.77,12.0,0.4,0.6,0.3,12.76,15.6,16.61,14.77,13.0,1.91,14.0,0.3,0.5,0.3,6.2,7.86,8.01,7.22,11.0,1.1,14.0,0.4,0.6,0.3,59.4,71.2,80.7,69.8,11.0,11.3,14.0,0.4,0.3,3.55,7.2,10.44,6.84,13.0,3.34,14.0,0.3,0.6,0.3,1.52,3.14,6.81,3.03,13.0,3.48,14.0,0.3,0.6,0.3,-2.66,-1.23,10.15,1.39,13.0,6.14,14.0,0.3,0.6,0.3,1011.09,1016.7,1018.53,1015.41,14.0,5.54,14.0,0.3,0.6,0.3,0.0,1.0,5.9,2.6,14.0,3.1,14.0,0.3,0.6,0.3,6.3,15.0,52.1,18.5,13.0,33.3,14.0,0.3,0.6,0.3,-11.5,-4.4,106.0,20.3,13.0,63.9,14.0,0.3,0.6,0.3,0.0,1.4,3.3,1.43,10.0,2.22,12.0,0.4,0.6,0.3,0.0,9.7,16.4,9.0,10.0,14.2,12.0,0.4,0.6,0.3,3.85,4.17,4.98,4.37,8.0,0.78,12.0,0.5,0.7,0.3,15.9,21.6,47.1,28.8,8.0,16.2,12.0,0.5,0.7,0.3,17.5,39.5,78.1,40.6,12.0,54.0,14.0,0.3,0.5,0.3,-36.9,-6.9,147.4,27.7,12.0,87.7,14.0,0.3,0.5,0.3,9.0,14.9,29.1,15.8,10.0,27.1,16.0,0.4,0.6,0.3,-19.7,-10.3,78.5,13.0,10.0,50.4,16.0,0.4,0.6,0.3,5.4,9.7,18.2,7.7,8.0,14.3,12.0,0.5,0.7,0.3,-13.7,6.4,41.3,13.1,8.0,27.2,12.0,0.5,0.7,0.3,45.0,373.0,1145.5,542.0,13.0,630.5,14.0,0.3,0.6,0.3,45.0,375.0,1145.0,540.0,13.0,630.0,14.0,0.3,0.6,0.3
1974,2,26.0,36.0,15.0,16.0,18.03,16.19,13.0,1.64,12.0,0.7,0.6,0.3,12.13,14.0,15.05,13.51,13.0,1.79,12.0,0.7,0.6,0.3,5.96,6.79,8.63,7.26,5.0,1.91,10.0,0.8,0.6,0.4,69.6,76.1,83.9,76.9,5.0,11.6,10.0,0.8,0.4,0.75,7.6,11.51,7.01,12.0,4.78,14.0,0.7,0.6,0.4,-4.62,0.0,6.85,0.34,12.0,6.28,14.0,0.7,0.6,0.4,-1.75,0.96,6.97,1.8,12.0,5.78,14.0,0.7,0.6,0.4,1005.72,1013.65,1024.37,1014.44,14.0,9.43,12.0,0.7,0.5,0.4,0.1,3.5,6.9,3.7,14.0,2.9,12.0,0.7,0.5,0.4,-39.9,0.0,65.8,6.5,12.0,69.7,14.0,0.7,0.6,0.4,-15.8,8.1,51.6,14.3,12.0,64.5,14.0,0.7,0.6,0.4,0.72,2.8,5.05,2.68,13.0,2.05,12.0,0.7,0.6,0.3,0.0,17.4,31.6,15.9,11.0,17.3,14.0,0.6,0.6,0.3,2.75,3.95,6.23,4.42,5.0,1.83,10.0,0.8,0.6,0.4,0.0,8.5,27.4,13.5,4.0,17.5,10.0,0.8,0.6,0.4,-66.3,0.0,67.3,-7.6,11.0,77.6,14.0,0.6,0.6,0.3,-42.7,26.7,114.5,29.3,11.0,84.2,14.0,0.6,0.6,0.3,-16.1,0.0,0.0,-7.7,4.0,15.4,10.0,0.8,0.6,0.4,0.0,18.3,50.7,25.0,4.0,30.9,10.0,0.8,0.6,0.4,-12.4,0.0,0.0,-5.9,4.0,11.9,10.0,0.8,0.6,0.4,0.0,8.5,22.9,11.3,4.0,13.9,10.0,0.8,0.6,0.4,0.5,483.5,1551.0,755.0,12.0,815.5,14.0,0.7,0.6,0.4,0.0,485.0,1550.0,755.0,12.0,815.0,14.0,0.7,0.6,0.4
1974,2,26.0,37.0,,,,,,,,,,,,,,,,,,,,,,,,,,,,,,,,,,,,,,,,5.43,10.0,14.26,9.85,4.0,5.26,16.0,0.8,0.1,0.1,-10.68,-5.0,-0.62,-5.62,4.0,6.87,16.0,0.8,0.1,0.1,-4.41,1.3,8.78,2.15,4.0,7.85,16.0,0.8,0.1,0.1,1010.98,1016.3,1018.55,1014.8,3.0,5.7,14.0,0.7,0.1,0.1,4.4,7.0,7.5,6.0,4.0,2.7,16.0,0.8,0.1,0.1,-157.0,-54.5,-7.5,-81.0,4.0,102.1,16.0,0.8,0.1,0.1,-49.1,14.3,96.9,23.5,4.0,96.2,16.0,0.8,0.1,0.1,,,,,,,,,,,,,,,,,,,,,,,,,,,,,,,,,,,,,,,,,,,,,,,,,,,,,,,,,,,,,,,,,,,,,,,,,,,,,,,,,,,,,,,,,,,,,,,,,,,,,,,,,,,,,,,,,,,,,,,,
1974,2,26.0,38.0,12.48,13.45,13.95,13.23,4.0,0.93,18.0,0.5,0.2,0.7,10.42,12.0,13.73,12.08,4.0,2.01,18.0,0.5,0.2,0.7,5.15,5.35,5.56,5.35,2.0,0.42,24.0,0.5,0.2,0.8,53.7,62.4,71.1,62.4,2.0,18.0,24.0,0.5,0.8,1.3,4.1,8.33,4.8,3.0,5.19,22.0,0.3,0.1,0.7,-7.6,-3.14,-1.0,-4.27,3.0,4.94,22.0,0.3,0.1,0.7,-3.24,-2.64,-0.84,-2.05,3.0,1.83,22.0,0.3,0.1,0.7,1010.19,1013.9,1015.46,1012.88,4.0,3.48,18.0,0.5,0.2,0.7,2.4,6.0,7.5,5.0,4.0,3.6,18.0,0.5,0.2,0.7,-72.1,-12.9,-4.1,-37.5,3.0,54.2,22.0,0.3,0.1,0.7,-28.2,-10.8,-3.4,-15.7,3.0,18.6,22.0,0.3,0.1,0.7,-0.26,1.05,2.57,1.15,4.0,1.67,18.0,0.5,0.2,0.7,-1.4,0.0,14.8,6.5,3.0,13.1,22.0,0.3,0.1,0.7,3.31,3.93,4.55,3.93,2.0,1.29,24.0,0.5,0.2,0.8,21.6,25.5,29.3,25.5,2.0,7.9,24.0,0.5,0.2,0.8,-79.8,-45.2,-14.4,-47.0,3.0,47.9,22.0,0.3,0.1,0.7,-37.0,-34.9,-11.1,-24.3,3.0,21.1,22.0,0.3,0.1,0.7,-48.5,-35.3,-22.0,-35.3,2.0,27.5,24.0,0.5,0.2,0.8,-18.9,-16.6,-14.4,-16.6,2.0,4.7,24.0,0.5,0.2,0.8,-27.0,-22.2,-17.4,-22.2,2.0,9.9,24.0,0.5,0.2,0.8,-12.4,-11.7,-11.0,-11.7,2.0,1.5,24.0,0.5,0.2,0.8,22.0,69.0,768.0,387.0,3.0,612.0,22.0,0.3,0.1,0.7,20.0,70.0,770.0,385.0,3.0,610.0,22.0,0.3,0.1,0.7
1974,2,26.0,39.0,,,,,,,,,,,,,,,,,,,,,,,,,,,,,,,,,,,,,,,,4.6,4.6,4.6,4.6,1.0,0.0,2.0,1.0,0.0,0.9,2.96,2.96,2.96,2.96,1.0,0.0,2.0,1.0,0.0,0.9,3.52,3.52,3.52,3.52,1.0,0.0,2.0,1.0,0.0,0.9,1024.07,1025.3,1026.53,1025.3,2.0,2.55,2.0,1.0,0.0,0.9,,,,,,,,,,,,,,,,,,,,,,,,,,,,,,,,,,,,,,,,,,,,,,,,,,,,,,,,,,,,,,,,,,,,,,,,,,,,,,,,,,,,,,,,,,,,,,,,,,,,,,,,,,,,,,,,,,,,,,,,,,,,,,,,,,,,,,,,,,,,,,,,,,,,,,
1974,2,26.0,40.0,6.32,7.95,11.35,8.62,6.0,2.56,18.0,1.0,0.5,0.3,6.08,7.45,8.09,7.0,6.0,1.99,18.0,1.0,0.5,0.3,5.44,5.69,5.84,5.64,4.0,0.24,16.0,1.0,0.4,0.1,82.4,85.3,87.2,84.9,4.0,3.3,16.0,1.0,0.1,6.99,8.6,11.01,8.87,6.0,3.8,18.0,0.8,0.6,0.4,-7.46,-5.39,-2.23,-4.76,6.0,2.91,18.0,0.8,0.6,0.4,-9.54,-7.3,-1.53,-5.97,6.0,5.51,18.0,0.8,0.6,0.4,1003.83,1007.3,1021.4,1010.67,6.0,8.52,18.0,1.0,0.5,0.3,5.6,7.0,8.0,6.7,6.0,1.6,18.0,1.0,0.5,0.3,-70.6,-51.0,-18.2,-49.4,6.0,37.6,18.0,0.8,0.6,0.4,-108.4,-62.6,-15.4,-69.4,6.0,69.3,18.0,0.8,0.6,0.4,-0.24,1.95,3.14,1.62,6.0,1.66,18.0,1.0,0.5,0.3,-3.3,9.6,26.0,10.9,5.0,15.1,18.0,1.0,0.6,0.3,1.15,1.97,2.78,1.97,4.0,1.0,16.0,1.0,0.4,0.1,8.9,12.1,21.2,15.0,3.0,9.4,12.0,1.0,0.6,0.2,-51.9,-44.5,-22.4,-38.3,5.0,16.4,18.0,1.0,0.6,0.3,-77.0,-53.1,-25.3,-52.0,5.0,28.4,18.0,1.0,0.6,0.3,-37.6,-32.1,-21.4,-29.6,3.0,12.1,12.0,1.0,0.6,0.2,-42.8,-38.2,-22.1,-32.6,3.0,15.9,12.0,1.0,0.6,0.2,-10.5,-8.7,-6.0,-8.3,3.0,3.3,12.0,1.0,0.6,0.2,-18.1,-5.7,-4.6,-11.2,3.0,11.0,12.0,1.0,0.6,0.2,412.5,640.0,1476.5,1021.5,6.0,1164.5,18.0,0.8,0.6,0.4,410.0,640.0,1475.0,1020.0,6.0,1165.0,18.0,0.8,0.6,0.4
1974,2,26.0,59.0,,,,,,,,,,,,,,,,,,,,,,,,,,,,,,,,,,,,,,,,5.79,7.5,9.21,7.5,2.0,3.54,22.0,1.0,0.3,0.9,-3.66,-0.79,2.08,-0.79,2.0,5.95,22.0,1.0,0.3,0.9,1.49,4.7,7.91,4.7,2.0,6.64,22.0,1.0,0.3,0.9,1023.82,1028.6,1033.38,1028.6,2.0,9.9,22.0,1.0,0.3,0.9,,,,,,,,,,,,,,,,,,,,,,,,,,,,,,,,,,,,,,,,,,,,,,,,,,,,,,,,,,,,,,,,,,,,,,,,,,,,,,,,,,,,,,,,,,,,,,,,,,,,,,,,,,,,,,,,,,,,,,,,,,,,,,,,,,,,,,,,,,,,,,,,,,,,,,
1974,2,26.0,60.0,,,,,,,,,,,,,,,,,,,,,,,,,,,,,,,,,,,,,,,,1.27,4.0,4.68,3.0,3.0,2.65,4.0,0.3,0.5,0.0,0.97,3.06,3.17,2.09,3.0,1.81,4.0,0.3,0.5,0.0,-1.76,0.0,2.61,0.42,3.0,3.22,4.0,0.3,0.5,0.0,1007.13,1014.3,1015.87,1011.57,3.0,6.82,4.0,0.3,0.5,0.0,,,,,,,,,,,,,,,,,,,,,,,,,,,,,,,,,,,,,,,,,,,,,,,,,,,,,,,,,,,,,,,,,,,,,,,,,,,,,,,,,,,,,,,,,,,,,,,,,,,,,,,,,,,,,,,,,,,,,,,,,,,,,,,,,,,,,,,,,,,,,,,,,,,,,,
1974,2,26.0,71.0,2.98,3.7,4.02,3.52,6.0,0.62,10.0,0.3,0.4,0.5,-4.14,-2.7,-1.82,-2.87,6.0,1.14,10.0,0.3,0.4,0.5,2.25,2.72,2.85,2.56,4.0,0.44,8.0,0.3,0.4,0.6,78.6,90.8,92.8,85.9,4.0,11.6,8.0,0.3,0.6,9.56,10.55,11.8,10.28,6.0,1.88,10.0,0.3,0.4,0.5,-9.88,-5.37,-2.37,-5.42,6.0,4.65,10.0,0.3,0.4,0.5,-0.39,6.6,11.2,5.67,6.0,5.91,10.0,0.3,0.4,0.5,997.46,1000.35,1002.73,1000.42,6.0,5.12,10.0,0.3,0.4,0.5,6.0,6.5,7.5,6.8,4.0,1.0,12.0,0.5,0.5,0.5,-102.8,-46.3,-23.8,-53.2,6.0,49.7,10.0,0.3,0.4,0.5,-4.2,68.0,132.1,63.9,6.0,67.9,10.0,0.3,0.4,0.5,4.79,6.75,7.72,6.38,6.0,1.59,10.0,0.3,0.4,0.5,52.4,69.5,85.1,67.3,6.0,23.7,10.0,0.3,0.4,0.5,2.27,2.37,2.72,2.49,4.0,0.32,8.0,0.3,0.4,0.6,23.3,26.3,30.5,26.9,4.0,4.3,8.0,0.3,0.4,0.6,7.2,13.8,28.2,16.9,6.0,16.1,10.0,0.3,0.4,0.5,-32.1,-15.4,1.6,-16.5,6.0,20.3,10.0,0.3,0.4,0.5,-24.2,-15.5,-10.3,-17.1,4.0,8.5,8.0,0.3,0.4,0.6,2.9,18.8,28.2,15.7,4.0,15.5,8.0,0.3,0.4,0.6,-27.0,-16.0,-8.9,-17.8,4.0,11.0,8.0,0.3,0.4,0.6,0.9,14.9,24.6,12.9,4.0,14.7,8.0,0.3,0.4,0.6,929.0,1176.0,1643.0,1172.0,6.0,494.5,10.0,0.3,0.4,0.5,930.0,1175.0,1645.0,1170.0,6.0,495.0,10.0,0.3,0.4,0.5
1974,2,26.0,72.0,4.06,4.2,4.2,4.13,6.0,0.12,2.0,0.7,0.3,0.2,-1.37,0.35,1.28,0.05,6.0,1.47,2.0,0.7,0.3,0.2,2.84,3.04,3.15,3.02,6.0,0.35,2.0,0.7,0.3,0.2,69.4,79.0,88.7,79.4,6.0,10.8,2.0,0.7,0.2,5.47,6.95,9.71,7.47,6.0,2.45,2.0,0.7,0.3,0.2,-7.44,-4.91,4.18,-2.78,6.0,5.81,2.0,0.7,0.3,0.2,-6.24,-4.88,-2.74,-4.69,6.0,1.88,2.0,0.7,0.3,0.2,995.63,1007.6,1011.14,1004.73,6.0,7.65,2.0,0.7,0.3,0.2,5.0,6.0,6.7,6.0,5.0,1.2,2.0,0.8,0.2,0.2,-72.8,-34.3,20.4,-31.0,6.0,48.4,2.0,0.7,0.3,0.2,-61.1,-33.9,-15.1,-38.7,6.0,26.5,2.0,0.7,0.3,0.2,2.9,3.85,5.5,4.08,6.0,1.41,2.0,0.7,0.3,0.2,16.5,28.8,50.6,31.8,6.0,17.4,2.0,0.7,0.3,0.2,1.89,2.06,2.34,2.1,6.0,0.34,2.0,0.7,0.3,0.2,11.8,13.9,21.5,16.2,6.0,7.7,2.0,0.7,0.3,0.2,0.9,5.2,8.6,3.7,6.0,6.5,2.0,0.7,0.3,0.2,-4.2,0.2,7.8,1.2,6.0,6.8,2.0,0.7,0.3,0.2,-21.7,-14.9,14.4,-7.4,6.0,17.2,2.0,0.7,0.3,0.2,-18.2,-14.8,-8.3,-13.8,6.0,4.5,2.0,0.7,0.3,0.2,-16.5,-9.9,7.3,-6.6,6.0,13.0,2.0,0.7,0.3,0.2,-13.8,-9.8,-5.9,-10.2,6.0,5.3,2.0,0.7,0.3,0.2,167.0,337.0,936.0,534.0,6.0,508.5,2.0,0.7,0.3,0.2,165.0,335.0,935.0,535.0,6.0,510.0,2.0,0.7,0.3,0.2
1974,2,27.0,-70.0,0.05,0.15,0.25,0.15,2.0,0.21,10.0,1.0,0.1,0.2,-2.04,-1.7,-1.36,-1.7,2.0,0.71,10.0,1.0,0.1,0.2,3.44,3.44,3.44,3.44,1.0,0.0,10.0,1.0,0.2,0.3,95.7,95.7,95.7,95.7,1.0,0.0,10.0,1.0,0.3,12.3,12.3,12.3,12.3,2.0,0.0,10.0,1.0,0.1,0.2,-11.52,-11.44,-11.36,-11.44,2.0,0.17,10.0,1.0,0.1,0.2,4.3,4.51,4.71,4.51,2.0,0.42,10.0,1.0,0.1,0.2,974.85,975.4,975.95,975.4,2.0,1.13,10.0,1.0,0.1,0.2,8.0,8.0,8.0,8.0,1.0,0.0,10.0,1.0,0.2,0.3,-141.7,-140.7,-139.7,-140.7,2.0,2.1,10.0,1.0,0.1,0.2,52.9,55.4,57.9,55.4,2.0,5.2,10.0,1.0,0.1,0.2,1.61,1.85,2.09,1.85,2.0,0.49,10.0,1.0,0.1,0.2,19.8,22.8,25.7,22.8,2.0,6.1,10.0,1.0,0.1,0.2,0.57,0.57,0.57,0.57,1.0,0.0,10.0,1.0,0.2,0.3,7.0,7.0,7.0,7.0,1.0,0.0,10.0,1.0,0.2,0.3,15.6,19.4,23.2,19.4,2.0,7.8,10.0,1.0,0.1,0.2,-9.7,-7.8,-5.9,-7.8,2.0,3.9,10.0,1.0,0.1,0.2,-39.8,-39.8,-39.8,-39.8,1.0,0.0,10.0,1.0,0.2,0.3,14.5,14.5,14.5,14.5,1.0,0.0,10.0,1.0,0.2,0.3,-6.6,-6.6,-6.6,-6.6,1.0,0.0,10.0,1.0,0.2,0.3,2.4,2.4,2.4,2.4,1.0,0.0,10.0,1.0,0.2,0.3,1861.0,1861.0,1861.0,1861.0,2.0,0.0,10.0,1.0,0.1,0.2,1860.0,1860.0,1860.0,1860.0,2.0,0.0,10.0,1.0,0.1,0.2
1974,2,27.0,-67.0,,,,,,,,,,,,,,,,,,,,,,,,,,,,,,,,,,,,,,,,5.1,5.1,5.1,5.1,1.0,0.0,24.0,0.0,0.8,0.1,-1.74,-1.74,-1.74,-1.74,1.0,0.0,24.0,0.0,0.8,0.1,-4.79,-4.79,-4.79,-4.79,1.0,0.0,24.0,0.0,0.8,0.1,977.8,977.8,977.8,977.8,1.0,0.0,24.0,0.0,0.8,0.1,,,,,,,,,,,,,,,,,,,,,,,,,,,,,,,,,,,,,,,,,,,,,,,,,,,,,,,,,,,,,,,,,,,,,,,,,,,,,,,,,,,,,,,,,,,,,,,,,,,,,,,,,,,,,,,,,,,,,,,,,,,,,,,,,,,,,,,,,,,,,,,,,,,,,,
1974,2,27.0,-59.0,,,,,,,,,,,,,,,,,,,,,,,,,,,,,,,,,,,,,,,,4.0,4.0,4.0,4.0,1.0,0.0,20.0,1.0,0.4,0.2,-2.57,-2.57,-2.57,-2.57,1.0,0.0,20.0,1.0,0.4,0.2,3.06,3.06,3.06,3.06,1.0,0.0,20.0,1.0,0.4,0.2,972.6,972.6,972.6,972.6,1.0,0.0,20.0,1.0,0.4,0.2,,,,,,,,,,,,,,,,,,,,,,,,,,,,,,,,,,,,,,,,,,,,,,,,,,,,,,,,,,,,,,,,,,,,,,,,,,,,,,,,,,,,,,,,,,,,,,,,,,,,,,,,,,,,,,,,,,,,,,,,,,,,,,,,,,,,,,,,,,,,,,,,,,,,,,
1974,2,27.0,-47.0,,,,,,,,,,,,,,,,,,,,,,,,,,,,,,,,,,,,,,,,12.3,12.3,12.3,12.3,1.0,0.0,12.0,1.0,0.7,1.0,8.7,8.7,8.7,8.7,1.0,0.0,12.0,1.0,0.7,1.0,-8.7,-8.7,-8.7,-8.7,1.0,0.0,12.0,1.0,0.7,1.0,1013.0,1013.0,1013.0,1013.0,1.0,0.0,12.0,1.0,0.7,1.0,,,,,,,,,,,,,,,,,,,,,,,,,,,,,,,,,,,,,,,,,,,,,,,,,,,,,,,,,,,,,,,,,,,,,,,,,,,,,,,,,,,,,,,,,,,,,,,,,,,,,,,,,,,,,,,,,,,,,,,,,,,,,,,,,,,,,,,,,,,,,,,,,,,,,,
1974,2,27.0,-41.0,17.0,17.0,17.0,17.0,1.0,0.0,4.0,1.0,0.0,0.2,20.0,20.0,20.0,20.0,1.0,0.0,4.0,1.0,0.0,0.2,12.07,12.07,12.07,12.07,1.0,0.0,4.0,1.0,0.0,0.2,82.9,82.9,82.9,82.9,1.0,0.0,4.0,1.0,0.2,6.2,6.2,6.2,6.2,1.0,0.0,4.0,1.0,0.0,0.2,6.11,6.11,6.11,6.11,1.0,0.0,4.0,1.0,0.0,0.2,-1.08,-1.08,-1.08,-1.08,1.0,0.0,4.0,1.0,0.0,0.2,1009.9,1009.9,1009.9,1009.9,1.0,0.0,4.0,1.0,0.0,0.2,5.0,5.0,5.0,5.0,1.0,0.0,4.0,1.0,0.0,0.2,37.9,37.9,37.9,37.9,1.0,0.0,4.0,1.0,0.0,0.2,-6.7,-6.7,-6.7,-6.7,1.0,0.0,4.0,1.0,0.0,0.2,-3.0,-3.0,-3.0,-3.0,1.0,0.0,4.0,1.0,0.0,0.2,-18.6,-18.6,-18.6,-18.6,1.0,0.0,4.0,1.0,0.0,0.2,0.0,0.0,0.0,0.0,1.0,0.0,4.0,1.0,0.0,0.2,0.0,0.0,0.0,0.0,1.0,0.0,4.0,1.0,0.0,0.2,122.1,122.1,122.1,122.1,1.0,0.0,4.0,1.0,0.0,0.2,-21.5,-21.5,-21.5,-21.5,1.0,0.0,4.0,1.0,0.0,0.2,73.7,73.7,73.7,73.7,1.0,0.0,4.0,1.0,0.0,0.2,-13.0,-13.0,-13.0,-13.0,1.0,0.0,4.0,1.0,0.0,0.2,0.0,0.0,0.0,0.0,1.0,0.0,4.0,1.0,0.0,0.2,0.0,0.0,0.0,0.0,1.0,0.0,4.0,1.0,0.0,0.2,238.5,238.5,238.5,238.5,1.0,0.0,4.0,1.0,0.0,0.2,240.0,240.0,240.0,240.0,1.0,0.0,4.0,1.0,0.0,0.2
1974,2,27.0,-40.0,18.5,18.5,18.5,18.5,1.0,0.0,14.0,0.0,0.5,0.8,15.5,15.5,15.5,15.5,1.0,0.0,14.0,0.0,0.5,0.8,7.93,7.93,7.93,7.93,1.0,0.0,14.0,0.0,0.5,0.8,73.6,73.6,73.6,73.6,1.0,0.0,14.0,0.0,0.8,9.3,9.3,9.3,9.3,1.0,0.0,14.0,0.0,0.5,0.8,-5.98,-5.98,-5.98,-5.98,1.0,0.0,14.0,0.0,0.5,0.8,7.12,7.12,7.12,7.12,1.0,0.0,14.0,0.0,0.5,0.8,1017.49,1020.25,1023.01,1020.25,2.0,5.73,8.0,0.0,0.6,0.8,5.5,6.5,7.5,6.5,2.0,2.1,8.0,0.0,0.6,0.8,-55.6,-55.6,-55.6,-55.6,1.0,0.0,14.0,0.0,0.5,0.8,66.3,66.3,66.3,66.3,1.0,0.0,14.0,0.0,0.5,0.8,3.0,3.0,3.0,3.0,1.0,0.0,14.0,0.0,0.5,0.8,27.9,27.9,27.9,27.9,1.0,0.0,14.0,0.0,0.5,0.8,5.15,5.15,5.15,5.15,1.0,0.0,14.0,0.0,0.5,0.8,47.9,47.9,47.9,47.9,1.0,0.0,14.0,0.0,0.5,0.8,-92.7,-92.7,-92.7,-92.7,1.0,0.0,14.0,0.0,0.5,0.8,110.4,110.4,110.4,110.4,1.0,0.0,14.0,0.0,0.5,0.8,-47.4,-47.4,-47.4,-47.4,1.0,0.0,14.0,0.0,0.5,0.8,56.5,56.5,56.5,56.5,1.0,0.0,14.0,0.0,0.5,0.8,-30.8,-30.8,-30.8,-30.8,1.0,0.0,14.0,0.0,0.5,0.8,36.7,36.7,36.7,36.7,1.0,0.0,14.0,0.0,0.5,0.8,804.5,804.5,804.5,804.5,1.0,0.0,14.0,0.0,0.5,0.8,805.0,805.0,805.0,805.0,1.0,0.0,14.0,0.0,0.5,0.8
1974,2,27.0,-37.0,20.0,20.0,20.0,20.0,1.0,0.0,2.0,0.0,0.3,0.1,18.5,18.5,18.5,18.5,1.0,0.0,2.0,0.0,0.3,0.1,9.35,9.35,9.35,9.35,1.0,0.0,2.0,0.0,0.3,0.1,71.2,71.2,71.2,71.2,1.0,0.0,2.0,0.0,0.1,6.7,6.7,6.7,6.7,1.0,0.0,2.0,0.0,0.3,0.1,-5.13,-5.13,-5.13,-5.13,1.0,0.0,2.0,0.0,0.3,0.1,4.31,4.31,4.31,4.31,1.0,0.0,2.0,0.0,0.3,0.1,1018.6,1018.6,1018.6,1018.6,1.0,0.0,2.0,0.0,0.3,0.1,5.0,5.0,5.0,5.0,1.0,0.0,2.0,0.0,0.3,0.1,-34.4,-34.4,-34.4,-34.4,1.0,0.0,2.0,0.0,0.3,0.1,28.9,28.9,28.9,28.9,1.0,0.0,2.0,0.0,0.3,0.1,1.5,1.5,1.5,1.5,1.0,0.0,2.0,0.0,0.3,0.1,10.1,10.1,10.1,10.1,1.0,0.0,2.0,0.0,0.3,0.1,5.11,5.11,5.11,5.11,1.0,0.0,2.0,0.0,0.3,0.1,34.2,34.2,34.2,34.2,1.0,0.0,2.0,0.0,0.3,0.1,-95.0,-95.0,-95.0,-95.0,1.0,0.0,2.0,0.0,0.3,0.1,79.7,79.7,79.7,79.7,1.0,0.0,2.0,0.0,0.3,0.1,-48.0,-48.0,-48.0,-48.0,1.0,0.0,2.0,0.0,0.3,0.1,40.3,40.3,40.3,40.3,1.0,0.0,2.0,0.0,0.3,0.1,-26.2,-26.2,-26.2,-26.2,1.0,0.0,2.0,0.0,0.3,0.1,22.0,22.0,22.0,22.0,1.0,0.0,2.0,0.0,0.3,0.1,301.0,301.0,301.0,301.0,1.0,0.0,2.0,0.0,0.3,0.1,300.0,300.0,300.0,300.0,1.0,0.0,2.0,0.0,0.3,0.1
1974,2,27.0,-36.0,24.0,24.0,24.0,24.0,1.0,0.0,28.0,1.0,0.1,0.1,25.0,25.0,25.0,25.0,1.0,0.0,28.0,1.0,0.1,0.1,16.63,16.63,16.63,16.63,1.0,0.0,28.0,1.0,0.1,0.1,83.4,83.4,83.4,83.4,1.0,0.0,28.0,1.0,0.1,9.3,9.3,9.3,9.3,1.0,0.0,28.0,1.0,0.1,0.1,0.0,0.0,0.0,0.0,1.0,0.0,28.0,1.0,0.1,0.1,-9.3,-9.3,-9.3,-9.3,1.0,0.0,28.0,1.0,0.1,0.1,1003.0,1003.0,1003.0,1003.0,1.0,0.0,28.0,1.0,0.1,0.1,5.0,5.0,5.0,5.0,1.0,0.0,28.0,1.0,0.1,0.1,0.0,0.0,0.0,0.0,1.0,0.0,28.0,1.0,0.1,0.1,-86.5,-86.5,-86.5,-86.5,1.0,0.0,28.0,1.0,0.1,0.1,-1.0,-1.0,-1.0,-1.0,1.0,0.0,28.0,1.0,0.1,0.1,-9.3,-9.3,-9.3,-9.3,1.0,0.0,28.0,1.0,0.1,0.1,2.17,2.17,2.17,2.17,1.0,0.0,28.0,1.0,0.1,0.1,20.2,20.2,20.2,20.2,1.0,0.0,28.0,1.0,0.1,0.1,0.0,0.0,0.0,0.0,1.0,0.0,28.0,1.0,0.1,0.1,-232.5,-232.5,-232.5,-232.5,1.0,0.0,28.0,1.0,0.1,0.1,0.0,0.0,0.0,0.0,1.0,0.0,28.0,1.0,0.1,0.1,-154.7,-154.7,-154.7,-154.7,1.0,0.0,28.0,1.0,0.1,0.1,0.0,0.0,0.0,0.0,1.0,0.0,28.0,1.0,0.1,0.1,-20.2,-20.2,-20.2,-20.2,1.0,0.0,28.0,1.0,0.1,0.1,804.5,804.5,804.5,804.5,1.0,0.0,28.0,1.0,0.1,0.1,805.0,805.0,805.0,805.0,1.0,0.0,28.0,1.0,0.1,0.1
1974,2,27.0,-35.0,19.0,23.4,26.0,22.86,19.0,3.19,14.0,0.6,0.3,0.7,20.96,22.7,24.16,22.85,19.0,1.88,12.0,0.6,0.3,0.7,11.04,13.04,14.45,13.5,19.0,2.97,12.0,0.6,0.3,0.7,65.9,76.2,86.9,77.1,19.0,11.3,12.0,0.6,0.7,5.38,9.3,13.23,9.23,21.0,3.82,14.0,0.6,0.3,0.7,-9.49,-5.5,6.48,-3.05,21.0,7.64,14.0,0.6,0.3,0.7,-7.77,1.06,4.71,-0.07,21.0,5.99,14.0,0.6,0.3,0.7,1006.42,1010.1,1015.64,1011.31,21.0,4.62,14.0,0.6,0.3,0.7,3.0,6.0,8.0,5.4,21.0,2.4,14.0,0.6,0.3,0.7,-115.7,-44.2,46.2,-40.6,21.0,97.7,14.0,0.6,0.3,0.7,-91.9,3.3,29.5,-7.3,21.0,70.1,14.0,0.6,0.3,0.7,-3.4,1.15,2.33,0.23,18.0,2.79,12.0,0.6,0.3,0.7,-21.7,7.4,29.4,4.1,18.0,26.5,12.0,0.6,0.3,0.7,0.35,4.66,7.82,4.35,18.0,3.7,12.0,0.6,0.3,0.7,3.0,24.6,83.1,41.6,18.0,47.1,12.0,0.6,0.3,0.7,-228.0,-89.2,162.9,-63.5,19.0,178.6,12.0,0.6,0.3,0.7,-189.9,22.4,103.9,-8.9,19.0,128.9,12.0,0.6,0.3,0.7,-133.8,-53.6,95.1,-37.0,19.0,101.7,12.0,0.6,0.3,0.7,-103.5,11.0,55.4,-8.0,19.0,77.9,12.0,0.6,0.3,0.7,-48.9,-2.3,23.3,-13.2,18.0,55.2,12.0,0.6,0.3,0.7,-5.2,0.0,30.2,5.7,18.0,27.9,12.0,0.6,0.3,0.7,162.0,804.5,2319.0,1188.0,21.0,1357.5,14.0,0.6,0.3,0.7,160.0,805.0,2320.0,1190.0,21.0,1360.0,14.0,0.6,0.3,0.7
1974,2,27.0,-34.0,18.0,23.0,26.0,22.49,75.0,3.61,14.0,0.6,0.5,0.5,20.4,22.8,25.6,22.87,78.0,2.69,14.0,0.6,0.5,0.5,12.19,13.69,15.9,14.07,71.0,2.31,14.0,0.6,0.5,0.5,73.0,82.7,90.5,82.0,71.0,9.0,14.0,0.6,0.5,4.1,7.7,11.3,7.86,77.0,4.07,14.0,0.6,0.5,0.4,-7.58,-3.52,7.53,-1.35,77.0,7.36,14.0,0.6,0.5,0.4,-3.82,0.0,4.93,0.58,77.0,4.77,14.0,0.6,0.5,0.4,1008.25,1013.4,1017.81,1012.91,79.0,4.57,14.0,0.6,0.5,0.5,1.0,7.0,8.0,5.3,77.0,2.9,14.0,0.6,0.5,0.5,-62.9,-16.8,58.0,-5.7,77.0,95.7,14.0,0.6,0.5,0.4,-29.2,0.0,38.1,3.7,77.0,57.0,14.0,0.6,0.5,0.4,-4.0,0.0,2.3,-0.36,74.0,3.19,14.0,0.6,0.5,0.5,-23.8,0.0,18.4,-0.6,72.0,29.0,14.0,0.6,0.5,0.5,-0.13,2.79,6.01,2.96,69.0,3.22,14.0,0.6,0.5,0.5,-0.3,17.7,60.4,28.1,67.0,38.9,14.0,0.6,0.5,0.5,-174.0,-81.2,166.2,-34.7,76.0,172.7,14.0,0.6,0.5,0.5,-105.0,0.0,111.3,11.6,76.0,117.3,14.0,0.6,0.5,0.5,-108.8,-53.8,97.7,-20.9,69.0,106.2,14.0,0.6,0.5,0.5,-43.6,0.0,72.9,10.4,69.0,70.8,14.0,0.6,0.5,0.5,-22.3,0.0,20.9,1.6,67.0,40.6,14.0,0.6,0.5,0.5,-1.8,1.7,21.9,7.3,67.0,24.7,14.0,0.6,0.5,0.5,69.0,456.5,1443.0,918.5,77.0,1433.5,14.0,0.6,0.5,0.4,70.0,455.0,1445.0,920.0,77.0,1435.0,14.0,0.6,0.5,0.4
1974,2,27.0,-33.0,28.01,28.9,29.0,28.05,8.0,1.89,8.0,0.6,0.4,0.5,26.14,28.2,28.54,27.24,5.0,2.44,6.0,0.4,0.5,0.5,12.47,12.47,12.47,12.47,1.0,0.0,2.0,0.0,0.9,0.4,72.0,72.0,72.0,72.0,1.0,0.0,2.0,0.0,0.4,2.0,3.0,4.0,3.25,8.0,1.91,10.0,0.5,0.4,0.5,-3.73,-1.5,-1.0,-2.08,8.0,1.37,10.0,0.5,0.4,0.5,-1.69,-0.3,3.27,0.73,8.0,2.87,10.0,0.5,0.4,0.5,1008.03,1011.05,1013.04,1010.22,10.0,3.81,10.0,0.6,0.4,0.5,2.0,4.0,5.0,3.9,10.0,2.0,10.0,0.6,0.4,0.5,-15.0,-5.0,-2.0,-8.7,8.0,8.7,10.0,0.5,0.4,0.5,-5.2,-1.3,12.7,5.3,8.0,16.3,10.0,0.5,0.4,0.5,-0.07,0.5,0.81,0.38,4.0,0.63,2.0,0.3,0.6,0.5,-0.2,1.1,1.8,0.8,4.0,1.3,2.0,0.3,0.6,0.5,5.54,5.54,5.54,5.54,1.0,0.0,2.0,0.0,0.9,0.4,5.5,5.5,5.5,5.5,1.0,0.0,2.0,0.0,0.9,0.4,-101.9,-28.5,-23.1,-55.5,5.0,43.9,6.0,0.4,0.5,0.5,-42.5,17.5,93.8,30.0,5.0,88.5,6.0,0.4,0.5,0.5,-8.0,-8.0,-8.0,-8.0,1.0,0.0,2.0,0.0,0.9,0.4,9.6,9.6,9.6,9.6,1.0,0.0,2.0,0.0,0.9,0.4,-3.6,-3.6,-3.6,-3.6,1.0,0.0,2.0,0.0,0.9,0.4,4.2,4.2,4.2,4.2,1.0,0.0,2.0,0.0,0.9,0.4,8.0,36.0,64.0,70.0,8.0,114.0,10.0,0.5,0.4,0.5,10.0,35.0,65.0,70.0,8.0,115.0,10.0,0.5,0.4,0.5
1974,2,27.0,31.0,15.48,16.5,17.52,16.5,4.0,1.29,16.0,0.8,0.8,0.8,12.07,15.35,15.75,13.98,4.0,3.07,16.0,0.8,0.8,0.8,6.76,6.76,6.76,6.76,1.0,0.0,12.0,1.0,0.9,0.8,61.0,61.0,61.0,61.0,1.0,0.0,12.0,1.0,0.8,5.0,6.6,8.62,6.8,4.0,2.1,16.0,0.8,0.8,0.8,-0.44,5.06,7.07,3.39,4.0,5.4,16.0,0.8,0.8,0.8,-4.9,-1.0,2.87,-1.01,4.0,4.49,16.0,0.8,0.8,0.8,1016.14,1016.45,1019.85,1017.93,4.0,3.26,16.0,0.8,0.8,0.8,1.4,3.5,4.0,2.8,4.0,1.9,16.0,0.8,0.8,0.8,-2.2,35.3,61.3,29.8,4.0,40.2,16.0,0.8,0.8,0.8,-41.9,-14.0,14.4,-13.8,4.0,32.5,16.0,0.8,0.8,0.8,0.06,1.15,5.12,2.53,4.0,4.15,16.0,0.8,0.8,0.8,-1.1,8.4,28.1,13.3,4.0,21.2,16.0,0.8,0.8,0.8,3.79,3.79,3.79,3.79,1.0,0.0,12.0,1.0,0.9,0.8,31.1,31.1,31.1,31.1,1.0,0.0,12.0,1.0,0.9,0.8,-16.9,67.6,111.4,48.2,4.0,83.8,16.0,0.8,0.8,0.8,-77.3,-20.2,34.0,-21.6,4.0,64.3,16.0,0.8,0.8,0.8,42.4,42.4,42.4,42.4,1.0,0.0,12.0,1.0,0.9,0.8,-35.6,-35.6,-35.6,-35.6,1.0,0.0,12.0,1.0,0.9,0.8,23.8,23.8,23.8,23.8,1.0,0.0,12.0,1.0,0.9,0.8,-20.0,-20.0,-20.0,-20.0,1.0,0.0,12.0,1.0,0.9,0.8,125.0,338.0,644.5,382.5,4.0,306.0,16.0,0.8,0.8,0.8,125.0,340.0,645.0,385.0,4.0,305.0,16.0,0.8,0.8,0.8
1974,2,27.0,32.0,16.0,17.0,17.09,16.58,8.0,0.71,14.0,0.0,0.3,0.4,13.29,14.75,16.51,14.8,8.0,1.47,14.0,0.0,0.3,0.4,10.54,10.54,10.54,10.54,1.0,0.0,14.0,0.0,0.4,0.6,89.7,89.7,89.7,89.7,1.0,0.0,14.0,0.0,0.6,4.64,7.0,9.89,7.95,8.0,4.22,14.0,0.0,0.3,0.4,-3.41,1.04,7.14,1.43,8.0,5.13,14.0,0.0,0.3,0.4,-6.84,-1.19,4.29,-2.57,8.0,7.33,14.0,0.0,0.3,0.4,1013.79,1015.15,1016.74,1015.84,8.0,4.91,14.0,0.0,0.3,0.4,0.0,4.0,6.4,3.7,6.0,3.3,12.0,0.0,0.3,0.4,-13.6,6.4,73.2,19.7,8.0,44.0,14.0,0.0,0.3,0.4,-62.5,-12.5,20.4,-45.0,8.0,102.4,14.0,0.0,0.3,0.4,0.32,1.75,3.0,1.78,8.0,1.41,14.0,0.0,0.3,0.4,2.4,12.8,20.2,16.4,8.0,20.7,14.0,0.0,0.3,0.4,1.6,1.6,1.6,1.6,1.0,0.0,14.0,0.0,0.4,0.6,7.4,7.4,7.4,7.4,1.0,0.0,14.0,0.0,0.4,0.6,-47.6,15.3,106.5,20.8,8.0,75.3,14.0,0.0,0.3,0.4,-95.7,-17.5,71.2,-30.8,8.0,103.3,14.0,0.0,0.3,0.4,8.4,8.4,8.4,8.4,1.0,0.0,14.0,0.0,0.4,0.6,47.7,47.7,47.7,47.7,1.0,0.0,14.0,0.0,0.4,0.6,1.3,1.3,1.3,1.3,1.0,0.0,14.0,0.0,0.4,0.6,7.3,7.3,7.3,7.3,1.0,0.0,14.0,0.0,0.4,0.6,100.5,343.0,970.0,952.0,8.0,1634.0,14.0,0.0,0.3,0.4,100.0,345.0,970.0,950.0,8.0,1635.0,14.0,0.0,0.3,0.4
1974,2,27.0,33.0,15.54,16.7,16.9,16.23,3.0,1.08,16.0,0.3,0.7,0.5,14.99,15.4,16.63,15.8,3.0,1.25,16.0,0.3,0.7,0.5,8.83,9.23,9.39,9.11,3.0,0.42,16.0,0.3,0.7,0.5,78.5,83.3,86.4,82.5,3.0,5.8,16.0,0.3,0.5,3.42,4.1,4.78,4.1,2.0,1.41,18.0,0.5,0.8,0.6,2.79,3.7,4.6,3.7,2.0,1.87,18.0,0.5,0.8,0.6,-1.82,-1.44,-1.06,-1.44,2.0,0.78,18.0,0.5,0.8,0.6,1018.25,1019.0,1019.68,1018.97,3.0,1.05,16.0,0.3,0.7,0.5,1.0,3.0,3.0,2.0,3.0,1.7,16.0,0.3,0.7,0.5,10.3,16.5,22.7,16.5,2.0,12.9,18.0,0.5,0.8,0.6,-5.9,-5.3,-4.8,-5.3,2.0,1.2,18.0,0.5,0.8,0.6,-1.09,1.3,1.91,0.43,3.0,2.32,16.0,0.3,0.7,0.5,-8.8,-3.6,1.6,-3.6,2.0,10.8,18.0,0.5,0.8,0.6,1.59,2.26,2.99,2.29,3.0,1.02,16.0,0.3,0.7,0.5,6.6,6.8,6.9,6.8,2.0,0.3,18.0,0.5,0.8,0.6,44.5,61.5,78.5,61.5,2.0,35.2,18.0,0.5,0.8,0.6,-28.2,-23.0,-17.7,-23.0,2.0,10.9,18.0,0.5,0.8,0.6,26.3,34.4,42.6,34.4,2.0,16.9,18.0,0.5,0.8,0.6,-17.2,-13.5,-9.9,-13.5,2.0,7.6,18.0,0.5,0.8,0.6,5.5,5.9,6.3,5.9,2.0,0.8,18.0,0.5,0.8,0.6,-4.0,-2.8,-1.7,-2.8,2.0,2.4,18.0,0.5,0.8,0.6,46.0,81.0,116.5,81.0,2.0,72.5,18.0,0.5,0.8,0.6,45.0,80.0,115.0,80.0,2.0,75.0,18.0,0.5,0.8,0.6
1974,2,27.0,34.0,15.6,16.7,17.93,16.71,41.0,1.23,16.0,0.5,0.5,0.5,14.04,15.35,16.5,15.2,40.0,1.29,16.0,0.5,0.5,0.5,7.06,7.77,9.25,7.92,32.0,1.2,16.0,0.5,0.4,0.5,63.5,71.1,84.6,73.1,32.0,10.1,16.0,0.5,0.5,2.61,5.1,8.18,5.48,39.0,3.06,16.0,0.5,0.4,0.6,-2.53,2.12,4.59,1.47,39.0,4.03,16.0,0.5,0.4,0.6,-4.74,-0.77,3.98,-0.66,39.0,4.61,16.0,0.5,0.4,0.6,1012.45,1015.7,1020.37,1016.18,44.0,3.93,16.0,0.5,0.5,0.6,1.0,3.0,5.0,3.0,42.0,2.0,16.0,0.5,0.5,0.6,-9.0,6.7,27.5,11.6,39.0,36.5,16.0,0.5,0.4,0.6,-30.5,-0.8,22.5,-7.7,39.0,43.4,16.0,0.5,0.4,0.6,-0.5,1.1,2.83,1.26,37.0,1.42,16.0,0.5,0.4,0.5,-1.3,4.0,21.2,7.5,34.0,10.1,16.0,0.4,0.4,0.5,2.19,4.18,4.53,3.71,29.0,1.28,16.0,0.5,0.4,0.5,10.7,15.7,26.4,18.1,27.0,10.7,16.0,0.4,0.4,0.5,-33.1,34.4,86.7,22.5,35.0,62.2,16.0,0.5,0.4,0.5,-70.6,0.0,60.9,-7.8,35.0,69.9,16.0,0.5,0.4,0.5,-16.0,9.8,39.5,8.2,28.0,34.8,16.0,0.5,0.4,0.5,-32.6,0.0,28.9,-0.4,28.0,33.9,16.0,0.5,0.4,0.5,-8.8,2.1,14.1,4.4,27.0,14.0,16.0,0.4,0.4,0.5,-12.8,0.0,15.5,-0.7,27.0,15.4,16.0,0.4,0.4,0.5,18.0,132.5,548.5,337.0,39.0,556.0,16.0,0.5,0.4,0.6,20.0,135.0,550.0,335.0,39.0,555.0,16.0,0.5,0.4,0.6
1974,2,27.0,35.0,15.6,16.7,17.2,16.7,27.0,1.23,16.0,0.4,0.5,0.4,12.81,16.0,17.0,15.24,29.0,2.23,16.0,0.4,0.5,0.4,7.09,8.04,9.25,7.99,18.0,1.28,16.0,0.4,0.5,0.3,65.0,73.9,82.3,74.5,18.0,10.5,16.0,0.4,0.3,2.17,4.85,10.0,5.5,28.0,3.55,16.0,0.4,0.5,0.5,0.0,1.81,3.82,1.36,28.0,3.73,16.0,0.4,0.5,0.5,-1.71,2.59,7.75,2.54,28.0,4.64,16.0,0.4,0.5,0.5,1010.76,1016.0,1020.38,1015.4,30.0,5.82,16.0,0.4,0.5,0.4,0.0,2.0,5.0,2.8,27.0,2.6,14.0,0.4,0.5,0.4,0.0,5.3,22.5,6.4,28.0,37.4,16.0,0.4,0.5,0.5,-4.1,11.9,65.5,20.1,28.0,45.1,16.0,0.4,0.5,0.5,-0.49,0.6,3.97,1.42,27.0,2.49,16.0,0.4,0.5,0.4,-1.8,3.1,16.0,3.5,25.0,16.0,16.0,0.4,0.5,0.4,1.93,3.99,4.65,3.66,16.0,1.68,16.0,0.4,0.5,0.3,5.3,19.2,38.0,19.3,15.0,14.4,16.0,0.4,0.5,0.3,0.0,30.9,59.4,19.9,27.0,64.3,16.0,0.4,0.5,0.4,-29.9,43.9,109.5,38.1,27.0,68.9,16.0,0.4,0.5,0.4,-7.9,22.2,33.5,15.7,17.0,26.1,16.0,0.4,0.5,0.3,-19.3,20.2,49.0,14.5,17.0,34.0,16.0,0.4,0.5,0.3,-0.9,8.5,16.4,6.2,15.0,13.7,16.0,0.4,0.5,0.3,-4.7,8.2,25.0,7.3,15.0,17.9,16.0,0.4,0.5,0.3,10.5,115.0,1000.0,381.5,28.0,532.0,16.0,0.4,0.5,0.5,10.0,115.0,1000.0,380.0,28.0,530.0,16.0,0.4,0.5,0.5
1974,2,27.0,36.0,15.97,17.0,17.05,16.64,7.0,0.86,18.0,0.3,0.3,0.2,12.71,14.0,15.68,14.03,7.0,2.0,18.0,0.3,0.3,0.2,8.48,8.49,8.5,8.49,2.0,0.02,22.0,0.5,0.1,0.1,70.1,73.1,76.2,73.1,2.0,6.3,22.0,0.5,0.1,3.9,6.2,10.19,7.21,7.0,4.12,18.0,0.3,0.3,0.2,-4.42,1.71,4.2,-0.25,7.0,7.09,18.0,0.3,0.3,0.2,-3.48,-0.35,5.0,1.36,7.0,5.01,18.0,0.3,0.3,0.2,1008.98,1014.6,1018.92,1012.83,7.0,9.21,18.0,0.3,0.3,0.2,0.0,6.0,7.2,4.5,6.0,3.6,18.0,0.3,0.3,0.2,-32.3,3.9,19.5,-14.5,7.0,84.1,18.0,0.3,0.3,0.2,-24.0,-0.7,67.9,17.2,7.0,45.2,18.0,0.3,0.3,0.2,0.39,3.8,4.24,2.61,7.0,2.43,18.0,0.3,0.3,0.2,2.2,19.0,42.7,18.4,7.0,24.6,18.0,0.3,0.3,0.2,2.59,2.69,2.78,2.69,2.0,0.19,22.0,0.5,0.1,0.1,18.5,20.6,22.7,20.6,2.0,4.4,22.0,0.5,0.1,0.1,-68.0,22.6,47.0,-8.5,7.0,96.4,18.0,0.3,0.3,0.2,-44.7,-5.0,78.1,25.7,7.0,77.5,18.0,0.3,0.3,0.2,-30.6,-23.7,-16.9,-23.7,2.0,14.2,22.0,0.5,0.1,0.1,46.2,59.1,71.9,59.1,2.0,26.6,22.0,0.5,0.1,0.1,-10.1,-7.7,-5.3,-7.7,2.0,5.0,22.0,0.5,0.1,0.1,15.0,18.4,21.8,18.4,2.0,7.0,22.0,0.5,0.1,0.1,61.5,238.5,1083.5,712.0,7.0,975.0,18.0,0.3,0.3,0.2,60.0,240.0,1085.0,710.0,7.0,975.0,18.0,0.3,0.3,0.2
1974,2,27.0,40.0,6.69,7.8,9.29,8.65,13.0,2.96,12.0,0.5,0.5,0.6,4.95,7.0,7.92,6.82,13.0,2.2,12.0,0.5,0.5,0.6,5.07,5.2,5.54,5.36,6.0,0.47,18.0,0.5,0.4,0.6,82.9,84.5,91.3,87.1,6.0,6.2,18.0,0.5,0.6,3.49,5.1,12.11,6.82,12.0,4.33,12.0,0.5,0.5,0.6,-7.82,-3.43,0.73,-3.79,12.0,4.13,12.0,0.5,0.5,0.6,-6.52,-0.97,3.78,-0.95,12.0,5.98,12.0,0.5,0.5,0.6,1002.35,1011.5,1024.12,1014.46,13.0,9.47,12.0,0.5,0.5,0.6,1.7,8.0,8.0,5.6,12.0,3.2,14.0,0.6,0.5,0.6,-102.7,-16.8,1.8,-36.8,12.0,51.0,12.0,0.5,0.5,0.6,-79.5,-5.1,15.9,-19.6,12.0,68.0,12.0,0.5,0.5,0.6,-1.01,1.1,6.6,1.82,13.0,3.83,12.0,0.5,0.5,0.6,-5.6,4.3,20.2,7.9,12.0,25.9,12.0,0.5,0.5,0.6,0.45,0.99,1.15,0.81,6.0,0.64,18.0,0.5,0.4,0.6,4.3,7.8,13.3,8.6,5.0,5.0,16.0,0.4,0.5,0.6,-54.2,-21.1,3.7,-27.8,12.0,36.4,12.0,0.5,0.5,0.6,-58.9,-6.9,21.6,-6.1,12.0,46.2,12.0,0.5,0.5,0.6,-40.9,-24.2,-10.6,-24.7,5.0,21.4,16.0,0.4,0.5,0.6,-49.3,-17.6,1.9,-21.9,5.0,31.4,16.0,0.4,0.5,0.6,-8.2,-7.3,-2.2,-5.5,5.0,4.1,16.0,0.4,0.5,0.6,-9.8,-3.3,-0.7,-4.8,5.0,5.8,16.0,0.4,0.5,0.6,50.0,132.5,1784.0,700.5,12.0,955.5,12.0,0.5,0.5,0.6,50.0,135.0,1785.0,700.0,12.0,955.0,12.0,0.5,0.5,0.6
1974,2,27.0,41.0,5.5,5.5,5.5,5.5,1.0,0.0,6.0,0.0,0.7,0.6,7.8,7.8,7.8,7.8,1.0,0.0,6.0,0.0,0.7,0.6,5.79,5.79,5.79,5.79,1.0,0.0,6.0,0.0,0.7,0.6,88.4,88.4,88.4,88.4,1.0,0.0,6.0,0.0,0.6,10.8,10.8,10.8,10.8,1.0,0.0,6.0,0.0,0.7,0.6,1.88,1.88,1.88,1.88,1.0,0.0,6.0,0.0,0.7,0.6,10.64,10.64,10.64,10.64,1.0,0.0,6.0,0.0,0.7,0.6,1011.9,1011.9,1011.9,1011.9,1.0,0.0,6.0,0.0,0.7,0.6,8.0,8.0,8.0,8.0,1.0,0.0,6.0,0.0,0.7,0.6,20.3,20.3,20.3,20.3,1.0,0.0,6.0,0.0,0.7,0.6,114.9,114.9,114.9,114.9,1.0,0.0,6.0,0.0,0.7,0.6,-2.3,-2.3,-2.3,-2.3,1.0,0.0,6.0,0.0,0.7,0.6,-24.8,-24.8,-24.8,-24.8,1.0,0.0,6.0,0.0,0.7,0.6,-0.2,-0.2,-0.2,-0.2,1.0,0.0,6.0,0.0,0.7,0.6,-2.1,-2.1,-2.1,-2.1,1.0,0.0,6.0,0.0,0.7,0.6,14.6,14.6,14.6,14.6,1.0,0.0,6.0,0.0,0.7,0.6,83.0,83.0,83.0,83.0,1.0,0.0,6.0,0.0,0.7,0.6,10.9,10.9,10.9,10.9,1.0,0.0,6.0,0.0,0.7,0.6,61.6,61.6,61.6,61.6,1.0,0.0,6.0,0.0,0.7,0.6,-0.4,-0.4,-0.4,-0.4,1.0,0.0,6.0,0.0,0.7,0.6,-2.1,-2.1,-2.1,-2.1,1.0,0.0,6.0,0.0,0.7,0.6,1259.5,1259.5,1259.5,1259.5,1.0,0.0,6.0,0.0,0.7,0.6,1260.0,1260.0,1260.0,1260.0,1.0,0.0,6.0,0.0,0.7,0.6
1974,2,27.0,42.0,,,,,,,,,,,,,,,,,,,,,,,,,,,,,,,,,,,,,,,,13.9,13.9,13.9,13.9,1.0,0.0,12.0,1.0,0.6,0.5,13.06,13.06,13.06,13.06,1.0,0.0,12.0,1.0,0.6,0.5,-4.75,-4.75,-4.75,-4.75,1.0,0.0,12.0,1.0,0.6,0.5,1018.3,1018.3,1018.3,1018.3,1.0,0.0,12.0,1.0,0.6,0.5,,,,,,,,,,,,,,,,,,,,,,,,,,,,,,,,,,,,,,,,,,,,,,,,,,,,,,,,,,,,,,,,,,,,,,,,,,,,,,,,,,,,,,,,,,,,,,,,,,,,,,,,,,,,,,,,,,,,,,,,,,,,,,,,,,,,,,,,,,,,,,,,,,,,,,
1974,2,27.0,59.0,,,,,,,,,,,,,,,,,,,,,,,,,,,,,,,,,,,,,,,,3.0,6.0,7.0,5.54,29.0,2.84,16.0,0.6,0.4,0.9,-4.55,-1.51,3.06,-0.43,29.0,4.23,16.0,0.6,0.4,0.9,-0.29,2.3,5.2,2.59,29.0,3.86,16.0,0.6,0.4,0.9,1007.56,1015.4,1027.54,1016.44,29.0,11.64,16.0,0.6,0.4,0.9,,,,,,,,,,,,,,,,,,,,,,,,,,,,,,,,,,,,,,,,,,,,,,,,,,,,,,,,,,,,,,,,,,,,,,,,,,,,,,,,,,,,,,,,,,,,,,,,,,,,,,,,,,,,,,,,,,,,,,,,,,,,,,,,,,,,,,,,,,,,,,,,,,,,,,
1974,2,27.0,60.0,,,,,,,,,,,,,,,,,,,,,,,,,,,,,,,,,,,,,,,,5.0,7.0,11.8,7.83,48.0,3.21,14.0,0.6,0.7,0.1,-1.02,3.25,6.58,3.07,48.0,4.3,14.0,0.6,0.7,0.1,-2.05,4.5,9.93,4.08,48.0,5.28,14.0,0.6,0.7,0.1,1002.25,1014.4,1026.33,1015.4,48.0,12.86,14.0,0.6,0.7,0.1,,,,,,,,,,,,,,,,,,,,,,,,,,,,,,,,,,,,,,,,,,,,,,,,,,,,,,,,,,,,,,,,,,,,,,,,,,,,,,,,,,,,,,,,,,,,,,,,,,,,,,,,,,,,,,,,,,,,,,,,,,,,,,,,,,,,,,,,,,,,,,,,,,,,,,
1974,2,27.0,71.0,3.5,3.5,3.5,3.5,1.0,0.0,18.0,0.0,0.3,0.2,-2.0,-2.0,-2.0,-2.0,1.0,0.0,18.0,0.0,0.3,0.2,2.94,2.94,2.94,2.94,1.0,0.0,18.0,0.0,0.3,0.2,90.1,90.1,90.1,90.1,1.0,0.0,18.0,0.0,0.2,9.3,9.3,9.3,9.3,1.0,0.0,18.0,0.0,0.3,0.2,-5.98,-5.98,-5.98,-5.98,1.0,0.0,18.0,0.0,0.3,0.2,7.12,7.12,7.12,7.12,1.0,0.0,18.0,0.0,0.3,0.2,1012.7,1012.7,1012.7,1012.7,1.0,0.0,18.0,0.0,0.3,0.2,8.0,8.0,8.0,8.0,1.0,0.0,18.0,0.0,0.3,0.2,-55.6,-55.6,-55.6,-55.6,1.0,0.0,18.0,0.0,0.3,0.2,66.3,66.3,66.3,66.3,1.0,0.0,18.0,0.0,0.3,0.2,5.5,5.5,5.5,5.5,1.0,0.0,18.0,0.0,0.3,0.2,51.2,51.2,51.2,51.2,1.0,0.0,18.0,0.0,0.3,0.2,1.92,1.92,1.92,1.92,1.0,0.0,18.0,0.0,0.3,0.2,17.8,17.8,17.8,17.8,1.0,0.0,18.0,0.0,0.3,0.2,12.0,12.0,12.0,12.0,1.0,0.0,18.0,0.0,0.3,0.2,-14.2,-14.2,-14.2,-14.2,1.0,0.0,18.0,0.0,0.3,0.2,-17.6,-17.6,-17.6,-17.6,1.0,0.0,18.0,0.0,0.3,0.2,21.0,21.0,21.0,21.0,1.0,0.0,18.0,0.0,0.3,0.2,-11.5,-11.5,-11.5,-11.5,1.0,0.0,18.0,0.0,0.3,0.2,13.7,13.7,13.7,13.7,1.0,0.0,18.0,0.0,0.3,0.2,804.5,804.5,804.5,804.5,1.0,0.0,18.0,0.0,0.3,0.2,805.0,805.0,805.0,805.0,1.0,0.0,18.0,0.0,0.3,0.2
1974,2,27.0,72.0,3.9,3.9,3.9,3.9,1.0,0.0,4.0,0.0,0.9,0.1,-3.8,-3.8,-3.8,-3.8,1.0,0.0,4.0,0.0,0.9,0.1,2.61,2.61,2.61,2.61,1.0,0.0,4.0,0.0,0.9,0.1,91.4,91.4,91.4,91.4,1.0,0.0,4.0,0.0,0.1,4.6,4.6,4.6,4.6,1.0,0.0,4.0,0.0,0.9,0.1,-2.96,-2.96,-2.96,-2.96,1.0,0.0,4.0,0.0,0.9,0.1,-3.52,-3.52,-3.52,-3.52,1.0,0.0,4.0,0.0,0.9,0.1,1013.6,1013.6,1013.6,1013.6,1.0,0.0,4.0,0.0,0.9,0.1,6.0,6.0,6.0,6.0,1.0,0.0,4.0,0.0,0.9,0.1,-13.6,-13.6,-13.6,-13.6,1.0,0.0,4.0,0.0,0.9,0.1,-16.2,-16.2,-16.2,-16.2,1.0,0.0,4.0,0.0,0.9,0.1,7.7,7.7,7.7,7.7,1.0,0.0,4.0,0.0,0.9,0.1,35.4,35.4,35.4,35.4,1.0,0.0,4.0,0.0,0.9,0.1,2.39,2.39,2.39,2.39,1.0,0.0,4.0,0.0,0.9,0.1,11.0,11.0,11.0,11.0,1.0,0.0,4.0,0.0,0.9,0.1,11.2,11.2,11.2,11.2,1.0,0.0,4.0,0.0,0.9,0.1,13.4,13.4,13.4,13.4,1.0,0.0,4.0,0.0,0.9,0.1,-7.7,-7.7,-7.7,-7.7,1.0,0.0,4.0,0.0,0.9,0.1,-9.2,-9.2,-9.2,-9.2,1.0,0.0,4.0,0.0,0.9,0.1,-7.1,-7.1,-7.1,-7.1,1.0,0.0,4.0,0.0,0.9,0.1,-8.4,-8.4,-8.4,-8.4,1.0,0.0,4.0,0.0,0.9,0.1,97.5,97.5,97.5,97.5,1.0,0.0,4.0,0.0,0.9,0.1,95.0,95.0,95.0,95.0,1.0,0.0,4.0,0.0,0.9,0.1
1974,2,28.0,-69.0,1.0,1.0,1.0,1.0,1.0,0.0,10.0,1.0,0.9,0.2,0.8,0.8,0.8,0.8,1.0,0.0,10.0,1.0,0.9,0.2,4.0,4.0,4.0,4.0,1.0,0.0,10.0,1.0,0.9,0.2,96.5,96.5,96.5,96.5,1.0,0.0,10.0,1.0,0.2,11.8,11.8,11.8,11.8,1.0,0.0,10.0,1.0,0.9,0.2,-10.22,-10.22,-10.22,-10.22,1.0,0.0,10.0,1.0,0.9,0.2,-5.9,-5.9,-5.9,-5.9,1.0,0.0,10.0,1.0,0.9,0.2,977.4,977.4,977.4,977.4,1.0,0.0,10.0,1.0,0.9,0.2,8.0,8.0,8.0,8.0,1.0,0.0,10.0,1.0,0.9,0.2,-120.6,-120.6,-120.6,-120.6,1.0,0.0,10.0,1.0,0.9,0.2,-69.6,-69.6,-69.6,-69.6,1.0,0.0,10.0,1.0,0.9,0.2,0.2,0.2,0.2,0.2,1.0,0.0,10.0,1.0,0.9,0.2,2.4,2.4,2.4,2.4,1.0,0.0,10.0,1.0,0.9,0.2,0.21,0.21,0.21,0.21,1.0,0.0,10.0,1.0,0.9,0.2,2.5,2.5,2.5,2.5,1.0,0.0,10.0,1.0,0.9,0.2,-8.2,-8.2,-8.2,-8.2,1.0,0.0,10.0,1.0,0.9,0.2,-4.7,-4.7,-4.7,-4.7,1.0,0.0,10.0,1.0,0.9,0.2,-40.9,-40.9,-40.9,-40.9,1.0,0.0,10.0,1.0,0.9,0.2,-23.6,-23.6,-23.6,-23.6,1.0,0.0,10.0,1.0,0.9,0.2,-2.1,-2.1,-2.1,-2.1,1.0,0.0,10.0,1.0,0.9,0.2,-1.2,-1.2,-1.2,-1.2,1.0,0.0,10.0,1.0,0.9,0.2,1643.0,1643.0,1643.0,1643.0,1.0,0.0,10.0,1.0,0.9,0.2,1645.0,1645.0,1645.0,1645.0,1.0,0.0,10.0,1.0,0.9,0.2
1974,2,28.0,-67.0,,,,,,,,,,,,,,,,,,,,,,,,,,,,,,,,,,,,,,,,3.1,3.1,3.1,3.1,1.0,0.0,24.0,0.0,0.8,0.1,-1.55,-1.55,-1.55,-1.55,1.0,0.0,24.0,0.0,0.8,0.1,-2.68,-2.68,-2.68,-2.68,1.0,0.0,24.0,0.0,0.8,0.1,978.7,978.7,978.7,978.7,1.0,0.0,24.0,0.0,0.8,0.1,,,,,,,,,,,,,,,,,,,,,,,,,,,,,,,,,,,,,,,,,,,,,,,,,,,,,,,,,,,,,,,,,,,,,,,,,,,,,,,,,,,,,,,,,,,,,,,,,,,,,,,,,,,,,,,,,,,,,,,,,,,,,,,,,,,,,,,,,,,,,,,,,,,,,,
1974,2,28.0,-59.0,,,,,,,,,,,,,,,,,,,,,,,,,,,,,,,,,,,,,,,,1.0,1.0,1.0,1.0,1.0,0.0,22.0,1.0,0.9,0.5,-0.98,-0.98,-0.98,-0.98,1.0,0.0,22.0,1.0,0.9,0.5,-0.17,-0.17,-0.17,-0.17,1.0,0.0,22.0,1.0,0.9,0.5,976.0,976.0,976.0,976.0,1.0,0.0,22.0,1.0,0.9,0.5,,,,,,,,,,,,,,,,,,,,,,,,,,,,,,,,,,,,,,,,,,,,,,,,,,,,,,,,,,,,,,,,,,,,,,,,,,,,,,,,,,,,,,,,,,,,,,,,,,,,,,,,,,,,,,,,,,,,,,,,,,,,,,,,,,,,,,,,,,,,,,,,,,,,,,
1974,2,28.0,-48.0,,,,,,,,,,,,,,,,,,,,,,,,,,,,,,,,,,,,,,,,9.3,9.3,9.3,9.3,1.0,0.0,14.0,1.0,0.3,0.2,9.3,9.3,9.3,9.3,1.0,0.0,14.0,1.0,0.3,0.2,0.0,0.0,0.0,0.0,1.0,0.0,14.0,1.0,0.3,0.2,1019.5,1019.5,1019.5,1019.5,1.0,0.0,14.0,1.0,0.3,0.2,,,,,,,,,,,,,,,,,,,,,,,,,,,,,,,,,,,,,,,,,,,,,,,,,,,,,,,,,,,,,,,,,,,,,,,,,,,,,,,,,,,,,,,,,,,,,,,,,,,,,,,,,,,,,,,,,,,,,,,,,,,,,,,,,,,,,,,,,,,,,,,,,,,,,,
1974,2,28.0,-47.0,,,,,,,,,,,,,,,,,,,,,,,,,,,,,,,,,,,,,,,,8.48,12.3,14.42,11.47,3.0,4.41,12.0,1.0,0.4,0.3,5.06,5.77,7.77,6.4,3.0,2.05,12.0,1.0,0.4,0.3,-12.51,-8.7,-5.99,-9.24,3.0,4.79,12.0,1.0,0.4,0.3,1004.99,1012.5,1021.72,1013.33,3.0,12.27,12.0,1.0,0.4,0.3,,,,,,,,,,,,,,,,,,,,,,,,,,,,,,,,,,,,,,,,,,,,,,,,,,,,,,,,,,,,,,,,,,,,,,,,,,,,,,,,,,,,,,,,,,,,,,,,,,,,,,,,,,,,,,,,,,,,,,,,,,,,,,,,,,,,,,,,,,,,,,,,,,,,,,
1974,2,28.0,-42.0,16.0,16.0,16.0,16.0,1.0,0.0,4.0,0.0,0.3,0.4,14.4,14.4,14.4,14.4,1.0,0.0,4.0,0.0,0.3,0.4,8.71,8.71,8.71,8.71,1.0,0.0,4.0,0.0,0.3,0.4,85.5,85.5,85.5,85.5,1.0,0.0,4.0,0.0,0.4,8.2,8.2,8.2,8.2,1.0,0.0,4.0,0.0,0.3,0.4,7.1,7.1,7.1,7.1,1.0,0.0,4.0,0.0,0.3,0.4,4.1,4.1,4.1,4.1,1.0,0.0,4.0,0.0,0.3,0.4,1011.0,1011.0,1011.0,1011.0,1.0,0.0,4.0,0.0,0.3,0.4,6.0,6.0,6.0,6.0,1.0,0.0,4.0,0.0,0.3,0.4,58.2,58.2,58.2,58.2,1.0,0.0,4.0,0.0,0.3,0.4,33.6,33.6,33.6,33.6,1.0,0.0,4.0,0.0,0.3,0.4,1.6,1.6,1.6,1.6,1.0,0.0,4.0,0.0,0.3,0.4,13.1,13.1,13.1,13.1,1.0,0.0,4.0,0.0,0.3,0.4,2.6,2.6,2.6,2.6,1.0,0.0,4.0,0.0,0.3,0.4,21.3,21.3,21.3,21.3,1.0,0.0,4.0,0.0,0.3,0.4,102.3,102.3,102.3,102.3,1.0,0.0,4.0,0.0,0.3,0.4,59.0,59.0,59.0,59.0,1.0,0.0,4.0,0.0,0.3,0.4,61.8,61.8,61.8,61.8,1.0,0.0,4.0,0.0,0.3,0.4,35.7,35.7,35.7,35.7,1.0,0.0,4.0,0.0,0.3,0.4,18.5,18.5,18.5,18.5,1.0,0.0,4.0,0.0,0.3,0.4,10.7,10.7,10.7,10.7,1.0,0.0,4.0,0.0,0.3,0.4,551.5,551.5,551.5,551.5,1.0,0.0,4.0,0.0,0.3,0.4,550.0,550.0,550.0,550.0,1.0,0.0,4.0,0.0,0.3,0.4
1974,2,28.0,-39.0,19.0,19.0,19.0,19.0,1.0,0.0,14.0,0.0,0.7,0.2,16.6,16.6,16.6,16.6,1.0,0.0,14.0,0.0,0.7,0.2,8.72,8.72,8.72,8.72,1.0,0.0,14.0,0.0,0.7,0.2,75.2,75.2,75.2,75.2,1.0,0.0,14.0,0.0,0.2,9.3,9.3,9.3,9.3,1.0,0.0,14.0,0.0,0.7,0.2,-7.12,-7.12,-7.12,-7.12,1.0,0.0,14.0,0.0,0.7,0.2,5.98,5.98,5.98,5.98,1.0,0.0,14.0,0.0,0.7,0.2,1022.5,1022.5,1022.5,1022.5,1.0,0.0,14.0,0.0,0.7,0.2,6.0,6.0,6.0,6.0,1.0,0.0,14.0,0.0,0.7,0.2,-66.3,-66.3,-66.3,-66.3,1.0,0.0,14.0,0.0,0.7,0.2,55.6,55.6,55.6,55.6,1.0,0.0,14.0,0.0,0.7,0.2,2.4,2.4,2.4,2.4,1.0,0.0,14.0,0.0,0.7,0.2,22.3,22.3,22.3,22.3,1.0,0.0,14.0,0.0,0.7,0.2,4.81,4.81,4.81,4.81,1.0,0.0,14.0,0.0,0.7,0.2,44.7,44.7,44.7,44.7,1.0,0.0,14.0,0.0,0.7,0.2,-118.3,-118.3,-118.3,-118.3,1.0,0.0,14.0,0.0,0.7,0.2,99.2,99.2,99.2,99.2,1.0,0.0,14.0,0.0,0.7,0.2,-62.2,-62.2,-62.2,-62.2,1.0,0.0,14.0,0.0,0.7,0.2,52.2,52.2,52.2,52.2,1.0,0.0,14.0,0.0,0.7,0.2,-34.2,-34.2,-34.2,-34.2,1.0,0.0,14.0,0.0,0.7,0.2,28.7,28.7,28.7,28.7,1.0,0.0,14.0,0.0,0.7,0.2,804.5,804.5,804.5,804.5,1.0,0.0,14.0,0.0,0.7,0.2,805.0,805.0,805.0,805.0,1.0,0.0,14.0,0.0,0.7,0.2
1974,2,28.0,-38.0,21.35,22.1,22.85,22.1,2.0,1.56,16.0,1.0,0.2,0.5,16.35,17.75,19.15,17.75,2.0,2.9,16.0,1.0,0.2,0.5,9.13,9.45,9.76,9.45,2.0,0.66,16.0,1.0,0.2,0.5,71.2,75.5,79.8,75.5,2.0,8.9,16.0,1.0,0.5,4.48,7.45,10.42,7.45,2.0,6.15,16.0,1.0,0.2,0.5,-9.08,-6.64,-4.19,-6.64,2.0,5.07,16.0,1.0,0.2,0.5,-4.88,-2.68,-0.48,-2.68,2.0,4.55,16.0,1.0,0.2,0.5,1014.26,1016.55,1018.84,1016.55,2.0,4.74,16.0,1.0,0.2,0.5,6.3,7.0,7.7,7.0,2.0,1.4,16.0,1.0,0.2,0.5,-103.0,-65.0,-27.1,-65.0,2.0,78.6,16.0,1.0,0.2,0.5,-58.3,-34.0,-9.6,-34.0,2.0,50.4,16.0,1.0,0.2,0.5,3.7,4.35,5.0,4.35,2.0,1.34,16.0,1.0,0.2,0.5,20.2,28.3,36.4,28.3,2.0,16.8,16.0,1.0,0.2,0.5,6.62,7.1,7.59,7.1,2.0,1.0,16.0,1.0,0.2,0.5,31.3,56.0,80.7,56.0,2.0,51.2,16.0,1.0,0.2,0.5,-177.8,-125.1,-72.4,-125.1,2.0,109.2,16.0,1.0,0.2,0.5,-96.9,-54.2,-11.4,-54.2,2.0,88.6,16.0,1.0,0.2,0.5,-89.6,-64.3,-39.1,-64.3,2.0,52.2,16.0,1.0,0.2,0.5,-48.4,-26.8,-5.2,-26.8,2.0,44.8,16.0,1.0,0.2,0.5,-70.3,-49.7,-29.1,-49.7,2.0,42.7,16.0,1.0,0.2,0.5,-38.2,-21.3,-4.4,-21.3,2.0,35.0,16.0,1.0,0.2,0.5,286.0,836.5,1387.0,836.5,2.0,1140.5,16.0,1.0,0.2,0.5,285.0,835.0,1385.0,835.0,2.0,1140.0,16.0,1.0,0.2,0.5
1974,2,28.0,-37.0,,,,,,,,,,,,,,,,,,,,,,,,,,,,,,,,,,,,,,,,7.7,7.7,7.7,7.7,1.0,0.0,16.0,1.0,0.6,0.4,0.0,0.0,0.0,0.0,1.0,0.0,16.0,1.0,0.6,0.4,-7.7,-7.7,-7.7,-7.7,1.0,0.0,16.0,1.0,0.6,0.4,1003.4,1003.4,1003.4,1003.4,1.0,0.0,16.0,1.0,0.6,0.4,7.0,7.0,7.0,7.0,1.0,0.0,16.0,1.0,0.6,0.4,0.0,0.0,0.0,0.0,1.0,0.0,16.0,1.0,0.6,0.4,-59.3,-59.3,-59.3,-59.3,1.0,0.0,16.0,1.0,0.6,0.4,,,,,,,,,,,,,,,,,,,,,,,,,,,,,,,,,,,,,,,,,0.0,0.0,0.0,0.0,1.0,0.0,16.0,1.0,0.6,0.4,-142.4,-142.4,-142.4,-142.4,1.0,0.0,16.0,1.0,0.6,0.4,0.0,0.0,0.0,0.0,1.0,0.0,16.0,1.0,0.6,0.4,-93.5,-93.5,-93.5,-93.5,1.0,0.0,16.0,1.0,0.6,0.4,,,,,,,,,,,,,,,,,,,,,,,,,,,,,,,,,,,,,,,,
1974,2,28.0,-36.0,,,,,,,,,,,,,,,,,,,,,,,,,,,,,,,,,,,,,,,,2.6,2.6,2.6,2.6,1.0,0.0,8.0,1.0,0.6,0.7,1.67,1.67,1.67,1.67,1.0,0.0,8.0,1.0,0.6,0.7,1.99,1.99,1.99,1.99,1.0,0.0,8.0,1.0,0.6,0.7,1007.8,1007.8,1007.8,1007.8,1.0,0.0,8.0,1.0,0.6,0.7,,,,,,,,,,,,,,,,,,,,,,,,,,,,,,,,,,,,,,,,,,,,,,,,,,,,,,,,,,,,,,,,,,,,,,,,,,,,,,,,,,,,,,,,,,,,,,,,,,,,,,,,,,,,,,,,,,,,,,,,,,,,,,,,,,,,,,,,,,,,,,,,,,,,,,
1974,2,28.0,-35.0,20.92,22.8,24.06,22.63,7.0,2.04,16.0,0.6,0.6,0.7,22.04,23.05,24.12,23.08,8.0,2.65,16.0,0.5,0.5,0.8,11.73,12.35,13.39,12.51,7.0,0.85,16.0,0.6,0.6,0.7,71.1,74.0,80.1,74.9,7.0,8.2,16.0,0.6,0.7,5.0,6.7,9.3,7.28,10.0,2.56,18.0,0.5,0.5,0.7,-6.61,-4.53,5.6,-1.65,10.0,6.18,18.0,0.5,0.5,0.7,-5.06,-2.43,3.01,-1.06,10.0,4.79,18.0,0.5,0.5,0.7,1010.77,1012.85,1017.26,1013.6,10.0,3.66,18.0,0.5,0.5,0.7,2.0,4.5,8.0,4.6,10.0,2.9,18.0,0.5,0.5,0.7,-53.6,-24.1,38.3,-6.0,10.0,58.6,18.0,0.5,0.5,0.7,-42.9,-14.1,17.8,-5.2,10.0,48.2,18.0,0.5,0.5,0.7,-1.0,0.4,1.04,0.26,7.0,1.08,16.0,0.6,0.6,0.7,-7.3,2.3,11.2,1.9,7.0,8.7,16.0,0.6,0.6,0.7,3.0,4.7,6.84,4.68,7.0,1.79,16.0,0.6,0.6,0.7,28.0,33.8,43.4,36.6,7.0,13.6,16.0,0.6,0.6,0.7,-154.7,-93.9,139.9,-27.0,8.0,146.5,16.0,0.5,0.5,0.8,-134.7,-82.4,80.2,-45.5,8.0,113.5,16.0,0.5,0.5,0.8,-87.7,-52.3,88.3,-4.7,7.0,89.5,16.0,0.6,0.6,0.7,-75.3,-43.9,55.3,-16.7,7.0,67.8,16.0,0.6,0.6,0.7,-28.2,-21.6,29.5,-4.2,7.0,30.8,16.0,0.6,0.6,0.7,-24.4,-16.9,18.6,-9.5,7.0,25.9,16.0,0.6,0.6,0.7,125.0,306.0,804.5,530.0,10.0,624.5,18.0,0.5,0.5,0.7,125.0,305.0,805.0,530.0,10.0,625.0,18.0,0.5,0.5,0.7
1974,2,28.0,-34.0,22.98,25.7,27.0,25.02,57.0,2.67,16.0,0.6,0.4,0.6,22.2,24.3,26.6,24.28,59.0,2.11,16.0,0.6,0.4,0.6,11.47,14.3,17.5,14.49,55.0,2.75,16.0,0.6,0.4,0.6,66.3,77.2,85.6,76.4,55.0,9.7,16.0,0.6,0.6,4.62,9.3,15.33,9.9,58.0,4.33,14.0,0.6,0.4,0.6,-9.83,-4.32,6.71,-2.62,58.0,7.82,14.0,0.6,0.4,0.6,-9.29,1.49,5.78,-0.58,58.0,7.07,14.0,0.6,0.4,0.6,1008.35,1013.0,1017.4,1013.02,61.0,4.4,14.0,0.6,0.4,0.6,2.0,6.0,8.0,5.4,58.0,2.6,16.0,0.6,0.4,0.7,-118.5,-23.6,57.8,-33.8,58.0,110.5,14.0,0.6,0.4,0.6,-109.5,5.8,58.6,-15.1,58.0,94.5,14.0,0.6,0.4,0.6,-1.2,0.7,2.94,0.62,55.0,2.47,16.0,0.5,0.4,0.6,-12.8,6.3,27.6,6.8,52.0,26.7,16.0,0.6,0.4,0.6,2.51,4.82,8.02,5.29,52.0,2.99,16.0,0.6,0.4,0.6,20.0,49.1,84.0,52.8,50.0,36.2,16.0,0.6,0.4,0.6,-254.3,-96.1,163.8,-60.9,56.0,190.6,16.0,0.6,0.4,0.6,-238.9,38.7,135.3,-15.2,56.0,177.3,16.0,0.6,0.4,0.6,-141.2,-48.4,97.8,-37.4,53.0,117.2,16.0,0.6,0.4,0.6,-153.1,19.5,83.5,-16.9,53.0,115.1,16.0,0.6,0.4,0.6,-57.9,-8.6,22.5,-13.1,50.0,48.4,16.0,0.6,0.4,0.6,-40.6,5.6,36.2,1.7,50.0,40.4,16.0,0.6,0.4,0.6,99.0,804.5,3608.0,1538.5,58.0,1787.5,14.0,0.6,0.4,0.6,100.0,805.0,3610.0,1540.0,58.0,1785.0,14.0,0.6,0.4,0.6
1974,2,28.0,-33.0,20.06,24.0,27.0,23.71,47.0,3.16,12.0,0.5,0.6,0.4,21.12,23.2,25.38,23.36,49.0,2.06,12.0,0.5,0.6,0.4,12.68,14.81,16.28,14.84,46.0,2.22,14.0,0.5,0.6,0.4,73.9,82.7,91.8,83.2,46.0,8.8,14.0,0.5,0.4,3.49,5.1,7.92,5.94,50.0,3.31,14.0,0.5,0.6,0.4,-5.2,-2.2,4.76,-0.93,50.0,5.29,14.0,0.5,0.6,0.4,-2.3,0.69,4.33,1.51,50.0,3.96,14.0,0.5,0.6,0.4,1009.56,1015.0,1018.81,1014.47,51.0,4.58,12.0,0.5,0.6,0.4,2.0,7.0,8.0,5.7,50.0,2.9,12.0,0.5,0.6,0.4,-33.9,-7.0,30.9,-4.5,50.0,56.5,14.0,0.5,0.6,0.4,-11.1,1.9,25.1,13.1,50.0,40.9,14.0,0.5,0.6,0.4,-3.01,0.2,2.5,0.09,45.0,2.59,12.0,0.5,0.6,0.4,-15.7,0.6,17.0,0.7,45.0,17.5,12.0,0.5,0.6,0.4,-0.31,3.78,6.51,3.33,43.0,3.22,12.0,0.4,0.6,0.4,-1.7,16.9,46.8,19.6,43.0,24.1,12.0,0.4,0.6,0.4,-123.5,-55.1,109.2,-25.0,49.0,122.7,12.0,0.5,0.6,0.4,-56.1,12.8,108.0,32.7,49.0,93.2,12.0,0.5,0.6,0.4,-83.7,-31.9,66.4,-16.4,46.0,81.2,14.0,0.5,0.6,0.4,-37.1,6.0,65.7,18.0,46.0,60.9,14.0,0.5,0.6,0.4,-17.2,-1.3,19.9,-1.4,43.0,22.2,12.0,0.4,0.6,0.4,-2.1,1.1,24.6,8.7,43.0,20.0,12.0,0.4,0.6,0.4,43.0,132.5,501.5,440.0,50.0,810.0,14.0,0.5,0.6,0.4,45.0,135.0,500.0,440.0,50.0,810.0,14.0,0.5,0.6,0.4
1974,2,28.0,31.0,16.0,16.55,17.2,16.58,6.0,0.64,12.0,0.8,0.6,0.7,13.17,14.7,16.41,14.65,6.0,2.02,12.0,0.8,0.6,0.7,10.2,10.2,10.2,10.2,1.0,0.0,16.0,0.0,0.8,0.7,89.7,89.7,89.7,89.7,1.0,0.0,16.0,0.0,0.7,5.38,7.85,8.21,6.95,6.0,2.17,12.0,0.8,0.6,0.7,-3.72,6.42,7.82,3.29,6.0,6.46,12.0,0.8,0.6,0.7,-3.0,-0.26,1.62,-0.39,6.0,2.78,12.0,0.8,0.6,0.7,1011.84,1014.0,1019.03,1015.47,6.0,6.71,12.0,0.8,0.6,0.7,0.8,2.5,6.2,3.2,6.0,2.8,12.0,0.8,0.6,0.7,-17.6,45.4,64.4,28.6,6.0,49.6,12.0,0.8,0.6,0.7,-24.0,-0.8,11.1,-3.3,6.0,21.7,12.0,0.8,0.6,0.7,0.61,1.4,3.79,1.93,6.0,1.77,12.0,0.8,0.6,0.7,5.0,10.6,18.1,12.3,6.0,11.2,12.0,0.8,0.6,0.7,1.94,1.94,1.94,1.94,1.0,0.0,16.0,0.0,0.8,0.7,14.9,14.9,14.9,14.9,1.0,0.0,16.0,0.0,0.8,0.7,-49.3,100.0,115.9,49.1,6.0,96.3,12.0,0.8,0.6,0.7,-44.7,-3.0,27.1,-4.0,6.0,42.7,12.0,0.8,0.6,0.7,-68.0,-68.0,-68.0,-68.0,1.0,0.0,16.0,0.0,0.8,0.7,39.3,39.3,39.3,39.3,1.0,0.0,16.0,0.0,0.8,0.7,-12.9,-12.9,-12.9,-12.9,1.0,0.0,16.0,0.0,0.8,0.7,7.5,7.5,7.5,7.5,1.0,0.0,16.0,0.0,0.8,0.7,177.0,484.5,557.0,409.0,6.0,248.5,12.0,0.8,0.6,0.7,175.0,485.0,555.0,410.0,6.0,250.0,12.0,0.8,0.6,0.7
1974,2,28.0,32.0,,,,,,,,,,,,,,,,,,,,,,,,,,,,,,,,,,,,,,,,9.16,9.5,9.84,9.5,2.0,0.71,14.0,0.5,0.8,0.4,-5.94,-0.1,5.74,-0.1,2.0,12.1,14.0,0.5,0.8,0.4,-1.8,0.96,3.72,0.96,2.0,5.71,14.0,0.5,0.8,0.4,1014.16,1015.15,1016.14,1015.15,2.0,2.05,14.0,0.5,0.8,0.4,,,,,,,,,,,,,,,,,,,,,,,,,,,,,,,,,,,,,,,,,,,,,,,,,,,,,,,,,,,,,,,,,,,,,,,,,,,,,,,,,,,,,,,,,,,,,,,,,,,,,,,,,,,,,,,,,,,,,,,,,,,,,,,,,,,,,,,,,,,,,,,,,,,,,,
1974,2,28.0,33.0,15.64,16.1,16.67,16.16,5.0,0.76,14.0,0.6,0.4,0.7,14.45,15.5,17.48,15.82,5.0,1.75,14.0,0.6,0.4,0.7,6.63,8.36,10.08,8.36,4.0,2.21,12.0,0.8,0.4,0.7,60.8,72.4,86.7,73.7,4.0,15.0,12.0,0.8,0.7,1.71,4.35,6.72,4.23,4.0,3.41,14.0,0.8,0.4,0.7,1.21,2.65,5.03,3.1,4.0,2.95,14.0,0.8,0.4,0.7,-3.25,-1.16,2.31,-0.5,4.0,3.68,14.0,0.8,0.4,0.7,1011.63,1016.8,1022.42,1017.16,5.0,6.05,14.0,0.6,0.4,0.7,0.6,1.0,6.0,2.8,5.0,2.9,14.0,0.6,0.4,0.7,4.7,11.5,36.7,20.3,4.0,25.9,14.0,0.8,0.4,0.7,-21.6,-4.2,11.8,-4.9,4.0,23.2,14.0,0.8,0.4,0.7,-0.62,0.4,1.45,0.34,5.0,1.33,14.0,0.6,0.4,0.7,0.0,3.1,8.5,4.2,4.0,5.2,14.0,0.8,0.4,0.7,1.67,2.86,4.28,2.97,4.0,1.58,12.0,0.8,0.4,0.7,2.2,6.8,14.0,8.1,3.0,8.8,10.0,1.0,0.3,0.7,17.7,40.7,76.8,47.0,4.0,44.2,14.0,0.8,0.4,0.7,-47.1,-15.6,40.0,-4.1,4.0,59.2,14.0,0.8,0.4,0.7,5.0,15.9,24.1,14.6,3.0,14.0,10.0,1.0,0.3,0.7,-9.1,0.0,33.0,11.7,3.0,32.5,10.0,1.0,0.3,0.7,1.1,3.4,10.2,5.6,3.0,6.9,10.0,1.0,0.3,0.7,-7.6,0.0,4.0,-1.8,3.0,8.7,10.0,1.0,0.3,0.7,22.0,89.5,352.0,182.5,4.0,252.0,14.0,0.8,0.4,0.7,20.0,90.0,350.0,185.0,4.0,250.0,14.0,0.8,0.4,0.7
1974,2,28.0,34.0,15.0,16.05,17.15,16.16,34.0,1.03,18.0,0.4,0.4,0.5,13.37,15.1,16.26,15.33,38.0,1.78,18.0,0.4,0.4,0.4,6.74,7.83,9.25,7.85,25.0,1.35,18.0,0.4,0.4,0.5,68.1,72.4,81.3,72.3,25.0,10.0,18.0,0.4,0.5,3.38,6.1,9.3,6.23,36.0,3.51,16.0,0.5,0.4,0.4,-3.16,2.38,5.34,1.83,36.0,4.68,16.0,0.5,0.4,0.4,-4.97,-0.8,5.43,-0.17,36.0,5.18,16.0,0.5,0.4,0.4,1011.39,1016.6,1020.71,1015.73,38.0,5.49,18.0,0.4,0.4,0.4,0.6,3.0,7.4,3.6,36.0,2.9,16.0,0.5,0.4,0.4,-22.4,12.9,33.5,11.3,36.0,48.2,16.0,0.5,0.4,0.4,-35.2,-3.5,36.2,0.1,36.0,51.8,16.0,0.5,0.4,0.4,-0.55,1.0,2.4,0.92,34.0,1.74,18.0,0.4,0.4,0.5,-2.6,4.4,18.4,7.0,32.0,13.4,18.0,0.4,0.3,0.4,1.7,3.42,4.35,3.32,24.0,1.38,18.0,0.4,0.3,0.5,4.7,16.6,25.8,17.7,23.0,12.8,18.0,0.4,0.3,0.5,-48.7,38.6,80.8,25.5,36.0,70.4,16.0,0.5,0.4,0.4,-75.2,-14.2,84.0,-0.4,36.0,79.6,16.0,0.5,0.4,0.4,-3.0,17.3,40.8,12.2,24.0,34.5,18.0,0.4,0.3,0.5,-36.1,-14.4,3.3,-9.6,24.0,35.2,18.0,0.4,0.3,0.5,-1.3,9.0,21.9,8.6,23.0,13.3,18.0,0.4,0.3,0.5,-15.6,-6.0,0.3,-4.3,23.0,14.8,18.0,0.4,0.3,0.5,39.0,227.0,804.5,477.5,36.0,667.5,16.0,0.5,0.4,0.4,40.0,225.0,805.0,480.0,36.0,670.0,16.0,0.5,0.4,0.4
1974,2,28.0,35.0,15.0,16.0,16.7,15.92,15.0,1.02,14.0,0.5,0.5,0.5,12.64,15.2,16.38,14.52,15.0,1.98,14.0,0.5,0.5,0.5,4.87,7.83,8.95,7.09,11.0,2.11,12.0,0.5,0.5,0.4,54.0,68.5,80.4,66.5,11.0,16.7,12.0,0.5,0.4,2.63,6.7,8.19,5.65,14.0,2.99,14.0,0.5,0.5,0.5,-3.78,0.0,3.15,0.06,14.0,4.39,14.0,0.5,0.5,0.5,-2.2,2.15,6.61,1.82,14.0,4.52,14.0,0.5,0.5,0.5,1011.03,1018.7,1023.62,1016.82,15.0,7.75,14.0,0.5,0.5,0.5,0.0,3.0,6.2,3.2,13.0,2.7,12.0,0.5,0.5,0.5,-28.4,0.0,28.3,-0.2,14.0,34.8,14.0,0.5,0.5,0.5,-7.9,10.1,50.2,15.0,14.0,35.6,14.0,0.5,0.5,0.5,-0.46,0.8,3.75,1.4,15.0,2.1,14.0,0.5,0.5,0.5,-2.7,2.0,11.2,5.3,14.0,10.6,14.0,0.5,0.5,0.5,2.47,3.7,6.16,4.02,11.0,2.02,12.0,0.5,0.5,0.4,7.2,14.7,27.5,18.5,11.0,16.2,12.0,0.5,0.5,0.4,-61.7,0.0,47.9,-0.4,14.0,67.1,14.0,0.5,0.5,0.5,-28.7,32.0,102.9,30.8,14.0,65.9,14.0,0.5,0.5,0.5,-23.7,0.0,23.8,1.7,11.0,21.8,12.0,0.5,0.5,0.4,-6.8,15.0,50.4,22.3,11.0,33.7,12.0,0.5,0.5,0.4,-12.2,0.0,13.8,-2.1,11.0,19.3,12.0,0.5,0.5,0.4,-5.4,6.8,23.8,7.4,11.0,14.3,12.0,0.5,0.5,0.4,18.5,321.0,549.0,312.0,14.0,291.0,14.0,0.5,0.5,0.5,20.0,320.0,550.0,310.0,14.0,290.0,14.0,0.5,0.5,0.5
1974,2,28.0,36.0,18.0,18.0,18.61,18.3,3.0,0.52,14.0,0.3,0.5,0.2,11.11,13.5,17.12,14.1,3.0,4.43,14.0,0.3,0.5,0.2,6.09,8.19,10.28,8.19,2.0,4.35,18.0,0.5,0.6,0.1,70.2,75.7,81.2,75.7,2.0,11.4,18.0,0.5,0.1,2.95,9.3,11.01,7.03,3.0,6.22,14.0,0.3,0.5,0.2,2.56,8.05,9.53,6.09,3.0,5.38,14.0,0.3,0.5,0.2,-4.03,0.0,3.17,-0.42,3.0,5.29,14.0,0.3,0.5,0.2,1016.28,1018.6,1021.6,1018.93,3.0,3.91,14.0,0.3,0.5,0.2,1.9,6.0,7.4,4.7,3.0,4.2,14.0,0.3,0.5,0.2,23.8,74.9,106.1,65.2,3.0,60.9,14.0,0.3,0.5,0.2,-47.5,0.0,29.5,-8.8,3.0,56.9,14.0,0.3,0.5,0.2,0.88,4.5,7.5,4.2,3.0,4.86,14.0,0.3,0.5,0.2,-5.1,0.0,71.7,32.5,3.0,62.9,14.0,0.3,0.5,0.2,2.62,4.96,7.3,4.96,2.0,4.85,18.0,0.5,0.6,0.1,27.7,56.6,85.5,56.6,2.0,59.9,18.0,0.5,0.6,0.1,32.4,102.2,135.8,84.5,3.0,77.2,14.0,0.3,0.5,0.2,-40.3,0.0,59.7,9.5,3.0,73.7,14.0,0.3,0.5,0.2,58.3,71.5,84.6,71.5,2.0,27.2,18.0,0.5,0.6,0.1,-17.1,11.1,39.3,11.1,2.0,58.3,18.0,0.5,0.6,0.1,24.0,49.0,74.1,49.0,2.0,51.9,18.0,0.5,0.6,0.1,-40.5,-21.2,-1.9,-21.2,2.0,40.0,18.0,0.5,0.6,0.1,255.5,804.5,1377.0,816.0,3.0,821.5,14.0,0.3,0.5,0.2,255.0,805.0,1375.0,815.0,3.0,820.0,14.0,0.3,0.5,0.2
1974,2,28.0,40.0,6.66,8.0,12.19,9.08,13.0,3.01,18.0,0.3,0.3,0.8,5.6,6.85,10.9,7.84,12.0,2.94,18.0,0.3,0.3,0.8,5.05,5.24,5.7,5.37,4.0,0.43,24.0,0.3,0.2,0.8,76.3,82.7,87.5,81.9,4.0,7.2,24.0,0.3,0.8,2.09,4.6,9.0,5.24,13.0,4.04,18.0,0.3,0.3,0.8,-7.01,-1.99,2.32,-1.98,13.0,3.99,18.0,0.3,0.3,0.8,-5.02,-2.0,2.03,-2.06,13.0,4.61,18.0,0.3,0.3,0.8,1014.41,1019.0,1022.01,1018.1,13.0,5.62,18.0,0.3,0.3,0.8,0.0,8.0,8.0,5.1,10.0,3.8,18.0,0.4,0.3,0.8,-68.5,-6.2,9.6,-21.9,13.0,40.8,18.0,0.3,0.3,0.8,-42.8,-4.0,5.2,-24.0,13.0,51.8,18.0,0.3,0.3,0.8,-0.05,0.75,2.58,1.42,12.0,2.06,18.0,0.3,0.3,0.8,-0.6,2.0,13.7,6.0,12.0,11.0,18.0,0.3,0.3,0.8,0.9,1.04,2.55,1.69,4.0,1.48,24.0,0.3,0.2,0.8,7.1,9.8,12.5,9.8,4.0,3.9,24.0,0.3,0.2,0.8,-38.0,-6.2,12.8,-10.7,12.0,27.5,18.0,0.3,0.3,0.8,-30.9,-7.4,14.6,-12.0,12.0,31.7,18.0,0.3,0.3,0.8,-40.6,-25.4,-0.3,-20.7,4.0,26.0,24.0,0.3,0.2,0.8,-50.2,-19.1,12.2,-19.0,4.0,37.9,24.0,0.3,0.2,0.8,-8.8,-7.3,-2.1,-5.5,4.0,5.6,24.0,0.3,0.2,0.8,-9.5,-3.0,2.3,-3.6,4.0,7.4,24.0,0.3,0.2,0.8,9.0,97.5,752.5,436.0,13.0,815.0,18.0,0.3,0.3,0.8,10.0,95.0,755.0,435.0,13.0,815.0,18.0,0.3,0.3,0.8
1974,2,28.0,41.0,5.34,5.7,6.43,5.86,5.0,0.77,8.0,0.4,0.5,0.8,6.21,7.6,7.77,6.92,5.0,1.75,8.0,0.4,0.5,0.8,5.04,5.42,5.44,5.25,4.0,0.36,6.0,0.5,0.5,0.8,76.8,82.7,83.6,80.3,4.0,5.5,6.0,0.5,0.8,5.67,10.8,12.2,9.14,5.0,4.04,8.0,0.4,0.5,0.8,-0.37,0.0,0.75,0.2,5.0,1.12,8.0,0.4,0.5,0.8,3.54,10.8,12.09,7.94,5.0,6.38,8.0,0.4,0.5,0.8,1005.07,1009.0,1016.95,1011.36,5.0,9.63,8.0,0.4,0.5,0.8,6.4,8.0,8.0,7.3,4.0,1.5,6.0,0.5,0.5,0.8,-1.1,0.0,8.8,4.2,5.0,11.2,8.0,0.4,0.5,0.8,29.8,116.6,147.8,92.7,5.0,70.5,8.0,0.4,0.5,0.8,-2.38,-2.0,0.15,-1.06,5.0,2.41,8.0,0.4,0.5,0.8,-27.7,-17.3,-6.5,-16.4,5.0,16.3,8.0,0.4,0.5,0.8,0.09,0.25,0.73,0.4,4.0,0.51,6.0,0.5,0.5,0.8,0.7,2.3,7.8,4.1,4.0,5.6,6.0,0.5,0.5,0.8,-1.4,0.0,5.7,2.3,5.0,7.6,8.0,0.4,0.5,0.8,32.2,83.2,91.9,63.1,5.0,44.0,8.0,0.4,0.5,0.8,0.0,0.0,5.8,2.8,4.0,5.5,6.0,0.5,0.5,0.8,44.7,56.8,66.8,55.8,4.0,13.7,6.0,0.5,0.5,0.8,0.0,0.0,0.2,0.1,4.0,0.2,6.0,0.5,0.5,0.8,0.7,2.3,7.7,4.1,4.0,5.6,6.0,0.5,0.5,0.8,247.0,1259.5,1827.0,1090.0,5.0,879.5,8.0,0.4,0.5,0.8,245.0,1260.0,1825.0,1090.0,5.0,880.0,8.0,0.4,0.5,0.8
1974,2,28.0,42.0,5.62,6.35,6.71,6.18,4.0,0.84,12.0,0.8,0.5,0.1,6.9,7.5,8.58,7.73,4.0,1.06,12.0,0.8,0.5,0.1,5.87,5.87,5.87,5.87,1.0,0.0,8.0,1.0,0.8,0.0,80.9,80.9,80.9,80.9,1.0,0.0,8.0,1.0,0.0,5.43,10.45,13.9,9.7,4.0,5.0,12.0,0.8,0.5,0.1,-0.72,2.38,4.75,2.04,4.0,3.19,12.0,0.8,0.5,0.1,-1.88,8.41,13.06,5.72,4.0,9.55,12.0,0.8,0.5,0.1,999.29,1007.75,1016.73,1008.0,4.0,10.14,12.0,0.8,0.5,0.1,2.9,6.5,7.5,5.3,4.0,3.6,12.0,0.8,0.5,0.1,-2.9,33.0,66.1,31.7,4.0,39.8,12.0,0.8,0.5,0.1,-18.5,98.3,181.6,82.3,4.0,117.6,12.0,0.8,0.5,0.1,-2.37,-1.85,-0.7,-1.55,4.0,1.24,12.0,0.8,0.5,0.1,-30.9,-18.8,-6.2,-18.6,4.0,16.1,12.0,0.8,0.5,0.1,0.16,0.16,0.16,0.16,1.0,0.0,8.0,1.0,0.8,0.0,2.3,2.3,2.3,2.3,1.0,0.0,8.0,1.0,0.8,0.0,-4.9,19.0,40.8,18.0,4.0,26.5,12.0,0.8,0.5,0.1,-13.5,65.0,112.0,50.0,4.0,77.7,12.0,0.8,0.5,0.1,27.9,27.9,27.9,27.9,1.0,0.0,8.0,1.0,0.8,0.0,76.7,76.7,76.7,76.7,1.0,0.0,8.0,1.0,0.8,0.0,0.8,0.8,0.8,0.8,1.0,0.0,8.0,1.0,0.8,0.0,2.2,2.2,2.2,2.2,1.0,0.0,8.0,1.0,0.8,0.0,197.0,1514.5,2685.5,1444.5,4.0,1437.5,12.0,0.8,0.5,0.1,195.0,1515.0,2685.0,1445.0,4.0,1440.0,12.0,0.8,0.5,0.1
1974,2,28.0,43.0,,,,,,,,,,,,,,,,,,,,,,,,,,,,,,,,,,,,,,,,0.0,0.0,0.0,0.0,1.0,0.0,18.0,1.0,0.0,0.1,0.0,0.0,0.0,0.0,1.0,0.0,18.0,1.0,0.0,0.1,0.0,0.0,0.0,0.0,1.0,0.0,18.0,1.0,0.0,0.1,1029.9,1029.9,1029.9,1029.9,1.0,0.0,18.0,1.0,0.0,0.1,,,,,,,,,,,,,,,,,,,,,,,,,,,,,,,,,,,,,,,,,,,,,,,,,,,,,,,,,,,,,,,,,,,,,,,,,,,,,,,,,,,,,,,,,,,,,,,,,,,,,,,,,,,,,,,,,,,,,,,,,,,,,,,,,,,,,,,,,,,,,,,,,,,,,,
1974,2,28.0,60.0,,,,,,,,,,,,,,,,,,,,,,,,,,,,,,,,,,,,,,,,4.31,8.0,12.0,7.99,34.0,3.69,14.0,0.6,0.4,0.1,-3.94,2.4,5.86,1.43,34.0,5.01,14.0,0.6,0.4,0.1,0.25,5.01,10.63,5.27,34.0,4.86,14.0,0.6,0.4,0.1,1002.4,1013.4,1021.12,1013.22,35.0,12.38,14.0,0.7,0.4,0.1,,,,,,,,,,,,,,,,,,,,,,,,,,,,,,,,,,,,,,,,,,,,,,,,,,,,,,,,,,,,,,,,,,,,,,,,,,,,,,,,,,,,,,,,,,,,,,,,,,,,,,,,,,,,,,,,,,,,,,,,,,,,,,,,,,,,,,,,,,,,,,,,,,,,,,
1974,2,28.0,70.0,6.0,6.0,6.0,6.0,1.0,0.0,22.0,1.0,0.3,0.9,4.4,4.4,4.4,4.4,1.0,0.0,22.0,1.0,0.3,0.9,3.94,3.94,3.94,3.94,1.0,0.0,22.0,1.0,0.3,0.9,73.1,73.1,73.1,73.1,1.0,0.0,22.0,1.0,0.9,23.1,23.1,23.1,23.1,1.0,0.0,22.0,1.0,0.3,0.9,14.85,14.85,14.85,14.85,1.0,0.0,22.0,1.0,0.3,0.9,17.7,17.7,17.7,17.7,1.0,0.0,22.0,1.0,0.3,0.9,970.9,970.9,970.9,970.9,1.0,0.0,22.0,1.0,0.3,0.9,5.0,5.0,5.0,5.0,1.0,0.0,22.0,1.0,0.3,0.9,343.0,343.0,343.0,343.0,1.0,0.0,22.0,1.0,0.3,0.9,408.8,408.8,408.8,408.8,1.0,0.0,22.0,1.0,0.3,0.9,1.6,1.6,1.6,1.6,1.0,0.0,22.0,1.0,0.3,0.9,37.0,37.0,37.0,37.0,1.0,0.0,22.0,1.0,0.3,0.9,2.09,2.09,2.09,2.09,1.0,0.0,22.0,1.0,0.3,0.9,48.4,48.4,48.4,48.4,1.0,0.0,22.0,1.0,0.3,0.9,65.3,65.3,65.3,65.3,1.0,0.0,22.0,1.0,0.3,0.9,77.9,77.9,77.9,77.9,1.0,0.0,22.0,1.0,0.3,0.9,58.5,58.5,58.5,58.5,1.0,0.0,22.0,1.0,0.3,0.9,69.8,69.8,69.8,69.8,1.0,0.0,22.0,1.0,0.3,0.9,31.1,31.1,31.1,31.1,1.0,0.0,22.0,1.0,0.3,0.9,37.1,37.1,37.1,37.1,1.0,0.0,22.0,1.0,0.3,0.9,12326.5,12326.5,12326.5,12326.5,1.0,0.0,22.0,1.0,0.3,0.9,12325.0,12325.0,12325.0,12325.0,1.0,0.0,22.0,1.0,0.3,0.9
1974,2,28.0,71.0,3.74,4.3,4.81,4.28,4.0,0.66,18.0,0.8,0.4,0.2,-3.9,-0.35,3.31,-0.3,4.0,4.16,18.0,0.8,0.4,0.2,4.08,4.08,4.08,4.08,1.0,0.0,20.0,1.0,0.9,0.0,83.7,83.7,83.7,83.7,1.0,0.0,20.0,1.0,0.0,7.44,8.2,11.42,9.38,4.0,3.08,18.0,0.8,0.4,0.2,-11.31,-7.97,-1.02,-6.25,4.0,7.76,18.0,0.8,0.4,0.2,1.15,2.52,4.14,2.64,4.0,2.26,18.0,0.8,0.4,0.2,1007.08,1008.2,1014.03,1010.45,4.0,5.57,18.0,0.8,0.4,0.2,7.0,8.0,8.0,7.5,4.0,1.0,18.0,0.8,0.4,0.2,-135.7,-65.7,-9.1,-72.1,4.0,91.9,18.0,0.8,0.4,0.2,9.7,26.9,36.8,23.4,4.0,17.6,18.0,0.8,0.4,0.2,0.73,4.55,8.42,4.58,4.0,4.44,18.0,0.8,0.4,0.2,5.5,42.5,94.7,49.8,4.0,52.9,18.0,0.8,0.4,0.2,1.19,1.19,1.19,1.19,1.0,0.0,20.0,1.0,0.9,0.0,9.2,9.2,9.2,9.2,1.0,0.0,20.0,1.0,0.9,0.0,-6.4,23.7,44.4,19.2,4.0,34.0,18.0,0.8,0.4,0.2,-5.1,4.6,13.3,4.2,4.0,11.6,18.0,0.8,0.4,0.2,-29.6,-29.6,-29.6,-29.6,1.0,0.0,20.0,1.0,0.9,0.0,10.8,10.8,10.8,10.8,1.0,0.0,20.0,1.0,0.9,0.0,-8.6,-8.6,-8.6,-8.6,1.0,0.0,20.0,1.0,0.9,0.0,3.1,3.1,3.1,3.1,1.0,0.0,20.0,1.0,0.9,0.0,413.0,557.5,1720.5,1043.5,4.0,1101.5,18.0,0.8,0.4,0.2,415.0,560.0,1720.0,1045.0,4.0,1100.0,18.0,0.8,0.4,0.2
1974,2,28.0,72.0,4.0,4.0,4.0,4.0,3.0,0.0,4.0,0.7,0.1,0.1,-3.86,-2.9,-1.84,-2.85,4.0,1.18,4.0,0.5,0.2,0.2,2.38,2.43,2.69,2.54,3.0,0.24,4.0,0.7,0.1,0.1,83.8,84.0,84.5,84.1,3.0,0.5,4.0,0.7,0.1,5.1,6.2,6.72,5.93,4.0,1.3,4.0,0.5,0.2,0.2,-5.4,-4.31,-3.28,-4.34,4.0,1.44,4.0,0.5,0.2,0.2,-5.15,-3.95,-2.06,-3.62,4.0,1.96,4.0,0.5,0.2,0.2,1012.94,1013.2,1013.56,1013.25,4.0,0.42,4.0,0.5,0.2,0.2,6.0,6.5,7.0,6.5,4.0,0.6,4.0,0.5,0.2,0.2,-35.7,-29.0,-17.4,-26.7,4.0,11.9,4.0,0.5,0.2,0.2,-34.8,-21.2,-9.6,-22.2,4.0,15.1,4.0,0.5,0.2,0.2,6.27,7.7,7.9,7.1,3.0,1.31,4.0,0.7,0.1,0.1,32.6,34.7,50.3,41.3,3.0,14.2,4.0,0.7,0.1,0.1,2.34,2.59,2.65,2.49,3.0,0.24,4.0,0.7,0.1,0.1,11.6,13.8,17.5,14.5,3.0,4.3,4.0,0.7,0.1,0.1,8.0,11.3,15.8,11.9,4.0,5.2,4.0,0.5,0.2,0.2,4.8,9.6,17.1,10.9,4.0,8.4,4.0,0.5,0.2,0.2,-11.1,-10.9,-7.8,-9.5,3.0,2.7,4.0,0.7,0.1,0.1,-13.2,-13.0,-9.3,-11.3,3.0,3.2,4.0,0.7,0.1,0.1,-11.2,-8.8,-7.5,-9.3,3.0,2.8,4.0,0.7,0.1,0.1,-13.4,-10.5,-8.9,-11.1,3.0,3.3,4.0,0.7,0.1,0.1,149.5,238.5,309.0,229.5,4.0,124.5,4.0,0.5,0.2,0.2,150.0,240.0,310.0,230.0,4.0,125.0,4.0,0.5,0.2,0.2
1974,2,28.0,73.0,3.4,3.4,3.47,3.43,3.0,0.06,6.0,0.7,0.7,0.1,-6.76,-5.8,-5.25,-6.0,3.0,1.11,6.0,0.7,0.7,0.1,1.79,1.79,1.8,1.79,3.0,0.01,6.0,0.7,0.7,0.1,69.7,72.2,77.8,73.7,3.0,6.1,6.0,0.7,0.1,8.2,8.2,8.2,8.2,3.0,0.0,6.0,0.7,0.7,0.1,-7.1,-7.1,-6.54,-6.83,3.0,0.47,6.0,0.7,0.7,0.1,4.1,4.1,4.9,4.49,3.0,0.68,6.0,0.7,0.7,0.1,1003.35,1003.9,1003.97,1003.67,3.0,0.49,6.0,0.7,0.7,0.1,5.0,5.0,5.7,5.3,3.0,0.6,6.0,0.7,0.7,0.1,-58.2,-58.2,-53.6,-56.0,3.0,3.9,6.0,0.7,0.7,0.1,33.6,33.6,40.2,36.8,3.0,5.5,6.0,0.7,0.7,0.1,8.72,9.2,10.16,9.43,3.0,1.07,6.0,0.7,0.7,0.1,71.5,75.4,83.3,77.4,3.0,8.8,6.0,0.7,0.7,0.1,3.08,3.08,3.09,3.09,3.0,0.01,6.0,0.7,0.7,0.1,25.2,25.2,25.4,25.3,3.0,0.1,6.0,0.7,0.7,0.1,37.3,41.2,43.9,40.6,3.0,4.9,6.0,0.7,0.7,0.1,-33.5,-23.8,-21.5,-27.4,3.0,9.3,6.0,0.7,0.7,0.1,-12.8,-12.7,-11.7,-12.2,3.0,0.9,6.0,0.7,0.7,0.1,7.3,7.4,8.8,8.0,3.0,1.2,6.0,0.7,0.7,0.1,-22.0,-21.9,-20.1,-21.1,3.0,1.5,6.0,0.7,0.7,0.1,12.7,12.7,15.1,13.9,3.0,2.1,6.0,0.7,0.7,0.1,551.5,551.5,551.5,551.5,3.0,0.0,6.0,0.7,0.7,0.1,550.0,550.0,550.0,550.0,3.0,0.0,6.0,0.7,0.7,0.1
1974,2,29.0,-67.0,,,,,,,,,,,,,,,,,,,,,,,,,,,,,,,,,,,,,,,,7.2,7.2,7.2,7.2,1.0,0.0,24.0,1.0,0.8,0.1,7.09,7.09,7.09,7.09,1.0,0.0,24.0,1.0,0.8,0.1,-1.25,-1.25,-1.25,-1.25,1.0,0.0,24.0,1.0,0.8,0.1,978.9,978.9,978.9,978.9,1.0,0.0,24.0,1.0,0.8,0.1,,,,,,,,,,,,,,,,,,,,,,,,,,,,,,,,,,,,,,,,,,,,,,,,,,,,,,,,,,,,,,,,,,,,,,,,,,,,,,,,,,,,,,,,,,,,,,,,,,,,,,,,,,,,,,,,,,,,,,,,,,,,,,,,,,,,,,,,,,,,,,,,,,,,,,
1974,2,29.0,-53.0,,,,,,,,,,,,,,,,,,,,,,,,,,,,,,,,,,,,,,,,5.63,7.0,8.37,7.0,2.0,2.83,22.0,1.0,0.6,0.7,-2.73,-1.97,-1.22,-1.97,2.0,1.56,22.0,1.0,0.6,0.7,-7.9,-6.69,-5.48,-6.69,2.0,2.5,22.0,1.0,0.6,0.7,1007.11,1010.8,1014.49,1010.8,2.0,7.64,22.0,1.0,0.6,0.7,,,,,,,,,,,,,,,,,,,,,,,,,,,,,,,,,,,,,,,,,,,,,,,,,,,,,,,,,,,,,,,,,,,,,,,,,,,,,,,,,,,,,,,,,,,,,,,,,,,,,,,,,,,,,,,,,,,,,,,,,,,,,,,,,,,,,,,,,,,,,,,,,,,,,,
1974,2,29.0,-47.0,,,,,,,,,,,,,,,,,,,,,,,,,,,,,,,,,,,,,,,,9.3,9.3,9.3,9.3,1.0,0.0,10.0,1.0,0.4,0.5,6.58,6.58,6.58,6.58,1.0,0.0,10.0,1.0,0.4,0.5,6.58,6.58,6.58,6.58,1.0,0.0,10.0,1.0,0.4,0.5,1011.5,1011.5,1011.5,1011.5,1.0,0.0,10.0,1.0,0.4,0.5,,,,,,,,,,,,,,,,,,,,,,,,,,,,,,,,,,,,,,,,,,,,,,,,,,,,,,,,,,,,,,,,,,,,,,,,,,,,,,,,,,,,,,,,,,,,,,,,,,,,,,,,,,,,,,,,,,,,,,,,,,,,,,,,,,,,,,,,,,,,,,,,,,,,,,
1974,2,29.0,-38.0,20.0,20.0,20.0,20.0,1.0,0.0,2.0,1.0,0.7,0.5,17.0,17.0,17.0,17.0,1.0,0.0,2.0,1.0,0.7,0.5,6.96,6.96,6.96,6.96,1.0,0.0,2.0,1.0,0.7,0.5,58.5,58.5,58.5,58.5,1.0,0.0,2.0,1.0,0.5,5.7,5.7,5.7,5.7,1.0,0.0,2.0,1.0,0.7,0.5,-0.99,-0.99,-0.99,-0.99,1.0,0.0,2.0,1.0,0.7,0.5,5.61,5.61,5.61,5.61,1.0,0.0,2.0,1.0,0.7,0.5,1020.7,1020.7,1020.7,1020.7,1.0,0.0,2.0,1.0,0.7,0.5,5.0,5.0,5.0,5.0,1.0,0.0,2.0,1.0,0.7,0.5,-5.6,-5.6,-5.6,-5.6,1.0,0.0,2.0,1.0,0.7,0.5,32.0,32.0,32.0,32.0,1.0,0.0,2.0,1.0,0.7,0.5,3.0,3.0,3.0,3.0,1.0,0.0,2.0,1.0,0.7,0.5,17.1,17.1,17.1,17.1,1.0,0.0,2.0,1.0,0.7,0.5,7.47,7.47,7.47,7.47,1.0,0.0,2.0,1.0,0.7,0.5,42.6,42.6,42.6,42.6,1.0,0.0,2.0,1.0,0.7,0.5,-16.8,-16.8,-16.8,-16.8,1.0,0.0,2.0,1.0,0.7,0.5,95.4,95.4,95.4,95.4,1.0,0.0,2.0,1.0,0.7,0.5,-6.9,-6.9,-6.9,-6.9,1.0,0.0,2.0,1.0,0.7,0.5,39.1,39.1,39.1,39.1,1.0,0.0,2.0,1.0,0.7,0.5,-7.4,-7.4,-7.4,-7.4,1.0,0.0,2.0,1.0,0.7,0.5,42.0,42.0,42.0,42.0,1.0,0.0,2.0,1.0,0.7,0.5,185.0,185.0,185.0,185.0,1.0,0.0,2.0,1.0,0.7,0.5,185.0,185.0,185.0,185.0,1.0,0.0,2.0,1.0,0.7,0.5
1974,2,29.0,-36.0,22.57,22.95,23.33,22.95,2.0,0.78,22.0,0.0,0.3,0.6,21.69,22.1,22.51,22.1,2.0,0.85,22.0,0.0,0.3,0.6,12.92,13.85,14.78,13.85,2.0,1.93,22.0,0.0,0.3,0.6,79.6,83.0,86.4,83.0,2.0,7.0,22.0,0.0,0.6,8.8,9.0,9.2,9.0,2.0,0.42,22.0,0.0,0.3,0.6,4.79,5.74,6.68,5.74,2.0,1.96,22.0,0.0,0.3,0.6,6.22,6.76,7.29,6.76,2.0,1.1,22.0,0.0,0.3,0.6,1005.48,1006.5,1007.52,1006.5,2.0,2.12,22.0,0.0,0.3,0.6,3.0,5.0,7.0,5.0,2.0,4.2,22.0,0.0,0.3,0.6,42.4,52.1,61.7,52.1,2.0,20.1,22.0,0.0,0.3,0.6,57.2,60.6,64.0,60.6,2.0,7.0,22.0,0.0,0.3,0.6,0.07,0.85,1.63,0.85,2.0,1.63,22.0,0.0,0.3,0.6,0.4,7.3,14.2,7.3,2.0,14.3,22.0,0.0,0.3,0.6,2.41,3.73,5.05,3.73,2.0,2.73,22.0,0.0,0.3,0.6,21.8,33.0,44.1,33.0,2.0,23.0,22.0,0.0,0.3,0.6,104.3,127.6,150.9,127.6,2.0,48.2,22.0,0.0,0.3,0.6,139.9,148.8,157.8,148.8,2.0,18.6,22.0,0.0,0.3,0.6,62.9,81.4,99.8,81.4,2.0,38.3,22.0,0.0,0.3,0.6,91.5,92.5,93.6,92.5,2.0,2.2,22.0,0.0,0.3,0.6,14.7,18.7,22.7,18.7,2.0,8.4,22.0,0.0,0.3,0.6,15.8,26.7,37.6,26.7,2.0,22.6,22.0,0.0,0.3,0.6,681.5,731.5,781.0,731.5,2.0,103.0,22.0,0.0,0.3,0.6,680.0,730.0,780.0,730.0,2.0,105.0,22.0,0.0,0.3,0.6
1974,2,29.0,-35.0,23.0,24.0,24.24,23.89,7.0,0.7,8.0,0.6,0.6,0.6,21.62,22.2,25.96,23.06,8.0,2.43,10.0,0.5,0.6,0.6,9.56,11.36,16.5,12.73,7.0,3.54,8.0,0.6,0.6,0.6,65.1,70.5,87.2,73.7,7.0,11.0,8.0,0.6,0.6,3.0,5.1,7.15,5.46,9.0,2.31,10.0,0.6,0.6,0.6,-5.29,-4.63,-1.9,-3.92,9.0,1.57,10.0,0.6,0.6,0.6,-1.92,-0.71,3.53,0.46,9.0,4.35,10.0,0.6,0.6,0.6,1009.36,1011.0,1020.01,1014.14,9.0,5.69,10.0,0.6,0.6,0.6,1.2,4.0,6.0,4.1,8.0,2.5,10.0,0.6,0.5,0.6,-33.0,-23.5,-9.1,-21.8,9.0,11.7,10.0,0.6,0.6,0.6,-7.8,-2.9,23.6,7.4,9.0,37.4,10.0,0.6,0.6,0.6,-1.01,1.6,2.5,1.36,7.0,2.0,8.0,0.6,0.6,0.6,-5.2,6.2,15.7,5.9,7.0,9.3,8.0,0.6,0.6,0.6,1.27,6.76,8.9,5.72,7.0,3.34,8.0,0.6,0.6,0.6,7.2,24.4,51.5,27.6,7.0,19.0,8.0,0.6,0.6,0.6,-141.3,-94.9,-39.2,-90.7,8.0,45.8,10.0,0.5,0.6,0.6,-41.1,-7.8,109.2,18.7,8.0,104.2,10.0,0.5,0.6,0.6,-84.6,-43.1,-22.2,-49.2,7.0,33.6,8.0,0.6,0.6,0.6,-21.1,-7.6,14.0,4.0,7.0,59.0,8.0,0.6,0.6,0.6,-27.6,-14.8,-7.1,-17.2,7.0,10.7,8.0,0.6,0.6,0.6,-18.7,-1.3,10.5,-0.3,7.0,28.2,8.0,0.6,0.6,0.6,31.5,132.5,365.0,245.0,9.0,290.5,10.0,0.6,0.6,0.6,30.0,135.0,365.0,245.0,9.0,290.0,10.0,0.6,0.6,0.6
1974,2,29.0,-34.0,23.6,25.0,26.74,25.05,19.0,2.02,16.0,0.6,0.5,0.7,22.5,24.3,27.0,24.59,20.0,2.26,16.0,0.6,0.5,0.7,13.01,15.3,18.27,15.89,17.0,3.01,16.0,0.6,0.5,0.7,74.3,80.3,91.6,83.1,17.0,8.8,16.0,0.6,0.7,4.61,8.2,12.96,8.21,20.0,3.7,16.0,0.6,0.5,0.7,-8.2,-3.94,4.32,-3.22,20.0,5.74,16.0,0.6,0.5,0.7,-6.66,-1.22,4.78,-1.02,20.0,6.31,16.0,0.6,0.5,0.7,1008.93,1013.0,1015.89,1012.6,19.0,3.8,16.0,0.5,0.5,0.7,2.9,5.0,7.1,5.0,19.0,2.3,16.0,0.6,0.5,0.7,-79.7,-27.0,24.5,-36.6,20.0,61.4,16.0,0.6,0.5,0.7,-65.4,-4.2,24.4,-10.9,20.0,76.7,16.0,0.6,0.5,0.7,0.0,1.0,2.01,0.66,19.0,2.18,16.0,0.6,0.5,0.7,0.0,6.1,16.5,4.6,19.0,17.8,16.0,0.6,0.5,0.7,1.86,4.66,6.28,3.86,17.0,2.6,16.0,0.6,0.5,0.7,12.5,30.3,52.2,32.3,17.0,26.2,16.0,0.6,0.5,0.7,-196.7,-99.3,101.4,-80.0,20.0,142.0,16.0,0.6,0.5,0.7,-169.5,-31.1,107.5,-32.5,20.0,152.1,16.0,0.6,0.5,0.7,-108.1,-70.0,65.3,-42.2,17.0,81.0,16.0,0.6,0.5,0.7,-112.5,0.0,81.4,-17.8,17.0,105.9,16.0,0.6,0.5,0.7,-35.2,-13.8,13.8,-11.7,17.0,29.9,16.0,0.6,0.5,0.7,-15.6,0.0,24.1,4.3,17.0,27.1,16.0,0.6,0.5,0.7,98.0,551.5,2180.0,887.0,20.0,1025.0,16.0,0.6,0.5,0.7,100.0,550.0,2180.0,885.0,20.0,1025.0,16.0,0.6,0.5,0.7
1974,2,29.0,-33.0,23.69,25.5,27.22,25.42,51.0,1.99,14.0,0.6,0.3,0.6,21.97,25.0,26.72,24.43,51.0,2.34,14.0,0.6,0.3,0.6,11.98,15.59,18.42,15.44,46.0,2.67,14.0,0.5,0.3,0.6,69.7,84.1,88.6,81.0,46.0,9.0,14.0,0.5,0.6,4.31,7.7,12.3,7.85,54.0,3.95,14.0,0.6,0.3,0.6,-6.79,-2.17,5.8,-1.41,54.0,6.58,14.0,0.6,0.3,0.6,-5.59,1.59,6.43,0.89,54.0,5.68,14.0,0.6,0.3,0.6,1007.5,1014.5,1017.97,1013.35,53.0,5.25,14.0,0.6,0.3,0.6,3.4,8.0,8.0,6.5,54.0,2.3,14.0,0.6,0.3,0.6,-64.4,-10.1,41.7,-17.2,54.0,84.0,14.0,0.6,0.3,0.6,-47.3,7.5,65.6,5.4,54.0,63.7,14.0,0.6,0.3,0.6,-1.75,1.0,4.04,1.07,49.0,2.77,14.0,0.6,0.3,0.6,-9.1,8.4,25.9,8.5,48.0,20.0,14.0,0.6,0.3,0.6,1.67,4.77,8.55,4.69,45.0,3.25,14.0,0.6,0.3,0.6,9.1,34.1,73.0,38.8,45.0,31.9,14.0,0.6,0.3,0.6,-167.3,-54.1,153.9,-35.0,50.0,162.9,14.0,0.6,0.3,0.6,-98.1,39.0,155.1,21.8,50.0,139.5,14.0,0.6,0.3,0.6,-117.6,-43.1,84.7,-28.1,46.0,104.5,14.0,0.5,0.3,0.6,-84.7,28.7,96.6,11.3,46.0,91.4,14.0,0.5,0.3,0.6,-32.3,-9.1,25.0,-8.0,45.0,34.3,14.0,0.6,0.3,0.6,-14.3,3.5,45.0,11.9,45.0,34.2,14.0,0.6,0.3,0.6,80.5,456.5,1861.0,879.0,54.0,1272.0,14.0,0.6,0.3,0.6,80.0,455.0,1860.0,880.0,54.0,1270.0,14.0,0.6,0.3,0.6
1974,2,29.0,-32.0,21.44,25.0,27.2,24.61,29.0,2.89,12.0,0.4,0.6,0.4,22.08,24.1,27.0,24.38,31.0,2.17,14.0,0.4,0.6,0.4,13.59,15.41,16.75,15.42,28.0,1.64,14.0,0.4,0.6,0.3,75.6,82.0,89.5,81.9,28.0,6.8,14.0,0.4,0.3,2.78,5.1,9.31,5.66,29.0,3.13,12.0,0.4,0.6,0.4,-4.34,-1.93,4.37,-0.45,29.0,5.0,12.0,0.4,0.6,0.4,-2.97,0.0,4.38,0.34,29.0,4.2,12.0,0.4,0.6,0.4,1009.23,1013.4,1016.92,1012.87,31.0,4.11,14.0,0.4,0.6,0.4,0.6,6.0,8.0,4.9,30.0,3.0,12.0,0.4,0.6,0.4,-29.7,-5.8,24.7,-0.6,29.0,48.5,12.0,0.4,0.6,0.4,-15.1,0.0,22.9,0.2,29.0,38.9,12.0,0.4,0.6,0.4,-2.06,0.4,2.0,0.17,29.0,2.03,12.0,0.4,0.6,0.4,-14.4,1.8,7.5,-0.5,27.0,12.8,12.0,0.4,0.6,0.4,0.36,3.93,6.86,3.78,27.0,2.93,14.0,0.4,0.7,0.3,0.9,21.0,36.0,20.7,25.0,18.9,14.0,0.4,0.6,0.3,-111.2,-52.1,97.5,-13.9,29.0,120.6,12.0,0.4,0.6,0.4,-71.8,0.0,103.8,3.3,29.0,104.9,12.0,0.4,0.6,0.4,-76.2,-20.1,64.1,-6.5,26.0,83.0,14.0,0.4,0.6,0.3,-46.6,17.0,67.9,4.7,26.0,72.2,14.0,0.4,0.6,0.3,-24.1,-0.8,15.3,-3.8,25.0,19.1,14.0,0.4,0.6,0.3,-5.5,0.0,20.9,2.2,25.0,20.5,14.0,0.4,0.6,0.3,22.0,132.5,816.0,369.5,29.0,585.5,12.0,0.4,0.6,0.4,20.0,135.0,815.0,370.0,29.0,585.0,12.0,0.4,0.6,0.4
1974,2,29.0,31.0,,,,,,,,,,,,,,,,,,,,,,,,,,,,,,,,,,,,,,,,2.59,5.0,11.12,6.47,11.0,4.52,10.0,0.5,0.3,0.6,-8.05,-0.68,8.02,-0.84,11.0,7.55,10.0,0.5,0.3,0.6,-2.66,-0.52,2.04,-0.75,11.0,2.84,10.0,0.5,0.3,0.6,1012.42,1016.8,1026.23,1018.43,12.0,6.16,10.0,0.5,0.4,0.6,,,,,,,,,,,,,,,,,,,,,,,,,,,,,,,,,,,,,,,,,,,,,,,,,,,,,,,,,,,,,,,,,,,,,,,,,,,,,,,,,,,,,,,,,,,,,,,,,,,,,,,,,,,,,,,,,,,,,,,,,,,,,,,,,,,,,,,,,,,,,,,,,,,,,,
1974,2,29.0,32.0,16.32,17.0,17.68,17.0,3.0,1.0,14.0,0.3,0.2,0.6,13.68,16.0,18.73,16.2,3.0,3.7,14.0,0.3,0.2,0.6,8.04,8.04,8.04,8.04,1.0,0.0,14.0,0.0,0.2,0.9,71.7,71.7,71.7,71.7,1.0,0.0,14.0,0.0,0.9,6.32,7.0,7.48,6.9,3.0,0.85,14.0,0.3,0.2,0.6,2.83,4.5,5.98,4.41,3.0,2.31,14.0,0.3,0.2,0.6,-5.07,-3.85,2.44,-1.38,3.0,5.9,14.0,0.3,0.2,0.6,1007.81,1017.3,1019.35,1013.67,3.0,9.02,14.0,0.3,0.2,0.6,0.3,1.0,1.0,0.7,3.0,0.6,14.0,0.3,0.2,0.6,18.4,31.5,45.0,31.7,3.0,19.5,14.0,0.3,0.2,0.6,-32.5,-29.6,16.2,-8.6,3.0,40.0,14.0,0.3,0.2,0.6,-2.05,0.0,3.69,0.8,3.0,4.26,14.0,0.3,0.2,0.6,-12.3,0.0,25.8,6.6,3.0,28.5,14.0,0.3,0.2,0.6,3.19,3.19,3.19,3.19,1.0,0.0,14.0,0.0,0.2,0.9,24.6,24.6,24.6,24.6,1.0,0.0,14.0,0.0,0.2,0.9,46.0,56.7,90.8,68.1,3.0,34.3,14.0,0.3,0.2,0.6,-96.5,-61.6,26.6,-35.6,3.0,92.9,14.0,0.3,0.2,0.6,53.6,53.6,53.6,53.6,1.0,0.0,14.0,0.0,0.2,0.9,-31.0,-31.0,-31.0,-31.0,1.0,0.0,14.0,0.0,0.2,0.9,21.3,21.3,21.3,21.3,1.0,0.0,14.0,0.0,0.2,0.9,-12.3,-12.3,-12.3,-12.3,1.0,0.0,14.0,0.0,0.2,0.9,256.5,343.0,420.5,338.5,3.0,120.5,14.0,0.3,0.2,0.6,255.0,345.0,420.0,340.0,3.0,120.0,14.0,0.3,0.2,0.6
1974,2,29.0,33.0,16.53,16.8,17.48,17.0,3.0,0.72,14.0,0.7,0.4,0.6,14.32,15.0,16.37,15.33,3.0,1.53,14.0,0.7,0.4,0.6,6.24,8.27,8.97,7.62,3.0,2.08,14.0,0.7,0.4,0.6,61.7,77.8,78.3,70.2,3.0,13.8,14.0,0.7,0.6,2.5,3.35,4.2,3.35,2.0,1.77,10.0,1.0,0.1,0.6,2.09,2.67,3.25,2.67,2.0,1.21,10.0,1.0,0.1,0.6,-2.65,-2.0,-1.35,-2.0,2.0,1.35,10.0,1.0,0.1,0.6,1016.73,1018.5,1023.01,1019.83,3.0,4.74,14.0,0.7,0.4,0.6,2.3,3.0,3.7,3.0,3.0,1.0,14.0,0.7,0.4,0.6,5.8,10.0,14.2,10.0,2.0,8.8,10.0,1.0,0.1,0.6,-11.8,-7.9,-4.0,-7.9,2.0,8.1,10.0,1.0,0.1,0.6,0.99,1.4,2.36,1.67,3.0,1.03,14.0,0.7,0.4,0.6,4.0,4.8,5.5,4.8,2.0,1.6,10.0,1.0,0.1,0.6,3.28,3.3,5.44,4.34,3.0,1.82,14.0,0.7,0.4,0.6,13.8,14.3,14.9,14.3,2.0,1.2,10.0,1.0,0.1,0.6,30.9,42.7,54.4,42.7,2.0,24.4,10.0,1.0,0.1,0.6,-44.6,-32.5,-20.3,-32.5,2.0,25.1,10.0,1.0,0.1,0.6,13.3,21.2,29.1,21.2,2.0,16.3,10.0,1.0,0.1,0.6,-24.0,-16.5,-9.0,-16.5,2.0,15.5,10.0,1.0,0.1,0.6,11.6,11.7,11.7,11.7,2.0,0.1,10.0,1.0,0.1,0.6,-9.3,-8.3,-7.2,-8.3,2.0,2.1,10.0,1.0,0.1,0.6,23.0,53.5,83.5,53.5,2.0,62.5,10.0,1.0,0.1,0.6,25.0,55.0,85.0,55.0,2.0,60.0,10.0,1.0,0.1,0.6
1974,2,29.0,34.0,16.0,16.1,17.44,16.46,18.0,1.1,16.0,0.7,0.4,0.4,14.5,15.3,16.57,15.28,22.0,1.47,16.0,0.7,0.4,0.5,6.97,7.77,9.18,7.79,17.0,1.4,18.0,0.6,0.4,0.4,64.4,71.2,80.5,71.2,17.0,11.0,18.0,0.6,0.4,1.53,6.7,7.7,5.2,22.0,3.1,16.0,0.7,0.4,0.5,-1.92,2.14,6.32,2.38,22.0,3.55,16.0,0.7,0.4,0.5,-3.68,0.0,4.6,-0.21,22.0,4.4,16.0,0.7,0.4,0.5,1011.37,1016.9,1021.47,1016.36,22.0,5.48,16.0,0.7,0.4,0.5,1.3,2.5,5.7,3.3,22.0,2.4,16.0,0.7,0.4,0.5,-4.8,10.9,45.7,16.8,22.0,25.6,16.0,0.7,0.4,0.5,-27.2,0.0,31.6,-1.2,22.0,36.7,16.0,0.7,0.4,0.5,0.0,0.95,1.62,1.01,18.0,1.36,16.0,0.7,0.4,0.4,0.0,3.9,11.0,5.9,18.0,9.6,16.0,0.7,0.4,0.4,2.41,3.85,4.76,3.76,14.0,1.16,18.0,0.6,0.5,0.4,5.5,13.9,28.1,16.4,14.0,11.9,18.0,0.6,0.5,0.4,-23.5,32.8,95.0,38.4,22.0,54.9,16.0,0.7,0.4,0.5,-54.7,0.0,73.8,-1.2,22.0,69.7,16.0,0.7,0.4,0.5,-3.4,30.2,47.4,24.3,17.0,26.4,18.0,0.6,0.4,0.4,-26.7,0.0,8.3,-4.9,17.0,32.6,18.0,0.6,0.4,0.4,0.2,10.7,18.2,9.9,14.0,12.1,18.0,0.6,0.5,0.4,-7.2,0.0,8.1,-2.2,14.0,13.2,18.0,0.6,0.5,0.4,6.5,301.0,456.5,275.0,22.0,288.0,16.0,0.7,0.4,0.5,5.0,300.0,455.0,275.0,22.0,290.0,16.0,0.7,0.4,0.5
1974,2,29.0,35.0,15.19,16.1,17.0,16.24,19.0,1.18,14.0,0.5,0.4,0.3,13.7,15.1,16.13,14.81,18.0,1.7,14.0,0.5,0.3,0.3,5.11,7.83,8.87,7.36,13.0,1.8,14.0,0.5,0.4,0.2,57.8,71.7,85.4,72.0,13.0,13.8,14.0,0.5,0.2,2.12,4.85,9.45,5.46,18.0,3.56,14.0,0.5,0.3,0.3,-1.33,1.49,5.77,1.8,18.0,4.54,14.0,0.5,0.3,0.3,-2.31,1.04,4.99,1.78,18.0,4.1,14.0,0.5,0.3,0.3,1012.03,1018.8,1022.78,1017.58,20.0,6.83,14.0,0.6,0.4,0.3,0.0,2.0,6.3,2.7,18.0,2.8,14.0,0.6,0.4,0.3,-9.2,3.9,40.8,10.3,18.0,41.4,14.0,0.5,0.3,0.3,-6.0,3.9,39.2,17.6,18.0,40.0,14.0,0.5,0.3,0.3,-0.05,1.1,3.53,1.54,17.0,1.93,14.0,0.5,0.4,0.3,-0.1,8.6,11.6,6.7,15.0,8.8,14.0,0.4,0.4,0.4,2.51,3.19,6.51,4.18,13.0,1.91,14.0,0.5,0.4,0.2,7.9,12.8,26.1,19.7,11.0,18.9,14.0,0.4,0.4,0.2,-13.9,29.9,98.0,39.6,16.0,56.8,12.0,0.4,0.3,0.3,-32.7,16.5,84.5,28.2,16.0,64.0,12.0,0.4,0.3,0.3,-1.6,13.8,55.4,20.8,11.0,30.0,14.0,0.4,0.4,0.2,-22.7,0.0,22.1,4.5,11.0,31.5,14.0,0.4,0.4,0.2,-1.7,5.1,24.5,13.7,11.0,20.9,14.0,0.4,0.4,0.2,-9.2,0.0,11.0,0.4,11.0,11.9,14.0,0.4,0.4,0.2,12.5,115.0,845.5,371.0,18.0,492.0,14.0,0.5,0.3,0.3,15.0,115.0,845.0,370.0,18.0,490.0,14.0,0.5,0.3,0.3
1974,2,29.0,36.0,,,,,,,,,,,,,,,,,,,,,,,,,,,,,,,,,,,,,,,,8.0,8.0,8.0,8.0,1.0,0.0,26.0,0.0,0.3,0.2,7.52,7.52,7.52,7.52,1.0,0.0,26.0,0.0,0.3,0.2,-2.74,-2.74,-2.74,-2.74,1.0,0.0,26.0,0.0,0.3,0.2,1013.9,1013.9,1013.9,1013.9,1.0,0.0,26.0,0.0,0.3,0.2,,,,,,,,,,,,,,,,,,,,,,,,,,,,,,,,,,,,,,,,,,,,,,,,,,,,,,,,,,,,,,,,,,,,,,,,,,,,,,,,,,,,,,,,,,,,,,,,,,,,,,,,,,,,,,,,,,,,,,,,,,,,,,,,,,,,,,,,,,,,,,,,,,,,,,
1974,2,29.0,40.0,11.37,11.95,12.53,11.95,2.0,1.2,28.0,1.0,0.8,0.7,3.92,5.25,6.58,5.25,2.0,2.76,28.0,1.0,0.8,0.7,4.03,4.03,4.04,4.03,2.0,0.0,28.0,1.0,0.8,0.7,67.9,74.8,81.7,74.8,2.0,14.3,28.0,1.0,0.7,0.91,1.8,2.69,1.8,2.0,1.84,28.0,1.0,0.8,0.7,-2.34,-1.59,-0.84,-1.59,2.0,1.55,28.0,1.0,0.8,0.7,-1.32,-0.82,-0.32,-0.82,2.0,1.03,28.0,1.0,0.8,0.7,1019.77,1020.15,1020.53,1020.15,2.0,0.78,28.0,1.0,0.8,0.7,8.0,8.0,8.0,8.0,1.0,0.0,28.0,1.0,0.8,0.7,-7.0,-4.3,-1.5,-4.3,2.0,5.7,28.0,1.0,0.8,0.7,-4.0,-2.4,-0.8,-2.4,2.0,3.4,28.0,1.0,0.8,0.7,4.79,6.7,8.61,6.7,2.0,3.96,28.0,1.0,0.8,0.7,5.9,8.4,10.9,8.4,2.0,5.2,28.0,1.0,0.8,0.7,4.25,4.58,4.91,4.58,2.0,0.68,28.0,1.0,0.8,0.7,4.1,7.6,11.1,7.6,2.0,7.2,28.0,1.0,0.8,0.7,-16.5,-10.5,-4.4,-10.5,2.0,12.5,28.0,1.0,0.8,0.7,-9.4,-5.7,-2.0,-5.7,2.0,7.7,28.0,1.0,0.8,0.7,-9.4,-6.4,-3.4,-6.4,2.0,6.3,28.0,1.0,0.8,0.7,-5.3,-3.3,-1.3,-3.3,2.0,4.2,28.0,1.0,0.8,0.7,-9.6,-6.7,-3.8,-6.7,2.0,6.0,28.0,1.0,0.8,0.7,-5.4,-3.4,-1.4,-3.4,2.0,4.2,28.0,1.0,0.8,0.7,5.0,15.0,25.0,15.0,2.0,21.0,28.0,1.0,0.8,0.7,5.0,15.0,25.0,15.0,2.0,20.0,28.0,1.0,0.8,0.7
1974,2,29.0,41.0,5.18,5.9,6.37,5.94,13.0,0.73,10.0,0.4,0.4,0.4,5.54,6.7,7.67,6.67,13.0,1.25,10.0,0.4,0.4,0.4,4.23,4.68,5.11,4.68,12.0,0.51,8.0,0.3,0.4,0.4,71.8,76.1,87.5,78.1,12.0,8.1,8.0,0.3,0.4,3.09,6.2,10.29,7.21,13.0,4.63,10.0,0.4,0.4,0.4,-4.07,1.05,1.62,-0.85,13.0,4.57,10.0,0.4,0.4,0.4,-2.33,3.05,7.34,2.17,13.0,7.14,10.0,0.4,0.4,0.4,1013.14,1017.5,1024.97,1018.07,13.0,5.9,10.0,0.4,0.4,0.4,1.9,8.0,8.0,5.5,13.0,3.4,10.0,0.4,0.4,0.4,-32.5,2.2,7.1,-12.0,13.0,59.0,10.0,0.4,0.4,0.4,-18.7,9.5,55.2,11.0,13.0,97.8,10.0,0.4,0.4,0.4,-2.5,-0.1,0.48,-0.73,13.0,1.59,10.0,0.4,0.4,0.4,-18.2,-0.3,2.9,-9.9,13.0,19.1,10.0,0.4,0.4,0.4,0.62,0.94,1.78,1.08,12.0,0.61,8.0,0.3,0.4,0.4,2.2,5.3,9.2,5.8,12.0,3.7,8.0,0.3,0.4,0.4,-30.5,5.4,9.9,-5.4,13.0,33.8,10.0,0.4,0.4,0.4,-14.6,18.9,49.3,16.6,13.0,53.8,10.0,0.4,0.4,0.4,-15.4,4.8,8.9,-0.6,12.0,20.4,8.0,0.3,0.4,0.4,-8.5,13.9,34.7,16.6,12.0,26.5,8.0,0.3,0.4,0.4,-3.1,0.5,2.1,-0.7,12.0,3.9,8.0,0.3,0.4,0.4,-1.7,3.9,7.9,3.7,12.0,4.5,8.0,0.3,0.4,0.4,29.5,238.5,1167.5,884.0,13.0,1502.5,10.0,0.4,0.4,0.4,30.0,240.0,1165.0,885.0,13.0,1505.0,10.0,0.4,0.4,0.4
1974,2,29.0,42.0,6.0,7.0,8.0,7.19,16.0,1.7,16.0,0.6,0.5,0.3,5.32,6.5,8.78,7.06,17.0,1.8,14.0,0.6,0.5,0.3,4.44,4.67,5.14,4.79,3.0,0.52,18.0,0.7,0.5,0.4,80.6,86.9,91.7,86.2,3.0,8.2,18.0,0.7,0.4,3.05,5.1,11.46,6.95,17.0,4.39,14.0,0.6,0.5,0.3,-4.08,-1.03,2.37,-0.73,17.0,4.18,14.0,0.6,0.5,0.3,-10.1,-3.91,2.37,-3.0,17.0,6.56,14.0,0.6,0.5,0.3,1013.01,1017.6,1021.15,1017.36,17.0,5.58,14.0,0.6,0.5,0.3,0.3,7.0,8.0,5.6,14.0,3.2,14.0,0.7,0.5,0.4,-23.1,-3.1,16.1,-12.4,17.0,49.9,14.0,0.6,0.5,0.3,-116.8,-16.8,7.2,-32.8,17.0,80.2,14.0,0.6,0.5,0.3,-1.56,0.15,1.42,0.0,16.0,2.27,16.0,0.6,0.5,0.3,-17.6,0.4,9.4,-1.8,16.0,14.3,16.0,0.6,0.5,0.3,1.01,1.3,1.38,1.2,3.0,0.28,18.0,0.7,0.5,0.4,4.8,7.2,10.0,7.4,3.0,3.8,18.0,0.7,0.5,0.4,-28.0,-9.2,13.9,-7.0,17.0,31.0,14.0,0.6,0.5,0.3,-60.2,-24.2,17.6,-19.1,17.0,47.7,14.0,0.6,0.5,0.3,-14.9,0.0,9.5,-2.6,3.0,18.0,18.0,0.7,0.5,0.4,-33.0,-22.0,-9.6,-21.3,3.0,17.2,18.0,0.7,0.5,0.4,-4.8,0.0,2.6,-1.1,3.0,5.6,18.0,0.7,0.5,0.4,-8.4,-3.6,-2.0,-5.2,3.0,4.9,18.0,0.7,0.5,0.4,28.5,132.5,1514.0,762.5,17.0,1119.5,14.0,0.6,0.5,0.3,30.0,135.0,1515.0,765.0,17.0,1120.0,14.0,0.6,0.5,0.3
1974,2,29.0,43.0,6.14,6.9,7.67,6.72,6.0,1.46,18.0,0.7,0.8,0.3,4.86,6.9,8.64,6.8,6.0,1.92,18.0,0.7,0.8,0.3,4.34,4.34,4.35,4.34,2.0,0.01,16.0,1.0,0.7,0.4,81.6,83.0,84.3,83.0,2.0,2.9,16.0,1.0,0.4,5.43,10.8,11.37,8.82,5.0,3.46,20.0,0.6,0.7,0.3,-6.56,-1.08,1.15,-2.57,5.0,5.29,20.0,0.6,0.7,0.3,-10.97,-6.11,-2.37,-6.55,5.0,4.4,20.0,0.6,0.7,0.3,1014.03,1016.85,1019.98,1016.48,6.0,3.79,18.0,0.7,0.8,0.3,0.0,1.0,8.0,3.4,5.0,4.2,16.0,0.8,0.8,0.3,-74.8,-6.7,4.7,-32.4,5.0,53.8,20.0,0.6,0.7,0.3,-123.5,-37.9,-17.3,-64.3,5.0,57.5,20.0,0.6,0.7,0.3,-2.03,0.15,1.92,-0.08,6.0,2.15,18.0,0.7,0.8,0.3,-19.9,6.0,14.2,-1.5,5.0,23.3,20.0,0.6,0.7,0.3,1.71,1.72,1.73,1.72,2.0,0.03,16.0,1.0,0.7,0.4,8.9,12.8,16.6,12.8,2.0,8.0,16.0,1.0,0.7,0.4,-45.8,-9.9,5.7,-20.0,5.0,36.4,20.0,0.6,0.7,0.3,-62.4,-46.4,-13.7,-40.6,5.0,26.5,20.0,0.6,0.7,0.3,2.2,6.8,11.5,6.8,2.0,9.6,16.0,1.0,0.7,0.4,-41.3,-29.2,-17.1,-29.2,2.0,25.1,16.0,1.0,0.7,0.4,0.9,2.7,4.6,2.7,2.0,3.9,16.0,1.0,0.7,0.4,-16.2,-11.5,-6.8,-11.5,2.0,9.8,16.0,1.0,0.7,0.4,176.5,1259.5,1476.0,925.0,5.0,729.0,20.0,0.6,0.7,0.3,175.0,1260.0,1475.0,925.0,5.0,730.0,20.0,0.6,0.7,0.3
1974,2,29.0,44.0,,,,,,,,,,,,,,,,,,,,,,,,,,,,,,,,,,,,,,,,4.16,4.5,4.84,4.5,2.0,0.71,12.0,0.0,0.6,0.4,-2.39,-0.61,1.17,-0.61,2.0,3.69,12.0,0.0,0.6,0.4,3.52,3.65,3.77,3.65,2.0,0.26,12.0,0.0,0.6,0.4,1024.93,1025.2,1025.47,1025.2,2.0,0.57,12.0,0.0,0.6,0.4,,,,,,,,,,,,,,,,,,,,,,,,,,,,,,,,,,,,,,,,,,,,,,,,,,,,,,,,,,,,,,,,,,,,,,,,,,,,,,,,,,,,,,,,,,,,,,,,,,,,,,,,,,,,,,,,,,,,,,,,,,,,,,,,,,,,,,,,,,,,,,,,,,,,,,
1974,2,29.0,59.0,0.6,0.6,0.6,0.6,1.0,0.0,24.0,0.0,0.7,0.9,4.5,4.5,4.5,4.5,1.0,0.0,24.0,0.0,0.7,0.9,4.72,4.72,4.72,4.72,1.0,0.0,24.0,0.0,0.7,0.9,90.0,90.0,90.0,90.0,1.0,0.0,24.0,0.0,0.9,8.0,8.0,8.0,8.0,1.0,0.0,24.0,0.0,0.7,0.9,5.14,5.14,5.14,5.14,1.0,0.0,24.0,0.0,0.7,0.9,6.13,6.13,6.13,6.13,1.0,0.0,24.0,0.0,0.7,0.9,1006.2,1006.2,1006.2,1006.2,1.0,0.0,24.0,0.0,0.7,0.9,8.0,8.0,8.0,8.0,1.0,0.0,24.0,0.0,0.7,0.9,41.1,41.1,41.1,41.1,1.0,0.0,24.0,0.0,0.7,0.9,49.0,49.0,49.0,49.0,1.0,0.0,24.0,0.0,0.7,0.9,-3.9,-3.9,-3.9,-3.9,1.0,0.0,24.0,0.0,0.7,0.9,-31.2,-31.2,-31.2,-31.2,1.0,0.0,24.0,0.0,0.7,0.9,-0.75,-0.75,-0.75,-0.75,1.0,0.0,24.0,0.0,0.7,0.9,-6.0,-6.0,-6.0,-6.0,1.0,0.0,24.0,0.0,0.7,0.9,23.1,23.1,23.1,23.1,1.0,0.0,24.0,0.0,0.7,0.9,27.6,27.6,27.6,27.6,1.0,0.0,24.0,0.0,0.7,0.9,24.3,24.3,24.3,24.3,1.0,0.0,24.0,0.0,0.7,0.9,28.9,28.9,28.9,28.9,1.0,0.0,24.0,0.0,0.7,0.9,-3.8,-3.8,-3.8,-3.8,1.0,0.0,24.0,0.0,0.7,0.9,-4.6,-4.6,-4.6,-4.6,1.0,0.0,24.0,0.0,0.7,0.9,512.0,512.0,512.0,512.0,1.0,0.0,24.0,0.0,0.7,0.9,510.0,510.0,510.0,510.0,1.0,0.0,24.0,0.0,0.7,0.9
1974,2,29.0,60.0,,,,,,,,,,,,,,,,,,,,,,,,,,,,,,,,,,,,,,,,4.07,6.6,7.95,6.69,14.0,2.78,14.0,0.5,0.3,0.0,-1.87,2.66,4.47,1.58,14.0,3.95,14.0,0.5,0.3,0.0,2.07,4.31,6.8,4.38,14.0,4.13,14.0,0.5,0.3,0.0,989.59,1009.55,1023.71,1009.52,14.0,16.96,14.0,0.5,0.3,0.0,,,,,,,,,,,,,,,,,,,,,,,,,,,,,,,,,,,,,,,,,,,,,,,,,,,,,,,,,,,,,,,,,,,,,,,,,,,,,,,,,,,,,,,,,,,,,,,,,,,,,,,,,,,,,,,,,,,,,,,,,,,,,,,,,,,,,,,,,,,,,,,,,,,,,,
1974,2,29.0,71.0,2.98,3.75,4.79,3.88,4.0,1.25,12.0,0.3,0.2,0.0,-4.29,-3.2,-2.74,-3.5,4.0,1.07,12.0,0.3,0.2,0.0,2.66,2.66,2.66,2.66,1.0,0.0,22.0,0.0,0.3,0.0,85.4,85.4,85.4,85.4,1.0,0.0,22.0,0.0,0.0,2.6,3.85,6.72,4.63,4.0,2.66,12.0,0.3,0.2,0.0,-4.86,-1.98,1.26,-1.81,4.0,3.57,12.0,0.3,0.2,0.0,2.09,2.56,4.51,3.27,4.0,2.05,12.0,0.3,0.2,0.0,994.09,996.35,999.55,996.8,4.0,3.67,12.0,0.3,0.2,0.0,8.0,8.0,8.0,8.0,3.0,0.0,10.0,0.3,0.3,0.0,-33.4,-10.7,3.3,-14.8,4.0,22.5,12.0,0.3,0.2,0.0,5.4,9.8,33.2,18.9,4.0,22.1,12.0,0.3,0.2,0.0,6.19,7.25,8.57,7.38,4.0,1.42,12.0,0.3,0.2,0.0,18.7,25.8,53.2,35.5,4.0,26.2,12.0,0.3,0.2,0.0,2.3,2.3,2.3,2.3,1.0,0.0,22.0,0.0,0.3,0.0,6.0,6.0,6.0,6.0,1.0,0.0,22.0,0.0,0.3,0.0,-3.6,7.1,21.2,8.7,4.0,14.9,12.0,0.3,0.2,0.0,-20.7,-7.8,-5.7,-13.0,4.0,12.4,12.0,0.3,0.2,0.0,5.3,5.3,5.3,5.3,1.0,0.0,22.0,0.0,0.3,0.0,4.4,4.4,4.4,4.4,1.0,0.0,22.0,0.0,0.3,0.0,4.6,4.6,4.6,4.6,1.0,0.0,22.0,0.0,0.3,0.0,3.8,3.8,3.8,3.8,1.0,0.0,22.0,0.0,0.3,0.0,17.5,75.0,352.0,180.0,4.0,253.5,12.0,0.3,0.2,0.0,20.0,75.0,350.0,180.0,4.0,255.0,12.0,0.3,0.2,0.0
1974,2,29.0,72.0,3.18,3.3,3.42,3.3,6.0,0.14,10.0,0.5,0.4,0.6,-6.09,-4.9,-1.93,-4.3,8.0,1.94,8.0,0.5,0.4,0.5,1.65,1.83,2.24,1.98,6.0,0.45,10.0,0.5,0.4,0.6,67.1,76.0,79.3,74.0,6.0,7.4,10.0,0.5,0.6,7.32,12.3,15.18,11.55,8.0,3.9,8.0,0.5,0.4,0.5,-13.26,-12.11,-5.42,-9.92,8.0,4.36,8.0,0.5,0.4,0.5,-1.9,2.14,5.16,2.63,8.0,5.32,8.0,0.5,0.4,0.5,1003.44,1006.5,1009.97,1006.78,8.0,3.32,8.0,0.5,0.4,0.5,5.1,7.0,7.0,6.5,8.0,1.1,8.0,0.5,0.4,0.5,-176.2,-149.0,-43.7,-126.6,8.0,71.3,8.0,0.5,0.4,0.5,-16.3,26.3,75.3,40.4,8.0,74.6,8.0,0.5,0.4,0.5,7.46,8.8,9.32,8.23,6.0,1.67,10.0,0.5,0.4,0.6,72.7,110.9,114.6,97.5,6.0,24.9,10.0,0.5,0.4,0.6,2.6,2.96,3.12,2.84,6.0,0.41,10.0,0.5,0.4,0.6,29.7,36.4,37.1,33.5,6.0,6.2,10.0,0.5,0.4,0.6,14.7,45.0,73.8,44.3,8.0,29.8,8.0,0.5,0.4,0.5,-20.6,-10.5,10.6,-6.9,8.0,14.0,8.0,0.5,0.4,0.5,-30.7,-22.1,-17.5,-23.6,6.0,10.7,10.0,0.5,0.4,0.6,-0.8,3.6,8.7,4.2,6.0,6.5,10.0,0.5,0.4,0.6,-36.9,-35.9,-27.1,-32.0,6.0,8.1,10.0,0.5,0.4,0.6,-1.3,6.5,11.5,5.2,6.0,7.3,10.0,0.5,0.4,0.6,474.0,1861.0,3514.0,1961.5,8.0,1319.0,8.0,0.5,0.4,0.5,475.0,1860.0,3515.0,1960.0,8.0,1320.0,8.0,0.5,0.4,0.5
1974,2,29.0,73.0,3.1,3.1,3.71,3.4,3.0,0.52,10.0,0.0,0.6,0.2,-6.27,-6.2,-4.7,-5.5,3.0,1.3,10.0,0.0,0.6,0.2,1.67,1.7,1.75,1.71,3.0,0.06,10.0,0.0,0.6,0.2,62.5,71.6,73.9,68.3,3.0,8.9,10.0,0.0,0.2,9.5,12.3,13.39,11.47,3.0,2.94,10.0,0.0,0.6,0.2,-13.19,-12.11,-4.82,-9.08,3.0,6.67,10.0,0.0,0.6,0.2,2.22,2.41,6.28,4.21,3.0,3.35,10.0,0.0,0.6,0.2,1006.3,1013.4,1013.6,1010.03,3.0,6.09,10.0,0.0,0.6,0.2,6.3,7.0,7.7,7.0,3.0,1.0,10.0,0.0,0.6,0.2,-177.2,-149.0,-55.3,-117.0,3.0,93.5,10.0,0.0,0.6,0.2,28.6,33.6,55.8,42.0,3.0,21.3,10.0,0.0,0.6,0.2,8.41,9.3,9.37,8.9,3.0,0.78,10.0,0.0,0.6,0.2,81.1,114.4,125.5,103.6,3.0,33.9,10.0,0.0,0.6,0.2,2.97,3.02,3.3,3.13,3.0,0.26,10.0,0.0,0.6,0.2,31.0,37.1,39.8,35.4,3.0,6.6,10.0,0.0,0.6,0.2,27.7,75.1,82.7,55.7,3.0,43.6,10.0,0.0,0.6,0.2,-26.9,-15.2,-13.9,-20.3,3.0,10.5,10.0,0.0,0.6,0.2,-23.1,-20.6,-8.1,-15.7,3.0,11.7,10.0,0.0,0.6,0.2,3.8,4.3,10.5,7.1,3.0,5.4,10.0,0.0,0.6,0.2,-39.2,-36.5,-14.9,-27.3,3.0,19.5,10.0,0.0,0.6,0.2,6.7,7.1,21.2,13.8,3.0,12.1,10.0,0.0,0.6,0.2,967.0,1861.0,2424.0,1699.5,3.0,1076.5,10.0,0.0,0.6,0.2,965.0,1860.0,2425.0,1700.0,3.0,1075.0,10.0,0.0,0.6,0.2
1974,2,30.0,-69.0,0.7,0.7,0.7,0.7,1.0,0.0,12.0,0.0,0.3,0.2,-0.79,-0.35,0.09,-0.35,2.0,0.92,10.0,0.0,0.4,0.6,2.9,3.28,3.67,3.28,2.0,0.79,10.0,0.0,0.4,0.6,77.8,85.3,92.9,85.3,2.0,15.7,10.0,0.0,0.6,10.8,10.8,10.8,10.8,1.0,0.0,12.0,0.0,0.3,0.2,-10.8,-10.8,-10.8,-10.8,1.0,0.0,12.0,0.0,0.3,0.2,0.0,0.0,0.0,0.0,1.0,0.0,12.0,0.0,0.3,0.2,971.83,975.75,979.67,975.75,2.0,8.13,10.0,0.0,0.4,0.6,8.0,8.0,8.0,8.0,2.0,0.0,10.0,0.0,0.4,0.6,-116.6,-116.6,-116.6,-116.6,1.0,0.0,12.0,0.0,0.3,0.2,0.0,0.0,0.0,0.0,1.0,0.0,12.0,0.0,0.3,0.2,0.4,0.4,0.4,0.4,1.0,0.0,12.0,0.0,0.3,0.2,4.3,4.3,4.3,4.3,1.0,0.0,12.0,0.0,0.3,0.2,0.26,0.26,0.26,0.26,1.0,0.0,12.0,0.0,0.3,0.2,2.8,2.8,2.8,2.8,1.0,0.0,12.0,0.0,0.3,0.2,-3.2,-3.2,-3.2,-3.2,1.0,0.0,12.0,0.0,0.3,0.2,0.0,0.0,0.0,0.0,1.0,0.0,12.0,0.0,0.3,0.2,-41.5,-41.5,-41.5,-41.5,1.0,0.0,12.0,0.0,0.3,0.2,0.0,0.0,0.0,0.0,1.0,0.0,12.0,0.0,0.3,0.2,-2.8,-2.8,-2.8,-2.8,1.0,0.0,12.0,0.0,0.3,0.2,0.0,0.0,0.0,0.0,1.0,0.0,12.0,0.0,0.3,0.2,1259.5,1259.5,1259.5,1259.5,1.0,0.0,12.0,0.0,0.3,0.2,1260.0,1260.0,1260.0,1260.0,1.0,0.0,12.0,0.0,0.3,0.2
1974,2,30.0,-67.0,,,,,,,,,,,,,,,,,,,,,,,,,,,,,,,,,,,,,,,,7.7,7.7,7.7,7.7,1.0,0.0,24.0,1.0,0.7,0.3,-5.9,-5.9,-5.9,-5.9,1.0,0.0,24.0,1.0,0.7,0.3,-4.95,-4.95,-4.95,-4.95,1.0,0.0,24.0,1.0,0.7,0.3,980.4,980.4,980.4,980.4,1.0,0.0,24.0,1.0,0.7,0.3,,,,,,,,,,,,,,,,,,,,,,,,,,,,,,,,,,,,,,,,,,,,,,,,,,,,,,,,,,,,,,,,,,,,,,,,,,,,,,,,,,,,,,,,,,,,,,,,,,,,,,,,,,,,,,,,,,,,,,,,,,,,,,,,,,,,,,,,,,,,,,,,,,,,,,
1974,2,30.0,-47.0,,,,,,,,,,,,,,,,,,,,,,,,,,,,,,,,,,,,,,,,12.3,12.3,12.3,12.3,1.0,0.0,10.0,1.0,0.5,0.5,11.4,11.4,11.4,11.4,1.0,0.0,10.0,1.0,0.5,0.5,4.61,4.61,4.61,4.61,1.0,0.0,10.0,1.0,0.5,0.5,1010.0,1010.0,1010.0,1010.0,1.0,0.0,10.0,1.0,0.5,0.5,,,,,,,,,,,,,,,,,,,,,,,,,,,,,,,,,,,,,,,,,,,,,,,,,,,,,,,,,,,,,,,,,,,,,,,,,,,,,,,,,,,,,,,,,,,,,,,,,,,,,,,,,,,,,,,,,,,,,,,,,,,,,,,,,,,,,,,,,,,,,,,,,,,,,,
1974,2,30.0,-45.0,,,,,,,,,,,,,,,,,,,,,,,,,,,,,,,,,,,,,,,,9.3,9.3,9.3,9.3,1.0,0.0,10.0,1.0,0.1,0.3,6.58,6.58,6.58,6.58,1.0,0.0,10.0,1.0,0.1,0.3,6.58,6.58,6.58,6.58,1.0,0.0,10.0,1.0,0.1,0.3,1012.3,1012.3,1012.3,1012.3,1.0,0.0,10.0,1.0,0.1,0.3,,,,,,,,,,,,,,,,,,,,,,,,,,,,,,,,,,,,,,,,,,,,,,,,,,,,,,,,,,,,,,,,,,,,,,,,,,,,,,,,,,,,,,,,,,,,,,,,,,,,,,,,,,,,,,,,,,,,,,,,,,,,,,,,,,,,,,,,,,,,,,,,,,,,,,
1974,2,30.0,-43.0,13.4,13.4,13.4,13.4,1.0,0.0,6.0,0.0,0.3,0.2,13.0,13.0,13.0,13.0,1.0,0.0,6.0,0.0,0.3,0.2,7.12,7.12,7.12,7.12,1.0,0.0,6.0,0.0,0.3,0.2,76.7,76.7,76.7,76.7,1.0,0.0,6.0,0.0,0.2,6.2,6.2,6.2,6.2,1.0,0.0,6.0,0.0,0.3,0.2,-4.75,-4.75,-4.75,-4.75,1.0,0.0,6.0,0.0,0.3,0.2,3.99,3.99,3.99,3.99,1.0,0.0,6.0,0.0,0.3,0.2,1011.9,1011.9,1011.9,1011.9,1.0,0.0,6.0,0.0,0.3,0.2,0.0,0.0,0.0,0.0,1.0,0.0,6.0,0.0,0.3,0.2,-29.4,-29.4,-29.4,-29.4,1.0,0.0,6.0,0.0,0.3,0.2,24.7,24.7,24.7,24.7,1.0,0.0,6.0,0.0,0.3,0.2,0.4,0.4,0.4,0.4,1.0,0.0,6.0,0.0,0.3,0.2,2.5,2.5,2.5,2.5,1.0,0.0,6.0,0.0,0.3,0.2,2.43,2.43,2.43,2.43,1.0,0.0,6.0,0.0,0.3,0.2,15.0,15.0,15.0,15.0,1.0,0.0,6.0,0.0,0.3,0.2,-61.7,-61.7,-61.7,-61.7,1.0,0.0,6.0,0.0,0.3,0.2,51.8,51.8,51.8,51.8,1.0,0.0,6.0,0.0,0.3,0.2,-33.8,-33.8,-33.8,-33.8,1.0,0.0,6.0,0.0,0.3,0.2,28.4,28.4,28.4,28.4,1.0,0.0,6.0,0.0,0.3,0.2,-11.5,-11.5,-11.5,-11.5,1.0,0.0,6.0,0.0,0.3,0.2,9.7,9.7,9.7,9.7,1.0,0.0,6.0,0.0,0.3,0.2,238.5,238.5,238.5,238.5,1.0,0.0,6.0,0.0,0.3,0.2,240.0,240.0,240.0,240.0,1.0,0.0,6.0,0.0,0.3,0.2
1974,2,30.0,-40.0,17.32,18.0,18.68,18.0,2.0,1.41,14.0,0.0,0.6,0.6,14.45,15.0,21.83,18.07,3.0,6.02,16.0,0.0,0.6,0.7,7.52,7.62,10.92,9.18,3.0,2.83,16.0,0.0,0.6,0.7,66.5,73.0,74.6,70.6,3.0,6.3,16.0,0.0,0.7,5.93,7.7,9.47,7.7,3.0,2.6,16.0,0.0,0.6,0.7,-6.09,-4.95,-1.57,-3.86,3.0,3.44,16.0,0.0,0.6,0.7,5.35,5.9,7.26,6.3,3.0,1.44,16.0,0.0,0.6,0.7,1019.31,1024.5,1024.5,1021.97,3.0,4.39,16.0,0.0,0.6,0.7,3.3,4.0,6.0,4.7,3.0,2.1,16.0,0.0,0.6,0.7,-58.6,-38.1,-12.1,-35.4,3.0,34.2,16.0,0.0,0.6,0.7,32.2,45.4,69.9,50.9,3.0,28.0,16.0,0.0,0.6,0.7,2.44,3.4,4.36,3.4,2.0,1.98,14.0,0.0,0.6,0.6,23.2,28.8,34.4,28.8,2.0,11.6,14.0,0.0,0.6,0.6,4.55,5.16,5.76,5.16,2.0,1.25,14.0,0.0,0.6,0.6,44.4,45.3,46.1,45.3,2.0,1.7,14.0,0.0,0.6,0.6,-90.1,-70.3,-22.3,-56.5,3.0,51.1,16.0,0.0,0.6,0.7,94.7,118.4,124.6,109.9,3.0,23.1,16.0,0.0,0.6,0.7,-46.2,-37.0,-11.7,-29.1,3.0,26.1,16.0,0.0,0.6,0.7,49.2,60.1,62.4,55.9,3.0,10.4,16.0,0.0,0.6,0.7,-29.6,-29.1,-28.6,-29.1,2.0,1.1,14.0,0.0,0.6,0.6,34.0,34.7,35.3,34.7,2.0,1.3,14.0,0.0,0.6,0.6,235.5,456.5,891.0,560.5,3.0,488.5,16.0,0.0,0.6,0.7,235.0,455.0,890.0,560.0,3.0,490.0,16.0,0.0,0.6,0.7
1974,2,30.0,-39.0,22.0,22.0,22.0,22.0,1.0,0.0,28.0,1.0,0.0,0.2,20.0,20.0,20.0,20.0,1.0,0.0,28.0,1.0,0.0,0.2,9.2,9.2,9.2,9.2,1.0,0.0,28.0,1.0,0.0,0.2,64.0,64.0,64.0,64.0,1.0,0.0,28.0,1.0,0.2,10.3,10.3,10.3,10.3,1.0,0.0,28.0,1.0,0.0,0.2,-7.89,-7.89,-7.89,-7.89,1.0,0.0,28.0,1.0,0.0,0.2,-6.62,-6.62,-6.62,-6.62,1.0,0.0,28.0,1.0,0.0,0.2,1022.0,1022.0,1022.0,1022.0,1.0,0.0,28.0,1.0,0.0,0.2,8.0,8.0,8.0,8.0,1.0,0.0,28.0,1.0,0.0,0.2,-81.3,-81.3,-81.3,-81.3,1.0,0.0,28.0,1.0,0.0,0.2,-68.2,-68.2,-68.2,-68.2,1.0,0.0,28.0,1.0,0.0,0.2,2.0,2.0,2.0,2.0,1.0,0.0,28.0,1.0,0.0,0.2,20.6,20.6,20.6,20.6,1.0,0.0,28.0,1.0,0.0,0.2,7.12,7.12,7.12,7.12,1.0,0.0,28.0,1.0,0.0,0.2,73.3,73.3,73.3,73.3,1.0,0.0,28.0,1.0,0.0,0.2,-157.8,-157.8,-157.8,-157.8,1.0,0.0,28.0,1.0,0.0,0.2,-132.4,-132.4,-132.4,-132.4,1.0,0.0,28.0,1.0,0.0,0.2,-72.6,-72.6,-72.6,-72.6,1.0,0.0,28.0,1.0,0.0,0.2,-60.9,-60.9,-60.9,-60.9,1.0,0.0,28.0,1.0,0.0,0.2,-56.2,-56.2,-56.2,-56.2,1.0,0.0,28.0,1.0,0.0,0.2,-47.1,-47.1,-47.1,-47.1,1.0,0.0,28.0,1.0,0.0,0.2,1092.5,1092.5,1092.5,1092.5,1.0,0.0,28.0,1.0,0.0,0.2,1095.0,1095.0,1095.0,1095.0,1.0,0.0,28.0,1.0,0.0,0.2
1974,2,30.0,-38.0,20.1,20.1,20.1,20.1,1.0,0.0,24.0,0.0,0.4,0.1,19.7,19.7,19.7,19.7,1.0,0.0,24.0,0.0,0.4,0.1,12.45,12.45,12.45,12.45,1.0,0.0,24.0,0.0,0.4,0.1,87.1,87.1,87.1,87.1,1.0,0.0,24.0,0.0,0.1,10.3,10.3,10.3,10.3,1.0,0.0,24.0,0.0,0.4,0.1,-7.89,-7.89,-7.89,-7.89,1.0,0.0,24.0,0.0,0.4,0.1,-6.62,-6.62,-6.62,-6.62,1.0,0.0,24.0,0.0,0.4,0.1,1011.0,1011.0,1011.0,1011.0,1.0,0.0,24.0,0.0,0.4,0.1,7.0,7.0,7.0,7.0,1.0,0.0,24.0,0.0,0.4,0.1,-81.3,-81.3,-81.3,-81.3,1.0,0.0,24.0,0.0,0.4,0.1,-68.2,-68.2,-68.2,-68.2,1.0,0.0,24.0,0.0,0.4,0.1,0.4,0.4,0.4,0.4,1.0,0.0,24.0,0.0,0.4,0.1,4.1,4.1,4.1,4.1,1.0,0.0,24.0,0.0,0.4,0.1,2.22,2.22,2.22,2.22,1.0,0.0,24.0,0.0,0.4,0.1,22.8,22.8,22.8,22.8,1.0,0.0,24.0,0.0,0.4,0.1,-155.4,-155.4,-155.4,-155.4,1.0,0.0,24.0,0.0,0.4,0.1,-130.4,-130.4,-130.4,-130.4,1.0,0.0,24.0,0.0,0.4,0.1,-98.2,-98.2,-98.2,-98.2,1.0,0.0,24.0,0.0,0.4,0.1,-82.4,-82.4,-82.4,-82.4,1.0,0.0,24.0,0.0,0.4,0.1,-17.5,-17.5,-17.5,-17.5,1.0,0.0,24.0,0.0,0.4,0.1,-14.7,-14.7,-14.7,-14.7,1.0,0.0,24.0,0.0,0.4,0.1,1092.5,1092.5,1092.5,1092.5,1.0,0.0,24.0,0.0,0.4,0.1,1095.0,1095.0,1095.0,1095.0,1.0,0.0,24.0,0.0,0.4,0.1
1974,2,30.0,-36.0,23.16,23.5,23.84,23.5,2.0,0.71,14.0,0.5,0.6,0.9,22.15,22.9,23.65,22.9,2.0,1.56,14.0,0.5,0.6,0.9,10.87,13.02,15.18,13.02,2.0,4.47,14.0,0.5,0.6,0.9,65.2,73.8,82.4,73.8,2.0,17.9,14.0,0.5,0.9,3.76,4.1,4.44,4.1,2.0,0.71,14.0,0.5,0.6,0.9,-1.76,-1.69,-1.61,-1.69,2.0,0.16,14.0,0.5,0.6,0.9,-4.13,-3.72,-3.31,-3.72,2.0,0.85,14.0,0.5,0.6,0.9,1007.5,1011.8,1016.1,1011.8,2.0,8.91,14.0,0.5,0.6,0.9,3.0,5.0,7.0,5.0,2.0,4.2,14.0,0.5,0.6,0.9,-7.1,-6.9,-6.6,-6.9,2.0,0.5,14.0,0.5,0.6,0.9,-18.5,-15.6,-12.6,-15.6,2.0,6.1,14.0,0.5,0.6,0.9,0.19,0.6,1.01,0.6,2.0,0.85,14.0,0.5,0.6,0.9,0.7,2.2,3.6,2.2,2.0,3.1,14.0,0.5,0.6,0.9,3.36,5.06,6.77,5.06,2.0,3.53,14.0,0.5,0.6,0.9,14.3,19.5,24.8,19.5,2.0,10.9,14.0,0.5,0.6,0.9,-39.0,-38.5,-38.0,-38.5,2.0,1.0,14.0,0.5,0.6,0.9,-98.1,-85.9,-73.6,-85.9,2.0,25.3,14.0,0.5,0.6,0.9,-24.2,-21.6,-19.0,-21.6,2.0,5.5,14.0,0.5,0.6,0.9,-63.7,-50.4,-37.0,-50.4,2.0,27.7,14.0,0.5,0.6,0.9,-12.1,-8.8,-5.6,-8.8,2.0,6.8,14.0,0.5,0.6,0.9,-21.6,-17.3,-13.1,-17.3,2.0,8.8,14.0,0.5,0.6,0.9,54.5,72.0,89.5,72.0,2.0,36.0,14.0,0.5,0.6,0.9,55.0,70.0,90.0,70.0,2.0,35.0,14.0,0.5,0.6,0.9
1974,2,30.0,-35.0,22.0,22.35,24.43,23.18,4.0,1.91,20.0,0.8,0.7,0.7,21.13,22.5,24.02,22.76,5.0,2.21,18.0,0.8,0.7,0.7,9.84,11.66,14.11,12.09,5.0,2.75,18.0,0.8,0.7,0.7,61.7,75.2,75.8,69.7,5.0,8.6,18.0,0.8,0.7,2.52,4.1,9.3,5.46,5.0,3.63,18.0,0.8,0.7,0.7,-5.39,-3.18,-2.12,-3.75,5.0,2.67,18.0,0.8,0.7,0.7,-2.59,-1.3,3.86,0.49,5.0,5.04,18.0,0.8,0.7,0.7,1014.66,1015.9,1019.59,1016.9,5.0,3.5,18.0,0.8,0.7,0.7,2.0,6.0,7.0,4.8,5.0,2.6,18.0,0.8,0.7,0.7,-46.1,-15.8,-6.1,-26.1,5.0,29.2,18.0,0.8,0.7,0.7,-19.4,-1.9,31.8,6.7,5.0,45.5,18.0,0.8,0.7,0.7,-0.5,-0.2,0.47,-0.02,4.0,0.62,20.0,0.8,0.7,0.7,-1.2,0.1,2.2,0.5,4.0,2.1,20.0,0.8,0.7,0.7,4.44,5.46,6.58,5.51,4.0,1.24,20.0,0.8,0.7,0.7,13.5,23.6,33.7,23.6,4.0,13.9,20.0,0.8,0.7,0.7,-118.3,-66.8,-48.9,-83.2,5.0,59.9,18.0,0.8,0.7,0.7,-60.2,-29.7,82.2,7.6,5.0,108.5,18.0,0.8,0.7,0.7,-62.0,-37.1,-22.2,-43.7,5.0,34.7,18.0,0.8,0.7,0.7,-35.3,-14.0,43.7,3.4,5.0,60.4,18.0,0.8,0.7,0.7,-30.1,-22.1,-11.1,-20.7,4.0,13.2,20.0,0.8,0.7,0.7,-14.9,-7.4,1.0,-7.0,4.0,11.3,20.0,0.8,0.7,0.7,20.0,69.0,804.5,342.0,5.0,422.5,18.0,0.8,0.7,0.7,20.0,70.0,805.0,340.0,5.0,425.0,18.0,0.8,0.7,0.7
1974,2,30.0,-34.0,22.96,24.0,25.29,23.93,11.0,1.39,16.0,0.5,0.4,0.7,20.69,22.8,25.05,22.78,12.0,2.34,14.0,0.4,0.5,0.7,11.97,13.71,15.92,14.02,11.0,2.14,14.0,0.5,0.4,0.7,76.3,78.4,85.7,80.4,11.0,5.2,14.0,0.5,0.7,6.95,9.8,11.18,9.65,12.0,3.68,14.0,0.4,0.5,0.7,-9.33,-6.78,3.94,-3.07,12.0,7.76,14.0,0.4,0.5,0.7,-5.48,0.0,7.18,1.3,12.0,6.54,14.0,0.4,0.5,0.7,1009.9,1013.65,1018.15,1013.82,12.0,4.19,14.0,0.4,0.5,0.7,2.0,4.0,8.0,4.4,12.0,3.0,14.0,0.4,0.5,0.7,-91.5,-69.7,35.9,-20.8,12.0,103.5,14.0,0.4,0.5,0.7,-55.0,0.0,76.6,16.3,12.0,83.2,14.0,0.4,0.5,0.7,-0.53,0.8,1.93,0.76,11.0,1.41,16.0,0.5,0.4,0.7,-2.2,7.4,19.9,7.9,11.0,13.2,16.0,0.5,0.4,0.7,3.45,4.11,5.52,4.24,10.0,1.33,14.0,0.5,0.4,0.7,20.9,35.6,67.4,42.7,10.0,26.6,14.0,0.5,0.4,0.7,-208.2,-159.8,79.3,-73.9,12.0,175.6,14.0,0.4,0.5,0.7,-129.2,0.0,153.3,22.7,12.0,152.2,14.0,0.4,0.5,0.7,-130.6,-78.3,61.9,-39.9,11.0,109.5,14.0,0.5,0.4,0.7,-86.2,0.0,94.8,16.7,11.0,96.4,14.0,0.5,0.4,0.7,-45.9,-20.2,5.2,-14.9,10.0,37.4,14.0,0.5,0.4,0.7,-15.3,0.0,38.9,8.5,10.0,31.8,14.0,0.5,0.4,0.7,339.0,948.5,1412.5,1274.5,12.0,1521.5,14.0,0.4,0.5,0.7,340.0,950.0,1415.0,1275.0,12.0,1520.0,14.0,0.4,0.5,0.7
1974,2,30.0,-33.0,24.0,25.0,26.88,25.33,34.0,1.23,14.0,0.4,0.4,0.6,22.61,24.3,26.04,24.3,36.0,1.57,14.0,0.4,0.4,0.6,12.33,15.93,18.1,15.37,36.0,2.75,14.0,0.4,0.4,0.6,70.5,80.2,91.4,80.5,36.0,9.3,14.0,0.4,0.6,4.72,8.45,12.06,8.15,34.0,3.46,14.0,0.4,0.5,0.6,-7.23,-2.87,3.64,-2.19,34.0,5.45,14.0,0.4,0.5,0.6,-5.41,0.0,9.22,0.54,34.0,6.75,14.0,0.4,0.5,0.6,1007.82,1012.25,1017.89,1012.25,36.0,5.09,14.0,0.4,0.4,0.6,2.2,6.0,8.0,5.7,34.0,2.5,14.0,0.4,0.4,0.6,-78.8,-19.2,17.1,-17.0,34.0,61.2,14.0,0.4,0.5,0.6,-33.4,0.0,91.4,9.9,34.0,74.3,14.0,0.4,0.5,0.6,-0.35,0.65,2.93,1.02,34.0,1.72,14.0,0.4,0.4,0.6,-1.8,4.9,23.8,8.5,32.0,13.9,14.0,0.3,0.5,0.6,2.36,4.17,8.3,4.86,34.0,2.86,14.0,0.4,0.4,0.6,12.1,31.5,70.9,39.3,32.0,28.4,14.0,0.3,0.5,0.6,-189.6,-73.8,86.2,-51.7,34.0,132.1,14.0,0.4,0.5,0.6,-137.6,0.0,206.5,8.1,34.0,167.9,14.0,0.4,0.5,0.6,-121.3,-44.9,47.8,-35.0,34.0,85.7,14.0,0.4,0.5,0.6,-87.3,0.0,110.7,-3.9,34.0,107.2,14.0,0.4,0.5,0.6,-38.7,-10.7,7.2,-13.1,32.0,29.4,14.0,0.3,0.5,0.6,-12.9,-0.8,50.4,10.9,32.0,35.2,14.0,0.3,0.5,0.6,105.5,605.0,1762.0,826.5,34.0,850.0,14.0,0.4,0.5,0.6,105.0,605.0,1760.0,825.0,34.0,850.0,14.0,0.4,0.5,0.6
1974,2,30.0,-32.0,24.05,26.3,27.8,25.93,48.0,1.81,12.0,0.6,0.3,0.6,23.0,25.1,27.0,25.1,52.0,2.17,14.0,0.6,0.3,0.6,13.98,16.27,18.14,16.2,49.0,2.17,14.0,0.6,0.2,0.6,72.1,80.8,92.4,81.2,49.0,9.4,14.0,0.6,0.6,3.1,6.7,10.68,7.02,49.0,3.8,14.0,0.6,0.3,0.6,-6.61,-2.55,4.15,-1.29,49.0,5.29,14.0,0.6,0.3,0.6,-5.53,0.71,6.84,0.95,49.0,5.85,14.0,0.6,0.3,0.6,1009.03,1014.4,1018.47,1013.97,52.0,4.48,14.0,0.6,0.3,0.6,2.0,7.0,8.0,5.7,50.0,2.8,14.0,0.6,0.3,0.6,-60.8,-6.7,27.4,-12.2,49.0,57.7,14.0,0.6,0.3,0.6,-35.4,2.1,62.0,7.2,49.0,66.9,14.0,0.6,0.3,0.6,-1.27,0.95,3.3,0.89,48.0,2.31,12.0,0.6,0.3,0.6,-6.7,5.1,17.4,7.7,45.0,18.4,12.0,0.6,0.3,0.6,2.69,4.77,7.73,4.93,46.0,2.98,14.0,0.6,0.2,0.6,7.9,29.8,65.9,35.5,43.0,31.5,14.0,0.6,0.2,0.6,-170.9,-63.8,103.2,-36.0,49.0,134.9,14.0,0.6,0.3,0.6,-133.1,17.1,172.9,18.0,49.0,148.9,14.0,0.6,0.3,0.6,-99.4,-38.8,63.5,-24.5,46.0,87.0,14.0,0.6,0.2,0.6,-90.4,8.2,98.0,5.5,46.0,95.8,14.0,0.6,0.2,0.6,-30.2,-2.4,21.0,-2.6,43.0,26.5,14.0,0.6,0.2,0.6,-19.3,3.1,48.7,13.8,43.0,37.2,14.0,0.6,0.2,0.6,30.0,301.0,1226.5,669.0,49.0,937.0,14.0,0.6,0.3,0.6,30.0,300.0,1225.0,670.0,49.0,935.0,14.0,0.6,0.3,0.6
1974,2,30.0,-31.0,24.98,26.5,27.57,26.29,41.0,1.71,14.0,0.6,0.7,0.4,22.73,25.1,26.8,24.88,43.0,1.89,14.0,0.6,0.7,0.4,13.3,16.08,18.53,15.99,39.0,2.35,16.0,0.6,0.7,0.4,70.8,82.1,91.2,81.8,39.0,9.9,16.0,0.6,0.4,2.6,5.1,11.11,6.63,40.0,3.86,14.0,0.6,0.7,0.4,-5.03,-1.33,4.97,-0.67,40.0,4.83,14.0,0.6,0.7,0.4,-4.33,0.09,8.72,0.63,40.0,5.98,14.0,0.6,0.7,0.4,1010.0,1015.0,1018.0,1014.51,43.0,4.37,14.0,0.6,0.7,0.4,3.0,7.0,8.0,5.6,43.0,2.6,14.0,0.6,0.7,0.4,-49.9,-2.8,25.4,-3.5,40.0,51.1,14.0,0.6,0.7,0.4,-22.2,0.1,79.6,6.6,40.0,65.2,14.0,0.6,0.7,0.4,-0.4,1.0,3.59,1.38,41.0,2.02,14.0,0.6,0.7,0.4,-2.8,3.9,24.5,10.5,38.0,18.5,14.0,0.6,0.7,0.4,2.72,5.22,7.72,5.3,39.0,2.74,16.0,0.6,0.7,0.4,9.7,25.2,58.1,34.4,36.0,30.0,16.0,0.6,0.7,0.4,-135.2,-32.9,113.3,-18.8,40.0,123.8,14.0,0.6,0.7,0.4,-112.3,1.8,191.2,10.1,40.0,151.1,14.0,0.6,0.7,0.4,-92.1,-21.8,56.5,-20.8,36.0,75.6,16.0,0.6,0.7,0.4,-107.7,0.0,89.7,-6.6,36.0,94.5,16.0,0.6,0.7,0.4,-26.9,-2.2,18.0,-4.1,36.0,25.2,16.0,0.6,0.7,0.4,-20.3,0.0,38.3,8.6,36.0,37.3,16.0,0.6,0.7,0.4,17.5,132.5,1376.5,602.0,40.0,791.0,14.0,0.6,0.7,0.4,20.0,135.0,1375.0,600.0,40.0,790.0,14.0,0.6,0.7,0.4
1974,2,30.0,32.0,17.21,17.45,17.69,17.45,2.0,0.49,16.0,1.0,0.6,0.7,16.1,16.3,16.5,16.3,2.0,0.42,16.0,1.0,0.6,0.7,9.27,9.29,9.31,9.29,2.0,0.05,16.0,1.0,0.6,0.7,79.9,81.1,82.3,81.1,2.0,2.6,16.0,1.0,0.7,4.77,6.2,9.0,6.87,3.0,3.15,12.0,0.7,0.5,0.6,-2.55,3.52,3.54,0.57,3.0,5.14,12.0,0.7,0.5,0.6,-7.26,-2.05,1.47,-2.88,3.0,6.43,12.0,0.7,0.5,0.6,1015.6,1015.8,1016.0,1015.8,2.0,0.42,16.0,1.0,0.6,0.7,4.0,6.0,6.7,5.3,3.0,2.1,12.0,0.7,0.5,0.6,-18.1,14.6,29.4,5.9,3.0,35.6,12.0,0.7,0.5,0.6,-70.7,-8.4,10.5,-29.6,3.0,62.2,12.0,0.7,0.5,0.6,0.71,1.15,1.59,1.15,2.0,0.92,16.0,1.0,0.6,0.7,4.7,10.3,15.9,10.3,2.0,11.7,16.0,1.0,0.6,0.7,2.89,3.06,3.23,3.06,2.0,0.35,16.0,1.0,0.6,0.7,15.1,22.8,30.5,22.8,2.0,15.9,16.0,1.0,0.6,0.7,56.8,57.7,58.5,57.7,2.0,1.8,16.0,1.0,0.6,0.7,-135.7,-94.4,-53.2,-94.4,2.0,85.4,16.0,1.0,0.6,0.7,32.8,32.9,32.9,32.9,2.0,0.0,16.0,1.0,0.6,0.7,-78.9,-54.6,-30.3,-54.6,2.0,50.4,16.0,1.0,0.6,0.7,10.3,10.8,11.4,10.8,2.0,1.2,16.0,1.0,0.6,0.7,-27.8,-18.9,-9.9,-18.9,2.0,18.6,16.0,1.0,0.6,0.7,122.5,238.5,821.5,466.5,3.0,549.0,12.0,0.7,0.5,0.6,125.0,240.0,820.0,465.0,3.0,550.0,12.0,0.7,0.5,0.6
1974,2,30.0,33.0,16.49,16.9,17.58,17.03,4.0,0.79,24.0,0.5,0.3,0.6,15.7,15.9,16.21,15.95,4.0,0.34,24.0,0.5,0.3,0.6,7.68,8.17,9.58,8.62,3.0,1.45,24.0,0.7,0.3,0.8,67.3,73.2,85.6,76.4,3.0,13.7,24.0,0.7,0.8,3.23,4.6,9.17,6.17,3.0,4.56,24.0,0.7,0.2,0.6,1.73,3.52,7.8,4.73,3.0,4.57,24.0,0.7,0.2,0.6,-2.79,-2.44,3.08,0.08,3.0,4.83,24.0,0.7,0.2,0.6,1007.54,1010.9,1017.77,1012.58,4.0,6.51,24.0,0.5,0.3,0.6,1.0,1.5,4.6,2.8,4.0,2.9,24.0,0.5,0.3,0.6,6.7,16.2,80.6,43.0,3.0,58.9,24.0,0.7,0.2,0.6,-11.3,-6.4,41.6,14.6,3.0,42.8,24.0,0.7,0.2,0.6,0.5,0.9,1.67,1.08,4.0,0.76,24.0,0.5,0.3,0.6,3.0,5.5,6.4,4.7,3.0,2.6,24.0,0.7,0.2,0.6,2.68,4.42,4.56,3.64,3.0,1.54,24.0,0.7,0.3,0.8,13.3,16.2,19.0,16.2,2.0,5.9,22.0,1.0,0.3,0.8,28.1,57.8,122.6,74.9,3.0,70.8,24.0,0.7,0.2,0.6,-45.5,-39.1,47.8,0.2,3.0,76.3,24.0,0.7,0.2,0.6,10.3,16.8,23.2,16.8,2.0,13.4,22.0,1.0,0.3,0.8,-21.7,-21.0,-20.3,-21.0,2.0,1.4,22.0,1.0,0.3,0.8,5.9,9.8,13.8,9.8,2.0,8.1,22.0,1.0,0.3,0.8,-12.8,-12.2,-11.6,-12.2,2.0,1.3,22.0,1.0,0.3,0.8,43.0,97.5,1016.0,519.5,3.0,801.0,24.0,0.7,0.2,0.6,45.0,95.0,1015.0,520.0,3.0,800.0,24.0,0.7,0.2,0.6
1974,2,30.0,34.0,15.0,16.0,17.15,16.27,18.0,1.22,14.0,0.6,0.5,0.4,13.41,15.05,16.0,14.9,20.0,1.58,14.0,0.6,0.5,0.4,5.23,7.67,8.38,7.22,15.0,1.59,14.0,0.5,0.5,0.4,52.9,71.2,80.0,68.7,15.0,12.0,14.0,0.5,0.4,1.69,5.1,7.95,4.92,21.0,2.92,16.0,0.6,0.5,0.4,-1.96,0.98,3.69,1.03,21.0,3.86,16.0,0.6,0.5,0.4,-4.42,0.0,5.43,-0.31,21.0,4.22,16.0,0.6,0.5,0.4,1012.7,1015.35,1025.07,1017.17,22.0,6.04,16.0,0.6,0.5,0.4,1.0,4.0,7.8,4.2,21.0,2.9,16.0,0.6,0.4,0.4,-10.6,2.9,16.6,5.9,21.0,33.4,16.0,0.6,0.5,0.4,-33.9,0.0,30.8,-2.7,21.0,29.9,16.0,0.6,0.5,0.4,-0.46,1.6,3.0,1.35,17.0,1.93,14.0,0.6,0.5,0.4,-2.0,2.1,11.1,4.7,17.0,11.1,14.0,0.6,0.5,0.4,2.65,4.28,6.75,4.42,12.0,2.23,12.0,0.5,0.5,0.4,4.7,15.8,22.1,14.7,12.0,9.1,12.0,0.5,0.5,0.4,-9.4,21.7,61.5,25.0,19.0,51.2,14.0,0.6,0.5,0.4,-62.1,0.0,76.7,-0.7,19.0,66.7,14.0,0.6,0.5,0.4,0.0,12.8,30.8,14.7,14.0,22.6,14.0,0.5,0.5,0.4,-29.0,-5.8,38.1,-0.9,14.0,29.9,14.0,0.5,0.5,0.4,0.0,4.5,14.5,6.6,12.0,8.1,12.0,0.5,0.5,0.4,-8.5,0.5,11.6,1.3,12.0,14.2,12.0,0.5,0.5,0.4,6.0,132.5,502.5,242.0,21.0,308.0,16.0,0.6,0.5,0.4,5.0,135.0,500.0,240.0,21.0,310.0,16.0,0.6,0.5,0.4
1974,2,30.0,35.0,16.0,16.5,17.18,16.53,8.0,1.43,12.0,0.6,0.4,0.4,11.35,14.55,15.18,13.89,8.0,2.23,12.0,0.6,0.4,0.4,6.87,8.28,8.93,7.91,3.0,1.54,10.0,0.3,0.4,0.5,82.3,82.7,87.0,84.6,3.0,3.8,10.0,0.3,0.5,2.0,3.1,14.04,5.9,7.0,5.98,12.0,0.7,0.3,0.5,-0.54,1.55,5.02,2.02,7.0,4.33,12.0,0.7,0.3,0.5,-0.13,1.55,11.5,3.64,7.0,6.11,12.0,0.7,0.3,0.5,1011.73,1017.0,1022.09,1015.59,8.0,8.37,12.0,0.6,0.4,0.4,0.0,1.0,7.0,3.0,7.0,3.6,10.0,0.6,0.4,0.5,-1.5,4.8,70.7,29.3,7.0,56.6,12.0,0.7,0.3,0.5,-0.4,4.3,170.7,50.7,7.0,86.6,12.0,0.7,0.3,0.5,1.11,2.75,4.18,2.64,8.0,1.83,12.0,0.6,0.4,0.4,-0.1,11.5,16.7,12.3,7.0,13.9,12.0,0.7,0.3,0.5,3.63,3.73,4.15,3.89,3.0,0.41,10.0,0.3,0.4,0.5,8.8,27.8,46.7,27.8,2.0,39.3,6.0,0.5,0.2,0.6,-8.5,17.1,74.9,28.9,7.0,62.5,12.0,0.7,0.3,0.5,-1.4,23.6,164.9,55.6,7.0,88.1,12.0,0.7,0.3,0.5,12.6,39.6,66.7,39.6,2.0,56.1,6.0,0.5,0.2,0.6,15.0,47.2,79.5,47.2,2.0,66.8,6.0,0.5,0.2,0.6,5.7,17.9,30.0,17.9,2.0,25.2,6.0,0.5,0.2,0.6,6.8,21.3,35.8,21.3,2.0,30.1,6.0,0.5,0.2,0.6,9.0,30.0,2771.0,884.0,7.0,1472.5,12.0,0.7,0.3,0.5,10.0,30.0,2770.0,885.0,7.0,1470.0,12.0,0.7,0.3,0.5
1974,2,30.0,36.0,,,,,,,,,,,,,,,,,,,,,,,,,,,,,,,,,,,,,,,,0.63,4.1,7.37,4.02,5.0,3.54,14.0,0.4,0.1,0.1,-6.29,-3.14,-0.63,-3.37,5.0,2.95,14.0,0.4,0.1,0.1,-1.88,0.0,2.48,-0.02,5.0,3.13,14.0,0.4,0.1,0.1,1010.69,1014.3,1019.3,1014.84,5.0,6.53,14.0,0.4,0.1,0.1,,,,,,,,,,,,,,,,,,,,,,,,,,,,,,,,,,,,,,,,,,,,,,,,,,,,,,,,,,,,,,,,,,,,,,,,,,,,,,,,,,,,,,,,,,,,,,,,,,,,,,,,,,,,,,,,,,,,,,,,,,,,,,,,,,,,,,,,,,,,,,,,,,,,,,
1974,2,30.0,41.0,6.27,8.0,10.93,8.6,16.0,2.9,12.0,0.4,0.3,0.7,4.36,6.7,8.2,6.34,17.0,2.69,12.0,0.4,0.3,0.7,5.68,5.68,5.68,5.68,1.0,0.0,2.0,0.0,0.5,0.9,95.9,95.9,95.9,95.9,1.0,0.0,2.0,0.0,0.9,2.0,3.55,9.0,5.28,16.0,3.9,12.0,0.4,0.4,0.7,-6.56,-1.65,0.0,-3.0,16.0,4.22,12.0,0.4,0.4,0.7,-2.4,0.77,3.81,0.35,16.0,4.17,12.0,0.4,0.4,0.7,1014.88,1022.6,1027.25,1021.02,16.0,7.33,12.0,0.4,0.4,0.7,0.9,5.0,8.0,4.1,13.0,3.1,10.0,0.5,0.3,0.7,-52.5,-5.9,0.0,-27.8,16.0,53.8,12.0,0.4,0.4,0.7,-18.3,1.3,18.3,-3.8,16.0,35.3,12.0,0.4,0.4,0.7,-0.26,1.1,6.05,2.13,16.0,3.45,12.0,0.4,0.3,0.7,-0.6,3.6,46.8,16.8,15.0,24.1,12.0,0.5,0.3,0.7,0.28,0.28,0.28,0.28,1.0,0.0,2.0,0.0,0.5,0.9,0.9,0.9,0.9,0.9,1.0,0.0,2.0,0.0,0.5,0.9,-49.5,-10.1,0.0,-25.2,16.0,37.9,12.0,0.4,0.4,0.7,-18.0,1.8,16.3,-1.5,16.0,27.5,12.0,0.4,0.4,0.7,-17.3,-17.3,-17.3,-17.3,1.0,0.0,2.0,0.0,0.5,0.9,3.1,3.1,3.1,3.1,1.0,0.0,2.0,0.0,0.5,0.9,-0.9,-0.9,-0.9,-0.9,1.0,0.0,2.0,0.0,0.5,0.9,0.2,0.2,0.2,0.2,1.0,0.0,2.0,0.0,0.5,0.9,8.0,47.0,729.0,420.0,16.0,725.5,12.0,0.4,0.4,0.7,10.0,45.0,730.0,420.0,16.0,725.0,12.0,0.4,0.4,0.7
1974,2,30.0,42.0,6.83,6.9,7.65,7.23,3.0,0.67,4.0,0.7,0.5,0.4,4.35,5.1,8.1,6.2,3.0,2.91,4.0,0.7,0.5,0.4,4.32,4.79,5.27,4.79,2.0,0.98,4.0,1.0,0.4,0.6,74.0,75.0,76.0,75.0,2.0,2.1,4.0,1.0,0.6,2.21,6.95,11.69,6.95,2.0,9.83,4.0,0.5,0.4,0.5,0.38,1.21,2.03,1.21,2.0,1.71,4.0,0.5,0.4,0.5,2.17,6.84,11.52,6.84,2.0,9.68,4.0,0.5,0.4,0.5,1005.97,1025.9,1026.79,1016.6,3.0,17.25,4.0,0.7,0.5,0.4,1.9,6.0,7.4,4.7,3.0,4.2,4.0,0.7,0.5,0.4,5.3,16.8,28.2,16.8,2.0,23.7,4.0,0.5,0.4,0.5,30.2,95.1,160.1,95.1,2.0,134.5,4.0,0.5,0.4,0.5,-1.24,1.7,3.27,1.03,3.0,3.35,4.0,0.7,0.5,0.4,-30.4,-18.1,-5.7,-18.1,2.0,25.6,4.0,0.5,0.4,0.5,0.96,1.36,1.75,1.36,2.0,0.82,4.0,1.0,0.4,0.6,10.7,10.7,10.7,10.7,1.0,0.0,8.0,1.0,0.4,0.9,3.6,11.5,19.3,11.5,2.0,16.2,4.0,0.5,0.4,0.5,20.6,65.0,109.4,65.0,2.0,92.0,4.0,0.5,0.4,0.5,13.2,13.2,13.2,13.2,1.0,0.0,8.0,1.0,0.4,0.9,75.1,75.1,75.1,75.1,1.0,0.0,8.0,1.0,0.4,0.9,1.9,1.9,1.9,1.9,1.0,0.0,8.0,1.0,0.4,0.9,10.6,10.6,10.6,10.6,1.0,0.0,8.0,1.0,0.4,0.9,426.0,1343.0,2259.5,1343.0,2.0,1899.0,4.0,0.5,0.4,0.5,425.0,1345.0,2260.0,1345.0,2.0,1900.0,4.0,0.5,0.4,0.5
1974,2,30.0,43.0,6.02,7.4,8.2,7.43,8.0,1.38,14.0,0.5,0.1,0.5,3.41,3.85,6.07,4.48,8.0,1.45,14.0,0.5,0.1,0.5,3.48,3.48,3.48,3.48,1.0,0.0,24.0,1.0,0.0,0.8,72.4,72.4,72.4,72.4,1.0,0.0,24.0,1.0,0.8,5.2,9.0,13.89,9.14,8.0,4.66,14.0,0.5,0.1,0.5,-5.07,-2.92,1.9,-2.67,8.0,6.3,14.0,0.5,0.1,0.5,-11.15,0.94,7.44,-0.61,8.0,8.3,14.0,0.5,0.1,0.5,1018.21,1021.25,1026.13,1021.7,8.0,4.1,14.0,0.5,0.1,0.5,8.0,8.0,8.0,7.9,7.0,0.4,14.0,0.6,0.1,0.5,-66.0,-18.6,11.1,-38.2,8.0,84.8,14.0,0.5,0.1,0.5,-145.5,1.9,59.8,-25.6,8.0,97.4,14.0,0.5,0.1,0.5,1.44,2.85,4.37,2.95,8.0,1.35,14.0,0.5,0.1,0.5,10.8,22.5,38.7,25.1,8.0,15.5,14.0,0.5,0.1,0.5,2.33,2.33,2.33,2.33,1.0,0.0,24.0,1.0,0.0,0.8,11.9,11.9,11.9,11.9,1.0,0.0,24.0,1.0,0.0,0.8,-17.7,-11.0,7.1,-14.6,8.0,39.5,14.0,0.5,0.1,0.5,-34.6,3.8,36.4,2.0,8.0,33.8,14.0,0.5,0.1,0.5,-17.8,-17.8,-17.8,-17.8,1.0,0.0,24.0,1.0,0.0,0.8,0.0,0.0,0.0,0.0,1.0,0.0,24.0,1.0,0.0,0.8,-11.9,-11.9,-11.9,-11.9,1.0,0.0,24.0,1.0,0.0,0.8,0.0,0.0,0.0,0.0,1.0,0.0,24.0,1.0,0.0,0.8,142.0,756.0,2683.5,1273.0,8.0,1315.0,14.0,0.5,0.1,0.5,140.0,755.0,2685.0,1275.0,8.0,1315.0,14.0,0.5,0.1,0.5
1974,2,30.0,44.0,4.4,6.0,8.0,6.6,21.0,2.48,14.0,0.5,0.3,0.5,2.79,5.15,8.03,5.55,26.0,2.75,14.0,0.5,0.3,0.4,3.73,4.33,4.35,4.05,3.0,0.51,18.0,0.3,0.1,0.6,81.7,85.6,88.5,85.1,3.0,5.0,18.0,0.3,0.6,3.0,8.2,12.19,7.93,25.0,4.01,14.0,0.6,0.3,0.4,-7.21,0.5,4.81,-0.7,25.0,5.18,14.0,0.6,0.3,0.4,-10.03,0.87,7.81,-0.83,25.0,7.31,14.0,0.6,0.3,0.4,1013.47,1020.5,1023.86,1019.09,26.0,5.78,14.0,0.5,0.3,0.4,0.0,8.0,8.0,5.3,22.0,3.6,14.0,0.6,0.3,0.4,-76.1,0.5,27.1,-13.4,25.0,54.6,14.0,0.6,0.3,0.4,-116.7,1.6,66.4,-16.2,25.0,83.6,14.0,0.6,0.3,0.4,-1.65,1.8,3.9,1.54,21.0,3.46,14.0,0.5,0.3,0.5,-16.1,12.7,48.8,12.9,20.0,32.3,14.0,0.6,0.3,0.5,1.0,1.02,1.85,1.42,3.0,0.71,18.0,0.3,0.1,0.6,4.3,6.7,8.8,6.5,3.0,3.3,18.0,0.3,0.1,0.6,-46.4,1.5,22.3,-6.0,25.0,33.8,14.0,0.6,0.3,0.4,-32.2,2.2,49.8,6.2,25.0,44.7,14.0,0.6,0.3,0.4,-7.8,-7.4,4.7,-1.7,3.0,10.4,18.0,0.3,0.1,0.6,-30.8,-6.7,3.8,-13.4,3.0,26.0,18.0,0.3,0.1,0.6,-4.0,-1.7,1.1,-1.5,3.0,3.8,18.0,0.3,0.1,0.6,-7.9,-4.3,0.0,-4.0,3.0,5.8,18.0,0.3,0.1,0.6,27.0,551.5,1817.5,860.0,25.0,888.0,14.0,0.6,0.3,0.4,25.0,550.0,1820.0,860.0,25.0,890.0,14.0,0.6,0.3,0.4
1974,2,30.0,45.0,2.0,4.2,7.09,4.74,13.0,2.23,14.0,0.5,0.5,0.4,2.63,4.2,5.55,4.02,13.0,1.69,14.0,0.5,0.5,0.4,3.28,4.11,4.41,3.86,4.0,0.77,16.0,0.0,0.5,0.4,74.2,83.5,87.4,80.9,4.0,8.6,16.0,0.0,0.4,3.07,6.2,8.94,6.68,14.0,3.74,14.0,0.5,0.5,0.5,-3.86,1.49,3.96,0.21,14.0,5.22,14.0,0.5,0.5,0.5,-5.9,0.36,7.34,0.65,14.0,5.85,14.0,0.5,0.5,0.5,1016.36,1020.4,1023.8,1020.25,14.0,3.69,14.0,0.5,0.5,0.5,0.0,2.0,6.5,3.3,12.0,3.0,16.0,0.5,0.5,0.4,-23.5,6.0,21.9,-1.7,14.0,58.5,14.0,0.5,0.5,0.5,-35.5,1.5,58.2,12.4,14.0,57.8,14.0,0.5,0.5,0.5,-2.11,1.2,3.35,1.03,12.0,2.82,14.0,0.5,0.5,0.4,-9.5,7.2,23.9,4.3,12.0,24.3,14.0,0.5,0.5,0.4,0.79,1.11,1.79,1.28,4.0,0.71,16.0,0.0,0.5,0.4,6.3,9.6,12.8,9.6,4.0,4.0,16.0,0.0,0.5,0.4,-20.1,5.7,19.4,2.2,13.0,21.4,14.0,0.5,0.5,0.4,-12.6,3.6,30.9,8.4,13.0,27.6,14.0,0.5,0.5,0.4,-8.8,9.0,12.1,2.0,4.0,16.3,16.0,0.0,0.5,0.4,-21.6,8.4,33.2,5.9,4.0,31.7,16.0,0.0,0.5,0.4,-3.0,2.2,3.8,0.5,4.0,5.4,16.0,0.0,0.5,0.4,-11.1,-2.0,6.1,-2.5,4.0,10.0,16.0,0.0,0.5,0.4,29.5,238.5,715.5,576.5,14.0,836.5,14.0,0.5,0.5,0.5,30.0,240.0,715.0,575.0,14.0,835.0,14.0,0.5,0.5,0.5
1974,2,30.0,46.0,,,,,,,,,,,,,,,,,,,,,,,,,,,,,,,,,,,,,,,,2.1,2.1,2.1,2.1,1.0,0.0,12.0,1.0,0.6,0.1,-2.1,-2.1,-2.1,-2.1,1.0,0.0,12.0,1.0,0.6,0.1,0.0,0.0,0.0,0.0,1.0,0.0,12.0,1.0,0.6,0.1,1021.2,1021.2,1021.2,1021.2,1.0,0.0,12.0,1.0,0.6,0.1,,,,,,,,,,,,,,,,,,,,,,,,,,,,,,,,,,,,,,,,,,,,,,,,,,,,,,,,,,,,,,,,,,,,,,,,,,,,,,,,,,,,,,,,,,,,,,,,,,,,,,,,,,,,,,,,,,,,,,,,,,,,,,,,,,,,,,,,,,,,,,,,,,,,,,
1974,2,30.0,71.0,3.5,3.5,3.5,3.5,1.0,0.0,16.0,0.0,0.0,0.3,-4.52,-3.5,-2.48,-3.5,2.0,2.12,10.0,0.5,0.3,0.2,2.07,2.07,2.07,2.07,1.0,0.0,16.0,0.0,0.0,0.3,79.5,79.5,79.5,79.5,1.0,0.0,16.0,0.0,0.3,6.65,11.05,15.45,11.05,2.0,9.12,10.0,0.5,0.3,0.2,-9.83,-6.77,-3.72,-6.77,2.0,6.33,10.0,0.5,0.3,0.2,-1.22,4.71,10.65,4.71,2.0,12.3,10.0,0.5,0.3,0.2,1011.13,1012.9,1014.67,1012.9,2.0,3.68,10.0,0.5,0.3,0.2,7.0,7.0,7.0,7.0,1.0,0.0,6.0,1.0,0.5,0.2,-167.3,-103.7,-40.1,-103.7,2.0,131.7,10.0,0.5,0.3,0.2,21.8,108.1,194.5,108.1,2.0,178.8,10.0,0.5,0.3,0.2,8.5,8.5,8.5,8.5,1.0,0.0,16.0,0.0,0.0,0.3,148.8,148.8,148.8,148.8,1.0,0.0,16.0,0.0,0.0,0.3,2.78,2.78,2.78,2.78,1.0,0.0,16.0,0.0,0.0,0.3,48.6,48.6,48.6,48.6,1.0,0.0,16.0,0.0,0.0,0.3,12.8,30.4,48.0,30.4,2.0,36.5,10.0,0.5,0.3,0.2,-55.1,-29.5,-3.9,-29.5,2.0,53.0,10.0,0.5,0.3,0.2,-23.2,-23.2,-23.2,-23.2,1.0,0.0,16.0,0.0,0.0,0.3,27.7,27.7,27.7,27.7,1.0,0.0,16.0,0.0,0.0,0.3,-31.3,-31.3,-31.3,-31.3,1.0,0.0,16.0,0.0,0.0,0.3,37.3,37.3,37.3,37.3,1.0,0.0,16.0,0.0,0.0,0.3,932.5,2728.5,4524.5,2728.5,2.0,3721.0,10.0,0.5,0.3,0.2,930.0,2730.0,4525.0,2730.0,2.0,3720.0,10.0,0.5,0.3,0.2
1974,2,30.0,72.0,3.0,3.1,3.5,3.2,6.0,0.24,8.0,0.3,0.5,0.6,-4.42,-4.2,-3.17,-3.55,6.0,1.75,8.0,0.3,0.5,0.6,1.92,1.94,2.76,2.27,6.0,0.57,8.0,0.3,0.5,0.6,69.5,71.4,87.7,76.7,6.0,10.2,8.0,0.3,0.6,11.6,18.8,21.12,16.48,4.0,6.81,8.0,0.5,0.4,0.6,-20.8,-17.5,-10.52,-15.75,4.0,6.68,8.0,0.5,0.4,0.6,1.7,3.66,6.24,3.96,4.0,3.49,8.0,0.5,0.4,0.6,1006.53,1012.35,1013.3,1010.5,6.0,3.72,8.0,0.3,0.5,0.6,7.0,8.0,8.0,7.7,6.0,0.5,8.0,0.3,0.5,0.6,-439.7,-334.1,-142.7,-293.1,4.0,188.6,8.0,0.5,0.4,0.6,35.1,77.4,114.3,74.8,4.0,59.1,8.0,0.5,0.4,0.6,6.36,7.4,7.52,6.75,6.0,1.6,8.0,0.3,0.5,0.6,54.7,102.9,154.5,104.5,4.0,57.8,8.0,0.5,0.4,0.6,2.13,2.77,2.78,2.5,6.0,0.48,8.0,0.3,0.5,0.6,20.9,42.2,58.4,39.8,4.0,22.0,8.0,0.5,0.4,0.6,12.8,55.0,88.6,50.9,4.0,44.9,8.0,0.5,0.4,0.6,-15.6,-7.3,0.0,-7.8,4.0,9.0,8.0,0.5,0.4,0.6,-45.2,-40.3,-27.7,-36.6,4.0,13.3,8.0,0.5,0.4,0.6,3.3,7.1,18.2,10.5,4.0,12.1,8.0,0.5,0.4,0.6,-57.5,-39.9,-19.2,-38.4,4.0,22.3,8.0,0.5,0.4,0.6,4.7,10.1,12.1,8.5,4.0,5.9,8.0,0.5,0.4,0.6,2496.5,6827.5,9441.5,6008.5,4.0,4389.5,8.0,0.5,0.4,0.6,2495.0,6825.0,9440.0,6010.0,4.0,4390.0,8.0,0.5,0.4,0.6
1974,2,30.0,73.0,2.83,2.9,2.97,2.9,2.0,0.14,8.0,0.5,0.6,0.6,-4.47,-4.2,-3.93,-4.2,2.0,0.57,8.0,0.5,0.6,0.6,2.02,2.05,2.07,2.05,2.0,0.06,8.0,0.5,0.6,0.6,72.9,73.4,73.9,73.4,2.0,1.1,8.0,0.5,0.6,10.2,11.05,11.9,11.05,2.0,1.77,8.0,0.5,0.6,0.6,-7.84,-7.71,-7.57,-7.71,2.0,0.28,8.0,0.5,0.6,0.6,6.79,7.86,8.93,7.86,2.0,2.21,8.0,0.5,0.6,0.6,1005.37,1005.95,1006.53,1005.95,2.0,1.2,8.0,0.5,0.6,0.6,5.5,6.5,7.5,6.5,2.0,2.1,8.0,0.5,0.6,0.6,-93.5,-85.4,-77.3,-85.4,2.0,16.7,8.0,0.5,0.6,0.6,70.3,88.8,107.3,88.8,2.0,38.3,8.0,0.5,0.6,0.6,6.9,7.1,7.3,7.1,2.0,0.42,8.0,0.5,0.6,0.6,70.5,78.8,87.2,78.8,2.0,17.2,8.0,0.5,0.6,0.6,2.64,2.64,2.64,2.64,2.0,0.01,8.0,0.5,0.6,0.6,26.9,29.2,31.5,29.2,2.0,4.7,8.0,0.5,0.6,0.6,29.8,32.4,35.1,32.4,2.0,5.5,8.0,0.5,0.6,0.6,-40.3,-33.6,-27.0,-33.6,2.0,13.7,8.0,0.5,0.6,0.6,-15.8,-15.8,-15.7,-15.8,2.0,0.1,8.0,0.5,0.6,0.6,14.1,16.0,18.0,16.0,2.0,4.1,8.0,0.5,0.6,0.6,-20.7,-20.4,-20.0,-20.4,2.0,0.8,8.0,0.5,0.6,0.6,17.9,20.8,23.6,20.8,2.0,5.9,8.0,0.5,0.6,0.6,1087.0,1401.0,1715.0,1401.0,2.0,650.5,8.0,0.5,0.6,0.6,1085.0,1400.0,1715.0,1400.0,2.0,650.0,8.0,0.5,0.6,0.6
1974,2,31.0,-69.0,0.9,0.9,0.9,0.9,1.0,0.0,12.0,1.0,0.6,0.5,-0.3,-0.3,-0.3,-0.3,1.0,0.0,12.0,1.0,0.6,0.5,3.59,3.59,3.59,3.59,1.0,0.0,12.0,1.0,0.6,0.5,94.3,94.3,94.3,94.3,1.0,0.0,12.0,1.0,0.5,11.8,11.8,11.8,11.8,1.0,0.0,12.0,1.0,0.6,0.5,-11.09,-11.09,-11.09,-11.09,1.0,0.0,12.0,1.0,0.6,0.5,-4.04,-4.04,-4.04,-4.04,1.0,0.0,12.0,1.0,0.6,0.5,982.6,982.6,982.6,982.6,1.0,0.0,12.0,1.0,0.6,0.5,8.0,8.0,8.0,8.0,1.0,0.0,12.0,1.0,0.6,0.5,-130.8,-130.8,-130.8,-130.8,1.0,0.0,12.0,1.0,0.6,0.5,-47.6,-47.6,-47.6,-47.6,1.0,0.0,12.0,1.0,0.6,0.5,1.2,1.2,1.2,1.2,1.0,0.0,12.0,1.0,0.6,0.5,14.2,14.2,14.2,14.2,1.0,0.0,12.0,1.0,0.6,0.5,0.56,0.56,0.56,0.56,1.0,0.0,12.0,1.0,0.6,0.5,6.6,6.6,6.6,6.6,1.0,0.0,12.0,1.0,0.6,0.5,3.3,3.3,3.3,3.3,1.0,0.0,12.0,1.0,0.6,0.5,1.2,1.2,1.2,1.2,1.0,0.0,12.0,1.0,0.6,0.5,-39.9,-39.9,-39.9,-39.9,1.0,0.0,12.0,1.0,0.6,0.5,-14.5,-14.5,-14.5,-14.5,1.0,0.0,12.0,1.0,0.6,0.5,-6.2,-6.2,-6.2,-6.2,1.0,0.0,12.0,1.0,0.6,0.5,-2.3,-2.3,-2.3,-2.3,1.0,0.0,12.0,1.0,0.6,0.5,1643.0,1643.0,1643.0,1643.0,1.0,0.0,12.0,1.0,0.6,0.5,1645.0,1645.0,1645.0,1645.0,1.0,0.0,12.0,1.0,0.6,0.5
1974,2,31.0,-67.0,,,,,,,,,,,,,,,,,,,,,,,,,,,,,,,,,,,,,,,,9.3,9.3,9.3,9.3,1.0,0.0,24.0,1.0,0.6,0.5,-7.12,-7.12,-7.12,-7.12,1.0,0.0,24.0,1.0,0.6,0.5,-5.98,-5.98,-5.98,-5.98,1.0,0.0,24.0,1.0,0.6,0.5,982.3,982.3,982.3,982.3,1.0,0.0,24.0,1.0,0.6,0.5,,,,,,,,,,,,,,,,,,,,,,,,,,,,,,,,,,,,,,,,,,,,,,,,,,,,,,,,,,,,,,,,,,,,,,,,,,,,,,,,,,,,,,,,,,,,,,,,,,,,,,,,,,,,,,,,,,,,,,,,,,,,,,,,,,,,,,,,,,,,,,,,,,,,,,
1974,2,31.0,-46.0,,,,,,,,,,,,,,,,,,,,,,,,,,,,,,,,,,,,,,,,12.3,12.3,12.3,12.3,1.0,0.0,8.0,1.0,0.9,0.5,11.32,11.32,11.32,11.32,1.0,0.0,8.0,1.0,0.9,0.5,-4.81,-4.81,-4.81,-4.81,1.0,0.0,8.0,1.0,0.9,0.5,1018.0,1018.0,1018.0,1018.0,1.0,0.0,8.0,1.0,0.9,0.5,,,,,,,,,,,,,,,,,,,,,,,,,,,,,,,,,,,,,,,,,,,,,,,,,,,,,,,,,,,,,,,,,,,,,,,,,,,,,,,,,,,,,,,,,,,,,,,,,,,,,,,,,,,,,,,,,,,,,,,,,,,,,,,,,,,,,,,,,,,,,,,,,,,,,,
1974,2,31.0,-44.0,11.0,11.0,11.0,11.0,1.0,0.0,6.0,1.0,0.9,0.1,11.1,11.1,11.1,11.1,1.0,0.0,6.0,1.0,0.9,0.1,7.11,7.11,7.11,7.11,1.0,0.0,6.0,1.0,0.9,0.1,86.9,86.9,86.9,86.9,1.0,0.0,6.0,1.0,0.1,6.2,6.2,6.2,6.2,1.0,0.0,6.0,1.0,0.9,0.1,3.99,3.99,3.99,3.99,1.0,0.0,6.0,1.0,0.9,0.1,-4.75,-4.75,-4.75,-4.75,1.0,0.0,6.0,1.0,0.9,0.1,1012.3,1012.3,1012.3,1012.3,1.0,0.0,6.0,1.0,0.9,0.1,7.0,7.0,7.0,7.0,1.0,0.0,6.0,1.0,0.9,0.1,24.7,24.7,24.7,24.7,1.0,0.0,6.0,1.0,0.9,0.1,-29.4,-29.4,-29.4,-29.4,1.0,0.0,6.0,1.0,0.9,0.1,-0.1,-0.1,-0.1,-0.1,1.0,0.0,6.0,1.0,0.9,0.1,-0.6,-0.6,-0.6,-0.6,1.0,0.0,6.0,1.0,0.9,0.1,1.02,1.02,1.02,1.02,1.0,0.0,6.0,1.0,0.9,0.1,6.4,6.4,6.4,6.4,1.0,0.0,6.0,1.0,0.9,0.1,44.2,44.2,44.2,44.2,1.0,0.0,6.0,1.0,0.9,0.1,-52.7,-52.7,-52.7,-52.7,1.0,0.0,6.0,1.0,0.9,0.1,28.3,28.3,28.3,28.3,1.0,0.0,6.0,1.0,0.9,0.1,-33.8,-33.8,-33.8,-33.8,1.0,0.0,6.0,1.0,0.9,0.1,4.1,4.1,4.1,4.1,1.0,0.0,6.0,1.0,0.9,0.1,-4.9,-4.9,-4.9,-4.9,1.0,0.0,6.0,1.0,0.9,0.1,238.5,238.5,238.5,238.5,1.0,0.0,6.0,1.0,0.9,0.1,240.0,240.0,240.0,240.0,1.0,0.0,6.0,1.0,0.9,0.1
1974,2,31.0,-38.0,19.32,20.0,20.68,20.0,2.0,1.41,6.0,1.0,0.4,0.2,17.08,17.25,17.42,17.25,2.0,0.35,6.0,1.0,0.4,0.2,6.25,6.53,6.82,6.53,2.0,0.59,6.0,1.0,0.4,0.2,52.2,54.0,55.8,54.0,2.0,3.7,6.0,1.0,0.2,2.76,3.1,3.44,3.1,2.0,0.71,6.0,1.0,0.4,0.2,-3.44,-3.1,-2.76,-3.1,2.0,0.71,6.0,1.0,0.4,0.2,0.0,0.0,0.0,0.0,2.0,0.0,6.0,1.0,0.4,0.2,1020.36,1020.7,1021.04,1020.7,2.0,0.71,6.0,1.0,0.4,0.2,1.8,3.5,5.2,3.5,2.0,3.5,6.0,1.0,0.4,0.2,-12.0,-9.9,-7.7,-9.9,2.0,4.4,6.0,1.0,0.4,0.2,0.0,0.0,0.0,0.0,2.0,0.0,6.0,1.0,0.4,0.2,1.9,2.75,3.6,2.75,2.0,1.77,6.0,1.0,0.4,0.2,6.2,7.9,9.6,7.9,2.0,3.5,6.0,1.0,0.4,0.2,7.02,7.92,8.83,7.92,2.0,1.88,6.0,1.0,0.4,0.2,23.8,23.9,24.0,23.9,2.0,0.2,6.0,1.0,0.4,0.2,-60.0,-53.6,-47.2,-53.6,2.0,13.3,6.0,1.0,0.4,0.2,0.0,0.0,0.0,0.0,2.0,0.0,6.0,1.0,0.4,0.2,-23.6,-20.5,-17.3,-20.5,2.0,6.5,6.0,1.0,0.4,0.2,0.0,0.0,0.0,0.0,2.0,0.0,6.0,1.0,0.4,0.2,-24.0,-23.9,-23.8,-23.9,2.0,0.2,6.0,1.0,0.4,0.2,0.0,0.0,0.0,0.0,2.0,0.0,6.0,1.0,0.4,0.2,22.0,32.0,42.0,32.0,2.0,20.5,6.0,1.0,0.4,0.2,20.0,30.0,40.0,30.0,2.0,20.0,6.0,1.0,0.4,0.2
1974,2,31.0,-36.0,,,,,,,,,,,,,,,,,,,,,,,,,,,,,,,,,,,,,,,,5.0,5.0,5.0,5.0,1.0,0.0,4.0,1.0,0.7,0.7,3.83,3.83,3.83,3.83,1.0,0.0,4.0,1.0,0.7,0.7,3.21,3.21,3.21,3.21,1.0,0.0,4.0,1.0,0.7,0.7,1010.0,1010.0,1010.0,1010.0,1.0,0.0,4.0,1.0,0.7,0.7,6.0,6.0,6.0,6.0,1.0,0.0,4.0,1.0,0.7,0.7,19.2,19.2,19.2,19.2,1.0,0.0,4.0,1.0,0.7,0.7,16.1,16.1,16.1,16.1,1.0,0.0,4.0,1.0,0.7,0.7,,,,,,,,,,,,,,,,,,,,,,,,,,,,,,,,,,,,,,,,,99.6,99.6,99.6,99.6,1.0,0.0,4.0,1.0,0.7,0.7,83.6,83.6,83.6,83.6,1.0,0.0,4.0,1.0,0.7,0.7,76.0,76.0,76.0,76.0,1.0,0.0,4.0,1.0,0.7,0.7,63.7,63.7,63.7,63.7,1.0,0.0,4.0,1.0,0.7,0.7,,,,,,,,,,,,,,,,,,,,,,,,,,,,,,,,,,,,,,,,
1974,2,31.0,-35.0,25.0,25.0,25.0,25.0,1.0,0.0,6.0,1.0,0.1,0.8,22.9,22.9,22.9,22.9,1.0,0.0,6.0,1.0,0.1,0.8,16.87,16.87,16.87,16.87,1.0,0.0,6.0,1.0,0.1,0.8,97.0,97.0,97.0,97.0,1.0,0.0,6.0,1.0,0.8,4.6,4.6,4.6,4.6,1.0,0.0,6.0,1.0,0.1,0.8,-3.98,-3.98,-3.98,-3.98,1.0,0.0,6.0,1.0,0.1,0.8,2.3,2.3,2.3,2.3,1.0,0.0,6.0,1.0,0.1,0.8,1013.5,1013.5,1013.5,1013.5,1.0,0.0,6.0,1.0,0.1,0.8,8.0,8.0,8.0,8.0,1.0,0.0,6.0,1.0,0.1,0.8,-18.3,-18.3,-18.3,-18.3,1.0,0.0,6.0,1.0,0.1,0.8,10.6,10.6,10.6,10.6,1.0,0.0,6.0,1.0,0.1,0.8,2.1,2.1,2.1,2.1,1.0,0.0,6.0,1.0,0.1,0.8,9.7,9.7,9.7,9.7,1.0,0.0,6.0,1.0,0.1,0.8,2.9,2.9,2.9,2.9,1.0,0.0,6.0,1.0,0.1,0.8,13.3,13.3,13.3,13.3,1.0,0.0,6.0,1.0,0.1,0.8,-91.2,-91.2,-91.2,-91.2,1.0,0.0,6.0,1.0,0.1,0.8,52.7,52.7,52.7,52.7,1.0,0.0,6.0,1.0,0.1,0.8,-67.2,-67.2,-67.2,-67.2,1.0,0.0,6.0,1.0,0.1,0.8,38.8,38.8,38.8,38.8,1.0,0.0,6.0,1.0,0.1,0.8,-11.5,-11.5,-11.5,-11.5,1.0,0.0,6.0,1.0,0.1,0.8,6.7,6.7,6.7,6.7,1.0,0.0,6.0,1.0,0.1,0.8,97.5,97.5,97.5,97.5,1.0,0.0,6.0,1.0,0.1,0.8,95.0,95.0,95.0,95.0,1.0,0.0,6.0,1.0,0.1,0.8
1974,2,31.0,-34.0,23.5,24.95,26.71,25.1,4.0,2.27,14.0,1.0,0.6,0.7,24.0,26.0,27.36,25.84,5.0,1.91,14.0,0.8,0.5,0.7,15.3,16.38,17.95,16.71,5.0,1.75,14.0,0.8,0.5,0.7,75.5,80.9,85.6,80.6,5.0,7.6,14.0,0.8,0.7,6.75,8.2,8.92,7.8,5.0,1.62,14.0,0.8,0.5,0.7,-8.11,2.55,7.42,0.34,5.0,8.04,14.0,0.8,0.5,0.7,-3.5,1.42,3.43,0.21,5.0,3.71,14.0,0.8,0.5,0.7,1011.53,1012.5,1018.15,1014.32,5.0,3.61,14.0,0.8,0.5,0.7,3.3,5.0,6.7,5.0,5.0,2.2,14.0,0.8,0.5,0.7,-68.0,13.0,62.3,1.7,5.0,68.6,14.0,0.8,0.5,0.7,-23.8,11.7,29.6,4.5,5.0,27.2,14.0,0.8,0.5,0.7,-2.53,-0.6,0.08,-1.2,4.0,2.08,14.0,1.0,0.6,0.7,-23.2,-4.8,-0.2,-11.4,4.0,18.8,14.0,1.0,0.6,0.7,2.0,2.99,3.83,2.91,4.0,1.08,14.0,1.0,0.6,0.7,13.7,22.8,30.3,22.1,4.0,9.7,14.0,1.0,0.6,0.7,-201.2,61.2,205.9,15.7,5.0,209.6,14.0,0.8,0.5,0.7,-84.0,37.0,94.0,10.9,5.0,95.4,14.0,0.8,0.5,0.7,-127.7,43.4,131.6,10.0,5.0,131.7,14.0,0.8,0.5,0.7,-56.4,23.3,58.4,5.3,5.0,63.6,14.0,0.8,0.5,0.7,-12.6,10.4,21.0,4.5,4.0,24.2,14.0,1.0,0.6,0.7,-2.9,5.3,10.6,3.9,4.0,10.6,14.0,1.0,0.6,0.7,338.5,551.5,712.0,520.5,5.0,252.5,14.0,0.8,0.5,0.7,340.0,550.0,710.0,520.0,5.0,255.0,14.0,0.8,0.5,0.7
1974,2,31.0,-33.0,23.57,24.5,25.93,24.72,15.0,1.49,16.0,0.5,0.3,0.6,23.0,24.0,26.09,24.46,17.0,1.79,16.0,0.5,0.4,0.7,13.79,15.72,17.77,15.77,15.0,2.15,16.0,0.5,0.4,0.7,69.0,84.3,92.8,82.9,15.0,10.3,16.0,0.5,0.7,2.65,7.2,10.58,6.89,15.0,3.6,16.0,0.5,0.4,0.6,-6.66,-3.28,3.08,-1.99,15.0,4.74,16.0,0.5,0.4,0.6,-5.74,1.97,6.66,0.91,15.0,6.02,16.0,0.5,0.4,0.6,1010.15,1015.4,1018.05,1014.28,17.0,4.15,16.0,0.5,0.4,0.7,1.5,6.0,8.0,4.8,17.0,3.0,16.0,0.5,0.4,0.7,-72.5,-16.2,22.2,-19.0,15.0,46.5,16.0,0.5,0.4,0.6,-41.5,4.1,47.4,2.2,15.0,61.0,16.0,0.5,0.4,0.6,-1.61,0.7,2.0,0.38,15.0,1.91,16.0,0.5,0.3,0.6,-9.6,4.1,15.4,4.5,13.0,12.2,16.0,0.5,0.3,0.6,1.49,3.69,5.36,3.81,13.0,2.23,16.0,0.5,0.3,0.7,5.7,24.3,36.1,22.8,11.0,16.5,16.0,0.5,0.3,0.6,-180.0,-78.0,78.4,-50.7,15.0,116.3,16.0,0.5,0.4,0.6,-148.3,47.0,167.5,15.4,15.0,150.2,16.0,0.5,0.4,0.6,-135.5,-40.2,21.8,-37.1,13.0,79.8,16.0,0.5,0.4,0.7,-112.2,30.4,83.7,3.5,13.0,99.0,16.0,0.5,0.4,0.7,-23.5,-3.8,6.1,-6.6,11.0,17.0,16.0,0.5,0.3,0.6,-9.2,4.8,22.3,5.5,11.0,21.8,16.0,0.5,0.3,0.6,29.0,373.0,1189.0,572.0,15.0,630.5,16.0,0.5,0.4,0.6,30.0,375.0,1190.0,570.0,15.0,630.0,16.0,0.5,0.4,0.6
1974,2,31.0,-32.0,24.3,26.3,27.8,26.09,22.0,1.65,16.0,0.4,0.5,0.4,23.3,25.35,26.63,25.06,22.0,1.93,16.0,0.4,0.5,0.4,13.25,16.08,18.7,16.05,22.0,2.73,16.0,0.4,0.5,0.4,72.7,81.8,87.9,80.4,22.0,8.0,16.0,0.4,0.4,4.77,8.2,11.87,8.13,22.0,3.52,16.0,0.4,0.5,0.4,-8.25,-5.03,1.91,-3.85,22.0,4.67,16.0,0.4,0.5,0.4,-8.16,-0.54,6.04,-0.4,22.0,6.64,16.0,0.4,0.5,0.4,1008.43,1013.55,1017.7,1013.54,22.0,5.16,16.0,0.4,0.5,0.4,2.0,5.5,8.0,5.1,22.0,2.8,16.0,0.4,0.5,0.4,-79.8,-38.1,6.2,-38.5,22.0,49.2,16.0,0.4,0.5,0.4,-82.5,-2.9,43.9,-7.2,22.0,76.0,16.0,0.4,0.5,0.4,-0.8,1.25,2.5,1.03,22.0,1.72,16.0,0.4,0.5,0.4,-4.1,10.1,19.0,7.9,22.0,13.0,16.0,0.4,0.5,0.4,1.63,5.45,7.58,5.14,22.0,2.82,16.0,0.4,0.5,0.4,14.8,42.7,69.3,40.7,22.0,25.5,16.0,0.4,0.5,0.4,-216.1,-113.7,49.6,-98.2,22.0,119.9,16.0,0.4,0.5,0.4,-208.9,-13.6,157.5,-15.6,22.0,166.0,16.0,0.4,0.5,0.4,-133.9,-72.4,30.0,-62.6,22.0,78.1,16.0,0.4,0.5,0.4,-150.3,-8.5,98.5,-14.9,22.0,110.0,16.0,0.4,0.5,0.4,-47.1,-22.5,10.0,-22.1,22.0,28.8,16.0,0.4,0.5,0.4,-21.9,-0.3,30.3,4.4,22.0,32.1,16.0,0.4,0.5,0.4,109.0,557.5,1691.5,826.0,22.0,849.0,16.0,0.4,0.5,0.4,110.0,560.0,1690.0,825.0,22.0,850.0,16.0,0.4,0.5,0.4
1974,2,31.0,-31.0,26.25,27.2,28.0,27.11,61.0,1.04,12.0,0.4,0.3,0.8,23.55,25.4,27.0,25.43,61.0,1.69,12.0,0.4,0.3,0.8,12.16,16.16,18.54,15.49,59.0,2.81,12.0,0.4,0.3,0.8,64.0,76.7,84.9,75.9,59.0,10.7,12.0,0.4,0.8,3.1,6.2,11.28,7.24,58.0,3.87,12.0,0.4,0.3,0.8,-6.59,-2.22,3.04,-1.79,58.0,4.87,12.0,0.4,0.3,0.8,-4.32,2.09,9.84,2.34,58.0,5.99,12.0,0.4,0.3,0.8,1010.61,1014.95,1018.63,1014.46,62.0,4.14,12.0,0.4,0.3,0.8,1.0,5.0,8.0,4.9,62.0,2.8,12.0,0.4,0.3,0.8,-57.8,-8.4,16.1,-11.2,58.0,54.3,12.0,0.4,0.3,0.8,-24.8,11.5,106.0,25.9,58.0,69.3,12.0,0.4,0.3,0.8,-0.59,1.55,3.56,1.63,60.0,1.9,12.0,0.4,0.3,0.8,-3.0,8.6,24.8,12.6,56.0,18.2,12.0,0.4,0.3,0.9,4.29,7.02,10.22,6.93,59.0,2.84,12.0,0.4,0.3,0.8,20.6,43.8,84.3,48.6,55.0,32.8,12.0,0.4,0.3,0.9,-164.1,-53.6,77.6,-44.6,57.0,123.5,12.0,0.4,0.3,0.8,-116.8,55.4,232.4,57.0,57.0,151.2,12.0,0.4,0.3,0.8,-104.3,-30.6,51.2,-24.4,55.0,80.3,12.0,0.4,0.3,0.9,-80.9,30.5,135.0,31.1,55.0,96.4,12.0,0.4,0.3,0.9,-42.0,-14.5,18.9,-10.6,55.0,32.9,12.0,0.4,0.3,0.9,-16.7,14.2,71.1,20.1,55.0,43.4,12.0,0.4,0.3,0.9,30.0,238.5,1434.5,720.5,58.0,915.0,12.0,0.4,0.3,0.8,30.0,240.0,1435.0,720.0,58.0,915.0,12.0,0.4,0.3,0.8
1974,2,31.0,-30.0,26.0,27.0,28.0,26.84,39.0,1.33,14.0,0.4,0.7,0.4,24.84,26.0,27.11,25.83,38.0,1.79,14.0,0.3,0.7,0.4,15.16,16.53,19.26,16.88,30.0,2.5,14.0,0.4,0.7,0.4,68.8,77.9,89.9,80.0,30.0,10.0,14.0,0.4,0.4,3.6,5.4,10.68,7.01,40.0,4.14,14.0,0.4,0.7,0.4,-5.96,-2.05,3.1,-2.08,40.0,4.41,14.0,0.4,0.7,0.4,-4.77,1.1,7.46,1.51,40.0,6.42,14.0,0.4,0.7,0.4,1008.31,1014.2,1017.59,1013.62,39.0,4.87,14.0,0.4,0.7,0.4,3.0,6.0,8.0,5.6,38.0,2.2,14.0,0.4,0.7,0.4,-58.8,-9.6,19.2,-20.2,40.0,48.5,14.0,0.4,0.7,0.4,-34.5,2.6,66.1,20.9,40.0,79.6,14.0,0.4,0.7,0.4,-0.5,1.0,2.26,0.99,38.0,1.48,14.0,0.3,0.7,0.4,-2.8,4.5,14.2,7.9,38.0,15.0,14.0,0.3,0.7,0.4,2.92,5.35,7.68,5.28,30.0,2.22,14.0,0.4,0.7,0.4,9.4,27.9,62.8,38.6,30.0,32.5,14.0,0.4,0.7,0.4,-163.8,-54.6,83.7,-54.5,38.0,117.0,14.0,0.3,0.7,0.4,-139.8,15.4,206.9,31.8,38.0,169.0,14.0,0.3,0.7,0.4,-96.9,-38.5,70.4,-35.1,30.0,78.9,14.0,0.4,0.7,0.4,-85.4,19.5,121.3,18.1,30.0,103.3,14.0,0.4,0.7,0.4,-40.0,-9.6,12.0,-11.9,30.0,25.1,14.0,0.4,0.7,0.4,-20.0,2.1,43.0,13.4,30.0,40.5,14.0,0.4,0.7,0.4,46.5,159.0,1231.5,740.5,40.0,1114.0,14.0,0.4,0.7,0.4,45.0,160.0,1230.0,740.0,40.0,1115.0,14.0,0.4,0.7,0.4
1974,2,31.0,31.0,18.3,18.3,18.3,18.3,1.0,0.0,16.0,1.0,0.2,0.8,16.4,16.4,16.4,16.4,1.0,0.0,16.0,1.0,0.2,0.8,10.63,10.63,10.63,10.63,1.0,0.0,16.0,1.0,0.2,0.8,91.4,91.4,91.4,91.4,1.0,0.0,16.0,1.0,0.8,7.7,7.7,7.7,7.7,1.0,0.0,16.0,1.0,0.2,0.8,5.9,5.9,5.9,5.9,1.0,0.0,16.0,1.0,0.2,0.8,-4.95,-4.95,-4.95,-4.95,1.0,0.0,16.0,1.0,0.2,0.8,1008.2,1008.2,1008.2,1008.2,1.0,0.0,16.0,1.0,0.2,0.8,1.0,1.0,1.0,1.0,1.0,0.0,16.0,1.0,0.2,0.8,45.4,45.4,45.4,45.4,1.0,0.0,16.0,1.0,0.2,0.8,-38.1,-38.1,-38.1,-38.1,1.0,0.0,16.0,1.0,0.2,0.8,1.9,1.9,1.9,1.9,1.0,0.0,16.0,1.0,0.2,0.8,14.6,14.6,14.6,14.6,1.0,0.0,16.0,1.0,0.2,0.8,2.5,2.5,2.5,2.5,1.0,0.0,16.0,1.0,0.2,0.8,19.3,19.3,19.3,19.3,1.0,0.0,16.0,1.0,0.2,0.8,96.7,96.7,96.7,96.7,1.0,0.0,16.0,1.0,0.2,0.8,-81.2,-81.2,-81.2,-81.2,1.0,0.0,16.0,1.0,0.2,0.8,62.7,62.7,62.7,62.7,1.0,0.0,16.0,1.0,0.2,0.8,-52.6,-52.6,-52.6,-52.6,1.0,0.0,16.0,1.0,0.2,0.8,14.8,14.8,14.8,14.8,1.0,0.0,16.0,1.0,0.2,0.8,-12.4,-12.4,-12.4,-12.4,1.0,0.0,16.0,1.0,0.2,0.8,456.5,456.5,456.5,456.5,1.0,0.0,16.0,1.0,0.2,0.8,455.0,455.0,455.0,455.0,1.0,0.0,16.0,1.0,0.2,0.8
1974,2,31.0,32.0,17.04,17.35,17.66,17.35,2.0,0.64,16.0,0.5,0.0,0.9,15.24,15.75,16.26,15.75,2.0,1.06,16.0,0.5,0.0,0.9,9.91,9.91,9.91,9.91,1.0,0.0,8.0,0.0,0.0,0.9,93.7,93.7,93.7,93.7,1.0,0.0,8.0,0.0,0.9,1.79,5.65,9.51,5.65,2.0,7.99,16.0,0.5,0.0,0.9,1.55,4.89,8.23,4.89,2.0,6.92,16.0,0.5,0.0,0.9,0.9,2.83,4.75,2.83,2.0,4.0,16.0,0.5,0.0,0.9,1008.24,1010.25,1012.26,1010.25,2.0,4.17,16.0,0.5,0.0,0.9,1.0,3.0,5.0,3.0,2.0,4.2,16.0,0.5,0.0,0.9,17.5,55.3,93.0,55.3,2.0,78.2,16.0,0.5,0.0,0.9,10.1,31.9,53.7,31.9,2.0,45.1,16.0,0.5,0.0,0.9,0.78,1.6,2.42,1.6,2.0,1.7,16.0,0.5,0.0,0.9,0.7,2.3,3.8,2.3,2.0,3.2,16.0,0.5,0.0,0.9,2.75,2.75,2.75,2.75,1.0,0.0,8.0,0.0,0.0,0.9,0.0,0.0,0.0,0.0,1.0,0.0,8.0,0.0,0.0,0.9,25.6,80.7,135.8,80.7,2.0,114.2,16.0,0.5,0.0,0.9,14.8,46.6,78.4,46.6,2.0,65.9,16.0,0.5,0.0,0.9,0.0,0.0,0.0,0.0,1.0,0.0,8.0,0.0,0.0,0.9,0.0,0.0,0.0,0.0,1.0,0.0,8.0,0.0,0.0,0.9,0.0,0.0,0.0,0.0,1.0,0.0,8.0,0.0,0.0,0.9,0.0,0.0,0.0,0.0,1.0,0.0,8.0,0.0,0.0,0.9,229.0,721.5,1214.0,721.5,2.0,1020.5,16.0,0.5,0.0,0.9,230.0,720.0,1215.0,720.0,2.0,1020.0,16.0,0.5,0.0,0.9
1974,2,31.0,33.0,16.0,16.5,17.0,16.43,8.0,0.8,16.0,0.6,0.6,0.7,14.12,16.0,16.5,15.46,9.0,1.33,12.0,0.7,0.5,0.6,7.5,8.85,10.9,8.65,8.0,2.15,14.0,0.6,0.5,0.7,70.7,78.2,95.0,79.0,8.0,16.5,14.0,0.6,0.7,1.23,5.15,7.14,4.5,8.0,2.92,14.0,0.8,0.6,0.6,-5.43,0.0,3.74,-0.34,8.0,4.46,14.0,0.8,0.6,0.6,-0.44,1.06,3.77,1.41,8.0,3.07,14.0,0.8,0.6,0.6,1010.56,1014.45,1017.66,1014.62,10.0,4.9,14.0,0.6,0.6,0.6,0.4,3.0,6.1,3.3,10.0,2.7,14.0,0.6,0.6,0.6,-33.8,0.0,15.0,-3.4,8.0,30.2,14.0,0.8,0.6,0.6,-0.4,4.8,27.8,8.5,8.0,20.8,14.0,0.8,0.6,0.6,0.0,0.5,0.88,0.87,7.0,1.58,14.0,0.7,0.6,0.7,0.0,1.7,4.0,1.9,6.0,2.1,14.0,0.8,0.6,0.7,0.97,3.12,3.55,3.09,7.0,2.3,14.0,0.7,0.6,0.7,5.1,7.6,12.4,8.7,6.0,6.6,14.0,0.8,0.6,0.7,-93.5,0.0,16.0,-15.6,7.0,71.4,12.0,0.9,0.6,0.6,-8.9,33.9,65.5,27.1,7.0,53.2,12.0,0.9,0.6,0.6,-29.8,0.0,18.4,1.0,6.0,40.9,14.0,0.8,0.6,0.7,-0.5,22.0,48.4,25.7,6.0,27.4,14.0,0.8,0.6,0.7,-5.7,0.0,6.5,-1.3,6.0,9.4,14.0,0.8,0.6,0.7,-0.8,4.9,7.6,3.9,6.0,5.1,14.0,0.8,0.6,0.7,4.0,153.5,365.0,183.5,8.0,181.5,14.0,0.8,0.6,0.6,5.0,155.0,365.0,185.0,8.0,180.0,14.0,0.8,0.6,0.6
1974,2,31.0,34.0,15.5,16.2,17.78,16.6,15.0,1.41,16.0,0.7,0.3,0.5,13.56,15.6,16.0,14.96,18.0,2.06,16.0,0.8,0.3,0.5,5.93,8.18,10.11,8.0,11.0,2.06,20.0,0.9,0.3,0.4,54.9,80.8,92.4,74.7,11.0,17.8,20.0,0.9,0.4,3.0,4.85,10.45,6.2,18.0,3.86,16.0,0.8,0.3,0.5,-4.3,2.45,8.69,1.82,18.0,5.97,16.0,0.8,0.3,0.5,-4.11,-0.84,1.74,-0.62,18.0,4.0,16.0,0.8,0.3,0.5,1008.84,1015.0,1022.31,1015.79,18.0,6.39,16.0,0.8,0.3,0.5,2.4,5.5,8.0,4.9,18.0,2.7,16.0,0.8,0.3,0.5,-28.8,8.6,83.8,16.8,18.0,61.1,16.0,0.8,0.3,0.5,-40.9,-4.1,10.4,-6.4,18.0,38.3,16.0,0.8,0.3,0.5,0.33,1.9,3.0,1.72,15.0,2.46,16.0,0.7,0.3,0.5,0.0,8.7,24.2,12.0,15.0,24.2,16.0,0.7,0.3,0.5,1.85,3.3,4.01,3.26,9.0,1.41,20.0,0.9,0.3,0.4,10.5,15.2,33.1,20.0,9.0,14.5,20.0,0.9,0.3,0.4,-68.7,37.1,129.8,31.0,18.0,90.7,16.0,0.8,0.3,0.5,-68.1,-12.7,29.4,-7.1,18.0,59.8,16.0,0.8,0.3,0.5,7.2,24.1,85.2,34.5,11.0,51.5,20.0,0.9,0.3,0.4,-35.9,-15.7,5.8,-10.5,11.0,30.0,20.0,0.9,0.3,0.4,0.9,14.0,31.4,14.6,9.0,17.7,20.0,0.9,0.3,0.4,-12.9,-4.6,1.6,-5.5,9.0,8.5,20.0,0.9,0.3,0.4,27.0,115.0,1143.0,505.0,18.0,631.0,16.0,0.8,0.3,0.5,25.0,115.0,1145.0,505.0,18.0,630.0,16.0,0.8,0.3,0.5
1974,2,31.0,35.0,15.69,16.0,16.21,15.92,6.0,0.8,12.0,0.7,0.2,0.3,12.79,13.85,15.25,14.08,6.0,1.71,12.0,0.7,0.2,0.3,4.85,6.16,7.47,6.16,2.0,2.71,6.0,0.5,0.2,0.1,51.4,62.0,72.5,62.0,2.0,21.9,6.0,0.5,0.1,1.59,2.6,3.33,2.47,6.0,1.49,12.0,0.7,0.2,0.3,-1.33,0.0,1.83,0.1,6.0,2.04,12.0,0.7,0.2,0.3,-2.79,-1.86,0.0,-1.64,6.0,1.46,12.0,0.7,0.2,0.3,1013.6,1019.35,1023.78,1019.28,6.0,5.37,12.0,0.7,0.2,0.3,1.8,2.0,4.4,2.8,6.0,1.8,12.0,0.7,0.2,0.3,-3.7,0.0,5.2,0.9,6.0,7.4,12.0,0.7,0.2,0.3,-8.7,-4.5,0.0,-5.3,6.0,6.1,12.0,0.7,0.2,0.3,-0.44,2.15,4.0,1.83,6.0,2.11,12.0,0.7,0.2,0.3,-1.6,2.3,6.9,2.6,6.0,5.4,12.0,0.7,0.2,0.3,3.03,4.89,6.76,4.89,2.0,3.86,6.0,0.5,0.2,0.1,7.9,12.7,17.6,12.7,2.0,10.0,6.0,0.5,0.2,0.1,-17.8,0.0,27.0,2.9,6.0,31.0,12.0,0.7,0.2,0.3,-42.9,-24.7,0.0,-24.6,6.0,23.4,12.0,0.7,0.2,0.3,-3.2,-1.9,-0.6,-1.9,2.0,2.7,6.0,0.5,0.2,0.1,-19.3,-15.7,-12.1,-15.7,2.0,7.5,6.0,0.5,0.2,0.1,-5.7,-3.4,-1.1,-3.4,2.0,4.8,6.0,0.5,0.2,0.1,-16.6,-12.1,-7.7,-12.1,2.0,9.2,6.0,0.5,0.2,0.1,6.5,17.5,41.5,28.0,6.0,35.0,12.0,0.7,0.2,0.3,5.0,20.0,40.0,30.0,6.0,35.0,12.0,0.7,0.2,0.3
1974,2,31.0,41.0,,,,,,,,,,,,,,,,,,,,,,,,,,,,,,,,,,,,,,,,2.95,7.0,11.19,7.86,7.0,4.71,12.0,0.1,0.4,0.9,-5.86,-1.88,6.81,-0.1,7.0,7.4,12.0,0.1,0.4,0.9,-4.1,-0.68,2.74,-0.32,7.0,6.26,12.0,0.1,0.4,0.9,1017.38,1022.2,1031.0,1022.39,7.0,6.74,12.0,0.1,0.4,0.9,,,,,,,,,,,,,,,,,,,,,,,,,,,,,,,,,,,,,,,,,,,,,,,,,,,,,,,,,,,,,,,,,,,,,,,,,,,,,,,,,,,,,,,,,,,,,,,,,,,,,,,,,,,,,,,,,,,,,,,,,,,,,,,,,,,,,,,,,,,,,,,,,,,,,,
1974,2,31.0,42.0,6.0,6.9,8.14,7.05,17.0,1.62,14.0,0.4,0.5,0.2,4.28,6.0,8.52,6.19,18.0,1.9,12.0,0.4,0.5,0.2,3.47,3.47,3.47,3.47,1.0,0.0,2.0,1.0,0.2,0.9,67.9,67.9,67.9,67.9,1.0,0.0,2.0,1.0,0.9,3.04,4.0,10.0,5.57,16.0,3.31,14.0,0.4,0.4,0.2,-6.02,-3.19,0.22,-3.12,16.0,3.92,14.0,0.4,0.4,0.2,-4.11,-1.73,0.0,-1.32,16.0,4.05,14.0,0.4,0.4,0.2,1010.76,1018.2,1026.72,1019.12,17.0,7.01,12.0,0.5,0.5,0.2,0.0,4.5,8.0,4.2,18.0,3.5,12.0,0.4,0.5,0.2,-54.1,-11.4,0.4,-25.2,16.0,40.1,14.0,0.4,0.4,0.2,-24.8,-4.2,0.0,-6.8,16.0,40.3,14.0,0.4,0.4,0.2,-1.45,0.6,2.88,1.03,17.0,2.48,14.0,0.4,0.5,0.2,-6.5,2.7,13.7,3.9,15.0,11.6,14.0,0.4,0.5,0.2,1.53,1.53,1.53,1.53,1.0,0.0,2.0,1.0,0.2,0.9,4.8,4.8,4.8,4.8,1.0,0.0,2.0,1.0,0.2,0.9,-39.7,-17.5,1.0,-21.5,16.0,27.1,14.0,0.4,0.4,0.2,-25.1,-7.6,0.0,-6.3,16.0,33.0,14.0,0.4,0.4,0.2,10.6,10.6,10.6,10.6,1.0,0.0,2.0,1.0,0.2,0.9,-1.9,-1.9,-1.9,-1.9,1.0,0.0,2.0,1.0,0.2,0.9,4.7,4.7,4.7,4.7,1.0,0.0,2.0,1.0,0.2,0.9,-0.8,-0.8,-0.8,-0.8,1.0,0.0,2.0,1.0,0.2,0.9,28.0,64.0,1000.0,371.5,16.0,549.5,14.0,0.4,0.4,0.2,30.0,65.0,1000.0,370.0,16.0,550.0,14.0,0.4,0.4,0.2
1974,2,31.0,43.0,,,,,,,,,,,,,,,,,,,,,,,,,,,,,,,,,,,,,,,,8.0,8.0,8.0,8.0,1.0,0.0,26.0,1.0,0.5,0.9,-4.0,-4.0,-4.0,-4.0,1.0,0.0,26.0,1.0,0.5,0.9,-6.93,-6.93,-6.93,-6.93,1.0,0.0,26.0,1.0,0.5,0.9,1023.1,1023.1,1023.1,1023.1,1.0,0.0,26.0,1.0,0.5,0.9,,,,,,,,,,,,,,,,,,,,,,,,,,,,,,,,,,,,,,,,,,,,,,,,,,,,,,,,,,,,,,,,,,,,,,,,,,,,,,,,,,,,,,,,,,,,,,,,,,,,,,,,,,,,,,,,,,,,,,,,,,,,,,,,,,,,,,,,,,,,,,,,,,,,,,
1974,2,31.0,45.0,5.0,6.0,7.81,6.24,7.0,1.23,12.0,0.3,0.4,0.8,0.9,1.9,5.33,3.03,7.0,3.05,12.0,0.3,0.4,0.8,4.68,4.68,4.68,4.68,1.0,0.0,10.0,0.0,0.8,0.6,85.7,85.7,85.7,85.7,1.0,0.0,10.0,0.0,0.6,3.9,6.2,14.05,8.14,7.0,5.85,12.0,0.3,0.4,0.8,-3.9,0.0,3.67,-1.66,7.0,6.67,12.0,0.3,0.4,0.8,-8.53,0.0,5.78,0.52,7.0,7.97,12.0,0.3,0.4,0.8,1012.73,1024.6,1026.39,1017.91,7.0,12.22,12.0,0.3,0.4,0.8,5.5,8.0,8.0,6.8,5.0,2.2,18.0,0.4,0.5,0.7,-43.2,0.0,15.6,-36.0,7.0,97.1,12.0,0.3,0.4,0.8,-92.8,0.0,40.9,0.0,7.0,106.1,12.0,0.3,0.4,0.8,-0.01,4.1,6.01,3.21,7.0,2.81,12.0,0.3,0.4,0.8,-0.1,8.7,60.1,27.0,7.0,34.4,12.0,0.3,0.4,0.8,0.67,0.67,0.67,0.67,1.0,0.0,10.0,0.0,0.8,0.6,2.8,2.8,2.8,2.8,1.0,0.0,10.0,0.0,0.8,0.6,-14.3,0.0,9.5,0.3,7.0,11.9,12.0,0.3,0.4,0.8,-0.4,9.2,28.8,21.0,7.0,41.1,12.0,0.3,0.4,0.8,16.6,16.6,16.6,16.6,1.0,0.0,10.0,0.0,0.8,0.6,9.6,9.6,9.6,9.6,1.0,0.0,10.0,0.0,0.8,0.6,2.4,2.4,2.4,2.4,1.0,0.0,10.0,0.0,0.8,0.6,1.4,1.4,1.4,1.4,1.0,0.0,10.0,0.0,0.8,0.6,65.5,238.5,2792.0,1294.5,7.0,1853.5,12.0,0.3,0.4,0.8,65.0,240.0,2790.0,1295.0,7.0,1855.0,12.0,0.3,0.4,0.8
1974,2,31.0,69.0,,,,,,,,,,,,,,,,,,,,,,,,,,,,,,,,,,,,,,,,9.8,9.8,9.8,9.8,1.0,0.0,12.0,0.0,0.8,0.9,-9.8,-9.8,-9.8,-9.8,1.0,0.0,12.0,0.0,0.8,0.9,0.0,0.0,0.0,0.0,1.0,0.0,12.0,0.0,0.8,0.9,1002.5,1002.5,1002.5,1002.5,1.0,0.0,12.0,0.0,0.8,0.9,,,,,,,,,,,,,,,,,,,,,,,,,,,,,,,,,,,,,,,,,,,,,,,,,,,,,,,,,,,,,,,,,,,,,,,,,,,,,,,,,,,,,,,,,,,,,,,,,,,,,,,,,,,,,,,,,,,,,,,,,,,,,,,,,,,,,,,,,,,,,,,,,,,,,,
1974,2,31.0,70.0,2.76,3.45,3.6,3.25,6.0,0.62,12.0,0.5,0.5,0.5,-5.84,-3.1,-0.93,-2.8,6.0,3.35,12.0,0.5,0.5,0.5,2.25,3.26,3.59,2.93,3.0,1.02,16.0,0.3,0.3,0.6,74.3,78.9,93.3,83.7,3.0,14.5,16.0,0.3,0.6,4.19,9.55,11.11,8.23,6.0,3.79,12.0,0.5,0.5,0.5,-9.71,-2.74,1.55,-3.03,6.0,6.66,12.0,0.5,0.5,0.5,2.06,5.14,8.08,4.92,6.0,3.34,12.0,0.5,0.5,0.5,1000.02,1008.35,1014.04,1007.12,6.0,7.8,12.0,0.5,0.5,0.5,8.0,8.0,8.0,8.0,6.0,0.0,12.0,0.5,0.5,0.5,-116.0,-20.1,15.2,-33.2,6.0,73.2,12.0,0.5,0.5,0.5,5.4,40.0,84.6,44.2,6.0,41.3,12.0,0.5,0.5,0.5,4.3,5.95,9.37,6.05,6.0,3.64,12.0,0.5,0.5,0.5,12.4,46.7,77.0,47.3,6.0,39.2,12.0,0.5,0.5,0.5,1.12,1.59,2.6,1.85,3.0,1.1,16.0,0.3,0.3,0.6,10.5,14.1,14.6,12.6,3.0,3.3,16.0,0.3,0.3,0.6,5.0,18.7,38.8,23.4,6.0,23.4,12.0,0.5,0.5,0.5,-23.9,-12.4,4.2,-9.1,6.0,17.5,12.0,0.5,0.5,0.5,-8.4,-4.1,17.9,4.5,3.0,20.6,16.0,0.3,0.3,0.6,12.3,23.6,26.9,19.7,3.0,11.2,16.0,0.3,0.3,0.6,-6.4,-5.1,3.0,-1.8,3.0,7.5,16.0,0.3,0.3,0.6,7.7,12.2,13.4,10.6,3.0,4.4,16.0,0.3,0.3,0.6,81.0,873.0,1384.0,830.0,6.0,701.0,12.0,0.5,0.5,0.5,80.0,875.0,1385.0,830.0,6.0,700.0,12.0,0.5,0.5,0.5
1974,2,31.0,72.0,3.01,3.2,3.39,3.2,8.0,0.2,8.0,0.3,0.5,0.4,-5.6,-5.1,-4.8,-5.01,8.0,0.79,8.0,0.3,0.5,0.4,1.93,1.94,2.1,2.03,8.0,0.17,8.0,0.3,0.5,0.4,72.5,76.9,80.9,77.3,8.0,4.4,8.0,0.3,0.4,14.56,14.9,15.24,14.9,2.0,0.71,8.0,0.0,0.1,0.5,-15.04,-14.78,-14.52,-14.78,2.0,0.54,8.0,0.0,0.1,0.5,0.42,1.34,2.25,1.34,2.0,1.89,8.0,0.0,0.1,0.5,1000.69,1003.3,1008.29,1004.39,8.0,4.21,8.0,0.3,0.5,0.4,8.0,8.0,8.0,8.0,8.0,0.0,8.0,0.3,0.5,0.4,-229.4,-220.5,-211.5,-220.5,2.0,18.5,8.0,0.0,0.1,0.5,6.5,20.6,34.6,20.6,2.0,29.1,8.0,0.0,0.1,0.5,7.84,8.5,8.79,8.21,8.0,0.9,8.0,0.3,0.5,0.4,100.2,110.4,120.6,110.4,2.0,21.1,8.0,0.0,0.1,0.5,2.72,2.83,2.9,2.76,8.0,0.21,8.0,0.3,0.5,0.4,35.8,37.7,39.6,37.7,2.0,4.0,8.0,0.0,0.1,0.5,54.0,62.5,70.9,62.5,2.0,17.6,8.0,0.0,0.1,0.5,-7.4,-4.4,-1.4,-4.4,2.0,6.2,8.0,0.0,0.1,0.5,-35.5,-33.3,-31.1,-33.3,2.0,4.5,8.0,0.0,0.1,0.5,1.0,3.2,5.4,3.2,2.0,4.6,8.0,0.0,0.1,0.5,-39.5,-37.4,-35.3,-37.4,2.0,4.3,8.0,0.0,0.1,0.5,1.0,3.0,5.1,3.0,2.0,4.3,8.0,0.0,0.1,0.5,3091.5,3319.0,3546.5,3319.0,2.0,471.0,8.0,0.0,0.1,0.5,3090.0,3320.0,3545.0,3320.0,2.0,470.0,8.0,0.0,0.1,0.5
1974,2,31.0,73.0,2.92,2.95,2.98,2.95,2.0,0.07,8.0,0.5,0.1,0.3,-5.19,-4.95,-4.71,-4.95,2.0,0.49,8.0,0.5,0.1,0.3,1.98,2.09,2.2,2.09,2.0,0.23,8.0,0.5,0.1,0.3,76.5,79.2,82.0,79.2,2.0,5.7,8.0,0.5,0.3,13.9,13.9,13.9,13.9,2.0,0.0,8.0,0.5,0.1,0.3,-13.59,-13.38,-13.16,-13.38,2.0,0.44,8.0,0.5,0.1,0.3,2.79,3.58,4.38,3.58,2.0,1.65,8.0,0.5,0.1,0.3,1008.2,1008.2,1008.2,1008.2,2.0,0.0,8.0,0.5,0.1,0.3,8.0,8.0,8.0,8.0,2.0,0.0,8.0,0.5,0.1,0.3,-188.9,-185.9,-182.9,-185.9,2.0,6.2,8.0,0.5,0.1,0.3,38.7,49.8,60.9,49.8,2.0,23.0,8.0,0.5,0.1,0.3,7.7,7.9,8.1,7.9,2.0,0.42,8.0,0.5,0.1,0.3,107.0,109.8,112.7,109.8,2.0,5.9,8.0,0.5,0.1,0.3,2.51,2.61,2.71,2.61,2.0,0.21,8.0,0.5,0.1,0.3,34.9,36.2,37.6,36.2,2.0,2.9,8.0,0.5,0.1,0.3,64.0,66.1,68.2,66.1,2.0,4.4,8.0,0.5,0.1,0.3,-23.0,-18.1,-13.3,-18.1,2.0,10.0,8.0,0.5,0.1,0.3,-29.9,-28.0,-26.0,-28.0,2.0,4.0,8.0,0.5,0.1,0.3,6.0,7.3,8.6,7.3,2.0,2.6,8.0,0.5,0.1,0.3,-35.6,-34.8,-34.1,-34.8,2.0,1.6,8.0,0.5,0.1,0.3,7.1,9.5,11.9,9.5,2.0,5.0,8.0,0.5,0.1,0.3,2685.5,2685.5,2685.5,2685.5,2.0,0.0,8.0,0.5,0.1,0.3,2685.0,2685.0,2685.0,2685.0,2.0,0.0,8.0,0.5,0.1,0.3
1974,2,32.0,-69.0,,,,,,,,,,,,,,,,,,,,,,,,,,,,,,,,,,,,,,,,5.43,7.2,11.25,8.14,5.0,3.47,8.0,0.8,0.8,0.6,-11.08,-4.75,1.31,-4.99,5.0,6.44,8.0,0.8,0.8,0.6,2.08,3.85,5.12,3.79,5.0,2.08,8.0,0.8,0.8,0.6,977.45,981.2,984.32,980.9,4.0,4.43,8.0,1.0,0.8,0.6,0.8,2.0,8.0,3.5,6.0,3.6,8.0,0.7,0.8,0.5,-126.2,-29.4,6.9,-56.6,5.0,75.4,8.0,0.8,0.8,0.6,17.5,24.7,37.0,27.8,5.0,14.0,8.0,0.8,0.8,0.6,,,,,,,,,,,,,,,,,,,,,,,,,,,,,,,,,,,,,,,,,,,,,,,,,,,,,,,,,,,,,,,,,,,,,,,,,,,,,,,,,,,,,,,,,,,,,,,,,,,,,,,,,,,,,,,,,,,,,,,,
1974,2,32.0,-67.0,,,,,,,,,,,,,,,,,,,,,,,,,,,,,,,,,,,,,,,,11.3,11.3,11.3,11.3,1.0,0.0,24.0,1.0,0.6,0.7,-7.26,-7.26,-7.26,-7.26,1.0,0.0,24.0,1.0,0.6,0.7,-8.66,-8.66,-8.66,-8.66,1.0,0.0,24.0,1.0,0.6,0.7,982.6,982.6,982.6,982.6,1.0,0.0,24.0,1.0,0.6,0.7,,,,,,,,,,,,,,,,,,,,,,,,,,,,,,,,,,,,,,,,,,,,,,,,,,,,,,,,,,,,,,,,,,,,,,,,,,,,,,,,,,,,,,,,,,,,,,,,,,,,,,,,,,,,,,,,,,,,,,,,,,,,,,,,,,,,,,,,,,,,,,,,,,,,,,
1974,2,32.0,-39.0,19.2,19.2,19.2,19.2,1.0,0.0,26.0,0.0,0.6,1.0,19.0,19.0,19.0,19.0,1.0,0.0,26.0,0.0,0.6,1.0,10.95,10.95,10.95,10.95,1.0,0.0,26.0,0.0,0.6,1.0,80.1,80.1,80.1,80.1,1.0,0.0,26.0,0.0,1.0,11.8,11.8,11.8,11.8,1.0,0.0,26.0,0.0,0.6,1.0,-9.04,-9.04,-9.04,-9.04,1.0,0.0,26.0,0.0,0.6,1.0,-7.58,-7.58,-7.58,-7.58,1.0,0.0,26.0,0.0,0.6,1.0,1011.2,1011.2,1011.2,1011.2,1.0,0.0,26.0,0.0,0.6,1.0,0.0,0.0,0.0,0.0,1.0,0.0,26.0,0.0,0.6,1.0,-106.7,-106.7,-106.7,-106.7,1.0,0.0,26.0,0.0,0.6,1.0,-89.5,-89.5,-89.5,-89.5,1.0,0.0,26.0,0.0,0.6,1.0,0.2,0.2,0.2,0.2,1.0,0.0,26.0,0.0,0.6,1.0,2.4,2.4,2.4,2.4,1.0,0.0,26.0,0.0,0.6,1.0,2.91,2.91,2.91,2.91,1.0,0.0,26.0,0.0,0.6,1.0,34.3,34.3,34.3,34.3,1.0,0.0,26.0,0.0,0.6,1.0,-171.7,-171.7,-171.7,-171.7,1.0,0.0,26.0,0.0,0.6,1.0,-144.1,-144.1,-144.1,-144.1,1.0,0.0,26.0,0.0,0.6,1.0,-98.9,-98.9,-98.9,-98.9,1.0,0.0,26.0,0.0,0.6,1.0,-83.0,-83.0,-83.0,-83.0,1.0,0.0,26.0,0.0,0.6,1.0,-26.3,-26.3,-26.3,-26.3,1.0,0.0,26.0,0.0,0.6,1.0,-22.1,-22.1,-22.1,-22.1,1.0,0.0,26.0,0.0,0.6,1.0,1643.0,1643.0,1643.0,1643.0,1.0,0.0,26.0,0.0,0.6,1.0,1645.0,1645.0,1645.0,1645.0,1.0,0.0,26.0,0.0,0.6,1.0
1974,2,32.0,-36.0,23.58,23.75,23.92,23.75,2.0,0.35,14.0,0.5,0.3,0.6,20.86,21.0,23.05,21.93,3.0,1.79,12.0,0.7,0.5,0.7,9.73,10.7,12.93,11.32,3.0,2.4,12.0,0.7,0.5,0.7,63.6,68.6,73.0,68.3,3.0,6.8,12.0,0.7,0.7,2.92,3.6,4.28,3.6,2.0,1.41,14.0,0.5,0.3,0.6,-2.02,-1.53,-1.03,-1.53,2.0,1.03,14.0,0.5,0.3,0.6,-4.02,-2.92,-1.81,-2.92,2.0,2.28,14.0,0.5,0.3,0.6,1004.2,1010.0,1016.48,1010.33,3.0,9.0,12.0,0.7,0.5,0.7,3.6,7.0,7.7,5.7,3.0,3.2,12.0,0.7,0.5,0.7,-5.5,-4.8,-4.0,-4.8,2.0,1.5,14.0,0.5,0.3,0.6,-18.1,-12.1,-6.2,-12.1,2.0,12.3,14.0,0.5,0.3,0.6,0.09,1.35,2.61,1.35,2.0,2.62,14.0,0.5,0.3,0.6,-0.6,3.0,6.6,3.0,2.0,7.5,14.0,0.5,0.3,0.6,4.95,6.68,8.4,6.68,2.0,3.58,14.0,0.5,0.3,0.6,19.8,21.5,23.2,21.5,2.0,3.4,14.0,0.5,0.3,0.6,-42.4,-33.0,-23.6,-33.0,2.0,19.6,14.0,0.5,0.3,0.6,-95.8,-67.9,-40.0,-67.9,2.0,57.8,14.0,0.5,0.3,0.6,-19.4,-16.0,-12.7,-16.0,2.0,6.9,14.0,0.5,0.3,0.6,-55.1,-37.7,-20.2,-37.7,2.0,36.2,14.0,0.5,0.3,0.6,-18.0,-12.0,-6.1,-12.0,2.0,12.3,14.0,0.5,0.3,0.6,-17.7,-15.4,-13.1,-15.4,2.0,4.8,14.0,0.5,0.3,0.6,30.0,57.5,84.5,57.5,2.0,56.5,14.0,0.5,0.3,0.6,30.0,55.0,85.0,55.0,2.0,55.0,14.0,0.5,0.3,0.6
1974,2,32.0,-35.0,23.11,24.0,25.02,24.07,3.0,1.4,14.0,0.0,0.3,0.8,20.14,21.55,22.38,21.28,4.0,1.67,12.0,0.3,0.4,0.7,10.42,11.41,14.7,12.51,4.0,3.44,12.0,0.3,0.4,0.7,66.8,77.3,91.5,79.1,4.0,16.2,12.0,0.3,0.7,2.02,5.65,10.9,6.43,4.0,5.35,12.0,0.3,0.4,0.7,-7.35,-3.93,-0.91,-4.12,4.0,3.77,12.0,0.3,0.4,0.7,-1.31,1.54,7.07,2.82,4.0,6.02,12.0,0.3,0.4,0.7,1013.0,1014.55,1019.45,1016.15,4.0,4.48,12.0,0.3,0.4,0.7,4.9,8.0,8.0,6.5,4.0,3.0,12.0,0.3,0.4,0.7,-77.5,-36.6,-1.6,-39.4,4.0,43.9,12.0,0.3,0.4,0.7,-13.2,3.7,78.7,31.4,4.0,76.5,12.0,0.3,0.4,0.7,1.48,2.5,2.57,2.03,3.0,0.9,14.0,0.0,0.3,0.8,4.7,6.5,8.0,6.4,3.0,2.4,14.0,0.0,0.3,0.8,3.71,5.52,7.72,5.71,3.0,2.94,14.0,0.0,0.3,0.8,9.3,13.1,37.0,22.9,3.0,22.0,14.0,0.0,0.3,0.8,-151.3,-76.4,-19.8,-85.1,4.0,78.6,12.0,0.3,0.4,0.7,-28.6,34.9,139.2,54.4,4.0,116.9,12.0,0.3,0.4,0.7,-84.2,-43.0,-10.6,-47.2,4.0,43.1,12.0,0.3,0.4,0.7,-15.7,24.9,87.0,35.1,4.0,68.3,12.0,0.3,0.4,0.7,-34.7,-12.3,-4.8,-19.6,3.0,22.8,14.0,0.0,0.3,0.8,-9.8,4.5,6.4,-1.5,3.0,13.0,14.0,0.0,0.3,0.8,10.0,338.0,1438.0,706.5,4.0,1007.5,12.0,0.3,0.4,0.7,10.0,340.0,1440.0,705.0,4.0,1010.0,12.0,0.3,0.4,0.7
1974,2,32.0,-34.0,24.81,25.0,25.94,25.2,8.0,0.58,8.0,0.6,0.5,0.7,20.33,23.75,24.58,23.11,8.0,2.26,8.0,0.6,0.5,0.7,11.74,13.11,17.54,14.31,7.0,3.54,8.0,0.6,0.5,0.7,68.2,81.8,92.8,80.7,7.0,11.6,8.0,0.6,0.7,3.32,8.75,9.74,7.54,8.0,3.6,8.0,0.6,0.5,0.7,-4.87,-3.61,1.04,-2.42,8.0,3.49,8.0,0.6,0.5,0.7,-5.8,0.23,8.02,1.18,8.0,7.58,8.0,0.6,0.5,0.7,1010.11,1012.05,1015.91,1012.83,8.0,3.28,8.0,0.6,0.5,0.7,4.9,7.0,8.0,6.3,7.0,1.8,8.0,0.7,0.5,0.7,-55.9,-33.1,3.2,-27.4,8.0,30.6,8.0,0.6,0.5,0.7,-51.9,1.3,73.6,17.0,8.0,77.8,8.0,0.6,0.5,0.7,0.97,1.8,4.13,2.09,8.0,2.0,8.0,0.6,0.5,0.7,5.0,8.0,36.0,16.3,8.0,20.5,8.0,0.6,0.5,0.7,2.26,6.9,7.73,5.57,7.0,3.35,8.0,0.6,0.5,0.7,11.5,67.0,78.9,47.6,7.0,36.9,8.0,0.6,0.5,0.7,-125.4,-74.2,25.4,-55.4,8.0,83.4,8.0,0.6,0.5,0.7,-142.3,6.2,159.0,15.2,8.0,173.5,8.0,0.6,0.5,0.7,-93.6,-55.1,17.9,-38.3,7.0,53.4,8.0,0.6,0.5,0.7,-82.7,45.4,98.4,6.7,7.0,116.4,8.0,0.6,0.5,0.7,-36.3,-26.8,5.8,-18.8,7.0,22.9,8.0,0.6,0.5,0.7,-12.0,15.8,74.1,26.0,7.0,47.8,8.0,0.6,0.5,0.7,41.0,678.0,926.0,678.5,8.0,700.0,8.0,0.6,0.5,0.7,40.0,680.0,925.0,680.0,8.0,700.0,8.0,0.6,0.5,0.7
1974,2,32.0,-33.0,24.0,24.15,24.86,24.31,10.0,0.77,14.0,0.4,0.4,0.7,24.09,24.4,24.5,24.63,10.0,1.31,14.0,0.4,0.4,0.7,15.05,16.57,17.61,16.24,10.0,2.34,14.0,0.4,0.4,0.7,79.4,86.0,91.0,84.0,10.0,9.2,14.0,0.4,0.7,4.0,5.1,10.03,7.54,9.0,4.42,14.0,0.4,0.4,0.7,-8.55,-5.1,4.05,-2.25,9.0,7.6,14.0,0.4,0.4,0.7,-2.81,0.0,2.01,0.49,9.0,4.46,14.0,0.4,0.4,0.7,1013.47,1014.65,1018.26,1015.14,10.0,3.34,14.0,0.4,0.4,0.7,2.0,4.5,7.6,4.6,10.0,2.9,14.0,0.4,0.4,0.7,-79.6,-26.0,19.0,-8.0,9.0,96.0,14.0,0.4,0.4,0.7,-26.6,0.0,9.9,12.1,9.0,67.5,14.0,0.4,0.4,0.7,-1.07,-0.2,0.4,-0.32,10.0,0.98,14.0,0.4,0.4,0.7,-8.1,-1.9,0.0,-2.0,9.0,6.1,14.0,0.4,0.4,0.7,1.13,2.09,3.72,2.7,10.0,2.27,14.0,0.4,0.4,0.7,4.4,12.4,47.1,23.0,9.0,28.4,14.0,0.4,0.4,0.7,-209.1,-123.9,97.3,-55.3,9.0,184.5,14.0,0.4,0.4,0.7,-68.2,0.0,48.2,12.2,9.0,108.9,14.0,0.4,0.4,0.7,-129.5,-89.8,64.2,-36.9,9.0,116.7,14.0,0.4,0.4,0.7,-45.1,0.0,32.1,7.0,9.0,69.6,14.0,0.4,0.4,0.7,-14.3,-3.5,11.1,-6.0,9.0,33.8,14.0,0.4,0.4,0.7,-7.3,0.0,5.1,2.0,9.0,14.7,14.0,0.4,0.4,0.7,70.0,132.5,1015.0,899.0,9.0,1557.5,14.0,0.4,0.4,0.7,70.0,135.0,1015.0,900.0,9.0,1560.0,14.0,0.4,0.4,0.7
1974,2,32.0,-32.0,24.2,25.3,26.0,25.28,23.0,0.93,16.0,0.5,0.6,0.5,24.15,25.7,26.72,25.45,25.0,1.31,14.0,0.5,0.6,0.5,13.06,16.42,18.31,16.04,19.0,2.45,16.0,0.4,0.6,0.5,69.0,81.8,90.3,79.6,19.0,10.9,16.0,0.4,0.5,3.43,6.2,10.17,6.74,24.0,3.43,14.0,0.5,0.6,0.5,-6.25,-3.4,1.12,-2.72,24.0,4.56,14.0,0.5,0.6,0.5,-3.2,-0.31,7.16,1.26,24.0,5.39,14.0,0.5,0.6,0.5,1011.58,1014.9,1018.2,1014.56,24.0,3.99,16.0,0.5,0.6,0.5,1.3,4.0,8.0,4.5,24.0,2.8,14.0,0.5,0.6,0.5,-51.1,-16.5,8.4,-18.2,24.0,44.9,14.0,0.5,0.6,0.5,-15.8,-1.1,59.4,20.6,24.0,57.2,14.0,0.5,0.6,0.5,-2.25,0.0,2.1,-0.13,23.0,1.84,16.0,0.5,0.6,0.5,-8.6,0.1,15.8,2.4,22.0,13.7,16.0,0.5,0.6,0.5,1.4,4.04,7.07,4.03,18.0,2.68,16.0,0.4,0.6,0.5,5.4,26.0,61.0,30.1,17.0,27.1,16.0,0.4,0.5,0.5,-153.1,-87.4,24.6,-68.8,24.0,115.8,14.0,0.5,0.6,0.5,-83.0,-8.3,165.8,27.7,24.0,132.6,14.0,0.5,0.6,0.5,-110.1,-50.7,14.4,-43.9,18.0,69.0,16.0,0.4,0.6,0.5,-60.7,20.3,132.2,31.2,18.0,89.5,16.0,0.4,0.6,0.5,-21.5,-4.5,14.3,-6.7,17.0,24.4,16.0,0.4,0.5,0.5,-3.4,8.9,52.0,19.1,17.0,25.8,16.0,0.4,0.5,0.5,41.0,243.0,1098.0,550.0,24.0,694.0,14.0,0.5,0.6,0.5,40.0,245.0,1100.0,550.0,24.0,695.0,14.0,0.5,0.6,0.5
1974,2,32.0,-31.0,26.21,27.5,28.57,27.08,10.0,1.75,14.0,0.7,0.4,0.6,23.54,26.9,28.28,26.04,12.0,2.57,16.0,0.6,0.4,0.6,14.03,17.21,18.81,16.39,11.0,2.71,14.0,0.6,0.4,0.6,71.7,77.6,79.9,77.8,11.0,8.9,14.0,0.6,0.6,4.85,8.5,12.53,8.66,12.0,3.47,16.0,0.6,0.4,0.6,-7.42,-4.1,-1.97,-4.39,12.0,2.94,16.0,0.6,0.4,0.6,-8.6,-2.25,8.63,-0.36,12.0,8.0,16.0,0.6,0.4,0.6,1005.85,1013.1,1019.02,1013.52,12.0,6.43,16.0,0.6,0.4,0.6,0.3,3.0,4.0,2.9,8.0,2.0,14.0,0.6,0.4,0.6,-66.7,-29.5,-8.1,-39.9,12.0,39.3,16.0,0.6,0.4,0.6,-109.7,-9.2,82.8,-3.2,12.0,91.8,16.0,0.6,0.4,0.6,-0.73,0.65,3.53,1.09,10.0,2.23,14.0,0.7,0.4,0.6,-4.6,6.8,36.5,13.2,10.0,20.8,14.0,0.7,0.4,0.6,4.35,5.61,8.09,6.12,10.0,1.89,14.0,0.7,0.4,0.6,27.2,65.7,75.2,60.4,10.0,31.0,14.0,0.7,0.4,0.6,-188.3,-107.8,-56.0,-117.6,12.0,81.4,16.0,0.6,0.4,0.6,-243.2,-63.1,188.3,-24.2,12.0,204.0,16.0,0.6,0.4,0.6,-124.1,-73.8,-26.6,-75.9,11.0,58.3,14.0,0.6,0.4,0.6,-170.3,-54.0,115.3,-20.2,11.0,136.2,14.0,0.6,0.4,0.6,-53.9,-22.4,-5.0,-27.6,10.0,23.0,14.0,0.7,0.4,0.6,-52.7,2.2,56.2,7.7,10.0,59.8,14.0,0.7,0.4,0.6,116.5,630.5,1967.5,935.0,12.0,855.5,16.0,0.6,0.4,0.6,115.0,630.0,1970.0,935.0,12.0,855.0,16.0,0.6,0.4,0.6
1974,2,32.0,-30.0,26.46,28.0,29.0,27.77,55.0,1.39,12.0,0.5,0.3,0.7,25.8,27.0,28.46,27.12,59.0,1.45,12.0,0.6,0.3,0.6,15.43,18.3,19.13,17.59,41.0,1.94,12.0,0.5,0.4,0.7,73.2,79.2,87.1,79.5,41.0,7.9,12.0,0.5,0.7,2.54,5.1,10.3,6.13,57.0,3.85,12.0,0.6,0.3,0.6,-4.95,-2.25,1.81,-2.14,57.0,3.73,12.0,0.6,0.3,0.6,-6.63,0.0,7.18,0.28,57.0,5.86,12.0,0.6,0.3,0.6,1009.18,1014.0,1017.44,1013.93,59.0,4.93,12.0,0.6,0.3,0.6,2.0,4.0,7.0,4.4,58.0,2.4,12.0,0.6,0.3,0.7,-37.7,-8.4,5.7,-18.7,57.0,42.8,12.0,0.6,0.3,0.6,-49.5,0.0,66.8,5.3,57.0,62.2,12.0,0.6,0.3,0.6,-0.5,0.8,1.92,0.66,55.0,1.56,12.0,0.5,0.3,0.7,-2.9,2.3,11.0,3.6,53.0,13.2,12.0,0.5,0.3,0.6,4.04,5.45,7.93,5.57,39.0,2.27,12.0,0.5,0.4,0.7,9.1,23.6,56.8,32.1,37.0,27.0,12.0,0.5,0.4,0.7,-137.9,-58.1,45.9,-59.3,57.0,103.3,12.0,0.6,0.3,0.6,-183.0,0.0,201.2,4.2,57.0,157.1,12.0,0.6,0.3,0.6,-92.4,-38.7,21.4,-36.7,39.0,61.5,14.0,0.5,0.4,0.6,-82.9,0.0,117.0,6.7,39.0,95.4,14.0,0.5,0.4,0.6,-21.6,-11.3,9.9,-9.1,37.0,20.2,12.0,0.5,0.4,0.7,-21.4,0.0,44.5,7.4,37.0,35.2,12.0,0.5,0.4,0.7,16.5,132.5,1092.5,529.5,57.0,804.5,12.0,0.6,0.3,0.6,15.0,135.0,1095.0,530.0,57.0,805.0,12.0,0.6,0.3,0.6
1974,2,32.0,-29.0,26.97,28.0,28.9,27.68,43.0,1.38,12.0,0.6,0.6,0.5,25.07,27.1,28.83,26.91,41.0,1.83,12.0,0.6,0.6,0.5,15.44,17.45,18.54,17.12,33.0,2.03,12.0,0.5,0.6,0.5,67.6,77.5,88.8,77.6,33.0,10.2,12.0,0.5,0.5,3.1,5.1,9.4,6.08,43.0,3.16,12.0,0.6,0.6,0.5,-5.52,-1.99,1.09,-1.96,43.0,3.89,12.0,0.6,0.6,0.5,-4.95,0.63,5.31,0.8,43.0,5.31,12.0,0.6,0.6,0.5,1008.7,1013.5,1016.5,1012.91,43.0,4.68,12.0,0.6,0.6,0.5,1.0,4.0,8.0,4.2,44.0,2.6,12.0,0.6,0.6,0.5,-40.3,-8.9,3.9,-14.2,43.0,36.5,12.0,0.6,0.6,0.5,-36.6,1.9,40.2,7.3,43.0,51.2,12.0,0.6,0.6,0.5,-0.86,0.45,2.08,0.7,40.0,1.89,12.0,0.6,0.6,0.5,-4.1,2.5,13.7,5.0,39.0,14.0,12.0,0.5,0.6,0.5,4.29,6.08,8.66,6.21,33.0,2.12,12.0,0.5,0.6,0.5,13.1,30.1,59.6,36.0,32.0,24.0,12.0,0.5,0.6,0.6,-135.9,-47.4,38.5,-48.7,40.0,104.5,12.0,0.6,0.6,0.5,-135.3,8.9,140.2,14.4,40.0,131.5,12.0,0.6,0.6,0.5,-88.9,-29.5,30.3,-29.0,32.0,74.4,12.0,0.5,0.6,0.6,-85.3,4.8,84.1,8.7,32.0,83.1,12.0,0.5,0.6,0.6,-26.7,-8.7,6.1,-8.7,32.0,27.2,12.0,0.5,0.6,0.6,-24.1,2.1,37.0,7.0,32.0,32.4,12.0,0.5,0.6,0.6,30.0,132.5,859.5,417.5,43.0,551.0,12.0,0.6,0.6,0.5,30.0,135.0,860.0,420.0,43.0,550.0,12.0,0.6,0.6,0.5
1974,2,32.0,-28.0,27.19,27.95,28.76,27.98,4.0,0.93,10.0,0.5,0.7,0.6,25.1,26.0,26.9,26.0,4.0,1.05,10.0,0.5,0.7,0.6,14.58,16.96,17.68,16.16,4.0,2.41,10.0,0.5,0.7,0.6,69.7,76.6,84.5,77.0,4.0,11.4,10.0,0.5,0.6,3.5,6.95,9.3,6.43,4.0,3.78,10.0,0.5,0.7,0.6,-2.17,-1.09,3.11,0.4,4.0,4.24,10.0,0.5,0.7,0.6,1.67,6.41,7.99,4.9,4.0,4.38,10.0,0.5,0.7,0.6,1007.86,1012.3,1015.91,1011.9,4.0,5.43,10.0,0.5,0.7,0.6,2.3,3.0,6.4,4.3,3.0,3.2,10.0,0.7,0.7,0.6,-14.1,-6.4,35.2,9.8,4.0,39.4,10.0,0.5,0.7,0.6,12.4,47.2,74.1,43.4,4.0,37.6,10.0,0.5,0.7,0.6,1.17,1.9,2.79,1.98,4.0,1.19,10.0,0.5,0.7,0.6,4.3,10.0,17.8,11.0,4.0,8.1,10.0,0.5,0.7,0.6,6.17,7.21,8.89,7.52,4.0,1.67,10.0,0.5,0.7,0.6,21.3,56.7,81.2,51.5,4.0,35.7,10.0,0.5,0.7,0.6,-57.1,-27.3,84.7,11.9,4.0,113.8,10.0,0.5,0.7,0.6,46.0,167.9,208.5,129.1,4.0,113.6,10.0,0.5,0.7,0.6,-33.5,-15.8,53.3,8.7,4.0,71.8,10.0,0.5,0.7,0.6,26.9,92.3,119.8,74.2,4.0,68.8,10.0,0.5,0.7,0.6,-15.5,-9.2,25.8,4.5,4.0,33.1,10.0,0.5,0.7,0.6,9.9,46.8,71.1,40.8,4.0,38.4,10.0,0.5,0.7,0.6,90.0,368.5,835.0,458.0,4.0,480.5,10.0,0.5,0.7,0.6,90.0,370.0,835.0,460.0,4.0,480.0,10.0,0.5,0.7,0.6
1974,2,32.0,32.0,16.6,18.3,18.92,17.9,5.0,1.54,16.0,0.4,0.5,0.3,15.95,16.7,18.15,17.1,5.0,1.61,16.0,0.4,0.5,0.3,8.43,9.95,10.52,9.5,4.0,1.64,14.0,0.3,0.5,0.2,66.9,78.9,90.7,78.8,4.0,13.8,14.0,0.3,0.2,4.92,5.1,6.43,5.64,5.0,1.22,16.0,0.4,0.5,0.3,3.17,3.91,6.01,4.51,5.0,1.98,16.0,0.4,0.5,0.3,-0.49,3.28,4.12,2.06,5.0,2.56,16.0,0.4,0.5,0.3,1009.88,1012.8,1016.4,1013.2,5.0,3.98,16.0,0.4,0.5,0.3,1.9,4.0,6.7,4.2,5.0,3.0,16.0,0.4,0.5,0.3,16.5,20.9,37.8,27.2,5.0,18.3,16.0,0.4,0.5,0.3,-3.8,16.7,20.7,9.9,5.0,14.6,16.0,0.4,0.5,0.3,0.05,0.2,1.82,0.8,5.0,1.04,16.0,0.4,0.5,0.3,0.4,1.5,8.8,4.0,5.0,5.1,16.0,0.4,0.5,0.3,2.57,3.54,4.34,3.46,4.0,1.09,14.0,0.3,0.5,0.2,12.5,20.8,28.8,20.7,4.0,9.8,14.0,0.3,0.5,0.2,56.7,72.5,95.6,75.9,5.0,29.1,16.0,0.4,0.5,0.3,-7.7,56.4,73.8,37.7,5.0,45.9,16.0,0.4,0.5,0.3,30.4,43.7,52.8,41.7,4.0,13.5,14.0,0.3,0.5,0.2,-5.0,21.5,43.3,19.3,4.0,28.0,14.0,0.3,0.5,0.2,9.9,16.2,24.1,17.0,4.0,10.6,14.0,0.3,0.5,0.2,-2.8,4.3,14.6,5.8,4.0,11.1,14.0,0.3,0.5,0.2,120.0,132.5,284.5,201.0,5.0,146.5,16.0,0.4,0.5,0.3,120.0,135.0,285.0,200.0,5.0,145.0,16.0,0.4,0.5,0.3
1974,2,32.0,33.0,17.0,17.1,17.93,17.33,8.0,1.38,14.0,0.6,0.4,0.5,12.95,15.3,16.93,15.23,12.0,2.12,14.0,0.6,0.4,0.5,5.68,7.64,9.09,7.29,11.0,1.76,14.0,0.5,0.4,0.6,60.1,68.9,77.7,69.1,11.0,12.9,14.0,0.5,0.6,2.32,4.1,9.17,5.15,12.0,3.9,14.0,0.6,0.4,0.5,-0.82,1.74,4.55,1.05,12.0,4.54,14.0,0.6,0.4,0.5,-4.18,-1.65,0.29,-2.24,12.0,4.11,14.0,0.6,0.4,0.5,1010.61,1015.0,1024.55,1016.56,12.0,6.49,14.0,0.6,0.4,0.5,0.7,2.0,7.0,3.1,12.0,2.8,14.0,0.6,0.4,0.5,-0.9,5.1,20.9,-0.4,12.0,45.6,14.0,0.6,0.4,0.5,-25.3,-4.4,0.4,-17.1,12.0,50.9,14.0,0.6,0.4,0.5,-0.27,0.45,4.36,1.45,8.0,2.91,14.0,0.6,0.4,0.5,-1.2,1.6,6.2,-0.8,8.0,12.5,14.0,0.6,0.4,0.5,3.09,4.37,7.14,4.83,7.0,2.14,14.0,0.6,0.4,0.5,8.0,11.9,18.5,12.7,7.0,5.1,14.0,0.6,0.4,0.5,-11.5,24.9,71.4,12.2,12.0,82.2,14.0,0.6,0.4,0.5,-59.5,-20.9,4.6,-31.1,12.0,62.2,14.0,0.6,0.4,0.5,-1.9,11.5,34.4,15.6,11.0,18.9,14.0,0.5,0.4,0.6,-29.4,-8.5,-2.3,-23.4,11.0,36.9,14.0,0.5,0.4,0.6,-5.0,5.9,16.1,6.8,7.0,10.3,14.0,0.6,0.4,0.5,-9.3,-5.3,0.3,-4.3,7.0,5.7,14.0,0.6,0.4,0.5,14.0,72.0,850.5,406.0,12.0,736.0,14.0,0.6,0.4,0.5,15.0,70.0,850.0,405.0,12.0,735.0,14.0,0.6,0.4,0.5
1974,2,32.0,34.0,16.0,17.0,17.8,17.04,15.0,1.33,14.0,0.5,0.4,0.5,15.0,16.0,16.81,15.63,15.0,1.46,14.0,0.5,0.4,0.5,4.94,8.44,9.63,7.63,8.0,2.32,12.0,0.4,0.5,0.5,50.5,72.6,88.1,70.6,8.0,17.0,12.0,0.4,0.5,3.04,4.6,6.12,4.55,14.0,2.32,14.0,0.4,0.4,0.5,-4.54,0.68,3.0,-0.35,14.0,4.32,14.0,0.4,0.4,0.5,-3.46,0.0,1.6,-0.03,14.0,2.98,14.0,0.4,0.4,0.5,1012.04,1016.0,1021.17,1016.65,15.0,5.17,14.0,0.5,0.4,0.5,0.0,2.0,6.1,2.4,13.0,2.9,14.0,0.5,0.5,0.5,-21.0,2.0,13.6,-6.4,14.0,32.4,14.0,0.4,0.4,0.5,-14.9,0.0,8.0,1.4,14.0,16.5,14.0,0.4,0.4,0.5,0.02,1.0,3.06,1.41,15.0,1.89,14.0,0.5,0.4,0.5,0.0,1.6,9.6,3.5,14.0,6.2,14.0,0.4,0.4,0.5,2.9,3.96,6.51,4.71,8.0,2.13,12.0,0.4,0.5,0.5,12.2,20.9,24.3,18.5,7.0,9.7,12.0,0.3,0.5,0.5,-68.1,10.3,51.6,-5.6,14.0,68.6,14.0,0.4,0.4,0.5,-48.1,0.0,25.6,1.5,14.0,48.9,14.0,0.4,0.4,0.5,-36.9,0.0,14.4,-16.2,7.0,40.5,12.0,0.3,0.5,0.5,-17.2,0.0,2.6,0.6,7.0,27.3,12.0,0.3,0.5,0.5,-21.0,0.0,8.8,-5.0,7.0,16.2,12.0,0.3,0.5,0.5,-10.5,0.0,1.1,-1.3,7.0,14.1,12.0,0.3,0.5,0.5,28.0,97.5,231.0,168.0,14.0,275.5,14.0,0.4,0.4,0.5,30.0,95.0,230.0,170.0,14.0,275.0,14.0,0.4,0.4,0.5
1974,2,32.0,35.0,15.48,16.0,16.0,15.75,4.0,0.5,10.0,1.0,0.3,0.6,15.0,15.0,15.94,15.45,4.0,0.9,10.0,1.0,0.3,0.6,10.8,10.8,10.8,10.8,1.0,0.0,10.0,1.0,0.1,0.8,91.4,91.4,91.4,91.4,1.0,0.0,10.0,1.0,0.8,4.67,10.55,13.24,9.03,4.0,6.4,10.0,1.0,0.3,0.6,-12.44,-10.21,-4.67,-8.63,4.0,6.05,10.0,1.0,0.3,0.6,0.0,1.93,4.53,2.25,4.0,2.65,10.0,1.0,0.3,0.6,1016.35,1019.0,1019.98,1018.2,4.0,2.71,10.0,1.0,0.3,0.6,2.0,2.0,3.4,2.7,3.0,1.2,10.0,1.0,0.3,0.6,-167.9,-108.0,-45.7,-106.9,4.0,86.9,10.0,1.0,0.3,0.6,0.0,21.8,61.1,30.2,4.0,37.4,10.0,1.0,0.3,0.6,-0.42,0.5,1.0,0.3,4.0,0.87,10.0,1.0,0.3,0.6,-4.7,0.0,7.9,1.5,4.0,10.0,10.0,1.0,0.3,0.6,0.43,0.43,0.43,0.43,1.0,0.0,10.0,1.0,0.1,0.8,4.8,4.8,4.8,4.8,1.0,0.0,10.0,1.0,0.1,0.8,-195.7,-162.7,-70.0,-134.2,4.0,93.3,10.0,1.0,0.3,0.6,0.0,32.5,71.2,35.5,4.0,41.3,10.0,1.0,0.3,0.6,-114.6,-114.6,-114.6,-114.6,1.0,0.0,10.0,1.0,0.1,0.8,41.7,41.7,41.7,41.7,1.0,0.0,10.0,1.0,0.1,0.8,-4.5,-4.5,-4.5,-4.5,1.0,0.0,10.0,1.0,0.1,0.8,1.6,1.6,1.6,1.6,1.0,0.0,10.0,1.0,0.1,0.8,448.0,1192.0,2455.0,1440.0,4.0,1422.0,10.0,1.0,0.3,0.6,450.0,1190.0,2455.0,1440.0,4.0,1420.0,10.0,1.0,0.3,0.6
1974,2,32.0,41.0,,,,,,,,,,,,,,,,,,,,,,,,,,,,,,,,,,,,,,,,4.32,5.0,5.68,5.0,2.0,1.41,12.0,0.0,0.1,0.8,-2.16,-1.29,-0.41,-1.29,2.0,1.82,12.0,0.0,0.1,0.8,-4.56,-1.47,1.63,-1.47,2.0,6.41,12.0,0.0,0.1,0.8,1018.92,1021.75,1024.58,1021.75,2.0,5.87,12.0,0.0,0.1,0.8,,,,,,,,,,,,,,,,,,,,,,,,,,,,,,,,,,,,,,,,,,,,,,,,,,,,,,,,,,,,,,,,,,,,,,,,,,,,,,,,,,,,,,,,,,,,,,,,,,,,,,,,,,,,,,,,,,,,,,,,,,,,,,,,,,,,,,,,,,,,,,,,,,,,,,
1974,2,32.0,42.0,6.22,7.6,8.78,7.69,15.0,1.77,14.0,0.5,0.5,0.4,5.88,7.5,9.46,7.55,16.0,1.87,12.0,0.6,0.5,0.4,3.78,3.78,3.78,3.78,1.0,0.0,6.0,1.0,0.1,0.2,53.3,53.3,53.3,53.3,1.0,0.0,6.0,1.0,0.2,4.0,6.2,10.0,6.77,16.0,3.24,12.0,0.6,0.5,0.4,-5.78,0.61,4.09,-0.37,16.0,4.82,12.0,0.6,0.5,0.4,-5.79,-2.25,5.33,-1.13,16.0,5.89,12.0,0.6,0.5,0.4,1014.81,1019.1,1026.21,1020.04,16.0,5.2,12.0,0.6,0.5,0.4,4.8,7.0,8.0,6.3,16.0,2.4,12.0,0.6,0.5,0.4,-44.2,3.2,33.9,-5.3,16.0,44.5,12.0,0.6,0.5,0.4,-43.6,-10.2,35.9,-12.2,16.0,60.2,12.0,0.6,0.5,0.4,,,,,,,,,,,,,,,,,,,,,,,,,,,,,,,,,,,,,,,,,-28.6,4.5,39.2,2.3,16.0,36.5,12.0,0.6,0.5,0.4,-49.9,-11.0,44.3,-4.7,16.0,47.3,12.0,0.6,0.5,0.4,23.7,23.7,23.7,23.7,1.0,0.0,6.0,1.0,0.1,0.2,19.9,19.9,19.9,19.9,1.0,0.0,6.0,1.0,0.1,0.2,,,,,,,,,,,,,,,,,,,,,,,,,,,,,,,,,,,,,,,,
1974,2,32.0,43.0,7.1,7.1,7.85,7.47,3.0,0.64,4.0,0.3,0.2,0.5,5.57,7.0,8.91,7.23,3.0,2.46,4.0,0.3,0.2,0.5,3.85,4.67,5.49,4.67,2.0,1.7,4.0,0.0,0.0,0.6,67.5,71.4,75.4,71.4,2.0,8.2,4.0,0.0,0.6,4.7,6.0,9.28,6.97,3.0,3.45,4.0,0.3,0.2,0.5,-4.69,-1.88,0.36,-2.16,3.0,3.71,4.0,0.3,0.2,0.5,1.22,3.85,8.48,4.83,3.0,5.38,4.0,0.3,0.2,0.5,1003.08,1012.5,1021.92,1012.5,2.0,19.52,4.0,0.0,0.0,0.6,6.3,7.0,7.7,7.0,3.0,1.0,4.0,0.3,0.2,0.5,-31.0,-20.3,-2.5,-16.8,3.0,21.1,4.0,0.3,0.2,0.5,5.0,15.8,83.4,43.6,3.0,62.3,4.0,0.3,0.2,0.5,-1.46,1.2,1.88,0.23,3.0,2.59,4.0,0.3,0.2,0.5,-17.6,7.2,8.4,-4.3,3.0,21.5,4.0,0.3,0.2,0.5,0.82,1.58,2.34,1.58,2.0,1.58,4.0,0.0,0.0,0.6,6.0,8.0,10.1,8.0,2.0,4.3,4.0,0.0,0.0,0.6,-34.5,-18.4,-1.1,-17.8,3.0,24.4,4.0,0.3,0.2,0.5,6.0,18.9,77.1,41.0,3.0,55.5,4.0,0.3,0.2,0.5,-8.5,-3.1,2.3,-3.1,2.0,11.2,4.0,0.0,0.0,0.6,21.1,37.9,54.6,37.9,2.0,34.7,4.0,0.0,0.0,0.6,-0.1,1.5,3.0,1.5,2.0,3.3,4.0,0.0,0.0,0.6,5.8,7.7,9.5,7.7,2.0,3.9,4.0,0.0,0.0,0.6,115.5,216.0,928.5,515.0,3.0,649.0,4.0,0.3,0.2,0.5,115.0,215.0,930.0,515.0,3.0,650.0,4.0,0.3,0.2,0.5
1974,2,32.0,44.0,4.43,7.5,7.84,6.17,3.0,2.75,2.0,0.0,0.6,0.3,4.18,5.0,5.68,4.93,3.0,1.1,2.0,0.0,0.6,0.3,3.22,3.22,3.22,3.22,1.0,0.0,2.0,0.0,0.6,0.0,65.8,65.8,65.8,65.8,1.0,0.0,2.0,0.0,0.0,1.98,4.1,4.71,3.37,3.0,2.1,2.0,0.0,0.6,0.3,-0.68,0.0,0.49,-0.1,3.0,0.86,2.0,0.0,0.6,0.3,1.28,4.04,4.69,3.01,3.0,2.65,2.0,0.0,0.6,0.3,1025.59,1026.0,1027.23,1026.4,3.0,1.25,2.0,0.0,0.6,0.3,7.0,7.0,7.0,7.0,2.0,0.0,2.0,0.0,0.4,0.0,-0.7,0.0,2.0,0.6,3.0,2.0,2.0,0.0,0.6,0.3,5.3,16.6,22.3,13.9,3.0,12.7,2.0,0.0,0.6,0.3,-0.73,2.0,3.16,1.23,3.0,2.93,2.0,0.0,0.6,0.3,-6.2,2.0,11.0,2.4,3.0,12.6,2.0,0.0,0.6,0.3,3.11,3.11,3.11,3.11,1.0,0.0,2.0,0.0,0.6,0.0,12.7,12.7,12.7,12.7,1.0,0.0,2.0,0.0,0.6,0.0,-4.1,0.0,1.8,-1.1,3.0,4.5,2.0,0.0,0.6,0.3,4.9,15.3,21.9,13.4,3.0,12.6,2.0,0.0,0.6,0.3,2.3,2.3,2.3,2.3,1.0,0.0,2.0,0.0,0.6,0.0,13.0,13.0,13.0,13.0,1.0,0.0,2.0,0.0,0.6,0.0,2.2,2.2,2.2,2.2,1.0,0.0,2.0,0.0,0.6,0.0,12.5,12.5,12.5,12.5,1.0,0.0,2.0,0.0,0.6,0.0,22.5,69.0,107.0,65.0,3.0,62.0,2.0,0.0,0.6,0.3,25.0,70.0,105.0,65.0,3.0,60.0,2.0,0.0,0.6,0.3
1974,2,32.0,45.0,,,,,,,,,,,,,,,,,,,,,,,,,,,,,,,,,,,,,,,,8.7,8.7,8.7,8.7,1.0,0.0,6.0,1.0,0.5,0.5,-7.53,-7.53,-7.53,-7.53,1.0,0.0,6.0,1.0,0.5,0.5,4.35,4.35,4.35,4.35,1.0,0.0,6.0,1.0,0.5,0.5,1014.3,1014.3,1014.3,1014.3,1.0,0.0,6.0,1.0,0.5,0.5,,,,,,,,,,,,,,,,,,,,,,,,,,,,,,,,,,,,,,,,,,,,,,,,,,,,,,,,,,,,,,,,,,,,,,,,,,,,,,,,,,,,,,,,,,,,,,,,,,,,,,,,,,,,,,,,,,,,,,,,,,,,,,,,,,,,,,,,,,,,,,,,,,,,,,
1974,2,32.0,70.0,3.04,3.25,3.4,3.23,4.0,0.25,18.0,0.0,0.7,0.4,-3.54,-0.75,1.31,-1.1,4.0,3.31,18.0,0.0,0.7,0.4,2.01,3.25,3.25,2.65,3.0,1.04,16.0,0.0,0.8,0.4,61.8,72.2,81.9,71.8,3.0,14.7,16.0,0.0,0.4,1.98,9.5,16.5,9.25,4.0,8.45,18.0,0.0,0.7,0.4,-3.13,-1.34,8.62,2.56,4.0,9.38,18.0,0.0,0.7,0.4,0.56,3.31,10.8,5.57,4.0,6.89,18.0,0.0,0.7,0.4,1009.39,1013.05,1016.82,1013.1,4.0,4.51,18.0,0.0,0.7,0.4,6.6,8.0,8.0,7.3,3.0,1.2,16.0,0.0,0.8,0.4,-27.7,-6.4,150.8,58.5,4.0,153.8,18.0,0.0,0.7,0.4,1.2,53.5,172.2,85.2,4.0,110.3,18.0,0.0,0.7,0.4,1.88,4.1,6.8,4.33,4.0,3.43,18.0,0.0,0.7,0.4,4.2,19.2,52.8,28.1,4.0,32.2,18.0,0.0,0.7,0.4,1.45,1.59,2.79,2.11,3.0,1.08,16.0,0.0,0.8,0.4,4.4,12.1,20.4,12.4,3.0,11.8,16.0,0.0,0.8,0.4,1.9,11.6,30.7,16.1,4.0,18.6,18.0,0.0,0.7,0.4,-13.5,-1.7,7.8,-2.8,4.0,15.5,18.0,0.0,0.7,0.4,-3.5,0.0,36.5,16.1,3.0,32.5,16.0,0.0,0.8,0.4,1.1,1.6,13.8,7.3,3.0,10.5,16.0,0.0,0.8,0.4,-8.1,0.0,15.6,3.6,3.0,17.6,16.0,0.0,0.8,0.4,1.2,2.1,6.3,3.7,3.0,4.0,16.0,0.0,0.8,0.4,22.5,1849.5,4546.5,2264.5,4.0,2680.0,18.0,0.0,0.7,0.4,20.0,1850.0,4545.0,2265.0,4.0,2680.0,18.0,0.0,0.7,0.4
1974,2,32.0,72.0,3.05,3.1,3.15,3.1,4.0,0.08,14.0,0.8,0.4,0.2,-5.95,-5.85,-1.87,-4.0,4.0,3.8,14.0,0.8,0.4,0.2,2.1,2.14,2.94,2.5,4.0,0.76,14.0,0.8,0.4,0.2,83.3,84.8,87.2,85.2,4.0,2.9,14.0,0.8,0.2,15.36,18.5,19.93,17.67,3.0,3.43,14.0,1.0,0.5,0.2,-19.93,-18.5,-9.12,-14.62,3.0,8.61,14.0,1.0,0.5,0.2,0.0,0.0,8.92,4.35,3.0,7.54,14.0,1.0,0.5,0.2,988.91,1000.1,1001.28,995.33,4.0,10.79,14.0,0.8,0.4,0.2,8.0,8.0,8.0,8.0,3.0,0.0,14.0,1.0,0.5,0.2,-398.3,-342.2,-153.7,-277.6,3.0,187.7,14.0,1.0,0.5,0.2,0.0,0.0,123.9,60.5,3.0,104.8,14.0,1.0,0.5,0.2,4.97,9.0,9.05,7.1,4.0,3.87,14.0,0.8,0.4,0.2,65.2,166.5,180.8,124.0,3.0,92.3,14.0,1.0,0.5,0.2,1.87,2.64,2.7,2.3,4.0,0.73,14.0,0.8,0.4,0.2,27.3,49.6,52.3,40.0,3.0,20.1,14.0,1.0,0.5,0.2,29.1,109.2,119.0,74.9,3.0,72.2,14.0,1.0,0.5,0.2,0.0,0.0,15.2,7.4,3.0,12.8,14.0,1.0,0.5,0.2,-42.9,-38.7,-24.1,-33.6,3.0,14.5,14.0,1.0,0.5,0.2,0.0,0.0,32.4,15.8,3.0,27.4,14.0,1.0,0.5,0.2,-52.3,-49.6,-19.7,-36.3,3.0,26.5,14.0,1.0,0.5,0.2,0.0,0.0,10.8,5.3,3.0,9.2,14.0,1.0,0.5,0.2,3843.0,6331.5,7977.0,5919.5,3.0,3049.0,14.0,1.0,0.5,0.2,3845.0,6330.0,7975.0,5920.0,3.0,3050.0,14.0,1.0,0.5,0.2
1974,2,33.0,-69.0,,,,,,,,,,,,,,,,,,,,,,,,,,,,,,,,,,,,,,,,3.0,6.2,6.93,5.44,9.0,2.26,8.0,0.8,0.4,0.6,-6.51,-4.42,1.74,-2.86,9.0,4.73,8.0,0.8,0.4,0.6,-2.95,-2.12,1.86,-0.81,9.0,2.47,8.0,0.8,0.4,0.6,987.24,990.2,991.08,989.18,6.0,2.7,8.0,0.7,0.3,0.6,1.0,8.0,8.0,5.4,9.0,3.4,8.0,0.8,0.4,0.6,-45.3,-22.5,4.5,-21.7,9.0,34.9,8.0,0.8,0.4,0.6,-16.9,-13.0,4.1,-5.6,9.0,13.0,8.0,0.8,0.4,0.6,,,,,,,,,,,,,,,,,,,,,,,,,,,,,,,,,,,,,,,,,,,,,,,,,,,,,,,,,,,,,,,,,,,,,,,,,,,,,,,,,,,,,,,,,,,,,,,,,,,,,,,,,,,,,,,,,,,,,,,,
1974,2,33.0,-67.0,0.9,0.9,0.9,0.9,1.0,0.0,24.0,1.0,0.2,0.7,-1.56,-0.6,0.36,-0.6,2.0,1.98,20.0,0.5,0.3,0.5,2.91,2.91,2.91,2.91,1.0,0.0,16.0,0.0,0.3,0.2,86.2,86.2,86.2,86.2,1.0,0.0,16.0,0.0,0.2,4.32,6.95,9.58,6.95,2.0,5.44,20.0,0.5,0.3,0.5,-6.48,-2.61,1.26,-2.61,2.0,8.01,20.0,0.5,0.3,0.5,-5.93,-3.74,-1.55,-3.74,2.0,4.53,20.0,0.5,0.3,0.5,979.56,980.75,981.94,980.75,2.0,2.47,20.0,0.5,0.3,0.5,3.8,5.5,7.2,5.5,2.0,3.5,20.0,0.5,0.3,0.5,-73.7,-39.9,-6.2,-39.9,2.0,69.9,20.0,0.5,0.3,0.5,-63.3,-38.3,-13.3,-38.3,2.0,51.8,20.0,0.5,0.3,0.5,,,,,,,,,,,,,,,,,,,,,,,,,,,,,,,,,,,,,,,,,-6.5,-6.4,-6.2,-6.4,2.0,0.4,20.0,0.5,0.3,0.5,-4.5,-2.2,0.0,-2.2,2.0,4.7,20.0,0.5,0.3,0.5,8.9,8.9,8.9,8.9,1.0,0.0,16.0,0.0,0.3,0.2,-1.6,-1.6,-1.6,-1.6,1.0,0.0,16.0,0.0,0.3,0.2,,,,,,,,,,,,,,,,,,,,,,,,,,,,,,,,,,,,,,,,
1974,2,33.0,-60.0,1.2,1.2,1.2,1.2,1.0,0.0,22.0,0.0,0.9,0.7,2.6,2.6,2.6,2.6,1.0,0.0,22.0,0.0,0.9,0.7,4.2,4.2,4.2,4.2,1.0,0.0,22.0,0.0,0.9,0.7,89.2,89.2,89.2,89.2,1.0,0.0,22.0,0.0,0.7,,,,,,,,,,,,,,,,,,,,,,,,,,,,,,,,,,,,,,,,,,,,,,,,,,,,,,,,,,,,,,,,,,,,,,,,,,,,,,,,,,,,,,,,,,,,,,,,,,,,,,,,,,,,,,,,,,,,,,,,,,,,,,,,,,,,,,,,,,,,,,,,,,,,,,,,,,,,,,,,,,,,,,,,,,,,,,,,,,,,,,,,,,,,,,
1974,2,33.0,-57.0,1.7,1.7,1.7,1.7,1.0,0.0,20.0,1.0,0.9,0.1,2.0,2.0,2.0,2.0,2.0,0.0,20.0,1.0,0.9,0.4,3.57,3.57,3.57,3.57,1.0,0.0,20.0,1.0,0.9,0.7,80.5,80.5,80.5,80.5,1.0,0.0,20.0,1.0,0.7,6.2,6.2,6.2,6.2,2.0,0.0,20.0,1.0,0.9,0.4,3.1,3.1,3.1,3.1,2.0,0.0,20.0,1.0,0.9,0.4,-3.67,0.0,3.67,0.0,2.0,7.59,20.0,1.0,0.9,0.4,997.16,997.3,997.44,997.3,2.0,0.28,20.0,1.0,0.9,0.4,6.3,7.0,7.7,7.0,2.0,1.4,20.0,1.0,0.9,0.4,19.2,19.2,19.2,19.2,2.0,0.0,20.0,1.0,0.9,0.4,-22.7,0.0,22.7,0.0,2.0,47.1,20.0,1.0,0.9,0.4,,,,,,,,,,,,,,,,,,,,,,,,,,,,,,,,,,,,,,,,,6.2,6.2,6.2,6.2,2.0,0.0,20.0,1.0,0.9,0.4,-7.3,0.0,7.3,0.0,2.0,15.2,20.0,1.0,0.9,0.4,11.1,11.1,11.1,11.1,1.0,0.0,20.0,1.0,0.9,0.7,-19.2,-19.2,-19.2,-19.2,1.0,0.0,20.0,1.0,0.9,0.7,,,,,,,,,,,,,,,,,,,,,,,,,,,,,,,,,,,,,,,,
1974,2,33.0,-45.0,9.26,9.4,9.54,9.4,2.0,0.28,8.0,1.0,0.5,0.5,10.2,10.2,10.2,10.2,2.0,0.0,8.0,1.0,0.5,0.5,7.12,7.12,7.12,7.12,1.0,0.0,6.0,1.0,0.6,0.1,92.3,92.3,92.3,92.3,1.0,0.0,6.0,1.0,0.1,12.4,12.6,12.8,12.6,2.0,0.42,8.0,1.0,0.5,0.5,11.54,12.01,12.48,12.01,2.0,0.98,8.0,1.0,0.5,0.5,-4.4,-3.52,-2.65,-3.52,2.0,1.81,8.0,1.0,0.5,0.5,1010.46,1010.8,1011.14,1010.8,2.0,0.71,8.0,1.0,0.5,0.5,7.0,7.0,7.0,7.0,1.0,0.0,6.0,1.0,0.6,0.1,143.2,151.6,160.0,151.6,2.0,17.4,8.0,1.0,0.5,0.5,-54.3,-44.0,-33.7,-44.0,2.0,21.4,8.0,1.0,0.5,0.5,-0.94,-0.8,-0.66,-0.8,2.0,0.28,8.0,1.0,0.5,0.5,-12.0,-10.1,-8.3,-10.1,2.0,3.9,8.0,1.0,0.5,0.5,0.1,0.1,0.1,0.1,1.0,0.0,6.0,1.0,0.6,0.1,1.3,1.3,1.3,1.3,1.0,0.0,6.0,1.0,0.6,0.1,117.7,122.5,127.3,122.5,2.0,10.0,8.0,1.0,0.5,0.5,-44.9,-35.9,-27.0,-35.9,2.0,18.5,8.0,1.0,0.5,0.5,90.4,90.4,90.4,90.4,1.0,0.0,6.0,1.0,0.6,0.1,-15.9,-15.9,-15.9,-15.9,1.0,0.0,6.0,1.0,0.6,0.1,1.2,1.2,1.2,1.2,1.0,0.0,6.0,1.0,0.6,0.1,-0.2,-0.2,-0.2,-0.2,1.0,0.0,6.0,1.0,0.6,0.1,1906.0,2004.0,2101.5,2004.0,2.0,202.0,8.0,1.0,0.5,0.5,1905.0,2005.0,2100.0,2005.0,2.0,200.0,8.0,1.0,0.5,0.5
1974,2,33.0,-41.0,14.0,14.0,14.0,14.0,1.0,0.0,14.0,1.0,0.1,0.8,14.8,14.8,14.8,14.8,1.0,0.0,14.0,1.0,0.1,0.8,7.52,7.52,7.52,7.52,1.0,0.0,14.0,1.0,0.1,0.8,72.9,72.9,72.9,72.9,1.0,0.0,14.0,1.0,0.8,8.7,8.7,8.7,8.7,1.0,0.0,14.0,1.0,0.1,0.8,-5.59,-5.59,-5.59,-5.59,1.0,0.0,14.0,1.0,0.1,0.8,6.66,6.66,6.66,6.66,1.0,0.0,14.0,1.0,0.1,0.8,1024.5,1024.5,1024.5,1024.5,1.0,0.0,14.0,1.0,0.1,0.8,4.0,4.0,4.0,4.0,1.0,0.0,14.0,1.0,0.1,0.8,-48.7,-48.7,-48.7,-48.7,1.0,0.0,14.0,1.0,0.1,0.8,58.0,58.0,58.0,58.0,1.0,0.0,14.0,1.0,0.1,0.8,-0.8,-0.8,-0.8,-0.8,1.0,0.0,14.0,1.0,0.1,0.8,-7.0,-7.0,-7.0,-7.0,1.0,0.0,14.0,1.0,0.1,0.8,2.28,2.28,2.28,2.28,1.0,0.0,14.0,1.0,0.1,0.8,19.9,19.9,19.9,19.9,1.0,0.0,14.0,1.0,0.1,0.8,-82.8,-82.8,-82.8,-82.8,1.0,0.0,14.0,1.0,0.1,0.8,98.6,98.6,98.6,98.6,1.0,0.0,14.0,1.0,0.1,0.8,-42.0,-42.0,-42.0,-42.0,1.0,0.0,14.0,1.0,0.1,0.8,50.1,50.1,50.1,50.1,1.0,0.0,14.0,1.0,0.1,0.8,-12.8,-12.8,-12.8,-12.8,1.0,0.0,14.0,1.0,0.1,0.8,15.2,15.2,15.2,15.2,1.0,0.0,14.0,1.0,0.1,0.8,658.5,658.5,658.5,658.5,1.0,0.0,14.0,1.0,0.1,0.8,660.0,660.0,660.0,660.0,1.0,0.0,14.0,1.0,0.1,0.8
1974,2,33.0,-40.0,19.0,19.0,19.0,19.0,1.0,0.0,14.0,1.0,0.4,0.7,17.1,17.1,17.1,17.1,1.0,0.0,14.0,1.0,0.4,0.7,8.83,8.83,8.83,8.83,1.0,0.0,14.0,1.0,0.4,0.7,73.8,73.8,73.8,73.8,1.0,0.0,14.0,1.0,0.7,10.3,10.3,10.3,10.3,1.0,0.0,14.0,1.0,0.4,0.7,-7.89,-7.89,-7.89,-7.89,1.0,0.0,14.0,1.0,0.4,0.7,6.62,6.62,6.62,6.62,1.0,0.0,14.0,1.0,0.4,0.7,1023.2,1023.2,1023.2,1023.2,1.0,0.0,14.0,1.0,0.4,0.7,4.0,4.0,4.0,4.0,1.0,0.0,14.0,1.0,0.4,0.7,-81.3,-81.3,-81.3,-81.3,1.0,0.0,14.0,1.0,0.4,0.7,68.2,68.2,68.2,68.2,1.0,0.0,14.0,1.0,0.4,0.7,1.9,1.9,1.9,1.9,1.0,0.0,14.0,1.0,0.4,0.7,19.6,19.6,19.6,19.6,1.0,0.0,14.0,1.0,0.4,0.7,4.69,4.69,4.69,4.69,1.0,0.0,14.0,1.0,0.4,0.7,48.3,48.3,48.3,48.3,1.0,0.0,14.0,1.0,0.4,0.7,-134.9,-134.9,-134.9,-134.9,1.0,0.0,14.0,1.0,0.4,0.7,113.2,113.2,113.2,113.2,1.0,0.0,14.0,1.0,0.4,0.7,-69.7,-69.7,-69.7,-69.7,1.0,0.0,14.0,1.0,0.4,0.7,58.5,58.5,58.5,58.5,1.0,0.0,14.0,1.0,0.4,0.7,-37.0,-37.0,-37.0,-37.0,1.0,0.0,14.0,1.0,0.4,0.7,31.0,31.0,31.0,31.0,1.0,0.0,14.0,1.0,0.4,0.7,1092.5,1092.5,1092.5,1092.5,1.0,0.0,14.0,1.0,0.4,0.7,1095.0,1095.0,1095.0,1095.0,1.0,0.0,14.0,1.0,0.4,0.7
1974,2,33.0,-39.0,,,,,,,,,,,,,,,,,,,,,,,,,,,,,,,,,,,,,,,,3.1,3.1,3.1,3.1,1.0,0.0,8.0,0.0,0.4,0.5,-1.55,-1.55,-1.55,-1.55,1.0,0.0,8.0,0.0,0.4,0.5,2.68,2.68,2.68,2.68,1.0,0.0,8.0,0.0,0.4,0.5,1020.5,1020.5,1020.5,1020.5,1.0,0.0,8.0,0.0,0.4,0.5,,,,,,,,,,,,,,,,,,,,,,,,,,,,,,,,,,,,,,,,,,,,,,,,,,,,,,,,,,,,,,,,,,,,,,,,,,,,,,,,,,,,,,,,,,,,,,,,,,,,,,,,,,,,,,,,,,,,,,,,,,,,,,,,,,,,,,,,,,,,,,,,,,,,,,
1974,2,33.0,-38.0,,,,,,,,,,,,,,,,,,,,,,,,,,,,,,,,,,,,,,,,5.1,5.1,5.1,5.1,1.0,0.0,2.0,0.0,0.8,0.1,-3.91,-3.91,-3.91,-3.91,1.0,0.0,2.0,0.0,0.8,0.1,3.28,3.28,3.28,3.28,1.0,0.0,2.0,0.0,0.8,0.1,1012.5,1012.5,1012.5,1012.5,1.0,0.0,2.0,0.0,0.8,0.1,,,,,,,,,,,,,,,,,,,,,,,,,,,,,,,,,,,,,,,,,,,,,,,,,,,,,,,,,,,,,,,,,,,,,,,,,,,,,,,,,,,,,,,,,,,,,,,,,,,,,,,,,,,,,,,,,,,,,,,,,,,,,,,,,,,,,,,,,,,,,,,,,,,,,,
1974,2,33.0,-35.0,20.21,22.6,23.56,21.9,3.0,2.52,16.0,0.3,0.6,0.6,21.39,22.0,23.23,22.3,3.0,1.37,16.0,0.3,0.6,0.6,8.6,10.11,11.65,10.13,3.0,2.24,16.0,0.3,0.6,0.6,54.0,65.5,66.8,60.5,3.0,10.3,16.0,0.3,0.6,1.69,2.1,3.12,2.4,3.0,1.08,16.0,0.3,0.6,0.6,-1.82,-1.5,0.36,-0.75,3.0,1.73,16.0,0.3,0.6,0.6,-0.49,0.0,2.31,0.89,3.0,2.19,16.0,0.3,0.6,0.6,1013.4,1019.0,1021.39,1017.43,3.0,6.01,16.0,0.3,0.6,0.6,4.0,4.0,4.0,4.0,1.0,0.0,12.0,0.0,0.4,1.0,-3.5,-2.2,2.3,-0.7,3.0,4.5,16.0,0.3,0.6,0.6,-1.0,0.0,8.3,3.6,3.0,7.5,16.0,0.3,0.6,0.6,-2.73,1.5,1.84,-0.4,3.0,3.73,16.0,0.3,0.6,0.6,-10.6,3.0,3.1,-3.6,3.0,11.5,16.0,0.3,0.6,0.6,3.14,6.87,9.38,6.27,3.0,4.6,16.0,0.3,0.6,0.6,8.0,14.4,15.4,11.8,3.0,5.8,16.0,0.3,0.6,0.6,-38.9,-33.0,9.5,-15.1,3.0,38.7,16.0,0.3,0.6,0.6,-10.3,0.0,55.0,21.8,3.0,51.4,16.0,0.3,0.6,0.6,-17.4,-11.8,6.6,-5.5,3.0,18.4,16.0,0.3,0.6,0.6,-5.0,0.0,28.6,11.5,3.0,26.5,16.0,0.3,0.6,0.6,-15.1,-13.6,-3.1,-9.2,3.0,9.5,16.0,0.3,0.6,0.6,-3.4,0.0,3.2,-0.1,3.0,4.8,16.0,0.3,0.6,0.6,5.0,9.5,35.0,20.0,3.0,23.5,16.0,0.3,0.6,0.6,5.0,10.0,35.0,20.0,3.0,25.0,16.0,0.3,0.6,0.6
1974,2,33.0,-34.0,22.0,24.3,26.0,24.1,6.0,1.97,14.0,0.7,0.5,0.4,21.67,23.35,24.37,23.2,6.0,1.73,14.0,0.7,0.5,0.4,11.21,12.93,16.42,13.7,5.0,3.1,16.0,0.8,0.6,0.4,70.8,73.5,84.7,76.9,5.0,8.0,16.0,0.8,0.4,4.36,6.2,9.92,6.77,6.0,3.71,14.0,0.7,0.5,0.4,-5.15,-0.81,5.1,-0.24,6.0,5.04,14.0,0.7,0.5,0.4,-1.48,2.57,8.15,3.54,6.0,5.31,14.0,0.7,0.5,0.4,1012.71,1015.25,1018.92,1015.78,6.0,3.71,14.0,0.7,0.5,0.4,4.6,7.0,8.0,6.3,6.0,2.0,14.0,0.7,0.5,0.4,-33.8,-12.8,28.1,-7.1,6.0,36.5,14.0,0.7,0.5,0.4,-3.5,15.8,83.3,39.3,6.0,59.8,14.0,0.7,0.5,0.4,-0.25,1.15,2.42,0.9,6.0,1.66,14.0,0.7,0.5,0.4,-2.0,5.0,16.3,5.8,6.0,12.2,14.0,0.7,0.5,0.4,2.24,5.68,6.57,4.63,5.0,2.61,16.0,0.8,0.6,0.4,12.0,32.4,71.3,39.6,5.0,31.0,16.0,0.8,0.6,0.4,-114.4,-16.2,129.3,-0.7,6.0,119.3,14.0,0.7,0.5,0.4,-35.6,58.7,183.2,76.1,6.0,115.0,14.0,0.7,0.5,0.4,-65.0,-22.0,90.6,5.4,5.0,81.7,16.0,0.8,0.6,0.4,9.7,35.5,104.0,50.8,5.0,60.2,16.0,0.8,0.6,0.4,-34.1,-12.9,9.1,-13.1,5.0,24.2,16.0,0.8,0.6,0.4,-0.4,16.2,60.6,28.0,5.0,33.9,16.0,0.8,0.6,0.4,106.0,243.0,1022.5,548.0,6.0,700.0,14.0,0.7,0.5,0.4,105.0,245.0,1025.0,550.0,6.0,700.0,14.0,0.7,0.5,0.4
1974,2,33.0,-33.0,23.98,25.05,26.04,25.03,6.0,1.03,16.0,0.5,0.4,0.8,24.56,24.8,25.3,24.83,7.0,0.53,16.0,0.6,0.5,0.8,14.2,15.66,16.54,15.33,6.0,1.5,14.0,0.5,0.5,0.8,73.5,79.0,84.8,78.9,6.0,6.2,14.0,0.5,0.8,3.53,4.1,9.92,5.87,7.0,3.72,16.0,0.6,0.5,0.8,-7.66,-3.28,-1.79,-4.37,7.0,3.47,16.0,0.6,0.5,0.8,-6.16,0.71,3.57,-0.28,7.0,4.43,16.0,0.6,0.5,0.8,1013.2,1015.5,1019.11,1015.51,7.0,2.99,16.0,0.6,0.5,0.8,2.0,3.0,7.0,4.0,7.0,2.7,16.0,0.6,0.5,0.8,-76.3,-16.6,-4.4,-36.4,7.0,48.3,16.0,0.6,0.5,0.8,-62.4,2.9,14.8,-12.9,7.0,39.0,16.0,0.6,0.5,0.8,-0.92,0.25,0.92,0.03,6.0,1.01,16.0,0.5,0.4,0.8,-9.8,1.2,3.8,-2.5,6.0,8.6,16.0,0.5,0.4,0.8,2.11,2.41,6.02,3.75,5.0,2.14,14.0,0.4,0.5,0.8,16.9,21.1,25.3,20.6,5.0,6.4,14.0,0.4,0.5,0.8,-190.2,-82.6,-42.7,-109.3,7.0,87.9,16.0,0.6,0.5,0.8,-155.6,18.0,88.6,-7.0,7.0,110.7,16.0,0.6,0.5,0.8,-134.4,-47.2,-22.3,-72.4,6.0,63.5,14.0,0.5,0.5,0.8,-101.6,-1.5,51.3,-16.5,6.0,71.6,14.0,0.5,0.5,0.8,-23.1,-16.1,-6.4,-15.1,5.0,8.9,14.0,0.4,0.5,0.8,-12.9,4.5,12.6,1.4,5.0,14.3,14.0,0.4,0.5,0.8,45.0,69.0,985.0,447.0,7.0,704.5,16.0,0.6,0.5,0.8,45.0,70.0,985.0,445.0,7.0,705.0,16.0,0.6,0.5,0.8
1974,2,33.0,-32.0,24.99,25.5,27.32,25.91,13.0,1.11,16.0,0.8,0.5,0.6,24.04,25.05,27.7,25.38,16.0,2.35,16.0,0.8,0.5,0.6,15.4,17.12,18.8,16.68,14.0,2.71,16.0,0.7,0.5,0.5,77.5,80.9,85.2,80.1,14.0,8.4,16.0,0.7,0.5,2.79,5.4,9.3,5.71,16.0,2.76,16.0,0.8,0.5,0.6,-7.1,-2.94,1.45,-2.94,16.0,3.64,16.0,0.8,0.5,0.6,-3.69,-1.0,4.42,0.06,16.0,4.46,16.0,0.8,0.5,0.6,1010.92,1015.05,1019.26,1014.8,16.0,4.49,16.0,0.8,0.5,0.6,1.0,3.0,6.6,3.6,15.0,2.6,16.0,0.8,0.5,0.6,-61.2,-12.0,4.8,-22.0,16.0,32.1,16.0,0.8,0.5,0.6,-24.0,-3.1,29.7,1.3,16.0,36.7,16.0,0.8,0.5,0.6,-1.8,-0.1,3.51,0.72,13.0,2.6,16.0,0.8,0.5,0.6,-6.8,-0.3,18.4,4.0,13.0,15.4,16.0,0.8,0.5,0.6,2.53,4.13,5.36,4.53,12.0,3.31,16.0,0.8,0.4,0.6,9.1,18.8,48.1,27.6,12.0,25.7,16.0,0.8,0.4,0.6,-183.8,-78.4,35.2,-75.2,16.0,94.0,16.0,0.8,0.5,0.6,-104.7,-23.7,106.8,-1.3,16.0,113.3,16.0,0.8,0.5,0.6,-103.7,-46.6,25.4,-43.7,14.0,60.2,16.0,0.7,0.5,0.5,-60.8,7.0,72.4,7.0,14.0,73.0,16.0,0.7,0.5,0.5,-33.3,-4.8,7.9,-14.2,12.0,27.1,16.0,0.8,0.4,0.6,-8.9,5.7,35.4,11.1,12.0,20.2,16.0,0.8,0.4,0.6,22.0,159.0,804.5,315.0,16.0,371.0,16.0,0.8,0.5,0.6,20.0,160.0,805.0,315.0,16.0,370.0,16.0,0.8,0.5,0.6
1974,2,33.0,-31.0,25.0,26.7,27.0,26.18,13.0,1.01,16.0,0.6,0.4,0.4,24.24,26.0,26.82,25.8,15.0,1.36,16.0,0.5,0.4,0.4,13.49,15.33,18.18,15.43,10.0,2.79,16.0,0.4,0.5,0.4,66.7,76.3,86.2,75.3,10.0,11.1,16.0,0.4,0.4,2.82,5.1,9.06,5.91,15.0,2.93,16.0,0.5,0.4,0.4,-4.76,-3.76,-2.27,-3.86,15.0,2.81,16.0,0.5,0.4,0.4,-2.69,0.0,5.31,0.3,15.0,4.69,16.0,0.5,0.4,0.4,1012.18,1016.0,1026.6,1017.55,15.0,6.57,16.0,0.5,0.4,0.4,2.0,6.0,8.0,4.8,13.0,2.7,16.0,0.5,0.5,0.3,-40.6,-16.2,-7.1,-28.6,15.0,32.5,16.0,0.5,0.4,0.4,-12.6,0.0,35.9,4.3,15.0,40.7,16.0,0.5,0.4,0.4,-0.28,0.4,1.26,0.24,13.0,1.6,16.0,0.6,0.4,0.4,-1.8,1.0,7.3,2.8,13.0,11.0,16.0,0.6,0.4,0.4,2.77,6.31,8.24,5.57,9.0,2.63,14.0,0.4,0.4,0.4,8.9,23.7,70.3,37.0,9.0,30.0,14.0,0.4,0.4,0.4,-127.5,-102.0,-59.3,-98.9,15.0,70.3,16.0,0.5,0.4,0.4,-77.2,0.0,126.2,4.1,15.0,120.4,16.0,0.5,0.4,0.4,-104.1,-45.0,-31.6,-56.1,10.0,48.9,16.0,0.4,0.5,0.4,-78.4,21.9,71.0,2.0,10.0,85.9,16.0,0.4,0.5,0.4,-59.0,-8.8,-4.6,-22.4,9.0,30.0,14.0,0.4,0.4,0.4,-11.7,10.4,41.2,14.3,9.0,27.3,14.0,0.4,0.4,0.4,24.0,132.5,748.0,362.0,15.0,476.5,16.0,0.5,0.4,0.4,25.0,135.0,750.0,360.0,15.0,475.0,16.0,0.5,0.4,0.4
1974,2,33.0,-30.0,27.14,27.9,28.23,27.81,18.0,0.63,18.0,0.5,0.4,0.6,25.17,27.0,27.88,26.77,21.0,1.44,18.0,0.5,0.4,0.6,15.7,17.45,18.73,17.29,18.0,1.62,18.0,0.6,0.4,0.7,73.6,79.6,84.6,79.5,18.0,6.8,18.0,0.6,0.7,2.62,5.65,12.86,7.14,20.0,3.87,18.0,0.6,0.4,0.7,-6.62,-2.4,0.88,-2.9,20.0,3.52,18.0,0.6,0.4,0.7,-3.18,2.22,9.28,2.15,20.0,6.52,18.0,0.6,0.4,0.7,1008.17,1014.5,1017.48,1013.78,21.0,4.23,18.0,0.5,0.4,0.6,2.0,5.0,8.0,4.8,20.0,2.5,18.0,0.5,0.4,0.6,-67.9,-11.6,2.3,-25.2,20.0,34.2,18.0,0.6,0.4,0.7,-16.7,5.8,86.4,24.2,20.0,76.4,18.0,0.6,0.4,0.7,-0.89,1.25,3.02,1.22,18.0,1.71,18.0,0.5,0.4,0.6,-0.8,5.6,31.7,13.3,17.0,15.4,18.0,0.5,0.4,0.6,4.04,6.59,7.96,6.23,15.0,2.05,18.0,0.6,0.4,0.7,14.9,33.5,89.7,46.2,15.0,35.9,18.0,0.6,0.4,0.7,-184.2,-62.5,24.3,-75.8,20.0,91.6,18.0,0.6,0.4,0.7,-85.2,61.6,232.3,53.4,20.0,170.6,18.0,0.6,0.4,0.7,-105.1,-34.7,16.1,-43.0,18.0,56.2,18.0,0.6,0.4,0.7,-52.7,48.8,150.5,41.7,18.0,113.2,18.0,0.6,0.4,0.7,-43.4,-12.8,6.2,-17.3,15.0,27.4,18.0,0.6,0.4,0.7,-11.4,17.4,84.3,26.6,15.0,41.8,18.0,0.6,0.4,0.7,18.0,185.5,2130.5,689.0,20.0,845.5,18.0,0.6,0.4,0.7,20.0,185.0,2130.0,690.0,20.0,845.0,18.0,0.6,0.4,0.7
1974,2,33.0,-29.0,26.61,27.9,29.0,27.77,27.0,1.27,14.0,0.5,0.4,0.6,25.18,26.9,28.46,26.9,29.0,2.09,14.0,0.5,0.4,0.6,15.19,17.17,19.11,17.28,26.0,2.22,14.0,0.5,0.4,0.6,67.0,75.1,89.3,77.0,26.0,10.4,14.0,0.5,0.6,2.24,5.1,10.66,5.96,28.0,3.66,14.0,0.5,0.4,0.6,-4.97,-2.46,1.58,-1.94,28.0,3.03,14.0,0.5,0.4,0.6,-4.22,0.0,8.59,0.66,28.0,6.06,14.0,0.5,0.4,0.6,1009.0,1013.3,1015.96,1013.08,29.0,3.21,14.0,0.5,0.4,0.6,1.3,4.5,7.7,4.3,28.0,2.9,14.0,0.5,0.4,0.6,-35.9,-7.5,13.8,-13.2,28.0,28.9,14.0,0.5,0.4,0.6,-22.6,0.0,86.9,11.4,28.0,61.3,14.0,0.5,0.4,0.6,0.18,1.0,2.01,0.98,26.0,1.73,14.0,0.5,0.4,0.6,0.9,3.4,22.5,10.8,24.0,17.0,14.0,0.5,0.4,0.6,4.37,6.71,8.14,6.34,24.0,1.91,14.0,0.5,0.4,0.6,16.2,28.1,56.2,35.1,22.0,25.1,14.0,0.5,0.4,0.6,-135.8,-67.6,39.7,-55.8,27.0,77.8,14.0,0.5,0.4,0.6,-118.0,0.0,228.3,9.3,27.0,158.2,14.0,0.5,0.4,0.6,-89.0,-41.1,0.0,-40.7,24.0,48.1,14.0,0.5,0.4,0.6,-87.4,-14.3,123.8,-3.6,24.0,107.4,14.0,0.5,0.4,0.6,-25.9,-16.4,0.0,-12.6,22.0,18.1,14.0,0.5,0.4,0.6,-24.5,-6.1,38.5,0.4,22.0,37.8,14.0,0.5,0.4,0.6,11.5,132.5,1212.0,459.0,28.0,616.5,14.0,0.5,0.4,0.6,10.0,135.0,1210.0,460.0,28.0,615.0,14.0,0.5,0.4,0.6
1974,2,33.0,-28.0,27.34,28.0,29.0,27.97,60.0,1.26,14.0,0.6,0.4,0.5,26.6,27.5,28.9,27.71,57.0,1.17,14.0,0.6,0.4,0.5,15.46,17.33,18.67,17.2,40.0,1.98,14.0,0.6,0.4,0.5,66.8,74.0,82.1,74.7,40.0,9.5,14.0,0.6,0.5,3.0,5.1,7.99,5.64,58.0,2.86,14.0,0.6,0.4,0.5,-5.13,-2.63,0.0,-2.04,58.0,3.58,14.0,0.6,0.4,0.5,-3.85,1.11,5.35,1.08,58.0,4.72,14.0,0.6,0.4,0.5,1008.95,1013.0,1016.55,1012.82,61.0,4.14,14.0,0.6,0.4,0.5,1.0,3.5,6.0,3.7,60.0,2.3,14.0,0.6,0.4,0.5,-33.7,-11.7,0.0,-12.5,58.0,31.6,14.0,0.6,0.4,0.5,-24.2,4.4,37.5,11.1,58.0,44.3,14.0,0.6,0.4,0.5,-0.98,0.3,1.5,0.21,56.0,1.66,14.0,0.6,0.4,0.5,-4.6,1.4,8.8,0.8,53.0,10.7,14.0,0.5,0.4,0.5,4.56,6.06,8.16,6.19,40.0,2.38,14.0,0.6,0.4,0.5,17.4,32.1,58.8,33.9,38.0,19.4,14.0,0.5,0.4,0.5,-139.1,-79.5,23.9,-59.0,54.0,101.0,14.0,0.6,0.4,0.5,-112.6,44.6,157.4,31.7,54.0,134.4,14.0,0.6,0.4,0.5,-86.7,-48.8,0.0,-37.9,38.0,64.6,14.0,0.5,0.4,0.5,-57.2,35.8,111.5,28.2,38.0,79.5,14.0,0.5,0.4,0.5,-31.6,-15.4,0.0,-15.6,38.0,20.2,14.0,0.5,0.4,0.5,-21.2,4.4,34.6,5.9,38.0,29.4,14.0,0.5,0.4,0.5,27.0,132.5,509.5,332.0,58.0,548.5,14.0,0.6,0.4,0.5,25.0,135.0,510.0,330.0,58.0,550.0,14.0,0.6,0.4,0.5
1974,2,33.0,-27.0,27.64,28.0,29.81,28.36,16.0,1.08,14.0,0.5,0.5,0.3,26.27,27.0,29.04,27.3,15.0,1.45,12.0,0.5,0.5,0.3,14.58,17.6,18.44,16.88,12.0,1.86,12.0,0.5,0.6,0.3,67.8,75.3,80.9,75.7,13.0,8.9,12.0,0.5,0.3,1.5,3.55,6.74,3.97,16.0,3.08,14.0,0.5,0.5,0.3,-5.36,-1.65,1.19,-2.01,16.0,3.2,14.0,0.5,0.5,0.3,0.1,1.78,4.76,2.18,16.0,2.58,14.0,0.5,0.5,0.3,1009.41,1014.3,1016.96,1013.39,15.0,4.01,12.0,0.5,0.5,0.3,1.0,3.5,7.6,4.1,16.0,2.9,14.0,0.5,0.5,0.3,-37.0,-3.7,2.2,-15.5,16.0,28.7,14.0,0.5,0.5,0.3,0.1,3.9,26.3,14.4,16.0,23.1,14.0,0.5,0.5,0.3,-0.37,1.0,2.78,0.99,15.0,1.51,12.0,0.5,0.5,0.3,-0.4,4.1,6.2,3.0,15.0,5.4,12.0,0.5,0.5,0.3,5.59,7.28,8.66,7.38,12.0,2.0,12.0,0.5,0.6,0.3,7.0,18.5,38.8,23.6,12.0,21.6,12.0,0.5,0.6,0.3,-152.8,-58.4,15.0,-62.1,15.0,81.9,12.0,0.5,0.5,0.3,1.4,36.0,143.5,56.8,15.0,71.4,12.0,0.5,0.5,0.3,-65.3,-19.1,16.0,-25.2,12.0,42.8,12.0,0.5,0.6,0.3,0.0,13.5,49.7,20.5,12.0,35.4,12.0,0.5,0.6,0.3,-32.1,-5.7,5.3,-13.7,12.0,22.8,12.0,0.5,0.6,0.3,0.0,4.6,21.2,8.5,12.0,16.3,12.0,0.5,0.6,0.3,3.5,47.0,313.5,193.0,16.0,368.0,14.0,0.5,0.5,0.3,5.0,45.0,315.0,195.0,16.0,370.0,14.0,0.5,0.5,0.3
1974,2,33.0,29.0,20.5,20.5,20.5,20.5,1.0,0.0,26.0,0.0,0.8,0.1,15.5,15.5,15.5,15.5,1.0,0.0,26.0,0.0,0.8,0.1,8.14,8.14,8.14,8.14,1.0,0.0,26.0,0.0,0.8,0.1,74.5,74.5,74.5,74.5,1.0,0.0,26.0,0.0,0.1,12.3,12.3,12.3,12.3,1.0,0.0,26.0,0.0,0.8,0.1,10.65,10.65,10.65,10.65,1.0,0.0,26.0,0.0,0.8,0.1,-6.15,-6.15,-6.15,-6.15,1.0,0.0,26.0,0.0,0.8,0.1,1012.0,1012.0,1012.0,1012.0,1.0,0.0,26.0,0.0,0.8,0.1,8.0,8.0,8.0,8.0,1.0,0.0,26.0,0.0,0.8,0.1,131.0,131.0,131.0,131.0,1.0,0.0,26.0,0.0,0.8,0.1,-75.6,-75.6,-75.6,-75.6,1.0,0.0,26.0,0.0,0.8,0.1,5.0,5.0,5.0,5.0,1.0,0.0,26.0,0.0,0.8,0.1,61.5,61.5,61.5,61.5,1.0,0.0,26.0,0.0,0.8,0.1,6.88,6.88,6.88,6.88,1.0,0.0,26.0,0.0,0.8,0.1,84.6,84.6,84.6,84.6,1.0,0.0,26.0,0.0,0.8,0.1,165.1,165.1,165.1,165.1,1.0,0.0,26.0,0.0,0.8,0.1,-95.3,-95.3,-95.3,-95.3,1.0,0.0,26.0,0.0,0.8,0.1,86.7,86.7,86.7,86.7,1.0,0.0,26.0,0.0,0.8,0.1,-50.1,-50.1,-50.1,-50.1,1.0,0.0,26.0,0.0,0.8,0.1,73.3,73.3,73.3,73.3,1.0,0.0,26.0,0.0,0.8,0.1,-42.3,-42.3,-42.3,-42.3,1.0,0.0,26.0,0.0,0.8,0.1,1861.0,1861.0,1861.0,1861.0,1.0,0.0,26.0,0.0,0.8,0.1,1860.0,1860.0,1860.0,1860.0,1.0,0.0,26.0,0.0,0.8,0.1
1974,2,33.0,32.0,16.16,16.5,16.84,16.5,2.0,0.71,20.0,0.5,0.4,0.4,16.02,16.7,17.38,16.7,2.0,1.41,20.0,0.5,0.4,0.4,8.72,9.99,11.26,9.99,2.0,2.63,20.0,0.5,0.4,0.4,76.8,83.7,90.6,83.7,2.0,14.3,20.0,0.5,0.4,6.34,9.0,11.66,9.0,2.0,5.52,20.0,0.5,0.4,0.4,4.77,7.99,11.21,7.99,2.0,6.67,20.0,0.5,0.4,0.4,-1.26,0.83,2.93,0.83,2.0,4.35,20.0,0.5,0.4,0.4,1009.82,1011.15,1012.48,1011.15,2.0,2.76,20.0,0.5,0.4,0.4,4.0,4.0,4.0,4.0,1.0,0.0,14.0,0.0,0.8,0.0,40.1,90.3,140.5,90.3,2.0,104.1,20.0,0.5,0.4,0.4,-21.1,-4.5,12.2,-4.5,2.0,34.5,20.0,0.5,0.4,0.4,-0.54,-0.2,0.14,-0.2,2.0,0.71,20.0,0.5,0.4,0.4,-2.4,0.2,2.7,0.2,2.0,5.3,20.0,0.5,0.4,0.4,0.69,1.69,2.69,1.69,2.0,2.07,20.0,0.5,0.4,0.4,7.4,20.9,34.4,20.9,2.0,27.9,20.0,0.5,0.4,0.4,80.5,128.7,177.0,128.7,2.0,100.0,20.0,0.5,0.4,0.4,-18.6,17.0,52.6,17.0,2.0,73.8,20.0,0.5,0.4,0.4,49.1,71.1,93.1,71.1,2.0,45.6,20.0,0.5,0.4,0.4,-8.0,14.0,36.1,14.0,2.0,45.6,20.0,0.5,0.4,0.4,7.0,20.4,33.8,20.4,2.0,27.8,20.0,0.5,0.4,0.4,-5.8,-3.1,-0.4,-3.1,2.0,5.6,20.0,0.5,0.4,0.4,452.5,1139.5,1827.0,1139.5,2.0,1424.0,20.0,0.5,0.4,0.4,450.0,1140.0,1825.0,1140.0,2.0,1425.0,20.0,0.5,0.4,0.4
1974,2,33.0,33.0,17.0,17.0,17.94,17.39,8.0,1.25,16.0,0.4,0.3,0.3,13.94,16.3,17.57,15.95,10.0,2.2,14.0,0.3,0.4,0.3,5.32,7.74,9.44,7.71,9.0,2.26,14.0,0.2,0.4,0.3,54.7,66.7,81.8,68.2,9.0,12.9,14.0,0.2,0.3,2.6,4.35,6.84,4.63,10.0,3.12,14.0,0.3,0.4,0.3,-6.08,1.3,3.77,-0.83,10.0,5.41,14.0,0.3,0.4,0.3,-1.14,0.0,1.85,0.36,10.0,1.84,14.0,0.3,0.4,0.3,1012.36,1015.75,1020.66,1016.56,10.0,4.67,14.0,0.3,0.4,0.3,1.3,3.0,6.0,3.8,9.0,2.8,14.0,0.3,0.4,0.3,-40.8,3.4,18.7,-13.8,10.0,46.2,14.0,0.3,0.4,0.3,-4.3,0.0,13.2,3.3,10.0,10.6,14.0,0.3,0.4,0.3,-0.36,0.65,1.89,1.05,8.0,1.79,16.0,0.4,0.3,0.3,-1.6,2.2,7.9,3.5,8.0,6.2,16.0,0.4,0.3,0.3,3.15,4.45,4.93,4.35,7.0,1.92,16.0,0.3,0.4,0.3,11.6,19.6,25.4,21.5,7.0,14.0,16.0,0.3,0.4,0.3,-105.5,16.1,66.2,-15.6,10.0,91.6,14.0,0.3,0.4,0.3,-16.3,0.0,32.6,8.2,10.0,32.8,14.0,0.3,0.4,0.3,-37.9,11.1,33.9,-1.7,9.0,42.1,14.0,0.2,0.4,0.3,-6.4,0.0,5.6,3.2,9.0,18.0,14.0,0.2,0.4,0.3,-8.4,11.9,19.4,3.7,7.0,25.5,16.0,0.3,0.4,0.3,-7.0,0.0,1.7,-1.0,7.0,8.1,16.0,0.3,0.4,0.3,17.5,83.0,340.5,241.5,10.0,443.0,14.0,0.3,0.4,0.3,20.0,85.0,340.0,240.0,10.0,445.0,14.0,0.3,0.4,0.3
1974,2,33.0,34.0,15.61,16.5,17.39,16.63,15.0,1.32,16.0,0.5,0.4,0.5,13.01,15.2,17.09,15.15,14.0,2.04,16.0,0.5,0.4,0.5,4.82,7.04,8.85,6.82,6.0,2.12,18.0,0.5,0.4,0.4,52.6,72.6,75.0,66.2,6.0,14.2,18.0,0.5,0.4,1.07,4.3,8.95,4.63,14.0,3.39,16.0,0.5,0.4,0.5,-3.56,0.0,2.73,-0.37,14.0,4.35,16.0,0.5,0.4,0.5,-4.83,-1.36,0.0,-1.54,14.0,3.6,16.0,0.5,0.4,0.5,1009.21,1015.9,1023.89,1015.72,15.0,6.7,16.0,0.5,0.4,0.5,1.8,3.0,7.1,4.0,13.0,2.8,16.0,0.5,0.5,0.5,-13.6,0.0,14.3,-4.0,14.0,38.1,16.0,0.5,0.4,0.5,-33.6,-4.2,0.0,-11.8,14.0,26.7,16.0,0.5,0.4,0.5,-0.33,2.0,3.19,1.45,14.0,2.22,16.0,0.5,0.4,0.5,-1.3,6.3,12.9,4.9,13.0,14.7,16.0,0.5,0.4,0.5,3.88,5.1,6.7,5.28,6.0,1.88,18.0,0.5,0.4,0.4,7.5,18.3,23.9,16.9,6.0,11.6,18.0,0.5,0.4,0.4,-64.7,0.0,40.6,-4.6,13.0,70.1,16.0,0.5,0.4,0.5,-90.5,-19.4,5.7,-23.9,13.0,58.9,16.0,0.5,0.4,0.5,-6.5,0.0,12.9,0.0,6.0,17.4,18.0,0.5,0.4,0.4,-19.1,-4.6,10.9,-3.6,6.0,34.6,18.0,0.5,0.4,0.4,-4.2,0.0,8.1,-0.3,6.0,11.0,18.0,0.5,0.4,0.4,-23.5,-3.0,3.3,-7.2,6.0,17.1,18.0,0.5,0.4,0.4,1.5,80.5,718.0,254.0,14.0,343.0,16.0,0.5,0.4,0.5,0.0,80.0,720.0,255.0,14.0,345.0,16.0,0.5,0.4,0.5
1974,2,33.0,35.0,,,,,,,,,,,,,,,,,,,,,,,,,,,,,,,,,,,,,,,,4.83,12.0,14.05,9.5,3.0,7.09,10.0,0.7,0.2,0.7,-13.66,-11.28,-2.69,-8.25,3.0,8.45,10.0,0.7,0.2,0.7,-3.63,-2.6,-0.31,-1.99,3.0,2.49,10.0,0.7,0.2,0.7,1015.25,1016.0,1023.78,1019.43,3.0,6.92,10.0,0.7,0.2,0.7,,,,,,,,,,,,,,,,,,,,,,,,,,,,,,,,,,,,,,,,,,,,,,,,,,,,,,,,,,,,,,,,,,,,,,,,,,,,,,,,,,,,,,,,,,,,,,,,,,,,,,,,,,,,,,,,,,,,,,,,,,,,,,,,,,,,,,,,,,,,,,,,,,,,,,
1974,2,33.0,36.0,18.0,18.0,18.0,18.0,2.0,0.0,14.0,0.0,0.3,0.1,14.39,14.8,15.21,14.8,2.0,0.85,14.0,0.0,0.3,0.1,5.94,5.94,5.94,5.94,1.0,0.0,10.0,0.0,0.4,0.3,59.8,59.8,59.8,59.8,1.0,0.0,10.0,0.0,0.3,1.48,4.65,7.82,4.65,2.0,6.58,14.0,0.0,0.3,0.1,-7.35,-4.37,-1.39,-4.37,2.0,6.18,14.0,0.0,0.3,0.1,0.5,1.59,2.68,1.59,2.0,2.25,14.0,0.0,0.3,0.1,1019.01,1019.9,1020.79,1019.9,2.0,1.84,14.0,0.0,0.3,0.1,2.0,2.0,2.0,2.0,1.0,0.0,18.0,0.0,0.2,0.0,-68.4,-40.6,-12.9,-40.6,2.0,57.5,14.0,0.0,0.3,0.1,4.7,14.8,24.9,14.8,2.0,20.9,14.0,0.0,0.3,0.1,2.79,3.2,3.61,3.2,2.0,0.85,14.0,0.0,0.3,0.1,5.6,17.7,29.7,17.7,2.0,25.0,14.0,0.0,0.3,0.1,6.78,6.78,6.78,6.78,1.0,0.0,10.0,0.0,0.4,0.3,63.0,63.0,63.0,63.0,1.0,0.0,10.0,0.0,0.4,0.3,-104.4,-62.0,-19.7,-62.0,2.0,87.7,14.0,0.0,0.3,0.1,7.2,22.6,38.0,22.6,2.0,31.9,14.0,0.0,0.3,0.1,-51.9,-51.9,-51.9,-51.9,1.0,0.0,10.0,0.0,0.4,0.3,18.9,18.9,18.9,18.9,1.0,0.0,10.0,0.0,0.4,0.3,-59.2,-59.2,-59.2,-59.2,1.0,0.0,10.0,0.0,0.4,0.3,21.6,21.6,21.6,21.6,1.0,0.0,10.0,0.0,0.4,0.3,127.5,402.0,676.5,402.0,2.0,569.0,14.0,0.0,0.3,0.1,130.0,400.0,675.0,400.0,2.0,570.0,14.0,0.0,0.3,0.1
1974,2,33.0,42.0,,,,,,,,,,,,,,,,,,,,,,,,,,,,,,,,,,,,,,,,2.22,5.0,6.91,4.77,8.0,2.83,10.0,0.6,0.4,0.5,-4.72,0.0,2.83,-0.62,8.0,4.63,10.0,0.6,0.4,0.5,-4.73,-0.43,1.67,-0.93,8.0,3.34,10.0,0.6,0.4,0.5,1019.1,1021.25,1027.37,1022.81,8.0,5.97,10.0,0.6,0.4,0.5,,,,,,,,,,,,,,,,,,,,,,,,,,,,,,,,,,,,,,,,,,,,,,,,,,,,,,,,,,,,,,,,,,,,,,,,,,,,,,,,,,,,,,,,,,,,,,,,,,,,,,,,,,,,,,,,,,,,,,,,,,,,,,,,,,,,,,,,,,,,,,,,,,,,,,
1974,2,33.0,43.0,,,,,,,,,,,,,,,,,,,,,,,,,,,,,,,,,,,,,,,,3.0,5.5,9.23,6.15,10.0,4.01,14.0,0.7,0.7,0.0,-3.84,-2.02,1.32,-1.07,10.0,3.74,14.0,0.7,0.7,0.0,-4.07,-1.52,3.17,-0.12,10.0,6.55,14.0,0.7,0.7,0.0,1017.53,1022.2,1027.35,1021.94,9.0,4.57,14.0,0.7,0.7,0.0,,,,,,,,,,,,,,,,,,,,,,,,,,,,,,,,,,,,,,,,,,,,,,,,,,,,,,,,,,,,,,,,,,,,,,,,,,,,,,,,,,,,,,,,,,,,,,,,,,,,,,,,,,,,,,,,,,,,,,,,,,,,,,,,,,,,,,,,,,,,,,,,,,,,,,
1974,2,33.0,44.0,7.14,7.2,7.71,7.27,7.0,0.64,6.0,0.3,0.3,0.4,2.91,4.4,6.97,5.14,7.0,3.01,6.0,0.3,0.3,0.4,3.21,3.99,5.73,4.42,5.0,1.37,4.0,0.4,0.2,0.5,73.5,79.8,87.3,79.5,5.0,10.0,4.0,0.4,0.5,5.81,6.2,10.0,7.5,7.0,3.72,6.0,0.3,0.3,0.4,-6.29,0.0,5.3,-0.66,7.0,6.48,6.0,0.3,0.3,0.4,-5.45,0.0,6.45,0.55,7.0,6.05,6.0,0.3,0.3,0.4,1008.3,1022.7,1030.26,1019.14,7.0,12.04,6.0,0.3,0.3,0.4,5.8,8.0,8.0,6.6,7.0,2.2,6.0,0.3,0.3,0.4,-42.4,0.0,36.5,-15.5,7.0,73.0,6.0,0.3,0.3,0.4,-36.4,0.0,53.6,3.6,7.0,61.5,6.0,0.3,0.3,0.4,0.23,2.0,4.31,2.13,7.0,3.08,6.0,0.3,0.3,0.4,1.6,10.2,28.6,11.4,7.0,22.8,6.0,0.3,0.3,0.4,0.6,2.19,3.16,1.9,5.0,1.38,4.0,0.4,0.2,0.5,3.2,7.3,19.6,10.4,5.0,8.7,4.0,0.4,0.2,0.5,-38.3,0.0,26.1,-3.4,7.0,30.7,6.0,0.3,0.3,0.4,-7.0,0.0,45.5,16.3,7.0,43.4,6.0,0.3,0.3,0.4,-1.0,9.9,22.3,10.9,5.0,13.1,4.0,0.4,0.2,0.5,-11.3,6.8,44.1,15.5,5.0,32.2,4.0,0.4,0.2,0.5,-0.6,4.7,13.0,6.3,5.0,8.1,4.0,0.4,0.2,0.5,-9.0,0.9,6.0,-1.7,5.0,9.7,4.0,0.4,0.2,0.5,206.0,238.5,1027.5,705.5,7.0,948.5,6.0,0.3,0.3,0.4,205.0,240.0,1025.0,705.0,7.0,950.0,6.0,0.3,0.3,0.4
1974,2,33.0,70.0,3.08,3.25,3.42,3.25,2.0,0.35,22.0,0.5,0.4,0.7,-2.51,2.0,2.41,0.0,3.0,3.99,14.0,0.3,0.3,0.6,2.44,2.5,2.56,2.5,2.0,0.13,22.0,0.5,0.4,0.7,60.1,75.1,90.1,75.1,2.0,31.1,22.0,0.5,0.7,14.72,15.4,17.86,16.27,3.0,2.42,14.0,0.3,0.3,0.6,-10.67,-9.9,9.83,-0.64,3.0,17.02,14.0,0.3,0.3,0.6,2.94,9.26,10.99,7.02,3.0,6.21,14.0,0.3,0.3,0.6,1004.13,1014.1,1017.1,1010.7,3.0,9.95,14.0,0.3,0.3,0.6,7.0,7.0,7.0,7.0,2.0,0.0,14.0,0.5,0.4,0.5,-156.8,-152.4,198.0,16.6,3.0,298.3,14.0,0.3,0.3,0.6,42.3,133.3,166.3,105.0,3.0,94.1,14.0,0.3,0.3,0.6,1.62,4.25,6.88,4.25,2.0,5.44,22.0,0.5,0.4,0.7,26.2,66.2,106.1,66.2,2.0,82.8,22.0,0.5,0.4,0.7,2.24,2.25,2.26,2.25,2.0,0.02,22.0,0.5,0.4,0.7,35.8,38.8,41.7,38.8,2.0,6.1,22.0,0.5,0.4,0.7,-0.6,45.5,48.2,24.3,3.0,40.2,14.0,0.3,0.3,0.6,-37.0,0.0,12.6,-11.9,3.0,37.8,14.0,0.3,0.3,0.6,-14.3,10.1,34.5,10.1,2.0,50.6,22.0,0.5,0.4,0.7,4.9,15.3,25.7,15.3,2.0,21.6,22.0,0.5,0.4,0.7,-11.8,10.5,32.8,10.5,2.0,46.1,22.0,0.5,0.4,0.7,4.2,13.2,22.2,13.2,2.0,18.7,22.0,0.5,0.4,0.7,3197.5,3652.5,5841.0,4499.0,3.0,2070.5,14.0,0.3,0.3,0.6,3195.0,3650.0,5840.0,4500.0,3.0,2070.0,14.0,0.3,0.3,0.6
1974,2,33.0,71.0,3.5,3.5,3.5,3.5,1.0,0.0,4.0,0.0,0.5,0.1,-3.1,-3.1,-3.1,-3.1,1.0,0.0,4.0,0.0,0.5,0.1,2.74,2.74,2.74,2.74,1.0,0.0,4.0,0.0,0.5,0.1,90.7,90.7,90.7,90.7,1.0,0.0,4.0,0.0,0.1,6.7,6.7,6.7,6.7,1.0,0.0,4.0,0.0,0.5,0.1,-5.13,-5.13,-5.13,-5.13,1.0,0.0,4.0,0.0,0.5,0.1,-4.31,-4.31,-4.31,-4.31,1.0,0.0,4.0,0.0,0.5,0.1,1007.3,1007.3,1007.3,1007.3,1.0,0.0,4.0,0.0,0.5,0.1,4.0,4.0,4.0,4.0,1.0,0.0,4.0,0.0,0.5,0.1,-34.4,-34.4,-34.4,-34.4,1.0,0.0,4.0,0.0,0.5,0.1,-28.9,-28.9,-28.9,-28.9,1.0,0.0,4.0,0.0,0.5,0.1,6.6,6.6,6.6,6.6,1.0,0.0,4.0,0.0,0.5,0.1,44.2,44.2,44.2,44.2,1.0,0.0,4.0,0.0,0.5,0.1,2.14,2.14,2.14,2.14,1.0,0.0,4.0,0.0,0.5,0.1,14.3,14.3,14.3,14.3,1.0,0.0,4.0,0.0,0.5,0.1,15.9,15.9,15.9,15.9,1.0,0.0,4.0,0.0,0.5,0.1,13.4,13.4,13.4,13.4,1.0,0.0,4.0,0.0,0.5,0.1,-14.1,-14.1,-14.1,-14.1,1.0,0.0,4.0,0.0,0.5,0.1,-11.8,-11.8,-11.8,-11.8,1.0,0.0,4.0,0.0,0.5,0.1,-11.0,-11.0,-11.0,-11.0,1.0,0.0,4.0,0.0,0.5,0.1,-9.2,-9.2,-9.2,-9.2,1.0,0.0,4.0,0.0,0.5,0.1,301.0,301.0,301.0,301.0,1.0,0.0,4.0,0.0,0.5,0.1,300.0,300.0,300.0,300.0,1.0,0.0,4.0,0.0,0.5,0.1
1974,2,33.0,72.0,,,,,,,,,,,,,,,,,,,,,,,,,,,,,,,,,,,,,,,,15.38,17.0,18.05,16.73,4.0,2.11,8.0,0.5,0.4,0.0,-16.38,-14.83,-11.49,-13.98,4.0,3.25,8.0,0.5,0.4,0.0,2.67,4.38,11.39,6.91,4.0,6.54,8.0,0.5,0.4,0.0,1002.43,1007.3,1010.96,1006.73,4.0,5.01,8.0,0.5,0.4,0.0,,,,,,,,,,,,,,,,,,,,,,,,,,,,,,,,,,,,,,,,,,,,,,,,,,,,,,,,,,,,,,,,,,,,,,,,,,,,,,,,,,,,,,,,,,,,,,,,,,,,,,,,,,,,,,,,,,,,,,,,,,,,,,,,,,,,,,,,,,,,,,,,,,,,,,
1974,2,34.0,-69.0,0.0,0.0,0.0,0.0,1.0,0.0,12.0,1.0,0.0,0.8,0.1,0.1,0.1,0.1,1.0,0.0,12.0,1.0,0.0,0.8,3.7,3.7,3.7,3.7,1.0,0.0,12.0,1.0,0.0,0.8,94.3,94.3,94.3,94.3,1.0,0.0,12.0,1.0,0.8,9.3,9.3,9.3,9.3,1.0,0.0,12.0,1.0,0.0,0.8,-8.74,-8.74,-8.74,-8.74,1.0,0.0,12.0,1.0,0.0,0.8,-3.18,-3.18,-3.18,-3.18,1.0,0.0,12.0,1.0,0.0,0.8,984.2,984.2,984.2,984.2,1.0,0.0,12.0,1.0,0.0,0.8,8.0,8.0,8.0,8.0,1.0,0.0,12.0,1.0,0.0,0.8,-81.3,-81.3,-81.3,-81.3,1.0,0.0,12.0,1.0,0.0,0.8,-29.6,-29.6,-29.6,-29.6,1.0,0.0,12.0,1.0,0.0,0.8,-0.1,-0.1,-0.1,-0.1,1.0,0.0,12.0,1.0,0.0,0.8,-0.9,-0.9,-0.9,-0.9,1.0,0.0,12.0,1.0,0.0,0.8,0.19,0.19,0.19,0.19,1.0,0.0,12.0,1.0,0.0,0.8,1.8,1.8,1.8,1.8,1.0,0.0,12.0,1.0,0.0,0.8,-0.9,-0.9,-0.9,-0.9,1.0,0.0,12.0,1.0,0.0,0.8,-0.3,-0.3,-0.3,-0.3,1.0,0.0,12.0,1.0,0.0,0.8,-32.3,-32.3,-32.3,-32.3,1.0,0.0,12.0,1.0,0.0,0.8,-11.8,-11.8,-11.8,-11.8,1.0,0.0,12.0,1.0,0.0,0.8,-1.7,-1.7,-1.7,-1.7,1.0,0.0,12.0,1.0,0.0,0.8,-0.6,-0.6,-0.6,-0.6,1.0,0.0,12.0,1.0,0.0,0.8,804.5,804.5,804.5,804.5,1.0,0.0,12.0,1.0,0.0,0.8,805.0,805.0,805.0,805.0,1.0,0.0,12.0,1.0,0.0,0.8
1974,2,34.0,-67.0,,,,,,,,,,,,,,,,,,,,,,,,,,,,,,,,,,,,,,,,7.7,7.7,7.7,7.7,1.0,0.0,24.0,1.0,0.4,0.6,-2.63,-2.63,-2.63,-2.63,1.0,0.0,24.0,1.0,0.4,0.6,-7.24,-7.24,-7.24,-7.24,1.0,0.0,24.0,1.0,0.4,0.6,982.9,982.9,982.9,982.9,1.0,0.0,24.0,1.0,0.4,0.6,,,,,,,,,,,,,,,,,,,,,,,,,,,,,,,,,,,,,,,,,,,,,,,,,,,,,,,,,,,,,,,,,,,,,,,,,,,,,,,,,,,,,,,,,,,,,,,,,,,,,,,,,,,,,,,,,,,,,,,,,,,,,,,,,,,,,,,,,,,,,,,,,,,,,,
1974,2,34.0,-66.0,1.05,1.15,1.2,1.13,4.0,0.1,22.0,0.0,0.5,0.6,1.39,1.7,1.8,1.6,4.0,0.28,22.0,0.0,0.5,0.6,3.44,3.52,3.6,3.52,2.0,0.16,22.0,0.0,0.4,1.0,79.6,80.4,81.3,80.4,2.0,1.7,22.0,0.0,1.0,7.84,8.65,10.87,9.33,4.0,2.1,22.0,0.0,0.5,0.6,2.21,5.39,7.85,5.05,4.0,3.91,22.0,0.0,0.5,0.6,-7.98,-7.8,-6.36,-7.2,4.0,1.38,22.0,0.0,0.5,0.6,975.19,980.1,981.23,978.3,4.0,4.89,22.0,0.0,0.5,0.6,3.5,4.5,6.0,4.8,4.0,1.7,22.0,0.0,0.5,0.6,20.6,46.1,84.1,52.0,4.0,47.9,22.0,0.0,0.5,0.6,-86.6,-67.1,-49.8,-68.1,4.0,23.8,22.0,0.0,0.5,0.6,-0.7,-0.55,-0.24,-0.47,4.0,0.34,22.0,0.0,0.5,0.6,-7.4,-4.6,-2.2,-4.8,4.0,4.0,22.0,0.0,0.5,0.6,0.62,0.73,0.84,0.73,2.0,0.23,22.0,0.0,0.4,1.0,7.0,7.1,7.1,7.1,2.0,0.1,22.0,0.0,0.4,1.0,3.5,7.4,12.4,7.9,4.0,7.0,22.0,0.0,0.5,0.6,-14.1,-13.4,-9.4,-11.8,4.0,3.8,22.0,0.0,0.5,0.6,23.0,27.5,32.1,27.5,2.0,9.4,22.0,0.0,0.4,1.0,-26.9,-23.1,-19.3,-23.1,2.0,7.9,22.0,0.0,0.4,1.0,5.4,5.4,5.5,5.4,2.0,0.1,22.0,0.0,0.4,1.0,-4.6,-4.5,-4.5,-4.5,2.0,0.1,22.0,0.0,0.4,1.0,483.0,658.0,1358.0,908.5,4.0,653.0,22.0,0.0,0.5,0.6,485.0,660.0,1360.0,910.0,4.0,655.0,22.0,0.0,0.5,0.6
1974,2,34.0,-65.0,,,,,,,,,,,,,,,,,,,,,,,,,,,,,,,,,,,,,,,,9.37,10.8,11.89,10.63,3.0,1.86,22.0,0.7,0.4,0.5,8.11,9.35,9.45,8.8,3.0,1.09,22.0,0.7,0.4,0.5,-7.15,-5.4,-4.68,-5.91,3.0,1.86,22.0,0.7,0.4,0.5,975.73,977.1,978.87,977.3,3.0,2.31,22.0,0.7,0.4,0.5,,,,,,,,,,,,,,,,,,,,,,,,,,,,,,,,,,,,,,,,,,,,,,,,,,,,,,,,,,,,,,,,,,,,,,,,,,,,,,,,,,,,,,,,,,,,,,,,,,,,,,,,,,,,,,,,,,,,,,,,,,,,,,,,,,,,,,,,,,,,,,,,,,,,,,
1974,2,34.0,-64.0,,,,,,,,,,,,,,,,,,,,,,,,,,,,,,,,,,,,,,,,6.86,7.2,10.0,8.4,3.0,2.52,22.0,1.0,0.4,0.5,3.31,5.52,9.46,6.37,3.0,4.56,22.0,1.0,0.4,0.5,-5.77,-4.63,-1.47,-3.64,3.0,3.26,22.0,1.0,0.4,0.5,971.21,972.1,973.4,972.3,3.0,1.61,22.0,1.0,0.4,0.5,,,,,,,,,,,,,,,,,,,,,,,,,,,,,,,,,,,,,,,,,,,,,,,,,,,,,,,,,,,,,,,,,,,,,,,,,,,,,,,,,,,,,,,,,,,,,,,,,,,,,,,,,,,,,,,,,,,,,,,,,,,,,,,,,,,,,,,,,,,,,,,,,,,,,,
1974,2,34.0,-63.0,,,,,,,,,,,,,,,,,,,,,,,,,,,,,,,,,,,,,,,,5.27,5.65,6.03,5.65,2.0,0.78,22.0,0.0,0.3,0.7,0.49,1.55,2.61,1.55,2.0,2.19,22.0,0.0,0.3,0.7,-5.33,-5.23,-5.14,-5.23,2.0,0.19,22.0,0.0,0.3,0.7,970.49,970.9,971.31,970.9,2.0,0.85,22.0,0.0,0.3,0.7,,,,,,,,,,,,,,,,,,,,,,,,,,,,,,,,,,,,,,,,,,,,,,,,,,,,,,,,,,,,,,,,,,,,,,,,,,,,,,,,,,,,,,,,,,,,,,,,,,,,,,,,,,,,,,,,,,,,,,,,,,,,,,,,,,,,,,,,,,,,,,,,,,,,,,
1974,2,34.0,-62.0,,,,,,,,,,,,,,,,,,,,,,,,,,,,,,,,,,,,,,,,8.11,9.0,9.89,9.0,2.0,1.84,22.0,0.5,0.4,0.6,6.21,6.89,7.57,6.89,2.0,1.41,22.0,0.5,0.4,0.6,-6.36,-5.79,-5.21,-5.79,2.0,1.18,22.0,0.5,0.4,0.6,971.45,972.2,972.95,972.2,2.0,1.56,22.0,0.5,0.4,0.6,,,,,,,,,,,,,,,,,,,,,,,,,,,,,,,,,,,,,,,,,,,,,,,,,,,,,,,,,,,,,,,,,,,,,,,,,,,,,,,,,,,,,,,,,,,,,,,,,,,,,,,,,,,,,,,,,,,,,,,,,,,,,,,,,,,,,,,,,,,,,,,,,,,,,,
1974,2,34.0,-61.0,1.2,1.2,1.2,1.2,2.0,0.0,22.0,1.0,0.3,0.8,1.16,1.5,1.5,1.33,3.0,0.29,22.0,1.0,0.3,0.6,3.15,3.15,3.15,3.15,1.0,0.0,22.0,1.0,0.3,0.4,74.6,74.6,74.6,74.6,1.0,0.0,22.0,1.0,0.4,10.96,11.3,11.64,11.3,3.0,0.5,22.0,1.0,0.3,0.6,7.58,8.27,8.8,8.19,3.0,0.89,22.0,1.0,0.3,0.6,-8.32,-7.58,-7.15,-7.73,3.0,0.87,22.0,1.0,0.3,0.6,973.93,974.0,974.68,974.3,3.0,0.61,22.0,1.0,0.3,0.6,8.0,8.0,8.0,8.0,3.0,0.0,22.0,1.0,0.3,0.6,84.4,89.4,101.2,92.7,3.0,12.6,22.0,1.0,0.3,0.6,-95.2,-89.5,-79.6,-87.4,3.0,11.6,22.0,1.0,0.3,0.6,,,,,,,,,,,,,,,,,,,,,,,,,,,,,,,,,,,,,,,,,9.1,10.9,12.7,10.9,3.0,2.6,22.0,1.0,0.3,0.6,-12.5,-11.4,-8.3,-10.4,3.0,3.1,22.0,1.0,0.3,0.6,26.1,26.1,26.1,26.1,1.0,0.0,22.0,1.0,0.3,0.4,-21.9,-21.9,-21.9,-21.9,1.0,0.0,22.0,1.0,0.3,0.4,,,,,,,,,,,,,,,,,,,,,,,,,,,,,,,,,,,,,,,,
1974,2,34.0,-60.0,,,,,,,,,,,,,,,,,,,,,,,,,,,,,,,,,,,,,,,,11.3,11.3,11.3,11.3,1.0,0.0,22.0,1.0,0.2,0.3,8.66,8.66,8.66,8.66,1.0,0.0,22.0,1.0,0.2,0.3,-7.26,-7.26,-7.26,-7.26,1.0,0.0,22.0,1.0,0.2,0.3,977.27,977.85,978.43,977.85,2.0,1.2,22.0,0.5,0.2,0.6,,,,,,,,,,,,,,,,,,,,,,,,,,,,,,,,,,,,,,,,,,,,,,,,,,,,,,,,,,,,,,,,,,,,,,,,,,,,,,,,,,,,,,,,,,,,,,,,,,,,,,,,,,,,,,,,,,,,,,,,,,,,,,,,,,,,,,,,,,,,,,,,,,,,,,
1974,2,34.0,-58.0,,,,,,,,,,,,,,,,,,,,,,,,,,,,,,,,,,,,,,,,7.26,9.55,11.84,9.55,2.0,4.74,20.0,1.0,0.0,0.5,3.31,3.76,4.2,3.76,2.0,0.93,20.0,1.0,0.0,0.5,-11.05,-8.75,-6.44,-8.75,2.0,4.77,20.0,1.0,0.0,0.5,993.99,995.25,996.51,995.25,2.0,2.62,20.0,1.0,0.0,0.5,,,,,,,,,,,,,,,,,,,,,,,,,,,,,,,,,,,,,,,,,,,,,,,,,,,,,,,,,,,,,,,,,,,,,,,,,,,,,,,,,,,,,,,,,,,,,,,,,,,,,,,,,,,,,,,,,,,,,,,,,,,,,,,,,,,,,,,,,,,,,,,,,,,,,,
1974,2,34.0,-57.0,,,,,,,,,,,,,,,,,,,,,,,,,,,,,,,,,,,,,,,,5.16,7.45,9.74,7.45,2.0,4.74,20.0,1.0,0.4,0.1,4.76,6.19,7.61,6.19,2.0,2.95,20.0,1.0,0.4,0.1,1.1,3.47,5.84,3.47,2.0,4.91,20.0,1.0,0.4,0.1,994.8,996.3,997.8,996.3,2.0,3.11,20.0,1.0,0.4,0.1,,,,,,,,,,,,,,,,,,,,,,,,,,,,,,,,,,,,,,,,,,,,,,,,,,,,,,,,,,,,,,,,,,,,,,,,,,,,,,,,,,,,,,,,,,,,,,,,,,,,,,,,,,,,,,,,,,,,,,,,,,,,,,,,,,,,,,,,,,,,,,,,,,,,,,
1974,2,34.0,-39.0,17.0,17.0,17.0,17.0,1.0,0.0,2.0,0.0,0.1,1.0,17.2,17.2,17.2,17.2,1.0,0.0,2.0,0.0,0.1,1.0,7.65,7.65,7.65,7.65,1.0,0.0,2.0,0.0,0.1,1.0,63.4,63.4,63.4,63.4,1.0,0.0,2.0,0.0,1.0,6.2,6.2,6.2,6.2,1.0,0.0,2.0,0.0,0.1,1.0,-6.11,-6.11,-6.11,-6.11,1.0,0.0,2.0,0.0,0.1,1.0,1.08,1.08,1.08,1.08,1.0,0.0,2.0,0.0,0.1,1.0,1020.2,1020.2,1020.2,1020.2,1.0,0.0,2.0,0.0,0.1,1.0,2.0,2.0,2.0,2.0,1.0,0.0,2.0,0.0,0.1,1.0,-37.9,-37.9,-37.9,-37.9,1.0,0.0,2.0,0.0,0.1,1.0,6.7,6.7,6.7,6.7,1.0,0.0,2.0,0.0,0.1,1.0,-0.2,-0.2,-0.2,-0.2,1.0,0.0,2.0,0.0,0.1,1.0,-1.2,-1.2,-1.2,-1.2,1.0,0.0,2.0,0.0,0.1,1.0,4.29,4.29,4.29,4.29,1.0,0.0,2.0,0.0,0.1,1.0,26.6,26.6,26.6,26.6,1.0,0.0,2.0,0.0,0.1,1.0,-105.0,-105.0,-105.0,-105.0,1.0,0.0,2.0,0.0,0.1,1.0,18.5,18.5,18.5,18.5,1.0,0.0,2.0,0.0,0.1,1.0,-46.7,-46.7,-46.7,-46.7,1.0,0.0,2.0,0.0,0.1,1.0,8.2,8.2,8.2,8.2,1.0,0.0,2.0,0.0,0.1,1.0,-26.2,-26.2,-26.2,-26.2,1.0,0.0,2.0,0.0,0.1,1.0,4.6,4.6,4.6,4.6,1.0,0.0,2.0,0.0,0.1,1.0,238.5,238.5,238.5,238.5,1.0,0.0,2.0,0.0,0.1,1.0,240.0,240.0,240.0,240.0,1.0,0.0,2.0,0.0,0.1,1.0
1974,2,34.0,-37.0,24.0,24.0,24.0,24.0,1.0,0.0,10.0,0.0,0.4,0.8,20.3,20.3,20.3,20.3,1.0,0.0,10.0,0.0,0.4,0.8,8.7,8.7,8.7,8.7,1.0,0.0,10.0,0.0,0.4,0.8,59.3,59.3,59.3,59.3,1.0,0.0,10.0,0.0,0.8,0.0,0.0,0.0,0.0,1.0,0.0,10.0,0.0,0.4,0.8,0.0,0.0,0.0,0.0,1.0,0.0,10.0,0.0,0.4,0.8,0.0,0.0,0.0,0.0,1.0,0.0,10.0,0.0,0.4,0.8,1018.8,1018.8,1018.8,1018.8,1.0,0.0,10.0,0.0,0.4,0.8,1.0,1.0,1.0,1.0,1.0,0.0,10.0,0.0,0.4,0.8,0.0,0.0,0.0,0.0,1.0,0.0,10.0,0.0,0.4,0.8,0.0,0.0,0.0,0.0,1.0,0.0,10.0,0.0,0.4,0.8,3.7,3.7,3.7,3.7,1.0,0.0,10.0,0.0,0.4,0.8,0.0,0.0,0.0,0.0,1.0,0.0,10.0,0.0,0.4,0.8,9.81,9.81,9.81,9.81,1.0,0.0,10.0,0.0,0.4,0.8,0.0,0.0,0.0,0.0,1.0,0.0,10.0,0.0,0.4,0.8,0.0,0.0,0.0,0.0,1.0,0.0,10.0,0.0,0.4,0.8,0.0,0.0,0.0,0.0,1.0,0.0,10.0,0.0,0.4,0.8,0.0,0.0,0.0,0.0,1.0,0.0,10.0,0.0,0.4,0.8,0.0,0.0,0.0,0.0,1.0,0.0,10.0,0.0,0.4,0.8,0.0,0.0,0.0,0.0,1.0,0.0,10.0,0.0,0.4,0.8,0.0,0.0,0.0,0.0,1.0,0.0,10.0,0.0,0.4,0.8,0.0,0.0,0.0,0.0,1.0,0.0,10.0,0.0,0.4,0.8,0.0,0.0,0.0,0.0,1.0,0.0,10.0,0.0,0.4,0.8
1974,2,34.0,-36.0,23.1,23.1,23.1,23.1,1.0,0.0,16.0,1.0,0.0,0.8,23.6,23.6,23.6,23.6,1.0,0.0,16.0,1.0,0.0,0.8,11.34,11.34,11.34,11.34,1.0,0.0,16.0,1.0,0.0,0.8,62.8,62.8,62.8,62.8,1.0,0.0,16.0,1.0,0.8,4.6,4.6,4.6,4.6,1.0,0.0,16.0,1.0,0.0,0.8,-2.3,-2.3,-2.3,-2.3,1.0,0.0,16.0,1.0,0.0,0.8,-3.98,-3.98,-3.98,-3.98,1.0,0.0,16.0,1.0,0.0,0.8,1014.2,1014.2,1014.2,1014.2,1.0,0.0,16.0,1.0,0.0,0.8,6.0,6.0,6.0,6.0,1.0,0.0,16.0,1.0,0.0,0.8,-10.6,-10.6,-10.6,-10.6,1.0,0.0,16.0,1.0,0.0,0.8,-18.3,-18.3,-18.3,-18.3,1.0,0.0,16.0,1.0,0.0,0.8,-0.5,-0.5,-0.5,-0.5,1.0,0.0,16.0,1.0,0.0,0.8,-2.3,-2.3,-2.3,-2.3,1.0,0.0,16.0,1.0,0.0,0.8,6.25,6.25,6.25,6.25,1.0,0.0,16.0,1.0,0.0,0.8,28.8,28.8,28.8,28.8,1.0,0.0,16.0,1.0,0.0,0.8,-54.3,-54.3,-54.3,-54.3,1.0,0.0,16.0,1.0,0.0,0.8,-94.0,-94.0,-94.0,-94.0,1.0,0.0,16.0,1.0,0.0,0.8,-26.1,-26.1,-26.1,-26.1,1.0,0.0,16.0,1.0,0.0,0.8,-45.2,-45.2,-45.2,-45.2,1.0,0.0,16.0,1.0,0.0,0.8,-14.4,-14.4,-14.4,-14.4,1.0,0.0,16.0,1.0,0.0,0.8,-24.9,-24.9,-24.9,-24.9,1.0,0.0,16.0,1.0,0.0,0.8,97.5,97.5,97.5,97.5,1.0,0.0,16.0,1.0,0.0,0.8,95.0,95.0,95.0,95.0,1.0,0.0,16.0,1.0,0.0,0.8
1974,2,34.0,-35.0,23.5,23.5,23.5,23.5,1.0,0.0,28.0,0.0,0.1,0.9,21.16,21.5,21.84,21.5,2.0,0.71,18.0,0.0,0.4,0.8,11.88,12.27,12.66,12.27,2.0,0.8,18.0,0.0,0.4,0.8,73.3,77.2,81.1,77.2,2.0,8.2,18.0,0.0,0.8,7.24,10.55,13.86,10.55,2.0,6.86,18.0,0.0,0.4,0.8,-5.56,-5.44,-5.32,-5.44,2.0,0.24,18.0,0.0,0.4,0.8,1.46,6.74,12.02,6.74,2.0,10.93,18.0,0.0,0.4,0.8,1012.49,1013.55,1014.61,1013.55,2.0,2.19,18.0,0.0,0.4,0.8,7.2,7.5,7.8,7.5,2.0,0.7,18.0,0.0,0.4,0.8,-73.3,-56.6,-39.8,-56.6,2.0,34.7,18.0,0.0,0.4,0.8,30.6,108.6,186.6,108.6,2.0,161.6,18.0,0.0,0.4,0.8,1.5,1.5,1.5,1.5,1.0,0.0,28.0,0.0,0.1,0.9,8.6,8.6,8.6,8.6,1.0,0.0,28.0,0.0,0.1,0.9,6.31,6.31,6.31,6.31,1.0,0.0,28.0,0.0,0.1,0.9,36.0,36.0,36.0,36.0,1.0,0.0,28.0,0.0,0.1,0.9,-121.4,-117.1,-112.7,-117.1,2.0,9.1,18.0,0.0,0.4,0.8,29.9,141.1,252.2,141.1,2.0,230.3,18.0,0.0,0.4,0.8,-67.3,-66.6,-66.0,-66.6,2.0,1.3,18.0,0.0,0.4,0.8,19.7,87.1,154.4,87.1,2.0,139.5,18.0,0.0,0.4,0.8,-35.4,-35.4,-35.4,-35.4,1.0,0.0,28.0,0.0,0.1,0.9,-6.2,-6.2,-6.2,-6.2,1.0,0.0,28.0,0.0,0.1,0.9,735.5,1918.5,3102.0,1918.5,2.0,2451.5,18.0,0.0,0.4,0.8,735.0,1920.0,3100.0,1920.0,2.0,2450.0,18.0,0.0,0.4,0.8
1974,2,34.0,-34.0,23.27,25.0,26.22,24.72,5.0,1.81,8.0,0.2,0.7,0.6,22.55,23.9,24.68,23.56,5.0,1.59,8.0,0.2,0.7,0.6,14.73,16.84,18.2,16.48,4.0,2.09,8.0,0.0,0.7,0.6,88.4,92.4,96.6,92.5,4.0,5.3,8.0,0.0,0.6,3.29,6.7,8.28,5.86,5.0,3.21,8.0,0.2,0.7,0.6,-2.43,-0.98,4.1,0.37,5.0,3.61,8.0,0.2,0.7,0.6,-3.9,0.17,6.6,1.1,5.0,6.2,8.0,0.2,0.7,0.6,1010.28,1012.0,1012.42,1011.48,5.0,1.22,8.0,0.2,0.7,0.6,6.0,8.0,8.0,7.2,5.0,1.1,8.0,0.2,0.7,0.6,-20.4,-1.0,22.2,0.3,5.0,23.8,8.0,0.2,0.7,0.6,-25.5,0.2,52.9,11.6,5.0,51.3,8.0,0.2,0.7,0.6,0.09,1.1,2.47,1.16,5.0,1.71,8.0,0.2,0.7,0.6,-3.0,5.1,20.8,8.2,5.0,14.9,8.0,0.2,0.7,0.6,1.18,2.61,4.24,2.71,4.0,1.81,8.0,0.0,0.7,0.6,6.4,17.8,36.6,21.3,4.0,18.3,8.0,0.0,0.7,0.6,-55.9,-24.6,97.4,8.7,5.0,86.0,8.0,0.2,0.7,0.6,-94.6,4.3,146.5,19.6,5.0,140.5,8.0,0.2,0.7,0.6,-47.2,22.3,70.1,11.9,4.0,69.8,8.0,0.0,0.7,0.6,-83.3,18.9,105.1,11.3,4.0,113.4,8.0,0.0,0.7,0.6,-11.1,-1.9,5.0,-3.0,4.0,9.6,8.0,0.0,0.7,0.6,-14.7,0.6,24.8,4.8,4.0,28.4,8.0,0.0,0.7,0.6,62.0,301.0,583.5,332.0,5.0,318.0,8.0,0.2,0.7,0.6,60.0,300.0,585.0,330.0,5.0,320.0,8.0,0.2,0.7,0.6
1974,2,34.0,-33.0,24.6,24.8,24.95,24.78,4.0,0.22,6.0,1.0,0.3,0.4,22.19,24.95,26.61,24.43,4.0,2.72,6.0,1.0,0.3,0.4,12.81,15.49,17.87,15.35,4.0,3.31,6.0,1.0,0.3,0.4,69.5,80.9,89.8,79.7,4.0,11.9,6.0,1.0,0.4,7.1,10.3,12.92,10.03,4.0,3.9,6.0,1.0,0.3,0.4,-5.99,-4.28,-3.88,-4.91,4.0,1.57,6.0,1.0,0.3,0.4,-2.66,6.95,11.59,4.58,4.0,9.31,6.0,1.0,0.3,0.4,1007.54,1011.9,1015.21,1011.4,4.0,4.86,6.0,1.0,0.3,0.4,4.4,7.5,8.0,6.3,4.0,2.9,6.0,1.0,0.3,0.4,-75.1,-43.5,-31.0,-52.6,4.0,35.8,6.0,1.0,0.3,0.4,-31.3,68.4,151.2,60.3,4.0,112.5,6.0,1.0,0.3,0.4,-2.0,-0.2,2.76,0.35,4.0,2.89,6.0,1.0,0.3,0.4,-14.4,5.4,33.4,9.3,4.0,28.8,6.0,1.0,0.3,0.4,1.7,4.15,6.7,4.19,4.0,3.42,6.0,1.0,0.3,0.4,12.4,37.1,73.1,42.5,4.0,39.9,6.0,1.0,0.3,0.4,-147.1,-113.7,-92.4,-119.5,4.0,37.3,6.0,1.0,0.3,0.4,-69.6,155.4,259.7,97.8,4.0,223.8,6.0,1.0,0.3,0.4,-104.6,-72.8,-49.8,-77.0,4.0,33.7,6.0,1.0,0.3,0.4,-58.1,83.6,164.7,54.7,4.0,153.5,6.0,1.0,0.3,0.4,-28.7,-21.9,-9.3,-19.2,4.0,13.6,6.0,1.0,0.3,0.4,7.1,29.4,66.9,36.7,4.0,39.2,6.0,1.0,0.3,0.4,452.5,1123.5,2251.5,1341.5,4.0,1220.0,6.0,1.0,0.3,0.4,450.0,1125.0,2250.0,1340.0,4.0,1220.0,6.0,1.0,0.3,0.4
1974,2,34.0,-32.0,24.33,25.05,26.43,25.32,10.0,1.4,16.0,0.4,0.3,0.6,24.88,25.4,26.32,25.74,11.0,1.32,14.0,0.5,0.3,0.6,13.69,15.39,17.62,15.66,8.0,1.85,14.0,0.5,0.3,0.5,73.0,75.1,86.8,77.5,8.0,9.3,14.0,0.5,0.5,3.19,7.2,8.2,5.95,11.0,2.6,14.0,0.5,0.3,0.6,-7.11,-6.13,-1.35,-4.52,11.0,3.06,14.0,0.5,0.3,0.6,-5.07,-1.99,1.63,-1.66,11.0,3.29,14.0,0.5,0.3,0.6,1012.89,1015.3,1022.86,1017.07,10.0,5.49,16.0,0.4,0.3,0.6,1.4,6.5,7.6,4.9,10.0,3.0,14.0,0.5,0.3,0.6,-60.3,-44.9,-4.4,-33.5,11.0,26.1,14.0,0.5,0.3,0.6,-32.2,-6.5,11.7,-10.7,11.0,26.3,14.0,0.5,0.3,0.6,-1.07,0.05,0.81,-0.09,10.0,1.06,16.0,0.4,0.3,0.6,-7.0,-0.3,5.1,-0.5,10.0,7.7,16.0,0.4,0.3,0.6,1.74,5.16,6.26,4.33,8.0,2.8,14.0,0.5,0.3,0.5,5.6,19.2,50.4,24.9,8.0,24.6,14.0,0.5,0.3,0.5,-186.5,-151.4,-35.5,-116.7,11.0,78.6,14.0,0.5,0.3,0.6,-134.7,-50.6,42.1,-43.3,11.0,86.8,14.0,0.5,0.3,0.6,-114.4,-85.5,-28.0,-72.0,8.0,50.2,14.0,0.5,0.3,0.5,-62.4,-14.7,34.6,-14.2,8.0,53.9,14.0,0.5,0.3,0.5,-46.7,-16.7,4.4,-19.7,8.0,24.0,14.0,0.5,0.3,0.5,-9.2,1.6,16.3,2.7,8.0,16.9,14.0,0.5,0.3,0.5,34.5,373.0,551.5,315.0,11.0,271.0,14.0,0.5,0.3,0.6,35.0,375.0,550.0,315.0,11.0,270.0,14.0,0.5,0.3,0.6
1974,2,34.0,-31.0,25.91,26.4,27.28,26.69,17.0,1.09,14.0,0.6,0.4,0.5,24.91,25.6,27.43,25.94,17.0,1.41,14.0,0.6,0.4,0.5,15.03,17.07,19.03,16.78,17.0,2.05,14.0,0.6,0.4,0.5,72.2,83.9,88.9,80.5,17.0,10.3,14.0,0.6,0.5,2.6,5.1,11.69,6.61,15.0,4.02,14.0,0.5,0.4,0.5,-7.51,-3.91,-2.05,-4.91,15.0,3.34,14.0,0.5,0.4,0.5,-2.84,1.16,6.64,2.06,15.0,4.64,14.0,0.5,0.4,0.5,1010.43,1014.2,1016.05,1013.38,17.0,3.59,14.0,0.6,0.4,0.5,3.1,4.0,7.0,4.8,17.0,2.3,14.0,0.6,0.4,0.5,-87.9,-22.4,-6.0,-44.2,15.0,50.6,14.0,0.5,0.4,0.5,-13.4,4.5,88.3,25.1,15.0,47.3,14.0,0.5,0.4,0.5,-1.15,0.8,2.24,0.76,17.0,1.94,14.0,0.6,0.4,0.5,-2.7,2.9,21.1,9.0,15.0,15.7,14.0,0.5,0.4,0.5,2.54,4.88,7.65,5.15,17.0,2.19,14.0,0.6,0.4,0.5,7.6,31.1,75.2,36.3,15.0,32.5,14.0,0.5,0.4,0.5,-182.8,-101.6,-52.5,-125.2,15.0,83.0,14.0,0.5,0.4,0.5,-73.8,29.1,169.2,49.7,15.0,119.5,14.0,0.5,0.4,0.5,-125.8,-69.7,-39.4,-81.7,15.0,49.8,14.0,0.5,0.4,0.5,-51.2,20.2,100.3,31.9,15.0,78.6,14.0,0.5,0.4,0.5,-58.7,-18.5,-4.7,-27.7,15.0,26.4,14.0,0.5,0.4,0.5,-7.0,5.7,40.5,13.8,15.0,27.4,14.0,0.5,0.4,0.5,17.5,132.5,1598.5,616.5,15.0,842.5,14.0,0.5,0.4,0.5,20.0,135.0,1600.0,615.0,15.0,840.0,14.0,0.5,0.4,0.5
1974,2,34.0,-30.0,25.44,27.1,27.99,26.69,14.0,1.6,18.0,0.2,0.4,0.6,24.0,26.2,26.93,25.81,17.0,1.46,16.0,0.2,0.4,0.6,13.25,17.16,18.18,15.96,12.0,2.74,16.0,0.3,0.4,0.6,68.8,79.4,85.7,77.2,13.0,10.0,16.0,0.3,0.6,4.32,6.0,8.2,6.48,17.0,2.46,16.0,0.2,0.4,0.6,-5.66,-3.0,-1.74,-3.44,17.0,3.07,16.0,0.2,0.4,0.6,-3.06,4.42,6.83,2.63,17.0,4.62,16.0,0.2,0.4,0.6,1013.03,1015.3,1016.41,1015.12,16.0,2.5,16.0,0.2,0.4,0.6,3.0,5.0,7.0,4.9,17.0,1.9,16.0,0.2,0.4,0.6,-42.3,-16.2,-8.4,-25.6,17.0,34.5,16.0,0.2,0.4,0.6,-16.6,24.4,50.7,21.0,17.0,39.1,16.0,0.2,0.4,0.6,0.0,0.85,2.0,1.03,14.0,1.32,18.0,0.2,0.4,0.6,0.0,6.1,18.7,7.4,14.0,8.8,18.0,0.2,0.4,0.6,3.71,5.38,7.51,5.88,10.0,2.09,16.0,0.2,0.3,0.6,22.8,41.2,50.1,38.1,10.0,15.3,16.0,0.2,0.3,0.6,-149.8,-78.6,-42.1,-90.4,17.0,80.5,16.0,0.2,0.4,0.6,-77.8,110.2,166.5,66.6,17.0,119.2,16.0,0.2,0.4,0.6,-96.2,-43.9,-16.7,-50.3,12.0,54.0,16.0,0.3,0.4,0.6,-44.5,69.1,115.8,47.5,12.0,83.3,16.0,0.3,0.4,0.6,-21.4,-13.8,-8.9,-11.0,10.0,16.0,16.0,0.2,0.3,0.6,2.3,34.9,48.4,27.5,10.0,24.9,16.0,0.2,0.3,0.6,82.0,216.0,551.5,396.5,17.0,491.5,16.0,0.2,0.4,0.6,80.0,215.0,550.0,395.0,17.0,490.0,16.0,0.2,0.4,0.6
1974,2,34.0,-29.0,27.0,28.0,28.67,27.75,24.0,1.21,14.0,0.7,0.5,0.5,25.37,27.0,28.47,26.94,22.0,1.77,14.0,0.6,0.4,0.5,14.37,17.15,18.69,16.65,18.0,2.51,12.0,0.7,0.4,0.5,65.7,75.9,85.2,75.7,18.0,9.1,12.0,0.7,0.5,2.43,5.65,10.32,6.37,24.0,4.36,14.0,0.7,0.5,0.5,-5.79,-3.19,-0.48,-2.83,24.0,2.99,14.0,0.7,0.5,0.5,-4.71,-0.09,6.82,0.41,24.0,6.62,14.0,0.7,0.5,0.5,1008.66,1013.8,1016.87,1013.1,24.0,3.81,14.0,0.7,0.5,0.5,2.7,4.0,6.0,4.2,24.0,2.0,14.0,0.7,0.5,0.5,-52.7,-13.5,-0.2,-20.3,24.0,36.1,14.0,0.7,0.5,0.5,-29.4,-0.1,53.8,10.0,24.0,82.9,14.0,0.7,0.5,0.5,-0.33,1.0,1.4,0.77,22.0,1.24,14.0,0.6,0.4,0.5,-2.2,2.8,11.7,5.8,22.0,12.8,14.0,0.6,0.4,0.5,4.31,6.42,9.38,6.69,18.0,2.4,12.0,0.7,0.4,0.5,8.8,33.3,63.7,40.1,18.0,40.7,12.0,0.7,0.4,0.5,-152.5,-87.3,-12.2,-74.4,22.0,81.7,14.0,0.6,0.4,0.5,-154.0,0.0,162.4,12.4,22.0,183.7,14.0,0.6,0.4,0.5,-88.9,-37.3,-7.2,-41.2,18.0,49.5,12.0,0.7,0.4,0.5,-48.3,13.8,109.2,29.0,18.0,104.4,12.0,0.7,0.4,0.5,-35.1,-16.5,-2.4,-13.3,18.0,23.2,12.0,0.7,0.4,0.5,-9.0,6.4,55.1,22.0,18.0,46.0,12.0,0.7,0.4,0.5,14.5,185.5,1116.5,659.0,24.0,1119.5,14.0,0.7,0.5,0.5,15.0,185.0,1115.0,660.0,24.0,1120.0,14.0,0.7,0.5,0.5
1974,2,34.0,-28.0,27.0,28.05,28.9,28.1,20.0,0.98,14.0,0.5,0.6,0.5,26.7,27.7,28.79,27.52,20.0,1.2,16.0,0.5,0.6,0.5,15.26,17.57,19.02,17.26,20.0,2.19,16.0,0.5,0.6,0.5,64.9,75.8,85.2,75.3,20.0,9.4,16.0,0.5,0.5,2.6,4.1,7.2,5.26,21.0,3.49,14.0,0.5,0.6,0.5,-4.01,-2.87,0.0,-2.36,21.0,2.37,14.0,0.5,0.6,0.5,0.11,2.6,6.36,3.31,21.0,4.28,14.0,0.5,0.6,0.5,1011.12,1013.7,1016.76,1013.17,21.0,3.42,14.0,0.5,0.6,0.5,1.2,3.0,5.0,3.3,21.0,1.8,14.0,0.5,0.6,0.5,-32.9,-13.0,0.0,-15.2,21.0,16.1,14.0,0.5,0.6,0.5,0.4,9.0,45.3,29.6,21.0,60.6,14.0,0.5,0.6,0.5,-1.03,1.0,1.76,0.62,19.0,1.38,16.0,0.5,0.6,0.5,-3.7,3.6,9.4,5.9,19.0,11.7,16.0,0.5,0.6,0.5,4.29,6.74,9.02,6.75,19.0,2.35,16.0,0.5,0.6,0.5,15.4,27.7,59.9,37.2,19.0,27.6,16.0,0.5,0.6,0.5,-109.8,-76.3,0.0,-69.4,20.0,62.1,16.0,0.5,0.6,0.5,0.3,77.9,185.7,90.4,20.0,111.8,16.0,0.5,0.6,0.5,-79.4,-45.0,0.0,-44.0,20.0,38.8,16.0,0.5,0.6,0.5,0.2,49.5,110.4,56.0,20.0,72.6,16.0,0.5,0.6,0.5,-28.3,-17.7,0.0,-15.9,19.0,17.5,16.0,0.5,0.6,0.5,-0.6,15.8,59.4,24.6,19.0,31.9,16.0,0.5,0.6,0.5,17.5,69.0,373.0,392.0,21.0,969.5,14.0,0.5,0.6,0.5,20.0,70.0,375.0,390.0,21.0,970.0,14.0,0.5,0.6,0.5
1974,2,34.0,-27.0,27.8,28.0,29.0,28.33,55.0,0.96,12.0,0.5,0.3,0.6,27.0,27.9,28.98,27.82,59.0,1.34,12.0,0.5,0.3,0.6,16.49,17.84,19.89,18.05,40.0,1.9,12.0,0.5,0.3,0.6,67.2,77.4,81.8,76.6,40.0,8.4,12.0,0.5,0.6,2.6,5.1,8.2,5.52,55.0,3.18,12.0,0.5,0.3,0.6,-6.04,-2.56,0.0,-2.65,55.0,3.23,12.0,0.5,0.3,0.6,-2.92,1.97,5.89,1.81,55.0,4.5,12.0,0.5,0.3,0.6,1008.24,1012.15,1016.36,1012.1,60.0,3.71,12.0,0.5,0.3,0.6,2.0,3.0,6.0,3.5,59.0,2.0,12.0,0.5,0.3,0.6,-46.6,-9.0,0.0,-18.5,55.0,30.4,12.0,0.5,0.3,0.6,-10.4,8.0,44.4,16.9,55.0,43.5,12.0,0.5,0.3,0.6,-0.9,0.4,1.72,0.4,55.0,1.34,12.0,0.5,0.3,0.6,-3.2,2.2,11.6,3.3,51.0,8.9,12.0,0.5,0.4,0.6,4.24,5.92,7.69,5.98,38.0,1.89,12.0,0.5,0.3,0.6,13.0,25.4,46.2,31.4,34.0,20.3,12.0,0.5,0.4,0.6,-165.4,-73.3,0.0,-73.8,54.0,89.5,12.0,0.5,0.4,0.6,-85.1,57.5,170.6,51.2,54.0,125.5,12.0,0.5,0.4,0.6,-105.8,-47.9,0.0,-41.6,36.0,57.8,12.0,0.5,0.4,0.6,-44.0,31.7,88.8,23.8,36.0,78.2,12.0,0.5,0.4,0.6,-33.8,-12.8,0.0,-13.3,34.0,17.3,12.0,0.5,0.4,0.6,-14.9,10.0,32.1,12.3,34.0,28.1,12.0,0.5,0.4,0.6,17.5,132.5,551.5,349.5,55.0,536.0,12.0,0.5,0.3,0.6,20.0,135.0,550.0,350.0,55.0,535.0,12.0,0.5,0.3,0.6
1974,2,34.0,-26.0,27.14,28.0,29.0,28.06,29.0,1.04,12.0,0.4,0.6,0.4,26.0,27.0,28.14,27.13,28.0,0.99,12.0,0.4,0.6,0.4,15.92,17.56,18.99,17.62,23.0,1.62,14.0,0.4,0.6,0.3,71.7,80.0,84.6,78.1,23.0,7.1,14.0,0.4,0.3,2.6,4.6,6.91,4.7,28.0,2.6,14.0,0.4,0.6,0.4,-4.89,-3.07,-0.68,-2.89,28.0,1.97,14.0,0.4,0.6,0.4,-0.7,1.64,5.07,2.14,28.0,3.52,14.0,0.4,0.6,0.4,1010.0,1011.55,1015.88,1012.27,30.0,3.32,14.0,0.4,0.6,0.4,1.4,3.0,4.6,3.2,29.0,2.1,14.0,0.4,0.6,0.4,-28.6,-15.2,-0.7,-15.4,28.0,13.1,14.0,0.4,0.6,0.4,-1.3,4.1,35.1,16.2,28.0,31.7,14.0,0.4,0.6,0.4,0.01,0.8,1.96,0.92,27.0,1.21,12.0,0.4,0.6,0.4,-0.1,2.8,10.5,4.7,25.0,6.5,12.0,0.4,0.6,0.4,4.94,6.14,7.95,6.28,22.0,1.45,14.0,0.5,0.6,0.3,13.7,24.4,52.5,29.7,20.0,19.9,14.0,0.5,0.6,0.3,-128.7,-83.8,-20.4,-78.3,26.0,50.8,12.0,0.4,0.6,0.4,-14.7,45.7,120.8,54.0,26.0,85.0,12.0,0.4,0.6,0.4,-74.2,-59.7,-29.0,-54.5,21.0,28.9,14.0,0.4,0.6,0.3,0.0,34.5,80.3,41.8,21.0,54.6,14.0,0.4,0.6,0.3,-36.9,-17.7,-8.9,-19.8,20.0,13.3,14.0,0.5,0.6,0.3,0.0,11.2,34.5,16.6,20.0,21.1,14.0,0.5,0.6,0.3,17.5,97.5,331.0,204.0,28.0,302.5,14.0,0.4,0.6,0.4,20.0,95.0,330.0,205.0,28.0,300.0,14.0,0.4,0.6,0.4
1974,2,34.0,-25.0,27.19,27.6,28.01,27.6,2.0,0.85,18.0,0.5,0.7,0.5,26.99,27.4,27.81,27.4,2.0,0.85,18.0,0.5,0.7,0.5,16.04,16.45,16.85,16.45,2.0,0.84,18.0,0.5,0.7,0.5,72.3,72.4,72.5,72.4,2.0,0.1,18.0,0.5,0.5,7.11,8.0,8.89,8.0,2.0,1.84,18.0,0.5,0.7,0.5,-3.32,-3.27,-3.21,-3.27,2.0,0.12,18.0,0.5,0.7,0.5,6.27,7.27,8.27,7.27,2.0,2.08,18.0,0.5,0.7,0.5,1014.34,1014.85,1015.36,1014.85,2.0,1.06,18.0,0.5,0.7,0.5,5.3,6.0,6.7,6.0,2.0,1.4,18.0,0.5,0.7,0.5,-28.4,-26.0,-23.6,-26.0,2.0,5.0,18.0,0.5,0.7,0.5,45.6,60.1,74.5,60.1,2.0,30.0,18.0,0.5,0.7,0.5,0.2,0.2,0.2,0.2,2.0,0.0,18.0,0.5,0.7,0.5,1.4,1.6,1.8,1.6,2.0,0.4,18.0,0.5,0.7,0.5,6.49,6.63,6.78,6.63,2.0,0.3,18.0,0.5,0.7,0.5,48.0,52.8,57.5,52.8,2.0,9.8,18.0,0.5,0.7,0.5,-92.4,-89.5,-86.6,-89.5,2.0,6.0,18.0,0.5,0.7,0.5,173.9,198.3,222.8,198.3,2.0,50.7,18.0,0.5,0.7,0.5,-56.0,-53.8,-51.5,-53.8,2.0,4.7,18.0,0.5,0.7,0.5,105.2,118.7,132.2,118.7,2.0,28.0,18.0,0.5,0.7,0.5,-22.5,-21.7,-20.8,-21.7,2.0,1.8,18.0,0.5,0.7,0.5,42.3,47.9,53.5,47.9,2.0,11.6,18.0,0.5,0.7,0.5,380.5,552.5,724.5,552.5,2.0,356.0,18.0,0.5,0.7,0.5,380.0,555.0,725.0,555.0,2.0,355.0,18.0,0.5,0.7,0.5
1974,2,34.0,-21.0,,,,,,,,,,,,,,,,,,,,,,,,,,,,,,,,,,,,,,,,7.2,7.2,7.2,7.2,1.0,0.0,22.0,0.0,0.7,0.2,-6.24,-6.24,-6.24,-6.24,1.0,0.0,22.0,0.0,0.7,0.2,-3.6,-3.6,-3.6,-3.6,1.0,0.0,22.0,0.0,0.7,0.2,1016.8,1016.8,1016.8,1016.8,1.0,0.0,22.0,0.0,0.7,0.2,,,,,,,,,,,,,,,,,,,,,,,,,,,,,,,,,,,,,,,,,,,,,,,,,,,,,,,,,,,,,,,,,,,,,,,,,,,,,,,,,,,,,,,,,,,,,,,,,,,,,,,,,,,,,,,,,,,,,,,,,,,,,,,,,,,,,,,,,,,,,,,,,,,,,,
1974,2,34.0,26.0,,,,,,,,,,,,,,,,,,,,,,,,,,,,,,,,,,,,,,,,9.0,9.0,9.0,9.0,1.0,0.0,6.0,0.0,0.4,0.4,5.79,5.79,5.79,5.79,1.0,0.0,6.0,0.0,0.4,0.4,-6.89,-6.89,-6.89,-6.89,1.0,0.0,6.0,0.0,0.4,0.4,1021.6,1021.6,1021.6,1021.6,1.0,0.0,6.0,0.0,0.4,0.4,,,,,,,,,,,,,,,,,,,,,,,,,,,,,,,,,,,,,,,,,,,,,,,,,,,,,,,,,,,,,,,,,,,,,,,,,,,,,,,,,,,,,,,,,,,,,,,,,,,,,,,,,,,,,,,,,,,,,,,,,,,,,,,,,,,,,,,,,,,,,,,,,,,,,,
1974,2,34.0,27.0,22.83,23.75,24.67,23.75,2.0,1.91,8.0,0.5,0.7,0.6,20.75,20.85,20.95,20.85,2.0,0.21,8.0,0.5,0.7,0.6,8.87,9.15,9.43,9.15,2.0,0.59,8.0,0.5,0.7,0.6,57.7,59.9,62.0,59.9,2.0,4.4,8.0,0.5,0.6,3.42,4.1,4.78,4.1,2.0,1.41,8.0,0.5,0.7,0.6,-0.43,0.55,1.54,0.55,2.0,2.04,8.0,0.5,0.7,0.6,-4.6,-3.7,-2.79,-3.7,2.0,1.87,8.0,0.5,0.7,0.6,1010.28,1011.95,1013.62,1011.95,2.0,3.46,8.0,0.5,0.7,0.6,1.0,3.0,5.0,3.0,2.0,4.2,8.0,0.5,0.7,0.6,-2.8,0.8,4.5,0.8,2.0,7.6,8.0,0.5,0.7,0.6,-22.7,-16.5,-10.3,-16.5,2.0,12.9,8.0,0.5,0.7,0.6,2.08,2.9,3.72,2.9,2.0,1.7,8.0,0.5,0.7,0.6,9.3,10.7,12.1,10.7,2.0,2.9,8.0,0.5,0.7,0.6,7.97,9.25,10.54,9.25,2.0,2.66,8.0,0.5,0.7,0.6,35.0,36.1,37.1,36.1,2.0,2.2,8.0,0.5,0.7,0.6,-8.8,11.8,32.3,11.8,2.0,42.6,8.0,0.5,0.7,0.6,-95.4,-76.9,-58.5,-76.9,2.0,38.3,8.0,0.5,0.7,0.6,-4.4,4.5,13.3,4.5,2.0,18.3,8.0,0.5,0.7,0.6,-43.7,-34.4,-25.1,-34.4,2.0,19.3,8.0,0.5,0.7,0.6,-2.0,7.8,17.6,7.8,2.0,20.3,8.0,0.5,0.7,0.6,-35.3,-31.7,-28.1,-31.7,2.0,7.5,8.0,0.5,0.7,0.6,46.0,81.0,116.5,81.0,2.0,72.5,8.0,0.5,0.7,0.6,45.0,80.0,115.0,80.0,2.0,75.0,8.0,0.5,0.7,0.6
1974,2,34.0,28.0,23.6,23.6,23.6,23.6,1.0,0.0,8.0,1.0,0.7,0.7,18.6,18.6,18.6,18.6,1.0,0.0,8.0,1.0,0.7,0.7,8.29,8.29,8.29,8.29,1.0,0.0,8.0,1.0,0.7,0.7,62.5,62.5,62.5,62.5,1.0,0.0,8.0,1.0,0.7,3.1,3.1,3.1,3.1,1.0,0.0,8.0,1.0,0.7,0.7,-3.05,-3.05,-3.05,-3.05,1.0,0.0,8.0,1.0,0.7,0.7,0.54,0.54,0.54,0.54,1.0,0.0,8.0,1.0,0.7,0.7,1013.7,1013.7,1013.7,1013.7,1.0,0.0,8.0,1.0,0.7,0.7,0.0,0.0,0.0,0.0,1.0,0.0,8.0,1.0,0.7,0.7,-9.5,-9.5,-9.5,-9.5,1.0,0.0,8.0,1.0,0.7,0.7,1.7,1.7,1.7,1.7,1.0,0.0,8.0,1.0,0.7,0.7,5.0,5.0,5.0,5.0,1.0,0.0,8.0,1.0,0.7,0.7,15.5,15.5,15.5,15.5,1.0,0.0,8.0,1.0,0.7,0.7,9.86,9.86,9.86,9.86,1.0,0.0,8.0,1.0,0.7,0.7,30.6,30.6,30.6,30.6,1.0,0.0,8.0,1.0,0.7,0.7,-56.8,-56.8,-56.8,-56.8,1.0,0.0,8.0,1.0,0.7,0.7,10.0,10.0,10.0,10.0,1.0,0.0,8.0,1.0,0.7,0.7,-25.3,-25.3,-25.3,-25.3,1.0,0.0,8.0,1.0,0.7,0.7,4.5,4.5,4.5,4.5,1.0,0.0,8.0,1.0,0.7,0.7,-30.1,-30.1,-30.1,-30.1,1.0,0.0,8.0,1.0,0.7,0.7,5.3,5.3,5.3,5.3,1.0,0.0,8.0,1.0,0.7,0.7,30.0,30.0,30.0,30.0,1.0,0.0,8.0,1.0,0.7,0.7,30.0,30.0,30.0,30.0,1.0,0.0,8.0,1.0,0.7,0.7
1974,2,34.0,32.0,17.13,17.4,17.67,17.4,2.0,0.57,22.0,0.0,0.2,0.5,16.5,16.7,16.9,16.7,2.0,0.42,22.0,0.0,0.2,0.5,10.15,10.63,11.11,10.63,2.0,0.99,22.0,0.0,0.2,0.5,87.0,89.8,92.5,89.8,2.0,5.8,22.0,0.0,0.5,4.6,4.6,4.6,4.6,1.0,0.0,18.0,0.0,0.2,0.7,2.96,2.96,2.96,2.96,1.0,0.0,18.0,0.0,0.2,0.7,3.52,3.52,3.52,3.52,1.0,0.0,18.0,0.0,0.2,0.7,1009.35,1010.1,1010.85,1010.1,2.0,1.56,22.0,0.0,0.2,0.5,0.2,0.5,0.8,0.5,2.0,0.7,22.0,0.0,0.2,0.5,13.6,13.6,13.6,13.6,1.0,0.0,18.0,0.0,0.2,0.7,16.2,16.2,16.2,16.2,1.0,0.0,18.0,0.0,0.2,0.7,0.22,0.7,1.18,0.7,2.0,0.99,22.0,0.0,0.2,0.5,6.4,6.4,6.4,6.4,1.0,0.0,18.0,0.0,0.2,0.7,1.07,1.75,2.44,1.75,2.0,1.42,22.0,0.0,0.2,0.5,12.7,12.7,12.7,12.7,1.0,0.0,18.0,0.0,0.2,0.7,48.5,48.5,48.5,48.5,1.0,0.0,18.0,0.0,0.2,0.7,57.8,57.8,57.8,57.8,1.0,0.0,18.0,0.0,0.2,0.7,29.4,29.4,29.4,29.4,1.0,0.0,18.0,0.0,0.2,0.7,35.0,35.0,35.0,35.0,1.0,0.0,18.0,0.0,0.2,0.7,8.1,8.1,8.1,8.1,1.0,0.0,18.0,0.0,0.2,0.7,9.7,9.7,9.7,9.7,1.0,0.0,18.0,0.0,0.2,0.7,97.5,97.5,97.5,97.5,1.0,0.0,18.0,0.0,0.2,0.7,95.0,95.0,95.0,95.0,1.0,0.0,18.0,0.0,0.2,0.7
1974,2,34.0,33.0,14.63,16.0,17.37,16.0,2.0,2.83,10.0,0.0,0.5,0.0,15.29,15.9,16.51,15.9,2.0,1.27,10.0,0.0,0.5,0.0,8.69,9.38,10.08,9.38,2.0,1.44,10.0,0.0,0.5,0.0,81.3,83.8,86.3,83.8,2.0,5.2,10.0,0.0,0.0,3.0,3.85,4.7,3.85,2.0,1.77,10.0,0.0,0.5,0.0,-3.64,-1.98,-0.32,-1.98,2.0,3.44,10.0,0.0,0.5,0.0,-1.75,-0.01,1.74,-0.01,2.0,3.61,10.0,0.0,0.5,0.0,1012.8,1017.75,1022.7,1017.75,2.0,10.25,10.0,0.0,0.5,0.0,0.2,0.5,0.8,0.5,2.0,0.7,10.0,0.0,0.5,0.0,-18.8,-10.7,-2.6,-10.7,2.0,16.8,10.0,0.0,0.5,0.0,-3.5,3.2,9.9,3.2,2.0,13.9,10.0,0.0,0.5,0.0,-1.88,0.1,2.08,0.1,2.0,4.1,10.0,0.0,0.5,0.0,-10.8,-3.2,4.3,-3.2,2.0,15.6,10.0,0.0,0.5,0.0,0.29,1.92,3.55,1.92,2.0,3.37,10.0,0.0,0.5,0.0,-0.2,4.4,9.0,4.4,2.0,9.6,10.0,0.0,0.5,0.0,-61.4,-33.7,-6.1,-33.7,2.0,57.3,10.0,0.0,0.5,0.0,-25.5,2.2,29.9,2.2,2.0,57.5,10.0,0.0,0.5,0.0,-38.0,-21.1,-4.1,-21.1,2.0,35.2,10.0,0.0,0.5,0.0,-13.8,2.6,18.9,2.6,2.0,33.9,10.0,0.0,0.5,0.0,2.0,2.0,2.0,2.0,2.0,0.1,10.0,0.0,0.5,0.0,-9.5,-6.1,-2.7,-6.1,2.0,7.0,10.0,0.0,0.5,0.0,36.0,75.0,114.5,75.0,2.0,81.5,10.0,0.0,0.5,0.0,35.0,75.0,115.0,75.0,2.0,80.0,10.0,0.0,0.5,0.0
1974,2,34.0,34.0,14.5,16.5,17.0,15.9,5.0,1.29,12.0,0.4,0.3,0.5,12.5,14.1,16.29,14.38,6.0,1.93,16.0,0.5,0.4,0.5,4.73,5.01,5.28,5.01,2.0,0.57,2.0,0.5,0.5,0.4,53.0,55.1,57.3,55.1,2.0,4.5,2.0,0.5,0.4,0.79,3.5,10.06,5.05,6.0,5.3,16.0,0.5,0.4,0.5,-1.34,0.49,3.8,1.55,6.0,5.75,16.0,0.5,0.4,0.5,-5.42,-1.97,-0.14,-2.95,6.0,3.5,16.0,0.5,0.4,0.5,1011.76,1015.7,1023.81,1016.7,6.0,6.62,16.0,0.5,0.4,0.5,2.0,4.0,7.4,4.6,5.0,2.8,14.0,0.6,0.5,0.5,-6.7,0.5,44.7,23.9,6.0,67.8,16.0,0.5,0.4,0.5,-63.5,-9.5,-0.1,-27.0,6.0,36.2,16.0,0.5,0.4,0.5,-0.9,0.0,3.74,1.14,5.0,2.62,12.0,0.4,0.3,0.5,-0.9,0.0,15.3,8.0,5.0,19.0,12.0,0.4,0.3,0.5,6.3,6.7,7.11,6.7,2.0,0.84,2.0,0.5,0.5,0.4,10.8,33.9,57.1,33.9,2.0,48.0,2.0,0.5,0.5,0.4,-22.6,7.4,47.6,15.6,6.0,77.9,16.0,0.5,0.4,0.5,-67.7,-33.1,-2.1,-39.8,6.0,43.7,16.0,0.5,0.4,0.5,1.2,3.7,6.3,3.7,2.0,5.3,2.0,0.5,0.5,0.4,-35.5,-21.1,-6.7,-21.1,2.0,29.8,2.0,0.5,0.5,0.4,1.9,5.9,9.9,5.9,2.0,8.3,2.0,0.5,0.5,0.4,-56.3,-33.4,-10.6,-33.4,2.0,47.3,2.0,0.5,0.5,0.4,1.0,108.5,1092.0,536.5,6.0,871.0,16.0,0.5,0.4,0.5,0.0,110.0,1090.0,535.0,6.0,870.0,16.0,0.5,0.4,0.5
1974,2,34.0,35.0,15.8,16.0,16.0,15.9,3.0,0.17,12.0,0.0,0.3,0.5,14.48,15.5,15.84,15.17,3.0,1.04,12.0,0.0,0.3,0.5,6.39,6.39,6.39,6.39,1.0,0.0,12.0,0.0,0.2,0.0,64.4,64.4,64.4,64.4,1.0,0.0,12.0,0.0,0.0,4.24,4.55,4.86,4.55,2.0,0.64,14.0,0.0,0.1,0.4,-0.39,1.8,3.98,1.8,2.0,4.53,14.0,0.0,0.1,0.4,-3.24,-1.93,-0.61,-1.93,2.0,2.72,14.0,0.0,0.1,0.4,1012.69,1017.6,1017.8,1015.3,3.0,4.25,12.0,0.0,0.3,0.5,0.6,2.0,6.1,3.3,3.0,4.2,12.0,0.0,0.3,0.5,-0.9,9.6,20.1,9.6,2.0,21.7,14.0,0.0,0.1,0.4,-13.3,-7.9,-2.5,-7.9,2.0,11.2,14.0,0.0,0.1,0.4,0.16,0.5,1.32,0.73,3.0,0.87,12.0,0.0,0.3,0.5,1.1,3.5,5.9,3.5,2.0,4.9,14.0,0.0,0.1,0.4,4.71,4.71,4.71,4.71,1.0,0.0,12.0,0.0,0.2,0.0,19.3,19.3,19.3,19.3,1.0,0.0,12.0,0.0,0.2,0.0,-3.8,30.2,64.2,30.2,2.0,70.5,14.0,0.0,0.1,0.4,-45.4,-27.0,-8.6,-27.0,2.0,38.1,14.0,0.0,0.1,0.4,-9.0,-9.0,-9.0,-9.0,1.0,0.0,12.0,0.0,0.2,0.0,-24.6,-24.6,-24.6,-24.6,1.0,0.0,12.0,0.0,0.2,0.0,-6.6,-6.6,-6.6,-6.6,1.0,0.0,12.0,0.0,0.2,0.0,-18.1,-18.1,-18.1,-18.1,1.0,0.0,12.0,0.0,0.2,0.0,78.0,97.0,116.0,97.0,2.0,39.5,14.0,0.0,0.1,0.4,80.0,95.0,115.0,95.0,2.0,40.0,14.0,0.0,0.1,0.4
1974,2,34.0,36.0,16.0,16.0,16.0,16.0,1.0,0.0,6.0,1.0,0.9,0.9,17.8,17.8,17.8,17.8,1.0,0.0,6.0,1.0,0.9,0.9,9.79,9.79,9.79,9.79,1.0,0.0,6.0,1.0,0.9,0.9,78.4,78.4,78.4,78.4,1.0,0.0,6.0,1.0,0.9,7.7,7.7,7.7,7.7,1.0,0.0,6.0,1.0,0.9,0.9,1.34,1.34,1.34,1.34,1.0,0.0,6.0,1.0,0.9,0.9,7.58,7.58,7.58,7.58,1.0,0.0,6.0,1.0,0.9,0.9,1025.5,1025.5,1025.5,1025.5,1.0,0.0,6.0,1.0,0.9,0.9,6.0,6.0,6.0,6.0,1.0,0.0,6.0,1.0,0.9,0.9,10.3,10.3,10.3,10.3,1.0,0.0,6.0,1.0,0.9,0.9,58.4,58.4,58.4,58.4,1.0,0.0,6.0,1.0,0.9,0.9,-1.8,-1.8,-1.8,-1.8,1.0,0.0,6.0,1.0,0.9,0.9,-13.9,-13.9,-13.9,-13.9,1.0,0.0,6.0,1.0,0.9,0.9,1.36,1.36,1.36,1.36,1.0,0.0,6.0,1.0,0.9,0.9,10.4,10.4,10.4,10.4,1.0,0.0,6.0,1.0,0.9,0.9,23.8,23.8,23.8,23.8,1.0,0.0,6.0,1.0,0.9,0.9,135.0,135.0,135.0,135.0,1.0,0.0,6.0,1.0,0.9,0.9,13.1,13.1,13.1,13.1,1.0,0.0,6.0,1.0,0.9,0.9,74.2,74.2,74.2,74.2,1.0,0.0,6.0,1.0,0.9,0.9,1.8,1.8,1.8,1.8,1.0,0.0,6.0,1.0,0.9,0.9,10.3,10.3,10.3,10.3,1.0,0.0,6.0,1.0,0.9,0.9,456.5,456.5,456.5,456.5,1.0,0.0,6.0,1.0,0.9,0.9,455.0,455.0,455.0,455.0,1.0,0.0,6.0,1.0,0.9,0.9
1974,2,34.0,42.0,,,,,,,,,,,,,,,,,,,,,,,,,,,,,,,,,,,,,,,,6.0,6.0,7.84,6.9,3.0,1.56,16.0,0.7,0.5,0.3,4.93,5.64,7.73,6.31,3.0,2.13,16.0,0.7,0.5,0.3,-3.28,-2.05,-0.65,-1.97,3.0,1.93,16.0,0.7,0.5,0.3,1012.21,1017.6,1018.56,1015.43,3.0,5.01,16.0,0.7,0.5,0.3,,,,,,,,,,,,,,,,,,,,,,,,,,,,,,,,,,,,,,,,,,,,,,,,,,,,,,,,,,,,,,,,,,,,,,,,,,,,,,,,,,,,,,,,,,,,,,,,,,,,,,,,,,,,,,,,,,,,,,,,,,,,,,,,,,,,,,,,,,,,,,,,,,,,,,
1974,2,34.0,43.0,,,,,,,,,,,,,,,,,,,,,,,,,,,,,,,,,,,,,,,,2.54,4.1,10.58,6.21,9.0,5.04,12.0,0.7,0.5,0.3,-9.06,0.0,2.53,-2.35,9.0,5.35,12.0,0.7,0.5,0.3,-3.91,-1.0,3.46,-0.92,9.0,5.74,12.0,0.7,0.5,0.3,1015.38,1019.7,1026.53,1019.51,8.0,7.07,12.0,0.6,0.5,0.3,,,,,,,,,,,,,,,,,,,,,,,,,,,,,,,,,,,,,,,,,,,,,,,,,,,,,,,,,,,,,,,,,,,,,,,,,,,,,,,,,,,,,,,,,,,,,,,,,,,,,,,,,,,,,,,,,,,,,,,,,,,,,,,,,,,,,,,,,,,,,,,,,,,,,,
1974,2,34.0,44.0,,,,,,,,,,,,,,,,,,,,,,,,,,,,,,,,,,,,,,,,5.43,7.5,8.37,6.93,4.0,2.07,8.0,0.5,0.4,0.2,-3.93,-0.76,3.67,-0.16,4.0,5.44,8.0,0.5,0.4,0.2,-2.69,2.0,6.39,1.86,4.0,5.83,8.0,0.5,0.4,0.2,1008.46,1019.95,1027.2,1017.93,4.0,11.21,8.0,0.5,0.4,0.2,,,,,,,,,,,,,,,,,,,,,,,,,,,,,,,,,,,,,,,,,,,,,,,,,,,,,,,,,,,,,,,,,,,,,,,,,,,,,,,,,,,,,,,,,,,,,,,,,,,,,,,,,,,,,,,,,,,,,,,,,,,,,,,,,,,,,,,,,,,,,,,,,,,,,,
1974,2,34.0,70.0,2.22,2.7,3.04,2.63,3.0,0.6,18.0,1.0,0.2,0.5,-3.47,2.2,2.75,-0.3,3.0,5.04,18.0,1.0,0.2,0.5,2.07,3.27,3.67,2.88,3.0,1.22,18.0,1.0,0.2,0.5,66.4,73.7,78.5,72.5,3.0,8.9,18.0,1.0,0.5,6.36,12.3,15.51,10.97,3.0,6.8,18.0,1.0,0.2,0.5,1.59,12.3,13.95,7.88,3.0,9.83,18.0,1.0,0.2,0.5,-6.19,-1.23,-0.39,-3.24,3.0,4.59,18.0,1.0,0.2,0.5,999.6,1011.2,1012.16,1006.0,3.0,10.24,18.0,1.0,0.2,0.5,5.3,6.0,7.4,6.3,3.0,1.5,18.0,1.0,0.2,0.5,39.7,151.3,218.9,129.8,3.0,132.5,18.0,1.0,0.2,0.5,-100.0,-4.4,-1.4,-49.6,3.0,82.2,18.0,1.0,0.2,0.5,-0.52,0.5,6.51,2.93,3.0,5.56,18.0,1.0,0.2,0.5,-5.7,8.5,25.6,9.9,3.0,22.9,18.0,1.0,0.2,0.5,0.83,1.33,2.64,1.72,3.0,1.37,18.0,1.0,0.2,0.5,8.7,11.7,19.1,13.9,3.0,7.8,18.0,1.0,0.2,0.5,24.4,32.4,35.5,30.0,3.0,8.4,18.0,1.0,0.2,0.5,-12.8,0.0,5.1,-3.7,3.0,13.5,18.0,1.0,0.2,0.5,11.5,47.4,47.9,30.1,3.0,30.5,18.0,1.0,0.2,0.5,-19.6,-1.9,-0.6,-9.9,3.0,15.5,18.0,1.0,0.2,0.5,-5.2,7.4,15.7,5.3,3.0,15.4,18.0,1.0,0.2,0.5,-9.0,-4.0,-1.3,-5.1,3.0,5.7,18.0,1.0,0.2,0.5,622.5,1861.0,3944.5,2273.5,3.0,2459.5,18.0,1.0,0.2,0.5,620.0,1860.0,3945.0,2275.0,3.0,2460.0,18.0,1.0,0.2,0.5
1974,2,34.0,71.0,3.63,3.9,3.97,3.8,3.0,0.26,2.0,0.0,0.4,0.4,-5.57,-2.75,-1.24,-3.37,4.0,2.75,4.0,0.3,0.5,0.5,2.41,3.06,3.31,2.86,3.0,0.68,2.0,0.0,0.4,0.4,79.5,89.5,93.7,86.7,3.0,10.7,2.0,0.0,0.4,7.31,11.05,12.38,9.9,4.0,3.69,4.0,0.3,0.5,0.5,-8.28,-3.97,-1.68,-4.93,4.0,4.96,4.0,0.3,0.5,0.5,-1.55,5.15,11.25,4.87,4.0,7.46,4.0,0.3,0.5,0.5,999.48,1007.35,1011.51,1005.58,4.0,7.85,4.0,0.3,0.5,0.5,4.5,5.5,6.5,5.5,2.0,2.1,8.0,0.5,0.4,0.8,-100.0,-36.6,-7.7,-53.1,4.0,62.2,4.0,0.3,0.5,0.5,-7.1,53.0,132.4,62.2,4.0,82.5,4.0,0.3,0.5,0.5,5.09,5.5,6.87,5.97,3.0,1.36,2.0,0.0,0.4,0.4,41.5,56.7,61.1,51.5,3.0,15.0,2.0,0.0,0.4,0.4,1.78,2.02,2.52,2.15,3.0,0.56,2.0,0.0,0.4,0.4,15.2,20.8,21.3,18.3,3.0,4.9,2.0,0.0,0.4,0.4,2.1,9.3,50.0,25.3,4.0,38.7,4.0,0.3,0.5,0.5,-13.9,-6.1,6.2,-3.9,4.0,12.4,4.0,0.3,0.5,0.5,-12.7,-7.4,-2.4,-7.5,3.0,7.5,2.0,0.0,0.4,0.4,5.7,31.5,38.3,22.2,3.0,25.2,2.0,0.0,0.4,0.4,-9.0,-7.3,-2.3,-5.7,3.0,5.1,2.0,0.0,0.4,0.4,0.8,20.2,20.6,10.9,3.0,16.5,2.0,0.0,0.4,0.4,571.0,1368.0,1907.0,1245.0,4.0,878.0,4.0,0.3,0.5,0.5,570.0,1370.0,1905.0,1245.0,4.0,880.0,4.0,0.3,0.5,0.5
1974,2,34.0,72.0,2.9,3.55,4.2,3.55,2.0,1.34,12.0,0.5,0.1,0.1,-3.1,1.0,1.55,-0.73,3.0,3.72,10.0,0.3,0.0,0.1,3.83,3.89,3.95,3.89,2.0,0.12,12.0,0.5,0.1,0.1,89.7,91.1,92.4,91.1,2.0,2.8,12.0,0.5,0.1,9.5,12.3,15.51,12.5,3.0,4.4,10.0,0.3,0.0,0.1,-7.55,-6.15,-1.95,-4.78,3.0,4.27,10.0,0.3,0.0,0.1,3.38,10.65,14.99,9.22,3.0,8.59,10.0,0.3,0.0,0.1,982.01,993.0,1001.81,991.93,3.0,14.53,10.0,0.3,0.0,0.1,7.2,7.5,7.8,7.5,2.0,0.7,12.0,0.5,0.1,0.1,-73.0,-67.2,-21.3,-47.6,3.0,41.5,10.0,0.3,0.0,0.1,41.6,131.0,238.9,140.0,3.0,144.7,10.0,0.3,0.0,0.1,1.23,2.15,3.07,2.15,2.0,1.91,12.0,0.5,0.1,0.1,18.3,28.3,38.4,28.3,2.0,20.8,12.0,0.5,0.1,0.1,0.86,1.1,1.33,1.1,2.0,0.49,12.0,0.5,0.1,0.1,13.5,15.2,17.0,15.2,2.0,3.5,12.0,0.5,0.1,0.1,-4.2,0.0,28.0,11.6,3.0,25.6,10.0,0.3,0.0,0.1,3.4,10.7,24.3,13.8,3.0,15.5,10.0,0.3,0.0,0.1,-19.7,-11.7,-3.7,-11.7,2.0,16.5,12.0,0.5,0.1,0.1,44.8,54.1,63.3,54.1,2.0,19.1,12.0,0.5,0.1,0.1,-7.5,-4.4,-1.4,-4.4,2.0,6.3,12.0,0.5,0.1,0.1,13.2,14.1,15.0,14.1,2.0,1.9,12.0,0.5,0.1,0.1,967.0,1861.0,3944.5,2441.5,3.0,2238.0,10.0,0.3,0.0,0.1,965.0,1860.0,3945.0,2440.0,3.0,2240.0,10.0,0.3,0.0,0.1
1974,2,35.0,-69.0,-0.84,0.2,0.35,-0.14,5.0,0.67,10.0,0.8,0.4,0.7,-0.93,0.0,0.65,-0.14,5.0,0.94,10.0,0.8,0.4,0.7,3.02,3.09,3.34,3.18,3.0,0.25,12.0,0.7,0.6,0.6,78.8,83.2,85.0,81.9,3.0,4.7,12.0,0.7,0.6,5.89,7.2,7.88,6.78,5.0,1.83,10.0,0.8,0.4,0.7,-7.45,-7.09,-4.98,-6.31,5.0,1.81,10.0,0.8,0.4,0.7,-2.6,1.23,1.31,-0.46,5.0,2.74,10.0,0.8,0.4,0.7,984.71,985.85,988.61,986.63,4.0,2.93,10.0,0.8,0.4,0.7,7.0,7.0,8.0,7.4,5.0,0.5,10.0,0.8,0.4,0.7,-56.6,-51.1,-33.3,-45.2,5.0,20.0,10.0,0.8,0.4,0.7,-19.6,4.4,10.0,-4.4,5.0,20.5,10.0,0.8,0.4,0.7,-0.81,0.2,0.82,0.0,5.0,1.1,10.0,0.8,0.4,0.7,-6.2,1.6,4.3,-1.0,5.0,7.3,10.0,0.8,0.4,0.7,0.64,0.96,0.96,0.81,3.0,0.28,12.0,0.7,0.6,0.6,3.5,3.5,6.5,5.0,3.0,2.6,12.0,0.7,0.6,0.6,-4.2,0.0,5.2,0.8,5.0,6.2,10.0,0.8,0.4,0.7,-2.8,-0.7,-0.4,-1.5,5.0,1.8,10.0,0.8,0.4,0.7,-24.4,-24.1,-14.8,-19.7,3.0,8.0,12.0,0.7,0.6,0.6,-1.7,3.8,4.1,1.2,3.0,4.8,12.0,0.7,0.6,0.6,-6.4,-3.4,-3.3,-4.8,3.0,2.6,12.0,0.7,0.6,0.6,0.0,1.2,1.3,0.7,3.0,1.1,12.0,0.7,0.6,0.6,254.0,373.0,491.0,360.0,5.0,190.0,10.0,0.8,0.4,0.7,255.0,375.0,490.0,360.0,5.0,190.0,10.0,0.8,0.4,0.7
1974,2,35.0,-57.0,,,,,,,,,,,,,,,,,,,,,,,,,,,,,,,,,,,,,,,,11.3,11.3,11.3,11.3,1.0,0.0,20.0,0.0,0.8,0.1,8.66,8.66,8.66,8.66,1.0,0.0,20.0,0.0,0.8,0.1,7.26,7.26,7.26,7.26,1.0,0.0,20.0,0.0,0.8,0.1,990.3,990.3,990.3,990.3,1.0,0.0,20.0,0.0,0.8,0.1,,,,,,,,,,,,,,,,,,,,,,,,,,,,,,,,,,,,,,,,,,,,,,,,,,,,,,,,,,,,,,,,,,,,,,,,,,,,,,,,,,,,,,,,,,,,,,,,,,,,,,,,,,,,,,,,,,,,,,,,,,,,,,,,,,,,,,,,,,,,,,,,,,,,,,
1974,2,35.0,-56.0,,,,,,,,,,,,,,,,,,,,,,,,,,,,,,,,,,,,,,,,12.3,12.3,12.3,12.3,1.0,0.0,16.0,0.0,0.4,0.3,-2.14,-2.14,-2.14,-2.14,1.0,0.0,16.0,0.0,0.4,0.3,12.11,12.11,12.11,12.11,1.0,0.0,16.0,0.0,0.4,0.3,1002.3,1002.3,1002.3,1002.3,1.0,0.0,16.0,0.0,0.4,0.3,,,,,,,,,,,,,,,,,,,,,,,,,,,,,,,,,,,,,,,,,,,,,,,,,,,,,,,,,,,,,,,,,,,,,,,,,,,,,,,,,,,,,,,,,,,,,,,,,,,,,,,,,,,,,,,,,,,,,,,,,,,,,,,,,,,,,,,,,,,,,,,,,,,,,,
1974,2,35.0,-46.0,9.0,9.0,9.0,9.0,1.0,0.0,6.0,0.0,0.4,0.1,10.0,10.0,10.0,10.0,1.0,0.0,6.0,0.0,0.4,0.1,6.66,6.66,6.66,6.66,1.0,0.0,6.0,0.0,0.4,0.1,87.4,87.4,87.4,87.4,1.0,0.0,6.0,0.0,0.1,12.9,12.9,12.9,12.9,1.0,0.0,6.0,0.0,0.4,0.1,12.7,12.7,12.7,12.7,1.0,0.0,6.0,0.0,0.4,0.1,-2.24,-2.24,-2.24,-2.24,1.0,0.0,6.0,0.0,0.4,0.1,1010.1,1010.1,1010.1,1010.1,1.0,0.0,6.0,0.0,0.4,0.1,7.0,7.0,7.0,7.0,1.0,0.0,6.0,0.0,0.4,0.1,163.9,163.9,163.9,163.9,1.0,0.0,6.0,0.0,0.4,0.1,-28.9,-28.9,-28.9,-28.9,1.0,0.0,6.0,0.0,0.4,0.1,-1.0,-1.0,-1.0,-1.0,1.0,0.0,6.0,0.0,0.4,0.1,-12.9,-12.9,-12.9,-12.9,1.0,0.0,6.0,0.0,0.4,0.1,0.47,0.47,0.47,0.47,1.0,0.0,6.0,0.0,0.4,0.1,6.0,6.0,6.0,6.0,1.0,0.0,6.0,0.0,0.4,0.1,127.0,127.0,127.0,127.0,1.0,0.0,6.0,0.0,0.4,0.1,-22.4,-22.4,-22.4,-22.4,1.0,0.0,6.0,0.0,0.4,0.1,84.6,84.6,84.6,84.6,1.0,0.0,6.0,0.0,0.4,0.1,-14.9,-14.9,-14.9,-14.9,1.0,0.0,6.0,0.0,0.4,0.1,6.0,6.0,6.0,6.0,1.0,0.0,6.0,0.0,0.4,0.1,-1.1,-1.1,-1.1,-1.1,1.0,0.0,6.0,0.0,0.4,0.1,2146.5,2146.5,2146.5,2146.5,1.0,0.0,6.0,0.0,0.4,0.1,2145.0,2145.0,2145.0,2145.0,1.0,0.0,6.0,0.0,0.4,0.1
1974,2,35.0,-45.0,,,,,,,,,,,,,,,,,,,,,,,,,,,,,,,,,,,,,,,,9.3,9.3,9.3,9.3,1.0,0.0,8.0,1.0,0.6,0.4,6.58,6.58,6.58,6.58,1.0,0.0,8.0,1.0,0.6,0.4,6.58,6.58,6.58,6.58,1.0,0.0,8.0,1.0,0.6,0.4,1015.0,1015.0,1015.0,1015.0,1.0,0.0,8.0,1.0,0.6,0.4,,,,,,,,,,,,,,,,,,,,,,,,,,,,,,,,,,,,,,,,,,,,,,,,,,,,,,,,,,,,,,,,,,,,,,,,,,,,,,,,,,,,,,,,,,,,,,,,,,,,,,,,,,,,,,,,,,,,,,,,,,,,,,,,,,,,,,,,,,,,,,,,,,,,,,
1974,2,35.0,-41.0,19.0,19.0,19.0,19.0,1.0,0.0,14.0,1.0,0.5,0.1,14.1,14.1,14.1,14.1,1.0,0.0,14.0,1.0,0.5,0.1,7.12,7.12,7.12,7.12,1.0,0.0,14.0,1.0,0.5,0.1,72.3,72.3,72.3,72.3,1.0,0.0,14.0,1.0,0.1,9.3,9.3,9.3,9.3,1.0,0.0,14.0,1.0,0.5,0.1,-8.74,-8.74,-8.74,-8.74,1.0,0.0,14.0,1.0,0.5,0.1,3.18,3.18,3.18,3.18,1.0,0.0,14.0,1.0,0.5,0.1,1025.0,1025.0,1025.0,1025.0,1.0,0.0,14.0,1.0,0.5,0.1,4.0,4.0,4.0,4.0,1.0,0.0,14.0,1.0,0.5,0.1,-81.3,-81.3,-81.3,-81.3,1.0,0.0,14.0,1.0,0.5,0.1,29.6,29.6,29.6,29.6,1.0,0.0,14.0,1.0,0.5,0.1,4.9,4.9,4.9,4.9,1.0,0.0,14.0,1.0,0.5,0.1,45.6,45.6,45.6,45.6,1.0,0.0,14.0,1.0,0.5,0.1,6.38,6.38,6.38,6.38,1.0,0.0,14.0,1.0,0.5,0.1,59.3,59.3,59.3,59.3,1.0,0.0,14.0,1.0,0.5,0.1,-123.2,-123.2,-123.2,-123.2,1.0,0.0,14.0,1.0,0.5,0.1,44.8,44.8,44.8,44.8,1.0,0.0,14.0,1.0,0.5,0.1,-62.2,-62.2,-62.2,-62.2,1.0,0.0,14.0,1.0,0.5,0.1,22.6,22.6,22.6,22.6,1.0,0.0,14.0,1.0,0.5,0.1,-55.7,-55.7,-55.7,-55.7,1.0,0.0,14.0,1.0,0.5,0.1,20.3,20.3,20.3,20.3,1.0,0.0,14.0,1.0,0.5,0.1,804.5,804.5,804.5,804.5,1.0,0.0,14.0,1.0,0.5,0.1,805.0,805.0,805.0,805.0,1.0,0.0,14.0,1.0,0.5,0.1
1974,2,35.0,-40.0,19.0,19.0,19.0,19.0,1.0,0.0,10.0,0.0,0.7,1.0,15.1,15.1,15.1,15.1,1.0,0.0,10.0,0.0,0.7,1.0,6.25,6.25,6.25,6.25,1.0,0.0,10.0,0.0,0.7,1.0,59.2,59.2,59.2,59.2,1.0,0.0,10.0,0.0,1.0,2.6,2.6,2.6,2.6,1.0,0.0,10.0,0.0,0.7,1.0,-1.3,-1.3,-1.3,-1.3,1.0,0.0,10.0,0.0,0.7,1.0,2.25,2.25,2.25,2.25,1.0,0.0,10.0,0.0,0.7,1.0,1019.4,1019.4,1019.4,1019.4,1.0,0.0,10.0,0.0,0.7,1.0,1.0,1.0,1.0,1.0,1.0,0.0,10.0,0.0,0.7,1.0,-3.4,-3.4,-3.4,-3.4,1.0,0.0,10.0,0.0,0.7,1.0,5.9,5.9,5.9,5.9,1.0,0.0,10.0,0.0,0.7,1.0,3.9,3.9,3.9,3.9,1.0,0.0,10.0,0.0,0.7,1.0,10.1,10.1,10.1,10.1,1.0,0.0,10.0,0.0,0.7,1.0,7.33,7.33,7.33,7.33,1.0,0.0,10.0,0.0,0.7,1.0,19.0,19.0,19.0,19.0,1.0,0.0,10.0,0.0,0.7,1.0,-19.6,-19.6,-19.6,-19.6,1.0,0.0,10.0,0.0,0.7,1.0,34.0,34.0,34.0,34.0,1.0,0.0,10.0,0.0,0.7,1.0,-8.1,-8.1,-8.1,-8.1,1.0,0.0,10.0,0.0,0.7,1.0,14.1,14.1,14.1,14.1,1.0,0.0,10.0,0.0,0.7,1.0,-9.5,-9.5,-9.5,-9.5,1.0,0.0,10.0,0.0,0.7,1.0,16.5,16.5,16.5,16.5,1.0,0.0,10.0,0.0,0.7,1.0,17.5,17.5,17.5,17.5,1.0,0.0,10.0,0.0,0.7,1.0,20.0,20.0,20.0,20.0,1.0,0.0,10.0,0.0,0.7,1.0
1974,2,35.0,-39.0,19.0,19.0,19.0,19.0,1.0,0.0,26.0,1.0,0.3,0.7,20.9,20.9,20.9,20.9,1.0,0.0,26.0,1.0,0.3,0.7,12.21,12.21,12.21,12.21,1.0,0.0,26.0,1.0,0.3,0.7,79.4,79.4,79.4,79.4,1.0,0.0,26.0,1.0,0.7,11.8,11.8,11.8,11.8,1.0,0.0,26.0,1.0,0.3,0.7,-4.04,-4.04,-4.04,-4.04,1.0,0.0,26.0,1.0,0.3,0.7,-11.09,-11.09,-11.09,-11.09,1.0,0.0,26.0,1.0,0.3,0.7,1011.4,1011.4,1011.4,1011.4,1.0,0.0,26.0,1.0,0.3,0.7,2.0,2.0,2.0,2.0,1.0,0.0,26.0,1.0,0.3,0.7,-47.6,-47.6,-47.6,-47.6,1.0,0.0,26.0,1.0,0.3,0.7,-130.8,-130.8,-130.8,-130.8,1.0,0.0,26.0,1.0,0.3,0.7,-1.9,-1.9,-1.9,-1.9,1.0,0.0,26.0,1.0,0.3,0.7,-22.4,-22.4,-22.4,-22.4,1.0,0.0,26.0,1.0,0.3,0.7,1.48,1.48,1.48,1.48,1.0,0.0,26.0,1.0,0.3,0.7,17.4,17.4,17.4,17.4,1.0,0.0,26.0,1.0,0.3,0.7,-84.3,-84.3,-84.3,-84.3,1.0,0.0,26.0,1.0,0.3,0.7,-231.7,-231.7,-231.7,-231.7,1.0,0.0,26.0,1.0,0.3,0.7,-49.3,-49.3,-49.3,-49.3,1.0,0.0,26.0,1.0,0.3,0.7,-135.3,-135.3,-135.3,-135.3,1.0,0.0,26.0,1.0,0.3,0.7,-6.0,-6.0,-6.0,-6.0,1.0,0.0,26.0,1.0,0.3,0.7,-16.4,-16.4,-16.4,-16.4,1.0,0.0,26.0,1.0,0.3,0.7,1643.0,1643.0,1643.0,1643.0,1.0,0.0,26.0,1.0,0.3,0.7,1645.0,1645.0,1645.0,1645.0,1.0,0.0,26.0,1.0,0.3,0.7
1974,2,35.0,-36.0,22.0,22.0,22.0,22.0,1.0,0.0,16.0,0.0,0.9,0.8,22.0,22.0,22.0,22.0,1.0,0.0,16.0,0.0,0.9,0.8,14.97,14.97,14.97,14.97,1.0,0.0,16.0,0.0,0.9,0.8,91.2,91.2,91.2,91.2,1.0,0.0,16.0,0.0,0.8,8.7,8.7,8.7,8.7,1.0,0.0,16.0,0.0,0.9,0.8,-7.53,-7.53,-7.53,-7.53,1.0,0.0,16.0,0.0,0.9,0.8,4.35,4.35,4.35,4.35,1.0,0.0,16.0,0.0,0.9,0.8,1015.0,1015.0,1015.0,1015.0,1.0,0.0,16.0,0.0,0.9,0.8,7.0,7.0,7.0,7.0,1.0,0.0,16.0,0.0,0.9,0.8,-65.5,-65.5,-65.5,-65.5,1.0,0.0,16.0,0.0,0.9,0.8,37.8,37.8,37.8,37.8,1.0,0.0,16.0,0.0,0.9,0.8,0.0,0.0,0.0,0.0,1.0,0.0,16.0,0.0,0.9,0.8,0.0,0.0,0.0,0.0,1.0,0.0,16.0,0.0,0.9,0.8,1.46,1.46,1.46,1.46,1.0,0.0,16.0,0.0,0.9,0.8,12.7,12.7,12.7,12.7,1.0,0.0,16.0,0.0,0.9,0.8,-165.8,-165.8,-165.8,-165.8,1.0,0.0,16.0,0.0,0.9,0.8,95.7,95.7,95.7,95.7,1.0,0.0,16.0,0.0,0.9,0.8,-112.8,-112.8,-112.8,-112.8,1.0,0.0,16.0,0.0,0.9,0.8,65.1,65.1,65.1,65.1,1.0,0.0,16.0,0.0,0.9,0.8,-11.0,-11.0,-11.0,-11.0,1.0,0.0,16.0,0.0,0.9,0.8,6.3,6.3,6.3,6.3,1.0,0.0,16.0,0.0,0.9,0.8,658.5,658.5,658.5,658.5,1.0,0.0,16.0,0.0,0.9,0.8,660.0,660.0,660.0,660.0,1.0,0.0,16.0,0.0,0.9,0.8
1974,2,35.0,-35.0,24.0,24.0,24.0,24.0,1.0,0.0,10.0,1.0,0.6,0.2,20.5,20.5,20.5,20.5,1.0,0.0,10.0,1.0,0.6,0.2,8.35,8.35,8.35,8.35,1.0,0.0,10.0,1.0,0.6,0.2,56.3,56.3,56.3,56.3,1.0,0.0,10.0,1.0,0.2,2.41,3.3,4.19,3.3,2.0,1.84,18.0,1.0,0.6,0.6,-2.79,-2.42,-2.05,-2.42,2.0,0.76,18.0,1.0,0.6,0.6,-0.02,1.42,2.86,1.42,2.0,2.98,18.0,1.0,0.6,0.6,1017.17,1018.4,1019.63,1018.4,2.0,2.55,18.0,1.0,0.6,0.6,2.3,3.0,3.7,3.0,2.0,1.4,18.0,1.0,0.6,0.6,-12.0,-8.7,-5.3,-8.7,2.0,7.0,18.0,1.0,0.6,0.6,1.4,7.4,13.4,7.4,2.0,12.4,18.0,1.0,0.6,0.6,3.5,3.5,3.5,3.5,1.0,0.0,10.0,1.0,0.6,0.2,16.1,16.1,16.1,16.1,1.0,0.0,10.0,1.0,0.6,0.2,10.13,10.13,10.13,10.13,1.0,0.0,10.0,1.0,0.6,0.2,46.6,46.6,46.6,46.6,1.0,0.0,10.0,1.0,0.6,0.2,-60.6,-60.6,-60.6,-60.6,1.0,0.0,10.0,1.0,0.6,0.2,72.2,72.2,72.2,72.2,1.0,0.0,10.0,1.0,0.6,0.2,-24.7,-24.7,-24.7,-24.7,1.0,0.0,10.0,1.0,0.6,0.2,29.4,29.4,29.4,29.4,1.0,0.0,10.0,1.0,0.6,0.2,-30.0,-30.0,-30.0,-30.0,1.0,0.0,10.0,1.0,0.6,0.2,35.7,35.7,35.7,35.7,1.0,0.0,10.0,1.0,0.6,0.2,22.0,52.5,83.0,52.5,2.0,63.0,18.0,1.0,0.6,0.6,20.0,55.0,85.0,55.0,2.0,65.0,18.0,1.0,0.6,0.6
1974,2,35.0,-34.0,23.47,24.7,25.59,24.53,3.0,1.56,4.0,1.0,0.6,0.5,24.52,25.2,26.43,25.47,3.0,1.42,4.0,1.0,0.6,0.5,13.54,17.56,18.3,15.96,3.0,3.75,4.0,1.0,0.6,0.5,67.8,79.2,88.7,78.3,3.0,15.3,4.0,1.0,0.5,5.1,5.1,7.97,6.5,3.0,2.42,4.0,1.0,0.6,0.5,-7.75,-4.42,0.34,-3.72,3.0,5.96,4.0,1.0,0.6,0.5,-3.01,0.0,1.74,-0.62,3.0,3.52,4.0,1.0,0.6,0.5,1012.75,1016.5,1017.59,1015.2,3.0,3.72,4.0,1.0,0.6,0.5,5.0,7.0,7.0,6.0,3.0,1.7,4.0,1.0,0.6,0.5,-66.2,-22.5,1.7,-32.0,3.0,50.4,4.0,1.0,0.6,0.5,-15.4,0.0,8.9,-3.2,3.0,18.0,4.0,1.0,0.6,0.5,-1.98,-1.3,0.13,-0.93,3.0,1.58,4.0,1.0,0.6,0.5,-12.0,-11.7,-0.9,-6.6,3.0,9.2,4.0,1.0,0.6,0.5,1.99,2.4,4.62,3.28,3.0,2.07,4.0,1.0,0.6,0.5,10.1,12.2,39.7,24.6,3.0,24.2,4.0,1.0,0.6,0.5,-191.5,-119.3,6.0,-93.4,3.0,146.4,4.0,1.0,0.6,0.5,-76.0,0.0,47.0,-14.2,3.0,90.9,4.0,1.0,0.6,0.5,-98.7,-77.5,7.8,-46.2,3.0,82.6,4.0,1.0,0.6,0.5,-56.2,0.0,30.6,-12.5,3.0,64.5,4.0,1.0,0.6,0.5,-38.4,-7.9,1.7,-18.1,3.0,30.6,4.0,1.0,0.6,0.5,-7.2,0.0,3.1,-2.0,3.0,7.8,4.0,1.0,0.6,0.5,132.5,132.5,591.0,356.5,3.0,388.0,4.0,1.0,0.6,0.5,135.0,135.0,590.0,355.0,3.0,390.0,4.0,1.0,0.6,0.5
1974,2,35.0,-33.0,25.42,25.45,25.48,25.45,2.0,0.07,22.0,0.0,0.3,0.4,23.51,23.95,24.39,23.95,2.0,0.92,22.0,0.0,0.3,0.4,12.85,14.05,15.25,14.05,2.0,2.48,22.0,0.0,0.3,0.4,71.5,75.9,80.3,75.9,2.0,9.1,22.0,0.0,0.4,4.93,5.65,6.37,5.65,2.0,1.48,22.0,0.0,0.3,0.4,-2.99,-0.16,2.67,-0.16,2.0,5.86,22.0,0.0,0.3,0.4,2.75,3.72,4.68,3.72,2.0,2.0,22.0,0.0,0.3,0.4,1016.73,1016.8,1016.87,1016.8,2.0,0.14,22.0,0.0,0.3,0.4,1.0,3.0,5.0,3.0,2.0,4.2,22.0,0.0,0.3,0.4,-21.4,-5.3,10.8,-5.3,2.0,33.4,22.0,0.0,0.3,0.4,14.4,22.5,30.6,22.5,2.0,16.8,22.0,0.0,0.3,0.4,1.09,1.5,1.91,1.5,2.0,0.85,22.0,0.0,0.3,0.4,5.7,9.1,12.5,9.1,2.0,7.0,22.0,0.0,0.3,0.4,5.03,6.19,7.35,6.19,2.0,2.4,22.0,0.0,0.3,0.4,25.8,36.8,47.7,36.8,2.0,22.7,22.0,0.0,0.3,0.4,-68.9,-1.2,66.5,-1.2,2.0,140.3,22.0,0.0,0.3,0.4,66.6,88.1,109.6,88.1,2.0,44.6,22.0,0.0,0.3,0.4,-34.6,5.0,44.6,5.0,2.0,82.0,22.0,0.0,0.3,0.4,40.6,49.7,58.9,49.7,2.0,18.9,22.0,0.0,0.3,0.4,-25.7,-8.0,9.7,-8.0,2.0,36.7,22.0,0.0,0.3,0.4,15.1,25.4,35.7,25.4,2.0,21.3,22.0,0.0,0.3,0.4,129.5,199.0,268.5,199.0,2.0,144.0,22.0,0.0,0.3,0.4,130.0,200.0,270.0,200.0,2.0,145.0,22.0,0.0,0.3,0.4
1974,2,35.0,-32.0,25.73,26.0,26.87,26.02,9.0,0.87,16.0,0.6,0.2,0.6,24.46,25.7,26.0,25.46,10.0,0.87,16.0,0.5,0.2,0.7,16.43,17.17,18.54,17.15,9.0,1.74,16.0,0.6,0.2,0.7,79.0,84.2,92.1,83.9,9.0,8.0,16.0,0.6,0.7,2.74,5.8,8.83,5.69,10.0,3.33,16.0,0.5,0.2,0.7,-5.77,-1.32,3.0,-1.32,10.0,4.18,16.0,0.5,0.2,0.7,-5.22,-0.67,5.48,0.1,10.0,5.25,16.0,0.5,0.2,0.7,1012.87,1014.85,1016.53,1014.11,10.0,3.54,16.0,0.5,0.2,0.7,1.0,4.0,6.6,4.0,10.0,2.7,16.0,0.5,0.2,0.7,-42.0,-5.4,18.3,-12.2,10.0,34.9,16.0,0.5,0.2,0.7,-38.7,-1.4,37.4,0.1,10.0,44.3,16.0,0.5,0.2,0.7,-0.76,0.2,2.27,0.62,9.0,1.52,16.0,0.6,0.2,0.6,-6.9,0.4,6.8,0.6,9.0,10.1,16.0,0.6,0.2,0.6,1.46,3.67,5.27,3.63,8.0,2.04,14.0,0.6,0.2,0.7,3.9,14.9,28.6,16.4,8.0,12.1,14.0,0.6,0.2,0.7,-148.4,-33.2,77.0,-34.4,10.0,107.0,16.0,0.5,0.2,0.7,-129.0,-17.5,141.5,4.3,10.0,136.1,16.0,0.5,0.2,0.7,-103.6,-35.9,44.2,-29.1,9.0,70.7,16.0,0.6,0.2,0.7,-59.8,0.0,98.4,13.1,9.0,89.1,16.0,0.6,0.2,0.7,-18.4,-4.8,6.7,-6.5,8.0,14.1,14.0,0.6,0.2,0.7,-8.0,-0.9,18.8,2.0,8.0,14.1,14.0,0.6,0.2,0.7,25.5,220.0,696.0,347.0,10.0,377.5,16.0,0.5,0.2,0.7,25.0,220.0,695.0,345.0,10.0,380.0,16.0,0.5,0.2,0.7
1974,2,35.0,-31.0,25.0,26.0,27.31,26.26,19.0,1.17,14.0,0.5,0.4,0.5,24.5,26.0,27.0,25.84,20.0,1.49,14.0,0.5,0.4,0.5,14.49,15.84,19.21,16.41,15.0,2.8,16.0,0.4,0.4,0.5,69.2,83.4,86.6,79.4,15.0,9.8,16.0,0.4,0.5,3.19,5.0,7.7,5.43,21.0,2.16,12.0,0.4,0.4,0.6,-4.88,-2.96,-2.01,-3.35,21.0,2.4,12.0,0.4,0.4,0.6,-4.27,-2.29,3.4,-0.73,21.0,4.19,12.0,0.4,0.4,0.6,1010.43,1015.0,1017.05,1014.08,23.0,3.46,14.0,0.4,0.4,0.6,2.0,3.0,5.8,3.7,21.0,2.2,14.0,0.4,0.4,0.5,-29.6,-16.1,-6.2,-21.7,21.0,24.2,12.0,0.4,0.4,0.6,-23.9,-7.4,21.8,-3.8,21.0,29.4,12.0,0.4,0.4,0.6,-0.78,-0.1,2.23,0.55,17.0,1.9,14.0,0.5,0.3,0.5,-5.4,-1.1,13.4,3.6,15.0,13.1,12.0,0.5,0.3,0.5,2.54,4.7,6.15,4.63,13.0,3.3,16.0,0.5,0.3,0.5,7.2,18.6,30.1,23.6,12.0,26.6,14.0,0.5,0.3,0.6,-155.1,-82.4,-58.2,-93.0,18.0,61.1,14.0,0.4,0.4,0.5,-121.5,-51.4,79.6,-26.1,18.0,104.3,14.0,0.4,0.4,0.5,-68.2,-46.5,-32.2,-51.3,14.0,35.5,16.0,0.4,0.4,0.6,-81.2,-25.1,50.6,-13.1,14.0,69.9,16.0,0.4,0.4,0.6,-19.2,-11.9,-3.3,-11.1,12.0,11.8,14.0,0.5,0.3,0.6,-8.7,-0.6,24.0,11.3,12.0,30.0,14.0,0.5,0.3,0.6,32.5,125.0,456.5,239.5,21.0,300.5,12.0,0.4,0.4,0.6,35.0,125.0,455.0,240.0,21.0,300.0,12.0,0.4,0.4,0.6
1974,2,35.0,-30.0,25.98,26.7,27.81,26.97,6.0,1.17,16.0,0.8,0.4,0.6,25.31,25.9,26.78,26.08,6.0,1.67,16.0,0.8,0.4,0.6,14.11,16.04,17.85,16.36,6.0,3.25,16.0,0.8,0.4,0.6,68.6,79.4,85.3,77.3,6.0,9.9,16.0,0.8,0.6,1.65,3.1,6.32,3.92,5.0,3.43,16.0,0.8,0.5,0.5,-3.08,-1.99,-1.03,-2.03,5.0,1.45,16.0,0.8,0.5,0.5,0.29,2.3,4.85,2.86,5.0,3.68,16.0,0.8,0.5,0.5,1014.96,1016.35,1016.74,1016.02,6.0,0.89,16.0,0.8,0.4,0.6,2.0,2.5,6.2,3.7,6.0,2.3,16.0,0.8,0.4,0.6,-16.2,-6.7,-3.9,-9.2,5.0,7.4,16.0,0.8,0.5,0.5,0.7,7.4,37.8,20.9,5.0,36.2,16.0,0.8,0.5,0.5,0.16,0.85,1.47,0.88,6.0,0.77,16.0,0.8,0.4,0.6,0.6,3.1,9.3,5.4,5.0,8.0,16.0,0.8,0.5,0.5,4.85,5.9,6.93,5.87,6.0,1.95,16.0,0.8,0.4,0.6,10.4,17.1,37.1,22.6,5.0,18.6,16.0,0.8,0.5,0.5,-80.1,-51.8,-24.4,-52.0,5.0,37.7,16.0,0.8,0.5,0.5,7.5,59.3,118.8,70.2,5.0,87.1,16.0,0.8,0.5,0.5,-48.1,-33.3,-15.8,-31.7,5.0,21.5,16.0,0.8,0.5,0.5,4.8,33.3,76.9,44.4,5.0,56.8,16.0,0.8,0.5,0.5,-19.6,-11.0,-5.5,-12.3,5.0,9.5,16.0,0.8,0.5,0.5,1.8,13.1,27.4,16.0,5.0,19.7,16.0,0.8,0.5,0.5,11.0,30.0,355.5,190.0,5.0,345.5,16.0,0.8,0.5,0.5,10.0,30.0,355.0,190.0,5.0,345.0,16.0,0.8,0.5,0.5
1974,2,35.0,-29.0,26.09,27.4,28.95,27.32,17.0,1.36,16.0,0.6,0.4,0.5,24.97,26.55,28.15,26.58,18.0,1.56,16.0,0.7,0.4,0.5,15.01,17.27,18.9,16.82,15.0,2.54,14.0,0.7,0.5,0.5,70.4,77.2,89.6,77.5,15.0,9.9,14.0,0.7,0.5,3.37,5.1,7.9,5.61,17.0,2.26,14.0,0.6,0.4,0.5,-5.62,-3.06,-1.37,-3.32,17.0,2.47,14.0,0.6,0.4,0.5,-0.97,2.31,5.67,2.46,17.0,3.79,14.0,0.6,0.4,0.5,1012.48,1014.15,1015.93,1014.02,18.0,3.09,16.0,0.7,0.4,0.5,2.0,4.0,6.0,4.1,18.0,1.9,16.0,0.7,0.4,0.5,-43.7,-15.0,-7.6,-21.2,17.0,20.6,14.0,0.6,0.4,0.5,-5.6,8.3,45.5,17.6,17.0,31.6,14.0,0.6,0.4,0.5,-0.05,0.8,1.45,0.78,17.0,0.94,16.0,0.6,0.4,0.5,-0.4,3.5,7.1,4.8,16.0,8.1,16.0,0.6,0.4,0.5,2.78,6.67,8.19,5.88,15.0,2.61,14.0,0.7,0.5,0.5,10.1,26.8,41.6,30.8,14.0,22.0,14.0,0.6,0.5,0.5,-152.2,-82.0,-34.6,-88.3,17.0,67.6,14.0,0.6,0.4,0.5,-27.6,57.9,147.0,62.3,17.0,96.8,14.0,0.6,0.4,0.5,-79.4,-48.3,-18.9,-47.9,14.0,40.2,14.0,0.6,0.5,0.5,-21.6,37.9,94.6,33.0,14.0,66.6,14.0,0.6,0.5,0.5,-36.1,-16.6,-1.1,-15.9,14.0,16.3,14.0,0.6,0.5,0.5,-4.6,8.1,33.0,16.7,14.0,25.9,14.0,0.6,0.5,0.5,39.0,132.5,533.0,264.0,17.0,305.5,14.0,0.6,0.4,0.5,40.0,135.0,535.0,265.0,17.0,305.0,14.0,0.6,0.4,0.5
1974,2,35.0,-28.0,27.38,28.3,29.16,28.33,15.0,1.01,14.0,0.5,0.4,0.6,26.31,27.0,27.85,27.0,16.0,1.33,14.0,0.6,0.4,0.6,15.19,17.1,18.62,16.94,12.0,1.84,14.0,0.6,0.3,0.6,67.1,77.9,85.0,76.7,12.0,9.5,14.0,0.6,0.6,3.21,7.2,10.08,6.99,15.0,4.37,14.0,0.6,0.3,0.5,-7.27,-3.55,-0.24,-3.48,15.0,3.19,14.0,0.6,0.3,0.5,-3.04,0.0,8.84,2.37,15.0,6.5,14.0,0.6,0.3,0.5,1010.19,1013.05,1016.46,1013.01,16.0,3.13,14.0,0.6,0.4,0.6,1.4,3.0,6.0,3.6,16.0,2.1,14.0,0.6,0.4,0.6,-74.8,-16.7,-0.7,-30.4,15.0,35.5,14.0,0.6,0.3,0.5,-17.7,0.0,82.4,37.2,15.0,79.5,14.0,0.6,0.3,0.5,0.2,1.3,2.39,1.43,15.0,1.6,14.0,0.5,0.4,0.6,0.1,6.1,21.9,14.3,14.0,24.8,14.0,0.6,0.3,0.6,6.41,7.03,8.51,7.26,12.0,1.96,14.0,0.6,0.3,0.6,18.9,39.3,94.2,52.9,12.0,42.9,14.0,0.6,0.3,0.6,-188.5,-103.9,-6.5,-92.7,15.0,85.0,14.0,0.6,0.3,0.5,-82.5,0.0,233.3,58.4,15.0,166.2,14.0,0.6,0.3,0.5,-82.9,-60.7,0.0,-49.4,12.0,45.6,14.0,0.6,0.3,0.6,-59.9,5.0,157.8,44.7,12.0,113.9,14.0,0.6,0.3,0.6,-42.3,-20.5,0.0,-19.2,12.0,23.7,14.0,0.6,0.3,0.6,-17.9,2.4,88.5,28.7,12.0,55.1,14.0,0.6,0.3,0.6,33.5,373.0,1029.0,749.5,15.0,1141.0,14.0,0.6,0.3,0.5,35.0,375.0,1030.0,750.0,15.0,1140.0,14.0,0.6,0.3,0.5
1974,2,35.0,-27.0,27.4,28.0,28.8,28.05,20.0,0.89,14.0,0.6,0.5,0.5,25.97,27.2,28.98,27.46,21.0,1.87,14.0,0.6,0.5,0.5,15.51,18.84,19.74,18.16,20.0,1.95,16.0,0.6,0.5,0.5,71.4,80.9,86.3,80.1,20.0,8.3,16.0,0.6,0.5,1.69,3.6,8.7,4.95,21.0,3.88,14.0,0.6,0.5,0.5,-6.77,-2.37,-0.51,-3.32,21.0,3.32,14.0,0.6,0.5,0.5,-1.17,0.8,5.69,1.39,21.0,4.01,14.0,0.6,0.5,0.5,1009.3,1013.2,1016.27,1012.72,21.0,3.35,14.0,0.6,0.5,0.5,1.2,4.0,6.8,3.9,21.0,2.5,14.0,0.6,0.5,0.5,-58.7,-7.4,-0.7,-26.7,21.0,43.7,14.0,0.6,0.5,0.5,-4.1,3.4,37.9,11.4,21.0,44.2,14.0,0.6,0.5,0.5,-1.0,0.7,1.8,0.31,20.0,1.6,14.0,0.6,0.5,0.5,-2.5,2.0,12.1,4.9,20.0,9.6,14.0,0.6,0.5,0.5,3.91,5.08,7.81,5.45,19.0,1.75,14.0,0.6,0.5,0.5,10.1,21.0,51.3,27.6,19.0,22.2,14.0,0.6,0.5,0.5,-179.0,-65.3,-14.7,-88.5,21.0,86.0,14.0,0.6,0.5,0.5,-35.1,21.6,152.8,37.3,21.0,106.5,14.0,0.6,0.5,0.5,-110.1,-47.0,-8.7,-62.5,20.0,61.9,16.0,0.6,0.5,0.5,-24.1,19.7,92.3,25.9,20.0,77.0,16.0,0.6,0.5,0.5,-28.8,-13.1,-2.4,-17.9,19.0,19.2,14.0,0.6,0.5,0.5,-6.6,6.3,38.3,10.8,19.0,21.6,14.0,0.6,0.5,0.5,6.0,46.5,658.5,391.5,21.0,780.0,14.0,0.6,0.5,0.5,5.0,45.0,660.0,390.0,21.0,780.0,14.0,0.6,0.5,0.5
1974,2,35.0,-26.0,27.29,28.3,29.64,28.29,37.0,1.29,12.0,0.5,0.3,0.7,26.91,28.0,29.04,27.92,37.0,1.39,12.0,0.5,0.3,0.7,16.4,18.09,19.76,18.31,27.0,2.41,12.0,0.5,0.3,0.7,71.4,78.4,87.0,78.2,27.0,8.4,12.0,0.5,0.7,2.62,5.1,7.7,5.69,39.0,2.61,12.0,0.5,0.3,0.7,-5.02,-2.68,0.0,-2.64,39.0,2.75,12.0,0.5,0.3,0.7,-1.8,2.6,7.19,2.42,39.0,4.4,12.0,0.5,0.3,0.7,1007.31,1011.5,1015.84,1011.64,40.0,3.91,12.0,0.5,0.3,0.7,1.0,4.0,6.0,3.8,36.0,2.2,12.0,0.5,0.3,0.7,-38.0,-13.6,0.0,-15.4,39.0,21.1,12.0,0.5,0.3,0.7,-6.4,10.3,51.7,21.1,39.0,40.6,12.0,0.5,0.3,0.7,-1.0,0.4,1.2,0.22,35.0,1.34,12.0,0.5,0.3,0.7,-3.7,1.7,7.6,1.7,34.0,8.9,12.0,0.4,0.3,0.7,3.73,5.26,7.41,5.37,27.0,1.73,12.0,0.5,0.3,0.7,12.4,30.8,49.5,30.0,27.0,17.2,12.0,0.5,0.3,0.7,-146.6,-73.3,9.2,-74.9,36.0,77.5,12.0,0.4,0.3,0.7,-44.5,83.5,213.6,73.6,36.0,121.3,12.0,0.4,0.3,0.7,-104.2,-54.9,-1.7,-56.5,27.0,47.4,12.0,0.5,0.3,0.7,-28.0,47.8,127.7,49.1,27.0,75.2,12.0,0.5,0.3,0.7,-36.0,-13.5,-0.6,-17.8,27.0,15.7,12.0,0.5,0.3,0.7,-7.5,8.8,33.6,14.0,27.0,21.2,12.0,0.5,0.3,0.7,18.0,132.5,456.5,308.5,39.0,431.5,12.0,0.5,0.3,0.7,20.0,135.0,455.0,310.0,39.0,430.0,12.0,0.5,0.3,0.7
1974,2,35.0,-25.0,27.29,28.15,29.14,28.29,56.0,1.06,14.0,0.4,0.6,0.5,26.58,27.6,28.31,27.51,51.0,1.1,14.0,0.4,0.6,0.5,16.75,18.48,19.85,18.38,38.0,1.72,14.0,0.5,0.6,0.5,71.9,79.4,85.3,79.3,38.0,7.2,14.0,0.5,0.5,1.5,4.6,8.42,4.9,55.0,3.3,14.0,0.5,0.6,0.5,-5.64,-2.3,0.0,-2.55,55.0,2.88,14.0,0.5,0.6,0.5,-0.3,2.55,6.17,2.69,55.0,3.62,14.0,0.5,0.6,0.5,1009.42,1012.0,1014.08,1011.93,56.0,3.09,14.0,0.5,0.6,0.5,1.3,3.0,6.0,3.5,53.0,2.0,14.0,0.4,0.5,0.5,-35.2,-10.6,0.0,-17.7,55.0,25.3,14.0,0.5,0.6,0.5,-0.4,12.3,45.6,22.2,55.0,34.6,14.0,0.5,0.6,0.5,-0.24,0.35,1.61,0.7,50.0,1.39,14.0,0.4,0.6,0.5,-0.7,0.8,9.5,3.6,48.0,8.5,14.0,0.4,0.6,0.5,3.94,5.69,7.46,5.57,37.0,1.91,14.0,0.5,0.6,0.5,5.0,26.5,49.7,27.5,36.0,22.0,14.0,0.5,0.6,0.5,-164.5,-57.9,0.0,-69.7,49.0,82.7,14.0,0.4,0.6,0.5,-8.1,71.9,185.8,75.4,49.0,102.2,14.0,0.4,0.6,0.5,-118.6,-45.0,0.0,-51.0,37.0,60.2,16.0,0.5,0.6,0.5,0.0,49.0,103.5,49.0,37.0,58.9,16.0,0.5,0.6,0.5,-35.2,-9.5,0.0,-13.0,36.0,17.6,14.0,0.5,0.6,0.5,0.0,12.7,34.1,16.6,36.0,22.2,14.0,0.5,0.6,0.5,3.5,97.5,597.5,287.0,55.0,428.0,14.0,0.5,0.6,0.5,5.0,95.0,595.0,285.0,55.0,430.0,14.0,0.5,0.6,0.5
1974,2,35.0,-24.0,27.47,28.6,29.71,28.53,8.0,1.17,16.0,0.8,0.8,0.4,26.97,28.25,30.36,28.34,8.0,1.94,16.0,0.8,0.8,0.4,17.87,18.42,19.34,18.6,4.0,1.07,20.0,0.8,0.8,0.5,74.6,77.4,87.3,80.8,4.0,9.2,20.0,0.8,0.5,2.82,5.5,7.59,5.33,8.0,2.21,16.0,0.8,0.8,0.4,-4.29,-3.04,-0.08,-2.43,8.0,2.84,16.0,0.8,0.8,0.4,-2.84,1.48,6.02,1.15,8.0,4.58,16.0,0.8,0.8,0.4,1009.01,1011.0,1015.24,1011.49,8.0,4.03,16.0,0.8,0.8,0.4,3.0,3.5,4.9,3.6,8.0,2.0,16.0,0.8,0.8,0.4,-30.9,-11.4,-0.2,-14.2,8.0,20.9,16.0,0.8,0.8,0.4,-12.5,6.8,40.8,10.9,8.0,30.3,16.0,0.8,0.8,0.4,-0.62,0.3,1.48,0.19,8.0,1.87,16.0,0.8,0.8,0.4,-3.1,1.4,9.4,0.3,8.0,10.4,16.0,0.8,0.8,0.4,5.21,6.49,6.89,6.07,4.0,1.2,20.0,0.8,0.8,0.5,19.0,32.9,46.6,32.8,4.0,15.9,20.0,0.8,0.8,0.5,-130.1,-82.3,-2.0,-69.1,8.0,80.2,16.0,0.8,0.8,0.4,-71.1,44.9,165.9,32.7,8.0,130.5,16.0,0.8,0.8,0.4,-92.2,-58.4,-2.5,-47.9,4.0,66.1,20.0,0.8,0.8,0.5,-24.4,38.2,92.4,34.2,4.0,73.5,20.0,0.8,0.8,0.5,-29.9,-16.5,0.9,-14.6,4.0,23.3,20.0,0.8,0.8,0.5,-5.2,13.4,33.8,14.2,4.0,24.3,20.0,0.8,0.8,0.5,26.5,170.5,439.5,216.5,8.0,192.0,16.0,0.8,0.8,0.4,25.0,170.0,440.0,215.0,8.0,190.0,16.0,0.8,0.8,0.4
1974,2,35.0,-22.0,27.16,27.5,27.84,27.5,2.0,0.71,20.0,0.5,0.7,0.2,26.02,26.5,26.98,26.5,2.0,0.99,20.0,0.5,0.7,0.2,17.13,17.95,18.76,17.95,2.0,1.69,20.0,0.5,0.7,0.2,77.4,83.3,89.2,83.3,2.0,12.3,20.0,0.5,0.2,9.87,11.1,12.33,11.1,2.0,2.55,20.0,0.5,0.7,0.2,-9.44,-8.5,-7.56,-8.5,2.0,1.95,20.0,0.5,0.7,0.2,-6.03,-1.16,3.71,-1.16,2.0,10.09,20.0,0.5,0.7,0.2,1010.04,1011.85,1013.66,1011.85,2.0,3.75,20.0,0.5,0.7,0.2,2.1,4.5,6.9,4.5,2.0,4.9,20.0,0.5,0.7,0.2,-117.8,-96.9,-76.0,-96.9,2.0,43.3,20.0,0.5,0.7,0.2,-81.2,-25.7,29.8,-25.7,2.0,114.9,20.0,0.5,0.7,0.2,0.86,1.0,1.14,1.0,2.0,0.28,20.0,0.5,0.7,0.2,8.7,11.5,14.2,11.5,2.0,5.7,20.0,0.5,0.7,0.2,3.82,5.06,6.3,5.06,2.0,2.57,20.0,0.5,0.7,0.2,45.3,52.9,60.5,52.9,2.0,15.7,20.0,0.5,0.7,0.2,-245.2,-224.4,-203.5,-224.4,2.0,43.3,20.0,0.5,0.7,0.2,-154.2,-25.7,102.8,-25.7,2.0,266.2,20.0,0.5,0.7,0.2,-178.1,-154.2,-130.4,-154.2,2.0,49.4,20.0,0.5,0.7,0.2,-117.6,-29.3,59.0,-29.3,2.0,183.0,20.0,0.5,0.7,0.2,-46.3,-40.5,-34.7,-40.5,2.0,12.0,20.0,0.5,0.7,0.2,-16.1,7.1,30.3,7.1,2.0,48.1,20.0,0.5,0.7,0.2,1017.5,1475.5,1933.5,1475.5,2.0,949.0,20.0,0.5,0.7,0.2,1015.0,1475.0,1935.0,1475.0,2.0,950.0,20.0,0.5,0.7,0.2
1974,2,35.0,-21.0,27.1,27.1,27.1,27.1,1.0,0.0,24.0,1.0,0.6,0.3,26.65,27.2,27.75,27.2,2.0,1.13,22.0,1.0,0.4,0.7,18.75,18.75,18.75,18.75,1.0,0.0,24.0,1.0,0.6,0.3,86.7,86.7,86.7,86.7,1.0,0.0,24.0,1.0,0.3,3.32,4.0,9.67,6.43,3.0,5.11,20.0,1.0,0.6,0.8,-7.4,-3.06,-2.75,-5.03,3.0,3.81,20.0,1.0,0.6,0.8,-6.21,-2.57,-1.84,-3.99,3.0,3.43,20.0,1.0,0.6,0.8,1002.43,1005.5,1007.0,1004.73,3.0,3.42,20.0,1.0,0.6,0.8,1.3,2.0,6.1,3.7,3.0,3.8,20.0,1.0,0.6,0.8,-83.0,-12.3,-9.2,-45.3,3.0,61.2,20.0,1.0,0.6,0.8,-69.6,-10.3,-6.3,-37.3,3.0,52.0,20.0,1.0,0.6,0.8,0.7,0.7,0.7,0.7,1.0,0.0,24.0,1.0,0.6,0.3,8.6,8.6,8.6,8.6,1.0,0.0,24.0,1.0,0.6,0.3,3.85,3.85,3.85,3.85,1.0,0.0,24.0,1.0,0.6,0.3,47.3,47.3,47.3,47.3,1.0,0.0,24.0,1.0,0.6,0.3,-222.9,-167.3,-111.7,-167.3,2.0,115.2,22.0,1.0,0.4,0.7,-187.0,-140.4,-93.7,-140.4,2.0,96.7,22.0,1.0,0.4,0.7,-176.7,-176.7,-176.7,-176.7,1.0,0.0,24.0,1.0,0.6,0.3,-148.3,-148.3,-148.3,-148.3,1.0,0.0,24.0,1.0,0.6,0.3,-36.3,-36.3,-36.3,-36.3,1.0,0.0,24.0,1.0,0.6,0.3,-30.4,-30.4,-30.4,-30.4,1.0,0.0,24.0,1.0,0.6,0.3,38.5,64.0,1290.5,650.5,3.0,1048.5,20.0,1.0,0.6,0.8,40.0,65.0,1290.0,650.0,3.0,1050.0,20.0,1.0,0.6,0.8
1974,2,35.0,-20.0,,,,,,,,,,,,,,,,,,,,,,,,,,,,,,,,,,,,,,,,7.0,7.0,7.0,7.0,1.0,0.0,20.0,1.0,0.9,0.7,-6.89,-6.89,-6.89,-6.89,1.0,0.0,20.0,1.0,0.9,0.7,1.22,1.22,1.22,1.22,1.0,0.0,20.0,1.0,0.9,0.7,1012.5,1012.5,1012.5,1012.5,1.0,0.0,20.0,1.0,0.9,0.7,,,,,,,,,,,,,,,,,,,,,,,,,,,,,,,,,,,,,,,,,,,,,,,,,,,,,,,,,,,,,,,,,,,,,,,,,,,,,,,,,,,,,,,,,,,,,,,,,,,,,,,,,,,,,,,,,,,,,,,,,,,,,,,,,,,,,,,,,,,,,,,,,,,,,,
1974,2,35.0,25.0,22.32,23.0,23.68,23.0,3.0,1.0,4.0,0.3,0.7,0.5,18.38,19.2,20.09,19.23,3.0,1.25,4.0,0.3,0.7,0.5,6.83,7.02,9.49,8.13,3.0,2.18,4.0,0.3,0.7,0.5,51.8,53.1,65.4,58.5,3.0,11.0,4.0,0.3,0.5,3.58,5.7,7.75,5.67,3.0,3.05,4.0,0.3,0.7,0.5,2.53,4.37,5.2,3.88,3.0,2.01,4.0,0.3,0.7,0.5,-5.71,-3.66,-2.52,-4.11,3.0,2.37,4.0,0.3,0.7,0.5,1014.93,1018.0,1018.82,1016.9,3.0,3.0,4.0,0.3,0.7,0.5,1.3,4.0,4.7,3.0,3.0,2.6,4.0,0.3,0.7,0.5,10.9,24.9,41.1,26.0,3.0,22.2,4.0,0.3,0.7,0.5,-46.2,-20.9,-10.2,-28.0,3.0,27.1,4.0,0.3,0.7,0.5,3.02,3.5,4.52,3.77,3.0,1.12,4.0,0.3,0.7,0.5,11.3,16.0,34.8,22.9,3.0,18.2,4.0,0.3,0.7,0.5,8.4,9.35,10.26,9.33,3.0,1.36,4.0,0.3,0.7,0.5,31.0,53.3,80.3,55.6,3.0,36.2,4.0,0.3,0.7,0.5,50.0,83.8,95.3,72.9,3.0,34.5,4.0,0.3,0.7,0.5,-104.2,-70.3,-50.2,-77.0,3.0,40.0,4.0,0.3,0.7,0.5,21.9,30.6,35.5,28.7,3.0,10.1,4.0,0.3,0.7,0.5,-38.8,-25.7,-22.6,-30.6,3.0,12.6,4.0,0.3,0.7,0.5,22.0,40.8,53.7,38.0,3.0,23.3,4.0,0.3,0.7,0.5,-59.5,-34.3,-21.7,-40.4,3.0,28.2,4.0,0.3,0.7,0.5,71.0,185.0,508.5,287.0,3.0,332.5,4.0,0.3,0.7,0.5,70.0,185.0,510.0,285.0,3.0,330.0,4.0,0.3,0.7,0.5
1974,2,35.0,26.0,23.0,23.0,24.09,23.53,3.0,0.92,4.0,0.7,0.2,0.5,18.28,19.3,22.03,20.13,3.0,2.84,4.0,0.7,0.2,0.5,5.86,7.06,11.15,8.47,3.0,4.06,4.0,0.7,0.2,0.5,45.1,51.3,66.1,55.5,3.0,15.8,4.0,0.7,0.5,5.29,5.7,7.41,6.33,3.0,1.64,4.0,0.7,0.2,0.5,2.9,3.66,4.76,3.83,3.0,1.37,4.0,0.7,0.2,0.5,-5.69,-4.42,-4.38,-5.02,3.0,1.09,4.0,0.7,0.2,0.5,1011.37,1018.2,1018.95,1015.23,3.0,6.12,4.0,0.7,0.2,0.5,1.0,1.0,5.8,3.3,3.0,4.0,4.0,0.7,0.2,0.5,15.5,20.9,36.1,25.7,3.0,15.7,4.0,0.7,0.2,0.5,-43.1,-24.9,-23.3,-33.0,3.0,16.1,4.0,0.7,0.2,0.5,1.45,5.2,5.27,3.4,3.0,3.2,4.0,0.7,0.2,0.5,6.9,27.0,28.8,18.1,3.0,17.8,4.0,0.7,0.2,0.5,6.95,12.12,12.12,9.6,3.0,4.37,4.0,0.7,0.2,0.5,45.1,61.8,66.8,56.1,3.0,16.7,4.0,0.7,0.2,0.5,54.3,65.2,104.5,79.1,3.0,38.7,4.0,0.7,0.2,0.5,-127.0,-85.2,-80.1,-103.1,3.0,37.6,4.0,0.7,0.2,0.5,18.5,19.4,53.1,35.4,3.0,28.9,4.0,0.7,0.2,0.5,-65.8,-31.2,-25.7,-45.4,3.0,31.9,4.0,0.7,0.2,0.5,26.2,30.9,40.1,33.1,3.0,10.4,4.0,0.7,0.2,0.5,-53.3,-52.9,-36.3,-45.0,3.0,14.3,4.0,0.7,0.2,0.5,149.5,185.0,435.0,289.5,3.0,228.0,4.0,0.7,0.2,0.5,150.0,185.0,435.0,290.0,3.0,230.0,4.0,0.7,0.2,0.5
1974,2,35.0,33.0,17.0,17.0,17.0,17.0,1.0,0.0,12.0,0.0,0.1,0.9,15.4,15.4,15.4,15.4,1.0,0.0,12.0,0.0,0.1,0.9,7.68,7.68,7.68,7.68,1.0,0.0,12.0,0.0,0.1,0.9,70.7,70.7,70.7,70.7,1.0,0.0,12.0,0.0,0.9,7.7,7.7,7.7,7.7,1.0,0.0,12.0,0.0,0.1,0.9,1.34,1.34,1.34,1.34,1.0,0.0,12.0,0.0,0.1,0.9,-7.58,-7.58,-7.58,-7.58,1.0,0.0,12.0,0.0,0.1,0.9,1009.3,1009.3,1009.3,1009.3,1.0,0.0,12.0,0.0,0.1,0.9,,,,,,,,,,,,,,,,,,,,,,,,,,,,,,,1.6,1.6,1.6,1.6,1.0,0.0,12.0,0.0,0.1,0.9,12.3,12.3,12.3,12.3,1.0,0.0,12.0,0.0,0.1,0.9,4.39,4.39,4.39,4.39,1.0,0.0,12.0,0.0,0.1,0.9,33.8,33.8,33.8,33.8,1.0,0.0,12.0,0.0,0.1,0.9,20.6,20.6,20.6,20.6,1.0,0.0,12.0,0.0,0.1,0.9,-116.8,-116.8,-116.8,-116.8,1.0,0.0,12.0,0.0,0.1,0.9,10.3,10.3,10.3,10.3,1.0,0.0,12.0,0.0,0.1,0.9,-58.3,-58.3,-58.3,-58.3,1.0,0.0,12.0,0.0,0.1,0.9,5.9,5.9,5.9,5.9,1.0,0.0,12.0,0.0,0.1,0.9,-33.3,-33.3,-33.3,-33.3,1.0,0.0,12.0,0.0,0.1,0.9,456.5,456.5,456.5,456.5,1.0,0.0,12.0,0.0,0.1,0.9,455.0,455.0,455.0,455.0,1.0,0.0,12.0,0.0,0.1,0.9
1974,2,35.0,34.0,,,,,,,,,,,,,,,,,,,,,,,,,,,,,,,,,,,,,,,,4.08,6.4,8.72,6.4,2.0,4.81,18.0,1.0,0.3,0.8,-5.3,-3.15,-1.0,-3.15,2.0,4.45,18.0,1.0,0.3,0.8,-6.79,-5.25,-3.72,-5.25,2.0,3.19,18.0,1.0,0.3,0.8,1015.54,1015.85,1016.16,1015.85,2.0,0.64,18.0,1.0,0.3,0.8,,,,,,,,,,,,,,,,,,,,,,,,,,,,,,,,,,,,,,,,,,,,,,,,,,,,,,,,,,,,,,,,,,,,,,,,,,,,,,,,,,,,,,,,,,,,,,,,,,,,,,,,,,,,,,,,,,,,,,,,,,,,,,,,,,,,,,,,,,,,,,,,,,,,,,
1974,2,35.0,35.0,16.16,16.5,16.84,16.5,2.0,0.71,8.0,0.0,0.6,0.4,11.29,15.8,16.76,14.07,3.0,4.27,12.0,0.0,0.6,0.5,3.88,5.59,7.31,5.59,2.0,3.55,10.0,0.0,0.8,0.5,46.9,55.0,63.1,55.0,2.0,16.8,10.0,0.0,0.5,7.33,8.7,10.27,8.8,3.0,2.15,12.0,0.0,0.6,0.5,-9.02,-5.13,-2.66,-5.83,3.0,4.7,12.0,0.0,0.6,0.5,-6.45,-1.91,2.33,-2.06,3.0,6.44,12.0,0.0,0.6,0.5,1013.37,1015.9,1017.74,1015.57,3.0,3.21,12.0,0.0,0.6,0.5,0.0,0.0,2.7,1.3,3.0,2.3,12.0,0.0,0.6,0.5,-92.3,-34.4,-19.9,-55.6,3.0,56.1,12.0,0.0,0.6,0.5,-57.5,-21.0,13.0,-22.2,3.0,51.7,12.0,0.0,0.6,0.5,1.41,4.0,6.59,4.0,2.0,5.37,8.0,0.0,0.6,0.4,12.6,35.0,57.4,35.0,2.0,46.4,8.0,0.0,0.6,0.4,8.88,8.88,8.88,8.88,1.0,0.0,2.0,0.0,0.9,0.3,77.3,77.3,77.3,77.3,1.0,0.0,2.0,0.0,0.9,0.3,-144.9,-88.3,-37.5,-91.1,3.0,78.7,12.0,0.0,0.6,0.5,-63.4,-30.2,41.0,-11.6,3.0,78.1,12.0,0.0,0.6,0.5,-35.7,-23.1,-10.5,-23.1,2.0,26.1,10.0,0.0,0.8,0.5,-16.7,4.3,25.2,4.3,2.0,43.4,10.0,0.0,0.8,0.5,-13.4,-13.4,-13.4,-13.4,1.0,0.0,2.0,0.0,0.9,0.3,-76.1,-76.1,-76.1,-76.1,1.0,0.0,2.0,0.0,0.9,0.3,414.5,658.5,1117.5,763.5,3.0,523.0,12.0,0.0,0.6,0.5,415.0,660.0,1120.0,765.0,3.0,525.0,12.0,0.0,0.6,0.5
1974,2,35.0,42.0,,,,,,,,,,,,,,,,,,,,,,,,,,,,,,,,,,,,,,,,2.59,6.0,9.41,6.0,3.0,5.0,8.0,0.3,0.3,0.4,-7.71,-2.05,0.03,-3.8,3.0,5.87,8.0,0.3,0.3,0.4,-2.57,0.0,3.85,0.63,3.0,4.73,8.0,0.3,0.3,0.4,1019.93,1027.1,1027.3,1023.7,3.0,6.15,8.0,0.3,0.3,0.4,,,,,,,,,,,,,,,,,,,,,,,,,,,,,,,,,,,,,,,,,,,,,,,,,,,,,,,,,,,,,,,,,,,,,,,,,,,,,,,,,,,,,,,,,,,,,,,,,,,,,,,,,,,,,,,,,,,,,,,,,,,,,,,,,,,,,,,,,,,,,,,,,,,,,,
1974,2,35.0,43.0,,,,,,,,,,,,,,,,,,,,,,,,,,,,,,,,,,,,,,,,4.19,9.8,12.94,9.31,14.0,4.07,16.0,0.4,0.5,0.6,-9.32,-4.43,1.92,-3.23,14.0,6.22,16.0,0.4,0.5,0.6,-9.3,-0.17,7.37,-0.45,14.0,7.72,16.0,0.4,0.5,0.6,1015.5,1020.15,1023.52,1019.58,16.0,5.56,14.0,0.4,0.5,0.6,,,,,,,,,,,,,,,,,,,,,,,,,,,,,,,,,,,,,,,,,,,,,,,,,,,,,,,,,,,,,,,,,,,,,,,,,,,,,,,,,,,,,,,,,,,,,,,,,,,,,,,,,,,,,,,,,,,,,,,,,,,,,,,,,,,,,,,,,,,,,,,,,,,,,,
1974,2,35.0,44.0,,,,,,,,,,,,,,,,,,,,,,,,,,,,,,,,,,,,,,,,5.0,5.0,5.0,5.0,1.0,0.0,2.0,1.0,0.9,0.2,-0.87,-0.87,-0.87,-0.87,1.0,0.0,2.0,1.0,0.9,0.2,-4.92,-4.92,-4.92,-4.92,1.0,0.0,2.0,1.0,0.9,0.2,1028.8,1028.8,1028.8,1028.8,1.0,0.0,2.0,1.0,0.9,0.2,,,,,,,,,,,,,,,,,,,,,,,,,,,,,,,,,,,,,,,,,,,,,,,,,,,,,,,,,,,,,,,,,,,,,,,,,,,,,,,,,,,,,,,,,,,,,,,,,,,,,,,,,,,,,,,,,,,,,,,,,,,,,,,,,,,,,,,,,,,,,,,,,,,,,,
1974,2,35.0,69.0,2.8,2.8,2.8,2.8,1.0,0.0,6.0,1.0,0.7,0.7,-6.8,-6.8,-6.8,-6.8,1.0,0.0,6.0,1.0,0.7,0.7,1.61,1.61,1.61,1.61,1.0,0.0,6.0,1.0,0.7,0.7,70.9,70.9,70.9,70.9,1.0,0.0,6.0,1.0,0.7,4.6,4.6,4.6,4.6,1.0,0.0,6.0,1.0,0.7,0.7,-2.96,-2.96,-2.96,-2.96,1.0,0.0,6.0,1.0,0.7,0.7,-3.52,-3.52,-3.52,-3.52,1.0,0.0,6.0,1.0,0.7,0.7,1012.6,1012.6,1012.6,1012.6,1.0,0.0,6.0,1.0,0.7,0.7,5.0,5.0,5.0,5.0,1.0,0.0,6.0,1.0,0.7,0.7,-13.6,-13.6,-13.6,-13.6,1.0,0.0,6.0,1.0,0.7,0.7,-16.2,-16.2,-16.2,-16.2,1.0,0.0,6.0,1.0,0.7,0.7,9.6,9.6,9.6,9.6,1.0,0.0,6.0,1.0,0.7,0.7,44.2,44.2,44.2,44.2,1.0,0.0,6.0,1.0,0.7,0.7,3.01,3.01,3.01,3.01,1.0,0.0,6.0,1.0,0.7,0.7,13.9,13.9,13.9,13.9,1.0,0.0,6.0,1.0,0.7,0.7,20.1,20.1,20.1,20.1,1.0,0.0,6.0,1.0,0.7,0.7,24.0,24.0,24.0,24.0,1.0,0.0,6.0,1.0,0.7,0.7,-4.8,-4.8,-4.8,-4.8,1.0,0.0,6.0,1.0,0.7,0.7,-5.7,-5.7,-5.7,-5.7,1.0,0.0,6.0,1.0,0.7,0.7,-8.9,-8.9,-8.9,-8.9,1.0,0.0,6.0,1.0,0.7,0.7,-10.6,-10.6,-10.6,-10.6,1.0,0.0,6.0,1.0,0.7,0.7,97.5,97.5,97.5,97.5,1.0,0.0,6.0,1.0,0.7,0.7,95.0,95.0,95.0,95.0,1.0,0.0,6.0,1.0,0.7,0.7
1974,2,35.0,70.0,2.5,2.5,2.57,2.53,3.0,0.06,26.0,0.0,0.0,0.3,0.99,1.4,1.67,1.33,3.0,0.5,26.0,0.0,0.0,0.3,3.5,3.7,3.77,3.64,3.0,0.21,26.0,0.0,0.0,0.3,84.8,85.3,88.8,86.8,3.0,3.2,26.0,0.0,0.3,14.06,14.4,16.17,15.1,3.0,1.66,26.0,0.0,0.0,0.3,10.77,11.03,12.39,11.57,3.0,1.27,26.0,0.0,0.0,0.3,9.04,9.26,10.4,9.71,3.0,1.07,26.0,0.0,0.0,0.3,1004.92,1005.6,1006.62,1005.77,3.0,1.26,26.0,0.0,0.0,0.3,8.0,8.0,8.0,8.0,3.0,0.0,26.0,0.0,0.0,0.3,151.4,158.8,201.5,176.1,3.0,39.6,26.0,0.0,0.0,0.3,127.1,133.3,169.1,147.7,3.0,33.2,26.0,0.0,0.0,0.3,0.86,1.2,1.54,1.2,3.0,0.5,26.0,0.0,0.0,0.3,13.4,20.4,22.6,18.0,3.0,7.1,26.0,0.0,0.0,0.3,0.81,0.86,1.05,0.93,3.0,0.19,26.0,0.0,0.0,0.3,12.7,13.3,15.1,13.9,3.0,1.8,26.0,0.0,0.0,0.3,11.6,18.2,19.3,15.5,3.0,6.1,26.0,0.0,0.0,0.3,9.7,15.3,16.2,13.0,3.0,5.1,26.0,0.0,0.0,0.3,37.7,40.8,46.8,42.2,3.0,6.8,26.0,0.0,0.0,0.3,31.6,34.2,39.3,35.4,3.0,5.7,26.0,0.0,0.0,0.3,9.7,10.2,11.6,10.6,3.0,1.4,26.0,0.0,0.0,0.3,8.2,8.6,9.7,8.9,3.0,1.2,26.0,0.0,0.0,0.3,2781.0,2986.0,4301.5,3528.0,3.0,1208.5,26.0,0.0,0.0,0.3,2780.0,2985.0,4300.0,3530.0,3.0,1210.0,26.0,0.0,0.0,0.3
1974,2,35.0,71.0,4.0,4.0,4.0,4.0,2.0,0.0,2.0,0.5,0.0,0.2,-8.05,-4.15,-1.14,-4.57,4.0,4.04,6.0,0.5,0.2,0.2,3.15,3.25,3.36,3.25,2.0,0.22,2.0,0.5,0.0,0.2,90.5,92.6,94.7,92.6,2.0,4.4,2.0,0.5,0.2,7.58,11.6,13.42,10.55,4.0,3.94,6.0,0.5,0.2,0.2,-8.4,-1.64,0.0,-4.08,4.0,6.18,6.0,0.5,0.2,0.2,0.22,7.53,11.66,6.01,4.0,7.43,6.0,0.5,0.2,0.2,1001.89,1005.7,1007.62,1004.8,4.0,4.3,6.0,0.5,0.2,0.2,8.0,8.0,8.0,8.0,2.0,0.0,8.0,1.0,0.4,0.1,-103.1,-8.4,0.0,-49.6,4.0,88.3,6.0,0.5,0.2,0.2,21.0,86.1,137.7,79.7,4.0,78.2,6.0,0.5,0.2,0.2,5.05,5.15,5.25,5.15,2.0,0.21,2.0,0.5,0.0,0.2,56.2,59.5,62.9,59.5,2.0,7.0,2.0,0.5,0.0,0.2,1.74,1.83,1.93,1.83,2.0,0.19,2.0,0.5,0.0,0.2,20.5,21.1,21.6,21.1,2.0,1.1,2.0,0.5,0.0,0.2,0.0,11.5,72.5,35.1,4.0,56.0,6.0,0.5,0.2,0.2,-28.8,-13.1,8.2,-10.4,4.0,28.8,6.0,0.5,0.2,0.2,0.0,0.0,0.0,0.0,2.0,0.0,2.0,0.5,0.0,0.2,33.8,37.9,42.1,37.9,2.0,8.5,2.0,0.5,0.0,0.2,0.0,0.0,0.0,0.0,2.0,0.0,2.0,0.5,0.0,0.2,20.5,21.1,21.6,21.1,2.0,1.1,2.0,0.5,0.0,0.2,589.5,1619.5,2429.0,1514.5,4.0,1134.0,6.0,0.5,0.2,0.2,590.0,1620.0,2430.0,1515.0,4.0,1135.0,6.0,0.5,0.2,0.2
1974,2,35.0,72.0,1.3,1.3,1.3,1.3,1.0,0.0,22.0,0.0,0.1,0.0,2.9,2.9,2.9,2.9,1.0,0.0,22.0,0.0,0.1,0.0,3.92,3.92,3.92,3.92,1.0,0.0,22.0,0.0,0.1,0.0,81.2,81.2,81.2,81.2,1.0,0.0,22.0,0.0,0.0,15.4,15.4,15.4,15.4,1.0,0.0,22.0,0.0,0.1,0.0,0.0,0.0,0.0,0.0,1.0,0.0,22.0,0.0,0.1,0.0,15.4,15.4,15.4,15.4,1.0,0.0,22.0,0.0,0.1,0.0,976.8,976.8,976.8,976.8,1.0,0.0,22.0,0.0,0.1,0.0,8.0,8.0,8.0,8.0,1.0,0.0,22.0,0.0,0.1,0.0,0.0,0.0,0.0,0.0,1.0,0.0,22.0,0.0,0.1,0.0,237.2,237.2,237.2,237.2,1.0,0.0,22.0,0.0,0.1,0.0,-1.6,-1.6,-1.6,-1.6,1.0,0.0,22.0,0.0,0.1,0.0,-24.6,-24.6,-24.6,-24.6,1.0,0.0,22.0,0.0,0.1,0.0,0.39,0.39,0.39,0.39,1.0,0.0,22.0,0.0,0.1,0.0,6.0,6.0,6.0,6.0,1.0,0.0,22.0,0.0,0.1,0.0,0.0,0.0,0.0,0.0,1.0,0.0,22.0,0.0,0.1,0.0,44.7,44.7,44.7,44.7,1.0,0.0,22.0,0.0,0.1,0.0,0.0,0.0,0.0,0.0,1.0,0.0,22.0,0.0,0.1,0.0,60.3,60.3,60.3,60.3,1.0,0.0,22.0,0.0,0.1,0.0,0.0,0.0,0.0,0.0,1.0,0.0,22.0,0.0,0.1,0.0,6.0,6.0,6.0,6.0,1.0,0.0,22.0,0.0,0.1,0.0,3652.5,3652.5,3652.5,3652.5,1.0,0.0,22.0,0.0,0.1,0.0,3650.0,3650.0,3650.0,3650.0,1.0,0.0,22.0,0.0,0.1,0.0
1974,2,36.0,-69.0,,,,,,,,,,,,,,,,,,,,,,,,,,,,,,,,,,,,,,,,4.93,6.7,7.04,6.0,3.0,1.66,8.0,1.0,0.6,0.7,-6.74,-6.7,-0.73,-3.81,3.0,5.07,8.0,1.0,0.6,0.7,-3.21,-2.46,-0.78,-2.0,3.0,1.82,8.0,1.0,0.6,0.7,973.44,984.5,990.03,981.8,3.0,12.37,8.0,1.0,0.6,0.7,,,,,,,,,,,,,,,,,,,,,,,,,,,,,,,,,,,,,,,,,,,,,,,,,,,,,,,,,,,,,,,,,,,,,,,,,,,,,,,,,,,,,,,,,,,,,,,,,,,,,,,,,,,,,,,,,,,,,,,,,,,,,,,,,,,,,,,,,,,,,,,,,,,,,,
1974,2,36.0,-57.0,,,,,,,,,,,,,,,,,,,,,,,,,,,,,,,,,,,,,,,,12.4,12.4,12.4,12.4,1.0,0.0,20.0,0.0,0.7,0.1,9.5,9.5,9.5,9.5,1.0,0.0,20.0,0.0,0.7,0.1,7.97,7.97,7.97,7.97,1.0,0.0,20.0,0.0,0.7,0.1,987.0,987.0,987.0,987.0,1.0,0.0,20.0,0.0,0.7,0.1,,,,,,,,,,,,,,,,,,,,,,,,,,,,,,,,,,,,,,,,,,,,,,,,,,,,,,,,,,,,,,,,,,,,,,,,,,,,,,,,,,,,,,,,,,,,,,,,,,,,,,,,,,,,,,,,,,,,,,,,,,,,,,,,,,,,,,,,,,,,,,,,,,,,,,
1974,2,36.0,-47.0,7.0,7.0,7.0,7.0,1.0,0.0,6.0,0.0,0.3,0.6,8.6,8.6,8.6,8.6,1.0,0.0,6.0,0.0,0.3,0.6,6.67,6.67,6.67,6.67,1.0,0.0,6.0,0.0,0.3,0.6,96.0,96.0,96.0,96.0,1.0,0.0,6.0,0.0,0.6,13.9,13.9,13.9,13.9,1.0,0.0,6.0,0.0,0.3,0.6,2.41,2.41,2.41,2.41,1.0,0.0,6.0,0.0,0.3,0.6,-13.69,-13.69,-13.69,-13.69,1.0,0.0,6.0,0.0,0.3,0.6,1008.5,1008.5,1008.5,1008.5,1.0,0.0,6.0,0.0,0.3,0.6,,,,,,,,,,,,,,,,,,,,,,,,,,,,,,,-1.6,-1.6,-1.6,-1.6,1.0,0.0,6.0,0.0,0.3,0.6,-22.2,-22.2,-22.2,-22.2,1.0,0.0,6.0,0.0,0.3,0.6,-0.44,-0.44,-0.44,-0.44,1.0,0.0,6.0,0.0,0.3,0.6,-6.1,-6.1,-6.1,-6.1,1.0,0.0,6.0,0.0,0.3,0.6,20.8,20.8,20.8,20.8,1.0,0.0,6.0,0.0,0.3,0.6,-117.7,-117.7,-117.7,-117.7,1.0,0.0,6.0,0.0,0.3,0.6,16.1,16.1,16.1,16.1,1.0,0.0,6.0,0.0,0.3,0.6,-91.3,-91.3,-91.3,-91.3,1.0,0.0,6.0,0.0,0.3,0.6,-1.1,-1.1,-1.1,-1.1,1.0,0.0,6.0,0.0,0.3,0.6,6.1,6.1,6.1,6.1,1.0,0.0,6.0,0.0,0.3,0.6,2685.5,2685.5,2685.5,2685.5,1.0,0.0,6.0,0.0,0.3,0.6,2685.0,2685.0,2685.0,2685.0,1.0,0.0,6.0,0.0,0.3,0.6
1974,2,36.0,-40.0,17.4,17.4,17.4,17.4,1.0,0.0,14.0,1.0,0.3,0.5,17.8,17.8,17.8,17.8,1.0,0.0,14.0,1.0,0.3,0.5,9.82,9.82,9.82,9.82,1.0,0.0,14.0,1.0,0.3,0.5,78.4,78.4,78.4,78.4,1.0,0.0,14.0,1.0,0.5,,,,,,,,,,,,,,,,,,,,,,,,,,,,,,,,,,,,,,,,,,,,,,,,,,,,,,,,,,,,,,,,,,,,,,,,,,,,,,,,,,,,,,,,,,,,,,,,,,,,,,,,,,,,,,,,,,,,,,,,,,,,,,,,,,,,,,,,,,,,,,,,,,,,,,,,,,,,,,,,,,,,,,,,,,,,,,,,,,,,,,,,,,,,,,
1974,2,36.0,-39.0,18.0,18.0,18.0,18.0,1.0,0.0,4.0,0.0,0.8,0.9,16.9,16.9,16.9,16.9,1.0,0.0,4.0,0.0,0.8,0.9,7.34,7.34,7.34,7.34,1.0,0.0,4.0,0.0,0.8,0.9,62.1,62.1,62.1,62.1,1.0,0.0,4.0,0.0,0.9,4.6,4.6,4.6,4.6,1.0,0.0,4.0,0.0,0.8,0.9,-4.6,-4.6,-4.6,-4.6,1.0,0.0,4.0,0.0,0.8,0.9,0.0,0.0,0.0,0.0,1.0,0.0,4.0,0.0,0.8,0.9,1021.3,1021.3,1021.3,1021.3,1.0,0.0,4.0,0.0,0.8,0.9,8.0,8.0,8.0,8.0,1.0,0.0,4.0,0.0,0.8,0.9,-21.2,-21.2,-21.2,-21.2,1.0,0.0,4.0,0.0,0.8,0.9,0.0,0.0,0.0,0.0,1.0,0.0,4.0,0.0,0.8,0.9,1.1,1.1,1.1,1.1,1.0,0.0,4.0,0.0,0.8,0.9,5.1,5.1,5.1,5.1,1.0,0.0,4.0,0.0,0.8,0.9,5.38,5.38,5.38,5.38,1.0,0.0,4.0,0.0,0.8,0.9,24.7,24.7,24.7,24.7,1.0,0.0,4.0,0.0,0.8,0.9,-77.7,-77.7,-77.7,-77.7,1.0,0.0,4.0,0.0,0.8,0.9,0.0,0.0,0.0,0.0,1.0,0.0,4.0,0.0,0.8,0.9,-33.8,-33.8,-33.8,-33.8,1.0,0.0,4.0,0.0,0.8,0.9,0.0,0.0,0.0,0.0,1.0,0.0,4.0,0.0,0.8,0.9,-24.7,-24.7,-24.7,-24.7,1.0,0.0,4.0,0.0,0.8,0.9,0.0,0.0,0.0,0.0,1.0,0.0,4.0,0.0,0.8,0.9,97.5,97.5,97.5,97.5,1.0,0.0,4.0,0.0,0.8,0.9,95.0,95.0,95.0,95.0,1.0,0.0,4.0,0.0,0.8,0.9
1974,2,36.0,-37.0,22.0,22.0,22.0,22.0,1.0,0.0,10.0,1.0,0.2,0.3,20.4,20.4,20.4,20.4,1.0,0.0,10.0,1.0,0.2,0.3,8.48,8.48,8.48,8.48,1.0,0.0,10.0,1.0,0.2,0.3,57.4,57.4,57.4,57.4,1.0,0.0,10.0,1.0,0.3,1.5,1.5,1.5,1.5,1.0,0.0,10.0,1.0,0.2,0.3,0.96,0.96,0.96,0.96,1.0,0.0,10.0,1.0,0.2,0.3,1.15,1.15,1.15,1.15,1.0,0.0,10.0,1.0,0.2,0.3,1018.1,1018.1,1018.1,1018.1,1.0,0.0,10.0,1.0,0.2,0.3,2.0,2.0,2.0,2.0,1.0,0.0,10.0,1.0,0.2,0.3,1.4,1.4,1.4,1.4,1.0,0.0,10.0,1.0,0.2,0.3,1.7,1.7,1.7,1.7,1.0,0.0,10.0,1.0,0.2,0.3,1.6,1.6,1.6,1.6,1.0,0.0,10.0,1.0,0.2,0.3,2.4,2.4,2.4,2.4,1.0,0.0,10.0,1.0,0.2,0.3,7.91,7.91,7.91,7.91,1.0,0.0,10.0,1.0,0.2,0.3,11.9,11.9,11.9,11.9,1.0,0.0,10.0,1.0,0.2,0.3,19.7,19.7,19.7,19.7,1.0,0.0,10.0,1.0,0.2,0.3,23.4,23.4,23.4,23.4,1.0,0.0,10.0,1.0,0.2,0.3,8.2,8.2,8.2,8.2,1.0,0.0,10.0,1.0,0.2,0.3,9.7,9.7,9.7,9.7,1.0,0.0,10.0,1.0,0.2,0.3,7.6,7.6,7.6,7.6,1.0,0.0,10.0,1.0,0.2,0.3,9.1,9.1,9.1,9.1,1.0,0.0,10.0,1.0,0.2,0.3,3.5,3.5,3.5,3.5,1.0,0.0,10.0,1.0,0.2,0.3,5.0,5.0,5.0,5.0,1.0,0.0,10.0,1.0,0.2,0.3
1974,2,36.0,-35.0,23.1,23.1,23.1,23.1,1.0,0.0,28.0,1.0,0.2,1.0,22.0,22.0,22.0,22.0,1.0,0.0,28.0,1.0,0.2,1.0,11.21,11.21,11.21,11.21,1.0,0.0,28.0,1.0,0.2,1.0,68.3,68.3,68.3,68.3,1.0,0.0,28.0,1.0,1.0,6.7,6.7,6.7,6.7,1.0,0.0,28.0,1.0,0.2,1.0,-5.13,-5.13,-5.13,-5.13,1.0,0.0,28.0,1.0,0.2,1.0,-4.31,-4.31,-4.31,-4.31,1.0,0.0,28.0,1.0,0.2,1.0,1013.5,1013.5,1013.5,1013.5,1.0,0.0,28.0,1.0,0.2,1.0,8.0,8.0,8.0,8.0,1.0,0.0,28.0,1.0,0.2,1.0,-34.4,-34.4,-34.4,-34.4,1.0,0.0,28.0,1.0,0.2,1.0,-28.9,-28.9,-28.9,-28.9,1.0,0.0,28.0,1.0,0.2,1.0,1.1,1.1,1.1,1.1,1.0,0.0,28.0,1.0,0.2,1.0,7.4,7.4,7.4,7.4,1.0,0.0,28.0,1.0,0.2,1.0,6.4,6.4,6.4,6.4,1.0,0.0,28.0,1.0,0.2,1.0,42.9,42.9,42.9,42.9,1.0,0.0,28.0,1.0,0.2,1.0,-112.9,-112.9,-112.9,-112.9,1.0,0.0,28.0,1.0,0.2,1.0,-94.7,-94.7,-94.7,-94.7,1.0,0.0,28.0,1.0,0.2,1.0,-57.5,-57.5,-57.5,-57.5,1.0,0.0,28.0,1.0,0.2,1.0,-48.3,-48.3,-48.3,-48.3,1.0,0.0,28.0,1.0,0.2,1.0,-32.9,-32.9,-32.9,-32.9,1.0,0.0,28.0,1.0,0.2,1.0,-27.6,-27.6,-27.6,-27.6,1.0,0.0,28.0,1.0,0.2,1.0,301.0,301.0,301.0,301.0,1.0,0.0,28.0,1.0,0.2,1.0,300.0,300.0,300.0,300.0,1.0,0.0,28.0,1.0,0.2,1.0
1974,2,36.0,-34.0,23.82,24.0,26.18,24.8,5.0,1.35,12.0,0.4,0.4,0.6,22.14,23.1,24.14,23.4,7.0,1.91,12.0,0.3,0.4,0.5,13.46,15.47,16.36,14.94,5.0,1.76,14.0,0.4,0.4,0.5,80.0,91.1,94.7,87.7,5.0,8.9,14.0,0.4,0.5,3.95,6.7,9.54,6.9,7.0,4.31,12.0,0.3,0.4,0.5,-5.08,0.64,3.13,-0.68,7.0,5.07,12.0,0.3,0.4,0.5,-0.83,1.42,9.37,3.71,7.0,5.64,12.0,0.3,0.4,0.5,1011.62,1013.5,1018.02,1014.11,7.0,3.22,12.0,0.3,0.4,0.5,4.0,7.0,8.0,6.3,6.0,2.0,12.0,0.3,0.4,0.5,-66.4,0.6,16.4,-11.2,7.0,43.0,12.0,0.3,0.4,0.5,-1.1,11.7,90.4,43.8,7.0,73.4,12.0,0.3,0.4,0.5,0.63,1.8,2.51,1.64,5.0,1.26,12.0,0.4,0.4,0.6,5.2,9.3,17.7,11.0,5.0,8.4,12.0,0.4,0.4,0.6,2.43,4.11,5.69,4.06,4.0,1.98,16.0,0.5,0.4,0.5,15.5,25.3,43.0,29.0,4.0,17.1,16.0,0.5,0.4,0.5,-107.1,17.4,74.9,-13.0,7.0,114.6,12.0,0.3,0.4,0.5,-22.0,31.6,209.8,80.5,7.0,122.2,12.0,0.3,0.4,0.5,-80.4,26.2,69.0,2.5,5.0,85.7,14.0,0.4,0.4,0.5,18.6,54.5,164.2,86.2,5.0,79.3,14.0,0.4,0.4,0.5,-25.0,6.1,22.0,-1.2,4.0,35.3,16.0,0.5,0.4,0.5,7.3,10.0,13.8,10.5,4.0,4.4,16.0,0.5,0.4,0.5,65.5,301.0,908.5,687.0,7.0,1054.0,12.0,0.3,0.4,0.5,65.0,300.0,910.0,685.0,7.0,1055.0,12.0,0.3,0.4,0.5
1974,2,36.0,-33.0,25.39,25.6,25.98,25.68,5.0,0.41,12.0,0.4,0.4,0.6,24.06,25.4,26.5,25.36,5.0,1.36,12.0,0.4,0.4,0.6,15.58,16.83,18.05,16.86,5.0,1.35,12.0,0.4,0.4,0.6,82.6,83.5,84.2,83.4,5.0,0.9,12.0,0.4,0.6,5.3,7.7,10.21,7.82,5.0,2.87,12.0,0.4,0.4,0.6,-4.76,-4.04,3.26,-1.28,5.0,4.58,12.0,0.4,0.4,0.6,-6.69,2.85,6.58,0.79,5.0,7.8,12.0,0.4,0.4,0.6,1011.32,1013.2,1014.62,1012.86,5.0,2.71,12.0,0.4,0.4,0.6,2.9,5.0,6.1,4.6,5.0,2.5,12.0,0.4,0.4,0.6,-44.8,-38.1,17.0,-18.1,5.0,34.9,12.0,0.4,0.4,0.6,-56.2,16.2,59.4,9.0,5.0,79.0,12.0,0.4,0.4,0.6,-0.49,0.2,1.38,0.32,5.0,1.3,12.0,0.4,0.4,0.6,-5.1,1.5,10.8,2.5,5.0,12.8,12.0,0.4,0.4,0.6,2.94,3.66,4.73,3.76,5.0,1.32,12.0,0.4,0.4,0.6,18.7,20.6,41.1,29.8,5.0,19.4,12.0,0.4,0.4,0.6,-127.5,-97.3,80.8,-34.5,5.0,117.2,12.0,0.4,0.4,0.6,-177.7,72.4,158.3,12.4,5.0,197.9,12.0,0.4,0.4,0.6,-87.0,-62.4,53.2,-23.5,5.0,78.3,12.0,0.4,0.4,0.6,-121.1,48.0,102.2,5.5,5.0,131.2,12.0,0.4,0.4,0.6,-19.4,-8.2,12.9,-4.1,5.0,17.4,12.0,0.4,0.4,0.6,-16.9,10.3,32.8,10.3,5.0,32.1,12.0,0.4,0.4,0.6,153.0,456.5,1110.5,637.5,5.0,626.0,12.0,0.4,0.4,0.6,155.0,455.0,1110.0,635.0,5.0,625.0,12.0,0.4,0.4,0.6
1974,2,36.0,-32.0,25.13,25.5,26.23,25.68,5.0,0.71,16.0,0.8,0.3,0.9,25.45,26.0,26.48,25.92,5.0,0.86,16.0,0.8,0.3,0.9,14.28,16.94,17.77,16.2,5.0,1.8,16.0,0.8,0.3,0.9,67.8,80.7,85.4,78.0,5.0,10.7,16.0,0.8,0.9,3.87,6.7,8.01,6.18,5.0,2.86,16.0,0.8,0.3,0.9,-7.45,-6.6,-1.05,-4.56,5.0,4.37,16.0,0.8,0.3,0.9,-2.62,-1.16,2.11,-0.53,5.0,3.24,16.0,0.8,0.3,0.9,1010.59,1015.2,1016.28,1013.8,5.0,3.24,16.0,0.8,0.3,0.9,1.0,2.0,2.4,1.8,5.0,0.8,16.0,0.8,0.3,0.9,-61.6,-44.2,-6.5,-37.6,5.0,37.1,16.0,0.8,0.3,0.9,-24.3,-7.8,8.1,-9.8,5.0,26.1,16.0,0.8,0.3,0.9,-1.22,-0.8,0.78,-0.24,5.0,1.52,16.0,0.8,0.3,0.9,-10.3,-3.7,1.8,-4.3,5.0,8.3,16.0,0.8,0.3,0.9,3.31,4.18,5.72,4.39,5.0,1.49,16.0,0.8,0.3,0.9,19.0,26.0,31.3,25.1,5.0,9.4,16.0,0.8,0.3,0.9,-196.2,-171.6,-29.2,-121.0,5.0,114.0,16.0,0.8,0.3,0.9,-69.6,-30.2,54.1,-14.8,5.0,85.7,16.0,0.8,0.3,0.9,-128.9,-94.4,-12.1,-73.4,5.0,75.9,16.0,0.8,0.3,0.9,-46.0,-16.6,33.0,-10.9,5.0,53.6,16.0,0.8,0.3,0.9,-29.6,-20.5,-8.0,-18.2,5.0,17.0,16.0,0.8,0.3,0.9,-8.4,-4.5,11.3,0.8,5.0,13.1,16.0,0.8,0.3,0.9,68.0,301.0,590.0,362.0,5.0,427.0,16.0,0.8,0.3,0.9,70.0,300.0,590.0,360.0,5.0,425.0,16.0,0.8,0.3,0.9
1974,2,36.0,-31.0,25.27,26.0,27.05,26.1,17.0,1.07,12.0,0.3,0.5,0.6,24.48,25.45,27.03,25.73,18.0,1.4,14.0,0.3,0.5,0.6,13.96,16.65,19.55,16.49,15.0,2.67,14.0,0.3,0.5,0.6,72.5,81.5,88.7,80.2,15.0,8.8,14.0,0.3,0.6,2.98,6.2,8.43,5.96,16.0,3.13,12.0,0.4,0.5,0.6,-6.05,-3.28,1.39,-2.49,16.0,3.96,12.0,0.4,0.5,0.6,-1.47,2.13,7.73,2.31,16.0,4.44,12.0,0.4,0.5,0.6,1008.48,1014.1,1015.91,1012.59,19.0,4.08,14.0,0.3,0.5,0.6,2.0,4.0,7.0,4.2,18.0,2.0,14.0,0.3,0.5,0.6,-38.7,-14.2,3.6,-19.6,16.0,34.4,12.0,0.4,0.5,0.6,-4.0,8.5,62.7,21.0,16.0,42.1,12.0,0.4,0.5,0.6,-0.86,0.3,1.49,0.3,16.0,1.04,12.0,0.3,0.5,0.6,-4.9,0.1,10.8,1.4,14.0,7.4,12.0,0.3,0.5,0.5,2.34,3.63,6.7,4.3,13.0,2.34,12.0,0.2,0.5,0.6,5.3,15.8,34.3,20.6,12.0,18.5,12.0,0.3,0.5,0.6,-166.8,-91.6,45.6,-70.4,15.0,107.2,12.0,0.3,0.5,0.5,-41.2,33.8,196.4,53.9,15.0,115.5,12.0,0.3,0.5,0.5,-104.4,-57.4,43.9,-44.2,13.0,68.1,12.0,0.3,0.5,0.5,-34.4,25.3,123.9,28.3,13.0,77.6,12.0,0.3,0.5,0.5,-20.4,-7.1,8.3,-4.9,12.0,15.0,12.0,0.3,0.5,0.6,-4.4,1.5,22.7,10.0,12.0,21.2,12.0,0.3,0.5,0.6,28.5,238.5,603.0,380.5,16.0,527.0,12.0,0.4,0.5,0.6,30.0,240.0,605.0,380.0,16.0,525.0,12.0,0.4,0.5,0.6
1974,2,36.0,-30.0,26.64,27.35,28.51,27.51,18.0,1.0,14.0,0.4,0.5,0.5,25.57,26.5,27.0,26.39,18.0,1.01,14.0,0.4,0.5,0.5,15.52,17.61,18.97,17.29,15.0,1.84,16.0,0.5,0.6,0.4,75.8,83.1,88.2,81.8,15.0,8.2,16.0,0.5,0.4,2.82,4.6,7.89,5.1,17.0,3.01,14.0,0.5,0.5,0.5,-5.48,-2.98,-0.76,-2.95,17.0,2.91,14.0,0.5,0.5,0.5,-2.3,1.16,5.5,1.78,17.0,3.95,14.0,0.5,0.5,0.5,1010.98,1014.55,1016.8,1014.34,18.0,3.78,14.0,0.4,0.5,0.5,1.7,3.5,5.3,3.6,18.0,2.0,14.0,0.4,0.5,0.5,-34.3,-16.2,-2.3,-20.5,17.0,28.8,14.0,0.5,0.5,0.5,-8.6,5.2,42.9,17.2,17.0,36.7,14.0,0.5,0.5,0.5,0.2,1.0,1.95,1.11,18.0,1.03,14.0,0.4,0.5,0.5,0.4,4.3,9.3,5.7,17.0,7.9,14.0,0.5,0.5,0.5,4.06,4.69,6.69,5.39,15.0,1.82,16.0,0.5,0.6,0.4,13.2,25.5,42.2,26.7,14.0,14.4,16.0,0.5,0.6,0.4,-143.8,-71.4,-20.1,-78.3,17.0,77.0,14.0,0.5,0.5,0.5,-62.3,30.2,146.3,45.4,17.0,103.4,14.0,0.5,0.5,0.5,-105.5,-50.3,-19.5,-55.5,14.0,52.3,16.0,0.5,0.6,0.4,0.0,35.2,129.6,50.0,14.0,65.7,16.0,0.5,0.6,0.4,-26.7,-14.6,-7.6,-15.2,14.0,13.6,16.0,0.5,0.6,0.4,0.0,10.6,29.6,11.1,14.0,20.3,16.0,0.5,0.6,0.4,22.5,97.5,504.5,286.5,17.0,523.0,14.0,0.5,0.5,0.5,25.0,95.0,505.0,285.0,17.0,525.0,14.0,0.5,0.5,0.5
1974,2,36.0,-29.0,27.4,27.8,28.36,27.85,13.0,0.76,16.0,0.6,0.5,0.6,25.9,27.0,28.57,27.21,14.0,1.64,18.0,0.7,0.4,0.6,16.45,18.05,19.47,17.77,11.0,2.24,18.0,0.8,0.5,0.7,70.1,79.9,86.2,78.7,12.0,9.9,18.0,0.8,0.6,3.1,4.6,7.74,5.36,16.0,2.57,16.0,0.7,0.4,0.6,-5.22,-3.29,-1.14,-2.89,16.0,2.72,16.0,0.7,0.4,0.6,-1.41,1.28,5.79,1.81,16.0,4.17,16.0,0.7,0.4,0.6,1008.63,1013.55,1015.56,1012.7,14.0,3.56,16.0,0.7,0.5,0.6,2.0,5.0,7.6,4.7,16.0,2.6,16.0,0.7,0.4,0.6,-42.9,-11.8,-2.0,-18.2,16.0,19.8,16.0,0.7,0.4,0.6,-2.8,6.0,38.8,15.1,16.0,35.3,16.0,0.7,0.4,0.6,-0.23,0.9,1.58,0.84,12.0,1.15,16.0,0.7,0.4,0.6,-0.3,6.6,13.8,6.4,12.0,6.3,16.0,0.7,0.4,0.6,3.77,5.12,7.78,5.8,9.0,2.48,16.0,0.8,0.5,0.7,17.1,34.3,49.6,32.9,9.0,15.6,16.0,0.8,0.5,0.7,-141.9,-94.6,-40.0,-84.6,14.0,75.7,18.0,0.7,0.4,0.6,0.0,49.5,176.7,63.8,14.0,105.1,18.0,0.7,0.4,0.6,-89.2,-64.5,-35.7,-67.6,11.0,29.8,18.0,0.8,0.5,0.7,-6.3,28.2,97.2,35.6,11.0,77.7,18.0,0.8,0.5,0.7,-31.4,-23.5,-11.2,-21.5,9.0,10.5,16.0,0.8,0.5,0.7,-1.2,15.8,40.0,15.7,9.0,23.5,16.0,0.8,0.5,0.7,30.0,97.5,472.0,259.0,16.0,315.5,16.0,0.7,0.4,0.6,30.0,95.0,470.0,260.0,16.0,315.0,16.0,0.7,0.4,0.6
1974,2,36.0,-28.0,27.27,28.0,28.91,28.02,13.0,0.73,20.0,0.8,0.5,0.7,26.0,27.0,28.68,27.28,12.0,1.28,18.0,0.8,0.5,0.7,14.59,16.76,19.72,16.94,8.0,2.63,18.0,0.6,0.5,0.6,65.7,78.8,82.6,76.7,8.0,9.0,18.0,0.6,0.6,2.99,4.6,7.34,4.69,13.0,2.5,20.0,0.8,0.5,0.7,-4.81,-2.76,-1.41,-3.15,13.0,2.21,20.0,0.8,0.5,0.7,-2.64,0.0,3.6,0.27,13.0,3.79,20.0,0.8,0.5,0.7,1010.57,1012.9,1015.17,1013.23,13.0,3.08,20.0,0.8,0.5,0.7,2.9,4.0,5.1,3.9,13.0,1.5,20.0,0.8,0.5,0.7,-23.8,-13.0,-8.7,-18.1,13.0,18.6,20.0,0.8,0.5,0.7,-18.1,0.0,18.3,5.3,13.0,27.7,20.0,0.8,0.5,0.7,-0.05,0.8,1.55,0.66,12.0,1.06,18.0,0.8,0.5,0.7,-0.2,3.7,7.5,4.1,12.0,5.3,18.0,0.8,0.5,0.7,4.77,5.63,8.97,6.45,8.0,1.98,18.0,0.6,0.5,0.6,17.5,21.5,41.3,25.2,8.0,14.9,18.0,0.6,0.5,0.6,-136.3,-77.0,-31.2,-86.5,12.0,61.8,18.0,0.8,0.5,0.7,-66.3,0.0,96.3,16.8,12.0,99.6,18.0,0.8,0.5,0.7,-76.7,-53.0,-40.0,-59.2,8.0,37.4,18.0,0.6,0.5,0.6,-43.0,0.0,41.1,-3.2,8.0,50.5,18.0,0.6,0.5,0.6,-34.7,-19.1,-11.9,-20.6,8.0,12.9,18.0,0.6,0.5,0.6,-10.3,0.0,20.0,2.5,8.0,17.1,18.0,0.6,0.5,0.6,27.5,97.5,400.5,187.0,13.0,244.0,20.0,0.8,0.5,0.7,30.0,95.0,400.0,185.0,13.0,245.0,20.0,0.8,0.5,0.7
1974,2,36.0,-27.0,28.0,28.95,29.33,28.62,18.0,0.87,14.0,0.6,0.4,0.6,26.17,27.5,29.14,27.67,19.0,1.48,14.0,0.6,0.4,0.6,15.89,17.55,19.19,17.48,14.0,1.72,16.0,0.5,0.4,0.6,68.6,76.9,87.0,77.3,14.0,8.8,16.0,0.5,0.6,3.96,5.1,9.04,6.22,19.0,3.43,14.0,0.6,0.4,0.6,-6.82,-2.96,0.0,-3.79,19.0,3.76,14.0,0.6,0.4,0.6,-3.2,1.06,6.41,1.75,19.0,4.48,14.0,0.6,0.4,0.6,1010.51,1012.5,1014.17,1012.57,19.0,2.59,14.0,0.6,0.4,0.6,1.9,3.0,5.0,3.1,19.0,1.9,14.0,0.6,0.4,0.6,-54.0,-15.4,0.0,-31.9,19.0,50.7,14.0,0.6,0.4,0.6,-13.5,2.8,43.5,12.7,19.0,42.1,14.0,0.6,0.4,0.6,-0.69,0.6,2.33,0.86,18.0,1.33,14.0,0.6,0.4,0.6,-2.3,4.3,13.2,5.1,18.0,8.5,14.0,0.6,0.4,0.6,5.41,7.15,9.11,7.04,13.0,2.27,14.0,0.5,0.4,0.5,20.2,37.3,50.2,35.2,13.0,17.6,14.0,0.5,0.4,0.5,-177.3,-87.7,0.0,-107.0,19.0,109.4,14.0,0.6,0.4,0.6,-92.1,31.9,169.6,44.9,19.0,122.8,14.0,0.6,0.4,0.6,-97.3,-55.7,0.0,-48.6,14.0,47.5,16.0,0.5,0.4,0.6,-42.0,9.3,81.7,31.1,14.0,68.2,16.0,0.5,0.4,0.6,-37.8,-20.0,0.4,-18.8,13.0,21.5,14.0,0.5,0.4,0.5,-8.8,7.3,39.4,13.0,13.0,25.0,14.0,0.5,0.4,0.5,63.5,132.5,740.0,478.0,19.0,812.0,14.0,0.6,0.4,0.6,65.0,135.0,740.0,480.0,19.0,810.0,14.0,0.6,0.4,0.6
1974,2,36.0,-26.0,28.0,28.8,29.91,28.83,19.0,0.83,16.0,0.4,0.5,0.6,27.26,27.7,29.03,27.97,19.0,1.15,16.0,0.4,0.5,0.6,16.42,18.26,20.1,18.31,16.0,1.74,14.0,0.3,0.5,0.6,70.5,79.5,83.9,78.5,16.0,7.6,14.0,0.3,0.6,2.51,4.6,6.99,4.8,19.0,2.62,16.0,0.4,0.5,0.5,-5.18,-3.14,-0.97,-3.51,19.0,2.95,16.0,0.4,0.5,0.5,-1.73,0.0,1.69,0.51,19.0,3.04,16.0,0.4,0.5,0.5,1009.8,1011.7,1014.1,1012.19,19.0,3.18,16.0,0.4,0.5,0.6,0.0,2.5,6.0,2.9,20.0,2.4,14.0,0.4,0.5,0.5,-27.4,-16.6,-1.8,-22.0,19.0,26.8,16.0,0.4,0.5,0.5,-7.0,0.0,6.4,6.1,19.0,24.6,16.0,0.4,0.5,0.5,-0.26,0.8,1.84,0.85,19.0,1.38,16.0,0.4,0.5,0.6,-1.3,2.7,8.3,4.4,18.0,7.7,16.0,0.4,0.5,0.6,4.07,6.53,8.95,6.59,16.0,2.44,14.0,0.3,0.5,0.6,13.4,29.2,36.7,29.6,15.0,18.9,16.0,0.3,0.5,0.6,-142.8,-83.1,-27.3,-88.0,18.0,69.4,16.0,0.4,0.5,0.6,-50.4,-6.2,41.1,11.0,18.0,85.4,16.0,0.4,0.5,0.6,-100.1,-63.4,-18.9,-59.5,15.0,46.7,16.0,0.3,0.5,0.6,-32.5,11.8,30.8,16.1,15.0,65.1,16.0,0.3,0.5,0.6,-32.1,-20.4,-4.4,-19.7,15.0,23.9,16.0,0.3,0.5,0.6,-8.1,3.6,11.8,3.3,15.0,17.3,16.0,0.3,0.5,0.6,16.0,97.5,352.0,216.0,19.0,321.5,16.0,0.4,0.5,0.5,15.0,95.0,350.0,215.0,19.0,320.0,16.0,0.4,0.5,0.5
1974,2,36.0,-25.0,27.3,28.5,29.71,28.47,23.0,1.17,10.0,0.5,0.3,0.7,27.37,27.95,29.0,28.05,24.0,0.9,10.0,0.5,0.3,0.8,17.02,18.6,21.18,18.6,20.0,2.05,12.0,0.6,0.3,0.7,69.8,78.0,89.4,79.3,20.0,9.4,12.0,0.6,0.7,3.6,5.4,8.37,5.9,24.0,2.81,10.0,0.5,0.3,0.8,-7.04,-3.13,-0.99,-3.42,24.0,3.5,10.0,0.5,0.3,0.8,-1.29,2.22,6.08,2.35,24.0,3.76,10.0,0.5,0.3,0.8,1009.2,1011.1,1015.04,1011.66,24.0,3.03,10.0,0.5,0.3,0.8,2.0,3.0,4.7,3.4,24.0,2.1,10.0,0.5,0.3,0.8,-50.0,-12.8,-5.6,-23.9,24.0,35.5,10.0,0.5,0.3,0.8,-5.9,8.6,52.9,17.4,24.0,30.9,10.0,0.5,0.3,0.8,-0.45,0.5,1.5,0.43,23.0,1.2,10.0,0.5,0.3,0.7,-3.4,1.8,9.6,2.4,23.0,7.1,10.0,0.5,0.3,0.7,3.53,6.09,7.13,5.88,19.0,2.43,12.0,0.6,0.3,0.7,12.8,28.7,52.5,32.7,19.0,23.7,12.0,0.6,0.3,0.7,-196.0,-87.9,-28.5,-96.0,24.0,98.8,10.0,0.5,0.3,0.8,-36.1,61.2,175.5,65.4,24.0,105.8,10.0,0.5,0.3,0.8,-110.5,-57.3,-27.0,-63.5,20.0,41.2,12.0,0.6,0.3,0.7,-18.9,40.1,96.8,41.6,20.0,63.5,12.0,0.6,0.3,0.7,-37.9,-16.7,-2.8,-20.7,19.0,16.9,12.0,0.6,0.3,0.7,-2.4,15.7,38.6,16.7,19.0,25.7,12.0,0.6,0.3,0.7,46.5,159.0,589.0,342.0,24.0,406.0,10.0,0.5,0.3,0.8,45.0,160.0,590.0,340.0,24.0,405.0,10.0,0.5,0.3,0.8
1974,2,36.0,-24.0,27.8,28.6,29.8,28.66,45.0,1.01,14.0,0.6,0.3,0.6,27.07,28.05,30.17,28.58,46.0,1.48,14.0,0.6,0.3,0.6,16.96,18.37,19.91,18.42,35.0,1.68,14.0,0.5,0.4,0.6,68.5,76.1,81.5,76.0,35.0,8.1,14.0,0.5,0.6,0.5,4.6,8.04,4.63,44.0,3.16,14.0,0.6,0.3,0.5,-4.42,-2.52,0.0,-2.5,44.0,2.55,14.0,0.6,0.3,0.5,-0.04,2.22,6.77,2.54,44.0,3.52,14.0,0.6,0.3,0.5,1008.23,1010.7,1012.57,1010.42,46.0,2.75,14.0,0.6,0.3,0.6,1.0,3.0,5.0,3.2,43.0,2.0,14.0,0.6,0.3,0.5,-24.2,-11.7,0.0,-15.5,44.0,22.0,14.0,0.6,0.3,0.5,0.0,8.8,48.7,19.4,44.0,32.8,14.0,0.6,0.3,0.5,-1.0,0.0,1.1,0.12,45.0,1.21,14.0,0.6,0.3,0.6,-3.3,0.0,8.0,1.2,43.0,6.3,14.0,0.6,0.3,0.6,4.6,6.27,7.83,6.2,35.0,1.88,14.0,0.5,0.4,0.6,9.3,27.9,44.7,27.5,34.0,19.3,14.0,0.6,0.4,0.6,-124.1,-72.3,0.0,-70.7,44.0,71.5,14.0,0.6,0.3,0.5,-1.3,64.2,188.9,73.0,44.0,99.5,14.0,0.6,0.3,0.5,-89.2,-41.7,0.0,-45.2,34.0,44.7,14.0,0.6,0.4,0.6,0.0,33.4,108.8,41.8,34.0,61.2,14.0,0.6,0.4,0.6,-28.6,-13.9,0.0,-13.8,34.0,14.6,14.0,0.6,0.4,0.6,0.0,9.5,34.2,15.1,34.0,22.5,14.0,0.6,0.4,0.6,0.0,97.5,519.0,243.5,44.0,396.5,14.0,0.6,0.3,0.5,0.0,95.0,520.0,245.0,44.0,395.0,14.0,0.6,0.3,0.5
1974,2,36.0,-23.0,28.07,29.0,29.7,28.94,41.0,0.72,12.0,0.5,0.7,0.5,27.8,28.2,29.49,28.48,39.0,0.85,14.0,0.5,0.7,0.5,17.63,18.62,20.19,18.94,30.0,1.49,14.0,0.5,0.7,0.5,73.3,78.0,84.0,78.2,30.0,6.8,14.0,0.5,0.5,2.6,5.1,9.15,5.56,42.0,3.21,12.0,0.5,0.7,0.5,-6.89,-2.93,0.0,-3.41,42.0,3.24,12.0,0.5,0.7,0.5,-1.61,2.9,6.1,2.46,42.0,3.66,12.0,0.5,0.7,0.5,1007.25,1011.25,1013.4,1010.88,42.0,3.17,12.0,0.5,0.7,0.5,1.5,4.0,6.0,3.8,42.0,2.1,12.0,0.5,0.7,0.5,-53.5,-14.9,0.0,-26.5,42.0,34.4,12.0,0.5,0.7,0.5,-4.1,12.9,50.1,18.8,42.0,32.4,12.0,0.5,0.7,0.5,-0.3,0.5,1.49,0.42,39.0,1.07,14.0,0.5,0.7,0.5,-2.4,1.9,8.1,2.9,39.0,7.1,14.0,0.5,0.7,0.5,4.42,6.13,7.57,6.05,30.0,1.5,14.0,0.5,0.7,0.5,10.1,28.7,45.2,30.7,30.0,21.1,14.0,0.5,0.7,0.5,-197.3,-92.4,0.0,-101.1,39.0,94.5,14.0,0.5,0.7,0.5,-7.7,84.6,175.5,75.2,39.0,104.0,14.0,0.5,0.7,0.5,-113.6,-54.6,0.0,-55.7,30.0,55.0,14.0,0.5,0.7,0.5,-1.9,60.9,113.3,56.7,30.0,63.9,14.0,0.5,0.7,0.5,-31.2,-15.8,0.0,-17.1,30.0,17.3,14.0,0.5,0.7,0.5,-0.6,17.4,35.6,17.8,30.0,22.3,14.0,0.5,0.7,0.5,17.5,132.5,766.0,347.5,42.0,463.0,12.0,0.5,0.7,0.5,20.0,135.0,765.0,350.0,42.0,465.0,12.0,0.5,0.7,0.5
1974,2,36.0,-22.0,26.76,28.1,28.94,27.72,5.0,1.8,18.0,1.0,0.6,0.4,26.44,28.5,29.81,28.12,5.0,2.29,18.0,1.0,0.6,0.4,16.91,16.91,16.91,16.91,1.0,0.0,28.0,1.0,0.0,0.5,61.3,61.3,61.3,61.3,1.0,0.0,28.0,1.0,0.5,2.85,5.0,7.73,5.32,5.0,2.7,18.0,1.0,0.6,0.4,-2.14,-1.22,-0.55,-1.34,5.0,1.09,18.0,1.0,0.6,0.4,1.45,4.92,7.66,4.67,5.0,3.47,18.0,1.0,0.6,0.4,1010.21,1011.65,1015.44,1012.78,4.0,3.86,20.0,1.0,0.5,0.3,2.0,5.0,5.0,3.8,5.0,1.6,18.0,1.0,0.6,0.4,-8.6,-4.3,-2.8,-5.2,5.0,3.6,18.0,1.0,0.6,0.4,3.9,24.6,60.2,32.1,5.0,33.0,18.0,1.0,0.6,0.4,-1.24,-0.4,0.55,-0.4,5.0,1.5,18.0,1.0,0.6,0.4,-4.3,-2.0,4.9,0.3,5.0,7.8,18.0,1.0,0.6,0.4,6.8,6.8,6.8,6.8,1.0,0.0,28.0,1.0,0.0,0.5,17.7,17.7,17.7,17.7,1.0,0.0,28.0,1.0,0.0,0.5,-59.1,-34.6,-16.1,-36.8,5.0,27.3,18.0,1.0,0.6,0.4,43.5,144.3,215.1,132.4,5.0,96.0,18.0,1.0,0.6,0.4,-28.3,-28.3,-28.3,-28.3,1.0,0.0,28.0,1.0,0.0,0.5,33.7,33.7,33.7,33.7,1.0,0.0,28.0,1.0,0.0,0.5,-11.4,-11.4,-11.4,-11.4,1.0,0.0,28.0,1.0,0.0,0.5,13.5,13.5,13.5,13.5,1.0,0.0,28.0,1.0,0.0,0.5,23.5,125.0,484.0,248.5,5.0,299.0,18.0,1.0,0.6,0.4,25.0,125.0,485.0,250.0,5.0,300.0,18.0,1.0,0.6,0.4
1974,2,36.0,-21.0,28.09,28.7,28.97,28.53,3.0,0.67,16.0,0.3,0.8,0.7,27.8,28.0,28.34,28.07,3.0,0.4,16.0,0.3,0.8,0.7,16.38,16.38,16.38,16.38,1.0,0.0,16.0,0.0,0.8,0.7,69.5,69.5,69.5,69.5,1.0,0.0,16.0,0.0,0.7,3.63,5.0,6.16,4.9,3.0,1.85,16.0,0.3,0.8,0.7,-4.52,-3.21,-2.34,-3.42,3.0,1.61,16.0,0.3,0.8,0.7,2.78,3.83,4.16,3.48,3.0,1.05,16.0,0.3,0.8,0.7,1014.1,1018.2,1019.16,1016.67,3.0,3.93,16.0,0.3,0.8,0.7,3.3,4.0,6.0,4.7,3.0,2.1,16.0,0.3,0.8,0.7,-28.6,-16.1,-9.0,-18.7,3.0,14.5,16.0,0.3,0.8,0.7,10.8,19.2,25.8,18.3,3.0,11.0,16.0,0.3,0.8,0.7,-0.07,0.2,1.02,0.47,3.0,0.83,16.0,0.3,0.8,0.7,-0.7,0.6,5.0,2.1,3.0,4.4,16.0,0.3,0.8,0.7,7.02,7.02,7.02,7.02,1.0,0.0,16.0,0.0,0.8,0.7,47.1,47.1,47.1,47.1,1.0,0.0,16.0,0.0,0.8,0.7,-126.4,-89.0,-65.8,-95.9,3.0,44.8,16.0,0.3,0.8,0.7,78.4,106.1,116.0,97.4,3.0,28.6,16.0,0.3,0.8,0.7,-84.1,-84.1,-84.1,-84.1,1.0,0.0,16.0,0.0,0.8,0.7,70.5,70.5,70.5,70.5,1.0,0.0,16.0,0.0,0.8,0.7,-36.1,-36.1,-36.1,-36.1,1.0,0.0,16.0,0.0,0.8,0.7,30.3,30.3,30.3,30.3,1.0,0.0,16.0,0.0,0.8,0.7,58.0,125.0,245.0,151.0,3.0,138.5,16.0,0.3,0.8,0.7,60.0,125.0,245.0,150.0,3.0,140.0,16.0,0.3,0.8,0.7
1974,2,36.0,-20.0,27.2,27.2,27.2,27.2,1.0,0.0,14.0,0.0,0.8,1.0,28.0,28.0,28.0,28.0,1.0,0.0,14.0,0.0,0.8,1.0,18.56,18.56,18.56,18.56,1.0,0.0,14.0,0.0,0.8,1.0,78.4,78.4,78.4,78.4,1.0,0.0,14.0,0.0,1.0,0.0,0.0,0.0,0.0,1.0,0.0,14.0,0.0,0.8,1.0,0.0,0.0,0.0,0.0,1.0,0.0,14.0,0.0,0.8,1.0,0.0,0.0,0.0,0.0,1.0,0.0,14.0,0.0,0.8,1.0,1009.6,1009.6,1009.6,1009.6,1.0,0.0,14.0,0.0,0.8,1.0,2.0,2.0,2.0,2.0,1.0,0.0,14.0,0.0,0.8,1.0,0.0,0.0,0.0,0.0,1.0,0.0,14.0,0.0,0.8,1.0,0.0,0.0,0.0,0.0,1.0,0.0,14.0,0.0,0.8,1.0,-0.8,-0.8,-0.8,-0.8,1.0,0.0,14.0,0.0,0.8,1.0,0.0,0.0,0.0,0.0,1.0,0.0,14.0,0.0,0.8,1.0,4.08,4.08,4.08,4.08,1.0,0.0,14.0,0.0,0.8,1.0,0.0,0.0,0.0,0.0,1.0,0.0,14.0,0.0,0.8,1.0,0.0,0.0,0.0,0.0,1.0,0.0,14.0,0.0,0.8,1.0,0.0,0.0,0.0,0.0,1.0,0.0,14.0,0.0,0.8,1.0,0.0,0.0,0.0,0.0,1.0,0.0,14.0,0.0,0.8,1.0,0.0,0.0,0.0,0.0,1.0,0.0,14.0,0.0,0.8,1.0,0.0,0.0,0.0,0.0,1.0,0.0,14.0,0.0,0.8,1.0,0.0,0.0,0.0,0.0,1.0,0.0,14.0,0.0,0.8,1.0,0.0,0.0,0.0,0.0,1.0,0.0,14.0,0.0,0.8,1.0,0.0,0.0,0.0,0.0,1.0,0.0,14.0,0.0,0.8,1.0
1974,2,36.0,21.0,,,,,,,,,,,,,,,,,,,,,,,,,,,,,,,,,,,,,,,,1.0,1.0,1.0,1.0,1.0,0.0,16.0,1.0,0.4,0.4,-0.17,-0.17,-0.17,-0.17,1.0,0.0,16.0,1.0,0.4,0.4,0.98,0.98,0.98,0.98,1.0,0.0,16.0,1.0,0.4,0.4,1007.7,1007.7,1007.7,1007.7,1.0,0.0,16.0,1.0,0.4,0.4,,,,,,,,,,,,,,,,,,,,,,,,,,,,,,,,,,,,,,,,,,,,,,,,,,,,,,,,,,,,,,,,,,,,,,,,,,,,,,,,,,,,,,,,,,,,,,,,,,,,,,,,,,,,,,,,,,,,,,,,,,,,,,,,,,,,,,,,,,,,,,,,,,,,,,
1974,2,36.0,23.0,25.04,25.35,25.66,25.35,2.0,0.64,6.0,0.5,0.7,0.8,19.1,19.1,19.1,19.1,1.0,0.0,2.0,0.0,0.5,0.9,8.72,8.72,8.72,8.72,1.0,0.0,2.0,0.0,0.5,0.9,63.8,63.8,63.8,63.8,1.0,0.0,2.0,0.0,0.9,3.09,4.15,5.21,4.15,2.0,2.19,6.0,0.5,0.7,0.8,1.1,1.33,1.56,1.33,2.0,0.48,6.0,0.5,0.7,0.8,-5.04,-3.8,-2.57,-3.8,2.0,2.56,6.0,0.5,0.7,0.8,1013.05,1014.45,1015.85,1014.45,2.0,2.9,6.0,0.5,0.7,0.8,1.0,1.0,1.0,1.0,2.0,0.0,6.0,0.5,0.7,0.8,4.6,5.0,5.4,5.0,2.0,0.9,6.0,0.5,0.7,0.8,-27.7,-18.6,-9.4,-18.6,2.0,19.0,6.0,0.5,0.7,0.8,5.8,5.8,5.8,5.8,1.0,0.0,2.0,0.0,0.5,0.9,33.1,33.1,33.1,33.1,1.0,0.0,2.0,0.0,0.5,0.9,10.87,10.87,10.87,10.87,1.0,0.0,2.0,0.0,0.5,0.9,62.0,62.0,62.0,62.0,1.0,0.0,2.0,0.0,0.5,0.9,18.9,18.9,18.9,18.9,1.0,0.0,2.0,0.0,0.5,0.9,-107.2,-107.2,-107.2,-107.2,1.0,0.0,2.0,0.0,0.5,0.9,8.6,8.6,8.6,8.6,1.0,0.0,2.0,0.0,0.5,0.9,-48.9,-48.9,-48.9,-48.9,1.0,0.0,2.0,0.0,0.5,0.9,10.8,10.8,10.8,10.8,1.0,0.0,2.0,0.0,0.5,0.9,-61.0,-61.0,-61.0,-61.0,1.0,0.0,2.0,0.0,0.5,0.9,44.0,101.5,158.5,101.5,2.0,118.5,6.0,0.5,0.7,0.8,45.0,100.0,160.0,100.0,2.0,120.0,6.0,0.5,0.7,0.8
1974,2,36.0,24.0,22.55,23.1,23.24,22.9,3.0,0.53,6.0,0.7,0.3,0.7,21.53,21.8,22.28,21.9,3.0,0.56,6.0,0.7,0.3,0.7,8.87,11.19,12.22,10.56,3.0,2.51,6.0,0.7,0.3,0.7,54.8,66.3,74.3,64.6,3.0,14.3,6.0,0.7,0.7,2.6,2.6,7.17,4.83,3.0,3.87,6.0,0.7,0.3,0.7,1.67,1.67,3.7,2.66,3.0,1.72,6.0,0.7,0.3,0.7,-6.13,-1.99,-1.99,-4.01,3.0,3.5,6.0,0.7,0.3,0.7,1011.32,1014.8,1014.94,1013.17,3.0,3.0,6.0,0.7,0.3,0.7,1.0,3.0,3.7,2.3,3.0,2.1,6.0,0.7,0.3,0.7,4.3,4.3,30.9,17.3,3.0,22.5,6.0,0.7,0.3,0.7,-52.8,-5.2,-5.2,-28.4,3.0,40.3,6.0,0.7,0.3,0.7,0.7,0.9,1.31,1.0,3.0,0.46,6.0,0.7,0.3,0.7,2.3,3.9,7.0,4.6,3.0,3.5,6.0,0.7,0.3,0.7,5.57,6.39,8.14,6.84,3.0,1.92,6.0,0.7,0.3,0.7,14.5,16.6,62.1,37.8,3.0,39.4,6.0,0.7,0.3,0.7,36.8,37.6,79.9,57.8,3.0,36.1,6.0,0.7,0.3,0.7,-131.9,-44.8,-43.9,-86.9,3.0,74.0,6.0,0.7,0.3,0.7,19.5,21.2,31.5,25.4,3.0,9.5,6.0,0.7,0.3,0.7,-50.9,-25.3,-23.2,-36.8,3.0,22.6,6.0,0.7,0.3,0.7,9.3,10.7,31.8,20.3,3.0,18.5,6.0,0.7,0.3,0.7,-53.2,-12.7,-11.1,-31.7,3.0,35.0,6.0,0.7,0.3,0.7,17.5,17.5,554.5,280.0,3.0,454.0,6.0,0.7,0.3,0.7,20.0,20.0,555.0,280.0,3.0,455.0,6.0,0.7,0.3,0.7
1974,2,36.0,43.0,,,,,,,,,,,,,,,,,,,,,,,,,,,,,,,,,,,,,,,,3.9,8.0,9.37,6.67,3.0,4.16,8.0,0.7,0.2,0.6,-7.27,-1.73,-1.5,-4.32,3.0,4.79,8.0,0.7,0.2,0.6,-5.7,-1.0,0.87,-2.38,3.0,4.95,8.0,0.7,0.2,0.6,1015.6,1021.2,1025.16,1020.4,3.0,7.03,8.0,0.7,0.2,0.6,,,,,,,,,,,,,,,,,,,,,,,,,,,,,,,,,,,,,,,,,,,,,,,,,,,,,,,,,,,,,,,,,,,,,,,,,,,,,,,,,,,,,,,,,,,,,,,,,,,,,,,,,,,,,,,,,,,,,,,,,,,,,,,,,,,,,,,,,,,,,,,,,,,,,,
1974,2,36.0,44.0,,,,,,,,,,,,,,,,,,,,,,,,,,,,,,,,,,,,,,,,3.48,6.9,9.9,6.7,4.0,3.72,10.0,1.0,0.4,0.2,-6.37,-3.83,-0.11,-3.27,4.0,3.71,10.0,1.0,0.4,0.2,-5.8,-3.29,2.59,-1.68,4.0,6.48,10.0,1.0,0.4,0.2,1013.34,1019.35,1023.9,1018.65,4.0,7.35,10.0,1.0,0.4,0.2,,,,,,,,,,,,,,,,,,,,,,,,,,,,,,,,,,,,,,,,,,,,,,,,,,,,,,,,,,,,,,,,,,,,,,,,,,,,,,,,,,,,,,,,,,,,,,,,,,,,,,,,,,,,,,,,,,,,,,,,,,,,,,,,,,,,,,,,,,,,,,,,,,,,,,
1974,2,36.0,69.0,2.4,2.4,2.4,2.4,1.0,0.0,6.0,0.0,0.1,0.4,-6.2,-6.2,-6.2,-6.2,1.0,0.0,6.0,0.0,0.1,0.4,1.64,1.64,1.64,1.64,1.0,0.0,6.0,0.0,0.1,0.4,68.8,68.8,68.8,68.8,1.0,0.0,6.0,0.0,0.4,4.6,4.6,4.6,4.6,1.0,0.0,6.0,0.0,0.1,0.4,-2.96,-2.96,-2.96,-2.96,1.0,0.0,6.0,0.0,0.1,0.4,-3.52,-3.52,-3.52,-3.52,1.0,0.0,6.0,0.0,0.1,0.4,1012.0,1012.0,1012.0,1012.0,1.0,0.0,6.0,0.0,0.1,0.4,5.0,5.0,5.0,5.0,1.0,0.0,6.0,0.0,0.1,0.4,-13.6,-13.6,-13.6,-13.6,1.0,0.0,6.0,0.0,0.1,0.4,-16.2,-16.2,-16.2,-16.2,1.0,0.0,6.0,0.0,0.1,0.4,8.6,8.6,8.6,8.6,1.0,0.0,6.0,0.0,0.1,0.4,39.6,39.6,39.6,39.6,1.0,0.0,6.0,0.0,0.1,0.4,2.86,2.86,2.86,2.86,1.0,0.0,6.0,0.0,0.1,0.4,13.1,13.1,13.1,13.1,1.0,0.0,6.0,0.0,0.1,0.4,18.3,18.3,18.3,18.3,1.0,0.0,6.0,0.0,0.1,0.4,21.8,21.8,21.8,21.8,1.0,0.0,6.0,0.0,0.1,0.4,-4.8,-4.8,-4.8,-4.8,1.0,0.0,6.0,0.0,0.1,0.4,-5.8,-5.8,-5.8,-5.8,1.0,0.0,6.0,0.0,0.1,0.4,-8.5,-8.5,-8.5,-8.5,1.0,0.0,6.0,0.0,0.1,0.4,-10.1,-10.1,-10.1,-10.1,1.0,0.0,6.0,0.0,0.1,0.4,97.5,97.5,97.5,97.5,1.0,0.0,6.0,0.0,0.1,0.4,95.0,95.0,95.0,95.0,1.0,0.0,6.0,0.0,0.1,0.4
1974,2,36.0,70.0,2.1,2.3,2.5,2.3,2.0,0.42,26.0,1.0,0.3,0.3,0.0,0.0,0.0,0.0,2.0,0.0,26.0,1.0,0.3,0.3,2.85,2.92,2.99,2.92,2.0,0.15,26.0,1.0,0.3,0.3,75.4,77.3,79.3,77.3,2.0,4.1,26.0,1.0,0.3,11.04,11.55,12.06,11.55,2.0,1.06,26.0,1.0,0.3,0.3,8.46,8.85,9.24,8.85,2.0,0.81,26.0,1.0,0.3,0.3,7.1,7.42,7.75,7.42,2.0,0.68,26.0,1.0,0.3,0.3,1013.18,1014.65,1016.12,1014.65,2.0,3.04,26.0,1.0,0.3,0.3,6.2,6.5,6.8,6.5,2.0,0.7,26.0,1.0,0.3,0.3,93.6,102.6,111.7,102.6,2.0,18.8,26.0,1.0,0.3,0.3,78.5,86.1,93.7,86.1,2.0,15.7,26.0,1.0,0.3,0.3,2.1,2.3,2.5,2.3,2.0,0.42,26.0,1.0,0.3,0.3,25.2,26.3,27.5,26.3,2.0,2.5,26.0,1.0,0.3,0.3,1.53,1.54,1.55,1.54,2.0,0.02,26.0,1.0,0.3,0.3,16.9,17.8,18.7,17.8,2.0,1.9,26.0,1.0,0.3,0.3,0.0,0.0,0.0,0.0,2.0,0.0,26.0,1.0,0.3,0.3,0.0,0.0,0.0,0.0,2.0,0.0,26.0,1.0,0.3,0.3,25.2,25.7,26.3,25.7,2.0,1.1,26.0,1.0,0.3,0.3,21.2,21.6,22.0,21.6,2.0,0.9,26.0,1.0,0.3,0.3,12.9,13.6,14.3,13.6,2.0,1.5,26.0,1.0,0.3,0.3,10.8,11.4,12.0,11.4,2.0,1.2,26.0,1.0,0.3,0.3,1355.0,1560.5,1765.5,1560.5,2.0,425.0,26.0,1.0,0.3,0.3,1355.0,1560.0,1765.0,1560.0,2.0,425.0,26.0,1.0,0.3,0.3
1974,2,36.0,71.0,3.23,3.3,3.37,3.3,2.0,0.14,4.0,0.0,0.6,0.4,-3.86,-2.9,-1.94,-2.9,2.0,1.98,4.0,0.0,0.6,0.4,2.15,2.64,3.13,2.64,2.0,1.01,4.0,0.0,0.6,0.4,74.2,83.8,93.4,83.8,2.0,19.9,4.0,0.0,0.4,8.85,10.25,11.65,10.25,2.0,2.9,4.0,0.0,0.6,0.4,-9.8,-7.96,-6.12,-7.96,2.0,3.81,4.0,0.0,0.6,0.4,-6.26,-6.22,-6.17,-6.22,2.0,0.09,4.0,0.0,0.6,0.4,1001.2,1003.35,1005.5,1003.35,2.0,4.45,4.0,0.0,0.6,0.4,7.2,7.5,7.8,7.5,2.0,0.7,4.0,0.0,0.6,0.4,-117.1,-87.1,-57.2,-87.1,2.0,62.1,4.0,0.0,0.6,0.4,-71.8,-63.6,-55.3,-63.6,2.0,17.1,4.0,0.0,0.6,0.4,5.31,6.2,7.09,6.2,2.0,1.84,4.0,0.0,0.6,0.4,60.5,60.9,61.3,60.9,2.0,0.9,4.0,0.0,0.6,0.4,1.74,2.19,2.65,2.19,2.0,0.94,4.0,0.0,0.6,0.4,19.6,21.1,22.7,21.1,2.0,3.3,4.0,0.0,0.6,0.4,17.0,19.3,21.6,19.3,2.0,4.7,4.0,0.0,0.6,0.4,12.0,18.1,24.2,18.1,2.0,12.6,4.0,0.0,0.6,0.4,-31.7,-22.9,-14.2,-22.9,2.0,18.1,4.0,0.0,0.6,0.4,-19.3,-16.4,-13.5,-16.4,2.0,6.0,4.0,0.0,0.6,0.4,-16.1,-15.7,-15.3,-15.7,2.0,0.9,4.0,0.0,0.6,0.4,-16.6,-13.7,-10.8,-13.7,2.0,6.0,4.0,0.0,0.6,0.4,759.0,1206.0,1653.0,1206.0,2.0,926.0,4.0,0.0,0.6,0.4,760.0,1205.0,1655.0,1205.0,2.0,925.0,4.0,0.0,0.6,0.4
1974,2,36.0,72.0,0.31,0.75,1.19,0.75,2.0,0.92,12.0,0.0,0.6,0.1,-2.21,-0.3,1.61,-0.3,2.0,3.96,12.0,0.0,0.6,0.1,2.72,3.32,3.92,3.32,2.0,1.24,12.0,0.0,0.6,0.1,81.9,85.1,88.3,85.1,2.0,6.7,12.0,0.0,0.1,10.2,11.05,11.9,11.05,2.0,1.77,12.0,0.0,0.6,0.1,-8.12,-4.83,-1.53,-4.83,2.0,6.82,12.0,0.0,0.6,0.1,0.52,5.3,10.08,5.3,2.0,9.9,12.0,0.0,0.6,0.1,982.53,989.9,997.27,989.9,2.0,15.27,12.0,0.0,0.6,0.1,6.2,6.5,6.8,6.5,2.0,0.7,12.0,0.0,0.6,0.1,-79.6,-47.3,-15.0,-47.3,2.0,66.9,12.0,0.0,0.6,0.1,10.0,67.3,124.6,67.3,2.0,118.8,12.0,0.0,0.6,0.1,-0.42,1.05,2.52,1.05,2.0,3.04,12.0,0.0,0.6,0.1,-6.4,8.9,24.2,8.9,2.0,31.7,12.0,0.0,0.6,0.1,0.33,0.76,1.2,0.76,2.0,0.91,12.0,0.0,0.6,0.1,3.5,7.7,11.8,7.7,2.0,8.7,12.0,0.0,0.6,0.1,4.7,15.0,25.2,15.0,2.0,21.2,12.0,0.0,0.6,0.1,9.3,18.0,26.7,18.0,2.0,18.0,12.0,0.0,0.6,0.1,-19.9,-11.8,-3.7,-11.8,2.0,16.7,12.0,0.0,0.6,0.1,4.7,23.8,42.8,23.8,2.0,39.5,12.0,0.0,0.6,0.1,-11.4,-6.8,-2.2,-6.8,2.0,9.6,12.0,0.0,0.6,0.1,-1.8,-0.4,0.9,-0.4,2.0,2.8,12.0,0.0,0.6,0.1,1087.0,1401.0,1715.0,1401.0,2.0,650.5,12.0,0.0,0.6,0.1,1085.0,1400.0,1715.0,1400.0,2.0,650.0,12.0,0.0,0.6,0.1
1974,2,37.0,-69.0,0.2,0.2,0.2,0.2,1.0,0.0,12.0,1.0,0.2,0.6,-1.1,-1.1,-1.1,-1.1,1.0,0.0,12.0,1.0,0.2,0.6,3.05,3.05,3.05,3.05,1.0,0.0,12.0,1.0,0.2,0.6,85.0,85.0,85.0,85.0,1.0,0.0,12.0,1.0,0.6,9.3,9.3,9.3,9.3,1.0,0.0,12.0,1.0,0.2,0.6,-9.16,-9.16,-9.16,-9.16,1.0,0.0,12.0,1.0,0.2,0.6,-1.61,-1.61,-1.61,-1.61,1.0,0.0,12.0,1.0,0.2,0.6,983.2,983.2,983.2,983.2,1.0,0.0,12.0,1.0,0.2,0.6,7.0,7.0,7.0,7.0,1.0,0.0,12.0,1.0,0.2,0.6,-85.2,-85.2,-85.2,-85.2,1.0,0.0,12.0,1.0,0.2,0.6,-15.0,-15.0,-15.0,-15.0,1.0,0.0,12.0,1.0,0.2,0.6,1.3,1.3,1.3,1.3,1.0,0.0,12.0,1.0,0.2,0.6,12.1,12.1,12.1,12.1,1.0,0.0,12.0,1.0,0.2,0.6,0.9,0.9,0.9,0.9,1.0,0.0,12.0,1.0,0.2,0.6,8.3,8.3,8.3,8.3,1.0,0.0,12.0,1.0,0.2,0.6,10.1,10.1,10.1,10.1,1.0,0.0,12.0,1.0,0.2,0.6,1.8,1.8,1.8,1.8,1.0,0.0,12.0,1.0,0.2,0.6,-28.0,-28.0,-28.0,-28.0,1.0,0.0,12.0,1.0,0.2,0.6,-4.9,-4.9,-4.9,-4.9,1.0,0.0,12.0,1.0,0.2,0.6,-8.2,-8.2,-8.2,-8.2,1.0,0.0,12.0,1.0,0.2,0.6,-1.4,-1.4,-1.4,-1.4,1.0,0.0,12.0,1.0,0.2,0.6,804.5,804.5,804.5,804.5,1.0,0.0,12.0,1.0,0.2,0.6,805.0,805.0,805.0,805.0,1.0,0.0,12.0,1.0,0.2,0.6
1974,2,37.0,-57.0,,,,,,,,,,,,,,,,,,,,,,,,,,,,,,,,,,,,,,,,7.2,7.2,7.2,7.2,1.0,0.0,20.0,0.0,0.7,0.1,3.6,3.6,3.6,3.6,1.0,0.0,20.0,0.0,0.7,0.1,6.24,6.24,6.24,6.24,1.0,0.0,20.0,0.0,0.7,0.1,983.2,983.2,983.2,983.2,1.0,0.0,20.0,0.0,0.7,0.1,,,,,,,,,,,,,,,,,,,,,,,,,,,,,,,,,,,,,,,,,,,,,,,,,,,,,,,,,,,,,,,,,,,,,,,,,,,,,,,,,,,,,,,,,,,,,,,,,,,,,,,,,,,,,,,,,,,,,,,,,,,,,,,,,,,,,,,,,,,,,,,,,,,,,,
1974,2,37.0,-48.0,7.0,7.0,7.0,7.0,1.0,0.0,6.0,1.0,0.8,0.6,10.8,10.8,10.8,10.8,1.0,0.0,6.0,1.0,0.8,0.6,7.17,7.17,7.17,7.17,1.0,0.0,6.0,1.0,0.8,0.6,88.6,88.6,88.6,88.6,1.0,0.0,6.0,1.0,0.6,18.0,18.0,18.0,18.0,1.0,0.0,6.0,1.0,0.8,0.6,0.0,0.0,0.0,0.0,1.0,0.0,6.0,1.0,0.8,0.6,-18.0,-18.0,-18.0,-18.0,1.0,0.0,6.0,1.0,0.8,0.6,1003.9,1003.9,1003.9,1003.9,1.0,0.0,6.0,1.0,0.8,0.6,6.0,6.0,6.0,6.0,1.0,0.0,6.0,1.0,0.8,0.6,0.0,0.0,0.0,0.0,1.0,0.0,6.0,1.0,0.8,0.6,-324.0,-324.0,-324.0,-324.0,1.0,0.0,6.0,1.0,0.8,0.6,-3.8,-3.8,-3.8,-3.8,1.0,0.0,6.0,1.0,0.8,0.6,-68.4,-68.4,-68.4,-68.4,1.0,0.0,6.0,1.0,0.8,0.6,-0.92,-0.92,-0.92,-0.92,1.0,0.0,6.0,1.0,0.8,0.6,-16.5,-16.5,-16.5,-16.5,1.0,0.0,6.0,1.0,0.8,0.6,0.0,0.0,0.0,0.0,1.0,0.0,6.0,1.0,0.8,0.6,-194.4,-194.4,-194.4,-194.4,1.0,0.0,6.0,1.0,0.8,0.6,0.0,0.0,0.0,0.0,1.0,0.0,6.0,1.0,0.8,0.6,-129.1,-129.1,-129.1,-129.1,1.0,0.0,6.0,1.0,0.8,0.6,0.0,0.0,0.0,0.0,1.0,0.0,6.0,1.0,0.8,0.6,16.5,16.5,16.5,16.5,1.0,0.0,6.0,1.0,0.8,0.6,5832.0,5832.0,5832.0,5832.0,1.0,0.0,6.0,1.0,0.8,0.6,5830.0,5830.0,5830.0,5830.0,1.0,0.0,6.0,1.0,0.8,0.6
1974,2,37.0,-42.0,16.0,16.0,16.0,16.0,1.0,0.0,14.0,0.0,0.6,0.5,12.8,12.8,12.8,12.8,1.0,0.0,14.0,0.0,0.6,0.5,6.84,6.84,6.84,6.84,1.0,0.0,14.0,0.0,0.6,0.5,75.6,75.6,75.6,75.6,1.0,0.0,14.0,0.0,0.5,7.2,7.2,7.2,7.2,1.0,0.0,14.0,0.0,0.6,0.5,-6.77,-6.77,-6.77,-6.77,1.0,0.0,14.0,0.0,0.6,0.5,2.46,2.46,2.46,2.46,1.0,0.0,14.0,0.0,0.6,0.5,1025.2,1025.2,1025.2,1025.2,1.0,0.0,14.0,0.0,0.6,0.5,4.0,4.0,4.0,4.0,1.0,0.0,14.0,0.0,0.6,0.5,-48.7,-48.7,-48.7,-48.7,1.0,0.0,14.0,0.0,0.6,0.5,17.7,17.7,17.7,17.7,1.0,0.0,14.0,0.0,0.6,0.5,3.2,3.2,3.2,3.2,1.0,0.0,14.0,0.0,0.6,0.5,23.0,23.0,23.0,23.0,1.0,0.0,14.0,0.0,0.6,0.5,4.31,4.31,4.31,4.31,1.0,0.0,14.0,0.0,0.6,0.5,31.1,31.1,31.1,31.1,1.0,0.0,14.0,0.0,0.6,0.5,-86.6,-86.6,-86.6,-86.6,1.0,0.0,14.0,0.0,0.6,0.5,31.5,31.5,31.5,31.5,1.0,0.0,14.0,0.0,0.6,0.5,-46.2,-46.2,-46.2,-46.2,1.0,0.0,14.0,0.0,0.6,0.5,16.8,16.8,16.8,16.8,1.0,0.0,14.0,0.0,0.6,0.5,-29.2,-29.2,-29.2,-29.2,1.0,0.0,14.0,0.0,0.6,0.5,10.6,10.6,10.6,10.6,1.0,0.0,14.0,0.0,0.6,0.5,373.0,373.0,373.0,373.0,1.0,0.0,14.0,0.0,0.6,0.5,375.0,375.0,375.0,375.0,1.0,0.0,14.0,0.0,0.6,0.5
1974,2,37.0,-39.0,19.1,19.1,19.1,19.1,1.0,0.0,26.0,1.0,0.7,0.5,21.7,21.7,21.7,21.7,1.0,0.0,26.0,1.0,0.7,0.5,13.77,13.77,13.77,13.77,1.0,0.0,26.0,1.0,0.7,0.5,85.2,85.2,85.2,85.2,1.0,0.0,26.0,1.0,0.5,9.8,9.8,9.8,9.8,1.0,0.0,26.0,1.0,0.7,0.5,-3.35,-3.35,-3.35,-3.35,1.0,0.0,26.0,1.0,0.7,0.5,-9.21,-9.21,-9.21,-9.21,1.0,0.0,26.0,1.0,0.7,0.5,1011.1,1011.1,1011.1,1011.1,1.0,0.0,26.0,1.0,0.7,0.5,3.0,3.0,3.0,3.0,1.0,0.0,26.0,1.0,0.7,0.5,-32.8,-32.8,-32.8,-32.8,1.0,0.0,26.0,1.0,0.7,0.5,-90.2,-90.2,-90.2,-90.2,1.0,0.0,26.0,1.0,0.7,0.5,-2.6,-2.6,-2.6,-2.6,1.0,0.0,26.0,1.0,0.7,0.5,-25.5,-25.5,-25.5,-25.5,1.0,0.0,26.0,1.0,0.7,0.5,0.0,0.0,0.0,0.0,1.0,0.0,26.0,1.0,0.7,0.5,0.0,0.0,0.0,0.0,1.0,0.0,26.0,1.0,0.7,0.5,-72.7,-72.7,-72.7,-72.7,1.0,0.0,26.0,1.0,0.7,0.5,-199.8,-199.8,-199.8,-199.8,1.0,0.0,26.0,1.0,0.7,0.5,-46.2,-46.2,-46.2,-46.2,1.0,0.0,26.0,1.0,0.7,0.5,-126.8,-126.8,-126.8,-126.8,1.0,0.0,26.0,1.0,0.7,0.5,0.0,0.0,0.0,0.0,1.0,0.0,26.0,1.0,0.7,0.5,0.0,0.0,0.0,0.0,1.0,0.0,26.0,1.0,0.7,0.5,941.0,941.0,941.0,941.0,1.0,0.0,26.0,1.0,0.7,0.5,940.0,940.0,940.0,940.0,1.0,0.0,26.0,1.0,0.7,0.5
1974,2,37.0,-36.0,22.16,22.5,22.84,22.5,2.0,0.71,12.0,0.0,0.7,0.9,19.64,20.6,21.56,20.6,2.0,1.98,12.0,0.0,0.7,0.9,8.63,11.2,13.76,11.2,2.0,5.31,12.0,0.0,0.7,0.9,60.3,72.8,85.4,72.8,2.0,26.0,12.0,0.0,0.9,5.16,7.45,9.74,7.45,2.0,4.74,12.0,0.0,0.7,0.9,-8.29,-5.99,-3.7,-5.99,2.0,4.75,12.0,0.0,0.7,0.9,3.5,4.27,5.04,4.27,2.0,1.6,12.0,0.0,0.7,0.9,1017.13,1018.9,1020.67,1018.9,2.0,3.68,12.0,0.0,0.7,0.9,4.2,4.5,4.8,4.5,2.0,0.7,12.0,0.0,0.7,0.9,-86.7,-55.9,-25.1,-55.9,2.0,63.8,12.0,0.0,0.7,0.9,20.1,35.6,51.1,35.6,2.0,32.1,12.0,0.0,0.7,0.9,0.6,1.9,3.2,1.9,2.0,2.69,12.0,0.0,0.7,0.9,2.5,7.8,13.1,7.8,2.0,11.0,12.0,0.0,0.7,0.9,2.8,5.69,8.58,5.69,2.0,5.99,12.0,0.0,0.7,0.9,19.7,28.2,36.7,28.2,2.0,17.6,12.0,0.0,0.7,0.9,-181.1,-128.2,-75.2,-128.2,2.0,109.7,12.0,0.0,0.7,0.9,69.6,89.6,109.5,89.6,2.0,41.4,12.0,0.0,0.7,0.9,-120.8,-79.7,-38.7,-79.7,2.0,85.0,12.0,0.0,0.7,0.9,32.5,52.1,71.7,52.1,2.0,40.6,12.0,0.0,0.7,0.9,-24.2,-19.9,-15.6,-19.9,2.0,8.9,12.0,0.0,0.7,0.9,11.6,19.5,27.5,19.5,2.0,16.5,12.0,0.0,0.7,0.9,258.0,664.5,1070.5,664.5,2.0,842.0,12.0,0.0,0.7,0.9,260.0,665.0,1070.0,665.0,2.0,840.0,12.0,0.0,0.7,0.9
1974,2,37.0,-34.0,24.1,25.4,26.15,25.13,3.0,1.52,14.0,0.7,0.5,0.4,22.92,24.55,26.86,24.88,4.0,2.47,12.0,0.8,0.3,0.4,15.52,18.05,19.47,17.51,3.0,2.93,14.0,0.7,0.5,0.4,89.4,98.2,99.0,94.3,3.0,7.9,14.0,0.7,0.4,6.94,8.25,11.76,9.3,4.0,3.33,12.0,0.8,0.3,0.4,-9.86,-3.93,-1.38,-5.54,4.0,5.57,12.0,0.8,0.3,0.4,-7.94,-5.69,-4.17,-6.04,4.0,2.42,12.0,0.8,0.3,0.4,1007.71,1010.95,1014.08,1010.9,4.0,3.73,12.0,0.8,0.3,0.4,6.4,8.0,8.0,7.3,4.0,1.5,12.0,0.8,0.3,0.4,-117.9,-30.0,-11.2,-63.0,4.0,82.4,12.0,0.8,0.3,0.4,-76.5,-55.6,-34.6,-55.6,4.0,25.9,12.0,0.8,0.3,0.4,0.96,1.1,1.65,1.3,3.0,0.53,14.0,0.7,0.5,0.4,6.6,7.9,14.6,10.5,3.0,6.2,14.0,0.7,0.5,0.4,1.77,2.33,3.25,2.51,3.0,1.1,14.0,0.7,0.5,0.4,13.8,21.7,25.0,19.4,3.0,8.5,14.0,0.7,0.5,0.4,-259.5,-88.8,-33.7,-143.9,4.0,157.7,12.0,0.8,0.3,0.4,-193.2,-151.5,-106.1,-149.7,4.0,56.8,12.0,0.8,0.3,0.4,-70.3,-29.2,-25.2,-47.3,3.0,36.6,14.0,0.7,0.5,0.4,-155.0,-132.8,-77.4,-116.6,3.0,58.6,14.0,0.7,0.5,0.4,-16.9,-3.8,-2.4,-9.5,3.0,11.7,14.0,0.7,0.5,0.4,-18.8,-13.3,-11.0,-14.8,3.0,5.9,14.0,0.7,0.5,0.4,335.5,589.0,1820.5,1055.5,4.0,1147.5,12.0,0.8,0.3,0.4,335.0,590.0,1820.0,1055.0,4.0,1145.0,12.0,0.8,0.3,0.4
1974,2,37.0,-33.0,25.27,26.05,26.83,26.05,2.0,1.63,2.0,0.5,0.4,0.3,25.45,26.0,26.55,26.0,2.0,1.13,2.0,0.5,0.4,0.3,17.16,17.17,17.17,17.17,2.0,0.01,2.0,0.5,0.4,0.3,79.5,82.1,84.8,82.1,2.0,5.5,2.0,0.5,0.3,4.67,5.9,7.13,5.9,2.0,2.55,2.0,0.5,0.4,0.3,-4.39,-3.18,-1.97,-3.18,2.0,2.51,2.0,0.5,0.4,0.3,-5.57,-4.88,-4.18,-4.88,2.0,1.45,2.0,0.5,0.4,0.3,1014.16,1014.5,1014.84,1014.5,2.0,0.71,2.0,0.5,0.4,0.3,3.8,5.5,7.2,5.5,2.0,3.5,2.0,0.5,0.4,0.3,-33.0,-21.9,-10.9,-21.9,2.0,22.9,2.0,0.5,0.4,0.3,-40.7,-30.6,-20.5,-30.6,2.0,20.9,2.0,0.5,0.4,0.3,-0.19,0.05,0.29,0.05,2.0,0.49,2.0,0.5,0.4,0.3,-0.5,0.9,2.4,0.9,2.0,3.0,2.0,0.5,0.4,0.3,2.92,3.91,4.9,3.91,2.0,2.05,2.0,0.5,0.4,0.3,15.0,25.7,36.3,25.7,2.0,22.1,2.0,0.5,0.4,0.3,-117.2,-84.0,-50.8,-84.0,2.0,68.8,2.0,0.5,0.4,0.3,-148.4,-127.6,-106.8,-127.6,2.0,43.1,2.0,0.5,0.4,0.3,-75.3,-54.5,-33.7,-54.5,2.0,43.0,2.0,0.5,0.4,0.3,-95.6,-83.7,-71.7,-83.7,2.0,24.8,2.0,0.5,0.4,0.3,-22.9,-15.0,-7.1,-15.0,2.0,16.3,2.0,0.5,0.4,0.3,-28.1,-20.6,-13.0,-20.6,2.0,15.7,2.0,0.5,0.4,0.3,130.5,262.5,395.0,262.5,2.0,274.0,2.0,0.5,0.4,0.3,130.0,265.0,395.0,265.0,2.0,275.0,2.0,0.5,0.4,0.3
1974,2,37.0,-32.0,24.48,25.3,26.12,25.3,2.0,1.7,12.0,0.5,0.7,0.7,24.11,25.0,25.89,25.0,2.0,1.84,12.0,0.5,0.7,0.7,13.83,16.1,18.36,16.1,2.0,4.7,12.0,0.5,0.7,0.7,73.6,80.4,87.2,80.4,2.0,14.1,12.0,0.5,0.7,7.53,8.25,8.97,8.25,2.0,1.48,12.0,0.5,0.7,0.7,-4.4,-3.9,-3.41,-3.9,2.0,1.02,12.0,0.5,0.7,0.7,-6.48,-1.61,3.25,-1.61,2.0,10.08,12.0,0.5,0.7,0.7,1008.51,1011.75,1014.99,1011.75,2.0,6.72,12.0,0.5,0.7,0.7,3.6,5.0,6.4,5.0,2.0,2.8,12.0,0.5,0.7,0.7,-32.7,-31.5,-30.2,-31.5,2.0,2.6,12.0,0.5,0.7,0.7,-62.1,-20.8,20.5,-20.8,2.0,85.5,12.0,0.5,0.7,0.7,0.23,0.3,0.37,0.3,2.0,0.14,12.0,0.5,0.7,0.7,2.0,2.4,2.7,2.4,2.0,0.7,12.0,0.5,0.7,0.7,2.91,4.12,5.32,4.12,2.0,2.5,12.0,0.5,0.7,0.7,25.1,32.1,39.1,32.1,2.0,14.5,12.0,0.5,0.7,0.7,-105.6,-96.7,-87.8,-96.7,2.0,18.4,12.0,0.5,0.7,0.7,-172.6,-49.6,73.5,-49.6,2.0,255.0,12.0,0.5,0.7,0.7,-61.3,-60.5,-59.6,-60.5,2.0,1.9,12.0,0.5,0.7,0.7,-131.6,-49.6,32.4,-49.6,2.0,169.8,12.0,0.5,0.7,0.7,-24.1,-17.4,-10.6,-17.4,2.0,14.0,12.0,0.5,0.7,0.7,-12.2,5.9,24.0,5.9,2.0,37.5,12.0,0.5,0.7,0.7,441.5,589.0,736.0,589.0,2.0,305.0,12.0,0.5,0.7,0.7,440.0,590.0,735.0,590.0,2.0,305.0,12.0,0.5,0.7,0.7
1974,2,37.0,-31.0,26.0,26.85,27.25,26.6,12.0,1.29,16.0,0.4,0.4,0.7,25.0,25.6,26.6,25.83,12.0,0.99,16.0,0.4,0.4,0.7,15.1,17.16,18.05,16.83,10.0,1.61,18.0,0.5,0.4,0.6,75.9,81.6,86.7,81.2,10.0,5.9,18.0,0.5,0.6,3.81,5.1,6.95,5.28,13.0,2.67,16.0,0.5,0.4,0.7,-5.02,0.0,1.35,-2.08,13.0,3.94,16.0,0.5,0.4,0.7,-0.16,2.55,6.0,2.6,13.0,3.12,16.0,0.5,0.4,0.7,1013.36,1014.8,1015.56,1014.43,13.0,1.99,16.0,0.5,0.4,0.7,2.0,3.0,6.1,3.8,13.0,2.0,16.0,0.5,0.4,0.7,-28.4,0.0,3.1,-16.6,13.0,31.5,16.0,0.5,0.4,0.7,-0.8,13.0,45.7,18.2,13.0,23.6,16.0,0.5,0.4,0.7,-0.26,1.0,2.44,0.92,11.0,1.51,16.0,0.4,0.4,0.7,1.2,5.5,17.3,7.6,11.0,9.2,16.0,0.4,0.4,0.7,3.69,4.73,7.4,5.22,9.0,2.11,16.0,0.4,0.4,0.6,19.5,24.3,55.8,33.0,9.0,22.4,16.0,0.4,0.4,0.6,-142.5,-58.6,12.9,-59.9,12.0,101.1,16.0,0.4,0.4,0.7,-11.5,77.7,154.2,68.9,12.0,84.0,16.0,0.4,0.4,0.7,-93.2,-38.7,0.0,-41.7,10.0,67.9,18.0,0.5,0.4,0.6,0.0,64.5,103.1,51.3,10.0,54.9,18.0,0.5,0.4,0.6,-39.0,-17.8,0.0,-16.6,9.0,23.9,16.0,0.4,0.4,0.6,0.0,11.8,40.3,17.2,9.0,22.6,16.0,0.4,0.4,0.6,58.5,132.5,349.0,252.0,13.0,325.5,16.0,0.5,0.4,0.7,60.0,135.0,350.0,250.0,13.0,325.0,16.0,0.5,0.4,0.7
1974,2,37.0,-30.0,25.82,27.2,28.62,27.2,17.0,1.45,16.0,0.4,0.5,0.6,25.63,27.0,27.95,26.93,17.0,1.26,16.0,0.4,0.5,0.6,14.22,17.62,19.01,17.2,13.0,2.42,16.0,0.3,0.5,0.7,69.7,81.3,87.6,78.4,13.0,9.7,16.0,0.3,0.7,2.6,4.6,7.21,5.1,18.0,2.41,16.0,0.4,0.5,0.6,-6.21,-2.44,-1.07,-3.27,18.0,2.52,16.0,0.4,0.5,0.6,-2.25,0.0,4.41,0.82,18.0,3.87,16.0,0.4,0.5,0.6,1010.2,1013.8,1017.14,1013.62,18.0,3.51,16.0,0.4,0.5,0.6,2.0,3.0,5.0,3.5,17.0,1.9,16.0,0.4,0.5,0.6,-39.8,-10.6,-2.1,-20.3,18.0,20.5,16.0,0.4,0.5,0.6,-12.7,0.0,20.3,4.7,18.0,30.7,16.0,0.4,0.5,0.6,-0.73,0.25,1.7,0.31,16.0,1.44,16.0,0.4,0.5,0.7,-1.9,0.9,10.0,1.7,16.0,6.9,16.0,0.4,0.5,0.7,4.18,4.75,7.66,5.62,13.0,2.01,16.0,0.3,0.5,0.7,14.3,21.8,34.0,23.7,13.0,8.9,16.0,0.3,0.5,0.7,-154.7,-67.4,-20.7,-83.0,17.0,65.6,16.0,0.4,0.5,0.6,-73.6,0.0,116.3,22.7,17.0,108.8,16.0,0.4,0.5,0.6,-99.4,-43.6,0.0,-52.5,13.0,47.5,16.0,0.3,0.5,0.7,-29.0,7.5,77.4,12.8,13.0,62.8,16.0,0.3,0.5,0.7,-28.3,-14.1,0.0,-14.9,13.0,12.3,16.0,0.3,0.5,0.7,-15.4,3.4,18.4,3.0,13.0,16.9,16.0,0.3,0.5,0.7,17.5,97.5,377.5,222.5,18.0,280.5,16.0,0.4,0.5,0.6,20.0,95.0,375.0,220.0,18.0,280.0,16.0,0.4,0.5,0.6
1974,2,37.0,-29.0,27.43,27.9,28.78,28.06,9.0,0.89,10.0,0.7,0.5,0.8,26.22,28.05,28.47,27.64,8.0,1.09,8.0,0.6,0.4,0.8,16.42,17.28,18.91,17.59,6.0,1.64,8.0,0.5,0.4,0.9,72.0,76.2,81.5,77.0,6.0,5.4,8.0,0.5,0.9,3.24,6.95,9.03,6.15,10.0,2.97,10.0,0.7,0.5,0.8,-7.33,-5.6,-2.83,-5.05,10.0,2.44,10.0,0.7,0.5,0.8,-2.8,-0.77,1.67,-0.19,10.0,4.07,10.0,0.7,0.5,0.8,1008.17,1012.75,1014.63,1012.22,10.0,4.62,10.0,0.7,0.5,0.8,2.4,4.0,5.6,4.2,10.0,2.0,10.0,0.7,0.5,0.8,-58.0,-38.5,-9.9,-35.9,10.0,24.7,10.0,0.7,0.5,0.8,-21.7,-1.5,8.1,-0.8,10.0,38.3,10.0,0.7,0.5,0.8,-0.62,-0.5,1.67,0.3,7.0,1.46,8.0,0.6,0.4,0.8,-5.0,-2.8,7.7,2.5,7.0,12.7,8.0,0.6,0.4,0.8,4.01,6.08,6.88,5.77,6.0,2.45,8.0,0.5,0.4,0.9,23.5,30.0,67.4,42.8,6.0,29.4,8.0,0.5,0.4,0.9,-212.2,-187.4,-95.8,-164.6,8.0,54.0,8.0,0.6,0.4,0.8,-100.2,-17.5,50.7,-4.5,8.0,124.0,8.0,0.6,0.4,0.8,-132.3,-104.9,-57.7,-98.0,6.0,39.1,8.0,0.5,0.4,0.9,-84.7,-11.6,56.6,-5.7,6.0,89.7,8.0,0.5,0.4,0.9,-35.2,-29.7,-20.3,-29.1,6.0,10.7,8.0,0.5,0.4,0.9,-14.6,-2.8,28.4,8.1,6.0,43.1,8.0,0.5,0.4,0.9,39.5,337.0,757.5,371.0,10.0,351.0,10.0,0.7,0.5,0.8,40.0,335.0,755.0,370.0,10.0,350.0,10.0,0.7,0.5,0.8
1974,2,37.0,-28.0,27.64,28.0,28.62,28.13,4.0,0.65,16.0,0.5,0.6,0.4,26.62,27.6,28.1,27.38,4.0,0.95,16.0,0.5,0.6,0.4,14.64,15.13,15.77,15.2,3.0,0.83,20.0,0.7,0.5,0.4,65.2,68.2,68.5,66.9,3.0,2.7,20.0,0.7,0.4,2.0,4.65,7.82,4.9,4.0,3.63,16.0,0.5,0.6,0.4,-4.33,-3.18,-1.65,-3.0,4.0,1.65,16.0,0.5,0.6,0.4,1.04,3.37,6.48,3.74,4.0,3.44,16.0,0.5,0.6,0.4,1009.07,1014.55,1016.83,1013.03,4.0,5.36,16.0,0.5,0.6,0.4,1.5,4.0,6.0,3.8,4.0,2.6,16.0,0.5,0.6,0.4,-34.4,-16.0,-4.0,-19.1,4.0,19.0,16.0,0.5,0.6,0.4,3.0,17.8,53.3,27.7,4.0,33.9,16.0,0.5,0.6,0.4,0.11,1.0,1.37,0.75,4.0,1.02,16.0,0.5,0.6,0.4,-2.9,2.1,7.0,2.0,4.0,7.0,16.0,0.5,0.6,0.4,8.11,8.9,9.0,8.56,3.0,0.71,20.0,0.7,0.5,0.4,36.6,55.2,66.7,51.7,3.0,22.2,20.0,0.7,0.5,0.4,-118.2,-85.3,-45.7,-82.1,4.0,45.4,16.0,0.5,0.6,0.4,29.0,89.9,178.0,102.9,4.0,96.1,16.0,0.5,0.6,0.4,-66.2,-57.4,-44.3,-55.3,3.0,16.2,20.0,0.7,0.5,0.4,43.6,68.4,104.9,74.1,3.0,45.2,20.0,0.7,0.5,0.4,-35.8,-35.5,-25.9,-31.0,3.0,8.3,20.0,0.7,0.5,0.4,25.7,42.3,56.0,40.9,3.0,22.2,20.0,0.7,0.5,0.4,14.5,134.0,535.0,268.5,4.0,372.5,16.0,0.5,0.6,0.4,15.0,135.0,535.0,270.0,4.0,375.0,16.0,0.5,0.6,0.4
1974,2,37.0,-27.0,27.17,28.0,28.77,28.05,11.0,0.95,16.0,0.5,0.3,0.8,26.29,28.0,28.65,27.67,11.0,1.31,16.0,0.5,0.3,0.8,14.92,17.15,19.31,17.21,10.0,2.88,16.0,0.4,0.4,0.8,66.5,72.1,82.6,74.1,10.0,9.9,16.0,0.4,0.8,2.6,4.6,7.34,4.9,10.0,3.08,18.0,0.4,0.3,0.8,-6.46,-3.77,-2.51,-4.43,10.0,3.03,18.0,0.4,0.3,0.8,-1.38,0.0,2.89,0.74,10.0,2.12,18.0,0.4,0.3,0.8,1008.96,1010.5,1015.97,1012.25,11.0,3.9,16.0,0.5,0.3,0.8,0.6,3.0,5.0,2.8,11.0,2.0,16.0,0.5,0.3,0.8,-48.7,-17.3,-6.5,-30.0,10.0,36.5,18.0,0.4,0.3,0.8,-5.8,0.0,19.0,5.2,10.0,12.1,18.0,0.4,0.3,0.8,-0.61,0.6,1.38,0.37,11.0,1.04,16.0,0.5,0.3,0.8,-0.3,2.0,6.9,2.3,10.0,4.2,18.0,0.4,0.3,0.8,5.23,6.08,8.15,6.59,10.0,2.28,16.0,0.4,0.4,0.8,12.1,26.7,48.2,28.9,9.0,20.3,16.0,0.3,0.3,0.8,-178.9,-103.2,-72.7,-122.4,10.0,84.1,18.0,0.4,0.3,0.8,-39.6,0.0,76.5,18.4,10.0,57.1,18.0,0.4,0.3,0.8,-85.3,-50.9,-47.8,-62.6,9.0,34.2,16.0,0.3,0.3,0.8,-27.9,0.0,44.2,9.4,9.0,37.7,16.0,0.3,0.3,0.8,-40.7,-25.1,-10.7,-25.4,9.0,18.1,16.0,0.3,0.3,0.8,-5.5,0.0,24.5,8.4,9.0,14.9,16.0,0.3,0.3,0.8,17.5,97.5,417.5,255.0,10.0,411.5,18.0,0.4,0.3,0.8,20.0,95.0,415.0,255.0,10.0,410.0,18.0,0.4,0.3,0.8
1974,2,37.0,-26.0,26.86,28.5,29.0,28.18,17.0,1.17,16.0,0.3,0.4,0.6,26.54,27.5,28.14,27.35,17.0,1.0,16.0,0.3,0.4,0.6,16.32,17.16,18.55,17.48,13.0,1.06,14.0,0.4,0.4,0.6,72.4,77.2,82.9,78.1,13.0,5.9,14.0,0.4,0.6,3.32,5.1,8.7,5.68,17.0,2.32,16.0,0.3,0.4,0.6,-6.08,-4.79,0.0,-3.8,17.0,3.42,16.0,0.3,0.4,0.6,-0.72,1.95,3.95,1.97,17.0,2.9,16.0,0.3,0.4,0.6,1008.61,1013.0,1014.34,1012.37,17.0,2.91,16.0,0.3,0.4,0.6,2.0,4.0,6.0,3.9,16.0,1.9,16.0,0.3,0.4,0.6,-48.5,-24.4,0.0,-25.7,17.0,27.4,16.0,0.3,0.4,0.6,-3.2,6.8,27.9,13.6,17.0,24.1,16.0,0.3,0.4,0.6,-0.14,0.8,1.78,0.84,17.0,1.09,16.0,0.3,0.4,0.6,-0.8,5.1,9.6,5.8,17.0,8.0,16.0,0.3,0.4,0.6,5.37,6.19,7.49,6.21,13.0,1.4,14.0,0.4,0.4,0.6,15.5,34.4,46.8,32.7,13.0,14.6,14.0,0.4,0.4,0.6,-165.6,-129.4,0.0,-104.4,17.0,94.1,16.0,0.3,0.4,0.6,-19.5,55.4,106.7,53.1,17.0,77.8,16.0,0.3,0.4,0.6,-95.0,-70.6,0.0,-51.5,13.0,56.5,14.0,0.4,0.4,0.6,9.5,36.5,55.4,40.6,13.0,44.3,14.0,0.4,0.4,0.6,-36.2,-30.7,0.0,-20.1,13.0,21.6,14.0,0.4,0.4,0.6,3.1,15.4,21.3,14.4,13.0,15.7,14.0,0.4,0.4,0.6,37.5,132.5,658.5,270.5,17.0,267.5,16.0,0.3,0.4,0.6,40.0,135.0,660.0,270.0,17.0,265.0,16.0,0.3,0.4,0.6
1974,2,37.0,-25.0,28.3,29.0,30.0,29.21,14.0,0.99,16.0,0.4,0.6,0.5,27.41,28.2,29.95,28.49,14.0,1.39,16.0,0.4,0.6,0.5,16.59,18.29,19.32,18.48,12.0,2.8,14.0,0.4,0.6,0.5,70.0,76.9,81.4,75.8,12.0,8.2,14.0,0.4,0.5,3.5,5.1,8.17,5.41,13.0,2.62,16.0,0.4,0.6,0.5,-5.69,-4.53,-2.93,-4.16,13.0,2.86,16.0,0.4,0.6,0.5,-2.65,-0.89,1.81,0.01,13.0,3.41,16.0,0.4,0.6,0.5,1007.56,1009.75,1010.78,1009.47,14.0,2.53,16.0,0.4,0.6,0.5,1.0,3.0,4.9,2.9,14.0,2.2,16.0,0.4,0.6,0.5,-60.2,-22.5,-11.2,-27.8,13.0,26.9,16.0,0.4,0.6,0.5,-13.9,-4.4,6.6,2.4,13.0,32.9,16.0,0.4,0.6,0.5,0.01,0.55,1.97,0.72,14.0,1.06,16.0,0.4,0.6,0.5,0.4,3.1,8.2,4.1,13.0,5.1,16.0,0.4,0.6,0.5,4.61,6.37,9.81,6.99,12.0,2.72,14.0,0.4,0.6,0.5,19.3,23.0,40.4,31.0,11.0,20.7,16.0,0.4,0.6,0.5,-164.0,-124.6,-82.4,-119.0,13.0,82.7,16.0,0.4,0.6,0.5,-74.7,-27.5,48.8,0.1,13.0,97.7,16.0,0.4,0.6,0.5,-106.7,-75.0,-39.7,-71.3,11.0,55.3,16.0,0.4,0.6,0.5,-48.3,-21.8,25.5,-12.7,11.0,34.1,16.0,0.4,0.6,0.5,-37.9,-20.5,-9.8,-23.5,11.0,25.1,16.0,0.4,0.6,0.5,-15.1,-3.7,10.3,-3.0,11.0,15.4,16.0,0.4,0.6,0.5,44.0,132.5,553.0,277.5,13.0,409.0,16.0,0.4,0.6,0.5,45.0,135.0,555.0,280.0,13.0,410.0,16.0,0.4,0.6,0.5
1974,2,37.0,-24.0,28.61,29.0,29.49,29.1,14.0,0.54,14.0,0.6,0.6,0.5,27.43,28.1,28.6,27.94,14.0,0.94,14.0,0.6,0.6,0.5,16.21,17.65,19.36,17.71,12.0,1.52,14.0,0.6,0.6,0.5,71.0,76.4,80.9,75.7,12.0,6.8,14.0,0.6,0.5,3.26,5.0,8.76,5.12,13.0,3.24,14.0,0.6,0.5,0.5,-7.35,-4.42,0.0,-3.86,13.0,3.26,14.0,0.6,0.5,0.5,-0.17,0.87,3.65,1.65,13.0,3.04,14.0,0.6,0.5,0.5,1008.51,1010.7,1013.86,1010.47,14.0,3.35,14.0,0.6,0.6,0.5,1.7,2.5,4.0,2.8,12.0,1.6,12.0,0.6,0.6,0.5,-72.2,-22.5,0.0,-28.3,13.0,31.5,14.0,0.6,0.5,0.5,-0.9,4.3,17.7,12.7,13.0,27.8,14.0,0.6,0.5,0.5,0.03,1.0,2.48,1.16,14.0,1.17,14.0,0.6,0.6,0.5,0.0,5.0,11.3,5.7,13.0,7.8,14.0,0.6,0.5,0.5,6.14,7.6,9.12,7.63,12.0,1.36,14.0,0.6,0.6,0.5,31.5,33.0,69.7,44.2,11.0,27.7,16.0,0.6,0.5,0.6,-211.5,-112.6,0.0,-107.9,13.0,92.0,14.0,0.6,0.5,0.5,-4.7,24.3,103.5,46.0,13.0,85.9,14.0,0.6,0.5,0.5,-127.2,-69.9,0.0,-72.1,11.0,58.1,16.0,0.6,0.5,0.6,-14.1,40.4,65.2,29.4,11.0,53.3,16.0,0.6,0.5,0.6,-59.0,-30.2,0.0,-31.9,11.0,27.8,16.0,0.6,0.5,0.6,-4.5,20.2,32.0,15.6,11.0,27.6,16.0,0.6,0.5,0.6,42.0,125.0,672.5,289.5,13.0,426.0,14.0,0.6,0.5,0.5,40.0,125.0,670.0,290.0,13.0,425.0,14.0,0.6,0.5,0.5
1974,2,37.0,-23.0,28.0,29.0,30.12,28.88,35.0,1.3,14.0,0.5,0.3,0.6,27.68,28.5,29.62,28.54,32.0,1.14,14.0,0.4,0.3,0.6,16.9,18.01,21.18,18.75,24.0,2.56,14.0,0.4,0.3,0.7,68.3,77.5,90.2,77.9,24.0,10.2,14.0,0.4,0.7,2.0,4.35,7.7,4.92,32.0,2.63,14.0,0.5,0.3,0.6,-6.2,-2.63,-0.77,-3.12,32.0,2.42,14.0,0.5,0.3,0.6,-1.73,1.96,5.21,1.88,32.0,3.5,14.0,0.5,0.3,0.6,1007.06,1010.3,1012.17,1009.66,36.0,2.78,12.0,0.5,0.3,0.6,2.0,4.0,6.0,4.0,35.0,1.9,12.0,0.5,0.3,0.6,-39.0,-11.0,-1.9,-19.2,32.0,21.4,14.0,0.5,0.3,0.6,-5.5,6.2,42.7,13.9,32.0,27.2,14.0,0.5,0.3,0.6,-0.9,0.4,1.82,0.3,31.0,1.73,14.0,0.4,0.3,0.6,-2.1,1.6,10.5,2.8,29.0,10.1,14.0,0.4,0.3,0.6,4.16,6.17,8.44,6.2,24.0,2.88,14.0,0.4,0.3,0.7,22.5,28.7,49.5,35.5,22.0,22.0,14.0,0.4,0.3,0.6,-171.4,-81.1,-25.8,-92.6,30.0,68.5,14.0,0.4,0.3,0.6,-49.7,57.1,154.0,53.4,30.0,100.2,14.0,0.4,0.3,0.6,-130.4,-50.9,-15.8,-67.4,22.0,50.5,14.0,0.4,0.3,0.6,-8.8,55.7,106.5,45.7,22.0,67.0,14.0,0.4,0.3,0.6,-33.0,-18.6,-5.3,-21.8,22.0,21.2,14.0,0.4,0.3,0.6,-4.3,21.0,30.1,16.9,22.0,23.6,14.0,0.4,0.3,0.6,8.0,83.0,456.5,220.5,32.0,280.5,14.0,0.5,0.3,0.6,10.0,85.0,455.0,220.0,32.0,280.0,14.0,0.5,0.3,0.6
1974,2,37.0,-22.0,28.0,29.0,30.0,28.95,48.0,0.98,12.0,0.4,0.5,0.6,27.89,28.3,29.27,28.44,48.0,1.13,12.0,0.4,0.5,0.6,17.4,18.22,20.05,18.67,35.0,1.67,12.0,0.3,0.5,0.6,70.8,75.3,86.2,77.5,35.0,8.2,12.0,0.3,0.6,2.6,4.1,7.55,4.57,47.0,2.49,12.0,0.4,0.5,0.6,-6.2,-2.76,0.0,-3.08,47.0,2.79,12.0,0.4,0.5,0.6,-1.86,0.8,3.55,0.97,47.0,3.01,12.0,0.4,0.5,0.6,1007.36,1010.4,1011.94,1009.9,49.0,2.44,12.0,0.4,0.5,0.6,2.0,4.0,7.0,4.2,48.0,2.0,12.0,0.4,0.5,0.6,-47.2,-10.6,0.0,-18.9,47.0,23.3,12.0,0.4,0.5,0.6,-8.2,3.1,18.3,6.6,47.0,22.1,12.0,0.4,0.5,0.6,-0.77,0.5,1.94,0.54,47.0,1.28,12.0,0.4,0.5,0.6,-2.1,2.1,7.2,2.8,45.0,7.1,12.0,0.4,0.5,0.6,5.06,6.61,8.84,6.65,35.0,1.89,12.0,0.3,0.5,0.6,15.7,26.2,38.6,28.3,33.0,15.7,12.0,0.3,0.5,0.6,-172.6,-77.7,0.0,-85.2,46.0,79.0,12.0,0.4,0.5,0.6,-55.7,28.3,100.3,28.6,46.0,85.3,12.0,0.4,0.5,0.6,-105.2,-47.4,-1.5,-51.0,33.0,46.3,12.0,0.3,0.5,0.6,-26.0,26.9,72.2,27.1,33.0,54.1,12.0,0.3,0.5,0.6,-36.1,-14.1,-0.5,-19.2,33.0,19.2,12.0,0.3,0.5,0.6,-6.9,10.6,24.2,7.8,33.0,16.1,12.0,0.3,0.5,0.6,17.5,69.0,431.5,184.0,47.0,262.0,12.0,0.4,0.5,0.6,20.0,70.0,430.0,185.0,47.0,260.0,12.0,0.4,0.5,0.6
1974,2,37.0,-21.0,28.0,29.0,29.4,28.84,20.0,0.73,14.0,0.5,0.7,0.4,27.2,28.0,28.6,28.04,20.0,1.28,14.0,0.5,0.7,0.4,17.52,18.24,19.66,18.41,15.0,1.33,14.0,0.5,0.7,0.3,71.5,77.5,83.7,76.6,15.0,7.1,14.0,0.5,0.3,2.73,4.1,7.85,4.73,18.0,2.87,14.0,0.6,0.8,0.4,-6.16,-2.66,0.0,-2.77,18.0,2.63,14.0,0.6,0.8,0.4,-2.81,0.52,3.81,0.58,18.0,4.06,14.0,0.6,0.8,0.4,1005.03,1008.7,1012.18,1008.81,20.0,2.96,14.0,0.5,0.7,0.4,2.0,4.0,7.0,3.9,20.0,2.4,14.0,0.5,0.7,0.4,-39.2,-12.1,0.0,-18.6,18.0,21.4,14.0,0.6,0.8,0.4,-8.7,3.1,17.5,2.4,18.0,31.7,14.0,0.6,0.8,0.4,-0.49,1.05,1.7,0.8,20.0,1.6,14.0,0.5,0.7,0.4,-0.7,3.1,8.9,4.2,18.0,9.5,14.0,0.6,0.8,0.4,5.15,6.19,8.32,6.74,15.0,1.66,14.0,0.5,0.7,0.3,9.6,27.8,41.6,28.0,13.0,21.9,14.0,0.6,0.8,0.3,-177.2,-76.5,0.0,-76.7,18.0,73.0,14.0,0.6,0.8,0.4,-83.6,13.1,104.4,16.3,18.0,113.2,14.0,0.6,0.8,0.4,-55.1,-42.6,0.0,-33.6,13.0,37.2,14.0,0.6,0.8,0.3,-34.3,31.0,83.5,27.3,13.0,60.7,14.0,0.6,0.8,0.3,-26.4,-13.8,0.0,-12.9,13.0,14.1,14.0,0.6,0.8,0.3,-8.9,14.0,34.9,12.5,13.0,27.9,14.0,0.6,0.8,0.3,21.5,72.0,485.0,219.0,18.0,288.0,14.0,0.6,0.8,0.4,20.0,70.0,485.0,220.0,18.0,290.0,14.0,0.6,0.8,0.4
1974,2,37.0,-20.0,,,,,,,,,,,,,,,,,,,,,,,,,,,,,,,,,,,,,,,,3.0,3.0,3.0,3.0,1.0,0.0,16.0,0.0,0.1,0.8,-2.3,-2.3,-2.3,-2.3,1.0,0.0,16.0,0.0,0.1,0.8,1.93,1.93,1.93,1.93,1.0,0.0,16.0,0.0,0.1,0.8,1019.0,1019.0,1019.0,1019.0,1.0,0.0,16.0,0.0,0.1,0.8,,,,,,,,,,,,,,,,,,,,,,,,,,,,,,,,,,,,,,,,,,,,,,,,,,,,,,,,,,,,,,,,,,,,,,,,,,,,,,,,,,,,,,,,,,,,,,,,,,,,,,,,,,,,,,,,,,,,,,,,,,,,,,,,,,,,,,,,,,,,,,,,,,,,,,
1974,2,37.0,-19.0,,,,,,,,,,,,,,,,,,,,,,,,,,,,,,,,,,,,,,,,10.0,10.0,10.0,10.0,1.0,0.0,16.0,1.0,0.8,0.6,-10.0,-10.0,-10.0,-10.0,1.0,0.0,16.0,1.0,0.8,0.6,0.0,0.0,0.0,0.0,1.0,0.0,16.0,1.0,0.8,0.6,1019.0,1019.0,1019.0,1019.0,1.0,0.0,16.0,1.0,0.8,0.6,,,,,,,,,,,,,,,,,,,,,,,,,,,,,,,,,,,,,,,,,,,,,,,,,,,,,,,,,,,,,,,,,,,,,,,,,,,,,,,,,,,,,,,,,,,,,,,,,,,,,,,,,,,,,,,,,,,,,,,,,,,,,,,,,,,,,,,,,,,,,,,,,,,,,,
1974,2,37.0,19.0,,,,,,,,,,,,,,,,,,,,,,,,,,,,,,,,,,,,,,,,5.1,5.1,5.1,5.1,1.0,0.0,2.0,1.0,0.5,0.8,0.89,0.89,0.89,0.89,1.0,0.0,2.0,1.0,0.5,0.8,-5.02,-5.02,-5.02,-5.02,1.0,0.0,2.0,1.0,0.5,0.8,1017.0,1017.0,1017.0,1017.0,1.0,0.0,2.0,1.0,0.5,0.8,,,,,,,,,,,,,,,,,,,,,,,,,,,,,,,,,,,,,,,,,,,,,,,,,,,,,,,,,,,,,,,,,,,,,,,,,,,,,,,,,,,,,,,,,,,,,,,,,,,,,,,,,,,,,,,,,,,,,,,,,,,,,,,,,,,,,,,,,,,,,,,,,,,,,,
1974,2,37.0,21.0,24.84,25.15,25.46,25.15,2.0,0.64,2.0,0.5,0.6,0.2,21.06,21.2,21.34,21.2,2.0,0.28,2.0,0.5,0.6,0.2,9.14,10.76,12.38,10.76,2.0,3.35,2.0,0.5,0.6,0.2,59.1,68.8,78.5,68.8,2.0,20.1,2.0,0.5,0.2,5.85,7.45,9.05,7.45,2.0,3.32,2.0,0.5,0.6,0.2,1.02,1.29,1.57,1.29,2.0,0.58,2.0,0.5,0.6,0.2,-8.92,-7.34,-5.76,-7.34,2.0,3.27,2.0,0.5,0.6,0.2,1014.5,1014.7,1014.9,1014.7,2.0,0.42,2.0,0.5,0.6,0.2,1.0,1.0,1.0,1.0,2.0,0.0,2.0,0.5,0.6,0.2,6.4,10.6,14.7,10.6,2.0,8.6,2.0,0.5,0.6,0.2,-83.6,-60.1,-36.6,-60.1,2.0,48.8,2.0,0.5,0.6,0.2,3.78,3.95,4.12,3.95,2.0,0.35,2.0,0.5,0.6,0.2,23.8,28.8,33.9,28.8,2.0,10.5,2.0,0.5,0.6,0.2,7.92,9.17,10.41,9.17,2.0,2.58,2.0,0.5,0.6,0.2,48.6,72.6,96.6,72.6,2.0,49.7,2.0,0.5,0.6,0.2,21.6,27.3,33.1,27.3,2.0,11.9,2.0,0.5,0.6,0.2,-187.6,-155.1,-122.6,-155.1,2.0,67.3,2.0,0.5,0.6,0.2,12.1,13.0,13.9,13.0,2.0,1.9,2.0,0.5,0.6,0.2,-78.6,-73.5,-68.3,-73.5,2.0,10.6,2.0,0.5,0.6,0.2,8.4,12.6,16.8,12.6,2.0,8.6,2.0,0.5,0.6,0.2,-95.1,-71.5,-47.9,-71.5,2.0,48.9,2.0,0.5,0.6,0.2,261.0,537.0,813.0,537.0,2.0,571.5,2.0,0.5,0.6,0.2,260.0,535.0,815.0,535.0,2.0,570.0,2.0,0.5,0.6,0.2
1974,2,37.0,22.0,23.64,24.15,24.66,24.15,2.0,1.06,6.0,0.5,0.3,0.7,21.98,23.0,24.02,23.0,2.0,2.12,6.0,0.5,0.3,0.7,8.47,10.07,11.66,10.07,2.0,3.31,6.0,0.5,0.3,0.7,51.4,56.9,62.4,56.9,2.0,11.4,6.0,0.5,0.7,3.66,5.95,8.24,5.95,2.0,4.74,6.0,0.5,0.3,0.7,1.91,2.43,2.94,2.43,2.0,1.07,6.0,0.5,0.3,0.7,-7.67,-5.37,-3.06,-5.37,2.0,4.77,6.0,0.5,0.3,0.7,1014.81,1015.7,1016.59,1015.7,2.0,1.84,6.0,0.5,0.3,0.7,1.6,3.0,4.4,3.0,2.0,2.8,6.0,0.5,0.3,0.7,8.4,17.0,25.6,17.0,2.0,17.8,6.0,0.5,0.3,0.7,-69.2,-43.2,-17.3,-43.2,2.0,53.8,6.0,0.5,0.3,0.7,0.64,1.15,1.66,1.15,2.0,1.06,6.0,0.5,0.3,0.7,3.7,9.4,15.0,9.4,2.0,11.8,6.0,0.5,0.3,0.7,7.69,8.68,9.68,8.68,2.0,2.06,6.0,0.5,0.3,0.7,30.8,56.6,82.4,56.6,2.0,53.4,6.0,0.5,0.3,0.7,45.3,54.7,64.0,54.7,2.0,19.4,6.0,0.5,0.3,0.7,-165.8,-118.3,-70.9,-118.3,2.0,98.4,6.0,0.5,0.3,0.7,21.3,22.7,24.0,22.7,2.0,2.7,6.0,0.5,0.3,0.7,-60.7,-46.1,-31.5,-46.1,2.0,30.3,6.0,0.5,0.3,0.7,15.3,22.2,29.1,22.2,2.0,14.3,6.0,0.5,0.3,0.7,-76.9,-51.5,-26.2,-51.5,2.0,52.5,6.0,0.5,0.3,0.7,142.5,411.0,679.5,411.0,2.0,556.5,6.0,0.5,0.3,0.7,140.0,410.0,680.0,410.0,2.0,555.0,6.0,0.5,0.3,0.7
1974,2,37.0,23.0,23.5,23.5,23.5,23.5,1.0,0.0,8.0,0.0,0.4,0.4,22.5,22.5,22.5,22.5,1.0,0.0,8.0,0.0,0.4,0.4,14.49,14.49,14.49,14.49,1.0,0.0,8.0,0.0,0.4,0.4,85.2,85.2,85.2,85.2,1.0,0.0,8.0,0.0,0.4,2.6,2.6,2.6,2.6,1.0,0.0,8.0,0.0,0.4,0.4,1.67,1.67,1.67,1.67,1.0,0.0,8.0,0.0,0.4,0.4,-1.99,-1.99,-1.99,-1.99,1.0,0.0,8.0,0.0,0.4,0.4,1010.5,1010.5,1010.5,1010.5,1.0,0.0,8.0,0.0,0.4,0.4,5.0,5.0,5.0,5.0,1.0,0.0,8.0,0.0,0.4,0.4,4.3,4.3,4.3,4.3,1.0,0.0,8.0,0.0,0.4,0.4,-5.2,-5.2,-5.2,-5.2,1.0,0.0,8.0,0.0,0.4,0.4,1.0,1.0,1.0,1.0,1.0,0.0,8.0,0.0,0.4,0.4,2.6,2.6,2.6,2.6,1.0,0.0,8.0,0.0,0.4,0.4,3.61,3.61,3.61,3.61,1.0,0.0,8.0,0.0,0.4,0.4,9.4,9.4,9.4,9.4,1.0,0.0,8.0,0.0,0.4,0.4,37.6,37.6,37.6,37.6,1.0,0.0,8.0,0.0,0.4,0.4,-44.8,-44.8,-44.8,-44.8,1.0,0.0,8.0,0.0,0.4,0.4,24.2,24.2,24.2,24.2,1.0,0.0,8.0,0.0,0.4,0.4,-28.9,-28.9,-28.9,-28.9,1.0,0.0,8.0,0.0,0.4,0.4,6.0,6.0,6.0,6.0,1.0,0.0,8.0,0.0,0.4,0.4,-7.2,-7.2,-7.2,-7.2,1.0,0.0,8.0,0.0,0.4,0.4,17.5,17.5,17.5,17.5,1.0,0.0,8.0,0.0,0.4,0.4,20.0,20.0,20.0,20.0,1.0,0.0,8.0,0.0,0.4,0.4
1974,2,37.0,42.0,,,,,,,,,,,,,,,,,,,,,,,,,,,,,,,,,,,,,,,,2.79,4.5,6.21,4.5,2.0,3.54,12.0,0.5,0.3,0.3,-3.49,-1.31,0.87,-1.31,2.0,4.51,12.0,0.5,0.3,0.3,0.28,2.34,4.4,2.34,2.0,4.28,12.0,0.5,0.3,0.3,1019.57,1022.1,1024.63,1022.1,2.0,5.23,12.0,0.5,0.3,0.3,,,,,,,,,,,,,,,,,,,,,,,,,,,,,,,,,,,,,,,,,,,,,,,,,,,,,,,,,,,,,,,,,,,,,,,,,,,,,,,,,,,,,,,,,,,,,,,,,,,,,,,,,,,,,,,,,,,,,,,,,,,,,,,,,,,,,,,,,,,,,,,,,,,,,,
1974,2,37.0,43.0,,,,,,,,,,,,,,,,,,,,,,,,,,,,,,,,,,,,,,,,13.0,13.0,13.0,13.0,1.0,0.0,8.0,0.0,0.5,0.7,2.26,2.26,2.26,2.26,1.0,0.0,8.0,0.0,0.5,0.7,12.8,12.8,12.8,12.8,1.0,0.0,8.0,0.0,0.5,0.7,1009.7,1009.7,1009.7,1009.7,1.0,0.0,8.0,0.0,0.5,0.7,,,,,,,,,,,,,,,,,,,,,,,,,,,,,,,,,,,,,,,,,,,,,,,,,,,,,,,,,,,,,,,,,,,,,,,,,,,,,,,,,,,,,,,,,,,,,,,,,,,,,,,,,,,,,,,,,,,,,,,,,,,,,,,,,,,,,,,,,,,,,,,,,,,,,,
1974,2,37.0,44.0,,,,,,,,,,,,,,,,,,,,,,,,,,,,,,,,,,,,,,,,2.27,4.0,5.37,3.8,5.0,1.92,14.0,0.4,0.2,0.4,-4.06,-3.21,-1.14,-2.6,5.0,2.11,14.0,0.4,0.2,0.4,-2.63,-1.37,1.72,-0.56,5.0,2.91,14.0,0.4,0.2,0.4,1019.78,1022.6,1026.55,1023.04,5.0,3.47,14.0,0.4,0.2,0.4,,,,,,,,,,,,,,,,,,,,,,,,,,,,,,,,,,,,,,,,,,,,,,,,,,,,,,,,,,,,,,,,,,,,,,,,,,,,,,,,,,,,,,,,,,,,,,,,,,,,,,,,,,,,,,,,,,,,,,,,,,,,,,,,,,,,,,,,,,,,,,,,,,,,,,
1974,2,37.0,69.0,2.0,2.0,2.0,2.0,1.0,0.0,24.0,0.0,0.2,0.2,-1.8,-1.8,-1.8,-1.8,1.0,0.0,24.0,0.0,0.2,0.2,2.8,2.8,2.8,2.8,1.0,0.0,24.0,0.0,0.2,0.2,84.9,84.9,84.9,84.9,1.0,0.0,24.0,0.0,0.2,11.3,11.3,11.3,11.3,1.0,0.0,24.0,0.0,0.2,0.2,8.66,8.66,8.66,8.66,1.0,0.0,24.0,0.0,0.2,0.2,7.26,7.26,7.26,7.26,1.0,0.0,24.0,0.0,0.2,0.2,1017.0,1017.0,1017.0,1017.0,1.0,0.0,24.0,0.0,0.2,0.2,3.0,3.0,3.0,3.0,1.0,0.0,24.0,0.0,0.2,0.2,97.8,97.8,97.8,97.8,1.0,0.0,24.0,0.0,0.2,0.2,82.1,82.1,82.1,82.1,1.0,0.0,24.0,0.0,0.2,0.2,3.8,3.8,3.8,3.8,1.0,0.0,24.0,0.0,0.2,0.2,42.9,42.9,42.9,42.9,1.0,0.0,24.0,0.0,0.2,0.2,1.55,1.55,1.55,1.55,1.0,0.0,24.0,0.0,0.2,0.2,17.5,17.5,17.5,17.5,1.0,0.0,24.0,0.0,0.2,0.2,-15.6,-15.6,-15.6,-15.6,1.0,0.0,24.0,0.0,0.2,0.2,-13.1,-13.1,-13.1,-13.1,1.0,0.0,24.0,0.0,0.2,0.2,24.2,24.2,24.2,24.2,1.0,0.0,24.0,0.0,0.2,0.2,20.3,20.3,20.3,20.3,1.0,0.0,24.0,0.0,0.2,0.2,13.4,13.4,13.4,13.4,1.0,0.0,24.0,0.0,0.2,0.2,11.2,11.2,11.2,11.2,1.0,0.0,24.0,0.0,0.2,0.2,1443.0,1443.0,1443.0,1443.0,1.0,0.0,24.0,0.0,0.2,0.2,1445.0,1445.0,1445.0,1445.0,1.0,0.0,24.0,0.0,0.2,0.2
1974,2,37.0,70.0,1.93,2.2,2.47,2.2,2.0,0.57,14.0,0.5,0.1,0.8,-4.33,-1.6,1.13,-1.6,2.0,5.66,14.0,0.5,0.1,0.8,2.03,2.76,3.5,2.76,2.0,1.52,14.0,0.5,0.1,0.8,70.0,75.7,81.5,75.7,2.0,11.9,14.0,0.5,0.8,8.85,10.25,11.65,10.25,2.0,2.9,14.0,0.5,0.1,0.8,0.75,5.44,10.12,5.44,2.0,9.7,14.0,0.5,0.1,0.8,-6.79,-4.04,-1.28,-4.04,2.0,5.71,14.0,0.5,0.1,0.8,999.02,1002.5,1005.98,1002.5,2.0,7.21,14.0,0.5,0.1,0.8,7.2,7.5,7.8,7.5,2.0,0.7,14.0,0.5,0.1,0.8,14.2,69.8,125.4,69.8,2.0,115.2,14.0,0.5,0.1,0.8,-55.7,-33.1,-10.5,-33.1,2.0,46.8,14.0,0.5,0.1,0.8,0.8,3.8,6.8,3.8,2.0,6.22,14.0,0.5,0.1,0.8,4.5,29.9,55.4,29.9,2.0,52.8,14.0,0.5,0.1,0.8,0.91,1.71,2.52,1.71,2.0,1.67,14.0,0.5,0.1,0.8,9.3,15.2,21.0,15.2,2.0,12.2,14.0,0.5,0.1,0.8,11.4,18.7,26.1,18.7,2.0,15.2,14.0,0.5,0.1,0.8,7.2,22.6,38.0,22.6,2.0,32.0,14.0,0.5,0.1,0.8,5.5,22.4,39.3,22.4,2.0,35.1,14.0,0.5,0.1,0.8,-11.4,-6.8,-2.2,-6.8,2.0,9.6,14.0,0.5,0.1,0.8,-2.4,1.2,4.9,1.2,2.0,7.5,14.0,0.5,0.1,0.8,-19.7,-11.7,-3.7,-11.7,2.0,16.5,14.0,0.5,0.1,0.8,759.0,1206.0,1653.0,1206.0,2.0,926.0,14.0,0.5,0.1,0.8,760.0,1205.0,1655.0,1205.0,2.0,925.0,14.0,0.5,0.1,0.8
1974,2,37.0,71.0,0.0,1.15,2.59,1.36,8.0,1.23,4.0,0.4,0.3,0.6,-5.1,-2.95,-0.94,-2.64,8.0,2.82,4.0,0.4,0.3,0.6,1.95,2.45,2.84,2.52,8.0,0.69,4.0,0.4,0.3,0.6,74.6,79.6,80.7,77.9,8.0,4.4,4.0,0.4,0.6,6.87,9.0,10.8,9.06,8.0,2.25,4.0,0.4,0.3,0.6,-9.62,-6.99,-3.1,-5.93,8.0,4.84,4.0,0.4,0.3,0.6,-4.14,1.79,5.39,1.72,8.0,5.66,4.0,0.4,0.3,0.6,994.72,998.2,1005.66,998.14,8.0,8.21,4.0,0.4,0.3,0.6,4.9,8.0,8.0,6.6,7.0,2.0,6.0,0.4,0.3,0.6,-100.3,-57.3,-18.3,-53.0,8.0,54.3,4.0,0.4,0.3,0.6,-27.6,18.5,56.6,25.1,8.0,57.7,4.0,0.4,0.3,0.6,2.72,3.2,7.49,4.0,8.0,3.39,4.0,0.4,0.3,0.6,26.6,31.9,50.4,30.1,8.0,25.9,4.0,0.4,0.3,0.6,1.33,1.61,2.57,1.72,8.0,0.86,4.0,0.4,0.3,0.6,13.4,15.1,17.4,14.0,8.0,5.0,4.0,0.4,0.3,0.6,13.2,22.9,32.3,22.3,8.0,11.5,4.0,0.4,0.3,0.6,-5.7,5.2,24.8,8.9,8.0,17.6,4.0,0.4,0.3,0.6,-24.7,-17.0,-5.6,-13.4,8.0,14.2,4.0,0.4,0.3,0.6,-8.0,4.4,15.0,7.6,8.0,18.0,4.0,0.4,0.3,0.6,-14.1,-13.3,-8.7,-11.2,8.0,5.4,4.0,0.4,0.3,0.6,-10.7,2.2,7.2,-1.0,8.0,8.7,4.0,0.4,0.3,0.6,328.5,746.5,1259.5,864.0,8.0,571.5,4.0,0.4,0.3,0.6,330.0,745.0,1260.0,865.0,8.0,570.0,4.0,0.4,0.3,0.6
1974,2,37.0,72.0,1.5,1.5,1.5,1.5,1.0,0.0,2.0,1.0,0.2,0.3,-0.4,-0.4,-0.4,-0.4,1.0,0.0,2.0,1.0,0.2,0.3,3.63,3.63,3.63,3.63,1.0,0.0,2.0,1.0,0.2,0.3,97.8,97.8,97.8,97.8,1.0,0.0,2.0,1.0,0.3,13.9,13.9,13.9,13.9,1.0,0.0,2.0,1.0,0.2,0.3,-8.93,-8.93,-8.93,-8.93,1.0,0.0,2.0,1.0,0.2,0.3,10.65,10.65,10.65,10.65,1.0,0.0,2.0,1.0,0.2,0.3,1003.3,1003.3,1003.3,1003.3,1.0,0.0,2.0,1.0,0.2,0.3,8.0,8.0,8.0,8.0,1.0,0.0,2.0,1.0,0.2,0.3,-124.2,-124.2,-124.2,-124.2,1.0,0.0,2.0,1.0,0.2,0.3,148.0,148.0,148.0,148.0,1.0,0.0,2.0,1.0,0.2,0.3,1.9,1.9,1.9,1.9,1.0,0.0,2.0,1.0,0.2,0.3,26.4,26.4,26.4,26.4,1.0,0.0,2.0,1.0,0.2,0.3,0.63,0.63,0.63,0.63,1.0,0.0,2.0,1.0,0.2,0.3,8.7,8.7,8.7,8.7,1.0,0.0,2.0,1.0,0.2,0.3,3.6,3.6,3.6,3.6,1.0,0.0,2.0,1.0,0.2,0.3,-4.3,-4.3,-4.3,-4.3,1.0,0.0,2.0,1.0,0.2,0.3,-32.4,-32.4,-32.4,-32.4,1.0,0.0,2.0,1.0,0.2,0.3,38.6,38.6,38.6,38.6,1.0,0.0,2.0,1.0,0.2,0.3,-5.6,-5.6,-5.6,-5.6,1.0,0.0,2.0,1.0,0.2,0.3,6.7,6.7,6.7,6.7,1.0,0.0,2.0,1.0,0.2,0.3,2685.5,2685.5,2685.5,2685.5,1.0,0.0,2.0,1.0,0.2,0.3,2685.0,2685.0,2685.0,2685.0,1.0,0.0,2.0,1.0,0.2,0.3
1974,2,38.0,-69.0,-1.6,-1.4,-1.15,-1.21,48.0,0.58,4.0,0.6,0.6,0.4,-5.66,-2.55,-1.05,-2.91,48.0,2.23,4.0,0.6,0.6,0.4,1.87,2.73,3.12,2.53,5.0,0.68,10.0,0.4,0.5,0.5,61.5,80.5,88.1,76.1,5.0,13.8,10.0,0.4,0.5,1.5,4.1,9.3,5.16,46.0,3.82,4.0,0.6,0.6,0.4,-8.5,-3.49,-0.07,-4.4,46.0,3.8,4.0,0.6,0.6,0.4,-3.32,-0.63,1.5,-0.87,46.0,2.6,4.0,0.6,0.6,0.4,975.34,983.65,987.35,982.33,48.0,5.68,4.0,0.6,0.6,0.4,1.0,6.0,8.0,4.9,48.0,2.9,4.0,0.6,0.6,0.4,-80.4,-14.7,-0.1,-36.3,46.0,46.2,4.0,0.6,0.6,0.4,-28.1,-1.3,4.3,-11.1,46.0,26.3,4.0,0.6,0.6,0.4,0.08,1.35,4.3,1.7,48.0,2.1,4.0,0.6,0.6,0.4,0.0,5.4,13.6,7.9,46.0,11.6,4.0,0.6,0.6,0.4,0.91,1.31,1.76,1.35,5.0,0.5,10.0,0.4,0.5,0.5,7.9,10.5,11.1,9.5,3.0,2.5,10.0,0.3,0.4,0.4,0.0,8.7,19.3,11.9,46.0,13.9,4.0,0.6,0.6,0.4,-3.1,2.3,7.4,1.9,46.0,7.3,4.0,0.6,0.6,0.4,-25.1,-23.4,-12.9,-19.1,3.0,9.6,10.0,0.3,0.4,0.4,-0.7,4.1,4.4,1.9,3.0,4.2,10.0,0.3,0.4,0.4,-10.8,-9.9,-7.6,-9.2,3.0,2.4,10.0,0.3,0.4,0.4,-2.1,1.2,1.7,-0.2,3.0,3.0,10.0,0.3,0.4,0.4,3.5,69.0,804.5,391.0,46.0,686.5,4.0,0.6,0.6,0.4,5.0,70.0,805.0,390.0,46.0,685.0,4.0,0.6,0.6,0.4
1974,2,38.0,-57.0,,,,,,,,,,,,,,,,,,,,,,,,,,,,,,,,,,,,,,,,8.2,8.2,8.2,8.2,1.0,0.0,20.0,1.0,0.4,0.1,0.0,0.0,0.0,0.0,1.0,0.0,20.0,1.0,0.4,0.1,8.2,8.2,8.2,8.2,1.0,0.0,20.0,1.0,0.4,0.1,980.0,980.0,980.0,980.0,1.0,0.0,20.0,1.0,0.4,0.1,,,,,,,,,,,,,,,,,,,,,,,,,,,,,,,,,,,,,,,,,,,,,,,,,,,,,,,,,,,,,,,,,,,,,,,,,,,,,,,,,,,,,,,,,,,,,,,,,,,,,,,,,,,,,,,,,,,,,,,,,,,,,,,,,,,,,,,,,,,,,,,,,,,,,,
1974,2,38.0,-40.0,17.0,17.0,17.0,17.0,1.0,0.0,10.0,1.0,0.0,0.4,14.5,14.5,14.5,14.5,1.0,0.0,10.0,1.0,0.0,0.4,5.79,5.79,5.79,5.79,1.0,0.0,10.0,1.0,0.0,0.4,57.0,57.0,57.0,57.0,1.0,0.0,10.0,1.0,0.4,1.5,1.5,1.5,1.5,1.0,0.0,10.0,1.0,0.0,0.4,0.26,0.26,0.26,0.26,1.0,0.0,10.0,1.0,0.0,0.4,1.48,1.48,1.48,1.48,1.0,0.0,10.0,1.0,0.0,0.4,1018.6,1018.6,1018.6,1018.6,1.0,0.0,10.0,1.0,0.0,0.4,1.0,1.0,1.0,1.0,1.0,0.0,10.0,1.0,0.0,0.4,0.4,0.4,0.4,0.4,1.0,0.0,10.0,1.0,0.0,0.4,2.2,2.2,2.2,2.2,1.0,0.0,10.0,1.0,0.0,0.4,2.5,2.5,2.5,2.5,1.0,0.0,10.0,1.0,0.0,0.4,3.8,3.8,3.8,3.8,1.0,0.0,10.0,1.0,0.0,0.4,6.17,6.17,6.17,6.17,1.0,0.0,10.0,1.0,0.0,0.4,9.3,9.3,9.3,9.3,1.0,0.0,10.0,1.0,0.0,0.4,3.8,3.8,3.8,3.8,1.0,0.0,10.0,1.0,0.0,0.4,21.4,21.4,21.4,21.4,1.0,0.0,10.0,1.0,0.0,0.4,1.5,1.5,1.5,1.5,1.0,0.0,10.0,1.0,0.0,0.4,8.6,8.6,8.6,8.6,1.0,0.0,10.0,1.0,0.0,0.4,1.6,1.6,1.6,1.6,1.0,0.0,10.0,1.0,0.0,0.4,9.1,9.1,9.1,9.1,1.0,0.0,10.0,1.0,0.0,0.4,3.5,3.5,3.5,3.5,1.0,0.0,10.0,1.0,0.0,0.4,5.0,5.0,5.0,5.0,1.0,0.0,10.0,1.0,0.0,0.4
1974,2,38.0,-38.0,21.0,21.0,21.0,21.0,1.0,0.0,10.0,1.0,0.3,0.9,18.4,18.4,18.4,18.4,1.0,0.0,10.0,1.0,0.3,0.9,11.38,11.38,11.38,11.38,1.0,0.0,10.0,1.0,0.3,0.9,87.0,87.0,87.0,87.0,1.0,0.0,10.0,1.0,0.9,1.5,1.5,1.5,1.5,1.0,0.0,10.0,1.0,0.3,0.9,0.96,0.96,0.96,0.96,1.0,0.0,10.0,1.0,0.3,0.9,1.15,1.15,1.15,1.15,1.0,0.0,10.0,1.0,0.3,0.9,1017.6,1017.6,1017.6,1017.6,1.0,0.0,10.0,1.0,0.3,0.9,7.0,7.0,7.0,7.0,1.0,0.0,10.0,1.0,0.3,0.9,1.4,1.4,1.4,1.4,1.0,0.0,10.0,1.0,0.3,0.9,1.7,1.7,1.7,1.7,1.0,0.0,10.0,1.0,0.3,0.9,2.6,2.6,2.6,2.6,1.0,0.0,10.0,1.0,0.3,0.9,3.9,3.9,3.9,3.9,1.0,0.0,10.0,1.0,0.3,0.9,4.03,4.03,4.03,4.03,1.0,0.0,10.0,1.0,0.3,0.9,6.0,6.0,6.0,6.0,1.0,0.0,10.0,1.0,0.3,0.9,17.7,17.7,17.7,17.7,1.0,0.0,10.0,1.0,0.3,0.9,21.1,21.1,21.1,21.1,1.0,0.0,10.0,1.0,0.3,0.9,11.0,11.0,11.0,11.0,1.0,0.0,10.0,1.0,0.3,0.9,13.1,13.1,13.1,13.1,1.0,0.0,10.0,1.0,0.3,0.9,3.9,3.9,3.9,3.9,1.0,0.0,10.0,1.0,0.3,0.9,4.6,4.6,4.6,4.6,1.0,0.0,10.0,1.0,0.3,0.9,3.5,3.5,3.5,3.5,1.0,0.0,10.0,1.0,0.3,0.9,5.0,5.0,5.0,5.0,1.0,0.0,10.0,1.0,0.3,0.9
1974,2,38.0,-34.0,22.67,24.1,25.4,24.03,3.0,2.0,14.0,0.0,0.4,0.3,22.91,24.0,24.41,23.67,3.0,1.14,14.0,0.0,0.4,0.3,15.31,16.5,17.69,16.5,2.0,2.46,18.0,0.0,0.4,0.5,89.0,91.3,93.7,91.3,2.0,4.8,18.0,0.0,0.5,2.48,4.6,4.94,3.73,3.0,1.95,14.0,0.0,0.4,0.3,-3.36,-1.3,0.78,-1.29,3.0,3.03,14.0,0.0,0.4,0.3,-3.51,-0.75,0.84,-1.32,3.0,3.22,14.0,0.0,0.4,0.3,1015.39,1016.0,1016.82,1016.1,3.0,1.05,14.0,0.0,0.4,0.3,6.3,7.0,7.7,7.0,3.0,1.0,14.0,0.0,0.4,0.3,-14.2,-1.9,5.5,-4.3,3.0,14.5,14.0,0.0,0.4,0.3,-17.0,-1.1,4.6,-6.1,3.0,16.4,14.0,0.0,0.4,0.3,-1.24,1.7,1.9,0.37,3.0,2.57,14.0,0.0,0.4,0.3,-8.1,3.0,6.3,-0.8,3.0,11.0,14.0,0.0,0.4,0.3,-0.9,1.04,2.99,1.04,2.0,4.03,18.0,0.0,0.4,0.5,-4.9,4.3,13.6,4.3,2.0,19.2,18.0,0.0,0.4,0.5,-76.0,-31.2,19.4,-28.4,3.0,69.9,14.0,0.0,0.4,0.3,-86.2,-18.0,18.3,-33.6,3.0,77.7,14.0,0.0,0.4,0.3,-48.6,-16.0,16.6,-16.0,2.0,67.6,18.0,0.0,0.4,0.5,-69.8,-32.1,5.7,-32.1,2.0,78.2,18.0,0.0,0.4,0.5,-14.6,-10.0,-5.3,-10.0,2.0,9.7,18.0,0.0,0.4,0.5,6.5,7.4,8.2,7.4,2.0,1.8,18.0,0.0,0.4,0.5,33.0,97.5,121.5,78.0,3.0,67.0,14.0,0.0,0.4,0.3,35.0,95.0,120.0,80.0,3.0,65.0,14.0,0.0,0.4,0.3
1974,2,38.0,-33.0,22.9,25.1,25.55,24.26,5.0,1.94,10.0,0.4,0.4,0.6,24.37,25.0,25.68,25.0,5.0,0.83,12.0,0.6,0.3,0.4,17.56,18.58,18.78,18.25,5.0,0.76,12.0,0.6,0.3,0.4,89.7,93.0,94.8,92.3,5.0,3.2,12.0,0.6,0.4,3.6,5.65,7.41,5.65,6.0,2.1,10.0,0.5,0.4,0.5,-5.65,-1.34,0.64,-1.99,6.0,3.71,10.0,0.5,0.4,0.5,-4.11,-1.15,2.92,-0.52,6.0,4.89,10.0,0.5,0.4,0.5,1011.86,1013.85,1015.52,1013.63,6.0,2.85,10.0,0.5,0.4,0.5,4.6,7.0,8.0,6.3,6.0,2.0,10.0,0.5,0.4,0.5,-44.8,-5.3,2.3,-15.6,6.0,25.3,10.0,0.5,0.4,0.5,-22.2,-3.1,17.8,-1.9,6.0,34.1,10.0,0.5,0.4,0.5,-2.22,-0.25,0.2,-0.97,4.0,1.86,12.0,0.5,0.3,0.5,-8.0,-0.9,1.5,-3.2,4.0,7.0,12.0,0.5,0.3,0.5,-1.08,1.24,2.14,0.56,4.0,2.59,12.0,0.5,0.3,0.5,-3.9,4.8,15.0,5.5,4.0,14.4,12.0,0.5,0.3,0.5,-81.6,-16.3,28.1,-25.0,5.0,77.1,12.0,0.6,0.3,0.4,-117.0,-88.8,90.8,-25.1,5.0,132.5,12.0,0.6,0.3,0.4,-58.4,-11.9,21.2,-17.2,5.0,55.4,12.0,0.6,0.3,0.4,-83.8,-66.0,66.4,-17.7,5.0,95.2,12.0,0.6,0.3,0.4,-12.7,-6.2,-1.6,-7.1,4.0,6.7,12.0,0.5,0.3,0.5,-12.3,-5.1,-4.4,-8.2,4.0,6.8,12.0,0.5,0.3,0.5,46.5,221.0,410.0,243.5,6.0,217.5,10.0,0.5,0.4,0.5,45.0,220.0,410.0,245.0,6.0,215.0,10.0,0.5,0.4,0.5
1974,2,38.0,-32.0,26.0,26.0,26.0,26.0,1.0,0.0,20.0,1.0,0.5,0.3,26.7,26.7,26.7,26.7,1.0,0.0,20.0,1.0,0.5,0.3,16.54,16.54,16.54,16.54,1.0,0.0,20.0,1.0,0.5,0.3,75.9,75.9,75.9,75.9,1.0,0.0,20.0,1.0,0.3,5.7,5.7,5.7,5.7,1.0,0.0,20.0,1.0,0.5,0.3,4.94,4.94,4.94,4.94,1.0,0.0,20.0,1.0,0.5,0.3,2.85,2.85,2.85,2.85,1.0,0.0,20.0,1.0,0.5,0.3,1014.5,1014.5,1014.5,1014.5,1.0,0.0,20.0,1.0,0.5,0.3,2.0,2.0,2.0,2.0,1.0,0.0,20.0,1.0,0.5,0.3,28.1,28.1,28.1,28.1,1.0,0.0,20.0,1.0,0.5,0.3,16.2,16.2,16.2,16.2,1.0,0.0,20.0,1.0,0.5,0.3,-0.7,-0.7,-0.7,-0.7,1.0,0.0,20.0,1.0,0.5,0.3,-4.0,-4.0,-4.0,-4.0,1.0,0.0,20.0,1.0,0.5,0.3,4.43,4.43,4.43,4.43,1.0,0.0,20.0,1.0,0.5,0.3,25.2,25.2,25.2,25.2,1.0,0.0,20.0,1.0,0.5,0.3,131.8,131.8,131.8,131.8,1.0,0.0,20.0,1.0,0.5,0.3,76.1,76.1,76.1,76.1,1.0,0.0,20.0,1.0,0.5,0.3,81.7,81.7,81.7,81.7,1.0,0.0,20.0,1.0,0.5,0.3,47.2,47.2,47.2,47.2,1.0,0.0,20.0,1.0,0.5,0.3,21.9,21.9,21.9,21.9,1.0,0.0,20.0,1.0,0.5,0.3,12.6,12.6,12.6,12.6,1.0,0.0,20.0,1.0,0.5,0.3,185.0,185.0,185.0,185.0,1.0,0.0,20.0,1.0,0.5,0.3,185.0,185.0,185.0,185.0,1.0,0.0,20.0,1.0,0.5,0.3
1974,2,38.0,-31.0,25.31,26.45,26.86,26.2,8.0,0.76,14.0,0.6,0.4,0.8,24.36,25.5,26.87,25.47,9.0,1.41,14.0,0.4,0.4,0.8,14.78,16.5,17.79,16.34,9.0,1.97,14.0,0.4,0.4,0.8,74.9,80.7,87.4,80.3,9.0,7.4,14.0,0.4,0.8,4.77,5.65,7.56,6.05,10.0,1.73,14.0,0.5,0.4,0.8,-6.15,-4.7,-0.37,-3.49,10.0,3.3,14.0,0.5,0.4,0.8,-1.5,-0.31,5.21,1.0,10.0,4.26,14.0,0.5,0.4,0.8,1010.76,1012.5,1016.23,1012.91,9.0,3.11,14.0,0.4,0.4,0.8,2.4,3.5,6.1,4.1,10.0,2.0,14.0,0.5,0.4,0.8,-48.4,-25.0,-1.9,-24.3,10.0,22.4,14.0,0.5,0.4,0.8,-8.4,-1.1,36.7,5.1,10.0,32.4,14.0,0.5,0.4,0.8,-0.5,0.0,1.11,0.4,7.0,1.39,12.0,0.6,0.4,0.8,-2.3,0.0,7.7,3.9,7.0,10.7,12.0,0.6,0.4,0.8,3.52,4.66,5.22,4.36,7.0,1.07,12.0,0.6,0.4,0.8,16.6,25.1,35.3,27.3,7.0,11.3,12.0,0.6,0.4,0.8,-154.5,-126.6,-29.6,-94.7,9.0,85.9,14.0,0.4,0.4,0.8,-42.5,-16.9,128.1,11.3,9.0,108.2,14.0,0.4,0.4,0.8,-95.2,-82.2,-19.2,-60.9,9.0,56.3,14.0,0.4,0.4,0.8,-26.4,-11.2,84.1,5.5,9.0,72.2,14.0,0.4,0.4,0.8,-22.9,-16.8,0.6,-14.3,7.0,15.8,12.0,0.6,0.4,0.8,-8.7,0.0,29.6,8.4,7.0,20.7,12.0,0.6,0.4,0.8,109.0,185.5,444.0,273.0,10.0,237.0,14.0,0.5,0.4,0.8,110.0,185.0,445.0,275.0,10.0,235.0,14.0,0.5,0.4,0.8
1974,2,38.0,-30.0,25.91,26.7,28.0,26.78,17.0,0.97,12.0,0.5,0.4,0.6,24.29,26.5,27.89,26.28,19.0,1.85,14.0,0.5,0.3,0.6,15.01,17.46,19.15,17.01,17.0,2.33,14.0,0.6,0.3,0.6,69.1,80.0,88.1,78.5,17.0,10.3,14.0,0.6,0.6,2.87,5.1,7.84,5.29,17.0,2.25,12.0,0.5,0.3,0.6,-5.52,-3.18,-1.77,-3.65,17.0,1.97,12.0,0.5,0.3,0.6,-4.01,-0.89,3.93,-0.1,17.0,4.1,12.0,0.5,0.3,0.6,1012.12,1014.1,1016.49,1014.28,20.0,1.9,14.0,0.6,0.3,0.6,2.0,3.5,5.6,3.8,18.0,2.3,12.0,0.5,0.3,0.6,-39.9,-15.0,-6.4,-22.0,17.0,17.6,12.0,0.5,0.3,0.6,-23.4,-2.3,21.8,0.8,17.0,31.0,12.0,0.5,0.3,0.6,-1.37,0.45,2.89,0.71,16.0,2.22,14.0,0.4,0.4,0.6,-5.6,2.2,10.7,5.0,14.0,16.1,12.0,0.4,0.4,0.6,3.41,4.7,7.61,5.31,14.0,2.35,14.0,0.5,0.4,0.6,11.4,19.6,35.5,24.0,12.0,16.1,12.0,0.5,0.4,0.6,-153.6,-79.5,-49.2,-95.1,16.0,55.2,12.0,0.5,0.4,0.6,-91.7,-11.8,105.6,0.0,16.0,102.8,12.0,0.5,0.4,0.6,-104.4,-47.0,-29.5,-62.4,14.0,40.1,12.0,0.6,0.4,0.6,-62.3,-8.2,56.9,-3.6,14.0,68.9,12.0,0.6,0.4,0.6,-25.7,-15.3,-6.1,-16.0,12.0,11.0,12.0,0.5,0.4,0.6,-8.1,-1.1,16.2,4.6,12.0,21.6,12.0,0.5,0.4,0.6,24.0,132.5,482.0,226.5,17.0,237.0,12.0,0.5,0.3,0.6,25.0,135.0,480.0,225.0,17.0,235.0,12.0,0.5,0.3,0.6
1974,2,38.0,-29.0,27.24,27.8,28.0,27.57,15.0,0.7,14.0,0.3,0.5,0.4,26.03,27.05,27.57,26.84,14.0,0.82,14.0,0.2,0.5,0.4,15.89,16.97,19.06,17.49,11.0,1.86,14.0,0.3,0.5,0.4,69.9,78.6,84.4,78.1,12.0,7.3,16.0,0.3,0.4,2.1,3.6,9.61,5.37,16.0,3.75,12.0,0.3,0.5,0.4,-7.87,-2.41,0.23,-3.53,16.0,3.91,12.0,0.3,0.5,0.4,-1.76,0.48,2.51,0.65,16.0,3.98,12.0,0.3,0.5,0.4,1012.04,1013.9,1015.58,1013.59,15.0,3.06,12.0,0.3,0.5,0.4,1.0,3.0,5.8,3.2,15.0,2.3,14.0,0.3,0.5,0.4,-74.4,-6.4,0.5,-29.2,16.0,42.2,12.0,0.3,0.5,0.4,-16.5,1.0,7.1,4.2,16.0,41.6,12.0,0.3,0.5,0.4,-0.47,0.55,1.94,0.7,14.0,1.08,14.0,0.2,0.5,0.4,-1.2,1.3,7.4,2.9,14.0,6.5,14.0,0.2,0.5,0.4,3.63,5.7,7.98,5.64,11.0,2.14,14.0,0.3,0.5,0.4,8.3,20.3,45.2,24.2,11.0,16.3,14.0,0.3,0.5,0.4,-205.6,-60.2,9.3,-79.9,14.0,97.7,14.0,0.2,0.5,0.4,-36.5,16.7,65.7,26.0,14.0,110.3,14.0,0.2,0.5,0.4,-137.7,-40.3,-15.7,-61.7,11.0,56.9,14.0,0.3,0.5,0.4,-22.2,15.1,40.1,17.9,11.0,62.0,14.0,0.3,0.5,0.4,-36.4,-15.6,-4.5,-17.8,11.0,15.4,14.0,0.3,0.5,0.4,-8.2,3.7,20.4,5.6,11.0,17.0,14.0,0.3,0.5,0.4,9.5,49.5,889.0,400.0,16.0,614.0,12.0,0.3,0.5,0.4,10.0,50.0,890.0,400.0,16.0,615.0,12.0,0.3,0.5,0.4
1974,2,38.0,-28.0,27.04,27.7,28.36,27.76,8.0,0.67,10.0,0.5,0.5,0.3,27.0,27.35,27.76,27.44,8.0,0.72,10.0,0.5,0.5,0.3,18.2,19.28,20.14,19.28,8.0,1.54,10.0,0.5,0.5,0.3,79.5,81.7,92.2,84.2,8.0,6.6,10.0,0.5,0.3,4.6,6.15,9.12,6.55,8.0,2.25,10.0,0.5,0.5,0.3,-7.95,-5.85,-2.08,-5.16,8.0,2.83,10.0,0.5,0.5,0.3,-3.82,-1.07,4.29,-0.12,8.0,3.96,10.0,0.5,0.5,0.3,1008.49,1010.75,1012.58,1010.63,8.0,2.18,10.0,0.5,0.5,0.3,3.1,4.0,6.0,4.6,8.0,1.9,10.0,0.5,0.5,0.3,-72.3,-38.3,-8.6,-39.0,8.0,30.4,10.0,0.5,0.5,0.3,-28.0,-6.8,19.7,-1.8,8.0,29.5,10.0,0.5,0.5,0.3,-0.53,0.05,1.23,0.33,8.0,0.92,10.0,0.5,0.5,0.3,-3.3,0.3,6.5,3.0,8.0,7.4,10.0,0.5,0.5,0.3,2.63,4.35,5.04,4.12,8.0,2.21,10.0,0.5,0.5,0.3,15.9,22.0,45.4,29.6,8.0,23.9,10.0,0.5,0.5,0.3,-218.3,-158.8,-56.7,-141.7,8.0,78.1,10.0,0.5,0.5,0.3,-103.2,-30.3,118.6,-3.8,8.0,107.8,10.0,0.5,0.5,0.3,-143.1,-111.9,-39.0,-97.2,8.0,51.0,10.0,0.5,0.5,0.3,-75.4,-20.5,82.5,-1.5,8.0,76.5,10.0,0.5,0.5,0.3,-39.7,-20.5,-7.9,-24.8,8.0,22.0,10.0,0.5,0.5,0.3,-14.8,-4.8,12.2,-0.5,8.0,19.6,10.0,0.5,0.5,0.3,97.5,253.0,766.0,371.5,8.0,342.0,10.0,0.5,0.5,0.3,95.0,255.0,765.0,370.0,8.0,340.0,10.0,0.5,0.5,0.3
1974,2,38.0,-27.0,28.5,28.7,28.9,28.7,2.0,0.42,16.0,1.0,0.4,0.7,26.41,27.5,28.18,27.3,3.0,1.31,18.0,0.7,0.3,0.6,17.92,18.08,18.24,18.08,2.0,0.33,12.0,0.5,0.2,0.4,76.9,80.4,83.9,80.4,2.0,7.3,12.0,0.5,0.4,5.17,6.4,7.63,6.4,2.0,2.55,12.0,0.5,0.2,0.4,-7.04,-5.61,-4.19,-5.61,2.0,2.96,12.0,0.5,0.2,0.4,-2.93,-2.88,-2.83,-2.88,2.0,0.11,12.0,0.5,0.2,0.4,1011.14,1012.1,1012.17,1011.67,3.0,0.84,18.0,0.7,0.3,0.6,3.0,5.0,7.0,5.0,2.0,4.2,16.0,1.0,0.4,0.7,-55.7,-39.7,-23.7,-39.7,2.0,33.2,12.0,0.5,0.2,0.4,-21.5,-18.3,-15.1,-18.3,2.0,6.6,12.0,0.5,0.2,0.4,0.56,0.7,0.84,0.7,2.0,0.28,16.0,1.0,0.4,0.7,2.3,2.3,2.3,2.3,1.0,0.0,4.0,1.0,0.2,0.4,6.84,6.84,6.84,6.84,1.0,0.0,4.0,1.0,0.2,0.4,31.5,31.5,31.5,31.5,1.0,0.0,4.0,1.0,0.2,0.4,-183.8,-150.0,-116.2,-150.0,2.0,70.1,12.0,0.5,0.2,0.4,-82.4,-78.5,-74.5,-78.5,2.0,8.2,12.0,0.5,0.2,0.4,-126.0,-101.0,-76.1,-101.0,2.0,51.6,12.0,0.5,0.2,0.4,-53.5,-52.1,-50.7,-52.1,2.0,2.9,12.0,0.5,0.2,0.4,-24.1,-24.1,-24.1,-24.1,1.0,0.0,4.0,1.0,0.2,0.4,-20.2,-20.2,-20.2,-20.2,1.0,0.0,4.0,1.0,0.2,0.4,169.5,324.5,479.5,324.5,2.0,321.0,12.0,0.5,0.2,0.4,170.0,325.0,480.0,325.0,2.0,320.0,12.0,0.5,0.2,0.4
1974,2,38.0,-26.0,26.07,27.9,28.1,27.13,4.0,1.76,18.0,0.0,0.4,0.6,25.82,27.0,27.87,26.85,4.0,1.3,18.0,0.0,0.4,0.6,16.33,16.97,18.01,17.16,3.0,1.24,22.0,0.0,0.3,0.6,76.5,80.8,83.7,80.1,3.0,5.3,22.0,0.0,0.6,4.55,6.85,8.99,6.78,4.0,3.35,18.0,0.0,0.4,0.6,-8.03,-5.44,-2.93,-5.48,4.0,3.27,18.0,0.0,0.4,0.6,-2.2,1.57,5.27,1.54,4.0,4.31,18.0,0.0,0.4,0.6,1009.52,1013.65,1014.43,1012.05,4.0,4.15,18.0,0.0,0.4,0.6,2.0,4.5,6.0,4.0,4.0,2.4,18.0,0.0,0.4,0.6,-74.8,-37.4,-16.0,-45.1,4.0,41.0,18.0,0.0,0.4,0.6,-11.2,14.6,46.9,17.7,4.0,34.8,18.0,0.0,0.4,0.6,-1.57,0.75,2.08,0.28,4.0,2.43,18.0,0.0,0.4,0.6,-4.1,8.1,16.8,6.5,4.0,12.4,18.0,0.0,0.4,0.6,2.5,6.4,7.21,4.89,3.0,3.69,22.0,0.0,0.3,0.6,14.8,42.9,69.5,42.2,3.0,40.1,22.0,0.0,0.3,0.6,-218.2,-147.0,-75.7,-147.0,4.0,88.2,18.0,0.0,0.4,0.6,-61.4,37.3,136.5,37.5,4.0,114.2,18.0,0.0,0.4,0.6,-125.6,-73.1,-44.3,-84.6,3.0,60.4,22.0,0.0,0.3,0.6,2.3,86.6,86.9,45.6,3.0,71.4,22.0,0.0,0.3,0.6,-57.2,-27.6,-9.5,-33.2,3.0,35.2,22.0,0.0,0.3,0.6,9.5,32.8,38.4,24.1,3.0,22.5,22.0,0.0,0.3,0.6,152.5,322.0,823.5,480.5,4.0,539.5,18.0,0.0,0.4,0.6,150.0,320.0,825.0,480.0,4.0,540.0,18.0,0.0,0.4,0.6
1974,2,38.0,-25.0,28.0,28.8,29.87,28.44,15.0,1.51,18.0,0.5,0.4,0.6,27.07,28.2,28.6,27.99,15.0,0.76,18.0,0.5,0.4,0.6,16.31,17.65,19.54,17.9,13.0,1.67,18.0,0.6,0.4,0.6,67.8,74.6,82.1,76.2,13.0,7.5,18.0,0.6,0.6,3.82,5.1,6.09,5.29,15.0,1.65,18.0,0.5,0.4,0.6,-5.22,-4.7,-2.99,-3.96,15.0,1.99,18.0,0.5,0.4,0.6,-1.71,1.71,4.17,1.35,15.0,3.17,18.0,0.5,0.4,0.6,1009.78,1012.5,1014.6,1012.19,15.0,2.44,18.0,0.5,0.4,0.6,1.0,3.0,5.1,3.0,13.0,1.9,18.0,0.5,0.3,0.6,-30.0,-23.5,-11.6,-22.8,15.0,16.4,18.0,0.5,0.4,0.6,-9.6,4.5,33.1,8.8,15.0,21.1,18.0,0.5,0.4,0.6,-0.23,0.6,1.88,0.45,15.0,1.76,18.0,0.5,0.4,0.6,-2.0,2.7,9.9,3.1,15.0,8.0,18.0,0.5,0.4,0.6,4.33,7.35,7.81,6.22,13.0,2.36,18.0,0.6,0.4,0.6,16.2,37.1,48.3,33.7,13.0,16.1,18.0,0.6,0.4,0.6,-144.1,-129.8,-84.4,-111.3,15.0,55.8,18.0,0.5,0.4,0.6,-48.3,48.9,117.7,36.6,15.0,88.0,18.0,0.5,0.4,0.6,-102.3,-88.6,-41.3,-73.1,13.0,41.7,18.0,0.6,0.4,0.6,-19.9,30.1,86.3,29.2,13.0,52.2,18.0,0.6,0.4,0.6,-37.1,-31.1,0.0,-23.5,13.0,15.1,18.0,0.6,0.4,0.6,-6.5,7.8,30.5,10.6,13.0,23.3,18.0,0.6,0.4,0.6,58.0,132.5,226.5,190.0,15.0,180.0,18.0,0.5,0.4,0.6,60.0,135.0,225.0,190.0,15.0,180.0,18.0,0.5,0.4,0.6
1974,2,38.0,-24.0,28.34,29.0,29.31,28.93,10.0,0.64,14.0,0.6,0.6,0.6,28.0,28.4,29.48,28.84,11.0,1.06,16.0,0.6,0.6,0.6,17.3,18.8,20.81,19.08,9.0,2.15,14.0,0.8,0.6,0.6,68.4,77.5,82.1,76.1,9.0,8.4,14.0,0.8,0.6,3.24,5.1,6.59,5.15,10.0,2.29,16.0,0.7,0.6,0.6,-6.39,-4.01,-1.11,-4.15,10.0,3.02,16.0,0.7,0.6,0.6,-1.57,0.87,2.77,0.79,10.0,2.4,16.0,0.7,0.6,0.6,1009.18,1010.0,1013.59,1010.82,11.0,2.0,16.0,0.6,0.6,0.6,2.0,4.0,5.8,3.8,11.0,2.1,16.0,0.6,0.6,0.6,-43.8,-19.1,-2.9,-26.7,10.0,30.2,16.0,0.7,0.6,0.6,-9.7,2.2,17.1,4.1,10.0,12.9,16.0,0.7,0.6,0.6,-0.56,0.65,1.0,0.15,10.0,1.17,14.0,0.6,0.6,0.6,-2.2,2.6,6.3,1.1,9.0,6.0,14.0,0.7,0.6,0.6,4.71,5.56,8.37,6.23,8.0,2.04,14.0,0.8,0.6,0.6,13.1,27.0,42.7,27.7,8.0,14.6,14.0,0.8,0.6,0.6,-184.9,-121.3,-31.6,-120.0,10.0,86.2,16.0,0.7,0.6,0.6,-44.8,24.2,81.0,22.0,10.0,70.1,16.0,0.7,0.6,0.6,-93.2,-77.4,-13.2,-68.8,9.0,49.6,14.0,0.8,0.6,0.6,-32.2,0.0,52.0,9.9,9.0,45.8,14.0,0.8,0.6,0.6,-30.6,-18.0,-1.4,-18.9,8.0,15.3,14.0,0.8,0.6,0.6,-9.0,4.9,24.9,8.7,8.0,19.0,14.0,0.8,0.6,0.6,39.5,132.5,318.0,218.0,10.0,301.5,16.0,0.7,0.6,0.6,40.0,135.0,320.0,220.0,10.0,300.0,16.0,0.7,0.6,0.6
1974,2,38.0,-23.0,28.54,29.0,29.87,28.97,15.0,1.01,12.0,0.8,0.4,0.6,27.69,28.1,29.16,28.35,15.0,0.87,12.0,0.8,0.4,0.6,17.88,18.44,19.63,18.77,12.0,1.33,14.0,0.8,0.4,0.6,73.3,77.7,84.1,78.2,12.0,6.5,14.0,0.8,0.6,2.66,4.35,9.96,5.59,14.0,3.2,14.0,0.8,0.4,0.5,-9.06,-4.05,-2.48,-5.04,14.0,2.94,14.0,0.8,0.4,0.5,-3.41,0.44,1.79,-0.15,14.0,2.82,14.0,0.8,0.4,0.5,1006.73,1009.8,1013.21,1009.65,15.0,3.46,12.0,0.8,0.4,0.6,2.0,4.0,6.0,4.1,13.0,1.9,14.0,0.8,0.4,0.6,-84.6,-16.4,-6.7,-36.7,14.0,37.0,14.0,0.8,0.4,0.5,-34.6,1.2,14.5,-5.3,14.0,24.3,14.0,0.8,0.4,0.5,-0.5,1.0,1.4,0.61,15.0,1.16,12.0,0.8,0.4,0.6,-4.8,4.3,9.3,2.7,14.0,6.0,14.0,0.8,0.4,0.5,5.27,6.75,7.85,6.45,12.0,1.89,14.0,0.8,0.4,0.6,20.3,27.5,55.8,35.0,11.0,21.4,14.0,0.7,0.4,0.6,-244.8,-112.6,-69.7,-142.1,14.0,81.6,14.0,0.8,0.4,0.5,-95.6,12.0,53.0,-4.4,14.0,81.0,14.0,0.8,0.4,0.5,-171.9,-86.1,-50.9,-99.3,11.0,54.3,14.0,0.7,0.4,0.6,-43.9,16.4,46.1,9.3,11.0,46.0,14.0,0.7,0.4,0.6,-50.4,-22.4,-18.7,-31.8,11.0,20.3,14.0,0.7,0.4,0.6,-15.9,7.2,17.1,2.1,11.0,16.6,14.0,0.7,0.4,0.6,19.5,83.0,987.5,347.0,14.0,441.5,14.0,0.8,0.4,0.5,20.0,85.0,990.0,345.0,14.0,440.0,14.0,0.8,0.4,0.5
1974,2,38.0,-22.0,28.37,29.0,29.74,29.08,24.0,0.7,14.0,0.5,0.4,0.5,27.45,28.0,28.85,28.2,23.0,1.12,14.0,0.4,0.4,0.5,16.25,17.27,19.85,18.07,16.0,2.04,14.0,0.4,0.3,0.5,69.4,74.6,82.7,75.7,16.0,7.1,14.0,0.4,0.5,2.67,4.6,8.17,5.29,21.0,3.01,14.0,0.4,0.4,0.5,-5.54,-4.04,-1.94,-3.85,21.0,1.86,14.0,0.4,0.4,0.5,-1.69,0.52,3.55,1.04,21.0,4.28,14.0,0.4,0.4,0.5,1008.36,1009.9,1013.11,1010.3,24.0,2.54,14.0,0.5,0.4,0.5,1.0,3.0,6.0,3.4,23.0,2.4,14.0,0.4,0.4,0.5,-49.6,-20.8,-5.5,-24.0,21.0,20.0,14.0,0.4,0.4,0.5,-9.7,1.4,14.7,12.1,21.0,43.8,14.0,0.4,0.4,0.5,0.4,1.0,1.65,0.93,23.0,1.0,14.0,0.4,0.4,0.5,1.4,4.7,9.2,6.1,20.0,7.3,16.0,0.4,0.4,0.5,5.02,7.55,8.99,7.3,16.0,1.85,14.0,0.4,0.3,0.5,22.9,26.0,40.2,39.3,14.0,29.6,16.0,0.4,0.4,0.4,-155.1,-116.7,-63.9,-111.0,20.0,51.2,16.0,0.4,0.4,0.5,-48.2,10.6,101.1,28.2,20.0,121.8,16.0,0.4,0.4,0.5,-92.1,-78.0,-40.6,-73.4,14.0,28.7,16.0,0.4,0.4,0.4,-35.6,6.0,46.9,19.0,14.0,74.1,16.0,0.4,0.4,0.4,-38.5,-24.8,-16.8,-27.6,14.0,12.2,16.0,0.4,0.4,0.4,-11.0,2.3,19.0,12.5,14.0,37.5,16.0,0.4,0.4,0.4,19.0,97.5,544.5,306.5,21.0,500.5,14.0,0.4,0.4,0.5,20.0,95.0,545.0,305.0,21.0,500.0,14.0,0.4,0.4,0.5
1974,2,38.0,-21.0,28.0,29.0,30.0,28.93,47.0,1.08,14.0,0.5,0.4,0.7,27.3,28.0,29.35,28.39,47.0,1.29,14.0,0.5,0.4,0.7,17.46,18.12,20.15,18.64,35.0,1.59,12.0,0.5,0.4,0.7,72.3,75.4,84.9,77.5,35.0,7.9,12.0,0.5,0.7,0.14,3.35,5.96,3.72,46.0,2.74,14.0,0.5,0.4,0.7,-4.84,-2.25,0.0,-2.8,46.0,2.58,14.0,0.5,0.4,0.7,-1.73,0.0,2.92,0.45,46.0,2.61,14.0,0.5,0.4,0.7,1007.69,1009.8,1011.64,1009.63,49.0,2.33,14.0,0.5,0.4,0.7,2.0,4.0,6.0,4.1,46.0,2.1,12.0,0.5,0.4,0.7,-24.3,-7.5,0.0,-16.7,46.0,25.0,14.0,0.5,0.4,0.7,-6.2,0.0,12.8,0.6,46.0,17.8,14.0,0.5,0.4,0.7,-0.3,0.5,1.5,0.5,45.0,1.17,14.0,0.5,0.4,0.7,-0.3,0.7,5.6,2.7,42.0,6.0,14.0,0.5,0.4,0.7,4.66,6.65,8.29,6.52,34.0,1.87,12.0,0.5,0.4,0.7,9.1,19.2,34.9,22.9,31.0,17.8,14.0,0.5,0.4,0.7,-130.2,-64.5,0.0,-80.8,44.0,72.3,14.0,0.5,0.4,0.7,-53.5,0.0,85.3,12.9,44.0,75.0,14.0,0.5,0.4,0.7,-86.7,-40.2,-14.1,-50.1,32.0,43.0,14.0,0.5,0.4,0.7,-24.1,10.7,55.7,11.7,32.0,47.5,14.0,0.5,0.4,0.7,-21.0,-15.0,-3.3,-17.0,31.0,16.5,14.0,0.5,0.4,0.7,-10.6,0.0,21.8,4.5,31.0,16.3,14.0,0.5,0.4,0.7,0.0,38.0,211.5,148.0,46.0,285.0,14.0,0.5,0.4,0.7,0.0,40.0,210.0,150.0,46.0,285.0,14.0,0.5,0.4,0.7
1974,2,38.0,-20.0,27.73,28.3,29.23,28.38,43.0,1.01,14.0,0.4,0.7,0.5,26.2,27.9,28.73,27.64,43.0,1.34,14.0,0.4,0.6,0.5,17.53,18.48,19.74,18.7,33.0,1.33,14.0,0.5,0.6,0.5,72.8,81.9,88.1,81.0,33.0,7.7,14.0,0.5,0.5,1.03,3.1,5.7,3.47,39.0,2.16,14.0,0.4,0.6,0.5,-3.74,-1.3,0.0,-1.78,39.0,2.09,14.0,0.4,0.6,0.5,-3.05,0.0,2.67,-0.04,39.0,3.07,14.0,0.4,0.6,0.5,1006.36,1009.55,1011.64,1009.19,44.0,2.39,14.0,0.4,0.6,0.5,2.0,4.0,7.0,4.6,40.0,2.2,14.0,0.4,0.6,0.5,-15.7,-4.5,0.0,-8.8,39.0,14.1,14.0,0.4,0.6,0.5,-12.7,0.0,8.2,-0.8,39.0,16.9,14.0,0.4,0.6,0.5,-0.3,0.7,2.6,0.75,42.0,1.42,14.0,0.4,0.6,0.6,-0.6,1.5,9.6,3.3,38.0,7.3,14.0,0.4,0.6,0.5,3.91,5.59,7.4,5.56,33.0,1.87,14.0,0.5,0.6,0.5,0.6,14.1,35.0,17.6,29.0,14.0,14.0,0.6,0.6,0.5,-108.1,-35.7,0.0,-49.3,39.0,56.9,14.0,0.4,0.6,0.5,-81.9,0.0,76.1,-0.1,39.0,83.5,14.0,0.4,0.6,0.5,-52.4,-18.5,0.0,-25.4,29.0,36.5,14.0,0.6,0.6,0.5,-62.9,0.0,45.9,0.3,29.0,55.0,14.0,0.6,0.6,0.5,-16.4,-3.5,0.0,-7.4,29.0,12.0,14.0,0.6,0.6,0.5,-13.7,0.0,13.7,-1.0,29.0,17.7,14.0,0.6,0.6,0.5,1.5,30.0,185.0,91.0,39.0,126.0,14.0,0.4,0.6,0.5,0.0,30.0,185.0,90.0,39.0,125.0,14.0,0.4,0.6,0.5
1974,2,38.0,-19.0,28.0,28.9,29.05,28.76,7.0,0.69,18.0,0.7,0.6,0.3,27.49,28.4,29.03,28.06,7.0,1.46,18.0,0.7,0.6,0.3,17.75,18.33,18.92,18.36,5.0,0.64,18.0,1.0,0.5,0.3,73.3,74.1,78.5,75.8,5.0,3.4,18.0,1.0,0.3,2.1,4.6,8.0,4.64,7.0,2.51,18.0,0.7,0.6,0.3,-3.15,-1.97,0.95,-1.42,7.0,3.67,18.0,0.7,0.6,0.3,-0.73,1.39,4.71,2.34,7.0,3.04,18.0,0.7,0.6,0.3,1009.85,1011.45,1011.88,1010.93,6.0,1.37,18.0,0.8,0.6,0.3,2.0,4.0,6.0,4.0,7.0,2.2,18.0,0.7,0.6,0.3,-11.6,-4.1,5.0,-6.4,7.0,28.4,18.0,0.7,0.6,0.3,-1.6,11.1,22.8,15.0,7.0,20.5,18.0,0.7,0.6,0.3,-0.71,0.4,1.09,0.7,7.0,1.93,18.0,0.7,0.6,0.3,-1.8,1.1,5.8,5.1,7.0,15.2,18.0,0.7,0.6,0.3,5.73,5.95,6.99,6.29,5.0,0.71,18.0,1.0,0.5,0.3,14.1,18.4,28.0,20.7,5.0,8.0,18.0,1.0,0.5,0.3,-86.0,-56.0,26.5,-36.5,7.0,97.5,18.0,0.7,0.6,0.3,-20.8,35.0,136.6,66.6,7.0,87.3,18.0,0.7,0.6,0.3,-43.0,-35.0,5.5,-21.9,5.0,28.1,18.0,1.0,0.5,0.3,-15.0,13.8,84.5,30.3,5.0,51.1,18.0,1.0,0.5,0.3,-15.4,-11.4,1.6,-7.7,5.0,9.5,18.0,1.0,0.5,0.3,-5.6,4.2,27.8,9.9,5.0,17.6,18.0,1.0,0.5,0.3,9.5,97.5,512.0,181.0,7.0,229.0,18.0,0.7,0.6,0.3,10.0,95.0,510.0,180.0,7.0,230.0,18.0,0.7,0.6,0.3
1974,2,38.0,20.0,25.03,25.1,25.1,25.07,3.0,0.06,12.0,0.3,0.6,0.7,22.81,23.9,24.38,23.6,3.0,1.18,18.0,0.3,0.7,0.6,14.33,15.25,16.23,15.28,3.0,1.39,18.0,0.3,0.7,0.6,82.6,83.1,85.4,84.0,3.0,2.2,18.0,0.3,0.6,2.6,4.9,8.56,5.55,4.0,3.57,16.0,0.3,0.7,0.6,-0.09,1.28,2.37,1.15,4.0,1.9,16.0,0.3,0.7,0.6,-8.2,-2.42,2.25,-2.95,4.0,6.07,16.0,0.3,0.7,0.6,1010.73,1012.2,1013.25,1012.0,4.0,1.97,16.0,0.3,0.7,0.6,0.0,0.0,0.5,0.2,4.0,0.5,16.0,0.3,0.7,0.6,-0.2,6.2,21.5,10.5,4.0,15.8,16.0,0.3,0.7,0.6,-71.6,-22.6,5.9,-32.4,4.0,47.0,16.0,0.3,0.7,0.6,0.87,1.65,2.43,1.65,2.0,1.63,14.0,0.5,0.7,0.6,4.3,10.7,17.2,10.7,2.0,13.3,14.0,0.5,0.7,0.6,3.66,4.6,5.53,4.6,2.0,1.94,14.0,0.5,0.7,0.6,13.9,25.7,37.5,25.7,2.0,24.5,14.0,0.5,0.7,0.6,-13.0,27.9,63.5,25.3,3.0,56.1,18.0,0.3,0.7,0.6,-200.4,-158.1,-12.4,-107.6,3.0,144.5,18.0,0.3,0.7,0.6,-9.3,17.4,40.4,15.6,3.0,36.4,18.0,0.3,0.7,0.6,-127.1,-98.6,-5.6,-67.1,3.0,93.1,18.0,0.3,0.7,0.6,-2.3,1.6,5.6,1.6,2.0,8.2,14.0,0.5,0.7,0.6,-34.5,-17.5,-0.6,-17.5,2.0,35.1,14.0,0.5,0.7,0.6,17.5,195.5,671.0,337.5,4.0,436.0,16.0,0.3,0.7,0.6,20.0,195.0,670.0,335.0,4.0,435.0,16.0,0.3,0.7,0.6
1974,2,38.0,21.0,24.8,24.8,24.8,24.8,1.0,0.0,10.0,0.0,0.2,0.4,24.5,24.5,24.5,24.5,1.0,0.0,10.0,0.0,0.2,0.4,15.8,15.8,15.8,15.8,1.0,0.0,10.0,0.0,0.2,0.4,82.4,82.4,82.4,82.4,1.0,0.0,10.0,0.0,0.4,2.6,2.6,2.6,2.6,1.0,0.0,10.0,0.0,0.2,0.4,1.67,1.67,1.67,1.67,1.0,0.0,10.0,0.0,0.2,0.4,-1.99,-1.99,-1.99,-1.99,1.0,0.0,10.0,0.0,0.2,0.4,1010.9,1010.9,1010.9,1010.9,1.0,0.0,10.0,0.0,0.2,0.4,7.0,7.0,7.0,7.0,1.0,0.0,10.0,0.0,0.2,0.4,4.3,4.3,4.3,4.3,1.0,0.0,10.0,0.0,0.2,0.4,-5.2,-5.2,-5.2,-5.2,1.0,0.0,10.0,0.0,0.2,0.4,0.3,0.3,0.3,0.3,1.0,0.0,10.0,0.0,0.2,0.4,0.8,0.8,0.8,0.8,1.0,0.0,10.0,0.0,0.2,0.4,3.78,3.78,3.78,3.78,1.0,0.0,10.0,0.0,0.2,0.4,9.8,9.8,9.8,9.8,1.0,0.0,10.0,0.0,0.2,0.4,40.9,40.9,40.9,40.9,1.0,0.0,10.0,0.0,0.2,0.4,-48.8,-48.8,-48.8,-48.8,1.0,0.0,10.0,0.0,0.2,0.4,26.4,26.4,26.4,26.4,1.0,0.0,10.0,0.0,0.2,0.4,-31.5,-31.5,-31.5,-31.5,1.0,0.0,10.0,0.0,0.2,0.4,6.3,6.3,6.3,6.3,1.0,0.0,10.0,0.0,0.2,0.4,-7.5,-7.5,-7.5,-7.5,1.0,0.0,10.0,0.0,0.2,0.4,17.5,17.5,17.5,17.5,1.0,0.0,10.0,0.0,0.2,0.4,20.0,20.0,20.0,20.0,1.0,0.0,10.0,0.0,0.2,0.4
1974,2,38.0,22.0,25.0,25.0,25.0,25.0,1.0,0.0,8.0,1.0,0.3,0.2,24.6,24.6,24.6,24.6,1.0,0.0,8.0,1.0,0.3,0.2,16.38,16.38,16.38,16.38,1.0,0.0,8.0,1.0,0.3,0.2,84.9,84.9,84.9,84.9,1.0,0.0,8.0,1.0,0.2,4.6,4.6,4.6,4.6,1.0,0.0,8.0,1.0,0.3,0.2,0.8,0.8,0.8,0.8,1.0,0.0,8.0,1.0,0.3,0.2,-4.53,-4.53,-4.53,-4.53,1.0,0.0,8.0,1.0,0.3,0.2,1012.0,1012.0,1012.0,1012.0,1.0,0.0,8.0,1.0,0.3,0.2,7.0,7.0,7.0,7.0,1.0,0.0,8.0,1.0,0.3,0.2,3.7,3.7,3.7,3.7,1.0,0.0,8.0,1.0,0.3,0.2,-20.8,-20.8,-20.8,-20.8,1.0,0.0,8.0,1.0,0.3,0.2,0.4,0.4,0.4,0.4,1.0,0.0,8.0,1.0,0.3,0.2,1.8,1.8,1.8,1.8,1.0,0.0,8.0,1.0,0.3,0.2,3.41,3.41,3.41,3.41,1.0,0.0,8.0,1.0,0.3,0.2,15.7,15.7,15.7,15.7,1.0,0.0,8.0,1.0,0.3,0.2,19.7,19.7,19.7,19.7,1.0,0.0,8.0,1.0,0.3,0.2,-111.4,-111.4,-111.4,-111.4,1.0,0.0,8.0,1.0,0.3,0.2,13.1,13.1,13.1,13.1,1.0,0.0,8.0,1.0,0.3,0.2,-74.2,-74.2,-74.2,-74.2,1.0,0.0,8.0,1.0,0.3,0.2,2.7,2.7,2.7,2.7,1.0,0.0,8.0,1.0,0.3,0.2,-15.5,-15.5,-15.5,-15.5,1.0,0.0,8.0,1.0,0.3,0.2,97.5,97.5,97.5,97.5,1.0,0.0,8.0,1.0,0.3,0.2,95.0,95.0,95.0,95.0,1.0,0.0,8.0,1.0,0.3,0.2
1974,2,38.0,23.0,22.6,22.6,22.6,22.6,1.0,0.0,2.0,0.0,0.5,0.3,20.0,20.0,20.0,20.0,1.0,0.0,2.0,0.0,0.5,0.3,8.49,8.49,8.49,8.49,1.0,0.0,2.0,0.0,0.5,0.3,58.8,58.8,58.8,58.8,1.0,0.0,2.0,0.0,0.3,5.1,5.1,5.1,5.1,1.0,0.0,2.0,0.0,0.5,0.3,0.89,0.89,0.89,0.89,1.0,0.0,2.0,0.0,0.5,0.3,-5.02,-5.02,-5.02,-5.02,1.0,0.0,2.0,0.0,0.5,0.3,1016.1,1016.1,1016.1,1016.1,1.0,0.0,2.0,0.0,0.5,0.3,1.0,1.0,1.0,1.0,1.0,0.0,2.0,0.0,0.5,0.3,4.5,4.5,4.5,4.5,1.0,0.0,2.0,0.0,0.5,0.3,-25.6,-25.6,-25.6,-25.6,1.0,0.0,2.0,0.0,0.5,0.3,2.6,2.6,2.6,2.6,1.0,0.0,2.0,0.0,0.5,0.3,13.3,13.3,13.3,13.3,1.0,0.0,2.0,0.0,0.5,0.3,8.54,8.54,8.54,8.54,1.0,0.0,2.0,0.0,0.5,0.3,43.6,43.6,43.6,43.6,1.0,0.0,2.0,0.0,0.5,0.3,17.7,17.7,17.7,17.7,1.0,0.0,2.0,0.0,0.5,0.3,-100.5,-100.5,-100.5,-100.5,1.0,0.0,2.0,0.0,0.5,0.3,7.5,7.5,7.5,7.5,1.0,0.0,2.0,0.0,0.5,0.3,-42.7,-42.7,-42.7,-42.7,1.0,0.0,2.0,0.0,0.5,0.3,7.6,7.6,7.6,7.6,1.0,0.0,2.0,0.0,0.5,0.3,-42.9,-42.9,-42.9,-42.9,1.0,0.0,2.0,0.0,0.5,0.3,132.5,132.5,132.5,132.5,1.0,0.0,2.0,0.0,0.5,0.3,135.0,135.0,135.0,135.0,1.0,0.0,2.0,0.0,0.5,0.3
1974,2,38.0,41.0,,,,,,,,,,,,,,,,,,,,,,,,,,,,,,,,,,,,,,,,7.0,7.0,7.0,7.0,1.0,0.0,28.0,0.0,0.7,0.9,4.5,4.5,4.5,4.5,1.0,0.0,28.0,0.0,0.7,0.9,-5.36,-5.36,-5.36,-5.36,1.0,0.0,28.0,0.0,0.7,0.9,1020.6,1020.6,1020.6,1020.6,1.0,0.0,28.0,0.0,0.7,0.9,,,,,,,,,,,,,,,,,,,,,,,,,,,,,,,,,,,,,,,,,,,,,,,,,,,,,,,,,,,,,,,,,,,,,,,,,,,,,,,,,,,,,,,,,,,,,,,,,,,,,,,,,,,,,,,,,,,,,,,,,,,,,,,,,,,,,,,,,,,,,,,,,,,,,,
1974,2,38.0,42.0,,,,,,,,,,,,,,,,,,,,,,,,,,,,,,,,,,,,,,,,5.75,9.5,13.25,9.5,2.0,7.78,16.0,0.0,0.1,0.4,-0.93,5.17,11.26,5.17,2.0,12.62,16.0,0.0,0.1,0.4,-4.53,-3.25,-1.97,-3.25,2.0,2.66,16.0,0.0,0.1,0.4,1027.98,1028.15,1028.32,1028.15,2.0,0.35,16.0,0.0,0.1,0.4,,,,,,,,,,,,,,,,,,,,,,,,,,,,,,,,,,,,,,,,,,,,,,,,,,,,,,,,,,,,,,,,,,,,,,,,,,,,,,,,,,,,,,,,,,,,,,,,,,,,,,,,,,,,,,,,,,,,,,,,,,,,,,,,,,,,,,,,,,,,,,,,,,,,,,
1974,2,38.0,43.0,,,,,,,,,,,,,,,,,,,,,,,,,,,,,,,,,,,,,,,,4.0,4.0,4.0,4.0,1.0,0.0,26.0,1.0,0.1,0.8,-2.0,-2.0,-2.0,-2.0,1.0,0.0,26.0,1.0,0.1,0.8,-3.46,-3.46,-3.46,-3.46,1.0,0.0,26.0,1.0,0.1,0.8,1007.8,1007.8,1007.8,1007.8,1.0,0.0,26.0,1.0,0.1,0.8,,,,,,,,,,,,,,,,,,,,,,,,,,,,,,,,,,,,,,,,,,,,,,,,,,,,,,,,,,,,,,,,,,,,,,,,,,,,,,,,,,,,,,,,,,,,,,,,,,,,,,,,,,,,,,,,,,,,,,,,,,,,,,,,,,,,,,,,,,,,,,,,,,,,,,
1974,2,38.0,45.0,,,,,,,,,,,,,,,,,,,,,,,,,,,,,,,,,,,,,,,,3.1,3.1,3.1,3.1,1.0,0.0,12.0,1.0,0.8,0.8,-1.99,-1.99,-1.99,-1.99,1.0,0.0,12.0,1.0,0.8,0.8,2.37,2.37,2.37,2.37,1.0,0.0,12.0,1.0,0.8,0.8,1021.2,1021.2,1021.2,1021.2,1.0,0.0,12.0,1.0,0.8,0.8,,,,,,,,,,,,,,,,,,,,,,,,,,,,,,,,,,,,,,,,,,,,,,,,,,,,,,,,,,,,,,,,,,,,,,,,,,,,,,,,,,,,,,,,,,,,,,,,,,,,,,,,,,,,,,,,,,,,,,,,,,,,,,,,,,,,,,,,,,,,,,,,,,,,,,
1974,2,38.0,69.0,1.46,1.6,1.74,1.6,2.0,0.28,24.0,0.0,0.4,0.5,-1.68,-1.65,-1.62,-1.65,2.0,0.07,24.0,0.0,0.4,0.5,2.81,2.81,2.81,2.81,2.0,0.0,24.0,0.0,0.4,0.5,83.8,84.0,84.2,84.0,2.0,0.4,24.0,0.0,0.5,13.9,13.9,13.9,13.9,2.0,0.0,24.0,0.0,0.4,0.5,11.03,11.85,12.68,11.85,2.0,1.71,24.0,0.0,0.4,0.5,5.42,6.84,8.27,6.84,2.0,2.96,24.0,0.0,0.4,0.5,1012.55,1013.3,1014.05,1013.3,2.0,1.56,24.0,0.0,0.4,0.5,3.2,3.5,3.8,3.5,2.0,0.7,24.0,0.0,0.4,0.5,153.3,164.8,176.2,164.8,2.0,23.7,24.0,0.0,0.4,0.5,75.3,95.1,115.0,95.1,2.0,41.1,24.0,0.0,0.4,0.5,3.08,3.25,3.42,3.25,2.0,0.35,24.0,0.0,0.4,0.5,42.8,45.2,47.5,45.2,2.0,4.9,24.0,0.0,0.4,0.5,1.39,1.43,1.47,1.43,2.0,0.08,24.0,0.0,0.4,0.5,19.3,19.9,20.4,19.9,2.0,1.2,24.0,0.0,0.4,0.5,-21.4,-19.6,-17.9,-19.6,2.0,3.7,24.0,0.0,0.4,0.5,-13.3,-11.2,-9.1,-11.2,2.0,4.4,24.0,0.0,0.4,0.5,31.0,33.3,35.6,33.3,2.0,4.7,24.0,0.0,0.4,0.5,15.2,19.2,23.3,19.2,2.0,8.3,24.0,0.0,0.4,0.5,15.4,17.0,18.7,17.0,2.0,3.4,24.0,0.0,0.4,0.5,7.9,9.7,11.4,9.7,2.0,3.7,24.0,0.0,0.4,0.5,2685.5,2685.5,2685.5,2685.5,2.0,0.0,24.0,0.0,0.4,0.5,2685.0,2685.0,2685.0,2685.0,2.0,0.0,24.0,0.0,0.4,0.5
1974,2,38.0,70.0,0.92,1.5,2.18,1.55,4.0,0.98,18.0,0.3,0.1,0.7,-2.47,1.25,1.72,-0.3,4.0,3.69,18.0,0.3,0.1,0.7,2.19,3.37,3.72,2.96,3.0,1.17,16.0,0.3,0.1,0.7,71.2,81.0,85.3,78.3,3.0,10.5,16.0,0.3,0.7,7.41,8.45,10.9,9.13,4.0,2.66,18.0,0.3,0.1,0.7,1.3,6.24,10.24,5.8,4.0,5.77,18.0,0.3,0.1,0.7,-6.67,-1.08,3.73,-1.46,4.0,6.09,18.0,0.3,0.1,0.7,1002.08,1003.75,1005.94,1004.0,4.0,2.92,18.0,0.3,0.1,0.7,6.5,7.0,7.5,7.0,4.0,0.8,18.0,0.3,0.1,0.7,7.6,50.0,115.8,61.2,4.0,71.9,18.0,0.3,0.1,0.7,-51.1,-4.3,42.1,-4.5,4.0,56.0,18.0,0.3,0.1,0.7,-0.76,-0.15,4.65,1.85,4.0,4.53,18.0,0.3,0.1,0.7,-8.6,-1.6,37.9,13.9,4.0,38.1,18.0,0.3,0.1,0.7,0.54,0.88,2.33,1.42,3.0,1.39,16.0,0.3,0.1,0.7,4.1,5.9,18.7,11.3,3.0,11.6,16.0,0.3,0.1,0.7,6.6,12.0,16.5,11.6,4.0,5.8,18.0,0.3,0.1,0.7,-0.5,6.0,27.5,13.2,4.0,23.2,18.0,0.3,0.1,0.7,3.0,14.5,26.3,14.6,3.0,17.0,16.0,0.3,0.1,0.7,-16.0,-13.3,3.7,-6.3,3.0,15.6,16.0,0.3,0.1,0.7,-1.9,3.1,3.6,0.9,3.0,4.5,16.0,0.3,0.1,0.7,-18.0,-4.5,-0.7,-9.2,3.0,13.3,16.0,0.3,0.1,0.7,420.0,605.0,1438.0,914.5,4.0,835.0,18.0,0.3,0.1,0.7,420.0,605.0,1440.0,915.0,4.0,835.0,18.0,0.3,0.1,0.7
1974,2,38.0,71.0,2.4,2.4,2.4,2.4,1.0,0.0,4.0,0.0,0.2,0.3,-4.8,-4.8,-4.8,-4.8,1.0,0.0,4.0,0.0,0.2,0.3,1.84,1.84,1.84,1.84,1.0,0.0,4.0,0.0,0.2,0.3,69.1,69.1,69.1,69.1,1.0,0.0,4.0,0.0,0.3,3.6,3.6,3.6,3.6,1.0,0.0,4.0,0.0,0.2,0.3,-0.63,-0.63,-0.63,-0.63,1.0,0.0,4.0,0.0,0.2,0.3,-3.55,-3.55,-3.55,-3.55,1.0,0.0,4.0,0.0,0.2,0.3,1006.1,1006.1,1006.1,1006.1,1.0,0.0,4.0,0.0,0.2,0.3,5.0,5.0,5.0,5.0,1.0,0.0,4.0,0.0,0.2,0.3,-2.3,-2.3,-2.3,-2.3,1.0,0.0,4.0,0.0,0.2,0.3,-12.8,-12.8,-12.8,-12.8,1.0,0.0,4.0,0.0,0.2,0.3,7.2,7.2,7.2,7.2,1.0,0.0,4.0,0.0,0.2,0.3,25.9,25.9,25.9,25.9,1.0,0.0,4.0,0.0,0.2,0.3,2.68,2.68,2.68,2.68,1.0,0.0,4.0,0.0,0.2,0.3,9.7,9.7,9.7,9.7,1.0,0.0,4.0,0.0,0.2,0.3,3.0,3.0,3.0,3.0,1.0,0.0,4.0,0.0,0.2,0.3,17.0,17.0,17.0,17.0,1.0,0.0,4.0,0.0,0.2,0.3,-1.2,-1.2,-1.2,-1.2,1.0,0.0,4.0,0.0,0.2,0.3,-6.5,-6.5,-6.5,-6.5,1.0,0.0,4.0,0.0,0.2,0.3,-1.7,-1.7,-1.7,-1.7,1.0,0.0,4.0,0.0,0.2,0.3,-9.5,-9.5,-9.5,-9.5,1.0,0.0,4.0,0.0,0.2,0.3,46.5,46.5,46.5,46.5,1.0,0.0,4.0,0.0,0.2,0.3,45.0,45.0,45.0,45.0,1.0,0.0,4.0,0.0,0.2,0.3
1974,2,39.0,-69.0,,,,,,,,,,,,,,,,,,,,,,,,,,,,,,,,,,,,,,,,15.4,15.4,15.4,15.4,1.0,0.0,10.0,0.0,0.5,1.0,-15.17,-15.17,-15.17,-15.17,1.0,0.0,10.0,0.0,0.5,1.0,-2.67,-2.67,-2.67,-2.67,1.0,0.0,10.0,0.0,0.5,1.0,970.0,970.0,970.0,970.0,1.0,0.0,10.0,0.0,0.5,1.0,,,,,,,,,,,,,,,,,,,,,,,,,,,,,,,,,,,,,,,,,,,,,,,,,,,,,,,,,,,,,,,,,,,,,,,,,,,,,,,,,,,,,,,,,,,,,,,,,,,,,,,,,,,,,,,,,,,,,,,,,,,,,,,,,,,,,,,,,,,,,,,,,,,,,,
1974,2,39.0,-68.0,,,,,,,,,,,,,,,,,,,,,,,,,,,,,,,,,,,,,,,,15.4,15.4,15.4,15.4,1.0,0.0,14.0,1.0,0.9,0.0,-14.28,-14.28,-14.28,-14.28,1.0,0.0,14.0,1.0,0.9,0.0,-5.77,-5.77,-5.77,-5.77,1.0,0.0,14.0,1.0,0.9,0.0,966.5,966.5,966.5,966.5,1.0,0.0,14.0,1.0,0.9,0.0,,,,,,,,,,,,,,,,,,,,,,,,,,,,,,,,,,,,,,,,,,,,,,,,,,,,,,,,,,,,,,,,,,,,,,,,,,,,,,,,,,,,,,,,,,,,,,,,,,,,,,,,,,,,,,,,,,,,,,,,,,,,,,,,,,,,,,,,,,,,,,,,,,,,,,
1974,2,39.0,-57.0,,,,,,,,,,,,,,,,,,,,,,,,,,,,,,,,,,,,,,,,6.2,6.2,6.2,6.2,1.0,0.0,20.0,1.0,0.4,0.1,-1.08,-1.08,-1.08,-1.08,1.0,0.0,20.0,1.0,0.4,0.1,6.11,6.11,6.11,6.11,1.0,0.0,20.0,1.0,0.4,0.1,976.2,976.2,976.2,976.2,1.0,0.0,20.0,1.0,0.4,0.1,,,,,,,,,,,,,,,,,,,,,,,,,,,,,,,,,,,,,,,,,,,,,,,,,,,,,,,,,,,,,,,,,,,,,,,,,,,,,,,,,,,,,,,,,,,,,,,,,,,,,,,,,,,,,,,,,,,,,,,,,,,,,,,,,,,,,,,,,,,,,,,,,,,,,,
1974,2,39.0,-49.0,5.2,5.2,5.2,5.2,1.0,0.0,6.0,1.0,0.4,0.3,6.8,6.8,6.8,6.8,1.0,0.0,6.0,1.0,0.4,0.3,5.54,5.54,5.54,5.54,1.0,0.0,6.0,1.0,0.4,0.3,88.3,88.3,88.3,88.3,1.0,0.0,6.0,1.0,0.3,,,,,,,,,,,,,,,,,,,,,,,,,,,,,,,,,,,,,,,,,,,,,,,,,,,,,,,,,,,,,,,,,,,,,,,,,,,,,,,,,,,,,,,,,,,,,,,,,,,,,,,,,,,,,,,,,,,,,,,,,,,,,,,,,,,,,,,,,,,,,,,,,,,,,,,,,,,,,,,,,,,,,,,,,,,,,,,,,,,,,,,,,,,,,,
1974,2,39.0,-43.0,,,,,,,,,,,,,,,,,,,,,,,,,,,,,,,,,,,,,,,,2.6,2.6,2.6,2.6,1.0,0.0,8.0,1.0,0.4,0.1,-1.02,-1.02,-1.02,-1.02,1.0,0.0,8.0,1.0,0.4,0.1,-2.39,-2.39,-2.39,-2.39,1.0,0.0,8.0,1.0,0.4,0.1,1020.7,1020.7,1020.7,1020.7,1.0,0.0,8.0,1.0,0.4,0.1,,,,,,,,,,,,,,,,,,,,,,,,,,,,,,,,,,,,,,,,,,,,,,,,,,,,,,,,,,,,,,,,,,,,,,,,,,,,,,,,,,,,,,,,,,,,,,,,,,,,,,,,,,,,,,,,,,,,,,,,,,,,,,,,,,,,,,,,,,,,,,,,,,,,,,
1974,2,39.0,-40.0,18.0,18.0,18.0,18.0,1.0,0.0,14.0,0.0,0.2,0.5,17.1,17.1,17.1,17.1,1.0,0.0,14.0,0.0,0.2,0.5,10.61,10.61,10.61,10.61,1.0,0.0,14.0,0.0,0.2,0.5,88.6,88.6,88.6,88.6,1.0,0.0,14.0,0.0,0.5,10.8,10.8,10.8,10.8,1.0,0.0,14.0,0.0,0.2,0.5,-9.35,-9.35,-9.35,-9.35,1.0,0.0,14.0,0.0,0.2,0.5,5.4,5.4,5.4,5.4,1.0,0.0,14.0,0.0,0.2,0.5,1022.7,1022.7,1022.7,1022.7,1.0,0.0,14.0,0.0,0.2,0.5,8.0,8.0,8.0,8.0,1.0,0.0,14.0,0.0,0.2,0.5,-101.0,-101.0,-101.0,-101.0,1.0,0.0,14.0,0.0,0.2,0.5,58.3,58.3,58.3,58.3,1.0,0.0,14.0,0.0,0.2,0.5,0.9,0.9,0.9,0.9,1.0,0.0,14.0,0.0,0.2,0.5,9.7,9.7,9.7,9.7,1.0,0.0,14.0,0.0,0.2,0.5,2.09,2.09,2.09,2.09,1.0,0.0,14.0,0.0,0.2,0.5,22.5,22.5,22.5,22.5,1.0,0.0,14.0,0.0,0.2,0.5,-159.9,-159.9,-159.9,-159.9,1.0,0.0,14.0,0.0,0.2,0.5,92.3,92.3,92.3,92.3,1.0,0.0,14.0,0.0,0.2,0.5,-99.3,-99.3,-99.3,-99.3,1.0,0.0,14.0,0.0,0.2,0.5,57.3,57.3,57.3,57.3,1.0,0.0,14.0,0.0,0.2,0.5,-19.5,-19.5,-19.5,-19.5,1.0,0.0,14.0,0.0,0.2,0.5,11.3,11.3,11.3,11.3,1.0,0.0,14.0,0.0,0.2,0.5,1259.5,1259.5,1259.5,1259.5,1.0,0.0,14.0,0.0,0.2,0.5,1260.0,1260.0,1260.0,1260.0,1.0,0.0,14.0,0.0,0.2,0.5
1974,2,39.0,-39.0,17.0,17.0,17.0,17.0,1.0,0.0,4.0,1.0,0.1,0.4,16.8,16.8,16.8,16.8,1.0,0.0,4.0,1.0,0.1,0.4,8.17,8.17,8.17,8.17,1.0,0.0,4.0,1.0,0.1,0.4,69.5,69.5,69.5,69.5,1.0,0.0,4.0,1.0,0.4,5.1,5.1,5.1,5.1,1.0,0.0,4.0,1.0,0.1,0.4,-5.02,-5.02,-5.02,-5.02,1.0,0.0,4.0,1.0,0.1,0.4,0.89,0.89,0.89,0.89,1.0,0.0,4.0,1.0,0.1,0.4,1021.3,1021.3,1021.3,1021.3,1.0,0.0,4.0,1.0,0.1,0.4,7.0,7.0,7.0,7.0,1.0,0.0,4.0,1.0,0.1,0.4,-25.6,-25.6,-25.6,-25.6,1.0,0.0,4.0,1.0,0.1,0.4,4.5,4.5,4.5,4.5,1.0,0.0,4.0,1.0,0.1,0.4,0.2,0.2,0.2,0.2,1.0,0.0,4.0,1.0,0.1,0.4,1.0,1.0,1.0,1.0,1.0,0.0,4.0,1.0,0.1,0.4,3.76,3.76,3.76,3.76,1.0,0.0,4.0,1.0,0.1,0.4,19.2,19.2,19.2,19.2,1.0,0.0,4.0,1.0,0.1,0.4,-84.4,-84.4,-84.4,-84.4,1.0,0.0,4.0,1.0,0.1,0.4,14.9,14.9,14.9,14.9,1.0,0.0,4.0,1.0,0.1,0.4,-41.1,-41.1,-41.1,-41.1,1.0,0.0,4.0,1.0,0.1,0.4,7.2,7.2,7.2,7.2,1.0,0.0,4.0,1.0,0.1,0.4,-18.9,-18.9,-18.9,-18.9,1.0,0.0,4.0,1.0,0.1,0.4,3.3,3.3,3.3,3.3,1.0,0.0,4.0,1.0,0.1,0.4,132.5,132.5,132.5,132.5,1.0,0.0,4.0,1.0,0.1,0.4,135.0,135.0,135.0,135.0,1.0,0.0,4.0,1.0,0.1,0.4
1974,2,39.0,-36.0,22.58,22.75,22.92,22.75,2.0,0.35,12.0,0.5,0.1,0.8,21.23,22.15,23.07,22.15,2.0,1.91,12.0,0.5,0.1,0.8,9.49,10.5,11.5,10.5,2.0,2.08,12.0,0.5,0.1,0.8,60.9,63.3,65.8,63.3,2.0,5.0,12.0,0.5,0.8,6.18,7.2,8.22,7.2,2.0,2.12,12.0,0.5,0.1,0.8,-6.65,-4.74,-2.84,-4.74,2.0,3.95,12.0,0.5,0.1,0.8,4.51,4.85,5.2,4.85,2.0,0.71,12.0,0.5,0.1,0.8,1018.56,1019.75,1020.94,1019.75,2.0,2.47,12.0,0.5,0.1,0.8,4.5,5.5,6.5,5.5,2.0,2.1,12.0,0.5,0.1,0.8,-56.9,-38.3,-19.8,-38.3,2.0,38.5,12.0,0.5,0.1,0.8,31.7,34.2,36.7,34.2,2.0,5.2,12.0,0.5,0.1,0.8,-0.49,0.6,1.69,0.6,2.0,2.26,12.0,0.5,0.1,0.8,-5.3,1.9,9.2,1.9,2.0,15.0,12.0,0.5,0.1,0.8,5.47,6.63,7.8,6.63,2.0,2.41,12.0,0.5,0.1,0.8,43.6,45.2,46.8,45.2,2.0,3.3,12.0,0.5,0.1,0.8,-155.4,-108.8,-62.2,-108.8,2.0,96.5,12.0,0.5,0.1,0.8,103.7,106.8,110.0,106.8,2.0,6.5,12.0,0.5,0.1,0.8,-78.7,-53.9,-29.1,-53.9,2.0,51.3,12.0,0.5,0.1,0.8,48.9,50.2,51.5,50.2,2.0,2.6,12.0,0.5,0.1,0.8,-33.8,-26.7,-19.6,-26.7,2.0,14.7,12.0,0.5,0.1,0.8,25.1,33.0,41.0,33.0,2.0,16.4,12.0,0.5,0.1,0.8,260.5,422.0,583.5,422.0,2.0,334.5,12.0,0.5,0.1,0.8,260.0,420.0,585.0,420.0,2.0,335.0,12.0,0.5,0.1,0.8
1974,2,39.0,-34.0,23.75,23.9,25.57,24.63,4.0,1.59,12.0,0.5,0.5,0.5,23.05,23.8,24.87,23.95,4.0,1.08,12.0,0.5,0.5,0.5,14.46,15.2,17.57,15.98,4.0,2.23,12.0,0.5,0.5,0.5,77.3,86.2,95.3,86.3,4.0,11.5,12.0,0.5,0.5,6.52,7.2,8.63,7.57,3.0,1.58,16.0,0.7,0.6,0.5,-5.73,-5.52,-4.92,-5.33,3.0,0.61,16.0,0.7,0.6,0.5,-6.97,-4.63,-0.02,-3.52,3.0,5.18,16.0,0.7,0.6,0.5,1011.56,1014.4,1016.2,1013.9,4.0,3.14,12.0,0.5,0.5,0.5,4.9,8.0,8.0,6.5,4.0,3.0,12.0,0.5,0.5,0.5,-42.1,-39.7,-37.3,-39.7,3.0,3.6,16.0,0.7,0.6,0.5,-61.7,-33.3,-1.6,-31.7,3.0,44.0,16.0,0.7,0.6,0.5,-0.3,0.7,1.64,0.68,4.0,1.51,12.0,0.5,0.5,0.5,-6.2,4.3,4.8,-0.6,3.0,9.2,16.0,0.7,0.6,0.5,2.8,3.51,4.0,3.4,4.0,0.73,12.0,0.5,0.5,0.5,19.5,28.1,34.8,27.2,3.0,11.2,16.0,0.7,0.6,0.5,-132.1,-126.9,-120.3,-126.2,3.0,8.7,16.0,0.7,0.6,0.5,-172.3,-106.4,-0.3,-86.8,3.0,127.1,16.0,0.7,0.6,0.5,-87.9,-79.0,-71.4,-79.7,3.0,12.1,16.0,0.7,0.6,0.5,-101.3,-66.3,1.8,-50.1,3.0,76.8,16.0,0.7,0.6,0.5,-20.7,-19.0,-16.0,-18.4,3.0,3.5,16.0,0.7,0.6,0.5,-28.2,-18.1,-2.1,-15.2,3.0,19.3,16.0,0.7,0.6,0.5,281.0,373.0,667.5,472.0,3.0,295.5,16.0,0.7,0.6,0.5,280.0,375.0,670.0,470.0,3.0,295.0,16.0,0.7,0.6,0.5
1974,2,39.0,-33.0,22.43,25.5,25.91,24.2,3.0,2.79,8.0,0.7,0.5,0.6,24.75,25.3,26.05,25.4,3.0,0.95,8.0,0.7,0.5,0.6,16.84,17.0,17.34,17.08,3.0,0.37,8.0,0.7,0.5,0.6,82.0,87.1,87.4,84.8,3.0,4.4,8.0,0.7,0.6,3.76,4.1,6.56,5.13,3.0,2.24,8.0,0.7,0.5,0.6,-5.91,-2.05,1.48,-2.21,3.0,5.41,8.0,0.7,0.5,0.6,-2.42,0.0,1.23,-0.58,3.0,2.72,8.0,0.7,0.5,0.6,1014.06,1014.2,1016.73,1015.37,3.0,2.2,8.0,0.7,0.5,0.6,0.6,2.0,4.7,2.7,3.0,3.1,8.0,0.7,0.5,0.6,-43.1,-8.4,5.0,-18.8,3.0,36.4,8.0,0.7,0.5,0.6,-9.9,0.0,4.4,-2.7,3.0,10.8,8.0,0.7,0.5,0.6,-2.48,-0.3,0.04,-1.2,3.0,2.01,8.0,0.7,0.5,0.6,-9.3,-2.3,-0.2,-4.7,3.0,7.0,8.0,0.7,0.5,0.6,0.03,2.87,3.66,1.87,3.0,2.8,8.0,0.7,0.5,0.6,0.6,11.8,24.9,12.7,3.0,17.8,8.0,0.7,0.5,0.6,-155.2,-51.9,35.7,-59.6,3.0,140.0,8.0,0.7,0.5,0.6,-61.3,0.0,30.1,-15.2,3.0,68.3,8.0,0.7,0.5,0.6,-100.7,-35.9,24.3,-38.2,3.0,91.6,8.0,0.7,0.5,0.6,-42.4,0.0,20.6,-10.6,3.0,47.0,8.0,0.7,0.5,0.6,-23.0,-5.9,-4.6,-13.6,3.0,15.1,8.0,0.7,0.5,0.6,-7.7,-2.3,-0.7,-4.2,3.0,5.3,8.0,0.7,0.5,0.6,53.5,69.0,333.5,190.5,3.0,230.5,8.0,0.7,0.5,0.6,55.0,70.0,335.0,190.0,3.0,230.0,8.0,0.7,0.5,0.6
1974,2,39.0,-32.0,25.06,25.2,25.34,25.2,2.0,0.28,10.0,0.0,0.8,0.4,24.83,25.55,26.27,25.55,2.0,1.48,10.0,0.0,0.8,0.4,16.09,16.86,17.62,16.86,2.0,1.59,10.0,0.0,0.8,0.4,82.5,82.7,83.0,82.7,2.0,0.5,10.0,0.0,0.4,7.86,8.2,8.54,8.2,2.0,0.71,10.0,0.0,0.8,0.4,-6.14,-3.04,0.07,-3.04,2.0,6.43,10.0,0.0,0.8,0.4,0.23,3.62,7.0,3.62,2.0,7.0,10.0,0.0,0.8,0.4,1015.33,1016.05,1016.77,1016.05,2.0,1.48,10.0,0.0,0.8,0.4,7.0,7.0,7.0,7.0,2.0,0.0,10.0,0.0,0.8,0.4,-47.0,-22.6,1.8,-22.6,2.0,50.6,10.0,0.0,0.8,0.4,3.2,32.1,61.1,32.1,2.0,60.0,10.0,0.0,0.8,0.4,-0.93,-0.35,0.23,-0.35,2.0,1.2,10.0,0.0,0.8,0.4,-7.1,-2.4,2.2,-2.4,2.0,9.6,10.0,0.0,0.8,0.4,2.48,3.1,3.71,3.1,2.0,1.27,10.0,0.0,0.8,0.4,19.7,25.8,31.9,25.8,2.0,12.6,10.0,0.0,0.8,0.4,-163.8,-82.3,-0.9,-82.3,2.0,168.8,10.0,0.0,0.8,0.4,3.4,87.2,171.0,87.2,2.0,173.6,10.0,0.0,0.8,0.4,-110.9,-56.3,-1.6,-56.3,2.0,113.2,10.0,0.0,0.8,0.4,1.2,55.4,109.6,55.4,2.0,112.3,10.0,0.0,0.8,0.4,-13.1,-5.3,2.4,-5.3,2.0,16.0,10.0,0.0,0.8,0.4,3.0,15.7,28.4,15.7,2.0,26.3,10.0,0.0,0.8,0.4,488.5,557.5,626.5,557.5,2.0,143.0,10.0,0.0,0.8,0.4,490.0,560.0,625.0,560.0,2.0,145.0,10.0,0.0,0.8,0.4
1974,2,39.0,-31.0,26.2,26.55,27.22,26.7,4.0,0.67,14.0,0.0,0.4,0.9,24.63,25.75,26.76,25.7,4.0,1.26,14.0,0.0,0.4,0.9,14.97,17.18,19.55,17.26,4.0,2.64,14.0,0.0,0.4,0.9,77.4,83.8,88.8,83.2,4.0,6.7,14.0,0.0,0.9,7.18,7.95,8.78,7.98,4.0,1.08,14.0,0.0,0.4,0.9,-6.85,-5.1,-3.72,-5.27,4.0,1.97,14.0,0.0,0.4,0.9,-3.93,1.16,7.02,1.53,4.0,6.47,14.0,0.0,0.4,0.9,1009.9,1010.0,1012.14,1010.98,4.0,2.02,14.0,0.0,0.4,0.9,4.9,7.5,8.0,6.5,4.0,2.4,14.0,0.0,0.4,0.9,-54.7,-37.5,-29.2,-41.8,4.0,16.2,14.0,0.0,0.4,0.9,-30.9,5.7,59.0,13.6,4.0,54.8,14.0,0.0,0.4,0.9,0.18,1.2,1.8,1.0,4.0,0.98,14.0,0.0,0.4,0.9,1.5,8.5,14.5,8.0,4.0,8.0,14.0,0.0,0.4,0.9,2.74,4.79,6.66,4.7,4.0,2.33,14.0,0.0,0.4,0.9,21.9,34.7,54.3,38.0,4.0,21.5,14.0,0.0,0.4,0.9,-183.4,-130.5,-91.5,-137.1,4.0,57.1,14.0,0.0,0.4,0.9,-104.8,24.5,173.8,34.1,4.0,164.9,14.0,0.0,0.4,0.9,-134.0,-89.4,-55.7,-94.6,4.0,47.6,14.0,0.0,0.4,0.9,-76.5,10.8,105.1,14.1,4.0,107.1,14.0,0.0,0.4,0.9,-26.5,-24.5,-17.3,-22.0,4.0,6.7,14.0,0.0,0.4,0.9,-10.0,10.8,47.7,18.4,4.0,35.2,14.0,0.0,0.4,0.9,375.0,504.0,684.0,528.5,4.0,211.0,14.0,0.0,0.4,0.9,375.0,505.0,685.0,530.0,4.0,210.0,14.0,0.0,0.4,0.9
1974,2,39.0,-30.0,27.0,27.0,28.58,27.37,15.0,1.31,16.0,0.6,0.4,0.5,25.0,26.5,27.84,26.38,17.0,1.29,16.0,0.6,0.4,0.5,14.74,18.09,19.92,17.66,11.0,2.43,16.0,0.5,0.4,0.5,73.2,84.2,89.1,81.9,11.0,7.7,16.0,0.5,0.5,2.82,5.7,10.08,6.18,17.0,3.39,16.0,0.6,0.4,0.5,-6.52,-4.6,-0.27,-3.68,17.0,3.42,16.0,0.6,0.4,0.5,-4.87,0.0,4.01,0.33,17.0,5.09,16.0,0.6,0.4,0.5,1011.22,1014.9,1016.8,1014.12,17.0,3.03,16.0,0.6,0.4,0.5,1.5,3.0,5.5,3.6,17.0,2.1,16.0,0.6,0.4,0.5,-53.3,-21.2,-0.1,-28.4,17.0,34.9,16.0,0.6,0.4,0.5,-30.8,0.0,21.6,4.0,17.0,51.2,16.0,0.6,0.4,0.5,-0.16,1.3,2.5,1.11,15.0,1.6,16.0,0.6,0.4,0.5,-0.9,2.6,14.0,5.0,15.0,12.0,16.0,0.6,0.4,0.5,3.51,4.94,8.51,5.61,9.0,2.81,14.0,0.6,0.3,0.5,14.0,22.6,39.3,32.4,9.0,31.1,14.0,0.6,0.3,0.5,-181.5,-119.6,-7.1,-99.2,17.0,95.1,16.0,0.6,0.4,0.5,-132.6,0.0,101.0,5.3,17.0,132.5,16.0,0.6,0.4,0.5,-130.2,-70.5,-26.4,-78.5,11.0,64.7,16.0,0.5,0.4,0.5,-99.1,0.0,43.4,-10.2,11.0,86.7,16.0,0.5,0.4,0.5,-22.5,-16.2,-5.4,-16.4,9.0,12.2,14.0,0.6,0.3,0.5,-5.6,0.0,19.5,11.4,9.0,39.4,14.0,0.6,0.3,0.5,22.5,185.0,1047.0,446.5,17.0,572.5,16.0,0.6,0.4,0.5,25.0,185.0,1045.0,445.0,17.0,575.0,16.0,0.6,0.4,0.5
1974,2,39.0,-29.0,26.98,27.2,28.55,27.62,13.0,0.97,14.0,0.6,0.6,0.5,27.11,27.8,28.59,27.96,17.0,0.92,14.0,0.6,0.6,0.5,15.46,16.69,20.21,17.5,16.0,2.46,14.0,0.6,0.6,0.6,68.5,73.6,84.9,74.7,16.0,8.5,14.0,0.6,0.6,3.75,5.65,6.7,5.59,16.0,2.34,14.0,0.6,0.5,0.6,-6.45,-4.43,1.06,-3.47,16.0,4.42,14.0,0.6,0.5,0.6,-2.52,0.4,1.91,-0.35,16.0,2.51,14.0,0.6,0.5,0.6,1009.74,1012.5,1016.05,1012.57,17.0,3.74,14.0,0.6,0.6,0.5,2.2,3.0,4.8,3.3,15.0,1.2,14.0,0.7,0.6,0.5,-42.2,-20.4,2.7,-25.7,16.0,39.2,14.0,0.6,0.5,0.6,-10.3,1.8,9.1,-3.0,16.0,18.1,14.0,0.6,0.5,0.6,-1.43,-0.3,0.66,-0.38,13.0,1.22,14.0,0.6,0.6,0.5,-4.2,-1.4,3.9,-1.4,12.0,7.4,14.0,0.6,0.6,0.6,4.36,5.8,8.42,5.79,12.0,2.61,14.0,0.6,0.6,0.5,18.7,34.1,37.4,29.5,11.0,15.4,14.0,0.5,0.6,0.6,-189.9,-120.4,27.9,-98.1,16.0,123.3,14.0,0.6,0.5,0.6,-73.7,10.9,51.9,-10.2,16.0,70.5,14.0,0.6,0.5,0.6,-130.8,-78.6,24.7,-66.1,15.0,85.2,14.0,0.6,0.6,0.6,-45.6,13.9,33.3,-6.2,15.0,46.9,14.0,0.6,0.6,0.6,-35.5,-22.8,6.5,-17.8,11.0,23.4,14.0,0.5,0.6,0.6,-15.0,4.0,15.1,0.8,11.0,17.4,14.0,0.5,0.6,0.6,53.5,185.5,301.0,276.0,16.0,440.5,14.0,0.6,0.5,0.6,55.0,185.0,300.0,275.0,16.0,440.0,14.0,0.6,0.5,0.6
1974,2,39.0,-28.0,27.27,28.0,28.9,27.96,15.0,0.77,16.0,0.5,0.4,0.5,26.27,27.4,28.0,27.34,17.0,1.15,14.0,0.4,0.4,0.5,16.6,18.08,19.16,17.81,14.0,1.91,16.0,0.4,0.4,0.5,74.5,79.5,84.2,78.6,14.0,9.3,16.0,0.4,0.5,3.6,5.85,8.83,6.28,18.0,2.91,16.0,0.4,0.4,0.5,-7.95,-3.94,-1.31,-4.41,18.0,3.9,16.0,0.4,0.4,0.5,-2.5,-0.3,4.36,0.62,18.0,3.74,16.0,0.4,0.4,0.5,1010.0,1012.7,1014.79,1012.69,18.0,3.35,16.0,0.4,0.4,0.5,1.0,2.0,4.9,2.6,17.0,2.1,16.0,0.4,0.4,0.5,-70.8,-17.2,-4.4,-35.0,18.0,44.9,16.0,0.4,0.4,0.5,-13.0,-2.5,31.0,5.1,18.0,30.5,16.0,0.4,0.4,0.5,-0.97,0.7,1.87,0.59,14.0,1.5,14.0,0.5,0.4,0.5,-4.2,3.2,16.0,4.7,14.0,9.7,14.0,0.5,0.4,0.5,3.75,5.98,7.58,5.77,13.0,2.69,16.0,0.5,0.4,0.5,10.7,34.2,53.7,36.5,13.0,24.0,16.0,0.5,0.4,0.5,-222.8,-129.7,-34.0,-122.7,17.0,111.2,14.0,0.4,0.4,0.5,-72.0,12.4,132.5,19.6,17.0,102.9,14.0,0.4,0.4,0.5,-138.1,-54.1,-22.8,-66.8,14.0,67.0,16.0,0.4,0.4,0.5,-25.2,19.4,113.9,24.9,14.0,67.6,16.0,0.4,0.4,0.5,-48.2,-16.5,-0.4,-24.2,13.0,26.3,16.0,0.5,0.4,0.5,-8.3,2.1,47.3,11.9,13.0,23.3,16.0,0.5,0.4,0.5,46.5,200.5,715.0,414.0,18.0,559.5,16.0,0.4,0.4,0.5,45.0,200.0,715.0,415.0,18.0,560.0,16.0,0.4,0.4,0.5
1974,2,39.0,-27.0,28.06,28.2,28.34,28.2,2.0,0.28,16.0,0.0,0.1,0.8,26.24,26.75,27.26,26.75,2.0,1.06,16.0,0.0,0.1,0.8,18.12,18.44,18.77,18.44,2.0,0.67,16.0,0.0,0.1,0.8,82.8,83.9,85.1,83.9,2.0,2.4,16.0,0.0,0.8,3.0,3.85,4.7,3.85,2.0,1.77,16.0,0.0,0.1,0.8,-4.61,-3.73,-2.85,-3.73,2.0,1.82,16.0,0.0,0.1,0.8,0.89,0.89,0.89,0.89,2.0,0.0,16.0,0.0,0.1,0.8,1009.31,1010.2,1011.09,1010.2,2.0,1.84,16.0,0.0,0.1,0.8,0.5,1.5,2.5,1.5,2.0,2.1,16.0,0.0,0.1,0.8,-22.6,-16.0,-9.4,-16.0,2.0,13.6,16.0,0.0,0.1,0.8,2.7,3.4,4.2,3.4,2.0,1.6,16.0,0.0,0.1,0.8,1.07,1.45,1.83,1.45,2.0,0.78,16.0,0.0,0.1,0.8,3.6,6.3,9.0,6.3,2.0,5.6,16.0,0.0,0.1,0.8,5.46,5.57,5.68,5.57,2.0,0.22,16.0,0.0,0.1,0.8,16.5,21.6,26.8,21.6,2.0,10.7,16.0,0.0,0.1,0.8,-120.5,-98.9,-77.2,-98.9,2.0,44.8,16.0,0.0,0.1,0.8,23.3,23.7,24.2,23.7,2.0,1.0,16.0,0.0,0.1,0.8,-83.3,-68.2,-53.2,-68.2,2.0,31.1,16.0,0.0,0.1,0.8,16.1,16.4,16.7,16.4,2.0,0.6,16.0,0.0,0.1,0.8,-26.3,-21.0,-15.7,-21.0,2.0,11.0,16.0,0.0,0.1,0.8,4.9,4.9,5.0,4.9,2.0,0.2,16.0,0.0,0.1,0.8,36.0,75.0,114.5,75.0,2.0,81.5,16.0,0.0,0.1,0.8,35.0,75.0,115.0,75.0,2.0,80.0,16.0,0.0,0.1,0.8
1974,2,39.0,-26.0,,,,,,,,,,,,,,,,,,,,,,,,,,,,,,,,,,,,,,,,6.2,6.2,6.2,6.2,1.0,0.0,12.0,1.0,0.0,0.7,-3.1,-3.1,-3.1,-3.1,1.0,0.0,12.0,1.0,0.0,0.7,5.37,5.37,5.37,5.37,1.0,0.0,12.0,1.0,0.0,0.7,1010.5,1010.5,1010.5,1010.5,1.0,0.0,12.0,1.0,0.0,0.7,,,,,,,,,,,,,,,,,,,,,,,,,,,,,,,,,,,,,,,,,,,,,,,,,,,,,,,,,,,,,,,,,,,,,,,,,,,,,,,,,,,,,,,,,,,,,,,,,,,,,,,,,,,,,,,,,,,,,,,,,,,,,,,,,,,,,,,,,,,,,,,,,,,,,,
1974,2,39.0,-25.0,27.9,29.15,29.67,28.8,4.0,1.41,14.0,0.3,0.3,0.6,27.09,28.45,30.29,28.68,4.0,1.93,14.0,0.3,0.3,0.6,18.7,19.08,19.46,19.08,2.0,0.79,12.0,0.0,0.2,0.6,76.7,78.6,80.4,78.6,2.0,3.8,12.0,0.0,0.6,4.12,5.1,7.62,5.68,5.0,2.3,14.0,0.4,0.4,0.7,-5.45,-4.7,-2.29,-4.0,5.0,1.73,14.0,0.4,0.4,0.7,-2.84,0.0,5.29,0.93,5.0,4.64,14.0,0.4,0.4,0.7,1007.49,1010.7,1012.12,1009.94,5.0,2.54,14.0,0.4,0.4,0.7,2.5,3.5,5.0,3.8,4.0,1.7,14.0,0.3,0.3,0.6,-41.6,-23.5,-8.1,-25.1,5.0,18.1,14.0,0.4,0.4,0.7,-14.4,0.0,41.2,11.3,5.0,33.1,14.0,0.4,0.4,0.7,-0.76,-0.5,1.07,0.13,4.0,1.53,14.0,0.3,0.3,0.6,-4.9,-2.8,8.3,1.5,4.0,10.4,14.0,0.3,0.3,0.6,3.89,4.64,5.39,4.64,2.0,1.56,12.0,0.0,0.2,0.6,17.4,22.9,28.3,22.9,2.0,11.2,12.0,0.0,0.2,0.6,-149.6,-144.7,-108.6,-129.8,4.0,35.7,14.0,0.3,0.3,0.6,-27.8,60.3,153.1,62.5,4.0,108.1,14.0,0.3,0.3,0.6,-95.2,-77.3,-59.4,-77.3,2.0,37.1,12.0,0.0,0.2,0.6,19.6,61.7,103.8,61.7,2.0,87.3,12.0,0.0,0.2,0.6,-19.0,-17.4,-15.7,-17.4,2.0,3.4,12.0,0.0,0.2,0.6,3.7,11.8,19.8,11.8,2.0,16.7,12.0,0.0,0.2,0.6,86.0,132.5,458.0,255.5,5.0,254.5,14.0,0.4,0.4,0.7,85.0,135.0,460.0,255.0,5.0,255.0,14.0,0.4,0.4,0.7
1974,2,39.0,-24.0,28.07,28.6,29.96,28.78,15.0,1.51,18.0,0.7,0.4,0.7,28.0,28.1,29.09,28.35,15.0,0.81,18.0,0.7,0.4,0.7,17.36,19.32,19.94,18.77,13.0,1.18,18.0,0.8,0.3,0.7,73.3,76.6,84.4,77.7,13.0,5.6,18.0,0.8,0.7,4.21,5.1,7.7,6.12,15.0,2.53,18.0,0.7,0.4,0.7,-6.57,-4.94,-3.5,-5.37,15.0,2.23,18.0,0.7,0.4,0.7,-1.22,1.23,3.72,1.01,15.0,3.08,18.0,0.7,0.4,0.7,1008.59,1011.25,1012.47,1011.01,14.0,2.24,18.0,0.7,0.3,0.7,1.1,3.5,6.0,3.4,14.0,2.2,18.0,0.8,0.3,0.7,-50.0,-26.0,-16.7,-38.0,15.0,35.3,18.0,0.7,0.4,0.7,-10.9,4.4,19.8,2.4,15.0,28.9,18.0,0.7,0.4,0.7,-0.69,0.6,1.89,0.43,15.0,1.67,18.0,0.7,0.4,0.7,-3.7,3.4,10.0,4.8,15.0,13.1,18.0,0.7,0.4,0.7,4.55,6.74,7.26,5.89,13.0,1.63,18.0,0.8,0.3,0.7,19.7,35.5,39.7,31.7,13.0,12.0,18.0,0.8,0.3,0.7,-184.4,-138.2,-104.3,-151.8,15.0,62.2,18.0,0.7,0.4,0.7,-34.1,36.9,103.3,28.2,15.0,86.6,18.0,0.7,0.4,0.7,-114.9,-79.8,-65.8,-87.6,13.0,24.1,18.0,0.8,0.3,0.7,0.0,46.1,68.8,33.5,13.0,42.8,18.0,0.8,0.3,0.7,-36.8,-29.6,-17.2,-27.3,13.0,10.0,18.0,0.8,0.3,0.7,0.0,10.0,25.4,10.9,13.0,13.9,18.0,0.8,0.3,0.7,75.0,132.5,456.5,358.5,15.0,545.0,18.0,0.7,0.4,0.7,75.0,135.0,455.0,360.0,15.0,545.0,18.0,0.7,0.4,0.7
1974,2,39.0,-23.0,28.86,29.0,29.62,28.89,7.0,1.33,10.0,0.7,0.7,0.4,27.83,29.15,30.19,29.07,6.0,1.34,10.0,0.7,0.7,0.4,16.6,17.7,19.07,17.9,5.0,1.8,10.0,0.6,0.7,0.4,65.7,71.6,78.3,71.2,5.0,8.6,10.0,0.6,0.4,1.59,3.85,5.74,3.83,6.0,2.79,10.0,0.7,0.7,0.3,-4.57,-2.73,-1.02,-2.96,6.0,2.45,10.0,0.7,0.7,0.3,-2.06,1.32,2.87,0.51,6.0,2.93,10.0,0.7,0.7,0.3,1008.26,1011.5,1011.95,1010.61,7.0,2.63,10.0,0.7,0.7,0.4,3.0,4.0,5.0,3.7,7.0,1.1,10.0,0.7,0.7,0.4,-27.8,-10.6,-2.0,-17.0,6.0,21.4,10.0,0.7,0.7,0.3,-9.4,5.0,12.0,0.1,6.0,18.1,10.0,0.7,0.7,0.3,-1.34,-0.4,1.02,-0.3,6.0,1.25,10.0,0.7,0.7,0.4,-6.3,0.8,4.4,-0.6,5.0,6.8,10.0,0.6,0.7,0.3,4.01,7.96,8.59,6.63,5.0,2.57,10.0,0.6,0.7,0.4,22.0,39.7,57.7,39.8,4.0,23.4,12.0,0.5,0.7,0.3,-149.2,-92.3,-53.5,-102.4,5.0,62.4,10.0,0.6,0.7,0.3,-70.0,75.0,86.2,18.9,5.0,93.9,10.0,0.6,0.7,0.3,-92.8,-59.6,-48.5,-70.1,4.0,34.7,12.0,0.5,0.7,0.3,-13.7,48.2,50.7,19.8,4.0,59.6,12.0,0.5,0.7,0.3,-47.8,-30.4,-16.0,-31.8,4.0,21.3,12.0,0.5,0.7,0.3,-13.3,15.2,25.7,6.6,4.0,28.3,12.0,0.5,0.7,0.3,6.5,58.0,219.0,134.5,6.0,209.5,10.0,0.7,0.7,0.3,5.0,60.0,220.0,135.0,6.0,210.0,10.0,0.7,0.7,0.3
1974,2,39.0,-22.0,29.13,30.0,30.0,29.69,9.0,0.83,8.0,0.6,0.2,0.6,27.13,28.8,30.32,28.9,9.0,1.76,8.0,0.6,0.2,0.6,16.92,17.91,18.81,17.87,7.0,0.92,10.0,0.6,0.2,0.5,63.2,70.8,78.4,70.9,7.0,7.8,10.0,0.6,0.5,1.9,3.6,5.27,3.93,7.0,2.76,8.0,0.6,0.2,0.7,-3.77,-1.93,0.12,-2.1,7.0,3.4,8.0,0.6,0.2,0.7,-2.33,-0.63,3.93,0.07,7.0,2.98,8.0,0.6,0.2,0.7,1008.13,1009.5,1010.42,1009.31,9.0,1.2,8.0,0.6,0.2,0.6,2.3,4.0,4.7,3.7,9.0,1.7,8.0,0.6,0.2,0.6,-19.3,-5.8,0.6,-13.4,7.0,27.2,8.0,0.6,0.2,0.7,-7.8,-2.3,20.0,0.5,7.0,16.5,8.0,0.6,0.2,0.7,-0.07,0.9,1.95,0.79,9.0,1.51,8.0,0.6,0.2,0.6,-0.5,3.0,11.0,4.6,7.0,11.8,8.0,0.6,0.2,0.7,8.18,9.07,9.77,8.9,7.0,0.95,10.0,0.6,0.2,0.5,18.8,36.5,58.3,38.5,5.0,29.4,12.0,0.6,0.2,0.6,-107.7,-52.1,3.9,-56.0,7.0,95.3,8.0,0.6,0.2,0.7,-62.9,-18.0,109.1,4.6,7.0,87.0,8.0,0.6,0.2,0.7,-92.4,-61.6,16.7,-44.4,5.0,71.2,12.0,0.6,0.2,0.6,-26.0,0.0,75.5,17.9,5.0,56.7,12.0,0.6,0.2,0.6,-46.5,-23.4,8.2,-21.3,5.0,37.1,12.0,0.6,0.2,0.6,-13.4,0.0,32.0,6.8,5.0,26.8,12.0,0.6,0.2,0.6,7.5,46.5,158.0,143.5,7.0,233.5,8.0,0.6,0.2,0.7,10.0,45.0,160.0,145.0,7.0,235.0,8.0,0.6,0.2,0.7
1974,2,39.0,-21.0,28.05,29.0,30.0,29.0,14.0,1.18,14.0,0.5,0.5,0.6,25.66,28.35,29.28,27.91,14.0,2.0,14.0,0.5,0.5,0.6,17.06,18.36,18.58,17.93,9.0,1.33,14.0,0.3,0.5,0.6,63.4,75.3,83.5,74.7,9.0,12.1,14.0,0.3,0.6,0.75,4.3,6.09,4.23,12.0,3.78,16.0,0.5,0.5,0.7,-4.57,-1.9,0.22,-2.04,12.0,2.5,16.0,0.5,0.5,0.7,-3.5,-0.38,2.47,-0.39,12.0,4.78,16.0,0.5,0.5,0.7,1007.47,1009.55,1012.36,1009.72,14.0,2.41,14.0,0.5,0.5,0.6,1.0,3.0,7.9,4.0,14.0,3.2,14.0,0.5,0.5,0.6,-23.3,-5.3,0.2,-13.4,12.0,24.7,16.0,0.5,0.5,0.7,-17.5,-0.4,8.0,2.6,12.0,50.6,16.0,0.5,0.5,0.7,0.0,1.05,2.49,1.09,14.0,1.3,14.0,0.5,0.5,0.6,0.0,3.4,18.3,7.8,12.0,10.4,16.0,0.5,0.5,0.7,6.49,7.72,9.68,7.65,9.0,2.66,14.0,0.3,0.5,0.6,0.0,11.6,41.5,23.7,7.0,29.6,18.0,0.3,0.5,0.6,-128.2,-48.7,6.5,-55.0,12.0,67.0,16.0,0.5,0.5,0.7,-95.9,-11.0,70.2,-9.1,12.0,126.5,16.0,0.5,0.5,0.7,-101.2,-25.8,0.0,-48.7,7.0,49.8,18.0,0.3,0.5,0.6,-5.2,0.0,53.2,39.3,7.0,77.9,18.0,0.3,0.5,0.6,-34.5,-10.1,0.0,-14.9,7.0,16.5,18.0,0.3,0.5,0.6,-1.8,0.0,22.3,15.4,7.0,26.9,18.0,0.3,0.5,0.6,0.5,86.0,284.5,288.5,12.0,618.5,16.0,0.5,0.5,0.7,0.0,85.0,285.0,290.0,12.0,620.0,16.0,0.5,0.5,0.7
1974,2,39.0,-20.0,27.77,29.35,30.43,29.13,24.0,1.36,14.0,0.4,0.4,0.6,26.53,28.05,29.5,28.14,22.0,1.59,14.0,0.4,0.4,0.6,16.95,18.23,19.78,18.31,18.0,1.37,14.0,0.3,0.4,0.6,72.2,76.0,84.6,77.6,18.0,6.0,14.0,0.3,0.6,1.59,3.1,5.08,3.79,21.0,2.87,14.0,0.4,0.4,0.6,-4.65,-1.06,0.0,-2.07,21.0,2.6,14.0,0.4,0.4,0.6,-2.85,0.75,2.21,0.24,21.0,3.46,14.0,0.4,0.4,0.6,1007.19,1009.1,1011.85,1009.79,23.0,2.56,14.0,0.4,0.4,0.6,2.0,3.0,4.0,3.2,21.0,1.8,14.0,0.4,0.4,0.6,-23.3,-2.3,0.0,-13.2,21.0,22.3,14.0,0.4,0.4,0.6,-12.3,2.1,6.3,2.0,21.0,31.7,14.0,0.4,0.4,0.6,-0.57,1.0,2.53,0.98,22.0,1.57,14.0,0.4,0.4,0.6,-1.1,3.9,11.3,5.5,19.0,10.0,14.0,0.4,0.5,0.6,5.64,8.24,8.85,7.3,18.0,2.01,14.0,0.3,0.4,0.6,12.0,22.9,39.1,25.7,16.0,18.5,14.0,0.3,0.4,0.6,-135.1,-37.9,3.1,-61.7,19.0,73.9,14.0,0.4,0.5,0.6,-92.4,21.9,64.1,4.6,19.0,98.1,14.0,0.4,0.5,0.6,-80.3,-22.0,8.9,-36.9,16.0,49.0,14.0,0.3,0.4,0.6,-71.8,12.9,33.9,-10.3,16.0,51.1,14.0,0.3,0.4,0.6,-31.7,-9.0,1.3,-14.3,16.0,20.9,14.0,0.3,0.4,0.6,-20.8,4.8,15.0,-2.4,16.0,19.6,14.0,0.3,0.4,0.6,4.0,30.0,131.5,172.5,21.0,399.5,14.0,0.4,0.4,0.6,5.0,30.0,130.0,170.0,21.0,400.0,14.0,0.4,0.4,0.6
1974,2,39.0,-19.0,27.76,28.6,29.5,28.59,49.0,1.11,14.0,0.6,0.5,0.6,27.0,28.2,30.14,28.47,49.0,1.68,14.0,0.6,0.5,0.6,17.66,18.63,21.19,18.98,38.0,1.68,14.0,0.6,0.5,0.6,71.5,79.1,88.9,79.8,38.0,8.1,14.0,0.6,0.6,0.0,3.1,6.89,3.4,46.0,2.88,14.0,0.6,0.5,0.6,-4.03,-0.48,0.71,-1.34,46.0,2.5,14.0,0.6,0.5,0.6,-3.81,0.0,2.11,-0.8,46.0,3.37,14.0,0.6,0.5,0.6,1006.19,1009.1,1012.0,1009.12,51.0,2.63,14.0,0.6,0.5,0.6,3.0,5.0,6.4,4.6,49.0,2.1,14.0,0.6,0.5,0.6,-22.8,-0.8,2.7,-9.0,46.0,17.6,14.0,0.6,0.5,0.6,-16.2,0.0,5.4,-5.7,46.0,25.8,14.0,0.6,0.5,0.6,-1.91,0.3,1.37,0.09,47.0,1.64,12.0,0.6,0.5,0.6,-4.4,0.0,4.3,0.3,42.0,5.7,12.0,0.5,0.5,0.6,4.33,5.73,7.81,5.72,37.0,2.15,14.0,0.5,0.5,0.6,0.0,18.3,31.1,17.6,33.0,14.1,14.0,0.5,0.5,0.6,-125.8,-21.1,21.6,-40.2,44.0,72.5,14.0,0.5,0.5,0.6,-106.6,0.0,63.9,-23.2,44.0,96.4,14.0,0.5,0.5,0.6,-66.2,0.0,21.8,-19.6,34.0,45.9,14.0,0.5,0.5,0.6,-64.8,0.0,40.9,-11.3,34.0,52.5,14.0,0.5,0.5,0.6,-19.2,0.0,6.0,-5.8,33.0,13.5,14.0,0.5,0.5,0.6,-19.9,0.0,9.8,-3.7,33.0,17.0,14.0,0.5,0.5,0.6,0.0,30.0,328.0,136.5,46.0,253.0,14.0,0.6,0.5,0.6,0.0,30.0,330.0,135.0,46.0,255.0,14.0,0.6,0.5,0.6
1974,2,39.0,-18.0,27.5,28.25,29.43,28.33,34.0,1.08,14.0,0.6,0.7,0.5,26.42,27.9,29.0,27.83,34.0,1.35,14.0,0.6,0.7,0.5,17.02,18.37,19.83,18.5,25.0,1.41,14.0,0.6,0.6,0.4,73.5,80.3,85.7,79.8,25.0,7.9,14.0,0.6,0.4,1.33,4.0,5.66,3.67,24.0,2.45,14.0,0.5,0.6,0.5,-1.79,0.0,4.14,0.94,24.0,3.23,14.0,0.5,0.6,0.5,-3.3,-0.7,2.15,-0.86,24.0,2.81,14.0,0.5,0.6,0.5,1006.75,1008.5,1011.49,1009.21,33.0,2.95,14.0,0.6,0.7,0.5,3.0,5.0,8.0,5.2,34.0,2.4,14.0,0.6,0.7,0.5,-5.6,0.0,20.0,7.9,24.0,21.4,14.0,0.5,0.6,0.5,-14.4,-2.1,4.9,-6.3,24.0,17.0,14.0,0.5,0.6,0.5,-1.15,0.65,1.91,0.5,34.0,1.39,14.0,0.6,0.7,0.5,-1.5,1.3,5.5,2.4,24.0,6.6,14.0,0.5,0.6,0.5,3.84,5.35,7.51,5.68,25.0,2.26,14.0,0.6,0.6,0.4,10.7,22.0,30.0,21.2,18.0,12.2,16.0,0.6,0.6,0.4,-51.1,0.0,109.4,24.0,24.0,87.0,14.0,0.5,0.6,0.5,-91.5,-18.9,58.8,-22.4,24.0,78.4,14.0,0.5,0.6,0.5,-32.8,0.0,91.5,27.1,18.0,64.0,16.0,0.6,0.6,0.4,-64.8,-19.9,35.3,-17.8,18.0,56.5,16.0,0.6,0.6,0.4,-8.8,0.0,21.9,6.3,18.0,17.5,16.0,0.6,0.6,0.4,-19.6,-4.9,12.9,-4.9,18.0,15.8,16.0,0.6,0.6,0.4,2.5,64.0,191.5,118.0,24.0,189.5,14.0,0.5,0.6,0.5,5.0,65.0,190.0,120.0,24.0,190.0,14.0,0.5,0.6,0.5
1974,2,39.0,-17.0,28.13,28.4,28.67,28.4,2.0,0.57,16.0,0.5,0.8,0.2,27.24,27.55,27.86,27.55,2.0,0.64,16.0,0.5,0.8,0.2,17.02,17.73,18.44,17.73,2.0,1.48,16.0,0.5,0.8,0.2,72.4,77.0,81.6,77.0,2.0,9.4,16.0,0.5,0.2,1.49,2.55,3.61,2.55,2.0,2.19,16.0,0.5,0.8,0.2,-0.79,-0.47,-0.15,-0.47,2.0,0.66,16.0,0.5,0.8,0.2,0.36,1.88,3.4,1.88,2.0,3.14,16.0,0.5,0.8,0.2,1006.7,1008.2,1009.7,1008.2,2.0,3.11,16.0,0.5,0.8,0.2,3.2,3.5,3.8,3.5,2.0,0.7,16.0,0.5,0.8,0.2,-0.8,-0.5,-0.1,-0.5,2.0,0.7,16.0,0.5,0.8,0.2,2.4,8.2,14.1,8.2,2.0,12.1,16.0,0.5,0.8,0.2,0.82,0.85,0.88,0.85,2.0,0.07,16.0,0.5,0.8,0.2,1.3,2.2,3.2,2.2,2.0,2.0,16.0,0.5,0.8,0.2,5.48,6.62,7.77,6.62,2.0,2.37,16.0,0.5,0.8,0.2,10.2,14.3,18.4,14.3,2.0,8.5,16.0,0.5,0.8,0.2,-22.1,-13.2,-4.2,-13.2,2.0,18.6,16.0,0.5,0.8,0.2,9.6,50.8,92.0,50.8,2.0,85.3,16.0,0.5,0.8,0.2,-13.2,-7.8,-2.5,-7.8,2.0,11.1,16.0,0.5,0.8,0.2,7.4,35.6,63.9,35.6,2.0,58.5,16.0,0.5,0.8,0.2,-6.6,-3.9,-1.2,-3.9,2.0,5.5,16.0,0.5,0.8,0.2,0.8,8.7,16.6,8.7,2.0,16.4,16.0,0.5,0.8,0.2,12.0,35.0,58.0,35.0,2.0,48.0,16.0,0.5,0.8,0.2,10.0,35.0,60.0,35.0,2.0,50.0,16.0,0.5,0.8,0.2
1974,2,39.0,-8.0,27.7,27.7,27.7,27.7,1.0,0.0,28.0,1.0,0.9,0.8,28.0,28.0,28.0,28.0,1.0,0.0,28.0,1.0,0.9,0.8,18.55,18.55,18.55,18.55,1.0,0.0,28.0,1.0,0.9,0.8,78.4,78.4,78.4,78.4,1.0,0.0,28.0,1.0,0.8,7.7,7.7,7.7,7.7,1.0,0.0,28.0,1.0,0.9,0.8,-1.34,-1.34,-1.34,-1.34,1.0,0.0,28.0,1.0,0.9,0.8,-7.58,-7.58,-7.58,-7.58,1.0,0.0,28.0,1.0,0.9,0.8,1010.5,1010.5,1010.5,1010.5,1.0,0.0,28.0,1.0,0.9,0.8,3.0,3.0,3.0,3.0,1.0,0.0,28.0,1.0,0.9,0.8,-10.3,-10.3,-10.3,-10.3,1.0,0.0,28.0,1.0,0.9,0.8,-58.4,-58.4,-58.4,-58.4,1.0,0.0,28.0,1.0,0.9,0.8,-0.3,-0.3,-0.3,-0.3,1.0,0.0,28.0,1.0,0.9,0.8,-2.3,-2.3,-2.3,-2.3,1.0,0.0,28.0,1.0,0.9,0.8,4.76,4.76,4.76,4.76,1.0,0.0,28.0,1.0,0.9,0.8,36.6,36.6,36.6,36.6,1.0,0.0,28.0,1.0,0.9,0.8,-37.4,-37.4,-37.4,-37.4,1.0,0.0,28.0,1.0,0.9,0.8,-212.3,-212.3,-212.3,-212.3,1.0,0.0,28.0,1.0,0.9,0.8,-24.8,-24.8,-24.8,-24.8,1.0,0.0,28.0,1.0,0.9,0.8,-140.6,-140.6,-140.6,-140.6,1.0,0.0,28.0,1.0,0.9,0.8,-6.4,-6.4,-6.4,-6.4,1.0,0.0,28.0,1.0,0.9,0.8,-36.1,-36.1,-36.1,-36.1,1.0,0.0,28.0,1.0,0.9,0.8,456.5,456.5,456.5,456.5,1.0,0.0,28.0,1.0,0.9,0.8,455.0,455.0,455.0,455.0,1.0,0.0,28.0,1.0,0.9,0.8
1974,2,39.0,-7.0,27.5,27.5,27.5,27.5,1.0,0.0,10.0,1.0,0.6,0.9,27.5,27.5,27.5,27.5,1.0,0.0,10.0,1.0,0.6,0.9,18.33,18.33,18.33,18.33,1.0,0.0,10.0,1.0,0.6,0.9,79.8,79.8,79.8,79.8,1.0,0.0,10.0,1.0,0.9,9.3,9.3,9.3,9.3,1.0,0.0,10.0,1.0,0.6,0.9,-3.18,-3.18,-3.18,-3.18,1.0,0.0,10.0,1.0,0.6,0.9,-8.74,-8.74,-8.74,-8.74,1.0,0.0,10.0,1.0,0.6,0.9,1009.8,1009.8,1009.8,1009.8,1.0,0.0,10.0,1.0,0.6,0.9,6.0,6.0,6.0,6.0,1.0,0.0,10.0,1.0,0.6,0.9,-29.6,-29.6,-29.6,-29.6,1.0,0.0,10.0,1.0,0.6,0.9,-81.3,-81.3,-81.3,-81.3,1.0,0.0,10.0,1.0,0.6,0.9,0.0,0.0,0.0,0.0,1.0,0.0,10.0,1.0,0.6,0.9,0.0,0.0,0.0,0.0,1.0,0.0,10.0,1.0,0.6,0.9,4.71,4.71,4.71,4.71,1.0,0.0,10.0,1.0,0.6,0.9,43.8,43.8,43.8,43.8,1.0,0.0,10.0,1.0,0.6,0.9,-87.5,-87.5,-87.5,-87.5,1.0,0.0,10.0,1.0,0.6,0.9,-240.3,-240.3,-240.3,-240.3,1.0,0.0,10.0,1.0,0.6,0.9,-58.3,-58.3,-58.3,-58.3,1.0,0.0,10.0,1.0,0.6,0.9,-160.2,-160.2,-160.2,-160.2,1.0,0.0,10.0,1.0,0.6,0.9,-15.0,-15.0,-15.0,-15.0,1.0,0.0,10.0,1.0,0.6,0.9,-41.2,-41.2,-41.2,-41.2,1.0,0.0,10.0,1.0,0.6,0.9,804.5,804.5,804.5,804.5,1.0,0.0,10.0,1.0,0.6,0.9,805.0,805.0,805.0,805.0,1.0,0.0,10.0,1.0,0.6,0.9
1974,2,39.0,-6.0,28.1,28.1,28.1,28.1,1.0,0.0,14.0,1.0,0.7,0.1,29.1,29.1,29.1,29.1,1.0,0.0,14.0,1.0,0.7,0.1,18.01,18.01,18.01,18.01,1.0,0.0,14.0,1.0,0.7,0.1,71.4,71.4,71.4,71.4,1.0,0.0,14.0,1.0,0.1,0.0,0.0,0.0,0.0,1.0,0.0,14.0,1.0,0.7,0.1,0.0,0.0,0.0,0.0,1.0,0.0,14.0,1.0,0.7,0.1,0.0,0.0,0.0,0.0,1.0,0.0,14.0,1.0,0.7,0.1,1009.5,1009.5,1009.5,1009.5,1.0,0.0,14.0,1.0,0.7,0.1,3.0,3.0,3.0,3.0,1.0,0.0,14.0,1.0,0.7,0.1,0.0,0.0,0.0,0.0,1.0,0.0,14.0,1.0,0.7,0.1,0.0,0.0,0.0,0.0,1.0,0.0,14.0,1.0,0.7,0.1,-1.0,-1.0,-1.0,-1.0,1.0,0.0,14.0,1.0,0.7,0.1,0.0,0.0,0.0,0.0,1.0,0.0,14.0,1.0,0.7,0.1,5.88,5.88,5.88,5.88,1.0,0.0,14.0,1.0,0.7,0.1,0.0,0.0,0.0,0.0,1.0,0.0,14.0,1.0,0.7,0.1,0.0,0.0,0.0,0.0,1.0,0.0,14.0,1.0,0.7,0.1,0.0,0.0,0.0,0.0,1.0,0.0,14.0,1.0,0.7,0.1,0.0,0.0,0.0,0.0,1.0,0.0,14.0,1.0,0.7,0.1,0.0,0.0,0.0,0.0,1.0,0.0,14.0,1.0,0.7,0.1,0.0,0.0,0.0,0.0,1.0,0.0,14.0,1.0,0.7,0.1,0.0,0.0,0.0,0.0,1.0,0.0,14.0,1.0,0.7,0.1,0.0,0.0,0.0,0.0,1.0,0.0,14.0,1.0,0.7,0.1,0.0,0.0,0.0,0.0,1.0,0.0,14.0,1.0,0.7,0.1
1974,2,39.0,-5.0,27.06,27.2,27.61,27.33,3.0,0.42,12.0,0.3,0.7,0.3,26.86,27.0,27.07,26.97,3.0,0.15,12.0,0.3,0.7,0.3,17.78,18.13,18.42,18.1,3.0,0.48,12.0,0.3,0.7,0.3,79.2,81.2,83.2,81.2,3.0,2.9,12.0,0.3,0.3,8.21,9.3,9.3,8.77,3.0,0.92,12.0,0.3,0.7,0.3,-5.3,-3.85,-3.39,-4.34,3.0,1.46,12.0,0.3,0.7,0.3,-8.23,-7.12,-6.81,-7.51,3.0,1.09,12.0,0.3,0.7,0.3,1007.71,1008.6,1009.42,1008.57,3.0,1.25,12.0,0.3,0.7,0.3,0.6,2.0,2.0,1.3,3.0,1.2,12.0,0.3,0.7,0.3,-47.4,-29.6,-29.6,-38.3,3.0,15.0,12.0,0.3,0.7,0.3,-76.5,-66.3,-56.1,-66.3,3.0,15.0,12.0,0.3,0.7,0.3,0.03,0.1,0.71,0.37,3.0,0.55,12.0,0.3,0.7,0.3,0.3,0.9,6.6,3.4,3.0,5.1,12.0,0.3,0.7,0.3,4.47,4.9,5.03,4.75,3.0,0.43,12.0,0.3,0.7,0.3,36.9,45.6,46.7,41.9,3.0,7.9,12.0,0.3,0.7,0.3,-143.6,-103.9,-91.2,-117.1,3.0,40.0,12.0,0.3,0.7,0.3,-221.2,-193.1,-184.2,-202.4,3.0,28.3,12.0,0.3,0.7,0.3,-94.0,-69.8,-62.5,-78.0,3.0,24.2,12.0,0.3,0.7,0.3,-150.5,-125.5,-122.4,-136.2,3.0,22.6,12.0,0.3,0.7,0.3,-26.0,-16.4,-15.9,-20.8,3.0,8.3,12.0,0.3,0.7,0.3,-40.7,-36.2,-30.9,-35.8,3.0,7.2,12.0,0.3,0.7,0.3,567.0,804.5,804.5,688.5,3.0,201.0,12.0,0.3,0.7,0.3,565.0,805.0,805.0,690.0,3.0,200.0,12.0,0.3,0.7,0.3
1974,2,39.0,-4.0,29.0,29.0,29.0,29.0,1.0,0.0,2.0,0.0,0.9,0.5,28.5,28.5,28.5,28.5,1.0,0.0,2.0,0.0,0.9,0.5,19.2,19.2,19.2,19.2,1.0,0.0,2.0,0.0,0.9,0.5,79.0,79.0,79.0,79.0,1.0,0.0,2.0,0.0,0.5,,,,,,,,,,,,,,,,,,,,,,,,,,,,,,,,,,,,,,,,,,,,,,,,,,,,,,,,,,,,,,,,,,,,,,,,,,,,,,,,,,,,,,,,,,,,,,,,,,,,,,,,,,,,,,,,,,,,,,,,,,,,,,,,,,,,,,,,,,,,,,,,,,,,,,,,,,,,,,,,,,,,,,,,,,,,,,,,,,,,,,,,,,,,,,
1974,2,39.0,15.0,24.4,24.4,26.72,25.53,3.0,1.96,10.0,0.7,0.5,0.6,24.67,27.2,29.86,27.27,3.0,3.8,10.0,0.7,0.5,0.6,14.86,15.97,17.08,15.97,2.0,2.3,10.0,1.0,0.6,0.6,64.9,70.9,76.9,70.9,2.0,12.5,10.0,1.0,0.6,2.6,2.6,3.97,3.27,3.0,1.15,10.0,0.7,0.5,0.6,-2.2,-1.67,2.42,0.07,3.0,3.7,10.0,0.7,0.5,0.6,-0.79,0.89,1.64,0.44,3.0,1.83,10.0,0.7,0.5,0.6,1008.75,1010.8,1013.26,1011.0,3.0,3.3,10.0,0.7,0.5,0.6,6.6,8.0,8.0,7.3,3.0,1.2,10.0,0.7,0.5,0.6,-5.7,-4.3,12.2,3.1,3.0,14.6,10.0,0.7,0.5,0.6,-4.2,2.3,4.3,0.1,3.0,6.5,10.0,0.7,0.5,0.6,-5.46,-2.8,2.05,-1.73,3.0,5.58,10.0,0.7,0.5,0.6,-14.2,-7.3,11.2,-1.6,3.0,19.2,10.0,0.7,0.5,0.6,2.75,5.29,7.83,5.29,2.0,5.26,10.0,1.0,0.6,0.6,10.0,22.8,35.5,22.8,2.0,26.4,10.0,1.0,0.6,0.6,-61.9,-52.0,52.8,-5.6,3.0,93.1,10.0,0.7,0.5,0.6,-17.6,24.2,50.0,16.4,3.0,49.9,10.0,0.7,0.5,0.6,-14.9,16.3,47.5,16.3,2.0,64.6,10.0,1.0,0.6,0.6,-13.4,6.2,25.9,6.2,2.0,40.7,10.0,1.0,0.6,0.6,4.0,18.2,32.3,18.2,2.0,29.4,10.0,1.0,0.6,0.6,-11.4,-5.5,0.4,-5.5,2.0,12.2,10.0,1.0,0.6,0.6,17.5,17.5,72.0,44.0,3.0,46.0,10.0,0.7,0.5,0.6,20.0,20.0,70.0,45.0,3.0,45.0,10.0,0.7,0.5,0.6
1974,2,39.0,18.0,28.6,28.6,28.6,28.6,1.0,0.0,20.0,0.0,0.5,0.0,27.8,27.8,27.8,27.8,1.0,0.0,20.0,0.0,0.5,0.0,19.22,19.22,19.22,19.22,1.0,0.0,20.0,0.0,0.5,0.0,82.3,82.3,82.3,82.3,1.0,0.0,20.0,0.0,0.0,0.0,0.0,0.0,0.0,1.0,0.0,20.0,0.0,0.5,0.0,0.0,0.0,0.0,0.0,1.0,0.0,20.0,0.0,0.5,0.0,0.0,0.0,0.0,0.0,1.0,0.0,20.0,0.0,0.5,0.0,1011.2,1011.2,1011.2,1011.2,1.0,0.0,20.0,0.0,0.5,0.0,1.0,1.0,1.0,1.0,1.0,0.0,20.0,0.0,0.5,0.0,0.0,0.0,0.0,0.0,1.0,0.0,20.0,0.0,0.5,0.0,0.0,0.0,0.0,0.0,1.0,0.0,20.0,0.0,0.5,0.0,0.8,0.8,0.8,0.8,1.0,0.0,20.0,0.0,0.5,0.0,0.0,0.0,0.0,0.0,1.0,0.0,20.0,0.0,0.5,0.0,5.34,5.34,5.34,5.34,1.0,0.0,20.0,0.0,0.5,0.0,0.0,0.0,0.0,0.0,1.0,0.0,20.0,0.0,0.5,0.0,0.0,0.0,0.0,0.0,1.0,0.0,20.0,0.0,0.5,0.0,0.0,0.0,0.0,0.0,1.0,0.0,20.0,0.0,0.5,0.0,0.0,0.0,0.0,0.0,1.0,0.0,20.0,0.0,0.5,0.0,0.0,0.0,0.0,0.0,1.0,0.0,20.0,0.0,0.5,0.0,0.0,0.0,0.0,0.0,1.0,0.0,20.0,0.0,0.5,0.0,0.0,0.0,0.0,0.0,1.0,0.0,20.0,0.0,0.5,0.0,0.0,0.0,0.0,0.0,1.0,0.0,20.0,0.0,0.5,0.0,0.0,0.0,0.0,0.0,1.0,0.0,20.0,0.0,0.5,0.0
1974,2,39.0,19.0,25.08,25.9,26.72,25.9,2.0,1.7,14.0,0.5,0.3,0.3,24.44,27.1,27.17,25.83,3.0,2.28,20.0,0.7,0.4,0.3,14.79,17.03,18.41,16.61,3.0,2.67,20.0,0.7,0.4,0.3,76.5,77.7,82.1,79.3,3.0,4.3,20.0,0.7,0.3,1.62,5.1,5.51,3.6,3.0,3.13,20.0,0.7,0.4,0.3,-1.95,0.0,0.6,-0.65,3.0,1.95,20.0,0.7,0.4,0.3,-3.43,0.0,3.37,-0.03,3.0,4.98,20.0,0.7,0.4,0.3,1008.87,1010.3,1011.87,1010.37,3.0,2.2,20.0,0.7,0.4,0.3,0.0,0.0,1.4,0.7,3.0,1.2,20.0,0.7,0.4,0.3,-11.1,0.0,3.1,-3.9,3.0,10.9,20.0,0.7,0.4,0.3,-17.5,0.0,19.2,0.8,3.0,26.9,20.0,0.7,0.4,0.3,0.24,0.75,1.26,0.75,2.0,1.06,14.0,0.5,0.3,0.3,1.2,3.8,6.4,3.8,2.0,5.4,14.0,0.5,0.3,0.3,5.5,5.57,5.64,5.57,2.0,0.15,14.0,0.5,0.3,0.3,29.3,30.1,30.8,30.1,2.0,1.6,14.0,0.5,0.3,0.3,-52.7,0.0,14.0,-18.9,3.0,51.6,20.0,0.7,0.4,0.3,-79.5,0.0,91.3,5.8,3.0,125.2,20.0,0.7,0.4,0.3,-33.1,0.0,8.3,-12.1,3.0,32.1,20.0,0.7,0.4,0.3,-47.1,0.0,57.4,5.0,3.0,76.7,20.0,0.7,0.4,0.3,-12.3,-5.3,1.8,-5.3,2.0,14.6,14.0,0.5,0.3,0.3,-19.7,-0.8,18.2,-0.8,2.0,39.2,14.0,0.5,0.3,0.3,42.0,132.5,168.5,106.0,3.0,95.5,20.0,0.7,0.4,0.3,40.0,135.0,170.0,105.0,3.0,95.0,20.0,0.7,0.4,0.3
1974,2,39.0,41.0,,,,,,,,,,,,,,,,,,,,,,,,,,,,,,,,,,,,,,,,7.0,7.0,7.0,7.0,1.0,0.0,4.0,1.0,0.1,0.8,7.0,7.0,7.0,7.0,1.0,0.0,4.0,1.0,0.1,0.8,0.0,0.0,0.0,0.0,1.0,0.0,4.0,1.0,0.1,0.8,1033.1,1033.1,1033.1,1033.1,1.0,0.0,4.0,1.0,0.1,0.8,,,,,,,,,,,,,,,,,,,,,,,,,,,,,,,,,,,,,,,,,,,,,,,,,,,,,,,,,,,,,,,,,,,,,,,,,,,,,,,,,,,,,,,,,,,,,,,,,,,,,,,,,,,,,,,,,,,,,,,,,,,,,,,,,,,,,,,,,,,,,,,,,,,,,,
1974,2,39.0,42.0,,,,,,,,,,,,,,,,,,,,,,,,,,,,,,,,,,,,,,,,3.67,5.1,6.53,5.1,2.0,2.97,12.0,0.5,0.3,0.0,-5.55,-2.25,1.06,-2.25,2.0,6.85,12.0,0.5,0.3,0.0,-1.06,-0.12,0.81,-0.12,2.0,1.94,12.0,0.5,0.3,0.0,1023.53,1024.45,1025.37,1024.45,2.0,1.91,12.0,0.5,0.3,0.0,,,,,,,,,,,,,,,,,,,,,,,,,,,,,,,,,,,,,,,,,,,,,,,,,,,,,,,,,,,,,,,,,,,,,,,,,,,,,,,,,,,,,,,,,,,,,,,,,,,,,,,,,,,,,,,,,,,,,,,,,,,,,,,,,,,,,,,,,,,,,,,,,,,,,,
1974,2,39.0,43.0,,,,,,,,,,,,,,,,,,,,,,,,,,,,,,,,,,,,,,,,8.7,8.7,8.7,8.7,1.0,0.0,14.0,1.0,0.7,0.8,-8.57,-8.57,-8.57,-8.57,1.0,0.0,14.0,1.0,0.7,0.8,1.51,1.51,1.51,1.51,1.0,0.0,14.0,1.0,0.7,0.8,1020.3,1020.3,1020.3,1020.3,1.0,0.0,14.0,1.0,0.7,0.8,,,,,,,,,,,,,,,,,,,,,,,,,,,,,,,,,,,,,,,,,,,,,,,,,,,,,,,,,,,,,,,,,,,,,,,,,,,,,,,,,,,,,,,,,,,,,,,,,,,,,,,,,,,,,,,,,,,,,,,,,,,,,,,,,,,,,,,,,,,,,,,,,,,,,,
1974,2,39.0,69.0,1.08,1.25,1.42,1.25,2.0,0.35,24.0,1.0,0.5,0.8,0.0,0.0,0.0,0.0,2.0,0.0,24.0,1.0,0.5,0.8,2.82,2.82,2.83,2.82,2.0,0.0,24.0,1.0,0.5,0.8,74.4,74.4,74.4,74.4,2.0,0.0,24.0,1.0,0.8,8.45,9.0,9.55,9.0,2.0,1.13,24.0,1.0,0.5,0.8,7.94,8.46,8.97,8.46,2.0,1.06,24.0,1.0,0.5,0.8,2.89,3.08,3.26,3.08,2.0,0.39,24.0,1.0,0.5,0.8,1007.97,1008.75,1009.54,1008.75,2.0,1.63,24.0,1.0,0.5,0.8,5.2,5.5,5.8,5.5,2.0,0.7,24.0,1.0,0.5,0.8,67.5,76.7,86.0,76.7,2.0,19.1,24.0,1.0,0.5,0.8,24.6,27.9,31.3,27.9,2.0,7.0,24.0,1.0,0.5,0.8,1.08,1.25,1.42,1.25,2.0,0.35,24.0,1.0,0.5,0.8,10.2,11.1,11.9,11.1,2.0,1.8,24.0,1.0,0.5,0.8,1.28,1.33,1.38,1.33,2.0,0.11,24.0,1.0,0.5,0.8,11.7,11.9,12.2,11.9,2.0,0.5,24.0,1.0,0.5,0.8,0.0,0.0,0.0,0.0,2.0,0.0,24.0,1.0,0.5,0.8,0.0,0.0,0.0,0.0,2.0,0.0,24.0,1.0,0.5,0.8,22.4,23.9,25.3,23.9,2.0,3.0,24.0,1.0,0.5,0.8,8.2,8.7,9.2,8.7,2.0,1.1,24.0,1.0,0.5,0.8,11.0,11.2,11.4,11.2,2.0,0.5,24.0,1.0,0.5,0.8,4.0,4.1,4.2,4.1,2.0,0.2,24.0,1.0,0.5,0.8,613.0,746.5,879.5,746.5,2.0,275.5,24.0,1.0,0.5,0.8,615.0,745.0,880.0,745.0,2.0,275.0,24.0,1.0,0.5,0.8
1974,2,39.0,70.0,1.44,1.95,2.46,1.95,2.0,1.06,14.0,0.5,0.4,0.7,-5.82,-2.85,0.12,-2.85,2.0,6.15,14.0,0.5,0.4,0.7,1.9,2.46,3.02,2.46,2.0,1.16,14.0,0.5,0.4,0.7,74.8,75.9,77.0,75.9,2.0,2.3,14.0,0.5,0.7,5.17,6.4,7.63,6.4,2.0,2.55,14.0,0.5,0.4,0.7,-0.73,0.77,2.26,0.77,2.0,3.1,14.0,0.5,0.4,0.7,-7.35,-5.8,-4.25,-5.8,2.0,3.22,14.0,0.5,0.4,0.7,1006.63,1007.55,1008.47,1007.55,2.0,1.91,14.0,0.5,0.4,0.7,8.0,8.0,8.0,8.0,2.0,0.0,14.0,0.5,0.4,0.7,-7.7,1.0,9.6,1.0,2.0,17.9,14.0,0.5,0.4,0.7,-58.3,-41.2,-24.1,-41.2,2.0,35.4,14.0,0.5,0.4,0.7,1.32,4.8,8.28,4.8,2.0,7.21,14.0,0.5,0.4,0.7,11.7,39.9,68.1,39.9,2.0,58.4,14.0,0.5,0.4,0.7,1.2,1.91,2.63,1.91,2.0,1.49,14.0,0.5,0.4,0.7,7.2,14.1,21.1,14.1,2.0,14.4,14.0,0.5,0.4,0.7,5.4,7.3,9.3,7.3,2.0,4.1,14.0,0.5,0.4,0.7,4.8,26.4,48.1,26.4,2.0,44.9,14.0,0.5,0.4,0.7,-0.4,3.7,7.8,3.7,2.0,8.5,14.0,0.5,0.4,0.7,-13.0,-12.4,-11.8,-12.4,2.0,1.2,14.0,0.5,0.4,0.7,-3.1,-0.8,1.5,-0.8,2.0,4.8,14.0,0.5,0.4,0.7,-20.6,-13.5,-6.4,-13.5,2.0,14.8,14.0,0.5,0.4,0.7,169.5,324.5,479.5,324.5,2.0,321.0,14.0,0.5,0.4,0.7,170.0,325.0,480.0,325.0,2.0,320.0,14.0,0.5,0.4,0.7
1974,2,39.0,71.0,1.2,1.2,1.2,1.2,1.0,0.0,2.0,0.0,0.0,0.9,-1.4,-1.4,-1.4,-1.4,1.0,0.0,2.0,0.0,0.0,0.9,3.39,3.39,3.39,3.39,1.0,0.0,2.0,0.0,0.0,0.9,97.8,97.8,97.8,97.8,1.0,0.0,2.0,0.0,0.9,14.4,14.4,14.4,14.4,1.0,0.0,2.0,0.0,0.0,0.9,-9.26,-9.26,-9.26,-9.26,1.0,0.0,2.0,0.0,0.0,0.9,11.03,11.03,11.03,11.03,1.0,0.0,2.0,0.0,0.0,0.9,997.5,997.5,997.5,997.5,1.0,0.0,2.0,0.0,0.0,0.9,8.0,8.0,8.0,8.0,1.0,0.0,2.0,0.0,0.0,0.9,-133.3,-133.3,-133.3,-133.3,1.0,0.0,2.0,0.0,0.0,0.9,158.8,158.8,158.8,158.8,1.0,0.0,2.0,0.0,0.0,0.9,2.6,2.6,2.6,2.6,1.0,0.0,2.0,0.0,0.0,0.9,37.4,37.4,37.4,37.4,1.0,0.0,2.0,0.0,0.0,0.9,0.8,0.8,0.8,0.8,1.0,0.0,2.0,0.0,0.0,0.9,11.5,11.5,11.5,11.5,1.0,0.0,2.0,0.0,0.0,0.9,13.0,13.0,13.0,13.0,1.0,0.0,2.0,0.0,0.0,0.9,-15.4,-15.4,-15.4,-15.4,1.0,0.0,2.0,0.0,0.0,0.9,-31.4,-31.4,-31.4,-31.4,1.0,0.0,2.0,0.0,0.0,0.9,37.4,37.4,37.4,37.4,1.0,0.0,2.0,0.0,0.0,0.9,-7.4,-7.4,-7.4,-7.4,1.0,0.0,2.0,0.0,0.0,0.9,8.8,8.8,8.8,8.8,1.0,0.0,2.0,0.0,0.0,0.9,2986.0,2986.0,2986.0,2986.0,1.0,0.0,2.0,0.0,0.0,0.9,2985.0,2985.0,2985.0,2985.0,1.0,0.0,2.0,0.0,0.0,0.9
1974,2,40.0,-68.0,0.13,0.2,0.27,0.2,2.0,0.14,12.0,1.0,0.6,0.2,-2.21,-1.6,-0.99,-1.6,2.0,1.27,12.0,1.0,0.6,0.2,3.43,3.43,3.43,3.43,1.0,0.0,14.0,1.0,0.4,0.3,90.9,90.9,90.9,90.9,1.0,0.0,14.0,1.0,0.3,13.63,15.2,16.77,15.2,2.0,3.25,12.0,1.0,0.6,0.2,-16.55,-15.07,-13.59,-15.07,2.0,3.06,12.0,1.0,0.6,0.2,-2.56,-1.52,-0.48,-1.52,2.0,2.15,12.0,1.0,0.6,0.2,965.23,967.45,969.67,967.45,2.0,4.6,12.0,1.0,0.6,0.2,8.0,8.0,8.0,8.0,2.0,0.0,12.0,1.0,0.6,0.2,-280.1,-234.0,-187.9,-234.0,2.0,95.6,12.0,1.0,0.6,0.2,-44.7,-26.6,-8.4,-26.6,2.0,37.6,12.0,1.0,0.6,0.2,1.25,1.8,2.35,1.8,2.0,1.13,12.0,1.0,0.6,0.2,18.1,29.2,40.3,29.2,2.0,23.1,12.0,1.0,0.6,0.2,0.63,0.63,0.63,0.63,1.0,0.0,14.0,1.0,0.4,0.3,8.1,8.1,8.1,8.1,1.0,0.0,14.0,1.0,0.4,0.3,14.4,26.1,37.7,26.1,2.0,24.1,12.0,1.0,0.6,0.2,1.2,3.8,6.4,3.8,2.0,5.4,12.0,1.0,0.6,0.2,-44.2,-44.2,-44.2,-44.2,1.0,0.0,14.0,1.0,0.4,0.3,0.0,0.0,0.0,0.0,1.0,0.0,14.0,1.0,0.4,0.3,-8.1,-8.1,-8.1,-8.1,1.0,0.0,14.0,1.0,0.4,0.3,0.0,0.0,0.0,0.0,1.0,0.0,14.0,1.0,0.4,0.3,2656.5,3753.0,4849.5,3753.0,2.0,2271.5,12.0,1.0,0.6,0.2,2655.0,3755.0,4850.0,3755.0,2.0,2270.0,12.0,1.0,0.6,0.2
1974,2,40.0,-57.0,,,,,,,,,,,,,,,,,,,,,,,,,,,,,,,,,,,,,,,,6.28,6.45,6.62,6.45,2.0,0.35,20.0,1.0,0.4,0.1,-1.78,-1.06,-0.34,-1.06,2.0,1.5,20.0,1.0,0.4,0.1,5.96,6.26,6.56,6.26,2.0,0.62,20.0,1.0,0.4,0.1,973.24,973.75,974.26,973.75,2.0,1.06,20.0,1.0,0.4,0.1,,,,,,,,,,,,,,,,,,,,,,,,,,,,,,,,,,,,,,,,,,,,,,,,,,,,,,,,,,,,,,,,,,,,,,,,,,,,,,,,,,,,,,,,,,,,,,,,,,,,,,,,,,,,,,,,,,,,,,,,,,,,,,,,,,,,,,,,,,,,,,,,,,,,,,
1974,2,40.0,-43.0,13.0,13.0,13.0,13.0,1.0,0.0,16.0,0.0,0.6,0.9,8.9,8.9,8.9,8.9,1.0,0.0,16.0,0.0,0.6,0.9,6.0,6.0,6.0,6.0,1.0,0.0,16.0,0.0,0.6,0.9,86.1,86.1,86.1,86.1,1.0,0.0,16.0,0.0,0.9,5.1,5.1,5.1,5.1,1.0,0.0,16.0,0.0,0.6,0.9,-4.79,-4.79,-4.79,-4.79,1.0,0.0,16.0,0.0,0.6,0.9,1.74,1.74,1.74,1.74,1.0,0.0,16.0,0.0,0.6,0.9,1024.9,1024.9,1024.9,1024.9,1.0,0.0,16.0,0.0,0.6,0.9,2.0,2.0,2.0,2.0,1.0,0.0,16.0,0.0,0.6,0.9,-24.4,-24.4,-24.4,-24.4,1.0,0.0,16.0,0.0,0.6,0.9,8.9,8.9,8.9,8.9,1.0,0.0,16.0,0.0,0.6,0.9,4.1,4.1,4.1,4.1,1.0,0.0,16.0,0.0,0.6,0.9,20.9,20.9,20.9,20.9,1.0,0.0,16.0,0.0,0.6,0.9,3.17,3.17,3.17,3.17,1.0,0.0,16.0,0.0,0.6,0.9,16.2,16.2,16.2,16.2,1.0,0.0,16.0,0.0,0.6,0.9,-42.7,-42.7,-42.7,-42.7,1.0,0.0,16.0,0.0,0.6,0.9,15.5,15.5,15.5,15.5,1.0,0.0,16.0,0.0,0.6,0.9,-28.8,-28.8,-28.8,-28.8,1.0,0.0,16.0,0.0,0.6,0.9,10.5,10.5,10.5,10.5,1.0,0.0,16.0,0.0,0.6,0.9,-15.2,-15.2,-15.2,-15.2,1.0,0.0,16.0,0.0,0.6,0.9,5.5,5.5,5.5,5.5,1.0,0.0,16.0,0.0,0.6,0.9,132.5,132.5,132.5,132.5,1.0,0.0,16.0,0.0,0.6,0.9,135.0,135.0,135.0,135.0,1.0,0.0,16.0,0.0,0.6,0.9
1974,2,40.0,-41.0,18.0,18.0,18.0,18.0,1.0,0.0,10.0,1.0,0.9,0.9,17.0,17.0,17.0,17.0,1.0,0.0,10.0,1.0,0.9,0.9,7.57,7.57,7.57,7.57,1.0,0.0,10.0,1.0,0.9,0.9,63.4,63.4,63.4,63.4,1.0,0.0,10.0,1.0,0.9,10.3,10.3,10.3,10.3,1.0,0.0,10.0,1.0,0.9,0.9,7.89,7.89,7.89,7.89,1.0,0.0,10.0,1.0,0.9,0.9,6.62,6.62,6.62,6.62,1.0,0.0,10.0,1.0,0.9,0.9,1017.5,1017.5,1017.5,1017.5,1.0,0.0,10.0,1.0,0.9,0.9,4.0,4.0,4.0,4.0,1.0,0.0,10.0,1.0,0.9,0.9,81.3,81.3,81.3,81.3,1.0,0.0,10.0,1.0,0.9,0.9,68.2,68.2,68.2,68.2,1.0,0.0,10.0,1.0,0.9,0.9,1.0,1.0,1.0,1.0,1.0,0.0,10.0,1.0,0.9,0.9,10.3,10.3,10.3,10.3,1.0,0.0,10.0,1.0,0.9,0.9,5.19,5.19,5.19,5.19,1.0,0.0,10.0,1.0,0.9,0.9,53.5,53.5,53.5,53.5,1.0,0.0,10.0,1.0,0.9,0.9,134.1,134.1,134.1,134.1,1.0,0.0,10.0,1.0,0.9,0.9,112.6,112.6,112.6,112.6,1.0,0.0,10.0,1.0,0.9,0.9,59.7,59.7,59.7,59.7,1.0,0.0,10.0,1.0,0.9,0.9,50.1,50.1,50.1,50.1,1.0,0.0,10.0,1.0,0.9,0.9,41.0,41.0,41.0,41.0,1.0,0.0,10.0,1.0,0.9,0.9,34.4,34.4,34.4,34.4,1.0,0.0,10.0,1.0,0.9,0.9,1092.5,1092.5,1092.5,1092.5,1.0,0.0,10.0,1.0,0.9,0.9,1095.0,1095.0,1095.0,1095.0,1.0,0.0,10.0,1.0,0.9,0.9
1974,2,40.0,-39.0,20.4,20.4,20.4,20.4,1.0,0.0,26.0,0.0,0.0,0.4,22.2,22.2,22.2,22.2,1.0,0.0,26.0,0.0,0.0,0.4,15.11,15.11,15.11,15.11,1.0,0.0,26.0,0.0,0.0,0.4,90.7,90.7,90.7,90.7,1.0,0.0,26.0,0.0,0.4,7.2,7.2,7.2,7.2,1.0,0.0,26.0,0.0,0.0,0.4,-2.46,-2.46,-2.46,-2.46,1.0,0.0,26.0,0.0,0.0,0.4,-6.77,-6.77,-6.77,-6.77,1.0,0.0,26.0,0.0,0.0,0.4,1012.0,1012.0,1012.0,1012.0,1.0,0.0,26.0,0.0,0.0,0.4,8.0,8.0,8.0,8.0,1.0,0.0,26.0,0.0,0.0,0.4,-17.7,-17.7,-17.7,-17.7,1.0,0.0,26.0,0.0,0.0,0.4,-48.7,-48.7,-48.7,-48.7,1.0,0.0,26.0,0.0,0.0,0.4,-1.8,-1.8,-1.8,-1.8,1.0,0.0,26.0,0.0,0.0,0.4,-13.0,-13.0,-13.0,-13.0,1.0,0.0,26.0,0.0,0.0,0.4,-0.19,-0.19,-0.19,-0.19,1.0,0.0,26.0,0.0,0.0,0.4,-1.3,-1.3,-1.3,-1.3,1.0,0.0,26.0,0.0,0.0,0.4,-54.7,-54.7,-54.7,-54.7,1.0,0.0,26.0,0.0,0.0,0.4,-150.2,-150.2,-150.2,-150.2,1.0,0.0,26.0,0.0,0.0,0.4,-37.2,-37.2,-37.2,-37.2,1.0,0.0,26.0,0.0,0.0,0.4,-102.3,-102.3,-102.3,-102.3,1.0,0.0,26.0,0.0,0.0,0.4,0.5,0.5,0.5,0.5,1.0,0.0,26.0,0.0,0.0,0.4,1.3,1.3,1.3,1.3,1.0,0.0,26.0,0.0,0.0,0.4,373.0,373.0,373.0,373.0,1.0,0.0,26.0,0.0,0.0,0.4,375.0,375.0,375.0,375.0,1.0,0.0,26.0,0.0,0.0,0.4
1974,2,40.0,-38.0,21.0,21.0,21.0,21.0,1.0,0.0,10.0,0.0,0.5,0.5,16.7,16.7,16.7,16.7,1.0,0.0,10.0,0.0,0.5,0.5,6.84,6.84,6.84,6.84,1.0,0.0,10.0,0.0,0.5,0.5,58.4,58.4,58.4,58.4,1.0,0.0,10.0,0.0,0.5,1.5,1.5,1.5,1.5,1.0,0.0,10.0,0.0,0.5,0.5,0.51,0.51,0.51,0.51,1.0,0.0,10.0,0.0,0.5,0.5,1.41,1.41,1.41,1.41,1.0,0.0,10.0,0.0,0.5,0.5,1018.1,1018.1,1018.1,1018.1,1.0,0.0,10.0,0.0,0.5,0.5,1.0,1.0,1.0,1.0,1.0,0.0,10.0,0.0,0.5,0.5,0.8,0.8,0.8,0.8,1.0,0.0,10.0,0.0,0.5,0.5,2.1,2.1,2.1,2.1,1.0,0.0,10.0,0.0,0.5,0.5,4.3,4.3,4.3,4.3,1.0,0.0,10.0,0.0,0.5,0.5,6.5,6.5,6.5,6.5,1.0,0.0,10.0,0.0,0.5,0.5,8.56,8.56,8.56,8.56,1.0,0.0,10.0,0.0,0.5,0.5,12.8,12.8,12.8,12.8,1.0,0.0,10.0,0.0,0.5,0.5,8.6,8.6,8.6,8.6,1.0,0.0,10.0,0.0,0.5,0.5,23.5,23.5,23.5,23.5,1.0,0.0,10.0,0.0,0.5,0.5,3.5,3.5,3.5,3.5,1.0,0.0,10.0,0.0,0.5,0.5,9.6,9.6,9.6,9.6,1.0,0.0,10.0,0.0,0.5,0.5,4.4,4.4,4.4,4.4,1.0,0.0,10.0,0.0,0.5,0.5,12.1,12.1,12.1,12.1,1.0,0.0,10.0,0.0,0.5,0.5,3.5,3.5,3.5,3.5,1.0,0.0,10.0,0.0,0.5,0.5,5.0,5.0,5.0,5.0,1.0,0.0,10.0,0.0,0.5,0.5
1974,2,40.0,-37.0,,,,,,,,,,,,,,,,,,,,,,,,,,,,,,,,,,,,,,,,8.0,8.0,8.0,8.0,1.0,0.0,18.0,1.0,0.2,0.5,0.0,0.0,0.0,0.0,1.0,0.0,18.0,1.0,0.2,0.5,-8.0,-8.0,-8.0,-8.0,1.0,0.0,18.0,1.0,0.2,0.5,1008.2,1008.2,1008.2,1008.2,1.0,0.0,18.0,1.0,0.2,0.5,,,,,,,,,,,,,,,,,,,,,,,,,,,,,,,,,,,,,,,,,,,,,,,,,,,,,,,,,,,,,,,,,,,,,,,,,,,,,,,,,,,,,,,,,,,,,,,,,,,,,,,,,,,,,,,,,,,,,,,,,,,,,,,,,,,,,,,,,,,,,,,,,,,,,,
1974,2,40.0,-34.0,25.6,25.6,25.6,25.6,1.0,0.0,12.0,1.0,0.7,0.9,25.6,25.6,25.6,25.6,1.0,0.0,12.0,1.0,0.7,0.9,16.4,16.4,16.4,16.4,1.0,0.0,12.0,1.0,0.7,0.9,80.5,80.5,80.5,80.5,1.0,0.0,12.0,1.0,0.9,6.7,6.7,6.7,6.7,1.0,0.0,12.0,1.0,0.7,0.9,-6.6,-6.6,-6.6,-6.6,1.0,0.0,12.0,1.0,0.7,0.9,1.16,1.16,1.16,1.16,1.0,0.0,12.0,1.0,0.7,0.9,1016.8,1016.8,1016.8,1016.8,1.0,0.0,12.0,1.0,0.7,0.9,4.0,4.0,4.0,4.0,1.0,0.0,12.0,1.0,0.7,0.9,-44.2,-44.2,-44.2,-44.2,1.0,0.0,12.0,1.0,0.7,0.9,7.8,7.8,7.8,7.8,1.0,0.0,12.0,1.0,0.7,0.9,0.0,0.0,0.0,0.0,1.0,0.0,12.0,1.0,0.7,0.9,0.0,0.0,0.0,0.0,1.0,0.0,12.0,1.0,0.7,0.9,4.02,4.02,4.02,4.02,1.0,0.0,12.0,1.0,0.7,0.9,27.0,27.0,27.0,27.0,1.0,0.0,12.0,1.0,0.7,0.9,-168.9,-168.9,-168.9,-168.9,1.0,0.0,12.0,1.0,0.7,0.9,29.8,29.8,29.8,29.8,1.0,0.0,12.0,1.0,0.7,0.9,-108.2,-108.2,-108.2,-108.2,1.0,0.0,12.0,1.0,0.7,0.9,19.1,19.1,19.1,19.1,1.0,0.0,12.0,1.0,0.7,0.9,-26.5,-26.5,-26.5,-26.5,1.0,0.0,12.0,1.0,0.7,0.9,4.7,4.7,4.7,4.7,1.0,0.0,12.0,1.0,0.7,0.9,301.0,301.0,301.0,301.0,1.0,0.0,12.0,1.0,0.7,0.9,300.0,300.0,300.0,300.0,1.0,0.0,12.0,1.0,0.7,0.9
1974,2,40.0,-33.0,25.36,25.5,25.84,25.6,3.0,0.36,10.0,1.0,0.2,0.6,25.72,26.2,26.27,26.0,3.0,0.44,10.0,1.0,0.3,0.8,16.67,18.06,18.55,17.62,3.0,1.43,10.0,1.0,0.3,0.8,78.5,85.1,89.8,84.1,3.0,8.3,10.0,1.0,0.8,2.48,6.15,8.78,5.65,4.0,3.82,8.0,1.0,0.3,0.7,-3.53,-1.24,-0.79,-2.12,4.0,2.14,8.0,1.0,0.3,0.7,-7.79,-5.16,-2.18,-4.99,4.0,3.66,8.0,1.0,0.3,0.7,1011.19,1013.95,1016.76,1013.98,4.0,3.47,8.0,1.0,0.3,0.7,1.5,3.5,6.6,4.0,4.0,3.2,8.0,1.0,0.3,0.7,-29.8,-9.0,-1.8,-15.5,4.0,19.5,8.0,1.0,0.3,0.7,-69.1,-34.0,-8.1,-38.4,4.0,37.7,8.0,1.0,0.3,0.7,-0.88,-0.85,-0.82,-0.85,2.0,0.07,12.0,1.0,0.3,0.8,-7.6,-5.8,-4.1,-5.8,2.0,3.6,12.0,1.0,0.3,0.8,2.44,3.2,3.95,3.2,2.0,1.57,12.0,1.0,0.3,0.8,17.9,18.5,19.1,18.5,2.0,1.2,12.0,1.0,0.3,0.8,-105.2,-42.3,-26.2,-65.1,3.0,61.1,10.0,1.0,0.3,0.8,-214.6,-160.2,-123.3,-168.8,3.0,67.3,10.0,1.0,0.3,0.8,-76.8,-29.2,-17.0,-46.5,3.0,46.3,10.0,1.0,0.3,0.8,-150.4,-118.0,-81.6,-116.0,3.0,50.4,10.0,1.0,0.3,0.8,-3.3,-3.2,-3.1,-3.2,2.0,0.2,12.0,1.0,0.3,0.8,-18.8,-18.2,-17.7,-18.2,2.0,1.2,12.0,1.0,0.3,0.8,33.5,310.0,684.0,356.5,4.0,386.5,8.0,1.0,0.3,0.7,35.0,310.0,685.0,355.0,4.0,385.0,8.0,1.0,0.3,0.7
1974,2,40.0,-32.0,26.3,26.3,26.3,26.3,1.0,0.0,20.0,1.0,0.0,0.7,25.6,25.6,25.6,25.6,1.0,0.0,20.0,1.0,0.0,0.7,14.33,14.33,14.33,14.33,1.0,0.0,20.0,1.0,0.0,0.7,70.3,70.3,70.3,70.3,1.0,0.0,20.0,1.0,0.7,2.1,2.1,2.1,2.1,1.0,0.0,20.0,1.0,0.0,0.7,1.82,1.82,1.82,1.82,1.0,0.0,20.0,1.0,0.0,0.7,1.05,1.05,1.05,1.05,1.0,0.0,20.0,1.0,0.0,0.7,1015.1,1015.1,1015.1,1015.1,1.0,0.0,20.0,1.0,0.0,0.7,1.0,1.0,1.0,1.0,1.0,0.0,20.0,1.0,0.0,0.7,3.8,3.8,3.8,3.8,1.0,0.0,20.0,1.0,0.0,0.7,2.2,2.2,2.2,2.2,1.0,0.0,20.0,1.0,0.0,0.7,0.7,0.7,0.7,0.7,1.0,0.0,20.0,1.0,0.0,0.7,1.5,1.5,1.5,1.5,1.0,0.0,20.0,1.0,0.0,0.7,7.01,7.01,7.01,7.01,1.0,0.0,20.0,1.0,0.0,0.7,14.7,14.7,14.7,14.7,1.0,0.0,20.0,1.0,0.0,0.7,46.6,46.6,46.6,46.6,1.0,0.0,20.0,1.0,0.0,0.7,26.9,26.9,26.9,26.9,1.0,0.0,20.0,1.0,0.0,0.7,26.1,26.1,26.1,26.1,1.0,0.0,20.0,1.0,0.0,0.7,15.0,15.0,15.0,15.0,1.0,0.0,20.0,1.0,0.0,0.7,12.7,12.7,12.7,12.7,1.0,0.0,20.0,1.0,0.0,0.7,7.4,7.4,7.4,7.4,1.0,0.0,20.0,1.0,0.0,0.7,9.5,9.5,9.5,9.5,1.0,0.0,20.0,1.0,0.0,0.7,10.0,10.0,10.0,10.0,1.0,0.0,20.0,1.0,0.0,0.7
1974,2,40.0,-31.0,25.83,25.9,26.31,26.07,3.0,0.38,14.0,0.7,0.3,0.6,23.71,24.8,25.62,24.67,3.0,1.4,14.0,0.7,0.3,0.6,16.39,16.43,17.36,16.87,3.0,0.81,14.0,0.7,0.3,0.6,84.1,84.6,90.3,87.2,3.0,5.0,14.0,0.7,0.6,5.9,8.7,9.45,7.7,3.0,2.74,14.0,0.7,0.3,0.6,-3.34,0.0,3.14,-0.1,3.0,4.75,14.0,0.7,0.3,0.6,2.69,8.49,8.63,5.73,3.0,4.96,14.0,0.7,0.3,0.6,1010.11,1012.7,1014.34,1012.23,3.0,3.13,14.0,0.7,0.3,0.6,4.6,6.0,7.4,6.0,3.0,2.0,14.0,0.7,0.3,0.6,-32.8,0.0,14.4,-9.0,3.0,35.4,14.0,0.7,0.3,0.6,24.0,75.7,80.8,53.0,3.0,46.0,14.0,0.7,0.3,0.6,0.69,1.1,2.12,1.4,3.0,1.08,14.0,0.7,0.3,0.6,6.4,10.8,11.6,9.0,3.0,4.1,14.0,0.7,0.3,0.6,4.04,4.28,4.44,4.24,3.0,0.29,14.0,0.7,0.3,0.6,24.3,34.2,41.1,32.7,3.0,12.3,14.0,0.7,0.3,0.6,-82.9,0.0,72.8,-4.9,3.0,114.2,14.0,0.7,0.3,0.6,66.8,210.5,221.2,145.6,3.0,126.3,14.0,0.7,0.3,0.6,-54.8,0.0,51.6,-1.5,3.0,77.9,14.0,0.7,0.3,0.6,44.1,138.9,149.8,97.9,3.0,85.2,14.0,0.7,0.3,0.6,-15.1,0.0,13.4,-0.8,3.0,20.9,14.0,0.7,0.3,0.6,10.9,34.2,37.0,24.2,3.0,21.0,14.0,0.7,0.3,0.6,275.5,658.5,851.5,565.5,3.0,429.5,14.0,0.7,0.3,0.6,275.0,660.0,850.0,565.0,3.0,430.0,14.0,0.7,0.3,0.6
1974,2,40.0,-30.0,26.22,27.0,27.87,27.01,9.0,1.05,18.0,0.8,0.5,0.7,25.6,25.9,27.66,26.37,10.0,1.36,18.0,0.7,0.5,0.6,14.18,15.88,19.21,16.45,8.0,2.32,18.0,0.9,0.5,0.6,68.8,78.0,84.6,77.4,8.0,7.9,18.0,0.9,0.6,1.69,5.85,11.02,6.31,10.0,4.57,18.0,0.7,0.5,0.6,-6.1,-2.15,0.5,-2.31,10.0,3.63,18.0,0.7,0.5,0.6,-3.2,0.9,9.45,2.27,10.0,6.35,18.0,0.7,0.5,0.6,1009.39,1011.9,1015.27,1012.18,10.0,2.85,18.0,0.7,0.5,0.6,1.9,3.0,4.6,3.1,10.0,1.6,18.0,0.7,0.5,0.6,-59.9,-9.1,0.5,-21.7,10.0,30.2,18.0,0.7,0.5,0.6,-27.8,1.9,101.0,26.5,10.0,75.3,18.0,0.7,0.5,0.6,-0.75,-0.2,1.93,0.36,9.0,1.45,18.0,0.8,0.5,0.7,-5.0,-0.5,16.8,4.5,9.0,12.3,18.0,0.8,0.5,0.7,2.71,5.89,9.49,5.77,7.0,3.38,18.0,1.0,0.4,0.6,18.6,28.4,80.7,47.5,7.0,39.1,18.0,1.0,0.4,0.6,-163.9,-60.1,12.9,-62.7,10.0,97.0,18.0,0.7,0.5,0.6,-88.2,24.5,249.5,57.8,10.0,167.2,18.0,0.7,0.5,0.6,-123.0,-54.7,0.0,-47.4,8.0,72.1,18.0,0.9,0.5,0.6,-96.1,10.1,157.9,25.2,8.0,115.6,18.0,0.9,0.5,0.6,-28.3,-19.7,0.3,-19.0,7.0,19.6,18.0,1.0,0.4,0.6,-16.6,9.6,76.2,26.4,7.0,50.4,18.0,1.0,0.4,0.6,8.0,200.5,1408.5,622.0,10.0,853.0,18.0,0.7,0.5,0.6,10.0,200.0,1410.0,620.0,10.0,855.0,18.0,0.7,0.5,0.6
1974,2,40.0,-29.0,26.65,28.0,28.95,27.44,23.0,1.43,14.0,0.7,0.4,0.6,26.08,27.1,28.92,27.39,25.0,1.28,14.0,0.8,0.4,0.6,14.9,16.63,19.0,17.02,20.0,1.89,16.0,0.8,0.4,0.6,69.9,73.2,81.7,74.9,21.0,7.2,16.0,0.7,0.7,3.1,5.1,10.3,6.05,24.0,2.89,14.0,0.8,0.4,0.6,-6.65,-3.98,-1.75,-3.98,24.0,2.96,14.0,0.8,0.4,0.6,-2.61,0.0,4.78,0.77,24.0,4.54,14.0,0.8,0.4,0.6,1010.86,1014.05,1015.41,1013.4,24.0,2.68,14.0,0.8,0.4,0.6,1.0,3.0,5.2,3.2,25.0,1.8,14.0,0.8,0.4,0.6,-51.3,-21.4,-4.9,-28.2,24.0,30.4,14.0,0.8,0.4,0.6,-21.2,0.0,26.1,7.6,24.0,44.0,14.0,0.8,0.4,0.6,-1.05,0.4,2.16,0.19,23.0,2.19,14.0,0.7,0.4,0.6,-9.5,1.9,10.3,2.7,22.0,15.3,14.0,0.7,0.4,0.6,4.8,6.71,8.64,6.48,19.0,1.86,16.0,0.7,0.4,0.7,20.2,36.5,69.8,42.5,18.0,25.0,16.0,0.7,0.4,0.7,-188.5,-109.6,-47.6,-110.1,24.0,81.7,14.0,0.8,0.4,0.6,-75.4,0.0,126.5,19.6,24.0,122.3,14.0,0.8,0.4,0.6,-130.1,-71.5,-29.8,-80.1,19.0,49.2,16.0,0.7,0.4,0.6,-58.7,0.0,97.1,13.2,19.0,83.7,16.0,0.7,0.4,0.6,-42.8,-25.7,-10.6,-27.7,18.0,18.1,16.0,0.7,0.4,0.7,-15.7,3.0,56.1,9.8,18.0,36.0,16.0,0.7,0.4,0.7,30.0,132.5,1092.5,381.5,24.0,485.5,14.0,0.8,0.4,0.6,30.0,135.0,1095.0,380.0,24.0,485.0,14.0,0.8,0.4,0.6
1974,2,40.0,-28.0,27.0,27.5,28.0,27.45,17.0,0.75,10.0,0.4,0.5,0.6,26.33,27.6,28.97,27.58,21.0,1.06,12.0,0.5,0.5,0.6,17.42,18.07,19.69,18.34,17.0,1.42,12.0,0.5,0.5,0.6,72.2,78.6,85.2,79.3,17.0,6.5,12.0,0.5,0.6,4.6,7.7,10.21,7.53,21.0,2.51,12.0,0.5,0.5,0.6,-10.06,-6.93,-3.58,-6.7,21.0,3.03,12.0,0.5,0.5,0.6,-2.84,0.0,1.45,-0.5,21.0,3.04,12.0,0.5,0.5,0.6,1010.59,1012.1,1014.5,1012.83,21.0,2.93,12.0,0.5,0.5,0.6,1.0,3.0,4.0,2.8,20.0,1.7,12.0,0.5,0.5,0.6,-102.8,-49.0,-17.3,-56.9,21.0,41.2,12.0,0.5,0.5,0.6,-23.6,0.0,6.8,-5.1,21.0,22.1,12.0,0.5,0.5,0.6,-1.0,0.0,0.4,-0.16,17.0,0.72,10.0,0.4,0.5,0.6,-8.7,0.0,3.1,-1.9,17.0,6.3,10.0,0.4,0.5,0.6,2.66,4.67,6.13,4.57,15.0,1.79,12.0,0.5,0.5,0.6,19.7,29.5,54.0,35.5,15.0,16.4,12.0,0.5,0.5,0.6,-290.3,-182.0,-95.5,-185.6,21.0,85.6,12.0,0.5,0.5,0.6,-74.6,0.0,41.9,-14.6,21.0,82.6,12.0,0.5,0.5,0.6,-176.5,-113.2,-68.0,-122.1,17.0,58.7,12.0,0.5,0.5,0.6,-40.6,0.0,34.0,-2.7,17.0,58.1,12.0,0.5,0.5,0.6,-54.0,-25.3,-13.7,-30.9,15.0,17.9,12.0,0.5,0.5,0.6,-12.3,0.0,12.0,0.1,15.0,16.7,12.0,0.5,0.5,0.6,97.5,456.5,1066.5,563.0,21.0,484.5,12.0,0.5,0.5,0.6,95.0,455.0,1065.0,565.0,21.0,485.0,12.0,0.5,0.5,0.6
1974,2,40.0,-27.0,27.9,28.75,29.6,28.75,2.0,1.77,10.0,0.5,0.0,0.6,25.83,26.55,27.27,26.55,2.0,1.48,10.0,0.5,0.0,0.6,17.46,17.96,18.46,17.96,2.0,1.03,10.0,0.5,0.0,0.6,81.4,82.6,83.9,82.6,2.0,2.6,10.0,0.5,0.6,6.85,8.25,9.65,8.25,2.0,2.9,10.0,0.5,0.0,0.6,-4.9,-2.91,-0.92,-2.91,2.0,4.12,10.0,0.5,0.0,0.6,-0.15,4.09,8.33,4.09,2.0,8.78,10.0,0.5,0.0,0.6,1009.15,1009.7,1010.25,1009.7,2.0,1.13,10.0,0.5,0.0,0.6,3.5,4.5,5.5,4.5,2.0,2.1,10.0,0.5,0.0,0.6,-30.4,-18.1,-5.7,-18.1,2.0,25.5,10.0,0.5,0.0,0.6,5.8,46.5,87.2,46.5,2.0,84.3,10.0,0.5,0.0,0.6,2.06,2.2,2.34,2.2,2.0,0.28,10.0,0.5,0.0,0.6,15.8,17.7,19.7,17.7,2.0,4.0,10.0,0.5,0.0,0.6,6.15,6.92,7.68,6.92,2.0,1.59,10.0,0.5,0.0,0.6,51.4,54.8,58.1,54.8,2.0,7.0,10.0,0.5,0.0,0.6,-135.3,-80.4,-25.5,-80.4,2.0,113.7,10.0,0.5,0.0,0.6,-7.6,102.1,211.7,102.1,2.0,227.1,10.0,0.5,0.0,0.6,-91.6,-54.4,-17.3,-54.4,2.0,77.0,10.0,0.5,0.0,0.6,-5.2,68.9,143.1,68.9,2.0,153.5,10.0,0.5,0.0,0.6,-39.4,-23.4,-7.4,-23.4,2.0,33.1,10.0,0.5,0.0,0.6,-4.9,21.3,47.5,21.3,2.0,54.3,10.0,0.5,0.0,0.6,374.0,665.5,957.0,665.5,2.0,604.0,10.0,0.5,0.0,0.6,375.0,665.0,955.0,665.0,2.0,605.0,10.0,0.5,0.0,0.6
1974,2,40.0,-26.0,27.66,28.0,28.34,28.0,2.0,0.71,24.0,0.5,0.1,0.2,26.62,27.95,29.28,27.95,2.0,2.76,24.0,0.5,0.1,0.2,17.1,17.4,17.7,17.4,2.0,0.63,24.0,0.5,0.1,0.2,69.9,74.4,78.9,74.4,2.0,9.4,24.0,0.5,0.2,6.6,7.45,8.3,7.45,2.0,1.77,24.0,0.5,0.1,0.2,-7.8,-7.0,-6.2,-7.0,2.0,1.66,24.0,0.5,0.1,0.2,2.26,2.55,2.84,2.55,2.0,0.6,24.0,0.5,0.1,0.2,1012.73,1013.45,1014.17,1013.45,2.0,1.48,24.0,0.5,0.1,0.2,1.0,1.0,1.0,1.0,2.0,0.0,24.0,0.5,0.1,0.2,-65.6,-53.6,-41.7,-53.6,2.0,24.8,24.0,0.5,0.1,0.2,15.2,19.5,23.9,19.5,2.0,9.0,24.0,0.5,0.1,0.2,-0.94,0.05,1.04,0.05,2.0,2.05,24.0,0.5,0.1,0.2,-5.2,2.2,9.6,2.2,2.0,15.4,24.0,0.5,0.1,0.2,6.07,6.26,6.45,6.26,2.0,0.4,24.0,0.5,0.1,0.2,42.4,46.3,50.2,46.3,2.0,8.1,24.0,0.5,0.1,0.2,-206.5,-193.4,-180.3,-193.4,2.0,27.1,24.0,0.5,0.1,0.2,65.6,70.4,75.1,70.4,2.0,9.9,24.0,0.5,0.1,0.2,-133.1,-121.3,-109.5,-121.3,2.0,24.5,24.0,0.5,0.1,0.2,39.8,44.1,48.5,44.1,2.0,8.9,24.0,0.5,0.1,0.2,-47.2,-43.5,-39.8,-43.5,2.0,7.6,24.0,0.5,0.1,0.2,14.5,15.8,17.2,15.8,2.0,2.8,24.0,0.5,0.1,0.2,305.0,448.5,592.0,448.5,2.0,297.0,24.0,0.5,0.1,0.2,305.0,450.0,590.0,450.0,2.0,295.0,24.0,0.5,0.1,0.2
1974,2,40.0,-24.0,,,,,,,,,,,,,,,,,,,,,,,,,,,,,,,,,,,,,,,,4.0,4.0,4.0,4.0,1.0,0.0,8.0,1.0,0.1,0.5,-3.46,-3.46,-3.46,-3.46,1.0,0.0,8.0,1.0,0.1,0.5,-2.0,-2.0,-2.0,-2.0,1.0,0.0,8.0,1.0,0.1,0.5,1005.4,1005.4,1005.4,1005.4,1.0,0.0,8.0,1.0,0.1,0.5,,,,,,,,,,,,,,,,,,,,,,,,,,,,,,,,,,,,,,,,,,,,,,,,,,,,,,,,,,,,,,,,,,,,,,,,,,,,,,,,,,,,,,,,,,,,,,,,,,,,,,,,,,,,,,,,,,,,,,,,,,,,,,,,,,,,,,,,,,,,,,,,,,,,,,
1974,2,40.0,-23.0,28.02,29.0,30.24,28.73,7.0,2.17,20.0,0.4,0.4,0.7,27.99,28.0,29.04,28.39,7.0,0.74,20.0,0.4,0.4,0.7,18.06,18.21,19.13,18.46,6.0,0.66,22.0,0.5,0.4,0.7,72.0,75.4,80.7,75.9,6.0,4.8,22.0,0.5,0.7,4.5,5.1,5.19,4.87,7.0,1.29,20.0,0.4,0.4,0.7,-5.02,-3.98,-2.39,-3.69,7.0,1.26,20.0,0.4,0.4,0.7,-1.16,0.89,2.4,0.21,7.0,3.44,20.0,0.4,0.4,0.7,1008.36,1010.0,1012.14,1009.69,7.0,2.48,20.0,0.4,0.4,0.7,2.0,3.0,6.0,3.9,7.0,2.0,20.0,0.4,0.4,0.7,-25.6,-18.3,-12.7,-18.0,7.0,7.1,20.0,0.4,0.4,0.7,-6.5,3.4,11.2,-1.4,7.0,21.5,20.0,0.4,0.4,0.7,-0.84,0.4,2.06,0.34,7.0,2.17,20.0,0.4,0.4,0.7,-3.9,2.0,9.9,2.3,7.0,12.5,20.0,0.4,0.4,0.7,3.9,6.44,7.92,5.89,6.0,2.61,22.0,0.5,0.4,0.7,15.8,25.3,37.3,26.0,6.0,13.1,22.0,0.5,0.4,0.7,-141.1,-111.5,-66.2,-105.2,7.0,37.6,20.0,0.4,0.4,0.7,-33.8,24.8,67.2,5.8,7.0,95.8,20.0,0.4,0.4,0.7,-89.3,-79.9,-47.9,-71.7,6.0,21.3,22.0,0.5,0.4,0.7,-3.3,19.6,52.5,25.5,6.0,36.0,22.0,0.5,0.4,0.7,-33.4,-21.5,-10.7,-22.8,6.0,13.8,22.0,0.5,0.4,0.7,-1.6,5.2,18.2,6.7,6.0,10.8,22.0,0.5,0.4,0.7,93.5,132.5,142.5,136.0,7.0,100.0,20.0,0.4,0.4,0.7,95.0,135.0,145.0,135.0,7.0,100.0,20.0,0.4,0.4,0.7
1974,2,40.0,-22.0,28.36,29.3,30.0,29.08,17.0,0.76,16.0,0.4,0.5,0.5,27.69,28.4,30.0,28.46,19.0,1.27,16.0,0.4,0.5,0.4,16.95,17.75,18.3,17.63,15.0,0.93,18.0,0.3,0.6,0.5,70.5,73.9,79.9,74.4,15.0,5.8,18.0,0.3,0.5,2.94,4.1,6.34,4.38,19.0,2.32,16.0,0.4,0.5,0.4,-4.45,-3.52,-0.88,-3.07,19.0,1.78,16.0,0.4,0.5,0.4,-3.26,0.0,2.98,-0.39,19.0,3.51,16.0,0.4,0.5,0.4,1007.7,1011.2,1013.0,1009.98,19.0,3.39,16.0,0.4,0.5,0.4,2.0,3.0,6.3,3.8,18.0,2.1,16.0,0.4,0.5,0.4,-32.9,-13.6,-2.6,-16.6,19.0,13.4,16.0,0.4,0.5,0.4,-16.1,0.0,11.2,-3.3,19.0,25.1,16.0,0.4,0.5,0.4,-0.4,0.4,1.45,0.52,17.0,1.0,16.0,0.4,0.5,0.5,-1.7,0.0,6.1,2.7,17.0,7.0,16.0,0.4,0.5,0.5,5.64,7.44,8.51,7.33,13.0,1.63,16.0,0.3,0.6,0.5,17.7,30.5,42.2,31.2,13.0,16.6,16.0,0.3,0.6,0.5,-120.7,-100.0,-26.8,-86.8,19.0,50.7,16.0,0.4,0.5,0.4,-92.9,0.0,85.5,-9.4,19.0,98.4,16.0,0.4,0.5,0.4,-78.4,-63.3,-38.2,-58.7,15.0,30.7,18.0,0.3,0.6,0.5,-60.3,0.0,49.2,-10.0,15.0,57.0,18.0,0.3,0.6,0.5,-31.5,-22.7,-12.5,-21.4,13.0,11.7,16.0,0.3,0.6,0.5,-26.2,0.0,20.7,-1.7,13.0,26.3,16.0,0.3,0.6,0.5,25.5,69.0,257.5,152.0,19.0,205.0,16.0,0.4,0.5,0.4,25.0,70.0,260.0,150.0,19.0,205.0,16.0,0.4,0.5,0.4
1974,2,40.0,-21.0,27.0,28.25,29.33,28.0,8.0,1.52,16.0,0.5,0.6,0.4,27.05,28.5,29.42,28.46,9.0,1.27,18.0,0.6,0.6,0.4,17.98,18.26,18.58,18.16,7.0,0.66,16.0,0.6,0.7,0.3,72.8,74.6,75.7,74.6,7.0,5.8,16.0,0.6,0.3,2.66,3.35,4.53,3.53,8.0,1.01,20.0,0.6,0.6,0.5,-2.6,-2.31,-0.22,-1.72,8.0,1.45,20.0,0.6,0.6,0.5,-3.03,0.27,2.31,0.0,8.0,3.12,20.0,0.6,0.6,0.5,1008.03,1009.5,1011.95,1009.84,9.0,2.18,18.0,0.6,0.6,0.4,1.1,3.5,6.8,3.8,8.0,2.8,18.0,0.6,0.7,0.3,-10.2,-7.5,-0.7,-6.2,8.0,4.8,20.0,0.6,0.6,0.5,-12.0,0.8,7.0,-0.2,8.0,13.8,20.0,0.6,0.6,0.5,-3.4,0.65,1.44,-0.32,8.0,2.24,16.0,0.5,0.6,0.4,-8.3,2.5,6.9,-0.1,7.0,8.0,18.0,0.6,0.6,0.5,4.03,5.55,7.83,5.67,7.0,2.3,16.0,0.6,0.7,0.3,8.1,20.9,29.9,20.4,6.0,12.2,18.0,0.7,0.7,0.4,-75.6,-66.6,-6.0,-48.9,8.0,42.2,20.0,0.6,0.6,0.5,-89.3,7.7,63.2,-1.4,8.0,87.8,20.0,0.6,0.6,0.5,-48.6,-42.6,4.0,-28.0,6.0,30.1,18.0,0.7,0.7,0.4,-55.7,4.9,46.3,2.6,6.0,60.8,18.0,0.7,0.7,0.4,-20.2,-10.7,0.9,-10.0,6.0,11.6,18.0,0.7,0.7,0.4,-10.5,2.1,11.7,0.3,6.0,19.9,18.0,0.7,0.7,0.4,19.0,38.0,93.5,53.5,8.0,42.5,20.0,0.6,0.6,0.5,20.0,40.0,95.0,55.0,8.0,45.0,20.0,0.6,0.6,0.5
1974,2,40.0,-20.0,28.39,29.0,30.0,29.21,15.0,0.79,12.0,0.1,0.4,0.5,26.61,27.5,28.48,27.54,15.0,1.08,12.0,0.1,0.4,0.5,17.46,17.99,18.91,18.06,14.0,0.85,12.0,0.1,0.4,0.5,72.4,77.9,84.2,78.4,14.0,6.3,12.0,0.1,0.5,1.53,3.0,5.76,3.78,11.0,2.77,14.0,0.2,0.5,0.5,-4.4,-2.55,0.0,-2.49,11.0,2.24,14.0,0.2,0.5,0.5,-3.37,0.0,3.15,-0.21,11.0,3.39,14.0,0.2,0.5,0.5,1007.2,1009.6,1011.31,1009.49,15.0,1.92,12.0,0.1,0.4,0.5,2.0,4.0,6.0,3.9,14.0,2.1,12.0,0.1,0.4,0.5,-24.1,-6.8,0.0,-14.6,11.0,19.6,14.0,0.2,0.5,0.5,-13.5,0.0,12.7,-2.1,11.0,23.0,14.0,0.2,0.5,0.5,0.62,2.0,2.58,1.67,15.0,1.03,12.0,0.1,0.4,0.5,0.0,3.1,10.7,6.4,11.0,8.0,14.0,0.2,0.5,0.5,5.41,7.73,9.69,7.48,14.0,1.8,12.0,0.1,0.4,0.5,8.2,22.6,44.8,27.6,11.0,21.1,14.0,0.2,0.5,0.5,-122.4,-68.8,0.0,-68.0,11.0,59.9,14.0,0.2,0.5,0.5,-91.8,0.0,88.0,-4.5,11.0,91.9,14.0,0.2,0.5,0.5,-81.6,-44.5,0.0,-45.2,11.0,40.7,14.0,0.2,0.5,0.5,-57.3,0.0,56.1,-3.4,11.0,60.4,14.0,0.2,0.5,0.5,-28.8,-15.2,0.0,-17.1,11.0,16.1,14.0,0.2,0.5,0.5,-30.4,0.0,25.1,-1.7,11.0,26.4,14.0,0.2,0.5,0.5,10.5,27.0,202.0,140.5,11.0,238.0,14.0,0.2,0.5,0.5,10.0,25.0,200.0,140.0,11.0,240.0,14.0,0.2,0.5,0.5
1974,2,40.0,-19.0,27.8,29.0,30.0,28.83,17.0,1.14,12.0,0.5,0.3,0.6,26.77,27.8,28.84,27.73,17.0,1.25,12.0,0.5,0.3,0.6,17.69,18.7,19.91,19.2,13.0,1.89,14.0,0.5,0.3,0.7,75.2,83.7,87.6,82.4,13.0,7.1,14.0,0.5,0.7,0.27,2.6,5.98,3.46,17.0,3.84,12.0,0.5,0.3,0.6,-5.14,-0.89,0.0,-1.97,17.0,2.97,12.0,0.5,0.3,0.6,-3.67,0.0,1.07,-1.39,17.0,3.52,12.0,0.5,0.3,0.6,1008.47,1009.5,1011.45,1009.79,17.0,1.38,12.0,0.5,0.3,0.6,2.0,5.0,7.0,4.4,17.0,2.3,12.0,0.5,0.3,0.6,-32.1,-0.9,0.0,-16.1,17.0,31.0,12.0,0.5,0.3,0.6,-16.7,0.0,3.4,-15.1,17.0,39.7,12.0,0.5,0.3,0.6,-0.45,0.7,3.0,1.1,17.0,1.67,12.0,0.5,0.3,0.6,-0.2,0.4,12.0,5.8,17.0,11.0,12.0,0.5,0.3,0.6,3.09,5.35,7.54,5.49,13.0,2.58,14.0,0.5,0.3,0.7,0.0,11.6,34.7,19.8,13.0,28.2,14.0,0.5,0.3,0.7,-141.9,-24.2,0.0,-53.1,17.0,80.7,12.0,0.5,0.3,0.6,-99.9,0.0,29.8,-37.3,17.0,96.9,12.0,0.5,0.3,0.6,-79.4,-14.3,0.0,-36.9,13.0,52.8,14.0,0.5,0.3,0.7,-46.0,0.0,17.4,-16.9,13.0,47.7,14.0,0.5,0.3,0.7,-30.0,-2.4,0.0,-14.8,13.0,25.7,14.0,0.5,0.3,0.7,-11.6,0.0,5.8,-4.3,13.0,17.5,14.0,0.5,0.3,0.7,0.0,17.5,229.5,256.0,17.0,609.5,12.0,0.5,0.3,0.6,0.0,20.0,230.0,255.0,17.0,610.0,12.0,0.5,0.3,0.6
1974,2,40.0,-18.0,27.72,28.35,29.15,28.43,34.0,0.87,14.0,0.6,0.3,0.7,26.38,27.5,29.5,27.73,35.0,1.71,14.0,0.6,0.3,0.7,17.32,18.53,20.55,19.11,29.0,2.29,14.0,0.6,0.3,0.7,73.5,80.7,94.7,82.0,29.0,9.3,14.0,0.6,0.7,1.28,3.35,5.92,3.49,36.0,2.39,14.0,0.7,0.3,0.7,-3.42,0.0,1.3,-0.89,36.0,2.81,14.0,0.7,0.3,0.7,-4.18,-0.31,1.5,-0.78,36.0,2.98,14.0,0.7,0.3,0.7,1007.64,1009.4,1011.93,1009.45,37.0,2.39,14.0,0.6,0.3,0.7,3.0,6.0,8.0,5.4,36.0,2.4,14.0,0.6,0.3,0.7,-14.6,0.0,4.6,-5.5,36.0,17.4,14.0,0.7,0.3,0.7,-20.3,-0.5,3.8,-5.0,36.0,19.4,14.0,0.7,0.3,0.7,-1.02,0.4,2.2,0.63,32.0,1.72,14.0,0.6,0.3,0.7,-2.7,1.4,9.8,2.5,31.0,7.7,14.0,0.6,0.3,0.7,3.12,5.35,7.46,5.26,28.0,2.65,14.0,0.6,0.3,0.7,4.9,13.5,32.2,17.9,27.0,15.1,12.0,0.6,0.3,0.7,-106.6,-2.4,32.3,-29.3,34.0,78.5,14.0,0.6,0.3,0.7,-115.3,-19.6,33.9,-26.4,34.0,79.5,14.0,0.6,0.3,0.7,-65.9,0.0,21.7,-14.5,28.0,46.0,12.0,0.6,0.3,0.7,-82.7,-15.6,25.8,-20.3,28.0,56.8,12.0,0.6,0.3,0.7,-16.8,0.0,4.9,-4.0,27.0,13.9,12.0,0.6,0.3,0.7,-13.3,-2.9,9.8,-2.0,27.0,18.6,12.0,0.6,0.3,0.7,2.5,38.0,209.0,106.5,36.0,170.5,14.0,0.7,0.3,0.7,0.0,40.0,210.0,105.0,36.0,170.0,14.0,0.7,0.3,0.7
1974,2,40.0,-17.0,27.16,28.3,29.0,28.16,50.0,1.16,14.0,0.5,0.5,0.6,26.19,27.5,29.22,27.66,51.0,1.57,14.0,0.5,0.5,0.6,17.12,18.47,20.29,18.7,34.0,1.51,14.0,0.5,0.5,0.6,74.3,83.1,88.8,81.8,35.0,6.8,14.0,0.5,0.6,2.01,3.6,6.17,4.17,46.0,2.59,14.0,0.5,0.5,0.6,-2.62,0.57,3.12,0.58,46.0,2.68,14.0,0.5,0.5,0.6,-5.34,-1.61,1.65,-2.0,46.0,3.59,14.0,0.5,0.5,0.6,1006.26,1009.5,1011.28,1009.13,49.0,2.23,14.0,0.5,0.5,0.6,3.9,6.0,7.0,5.7,51.0,1.8,14.0,0.5,0.5,0.6,-8.9,0.9,18.9,3.9,46.0,16.4,14.0,0.5,0.5,0.6,-33.0,-3.7,4.5,-14.3,46.0,31.0,14.0,0.5,0.5,0.6,-0.77,0.5,1.6,0.49,50.0,1.43,14.0,0.5,0.5,0.6,-1.8,1.5,4.6,1.5,45.0,5.7,14.0,0.5,0.5,0.5,3.44,4.72,6.91,5.01,34.0,1.7,14.0,0.5,0.5,0.6,7.4,17.0,26.7,19.7,30.0,14.3,14.0,0.5,0.5,0.5,-73.5,15.4,84.7,16.4,46.0,74.7,14.0,0.5,0.5,0.6,-147.3,-44.9,45.7,-55.0,46.0,99.7,14.0,0.5,0.5,0.6,-44.7,0.0,56.6,6.3,30.0,46.4,14.0,0.5,0.5,0.5,-86.6,-30.2,25.1,-31.8,30.0,58.1,14.0,0.5,0.5,0.5,-11.1,0.0,12.4,1.9,30.0,13.8,14.0,0.5,0.5,0.5,-24.3,-6.5,6.2,-8.0,30.0,18.6,14.0,0.5,0.5,0.5,8.0,46.5,235.0,169.5,46.0,348.0,14.0,0.5,0.5,0.6,10.0,45.0,235.0,170.0,46.0,350.0,14.0,0.5,0.5,0.6
1974,2,40.0,-16.0,27.8,28.0,29.83,28.34,21.0,1.11,16.0,0.5,0.8,0.4,26.6,27.5,29.6,27.94,22.0,1.63,16.0,0.5,0.7,0.4,18.1,19.17,19.85,18.96,15.0,1.04,16.0,0.5,0.8,0.4,75.0,82.7,86.7,81.7,15.0,6.2,16.0,0.5,0.4,2.02,4.0,5.08,3.94,21.0,2.49,16.0,0.5,0.7,0.4,-2.71,0.0,3.77,0.75,21.0,3.25,16.0,0.5,0.7,0.4,-4.32,-2.55,0.0,-1.95,21.0,2.71,16.0,0.5,0.7,0.4,1008.5,1009.45,1011.89,1010.0,20.0,2.3,16.0,0.4,0.7,0.4,2.0,4.0,6.0,4.1,22.0,2.0,16.0,0.5,0.7,0.4,-8.8,0.0,18.2,6.9,21.0,23.8,16.0,0.5,0.7,0.4,-19.9,-8.3,0.0,-11.8,21.0,17.3,16.0,0.5,0.7,0.4,-1.08,0.6,1.58,0.48,21.0,1.25,16.0,0.5,0.8,0.4,-4.4,0.8,6.8,1.3,20.0,5.8,16.0,0.5,0.7,0.4,4.23,4.74,5.77,4.9,14.0,1.21,16.0,0.5,0.8,0.4,11.4,16.9,28.4,19.3,13.0,10.1,16.0,0.5,0.8,0.4,-74.4,0.0,106.6,22.3,21.0,93.2,16.0,0.5,0.7,0.4,-115.6,-63.7,0.0,-53.7,21.0,76.2,16.0,0.5,0.7,0.4,-27.1,5.6,67.1,15.5,14.0,52.1,16.0,0.5,0.8,0.4,-80.4,-47.5,0.0,-34.2,14.0,49.4,16.0,0.5,0.8,0.4,-8.1,2.0,23.9,4.0,13.0,15.9,16.0,0.5,0.8,0.4,-17.5,-12.5,1.5,-8.3,13.0,12.7,16.0,0.5,0.8,0.4,8.0,64.0,131.5,137.5,21.0,236.0,16.0,0.5,0.7,0.4,10.0,65.0,130.0,135.0,21.0,235.0,16.0,0.5,0.7,0.4
1974,2,40.0,-15.0,26.38,27.2,28.02,27.2,2.0,1.7,18.0,0.0,0.5,0.4,26.2,26.85,27.5,26.85,2.0,1.34,18.0,0.0,0.5,0.4,19.98,20.17,20.35,20.17,2.0,0.38,18.0,0.0,0.5,0.4,88.5,91.1,93.6,91.1,2.0,5.3,18.0,0.0,0.4,4.68,4.85,5.02,4.85,2.0,0.35,18.0,0.0,0.5,0.4,-0.62,-0.04,0.53,-0.04,2.0,1.19,18.0,0.0,0.5,0.4,-4.94,-4.78,-4.61,-4.78,2.0,0.35,18.0,0.0,0.5,0.4,1007.37,1008.6,1009.83,1008.6,2.0,2.55,18.0,0.0,0.5,0.4,3.0,5.0,7.0,5.0,2.0,4.2,18.0,0.0,0.5,0.4,-3.2,-0.4,2.4,-0.4,2.0,5.8,18.0,0.0,0.5,0.4,-24.9,-23.2,-21.6,-23.2,2.0,3.4,18.0,0.0,0.5,0.4,0.18,0.35,0.52,0.35,2.0,0.35,18.0,0.0,0.5,0.4,0.9,1.8,2.6,1.8,2.0,1.8,18.0,0.0,0.5,0.4,1.65,2.55,3.44,2.55,2.0,1.86,18.0,0.0,0.5,0.4,7.9,12.7,17.5,12.7,2.0,9.9,18.0,0.0,0.5,0.4,-17.4,-2.0,13.5,-2.0,2.0,32.0,18.0,0.0,0.5,0.4,-136.1,-128.5,-120.9,-128.5,2.0,15.8,18.0,0.0,0.5,0.4,-12.7,-1.1,10.5,-1.1,2.0,24.0,18.0,0.0,0.5,0.4,-100.6,-96.4,-92.1,-96.4,2.0,8.8,18.0,0.0,0.5,0.4,-2.7,-1.2,0.3,-1.2,2.0,3.1,18.0,0.0,0.5,0.4,-17.2,-12.5,-7.8,-12.5,2.0,9.7,18.0,0.0,0.5,0.4,103.0,115.0,127.0,115.0,2.0,25.0,18.0,0.0,0.5,0.4,105.0,115.0,125.0,115.0,2.0,25.0,18.0,0.0,0.5,0.4
1974,2,40.0,-14.0,27.25,27.55,27.8,27.53,4.0,0.32,10.0,0.5,0.8,0.7,26.78,27.6,28.42,27.6,3.0,1.2,10.0,0.3,0.8,0.8,17.98,18.13,19.43,18.69,3.0,1.17,10.0,0.3,0.8,0.8,79.0,80.4,82.2,80.6,3.0,2.4,10.0,0.3,0.8,4.08,4.6,4.86,4.48,4.0,0.63,10.0,0.5,0.8,0.7,-1.97,-0.13,2.71,0.35,4.0,3.19,10.0,0.5,0.8,0.7,-4.32,-3.53,-1.68,-3.02,4.0,2.13,10.0,0.5,0.8,0.7,1007.18,1008.75,1008.85,1008.05,4.0,1.5,10.0,0.5,0.8,0.7,5.4,8.0,8.0,6.8,4.0,2.5,10.0,0.5,0.8,0.7,-9.3,-1.1,12.2,1.3,4.0,14.7,10.0,0.5,0.8,0.7,-21.1,-14.5,-6.1,-13.6,4.0,10.6,10.0,0.5,0.8,0.7,-0.62,0.2,0.68,0.03,3.0,0.96,10.0,0.3,0.8,0.8,-3.2,0.9,2.5,-0.3,3.0,4.3,10.0,0.3,0.8,0.8,3.95,4.89,5.2,4.58,3.0,0.96,10.0,0.3,0.8,0.8,17.7,17.9,22.5,20.0,3.0,4.0,10.0,0.3,0.8,0.8,-63.8,-25.5,3.2,-30.2,3.0,49.2,10.0,0.3,0.8,0.8,-129.6,-97.3,-94.8,-111.8,3.0,28.5,10.0,0.3,0.8,0.8,-42.2,-17.7,2.0,-20.1,3.0,32.5,10.0,0.3,0.8,0.8,-89.0,-63.9,-63.6,-76.0,3.0,21.3,10.0,0.3,0.8,0.8,-11.8,-3.1,1.1,-5.3,3.0,9.6,10.0,0.3,0.8,0.8,-18.5,-17.7,-17.4,-17.9,3.0,0.8,10.0,0.3,0.8,0.8,71.0,97.5,116.0,93.5,4.0,35.5,10.0,0.5,0.8,0.7,70.0,95.0,115.0,95.0,4.0,35.0,10.0,0.5,0.8,0.7
1974,2,40.0,-13.0,28.03,28.1,28.44,28.23,3.0,0.32,14.0,1.0,0.9,0.4,27.75,28.5,28.7,28.23,3.0,0.74,14.0,1.0,0.9,0.4,19.13,19.44,19.76,19.44,2.0,0.65,16.0,1.0,0.8,0.5,80.5,81.6,82.7,81.6,2.0,2.3,16.0,1.0,0.5,4.18,4.35,4.52,4.35,2.0,0.35,12.0,1.0,0.8,0.5,-2.34,-1.72,-1.09,-1.72,2.0,1.3,12.0,1.0,0.8,0.5,-4.31,-3.84,-3.36,-3.84,2.0,0.98,12.0,1.0,0.8,0.5,1008.15,1011.7,1014.09,1011.13,3.0,4.38,14.0,1.0,0.9,0.4,3.6,5.0,7.0,5.3,3.0,2.5,14.0,1.0,0.9,0.4,-9.7,-7.2,-4.8,-7.2,2.0,5.0,12.0,1.0,0.8,0.5,-19.6,-16.9,-14.1,-16.9,2.0,5.6,12.0,1.0,0.8,0.5,-0.64,-0.5,0.66,0.0,3.0,1.04,14.0,1.0,0.9,0.4,-3.0,-2.6,-2.2,-2.6,2.0,0.8,12.0,1.0,0.8,0.5,4.3,4.81,5.33,4.81,2.0,1.07,16.0,1.0,0.8,0.5,18.7,18.7,18.7,18.7,1.0,0.0,10.0,1.0,0.8,0.8,-66.8,-49.1,-31.3,-49.1,2.0,36.8,12.0,1.0,0.8,0.5,-124.0,-110.0,-96.0,-110.0,2.0,29.0,12.0,1.0,0.8,0.5,-15.9,-15.9,-15.9,-15.9,1.0,0.0,10.0,1.0,0.8,0.8,-90.2,-90.2,-90.2,-90.2,1.0,0.0,10.0,1.0,0.8,0.8,-3.2,-3.2,-3.2,-3.2,1.0,0.0,10.0,1.0,0.8,0.8,-18.4,-18.4,-18.4,-18.4,1.0,0.0,10.0,1.0,0.8,0.8,73.5,83.0,93.0,83.0,2.0,20.0,12.0,1.0,0.8,0.5,75.0,85.0,95.0,85.0,2.0,20.0,12.0,1.0,0.8,0.5
1974,2,40.0,-12.0,28.0,28.7,29.02,28.74,9.0,0.95,12.0,0.3,0.8,0.5,27.81,28.1,28.57,27.85,8.0,1.61,14.0,0.3,0.8,0.6,18.79,19.4,19.87,19.18,7.0,0.85,14.0,0.1,0.8,0.6,74.8,80.3,84.3,81.6,8.0,7.9,14.0,0.3,0.6,3.23,5.7,6.38,4.96,5.0,1.77,12.0,0.0,0.8,0.5,-1.45,-0.45,0.23,-0.59,5.0,1.0,12.0,0.0,0.8,0.5,-6.35,-5.36,-3.19,-4.85,5.0,1.74,12.0,0.0,0.8,0.5,1006.81,1008.4,1009.3,1008.95,8.0,3.16,12.0,0.3,0.8,0.5,2.3,7.0,8.0,5.7,9.0,3.1,12.0,0.3,0.8,0.5,-9.0,-1.2,0.8,-3.6,5.0,5.6,12.0,0.0,0.8,0.5,-40.5,-30.5,-10.5,-26.5,5.0,16.2,12.0,0.0,0.8,0.5,0.02,0.6,2.23,0.91,8.0,1.92,14.0,0.3,0.8,0.6,-4.9,0.7,2.5,-1.3,5.0,7.1,12.0,0.0,0.8,0.5,3.97,5.39,7.8,5.73,7.0,1.81,14.0,0.1,0.8,0.6,16.5,22.8,33.1,25.1,5.0,11.7,12.0,0.0,0.8,0.5,-42.1,-12.8,6.3,-17.0,5.0,28.5,12.0,0.0,0.8,0.5,-182.0,-151.0,-89.0,-138.5,5.0,51.8,12.0,0.0,0.8,0.5,-26.9,-8.8,4.3,-10.8,5.0,18.2,12.0,0.0,0.8,0.5,-126.3,-94.1,-60.6,-92.9,5.0,34.9,12.0,0.0,0.8,0.5,-8.5,-2.4,1.1,-3.8,5.0,7.0,12.0,0.0,0.8,0.5,-31.9,-22.8,-16.2,-24.4,5.0,10.7,12.0,0.0,0.8,0.5,36.0,185.0,261.0,157.5,5.0,122.0,12.0,0.0,0.8,0.5,35.0,185.0,260.0,160.0,5.0,120.0,12.0,0.0,0.8,0.5
1974,2,40.0,-11.0,27.86,28.0,28.71,28.24,5.0,0.48,16.0,0.4,0.8,0.7,27.85,28.7,30.62,29.2,5.0,1.67,16.0,0.4,0.8,0.7,17.66,19.23,19.71,18.71,4.0,1.45,18.0,0.3,0.8,0.6,68.5,75.1,80.6,74.6,4.0,7.1,18.0,0.3,0.6,3.69,7.7,8.47,6.34,5.0,2.93,16.0,0.4,0.8,0.7,-3.13,-0.8,-0.46,-1.63,5.0,1.64,16.0,0.4,0.8,0.7,-7.99,-6.93,-3.6,-5.99,5.0,2.81,16.0,0.4,0.8,0.7,1007.39,1008.35,1009.16,1008.28,4.0,1.05,18.0,0.3,0.8,0.6,3.3,5.0,6.7,5.0,5.0,2.2,16.0,0.4,0.8,0.7,-24.6,-3.7,-1.0,-11.5,5.0,14.1,16.0,0.4,0.8,0.7,-67.0,-55.4,-14.7,-44.5,5.0,32.4,16.0,0.4,0.8,0.7,-2.76,-0.7,0.94,-0.96,5.0,2.08,16.0,0.4,0.8,0.7,-21.6,-6.5,2.8,-9.4,5.0,14.2,16.0,0.4,0.8,0.7,3.95,4.92,7.18,5.53,4.0,2.12,18.0,0.3,0.8,0.6,20.6,33.6,38.1,29.5,4.0,12.2,18.0,0.3,0.8,0.6,-96.8,-22.4,-12.6,-49.1,5.0,50.5,16.0,0.4,0.8,0.7,-243.1,-207.8,-100.4,-177.1,5.0,85.6,16.0,0.4,0.8,0.7,-33.5,-13.4,-6.3,-19.6,4.0,22.3,18.0,0.3,0.8,0.6,-164.0,-108.8,-55.3,-109.6,4.0,65.8,18.0,0.3,0.8,0.6,-8.5,-5.5,-2.0,-5.3,4.0,4.3,18.0,0.3,0.8,0.6,-37.8,-32.7,-19.3,-28.8,4.0,12.4,18.0,0.3,0.8,0.6,65.0,456.5,619.0,376.0,5.0,324.5,16.0,0.4,0.8,0.7,65.0,455.0,620.0,375.0,5.0,325.0,16.0,0.4,0.8,0.7
1974,2,40.0,-10.0,28.0,28.4,28.77,28.33,8.0,0.48,12.0,0.5,0.6,0.7,27.8,28.0,28.93,28.39,8.0,0.96,12.0,0.5,0.6,0.7,17.43,18.55,20.06,18.82,7.0,1.91,12.0,0.6,0.6,0.6,67.8,78.4,86.7,77.6,7.0,10.1,12.0,0.6,0.6,0.0,5.1,6.3,4.17,7.0,3.08,10.0,0.6,0.6,0.7,-2.39,-1.08,0.04,-1.19,7.0,1.69,10.0,0.6,0.6,0.7,-6.15,-4.79,0.0,-3.86,7.0,2.82,10.0,0.6,0.6,0.7,1007.29,1010.3,1010.98,1009.8,7.0,2.58,12.0,0.6,0.6,0.6,3.0,6.5,7.9,5.4,8.0,2.7,12.0,0.5,0.6,0.7,-11.7,-6.7,0.2,-7.9,7.0,12.6,10.0,0.6,0.6,0.7,-38.8,-24.4,0.0,-23.5,7.0,20.6,10.0,0.6,0.6,0.7,0.0,0.3,0.5,-0.06,8.0,1.22,12.0,0.5,0.6,0.7,-0.9,0.9,2.6,-1.3,7.0,7.8,10.0,0.6,0.6,0.7,4.37,5.18,7.63,5.39,7.0,2.15,12.0,0.6,0.6,0.6,0.0,17.5,31.2,17.8,6.0,17.4,10.0,0.7,0.6,0.6,-66.3,-32.8,1.2,-33.5,7.0,47.1,10.0,0.6,0.6,0.7,-186.8,-134.2,0.0,-110.2,7.0,80.9,10.0,0.6,0.6,0.7,-39.7,-10.0,3.0,-14.5,6.0,23.1,10.0,0.7,0.6,0.6,-108.4,-77.9,0.0,-62.7,6.0,50.8,10.0,0.7,0.6,0.6,-6.4,-1.8,1.6,-2.2,6.0,6.6,10.0,0.7,0.6,0.6,-30.7,-15.6,0.0,-17.0,6.0,16.9,10.0,0.7,0.6,0.6,0.0,132.5,253.5,164.5,7.0,189.5,10.0,0.6,0.6,0.7,0.0,135.0,255.0,165.0,7.0,190.0,10.0,0.6,0.6,0.7
1974,2,40.0,-9.0,28.01,28.45,28.89,28.45,2.0,0.92,16.0,1.0,0.4,0.4,28.61,28.85,29.09,28.85,2.0,0.49,16.0,1.0,0.4,0.4,17.87,18.53,19.18,18.53,2.0,1.36,16.0,1.0,0.4,0.4,72.9,74.4,76.0,74.4,2.0,3.2,16.0,1.0,0.4,6.44,6.95,7.46,6.95,2.0,1.06,16.0,1.0,0.4,0.4,-2.61,-1.55,-0.49,-1.55,2.0,2.19,16.0,1.0,0.4,0.4,-7.33,-6.53,-5.74,-6.53,2.0,1.65,16.0,1.0,0.4,0.4,1009.45,1009.55,1009.65,1009.55,2.0,0.21,16.0,1.0,0.4,0.4,2.5,3.5,4.5,3.5,2.0,2.1,16.0,1.0,0.4,0.4,-16.2,-9.6,-3.1,-9.6,2.0,13.6,16.0,1.0,0.4,0.4,-55.2,-46.3,-37.4,-46.3,2.0,18.4,16.0,1.0,0.4,0.4,-1.08,-0.4,0.28,-0.4,2.0,1.41,16.0,1.0,0.4,0.4,-8.5,-3.5,1.4,-3.5,2.0,10.3,16.0,1.0,0.4,0.4,4.58,5.87,7.17,5.87,2.0,2.68,16.0,1.0,0.4,0.4,33.4,39.4,45.4,39.4,2.0,12.4,16.0,1.0,0.4,0.4,-74.3,-44.2,-14.0,-44.2,2.0,62.5,16.0,1.0,0.4,0.4,-213.4,-188.9,-164.4,-188.9,2.0,50.8,16.0,1.0,0.4,0.4,-45.8,-27.2,-8.6,-27.2,2.0,38.5,16.0,1.0,0.4,0.4,-141.2,-122.2,-103.2,-122.2,2.0,39.4,16.0,1.0,0.4,0.4,-20.3,-12.0,-3.8,-12.0,2.0,17.0,16.0,1.0,0.4,0.4,-39.9,-36.2,-32.4,-36.2,2.0,7.8,16.0,1.0,0.4,0.4,273.0,347.5,422.0,347.5,2.0,154.5,16.0,1.0,0.4,0.4,275.0,345.0,420.0,345.0,2.0,155.0,16.0,1.0,0.4,0.4
1974,2,40.0,-8.0,27.8,28.2,29.52,28.54,7.0,0.9,14.0,0.4,0.4,0.5,27.41,27.85,28.44,27.88,6.0,0.76,14.0,0.3,0.4,0.5,18.36,18.52,19.07,18.86,6.0,1.02,14.0,0.3,0.4,0.5,78.4,79.6,83.2,80.2,6.0,2.7,14.0,0.3,0.5,2.0,4.6,7.72,4.54,7.0,2.9,14.0,0.4,0.4,0.5,-3.59,-1.74,0.0,-2.05,7.0,1.83,14.0,0.4,0.4,0.5,-5.98,-4.1,-1.53,-3.87,7.0,2.6,14.0,0.4,0.4,0.5,1008.08,1009.65,1010.94,1009.75,6.0,1.93,14.0,0.3,0.4,0.5,1.9,3.0,6.0,3.6,7.0,2.5,14.0,0.4,0.4,0.5,-23.7,-8.9,0.0,-12.7,7.0,14.1,14.0,0.4,0.4,0.5,-46.3,-16.8,-3.2,-23.8,7.0,22.9,14.0,0.4,0.4,0.5,-0.12,0.6,1.61,0.78,6.0,1.19,14.0,0.3,0.4,0.5,-0.3,1.2,7.1,3.1,6.0,4.8,14.0,0.3,0.4,0.5,4.99,5.53,6.74,5.86,6.0,1.07,14.0,0.3,0.4,0.5,8.1,30.7,39.9,25.9,6.0,17.2,14.0,0.3,0.4,0.5,-105.6,-58.2,0.0,-58.5,6.0,55.5,14.0,0.3,0.4,0.5,-174.5,-95.5,-36.1,-102.6,6.0,78.3,14.0,0.3,0.4,0.5,-70.9,-38.4,0.0,-39.0,6.0,37.1,14.0,0.3,0.4,0.5,-116.0,-64.9,-23.5,-68.5,6.0,52.2,14.0,0.3,0.4,0.5,-23.3,-10.9,0.0,-11.6,6.0,11.1,14.0,0.3,0.4,0.5,-33.8,-24.4,-6.2,-21.7,6.0,15.8,14.0,0.3,0.4,0.5,9.0,97.5,461.0,188.0,7.0,222.5,14.0,0.4,0.4,0.5,10.0,95.0,460.0,190.0,7.0,220.0,14.0,0.4,0.4,0.5
1974,2,40.0,-7.0,27.8,27.85,29.0,28.38,4.0,1.08,8.0,0.8,0.2,0.7,27.24,28.25,29.52,28.38,4.0,1.38,8.0,0.8,0.2,0.7,17.4,17.49,19.94,18.64,3.0,2.11,8.0,0.7,0.2,0.7,76.4,78.3,78.9,77.7,3.0,1.9,8.0,0.7,0.7,2.19,6.65,9.01,5.65,4.0,4.31,8.0,0.8,0.2,0.7,-5.69,-1.48,1.67,-1.99,4.0,4.83,8.0,0.8,0.2,0.7,-6.26,-3.25,-1.42,-3.81,4.0,3.63,8.0,0.8,0.2,0.7,1008.44,1009.6,1009.8,1009.13,3.0,1.08,8.0,0.7,0.2,0.7,0.0,2.0,5.6,2.8,4.0,3.4,8.0,0.8,0.2,0.7,-43.7,-6.8,15.5,-13.8,4.0,42.3,8.0,0.8,0.2,0.7,-54.9,-21.0,-7.7,-30.8,4.0,35.3,8.0,0.8,0.2,0.7,-0.58,0.15,0.56,0.0,4.0,0.8,8.0,0.8,0.2,0.7,-5.0,0.7,4.6,-0.2,4.0,7.0,8.0,0.8,0.2,0.7,5.76,6.01,6.08,5.92,3.0,0.25,8.0,0.7,0.2,0.7,8.9,28.1,47.1,28.0,3.0,28.0,8.0,0.7,0.2,0.7,-162.9,-40.7,45.0,-58.1,4.0,137.5,8.0,0.8,0.2,0.7,-169.8,-91.6,-41.1,-104.8,4.0,97.6,8.0,0.8,0.2,0.7,-35.0,0.0,38.0,1.4,3.0,53.5,8.0,0.7,0.2,0.7,-123.8,-61.1,-19.4,-71.3,3.0,76.9,8.0,0.7,0.2,0.7,-12.3,0.0,13.1,0.4,3.0,18.6,8.0,0.7,0.2,0.7,-42.7,-21.5,-6.8,-24.7,3.0,26.4,8.0,0.7,0.2,0.7,46.5,378.0,735.0,390.0,4.0,400.5,8.0,0.8,0.2,0.7,45.0,380.0,735.0,390.0,4.0,400.0,8.0,0.8,0.2,0.7
1974,2,40.0,-6.0,28.28,29.4,30.0,29.15,4.0,1.06,20.0,0.8,0.3,0.1,27.75,28.3,29.05,28.4,3.0,0.95,20.0,0.7,0.4,0.1,16.89,17.32,18.69,17.78,3.0,1.38,20.0,0.7,0.4,0.1,69.2,72.4,77.8,73.5,3.0,6.4,20.0,0.7,0.1,5.62,6.2,7.25,6.43,4.0,1.29,20.0,0.8,0.3,0.1,-4.77,-2.82,-2.32,-3.51,4.0,1.89,20.0,0.8,0.3,0.1,-5.61,-5.32,-4.82,-5.22,4.0,0.59,20.0,0.8,0.3,0.1,1006.95,1009.75,1011.5,1009.25,4.0,2.72,20.0,0.8,0.3,0.1,2.0,3.0,3.5,2.8,4.0,1.3,20.0,0.8,0.3,0.1,-36.1,-16.2,-13.1,-24.2,4.0,18.4,20.0,0.8,0.3,0.1,-39.8,-34.7,-27.7,-33.8,4.0,8.6,20.0,0.8,0.3,0.1,-0.31,0.3,1.26,0.47,3.0,1.16,20.0,0.7,0.4,0.1,-1.3,2.5,8.0,3.3,3.0,6.8,20.0,0.7,0.4,0.1,7.01,7.33,7.46,7.24,3.0,0.34,20.0,0.7,0.4,0.1,40.6,45.4,52.8,46.7,3.0,9.0,20.0,0.7,0.4,0.1,-141.7,-75.0,-64.8,-102.6,3.0,61.2,20.0,0.7,0.4,0.1,-158.6,-144.9,-134.6,-146.6,3.0,17.6,20.0,0.7,0.4,0.1,-85.6,-44.2,-42.0,-63.3,3.0,36.0,20.0,0.7,0.4,0.1,-104.8,-87.9,-80.1,-92.4,3.0,18.5,20.0,0.7,0.4,0.1,-35.5,-19.2,-16.7,-25.9,3.0,15.0,20.0,0.7,0.4,0.1,-40.6,-36.2,-34.2,-37.4,3.0,4.8,20.0,0.7,0.4,0.1,183.0,238.5,402.5,290.0,4.0,181.0,20.0,0.8,0.3,0.1,185.0,240.0,400.0,290.0,4.0,180.0,20.0,0.8,0.3,0.1
1974,2,40.0,-4.0,26.26,27.55,29.05,27.72,6.0,1.5,10.0,0.7,0.5,0.6,26.6,27.65,29.07,27.85,6.0,1.52,10.0,0.7,0.5,0.6,16.73,17.48,18.0,17.36,3.0,0.94,12.0,0.7,0.7,0.7,71.8,74.5,80.4,76.0,3.0,6.5,12.0,0.7,0.7,4.25,6.7,8.7,6.15,6.0,2.89,10.0,0.7,0.5,0.6,-6.66,-3.01,-1.06,-3.49,6.0,2.73,10.0,0.7,0.5,0.6,-6.09,-5.59,-2.8,-4.72,6.0,2.22,10.0,0.7,0.5,0.6,1008.82,1012.5,1017.5,1013.0,5.0,4.39,10.0,0.6,0.4,0.5,1.6,3.5,4.0,2.8,6.0,1.6,10.0,0.7,0.5,0.6,-58.0,-16.5,-7.2,-26.4,6.0,25.3,10.0,0.7,0.5,0.6,-49.1,-42.4,-13.5,-33.7,6.0,20.6,10.0,0.7,0.5,0.6,-2.24,0.05,1.0,-0.13,6.0,2.08,10.0,0.7,0.5,0.6,-5.9,0.4,5.8,-0.2,6.0,11.5,10.0,0.7,0.5,0.6,6.6,7.44,8.16,7.38,3.0,1.14,12.0,0.7,0.7,0.7,43.7,44.7,45.7,44.7,3.0,1.4,12.0,0.7,0.7,0.7,-180.0,-82.7,-28.6,-97.3,6.0,77.1,10.0,0.7,0.5,0.6,-172.8,-157.2,-75.0,-131.2,6.0,62.0,10.0,0.7,0.5,0.6,-60.4,-37.1,-25.7,-42.9,3.0,25.9,12.0,0.7,0.7,0.7,-111.6,-101.8,-73.1,-92.6,3.0,29.3,12.0,0.7,0.7,0.7,-27.6,-15.8,-10.3,-18.9,3.0,13.0,12.0,0.7,0.7,0.7,-43.8,-43.3,-32.8,-38.4,3.0,9.1,12.0,0.7,0.7,0.7,105.5,306.0,658.5,343.5,6.0,273.0,10.0,0.7,0.5,0.6,105.0,305.0,660.0,345.0,6.0,275.0,10.0,0.7,0.5,0.6
1974,2,40.0,14.0,,,,,,,,,,,,,,,,,,,,,,,,,,,,,,,,,,,,,,,,4.84,6.65,8.46,6.65,2.0,3.75,18.0,0.5,0.7,0.8,-2.23,1.56,5.36,1.56,2.0,7.87,18.0,0.5,0.7,0.8,-5.03,-2.99,-0.95,-2.99,2.0,4.23,18.0,0.5,0.7,0.8,1012.47,1014.55,1016.63,1014.55,2.0,4.31,18.0,0.5,0.7,0.8,,,,,,,,,,,,,,,,,,,,,,,,,,,,,,,,,,,,,,,,,,,,,,,,,,,,,,,,,,,,,,,,,,,,,,,,,,,,,,,,,,,,,,,,,,,,,,,,,,,,,,,,,,,,,,,,,,,,,,,,,,,,,,,,,,,,,,,,,,,,,,,,,,,,,,
1974,2,40.0,15.0,27.38,27.55,27.72,27.55,2.0,0.35,16.0,0.5,0.5,0.3,24.3,25.15,26.0,25.15,2.0,1.77,16.0,0.5,0.5,0.3,16.79,16.96,17.14,16.96,2.0,0.36,16.0,0.5,0.5,0.3,81.7,85.2,88.6,85.2,2.0,7.1,16.0,0.5,0.3,5.86,6.2,6.54,6.2,2.0,0.71,16.0,0.5,0.5,0.3,4.49,4.75,5.01,4.75,2.0,0.54,16.0,0.5,0.5,0.3,-4.2,-3.99,-3.77,-3.99,2.0,0.45,16.0,0.5,0.5,0.3,1010.74,1011.05,1011.36,1011.05,2.0,0.64,16.0,0.5,0.5,0.3,8.0,8.0,8.0,8.0,2.0,0.0,16.0,0.5,0.5,0.3,26.4,29.6,32.9,29.6,2.0,6.7,16.0,0.5,0.5,0.3,-27.6,-24.9,-22.1,-24.9,2.0,5.6,16.0,0.5,0.5,0.3,1.38,2.4,3.42,2.4,2.0,2.12,16.0,0.5,0.5,0.3,8.6,14.1,19.7,14.1,2.0,11.5,16.0,0.5,0.5,0.3,5.71,6.12,6.54,6.12,2.0,0.86,16.0,0.5,0.5,0.3,37.2,37.7,38.1,37.7,2.0,1.0,16.0,0.5,0.5,0.3,109.3,119.9,130.6,119.9,2.0,22.0,16.0,0.5,0.5,0.3,-109.5,-100.6,-91.7,-100.6,2.0,18.5,16.0,0.5,0.5,0.3,75.4,80.7,85.9,80.7,2.0,10.9,16.0,0.5,0.5,0.3,-72.1,-67.7,-63.3,-67.7,2.0,9.1,16.0,0.5,0.5,0.3,28.5,28.9,29.2,28.9,2.0,0.8,16.0,0.5,0.5,0.3,-24.5,-24.2,-23.9,-24.2,2.0,0.6,16.0,0.5,0.5,0.3,203.5,243.0,282.5,243.0,2.0,81.5,16.0,0.5,0.5,0.3,205.0,245.0,280.0,245.0,2.0,80.0,16.0,0.5,0.5,0.3
1974,2,40.0,16.0,28.5,28.5,28.5,28.5,1.0,0.0,20.0,1.0,0.2,0.4,27.32,28.0,28.68,28.0,2.0,1.41,22.0,0.5,0.3,0.6,18.23,18.23,18.23,18.23,1.0,0.0,20.0,1.0,0.2,0.4,72.7,72.7,72.7,72.7,1.0,0.0,20.0,1.0,0.4,1.0,1.0,1.0,1.0,1.0,0.0,24.0,0.0,0.3,0.9,-0.87,-0.87,-0.87,-0.87,1.0,0.0,24.0,0.0,0.3,0.9,-0.5,-0.5,-0.5,-0.5,1.0,0.0,24.0,0.0,0.3,0.9,1009.5,1009.5,1009.5,1009.5,1.0,0.0,20.0,1.0,0.2,0.4,3.5,4.5,5.5,4.5,2.0,2.1,22.0,0.5,0.3,0.6,-0.9,-0.9,-0.9,-0.9,1.0,0.0,24.0,0.0,0.3,0.9,-0.5,-0.5,-0.5,-0.5,1.0,0.0,24.0,0.0,0.3,0.9,,,,,,,,,,,,,,,,,,,,,,,,,,,,,,,,,,,,,,,,,,,,,,,,,,,,,,,,,,,,,,,,,,,,,,,,,,,,,,,,,,,,,,,,,,,,,,,,,,,,,,,,,,,,,,,,,,,,,,,,
1974,2,40.0,17.0,25.91,27.0,27.0,26.47,3.0,0.92,10.0,0.7,0.5,0.3,25.34,25.8,26.16,25.75,4.0,0.52,14.0,0.8,0.5,0.4,16.93,17.29,18.4,17.66,3.0,1.12,20.0,0.7,0.4,0.5,82.1,86.6,87.7,85.0,3.0,4.3,20.0,0.7,0.5,5.12,5.85,6.1,5.63,4.0,0.71,14.0,0.8,0.5,0.4,-3.83,-1.31,1.06,-1.38,4.0,2.82,14.0,0.8,0.5,0.4,-6.01,-1.8,3.38,-1.34,4.0,5.46,14.0,0.8,0.5,0.4,1008.1,1011.4,1013.96,1011.05,4.0,3.44,14.0,0.8,0.5,0.4,3.3,7.0,7.0,5.3,4.0,3.5,14.0,0.8,0.5,0.4,-19.7,-6.0,6.5,-6.6,4.0,15.1,14.0,0.8,0.5,0.4,-36.7,-12.4,18.1,-9.5,4.0,32.0,14.0,0.8,0.5,0.4,0.03,1.4,1.74,0.9,3.0,1.32,10.0,0.7,0.5,0.3,0.1,8.4,10.1,5.2,3.0,7.8,10.0,0.7,0.5,0.3,3.75,4.31,4.87,4.31,2.0,1.17,16.0,0.5,0.4,0.4,22.8,25.4,28.1,25.4,2.0,5.4,16.0,0.5,0.4,0.4,-98.7,-32.6,27.4,-35.5,4.0,72.8,14.0,0.8,0.5,0.4,-155.2,-45.4,86.2,-35.0,4.0,140.1,14.0,0.8,0.5,0.4,-71.5,-63.4,-7.8,-40.2,3.0,50.8,20.0,0.7,0.4,0.5,-56.1,43.5,65.3,5.6,3.0,94.8,20.0,0.7,0.4,0.5,-15.2,-7.5,0.2,-7.5,2.0,16.0,16.0,0.5,0.4,0.4,-14.3,0.6,15.5,0.6,2.0,30.9,16.0,0.5,0.4,0.4,139.0,200.5,227.5,184.0,4.0,62.0,14.0,0.8,0.5,0.4,140.0,200.0,230.0,185.0,4.0,60.0,14.0,0.8,0.5,0.4
1974,2,40.0,18.0,26.2,26.2,26.2,26.2,1.0,0.0,10.0,0.0,0.0,0.2,25.1,25.1,25.1,25.1,1.0,0.0,10.0,0.0,0.0,0.2,16.84,16.84,16.84,16.84,1.0,0.0,10.0,0.0,0.0,0.2,84.5,84.5,84.5,84.5,1.0,0.0,10.0,0.0,0.2,5.7,5.7,5.7,5.7,1.0,0.0,10.0,0.0,0.0,0.2,-3.66,-3.66,-3.66,-3.66,1.0,0.0,10.0,0.0,0.0,0.2,4.37,4.37,4.37,4.37,1.0,0.0,10.0,0.0,0.0,0.2,1009.2,1009.2,1009.2,1009.2,1.0,0.0,10.0,0.0,0.0,0.2,1.0,1.0,1.0,1.0,1.0,0.0,10.0,0.0,0.0,0.2,-20.9,-20.9,-20.9,-20.9,1.0,0.0,10.0,0.0,0.0,0.2,24.9,24.9,24.9,24.9,1.0,0.0,10.0,0.0,0.0,0.2,1.1,1.1,1.1,1.1,1.0,0.0,10.0,0.0,0.0,0.2,6.3,6.3,6.3,6.3,1.0,0.0,10.0,0.0,0.0,0.2,4.5,4.5,4.5,4.5,1.0,0.0,10.0,0.0,0.0,0.2,25.7,25.7,25.7,25.7,1.0,0.0,10.0,0.0,0.0,0.2,-92.0,-92.0,-92.0,-92.0,1.0,0.0,10.0,0.0,0.0,0.2,109.6,109.6,109.6,109.6,1.0,0.0,10.0,0.0,0.0,0.2,-61.7,-61.7,-61.7,-61.7,1.0,0.0,10.0,0.0,0.0,0.2,73.5,73.5,73.5,73.5,1.0,0.0,10.0,0.0,0.0,0.2,-16.5,-16.5,-16.5,-16.5,1.0,0.0,10.0,0.0,0.0,0.2,19.6,19.6,19.6,19.6,1.0,0.0,10.0,0.0,0.0,0.2,185.0,185.0,185.0,185.0,1.0,0.0,10.0,0.0,0.0,0.2,185.0,185.0,185.0,185.0,1.0,0.0,10.0,0.0,0.0,0.2
1974,2,40.0,41.0,,,,,,,,,,,,,,,,,,,,,,,,,,,,,,,,,,,,,,,,2.95,5.0,7.05,5.0,2.0,4.24,12.0,1.0,0.4,0.9,-0.64,1.71,4.05,1.71,2.0,4.86,12.0,1.0,0.4,0.9,-5.31,-3.56,-1.81,-3.56,2.0,3.63,12.0,1.0,0.4,0.9,1027.06,1029.55,1032.04,1029.55,2.0,5.16,12.0,1.0,0.4,0.9,,,,,,,,,,,,,,,,,,,,,,,,,,,,,,,,,,,,,,,,,,,,,,,,,,,,,,,,,,,,,,,,,,,,,,,,,,,,,,,,,,,,,,,,,,,,,,,,,,,,,,,,,,,,,,,,,,,,,,,,,,,,,,,,,,,,,,,,,,,,,,,,,,,,,,
1974,2,40.0,42.0,,,,,,,,,,,,,,,,,,,,,,,,,,,,,,,,,,,,,,,,3.48,4.0,9.24,6.25,4.0,5.19,14.0,0.0,0.3,0.3,-8.0,-3.26,-1.73,-4.79,4.0,5.06,14.0,0.0,0.3,0.3,-2.77,-2.29,2.72,-0.13,4.0,4.77,14.0,0.0,0.3,0.3,1009.09,1018.35,1028.66,1018.85,4.0,11.3,14.0,0.0,0.3,0.3,,,,,,,,,,,,,,,,,,,,,,,,,,,,,,,,,,,,,,,,,,,,,,,,,,,,,,,,,,,,,,,,,,,,,,,,,,,,,,,,,,,,,,,,,,,,,,,,,,,,,,,,,,,,,,,,,,,,,,,,,,,,,,,,,,,,,,,,,,,,,,,,,,,,,,
1974,2,40.0,70.0,2.0,2.0,2.0,2.0,1.0,0.0,4.0,0.0,0.3,0.8,-8.2,-8.2,-8.2,-8.2,1.0,0.0,4.0,0.0,0.3,0.8,1.64,1.64,1.64,1.64,1.0,0.0,4.0,0.0,0.3,0.8,80.2,80.2,80.2,80.2,1.0,0.0,4.0,0.0,0.8,9.8,9.8,9.8,9.8,1.0,0.0,4.0,0.0,0.3,0.8,-3.35,-3.35,-3.35,-3.35,1.0,0.0,4.0,0.0,0.3,0.8,-9.21,-9.21,-9.21,-9.21,1.0,0.0,4.0,0.0,0.3,0.8,1009.1,1009.1,1009.1,1009.1,1.0,0.0,4.0,0.0,0.3,0.8,6.0,6.0,6.0,6.0,1.0,0.0,4.0,0.0,0.3,0.8,-32.8,-32.8,-32.8,-32.8,1.0,0.0,4.0,0.0,0.3,0.8,-90.2,-90.2,-90.2,-90.2,1.0,0.0,4.0,0.0,0.3,0.8,10.2,10.2,10.2,10.2,1.0,0.0,4.0,0.0,0.3,0.8,100.0,100.0,100.0,100.0,1.0,0.0,4.0,0.0,0.3,0.8,2.74,2.74,2.74,2.74,1.0,0.0,4.0,0.0,0.3,0.8,26.8,26.8,26.8,26.8,1.0,0.0,4.0,0.0,0.3,0.8,27.5,27.5,27.5,27.5,1.0,0.0,4.0,0.0,0.3,0.8,75.5,75.5,75.5,75.5,1.0,0.0,4.0,0.0,0.3,0.8,-5.5,-5.5,-5.5,-5.5,1.0,0.0,4.0,0.0,0.3,0.8,-15.1,-15.1,-15.1,-15.1,1.0,0.0,4.0,0.0,0.3,0.8,-9.2,-9.2,-9.2,-9.2,1.0,0.0,4.0,0.0,0.3,0.8,-25.2,-25.2,-25.2,-25.2,1.0,0.0,4.0,0.0,0.3,0.8,941.0,941.0,941.0,941.0,1.0,0.0,4.0,0.0,0.3,0.8,940.0,940.0,940.0,940.0,1.0,0.0,4.0,0.0,0.3,0.8
1974,2,40.0,71.0,,,,,,,,,,,,,,,,,,,,,,,,,,,,,,,,,,,,,,,,4.47,9.8,15.09,9.53,9.0,5.15,14.0,0.3,0.5,0.2,-8.19,-3.35,5.54,-3.1,9.0,7.51,14.0,0.3,0.5,0.2,-0.3,5.44,10.64,5.31,9.0,5.45,14.0,0.3,0.5,0.2,999.1,1007.85,1024.29,1008.69,10.0,15.8,14.0,0.3,0.5,0.2,,,,,,,,,,,,,,,,,,,,,,,,,,,,,,,,,,,,,,,,,,,,,,,,,,,,,,,,,,,,,,,,,,,,,,,,,,,,,,,,,,,,,,,,,,,,,,,,,,,,,,,,,,,,,,,,,,,,,,,,,,,,,,,,,,,,,,,,,,,,,,,,,,,,,,
1974,2,40.0,75.0,,,,,,,,,,,,,,,,,,,,,,,,,,,,,,,,,,,,,,,,3.1,3.1,3.1,3.1,1.0,0.0,8.0,0.0,0.7,0.1,-2.91,-2.91,-2.91,-2.91,1.0,0.0,8.0,0.0,0.7,0.1,-1.06,-1.06,-1.06,-1.06,1.0,0.0,8.0,0.0,0.7,0.1,1007.7,1007.7,1007.7,1007.7,1.0,0.0,8.0,0.0,0.7,0.1,,,,,,,,,,,,,,,,,,,,,,,,,,,,,,,,,,,,,,,,,,,,,,,,,,,,,,,,,,,,,,,,,,,,,,,,,,,,,,,,,,,,,,,,,,,,,,,,,,,,,,,,,,,,,,,,,,,,,,,,,,,,,,,,,,,,,,,,,,,,,,,,,,,,,,
1974,2,41.0,-68.0,-0.17,0.1,0.37,0.1,2.0,0.57,10.0,1.0,0.4,0.4,-2.58,-2.55,-2.52,-2.55,2.0,0.07,10.0,1.0,0.4,0.4,2.52,2.52,2.52,2.52,1.0,0.0,10.0,1.0,0.1,0.4,76.9,76.9,76.9,76.9,1.0,0.0,10.0,1.0,0.4,16.07,16.45,16.83,16.45,2.0,0.78,10.0,1.0,0.4,0.4,-16.79,-16.33,-15.87,-16.33,2.0,0.95,10.0,1.0,0.4,0.4,-2.32,-1.38,-0.44,-1.38,2.0,1.95,10.0,1.0,0.4,0.4,968.52,969.2,969.88,969.2,2.0,1.41,10.0,1.0,0.4,0.4,6.3,7.0,7.7,7.0,2.0,1.4,10.0,1.0,0.4,0.4,-282.6,-269.0,-255.3,-269.0,2.0,28.3,10.0,1.0,0.4,0.4,-36.9,-21.9,-7.0,-21.9,2.0,31.0,10.0,1.0,0.4,0.4,2.34,2.65,2.96,2.65,2.0,0.64,10.0,1.0,0.4,0.4,37.8,43.8,49.9,43.8,2.0,12.5,10.0,1.0,0.4,0.4,1.34,1.34,1.34,1.34,1.0,0.0,10.0,1.0,0.1,0.4,21.3,21.3,21.3,21.3,1.0,0.0,10.0,1.0,0.1,0.4,39.9,41.7,43.4,41.7,2.0,3.6,10.0,1.0,0.4,0.4,1.1,3.5,5.8,3.5,2.0,4.9,10.0,1.0,0.4,0.4,-39.5,-39.5,-39.5,-39.5,1.0,0.0,10.0,1.0,0.1,0.4,-7.0,-7.0,-7.0,-7.0,1.0,0.0,10.0,1.0,0.1,0.4,-20.9,-20.9,-20.9,-20.9,1.0,0.0,10.0,1.0,0.1,0.4,-3.7,-3.7,-3.7,-3.7,1.0,0.0,10.0,1.0,0.1,0.4,4161.5,4466.5,4771.0,4466.5,2.0,631.5,10.0,1.0,0.4,0.4,4160.0,4465.0,4770.0,4465.0,2.0,630.0,10.0,1.0,0.4,0.4
1974,2,41.0,-58.0,,,,,,,,,,,,,,,,,,,,,,,,,,,,,,,,,,,,,,,,6.78,6.95,7.12,6.95,2.0,0.35,20.0,0.5,0.4,0.8,-2.44,-2.38,-2.32,-2.38,2.0,0.12,20.0,0.5,0.4,0.8,6.37,6.53,6.69,6.53,2.0,0.33,20.0,0.5,0.4,0.8,972.86,973.2,973.54,973.2,2.0,0.71,20.0,0.5,0.4,0.8,,,,,,,,,,,,,,,,,,,,,,,,,,,,,,,,,,,,,,,,,,,,,,,,,,,,,,,,,,,,,,,,,,,,,,,,,,,,,,,,,,,,,,,,,,,,,,,,,,,,,,,,,,,,,,,,,,,,,,,,,,,,,,,,,,,,,,,,,,,,,,,,,,,,,,
1974,2,41.0,-51.0,,,,,,,,,,,,,,,,,,,,,,,,,,,,,,,,,,,,,,,,13.53,14.9,17.02,15.27,3.0,2.57,6.0,0.0,0.6,0.8,0.71,2.24,2.84,1.79,3.0,1.61,6.0,0.0,0.6,0.8,-16.83,-14.9,-13.4,-15.11,3.0,2.52,6.0,0.0,0.6,0.8,990.3,990.3,990.78,990.53,3.0,0.4,6.0,0.0,0.6,0.8,,,,,,,,,,,,,,,,,,,,,,,,,,,,,,,,,,,,,,,,,,,,,,,,,,,,,,,,,,,,,,,,,,,,,,,,,,,,,,,,,,,,,,,,,,,,,,,,,,,,,,,,,,,,,,,,,,,,,,,,,,,,,,,,,,,,,,,,,,,,,,,,,,,,,,
1974,2,41.0,-45.0,,,,,,,,,,,,,,,,,,,,,,,,,,,,,,,,,,,,,,,,12.3,12.3,12.3,12.3,1.0,0.0,6.0,1.0,0.0,0.4,-4.81,-4.81,-4.81,-4.81,1.0,0.0,6.0,1.0,0.0,0.4,-11.32,-11.32,-11.32,-11.32,1.0,0.0,6.0,1.0,0.0,0.4,1010.5,1010.5,1010.5,1010.5,1.0,0.0,6.0,1.0,0.0,0.4,,,,,,,,,,,,,,,,,,,,,,,,,,,,,,,,,,,,,,,,,,,,,,,,,,,,,,,,,,,,,,,,,,,,,,,,,,,,,,,,,,,,,,,,,,,,,,,,,,,,,,,,,,,,,,,,,,,,,,,,,,,,,,,,,,,,,,,,,,,,,,,,,,,,,,
1974,2,41.0,-40.0,16.5,16.5,16.5,16.5,1.0,0.0,16.0,0.0,0.9,0.5,17.8,17.8,17.8,17.8,1.0,0.0,16.0,0.0,0.9,0.5,12.18,12.18,12.18,12.18,1.0,0.0,16.0,0.0,0.9,0.5,96.9,96.9,96.9,96.9,1.0,0.0,16.0,0.0,0.5,10.3,10.3,10.3,10.3,1.0,0.0,16.0,0.0,0.9,0.5,-7.89,-7.89,-7.89,-7.89,1.0,0.0,16.0,0.0,0.9,0.5,6.62,6.62,6.62,6.62,1.0,0.0,16.0,0.0,0.9,0.5,1020.1,1020.1,1020.1,1020.1,1.0,0.0,16.0,0.0,0.9,0.5,8.0,8.0,8.0,8.0,1.0,0.0,16.0,0.0,0.9,0.5,-81.3,-81.3,-81.3,-81.3,1.0,0.0,16.0,0.0,0.9,0.5,68.2,68.2,68.2,68.2,1.0,0.0,16.0,0.0,0.9,0.5,-1.3,-1.3,-1.3,-1.3,1.0,0.0,16.0,0.0,0.9,0.5,-13.4,-13.4,-13.4,-13.4,1.0,0.0,16.0,0.0,0.9,0.5,-0.61,-0.61,-0.61,-0.61,1.0,0.0,16.0,0.0,0.9,0.5,-6.3,-6.3,-6.3,-6.3,1.0,0.0,16.0,0.0,0.9,0.5,-140.4,-140.4,-140.4,-140.4,1.0,0.0,16.0,0.0,0.9,0.5,117.8,117.8,117.8,117.8,1.0,0.0,16.0,0.0,0.9,0.5,-96.1,-96.1,-96.1,-96.1,1.0,0.0,16.0,0.0,0.9,0.5,80.6,80.6,80.6,80.6,1.0,0.0,16.0,0.0,0.9,0.5,4.8,4.8,4.8,4.8,1.0,0.0,16.0,0.0,0.9,0.5,-4.0,-4.0,-4.0,-4.0,1.0,0.0,16.0,0.0,0.9,0.5,1092.5,1092.5,1092.5,1092.5,1.0,0.0,16.0,0.0,0.9,0.5,1095.0,1095.0,1095.0,1095.0,1.0,0.0,16.0,0.0,0.9,0.5
1974,2,41.0,-39.0,17.0,17.0,17.0,17.0,1.0,0.0,4.0,1.0,0.5,0.1,18.6,18.6,18.6,18.6,1.0,0.0,4.0,1.0,0.5,0.1,9.28,9.28,9.28,9.28,1.0,0.0,4.0,1.0,0.5,0.1,70.3,70.3,70.3,70.3,1.0,0.0,4.0,1.0,0.1,5.1,5.1,5.1,5.1,1.0,0.0,4.0,1.0,0.5,0.1,0.0,0.0,0.0,0.0,1.0,0.0,4.0,1.0,0.5,0.1,-5.1,-5.1,-5.1,-5.1,1.0,0.0,4.0,1.0,0.5,0.1,1019.6,1019.6,1019.6,1019.6,1.0,0.0,4.0,1.0,0.5,0.1,8.0,8.0,8.0,8.0,1.0,0.0,4.0,1.0,0.5,0.1,0.0,0.0,0.0,0.0,1.0,0.0,4.0,1.0,0.5,0.1,-26.0,-26.0,-26.0,-26.0,1.0,0.0,4.0,1.0,0.5,0.1,-1.6,-1.6,-1.6,-1.6,1.0,0.0,4.0,1.0,0.5,0.1,-8.2,-8.2,-8.2,-8.2,1.0,0.0,4.0,1.0,0.5,0.1,2.67,2.67,2.67,2.67,1.0,0.0,4.0,1.0,0.5,0.1,13.6,13.6,13.6,13.6,1.0,0.0,4.0,1.0,0.5,0.1,0.0,0.0,0.0,0.0,1.0,0.0,4.0,1.0,0.5,0.1,-94.9,-94.9,-94.9,-94.9,1.0,0.0,4.0,1.0,0.5,0.1,0.0,0.0,0.0,0.0,1.0,0.0,4.0,1.0,0.5,0.1,-47.4,-47.4,-47.4,-47.4,1.0,0.0,4.0,1.0,0.5,0.1,0.0,0.0,0.0,0.0,1.0,0.0,4.0,1.0,0.5,0.1,-13.6,-13.6,-13.6,-13.6,1.0,0.0,4.0,1.0,0.5,0.1,132.5,132.5,132.5,132.5,1.0,0.0,4.0,1.0,0.5,0.1,135.0,135.0,135.0,135.0,1.0,0.0,4.0,1.0,0.5,0.1
1974,2,41.0,-36.0,22.74,23.25,23.76,23.25,2.0,1.06,12.0,1.0,0.2,0.9,20.29,20.9,21.51,20.9,2.0,1.27,12.0,1.0,0.2,0.9,9.09,10.45,11.81,10.45,2.0,2.82,12.0,1.0,0.2,0.9,61.7,67.9,74.1,67.9,2.0,12.9,12.0,1.0,0.9,8.69,9.75,10.81,9.75,2.0,2.19,12.0,1.0,0.2,0.9,-9.38,-6.71,-4.04,-6.71,2.0,5.53,12.0,1.0,0.2,0.9,4.47,5.79,7.1,5.79,2.0,2.72,12.0,1.0,0.2,0.9,1017.9,1018.75,1019.6,1018.75,2.0,1.77,12.0,1.0,0.2,0.9,7.0,7.0,7.0,7.0,1.0,0.0,16.0,1.0,0.0,0.9,-104.6,-71.5,-38.4,-71.5,2.0,68.6,12.0,1.0,0.2,0.9,46.8,53.4,60.1,53.4,2.0,13.8,12.0,1.0,0.2,0.9,1.22,2.35,3.48,2.35,2.0,2.33,12.0,1.0,0.2,0.9,11.9,20.4,28.9,20.4,2.0,17.6,12.0,1.0,0.2,0.9,5.34,7.24,9.14,7.24,2.0,3.93,12.0,1.0,0.2,0.9,55.4,66.3,77.1,66.3,2.0,22.5,12.0,1.0,0.2,0.9,-203.6,-143.8,-83.9,-143.8,2.0,124.0,12.0,1.0,0.2,0.9,95.3,119.2,143.0,119.2,2.0,49.4,12.0,1.0,0.2,0.9,-114.9,-77.9,-40.9,-77.9,2.0,76.7,12.0,1.0,0.2,0.9,50.8,56.6,62.5,56.6,2.0,12.1,12.0,1.0,0.2,0.9,-44.3,-37.7,-31.2,-37.7,2.0,13.6,12.0,1.0,0.2,0.9,26.8,47.2,67.7,47.2,2.0,42.4,12.0,1.0,0.2,0.9,693.0,997.0,1301.5,997.0,2.0,630.5,12.0,1.0,0.2,0.9,695.0,995.0,1300.0,995.0,2.0,630.0,12.0,1.0,0.2,0.9
1974,2,41.0,-34.0,23.48,24.5,25.52,24.5,2.0,2.12,14.0,0.5,0.1,0.7,25.15,25.7,26.25,25.7,2.0,1.13,14.0,0.5,0.1,0.7,17.89,18.58,19.27,18.58,2.0,1.42,14.0,0.5,0.1,0.7,84.5,90.8,97.1,90.8,2.0,13.0,14.0,0.5,0.7,5.27,5.65,6.03,5.65,2.0,0.78,14.0,0.5,0.1,0.7,-4.63,-3.61,-2.59,-3.61,2.0,2.11,14.0,0.5,0.1,0.7,-4.9,-2.91,-0.92,-2.91,2.0,4.12,14.0,0.5,0.1,0.7,1015.69,1016.1,1016.51,1016.1,2.0,0.85,14.0,0.5,0.1,0.7,0.6,2.0,3.4,2.0,2.0,2.8,14.0,0.5,0.1,0.7,-24.0,-19.6,-15.2,-19.6,2.0,9.1,14.0,0.5,0.1,0.7,-30.4,-18.1,-5.7,-18.1,2.0,25.5,14.0,0.5,0.1,0.7,-2.77,-1.2,0.37,-1.2,2.0,3.25,14.0,0.5,0.1,0.7,-17.4,-8.0,1.3,-8.0,2.0,19.3,14.0,0.5,0.1,0.7,0.12,0.62,1.11,0.62,2.0,1.02,14.0,0.5,0.1,0.7,0.5,3.1,5.7,3.1,2.0,5.3,14.0,0.5,0.1,0.7,-115.8,-91.6,-67.4,-91.6,2.0,50.1,14.0,0.5,0.1,0.7,-129.9,-77.2,-24.5,-77.2,2.0,109.2,14.0,0.5,0.1,0.7,-89.9,-68.6,-47.2,-68.6,2.0,44.3,14.0,0.5,0.1,0.7,-86.1,-51.2,-16.2,-51.2,2.0,72.4,14.0,0.5,0.1,0.7,-5.7,-3.3,-0.9,-3.3,2.0,5.0,14.0,0.5,0.1,0.7,0.1,0.3,0.5,0.3,2.0,0.4,14.0,0.5,0.1,0.7,149.5,185.5,221.5,185.5,2.0,74.5,14.0,0.5,0.1,0.7,150.0,185.0,220.0,185.0,2.0,75.0,14.0,0.5,0.1,0.7
1974,2,41.0,-33.0,23.33,25.25,25.86,24.63,4.0,1.82,6.0,0.3,0.6,0.8,24.24,24.75,26.83,25.5,4.0,2.04,6.0,0.3,0.6,0.8,15.57,15.82,16.43,16.0,3.0,0.64,8.0,0.0,0.6,0.8,81.3,83.3,86.2,83.8,3.0,3.6,8.0,0.0,0.8,2.24,3.85,4.36,3.33,4.0,1.6,6.0,0.3,0.6,0.8,-3.22,-1.66,1.37,-0.96,4.0,3.24,6.0,0.3,0.6,0.8,-1.78,-0.36,1.55,-0.13,4.0,2.37,6.0,0.3,0.6,0.8,1015.01,1016.35,1017.95,1016.48,4.0,2.0,6.0,0.3,0.6,0.8,0.5,1.0,1.5,1.0,4.0,0.8,6.0,0.3,0.6,0.8,-12.6,-4.7,8.0,-2.4,4.0,13.9,6.0,0.3,0.6,0.8,-6.6,-1.5,7.1,0.2,4.0,9.9,6.0,0.3,0.6,0.8,-2.26,-0.85,0.51,-0.87,4.0,1.61,6.0,0.3,0.6,0.8,-6.0,-0.6,1.9,-2.0,4.0,5.3,6.0,0.3,0.6,0.8,1.55,2.75,4.11,2.83,3.0,1.88,8.0,0.0,0.6,0.8,6.7,11.3,15.2,11.0,3.0,6.3,8.0,0.0,0.6,0.8,-79.4,-43.2,30.7,-25.2,4.0,78.7,6.0,0.3,0.6,0.8,-44.4,-8.7,37.2,-3.9,4.0,57.8,6.0,0.3,0.6,0.8,-57.7,-36.6,25.6,-16.5,3.0,63.4,8.0,0.0,0.6,0.8,-33.6,-11.9,27.4,-3.3,3.0,45.3,8.0,0.0,0.6,0.8,-11.1,-11.0,-1.1,-6.2,3.0,8.4,8.0,0.0,0.6,0.8,-9.6,-2.0,1.4,-4.0,3.0,8.2,8.0,0.0,0.6,0.8,22.5,58.0,84.0,53.5,4.0,40.5,6.0,0.3,0.6,0.8,25.0,60.0,85.0,55.0,4.0,40.0,6.0,0.3,0.6,0.8
1974,2,41.0,-32.0,25.16,25.5,25.57,25.37,3.0,0.32,16.0,0.3,0.5,0.5,24.22,24.9,27.15,25.67,3.0,2.25,16.0,0.3,0.5,0.5,14.71,16.24,17.5,16.11,3.0,2.05,16.0,0.3,0.5,0.5,76.0,76.1,80.8,78.3,3.0,4.0,16.0,0.3,0.5,3.88,7.7,9.47,6.7,3.0,4.19,16.0,0.3,0.5,0.5,-8.39,-7.24,-0.88,-4.7,3.0,5.92,16.0,0.3,0.5,0.5,-4.35,-2.63,-0.59,-2.47,3.0,2.76,16.0,0.3,0.5,0.5,1014.03,1014.3,1016.69,1015.33,3.0,2.15,16.0,0.3,0.5,0.5,0.8,2.5,4.2,2.5,2.0,3.5,22.0,0.0,0.6,0.6,-80.4,-55.7,-14.7,-47.7,3.0,48.6,16.0,0.3,0.5,0.5,-42.6,-20.3,-5.9,-24.2,3.0,27.1,16.0,0.3,0.5,0.5,-1.99,0.6,1.35,-0.3,3.0,2.57,16.0,0.3,0.5,0.5,-15.7,3.6,5.4,-5.0,3.0,17.1,16.0,0.3,0.5,0.5,2.4,4.11,5.74,4.07,3.0,2.44,16.0,0.3,0.5,0.5,12.8,13.6,33.2,22.8,3.0,17.0,16.0,0.3,0.5,0.5,-216.4,-204.0,-31.0,-125.6,3.0,151.8,16.0,0.3,0.5,0.5,-111.1,-74.3,-17.6,-64.6,3.0,69.0,16.0,0.3,0.5,0.5,-140.4,-130.8,-21.8,-82.3,3.0,96.6,16.0,0.3,0.5,0.5,-72.2,-47.6,-11.6,-42.1,3.0,44.6,16.0,0.3,0.5,0.5,-28.7,-11.6,5.5,-11.6,3.0,25.0,16.0,0.3,0.5,0.5,-15.8,-4.2,0.3,-7.7,3.0,12.1,16.0,0.3,0.5,0.5,151.0,456.5,891.0,519.5,3.0,544.5,16.0,0.3,0.5,0.5,150.0,455.0,890.0,520.0,3.0,545.0,16.0,0.3,0.5,0.5
1974,2,41.0,-31.0,26.06,26.2,26.34,26.2,2.0,0.28,14.0,0.5,0.6,0.5,24.72,25.2,25.68,25.2,2.0,0.99,14.0,0.5,0.6,0.5,16.06,16.74,17.42,16.74,2.0,1.41,14.0,0.5,0.6,0.5,82.8,83.7,84.6,83.7,2.0,1.9,14.0,0.5,0.5,6.28,6.45,6.62,6.45,2.0,0.35,14.0,0.5,0.6,0.5,0.97,3.05,5.14,3.05,2.0,4.32,14.0,0.5,0.6,0.5,-5.47,-2.81,-0.16,-2.81,2.0,5.5,14.0,0.5,0.6,0.5,1012.72,1013.4,1014.08,1013.4,2.0,1.41,14.0,0.5,0.6,0.5,2.0,4.0,6.0,4.0,2.0,4.2,14.0,0.5,0.6,0.5,6.0,18.9,31.8,18.9,2.0,26.8,14.0,0.5,0.6,0.5,-36.7,-19.1,-1.5,-19.1,2.0,36.5,14.0,0.5,0.6,0.5,0.39,1.0,1.61,1.0,2.0,1.27,14.0,0.5,0.6,0.5,2.4,6.2,10.0,6.2,2.0,7.9,14.0,0.5,0.6,0.5,3.67,4.51,5.35,4.51,2.0,1.74,14.0,0.5,0.6,0.5,24.1,28.8,33.4,28.8,2.0,9.6,14.0,0.5,0.6,0.5,23.7,74.8,125.9,74.8,2.0,105.8,14.0,0.5,0.6,0.5,-141.8,-73.6,-5.3,-73.6,2.0,141.4,14.0,0.5,0.6,0.5,15.3,48.1,80.9,48.1,2.0,68.0,14.0,0.5,0.6,0.5,-97.3,-50.9,-4.6,-50.9,2.0,96.0,14.0,0.5,0.6,0.5,5.6,17.5,29.5,17.5,2.0,24.8,14.0,0.5,0.6,0.5,-17.5,-7.9,1.7,-7.9,2.0,19.9,14.0,0.5,0.6,0.5,248.0,269.5,291.0,269.5,2.0,44.0,14.0,0.5,0.6,0.5,250.0,270.0,290.0,270.0,2.0,45.0,14.0,0.5,0.6,0.5
1974,2,41.0,-30.0,26.74,27.0,28.29,27.42,5.0,0.98,12.0,0.6,0.2,0.8,26.3,26.7,28.14,26.87,7.0,1.47,12.0,0.6,0.2,0.8,16.03,16.75,18.73,17.35,4.0,1.82,12.0,0.5,0.2,0.8,72.8,74.2,83.3,77.9,4.0,8.8,12.0,0.5,0.8,5.57,7.7,10.11,7.63,7.0,3.11,12.0,0.6,0.2,0.8,-8.95,-5.0,-3.57,-5.21,7.0,4.02,12.0,0.6,0.2,0.8,-6.17,0.0,3.9,0.03,7.0,5.45,12.0,0.6,0.2,0.8,1010.09,1012.1,1013.91,1012.53,7.0,2.22,12.0,0.6,0.2,0.8,2.0,2.0,5.0,3.3,7.0,1.7,12.0,0.6,0.2,0.8,-82.2,-32.5,-23.4,-48.9,7.0,44.5,12.0,0.6,0.2,0.8,-52.5,0.0,24.0,-3.8,7.0,52.3,12.0,0.6,0.2,0.8,-0.1,0.4,2.13,0.94,5.0,1.25,12.0,0.6,0.2,0.8,-0.8,4.0,8.9,4.1,5.0,5.1,12.0,0.6,0.2,0.8,5.62,6.28,7.94,6.77,3.0,1.75,8.0,0.7,0.2,0.8,36.4,49.7,68.5,52.4,3.0,23.6,8.0,0.7,0.2,0.8,-259.1,-133.0,-95.6,-144.8,7.0,112.4,12.0,0.6,0.2,0.8,-173.1,0.0,105.2,-1.6,7.0,147.0,12.0,0.6,0.2,0.8,-141.0,-84.0,-73.1,-106.0,4.0,54.1,12.0,0.5,0.2,0.8,-120.6,-53.7,30.7,-45.3,4.0,90.1,12.0,0.5,0.2,0.8,-57.7,-38.1,-32.8,-45.1,3.0,19.3,8.0,0.7,0.2,0.8,-26.4,0.0,21.8,-2.2,3.0,35.3,8.0,0.7,0.2,0.8,177.5,456.5,1041.0,635.0,7.0,639.0,12.0,0.6,0.2,0.8,180.0,455.0,1040.0,635.0,7.0,640.0,12.0,0.6,0.2,0.8
1974,2,41.0,-29.0,26.29,27.0,27.71,27.0,11.0,0.68,16.0,0.7,0.4,0.5,26.87,28.0,29.1,27.9,12.0,1.32,14.0,0.7,0.3,0.5,15.79,17.49,19.22,17.25,10.0,1.81,16.0,0.6,0.3,0.6,68.7,74.9,80.4,74.7,10.0,6.5,16.0,0.6,0.6,6.09,6.2,8.76,6.96,13.0,2.05,16.0,0.7,0.4,0.5,-7.63,-6.2,-2.09,-4.29,13.0,5.14,16.0,0.7,0.4,0.5,-4.05,0.0,1.1,-1.51,13.0,2.8,16.0,0.7,0.4,0.5,1011.92,1013.3,1014.97,1013.4,13.0,2.25,16.0,0.7,0.4,0.5,1.0,3.0,4.0,2.6,13.0,1.3,16.0,0.7,0.4,0.5,-60.0,-38.4,-5.3,-31.9,13.0,43.4,16.0,0.7,0.4,0.5,-30.9,0.0,7.0,-13.4,13.0,26.7,16.0,0.7,0.4,0.5,-1.79,-0.55,0.5,-0.53,10.0,1.22,16.0,0.7,0.3,0.5,-11.1,-2.8,3.5,-3.3,10.0,7.7,16.0,0.7,0.3,0.5,3.44,5.24,7.47,5.38,9.0,1.98,18.0,0.7,0.3,0.6,22.1,39.5,50.7,37.8,9.0,12.8,18.0,0.7,0.3,0.6,-200.2,-170.2,-25.9,-111.8,12.0,151.2,14.0,0.7,0.3,0.5,-119.3,-24.3,30.5,-45.2,12.0,79.6,14.0,0.7,0.3,0.5,-142.9,-102.0,-94.3,-96.5,10.0,65.0,16.0,0.6,0.3,0.6,-83.5,-41.9,9.8,-40.9,10.0,50.2,16.0,0.6,0.3,0.6,-45.0,-34.9,-14.9,-26.0,9.0,26.8,18.0,0.7,0.3,0.6,-18.8,-12.0,6.0,-9.6,9.0,13.7,18.0,0.7,0.3,0.6,228.0,238.5,672.5,421.0,13.0,373.0,16.0,0.7,0.4,0.5,230.0,240.0,670.0,420.0,13.0,375.0,16.0,0.7,0.4,0.5
1974,2,41.0,-28.0,26.8,27.45,28.1,27.46,20.0,0.9,14.0,0.7,0.5,0.6,27.0,27.6,29.47,27.97,22.0,1.26,16.0,0.7,0.5,0.6,16.19,18.65,19.61,18.18,19.0,1.8,16.0,0.7,0.5,0.6,70.6,78.0,84.8,76.9,19.0,7.3,16.0,0.7,0.6,4.35,6.7,10.05,7.27,23.0,2.83,16.0,0.7,0.5,0.6,-8.95,-6.11,-3.11,-5.69,23.0,3.65,16.0,0.7,0.5,0.6,-3.59,-0.36,2.71,0.06,23.0,4.0,16.0,0.7,0.5,0.6,1009.34,1011.7,1012.85,1011.36,23.0,2.04,16.0,0.7,0.5,0.6,2.0,4.0,5.5,3.8,23.0,1.9,16.0,0.7,0.5,0.6,-83.3,-37.9,-11.4,-47.4,23.0,43.2,16.0,0.7,0.5,0.6,-27.2,-0.8,22.1,-1.5,23.0,38.9,16.0,0.7,0.5,0.6,-2.0,-0.9,1.0,-0.55,20.0,1.44,14.0,0.7,0.5,0.6,-13.4,-4.8,3.7,-5.0,20.0,13.5,14.0,0.7,0.5,0.6,3.04,5.32,6.4,4.83,18.0,2.16,16.0,0.7,0.5,0.6,18.2,28.5,55.1,34.1,18.0,19.4,16.0,0.7,0.5,0.6,-245.0,-173.6,-100.9,-166.5,22.0,101.0,16.0,0.7,0.5,0.6,-107.3,-19.6,51.7,-6.5,22.0,111.3,16.0,0.7,0.5,0.6,-168.9,-113.2,-71.7,-115.8,19.0,60.8,16.0,0.7,0.5,0.6,-63.9,-20.0,28.7,-11.9,19.0,51.8,16.0,0.7,0.5,0.6,-49.9,-28.1,-12.7,-29.2,18.0,21.2,16.0,0.7,0.5,0.6,-16.0,-3.0,9.6,-2.7,18.0,15.7,16.0,0.7,0.5,0.6,83.0,301.0,1018.5,554.5,23.0,576.0,16.0,0.7,0.5,0.6,85.0,300.0,1020.0,555.0,23.0,575.0,16.0,0.7,0.5,0.6
1974,2,41.0,-27.0,27.43,27.5,27.75,27.58,5.0,0.26,16.0,0.2,0.4,0.5,26.62,27.8,28.18,27.48,5.0,0.9,16.0,0.2,0.4,0.5,16.86,17.56,18.53,17.69,5.0,1.04,16.0,0.2,0.4,0.5,71.3,80.1,82.2,77.3,5.0,5.9,16.0,0.2,0.5,3.96,4.85,7.24,5.3,6.0,2.59,14.0,0.3,0.5,0.5,-5.35,-2.78,-0.37,-2.55,6.0,3.46,14.0,0.3,0.5,0.5,-1.18,0.21,5.23,1.71,6.0,4.13,14.0,0.3,0.5,0.5,1009.34,1011.9,1012.73,1011.22,5.0,2.2,16.0,0.2,0.4,0.5,2.0,3.0,4.4,3.3,6.0,1.5,14.0,0.3,0.5,0.5,-29.5,-12.8,4.6,-11.3,6.0,24.9,14.0,0.3,0.5,0.5,-5.8,3.3,32.6,15.5,6.0,33.9,14.0,0.3,0.5,0.5,-0.68,0.2,0.79,0.1,5.0,0.89,16.0,0.2,0.4,0.5,-3.9,1.3,3.8,0.0,5.0,5.7,16.0,0.2,0.4,0.5,4.6,5.48,6.2,5.43,5.0,0.87,16.0,0.2,0.4,0.5,18.7,27.7,37.7,28.4,5.0,14.8,16.0,0.2,0.4,0.5,-152.4,-41.4,10.0,-61.0,5.0,105.4,16.0,0.2,0.4,0.5,-22.0,32.3,163.1,70.1,5.0,114.5,16.0,0.2,0.4,0.5,-104.1,-26.9,6.8,-42.0,5.0,70.4,16.0,0.2,0.4,0.5,-13.7,22.3,102.9,44.2,5.0,70.9,16.0,0.2,0.4,0.5,-25.7,-9.5,1.0,-10.7,5.0,18.1,16.0,0.2,0.4,0.5,-4.4,5.2,34.0,14.0,5.0,22.7,16.0,0.2,0.4,0.5,78.0,115.0,405.0,239.5,6.0,293.5,14.0,0.3,0.5,0.5,80.0,115.0,405.0,240.0,6.0,295.0,14.0,0.3,0.5,0.5
1974,2,41.0,-26.0,27.48,28.5,29.21,28.35,4.0,1.08,16.0,0.8,0.3,0.6,27.53,28.9,30.22,28.88,4.0,1.61,16.0,0.8,0.3,0.6,17.72,18.23,19.51,18.61,3.0,1.35,22.0,1.0,0.4,0.7,65.4,69.4,80.2,72.7,3.0,11.3,22.0,1.0,0.7,3.08,5.65,9.06,6.05,4.0,3.59,16.0,0.8,0.3,0.6,-8.12,-4.77,-1.1,-4.62,4.0,4.16,16.0,0.8,0.3,0.6,-2.68,0.02,3.95,0.61,4.0,3.93,16.0,0.8,0.3,0.6,1008.93,1010.65,1013.26,1011.08,4.0,2.7,16.0,0.8,0.3,0.6,1.4,3.0,4.6,3.0,4.0,2.4,16.0,0.8,0.3,0.6,-74.7,-32.0,-4.0,-39.0,4.0,43.0,16.0,0.8,0.3,0.6,-8.4,6.8,37.4,14.2,4.0,29.3,16.0,0.8,0.3,0.6,-1.01,-0.45,-0.05,-0.52,4.0,0.57,16.0,0.8,0.3,0.6,-4.7,-1.7,-0.2,-2.4,4.0,2.9,16.0,0.8,0.3,0.6,4.61,6.96,7.9,6.27,3.0,2.48,22.0,1.0,0.4,0.7,26.3,36.3,48.1,37.2,3.0,16.0,22.0,1.0,0.4,0.7,-233.5,-139.2,-29.9,-132.0,4.0,119.8,16.0,0.8,0.3,0.6,-77.3,1.9,112.9,17.1,4.0,112.1,16.0,0.8,0.3,0.6,-164.3,-131.9,-41.9,-103.8,3.0,92.9,22.0,1.0,0.4,0.7,-15.8,48.0,85.9,35.4,3.0,75.3,22.0,1.0,0.4,0.7,-44.4,-31.4,-10.0,-27.3,3.0,25.4,22.0,1.0,0.4,0.7,-9.0,18.1,18.3,4.9,3.0,23.0,22.0,1.0,0.4,0.7,31.5,251.5,790.0,403.5,4.0,501.5,16.0,0.8,0.3,0.6,30.0,250.0,790.0,405.0,4.0,500.0,16.0,0.8,0.3,0.6
1974,2,41.0,-22.0,30.5,30.5,30.5,30.5,1.0,0.0,28.0,1.0,0.0,0.9,29.2,29.2,29.2,29.2,1.0,0.0,28.0,1.0,0.0,0.9,21.61,21.61,21.61,21.61,1.0,0.0,28.0,1.0,0.0,0.9,84.9,84.9,84.9,84.9,1.0,0.0,28.0,1.0,0.9,5.1,5.1,5.1,5.1,1.0,0.0,28.0,1.0,0.0,0.9,-5.02,-5.02,-5.02,-5.02,1.0,0.0,28.0,1.0,0.0,0.9,0.89,0.89,0.89,0.89,1.0,0.0,28.0,1.0,0.0,0.9,1008.7,1008.7,1008.7,1008.7,1.0,0.0,28.0,1.0,0.0,0.9,3.0,3.0,3.0,3.0,1.0,0.0,28.0,1.0,0.0,0.9,-25.6,-25.6,-25.6,-25.6,1.0,0.0,28.0,1.0,0.0,0.9,4.5,4.5,4.5,4.5,1.0,0.0,28.0,1.0,0.0,0.9,1.3,1.3,1.3,1.3,1.0,0.0,28.0,1.0,0.0,0.9,6.6,6.6,6.6,6.6,1.0,0.0,28.0,1.0,0.0,0.9,5.92,5.92,5.92,5.92,1.0,0.0,28.0,1.0,0.0,0.9,30.2,30.2,30.2,30.2,1.0,0.0,28.0,1.0,0.0,0.9,-146.7,-146.7,-146.7,-146.7,1.0,0.0,28.0,1.0,0.0,0.9,25.9,25.9,25.9,25.9,1.0,0.0,28.0,1.0,0.0,0.9,-108.5,-108.5,-108.5,-108.5,1.0,0.0,28.0,1.0,0.0,0.9,19.1,19.1,19.1,19.1,1.0,0.0,28.0,1.0,0.0,0.9,-29.7,-29.7,-29.7,-29.7,1.0,0.0,28.0,1.0,0.0,0.9,5.2,5.2,5.2,5.2,1.0,0.0,28.0,1.0,0.0,0.9,132.5,132.5,132.5,132.5,1.0,0.0,28.0,1.0,0.0,0.9,135.0,135.0,135.0,135.0,1.0,0.0,28.0,1.0,0.0,0.9
1974,2,41.0,-21.0,28.52,29.0,30.0,29.24,11.0,0.79,18.0,0.3,0.1,0.7,26.93,27.5,28.7,27.64,13.0,1.0,16.0,0.3,0.1,0.7,17.52,18.79,19.07,18.33,9.0,1.05,18.0,0.4,0.1,0.7,73.7,78.3,81.8,78.1,9.0,4.3,18.0,0.4,0.7,0.86,2.6,4.89,2.77,10.0,2.03,16.0,0.2,0.1,0.7,-2.28,-1.52,0.0,-1.45,10.0,1.31,16.0,0.2,0.1,0.7,-3.68,-0.65,1.7,-0.77,10.0,2.82,16.0,0.2,0.1,0.7,1007.57,1009.65,1011.9,1009.64,12.0,2.23,18.0,0.3,0.1,0.7,1.5,4.0,8.0,4.0,12.0,2.9,16.0,0.3,0.1,0.7,-9.9,-4.6,0.0,-6.1,10.0,7.6,16.0,0.2,0.1,0.7,-16.5,-1.7,3.7,-4.1,10.0,13.8,16.0,0.2,0.1,0.7,1.0,1.3,2.24,1.55,11.0,1.05,18.0,0.3,0.1,0.7,0.3,3.0,7.3,3.7,8.0,3.1,18.0,0.1,0.1,0.7,5.64,6.44,8.45,6.86,8.0,1.28,18.0,0.4,0.1,0.6,0.0,19.0,32.1,17.9,6.0,15.9,16.0,0.2,0.1,0.6,-64.0,-41.3,0.0,-39.9,10.0,35.9,16.0,0.2,0.1,0.7,-98.9,-18.7,49.1,-20.0,10.0,76.6,16.0,0.2,0.1,0.7,-44.7,-40.6,0.0,-31.8,7.0,25.3,16.0,0.3,0.1,0.7,-46.2,0.0,27.2,-7.3,7.0,50.6,16.0,0.3,0.1,0.7,-20.5,-14.4,0.0,-12.2,6.0,10.2,16.0,0.2,0.1,0.6,-15.0,0.0,11.6,-1.2,6.0,18.8,16.0,0.2,0.1,0.6,3.5,17.5,117.5,53.5,10.0,79.0,16.0,0.2,0.1,0.7,5.0,20.0,120.0,55.0,10.0,80.0,16.0,0.2,0.1,0.7
1974,2,41.0,-20.0,27.99,29.0,29.65,28.74,18.0,1.4,16.0,0.4,0.4,0.6,27.11,28.0,28.78,27.99,17.0,1.15,16.0,0.4,0.4,0.6,17.39,18.27,19.03,18.22,16.0,1.02,16.0,0.4,0.4,0.5,71.6,77.6,82.4,77.5,16.0,6.0,16.0,0.4,0.5,0.0,2.35,4.91,2.95,16.0,3.05,18.0,0.4,0.4,0.6,-4.34,-1.56,0.0,-1.9,16.0,1.89,18.0,0.4,0.4,0.6,-2.76,0.0,0.0,-1.19,16.0,3.11,18.0,0.4,0.4,0.6,1008.35,1009.65,1011.03,1009.72,18.0,2.03,16.0,0.4,0.4,0.6,1.4,3.0,7.6,4.1,16.0,2.9,18.0,0.3,0.4,0.6,-20.7,-3.6,0.0,-10.5,16.0,13.9,18.0,0.4,0.4,0.6,-10.3,0.0,0.0,-8.8,16.0,25.2,18.0,0.4,0.4,0.6,-1.18,1.0,2.09,0.68,17.0,1.67,16.0,0.4,0.4,0.6,-2.7,0.0,6.5,2.4,15.0,8.7,18.0,0.3,0.4,0.6,4.33,6.19,7.97,6.26,16.0,2.18,16.0,0.4,0.4,0.5,0.0,9.6,34.4,20.3,14.0,23.9,18.0,0.4,0.4,0.5,-121.0,-48.2,0.0,-56.7,15.0,52.3,18.0,0.3,0.4,0.6,-83.4,0.0,0.0,-35.5,15.0,89.2,18.0,0.3,0.4,0.6,-80.9,-29.0,0.0,-35.9,14.0,35.1,18.0,0.4,0.4,0.5,-37.5,0.0,0.0,-20.5,14.0,58.6,18.0,0.4,0.4,0.5,-30.2,-5.6,0.0,-12.4,14.0,14.1,18.0,0.4,0.4,0.5,-21.9,0.0,0.0,-8.0,14.0,24.1,18.0,0.4,0.4,0.5,0.0,13.5,119.0,122.5,16.0,243.0,18.0,0.4,0.4,0.6,0.0,15.0,120.0,120.0,16.0,245.0,18.0,0.4,0.4,0.6
1974,2,41.0,-19.0,28.0,28.9,29.5,28.66,20.0,1.23,18.0,0.6,0.5,0.5,26.0,27.8,29.89,28.02,20.0,1.99,18.0,0.6,0.5,0.5,17.55,18.57,19.35,18.62,17.0,1.26,18.0,0.6,0.6,0.6,74.4,80.7,85.1,79.6,17.0,6.4,18.0,0.6,0.6,2.6,4.1,6.69,4.57,20.0,2.77,16.0,0.6,0.5,0.5,-4.52,-2.42,-0.46,-2.55,20.0,2.39,16.0,0.6,0.5,0.5,-5.57,-2.31,0.8,-1.99,20.0,3.6,16.0,0.6,0.5,0.5,1007.31,1009.7,1012.0,1009.58,20.0,2.37,18.0,0.6,0.5,0.5,2.0,5.0,7.0,4.6,21.0,2.4,16.0,0.6,0.6,0.5,-21.2,-11.0,-0.8,-16.3,20.0,22.3,16.0,0.6,0.5,0.5,-33.7,-6.3,2.3,-11.1,20.0,31.4,16.0,0.6,0.5,0.5,-0.54,1.0,3.06,0.73,19.0,2.19,18.0,0.6,0.5,0.5,-3.2,4.7,12.6,3.9,18.0,10.7,18.0,0.6,0.5,0.5,4.06,6.64,7.89,6.16,16.0,1.88,18.0,0.6,0.5,0.5,10.7,20.6,36.7,24.2,15.0,16.5,18.0,0.5,0.5,0.6,-104.7,-68.5,-10.1,-62.6,19.0,54.4,18.0,0.6,0.6,0.6,-146.4,-70.9,19.3,-69.8,19.0,83.9,18.0,0.6,0.6,0.6,-71.3,-41.2,-3.2,-39.7,16.0,39.5,18.0,0.6,0.6,0.6,-77.1,-39.0,13.7,-33.0,16.0,46.0,18.0,0.6,0.6,0.6,-27.4,-11.7,-0.7,-13.5,15.0,16.1,18.0,0.5,0.5,0.6,-23.9,-6.8,4.7,-9.9,15.0,18.5,18.0,0.5,0.5,0.6,17.5,69.0,299.5,210.5,20.0,350.5,16.0,0.6,0.5,0.5,20.0,70.0,300.0,210.0,20.0,350.0,16.0,0.6,0.5,0.5
1974,2,41.0,-18.0,28.45,29.0,30.1,29.23,13.0,0.98,12.0,0.8,0.6,0.6,27.5,28.0,30.26,28.52,15.0,1.29,14.0,0.8,0.6,0.6,18.11,18.96,20.62,19.32,14.0,1.8,14.0,0.8,0.6,0.6,74.3,78.2,83.7,78.9,14.0,4.7,14.0,0.8,0.6,1.54,3.85,5.66,3.98,14.0,2.76,14.0,0.9,0.6,0.6,-1.94,0.0,3.08,0.46,14.0,2.38,14.0,0.9,0.6,0.6,-4.33,-1.65,1.22,-1.95,14.0,3.83,14.0,0.9,0.6,0.6,1008.42,1009.8,1011.82,1009.97,15.0,1.55,14.0,0.8,0.6,0.6,4.0,7.0,7.0,5.9,14.0,2.0,14.0,0.9,0.6,0.6,-7.1,0.0,12.5,1.6,14.0,12.4,14.0,0.9,0.6,0.6,-21.5,-4.6,1.8,-13.8,14.0,35.4,14.0,0.9,0.6,0.6,-1.14,0.7,2.16,0.68,13.0,1.58,12.0,0.8,0.6,0.6,-1.3,2.9,9.2,3.9,12.0,7.6,14.0,0.9,0.6,0.6,5.14,5.79,8.43,6.29,12.0,2.33,14.0,0.8,0.6,0.6,9.9,25.9,32.6,26.7,11.0,23.3,14.0,0.9,0.6,0.6,-52.7,0.0,85.9,13.4,14.0,68.6,14.0,0.9,0.6,0.6,-120.0,-47.0,34.1,-54.6,14.0,105.6,14.0,0.9,0.6,0.6,-34.8,0.0,55.7,8.1,13.0,48.3,16.0,0.8,0.6,0.6,-80.7,-31.8,2.2,-47.0,13.0,57.6,16.0,0.8,0.6,0.6,-16.7,0.0,16.6,0.2,11.0,16.0,14.0,0.9,0.6,0.6,-26.6,-11.3,5.4,-16.4,11.0,27.8,14.0,0.9,0.6,0.6,3.5,58.0,182.0,169.0,14.0,373.5,14.0,0.9,0.6,0.6,5.0,60.0,180.0,170.0,14.0,375.0,14.0,0.9,0.6,0.6
1974,2,41.0,-17.0,28.2,28.95,29.06,28.69,18.0,0.5,10.0,0.6,0.2,0.7,26.49,27.6,30.0,27.94,19.0,1.61,10.0,0.5,0.2,0.7,17.32,18.57,20.85,18.91,17.0,1.82,10.0,0.6,0.2,0.7,72.9,78.4,89.2,80.3,17.0,9.1,10.0,0.6,0.7,1.43,2.6,7.84,3.89,19.0,3.17,10.0,0.5,0.2,0.7,-2.3,0.0,1.72,-0.07,19.0,1.96,10.0,0.5,0.2,0.7,-7.45,-1.55,0.07,-2.59,19.0,3.89,10.0,0.5,0.2,0.7,1006.94,1009.0,1010.54,1008.86,19.0,1.97,10.0,0.5,0.2,0.7,3.9,6.0,8.0,5.7,19.0,2.2,10.0,0.5,0.2,0.7,-6.0,0.0,4.5,0.1,19.0,8.4,10.0,0.5,0.2,0.7,-58.6,-4.3,0.1,-20.5,19.0,38.3,10.0,0.5,0.2,0.7,-1.21,0.95,2.03,0.64,18.0,1.56,10.0,0.6,0.2,0.7,-2.0,1.9,15.5,4.3,18.0,9.5,10.0,0.6,0.2,0.7,3.41,6.19,7.76,5.81,17.0,1.91,10.0,0.6,0.2,0.7,7.0,14.1,38.6,23.9,17.0,26.7,10.0,0.6,0.2,0.7,-63.5,0.0,48.4,-2.4,19.0,55.7,10.0,0.5,0.2,0.7,-197.2,-44.8,1.8,-69.5,19.0,104.4,10.0,0.5,0.2,0.7,-44.8,0.0,32.3,-5.4,17.0,38.7,10.0,0.6,0.2,0.7,-153.6,-30.4,0.0,-51.7,17.0,71.3,10.0,0.6,0.2,0.7,-12.4,0.0,7.0,-1.5,17.0,9.2,10.0,0.6,0.2,0.7,-37.9,-7.3,0.0,-18.5,17.0,29.5,10.0,0.6,0.2,0.7,3.0,17.5,485.5,203.0,19.0,385.0,10.0,0.5,0.2,0.7,5.0,20.0,485.0,205.0,19.0,385.0,10.0,0.5,0.2,0.7
1974,2,41.0,-16.0,27.5,28.0,29.5,28.38,31.0,1.14,12.0,0.4,0.3,0.6,26.29,27.5,28.75,27.67,32.0,1.35,12.0,0.4,0.3,0.5,17.9,19.75,21.14,19.51,23.0,1.72,12.0,0.4,0.3,0.5,78.8,84.2,92.1,84.8,23.0,7.1,12.0,0.4,0.5,2.6,5.05,6.2,4.68,30.0,2.18,12.0,0.4,0.3,0.5,-1.87,0.99,3.17,0.76,30.0,2.91,12.0,0.4,0.3,0.5,-5.61,-2.73,1.05,-2.57,30.0,3.39,12.0,0.4,0.3,0.5,1007.31,1009.7,1011.18,1009.33,33.0,2.22,12.0,0.4,0.3,0.5,3.0,6.0,8.0,5.5,33.0,2.4,12.0,0.4,0.3,0.5,-10.3,3.2,21.9,5.2,30.0,18.6,12.0,0.4,0.3,0.5,-33.5,-9.6,3.4,-16.4,30.0,24.0,12.0,0.4,0.3,0.5,-0.32,0.65,1.58,0.62,30.0,1.26,12.0,0.4,0.3,0.5,-2.1,2.1,7.7,3.0,28.0,7.3,12.0,0.4,0.3,0.5,3.47,4.8,6.33,4.66,22.0,1.62,12.0,0.4,0.3,0.5,8.4,19.7,30.0,21.2,20.0,13.4,10.0,0.5,0.3,0.5,-52.4,27.1,93.8,20.6,30.0,80.2,12.0,0.4,0.3,0.5,-150.7,-78.6,28.9,-71.2,30.0,93.7,12.0,0.4,0.3,0.5,-24.9,21.4,68.5,27.0,21.0,47.6,10.0,0.4,0.3,0.5,-111.8,-48.7,0.0,-57.0,21.0,69.3,10.0,0.4,0.3,0.5,-5.8,3.6,20.2,6.0,20.0,13.1,10.0,0.5,0.3,0.5,-23.3,-12.7,-0.1,-12.2,20.0,17.0,10.0,0.5,0.3,0.5,17.5,129.0,238.5,169.5,30.0,204.5,12.0,0.4,0.3,0.5,20.0,130.0,240.0,170.0,30.0,205.0,12.0,0.4,0.3,0.5
1974,2,41.0,-15.0,28.0,28.85,30.0,28.79,38.0,1.14,14.0,0.5,0.4,0.5,27.0,28.3,30.0,28.54,39.0,1.46,14.0,0.5,0.4,0.5,17.87,19.35,21.03,19.65,23.0,2.06,14.0,0.6,0.5,0.5,74.6,80.4,90.2,81.5,23.0,7.6,14.0,0.6,0.5,2.02,4.1,6.19,4.28,39.0,2.35,14.0,0.5,0.4,0.5,-0.86,0.0,3.26,0.83,39.0,2.21,14.0,0.5,0.4,0.5,-5.27,-3.14,0.0,-2.43,39.0,3.56,14.0,0.5,0.4,0.5,1007.99,1010.05,1011.91,1009.95,38.0,2.71,14.0,0.5,0.4,0.5,1.7,5.0,7.3,4.6,37.0,2.7,14.0,0.5,0.4,0.5,-4.3,0.0,16.7,5.7,39.0,14.2,14.0,0.5,0.4,0.5,-35.7,-12.2,0.0,-13.7,39.0,25.3,14.0,0.5,0.4,0.5,-1.03,0.05,1.43,0.25,38.0,1.53,14.0,0.5,0.4,0.5,-3.8,0.0,6.6,0.8,38.0,7.0,14.0,0.5,0.4,0.5,2.87,5.16,7.21,5.18,23.0,2.17,14.0,0.6,0.5,0.5,1.9,17.4,31.2,19.4,23.0,17.2,14.0,0.6,0.5,0.5,-26.3,0.0,91.2,23.0,39.0,62.9,14.0,0.5,0.4,0.5,-149.9,-84.8,0.0,-69.5,39.0,104.2,14.0,0.5,0.4,0.5,-9.0,0.0,66.5,22.0,23.0,42.2,14.0,0.6,0.5,0.5,-90.0,-61.0,0.0,-51.7,23.0,61.4,14.0,0.6,0.5,0.5,-1.3,0.0,17.1,7.1,23.0,15.4,14.0,0.6,0.5,0.5,-25.7,-11.2,0.0,-11.6,23.0,16.0,14.0,0.6,0.5,0.5,8.5,69.0,237.5,149.0,39.0,208.0,14.0,0.5,0.4,0.5,10.0,70.0,240.0,150.0,39.0,210.0,14.0,0.5,0.4,0.5
1974,2,41.0,-14.0,27.76,28.4,30.0,28.61,19.0,1.3,14.0,0.4,0.6,0.5,26.93,28.1,29.51,28.16,19.0,1.42,14.0,0.4,0.6,0.5,16.74,18.59,20.44,18.8,15.0,1.63,14.0,0.5,0.6,0.6,74.0,78.4,88.2,80.4,15.0,8.3,14.0,0.5,0.6,0.0,5.4,6.7,4.49,18.0,3.25,14.0,0.4,0.6,0.5,-0.3,1.28,3.64,1.46,18.0,2.32,14.0,0.4,0.6,0.5,-6.23,-3.84,0.45,-2.79,18.0,4.0,14.0,0.4,0.6,0.5,1007.9,1009.35,1010.89,1009.28,18.0,1.82,14.0,0.4,0.6,0.5,1.1,4.0,8.0,4.6,17.0,3.0,14.0,0.5,0.6,0.5,-0.3,6.4,24.4,10.7,18.0,15.4,14.0,0.4,0.6,0.5,-39.9,-21.2,1.4,-21.8,18.0,32.0,14.0,0.4,0.6,0.5,-0.24,0.4,1.5,0.44,19.0,1.22,14.0,0.4,0.6,0.5,-0.7,1.3,4.5,1.8,18.0,4.3,14.0,0.4,0.6,0.5,3.26,5.75,7.15,5.33,15.0,2.04,14.0,0.5,0.6,0.6,0.0,19.3,42.0,21.9,14.0,21.5,14.0,0.5,0.6,0.6,-8.5,34.4,101.9,40.1,18.0,65.3,14.0,0.4,0.6,0.5,-167.9,-101.9,13.4,-75.7,18.0,113.0,14.0,0.4,0.6,0.5,0.0,25.7,82.7,32.4,14.0,39.1,14.0,0.5,0.6,0.6,-116.3,-84.9,0.0,-63.9,14.0,52.2,14.0,0.5,0.6,0.6,0.0,3.2,20.8,11.0,14.0,17.0,14.0,0.5,0.6,0.6,-35.7,-16.0,0.0,-16.9,14.0,15.9,14.0,0.5,0.6,0.6,0.0,159.0,301.0,222.0,18.0,313.0,14.0,0.4,0.6,0.5,0.0,160.0,300.0,220.0,18.0,315.0,14.0,0.4,0.6,0.5
1974,2,41.0,-13.0,28.69,29.0,29.49,29.1,5.0,0.57,16.0,0.2,0.3,0.3,28.66,29.2,29.74,29.2,5.0,0.92,16.0,0.2,0.3,0.3,17.83,18.11,19.3,18.56,3.0,1.14,22.0,0.3,0.2,0.2,70.0,71.4,76.3,73.1,3.0,4.9,22.0,0.3,0.2,2.06,4.6,8.1,5.14,5.0,3.41,16.0,0.2,0.3,0.3,-0.87,0.0,0.57,-0.16,5.0,1.42,16.0,0.2,0.3,0.3,-7.83,-4.32,-2.06,-5.0,5.0,3.37,16.0,0.2,0.3,0.3,1008.53,1009.35,1010.17,1009.35,4.0,1.06,16.0,0.3,0.3,0.3,2.0,6.0,6.0,4.4,5.0,2.2,16.0,0.2,0.3,0.3,-6.1,0.0,2.6,-1.9,5.0,8.9,16.0,0.2,0.3,0.3,-65.7,-19.9,-4.3,-34.9,5.0,40.2,16.0,0.2,0.3,0.3,-0.8,-0.1,0.71,-0.1,5.0,0.94,16.0,0.2,0.3,0.3,-4.4,-0.5,3.3,-0.8,5.0,6.1,16.0,0.2,0.3,0.3,6.81,6.87,7.52,7.16,3.0,0.58,22.0,0.3,0.2,0.2,13.9,14.2,29.1,21.3,3.0,12.7,22.0,0.3,0.2,0.2,-26.7,0.0,16.8,-5.4,5.0,42.8,16.0,0.2,0.3,0.3,-229.2,-126.7,-60.2,-145.2,5.0,94.8,16.0,0.2,0.3,0.3,0.0,0.0,19.0,9.3,3.0,16.1,22.0,0.3,0.2,0.2,-64.8,-39.7,-38.6,-51.4,3.0,21.8,22.0,0.3,0.2,0.2,0.0,0.0,8.4,4.1,3.0,7.1,22.0,0.3,0.2,0.2,-27.6,-14.2,-13.9,-20.6,3.0,11.4,22.0,0.3,0.2,0.2,9.0,97.5,583.0,291.5,5.0,419.0,16.0,0.2,0.3,0.3,10.0,95.0,585.0,290.0,5.0,420.0,16.0,0.2,0.3,0.3
1974,2,41.0,-12.0,28.4,28.75,29.21,28.8,4.0,0.5,14.0,0.8,0.2,0.3,28.56,29.45,29.76,29.18,4.0,0.95,14.0,0.8,0.2,0.3,17.5,19.82,21.66,19.59,3.0,3.05,14.0,1.0,0.3,0.3,69.4,84.8,87.0,78.3,3.0,14.0,14.0,1.0,0.3,1.3,4.1,7.44,4.37,3.0,4.51,18.0,0.7,0.0,0.3,-5.08,-3.55,-1.13,-3.11,3.0,2.92,18.0,0.7,0.0,0.3,-4.71,0.0,1.4,-1.61,3.0,4.69,18.0,0.7,0.0,0.3,1012.33,1015.2,1015.2,1013.8,3.0,2.42,14.0,1.0,0.3,0.3,2.0,4.5,6.5,4.3,4.0,2.8,14.0,0.8,0.2,0.3,-40.2,-14.6,-4.6,-22.2,3.0,26.9,18.0,0.7,0.0,0.3,-42.4,0.0,5.7,-17.9,3.0,38.5,18.0,0.7,0.0,0.3,-1.1,-0.5,0.37,-0.37,4.0,0.89,14.0,0.8,0.2,0.3,-8.7,-4.1,-1.3,-5.0,3.0,5.5,18.0,0.7,0.0,0.3,3.6,4.61,7.34,5.45,3.0,2.84,14.0,1.0,0.3,0.3,5.6,17.7,29.7,17.7,2.0,25.0,20.0,1.0,0.0,0.4,-150.3,-106.5,-33.8,-92.4,3.0,86.2,18.0,0.7,0.0,0.3,-138.8,0.0,42.0,-47.3,3.0,138.6,18.0,0.7,0.0,0.3,-49.1,-29.2,-9.3,-29.2,2.0,41.3,20.0,1.0,0.0,0.4,5.3,16.8,28.3,16.8,2.0,23.8,20.0,1.0,0.0,0.4,-25.7,-15.3,-4.9,-15.3,2.0,21.6,20.0,1.0,0.0,0.4,2.8,8.8,14.9,8.8,2.0,12.5,20.0,1.0,0.0,0.4,22.0,69.0,519.5,266.0,3.0,402.5,18.0,0.7,0.0,0.3,20.0,70.0,520.0,265.0,3.0,400.0,18.0,0.7,0.0,0.3
1974,2,41.0,-11.0,28.16,29.1,29.8,29.05,6.0,0.85,20.0,0.5,0.3,0.7,28.0,28.2,30.47,29.1,5.0,1.49,20.0,0.4,0.3,0.8,17.65,18.38,21.11,19.36,3.0,2.67,16.0,0.3,0.3,0.8,74.4,76.6,81.6,78.0,3.0,5.4,16.0,0.3,0.8,1.67,3.0,7.14,3.8,6.0,2.97,20.0,0.5,0.3,0.7,-1.56,0.0,0.6,-0.31,6.0,1.37,20.0,0.5,0.3,0.7,-6.79,-2.33,0.62,-2.64,6.0,3.98,20.0,0.5,0.3,0.7,1007.19,1008.6,1010.09,1008.76,5.0,1.91,20.0,0.4,0.3,0.8,1.6,2.5,4.0,2.5,6.0,1.5,20.0,0.5,0.3,0.7,-11.6,0.0,1.5,-3.6,6.0,8.1,20.0,0.5,0.3,0.7,-48.6,-6.1,1.9,-17.9,6.0,27.4,20.0,0.5,0.3,0.7,-0.59,0.0,0.44,-0.04,5.0,0.83,20.0,0.4,0.3,0.8,-1.2,0.0,1.3,0.1,5.0,2.4,20.0,0.4,0.3,0.8,4.45,5.7,6.16,5.32,3.0,1.29,16.0,0.3,0.3,0.8,4.2,13.4,34.2,19.1,3.0,22.5,16.0,0.3,0.3,0.8,-13.8,0.0,23.6,3.9,5.0,30.2,20.0,0.4,0.3,0.8,-129.7,-57.9,30.7,-53.8,5.0,109.9,20.0,0.4,0.3,0.8,-16.8,0.0,4.3,-6.1,3.0,16.3,16.0,0.3,0.3,0.8,-106.5,-35.8,-11.4,-58.4,3.0,72.4,16.0,0.3,0.3,0.8,-5.2,0.0,1.6,-1.8,3.0,5.2,16.0,0.3,0.3,0.8,-33.7,-13.2,-4.2,-18.8,3.0,22.2,16.0,0.3,0.3,0.8,7.5,27.0,366.5,144.0,6.0,202.0,20.0,0.5,0.3,0.7,5.0,25.0,365.0,145.0,6.0,200.0,20.0,0.5,0.3,0.7
1974,2,41.0,-9.0,28.14,28.65,29.16,28.65,2.0,1.06,20.0,0.0,0.0,0.3,27.63,27.7,27.77,27.7,2.0,0.14,20.0,0.0,0.0,0.3,17.35,18.32,19.28,18.32,2.0,1.99,20.0,0.0,0.0,0.3,75.1,78.8,82.5,78.8,2.0,7.7,20.0,0.0,0.3,2.42,3.1,3.78,3.1,2.0,1.41,20.0,0.0,0.0,0.3,0.06,0.18,0.31,0.18,2.0,0.26,20.0,0.0,0.0,0.3,-3.78,-3.08,-2.39,-3.08,2.0,1.44,20.0,0.0,0.0,0.3,1009.79,1010.4,1011.01,1010.4,2.0,1.27,20.0,0.0,0.0,0.3,0.3,1.0,1.7,1.0,2.0,1.4,20.0,0.0,0.0,0.3,0.1,0.4,0.6,0.4,2.0,0.5,20.0,0.0,0.0,0.3,-14.8,-10.6,-6.3,-10.6,2.0,8.8,20.0,0.0,0.0,0.3,0.51,0.95,1.39,0.95,2.0,0.92,20.0,0.0,0.0,0.3,1.6,3.6,5.6,3.6,2.0,4.2,20.0,0.0,0.0,0.3,6.16,6.36,6.56,6.36,2.0,0.42,20.0,0.0,0.0,0.3,15.7,19.4,23.1,19.4,2.0,7.7,20.0,0.0,0.0,0.3,1.6,5.0,8.5,5.0,2.0,7.1,20.0,0.0,0.0,0.3,-104.9,-85.5,-66.1,-85.5,2.0,40.2,20.0,0.0,0.0,0.3,1.0,3.1,5.2,3.1,2.0,4.4,20.0,0.0,0.0,0.3,-73.6,-57.9,-42.2,-57.9,2.0,32.5,20.0,0.0,0.0,0.3,0.4,1.2,2.0,1.2,2.0,1.7,20.0,0.0,0.0,0.3,-23.1,-19.3,-15.5,-19.3,2.0,7.8,20.0,0.0,0.0,0.3,18.5,39.0,59.5,39.0,2.0,42.0,20.0,0.0,0.0,0.3,20.0,40.0,60.0,40.0,2.0,40.0,20.0,0.0,0.0,0.3
1974,2,41.0,-8.0,27.25,27.8,28.35,27.8,2.0,1.13,10.0,1.0,0.8,0.2,28.13,28.4,29.63,28.87,3.0,1.17,16.0,1.0,0.5,0.2,19.5,21.56,23.62,21.56,2.0,4.27,10.0,1.0,0.8,0.2,78.9,83.9,88.9,83.9,2.0,10.3,10.0,1.0,0.2,7.2,7.2,7.2,7.2,2.0,0.0,18.0,1.0,0.4,0.2,-2.27,-1.86,-1.44,-1.86,2.0,0.86,18.0,1.0,0.4,0.2,-7.04,-6.93,-6.82,-6.93,2.0,0.23,18.0,1.0,0.4,0.2,1007.87,1010.4,1010.47,1009.2,3.0,2.17,16.0,1.0,0.5,0.2,2.0,2.0,3.4,2.7,3.0,1.2,16.0,1.0,0.5,0.2,-16.3,-13.4,-10.4,-13.4,2.0,6.2,18.0,1.0,0.4,0.2,-50.7,-49.9,-49.1,-49.9,2.0,1.7,18.0,1.0,0.4,0.2,-2.66,-1.5,-0.34,-1.5,2.0,2.4,10.0,1.0,0.8,0.2,1.4,1.4,1.4,1.4,1.0,0.0,6.0,1.0,0.8,0.3,-0.91,1.9,4.72,1.9,2.0,5.84,10.0,1.0,0.8,0.2,43.4,43.4,43.4,43.4,1.0,0.0,6.0,1.0,0.8,0.3,-63.6,-52.2,-40.8,-52.2,2.0,23.6,18.0,1.0,0.4,0.2,-199.5,-195.4,-191.3,-195.4,2.0,8.4,18.0,1.0,0.4,0.2,-23.2,-23.2,-23.2,-23.2,1.0,0.0,6.0,1.0,0.8,0.3,-131.5,-131.5,-131.5,-131.5,1.0,0.0,6.0,1.0,0.8,0.3,-7.5,-7.5,-7.5,-7.5,1.0,0.0,6.0,1.0,0.8,0.3,-42.8,-42.8,-42.8,-42.8,1.0,0.0,6.0,1.0,0.8,0.3,373.0,373.0,373.0,373.0,2.0,0.0,18.0,1.0,0.4,0.2,375.0,375.0,375.0,375.0,2.0,0.0,18.0,1.0,0.4,0.2
1974,2,41.0,-7.0,28.36,28.7,29.04,28.7,2.0,0.71,20.0,0.5,0.1,0.6,27.49,28.1,28.71,28.1,2.0,1.27,20.0,0.5,0.1,0.6,18.27,18.28,18.29,18.28,2.0,0.02,20.0,0.5,0.1,0.6,74.0,76.9,79.9,76.9,2.0,6.0,20.0,0.5,0.6,3.17,4.4,5.63,4.4,2.0,2.55,20.0,0.5,0.1,0.6,-1.86,-1.29,-0.72,-1.29,2.0,1.18,20.0,0.5,0.1,0.6,-5.31,-4.19,-3.08,-4.19,2.0,2.31,20.0,0.5,0.1,0.6,1008.37,1009.8,1011.23,1009.8,2.0,2.97,20.0,0.5,0.1,0.6,2.3,3.0,3.7,3.0,2.0,1.4,20.0,0.5,0.1,0.6,-11.2,-7.2,-3.1,-7.2,2.0,8.5,20.0,0.5,0.1,0.6,-31.4,-21.4,-11.3,-21.4,2.0,20.8,20.0,0.5,0.1,0.6,0.33,0.6,0.87,0.6,2.0,0.57,20.0,0.5,0.1,0.6,1.4,3.4,5.3,3.4,2.0,4.0,20.0,0.5,0.1,0.6,5.93,6.48,7.02,6.48,2.0,1.13,20.0,0.5,0.1,0.6,21.5,27.1,32.6,27.1,2.0,11.5,20.0,0.5,0.1,0.6,-50.6,-35.4,-20.2,-35.4,2.0,31.5,20.0,0.5,0.1,0.6,-145.1,-116.4,-87.6,-116.4,2.0,59.5,20.0,0.5,0.1,0.6,-33.9,-23.5,-13.1,-23.5,2.0,21.6,20.0,0.5,0.1,0.6,-97.1,-76.7,-56.3,-76.7,2.0,42.3,20.0,0.5,0.1,0.6,-10.6,-7.7,-4.7,-7.7,2.0,6.2,20.0,0.5,0.1,0.6,-30.8,-25.8,-20.9,-25.8,2.0,10.2,20.0,0.5,0.1,0.6,52.5,128.0,203.5,128.0,2.0,156.0,20.0,0.5,0.1,0.6,55.0,130.0,205.0,130.0,2.0,155.0,20.0,0.5,0.1,0.6
1974,2,41.0,-6.0,27.76,27.9,28.04,27.9,2.0,0.28,10.0,0.5,0.3,0.9,26.66,27.0,27.34,27.0,2.0,0.71,10.0,0.5,0.3,0.9,17.17,17.24,17.31,17.24,2.0,0.15,10.0,0.5,0.3,0.9,75.5,77.4,79.3,77.4,2.0,3.9,10.0,0.5,0.9,3.99,5.9,7.81,5.9,2.0,3.96,10.0,0.5,0.3,0.9,-5.08,-3.98,-2.89,-3.98,2.0,2.28,10.0,0.5,0.3,0.9,-5.92,-4.33,-2.73,-4.33,2.0,3.3,10.0,0.5,0.3,0.9,1010.02,1010.05,1010.08,1010.05,2.0,0.07,10.0,0.5,0.3,0.9,1.8,3.5,5.2,3.5,2.0,3.5,10.0,0.5,0.3,0.9,-42.1,-28.0,-13.9,-28.0,2.0,29.2,10.0,0.5,0.3,0.9,-49.8,-32.1,-14.4,-32.1,2.0,36.6,10.0,0.5,0.3,0.9,0.7,0.9,1.1,0.9,2.0,0.42,10.0,0.5,0.3,0.9,4.0,4.5,5.0,4.5,2.0,1.1,10.0,0.5,0.3,0.9,6.09,6.35,6.62,6.35,2.0,0.54,10.0,0.5,0.3,0.9,24.9,38.6,52.3,38.6,2.0,28.4,10.0,0.5,0.3,0.9,-139.4,-108.4,-77.3,-108.4,2.0,64.2,10.0,0.5,0.3,0.9,-162.6,-118.0,-73.5,-118.0,2.0,92.3,10.0,0.5,0.3,0.9,-87.2,-68.5,-49.9,-68.5,2.0,38.6,10.0,0.5,0.3,0.9,-101.6,-74.4,-47.2,-74.4,2.0,56.3,10.0,0.5,0.3,0.9,-33.9,-25.9,-17.9,-25.9,2.0,16.6,10.0,0.5,0.3,0.9,-39.7,-28.4,-17.1,-28.4,2.0,23.3,10.0,0.5,0.3,0.9,129.5,344.0,558.5,344.0,2.0,444.5,10.0,0.5,0.3,0.9,130.0,345.0,560.0,345.0,2.0,445.0,10.0,0.5,0.3,0.9
1974,2,41.0,-5.0,26.9,27.35,27.86,27.38,4.0,0.57,10.0,0.3,0.5,0.6,26.84,27.0,27.0,26.93,4.0,0.15,10.0,0.3,0.5,0.6,17.23,17.71,18.74,17.98,4.0,0.98,10.0,0.3,0.5,0.6,77.8,79.7,83.8,80.7,4.0,4.0,10.0,0.3,0.6,5.3,6.2,9.28,7.1,5.0,2.34,12.0,0.2,0.6,0.5,-5.7,-4.6,-2.68,-4.29,5.0,1.83,12.0,0.2,0.6,0.5,-6.81,-5.37,-3.4,-5.05,5.0,3.2,12.0,0.2,0.6,0.5,1006.3,1007.2,1009.04,1007.65,4.0,1.72,10.0,0.3,0.5,0.6,3.6,4.0,4.7,4.2,5.0,1.1,12.0,0.2,0.6,0.5,-54.8,-21.2,-16.3,-32.5,5.0,21.4,12.0,0.2,0.6,0.5,-64.4,-33.3,-19.4,-40.9,5.0,33.5,12.0,0.2,0.6,0.5,0.04,0.5,0.86,0.45,4.0,0.52,10.0,0.3,0.5,0.6,0.6,4.4,6.7,3.7,4.0,3.8,10.0,0.3,0.5,0.6,4.0,5.43,5.87,4.96,4.0,1.44,10.0,0.3,0.5,0.6,25.2,40.2,54.6,39.9,4.0,19.5,10.0,0.3,0.5,0.6,-159.4,-111.4,-67.4,-113.3,4.0,56.0,10.0,0.3,0.5,0.6,-197.3,-147.1,-144.8,-169.9,4.0,47.3,10.0,0.3,0.5,0.6,-102.4,-72.6,-46.5,-74.3,4.0,34.2,10.0,0.3,0.5,0.6,-130.1,-100.3,-96.6,-112.8,4.0,27.9,10.0,0.3,0.5,0.6,-33.2,-24.4,-11.2,-22.3,4.0,13.5,10.0,0.3,0.5,0.6,-42.9,-29.8,-22.0,-32.3,4.0,16.2,10.0,0.3,0.5,0.6,153.0,238.5,817.0,454.5,5.0,417.0,12.0,0.2,0.6,0.5,155.0,240.0,815.0,455.0,5.0,415.0,12.0,0.2,0.6,0.5
1974,2,41.0,-4.0,27.28,27.8,28.79,28.06,5.0,1.17,8.0,0.8,0.3,0.5,27.0,28.0,28.37,27.8,5.0,0.84,8.0,0.8,0.3,0.5,16.3,17.21,18.11,17.21,2.0,1.87,14.0,1.0,0.5,0.5,72.6,74.9,77.3,74.9,2.0,4.9,14.0,1.0,0.5,8.96,10.3,11.06,10.03,4.0,1.37,10.0,0.8,0.3,0.5,-9.44,-8.18,-5.42,-7.47,4.0,2.92,10.0,0.8,0.3,0.5,-8.28,-5.48,-3.23,-5.74,4.0,3.01,10.0,0.8,0.3,0.5,1011.24,1011.55,1011.86,1011.55,2.0,0.64,14.0,1.0,0.5,0.5,3.0,4.0,6.0,4.4,5.0,1.5,8.0,0.8,0.3,0.5,-104.0,-80.5,-47.3,-75.9,4.0,34.8,10.0,0.8,0.3,0.5,-86.4,-61.0,-31.0,-58.8,4.0,32.5,10.0,0.8,0.3,0.5,-0.97,0.5,1.24,0.26,5.0,1.28,8.0,0.8,0.3,0.5,-2.0,6.0,15.0,6.4,4.0,12.8,10.0,0.8,0.3,0.5,7.62,7.83,8.04,7.83,2.0,0.43,14.0,1.0,0.5,0.5,66.5,76.8,87.1,76.8,2.0,21.4,14.0,1.0,0.5,0.5,-259.0,-225.2,-150.0,-205.4,4.0,77.0,10.0,0.8,0.3,0.5,-236.7,-151.6,-87.2,-161.5,4.0,89.6,10.0,0.8,0.3,0.5,-154.4,-141.4,-128.4,-141.4,2.0,26.9,14.0,1.0,0.5,0.5,-120.3,-89.6,-58.8,-89.6,2.0,63.7,14.0,1.0,0.5,0.5,-68.4,-64.2,-60.0,-64.2,2.0,8.8,14.0,1.0,0.5,0.5,-53.1,-40.1,-27.1,-40.1,2.0,26.9,14.0,1.0,0.5,0.5,737.0,1100.5,1355.5,1049.0,4.0,391.0,10.0,0.8,0.3,0.5,735.0,1100.0,1355.0,1050.0,4.0,390.0,10.0,0.8,0.3,0.5
1974,2,41.0,-3.0,26.22,26.9,27.81,26.96,8.0,0.81,14.0,0.6,0.5,0.5,25.25,27.0,27.98,26.78,9.0,1.43,14.0,0.7,0.5,0.6,16.81,17.11,18.65,17.38,7.0,0.96,16.0,0.6,0.6,0.6,73.0,79.5,84.1,79.4,7.0,6.0,16.0,0.6,0.6,4.78,6.7,8.53,6.63,8.0,1.92,14.0,0.6,0.5,0.6,-6.57,-5.44,-3.53,-4.96,8.0,2.68,14.0,0.6,0.5,0.6,-5.49,-0.74,2.86,-1.16,8.0,4.13,14.0,0.6,0.5,0.6,1009.01,1009.1,1011.52,1010.3,8.0,2.43,16.0,0.6,0.5,0.6,2.0,2.0,3.7,2.9,9.0,1.8,14.0,0.7,0.5,0.6,-56.0,-34.7,-17.3,-36.8,8.0,25.9,14.0,0.6,0.5,0.6,-43.6,-3.1,13.6,-11.4,8.0,28.2,14.0,0.6,0.5,0.6,-0.67,-0.1,1.0,0.21,8.0,1.63,14.0,0.6,0.5,0.5,-5.8,0.7,9.8,1.5,7.0,12.6,16.0,0.6,0.5,0.5,3.88,4.99,6.72,5.2,6.0,1.38,18.0,0.5,0.6,0.5,27.1,30.2,44.6,34.4,6.0,10.4,18.0,0.5,0.6,0.5,-189.9,-140.5,-95.4,-131.1,8.0,70.3,14.0,0.6,0.5,0.6,-159.4,-18.2,76.9,-32.1,8.0,113.1,14.0,0.6,0.5,0.6,-125.8,-94.4,-62.6,-89.0,7.0,47.1,16.0,0.6,0.6,0.6,-80.4,26.0,55.4,-8.5,7.0,68.7,16.0,0.6,0.6,0.6,-39.8,-25.5,-17.2,-26.6,6.0,16.7,18.0,0.5,0.6,0.5,-20.9,-4.7,12.5,-3.0,6.0,19.6,18.0,0.5,0.6,0.5,113.0,306.0,627.0,354.0,8.0,263.0,14.0,0.6,0.5,0.6,115.0,305.0,625.0,355.0,8.0,265.0,14.0,0.6,0.5,0.6
1974,2,41.0,13.0,29.2,29.2,29.2,29.2,1.0,0.0,20.0,0.0,0.6,0.5,28.5,28.5,28.5,28.5,1.0,0.0,20.0,0.0,0.6,0.5,16.93,16.93,16.93,16.93,1.0,0.0,20.0,0.0,0.6,0.5,69.6,69.6,69.6,69.6,1.0,0.0,20.0,0.0,0.5,0.0,0.0,0.0,0.0,1.0,0.0,20.0,0.0,0.6,0.5,0.0,0.0,0.0,0.0,1.0,0.0,20.0,0.0,0.6,0.5,0.0,0.0,0.0,0.0,1.0,0.0,20.0,0.0,0.6,0.5,1010.0,1010.0,1010.0,1010.0,1.0,0.0,20.0,0.0,0.6,0.5,6.0,6.0,6.0,6.0,1.0,0.0,20.0,0.0,0.6,0.5,0.0,0.0,0.0,0.0,1.0,0.0,20.0,0.0,0.6,0.5,0.0,0.0,0.0,0.0,1.0,0.0,20.0,0.0,0.6,0.5,0.7,0.7,0.7,0.7,1.0,0.0,20.0,0.0,0.6,0.5,0.0,0.0,0.0,0.0,1.0,0.0,20.0,0.0,0.6,0.5,8.55,8.55,8.55,8.55,1.0,0.0,20.0,0.0,0.6,0.5,0.0,0.0,0.0,0.0,1.0,0.0,20.0,0.0,0.6,0.5,0.0,0.0,0.0,0.0,1.0,0.0,20.0,0.0,0.6,0.5,0.0,0.0,0.0,0.0,1.0,0.0,20.0,0.0,0.6,0.5,0.0,0.0,0.0,0.0,1.0,0.0,20.0,0.0,0.6,0.5,0.0,0.0,0.0,0.0,1.0,0.0,20.0,0.0,0.6,0.5,0.0,0.0,0.0,0.0,1.0,0.0,20.0,0.0,0.6,0.5,0.0,0.0,0.0,0.0,1.0,0.0,20.0,0.0,0.6,0.5,0.0,0.0,0.0,0.0,1.0,0.0,20.0,0.0,0.6,0.5,0.0,0.0,0.0,0.0,1.0,0.0,20.0,0.0,0.6,0.5
1974,2,41.0,14.0,24.71,26.45,27.82,26.28,4.0,1.94,12.0,0.0,0.5,0.6,23.53,25.3,25.86,24.73,4.0,1.74,12.0,0.0,0.5,0.6,15.92,16.46,16.56,16.25,4.0,0.51,12.0,0.0,0.5,0.6,77.1,82.0,91.2,84.1,4.0,10.6,12.0,0.0,0.6,4.31,5.1,11.33,7.7,4.0,6.24,12.0,0.0,0.5,0.6,-4.16,2.27,4.37,0.21,4.0,6.07,12.0,0.0,0.5,0.6,-3.42,-2.51,6.88,1.54,4.0,8.82,12.0,0.0,0.5,0.6,1010.13,1012.05,1012.6,1011.4,4.0,1.8,12.0,0.0,0.5,0.6,0.0,1.5,5.1,2.5,4.0,3.3,12.0,0.0,0.5,0.6,-74.6,11.1,22.3,-24.5,4.0,80.6,12.0,0.0,0.5,0.6,-14.8,-10.8,126.9,53.0,4.0,131.6,12.0,0.0,0.5,0.6,0.55,1.7,2.54,1.55,4.0,1.56,12.0,0.0,0.5,0.6,1.6,11.5,23.2,12.3,4.0,13.6,12.0,0.0,0.5,0.6,3.46,5.58,6.97,5.23,4.0,2.4,12.0,0.0,0.5,0.6,23.8,30.2,37.2,30.5,4.0,8.0,12.0,0.0,0.5,0.6,-91.2,56.8,112.0,12.5,4.0,141.9,12.0,0.0,0.5,0.6,-86.6,-63.7,149.6,27.1,4.0,200.7,12.0,0.0,0.5,0.6,-68.7,37.2,69.4,2.0,4.0,99.1,12.0,0.0,0.5,0.6,-56.4,-40.4,114.7,26.0,4.0,145.6,12.0,0.0,0.5,0.6,-7.3,14.0,27.3,10.2,4.0,21.6,12.0,0.0,0.5,0.6,-23.6,-15.3,11.6,-6.5,4.0,25.4,12.0,0.0,0.5,0.6,87.5,132.5,2637.0,1306.0,4.0,2405.0,12.0,0.0,0.5,0.6,90.0,135.0,2635.0,1305.0,4.0,2405.0,12.0,0.0,0.5,0.6
1974,2,41.0,15.0,26.86,27.0,27.14,27.0,2.0,0.28,16.0,1.0,0.5,0.4,25.2,26.5,26.77,26.0,3.0,1.23,20.0,0.7,0.6,0.5,16.52,17.75,18.49,17.51,3.0,1.46,20.0,0.7,0.6,0.5,75.7,80.2,91.7,83.6,3.0,12.1,20.0,0.7,0.5,1.97,6.2,8.66,5.33,3.0,4.96,20.0,0.7,0.6,0.5,-4.02,-2.12,-0.67,-2.34,3.0,2.46,20.0,0.7,0.6,0.5,1.85,5.83,7.64,4.77,3.0,4.34,20.0,0.7,0.6,0.5,1007.79,1008.2,1010.45,1009.1,3.0,2.1,20.0,0.7,0.6,0.5,0.0,0.0,4.1,2.0,3.0,3.5,20.0,0.7,0.6,0.5,-37.0,-13.1,-4.2,-20.4,3.0,24.8,20.0,0.7,0.6,0.5,11.5,36.1,68.2,39.8,3.0,41.7,20.0,0.7,0.6,0.5,0.3,0.3,0.3,0.3,2.0,0.0,16.0,1.0,0.5,0.4,0.5,1.5,2.5,1.5,2.0,2.1,16.0,1.0,0.5,0.4,5.06,5.52,5.98,5.52,2.0,0.95,16.0,1.0,0.5,0.4,9.6,30.4,51.1,30.4,2.0,42.9,16.0,1.0,0.5,0.4,-105.2,-52.2,-16.6,-60.7,3.0,65.3,20.0,0.7,0.6,0.5,45.5,143.3,199.0,122.7,3.0,113.9,20.0,0.7,0.6,0.5,-66.0,-39.9,-12.7,-39.3,3.0,39.1,20.0,0.7,0.6,0.5,34.8,109.7,127.2,81.7,3.0,71.9,20.0,0.7,0.6,0.5,-25.5,-15.2,-4.8,-15.2,2.0,21.5,16.0,1.0,0.5,0.4,8.3,26.3,44.2,26.3,2.0,37.2,16.0,1.0,0.5,0.4,75.5,238.5,718.0,393.0,3.0,489.5,20.0,0.7,0.6,0.5,75.0,240.0,720.0,395.0,3.0,490.0,20.0,0.7,0.6,0.5
1974,2,41.0,16.0,25.15,25.7,25.9,25.53,3.0,0.57,10.0,1.0,0.2,0.2,26.11,28.5,28.84,27.5,3.0,2.18,10.0,1.0,0.2,0.2,16.22,17.29,18.36,17.29,2.0,2.22,16.0,1.0,0.2,0.3,77.9,78.5,79.1,78.5,2.0,1.3,16.0,1.0,0.3,6.06,6.2,8.32,7.17,3.0,1.85,10.0,1.0,0.2,0.2,-2.83,1.08,2.97,0.09,3.0,4.34,10.0,1.0,0.2,0.2,-5.63,-4.6,4.04,-0.88,3.0,7.78,10.0,1.0,0.2,0.2,1010.51,1011.4,1011.67,1011.1,3.0,0.89,10.0,1.0,0.2,0.2,1.0,1.0,3.7,2.3,3.0,2.3,10.0,1.0,0.2,0.2,-27.4,6.7,17.9,-4.5,3.0,34.6,10.0,1.0,0.2,0.2,-34.6,-27.6,42.4,3.2,3.0,62.3,10.0,1.0,0.2,0.2,-2.94,-2.8,-0.96,-1.97,3.0,1.62,10.0,1.0,0.2,0.2,-17.8,-17.4,-6.1,-12.1,3.0,9.7,10.0,1.0,0.2,0.2,2.14,2.89,3.65,2.89,2.0,1.56,16.0,1.0,0.2,0.3,15.2,24.1,33.0,24.1,2.0,18.4,16.0,1.0,0.2,0.3,-69.6,30.7,86.1,8.8,3.0,115.6,10.0,1.0,0.2,0.2,-161.1,-133.3,95.1,-35.3,3.0,206.0,10.0,1.0,0.2,0.2,-58.3,-26.4,5.5,-26.4,2.0,66.0,16.0,1.0,0.2,0.3,-76.8,5.7,88.2,5.7,2.0,170.9,16.0,1.0,0.2,0.3,-15.3,-8.3,-1.3,-8.3,2.0,14.5,16.0,1.0,0.2,0.3,-4.1,10.6,25.3,10.6,2.0,30.5,16.0,1.0,0.2,0.3,223.0,238.5,624.5,419.5,3.0,333.5,10.0,1.0,0.2,0.2,225.0,240.0,625.0,420.0,3.0,335.0,10.0,1.0,0.2,0.2
1974,2,41.0,41.0,,,,,,,,,,,,,,,,,,,,,,,,,,,,,,,,,,,,,,,,2.0,2.0,2.0,2.0,1.0,0.0,18.0,0.0,0.0,0.6,1.53,1.53,1.53,1.53,1.0,0.0,18.0,0.0,0.0,0.6,1.29,1.29,1.29,1.29,1.0,0.0,18.0,0.0,0.0,0.6,1014.1,1014.1,1014.1,1014.1,1.0,0.0,18.0,0.0,0.0,0.6,,,,,,,,,,,,,,,,,,,,,,,,,,,,,,,,,,,,,,,,,,,,,,,,,,,,,,,,,,,,,,,,,,,,,,,,,,,,,,,,,,,,,,,,,,,,,,,,,,,,,,,,,,,,,,,,,,,,,,,,,,,,,,,,,,,,,,,,,,,,,,,,,,,,,,
1974,2,41.0,70.0,0.9,0.9,0.9,0.9,1.0,0.0,4.0,0.0,0.1,0.4,-8.8,-8.8,-8.8,-8.8,1.0,0.0,4.0,0.0,0.1,0.4,1.52,1.52,1.52,1.52,1.0,0.0,4.0,0.0,0.1,0.4,77.6,77.6,77.6,77.6,1.0,0.0,4.0,0.0,0.4,8.2,8.2,8.2,8.2,1.0,0.0,4.0,0.0,0.1,0.4,-1.42,-1.42,-1.42,-1.42,1.0,0.0,4.0,0.0,0.1,0.4,-8.08,-8.08,-8.08,-8.08,1.0,0.0,4.0,0.0,0.1,0.4,1009.6,1009.6,1009.6,1009.6,1.0,0.0,4.0,0.0,0.1,0.4,5.0,5.0,5.0,5.0,1.0,0.0,4.0,0.0,0.1,0.4,-11.7,-11.7,-11.7,-11.7,1.0,0.0,4.0,0.0,0.1,0.4,-66.2,-66.2,-66.2,-66.2,1.0,0.0,4.0,0.0,0.1,0.4,9.7,9.7,9.7,9.7,1.0,0.0,4.0,0.0,0.1,0.4,79.5,79.5,79.5,79.5,1.0,0.0,4.0,0.0,0.1,0.4,2.53,2.53,2.53,2.53,1.0,0.0,4.0,0.0,0.1,0.4,20.8,20.8,20.8,20.8,1.0,0.0,4.0,0.0,0.1,0.4,12.5,12.5,12.5,12.5,1.0,0.0,4.0,0.0,0.1,0.4,71.1,71.1,71.1,71.1,1.0,0.0,4.0,0.0,0.1,0.4,-2.2,-2.2,-2.2,-2.2,1.0,0.0,4.0,0.0,0.1,0.4,-12.2,-12.2,-12.2,-12.2,1.0,0.0,4.0,0.0,0.1,0.4,-3.6,-3.6,-3.6,-3.6,1.0,0.0,4.0,0.0,0.1,0.4,-20.4,-20.4,-20.4,-20.4,1.0,0.0,4.0,0.0,0.1,0.4,551.5,551.5,551.5,551.5,1.0,0.0,4.0,0.0,0.1,0.4,550.0,550.0,550.0,550.0,1.0,0.0,4.0,0.0,0.1,0.4
1974,2,41.0,71.0,0.47,1.25,2.0,1.28,8.0,0.71,12.0,0.1,0.4,0.3,-11.02,-6.0,-3.95,-6.69,12.0,4.32,14.0,0.2,0.3,0.3,2.26,2.41,2.56,2.41,2.0,0.31,2.0,0.0,0.8,0.2,87.6,88.3,88.9,88.3,2.0,1.3,2.0,0.0,0.2,3.85,9.8,12.33,8.61,12.0,4.5,12.0,0.1,0.3,0.3,-7.11,-5.0,-2.66,-5.25,12.0,3.23,12.0,0.1,0.3,0.3,-1.24,6.13,9.34,4.76,12.0,5.99,12.0,0.1,0.3,0.3,999.98,1005.3,1023.07,1008.66,13.0,12.78,14.0,0.2,0.3,0.3,7.0,8.0,8.0,7.6,7.0,0.8,10.0,0.3,0.4,0.2,-78.7,-52.8,-8.9,-53.3,12.0,50.2,12.0,0.1,0.3,0.3,-5.5,69.8,110.2,62.5,12.0,76.7,12.0,0.1,0.3,0.3,4.43,6.0,7.63,6.51,7.0,4.04,10.0,0.1,0.3,0.3,26.4,63.5,103.7,78.3,6.0,76.5,10.0,0.0,0.4,0.3,1.81,1.9,1.99,1.9,2.0,0.18,2.0,0.0,0.8,0.2,19.3,19.5,19.8,19.5,2.0,0.5,2.0,0.0,0.8,0.2,16.8,29.0,52.6,36.8,10.0,29.6,12.0,0.1,0.4,0.3,-105.5,-35.0,12.5,-49.7,10.0,75.7,12.0,0.1,0.4,0.3,-17.5,-16.0,-14.5,-16.0,2.0,3.2,2.0,0.0,0.8,0.2,17.3,19.1,20.9,19.1,2.0,3.8,2.0,0.0,0.8,0.2,-12.7,-12.5,-12.4,-12.5,2.0,0.3,2.0,0.0,0.8,0.2,14.8,14.9,15.1,14.9,2.0,0.4,2.0,0.0,0.8,0.2,59.0,941.0,1908.0,1122.0,12.0,1245.0,12.0,0.1,0.3,0.3,60.0,940.0,1910.0,1120.0,12.0,1245.0,12.0,0.1,0.3,0.3
1974,2,41.0,72.0,,,,,,,,,,,,,,,,,,,,,,,,,,,,,,,,,,,,,,,,9.8,9.8,9.8,9.8,1.0,0.0,22.0,0.0,0.6,0.3,-3.35,-3.35,-3.35,-3.35,1.0,0.0,22.0,0.0,0.6,0.3,9.21,9.21,9.21,9.21,1.0,0.0,22.0,0.0,0.6,0.3,997.1,997.1,997.1,997.1,1.0,0.0,22.0,0.0,0.6,0.3,,,,,,,,,,,,,,,,,,,,,,,,,,,,,,,,,,,,,,,,,,,,,,,,,,,,,,,,,,,,,,,,,,,,,,,,,,,,,,,,,,,,,,,,,,,,,,,,,,,,,,,,,,,,,,,,,,,,,,,,,,,,,,,,,,,,,,,,,,,,,,,,,,,,,,
1974,2,42.0,-68.0,-0.73,-0.35,0.03,-0.35,2.0,0.78,12.0,0.5,0.5,0.8,-2.14,-2.0,-1.86,-2.0,3.0,0.2,12.0,0.3,0.5,0.9,3.12,3.14,3.15,3.14,2.0,0.03,14.0,0.0,0.4,1.0,90.7,91.8,93.0,91.8,2.0,2.4,14.0,0.0,1.0,7.89,13.9,16.36,12.17,3.0,6.38,12.0,0.3,0.5,0.9,-16.36,-13.9,-5.6,-11.05,3.0,8.26,12.0,0.3,0.5,0.9,0.0,0.0,3.27,1.6,3.0,2.77,12.0,0.3,0.5,0.9,965.33,968.2,969.77,967.57,3.0,3.3,12.0,0.3,0.5,0.9,7.3,8.0,8.0,7.7,3.0,0.6,12.0,0.3,0.5,0.9,-270.4,-193.2,-67.4,-169.5,3.0,150.1,12.0,0.3,0.5,0.9,0.0,0.0,16.7,8.1,3.0,14.1,12.0,0.3,0.5,0.9,1.24,1.55,1.86,1.55,2.0,0.64,12.0,0.5,0.5,0.8,11.6,14.7,17.8,14.7,2.0,6.4,12.0,0.5,0.5,0.8,0.89,0.89,0.89,0.89,1.0,0.0,14.0,0.0,0.5,1.0,4.5,4.5,4.5,4.5,1.0,0.0,14.0,0.0,0.5,1.0,11.8,30.6,33.6,22.9,3.0,17.3,12.0,0.3,0.5,0.9,-5.9,0.0,0.0,-2.9,3.0,5.0,12.0,0.3,0.5,0.9,-37.8,-24.7,-11.5,-24.7,2.0,27.2,14.0,0.0,0.4,1.0,2.4,7.5,12.6,7.5,2.0,10.6,14.0,0.0,0.4,1.0,-1.5,-1.5,-1.5,-1.5,1.0,0.0,14.0,0.0,0.5,1.0,4.2,4.2,4.2,4.2,1.0,0.0,14.0,0.0,0.5,1.0,943.0,2685.5,4510.5,2726.0,3.0,2613.5,12.0,0.3,0.5,0.9,945.0,2685.0,4510.0,2725.0,3.0,2615.0,12.0,0.3,0.5,0.9
1974,2,42.0,-67.0,,,,,,,,,,,,,,,,,,,,,,,,,,,,,,,,,,,,,,,,3.26,3.6,3.94,3.6,2.0,0.71,16.0,1.0,0.8,0.7,2.87,3.27,3.67,3.27,2.0,0.83,16.0,1.0,0.8,0.7,-1.08,-0.07,0.93,-0.07,2.0,2.09,16.0,1.0,0.8,0.7,980.41,980.65,980.89,980.65,2.0,0.49,16.0,1.0,0.8,0.7,,,,,,,,,,,,,,,,,,,,,,,,,,,,,,,,,,,,,,,,,,,,,,,,,,,,,,,,,,,,,,,,,,,,,,,,,,,,,,,,,,,,,,,,,,,,,,,,,,,,,,,,,,,,,,,,,,,,,,,,,,,,,,,,,,,,,,,,,,,,,,,,,,,,,,
1974,2,42.0,-66.0,,,,,,,,,,,,,,,,,,,,,,,,,,,,,,,,,,,,,,,,6.2,6.2,6.2,6.2,2.0,0.0,16.0,1.0,0.9,0.7,6.12,6.15,6.19,6.15,2.0,0.07,16.0,1.0,0.9,0.7,-0.91,-0.54,-0.17,-0.54,2.0,0.76,16.0,1.0,0.9,0.7,983.75,984.3,984.85,984.3,2.0,1.13,16.0,1.0,0.9,0.7,,,,,,,,,,,,,,,,,,,,,,,,,,,,,,,,,,,,,,,,,,,,,,,,,,,,,,,,,,,,,,,,,,,,,,,,,,,,,,,,,,,,,,,,,,,,,,,,,,,,,,,,,,,,,,,,,,,,,,,,,,,,,,,,,,,,,,,,,,,,,,,,,,,,,,
1974,2,42.0,-65.0,0.9,0.9,0.9,0.9,1.0,0.0,16.0,0.0,0.9,0.5,1.1,1.1,1.1,1.1,1.0,0.0,16.0,0.0,0.9,0.5,3.35,3.35,3.35,3.35,1.0,0.0,16.0,0.0,0.9,0.5,79.8,79.8,79.8,79.8,1.0,0.0,16.0,0.0,0.5,6.0,6.0,6.0,6.0,1.0,0.0,16.0,0.0,0.9,0.5,5.64,5.64,5.64,5.64,1.0,0.0,16.0,0.0,0.9,0.5,-2.05,-2.05,-2.05,-2.05,1.0,0.0,16.0,0.0,0.9,0.5,986.5,986.5,986.5,986.5,1.0,0.0,16.0,0.0,0.9,0.5,4.0,4.0,4.0,4.0,1.0,0.0,16.0,0.0,0.9,0.5,33.8,33.8,33.8,33.8,1.0,0.0,16.0,0.0,0.9,0.5,-12.3,-12.3,-12.3,-12.3,1.0,0.0,16.0,0.0,0.9,0.5,-0.2,-0.2,-0.2,-0.2,1.0,0.0,16.0,0.0,0.9,0.5,-1.2,-1.2,-1.2,-1.2,1.0,0.0,16.0,0.0,0.9,0.5,0.79,0.79,0.79,0.79,1.0,0.0,16.0,0.0,0.9,0.5,4.7,4.7,4.7,4.7,1.0,0.0,16.0,0.0,0.9,0.5,6.2,6.2,6.2,6.2,1.0,0.0,16.0,0.0,0.9,0.5,-2.3,-2.3,-2.3,-2.3,1.0,0.0,16.0,0.0,0.9,0.5,18.9,18.9,18.9,18.9,1.0,0.0,16.0,0.0,0.9,0.5,-6.9,-6.9,-6.9,-6.9,1.0,0.0,16.0,0.0,0.9,0.5,4.5,4.5,4.5,4.5,1.0,0.0,16.0,0.0,0.9,0.5,-1.6,-1.6,-1.6,-1.6,1.0,0.0,16.0,0.0,0.9,0.5,216.0,216.0,216.0,216.0,1.0,0.0,16.0,0.0,0.9,0.5,215.0,215.0,215.0,215.0,1.0,0.0,16.0,0.0,0.9,0.5
1974,2,42.0,-64.0,0.5,0.5,0.5,0.5,1.0,0.0,18.0,0.0,0.8,0.5,0.9,0.9,0.9,0.9,1.0,0.0,18.0,0.0,0.8,0.5,3.59,3.59,3.59,3.59,1.0,0.0,18.0,0.0,0.8,0.5,87.1,87.1,87.1,87.1,1.0,0.0,18.0,0.0,0.5,7.0,7.0,7.0,7.0,1.0,0.0,18.0,0.0,0.8,0.5,5.36,5.36,5.36,5.36,1.0,0.0,18.0,0.0,0.8,0.5,-4.5,-4.5,-4.5,-4.5,1.0,0.0,18.0,0.0,0.8,0.5,990.8,990.8,990.8,990.8,1.0,0.0,18.0,0.0,0.8,0.5,8.0,8.0,8.0,8.0,1.0,0.0,18.0,0.0,0.8,0.5,37.5,37.5,37.5,37.5,1.0,0.0,18.0,0.0,0.8,0.5,-31.5,-31.5,-31.5,-31.5,1.0,0.0,18.0,0.0,0.8,0.5,-0.4,-0.4,-0.4,-0.4,1.0,0.0,18.0,0.0,0.8,0.5,-2.8,-2.8,-2.8,-2.8,1.0,0.0,18.0,0.0,0.8,0.5,0.41,0.41,0.41,0.41,1.0,0.0,18.0,0.0,0.8,0.5,2.9,2.9,2.9,2.9,1.0,0.0,18.0,0.0,0.8,0.5,4.8,4.8,4.8,4.8,1.0,0.0,18.0,0.0,0.8,0.5,-4.0,-4.0,-4.0,-4.0,1.0,0.0,18.0,0.0,0.8,0.5,19.3,19.3,19.3,19.3,1.0,0.0,18.0,0.0,0.8,0.5,-16.2,-16.2,-16.2,-16.2,1.0,0.0,18.0,0.0,0.8,0.5,2.2,2.2,2.2,2.2,1.0,0.0,18.0,0.0,0.8,0.5,-1.9,-1.9,-1.9,-1.9,1.0,0.0,18.0,0.0,0.8,0.5,343.0,343.0,343.0,343.0,1.0,0.0,18.0,0.0,0.8,0.5,345.0,345.0,345.0,345.0,1.0,0.0,18.0,0.0,0.8,0.5
1974,2,42.0,-59.0,1.0,1.0,1.0,1.0,1.0,0.0,18.0,1.0,0.2,0.1,1.4,1.4,1.4,1.4,1.0,0.0,18.0,1.0,0.2,0.1,3.9,3.9,3.9,3.9,1.0,0.0,18.0,1.0,0.2,0.1,90.4,90.4,90.4,90.4,1.0,0.0,18.0,1.0,0.1,10.0,10.0,10.0,10.0,1.0,0.0,18.0,1.0,0.2,0.1,-9.85,-9.85,-9.85,-9.85,1.0,0.0,18.0,1.0,0.2,0.1,1.74,1.74,1.74,1.74,1.0,0.0,18.0,1.0,0.2,0.1,980.5,980.5,980.5,980.5,1.0,0.0,18.0,1.0,0.2,0.1,8.0,8.0,8.0,8.0,1.0,0.0,18.0,1.0,0.2,0.1,-98.5,-98.5,-98.5,-98.5,1.0,0.0,18.0,1.0,0.2,0.1,17.4,17.4,17.4,17.4,1.0,0.0,18.0,1.0,0.2,0.1,-0.4,-0.4,-0.4,-0.4,1.0,0.0,18.0,1.0,0.2,0.1,-4.0,-4.0,-4.0,-4.0,1.0,0.0,18.0,1.0,0.2,0.1,0.29,0.29,0.29,0.29,1.0,0.0,18.0,1.0,0.2,0.1,2.9,2.9,2.9,2.9,1.0,0.0,18.0,1.0,0.2,0.1,-13.8,-13.8,-13.8,-13.8,1.0,0.0,18.0,1.0,0.2,0.1,2.4,2.4,2.4,2.4,1.0,0.0,18.0,1.0,0.2,0.1,-38.4,-38.4,-38.4,-38.4,1.0,0.0,18.0,1.0,0.2,0.1,6.8,6.8,6.8,6.8,1.0,0.0,18.0,1.0,0.2,0.1,-2.9,-2.9,-2.9,-2.9,1.0,0.0,18.0,1.0,0.2,0.1,0.5,0.5,0.5,0.5,1.0,0.0,18.0,1.0,0.2,0.1,1000.0,1000.0,1000.0,1000.0,1.0,0.0,18.0,1.0,0.2,0.1,1000.0,1000.0,1000.0,1000.0,1.0,0.0,18.0,1.0,0.2,0.1
1974,2,42.0,-58.0,,,,,,,,,,,,,,,,,,,,,,,,,,,,,,,,,,,,,,,,8.2,8.2,8.2,8.2,1.0,0.0,18.0,0.0,0.3,0.2,-4.1,-4.1,-4.1,-4.1,1.0,0.0,18.0,0.0,0.3,0.2,7.1,7.1,7.1,7.1,1.0,0.0,18.0,0.0,0.3,0.2,974.2,974.2,974.2,974.2,1.0,0.0,18.0,0.0,0.3,0.2,,,,,,,,,,,,,,,,,,,,,,,,,,,,,,,,,,,,,,,,,,,,,,,,,,,,,,,,,,,,,,,,,,,,,,,,,,,,,,,,,,,,,,,,,,,,,,,,,,,,,,,,,,,,,,,,,,,,,,,,,,,,,,,,,,,,,,,,,,,,,,,,,,,,,,
1974,2,42.0,-43.0,10.0,10.0,12.32,11.13,3.0,1.96,12.0,1.0,0.8,0.7,8.44,9.4,10.36,9.4,2.0,1.98,12.0,1.0,0.8,0.7,5.45,5.45,5.45,5.45,1.0,0.0,16.0,1.0,0.9,0.5,83.1,83.1,83.1,83.1,1.0,0.0,16.0,1.0,0.5,8.2,8.2,8.95,8.57,3.0,0.64,12.0,1.0,0.8,0.7,-5.27,-5.27,0.81,-2.3,3.0,5.14,12.0,1.0,0.8,0.7,6.28,6.28,7.84,7.04,3.0,1.32,12.0,1.0,0.8,0.7,1018.65,1025.0,1025.14,1021.97,3.0,5.43,12.0,1.0,0.8,0.7,5.0,5.0,5.0,5.0,2.0,0.0,16.0,1.0,0.9,0.6,-43.2,-43.2,9.3,-17.5,3.0,44.5,12.0,1.0,0.8,0.7,51.5,51.5,70.7,60.9,3.0,16.2,12.0,1.0,0.8,0.7,2.1,2.3,2.5,2.3,2.0,0.42,12.0,1.0,0.8,0.7,17.6,20.3,22.9,20.3,2.0,5.5,12.0,1.0,0.8,0.7,2.07,2.07,2.07,2.07,1.0,0.0,16.0,1.0,0.9,0.5,17.0,17.0,17.0,17.0,1.0,0.0,16.0,1.0,0.9,0.5,-29.2,-1.5,26.3,-1.5,2.0,57.6,12.0,1.0,0.8,0.7,57.0,71.4,85.8,71.4,2.0,29.8,12.0,1.0,0.8,0.7,-28.7,-28.7,-28.7,-28.7,1.0,0.0,16.0,1.0,0.9,0.5,34.2,34.2,34.2,34.2,1.0,0.0,16.0,1.0,0.9,0.5,-10.9,-10.9,-10.9,-10.9,1.0,0.0,16.0,1.0,0.9,0.5,13.0,13.0,13.0,13.0,1.0,0.0,16.0,1.0,0.9,0.5,551.5,551.5,724.0,635.5,3.0,146.0,12.0,1.0,0.8,0.7,550.0,550.0,725.0,635.0,3.0,145.0,12.0,1.0,0.8,0.7
1974,2,42.0,-42.0,,,,,,,,,,,,,,,,,,,,,,,,,,,,,,,,,,,,,,,,9.3,9.3,9.3,9.3,1.0,0.0,6.0,1.0,0.7,0.2,0.0,0.0,0.0,0.0,1.0,0.0,6.0,1.0,0.7,0.2,-9.3,-9.3,-9.3,-9.3,1.0,0.0,6.0,1.0,0.7,0.2,1005.2,1005.2,1005.2,1005.2,1.0,0.0,6.0,1.0,0.7,0.2,,,,,,,,,,,,,,,,,,,,,,,,,,,,,,,,,,,,,,,,,,,,,,,,,,,,,,,,,,,,,,,,,,,,,,,,,,,,,,,,,,,,,,,,,,,,,,,,,,,,,,,,,,,,,,,,,,,,,,,,,,,,,,,,,,,,,,,,,,,,,,,,,,,,,,
1974,2,42.0,-41.0,19.0,19.0,19.0,19.0,1.0,0.0,10.0,0.0,0.8,0.3,16.0,16.0,16.0,16.0,1.0,0.0,10.0,0.0,0.8,0.3,8.43,8.43,8.43,8.43,1.0,0.0,10.0,0.0,0.8,0.3,75.1,75.1,75.1,75.1,1.0,0.0,10.0,0.0,0.3,5.1,5.1,5.1,5.1,1.0,0.0,10.0,0.0,0.8,0.3,4.79,4.79,4.79,4.79,1.0,0.0,10.0,0.0,0.8,0.3,1.74,1.74,1.74,1.74,1.0,0.0,10.0,0.0,0.8,0.3,1017.1,1017.1,1017.1,1017.1,1.0,0.0,10.0,0.0,0.8,0.3,5.0,5.0,5.0,5.0,1.0,0.0,10.0,0.0,0.8,0.3,24.4,24.4,24.4,24.4,1.0,0.0,10.0,0.0,0.8,0.3,8.9,8.9,8.9,8.9,1.0,0.0,10.0,0.0,0.8,0.3,3.0,3.0,3.0,3.0,1.0,0.0,10.0,0.0,0.8,0.3,15.3,15.3,15.3,15.3,1.0,0.0,10.0,0.0,0.8,0.3,5.17,5.17,5.17,5.17,1.0,0.0,10.0,0.0,0.8,0.3,26.4,26.4,26.4,26.4,1.0,0.0,10.0,0.0,0.8,0.3,76.7,76.7,76.7,76.7,1.0,0.0,10.0,0.0,0.8,0.3,27.9,27.9,27.9,27.9,1.0,0.0,10.0,0.0,0.8,0.3,40.4,40.4,40.4,40.4,1.0,0.0,10.0,0.0,0.8,0.3,14.7,14.7,14.7,14.7,1.0,0.0,10.0,0.0,0.8,0.3,24.8,24.8,24.8,24.8,1.0,0.0,10.0,0.0,0.8,0.3,9.0,9.0,9.0,9.0,1.0,0.0,10.0,0.0,0.8,0.3,132.5,132.5,132.5,132.5,1.0,0.0,10.0,0.0,0.8,0.3,135.0,135.0,135.0,135.0,1.0,0.0,10.0,0.0,0.8,0.3
1974,2,42.0,-39.0,19.6,19.6,19.6,19.6,1.0,0.0,26.0,0.0,0.4,0.2,22.2,22.2,22.2,22.2,1.0,0.0,26.0,0.0,0.4,0.2,14.66,14.66,14.66,14.66,1.0,0.0,26.0,0.0,0.4,0.2,87.9,87.9,87.9,87.9,1.0,0.0,26.0,0.0,0.2,7.2,7.2,7.2,7.2,1.0,0.0,26.0,0.0,0.4,0.2,-2.46,-2.46,-2.46,-2.46,1.0,0.0,26.0,0.0,0.4,0.2,-6.77,-6.77,-6.77,-6.77,1.0,0.0,26.0,0.0,0.4,0.2,1011.0,1011.0,1011.0,1011.0,1.0,0.0,26.0,0.0,0.4,0.2,8.0,8.0,8.0,8.0,1.0,0.0,26.0,0.0,0.4,0.2,-17.7,-17.7,-17.7,-17.7,1.0,0.0,26.0,0.0,0.4,0.2,-48.7,-48.7,-48.7,-48.7,1.0,0.0,26.0,0.0,0.4,0.2,-2.6,-2.6,-2.6,-2.6,1.0,0.0,26.0,0.0,0.4,0.2,-18.7,-18.7,-18.7,-18.7,1.0,0.0,26.0,0.0,0.4,0.2,-0.45,-0.45,-0.45,-0.45,1.0,0.0,26.0,0.0,0.4,0.2,-3.3,-3.3,-3.3,-3.3,1.0,0.0,26.0,0.0,0.4,0.2,-54.7,-54.7,-54.7,-54.7,1.0,0.0,26.0,0.0,0.4,0.2,-150.2,-150.2,-150.2,-150.2,1.0,0.0,26.0,0.0,0.4,0.2,-36.1,-36.1,-36.1,-36.1,1.0,0.0,26.0,0.0,0.4,0.2,-99.2,-99.2,-99.2,-99.2,1.0,0.0,26.0,0.0,0.4,0.2,1.1,1.1,1.1,1.1,1.0,0.0,26.0,0.0,0.4,0.2,3.1,3.1,3.1,3.1,1.0,0.0,26.0,0.0,0.4,0.2,373.0,373.0,373.0,373.0,1.0,0.0,26.0,0.0,0.4,0.2,375.0,375.0,375.0,375.0,1.0,0.0,26.0,0.0,0.4,0.2
1974,2,42.0,-38.0,19.0,19.0,19.0,19.0,1.0,0.0,10.0,0.0,0.4,0.1,16.5,16.5,16.5,16.5,1.0,0.0,10.0,0.0,0.4,0.1,6.98,6.98,6.98,6.98,1.0,0.0,10.0,0.0,0.4,0.1,60.3,60.3,60.3,60.3,1.0,0.0,10.0,0.0,0.1,2.1,2.1,2.1,2.1,1.0,0.0,10.0,0.0,0.4,0.1,1.61,1.61,1.61,1.61,1.0,0.0,10.0,0.0,0.4,0.1,1.35,1.35,1.35,1.35,1.0,0.0,10.0,0.0,0.4,0.1,1018.0,1018.0,1018.0,1018.0,1.0,0.0,10.0,0.0,0.4,0.1,2.0,2.0,2.0,2.0,1.0,0.0,10.0,0.0,0.4,0.1,3.4,3.4,3.4,3.4,1.0,0.0,10.0,0.0,0.4,0.1,2.8,2.8,2.8,2.8,1.0,0.0,10.0,0.0,0.4,0.1,2.5,2.5,2.5,2.5,1.0,0.0,10.0,0.0,0.4,0.1,5.3,5.3,5.3,5.3,1.0,0.0,10.0,0.0,0.4,0.1,6.61,6.61,6.61,6.61,1.0,0.0,10.0,0.0,0.4,0.1,13.9,13.9,13.9,13.9,1.0,0.0,10.0,0.0,0.4,0.1,26.5,26.5,26.5,26.5,1.0,0.0,10.0,0.0,0.4,0.1,22.3,22.3,22.3,22.3,1.0,0.0,10.0,0.0,0.4,0.1,11.2,11.2,11.2,11.2,1.0,0.0,10.0,0.0,0.4,0.1,9.4,9.4,9.4,9.4,1.0,0.0,10.0,0.0,0.4,0.1,10.6,10.6,10.6,10.6,1.0,0.0,10.0,0.0,0.4,0.1,8.9,8.9,8.9,8.9,1.0,0.0,10.0,0.0,0.4,0.1,9.5,9.5,9.5,9.5,1.0,0.0,10.0,0.0,0.4,0.1,10.0,10.0,10.0,10.0,1.0,0.0,10.0,0.0,0.4,0.1
1974,2,42.0,-37.0,,,,,,,,,,,,,,,,,,,,,,,,,,,,,,,,,,,,,,,,7.0,7.0,7.0,7.0,1.0,0.0,18.0,0.0,0.7,0.3,-1.22,-1.22,-1.22,-1.22,1.0,0.0,18.0,0.0,0.7,0.3,-6.89,-6.89,-6.89,-6.89,1.0,0.0,18.0,0.0,0.7,0.3,1008.3,1008.3,1008.3,1008.3,1.0,0.0,18.0,0.0,0.7,0.3,,,,,,,,,,,,,,,,,,,,,,,,,,,,,,,,,,,,,,,,,,,,,,,,,,,,,,,,,,,,,,,,,,,,,,,,,,,,,,,,,,,,,,,,,,,,,,,,,,,,,,,,,,,,,,,,,,,,,,,,,,,,,,,,,,,,,,,,,,,,,,,,,,,,,,
1974,2,42.0,-36.0,22.82,23.3,23.78,23.3,2.0,0.99,12.0,0.5,0.6,0.9,21.0,21.0,21.0,21.0,2.0,0.0,12.0,0.5,0.6,0.9,11.91,12.74,13.57,12.74,2.0,1.71,12.0,0.5,0.6,0.9,77.5,82.8,88.1,82.8,2.0,11.0,12.0,0.5,0.9,9.62,10.3,10.98,10.3,2.0,1.41,12.0,0.5,0.6,0.9,-6.85,-5.96,-5.06,-5.96,2.0,1.85,12.0,0.5,0.6,0.9,8.15,8.36,8.56,8.36,2.0,0.43,12.0,0.5,0.6,0.9,1017.05,1017.15,1017.25,1017.15,2.0,0.21,12.0,0.5,0.6,0.9,5.5,6.5,7.5,6.5,2.0,2.1,12.0,0.5,0.6,0.9,-75.9,-62.7,-49.4,-62.7,2.0,27.5,12.0,0.5,0.6,0.9,78.5,86.4,94.2,86.4,2.0,16.2,12.0,0.5,0.6,0.9,1.82,2.3,2.78,2.3,2.0,0.99,12.0,0.5,0.6,0.9,19.6,23.0,26.3,23.0,2.0,6.9,12.0,0.5,0.6,0.9,3.69,5.04,6.38,5.04,2.0,2.78,12.0,0.5,0.6,0.9,39.5,49.9,60.3,49.9,2.0,21.6,12.0,0.5,0.6,0.9,-143.8,-125.1,-106.4,-125.1,2.0,38.8,12.0,0.5,0.6,0.9,171.1,175.5,179.8,175.5,2.0,8.9,12.0,0.5,0.6,0.9,-93.8,-77.5,-61.2,-77.5,2.0,33.7,12.0,0.5,0.6,0.9,97.3,106.8,116.3,106.8,2.0,19.7,12.0,0.5,0.6,0.9,-30.9,-27.4,-23.9,-27.4,2.0,7.3,12.0,0.5,0.6,0.9,31.3,41.5,51.7,41.5,2.0,21.1,12.0,0.5,0.6,0.9,905.5,1123.5,1341.5,1123.5,2.0,451.5,12.0,0.5,0.6,0.9,905.0,1125.0,1340.0,1125.0,2.0,450.0,12.0,0.5,0.6,0.9
1974,2,42.0,-34.0,21.95,24.0,26.05,24.0,2.0,4.24,14.0,1.0,0.4,0.9,24.94,26.1,27.26,26.1,2.0,2.4,14.0,1.0,0.4,0.9,16.2,17.91,19.61,17.91,2.0,3.53,14.0,1.0,0.4,0.9,82.4,84.6,86.8,84.6,2.0,4.6,14.0,1.0,0.9,3.34,3.85,4.36,3.85,2.0,1.06,14.0,1.0,0.4,0.9,-3.8,-2.69,-1.58,-2.69,2.0,2.31,14.0,1.0,0.4,0.9,-2.7,-2.24,-1.79,-2.24,2.0,0.95,14.0,1.0,0.4,0.9,1017.43,1017.7,1017.97,1017.7,2.0,0.57,14.0,1.0,0.4,0.9,3.5,4.5,5.5,4.5,2.0,2.1,14.0,1.0,0.4,0.9,-17.2,-11.6,-5.9,-11.6,2.0,11.7,14.0,1.0,0.4,0.9,-8.7,-8.1,-7.5,-8.1,2.0,1.3,14.0,1.0,0.4,0.9,-2.99,-2.1,-1.21,-2.1,2.0,1.84,14.0,1.0,0.4,0.9,-9.5,-7.1,-4.8,-7.1,2.0,4.9,14.0,1.0,0.4,0.9,0.28,0.89,1.5,0.89,2.0,1.26,14.0,1.0,0.4,0.9,1.3,4.1,6.9,4.1,2.0,5.8,14.0,1.0,0.4,0.9,-105.2,-73.0,-40.8,-73.0,2.0,66.7,14.0,1.0,0.4,0.9,-66.7,-57.4,-48.1,-57.4,2.0,19.3,14.0,1.0,0.4,0.9,-76.8,-52.3,-27.7,-52.3,2.0,50.8,14.0,1.0,0.4,0.9,-42.9,-38.5,-34.1,-38.5,2.0,9.1,14.0,1.0,0.4,0.9,-6.5,-3.9,-1.2,-3.9,2.0,5.5,14.0,1.0,0.4,0.9,-2.4,-1.4,-0.4,-1.4,2.0,2.0,14.0,1.0,0.4,0.9,40.5,63.5,86.5,63.5,2.0,48.0,14.0,1.0,0.4,0.9,40.0,65.0,85.0,65.0,2.0,50.0,14.0,1.0,0.4,0.9
1974,2,42.0,-33.0,24.75,24.85,24.95,24.85,2.0,0.21,8.0,0.0,0.5,0.6,24.43,24.7,24.97,24.7,2.0,0.57,8.0,0.0,0.5,0.6,16.25,16.35,16.45,16.35,2.0,0.21,8.0,0.0,0.5,0.6,83.8,84.7,85.6,84.7,2.0,1.8,8.0,0.0,0.6,4.51,5.4,6.29,5.4,2.0,1.84,8.0,0.0,0.5,0.6,-6.05,-4.87,-3.69,-4.87,2.0,2.44,8.0,0.0,0.5,0.6,1.4,1.9,2.4,1.9,2.0,1.04,8.0,0.0,0.5,0.6,1017.0,1017.2,1017.4,1017.2,2.0,0.42,8.0,0.0,0.5,0.6,1.6,3.0,4.4,3.0,2.0,2.8,8.0,0.0,0.5,0.6,-39.2,-28.5,-17.8,-28.5,2.0,22.2,8.0,0.0,0.5,0.6,8.3,9.3,10.3,9.3,2.0,2.1,8.0,0.0,0.5,0.6,-0.02,0.15,0.32,0.15,2.0,0.35,8.0,0.0,0.5,0.6,0.1,1.1,2.2,1.1,2.0,2.2,8.0,0.0,0.5,0.6,3.15,3.17,3.19,3.17,2.0,0.04,8.0,0.0,0.5,0.6,14.4,17.1,19.8,17.1,2.0,5.6,8.0,0.0,0.5,0.6,-147.4,-119.6,-91.8,-119.6,2.0,57.6,8.0,0.0,0.5,0.6,34.3,47.2,60.1,47.2,2.0,26.8,8.0,0.0,0.5,0.6,-98.2,-79.4,-60.6,-79.4,2.0,39.0,8.0,0.0,0.5,0.6,22.8,31.2,39.6,31.2,2.0,17.4,8.0,0.0,0.5,0.6,-19.0,-15.4,-11.7,-15.4,2.0,7.6,8.0,0.0,0.5,0.6,4.4,6.0,7.7,6.0,2.0,3.4,8.0,0.0,0.5,0.6,105.5,185.0,264.0,185.0,2.0,164.0,8.0,0.0,0.5,0.6,105.0,185.0,265.0,185.0,2.0,165.0,8.0,0.0,0.5,0.6
1974,2,42.0,-32.0,25.33,25.4,25.47,25.4,2.0,0.14,10.0,0.5,0.4,0.7,25.25,25.8,28.33,26.77,3.0,2.4,10.0,0.3,0.5,0.6,17.9,18.28,18.43,18.17,3.0,0.4,10.0,0.3,0.5,0.6,77.4,88.2,89.3,83.4,3.0,9.6,10.0,0.3,0.6,8.18,10.3,10.64,9.43,3.0,1.95,10.0,0.3,0.5,0.6,-8.73,-4.63,0.94,-3.91,3.0,7.11,10.0,0.3,0.5,0.6,-4.36,-1.88,6.01,0.76,3.0,7.93,10.0,0.3,0.5,0.6,1012.63,1012.9,1017.41,1014.97,3.0,3.93,10.0,0.3,0.5,0.6,3.6,5.0,6.4,5.0,3.0,2.0,10.0,0.3,0.5,0.6,-89.0,-33.3,14.2,-37.3,3.0,75.7,10.0,0.3,0.5,0.6,-33.5,-20.3,61.6,13.2,3.0,75.5,10.0,0.3,0.5,0.6,-3.32,-1.85,-0.38,-1.85,2.0,3.04,10.0,0.5,0.4,0.7,-35.9,-20.1,-4.3,-20.1,2.0,32.7,10.0,0.5,0.4,0.7,1.86,2.08,2.31,2.08,2.0,0.46,10.0,0.5,0.4,0.7,19.9,21.9,23.9,21.9,2.0,4.1,10.0,0.5,0.4,0.7,-252.1,-119.4,22.2,-115.0,3.0,201.0,10.0,0.3,0.5,0.6,-114.7,-55.3,147.6,14.8,3.0,201.5,10.0,0.3,0.5,0.6,-161.1,-84.6,15.8,-73.0,3.0,130.0,10.0,0.3,0.5,0.6,-79.8,-34.7,106.1,12.0,3.0,142.1,10.0,0.3,0.5,0.6,-14.4,-5.1,4.2,-5.1,2.0,19.2,10.0,0.5,0.4,0.7,0.9,10.0,19.1,10.0,2.0,18.8,10.0,0.5,0.4,0.7,601.5,1092.5,1206.5,908.5,3.0,471.0,10.0,0.3,0.5,0.6,600.0,1095.0,1205.0,910.0,3.0,470.0,10.0,0.3,0.5,0.6
1974,2,42.0,-31.0,25.73,26.0,26.14,25.93,3.0,0.31,14.0,0.3,0.7,0.5,24.82,25.5,25.84,25.33,3.0,0.76,14.0,0.3,0.7,0.5,17.33,18.48,19.22,18.28,3.0,1.39,14.0,0.3,0.7,0.5,85.1,95.9,95.9,90.6,3.0,9.1,14.0,0.3,0.5,5.58,7.7,7.7,6.67,3.0,1.79,14.0,0.3,0.7,0.5,-2.63,0.0,3.09,0.23,3.0,4.19,14.0,0.3,0.7,0.5,-4.3,0.8,5.51,0.61,3.0,7.19,14.0,0.3,0.7,0.5,1009.04,1011.5,1011.7,1010.4,3.0,2.17,14.0,0.3,0.7,0.5,1.9,6.0,6.0,4.0,3.0,3.5,14.0,0.3,0.7,0.5,-20.2,0.0,14.2,-2.9,3.0,25.4,14.0,0.3,0.7,0.5,-33.9,3.7,41.6,3.9,3.0,55.3,14.0,0.3,0.7,0.5,-0.05,0.7,1.25,0.6,3.0,0.95,14.0,0.3,0.7,0.5,-1.1,3.2,8.9,3.9,3.0,7.3,14.0,0.3,0.7,0.5,2.01,2.63,3.38,2.7,3.0,1.01,14.0,0.3,0.7,0.5,11.8,20.2,26.1,19.0,3.0,10.5,14.0,0.3,0.7,0.5,-68.3,0.0,78.9,5.1,3.0,107.9,14.0,0.3,0.7,0.5,-111.9,20.4,135.2,11.9,3.0,181.2,14.0,0.3,0.7,0.5,-44.1,0.0,60.5,8.0,3.0,77.0,14.0,0.3,0.7,0.5,-71.5,15.6,102.1,15.3,3.0,127.2,14.0,0.3,0.7,0.5,-9.8,0.0,5.3,-2.2,3.0,11.3,14.0,0.3,0.7,0.5,-16.6,1.4,14.3,-1.1,3.0,22.7,14.0,0.3,0.7,0.5,211.5,456.5,456.5,337.0,3.0,207.5,14.0,0.3,0.7,0.5,210.0,455.0,455.0,335.0,3.0,205.0,14.0,0.3,0.7,0.5
1974,2,42.0,-30.0,26.04,27.0,27.61,26.83,3.0,1.16,20.0,0.7,0.3,1.0,26.16,27.1,27.93,27.05,4.0,1.31,22.0,0.8,0.3,1.0,15.33,16.82,18.07,16.71,4.0,1.95,22.0,0.8,0.3,1.0,72.3,75.0,76.6,74.5,4.0,3.1,22.0,0.8,1.0,2.64,5.1,8.65,5.63,3.0,4.42,20.0,0.7,0.3,1.0,-3.43,0.0,1.02,-1.17,3.0,3.42,20.0,0.7,0.3,1.0,0.28,0.89,7.31,3.73,3.0,5.71,20.0,0.7,0.3,1.0,1008.73,1011.25,1013.14,1010.95,4.0,2.81,22.0,0.8,0.3,1.0,2.0,2.5,3.5,2.8,4.0,1.0,22.0,0.8,0.3,1.0,-17.5,0.0,1.5,-7.8,3.0,15.5,20.0,0.7,0.3,1.0,1.4,4.5,73.9,36.9,3.0,60.0,20.0,0.7,0.3,1.0,-0.07,0.2,0.68,0.3,3.0,0.56,20.0,0.7,0.3,1.0,-1.3,0.3,3.2,0.9,3.0,3.4,20.0,0.7,0.3,1.0,5.66,6.34,6.76,6.21,3.0,0.81,20.0,0.7,0.3,1.0,17.7,35.4,48.8,33.3,3.0,22.9,20.0,0.7,0.3,1.0,-92.6,0.0,26.0,-32.5,3.0,91.3,20.0,0.7,0.3,1.0,7.6,23.9,198.8,101.4,3.0,155.3,20.0,0.7,0.3,1.0,-56.8,0.0,14.6,-20.6,3.0,55.2,20.0,0.7,0.3,1.0,4.7,14.7,124.7,63.5,3.0,97.6,20.0,0.7,0.3,1.0,-23.8,0.0,6.5,-8.5,3.0,23.4,20.0,0.7,0.3,1.0,2.0,6.2,39.5,20.4,3.0,30.2,20.0,0.7,0.3,1.0,44.5,132.5,788.0,409.5,3.0,595.0,20.0,0.7,0.3,1.0,45.0,135.0,790.0,410.0,3.0,595.0,20.0,0.7,0.3,1.0
1974,2,42.0,-29.0,25.9,27.75,28.13,27.29,12.0,1.17,12.0,0.4,0.4,0.6,25.49,26.0,27.55,26.35,13.0,2.06,12.0,0.5,0.4,0.5,15.46,15.56,16.75,16.0,5.0,0.71,12.0,0.6,0.3,0.4,73.1,78.1,83.7,78.0,6.0,5.8,12.0,0.5,0.4,3.81,9.3,10.03,7.56,13.0,3.33,12.0,0.5,0.4,0.5,-8.09,-1.56,0.17,-2.85,13.0,4.34,12.0,0.5,0.4,0.5,-3.23,1.74,9.27,3.4,13.0,5.73,12.0,0.5,0.4,0.5,1011.84,1013.45,1014.7,1013.2,12.0,2.12,12.0,0.5,0.4,0.5,2.8,3.0,5.0,3.3,13.0,1.5,12.0,0.5,0.4,0.5,-75.0,-14.1,0.3,-28.4,13.0,38.5,12.0,0.5,0.4,0.5,-29.2,17.4,87.2,31.1,13.0,56.3,12.0,0.5,0.4,0.5,-0.75,0.05,2.63,1.01,12.0,2.55,12.0,0.4,0.4,0.6,-2.3,0.5,26.3,11.3,12.0,20.8,12.0,0.4,0.4,0.6,5.86,7.32,8.39,7.13,4.0,1.65,12.0,0.5,0.4,0.5,59.2,73.1,82.9,71.1,4.0,18.5,12.0,0.5,0.4,0.5,-222.5,-32.8,4.3,-75.8,13.0,120.0,12.0,0.5,0.4,0.5,-87.9,48.6,240.1,85.1,13.0,146.8,12.0,0.5,0.4,0.5,-76.8,-26.9,0.0,-40.2,5.0,51.4,12.0,0.6,0.3,0.4,60.1,152.7,167.7,111.7,5.0,103.9,12.0,0.6,0.3,0.4,-27.2,-6.3,0.0,-13.3,4.0,19.0,12.0,0.5,0.4,0.5,22.0,72.6,82.9,53.4,4.0,51.9,12.0,0.5,0.4,0.5,58.5,804.5,1009.0,633.0,13.0,432.5,12.0,0.5,0.4,0.5,60.0,805.0,1010.0,635.0,13.0,435.0,12.0,0.5,0.4,0.5
1974,2,42.0,-28.0,26.65,27.5,28.2,27.53,23.0,0.9,14.0,0.5,0.4,0.6,26.28,27.3,28.2,27.25,25.0,1.14,14.0,0.5,0.5,0.6,16.09,17.28,19.07,17.46,21.0,1.5,16.0,0.5,0.5,0.6,69.8,78.2,84.7,77.8,22.0,7.7,16.0,0.5,0.6,5.08,7.2,10.49,7.72,25.0,2.85,14.0,0.5,0.5,0.6,-10.09,-5.52,1.61,-5.19,25.0,5.32,14.0,0.5,0.5,0.6,-3.12,0.0,4.65,0.95,25.0,3.59,14.0,0.5,0.5,0.6,1011.0,1012.6,1013.84,1012.51,24.0,1.27,14.0,0.5,0.5,0.6,2.0,3.0,5.0,3.4,23.0,1.6,14.0,0.6,0.5,0.6,-102.1,-37.9,11.4,-49.9,25.0,60.1,14.0,0.5,0.5,0.6,-19.8,0.0,33.4,6.1,25.0,30.5,14.0,0.5,0.5,0.6,-1.01,0.4,0.8,0.16,23.0,1.39,14.0,0.5,0.4,0.6,-8.2,2.5,5.6,0.2,23.0,13.0,14.0,0.5,0.4,0.6,2.86,5.82,7.76,5.56,19.0,2.41,16.0,0.5,0.5,0.6,22.8,35.3,61.5,41.2,19.0,22.0,16.0,0.5,0.5,0.6,-265.5,-147.8,45.2,-142.3,25.0,147.7,14.0,0.5,0.5,0.6,-85.0,0.0,126.3,24.8,25.0,98.4,14.0,0.5,0.5,0.6,-179.4,-99.2,-62.8,-99.6,21.0,91.3,16.0,0.5,0.5,0.6,-52.3,0.0,78.9,12.2,21.0,58.9,16.0,0.5,0.5,0.6,-52.3,-30.4,-13.6,-28.3,19.0,30.3,16.0,0.5,0.5,0.6,-10.0,0.0,24.1,6.7,19.0,21.6,16.0,0.5,0.5,0.6,131.0,373.0,1159.5,654.0,25.0,706.5,14.0,0.5,0.5,0.6,130.0,375.0,1160.0,655.0,25.0,705.0,14.0,0.5,0.5,0.6
1974,2,42.0,-27.0,27.04,27.4,28.86,27.81,15.0,0.82,12.0,0.8,0.6,0.4,26.6,27.3,29.46,27.61,14.0,1.64,12.0,0.7,0.6,0.4,17.01,18.34,19.74,18.62,11.0,1.96,12.0,0.8,0.6,0.4,73.4,79.8,83.7,80.0,11.0,6.9,12.0,0.8,0.4,4.29,7.2,13.21,8.37,16.0,4.15,12.0,0.8,0.6,0.4,-12.55,-6.7,-1.9,-6.92,16.0,4.96,12.0,0.8,0.6,0.4,-2.48,0.0,3.6,1.01,16.0,3.88,12.0,0.8,0.6,0.4,1009.47,1011.55,1013.0,1011.79,16.0,3.32,12.0,0.8,0.6,0.4,0.4,2.0,4.0,2.6,16.0,2.1,12.0,0.8,0.6,0.4,-159.1,-50.3,-7.4,-75.1,16.0,73.4,12.0,0.8,0.6,0.4,-25.6,0.0,28.4,9.0,16.0,45.1,12.0,0.8,0.6,0.4,-1.41,0.1,1.37,0.32,13.0,1.83,12.0,0.8,0.6,0.4,-8.4,1.3,9.3,3.7,13.0,21.2,12.0,0.8,0.6,0.4,3.35,5.25,6.46,4.6,11.0,2.37,12.0,0.8,0.6,0.4,15.0,39.3,74.6,41.6,11.0,31.8,12.0,0.8,0.6,0.4,-359.2,-193.0,-67.0,-210.1,14.0,128.9,12.0,0.7,0.6,0.4,-52.3,11.8,111.9,37.2,14.0,108.5,12.0,0.7,0.6,0.4,-226.2,-122.1,-36.8,-134.9,11.0,89.9,12.0,0.8,0.6,0.4,-34.1,15.8,59.1,15.0,11.0,52.0,12.0,0.8,0.6,0.4,-73.5,-25.1,-7.7,-36.5,11.0,34.0,12.0,0.8,0.6,0.4,-8.3,0.0,19.8,5.4,11.0,16.1,12.0,0.8,0.6,0.4,79.5,378.5,2307.5,1006.5,16.0,1155.5,12.0,0.8,0.6,0.4,80.0,380.0,2305.0,1005.0,16.0,1155.0,12.0,0.8,0.6,0.4
1974,2,42.0,-26.0,27.58,28.25,28.76,28.18,4.0,0.77,10.0,1.0,0.7,0.1,27.43,27.5,28.59,28.0,3.0,0.95,8.0,1.0,0.7,0.1,17.91,17.94,17.97,17.94,2.0,0.06,10.0,1.0,0.7,0.1,78.3,78.3,78.4,78.3,2.0,0.0,10.0,1.0,0.1,6.55,9.25,10.06,8.35,4.0,2.59,10.0,1.0,0.7,0.1,-8.82,-6.51,-0.3,-4.65,4.0,5.74,10.0,1.0,0.7,0.1,-0.82,2.58,7.28,3.2,4.0,4.93,10.0,1.0,0.7,0.1,1010.26,1011.95,1012.9,1011.6,4.0,1.64,10.0,1.0,0.7,0.1,3.4,6.0,6.0,4.8,4.0,2.5,10.0,1.0,0.7,0.1,-84.2,-47.8,7.7,-38.7,4.0,56.8,10.0,1.0,0.7,0.1,-3.8,26.5,72.5,34.0,4.0,46.1,10.0,1.0,0.7,0.1,-0.17,-0.1,0.65,0.23,3.0,0.67,8.0,1.0,0.7,0.1,-1.3,-0.5,6.5,2.5,3.0,6.3,8.0,1.0,0.7,0.1,5.02,5.59,6.17,5.59,2.0,1.2,10.0,1.0,0.7,0.1,44.8,52.2,59.7,52.2,2.0,15.4,10.0,1.0,0.7,0.1,-202.6,-125.8,23.0,-90.7,3.0,168.1,8.0,1.0,0.7,0.1,-31.3,0.0,172.9,69.2,3.0,161.1,8.0,1.0,0.7,0.1,-121.4,-47.7,26.0,-47.7,2.0,152.7,10.0,1.0,0.7,0.1,26.3,82.8,139.3,82.8,2.0,117.1,10.0,1.0,0.7,0.1,-31.3,-9.9,11.6,-9.9,2.0,44.5,10.0,1.0,0.7,0.1,9.4,29.7,49.9,29.7,2.0,41.9,10.0,1.0,0.7,0.1,364.5,800.0,1020.5,697.5,4.0,438.5,10.0,1.0,0.7,0.1,365.0,800.0,1020.0,695.0,4.0,440.0,10.0,1.0,0.7,0.1
1974,2,42.0,-25.0,30.0,30.0,30.0,30.0,1.0,0.0,28.0,0.0,0.5,0.8,29.5,29.5,29.5,29.5,1.0,0.0,28.0,0.0,0.5,0.8,18.77,18.77,18.77,18.77,1.0,0.0,28.0,0.0,0.5,0.8,72.8,72.8,72.8,72.8,1.0,0.0,28.0,0.0,0.8,5.1,5.1,5.1,5.1,1.0,0.0,28.0,0.0,0.5,0.8,-4.79,-4.79,-4.79,-4.79,1.0,0.0,28.0,0.0,0.5,0.8,1.74,1.74,1.74,1.74,1.0,0.0,28.0,0.0,0.5,0.8,1010.5,1010.5,1010.5,1010.5,1.0,0.0,28.0,0.0,0.5,0.8,2.0,2.0,2.0,2.0,1.0,0.0,28.0,0.0,0.5,0.8,-24.4,-24.4,-24.4,-24.4,1.0,0.0,28.0,0.0,0.5,0.8,8.9,8.9,8.9,8.9,1.0,0.0,28.0,0.0,0.5,0.8,0.5,0.5,0.5,0.5,1.0,0.0,28.0,0.0,0.5,0.8,2.6,2.6,2.6,2.6,1.0,0.0,28.0,0.0,0.5,0.8,7.91,7.91,7.91,7.91,1.0,0.0,28.0,0.0,0.5,0.8,40.4,40.4,40.4,40.4,1.0,0.0,28.0,0.0,0.5,0.8,-141.4,-141.4,-141.4,-141.4,1.0,0.0,28.0,0.0,0.5,0.8,51.5,51.5,51.5,51.5,1.0,0.0,28.0,0.0,0.5,0.8,-90.0,-90.0,-90.0,-90.0,1.0,0.0,28.0,0.0,0.5,0.8,32.7,32.7,32.7,32.7,1.0,0.0,28.0,0.0,0.5,0.8,-37.9,-37.9,-37.9,-37.9,1.0,0.0,28.0,0.0,0.5,0.8,13.8,13.8,13.8,13.8,1.0,0.0,28.0,0.0,0.5,0.8,132.5,132.5,132.5,132.5,1.0,0.0,28.0,0.0,0.5,0.8,135.0,135.0,135.0,135.0,1.0,0.0,28.0,0.0,0.5,0.8
1974,2,42.0,-19.0,28.5,29.0,30.0,29.2,5.0,0.76,8.0,0.6,0.1,0.7,25.38,27.35,28.09,27.02,6.0,1.57,10.0,0.7,0.1,0.7,17.68,17.88,17.95,17.82,4.0,0.19,12.0,0.8,0.1,0.6,73.0,76.7,78.3,75.7,4.0,3.5,12.0,0.8,0.6,1.0,3.55,5.72,3.95,6.0,3.33,10.0,0.7,0.1,0.7,-3.67,-0.36,0.77,-1.43,6.0,2.81,10.0,0.7,0.1,0.7,-4.79,-3.26,-0.64,-3.25,6.0,2.6,10.0,0.7,0.1,0.7,1006.18,1008.1,1011.52,1008.83,6.0,2.92,10.0,0.7,0.1,0.7,4.0,4.5,8.0,5.5,6.0,2.0,10.0,0.7,0.1,0.7,-24.1,-1.5,0.8,-13.2,6.0,25.6,10.0,0.7,0.1,0.7,-29.0,-12.6,-0.6,-19.9,6.0,28.6,10.0,0.7,0.1,0.7,0.44,1.2,4.72,2.24,5.0,2.47,8.0,0.6,0.1,0.7,0.4,3.6,29.7,14.0,5.0,19.4,8.0,0.6,0.1,0.7,6.48,6.58,7.28,6.87,3.0,0.64,8.0,0.7,0.1,0.6,6.5,6.6,17.7,11.9,3.0,9.4,8.0,0.7,0.1,0.6,-97.9,-8.9,21.3,-36.5,6.0,73.0,10.0,0.7,0.1,0.7,-120.1,-89.8,-18.5,-85.3,6.0,65.5,10.0,0.7,0.1,0.7,-27.6,6.9,13.7,-6.3,4.0,31.6,12.0,0.8,0.1,0.6,-58.0,-32.1,-11.5,-34.6,4.0,27.0,12.0,0.8,0.1,0.6,1.6,4.9,5.0,3.3,3.0,2.9,8.0,0.7,0.1,0.6,-16.9,-4.2,-4.2,-10.4,3.0,10.8,8.0,0.7,0.1,0.6,1.0,48.0,283.5,199.0,6.0,394.0,10.0,0.7,0.1,0.7,0.0,50.0,285.0,200.0,6.0,395.0,10.0,0.7,0.1,0.7
1974,2,42.0,-18.0,27.91,28.4,30.0,28.8,17.0,1.16,16.0,0.8,0.3,0.6,26.42,28.0,29.95,27.93,17.0,1.61,16.0,0.8,0.3,0.6,17.67,18.28,18.72,18.24,13.0,0.55,16.0,0.7,0.3,0.6,71.3,78.4,87.2,78.5,13.0,7.0,16.0,0.7,0.6,2.1,3.35,6.01,4.08,16.0,2.62,16.0,0.8,0.3,0.6,-4.84,-1.84,0.28,-2.24,16.0,2.76,16.0,0.8,0.3,0.6,-3.9,-1.98,0.42,-2.15,16.0,2.58,16.0,0.8,0.3,0.6,1008.14,1009.7,1011.54,1009.86,16.0,1.7,16.0,0.8,0.3,0.6,1.2,5.0,7.8,4.4,15.0,3.0,16.0,0.7,0.3,0.6,-30.1,-6.0,0.7,-14.6,16.0,22.5,16.0,0.8,0.3,0.6,-21.0,-6.3,0.8,-11.8,16.0,21.7,16.0,0.8,0.3,0.6,-0.54,1.0,2.64,0.87,17.0,1.51,16.0,0.8,0.3,0.6,-0.7,3.1,15.4,6.1,16.0,8.1,16.0,0.8,0.3,0.6,5.46,6.07,7.61,6.32,13.0,1.49,16.0,0.7,0.3,0.6,14.6,20.1,36.9,25.8,13.0,19.0,16.0,0.7,0.3,0.6,-131.4,-48.6,8.4,-60.9,16.0,76.9,16.0,0.8,0.3,0.6,-104.8,-58.0,12.0,-58.5,16.0,69.9,16.0,0.8,0.3,0.6,-82.7,-33.7,8.8,-32.9,13.0,42.7,16.0,0.7,0.3,0.6,-71.5,-36.1,-22.1,-46.0,13.0,45.1,16.0,0.7,0.3,0.6,-31.3,-10.2,3.6,-12.4,13.0,17.0,16.0,0.7,0.3,0.6,-33.0,-12.9,-7.3,-16.8,13.0,17.9,16.0,0.7,0.3,0.6,9.5,38.0,218.0,160.5,16.0,276.0,16.0,0.8,0.3,0.6,10.0,40.0,220.0,160.0,16.0,275.0,16.0,0.8,0.3,0.6
1974,2,42.0,-17.0,28.0,29.0,29.5,28.71,23.0,1.06,14.0,0.6,0.4,0.6,25.96,27.5,28.52,27.37,25.0,1.11,16.0,0.6,0.4,0.6,17.81,18.56,19.57,18.65,21.0,1.02,16.0,0.6,0.4,0.6,75.1,84.0,87.1,82.1,21.0,6.0,16.0,0.6,0.6,1.0,3.1,6.7,3.67,26.0,2.46,16.0,0.7,0.4,0.6,-3.43,-0.27,1.06,-0.97,26.0,3.31,16.0,0.7,0.4,0.6,-3.12,-1.78,0.45,-1.63,26.0,2.31,16.0,0.7,0.4,0.6,1009.16,1010.2,1012.18,1010.49,25.0,2.29,16.0,0.6,0.4,0.6,3.0,6.0,8.0,5.3,25.0,2.4,14.0,0.7,0.4,0.6,-12.6,-0.3,2.2,-4.9,26.0,23.9,16.0,0.7,0.4,0.6,-21.0,-5.1,0.5,-8.5,26.0,14.0,16.0,0.7,0.4,0.6,0.13,1.25,2.93,1.26,22.0,1.53,14.0,0.6,0.4,0.6,0.1,3.6,11.6,6.0,22.0,8.5,14.0,0.6,0.4,0.6,4.46,6.33,7.89,6.04,18.0,2.09,16.0,0.5,0.4,0.6,6.8,21.1,37.7,23.6,18.0,16.7,16.0,0.5,0.4,0.6,-92.2,-4.5,31.4,-21.1,25.0,87.4,16.0,0.6,0.4,0.6,-89.5,-49.0,12.8,-43.3,25.0,62.5,16.0,0.6,0.4,0.6,-54.6,0.0,23.6,-5.5,21.0,55.1,16.0,0.6,0.4,0.6,-55.9,-31.8,7.3,-28.0,21.0,44.8,16.0,0.6,0.4,0.6,-29.0,0.0,10.5,-3.6,18.0,21.6,16.0,0.5,0.4,0.6,-20.5,-9.1,4.4,-8.9,18.0,17.4,16.0,0.5,0.4,0.6,1.0,30.0,301.0,120.5,26.0,184.5,16.0,0.7,0.4,0.6,0.0,30.0,300.0,120.0,26.0,185.0,16.0,0.7,0.4,0.6
1974,2,42.0,-16.0,27.81,29.0,30.47,28.98,14.0,1.12,18.0,0.5,0.4,0.5,26.01,27.85,29.09,27.64,14.0,1.5,18.0,0.4,0.5,0.5,17.93,18.52,19.7,18.86,12.0,1.16,18.0,0.4,0.5,0.5,73.2,83.2,88.6,81.6,12.0,7.9,18.0,0.4,0.5,1.5,3.1,6.35,3.57,15.0,2.48,18.0,0.5,0.5,0.5,-3.17,-0.26,1.42,-1.05,15.0,2.64,18.0,0.5,0.5,0.5,-4.35,-1.67,0.0,-2.22,15.0,2.53,18.0,0.5,0.5,0.5,1007.57,1009.5,1012.28,1009.59,15.0,2.24,18.0,0.5,0.5,0.5,2.0,6.0,8.0,5.1,13.0,2.8,18.0,0.5,0.5,0.5,-17.8,-0.4,3.0,-6.0,15.0,17.8,18.0,0.5,0.5,0.5,-29.9,-4.3,0.0,-12.4,15.0,16.0,18.0,0.5,0.5,0.5,0.0,0.9,2.73,1.35,13.0,1.45,18.0,0.5,0.5,0.5,0.0,1.2,12.3,5.6,13.0,6.6,18.0,0.5,0.5,0.5,4.68,6.55,7.87,6.22,11.0,1.82,18.0,0.5,0.4,0.6,6.8,17.9,23.0,16.4,11.0,10.5,18.0,0.5,0.4,0.6,-82.8,-3.9,47.9,-25.8,14.0,74.9,18.0,0.4,0.5,0.5,-119.2,-44.3,0.0,-56.2,14.0,68.5,18.0,0.4,0.5,0.5,-37.3,0.0,34.3,-2.9,12.0,38.0,18.0,0.4,0.5,0.5,-93.2,-27.6,6.1,-35.6,12.0,52.0,18.0,0.4,0.5,0.5,-15.7,0.0,9.9,-2.1,11.0,11.2,18.0,0.5,0.4,0.6,-20.1,-11.6,5.0,-8.0,11.0,14.3,18.0,0.5,0.4,0.6,3.5,30.0,263.5,111.0,15.0,158.5,18.0,0.5,0.5,0.5,5.0,30.0,265.0,110.0,15.0,160.0,18.0,0.5,0.5,0.5
1974,2,42.0,-15.0,27.51,28.5,29.0,28.31,19.0,1.31,10.0,0.5,0.4,0.5,27.29,28.0,30.0,28.34,19.0,1.14,10.0,0.5,0.4,0.6,17.51,18.92,20.25,19.0,12.0,1.69,10.0,0.4,0.4,0.4,73.5,77.5,85.7,78.6,12.0,5.6,10.0,0.4,0.4,2.61,6.45,8.2,5.44,20.0,3.04,10.0,0.6,0.4,0.6,-2.89,0.0,3.18,0.32,20.0,3.1,10.0,0.6,0.4,0.6,-7.88,-4.45,-0.52,-4.26,20.0,3.39,10.0,0.6,0.4,0.6,1008.2,1009.65,1010.59,1009.57,20.0,2.03,10.0,0.6,0.4,0.6,3.0,4.0,6.3,4.6,19.0,2.1,10.0,0.5,0.4,0.5,-11.1,0.0,28.8,3.5,20.0,21.0,10.0,0.6,0.4,0.6,-63.2,-24.7,-0.8,-31.9,20.0,31.0,10.0,0.6,0.4,0.6,-1.21,0.05,1.03,-0.05,18.0,1.1,10.0,0.5,0.4,0.5,-5.4,0.0,4.4,-0.4,18.0,5.5,10.0,0.5,0.4,0.5,2.83,5.68,7.03,5.13,12.0,1.99,10.0,0.4,0.4,0.4,7.0,19.2,60.0,27.1,12.0,23.5,10.0,0.4,0.4,0.4,-48.2,0.0,95.5,19.9,19.0,75.3,10.0,0.5,0.4,0.6,-237.5,-143.7,-12.4,-125.0,19.0,97.3,10.0,0.5,0.4,0.6,-34.1,7.8,70.1,16.6,12.0,54.5,10.0,0.4,0.4,0.4,-171.8,-75.4,0.0,-77.6,12.0,73.8,10.0,0.4,0.4,0.4,-8.9,3.2,21.2,5.4,12.0,12.8,10.0,0.4,0.4,0.4,-58.0,-16.3,0.0,-22.6,12.0,24.5,10.0,0.4,0.4,0.4,18.0,269.5,551.0,293.5,20.0,288.0,10.0,0.6,0.4,0.6,20.0,270.0,550.0,295.0,20.0,290.0,10.0,0.6,0.4,0.6
1974,2,42.0,-14.0,28.0,29.0,29.4,28.82,33.0,0.97,14.0,0.5,0.4,0.6,27.58,28.2,29.26,28.31,29.0,0.94,14.0,0.4,0.4,0.5,17.88,18.58,19.36,18.77,21.0,1.25,12.0,0.4,0.5,0.5,73.3,77.2,84.1,79.0,21.0,6.6,12.0,0.4,0.5,0.92,3.55,6.08,3.85,32.0,2.64,12.0,0.5,0.4,0.6,-2.55,0.0,1.71,0.0,32.0,2.12,12.0,0.5,0.4,0.6,-5.66,-3.03,0.0,-3.14,32.0,2.77,12.0,0.5,0.4,0.6,1008.02,1009.9,1011.79,1009.84,33.0,1.94,14.0,0.5,0.4,0.6,2.0,4.0,7.9,4.3,33.0,2.5,14.0,0.5,0.4,0.6,-12.5,0.0,11.2,1.1,32.0,12.9,12.0,0.5,0.4,0.6,-34.0,-9.2,0.0,-17.7,32.0,22.6,12.0,0.5,0.4,0.6,-0.26,0.7,1.61,0.52,29.0,1.25,14.0,0.4,0.4,0.5,-1.6,1.0,5.6,1.5,28.0,5.0,14.0,0.5,0.4,0.5,4.08,6.61,7.82,5.96,21.0,1.99,12.0,0.4,0.5,0.5,5.3,18.8,43.5,22.8,20.0,17.5,12.0,0.5,0.5,0.5,-72.5,0.0,52.0,2.8,28.0,62.4,14.0,0.5,0.4,0.5,-166.6,-86.0,-5.5,-94.2,28.0,80.4,14.0,0.5,0.4,0.5,-48.1,0.0,33.0,-4.8,20.0,36.4,12.0,0.5,0.5,0.5,-117.0,-54.5,-12.9,-65.4,20.0,55.5,12.0,0.5,0.5,0.5,-17.4,0.0,6.6,-3.2,20.0,12.7,12.0,0.5,0.5,0.5,-40.9,-16.6,-4.1,-19.6,20.0,16.5,12.0,0.5,0.5,0.5,1.0,47.0,226.0,138.0,32.0,200.5,12.0,0.5,0.4,0.6,0.0,45.0,225.0,140.0,32.0,200.0,12.0,0.5,0.4,0.6
1974,2,42.0,-13.0,28.23,28.95,29.5,28.96,22.0,0.79,14.0,0.5,0.4,0.6,27.8,28.35,30.39,28.75,20.0,1.29,14.0,0.5,0.4,0.6,17.61,19.43,20.58,19.26,14.0,1.57,16.0,0.4,0.4,0.6,71.7,77.3,87.7,79.0,14.0,7.6,16.0,0.4,0.6,1.79,4.1,6.71,4.52,23.0,2.33,12.0,0.5,0.3,0.6,-0.98,0.75,2.64,0.87,23.0,1.81,12.0,0.5,0.3,0.6,-6.25,-3.98,-1.39,-4.01,23.0,2.43,12.0,0.5,0.3,0.6,1008.0,1009.9,1012.27,1009.88,22.0,2.44,12.0,0.5,0.4,0.6,1.5,4.0,6.0,3.9,23.0,2.2,12.0,0.5,0.3,0.6,-4.1,1.1,14.5,5.1,23.0,10.8,12.0,0.5,0.3,0.6,-43.7,-16.8,-2.1,-23.1,23.0,21.7,12.0,0.5,0.3,0.6,-1.01,0.4,1.1,0.27,19.0,1.2,14.0,0.4,0.4,0.6,-4.4,1.5,4.7,0.7,19.0,5.8,14.0,0.4,0.4,0.6,4.73,5.58,7.39,5.75,14.0,1.46,16.0,0.4,0.4,0.6,9.3,24.6,41.3,26.3,14.0,16.4,16.0,0.4,0.4,0.6,-35.0,15.2,87.8,24.3,20.0,55.9,14.0,0.5,0.4,0.6,-199.4,-117.2,-42.6,-119.5,20.0,71.0,14.0,0.5,0.4,0.6,-6.9,10.5,44.2,15.6,14.0,31.0,16.0,0.4,0.4,0.6,-118.9,-76.7,-29.1,-82.9,14.0,48.3,16.0,0.4,0.4,0.6,-2.0,2.9,13.4,2.9,14.0,10.0,16.0,0.4,0.4,0.6,-38.4,-22.7,-9.1,-24.7,14.0,15.8,16.0,0.4,0.4,0.6,6.5,69.0,307.0,163.0,23.0,195.5,12.0,0.5,0.3,0.6,5.0,70.0,305.0,165.0,23.0,195.0,12.0,0.5,0.3,0.6
1974,2,42.0,-12.0,28.38,29.0,29.84,29.05,25.0,0.7,14.0,0.8,0.6,0.5,27.9,29.0,30.04,28.94,25.0,1.52,14.0,0.8,0.6,0.5,17.49,18.44,20.13,18.69,14.0,1.13,12.0,0.6,0.7,0.4,72.7,75.3,80.5,77.4,15.0,6.9,12.0,0.7,0.4,1.0,3.35,7.2,3.99,26.0,2.71,12.0,0.8,0.6,0.5,-0.64,0.0,3.55,0.7,26.0,2.14,12.0,0.8,0.6,0.5,-6.2,-3.0,-0.74,-3.3,26.0,2.74,12.0,0.8,0.6,0.5,1008.3,1010.05,1012.61,1010.4,26.0,2.35,12.0,0.8,0.6,0.5,2.3,4.0,6.0,4.1,28.0,1.9,14.0,0.8,0.6,0.5,-1.6,0.0,26.0,6.0,26.0,14.5,12.0,0.8,0.6,0.5,-38.6,-9.2,-0.7,-19.5,26.0,23.1,12.0,0.8,0.6,0.5,-1.35,-0.1,1.85,0.04,23.0,1.73,14.0,0.7,0.7,0.5,-4.4,0.0,3.6,-0.5,21.0,6.3,14.0,0.8,0.6,0.5,5.07,6.58,8.32,6.52,14.0,1.84,12.0,0.6,0.7,0.4,9.2,24.6,44.3,26.5,12.0,18.4,10.0,0.7,0.7,0.5,-17.5,0.0,93.1,20.2,23.0,52.0,14.0,0.8,0.6,0.5,-175.1,-84.2,-10.5,-90.3,23.0,82.3,14.0,0.8,0.6,0.5,0.0,0.0,26.8,12.4,12.0,31.0,10.0,0.7,0.7,0.5,-144.7,-64.1,-29.9,-75.1,12.0,54.6,10.0,0.7,0.7,0.5,0.0,0.0,11.2,4.2,12.0,8.8,10.0,0.7,0.7,0.5,-43.6,-23.7,-7.8,-25.2,12.0,17.6,10.0,0.7,0.7,0.5,1.0,38.0,373.0,154.5,26.0,220.0,12.0,0.8,0.6,0.5,0.0,40.0,375.0,155.0,26.0,220.0,12.0,0.8,0.6,0.5
1974,2,42.0,-11.0,,,,,,,,,,,,,,,,,,,,,,,,,,,,,,,,,,,,,,,,4.0,4.0,4.0,4.0,1.0,0.0,16.0,0.0,0.9,0.5,-0.69,-0.69,-0.69,-0.69,1.0,0.0,16.0,0.0,0.9,0.5,-3.94,-3.94,-3.94,-3.94,1.0,0.0,16.0,0.0,0.9,0.5,1009.3,1009.3,1009.3,1009.3,1.0,0.0,16.0,0.0,0.9,0.5,,,,,,,,,,,,,,,,,,,,,,,,,,,,,,,,,,,,,,,,,,,,,,,,,,,,,,,,,,,,,,,,,,,,,,,,,,,,,,,,,,,,,,,,,,,,,,,,,,,,,,,,,,,,,,,,,,,,,,,,,,,,,,,,,,,,,,,,,,,,,,,,,,,,,,
1974,2,42.0,-10.0,28.0,28.0,28.0,28.0,1.0,0.0,12.0,0.0,0.5,0.8,29.5,29.5,29.5,29.5,1.0,0.0,12.0,0.0,0.5,0.8,19.6,19.6,19.6,19.6,1.0,0.0,12.0,0.0,0.5,0.8,75.9,75.9,75.9,75.9,1.0,0.0,12.0,0.0,0.8,4.6,4.6,4.6,4.6,1.0,0.0,12.0,0.0,0.5,0.8,1.57,1.57,1.57,1.57,1.0,0.0,12.0,0.0,0.5,0.8,-4.32,-4.32,-4.32,-4.32,1.0,0.0,12.0,0.0,0.5,0.8,1010.0,1010.0,1010.0,1010.0,1.0,0.0,12.0,0.0,0.5,0.8,3.0,3.0,3.0,3.0,1.0,0.0,12.0,0.0,0.5,0.8,7.2,7.2,7.2,7.2,1.0,0.0,12.0,0.0,0.5,0.8,-19.9,-19.9,-19.9,-19.9,1.0,0.0,12.0,0.0,0.5,0.8,-1.5,-1.5,-1.5,-1.5,1.0,0.0,12.0,0.0,0.5,0.8,-6.9,-6.9,-6.9,-6.9,1.0,0.0,12.0,0.0,0.5,0.8,4.14,4.14,4.14,4.14,1.0,0.0,12.0,0.0,0.5,0.8,19.0,19.0,19.0,19.0,1.0,0.0,12.0,0.0,0.5,0.8,46.4,46.4,46.4,46.4,1.0,0.0,12.0,0.0,0.5,0.8,-127.5,-127.5,-127.5,-127.5,1.0,0.0,12.0,0.0,0.5,0.8,30.8,30.8,30.8,30.8,1.0,0.0,12.0,0.0,0.5,0.8,-84.7,-84.7,-84.7,-84.7,1.0,0.0,12.0,0.0,0.5,0.8,6.5,6.5,6.5,6.5,1.0,0.0,12.0,0.0,0.5,0.8,-17.9,-17.9,-17.9,-17.9,1.0,0.0,12.0,0.0,0.5,0.8,97.5,97.5,97.5,97.5,1.0,0.0,12.0,0.0,0.5,0.8,95.0,95.0,95.0,95.0,1.0,0.0,12.0,0.0,0.5,0.8
1974,2,42.0,-9.0,,,,,,,,,,,,,,,,,,,,,,,,,,,,,,,,,,,,,,,,5.1,5.1,5.1,5.1,1.0,0.0,28.0,0.0,0.2,0.1,0.89,0.89,0.89,0.89,1.0,0.0,28.0,0.0,0.2,0.1,-5.02,-5.02,-5.02,-5.02,1.0,0.0,28.0,0.0,0.2,0.1,1007.2,1007.2,1007.2,1007.2,1.0,0.0,28.0,0.0,0.2,0.1,,,,,,,,,,,,,,,,,,,,,,,,,,,,,,,,,,,,,,,,,,,,,,,,,,,,,,,,,,,,,,,,,,,,,,,,,,,,,,,,,,,,,,,,,,,,,,,,,,,,,,,,,,,,,,,,,,,,,,,,,,,,,,,,,,,,,,,,,,,,,,,,,,,,,,
1974,2,42.0,-8.0,26.1,26.1,26.1,26.1,1.0,0.0,12.0,0.0,0.9,0.1,28.0,28.0,28.0,28.0,1.0,0.0,12.0,0.0,0.9,0.1,17.67,17.67,17.67,17.67,1.0,0.0,12.0,0.0,0.9,0.1,74.7,74.7,74.7,74.7,1.0,0.0,12.0,0.0,0.1,3.1,3.1,3.1,3.1,1.0,0.0,12.0,0.0,0.9,0.1,-1.06,-1.06,-1.06,-1.06,1.0,0.0,12.0,0.0,0.9,0.1,-2.91,-2.91,-2.91,-2.91,1.0,0.0,12.0,0.0,0.9,0.1,1010.0,1010.0,1010.0,1010.0,1.0,0.0,12.0,0.0,0.9,0.1,3.0,3.0,3.0,3.0,1.0,0.0,12.0,0.0,0.9,0.1,-3.3,-3.3,-3.3,-3.3,1.0,0.0,12.0,0.0,0.9,0.1,-9.0,-9.0,-9.0,-9.0,1.0,0.0,12.0,0.0,0.9,0.1,-1.9,-1.9,-1.9,-1.9,1.0,0.0,12.0,0.0,0.9,0.1,-5.9,-5.9,-5.9,-5.9,1.0,0.0,12.0,0.0,0.9,0.1,3.52,3.52,3.52,3.52,1.0,0.0,12.0,0.0,0.9,0.1,10.9,10.9,10.9,10.9,1.0,0.0,12.0,0.0,0.9,0.1,-29.7,-29.7,-29.7,-29.7,1.0,0.0,12.0,0.0,0.9,0.1,-81.6,-81.6,-81.6,-81.6,1.0,0.0,12.0,0.0,0.9,0.1,-18.7,-18.7,-18.7,-18.7,1.0,0.0,12.0,0.0,0.9,0.1,-51.5,-51.5,-51.5,-51.5,1.0,0.0,12.0,0.0,0.9,0.1,-3.7,-3.7,-3.7,-3.7,1.0,0.0,12.0,0.0,0.9,0.1,-10.3,-10.3,-10.3,-10.3,1.0,0.0,12.0,0.0,0.9,0.1,30.0,30.0,30.0,30.0,1.0,0.0,12.0,0.0,0.9,0.1,30.0,30.0,30.0,30.0,1.0,0.0,12.0,0.0,0.9,0.1
1974,2,42.0,-7.0,27.93,28.2,28.27,28.1,3.0,0.26,14.0,0.0,0.4,0.6,27.36,27.5,27.98,27.67,3.0,0.47,14.0,0.0,0.4,0.6,17.28,17.98,18.54,17.91,3.0,0.93,14.0,0.0,0.4,0.6,75.8,78.4,78.4,77.1,3.0,2.2,14.0,0.0,0.6,3.08,4.1,4.78,3.93,3.0,1.26,14.0,0.0,0.4,0.6,-2.68,-1.4,-0.75,-1.71,3.0,1.44,14.0,0.0,0.4,0.6,-3.89,-3.85,-2.97,-3.44,3.0,0.76,14.0,0.0,0.4,0.6,1008.7,1008.7,1010.2,1009.43,3.0,1.27,14.0,0.0,0.4,0.6,2.2,2.5,2.8,2.5,2.0,0.7,12.0,0.0,0.4,0.9,-13.2,-5.7,-2.6,-7.9,3.0,8.0,14.0,0.0,0.4,0.6,-18.6,-15.8,-9.6,-14.1,3.0,6.8,14.0,0.0,0.4,0.6,0.1,0.3,0.78,0.43,3.0,0.51,14.0,0.0,0.4,0.6,0.4,1.2,3.9,2.1,3.0,2.7,14.0,0.0,0.4,0.6,5.31,5.45,6.67,5.98,3.0,1.1,14.0,0.0,0.4,0.6,16.4,22.4,32.3,24.3,3.0,11.8,14.0,0.0,0.4,0.6,-73.3,-38.6,-20.9,-46.9,3.0,39.1,14.0,0.0,0.4,0.6,-106.4,-106.0,-82.9,-94.9,3.0,19.7,14.0,0.0,0.4,0.6,-45.9,-25.2,-13.8,-29.8,3.0,23.9,14.0,0.0,0.4,0.6,-68.3,-66.2,-53.9,-61.2,3.0,11.4,14.0,0.0,0.4,0.6,-18.6,-7.6,-4.0,-11.3,3.0,11.1,14.0,0.0,0.4,0.6,-26.0,-21.0,-15.8,-20.9,3.0,7.4,14.0,0.0,0.4,0.6,34.0,69.0,112.5,73.0,3.0,57.5,14.0,0.0,0.4,0.6,35.0,70.0,110.0,75.0,3.0,60.0,14.0,0.0,0.4,0.6
1974,2,42.0,-6.0,28.7,28.7,28.7,28.7,1.0,0.0,26.0,1.0,0.6,0.2,30.3,30.3,30.3,30.3,1.0,0.0,26.0,1.0,0.6,0.2,23.44,23.44,23.44,23.44,1.0,0.0,26.0,1.0,0.6,0.2,86.5,86.5,86.5,86.5,1.0,0.0,26.0,1.0,0.2,5.1,5.1,5.1,5.1,1.0,0.0,26.0,1.0,0.6,0.2,-0.89,-0.89,-0.89,-0.89,1.0,0.0,26.0,1.0,0.6,0.2,-5.02,-5.02,-5.02,-5.02,1.0,0.0,26.0,1.0,0.6,0.2,1010.5,1010.5,1010.5,1010.5,1.0,0.0,26.0,1.0,0.6,0.2,4.0,4.0,4.0,4.0,1.0,0.0,26.0,1.0,0.6,0.2,-4.5,-4.5,-4.5,-4.5,1.0,0.0,26.0,1.0,0.6,0.2,-25.6,-25.6,-25.6,-25.6,1.0,0.0,26.0,1.0,0.6,0.2,-1.6,-1.6,-1.6,-1.6,1.0,0.0,26.0,1.0,0.6,0.2,-8.2,-8.2,-8.2,-8.2,1.0,0.0,26.0,1.0,0.6,0.2,1.28,1.28,1.28,1.28,1.0,0.0,26.0,1.0,0.6,0.2,6.5,6.5,6.5,6.5,1.0,0.0,26.0,1.0,0.6,0.2,-26.8,-26.8,-26.8,-26.8,1.0,0.0,26.0,1.0,0.6,0.2,-152.2,-152.2,-152.2,-152.2,1.0,0.0,26.0,1.0,0.6,0.2,-20.8,-20.8,-20.8,-20.8,1.0,0.0,26.0,1.0,0.6,0.2,-117.7,-117.7,-117.7,-117.7,1.0,0.0,26.0,1.0,0.6,0.2,-1.1,-1.1,-1.1,-1.1,1.0,0.0,26.0,1.0,0.6,0.2,-6.4,-6.4,-6.4,-6.4,1.0,0.0,26.0,1.0,0.6,0.2,132.5,132.5,132.5,132.5,1.0,0.0,26.0,1.0,0.6,0.2,135.0,135.0,135.0,135.0,1.0,0.0,26.0,1.0,0.6,0.2
1974,2,42.0,-5.0,28.3,28.3,28.3,28.3,1.0,0.0,6.0,0.0,0.4,0.1,27.0,27.0,27.0,27.0,1.0,0.0,6.0,0.0,0.4,0.1,16.82,16.82,16.82,16.82,1.0,0.0,6.0,0.0,0.4,0.1,75.5,75.5,75.5,75.5,1.0,0.0,6.0,0.0,0.1,4.6,4.6,4.6,4.6,1.0,0.0,6.0,0.0,0.4,0.1,-3.98,-3.98,-3.98,-3.98,1.0,0.0,6.0,0.0,0.4,0.1,-2.3,-2.3,-2.3,-2.3,1.0,0.0,6.0,0.0,0.4,0.1,1010.2,1010.2,1010.2,1010.2,1.0,0.0,6.0,0.0,0.4,0.1,2.0,2.0,2.0,2.0,1.0,0.0,6.0,0.0,0.4,0.1,-18.3,-18.3,-18.3,-18.3,1.0,0.0,6.0,0.0,0.4,0.1,-10.6,-10.6,-10.6,-10.6,1.0,0.0,6.0,0.0,0.4,0.1,1.3,1.3,1.3,1.3,1.0,0.0,6.0,0.0,0.4,0.1,6.0,6.0,6.0,6.0,1.0,0.0,6.0,0.0,0.4,0.1,7.33,7.33,7.33,7.33,1.0,0.0,6.0,0.0,0.4,0.1,33.7,33.7,33.7,33.7,1.0,0.0,6.0,0.0,0.4,0.1,-107.6,-107.6,-107.6,-107.6,1.0,0.0,6.0,0.0,0.4,0.1,-62.1,-62.1,-62.1,-62.1,1.0,0.0,6.0,0.0,0.4,0.1,-67.0,-67.0,-67.0,-67.0,1.0,0.0,6.0,0.0,0.4,0.1,-38.7,-38.7,-38.7,-38.7,1.0,0.0,6.0,0.0,0.4,0.1,-29.2,-29.2,-29.2,-29.2,1.0,0.0,6.0,0.0,0.4,0.1,-16.9,-16.9,-16.9,-16.9,1.0,0.0,6.0,0.0,0.4,0.1,97.5,97.5,97.5,97.5,1.0,0.0,6.0,0.0,0.4,0.1,95.0,95.0,95.0,95.0,1.0,0.0,6.0,0.0,0.4,0.1
1974,2,42.0,-4.0,26.26,26.6,27.49,26.86,5.0,0.75,12.0,0.8,0.4,0.4,26.59,27.2,28.62,27.67,6.0,1.79,14.0,0.8,0.5,0.4,16.68,17.06,18.11,17.35,5.0,0.86,12.0,0.8,0.4,0.4,75.2,78.4,79.8,77.8,5.0,2.7,12.0,0.8,0.4,4.36,8.45,9.3,7.02,6.0,3.12,14.0,0.8,0.5,0.4,-7.57,-5.73,-2.26,-5.26,6.0,3.11,14.0,0.8,0.5,0.4,-6.3,-4.26,-0.77,-3.83,6.0,2.89,14.0,0.8,0.5,0.4,1008.11,1008.65,1010.38,1009.23,6.0,2.04,14.0,0.8,0.5,0.4,1.6,3.5,5.2,3.3,6.0,2.2,14.0,0.8,0.5,0.4,-70.4,-48.0,-10.7,-43.9,6.0,32.5,14.0,0.8,0.5,0.4,-57.7,-28.1,-1.1,-29.8,6.0,27.2,14.0,0.8,0.5,0.4,-0.76,0.0,0.42,-0.14,5.0,0.75,12.0,0.8,0.4,0.4,-4.6,0.0,3.6,-0.7,5.0,6.5,12.0,0.8,0.4,0.4,4.02,5.19,5.57,4.85,5.0,0.92,12.0,0.8,0.4,0.4,27.3,44.5,48.4,37.8,5.0,18.9,12.0,0.8,0.4,0.4,-205.3,-152.5,-69.1,-143.7,6.0,82.1,14.0,0.8,0.5,0.4,-171.6,-121.3,-20.5,-106.8,6.0,80.9,14.0,0.8,0.5,0.4,-134.0,-116.7,-58.8,-99.3,5.0,52.0,12.0,0.8,0.4,0.4,-115.0,-67.4,-10.9,-65.0,5.0,57.9,12.0,0.8,0.4,0.4,-40.5,-38.6,-15.8,-29.3,5.0,16.0,12.0,0.8,0.4,0.4,-36.3,-22.3,-2.2,-19.9,5.0,17.8,12.0,0.8,0.4,0.4,106.0,605.0,804.5,492.5,6.0,345.0,14.0,0.8,0.5,0.4,105.0,605.0,805.0,490.0,6.0,345.0,14.0,0.8,0.5,0.4
1974,2,42.0,-3.0,25.96,27.0,29.3,27.56,5.0,1.82,10.0,0.4,0.5,0.6,25.19,26.3,27.19,26.3,5.0,1.34,10.0,0.4,0.5,0.6,17.15,17.52,17.78,17.49,5.0,0.42,10.0,0.4,0.5,0.6,76.2,82.1,88.1,81.9,5.0,6.9,10.0,0.4,0.6,4.42,7.2,9.65,7.18,5.0,2.98,10.0,0.4,0.5,0.6,-6.57,-3.85,-3.14,-4.73,5.0,2.24,10.0,0.4,0.5,0.6,-7.87,-2.98,-2.39,-4.78,5.0,3.43,10.0,0.4,0.5,0.6,1007.93,1009.0,1011.05,1009.52,5.0,2.0,10.0,0.4,0.5,0.6,0.0,1.0,3.7,1.8,5.0,2.2,10.0,0.4,0.5,0.6,-66.5,-17.7,-16.1,-36.9,5.0,28.0,10.0,0.4,0.5,0.6,-71.3,-25.9,-10.7,-40.9,5.0,42.2,10.0,0.4,0.5,0.6,0.17,0.7,2.44,1.26,5.0,1.64,10.0,0.4,0.5,0.6,0.6,3.6,18.0,7.8,5.0,9.7,10.0,0.4,0.5,0.6,3.22,5.45,8.29,5.75,5.0,2.71,10.0,0.4,0.5,0.6,23.0,35.9,62.7,44.0,5.0,34.8,10.0,0.4,0.5,0.6,-180.4,-97.5,-79.8,-125.3,5.0,61.3,10.0,0.4,0.5,0.6,-215.3,-78.3,-59.9,-129.0,5.0,98.8,10.0,0.4,0.5,0.6,-115.4,-69.8,-53.9,-83.0,5.0,39.6,10.0,0.4,0.5,0.6,-135.8,-52.1,-41.7,-83.1,5.0,59.7,10.0,0.4,0.5,0.6,-36.4,-27.5,-12.7,-26.3,5.0,16.1,10.0,0.4,0.5,0.6,-56.1,-23.0,-7.9,-32.7,5.0,34.2,10.0,0.4,0.5,0.6,87.0,373.0,945.0,528.0,5.0,564.5,10.0,0.4,0.5,0.6,85.0,375.0,945.0,530.0,5.0,565.0,10.0,0.4,0.5,0.6
1974,2,42.0,-2.0,25.73,26.0,26.27,26.0,2.0,0.57,6.0,0.0,0.5,0.9,25.76,25.9,26.04,25.9,2.0,0.28,6.0,0.0,0.5,0.9,16.12,16.97,17.82,16.97,2.0,1.76,6.0,0.0,0.5,0.9,77.8,81.2,84.6,81.2,2.0,7.0,6.0,0.0,0.9,3.83,5.4,6.97,5.4,2.0,3.25,6.0,0.0,0.5,0.9,-6.07,-4.79,-3.51,-4.79,2.0,2.66,6.0,0.0,0.5,0.9,-3.07,-1.39,0.28,-1.39,2.0,3.47,6.0,0.0,0.5,0.9,1009.95,1010.05,1010.15,1010.05,2.0,0.21,6.0,0.0,0.5,0.9,0.5,1.5,2.5,1.5,2.0,2.1,6.0,0.0,0.5,0.9,-44.6,-30.2,-15.7,-30.2,2.0,29.9,6.0,0.0,0.5,0.9,-24.4,-13.2,-1.9,-13.2,2.0,23.3,6.0,0.0,0.5,0.9,-0.31,0.1,0.51,0.1,2.0,0.85,6.0,0.0,0.5,0.9,-2.9,-0.8,1.2,-0.8,2.0,4.3,6.0,0.0,0.5,0.9,2.9,4.1,5.3,4.1,2.0,2.48,6.0,0.0,0.5,0.9,18.1,18.1,18.1,18.1,2.0,0.1,6.0,0.0,0.5,0.9,-158.3,-124.5,-90.6,-124.5,2.0,70.1,6.0,0.0,0.5,0.9,-80.2,-36.6,7.0,-36.6,2.0,90.3,6.0,0.0,0.5,0.9,-109.5,-83.6,-57.8,-83.6,2.0,53.5,6.0,0.0,0.5,0.9,-56.4,-26.7,2.9,-26.7,2.0,61.4,6.0,0.0,0.5,0.9,-16.8,-16.4,-15.9,-16.4,2.0,1.0,6.0,0.0,0.5,0.9,-6.6,-1.4,3.8,-1.4,2.0,10.8,6.0,0.0,0.5,0.9,97.5,243.0,389.0,243.0,2.0,302.0,6.0,0.0,0.5,0.9,100.0,245.0,390.0,245.0,2.0,300.0,6.0,0.0,0.5,0.9
1974,2,42.0,-1.0,,,,,,,,,,,,,,,,,,,,,,,,,,,,,,,,,,,,,,,,11.8,11.8,11.8,11.8,1.0,0.0,10.0,1.0,0.8,0.7,-9.04,-9.04,-9.04,-9.04,1.0,0.0,10.0,1.0,0.8,0.7,-7.58,-7.58,-7.58,-7.58,1.0,0.0,10.0,1.0,0.8,0.7,1008.1,1008.1,1008.1,1008.1,1.0,0.0,10.0,1.0,0.8,0.7,,,,,,,,,,,,,,,,,,,,,,,,,,,,,,,,,,,,,,,,,,,,,,,,,,,,,,,,,,,,,,,,,,,,,,,,,,,,,,,,,,,,,,,,,,,,,,,,,,,,,,,,,,,,,,,,,,,,,,,,,,,,,,,,,,,,,,,,,,,,,,,,,,,,,,
1974,2,42.0,12.0,29.1,29.1,29.1,29.1,1.0,0.0,20.0,0.0,0.4,0.2,29.0,29.0,29.0,29.0,1.0,0.0,20.0,0.0,0.4,0.2,17.12,17.12,17.12,17.12,1.0,0.0,20.0,0.0,0.4,0.2,68.4,68.4,68.4,68.4,1.0,0.0,20.0,0.0,0.2,0.0,0.0,0.0,0.0,1.0,0.0,20.0,0.0,0.4,0.2,0.0,0.0,0.0,0.0,1.0,0.0,20.0,0.0,0.4,0.2,0.0,0.0,0.0,0.0,1.0,0.0,20.0,0.0,0.4,0.2,1011.1,1011.1,1011.1,1011.1,1.0,0.0,20.0,0.0,0.4,0.2,3.0,3.0,3.0,3.0,1.0,0.0,20.0,0.0,0.4,0.2,0.0,0.0,0.0,0.0,1.0,0.0,20.0,0.0,0.4,0.2,0.0,0.0,0.0,0.0,1.0,0.0,20.0,0.0,0.4,0.2,0.1,0.1,0.1,0.1,1.0,0.0,20.0,0.0,0.4,0.2,0.0,0.0,0.0,0.0,1.0,0.0,20.0,0.0,0.4,0.2,8.18,8.18,8.18,8.18,1.0,0.0,20.0,0.0,0.4,0.2,0.0,0.0,0.0,0.0,1.0,0.0,20.0,0.0,0.4,0.2,0.0,0.0,0.0,0.0,1.0,0.0,20.0,0.0,0.4,0.2,0.0,0.0,0.0,0.0,1.0,0.0,20.0,0.0,0.4,0.2,0.0,0.0,0.0,0.0,1.0,0.0,20.0,0.0,0.4,0.2,0.0,0.0,0.0,0.0,1.0,0.0,20.0,0.0,0.4,0.2,0.0,0.0,0.0,0.0,1.0,0.0,20.0,0.0,0.4,0.2,0.0,0.0,0.0,0.0,1.0,0.0,20.0,0.0,0.4,0.2,0.0,0.0,0.0,0.0,1.0,0.0,20.0,0.0,0.4,0.2,0.0,0.0,0.0,0.0,1.0,0.0,20.0,0.0,0.4,0.2
1974,2,42.0,13.0,24.52,26.0,26.9,25.73,4.0,1.46,12.0,0.8,0.8,0.4,25.42,26.25,26.45,25.95,4.0,0.79,12.0,0.8,0.8,0.4,15.42,17.33,17.92,16.69,3.0,1.91,16.0,0.7,0.9,0.5,72.6,80.1,89.0,80.8,3.0,12.0,16.0,0.7,0.5,4.39,5.0,5.07,4.73,3.0,0.55,12.0,0.7,0.9,0.5,-1.64,-1.4,1.26,-0.22,3.0,2.36,12.0,0.7,0.9,0.5,-1.73,3.85,4.49,1.44,3.0,5.02,12.0,0.7,0.9,0.5,1011.15,1012.35,1014.55,1012.83,4.0,2.1,12.0,0.8,0.8,0.4,0.0,1.0,5.1,2.5,4.0,3.8,12.0,0.8,0.8,0.4,-7.9,-5.7,6.7,-0.7,3.0,11.6,12.0,0.7,0.9,0.5,-9.8,15.8,21.7,6.2,3.0,24.5,12.0,0.7,0.9,0.5,-1.01,0.35,0.5,-0.22,4.0,1.32,12.0,0.8,0.8,0.4,1.5,2.0,2.7,2.1,3.0,0.9,12.0,0.7,0.9,0.5,2.52,3.95,4.49,3.52,3.0,1.49,16.0,0.7,0.9,0.5,11.0,14.5,17.9,14.5,2.0,7.1,18.0,0.5,0.9,0.6,-41.3,-37.2,33.3,-4.8,3.0,61.4,12.0,0.7,0.9,0.5,-45.6,102.1,113.5,35.5,3.0,130.1,12.0,0.7,0.9,0.5,-30.6,-28.0,-25.5,-28.0,2.0,5.3,18.0,0.5,0.9,0.6,70.0,77.0,84.0,77.0,2.0,14.5,18.0,0.5,0.9,0.6,-6.1,-4.9,-3.8,-4.9,2.0,2.4,18.0,0.5,0.9,0.6,10.4,13.6,16.8,13.6,2.0,6.6,18.0,0.5,0.9,0.6,86.5,125.0,130.0,109.0,3.0,35.0,12.0,0.7,0.9,0.5,85.0,125.0,130.0,110.0,3.0,35.0,12.0,0.7,0.9,0.5
1974,2,42.0,14.0,25.23,26.0,27.48,26.2,5.0,1.51,8.0,0.4,0.7,0.2,24.18,24.9,26.61,25.37,6.0,1.43,12.0,0.3,0.6,0.3,15.96,16.48,17.25,16.62,5.0,1.17,14.0,0.4,0.6,0.3,71.1,82.9,90.0,81.3,5.0,10.2,14.0,0.4,0.3,3.02,6.0,9.06,6.22,5.0,3.96,12.0,0.2,0.6,0.4,-1.54,1.04,1.93,0.24,5.0,2.73,12.0,0.2,0.6,0.4,-3.43,-1.8,8.72,1.79,5.0,7.25,12.0,0.2,0.6,0.4,1008.48,1011.25,1012.02,1010.58,6.0,1.71,12.0,0.3,0.6,0.3,0.0,1.5,6.2,2.7,6.0,3.2,12.0,0.3,0.6,0.3,-18.9,6.3,9.8,-5.1,5.0,26.4,12.0,0.2,0.6,0.4,-17.1,-4.0,84.3,29.5,5.0,70.3,12.0,0.2,0.6,0.4,-0.79,1.8,2.23,0.72,5.0,2.66,8.0,0.4,0.7,0.2,5.3,8.6,10.8,8.1,4.0,3.5,8.0,0.3,0.6,0.3,3.23,5.79,7.29,5.28,4.0,2.52,10.0,0.5,0.6,0.2,14.2,25.3,45.0,29.5,3.0,22.8,10.0,0.3,0.6,0.3,-38.1,25.1,49.3,6.3,5.0,68.0,12.0,0.2,0.6,0.4,-82.7,-45.0,223.1,47.5,5.0,180.5,12.0,0.2,0.6,0.4,-40.7,9.5,35.8,-1.9,4.0,54.8,14.0,0.3,0.6,0.4,-31.3,39.2,163.2,64.7,4.0,118.9,14.0,0.3,0.6,0.4,3.0,9.4,17.9,10.4,3.0,11.0,10.0,0.3,0.6,0.3,-11.5,-9.1,33.5,10.5,3.0,37.1,10.0,0.3,0.6,0.3,32.5,216.0,916.5,501.0,5.0,774.0,12.0,0.2,0.6,0.4,35.0,215.0,915.0,500.0,5.0,775.0,12.0,0.2,0.6,0.4
1974,2,42.0,15.0,25.5,25.7,25.9,25.7,2.0,0.42,10.0,0.0,0.1,0.0,24.16,24.5,24.84,24.5,2.0,0.71,10.0,0.0,0.1,0.0,18.05,18.05,18.05,18.05,1.0,0.0,20.0,0.0,0.0,0.0,91.4,91.4,91.4,91.4,1.0,0.0,20.0,0.0,0.0,3.46,5.3,7.14,5.3,2.0,3.82,10.0,0.0,0.1,0.0,1.01,2.23,3.44,2.23,2.0,2.51,10.0,0.0,0.1,0.0,-6.24,-4.74,-3.25,-4.74,2.0,3.09,10.0,0.0,0.1,0.0,1012.81,1013.05,1013.29,1013.05,2.0,0.49,10.0,0.0,0.1,0.0,1.0,1.0,1.0,1.0,2.0,0.0,10.0,0.0,0.1,0.0,6.1,16.6,27.1,16.6,2.0,21.8,10.0,0.0,0.1,0.0,-47.7,-31.0,-14.4,-31.0,2.0,34.5,10.0,0.0,0.1,0.0,0.65,1.2,1.75,1.2,2.0,1.13,10.0,0.0,0.1,0.0,3.4,8.5,13.6,8.5,2.0,10.6,10.0,0.0,0.1,0.0,2.2,2.2,2.2,2.2,1.0,0.0,20.0,0.0,0.0,0.0,5.7,5.7,5.7,5.7,1.0,0.0,20.0,0.0,0.0,0.0,24.7,53.6,82.6,53.6,2.0,59.9,10.0,0.0,0.1,0.0,-150.0,-115.1,-80.2,-115.1,2.0,72.3,10.0,0.0,0.1,0.0,8.1,8.1,8.1,8.1,1.0,0.0,20.0,0.0,0.0,0.0,-46.2,-46.2,-46.2,-46.2,1.0,0.0,20.0,0.0,0.0,0.0,1.0,1.0,1.0,1.0,1.0,0.0,20.0,0.0,0.0,0.0,-5.6,-5.6,-5.6,-5.6,1.0,0.0,20.0,0.0,0.0,0.0,96.0,265.0,433.5,265.0,2.0,349.5,10.0,0.0,0.1,0.0,95.0,265.0,435.0,265.0,2.0,350.0,10.0,0.0,0.1,0.0
1974,2,42.0,71.0,,,,,,,,,,,,,,,,,,,,,,,,,,,,,,,,,,,,,,,,7.9,11.8,15.9,11.82,18.0,4.55,12.0,0.4,0.4,0.5,-14.21,-9.47,-2.06,-7.89,18.0,6.18,12.0,0.4,0.4,0.5,-5.44,1.21,7.74,1.61,18.0,7.87,12.0,0.4,0.4,0.5,1005.03,1017.5,1020.26,1012.37,21.0,9.7,12.0,0.5,0.4,0.5,,,,,,,,,,,,,,,,,,,,,,,,,,,,,,,,,,,,,,,,,,,,,,,,,,,,,,,,,,,,,,,,,,,,,,,,,,,,,,,,,,,,,,,,,,,,,,,,,,,,,,,,,,,,,,,,,,,,,,,,,,,,,,,,,,,,,,,,,,,,,,,,,,,,,,
1974,2,43.0,-68.0,-1.86,-1.6,-1.5,-1.64,16.0,0.17,10.0,0.5,0.6,0.8,-2.03,-1.85,-1.14,-1.63,18.0,0.6,10.0,0.5,0.6,0.7,3.12,3.12,3.13,3.12,2.0,0.02,12.0,0.0,0.6,0.5,82.1,86.2,90.3,86.2,2.0,8.5,12.0,0.0,0.5,4.65,12.1,16.5,10.85,18.0,5.39,10.0,0.5,0.6,0.7,-16.33,-12.01,-3.4,-10.12,18.0,6.49,10.0,0.5,0.6,0.7,-2.25,0.0,0.88,-0.57,18.0,1.65,10.0,0.5,0.6,0.7,970.78,979.15,983.71,977.86,18.0,6.14,10.0,0.5,0.6,0.7,6.1,8.0,8.0,7.1,18.0,2.1,10.0,0.5,0.6,0.7,-269.4,-145.3,-11.8,-141.0,18.0,118.0,10.0,0.5,0.6,0.7,-29.0,0.0,2.2,-11.8,18.0,21.4,10.0,0.5,0.6,0.7,-0.26,0.05,0.6,0.08,16.0,0.53,10.0,0.5,0.6,0.8,-2.7,0.7,9.6,2.6,16.0,5.4,10.0,0.5,0.6,0.8,0.29,0.29,0.29,0.29,1.0,0.0,10.0,0.0,0.5,0.8,3.8,3.8,3.8,3.8,1.0,0.0,10.0,0.0,0.5,0.8,3.3,16.9,34.7,18.5,18.0,13.8,10.0,0.5,0.6,0.7,-0.5,0.0,4.3,1.1,18.0,3.0,10.0,0.5,0.6,0.7,-33.7,-20.3,-7.0,-20.3,2.0,27.6,12.0,0.0,0.6,0.5,-5.2,-1.2,2.8,-1.2,2.0,8.2,12.0,0.0,0.6,0.5,-3.7,-3.7,-3.7,-3.7,1.0,0.0,10.0,0.0,0.5,0.8,-0.7,-0.7,-0.7,-0.7,1.0,0.0,10.0,0.0,0.5,0.8,106.5,1775.0,4492.0,2144.5,18.0,2211.5,10.0,0.5,0.6,0.7,105.0,1775.0,4490.0,2145.0,18.0,2210.0,10.0,0.5,0.6,0.7
1974,2,43.0,-67.0,-1.9,-1.85,-1.72,-1.61,12.0,0.77,16.0,0.6,0.5,0.2,-1.97,-1.05,-0.22,-0.99,14.0,1.01,16.0,0.6,0.5,0.3,3.03,3.17,3.31,3.17,2.0,0.29,16.0,1.0,0.3,0.5,78.2,81.5,84.8,81.5,2.0,6.9,16.0,1.0,0.5,1.0,2.6,4.57,2.75,14.0,1.88,16.0,0.6,0.5,0.3,-0.16,2.39,3.98,2.23,14.0,2.17,16.0,0.6,0.5,0.3,-0.5,0.38,1.47,0.54,14.0,1.15,16.0,0.6,0.5,0.3,977.91,979.2,979.99,978.94,14.0,1.34,16.0,0.6,0.5,0.3,5.8,7.0,8.0,6.8,13.0,1.6,16.0,0.6,0.5,0.2,-0.2,6.4,18.2,9.8,14.0,12.2,16.0,0.6,0.5,0.3,-1.4,0.4,5.5,2.2,14.0,5.5,16.0,0.6,0.5,0.3,-1.08,-0.3,0.33,-0.36,12.0,0.72,16.0,0.6,0.5,0.2,-2.6,-0.4,0.4,-1.0,12.0,2.5,16.0,0.6,0.5,0.2,0.77,0.77,0.77,0.77,1.0,0.0,16.0,1.0,0.0,0.6,3.1,3.1,3.1,3.1,1.0,0.0,16.0,1.0,0.0,0.6,-3.1,-0.6,0.3,-0.7,14.0,3.3,16.0,0.6,0.5,0.3,-1.2,0.0,1.1,0.0,14.0,1.6,16.0,0.6,0.5,0.3,12.0,12.4,12.8,12.4,2.0,0.8,16.0,1.0,0.3,0.5,5.1,5.8,6.5,5.8,2.0,1.5,16.0,1.0,0.3,0.5,3.0,3.0,3.0,3.0,1.0,0.0,16.0,1.0,0.0,0.6,1.1,1.1,1.1,1.1,1.0,0.0,16.0,1.0,0.0,0.6,1.0,19.5,95.5,51.0,14.0,82.5,16.0,0.6,0.5,0.3,0.0,20.0,95.0,50.0,14.0,85.0,16.0,0.6,0.5,0.3
1974,2,43.0,-65.0,,,,,,,,,,,,,,,,,,,,,,,,,,,,,,,,,,,,,,,,6.2,6.2,6.2,6.2,2.0,0.0,16.0,0.0,0.0,0.8,4.92,5.29,5.66,5.29,2.0,0.76,16.0,0.0,0.0,0.8,-3.69,-3.05,-2.42,-3.05,2.0,1.32,16.0,0.0,0.0,0.8,986.9,987.75,988.6,987.75,2.0,1.77,16.0,0.0,0.0,0.8,,,,,,,,,,,,,,,,,,,,,,,,,,,,,,,,,,,,,,,,,,,,,,,,,,,,,,,,,,,,,,,,,,,,,,,,,,,,,,,,,,,,,,,,,,,,,,,,,,,,,,,,,,,,,,,,,,,,,,,,,,,,,,,,,,,,,,,,,,,,,,,,,,,,,,
1974,2,43.0,-64.0,,,,,,,,,,,,,,,,,,,,,,,,,,,,,,,,,,,,,,,,7.69,8.75,9.81,8.75,2.0,2.19,18.0,0.5,0.2,0.8,6.18,7.6,9.02,7.6,2.0,2.94,18.0,0.5,0.2,0.8,-4.45,-4.08,-3.7,-4.08,2.0,0.78,18.0,0.5,0.2,0.8,991.12,991.8,992.48,991.8,2.0,1.41,18.0,0.5,0.2,0.8,,,,,,,,,,,,,,,,,,,,,,,,,,,,,,,,,,,,,,,,,,,,,,,,,,,,,,,,,,,,,,,,,,,,,,,,,,,,,,,,,,,,,,,,,,,,,,,,,,,,,,,,,,,,,,,,,,,,,,,,,,,,,,,,,,,,,,,,,,,,,,,,,,,,,,
1974,2,43.0,-63.0,,,,,,,,,,,,,,,,,,,,,,,,,,,,,,,,,,,,,,,,8.02,8.7,11.23,9.6,3.0,2.48,18.0,1.0,0.3,0.6,7.33,7.53,8.88,8.09,3.0,1.23,18.0,1.0,0.3,0.6,-6.82,-4.35,-3.18,-4.98,3.0,2.72,18.0,1.0,0.3,0.6,994.75,995.3,995.78,995.27,3.0,0.75,18.0,1.0,0.3,0.6,,,,,,,,,,,,,,,,,,,,,,,,,,,,,,,,,,,,,,,,,,,,,,,,,,,,,,,,,,,,,,,,,,,,,,,,,,,,,,,,,,,,,,,,,,,,,,,,,,,,,,,,,,,,,,,,,,,,,,,,,,,,,,,,,,,,,,,,,,,,,,,,,,,,,,
1974,2,43.0,-62.0,0.6,0.6,0.67,0.63,3.0,0.06,18.0,0.3,0.4,0.9,0.53,0.6,0.87,0.7,3.0,0.26,18.0,0.3,0.4,0.9,3.57,3.57,3.57,3.57,1.0,0.0,18.0,0.0,0.3,1.0,89.7,89.7,89.7,89.7,1.0,0.0,18.0,0.0,1.0,11.86,12.0,13.64,12.73,3.0,1.45,18.0,0.3,0.4,0.9,7.63,7.71,9.98,8.78,3.0,1.95,18.0,0.3,0.4,0.9,-9.24,-9.19,-9.09,-9.16,3.0,0.11,18.0,0.3,0.4,0.9,997.66,998.0,998.0,997.83,3.0,0.29,18.0,0.3,0.4,0.9,8.0,8.0,8.0,8.0,3.0,0.0,18.0,0.3,0.4,0.9,90.5,92.6,137.8,113.6,3.0,39.2,18.0,0.3,0.4,0.9,-126.0,-110.3,-107.8,-116.8,3.0,14.4,18.0,0.3,0.4,0.9,-0.24,0.1,0.1,-0.07,3.0,0.29,18.0,0.3,0.4,0.9,-3.6,1.2,1.2,-1.1,3.0,4.0,18.0,0.3,0.4,0.9,0.44,0.44,0.44,0.44,1.0,0.0,18.0,0.0,0.3,1.0,5.3,5.3,5.3,5.3,1.0,0.0,18.0,0.0,0.3,1.0,4.1,4.6,9.0,6.5,3.0,4.0,18.0,0.3,0.4,0.9,-8.0,-5.4,-4.9,-6.4,3.0,2.5,18.0,0.3,0.4,0.9,27.5,27.5,27.5,27.5,1.0,0.0,18.0,0.0,0.3,1.0,-32.8,-32.8,-32.8,-32.8,1.0,0.0,18.0,0.0,0.3,1.0,3.4,3.4,3.4,3.4,1.0,0.0,18.0,0.0,0.3,1.0,-4.1,-4.1,-4.1,-4.1,1.0,0.0,18.0,0.0,0.3,1.0,1670.0,1728.0,2586.5,2119.0,3.0,752.0,18.0,0.3,0.4,0.9,1670.0,1730.0,2585.0,2120.0,3.0,750.0,18.0,0.3,0.4,0.9
1974,2,43.0,-61.0,,,,,,,,,,,,,,,,,,,,,,,,,,,,,,,,,,,,,,,,11.9,12.1,12.3,12.1,2.0,0.42,18.0,0.0,0.6,0.7,-1.49,-0.05,1.38,-0.05,2.0,2.97,18.0,0.0,0.6,0.7,-12.12,-11.92,-11.71,-11.92,2.0,0.42,18.0,0.0,0.6,0.7,996.28,997.3,998.32,997.3,2.0,2.12,18.0,0.0,0.6,0.7,,,,,,,,,,,,,,,,,,,,,,,,,,,,,,,,,,,,,,,,,,,,,,,,,,,,,,,,,,,,,,,,,,,,,,,,,,,,,,,,,,,,,,,,,,,,,,,,,,,,,,,,,,,,,,,,,,,,,,,,,,,,,,,,,,,,,,,,,,,,,,,,,,,,,,
1974,2,43.0,-60.0,0.9,0.9,0.9,0.9,3.0,0.0,18.0,1.0,0.4,0.5,0.49,1.1,1.44,0.97,3.0,0.71,18.0,1.0,0.4,0.5,3.87,3.87,3.87,3.87,1.0,0.0,18.0,1.0,0.3,0.6,92.4,92.4,92.4,92.4,1.0,0.0,18.0,1.0,0.6,9.21,10.3,12.07,10.63,3.0,2.12,18.0,1.0,0.4,0.5,-7.24,-6.62,-6.5,-6.87,3.0,0.58,18.0,1.0,0.4,0.5,-10.13,-7.89,-5.47,-7.8,3.0,3.41,18.0,1.0,0.4,0.5,986.99,988.9,991.84,989.4,3.0,3.58,18.0,1.0,0.4,0.5,8.0,8.0,8.0,8.0,3.0,0.0,18.0,1.0,0.4,0.5,-78.4,-68.2,-66.4,-72.3,3.0,9.5,18.0,1.0,0.4,0.5,-124.2,-81.3,-51.6,-87.7,3.0,53.4,18.0,1.0,0.4,0.5,-0.54,-0.2,0.41,-0.07,3.0,0.71,18.0,1.0,0.4,0.5,-4.8,-2.1,5.5,0.3,3.0,7.8,18.0,1.0,0.4,0.5,0.26,0.26,0.26,0.26,1.0,0.0,18.0,1.0,0.3,0.6,2.7,2.7,2.7,2.7,1.0,0.0,18.0,1.0,0.3,0.6,-10.5,-7.3,-3.2,-6.9,3.0,5.4,18.0,1.0,0.4,0.5,-8.1,-7.0,-3.7,-6.0,3.0,3.3,18.0,1.0,0.4,0.5,-25.6,-25.6,-25.6,-25.6,1.0,0.0,18.0,1.0,0.3,0.6,-30.5,-30.5,-30.5,-30.5,1.0,0.0,18.0,1.0,0.3,0.6,-1.7,-1.7,-1.7,-1.7,1.0,0.0,18.0,1.0,0.3,0.6,-2.1,-2.1,-2.1,-2.1,1.0,0.0,18.0,1.0,0.3,0.6,796.5,1092.5,1812.0,1299.5,3.0,765.5,18.0,1.0,0.4,0.5,795.0,1095.0,1810.0,1300.0,3.0,765.0,18.0,1.0,0.4,0.5
1974,2,43.0,-59.0,,,,,,,,,,,,,,,,,,,,,,,,,,,,,,,,,,,,,,,,8.02,8.7,9.79,8.9,3.0,1.31,18.0,0.7,0.3,0.5,-9.04,-6.66,-6.14,-7.57,3.0,2.26,18.0,0.7,0.3,0.5,2.79,4.95,5.39,4.11,3.0,2.04,18.0,0.7,0.3,0.5,975.91,977.0,979.39,977.63,3.0,2.61,18.0,0.7,0.3,0.5,,,,,,,,,,,,,,,,,,,,,,,,,,,,,,,,,,,,,,,,,,,,,,,,,,,,,,,,,,,,,,,,,,,,,,,,,,,,,,,,,,,,,,,,,,,,,,,,,,,,,,,,,,,,,,,,,,,,,,,,,,,,,,,,,,,,,,,,,,,,,,,,,,,,,,
1974,2,43.0,-52.0,3.0,3.0,3.0,3.0,1.0,0.0,8.0,1.0,0.5,0.2,4.7,4.7,4.7,4.7,1.0,0.0,8.0,1.0,0.5,0.2,3.87,3.87,3.87,3.87,1.0,0.0,8.0,1.0,0.5,0.2,71.6,71.6,71.6,71.6,1.0,0.0,8.0,1.0,0.2,17.0,17.0,17.0,17.0,1.0,0.0,8.0,1.0,0.5,0.2,14.72,14.72,14.72,14.72,1.0,0.0,8.0,1.0,0.5,0.2,-8.5,-8.5,-8.5,-8.5,1.0,0.0,8.0,1.0,0.5,0.2,988.5,988.5,988.5,988.5,1.0,0.0,8.0,1.0,0.5,0.2,7.0,7.0,7.0,7.0,1.0,0.0,8.0,1.0,0.5,0.2,250.3,250.3,250.3,250.3,1.0,0.0,8.0,1.0,0.5,0.2,-144.5,-144.5,-144.5,-144.5,1.0,0.0,8.0,1.0,0.5,0.2,-1.7,-1.7,-1.7,-1.7,1.0,0.0,8.0,1.0,0.5,0.2,-28.9,-28.9,-28.9,-28.9,1.0,0.0,8.0,1.0,0.5,0.2,0.93,0.93,0.93,0.93,1.0,0.0,8.0,1.0,0.5,0.2,15.8,15.8,15.8,15.8,1.0,0.0,8.0,1.0,0.5,0.2,69.2,69.2,69.2,69.2,1.0,0.0,8.0,1.0,0.5,0.2,-39.9,-39.9,-39.9,-39.9,1.0,0.0,8.0,1.0,0.5,0.2,57.0,57.0,57.0,57.0,1.0,0.0,8.0,1.0,0.5,0.2,-32.9,-32.9,-32.9,-32.9,1.0,0.0,8.0,1.0,0.5,0.2,13.7,13.7,13.7,13.7,1.0,0.0,8.0,1.0,0.5,0.2,-7.9,-7.9,-7.9,-7.9,1.0,0.0,8.0,1.0,0.5,0.2,4913.0,4913.0,4913.0,4913.0,1.0,0.0,8.0,1.0,0.5,0.2,4915.0,4915.0,4915.0,4915.0,1.0,0.0,8.0,1.0,0.5,0.2
1974,2,43.0,-34.0,21.95,24.0,26.05,24.0,2.0,4.24,14.0,1.0,0.8,0.9,24.64,25.15,25.66,25.15,2.0,1.06,14.0,1.0,0.8,0.9,16.36,17.36,18.37,17.36,2.0,2.07,14.0,1.0,0.8,0.9,85.0,87.4,89.8,87.4,2.0,5.0,14.0,1.0,0.9,3.34,3.85,4.36,3.85,2.0,1.06,14.0,1.0,0.8,0.9,-3.8,-2.69,-1.58,-2.69,2.0,2.31,14.0,1.0,0.8,0.9,-2.2,-0.67,0.86,-0.67,2.0,3.17,14.0,1.0,0.8,0.9,1017.67,1018.45,1019.24,1018.45,2.0,1.63,14.0,1.0,0.8,0.9,3.5,4.5,5.5,4.5,2.0,2.1,14.0,1.0,0.8,0.9,-17.2,-11.6,-5.9,-11.6,2.0,11.7,14.0,1.0,0.8,0.9,-6.4,-0.9,4.7,-0.9,2.0,11.5,14.0,1.0,0.8,0.9,-2.69,-1.15,0.39,-1.15,2.0,3.18,14.0,1.0,0.8,0.9,-8.1,-2.7,2.6,-2.7,2.0,11.0,14.0,1.0,0.8,0.9,0.12,1.42,2.72,1.42,2.0,2.69,14.0,1.0,0.8,0.9,1.2,6.9,12.6,6.9,2.0,11.9,14.0,1.0,0.8,0.9,-98.3,-68.9,-39.5,-68.9,2.0,60.9,14.0,1.0,0.8,0.9,-53.3,-15.2,23.0,-15.2,2.0,79.1,14.0,1.0,0.8,0.9,-71.2,-49.1,-27.1,-49.1,2.0,45.6,14.0,1.0,0.8,0.9,-34.3,-8.3,17.6,-8.3,2.0,53.7,14.0,1.0,0.8,0.9,-12.0,-6.9,-1.8,-6.9,2.0,10.5,14.0,1.0,0.8,0.9,2.0,3.3,4.6,3.3,2.0,2.7,14.0,1.0,0.8,0.9,40.5,63.5,86.5,63.5,2.0,48.0,14.0,1.0,0.8,0.9,40.0,65.0,85.0,65.0,2.0,50.0,14.0,1.0,0.8,0.9
1974,2,43.0,-33.0,23.33,24.05,24.77,24.05,2.0,1.48,16.0,0.5,0.3,0.5,24.86,25.0,25.14,25.0,2.0,0.28,16.0,0.5,0.3,0.5,14.48,15.4,16.32,15.4,2.0,1.9,16.0,0.5,0.3,0.5,73.1,78.3,83.6,78.3,2.0,10.8,16.0,0.5,0.5,4.35,4.9,5.45,4.9,2.0,1.13,16.0,0.5,0.3,0.5,-4.16,-1.03,2.1,-1.03,2.0,6.48,16.0,0.5,0.3,0.5,1.16,1.52,1.88,1.52,2.0,0.75,16.0,0.5,0.3,0.5,1015.01,1015.45,1015.89,1015.45,2.0,0.92,16.0,0.5,0.3,0.5,2.0,2.0,2.0,2.0,2.0,0.0,16.0,0.5,0.3,0.5,-24.6,-8.7,7.2,-8.7,2.0,32.9,16.0,0.5,0.3,0.5,6.1,7.0,8.0,7.0,2.0,2.0,16.0,0.5,0.3,0.5,-1.8,-0.95,-0.1,-0.95,2.0,1.77,16.0,0.5,0.3,0.5,-7.3,-3.7,0.0,-3.7,2.0,7.6,16.0,0.5,0.3,0.5,3.16,3.26,3.36,3.26,2.0,0.2,16.0,0.5,0.3,0.5,14.6,15.9,17.2,15.9,2.0,2.7,16.0,0.5,0.3,0.5,-102.9,-24.9,53.2,-24.9,2.0,161.7,16.0,0.5,0.3,0.5,28.8,38.1,47.4,38.1,2.0,19.2,16.0,0.5,0.3,0.5,-71.2,-22.0,27.1,-22.0,2.0,101.7,16.0,0.5,0.3,0.5,18.5,22.7,26.9,22.7,2.0,8.7,16.0,0.5,0.3,0.5,-12.8,-2.7,7.4,-2.7,2.0,20.9,16.0,0.5,0.3,0.5,3.7,5.0,6.4,5.0,2.0,2.8,16.0,0.5,0.3,0.5,87.5,127.0,166.5,127.0,2.0,82.0,16.0,0.5,0.3,0.5,85.0,125.0,165.0,125.0,2.0,80.0,16.0,0.5,0.3,0.5
1974,2,43.0,-32.0,25.3,25.3,25.3,25.3,1.0,0.0,22.0,0.0,0.2,0.2,24.8,24.8,24.8,24.8,1.0,0.0,22.0,0.0,0.2,0.2,13.88,13.88,13.88,13.88,1.0,0.0,22.0,0.0,0.2,0.2,71.5,71.5,71.5,71.5,1.0,0.0,22.0,0.0,0.2,10.3,10.3,10.3,10.3,1.0,0.0,22.0,0.0,0.2,0.2,-9.68,-9.68,-9.68,-9.68,1.0,0.0,22.0,0.0,0.2,0.2,-3.52,-3.52,-3.52,-3.52,1.0,0.0,22.0,0.0,0.2,0.2,1016.0,1016.0,1016.0,1016.0,1.0,0.0,22.0,0.0,0.2,0.2,7.0,7.0,7.0,7.0,1.0,0.0,22.0,0.0,0.2,0.2,-99.7,-99.7,-99.7,-99.7,1.0,0.0,22.0,0.0,0.2,0.2,-36.3,-36.3,-36.3,-36.3,1.0,0.0,22.0,0.0,0.2,0.2,0.5,0.5,0.5,0.5,1.0,0.0,22.0,0.0,0.2,0.2,5.2,5.2,5.2,5.2,1.0,0.0,22.0,0.0,0.2,0.2,6.2,6.2,6.2,6.2,1.0,0.0,22.0,0.0,0.2,0.2,63.9,63.9,63.9,63.9,1.0,0.0,22.0,0.0,0.2,0.2,-240.0,-240.0,-240.0,-240.0,1.0,0.0,22.0,0.0,0.2,0.2,-87.4,-87.4,-87.4,-87.4,1.0,0.0,22.0,0.0,0.2,0.2,-134.3,-134.3,-134.3,-134.3,1.0,0.0,22.0,0.0,0.2,0.2,-48.9,-48.9,-48.9,-48.9,1.0,0.0,22.0,0.0,0.2,0.2,-60.0,-60.0,-60.0,-60.0,1.0,0.0,22.0,0.0,0.2,0.2,-21.8,-21.8,-21.8,-21.8,1.0,0.0,22.0,0.0,0.2,0.2,1092.5,1092.5,1092.5,1092.5,1.0,0.0,22.0,0.0,0.2,0.2,1095.0,1095.0,1095.0,1095.0,1.0,0.0,22.0,0.0,0.2,0.2
1974,2,43.0,-31.0,25.78,25.95,26.12,25.95,2.0,0.35,18.0,0.5,0.5,0.4,25.8,26.45,27.1,26.45,2.0,1.34,18.0,0.5,0.5,0.4,16.37,17.24,18.11,17.24,2.0,1.81,18.0,0.5,0.5,0.4,79.0,79.9,80.8,79.9,2.0,1.9,18.0,0.5,0.4,4.68,4.85,5.02,4.85,2.0,0.35,18.0,0.5,0.5,0.4,4.01,4.22,4.43,4.22,2.0,0.44,18.0,0.5,0.5,0.4,-2.88,-2.04,-1.19,-2.04,2.0,1.75,18.0,0.5,0.5,0.4,1012.17,1012.55,1012.93,1012.55,2.0,0.78,18.0,0.5,0.5,0.4,0.2,0.5,0.8,0.5,2.0,0.7,18.0,0.5,0.5,0.4,20.1,20.4,20.7,20.4,2.0,0.6,18.0,0.5,0.5,0.4,-14.6,-10.2,-5.7,-10.2,2.0,9.2,18.0,0.5,0.5,0.4,-0.98,-0.5,-0.02,-0.5,2.0,0.99,18.0,0.5,0.5,0.4,-5.0,-2.6,-0.2,-2.6,2.0,5.0,18.0,0.5,0.5,0.4,3.06,3.71,4.36,3.71,2.0,1.34,18.0,0.5,0.5,0.4,15.2,17.8,20.3,17.8,2.0,5.2,18.0,0.5,0.5,0.4,108.4,111.3,114.2,111.3,2.0,6.0,18.0,0.5,0.5,0.4,-78.8,-55.1,-31.4,-55.1,2.0,49.1,18.0,0.5,0.5,0.4,72.3,72.3,72.3,72.3,2.0,0.0,18.0,0.5,0.5,0.4,-53.1,-36.7,-20.4,-36.7,2.0,33.9,18.0,0.5,0.5,0.4,12.4,16.0,19.5,16.0,2.0,7.3,18.0,0.5,0.5,0.4,-8.2,-6.4,-4.6,-6.4,2.0,3.8,18.0,0.5,0.5,0.4,103.0,115.0,127.0,115.0,2.0,25.0,18.0,0.5,0.5,0.4,105.0,115.0,125.0,115.0,2.0,25.0,18.0,0.5,0.5,0.4
1974,2,43.0,-29.0,26.99,27.0,28.03,27.37,7.0,0.67,12.0,0.6,0.4,0.7,25.89,26.5,29.01,27.02,10.0,1.75,14.0,0.6,0.4,0.7,16.12,16.91,17.12,16.55,7.0,0.91,12.0,0.6,0.4,0.6,69.9,76.9,81.9,77.1,7.0,7.0,12.0,0.6,0.6,0.43,7.5,10.59,6.27,10.0,4.9,14.0,0.6,0.4,0.7,-10.0,-1.39,0.0,-4.22,10.0,5.32,14.0,0.6,0.4,0.7,-1.22,0.81,4.12,1.41,10.0,4.16,14.0,0.6,0.4,0.7,1011.16,1012.3,1014.33,1012.21,10.0,2.08,14.0,0.6,0.4,0.7,1.0,2.0,5.1,2.7,10.0,2.1,14.0,0.6,0.4,0.7,-105.0,-12.0,0.0,-45.9,10.0,58.2,14.0,0.6,0.4,0.7,-11.7,2.9,29.5,11.0,10.0,40.7,14.0,0.6,0.4,0.7,-1.57,0.5,1.36,0.19,7.0,1.88,12.0,0.6,0.4,0.7,-0.1,3.9,12.5,5.0,7.0,6.4,12.0,0.6,0.4,0.7,5.46,5.68,7.06,6.23,4.0,1.29,8.0,0.5,0.4,0.6,50.3,55.3,62.0,56.1,4.0,8.7,8.0,0.5,0.4,0.6,-281.9,-35.9,0.0,-114.7,10.0,145.8,14.0,0.6,0.4,0.7,-35.9,21.2,108.1,34.7,10.0,104.9,14.0,0.6,0.4,0.7,-187.0,-148.3,-15.4,-105.6,7.0,87.0,12.0,0.6,0.4,0.6,-35.4,26.1,95.6,29.7,7.0,84.6,12.0,0.6,0.4,0.6,-60.4,-51.1,-27.3,-44.2,4.0,25.2,8.0,0.5,0.4,0.6,-10.1,10.6,29.5,9.7,4.0,30.1,8.0,0.5,0.4,0.6,0.5,495.0,1188.0,632.5,10.0,676.5,14.0,0.6,0.4,0.7,0.0,495.0,1190.0,630.0,10.0,675.0,14.0,0.6,0.4,0.7
1974,2,43.0,-28.0,27.0,27.85,28.33,27.65,12.0,0.89,10.0,0.5,0.3,0.5,26.0,26.85,27.63,26.94,12.0,0.96,10.0,0.5,0.3,0.5,17.49,18.05,18.64,18.28,10.0,1.25,10.0,0.6,0.3,0.5,77.8,81.7,85.8,82.1,10.0,4.4,10.0,0.6,0.5,4.88,6.95,11.48,7.68,12.0,4.15,10.0,0.5,0.3,0.5,-9.49,-6.65,-0.92,-6.37,12.0,4.74,10.0,0.5,0.3,0.5,-4.81,-0.17,1.45,-0.92,12.0,3.74,10.0,0.5,0.3,0.5,1010.15,1012.7,1015.58,1012.91,12.0,2.63,10.0,0.5,0.3,0.5,1.0,3.0,5.3,3.1,12.0,2.0,10.0,0.5,0.3,0.5,-109.0,-44.5,-0.9,-63.7,12.0,67.0,10.0,0.5,0.3,0.5,-52.9,-0.2,9.7,-14.4,12.0,38.3,10.0,0.5,0.3,0.5,-0.63,0.95,1.63,0.71,12.0,1.23,10.0,0.5,0.3,0.5,-5.9,4.8,12.4,4.0,12.0,10.3,10.0,0.5,0.3,0.5,3.82,5.28,6.72,5.12,10.0,1.57,10.0,0.6,0.3,0.5,27.5,37.6,50.9,36.7,10.0,14.0,10.0,0.6,0.3,0.5,-259.6,-182.8,-24.0,-174.5,12.0,132.6,10.0,0.5,0.3,0.5,-127.6,-4.4,39.7,-26.1,12.0,100.8,10.0,0.5,0.3,0.5,-154.9,-120.4,-54.8,-119.8,10.0,93.1,10.0,0.6,0.3,0.5,-101.6,0.0,31.8,-17.6,10.0,76.2,10.0,0.6,0.3,0.5,-39.5,-31.4,-14.7,-27.3,10.0,19.6,10.0,0.6,0.3,0.5,-15.7,0.0,9.8,-0.8,10.0,21.8,10.0,0.6,0.3,0.5,178.0,337.0,1515.5,817.0,12.0,1042.0,10.0,0.5,0.3,0.5,180.0,335.0,1515.0,815.0,12.0,1040.0,10.0,0.5,0.3,0.5
1974,2,43.0,-27.0,26.97,28.0,28.93,27.88,24.0,0.92,14.0,0.5,0.5,0.4,26.39,27.0,28.1,27.22,26.0,0.86,14.0,0.4,0.5,0.5,16.64,17.92,19.8,18.2,22.0,1.78,14.0,0.4,0.5,0.4,76.0,80.4,85.2,81.2,22.0,6.0,14.0,0.4,0.4,5.1,9.3,12.3,8.97,26.0,3.44,12.0,0.5,0.5,0.5,-12.12,-7.58,-4.51,-7.63,26.0,4.59,12.0,0.5,0.5,0.5,-2.19,0.0,4.35,1.14,26.0,3.54,12.0,0.5,0.5,0.5,1010.8,1011.4,1012.87,1011.82,27.0,2.52,12.0,0.4,0.5,0.5,1.0,3.0,5.0,3.1,27.0,2.1,12.0,0.4,0.5,0.5,-149.1,-75.3,-25.4,-81.7,26.0,65.9,12.0,0.5,0.5,0.5,-23.2,0.0,33.9,9.0,26.0,36.7,12.0,0.5,0.5,0.5,-0.3,0.7,1.9,0.65,23.0,1.24,14.0,0.4,0.5,0.4,-4.4,5.6,15.4,5.2,22.0,9.9,14.0,0.5,0.5,0.4,3.38,6.26,7.08,5.49,21.0,2.06,14.0,0.4,0.5,0.4,17.3,43.7,77.7,48.1,20.0,28.0,14.0,0.5,0.5,0.4,-320.4,-205.9,-118.0,-204.6,25.0,127.1,12.0,0.4,0.5,0.4,-66.5,0.0,122.2,30.1,25.0,99.8,12.0,0.4,0.5,0.4,-210.7,-145.9,-89.7,-148.7,21.0,79.1,14.0,0.4,0.5,0.4,-30.2,0.0,68.8,20.4,21.0,70.9,14.0,0.4,0.5,0.4,-77.7,-43.4,-10.9,-42.6,20.0,31.7,14.0,0.5,0.5,0.4,-13.6,0.0,18.9,4.3,20.0,17.1,14.0,0.5,0.5,0.4,132.5,804.5,1861.0,1027.5,26.0,972.0,12.0,0.5,0.5,0.5,135.0,805.0,1860.0,1030.0,26.0,970.0,12.0,0.5,0.5,0.5
1974,2,43.0,-24.0,,,,,,,,,,,,,,,,,,,,,,,,,,,,,,,,,,,,,,,,0.0,0.0,0.0,0.0,1.0,0.0,28.0,1.0,0.9,0.3,0.0,0.0,0.0,0.0,1.0,0.0,28.0,1.0,0.9,0.3,0.0,0.0,0.0,0.0,1.0,0.0,28.0,1.0,0.9,0.3,1013.3,1013.3,1013.3,1013.3,1.0,0.0,28.0,1.0,0.9,0.3,,,,,,,,,,,,,,,,,,,,,,,,,,,,,,,,,,,,,,,,,,,,,,,,,,,,,,,,,,,,,,,,,,,,,,,,,,,,,,,,,,,,,,,,,,,,,,,,,,,,,,,,,,,,,,,,,,,,,,,,,,,,,,,,,,,,,,,,,,,,,,,,,,,,,,
1974,2,43.0,-23.0,,,,,,,,,,,,,,,,,,,,,,,,,,,,,,,,,,,,,,,,0.95,2.5,3.52,2.25,4.0,1.71,16.0,0.8,0.6,0.4,-0.53,-0.17,0.27,-0.13,4.0,0.52,16.0,0.8,0.6,0.4,0.94,2.46,3.47,2.22,4.0,1.68,16.0,0.8,0.6,0.4,1008.77,1010.2,1011.05,1009.93,4.0,1.39,16.0,0.8,0.6,0.4,,,,,,,,,,,,,,,,,,,,,,,,,,,,,,,,,,,,,,,,,,,,,,,,,,,,,,,,,,,,,,,,,,,,,,,,,,,,,,,,,,,,,,,,,,,,,,,,,,,,,,,,,,,,,,,,,,,,,,,,,,,,,,,,,,,,,,,,,,,,,,,,,,,,,,
1974,2,43.0,-17.0,28.38,28.8,29.37,28.88,5.0,0.73,6.0,0.4,0.2,0.7,28.1,28.3,29.66,28.85,4.0,1.31,6.0,0.5,0.2,0.7,17.24,18.76,18.95,18.11,3.0,1.37,6.0,0.7,0.2,0.6,67.8,68.3,76.5,72.0,3.0,7.2,6.0,0.7,0.6,4.39,5.0,5.0,4.7,3.0,0.52,6.0,0.7,0.2,0.7,-2.89,-0.87,2.48,-0.22,3.0,3.97,6.0,0.7,0.2,0.7,-4.38,-3.21,-1.51,-2.95,3.0,2.12,6.0,0.7,0.2,0.7,1007.72,1008.8,1009.8,1008.86,5.0,1.46,6.0,0.4,0.2,0.7,3.6,4.0,6.7,5.0,5.0,2.0,6.0,0.4,0.2,0.7,-14.5,-4.3,9.9,-2.3,3.0,17.9,6.0,0.7,0.2,0.7,-21.9,-16.1,-7.1,-14.5,3.0,10.9,6.0,0.7,0.2,0.7,-1.14,0.2,0.6,-0.25,4.0,1.23,6.0,0.5,0.2,0.7,-5.9,-1.0,1.7,-2.1,3.0,5.7,6.0,0.7,0.2,0.7,5.75,6.09,7.85,6.78,3.0,1.65,6.0,0.7,0.2,0.6,27.9,34.2,40.4,34.2,2.0,13.0,8.0,1.0,0.3,0.7,-82.0,-24.5,77.1,-3.0,3.0,118.0,6.0,0.7,0.2,0.7,-123.8,-91.3,-43.9,-84.0,3.0,58.8,6.0,0.7,0.2,0.7,-41.3,6.2,53.7,6.2,2.0,98.3,8.0,1.0,0.3,0.7,-46.8,-33.2,-19.7,-33.2,2.0,28.1,8.0,1.0,0.3,0.7,-24.0,-4.3,15.4,-4.3,2.0,40.9,8.0,1.0,0.3,0.7,-24.1,-16.1,-8.1,-16.1,2.0,16.6,8.0,1.0,0.3,0.7,86.5,125.0,125.0,106.5,3.0,32.5,6.0,0.7,0.2,0.7,85.0,125.0,125.0,105.0,3.0,30.0,6.0,0.7,0.2,0.7
1974,2,43.0,-16.0,28.45,29.0,29.87,29.01,9.0,0.7,16.0,0.6,0.3,0.5,25.83,27.4,28.25,27.19,11.0,1.25,14.0,0.5,0.3,0.4,17.36,19.04,19.71,18.82,10.0,1.39,16.0,0.6,0.3,0.4,78.2,83.8,88.2,84.1,10.0,6.0,16.0,0.6,0.4,3.73,4.6,7.0,5.0,9.0,1.91,16.0,0.6,0.3,0.4,-4.89,-1.71,1.81,-1.3,9.0,3.25,16.0,0.6,0.3,0.4,-5.85,-3.52,-1.19,-3.48,9.0,2.38,16.0,0.6,0.3,0.4,1008.09,1009.8,1012.0,1009.71,10.0,2.33,16.0,0.6,0.3,0.4,2.4,7.0,8.0,5.6,10.0,2.5,16.0,0.6,0.3,0.4,-24.4,-8.6,6.3,-8.3,9.0,19.6,16.0,0.6,0.3,0.4,-44.0,-15.8,-3.6,-20.4,9.0,20.2,16.0,0.6,0.3,0.4,0.48,2.6,2.95,1.92,9.0,1.54,16.0,0.6,0.3,0.5,1.8,10.1,22.6,11.5,7.0,11.7,16.0,0.6,0.3,0.4,4.94,7.31,8.32,6.77,8.0,1.7,16.0,0.6,0.3,0.4,15.3,31.0,57.3,35.1,6.0,22.1,18.0,0.7,0.3,0.3,-134.6,-48.9,50.8,-36.5,9.0,87.8,16.0,0.6,0.3,0.4,-159.2,-98.3,-33.6,-93.3,9.0,61.8,16.0,0.6,0.3,0.4,-97.8,-17.3,35.5,-25.5,8.0,66.1,16.0,0.6,0.3,0.4,-114.5,-67.8,-20.8,-62.6,8.0,44.4,16.0,0.6,0.3,0.4,-34.5,-8.6,11.8,-9.2,6.0,25.4,18.0,0.7,0.3,0.3,-46.3,-13.4,-4.1,-22.8,6.0,24.3,18.0,0.7,0.3,0.3,52.5,97.5,369.0,176.0,9.0,191.0,16.0,0.6,0.3,0.4,55.0,95.0,370.0,175.0,9.0,190.0,16.0,0.6,0.3,0.4
1974,2,43.0,-15.0,28.0,29.0,29.39,28.71,16.0,1.1,16.0,0.2,0.4,0.5,25.69,27.15,27.96,27.05,16.0,1.21,16.0,0.2,0.4,0.5,17.19,17.87,18.82,17.88,11.0,1.33,16.0,0.2,0.5,0.4,77.1,80.7,85.1,80.7,11.0,4.3,16.0,0.2,0.4,2.21,4.6,7.93,4.96,15.0,3.21,14.0,0.2,0.4,0.4,-6.92,-1.99,0.0,-2.34,15.0,3.76,14.0,0.2,0.4,0.4,-5.39,-2.44,0.0,-2.63,15.0,3.04,14.0,0.2,0.4,0.4,1008.2,1009.55,1011.06,1009.49,16.0,2.01,16.0,0.2,0.4,0.5,3.0,6.5,8.0,5.6,16.0,2.7,16.0,0.2,0.4,0.5,-51.4,-10.3,0.0,-15.2,15.0,30.8,14.0,0.2,0.4,0.4,-39.0,-13.1,0.0,-20.1,15.0,26.7,14.0,0.2,0.4,0.4,0.8,1.3,2.62,1.66,16.0,1.16,16.0,0.2,0.4,0.5,0.8,8.0,18.7,9.2,15.0,8.1,14.0,0.2,0.4,0.4,5.62,6.85,8.32,6.87,11.0,1.71,16.0,0.2,0.5,0.4,8.4,24.8,57.3,31.4,11.0,22.8,16.0,0.2,0.5,0.4,-170.9,-51.9,0.0,-61.7,15.0,100.8,14.0,0.2,0.4,0.4,-138.0,-64.5,0.0,-70.2,15.0,82.2,14.0,0.2,0.4,0.4,-87.9,-23.8,0.0,-31.2,11.0,56.7,16.0,0.2,0.5,0.4,-97.2,-36.0,0.0,-44.3,11.0,60.1,16.0,0.2,0.5,0.4,-40.2,-9.9,0.0,-15.0,11.0,24.1,16.0,0.2,0.5,0.4,-34.6,-19.0,0.0,-17.2,11.0,21.3,16.0,0.2,0.5,0.4,11.0,97.5,499.5,264.5,15.0,325.0,14.0,0.2,0.4,0.4,10.0,95.0,500.0,265.0,15.0,325.0,14.0,0.2,0.4,0.4
1974,2,43.0,-14.0,28.0,28.45,29.33,28.6,8.0,0.78,14.0,0.5,0.4,0.6,26.11,28.2,28.39,27.56,8.0,1.45,14.0,0.5,0.5,0.5,17.57,19.55,20.58,19.3,6.0,2.15,16.0,0.7,0.5,0.5,80.0,82.8,88.8,83.6,6.0,6.0,16.0,0.7,0.5,1.0,2.55,4.88,2.63,8.0,2.02,14.0,0.5,0.5,0.6,-1.46,0.0,0.94,-0.28,8.0,1.47,14.0,0.5,0.5,0.6,-4.71,-0.84,0.57,-1.41,8.0,2.72,14.0,0.5,0.5,0.6,1008.57,1009.8,1013.68,1010.86,9.0,2.51,14.0,0.6,0.5,0.6,0.5,3.0,6.5,3.7,9.0,2.8,14.0,0.6,0.5,0.6,-4.4,0.0,2.9,-1.8,8.0,6.4,14.0,0.5,0.5,0.6,-24.1,-1.2,0.6,-7.1,8.0,13.2,14.0,0.5,0.5,0.6,-0.18,1.0,3.41,1.2,7.0,1.89,12.0,0.4,0.5,0.6,-1.8,1.9,12.6,4.3,6.0,10.0,12.0,0.3,0.4,0.6,3.45,6.39,7.31,5.45,5.0,2.93,18.0,0.6,0.4,0.5,5.0,13.2,34.8,19.6,4.0,20.5,16.0,0.5,0.3,0.5,-24.1,0.0,28.7,-2.1,7.0,38.4,12.0,0.4,0.5,0.6,-124.7,-28.3,0.9,-53.9,7.0,64.0,12.0,0.4,0.5,0.6,-25.5,0.0,7.5,-7.9,5.0,24.6,16.0,0.6,0.4,0.5,-92.5,-56.2,-8.5,-51.8,5.0,49.5,16.0,0.6,0.4,0.5,-12.7,0.0,3.5,-4.4,4.0,13.6,16.0,0.5,0.3,0.5,-30.8,-12.6,-5.0,-17.7,4.0,17.4,16.0,0.5,0.3,0.5,1.0,19.0,121.0,48.5,8.0,70.5,14.0,0.5,0.5,0.6,0.0,20.0,120.0,50.0,8.0,70.0,14.0,0.5,0.5,0.6
1974,2,43.0,-13.0,27.87,29.0,30.0,28.94,18.0,1.18,14.0,0.5,0.3,0.5,27.45,28.0,29.46,28.38,17.0,1.12,14.0,0.5,0.3,0.5,17.26,18.35,22.38,19.31,10.0,2.48,12.0,0.3,0.4,0.7,67.8,80.3,90.4,80.0,10.0,11.4,12.0,0.3,0.7,0.0,3.35,6.65,3.54,18.0,3.1,14.0,0.5,0.3,0.5,-1.33,0.0,2.65,0.33,18.0,2.06,14.0,0.5,0.3,0.5,-5.89,-2.65,0.0,-2.95,18.0,3.05,14.0,0.5,0.3,0.5,1008.27,1009.2,1011.58,1009.56,18.0,1.76,14.0,0.5,0.3,0.5,1.7,4.0,6.3,4.0,18.0,2.6,14.0,0.5,0.3,0.5,-4.1,0.0,12.8,2.0,18.0,12.5,14.0,0.5,0.3,0.5,-40.8,-9.4,0.0,-19.1,18.0,27.1,14.0,0.5,0.3,0.5,-0.74,0.5,2.23,0.6,17.0,1.62,14.0,0.5,0.3,0.5,0.0,0.0,4.3,0.1,17.0,8.1,14.0,0.5,0.3,0.5,1.74,7.38,9.15,6.04,10.0,3.33,12.0,0.3,0.4,0.7,0.0,6.0,28.9,13.6,10.0,18.7,12.0,0.3,0.4,0.7,-24.7,0.0,72.7,13.1,17.0,56.6,14.0,0.5,0.3,0.5,-173.9,-70.9,0.0,-83.8,17.0,90.0,14.0,0.5,0.3,0.5,-3.7,0.0,58.4,20.9,10.0,39.1,12.0,0.3,0.4,0.7,-91.1,-20.1,0.0,-38.1,10.0,51.3,12.0,0.3,0.4,0.7,-0.9,0.0,8.4,3.4,10.0,8.7,12.0,0.3,0.4,0.7,-22.9,-1.8,0.0,-11.0,10.0,18.2,12.0,0.3,0.4,0.7,0.0,38.0,304.0,153.5,18.0,265.0,14.0,0.5,0.3,0.5,0.0,40.0,305.0,155.0,18.0,265.0,14.0,0.5,0.3,0.5
1974,2,43.0,-12.0,28.0,28.9,30.19,29.0,20.0,1.03,16.0,0.6,0.5,0.5,26.96,28.0,28.71,27.85,19.0,1.27,16.0,0.5,0.5,0.5,17.87,18.67,20.28,19.03,13.0,1.2,16.0,0.5,0.4,0.4,76.4,78.8,85.2,80.1,13.0,6.4,16.0,0.5,0.4,0.02,3.1,7.17,3.7,20.0,3.2,16.0,0.6,0.5,0.5,-1.55,0.0,2.04,0.46,20.0,2.47,16.0,0.6,0.5,0.5,-7.06,-2.35,0.0,-3.03,20.0,2.95,16.0,0.6,0.5,0.5,1007.5,1009.5,1012.1,1009.75,20.0,2.26,16.0,0.6,0.5,0.5,2.0,4.0,6.0,4.1,20.0,2.3,16.0,0.6,0.5,0.5,-4.8,0.0,11.6,5.1,20.0,22.4,16.0,0.6,0.5,0.5,-50.7,-8.4,0.0,-19.8,20.0,29.7,16.0,0.6,0.5,0.5,-0.5,0.9,2.9,1.08,19.0,1.77,16.0,0.5,0.5,0.5,-0.2,0.8,12.8,4.1,19.0,9.2,16.0,0.5,0.5,0.5,4.55,6.16,6.95,5.92,13.0,1.22,16.0,0.5,0.4,0.4,0.0,10.7,28.5,13.7,13.0,12.3,16.0,0.5,0.4,0.4,-45.4,0.0,64.7,12.5,19.0,71.0,16.0,0.5,0.5,0.5,-200.3,-64.4,0.0,-84.1,19.0,84.6,16.0,0.5,0.5,0.5,-25.5,0.0,24.7,-4.9,13.0,26.0,16.0,0.5,0.4,0.4,-69.3,-34.9,0.0,-37.9,13.0,44.6,16.0,0.5,0.4,0.4,-9.3,0.0,5.8,-1.9,13.0,9.0,16.0,0.5,0.4,0.4,-23.9,-10.1,0.0,-11.0,13.0,11.7,16.0,0.5,0.4,0.4,0.0,30.0,369.5,187.0,20.0,402.0,16.0,0.6,0.5,0.5,0.0,30.0,370.0,185.0,20.0,400.0,16.0,0.6,0.5,0.5
1974,2,43.0,-11.0,28.12,28.85,29.44,28.77,30.0,0.78,16.0,0.5,0.4,0.5,27.2,27.9,29.5,28.37,32.0,1.34,16.0,0.5,0.4,0.5,17.69,18.64,19.9,18.74,21.0,1.32,16.0,0.5,0.5,0.6,71.6,78.4,84.7,78.5,21.0,7.9,16.0,0.5,0.6,1.6,3.1,4.76,3.27,30.0,1.92,16.0,0.5,0.4,0.5,-2.34,0.0,0.98,-0.26,30.0,1.92,16.0,0.5,0.4,0.5,-4.19,-2.58,-0.87,-2.62,30.0,1.97,16.0,0.5,0.4,0.5,1008.2,1010.8,1011.82,1010.57,31.0,1.83,16.0,0.5,0.4,0.6,2.0,4.0,6.2,4.1,31.0,2.1,16.0,0.5,0.4,0.6,-7.7,0.0,2.7,-0.4,30.0,9.8,16.0,0.5,0.4,0.5,-18.7,-7.5,-1.0,-11.7,30.0,14.8,16.0,0.5,0.4,0.5,-0.89,0.6,1.91,0.48,29.0,1.49,16.0,0.5,0.4,0.5,-2.7,0.9,5.2,0.8,26.0,7.5,16.0,0.5,0.4,0.5,4.39,6.06,7.7,6.18,21.0,1.55,16.0,0.5,0.5,0.6,12.6,19.2,28.6,19.8,19.0,11.3,16.0,0.5,0.5,0.6,-65.0,0.0,32.8,-5.5,29.0,54.4,16.0,0.5,0.4,0.5,-124.5,-70.4,-23.9,-74.5,29.0,59.1,16.0,0.5,0.4,0.5,-42.6,0.0,30.6,-2.2,19.0,36.3,16.0,0.5,0.5,0.6,-82.9,-46.6,-31.4,-57.1,19.0,38.9,16.0,0.5,0.5,0.6,-13.0,0.0,12.8,-0.1,19.0,11.1,16.0,0.5,0.5,0.6,-25.3,-15.3,-11.4,-17.2,19.0,10.4,16.0,0.5,0.5,0.6,5.0,30.0,108.5,73.5,30.0,131.5,16.0,0.5,0.4,0.5,5.0,30.0,110.0,75.0,30.0,130.0,16.0,0.5,0.4,0.5
1974,2,43.0,-10.0,28.19,28.75,29.31,28.87,10.0,0.81,16.0,0.5,0.6,0.5,27.74,28.2,29.8,28.51,10.0,1.38,16.0,0.5,0.6,0.5,17.39,18.43,19.12,18.27,10.0,0.9,16.0,0.5,0.6,0.5,70.1,73.7,78.4,75.1,10.0,6.0,16.0,0.5,0.5,2.23,4.1,6.27,3.89,9.0,2.16,16.0,0.6,0.6,0.5,-2.1,0.0,2.07,0.0,9.0,2.42,16.0,0.6,0.6,0.5,-4.94,-3.85,-1.83,-3.34,9.0,1.82,16.0,0.6,0.6,0.5,1008.89,1009.8,1011.76,1010.13,10.0,1.51,16.0,0.5,0.6,0.5,2.0,3.0,5.0,3.4,10.0,1.7,16.0,0.5,0.6,0.5,-10.3,0.0,7.6,-0.9,9.0,14.2,16.0,0.6,0.6,0.5,-31.2,-15.8,-4.2,-16.4,9.0,13.5,16.0,0.6,0.6,0.5,-0.09,0.35,1.0,0.36,10.0,0.87,16.0,0.5,0.6,0.5,0.3,1.4,6.0,2.8,9.0,3.3,16.0,0.6,0.6,0.5,5.49,6.33,8.24,6.74,10.0,1.4,16.0,0.5,0.6,0.5,18.9,24.4,37.9,26.6,9.0,15.1,16.0,0.6,0.6,0.5,-55.9,0.0,59.3,0.8,9.0,67.9,16.0,0.6,0.6,0.5,-137.0,-107.9,-55.6,-93.7,9.0,50.0,16.0,0.6,0.6,0.5,-39.6,0.0,37.7,0.7,9.0,43.7,16.0,0.6,0.6,0.5,-87.7,-67.2,-34.4,-60.4,9.0,33.0,16.0,0.6,0.6,0.5,-11.1,0.0,14.5,-0.6,9.0,16.9,16.0,0.6,0.6,0.5,-33.9,-21.5,-15.0,-22.7,9.0,12.3,16.0,0.6,0.6,0.5,11.5,69.0,255.5,105.0,9.0,118.0,16.0,0.6,0.6,0.5,10.0,70.0,255.0,105.0,9.0,120.0,16.0,0.6,0.6,0.5
1974,2,43.0,-9.0,29.3,29.5,29.7,29.5,2.0,0.42,12.0,0.5,0.6,0.5,28.53,28.8,29.07,28.8,2.0,0.57,12.0,0.5,0.6,0.5,17.15,17.81,18.47,17.81,2.0,1.37,12.0,0.5,0.6,0.5,68.2,72.0,75.8,72.0,2.0,7.9,12.0,0.5,0.5,3.25,4.65,6.05,4.65,2.0,2.9,12.0,0.5,0.6,0.5,-2.5,-0.68,1.14,-0.68,2.0,3.78,12.0,0.5,0.6,0.5,-5.15,-3.74,-2.33,-3.74,2.0,2.92,12.0,0.5,0.6,0.5,1009.16,1009.5,1009.84,1009.5,2.0,0.71,12.0,0.5,0.6,0.5,0.5,1.5,2.5,1.5,2.0,2.1,12.0,0.5,0.6,0.5,-18.1,-8.6,0.8,-8.6,2.0,19.5,12.0,0.5,0.6,0.5,-33.4,-21.6,-9.8,-21.6,2.0,24.4,12.0,0.5,0.6,0.5,0.22,0.7,1.18,0.7,2.0,0.99,12.0,0.5,0.6,0.5,0.6,1.8,3.1,1.8,2.0,2.6,12.0,0.5,0.6,0.5,7.77,8.13,8.49,8.13,2.0,0.75,12.0,0.5,0.6,0.5,25.8,38.9,52.0,38.9,2.0,27.0,12.0,0.5,0.6,0.5,-73.3,-20.6,32.1,-20.6,2.0,109.2,12.0,0.5,0.6,0.5,-150.1,-108.4,-66.8,-108.4,2.0,86.2,12.0,0.5,0.6,0.5,-41.5,-9.5,22.5,-9.5,2.0,66.3,12.0,0.5,0.6,0.5,-87.2,-64.6,-41.9,-64.6,2.0,46.9,12.0,0.5,0.6,0.5,-22.0,-6.9,8.1,-6.9,2.0,31.2,12.0,0.5,0.6,0.5,-44.3,-31.5,-18.7,-31.5,2.0,26.5,12.0,0.5,0.6,0.5,62.5,159.0,256.0,159.0,2.0,200.0,12.0,0.5,0.6,0.5,65.0,160.0,255.0,160.0,2.0,200.0,12.0,0.5,0.6,0.5
1974,2,43.0,-8.0,,,,,,,,,,,,,,,,,,,,,,,,,,,,,,,,,,,,,,,,4.1,4.1,4.1,4.1,1.0,0.0,24.0,1.0,0.9,0.5,-3.85,-3.85,-3.85,-3.85,1.0,0.0,24.0,1.0,0.9,0.5,1.4,1.4,1.4,1.4,1.0,0.0,24.0,1.0,0.9,0.5,1011.0,1011.0,1011.0,1011.0,1.0,0.0,24.0,1.0,0.9,0.5,,,,,,,,,,,,,,,,,,,,,,,,,,,,,,,,,,,,,,,,,,,,,,,,,,,,,,,,,,,,,,,,,,,,,,,,,,,,,,,,,,,,,,,,,,,,,,,,,,,,,,,,,,,,,,,,,,,,,,,,,,,,,,,,,,,,,,,,,,,,,,,,,,,,,,
1974,2,43.0,-7.0,28.3,28.5,29.52,28.9,3.0,0.96,16.0,0.7,0.6,0.7,28.0,28.0,29.02,28.5,3.0,0.87,16.0,0.7,0.6,0.7,18.6,18.61,18.62,18.61,2.0,0.02,14.0,0.5,0.4,0.6,73.3,75.4,77.5,75.4,2.0,4.3,14.0,0.5,0.6,2.76,3.1,5.9,4.3,3.0,2.52,16.0,0.7,0.6,0.7,-4.59,-1.06,-0.94,-2.73,3.0,3.04,16.0,0.7,0.6,0.7,-3.38,-2.91,-2.59,-2.99,3.0,0.58,16.0,0.7,0.6,0.7,1008.55,1010.6,1011.62,1010.1,3.0,2.29,16.0,0.7,0.6,0.7,2.0,2.0,3.4,2.7,3.0,1.2,16.0,0.7,0.6,0.7,-31.7,-3.3,-2.6,-16.8,3.0,24.3,16.0,0.7,0.6,0.7,-20.6,-9.0,-7.2,-13.8,3.0,10.6,16.0,0.7,0.6,0.7,-0.62,0.2,1.43,0.4,3.0,1.51,16.0,0.7,0.6,0.7,-2.0,0.5,10.0,3.9,3.0,9.2,16.0,0.7,0.6,0.7,5.52,5.62,5.72,5.62,2.0,0.21,14.0,0.5,0.4,0.6,14.8,16.1,17.3,16.1,2.0,2.6,14.0,0.5,0.4,0.6,-129.1,-31.3,-26.9,-76.9,3.0,84.6,16.0,0.7,0.6,0.7,-96.1,-85.9,-74.0,-85.0,3.0,16.2,16.0,0.7,0.6,0.7,-19.2,-18.1,-17.0,-18.1,2.0,2.3,14.0,0.5,0.4,0.6,-52.9,-49.9,-46.8,-49.9,2.0,6.2,14.0,0.5,0.4,0.6,-5.9,-5.5,-5.1,-5.5,2.0,0.9,14.0,0.5,0.4,0.6,-16.3,-15.1,-13.9,-15.1,2.0,2.4,14.0,0.5,0.4,0.6,21.5,30.0,264.0,140.0,3.0,202.0,16.0,0.7,0.6,0.7,20.0,30.0,265.0,140.0,3.0,200.0,16.0,0.7,0.6,0.7
1974,2,43.0,-6.0,28.6,28.6,28.6,28.6,1.0,0.0,26.0,1.0,0.5,0.6,28.2,28.2,28.2,28.2,1.0,0.0,26.0,1.0,0.5,0.6,17.95,17.95,17.95,17.95,1.0,0.0,26.0,1.0,0.5,0.6,75.2,75.2,75.2,75.2,1.0,0.0,26.0,1.0,0.6,3.6,3.6,3.6,3.6,1.0,0.0,26.0,1.0,0.5,0.6,-2.76,-2.76,-2.76,-2.76,1.0,0.0,26.0,1.0,0.5,0.6,-2.31,-2.31,-2.31,-2.31,1.0,0.0,26.0,1.0,0.5,0.6,1012.6,1012.6,1012.6,1012.6,1.0,0.0,26.0,1.0,0.5,0.6,2.0,2.0,2.0,2.0,1.0,0.0,26.0,1.0,0.5,0.6,-9.9,-9.9,-9.9,-9.9,1.0,0.0,26.0,1.0,0.5,0.6,-8.3,-8.3,-8.3,-8.3,1.0,0.0,26.0,1.0,0.5,0.6,0.4,0.4,0.4,0.4,1.0,0.0,26.0,1.0,0.5,0.6,1.4,1.4,1.4,1.4,1.0,0.0,26.0,1.0,0.5,0.6,6.58,6.58,6.58,6.58,1.0,0.0,26.0,1.0,0.5,0.6,23.7,23.7,23.7,23.7,1.0,0.0,26.0,1.0,0.5,0.6,-77.8,-77.8,-77.8,-77.8,1.0,0.0,26.0,1.0,0.5,0.6,-65.3,-65.3,-65.3,-65.3,1.0,0.0,26.0,1.0,0.5,0.6,-49.5,-49.5,-49.5,-49.5,1.0,0.0,26.0,1.0,0.5,0.6,-41.5,-41.5,-41.5,-41.5,1.0,0.0,26.0,1.0,0.5,0.6,-18.1,-18.1,-18.1,-18.1,1.0,0.0,26.0,1.0,0.5,0.6,-15.2,-15.2,-15.2,-15.2,1.0,0.0,26.0,1.0,0.5,0.6,46.5,46.5,46.5,46.5,1.0,0.0,26.0,1.0,0.5,0.6,45.0,45.0,45.0,45.0,1.0,0.0,26.0,1.0,0.5,0.6
1974,2,43.0,-5.0,28.5,28.5,28.5,28.5,1.0,0.0,12.0,1.0,0.7,0.4,29.5,29.5,29.5,29.5,1.0,0.0,12.0,1.0,0.7,0.4,18.65,18.65,18.65,18.65,1.0,0.0,12.0,1.0,0.7,0.4,72.3,72.3,72.3,72.3,1.0,0.0,12.0,1.0,0.4,3.6,3.6,3.6,3.6,1.0,0.0,12.0,1.0,0.7,0.4,-1.23,-1.23,-1.23,-1.23,1.0,0.0,12.0,1.0,0.7,0.4,-3.38,-3.38,-3.38,-3.38,1.0,0.0,12.0,1.0,0.7,0.4,1010.8,1010.8,1010.8,1010.8,1.0,0.0,12.0,1.0,0.7,0.4,4.0,4.0,4.0,4.0,1.0,0.0,12.0,1.0,0.7,0.4,-4.4,-4.4,-4.4,-4.4,1.0,0.0,12.0,1.0,0.7,0.4,-12.2,-12.2,-12.2,-12.2,1.0,0.0,12.0,1.0,0.7,0.4,-1.0,-1.0,-1.0,-1.0,1.0,0.0,12.0,1.0,0.7,0.4,-3.6,-3.6,-3.6,-3.6,1.0,0.0,12.0,1.0,0.7,0.4,5.77,5.77,5.77,5.77,1.0,0.0,12.0,1.0,0.7,0.4,20.8,20.8,20.8,20.8,1.0,0.0,12.0,1.0,0.7,0.4,-36.3,-36.3,-36.3,-36.3,1.0,0.0,12.0,1.0,0.7,0.4,-99.8,-99.8,-99.8,-99.8,1.0,0.0,12.0,1.0,0.7,0.4,-23.0,-23.0,-23.0,-23.0,1.0,0.0,12.0,1.0,0.7,0.4,-63.1,-63.1,-63.1,-63.1,1.0,0.0,12.0,1.0,0.7,0.4,-7.1,-7.1,-7.1,-7.1,1.0,0.0,12.0,1.0,0.7,0.4,-19.5,-19.5,-19.5,-19.5,1.0,0.0,12.0,1.0,0.7,0.4,46.5,46.5,46.5,46.5,1.0,0.0,12.0,1.0,0.7,0.4,45.0,45.0,45.0,45.0,1.0,0.0,12.0,1.0,0.7,0.4
1974,2,43.0,-4.0,26.08,26.9,27.65,26.87,3.0,1.15,10.0,1.0,0.4,0.8,26.98,28.0,28.0,27.5,3.0,0.87,10.0,1.0,0.4,0.8,17.47,18.11,18.43,17.95,3.0,0.72,10.0,1.0,0.4,0.8,77.2,78.4,78.9,78.1,3.0,1.3,10.0,1.0,0.8,4.24,6.7,7.38,5.83,3.0,2.42,10.0,1.0,0.4,0.8,-4.75,-4.31,-2.99,-3.88,3.0,1.34,10.0,1.0,0.4,0.8,-5.66,-5.13,-2.99,-4.34,3.0,2.07,10.0,1.0,0.4,0.8,1008.16,1008.5,1009.59,1008.87,3.0,1.1,10.0,1.0,0.4,0.8,1.3,2.0,2.7,2.0,3.0,1.0,10.0,1.0,0.4,0.8,-35.2,-28.9,-14.2,-24.8,3.0,15.8,10.0,1.0,0.4,0.8,-41.9,-34.4,-15.1,-28.7,3.0,20.2,10.0,1.0,0.4,0.8,-1.0,-0.8,-0.25,-0.63,3.0,0.57,10.0,1.0,0.4,0.8,-5.3,-3.4,-1.1,-3.2,3.0,3.1,10.0,1.0,0.4,0.8,3.74,4.12,4.85,4.29,3.0,0.83,10.0,1.0,0.4,0.8,17.4,27.4,32.4,25.0,3.0,11.2,10.0,1.0,0.4,0.8,-127.8,-120.6,-83.7,-106.1,3.0,34.7,10.0,1.0,0.4,0.8,-152.3,-143.7,-83.7,-118.6,3.0,54.8,10.0,1.0,0.4,0.8,-83.4,-80.0,-54.8,-69.3,3.0,22.9,10.0,1.0,0.4,0.8,-99.4,-95.4,-54.9,-77.6,3.0,36.1,10.0,1.0,0.4,0.8,-20.8,-17.6,-12.3,-16.6,3.0,6.3,10.0,1.0,0.4,0.8,-24.8,-21.0,-12.3,-18.6,3.0,9.4,10.0,1.0,0.4,0.8,116.0,301.0,407.0,262.5,3.0,216.0,10.0,1.0,0.4,0.8,115.0,300.0,405.0,260.0,3.0,215.0,10.0,1.0,0.4,0.8
1974,2,43.0,-3.0,25.79,26.0,26.27,26.02,5.0,0.3,12.0,0.4,0.5,0.6,26.13,26.2,26.66,26.38,5.0,0.43,12.0,0.4,0.5,0.6,16.64,17.46,18.49,17.49,5.0,1.26,12.0,0.4,0.5,0.6,78.4,82.0,84.3,81.4,5.0,5.2,12.0,0.4,0.6,4.1,4.6,6.75,5.34,5.0,1.58,12.0,0.4,0.5,0.6,-4.6,-3.52,-3.13,-3.9,5.0,1.16,12.0,0.4,0.5,0.6,-5.1,-2.96,-2.19,-3.46,5.0,1.66,12.0,0.4,0.5,0.6,1009.82,1010.1,1012.36,1010.9,5.0,1.45,12.0,0.4,0.5,0.6,0.6,1.0,3.8,2.2,5.0,2.8,12.0,0.4,0.5,0.6,-28.8,-16.2,-14.7,-21.9,5.0,13.3,12.0,0.4,0.5,0.6,-35.1,-13.6,-9.0,-20.3,5.0,14.4,12.0,0.4,0.5,0.6,-0.64,-0.4,-0.06,-0.36,5.0,0.3,12.0,0.4,0.5,0.6,-3.5,-1.6,-0.3,-1.9,5.0,1.9,12.0,0.4,0.5,0.6,2.72,3.36,4.43,3.58,5.0,1.33,12.0,0.4,0.5,0.6,11.8,17.0,28.1,19.7,5.0,10.4,12.0,0.4,0.5,0.6,-121.0,-91.6,-83.7,-102.8,5.0,29.9,12.0,0.4,0.5,0.6,-133.7,-76.9,-58.9,-91.1,5.0,43.2,12.0,0.4,0.5,0.6,-84.0,-60.8,-54.0,-68.5,5.0,21.2,12.0,0.4,0.5,0.6,-84.7,-51.0,-40.2,-59.1,5.0,25.5,12.0,0.4,0.5,0.6,-17.9,-13.0,-9.6,-13.5,5.0,4.5,12.0,0.4,0.5,0.6,-20.9,-10.9,-6.7,-13.7,5.0,10.4,12.0,0.4,0.5,0.6,69.0,97.5,318.0,186.0,5.0,166.5,12.0,0.4,0.5,0.6,70.0,95.0,320.0,185.0,5.0,165.0,12.0,0.4,0.5,0.6
1974,2,43.0,-2.0,26.23,26.85,27.52,26.88,4.0,0.91,12.0,0.5,0.4,0.6,25.9,26.25,26.6,26.25,4.0,0.42,12.0,0.5,0.4,0.6,15.9,16.26,16.71,16.3,4.0,0.5,12.0,0.5,0.4,0.6,75.8,76.2,77.3,76.5,4.0,1.2,12.0,0.5,0.6,6.44,6.7,9.11,7.73,4.0,2.39,12.0,0.5,0.4,0.6,-7.68,-5.87,-4.93,-6.28,4.0,1.77,12.0,0.5,0.4,0.6,-5.86,-4.15,-1.29,-3.6,4.0,3.5,12.0,0.5,0.4,0.6,1009.71,1011.25,1012.1,1010.93,4.0,1.49,12.0,0.5,0.4,0.6,2.5,3.5,5.6,4.0,4.0,2.2,12.0,0.5,0.4,0.6,-72.3,-39.3,-31.8,-51.5,4.0,31.5,12.0,0.5,0.4,0.6,-56.7,-26.8,-7.7,-32.0,4.0,37.2,12.0,0.5,0.4,0.6,0.0,0.25,1.29,0.63,4.0,0.95,12.0,0.5,0.4,0.6,0.0,1.6,13.3,6.4,4.0,10.9,12.0,0.5,0.4,0.6,5.2,5.44,6.64,5.9,4.0,1.24,12.0,0.5,0.4,0.6,33.5,35.1,63.1,47.7,4.0,26.4,12.0,0.5,0.4,0.6,-199.0,-153.6,-131.2,-164.5,4.0,44.5,12.0,0.5,0.4,0.6,-153.7,-110.3,-34.6,-94.9,4.0,91.2,12.0,0.5,0.4,0.6,-122.3,-94.4,-82.4,-102.0,4.0,26.6,12.0,0.5,0.4,0.6,-94.8,-69.2,-22.5,-59.1,4.0,56.3,12.0,0.5,0.4,0.6,-50.7,-30.4,-26.8,-38.4,4.0,19.2,12.0,0.5,0.4,0.6,-40.6,-22.5,-7.3,-23.9,4.0,25.3,12.0,0.5,0.4,0.6,268.0,301.0,899.0,570.5,4.0,582.0,12.0,0.5,0.4,0.6,270.0,300.0,900.0,570.0,4.0,580.0,12.0,0.5,0.4,0.6
1974,2,43.0,-1.0,25.95,26.5,27.94,26.93,4.0,1.35,14.0,0.5,0.5,0.5,25.74,26.8,28.07,26.9,4.0,1.36,14.0,0.5,0.5,0.5,16.35,17.09,17.35,16.86,4.0,0.79,14.0,0.5,0.5,0.5,70.0,77.3,82.5,76.3,4.0,7.4,14.0,0.5,0.5,3.84,4.35,6.75,5.25,4.0,2.34,14.0,0.5,0.5,0.5,-6.24,-3.33,-0.28,-3.26,4.0,4.5,14.0,0.5,0.5,0.5,-2.86,-2.7,-1.25,-2.09,4.0,1.4,14.0,0.5,0.5,0.5,1009.7,1009.9,1010.47,1010.08,4.0,0.57,14.0,0.5,0.5,0.5,0.5,1.0,1.5,1.0,4.0,0.8,14.0,0.5,0.5,0.5,-47.4,-14.5,-1.8,-24.1,4.0,36.1,14.0,0.5,0.5,0.5,-12.3,-10.4,-4.7,-8.6,4.0,5.9,14.0,0.5,0.5,0.5,-0.32,0.2,0.35,0.03,4.0,0.5,14.0,0.5,0.5,0.5,-1.3,1.0,2.1,0.4,4.0,2.4,14.0,0.5,0.5,0.5,3.92,5.29,7.0,5.45,4.0,1.79,14.0,0.5,0.5,0.5,22.0,26.8,30.8,26.4,4.0,6.5,14.0,0.5,0.5,0.5,-160.1,-89.1,-7.0,-83.8,4.0,117.9,14.0,0.5,0.5,0.5,-77.5,-74.8,-34.8,-57.0,4.0,38.0,14.0,0.5,0.5,0.5,-106.4,-54.9,-2.2,-54.4,4.0,77.2,14.0,0.5,0.5,0.5,-49.6,-44.9,-19.7,-35.1,4.0,23.7,14.0,0.5,0.5,0.5,-27.8,-17.4,2.3,-13.0,4.0,21.6,14.0,0.5,0.5,0.5,-18.9,-14.6,-5.5,-12.3,4.0,9.0,14.0,0.5,0.5,0.5,57.5,83.0,391.5,218.0,4.0,294.5,14.0,0.5,0.5,0.5,55.0,85.0,390.0,220.0,4.0,295.0,14.0,0.5,0.5,0.5
1974,2,43.0,0.0,,,,,,,,,,,,,,,,,,,,,,,,,,,,,,,,,,,,,,,,6.0,7.5,9.57,7.78,4.0,2.46,14.0,0.8,0.6,0.5,-8.29,-6.75,-5.64,-6.96,4.0,1.95,14.0,0.8,0.6,0.5,-4.79,-3.2,-2.05,-3.41,4.0,1.69,14.0,0.8,0.6,0.5,1006.7,1006.7,1006.7,1006.7,1.0,0.0,12.0,0.0,0.6,0.5,,,,,,,,,,,,,,,,,,,,,,,,,,,,,,,,,,,,,,,,,,,,,,,,,,,,,,,,,,,,,,,,,,,,,,,,,,,,,,,,,,,,,,,,,,,,,,,,,,,,,,,,,,,,,,,,,,,,,,,,,,,,,,,,,,,,,,,,,,,,,,,,,,,,,,
1974,2,43.0,11.0,23.9,23.9,23.9,23.9,2.0,0.0,14.0,0.5,0.5,0.8,25.49,26.55,27.61,26.55,2.0,2.19,14.0,0.5,0.5,0.8,16.64,17.0,17.35,17.0,2.0,0.73,14.0,0.5,0.5,0.8,72.5,79.1,85.6,79.1,2.0,13.6,14.0,0.5,0.8,4.35,4.9,5.45,4.9,2.0,1.13,14.0,0.5,0.5,0.8,-4.72,-4.24,-3.77,-4.24,2.0,0.98,14.0,0.5,0.5,0.8,2.18,2.45,2.72,2.45,2.0,0.57,14.0,0.5,0.5,0.8,1012.31,1012.55,1012.79,1012.55,2.0,0.5,14.0,0.5,0.5,0.8,4.0,4.0,4.0,4.0,2.0,0.0,14.0,0.5,0.5,0.8,-26.0,-21.3,-16.7,-21.3,2.0,9.6,14.0,0.5,0.5,0.8,9.6,12.3,15.0,12.3,2.0,5.5,14.0,0.5,0.5,0.8,-3.71,-2.65,-1.59,-2.65,2.0,2.19,14.0,0.5,0.5,0.8,-20.9,-14.2,-7.6,-14.2,2.0,13.7,14.0,0.5,0.5,0.8,1.16,1.51,1.87,1.51,2.0,0.74,14.0,0.5,0.5,0.8,5.3,7.8,10.4,7.8,2.0,5.3,14.0,0.5,0.5,0.8,-130.8,-113.7,-96.7,-113.7,2.0,35.3,14.0,0.5,0.5,0.8,55.8,65.7,75.5,65.7,2.0,20.4,14.0,0.5,0.5,0.8,-78.3,-71.8,-65.2,-71.8,2.0,13.6,14.0,0.5,0.5,0.8,37.7,41.4,45.2,41.4,2.0,7.8,14.0,0.5,0.5,0.8,-9.0,-6.8,-4.5,-6.8,2.0,4.6,14.0,0.5,0.5,0.8,2.6,3.9,5.2,3.9,2.0,2.7,14.0,0.5,0.5,0.8,87.5,127.0,166.5,127.0,2.0,82.0,14.0,0.5,0.5,0.8,85.0,125.0,165.0,125.0,2.0,80.0,14.0,0.5,0.5,0.8
1974,2,43.0,12.0,25.0,25.7,27.27,25.86,8.0,1.25,14.0,0.5,0.6,0.5,24.62,25.5,25.6,25.18,8.0,0.68,14.0,0.5,0.6,0.5,14.31,16.47,16.97,15.85,5.0,1.58,14.0,0.6,0.6,0.5,74.2,80.5,82.9,79.1,5.0,5.7,14.0,0.6,0.5,2.34,7.0,8.14,5.78,8.0,2.83,14.0,0.5,0.6,0.5,-7.09,-6.45,-1.7,-4.99,8.0,2.97,14.0,0.5,0.6,0.5,0.0,1.21,4.1,1.84,8.0,2.24,14.0,0.5,0.6,0.5,1011.66,1013.15,1014.09,1013.01,8.0,1.33,14.0,0.5,0.6,0.5,0.0,1.0,5.9,2.6,8.0,3.2,14.0,0.5,0.6,0.5,-57.2,-47.2,-5.1,-35.9,8.0,23.8,14.0,0.5,0.6,0.5,0.0,3.8,33.6,14.0,8.0,17.6,14.0,0.5,0.6,0.5,-0.16,0.5,1.63,0.69,8.0,1.48,14.0,0.5,0.6,0.5,-0.8,1.3,11.9,4.1,8.0,12.1,14.0,0.5,0.6,0.5,2.28,6.25,7.31,5.19,5.0,2.89,14.0,0.6,0.6,0.5,12.7,16.7,56.9,32.4,5.0,26.7,14.0,0.6,0.6,0.5,-173.4,-160.4,-43.3,-124.6,8.0,73.7,14.0,0.5,0.6,0.5,0.0,30.8,104.2,46.1,8.0,56.3,14.0,0.5,0.6,0.5,-105.5,-97.3,-63.6,-84.3,5.0,38.0,14.0,0.6,0.6,0.5,19.9,57.1,72.7,48.9,5.0,28.7,14.0,0.6,0.6,0.5,-46.2,-14.4,-10.7,-26.8,5.0,22.8,14.0,0.6,0.6,0.5,6.1,9.9,32.8,17.5,5.0,15.0,14.0,0.6,0.6,0.5,22.0,343.0,541.0,298.5,8.0,226.0,14.0,0.5,0.6,0.5,20.0,345.0,540.0,300.0,8.0,225.0,14.0,0.5,0.6,0.5
1974,2,43.0,13.0,26.14,27.3,27.3,26.73,3.0,0.98,8.0,0.3,0.1,0.6,23.3,23.3,23.3,23.3,2.0,0.0,12.0,0.5,0.1,0.6,15.15,15.3,15.45,15.3,2.0,0.31,12.0,0.5,0.1,0.6,85.1,85.9,86.6,85.9,2.0,1.5,12.0,0.5,0.6,,,,,,,,,,,,,,,,,,,,,,,,,,,,,,,,,,,,,,,,,,,,,,,,,,,,,,,,,,,,,,,,,,,,,,,,,,,,,,,,,,,,,,,,,,,,,,,,,,,,,,,,,,,,,,,,,,,,,,,,,,,,,,,,,,,,,,,,,,,,,,,,,,,,,,,,,,,,,,,,,,,,,,,,,,,,,,,,,,,,,,,,,,,,,,
1974,2,43.0,71.0,1.39,2.0,2.82,2.1,3.0,1.05,6.0,0.7,0.2,0.3,-11.19,-6.6,-5.7,-8.34,5.0,4.0,8.0,0.6,0.2,0.5,1.78,1.89,1.99,1.89,2.0,0.22,2.0,0.5,0.3,0.3,74.7,80.3,85.8,80.3,2.0,11.5,2.0,0.5,0.3,10.59,11.55,18.0,13.28,6.0,3.74,8.0,0.7,0.3,0.5,-12.1,-8.56,-6.78,-9.76,6.0,4.22,8.0,0.7,0.3,0.5,2.87,5.81,10.97,7.16,6.0,5.66,8.0,0.7,0.3,0.5,1011.11,1016.65,1026.38,1019.03,6.0,10.12,10.0,0.8,0.2,0.5,7.5,8.0,8.0,7.8,4.0,0.5,4.0,0.8,0.3,0.4,-157.0,-104.0,-87.1,-134.5,6.0,91.5,8.0,0.7,0.3,0.5,30.2,72.8,154.8,103.2,6.0,104.8,8.0,0.7,0.3,0.5,7.76,7.9,8.04,7.9,2.0,0.28,2.0,0.5,0.3,0.3,85.8,91.4,97.0,91.4,2.0,11.6,2.0,0.5,0.3,0.3,2.15,2.35,2.55,2.35,2.0,0.42,2.0,0.5,0.3,0.3,23.8,27.4,30.9,27.4,2.0,7.3,2.0,0.5,0.3,0.3,47.0,50.7,73.7,59.9,4.0,21.9,8.0,0.8,0.2,0.4,-160.3,-56.0,-30.9,-93.8,4.0,108.9,8.0,0.8,0.2,0.4,-14.1,-13.9,-13.8,-13.9,2.0,0.3,2.0,0.5,0.3,0.3,16.4,16.6,16.8,16.6,2.0,0.4,2.0,0.5,0.3,0.3,-19.9,-17.6,-15.3,-17.6,2.0,4.7,2.0,0.5,0.3,0.3,18.3,21.0,23.7,21.0,2.0,5.6,2.0,0.5,0.3,0.3,1194.0,1560.5,5832.0,2831.0,6.0,2343.5,8.0,0.7,0.3,0.5,1195.0,1560.0,5830.0,2830.0,6.0,2345.0,8.0,0.7,0.3,0.5
1974,2,44.0,-68.0,,,,,,,,,,,,,,,,,,,,,,,,,,,,,,,,,,,,,,,,1.79,5.1,10.8,6.42,23.0,5.46,12.0,0.6,0.5,0.6,-10.8,-3.6,0.0,-5.42,23.0,6.26,12.0,0.6,0.5,0.6,-1.07,0.0,1.8,0.16,23.0,1.71,12.0,0.6,0.5,0.6,965.88,975.6,985.85,975.7,23.0,8.42,12.0,0.6,0.5,0.6,,,,,,,,,,,,,,,,,,,,,,,,,,,,,,,,,,,,,,,,,,,,,,,,,,,,,,,,,,,,,,,,,,,,,,,,,,,,,,,,,,,,,,,,,,,,,,,,,,,,,,,,,,,,,,,,,,,,,,,,,,,,,,,,,,,,,,,,,,,,,,,,,,,,,,
1974,2,44.0,-67.0,-1.57,-1.3,-1.03,-1.3,2.0,0.57,14.0,1.0,0.5,0.6,-2.98,-0.8,1.38,-0.8,2.0,4.53,14.0,1.0,0.5,0.6,2.12,2.75,3.39,2.75,2.0,1.32,14.0,1.0,0.5,0.6,65.6,71.2,76.8,71.2,2.0,11.6,14.0,1.0,0.6,7.03,7.1,7.17,7.1,2.0,0.14,14.0,1.0,0.5,0.6,-4.66,0.15,4.96,0.15,2.0,9.97,14.0,1.0,0.5,0.6,0.19,0.61,1.02,0.61,2.0,0.86,14.0,1.0,0.5,0.6,980.25,982.5,984.75,982.5,2.0,4.67,14.0,1.0,0.5,0.6,3.0,5.0,7.0,5.0,2.0,4.2,14.0,1.0,0.5,0.6,-32.4,1.8,36.0,1.8,2.0,70.8,14.0,1.0,0.5,0.6,1.4,4.3,7.2,4.3,2.0,6.0,14.0,1.0,0.5,0.6,-2.41,-0.5,1.41,-0.5,2.0,3.96,14.0,1.0,0.5,0.6,-17.4,-3.8,9.8,-3.8,2.0,28.2,14.0,1.0,0.5,0.6,0.23,0.79,1.35,0.79,2.0,1.16,14.0,1.0,0.5,0.6,1.6,5.5,9.4,5.5,2.0,8.1,14.0,1.0,0.5,0.6,18.9,22.4,25.9,22.4,2.0,7.3,14.0,1.0,0.5,0.6,-4.1,-2.4,-0.8,-2.4,2.0,3.4,14.0,1.0,0.5,0.6,-6.3,7.0,20.3,7.0,2.0,27.6,14.0,1.0,0.5,0.6,0.4,1.1,1.9,1.1,2.0,1.6,14.0,1.0,0.5,0.6,-9.4,-5.6,-1.9,-5.6,2.0,7.7,14.0,1.0,0.5,0.6,0.3,1.0,1.6,1.0,2.0,1.4,14.0,1.0,0.5,0.6,348.0,358.0,368.5,358.0,2.0,21.5,14.0,1.0,0.5,0.6,350.0,360.0,370.0,360.0,2.0,20.0,14.0,1.0,0.5,0.6
1974,2,44.0,-40.0,18.0,18.0,18.0,18.0,1.0,0.0,4.0,0.0,0.0,0.8,18.7,18.7,18.7,18.7,1.0,0.0,4.0,0.0,0.0,0.8,10.86,10.86,10.86,10.86,1.0,0.0,4.0,0.0,0.0,0.8,81.6,81.6,81.6,81.6,1.0,0.0,4.0,0.0,0.8,6.7,6.7,6.7,6.7,1.0,0.0,4.0,0.0,0.0,0.8,-2.29,-2.29,-2.29,-2.29,1.0,0.0,4.0,0.0,0.0,0.8,-6.3,-6.3,-6.3,-6.3,1.0,0.0,4.0,0.0,0.0,0.8,1019.1,1019.1,1019.1,1019.1,1.0,0.0,4.0,0.0,0.0,0.8,8.0,8.0,8.0,8.0,1.0,0.0,4.0,0.0,0.0,0.8,-15.4,-15.4,-15.4,-15.4,1.0,0.0,4.0,0.0,0.0,0.8,-42.2,-42.2,-42.2,-42.2,1.0,0.0,4.0,0.0,0.0,0.8,-0.7,-0.7,-0.7,-0.7,1.0,0.0,4.0,0.0,0.0,0.8,-4.7,-4.7,-4.7,-4.7,1.0,0.0,4.0,0.0,0.0,0.8,1.88,1.88,1.88,1.88,1.0,0.0,4.0,0.0,0.0,0.8,12.6,12.6,12.6,12.6,1.0,0.0,4.0,0.0,0.0,0.8,-42.9,-42.9,-42.9,-42.9,1.0,0.0,4.0,0.0,0.0,0.8,-117.7,-117.7,-117.7,-117.7,1.0,0.0,4.0,0.0,0.0,0.8,-24.9,-24.9,-24.9,-24.9,1.0,0.0,4.0,0.0,0.0,0.8,-68.4,-68.4,-68.4,-68.4,1.0,0.0,4.0,0.0,0.0,0.8,-4.3,-4.3,-4.3,-4.3,1.0,0.0,4.0,0.0,0.0,0.8,-11.9,-11.9,-11.9,-11.9,1.0,0.0,4.0,0.0,0.0,0.8,301.0,301.0,301.0,301.0,1.0,0.0,4.0,0.0,0.0,0.8,300.0,300.0,300.0,300.0,1.0,0.0,4.0,0.0,0.0,0.8
1974,2,44.0,-39.0,19.0,19.0,19.0,19.0,1.0,0.0,10.0,1.0,0.4,0.7,15.2,15.2,15.2,15.2,1.0,0.0,10.0,1.0,0.4,0.7,7.09,7.09,7.09,7.09,1.0,0.0,10.0,1.0,0.4,0.7,66.5,66.5,66.5,66.5,1.0,0.0,10.0,1.0,0.7,8.2,8.2,8.2,8.2,1.0,0.0,10.0,1.0,0.4,0.7,6.28,6.28,6.28,6.28,1.0,0.0,10.0,1.0,0.4,0.7,5.27,5.27,5.27,5.27,1.0,0.0,10.0,1.0,0.4,0.7,1015.3,1015.3,1015.3,1015.3,1.0,0.0,10.0,1.0,0.4,0.7,2.0,2.0,2.0,2.0,1.0,0.0,10.0,1.0,0.4,0.7,51.5,51.5,51.5,51.5,1.0,0.0,10.0,1.0,0.4,0.7,43.2,43.2,43.2,43.2,1.0,0.0,10.0,1.0,0.4,0.7,3.8,3.8,3.8,3.8,1.0,0.0,10.0,1.0,0.4,0.7,31.2,31.2,31.2,31.2,1.0,0.0,10.0,1.0,0.4,0.7,6.54,6.54,6.54,6.54,1.0,0.0,10.0,1.0,0.4,0.7,53.6,53.6,53.6,53.6,1.0,0.0,10.0,1.0,0.4,0.7,95.5,95.5,95.5,95.5,1.0,0.0,10.0,1.0,0.4,0.7,80.1,80.1,80.1,80.1,1.0,0.0,10.0,1.0,0.4,0.7,44.5,44.5,44.5,44.5,1.0,0.0,10.0,1.0,0.4,0.7,37.4,37.4,37.4,37.4,1.0,0.0,10.0,1.0,0.4,0.7,41.1,41.1,41.1,41.1,1.0,0.0,10.0,1.0,0.4,0.7,34.5,34.5,34.5,34.5,1.0,0.0,10.0,1.0,0.4,0.7,551.5,551.5,551.5,551.5,1.0,0.0,10.0,1.0,0.4,0.7,550.0,550.0,550.0,550.0,1.0,0.0,10.0,1.0,0.4,0.7
1974,2,44.0,-37.0,,,,,,,,,,,,,,,,,,,,,,,,,,,,,,,,,,,,,,,,2.0,2.0,2.0,2.0,1.0,0.0,18.0,0.0,0.7,0.1,0.0,0.0,0.0,0.0,1.0,0.0,18.0,0.0,0.7,0.1,-2.0,-2.0,-2.0,-2.0,1.0,0.0,18.0,0.0,0.7,0.1,1007.0,1007.0,1007.0,1007.0,1.0,0.0,18.0,0.0,0.7,0.1,,,,,,,,,,,,,,,,,,,,,,,,,,,,,,,,,,,,,,,,,,,,,,,,,,,,,,,,,,,,,,,,,,,,,,,,,,,,,,,,,,,,,,,,,,,,,,,,,,,,,,,,,,,,,,,,,,,,,,,,,,,,,,,,,,,,,,,,,,,,,,,,,,,,,,
1974,2,44.0,-36.0,23.0,23.0,23.0,23.0,1.0,0.0,14.0,0.0,0.5,0.9,22.0,22.0,22.0,22.0,1.0,0.0,14.0,0.0,0.5,0.9,14.96,14.96,14.96,14.96,1.0,0.0,14.0,0.0,0.5,0.9,91.2,91.2,91.2,91.2,1.0,0.0,14.0,0.0,0.9,11.3,11.3,11.3,11.3,1.0,0.0,14.0,0.0,0.5,0.9,7.26,7.26,7.26,7.26,1.0,0.0,14.0,0.0,0.5,0.9,8.66,8.66,8.66,8.66,1.0,0.0,14.0,0.0,0.5,0.9,1016.0,1016.0,1016.0,1016.0,1.0,0.0,14.0,0.0,0.5,0.9,8.0,8.0,8.0,8.0,1.0,0.0,14.0,0.0,0.5,0.9,82.1,82.1,82.1,82.1,1.0,0.0,14.0,0.0,0.5,0.9,97.8,97.8,97.8,97.8,1.0,0.0,14.0,0.0,0.5,0.9,1.0,1.0,1.0,1.0,1.0,0.0,14.0,0.0,0.5,0.9,11.3,11.3,11.3,11.3,1.0,0.0,14.0,0.0,0.5,0.9,2.5,2.5,2.5,2.5,1.0,0.0,14.0,0.0,0.5,0.9,28.2,28.2,28.2,28.2,1.0,0.0,14.0,0.0,0.5,0.9,159.8,159.8,159.8,159.8,1.0,0.0,14.0,0.0,0.5,0.9,190.4,190.4,190.4,190.4,1.0,0.0,14.0,0.0,0.5,0.9,108.7,108.7,108.7,108.7,1.0,0.0,14.0,0.0,0.5,0.9,129.5,129.5,129.5,129.5,1.0,0.0,14.0,0.0,0.5,0.9,18.1,18.1,18.1,18.1,1.0,0.0,14.0,0.0,0.5,0.9,21.6,21.6,21.6,21.6,1.0,0.0,14.0,0.0,0.5,0.9,1443.0,1443.0,1443.0,1443.0,1.0,0.0,14.0,0.0,0.5,0.9,1445.0,1445.0,1445.0,1445.0,1.0,0.0,14.0,0.0,0.5,0.9
1974,2,44.0,-34.0,24.8,24.8,24.8,24.8,1.0,0.0,8.0,0.0,0.0,0.4,24.8,24.8,24.8,24.8,1.0,0.0,8.0,0.0,0.0,0.4,15.92,15.92,15.92,15.92,1.0,0.0,8.0,0.0,0.0,0.4,81.9,81.9,81.9,81.9,1.0,0.0,8.0,0.0,0.4,8.2,8.2,8.2,8.2,1.0,0.0,8.0,0.0,0.0,0.4,-1.42,-1.42,-1.42,-1.42,1.0,0.0,8.0,0.0,0.0,0.4,-8.08,-8.08,-8.08,-8.08,1.0,0.0,8.0,0.0,0.0,0.4,1015.9,1015.9,1015.9,1015.9,1.0,0.0,8.0,0.0,0.0,0.4,4.0,4.0,4.0,4.0,1.0,0.0,8.0,0.0,0.0,0.4,-11.7,-11.7,-11.7,-11.7,1.0,0.0,8.0,0.0,0.0,0.4,-66.2,-66.2,-66.2,-66.2,1.0,0.0,8.0,0.0,0.0,0.4,0.0,0.0,0.0,0.0,1.0,0.0,8.0,0.0,0.0,0.4,0.0,0.0,0.0,0.0,1.0,0.0,8.0,0.0,0.0,0.4,3.56,3.56,3.56,3.56,1.0,0.0,8.0,0.0,0.0,0.4,29.2,29.2,29.2,29.2,1.0,0.0,8.0,0.0,0.0,0.4,-35.3,-35.3,-35.3,-35.3,1.0,0.0,8.0,0.0,0.0,0.4,-200.3,-200.3,-200.3,-200.3,1.0,0.0,8.0,0.0,0.0,0.4,-22.7,-22.7,-22.7,-22.7,1.0,0.0,8.0,0.0,0.0,0.4,-128.6,-128.6,-128.6,-128.6,1.0,0.0,8.0,0.0,0.0,0.4,-5.1,-5.1,-5.1,-5.1,1.0,0.0,8.0,0.0,0.0,0.4,-28.8,-28.8,-28.8,-28.8,1.0,0.0,8.0,0.0,0.0,0.4,551.5,551.5,551.5,551.5,1.0,0.0,8.0,0.0,0.0,0.4,550.0,550.0,550.0,550.0,1.0,0.0,8.0,0.0,0.0,0.4
1974,2,44.0,-33.0,24.34,24.65,24.96,24.65,2.0,0.64,8.0,1.0,0.8,0.8,25.23,26.15,27.07,26.15,2.0,1.91,8.0,1.0,0.8,0.8,16.73,16.74,16.76,16.74,2.0,0.03,8.0,1.0,0.8,0.8,75.3,79.6,84.0,79.6,2.0,9.0,8.0,1.0,0.8,5.66,9.0,12.34,9.0,2.0,6.93,8.0,1.0,0.8,0.8,-4.42,-3.69,-2.97,-3.69,2.0,1.5,8.0,1.0,0.8,0.8,-0.57,4.96,10.49,4.96,2.0,11.46,8.0,1.0,0.8,0.8,1013.93,1014.85,1015.77,1014.85,2.0,1.91,8.0,1.0,0.8,0.8,5.3,6.0,6.7,6.0,2.0,1.4,8.0,1.0,0.8,0.8,-57.3,-38.4,-19.6,-38.4,2.0,39.1,8.0,1.0,0.8,0.8,18.0,84.3,150.7,84.3,2.0,137.5,8.0,1.0,0.8,0.8,-2.73,-1.5,-0.27,-1.5,2.0,2.55,8.0,1.0,0.8,0.8,-10.7,-4.7,1.4,-4.7,2.0,12.5,8.0,1.0,0.8,0.8,2.23,2.59,2.95,2.59,2.0,0.75,8.0,1.0,0.8,0.8,14.0,25.9,37.8,25.9,2.0,24.7,8.0,1.0,0.8,0.8,-110.7,-95.2,-79.7,-95.2,2.0,32.1,8.0,1.0,0.8,0.8,-21.3,118.8,258.8,118.8,2.0,290.1,8.0,1.0,0.8,0.8,-74.0,-61.9,-49.7,-61.9,2.0,25.2,8.0,1.0,0.8,0.8,-9.4,83.2,175.9,83.2,2.0,192.0,8.0,1.0,0.8,0.8,-13.3,-10.1,-6.9,-10.1,2.0,6.7,8.0,1.0,0.8,0.8,1.0,17.1,33.3,17.1,2.0,33.4,8.0,1.0,0.8,0.8,484.0,1377.5,2270.5,1377.5,2.0,1850.5,8.0,1.0,0.8,0.8,485.0,1375.0,2270.0,1375.0,2.0,1850.0,8.0,1.0,0.8,0.8
1974,2,44.0,-32.0,25.2,25.2,25.2,25.2,2.0,0.0,18.0,1.0,0.5,0.7,24.68,24.85,25.02,24.85,2.0,0.35,18.0,1.0,0.5,0.7,13.29,14.95,16.61,14.95,2.0,3.43,18.0,1.0,0.5,0.7,68.9,76.3,83.6,76.3,2.0,15.3,18.0,1.0,0.7,12.13,13.9,15.67,13.9,2.0,3.68,18.0,1.0,0.5,0.7,-8.48,-3.88,0.73,-3.88,2.0,9.53,18.0,1.0,0.5,0.7,-0.67,6.19,13.06,6.19,2.0,14.22,18.0,1.0,0.5,0.7,1009.69,1012.9,1016.11,1012.9,2.0,6.65,18.0,1.0,0.5,0.7,5.2,5.5,5.8,5.5,2.0,0.7,18.0,1.0,0.5,0.7,-93.4,-36.4,20.7,-36.4,2.0,118.3,18.0,1.0,0.5,0.7,5.8,112.2,218.6,112.2,2.0,220.5,18.0,1.0,0.5,0.7,0.18,0.35,0.52,0.35,2.0,0.35,18.0,1.0,0.5,0.7,2.5,4.2,6.0,4.2,2.0,3.6,18.0,1.0,0.5,0.7,3.47,5.07,6.66,5.07,2.0,3.3,18.0,1.0,0.5,0.7,51.2,64.4,77.5,64.4,2.0,27.3,18.0,1.0,0.5,0.7,-208.3,-94.6,19.0,-94.6,2.0,235.6,18.0,1.0,0.5,0.7,-15.3,156.4,328.0,156.4,2.0,355.6,18.0,1.0,0.5,0.7,-104.0,-41.6,20.8,-41.6,2.0,129.2,18.0,1.0,0.5,0.7,4.1,117.0,229.9,117.0,2.0,233.9,18.0,1.0,0.5,0.7,-64.9,-35.4,-5.9,-35.4,2.0,61.1,18.0,1.0,0.5,0.7,-17.0,7.9,32.8,7.9,2.0,51.6,18.0,1.0,0.5,0.7,1927.0,2967.5,4008.0,2967.5,2.0,2156.0,18.0,1.0,0.5,0.7,1925.0,2970.0,4010.0,2970.0,2.0,2155.0,18.0,1.0,0.5,0.7
1974,2,44.0,-31.0,25.5,25.55,25.91,25.7,4.0,0.34,12.0,0.3,0.5,0.5,25.06,25.5,26.22,25.58,5.0,0.85,12.0,0.2,0.5,0.4,16.41,17.09,17.72,17.11,5.0,0.86,12.0,0.2,0.5,0.4,79.5,80.0,88.6,83.8,5.0,7.3,12.0,0.2,0.4,6.83,7.7,7.7,7.3,5.0,0.65,12.0,0.2,0.5,0.4,-5.91,-3.85,5.49,-0.97,5.0,6.33,12.0,0.2,0.5,0.4,-6.18,-2.46,0.61,-2.48,5.0,4.25,12.0,0.2,0.5,0.4,1009.15,1012.5,1015.78,1012.46,5.0,5.02,12.0,0.2,0.5,0.4,3.5,4.0,4.5,4.0,4.0,0.8,14.0,0.3,0.4,0.5,-45.5,-29.6,36.5,-9.6,5.0,46.2,12.0,0.2,0.5,0.4,-47.6,-17.7,2.5,-20.0,5.0,30.5,12.0,0.2,0.5,0.4,-0.4,-0.2,0.63,0.1,4.0,0.76,12.0,0.3,0.5,0.5,-3.0,-1.4,3.9,0.4,4.0,4.9,12.0,0.3,0.5,0.5,2.98,3.95,4.03,3.53,4.0,0.94,12.0,0.3,0.5,0.5,20.5,29.4,30.9,25.9,4.0,8.6,12.0,0.3,0.5,0.5,-150.7,-100.1,139.0,-24.9,5.0,162.8,12.0,0.2,0.5,0.4,-158.8,-65.5,13.7,-65.3,5.0,107.5,12.0,0.2,0.5,0.4,-98.5,-63.7,98.3,-13.2,5.0,108.1,12.0,0.2,0.5,0.4,-104.3,-42.7,13.1,-40.4,5.0,73.9,12.0,0.2,0.5,0.4,-23.5,-2.5,18.9,-2.3,4.0,25.8,12.0,0.3,0.5,0.5,-18.4,-7.6,1.8,-8.3,4.0,14.3,12.0,0.3,0.5,0.5,324.0,456.5,456.5,396.0,5.0,95.5,12.0,0.2,0.5,0.4,325.0,455.0,455.0,395.0,5.0,95.0,12.0,0.2,0.5,0.4
1974,2,44.0,-29.0,26.13,27.4,27.84,27.12,5.0,1.05,16.0,0.2,0.2,0.6,25.69,26.0,26.37,26.06,5.0,0.56,16.0,0.2,0.2,0.6,15.57,16.78,17.4,16.48,5.0,1.2,16.0,0.2,0.2,0.6,73.3,77.2,84.7,78.4,5.0,6.5,16.0,0.2,0.6,3.92,5.1,7.38,5.76,5.0,2.67,16.0,0.2,0.2,0.6,-5.32,-0.99,0.39,-2.42,5.0,4.66,16.0,0.2,0.2,0.6,1.1,4.04,4.85,3.01,5.0,2.87,16.0,0.2,0.2,0.6,1009.57,1012.6,1014.12,1011.86,5.0,2.79,16.0,0.2,0.2,0.6,1.6,3.0,4.7,3.2,5.0,1.9,16.0,0.2,0.2,0.6,-46.4,-5.6,1.2,-23.5,5.0,45.9,16.0,0.2,0.2,0.6,-0.4,16.6,26.0,12.5,5.0,19.1,16.0,0.2,0.2,0.6,-0.29,1.4,2.23,1.06,5.0,1.45,16.0,0.2,0.2,0.6,-3.0,7.1,10.8,4.5,5.0,9.1,16.0,0.2,0.2,0.6,5.24,6.47,6.75,6.04,5.0,0.98,16.0,0.2,0.2,0.6,23.3,34.0,41.8,33.2,5.0,10.0,16.0,0.2,0.2,0.6,-142.1,-25.5,10.4,-64.7,5.0,125.5,16.0,0.2,0.2,0.6,27.9,103.0,125.8,77.2,5.0,74.9,16.0,0.2,0.2,0.6,-88.3,-17.4,4.5,-41.5,5.0,76.9,16.0,0.2,0.2,0.6,14.6,69.8,81.3,50.0,5.0,49.3,16.0,0.2,0.2,0.6,-27.4,-6.8,2.9,-11.7,5.0,22.2,16.0,0.2,0.2,0.6,8.4,22.9,32.8,20.2,5.0,17.6,16.0,0.2,0.2,0.6,61.0,132.5,516.5,305.0,5.0,443.5,16.0,0.2,0.2,0.6,60.0,135.0,515.0,305.0,5.0,445.0,16.0,0.2,0.2,0.6
1974,2,44.0,-28.0,26.68,27.0,28.0,27.3,13.0,0.77,16.0,0.5,0.4,0.5,25.77,27.25,28.97,27.45,14.0,1.42,16.0,0.5,0.4,0.5,18.27,18.81,20.38,19.21,8.0,1.51,18.0,0.6,0.3,0.5,76.3,84.9,88.9,83.9,9.0,6.7,18.0,0.7,0.5,1.6,7.1,9.3,6.36,14.0,3.85,16.0,0.5,0.4,0.5,-9.11,-3.72,2.53,-3.46,14.0,5.23,16.0,0.5,0.4,0.5,-3.02,0.54,5.78,0.91,14.0,4.17,16.0,0.5,0.4,0.5,1008.5,1012.0,1015.15,1011.89,12.0,2.65,16.0,0.4,0.4,0.5,1.0,3.0,4.0,2.7,14.0,1.9,16.0,0.5,0.4,0.5,-84.6,-25.6,7.8,-33.6,14.0,49.3,16.0,0.5,0.4,0.5,-26.8,1.1,40.7,3.9,14.0,39.0,16.0,0.5,0.4,0.5,-0.96,-0.3,1.41,0.01,13.0,1.55,16.0,0.5,0.4,0.5,-4.0,-1.3,2.5,1.3,13.0,11.7,16.0,0.5,0.4,0.5,2.43,2.87,6.5,3.95,7.0,2.08,18.0,0.6,0.2,0.5,15.5,30.2,54.3,34.2,7.0,20.8,18.0,0.6,0.2,0.5,-245.8,-101.9,75.9,-93.4,14.0,142.1,16.0,0.5,0.4,0.5,-82.3,14.6,162.3,27.2,14.0,115.6,16.0,0.5,0.4,0.5,-168.2,-133.9,-43.5,-110.0,8.0,88.7,18.0,0.6,0.3,0.5,-58.2,10.6,111.5,19.6,8.0,102.0,18.0,0.6,0.3,0.5,-43.0,-16.7,-11.0,-21.3,7.0,27.7,18.0,0.6,0.2,0.5,-15.5,0.0,9.3,1.8,7.0,22.3,18.0,0.6,0.2,0.5,5.0,358.0,804.5,498.0,14.0,525.5,16.0,0.5,0.4,0.5,5.0,360.0,805.0,500.0,14.0,525.0,16.0,0.5,0.4,0.5
1974,2,44.0,-27.0,26.44,27.4,29.0,27.62,29.0,1.25,12.0,0.4,0.5,0.7,26.21,27.0,27.98,27.2,33.0,0.89,12.0,0.4,0.5,0.7,16.8,17.79,18.86,17.84,30.0,1.15,12.0,0.4,0.5,0.7,74.7,78.5,84.6,79.6,30.0,5.2,12.0,0.4,0.7,4.64,8.2,12.3,9.26,33.0,4.07,12.0,0.4,0.5,0.7,-12.29,-8.08,-1.63,-7.52,33.0,5.98,12.0,0.4,0.5,0.7,-2.67,0.0,4.1,0.57,33.0,3.26,12.0,0.4,0.5,0.7,1010.02,1011.6,1013.28,1011.78,33.0,2.76,12.0,0.4,0.5,0.7,1.0,3.0,5.9,3.1,33.0,2.2,12.0,0.4,0.5,0.7,-151.1,-66.2,-5.0,-90.0,33.0,91.8,12.0,0.4,0.5,0.7,-25.9,0.0,33.3,1.6,33.0,29.7,12.0,0.4,0.5,0.7,-0.58,0.4,1.76,0.56,29.0,1.17,12.0,0.4,0.5,0.7,-3.1,2.1,18.3,6.1,29.0,13.4,12.0,0.4,0.5,0.7,3.48,5.53,7.1,5.33,27.0,1.83,12.0,0.4,0.5,0.7,16.5,47.9,75.8,51.0,27.0,29.2,12.0,0.4,0.5,0.7,-341.2,-217.2,-43.2,-203.8,33.0,161.9,12.0,0.4,0.5,0.7,-73.1,0.0,114.0,15.8,33.0,88.3,12.0,0.4,0.5,0.7,-228.1,-141.6,-40.0,-134.5,30.0,96.7,12.0,0.4,0.5,0.7,-53.5,0.0,82.0,10.8,30.0,58.5,12.0,0.4,0.5,0.7,-75.7,-41.0,-8.8,-40.0,27.0,37.3,12.0,0.4,0.5,0.7,-12.6,0.0,28.5,5.7,27.0,21.7,12.0,0.4,0.5,0.7,100.0,551.5,1861.0,1264.0,33.0,1500.5,12.0,0.4,0.5,0.7,100.0,550.0,1860.0,1265.0,33.0,1500.0,12.0,0.4,0.5,0.7
1974,2,44.0,-26.0,27.61,28.0,28.6,27.93,6.0,0.98,12.0,0.5,0.4,0.3,25.94,27.75,28.87,27.57,6.0,1.49,12.0,0.5,0.4,0.3,17.33,18.55,18.71,18.04,4.0,1.18,12.0,0.3,0.4,0.2,74.9,78.0,85.0,79.8,4.0,7.9,12.0,0.3,0.2,5.77,8.65,11.06,8.32,6.0,2.81,12.0,0.5,0.4,0.3,-11.03,-6.43,3.11,-4.32,6.0,7.54,12.0,0.5,0.4,0.3,-0.83,0.98,2.83,0.97,6.0,3.23,12.0,0.5,0.4,0.3,1009.38,1011.45,1012.73,1011.0,6.0,2.51,12.0,0.5,0.4,0.3,0.8,2.0,4.2,2.3,6.0,2.0,12.0,0.5,0.4,0.3,-122.0,-50.5,21.9,-46.5,6.0,75.4,12.0,0.5,0.4,0.3,-6.6,4.2,25.1,5.8,6.0,23.2,12.0,0.5,0.4,0.3,-0.47,0.45,1.21,0.37,6.0,1.17,12.0,0.5,0.4,0.3,-4.6,2.8,11.5,2.2,6.0,9.7,12.0,0.5,0.4,0.3,3.67,5.83,7.02,5.37,4.0,2.2,12.0,0.3,0.4,0.2,27.1,46.5,61.4,44.3,4.0,26.5,12.0,0.3,0.4,0.2,-312.4,-182.8,83.1,-124.5,6.0,212.9,12.0,0.5,0.4,0.3,-22.7,26.3,74.9,24.9,6.0,86.2,12.0,0.5,0.4,0.3,-190.2,-119.9,-13.7,-102.8,4.0,109.1,12.0,0.3,0.4,0.2,17.3,37.4,68.0,42.4,4.0,39.2,12.0,0.3,0.4,0.2,-60.8,-27.8,4.2,-28.3,4.0,39.6,12.0,0.3,0.4,0.2,2.4,8.9,28.8,15.3,4.0,19.4,12.0,0.3,0.4,0.2,203.5,658.0,1354.0,733.0,6.0,566.0,12.0,0.5,0.4,0.3,205.0,660.0,1355.0,735.0,6.0,565.0,12.0,0.5,0.4,0.3
1974,2,44.0,-16.0,27.63,29.0,29.14,28.4,3.0,1.22,2.0,0.0,0.4,0.8,27.36,27.7,28.04,27.7,2.0,0.71,2.0,0.0,0.3,0.8,16.79,17.38,17.97,17.38,2.0,1.22,2.0,0.0,0.3,0.8,73.7,74.7,75.7,74.7,2.0,2.0,2.0,0.0,0.8,5.09,6.15,7.21,6.15,2.0,2.19,4.0,0.0,0.4,0.9,-5.84,-2.83,0.18,-2.83,2.0,6.23,4.0,0.0,0.4,0.9,-4.05,-3.48,-2.9,-3.48,2.0,1.19,4.0,0.0,0.4,0.9,1009.04,1010.0,1012.66,1010.83,3.0,2.75,2.0,0.0,0.4,0.8,2.3,3.0,6.4,4.3,3.0,3.2,2.0,0.0,0.4,0.8,-45.7,-24.2,-2.8,-24.2,2.0,44.5,4.0,0.0,0.4,0.9,-20.2,-20.1,-19.9,-20.1,2.0,0.3,4.0,0.0,0.4,0.9,1.13,1.4,1.67,1.4,2.0,0.57,2.0,0.0,0.3,0.8,4.6,4.6,4.6,4.6,1.0,0.0,4.0,0.0,0.1,0.8,7.49,7.96,8.44,7.96,2.0,0.99,2.0,0.0,0.3,0.8,33.4,33.4,33.4,33.4,1.0,0.0,4.0,0.0,0.1,0.8,44.4,44.4,44.4,44.4,1.0,0.0,4.0,0.0,0.1,0.8,-121.9,-121.9,-121.9,-121.9,1.0,0.0,4.0,0.0,0.1,0.8,28.7,28.7,28.7,28.7,1.0,0.0,4.0,0.0,0.1,0.8,-78.9,-78.9,-78.9,-78.9,1.0,0.0,4.0,0.0,0.1,0.8,11.4,11.4,11.4,11.4,1.0,0.0,4.0,0.0,0.1,0.8,-31.4,-31.4,-31.4,-31.4,1.0,0.0,4.0,0.0,0.1,0.8,154.5,277.0,399.5,277.0,2.0,254.0,4.0,0.0,0.4,0.9,155.0,275.0,400.0,275.0,2.0,255.0,4.0,0.0,0.4,0.9
1974,2,44.0,-15.0,30.0,30.2,30.47,30.23,3.0,0.35,18.0,0.7,0.3,0.6,28.56,28.9,29.51,29.03,3.0,0.71,18.0,0.7,0.3,0.6,16.73,17.14,17.56,17.14,2.0,0.86,20.0,1.0,0.4,0.7,67.8,68.0,68.2,68.0,2.0,0.4,20.0,1.0,0.7,1.63,3.0,4.37,3.0,2.0,2.83,16.0,0.5,0.5,0.5,-1.38,-0.68,0.02,-0.68,2.0,1.45,16.0,0.5,0.5,0.5,-4.1,-2.82,-1.54,-2.82,2.0,2.66,16.0,0.5,0.5,0.5,1008.39,1009.0,1010.71,1009.53,3.0,1.76,18.0,0.7,0.3,0.6,1.6,3.0,3.7,2.7,3.0,1.5,18.0,0.7,0.3,0.6,-7.1,-4.1,-1.1,-4.1,2.0,6.3,16.0,0.5,0.5,0.5,-19.9,-12.2,-4.5,-12.2,2.0,15.9,16.0,0.5,0.5,0.5,0.59,1.0,1.82,1.2,3.0,0.92,18.0,0.7,0.3,0.6,1.1,2.7,4.3,2.7,2.0,3.3,16.0,0.5,0.5,0.5,9.53,10.18,10.84,10.18,2.0,1.36,20.0,1.0,0.4,0.7,9.2,9.2,9.2,9.2,1.0,0.0,14.0,1.0,0.9,0.5,-40.0,-19.6,0.7,-19.6,2.0,42.2,16.0,0.5,0.5,0.5,-118.7,-81.9,-45.1,-81.9,2.0,76.2,16.0,0.5,0.5,0.5,6.1,6.1,6.1,6.1,1.0,0.0,14.0,1.0,0.9,0.5,-16.7,-16.7,-16.7,-16.7,1.0,0.0,14.0,1.0,0.9,0.5,3.2,3.2,3.2,3.2,1.0,0.0,14.0,1.0,0.9,0.5,-8.7,-8.7,-8.7,-8.7,1.0,0.0,14.0,1.0,0.9,0.5,20.5,63.0,105.5,63.0,2.0,87.5,16.0,0.5,0.5,0.5,20.0,65.0,105.0,65.0,2.0,90.0,16.0,0.5,0.5,0.5
1974,2,44.0,-14.0,28.2,28.9,29.18,28.71,8.0,0.51,14.0,0.5,0.3,0.6,25.76,27.5,28.16,27.11,8.0,1.28,14.0,0.5,0.3,0.6,17.17,18.11,18.87,18.04,5.0,0.88,18.0,0.6,0.3,0.6,77.1,79.3,83.8,80.1,5.0,4.1,18.0,0.6,0.6,2.07,5.1,7.03,4.64,7.0,2.69,14.0,0.6,0.2,0.5,-3.47,-1.22,1.17,-1.42,7.0,3.36,14.0,0.6,0.2,0.5,-6.1,-2.63,0.98,-2.71,7.0,3.19,14.0,0.6,0.2,0.5,1009.07,1009.8,1010.0,1009.5,7.0,0.58,16.0,0.6,0.3,0.6,4.0,6.0,8.0,5.8,8.0,2.5,14.0,0.5,0.3,0.6,-18.6,-3.4,3.3,-8.5,7.0,24.4,14.0,0.6,0.2,0.5,-42.7,-19.9,1.5,-18.6,7.0,20.5,14.0,0.6,0.2,0.5,0.51,1.1,3.06,1.6,8.0,1.42,14.0,0.5,0.3,0.6,1.4,3.5,21.6,8.3,7.0,10.2,14.0,0.6,0.2,0.5,6.08,6.78,7.64,6.77,5.0,1.1,18.0,0.6,0.3,0.6,12.0,14.9,39.2,25.1,4.0,23.7,18.0,0.8,0.2,0.5,-86.3,-33.8,32.2,-35.6,7.0,88.6,14.0,0.6,0.2,0.5,-173.7,-67.4,27.2,-73.4,7.0,88.9,14.0,0.6,0.2,0.5,-79.0,-25.0,0.5,-38.6,4.0,60.3,18.0,0.8,0.2,0.5,-39.2,-8.2,21.2,-8.9,4.0,35.1,18.0,0.8,0.2,0.5,-34.9,-9.3,0.4,-16.9,4.0,27.9,18.0,0.8,0.2,0.5,-17.3,-3.6,7.8,-4.7,4.0,14.7,18.0,0.8,0.2,0.5,9.0,132.5,348.5,185.5,7.0,192.0,14.0,0.6,0.2,0.5,10.0,135.0,350.0,185.0,7.0,190.0,14.0,0.6,0.2,0.5
1974,2,44.0,-13.0,28.6,29.0,29.73,29.15,13.0,0.61,14.0,0.7,0.6,0.6,26.45,27.65,28.43,27.49,12.0,1.02,16.0,0.7,0.6,0.6,17.46,18.18,18.67,18.08,9.0,0.62,18.0,0.6,0.5,0.5,74.5,77.6,82.6,78.1,9.0,4.3,18.0,0.6,0.5,1.75,2.6,4.13,3.0,12.0,2.02,14.0,0.8,0.6,0.6,-1.74,-1.0,1.73,-0.21,12.0,1.92,14.0,0.8,0.6,0.6,-3.43,-1.9,-0.26,-2.21,12.0,2.2,14.0,0.8,0.6,0.6,1008.08,1009.0,1012.04,1009.71,11.0,1.76,16.0,0.6,0.6,0.6,2.0,5.0,8.0,5.0,13.0,2.5,14.0,0.7,0.6,0.6,-6.0,-2.1,5.0,-0.2,12.0,7.6,14.0,0.8,0.6,0.6,-13.9,-5.2,-0.3,-10.4,12.0,16.9,14.0,0.8,0.6,0.6,0.87,1.65,2.6,1.63,12.0,0.99,16.0,0.7,0.6,0.6,0.8,5.0,7.3,5.4,11.0,5.4,14.0,0.7,0.6,0.6,6.74,7.12,8.67,7.54,9.0,1.01,18.0,0.6,0.5,0.5,17.0,22.9,37.5,25.5,8.0,15.8,18.0,0.6,0.5,0.5,-48.9,-28.6,52.8,-9.9,11.0,54.2,14.0,0.7,0.6,0.6,-103.0,-54.6,-5.7,-61.5,11.0,61.8,14.0,0.7,0.6,0.6,-31.4,-21.4,46.1,-5.2,8.0,39.5,18.0,0.6,0.5,0.5,-85.4,-36.4,-3.7,-47.1,8.0,47.6,18.0,0.6,0.5,0.5,-14.8,-8.4,17.2,-2.6,8.0,16.2,18.0,0.6,0.5,0.5,-32.1,-16.0,-1.4,-18.5,8.0,18.2,18.0,0.6,0.5,0.5,6.0,17.5,82.0,68.0,12.0,132.0,14.0,0.8,0.6,0.6,5.0,20.0,80.0,70.0,12.0,130.0,14.0,0.8,0.6,0.6
1974,2,44.0,-12.0,27.76,28.25,28.94,28.24,8.0,1.14,16.0,0.8,0.4,0.5,26.43,28.4,30.53,28.4,8.0,2.06,16.0,0.8,0.4,0.5,17.74,19.0,20.46,19.19,8.0,1.5,16.0,0.8,0.4,0.5,71.6,78.4,90.9,79.5,8.0,9.3,16.0,0.8,0.5,0.0,2.1,4.62,2.27,7.0,2.32,14.0,0.7,0.4,0.5,-1.42,0.0,0.02,-0.4,7.0,0.82,14.0,0.7,0.4,0.5,-4.61,-2.07,0.0,-2.19,7.0,2.23,14.0,0.7,0.4,0.5,1008.53,1009.65,1011.87,1009.98,8.0,1.66,16.0,0.8,0.4,0.5,1.4,6.0,7.9,5.2,8.0,2.9,16.0,0.8,0.4,0.5,-5.9,0.0,0.0,-2.0,7.0,3.8,14.0,0.7,0.4,0.5,-21.3,-4.3,0.0,-9.4,7.0,10.8,14.0,0.7,0.4,0.5,-2.57,-0.3,2.37,-0.16,8.0,2.09,16.0,0.8,0.4,0.5,-3.2,0.0,2.7,-0.9,7.0,5.3,14.0,0.7,0.4,0.5,2.79,5.07,7.01,4.93,8.0,1.99,16.0,0.8,0.4,0.5,0.0,12.6,21.0,11.2,7.0,11.6,14.0,0.7,0.4,0.5,-43.9,0.0,0.5,-11.8,7.0,23.8,14.0,0.7,0.4,0.5,-132.6,-54.6,0.0,-63.0,7.0,64.7,14.0,0.7,0.4,0.5,-27.3,0.0,0.3,-8.4,7.0,17.0,14.0,0.7,0.4,0.5,-82.6,-36.6,0.0,-42.4,7.0,44.5,14.0,0.7,0.4,0.5,-4.5,0.0,0.1,-1.2,7.0,3.3,14.0,0.7,0.4,0.5,-19.8,-11.9,0.0,-10.9,7.0,11.4,14.0,0.7,0.4,0.5,0.0,9.5,99.0,44.0,7.0,55.5,14.0,0.7,0.4,0.5,0.0,10.0,100.0,45.0,7.0,55.0,14.0,0.7,0.4,0.5
1974,2,44.0,-11.0,27.92,29.0,29.45,28.85,21.0,0.79,12.0,0.3,0.5,0.6,27.0,28.15,29.3,28.18,22.0,1.28,12.0,0.3,0.5,0.6,17.27,18.22,20.28,18.6,17.0,1.61,12.0,0.4,0.4,0.5,70.7,78.9,85.7,78.1,17.0,8.5,12.0,0.4,0.5,0.0,2.35,4.93,2.56,22.0,2.62,12.0,0.3,0.5,0.6,-1.12,0.0,0.59,-0.01,22.0,1.45,12.0,0.3,0.5,0.6,-4.56,-1.35,0.0,-2.0,22.0,2.73,12.0,0.3,0.5,0.6,1007.67,1009.25,1010.5,1009.55,22.0,2.08,12.0,0.3,0.5,0.6,0.0,2.0,5.8,2.7,21.0,2.5,12.0,0.3,0.5,0.6,-3.7,0.0,1.5,-0.6,22.0,7.8,12.0,0.3,0.5,0.6,-21.9,-2.6,0.0,-11.0,22.0,19.5,12.0,0.3,0.5,0.6,-0.47,0.6,1.7,0.59,21.0,1.24,12.0,0.3,0.5,0.6,-0.5,0.0,4.1,1.5,21.0,3.6,12.0,0.3,0.5,0.6,4.94,6.96,7.71,6.62,16.0,1.84,12.0,0.4,0.4,0.6,0.0,13.4,25.6,12.7,16.0,11.8,12.0,0.4,0.4,0.6,-31.0,0.0,16.6,-0.5,22.0,39.7,12.0,0.3,0.5,0.6,-128.6,-37.6,0.0,-56.4,22.0,76.2,12.0,0.3,0.5,0.6,-13.0,0.0,7.6,1.8,17.0,25.9,12.0,0.4,0.4,0.5,-65.3,-13.8,0.0,-29.8,17.0,42.0,12.0,0.4,0.4,0.5,-4.9,0.0,0.0,-1.1,16.0,4.1,12.0,0.4,0.4,0.6,-24.6,-8.6,0.0,-9.9,16.0,13.7,12.0,0.4,0.4,0.6,0.0,13.5,121.0,80.0,22.0,157.0,12.0,0.3,0.5,0.6,0.0,15.0,120.0,80.0,22.0,155.0,12.0,0.3,0.5,0.6
1974,2,44.0,-10.0,28.4,29.1,29.5,29.14,20.0,0.78,16.0,0.6,0.5,0.6,27.2,28.1,29.0,28.32,20.0,1.13,16.0,0.6,0.5,0.6,17.05,18.6,19.74,18.58,19.0,1.43,14.0,0.5,0.5,0.6,70.1,79.2,85.3,77.5,19.0,8.1,14.0,0.5,0.6,1.5,3.1,4.72,3.21,16.0,1.91,16.0,0.6,0.5,0.6,-1.64,0.0,0.82,-0.15,16.0,1.73,16.0,0.6,0.5,0.6,-4.7,-2.41,0.0,-2.35,16.0,2.39,16.0,0.6,0.5,0.6,1008.21,1011.35,1013.18,1011.11,20.0,2.24,16.0,0.6,0.5,0.6,2.0,3.5,6.0,3.9,20.0,2.2,16.0,0.6,0.5,0.6,-6.5,0.0,2.9,0.2,16.0,7.7,16.0,0.6,0.5,0.6,-22.4,-6.9,0.0,-10.8,16.0,13.6,16.0,0.6,0.5,0.6,0.0,0.65,2.0,0.82,20.0,1.26,16.0,0.6,0.5,0.6,0.0,1.4,6.4,2.5,16.0,4.7,16.0,0.6,0.5,0.6,4.08,6.58,7.77,6.64,19.0,1.86,14.0,0.5,0.5,0.6,11.2,21.7,29.7,22.5,15.0,14.3,16.0,0.6,0.4,0.6,-47.4,0.0,22.5,-4.7,16.0,50.5,16.0,0.6,0.5,0.6,-133.1,-67.4,0.0,-66.1,16.0,67.5,16.0,0.6,0.5,0.6,-33.2,0.0,13.7,-5.5,15.0,29.7,16.0,0.6,0.4,0.6,-97.3,-46.4,0.0,-48.4,15.0,39.5,16.0,0.6,0.4,0.6,-12.6,0.0,5.2,-2.2,15.0,12.4,16.0,0.6,0.4,0.6,-29.2,-16.9,0.0,-18.2,15.0,15.3,16.0,0.6,0.4,0.6,3.5,30.0,108.5,66.0,16.0,87.5,16.0,0.6,0.5,0.6,5.0,30.0,110.0,65.0,16.0,85.0,16.0,0.6,0.5,0.6
1974,2,44.0,-9.0,28.29,29.0,29.41,28.98,13.0,0.56,14.0,0.5,0.4,0.7,26.88,28.1,30.0,28.16,16.0,1.84,14.0,0.4,0.4,0.6,17.48,18.22,19.25,18.3,13.0,0.82,14.0,0.5,0.4,0.7,68.3,73.9,83.3,75.5,13.0,7.8,14.0,0.5,0.7,2.6,4.1,5.61,4.26,17.0,1.42,14.0,0.5,0.4,0.6,-2.14,-0.89,1.7,-0.38,17.0,1.83,14.0,0.5,0.4,0.6,-5.56,-3.55,-2.24,-3.8,17.0,1.59,14.0,0.5,0.4,0.6,1008.51,1010.0,1011.49,1009.96,16.0,1.52,14.0,0.5,0.4,0.6,2.0,3.0,4.0,3.4,17.0,1.9,14.0,0.5,0.4,0.6,-7.5,-2.3,7.0,-1.1,17.0,8.6,14.0,0.5,0.4,0.6,-31.5,-15.8,-6.3,-18.2,17.0,13.1,14.0,0.5,0.4,0.6,-1.16,0.9,1.25,0.47,13.0,1.76,14.0,0.5,0.4,0.7,-4.4,2.5,6.2,2.2,13.0,7.0,14.0,0.5,0.4,0.7,5.42,7.5,7.79,6.85,13.0,1.21,14.0,0.5,0.4,0.7,17.0,23.3,47.4,29.5,13.0,13.2,14.0,0.5,0.4,0.7,-52.2,-12.4,47.8,-5.4,16.0,49.0,14.0,0.4,0.4,0.6,-166.0,-100.3,-64.2,-107.3,16.0,46.8,14.0,0.4,0.4,0.6,-32.5,0.0,37.9,1.3,13.0,33.2,14.0,0.5,0.4,0.7,-106.8,-68.0,-38.9,-69.3,13.0,30.5,14.0,0.5,0.4,0.7,-11.3,0.0,13.2,0.6,13.0,12.3,14.0,0.5,0.4,0.7,-46.7,-23.3,-12.8,-26.5,13.0,14.1,14.0,0.5,0.4,0.7,17.5,69.0,181.5,103.0,17.0,99.0,14.0,0.5,0.4,0.6,20.0,70.0,180.0,105.0,17.0,100.0,14.0,0.5,0.4,0.6
1974,2,44.0,-8.0,28.0,28.1,29.03,28.38,8.0,0.71,16.0,0.4,0.4,0.6,27.44,27.8,30.38,28.59,8.0,1.51,16.0,0.4,0.4,0.6,16.88,18.51,19.97,18.36,8.0,1.71,16.0,0.4,0.4,0.6,70.1,74.5,81.8,75.0,8.0,5.8,16.0,0.4,0.6,4.0,4.6,6.91,5.22,6.0,1.61,14.0,0.3,0.4,0.7,-3.36,-2.1,-0.64,-1.79,6.0,2.27,14.0,0.3,0.4,0.7,-5.57,-4.15,-3.43,-4.39,6.0,1.78,14.0,0.3,0.4,0.7,1009.03,1010.05,1010.99,1010.2,8.0,1.15,16.0,0.4,0.4,0.6,1.1,2.0,2.0,1.9,8.0,0.6,16.0,0.4,0.4,0.6,-22.0,-9.2,-2.4,-10.5,6.0,13.5,14.0,0.3,0.4,0.7,-38.8,-19.1,-13.9,-25.1,6.0,17.5,14.0,0.3,0.4,0.7,-0.74,0.3,0.59,-0.21,8.0,1.23,16.0,0.4,0.4,0.6,-2.2,1.8,2.9,0.8,6.0,2.6,14.0,0.3,0.4,0.7,4.53,6.06,7.44,5.92,8.0,1.73,16.0,0.4,0.4,0.6,21.8,27.6,40.9,31.9,6.0,13.4,14.0,0.3,0.4,0.7,-101.6,-58.5,-17.9,-52.4,6.0,65.3,14.0,0.3,0.4,0.7,-161.3,-114.7,-96.3,-123.9,6.0,48.9,14.0,0.3,0.4,0.7,-64.5,-40.5,-11.2,-33.3,6.0,40.7,14.0,0.3,0.4,0.7,-97.1,-77.1,-61.5,-80.6,6.0,33.7,14.0,0.3,0.4,0.7,-22.8,-11.0,-2.8,-11.9,6.0,16.4,14.0,0.3,0.4,0.7,-36.4,-24.9,-17.7,-26.4,6.0,11.4,14.0,0.3,0.4,0.7,64.5,97.5,333.0,178.0,6.0,164.0,14.0,0.3,0.4,0.7,65.0,95.0,335.0,180.0,6.0,165.0,14.0,0.3,0.4,0.7
1974,2,44.0,-7.0,29.58,29.75,29.92,29.75,2.0,0.35,14.0,0.5,0.7,0.7,29.33,30.25,31.17,30.25,2.0,1.91,14.0,0.5,0.7,0.7,17.13,18.28,19.44,18.28,2.0,2.39,14.0,0.5,0.7,0.7,67.0,67.6,68.2,67.6,2.0,1.2,14.0,0.5,0.7,3.49,5.4,7.31,5.4,2.0,3.96,14.0,0.5,0.7,0.7,-4.29,-2.19,-0.09,-2.19,2.0,4.36,14.0,0.5,0.7,0.7,-5.67,-4.36,-3.05,-4.36,2.0,2.71,14.0,0.5,0.7,0.7,1009.48,1010.3,1011.12,1010.3,2.0,1.7,14.0,0.5,0.7,0.7,3.2,3.5,3.8,3.5,2.0,0.7,14.0,0.5,0.7,0.7,-36.0,-20.5,-4.9,-20.5,2.0,32.2,14.0,0.5,0.7,0.7,-44.3,-28.9,-13.5,-28.9,2.0,31.9,14.0,0.5,0.7,0.7,-1.59,-0.5,0.59,-0.5,2.0,2.26,14.0,0.5,0.7,0.7,-14.0,-7.2,-0.3,-7.2,2.0,14.2,14.0,0.5,0.7,0.7,6.63,8.02,9.42,8.02,2.0,2.89,14.0,0.5,0.7,0.7,29.8,37.6,45.4,37.6,2.0,16.2,14.0,0.5,0.7,0.7,-136.0,-70.4,-4.8,-70.4,2.0,135.9,14.0,0.5,0.7,0.7,-178.2,-134.6,-90.9,-134.6,2.0,90.4,14.0,0.5,0.7,0.7,-86.2,-45.3,-4.3,-45.3,2.0,84.9,14.0,0.5,0.7,0.7,-112.0,-83.0,-54.0,-83.0,2.0,60.0,14.0,0.5,0.7,0.7,-25.1,-11.3,2.5,-11.3,2.0,28.6,14.0,0.5,0.7,0.7,-35.5,-31.1,-26.7,-31.1,2.0,9.2,14.0,0.5,0.7,0.7,102.5,284.5,466.5,284.5,2.0,377.5,14.0,0.5,0.7,0.7,100.0,285.0,465.0,285.0,2.0,375.0,14.0,0.5,0.7,0.7
1974,2,44.0,-6.0,27.19,27.6,28.01,27.6,2.0,0.85,12.0,0.0,0.4,0.6,27.08,27.25,27.42,27.25,2.0,0.35,12.0,0.0,0.4,0.6,16.3,16.52,16.73,16.52,2.0,0.44,12.0,0.0,0.4,0.6,71.4,73.1,74.7,73.1,2.0,3.4,12.0,0.0,0.6,4.93,5.65,6.37,5.65,2.0,1.48,12.0,0.0,0.4,0.6,-6.11,-5.06,-4.01,-5.06,2.0,2.17,12.0,0.0,0.4,0.6,-2.67,-2.06,-1.45,-2.06,2.0,1.27,12.0,0.0,0.4,0.6,1009.93,1010.2,1010.47,1010.2,2.0,0.57,12.0,0.0,0.4,0.6,1.6,3.0,4.4,3.0,2.0,2.8,12.0,0.0,0.4,0.6,-39.8,-30.2,-20.7,-30.2,2.0,19.8,12.0,0.0,0.4,0.6,-12.7,-10.7,-8.7,-10.7,2.0,4.1,12.0,0.0,0.4,0.6,0.11,0.35,0.59,0.35,2.0,0.49,12.0,0.0,0.4,0.6,0.7,2.3,3.9,2.3,2.0,3.3,12.0,0.0,0.4,0.6,5.9,6.67,7.44,6.67,2.0,1.6,12.0,0.0,0.4,0.6,29.7,38.9,48.0,38.9,2.0,18.9,12.0,0.0,0.4,0.6,-167.8,-138.3,-108.8,-138.3,2.0,61.0,12.0,0.0,0.4,0.6,-72.2,-55.9,-39.6,-55.9,2.0,33.8,12.0,0.0,0.4,0.6,-99.4,-83.1,-66.9,-83.1,2.0,33.7,12.0,0.0,0.4,0.6,-44.9,-34.3,-23.8,-34.3,2.0,21.9,12.0,0.0,0.4,0.6,-46.4,-35.5,-24.6,-35.5,2.0,22.6,12.0,0.0,0.4,0.6,-15.2,-12.7,-10.2,-12.7,2.0,5.2,12.0,0.0,0.4,0.6,129.5,199.0,268.5,199.0,2.0,144.0,12.0,0.0,0.4,0.6,130.0,200.0,270.0,200.0,2.0,145.0,12.0,0.0,0.4,0.6
1974,2,44.0,-5.0,28.3,28.3,28.3,28.3,1.0,0.0,26.0,0.0,0.7,0.1,25.8,25.8,25.8,25.8,1.0,0.0,26.0,0.0,0.7,0.1,16.93,16.93,16.93,16.93,1.0,0.0,26.0,0.0,0.7,0.1,81.5,81.5,81.5,81.5,1.0,0.0,26.0,0.0,0.1,3.6,3.6,3.6,3.6,1.0,0.0,26.0,0.0,0.7,0.1,-1.8,-1.8,-1.8,-1.8,1.0,0.0,26.0,0.0,0.7,0.1,-3.12,-3.12,-3.12,-3.12,1.0,0.0,26.0,0.0,0.7,0.1,1010.0,1010.0,1010.0,1010.0,1.0,0.0,26.0,0.0,0.7,0.1,1.0,1.0,1.0,1.0,1.0,0.0,26.0,0.0,0.7,0.1,-6.5,-6.5,-6.5,-6.5,1.0,0.0,26.0,0.0,0.7,0.1,-11.2,-11.2,-11.2,-11.2,1.0,0.0,26.0,0.0,0.7,0.1,2.5,2.5,2.5,2.5,1.0,0.0,26.0,0.0,0.7,0.1,9.0,9.0,9.0,9.0,1.0,0.0,26.0,0.0,0.7,0.1,7.23,7.23,7.23,7.23,1.0,0.0,26.0,0.0,0.7,0.1,26.0,26.0,26.0,26.0,1.0,0.0,26.0,0.0,0.7,0.1,-46.4,-46.4,-46.4,-46.4,1.0,0.0,26.0,0.0,0.7,0.1,-80.4,-80.4,-80.4,-80.4,1.0,0.0,26.0,0.0,0.7,0.1,-30.5,-30.5,-30.5,-30.5,1.0,0.0,26.0,0.0,0.7,0.1,-52.8,-52.8,-52.8,-52.8,1.0,0.0,26.0,0.0,0.7,0.1,-13.0,-13.0,-13.0,-13.0,1.0,0.0,26.0,0.0,0.7,0.1,-22.5,-22.5,-22.5,-22.5,1.0,0.0,26.0,0.0,0.7,0.1,46.5,46.5,46.5,46.5,1.0,0.0,26.0,0.0,0.7,0.1,45.0,45.0,45.0,45.0,1.0,0.0,26.0,0.0,0.7,0.1
1974,2,44.0,-4.0,27.0,27.0,27.0,27.0,2.0,0.0,10.0,0.0,0.3,0.5,27.0,27.0,27.0,27.0,2.0,0.0,10.0,0.0,0.3,0.5,17.58,17.84,18.1,17.84,2.0,0.54,10.0,0.0,0.3,0.5,78.8,80.0,81.1,80.0,2.0,2.4,10.0,0.0,0.5,7.2,7.2,7.2,7.2,2.0,0.0,10.0,0.0,0.3,0.5,-4.63,-4.63,-4.63,-4.63,2.0,0.0,10.0,0.0,0.3,0.5,-5.52,-5.52,-5.52,-5.52,2.0,0.0,10.0,0.0,0.3,0.5,1010.0,1010.0,1010.0,1010.0,2.0,0.0,10.0,0.0,0.3,0.5,2.0,2.0,2.0,2.0,2.0,0.0,10.0,0.0,0.3,0.5,-33.3,-33.3,-33.3,-33.3,2.0,0.0,10.0,0.0,0.3,0.5,-39.7,-39.7,-39.7,-39.7,2.0,0.0,10.0,0.0,0.3,0.5,0.0,0.0,0.0,0.0,2.0,0.0,10.0,0.0,0.3,0.5,0.0,0.0,0.0,0.0,2.0,0.0,10.0,0.0,0.3,0.5,4.27,4.53,4.79,4.53,2.0,0.54,10.0,0.0,0.3,0.5,30.7,32.6,34.5,32.6,2.0,3.9,10.0,0.0,0.3,0.5,-125.0,-125.0,-125.0,-125.0,2.0,0.0,10.0,0.0,0.3,0.5,-148.9,-148.9,-148.9,-148.9,2.0,0.0,10.0,0.0,0.3,0.5,-83.8,-82.6,-81.3,-82.6,2.0,2.5,10.0,0.0,0.3,0.5,-99.8,-98.4,-96.9,-98.4,2.0,3.0,10.0,0.0,0.3,0.5,-22.2,-21.0,-19.7,-21.0,2.0,2.5,10.0,0.0,0.3,0.5,-26.4,-25.0,-23.5,-25.0,2.0,3.0,10.0,0.0,0.3,0.5,373.0,373.0,373.0,373.0,2.0,0.0,10.0,0.0,0.3,0.5,375.0,375.0,375.0,375.0,2.0,0.0,10.0,0.0,0.3,0.5
1974,2,44.0,-3.0,26.78,26.95,27.12,26.95,2.0,0.35,12.0,0.0,0.5,0.6,26.86,27.0,27.82,27.33,3.0,0.76,18.0,0.3,0.6,0.4,17.59,17.92,18.25,17.92,2.0,0.69,12.0,0.0,0.5,0.6,79.8,80.9,82.1,80.9,2.0,2.4,12.0,0.0,0.6,3.23,4.6,4.94,4.1,3.0,1.32,18.0,0.3,0.6,0.4,-3.79,-3.52,-1.73,-2.77,3.0,1.64,18.0,0.3,0.6,0.4,-3.18,-2.96,-2.61,-2.89,3.0,0.42,18.0,0.3,0.6,0.4,1011.45,1012.0,1012.0,1011.73,3.0,0.46,18.0,0.3,0.6,0.4,1.3,2.0,2.0,1.7,3.0,0.6,18.0,0.3,0.6,0.4,-18.7,-16.2,-6.7,-12.8,3.0,9.3,18.0,0.3,0.6,0.4,-15.7,-13.6,-8.7,-12.2,3.0,5.3,18.0,0.3,0.6,0.4,-0.05,0.05,0.15,0.05,2.0,0.21,12.0,0.0,0.5,0.6,-0.3,0.0,0.4,0.0,2.0,0.7,12.0,0.0,0.5,0.6,4.23,4.34,4.46,4.34,2.0,0.23,12.0,0.0,0.5,0.6,12.4,15.8,19.2,15.8,2.0,7.0,12.0,0.0,0.5,0.6,-105.2,-94.4,-46.4,-76.2,3.0,45.9,18.0,0.3,0.6,0.4,-88.3,-79.2,-70.2,-79.2,3.0,13.2,18.0,0.3,0.6,0.4,-54.3,-38.9,-23.5,-38.9,2.0,31.9,12.0,0.0,0.5,0.6,-50.5,-48.3,-46.0,-48.3,2.0,4.7,12.0,0.0,0.5,0.6,-14.0,-9.8,-5.6,-9.8,2.0,8.6,12.0,0.0,0.5,0.6,-12.8,-11.8,-10.7,-11.8,2.0,2.2,12.0,0.0,0.5,0.6,43.0,97.5,121.5,82.5,3.0,59.0,18.0,0.3,0.6,0.4,45.0,95.0,120.0,85.0,3.0,60.0,18.0,0.3,0.6,0.4
1974,2,44.0,-2.0,25.74,26.1,26.2,25.98,4.0,0.33,10.0,0.3,0.5,0.6,25.64,25.9,26.52,26.08,4.0,0.65,10.0,0.3,0.5,0.6,16.73,17.52,17.72,17.24,4.0,0.75,10.0,0.3,0.5,0.6,78.2,84.8,85.0,81.7,4.0,6.3,10.0,0.3,0.6,3.05,5.9,7.7,5.4,4.0,2.78,10.0,0.3,0.5,0.6,-5.9,-4.72,-2.64,-4.29,4.0,1.99,10.0,0.3,0.5,0.6,-4.95,-3.5,-1.53,-3.25,4.0,2.0,10.0,0.3,0.5,0.6,1008.4,1009.3,1010.57,1009.48,4.0,1.3,10.0,0.3,0.5,0.6,1.0,2.0,4.0,2.5,4.0,1.9,10.0,0.3,0.5,0.6,-45.4,-30.0,-8.9,-27.3,4.0,21.4,10.0,0.3,0.5,0.6,-38.1,-23.3,-5.2,-21.7,4.0,19.1,10.0,0.3,0.5,0.6,-0.42,0.0,0.21,-0.1,4.0,0.5,10.0,0.3,0.5,0.6,-3.2,0.0,0.9,-1.1,4.0,3.4,10.0,0.3,0.5,0.6,3.19,3.47,4.47,3.81,4.0,0.96,10.0,0.3,0.5,0.6,10.7,19.4,32.4,21.5,4.0,14.3,10.0,0.3,0.5,0.6,-155.0,-121.0,-68.4,-112.1,4.0,52.6,10.0,0.3,0.5,0.6,-130.1,-89.6,-39.5,-85.0,4.0,53.0,10.0,0.3,0.5,0.6,-99.0,-79.0,-46.8,-73.2,4.0,32.3,10.0,0.3,0.5,0.6,-83.1,-58.0,-27.0,-55.2,4.0,32.9,10.0,0.3,0.5,0.6,-24.8,-15.6,-9.3,-17.0,4.0,10.5,10.0,0.3,0.5,0.6,-20.8,-11.4,-5.4,-13.0,4.0,9.9,10.0,0.3,0.5,0.6,37.5,262.5,456.5,248.0,4.0,242.0,10.0,0.3,0.5,0.6,40.0,265.0,455.0,250.0,4.0,240.0,10.0,0.3,0.5,0.6
1974,2,44.0,-1.0,25.42,26.4,26.81,26.1,5.0,1.02,10.0,0.6,0.5,0.7,24.76,25.8,28.33,26.32,5.0,2.2,10.0,0.6,0.5,0.7,14.99,16.86,17.24,16.26,5.0,1.2,10.0,0.6,0.5,0.7,71.5,72.6,82.5,76.0,5.0,6.2,10.0,0.6,0.7,5.43,6.7,8.7,7.1,5.0,2.63,10.0,0.6,0.5,0.7,-6.66,-4.75,-4.03,-5.36,5.0,1.98,10.0,0.6,0.5,0.7,-5.91,-4.63,-3.28,-4.61,5.0,1.89,10.0,0.6,0.5,0.7,1008.0,1009.0,1009.87,1008.96,5.0,0.95,10.0,0.6,0.5,0.7,2.3,4.0,4.7,3.6,5.0,1.8,10.0,0.6,0.5,0.7,-60.9,-29.4,-23.6,-42.1,5.0,32.4,10.0,0.6,0.5,0.7,-51.8,-33.3,-18.8,-36.6,5.0,27.5,10.0,0.6,0.5,0.7,-1.44,0.4,0.78,-0.22,5.0,1.35,10.0,0.6,0.5,0.7,-9.6,4.0,4.5,-1.6,5.0,8.4,10.0,0.6,0.5,0.7,4.26,4.62,5.71,4.98,5.0,0.96,10.0,0.6,0.5,0.7,24.6,37.7,45.3,35.1,5.0,12.3,10.0,0.6,0.5,0.7,-179.0,-137.3,-100.7,-141.4,5.0,52.4,10.0,0.6,0.5,0.7,-152.0,-129.6,-90.6,-122.2,5.0,49.5,10.0,0.6,0.5,0.7,-113.4,-82.4,-60.5,-88.1,5.0,36.1,10.0,0.6,0.5,0.7,-95.2,-77.3,-55.0,-75.8,5.0,32.7,10.0,0.6,0.5,0.7,-31.8,-28.1,-19.5,-26.2,5.0,8.1,10.0,0.6,0.5,0.7,-31.8,-24.2,-14.9,-23.2,5.0,10.0,10.0,0.6,0.5,0.7,176.5,301.0,764.0,485.0,5.0,547.5,10.0,0.6,0.5,0.7,175.0,300.0,765.0,485.0,5.0,545.0,10.0,0.6,0.5,0.7
1974,2,44.0,0.0,25.38,26.2,26.87,26.06,5.0,1.07,12.0,0.4,0.4,0.5,25.78,26.4,26.86,26.34,5.0,0.71,12.0,0.4,0.4,0.5,17.38,17.88,18.12,17.76,5.0,0.47,12.0,0.4,0.4,0.5,80.5,84.0,84.5,82.8,5.0,2.2,12.0,0.4,0.5,5.25,7.0,8.28,6.76,5.0,2.1,12.0,0.4,0.4,0.5,-6.8,-4.95,-4.02,-5.42,5.0,2.39,12.0,0.4,0.4,0.5,-5.01,-3.99,-1.47,-3.34,5.0,2.26,12.0,0.4,0.4,0.5,1008.96,1010.0,1011.41,1010.32,5.0,1.87,12.0,0.4,0.4,0.5,1.0,1.0,3.8,2.4,5.0,2.6,12.0,0.4,0.4,0.5,-55.8,-37.5,-22.3,-40.3,5.0,28.2,12.0,0.4,0.4,0.5,-36.6,-24.7,-5.3,-22.0,5.0,18.1,12.0,0.4,0.4,0.5,-1.1,0.0,0.4,-0.28,5.0,0.77,12.0,0.4,0.4,0.5,-7.4,0.0,1.9,-2.2,5.0,5.1,12.0,0.4,0.4,0.5,2.69,3.18,4.28,3.41,5.0,1.05,12.0,0.4,0.4,0.5,13.6,23.9,31.0,22.7,5.0,9.3,12.0,0.4,0.4,0.5,-178.9,-135.1,-103.2,-142.6,5.0,61.7,12.0,0.4,0.4,0.5,-134.8,-101.2,-38.8,-88.6,5.0,61.2,12.0,0.4,0.4,0.5,-120.5,-90.3,-69.6,-96.3,5.0,42.9,12.0,0.4,0.4,0.5,-89.4,-68.0,-26.5,-59.3,5.0,40.7,12.0,0.4,0.4,0.5,-27.1,-15.4,-10.4,-18.2,5.0,9.0,12.0,0.4,0.4,0.5,-19.5,-9.2,-5.0,-11.4,5.0,8.6,12.0,0.4,0.4,0.5,168.5,343.0,583.5,378.0,5.0,282.0,12.0,0.4,0.4,0.5,170.0,345.0,585.0,380.0,5.0,280.0,12.0,0.4,0.4,0.5
1974,2,44.0,1.0,26.0,26.0,26.0,26.01,69.0,0.12,18.0,0.5,0.7,0.5,24.82,26.1,28.2,26.44,71.0,1.66,18.0,0.5,0.7,0.5,15.68,15.68,15.68,15.68,1.0,0.0,2.0,1.0,0.7,0.0,75.3,75.3,75.3,75.3,1.0,0.0,2.0,1.0,0.0,6.0,8.0,10.0,7.67,68.0,1.93,18.0,0.5,0.7,0.5,-9.0,-6.89,-5.18,-7.07,68.0,1.92,18.0,0.5,0.7,0.5,-3.93,-2.05,0.0,-1.85,68.0,2.36,18.0,0.5,0.7,0.5,1009.63,1012.5,1016.73,1013.17,3.0,5.23,12.0,1.0,0.5,0.2,0.0,2.0,4.0,2.1,71.0,1.9,18.0,0.5,0.7,0.5,-86.6,-48.3,-33.8,-57.7,68.0,28.1,18.0,0.5,0.7,0.5,-35.4,-12.3,0.0,-15.4,68.0,21.6,18.0,0.5,0.7,0.5,-2.2,-0.1,1.04,-0.42,69.0,1.66,18.0,0.5,0.7,0.5,-16.5,-0.7,6.8,-3.5,66.0,12.4,18.0,0.5,0.7,0.5,5.46,5.46,5.46,5.46,1.0,0.0,2.0,1.0,0.7,0.0,44.8,44.8,44.8,44.8,1.0,0.0,2.0,1.0,0.7,0.0,-243.3,-181.0,-147.5,-186.9,68.0,49.3,18.0,0.5,0.7,0.5,-111.1,-53.7,0.0,-50.0,68.0,63.7,18.0,0.5,0.7,0.5,-126.6,-126.6,-126.6,-126.6,1.0,0.0,2.0,1.0,0.7,0.0,-22.3,-22.3,-22.3,-22.3,1.0,0.0,2.0,1.0,0.7,0.0,-44.1,-44.1,-44.1,-44.1,1.0,0.0,2.0,1.0,0.7,0.0,-7.8,-7.8,-7.8,-7.8,1.0,0.0,2.0,1.0,0.7,0.0,216.0,512.0,1000.0,536.0,68.0,386.0,18.0,0.5,0.7,0.5,215.0,510.0,1000.0,535.0,68.0,385.0,18.0,0.5,0.7,0.5
1974,2,44.0,10.0,23.9,23.9,23.9,23.9,1.0,0.0,6.0,0.0,0.9,0.9,25.6,25.6,25.6,25.6,1.0,0.0,6.0,0.0,0.9,0.9,15.46,15.46,15.46,15.46,1.0,0.0,6.0,0.0,0.9,0.9,75.7,75.7,75.7,75.7,1.0,0.0,6.0,0.0,0.9,13.4,13.4,13.4,13.4,1.0,0.0,6.0,0.0,0.9,0.9,-13.2,-13.2,-13.2,-13.2,1.0,0.0,6.0,0.0,0.9,0.9,-2.33,-2.33,-2.33,-2.33,1.0,0.0,6.0,0.0,0.9,0.9,1014.2,1014.2,1014.2,1014.2,1.0,0.0,6.0,0.0,0.9,0.9,4.0,4.0,4.0,4.0,1.0,0.0,6.0,0.0,0.9,0.9,-176.8,-176.8,-176.8,-176.8,1.0,0.0,6.0,0.0,0.9,0.9,-31.2,-31.2,-31.2,-31.2,1.0,0.0,6.0,0.0,0.9,0.9,-1.7,-1.7,-1.7,-1.7,1.0,0.0,6.0,0.0,0.9,0.9,-22.8,-22.8,-22.8,-22.8,1.0,0.0,6.0,0.0,0.9,0.9,3.02,3.02,3.02,3.02,1.0,0.0,6.0,0.0,0.9,0.9,40.4,40.4,40.4,40.4,1.0,0.0,6.0,0.0,0.9,0.9,-337.8,-337.8,-337.8,-337.8,1.0,0.0,6.0,0.0,0.9,0.9,-59.6,-59.6,-59.6,-59.6,1.0,0.0,6.0,0.0,0.9,0.9,-204.0,-204.0,-204.0,-204.0,1.0,0.0,6.0,0.0,0.9,0.9,-36.0,-36.0,-36.0,-36.0,1.0,0.0,6.0,0.0,0.9,0.9,-39.8,-39.8,-39.8,-39.8,1.0,0.0,6.0,0.0,0.9,0.9,-7.0,-7.0,-7.0,-7.0,1.0,0.0,6.0,0.0,0.9,0.9,2406.0,2406.0,2406.0,2406.0,1.0,0.0,6.0,0.0,0.9,0.9,2405.0,2405.0,2405.0,2405.0,1.0,0.0,6.0,0.0,0.9,0.9
1974,2,44.0,11.0,25.7,25.7,25.7,25.7,1.0,0.0,12.0,1.0,0.9,0.1,25.4,25.4,25.4,25.4,1.0,0.0,12.0,1.0,0.9,0.1,15.14,15.14,15.14,15.14,1.0,0.0,12.0,1.0,0.9,0.1,74.8,74.8,74.8,74.8,1.0,0.0,12.0,1.0,0.1,9.8,9.8,9.8,9.8,1.0,0.0,12.0,1.0,0.9,0.1,-9.65,-9.65,-9.65,-9.65,1.0,0.0,12.0,1.0,0.9,0.1,-1.7,-1.7,-1.7,-1.7,1.0,0.0,12.0,1.0,0.9,0.1,1010.1,1010.1,1010.1,1010.1,1.0,0.0,12.0,1.0,0.9,0.1,2.0,2.0,2.0,2.0,1.0,0.0,12.0,1.0,0.9,0.1,-94.6,-94.6,-94.6,-94.6,1.0,0.0,12.0,1.0,0.9,0.1,-16.7,-16.7,-16.7,-16.7,1.0,0.0,12.0,1.0,0.9,0.1,0.3,0.3,0.3,0.3,1.0,0.0,12.0,1.0,0.9,0.1,2.9,2.9,2.9,2.9,1.0,0.0,12.0,1.0,0.9,0.1,5.55,5.55,5.55,5.55,1.0,0.0,12.0,1.0,0.9,0.1,54.4,54.4,54.4,54.4,1.0,0.0,12.0,1.0,0.9,0.1,-245.1,-245.1,-245.1,-245.1,1.0,0.0,12.0,1.0,0.9,0.1,-43.2,-43.2,-43.2,-43.2,1.0,0.0,12.0,1.0,0.9,0.1,-146.1,-146.1,-146.1,-146.1,1.0,0.0,12.0,1.0,0.9,0.1,-25.8,-25.8,-25.8,-25.8,1.0,0.0,12.0,1.0,0.9,0.1,-53.5,-53.5,-53.5,-53.5,1.0,0.0,12.0,1.0,0.9,0.1,-9.4,-9.4,-9.4,-9.4,1.0,0.0,12.0,1.0,0.9,0.1,941.0,941.0,941.0,941.0,1.0,0.0,12.0,1.0,0.9,0.1,940.0,940.0,940.0,940.0,1.0,0.0,12.0,1.0,0.9,0.1
1974,2,44.0,12.0,25.0,25.0,26.59,25.43,15.0,0.89,18.0,0.3,0.6,0.5,23.92,24.7,25.79,24.81,14.0,1.11,16.0,0.3,0.6,0.5,14.75,15.42,15.55,15.17,4.0,0.66,14.0,0.0,0.8,0.4,78.9,79.9,81.1,80.0,4.0,1.4,14.0,0.0,0.4,5.04,7.0,8.12,6.71,14.0,1.73,16.0,0.3,0.6,0.5,-7.66,-7.0,-4.04,-6.13,14.0,2.63,16.0,0.3,0.6,0.5,-1.77,0.0,0.0,-0.43,14.0,1.98,16.0,0.3,0.6,0.5,1013.4,1013.9,1014.57,1013.64,14.0,1.48,16.0,0.3,0.6,0.5,0.0,0.0,2.0,0.9,14.0,1.4,16.0,0.3,0.6,0.5,-62.3,-49.0,-16.7,-44.5,14.0,26.9,16.0,0.3,0.6,0.5,-18.1,0.0,0.0,-4.2,14.0,12.3,16.0,0.3,0.6,0.5,-1.08,0.7,2.56,0.65,14.0,1.66,16.0,0.3,0.6,0.5,-8.2,3.7,17.1,3.8,14.0,11.8,16.0,0.3,0.6,0.5,4.3,6.08,6.48,5.42,4.0,1.64,14.0,0.0,0.8,0.4,31.8,42.7,54.9,43.3,4.0,13.4,14.0,0.0,0.8,0.4,-190.0,-173.6,-99.9,-152.5,14.0,66.1,16.0,0.3,0.6,0.5,-44.2,0.0,0.0,-10.2,14.0,47.7,16.0,0.3,0.6,0.5,-144.9,-120.5,-98.0,-121.4,4.0,29.7,14.0,0.0,0.8,0.4,-34.0,-25.4,-19.2,-26.5,4.0,10.2,14.0,0.0,0.8,0.4,-52.9,-40.9,-31.3,-42.0,4.0,12.6,14.0,0.0,0.8,0.4,-14.2,-7.7,-5.5,-9.7,4.0,5.9,14.0,0.0,0.8,0.4,129.0,343.0,538.0,358.0,14.0,270.0,16.0,0.3,0.6,0.5,130.0,345.0,540.0,360.0,14.0,270.0,16.0,0.3,0.6,0.5
1974,2,44.0,71.0,1.7,1.7,1.7,1.7,1.0,0.0,2.0,1.0,0.0,0.2,-7.0,-7.0,-7.0,-7.0,1.0,0.0,2.0,1.0,0.0,0.2,1.84,1.84,1.84,1.84,1.0,0.0,2.0,1.0,0.0,0.2,82.3,82.3,82.3,82.3,1.0,0.0,2.0,1.0,0.2,9.8,9.8,9.8,9.8,1.0,0.0,2.0,1.0,0.0,0.2,-6.3,-6.3,-6.3,-6.3,1.0,0.0,2.0,1.0,0.0,0.2,7.51,7.51,7.51,7.51,1.0,0.0,2.0,1.0,0.0,0.2,1012.0,1012.0,1012.0,1012.0,1.0,0.0,2.0,1.0,0.0,0.2,8.0,8.0,8.0,8.0,1.0,0.0,2.0,1.0,0.0,0.2,-61.7,-61.7,-61.7,-61.7,1.0,0.0,2.0,1.0,0.0,0.2,73.6,73.6,73.6,73.6,1.0,0.0,2.0,1.0,0.0,0.2,8.7,8.7,8.7,8.7,1.0,0.0,2.0,1.0,0.0,0.2,85.3,85.3,85.3,85.3,1.0,0.0,2.0,1.0,0.0,0.2,2.43,2.43,2.43,2.43,1.0,0.0,2.0,1.0,0.0,0.2,23.8,23.8,23.8,23.8,1.0,0.0,2.0,1.0,0.0,0.2,44.1,44.1,44.1,44.1,1.0,0.0,2.0,1.0,0.0,0.2,-52.6,-52.6,-52.6,-52.6,1.0,0.0,2.0,1.0,0.0,0.2,-11.6,-11.6,-11.6,-11.6,1.0,0.0,2.0,1.0,0.0,0.2,13.8,13.8,13.8,13.8,1.0,0.0,2.0,1.0,0.0,0.2,-15.3,-15.3,-15.3,-15.3,1.0,0.0,2.0,1.0,0.0,0.2,18.3,18.3,18.3,18.3,1.0,0.0,2.0,1.0,0.0,0.2,941.0,941.0,941.0,941.0,1.0,0.0,2.0,1.0,0.0,0.2,940.0,940.0,940.0,940.0,1.0,0.0,2.0,1.0,0.0,0.2
1974,2,45.0,-68.0,,,,,,,,,,,,,,,,,,,,,,,,,,,,,,,,,,,,,,,,5.1,5.1,7.56,6.3,3.0,2.08,12.0,1.0,0.2,0.5,-7.56,-5.1,-5.1,-6.3,3.0,2.08,12.0,1.0,0.2,0.5,0.0,0.0,0.0,0.0,3.0,0.0,12.0,1.0,0.2,0.5,983.5,985.0,986.02,984.77,3.0,1.86,12.0,1.0,0.2,0.5,,,,,,,,,,,,,,,,,,,,,,,,,,,,,,,,,,,,,,,,,,,,,,,,,,,,,,,,,,,,,,,,,,,,,,,,,,,,,,,,,,,,,,,,,,,,,,,,,,,,,,,,,,,,,,,,,,,,,,,,,,,,,,,,,,,,,,,,,,,,,,,,,,,,,,
1974,2,45.0,-67.0,-0.8,-0.8,-0.8,-0.8,2.0,0.0,14.0,0.0,0.5,0.5,-0.7,-0.5,-0.3,-0.5,2.0,0.42,14.0,0.0,0.5,0.5,2.93,3.07,3.2,3.07,2.0,0.29,14.0,0.0,0.5,0.5,78.9,81.4,83.9,81.4,2.0,5.2,14.0,0.0,0.5,4.59,5.65,6.71,5.65,2.0,2.19,14.0,0.0,0.5,0.5,4.13,5.38,6.62,5.38,2.0,2.58,14.0,0.0,0.5,0.5,-1.72,-1.02,-0.33,-1.02,2.0,1.45,14.0,0.0,0.5,0.5,980.73,981.0,981.27,981.0,2.0,0.57,14.0,0.0,0.5,0.5,5.3,6.0,6.7,6.0,2.0,1.4,14.0,0.0,0.5,0.5,20.5,33.2,45.9,33.2,2.0,26.4,14.0,0.0,0.5,0.5,-7.1,-4.2,-1.3,-4.2,2.0,5.9,14.0,0.0,0.5,0.5,-0.5,-0.3,-0.1,-0.3,2.0,0.42,14.0,0.0,0.5,0.5,-2.1,-1.2,-0.4,-1.2,2.0,1.7,14.0,0.0,0.5,0.5,0.47,0.62,0.76,0.62,2.0,0.29,14.0,0.0,0.5,0.5,2.3,3.8,5.2,3.8,2.0,3.0,14.0,0.0,0.5,0.5,-5.0,-3.2,-1.5,-3.2,2.0,3.6,14.0,0.0,0.5,0.5,0.1,0.2,0.3,0.2,2.0,0.3,14.0,0.0,0.5,0.5,13.0,16.1,19.2,16.1,2.0,6.4,14.0,0.0,0.5,0.5,-5.6,-3.4,-1.1,-3.4,2.0,4.7,14.0,0.0,0.5,0.5,2.2,3.7,5.2,3.7,2.0,3.2,14.0,0.0,0.5,0.5,-0.7,-0.4,-0.1,-0.4,2.0,0.6,14.0,0.0,0.5,0.5,117.0,221.0,325.0,221.0,2.0,215.0,14.0,0.0,0.5,0.5,115.0,220.0,325.0,220.0,2.0,215.0,14.0,0.0,0.5,0.5
1974,2,45.0,-53.0,2.2,2.2,2.2,2.2,1.0,0.0,8.0,1.0,0.7,0.2,4.1,4.1,4.1,4.1,1.0,0.0,8.0,1.0,0.7,0.2,3.88,3.88,3.88,3.88,1.0,0.0,8.0,1.0,0.7,0.2,74.6,74.6,74.6,74.6,1.0,0.0,8.0,1.0,0.2,15.9,15.9,15.9,15.9,1.0,0.0,8.0,1.0,0.7,0.2,12.18,12.18,12.18,12.18,1.0,0.0,8.0,1.0,0.7,0.2,-10.22,-10.22,-10.22,-10.22,1.0,0.0,8.0,1.0,0.7,0.2,987.0,987.0,987.0,987.0,1.0,0.0,8.0,1.0,0.7,0.2,8.0,8.0,8.0,8.0,1.0,0.0,8.0,1.0,0.7,0.2,193.7,193.7,193.7,193.7,1.0,0.0,8.0,1.0,0.7,0.2,-162.5,-162.5,-162.5,-162.5,1.0,0.0,8.0,1.0,0.7,0.2,-1.9,-1.9,-1.9,-1.9,1.0,0.0,8.0,1.0,0.7,0.2,-30.2,-30.2,-30.2,-30.2,1.0,0.0,8.0,1.0,0.7,0.2,0.67,0.67,0.67,0.67,1.0,0.0,8.0,1.0,0.7,0.2,10.6,10.6,10.6,10.6,1.0,0.0,8.0,1.0,0.7,0.2,49.9,49.9,49.9,49.9,1.0,0.0,8.0,1.0,0.7,0.2,-41.9,-41.9,-41.9,-41.9,1.0,0.0,8.0,1.0,0.7,0.2,47.2,47.2,47.2,47.2,1.0,0.0,8.0,1.0,0.7,0.2,-39.6,-39.6,-39.6,-39.6,1.0,0.0,8.0,1.0,0.7,0.2,8.1,8.1,8.1,8.1,1.0,0.0,8.0,1.0,0.7,0.2,-6.8,-6.8,-6.8,-6.8,1.0,0.0,8.0,1.0,0.7,0.2,4019.5,4019.5,4019.5,4019.5,1.0,0.0,8.0,1.0,0.7,0.2,4020.0,4020.0,4020.0,4020.0,1.0,0.0,8.0,1.0,0.7,0.2
1974,2,45.0,-44.0,9.0,9.0,9.0,9.0,1.0,0.0,16.0,1.0,0.9,0.9,7.9,7.9,7.9,7.9,1.0,0.0,16.0,1.0,0.9,0.9,5.42,5.42,5.42,5.42,1.0,0.0,16.0,1.0,0.9,0.9,83.0,83.0,83.0,83.0,1.0,0.0,16.0,1.0,0.9,6.2,6.2,6.2,6.2,1.0,0.0,16.0,1.0,0.9,0.9,-5.83,-5.83,-5.83,-5.83,1.0,0.0,16.0,1.0,0.9,0.9,2.12,2.12,2.12,2.12,1.0,0.0,16.0,1.0,0.9,0.9,1023.3,1023.3,1023.3,1023.3,1.0,0.0,16.0,1.0,0.9,0.9,7.0,7.0,7.0,7.0,1.0,0.0,16.0,1.0,0.9,0.9,-36.1,-36.1,-36.1,-36.1,1.0,0.0,16.0,1.0,0.9,0.9,13.1,13.1,13.1,13.1,1.0,0.0,16.0,1.0,0.9,0.9,1.1,1.1,1.1,1.1,1.0,0.0,16.0,1.0,0.9,0.9,6.8,6.8,6.8,6.8,1.0,0.0,16.0,1.0,0.9,0.9,1.62,1.62,1.62,1.62,1.0,0.0,16.0,1.0,0.9,0.9,10.0,10.0,10.0,10.0,1.0,0.0,16.0,1.0,0.9,0.9,-46.0,-46.0,-46.0,-46.0,1.0,0.0,16.0,1.0,0.9,0.9,16.8,16.8,16.8,16.8,1.0,0.0,16.0,1.0,0.9,0.9,-31.6,-31.6,-31.6,-31.6,1.0,0.0,16.0,1.0,0.9,0.9,11.5,11.5,11.5,11.5,1.0,0.0,16.0,1.0,0.9,0.9,-9.4,-9.4,-9.4,-9.4,1.0,0.0,16.0,1.0,0.9,0.9,3.4,3.4,3.4,3.4,1.0,0.0,16.0,1.0,0.9,0.9,238.5,238.5,238.5,238.5,1.0,0.0,16.0,1.0,0.9,0.9,240.0,240.0,240.0,240.0,1.0,0.0,16.0,1.0,0.9,0.9
1974,2,45.0,-42.0,14.0,14.0,14.0,14.0,1.0,0.0,10.0,0.0,0.5,0.7,14.0,14.0,14.0,14.0,1.0,0.0,10.0,0.0,0.5,0.7,8.77,8.77,8.77,8.77,1.0,0.0,10.0,0.0,0.5,0.7,88.9,88.9,88.9,88.9,1.0,0.0,10.0,0.0,0.7,7.7,7.7,7.7,7.7,1.0,0.0,10.0,0.0,0.5,0.7,3.85,3.85,3.85,3.85,1.0,0.0,10.0,0.0,0.5,0.7,-6.67,-6.67,-6.67,-6.67,1.0,0.0,10.0,0.0,0.5,0.7,1017.1,1017.1,1017.1,1017.1,1.0,0.0,10.0,0.0,0.5,0.7,0.0,0.0,0.0,0.0,1.0,0.0,10.0,0.0,0.5,0.7,29.6,29.6,29.6,29.6,1.0,0.0,10.0,0.0,0.5,0.7,-51.3,-51.3,-51.3,-51.3,1.0,0.0,10.0,0.0,0.5,0.7,0.0,0.0,0.0,0.0,1.0,0.0,10.0,0.0,0.5,0.7,0.0,0.0,0.0,0.0,1.0,0.0,10.0,0.0,0.5,0.7,1.1,1.1,1.1,1.1,1.0,0.0,10.0,0.0,0.5,0.7,8.5,8.5,8.5,8.5,1.0,0.0,10.0,0.0,0.5,0.7,53.9,53.9,53.9,53.9,1.0,0.0,10.0,0.0,0.5,0.7,-93.4,-93.4,-93.4,-93.4,1.0,0.0,10.0,0.0,0.5,0.7,33.8,33.8,33.8,33.8,1.0,0.0,10.0,0.0,0.5,0.7,-58.5,-58.5,-58.5,-58.5,1.0,0.0,10.0,0.0,0.5,0.7,4.2,4.2,4.2,4.2,1.0,0.0,10.0,0.0,0.5,0.7,-7.3,-7.3,-7.3,-7.3,1.0,0.0,10.0,0.0,0.5,0.7,456.5,456.5,456.5,456.5,1.0,0.0,10.0,0.0,0.5,0.7,455.0,455.0,455.0,455.0,1.0,0.0,10.0,0.0,0.5,0.7
1974,2,45.0,-41.0,,,,,,,,,,,,,,,,,,,,,,,,,,,,,,,,,,,,,,,,8.2,8.2,8.2,8.2,1.0,0.0,6.0,1.0,0.7,0.8,7.1,7.1,7.1,7.1,1.0,0.0,6.0,1.0,0.7,0.8,-4.1,-4.1,-4.1,-4.1,1.0,0.0,6.0,1.0,0.7,0.8,1017.1,1017.1,1017.1,1017.1,1.0,0.0,6.0,1.0,0.7,0.8,,,,,,,,,,,,,,,,,,,,,,,,,,,,,,,,,,,,,,,,,,,,,,,,,,,,,,,,,,,,,,,,,,,,,,,,,,,,,,,,,,,,,,,,,,,,,,,,,,,,,,,,,,,,,,,,,,,,,,,,,,,,,,,,,,,,,,,,,,,,,,,,,,,,,,
1974,2,45.0,-40.0,17.05,17.15,17.25,17.15,2.0,0.21,16.0,0.5,0.6,0.9,14.62,16.6,18.58,16.6,2.0,4.1,16.0,0.5,0.6,0.9,9.49,10.99,12.48,10.99,2.0,3.1,16.0,0.5,0.6,0.9,91.2,92.3,93.4,92.3,2.0,2.3,16.0,0.5,0.9,5.85,7.45,9.05,7.45,2.0,3.32,16.0,0.5,0.6,0.9,-0.94,0.8,2.54,0.8,2.0,3.6,16.0,0.5,0.6,0.9,-2.57,2.21,6.99,2.21,2.0,9.9,16.0,0.5,0.6,0.9,1014.71,1015.8,1016.89,1015.8,2.0,2.26,16.0,0.5,0.6,0.9,5.5,6.5,7.5,6.5,2.0,2.1,16.0,0.5,0.6,0.9,-2.3,12.0,26.2,12.0,2.0,29.5,16.0,0.5,0.6,0.9,-6.2,32.9,72.0,32.9,2.0,81.1,16.0,0.5,0.6,0.9,-1.53,0.55,2.63,0.55,2.0,4.31,16.0,0.5,0.6,0.9,-5.1,11.3,27.7,11.3,2.0,34.0,16.0,0.5,0.6,0.9,-0.46,1.13,2.72,1.13,2.0,3.29,16.0,0.5,0.6,0.9,0.2,13.9,27.5,13.9,2.0,28.3,16.0,0.5,0.6,0.9,-21.3,6.0,33.2,6.0,2.0,56.5,16.0,0.5,0.6,0.9,-58.6,16.4,91.3,16.4,2.0,155.3,16.0,0.5,0.6,0.9,-14.7,3.2,21.2,3.2,2.0,37.1,16.0,0.5,0.6,0.9,-40.3,8.9,58.1,8.9,2.0,101.9,16.0,0.5,0.6,0.9,3.6,6.8,10.1,6.8,2.0,6.7,16.0,0.5,0.6,0.9,9.9,18.8,27.7,18.8,2.0,18.4,16.0,0.5,0.6,0.9,261.0,537.0,813.0,537.0,2.0,571.5,16.0,0.5,0.6,0.9,260.0,535.0,815.0,535.0,2.0,570.0,16.0,0.5,0.6,0.9
1974,2,45.0,-35.0,,,,,,,,,,,,,,,,,,,,,,,,,,,,,,,,,,,,,,,,3.0,3.0,3.0,3.0,1.0,0.0,2.0,0.0,0.7,0.6,-1.93,-1.93,-1.93,-1.93,1.0,0.0,2.0,0.0,0.7,0.6,-2.3,-2.3,-2.3,-2.3,1.0,0.0,2.0,0.0,0.7,0.6,1017.9,1017.9,1017.9,1017.9,1.0,0.0,2.0,0.0,0.7,0.6,,,,,,,,,,,,,,,,,,,,,,,,,,,,,,,,,,,,,,,,,,,,,,,,,,,,,,,,,,,,,,,,,,,,,,,,,,,,,,,,,,,,,,,,,,,,,,,,,,,,,,,,,,,,,,,,,,,,,,,,,,,,,,,,,,,,,,,,,,,,,,,,,,,,,,
1974,2,45.0,-33.0,24.9,25.75,26.6,25.75,2.0,1.77,16.0,0.0,0.5,0.5,23.57,23.95,24.33,23.95,2.0,0.78,16.0,0.0,0.5,0.5,13.91,15.68,17.46,15.68,2.0,3.68,16.0,0.0,0.5,0.5,77.1,84.7,92.3,84.7,2.0,15.8,16.0,0.0,0.5,8.2,8.2,8.2,8.2,1.0,0.0,28.0,0.0,0.3,0.7,-8.08,-8.08,-8.08,-8.08,1.0,0.0,28.0,0.0,0.3,0.7,1.42,1.42,1.42,1.42,1.0,0.0,28.0,0.0,0.3,0.7,1018.42,1018.45,1018.48,1018.45,2.0,0.07,16.0,0.0,0.5,0.5,5.3,6.0,6.7,6.0,2.0,1.4,16.0,0.0,0.5,0.5,-66.2,-66.2,-66.2,-66.2,1.0,0.0,28.0,0.0,0.3,0.7,11.7,11.7,11.7,11.7,1.0,0.0,28.0,0.0,0.3,0.7,1.32,1.8,2.28,1.8,2.0,0.99,16.0,0.0,0.5,0.5,9.0,9.0,9.0,9.0,1.0,0.0,28.0,0.0,0.3,0.7,4.22,4.95,5.67,4.95,2.0,1.49,16.0,0.0,0.5,0.5,49.2,49.2,49.2,49.2,1.0,0.0,28.0,0.0,0.3,0.7,-189.0,-189.0,-189.0,-189.0,1.0,0.0,28.0,0.0,0.3,0.7,33.3,33.3,33.3,33.3,1.0,0.0,28.0,0.0,0.3,0.7,-105.6,-105.6,-105.6,-105.6,1.0,0.0,28.0,0.0,0.3,0.7,18.6,18.6,18.6,18.6,1.0,0.0,28.0,0.0,0.3,0.7,-48.5,-48.5,-48.5,-48.5,1.0,0.0,28.0,0.0,0.3,0.7,8.5,8.5,8.5,8.5,1.0,0.0,28.0,0.0,0.3,0.7,551.5,551.5,551.5,551.5,1.0,0.0,28.0,0.0,0.3,0.7,550.0,550.0,550.0,550.0,1.0,0.0,28.0,0.0,0.3,0.7
1974,2,45.0,-32.0,23.27,26.0,26.68,25.0,3.0,2.65,8.0,0.7,0.2,0.5,22.95,25.0,26.5,24.73,3.0,2.61,8.0,0.7,0.2,0.5,15.34,15.34,15.34,15.34,1.0,0.0,20.0,1.0,0.2,0.2,68.5,68.5,68.5,68.5,1.0,0.0,20.0,1.0,0.2,1.46,4.6,6.37,3.93,3.0,3.65,8.0,0.7,0.2,0.5,-4.62,0.0,2.02,-1.27,3.0,4.98,8.0,0.7,0.2,0.5,0.78,2.46,3.19,2.0,3.0,1.81,8.0,0.7,0.2,0.5,1016.04,1017.2,1018.09,1017.07,3.0,1.5,8.0,0.7,0.2,0.5,0.6,2.0,2.7,1.7,3.0,1.5,8.0,0.7,0.2,0.5,-33.3,0.0,9.3,-11.7,3.0,32.8,8.0,0.7,0.2,0.5,5.1,16.2,17.2,11.3,3.0,9.8,8.0,0.7,0.2,0.5,-3.23,1.0,3.73,0.27,3.0,5.14,8.0,0.7,0.2,0.5,-16.3,0.0,24.6,4.0,3.0,30.2,8.0,0.7,0.2,0.5,1.08,1.08,1.08,1.08,1.0,0.0,20.0,1.0,0.2,0.2,5.0,5.0,5.0,5.0,1.0,0.0,20.0,1.0,0.2,0.2,-101.6,0.0,54.9,-22.8,3.0,116.3,8.0,0.7,0.2,0.5,17.2,54.2,82.6,50.0,3.0,48.1,8.0,0.7,0.2,0.5,45.4,45.4,45.4,45.4,1.0,0.0,20.0,1.0,0.2,0.2,54.1,54.1,54.1,54.1,1.0,0.0,20.0,1.0,0.2,0.2,3.2,3.2,3.2,3.2,1.0,0.0,20.0,1.0,0.2,0.2,3.8,3.8,3.8,3.8,1.0,0.0,20.0,1.0,0.2,0.2,31.0,97.5,285.5,157.0,3.0,193.5,8.0,0.7,0.2,0.5,30.0,95.0,285.0,155.0,3.0,195.0,8.0,0.7,0.2,0.5
1974,2,45.0,-31.0,25.4,25.8,26.11,25.72,5.0,0.61,12.0,0.8,0.5,0.6,25.34,26.3,26.61,25.96,5.0,1.03,12.0,0.8,0.5,0.6,16.87,17.45,17.9,17.41,5.0,0.67,12.0,0.8,0.5,0.6,78.4,84.1,87.8,83.4,5.0,6.3,12.0,0.8,0.6,5.81,9.5,11.56,8.72,4.0,3.58,10.0,1.0,0.5,0.7,-7.34,-5.42,-0.5,-3.99,4.0,5.27,10.0,1.0,0.5,0.7,-8.81,-6.58,-3.88,-6.36,4.0,3.39,10.0,1.0,0.5,0.7,1011.64,1014.0,1014.79,1013.32,5.0,1.92,12.0,0.8,0.5,0.6,2.3,3.0,3.7,3.0,5.0,1.4,12.0,0.8,0.5,0.6,-84.4,-53.9,-10.5,-47.7,4.0,48.2,10.0,1.0,0.5,0.7,-102.3,-63.7,-26.0,-64.1,4.0,48.2,10.0,1.0,0.5,0.7,-0.74,-0.5,0.37,-0.24,5.0,0.6,12.0,0.8,0.5,0.6,-7.6,-5.5,-1.9,-4.8,4.0,4.4,10.0,1.0,0.5,0.7,2.24,3.66,4.01,3.25,5.0,1.02,12.0,0.8,0.5,0.6,16.8,29.8,47.1,31.8,4.0,17.9,10.0,1.0,0.5,0.7,-194.6,-144.6,-14.1,-106.2,4.0,138.4,10.0,1.0,0.5,0.7,-234.4,-173.7,-102.3,-168.6,4.0,91.3,10.0,1.0,0.5,0.7,-123.8,-94.3,-10.5,-68.4,4.0,90.9,10.0,1.0,0.5,0.7,-147.6,-116.1,-70.5,-109.4,4.0,55.2,10.0,1.0,0.5,0.7,-29.0,-18.9,1.4,-14.0,4.0,20.1,10.0,1.0,0.5,0.7,-36.4,-20.3,-10.7,-23.4,4.0,16.6,10.0,1.0,0.5,0.7,253.5,949.5,1547.5,903.0,4.0,760.5,10.0,1.0,0.5,0.7,255.0,950.0,1550.0,905.0,4.0,760.0,10.0,1.0,0.5,0.7
1974,2,45.0,-29.0,27.21,27.65,28.09,27.65,2.0,0.92,24.0,0.5,0.4,0.8,26.0,26.0,26.0,26.0,1.0,0.0,28.0,0.0,0.7,0.6,15.86,15.86,15.86,15.86,1.0,0.0,28.0,0.0,0.7,0.6,75.8,75.8,75.8,75.8,1.0,0.0,28.0,0.0,0.6,4.6,4.6,4.6,4.6,1.0,0.0,28.0,0.0,0.7,0.6,-4.53,-4.53,-4.53,-4.53,1.0,0.0,28.0,0.0,0.7,0.6,-0.8,-0.8,-0.8,-0.8,1.0,0.0,28.0,0.0,0.7,0.6,1012.05,1012.6,1013.15,1012.6,2.0,1.13,24.0,0.5,0.4,0.8,2.2,2.5,2.8,2.5,2.0,0.7,24.0,0.5,0.4,0.8,-20.8,-20.8,-20.8,-20.8,1.0,0.0,28.0,0.0,0.7,0.6,-3.7,-3.7,-3.7,-3.7,1.0,0.0,28.0,0.0,0.7,0.6,2.3,2.3,2.3,2.3,1.0,0.0,28.0,0.0,0.7,0.6,10.6,10.6,10.6,10.6,1.0,0.0,28.0,0.0,0.7,0.6,8.22,8.22,8.22,8.22,1.0,0.0,28.0,0.0,0.7,0.6,37.8,37.8,37.8,37.8,1.0,0.0,28.0,0.0,0.7,0.6,-117.8,-117.8,-117.8,-117.8,1.0,0.0,28.0,0.0,0.7,0.6,-20.8,-20.8,-20.8,-20.8,1.0,0.0,28.0,0.0,0.7,0.6,-71.9,-71.9,-71.9,-71.9,1.0,0.0,28.0,0.0,0.7,0.6,-12.7,-12.7,-12.7,-12.7,1.0,0.0,28.0,0.0,0.7,0.6,-37.2,-37.2,-37.2,-37.2,1.0,0.0,28.0,0.0,0.7,0.6,-6.6,-6.6,-6.6,-6.6,1.0,0.0,28.0,0.0,0.7,0.6,97.5,97.5,97.5,97.5,1.0,0.0,28.0,0.0,0.7,0.6,95.0,95.0,95.0,95.0,1.0,0.0,28.0,0.0,0.7,0.6
1974,2,45.0,-28.0,26.0,27.1,28.88,27.28,11.0,1.34,10.0,0.5,0.4,0.5,25.5,26.75,27.73,26.75,12.0,1.16,12.0,0.5,0.4,0.5,16.85,17.53,18.07,17.42,11.0,0.84,12.0,0.5,0.4,0.5,73.3,80.7,84.7,78.9,11.0,7.2,12.0,0.5,0.5,3.48,6.7,11.13,7.01,11.0,3.78,12.0,0.5,0.4,0.5,-10.46,-5.9,-0.1,-5.17,11.0,5.0,12.0,0.5,0.4,0.5,-3.81,-1.57,4.41,-0.03,11.0,3.73,12.0,0.5,0.4,0.5,1010.22,1012.2,1012.95,1011.75,12.0,2.24,12.0,0.5,0.4,0.5,1.6,2.0,4.0,2.6,11.0,1.6,10.0,0.5,0.4,0.5,-117.2,-42.2,-0.1,-52.1,11.0,56.6,12.0,0.5,0.4,0.5,-42.7,-7.2,25.5,-7.4,11.0,31.3,12.0,0.5,0.4,0.5,-1.12,0.0,2.71,0.57,11.0,2.01,10.0,0.5,0.4,0.5,-11.7,0.0,15.5,2.0,10.0,13.0,10.0,0.6,0.4,0.5,4.91,5.8,7.02,5.77,10.0,1.32,12.0,0.5,0.4,0.5,17.2,43.0,58.9,39.7,9.0,21.7,12.0,0.6,0.5,0.5,-281.6,-153.4,-2.8,-139.2,11.0,137.3,12.0,0.5,0.4,0.5,-101.7,-39.3,113.6,-2.0,11.0,99.0,12.0,0.5,0.4,0.5,-181.3,-111.6,-1.3,-92.7,10.0,90.8,12.0,0.5,0.4,0.5,-66.0,-7.2,80.6,2.5,10.0,68.9,12.0,0.5,0.4,0.5,-53.5,-35.4,-0.2,-26.4,9.0,28.9,12.0,0.6,0.5,0.5,-18.5,4.9,32.5,5.2,9.0,24.4,12.0,0.6,0.5,0.5,47.5,301.0,1410.0,618.0,11.0,702.5,12.0,0.5,0.4,0.5,50.0,300.0,1410.0,620.0,11.0,700.0,12.0,0.5,0.4,0.5
1974,2,45.0,-27.0,26.37,27.3,28.14,27.27,19.0,1.17,16.0,0.4,0.4,0.5,25.77,27.1,28.0,27.09,22.0,1.13,16.0,0.5,0.3,0.6,17.25,18.2,18.88,18.28,19.0,1.18,16.0,0.5,0.4,0.6,78.4,80.5,85.8,81.8,19.0,3.7,16.0,0.5,0.6,7.03,10.05,12.7,10.01,22.0,2.56,16.0,0.5,0.3,0.6,-11.93,-9.72,-5.93,-8.81,22.0,3.98,16.0,0.5,0.3,0.6,-4.65,-1.67,1.19,-1.69,22.0,3.37,16.0,0.5,0.3,0.6,1011.47,1013.25,1014.43,1013.41,22.0,2.47,16.0,0.5,0.3,0.6,1.2,2.0,5.0,3.0,21.0,2.2,16.0,0.5,0.3,0.6,-147.4,-95.5,-38.6,-95.2,22.0,55.4,16.0,0.5,0.3,0.6,-51.7,-11.2,12.3,-17.7,22.0,37.3,16.0,0.5,0.3,0.6,-0.5,0.1,1.13,0.26,19.0,1.03,16.0,0.4,0.4,0.5,-5.7,1.2,9.7,2.8,19.0,11.5,16.0,0.4,0.4,0.5,3.59,4.47,4.94,4.16,16.0,0.98,16.0,0.4,0.4,0.5,23.0,43.4,55.0,39.8,16.0,14.8,16.0,0.4,0.4,0.5,-322.6,-264.0,-152.9,-237.6,22.0,109.5,16.0,0.5,0.3,0.6,-126.8,-42.2,32.9,-45.8,22.0,91.5,16.0,0.5,0.3,0.6,-200.0,-163.2,-101.4,-147.9,19.0,74.9,16.0,0.5,0.4,0.6,-86.9,-58.9,33.8,-32.1,19.0,65.3,16.0,0.5,0.4,0.6,-50.9,-38.9,-20.2,-33.7,16.0,19.7,16.0,0.4,0.4,0.5,-22.4,-10.3,9.5,-7.1,16.0,16.0,16.0,0.4,0.4,0.5,352.5,1017.0,2051.5,1185.5,22.0,737.5,16.0,0.5,0.3,0.6,355.0,1015.0,2050.0,1185.0,22.0,735.0,16.0,0.5,0.3,0.6
1974,2,45.0,-26.0,25.69,26.75,29.0,27.2,16.0,1.73,12.0,0.3,0.6,0.2,25.6,26.65,29.12,27.09,18.0,1.5,12.0,0.4,0.5,0.2,17.22,18.08,19.92,18.42,15.0,1.48,14.0,0.3,0.6,0.2,75.9,84.5,90.0,83.7,15.0,7.2,14.0,0.3,0.2,4.1,9.25,14.42,9.28,18.0,4.47,12.0,0.4,0.5,0.2,-13.55,-8.53,-0.66,-7.3,18.0,6.57,12.0,0.4,0.5,0.2,-4.76,0.23,2.94,-0.22,18.0,3.39,12.0,0.4,0.5,0.2,1009.37,1011.15,1012.43,1010.69,18.0,2.67,12.0,0.4,0.5,0.2,1.0,2.5,6.3,3.4,18.0,2.7,12.0,0.4,0.5,0.2,-195.9,-78.9,-3.9,-91.4,18.0,92.0,12.0,0.4,0.5,0.2,-56.1,0.6,20.6,-8.9,18.0,37.9,12.0,0.4,0.5,0.2,-0.52,0.2,1.39,0.37,16.0,1.14,12.0,0.3,0.6,0.2,-4.7,1.0,15.1,2.9,16.0,11.8,12.0,0.3,0.6,0.2,1.55,4.23,6.83,4.2,14.0,2.61,14.0,0.3,0.6,0.2,12.7,31.4,66.2,39.4,14.0,29.7,14.0,0.3,0.6,0.2,-390.1,-226.0,-19.6,-195.6,18.0,176.3,12.0,0.4,0.5,0.2,-127.0,6.5,79.3,-5.3,18.0,92.3,12.0,0.4,0.5,0.2,-250.6,-173.2,21.3,-133.1,15.0,124.2,14.0,0.3,0.6,0.2,-66.5,8.1,44.3,3.9,15.0,55.1,14.0,0.3,0.6,0.2,-65.0,-22.0,-7.5,-28.1,14.0,36.6,14.0,0.3,0.6,0.2,-18.5,0.7,15.2,0.5,14.0,19.2,14.0,0.3,0.6,0.2,69.0,800.0,3018.5,1325.5,18.0,1366.5,12.0,0.4,0.5,0.2,70.0,800.0,3020.0,1325.0,18.0,1365.0,12.0,0.4,0.5,0.2
1974,2,45.0,-16.0,27.27,27.85,28.43,27.85,2.0,1.2,8.0,0.0,0.4,0.8,25.59,26.85,28.11,26.85,2.0,2.62,8.0,0.0,0.4,0.8,16.17,16.39,16.6,16.39,2.0,0.44,8.0,0.0,0.4,0.8,70.1,74.7,79.3,74.7,2.0,9.5,8.0,0.0,0.8,7.7,7.7,7.7,7.7,1.0,0.0,2.0,0.0,0.8,0.7,-7.24,-7.24,-7.24,-7.24,1.0,0.0,2.0,0.0,0.8,0.7,-2.63,-2.63,-2.63,-2.63,1.0,0.0,2.0,0.0,0.8,0.7,1011.41,1011.85,1012.29,1011.85,2.0,0.92,8.0,0.0,0.4,0.8,2.1,4.5,6.9,4.5,2.0,4.9,8.0,0.0,0.4,0.8,-55.7,-55.7,-55.7,-55.7,1.0,0.0,2.0,0.0,0.8,0.7,-20.3,-20.3,-20.3,-20.3,1.0,0.0,2.0,0.0,0.8,0.7,0.32,1.0,1.68,1.0,2.0,1.41,8.0,0.0,0.4,0.8,15.4,15.4,15.4,15.4,1.0,0.0,2.0,0.0,0.8,0.7,6.52,7.12,7.73,7.12,2.0,1.25,8.0,0.0,0.4,0.8,48.0,48.0,48.0,48.0,1.0,0.0,2.0,0.0,0.8,0.7,-180.9,-180.9,-180.9,-180.9,1.0,0.0,2.0,0.0,0.8,0.7,-65.8,-65.8,-65.8,-65.8,1.0,0.0,2.0,0.0,0.8,0.7,-116.3,-116.3,-116.3,-116.3,1.0,0.0,2.0,0.0,0.8,0.7,-42.3,-42.3,-42.3,-42.3,1.0,0.0,2.0,0.0,0.8,0.7,-45.1,-45.1,-45.1,-45.1,1.0,0.0,2.0,0.0,0.8,0.7,-16.4,-16.4,-16.4,-16.4,1.0,0.0,2.0,0.0,0.8,0.7,456.5,456.5,456.5,456.5,1.0,0.0,2.0,0.0,0.8,0.7,455.0,455.0,455.0,455.0,1.0,0.0,2.0,0.0,0.8,0.7
1974,2,45.0,-15.0,28.0,29.0,29.11,28.66,5.0,0.61,4.0,0.4,0.6,0.6,27.0,27.5,28.44,27.68,5.0,0.73,4.0,0.4,0.6,0.6,17.3,17.62,18.37,17.83,4.0,0.83,4.0,0.3,0.6,0.6,76.7,77.7,78.6,77.7,4.0,1.2,4.0,0.3,0.6,2.6,2.6,4.92,3.73,3.0,1.96,4.0,0.7,0.5,0.7,1.02,1.3,4.26,2.61,3.0,2.63,4.0,0.7,0.5,0.7,-2.38,-2.25,-2.12,-2.25,3.0,0.2,4.0,0.7,0.5,0.7,1007.81,1009.7,1010.15,1009.1,5.0,1.33,4.0,0.4,0.6,0.6,1.9,5.0,6.7,4.4,5.0,3.0,4.0,0.4,0.6,0.6,2.7,3.4,24.2,13.2,3.0,17.9,4.0,0.7,0.5,0.7,-10.4,-6.4,-6.0,-8.2,3.0,3.6,4.0,0.7,0.5,0.7,0.2,1.0,1.87,0.98,5.0,1.01,4.0,0.4,0.6,0.6,-1.6,1.6,3.7,1.1,3.0,3.9,4.0,0.7,0.5,0.7,6.43,7.17,7.79,7.11,4.0,0.82,4.0,0.3,0.6,0.6,16.8,18.4,20.0,18.4,2.0,3.3,4.0,0.5,0.4,0.9,28.4,36.9,121.4,74.0,3.0,75.3,4.0,0.7,0.5,0.7,-66.2,-63.9,-60.2,-63.2,3.0,4.4,4.0,0.7,0.5,0.7,17.1,20.2,23.3,20.2,2.0,6.4,4.0,0.5,0.4,0.9,-43.1,-43.0,-42.9,-43.0,2.0,0.3,4.0,0.5,0.4,0.9,7.2,7.5,7.9,7.5,2.0,0.7,4.0,0.5,0.4,0.9,-18.6,-16.7,-14.8,-16.7,2.0,3.9,4.0,0.5,0.4,0.9,17.5,17.5,153.0,83.5,3.0,114.5,4.0,0.7,0.5,0.7,20.0,20.0,155.0,85.0,3.0,115.0,4.0,0.7,0.5,0.7
1974,2,45.0,-13.0,26.07,26.85,27.63,26.85,2.0,1.63,12.0,0.0,0.5,0.8,25.07,25.65,26.23,25.65,2.0,1.2,12.0,0.0,0.5,0.8,16.77,16.77,16.77,16.77,1.0,0.0,18.0,0.0,0.2,1.0,86.0,86.0,86.0,86.0,1.0,0.0,18.0,0.0,1.0,4.43,5.15,5.87,5.15,2.0,1.48,12.0,0.0,0.5,0.8,-5.44,-3.8,-2.16,-3.8,2.0,3.39,12.0,0.0,0.5,0.8,-3.24,-1.93,-0.61,-1.93,2.0,2.72,12.0,0.0,0.5,0.8,1009.26,1010.9,1012.54,1010.9,2.0,3.39,12.0,0.0,0.5,0.8,1.1,3.5,5.9,3.5,2.0,4.9,12.0,0.0,0.5,0.8,-33.3,-22.1,-10.9,-22.1,2.0,23.1,12.0,0.0,0.5,0.8,-13.3,-7.9,-2.5,-7.9,2.0,11.2,12.0,0.0,0.5,0.8,1.0,1.2,1.4,1.2,2.0,0.42,12.0,0.0,0.5,0.8,5.7,5.9,6.1,5.9,2.0,0.4,12.0,0.0,0.5,0.8,3.85,3.85,3.85,3.85,1.0,0.0,18.0,0.0,0.2,1.0,23.9,23.9,23.9,23.9,1.0,0.0,18.0,0.0,0.2,1.0,-135.3,-95.5,-55.7,-95.5,2.0,82.4,12.0,0.0,0.5,0.8,-85.9,-51.0,-16.2,-51.0,2.0,72.2,12.0,0.0,0.5,0.8,-104.0,-104.0,-104.0,-104.0,1.0,0.0,18.0,0.0,0.2,1.0,0.0,0.0,0.0,0.0,1.0,0.0,18.0,0.0,0.2,1.0,-23.9,-23.9,-23.9,-23.9,1.0,0.0,18.0,0.0,0.2,1.0,0.0,0.0,0.0,0.0,1.0,0.0,18.0,0.0,0.2,1.0,96.0,153.5,211.5,153.5,2.0,120.0,12.0,0.0,0.5,0.8,95.0,155.0,210.0,155.0,2.0,120.0,12.0,0.0,0.5,0.8
1974,2,45.0,-12.0,28.2,28.95,29.74,28.88,10.0,1.01,18.0,0.7,0.2,0.7,27.13,27.7,28.0,27.73,8.0,0.63,20.0,0.6,0.2,0.6,17.45,18.12,18.74,18.07,8.0,0.67,20.0,0.6,0.2,0.6,76.3,77.7,79.4,77.7,8.0,2.9,20.0,0.6,0.6,2.6,4.1,6.24,4.33,9.0,1.89,18.0,0.8,0.2,0.7,-1.92,-0.71,3.3,0.19,9.0,2.41,18.0,0.8,0.2,0.7,-5.87,-2.6,-1.63,-3.13,9.0,2.8,18.0,0.8,0.2,0.7,1009.13,1010.0,1011.77,1010.4,9.0,1.51,20.0,0.7,0.2,0.6,2.4,6.0,8.0,5.5,10.0,2.7,18.0,0.7,0.2,0.7,-7.6,-2.8,14.6,1.6,9.0,12.1,18.0,0.8,0.2,0.7,-37.1,-8.4,-3.6,-16.9,9.0,20.4,18.0,0.8,0.2,0.7,0.8,1.0,2.82,1.44,8.0,1.19,20.0,0.6,0.2,0.6,1.6,3.6,12.4,5.8,7.0,5.6,18.0,0.7,0.2,0.6,6.07,7.12,8.99,7.36,8.0,1.33,20.0,0.6,0.2,0.6,15.3,37.3,43.0,30.5,7.0,13.7,18.0,0.7,0.2,0.6,-55.0,-19.3,77.1,-0.4,7.0,63.0,18.0,0.7,0.2,0.6,-177.9,-72.8,-45.7,-101.8,7.0,66.6,18.0,0.7,0.2,0.6,-36.4,-13.1,50.7,-0.5,7.0,41.3,18.0,0.7,0.2,0.6,-119.2,-47.1,-30.2,-67.4,7.0,44.6,18.0,0.7,0.2,0.6,-11.9,-6.5,16.7,0.9,7.0,17.2,18.0,0.7,0.2,0.6,-40.4,-20.0,-10.5,-25.7,7.0,14.3,18.0,0.7,0.2,0.6,17.5,69.0,253.5,126.0,9.0,153.0,18.0,0.8,0.2,0.7,20.0,70.0,255.0,125.0,9.0,155.0,18.0,0.8,0.2,0.7
1974,2,45.0,-11.0,28.0,28.9,29.11,28.57,10.0,1.07,14.0,0.6,0.6,0.4,26.83,27.65,28.83,27.82,10.0,1.1,14.0,0.6,0.6,0.4,17.91,17.99,18.74,18.3,5.0,0.59,18.0,0.4,0.5,0.4,75.8,78.4,85.3,79.7,6.0,5.0,16.0,0.3,0.4,0.43,3.1,6.16,3.3,10.0,2.83,14.0,0.6,0.6,0.4,-2.6,0.0,2.35,-0.52,10.0,3.05,14.0,0.6,0.6,0.4,-3.55,-0.31,0.41,-1.65,10.0,2.74,14.0,0.6,0.6,0.4,1008.17,1010.45,1011.44,1010.28,8.0,1.79,14.0,0.6,0.5,0.5,2.0,3.0,5.3,3.4,10.0,2.4,14.0,0.6,0.6,0.4,-9.0,0.0,11.8,-3.6,10.0,18.6,14.0,0.6,0.6,0.4,-22.5,-1.1,0.7,-11.5,10.0,20.5,14.0,0.6,0.6,0.4,0.0,0.4,1.94,0.75,10.0,0.99,14.0,0.6,0.6,0.4,0.0,0.6,3.1,1.3,10.0,3.5,14.0,0.6,0.6,0.4,4.88,6.24,6.64,5.72,5.0,1.46,18.0,0.4,0.5,0.4,0.0,17.1,31.9,17.3,5.0,18.8,18.0,0.4,0.5,0.4,-70.7,0.0,68.4,-13.0,10.0,85.2,14.0,0.6,0.6,0.4,-96.7,-8.9,11.3,-47.2,10.0,79.6,14.0,0.6,0.6,0.4,-73.6,0.0,23.3,-20.6,5.0,67.9,18.0,0.4,0.5,0.4,-32.3,0.0,3.0,-14.4,5.0,31.3,18.0,0.4,0.5,0.4,-25.0,0.0,8.7,-6.4,5.0,23.3,18.0,0.4,0.5,0.4,-10.9,0.0,1.1,-4.8,5.0,10.3,18.0,0.4,0.5,0.4,0.5,32.0,290.5,117.5,10.0,195.5,14.0,0.6,0.6,0.4,0.0,30.0,290.0,115.0,10.0,195.0,14.0,0.6,0.6,0.4
1974,2,45.0,-10.0,27.99,28.9,29.7,28.62,13.0,1.4,16.0,0.5,0.5,0.6,27.42,28.0,28.97,28.04,14.0,0.84,16.0,0.6,0.5,0.6,17.67,18.31,19.03,18.62,13.0,1.42,18.0,0.5,0.5,0.6,72.9,77.6,82.2,78.5,13.0,6.4,18.0,0.5,0.6,0.22,3.1,4.99,3.01,15.0,2.02,16.0,0.6,0.5,0.6,-1.73,-1.23,0.84,-0.48,15.0,1.9,16.0,0.6,0.5,0.6,-4.32,-1.99,0.0,-2.17,15.0,2.22,16.0,0.6,0.5,0.6,1008.41,1008.9,1010.74,1009.24,14.0,1.01,16.0,0.6,0.5,0.6,3.0,4.0,7.0,4.3,15.0,2.3,16.0,0.6,0.5,0.6,-7.1,-4.3,5.2,-1.1,15.0,7.8,16.0,0.6,0.5,0.6,-19.9,-5.2,0.0,-10.3,15.0,11.8,16.0,0.6,0.5,0.6,-0.51,0.5,2.05,0.53,12.0,1.74,16.0,0.5,0.5,0.6,0.0,2.1,5.1,2.6,12.0,3.6,16.0,0.5,0.5,0.6,2.9,6.43,7.63,5.84,12.0,2.28,16.0,0.5,0.5,0.6,0.0,19.1,31.2,17.1,12.0,15.0,16.0,0.5,0.5,0.6,-48.6,-29.4,28.2,-10.6,14.0,55.3,16.0,0.6,0.5,0.6,-122.2,-34.5,0.0,-56.7,14.0,62.3,16.0,0.6,0.5,0.6,-31.5,-15.9,22.0,-5.0,13.0,35.6,18.0,0.5,0.5,0.6,-84.1,-36.5,0.0,-41.1,13.0,42.6,18.0,0.5,0.5,0.6,-11.6,-2.6,1.9,-3.1,12.0,11.1,16.0,0.5,0.5,0.6,-29.3,-6.0,0.0,-12.9,12.0,15.2,16.0,0.5,0.5,0.6,0.0,30.0,125.0,60.0,15.0,68.5,16.0,0.6,0.5,0.6,0.0,30.0,125.0,60.0,15.0,70.0,16.0,0.6,0.5,0.6
1974,2,45.0,-9.0,27.8,28.8,29.5,28.69,16.0,0.82,14.0,0.5,0.3,0.7,27.0,28.0,30.46,28.72,17.0,1.87,14.0,0.5,0.3,0.6,17.17,18.44,19.82,18.68,15.0,2.53,14.0,0.5,0.3,0.6,69.7,74.5,84.1,76.3,15.0,9.3,14.0,0.5,0.6,0.0,4.1,5.61,3.17,17.0,2.67,14.0,0.5,0.3,0.6,-2.42,0.0,1.05,-0.29,17.0,2.4,14.0,0.5,0.3,0.6,-4.56,-3.38,0.0,-2.5,17.0,2.3,14.0,0.5,0.3,0.6,1008.85,1009.7,1011.3,1010.11,18.0,2.18,14.0,0.5,0.3,0.6,2.0,3.0,5.5,3.4,17.0,2.1,14.0,0.5,0.3,0.7,-11.7,0.0,3.3,-2.3,17.0,15.0,14.0,0.5,0.3,0.6,-21.8,-12.2,0.0,-12.7,17.0,14.2,14.0,0.5,0.3,0.6,-2.49,0.3,1.84,0.05,15.0,1.98,14.0,0.5,0.3,0.7,-1.7,0.0,2.8,-1.1,14.0,8.0,14.0,0.5,0.3,0.7,3.76,6.57,7.73,6.11,14.0,3.12,14.0,0.5,0.3,0.6,0.0,6.7,26.7,11.9,13.0,13.2,14.0,0.5,0.3,0.6,-58.6,0.0,29.7,-4.9,16.0,72.1,14.0,0.5,0.3,0.6,-131.1,-78.1,0.0,-68.2,16.0,67.7,14.0,0.5,0.3,0.6,-16.2,0.0,21.0,7.1,14.0,36.6,16.0,0.5,0.4,0.6,-78.8,-23.6,0.0,-35.4,14.0,38.5,16.0,0.5,0.4,0.6,-1.9,0.0,6.1,0.7,13.0,6.0,14.0,0.5,0.3,0.6,-23.6,-6.6,0.0,-11.1,13.0,12.5,14.0,0.5,0.3,0.6,0.0,69.0,181.5,95.0,17.0,122.5,14.0,0.5,0.3,0.6,0.0,70.0,180.0,95.0,17.0,125.0,14.0,0.5,0.3,0.6
1974,2,45.0,-8.0,27.8,28.85,29.72,28.86,18.0,0.9,14.0,0.6,0.4,0.6,27.0,27.8,29.35,28.15,17.0,1.28,14.0,0.5,0.4,0.6,17.05,18.25,19.86,18.44,14.0,1.37,14.0,0.4,0.4,0.7,73.6,78.7,84.1,78.5,14.0,4.7,14.0,0.4,0.7,0.0,3.1,6.39,3.69,17.0,2.68,14.0,0.6,0.4,0.6,-2.67,0.0,1.03,-0.86,17.0,1.79,14.0,0.6,0.4,0.6,-5.76,-2.37,0.0,-2.97,17.0,2.88,14.0,0.6,0.4,0.6,1008.31,1010.6,1012.0,1010.55,20.0,2.35,14.0,0.6,0.4,0.6,2.0,3.0,4.0,2.8,20.0,1.6,14.0,0.6,0.4,0.6,-13.0,0.0,3.5,-4.9,17.0,10.0,14.0,0.6,0.4,0.6,-37.1,-7.4,0.0,-17.5,17.0,21.0,14.0,0.6,0.4,0.6,-0.3,1.0,2.11,0.83,15.0,1.34,14.0,0.5,0.4,0.6,0.0,3.2,6.8,2.8,12.0,3.5,14.0,0.5,0.3,0.6,4.61,6.66,8.2,6.4,13.0,1.85,14.0,0.4,0.3,0.7,0.0,18.1,37.2,19.2,10.0,21.1,14.0,0.4,0.3,0.7,-78.2,0.0,34.5,-15.8,14.0,51.5,14.0,0.5,0.4,0.6,-174.0,-91.1,0.0,-83.9,14.0,87.2,14.0,0.5,0.4,0.6,-40.6,0.0,22.9,-2.6,11.0,31.0,14.0,0.4,0.3,0.7,-103.5,-38.3,0.0,-44.0,11.0,59.9,14.0,0.4,0.3,0.7,-5.4,0.0,11.0,1.8,10.0,9.6,14.0,0.4,0.3,0.7,-35.5,-5.6,0.0,-14.5,10.0,22.8,14.0,0.4,0.3,0.7,0.0,30.0,272.0,125.5,17.0,171.5,14.0,0.6,0.4,0.6,0.0,30.0,270.0,125.0,17.0,170.0,14.0,0.6,0.4,0.6
1974,2,45.0,-7.0,27.94,28.65,29.43,28.61,18.0,0.86,20.0,0.6,0.5,0.4,27.07,28.2,29.44,28.39,18.0,1.54,20.0,0.6,0.5,0.4,15.78,17.32,18.84,17.56,17.0,1.71,20.0,0.6,0.5,0.4,67.1,72.8,75.9,72.0,17.0,4.5,20.0,0.6,0.4,2.63,4.1,7.14,4.9,14.0,2.42,18.0,0.5,0.6,0.5,-3.55,-1.32,0.83,-1.18,14.0,2.31,18.0,0.5,0.6,0.5,-6.15,-3.7,-2.44,-4.31,14.0,2.2,18.0,0.5,0.6,0.5,1009.4,1011.5,1013.23,1011.48,18.0,2.03,20.0,0.6,0.5,0.4,1.0,4.0,7.0,3.9,18.0,2.7,20.0,0.6,0.5,0.4,-24.2,-5.1,2.2,-6.8,14.0,17.7,18.0,0.5,0.6,0.5,-43.9,-15.2,-6.4,-26.0,14.0,26.6,18.0,0.5,0.6,0.5,-1.08,0.5,1.58,0.22,18.0,1.75,20.0,0.6,0.5,0.4,-6.2,0.5,7.2,-0.3,14.0,9.9,18.0,0.5,0.6,0.5,6.21,6.85,8.58,6.91,17.0,1.84,20.0,0.6,0.5,0.4,16.1,24.2,50.8,33.1,13.0,21.4,18.0,0.5,0.5,0.5,-104.2,-36.5,25.0,-35.2,14.0,67.7,18.0,0.5,0.6,0.5,-180.4,-100.8,-69.1,-123.9,14.0,63.4,18.0,0.5,0.6,0.5,-64.3,-19.2,19.6,-20.8,13.0,44.6,18.0,0.5,0.5,0.5,-111.3,-59.4,-44.4,-78.3,13.0,41.4,18.0,0.5,0.5,0.5,-20.1,-6.6,6.5,-6.9,13.0,16.3,18.0,0.5,0.5,0.5,-44.5,-22.8,-13.0,-29.6,13.0,19.5,18.0,0.5,0.5,0.5,18.5,69.0,364.5,209.5,14.0,300.0,18.0,0.5,0.6,0.5,20.0,70.0,365.0,210.0,14.0,300.0,18.0,0.5,0.6,0.5
1974,2,45.0,-6.0,27.18,28.5,29.1,28.31,15.0,1.1,16.0,0.5,0.7,0.4,26.12,27.4,29.62,27.65,15.0,1.98,16.0,0.5,0.7,0.4,16.15,17.25,19.61,17.8,13.0,1.59,16.0,0.5,0.7,0.4,71.5,78.3,84.5,79.5,13.0,9.2,16.0,0.5,0.4,2.49,5.1,7.25,4.7,13.0,2.5,16.0,0.5,0.6,0.4,-4.72,-2.12,0.09,-2.3,13.0,2.3,16.0,0.5,0.6,0.4,-5.55,-3.91,-1.12,-3.72,13.0,2.04,16.0,0.5,0.6,0.4,1008.52,1010.4,1011.29,1010.18,14.0,1.92,18.0,0.5,0.7,0.4,2.0,3.0,5.8,3.9,15.0,2.1,16.0,0.5,0.7,0.4,-34.5,-11.1,0.1,-15.3,13.0,17.3,16.0,0.5,0.6,0.4,-38.3,-16.7,-2.3,-21.9,13.0,17.5,16.0,0.5,0.6,0.4,-1.11,0.6,2.48,0.66,15.0,2.27,16.0,0.5,0.7,0.4,-7.4,0.8,6.3,-0.3,13.0,12.8,16.0,0.5,0.6,0.4,4.67,6.21,8.97,6.48,13.0,1.99,16.0,0.5,0.7,0.4,10.5,26.2,41.8,27.0,11.0,15.9,16.0,0.5,0.7,0.4,-140.2,-58.5,2.4,-65.3,13.0,65.0,16.0,0.5,0.6,0.4,-161.1,-111.8,-29.7,-105.1,13.0,60.6,16.0,0.5,0.6,0.4,-72.9,-39.0,6.9,-38.1,11.0,40.7,16.0,0.5,0.7,0.4,-101.8,-66.4,-19.1,-61.8,11.0,37.4,16.0,0.5,0.7,0.4,-26.9,-12.2,1.9,-12.4,11.0,14.1,16.0,0.5,0.7,0.4,-35.6,-21.9,-5.0,-21.4,11.0,13.4,16.0,0.5,0.7,0.4,16.0,132.5,381.0,182.0,13.0,201.5,16.0,0.5,0.6,0.4,15.0,135.0,380.0,180.0,13.0,200.0,16.0,0.5,0.6,0.4
1974,2,45.0,-5.0,27.0,27.7,29.23,27.86,10.0,1.17,14.0,0.8,0.5,0.5,27.25,28.2,29.28,28.23,9.0,1.19,12.0,0.8,0.5,0.4,16.73,17.97,18.56,17.88,9.0,1.28,12.0,0.8,0.5,0.4,69.4,73.5,80.7,74.6,9.0,5.5,12.0,0.8,0.4,2.74,4.1,6.99,4.53,10.0,2.0,14.0,0.8,0.5,0.5,-3.99,-2.35,-0.04,-2.04,10.0,2.56,14.0,0.8,0.5,0.5,-4.88,-2.88,-1.81,-3.25,10.0,1.97,14.0,0.8,0.5,0.5,1008.36,1010.15,1012.01,1010.21,10.0,2.15,14.0,0.8,0.5,0.5,1.0,3.0,5.1,3.0,10.0,2.0,14.0,0.8,0.5,0.5,-27.7,-9.7,0.7,-11.7,10.0,15.6,14.0,0.8,0.5,0.5,-32.3,-11.0,-5.0,-17.8,10.0,17.3,14.0,0.8,0.5,0.5,-1.6,-0.2,1.24,-0.28,9.0,1.49,12.0,0.8,0.5,0.4,-8.8,-0.4,3.2,-2.2,9.0,6.9,12.0,0.8,0.5,0.4,3.56,5.6,7.46,5.83,9.0,2.37,12.0,0.8,0.5,0.4,12.3,20.2,31.7,23.0,9.0,10.6,12.0,0.8,0.5,0.4,-87.7,-54.8,7.5,-49.8,9.0,71.4,12.0,0.8,0.5,0.4,-112.9,-74.3,-49.6,-85.8,9.0,55.5,12.0,0.8,0.5,0.4,-56.8,-37.1,4.7,-31.7,9.0,45.6,12.0,0.8,0.5,0.4,-69.4,-48.9,-30.3,-54.9,9.0,39.0,12.0,0.8,0.5,0.4,-25.4,-10.1,2.4,-11.0,9.0,13.9,12.0,0.8,0.5,0.4,-24.3,-16.5,-7.4,-16.1,9.0,9.2,12.0,0.8,0.5,0.4,25.5,69.0,342.0,145.0,10.0,165.5,14.0,0.8,0.5,0.5,25.0,70.0,340.0,145.0,10.0,165.0,14.0,0.8,0.5,0.5
1974,2,45.0,-4.0,27.0,27.3,27.7,27.35,4.0,0.41,8.0,0.3,0.4,0.6,26.5,26.5,27.56,26.96,5.0,0.68,8.0,0.4,0.3,0.6,16.84,17.57,18.52,17.67,4.0,1.3,8.0,0.3,0.4,0.6,76.1,81.1,85.4,80.8,4.0,7.3,8.0,0.3,0.6,8.72,9.3,10.09,9.4,4.0,1.07,8.0,0.3,0.4,0.6,-6.48,-5.98,-4.32,-5.43,4.0,1.81,8.0,0.3,0.4,0.6,-8.0,-7.41,-7.12,-7.56,4.0,0.55,8.0,0.3,0.4,0.6,1009.33,1009.75,1010.74,1010.03,4.0,1.11,8.0,0.3,0.4,0.6,2.3,4.0,4.7,3.6,5.0,1.8,8.0,0.4,0.3,0.6,-65.7,-55.6,-38.5,-52.3,4.0,21.6,8.0,0.3,0.4,0.6,-78.4,-66.3,-64.6,-71.3,4.0,12.1,8.0,0.3,0.4,0.6,0.5,0.5,0.81,0.65,4.0,0.3,8.0,0.3,0.4,0.6,4.7,5.0,7.3,5.9,4.0,2.1,8.0,0.3,0.4,0.6,4.29,4.81,6.08,5.16,4.0,1.45,8.0,0.3,0.4,0.6,37.7,48.3,59.9,48.8,4.0,15.0,8.0,0.3,0.4,0.6,-174.1,-160.8,-114.4,-145.0,4.0,48.4,8.0,0.3,0.4,0.6,-212.1,-199.3,-191.5,-201.7,4.0,13.3,8.0,0.3,0.4,0.6,-113.9,-100.9,-74.5,-94.5,4.0,28.8,8.0,0.3,0.4,0.6,-147.4,-135.3,-120.0,-133.8,4.0,16.2,8.0,0.3,0.4,0.6,-38.5,-31.0,-19.3,-29.0,4.0,13.6,8.0,0.3,0.4,0.6,-45.9,-37.0,-31.7,-38.7,4.0,9.5,8.0,0.3,0.4,0.6,672.0,804.5,1043.0,855.0,4.0,295.0,8.0,0.3,0.4,0.6,670.0,805.0,1045.0,855.0,4.0,295.0,8.0,0.3,0.4,0.6
1974,2,45.0,-3.0,27.46,27.6,27.87,27.67,3.0,0.31,8.0,0.7,0.5,0.7,26.39,26.8,27.21,26.8,3.0,0.6,8.0,0.7,0.5,0.7,15.94,16.38,16.82,16.38,2.0,0.91,12.0,1.0,0.6,0.6,71.9,73.0,74.1,73.0,2.0,2.3,12.0,1.0,0.6,6.52,7.2,9.32,7.9,3.0,2.14,8.0,0.7,0.5,0.7,-7.35,-3.99,-3.72,-5.5,3.0,2.97,8.0,0.7,0.5,0.7,-5.89,-5.15,-4.88,-5.38,3.0,0.77,8.0,0.7,0.5,0.7,1008.82,1009.3,1009.98,1009.4,3.0,0.85,8.0,0.7,0.5,0.7,3.0,3.0,4.4,3.7,3.0,1.2,8.0,0.7,0.5,0.7,-70.9,-25.9,-25.1,-47.5,3.0,38.4,8.0,0.7,0.5,0.7,-50.5,-44.9,-34.3,-42.5,3.0,12.0,8.0,0.7,0.5,0.7,0.25,0.8,1.48,0.87,3.0,0.9,8.0,0.7,0.5,0.7,1.8,5.8,9.4,5.6,3.0,5.6,8.0,0.7,0.5,0.7,6.12,6.67,7.22,6.67,2.0,1.13,12.0,1.0,0.6,0.6,54.8,57.1,59.4,57.1,2.0,4.7,12.0,1.0,0.6,0.6,-200.0,-104.4,-99.0,-148.4,3.0,83.2,8.0,0.7,0.5,0.7,-158.9,-141.1,-129.7,-144.2,3.0,21.5,8.0,0.7,0.5,0.7,-136.8,-104.3,-71.8,-104.3,2.0,67.3,12.0,1.0,0.6,0.6,-96.5,-92.9,-89.3,-92.9,2.0,7.4,12.0,1.0,0.6,0.6,-48.3,-39.6,-30.9,-39.6,2.0,18.0,12.0,1.0,0.6,0.6,-44.0,-38.4,-32.8,-38.4,2.0,11.6,12.0,1.0,0.6,0.6,281.0,373.0,864.5,568.0,3.0,459.5,8.0,0.7,0.5,0.7,280.0,375.0,865.0,570.0,3.0,460.0,8.0,0.7,0.5,0.7
1974,2,45.0,-2.0,26.2,26.2,26.2,26.2,1.0,0.0,14.0,0.0,0.9,1.0,25.6,25.6,25.6,25.6,1.0,0.0,14.0,0.0,0.9,1.0,16.82,16.82,16.82,16.82,1.0,0.0,14.0,0.0,0.9,1.0,82.0,82.0,82.0,82.0,1.0,0.0,14.0,0.0,1.0,3.6,3.6,3.6,3.6,1.0,0.0,14.0,0.0,0.9,1.0,-2.76,-2.76,-2.76,-2.76,1.0,0.0,14.0,0.0,0.9,1.0,-2.31,-2.31,-2.31,-2.31,1.0,0.0,14.0,0.0,0.9,1.0,1010.0,1010.0,1010.0,1010.0,1.0,0.0,14.0,0.0,0.9,1.0,4.0,4.0,4.0,4.0,1.0,0.0,14.0,0.0,0.9,1.0,-9.9,-9.9,-9.9,-9.9,1.0,0.0,14.0,0.0,0.9,1.0,-8.3,-8.3,-8.3,-8.3,1.0,0.0,14.0,0.0,0.9,1.0,0.6,0.6,0.6,0.6,1.0,0.0,14.0,0.0,0.9,1.0,2.2,2.2,2.2,2.2,1.0,0.0,14.0,0.0,0.9,1.0,4.5,4.5,4.5,4.5,1.0,0.0,14.0,0.0,0.9,1.0,16.2,16.2,16.2,16.2,1.0,0.0,14.0,0.0,0.9,1.0,-70.6,-70.6,-70.6,-70.6,1.0,0.0,14.0,0.0,0.9,1.0,-59.2,-59.2,-59.2,-59.2,1.0,0.0,14.0,0.0,0.9,1.0,-46.4,-46.4,-46.4,-46.4,1.0,0.0,14.0,0.0,0.9,1.0,-38.9,-38.9,-38.9,-38.9,1.0,0.0,14.0,0.0,0.9,1.0,-12.4,-12.4,-12.4,-12.4,1.0,0.0,14.0,0.0,0.9,1.0,-10.4,-10.4,-10.4,-10.4,1.0,0.0,14.0,0.0,0.9,1.0,46.5,46.5,46.5,46.5,1.0,0.0,14.0,0.0,0.9,1.0,45.0,45.0,45.0,45.0,1.0,0.0,14.0,0.0,0.9,1.0
1974,2,45.0,-1.0,25.69,26.0,26.21,25.95,4.0,0.41,14.0,0.8,0.3,0.6,25.93,26.0,26.27,26.1,3.0,0.26,10.0,1.0,0.4,0.5,16.79,17.02,17.58,17.18,3.0,0.6,10.0,1.0,0.4,0.5,80.4,81.1,82.4,81.4,3.0,1.5,10.0,1.0,0.5,5.84,7.7,9.56,7.7,4.0,2.56,14.0,0.8,0.3,0.6,-7.72,-6.93,-5.07,-6.42,4.0,2.03,14.0,0.8,0.3,0.6,-5.59,-3.53,-2.7,-4.12,4.0,2.01,14.0,0.8,0.3,0.6,1011.28,1012.1,1012.37,1011.83,3.0,0.83,10.0,1.0,0.4,0.5,2.5,3.0,4.0,3.3,4.0,1.3,14.0,0.8,0.3,0.6,-74.5,-53.5,-31.7,-53.1,4.0,30.1,14.0,0.8,0.3,0.6,-55.3,-25.7,-15.6,-35.0,4.0,28.0,14.0,0.8,0.3,0.6,-0.41,0.0,0.07,-0.17,3.0,0.38,10.0,1.0,0.4,0.5,-3.4,0.0,0.5,-1.4,3.0,3.1,10.0,1.0,0.4,0.5,3.41,3.68,4.13,3.77,3.0,0.53,10.0,1.0,0.4,0.5,20.1,26.9,29.9,25.0,3.0,7.3,10.0,1.0,0.4,0.5,-181.7,-175.2,-119.1,-151.0,3.0,50.4,10.0,1.0,0.4,0.5,-97.5,-78.1,-68.3,-82.8,3.0,21.8,10.0,1.0,0.4,0.5,-118.3,-112.9,-78.8,-98.9,3.0,31.4,10.0,1.0,0.4,0.5,-64.4,-52.8,-44.8,-54.5,3.0,14.4,10.0,1.0,0.4,0.5,-27.4,-23.3,-16.3,-21.9,3.0,8.3,10.0,1.0,0.4,0.5,-12.6,-10.9,-10.7,-11.7,3.0,1.6,10.0,1.0,0.4,0.5,228.5,462.5,922.5,570.5,4.0,496.0,14.0,0.8,0.3,0.6,230.0,460.0,920.0,570.0,4.0,495.0,14.0,0.8,0.3,0.6
1974,2,45.0,0.0,27.03,27.1,27.17,27.1,2.0,0.14,4.0,0.5,0.3,0.7,25.98,26.8,27.62,26.8,2.0,1.7,4.0,0.5,0.3,0.7,17.24,17.5,17.75,17.5,2.0,0.53,4.0,0.5,0.3,0.7,74.8,79.8,84.8,79.8,2.0,10.3,4.0,0.5,0.7,5.93,7.7,9.47,7.7,2.0,3.68,4.0,0.5,0.3,0.7,-7.26,-5.9,-4.54,-5.9,2.0,2.82,4.0,0.5,0.3,0.7,-6.09,-4.95,-3.81,-4.95,2.0,2.36,4.0,0.5,0.3,0.7,1010.83,1010.9,1010.97,1010.9,2.0,0.14,4.0,0.5,0.3,0.7,1.8,3.5,5.2,3.5,2.0,3.5,4.0,0.5,0.3,0.7,-71.5,-50.6,-29.7,-50.6,2.0,43.4,4.0,0.5,0.3,0.7,-60.0,-42.5,-24.9,-42.5,2.0,36.4,4.0,0.5,0.3,0.7,-0.59,0.3,1.19,0.3,2.0,1.84,4.0,0.5,0.3,0.7,-7.4,-1.1,5.2,-1.1,2.0,13.1,4.0,0.5,0.3,0.7,4.82,4.98,5.15,4.98,2.0,0.34,4.0,0.5,0.3,0.7,28.9,39.0,49.1,39.0,2.0,21.0,4.0,0.5,0.3,0.7,-201.7,-160.5,-119.2,-160.5,2.0,85.5,4.0,0.5,0.3,0.7,-169.3,-134.7,-100.0,-134.7,2.0,71.7,4.0,0.5,0.3,0.7,-124.7,-102.5,-80.2,-102.5,2.0,46.2,4.0,0.5,0.3,0.7,-104.7,-86.0,-67.3,-86.0,2.0,38.7,4.0,0.5,0.3,0.7,-37.6,-29.9,-22.1,-29.9,2.0,16.0,4.0,0.5,0.3,0.7,-31.6,-25.1,-18.6,-25.1,2.0,13.5,4.0,0.5,0.3,0.7,285.0,612.5,940.5,612.5,2.0,679.0,4.0,0.5,0.3,0.7,285.0,615.0,940.0,615.0,2.0,680.0,4.0,0.5,0.3,0.7
1974,2,45.0,1.0,25.56,26.0,26.71,26.18,11.0,0.76,10.0,0.6,0.4,0.6,25.14,26.3,26.91,26.13,10.0,0.87,12.0,0.6,0.4,0.6,16.25,17.25,17.97,17.03,6.0,1.07,12.0,0.8,0.4,0.5,76.5,78.3,83.5,79.2,6.0,4.4,12.0,0.8,0.5,8.12,8.7,9.12,8.73,11.0,1.37,10.0,0.6,0.4,0.6,-7.9,-7.52,-6.0,-7.2,11.0,1.47,10.0,0.6,0.4,0.6,-5.87,-4.65,-3.5,-4.76,11.0,1.26,10.0,0.6,0.4,0.6,1009.04,1010.7,1012.92,1011.5,8.0,3.06,12.0,0.6,0.4,0.5,0.0,2.0,3.4,1.9,11.0,1.7,10.0,0.6,0.4,0.6,-72.1,-62.0,-50.3,-64.4,11.0,23.4,10.0,0.6,0.4,0.6,-54.5,-43.2,-24.0,-42.3,11.0,15.5,10.0,0.6,0.4,0.6,-0.71,0.15,0.8,0.07,10.0,0.79,12.0,0.6,0.4,0.6,-6.4,1.2,6.9,0.8,10.0,7.1,12.0,0.6,0.4,0.6,2.92,4.31,5.8,4.46,6.0,1.76,12.0,0.8,0.4,0.5,25.4,32.5,48.7,37.0,6.0,15.8,12.0,0.8,0.4,0.5,-211.5,-188.5,-150.2,-186.8,10.0,38.2,12.0,0.6,0.4,0.6,-155.0,-127.0,-87.5,-125.6,10.0,35.0,12.0,0.6,0.4,0.6,-120.4,-107.1,-92.6,-108.5,6.0,21.5,12.0,0.8,0.4,0.5,-100.6,-89.7,-77.7,-90.7,6.0,17.4,12.0,0.8,0.4,0.5,-37.3,-26.6,-19.0,-28.5,6.0,12.7,12.0,0.8,0.4,0.5,-31.3,-18.4,-16.9,-23.4,6.0,10.1,12.0,0.8,0.4,0.5,535.0,658.5,760.0,711.0,11.0,369.5,10.0,0.6,0.4,0.6,535.0,660.0,760.0,710.0,11.0,370.0,10.0,0.6,0.4,0.6
1974,2,45.0,10.0,25.7,25.7,25.7,25.7,1.0,0.0,12.0,1.0,0.1,0.9,26.4,26.4,26.4,26.4,1.0,0.0,12.0,1.0,0.1,0.9,16.13,16.13,16.13,16.13,1.0,0.0,12.0,1.0,0.1,0.9,75.4,75.4,75.4,75.4,1.0,0.0,12.0,1.0,0.9,8.7,8.7,8.7,8.7,1.0,0.0,12.0,1.0,0.1,0.9,-8.18,-8.18,-8.18,-8.18,1.0,0.0,12.0,1.0,0.1,0.9,-2.98,-2.98,-2.98,-2.98,1.0,0.0,12.0,1.0,0.1,0.9,1014.9,1014.9,1014.9,1014.9,1.0,0.0,12.0,1.0,0.1,0.9,7.0,7.0,7.0,7.0,1.0,0.0,12.0,1.0,0.1,0.9,-71.1,-71.1,-71.1,-71.1,1.0,0.0,12.0,1.0,0.1,0.9,-25.9,-25.9,-25.9,-25.9,1.0,0.0,12.0,1.0,0.1,0.9,-0.7,-0.7,-0.7,-0.7,1.0,0.0,12.0,1.0,0.1,0.9,-6.1,-6.1,-6.1,-6.1,1.0,0.0,12.0,1.0,0.1,0.9,4.46,4.46,4.46,4.46,1.0,0.0,12.0,1.0,0.1,0.9,38.8,38.8,38.8,38.8,1.0,0.0,12.0,1.0,0.1,0.9,-215.8,-215.8,-215.8,-215.8,1.0,0.0,12.0,1.0,0.1,0.9,-78.6,-78.6,-78.6,-78.6,1.0,0.0,12.0,1.0,0.1,0.9,-131.9,-131.9,-131.9,-131.9,1.0,0.0,12.0,1.0,0.1,0.9,-48.0,-48.0,-48.0,-48.0,1.0,0.0,12.0,1.0,0.1,0.9,-36.4,-36.4,-36.4,-36.4,1.0,0.0,12.0,1.0,0.1,0.9,-13.3,-13.3,-13.3,-13.3,1.0,0.0,12.0,1.0,0.1,0.9,658.5,658.5,658.5,658.5,1.0,0.0,12.0,1.0,0.1,0.9,660.0,660.0,660.0,660.0,1.0,0.0,12.0,1.0,0.1,0.9
1974,2,45.0,11.0,24.19,24.8,25.41,24.8,2.0,1.27,8.0,0.0,0.7,0.4,24.07,24.45,24.83,24.45,2.0,0.78,8.0,0.0,0.7,0.4,15.37,15.37,15.37,15.37,1.0,0.0,12.0,0.0,0.5,0.0,83.3,83.3,83.3,83.3,1.0,0.0,12.0,0.0,0.0,7.42,10.05,12.68,10.05,2.0,5.44,8.0,0.0,0.7,0.4,-12.44,-9.76,-7.07,-9.76,2.0,5.56,8.0,0.0,0.7,0.4,-2.37,-2.27,-2.17,-2.27,2.0,0.21,8.0,0.0,0.7,0.4,1013.97,1014.55,1015.13,1014.55,2.0,1.2,8.0,0.0,0.7,0.4,2.0,4.0,6.0,4.0,2.0,4.2,8.0,0.0,0.7,0.4,-165.8,-113.2,-60.6,-113.2,2.0,109.0,8.0,0.0,0.7,0.4,-30.3,-23.3,-16.4,-23.3,2.0,14.4,8.0,0.0,0.7,0.4,-0.64,0.35,1.34,0.35,2.0,2.05,8.0,0.0,0.7,0.4,-11.1,-2.1,7.0,-2.1,2.0,18.7,8.0,0.0,0.7,0.4,5.24,5.24,5.24,5.24,1.0,0.0,12.0,0.0,0.5,0.0,32.5,32.5,32.5,32.5,1.0,0.0,12.0,0.0,0.5,0.0,-310.0,-240.7,-171.5,-240.7,2.0,143.5,8.0,0.0,0.7,0.4,-58.8,-55.5,-52.2,-55.5,2.0,6.8,8.0,0.0,0.7,0.4,-89.6,-89.6,-89.6,-89.6,1.0,0.0,12.0,0.0,0.5,0.0,-32.6,-32.6,-32.6,-32.6,1.0,0.0,12.0,0.0,0.5,0.0,-30.5,-30.5,-30.5,-30.5,1.0,0.0,12.0,0.0,0.5,0.0,-11.1,-11.1,-11.1,-11.1,1.0,0.0,12.0,0.0,0.5,0.0,626.5,1462.0,2297.0,1462.0,2.0,1730.5,8.0,0.0,0.7,0.4,625.0,1460.0,2295.0,1460.0,2.0,1730.0,8.0,0.0,0.7,0.4
1974,2,45.0,12.0,25.0,25.45,26.75,25.72,14.0,0.9,18.0,0.5,0.5,0.6,24.02,24.9,26.57,25.09,15.0,1.19,18.0,0.5,0.5,0.6,14.75,15.85,17.43,15.92,8.0,1.68,18.0,0.5,0.6,0.6,71.4,80.8,89.5,80.9,8.0,9.1,18.0,0.5,0.6,4.02,5.7,8.16,6.13,15.0,2.61,18.0,0.5,0.5,0.6,-7.66,-5.64,-4.02,-5.87,15.0,2.27,18.0,0.5,0.5,0.6,-2.43,0.0,0.53,-0.81,15.0,2.05,18.0,0.5,0.5,0.6,1011.92,1013.5,1015.88,1013.79,15.0,2.28,18.0,0.5,0.5,0.6,0.0,1.0,3.0,1.5,15.0,1.5,18.0,0.5,0.5,0.6,-62.5,-32.5,-16.2,-41.5,15.0,34.7,18.0,0.5,0.5,0.6,-18.9,0.0,1.1,-8.3,15.0,22.9,18.0,0.5,0.5,0.6,0.01,0.95,1.87,0.75,14.0,1.29,18.0,0.5,0.5,0.6,0.0,3.4,18.4,6.0,14.0,10.1,18.0,0.5,0.5,0.6,2.68,5.15,7.46,5.21,7.0,2.27,18.0,0.4,0.6,0.6,14.0,25.7,54.5,34.3,7.0,21.7,18.0,0.4,0.6,0.6,-201.7,-145.3,-100.6,-146.9,15.0,54.5,18.0,0.5,0.5,0.6,-60.7,0.0,13.1,-19.6,15.0,49.6,18.0,0.5,0.5,0.6,-135.0,-105.6,-74.7,-103.4,8.0,44.9,18.0,0.5,0.6,0.6,-40.4,0.0,7.8,-15.9,8.0,39.7,18.0,0.5,0.6,0.6,-51.3,-25.7,-14.0,-32.5,7.0,20.4,18.0,0.4,0.6,0.6,-18.8,0.0,5.9,-4.3,7.0,13.2,18.0,0.4,0.6,0.6,65.0,185.0,542.5,362.5,15.0,531.5,18.0,0.5,0.5,0.6,65.0,185.0,545.0,365.0,15.0,530.0,18.0,0.5,0.5,0.6
1974,2,45.0,13.0,,,,,,,,,,,,,,,,,,,,,,,,,,,,,,,,,,,,,,,,4.1,4.1,4.1,4.1,1.0,0.0,22.0,0.0,0.7,0.0,-4.1,-4.1,-4.1,-4.1,1.0,0.0,22.0,0.0,0.7,0.0,0.0,0.0,0.0,0.0,1.0,0.0,22.0,0.0,0.7,0.0,1015.0,1015.0,1015.0,1015.0,1.0,0.0,22.0,0.0,0.7,0.0,,,,,,,,,,,,,,,,,,,,,,,,,,,,,,,,,,,,,,,,,,,,,,,,,,,,,,,,,,,,,,,,,,,,,,,,,,,,,,,,,,,,,,,,,,,,,,,,,,,,,,,,,,,,,,,,,,,,,,,,,,,,,,,,,,,,,,,,,,,,,,,,,,,,,,
1974,2,46.0,-67.0,-1.1,-1.1,-1.1,-1.1,1.0,0.0,16.0,1.0,0.3,0.9,-0.3,-0.3,-0.3,-0.3,1.0,0.0,16.0,1.0,0.3,0.9,3.68,3.68,3.68,3.68,1.0,0.0,16.0,1.0,0.3,0.9,96.4,96.4,96.4,96.4,1.0,0.0,16.0,1.0,0.9,2.6,2.6,2.6,2.6,1.0,0.0,16.0,1.0,0.3,0.9,1.99,1.99,1.99,1.99,1.0,0.0,16.0,1.0,0.3,0.9,1.67,1.67,1.67,1.67,1.0,0.0,16.0,1.0,0.3,0.9,979.9,979.9,979.9,979.9,1.0,0.0,16.0,1.0,0.3,0.9,8.0,8.0,8.0,8.0,1.0,0.0,16.0,1.0,0.3,0.9,5.2,5.2,5.2,5.2,1.0,0.0,16.0,1.0,0.3,0.9,4.3,4.3,4.3,4.3,1.0,0.0,16.0,1.0,0.3,0.9,-0.8,-0.8,-0.8,-0.8,1.0,0.0,16.0,1.0,0.3,0.9,-2.1,-2.1,-2.1,-2.1,1.0,0.0,16.0,1.0,0.3,0.9,-0.08,-0.08,-0.08,-0.08,1.0,0.0,16.0,1.0,0.3,0.9,-0.2,-0.2,-0.2,-0.2,1.0,0.0,16.0,1.0,0.3,0.9,-0.6,-0.6,-0.6,-0.6,1.0,0.0,16.0,1.0,0.3,0.9,-0.5,-0.5,-0.5,-0.5,1.0,0.0,16.0,1.0,0.3,0.9,7.3,7.3,7.3,7.3,1.0,0.0,16.0,1.0,0.3,0.9,6.2,6.2,6.2,6.2,1.0,0.0,16.0,1.0,0.3,0.9,-0.2,-0.2,-0.2,-0.2,1.0,0.0,16.0,1.0,0.3,0.9,-0.1,-0.1,-0.1,-0.1,1.0,0.0,16.0,1.0,0.3,0.9,17.5,17.5,17.5,17.5,1.0,0.0,16.0,1.0,0.3,0.9,20.0,20.0,20.0,20.0,1.0,0.0,16.0,1.0,0.3,0.9
1974,2,46.0,-45.0,,,,,,,,,,,,,,,,,,,,,,,,,,,,,,,,,,,,,,,,1.0,1.0,1.0,1.0,1.0,0.0,6.0,1.0,0.4,0.6,0.71,0.71,0.71,0.71,1.0,0.0,6.0,1.0,0.4,0.6,0.71,0.71,0.71,0.71,1.0,0.0,6.0,1.0,0.4,0.6,1019.5,1019.5,1019.5,1019.5,1.0,0.0,6.0,1.0,0.4,0.6,,,,,,,,,,,,,,,,,,,,,,,,,,,,,,,,,,,,,,,,,,,,,,,,,,,,,,,,,,,,,,,,,,,,,,,,,,,,,,,,,,,,,,,,,,,,,,,,,,,,,,,,,,,,,,,,,,,,,,,,,,,,,,,,,,,,,,,,,,,,,,,,,,,,,,
1974,2,46.0,-41.0,,,,,,,,,,,,,,,,,,,,,,,,,,,,,,,,,,,,,,,,6.36,6.7,7.04,6.7,2.0,0.71,4.0,1.0,0.6,0.3,0.92,2.91,4.9,2.91,2.0,4.12,4.0,1.0,0.6,0.3,-5.72,-2.54,0.64,-2.54,2.0,6.59,4.0,1.0,0.6,0.3,1019.3,1021.65,1024.01,1021.65,2.0,4.88,4.0,1.0,0.6,0.3,,,,,,,,,,,,,,,,,,,,,,,,,,,,,,,,,,,,,,,,,,,,,,,,,,,,,,,,,,,,,,,,,,,,,,,,,,,,,,,,,,,,,,,,,,,,,,,,,,,,,,,,,,,,,,,,,,,,,,,,,,,,,,,,,,,,,,,,,,,,,,,,,,,,,,
1974,2,46.0,-39.0,21.0,21.0,21.0,21.0,1.0,0.0,10.0,1.0,0.0,0.5,17.5,17.5,17.5,17.5,1.0,0.0,10.0,1.0,0.0,0.5,10.08,10.08,10.08,10.08,1.0,0.0,10.0,1.0,0.0,0.5,81.0,81.0,81.0,81.0,1.0,0.0,10.0,1.0,0.5,12.3,12.3,12.3,12.3,1.0,0.0,10.0,1.0,0.0,0.5,10.65,10.65,10.65,10.65,1.0,0.0,10.0,1.0,0.0,0.5,6.15,6.15,6.15,6.15,1.0,0.0,10.0,1.0,0.0,0.5,1009.1,1009.1,1009.1,1009.1,1.0,0.0,10.0,1.0,0.0,0.5,8.0,8.0,8.0,8.0,1.0,0.0,10.0,1.0,0.0,0.5,131.0,131.0,131.0,131.0,1.0,0.0,10.0,1.0,0.0,0.5,75.6,75.6,75.6,75.6,1.0,0.0,10.0,1.0,0.0,0.5,3.5,3.5,3.5,3.5,1.0,0.0,10.0,1.0,0.0,0.5,43.1,43.1,43.1,43.1,1.0,0.0,10.0,1.0,0.0,0.5,5.46,5.46,5.46,5.46,1.0,0.0,10.0,1.0,0.0,0.5,67.1,67.1,67.1,67.1,1.0,0.0,10.0,1.0,0.0,0.5,186.4,186.4,186.4,186.4,1.0,0.0,10.0,1.0,0.0,0.5,107.6,107.6,107.6,107.6,1.0,0.0,10.0,1.0,0.0,0.5,107.4,107.4,107.4,107.4,1.0,0.0,10.0,1.0,0.0,0.5,62.0,62.0,62.0,62.0,1.0,0.0,10.0,1.0,0.0,0.5,58.1,58.1,58.1,58.1,1.0,0.0,10.0,1.0,0.0,0.5,33.6,33.6,33.6,33.6,1.0,0.0,10.0,1.0,0.0,0.5,1861.0,1861.0,1861.0,1861.0,1.0,0.0,10.0,1.0,0.0,0.5,1860.0,1860.0,1860.0,1860.0,1.0,0.0,10.0,1.0,0.0,0.5
1974,2,46.0,-38.0,,,,,,,,,,,,,,,,,,,,,,,,,,,,,,,,,,,,,,,,10.0,10.0,10.0,10.0,1.0,0.0,18.0,1.0,0.8,1.0,6.43,6.43,6.43,6.43,1.0,0.0,18.0,1.0,0.8,1.0,-7.66,-7.66,-7.66,-7.66,1.0,0.0,18.0,1.0,0.8,1.0,1007.3,1007.3,1007.3,1007.3,1.0,0.0,18.0,1.0,0.8,1.0,,,,,,,,,,,,,,,,,,,,,,,,,,,,,,,,,,,,,,,,,,,,,,,,,,,,,,,,,,,,,,,,,,,,,,,,,,,,,,,,,,,,,,,,,,,,,,,,,,,,,,,,,,,,,,,,,,,,,,,,,,,,,,,,,,,,,,,,,,,,,,,,,,,,,,
1974,2,46.0,-36.0,23.5,23.5,23.5,23.5,1.0,0.0,14.0,1.0,0.0,0.9,22.5,22.5,22.5,22.5,1.0,0.0,14.0,1.0,0.0,0.9,15.45,15.45,15.45,15.45,1.0,0.0,14.0,1.0,0.0,0.9,91.2,91.2,91.2,91.2,1.0,0.0,14.0,1.0,0.9,12.9,12.9,12.9,12.9,1.0,0.0,14.0,1.0,0.0,0.9,-11.17,-11.17,-11.17,-11.17,1.0,0.0,14.0,1.0,0.0,0.9,6.45,6.45,6.45,6.45,1.0,0.0,14.0,1.0,0.0,0.9,1015.0,1015.0,1015.0,1015.0,1.0,0.0,14.0,1.0,0.0,0.9,8.0,8.0,8.0,8.0,1.0,0.0,14.0,1.0,0.0,0.9,-144.1,-144.1,-144.1,-144.1,1.0,0.0,14.0,1.0,0.0,0.9,83.2,83.2,83.2,83.2,1.0,0.0,14.0,1.0,0.0,0.9,1.0,1.0,1.0,1.0,1.0,0.0,14.0,1.0,0.0,0.9,12.9,12.9,12.9,12.9,1.0,0.0,14.0,1.0,0.0,0.9,2.57,2.57,2.57,2.57,1.0,0.0,14.0,1.0,0.0,0.9,33.2,33.2,33.2,33.2,1.0,0.0,14.0,1.0,0.0,0.9,-251.4,-251.4,-251.4,-251.4,1.0,0.0,14.0,1.0,0.0,0.9,145.1,145.1,145.1,145.1,1.0,0.0,14.0,1.0,0.0,0.9,-172.6,-172.6,-172.6,-172.6,1.0,0.0,14.0,1.0,0.0,0.9,99.6,99.6,99.6,99.6,1.0,0.0,14.0,1.0,0.0,0.9,-28.7,-28.7,-28.7,-28.7,1.0,0.0,14.0,1.0,0.0,0.9,16.6,16.6,16.6,16.6,1.0,0.0,14.0,1.0,0.0,0.9,2146.5,2146.5,2146.5,2146.5,1.0,0.0,14.0,1.0,0.0,0.9,2145.0,2145.0,2145.0,2145.0,1.0,0.0,14.0,1.0,0.0,0.9
1974,2,46.0,-34.0,22.49,23.55,24.61,23.55,2.0,2.19,16.0,0.0,0.3,0.7,23.67,24.05,24.43,24.05,2.0,0.78,16.0,0.0,0.3,0.7,15.76,16.08,16.41,16.08,2.0,0.67,16.0,0.0,0.3,0.7,86.6,86.7,86.9,86.7,2.0,0.3,16.0,0.0,0.7,3.83,5.4,6.97,5.4,2.0,3.25,16.0,0.0,0.3,0.7,-4.41,-3.25,-2.09,-3.25,2.0,2.4,16.0,0.0,0.3,0.7,-5.39,-4.29,-3.19,-4.29,2.0,2.27,16.0,0.0,0.3,0.7,1017.7,1018.55,1019.4,1018.55,2.0,1.77,16.0,0.0,0.3,0.7,0.5,1.5,2.5,1.5,2.0,2.1,16.0,0.0,0.3,0.7,-32.8,-21.5,-10.1,-21.5,2.0,23.6,16.0,0.0,0.3,0.7,-39.5,-26.9,-14.2,-26.9,2.0,26.2,16.0,0.0,0.3,0.7,-1.18,-0.5,0.18,-0.5,2.0,1.41,16.0,0.0,0.3,0.7,-3.3,-0.4,2.5,-0.4,2.0,6.0,16.0,0.0,0.3,0.7,1.17,2.0,2.82,2.0,2.0,1.71,16.0,0.0,0.3,0.7,6.0,13.6,21.1,13.6,2.0,15.7,16.0,0.0,0.3,0.7,-108.2,-79.1,-50.0,-79.1,2.0,60.3,16.0,0.0,0.3,0.7,-132.1,-104.1,-76.1,-104.1,2.0,58.0,16.0,0.0,0.3,0.7,-72.8,-53.1,-33.4,-53.1,2.0,40.8,16.0,0.0,0.3,0.7,-88.8,-69.8,-50.7,-69.8,2.0,39.4,16.0,0.0,0.3,0.7,-13.5,-8.5,-3.5,-8.5,2.0,10.3,16.0,0.0,0.3,0.7,-16.2,-10.5,-4.8,-10.5,2.0,11.9,16.0,0.0,0.3,0.7,97.5,243.0,389.0,243.0,2.0,302.0,16.0,0.0,0.3,0.7,100.0,245.0,390.0,245.0,2.0,300.0,16.0,0.0,0.3,0.7
1974,2,46.0,-33.0,25.5,25.5,25.5,25.5,2.0,0.0,8.0,1.0,0.2,0.9,24.14,24.45,24.76,24.45,2.0,0.64,8.0,1.0,0.2,0.9,17.03,17.31,17.58,17.31,2.0,0.58,8.0,1.0,0.2,0.9,90.0,90.5,91.1,90.5,2.0,1.1,8.0,1.0,0.9,6.31,10.0,13.69,10.0,2.0,7.64,8.0,1.0,0.2,0.9,-6.23,-3.06,0.1,-3.06,2.0,6.56,8.0,1.0,0.2,0.9,-1.52,4.51,10.53,4.51,2.0,12.49,8.0,1.0,0.2,0.9,1009.25,1012.8,1016.35,1012.8,2.0,7.35,8.0,1.0,0.2,0.9,7.2,7.5,7.8,7.5,2.0,0.7,8.0,1.0,0.2,0.9,-98.6,-55.7,-12.7,-55.7,2.0,89.0,8.0,1.0,0.2,0.9,15.9,92.8,169.6,92.8,2.0,159.3,8.0,1.0,0.2,0.9,0.74,1.05,1.36,1.05,2.0,0.64,8.0,1.0,0.2,0.9,7.3,8.1,8.9,8.1,2.0,1.7,8.0,1.0,0.2,0.9,2.87,3.08,3.29,3.08,2.0,0.43,8.0,1.0,0.2,0.9,19.9,29.2,38.5,29.2,2.0,19.3,8.0,1.0,0.2,0.9,-155.3,-77.0,1.3,-77.0,2.0,162.3,8.0,1.0,0.2,0.9,-34.6,114.2,262.9,114.2,2.0,308.2,8.0,1.0,0.2,0.9,-110.5,-54.9,0.7,-54.9,2.0,115.2,8.0,1.0,0.2,0.9,-24.0,81.6,187.2,81.6,2.0,218.7,8.0,1.0,0.2,0.9,-17.2,-8.0,1.1,-8.0,2.0,18.9,8.0,1.0,0.2,0.9,-6.4,11.2,28.9,11.2,2.0,36.5,8.0,1.0,0.2,0.9,661.5,1875.0,3088.0,1875.0,2.0,2513.5,8.0,1.0,0.2,0.9,660.0,1875.0,3090.0,1875.0,2.0,2515.0,8.0,1.0,0.2,0.9
1974,2,46.0,-32.0,23.14,24.7,26.05,24.6,4.0,2.06,14.0,0.8,0.6,0.7,24.04,25.0,25.27,24.67,3.0,0.95,18.0,0.7,0.5,0.7,13.14,16.01,17.12,15.15,3.0,3.01,18.0,0.7,0.5,0.7,68.7,86.6,87.9,78.5,3.0,15.7,18.0,0.7,0.7,3.95,8.25,12.5,8.23,4.0,5.94,14.0,0.8,0.6,0.7,-5.34,-0.49,5.19,-0.1,4.0,7.86,14.0,0.8,0.6,0.7,-0.09,3.6,9.61,4.71,4.0,5.84,14.0,0.8,0.6,0.7,1010.86,1016.6,1018.31,1014.68,4.0,5.95,14.0,0.8,0.6,0.7,4.5,5.5,6.5,5.5,4.0,1.3,14.0,0.8,0.6,0.7,-45.8,-0.5,79.9,16.2,4.0,99.4,14.0,0.8,0.6,0.7,-0.1,25.9,119.9,58.3,4.0,85.8,14.0,0.8,0.6,0.7,-1.41,-1.0,-0.32,-0.87,3.0,0.81,18.0,0.7,0.5,0.7,-14.2,-11.5,-3.7,-9.0,3.0,8.0,18.0,0.7,0.5,0.7,0.77,1.57,5.85,3.27,3.0,4.0,18.0,0.7,0.5,0.7,9.6,24.2,57.5,33.3,3.0,35.9,18.0,0.7,0.5,0.7,-158.7,0.0,171.6,6.3,3.0,242.0,18.0,0.7,0.5,0.7,53.9,169.9,258.5,156.5,3.0,150.3,18.0,0.7,0.5,0.7,-74.9,0.0,119.1,21.6,3.0,143.4,18.0,0.7,0.5,0.7,36.6,115.3,178.6,107.8,3.0,104.2,18.0,0.7,0.5,0.7,-49.8,0.0,10.6,-19.1,3.0,47.3,18.0,0.7,0.5,0.7,0.9,2.9,13.6,7.1,3.0,10.0,18.0,0.7,0.5,0.7,178.0,589.0,2296.5,1207.5,4.0,1662.5,14.0,0.8,0.6,0.7,180.0,590.0,2295.0,1210.0,4.0,1660.0,14.0,0.8,0.6,0.7
1974,2,46.0,-31.0,24.12,24.6,25.08,24.6,2.0,0.99,10.0,0.0,0.6,0.4,24.25,24.8,25.35,24.8,2.0,1.13,10.0,0.0,0.6,0.4,16.84,16.84,16.84,16.84,1.0,0.0,4.0,0.0,0.4,0.3,83.0,83.0,83.0,83.0,1.0,0.0,4.0,0.0,0.3,1.22,3.85,6.48,3.85,2.0,5.44,10.0,0.0,0.6,0.4,-6.38,-3.79,-1.2,-3.79,2.0,5.36,10.0,0.0,0.6,0.4,-1.12,-0.67,-0.21,-0.67,2.0,0.95,10.0,0.0,0.6,0.4,1013.29,1016.5,1019.71,1016.5,2.0,6.65,10.0,0.0,0.6,0.4,0.6,2.0,3.4,2.0,2.0,2.8,10.0,0.0,0.6,0.4,-49.1,-29.2,-9.3,-29.2,2.0,41.3,10.0,0.0,0.6,0.4,-8.7,-5.1,-1.6,-5.1,2.0,7.3,10.0,0.0,0.6,0.4,-0.27,-0.2,-0.13,-0.2,2.0,0.14,10.0,0.0,0.6,0.4,-1.9,-1.2,-0.4,-1.2,2.0,1.6,10.0,0.0,0.6,0.4,3.13,3.13,3.13,3.13,1.0,0.0,4.0,0.0,0.4,0.3,24.1,24.1,24.1,24.1,1.0,0.0,4.0,0.0,0.4,0.3,-163.3,-97.1,-30.8,-97.1,2.0,137.3,10.0,0.0,0.6,0.4,-28.8,-17.1,-5.4,-17.1,2.0,24.2,10.0,0.0,0.6,0.4,-127.7,-127.7,-127.7,-127.7,1.0,0.0,4.0,0.0,0.4,0.3,-22.5,-22.5,-22.5,-22.5,1.0,0.0,4.0,0.0,0.4,0.3,-23.7,-23.7,-23.7,-23.7,1.0,0.0,4.0,0.0,0.4,0.3,-4.2,-4.2,-4.2,-4.2,1.0,0.0,4.0,0.0,0.4,0.3,72.5,228.5,384.0,228.5,2.0,323.0,10.0,0.0,0.6,0.4,70.0,230.0,385.0,230.0,2.0,325.0,10.0,0.0,0.6,0.4
1974,2,46.0,-28.0,26.09,27.0,27.96,26.93,10.0,1.02,12.0,0.7,0.4,0.7,26.53,27.3,28.5,27.42,11.0,1.04,12.0,0.7,0.4,0.7,16.64,18.04,18.63,18.02,6.0,1.57,12.0,0.7,0.5,0.6,77.4,81.0,88.8,82.9,6.0,7.5,12.0,0.7,0.6,2.19,6.15,9.85,5.93,12.0,3.97,12.0,0.7,0.4,0.7,-9.46,-1.48,1.99,-2.73,12.0,6.36,12.0,0.7,0.4,0.7,-3.24,0.25,1.57,-0.22,12.0,2.34,12.0,0.7,0.4,0.7,1010.62,1013.4,1014.98,1012.92,11.0,2.6,12.0,0.7,0.4,0.7,2.0,4.0,7.0,4.2,12.0,2.4,12.0,0.7,0.4,0.7,-94.1,-4.4,6.6,-29.0,12.0,59.1,12.0,0.7,0.4,0.7,-30.8,0.3,6.8,-6.9,12.0,18.5,12.0,0.7,0.4,0.7,-1.5,-1.0,0.51,-0.87,9.0,1.53,12.0,0.8,0.4,0.7,-12.5,-2.8,4.8,-5.1,9.0,14.9,12.0,0.8,0.4,0.7,4.13,4.92,5.55,4.85,4.0,0.84,10.0,0.8,0.4,0.5,27.8,46.6,55.9,42.0,4.0,18.9,10.0,0.8,0.4,0.5,-269.1,-82.7,39.9,-89.8,11.0,175.8,12.0,0.7,0.4,0.7,-89.4,0.0,43.5,-9.8,11.0,65.4,12.0,0.7,0.4,0.7,-171.4,-61.4,58.6,-46.0,6.0,141.4,12.0,0.7,0.5,0.6,-55.9,14.8,41.6,1.5,6.0,51.8,12.0,0.7,0.5,0.6,-52.5,-21.9,23.9,-14.6,4.0,45.9,10.0,0.8,0.4,0.5,-19.1,-9.0,7.9,-5.8,4.0,16.6,10.0,0.8,0.4,0.5,13.5,310.0,956.0,459.0,12.0,481.5,12.0,0.7,0.4,0.7,15.0,310.0,955.0,460.0,12.0,480.0,12.0,0.7,0.4,0.7
1974,2,46.0,-27.0,26.5,27.0,28.41,27.35,11.0,0.93,14.0,0.5,0.4,0.7,26.24,27.2,28.71,27.2,10.0,1.86,14.0,0.5,0.3,0.7,17.07,18.68,19.65,18.44,6.0,1.25,16.0,0.7,0.4,0.8,76.1,78.2,86.4,79.7,7.0,6.3,16.0,0.6,0.7,3.89,6.7,10.01,7.05,11.0,3.17,14.0,0.5,0.4,0.7,-8.21,-6.6,-0.72,-5.05,11.0,5.03,14.0,0.5,0.4,0.7,-5.33,-0.71,1.37,-1.56,11.0,2.95,14.0,0.5,0.4,0.7,1010.34,1012.1,1014.96,1012.47,10.0,2.32,14.0,0.6,0.4,0.7,1.6,3.0,6.4,3.7,11.0,2.5,14.0,0.5,0.4,0.7,-81.1,-44.2,-2.6,-47.9,11.0,52.9,14.0,0.5,0.4,0.7,-50.5,-2.9,5.6,-16.1,11.0,26.2,14.0,0.5,0.4,0.7,-1.59,-0.45,1.0,-0.01,10.0,2.11,14.0,0.5,0.3,0.7,-16.5,-2.5,3.6,-1.1,10.0,20.5,14.0,0.5,0.3,0.7,3.29,4.3,4.89,4.07,6.0,1.2,16.0,0.7,0.4,0.8,15.6,21.7,33.8,24.3,6.0,10.6,16.0,0.7,0.4,0.8,-241.4,-152.8,10.1,-133.9,10.0,148.2,14.0,0.5,0.3,0.7,-115.7,-10.2,38.1,-30.3,10.0,72.7,14.0,0.5,0.3,0.7,-153.8,-92.4,-38.0,-81.4,6.0,87.8,16.0,0.7,0.4,0.8,-63.2,-16.8,5.6,-26.0,6.0,42.8,16.0,0.7,0.4,0.8,-32.2,-17.5,-5.8,-15.5,6.0,20.5,16.0,0.7,0.4,0.8,-8.7,-4.7,1.5,-4.8,6.0,9.2,16.0,0.7,0.4,0.8,59.5,301.0,1004.0,557.0,11.0,660.0,14.0,0.5,0.4,0.7,60.0,300.0,1005.0,555.0,11.0,660.0,14.0,0.5,0.4,0.7
1974,2,46.0,-26.0,25.93,27.0,28.0,26.98,28.0,1.2,14.0,0.6,0.4,0.5,24.96,27.0,28.12,26.79,30.0,1.71,14.0,0.6,0.4,0.5,16.79,17.79,19.28,17.76,26.0,1.32,14.0,0.7,0.4,0.5,77.6,82.5,86.5,81.8,26.0,6.9,14.0,0.7,0.5,5.94,10.3,14.64,10.04,31.0,3.81,14.0,0.6,0.4,0.5,-14.25,-8.74,-3.12,-8.15,31.0,5.84,14.0,0.6,0.4,0.5,-5.27,0.0,2.34,-1.07,31.0,3.82,14.0,0.6,0.4,0.5,1010.0,1011.9,1013.44,1011.71,31.0,3.05,14.0,0.6,0.4,0.5,1.6,3.0,8.0,4.3,30.0,2.7,12.0,0.6,0.4,0.5,-208.7,-85.2,-14.3,-98.8,31.0,84.5,14.0,0.6,0.4,0.5,-68.5,0.0,19.9,-15.5,31.0,41.7,14.0,0.6,0.4,0.5,-0.86,0.0,1.5,0.23,27.0,1.38,14.0,0.6,0.4,0.5,-5.2,0.0,18.3,4.0,27.0,13.7,14.0,0.6,0.4,0.5,3.32,4.26,5.76,4.54,23.0,1.39,14.0,0.7,0.4,0.5,28.5,43.5,58.6,43.6,23.0,17.1,14.0,0.7,0.4,0.5,-354.7,-245.2,-84.5,-210.4,30.0,154.1,14.0,0.6,0.4,0.5,-140.0,0.0,62.5,-25.8,30.0,104.8,14.0,0.6,0.4,0.5,-247.1,-151.4,-42.0,-131.4,26.0,106.9,14.0,0.7,0.4,0.5,-94.0,0.0,44.7,-14.8,26.0,71.7,14.0,0.7,0.4,0.5,-56.3,-33.2,-11.6,-32.0,23.0,27.5,14.0,0.7,0.4,0.5,-21.5,0.0,16.7,-0.8,23.0,21.2,14.0,0.7,0.4,0.5,213.0,1092.5,3145.0,1422.5,31.0,1244.5,14.0,0.6,0.4,0.5,215.0,1095.0,3145.0,1420.0,31.0,1245.0,14.0,0.6,0.4,0.5
1974,2,46.0,-16.0,29.0,29.0,29.0,29.0,1.0,0.0,28.0,1.0,0.4,0.9,29.8,29.8,29.8,29.8,1.0,0.0,28.0,1.0,0.4,0.9,18.15,18.15,18.15,18.15,1.0,0.0,28.0,1.0,0.4,0.9,69.0,69.0,69.0,69.0,1.0,0.0,28.0,1.0,0.9,4.1,4.1,4.1,4.1,1.0,0.0,28.0,1.0,0.4,0.9,-4.1,-4.1,-4.1,-4.1,1.0,0.0,28.0,1.0,0.4,0.9,0.0,0.0,0.0,0.0,1.0,0.0,28.0,1.0,0.4,0.9,1007.8,1007.8,1007.8,1007.8,1.0,0.0,28.0,1.0,0.4,0.9,5.0,5.0,5.0,5.0,1.0,0.0,28.0,1.0,0.4,0.9,-16.8,-16.8,-16.8,-16.8,1.0,0.0,28.0,1.0,0.4,0.9,0.0,0.0,0.0,0.0,1.0,0.0,28.0,1.0,0.4,0.9,-0.8,-0.8,-0.8,-0.8,1.0,0.0,28.0,1.0,0.4,0.9,-3.3,-3.3,-3.3,-3.3,1.0,0.0,28.0,1.0,0.4,0.9,7.09,7.09,7.09,7.09,1.0,0.0,28.0,1.0,0.4,0.9,29.1,29.1,29.1,29.1,1.0,0.0,28.0,1.0,0.4,0.9,-122.2,-122.2,-122.2,-122.2,1.0,0.0,28.0,1.0,0.4,0.9,0.0,0.0,0.0,0.0,1.0,0.0,28.0,1.0,0.4,0.9,-74.4,-74.4,-74.4,-74.4,1.0,0.0,28.0,1.0,0.4,0.9,0.0,0.0,0.0,0.0,1.0,0.0,28.0,1.0,0.4,0.9,-29.1,-29.1,-29.1,-29.1,1.0,0.0,28.0,1.0,0.4,0.9,0.0,0.0,0.0,0.0,1.0,0.0,28.0,1.0,0.4,0.9,69.0,69.0,69.0,69.0,1.0,0.0,28.0,1.0,0.4,0.9,70.0,70.0,70.0,70.0,1.0,0.0,28.0,1.0,0.4,0.9
1974,2,46.0,-15.0,28.1,28.3,28.5,28.3,2.0,0.42,12.0,0.0,0.7,0.9,25.74,26.7,27.66,26.7,2.0,1.98,12.0,0.0,0.7,0.9,17.71,17.92,18.13,17.92,2.0,0.44,12.0,0.0,0.7,0.9,78.2,81.8,85.4,81.8,2.0,7.4,12.0,0.0,0.9,4.59,5.65,6.71,5.65,2.0,2.19,12.0,0.0,0.7,0.9,-2.38,1.33,5.04,1.33,2.0,7.68,12.0,0.0,0.7,0.9,0.39,1.23,2.07,1.23,2.0,1.74,12.0,0.0,0.7,0.9,1007.52,1008.2,1008.88,1008.2,2.0,1.41,12.0,0.0,0.7,0.9,8.0,8.0,8.0,8.0,2.0,0.0,12.0,0.0,0.7,0.9,-6.4,16.0,38.3,16.0,2.0,46.3,12.0,0.0,0.7,0.9,2.8,8.9,14.9,8.9,2.0,12.5,12.0,0.0,0.7,0.9,0.85,1.6,2.35,1.6,2.0,1.56,12.0,0.0,0.7,0.9,4.8,7.3,9.9,7.3,2.0,5.3,12.0,0.0,0.7,0.9,6.22,6.28,6.35,6.28,2.0,0.13,12.0,0.0,0.7,0.9,28.6,35.6,42.7,35.6,2.0,14.5,12.0,0.0,0.7,0.9,-57.1,43.2,143.5,43.2,2.0,207.8,12.0,0.0,0.7,0.9,11.0,34.6,58.2,34.6,2.0,48.9,12.0,0.0,0.7,0.9,-41.2,25.6,92.3,25.6,2.0,138.3,12.0,0.0,0.7,0.9,7.1,22.5,37.8,22.5,2.0,31.7,12.0,0.0,0.7,0.9,-14.5,8.9,32.3,8.9,2.0,48.5,12.0,0.0,0.7,0.9,2.5,7.9,13.2,7.9,2.0,11.1,12.0,0.0,0.7,0.9,117.0,221.0,325.0,221.0,2.0,215.0,12.0,0.0,0.7,0.9,115.0,220.0,325.0,220.0,2.0,215.0,12.0,0.0,0.7,0.9
1974,2,46.0,-14.0,29.12,29.15,29.18,29.15,2.0,0.07,10.0,0.0,0.4,0.6,27.66,27.8,27.94,27.8,2.0,0.28,10.0,0.0,0.4,0.6,18.19,18.41,18.64,18.41,2.0,0.47,10.0,0.0,0.4,0.6,77.3,78.9,80.5,78.9,2.0,3.3,10.0,0.0,0.6,2.18,2.35,2.52,2.35,2.0,0.35,10.0,0.0,0.4,0.6,1.15,1.36,1.57,1.36,2.0,0.44,10.0,0.0,0.4,0.6,-1.96,-1.91,-1.85,-1.91,2.0,0.12,10.0,0.0,0.4,0.6,1011.62,1011.65,1011.68,1011.65,2.0,0.07,10.0,0.0,0.4,0.6,4.3,5.0,5.7,5.0,2.0,1.4,10.0,0.0,0.4,0.6,2.5,3.3,4.0,3.3,2.0,1.5,10.0,0.0,0.4,0.6,-5.0,-4.5,-4.0,-4.5,2.0,1.0,10.0,0.0,0.4,0.6,1.18,1.35,1.52,1.35,2.0,0.35,10.0,0.0,0.4,0.6,2.9,3.1,3.3,3.1,2.0,0.4,10.0,0.0,0.4,0.6,6.77,6.94,7.12,6.94,2.0,0.37,10.0,0.0,0.4,0.6,14.8,16.4,18.0,16.4,2.0,3.3,10.0,0.0,0.4,0.6,31.8,37.9,44.0,37.9,2.0,12.6,10.0,0.0,0.4,0.6,-54.9,-53.0,-51.1,-53.0,2.0,3.9,10.0,0.0,0.4,0.6,21.4,25.0,28.5,25.0,2.0,7.4,10.0,0.0,0.4,0.6,-35.7,-35.1,-34.4,-35.1,2.0,1.3,10.0,0.0,0.4,0.6,7.8,9.5,11.2,9.5,2.0,3.6,10.0,0.0,0.4,0.6,-14.0,-13.3,-12.5,-13.3,2.0,1.6,10.0,0.0,0.4,0.6,10.5,13.5,16.5,13.5,2.0,6.0,10.0,0.0,0.4,0.6,10.0,15.0,15.0,15.0,2.0,5.0,10.0,0.0,0.4,0.6
1974,2,46.0,-13.0,29.2,29.2,29.2,29.2,1.0,0.0,6.0,1.0,0.7,0.3,28.8,28.8,28.8,28.8,1.0,0.0,6.0,1.0,0.7,0.3,17.65,17.65,17.65,17.65,1.0,0.0,6.0,1.0,0.7,0.3,71.3,71.3,71.3,71.3,1.0,0.0,6.0,1.0,0.3,2.6,2.6,2.6,2.6,1.0,0.0,6.0,1.0,0.7,0.3,2.44,2.44,2.44,2.44,1.0,0.0,6.0,1.0,0.7,0.3,-0.89,-0.89,-0.89,-0.89,1.0,0.0,6.0,1.0,0.7,0.3,1011.0,1011.0,1011.0,1011.0,1.0,0.0,6.0,1.0,0.7,0.3,6.0,6.0,6.0,6.0,1.0,0.0,6.0,1.0,0.7,0.3,6.4,6.4,6.4,6.4,1.0,0.0,6.0,1.0,0.7,0.3,-2.3,-2.3,-2.3,-2.3,1.0,0.0,6.0,1.0,0.7,0.3,0.4,0.4,0.4,0.4,1.0,0.0,6.0,1.0,0.7,0.3,1.0,1.0,1.0,1.0,1.0,0.0,6.0,1.0,0.7,0.3,7.8,7.8,7.8,7.8,1.0,0.0,6.0,1.0,0.7,0.3,20.3,20.3,20.3,20.3,1.0,0.0,6.0,1.0,0.7,0.3,70.4,70.4,70.4,70.4,1.0,0.0,6.0,1.0,0.7,0.3,-25.6,-25.6,-25.6,-25.6,1.0,0.0,6.0,1.0,0.7,0.3,43.1,43.1,43.1,43.1,1.0,0.0,6.0,1.0,0.7,0.3,-15.7,-15.7,-15.7,-15.7,1.0,0.0,6.0,1.0,0.7,0.3,19.1,19.1,19.1,19.1,1.0,0.0,6.0,1.0,0.7,0.3,-6.9,-6.9,-6.9,-6.9,1.0,0.0,6.0,1.0,0.7,0.3,17.5,17.5,17.5,17.5,1.0,0.0,6.0,1.0,0.7,0.3,20.0,20.0,20.0,20.0,1.0,0.0,6.0,1.0,0.7,0.3
1974,2,46.0,-12.0,,,,,,,,,,,,,,,,,,,,,,,,,,,,,,,,,,,,,,,,6.0,6.0,6.0,6.0,1.0,0.0,6.0,0.0,0.7,0.6,3.86,3.86,3.86,3.86,1.0,0.0,6.0,0.0,0.7,0.6,4.6,4.6,4.6,4.6,1.0,0.0,6.0,0.0,0.7,0.6,1008.5,1008.5,1008.5,1008.5,1.0,0.0,6.0,0.0,0.7,0.6,,,,,,,,,,,,,,,,,,,,,,,,,,,,,,,,,,,,,,,,,,,,,,,,,,,,,,,,,,,,,,,,,,,,,,,,,,,,,,,,,,,,,,,,,,,,,,,,,,,,,,,,,,,,,,,,,,,,,,,,,,,,,,,,,,,,,,,,,,,,,,,,,,,,,,
1974,2,46.0,-11.0,28.16,28.3,28.44,28.3,2.0,0.28,26.0,0.5,0.3,0.8,26.62,27.3,27.98,27.3,2.0,1.41,26.0,0.5,0.3,0.8,17.98,18.32,18.66,18.32,2.0,0.71,26.0,0.5,0.3,0.8,76.5,81.0,85.6,81.0,2.0,9.5,26.0,0.5,0.8,0.98,3.1,5.22,3.1,2.0,4.38,26.0,0.5,0.3,0.8,0.75,2.37,4.0,2.37,2.0,3.36,26.0,0.5,0.3,0.8,0.63,1.99,3.35,1.99,2.0,2.82,26.0,0.5,0.3,0.8,1008.92,1010.9,1012.88,1010.9,2.0,4.1,26.0,0.5,0.3,0.8,2.6,4.0,5.4,4.0,2.0,2.8,26.0,0.5,0.3,0.8,4.7,14.7,24.8,14.7,2.0,20.8,26.0,0.5,0.3,0.8,3.9,12.4,20.8,12.4,2.0,17.5,26.0,0.5,0.3,0.8,0.45,1.0,1.55,1.0,2.0,1.13,26.0,0.5,0.3,0.8,1.8,5.6,9.4,5.6,2.0,7.9,26.0,0.5,0.3,0.8,5.33,5.82,6.31,5.82,2.0,1.01,26.0,0.5,0.3,0.8,5.0,15.8,26.6,15.8,2.0,22.4,26.0,0.5,0.3,0.8,19.8,62.5,105.1,62.5,2.0,88.3,26.0,0.5,0.3,0.8,16.6,52.4,88.2,52.4,2.0,74.1,26.0,0.5,0.3,0.8,14.2,44.7,75.2,44.7,2.0,63.2,26.0,0.5,0.3,0.8,11.9,37.5,63.1,37.5,2.0,53.0,26.0,0.5,0.3,0.8,3.8,12.1,20.4,12.1,2.0,17.1,26.0,0.5,0.3,0.8,3.2,10.2,17.1,10.2,2.0,14.4,26.0,0.5,0.3,0.8,38.0,119.0,200.5,119.0,2.0,168.5,26.0,0.5,0.3,0.8,40.0,120.0,200.0,120.0,2.0,170.0,26.0,0.5,0.3,0.8
1974,2,46.0,-10.0,27.94,28.7,28.87,28.44,5.0,0.6,18.0,0.2,0.5,0.8,26.93,27.6,27.84,27.42,5.0,0.49,18.0,0.2,0.5,0.8,17.37,17.47,18.28,17.82,5.0,0.8,18.0,0.2,0.5,0.8,75.4,78.3,80.1,78.0,5.0,3.4,18.0,0.2,0.8,1.7,3.1,6.05,3.8,5.0,2.65,18.0,0.2,0.5,0.8,-2.64,0.36,1.54,-0.61,5.0,3.93,18.0,0.2,0.5,0.8,-1.75,2.07,3.1,0.91,5.0,2.86,18.0,0.2,0.5,0.8,1009.71,1011.1,1011.65,1010.8,5.0,1.29,18.0,0.2,0.5,0.8,1.0,2.0,3.7,2.4,5.0,1.7,18.0,0.2,0.5,0.8,-20.3,0.8,7.2,-7.3,5.0,27.9,18.0,0.2,0.5,0.8,-4.1,4.3,20.1,6.8,5.0,13.1,18.0,0.2,0.5,0.8,0.53,1.1,1.49,1.02,5.0,0.75,18.0,0.2,0.5,0.8,0.5,1.9,7.3,3.6,5.0,4.0,18.0,0.2,0.5,0.8,5.55,6.94,7.67,6.53,5.0,1.6,18.0,0.2,0.5,0.8,12.1,19.3,33.5,23.2,5.0,16.4,18.0,0.2,0.5,0.8,-71.3,10.1,42.2,-16.1,5.0,106.5,18.0,0.2,0.5,0.8,-47.6,57.5,84.5,25.3,5.0,77.9,18.0,0.2,0.5,0.8,-46.2,6.5,28.9,-9.5,5.0,70.0,18.0,0.2,0.5,0.8,-30.3,36.7,56.6,17.5,5.0,51.6,18.0,0.2,0.5,0.8,-17.4,2.5,7.2,-5.7,5.0,23.8,18.0,0.2,0.5,0.8,-13.4,14.4,15.7,3.1,5.0,17.9,18.0,0.2,0.5,0.8,6.0,30.0,251.0,126.0,5.0,192.0,18.0,0.2,0.5,0.8,5.0,30.0,250.0,125.0,5.0,190.0,18.0,0.2,0.5,0.8
1974,2,46.0,-9.0,27.9,29.4,29.72,28.8,5.0,1.61,18.0,0.4,0.4,0.8,27.46,27.5,28.18,27.84,5.0,0.76,18.0,0.4,0.4,0.8,17.19,17.25,18.2,17.64,5.0,0.63,18.0,0.4,0.4,0.8,74.1,75.1,76.4,75.3,5.0,1.7,18.0,0.4,0.8,1.97,4.1,5.5,3.7,5.0,2.37,18.0,0.4,0.4,0.8,-3.07,-1.4,0.87,-1.23,5.0,2.83,18.0,0.4,0.4,0.8,-4.2,-1.99,1.13,-1.51,5.0,3.16,18.0,0.4,0.4,0.8,1008.94,1009.8,1011.17,1009.92,5.0,1.41,18.0,0.4,0.4,0.8,0.6,2.0,3.5,2.2,5.0,2.3,18.0,0.4,0.4,0.8,-17.8,-5.7,2.7,-8.1,5.0,15.4,18.0,0.4,0.4,0.8,-19.0,-6.2,7.0,-5.4,5.0,16.6,18.0,0.4,0.4,0.8,0.06,1.4,1.94,0.96,5.0,1.39,18.0,0.4,0.4,0.8,1.8,7.1,9.5,6.0,5.0,4.8,18.0,0.4,0.4,0.8,5.95,8.32,8.62,7.33,5.0,2.05,18.0,0.4,0.4,0.8,16.4,34.9,43.1,30.4,5.0,19.9,18.0,0.4,0.4,0.8,-84.5,-38.6,25.3,-33.0,5.0,79.0,18.0,0.4,0.4,0.8,-115.6,-58.2,31.1,-42.2,5.0,87.3,18.0,0.4,0.4,0.8,-53.5,-24.1,16.1,-20.7,5.0,49.6,18.0,0.4,0.4,0.8,-73.6,-37.1,19.4,-27.3,5.0,55.5,18.0,0.4,0.4,0.8,-25.2,-12.0,7.2,-10.4,5.0,24.4,18.0,0.4,0.4,0.8,-33.4,-16.6,10.0,-11.3,5.0,25.7,18.0,0.4,0.4,0.8,19.0,69.0,171.0,94.0,5.0,95.0,18.0,0.4,0.4,0.8,20.0,70.0,170.0,95.0,5.0,95.0,18.0,0.4,0.4,0.8
1974,2,46.0,-8.0,27.43,28.1,29.06,28.05,6.0,1.16,18.0,0.5,0.5,0.6,26.0,27.0,28.21,27.17,6.0,1.17,18.0,0.5,0.5,0.6,17.4,18.0,19.01,18.48,6.0,1.74,18.0,0.5,0.5,0.6,76.4,81.7,87.5,82.0,6.0,7.2,18.0,0.5,0.6,0.0,2.1,4.15,2.16,5.0,2.24,16.0,0.6,0.4,0.6,-2.07,-1.61,0.0,-1.19,5.0,1.14,16.0,0.6,0.4,0.6,-3.59,-1.35,0.0,-1.78,5.0,1.95,16.0,0.6,0.4,0.6,1008.32,1009.6,1011.41,1009.83,6.0,1.69,18.0,0.5,0.5,0.6,2.8,5.5,7.2,5.2,6.0,2.5,18.0,0.5,0.5,0.6,-8.9,-3.4,0.0,-4.6,5.0,5.4,16.0,0.6,0.4,0.6,-15.4,-2.8,0.0,-7.3,5.0,9.7,16.0,0.6,0.4,0.6,0.24,1.0,1.32,0.88,6.0,0.65,18.0,0.5,0.5,0.6,0.0,3.8,4.6,2.6,5.0,2.5,16.0,0.6,0.4,0.6,3.2,5.92,6.73,5.37,6.0,1.81,18.0,0.5,0.5,0.6,0.0,11.2,19.0,10.2,5.0,10.3,16.0,0.6,0.4,0.6,-56.9,-41.8,0.0,-32.4,5.0,31.5,16.0,0.6,0.4,0.6,-98.6,-35.1,0.0,-48.6,5.0,54.3,16.0,0.6,0.4,0.6,-40.4,-29.1,0.0,-23.3,5.0,23.7,16.0,0.6,0.4,0.6,-69.9,-24.4,0.0,-35.1,5.0,41.2,16.0,0.6,0.4,0.6,-9.8,-8.2,0.0,-5.7,5.0,5.4,16.0,0.6,0.4,0.6,-16.5,-7.2,0.0,-8.4,5.0,9.0,16.0,0.6,0.4,0.6,0.0,9.5,78.0,37.5,5.0,56.5,16.0,0.6,0.4,0.6,0.0,10.0,80.0,40.0,5.0,55.0,16.0,0.6,0.4,0.6
1974,2,46.0,-7.0,27.7,28.7,30.0,28.72,13.0,0.93,14.0,0.5,0.4,0.6,26.24,27.9,29.0,27.75,14.0,1.62,16.0,0.4,0.4,0.6,16.62,17.24,19.43,17.87,13.0,1.72,16.0,0.4,0.4,0.6,69.7,75.5,85.8,77.2,13.0,9.4,16.0,0.4,0.6,1.12,4.6,6.7,4.12,12.0,2.85,14.0,0.3,0.3,0.6,-2.66,-0.63,0.0,-0.99,12.0,1.21,14.0,0.3,0.3,0.6,-6.62,-4.57,0.0,-3.77,12.0,2.93,14.0,0.3,0.3,0.6,1008.52,1009.5,1010.49,1009.91,14.0,2.35,16.0,0.4,0.4,0.6,3.0,4.0,6.9,4.6,14.0,2.2,16.0,0.4,0.4,0.6,-9.9,-2.4,0.0,-5.8,12.0,8.9,14.0,0.3,0.3,0.6,-44.4,-21.0,0.0,-22.9,12.0,24.6,14.0,0.3,0.3,0.6,-0.23,0.1,2.57,0.91,13.0,1.52,14.0,0.5,0.4,0.6,-1.9,0.0,11.5,3.4,11.0,7.2,14.0,0.4,0.3,0.6,5.0,6.89,9.57,6.92,12.0,2.57,14.0,0.4,0.4,0.6,1.8,24.2,45.9,24.7,10.0,19.6,14.0,0.3,0.3,0.6,-75.8,-17.3,0.0,-27.6,12.0,34.0,14.0,0.3,0.3,0.6,-185.1,-122.2,0.0,-103.4,12.0,81.3,14.0,0.3,0.3,0.6,-30.9,-8.2,0.0,-14.5,11.0,19.8,14.0,0.3,0.3,0.6,-96.1,-78.1,0.0,-56.8,11.0,44.6,14.0,0.3,0.3,0.6,-6.6,-1.5,0.0,-2.8,10.0,3.3,14.0,0.3,0.3,0.6,-45.2,-23.8,0.0,-24.1,10.0,19.9,14.0,0.3,0.3,0.6,2.5,97.5,301.0,163.0,12.0,229.5,14.0,0.3,0.3,0.6,5.0,95.0,300.0,165.0,12.0,230.0,14.0,0.3,0.3,0.6
1974,2,46.0,-6.0,27.69,28.7,29.41,28.57,19.0,0.87,14.0,0.4,0.4,0.6,26.0,27.2,29.53,27.74,18.0,1.74,14.0,0.5,0.4,0.6,16.23,17.89,19.04,17.82,16.0,1.26,14.0,0.5,0.4,0.6,67.6,75.6,86.5,76.8,16.0,8.8,14.0,0.5,0.6,3.1,4.35,7.17,4.52,20.0,2.36,14.0,0.5,0.4,0.6,-3.27,-2.3,-1.06,-2.12,20.0,1.27,14.0,0.5,0.4,0.6,-5.51,-3.85,-0.03,-3.4,20.0,2.92,14.0,0.5,0.4,0.6,1008.52,1010.7,1012.84,1010.71,21.0,2.33,14.0,0.4,0.4,0.5,2.0,4.0,7.0,3.9,20.0,2.2,14.0,0.5,0.4,0.6,-16.7,-10.0,-3.4,-11.6,20.0,10.0,14.0,0.5,0.4,0.6,-39.5,-15.8,-0.1,-20.1,20.0,23.6,14.0,0.5,0.4,0.6,0.28,0.9,2.81,1.16,16.0,1.57,14.0,0.4,0.4,0.6,0.2,5.1,14.4,5.1,15.0,8.9,14.0,0.5,0.4,0.6,5.31,6.46,8.17,6.68,15.0,1.55,14.0,0.5,0.4,0.6,21.4,26.5,48.3,31.8,14.0,17.9,14.0,0.5,0.4,0.6,-91.7,-62.1,-31.8,-60.1,17.0,34.8,14.0,0.5,0.4,0.6,-170.5,-107.6,-71.4,-113.8,17.0,69.0,14.0,0.5,0.4,0.6,-48.3,-28.8,-20.2,-34.6,15.0,19.8,14.0,0.5,0.4,0.6,-116.3,-68.2,-43.9,-71.9,15.0,44.6,14.0,0.5,0.4,0.6,-23.7,-11.7,-6.2,-13.6,14.0,8.6,14.0,0.5,0.4,0.6,-41.8,-23.9,-17.1,-27.0,14.0,18.7,14.0,0.5,0.4,0.6,30.0,83.0,369.5,164.5,20.0,214.0,14.0,0.5,0.4,0.6,30.0,85.0,370.0,165.0,20.0,215.0,14.0,0.5,0.4,0.6
1974,2,46.0,-5.0,27.27,28.0,28.55,27.94,12.0,0.85,16.0,0.5,0.5,0.6,26.41,27.1,28.99,27.69,14.0,1.65,16.0,0.5,0.6,0.6,16.72,17.39,19.61,17.87,12.0,1.94,16.0,0.5,0.5,0.6,70.9,76.1,82.1,76.3,12.0,6.2,16.0,0.5,0.6,3.66,5.1,6.2,5.18,14.0,1.66,16.0,0.5,0.6,0.6,-3.99,-1.87,-0.05,-1.53,14.0,2.57,16.0,0.5,0.6,0.6,-5.34,-4.64,-2.63,-4.19,14.0,1.9,16.0,0.5,0.6,0.6,1008.57,1010.85,1012.54,1010.66,14.0,1.83,16.0,0.5,0.6,0.6,2.0,3.0,4.0,2.9,14.0,1.4,16.0,0.5,0.6,0.6,-24.7,-8.5,-0.1,-8.7,14.0,15.7,16.0,0.5,0.6,0.6,-30.5,-24.1,-7.0,-23.9,14.0,16.8,16.0,0.5,0.6,0.6,-0.43,0.4,1.45,0.27,12.0,1.65,16.0,0.5,0.5,0.6,-1.7,2.3,6.1,0.7,12.0,9.3,16.0,0.5,0.5,0.6,3.84,5.41,7.58,5.72,11.0,2.07,14.0,0.5,0.5,0.6,13.1,29.6,37.2,29.1,11.0,16.6,14.0,0.5,0.5,0.6,-115.7,-49.8,-1.4,-43.1,14.0,72.5,16.0,0.5,0.6,0.6,-152.4,-124.3,-69.9,-116.6,14.0,55.1,16.0,0.5,0.6,0.6,-70.3,-30.6,-10.5,-34.0,12.0,32.6,16.0,0.5,0.5,0.6,-97.2,-82.0,-45.8,-79.9,12.0,28.6,16.0,0.5,0.5,0.6,-15.9,-8.6,-2.2,-8.1,11.0,9.6,14.0,0.5,0.5,0.6,-32.1,-27.8,-11.7,-26.5,11.0,16.4,14.0,0.5,0.5,0.6,50.0,132.5,238.5,178.0,14.0,146.5,16.0,0.5,0.6,0.6,50.0,135.0,240.0,180.0,14.0,145.0,16.0,0.5,0.6,0.6
1974,2,46.0,-4.0,26.62,27.9,28.43,27.64,12.0,1.04,16.0,0.3,0.6,0.5,26.5,27.25,29.0,27.46,12.0,1.31,16.0,0.3,0.6,0.5,16.61,17.61,18.37,17.57,11.0,1.06,14.0,0.3,0.6,0.5,72.2,78.7,81.8,77.5,11.0,5.2,14.0,0.3,0.5,3.6,5.1,7.61,5.56,11.0,2.33,14.0,0.4,0.6,0.4,-5.45,-3.14,-2.24,-3.83,11.0,1.78,14.0,0.4,0.6,0.4,-5.42,-3.14,-2.24,-3.83,11.0,2.01,14.0,0.4,0.6,0.4,1009.45,1011.75,1013.63,1011.55,12.0,2.14,16.0,0.3,0.6,0.5,1.0,3.0,5.0,3.1,12.0,2.2,16.0,0.3,0.6,0.5,-43.6,-12.9,-9.0,-24.5,11.0,21.2,14.0,0.4,0.6,0.4,-36.6,-13.0,-9.0,-25.1,11.0,22.6,14.0,0.4,0.6,0.4,-0.53,0.45,0.83,0.18,12.0,1.19,16.0,0.3,0.6,0.5,-2.2,2.5,4.5,0.2,11.0,6.2,14.0,0.4,0.6,0.4,3.92,5.63,7.56,5.57,11.0,1.7,14.0,0.3,0.6,0.5,18.6,28.9,40.6,30.3,10.0,14.4,14.0,0.3,0.6,0.5,-152.6,-92.3,-61.4,-105.2,11.0,48.3,14.0,0.4,0.6,0.4,-154.8,-91.1,-57.3,-106.3,11.0,57.1,14.0,0.4,0.6,0.4,-108.7,-61.9,-39.3,-70.0,10.0,33.9,14.0,0.3,0.6,0.5,-103.0,-62.9,-33.9,-70.0,10.0,40.6,14.0,0.3,0.6,0.5,-32.1,-22.1,-9.9,-21.5,10.0,11.1,14.0,0.3,0.6,0.5,-25.9,-19.5,-12.9,-20.3,10.0,11.5,14.0,0.3,0.6,0.5,46.5,132.5,447.0,262.0,11.0,322.0,14.0,0.4,0.6,0.4,45.0,135.0,445.0,260.0,11.0,320.0,14.0,0.4,0.6,0.4
1974,2,46.0,-3.0,26.33,26.4,26.81,26.57,3.0,0.38,18.0,0.3,0.6,0.7,26.06,26.2,26.61,26.33,3.0,0.42,18.0,0.3,0.6,0.7,15.72,15.82,16.07,15.89,3.0,0.27,18.0,0.3,0.6,0.7,72.7,75.3,76.0,74.3,3.0,2.6,18.0,0.3,0.7,2.14,4.6,6.72,4.43,3.0,3.35,18.0,0.3,0.6,0.7,-1.99,-1.34,-0.86,-1.43,3.0,0.83,18.0,0.3,0.6,0.7,-6.44,-3.98,-1.79,-4.11,3.0,3.41,18.0,0.3,0.6,0.7,1010.28,1011.3,1012.39,1011.33,3.0,1.55,18.0,0.3,0.6,0.7,1.3,2.0,4.0,2.7,3.0,2.1,18.0,0.3,0.6,0.7,-10.5,-10.3,-3.7,-7.2,3.0,5.7,18.0,0.3,0.6,0.7,-45.7,-18.3,-6.3,-25.8,3.0,29.5,18.0,0.3,0.6,0.7,-0.24,0.1,0.71,0.23,3.0,0.71,18.0,0.3,0.6,0.7,-1.0,0.8,0.9,0.0,3.0,1.6,18.0,0.3,0.6,0.7,5.42,5.84,6.33,5.87,3.0,0.66,18.0,0.3,0.6,0.7,13.0,26.9,36.0,24.6,3.0,17.0,18.0,0.3,0.6,0.7,-53.2,-35.0,-22.5,-37.8,3.0,22.6,18.0,0.3,0.6,0.7,-169.5,-106.8,-47.5,-108.5,3.0,89.4,18.0,0.3,0.6,0.7,-31.5,-21.6,-13.8,-22.6,3.0,13.0,18.0,0.3,0.6,0.7,-103.6,-62.4,-28.1,-65.8,3.0,55.4,18.0,0.3,0.6,0.7,-11.4,-7.0,-5.1,-8.2,3.0,4.7,18.0,0.3,0.6,0.7,-34.5,-23.3,-10.8,-22.6,3.0,17.3,18.0,0.3,0.6,0.7,31.5,97.5,342.5,185.0,3.0,240.0,18.0,0.3,0.6,0.7,30.0,95.0,345.0,185.0,3.0,240.0,18.0,0.3,0.6,0.7
1974,2,46.0,-2.0,27.21,27.65,28.09,27.65,2.0,0.92,20.0,0.5,0.7,0.4,26.37,27.6,28.83,27.6,2.0,2.55,20.0,0.5,0.7,0.4,16.61,17.22,17.83,17.22,2.0,1.26,20.0,0.5,0.7,0.4,67.4,75.4,83.4,75.4,2.0,16.6,20.0,0.5,0.4,4.85,5.4,5.95,5.4,2.0,1.13,20.0,0.5,0.7,0.4,-5.7,-4.81,-3.93,-4.81,2.0,1.83,20.0,0.5,0.7,0.4,-2.32,-0.94,0.44,-0.94,2.0,2.85,20.0,0.5,0.7,0.4,1009.2,1009.4,1009.6,1009.4,2.0,0.42,20.0,0.5,0.7,0.4,2.8,4.5,6.2,4.5,2.0,3.5,20.0,0.5,0.7,0.4,-34.4,-27.0,-19.6,-27.0,2.0,15.3,20.0,0.5,0.7,0.4,-10.4,-3.5,3.5,-3.5,2.0,14.3,20.0,0.5,0.7,0.4,-0.73,0.05,0.83,0.05,2.0,1.63,20.0,0.5,0.7,0.4,-4.9,-0.6,3.6,-0.6,2.0,8.7,20.0,0.5,0.7,0.4,4.83,6.06,7.28,6.06,2.0,2.54,20.0,0.5,0.7,0.4,24.2,34.1,44.1,34.1,2.0,20.6,20.0,0.5,0.7,0.4,-165.5,-135.2,-105.0,-135.2,2.0,62.6,20.0,0.5,0.7,0.4,-59.2,-22.3,14.5,-22.3,2.0,76.3,20.0,0.5,0.7,0.4,-94.0,-81.8,-69.5,-81.8,2.0,25.4,20.0,0.5,0.7,0.4,-42.3,-18.0,6.3,-18.0,2.0,50.3,20.0,0.5,0.7,0.4,-42.7,-31.5,-20.2,-31.5,2.0,23.3,20.0,0.5,0.7,0.4,-9.3,-2.1,5.1,-2.1,2.0,14.9,20.0,0.5,0.7,0.4,119.5,168.0,216.0,168.0,2.0,99.5,20.0,0.5,0.7,0.4,120.0,170.0,215.0,170.0,2.0,100.0,20.0,0.5,0.7,0.4
1974,2,46.0,-1.0,26.07,26.65,27.23,26.65,2.0,1.2,18.0,1.0,0.4,0.6,25.63,27.0,27.68,26.67,3.0,1.53,16.0,0.7,0.5,0.7,19.38,19.38,19.38,19.38,1.0,0.0,10.0,1.0,0.8,0.4,86.7,86.7,86.7,86.7,1.0,0.0,10.0,1.0,0.4,6.83,8.2,8.2,7.53,3.0,1.15,16.0,0.7,0.5,0.7,-5.59,-4.1,-4.02,-4.79,3.0,1.29,16.0,0.7,0.5,0.7,-6.52,-5.27,-4.91,-5.71,3.0,1.24,16.0,0.7,0.5,0.7,1007.98,1008.8,1011.67,1009.8,3.0,2.84,16.0,0.7,0.5,0.7,1.6,3.0,5.7,3.7,3.0,3.1,16.0,0.7,0.5,0.7,-45.8,-33.6,-27.5,-36.6,3.0,13.6,16.0,0.7,0.5,0.7,-53.5,-43.2,-33.8,-43.6,3.0,14.4,16.0,0.7,0.5,0.7,-1.77,-0.85,0.07,-0.85,2.0,1.91,18.0,1.0,0.4,0.6,-14.5,-7.0,0.6,-7.0,2.0,15.7,18.0,1.0,0.4,0.6,3.68,3.68,3.68,3.68,1.0,0.0,10.0,1.0,0.8,0.4,30.2,30.2,30.2,30.2,1.0,0.0,10.0,1.0,0.8,0.4,-155.2,-110.7,-103.1,-128.7,3.0,41.2,16.0,0.7,0.5,0.7,-177.7,-147.6,-127.9,-152.7,3.0,36.8,16.0,0.7,0.5,0.7,-79.5,-79.5,-79.5,-79.5,1.0,0.0,10.0,1.0,0.8,0.4,-137.7,-137.7,-137.7,-137.7,1.0,0.0,10.0,1.0,0.8,0.4,-15.1,-15.1,-15.1,-15.1,1.0,0.0,10.0,1.0,0.8,0.4,-26.2,-26.2,-26.2,-26.2,1.0,0.0,10.0,1.0,0.8,0.4,337.5,551.5,551.5,447.0,3.0,180.5,16.0,0.7,0.5,0.7,340.0,550.0,550.0,445.0,3.0,180.0,16.0,0.7,0.5,0.7
1974,2,46.0,0.0,25.89,26.35,26.5,26.2,4.0,0.42,16.0,0.5,0.3,0.4,25.92,26.5,26.92,26.43,4.0,0.78,16.0,0.5,0.3,0.4,16.28,17.56,17.87,17.09,3.0,1.23,14.0,0.7,0.2,0.3,78.7,81.1,82.5,80.6,3.0,2.8,14.0,0.7,0.3,5.6,6.85,7.63,6.63,4.0,1.5,16.0,0.5,0.3,0.4,-5.84,-4.83,-3.9,-4.87,4.0,1.21,16.0,0.5,0.3,0.4,-5.2,-4.82,-3.69,-4.46,4.0,1.06,16.0,0.5,0.3,0.4,1009.38,1009.9,1011.05,1010.2,4.0,1.28,16.0,0.5,0.3,0.4,3.0,3.5,4.0,3.5,4.0,0.6,16.0,0.5,0.3,0.4,-44.9,-33.2,-22.2,-33.5,4.0,14.8,16.0,0.5,0.3,0.4,-39.0,-32.9,-22.1,-30.7,4.0,12.4,16.0,0.5,0.3,0.4,-0.85,-0.4,0.42,-0.22,4.0,0.79,16.0,0.5,0.3,0.4,-6.5,-2.8,2.8,-1.9,4.0,5.8,16.0,0.5,0.3,0.4,3.07,4.14,5.13,4.1,3.0,1.51,14.0,0.7,0.2,0.3,19.7,21.1,32.3,25.9,3.0,10.1,14.0,0.7,0.2,0.3,-156.9,-127.9,-101.0,-128.9,4.0,33.5,16.0,0.5,0.3,0.4,-135.2,-126.6,-99.5,-117.8,4.0,27.2,16.0,0.5,0.3,0.4,-98.7,-67.6,-63.7,-80.9,3.0,28.1,14.0,0.7,0.2,0.3,-90.4,-80.5,-61.0,-75.8,3.0,21.9,14.0,0.7,0.2,0.3,-21.6,-16.1,-15.1,-18.3,3.0,5.1,14.0,0.7,0.2,0.3,-23.9,-13.5,-12.7,-18.2,3.0,9.1,14.0,0.7,0.2,0.3,194.0,322.0,452.0,323.0,4.0,186.0,16.0,0.5,0.3,0.4,195.0,320.0,450.0,325.0,4.0,185.0,16.0,0.5,0.3,0.4
1974,2,46.0,1.0,25.46,26.0,26.76,26.12,5.0,0.75,14.0,0.2,0.6,0.4,25.38,25.6,26.3,25.76,5.0,0.55,14.0,0.2,0.6,0.4,16.48,16.61,17.5,16.98,3.0,0.81,6.0,0.0,0.5,0.3,81.6,82.9,85.8,83.7,3.0,3.1,6.0,0.0,0.3,5.1,7.0,8.86,7.08,5.0,2.1,14.0,0.2,0.6,0.4,-6.51,-4.5,-4.23,-5.35,5.0,1.91,14.0,0.2,0.6,0.4,-5.7,-5.0,-3.01,-4.49,5.0,1.54,14.0,0.2,0.6,0.4,1009.63,1010.3,1011.41,1010.56,5.0,1.48,14.0,0.2,0.6,0.4,2.0,3.0,5.4,3.6,5.0,1.8,14.0,0.2,0.6,0.4,-59.1,-31.5,-21.6,-40.8,5.0,27.2,14.0,0.2,0.6,0.4,-50.6,-37.5,-15.4,-33.8,5.0,18.1,14.0,0.2,0.6,0.4,-0.17,0.2,0.84,0.36,5.0,0.74,14.0,0.2,0.6,0.4,-1.4,1.4,5.1,1.9,5.0,4.2,14.0,0.2,0.6,0.4,3.85,3.91,4.48,4.16,3.0,0.51,6.0,0.0,0.5,0.3,21.0,24.2,29.5,25.2,3.0,6.3,6.0,0.0,0.5,0.3,-166.8,-118.3,-108.3,-138.2,5.0,51.4,14.0,0.2,0.6,0.4,-146.9,-131.5,-77.1,-115.8,5.0,39.2,14.0,0.2,0.6,0.4,-82.3,-73.4,-71.0,-76.6,3.0,8.7,6.0,0.0,0.5,0.3,-89.0,-58.7,-47.5,-68.1,3.0,31.4,6.0,0.0,0.5,0.3,-19.9,-18.6,-17.4,-18.7,3.0,1.9,6.0,0.0,0.5,0.3,-21.7,-15.6,-11.6,-16.6,3.0,7.4,6.0,0.0,0.5,0.3,132.5,343.0,715.0,432.0,5.0,362.0,14.0,0.2,0.6,0.4,135.0,345.0,715.0,430.0,5.0,360.0,14.0,0.2,0.6,0.4
1974,2,46.0,2.0,25.82,26.05,27.0,26.45,8.0,0.8,10.0,0.4,0.4,0.5,25.77,26.45,27.5,26.53,10.0,0.9,10.0,0.4,0.5,0.6,16.34,17.29,17.49,16.95,6.0,0.91,12.0,0.5,0.5,0.4,74.5,76.9,83.3,77.8,6.0,5.1,12.0,0.5,0.4,8.0,8.7,12.86,9.72,10.0,2.79,10.0,0.4,0.5,0.6,-10.31,-8.03,-5.82,-7.87,10.0,2.23,10.0,0.4,0.5,0.6,-8.15,-5.27,-3.27,-5.42,10.0,2.51,10.0,0.4,0.5,0.6,1008.9,1009.8,1011.24,1010.06,7.0,2.18,12.0,0.6,0.5,0.5,1.0,3.0,6.1,3.3,10.0,2.8,10.0,0.4,0.5,0.6,-134.1,-67.1,-48.8,-81.7,10.0,45.6,10.0,0.4,0.5,0.6,-101.2,-48.3,-23.0,-57.9,10.0,42.7,10.0,0.4,0.5,0.6,-0.77,-0.05,0.89,0.04,8.0,1.0,10.0,0.4,0.4,0.5,-7.1,-0.4,8.3,0.9,8.0,10.9,10.0,0.4,0.4,0.5,3.51,4.38,6.32,4.98,6.0,1.97,12.0,0.5,0.5,0.4,30.5,32.6,82.8,53.3,6.0,37.7,12.0,0.5,0.5,0.4,-271.3,-210.9,-155.3,-208.9,10.0,60.0,10.0,0.4,0.5,0.6,-213.3,-142.2,-86.0,-144.3,10.0,68.2,10.0,0.4,0.5,0.6,-173.1,-130.7,-91.4,-131.7,6.0,45.1,12.0,0.5,0.5,0.4,-145.3,-105.9,-59.3,-104.7,6.0,43.0,12.0,0.5,0.5,0.4,-63.4,-26.0,-23.8,-41.0,6.0,28.8,12.0,0.5,0.5,0.4,-53.2,-22.4,-18.5,-33.5,6.0,25.3,12.0,0.5,0.5,0.4,512.0,658.5,2246.5,1136.0,10.0,1014.5,10.0,0.4,0.5,0.6,510.0,660.0,2245.0,1135.0,10.0,1015.0,10.0,0.4,0.5,0.6
1974,2,46.0,12.0,24.98,25.3,25.64,25.27,13.0,0.49,18.0,0.5,0.4,0.5,24.37,25.3,26.07,25.29,13.0,0.92,18.0,0.5,0.4,0.5,14.63,15.35,15.76,15.45,8.0,1.05,20.0,0.5,0.5,0.4,71.5,79.1,81.3,77.3,8.0,4.7,20.0,0.5,0.4,3.96,7.0,10.03,7.07,13.0,3.54,18.0,0.5,0.4,0.5,-10.01,-6.58,-3.11,-6.71,13.0,3.4,18.0,0.5,0.4,0.5,-2.41,-1.74,-0.94,-1.82,13.0,1.66,18.0,0.5,0.4,0.5,1011.81,1013.0,1013.62,1012.74,13.0,1.14,18.0,0.5,0.4,0.5,0.0,0.0,3.2,1.5,13.0,2.3,18.0,0.5,0.4,0.5,-100.4,-46.0,-12.2,-58.4,13.0,46.4,18.0,0.5,0.4,0.5,-17.5,-9.0,-5.7,-15.7,13.0,23.1,18.0,0.5,0.4,0.5,-1.16,0.0,0.9,-0.02,13.0,1.07,18.0,0.5,0.4,0.5,-6.9,0.0,6.5,-0.2,13.0,8.4,18.0,0.5,0.4,0.5,4.5,4.85,5.31,4.62,8.0,1.23,20.0,0.5,0.5,0.4,22.2,38.8,49.1,39.2,8.0,16.9,20.0,0.5,0.5,0.4,-247.6,-165.1,-81.7,-169.1,13.0,86.8,18.0,0.5,0.4,0.5,-60.9,-43.1,-22.6,-46.5,13.0,42.7,18.0,0.5,0.4,0.5,-167.6,-146.4,-89.0,-130.2,8.0,46.1,20.0,0.5,0.5,0.4,-31.2,-25.5,-15.7,-30.2,8.0,28.9,20.0,0.5,0.5,0.4,-48.3,-38.5,-19.7,-37.3,8.0,15.1,20.0,0.5,0.5,0.4,-10.3,-6.8,-3.5,-9.6,8.0,10.8,20.0,0.5,0.5,0.4,62.5,343.0,1009.0,592.0,13.0,674.0,18.0,0.5,0.4,0.5,60.0,345.0,1010.0,590.0,13.0,675.0,18.0,0.5,0.4,0.5
1974,2,46.0,13.0,25.0,25.0,25.94,25.4,28.0,0.7,18.0,0.5,0.5,0.1,23.84,24.8,26.19,25.13,29.0,1.35,18.0,0.5,0.5,0.1,15.44,16.05,16.71,16.07,4.0,0.75,18.0,0.3,0.3,0.0,81.6,84.9,87.3,84.5,4.0,3.5,18.0,0.3,0.0,3.0,4.5,7.91,5.07,28.0,2.05,18.0,0.5,0.5,0.1,-7.37,-4.21,-3.0,-4.86,28.0,1.93,18.0,0.5,0.5,0.1,-1.71,0.0,0.0,-0.58,28.0,1.5,18.0,0.5,0.5,0.1,1013.19,1015.5,1017.4,1015.32,29.0,2.09,18.0,0.5,0.5,0.1,0.0,2.0,3.0,2.0,29.0,2.3,18.0,0.5,0.5,0.1,-57.0,-19.3,-9.0,-28.3,28.0,22.0,18.0,0.5,0.5,0.1,-10.4,0.0,0.0,-4.3,28.0,11.0,18.0,0.5,0.5,0.1,-1.01,0.5,1.54,0.29,28.0,1.36,18.0,0.5,0.5,0.1,-5.2,2.4,8.4,1.8,27.0,8.2,18.0,0.4,0.5,0.1,3.84,4.29,5.64,4.72,4.0,1.43,18.0,0.3,0.3,0.0,13.1,25.8,47.0,29.9,4.0,22.0,18.0,0.3,0.3,0.0,-185.6,-106.4,-75.1,-122.6,28.0,50.8,18.0,0.5,0.5,0.1,-43.6,0.0,0.0,-14.3,28.0,37.1,18.0,0.5,0.5,0.1,-106.8,-75.2,-50.3,-78.4,4.0,43.7,18.0,0.3,0.3,0.0,-70.7,-46.1,-11.9,-41.5,4.0,43.9,18.0,0.3,0.3,0.0,-39.4,-18.6,-11.4,-25.1,4.0,21.1,18.0,0.3,0.3,0.0,-23.1,-14.6,-1.9,-12.6,4.0,13.4,18.0,0.3,0.3,0.0,27.0,94.5,496.0,196.0,28.0,215.0,18.0,0.5,0.5,0.1,25.0,95.0,495.0,195.0,28.0,215.0,18.0,0.5,0.5,0.1
1974,2,47.0,-67.0,-0.8,-0.8,-0.59,-0.7,7.0,0.2,18.0,0.4,0.5,0.6,-2.13,-1.3,-0.39,-1.33,7.0,0.92,18.0,0.4,0.5,0.6,2.84,3.06,3.29,3.04,6.0,0.36,20.0,0.3,0.6,0.6,82.2,87.9,91.4,87.0,6.0,7.0,20.0,0.3,0.6,1.43,3.1,9.87,5.29,7.0,4.52,18.0,0.4,0.5,0.6,-9.66,0.0,2.27,-3.11,7.0,5.93,18.0,0.4,0.5,0.6,-1.89,0.0,1.31,-0.57,7.0,2.48,18.0,0.4,0.5,0.6,980.45,981.7,991.65,985.27,7.0,6.07,18.0,0.4,0.5,0.6,6.5,8.0,8.0,7.2,5.0,1.8,20.0,0.2,0.6,0.5,-95.3,0.0,6.0,-37.8,7.0,53.2,18.0,0.4,0.5,0.6,-18.9,0.0,3.4,-10.2,7.0,24.7,18.0,0.4,0.5,0.6,-0.03,0.5,1.33,0.63,7.0,0.92,18.0,0.4,0.5,0.6,-0.1,1.3,10.6,4.5,7.0,6.1,18.0,0.4,0.5,0.6,0.37,0.63,0.81,0.63,6.0,0.38,20.0,0.3,0.6,0.6,1.2,2.8,6.1,3.5,6.0,2.8,20.0,0.3,0.6,0.6,-3.1,0.0,15.9,4.8,7.0,10.2,18.0,0.4,0.5,0.6,-1.8,0.0,1.9,1.0,7.0,5.1,18.0,0.4,0.5,0.6,-29.9,-11.0,6.6,-11.9,6.0,19.7,20.0,0.3,0.6,0.6,-8.2,0.8,3.8,-2.2,6.0,8.0,20.0,0.3,0.6,0.6,-5.8,-0.3,1.8,-1.3,6.0,4.0,20.0,0.3,0.6,0.6,-1.0,0.1,1.1,-0.2,6.0,2.0,20.0,0.3,0.6,0.6,3.0,30.0,965.0,442.0,7.0,582.5,18.0,0.4,0.5,0.6,5.0,30.0,965.0,440.0,7.0,580.0,18.0,0.4,0.5,0.6
1974,2,47.0,-54.0,,,,,,,,,,,,,,,,,,,,,,,,,,,,,,,,,,,,,,,,5.92,7.9,9.88,7.9,2.0,4.1,4.0,0.5,0.1,0.5,0.88,4.64,8.4,4.64,2.0,7.79,4.0,0.5,0.1,0.5,-4.73,-4.31,-3.89,-4.31,2.0,0.87,4.0,0.5,0.1,0.5,989.2,989.2,989.2,989.2,1.0,0.0,8.0,0.0,0.0,0.4,7.0,7.0,7.0,7.0,2.0,0.0,4.0,0.5,0.1,0.5,13.7,52.6,91.5,52.6,2.0,80.6,4.0,0.5,0.1,0.5,-37.5,-32.3,-27.0,-32.3,2.0,10.8,4.0,0.5,0.1,0.5,,,,,,,,,,,,,,,,,,,,,,,,,,,,,,,,,,,,,,,,,25.4,25.4,25.4,25.4,1.0,0.0,8.0,0.0,0.0,0.4,-9.2,-9.2,-9.2,-9.2,1.0,0.0,8.0,0.0,0.0,0.4,36.5,36.5,36.5,36.5,1.0,0.0,8.0,0.0,0.0,0.4,-13.3,-13.3,-13.3,-13.3,1.0,0.0,8.0,0.0,0.0,0.4,,,,,,,,,,,,,,,,,,,,,,,,,,,,,,,,,,,,,,,,
1974,2,47.0,-41.0,15.1,15.1,15.1,15.1,1.0,0.0,2.0,0.0,0.8,0.1,14.8,14.8,14.8,14.8,1.0,0.0,2.0,0.0,0.8,0.1,10.12,10.12,10.12,10.12,1.0,0.0,2.0,0.0,0.8,0.1,97.4,97.4,97.4,97.4,1.0,0.0,2.0,0.0,0.1,9.3,9.3,9.3,9.3,1.0,0.0,2.0,0.0,0.8,0.1,-8.74,-8.74,-8.74,-8.74,1.0,0.0,2.0,0.0,0.8,0.1,-3.18,-3.18,-3.18,-3.18,1.0,0.0,2.0,0.0,0.8,0.1,1018.0,1018.0,1018.0,1018.0,1.0,0.0,2.0,0.0,0.8,0.1,8.0,8.0,8.0,8.0,1.0,0.0,2.0,0.0,0.8,0.1,-81.3,-81.3,-81.3,-81.3,1.0,0.0,2.0,0.0,0.8,0.1,-29.6,-29.6,-29.6,-29.6,1.0,0.0,2.0,0.0,0.8,0.1,0.3,0.3,0.3,0.3,1.0,0.0,2.0,0.0,0.8,0.1,2.8,2.8,2.8,2.8,1.0,0.0,2.0,0.0,0.8,0.1,0.47,0.47,0.47,0.47,1.0,0.0,2.0,0.0,0.8,0.1,4.4,4.4,4.4,4.4,1.0,0.0,2.0,0.0,0.8,0.1,-129.3,-129.3,-129.3,-129.3,1.0,0.0,2.0,0.0,0.8,0.1,-47.1,-47.1,-47.1,-47.1,1.0,0.0,2.0,0.0,0.8,0.1,-88.5,-88.5,-88.5,-88.5,1.0,0.0,2.0,0.0,0.8,0.1,-32.2,-32.2,-32.2,-32.2,1.0,0.0,2.0,0.0,0.8,0.1,-4.1,-4.1,-4.1,-4.1,1.0,0.0,2.0,0.0,0.8,0.1,-1.5,-1.5,-1.5,-1.5,1.0,0.0,2.0,0.0,0.8,0.1,804.5,804.5,804.5,804.5,1.0,0.0,2.0,0.0,0.8,0.1,805.0,805.0,805.0,805.0,1.0,0.0,2.0,0.0,0.8,0.1
1974,2,47.0,-40.0,18.0,18.0,18.0,18.0,1.0,0.0,16.0,1.0,0.1,0.5,22.0,22.0,22.0,22.0,1.0,0.0,16.0,1.0,0.1,0.5,12.77,12.77,12.77,12.77,1.0,0.0,16.0,1.0,0.1,0.5,78.0,78.0,78.0,78.0,1.0,0.0,16.0,1.0,0.5,5.1,5.1,5.1,5.1,1.0,0.0,16.0,1.0,0.1,0.5,-4.42,-4.42,-4.42,-4.42,1.0,0.0,16.0,1.0,0.1,0.5,2.55,2.55,2.55,2.55,1.0,0.0,16.0,1.0,0.1,0.5,1017.1,1017.1,1017.1,1017.1,1.0,0.0,16.0,1.0,0.1,0.5,3.0,3.0,3.0,3.0,1.0,0.0,16.0,1.0,0.1,0.5,-22.5,-22.5,-22.5,-22.5,1.0,0.0,16.0,1.0,0.1,0.5,13.0,13.0,13.0,13.0,1.0,0.0,16.0,1.0,0.1,0.5,-4.0,-4.0,-4.0,-4.0,1.0,0.0,16.0,1.0,0.1,0.5,-20.4,-20.4,-20.4,-20.4,1.0,0.0,16.0,1.0,0.1,0.5,0.0,0.0,0.0,0.0,1.0,0.0,16.0,1.0,0.1,0.5,0.0,0.0,0.0,0.0,1.0,0.0,16.0,1.0,0.1,0.5,-97.2,-97.2,-97.2,-97.2,1.0,0.0,16.0,1.0,0.1,0.5,56.1,56.1,56.1,56.1,1.0,0.0,16.0,1.0,0.1,0.5,-56.4,-56.4,-56.4,-56.4,1.0,0.0,16.0,1.0,0.1,0.5,32.6,32.6,32.6,32.6,1.0,0.0,16.0,1.0,0.1,0.5,0.0,0.0,0.0,0.0,1.0,0.0,16.0,1.0,0.1,0.5,0.0,0.0,0.0,0.0,1.0,0.0,16.0,1.0,0.1,0.5,132.5,132.5,132.5,132.5,1.0,0.0,16.0,1.0,0.1,0.5,135.0,135.0,135.0,135.0,1.0,0.0,16.0,1.0,0.1,0.5
1974,2,47.0,-39.0,21.0,21.0,21.0,21.0,1.0,0.0,10.0,0.0,0.9,0.3,21.2,21.2,21.2,21.2,1.0,0.0,10.0,0.0,0.9,0.3,14.76,14.76,14.76,14.76,1.0,0.0,10.0,0.0,0.9,0.3,94.0,94.0,94.0,94.0,1.0,0.0,10.0,0.0,0.3,9.3,9.3,9.3,9.3,1.0,0.0,10.0,0.0,0.9,0.3,0.0,0.0,0.0,0.0,1.0,0.0,10.0,0.0,0.9,0.3,-9.3,-9.3,-9.3,-9.3,1.0,0.0,10.0,0.0,0.9,0.3,1011.0,1011.0,1011.0,1011.0,1.0,0.0,10.0,0.0,0.9,0.3,6.0,6.0,6.0,6.0,1.0,0.0,10.0,0.0,0.9,0.3,0.0,0.0,0.0,0.0,1.0,0.0,10.0,0.0,0.9,0.3,-86.5,-86.5,-86.5,-86.5,1.0,0.0,10.0,0.0,0.9,0.3,-0.2,-0.2,-0.2,-0.2,1.0,0.0,10.0,0.0,0.9,0.3,-1.9,-1.9,-1.9,-1.9,1.0,0.0,10.0,0.0,0.9,0.3,0.75,0.75,0.75,0.75,1.0,0.0,10.0,0.0,0.9,0.3,7.0,7.0,7.0,7.0,1.0,0.0,10.0,0.0,0.9,0.3,0.0,0.0,0.0,0.0,1.0,0.0,10.0,0.0,0.9,0.3,-197.2,-197.2,-197.2,-197.2,1.0,0.0,10.0,0.0,0.9,0.3,0.0,0.0,0.0,0.0,1.0,0.0,10.0,0.0,0.9,0.3,-137.2,-137.2,-137.2,-137.2,1.0,0.0,10.0,0.0,0.9,0.3,0.0,0.0,0.0,0.0,1.0,0.0,10.0,0.0,0.9,0.3,-7.0,-7.0,-7.0,-7.0,1.0,0.0,10.0,0.0,0.9,0.3,804.5,804.5,804.5,804.5,1.0,0.0,10.0,0.0,0.9,0.3,805.0,805.0,805.0,805.0,1.0,0.0,10.0,0.0,0.9,0.3
1974,2,47.0,-33.0,24.93,25.2,25.47,25.2,2.0,0.57,16.0,0.5,0.6,1.0,24.95,25.7,26.38,25.67,3.0,1.05,10.0,0.3,0.5,0.8,15.02,17.13,19.43,17.23,3.0,3.23,10.0,0.3,0.5,0.8,72.4,89.2,96.6,84.6,3.0,18.1,10.0,0.3,0.8,6.85,8.25,9.65,8.25,2.0,2.9,16.0,0.5,0.6,1.0,-9.17,-7.06,-4.96,-7.06,2.0,4.35,16.0,0.5,0.6,1.0,-3.71,-1.48,0.75,-1.48,2.0,4.62,16.0,0.5,0.6,1.0,1016.66,1017.0,1018.37,1017.5,3.0,1.32,10.0,0.3,0.5,0.8,3.3,6.0,6.7,5.0,3.0,2.6,10.0,0.3,0.5,0.8,-91.8,-64.6,-37.4,-64.6,2.0,56.4,16.0,0.5,0.6,1.0,-21.8,-5.5,10.8,-5.5,2.0,33.8,16.0,0.5,0.6,1.0,-0.89,-0.45,-0.01,-0.45,2.0,0.92,16.0,0.5,0.6,1.0,-9.3,-5.0,-0.8,-5.0,2.0,8.9,16.0,0.5,0.6,1.0,2.98,4.36,5.74,4.36,2.0,2.86,16.0,0.5,0.6,1.0,22.6,40.1,57.6,40.1,2.0,36.2,16.0,0.5,0.6,1.0,-243.4,-184.4,-125.5,-184.4,2.0,122.2,16.0,0.5,0.6,1.0,-90.7,-34.5,21.6,-34.5,2.0,116.4,16.0,0.5,0.6,1.0,-130.6,-105.3,-80.0,-105.3,2.0,52.4,16.0,0.5,0.6,1.0,-64.5,-28.1,8.2,-28.1,2.0,75.3,16.0,0.5,0.6,1.0,-56.0,-37.0,-18.1,-37.0,2.0,39.2,16.0,0.5,0.6,1.0,-7.5,0.2,7.8,0.2,2.0,15.9,16.0,0.5,0.6,1.0,374.0,665.5,957.0,665.5,2.0,604.0,16.0,0.5,0.6,1.0,375.0,665.0,955.0,665.0,2.0,605.0,16.0,0.5,0.6,1.0
1974,2,47.0,-32.0,24.8,24.8,24.8,24.8,1.0,0.0,14.0,0.0,0.4,0.1,24.6,24.6,24.6,24.6,1.0,0.0,14.0,0.0,0.4,0.1,17.44,17.44,17.44,17.44,1.0,0.0,14.0,0.0,0.4,0.1,89.7,89.7,89.7,89.7,1.0,0.0,14.0,0.0,0.1,15.4,15.4,15.4,15.4,1.0,0.0,14.0,0.0,0.4,0.1,-7.7,-7.7,-7.7,-7.7,1.0,0.0,14.0,0.0,0.4,0.1,13.34,13.34,13.34,13.34,1.0,0.0,14.0,0.0,0.4,0.1,1005.0,1005.0,1005.0,1005.0,1.0,0.0,14.0,0.0,0.4,0.1,8.0,8.0,8.0,8.0,1.0,0.0,14.0,0.0,0.4,0.1,-118.6,-118.6,-118.6,-118.6,1.0,0.0,14.0,0.0,0.4,0.1,205.4,205.4,205.4,205.4,1.0,0.0,14.0,0.0,0.4,0.1,0.2,0.2,0.2,0.2,1.0,0.0,14.0,0.0,0.4,0.1,3.1,3.1,3.1,3.1,1.0,0.0,14.0,0.0,0.4,0.1,2.26,2.26,2.26,2.26,1.0,0.0,14.0,0.0,0.4,0.1,34.8,34.8,34.8,34.8,1.0,0.0,14.0,0.0,0.4,0.1,-189.4,-189.4,-189.4,-189.4,1.0,0.0,14.0,0.0,0.4,0.1,328.1,328.1,328.1,328.1,1.0,0.0,14.0,0.0,0.4,0.1,-134.3,-134.3,-134.3,-134.3,1.0,0.0,14.0,0.0,0.4,0.1,232.5,232.5,232.5,232.5,1.0,0.0,14.0,0.0,0.4,0.1,-17.4,-17.4,-17.4,-17.4,1.0,0.0,14.0,0.0,0.4,0.1,30.1,30.1,30.1,30.1,1.0,0.0,14.0,0.0,0.4,0.1,3652.5,3652.5,3652.5,3652.5,1.0,0.0,14.0,0.0,0.4,0.1,3650.0,3650.0,3650.0,3650.0,1.0,0.0,14.0,0.0,0.4,0.1
1974,2,47.0,-31.0,24.8,24.8,24.8,24.8,1.0,0.0,8.0,0.0,0.1,0.4,25.6,25.6,25.6,25.6,1.0,0.0,8.0,0.0,0.1,0.4,15.54,15.54,15.54,15.54,1.0,0.0,8.0,0.0,0.1,0.4,76.2,76.2,76.2,76.2,1.0,0.0,8.0,0.0,0.4,9.3,9.3,9.3,9.3,1.0,0.0,8.0,0.0,0.1,0.4,-8.74,-8.74,-8.74,-8.74,1.0,0.0,8.0,0.0,0.1,0.4,-3.18,-3.18,-3.18,-3.18,1.0,0.0,8.0,0.0,0.1,0.4,1015.3,1015.3,1015.3,1015.3,1.0,0.0,8.0,0.0,0.1,0.4,1.0,1.0,1.0,1.0,1.0,0.0,8.0,0.0,0.1,0.4,-81.3,-81.3,-81.3,-81.3,1.0,0.0,8.0,0.0,0.1,0.4,-29.6,-29.6,-29.6,-29.6,1.0,0.0,8.0,0.0,0.1,0.4,-0.8,-0.8,-0.8,-0.8,1.0,0.0,8.0,0.0,0.1,0.4,-7.4,-7.4,-7.4,-7.4,1.0,0.0,8.0,0.0,0.1,0.4,3.95,3.95,3.95,3.95,1.0,0.0,8.0,0.0,0.1,0.4,36.8,36.8,36.8,36.8,1.0,0.0,8.0,0.0,0.1,0.4,-223.7,-223.7,-223.7,-223.7,1.0,0.0,8.0,0.0,0.1,0.4,-81.4,-81.4,-81.4,-81.4,1.0,0.0,8.0,0.0,0.1,0.4,-135.8,-135.8,-135.8,-135.8,1.0,0.0,8.0,0.0,0.1,0.4,-49.4,-49.4,-49.4,-49.4,1.0,0.0,8.0,0.0,0.1,0.4,-34.6,-34.6,-34.6,-34.6,1.0,0.0,8.0,0.0,0.1,0.4,-12.6,-12.6,-12.6,-12.6,1.0,0.0,8.0,0.0,0.1,0.4,804.5,804.5,804.5,804.5,1.0,0.0,8.0,0.0,0.1,0.4,805.0,805.0,805.0,805.0,1.0,0.0,8.0,0.0,0.1,0.4
1974,2,47.0,-30.0,,,,,,,,,,,,,,,,,,,,,,,,,,,,,,,,,,,,,,,,7.7,7.7,7.7,7.7,1.0,0.0,10.0,1.0,0.8,0.6,-4.95,-4.95,-4.95,-4.95,1.0,0.0,10.0,1.0,0.8,0.6,-5.9,-5.9,-5.9,-5.9,1.0,0.0,10.0,1.0,0.8,0.6,1014.0,1014.0,1014.0,1014.0,1.0,0.0,10.0,1.0,0.8,0.6,3.0,3.0,3.0,3.0,1.0,0.0,10.0,1.0,0.8,0.6,-38.1,-38.1,-38.1,-38.1,1.0,0.0,10.0,1.0,0.8,0.6,-45.4,-45.4,-45.4,-45.4,1.0,0.0,10.0,1.0,0.8,0.6,,,,,,,,,,,,,,,,,,,,,,,,,,,,,,,,,,,,,,,,,-133.6,-133.6,-133.6,-133.6,1.0,0.0,10.0,1.0,0.8,0.6,-159.3,-159.3,-159.3,-159.3,1.0,0.0,10.0,1.0,0.8,0.6,-86.1,-86.1,-86.1,-86.1,1.0,0.0,10.0,1.0,0.8,0.6,-102.6,-102.6,-102.6,-102.6,1.0,0.0,10.0,1.0,0.8,0.6,,,,,,,,,,,,,,,,,,,,,,,,,,,,,,,,,,,,,,,,
1974,2,47.0,-28.0,27.13,27.4,28.42,27.77,3.0,1.0,16.0,0.7,0.5,0.7,26.39,26.65,27.33,26.85,4.0,0.73,16.0,0.8,0.3,0.8,15.85,17.22,18.52,17.19,4.0,1.66,16.0,0.8,0.3,0.8,73.9,76.2,82.1,78.0,4.0,6.5,16.0,0.8,0.8,4.84,5.1,7.3,6.03,4.0,2.2,16.0,0.8,0.3,0.8,-6.68,-1.34,3.1,-1.77,4.0,5.92,16.0,0.8,0.3,0.8,-2.88,-0.49,3.26,0.16,4.0,3.74,16.0,0.8,0.3,0.8,1011.86,1013.65,1014.81,1013.35,4.0,1.84,16.0,0.8,0.3,0.8,1.5,2.0,4.1,2.8,4.0,2.2,16.0,0.8,0.3,0.8,-53.3,-6.8,14.7,-18.8,4.0,45.4,16.0,0.8,0.3,0.8,-21.7,-2.9,16.3,-2.7,4.0,23.6,16.0,0.8,0.3,0.8,0.65,1.2,1.88,1.27,3.0,0.9,16.0,0.7,0.5,0.7,4.5,6.1,9.6,7.0,3.0,3.8,16.0,0.7,0.5,0.7,5.85,5.88,7.01,6.42,3.0,0.97,16.0,0.7,0.5,0.7,32.6,38.4,49.3,40.9,3.0,12.4,16.0,0.7,0.5,0.7,-176.9,-34.6,85.4,-45.3,4.0,159.1,16.0,0.8,0.3,0.8,-76.1,-11.5,87.9,5.1,4.0,99.7,16.0,0.8,0.3,0.8,-107.6,-17.1,56.5,-25.2,4.0,99.9,16.0,0.8,0.3,0.8,-46.0,-5.3,61.3,7.0,4.0,66.3,16.0,0.8,0.3,0.8,-45.4,-33.3,-3.6,-24.7,3.0,31.5,16.0,0.7,0.5,0.7,-19.0,-18.6,13.3,-3.2,3.0,27.2,16.0,0.7,0.5,0.7,114.0,132.5,484.5,291.5,4.0,342.0,16.0,0.8,0.3,0.8,115.0,135.0,485.0,290.0,4.0,340.0,16.0,0.8,0.3,0.8
1974,2,47.0,-27.0,27.0,27.0,27.19,27.06,8.0,0.09,14.0,0.5,0.5,0.5,26.63,27.2,29.34,27.77,10.0,1.59,16.0,0.5,0.5,0.5,17.65,18.11,19.28,18.53,5.0,1.53,16.0,0.4,0.3,0.4,78.5,81.4,86.4,82.9,6.0,6.8,16.0,0.3,0.4,1.69,4.3,8.72,5.13,10.0,3.85,16.0,0.5,0.5,0.5,-6.88,-1.15,2.58,-2.1,10.0,5.06,16.0,0.5,0.5,0.5,-5.21,-3.01,0.2,-2.47,10.0,2.62,16.0,0.5,0.5,0.5,1010.49,1012.0,1015.13,1012.44,9.0,2.56,14.0,0.6,0.5,0.5,1.4,3.0,3.6,2.7,10.0,1.6,16.0,0.5,0.5,0.5,-63.0,-3.2,8.7,-25.0,10.0,51.0,16.0,0.5,0.5,0.5,-44.7,-10.4,0.2,-18.8,10.0,22.3,16.0,0.5,0.5,0.5,-2.53,-0.15,0.36,-0.95,8.0,1.56,14.0,0.5,0.5,0.5,-12.8,-0.7,2.2,-4.5,8.0,10.5,14.0,0.5,0.5,0.5,2.63,4.4,4.72,3.71,4.0,1.8,16.0,0.3,0.3,0.4,11.0,23.8,45.3,27.9,4.0,24.7,16.0,0.3,0.3,0.4,-202.4,-32.9,71.8,-58.9,10.0,139.9,16.0,0.5,0.5,0.5,-146.2,-81.1,6.0,-68.5,10.0,73.5,16.0,0.5,0.5,0.5,-108.9,27.5,68.7,-17.5,5.0,114.7,16.0,0.4,0.3,0.4,-81.9,-47.7,3.3,-40.2,5.0,50.0,16.0,0.4,0.3,0.4,-36.8,-6.2,10.6,-12.8,4.0,32.9,16.0,0.3,0.3,0.4,-22.4,-11.7,2.5,-10.0,4.0,14.8,16.0,0.3,0.3,0.4,8.0,80.5,718.5,367.0,10.0,606.0,16.0,0.5,0.5,0.5,10.0,80.0,720.0,365.0,10.0,605.0,16.0,0.5,0.5,0.5
1974,2,47.0,-26.0,26.0,27.2,28.5,27.15,28.0,1.47,14.0,0.5,0.4,0.6,25.3,27.0,28.12,26.87,30.0,1.72,12.0,0.5,0.4,0.6,16.93,17.63,18.89,17.72,24.0,1.57,12.0,0.6,0.4,0.6,74.4,79.2,86.7,79.3,25.0,8.3,14.0,0.6,0.6,5.1,7.7,9.3,7.32,31.0,2.18,12.0,0.5,0.4,0.6,-8.57,-5.8,-3.2,-5.33,31.0,3.64,12.0,0.5,0.4,0.6,-4.96,-1.95,2.68,-1.43,31.0,3.92,12.0,0.5,0.4,0.6,1010.64,1013.3,1014.56,1012.92,29.0,2.13,12.0,0.5,0.4,0.6,1.3,4.5,7.7,4.4,28.0,2.5,12.0,0.5,0.4,0.6,-81.1,-37.9,-14.8,-44.4,31.0,35.0,12.0,0.5,0.4,0.6,-44.7,-11.1,14.8,-13.9,31.0,31.6,12.0,0.5,0.4,0.6,-0.67,0.7,2.0,0.44,27.0,1.88,14.0,0.5,0.4,0.6,-6.1,4.7,15.1,2.5,27.0,14.6,14.0,0.5,0.4,0.6,2.76,5.74,7.17,5.31,22.0,2.55,14.0,0.6,0.4,0.6,22.8,44.1,53.3,39.2,22.0,19.6,14.0,0.6,0.4,0.6,-223.8,-147.5,-87.2,-138.4,30.0,98.3,12.0,0.5,0.4,0.6,-126.3,-42.3,79.1,-34.5,30.0,109.6,12.0,0.5,0.4,0.6,-154.2,-107.4,-69.7,-100.8,24.0,60.0,12.0,0.6,0.4,0.6,-90.1,-46.3,56.6,-26.3,24.0,78.6,12.0,0.6,0.4,0.6,-48.5,-28.6,-6.9,-28.4,22.0,24.3,14.0,0.6,0.4,0.6,-24.4,-6.3,20.9,-3.1,22.0,23.4,14.0,0.6,0.4,0.6,132.5,456.5,804.5,491.0,31.0,361.0,12.0,0.5,0.4,0.6,135.0,455.0,805.0,490.0,31.0,360.0,12.0,0.5,0.4,0.6
1974,2,47.0,-25.0,27.0,27.9,28.18,27.8,8.0,1.09,16.0,0.8,0.7,0.2,24.64,27.3,27.96,26.66,8.0,1.79,16.0,0.8,0.7,0.2,16.75,17.59,18.46,17.5,8.0,1.13,16.0,0.8,0.7,0.2,75.0,77.9,87.0,80.4,8.0,8.0,16.0,0.8,0.2,5.1,6.95,10.01,7.19,8.0,2.38,16.0,0.8,0.7,0.2,-7.91,-4.85,-1.27,-4.12,8.0,4.52,16.0,0.8,0.7,0.2,-5.69,-1.32,4.64,-0.87,8.0,4.91,16.0,0.8,0.7,0.2,1008.59,1011.35,1014.29,1011.38,8.0,2.49,16.0,0.8,0.7,0.2,2.0,4.5,7.9,4.6,8.0,2.8,16.0,0.8,0.7,0.2,-83.7,-27.5,-6.2,-33.6,8.0,44.3,16.0,0.8,0.7,0.2,-44.4,-10.1,23.6,-12.3,8.0,40.0,16.0,0.8,0.7,0.2,-0.16,0.8,2.47,1.14,8.0,1.73,16.0,0.8,0.7,0.2,-0.7,4.5,19.5,10.8,8.0,16.5,16.0,0.8,0.7,0.2,5.28,5.97,6.35,5.96,8.0,1.24,16.0,0.8,0.7,0.2,27.3,40.7,63.3,44.8,8.0,23.2,16.0,0.8,0.7,0.2,-217.0,-125.1,-35.0,-107.0,8.0,119.0,16.0,0.8,0.7,0.2,-140.0,-29.6,127.2,-20.7,8.0,132.7,16.0,0.8,0.7,0.2,-144.0,-81.2,-23.3,-71.3,8.0,79.6,16.0,0.8,0.7,0.2,-95.2,-23.7,87.1,-14.4,8.0,87.5,16.0,0.8,0.7,0.2,-58.3,-28.5,-6.0,-26.5,8.0,30.9,16.0,0.8,0.7,0.2,-32.2,-8.5,24.1,-8.3,8.0,31.5,16.0,0.8,0.7,0.2,132.5,347.5,1022.0,483.5,8.0,452.0,16.0,0.8,0.7,0.2,135.0,345.0,1020.0,485.0,8.0,450.0,16.0,0.8,0.7,0.2
1974,2,47.0,-23.0,,,,,,,,,,,,,,,,,,,,,,,,,,,,,,,,,,,,,,,,3.1,3.1,3.1,3.1,1.0,0.0,6.0,1.0,0.4,0.4,-1.55,-1.55,-1.55,-1.55,1.0,0.0,6.0,1.0,0.4,0.4,2.68,2.68,2.68,2.68,1.0,0.0,6.0,1.0,0.4,0.4,1007.0,1007.0,1007.0,1007.0,1.0,0.0,6.0,1.0,0.4,0.4,,,,,,,,,,,,,,,,,,,,,,,,,,,,,,,,,,,,,,,,,,,,,,,,,,,,,,,,,,,,,,,,,,,,,,,,,,,,,,,,,,,,,,,,,,,,,,,,,,,,,,,,,,,,,,,,,,,,,,,,,,,,,,,,,,,,,,,,,,,,,,,,,,,,,,
1974,2,47.0,-16.0,27.0,27.0,27.0,27.0,1.0,0.0,2.0,1.0,0.1,0.4,25.0,25.0,25.0,25.0,1.0,0.0,2.0,1.0,0.1,0.4,16.02,16.02,16.02,16.02,1.0,0.0,2.0,1.0,0.1,0.4,81.4,81.4,81.4,81.4,1.0,0.0,2.0,1.0,0.4,7.7,7.7,7.7,7.7,1.0,0.0,2.0,1.0,0.1,0.4,-7.7,-7.7,-7.7,-7.7,1.0,0.0,2.0,1.0,0.1,0.4,0.0,0.0,0.0,0.0,1.0,0.0,2.0,1.0,0.1,0.4,1015.9,1015.9,1015.9,1015.9,1.0,0.0,2.0,1.0,0.1,0.4,3.0,3.0,3.0,3.0,1.0,0.0,2.0,1.0,0.1,0.4,-59.3,-59.3,-59.3,-59.3,1.0,0.0,2.0,1.0,0.1,0.4,0.0,0.0,0.0,0.0,1.0,0.0,2.0,1.0,0.1,0.4,2.0,2.0,2.0,2.0,1.0,0.0,2.0,1.0,0.1,0.4,15.4,15.4,15.4,15.4,1.0,0.0,2.0,1.0,0.1,0.4,6.22,6.22,6.22,6.22,1.0,0.0,2.0,1.0,0.1,0.4,47.9,47.9,47.9,47.9,1.0,0.0,2.0,1.0,0.1,0.4,-192.5,-192.5,-192.5,-192.5,1.0,0.0,2.0,1.0,0.1,0.4,0.0,0.0,0.0,0.0,1.0,0.0,2.0,1.0,0.1,0.4,-123.3,-123.3,-123.3,-123.3,1.0,0.0,2.0,1.0,0.1,0.4,0.0,0.0,0.0,0.0,1.0,0.0,2.0,1.0,0.1,0.4,-47.9,-47.9,-47.9,-47.9,1.0,0.0,2.0,1.0,0.1,0.4,0.0,0.0,0.0,0.0,1.0,0.0,2.0,1.0,0.1,0.4,456.5,456.5,456.5,456.5,1.0,0.0,2.0,1.0,0.1,0.4,455.0,455.0,455.0,455.0,1.0,0.0,2.0,1.0,0.1,0.4
1974,2,47.0,-14.0,28.0,28.0,28.34,28.17,3.0,0.29,2.0,0.3,0.6,0.6,26.59,27.0,29.05,27.8,3.0,1.93,8.0,0.3,0.5,0.5,16.79,18.02,19.25,18.02,2.0,2.54,2.0,0.5,0.5,0.5,77.5,82.1,86.7,82.1,2.0,9.5,2.0,0.5,0.5,0.63,2.0,3.37,2.0,3.0,2.0,2.0,0.3,0.6,0.6,0.55,1.73,1.91,1.24,3.0,1.09,2.0,0.3,0.6,0.6,0.32,1.0,2.68,1.49,3.0,1.78,2.0,0.3,0.6,0.6,1008.75,1009.3,1010.46,1009.6,3.0,1.28,2.0,0.3,0.6,0.6,4.0,6.0,7.5,5.8,4.0,2.2,8.0,0.3,0.5,0.6,1.1,3.5,6.6,3.8,3.0,4.0,2.0,0.3,0.6,0.6,0.6,2.0,10.1,5.3,3.0,7.5,2.0,0.3,0.6,0.6,1.17,1.55,1.93,1.55,2.0,0.78,2.0,0.5,0.5,0.5,0.6,2.0,3.4,2.0,2.0,2.8,2.0,0.5,0.5,0.5,4.58,6.07,7.55,6.07,2.0,3.07,2.0,0.5,0.5,0.5,2.5,7.8,13.1,7.8,2.0,11.0,2.0,0.5,0.5,0.5,8.6,27.0,45.4,27.0,2.0,38.2,2.0,0.5,0.5,0.5,14.8,46.8,78.7,46.8,2.0,66.1,2.0,0.5,0.5,0.5,6.3,19.8,33.3,19.8,2.0,28.0,2.0,0.5,0.5,0.5,10.9,34.3,57.7,34.3,2.0,48.5,2.0,0.5,0.5,0.5,1.2,3.9,6.6,3.9,2.0,5.5,2.0,0.5,0.5,0.5,2.1,6.7,11.4,6.7,2.0,9.5,2.0,0.5,0.5,0.5,2.5,8.0,46.0,24.0,3.0,35.0,2.0,0.3,0.6,0.6,5.0,10.0,45.0,25.0,3.0,35.0,2.0,0.3,0.6,0.6
1974,2,47.0,-13.0,30.0,30.0,30.0,30.0,1.0,0.0,10.0,0.0,0.0,0.4,26.1,26.95,27.8,26.95,2.0,1.77,14.0,0.5,0.0,0.7,16.99,16.99,16.99,16.99,1.0,0.0,18.0,1.0,0.0,1.0,82.5,82.5,82.5,82.5,1.0,0.0,18.0,1.0,1.0,4.72,6.05,7.38,6.05,2.0,2.76,14.0,0.5,0.0,0.7,-2.35,1.41,5.18,1.41,2.0,7.8,14.0,0.5,0.0,0.7,-3.37,-2.0,-0.63,-2.0,2.0,2.83,14.0,0.5,0.0,0.7,1010.62,1011.3,1011.98,1011.3,2.0,1.41,14.0,0.5,0.0,0.7,3.3,4.0,4.7,4.0,2.0,1.4,14.0,0.5,0.0,0.7,-5.3,19.3,44.0,19.3,2.0,51.1,14.0,0.5,0.0,0.7,-26.9,-16.0,-5.1,-16.0,2.0,22.6,14.0,0.5,0.0,0.7,,,,,,,,,,,,,,,,,,,,,,,,,,,,,,,,,,,,,,,,,-57.6,45.0,147.6,45.0,2.0,212.7,14.0,0.5,0.0,0.7,-94.9,-56.4,-17.9,-56.4,2.0,79.8,14.0,0.5,0.0,0.7,-69.7,-69.7,-69.7,-69.7,1.0,0.0,18.0,1.0,0.0,1.0,0.0,0.0,0.0,0.0,1.0,0.0,18.0,1.0,0.0,1.0,,,,,,,,,,,,,,,,,,,,,,,,,,,,,,,,,,,,,,,,
1974,2,47.0,-12.0,29.2,29.2,29.2,29.2,1.0,0.0,6.0,0.0,0.9,0.2,27.0,27.0,27.0,27.0,1.0,0.0,6.0,0.0,0.9,0.2,19.14,19.14,19.14,19.14,1.0,0.0,6.0,0.0,0.9,0.2,85.7,85.7,85.7,85.7,1.0,0.0,6.0,0.0,0.2,1.0,1.0,1.0,1.0,1.0,0.0,6.0,0.0,0.9,0.2,0.77,0.77,0.77,0.77,1.0,0.0,6.0,0.0,0.9,0.2,-0.64,-0.64,-0.64,-0.64,1.0,0.0,6.0,0.0,0.9,0.2,1009.3,1009.3,1009.3,1009.3,1.0,0.0,6.0,0.0,0.9,0.2,4.0,4.0,4.0,4.0,1.0,0.0,6.0,0.0,0.9,0.2,0.8,0.8,0.8,0.8,1.0,0.0,6.0,0.0,0.9,0.2,-0.6,-0.6,-0.6,-0.6,1.0,0.0,6.0,0.0,0.9,0.2,2.2,2.2,2.2,2.2,1.0,0.0,6.0,0.0,0.9,0.2,2.2,2.2,2.2,2.2,1.0,0.0,6.0,0.0,0.9,0.2,6.35,6.35,6.35,6.35,1.0,0.0,6.0,0.0,0.9,0.2,6.4,6.4,6.4,6.4,1.0,0.0,6.0,0.0,0.9,0.2,20.7,20.7,20.7,20.7,1.0,0.0,6.0,0.0,0.9,0.2,-17.4,-17.4,-17.4,-17.4,1.0,0.0,6.0,0.0,0.9,0.2,14.7,14.7,14.7,14.7,1.0,0.0,6.0,0.0,0.9,0.2,-12.3,-12.3,-12.3,-12.3,1.0,0.0,6.0,0.0,0.9,0.2,4.9,4.9,4.9,4.9,1.0,0.0,6.0,0.0,0.9,0.2,-4.1,-4.1,-4.1,-4.1,1.0,0.0,6.0,0.0,0.9,0.2,1.0,1.0,1.0,1.0,1.0,0.0,6.0,0.0,0.9,0.2,0.0,0.0,0.0,0.0,1.0,0.0,6.0,0.0,0.9,0.2
1974,2,47.0,-10.0,30.4,30.4,30.4,30.4,1.0,0.0,26.0,1.0,0.6,1.0,28.4,28.4,28.4,28.4,1.0,0.0,26.0,1.0,0.6,1.0,17.56,17.56,17.56,17.56,1.0,0.0,26.0,1.0,0.6,1.0,72.6,72.6,72.6,72.6,1.0,0.0,26.0,1.0,1.0,1.5,1.5,1.5,1.5,1.0,0.0,26.0,1.0,0.6,1.0,1.41,1.41,1.41,1.41,1.0,0.0,26.0,1.0,0.6,1.0,0.51,0.51,0.51,0.51,1.0,0.0,26.0,1.0,0.6,1.0,1010.2,1010.2,1010.2,1010.2,1.0,0.0,26.0,1.0,0.6,1.0,4.0,4.0,4.0,4.0,1.0,0.0,26.0,1.0,0.6,1.0,2.1,2.1,2.1,2.1,1.0,0.0,26.0,1.0,0.6,1.0,0.8,0.8,0.8,0.8,1.0,0.0,26.0,1.0,0.6,1.0,2.0,2.0,2.0,2.0,1.0,0.0,26.0,1.0,0.6,1.0,3.0,3.0,3.0,3.0,1.0,0.0,26.0,1.0,0.6,1.0,9.77,9.77,9.77,9.77,1.0,0.0,26.0,1.0,0.6,1.0,14.6,14.6,14.6,14.6,1.0,0.0,26.0,1.0,0.6,1.0,40.0,40.0,40.0,40.0,1.0,0.0,26.0,1.0,0.6,1.0,14.6,14.6,14.6,14.6,1.0,0.0,26.0,1.0,0.6,1.0,24.8,24.8,24.8,24.8,1.0,0.0,26.0,1.0,0.6,1.0,9.0,9.0,9.0,9.0,1.0,0.0,26.0,1.0,0.6,1.0,13.8,13.8,13.8,13.8,1.0,0.0,26.0,1.0,0.6,1.0,5.0,5.0,5.0,5.0,1.0,0.0,26.0,1.0,0.6,1.0,3.5,3.5,3.5,3.5,1.0,0.0,26.0,1.0,0.6,1.0,5.0,5.0,5.0,5.0,1.0,0.0,26.0,1.0,0.6,1.0
1974,2,47.0,-9.0,28.57,29.15,29.73,29.15,2.0,1.2,24.0,0.5,0.2,0.8,26.79,28.5,30.21,28.5,2.0,3.54,24.0,0.5,0.2,0.8,16.77,17.96,19.16,17.96,2.0,2.48,24.0,0.5,0.2,0.8,71.2,73.6,76.1,73.6,2.0,5.1,24.0,0.5,0.8,5.35,5.9,6.45,5.9,2.0,1.13,24.0,0.5,0.2,0.8,4.53,4.77,5.02,4.77,2.0,0.51,24.0,0.5,0.2,0.8,-3.22,-0.88,1.46,-0.88,2.0,4.85,24.0,0.5,0.2,0.8,1010.03,1010.1,1010.17,1010.1,2.0,0.14,24.0,0.5,0.2,0.8,3.0,3.0,3.0,3.0,1.0,0.0,26.0,1.0,0.4,0.6,24.4,28.5,32.5,28.5,2.0,8.4,24.0,0.5,0.2,0.8,-22.2,-7.9,6.4,-7.9,2.0,29.6,24.0,0.5,0.2,0.8,-0.48,0.65,1.78,0.65,2.0,2.33,24.0,0.5,0.2,0.8,-1.8,5.2,12.2,5.2,2.0,14.5,24.0,0.5,0.2,0.8,7.14,7.46,7.79,7.46,2.0,0.68,24.0,0.5,0.2,0.8,38.4,44.4,50.4,44.4,2.0,12.5,24.0,0.5,0.2,0.8,134.0,135.2,136.4,135.2,2.0,2.5,24.0,0.5,0.2,0.8,-81.7,-16.5,48.7,-16.5,2.0,135.1,24.0,0.5,0.2,0.8,83.8,85.1,86.5,85.1,2.0,2.7,24.0,0.5,0.2,0.8,-50.8,-9.8,31.2,-9.8,2.0,84.9,24.0,0.5,0.2,0.8,32.4,35.8,39.2,35.8,2.0,7.0,24.0,0.5,0.2,0.8,-26.0,-8.2,9.6,-8.2,2.0,36.8,24.0,0.5,0.2,0.8,159.5,216.5,274.0,216.5,2.0,119.0,24.0,0.5,0.2,0.8,160.0,215.0,275.0,215.0,2.0,120.0,24.0,0.5,0.2,0.8
1974,2,47.0,-8.0,28.3,28.3,28.3,28.3,1.0,0.0,10.0,1.0,0.5,0.2,27.3,27.3,27.3,27.3,1.0,0.0,10.0,1.0,0.5,0.2,18.4,18.4,18.4,18.4,1.0,0.0,10.0,1.0,0.5,0.2,81.2,81.2,81.2,81.2,1.0,0.0,10.0,1.0,0.2,4.6,4.6,4.6,4.6,1.0,0.0,10.0,1.0,0.5,0.2,0.8,0.8,0.8,0.8,1.0,0.0,10.0,1.0,0.5,0.2,-4.53,-4.53,-4.53,-4.53,1.0,0.0,10.0,1.0,0.5,0.2,1012.1,1012.1,1012.1,1012.1,1.0,0.0,10.0,1.0,0.5,0.2,6.0,6.0,6.0,6.0,1.0,0.0,10.0,1.0,0.5,0.2,3.7,3.7,3.7,3.7,1.0,0.0,10.0,1.0,0.5,0.2,-20.8,-20.8,-20.8,-20.8,1.0,0.0,10.0,1.0,0.5,0.2,1.0,1.0,1.0,1.0,1.0,0.0,10.0,1.0,0.5,0.2,4.6,4.6,4.6,4.6,1.0,0.0,10.0,1.0,0.5,0.2,5.71,5.71,5.71,5.71,1.0,0.0,10.0,1.0,0.5,0.2,26.2,26.2,26.2,26.2,1.0,0.0,10.0,1.0,0.5,0.2,21.8,21.8,21.8,21.8,1.0,0.0,10.0,1.0,0.5,0.2,-123.7,-123.7,-123.7,-123.7,1.0,0.0,10.0,1.0,0.5,0.2,14.7,14.7,14.7,14.7,1.0,0.0,10.0,1.0,0.5,0.2,-83.4,-83.4,-83.4,-83.4,1.0,0.0,10.0,1.0,0.5,0.2,4.6,4.6,4.6,4.6,1.0,0.0,10.0,1.0,0.5,0.2,-25.8,-25.8,-25.8,-25.8,1.0,0.0,10.0,1.0,0.5,0.2,97.5,97.5,97.5,97.5,1.0,0.0,10.0,1.0,0.5,0.2,95.0,95.0,95.0,95.0,1.0,0.0,10.0,1.0,0.5,0.2
1974,2,47.0,-7.0,28.09,28.5,29.43,28.43,7.0,1.25,18.0,0.7,0.2,0.4,27.4,27.8,28.4,27.9,7.0,0.44,18.0,0.7,0.2,0.4,17.09,17.78,18.29,18.01,7.0,1.6,18.0,0.7,0.2,0.4,73.3,74.2,78.3,76.5,7.0,5.4,18.0,0.7,0.4,2.6,3.1,4.15,3.46,7.0,0.99,18.0,0.7,0.2,0.4,-2.58,-1.3,-0.82,-1.43,7.0,1.18,18.0,0.7,0.2,0.4,-3.88,-2.64,-2.25,-2.99,7.0,0.85,18.0,0.7,0.2,0.4,1008.67,1010.1,1010.22,1009.66,7.0,0.94,18.0,0.7,0.2,0.4,2.0,4.0,6.0,4.1,7.0,2.0,18.0,0.7,0.2,0.4,-12.9,-3.4,-2.1,-5.6,7.0,5.5,18.0,0.7,0.2,0.4,-16.1,-9.5,-5.9,-11.0,7.0,6.2,18.0,0.7,0.2,0.4,-0.28,0.8,1.62,0.53,7.0,1.25,18.0,0.7,0.2,0.4,-0.8,2.1,8.2,2.5,7.0,4.6,18.0,0.7,0.2,0.4,5.31,6.35,7.72,6.4,7.0,1.51,18.0,0.7,0.2,0.4,18.7,20.0,27.7,22.1,7.0,7.5,18.0,0.7,0.2,0.4,-73.2,-36.1,-22.8,-40.0,7.0,33.4,18.0,0.7,0.2,0.4,-106.5,-73.8,-62.6,-83.4,7.0,24.2,18.0,0.7,0.2,0.4,-54.6,-22.6,-14.0,-26.5,7.0,23.1,18.0,0.7,0.2,0.4,-69.7,-47.8,-38.9,-54.7,7.0,20.6,18.0,0.7,0.2,0.4,-14.0,-10.0,-4.4,-9.0,7.0,7.3,18.0,0.7,0.2,0.4,-24.1,-18.2,-16.3,-19.2,7.0,6.9,18.0,0.7,0.2,0.4,17.5,30.0,72.0,50.5,7.0,43.0,18.0,0.7,0.2,0.4,20.0,30.0,70.0,50.0,7.0,45.0,18.0,0.7,0.2,0.4
1974,2,47.0,-6.0,27.3,27.7,29.3,28.06,11.0,1.21,20.0,0.5,0.5,0.7,26.75,27.1,28.0,27.18,12.0,1.0,18.0,0.6,0.6,0.8,16.87,17.49,18.17,17.68,11.0,1.17,20.0,0.5,0.5,0.7,75.5,77.2,82.3,78.8,11.0,5.5,20.0,0.5,0.7,1.85,4.1,5.1,3.68,11.0,1.99,18.0,0.6,0.6,0.8,-3.14,-1.4,0.0,-1.81,11.0,1.97,18.0,0.6,0.6,0.8,-4.42,-2.64,-0.83,-2.54,11.0,2.08,18.0,0.6,0.6,0.8,1008.45,1009.7,1011.75,1010.08,12.0,1.97,18.0,0.6,0.6,0.8,1.7,3.0,6.3,3.5,12.0,2.5,18.0,0.6,0.6,0.8,-13.0,-5.7,0.0,-9.6,11.0,13.1,18.0,0.6,0.6,0.8,-22.5,-10.8,-1.2,-12.1,11.0,10.2,18.0,0.6,0.6,0.8,0.2,1.0,2.74,0.96,11.0,1.71,20.0,0.5,0.5,0.7,0.2,1.2,6.9,2.4,10.0,5.5,18.0,0.6,0.6,0.7,3.99,5.88,8.68,6.19,11.0,2.25,20.0,0.5,0.5,0.7,8.9,17.3,32.4,19.0,10.0,12.6,18.0,0.6,0.6,0.7,-84.8,-39.3,0.0,-49.5,11.0,54.7,18.0,0.6,0.6,0.8,-118.4,-74.3,-22.8,-69.5,11.0,56.3,18.0,0.6,0.6,0.8,-54.0,-19.1,0.0,-24.8,10.0,25.5,18.0,0.6,0.6,0.7,-76.2,-47.2,-10.5,-44.1,10.0,38.9,18.0,0.6,0.6,0.7,-14.4,-7.3,0.0,-7.4,10.0,6.6,18.0,0.6,0.6,0.7,-29.5,-12.8,-3.1,-14.2,10.0,15.2,18.0,0.6,0.6,0.7,7.0,69.0,132.5,88.5,11.0,106.0,18.0,0.6,0.6,0.8,5.0,70.0,135.0,90.0,11.0,105.0,18.0,0.6,0.6,0.8
1974,2,47.0,-5.0,27.71,28.2,28.57,28.15,10.0,0.75,12.0,0.4,0.3,0.5,26.41,27.1,27.79,27.17,10.0,0.82,12.0,0.4,0.3,0.5,16.3,17.63,19.95,17.83,9.0,1.91,12.0,0.4,0.4,0.6,73.0,78.2,85.3,79.1,9.0,7.3,12.0,0.4,0.6,2.6,4.85,7.99,5.3,10.0,2.66,12.0,0.4,0.3,0.5,-2.79,-1.5,-0.38,-1.19,10.0,2.41,12.0,0.4,0.3,0.5,-7.18,-3.21,-1.57,-4.11,10.0,3.48,12.0,0.4,0.3,0.5,1007.59,1010.25,1012.79,1010.55,10.0,3.0,12.0,0.4,0.3,0.5,3.0,3.0,6.0,4.3,10.0,1.7,12.0,0.4,0.3,0.5,-18.7,-6.2,-1.0,-7.4,10.0,15.2,12.0,0.4,0.3,0.5,-57.2,-12.3,-4.4,-28.5,10.0,33.2,12.0,0.4,0.3,0.5,0.17,0.9,1.46,0.98,10.0,1.07,12.0,0.4,0.3,0.5,0.7,4.6,10.5,5.4,10.0,5.4,12.0,0.4,0.3,0.5,3.96,6.76,7.48,6.09,9.0,1.96,12.0,0.4,0.4,0.6,16.0,20.8,52.0,30.9,9.0,20.3,12.0,0.4,0.4,0.6,-75.1,-41.4,-9.9,-31.3,10.0,67.5,12.0,0.4,0.3,0.5,-193.2,-85.8,-43.4,-110.7,10.0,94.8,12.0,0.4,0.3,0.5,-42.5,-21.1,-4.2,-13.7,9.0,46.5,12.0,0.4,0.4,0.6,-120.4,-43.6,-25.8,-64.3,9.0,62.7,12.0,0.4,0.4,0.6,-13.8,-7.2,-1.5,-6.6,9.0,9.6,12.0,0.4,0.4,0.6,-49.7,-19.6,-6.1,-26.6,9.0,23.5,12.0,0.4,0.4,0.6,17.5,115.0,511.0,256.0,10.0,309.5,12.0,0.4,0.3,0.5,20.0,115.0,510.0,255.0,10.0,310.0,12.0,0.4,0.3,0.5
1974,2,47.0,-4.0,26.7,27.5,28.86,27.55,21.0,0.97,16.0,0.7,0.5,0.6,26.2,27.0,28.7,27.29,22.0,1.67,16.0,0.6,0.5,0.6,16.56,17.35,19.16,18.04,19.0,2.15,18.0,0.6,0.5,0.6,74.0,76.3,85.6,79.5,19.0,8.1,18.0,0.6,0.6,3.85,5.1,7.7,5.43,23.0,1.98,16.0,0.6,0.5,0.6,-4.04,-2.55,-0.89,-2.45,23.0,1.6,16.0,0.6,0.5,0.6,-6.61,-4.32,-2.44,-4.53,23.0,2.09,16.0,0.6,0.5,0.6,1009.1,1010.6,1013.3,1010.98,23.0,2.22,16.0,0.6,0.5,0.6,2.0,3.0,4.5,3.1,23.0,1.7,16.0,0.6,0.5,0.6,-24.7,-10.8,-2.3,-14.1,23.0,12.0,16.0,0.6,0.5,0.6,-51.9,-19.9,-7.6,-28.2,23.0,22.1,16.0,0.6,0.5,0.6,-0.79,0.2,2.18,0.04,20.0,1.95,16.0,0.6,0.5,0.6,-3.7,1.1,8.2,1.3,20.0,10.6,16.0,0.6,0.5,0.6,3.21,5.23,6.22,4.73,18.0,2.74,16.0,0.7,0.5,0.6,11.5,22.8,44.1,26.7,18.0,21.2,16.0,0.7,0.5,0.6,-111.0,-73.0,-26.5,-69.5,22.0,41.0,16.0,0.6,0.5,0.6,-184.4,-116.0,-66.4,-123.2,22.0,57.0,16.0,0.6,0.5,0.6,-64.3,-40.5,-16.6,-40.7,19.0,26.2,18.0,0.6,0.5,0.6,-107.9,-70.1,-45.6,-78.5,19.0,33.3,18.0,0.6,0.5,0.6,-20.0,-7.4,-1.8,-9.3,18.0,10.4,16.0,0.7,0.5,0.6,-43.7,-19.2,-9.6,-24.3,18.0,19.4,16.0,0.7,0.5,0.6,57.5,132.5,456.5,222.5,23.0,216.5,16.0,0.6,0.5,0.6,60.0,135.0,455.0,220.0,23.0,215.0,16.0,0.6,0.5,0.6
1974,2,47.0,-3.0,26.53,27.5,28.3,27.44,14.0,0.94,14.0,0.8,0.4,0.5,26.42,27.85,29.13,27.69,12.0,1.51,14.0,0.8,0.5,0.5,15.9,16.76,18.17,16.99,9.0,1.12,14.0,0.7,0.5,0.5,67.5,73.7,79.3,73.5,10.0,6.1,14.0,0.7,0.5,4.6,6.2,7.7,6.17,14.0,1.75,14.0,0.8,0.4,0.5,-5.25,-3.92,-2.94,-4.03,14.0,1.23,14.0,0.8,0.4,0.5,-6.26,-5.05,-2.34,-4.42,14.0,2.02,14.0,0.8,0.4,0.5,1009.26,1010.5,1013.07,1010.63,13.0,2.36,14.0,0.8,0.5,0.5,1.1,3.0,5.9,3.6,14.0,1.8,14.0,0.8,0.4,0.5,-38.1,-23.6,-11.4,-26.2,14.0,13.9,14.0,0.8,0.4,0.5,-51.0,-30.0,-10.7,-30.0,14.0,19.5,14.0,0.8,0.4,0.5,-1.58,0.0,1.1,-0.24,12.0,1.47,14.0,0.8,0.5,0.5,-12.1,0.2,6.3,-2.0,12.0,9.1,14.0,0.8,0.5,0.5,4.97,5.67,6.79,5.82,9.0,1.76,14.0,0.7,0.5,0.5,24.2,31.4,49.0,34.2,9.0,13.0,14.0,0.7,0.5,0.5,-150.8,-102.6,-80.2,-111.6,12.0,35.9,14.0,0.8,0.5,0.5,-178.8,-138.5,-55.4,-122.3,12.0,63.1,14.0,0.8,0.5,0.5,-91.1,-64.0,-48.2,-67.4,9.0,24.3,14.0,0.7,0.5,0.5,-107.6,-79.6,-23.8,-71.4,9.0,42.5,14.0,0.7,0.5,0.5,-29.0,-24.0,-20.5,-23.1,9.0,8.2,14.0,0.7,0.5,0.5,-40.0,-20.2,-9.9,-23.1,9.0,14.7,14.0,0.7,0.5,0.5,97.5,238.5,456.5,288.0,14.0,219.5,14.0,0.8,0.4,0.5,95.0,240.0,455.0,290.0,14.0,220.0,14.0,0.8,0.4,0.5
1974,2,47.0,-2.0,25.56,26.8,27.47,26.56,11.0,0.91,16.0,0.4,0.6,0.5,25.06,26.0,27.88,26.21,11.0,1.2,16.0,0.5,0.7,0.5,15.67,17.05,19.07,17.23,10.0,1.61,16.0,0.4,0.6,0.5,74.4,81.0,85.4,81.0,10.0,8.6,16.0,0.4,0.5,4.47,6.2,8.2,6.26,12.0,1.76,16.0,0.4,0.6,0.5,-5.59,-3.31,-2.46,-3.78,12.0,1.51,16.0,0.4,0.6,0.5,-6.5,-4.69,-3.13,-4.79,12.0,1.72,16.0,0.4,0.6,0.5,1008.88,1009.8,1012.02,1010.41,11.0,1.8,16.0,0.4,0.6,0.5,1.0,2.0,5.2,3.1,11.0,2.5,16.0,0.5,0.7,0.5,-40.6,-22.7,-11.0,-25.3,12.0,15.2,16.0,0.4,0.6,0.5,-54.5,-30.0,-13.1,-32.2,12.0,19.4,16.0,0.4,0.6,0.5,-0.87,0.4,1.59,0.29,10.0,1.43,16.0,0.4,0.6,0.5,-7.7,1.6,9.6,1.4,10.0,9.5,16.0,0.4,0.6,0.5,3.28,3.77,6.55,4.52,10.0,1.72,16.0,0.4,0.6,0.5,13.9,22.5,48.1,28.2,10.0,16.9,16.0,0.4,0.6,0.5,-147.8,-82.9,-63.1,-95.7,11.0,41.9,16.0,0.5,0.7,0.5,-175.7,-121.1,-80.5,-126.0,11.0,48.3,16.0,0.5,0.7,0.5,-82.4,-53.8,-37.8,-59.8,10.0,26.3,16.0,0.4,0.6,0.5,-105.9,-79.5,-49.4,-79.1,10.0,28.3,16.0,0.4,0.6,0.5,-20.9,-16.0,-7.8,-16.1,10.0,9.5,16.0,0.4,0.6,0.5,-39.2,-15.0,-10.9,-22.3,10.0,15.6,16.0,0.4,0.6,0.5,90.0,238.5,551.5,299.0,12.0,232.5,16.0,0.4,0.6,0.5,90.0,240.0,550.0,300.0,12.0,230.0,16.0,0.4,0.6,0.5
1974,2,47.0,-1.0,26.13,26.4,27.08,26.6,3.0,0.72,14.0,1.0,0.6,0.8,26.7,26.9,27.65,27.17,3.0,0.74,14.0,1.0,0.6,0.8,18.13,18.44,18.76,18.44,2.0,0.66,12.0,1.0,0.5,0.7,82.1,84.2,86.3,84.2,2.0,4.3,12.0,1.0,0.7,4.6,4.6,8.15,6.33,3.0,3.0,14.0,1.0,0.6,0.8,-5.67,-4.32,-4.09,-4.87,3.0,1.25,14.0,1.0,0.6,0.8,-5.85,-2.3,-1.8,-3.79,3.0,3.24,14.0,1.0,0.6,0.8,1009.84,1011.0,1014.0,1011.9,3.0,3.15,14.0,1.0,0.6,0.8,3.0,3.0,4.4,3.7,3.0,1.2,14.0,1.0,0.6,0.8,-48.5,-19.9,-18.8,-33.3,3.0,24.6,14.0,1.0,0.6,0.8,-53.6,-10.6,-8.3,-30.5,3.0,37.4,14.0,1.0,0.6,0.8,-1.43,-0.2,0.28,-0.57,3.0,1.29,14.0,1.0,0.6,0.8,-13.7,-0.9,1.3,-6.1,3.0,11.8,14.0,1.0,0.6,0.8,2.92,3.73,4.53,3.73,2.0,1.66,12.0,1.0,0.5,0.7,13.5,17.1,20.8,17.1,2.0,7.6,12.0,1.0,0.5,0.7,-156.9,-115.0,-109.6,-132.8,3.0,37.9,14.0,1.0,0.6,0.8,-163.1,-61.9,-48.2,-104.6,3.0,92.0,14.0,1.0,0.6,0.8,-80.1,-76.7,-73.2,-76.7,2.0,7.2,12.0,1.0,0.5,0.7,-39.5,-35.6,-31.6,-35.6,2.0,8.2,12.0,1.0,0.5,0.7,-18.2,-15.3,-12.4,-15.3,2.0,6.0,12.0,1.0,0.5,0.7,-10.1,-7.6,-5.2,-7.6,2.0,5.1,12.0,1.0,0.5,0.7,97.5,97.5,673.5,378.5,3.0,487.0,14.0,1.0,0.6,0.8,95.0,95.0,675.0,380.0,3.0,485.0,14.0,1.0,0.6,0.8
1974,2,47.0,0.0,25.35,26.15,26.76,26.0,6.0,0.94,14.0,0.5,0.3,0.5,25.26,26.25,28.01,26.92,6.0,2.38,14.0,0.5,0.3,0.5,16.28,16.7,17.65,16.95,5.0,1.03,14.0,0.4,0.2,0.4,77.2,82.7,84.1,80.8,5.0,5.2,14.0,0.4,0.4,4.1,4.8,7.01,5.45,6.0,1.65,14.0,0.5,0.3,0.5,-5.16,-3.33,-3.01,-3.78,6.0,1.15,14.0,0.5,0.3,0.5,-4.73,-3.63,-2.64,-3.86,6.0,1.42,14.0,0.5,0.3,0.5,1009.99,1011.15,1012.37,1011.1,6.0,1.47,14.0,0.5,0.3,0.5,1.8,4.0,4.4,3.5,6.0,1.8,14.0,0.5,0.3,0.5,-36.2,-14.5,-12.8,-22.0,6.0,13.4,14.0,0.5,0.3,0.5,-33.5,-17.6,-10.8,-22.9,6.0,15.7,14.0,0.5,0.3,0.5,-1.48,-0.45,0.12,-0.92,6.0,1.82,14.0,0.5,0.3,0.5,-8.4,-1.9,1.0,-4.3,6.0,9.5,14.0,0.5,0.3,0.5,2.65,3.94,4.92,3.86,5.0,1.54,14.0,0.4,0.2,0.4,14.5,20.3,28.6,21.3,5.0,9.7,14.0,0.4,0.2,0.4,-134.5,-87.4,-78.8,-100.8,6.0,27.9,14.0,0.5,0.3,0.5,-141.1,-96.5,-69.5,-104.1,6.0,38.9,14.0,0.5,0.3,0.5,-90.7,-58.4,-52.2,-69.0,5.0,21.1,14.0,0.4,0.2,0.4,-89.1,-49.0,-43.8,-64.1,5.0,27.4,14.0,0.4,0.2,0.4,-20.3,-15.5,-11.1,-15.4,5.0,6.1,14.0,0.4,0.2,0.4,-19.9,-13.0,-9.3,-14.5,5.0,7.8,14.0,0.4,0.2,0.4,69.0,111.0,352.5,202.0,6.0,192.0,14.0,0.5,0.3,0.5,70.0,110.0,355.0,200.0,6.0,190.0,14.0,0.5,0.3,0.5
1974,2,47.0,1.0,24.86,25.0,25.68,25.27,3.0,0.64,14.0,0.3,0.9,0.5,24.53,24.6,25.56,25.03,3.0,0.84,14.0,0.3,0.9,0.5,16.34,16.82,18.12,17.22,3.0,1.35,14.0,0.3,0.9,0.5,84.9,87.0,88.6,86.7,3.0,2.7,14.0,0.3,0.5,5.08,7.2,7.54,6.33,3.0,1.95,14.0,0.3,0.9,0.5,-4.76,-3.14,-2.79,-3.76,3.0,1.54,14.0,0.3,0.9,0.5,-6.41,-4.63,-3.27,-4.83,3.0,2.31,14.0,0.3,0.9,0.5,1010.0,1010.0,1012.05,1011.0,3.0,1.73,14.0,0.3,0.9,0.5,2.6,4.0,5.4,4.0,3.0,2.0,14.0,0.3,0.9,0.5,-33.5,-20.3,-15.2,-24.3,3.0,13.9,14.0,0.3,0.9,0.5,-48.6,-33.3,-18.0,-33.3,3.0,22.5,14.0,0.3,0.9,0.5,0.1,0.3,0.37,0.23,3.0,0.21,14.0,0.3,0.9,0.5,0.5,1.6,2.0,1.3,3.0,1.1,14.0,0.3,0.9,0.5,2.51,3.01,3.33,2.92,3.0,0.61,14.0,0.3,0.9,0.5,14.0,17.5,22.7,18.3,3.0,6.4,14.0,0.3,0.9,0.5,-116.8,-77.3,-71.3,-93.6,3.0,36.2,14.0,0.3,0.9,0.5,-164.4,-113.4,-80.2,-122.1,3.0,62.1,14.0,0.3,0.9,0.5,-77.4,-52.8,-50.4,-63.7,3.0,21.9,14.0,0.3,0.9,0.5,-116.2,-74.6,-53.9,-84.8,3.0,46.4,14.0,0.3,0.9,0.5,-16.1,-9.5,-7.1,-11.6,3.0,6.9,14.0,0.3,0.9,0.5,-16.4,-16.1,-10.5,-13.5,3.0,4.8,14.0,0.3,0.9,0.5,165.5,373.0,430.0,299.5,3.0,204.0,14.0,0.3,0.9,0.5,165.0,375.0,430.0,300.0,3.0,205.0,14.0,0.3,0.9,0.5
1974,2,47.0,2.0,25.1,25.55,26.32,25.7,4.0,0.77,6.0,0.3,0.3,0.6,25.29,25.65,26.53,25.9,4.0,0.91,6.0,0.3,0.3,0.6,15.67,16.77,17.18,16.44,4.0,1.01,6.0,0.3,0.3,0.6,74.4,78.5,83.4,78.9,4.0,5.8,6.0,0.3,0.6,5.07,6.2,7.38,6.08,5.0,1.79,10.0,0.4,0.3,0.5,-5.77,-4.95,-3.4,-4.6,5.0,1.49,10.0,0.4,0.3,0.5,-5.17,-4.63,-1.26,-3.45,5.0,2.4,10.0,0.4,0.3,0.5,1008.98,1011.1,1012.62,1010.86,5.0,1.93,10.0,0.4,0.3,0.5,1.6,2.0,3.4,2.4,5.0,1.1,10.0,0.4,0.3,0.5,-38.9,-38.1,-18.4,-29.7,5.0,13.9,10.0,0.4,0.3,0.5,-37.7,-29.4,-3.9,-22.9,5.0,19.1,10.0,0.4,0.3,0.5,-0.4,-0.2,0.0,-0.2,4.0,0.26,6.0,0.3,0.3,0.6,-3.0,-1.5,-0.1,-1.6,4.0,1.7,6.0,0.3,0.3,0.6,3.15,4.18,5.33,4.24,4.0,1.37,6.0,0.3,0.3,0.6,17.5,23.2,31.2,24.3,4.0,8.2,6.0,0.3,0.3,0.6,-153.0,-138.1,-92.2,-123.3,4.0,43.3,6.0,0.3,0.3,0.6,-138.7,-88.6,-24.5,-81.9,4.0,69.0,6.0,0.3,0.3,0.6,-100.9,-87.9,-57.3,-79.5,4.0,31.0,6.0,0.3,0.3,0.6,-88.5,-54.8,-14.3,-51.5,4.0,44.5,6.0,0.3,0.3,0.6,-22.2,-17.4,-15.3,-18.7,4.0,5.2,6.0,0.3,0.3,0.6,-21.7,-16.6,-5.6,-13.8,4.0,10.3,6.0,0.3,0.3,0.6,162.0,238.5,403.5,267.0,5.0,162.0,10.0,0.4,0.3,0.5,160.0,240.0,405.0,265.0,5.0,160.0,10.0,0.4,0.3,0.5
1974,2,47.0,3.0,25.45,26.0,26.25,26.03,9.0,0.82,12.0,0.6,0.6,0.5,25.6,26.05,28.87,26.8,10.0,1.79,12.0,0.6,0.5,0.5,15.74,16.47,16.89,16.32,4.0,0.74,12.0,0.0,0.6,0.6,77.3,79.8,82.5,79.9,4.0,3.0,12.0,0.0,0.6,6.83,8.45,10.49,8.55,10.0,2.97,12.0,0.6,0.5,0.5,-8.46,-6.44,-5.72,-6.87,10.0,2.3,12.0,0.6,0.5,0.5,-6.9,-4.92,-2.34,-4.92,10.0,2.33,12.0,0.6,0.5,0.5,1009.28,1012.1,1013.76,1012.16,8.0,3.73,12.0,0.5,0.5,0.5,2.4,4.0,6.1,4.2,10.0,1.8,12.0,0.6,0.5,0.5,-88.6,-50.1,-43.6,-64.6,10.0,40.8,12.0,0.6,0.5,0.5,-69.3,-41.9,-16.0,-47.7,10.0,36.9,12.0,0.6,0.5,0.5,-1.62,-0.1,-0.03,-0.49,9.0,1.88,12.0,0.6,0.6,0.5,-14.6,-1.1,-0.1,-1.5,9.0,19.5,12.0,0.6,0.6,0.5,3.37,3.91,6.36,4.82,4.0,2.43,12.0,0.0,0.6,0.6,24.3,32.2,80.4,51.5,4.0,46.8,12.0,0.0,0.6,0.6,-221.1,-191.4,-147.8,-183.7,10.0,59.0,12.0,0.6,0.5,0.5,-179.7,-127.6,-64.5,-130.6,10.0,58.3,12.0,0.6,0.5,0.5,-139.7,-103.0,-94.5,-116.4,4.0,35.9,12.0,0.0,0.6,0.6,-125.8,-95.4,-59.9,-93.0,4.0,43.4,12.0,0.0,0.6,0.6,-59.5,-22.5,-20.5,-39.2,4.0,35.7,12.0,0.0,0.6,0.6,-53.8,-22.9,-12.4,-32.6,4.0,31.3,12.0,0.0,0.6,0.6,319.0,605.0,1164.0,832.5,10.0,838.5,12.0,0.6,0.5,0.5,320.0,605.0,1165.0,830.0,10.0,840.0,12.0,0.6,0.5,0.5
1974,2,47.0,11.0,24.4,24.4,25.63,25.0,3.0,1.04,14.0,0.7,0.4,0.5,25.13,26.7,27.45,26.3,3.0,1.73,14.0,0.7,0.4,0.5,15.5,16.23,16.39,15.95,3.0,0.69,14.0,0.7,0.4,0.5,71.3,75.4,78.5,74.9,3.0,5.2,14.0,0.7,0.5,6.83,8.2,8.2,7.53,3.0,1.15,14.0,0.7,0.4,0.5,-8.08,-8.08,-6.54,-7.33,3.0,1.3,14.0,0.7,0.4,0.5,-1.9,-1.42,0.52,-0.71,3.0,1.88,14.0,0.7,0.4,0.5,1010.31,1012.9,1014.33,1012.33,3.0,2.99,14.0,0.7,0.4,0.5,1.3,4.0,6.7,4.0,3.0,4.0,14.0,0.7,0.4,0.5,-66.2,-66.2,-45.7,-56.2,3.0,17.4,14.0,0.7,0.4,0.5,-12.7,-11.7,4.3,-4.4,3.0,13.9,14.0,0.7,0.4,0.5,-3.05,-2.3,0.5,-1.3,3.0,2.74,14.0,0.7,0.4,0.5,-25.0,-18.9,1.6,-11.9,3.0,20.4,14.0,0.7,0.4,0.5,2.7,2.92,5.06,3.86,3.0,1.91,14.0,0.7,0.4,0.5,22.2,23.9,33.2,27.6,3.0,8.7,14.0,0.7,0.4,0.5,-221.7,-215.6,-165.5,-194.1,3.0,45.2,14.0,0.7,0.4,0.5,-47.4,-38.0,15.0,-16.7,3.0,49.2,14.0,0.7,0.4,0.5,-132.4,-131.0,-101.9,-117.5,3.0,25.2,14.0,0.7,0.4,0.5,-29.4,-23.4,8.3,-10.8,3.0,29.7,14.0,0.7,0.4,0.5,-31.5,-23.6,-21.8,-26.6,3.0,7.6,14.0,0.7,0.4,0.5,-9.9,-3.7,1.7,-4.1,3.0,8.5,14.0,0.7,0.4,0.5,337.5,551.5,551.5,447.0,3.0,180.5,14.0,0.7,0.4,0.5,340.0,550.0,550.0,445.0,3.0,180.0,14.0,0.7,0.4,0.5
1974,2,47.0,12.0,24.91,25.45,26.0,25.41,16.0,0.61,16.0,0.3,0.4,0.5,23.8,24.4,26.78,25.08,17.0,1.64,16.0,0.2,0.4,0.5,15.21,15.52,15.58,15.25,8.0,0.66,20.0,0.0,0.5,0.3,75.0,80.4,84.5,79.1,8.0,6.9,20.0,0.0,0.3,2.86,6.7,9.62,6.37,17.0,3.23,16.0,0.2,0.4,0.5,-9.55,-6.58,-2.6,-6.27,17.0,3.25,16.0,0.2,0.4,0.5,-1.7,0.0,0.0,-0.58,17.0,0.97,16.0,0.2,0.4,0.5,1012.05,1013.7,1015.98,1013.93,17.0,1.85,16.0,0.2,0.4,0.5,0.0,1.0,3.0,1.8,17.0,2.2,16.0,0.2,0.4,0.5,-92.0,-44.9,-7.9,-49.8,17.0,42.2,16.0,0.2,0.4,0.5,-12.7,0.0,0.0,-4.1,17.0,6.7,16.0,0.2,0.4,0.5,-0.85,0.7,1.39,0.24,16.0,1.68,16.0,0.3,0.4,0.5,-4.6,4.3,7.1,1.0,16.0,9.1,16.0,0.3,0.4,0.5,4.21,4.54,5.05,4.85,7.0,1.18,18.0,0.0,0.5,0.4,14.6,33.8,44.5,31.4,7.0,13.4,18.0,0.0,0.5,0.4,-235.4,-161.8,-61.4,-157.1,17.0,80.0,16.0,0.2,0.4,0.5,-41.2,0.0,0.0,-13.9,17.0,23.9,16.0,0.2,0.4,0.5,-141.6,-101.1,-49.7,-95.7,8.0,47.3,20.0,0.0,0.5,0.3,-27.9,-11.7,0.0,-14.2,8.0,15.6,20.0,0.0,0.5,0.3,-44.4,-31.8,-14.5,-30.7,7.0,13.5,18.0,0.0,0.5,0.4,-8.1,-6.5,0.0,-4.7,7.0,4.7,18.0,0.0,0.5,0.4,29.0,301.0,894.5,445.5,17.0,499.0,16.0,0.2,0.4,0.5,30.0,300.0,895.0,445.0,17.0,500.0,16.0,0.2,0.4,0.5
1974,2,47.0,13.0,25.0,25.8,26.05,25.71,17.0,0.92,16.0,0.7,0.5,0.5,24.06,25.7,27.06,25.83,16.0,1.84,18.0,0.7,0.5,0.5,15.85,16.14,16.36,16.11,5.0,0.44,18.0,1.0,0.6,0.4,72.0,79.0,84.0,78.0,5.0,9.8,18.0,1.0,0.4,4.0,5.0,7.66,5.41,17.0,2.36,16.0,0.7,0.5,0.5,-6.3,-4.0,-3.62,-4.86,17.0,2.28,16.0,0.7,0.5,0.5,-1.84,0.0,2.88,0.17,17.0,2.51,16.0,0.7,0.5,0.5,1012.2,1014.8,1016.05,1014.44,17.0,1.94,16.0,0.7,0.5,0.5,0.0,1.0,4.9,2.0,17.0,2.6,16.0,0.7,0.5,0.5,-45.8,-19.2,-14.5,-31.0,17.0,29.4,16.0,0.7,0.5,0.5,-12.0,0.0,11.6,0.1,17.0,19.0,16.0,0.7,0.5,0.5,-1.82,0.0,1.32,-0.11,16.0,1.58,18.0,0.7,0.5,0.5,-9.9,0.1,6.7,0.1,16.0,10.6,18.0,0.7,0.5,0.5,3.86,4.57,6.78,5.13,5.0,1.71,18.0,1.0,0.6,0.4,14.2,32.9,62.4,38.1,5.0,28.0,18.0,1.0,0.6,0.4,-152.1,-100.6,-91.4,-117.7,16.0,51.4,18.0,0.7,0.5,0.5,-45.3,9.5,77.6,5.5,16.0,68.9,18.0,0.7,0.5,0.5,-129.0,-85.0,-54.9,-91.7,5.0,49.0,18.0,1.0,0.6,0.4,-62.2,12.0,57.7,-2.5,5.0,68.4,18.0,1.0,0.6,0.4,-48.6,-30.9,-11.5,-32.1,5.0,25.6,18.0,1.0,0.6,0.4,-22.1,3.1,16.8,-2.3,5.0,25.6,18.0,1.0,0.6,0.4,64.0,125.0,455.5,254.5,17.0,351.0,16.0,0.7,0.5,0.5,65.0,125.0,455.0,255.0,17.0,350.0,16.0,0.7,0.5,0.5
1974,2,47.0,42.0,,,,,,,,,,,,,,,,,,,,,,,,,,,,,,,,,,,,,,,,5.1,5.1,5.1,5.1,1.0,0.0,12.0,1.0,0.9,0.9,3.28,3.28,3.28,3.28,1.0,0.0,12.0,1.0,0.9,0.9,-3.91,-3.91,-3.91,-3.91,1.0,0.0,12.0,1.0,0.9,0.9,1019.9,1019.9,1019.9,1019.9,1.0,0.0,12.0,1.0,0.9,0.9,,,,,,,,,,,,,,,,,,,,,,,,,,,,,,,,,,,,,,,,,,,,,,,,,,,,,,,,,,,,,,,,,,,,,,,,,,,,,,,,,,,,,,,,,,,,,,,,,,,,,,,,,,,,,,,,,,,,,,,,,,,,,,,,,,,,,,,,,,,,,,,,,,,,,,
1974,2,48.0,-67.0,-0.6,-0.4,-0.07,-0.39,15.0,0.29,22.0,0.7,0.5,0.7,-3.2,-2.15,-1.2,-2.35,14.0,1.37,20.0,0.7,0.5,0.7,2.72,2.98,3.31,3.0,10.0,0.29,20.0,0.6,0.5,0.7,85.5,92.1,95.6,90.5,10.0,5.4,20.0,0.6,0.7,3.32,6.7,9.45,6.51,15.0,3.08,22.0,0.7,0.5,0.7,-9.34,-6.17,-2.74,-6.02,15.0,3.22,22.0,0.7,0.5,0.7,0.12,1.55,2.62,1.05,15.0,2.13,22.0,0.7,0.5,0.7,981.21,985.8,991.68,986.86,15.0,5.3,22.0,0.7,0.5,0.7,6.6,8.0,8.0,7.5,11.0,0.8,22.0,0.5,0.5,0.7,-88.8,-41.3,-8.4,-48.2,15.0,44.4,22.0,0.7,0.5,0.7,0.3,7.2,17.5,4.2,15.0,19.8,22.0,0.7,0.5,0.7,0.81,1.65,2.8,1.97,14.0,1.39,20.0,0.7,0.5,0.7,5.8,9.3,17.3,11.6,14.0,8.9,20.0,0.7,0.5,0.7,0.48,0.81,0.97,0.77,10.0,0.26,20.0,0.6,0.5,0.7,2.9,4.2,6.0,4.6,10.0,2.1,20.0,0.6,0.5,0.7,3.6,11.7,18.9,12.5,14.0,8.4,20.0,0.7,0.5,0.7,-6.6,-3.7,0.0,-3.4,14.0,4.8,20.0,0.7,0.5,0.7,-30.2,-19.2,-6.2,-18.3,10.0,11.4,20.0,0.6,0.5,0.7,1.3,3.8,8.2,3.7,10.0,5.2,20.0,0.6,0.5,0.7,-5.9,-3.9,-1.9,-4.1,10.0,2.4,20.0,0.6,0.5,0.7,0.3,1.0,1.7,1.1,10.0,1.3,20.0,0.6,0.5,0.7,38.5,301.0,854.5,461.0,15.0,580.0,22.0,0.7,0.5,0.7,40.0,300.0,855.0,460.0,15.0,580.0,22.0,0.7,0.5,0.7
1974,2,48.0,-44.0,9.0,9.0,9.0,9.0,1.0,0.0,16.0,0.0,0.3,0.5,7.4,7.4,7.4,7.4,1.0,0.0,16.0,0.0,0.3,0.5,5.01,5.01,5.01,5.01,1.0,0.0,16.0,0.0,0.3,0.5,79.6,79.6,79.6,79.6,1.0,0.0,16.0,0.0,0.5,6.2,6.2,6.2,6.2,1.0,0.0,16.0,0.0,0.3,0.5,-5.37,-5.37,-5.37,-5.37,1.0,0.0,16.0,0.0,0.3,0.5,3.1,3.1,3.1,3.1,1.0,0.0,16.0,0.0,0.3,0.5,1024.2,1024.2,1024.2,1024.2,1.0,0.0,16.0,0.0,0.3,0.5,3.0,3.0,3.0,3.0,1.0,0.0,16.0,0.0,0.3,0.5,-33.3,-33.3,-33.3,-33.3,1.0,0.0,16.0,0.0,0.3,0.5,19.2,19.2,19.2,19.2,1.0,0.0,16.0,0.0,0.3,0.5,1.6,1.6,1.6,1.6,1.0,0.0,16.0,0.0,0.3,0.5,9.9,9.9,9.9,9.9,1.0,0.0,16.0,0.0,0.3,0.5,2.02,2.02,2.02,2.02,1.0,0.0,16.0,0.0,0.3,0.5,12.5,12.5,12.5,12.5,1.0,0.0,16.0,0.0,0.3,0.5,-39.7,-39.7,-39.7,-39.7,1.0,0.0,16.0,0.0,0.3,0.5,22.9,22.9,22.9,22.9,1.0,0.0,16.0,0.0,0.3,0.5,-26.9,-26.9,-26.9,-26.9,1.0,0.0,16.0,0.0,0.3,0.5,15.5,15.5,15.5,15.5,1.0,0.0,16.0,0.0,0.3,0.5,-10.8,-10.8,-10.8,-10.8,1.0,0.0,16.0,0.0,0.3,0.5,6.3,6.3,6.3,6.3,1.0,0.0,16.0,0.0,0.3,0.5,238.5,238.5,238.5,238.5,1.0,0.0,16.0,0.0,0.3,0.5,240.0,240.0,240.0,240.0,1.0,0.0,16.0,0.0,0.3,0.5
1974,2,48.0,-43.0,,,,,,,,,,,,,,,,,,,,,,,,,,,,,,,,,,,,,,,,2.6,2.6,2.6,2.6,1.0,0.0,6.0,1.0,0.9,0.6,0.0,0.0,0.0,0.0,1.0,0.0,6.0,1.0,0.9,0.6,2.6,2.6,2.6,2.6,1.0,0.0,6.0,1.0,0.9,0.6,1018.5,1018.5,1018.5,1018.5,1.0,0.0,6.0,1.0,0.9,0.6,,,,,,,,,,,,,,,,,,,,,,,,,,,,,,,,,,,,,,,,,,,,,,,,,,,,,,,,,,,,,,,,,,,,,,,,,,,,,,,,,,,,,,,,,,,,,,,,,,,,,,,,,,,,,,,,,,,,,,,,,,,,,,,,,,,,,,,,,,,,,,,,,,,,,,
1974,2,48.0,-42.0,14.0,14.0,14.0,14.0,1.0,0.0,10.0,1.0,0.2,0.2,16.8,16.8,16.8,16.8,1.0,0.0,10.0,1.0,0.2,0.2,9.62,9.62,9.62,9.62,1.0,0.0,10.0,1.0,0.2,0.2,81.4,81.4,81.4,81.4,1.0,0.0,10.0,1.0,0.2,8.7,8.7,8.7,8.7,1.0,0.0,10.0,1.0,0.2,0.2,5.59,5.59,5.59,5.59,1.0,0.0,10.0,1.0,0.2,0.2,-6.66,-6.66,-6.66,-6.66,1.0,0.0,10.0,1.0,0.2,0.2,1016.6,1016.6,1016.6,1016.6,1.0,0.0,10.0,1.0,0.2,0.2,1.0,1.0,1.0,1.0,1.0,0.0,10.0,1.0,0.2,0.2,48.7,48.7,48.7,48.7,1.0,0.0,10.0,1.0,0.2,0.2,-58.0,-58.0,-58.0,-58.0,1.0,0.0,10.0,1.0,0.2,0.2,-2.8,-2.8,-2.8,-2.8,1.0,0.0,10.0,1.0,0.2,0.2,-24.4,-24.4,-24.4,-24.4,1.0,0.0,10.0,1.0,0.2,0.2,0.25,0.25,0.25,0.25,1.0,0.0,10.0,1.0,0.2,0.2,2.2,2.2,2.2,2.2,1.0,0.0,10.0,1.0,0.2,0.2,93.9,93.9,93.9,93.9,1.0,0.0,10.0,1.0,0.2,0.2,-112.0,-112.0,-112.0,-112.0,1.0,0.0,10.0,1.0,0.2,0.2,53.8,53.8,53.8,53.8,1.0,0.0,10.0,1.0,0.2,0.2,-64.1,-64.1,-64.1,-64.1,1.0,0.0,10.0,1.0,0.2,0.2,1.4,1.4,1.4,1.4,1.0,0.0,10.0,1.0,0.2,0.2,-1.7,-1.7,-1.7,-1.7,1.0,0.0,10.0,1.0,0.2,0.2,658.5,658.5,658.5,658.5,1.0,0.0,10.0,1.0,0.2,0.2,660.0,660.0,660.0,660.0,1.0,0.0,10.0,1.0,0.2,0.2
1974,2,48.0,-40.0,20.4,20.4,20.4,20.4,1.0,0.0,26.0,1.0,0.6,0.8,16.4,16.4,16.4,16.4,1.0,0.0,26.0,1.0,0.6,0.8,9.96,9.96,9.96,9.96,1.0,0.0,26.0,1.0,0.6,0.8,86.3,86.3,86.3,86.3,1.0,0.0,26.0,1.0,0.8,11.8,11.8,11.8,11.8,1.0,0.0,26.0,1.0,0.6,0.8,0.0,0.0,0.0,0.0,1.0,0.0,26.0,1.0,0.6,0.8,11.8,11.8,11.8,11.8,1.0,0.0,26.0,1.0,0.6,0.8,1015.2,1015.2,1015.2,1015.2,1.0,0.0,26.0,1.0,0.6,0.8,8.0,8.0,8.0,8.0,1.0,0.0,26.0,1.0,0.6,0.8,0.0,0.0,0.0,0.0,1.0,0.0,26.0,1.0,0.6,0.8,139.2,139.2,139.2,139.2,1.0,0.0,26.0,1.0,0.6,0.8,4.0,4.0,4.0,4.0,1.0,0.0,26.0,1.0,0.6,0.8,47.2,47.2,47.2,47.2,1.0,0.0,26.0,1.0,0.6,0.8,4.92,4.92,4.92,4.92,1.0,0.0,26.0,1.0,0.6,0.8,58.1,58.1,58.1,58.1,1.0,0.0,26.0,1.0,0.6,0.8,0.0,0.0,0.0,0.0,1.0,0.0,26.0,1.0,0.6,0.8,193.5,193.5,193.5,193.5,1.0,0.0,26.0,1.0,0.6,0.8,0.0,0.0,0.0,0.0,1.0,0.0,26.0,1.0,0.6,0.8,117.5,117.5,117.5,117.5,1.0,0.0,26.0,1.0,0.6,0.8,0.0,0.0,0.0,0.0,1.0,0.0,26.0,1.0,0.6,0.8,58.1,58.1,58.1,58.1,1.0,0.0,26.0,1.0,0.6,0.8,1643.0,1643.0,1643.0,1643.0,1.0,0.0,26.0,1.0,0.6,0.8,1645.0,1645.0,1645.0,1645.0,1.0,0.0,26.0,1.0,0.6,0.8
1974,2,48.0,-38.0,,,,,,,,,,,,,,,,,,,,,,,,,,,,,,,,,,,,,,,,12.0,12.0,12.0,12.0,1.0,0.0,18.0,1.0,0.6,1.0,6.0,6.0,6.0,6.0,1.0,0.0,18.0,1.0,0.6,1.0,-10.39,-10.39,-10.39,-10.39,1.0,0.0,18.0,1.0,0.6,1.0,1006.2,1006.2,1006.2,1006.2,1.0,0.0,18.0,1.0,0.6,1.0,,,,,,,,,,,,,,,,,,,,,,,,,,,,,,,,,,,,,,,,,,,,,,,,,,,,,,,,,,,,,,,,,,,,,,,,,,,,,,,,,,,,,,,,,,,,,,,,,,,,,,,,,,,,,,,,,,,,,,,,,,,,,,,,,,,,,,,,,,,,,,,,,,,,,,
1974,2,48.0,-35.0,23.5,23.5,23.5,23.5,1.0,0.0,14.0,1.0,0.2,0.3,23.4,23.4,23.4,23.4,1.0,0.0,14.0,1.0,0.2,0.3,16.56,16.56,16.56,16.56,1.0,0.0,14.0,1.0,0.2,0.3,92.4,92.4,92.4,92.4,1.0,0.0,14.0,1.0,0.3,10.3,10.3,10.3,10.3,1.0,0.0,14.0,1.0,0.2,0.3,-7.89,-7.89,-7.89,-7.89,1.0,0.0,14.0,1.0,0.2,0.3,-6.62,-6.62,-6.62,-6.62,1.0,0.0,14.0,1.0,0.2,0.3,1013.5,1013.5,1013.5,1013.5,1.0,0.0,14.0,1.0,0.2,0.3,8.0,8.0,8.0,8.0,1.0,0.0,14.0,1.0,0.2,0.3,-81.3,-81.3,-81.3,-81.3,1.0,0.0,14.0,1.0,0.2,0.3,-68.2,-68.2,-68.2,-68.2,1.0,0.0,14.0,1.0,0.2,0.3,0.1,0.1,0.1,0.1,1.0,0.0,14.0,1.0,0.2,0.3,1.0,1.0,1.0,1.0,1.0,0.0,14.0,1.0,0.2,0.3,1.48,1.48,1.48,1.48,1.0,0.0,14.0,1.0,0.2,0.3,15.3,15.3,15.3,15.3,1.0,0.0,14.0,1.0,0.2,0.3,-184.6,-184.6,-184.6,-184.6,1.0,0.0,14.0,1.0,0.2,0.3,-154.9,-154.9,-154.9,-154.9,1.0,0.0,14.0,1.0,0.2,0.3,-130.7,-130.7,-130.7,-130.7,1.0,0.0,14.0,1.0,0.2,0.3,-109.6,-109.6,-109.6,-109.6,1.0,0.0,14.0,1.0,0.2,0.3,-11.7,-11.7,-11.7,-11.7,1.0,0.0,14.0,1.0,0.2,0.3,-9.8,-9.8,-9.8,-9.8,1.0,0.0,14.0,1.0,0.2,0.3,1092.5,1092.5,1092.5,1092.5,1.0,0.0,14.0,1.0,0.2,0.3,1095.0,1095.0,1095.0,1095.0,1.0,0.0,14.0,1.0,0.2,0.3
1974,2,48.0,-34.0,25.2,25.2,25.2,25.2,1.0,0.0,6.0,1.0,0.8,0.4,26.0,26.0,26.0,26.0,1.0,0.0,6.0,1.0,0.8,0.4,16.03,16.03,16.03,16.03,1.0,0.0,6.0,1.0,0.8,0.4,77.2,77.2,77.2,77.2,1.0,0.0,6.0,1.0,0.4,7.7,7.7,7.7,7.7,1.0,0.0,6.0,1.0,0.8,0.4,-4.95,-4.95,-4.95,-4.95,1.0,0.0,6.0,1.0,0.8,0.4,-5.9,-5.9,-5.9,-5.9,1.0,0.0,6.0,1.0,0.8,0.4,1021.3,1021.3,1021.3,1021.3,1.0,0.0,6.0,1.0,0.8,0.4,4.0,4.0,4.0,4.0,1.0,0.0,6.0,1.0,0.8,0.4,-38.1,-38.1,-38.1,-38.1,1.0,0.0,6.0,1.0,0.8,0.4,-45.4,-45.4,-45.4,-45.4,1.0,0.0,6.0,1.0,0.8,0.4,-0.8,-0.8,-0.8,-0.8,1.0,0.0,6.0,1.0,0.8,0.4,-6.2,-6.2,-6.2,-6.2,1.0,0.0,6.0,1.0,0.8,0.4,3.82,3.82,3.82,3.82,1.0,0.0,6.0,1.0,0.8,0.4,29.4,29.4,29.4,29.4,1.0,0.0,6.0,1.0,0.8,0.4,-128.7,-128.7,-128.7,-128.7,1.0,0.0,6.0,1.0,0.8,0.4,-153.4,-153.4,-153.4,-153.4,1.0,0.0,6.0,1.0,0.8,0.4,-79.4,-79.4,-79.4,-79.4,1.0,0.0,6.0,1.0,0.8,0.4,-94.6,-94.6,-94.6,-94.6,1.0,0.0,6.0,1.0,0.8,0.4,-18.9,-18.9,-18.9,-18.9,1.0,0.0,6.0,1.0,0.8,0.4,-22.5,-22.5,-22.5,-22.5,1.0,0.0,6.0,1.0,0.8,0.4,456.5,456.5,456.5,456.5,1.0,0.0,6.0,1.0,0.8,0.4,455.0,455.0,455.0,455.0,1.0,0.0,6.0,1.0,0.8,0.4
1974,2,48.0,-33.0,23.0,23.0,23.0,23.0,1.0,0.0,24.0,0.0,0.9,0.1,24.6,24.6,24.6,24.6,1.0,0.0,24.0,0.0,0.9,0.1,13.85,13.85,13.85,13.85,1.0,0.0,24.0,0.0,0.9,0.1,72.3,72.3,72.3,72.3,1.0,0.0,24.0,0.0,0.1,3.76,4.1,4.44,4.1,2.0,0.71,14.0,0.5,0.9,0.3,-2.85,-2.64,-2.42,-2.64,2.0,0.45,14.0,0.5,0.9,0.3,-3.4,-3.14,-2.88,-3.14,2.0,0.54,14.0,0.5,0.9,0.3,1018.3,1018.3,1018.3,1018.3,2.0,0.0,14.0,0.5,0.9,0.3,1.3,2.0,2.7,2.0,2.0,1.4,14.0,0.5,0.9,0.3,-12.8,-11.0,-9.2,-11.0,2.0,3.7,14.0,0.5,0.9,0.3,-15.2,-13.1,-10.9,-13.1,2.0,4.4,14.0,0.5,0.9,0.3,-1.6,-1.6,-1.6,-1.6,1.0,0.0,24.0,0.0,0.9,0.1,-7.4,-7.4,-7.4,-7.4,1.0,0.0,24.0,0.0,0.9,0.1,3.57,3.57,3.57,3.57,1.0,0.0,24.0,0.0,0.9,0.1,16.4,16.4,16.4,16.4,1.0,0.0,24.0,0.0,0.9,0.1,-72.7,-72.7,-72.7,-72.7,1.0,0.0,24.0,0.0,0.9,0.1,-86.7,-86.7,-86.7,-86.7,1.0,0.0,24.0,0.0,0.9,0.1,-40.9,-40.9,-40.9,-40.9,1.0,0.0,24.0,0.0,0.9,0.1,-48.8,-48.8,-48.8,-48.8,1.0,0.0,24.0,0.0,0.9,0.1,-10.6,-10.6,-10.6,-10.6,1.0,0.0,24.0,0.0,0.9,0.1,-12.6,-12.6,-12.6,-12.6,1.0,0.0,24.0,0.0,0.9,0.1,54.5,72.0,89.5,72.0,2.0,36.0,14.0,0.5,0.9,0.3,55.0,70.0,90.0,70.0,2.0,35.0,14.0,0.5,0.9,0.3
1974,2,48.0,-32.0,24.25,24.8,25.07,24.67,3.0,0.61,20.0,0.0,0.5,0.6,22.92,23.4,23.74,23.33,3.0,0.6,20.0,0.0,0.5,0.6,11.02,14.5,16.95,14.0,3.0,4.36,20.0,0.0,0.5,0.6,63.6,81.2,92.0,77.9,3.0,21.0,20.0,0.0,0.6,5.77,7.2,9.32,7.53,3.0,2.62,20.0,0.0,0.5,0.6,-3.21,-2.55,-0.81,-2.02,3.0,1.82,20.0,0.0,0.5,0.6,-5.2,4.42,6.32,0.65,3.0,9.05,20.0,0.0,0.5,0.6,1008.56,1016.0,1018.46,1013.57,3.0,7.55,20.0,0.0,0.5,0.6,7.3,8.0,8.0,7.7,3.0,0.6,20.0,0.0,0.5,0.6,-28.9,-13.0,-4.1,-16.4,3.0,18.4,20.0,0.0,0.5,0.6,-60.9,22.5,42.5,-8.4,3.0,80.4,20.0,0.0,0.5,0.6,0.82,1.3,1.85,1.33,3.0,0.75,20.0,0.0,0.5,0.6,6.3,10.7,12.5,9.5,3.0,4.7,20.0,0.0,0.5,0.6,2.71,4.06,8.12,5.38,3.0,4.12,20.0,0.0,0.5,0.6,24.0,29.2,44.1,33.9,3.0,15.3,20.0,0.0,0.5,0.6,-75.8,-57.9,-18.4,-47.4,3.0,43.1,20.0,0.0,0.5,0.6,-126.1,100.3,146.8,12.5,3.0,213.9,20.0,0.0,0.5,0.6,-51.1,-24.0,-7.6,-29.2,3.0,32.2,20.0,0.0,0.5,0.6,-106.3,41.5,84.5,-9.7,3.0,146.6,20.0,0.0,0.5,0.6,-19.7,-7.4,-2.3,-11.0,3.0,13.1,20.0,0.0,0.5,0.6,-4.5,29.2,39.4,17.7,3.0,33.7,20.0,0.0,0.5,0.6,209.0,373.0,864.5,533.0,3.0,499.5,20.0,0.0,0.5,0.6,210.0,375.0,865.0,535.0,3.0,500.0,20.0,0.0,0.5,0.6
1974,2,48.0,-31.0,25.46,25.7,26.12,25.75,6.0,0.34,12.0,0.5,0.2,0.5,25.12,25.6,26.53,25.92,6.0,1.23,12.0,0.5,0.2,0.5,15.43,17.39,18.85,17.23,6.0,1.78,12.0,0.5,0.2,0.5,70.1,86.1,92.9,82.9,6.0,12.1,12.0,0.5,0.5,4.48,8.2,9.9,7.28,6.0,3.12,12.0,0.5,0.2,0.5,-8.02,1.03,5.74,-0.26,6.0,6.95,12.0,0.5,0.2,0.5,-4.79,-1.4,0.08,-2.68,6.0,4.05,12.0,0.5,0.2,0.5,1007.51,1009.35,1018.06,1011.72,6.0,5.8,12.0,0.5,0.2,0.5,1.6,3.0,4.8,3.3,6.0,2.7,12.0,0.5,0.2,0.5,-68.8,2.2,34.5,-9.3,6.0,58.0,12.0,0.5,0.2,0.5,-48.0,-11.5,0.2,-26.9,6.0,41.3,12.0,0.5,0.2,0.5,-0.91,0.05,0.92,-0.17,6.0,1.31,12.0,0.5,0.2,0.5,-8.3,-0.6,4.7,-3.3,6.0,11.1,12.0,0.5,0.2,0.5,1.82,3.4,5.06,3.49,6.0,1.73,12.0,0.5,0.2,0.5,9.6,18.7,46.4,25.1,6.0,17.7,12.0,0.5,0.2,0.5,-213.2,26.1,146.0,-11.2,6.0,185.4,12.0,0.5,0.2,0.5,-127.8,-36.6,1.9,-69.0,6.0,101.1,12.0,0.5,0.2,0.5,-120.9,17.3,110.2,4.7,6.0,116.8,12.0,0.5,0.2,0.5,-79.8,-20.9,1.3,-45.7,6.0,73.0,12.0,0.5,0.2,0.5,-43.6,4.7,10.6,-9.2,6.0,27.6,12.0,0.5,0.2,0.5,-17.8,-7.9,0.3,-8.9,6.0,10.6,12.0,0.5,0.2,0.5,107.0,551.5,972.5,546.5,6.0,427.5,12.0,0.5,0.2,0.5,105.0,550.0,970.0,545.0,6.0,430.0,12.0,0.5,0.2,0.5
1974,2,48.0,-29.0,28.0,28.0,28.0,28.0,1.0,0.0,6.0,0.0,0.2,0.9,26.0,26.0,26.0,26.0,1.0,0.0,6.0,0.0,0.2,0.9,16.14,16.14,16.14,16.14,1.0,0.0,6.0,0.0,0.2,0.9,77.2,77.2,77.2,77.2,1.0,0.0,6.0,0.0,0.9,8.7,8.7,8.7,8.7,1.0,0.0,6.0,0.0,0.2,0.9,-8.18,-8.18,-8.18,-8.18,1.0,0.0,6.0,0.0,0.2,0.9,-2.98,-2.98,-2.98,-2.98,1.0,0.0,6.0,0.0,0.2,0.9,1014.3,1014.3,1014.3,1014.3,1.0,0.0,6.0,0.0,0.2,0.9,2.0,2.0,2.0,2.0,1.0,0.0,6.0,0.0,0.2,0.9,-71.1,-71.1,-71.1,-71.1,1.0,0.0,6.0,0.0,0.2,0.9,-25.9,-25.9,-25.9,-25.9,1.0,0.0,6.0,0.0,0.2,0.9,2.0,2.0,2.0,2.0,1.0,0.0,6.0,0.0,0.2,0.9,17.4,17.4,17.4,17.4,1.0,0.0,6.0,0.0,0.2,0.9,7.49,7.49,7.49,7.49,1.0,0.0,6.0,0.0,0.2,0.9,65.2,65.2,65.2,65.2,1.0,0.0,6.0,0.0,0.2,0.9,-212.6,-212.6,-212.6,-212.6,1.0,0.0,6.0,0.0,0.2,0.9,-77.4,-77.4,-77.4,-77.4,1.0,0.0,6.0,0.0,0.2,0.9,-132.0,-132.0,-132.0,-132.0,1.0,0.0,6.0,0.0,0.2,0.9,-48.0,-48.0,-48.0,-48.0,1.0,0.0,6.0,0.0,0.2,0.9,-61.2,-61.2,-61.2,-61.2,1.0,0.0,6.0,0.0,0.2,0.9,-22.3,-22.3,-22.3,-22.3,1.0,0.0,6.0,0.0,0.2,0.9,658.5,658.5,658.5,658.5,1.0,0.0,6.0,0.0,0.2,0.9,660.0,660.0,660.0,660.0,1.0,0.0,6.0,0.0,0.2,0.9
1974,2,48.0,-28.0,25.0,25.0,25.0,25.0,1.0,0.0,18.0,1.0,0.2,0.9,26.3,26.3,26.3,26.3,1.0,0.0,18.0,1.0,0.2,0.9,17.79,17.79,17.79,17.79,1.0,0.0,18.0,1.0,0.2,0.9,83.1,83.1,83.1,83.1,1.0,0.0,18.0,1.0,0.9,5.1,5.1,5.1,5.1,1.0,0.0,18.0,1.0,0.2,0.9,4.79,4.79,4.79,4.79,1.0,0.0,18.0,1.0,0.2,0.9,-1.74,-1.74,-1.74,-1.74,1.0,0.0,18.0,1.0,0.2,0.9,1009.1,1009.1,1009.1,1009.1,1.0,0.0,18.0,1.0,0.2,0.9,6.0,6.0,6.0,6.0,1.0,0.0,18.0,1.0,0.2,0.9,24.4,24.4,24.4,24.4,1.0,0.0,18.0,1.0,0.2,0.9,-8.9,-8.9,-8.9,-8.9,1.0,0.0,18.0,1.0,0.2,0.9,-1.3,-1.3,-1.3,-1.3,1.0,0.0,18.0,1.0,0.2,0.9,-6.6,-6.6,-6.6,-6.6,1.0,0.0,18.0,1.0,0.2,0.9,2.06,2.06,2.06,2.06,1.0,0.0,18.0,1.0,0.2,0.9,10.5,10.5,10.5,10.5,1.0,0.0,18.0,1.0,0.2,0.9,126.0,126.0,126.0,126.0,1.0,0.0,18.0,1.0,0.2,0.9,-45.9,-45.9,-45.9,-45.9,1.0,0.0,18.0,1.0,0.2,0.9,85.3,85.3,85.3,85.3,1.0,0.0,18.0,1.0,0.2,0.9,-31.0,-31.0,-31.0,-31.0,1.0,0.0,18.0,1.0,0.2,0.9,9.9,9.9,9.9,9.9,1.0,0.0,18.0,1.0,0.2,0.9,-3.6,-3.6,-3.6,-3.6,1.0,0.0,18.0,1.0,0.2,0.9,132.5,132.5,132.5,132.5,1.0,0.0,18.0,1.0,0.2,0.9,135.0,135.0,135.0,135.0,1.0,0.0,18.0,1.0,0.2,0.9
1974,2,48.0,-27.0,26.95,27.1,28.5,27.46,7.0,0.94,12.0,0.4,0.4,0.6,26.0,27.7,29.18,27.51,9.0,1.61,14.0,0.6,0.3,0.5,17.28,17.53,18.25,17.73,6.0,0.75,14.0,0.7,0.4,0.5,73.6,75.4,80.9,76.7,6.0,4.6,14.0,0.7,0.5,3.64,5.9,9.68,6.65,8.0,3.34,12.0,0.5,0.2,0.5,-9.53,-3.15,2.48,-3.5,8.0,6.15,12.0,0.5,0.2,0.5,-4.18,-2.29,-0.19,-2.18,8.0,2.11,12.0,0.5,0.2,0.5,1009.77,1012.8,1013.25,1012.09,9.0,2.25,14.0,0.6,0.3,0.5,3.0,4.0,4.7,4.1,9.0,1.6,14.0,0.6,0.3,0.5,-92.4,-21.1,12.2,-40.2,8.0,58.5,12.0,0.5,0.2,0.5,-21.9,-15.7,-0.8,-14.5,8.0,18.9,12.0,0.5,0.2,0.5,-1.5,0.8,1.01,0.13,7.0,1.18,12.0,0.4,0.4,0.6,-1.6,3.0,9.5,3.2,6.0,6.9,12.0,0.3,0.3,0.5,5.27,5.56,6.26,5.76,4.0,0.79,12.0,0.5,0.5,0.6,27.6,33.7,57.2,42.2,3.0,22.9,10.0,0.3,0.3,0.5,-250.0,-81.2,72.9,-90.9,8.0,165.1,12.0,0.5,0.2,0.5,-108.9,-61.7,-4.9,-58.7,8.0,58.3,12.0,0.5,0.2,0.5,-169.1,-109.6,44.5,-72.3,5.0,114.7,12.0,0.6,0.3,0.4,-51.4,-39.9,10.0,-24.7,5.0,38.4,12.0,0.6,0.3,0.4,-53.7,-31.7,6.8,-23.6,3.0,44.9,10.0,0.3,0.3,0.5,-19.6,-11.5,-3.7,-11.6,3.0,11.6,10.0,0.3,0.3,0.5,48.5,216.5,910.0,504.0,8.0,640.0,12.0,0.5,0.2,0.5,50.0,215.0,910.0,505.0,8.0,640.0,12.0,0.5,0.2,0.5
1974,2,48.0,-26.0,27.02,27.25,28.0,27.4,8.0,0.55,16.0,0.5,0.5,0.7,26.11,26.8,28.8,27.17,9.0,1.6,16.0,0.4,0.5,0.7,18.43,18.94,19.33,19.12,7.0,1.78,18.0,0.3,0.5,0.8,83.6,87.2,88.0,86.3,7.0,2.1,18.0,0.3,0.8,2.87,5.7,7.66,5.27,9.0,2.56,16.0,0.4,0.5,0.7,-7.08,-4.42,-1.39,-4.18,9.0,3.12,16.0,0.4,0.5,0.7,-3.02,-1.95,-0.7,-2.15,9.0,1.75,16.0,0.4,0.5,0.7,1012.2,1014.1,1015.45,1013.77,9.0,2.07,16.0,0.4,0.5,0.7,2.0,3.0,7.7,4.0,8.0,2.7,16.0,0.4,0.5,0.7,-55.1,-22.5,-2.4,-27.0,9.0,28.7,16.0,0.4,0.5,0.7,-22.0,-13.0,-2.3,-13.4,9.0,11.4,16.0,0.4,0.5,0.7,-2.01,1.0,1.47,0.19,8.0,1.89,16.0,0.5,0.5,0.7,-10.3,2.2,9.0,1.0,8.0,11.7,16.0,0.5,0.5,0.7,3.03,4.27,4.64,3.62,6.0,1.87,18.0,0.3,0.5,0.8,3.4,12.2,27.8,14.1,6.0,11.9,18.0,0.3,0.5,0.8,-189.2,-130.3,-37.3,-111.1,9.0,83.0,16.0,0.4,0.5,0.7,-80.3,-49.5,-18.5,-60.2,9.0,52.7,16.0,0.4,0.5,0.7,-104.2,-89.6,-44.0,-81.3,7.0,41.7,18.0,0.3,0.5,0.8,-57.9,-32.6,-11.2,-33.0,7.0,24.2,18.0,0.3,0.5,0.8,-24.9,-11.8,-3.4,-13.0,6.0,10.7,18.0,0.3,0.5,0.8,-10.4,-3.0,0.1,-4.9,6.0,5.8,18.0,0.3,0.5,0.8,25.5,185.0,467.0,235.5,9.0,248.5,16.0,0.4,0.5,0.7,25.0,185.0,465.0,235.0,9.0,250.0,16.0,0.4,0.5,0.7
1974,2,48.0,-25.0,26.78,27.4,28.0,27.5,35.0,1.07,12.0,0.8,0.5,0.5,24.91,26.65,28.18,26.65,36.0,1.68,12.0,0.8,0.4,0.5,16.46,17.65,18.98,17.82,28.0,1.33,12.0,0.8,0.4,0.5,75.9,81.8,86.5,81.7,28.0,5.8,12.0,0.8,0.5,3.54,6.7,9.3,6.57,38.0,2.83,12.0,0.8,0.5,0.5,-8.59,-5.53,-1.96,-5.22,38.0,3.76,12.0,0.8,0.5,0.5,-4.16,-1.64,0.64,-1.5,38.0,2.81,12.0,0.8,0.5,0.5,1010.1,1012.7,1015.0,1012.57,39.0,3.15,12.0,0.8,0.5,0.5,2.0,5.5,8.0,5.2,38.0,2.4,14.0,0.8,0.5,0.5,-76.8,-35.3,-6.6,-42.0,38.0,46.6,12.0,0.8,0.5,0.5,-29.6,-8.4,1.9,-10.8,38.0,22.0,12.0,0.8,0.5,0.5,-0.8,0.8,2.58,0.85,33.0,1.5,12.0,0.8,0.5,0.5,-4.6,4.1,20.4,7.4,33.0,12.7,12.0,0.8,0.5,0.5,3.85,4.86,6.39,5.0,26.0,1.55,12.0,0.8,0.4,0.5,16.7,34.1,52.0,35.3,26.0,17.3,12.0,0.8,0.4,0.5,-219.1,-153.6,-64.7,-143.4,36.0,93.0,12.0,0.8,0.4,0.5,-82.9,-41.1,23.9,-34.3,36.0,72.8,12.0,0.8,0.4,0.5,-148.7,-100.3,-37.6,-94.6,28.0,68.8,12.0,0.8,0.4,0.5,-54.7,-23.7,24.6,-18.8,28.0,53.4,12.0,0.8,0.4,0.5,-49.4,-31.6,-6.9,-29.5,26.0,21.6,12.0,0.8,0.4,0.5,-15.0,-6.6,7.3,-4.1,26.0,14.4,12.0,0.8,0.4,0.5,44.5,301.0,804.5,450.5,38.0,629.0,12.0,0.8,0.5,0.5,45.0,300.0,805.0,450.0,38.0,630.0,12.0,0.8,0.5,0.5
1974,2,48.0,-24.0,,,,,,,,,,,,,,,,,,,,,,,,,,,,,,,,,,,,,,,,6.2,6.2,6.2,6.2,1.0,0.0,4.0,1.0,0.8,0.9,-5.83,-5.83,-5.83,-5.83,1.0,0.0,4.0,1.0,0.8,0.9,-2.12,-2.12,-2.12,-2.12,1.0,0.0,4.0,1.0,0.8,0.9,1011.2,1011.2,1011.2,1011.2,1.0,0.0,4.0,1.0,0.8,0.9,8.0,8.0,8.0,8.0,1.0,0.0,4.0,1.0,0.8,0.9,-36.1,-36.1,-36.1,-36.1,1.0,0.0,4.0,1.0,0.8,0.9,-13.1,-13.1,-13.1,-13.1,1.0,0.0,4.0,1.0,0.8,0.9,,,,,,,,,,,,,,,,,,,,,,,,,,,,,,,,,,,,,,,,,-154.4,-154.4,-154.4,-154.4,1.0,0.0,4.0,1.0,0.8,0.9,-56.2,-56.2,-56.2,-56.2,1.0,0.0,4.0,1.0,0.8,0.9,-101.0,-101.0,-101.0,-101.0,1.0,0.0,4.0,1.0,0.8,0.9,-36.7,-36.7,-36.7,-36.7,1.0,0.0,4.0,1.0,0.8,0.9,,,,,,,,,,,,,,,,,,,,,,,,,,,,,,,,,,,,,,,,
1974,2,48.0,-23.0,,,,,,,,,,,,,,,,,,,,,,,,,,,,,,,,,,,,,,,,4.6,4.6,4.6,4.6,1.0,0.0,24.0,1.0,0.6,0.2,-4.32,-4.32,-4.32,-4.32,1.0,0.0,24.0,1.0,0.6,0.2,1.57,1.57,1.57,1.57,1.0,0.0,24.0,1.0,0.6,0.2,1012.9,1012.9,1012.9,1012.9,1.0,0.0,24.0,1.0,0.6,0.2,5.0,5.0,5.0,5.0,1.0,0.0,24.0,1.0,0.6,0.2,-19.9,-19.9,-19.9,-19.9,1.0,0.0,24.0,1.0,0.6,0.2,7.2,7.2,7.2,7.2,1.0,0.0,24.0,1.0,0.6,0.2,,,,,,,,,,,,,,,,,,,,,,,,,,,,,,,,,,,,,,,,,-122.8,-122.8,-122.8,-122.8,1.0,0.0,24.0,1.0,0.6,0.2,44.7,44.7,44.7,44.7,1.0,0.0,24.0,1.0,0.6,0.2,-79.5,-79.5,-79.5,-79.5,1.0,0.0,24.0,1.0,0.6,0.2,28.9,28.9,28.9,28.9,1.0,0.0,24.0,1.0,0.6,0.2,,,,,,,,,,,,,,,,,,,,,,,,,,,,,,,,,,,,,,,,
1974,2,48.0,-14.0,28.1,28.1,28.1,28.1,1.0,0.0,16.0,1.0,0.0,1.0,24.7,24.7,24.7,24.7,1.0,0.0,16.0,1.0,0.0,1.0,16.9,16.9,16.9,16.9,1.0,0.0,16.0,1.0,0.0,1.0,87.0,87.0,87.0,87.0,1.0,0.0,16.0,1.0,1.0,,,,,,,,,,,,,,,,,,,,,,,,,,,,,,,,,,,,,,,,,,,,,,,,,,,,,,,,,,,,,,,,,,,,,,,,,,,,,,,,,,,,,,,,,,,,,,,,,,,,,,,,,,,,,,,,,,,,,,,,,,,,,,,,,,,,,,,,,,,,,,,,,,,,,,,,,,,,,,,,,,,,,,,,,,,,,,,,,,,,,,,,,,,,,,
1974,2,48.0,-13.0,28.0,28.8,29.0,28.48,8.0,0.68,4.0,0.5,0.3,0.8,26.5,28.0,28.81,27.87,12.0,1.48,8.0,0.6,0.4,0.8,17.13,17.35,17.72,17.42,4.0,0.35,10.0,1.0,0.5,0.7,73.6,78.1,80.9,77.3,4.0,4.5,10.0,1.0,0.7,2.0,4.0,5.04,3.7,11.0,1.78,8.0,0.6,0.4,0.8,-4.16,-1.67,2.08,-0.9,11.0,3.42,8.0,0.6,0.4,0.8,-0.67,1.53,3.08,1.32,11.0,1.93,8.0,0.6,0.4,0.8,1009.92,1012.4,1014.73,1012.42,12.0,2.35,8.0,0.6,0.4,0.8,1.8,4.0,7.4,4.5,11.0,2.8,6.0,0.6,0.4,0.8,-18.6,-4.3,5.2,-3.8,11.0,17.9,8.0,0.6,0.4,0.8,-1.6,3.1,15.6,6.6,11.0,11.4,8.0,0.6,0.4,0.8,-0.93,0.8,1.89,0.45,8.0,1.5,4.0,0.5,0.3,0.8,-4.8,2.0,5.6,2.5,7.0,8.0,4.0,0.6,0.3,0.8,5.87,6.69,7.32,6.6,3.0,1.06,6.0,1.0,0.4,0.6,19.9,25.3,45.4,32.5,3.0,19.7,6.0,1.0,0.4,0.6,-116.3,-46.8,57.4,-25.4,11.0,93.8,8.0,0.6,0.4,0.8,-19.2,41.4,83.0,35.0,11.0,52.3,8.0,0.6,0.4,0.8,-74.2,-49.5,36.5,-20.2,4.0,80.9,10.0,1.0,0.5,0.7,-6.4,17.8,59.5,26.2,4.0,42.0,10.0,1.0,0.5,0.7,-20.8,-11.2,25.1,1.9,3.0,35.5,6.0,1.0,0.4,0.6,4.2,13.3,28.3,16.2,3.0,17.8,6.0,1.0,0.4,0.6,8.0,64.0,128.0,84.0,11.0,107.0,8.0,0.6,0.4,0.8,10.0,65.0,130.0,85.0,11.0,105.0,8.0,0.6,0.4,0.8
1974,2,48.0,-12.0,28.32,29.0,29.14,28.73,3.0,0.64,6.0,0.7,0.1,0.4,28.24,28.75,29.26,28.75,2.0,1.06,8.0,0.5,0.1,0.4,24.6,24.6,24.6,24.6,1.0,0.0,14.0,1.0,0.0,0.7,94.9,94.9,94.9,94.9,1.0,0.0,14.0,1.0,0.7,3.26,3.6,3.94,3.6,2.0,0.71,8.0,0.5,0.1,0.4,-3.82,-3.36,-2.9,-3.36,2.0,0.96,8.0,0.5,0.1,0.4,0.84,1.13,1.42,1.13,2.0,0.59,8.0,0.5,0.1,0.4,1009.12,1009.8,1013.08,1011.07,3.0,3.1,6.0,0.7,0.1,0.4,3.8,5.5,7.2,5.5,2.0,3.5,10.0,1.0,0.1,0.5,-15.2,-12.4,-9.6,-12.4,2.0,5.8,8.0,0.5,0.1,0.4,3.2,3.9,4.5,3.9,2.0,1.3,8.0,0.5,0.1,0.4,-1.1,-0.25,0.6,-0.25,2.0,1.77,8.0,0.5,0.1,0.4,-3.3,-0.3,2.7,-0.3,2.0,6.2,8.0,0.5,0.1,0.4,-0.86,-0.86,-0.86,-0.86,1.0,0.0,14.0,1.0,0.0,0.7,-2.7,-2.7,-2.7,-2.7,1.0,0.0,14.0,1.0,0.0,0.7,-107.7,-96.1,-84.6,-96.1,2.0,23.9,8.0,0.5,0.1,0.4,24.0,32.8,41.6,32.8,2.0,18.2,8.0,0.5,0.1,0.4,-66.0,-66.0,-66.0,-66.0,1.0,0.0,14.0,1.0,0.0,0.7,38.1,38.1,38.1,38.1,1.0,0.0,14.0,1.0,0.0,0.7,2.3,2.3,2.3,2.3,1.0,0.0,14.0,1.0,0.0,0.7,-1.3,-1.3,-1.3,-1.3,1.0,0.0,14.0,1.0,0.0,0.7,36.0,49.5,62.5,49.5,2.0,27.5,8.0,0.5,0.1,0.4,35.0,50.0,65.0,50.0,2.0,30.0,8.0,0.5,0.1,0.4
1974,2,48.0,-11.0,,,,,,,,,,,,,,,,,,,,,,,,,,,,,,,,,,,,,,,,3.63,5.0,6.37,5.0,2.0,2.83,8.0,0.5,0.3,0.6,-0.41,1.93,4.27,1.93,2.0,4.85,8.0,0.5,0.3,0.6,-4.2,-3.55,-2.9,-3.55,2.0,1.34,8.0,0.5,0.3,0.6,1008.77,1009.35,1009.93,1009.35,2.0,1.2,8.0,0.5,0.3,0.6,,,,,,,,,,,,,,,,,,,,,,,,,,,,,,,,,,,,,,,,,,,,,,,,,,,,,,,,,,,,,,,,,,,,,,,,,,,,,,,,,,,,,,,,,,,,,,,,,,,,,,,,,,,,,,,,,,,,,,,,,,,,,,,,,,,,,,,,,,,,,,,,,,,,,,
1974,2,48.0,-10.0,,,,,,,,,,,,,,,,,,,,,,,,,,,,,,,,,,,,,,,,1.0,1.0,1.0,1.0,1.0,0.0,6.0,1.0,0.7,0.6,1.0,1.0,1.0,1.0,1.0,0.0,6.0,1.0,0.7,0.6,0.0,0.0,0.0,0.0,1.0,0.0,6.0,1.0,0.7,0.6,1009.8,1009.8,1009.8,1009.8,1.0,0.0,6.0,1.0,0.7,0.6,,,,,,,,,,,,,,,,,,,,,,,,,,,,,,,,,,,,,,,,,,,,,,,,,,,,,,,,,,,,,,,,,,,,,,,,,,,,,,,,,,,,,,,,,,,,,,,,,,,,,,,,,,,,,,,,,,,,,,,,,,,,,,,,,,,,,,,,,,,,,,,,,,,,,,
1974,2,48.0,-9.0,29.6,29.6,29.6,29.6,1.0,0.0,26.0,0.0,0.6,0.1,28.6,28.6,28.6,28.6,1.0,0.0,26.0,0.0,0.6,0.1,17.21,17.21,17.21,17.21,1.0,0.0,26.0,0.0,0.6,0.1,70.4,70.4,70.4,70.4,1.0,0.0,26.0,0.0,0.1,2.1,2.1,2.1,2.1,1.0,0.0,26.0,0.0,0.6,0.1,1.05,1.05,1.05,1.05,1.0,0.0,26.0,0.0,0.6,0.1,1.82,1.82,1.82,1.82,1.0,0.0,26.0,0.0,0.6,0.1,1012.1,1012.1,1012.1,1012.1,1.0,0.0,26.0,0.0,0.6,0.1,,,,,,,,,,,,,,,,,,,,,,,,,,,,,,,1.0,1.0,1.0,1.0,1.0,0.0,26.0,0.0,0.6,0.1,2.1,2.1,2.1,2.1,1.0,0.0,26.0,0.0,0.6,0.1,8.82,8.82,8.82,8.82,1.0,0.0,26.0,0.0,0.6,0.1,18.5,18.5,18.5,18.5,1.0,0.0,26.0,0.0,0.6,0.1,30.0,30.0,30.0,30.0,1.0,0.0,26.0,0.0,0.6,0.1,52.0,52.0,52.0,52.0,1.0,0.0,26.0,0.0,0.6,0.1,18.1,18.1,18.1,18.1,1.0,0.0,26.0,0.0,0.6,0.1,31.3,31.3,31.3,31.3,1.0,0.0,26.0,0.0,0.6,0.1,9.3,9.3,9.3,9.3,1.0,0.0,26.0,0.0,0.6,0.1,16.0,16.0,16.0,16.0,1.0,0.0,26.0,0.0,0.6,0.1,9.5,9.5,9.5,9.5,1.0,0.0,26.0,0.0,0.6,0.1,10.0,10.0,10.0,10.0,1.0,0.0,26.0,0.0,0.6,0.1
1974,2,48.0,-8.0,28.4,28.4,28.4,28.4,1.0,0.0,26.0,1.0,0.2,0.5,29.7,29.7,29.7,29.7,1.0,0.0,26.0,1.0,0.2,0.5,19.31,19.31,19.31,19.31,1.0,0.0,26.0,1.0,0.2,0.5,74.1,74.1,74.1,74.1,1.0,0.0,26.0,1.0,0.5,5.1,5.1,5.1,5.1,1.0,0.0,26.0,1.0,0.2,0.5,5.02,5.02,5.02,5.02,1.0,0.0,26.0,1.0,0.2,0.5,-0.89,-0.89,-0.89,-0.89,1.0,0.0,26.0,1.0,0.2,0.5,1012.4,1012.4,1012.4,1012.4,1.0,0.0,26.0,1.0,0.2,0.5,3.0,3.0,3.0,3.0,1.0,0.0,26.0,1.0,0.2,0.5,25.6,25.6,25.6,25.6,1.0,0.0,26.0,1.0,0.2,0.5,-4.5,-4.5,-4.5,-4.5,1.0,0.0,26.0,1.0,0.2,0.5,-1.3,-1.3,-1.3,-1.3,1.0,0.0,26.0,1.0,0.2,0.5,-6.6,-6.6,-6.6,-6.6,1.0,0.0,26.0,1.0,0.2,0.5,4.93,4.93,4.93,4.93,1.0,0.0,26.0,1.0,0.2,0.5,25.1,25.1,25.1,25.1,1.0,0.0,26.0,1.0,0.2,0.5,149.2,149.2,149.2,149.2,1.0,0.0,26.0,1.0,0.2,0.5,-26.3,-26.3,-26.3,-26.3,1.0,0.0,26.0,1.0,0.2,0.5,97.0,97.0,97.0,97.0,1.0,0.0,26.0,1.0,0.2,0.5,-17.1,-17.1,-17.1,-17.1,1.0,0.0,26.0,1.0,0.2,0.5,24.8,24.8,24.8,24.8,1.0,0.0,26.0,1.0,0.2,0.5,-4.4,-4.4,-4.4,-4.4,1.0,0.0,26.0,1.0,0.2,0.5,132.5,132.5,132.5,132.5,1.0,0.0,26.0,1.0,0.2,0.5,135.0,135.0,135.0,135.0,1.0,0.0,26.0,1.0,0.2,0.5
1974,2,48.0,-7.0,28.0,28.2,28.56,28.28,4.0,0.34,20.0,0.5,0.4,0.5,26.29,26.6,29.64,27.9,4.0,3.01,20.0,0.5,0.4,0.5,17.26,17.62,20.68,18.91,4.0,2.97,20.0,0.5,0.4,0.5,77.2,79.2,82.5,79.8,4.0,3.5,20.0,0.5,0.5,4.05,5.65,6.46,5.28,4.0,1.6,20.0,0.5,0.4,0.5,0.79,2.49,4.55,2.66,4.0,2.21,20.0,0.5,0.4,0.5,-5.25,-3.79,-3.16,-4.19,4.0,1.39,20.0,0.5,0.4,0.5,1008.7,1008.95,1010.25,1009.45,4.0,1.19,20.0,0.5,0.4,0.5,2.9,5.5,6.0,4.5,4.0,2.4,20.0,0.5,0.4,0.5,4.1,13.3,27.5,15.7,4.0,14.7,20.0,0.5,0.4,0.5,-33.6,-22.8,-12.9,-23.2,4.0,12.6,20.0,0.5,0.4,0.5,-1.43,1.7,2.05,0.38,4.0,2.93,20.0,0.5,0.4,0.5,-10.9,7.3,12.2,1.0,4.0,17.6,20.0,0.5,0.4,0.5,3.35,6.12,7.04,5.23,4.0,2.93,20.0,0.5,0.4,0.5,12.5,24.9,41.5,26.9,4.0,19.3,20.0,0.5,0.4,0.5,24.1,68.2,119.9,71.8,4.0,57.0,20.0,0.5,0.4,0.5,-158.2,-99.9,-83.1,-119.7,4.0,54.2,20.0,0.5,0.4,0.5,16.9,47.2,78.9,47.9,4.0,36.7,20.0,0.5,0.4,0.5,-109.6,-65.8,-55.7,-81.9,4.0,41.3,20.0,0.5,0.4,0.5,2.2,13.3,31.8,16.8,4.0,18.2,20.0,0.5,0.4,0.5,-26.7,-19.3,-12.3,-19.5,4.0,11.1,20.0,0.5,0.4,0.5,79.0,185.5,271.0,175.5,4.0,119.5,20.0,0.5,0.4,0.5,80.0,185.0,270.0,175.0,4.0,120.0,20.0,0.5,0.4,0.5
1974,2,48.0,-5.0,25.99,26.8,28.04,27.0,7.0,1.12,16.0,0.3,0.4,0.5,26.39,26.6,27.06,26.83,7.0,0.69,16.0,0.3,0.4,0.5,15.98,17.49,17.78,17.24,7.0,1.39,16.0,0.3,0.4,0.5,72.4,79.2,81.6,78.2,7.0,7.8,16.0,0.3,0.5,2.07,4.1,5.2,3.96,7.0,2.02,16.0,0.3,0.4,0.5,-2.55,-1.3,-0.35,-1.24,7.0,1.02,16.0,0.3,0.4,0.5,-4.55,-3.85,-2.04,-3.66,7.0,1.97,16.0,0.3,0.4,0.5,1008.96,1010.0,1010.27,1009.74,7.0,1.13,16.0,0.3,0.4,0.5,2.0,3.0,7.0,3.7,7.0,2.4,16.0,0.3,0.4,0.5,-13.0,-3.4,-0.7,-5.2,7.0,5.7,16.0,0.3,0.4,0.5,-23.9,-15.8,-4.2,-17.9,7.0,17.2,16.0,0.3,0.4,0.5,-0.71,0.2,0.66,0.17,7.0,0.94,16.0,0.3,0.4,0.5,-1.8,1.0,4.6,1.8,7.0,4.0,16.0,0.3,0.4,0.5,4.09,5.05,6.65,5.17,7.0,1.54,16.0,0.3,0.4,0.5,9.7,21.1,31.5,20.4,7.0,11.6,16.0,0.3,0.4,0.5,-66.9,-34.7,-9.2,-33.2,7.0,27.1,16.0,0.3,0.4,0.5,-121.0,-109.0,-54.2,-97.9,7.0,51.9,16.0,0.3,0.4,0.5,-45.2,-20.8,-6.1,-22.1,7.0,19.4,16.0,0.3,0.4,0.5,-88.4,-67.4,-35.4,-64.1,7.0,35.3,16.0,0.3,0.4,0.5,-10.7,-6.6,-1.0,-6.2,7.0,4.8,16.0,0.3,0.4,0.5,-29.7,-18.3,-9.2,-18.9,7.0,11.5,16.0,0.3,0.4,0.5,9.0,69.0,144.0,105.5,7.0,130.5,16.0,0.3,0.4,0.5,10.0,70.0,145.0,105.0,7.0,130.0,16.0,0.3,0.4,0.5
1974,2,48.0,-4.0,26.05,27.0,27.99,27.12,9.0,1.01,18.0,0.3,0.4,0.6,26.03,26.5,27.85,26.66,9.0,1.05,18.0,0.3,0.4,0.6,15.63,17.05,17.63,17.02,9.0,1.47,18.0,0.3,0.4,0.6,72.8,76.3,80.6,78.0,9.0,7.4,18.0,0.3,0.6,2.6,4.1,5.1,4.39,9.0,2.4,18.0,0.3,0.4,0.6,-2.32,-0.63,0.0,-1.0,9.0,1.22,18.0,0.3,0.4,0.6,-5.08,-3.55,-2.57,-4.1,9.0,2.43,18.0,0.3,0.4,0.6,1009.0,1009.3,1011.53,1009.94,9.0,1.43,18.0,0.3,0.4,0.6,3.0,4.0,5.0,4.0,8.0,1.3,18.0,0.4,0.5,0.7,-13.0,-2.3,0.0,-5.4,9.0,6.8,18.0,0.3,0.4,0.6,-25.9,-12.8,-6.7,-23.1,9.0,28.2,18.0,0.3,0.4,0.6,-0.47,0.6,1.15,0.47,9.0,1.29,18.0,0.3,0.4,0.6,-2.5,2.1,5.8,1.4,9.0,4.6,18.0,0.3,0.4,0.6,4.2,5.64,7.28,5.54,9.0,1.85,18.0,0.3,0.4,0.6,11.9,19.7,35.1,22.9,9.0,12.9,18.0,0.3,0.4,0.6,-60.4,-17.6,0.0,-26.4,9.0,32.0,18.0,0.3,0.4,0.6,-141.8,-100.0,-65.3,-109.6,9.0,64.0,18.0,0.3,0.4,0.6,-45.0,-10.9,0.0,-17.8,9.0,22.4,18.0,0.3,0.4,0.6,-89.8,-61.6,-40.7,-70.1,9.0,39.9,18.0,0.3,0.4,0.6,-7.9,-3.6,0.0,-4.3,9.0,5.3,18.0,0.3,0.4,0.6,-34.7,-14.7,-10.7,-21.7,9.0,13.4,18.0,0.3,0.4,0.6,17.5,69.0,132.5,166.0,9.0,295.5,18.0,0.3,0.4,0.6,20.0,70.0,135.0,165.0,9.0,295.0,18.0,0.3,0.4,0.6
1974,2,48.0,-3.0,26.62,27.2,27.96,27.28,15.0,0.6,14.0,0.4,0.2,0.7,25.49,27.0,28.18,26.92,15.0,1.62,14.0,0.4,0.2,0.7,16.25,17.75,18.65,17.77,14.0,1.42,16.0,0.4,0.2,0.7,74.4,78.4,89.2,80.5,14.0,9.1,16.0,0.4,0.7,3.32,5.1,8.09,5.75,15.0,2.3,14.0,0.4,0.2,0.7,-4.95,-2.63,-1.32,-2.75,15.0,2.52,14.0,0.4,0.2,0.7,-6.83,-4.79,-2.28,-4.39,15.0,2.39,14.0,0.4,0.2,0.7,1008.24,1011.0,1012.31,1010.75,15.0,2.03,14.0,0.4,0.2,0.7,2.0,3.0,4.0,3.1,15.0,1.2,14.0,0.4,0.2,0.7,-38.1,-13.6,-3.9,-19.7,15.0,20.8,14.0,0.4,0.2,0.7,-54.1,-24.4,-6.2,-29.5,15.0,22.7,14.0,0.4,0.2,0.7,-0.73,0.0,1.59,0.36,15.0,1.68,14.0,0.4,0.2,0.7,-4.1,0.0,6.5,1.8,15.0,12.7,14.0,0.4,0.2,0.7,4.19,5.23,6.39,5.03,14.0,1.77,16.0,0.4,0.2,0.7,14.9,24.0,44.0,28.0,14.0,15.7,16.0,0.4,0.2,0.7,-135.4,-75.1,-35.8,-73.9,15.0,64.4,14.0,0.4,0.2,0.7,-186.1,-134.2,-60.0,-119.7,15.0,66.3,14.0,0.4,0.2,0.7,-91.1,-44.0,-22.7,-47.2,14.0,46.3,16.0,0.4,0.2,0.7,-109.1,-77.7,-39.5,-74.8,14.0,43.3,16.0,0.4,0.2,0.7,-28.9,-12.3,-4.2,-13.8,14.0,14.0,16.0,0.4,0.2,0.7,-34.4,-20.1,-11.1,-21.3,14.0,14.2,16.0,0.4,0.2,0.7,38.5,132.5,530.5,277.0,15.0,262.5,14.0,0.4,0.2,0.7,40.0,135.0,530.0,275.0,15.0,265.0,14.0,0.4,0.2,0.7
1974,2,48.0,-2.0,26.36,26.7,27.53,26.75,13.0,0.68,12.0,0.5,0.4,0.4,25.54,26.5,28.0,26.71,15.0,1.22,12.0,0.6,0.4,0.4,16.14,17.09,18.92,17.23,13.0,1.83,12.0,0.6,0.4,0.4,76.9,79.4,83.6,79.0,13.0,5.8,12.0,0.6,0.4,4.21,7.2,8.48,6.47,15.0,2.17,12.0,0.6,0.4,0.4,-4.95,-3.6,-1.56,-3.57,15.0,1.83,12.0,0.6,0.4,0.4,-6.74,-5.59,-3.05,-5.18,15.0,1.96,12.0,0.6,0.4,0.4,1009.06,1010.85,1012.97,1011.08,14.0,2.08,12.0,0.6,0.4,0.4,1.0,3.0,6.0,3.4,14.0,2.5,12.0,0.6,0.4,0.4,-45.8,-24.7,-5.6,-25.4,15.0,18.1,12.0,0.6,0.4,0.4,-55.9,-44.9,-10.6,-37.2,15.0,22.4,12.0,0.6,0.4,0.4,-1.21,0.6,1.2,0.31,13.0,1.16,12.0,0.5,0.4,0.4,-4.1,4.4,7.8,3.7,13.0,6.7,12.0,0.5,0.4,0.4,2.59,5.05,5.76,4.68,12.0,1.97,12.0,0.6,0.4,0.4,11.6,32.6,44.3,30.4,12.0,18.3,12.0,0.6,0.4,0.4,-142.1,-94.8,-43.0,-95.7,15.0,50.2,12.0,0.6,0.4,0.4,-179.0,-153.8,-83.0,-138.0,15.0,51.3,12.0,0.6,0.4,0.4,-87.7,-58.3,-24.8,-57.3,13.0,33.2,12.0,0.6,0.4,0.4,-110.3,-89.6,-55.5,-83.0,13.0,30.8,12.0,0.6,0.4,0.4,-29.9,-13.9,-2.8,-16.4,12.0,13.0,12.0,0.6,0.4,0.4,-39.1,-24.7,-6.4,-24.4,12.0,15.3,12.0,0.6,0.4,0.4,75.0,373.0,613.5,353.0,15.0,268.5,12.0,0.6,0.4,0.4,75.0,375.0,615.0,355.0,15.0,270.0,12.0,0.6,0.4,0.4
1974,2,48.0,-1.0,25.6,26.15,27.3,26.39,20.0,0.8,14.0,0.4,0.5,0.5,25.0,25.9,27.39,26.15,20.0,1.55,14.0,0.5,0.5,0.4,16.02,17.09,18.55,17.29,17.0,1.32,14.0,0.4,0.5,0.5,76.2,83.4,91.3,83.0,17.0,6.5,14.0,0.4,0.5,3.61,5.65,7.68,5.48,20.0,1.76,14.0,0.4,0.5,0.5,-5.27,-3.19,-2.05,-3.57,20.0,1.43,14.0,0.4,0.5,0.5,-5.37,-3.95,-2.37,-3.89,20.0,1.81,14.0,0.4,0.5,0.5,1009.82,1012.0,1013.27,1011.7,21.0,1.98,14.0,0.4,0.5,0.5,2.0,3.0,6.8,3.6,21.0,2.3,14.0,0.4,0.5,0.5,-38.1,-19.2,-7.3,-21.4,20.0,13.7,14.0,0.4,0.5,0.5,-38.1,-19.9,-7.4,-23.8,20.0,16.2,14.0,0.4,0.5,0.5,-0.7,0.3,1.04,0.25,19.0,1.39,16.0,0.4,0.5,0.4,-1.8,2.2,4.0,1.4,18.0,6.3,16.0,0.4,0.5,0.4,2.34,4.17,5.1,3.96,17.0,1.32,14.0,0.4,0.5,0.5,12.9,21.2,29.3,21.6,17.0,9.6,14.0,0.4,0.5,0.5,-143.7,-81.2,-51.7,-93.5,19.0,40.1,14.0,0.4,0.5,0.4,-145.0,-101.2,-58.9,-101.9,19.0,50.6,14.0,0.4,0.5,0.4,-95.6,-58.1,-37.9,-61.8,17.0,25.5,14.0,0.4,0.5,0.5,-96.3,-73.2,-37.1,-67.2,17.0,32.5,14.0,0.4,0.5,0.5,-23.3,-11.8,-7.4,-14.3,17.0,7.5,14.0,0.4,0.5,0.5,-21.1,-13.6,-7.9,-14.8,17.0,9.0,14.0,0.4,0.5,0.5,47.0,185.5,454.0,213.0,20.0,175.5,14.0,0.4,0.5,0.5,45.0,185.0,455.0,215.0,20.0,175.0,14.0,0.4,0.5,0.5
1974,2,48.0,0.0,25.38,26.5,27.03,26.3,13.0,0.91,16.0,0.4,0.7,0.3,24.77,25.55,26.68,25.87,12.0,1.83,18.0,0.4,0.7,0.3,15.56,16.39,17.07,16.47,8.0,0.93,18.0,0.5,0.6,0.3,72.8,79.1,91.0,80.6,8.0,8.2,18.0,0.5,0.3,6.09,7.2,8.28,7.25,13.0,1.37,16.0,0.4,0.7,0.3,-5.03,-3.99,-3.28,-4.26,13.0,1.33,16.0,0.4,0.7,0.3,-6.91,-5.9,-4.67,-5.79,13.0,1.08,16.0,0.4,0.7,0.3,1008.09,1011.1,1012.73,1010.68,13.0,2.28,16.0,0.4,0.7,0.3,1.0,2.0,7.0,3.2,12.0,2.7,16.0,0.3,0.7,0.3,-39.4,-25.9,-19.9,-32.2,13.0,16.5,16.0,0.4,0.7,0.3,-58.6,-42.4,-28.5,-43.1,13.0,14.5,16.0,0.4,0.7,0.3,-0.33,0.7,1.5,0.35,12.0,1.56,18.0,0.4,0.7,0.3,-2.2,5.4,10.8,2.7,12.0,10.8,18.0,0.4,0.7,0.3,3.32,4.54,6.73,4.74,8.0,1.83,18.0,0.5,0.6,0.3,21.9,33.5,48.8,35.0,8.0,15.3,18.0,0.5,0.6,0.3,-133.3,-107.4,-83.9,-111.8,12.0,32.9,18.0,0.4,0.7,0.3,-181.8,-157.7,-129.6,-153.7,12.0,26.2,18.0,0.4,0.7,0.3,-78.6,-64.8,-56.3,-65.4,8.0,12.3,18.0,0.5,0.6,0.3,-108.1,-95.8,-89.5,-98.6,8.0,12.6,18.0,0.5,0.6,0.3,-28.4,-19.9,-9.7,-19.3,8.0,8.9,18.0,0.5,0.6,0.3,-41.8,-28.0,-16.8,-28.9,8.0,13.1,18.0,0.5,0.6,0.3,228.0,373.0,568.5,420.0,13.0,237.5,16.0,0.4,0.7,0.3,230.0,375.0,570.0,420.0,13.0,235.0,16.0,0.4,0.7,0.3
1974,2,48.0,1.0,25.4,25.9,26.15,25.84,9.0,0.55,16.0,0.4,0.4,0.4,25.11,25.6,27.13,26.01,9.0,1.21,16.0,0.4,0.4,0.4,16.03,16.32,17.53,16.7,5.0,0.97,20.0,0.6,0.3,0.5,74.5,77.2,83.1,78.8,5.0,6.3,20.0,0.6,0.5,4.31,5.1,7.23,5.47,10.0,2.27,16.0,0.5,0.4,0.4,-6.48,-4.2,-3.02,-4.49,10.0,1.95,16.0,0.5,0.4,0.4,-4.12,-2.85,-1.03,-2.81,10.0,1.88,16.0,0.5,0.4,0.4,1009.59,1011.0,1013.46,1011.5,10.0,2.73,16.0,0.5,0.4,0.4,0.0,2.5,3.0,2.1,10.0,1.7,16.0,0.5,0.4,0.4,-45.5,-23.0,-13.1,-28.3,10.0,22.7,16.0,0.5,0.4,0.4,-26.2,-13.3,-4.1,-18.1,10.0,18.5,16.0,0.5,0.4,0.4,-1.14,-0.1,0.75,-0.17,9.0,1.0,16.0,0.4,0.4,0.4,-5.7,-0.8,2.9,-0.9,9.0,6.2,16.0,0.4,0.4,0.4,3.06,4.01,5.16,4.09,5.0,1.12,20.0,0.6,0.3,0.5,17.3,20.4,23.4,20.2,5.0,4.6,20.0,0.6,0.3,0.5,-175.7,-109.2,-74.9,-116.8,9.0,52.1,16.0,0.4,0.4,0.4,-118.1,-75.1,-22.2,-73.9,9.0,51.0,16.0,0.4,0.4,0.4,-73.9,-63.8,-55.4,-64.0,5.0,15.1,20.0,0.6,0.3,0.5,-63.8,-53.4,-31.0,-47.5,5.0,29.6,20.0,0.6,0.3,0.5,-19.3,-14.3,-11.7,-15.6,5.0,5.9,20.0,0.6,0.3,0.5,-15.9,-13.1,-5.3,-10.7,5.0,6.8,20.0,0.6,0.3,0.5,81.0,132.5,395.0,244.5,10.0,299.0,16.0,0.5,0.4,0.4,80.0,135.0,395.0,245.0,10.0,300.0,16.0,0.5,0.4,0.4
1974,2,48.0,2.0,25.26,25.4,26.49,25.87,3.0,0.99,14.0,0.7,0.4,0.4,24.99,25.4,26.83,25.9,3.0,1.42,14.0,0.7,0.4,0.4,16.7,17.18,17.65,17.18,2.0,0.99,12.0,0.5,0.4,0.3,83.0,86.4,89.8,86.4,2.0,7.0,12.0,0.5,0.3,5.11,6.2,7.57,6.33,3.0,1.8,14.0,0.7,0.4,0.4,-5.54,-4.32,-1.37,-3.48,3.0,3.14,14.0,0.7,0.4,0.4,-6.1,-1.57,-1.23,-3.62,3.0,3.98,14.0,0.7,0.4,0.4,1011.24,1012.4,1013.7,1012.47,3.0,1.8,14.0,0.7,0.4,0.4,4.3,5.0,7.0,5.7,3.0,2.1,14.0,0.7,0.4,0.4,-32.2,-19.9,-6.3,-19.2,3.0,18.9,14.0,0.7,0.4,0.4,-48.2,-7.2,-6.9,-27.1,3.0,34.8,14.0,0.7,0.4,0.4,-0.4,-0.2,0.35,-0.03,3.0,0.57,14.0,0.7,0.4,0.4,-2.4,-0.9,3.1,0.3,3.0,4.1,14.0,0.7,0.4,0.4,2.61,2.99,3.37,2.99,2.0,0.79,12.0,0.5,0.4,0.3,16.9,18.1,19.4,18.1,2.0,2.5,12.0,0.5,0.4,0.3,-149.5,-109.8,-34.8,-92.6,3.0,85.3,14.0,0.7,0.4,0.4,-151.5,-40.0,-32.9,-91.0,3.0,97.5,14.0,0.7,0.4,0.4,-59.9,-35.6,-11.3,-35.6,2.0,50.4,12.0,0.5,0.4,0.3,-127.4,-86.3,-45.1,-86.3,2.0,85.3,12.0,0.5,0.4,0.3,-12.9,-7.7,-2.4,-7.7,2.0,10.9,12.0,0.5,0.4,0.3,-17.6,-12.8,-7.9,-12.8,2.0,10.1,12.0,0.5,0.4,0.3,142.0,238.5,452.0,295.5,3.0,232.5,14.0,0.7,0.4,0.4,140.0,240.0,450.0,295.0,3.0,230.0,14.0,0.7,0.4,0.4
1974,2,48.0,3.0,25.72,26.05,26.47,26.08,8.0,0.53,14.0,0.5,0.5,0.4,25.2,25.6,27.07,25.9,8.0,0.93,14.0,0.5,0.5,0.4,15.81,16.26,17.54,16.54,7.0,0.91,14.0,0.6,0.5,0.5,72.2,79.1,84.3,78.9,7.0,6.7,14.0,0.6,0.5,5.22,8.2,8.64,7.38,8.0,1.66,14.0,0.5,0.5,0.4,-6.28,-5.48,-5.1,-5.62,8.0,0.93,14.0,0.5,0.5,0.4,-6.59,-5.27,-0.34,-4.17,8.0,2.84,14.0,0.5,0.5,0.4,1010.09,1011.15,1012.51,1011.29,8.0,1.35,14.0,0.5,0.5,0.4,2.0,5.0,8.0,4.9,7.0,2.6,12.0,0.6,0.5,0.5,-51.5,-41.1,-26.8,-42.1,8.0,14.5,14.0,0.5,0.5,0.4,-57.7,-43.2,-2.1,-34.7,8.0,24.9,14.0,0.5,0.5,0.4,-0.83,0.05,0.88,0.18,8.0,1.01,14.0,0.5,0.5,0.4,-5.3,0.4,5.9,1.1,8.0,6.5,14.0,0.5,0.5,0.4,3.49,4.54,4.91,4.43,7.0,0.89,14.0,0.6,0.5,0.5,24.4,33.3,42.5,33.8,7.0,11.1,14.0,0.6,0.5,0.5,-171.1,-139.8,-129.6,-145.5,8.0,24.5,14.0,0.5,0.5,0.4,-166.0,-140.7,-8.6,-107.7,8.0,73.3,14.0,0.5,0.5,0.4,-104.6,-91.8,-82.4,-92.9,7.0,13.1,14.0,0.6,0.5,0.5,-108.1,-87.5,0.0,-70.7,7.0,50.2,14.0,0.6,0.5,0.5,-32.6,-25.5,-16.8,-25.4,7.0,8.0,14.0,0.6,0.5,0.5,-31.1,-24.8,0.0,-19.5,7.0,13.8,14.0,0.6,0.5,0.5,144.5,551.5,646.5,452.5,8.0,252.5,14.0,0.5,0.5,0.4,145.0,550.0,645.0,455.0,8.0,250.0,14.0,0.5,0.5,0.4
1974,2,48.0,4.0,25.0,25.85,26.97,26.05,8.0,1.11,6.0,0.4,0.4,0.4,25.52,26.2,27.18,26.04,8.0,1.33,6.0,0.4,0.4,0.4,16.32,17.34,17.5,16.93,4.0,0.97,4.0,0.5,0.4,0.5,74.2,77.4,81.8,78.0,4.0,5.3,4.0,0.5,0.5,7.02,7.85,8.18,7.64,8.0,0.9,6.0,0.4,0.4,0.4,-6.26,-5.84,-5.53,-5.94,8.0,0.5,6.0,0.4,0.4,0.4,-5.26,-4.79,-4.06,-4.68,8.0,1.36,6.0,0.4,0.4,0.4,1009.65,1010.75,1011.41,1010.63,6.0,1.53,8.0,0.3,0.4,0.4,2.2,5.0,6.0,4.4,8.0,2.3,6.0,0.4,0.4,0.4,-52.0,-47.2,-37.8,-45.6,8.0,7.8,6.0,0.4,0.4,0.4,-43.0,-35.7,-31.6,-36.7,8.0,13.9,6.0,0.4,0.4,0.4,-0.97,-0.45,1.44,0.01,8.0,1.25,6.0,0.4,0.4,0.4,-7.8,-3.4,8.9,0.0,8.0,9.9,6.0,0.4,0.4,0.4,3.44,5.13,5.92,4.7,4.0,1.74,4.0,0.5,0.4,0.5,24.5,39.1,46.4,35.6,4.0,14.5,4.0,0.5,0.4,0.5,-163.2,-154.6,-138.5,-154.9,8.0,17.6,6.0,0.4,0.4,0.4,-136.9,-129.8,-109.9,-121.2,8.0,31.8,6.0,0.4,0.4,0.4,-99.2,-95.0,-94.5,-96.7,4.0,4.1,4.0,0.5,0.4,0.5,-83.2,-79.7,-79.3,-81.2,4.0,3.5,4.0,0.5,0.4,0.5,-35.5,-30.0,-18.8,-27.3,4.0,11.1,4.0,0.5,0.4,0.5,-29.8,-25.1,-15.8,-22.9,4.0,9.3,4.0,0.5,0.4,0.5,346.5,484.5,547.0,461.5,8.0,154.5,6.0,0.4,0.4,0.4,345.0,485.0,545.0,460.0,8.0,155.0,6.0,0.4,0.4,0.4
1974,2,48.0,5.0,25.02,25.65,27.07,25.86,8.0,0.91,10.0,0.3,0.7,0.2,25.06,26.1,26.91,26.39,8.0,1.68,10.0,0.3,0.7,0.2,15.44,15.87,17.43,16.42,3.0,1.54,6.0,0.3,0.7,0.1,70.6,75.3,84.8,77.7,3.0,10.6,6.0,0.3,0.1,7.73,8.2,10.0,9.01,8.0,1.93,10.0,0.3,0.7,0.2,-6.43,-6.2,-5.28,-5.78,8.0,0.92,10.0,0.3,0.7,0.2,-7.66,-6.47,-5.16,-6.81,8.0,2.14,10.0,0.3,0.7,0.2,1008.95,1010.8,1013.46,1011.83,7.0,3.55,10.0,0.3,0.7,0.2,1.1,2.5,6.8,3.5,8.0,2.9,10.0,0.3,0.7,0.2,-64.3,-50.3,-38.2,-53.0,8.0,17.5,10.0,0.3,0.7,0.2,-76.6,-51.4,-41.4,-64.8,8.0,36.7,10.0,0.3,0.7,0.2,-1.09,-0.25,0.27,-0.52,8.0,1.22,10.0,0.3,0.7,0.2,-8.7,-2.2,1.9,-5.0,8.0,11.6,10.0,0.3,0.7,0.2,3.11,5.83,6.42,4.79,3.0,2.58,6.0,0.3,0.7,0.1,24.9,47.8,52.7,39.0,3.0,21.7,6.0,0.3,0.7,0.1,-167.9,-161.2,-135.0,-152.9,8.0,28.4,10.0,0.3,0.7,0.2,-227.9,-169.8,-134.6,-179.7,8.0,56.1,10.0,0.3,0.7,0.2,-93.5,-80.3,-73.2,-83.3,3.0,15.1,6.0,0.3,0.7,0.1,-113.0,-95.7,-87.5,-100.1,3.0,19.1,6.0,0.3,0.7,0.1,-38.5,-30.7,-14.6,-26.6,3.0,17.8,6.0,0.3,0.7,0.1,-36.2,-35.3,-19.6,-28.1,3.0,13.6,6.0,0.3,0.7,0.1,462.5,551.5,1000.0,826.5,8.0,604.5,10.0,0.3,0.7,0.2,465.0,550.0,1000.0,825.0,8.0,605.0,10.0,0.3,0.7,0.2
1974,2,48.0,11.0,25.15,25.2,25.72,25.43,4.0,0.52,4.0,0.8,0.4,0.4,23.26,24.5,27.57,25.38,4.0,3.24,4.0,0.8,0.4,0.4,15.78,15.78,15.78,15.78,1.0,0.0,10.0,1.0,0.6,0.6,59.6,59.6,59.6,59.6,1.0,0.0,10.0,1.0,0.6,6.7,6.7,6.7,6.7,1.0,0.0,10.0,1.0,0.6,0.6,-6.3,-6.3,-6.3,-6.3,1.0,0.0,10.0,1.0,0.6,0.6,-2.29,-2.29,-2.29,-2.29,1.0,0.0,10.0,1.0,0.6,0.6,1012.5,1012.5,1012.5,1012.5,1.0,0.0,10.0,1.0,0.6,0.6,0.0,0.5,3.1,1.5,4.0,2.4,4.0,0.8,0.4,0.4,-42.2,-42.2,-42.2,-42.2,1.0,0.0,10.0,1.0,0.6,0.6,-15.4,-15.4,-15.4,-15.4,1.0,0.0,10.0,1.0,0.6,0.6,-1.85,0.7,1.89,0.05,4.0,2.74,4.0,0.8,0.4,0.4,-25.5,-25.5,-25.5,-25.5,1.0,0.0,10.0,1.0,0.6,0.6,5.49,5.49,5.49,5.49,1.0,0.0,10.0,1.0,0.6,0.6,36.8,36.8,36.8,36.8,1.0,0.0,10.0,1.0,0.6,0.6,-188.9,-188.9,-188.9,-188.9,1.0,0.0,10.0,1.0,0.6,0.6,-68.7,-68.7,-68.7,-68.7,1.0,0.0,10.0,1.0,0.6,0.6,-99.3,-99.3,-99.3,-99.3,1.0,0.0,10.0,1.0,0.6,0.6,-36.2,-36.2,-36.2,-36.2,1.0,0.0,10.0,1.0,0.6,0.6,-34.6,-34.6,-34.6,-34.6,1.0,0.0,10.0,1.0,0.6,0.6,-12.6,-12.6,-12.6,-12.6,1.0,0.0,10.0,1.0,0.6,0.6,301.0,301.0,301.0,301.0,1.0,0.0,10.0,1.0,0.6,0.6,300.0,300.0,300.0,300.0,1.0,0.0,10.0,1.0,0.6,0.6
1974,2,48.0,12.0,24.72,25.2,26.0,25.32,12.0,0.58,14.0,0.8,0.5,0.3,24.35,25.05,26.64,25.53,12.0,1.54,14.0,0.8,0.5,0.3,14.51,15.36,16.05,15.3,7.0,0.67,16.0,0.6,0.4,0.3,76.9,78.6,80.4,78.0,7.0,3.0,16.0,0.6,0.3,7.09,9.0,12.0,8.88,10.0,3.19,14.0,0.9,0.6,0.3,-11.28,-8.66,-6.17,-8.28,10.0,3.09,14.0,0.9,0.6,0.3,-4.41,-3.34,-0.52,-2.57,10.0,2.17,14.0,0.9,0.6,0.3,1012.55,1014.8,1015.65,1014.23,12.0,1.49,14.0,0.8,0.5,0.3,1.5,3.0,5.3,3.3,12.0,2.2,14.0,0.8,0.5,0.3,-136.3,-77.9,-46.3,-82.3,10.0,49.2,14.0,0.9,0.6,0.3,-50.2,-26.8,-3.6,-26.0,10.0,23.6,14.0,0.9,0.6,0.3,-1.75,0.45,1.0,-0.21,12.0,1.66,14.0,0.8,0.5,0.3,-16.0,2.5,9.5,-3.9,10.0,19.8,14.0,0.9,0.6,0.3,3.79,4.54,5.28,4.6,7.0,1.1,16.0,0.6,0.4,0.3,24.1,32.7,54.6,37.2,5.0,18.0,12.0,0.8,0.6,0.3,-290.0,-219.7,-154.2,-213.4,10.0,85.5,14.0,0.9,0.6,0.3,-118.2,-81.9,-12.6,-65.7,10.0,55.9,14.0,0.9,0.6,0.3,-161.5,-98.3,-71.9,-111.5,5.0,59.3,12.0,0.8,0.6,0.3,-73.2,-55.8,-34.0,-51.9,5.0,31.2,12.0,0.8,0.6,0.3,-51.3,-28.3,-19.6,-33.6,5.0,17.4,12.0,0.8,0.6,0.3,-19.4,-18.3,-10.4,-14.7,5.0,8.3,12.0,0.8,0.6,0.3,356.0,729.0,1767.0,924.5,10.0,733.0,14.0,0.9,0.6,0.3,355.0,730.0,1765.0,925.0,10.0,735.0,14.0,0.9,0.6,0.3
1974,2,48.0,13.0,24.61,25.0,26.0,25.32,19.0,0.92,14.0,0.4,0.3,0.8,23.8,25.1,25.5,25.01,20.0,1.29,14.0,0.4,0.3,0.8,15.34,15.34,15.34,15.34,1.0,0.0,20.0,0.0,0.5,0.8,79.4,79.4,79.4,79.4,1.0,0.0,20.0,0.0,0.8,1.0,3.0,4.1,3.0,18.0,1.95,14.0,0.3,0.3,0.8,-4.1,-2.95,-1.0,-2.92,18.0,1.88,14.0,0.3,0.3,0.8,-0.53,0.0,0.0,0.02,18.0,0.89,14.0,0.3,0.3,0.8,1014.0,1015.35,1016.8,1015.5,20.0,1.41,14.0,0.4,0.3,0.8,0.0,0.0,5.7,1.9,21.0,2.8,14.0,0.3,0.3,0.8,-16.8,-8.9,-1.0,-12.2,18.0,16.3,14.0,0.3,0.3,0.8,-1.6,0.0,0.0,1.0,18.0,6.4,14.0,0.3,0.3,0.8,,,,,,,,,,,,,,,,,,,,,,,,,,,,,,,,,,,,,,,,,,,,,,,,,,,,,,,,,,,,,,,,,,,,,,,,,,,,,,,,,,,,,,,,,,,,,,,,,,,,,,,,,,,,,,,,,,,,,,,,
1974,2,48.0,14.0,,,,,,,,,,,,,,,,,,,,,,,,,,,,,,,,,,,,,,,,1.95,5.85,10.43,6.18,4.0,5.07,6.0,0.8,0.4,0.1,-9.08,-4.83,-1.95,-5.49,4.0,4.52,6.0,0.8,0.4,0.1,-4.88,-2.05,0.0,-2.42,4.0,2.86,6.0,0.8,0.4,0.1,1013.9,1015.05,1016.78,1015.28,6.0,1.36,10.0,0.5,0.5,0.1,,,,,,,,,,,,,,,,,,,,,,,,,,,,,,,,,,,,,,,,,,,,,,,,,,,,,,,,,,,,,,,,,,,,,,,,,,,,,,,,,,,,,,,,,,,,,,,,,,,,,,,,,,,,,,,,,,,,,,,,,,,,,,,,,,,,,,,,,,,,,,,,,,,,,,
1974,2,48.0,29.0,15.79,17.0,17.0,16.5,6.0,0.84,22.0,0.5,0.6,0.4,14.95,15.2,18.04,15.97,7.0,1.75,22.0,0.4,0.6,0.3,7.39,7.39,7.39,7.39,1.0,0.0,18.0,1.0,0.8,0.7,70.1,70.1,70.1,70.1,1.0,0.0,18.0,1.0,0.7,3.95,4.0,6.37,5.09,7.0,2.29,22.0,0.4,0.6,0.3,-4.98,3.46,4.03,-0.13,7.0,5.54,22.0,0.4,0.6,0.3,-1.4,0.0,2.03,0.61,7.0,2.07,22.0,0.4,0.6,0.3,1011.71,1012.7,1015.16,1013.39,7.0,2.67,22.0,0.4,0.6,0.3,2.9,8.0,8.0,5.7,7.0,3.2,22.0,0.4,0.6,0.3,-32.6,13.9,16.2,-9.3,7.0,41.6,22.0,0.4,0.6,0.3,-5.6,0.0,17.1,4.8,7.0,11.9,22.0,0.4,0.6,0.3,-0.85,1.4,2.05,0.87,6.0,1.76,22.0,0.5,0.6,0.4,-3.0,5.9,13.2,5.6,6.0,8.7,22.0,0.5,0.6,0.4,3.87,3.87,3.87,3.87,1.0,0.0,18.0,1.0,0.8,0.7,17.8,17.8,17.8,17.8,1.0,0.0,18.0,1.0,0.8,0.7,-88.4,54.0,57.7,-5.6,7.0,86.2,22.0,0.4,0.6,0.3,-21.3,0.0,37.9,11.7,7.0,35.5,22.0,0.4,0.6,0.3,34.0,34.0,34.0,34.0,1.0,0.0,18.0,1.0,0.8,0.7,0.0,0.0,0.0,0.0,1.0,0.0,18.0,1.0,0.8,0.7,17.8,17.8,17.8,17.8,1.0,0.0,18.0,1.0,0.8,0.7,0.0,0.0,0.0,0.0,1.0,0.0,18.0,1.0,0.8,0.7,62.0,64.0,272.0,213.5,7.0,328.0,22.0,0.4,0.6,0.3,60.0,65.0,270.0,215.0,7.0,330.0,22.0,0.4,0.6,0.3
1974,2,48.0,41.0,,,,,,,,,,,,,,,,,,,,,,,,,,,,,,,,,,,,,,,,9.8,9.8,9.8,9.8,1.0,0.0,4.0,1.0,0.7,0.2,0.0,0.0,0.0,0.0,1.0,0.0,4.0,1.0,0.7,0.2,9.8,9.8,9.8,9.8,1.0,0.0,4.0,1.0,0.7,0.2,1035.9,1035.9,1035.9,1035.9,1.0,0.0,4.0,1.0,0.7,0.2,,,,,,,,,,,,,,,,,,,,,,,,,,,,,,,,,,,,,,,,,,,,,,,,,,,,,,,,,,,,,,,,,,,,,,,,,,,,,,,,,,,,,,,,,,,,,,,,,,,,,,,,,,,,,,,,,,,,,,,,,,,,,,,,,,,,,,,,,,,,,,,,,,,,,,
1974,2,48.0,42.0,,,,,,,,,,,,,,,,,,,,,,,,,,,,,,,,,,,,,,,,4.05,7.2,11.04,8.14,7.0,4.3,12.0,0.6,0.7,0.3,-7.1,0.0,6.74,-0.21,7.0,6.26,12.0,0.6,0.7,0.3,-7.37,-2.37,0.06,-4.22,7.0,5.98,12.0,0.6,0.7,0.3,1017.09,1019.5,1028.51,1022.68,9.0,6.34,12.0,0.6,0.7,0.3,,,,,,,,,,,,,,,,,,,,,,,,,,,,,,,,,,,,,,,,,,,,,,,,,,,,,,,,,,,,,,,,,,,,,,,,,,,,,,,,,,,,,,,,,,,,,,,,,,,,,,,,,,,,,,,,,,,,,,,,,,,,,,,,,,,,,,,,,,,,,,,,,,,,,,
1974,2,48.0,43.0,,,,,,,,,,,,,,,,,,,,,,,,,,,,,,,,,,,,,,,,3.05,6.95,10.32,6.7,4.0,4.26,8.0,0.8,0.6,0.1,-9.59,-6.25,-0.65,-5.17,4.0,5.45,8.0,0.8,0.6,0.1,-2.02,-0.67,2.83,0.35,4.0,3.53,8.0,0.8,0.6,0.1,1023.33,1025.6,1029.65,1026.45,4.0,4.0,8.0,0.8,0.6,0.1,,,,,,,,,,,,,,,,,,,,,,,,,,,,,,,,,,,,,,,,,,,,,,,,,,,,,,,,,,,,,,,,,,,,,,,,,,,,,,,,,,,,,,,,,,,,,,,,,,,,,,,,,,,,,,,,,,,,,,,,,,,,,,,,,,,,,,,,,,,,,,,,,,,,,,
1974,2,49.0,-66.0,-0.44,-0.3,0.18,-0.13,3.0,0.47,22.0,1.0,0.4,0.4,-1.41,-1.0,-0.93,-1.17,3.0,0.38,22.0,1.0,0.4,0.4,2.95,3.21,3.42,3.19,3.0,0.34,22.0,1.0,0.4,0.4,83.9,93.6,95.5,89.8,3.0,9.1,22.0,1.0,0.4,2.3,5.1,8.99,5.63,3.0,4.92,22.0,1.0,0.4,0.4,-7.97,-3.28,-1.56,-4.73,3.0,4.86,22.0,1.0,0.4,0.4,-2.32,0.64,2.87,0.29,3.0,3.81,22.0,1.0,0.4,0.4,985.29,993.0,996.14,990.77,3.0,8.18,22.0,1.0,0.4,0.4,6.6,8.0,8.0,7.3,3.0,1.2,22.0,1.0,0.4,0.4,-80.1,-16.7,-5.8,-42.4,3.0,58.8,22.0,1.0,0.4,0.4,-27.0,0.6,13.8,-6.4,3.0,30.5,22.0,1.0,0.4,0.4,0.75,1.3,1.3,1.03,3.0,0.46,22.0,1.0,0.4,0.4,2.6,5.4,6.2,4.4,3.0,2.8,22.0,1.0,0.4,0.4,0.52,0.56,0.77,0.64,3.0,0.2,22.0,1.0,0.4,0.4,1.2,2.5,7.2,4.1,3.0,4.6,22.0,1.0,0.4,0.4,1.8,3.0,7.9,4.8,3.0,4.7,22.0,1.0,0.4,0.4,-2.7,-1.0,2.2,-0.3,3.0,3.7,22.0,1.0,0.4,0.4,-23.3,-11.5,-5.3,-14.2,3.0,13.4,22.0,1.0,0.4,0.4,-6.5,2.1,10.0,1.8,3.0,12.1,22.0,1.0,0.4,0.4,-6.5,-1.6,-0.8,-3.6,3.0,4.5,22.0,1.0,0.4,0.4,-2.1,0.4,1.4,-0.3,3.0,2.6,22.0,1.0,0.4,0.4,43.0,132.5,902.0,464.5,3.0,692.0,22.0,1.0,0.4,0.4,45.0,135.0,900.0,465.0,3.0,690.0,22.0,1.0,0.4,0.4
1974,2,49.0,-65.0,,,,,,,,,,,,,,,,,,,,,,,,,,,,,,,,,,,,,,,,4.6,4.6,4.6,4.6,1.0,0.0,26.0,1.0,1.0,0.1,-4.23,-4.23,-4.23,-4.23,1.0,0.0,26.0,1.0,1.0,0.1,1.8,1.8,1.8,1.8,1.0,0.0,26.0,1.0,1.0,0.1,985.0,985.0,985.0,985.0,1.0,0.0,26.0,1.0,1.0,0.1,,,,,,,,,,,,,,,,,,,,,,,,,,,,,,,,,,,,,,,,,,,,,,,,,,,,,,,,,,,,,,,,,,,,,,,,,,,,,,,,,,,,,,,,,,,,,,,,,,,,,,,,,,,,,,,,,,,,,,,,,,,,,,,,,,,,,,,,,,,,,,,,,,,,,,
1974,2,49.0,-44.0,9.4,9.4,9.4,9.4,1.0,0.0,2.0,0.0,0.2,0.3,9.4,9.4,9.4,9.4,1.0,0.0,2.0,0.0,0.2,0.3,6.96,6.96,6.96,6.96,1.0,0.0,2.0,0.0,0.2,0.3,96.0,96.0,96.0,96.0,1.0,0.0,2.0,0.0,0.3,4.6,4.6,4.6,4.6,1.0,0.0,2.0,0.0,0.2,0.3,-2.96,-2.96,-2.96,-2.96,1.0,0.0,2.0,0.0,0.2,0.3,-3.52,-3.52,-3.52,-3.52,1.0,0.0,2.0,0.0,0.2,0.3,1020.0,1020.0,1020.0,1020.0,1.0,0.0,2.0,0.0,0.2,0.3,6.0,6.0,6.0,6.0,1.0,0.0,2.0,0.0,0.2,0.3,-13.6,-13.6,-13.6,-13.6,1.0,0.0,2.0,0.0,0.2,0.3,-16.2,-16.2,-16.2,-16.2,1.0,0.0,2.0,0.0,0.2,0.3,0.0,0.0,0.0,0.0,1.0,0.0,2.0,0.0,0.2,0.3,0.0,0.0,0.0,0.0,1.0,0.0,2.0,0.0,0.2,0.3,0.29,0.29,0.29,0.29,1.0,0.0,2.0,0.0,0.2,0.3,1.3,1.3,1.3,1.3,1.0,0.0,2.0,0.0,0.2,0.3,-27.8,-27.8,-27.8,-27.8,1.0,0.0,2.0,0.0,0.2,0.3,-33.1,-33.1,-33.1,-33.1,1.0,0.0,2.0,0.0,0.2,0.3,-20.6,-20.6,-20.6,-20.6,1.0,0.0,2.0,0.0,0.2,0.3,-24.5,-24.5,-24.5,-24.5,1.0,0.0,2.0,0.0,0.2,0.3,-0.9,-0.9,-0.9,-0.9,1.0,0.0,2.0,0.0,0.2,0.3,-1.0,-1.0,-1.0,-1.0,1.0,0.0,2.0,0.0,0.2,0.3,97.5,97.5,97.5,97.5,1.0,0.0,2.0,0.0,0.2,0.3,95.0,95.0,95.0,95.0,1.0,0.0,2.0,0.0,0.2,0.3
1974,2,49.0,-42.0,,,,,,,,,,,,,,,,,,,,,,,,,,,,,,,,,,,,,,,,3.0,3.0,3.0,3.0,1.0,0.0,10.0,0.0,0.6,0.8,-2.95,-2.95,-2.95,-2.95,1.0,0.0,10.0,0.0,0.6,0.8,0.52,0.52,0.52,0.52,1.0,0.0,10.0,0.0,0.6,0.8,1028.0,1028.0,1028.0,1028.0,1.0,0.0,10.0,0.0,0.6,0.8,,,,,,,,,,,,,,,,,,,,,,,,,,,,,,,,,,,,,,,,,,,,,,,,,,,,,,,,,,,,,,,,,,,,,,,,,,,,,,,,,,,,,,,,,,,,,,,,,,,,,,,,,,,,,,,,,,,,,,,,,,,,,,,,,,,,,,,,,,,,,,,,,,,,,,
1974,2,49.0,-40.0,18.4,19.25,20.1,19.25,2.0,1.77,6.0,1.0,0.6,0.3,20.29,20.7,21.11,20.7,2.0,0.85,6.0,1.0,0.6,0.3,13.16,13.16,13.16,13.16,1.0,0.0,4.0,1.0,0.2,0.4,90.5,90.5,90.5,90.5,1.0,0.0,4.0,1.0,0.4,6.77,8.0,9.23,8.0,2.0,2.55,6.0,1.0,0.6,0.3,-8.12,-4.83,-1.53,-4.83,2.0,6.82,6.0,1.0,0.6,0.3,-4.95,-2.25,0.45,-2.25,2.0,5.59,6.0,1.0,0.6,0.3,1017.64,1017.95,1018.26,1017.95,2.0,0.64,6.0,1.0,0.6,0.3,7.2,7.5,7.8,7.5,2.0,0.7,6.0,1.0,0.6,0.3,-79.6,-47.3,-15.0,-47.3,2.0,66.9,6.0,1.0,0.6,0.3,-29.7,-10.9,7.9,-10.9,2.0,39.0,6.0,1.0,0.6,0.3,-1.89,-1.45,-1.01,-1.45,2.0,0.92,6.0,1.0,0.6,0.3,-12.2,-10.4,-8.7,-10.4,2.0,3.7,6.0,1.0,0.6,0.3,-0.41,-0.41,-0.41,-0.41,1.0,0.0,4.0,1.0,0.2,0.4,-2.5,-2.5,-2.5,-2.5,1.0,0.0,4.0,1.0,0.2,0.4,-172.9,-102.8,-32.6,-102.8,2.0,145.4,6.0,1.0,0.6,0.3,-99.1,-44.2,10.7,-44.2,2.0,113.8,6.0,1.0,0.6,0.3,0.0,0.0,0.0,0.0,1.0,0.0,4.0,1.0,0.2,0.4,-81.6,-81.6,-81.6,-81.6,1.0,0.0,4.0,1.0,0.2,0.4,0.0,0.0,0.0,0.0,1.0,0.0,4.0,1.0,0.2,0.4,2.5,2.5,2.5,2.5,1.0,0.0,4.0,1.0,0.2,0.4,350.0,590.0,829.5,590.0,2.0,497.0,6.0,1.0,0.6,0.3,350.0,590.0,830.0,590.0,2.0,495.0,6.0,1.0,0.6,0.3
1974,2,49.0,-36.0,24.0,24.0,24.0,24.0,1.0,0.0,8.0,1.0,0.3,1.0,25.2,25.2,25.2,25.2,1.0,0.0,8.0,1.0,0.3,1.0,14.97,14.97,14.97,14.97,1.0,0.0,8.0,1.0,0.3,1.0,75.7,75.7,75.7,75.7,1.0,0.0,8.0,1.0,1.0,5.7,5.7,5.7,5.7,1.0,0.0,8.0,1.0,0.3,1.0,-4.37,-4.37,-4.37,-4.37,1.0,0.0,8.0,1.0,0.3,1.0,-3.66,-3.66,-3.66,-3.66,1.0,0.0,8.0,1.0,0.3,1.0,1021.7,1021.7,1021.7,1021.7,1.0,0.0,8.0,1.0,0.3,1.0,1.0,1.0,1.0,1.0,1.0,0.0,8.0,1.0,0.3,1.0,-24.9,-24.9,-24.9,-24.9,1.0,0.0,8.0,1.0,0.3,1.0,-20.9,-20.9,-20.9,-20.9,1.0,0.0,8.0,1.0,0.3,1.0,-1.2,-1.2,-1.2,-1.2,1.0,0.0,8.0,1.0,0.3,1.0,-6.8,-6.8,-6.8,-6.8,1.0,0.0,8.0,1.0,0.3,1.0,3.48,3.48,3.48,3.48,1.0,0.0,8.0,1.0,0.3,1.0,19.9,19.9,19.9,19.9,1.0,0.0,8.0,1.0,0.3,1.0,-110.0,-110.0,-110.0,-110.0,1.0,0.0,8.0,1.0,0.3,1.0,-92.3,-92.3,-92.3,-92.3,1.0,0.0,8.0,1.0,0.3,1.0,-65.4,-65.4,-65.4,-65.4,1.0,0.0,8.0,1.0,0.3,1.0,-54.8,-54.8,-54.8,-54.8,1.0,0.0,8.0,1.0,0.3,1.0,-15.2,-15.2,-15.2,-15.2,1.0,0.0,8.0,1.0,0.3,1.0,-12.8,-12.8,-12.8,-12.8,1.0,0.0,8.0,1.0,0.3,1.0,185.0,185.0,185.0,185.0,1.0,0.0,8.0,1.0,0.3,1.0,185.0,185.0,185.0,185.0,1.0,0.0,8.0,1.0,0.3,1.0
1974,2,49.0,-35.0,23.0,23.0,23.0,23.0,1.0,0.0,14.0,0.0,0.6,0.4,23.0,23.0,23.0,23.0,1.0,0.0,14.0,0.0,0.6,0.4,15.93,15.93,15.93,15.93,1.0,0.0,14.0,0.0,0.6,0.4,91.3,91.3,91.3,91.3,1.0,0.0,14.0,0.0,0.4,10.8,10.8,10.8,10.8,1.0,0.0,14.0,0.0,0.6,0.4,-10.64,-10.64,-10.64,-10.64,1.0,0.0,14.0,0.0,0.6,0.4,1.88,1.88,1.88,1.88,1.0,0.0,14.0,0.0,0.6,0.4,1015.0,1015.0,1015.0,1015.0,1.0,0.0,14.0,0.0,0.6,0.4,8.0,8.0,8.0,8.0,1.0,0.0,14.0,0.0,0.6,0.4,-114.9,-114.9,-114.9,-114.9,1.0,0.0,14.0,0.0,0.6,0.4,20.3,20.3,20.3,20.3,1.0,0.0,14.0,0.0,0.6,0.4,0.0,0.0,0.0,0.0,1.0,0.0,14.0,0.0,0.6,0.4,0.0,0.0,0.0,0.0,1.0,0.0,14.0,0.0,0.6,0.4,1.54,1.54,1.54,1.54,1.0,0.0,14.0,0.0,0.6,0.4,16.6,16.6,16.6,16.6,1.0,0.0,14.0,0.0,0.6,0.4,-244.6,-244.6,-244.6,-244.6,1.0,0.0,14.0,0.0,0.6,0.4,43.1,43.1,43.1,43.1,1.0,0.0,14.0,0.0,0.6,0.4,-169.5,-169.5,-169.5,-169.5,1.0,0.0,14.0,0.0,0.6,0.4,29.9,29.9,29.9,29.9,1.0,0.0,14.0,0.0,0.6,0.4,-16.4,-16.4,-16.4,-16.4,1.0,0.0,14.0,0.0,0.6,0.4,2.9,2.9,2.9,2.9,1.0,0.0,14.0,0.0,0.6,0.4,1259.5,1259.5,1259.5,1259.5,1.0,0.0,14.0,0.0,0.6,0.4,1260.0,1260.0,1260.0,1260.0,1.0,0.0,14.0,0.0,0.6,0.4
1974,2,49.0,-33.0,25.9,25.9,25.9,25.9,1.0,0.0,2.0,0.0,0.4,0.9,25.2,25.2,25.2,25.2,1.0,0.0,2.0,0.0,0.4,0.9,15.68,15.68,15.68,15.68,1.0,0.0,2.0,0.0,0.4,0.9,79.0,79.0,79.0,79.0,1.0,0.0,2.0,0.0,0.9,6.2,6.2,6.2,6.2,1.0,0.0,2.0,0.0,0.4,0.9,-3.99,-3.99,-3.99,-3.99,1.0,0.0,2.0,0.0,0.4,0.9,-4.75,-4.75,-4.75,-4.75,1.0,0.0,2.0,0.0,0.4,0.9,1019.0,1019.0,1019.0,1019.0,1.0,0.0,2.0,0.0,0.4,0.9,1.0,1.0,1.0,1.0,1.0,0.0,2.0,0.0,0.4,0.9,-24.7,-24.7,-24.7,-24.7,1.0,0.0,2.0,0.0,0.4,0.9,-29.4,-29.4,-29.4,-29.4,1.0,0.0,2.0,0.0,0.4,0.9,0.7,0.7,0.7,0.7,1.0,0.0,2.0,0.0,0.4,0.9,4.3,4.3,4.3,4.3,1.0,0.0,2.0,0.0,0.4,0.9,5.08,5.08,5.08,5.08,1.0,0.0,2.0,0.0,0.4,0.9,31.5,31.5,31.5,31.5,1.0,0.0,2.0,0.0,0.4,0.9,-100.4,-100.4,-100.4,-100.4,1.0,0.0,2.0,0.0,0.4,0.9,-119.7,-119.7,-119.7,-119.7,1.0,0.0,2.0,0.0,0.4,0.9,-62.5,-62.5,-62.5,-62.5,1.0,0.0,2.0,0.0,0.4,0.9,-74.5,-74.5,-74.5,-74.5,1.0,0.0,2.0,0.0,0.4,0.9,-20.2,-20.2,-20.2,-20.2,1.0,0.0,2.0,0.0,0.4,0.9,-24.1,-24.1,-24.1,-24.1,1.0,0.0,2.0,0.0,0.4,0.9,238.5,238.5,238.5,238.5,1.0,0.0,2.0,0.0,0.4,0.9,240.0,240.0,240.0,240.0,1.0,0.0,2.0,0.0,0.4,0.9
1974,2,49.0,-32.0,25.0,25.0,26.37,25.67,3.0,1.15,18.0,0.7,0.5,0.4,23.82,24.5,25.18,24.5,2.0,1.41,24.0,0.5,0.6,0.5,11.33,13.27,15.21,13.27,2.0,4.02,24.0,0.5,0.6,0.5,61.8,69.0,76.2,69.0,2.0,14.9,24.0,0.5,0.5,3.39,5.1,8.99,6.17,3.0,4.2,18.0,0.7,0.5,0.4,0.43,3.28,5.78,3.11,3.0,3.92,18.0,0.7,0.5,0.4,-0.43,3.91,6.89,3.25,3.0,5.39,18.0,0.7,0.5,0.4,1016.63,1018.0,1019.71,1018.17,3.0,2.25,18.0,0.7,0.5,0.4,4.3,5.0,5.7,5.0,3.0,1.0,18.0,0.7,0.5,0.4,3.7,16.7,56.5,29.8,3.0,40.3,18.0,0.7,0.5,0.4,2.0,19.9,67.3,34.3,3.0,49.4,18.0,0.7,0.5,0.4,-0.18,0.5,1.18,0.5,2.0,1.41,24.0,0.5,0.6,0.5,-3.3,1.1,5.6,1.1,2.0,9.2,24.0,0.5,0.6,0.5,4.49,6.4,8.31,6.4,2.0,3.96,24.0,0.5,0.6,0.5,40.2,42.9,45.6,42.9,2.0,5.7,24.0,0.5,0.6,0.5,92.9,127.0,161.2,127.0,2.0,70.7,24.0,0.5,0.6,0.5,110.7,151.4,192.1,151.4,2.0,84.3,24.0,0.5,0.6,0.5,46.5,73.0,99.6,73.0,2.0,54.9,24.0,0.5,0.6,0.5,55.5,87.0,118.6,87.0,2.0,65.5,24.0,0.5,0.6,0.5,25.8,27.6,29.3,27.6,2.0,3.6,24.0,0.5,0.6,0.5,30.8,32.9,35.0,32.9,2.0,4.3,24.0,0.5,0.6,0.5,54.0,132.5,902.0,470.0,3.0,686.5,18.0,0.7,0.5,0.4,55.0,135.0,900.0,470.0,3.0,685.0,18.0,0.7,0.5,0.4
1974,2,49.0,-31.0,25.86,26.0,26.2,26.03,3.0,0.25,12.0,0.7,0.5,0.8,25.46,25.6,25.74,25.6,2.0,0.28,18.0,0.5,0.6,0.8,16.57,17.82,19.06,17.82,2.0,2.58,18.0,0.5,0.6,0.8,81.4,86.6,91.8,86.6,2.0,10.7,18.0,0.5,0.8,7.19,8.25,9.31,8.25,2.0,2.19,10.0,0.5,0.7,1.0,-7.07,-1.53,4.02,-1.53,2.0,11.49,10.0,0.5,0.7,1.0,-1.25,-0.27,0.71,-0.27,2.0,2.03,10.0,0.5,0.7,1.0,1008.71,1011.1,1018.81,1013.7,3.0,7.73,12.0,0.7,0.5,0.8,0.3,1.0,3.0,1.7,3.0,2.1,12.0,0.7,0.5,0.8,-72.6,-25.2,22.2,-25.2,2.0,98.1,10.0,0.5,0.7,1.0,-12.8,-4.4,3.9,-4.4,2.0,17.3,10.0,0.5,0.7,1.0,0.23,0.3,0.37,0.3,2.0,0.14,18.0,0.5,0.6,0.8,2.7,2.7,2.7,2.7,1.0,0.0,18.0,0.0,0.9,1.0,2.0,3.13,4.27,3.13,2.0,2.35,18.0,0.5,0.6,0.8,32.1,32.1,32.1,32.1,1.0,0.0,18.0,0.0,0.9,1.0,167.6,167.6,167.6,167.6,1.0,0.0,18.0,0.0,0.9,1.0,29.6,29.6,29.6,29.6,1.0,0.0,18.0,0.0,0.9,1.0,105.5,105.5,105.5,105.5,1.0,0.0,18.0,0.0,0.9,1.0,18.6,18.6,18.6,18.6,1.0,0.0,18.0,0.0,0.9,1.0,31.6,31.6,31.6,31.6,1.0,0.0,18.0,0.0,0.9,1.0,5.6,5.6,5.6,5.6,1.0,0.0,18.0,0.0,0.9,1.0,402.5,621.0,839.5,621.0,2.0,453.0,10.0,0.5,0.7,1.0,400.0,620.0,840.0,620.0,2.0,455.0,10.0,0.5,0.7,1.0
1974,2,49.0,-30.0,,,,,,,,,,,,,,,,,,,,,,,,,,,,,,,,,,,,,,,,7.7,7.7,7.7,7.7,1.0,0.0,10.0,0.0,0.8,0.9,-4.95,-4.95,-4.95,-4.95,1.0,0.0,10.0,0.0,0.8,0.9,-5.9,-5.9,-5.9,-5.9,1.0,0.0,10.0,0.0,0.8,0.9,1016.0,1016.0,1016.0,1016.0,1.0,0.0,10.0,0.0,0.8,0.9,3.0,3.0,3.0,3.0,1.0,0.0,10.0,0.0,0.8,0.9,-38.1,-38.1,-38.1,-38.1,1.0,0.0,10.0,0.0,0.8,0.9,-45.4,-45.4,-45.4,-45.4,1.0,0.0,10.0,0.0,0.8,0.9,,,,,,,,,,,,,,,,,,,,,,,,,,,,,,,,,,,,,,,,,-123.7,-123.7,-123.7,-123.7,1.0,0.0,10.0,0.0,0.8,0.9,-147.5,-147.5,-147.5,-147.5,1.0,0.0,10.0,0.0,0.8,0.9,-81.8,-81.8,-81.8,-81.8,1.0,0.0,10.0,0.0,0.8,0.9,-97.4,-97.4,-97.4,-97.4,1.0,0.0,10.0,0.0,0.8,0.9,,,,,,,,,,,,,,,,,,,,,,,,,,,,,,,,,,,,,,,,
1974,2,49.0,-29.0,28.0,28.0,28.0,28.0,2.0,0.0,12.0,1.0,0.8,0.6,26.5,26.5,26.5,26.5,1.0,0.0,6.0,1.0,0.6,0.6,15.23,15.23,15.23,15.23,1.0,0.0,6.0,1.0,0.6,0.6,70.9,70.9,70.9,70.9,1.0,0.0,6.0,1.0,0.6,4.67,6.1,7.53,6.1,2.0,2.97,12.0,1.0,0.8,0.6,-6.17,-2.85,0.46,-2.85,2.0,6.86,12.0,1.0,0.8,0.6,-3.36,-3.13,-2.91,-3.13,2.0,0.47,12.0,1.0,0.8,0.6,1011.6,1013.75,1015.9,1013.75,2.0,4.45,12.0,1.0,0.8,0.6,3.3,4.0,4.7,4.0,2.0,1.4,12.0,1.0,0.8,0.6,-51.9,-27.6,-3.3,-27.6,2.0,50.3,12.0,1.0,0.8,0.6,-21.5,-18.4,-15.3,-18.4,2.0,6.5,12.0,1.0,0.8,0.6,1.5,1.5,1.5,1.5,1.0,0.0,6.0,1.0,0.6,0.6,12.3,12.3,12.3,12.3,1.0,0.0,6.0,1.0,0.6,0.6,8.34,8.34,8.34,8.34,1.0,0.0,6.0,1.0,0.6,0.6,68.4,68.4,68.4,68.4,1.0,0.0,6.0,1.0,0.6,0.6,-204.2,-204.2,-204.2,-204.2,1.0,0.0,6.0,1.0,0.6,0.6,-74.3,-74.3,-74.3,-74.3,1.0,0.0,6.0,1.0,0.6,0.6,-117.3,-117.3,-117.3,-117.3,1.0,0.0,6.0,1.0,0.6,0.6,-42.7,-42.7,-42.7,-42.7,1.0,0.0,6.0,1.0,0.6,0.6,-64.3,-64.3,-64.3,-64.3,1.0,0.0,6.0,1.0,0.6,0.6,-23.4,-23.4,-23.4,-23.4,1.0,0.0,6.0,1.0,0.6,0.6,141.5,307.5,474.0,307.5,2.0,344.5,12.0,1.0,0.8,0.6,140.0,310.0,475.0,310.0,2.0,345.0,12.0,1.0,0.8,0.6
1974,2,49.0,-28.0,27.6,27.6,27.6,27.6,1.0,0.0,28.0,1.0,0.0,1.0,26.6,26.6,26.6,26.6,1.0,0.0,28.0,1.0,0.0,1.0,14.72,14.72,14.72,14.72,1.0,0.0,28.0,1.0,0.0,1.0,67.9,67.9,67.9,67.9,1.0,0.0,28.0,1.0,1.0,4.6,4.6,4.6,4.6,1.0,0.0,28.0,1.0,0.0,1.0,-4.53,-4.53,-4.53,-4.53,1.0,0.0,28.0,1.0,0.0,1.0,-0.8,-0.8,-0.8,-0.8,1.0,0.0,28.0,1.0,0.0,1.0,1013.6,1013.6,1013.6,1013.6,1.0,0.0,28.0,1.0,0.0,1.0,3.0,3.0,3.0,3.0,1.0,0.0,28.0,1.0,0.0,1.0,-20.8,-20.8,-20.8,-20.8,1.0,0.0,28.0,1.0,0.0,1.0,-3.7,-3.7,-3.7,-3.7,1.0,0.0,28.0,1.0,0.0,1.0,1.0,1.0,1.0,1.0,1.0,0.0,28.0,1.0,0.0,1.0,4.6,4.6,4.6,4.6,1.0,0.0,28.0,1.0,0.0,1.0,8.38,8.38,8.38,8.38,1.0,0.0,28.0,1.0,0.0,1.0,38.5,38.5,38.5,38.5,1.0,0.0,28.0,1.0,0.0,1.0,-120.5,-120.5,-120.5,-120.5,1.0,0.0,28.0,1.0,0.0,1.0,-21.2,-21.2,-21.2,-21.2,1.0,0.0,28.0,1.0,0.0,1.0,-66.7,-66.7,-66.7,-66.7,1.0,0.0,28.0,1.0,0.0,1.0,-11.8,-11.8,-11.8,-11.8,1.0,0.0,28.0,1.0,0.0,1.0,-37.9,-37.9,-37.9,-37.9,1.0,0.0,28.0,1.0,0.0,1.0,-6.7,-6.7,-6.7,-6.7,1.0,0.0,28.0,1.0,0.0,1.0,97.5,97.5,97.5,97.5,1.0,0.0,28.0,1.0,0.0,1.0,95.0,95.0,95.0,95.0,1.0,0.0,28.0,1.0,0.0,1.0
1974,2,49.0,-27.0,25.61,26.05,26.49,26.05,2.0,0.92,10.0,0.0,0.6,0.8,25.81,26.05,26.29,26.05,2.0,0.49,10.0,0.0,0.6,0.8,17.33,17.85,18.37,17.85,2.0,1.08,10.0,0.0,0.6,0.8,83.5,84.6,85.7,84.6,2.0,2.2,10.0,0.0,0.8,5.2,5.4,5.6,5.4,2.0,0.42,10.0,0.0,0.6,0.8,-4.78,-3.55,-2.32,-3.55,2.0,2.55,10.0,0.0,0.6,0.8,-4.34,-3.37,-2.4,-3.37,2.0,2.01,10.0,0.0,0.6,0.8,1008.14,1010.15,1012.16,1010.15,2.0,4.17,10.0,0.0,0.6,0.8,7.2,7.5,7.8,7.5,2.0,0.7,10.0,0.0,0.6,0.8,-27.1,-19.7,-12.3,-19.7,2.0,15.3,10.0,0.0,0.6,0.8,-22.3,-17.8,-13.2,-17.8,2.0,9.4,10.0,0.0,0.6,0.8,-0.68,0.0,0.68,0.0,2.0,1.41,10.0,0.0,0.6,0.8,-3.4,0.3,4.0,0.3,2.0,7.6,10.0,0.0,0.6,0.8,2.25,3.29,4.33,3.29,2.0,2.15,10.0,0.0,0.6,0.8,11.9,18.2,24.5,18.2,2.0,13.0,10.0,0.0,0.6,0.8,-123.1,-91.9,-60.6,-91.9,2.0,64.8,10.0,0.0,0.6,0.8,-114.4,-88.3,-62.2,-88.3,2.0,54.0,10.0,0.0,0.6,0.8,-82.1,-62.0,-41.8,-62.0,2.0,41.8,10.0,0.0,0.6,0.8,-80.3,-61.2,-42.2,-61.2,2.0,39.5,10.0,0.0,0.6,0.8,-22.2,-14.4,-6.7,-14.4,2.0,16.1,10.0,0.0,0.6,0.8,-9.2,-8.9,-8.6,-8.9,2.0,0.6,10.0,0.0,0.6,0.8,141.0,159.0,177.0,159.0,2.0,37.0,10.0,0.0,0.6,0.8,140.0,160.0,175.0,160.0,2.0,35.0,10.0,0.0,0.6,0.8
1974,2,49.0,-26.0,26.13,26.8,28.0,26.96,10.0,0.81,14.0,0.5,0.2,0.5,25.37,26.9,28.15,26.84,12.0,1.52,16.0,0.5,0.3,0.5,17.38,17.91,18.68,18.04,6.0,0.77,18.0,0.7,0.4,0.4,72.6,80.8,89.8,80.0,7.0,7.9,18.0,0.7,0.5,2.9,4.6,7.54,5.16,12.0,3.25,16.0,0.5,0.3,0.5,-7.39,-3.45,0.79,-3.26,12.0,4.64,16.0,0.5,0.3,0.5,-3.19,-2.07,0.2,-1.59,12.0,1.92,16.0,0.5,0.3,0.5,1010.8,1013.3,1014.9,1012.55,10.0,2.69,14.0,0.5,0.3,0.5,1.7,3.5,5.3,3.4,12.0,2.2,16.0,0.5,0.3,0.5,-57.4,-15.1,2.5,-28.0,12.0,45.2,16.0,0.5,0.3,0.5,-17.8,-7.2,0.9,-9.9,12.0,16.8,16.0,0.5,0.3,0.5,-0.83,-0.1,1.61,0.15,10.0,1.3,14.0,0.5,0.2,0.5,-5.7,-0.5,6.6,0.5,10.0,5.8,14.0,0.5,0.2,0.5,3.32,3.69,5.2,4.23,4.0,1.48,16.0,0.8,0.3,0.5,15.1,19.5,25.5,20.3,4.0,7.1,16.0,0.8,0.3,0.5,-202.6,-87.9,21.5,-86.7,12.0,126.0,16.0,0.5,0.3,0.5,-87.7,-53.3,5.8,-42.1,12.0,52.2,16.0,0.5,0.3,0.5,-105.4,-37.8,42.4,-31.4,6.0,80.8,18.0,0.7,0.4,0.4,-33.6,0.0,18.6,-5.7,6.0,32.7,18.0,0.7,0.4,0.4,-19.0,-5.2,18.2,-0.6,4.0,23.1,16.0,0.8,0.3,0.5,-8.6,-3.0,2.7,-3.0,4.0,7.0,16.0,0.8,0.3,0.5,24.5,97.5,478.5,309.5,12.0,524.0,16.0,0.5,0.3,0.5,25.0,95.0,480.0,310.0,12.0,525.0,16.0,0.5,0.3,0.5
1974,2,49.0,-25.0,26.39,27.15,28.0,27.25,26.0,0.95,16.0,0.5,0.5,0.6,26.0,27.05,28.33,27.28,26.0,1.4,14.0,0.5,0.5,0.6,17.04,18.0,20.31,18.32,23.0,1.81,16.0,0.5,0.5,0.6,75.2,81.1,85.6,80.8,23.0,6.4,16.0,0.5,0.6,4.6,6.2,9.22,6.82,27.0,3.16,14.0,0.5,0.4,0.6,-8.57,-5.02,-2.02,-5.48,27.0,3.4,14.0,0.5,0.4,0.6,-4.77,-2.25,0.77,-2.11,27.0,3.29,14.0,0.5,0.4,0.6,1011.73,1013.9,1015.6,1013.31,27.0,2.47,14.0,0.5,0.4,0.6,3.0,5.0,8.0,5.1,26.0,2.5,14.0,0.5,0.4,0.6,-74.9,-25.6,-9.1,-46.7,27.0,46.5,14.0,0.5,0.4,0.6,-42.3,-13.1,3.9,-18.4,27.0,31.6,14.0,0.5,0.4,0.6,-1.35,0.1,1.4,0.01,25.0,1.42,16.0,0.5,0.5,0.6,-9.2,0.5,13.0,0.9,25.0,10.9,16.0,0.5,0.5,0.6,2.13,4.38,6.59,4.29,22.0,2.08,16.0,0.5,0.5,0.6,7.7,27.3,48.1,28.7,22.0,17.2,16.0,0.5,0.5,0.6,-230.5,-135.9,-55.0,-143.3,26.0,87.6,14.0,0.5,0.5,0.6,-129.2,-57.2,24.0,-50.4,26.0,85.0,14.0,0.5,0.5,0.6,-146.2,-86.6,-39.6,-92.7,23.0,53.9,16.0,0.5,0.5,0.6,-86.8,-31.5,16.0,-30.1,23.0,57.6,16.0,0.5,0.5,0.6,-43.7,-22.8,-6.3,-24.1,22.0,16.9,16.0,0.5,0.5,0.6,-13.3,-7.2,4.7,-4.9,22.0,15.5,16.0,0.5,0.5,0.6,97.5,238.5,786.0,530.0,27.0,696.5,14.0,0.5,0.4,0.6,95.0,240.0,785.0,530.0,27.0,695.0,14.0,0.5,0.4,0.6
1974,2,49.0,-24.0,26.69,27.5,28.93,27.63,18.0,1.15,14.0,0.3,0.6,0.3,25.7,26.55,27.72,26.56,18.0,1.36,14.0,0.3,0.6,0.3,16.6,18.21,19.2,18.03,14.0,1.56,14.0,0.4,0.6,0.3,76.5,79.2,87.1,81.2,14.0,5.1,14.0,0.4,0.3,4.45,6.35,10.1,7.21,18.0,3.01,14.0,0.3,0.6,0.3,-9.17,-5.85,-2.61,-5.84,18.0,2.83,14.0,0.3,0.6,0.3,-6.78,-3.25,0.14,-2.9,18.0,3.32,14.0,0.3,0.6,0.3,1010.94,1013.1,1014.67,1012.93,18.0,2.84,14.0,0.3,0.6,0.3,3.0,5.0,8.0,5.2,18.0,2.3,14.0,0.3,0.6,0.3,-86.7,-34.2,-12.3,-49.0,18.0,39.9,14.0,0.3,0.6,0.3,-64.6,-17.5,0.4,-27.7,18.0,33.3,14.0,0.3,0.6,0.3,-0.46,0.95,2.5,1.07,18.0,1.65,14.0,0.3,0.6,0.3,-3.3,6.7,18.2,9.1,18.0,14.1,14.0,0.3,0.6,0.3,3.93,5.18,6.25,4.99,14.0,1.91,14.0,0.4,0.6,0.3,13.3,33.6,46.6,33.1,14.0,17.8,14.0,0.4,0.6,0.3,-228.6,-155.4,-73.3,-152.9,18.0,70.1,14.0,0.3,0.6,0.3,-160.8,-85.0,3.8,-75.6,18.0,86.9,14.0,0.3,0.6,0.3,-145.4,-94.8,-47.3,-95.7,14.0,49.1,14.0,0.4,0.6,0.3,-79.9,-41.6,7.8,-42.9,14.0,55.9,14.0,0.4,0.6,0.3,-40.2,-24.6,-12.6,-26.5,14.0,17.1,14.0,0.4,0.6,0.3,-33.3,-8.1,0.5,-12.2,14.0,17.0,14.0,0.4,0.6,0.3,89.0,258.5,1037.5,567.0,18.0,600.0,14.0,0.3,0.6,0.3,90.0,260.0,1035.0,565.0,18.0,600.0,14.0,0.3,0.6,0.3
1974,2,49.0,-23.0,26.32,27.0,27.68,27.0,2.0,1.41,10.0,0.5,0.4,0.2,26.64,26.95,27.26,26.95,2.0,0.64,10.0,0.5,0.4,0.2,20.52,20.52,20.52,20.52,1.0,0.0,6.0,1.0,0.1,0.3,94.8,94.8,94.8,94.8,1.0,0.0,6.0,1.0,0.3,5.5,7.45,9.4,7.45,2.0,4.03,10.0,0.5,0.4,0.2,-8.86,-7.1,-5.35,-7.1,2.0,3.64,10.0,0.5,0.4,0.2,-2.84,-1.36,0.11,-1.36,2.0,3.06,10.0,0.5,0.4,0.2,1010.49,1011.1,1011.71,1011.1,2.0,1.27,10.0,0.5,0.4,0.2,5.3,6.0,6.7,6.0,2.0,1.4,10.0,0.5,0.4,0.2,-87.2,-60.3,-33.4,-60.3,2.0,55.8,10.0,0.5,0.4,0.2,-29.9,-16.3,-2.7,-16.3,2.0,28.3,10.0,0.5,0.4,0.2,-0.94,0.05,1.04,0.05,2.0,2.05,10.0,0.5,0.4,0.2,-3.0,4.5,12.0,4.5,2.0,15.5,10.0,0.5,0.4,0.2,3.16,3.16,3.16,3.16,1.0,0.0,6.0,1.0,0.1,0.3,32.6,32.6,32.6,32.6,1.0,0.0,6.0,1.0,0.1,0.3,-235.5,-190.3,-145.1,-190.3,2.0,93.6,10.0,0.5,0.4,0.2,-75.1,-35.7,3.6,-35.7,2.0,81.5,10.0,0.5,0.4,0.2,-198.7,-198.7,-198.7,-198.7,1.0,0.0,6.0,1.0,0.1,0.3,-72.3,-72.3,-72.3,-72.3,1.0,0.0,6.0,1.0,0.1,0.3,-30.6,-30.6,-30.6,-30.6,1.0,0.0,6.0,1.0,0.1,0.3,-11.1,-11.1,-11.1,-11.1,1.0,0.0,6.0,1.0,0.1,0.3,255.5,595.0,935.0,595.0,2.0,704.0,10.0,0.5,0.4,0.2,255.0,595.0,935.0,595.0,2.0,705.0,10.0,0.5,0.4,0.2
1974,2,49.0,-22.0,,,,,,,,,,,,,,,,,,,,,,,,,,,,,,,,,,,,,,,,3.0,3.85,4.7,3.85,2.0,1.77,14.0,1.0,0.4,0.3,-4.7,-3.83,-2.96,-3.83,2.0,1.8,14.0,1.0,0.4,0.3,-0.38,-0.23,-0.07,-0.23,2.0,0.32,14.0,1.0,0.4,0.3,1012.33,1013.05,1013.77,1013.05,2.0,1.48,14.0,1.0,0.4,0.3,5.5,6.5,7.5,6.5,2.0,2.1,14.0,1.0,0.4,0.3,-22.9,-16.3,-9.7,-16.3,2.0,13.7,14.0,1.0,0.4,0.3,-1.0,-0.6,-0.2,-0.6,2.0,0.8,14.0,1.0,0.4,0.3,,,,,,,,,,,,,,,,,,,,,,,,,,,,,,,,,,,,,,,,,-127.1,-104.2,-81.3,-104.2,2.0,47.4,14.0,1.0,0.4,0.3,-10.5,-6.2,-2.0,-6.2,2.0,8.8,14.0,1.0,0.4,0.3,-88.1,-71.9,-55.7,-71.9,2.0,33.5,14.0,1.0,0.4,0.3,-7.1,-4.2,-1.3,-4.2,2.0,6.0,14.0,1.0,0.4,0.3,,,,,,,,,,,,,,,,,,,,,,,,,,,,,,,,,,,,,,,,
1974,2,49.0,-18.0,28.0,28.0,28.0,28.0,1.0,0.0,10.0,1.0,0.8,0.4,25.7,25.7,25.7,25.7,1.0,0.0,10.0,1.0,0.8,0.4,17.79,17.79,17.79,17.79,1.0,0.0,10.0,1.0,0.8,0.4,86.1,86.1,86.1,86.1,1.0,0.0,10.0,1.0,0.4,8.7,8.7,8.7,8.7,1.0,0.0,10.0,1.0,0.8,0.4,2.98,2.98,2.98,2.98,1.0,0.0,10.0,1.0,0.8,0.4,8.18,8.18,8.18,8.18,1.0,0.0,10.0,1.0,0.8,0.4,1009.6,1009.6,1009.6,1009.6,1.0,0.0,10.0,1.0,0.8,0.4,7.0,7.0,7.0,7.0,1.0,0.0,10.0,1.0,0.8,0.4,25.9,25.9,25.9,25.9,1.0,0.0,10.0,1.0,0.8,0.4,71.1,71.1,71.1,71.1,1.0,0.0,10.0,1.0,0.8,0.4,2.3,2.3,2.3,2.3,1.0,0.0,10.0,1.0,0.8,0.4,20.0,20.0,20.0,20.0,1.0,0.0,10.0,1.0,0.8,0.4,5.96,5.96,5.96,5.96,1.0,0.0,10.0,1.0,0.8,0.4,51.8,51.8,51.8,51.8,1.0,0.0,10.0,1.0,0.8,0.4,76.5,76.5,76.5,76.5,1.0,0.0,10.0,1.0,0.8,0.4,210.1,210.1,210.1,210.1,1.0,0.0,10.0,1.0,0.8,0.4,52.9,52.9,52.9,52.9,1.0,0.0,10.0,1.0,0.8,0.4,145.4,145.4,145.4,145.4,1.0,0.0,10.0,1.0,0.8,0.4,17.7,17.7,17.7,17.7,1.0,0.0,10.0,1.0,0.8,0.4,48.7,48.7,48.7,48.7,1.0,0.0,10.0,1.0,0.8,0.4,658.5,658.5,658.5,658.5,1.0,0.0,10.0,1.0,0.8,0.4,660.0,660.0,660.0,660.0,1.0,0.0,10.0,1.0,0.8,0.4
1974,2,49.0,-17.0,27.0,27.0,27.0,27.0,1.0,0.0,2.0,0.0,0.5,0.9,27.0,27.0,27.0,27.0,1.0,0.0,2.0,0.0,0.5,0.9,15.14,15.14,15.14,15.14,1.0,0.0,2.0,0.0,0.5,0.9,68.4,68.4,68.4,68.4,1.0,0.0,2.0,0.0,0.9,7.2,7.2,7.2,7.2,1.0,0.0,2.0,0.0,0.5,0.9,-7.2,-7.2,-7.2,-7.2,1.0,0.0,2.0,0.0,0.5,0.9,0.0,0.0,0.0,0.0,1.0,0.0,2.0,0.0,0.5,0.9,1016.3,1016.3,1016.3,1016.3,1.0,0.0,2.0,0.0,0.5,0.9,5.0,5.0,5.0,5.0,1.0,0.0,2.0,0.0,0.5,0.9,-51.8,-51.8,-51.8,-51.8,1.0,0.0,2.0,0.0,0.5,0.9,0.0,0.0,0.0,0.0,1.0,0.0,2.0,0.0,0.5,0.9,0.0,0.0,0.0,0.0,1.0,0.0,2.0,0.0,0.5,0.9,0.0,0.0,0.0,0.0,1.0,0.0,2.0,0.0,0.5,0.9,7.08,7.08,7.08,7.08,1.0,0.0,2.0,0.0,0.5,0.9,51.0,51.0,51.0,51.0,1.0,0.0,2.0,0.0,0.5,0.9,-194.4,-194.4,-194.4,-194.4,1.0,0.0,2.0,0.0,0.5,0.9,0.0,0.0,0.0,0.0,1.0,0.0,2.0,0.0,0.5,0.9,-109.0,-109.0,-109.0,-109.0,1.0,0.0,2.0,0.0,0.5,0.9,0.0,0.0,0.0,0.0,1.0,0.0,2.0,0.0,0.5,0.9,-51.0,-51.0,-51.0,-51.0,1.0,0.0,2.0,0.0,0.5,0.9,0.0,0.0,0.0,0.0,1.0,0.0,2.0,0.0,0.5,0.9,373.0,373.0,373.0,373.0,1.0,0.0,2.0,0.0,0.5,0.9,375.0,375.0,375.0,375.0,1.0,0.0,2.0,0.0,0.5,0.9
1974,2,49.0,-13.0,,,,,,,,,,,,,,,,,,,,,,,,,,,,,,,,,,,,,,,,4.16,4.5,4.84,4.5,2.0,0.71,2.0,1.0,0.5,0.7,2.77,3.2,3.63,3.2,2.0,0.89,2.0,1.0,0.5,0.7,-3.19,-3.14,-3.09,-3.14,2.0,0.11,2.0,1.0,0.5,0.7,1013.3,1013.3,1013.3,1013.3,2.0,0.0,2.0,1.0,0.5,0.7,,,,,,,,,,,,,,,,,,,,,,,,,,,,,,,,,,,,,,,,,,,,,,,,,,,,,,,,,,,,,,,,,,,,,,,,,,,,,,,,,,,,,,,,,,,,,,,,,,,,,,,,,,,,,,,,,,,,,,,,,,,,,,,,,,,,,,,,,,,,,,,,,,,,,,
1974,2,49.0,-12.0,28.0,29.0,29.17,28.55,11.0,0.75,4.0,0.5,0.4,0.4,26.0,27.0,29.12,27.47,11.0,1.64,4.0,0.5,0.4,0.4,17.7,18.23,18.94,18.24,5.0,0.82,6.0,0.8,0.6,0.5,71.2,78.9,88.0,79.7,5.0,10.5,6.0,0.8,0.5,2.1,3.5,5.06,3.35,10.0,1.49,4.0,0.5,0.4,0.4,-0.18,2.29,3.15,1.55,10.0,2.81,4.0,0.5,0.4,0.4,-2.57,-0.53,1.24,-0.65,10.0,1.92,4.0,0.5,0.4,0.4,1008.16,1012.2,1015.9,1011.85,11.0,3.54,4.0,0.5,0.4,0.4,2.9,5.0,6.1,4.4,7.0,2.6,6.0,0.9,0.4,0.5,-0.8,6.0,14.4,5.5,10.0,13.6,4.0,0.5,0.4,0.4,-10.3,-1.5,4.2,-3.3,10.0,7.9,4.0,0.5,0.4,0.4,-0.71,1.1,2.94,1.08,11.0,1.71,4.0,0.5,0.4,0.4,-1.8,4.0,8.0,4.0,10.0,5.8,4.0,0.5,0.4,0.4,5.58,6.75,7.09,6.41,5.0,0.98,6.0,0.8,0.6,0.5,14.1,20.7,30.3,22.1,4.0,10.1,8.0,0.8,0.6,0.5,-7.2,63.2,83.2,40.5,10.0,75.7,4.0,0.5,0.4,0.4,-69.4,-14.5,34.0,-16.9,10.0,52.3,4.0,0.5,0.4,0.4,-53.7,8.5,66.9,6.7,4.0,76.9,8.0,0.8,0.6,0.5,-1.6,14.9,25.3,12.0,4.0,19.9,8.0,0.8,0.6,0.5,-20.9,4.4,20.2,-0.1,4.0,26.2,8.0,0.8,0.6,0.5,-1.1,4.9,8.2,3.6,4.0,7.0,8.0,0.8,0.6,0.5,9.5,45.5,129.5,57.5,10.0,55.0,4.0,0.5,0.4,0.4,10.0,45.0,130.0,55.0,10.0,55.0,4.0,0.5,0.4,0.4
1974,2,49.0,-10.0,,,,,,,,,,,,,,,,,,,,,,,,,,,,,,,,,,,,,,,,2.1,2.1,2.1,2.1,1.0,0.0,10.0,1.0,0.4,0.2,-0.36,-0.36,-0.36,-0.36,1.0,0.0,10.0,1.0,0.4,0.2,-2.07,-2.07,-2.07,-2.07,1.0,0.0,10.0,1.0,0.4,0.2,1011.4,1011.4,1011.4,1011.4,1.0,0.0,10.0,1.0,0.4,0.2,,,,,,,,,,,,,,,,,,,,,,,,,,,,,,,,,,,,,,,,,,,,,,,,,,,,,,,,,,,,,,,,,,,,,,,,,,,,,,,,,,,,,,,,,,,,,,,,,,,,,,,,,,,,,,,,,,,,,,,,,,,,,,,,,,,,,,,,,,,,,,,,,,,,,,
1974,2,49.0,-8.0,28.3,28.3,28.3,28.3,1.0,0.0,14.0,1.0,0.4,0.5,28.1,28.1,28.1,28.1,1.0,0.0,14.0,1.0,0.4,0.5,17.83,17.83,17.83,17.83,1.0,0.0,14.0,1.0,0.4,0.5,75.2,75.2,75.2,75.2,1.0,0.0,14.0,1.0,0.5,1.0,1.0,1.0,1.0,1.0,0.0,14.0,1.0,0.4,0.5,-0.77,-0.77,-0.77,-0.77,1.0,0.0,14.0,1.0,0.4,0.5,0.64,0.64,0.64,0.64,1.0,0.0,14.0,1.0,0.4,0.5,1013.5,1013.5,1013.5,1013.5,1.0,0.0,14.0,1.0,0.4,0.5,4.0,4.0,4.0,4.0,1.0,0.0,14.0,1.0,0.4,0.5,-0.8,-0.8,-0.8,-0.8,1.0,0.0,14.0,1.0,0.4,0.5,0.6,0.6,0.6,0.6,1.0,0.0,14.0,1.0,0.4,0.5,0.2,0.2,0.2,0.2,1.0,0.0,14.0,1.0,0.4,0.5,0.2,0.2,0.2,0.2,1.0,0.0,14.0,1.0,0.4,0.5,6.25,6.25,6.25,6.25,1.0,0.0,14.0,1.0,0.4,0.5,6.2,6.2,6.2,6.2,1.0,0.0,14.0,1.0,0.4,0.5,-21.5,-21.5,-21.5,-21.5,1.0,0.0,14.0,1.0,0.4,0.5,18.1,18.1,18.1,18.1,1.0,0.0,14.0,1.0,0.4,0.5,-13.7,-13.7,-13.7,-13.7,1.0,0.0,14.0,1.0,0.4,0.5,11.5,11.5,11.5,11.5,1.0,0.0,14.0,1.0,0.4,0.5,-4.8,-4.8,-4.8,-4.8,1.0,0.0,14.0,1.0,0.4,0.5,4.0,4.0,4.0,4.0,1.0,0.0,14.0,1.0,0.4,0.5,1.0,1.0,1.0,1.0,1.0,0.0,14.0,1.0,0.4,0.5,0.0,0.0,0.0,0.0,1.0,0.0,14.0,1.0,0.4,0.5
1974,2,49.0,-7.0,26.78,27.8,28.07,27.43,3.0,1.0,20.0,0.0,0.4,0.5,25.42,26.1,26.44,25.93,3.0,0.76,20.0,0.0,0.4,0.5,16.29,17.37,18.64,17.46,3.0,1.72,20.0,0.0,0.4,0.5,78.8,87.1,87.9,83.4,3.0,7.4,20.0,0.0,0.5,2.26,2.6,3.62,2.93,3.0,1.04,20.0,0.0,0.4,0.5,-2.08,-0.89,0.21,-0.94,3.0,1.68,20.0,0.0,0.4,0.5,-2.92,-2.44,-2.12,-2.52,3.0,0.59,20.0,0.0,0.4,0.5,1009.54,1010.7,1011.25,1010.4,3.0,1.28,20.0,0.0,0.4,0.5,3.6,5.0,7.0,5.3,3.0,2.5,20.0,0.0,0.4,0.5,-8.1,-2.3,0.3,-3.9,3.0,6.3,20.0,0.0,0.4,0.5,-10.8,-6.4,-4.8,-7.8,3.0,4.5,20.0,0.0,0.4,0.5,0.64,1.6,2.35,1.5,3.0,1.25,20.0,0.0,0.4,0.5,1.6,3.4,5.9,3.7,3.0,3.1,20.0,0.0,0.4,0.5,5.04,5.62,5.96,5.5,3.0,0.68,20.0,0.0,0.4,0.5,11.9,15.9,20.8,16.3,3.0,6.5,20.0,0.0,0.4,0.5,-54.0,-22.3,6.0,-24.0,3.0,44.0,20.0,0.0,0.4,0.5,-75.4,-61.3,-55.3,-65.3,3.0,15.1,20.0,0.0,0.4,0.5,-33.3,-15.4,4.5,-14.4,3.0,27.7,20.0,0.0,0.4,0.5,-47.3,-42.4,-39.4,-43.3,3.0,5.9,20.0,0.0,0.4,0.5,-11.8,-5.4,0.6,-5.6,3.0,9.1,20.0,0.0,0.4,0.5,-16.8,-14.9,-11.2,-14.0,3.0,4.2,20.0,0.0,0.4,0.5,12.0,17.5,52.5,32.0,3.0,32.5,20.0,0.0,0.4,0.5,10.0,20.0,55.0,30.0,3.0,30.0,20.0,0.0,0.4,0.5
1974,2,49.0,-6.0,27.32,28.0,28.27,27.8,3.0,0.72,20.0,0.3,0.4,0.6,26.86,27.0,27.55,27.2,3.0,0.53,20.0,0.3,0.4,0.6,16.75,17.12,18.38,17.55,3.0,1.25,20.0,0.3,0.4,0.6,74.0,75.5,82.1,78.0,3.0,6.3,20.0,0.3,0.6,4.31,5.1,6.99,5.63,4.0,2.17,22.0,0.5,0.5,0.7,0.27,3.23,4.14,2.25,4.0,2.81,22.0,0.5,0.5,0.7,-6.05,-3.85,-3.19,-4.59,4.0,2.05,22.0,0.5,0.5,0.7,1011.25,1011.8,1012.51,1011.88,4.0,0.74,22.0,0.5,0.5,0.7,4.0,5.5,6.5,5.3,4.0,1.7,22.0,0.5,0.5,0.7,2.8,16.5,29.3,16.1,4.0,18.3,22.0,0.5,0.5,0.7,-45.1,-19.6,-13.8,-29.0,4.0,24.8,22.0,0.5,0.5,0.7,0.06,0.2,1.16,0.6,3.0,0.87,20.0,0.3,0.4,0.6,0.3,1.0,4.3,2.3,3.0,3.1,20.0,0.3,0.4,0.6,4.37,6.59,7.32,5.87,3.0,2.25,20.0,0.3,0.4,0.6,20.4,27.6,31.7,26.1,3.0,8.4,20.0,0.3,0.4,0.6,-11.1,68.9,96.0,43.1,3.0,81.5,20.0,0.3,0.4,0.6,-110.3,-91.1,-86.0,-98.0,3.0,18.8,20.0,0.3,0.4,0.6,-5.0,48.3,61.0,28.5,3.0,51.3,20.0,0.3,0.4,0.6,-75.0,-56.1,-53.1,-63.8,3.0,17.4,20.0,0.3,0.4,0.6,-6.7,8.5,20.3,6.8,3.0,19.8,20.0,0.3,0.4,0.6,-23.2,-21.6,-16.9,-20.1,3.0,4.7,20.0,0.3,0.4,0.6,87.5,132.5,408.0,242.5,4.0,280.0,22.0,0.5,0.5,0.7,90.0,135.0,410.0,245.0,4.0,280.0,22.0,0.5,0.5,0.7
1974,2,49.0,-5.0,28.0,28.0,28.0,28.0,1.0,0.0,26.0,1.0,0.9,0.6,28.1,28.1,28.1,28.1,1.0,0.0,26.0,1.0,0.9,0.6,18.1,18.1,18.1,18.1,1.0,0.0,26.0,1.0,0.9,0.6,76.1,76.1,76.1,76.1,1.0,0.0,26.0,1.0,0.6,6.2,6.2,6.2,6.2,1.0,0.0,26.0,1.0,0.9,0.6,0.0,0.0,0.0,0.0,1.0,0.0,26.0,1.0,0.9,0.6,-6.2,-6.2,-6.2,-6.2,1.0,0.0,26.0,1.0,0.9,0.6,1010.4,1010.4,1010.4,1010.4,1.0,0.0,26.0,1.0,0.9,0.6,6.0,6.0,6.0,6.0,1.0,0.0,26.0,1.0,0.9,0.6,0.0,0.0,0.0,0.0,1.0,0.0,26.0,1.0,0.9,0.6,-38.4,-38.4,-38.4,-38.4,1.0,0.0,26.0,1.0,0.9,0.6,-0.1,-0.1,-0.1,-0.1,1.0,0.0,26.0,1.0,0.9,0.6,-0.6,-0.6,-0.6,-0.6,1.0,0.0,26.0,1.0,0.9,0.6,5.62,5.62,5.62,5.62,1.0,0.0,26.0,1.0,0.9,0.6,34.9,34.9,34.9,34.9,1.0,0.0,26.0,1.0,0.9,0.6,0.0,0.0,0.0,0.0,1.0,0.0,26.0,1.0,0.9,0.6,-174.2,-174.2,-174.2,-174.2,1.0,0.0,26.0,1.0,0.9,0.6,0.0,0.0,0.0,0.0,1.0,0.0,26.0,1.0,0.9,0.6,-112.2,-112.2,-112.2,-112.2,1.0,0.0,26.0,1.0,0.9,0.6,0.0,0.0,0.0,0.0,1.0,0.0,26.0,1.0,0.9,0.6,-34.9,-34.9,-34.9,-34.9,1.0,0.0,26.0,1.0,0.9,0.6,238.5,238.5,238.5,238.5,1.0,0.0,26.0,1.0,0.9,0.6,240.0,240.0,240.0,240.0,1.0,0.0,26.0,1.0,0.9,0.6
1974,2,49.0,-4.0,27.0,27.0,28.37,27.67,3.0,1.15,18.0,0.3,0.4,0.7,26.08,27.25,28.26,27.18,4.0,1.3,18.0,0.5,0.3,0.8,15.94,15.96,15.98,15.96,2.0,0.05,24.0,0.0,0.2,0.8,74.5,75.6,76.7,75.6,2.0,2.2,24.0,0.0,0.8,5.1,7.2,8.2,6.68,4.0,1.96,18.0,0.5,0.3,0.8,-3.48,-2.46,-1.74,-2.61,4.0,1.15,18.0,0.5,0.3,0.8,-7.42,-6.46,-4.79,-6.12,4.0,1.7,18.0,0.5,0.3,0.8,1009.8,1011.1,1011.17,1010.5,3.0,1.13,18.0,0.3,0.4,0.7,2.5,3.0,3.5,3.0,4.0,0.8,18.0,0.5,0.3,0.8,-28.6,-18.1,-9.3,-18.9,4.0,12.1,18.0,0.5,0.3,0.8,-60.8,-47.2,-25.5,-43.3,4.0,21.8,18.0,0.5,0.3,0.8,-0.61,1.3,2.12,0.77,3.0,2.05,18.0,0.3,0.4,0.7,-5.8,8.1,9.6,2.0,3.0,12.4,18.0,0.3,0.4,0.7,6.88,7.8,8.73,7.8,2.0,1.91,24.0,0.0,0.2,0.8,37.9,38.8,39.6,38.8,2.0,1.8,24.0,0.0,0.2,0.8,-98.6,-66.5,-45.4,-71.8,4.0,34.5,18.0,0.5,0.3,0.8,-209.4,-176.1,-124.8,-167.5,4.0,52.1,18.0,0.5,0.3,0.8,-32.0,-28.1,-24.2,-28.1,2.0,8.0,24.0,0.0,0.2,0.8,-87.8,-77.2,-66.6,-77.2,2.0,22.0,24.0,0.0,0.2,0.8,-13.6,-13.3,-13.0,-13.3,2.0,0.6,24.0,0.0,0.2,0.8,-37.2,-36.4,-35.6,-36.4,2.0,1.7,24.0,0.0,0.2,0.8,149.5,395.0,551.5,352.5,4.0,240.0,18.0,0.5,0.3,0.8,150.0,395.0,550.0,350.0,4.0,240.0,18.0,0.5,0.3,0.8
1974,2,49.0,-3.0,26.8,27.4,28.05,27.57,7.0,0.81,16.0,0.6,0.3,0.7,25.82,26.15,26.5,26.19,8.0,0.41,16.0,0.6,0.3,0.7,15.93,16.38,17.68,16.77,7.0,1.55,18.0,0.7,0.3,0.6,74.4,77.2,81.6,78.8,7.0,6.1,18.0,0.7,0.6,3.21,5.65,6.7,5.28,8.0,1.86,16.0,0.6,0.3,0.7,-3.79,-2.35,-0.89,-1.75,8.0,2.67,16.0,0.6,0.3,0.7,-5.73,-4.89,-2.64,-4.39,8.0,1.61,16.0,0.6,0.3,0.7,1009.24,1011.8,1012.01,1010.96,7.0,1.62,18.0,0.7,0.3,0.6,2.0,2.0,3.0,2.5,8.0,1.2,16.0,0.6,0.3,0.7,-28.1,-8.8,-2.6,-10.1,8.0,17.8,16.0,0.6,0.3,0.7,-38.4,-27.5,-8.6,-25.6,8.0,16.1,16.0,0.6,0.3,0.7,0.48,1.4,1.76,1.3,7.0,0.96,16.0,0.6,0.3,0.7,3.2,7.7,10.5,7.4,7.0,6.0,16.0,0.6,0.3,0.7,4.64,5.87,6.39,5.71,6.0,1.23,18.0,0.7,0.4,0.7,21.7,29.6,40.4,30.6,6.0,11.1,18.0,0.7,0.4,0.7,-98.2,-61.9,-23.1,-46.1,8.0,69.9,16.0,0.6,0.3,0.7,-151.8,-127.8,-68.9,-115.0,8.0,42.0,16.0,0.6,0.3,0.7,-66.6,-51.4,-14.9,-43.9,7.0,25.9,18.0,0.7,0.3,0.6,-107.0,-80.8,-41.0,-73.7,7.0,32.2,18.0,0.7,0.3,0.6,-21.3,-15.7,-6.5,-14.6,6.0,7.4,18.0,0.7,0.4,0.7,-38.7,-24.0,-14.9,-26.1,6.0,11.1,18.0,0.7,0.4,0.7,34.0,185.5,301.0,193.0,8.0,156.5,16.0,0.6,0.3,0.7,35.0,185.0,300.0,195.0,8.0,155.0,16.0,0.6,0.3,0.7
1974,2,49.0,-2.0,26.8,27.1,27.76,27.25,6.0,0.5,20.0,0.7,0.4,0.7,25.19,26.6,26.92,26.51,7.0,1.42,20.0,0.6,0.4,0.7,16.24,16.63,17.15,16.6,6.0,1.01,20.0,0.5,0.5,0.6,72.6,75.9,84.2,76.9,6.0,6.9,20.0,0.5,0.6,3.9,5.1,5.2,4.46,7.0,2.19,20.0,0.6,0.4,0.7,-2.12,-1.74,0.0,-1.43,7.0,1.27,20.0,0.6,0.4,0.7,-5.08,-4.79,-3.38,-4.14,7.0,1.99,20.0,0.6,0.4,0.7,1009.0,1009.2,1011.24,1010.07,7.0,1.34,20.0,0.6,0.4,0.7,1.0,2.0,4.0,2.4,7.0,1.7,20.0,0.6,0.4,0.7,-9.7,-8.4,0.0,-8.1,7.0,8.8,20.0,0.6,0.4,0.7,-26.5,-24.4,-13.9,-22.2,7.0,13.5,20.0,0.6,0.4,0.7,-0.11,0.45,1.33,0.52,6.0,1.16,20.0,0.7,0.4,0.7,-0.7,2.1,8.6,2.9,6.0,6.2,20.0,0.7,0.4,0.7,4.98,5.74,6.31,5.63,5.0,0.99,22.0,0.6,0.5,0.6,21.2,29.3,32.2,27.2,5.0,6.4,22.0,0.6,0.5,0.6,-56.5,-43.6,0.0,-38.1,7.0,33.5,20.0,0.6,0.4,0.7,-148.1,-120.1,-89.9,-110.8,7.0,53.8,20.0,0.6,0.4,0.7,-30.1,-22.0,0.0,-17.8,6.0,15.2,20.0,0.5,0.5,0.6,-83.1,-79.6,-46.9,-64.3,6.0,32.9,20.0,0.5,0.5,0.6,-10.8,-10.0,-3.8,-7.6,5.0,4.7,22.0,0.6,0.5,0.6,-30.8,-27.5,-19.2,-25.8,5.0,6.5,22.0,0.6,0.5,0.6,65.5,132.5,144.0,134.0,7.0,116.0,20.0,0.6,0.4,0.7,65.0,135.0,145.0,135.0,7.0,115.0,20.0,0.6,0.4,0.7
1974,2,49.0,-1.0,26.0,26.2,27.53,26.63,11.0,0.78,16.0,0.6,0.2,0.5,25.37,25.95,27.0,26.11,12.0,1.04,16.0,0.7,0.2,0.5,16.35,17.12,18.73,17.43,12.0,1.74,16.0,0.7,0.2,0.5,78.1,83.7,86.9,82.4,12.0,6.5,16.0,0.7,0.5,4.55,5.1,7.7,5.63,13.0,1.54,16.0,0.7,0.3,0.5,-3.86,-3.28,-2.55,-3.14,13.0,0.86,16.0,0.7,0.3,0.5,-6.67,-4.42,-3.27,-4.61,13.0,1.51,16.0,0.7,0.3,0.5,1008.45,1010.8,1013.03,1010.66,13.0,2.76,16.0,0.7,0.3,0.5,2.0,3.0,5.3,3.4,12.0,1.9,16.0,0.7,0.3,0.5,-29.6,-16.7,-12.8,-18.6,13.0,8.7,16.0,0.7,0.3,0.5,-51.3,-22.5,-15.9,-28.0,13.0,16.6,16.0,0.7,0.3,0.5,-0.29,0.7,1.45,0.6,11.0,1.14,16.0,0.6,0.2,0.5,-1.5,5.1,7.4,3.6,11.0,4.9,16.0,0.6,0.2,0.5,3.08,4.71,5.96,4.43,11.0,1.66,16.0,0.6,0.2,0.5,15.7,26.6,32.3,24.6,11.0,10.5,16.0,0.6,0.2,0.5,-102.2,-85.7,-66.3,-81.2,12.0,22.9,16.0,0.7,0.2,0.5,-171.6,-114.0,-81.8,-121.8,12.0,40.6,16.0,0.7,0.2,0.5,-67.4,-57.3,-40.8,-54.2,12.0,16.8,16.0,0.7,0.2,0.5,-114.1,-70.2,-58.7,-80.8,12.0,26.5,16.0,0.7,0.2,0.5,-18.7,-13.6,-10.7,-13.9,11.0,5.7,16.0,0.6,0.2,0.5,-28.0,-20.3,-11.1,-20.1,11.0,9.4,16.0,0.6,0.2,0.5,94.5,132.5,456.5,217.0,13.0,169.0,16.0,0.7,0.3,0.5,95.0,135.0,455.0,215.0,13.0,170.0,16.0,0.7,0.3,0.5
1974,2,49.0,0.0,25.57,26.0,27.0,26.09,24.0,0.63,14.0,0.5,0.5,0.6,25.0,25.4,27.0,25.81,23.0,1.1,14.0,0.5,0.5,0.6,16.99,17.71,18.14,17.66,16.0,0.9,12.0,0.4,0.5,0.6,81.1,87.7,91.5,86.9,16.0,5.6,12.0,0.4,0.6,3.1,5.1,9.35,5.75,24.0,2.95,14.0,0.5,0.5,0.6,-5.03,-2.98,-1.3,-3.23,24.0,1.91,14.0,0.5,0.5,0.6,-7.34,-4.37,-2.68,-4.58,24.0,2.59,14.0,0.5,0.5,0.6,1009.87,1011.0,1012.94,1011.39,24.0,2.06,14.0,0.5,0.5,0.6,2.0,3.0,5.7,3.7,24.0,2.2,14.0,0.5,0.5,0.6,-44.2,-15.2,-3.3,-23.5,24.0,22.4,14.0,0.5,0.5,0.6,-72.8,-21.2,-7.9,-33.1,24.0,30.1,14.0,0.5,0.5,0.6,-0.81,0.0,1.45,0.29,23.0,1.09,14.0,0.5,0.5,0.6,-4.1,0.0,5.1,0.1,23.0,6.1,14.0,0.5,0.5,0.6,2.7,3.21,4.57,3.44,16.0,1.02,12.0,0.4,0.5,0.6,8.2,13.3,22.1,15.2,16.0,10.3,12.0,0.4,0.5,0.6,-129.8,-78.6,-31.7,-81.8,23.0,49.6,14.0,0.5,0.5,0.6,-198.5,-110.2,-63.3,-117.5,23.0,69.5,14.0,0.5,0.5,0.6,-79.1,-39.5,-20.3,-44.2,16.0,27.4,12.0,0.4,0.5,0.6,-95.4,-60.9,-23.2,-62.9,16.0,40.6,12.0,0.4,0.5,0.6,-15.4,-6.6,-4.1,-8.3,16.0,5.7,12.0,0.4,0.5,0.6,-17.8,-11.2,-4.1,-12.1,16.0,9.5,12.0,0.4,0.5,0.6,30.0,132.5,824.0,338.0,24.0,403.0,14.0,0.5,0.5,0.6,30.0,135.0,825.0,340.0,24.0,405.0,14.0,0.5,0.5,0.6
1974,2,49.0,1.0,25.3,26.0,26.5,25.93,21.0,0.78,14.0,0.5,0.5,0.4,24.65,26.0,28.9,26.39,23.0,1.95,14.0,0.4,0.5,0.4,15.87,17.64,18.42,17.35,17.0,1.45,14.0,0.4,0.5,0.4,75.2,84.1,88.7,82.3,17.0,7.4,14.0,0.4,0.4,4.85,6.7,8.61,6.86,23.0,2.2,14.0,0.4,0.5,0.4,-5.32,-4.31,-2.63,-4.17,23.0,1.31,14.0,0.4,0.5,0.4,-6.96,-5.79,-3.12,-5.29,23.0,2.21,14.0,0.4,0.5,0.4,1009.0,1011.1,1013.2,1011.18,23.0,1.87,14.0,0.4,0.5,0.4,1.0,3.0,4.7,3.0,22.0,2.3,14.0,0.4,0.5,0.4,-42.2,-28.9,-14.8,-30.7,23.0,17.0,14.0,0.4,0.5,0.4,-53.9,-38.9,-16.0,-40.6,23.0,28.0,14.0,0.4,0.5,0.4,-2.88,-0.5,0.93,-0.59,21.0,1.89,14.0,0.5,0.5,0.4,-23.7,-3.1,9.0,-5.5,21.0,15.1,14.0,0.5,0.5,0.4,2.11,2.83,4.86,3.44,16.0,1.57,14.0,0.4,0.4,0.4,14.0,18.2,32.7,22.1,16.0,12.9,14.0,0.4,0.4,0.4,-145.8,-105.6,-73.5,-110.2,23.0,35.1,14.0,0.4,0.5,0.4,-186.3,-133.6,-83.2,-141.3,23.0,63.9,14.0,0.4,0.5,0.4,-86.3,-66.3,-44.6,-66.6,17.0,19.8,14.0,0.4,0.5,0.4,-115.2,-89.3,-57.1,-87.4,17.0,35.6,14.0,0.4,0.5,0.4,-18.3,-11.2,-7.0,-13.2,16.0,7.7,14.0,0.4,0.4,0.4,-24.6,-13.7,-8.0,-17.1,16.0,11.3,14.0,0.4,0.4,0.4,114.5,301.0,641.5,419.0,23.0,383.5,14.0,0.4,0.5,0.4,115.0,300.0,640.0,420.0,23.0,385.0,14.0,0.4,0.5,0.4
1974,2,49.0,2.0,25.09,26.0,27.03,26.16,19.0,1.03,16.0,0.5,0.7,0.5,25.17,25.6,28.33,26.16,19.0,1.55,16.0,0.5,0.7,0.5,14.95,16.52,17.3,16.37,12.0,1.11,16.0,0.4,0.8,0.5,73.8,78.3,84.0,78.5,12.0,4.7,16.0,0.4,0.5,3.94,6.7,8.79,6.48,19.0,2.5,16.0,0.5,0.7,0.5,-5.19,-3.94,-2.7,-3.85,19.0,1.44,16.0,0.5,0.7,0.5,-7.55,-5.13,-2.13,-4.88,19.0,2.77,16.0,0.5,0.7,0.5,1009.33,1011.6,1014.35,1011.6,18.0,2.49,16.0,0.5,0.7,0.6,0.5,3.0,5.5,3.2,17.0,2.5,16.0,0.5,0.7,0.5,-39.2,-28.9,-12.9,-27.2,19.0,16.8,16.0,0.5,0.7,0.5,-67.1,-34.4,-9.5,-37.8,19.0,30.0,16.0,0.5,0.7,0.5,-1.47,-0.2,1.66,0.0,19.0,1.93,16.0,0.5,0.7,0.5,-10.5,-1.3,10.9,-0.6,19.0,13.2,16.0,0.5,0.7,0.5,2.91,4.31,7.28,4.68,12.0,1.81,16.0,0.4,0.8,0.5,12.2,22.8,38.8,26.3,12.0,15.2,16.0,0.4,0.8,0.5,-136.2,-101.6,-69.0,-100.5,19.0,37.8,16.0,0.5,0.7,0.5,-206.7,-118.0,-54.5,-128.6,19.0,75.9,16.0,0.5,0.7,0.5,-73.3,-57.6,-33.0,-55.1,12.0,22.1,16.0,0.4,0.8,0.5,-105.9,-59.9,-34.0,-66.3,12.0,41.4,16.0,0.4,0.8,0.5,-23.6,-16.7,-7.5,-16.1,12.0,8.9,16.0,0.4,0.8,0.5,-33.6,-14.4,-6.4,-18.9,12.0,15.3,16.0,0.4,0.8,0.5,61.5,301.0,679.5,385.0,19.0,358.5,16.0,0.5,0.7,0.5,60.0,300.0,680.0,385.0,19.0,360.0,16.0,0.5,0.7,0.5
1974,2,49.0,3.0,25.59,26.0,26.41,26.0,2.0,0.85,8.0,0.5,0.5,0.3,25.58,25.75,25.92,25.75,2.0,0.35,8.0,0.5,0.5,0.3,16.08,17.47,18.86,17.47,2.0,2.88,8.0,0.5,0.5,0.3,77.1,84.7,92.4,84.7,2.0,15.9,8.0,0.5,0.3,2.92,3.6,4.28,3.6,2.0,1.41,8.0,0.5,0.5,0.3,-3.67,-2.99,-2.31,-2.99,2.0,1.41,8.0,0.5,0.5,0.3,-2.2,-1.99,-1.77,-1.99,2.0,0.44,8.0,0.5,0.5,0.3,1010.46,1012.1,1013.74,1012.1,2.0,3.39,8.0,0.5,0.5,0.3,1.2,1.5,1.8,1.5,2.0,0.7,8.0,0.5,0.5,0.3,-16.2,-11.8,-7.3,-11.8,2.0,9.3,8.0,0.5,0.5,0.3,-9.6,-7.5,-5.3,-7.5,2.0,4.4,8.0,0.5,0.5,0.3,-0.33,0.25,0.83,0.25,2.0,1.2,8.0,0.5,0.5,0.3,-1.9,0.1,2.0,0.1,2.0,4.0,8.0,0.5,0.5,0.3,2.65,3.56,4.47,3.56,2.0,1.88,8.0,0.5,0.5,0.3,8.5,14.2,19.9,14.2,2.0,11.8,8.0,0.5,0.5,0.3,-95.2,-77.2,-59.2,-77.2,2.0,37.3,8.0,0.5,0.5,0.3,-57.1,-51.2,-45.3,-51.2,2.0,12.2,8.0,0.5,0.5,0.3,-57.9,-50.2,-42.4,-50.2,2.0,16.0,8.0,0.5,0.5,0.3,-35.0,-34.1,-33.1,-34.1,2.0,2.0,8.0,0.5,0.5,0.3,-17.1,-12.0,-6.8,-12.0,2.0,10.6,8.0,0.5,0.5,0.3,-10.1,-7.5,-4.9,-7.5,2.0,5.3,8.0,0.5,0.5,0.3,30.0,57.5,84.5,57.5,2.0,56.5,8.0,0.5,0.5,0.3,30.0,55.0,85.0,55.0,2.0,55.0,8.0,0.5,0.5,0.3
1974,2,49.0,4.0,25.43,25.5,26.46,25.93,3.0,0.84,12.0,1.0,0.3,0.4,25.62,26.3,26.78,26.2,3.0,0.85,12.0,1.0,0.3,0.4,16.54,16.75,16.83,16.68,3.0,0.22,12.0,1.0,0.3,0.4,76.7,78.2,80.8,78.7,3.0,3.0,12.0,1.0,0.4,7.33,8.7,9.11,8.23,3.0,1.36,12.0,1.0,0.3,0.4,-6.45,-5.98,-4.84,-5.65,3.0,1.21,12.0,1.0,0.3,0.4,-6.64,-5.59,-5.28,-5.95,3.0,1.04,12.0,1.0,0.3,0.4,1009.94,1013.9,1014.58,1012.3,3.0,3.67,12.0,1.0,0.3,0.4,2.3,3.0,5.7,4.0,3.0,2.6,12.0,1.0,0.3,0.4,-57.2,-55.6,-37.3,-47.5,3.0,16.2,12.0,1.0,0.3,0.4,-60.7,-48.7,-38.9,-49.8,3.0,16.0,12.0,1.0,0.3,0.4,-0.65,-0.1,0.1,-0.27,3.0,0.57,12.0,1.0,0.3,0.4,-5.9,-0.7,1.0,-2.4,3.0,5.3,12.0,1.0,0.3,0.4,3.7,3.91,4.85,4.27,3.0,0.89,12.0,1.0,0.3,0.4,33.7,34.0,35.0,34.3,3.0,1.0,12.0,1.0,0.3,0.4,-165.0,-157.2,-129.3,-147.4,3.0,27.5,12.0,1.0,0.3,0.4,-172.8,-141.5,-139.5,-155.8,3.0,27.4,12.0,1.0,0.3,0.4,-106.6,-100.1,-81.4,-94.1,3.0,19.2,12.0,1.0,0.3,0.4,-110.6,-91.9,-88.2,-99.3,3.0,17.6,12.0,1.0,0.3,0.4,-25.0,-22.8,-21.9,-23.4,3.0,2.3,12.0,1.0,0.3,0.4,-26.7,-25.7,-23.1,-24.9,3.0,2.7,12.0,1.0,0.3,0.4,414.5,658.5,758.0,588.0,3.0,259.0,12.0,1.0,0.3,0.4,415.0,660.0,760.0,590.0,3.0,260.0,12.0,1.0,0.3,0.4
1974,2,49.0,5.0,26.12,26.45,27.0,26.41,8.0,0.67,12.0,0.8,0.3,0.3,26.63,27.25,27.98,27.48,8.0,1.21,12.0,0.8,0.3,0.3,14.91,15.57,16.82,15.91,5.0,1.64,12.0,1.0,0.3,0.2,65.9,70.3,71.9,69.0,5.0,4.8,12.0,1.0,0.2,6.31,8.2,9.89,8.46,8.0,2.24,12.0,0.8,0.3,0.3,-8.37,-6.05,-2.44,-5.89,8.0,2.94,12.0,0.8,0.3,0.3,-7.89,-5.45,-2.4,-4.67,8.0,3.7,12.0,0.8,0.3,0.3,1010.0,1011.9,1013.27,1011.73,7.0,2.2,14.0,0.7,0.3,0.2,2.9,3.0,4.1,3.4,7.0,1.8,12.0,0.9,0.3,0.3,-76.6,-45.6,-15.0,-53.9,8.0,38.7,12.0,0.8,0.3,0.3,-66.0,-38.5,-15.4,-41.7,8.0,39.9,12.0,0.8,0.3,0.3,-1.84,-0.75,-0.01,-1.06,8.0,1.28,12.0,0.8,0.3,0.3,-17.9,-6.2,-0.1,-8.8,8.0,10.8,12.0,0.8,0.3,0.3,4.54,6.34,6.88,5.72,5.0,1.75,12.0,1.0,0.3,0.2,33.7,45.0,64.4,49.1,5.0,23.2,12.0,1.0,0.3,0.2,-225.9,-164.5,-67.0,-159.9,8.0,79.2,12.0,0.8,0.3,0.3,-221.9,-149.0,-65.8,-129.7,8.0,103.8,12.0,0.8,0.3,0.3,-117.7,-85.9,-62.6,-89.5,5.0,45.9,12.0,1.0,0.3,0.2,-138.0,-80.4,-56.8,-92.8,5.0,48.1,12.0,1.0,0.3,0.2,-50.9,-39.9,-20.9,-36.5,5.0,22.3,12.0,1.0,0.3,0.2,-41.4,-25.7,-19.9,-30.4,5.0,15.3,12.0,1.0,0.3,0.2,253.5,551.5,970.0,726.0,8.0,630.0,12.0,0.8,0.3,0.3,255.0,550.0,970.0,725.0,8.0,630.0,12.0,0.8,0.3,0.3
1974,2,49.0,6.0,25.32,25.9,26.9,25.99,8.0,0.78,8.0,0.6,0.7,0.4,25.22,26.1,27.87,26.41,9.0,1.26,10.0,0.7,0.6,0.4,14.45,16.2,16.58,15.62,5.0,1.3,4.0,0.4,0.7,0.4,73.3,77.4,81.1,76.8,5.0,6.2,4.0,0.4,0.4,6.32,8.2,10.0,8.26,9.0,1.91,10.0,0.7,0.6,0.4,-7.51,-5.52,-3.85,-5.61,9.0,1.75,10.0,0.7,0.6,0.4,-7.39,-6.43,-4.23,-5.9,9.0,1.65,10.0,0.7,0.6,0.4,1010.09,1011.0,1012.54,1011.23,7.0,1.29,10.0,0.6,0.7,0.4,1.3,3.0,5.0,3.3,9.0,1.8,10.0,0.7,0.6,0.4,-73.3,-48.0,-24.9,-48.6,9.0,23.2,10.0,0.7,0.6,0.4,-74.3,-51.3,-29.1,-50.9,9.0,23.2,10.0,0.7,0.6,0.4,-1.76,-0.4,1.0,-0.22,8.0,1.52,8.0,0.6,0.7,0.4,-13.8,-3.1,9.7,-2.4,8.0,12.2,8.0,0.6,0.7,0.4,4.73,6.15,6.5,5.64,5.0,1.42,4.0,0.4,0.7,0.4,27.2,44.7,65.3,46.1,5.0,19.7,4.0,0.4,0.7,0.4,-203.4,-137.9,-102.5,-148.8,9.0,48.7,10.0,0.7,0.6,0.4,-200.8,-172.1,-115.0,-155.9,9.0,44.0,10.0,0.7,0.6,0.4,-104.1,-67.3,-59.1,-79.9,5.0,30.7,4.0,0.4,0.7,0.4,-114.2,-107.3,-69.4,-94.1,5.0,25.8,4.0,0.4,0.7,0.4,-39.5,-34.3,-16.2,-29.6,5.0,14.3,4.0,0.4,0.7,0.4,-47.6,-28.8,-21.8,-34.5,5.0,15.9,4.0,0.4,0.7,0.4,258.5,551.5,1000.0,640.5,9.0,371.5,10.0,0.7,0.6,0.4,260.0,550.0,1000.0,640.0,9.0,370.0,10.0,0.7,0.6,0.4
1974,2,49.0,7.0,25.32,26.0,28.05,26.67,3.0,2.08,10.0,0.3,0.8,0.3,25.44,26.4,26.47,25.97,3.0,0.84,10.0,0.3,0.8,0.3,16.49,16.49,16.49,16.49,1.0,0.0,4.0,1.0,0.7,0.3,76.8,76.8,76.8,76.8,1.0,0.0,4.0,1.0,0.3,7.63,9.0,10.37,9.0,3.0,2.0,10.0,0.3,0.8,0.3,-5.69,-5.5,-4.82,-5.26,3.0,0.68,10.0,0.3,0.8,0.3,-8.69,-6.89,-5.85,-7.26,3.0,2.11,10.0,0.3,0.8,0.3,1011.0,1011.2,1011.4,1011.2,2.0,0.42,14.0,0.5,0.8,0.4,3.0,3.0,3.7,3.3,3.0,0.6,10.0,0.3,0.8,0.3,-57.8,-52.1,-38.0,-48.0,3.0,14.9,10.0,0.3,0.8,0.3,-91.2,-62.0,-45.3,-68.1,3.0,34.0,10.0,0.3,0.8,0.3,-0.34,0.0,1.77,0.7,3.0,1.66,10.0,0.3,0.8,0.3,-2.4,0.0,16.0,6.6,3.0,14.6,10.0,0.3,0.8,0.3,8.65,8.65,8.65,8.65,1.0,0.0,4.0,1.0,0.7,0.3,77.8,77.8,77.8,77.8,1.0,0.0,4.0,1.0,0.7,0.3,-147.9,-137.5,-125.0,-136.5,3.0,16.8,10.0,0.3,0.8,0.3,-220.3,-182.0,-154.8,-187.4,3.0,48.3,10.0,0.3,0.8,0.3,-95.4,-95.4,-95.4,-95.4,1.0,0.0,4.0,1.0,0.7,0.3,-113.7,-113.7,-113.7,-113.7,1.0,0.0,4.0,1.0,0.7,0.3,-50.0,-50.0,-50.0,-50.0,1.0,0.0,4.0,1.0,0.7,0.3,-59.6,-59.6,-59.6,-59.6,1.0,0.0,4.0,1.0,0.7,0.3,465.5,729.0,1140.0,801.0,3.0,498.0,10.0,0.3,0.8,0.3,465.0,730.0,1140.0,800.0,3.0,500.0,10.0,0.3,0.8,0.3
1974,2,49.0,11.0,24.65,25.2,25.2,24.93,3.0,0.46,6.0,0.0,0.3,0.6,23.23,23.5,24.52,23.87,3.0,1.0,6.0,0.0,0.3,0.6,17.12,17.12,17.12,17.12,1.0,0.0,18.0,0.0,0.1,0.8,86.5,86.5,86.5,86.5,1.0,0.0,18.0,0.0,0.8,8.2,8.2,8.2,8.2,1.0,0.0,18.0,0.0,0.1,0.8,-7.71,-7.71,-7.71,-7.71,1.0,0.0,18.0,0.0,0.1,0.8,-2.8,-2.8,-2.8,-2.8,1.0,0.0,18.0,0.0,0.1,0.8,1010.8,1010.8,1010.8,1010.8,1.0,0.0,18.0,0.0,0.1,0.8,0.3,1.0,4.4,2.3,3.0,3.2,6.0,0.0,0.3,0.6,-63.2,-63.2,-63.2,-63.2,1.0,0.0,18.0,0.0,0.1,0.8,-23.0,-23.0,-23.0,-23.0,1.0,0.0,18.0,0.0,0.1,0.8,0.13,1.7,1.97,1.07,3.0,1.46,6.0,0.0,0.3,0.6,-4.9,-4.9,-4.9,-4.9,1.0,0.0,18.0,0.0,0.1,0.8,1.99,1.99,1.99,1.99,1.0,0.0,18.0,0.0,0.1,0.8,16.3,16.3,16.3,16.3,1.0,0.0,18.0,0.0,0.1,0.8,-192.6,-192.6,-192.6,-192.6,1.0,0.0,18.0,0.0,0.1,0.8,-70.1,-70.1,-70.1,-70.1,1.0,0.0,18.0,0.0,0.1,0.8,-131.9,-131.9,-131.9,-131.9,1.0,0.0,18.0,0.0,0.1,0.8,-48.0,-48.0,-48.0,-48.0,1.0,0.0,18.0,0.0,0.1,0.8,-15.3,-15.3,-15.3,-15.3,1.0,0.0,18.0,0.0,0.1,0.8,-5.6,-5.6,-5.6,-5.6,1.0,0.0,18.0,0.0,0.1,0.8,551.5,551.5,551.5,551.5,1.0,0.0,18.0,0.0,0.1,0.8,550.0,550.0,550.0,550.0,1.0,0.0,18.0,0.0,0.1,0.8
1974,2,49.0,12.0,24.63,25.25,25.97,25.33,14.0,0.64,18.0,0.4,0.6,0.3,24.04,24.55,25.6,24.7,16.0,0.76,20.0,0.4,0.6,0.3,14.0,15.02,15.82,15.0,11.0,1.13,18.0,0.4,0.6,0.2,70.6,79.4,83.4,77.7,11.0,6.7,18.0,0.4,0.2,6.31,7.7,10.73,8.07,15.0,2.51,20.0,0.3,0.6,0.3,-10.6,-7.24,-6.06,-7.86,15.0,2.43,20.0,0.3,0.6,0.3,-3.0,0.0,0.0,-0.94,15.0,1.73,20.0,0.3,0.6,0.3,1012.45,1014.05,1016.3,1014.27,16.0,2.54,20.0,0.4,0.6,0.3,0.0,1.0,1.6,1.1,16.0,1.5,20.0,0.4,0.6,0.3,-114.2,-55.7,-37.4,-69.0,15.0,41.4,20.0,0.3,0.6,0.3,-20.0,0.0,0.0,-9.3,15.0,18.3,20.0,0.3,0.6,0.3,0.01,0.55,1.57,0.67,14.0,1.08,18.0,0.4,0.6,0.3,0.1,4.8,11.0,5.0,14.0,8.4,18.0,0.4,0.6,0.3,3.79,4.59,7.0,5.15,10.0,1.55,18.0,0.4,0.6,0.2,34.6,41.4,52.3,42.9,10.0,11.9,18.0,0.4,0.6,0.2,-259.4,-185.2,-152.2,-193.6,15.0,60.0,20.0,0.3,0.6,0.3,-71.4,0.0,0.0,-23.1,15.0,42.3,20.0,0.3,0.6,0.3,-147.8,-113.1,-82.4,-117.0,11.0,39.8,18.0,0.4,0.6,0.2,-48.1,-15.0,0.0,-22.0,11.0,25.4,18.0,0.4,0.6,0.2,-49.7,-38.4,-33.7,-41.3,10.0,11.5,18.0,0.4,0.6,0.2,-17.9,-7.6,0.0,-8.6,10.0,8.7,18.0,0.4,0.6,0.2,252.0,456.5,1244.5,671.0,15.0,616.5,20.0,0.3,0.6,0.3,250.0,455.0,1245.0,670.0,15.0,615.0,20.0,0.3,0.6,0.3
1974,2,49.0,13.0,25.44,25.85,26.52,25.98,4.0,0.76,18.0,1.0,0.4,0.4,25.71,26.6,26.96,26.35,4.0,0.95,18.0,1.0,0.4,0.4,14.18,14.18,14.18,14.18,1.0,0.0,22.0,1.0,0.3,0.7,65.8,65.8,65.8,65.8,1.0,0.0,22.0,1.0,0.7,3.86,5.7,7.27,5.57,3.0,2.5,20.0,1.0,0.4,0.4,-7.16,-5.61,-3.35,-5.26,3.0,2.81,20.0,1.0,0.4,0.4,-1.63,-0.99,0.63,-0.51,3.0,1.71,20.0,1.0,0.4,0.4,1013.9,1015.45,1016.84,1015.38,4.0,1.93,18.0,1.0,0.4,0.4,0.5,1.5,2.5,1.5,4.0,1.3,18.0,1.0,0.4,0.4,-53.2,-32.0,-14.9,-34.0,3.0,28.1,20.0,1.0,0.4,0.4,-5.7,-5.6,5.8,-0.1,3.0,9.7,20.0,1.0,0.4,0.4,-0.75,-0.45,0.01,-0.37,4.0,0.46,18.0,1.0,0.4,0.4,-5.3,-4.6,-1.9,-3.6,3.0,2.6,20.0,1.0,0.4,0.4,6.44,6.44,6.44,6.44,1.0,0.0,22.0,1.0,0.3,0.7,36.7,36.7,36.7,36.7,1.0,0.0,22.0,1.0,0.3,0.7,-190.8,-148.8,-89.9,-140.5,3.0,74.3,20.0,1.0,0.4,0.4,-44.1,-26.2,17.0,-13.9,3.0,46.0,20.0,1.0,0.4,0.4,-79.6,-79.6,-79.6,-79.6,1.0,0.0,22.0,1.0,0.3,0.7,-14.0,-14.0,-14.0,-14.0,1.0,0.0,22.0,1.0,0.3,0.7,-36.2,-36.2,-36.2,-36.2,1.0,0.0,22.0,1.0,0.3,0.7,-6.4,-6.4,-6.4,-6.4,1.0,0.0,22.0,1.0,0.3,0.7,77.0,185.0,408.5,241.5,3.0,247.5,20.0,1.0,0.4,0.4,75.0,185.0,410.0,240.0,3.0,245.0,20.0,1.0,0.4,0.4
1974,2,49.0,14.0,24.67,25.0,25.0,25.09,11.0,0.97,12.0,0.7,0.4,0.3,24.5,25.0,26.44,25.44,11.0,0.93,12.0,0.7,0.4,0.3,13.78,14.45,15.25,14.51,3.0,1.08,18.0,0.7,0.2,0.1,69.8,72.7,74.0,71.9,3.0,3.2,18.0,0.7,0.1,1.0,4.6,9.0,4.69,7.0,3.75,10.0,0.6,0.4,0.3,-7.0,-4.32,-1.0,-4.1,7.0,3.24,10.0,0.6,0.4,0.3,-4.68,-0.34,0.0,-1.76,7.0,2.44,10.0,0.6,0.4,0.3,1013.73,1016.0,1017.14,1015.62,11.0,2.12,12.0,0.7,0.4,0.3,0.0,3.0,7.0,2.9,11.0,2.9,12.0,0.7,0.4,0.3,-63.0,-19.9,-1.0,-29.4,7.0,32.5,10.0,0.6,0.4,0.3,-34.2,-0.3,0.0,-13.3,7.0,21.0,10.0,0.6,0.4,0.3,-1.44,-0.5,0.5,-0.35,11.0,1.36,12.0,0.7,0.4,0.3,-2.5,-0.5,2.0,-0.1,7.0,7.2,10.0,0.6,0.4,0.3,4.44,5.2,8.4,6.39,3.0,3.08,18.0,0.7,0.2,0.1,38.7,41.4,44.2,41.4,2.0,5.7,12.0,0.5,0.3,0.1,-183.4,-108.1,-24.5,-103.8,7.0,82.1,10.0,0.6,0.4,0.3,-116.6,-8.7,0.0,-45.0,7.0,63.0,10.0,0.6,0.4,0.3,-76.3,-69.0,-61.6,-69.0,2.0,15.2,12.0,0.5,0.3,0.1,-59.6,-44.0,-28.4,-44.0,2.0,32.3,12.0,0.5,0.3,0.1,-40.5,-35.7,-30.9,-35.7,2.0,9.9,12.0,0.5,0.3,0.1,-22.7,-19.8,-16.9,-19.8,2.0,6.0,12.0,0.5,0.3,0.1,1.0,97.5,729.0,276.0,7.0,336.5,10.0,0.6,0.4,0.3,0.0,95.0,730.0,275.0,7.0,335.0,10.0,0.6,0.4,0.3
1974,2,49.0,28.0,14.81,16.5,18.65,16.73,6.0,2.18,18.0,0.5,0.7,0.5,16.78,17.0,17.83,16.73,7.0,2.03,18.0,0.6,0.6,0.5,10.87,11.02,11.17,11.02,2.0,0.31,22.0,0.5,0.7,0.6,89.8,90.0,90.2,90.0,2.0,0.4,22.0,0.5,0.6,2.86,4.1,7.11,4.64,7.0,2.95,18.0,0.6,0.6,0.5,-0.18,2.05,3.62,1.67,7.0,3.05,18.0,0.6,0.6,0.5,-6.11,-3.55,1.43,-2.59,7.0,3.68,18.0,0.6,0.6,0.5,1011.27,1015.5,1018.45,1015.23,7.0,4.56,18.0,0.6,0.6,0.5,0.0,5.0,7.0,4.3,7.0,3.4,18.0,0.6,0.6,0.5,-0.8,8.4,26.0,12.6,7.0,22.4,18.0,0.6,0.6,0.5,-43.6,-14.6,5.8,-19.3,7.0,27.1,18.0,0.6,0.6,0.5,-1.37,0.4,2.05,0.3,6.0,2.06,18.0,0.5,0.7,0.5,-5.6,3.7,11.5,3.6,6.0,11.4,18.0,0.5,0.7,0.5,0.71,1.18,1.64,1.18,2.0,0.96,22.0,0.5,0.7,0.6,4.5,9.7,14.9,9.7,2.0,10.8,22.0,0.5,0.7,0.6,-3.1,36.5,61.7,27.9,7.0,52.6,18.0,0.6,0.6,0.5,-104.1,-57.8,24.3,-41.7,7.0,61.8,18.0,0.6,0.6,0.5,-24.3,12.8,49.9,12.8,2.0,76.9,22.0,0.5,0.7,0.6,-65.0,-32.5,0.0,-32.5,2.0,67.3,22.0,0.5,0.7,0.6,0.1,4.6,9.1,4.6,2.0,9.2,22.0,0.5,0.7,0.6,-11.0,-6.3,-1.5,-6.3,2.0,9.9,22.0,0.5,0.7,0.6,25.5,69.0,365.0,205.5,7.0,287.5,18.0,0.6,0.6,0.5,25.0,70.0,365.0,205.0,7.0,285.0,18.0,0.6,0.6,0.5
1974,2,49.0,29.0,15.79,16.6,17.04,16.4,6.0,0.84,18.0,0.3,0.4,0.4,15.16,17.1,17.65,16.78,6.0,1.49,18.0,0.3,0.4,0.4,8.48,9.22,11.13,9.79,3.0,2.0,18.0,0.3,0.6,0.6,75.7,76.5,91.7,83.5,3.0,13.2,18.0,0.3,0.6,2.27,3.3,4.45,3.4,6.0,1.72,18.0,0.3,0.4,0.4,0.74,1.59,3.07,1.79,6.0,1.08,18.0,0.3,0.4,0.4,-3.17,-0.67,2.77,-0.53,6.0,3.39,18.0,0.3,0.4,0.4,1013.4,1015.8,1018.62,1015.9,6.0,2.54,18.0,0.3,0.4,0.4,0.0,1.0,7.4,3.2,5.0,4.0,18.0,0.4,0.3,0.4,1.9,4.4,13.7,7.2,6.0,7.1,18.0,0.3,0.4,0.4,-13.1,-2.3,10.8,-3.8,6.0,16.6,18.0,0.3,0.4,0.4,-1.49,-0.1,0.41,-0.38,6.0,1.64,18.0,0.3,0.4,0.4,-5.0,-0.6,0.4,-2.0,6.0,3.9,18.0,0.3,0.4,0.4,0.81,2.21,2.32,1.58,3.0,1.24,18.0,0.3,0.6,0.6,2.8,7.9,12.6,7.7,3.0,7.2,18.0,0.3,0.6,0.6,11.4,28.6,48.1,29.8,6.0,17.3,18.0,0.3,0.4,0.4,-56.0,-12.3,47.3,-8.4,6.0,55.9,18.0,0.3,0.4,0.4,10.3,20.1,23.6,17.0,3.0,10.1,18.0,0.3,0.6,0.6,-37.4,-23.9,14.7,-11.6,3.0,39.7,18.0,0.3,0.6,0.6,0.6,1.4,5.5,3.0,3.0,3.8,18.0,0.3,0.6,0.6,-8.8,-0.3,5.2,-1.8,3.0,10.4,18.0,0.3,0.6,0.6,14.0,37.0,100.0,66.0,6.0,87.5,18.0,0.3,0.4,0.4,15.0,35.0,100.0,65.0,6.0,85.0,18.0,0.3,0.4,0.4
1974,2,49.0,38.0,,,,,,,,,,,,,,,,,,,,,,,,,,,,,,,,,,,,,,,,4.58,7.2,9.56,7.08,4.0,3.25,12.0,0.0,0.7,0.6,-0.81,0.54,3.34,1.23,4.0,2.98,12.0,0.0,0.7,0.6,-5.57,1.71,7.81,1.14,4.0,8.04,12.0,0.0,0.7,0.6,1019.76,1024.4,1025.43,1022.68,4.0,4.59,12.0,0.0,0.7,0.6,,,,,,,,,,,,,,,,,,,,,,,,,,,,,,,,,,,,,,,,,,,,,,,,,,,,,,,,,,,,,,,,,,,,,,,,,,,,,,,,,,,,,,,,,,,,,,,,,,,,,,,,,,,,,,,,,,,,,,,,,,,,,,,,,,,,,,,,,,,,,,,,,,,,,,
1974,2,49.0,39.0,,,,,,,,,,,,,,,,,,,,,,,,,,,,,,,,,,,,,,,,3.0,3.5,5.89,4.14,8.0,1.71,2.0,0.1,0.5,0.1,-0.81,1.29,1.69,0.76,8.0,1.33,2.0,0.1,0.5,0.1,1.46,2.71,4.59,2.31,8.0,3.73,2.0,0.1,0.5,0.1,1010.12,1010.15,1010.18,1010.15,2.0,0.07,4.0,0.0,0.7,0.4,,,,,,,,,,,,,,,,,,,,,,,,,,,,,,,,,,,,,,,,,,,,,,,,,,,,,,,,,,,,,,,,,,,,,,,,,,,,,,,,,,,,,,,,,,,,,,,,,,,,,,,,,,,,,,,,,,,,,,,,,,,,,,,,,,,,,,,,,,,,,,,,,,,,,,
1974,2,49.0,40.0,,,,,,,,,,,,,,,,,,,,,,,,,,,,,,,,,,,,,,,,7.2,7.2,7.2,7.2,1.0,0.0,12.0,1.0,0.6,0.5,3.6,3.6,3.6,3.6,1.0,0.0,12.0,1.0,0.6,0.5,-6.24,-6.24,-6.24,-6.24,1.0,0.0,12.0,1.0,0.6,0.5,1015.0,1015.0,1015.0,1015.0,1.0,0.0,12.0,1.0,0.6,0.5,,,,,,,,,,,,,,,,,,,,,,,,,,,,,,,,,,,,,,,,,,,,,,,,,,,,,,,,,,,,,,,,,,,,,,,,,,,,,,,,,,,,,,,,,,,,,,,,,,,,,,,,,,,,,,,,,,,,,,,,,,,,,,,,,,,,,,,,,,,,,,,,,,,,,,
1974,2,49.0,41.0,,,,,,,,,,,,,,,,,,,,,,,,,,,,,,,,,,,,,,,,3.1,7.2,8.9,6.2,13.0,3.41,12.0,0.8,0.5,0.5,-4.53,0.0,3.89,-0.03,13.0,4.87,12.0,0.8,0.5,0.5,-6.96,-2.68,4.43,-1.63,13.0,5.16,12.0,0.8,0.5,0.5,1016.71,1023.15,1034.56,1024.77,14.0,8.96,12.0,0.8,0.6,0.4,,,,,,,,,,,,,,,,,,,,,,,,,,,,,,,,,,,,,,,,,,,,,,,,,,,,,,,,,,,,,,,,,,,,,,,,,,,,,,,,,,,,,,,,,,,,,,,,,,,,,,,,,,,,,,,,,,,,,,,,,,,,,,,,,,,,,,,,,,,,,,,,,,,,,,
1974,2,49.0,42.0,,,,,,,,,,,,,,,,,,,,,,,,,,,,,,,,,,,,,,,,2.21,6.95,11.69,6.95,2.0,9.83,8.0,0.5,0.4,0.1,-7.52,-4.47,-1.42,-4.47,2.0,6.32,8.0,0.5,0.4,0.1,1.69,5.32,8.96,5.32,2.0,7.53,8.0,0.5,0.4,0.1,1016.94,1017.45,1017.96,1017.45,2.0,1.06,8.0,0.5,0.4,0.1,,,,,,,,,,,,,,,,,,,,,,,,,,,,,,,,,,,,,,,,,,,,,,,,,,,,,,,,,,,,,,,,,,,,,,,,,,,,,,,,,,,,,,,,,,,,,,,,,,,,,,,,,,,,,,,,,,,,,,,,,,,,,,,,,,,,,,,,,,,,,,,,,,,,,,
1974,2,49.0,43.0,,,,,,,,,,,,,,,,,,,,,,,,,,,,,,,,,,,,,,,,4.19,8.7,9.45,6.87,3.0,4.16,8.0,0.0,0.6,0.3,-6.9,-5.59,-1.77,-4.37,3.0,3.9,8.0,0.0,0.6,0.3,0.57,6.3,6.55,3.62,3.0,4.96,8.0,0.0,0.6,0.3,1010.13,1010.2,1010.2,1010.17,3.0,0.06,8.0,0.0,0.6,0.3,,,,,,,,,,,,,,,,,,,,,,,,,,,,,,,,,,,,,,,,,,,,,,,,,,,,,,,,,,,,,,,,,,,,,,,,,,,,,,,,,,,,,,,,,,,,,,,,,,,,,,,,,,,,,,,,,,,,,,,,,,,,,,,,,,,,,,,,,,,,,,,,,,,,,,
1974,2,50.0,-66.0,-0.5,-0.1,0.04,-0.22,11.0,0.29,20.0,0.5,0.5,0.4,-1.3,-0.9,0.64,-0.54,11.0,1.01,20.0,0.5,0.5,0.4,2.68,3.01,3.51,3.1,10.0,0.41,20.0,0.4,0.5,0.5,74.2,86.3,90.3,83.2,10.0,8.7,20.0,0.4,0.5,0.88,4.1,12.96,6.04,11.0,5.82,20.0,0.5,0.5,0.4,-11.76,0.0,2.93,-3.28,11.0,6.77,20.0,0.5,0.5,0.4,-0.88,0.97,5.43,2.14,11.0,3.36,20.0,0.5,0.5,0.4,987.47,992.8,994.49,991.46,11.0,3.63,20.0,0.5,0.5,0.4,5.9,7.0,8.0,6.7,10.0,1.9,20.0,0.4,0.5,0.5,-152.6,0.0,10.2,-51.1,11.0,91.9,20.0,0.5,0.5,0.4,-2.0,2.5,70.3,28.6,11.0,49.6,20.0,0.5,0.5,0.4,-0.8,0.5,1.07,0.32,11.0,0.86,20.0,0.5,0.5,0.4,0.0,1.3,7.9,3.5,11.0,8.1,20.0,0.5,0.5,0.4,0.29,0.73,1.11,0.7,10.0,0.39,20.0,0.4,0.5,0.5,0.3,3.2,14.3,6.1,10.0,6.7,20.0,0.4,0.5,0.5,-4.7,0.0,8.7,1.6,11.0,8.0,20.0,0.5,0.5,0.4,-6.2,0.0,1.1,-1.9,11.0,4.3,20.0,0.5,0.5,0.4,-31.1,-4.3,7.6,-11.0,10.0,19.6,20.0,0.4,0.5,0.5,-2.9,2.1,15.4,6.2,10.0,10.1,20.0,0.4,0.5,0.5,-13.0,-1.1,1.9,-3.9,10.0,7.0,20.0,0.4,0.5,0.5,-0.5,0.5,6.2,2.5,10.0,3.5,20.0,0.4,0.5,0.5,2.0,69.0,2201.5,909.5,11.0,1606.5,20.0,0.5,0.5,0.4,0.0,70.0,2200.0,910.0,11.0,1605.0,20.0,0.5,0.5,0.4
1974,2,50.0,-56.0,,,,,,,,,,,,,,,,,,,,,,,,,,,,,,,,,,,,,,,,9.25,11.95,14.65,11.95,2.0,5.59,16.0,1.0,0.3,0.6,-4.36,3.47,11.3,3.47,2.0,16.22,16.0,1.0,0.3,0.6,-4.58,-2.72,-0.86,-2.72,2.0,3.85,16.0,1.0,0.3,0.6,993.9,993.9,993.9,993.9,1.0,0.0,8.0,1.0,0.0,0.6,4.5,5.5,6.5,5.5,2.0,2.1,16.0,1.0,0.3,0.6,-16.1,86.8,189.7,86.8,2.0,213.2,16.0,1.0,0.3,0.6,-72.7,-43.2,-13.7,-43.2,2.0,61.1,16.0,1.0,0.3,0.6,,,,,,,,,,,,,,,,,,,,,,,,,,,,,,,,,,,,,,,,,29.9,29.9,29.9,29.9,1.0,0.0,8.0,1.0,0.0,0.6,-10.9,-10.9,-10.9,-10.9,1.0,0.0,8.0,1.0,0.0,0.6,53.5,53.5,53.5,53.5,1.0,0.0,8.0,1.0,0.0,0.6,-19.5,-19.5,-19.5,-19.5,1.0,0.0,8.0,1.0,0.0,0.6,,,,,,,,,,,,,,,,,,,,,,,,,,,,,,,,,,,,,,,,
1974,2,50.0,-52.0,,,,,,,,,,,,,,,,,,,,,,,,,,,,,,,,,,,,,,,,9.8,9.8,9.8,9.8,1.0,0.0,24.0,0.0,0.3,0.4,0.0,0.0,0.0,0.0,1.0,0.0,24.0,0.0,0.3,0.4,-9.8,-9.8,-9.8,-9.8,1.0,0.0,24.0,0.0,0.3,0.4,1013.3,1013.3,1013.3,1013.3,1.0,0.0,24.0,0.0,0.3,0.4,,,,,,,,,,,,,,,,,,,,,,,,,,,,,,,,,,,,,,,,,,,,,,,,,,,,,,,,,,,,,,,,,,,,,,,,,,,,,,,,,,,,,,,,,,,,,,,,,,,,,,,,,,,,,,,,,,,,,,,,,,,,,,,,,,,,,,,,,,,,,,,,,,,,,,
1974,2,50.0,-45.0,,,,,,,,,,,,,,,,,,,,,,,,,,,,,,,,,,,,,,,,12.11,14.5,16.89,14.5,2.0,4.95,24.0,0.5,0.5,0.5,2.19,6.89,11.6,6.89,2.0,9.75,24.0,0.5,0.5,0.5,-7.42,0.29,7.99,0.29,2.0,15.96,24.0,0.5,0.5,0.5,1015.23,1016.6,1017.97,1016.6,2.0,2.83,24.0,0.5,0.5,0.5,,,,,,,,,,,,,,,,,,,,,,,,,,,,,,,,,,,,,,,,,,,,,,,,,,,,,,,,,,,,,,,,,,,,,,,,,,,,,,,,,,,,,,,,,,,,,,,,,,,,,,,,,,,,,,,,,,,,,,,,,,,,,,,,,,,,,,,,,,,,,,,,,,,,,,
1974,2,50.0,-44.0,,,,,,,,,,,,,,,,,,,,,,,,,,,,,,,,,,,,,,,,8.11,10.5,12.89,10.5,2.0,4.95,24.0,1.0,0.4,0.5,4.1,7.77,11.45,7.77,2.0,7.61,24.0,1.0,0.4,0.5,-4.77,-0.89,2.98,-0.89,2.0,8.04,24.0,1.0,0.4,0.5,1011.03,1016.25,1021.47,1016.25,2.0,10.82,24.0,1.0,0.4,0.5,,,,,,,,,,,,,,,,,,,,,,,,,,,,,,,,,,,,,,,,,,,,,,,,,,,,,,,,,,,,,,,,,,,,,,,,,,,,,,,,,,,,,,,,,,,,,,,,,,,,,,,,,,,,,,,,,,,,,,,,,,,,,,,,,,,,,,,,,,,,,,,,,,,,,,
1974,2,50.0,-43.0,,,,,,,,,,,,,,,,,,,,,,,,,,,,,,,,,,,,,,,,6.95,9.0,11.05,9.0,2.0,4.24,24.0,0.5,0.5,0.3,6.53,8.46,10.38,8.46,2.0,3.99,24.0,0.5,0.5,0.3,-3.78,-3.08,-2.38,-3.08,2.0,1.45,24.0,0.5,0.5,0.3,1009.35,1015.25,1021.15,1015.25,2.0,12.23,24.0,0.5,0.5,0.3,,,,,,,,,,,,,,,,,,,,,,,,,,,,,,,,,,,,,,,,,,,,,,,,,,,,,,,,,,,,,,,,,,,,,,,,,,,,,,,,,,,,,,,,,,,,,,,,,,,,,,,,,,,,,,,,,,,,,,,,,,,,,,,,,,,,,,,,,,,,,,,,,,,,,,
1974,2,50.0,-42.0,12.9,13.75,14.6,13.75,2.0,1.77,12.0,0.5,0.3,0.6,9.09,13.6,14.56,11.87,3.0,4.27,16.0,0.3,0.5,0.5,9.35,9.35,9.35,9.35,1.0,0.0,2.0,1.0,0.4,0.8,97.4,97.4,97.4,97.4,1.0,0.0,2.0,1.0,0.8,6.31,10.0,11.37,8.87,3.0,3.83,16.0,0.3,0.5,0.5,-1.07,0.0,8.19,3.48,3.0,7.42,16.0,0.3,0.5,0.5,-8.2,-4.32,-1.37,-4.77,3.0,5.02,16.0,0.3,0.5,0.5,1014.98,1018.6,1020.37,1017.7,3.0,4.03,16.0,0.3,0.5,0.5,7.2,7.5,7.8,7.5,2.0,0.7,12.0,0.5,0.3,0.6,-4.9,0.0,98.3,45.6,3.0,85.3,16.0,0.3,0.5,0.5,-74.6,-19.9,-6.3,-40.0,3.0,52.9,16.0,0.3,0.5,0.5,-0.93,-0.55,-0.17,-0.55,2.0,0.78,12.0,0.5,0.3,0.6,-4.3,-2.5,-0.8,-2.5,2.0,3.6,12.0,0.5,0.3,0.6,-0.42,-0.42,-0.42,-0.42,1.0,0.0,2.0,1.0,0.4,0.8,-1.9,-1.9,-1.9,-1.9,1.0,0.0,2.0,1.0,0.4,0.8,-14.6,0.0,57.3,20.9,3.0,55.7,16.0,0.3,0.5,0.5,-121.0,-58.8,-18.7,-69.6,3.0,75.6,16.0,0.3,0.5,0.5,-14.7,-14.7,-14.7,-14.7,1.0,0.0,2.0,1.0,0.4,0.8,-40.4,-40.4,-40.4,-40.4,1.0,0.0,2.0,1.0,0.4,0.8,0.7,0.7,0.7,0.7,1.0,0.0,2.0,1.0,0.4,0.8,1.8,1.8,1.8,1.8,1.0,0.0,2.0,1.0,0.4,0.8,384.0,1000.0,1497.0,942.0,3.0,817.0,16.0,0.3,0.5,0.5,385.0,1000.0,1495.0,940.0,3.0,815.0,16.0,0.3,0.5,0.5
1974,2,50.0,-41.0,,,,,,,,,,,,,,,,,,,,,,,,,,,,,,,,,,,,,,,,9.48,10.5,11.52,10.5,2.0,2.12,24.0,0.5,0.5,0.5,0.56,5.13,9.69,5.13,2.0,9.46,24.0,0.5,0.5,0.5,-7.13,-3.39,0.35,-3.39,2.0,7.74,24.0,0.5,0.5,0.5,1020.92,1021.6,1022.28,1021.6,2.0,1.41,24.0,0.5,0.5,0.5,,,,,,,,,,,,,,,,,,,,,,,,,,,,,,,,,,,,,,,,,,,,,,,,,,,,,,,,,,,,,,,,,,,,,,,,,,,,,,,,,,,,,,,,,,,,,,,,,,,,,,,,,,,,,,,,,,,,,,,,,,,,,,,,,,,,,,,,,,,,,,,,,,,,,,
1974,2,50.0,-40.0,18.06,18.2,19.43,18.73,3.0,1.1,16.0,0.3,0.2,0.6,19.19,19.6,20.08,19.63,3.0,0.65,16.0,0.3,0.2,0.6,13.7,13.87,14.04,13.87,2.0,0.35,12.0,0.0,0.2,0.8,95.8,96.0,96.2,96.0,2.0,0.4,12.0,0.0,0.8,5.45,6.2,6.75,6.1,3.0,0.95,16.0,0.3,0.2,0.6,-3.36,-1.08,1.29,-1.03,3.0,3.41,16.0,0.3,0.2,0.6,-6.43,-6.11,-0.2,-3.38,3.0,5.14,16.0,0.3,0.2,0.6,1016.37,1017.6,1022.79,1019.53,3.0,4.99,16.0,0.3,0.2,0.6,4.3,7.0,7.7,6.0,3.0,2.6,16.0,0.3,0.2,0.6,-17.5,-6.7,9.3,-4.1,3.0,19.8,16.0,0.3,0.2,0.6,-43.4,-37.9,-3.1,-23.6,3.0,32.0,16.0,0.3,0.2,0.6,-1.27,-1.0,-0.52,-0.9,3.0,0.56,16.0,0.3,0.2,0.6,-7.1,-7.0,-3.5,-5.3,3.0,3.0,16.0,0.3,0.2,0.6,-0.51,-0.16,0.19,-0.16,2.0,0.73,12.0,0.0,0.2,0.8,-2.5,-0.6,1.3,-0.6,2.0,4.0,12.0,0.0,0.2,0.8,-66.0,-21.9,24.1,-21.0,3.0,66.0,16.0,0.3,0.2,0.6,-124.7,-123.9,-5.2,-66.3,3.0,100.7,16.0,0.3,0.2,0.6,-53.0,-37.7,-22.3,-37.7,2.0,31.8,12.0,0.0,0.2,0.8,-67.0,-25.7,15.5,-25.7,2.0,85.5,12.0,0.0,0.2,0.8,0.1,1.3,2.4,1.3,2.0,2.4,12.0,0.0,0.2,0.8,-2.1,-1.9,-1.8,-1.9,2.0,0.3,12.0,0.0,0.2,0.8,166.0,238.5,310.0,238.0,3.0,105.0,16.0,0.3,0.2,0.6,165.0,240.0,310.0,240.0,3.0,105.0,16.0,0.3,0.2,0.6
1974,2,50.0,-39.0,,,,,,,,,,,,,,,,,,,,,,,,,,,,,,,,,,,,,,,,8.0,8.0,8.0,8.0,1.0,0.0,24.0,0.0,0.3,0.3,-1.39,-1.39,-1.39,-1.39,1.0,0.0,24.0,0.0,0.3,0.3,-7.88,-7.88,-7.88,-7.88,1.0,0.0,24.0,0.0,0.3,0.3,1027.9,1027.9,1027.9,1027.9,1.0,0.0,24.0,0.0,0.3,0.3,,,,,,,,,,,,,,,,,,,,,,,,,,,,,,,,,,,,,,,,,,,,,,,,,,,,,,,,,,,,,,,,,,,,,,,,,,,,,,,,,,,,,,,,,,,,,,,,,,,,,,,,,,,,,,,,,,,,,,,,,,,,,,,,,,,,,,,,,,,,,,,,,,,,,,
1974,2,50.0,-38.0,,,,,,,,,,,,,,,,,,,,,,,,,,,,,,,,,,,,,,,,6.63,8.0,9.37,8.0,2.0,2.83,20.0,0.0,0.4,0.7,-2.22,1.29,4.8,1.29,2.0,7.27,20.0,0.0,0.4,0.7,-7.17,-6.13,-5.08,-6.13,2.0,2.17,20.0,0.0,0.4,0.7,1010.57,1017.6,1024.63,1017.6,2.0,14.57,20.0,0.0,0.4,0.7,,,,,,,,,,,,,,,,,,,,,,,,,,,,,,,,,,,,,,,,,,,,,,,,,,,,,,,,,,,,,,,,,,,,,,,,,,,,,,,,,,,,,,,,,,,,,,,,,,,,,,,,,,,,,,,,,,,,,,,,,,,,,,,,,,,,,,,,,,,,,,,,,,,,,,
1974,2,50.0,-37.0,,,,,,,,,,,,,,,,,,,,,,,,,,,,,,,,,,,,,,,,9.0,9.0,9.0,9.0,1.0,0.0,22.0,1.0,0.4,0.3,-9.0,-9.0,-9.0,-9.0,1.0,0.0,22.0,1.0,0.4,0.3,0.0,0.0,0.0,0.0,1.0,0.0,22.0,1.0,0.4,0.3,1026.6,1026.6,1026.6,1026.6,1.0,0.0,22.0,1.0,0.4,0.3,,,,,,,,,,,,,,,,,,,,,,,,,,,,,,,,,,,,,,,,,,,,,,,,,,,,,,,,,,,,,,,,,,,,,,,,,,,,,,,,,,,,,,,,,,,,,,,,,,,,,,,,,,,,,,,,,,,,,,,,,,,,,,,,,,,,,,,,,,,,,,,,,,,,,,
1974,2,50.0,-35.0,,,,,,,,,,,,,,,,,,,,,,,,,,,,,,,,,,,,,,,,5.0,5.0,5.0,5.0,1.0,0.0,22.0,0.0,0.3,0.9,-4.33,-4.33,-4.33,-4.33,1.0,0.0,22.0,0.0,0.3,0.9,2.5,2.5,2.5,2.5,1.0,0.0,22.0,0.0,0.3,0.9,1026.6,1026.6,1026.6,1026.6,1.0,0.0,22.0,0.0,0.3,0.9,,,,,,,,,,,,,,,,,,,,,,,,,,,,,,,,,,,,,,,,,,,,,,,,,,,,,,,,,,,,,,,,,,,,,,,,,,,,,,,,,,,,,,,,,,,,,,,,,,,,,,,,,,,,,,,,,,,,,,,,,,,,,,,,,,,,,,,,,,,,,,,,,,,,,,
1974,2,50.0,-34.0,23.3,23.95,24.6,23.95,2.0,1.34,14.0,0.5,0.6,0.7,20.79,22.5,24.21,22.5,2.0,3.54,14.0,0.5,0.6,0.7,16.19,16.19,16.19,16.19,1.0,0.0,6.0,1.0,0.9,0.5,82.9,82.9,82.9,82.9,1.0,0.0,6.0,1.0,0.5,8.33,8.6,8.87,8.6,2.0,0.57,14.0,0.5,0.6,0.7,-8.29,-7.07,-5.84,-7.07,2.0,2.54,14.0,0.5,0.6,0.7,-5.04,-2.36,0.32,-2.36,2.0,5.55,14.0,0.5,0.6,0.7,1023.95,1024.7,1025.45,1024.7,2.0,1.56,14.0,0.5,0.6,0.7,5.0,5.0,5.0,5.0,1.0,0.0,6.0,1.0,0.9,0.5,-74.0,-61.5,-49.0,-61.5,2.0,25.8,14.0,0.5,0.6,0.7,-41.1,-18.7,3.7,-18.7,2.0,46.4,14.0,0.5,0.6,0.7,0.39,1.45,2.51,1.45,2.0,2.19,14.0,0.5,0.6,0.7,3.6,13.1,22.6,13.1,2.0,19.7,14.0,0.5,0.6,0.7,3.26,3.26,3.26,3.26,1.0,0.0,6.0,1.0,0.9,0.5,26.7,26.7,26.7,26.7,1.0,0.0,6.0,1.0,0.9,0.5,-170.0,-154.5,-139.0,-154.5,2.0,32.2,14.0,0.5,0.6,0.7,-127.2,-62.9,1.4,-62.9,2.0,133.1,14.0,0.5,0.6,0.7,-85.4,-85.4,-85.4,-85.4,1.0,0.0,6.0,1.0,0.9,0.5,-101.7,-101.7,-101.7,-101.7,1.0,0.0,6.0,1.0,0.9,0.5,-17.2,-17.2,-17.2,-17.2,1.0,0.0,6.0,1.0,0.9,0.5,-20.5,-20.5,-20.5,-20.5,1.0,0.0,6.0,1.0,0.9,0.5,579.5,640.0,701.0,640.0,2.0,125.5,14.0,0.5,0.6,0.7,580.0,640.0,700.0,640.0,2.0,125.0,14.0,0.5,0.6,0.7
1974,2,50.0,-33.0,23.0,23.0,23.0,23.0,1.0,0.0,22.0,1.0,0.4,0.4,24.41,25.3,26.19,25.3,2.0,1.84,12.0,1.0,0.5,0.6,19.07,19.07,19.07,19.07,1.0,0.0,2.0,1.0,0.6,0.8,88.3,88.3,88.3,88.3,1.0,0.0,2.0,1.0,0.8,5.56,6.55,7.54,6.55,2.0,2.05,12.0,1.0,0.5,0.6,-6.84,-5.4,-3.95,-5.4,2.0,3.0,12.0,1.0,0.5,0.6,-2.85,-0.59,1.68,-0.59,2.0,4.7,12.0,1.0,0.5,0.6,1019.83,1021.2,1022.57,1021.2,2.0,2.83,12.0,1.0,0.5,0.6,3.3,4.0,4.7,4.0,2.0,1.4,12.0,1.0,0.5,0.6,-53.2,-38.4,-23.6,-38.4,2.0,30.7,12.0,1.0,0.5,0.6,-13.3,1.0,15.3,1.0,2.0,29.6,12.0,1.0,0.5,0.6,,,,,,,,,,,,,,,,,,,,,,,,,,,,,,,,,,,,,,,,,-165.6,-133.8,-102.0,-133.8,2.0,65.9,12.0,1.0,0.5,0.6,-77.0,-19.1,38.8,-19.1,2.0,119.9,12.0,1.0,0.5,0.6,-62.5,-62.5,-62.5,-62.5,1.0,0.0,2.0,1.0,0.6,0.8,-74.5,-74.5,-74.5,-74.5,1.0,0.0,2.0,1.0,0.6,0.8,,,,,,,,,,,,,,,,,,,,,,,,,,,,,,,,,,,,,,,,
1974,2,50.0,-32.0,24.48,25.3,25.81,25.15,4.0,0.87,20.0,0.8,0.3,0.5,23.95,24.0,24.94,24.43,4.0,0.92,20.0,0.8,0.3,0.5,15.01,16.17,17.34,16.17,2.0,2.41,18.0,1.0,0.0,0.4,80.0,82.5,84.9,82.5,2.0,5.2,18.0,1.0,0.4,7.05,8.6,9.68,8.38,4.0,1.8,20.0,0.8,0.3,0.5,-6.28,-3.28,-1.72,-3.97,4.0,2.93,20.0,0.8,0.3,0.5,-0.78,6.72,7.94,3.72,4.0,6.98,20.0,0.8,0.3,0.5,1014.12,1019.0,1020.95,1017.6,4.0,4.98,20.0,0.8,0.3,0.5,6.3,7.0,7.0,6.7,3.0,0.6,18.0,1.0,0.2,0.3,-61.9,-26.4,-12.0,-36.4,4.0,32.8,20.0,0.8,0.3,0.5,-19.6,50.0,68.3,25.5,4.0,64.5,20.0,0.8,0.3,0.5,-0.06,0.55,1.52,0.73,4.0,0.99,20.0,0.8,0.3,0.5,-0.7,4.9,10.6,4.9,4.0,6.6,20.0,0.8,0.3,0.5,2.89,3.36,3.83,3.36,2.0,0.97,18.0,1.0,0.0,0.4,28.5,30.4,32.3,30.4,2.0,4.0,18.0,1.0,0.0,0.4,-158.1,-78.6,-41.3,-98.7,4.0,76.8,20.0,0.8,0.3,0.5,-25.1,161.2,190.2,86.1,4.0,173.3,20.0,0.8,0.3,0.5,-122.0,-80.8,-39.7,-80.8,2.0,85.2,18.0,1.0,0.0,0.4,-81.0,-0.8,79.5,-0.8,2.0,166.3,18.0,1.0,0.0,0.4,-18.7,-13.4,-8.2,-13.4,2.0,10.9,18.0,1.0,0.0,0.4,-9.7,7.5,24.7,7.5,2.0,35.6,18.0,1.0,0.0,0.4,375.5,640.0,919.5,647.5,4.0,365.5,20.0,0.8,0.3,0.5,375.0,640.0,920.0,645.0,4.0,365.0,20.0,0.8,0.3,0.5
1974,2,50.0,-31.0,25.71,26.0,27.0,25.99,7.0,1.01,14.0,0.4,0.3,0.3,23.88,25.0,25.91,25.29,7.0,1.48,14.0,0.4,0.3,0.3,14.77,15.77,17.88,16.3,4.0,2.44,14.0,0.5,0.2,0.4,76.1,86.9,92.6,85.1,5.0,8.7,14.0,0.4,0.4,5.02,7.0,9.7,7.26,5.0,3.65,12.0,0.6,0.3,0.3,-7.16,-1.42,0.42,-3.14,5.0,5.75,12.0,0.6,0.3,0.3,-5.47,-2.14,1.93,-1.37,5.0,5.61,12.0,0.6,0.3,0.3,1008.22,1018.05,1018.95,1014.3,6.0,7.39,14.0,0.5,0.3,0.3,2.9,4.0,7.0,4.7,7.0,2.4,14.0,0.4,0.3,0.3,-72.7,-11.7,7.1,-33.6,5.0,67.3,12.0,0.6,0.3,0.3,-37.3,-26.3,22.0,-8.1,5.0,44.0,12.0,0.6,0.3,0.3,-0.05,0.2,2.01,0.7,7.0,1.2,14.0,0.4,0.3,0.3,-2.6,0.8,3.1,0.1,5.0,4.3,12.0,0.6,0.3,0.3,2.76,4.86,5.17,4.01,4.0,1.96,14.0,0.5,0.2,0.4,17.0,37.6,55.6,36.3,3.0,28.3,14.0,0.7,0.2,0.3,-184.7,-34.0,14.4,-78.7,5.0,150.8,12.0,0.6,0.3,0.3,-146.0,-55.1,45.0,-40.9,5.0,141.3,12.0,0.6,0.3,0.3,-156.6,-84.9,-40.5,-98.2,3.0,85.8,14.0,0.7,0.2,0.3,-79.7,-33.5,66.2,-7.4,3.0,109.2,14.0,0.7,0.2,0.3,-45.1,-6.5,-5.3,-24.8,3.0,33.2,14.0,0.7,0.2,0.3,-9.4,-5.6,23.5,6.7,3.0,26.3,14.0,0.7,0.2,0.3,194.5,343.0,1029.5,613.0,5.0,724.0,12.0,0.6,0.3,0.3,195.0,345.0,1030.0,615.0,5.0,725.0,12.0,0.6,0.3,0.3
1974,2,50.0,-30.0,,,,,,,,,,,,,,,,,,,,,,,,,,,,,,,,,,,,,,,,3.06,4.0,7.19,5.22,5.0,3.33,18.0,0.6,0.5,0.6,-6.52,-3.76,-1.46,-4.14,5.0,3.84,18.0,0.6,0.5,0.6,-1.78,1.93,3.34,0.98,5.0,2.77,18.0,0.6,0.5,0.6,1011.54,1018.0,1019.33,1015.9,5.0,4.56,18.0,0.6,0.5,0.6,,,,,,,,,,,,,,,,,,,,,,,,,,,,,,,,,,,,,,,,,,,,,,,,,,,,,,,,,,,,,,,,,,,,,,,,,,,,,,,,,,,,,,,,,,,,,,,,,,,,,,,,,,,,,,,,,,,,,,,,,,,,,,,,,,,,,,,,,,,,,,,,,,,,,,
1974,2,50.0,-29.0,,,,,,,,,,,,,,,,,,,,,,,,,,,,,,,,,,,,,,,,3.48,4.0,5.05,4.25,4.0,1.26,12.0,0.5,0.5,0.6,-2.84,-2.33,-0.98,-1.93,4.0,1.35,12.0,0.5,0.5,0.6,-3.32,-2.04,2.24,-0.61,4.0,4.29,12.0,0.5,0.5,0.6,1010.85,1012.9,1014.95,1012.9,2.0,4.24,14.0,0.0,0.7,0.6,,,,,,,,,,,,,,,,,,,,,,,,,,,,,,,,,,,,,,,,,,,,,,,,,,,,,,,,,,,,,,,,,,,,,,,,,,,,,,,,,,,,,,,,,,,,,,,,,,,,,,,,,,,,,,,,,,,,,,,,,,,,,,,,,,,,,,,,,,,,,,,,,,,,,,
1974,2,50.0,-28.0,,,,,,,,,,,,,,,,,,,,,,,,,,,,,,,,,,,,,,,,4.75,6.35,7.95,6.35,2.0,3.32,22.0,0.5,0.4,0.3,-7.64,-5.35,-3.06,-5.35,2.0,4.74,22.0,0.5,0.4,0.3,-2.91,-1.73,-0.55,-1.73,2.0,2.45,22.0,0.5,0.4,0.3,1016.02,1016.5,1016.98,1016.5,2.0,0.99,22.0,0.5,0.4,0.3,,,,,,,,,,,,,,,,,,,,,,,,,,,,,,,,,,,,,,,,,,,,,,,,,,,,,,,,,,,,,,,,,,,,,,,,,,,,,,,,,,,,,,,,,,,,,,,,,,,,,,,,,,,,,,,,,,,,,,,,,,,,,,,,,,,,,,,,,,,,,,,,,,,,,,
1974,2,50.0,-27.0,26.55,26.65,26.75,26.65,2.0,0.21,16.0,0.0,0.7,0.7,25.06,25.2,25.34,25.2,2.0,0.28,16.0,0.0,0.7,0.7,14.22,15.13,16.04,15.13,2.0,1.89,16.0,0.0,0.7,0.7,70.9,76.0,81.1,76.0,2.0,10.5,16.0,0.0,0.7,4.0,4.85,5.7,4.85,4.0,0.98,18.0,0.0,0.7,0.5,-5.49,-4.41,-3.46,-4.47,4.0,1.17,18.0,0.0,0.7,0.5,-2.0,-0.51,1.49,-0.27,4.0,2.04,18.0,0.0,0.7,0.5,1014.19,1016.7,1018.95,1016.58,4.0,2.99,18.0,0.0,0.7,0.5,1.8,3.5,5.2,3.5,2.0,3.5,16.0,0.0,0.7,0.7,-31.3,-22.2,-13.9,-22.6,4.0,10.1,18.0,0.0,0.7,0.5,-8.0,-1.2,8.5,0.2,4.0,9.7,18.0,0.0,0.7,0.5,1.42,1.45,1.48,1.45,2.0,0.07,16.0,0.0,0.7,0.7,8.1,8.3,8.5,8.3,2.0,0.4,16.0,0.0,0.7,0.7,5.65,6.68,7.7,6.68,2.0,2.13,16.0,0.0,0.7,0.7,32.2,38.1,43.9,38.1,2.0,12.1,16.0,0.0,0.7,0.7,-139.7,-138.2,-136.7,-138.2,2.0,3.0,16.0,0.0,0.7,0.7,28.7,37.1,45.6,37.1,2.0,17.5,16.0,0.0,0.7,0.7,-89.5,-83.2,-76.8,-83.2,2.0,13.1,16.0,0.0,0.7,0.7,18.0,21.6,25.2,21.6,2.0,7.5,16.0,0.0,0.7,0.7,-41.5,-36.4,-31.4,-36.4,2.0,10.4,16.0,0.0,0.7,0.7,6.8,10.5,14.2,10.5,2.0,7.7,16.0,0.0,0.7,0.7,64.0,124.5,185.0,124.5,4.0,70.0,18.0,0.0,0.7,0.5,65.0,125.0,185.0,125.0,4.0,70.0,18.0,0.0,0.7,0.5
1974,2,50.0,-26.0,26.74,27.75,28.41,27.8,6.0,1.24,14.0,0.3,0.4,0.7,25.78,26.2,26.72,26.28,6.0,0.57,14.0,0.3,0.4,0.7,17.21,18.92,20.18,18.67,6.0,1.78,14.0,0.3,0.4,0.7,80.9,89.3,96.5,87.6,6.0,9.7,14.0,0.3,0.7,3.26,4.3,6.26,4.63,10.0,1.66,16.0,0.5,0.4,0.6,-3.29,-0.65,2.09,-0.77,10.0,3.46,16.0,0.5,0.4,0.6,-4.8,-2.84,-1.71,-3.21,10.0,1.58,16.0,0.5,0.4,0.6,1010.34,1012.7,1014.71,1012.61,10.0,2.35,16.0,0.5,0.4,0.6,2.0,5.0,7.6,4.8,10.0,2.5,16.0,0.5,0.4,0.6,-13.2,-1.7,8.8,-2.9,10.0,22.5,16.0,0.5,0.4,0.6,-23.2,-10.8,-6.8,-15.8,10.0,12.4,16.0,0.5,0.4,0.6,0.55,1.25,2.57,1.52,6.0,1.5,14.0,0.3,0.4,0.7,1.3,5.1,14.4,8.4,6.0,11.8,14.0,0.3,0.4,0.7,3.1,3.66,6.77,4.78,6.0,2.43,14.0,0.3,0.4,0.7,11.0,15.1,49.7,27.6,6.0,24.6,14.0,0.3,0.4,0.7,-67.3,33.4,74.8,4.8,6.0,110.5,14.0,0.3,0.4,0.7,-124.4,-92.6,-54.5,-91.6,6.0,42.6,14.0,0.3,0.4,0.7,-43.1,24.7,55.8,7.8,6.0,69.4,14.0,0.3,0.4,0.7,-93.4,-70.2,-38.6,-66.3,6.0,31.7,14.0,0.3,0.4,0.7,-12.8,4.3,14.6,2.0,6.0,28.4,14.0,0.3,0.4,0.7,-24.3,-10.7,-8.1,-18.0,6.0,17.9,14.0,0.3,0.4,0.7,35.5,80.5,267.0,137.0,10.0,151.5,16.0,0.5,0.4,0.6,35.0,80.0,265.0,135.0,10.0,150.0,16.0,0.5,0.4,0.6
1974,2,50.0,-25.0,26.5,27.1,28.5,27.3,11.0,0.98,14.0,0.6,0.2,0.7,25.93,26.7,28.53,26.98,13.0,1.24,14.0,0.6,0.2,0.6,16.77,17.7,18.87,17.77,11.0,1.19,16.0,0.5,0.2,0.6,74.9,78.0,85.1,79.7,12.0,5.5,16.0,0.6,0.6,3.29,5.1,9.38,5.89,16.0,2.78,16.0,0.6,0.2,0.6,-5.75,-3.48,2.08,-2.72,16.0,4.31,16.0,0.6,0.2,0.6,-5.69,-1.93,1.3,-2.23,16.0,3.6,16.0,0.6,0.2,0.6,1011.01,1013.0,1014.33,1013.09,15.0,2.33,16.0,0.6,0.2,0.6,2.0,5.0,7.0,4.5,15.0,2.6,14.0,0.7,0.2,0.6,-36.3,-15.9,13.9,-17.8,16.0,38.4,16.0,0.6,0.2,0.6,-48.0,-9.0,4.7,-19.8,16.0,29.9,16.0,0.6,0.2,0.6,-0.54,0.5,1.64,0.43,11.0,1.25,14.0,0.6,0.2,0.7,-2.3,3.1,12.1,3.0,11.0,8.6,14.0,0.6,0.2,0.7,4.05,4.7,6.05,5.07,9.0,1.56,16.0,0.6,0.2,0.6,17.8,27.9,45.3,32.3,9.0,24.2,16.0,0.6,0.2,0.6,-164.8,-95.5,90.5,-67.0,13.0,128.3,14.0,0.6,0.2,0.6,-154.8,-90.8,24.1,-72.0,13.0,104.8,14.0,0.6,0.2,0.6,-108.0,-63.4,25.6,-49.5,11.0,74.8,16.0,0.5,0.2,0.6,-102.8,-55.9,19.6,-43.9,11.0,71.2,16.0,0.5,0.2,0.6,-40.2,-20.0,7.7,-19.1,9.0,29.1,16.0,0.6,0.2,0.6,-22.0,-17.2,2.6,-10.8,9.0,19.4,16.0,0.6,0.2,0.6,36.0,132.5,833.5,337.0,16.0,388.0,16.0,0.6,0.2,0.6,35.0,135.0,835.0,335.0,16.0,390.0,16.0,0.6,0.2,0.6
1974,2,50.0,-24.0,26.01,27.2,28.0,27.24,20.0,0.99,10.0,0.4,0.5,0.5,25.25,26.2,26.97,26.27,21.0,1.02,10.0,0.4,0.5,0.5,16.37,17.52,18.54,17.62,19.0,1.22,10.0,0.4,0.5,0.5,77.1,82.4,88.3,82.6,19.0,5.0,10.0,0.4,0.5,4.6,7.45,9.65,7.39,24.0,2.75,10.0,0.4,0.5,0.5,-8.91,-5.69,-1.96,-5.2,24.0,3.93,10.0,0.4,0.5,0.5,-7.77,-1.38,0.99,-2.26,24.0,3.95,10.0,0.4,0.5,0.5,1011.17,1012.45,1015.7,1013.2,24.0,2.8,10.0,0.4,0.5,0.5,3.0,6.0,8.0,5.3,22.0,2.4,10.0,0.4,0.5,0.5,-79.5,-43.7,-10.7,-45.1,24.0,41.0,10.0,0.4,0.5,0.5,-64.8,-7.5,4.0,-23.1,24.0,38.7,10.0,0.4,0.5,0.5,-0.5,1.0,2.69,0.93,20.0,1.24,10.0,0.4,0.5,0.5,-4.3,6.8,13.8,6.0,20.0,8.9,10.0,0.4,0.5,0.5,3.38,5.06,5.83,4.87,19.0,1.22,10.0,0.4,0.5,0.5,26.8,36.1,47.6,36.6,19.0,14.0,10.0,0.4,0.5,0.5,-227.6,-174.9,-57.2,-144.0,21.0,105.8,10.0,0.4,0.5,0.5,-204.2,-33.1,19.8,-72.0,21.0,101.1,10.0,0.4,0.5,0.5,-157.0,-120.0,-62.8,-97.5,19.0,72.7,10.0,0.4,0.5,0.5,-134.9,-24.8,16.6,-43.1,19.0,64.8,10.0,0.4,0.5,0.5,-40.6,-29.6,-11.8,-27.1,19.0,22.8,10.0,0.4,0.5,0.5,-25.1,-4.7,5.0,-9.6,19.0,14.8,10.0,0.4,0.5,0.5,97.5,415.0,905.5,568.5,24.0,571.0,10.0,0.4,0.5,0.5,95.0,415.0,905.0,570.0,24.0,570.0,10.0,0.4,0.5,0.5
1974,2,50.0,-23.0,27.43,27.5,27.84,27.63,3.0,0.32,14.0,1.0,0.5,0.7,27.19,27.6,28.56,27.87,3.0,1.03,14.0,1.0,0.5,0.7,18.49,20.43,22.36,20.43,2.0,4.01,18.0,1.0,0.5,0.7,81.4,86.0,90.6,86.0,2.0,9.5,18.0,1.0,0.7,3.92,4.6,10.27,7.03,3.0,5.11,14.0,1.0,0.5,0.7,-9.71,-4.53,-3.9,-6.75,3.0,4.67,14.0,1.0,0.5,0.7,-3.01,0.0,0.55,-1.2,3.0,2.81,14.0,1.0,0.5,0.7,1011.41,1012.5,1013.8,1012.6,3.0,1.75,14.0,1.0,0.5,0.7,4.6,6.0,7.4,6.0,2.0,2.8,10.0,1.0,0.6,0.9,-113.4,-20.8,-15.5,-63.4,3.0,80.6,14.0,1.0,0.5,0.7,-38.9,0.0,2.5,-17.7,3.0,34.0,14.0,1.0,0.5,0.7,-0.9,0.4,0.4,-0.23,3.0,1.1,14.0,1.0,0.5,0.7,-4.3,1.4,4.0,-0.1,3.0,6.2,14.0,1.0,0.5,0.7,0.6,2.47,4.34,2.47,2.0,3.88,18.0,1.0,0.5,0.7,1.9,8.7,15.6,8.7,2.0,14.2,18.0,1.0,0.5,0.7,-270.1,-131.4,-108.0,-187.7,3.0,128.3,14.0,1.0,0.5,0.7,-83.1,0.0,15.8,-32.9,3.0,77.9,14.0,1.0,0.5,0.7,-98.7,-84.3,-70.0,-84.3,2.0,29.7,18.0,1.0,0.5,0.7,2.9,9.3,15.6,9.3,2.0,13.1,18.0,1.0,0.5,0.7,-15.6,-8.8,-1.9,-8.8,2.0,14.1,18.0,1.0,0.5,0.7,-0.2,-0.1,0.0,-0.1,2.0,0.2,18.0,1.0,0.5,0.7,62.5,97.5,1496.0,763.5,3.0,1198.0,14.0,1.0,0.5,0.7,65.0,95.0,1495.0,765.0,3.0,1200.0,14.0,1.0,0.5,0.7
1974,2,50.0,-22.0,28.0,28.0,28.0,28.0,1.0,0.0,6.0,0.0,0.0,0.8,24.3,24.3,24.3,24.3,1.0,0.0,6.0,0.0,0.0,0.8,17.43,17.43,17.43,17.43,1.0,0.0,6.0,0.0,0.0,0.8,91.9,91.9,91.9,91.9,1.0,0.0,6.0,0.0,0.8,4.75,6.35,7.95,6.35,2.0,3.32,12.0,0.0,0.3,0.5,-7.43,-5.82,-4.21,-5.82,2.0,3.33,12.0,0.0,0.3,0.5,-2.82,-2.49,-2.15,-2.49,2.0,0.69,12.0,0.0,0.3,0.5,1012.68,1014.8,1016.92,1014.8,2.0,4.38,12.0,0.0,0.3,0.5,8.0,8.0,8.0,8.0,1.0,0.0,6.0,0.0,0.0,0.8,-62.0,-42.5,-22.9,-42.5,2.0,40.5,12.0,0.0,0.3,0.5,-23.0,-16.9,-10.8,-16.9,2.0,12.6,12.0,0.0,0.3,0.5,3.7,3.7,3.7,3.7,1.0,0.0,6.0,0.0,0.0,0.8,32.2,32.2,32.2,32.2,1.0,0.0,6.0,0.0,0.0,0.8,6.27,6.27,6.27,6.27,1.0,0.0,6.0,0.0,0.0,0.8,54.5,54.5,54.5,54.5,1.0,0.0,6.0,0.0,0.0,0.8,-198.7,-198.7,-198.7,-198.7,1.0,0.0,6.0,0.0,0.0,0.8,-72.3,-72.3,-72.3,-72.3,1.0,0.0,6.0,0.0,0.0,0.8,-142.5,-142.5,-142.5,-142.5,1.0,0.0,6.0,0.0,0.0,0.8,-51.9,-51.9,-51.9,-51.9,1.0,0.0,6.0,0.0,0.0,0.8,-51.2,-51.2,-51.2,-51.2,1.0,0.0,6.0,0.0,0.0,0.8,-18.7,-18.7,-18.7,-18.7,1.0,0.0,6.0,0.0,0.0,0.8,158.5,361.5,564.0,361.5,2.0,420.5,12.0,0.0,0.3,0.5,160.0,360.0,565.0,360.0,2.0,420.0,12.0,0.0,0.3,0.5
1974,2,50.0,-21.0,,,,,,,,,,,,,,,,,,,,,,,,,,,,,,,,,,,,,,,,4.03,4.1,6.22,5.1,3.0,1.82,16.0,0.3,0.4,0.4,-5.72,-3.46,-2.5,-4.09,3.0,2.42,16.0,0.3,0.4,0.4,-2.32,-2.0,1.79,-0.3,3.0,3.35,16.0,0.3,0.4,0.4,1011.11,1012.0,1013.77,1012.43,3.0,1.99,16.0,0.3,0.4,0.4,2.0,4.0,6.0,4.0,2.0,4.2,20.0,0.5,0.4,0.5,-37.6,-13.9,-10.1,-23.7,3.0,21.9,16.0,0.3,0.4,0.4,-14.6,-8.0,7.4,-3.7,3.0,16.6,16.0,0.3,0.4,0.4,,,,,,,,,,,,,,,,,,,,,,,,,,,,,,,,,,,,,,,,,-148.4,-111.0,-73.6,-111.0,2.0,77.5,14.0,0.0,0.3,0.6,-35.3,18.5,72.3,18.5,2.0,111.5,14.0,0.0,0.3,0.6,-92.7,-70.5,-48.3,-70.5,2.0,46.0,14.0,0.0,0.3,0.6,-21.1,14.1,49.4,14.1,2.0,73.0,14.0,0.0,0.3,0.6,,,,,,,,,,,,,,,,,,,,,,,,,,,,,,,,,,,,,,,,
1974,2,50.0,-20.0,28.0,28.0,28.0,28.0,2.0,0.0,12.0,0.5,0.8,0.5,25.48,26.5,27.52,26.5,2.0,2.12,12.0,0.5,0.8,0.5,18.18,18.18,18.18,18.18,1.0,0.0,4.0,0.0,0.9,0.3,91.9,91.9,91.9,91.9,1.0,0.0,4.0,0.0,0.3,5.51,6.6,7.69,6.6,2.0,2.26,12.0,0.5,0.8,0.5,-7.23,-6.2,-5.18,-6.2,2.0,2.13,12.0,0.5,0.8,0.5,-2.63,-2.26,-1.88,-2.26,2.0,0.77,12.0,0.5,0.8,0.5,1012.62,1013.95,1015.28,1013.95,2.0,2.76,12.0,0.5,0.8,0.5,6.2,6.5,6.8,6.5,2.0,0.7,12.0,0.5,0.8,0.5,-56.9,-43.3,-29.8,-43.3,2.0,28.1,12.0,0.5,0.8,0.5,-20.7,-15.8,-10.8,-15.8,2.0,10.2,12.0,0.5,0.8,0.5,0.48,1.5,2.52,1.5,2.0,2.12,12.0,0.5,0.8,0.5,3.9,12.3,20.7,12.3,2.0,17.4,12.0,0.5,0.8,0.5,5.5,5.5,5.5,5.5,1.0,0.0,4.0,0.0,0.9,0.3,45.1,45.1,45.1,45.1,1.0,0.0,4.0,0.0,0.9,0.3,-182.9,-162.1,-141.3,-162.1,2.0,43.2,12.0,0.5,0.8,0.5,-66.6,-59.0,-51.4,-59.0,2.0,15.7,12.0,0.5,0.8,0.5,-140.1,-140.1,-140.1,-140.1,1.0,0.0,4.0,0.0,0.9,0.3,-51.0,-51.0,-51.0,-51.0,1.0,0.0,4.0,0.0,0.9,0.3,-42.4,-42.4,-42.4,-42.4,1.0,0.0,4.0,0.0,0.9,0.3,-15.4,-15.4,-15.4,-15.4,1.0,0.0,4.0,0.0,0.9,0.3,192.5,338.0,483.5,338.0,2.0,301.5,12.0,0.5,0.8,0.5,195.0,340.0,485.0,340.0,2.0,300.0,12.0,0.5,0.8,0.5
1974,2,50.0,-19.0,,,,,,,,,,,,,,,,,,,,,,,,,,,,,,,,,,,,,,,,5.02,5.05,5.08,5.05,2.0,0.07,20.0,0.5,0.8,0.4,-2.62,-1.2,0.21,-1.2,2.0,2.93,20.0,0.5,0.8,0.4,-3.52,-0.51,2.51,-0.51,2.0,6.24,20.0,0.5,0.8,0.4,1010.56,1012.2,1013.84,1012.2,2.0,3.39,20.0,0.5,0.8,0.4,,,,,,,,,,,,,,,,,,,,,,,,,,,,,,,,,,,,,,,,,,,,,,,,,,,,,,,,,,,,,,,,,,,,,,,,,,,,,,,,,,,,,,,,,,,,,,,,,,,,,,,,,,,,,,,,,,,,,,,,,,,,,,,,,,,,,,,,,,,,,,,,,,,,,,
1974,2,50.0,-18.0,,,,,,,,,,,,,,,,,,,,,,,,,,,,,,,,,,,,,,,,9.0,9.0,9.0,9.0,1.0,0.0,18.0,0.0,0.7,0.7,-6.89,-6.89,-6.89,-6.89,1.0,0.0,18.0,0.0,0.7,0.7,-5.79,-5.79,-5.79,-5.79,1.0,0.0,18.0,0.0,0.7,0.7,1014.6,1014.6,1014.6,1014.6,1.0,0.0,18.0,0.0,0.7,0.7,,,,,,,,,,,,,,,,,,,,,,,,,,,,,,,,,,,,,,,,,,,,,,,,,,,,,,,,,,,,,,,,,,,,,,,,,,,,,,,,,,,,,,,,,,,,,,,,,,,,,,,,,,,,,,,,,,,,,,,,,,,,,,,,,,,,,,,,,,,,,,,,,,,,,,
1974,2,50.0,-17.0,,,,,,,,,,,,,,,,,,,,,,,,,,,,,,,,,,,,,,,,4.75,6.15,7.55,6.15,2.0,2.9,14.0,0.5,0.6,0.8,-4.79,-1.57,1.65,-1.57,2.0,6.66,14.0,0.5,0.6,0.8,-4.02,-1.32,1.38,-1.32,2.0,5.59,14.0,0.5,0.6,0.8,1009.09,1010.8,1012.51,1010.8,2.0,3.54,14.0,0.5,0.6,0.8,,,,,,,,,,,,,,,,,,,,,,,,,,,,,,,,,,,,,,,,,,,,,,,,,,,,,,,,,,,,,,,,,,,,,,,,,,,,,,,,,,,,,,,,,,,,,,,,,,,,,,,,,,,,,,,,,,,,,,,,,,,,,,,,,,,,,,,,,,,,,,,,,,,,,,
1974,2,50.0,-16.0,,,,,,,,,,,,,,,,,,,,,,,,,,,,,,,,,,,,,,,,1.32,2.0,4.05,2.67,3.0,2.08,18.0,0.3,0.6,0.7,0.66,1.0,3.73,2.17,3.0,2.47,18.0,0.3,0.6,0.7,-1.46,-0.87,-0.27,-0.87,3.0,0.87,18.0,0.3,0.6,0.7,1013.71,1014.6,1014.6,1014.17,3.0,0.75,18.0,0.3,0.6,0.7,,,,,,,,,,,,,,,,,,,,,,,,,,,,,,,,,,,,,,,,,,,,,,,,,,,,,,,,,,,,,,,,,,,,,,,,,,,,,,,,,,,,,,,,,,,,,,,,,,,,,,,,,,,,,,,,,,,,,,,,,,,,,,,,,,,,,,,,,,,,,,,,,,,,,,
1974,2,50.0,-14.0,,,,,,,,,,,,,,,,,,,,,,,,,,,,,,,,,,,,,,,,3.0,3.0,3.0,3.0,1.0,0.0,16.0,0.0,0.3,0.4,-2.82,-2.82,-2.82,-2.82,1.0,0.0,16.0,0.0,0.3,0.4,-1.03,-1.03,-1.03,-1.03,1.0,0.0,16.0,0.0,0.3,0.4,1013.51,1013.95,1014.39,1013.95,2.0,0.92,16.0,0.5,0.1,0.5,,,,,,,,,,,,,,,,,,,,,,,,,,,,,,,,,,,,,,,,,,,,,,,,,,,,,,,,,,,,,,,,,,,,,,,,,,,,,,,,,,,,,,,,,,,,,,,,,,,,,,,,,,,,,,,,,,,,,,,,,,,,,,,,,,,,,,,,,,,,,,,,,,,,,,
1974,2,50.0,-12.0,28.1,28.25,28.67,28.38,4.0,0.43,2.0,0.5,0.8,0.9,27.0,27.35,28.07,27.53,4.0,0.67,2.0,0.5,0.8,0.9,16.11,16.52,18.01,17.04,3.0,1.47,4.0,0.3,0.8,0.9,72.3,74.1,78.3,75.3,3.0,4.5,4.0,0.3,0.9,2.1,2.3,2.5,2.3,2.0,0.42,2.0,0.5,0.7,1.0,-1.91,-0.43,1.04,-0.43,2.0,3.06,2.0,0.5,0.7,1.0,0.16,0.5,0.84,0.5,2.0,0.71,2.0,0.5,0.7,1.0,1009.11,1010.0,1010.31,1009.73,4.0,0.99,2.0,0.5,0.8,0.9,2.5,3.0,4.6,3.5,4.0,1.7,2.0,0.5,0.8,0.9,-5.1,-1.6,1.8,-1.6,2.0,7.2,2.0,0.5,0.7,1.0,0.3,1.0,1.7,1.0,2.0,1.4,2.0,0.5,0.7,1.0,0.42,1.1,1.25,0.85,4.0,0.65,2.0,0.5,0.8,0.9,0.3,1.5,2.6,1.5,2.0,2.3,2.0,0.5,0.7,1.0,6.74,7.22,7.82,7.28,3.0,0.79,4.0,0.3,0.8,0.9,21.1,21.1,21.1,21.1,1.0,0.0,2.0,0.0,0.8,0.9,-51.3,-10.5,30.2,-10.5,2.0,84.4,2.0,0.5,0.7,1.0,4.5,14.2,23.9,14.2,2.0,20.1,2.0,0.5,0.7,1.0,-41.4,-41.4,-41.4,-41.4,1.0,0.0,2.0,0.0,0.8,0.9,0.0,0.0,0.0,0.0,1.0,0.0,2.0,0.0,0.8,0.9,-21.1,-21.1,-21.1,-21.1,1.0,0.0,2.0,0.0,0.8,0.9,0.0,0.0,0.0,0.0,1.0,0.0,2.0,0.0,0.8,0.9,9.5,13.0,16.0,13.0,2.0,7.0,2.0,0.5,0.7,1.0,10.0,15.0,15.0,15.0,2.0,5.0,2.0,0.5,0.7,1.0
1974,2,50.0,-9.0,26.3,26.3,26.3,26.3,1.0,0.0,18.0,1.0,0.7,0.3,26.7,26.7,26.7,26.7,1.0,0.0,18.0,1.0,0.7,0.3,14.07,14.07,14.07,14.07,1.0,0.0,18.0,1.0,0.7,0.3,64.7,64.7,64.7,64.7,1.0,0.0,18.0,1.0,0.3,3.6,3.6,3.6,3.6,1.0,0.0,18.0,1.0,0.7,0.3,-3.12,-3.12,-3.12,-3.12,1.0,0.0,18.0,1.0,0.7,0.3,-1.8,-1.8,-1.8,-1.8,1.0,0.0,18.0,1.0,0.7,0.3,1015.1,1015.1,1015.1,1015.1,1.0,0.0,18.0,1.0,0.7,0.3,2.0,2.0,2.0,2.0,1.0,0.0,18.0,1.0,0.7,0.3,-11.2,-11.2,-11.2,-11.2,1.0,0.0,18.0,1.0,0.7,0.3,-6.5,-6.5,-6.5,-6.5,1.0,0.0,18.0,1.0,0.7,0.3,-0.4,-0.4,-0.4,-0.4,1.0,0.0,18.0,1.0,0.7,0.3,-1.4,-1.4,-1.4,-1.4,1.0,0.0,18.0,1.0,0.7,0.3,7.27,7.27,7.27,7.27,1.0,0.0,18.0,1.0,0.7,0.3,26.2,26.2,26.2,26.2,1.0,0.0,18.0,1.0,0.7,0.3,-83.2,-83.2,-83.2,-83.2,1.0,0.0,18.0,1.0,0.7,0.3,-48.1,-48.1,-48.1,-48.1,1.0,0.0,18.0,1.0,0.7,0.3,-43.9,-43.9,-43.9,-43.9,1.0,0.0,18.0,1.0,0.7,0.3,-25.3,-25.3,-25.3,-25.3,1.0,0.0,18.0,1.0,0.7,0.3,-22.7,-22.7,-22.7,-22.7,1.0,0.0,18.0,1.0,0.7,0.3,-13.1,-13.1,-13.1,-13.1,1.0,0.0,18.0,1.0,0.7,0.3,46.5,46.5,46.5,46.5,1.0,0.0,18.0,1.0,0.7,0.3,45.0,45.0,45.0,45.0,1.0,0.0,18.0,1.0,0.7,0.3
1974,2,50.0,-7.0,27.66,27.8,28.55,28.1,3.0,0.7,16.0,0.7,0.5,0.6,25.48,26.5,26.77,26.13,3.0,1.0,16.0,0.7,0.5,0.6,17.74,17.9,18.47,18.1,3.0,0.57,16.0,0.7,0.5,0.6,80.6,82.6,90.9,85.7,3.0,8.0,16.0,0.7,0.6,2.6,2.6,3.28,2.93,3.0,0.58,16.0,0.7,0.5,0.6,0.71,0.89,1.17,0.94,3.0,0.34,16.0,0.7,0.5,0.6,-3.13,-2.25,0.95,-1.12,3.0,3.15,16.0,0.7,0.5,0.6,1009.61,1010.5,1011.66,1010.63,3.0,1.5,16.0,0.7,0.5,0.6,7.0,7.0,7.0,7.0,3.0,0.0,16.0,0.7,0.5,0.6,2.3,2.3,3.0,2.6,3.0,0.6,16.0,0.7,0.5,0.6,-10.6,-5.9,2.5,-4.1,3.0,9.7,16.0,0.7,0.5,0.6,1.38,2.4,2.54,1.97,3.0,0.93,16.0,0.7,0.5,0.6,4.2,6.2,6.6,5.4,3.0,1.9,16.0,0.7,0.5,0.6,4.83,5.78,6.71,5.77,3.0,1.38,16.0,0.7,0.5,0.6,13.7,18.6,20.1,16.9,3.0,4.9,16.0,0.7,0.5,0.6,19.0,23.6,29.7,24.3,3.0,7.9,16.0,0.7,0.5,0.6,-83.0,-56.3,26.3,-29.0,3.0,83.5,16.0,0.7,0.5,0.6,12.6,15.9,21.7,17.1,3.0,6.7,16.0,0.7,0.5,0.6,-56.1,-42.2,16.5,-20.4,3.0,56.4,16.0,0.7,0.5,0.6,4.3,5.7,6.1,5.2,3.0,1.4,16.0,0.7,0.5,0.6,-17.1,-9.9,8.8,-4.3,3.0,19.6,16.0,0.7,0.5,0.6,17.5,17.5,37.5,27.5,3.0,17.0,16.0,0.7,0.5,0.6,20.0,20.0,35.0,25.0,3.0,15.0,16.0,0.7,0.5,0.6
1974,2,50.0,-6.0,28.42,28.45,28.48,28.45,2.0,0.07,20.0,0.5,0.4,0.5,27.27,27.65,28.03,27.65,2.0,0.78,20.0,0.5,0.4,0.5,20.14,20.14,20.14,20.14,1.0,0.0,26.0,1.0,0.8,0.5,89.9,89.9,89.9,89.9,1.0,0.0,26.0,1.0,0.5,1.65,3.05,4.45,3.05,2.0,2.9,20.0,0.5,0.4,0.5,-0.24,0.89,2.02,0.89,2.0,2.34,20.0,0.5,0.4,0.5,-3.82,-2.53,-1.24,-2.53,2.0,2.67,20.0,0.5,0.4,0.5,1012.06,1012.4,1012.74,1012.4,2.0,0.71,20.0,0.5,0.4,0.5,1.3,2.0,2.7,2.0,2.0,1.4,20.0,0.5,0.4,0.5,1.4,6.1,10.8,6.1,2.0,9.7,20.0,0.5,0.4,0.5,-19.1,-11.6,-4.1,-11.6,2.0,15.5,20.0,0.5,0.4,0.5,0.39,0.8,1.21,0.8,2.0,0.85,20.0,0.5,0.4,0.5,1.3,3.7,6.0,3.7,2.0,4.9,20.0,0.5,0.4,0.5,4.24,4.24,4.24,4.24,1.0,0.0,26.0,1.0,0.8,0.5,21.6,21.6,21.6,21.6,1.0,0.0,26.0,1.0,0.8,0.5,-7.2,23.8,54.7,23.8,2.0,64.1,20.0,0.5,0.4,0.5,-103.6,-68.9,-34.2,-68.9,2.0,71.8,20.0,0.5,0.4,0.5,51.4,51.4,51.4,51.4,1.0,0.0,26.0,1.0,0.8,0.5,-88.9,-88.9,-88.9,-88.9,1.0,0.0,26.0,1.0,0.8,0.5,10.8,10.8,10.8,10.8,1.0,0.0,26.0,1.0,0.8,0.5,-18.7,-18.7,-18.7,-18.7,1.0,0.0,26.0,1.0,0.8,0.5,22.0,67.0,112.0,67.0,2.0,93.0,20.0,0.5,0.4,0.5,20.0,65.0,110.0,65.0,2.0,95.0,20.0,0.5,0.4,0.5
1974,2,50.0,-5.0,26.98,28.0,29.02,28.0,2.0,2.12,24.0,0.5,0.7,0.8,27.23,29.0,30.77,29.0,2.0,3.68,24.0,0.5,0.7,0.8,17.24,17.24,17.24,17.24,1.0,0.0,20.0,0.0,0.5,0.5,80.1,80.1,80.1,80.1,1.0,0.0,20.0,0.0,0.5,4.43,5.15,5.87,5.15,2.0,1.48,24.0,0.5,0.7,0.8,-2.05,-0.78,0.49,-0.78,2.0,2.62,24.0,0.5,0.7,0.8,-5.64,-4.62,-3.61,-4.62,2.0,2.1,24.0,0.5,0.7,0.8,1008.23,1008.95,1009.67,1008.95,2.0,1.48,24.0,0.5,0.7,0.8,0.6,2.0,3.4,2.0,2.0,2.8,24.0,0.5,0.7,0.8,-8.0,-2.1,3.9,-2.1,2.0,12.4,24.0,0.5,0.7,0.8,-33.9,-25.4,-16.8,-25.4,2.0,17.7,24.0,0.5,0.7,0.8,-1.75,-1.0,-0.25,-1.0,2.0,1.56,24.0,0.5,0.7,0.8,-10.9,-6.3,-1.7,-6.3,2.0,9.5,24.0,0.5,0.7,0.8,4.46,4.46,4.46,4.46,1.0,0.0,20.0,0.0,0.5,0.5,18.3,18.3,18.3,18.3,1.0,0.0,20.0,0.0,0.5,0.5,-53.1,-17.8,17.6,-17.8,2.0,73.3,24.0,0.5,0.7,0.8,-175.5,-137.9,-100.4,-137.9,2.0,77.8,24.0,0.5,0.7,0.8,-45.4,-45.4,-45.4,-45.4,1.0,0.0,20.0,0.0,0.5,0.5,-54.2,-54.2,-54.2,-54.2,1.0,0.0,20.0,0.0,0.5,0.5,-11.8,-11.8,-11.8,-11.8,1.0,0.0,20.0,0.0,0.5,0.5,-14.0,-14.0,-14.0,-14.0,1.0,0.0,20.0,0.0,0.5,0.5,96.0,153.5,211.5,153.5,2.0,120.0,24.0,0.5,0.7,0.8,95.0,155.0,210.0,155.0,2.0,120.0,24.0,0.5,0.7,0.8
1974,2,50.0,-4.0,27.63,27.9,28.17,27.9,2.0,0.57,18.0,0.5,0.5,0.4,27.41,27.65,27.89,27.65,2.0,0.49,18.0,0.5,0.5,0.4,15.44,16.68,17.93,16.68,2.0,2.57,18.0,0.5,0.5,0.4,67.6,72.0,76.4,72.0,2.0,9.1,18.0,0.5,0.4,4.26,4.6,4.94,4.6,2.0,0.71,18.0,0.5,0.5,0.4,-2.22,-1.32,-0.42,-1.32,2.0,1.86,18.0,0.5,0.5,0.4,-4.79,-4.12,-3.45,-4.12,2.0,1.39,18.0,0.5,0.5,0.4,1010.44,1011.4,1012.36,1011.4,2.0,1.98,18.0,0.5,0.5,0.4,6.0,6.0,6.0,6.0,2.0,0.0,18.0,0.5,0.5,0.4,-9.1,-5.4,-1.7,-5.4,2.0,7.6,18.0,0.5,0.5,0.4,-23.9,-19.4,-15.0,-19.4,2.0,9.3,18.0,0.5,0.5,0.4,-0.26,0.25,0.76,0.25,2.0,1.06,18.0,0.5,0.5,0.4,-1.5,0.8,3.0,0.8,2.0,4.7,18.0,0.5,0.5,0.4,5.24,6.88,8.53,6.88,2.0,3.41,18.0,0.5,0.5,0.4,25.2,30.5,35.7,30.5,2.0,10.8,18.0,0.5,0.5,0.4,-60.5,-36.0,-11.4,-36.0,2.0,50.9,18.0,0.5,0.5,0.4,-133.7,-114.3,-94.8,-114.3,2.0,40.3,18.0,0.5,0.5,0.4,-33.0,-19.6,-6.2,-19.6,2.0,27.7,18.0,0.5,0.5,0.4,-86.8,-70.5,-54.2,-70.5,2.0,33.7,18.0,0.5,0.5,0.4,-20.6,-12.3,-3.9,-12.3,2.0,17.3,18.0,0.5,0.5,0.4,-28.2,-26.0,-23.8,-26.0,2.0,4.5,18.0,0.5,0.5,0.4,79.0,101.0,122.5,101.0,2.0,45.0,18.0,0.5,0.5,0.4,80.0,100.0,125.0,100.0,2.0,45.0,18.0,0.5,0.5,0.4
1974,2,50.0,-3.0,27.22,27.7,28.18,27.7,2.0,0.99,12.0,1.0,0.6,0.6,26.55,26.65,26.75,26.65,2.0,0.21,12.0,1.0,0.6,0.6,16.74,17.07,17.41,17.07,2.0,0.69,12.0,1.0,0.6,0.6,76.4,78.3,80.2,78.3,2.0,4.0,12.0,1.0,0.6,6.52,7.2,7.88,7.2,2.0,1.41,12.0,1.0,0.6,0.6,-4.08,-4.04,-4.0,-4.04,2.0,0.08,12.0,1.0,0.6,0.6,-6.73,-5.93,-5.12,-5.93,2.0,1.66,12.0,1.0,0.6,0.6,1010.23,1010.95,1011.67,1010.95,2.0,1.48,12.0,1.0,0.6,0.6,1.6,3.0,4.4,3.0,2.0,2.8,12.0,1.0,0.6,0.6,-32.2,-29.2,-26.1,-29.2,2.0,6.3,12.0,1.0,0.6,0.6,-53.7,-43.8,-34.0,-43.8,2.0,20.4,12.0,1.0,0.6,0.6,0.67,1.05,1.43,1.05,2.0,0.78,12.0,1.0,0.6,0.6,4.7,8.1,11.5,8.1,2.0,7.1,12.0,1.0,0.6,0.6,5.26,6.24,7.21,6.24,2.0,2.03,12.0,1.0,0.6,0.6,35.0,46.3,57.6,46.3,2.0,23.4,12.0,1.0,0.6,0.6,-109.2,-107.7,-106.3,-107.7,2.0,3.0,12.0,1.0,0.6,0.6,-180.1,-158.1,-136.1,-158.1,2.0,45.6,12.0,1.0,0.6,0.6,-69.7,-69.0,-68.3,-69.0,2.0,1.4,12.0,1.0,0.6,0.6,-112.3,-100.6,-88.9,-100.6,2.0,24.3,12.0,1.0,0.6,0.6,-29.5,-25.3,-21.1,-25.3,2.0,8.7,12.0,1.0,0.6,0.6,-49.4,-38.6,-27.8,-38.6,2.0,22.4,12.0,1.0,0.6,0.6,288.0,395.0,501.5,395.0,2.0,221.5,12.0,1.0,0.6,0.6,290.0,395.0,500.0,395.0,2.0,220.0,12.0,1.0,0.6,0.6
1974,2,50.0,-2.0,27.3,27.95,28.6,27.95,2.0,1.34,14.0,0.5,0.1,0.5,25.41,25.85,26.29,25.85,2.0,0.92,14.0,0.5,0.1,0.5,16.6,17.61,18.62,17.61,2.0,2.1,14.0,0.5,0.1,0.5,81.7,84.4,87.0,84.4,2.0,5.5,14.0,0.5,0.5,3.0,3.85,4.7,3.85,2.0,1.77,14.0,0.5,0.1,0.5,-2.29,-1.72,-1.15,-1.72,2.0,1.17,14.0,0.5,0.1,0.5,-4.1,-3.43,-2.76,-3.43,2.0,1.4,14.0,0.5,0.1,0.5,1009.6,1010.45,1011.3,1010.45,2.0,1.77,14.0,0.5,0.1,0.5,1.2,1.5,1.8,1.5,2.0,0.7,14.0,0.5,0.1,0.5,-11.3,-7.7,-4.0,-7.7,2.0,7.6,14.0,0.5,0.1,0.5,-20.0,-14.4,-8.9,-14.4,2.0,11.4,14.0,0.5,0.1,0.5,1.01,2.1,3.19,2.1,2.0,2.26,14.0,0.5,0.1,0.5,3.7,6.1,8.5,6.1,2.0,5.0,14.0,0.5,0.1,0.5,4.14,6.08,8.02,6.08,2.0,4.03,14.0,0.5,0.1,0.5,17.6,19.8,22.1,19.8,2.0,4.8,14.0,0.5,0.1,0.5,-60.4,-45.0,-29.6,-45.0,2.0,31.9,14.0,0.5,0.1,0.5,-108.2,-89.3,-70.4,-89.3,2.0,39.2,14.0,0.5,0.1,0.5,-43.2,-31.5,-19.8,-31.5,2.0,24.3,14.0,0.5,0.1,0.5,-77.2,-61.9,-46.5,-61.9,2.0,31.8,14.0,0.5,0.1,0.5,-8.2,-8.1,-8.0,-8.1,2.0,0.2,14.0,0.5,0.1,0.5,-20.6,-18.0,-15.5,-18.0,2.0,5.3,14.0,0.5,0.1,0.5,36.0,75.0,114.5,75.0,2.0,81.5,14.0,0.5,0.1,0.5,35.0,75.0,115.0,75.0,2.0,80.0,14.0,0.5,0.1,0.5
1974,2,50.0,-1.0,26.08,26.8,28.0,27.03,4.0,1.38,14.0,0.5,0.3,0.5,24.39,25.5,26.0,25.3,5.0,0.99,14.0,0.4,0.3,0.6,16.09,16.89,17.98,17.08,5.0,1.56,14.0,0.4,0.3,0.6,79.9,83.0,89.6,84.7,5.0,7.0,14.0,0.4,0.6,1.65,2.6,5.5,3.3,5.0,2.42,14.0,0.4,0.3,0.6,-2.75,-0.89,0.16,-1.22,5.0,1.56,14.0,0.4,0.3,0.6,-4.76,-2.56,-1.55,-2.96,5.0,2.07,14.0,0.4,0.3,0.6,1009.06,1009.5,1010.78,1009.96,5.0,1.36,14.0,0.4,0.3,0.6,0.6,3.0,4.1,2.6,5.0,2.3,14.0,0.4,0.3,0.6,-15.3,-2.3,0.4,-6.7,5.0,9.0,14.0,0.4,0.3,0.6,-26.5,-6.7,-4.0,-13.8,5.0,13.7,14.0,0.4,0.3,0.6,1.05,1.3,1.87,1.45,4.0,0.54,14.0,0.5,0.3,0.5,4.2,6.0,7.0,5.6,4.0,2.0,14.0,0.5,0.3,0.5,3.38,4.43,6.52,4.93,4.0,2.27,14.0,0.5,0.3,0.5,12.2,17.6,25.6,18.9,4.0,8.5,14.0,0.5,0.3,0.5,-70.3,-23.7,4.0,-31.4,5.0,39.6,14.0,0.4,0.3,0.6,-121.7,-65.2,-39.8,-75.6,5.0,52.9,14.0,0.4,0.3,0.6,-51.0,-15.0,2.7,-22.1,5.0,28.0,14.0,0.4,0.3,0.6,-88.4,-42.3,-26.2,-52.3,5.0,37.6,14.0,0.4,0.3,0.6,-11.2,-7.1,-2.4,-6.8,4.0,6.8,14.0,0.5,0.3,0.5,-22.9,-16.0,-11.3,-17.0,4.0,7.1,14.0,0.5,0.3,0.5,11.0,17.5,171.0,81.0,5.0,102.5,14.0,0.4,0.3,0.6,10.0,20.0,170.0,80.0,5.0,105.0,14.0,0.4,0.3,0.6
1974,2,50.0,0.0,25.07,25.7,26.24,25.69,7.0,0.83,18.0,0.4,0.3,0.5,24.87,26.0,26.98,25.86,8.0,1.39,18.0,0.5,0.2,0.6,16.27,17.0,17.51,16.96,7.0,0.6,20.0,0.4,0.2,0.5,77.2,83.1,83.8,82.4,7.0,4.9,20.0,0.4,0.5,4.21,5.1,7.18,5.16,8.0,2.44,18.0,0.5,0.2,0.6,-3.82,-2.84,-0.73,-2.39,8.0,1.66,18.0,0.5,0.2,0.6,-6.54,-4.53,-2.7,-4.37,8.0,2.29,18.0,0.5,0.2,0.6,1009.05,1011.7,1012.52,1011.04,7.0,1.81,20.0,0.4,0.2,0.5,1.0,3.0,3.0,2.4,7.0,1.4,16.0,0.6,0.2,0.6,-25.5,-16.7,-3.1,-14.9,8.0,11.2,18.0,0.5,0.2,0.6,-45.9,-22.8,-13.4,-27.2,8.0,18.4,18.0,0.5,0.2,0.6,-0.83,-0.3,0.05,-0.33,7.0,0.78,18.0,0.4,0.3,0.5,-4.4,-1.2,0.3,-1.7,7.0,5.0,18.0,0.4,0.3,0.5,2.89,3.15,3.9,3.32,6.0,0.52,20.0,0.3,0.2,0.5,9.8,17.7,24.9,16.9,6.0,10.3,20.0,0.3,0.2,0.5,-101.7,-73.0,-18.7,-61.1,8.0,41.7,18.0,0.5,0.2,0.6,-175.6,-118.6,-63.6,-114.3,8.0,63.1,18.0,0.5,0.2,0.6,-67.5,-53.3,-11.4,-40.1,7.0,30.0,20.0,0.4,0.2,0.5,-106.5,-68.1,-39.4,-68.7,7.0,39.7,20.0,0.4,0.2,0.5,-13.3,-7.7,-1.7,-7.6,6.0,6.4,20.0,0.3,0.2,0.5,-21.6,-16.2,-5.9,-14.4,6.0,9.6,20.0,0.3,0.2,0.5,76.0,132.5,370.0,205.0,8.0,163.5,18.0,0.5,0.2,0.6,75.0,135.0,370.0,205.0,8.0,165.0,18.0,0.5,0.2,0.6
1974,2,50.0,1.0,25.6,26.0,26.04,26.01,11.0,0.7,18.0,0.3,0.2,0.6,25.0,25.55,26.85,25.96,12.0,1.84,18.0,0.3,0.3,0.6,16.12,18.01,19.72,17.88,9.0,1.82,20.0,0.4,0.3,0.6,75.2,85.3,92.0,85.0,9.0,9.2,20.0,0.4,0.6,3.39,5.1,6.24,4.87,11.0,1.4,18.0,0.4,0.2,0.6,-3.73,-3.28,-1.68,-2.81,11.0,1.04,18.0,0.4,0.2,0.6,-5.65,-3.52,-2.78,-3.78,11.0,1.61,18.0,0.4,0.2,0.6,1009.22,1010.65,1013.43,1011.06,12.0,2.6,18.0,0.3,0.3,0.6,0.0,1.0,2.8,1.7,12.0,2.2,18.0,0.3,0.3,0.6,-21.8,-16.6,-5.7,-14.5,11.0,7.6,18.0,0.4,0.2,0.6,-35.4,-16.7,-8.5,-20.1,11.0,13.8,18.0,0.4,0.2,0.6,-0.65,0.2,1.58,0.13,11.0,2.09,18.0,0.3,0.2,0.6,-2.7,1.6,7.2,1.1,10.0,9.3,18.0,0.3,0.2,0.6,1.26,3.06,4.93,3.09,8.0,1.87,20.0,0.4,0.2,0.6,6.6,14.4,20.2,13.8,7.0,8.1,18.0,0.4,0.2,0.6,-93.2,-84.6,-43.4,-73.7,11.0,29.7,18.0,0.4,0.2,0.6,-144.8,-90.2,-69.3,-96.8,11.0,40.3,18.0,0.4,0.2,0.6,-75.3,-53.2,-31.1,-50.7,8.0,22.5,18.0,0.5,0.2,0.6,-66.5,-63.4,-45.3,-59.1,8.0,24.8,18.0,0.5,0.2,0.6,-15.3,-6.2,-3.0,-8.0,7.0,5.7,18.0,0.4,0.2,0.6,-17.1,-12.4,-6.0,-10.8,7.0,6.7,18.0,0.4,0.2,0.6,39.5,132.5,250.5,142.5,11.0,117.5,18.0,0.4,0.2,0.6,40.0,135.0,250.0,145.0,11.0,120.0,18.0,0.4,0.2,0.6
1974,2,50.0,2.0,25.1,25.8,26.67,25.87,22.0,0.82,14.0,0.6,0.3,0.4,25.0,26.0,28.0,26.32,24.0,1.57,14.0,0.5,0.4,0.4,16.23,17.41,18.6,17.55,19.0,1.68,14.0,0.5,0.4,0.4,75.3,78.5,89.4,82.2,19.0,8.4,14.0,0.5,0.4,4.5,5.7,7.76,5.92,25.0,1.53,14.0,0.5,0.4,0.4,-4.94,-3.28,-2.5,-3.36,25.0,1.18,14.0,0.5,0.4,0.4,-6.24,-4.75,-3.76,-4.76,25.0,1.45,14.0,0.5,0.4,0.4,1009.94,1011.8,1013.44,1011.88,25.0,1.69,14.0,0.5,0.4,0.4,1.0,2.0,3.3,2.4,24.0,2.0,14.0,0.5,0.4,0.4,-33.2,-18.0,-10.5,-21.2,25.0,11.7,14.0,0.5,0.4,0.4,-46.6,-28.1,-16.2,-30.1,25.0,15.4,14.0,0.5,0.4,0.4,-2.28,-0.4,1.35,-0.56,21.0,1.75,14.0,0.6,0.3,0.4,-13.2,-2.0,6.8,-2.8,21.0,10.0,14.0,0.6,0.3,0.4,1.8,3.19,4.68,3.3,17.0,1.62,14.0,0.6,0.3,0.4,8.9,14.5,29.3,18.2,17.0,10.3,14.0,0.6,0.3,0.4,-114.0,-83.3,-61.6,-85.7,24.0,28.2,14.0,0.5,0.4,0.4,-161.4,-121.2,-97.1,-123.1,24.0,36.9,14.0,0.5,0.4,0.4,-76.0,-54.4,-37.8,-54.7,19.0,20.3,14.0,0.5,0.4,0.4,-95.2,-80.7,-59.9,-77.2,19.0,23.3,14.0,0.5,0.4,0.4,-15.8,-9.5,-4.6,-10.2,17.0,6.0,14.0,0.6,0.3,0.4,-25.4,-11.6,-6.5,-14.6,17.0,9.2,14.0,0.6,0.3,0.4,92.0,185.0,467.0,247.5,25.0,172.5,14.0,0.5,0.4,0.4,90.0,185.0,465.0,250.0,25.0,175.0,14.0,0.5,0.4,0.4
1974,2,50.0,3.0,25.0,26.0,27.0,25.95,26.0,0.8,16.0,0.3,0.5,0.4,24.83,26.1,27.39,26.06,27.0,1.33,16.0,0.4,0.5,0.4,15.58,17.09,18.49,17.08,18.0,1.37,16.0,0.3,0.5,0.4,74.7,84.0,88.1,81.9,18.0,7.1,16.0,0.3,0.4,4.6,6.45,8.56,6.61,28.0,2.16,16.0,0.4,0.5,0.4,-5.36,-4.15,-2.96,-4.13,28.0,1.46,16.0,0.4,0.5,0.4,-7.36,-4.85,-3.12,-5.05,28.0,1.93,16.0,0.4,0.5,0.4,1010.05,1011.4,1014.1,1012.01,27.0,2.33,16.0,0.4,0.5,0.4,1.0,3.0,5.0,3.0,26.0,2.2,16.0,0.4,0.5,0.4,-44.8,-26.7,-13.6,-29.8,28.0,18.2,16.0,0.4,0.5,0.4,-62.7,-32.6,-14.2,-37.2,28.0,25.2,16.0,0.4,0.5,0.4,-1.11,0.3,0.92,-0.02,25.0,1.16,18.0,0.4,0.5,0.4,-6.0,1.4,6.1,0.3,25.0,8.2,18.0,0.4,0.5,0.4,2.8,3.9,5.12,3.95,18.0,1.37,16.0,0.3,0.5,0.4,10.6,22.1,30.4,23.2,18.0,13.3,16.0,0.3,0.5,0.4,-131.7,-108.8,-73.9,-105.9,27.0,37.1,16.0,0.4,0.5,0.4,-185.1,-127.7,-78.5,-127.2,27.0,45.4,16.0,0.4,0.5,0.4,-75.7,-59.6,-41.0,-59.7,18.0,22.2,16.0,0.3,0.5,0.4,-97.5,-73.1,-46.7,-74.5,18.0,26.1,16.0,0.3,0.5,0.4,-18.7,-16.3,-6.2,-13.7,18.0,5.8,16.0,0.3,0.5,0.4,-24.3,-14.7,-8.1,-18.2,18.0,12.8,16.0,0.3,0.5,0.4,97.5,269.5,628.0,380.5,28.0,346.5,16.0,0.4,0.5,0.4,95.0,270.0,630.0,380.0,28.0,345.0,16.0,0.4,0.5,0.4
1974,2,50.0,4.0,25.54,26.0,26.62,26.11,16.0,0.94,14.0,0.4,0.6,0.2,25.0,25.65,26.62,25.94,16.0,1.1,14.0,0.4,0.6,0.2,14.8,16.24,17.96,16.55,12.0,1.74,12.0,0.4,0.6,0.1,74.1,78.4,85.0,78.7,12.0,5.9,12.0,0.4,0.1,3.48,6.15,8.89,6.21,16.0,2.54,14.0,0.4,0.6,0.2,-5.59,-3.52,-2.5,-3.78,16.0,2.01,14.0,0.4,0.6,0.2,-6.85,-3.78,-1.42,-4.14,16.0,3.15,14.0,0.4,0.6,0.2,1010.5,1012.3,1013.58,1012.05,16.0,1.76,14.0,0.4,0.6,0.2,0.0,2.0,3.8,2.3,15.0,2.2,14.0,0.4,0.6,0.2,-48.7,-19.3,-9.3,-26.9,16.0,19.2,14.0,0.4,0.6,0.2,-60.5,-18.1,-5.8,-32.0,16.0,29.1,14.0,0.4,0.6,0.2,-0.6,0.15,1.19,0.17,16.0,1.4,14.0,0.4,0.6,0.2,-4.5,0.5,8.9,0.3,16.0,9.2,14.0,0.4,0.6,0.2,2.22,4.4,5.61,4.24,12.0,1.77,12.0,0.4,0.6,0.1,15.9,22.3,35.6,26.7,12.0,15.4,12.0,0.4,0.6,0.1,-144.5,-95.0,-63.0,-98.0,16.0,51.6,14.0,0.4,0.6,0.2,-175.1,-96.5,-35.7,-108.4,16.0,84.4,14.0,0.4,0.6,0.2,-88.8,-63.6,-41.4,-66.8,12.0,27.6,12.0,0.4,0.6,0.1,-119.0,-62.5,-24.4,-71.6,12.0,50.6,12.0,0.4,0.6,0.1,-24.0,-14.6,-10.8,-16.4,12.0,8.1,12.0,0.4,0.6,0.1,-31.4,-15.3,-4.6,-18.9,12.0,16.4,12.0,0.4,0.6,0.1,44.5,253.0,702.0,350.0,16.0,309.5,14.0,0.4,0.6,0.2,45.0,255.0,700.0,350.0,16.0,310.0,14.0,0.4,0.6,0.2
1974,2,50.0,5.0,25.46,25.6,26.62,25.98,5.0,0.69,12.0,0.4,0.6,0.2,24.83,25.5,27.99,26.38,5.0,2.4,12.0,0.4,0.6,0.2,15.21,15.33,17.63,16.37,4.0,2.23,8.0,0.3,0.5,0.3,75.4,79.0,86.4,80.8,4.0,7.4,8.0,0.3,0.3,4.42,4.6,8.86,6.3,5.0,2.64,12.0,0.4,0.6,0.2,-5.69,-4.53,-3.49,-4.57,5.0,1.42,12.0,0.4,0.6,0.2,-6.79,-3.14,-1.75,-4.04,5.0,2.85,12.0,0.4,0.6,0.2,1010.31,1011.3,1013.39,1011.9,5.0,2.33,12.0,0.4,0.6,0.2,1.6,3.0,5.1,3.4,5.0,2.3,12.0,0.4,0.6,0.2,-50.9,-20.8,-15.6,-31.5,5.0,22.0,12.0,0.4,0.6,0.2,-60.7,-12.9,-8.1,-31.0,5.0,31.6,12.0,0.4,0.6,0.2,-1.37,0.1,0.63,-0.4,5.0,1.76,12.0,0.4,0.6,0.2,-13.0,0.8,2.8,-5.5,5.0,16.1,12.0,0.4,0.6,0.2,3.28,5.05,5.27,4.31,4.0,1.73,8.0,0.3,0.5,0.3,14.1,21.9,34.2,24.1,4.0,15.1,8.0,0.3,0.5,0.3,-156.7,-109.6,-91.5,-122.4,5.0,47.5,12.0,0.4,0.6,0.2,-186.7,-79.1,-45.9,-110.5,5.0,85.4,12.0,0.4,0.6,0.2,-79.1,-74.0,-54.2,-67.0,4.0,18.3,8.0,0.3,0.5,0.3,-72.7,-46.7,-28.0,-50.2,4.0,34.0,8.0,0.3,0.5,0.3,-25.7,-18.0,-10.0,-17.9,4.0,9.6,8.0,0.3,0.5,0.3,-25.4,-10.0,-4.0,-14.5,4.0,14.2,8.0,0.3,0.5,0.3,87.0,97.5,715.0,363.0,5.0,409.0,12.0,0.4,0.6,0.2,85.0,95.0,715.0,365.0,5.0,410.0,12.0,0.4,0.6,0.2
1974,2,50.0,6.0,25.66,26.0,26.07,25.87,3.0,0.32,16.0,0.7,0.3,0.3,25.27,26.5,26.7,26.0,3.0,1.14,16.0,0.7,0.3,0.3,14.61,15.04,16.58,15.58,3.0,1.51,16.0,0.7,0.3,0.3,70.2,74.2,78.3,74.2,3.0,5.9,16.0,0.7,0.3,5.58,7.7,8.79,7.2,3.0,2.39,16.0,0.7,0.3,0.3,-5.7,-2.63,-2.41,-4.02,3.0,2.69,16.0,0.7,0.3,0.3,-6.84,-5.98,-4.62,-5.73,3.0,1.64,16.0,0.7,0.3,0.3,1009.71,1010.8,1012.51,1011.1,3.0,2.07,16.0,0.7,0.3,0.3,1.3,2.0,3.4,2.3,3.0,1.5,16.0,0.7,0.3,0.3,-51.7,-20.3,-13.7,-32.4,3.0,29.7,16.0,0.7,0.3,0.3,-55.7,-55.6,-30.2,-43.2,3.0,21.6,16.0,0.7,0.3,0.3,-0.64,-0.5,0.39,-0.13,3.0,0.81,16.0,0.7,0.3,0.3,-5.7,-3.8,1.3,-2.2,3.0,5.3,16.0,0.7,0.3,0.3,4.45,6.04,6.11,5.3,3.0,1.38,16.0,0.7,0.3,0.3,28.0,28.5,48.0,37.8,3.0,16.7,16.0,0.7,0.3,0.3,-152.5,-69.8,-60.9,-105.8,3.0,74.0,16.0,0.7,0.3,0.3,-181.7,-160.2,-118.0,-150.1,3.0,47.5,16.0,0.7,0.3,0.3,-87.6,-45.5,-37.1,-61.9,3.0,39.6,16.0,0.7,0.3,0.3,-113.9,-89.9,-67.7,-90.8,3.0,33.9,16.0,0.7,0.3,0.3,-34.3,-13.9,-11.1,-22.5,3.0,18.5,16.0,0.7,0.3,0.3,-33.6,-26.8,-24.9,-29.2,3.0,6.6,16.0,0.7,0.3,0.3,211.5,456.5,694.0,452.5,3.0,353.5,16.0,0.7,0.3,0.3,210.0,455.0,695.0,455.0,3.0,355.0,16.0,0.7,0.3,0.3
1974,2,50.0,7.0,25.17,26.25,26.87,26.13,10.0,0.77,12.0,0.4,0.4,0.4,25.05,25.7,26.17,25.6,9.0,0.74,10.0,0.3,0.4,0.5,13.16,14.9,16.29,14.82,7.0,1.39,12.0,0.3,0.5,0.4,68.2,69.6,79.1,72.6,7.0,5.8,12.0,0.3,0.4,6.83,9.0,9.95,8.0,9.0,2.59,12.0,0.4,0.4,0.4,-7.03,-4.5,-2.83,-4.89,9.0,2.17,12.0,0.4,0.4,0.4,-7.72,-6.62,-3.36,-5.87,9.0,2.9,12.0,0.4,0.4,0.4,1011.11,1012.35,1013.97,1012.54,8.0,1.64,14.0,0.4,0.4,0.3,1.0,2.0,3.6,2.3,10.0,1.8,12.0,0.4,0.4,0.4,-65.0,-40.5,-20.9,-42.2,9.0,24.8,12.0,0.4,0.4,0.4,-72.6,-55.7,-23.4,-52.6,9.0,29.4,12.0,0.4,0.4,0.4,-0.15,0.6,1.07,0.43,9.0,0.87,10.0,0.3,0.4,0.5,-1.8,2.5,8.8,2.1,8.0,6.8,12.0,0.4,0.4,0.4,5.21,6.98,7.55,6.62,7.0,1.61,12.0,0.3,0.5,0.4,34.8,54.3,70.2,53.2,6.0,16.4,14.0,0.3,0.5,0.3,-177.9,-135.5,-86.1,-134.6,8.0,52.3,12.0,0.4,0.4,0.4,-202.4,-179.6,-149.2,-168.9,8.0,51.0,12.0,0.4,0.4,0.4,-109.6,-90.5,-52.3,-84.1,6.0,29.4,14.0,0.3,0.5,0.3,-103.4,-96.5,-78.9,-89.8,6.0,28.6,14.0,0.3,0.5,0.3,-51.4,-43.4,-16.3,-36.9,6.0,18.0,14.0,0.3,0.5,0.3,-47.7,-33.4,-28.0,-35.9,6.0,12.4,14.0,0.3,0.5,0.3,320.5,729.0,984.0,634.0,9.0,367.5,12.0,0.4,0.4,0.4,320.0,730.0,985.0,635.0,9.0,365.0,12.0,0.4,0.4,0.4
1974,2,50.0,8.0,25.2,26.3,26.97,26.18,8.0,0.79,12.0,0.5,0.6,0.5,25.2,26.2,26.5,26.11,8.0,0.97,12.0,0.5,0.6,0.5,14.42,14.5,15.17,14.77,5.0,0.51,12.0,0.4,0.7,0.5,67.9,72.9,76.2,72.3,5.0,4.6,12.0,0.4,0.5,7.13,8.2,9.86,8.09,8.0,1.93,12.0,0.5,0.6,0.5,-7.56,-5.32,-4.13,-5.64,8.0,1.55,12.0,0.5,0.6,0.5,-7.49,-6.45,-2.99,-5.22,8.0,2.92,12.0,0.5,0.6,0.5,1011.6,1012.5,1015.24,1013.2,7.0,1.73,14.0,0.4,0.6,0.5,1.0,2.5,3.9,2.4,8.0,1.7,12.0,0.5,0.6,0.5,-64.2,-40.5,-34.1,-47.2,8.0,20.8,12.0,0.5,0.6,0.5,-67.9,-54.9,-23.9,-46.5,8.0,27.1,12.0,0.5,0.6,0.5,-0.91,0.25,0.78,0.06,8.0,0.94,12.0,0.5,0.6,0.5,-3.9,2.5,5.6,0.9,8.0,7.4,12.0,0.5,0.6,0.5,5.68,6.44,7.63,6.58,5.0,1.16,12.0,0.4,0.7,0.5,43.6,49.8,68.6,55.7,5.0,16.4,12.0,0.4,0.7,0.5,-197.6,-134.0,-113.3,-147.3,8.0,40.9,12.0,0.5,0.6,0.5,-197.3,-166.9,-77.7,-135.0,8.0,76.5,12.0,0.5,0.6,0.5,-112.1,-82.2,-71.7,-89.2,5.0,22.6,12.0,0.4,0.7,0.5,-100.9,-95.1,-56.2,-81.0,5.0,27.4,12.0,0.4,0.7,0.5,-59.3,-34.5,-27.8,-41.4,5.0,17.9,12.0,0.4,0.7,0.5,-43.4,-35.4,-26.0,-35.2,5.0,11.8,12.0,0.4,0.7,0.5,366.0,551.5,962.0,602.0,8.0,330.0,12.0,0.5,0.6,0.5,365.0,550.0,960.0,600.0,8.0,330.0,12.0,0.5,0.6,0.5
1974,2,50.0,9.0,,,,,,,,,,,,,,,,,,,,,,,,,,,,,,,,,,,,,,,,1.95,4.0,6.05,4.0,2.0,4.24,14.0,0.5,0.9,0.2,-5.2,-3.35,-1.5,-3.35,2.0,3.83,14.0,0.5,0.9,0.2,-3.07,-2.13,-1.2,-2.13,2.0,1.93,14.0,0.5,0.9,0.2,1010.3,1010.3,1010.3,1010.3,1.0,0.0,22.0,1.0,0.9,0.0,,,,,,,,,,,,,,,,,,,,,,,,,,,,,,,,,,,,,,,,,,,,,,,,,,,,,,,,,,,,,,,,,,,,,,,,,,,,,,,,,,,,,,,,,,,,,,,,,,,,,,,,,,,,,,,,,,,,,,,,,,,,,,,,,,,,,,,,,,,,,,,,,,,,,,
1974,2,50.0,12.0,25.14,25.55,26.23,25.67,18.0,0.73,18.0,0.5,0.6,0.2,24.26,25.3,27.0,25.55,17.0,1.41,16.0,0.5,0.6,0.2,13.77,14.87,16.31,14.94,8.0,1.41,16.0,0.6,0.6,0.2,72.6,77.0,80.1,75.8,8.0,4.7,16.0,0.6,0.2,4.32,6.2,9.0,6.71,17.0,2.2,18.0,0.5,0.6,0.2,-8.71,-5.83,-4.15,-6.29,17.0,2.21,18.0,0.5,0.6,0.2,-3.2,-2.0,0.0,-1.75,17.0,1.58,18.0,0.5,0.6,0.2,1011.91,1013.05,1016.16,1013.72,18.0,2.16,18.0,0.5,0.6,0.2,0.0,1.0,5.3,2.2,18.0,2.3,18.0,0.5,0.6,0.2,-78.4,-36.1,-18.7,-46.7,17.0,30.7,18.0,0.5,0.6,0.2,-29.5,-11.1,0.0,-12.4,17.0,13.1,18.0,0.5,0.6,0.2,-1.3,0.4,1.15,0.14,17.0,1.48,16.0,0.5,0.6,0.2,-3.4,2.6,6.8,1.9,16.0,10.4,16.0,0.5,0.6,0.2,4.06,5.76,6.48,5.48,8.0,1.27,16.0,0.6,0.6,0.2,23.0,26.2,54.9,34.5,8.0,18.9,16.0,0.6,0.6,0.2,-216.7,-146.3,-99.9,-152.9,16.0,49.1,16.0,0.5,0.6,0.2,-79.1,-49.5,0.0,-47.1,16.0,39.5,16.0,0.5,0.6,0.2,-115.6,-80.2,-55.8,-85.1,8.0,28.1,16.0,0.6,0.6,0.2,-41.5,-30.2,-2.2,-25.3,8.0,17.3,16.0,0.6,0.6,0.2,-51.7,-25.4,-20.1,-32.4,8.0,17.9,16.0,0.6,0.6,0.2,-19.0,-9.5,-1.0,-10.4,8.0,8.5,16.0,0.6,0.6,0.2,82.0,238.5,729.0,397.5,17.0,358.5,18.0,0.5,0.6,0.2,80.0,240.0,730.0,395.0,17.0,360.0,18.0,0.5,0.6,0.2
1974,2,50.0,14.0,24.0,25.0,26.0,25.11,107.0,0.86,16.0,0.5,0.6,0.8,23.4,25.0,26.2,24.88,105.0,1.26,16.0,0.5,0.6,0.8,12.65,13.98,14.32,13.51,4.0,1.4,18.0,0.3,0.6,0.4,62.4,79.0,81.9,72.5,4.0,15.7,18.0,0.3,0.4,1.0,3.0,4.0,3.06,103.0,1.85,16.0,0.5,0.7,0.8,-4.0,-3.0,-1.0,-2.98,103.0,1.85,16.0,0.5,0.7,0.8,0.0,0.0,0.0,-0.07,103.0,0.7,16.0,0.5,0.7,0.8,1013.9,1015.9,1017.82,1015.98,107.0,1.84,16.0,0.5,0.6,0.8,0.0,0.0,3.0,1.4,107.0,2.0,16.0,0.5,0.6,0.8,-16.0,-9.0,-1.0,-12.5,103.0,15.8,16.0,0.5,0.7,0.8,0.0,0.0,0.0,-0.3,103.0,2.9,16.0,0.5,0.7,0.8,-1.16,0.2,1.8,0.26,103.0,1.26,16.0,0.5,0.6,0.8,-3.0,0.4,3.8,0.6,98.0,4.2,16.0,0.5,0.6,0.8,5.38,5.52,8.83,7.03,4.0,3.2,18.0,0.3,0.6,0.4,28.7,29.9,71.7,49.7,3.0,35.8,16.0,0.3,0.7,0.4,-96.4,-74.7,-24.5,-73.6,99.0,46.9,16.0,0.5,0.6,0.8,0.0,0.0,0.0,-1.7,99.0,17.6,16.0,0.5,0.6,0.8,-86.2,-82.0,-57.3,-72.0,3.0,22.9,16.0,0.3,0.7,0.4,-37.2,0.0,9.9,-13.4,3.0,36.4,16.0,0.3,0.7,0.4,-71.5,-29.5,-21.7,-46.2,3.0,39.3,16.0,0.3,0.7,0.4,-14.7,0.0,3.5,-5.4,3.0,14.2,16.0,0.3,0.7,0.4,1.0,27.0,64.0,66.0,103.0,137.5,16.0,0.5,0.7,0.8,0.0,25.0,65.0,65.0,103.0,135.0,16.0,0.5,0.7,0.8
1974,2,50.0,24.0,,,,,,,,,,,,,,,,,,,,,,,,,,,,,,,,,,,,,,,,5.1,5.1,5.1,5.1,1.0,0.0,10.0,1.0,0.1,0.0,-2.55,-2.55,-2.55,-2.55,1.0,0.0,10.0,1.0,0.1,0.0,-4.42,-4.42,-4.42,-4.42,1.0,0.0,10.0,1.0,0.1,0.0,1009.7,1009.7,1009.7,1009.7,1.0,0.0,10.0,1.0,0.1,0.0,,,,,,,,,,,,,,,,,,,,,,,,,,,,,,,,,,,,,,,,,,,,,,,,,,,,,,,,,,,,,,,,,,,,,,,,,,,,,,,,,,,,,,,,,,,,,,,,,,,,,,,,,,,,,,,,,,,,,,,,,,,,,,,,,,,,,,,,,,,,,,,,,,,,,,
1974,2,50.0,26.0,,,,,,,,,,,,,,,,,,,,,,,,,,,,,,,,,,,,,,,,8.0,8.0,8.0,8.0,1.0,0.0,12.0,0.0,0.9,0.3,-5.14,-5.14,-5.14,-5.14,1.0,0.0,12.0,0.0,0.9,0.3,6.13,6.13,6.13,6.13,1.0,0.0,12.0,0.0,0.9,0.3,1016.7,1016.7,1016.7,1016.7,1.0,0.0,12.0,0.0,0.9,0.3,,,,,,,,,,,,,,,,,,,,,,,,,,,,,,,,,,,,,,,,,,,,,,,,,,,,,,,,,,,,,,,,,,,,,,,,,,,,,,,,,,,,,,,,,,,,,,,,,,,,,,,,,,,,,,,,,,,,,,,,,,,,,,,,,,,,,,,,,,,,,,,,,,,,,,
1974,2,50.0,27.0,17.69,18.0,19.57,18.6,4.0,1.62,10.0,1.0,0.5,0.6,15.67,17.65,19.21,17.4,6.0,2.17,14.0,0.7,0.6,0.5,5.97,6.35,8.23,7.09,3.0,1.77,14.0,0.7,0.7,0.4,55.5,64.9,66.5,61.1,3.0,8.7,14.0,0.7,0.4,3.61,4.1,8.76,5.33,6.0,2.83,14.0,0.7,0.6,0.5,-3.41,-1.38,2.65,-1.3,6.0,4.15,14.0,0.7,0.6,0.5,-4.89,-1.53,3.18,-1.44,6.0,4.52,14.0,0.7,0.6,0.5,1011.28,1017.2,1023.65,1017.53,6.0,5.91,14.0,0.7,0.6,0.5,0.8,2.0,7.2,3.3,6.0,3.4,14.0,0.7,0.6,0.5,-22.4,-3.7,13.5,-9.3,6.0,35.1,14.0,0.7,0.6,0.5,-27.8,-6.1,17.3,-9.6,6.0,34.4,14.0,0.7,0.6,0.5,-0.67,0.35,2.26,0.78,4.0,1.94,10.0,1.0,0.5,0.6,-1.7,3.9,19.8,8.8,4.0,14.7,10.0,1.0,0.5,0.6,3.99,4.75,5.51,4.75,2.0,1.57,14.0,1.0,0.6,0.4,14.5,29.3,44.1,29.3,2.0,30.7,14.0,1.0,0.6,0.4,-66.6,-22.6,42.8,-27.6,6.0,78.5,14.0,0.7,0.6,0.5,-78.1,-28.0,58.1,-20.1,6.0,71.5,14.0,0.7,0.6,0.5,-16.8,-11.9,9.1,-4.0,3.0,20.2,14.0,0.7,0.7,0.4,-35.4,0.0,14.0,-10.5,3.0,37.4,14.0,0.7,0.7,0.4,-3.7,4.9,13.5,4.9,2.0,17.7,14.0,1.0,0.6,0.4,-40.3,-24.0,-7.6,-24.0,2.0,33.9,14.0,1.0,0.6,0.4,52.5,69.0,673.0,266.5,6.0,332.5,14.0,0.7,0.6,0.5,55.0,70.0,675.0,265.0,6.0,335.0,14.0,0.7,0.6,0.5
1974,2,50.0,28.0,16.62,18.2,18.38,17.82,11.0,1.51,18.0,0.5,0.4,0.5,16.16,17.5,19.24,17.55,11.0,1.64,18.0,0.5,0.4,0.5,7.28,9.3,10.42,8.94,9.0,1.58,18.0,0.6,0.4,0.6,63.3,69.6,83.1,73.2,9.0,9.6,18.0,0.6,0.6,2.63,5.1,7.61,5.12,11.0,2.65,18.0,0.5,0.4,0.5,-3.47,-0.52,1.65,-0.72,11.0,2.8,18.0,0.5,0.4,0.5,-4.34,-1.61,4.68,-0.29,11.0,5.23,18.0,0.5,0.4,0.5,1011.26,1015.8,1018.77,1015.77,11.0,3.48,18.0,0.5,0.4,0.5,0.0,3.0,7.4,3.3,11.0,3.1,18.0,0.5,0.4,0.5,-22.7,-1.6,6.7,-5.4,11.0,17.0,18.0,0.5,0.4,0.5,-19.9,-3.4,33.7,6.5,11.0,42.2,18.0,0.5,0.4,0.5,-0.94,1.0,1.18,0.27,11.0,1.52,18.0,0.5,0.4,0.5,-4.1,4.0,6.4,0.9,11.0,7.7,18.0,0.5,0.4,0.5,2.67,3.62,4.85,3.68,9.0,1.12,18.0,0.6,0.4,0.6,11.4,18.5,31.8,20.6,9.0,12.0,18.0,0.6,0.4,0.6,-61.2,-9.4,30.3,-13.6,11.0,47.9,18.0,0.5,0.4,0.5,-75.7,-27.6,82.8,-1.6,11.0,95.8,18.0,0.5,0.4,0.5,-37.7,-8.2,9.9,-11.9,9.0,27.3,18.0,0.6,0.4,0.6,-41.3,-11.6,50.4,5.3,9.0,49.6,18.0,0.6,0.4,0.6,-14.1,-3.2,6.6,-2.7,9.0,10.6,18.0,0.6,0.4,0.6,-18.2,-2.6,25.7,1.1,9.0,22.4,18.0,0.6,0.4,0.6,19.5,132.5,447.0,240.0,11.0,329.0,18.0,0.5,0.4,0.5,20.0,135.0,445.0,240.0,11.0,330.0,18.0,0.5,0.4,0.5
1974,2,50.0,29.0,19.05,20.65,22.25,20.65,2.0,3.32,10.0,0.5,0.2,0.0,18.36,20.85,23.34,20.85,2.0,5.16,10.0,0.5,0.2,0.0,10.57,10.57,10.57,10.57,1.0,0.0,12.0,0.0,0.0,0.0,86.9,86.9,86.9,86.9,1.0,0.0,12.0,0.0,0.0,0.33,1.05,1.77,1.05,2.0,1.48,10.0,0.5,0.2,0.0,-1.53,-0.91,-0.29,-0.91,2.0,1.29,10.0,0.5,0.2,0.0,-0.88,-0.52,-0.17,-0.52,2.0,0.74,10.0,0.5,0.2,0.0,1014.87,1016.95,1019.03,1016.95,2.0,4.31,10.0,0.5,0.2,0.0,1.2,1.5,1.8,1.5,2.0,0.7,10.0,0.5,0.2,0.0,-3.2,-1.9,-0.6,-1.9,2.0,2.7,10.0,0.5,0.2,0.0,-1.9,-1.1,-0.3,-1.1,2.0,1.6,10.0,0.5,0.2,0.0,-1.09,-0.2,0.69,-0.2,2.0,1.84,10.0,0.5,0.2,0.0,0.4,1.2,1.9,1.2,2.0,1.6,10.0,0.5,0.2,0.0,2.49,2.49,2.49,2.49,1.0,0.0,12.0,0.0,0.0,0.0,5.2,5.2,5.2,5.2,1.0,0.0,12.0,0.0,0.0,0.0,-26.3,-15.6,-5.0,-15.6,2.0,22.1,10.0,0.5,0.2,0.0,-15.2,-9.0,-2.9,-9.0,2.0,12.8,10.0,0.5,0.2,0.0,-19.2,-19.2,-19.2,-19.2,1.0,0.0,12.0,0.0,0.0,0.0,-11.1,-11.1,-11.1,-11.1,1.0,0.0,12.0,0.0,0.0,0.0,-4.5,-4.5,-4.5,-4.5,1.0,0.0,12.0,0.0,0.0,0.0,-2.6,-2.6,-2.6,-2.6,1.0,0.0,12.0,0.0,0.0,0.0,1.5,4.5,8.0,4.5,2.0,6.5,10.0,0.5,0.2,0.0,0.0,5.0,10.0,5.0,2.0,5.0,10.0,0.5,0.2,0.0
1974,2,50.0,38.0,,,,,,,,,,,,,,,,,,,,,,,,,,,,,,,,,,,,,,,,3.1,3.1,3.1,3.1,1.0,0.0,16.0,0.0,0.5,0.3,-0.54,-0.54,-0.54,-0.54,1.0,0.0,16.0,0.0,0.5,0.3,3.05,3.05,3.05,3.05,1.0,0.0,16.0,0.0,0.5,0.3,1021.5,1021.5,1021.5,1021.5,1.0,0.0,16.0,0.0,0.5,0.3,,,,,,,,,,,,,,,,,,,,,,,,,,,,,,,,,,,,,,,,,,,,,,,,,,,,,,,,,,,,,,,,,,,,,,,,,,,,,,,,,,,,,,,,,,,,,,,,,,,,,,,,,,,,,,,,,,,,,,,,,,,,,,,,,,,,,,,,,,,,,,,,,,,,,,
1974,2,50.0,39.0,,,,,,,,,,,,,,,,,,,,,,,,,,,,,,,,,,,,,,,,2.2,5.55,6.91,4.7,8.0,2.76,8.0,0.8,0.3,0.4,-0.93,1.59,4.96,1.62,8.0,3.32,8.0,0.8,0.3,0.4,-5.78,-1.03,1.01,-1.47,8.0,4.05,8.0,0.8,0.3,0.4,1019.41,1020.9,1023.9,1021.3,5.0,2.85,14.0,0.8,0.2,0.5,,,,,,,,,,,,,,,,,,,,,,,,,,,,,,,,,,,,,,,,,,,,,,,,,,,,,,,,,,,,,,,,,,,,,,,,,,,,,,,,,,,,,,,,,,,,,,,,,,,,,,,,,,,,,,,,,,,,,,,,,,,,,,,,,,,,,,,,,,,,,,,,,,,,,,
1974,2,50.0,40.0,,,,,,,,,,,,,,,,,,,,,,,,,,,,,,,,,,,,,,,,1.59,3.6,4.31,3.07,6.0,1.83,10.0,1.0,0.7,0.4,-3.93,0.27,2.22,-0.33,6.0,3.08,10.0,1.0,0.7,0.4,-3.1,-0.7,0.42,-0.95,6.0,1.99,10.0,1.0,0.7,0.4,1020.94,1025.2,1028.15,1024.48,5.0,4.17,12.0,1.0,0.6,0.5,,,,,,,,,,,,,,,,,,,,,,,,,,,,,,,,,,,,,,,,,,,,,,,,,,,,,,,,,,,,,,,,,,,,,,,,,,,,,,,,,,,,,,,,,,,,,,,,,,,,,,,,,,,,,,,,,,,,,,,,,,,,,,,,,,,,,,,,,,,,,,,,,,,,,,
1974,2,50.0,41.0,,,,,,,,,,,,,,,,,,,,,,,,,,,,,,,,,,,,,,,,2.32,5.65,11.58,6.75,8.0,5.05,10.0,0.8,0.4,0.3,-6.2,0.0,2.99,-1.27,8.0,4.48,10.0,0.8,0.4,0.3,-7.24,-1.84,2.76,-1.42,8.0,7.3,10.0,0.8,0.4,0.3,1015.45,1025.1,1029.84,1023.94,8.0,8.67,10.0,0.8,0.4,0.3,,,,,,,,,,,,,,,,,,,,,,,,,,,,,,,,,,,,,,,,,,,,,,,,,,,,,,,,,,,,,,,,,,,,,,,,,,,,,,,,,,,,,,,,,,,,,,,,,,,,,,,,,,,,,,,,,,,,,,,,,,,,,,,,,,,,,,,,,,,,,,,,,,,,,,
1974,2,50.0,42.0,,,,,,,,,,,,,,,,,,,,,,,,,,,,,,,,,,,,,,,,0.81,2.55,4.29,2.55,2.0,3.61,14.0,1.0,0.2,0.2,0.52,1.64,2.76,1.64,2.0,2.32,14.0,1.0,0.2,0.2,-3.29,-1.95,-0.62,-1.95,2.0,2.76,14.0,1.0,0.2,0.2,1012.77,1018.3,1023.83,1018.3,2.0,11.46,14.0,1.0,0.2,0.2,,,,,,,,,,,,,,,,,,,,,,,,,,,,,,,,,,,,,,,,,,,,,,,,,,,,,,,,,,,,,,,,,,,,,,,,,,,,,,,,,,,,,,,,,,,,,,,,,,,,,,,,,,,,,,,,,,,,,,,,,,,,,,,,,,,,,,,,,,,,,,,,,,,,,,
1974,2,50.0,43.0,,,,,,,,,,,,,,,,,,,,,,,,,,,,,,,,,,,,,,,,2.73,5.1,9.74,6.48,5.0,5.51,8.0,0.6,0.4,0.4,-7.46,-3.1,2.07,-2.98,5.0,6.25,8.0,0.6,0.4,0.4,-3.07,0.0,4.99,1.13,5.0,5.58,8.0,0.6,0.4,0.4,1017.28,1026.5,1029.6,1023.52,5.0,8.17,8.0,0.6,0.4,0.4,,,,,,,,,,,,,,,,,,,,,,,,,,,,,,,,,,,,,,,,,,,,,,,,,,,,,,,,,,,,,,,,,,,,,,,,,,,,,,,,,,,,,,,,,,,,,,,,,,,,,,,,,,,,,,,,,,,,,,,,,,,,,,,,,,,,,,,,,,,,,,,,,,,,,,
1974,2,51.0,-66.0,-0.6,-0.1,0.03,-0.21,12.0,0.33,20.0,0.8,0.5,0.5,-3.1,-2.35,-1.02,-2.08,12.0,1.04,20.0,0.8,0.5,0.5,2.76,2.91,3.51,3.04,8.0,0.41,20.0,0.8,0.5,0.5,84.2,89.8,93.4,90.2,8.0,5.5,20.0,0.8,0.5,2.97,13.1,18.25,11.36,12.0,6.92,20.0,0.8,0.5,0.5,-17.62,-13.01,-2.45,-10.85,12.0,6.71,20.0,0.8,0.5,0.5,-0.66,0.0,6.22,1.48,12.0,3.59,20.0,0.8,0.5,0.5,985.95,992.75,995.73,991.17,12.0,4.67,20.0,0.8,0.5,0.5,7.1,8.0,8.0,7.7,8.0,0.5,20.0,0.8,0.5,0.5,-326.1,-174.8,-6.6,-165.6,12.0,142.2,20.0,0.8,0.5,0.5,-2.3,0.0,109.6,30.8,12.0,59.7,20.0,0.8,0.5,0.5,0.55,2.4,2.85,1.88,12.0,1.09,20.0,0.8,0.5,0.5,2.0,33.7,49.2,27.7,12.0,22.9,20.0,0.8,0.5,0.5,0.37,0.94,1.15,0.79,8.0,0.42,20.0,0.8,0.5,0.5,0.8,12.3,19.6,10.9,8.0,9.0,20.0,0.8,0.5,0.5,2.7,30.3,51.1,28.0,12.0,22.6,20.0,0.8,0.5,0.5,-18.2,0.0,0.1,-4.6,12.0,8.5,20.0,0.8,0.5,0.5,-43.7,-36.5,-8.8,-30.2,8.0,17.1,20.0,0.8,0.5,0.5,-3.7,0.0,13.2,3.0,8.0,10.6,20.0,0.8,0.5,0.5,-19.3,-12.3,-0.7,-10.4,8.0,8.5,20.0,0.8,0.5,0.5,-0.2,0.0,6.4,2.0,8.0,4.1,20.0,0.8,0.5,0.5,26.5,2375.5,6093.0,2893.0,12.0,2846.5,20.0,0.8,0.5,0.5,25.0,2375.0,6095.0,2895.0,12.0,2845.0,20.0,0.8,0.5,0.5
1974,2,51.0,-65.0,0.6,0.6,0.6,0.6,1.0,0.0,26.0,1.0,0.1,0.3,-1.1,-1.1,-1.1,-1.1,1.0,0.0,26.0,1.0,0.1,0.3,3.43,3.43,3.43,3.43,1.0,0.0,26.0,1.0,0.1,0.3,95.7,95.7,95.7,95.7,1.0,0.0,26.0,1.0,0.3,2.6,2.6,2.6,2.6,1.0,0.0,26.0,1.0,0.1,0.3,-2.6,-2.6,-2.6,-2.6,1.0,0.0,26.0,1.0,0.1,0.3,0.0,0.0,0.0,0.0,1.0,0.0,26.0,1.0,0.1,0.3,986.5,986.5,986.5,986.5,1.0,0.0,26.0,1.0,0.1,0.3,8.0,8.0,8.0,8.0,1.0,0.0,26.0,1.0,0.1,0.3,-6.8,-6.8,-6.8,-6.8,1.0,0.0,26.0,1.0,0.1,0.3,0.0,0.0,0.0,0.0,1.0,0.0,26.0,1.0,0.1,0.3,1.7,1.7,1.7,1.7,1.0,0.0,26.0,1.0,0.1,0.3,4.4,4.4,4.4,4.4,1.0,0.0,26.0,1.0,0.1,0.3,0.63,0.63,0.63,0.63,1.0,0.0,26.0,1.0,0.1,0.3,1.6,1.6,1.6,1.6,1.0,0.0,26.0,1.0,0.1,0.3,2.9,2.9,2.9,2.9,1.0,0.0,26.0,1.0,0.1,0.3,0.0,0.0,0.0,0.0,1.0,0.0,26.0,1.0,0.1,0.3,-8.9,-8.9,-8.9,-8.9,1.0,0.0,26.0,1.0,0.1,0.3,0.0,0.0,0.0,0.0,1.0,0.0,26.0,1.0,0.1,0.3,-1.6,-1.6,-1.6,-1.6,1.0,0.0,26.0,1.0,0.1,0.3,0.0,0.0,0.0,0.0,1.0,0.0,26.0,1.0,0.1,0.3,17.5,17.5,17.5,17.5,1.0,0.0,26.0,1.0,0.1,0.3,20.0,20.0,20.0,20.0,1.0,0.0,26.0,1.0,0.1,0.3
1974,2,51.0,-53.0,,,,,,,,,,,,,,,,,,,,,,,,,,,,,,,,,,,,,,,,19.0,19.0,19.0,19.0,1.0,0.0,26.0,1.0,0.7,0.7,18.71,18.71,18.71,18.71,1.0,0.0,26.0,1.0,0.7,0.7,-3.3,-3.3,-3.3,-3.3,1.0,0.0,26.0,1.0,0.7,0.7,999.7,999.7,999.7,999.7,1.0,0.0,26.0,1.0,0.7,0.7,,,,,,,,,,,,,,,,,,,,,,,,,,,,,,,,,,,,,,,,,,,,,,,,,,,,,,,,,,,,,,,,,,,,,,,,,,,,,,,,,,,,,,,,,,,,,,,,,,,,,,,,,,,,,,,,,,,,,,,,,,,,,,,,,,,,,,,,,,,,,,,,,,,,,,
1974,2,51.0,-52.0,,,,,,,,,,,,,,,,,,,,,,,,,,,,,,,,,,,,,,,,17.0,17.0,17.0,17.0,1.0,0.0,26.0,1.0,0.1,0.8,2.95,2.95,2.95,2.95,1.0,0.0,26.0,1.0,0.1,0.8,-16.74,-16.74,-16.74,-16.74,1.0,0.0,26.0,1.0,0.1,0.8,993.3,993.3,993.3,993.3,1.0,0.0,26.0,1.0,0.1,0.8,,,,,,,,,,,,,,,,,,,,,,,,,,,,,,,,,,,,,,,,,,,,,,,,,,,,,,,,,,,,,,,,,,,,,,,,,,,,,,,,,,,,,,,,,,,,,,,,,,,,,,,,,,,,,,,,,,,,,,,,,,,,,,,,,,,,,,,,,,,,,,,,,,,,,,
1974,2,51.0,-51.0,,,,,,,,,,,,,,,,,,,,,,,,,,,,,,,,,,,,,,,,13.0,13.0,13.0,13.0,1.0,0.0,26.0,0.0,0.1,0.8,2.26,2.26,2.26,2.26,1.0,0.0,26.0,0.0,0.1,0.8,-12.8,-12.8,-12.8,-12.8,1.0,0.0,26.0,0.0,0.1,0.8,1006.6,1006.6,1006.6,1006.6,1.0,0.0,26.0,0.0,0.1,0.8,,,,,,,,,,,,,,,,,,,,,,,,,,,,,,,,,,,,,,,,,,,,,,,,,,,,,,,,,,,,,,,,,,,,,,,,,,,,,,,,,,,,,,,,,,,,,,,,,,,,,,,,,,,,,,,,,,,,,,,,,,,,,,,,,,,,,,,,,,,,,,,,,,,,,,
1974,2,51.0,-45.0,9.11,9.35,9.59,9.35,2.0,0.49,8.0,0.5,0.3,1.0,7.35,8.75,10.15,8.75,2.0,2.9,8.0,0.5,0.3,1.0,5.44,6.35,7.25,6.35,2.0,1.87,8.0,0.5,0.3,1.0,85.5,89.8,94.1,89.8,2.0,8.9,8.0,0.5,1.0,4.68,4.85,5.02,4.85,2.0,0.35,8.0,0.5,0.3,1.0,-3.23,-3.12,-3.01,-3.12,2.0,0.23,8.0,0.5,0.3,1.0,-2.34,0.19,2.73,0.19,2.0,5.25,8.0,0.5,0.3,1.0,1018.8,1020.1,1021.4,1020.1,2.0,2.69,8.0,0.5,0.3,1.0,2.1,4.5,6.9,4.5,2.0,4.9,8.0,0.5,0.3,1.0,-16.2,-15.2,-14.1,-15.2,2.0,2.2,8.0,0.5,0.3,1.0,-10.5,1.9,14.2,1.9,2.0,25.6,8.0,0.5,0.3,1.0,-0.56,0.6,1.76,0.6,2.0,2.4,8.0,0.5,0.3,1.0,-2.4,3.3,9.1,3.3,2.0,11.9,8.0,0.5,0.3,1.0,0.11,0.88,1.66,0.88,2.0,1.61,8.0,0.5,0.3,1.0,0.7,4.6,8.5,4.6,2.0,8.1,8.0,0.5,0.3,1.0,-30.4,-26.9,-23.5,-26.9,2.0,7.0,8.0,0.5,0.3,1.0,-27.9,-5.9,16.0,-5.9,2.0,45.4,8.0,0.5,0.3,1.0,-21.7,-19.6,-17.4,-19.6,2.0,4.4,8.0,0.5,0.3,1.0,-19.6,-3.7,12.2,-3.7,2.0,33.0,8.0,0.5,0.3,1.0,-5.5,-2.9,-0.4,-2.9,2.0,5.2,8.0,0.5,0.3,1.0,2.0,4.4,6.8,4.4,2.0,5.0,8.0,0.5,0.3,1.0,103.0,115.0,127.0,115.0,2.0,25.0,8.0,0.5,0.3,1.0,105.0,115.0,125.0,115.0,2.0,25.0,8.0,0.5,0.3,1.0
1974,2,51.0,-44.0,,,,,,,,,,,,,,,,,,,,,,,,,,,,,,,,,,,,,,,,2.79,6.65,10.51,6.65,2.0,7.99,4.0,1.0,0.5,0.2,-0.32,-0.19,-0.06,-0.19,2.0,0.26,4.0,1.0,0.5,0.2,-10.2,-5.69,-1.17,-5.69,2.0,9.35,4.0,1.0,0.5,0.2,1020.35,1023.25,1026.15,1023.25,2.0,6.01,4.0,1.0,0.5,0.2,,,,,,,,,,,,,,,,,,,,,,,,,,,,,,,,,,,,,,,,,,,,,,,,,,,,,,,,,,,,,,,,,,,,,,,,,,,,,,,,,,,,,,,,,,,,,,,,,,,,,,,,,,,,,,,,,,,,,,,,,,,,,,,,,,,,,,,,,,,,,,,,,,,,,,
1974,2,51.0,-43.0,12.0,12.0,12.0,12.0,1.0,0.0,10.0,1.0,0.2,0.9,13.9,13.9,13.9,13.9,1.0,0.0,10.0,1.0,0.2,0.9,8.26,8.26,8.26,8.26,1.0,0.0,10.0,1.0,0.2,0.9,84.3,84.3,84.3,84.3,1.0,0.0,10.0,1.0,0.9,7.7,7.7,7.7,7.7,1.0,0.0,10.0,1.0,0.2,0.9,2.63,2.63,2.63,2.63,1.0,0.0,10.0,1.0,0.2,0.9,-7.24,-7.24,-7.24,-7.24,1.0,0.0,10.0,1.0,0.2,0.9,1016.8,1016.8,1016.8,1016.8,1.0,0.0,10.0,1.0,0.2,0.9,1.0,1.0,1.0,1.0,1.0,0.0,10.0,1.0,0.2,0.9,20.3,20.3,20.3,20.3,1.0,0.0,10.0,1.0,0.2,0.9,-55.7,-55.7,-55.7,-55.7,1.0,0.0,10.0,1.0,0.2,0.9,-1.9,-1.9,-1.9,-1.9,1.0,0.0,10.0,1.0,0.2,0.9,-14.6,-14.6,-14.6,-14.6,1.0,0.0,10.0,1.0,0.2,0.9,0.39,0.39,0.39,0.39,1.0,0.0,10.0,1.0,0.2,0.9,3.0,3.0,3.0,3.0,1.0,0.0,10.0,1.0,0.2,0.9,36.6,36.6,36.6,36.6,1.0,0.0,10.0,1.0,0.2,0.9,-100.6,-100.6,-100.6,-100.6,1.0,0.0,10.0,1.0,0.2,0.9,21.8,21.8,21.8,21.8,1.0,0.0,10.0,1.0,0.2,0.9,-59.8,-59.8,-59.8,-59.8,1.0,0.0,10.0,1.0,0.2,0.9,1.0,1.0,1.0,1.0,1.0,0.0,10.0,1.0,0.2,0.9,-2.8,-2.8,-2.8,-2.8,1.0,0.0,10.0,1.0,0.2,0.9,456.5,456.5,456.5,456.5,1.0,0.0,10.0,1.0,0.2,0.9,455.0,455.0,455.0,455.0,1.0,0.0,10.0,1.0,0.2,0.9
1974,2,51.0,-40.0,17.46,18.45,19.44,18.45,2.0,2.05,16.0,0.5,0.6,0.5,15.73,17.3,18.87,17.3,2.0,3.25,16.0,0.5,0.6,0.5,10.07,11.32,12.57,11.32,2.0,2.59,16.0,0.5,0.6,0.5,90.7,91.8,92.9,91.8,2.0,2.3,16.0,0.5,0.5,7.85,9.25,10.65,9.25,2.0,2.9,16.0,0.5,0.6,0.5,-1.45,-0.36,0.74,-0.36,2.0,2.27,16.0,0.5,0.6,0.5,-4.2,2.02,8.24,2.02,2.0,12.88,16.0,0.5,0.6,0.5,1017.5,1018.15,1018.8,1018.15,2.0,1.34,16.0,0.5,0.6,0.5,8.0,8.0,8.0,8.0,2.0,0.0,16.0,0.5,0.6,0.5,-17.2,-6.6,4.1,-6.6,2.0,22.0,16.0,0.5,0.6,0.5,-23.0,37.3,97.7,37.3,2.0,125.0,16.0,0.5,0.6,0.5,-1.41,1.15,3.71,1.15,2.0,5.3,16.0,0.5,0.6,0.5,-7.0,18.3,43.6,18.3,2.0,52.4,16.0,0.5,0.6,0.5,-0.23,1.85,3.93,1.85,2.0,4.31,16.0,0.5,0.6,0.5,1.5,23.4,45.2,23.4,2.0,45.3,16.0,0.5,0.6,0.5,-20.9,-2.5,15.9,-2.5,2.0,38.1,16.0,0.5,0.6,0.5,-90.4,14.0,118.4,14.0,2.0,216.3,16.0,0.5,0.6,0.5,-13.1,-1.1,10.9,-1.1,2.0,24.8,16.0,0.5,0.6,0.5,-61.7,6.2,74.1,6.2,2.0,140.6,16.0,0.5,0.6,0.5,-8.3,-5.6,-2.8,-5.6,2.0,5.7,16.0,0.5,0.6,0.5,15.8,31.5,47.2,31.5,2.0,32.6,16.0,0.5,0.6,0.5,543.0,908.0,1273.0,908.0,2.0,756.5,16.0,0.5,0.6,0.5,545.0,910.0,1275.0,910.0,2.0,755.0,16.0,0.5,0.6,0.5
1974,2,51.0,-36.0,24.0,24.0,24.0,24.0,1.0,0.0,8.0,0.0,0.0,1.0,23.4,23.4,23.4,23.4,1.0,0.0,8.0,0.0,0.0,1.0,14.65,14.65,14.65,14.65,1.0,0.0,8.0,0.0,0.0,1.0,82.7,82.7,82.7,82.7,1.0,0.0,8.0,0.0,1.0,5.7,5.7,5.7,5.7,1.0,0.0,8.0,0.0,0.0,1.0,-3.66,-3.66,-3.66,-3.66,1.0,0.0,8.0,0.0,0.0,1.0,-4.37,-4.37,-4.37,-4.37,1.0,0.0,8.0,0.0,0.0,1.0,1024.5,1024.5,1024.5,1024.5,1.0,0.0,8.0,0.0,0.0,1.0,1.0,1.0,1.0,1.0,1.0,0.0,8.0,0.0,0.0,1.0,-20.9,-20.9,-20.9,-20.9,1.0,0.0,8.0,0.0,0.0,1.0,-24.9,-24.9,-24.9,-24.9,1.0,0.0,8.0,0.0,0.0,1.0,0.6,0.6,0.6,0.6,1.0,0.0,8.0,0.0,0.0,1.0,3.4,3.4,3.4,3.4,1.0,0.0,8.0,0.0,0.0,1.0,3.75,3.75,3.75,3.75,1.0,0.0,8.0,0.0,0.0,1.0,21.4,21.4,21.4,21.4,1.0,0.0,8.0,0.0,0.0,1.0,-85.7,-85.7,-85.7,-85.7,1.0,0.0,8.0,0.0,0.0,1.0,-102.2,-102.2,-102.2,-102.2,1.0,0.0,8.0,0.0,0.0,1.0,-53.7,-53.7,-53.7,-53.7,1.0,0.0,8.0,0.0,0.0,1.0,-64.0,-64.0,-64.0,-64.0,1.0,0.0,8.0,0.0,0.0,1.0,-13.7,-13.7,-13.7,-13.7,1.0,0.0,8.0,0.0,0.0,1.0,-16.4,-16.4,-16.4,-16.4,1.0,0.0,8.0,0.0,0.0,1.0,185.0,185.0,185.0,185.0,1.0,0.0,8.0,0.0,0.0,1.0,185.0,185.0,185.0,185.0,1.0,0.0,8.0,0.0,0.0,1.0
1974,2,51.0,-35.0,23.0,23.0,23.0,23.0,1.0,0.0,14.0,0.0,0.3,0.6,23.0,23.0,23.0,23.0,1.0,0.0,14.0,0.0,0.3,0.6,15.93,15.93,15.93,15.93,1.0,0.0,14.0,0.0,0.3,0.6,91.3,91.3,91.3,91.3,1.0,0.0,14.0,0.0,0.6,7.7,7.7,7.7,7.7,1.0,0.0,14.0,0.0,0.3,0.6,-5.9,-5.9,-5.9,-5.9,1.0,0.0,14.0,0.0,0.3,0.6,-4.95,-4.95,-4.95,-4.95,1.0,0.0,14.0,0.0,0.3,0.6,1015.0,1015.0,1015.0,1015.0,1.0,0.0,14.0,0.0,0.3,0.6,8.0,8.0,8.0,8.0,1.0,0.0,14.0,0.0,0.3,0.6,-45.4,-45.4,-45.4,-45.4,1.0,0.0,14.0,0.0,0.3,0.6,-38.1,-38.1,-38.1,-38.1,1.0,0.0,14.0,0.0,0.3,0.6,0.0,0.0,0.0,0.0,1.0,0.0,14.0,0.0,0.3,0.6,0.0,0.0,0.0,0.0,1.0,0.0,14.0,0.0,0.3,0.6,1.54,1.54,1.54,1.54,1.0,0.0,14.0,0.0,0.3,0.6,11.9,11.9,11.9,11.9,1.0,0.0,14.0,0.0,0.3,0.6,-135.7,-135.7,-135.7,-135.7,1.0,0.0,14.0,0.0,0.3,0.6,-113.8,-113.8,-113.8,-113.8,1.0,0.0,14.0,0.0,0.3,0.6,-94.0,-94.0,-94.0,-94.0,1.0,0.0,14.0,0.0,0.3,0.6,-78.9,-78.9,-78.9,-78.9,1.0,0.0,14.0,0.0,0.3,0.6,-9.1,-9.1,-9.1,-9.1,1.0,0.0,14.0,0.0,0.3,0.6,-7.6,-7.6,-7.6,-7.6,1.0,0.0,14.0,0.0,0.3,0.6,456.5,456.5,456.5,456.5,1.0,0.0,14.0,0.0,0.3,0.6,455.0,455.0,455.0,455.0,1.0,0.0,14.0,0.0,0.3,0.6
1974,2,51.0,-33.0,22.65,24.05,25.45,24.05,2.0,2.9,12.0,1.0,0.4,0.5,25.24,25.75,26.26,25.75,2.0,1.06,12.0,1.0,0.4,0.5,14.9,15.06,15.21,15.06,2.0,0.32,12.0,1.0,0.4,0.5,72.0,73.5,75.0,73.5,2.0,3.0,12.0,1.0,0.5,3.83,5.4,6.97,5.4,2.0,3.25,12.0,1.0,0.4,0.5,-3.48,-2.7,-1.92,-2.7,2.0,1.63,12.0,1.0,0.4,0.5,-6.04,-4.68,-3.32,-4.68,2.0,2.82,12.0,1.0,0.4,0.5,1018.81,1019.05,1019.29,1019.05,2.0,0.5,12.0,1.0,0.4,0.5,1.3,2.0,2.7,2.0,2.0,1.4,12.0,1.0,0.4,0.5,-25.7,-17.2,-8.7,-17.2,2.0,17.6,12.0,1.0,0.4,0.5,-44.5,-29.8,-15.2,-29.8,2.0,30.4,12.0,1.0,0.4,0.5,-2.59,-1.7,-0.81,-1.7,2.0,1.84,12.0,1.0,0.4,0.5,-8.3,-6.2,-4.1,-6.2,2.0,4.4,12.0,1.0,0.4,0.5,2.21,3.63,5.05,3.63,2.0,2.94,12.0,1.0,0.4,0.5,11.0,24.4,37.8,24.4,2.0,27.7,12.0,1.0,0.4,0.5,-92.0,-70.4,-48.8,-70.4,2.0,44.7,12.0,1.0,0.4,0.5,-159.3,-121.9,-84.5,-121.9,2.0,77.5,12.0,1.0,0.4,0.5,-53.2,-40.9,-28.7,-40.9,2.0,25.4,12.0,1.0,0.4,0.5,-92.1,-70.9,-49.7,-70.9,2.0,43.9,12.0,1.0,0.4,0.5,-18.9,-12.2,-5.5,-12.2,2.0,13.9,12.0,1.0,0.4,0.5,-32.7,-21.1,-9.5,-21.1,2.0,24.0,12.0,1.0,0.4,0.5,97.5,243.0,389.0,243.0,2.0,302.0,12.0,1.0,0.4,0.5,100.0,245.0,390.0,245.0,2.0,300.0,12.0,1.0,0.4,0.5
1974,2,51.0,-32.0,24.96,25.1,26.48,25.72,5.0,1.3,20.0,0.8,0.4,0.6,23.36,24.4,25.98,24.58,5.0,1.86,20.0,0.8,0.4,0.6,11.73,13.46,16.69,14.18,4.0,3.5,22.0,0.8,0.4,0.6,67.4,71.5,84.6,75.8,4.0,12.4,22.0,0.8,0.6,4.69,8.75,9.3,7.08,4.0,3.75,20.0,0.8,0.3,0.6,-7.62,-5.89,-2.21,-4.96,4.0,3.61,20.0,0.8,0.3,0.6,-3.85,-1.46,3.54,-0.21,4.0,5.91,20.0,0.8,0.3,0.6,1012.15,1015.0,1018.33,1015.1,5.0,3.46,20.0,0.8,0.4,0.6,2.5,5.0,5.7,4.2,5.0,2.6,20.0,0.8,0.4,0.6,-66.2,-54.7,-20.6,-43.9,4.0,31.2,20.0,0.8,0.3,0.6,-34.7,-7.0,38.2,1.3,4.0,54.3,20.0,0.8,0.3,0.6,0.45,0.7,1.8,1.14,5.0,1.19,20.0,0.8,0.4,0.6,1.4,5.0,19.5,10.2,4.0,13.4,20.0,0.8,0.3,0.6,3.47,6.19,7.95,5.73,4.0,3.12,22.0,0.8,0.4,0.6,10.3,14.4,61.6,35.5,3.0,41.8,22.0,0.7,0.3,0.7,-200.4,-141.4,-48.5,-125.2,4.0,96.5,20.0,0.8,0.3,0.6,-97.9,-37.5,75.0,-12.6,4.0,137.0,20.0,0.8,0.3,0.6,-108.3,-50.2,-15.9,-61.9,3.0,68.4,22.0,0.7,0.3,0.7,-84.3,-21.2,52.6,-16.0,3.0,100.4,22.0,0.7,0.3,0.7,-32.0,-11.1,-3.5,-17.6,3.0,21.6,22.0,0.7,0.3,0.7,-9.0,-8.4,46.7,18.2,3.0,46.9,22.0,0.7,0.3,0.7,264.5,678.0,804.5,541.0,4.0,377.5,20.0,0.8,0.3,0.6,265.0,680.0,805.0,540.0,4.0,380.0,20.0,0.8,0.3,0.6
1974,2,51.0,-31.0,25.48,26.1,26.62,26.05,4.0,0.82,14.0,0.8,0.7,0.7,25.21,26.35,26.86,26.05,4.0,1.12,14.0,0.8,0.7,0.7,15.49,18.23,18.63,17.09,3.0,2.5,18.0,1.0,0.6,0.7,77.2,82.6,83.7,80.5,3.0,5.1,18.0,1.0,0.7,3.98,9.3,9.3,6.7,3.0,4.5,14.0,0.7,0.6,0.8,-2.33,-0.51,3.01,0.32,3.0,3.98,14.0,0.7,0.6,0.8,-5.95,-1.41,5.52,-0.24,3.0,8.46,14.0,0.7,0.6,0.8,1005.68,1012.6,1018.0,1011.88,4.0,7.36,14.0,0.8,0.7,0.7,2.4,4.0,4.5,3.5,4.0,1.7,14.0,0.8,0.7,0.7,-20.4,-0.8,29.3,4.3,3.0,36.7,14.0,0.7,0.6,0.8,-51.8,-2.1,54.8,1.4,3.0,78.1,14.0,0.7,0.6,0.8,-0.76,0.0,0.76,0.0,4.0,0.91,14.0,0.8,0.7,0.7,-5.9,1.5,3.7,-1.0,3.0,7.3,14.0,0.7,0.6,0.8,2.59,3.23,4.77,3.67,3.0,1.64,18.0,1.0,0.6,0.7,26.0,36.1,46.3,36.1,2.0,21.0,20.0,1.0,0.5,0.8,-57.4,-13.3,81.5,11.4,3.0,104.0,14.0,0.7,0.6,0.8,-160.1,-36.6,134.5,-13.3,3.0,216.7,14.0,0.7,0.6,0.8,-24.2,21.1,66.4,21.1,2.0,93.8,20.0,1.0,0.5,0.8,-107.8,-13.6,80.5,-13.6,2.0,195.0,20.0,1.0,0.5,0.8,-13.0,-3.4,6.2,-3.4,2.0,19.9,20.0,1.0,0.5,0.8,-7.9,14.7,37.4,14.7,2.0,46.9,20.0,1.0,0.5,0.8,257.5,804.5,804.5,537.5,3.0,462.5,14.0,0.7,0.6,0.8,260.0,805.0,805.0,535.0,3.0,460.0,14.0,0.7,0.6,0.8
1974,2,51.0,-30.0,25.8,25.8,25.8,25.8,1.0,0.0,4.0,0.0,0.4,0.2,25.0,25.0,25.0,25.0,1.0,0.0,4.0,0.0,0.4,0.2,13.63,13.63,13.63,13.63,1.0,0.0,4.0,0.0,0.4,0.2,69.8,69.8,69.8,69.8,1.0,0.0,4.0,0.0,0.2,2.0,3.0,4.89,3.46,8.0,2.12,16.0,0.3,0.4,0.5,-3.69,-1.72,-0.11,-2.1,8.0,2.69,16.0,0.3,0.4,0.5,-2.98,-1.0,-0.23,-1.67,8.0,1.65,16.0,0.3,0.4,0.5,1011.75,1013.3,1016.89,1014.36,5.0,4.23,14.0,0.2,0.4,0.5,1.1,3.0,4.9,2.9,8.0,1.8,16.0,0.3,0.4,0.5,-15.0,-3.5,-0.1,-11.1,8.0,20.3,16.0,0.3,0.4,0.5,-8.9,-2.4,-0.4,-6.0,8.0,7.9,16.0,0.3,0.4,0.5,0.8,0.8,0.8,0.8,1.0,0.0,4.0,0.0,0.4,0.2,6.2,6.2,6.2,6.2,1.0,0.0,4.0,0.0,0.4,0.2,6.95,6.95,6.95,6.95,1.0,0.0,4.0,0.0,0.4,0.2,53.5,53.5,53.5,53.5,1.0,0.0,4.0,0.0,0.4,0.2,-192.5,-192.5,-192.5,-192.5,1.0,0.0,4.0,0.0,0.4,0.2,0.0,0.0,0.0,0.0,1.0,0.0,4.0,0.0,0.4,0.2,-105.0,-105.0,-105.0,-105.0,1.0,0.0,4.0,0.0,0.4,0.2,0.0,0.0,0.0,0.0,1.0,0.0,4.0,0.0,0.4,0.2,-53.5,-53.5,-53.5,-53.5,1.0,0.0,4.0,0.0,0.4,0.2,0.0,0.0,0.0,0.0,1.0,0.0,4.0,0.0,0.4,0.2,8.0,27.0,118.0,89.5,8.0,154.0,16.0,0.3,0.4,0.5,10.0,25.0,120.0,90.0,8.0,155.0,16.0,0.3,0.4,0.5
1974,2,51.0,-29.0,25.9,25.9,25.9,25.9,1.0,0.0,22.0,0.0,0.2,0.7,25.16,25.5,25.84,25.5,2.0,0.71,14.0,0.5,0.3,0.6,14.68,14.68,14.68,14.68,1.0,0.0,6.0,1.0,0.4,0.4,70.4,70.4,70.4,70.4,1.0,0.0,6.0,1.0,0.4,2.79,5.0,8.89,5.88,6.0,3.76,18.0,0.5,0.4,0.6,-6.35,-2.85,-1.59,-4.04,6.0,4.02,18.0,0.5,0.4,0.6,-4.37,-0.26,1.55,-0.37,6.0,4.44,18.0,0.5,0.4,0.6,1010.95,1015.15,1016.21,1013.65,4.0,3.94,18.0,0.3,0.3,0.6,3.8,4.5,5.4,4.7,6.0,1.4,18.0,0.5,0.4,0.6,-49.2,-15.4,-3.2,-33.7,6.0,54.1,18.0,0.5,0.4,0.6,-30.5,-0.8,12.4,-3.0,6.0,37.1,18.0,0.5,0.4,0.6,,,,,,,,,,,,,,,,,,,,,,,,,,,,,,,,,,,,,,,,,-263.7,-184.5,-105.2,-184.5,2.0,164.1,14.0,0.5,0.3,0.6,-62.2,39.3,140.8,39.3,2.0,210.2,14.0,0.5,0.3,0.6,-169.6,-169.6,-169.6,-169.6,1.0,0.0,6.0,1.0,0.4,0.4,-61.7,-61.7,-61.7,-61.7,1.0,0.0,6.0,1.0,0.4,0.4,,,,,,,,,,,,,,,,,,,,,,,,,,,,,,,,,,,,,,,,
1974,2,51.0,-28.0,,,,,,,,,,,,,,,,,,,,,,,,,,,,,,,,,,,,,,,,6.0,6.0,6.0,6.0,1.0,0.0,22.0,0.0,0.7,0.3,-2.05,-2.05,-2.05,-2.05,1.0,0.0,22.0,0.0,0.7,0.3,5.64,5.64,5.64,5.64,1.0,0.0,22.0,0.0,0.7,0.3,1016.8,1016.8,1016.8,1016.8,1.0,0.0,22.0,0.0,0.7,0.3,,,,,,,,,,,,,,,,,,,,,,,,,,,,,,,,,,,,,,,,,,,,,,,,,,,,,,,,,,,,,,,,,,,,,,,,,,,,,,,,,,,,,,,,,,,,,,,,,,,,,,,,,,,,,,,,,,,,,,,,,,,,,,,,,,,,,,,,,,,,,,,,,,,,,,
1974,2,51.0,-26.0,26.2,26.2,26.2,26.2,1.0,0.0,6.0,1.0,0.5,0.8,26.0,26.0,26.0,26.0,1.0,0.0,6.0,1.0,0.5,0.8,15.95,15.95,15.95,15.95,1.0,0.0,6.0,1.0,0.5,0.8,76.3,76.3,76.3,76.3,1.0,0.0,6.0,1.0,0.8,4.59,5.85,7.11,5.85,2.0,2.62,12.0,0.5,0.6,0.6,-7.0,-5.76,-4.52,-5.76,2.0,2.58,12.0,0.5,0.6,0.6,-1.24,-1.02,-0.8,-1.02,2.0,0.45,12.0,0.5,0.6,0.6,1014.3,1014.95,1015.6,1014.95,2.0,1.34,12.0,0.5,0.6,0.6,3.6,5.0,6.4,5.0,2.0,2.8,12.0,0.5,0.6,0.6,-51.6,-37.1,-22.5,-37.1,2.0,30.1,12.0,0.5,0.6,0.6,-9.1,-6.5,-4.0,-6.5,2.0,5.3,12.0,0.5,0.6,0.6,0.2,0.2,0.2,0.2,1.0,0.0,6.0,1.0,0.5,0.8,1.5,1.5,1.5,1.5,1.0,0.0,6.0,1.0,0.5,0.8,5.29,5.29,5.29,5.29,1.0,0.0,6.0,1.0,0.5,0.8,40.7,40.7,40.7,40.7,1.0,0.0,6.0,1.0,0.5,0.8,-197.2,-197.2,-197.2,-197.2,1.0,0.0,6.0,1.0,0.5,0.8,-34.8,-34.8,-34.8,-34.8,1.0,0.0,6.0,1.0,0.5,0.8,-120.9,-120.9,-120.9,-120.9,1.0,0.0,6.0,1.0,0.5,0.8,-21.3,-21.3,-21.3,-21.3,1.0,0.0,6.0,1.0,0.5,0.8,-40.1,-40.1,-40.1,-40.1,1.0,0.0,6.0,1.0,0.5,0.8,-7.1,-7.1,-7.1,-7.1,1.0,0.0,6.0,1.0,0.5,0.8,126.5,260.5,394.0,260.5,2.0,277.5,12.0,0.5,0.6,0.6,125.0,260.0,395.0,260.0,2.0,280.0,12.0,0.5,0.6,0.6
1974,2,51.0,-25.0,26.07,27.0,27.56,26.68,8.0,1.24,16.0,0.4,0.3,0.5,25.96,26.8,27.15,26.69,9.0,1.15,16.0,0.4,0.4,0.5,17.23,18.78,19.3,18.44,9.0,1.36,16.0,0.4,0.4,0.5,76.1,85.2,92.3,84.5,9.0,7.9,16.0,0.4,0.5,2.91,4.6,6.95,5.07,13.0,2.9,16.0,0.4,0.4,0.5,-4.05,-1.73,0.15,-1.67,13.0,2.98,16.0,0.4,0.4,0.5,-5.02,-2.96,-0.33,-3.29,13.0,3.55,16.0,0.4,0.4,0.5,1009.73,1012.7,1014.47,1012.06,13.0,2.71,16.0,0.4,0.4,0.5,2.9,4.0,7.0,4.4,13.0,2.3,16.0,0.4,0.4,0.5,-17.1,-4.3,0.7,-6.2,13.0,20.1,16.0,0.4,0.4,0.5,-28.4,-9.0,-0.7,-24.4,13.0,43.0,16.0,0.4,0.4,0.5,-1.89,0.25,1.16,-0.12,8.0,1.72,16.0,0.4,0.3,0.5,-7.1,0.2,7.2,2.2,8.0,12.2,16.0,0.4,0.3,0.5,1.88,3.83,5.37,3.63,8.0,2.0,16.0,0.4,0.3,0.5,4.5,21.4,50.6,25.5,8.0,22.9,16.0,0.4,0.3,0.5,-124.3,-54.8,30.3,-42.9,9.0,94.9,16.0,0.4,0.4,0.5,-190.8,-76.3,-2.6,-96.8,9.0,104.2,16.0,0.4,0.4,0.5,-79.2,-43.2,21.9,-28.5,9.0,62.5,16.0,0.4,0.4,0.5,-128.3,-57.3,-2.1,-67.2,9.0,71.4,16.0,0.4,0.4,0.5,-22.8,-1.7,5.7,-4.1,8.0,17.3,16.0,0.4,0.3,0.5,-43.1,-3.4,0.0,-16.8,8.0,25.0,16.0,0.4,0.3,0.5,25.5,97.5,349.0,278.5,13.0,520.5,16.0,0.4,0.4,0.5,25.0,95.0,350.0,280.0,13.0,520.0,16.0,0.4,0.4,0.5
1974,2,51.0,-24.0,26.4,27.4,28.13,27.28,25.0,1.16,14.0,0.5,0.4,0.6,25.27,27.0,28.0,26.67,26.0,1.51,14.0,0.5,0.4,0.7,16.6,17.5,18.09,17.26,24.0,0.98,14.0,0.5,0.4,0.7,71.6,78.3,86.1,79.3,24.0,7.6,14.0,0.5,0.7,3.73,6.2,9.3,6.5,27.0,2.65,14.0,0.4,0.4,0.7,-7.05,-5.37,-2.67,-5.11,27.0,3.06,14.0,0.4,0.4,0.7,-4.96,-1.16,0.0,-1.83,27.0,3.31,14.0,0.4,0.4,0.7,1011.83,1014.4,1015.47,1013.75,28.0,2.24,14.0,0.5,0.4,0.7,3.1,6.0,8.0,5.6,27.0,2.3,14.0,0.4,0.3,0.6,-50.8,-36.1,-7.5,-38.7,27.0,36.2,14.0,0.4,0.4,0.7,-42.7,-7.8,0.0,-16.5,27.0,28.3,14.0,0.4,0.4,0.7,-0.5,0.5,1.7,0.5,25.0,1.25,14.0,0.5,0.4,0.6,-2.0,2.6,10.7,3.8,24.0,8.5,14.0,0.5,0.4,0.7,3.91,5.74,7.02,5.64,23.0,1.44,16.0,0.5,0.4,0.6,24.1,35.6,48.7,35.0,22.0,12.5,16.0,0.5,0.4,0.7,-192.9,-146.3,-85.4,-139.6,25.0,76.1,14.0,0.5,0.4,0.7,-122.6,-30.5,8.4,-47.1,25.0,91.9,14.0,0.5,0.4,0.7,-119.1,-86.9,-50.6,-87.0,23.0,51.8,16.0,0.5,0.4,0.7,-92.0,-19.4,13.8,-33.2,23.0,62.2,16.0,0.5,0.4,0.7,-40.9,-29.1,-15.7,-27.3,22.0,13.9,16.0,0.5,0.4,0.7,-22.1,-5.5,6.1,-8.2,22.0,19.9,16.0,0.5,0.4,0.7,53.0,238.5,804.5,412.0,27.0,483.0,14.0,0.4,0.4,0.7,55.0,240.0,805.0,410.0,27.0,485.0,14.0,0.4,0.4,0.7
1974,2,51.0,-23.0,26.7,27.8,28.0,27.51,15.0,0.96,12.0,0.3,0.5,0.3,25.2,26.2,26.66,25.93,15.0,1.01,12.0,0.2,0.5,0.3,16.19,17.01,18.17,17.12,13.0,1.17,14.0,0.2,0.6,0.2,77.1,79.1,85.7,80.6,13.0,6.0,14.0,0.2,0.2,5.1,7.2,9.61,7.16,16.0,2.64,14.0,0.3,0.5,0.3,-8.11,-4.96,-1.55,-4.81,16.0,2.85,14.0,0.3,0.5,0.3,-7.65,-1.72,3.63,-1.69,16.0,5.07,14.0,0.3,0.5,0.3,1011.04,1012.35,1014.2,1012.84,16.0,2.63,14.0,0.3,0.5,0.3,2.0,6.0,8.0,5.3,16.0,2.5,14.0,0.3,0.5,0.3,-70.5,-29.4,-10.0,-39.0,16.0,33.4,14.0,0.3,0.5,0.3,-62.2,-12.2,25.9,-16.1,16.0,44.7,14.0,0.3,0.5,0.3,0.61,1.15,2.46,1.54,14.0,1.38,12.0,0.2,0.5,0.3,4.7,6.9,25.5,12.6,14.0,13.2,12.0,0.2,0.5,0.3,4.05,5.44,6.9,5.7,12.0,1.5,14.0,0.2,0.6,0.3,29.7,38.6,59.5,43.2,12.0,17.0,14.0,0.2,0.6,0.3,-217.7,-126.5,-50.5,-129.9,15.0,70.1,12.0,0.2,0.5,0.3,-195.2,-46.0,100.4,-44.2,15.0,136.7,12.0,0.2,0.5,0.3,-119.9,-86.3,-30.1,-79.2,13.0,44.0,14.0,0.2,0.6,0.2,-134.9,-33.9,72.4,-25.5,13.0,97.2,14.0,0.2,0.6,0.2,-46.8,-23.0,-10.4,-28.1,12.0,16.7,14.0,0.2,0.6,0.3,-42.0,-6.7,23.6,-9.0,12.0,33.2,14.0,0.2,0.6,0.3,132.5,373.0,889.0,505.0,16.0,479.5,14.0,0.3,0.5,0.3,135.0,375.0,890.0,505.0,16.0,480.0,14.0,0.3,0.5,0.3
1974,2,51.0,-22.0,26.52,27.0,27.34,26.93,3.0,0.6,14.0,0.3,0.6,0.7,26.65,27.2,27.27,26.97,3.0,0.49,14.0,0.3,0.6,0.7,17.13,17.88,18.63,17.88,2.0,1.55,18.0,0.5,0.6,0.7,79.2,81.2,83.2,81.2,2.0,4.2,18.0,0.5,0.7,4.58,6.7,7.59,6.1,3.0,2.26,14.0,0.3,0.6,0.7,-6.36,-5.13,-3.21,-4.79,3.0,2.33,14.0,0.3,0.6,0.7,-3.61,-2.76,2.06,-0.82,3.0,4.48,14.0,0.3,0.6,0.7,1011.9,1011.9,1012.45,1012.17,3.0,0.46,14.0,0.3,0.6,0.7,4.6,8.0,8.0,6.3,3.0,2.9,14.0,0.3,0.6,0.7,-48.7,-34.4,-16.6,-32.7,3.0,23.6,14.0,0.3,0.6,0.7,-25.0,-9.9,16.5,-4.4,3.0,30.8,14.0,0.3,0.6,0.7,-0.71,-0.3,0.66,-0.03,3.0,1.03,14.0,0.3,0.6,0.7,-3.0,-2.4,4.3,0.6,3.0,5.9,14.0,0.3,0.6,0.7,3.03,4.32,5.6,4.32,2.0,2.66,18.0,0.5,0.6,0.7,14.0,25.1,36.3,25.1,2.0,23.2,18.0,0.5,0.6,0.7,-172.1,-135.5,-86.0,-129.2,3.0,63.3,14.0,0.3,0.6,0.7,-98.3,-75.0,53.8,-23.5,3.0,120.0,14.0,0.3,0.6,0.7,-79.4,-65.0,-50.6,-65.0,2.0,29.8,18.0,0.5,0.6,0.7,-32.6,10.0,52.5,10.0,2.0,88.1,18.0,0.5,0.6,0.7,-27.7,-18.7,-9.8,-18.7,2.0,18.5,18.0,0.5,0.6,0.7,-1.4,10.0,21.4,10.0,2.0,23.6,18.0,0.5,0.6,0.7,127.5,301.0,445.0,286.5,3.0,233.0,14.0,0.3,0.6,0.7,125.0,300.0,445.0,285.0,3.0,235.0,14.0,0.3,0.6,0.7
1974,2,51.0,-21.0,,,,,,,,,,,,,,,,,,,,,,,,,,,,,,,,,,,,,,,,4.0,4.0,4.0,4.0,1.0,0.0,18.0,0.0,0.8,0.4,-3.94,-3.94,-3.94,-3.94,1.0,0.0,18.0,0.0,0.8,0.4,-0.69,-0.69,-0.69,-0.69,1.0,0.0,18.0,0.0,0.8,0.4,1015.9,1015.9,1015.9,1015.9,1.0,0.0,18.0,0.0,0.8,0.4,,,,,,,,,,,,,,,,,,,,,,,,,,,,,,,,,,,,,,,,,,,,,,,,,,,,,,,,,,,,,,,,,,,,,,,,,,,,,,,,,,,,,,,,,,,,,,,,,,,,,,,,,,,,,,,,,,,,,,,,,,,,,,,,,,,,,,,,,,,,,,,,,,,,,,
1974,2,51.0,-20.0,,,,,,,,,,,,,,,,,,,,,,,,,,,,,,,,,,,,,,,,6.7,6.7,6.7,6.7,1.0,0.0,4.0,1.0,0.0,0.3,-6.3,-6.3,-6.3,-6.3,1.0,0.0,4.0,1.0,0.0,0.3,-2.29,-2.29,-2.29,-2.29,1.0,0.0,4.0,1.0,0.0,0.3,1013.8,1013.8,1013.8,1013.8,1.0,0.0,4.0,1.0,0.0,0.3,,,,,,,,,,,,,,,,,,,,,,,,,,,,,,,,,,,,,,,,,,,,,,,,,,,,,,,,,,,,,,,,,,,,,,,-154.3,-154.3,-154.3,-154.3,1.0,0.0,4.0,1.0,0.0,0.3,-56.1,-56.1,-56.1,-56.1,1.0,0.0,4.0,1.0,0.0,0.3,-115.7,-115.7,-115.7,-115.7,1.0,0.0,4.0,1.0,0.0,0.3,-42.1,-42.1,-42.1,-42.1,1.0,0.0,4.0,1.0,0.0,0.3,,,,,,,,,,,,,,,,,,,,,,,,,,,,,,,,,,,,,,,,
1974,2,51.0,-19.0,27.58,27.75,27.92,27.75,2.0,0.35,10.0,0.5,0.4,0.7,24.9,26.2,27.45,26.18,4.0,1.48,12.0,0.8,0.5,0.7,17.43,18.47,18.54,18.01,4.0,0.99,12.0,0.8,0.5,0.7,81.0,82.3,89.1,84.9,4.0,6.3,12.0,0.8,0.7,5.39,5.95,6.2,5.8,4.0,0.52,12.0,0.8,0.5,0.7,-5.76,-4.87,-4.13,-4.94,4.0,0.99,12.0,0.8,0.5,0.7,-3.4,-2.09,1.2,-1.14,4.0,3.15,12.0,0.8,0.5,0.7,1009.73,1010.4,1011.43,1010.58,4.0,1.15,12.0,0.8,0.5,0.7,2.0,5.0,7.5,4.8,4.0,3.3,12.0,0.8,0.5,0.7,-35.7,-29.1,-22.3,-29.0,4.0,8.1,12.0,0.8,0.5,0.7,-20.1,-12.9,5.6,-7.5,4.0,17.4,12.0,0.8,0.5,0.7,0.51,1.6,2.69,1.6,2.0,2.26,10.0,0.5,0.4,0.7,3.1,9.9,16.7,9.9,2.0,14.0,10.0,0.5,0.4,0.7,4.61,4.89,5.16,4.89,2.0,0.57,10.0,0.5,0.4,0.7,26.7,29.2,31.6,29.2,2.0,5.1,10.0,0.5,0.4,0.7,-143.2,-127.2,-113.3,-128.2,4.0,19.1,12.0,0.8,0.5,0.7,-89.7,-52.1,34.3,-28.8,4.0,84.9,12.0,0.8,0.5,0.7,-101.2,-84.9,-76.5,-88.7,4.0,17.3,12.0,0.8,0.5,0.7,-60.0,-35.5,22.4,-19.6,4.0,57.1,12.0,0.8,0.5,0.7,-30.3,-25.9,-21.6,-25.9,2.0,9.0,10.0,0.5,0.4,0.7,-14.7,-11.1,-7.4,-11.1,2.0,7.6,10.0,0.5,0.4,0.7,157.5,212.0,238.5,198.5,4.0,50.5,12.0,0.8,0.5,0.7,160.0,210.0,240.0,200.0,4.0,50.0,12.0,0.8,0.5,0.7
1974,2,51.0,-16.0,28.08,28.25,28.42,28.25,2.0,0.35,12.0,0.5,0.8,0.4,27.06,27.2,27.34,27.2,2.0,0.28,12.0,0.5,0.8,0.4,17.93,18.26,18.59,18.26,2.0,0.69,12.0,0.5,0.8,0.4,78.9,81.0,83.2,81.0,2.0,4.5,12.0,0.5,0.4,1.25,1.8,2.35,1.8,2.0,1.13,12.0,0.5,0.8,0.4,-1.65,-0.91,-0.17,-0.91,2.0,1.53,12.0,0.5,0.8,0.4,-0.56,0.34,1.25,0.34,2.0,1.88,12.0,0.5,0.8,0.4,1010.61,1011.05,1011.49,1011.05,2.0,0.92,12.0,0.5,0.8,0.4,6.0,6.0,6.0,6.0,1.0,0.0,4.0,1.0,0.9,0.4,-4.3,-2.5,-0.7,-2.5,2.0,3.8,12.0,0.5,0.8,0.4,-0.1,1.7,3.5,1.7,2.0,3.8,12.0,0.5,0.8,0.4,0.74,1.05,1.36,1.05,2.0,0.64,12.0,0.5,0.8,0.4,1.1,2.3,3.4,2.3,2.0,2.3,12.0,0.5,0.8,0.4,5.7,5.8,5.91,5.8,2.0,0.21,12.0,0.5,0.8,0.4,7.3,10.3,13.3,10.3,2.0,6.2,12.0,0.5,0.8,0.4,-44.5,-24.5,-4.5,-24.5,2.0,41.4,12.0,0.5,0.8,0.4,-15.5,9.1,33.7,9.1,2.0,51.0,12.0,0.5,0.8,0.4,-30.9,-17.1,-3.3,-17.1,2.0,28.6,12.0,0.5,0.8,0.4,-9.8,6.9,23.6,6.9,2.0,34.5,12.0,0.5,0.8,0.4,-9.3,-5.1,-0.9,-5.1,2.0,8.7,12.0,0.5,0.8,0.4,-3.4,1.8,7.0,1.8,2.0,10.8,12.0,0.5,0.8,0.4,3.5,9.5,15.0,9.5,2.0,11.5,12.0,0.5,0.8,0.4,5.0,10.0,15.0,10.0,2.0,10.0,12.0,0.5,0.8,0.4
1974,2,51.0,-12.0,26.9,26.9,26.9,26.9,1.0,0.0,8.0,0.0,0.1,0.9,25.6,25.6,25.6,25.6,1.0,0.0,8.0,0.0,0.1,0.9,18.12,18.12,18.12,18.12,1.0,0.0,8.0,0.0,0.1,0.9,88.2,88.2,88.2,88.2,1.0,0.0,8.0,0.0,0.9,5.1,5.1,5.1,5.1,1.0,0.0,8.0,0.0,0.1,0.9,5.02,5.02,5.02,5.02,1.0,0.0,8.0,0.0,0.1,0.9,-0.89,-0.89,-0.89,-0.89,1.0,0.0,8.0,0.0,0.1,0.9,1009.6,1009.6,1009.6,1009.6,1.0,0.0,8.0,0.0,0.1,0.9,8.0,8.0,8.0,8.0,1.0,0.0,8.0,0.0,0.1,0.9,25.6,25.6,25.6,25.6,1.0,0.0,8.0,0.0,0.1,0.9,-4.5,-4.5,-4.5,-4.5,1.0,0.0,8.0,0.0,0.1,0.9,1.3,1.3,1.3,1.3,1.0,0.0,8.0,0.0,0.1,0.9,6.6,6.6,6.6,6.6,1.0,0.0,8.0,0.0,0.1,0.9,4.13,4.13,4.13,4.13,1.0,0.0,8.0,0.0,0.1,0.9,21.0,21.0,21.0,21.0,1.0,0.0,8.0,0.0,0.1,0.9,128.6,128.6,128.6,128.6,1.0,0.0,8.0,0.0,0.1,0.9,-22.7,-22.7,-22.7,-22.7,1.0,0.0,8.0,0.0,0.1,0.9,91.0,91.0,91.0,91.0,1.0,0.0,8.0,0.0,0.1,0.9,-16.0,-16.0,-16.0,-16.0,1.0,0.0,8.0,0.0,0.1,0.9,20.7,20.7,20.7,20.7,1.0,0.0,8.0,0.0,0.1,0.9,-3.7,-3.7,-3.7,-3.7,1.0,0.0,8.0,0.0,0.1,0.9,132.5,132.5,132.5,132.5,1.0,0.0,8.0,0.0,0.1,0.9,135.0,135.0,135.0,135.0,1.0,0.0,8.0,0.0,0.1,0.9
1974,2,51.0,-11.0,27.64,27.8,28.17,27.9,4.0,0.42,14.0,0.3,0.5,0.4,26.29,26.8,27.26,26.78,4.0,0.63,14.0,0.3,0.5,0.4,16.46,18.3,18.8,17.66,4.0,1.8,14.0,0.3,0.5,0.4,74.7,83.0,85.4,80.2,4.0,7.6,14.0,0.3,0.4,2.6,2.6,2.6,2.6,1.0,0.0,18.0,1.0,0.6,0.8,-1.99,-1.99,-1.99,-1.99,1.0,0.0,18.0,1.0,0.6,0.8,-1.67,-1.67,-1.67,-1.67,1.0,0.0,18.0,1.0,0.6,0.8,1008.71,1009.65,1010.85,1009.78,4.0,1.56,14.0,0.3,0.5,0.4,1.5,2.5,4.6,3.0,4.0,2.2,14.0,0.3,0.5,0.4,-5.2,-5.2,-5.2,-5.2,1.0,0.0,18.0,1.0,0.6,0.8,-4.3,-4.3,-4.3,-4.3,1.0,0.0,18.0,1.0,0.6,0.8,0.54,0.85,1.74,1.13,4.0,0.95,14.0,0.3,0.5,0.4,2.3,2.3,2.3,2.3,1.0,0.0,18.0,1.0,0.6,0.8,4.66,5.68,7.26,5.95,4.0,1.61,14.0,0.3,0.5,0.4,20.7,20.7,20.7,20.7,1.0,0.0,18.0,1.0,0.6,0.8,-53.0,-53.0,-53.0,-53.0,1.0,0.0,18.0,1.0,0.6,0.8,-44.5,-44.5,-44.5,-44.5,1.0,0.0,18.0,1.0,0.6,0.8,-29.9,-29.9,-29.9,-29.9,1.0,0.0,18.0,1.0,0.6,0.8,-25.1,-25.1,-25.1,-25.1,1.0,0.0,18.0,1.0,0.6,0.8,-15.9,-15.9,-15.9,-15.9,1.0,0.0,18.0,1.0,0.6,0.8,-13.3,-13.3,-13.3,-13.3,1.0,0.0,18.0,1.0,0.6,0.8,17.5,17.5,17.5,17.5,1.0,0.0,18.0,1.0,0.6,0.8,20.0,20.0,20.0,20.0,1.0,0.0,18.0,1.0,0.6,0.8
1974,2,51.0,-10.0,29.0,29.0,29.0,29.0,1.0,0.0,6.0,0.0,0.9,0.1,26.4,26.4,26.4,26.4,1.0,0.0,6.0,0.0,0.9,0.1,18.76,18.76,18.76,18.76,1.0,0.0,6.0,0.0,0.9,0.1,87.2,87.2,87.2,87.2,1.0,0.0,6.0,0.0,0.1,0.0,0.0,0.0,0.0,1.0,0.0,6.0,0.0,0.9,0.1,0.0,0.0,0.0,0.0,1.0,0.0,6.0,0.0,0.9,0.1,0.0,0.0,0.0,0.0,1.0,0.0,6.0,0.0,0.9,0.1,1011.2,1011.2,1011.2,1011.2,1.0,0.0,6.0,0.0,0.9,0.1,6.0,6.0,6.0,6.0,1.0,0.0,6.0,0.0,0.9,0.1,0.0,0.0,0.0,0.0,1.0,0.0,6.0,0.0,0.9,0.1,0.0,0.0,0.0,0.0,1.0,0.0,6.0,0.0,0.9,0.1,2.6,2.6,2.6,2.6,1.0,0.0,6.0,0.0,0.9,0.1,0.0,0.0,0.0,0.0,1.0,0.0,6.0,0.0,0.9,0.1,6.39,6.39,6.39,6.39,1.0,0.0,6.0,0.0,0.9,0.1,0.0,0.0,0.0,0.0,1.0,0.0,6.0,0.0,0.9,0.1,0.0,0.0,0.0,0.0,1.0,0.0,6.0,0.0,0.9,0.1,0.0,0.0,0.0,0.0,1.0,0.0,6.0,0.0,0.9,0.1,0.0,0.0,0.0,0.0,1.0,0.0,6.0,0.0,0.9,0.1,0.0,0.0,0.0,0.0,1.0,0.0,6.0,0.0,0.9,0.1,0.0,0.0,0.0,0.0,1.0,0.0,6.0,0.0,0.9,0.1,0.0,0.0,0.0,0.0,1.0,0.0,6.0,0.0,0.9,0.1,0.0,0.0,0.0,0.0,1.0,0.0,6.0,0.0,0.9,0.1,0.0,0.0,0.0,0.0,1.0,0.0,6.0,0.0,0.9,0.1
1974,2,51.0,-6.0,,,,,,,,,,,,,,,,,,,,,,,,,,,,,,,,,,,,,,,,3.1,3.1,3.1,3.1,1.0,0.0,2.0,0.0,0.7,0.4,-1.99,-1.99,-1.99,-1.99,1.0,0.0,2.0,0.0,0.7,0.4,-2.37,-2.37,-2.37,-2.37,1.0,0.0,2.0,0.0,0.7,0.4,1009.0,1009.0,1009.0,1009.0,1.0,0.0,2.0,0.0,0.7,0.4,3.0,3.0,3.0,3.0,1.0,0.0,2.0,0.0,0.7,0.4,-6.2,-6.2,-6.2,-6.2,1.0,0.0,2.0,0.0,0.7,0.4,-7.4,-7.4,-7.4,-7.4,1.0,0.0,2.0,0.0,0.7,0.4,,,,,,,,,,,,,,,,,,,,,,,,,,,,,,,,,,,,,,,,,-49.4,-49.4,-49.4,-49.4,1.0,0.0,2.0,0.0,0.7,0.4,-58.9,-58.9,-58.9,-58.9,1.0,0.0,2.0,0.0,0.7,0.4,-32.1,-32.1,-32.1,-32.1,1.0,0.0,2.0,0.0,0.7,0.4,-38.3,-38.3,-38.3,-38.3,1.0,0.0,2.0,0.0,0.7,0.4,,,,,,,,,,,,,,,,,,,,,,,,,,,,,,,,,,,,,,,,
1974,2,51.0,-5.0,27.74,28.25,28.87,28.3,4.0,0.73,14.0,0.8,0.2,0.4,26.65,27.2,27.4,27.03,3.0,0.57,14.0,0.7,0.2,0.5,16.62,17.02,17.29,16.95,3.0,0.49,14.0,0.7,0.2,0.5,75.5,75.6,76.1,75.8,3.0,0.4,14.0,0.7,0.5,2.58,3.1,4.15,3.35,4.0,1.26,14.0,0.8,0.2,0.4,-0.59,0.8,1.84,0.63,4.0,1.72,14.0,0.8,0.2,0.4,-3.77,-2.98,-2.09,-2.93,4.0,1.25,14.0,0.8,0.2,0.4,1007.6,1008.95,1009.94,1008.78,4.0,1.73,14.0,0.8,0.2,0.4,2.5,3.5,5.6,4.0,4.0,2.2,14.0,0.8,0.2,0.4,-1.0,2.5,8.4,3.6,4.0,6.9,14.0,0.8,0.2,0.4,-16.3,-9.2,-5.8,-11.0,4.0,8.3,14.0,0.8,0.2,0.4,0.71,1.6,1.67,1.2,3.0,0.78,14.0,0.7,0.2,0.5,2.3,5.3,7.2,4.8,3.0,3.6,14.0,0.7,0.2,0.5,6.42,7.33,7.89,7.16,3.0,1.09,14.0,0.7,0.2,0.5,20.7,25.3,33.5,27.1,3.0,9.5,14.0,0.7,0.2,0.5,19.2,29.2,55.2,37.0,3.0,27.2,14.0,0.7,0.2,0.5,-105.9,-83.0,-81.0,-93.2,3.0,20.3,14.0,0.7,0.2,0.5,12.1,18.5,34.5,23.2,3.0,16.9,14.0,0.7,0.2,0.5,-66.0,-52.0,-51.1,-58.4,3.0,12.3,14.0,0.7,0.2,0.5,5.0,8.6,15.5,10.2,3.0,7.8,14.0,0.7,0.2,0.5,-29.6,-23.8,-20.1,-24.8,3.0,7.1,14.0,0.7,0.2,0.5,19.0,30.0,83.5,50.5,4.0,55.5,14.0,0.8,0.2,0.4,20.0,30.0,85.0,50.0,4.0,55.0,14.0,0.8,0.2,0.4
1974,2,51.0,-3.0,27.0,27.0,27.5,27.2,5.0,0.27,16.0,0.4,0.4,0.7,25.85,26.7,29.37,27.46,5.0,1.94,16.0,0.4,0.4,0.7,17.22,17.88,18.35,17.79,4.0,0.75,18.0,0.5,0.4,0.7,71.0,74.5,81.7,76.2,4.0,7.2,18.0,0.5,0.7,3.55,6.2,6.57,5.26,5.0,1.87,16.0,0.4,0.4,0.7,-4.22,-3.1,-0.45,-2.49,5.0,2.03,16.0,0.4,0.4,0.7,-5.42,-4.75,-3.51,-4.45,5.0,1.19,16.0,0.4,0.4,0.7,1009.08,1010.5,1010.67,1009.92,5.0,1.15,16.0,0.4,0.4,0.7,1.6,2.0,3.0,2.2,5.0,0.8,16.0,0.4,0.4,0.7,-27.9,-19.2,-1.9,-16.0,5.0,14.3,16.0,0.4,0.4,0.7,-35.6,-29.4,-13.0,-25.2,5.0,13.3,16.0,0.4,0.4,0.7,-1.87,0.3,1.15,-0.26,5.0,1.67,16.0,0.4,0.4,0.7,-12.5,1.2,4.6,-3.0,5.0,9.5,16.0,0.4,0.4,0.7,4.59,4.81,5.25,4.91,4.0,0.45,18.0,0.5,0.4,0.7,17.2,25.3,31.9,24.6,4.0,9.8,18.0,0.5,0.4,0.7,-114.8,-93.0,-12.1,-70.0,5.0,57.6,16.0,0.4,0.4,0.7,-160.4,-123.5,-92.7,-123.8,5.0,39.5,16.0,0.4,0.4,0.7,-71.3,-34.8,-5.7,-38.3,4.0,39.2,18.0,0.5,0.4,0.7,-99.8,-83.8,-56.4,-78.4,4.0,26.3,18.0,0.5,0.4,0.7,-18.6,-8.9,-1.9,-10.2,4.0,10.3,18.0,0.5,0.4,0.7,-25.7,-23.2,-17.0,-21.5,4.0,6.5,18.0,0.5,0.4,0.7,50.0,238.5,287.5,187.5,5.0,143.5,16.0,0.4,0.4,0.7,50.0,240.0,290.0,185.0,5.0,145.0,16.0,0.4,0.4,0.7
1974,2,51.0,-2.0,27.37,27.75,28.13,27.75,2.0,0.78,16.0,1.0,0.6,0.7,26.36,26.7,27.04,26.7,2.0,0.71,16.0,1.0,0.6,0.7,15.37,16.22,17.08,16.22,2.0,1.77,16.0,1.0,0.6,0.7,68.9,74.2,79.6,74.2,2.0,11.1,16.0,1.0,0.7,5.5,7.45,9.4,7.45,2.0,4.03,16.0,1.0,0.6,0.7,-4.33,-2.57,-0.82,-2.57,2.0,3.64,16.0,1.0,0.6,0.7,-8.23,-6.76,-5.29,-6.76,2.0,3.05,16.0,1.0,0.6,0.7,1009.0,1009.0,1009.0,1009.0,2.0,0.0,16.0,1.0,0.6,0.7,4.2,4.5,4.8,4.5,2.0,0.7,16.0,1.0,0.6,0.7,-44.6,-26.5,-8.4,-26.5,2.0,37.5,16.0,1.0,0.6,0.7,-80.7,-56.5,-32.4,-56.5,2.0,50.0,16.0,1.0,0.6,0.7,1.02,1.05,1.08,1.05,2.0,0.07,16.0,1.0,0.6,0.7,5.7,8.0,10.3,8.0,2.0,4.8,16.0,1.0,0.6,0.7,5.82,7.2,8.57,7.2,2.0,2.85,16.0,1.0,0.6,0.7,35.1,59.4,83.6,59.4,2.0,50.2,16.0,1.0,0.6,0.7,-117.8,-70.0,-22.2,-70.0,2.0,99.1,16.0,1.0,0.6,0.7,-223.2,-181.6,-139.9,-181.6,2.0,86.3,16.0,1.0,0.6,0.7,-64.9,-38.5,-12.2,-38.5,2.0,54.5,16.0,1.0,0.6,0.7,-125.1,-107.0,-88.8,-107.0,2.0,37.6,16.0,1.0,0.6,0.7,-39.9,-23.7,-7.5,-23.7,2.0,33.6,16.0,1.0,0.6,0.7,-72.9,-53.0,-33.1,-53.0,2.0,41.3,16.0,1.0,0.6,0.7,255.5,595.0,935.0,595.0,2.0,704.0,16.0,1.0,0.6,0.7,255.0,595.0,935.0,595.0,2.0,705.0,16.0,1.0,0.6,0.7
1974,2,51.0,0.0,26.58,26.75,26.92,26.75,2.0,0.35,4.0,0.0,0.4,0.7,25.56,25.7,25.84,25.7,2.0,0.28,4.0,0.0,0.4,0.7,19.58,19.58,19.58,19.58,1.0,0.0,6.0,0.0,0.5,0.7,95.9,95.9,95.9,95.9,1.0,0.0,6.0,0.0,0.7,4.59,5.85,7.11,5.85,2.0,2.62,4.0,0.0,0.4,0.7,-4.79,-4.44,-4.1,-4.44,2.0,0.71,4.0,0.0,0.4,0.7,-5.07,-3.3,-1.52,-3.3,2.0,3.68,4.0,0.0,0.4,0.7,1011.13,1012.05,1012.97,1012.05,2.0,1.91,4.0,0.0,0.4,0.7,2.2,2.5,2.8,2.5,2.0,0.7,4.0,0.0,0.4,0.7,-34.6,-26.9,-19.3,-26.9,2.0,15.8,4.0,0.0,0.4,0.7,-38.7,-24.1,-9.5,-24.1,2.0,30.2,4.0,0.0,0.4,0.7,1.02,1.05,1.08,1.05,2.0,0.07,4.0,0.0,0.4,0.7,4.9,6.1,7.2,6.1,2.0,2.3,4.0,0.0,0.4,0.7,2.11,2.11,2.11,2.11,1.0,0.0,6.0,0.0,0.5,0.7,16.2,16.2,16.2,16.2,1.0,0.0,6.0,0.0,0.5,0.7,-122.4,-114.1,-105.9,-114.1,2.0,17.1,4.0,0.0,0.4,0.7,-129.4,-84.2,-39.0,-84.2,2.0,93.6,4.0,0.0,0.4,0.7,-96.9,-96.9,-96.9,-96.9,1.0,0.0,6.0,0.0,0.5,0.7,-115.5,-115.5,-115.5,-115.5,1.0,0.0,6.0,0.0,0.5,0.7,-10.4,-10.4,-10.4,-10.4,1.0,0.0,6.0,0.0,0.5,0.7,-12.4,-12.4,-12.4,-12.4,1.0,0.0,6.0,0.0,0.5,0.7,126.5,260.5,394.0,260.5,2.0,277.5,4.0,0.0,0.4,0.7,125.0,260.0,395.0,260.0,2.0,280.0,4.0,0.0,0.4,0.7
1974,2,51.0,1.0,26.28,26.45,26.62,26.45,2.0,0.35,24.0,0.5,0.0,0.3,25.6,26.25,26.9,26.25,2.0,1.34,24.0,0.5,0.0,0.3,17.56,17.58,17.59,17.58,2.0,0.03,24.0,0.5,0.0,0.3,79.3,82.5,85.6,82.5,2.0,6.5,24.0,0.5,0.3,4.75,6.15,7.55,6.15,2.0,2.9,24.0,0.5,0.0,0.3,-2.58,-2.1,-1.62,-2.1,2.0,0.99,24.0,0.5,0.0,0.3,-7.09,-5.78,-4.46,-5.78,2.0,2.72,24.0,0.5,0.0,0.3,1008.3,1009.15,1010.0,1009.15,2.0,1.77,24.0,0.5,0.0,0.3,0.3,1.0,1.7,1.0,2.0,1.4,24.0,0.5,0.0,0.3,-20.3,-14.4,-8.5,-14.4,2.0,12.2,24.0,0.5,0.0,0.3,-55.7,-39.5,-23.3,-39.5,2.0,33.5,24.0,0.5,0.0,0.3,-0.28,0.2,0.68,0.2,2.0,0.99,24.0,0.5,0.0,0.3,-0.6,2.7,5.9,2.7,2.0,6.7,24.0,0.5,0.0,0.3,3.86,4.09,4.31,4.09,2.0,0.47,24.0,0.5,0.0,0.3,20.1,24.5,28.8,24.5,2.0,9.0,24.0,0.5,0.0,0.3,-65.7,-54.5,-43.3,-54.5,2.0,23.2,24.0,0.5,0.0,0.3,-180.6,-149.9,-119.1,-149.9,2.0,63.7,24.0,0.5,0.0,0.3,-45.3,-37.0,-28.6,-37.0,2.0,17.4,24.0,0.5,0.0,0.3,-124.6,-101.5,-78.5,-101.5,2.0,47.7,24.0,0.5,0.0,0.3,-9.8,-8.4,-6.9,-8.4,2.0,3.1,24.0,0.5,0.0,0.3,-27.0,-23.0,-18.9,-23.0,2.0,8.4,24.0,0.5,0.0,0.3,145.5,310.0,475.0,310.0,2.0,341.0,24.0,0.5,0.0,0.3,145.0,310.0,475.0,310.0,2.0,340.0,24.0,0.5,0.0,0.3
1974,2,51.0,2.0,25.84,27.0,27.21,26.75,6.0,0.87,18.0,0.5,0.4,0.5,25.7,26.05,26.28,26.0,6.0,0.43,18.0,0.5,0.4,0.5,15.19,16.3,17.91,16.54,4.0,1.65,24.0,0.8,0.3,0.7,72.8,76.8,83.9,78.3,4.0,7.4,24.0,0.8,0.7,4.0,7.5,9.4,6.97,6.0,2.61,18.0,0.5,0.4,0.5,-5.14,-3.69,-1.72,-3.59,6.0,1.88,18.0,0.5,0.4,0.5,-8.14,-5.69,-3.42,-5.75,6.0,2.51,18.0,0.5,0.4,0.5,1009.06,1011.7,1012.46,1010.52,6.0,3.16,18.0,0.5,0.4,0.5,2.0,2.0,3.2,2.5,6.0,0.8,18.0,0.5,0.4,0.5,-44.2,-32.2,-6.3,-28.0,6.0,19.2,18.0,0.5,0.4,0.5,-76.6,-42.3,-14.9,-45.0,6.0,31.6,18.0,0.5,0.4,0.5,-0.3,0.9,1.74,0.75,6.0,1.03,18.0,0.5,0.4,0.5,-2.1,5.3,13.1,5.9,6.0,7.9,18.0,0.5,0.4,0.5,3.75,4.47,6.98,5.32,4.0,2.32,24.0,0.8,0.3,0.7,14.4,32.9,66.1,39.9,4.0,31.9,24.0,0.8,0.3,0.7,-132.0,-96.5,-45.5,-92.9,6.0,47.4,18.0,0.5,0.4,0.5,-212.0,-148.6,-87.4,-149.6,6.0,65.3,18.0,0.5,0.4,0.5,-72.7,-50.4,-28.4,-50.6,4.0,25.7,24.0,0.8,0.3,0.7,-126.0,-96.2,-62.1,-94.2,4.0,37.4,24.0,0.8,0.3,0.7,-33.1,-15.9,-6.0,-19.3,4.0,16.6,24.0,0.8,0.3,0.7,-57.3,-29.1,-13.0,-34.9,4.0,27.4,24.0,0.8,0.3,0.7,64.5,427.5,832.5,452.5,6.0,371.5,18.0,0.5,0.4,0.5,65.0,430.0,835.0,455.0,6.0,370.0,18.0,0.5,0.4,0.5
1974,2,51.0,3.0,24.97,25.9,26.81,25.89,7.0,0.98,14.0,0.4,0.4,0.5,24.58,25.9,26.95,26.02,9.0,1.5,16.0,0.4,0.3,0.5,16.23,16.81,18.06,17.05,8.0,0.88,16.0,0.5,0.3,0.5,72.7,81.2,87.0,80.4,8.0,7.0,16.0,0.5,0.5,5.1,6.2,7.7,6.2,9.0,1.98,16.0,0.4,0.3,0.5,-4.67,-3.18,-2.44,-3.35,9.0,1.46,16.0,0.4,0.3,0.5,-6.39,-4.95,-3.45,-5.06,9.0,1.88,16.0,0.4,0.3,0.5,1009.67,1011.3,1011.78,1010.75,8.0,1.7,16.0,0.5,0.3,0.5,1.3,2.0,3.0,2.7,9.0,2.2,16.0,0.4,0.3,0.5,-35.8,-19.2,-14.0,-22.3,9.0,13.2,16.0,0.4,0.3,0.5,-45.9,-33.3,-17.6,-34.4,9.0,22.1,16.0,0.4,0.3,0.5,-1.53,-0.2,1.74,0.11,7.0,1.74,14.0,0.4,0.4,0.5,-8.1,-1.9,9.1,-0.2,7.0,11.2,14.0,0.4,0.4,0.5,2.41,4.36,4.78,3.78,6.0,1.35,14.0,0.5,0.3,0.5,10.7,21.6,28.7,22.5,6.0,13.2,14.0,0.5,0.3,0.5,-121.3,-81.3,-61.4,-88.2,9.0,42.4,16.0,0.4,0.3,0.5,-159.9,-139.1,-84.1,-132.5,9.0,51.4,16.0,0.4,0.3,0.5,-79.9,-55.8,-42.0,-59.2,8.0,26.9,16.0,0.5,0.3,0.5,-97.7,-79.9,-54.5,-83.0,8.0,32.6,16.0,0.5,0.3,0.5,-16.4,-12.2,-4.7,-11.3,6.0,5.9,14.0,0.5,0.3,0.5,-24.9,-15.5,-9.9,-18.9,6.0,12.8,14.0,0.5,0.3,0.5,132.5,238.5,456.5,301.5,9.0,243.0,16.0,0.4,0.3,0.5,135.0,240.0,455.0,300.0,9.0,245.0,16.0,0.4,0.3,0.5
1974,2,51.0,4.0,25.1,26.1,27.01,26.18,26.0,0.97,16.0,0.7,0.4,0.5,25.33,26.05,27.07,26.3,28.0,1.19,18.0,0.8,0.4,0.5,15.17,16.22,17.44,16.24,22.0,1.2,18.0,0.8,0.5,0.5,69.4,74.4,81.2,75.6,22.0,6.8,18.0,0.8,0.5,5.1,7.7,9.3,7.3,29.0,1.98,18.0,0.8,0.4,0.5,-5.94,-4.35,-2.79,-4.3,29.0,1.42,18.0,0.8,0.4,0.5,-7.68,-5.59,-4.09,-5.71,29.0,2.04,18.0,0.8,0.4,0.5,1009.04,1011.4,1013.73,1011.38,29.0,2.26,18.0,0.8,0.4,0.5,2.0,3.0,5.7,3.6,28.0,1.8,18.0,0.8,0.4,0.5,-51.7,-33.6,-14.7,-33.4,29.0,16.9,18.0,0.8,0.4,0.5,-68.4,-41.1,-19.9,-45.1,29.0,24.1,18.0,0.8,0.4,0.5,-0.68,-0.2,0.9,-0.11,25.0,0.98,18.0,0.7,0.4,0.5,-5.5,-0.9,5.5,-1.1,25.0,8.0,18.0,0.7,0.4,0.5,3.91,5.11,6.38,5.14,20.0,1.5,18.0,0.8,0.5,0.5,20.1,34.0,56.3,37.9,20.0,16.9,18.0,0.8,0.5,0.5,-152.6,-113.5,-71.8,-113.7,28.0,39.4,18.0,0.8,0.4,0.5,-206.0,-150.2,-113.9,-152.8,28.0,54.6,18.0,0.8,0.4,0.5,-98.2,-70.4,-47.1,-70.2,22.0,26.0,18.0,0.8,0.5,0.5,-117.0,-92.9,-71.1,-90.3,22.0,32.4,18.0,0.8,0.5,0.5,-31.7,-19.8,-13.7,-21.9,20.0,10.4,18.0,0.8,0.5,0.5,-47.3,-26.4,-15.5,-29.8,20.0,15.6,18.0,0.8,0.5,0.5,132.5,456.5,804.5,468.5,29.0,305.0,18.0,0.8,0.4,0.5,135.0,455.0,805.0,470.0,29.0,305.0,18.0,0.8,0.4,0.5
1974,2,51.0,5.0,25.71,26.1,27.15,26.32,27.0,0.66,12.0,0.4,0.4,0.4,25.0,26.0,27.91,26.42,29.0,1.45,12.0,0.4,0.4,0.4,15.63,16.61,17.6,16.74,21.0,1.24,10.0,0.4,0.5,0.4,70.8,81.5,84.2,79.0,21.0,7.8,10.0,0.4,0.4,4.32,6.7,9.3,7.0,29.0,2.47,12.0,0.4,0.4,0.4,-5.7,-4.0,-1.87,-4.05,29.0,1.74,12.0,0.4,0.4,0.4,-7.82,-5.13,-3.11,-5.53,29.0,2.28,12.0,0.4,0.4,0.4,1009.68,1011.5,1014.86,1011.66,29.0,2.46,12.0,0.4,0.4,0.4,1.0,3.0,5.0,3.5,28.0,2.2,12.0,0.5,0.4,0.4,-51.1,-29.6,-9.0,-31.6,29.0,21.2,12.0,0.4,0.4,0.4,-71.1,-30.5,-14.6,-43.6,29.0,30.5,12.0,0.4,0.4,0.4,-2.0,0.1,1.09,-0.1,27.0,1.67,12.0,0.4,0.4,0.4,-17.4,0.7,6.2,-1.9,27.0,13.9,12.0,0.4,0.4,0.4,3.58,4.64,5.33,4.52,21.0,1.32,10.0,0.4,0.5,0.4,16.9,26.6,41.6,29.0,21.0,13.9,10.0,0.4,0.5,0.4,-157.8,-108.7,-48.1,-107.3,29.0,47.2,12.0,0.4,0.4,0.4,-203.1,-131.9,-82.2,-147.2,29.0,65.1,12.0,0.4,0.4,0.4,-97.2,-57.1,-27.5,-61.6,21.0,31.7,10.0,0.4,0.5,0.4,-116.3,-75.6,-47.7,-80.5,21.0,33.6,10.0,0.4,0.5,0.4,-26.3,-17.1,-8.3,-16.8,21.0,8.9,10.0,0.4,0.5,0.4,-31.8,-20.9,-11.5,-22.6,21.0,12.8,10.0,0.4,0.5,0.4,81.5,301.0,804.5,467.5,29.0,426.0,12.0,0.4,0.4,0.4,80.0,300.0,805.0,470.0,29.0,425.0,12.0,0.4,0.4,0.4
1974,2,51.0,6.0,25.63,26.1,27.0,26.38,21.0,0.9,16.0,0.7,0.7,0.5,25.5,26.8,28.3,26.89,20.0,1.35,16.0,0.6,0.7,0.5,15.39,16.05,16.88,16.06,12.0,1.36,14.0,0.8,0.6,0.5,69.6,75.1,79.0,74.0,12.0,5.5,14.0,0.8,0.5,4.6,7.7,10.66,7.54,21.0,3.2,16.0,0.7,0.7,0.5,-6.0,-4.95,-2.66,-4.69,21.0,1.85,16.0,0.7,0.7,0.5,-8.73,-5.9,-2.26,-5.7,21.0,3.05,16.0,0.7,0.7,0.5,1009.26,1012.8,1015.15,1012.78,21.0,3.03,16.0,0.7,0.7,0.5,2.0,3.0,5.0,3.6,21.0,1.7,16.0,0.7,0.7,0.5,-57.8,-33.8,-13.9,-40.1,21.0,30.0,16.0,0.7,0.7,0.5,-91.6,-45.4,-7.9,-51.8,21.0,43.2,16.0,0.7,0.7,0.5,-2.29,-0.5,0.4,-0.48,20.0,1.55,16.0,0.6,0.7,0.5,-13.7,-2.9,5.7,-3.9,20.0,13.4,16.0,0.6,0.7,0.5,3.94,5.37,5.59,4.98,12.0,1.39,14.0,0.8,0.6,0.5,17.8,25.7,47.5,32.5,12.0,19.3,14.0,0.8,0.6,0.5,-159.5,-125.6,-69.2,-125.0,20.0,50.3,16.0,0.6,0.7,0.5,-244.7,-149.7,-60.4,-149.2,20.0,83.0,16.0,0.6,0.7,0.5,-88.2,-65.0,-34.2,-67.4,12.0,32.7,14.0,0.8,0.6,0.5,-127.6,-73.9,-29.2,-80.2,12.0,53.4,14.0,0.8,0.6,0.5,-30.6,-19.6,-7.4,-21.2,12.0,12.5,14.0,0.8,0.6,0.5,-36.4,-17.9,-10.5,-24.0,12.0,16.0,14.0,0.8,0.6,0.5,97.5,456.5,1214.5,654.5,21.0,718.5,16.0,0.7,0.7,0.5,95.0,455.0,1215.0,655.0,21.0,720.0,16.0,0.7,0.7,0.5
1974,2,51.0,7.0,26.0,26.0,26.1,26.05,4.0,0.1,18.0,0.5,0.7,0.4,24.45,25.75,27.1,25.78,4.0,1.89,18.0,0.5,0.7,0.4,18.84,18.84,18.84,18.84,1.0,0.0,2.0,0.0,0.9,0.0,92.5,92.5,92.5,92.5,1.0,0.0,2.0,0.0,0.0,3.79,6.5,9.52,6.65,4.0,3.32,18.0,0.5,0.7,0.4,-4.76,-4.25,-3.54,-4.15,4.0,0.8,18.0,0.5,0.7,0.4,-8.25,-4.8,-0.86,-4.56,4.0,4.31,18.0,0.5,0.7,0.4,1011.18,1012.95,1013.57,1012.4,4.0,1.8,18.0,0.5,0.7,0.4,2.0,3.5,4.0,3.0,4.0,1.4,18.0,0.5,0.7,0.4,-45.5,-28.2,-13.5,-29.4,4.0,18.8,18.0,0.5,0.7,0.4,-78.8,-38.3,-3.1,-40.8,4.0,44.0,18.0,0.5,0.7,0.4,-1.1,0.35,1.64,0.28,4.0,1.9,18.0,0.5,0.7,0.4,-11.0,1.3,6.4,-2.1,4.0,13.3,18.0,0.5,0.7,0.4,2.42,2.42,2.42,2.42,1.0,0.0,2.0,0.0,0.9,0.0,8.7,8.7,8.7,8.7,1.0,0.0,2.0,0.0,0.9,0.0,-129.3,-105.5,-86.4,-107.8,4.0,26.7,18.0,0.5,0.7,0.4,-224.0,-124.3,-21.9,-123.0,4.0,118.2,18.0,0.5,0.7,0.4,-58.7,-58.7,-58.7,-58.7,1.0,0.0,2.0,0.0,0.9,0.0,-33.9,-33.9,-33.9,-33.9,1.0,0.0,2.0,0.0,0.9,0.0,-7.5,-7.5,-7.5,-7.5,1.0,0.0,2.0,0.0,0.9,0.0,-4.3,-4.3,-4.3,-4.3,1.0,0.0,2.0,0.0,0.9,0.0,55.0,396.5,871.0,460.0,4.0,480.0,18.0,0.5,0.7,0.4,55.0,395.0,870.0,460.0,4.0,480.0,18.0,0.5,0.7,0.4
1974,2,51.0,8.0,25.58,26.0,26.72,26.14,7.0,0.67,10.0,0.3,0.7,0.5,25.19,25.7,26.7,25.86,7.0,0.68,10.0,0.3,0.7,0.5,14.25,14.63,15.46,14.83,5.0,0.99,6.0,0.2,0.8,0.5,66.2,71.6,76.9,71.7,5.0,7.6,6.0,0.2,0.5,7.53,8.0,10.35,8.3,7.0,2.29,10.0,0.3,0.7,0.5,-7.93,-5.14,-3.96,-5.62,7.0,1.99,10.0,0.3,0.7,0.5,-6.94,-6.62,-5.74,-6.02,7.0,1.56,10.0,0.3,0.7,0.5,1010.95,1013.4,1015.1,1013.33,7.0,2.36,10.0,0.3,0.7,0.5,2.0,3.0,6.0,3.3,7.0,2.0,10.0,0.3,0.7,0.5,-82.1,-41.1,-31.1,-50.3,7.0,29.4,10.0,0.3,0.7,0.5,-68.9,-55.4,-43.8,-52.7,7.0,22.2,10.0,0.3,0.7,0.5,-0.11,0.2,0.46,0.29,7.0,0.64,10.0,0.3,0.7,0.5,-0.8,1.5,4.2,3.3,7.0,6.8,10.0,0.3,0.7,0.5,5.06,7.01,7.87,6.46,5.0,1.77,6.0,0.2,0.8,0.5,30.7,51.0,78.5,54.6,5.0,26.2,6.0,0.2,0.8,0.5,-211.2,-134.2,-101.9,-145.4,7.0,52.1,10.0,0.3,0.7,0.5,-178.4,-167.9,-143.8,-155.2,7.0,39.5,10.0,0.3,0.7,0.5,-121.1,-81.8,-67.0,-90.0,5.0,33.5,6.0,0.2,0.8,0.5,-101.6,-97.5,-74.4,-87.0,5.0,28.8,6.0,0.2,0.8,0.5,-60.1,-32.8,-22.2,-39.9,5.0,21.3,6.0,0.2,0.8,0.5,-50.5,-39.1,-21.2,-37.0,5.0,16.0,6.0,0.2,0.8,0.5,438.0,512.0,1109.5,677.5,7.0,453.0,10.0,0.3,0.7,0.5,440.0,510.0,1110.0,680.0,7.0,455.0,10.0,0.3,0.7,0.5
1974,2,51.0,9.0,25.64,26.2,26.66,26.13,8.0,0.53,20.0,0.5,0.3,0.4,24.81,26.45,28.1,26.36,8.0,1.53,20.0,0.5,0.3,0.4,14.12,15.17,16.03,15.08,4.0,1.36,20.0,0.5,0.3,0.3,66.0,72.6,77.3,71.7,4.0,7.1,20.0,0.5,0.3,7.02,7.85,8.7,7.55,8.0,1.57,20.0,0.5,0.3,0.4,-6.64,-4.22,-2.56,-4.44,8.0,1.92,20.0,0.5,0.3,0.4,-7.44,-6.62,-2.63,-5.35,8.0,2.95,20.0,0.5,0.3,0.4,1012.02,1014.35,1015.09,1014.08,8.0,1.95,20.0,0.5,0.3,0.4,1.0,1.0,3.0,1.6,8.0,1.2,20.0,0.5,0.3,0.4,-48.7,-33.7,-16.8,-33.5,8.0,16.5,20.0,0.5,0.3,0.4,-64.7,-48.7,-19.3,-43.8,8.0,26.1,20.0,0.5,0.3,0.4,-1.53,-0.05,1.02,-0.24,8.0,1.21,20.0,0.5,0.3,0.4,-10.7,-0.4,8.9,-1.0,8.0,9.6,20.0,0.5,0.3,0.4,4.97,6.12,7.05,6.01,4.0,1.23,20.0,0.5,0.3,0.3,40.7,45.4,56.4,48.4,4.0,10.3,20.0,0.5,0.3,0.3,-185.4,-109.9,-66.8,-118.5,8.0,55.4,20.0,0.5,0.3,0.4,-186.0,-167.2,-74.5,-138.0,8.0,72.7,20.0,0.5,0.3,0.4,-88.6,-70.7,-65.4,-76.7,4.0,17.0,20.0,0.5,0.3,0.3,-113.5,-99.9,-61.6,-88.1,4.0,36.1,20.0,0.5,0.3,0.3,-43.6,-30.4,-20.4,-31.9,4.0,13.5,20.0,0.5,0.3,0.3,-42.1,-35.3,-25.5,-33.9,4.0,12.8,20.0,0.5,0.3,0.3,346.5,484.5,658.5,475.0,8.0,216.0,20.0,0.5,0.3,0.4,345.0,485.0,660.0,475.0,8.0,215.0,20.0,0.5,0.3,0.4
1974,2,51.0,10.0,25.0,26.0,26.55,25.88,13.0,0.71,12.0,0.5,0.5,0.4,24.27,25.8,26.74,25.63,13.0,1.4,12.0,0.5,0.5,0.4,13.79,14.3,14.93,14.36,4.0,0.87,12.0,0.8,0.4,0.3,64.4,66.8,75.8,69.9,4.0,8.2,12.0,0.8,0.3,2.94,6.0,8.0,5.81,11.0,2.43,12.0,0.5,0.5,0.3,-7.29,-3.86,-1.98,-4.39,11.0,2.45,12.0,0.5,0.5,0.3,-5.03,-3.21,-1.68,-3.4,11.0,1.76,12.0,0.5,0.5,0.3,1011.43,1013.15,1015.4,1013.28,10.0,2.1,14.0,0.5,0.5,0.4,0.7,2.0,4.3,2.6,12.0,2.4,12.0,0.6,0.5,0.4,-61.3,-23.1,-7.4,-30.4,11.0,24.1,12.0,0.5,0.5,0.3,-32.5,-21.9,-6.4,-22.0,11.0,16.1,12.0,0.5,0.5,0.3,-0.72,0.6,1.21,0.25,13.0,1.38,12.0,0.5,0.5,0.4,-2.3,2.0,7.5,1.5,11.0,9.0,12.0,0.5,0.5,0.3,5.71,7.71,8.6,7.18,4.0,2.05,12.0,0.8,0.4,0.3,27.4,30.1,66.7,46.6,3.0,32.1,12.0,0.7,0.4,0.2,-193.5,-99.6,-46.2,-113.9,11.0,67.0,12.0,0.5,0.5,0.3,-121.5,-83.6,-42.7,-86.2,11.0,42.8,12.0,0.5,0.5,0.3,-91.2,-83.0,-53.3,-72.5,3.0,29.2,12.0,0.7,0.4,0.2,-76.5,-69.6,-44.7,-60.8,3.0,24.5,12.0,0.7,0.4,0.2,-51.1,-23.0,-21.0,-35.7,3.0,24.6,12.0,0.7,0.4,0.2,-42.8,-19.3,-17.6,-30.0,3.0,20.7,12.0,0.7,0.4,0.2,30.5,216.0,512.0,285.0,11.0,250.0,12.0,0.5,0.5,0.3,30.0,215.0,510.0,285.0,11.0,250.0,12.0,0.5,0.5,0.3
1974,2,51.0,11.0,25.36,26.0,26.32,25.92,13.0,0.61,16.0,0.3,0.5,0.7,24.52,25.4,26.69,25.44,14.0,1.13,16.0,0.4,0.5,0.7,12.81,14.45,16.51,14.76,7.0,1.75,18.0,0.4,0.5,0.8,68.2,72.9,81.5,73.3,7.0,6.6,18.0,0.4,0.8,2.73,6.6,7.98,6.02,14.0,2.42,16.0,0.4,0.5,0.7,-7.23,-4.37,-1.74,-4.55,14.0,2.64,16.0,0.4,0.5,0.7,-5.86,-3.08,-0.78,-3.04,14.0,2.39,16.0,0.4,0.5,0.7,1012.47,1013.7,1015.32,1014.06,13.0,1.87,18.0,0.4,0.5,0.7,0.0,2.0,5.9,2.7,14.0,2.8,16.0,0.4,0.5,0.7,-55.4,-27.0,-3.9,-32.3,14.0,26.7,16.0,0.4,0.5,0.7,-35.4,-23.2,-1.7,-20.7,14.0,17.3,16.0,0.4,0.5,0.7,-0.53,0.3,1.44,0.47,13.0,1.0,16.0,0.3,0.5,0.7,-1.5,1.9,9.9,2.6,13.0,7.1,16.0,0.3,0.5,0.7,6.25,6.95,8.24,6.92,6.0,1.55,16.0,0.3,0.5,0.8,23.7,44.5,55.5,41.1,6.0,17.2,16.0,0.3,0.5,0.8,-191.8,-111.0,-46.0,-117.2,14.0,71.0,16.0,0.4,0.5,0.7,-136.6,-81.1,-19.5,-76.9,14.0,59.4,16.0,0.4,0.5,0.7,-91.6,-50.6,-23.9,-60.2,7.0,34.0,18.0,0.4,0.5,0.8,-75.3,-39.3,-7.6,-43.0,7.0,37.5,18.0,0.4,0.5,0.8,-52.7,-22.3,-18.8,-31.8,6.0,18.9,16.0,0.3,0.5,0.8,-37.0,-17.5,-2.2,-17.8,6.0,19.2,16.0,0.3,0.5,0.8,22.5,290.5,508.5,310.0,14.0,266.0,16.0,0.4,0.5,0.7,25.0,290.0,510.0,310.0,14.0,265.0,16.0,0.4,0.5,0.7
1974,2,51.0,12.0,24.44,25.3,26.18,25.44,8.0,0.97,18.0,0.5,0.2,0.1,24.47,25.05,25.29,25.08,8.0,0.81,18.0,0.5,0.2,0.1,13.94,14.56,15.17,14.63,7.0,0.67,16.0,0.4,0.2,0.1,69.2,75.5,79.4,74.1,7.0,5.1,16.0,0.4,0.1,4.1,5.05,9.96,6.21,8.0,2.75,18.0,0.5,0.2,0.1,-7.77,-3.88,-3.25,-5.26,8.0,2.68,18.0,0.5,0.2,0.1,-3.77,-2.39,-1.82,-2.97,8.0,1.67,18.0,0.5,0.2,0.1,1011.37,1013.4,1015.8,1013.88,8.0,3.33,18.0,0.5,0.2,0.1,1.6,3.0,6.2,3.5,6.0,2.6,18.0,0.7,0.2,0.1,-77.7,-18.0,-14.7,-38.8,8.0,35.9,18.0,0.5,0.2,0.1,-19.1,-17.2,-8.3,-20.3,8.0,20.1,18.0,0.5,0.2,0.1,-0.2,0.35,1.69,0.36,8.0,1.41,18.0,0.5,0.2,0.1,-1.9,1.4,6.2,1.9,8.0,8.1,18.0,0.5,0.2,0.1,3.98,4.8,7.38,5.6,7.0,1.78,16.0,0.4,0.2,0.1,24.1,30.7,47.8,33.9,7.0,13.5,16.0,0.4,0.2,0.1,-193.3,-100.5,-81.9,-130.9,8.0,64.2,18.0,0.5,0.2,0.1,-95.5,-58.7,-44.5,-74.6,8.0,42.2,18.0,0.5,0.2,0.1,-119.1,-60.7,-51.1,-81.7,7.0,41.8,16.0,0.4,0.2,0.1,-49.3,-32.3,-26.9,-41.5,7.0,26.2,16.0,0.4,0.2,0.1,-40.9,-23.5,-18.6,-29.3,7.0,12.9,16.0,0.4,0.2,0.1,-20.2,-15.7,-7.0,-15.6,7.0,8.5,16.0,0.4,0.2,0.1,69.0,129.0,1013.0,375.0,8.0,454.5,18.0,0.5,0.2,0.1,70.0,130.0,1015.0,375.0,8.0,455.0,18.0,0.5,0.2,0.1
1974,2,51.0,14.0,,,,,,,,,,,,,,,,,,,,,,,,,,,,,,,,,,,,,,,,1.86,3.0,4.0,3.21,10.0,1.69,6.0,0.5,0.2,0.8,-4.0,-3.0,-1.59,-2.97,10.0,1.33,6.0,0.5,0.2,0.8,-1.14,0.0,0.0,-0.65,10.0,1.49,6.0,0.5,0.2,0.8,1016.01,1019.05,1019.6,1018.16,10.0,2.08,8.0,0.5,0.2,0.8,,,,,,,,,,,,,,,,,,,,,,,,,,,,,,,,,,,,,,,,,,,,,,,,,,,,,,,,,,,,,,,,,,,,,,,,,,,,,,,,,,,,,,,,,,,,,,,,,,,,,,,,,,,,,,,,,,,,,,,,,,,,,,,,,,,,,,,,,,,,,,,,,,,,,,
1974,2,51.0,15.0,24.0,25.3,26.98,25.44,8.0,1.51,10.0,0.5,0.7,0.1,24.1,24.5,25.26,25.29,7.0,2.28,10.0,0.6,0.7,0.1,9.04,9.04,9.04,9.04,1.0,0.0,22.0,1.0,0.5,0.0,46.0,46.0,46.0,46.0,1.0,0.0,22.0,1.0,0.0,3.0,3.0,5.86,3.79,8.0,1.78,10.0,0.5,0.7,0.1,-5.86,-3.0,-2.84,-3.51,8.0,2.18,10.0,0.5,0.7,0.1,-0.91,0.0,0.0,-0.38,8.0,0.75,10.0,0.5,0.7,0.1,1012.16,1013.9,1019.81,1015.2,8.0,4.63,10.0,0.5,0.7,0.1,0.0,1.5,3.9,1.9,8.0,2.1,10.0,0.5,0.7,0.1,-35.2,-9.0,-8.5,-16.6,8.0,17.3,10.0,0.5,0.7,0.1,-2.7,0.0,0.0,-0.9,8.0,1.7,10.0,0.5,0.7,0.1,-0.63,0.0,1.94,0.27,7.0,2.01,10.0,0.6,0.7,0.1,-1.9,0.0,10.2,3.0,7.0,8.8,10.0,0.6,0.7,0.1,14.34,14.34,14.34,14.34,1.0,0.0,22.0,1.0,0.5,0.0,88.9,88.9,88.9,88.9,1.0,0.0,22.0,1.0,0.5,0.0,-155.8,-73.5,-68.6,-90.1,7.0,57.7,10.0,0.6,0.7,0.1,-32.0,0.0,0.0,-11.4,7.0,20.2,10.0,0.6,0.7,0.1,-56.0,-56.0,-56.0,-56.0,1.0,0.0,22.0,1.0,0.5,0.0,0.0,0.0,0.0,0.0,1.0,0.0,22.0,1.0,0.5,0.0,-88.9,-88.9,-88.9,-88.9,1.0,0.0,22.0,1.0,0.5,0.0,0.0,0.0,0.0,0.0,1.0,0.0,22.0,1.0,0.5,0.0,27.0,27.0,215.0,91.0,8.0,126.5,10.0,0.5,0.7,0.1,25.0,25.0,215.0,90.0,8.0,125.0,10.0,0.5,0.7,0.1
1974,2,51.0,24.0,23.0,23.0,23.0,23.0,1.0,0.0,4.0,0.0,0.6,0.7,21.0,21.0,21.0,21.0,1.0,0.0,4.0,0.0,0.6,0.7,12.75,12.75,12.75,12.75,1.0,0.0,4.0,0.0,0.6,0.7,83.0,83.0,83.0,83.0,1.0,0.0,4.0,0.0,0.7,4.6,4.6,4.6,4.6,1.0,0.0,4.0,0.0,0.6,0.7,-4.6,-4.6,-4.6,-4.6,1.0,0.0,4.0,0.0,0.6,0.7,0.0,0.0,0.0,0.0,1.0,0.0,4.0,0.0,0.6,0.7,1019.0,1019.0,1019.0,1019.0,1.0,0.0,4.0,0.0,0.6,0.7,8.0,8.0,8.0,8.0,1.0,0.0,4.0,0.0,0.6,0.7,-21.2,-21.2,-21.2,-21.2,1.0,0.0,4.0,0.0,0.6,0.7,0.0,0.0,0.0,0.0,1.0,0.0,4.0,0.0,0.6,0.7,2.0,2.0,2.0,2.0,1.0,0.0,4.0,0.0,0.6,0.7,9.2,9.2,9.2,9.2,1.0,0.0,4.0,0.0,0.6,0.7,4.66,4.66,4.66,4.66,1.0,0.0,4.0,0.0,0.6,0.7,21.4,21.4,21.4,21.4,1.0,0.0,4.0,0.0,0.6,0.7,-96.6,-96.6,-96.6,-96.6,1.0,0.0,4.0,0.0,0.6,0.7,0.0,0.0,0.0,0.0,1.0,0.0,4.0,0.0,0.6,0.7,-58.6,-58.6,-58.6,-58.6,1.0,0.0,4.0,0.0,0.6,0.7,0.0,0.0,0.0,0.0,1.0,0.0,4.0,0.0,0.6,0.7,-21.4,-21.4,-21.4,-21.4,1.0,0.0,4.0,0.0,0.6,0.7,0.0,0.0,0.0,0.0,1.0,0.0,4.0,0.0,0.6,0.7,97.5,97.5,97.5,97.5,1.0,0.0,4.0,0.0,0.6,0.7,95.0,95.0,95.0,95.0,1.0,0.0,4.0,0.0,0.6,0.7
1974,2,51.0,26.0,18.1,18.3,18.3,18.2,3.0,0.17,24.0,0.3,0.6,0.7,16.52,19.15,20.42,18.5,4.0,2.62,18.0,0.3,0.5,0.6,7.2,7.58,9.6,8.38,3.0,1.89,16.0,0.3,0.5,0.5,57.4,67.8,76.9,67.1,3.0,14.3,16.0,0.3,0.5,2.84,6.05,9.42,6.13,4.0,3.8,18.0,0.3,0.5,0.6,-4.74,-2.02,1.77,-1.51,4.0,4.86,18.0,0.3,0.5,0.6,-3.5,1.99,3.98,0.32,4.0,6.14,18.0,0.3,0.5,0.6,1012.97,1016.9,1020.62,1016.8,4.0,5.96,18.0,0.3,0.5,0.6,0.0,1.0,2.5,1.3,4.0,1.5,18.0,0.3,0.5,0.6,-36.0,-5.9,23.1,-6.4,4.0,45.0,18.0,0.3,0.5,0.6,-41.1,5.7,30.2,-4.9,4.0,56.6,18.0,0.3,0.5,0.6,-2.45,-1.7,-0.54,-1.5,3.0,1.41,24.0,0.3,0.6,0.7,-18.9,-5.3,-1.7,-10.2,3.0,13.3,24.0,0.3,0.6,0.7,2.95,3.96,4.97,3.96,2.0,2.1,22.0,0.5,0.5,0.5,8.1,11.7,15.2,11.7,2.0,7.4,22.0,0.5,0.5,0.5,-97.7,-39.0,23.7,-37.1,4.0,88.6,18.0,0.3,0.5,0.6,-48.9,38.2,82.0,17.5,4.0,103.5,18.0,0.3,0.5,0.6,-17.9,-17.6,17.9,-0.4,3.0,30.2,16.0,0.3,0.5,0.5,-35.9,15.1,19.1,-7.9,3.0,45.0,16.0,0.3,0.5,0.5,-11.5,-8.5,-5.5,-8.5,2.0,6.2,22.0,0.5,0.5,0.5,5.9,7.9,9.9,7.9,2.0,4.2,22.0,0.5,0.5,0.5,23.5,379.5,840.0,429.5,4.0,476.5,18.0,0.3,0.5,0.6,25.0,380.0,840.0,430.0,4.0,475.0,18.0,0.3,0.5,0.6
1974,2,51.0,27.0,19.21,20.0,21.0,20.2,15.0,1.25,14.0,0.5,0.5,0.4,16.63,19.1,21.09,19.33,17.0,2.33,16.0,0.5,0.5,0.4,8.66,11.17,12.15,10.54,9.0,2.1,18.0,0.3,0.5,0.4,65.6,76.1,84.2,75.0,9.0,9.2,18.0,0.3,0.4,4.0,7.6,10.51,7.42,18.0,3.32,16.0,0.5,0.4,0.5,-5.55,2.0,6.84,0.64,18.0,6.3,16.0,0.5,0.4,0.5,-7.17,-2.73,3.55,-1.65,18.0,5.12,16.0,0.5,0.4,0.5,1012.43,1016.0,1021.45,1016.46,17.0,4.22,16.0,0.5,0.5,0.4,0.0,2.5,6.0,2.9,16.0,2.6,16.0,0.5,0.4,0.5,-40.0,7.7,66.1,11.2,18.0,65.5,16.0,0.5,0.4,0.5,-78.3,-10.0,19.8,-18.9,18.0,49.8,16.0,0.5,0.4,0.5,-0.7,1.1,2.7,0.96,15.0,1.68,14.0,0.5,0.5,0.4,-2.8,5.2,29.3,9.5,15.0,14.9,14.0,0.5,0.5,0.4,2.3,3.36,5.47,3.84,8.0,1.79,18.0,0.4,0.6,0.4,9.6,18.1,50.9,30.3,8.0,25.0,18.0,0.4,0.6,0.4,-96.5,40.0,124.2,18.7,17.0,114.1,16.0,0.5,0.5,0.4,-124.2,-56.1,73.5,-29.3,17.0,98.2,16.0,0.5,0.5,0.4,-58.0,-26.0,45.0,-12.3,9.0,48.8,18.0,0.3,0.5,0.4,-43.4,29.3,62.5,14.4,9.0,49.4,18.0,0.3,0.5,0.4,-17.3,-2.9,29.9,3.6,8.0,28.9,18.0,0.4,0.6,0.4,-35.4,7.2,15.1,-1.9,8.0,28.6,18.0,0.4,0.6,0.4,64.0,483.5,1164.5,646.5,18.0,710.0,16.0,0.5,0.4,0.5,65.0,485.0,1165.0,645.0,18.0,710.0,16.0,0.5,0.4,0.5
1974,2,51.0,39.0,,,,,,,,,,,,,,,,,,,,,,,,,,,,,,,,,,,,,,,,3.1,6.6,9.75,6.51,14.0,3.4,8.0,0.8,0.5,0.7,-6.19,-2.51,3.78,-1.43,14.0,5.47,8.0,0.8,0.5,0.7,-1.51,2.86,5.88,2.09,14.0,4.52,8.0,0.8,0.5,0.7,1010.2,1019.6,1030.43,1020.03,12.0,10.39,12.0,0.8,0.6,0.8,,,,,,,,,,,,,,,,,,,,,,,,,,,,,,,,,,,,,,,,,,,,,,,,,,,,,,,,,,,,,,,,,,,,,,,,,,,,,,,,,,,,,,,,,,,,,,,,,,,,,,,,,,,,,,,,,,,,,,,,,,,,,,,,,,,,,,,,,,,,,,,,,,,,,,
1974,2,51.0,40.0,,,,,,,,,,,,,,,,,,,,,,,,,,,,,,,,,,,,,,,,4.8,6.6,10.8,7.43,18.0,3.09,10.0,0.6,0.4,0.1,-5.82,-3.41,4.6,-1.62,18.0,5.15,10.0,0.6,0.4,0.1,-5.65,-0.61,6.36,0.02,18.0,6.22,10.0,0.6,0.4,0.1,1015.46,1022.65,1029.13,1021.51,16.0,8.32,12.0,0.6,0.4,0.0,,,,,,,,,,,,,,,,,,,,,,,,,,,,,,,,,,,,,,,,,,,,,,,,,,,,,,,,,,,,,,,,,,,,,,,,,,,,,,,,,,,,,,,,,,,,,,,,,,,,,,,,,,,,,,,,,,,,,,,,,,,,,,,,,,,,,,,,,,,,,,,,,,,,,,
1974,2,51.0,41.0,,,,,,,,,,,,,,,,,,,,,,,,,,,,,,,,,,,,,,,,0.98,3.1,11.15,6.0,3.0,7.86,10.0,0.7,0.2,0.3,0.0,0.0,1.62,0.79,3.0,1.37,10.0,0.7,0.2,0.3,-1.36,0.0,10.17,4.3,3.0,9.23,10.0,0.7,0.2,0.3,1002.67,1012.7,1018.16,1010.47,3.0,11.51,10.0,0.7,0.2,0.3,,,,,,,,,,,,,,,,,,,,,,,,,,,,,,,,,,,,,,,,,,,,,,,,,,,,,,,,,,,,,,,,,,,,,,,,,,,,,,,,,,,,,,,,,,,,,,,,,,,,,,,,,,,,,,,,,,,,,,,,,,,,,,,,,,,,,,,,,,,,,,,,,,,,,,
1974,2,51.0,44.0,,,,,,,,,,,,,,,,,,,,,,,,,,,,,,,,,,,,,,,,8.2,8.2,8.2,8.2,1.0,0.0,22.0,0.0,0.2,0.9,-6.28,-6.28,-6.28,-6.28,1.0,0.0,22.0,0.0,0.2,0.9,-5.27,-5.27,-5.27,-5.27,1.0,0.0,22.0,0.0,0.2,0.9,1011.7,1011.7,1011.7,1011.7,1.0,0.0,22.0,0.0,0.2,0.9,,,,,,,,,,,,,,,,,,,,,,,,,,,,,,,,,,,,,,,,,,,,,,,,,,,,,,,,,,,,,,,,,,,,,,,,,,,,,,,,,,,,,,,,,,,,,,,,,,,,,,,,,,,,,,,,,,,,,,,,,,,,,,,,,,,,,,,,,,,,,,,,,,,,,,
1974,2,52.0,-66.0,-0.51,-0.1,-0.06,-0.26,5.0,0.29,20.0,0.2,0.5,0.6,-3.69,-2.5,-1.46,-2.54,5.0,1.35,20.0,0.2,0.5,0.6,2.6,2.96,3.18,2.92,5.0,0.36,20.0,0.2,0.5,0.6,87.6,90.6,93.8,90.7,5.0,3.3,20.0,0.2,0.6,8.85,14.9,17.03,13.36,5.0,4.78,20.0,0.2,0.5,0.6,-16.46,-14.67,-8.81,-13.02,5.0,4.43,20.0,0.2,0.5,0.6,0.79,2.59,4.13,2.62,5.0,2.44,20.0,0.2,0.5,0.6,986.23,990.0,991.53,989.16,5.0,3.31,20.0,0.2,0.5,0.6,7.6,8.0,8.0,7.8,5.0,0.4,20.0,0.2,0.5,0.6,-281.9,-218.6,-79.6,-190.8,5.0,116.9,20.0,0.2,0.5,0.6,5.7,38.6,73.0,43.0,5.0,48.7,20.0,0.2,0.5,0.6,1.14,2.5,3.4,2.28,5.0,1.53,20.0,0.2,0.5,0.6,11.2,37.3,58.7,36.1,5.0,29.7,20.0,0.2,0.5,0.6,0.62,0.87,1.19,0.87,5.0,0.41,20.0,0.2,0.5,0.6,6.0,12.8,20.4,13.1,5.0,8.7,20.0,0.2,0.5,0.6,13.6,36.7,61.2,37.7,5.0,27.7,20.0,0.2,0.5,0.6,-15.9,-6.5,-0.6,-8.8,5.0,11.0,20.0,0.2,0.5,0.6,-44.9,-40.8,-27.4,-36.9,5.0,9.6,20.0,0.2,0.5,0.6,2.7,7.2,11.1,7.2,5.0,6.2,20.0,0.2,0.5,0.6,-19.7,-12.6,-6.0,-12.7,5.0,8.3,20.0,0.2,0.5,0.6,0.2,2.2,5.0,2.8,5.0,3.4,20.0,0.2,0.5,0.6,734.0,3308.0,5056.5,3100.0,5.0,2603.5,20.0,0.2,0.5,0.6,735.0,3310.0,5055.0,3100.0,5.0,2605.0,20.0,0.2,0.5,0.6
1974,2,52.0,-57.0,1.2,1.2,1.2,1.2,2.0,0.0,8.0,0.5,0.9,0.3,2.9,2.9,2.9,2.9,2.0,0.0,8.0,0.5,0.9,0.3,3.89,3.99,4.09,3.99,2.0,0.2,8.0,0.5,0.9,0.3,82.2,84.3,86.3,84.3,2.0,4.3,8.0,0.5,0.3,17.0,17.0,17.0,17.0,1.0,0.0,8.0,1.0,0.9,0.3,15.97,15.97,15.97,15.97,1.0,0.0,8.0,1.0,0.9,0.3,-5.81,-5.81,-5.81,-5.81,1.0,0.0,8.0,1.0,0.9,0.3,995.4,995.4,995.4,995.4,2.0,0.0,8.0,0.5,0.9,0.3,3.0,3.0,3.0,3.0,2.0,0.0,8.0,0.5,0.9,0.3,271.6,271.6,271.6,271.6,1.0,0.0,8.0,1.0,0.9,0.3,-98.8,-98.8,-98.8,-98.8,1.0,0.0,8.0,1.0,0.9,0.3,-1.7,-1.7,-1.7,-1.7,2.0,0.0,8.0,0.5,0.9,0.3,-28.9,-28.9,-28.9,-28.9,1.0,0.0,8.0,1.0,0.9,0.3,0.11,0.2,0.3,0.2,2.0,0.2,8.0,0.5,0.9,0.3,5.9,5.9,5.9,5.9,1.0,0.0,8.0,1.0,0.9,0.3,46.3,46.3,46.3,46.3,1.0,0.0,8.0,1.0,0.9,0.3,-16.9,-16.9,-16.9,-16.9,1.0,0.0,8.0,1.0,0.9,0.3,61.4,61.4,61.4,61.4,1.0,0.0,8.0,1.0,0.9,0.3,-22.4,-22.4,-22.4,-22.4,1.0,0.0,8.0,1.0,0.9,0.3,5.6,5.6,5.6,5.6,1.0,0.0,8.0,1.0,0.9,0.3,-2.0,-2.0,-2.0,-2.0,1.0,0.0,8.0,1.0,0.9,0.3,4913.0,4913.0,4913.0,4913.0,1.0,0.0,8.0,1.0,0.9,0.3,4915.0,4915.0,4915.0,4915.0,1.0,0.0,8.0,1.0,0.9,0.3
1974,2,52.0,-53.0,,,,,,,,,,,,,,,,,,,,,,,,,,,,,,,,,,,,,,,,15.9,15.9,15.9,15.9,1.0,0.0,26.0,0.0,0.2,0.1,10.22,10.22,10.22,10.22,1.0,0.0,26.0,0.0,0.2,0.1,-12.18,-12.18,-12.18,-12.18,1.0,0.0,26.0,0.0,0.2,0.1,1002.1,1002.1,1002.1,1002.1,1.0,0.0,26.0,0.0,0.2,0.1,,,,,,,,,,,,,,,,,,,,,,,,,,,,,,,,,,,,,,,,,,,,,,,,,,,,,,,,,,,,,,,,,,,,,,,,,,,,,,,,,,,,,,,,,,,,,,,,,,,,,,,,,,,,,,,,,,,,,,,,,,,,,,,,,,,,,,,,,,,,,,,,,,,,,,
1974,2,52.0,-40.0,17.48,18.5,19.52,18.5,2.0,2.12,12.0,0.5,0.3,0.6,19.44,19.75,20.06,19.75,2.0,0.64,12.0,0.5,0.3,0.6,13.47,13.51,13.55,13.51,2.0,0.08,12.0,0.5,0.3,0.6,93.5,94.9,96.3,94.9,2.0,2.9,12.0,0.5,0.6,5.2,5.4,5.6,5.4,2.0,0.42,12.0,0.5,0.3,0.6,-4.23,-2.51,-0.8,-2.51,2.0,3.55,12.0,0.5,0.3,0.6,-4.94,-3.29,-1.65,-3.29,2.0,3.4,12.0,0.5,0.3,0.6,1016.23,1017.8,1019.37,1017.8,2.0,3.25,12.0,0.5,0.3,0.6,5.5,6.5,7.5,6.5,2.0,2.1,12.0,0.5,0.3,0.6,-21.5,-12.8,-4.1,-12.8,2.0,18.1,12.0,0.5,0.3,0.6,-28.1,-18.5,-9.0,-18.5,2.0,19.8,12.0,0.5,0.3,0.6,-1.97,-1.25,-0.53,-1.25,2.0,1.48,12.0,0.5,0.3,0.6,-10.0,-6.4,-2.8,-6.4,2.0,7.5,12.0,0.5,0.3,0.6,-1.08,-0.29,0.51,-0.29,2.0,1.65,12.0,0.5,0.3,0.6,-5.4,-1.2,3.0,-1.2,2.0,8.8,12.0,0.5,0.3,0.6,-81.6,-48.5,-15.4,-48.5,2.0,68.5,12.0,0.5,0.3,0.6,-99.6,-66.1,-32.7,-66.1,2.0,69.3,12.0,0.5,0.3,0.6,-56.9,-33.8,-10.7,-33.8,2.0,47.8,12.0,0.5,0.3,0.6,-66.9,-44.6,-22.3,-44.6,2.0,46.2,12.0,0.5,0.3,0.6,1.2,3.6,6.1,3.6,2.0,5.2,12.0,0.5,0.3,0.6,-4.0,-1.9,0.3,-1.9,2.0,4.4,12.0,0.5,0.3,0.6,141.0,159.0,177.0,159.0,2.0,37.0,12.0,0.5,0.3,0.6,140.0,160.0,175.0,160.0,2.0,35.0,12.0,0.5,0.3,0.6
1974,2,52.0,-39.0,,,,,,,,,,,,,,,,,,,,,,,,,,,,,,,,,,,,,,,,11.0,11.0,11.0,11.0,1.0,0.0,2.0,1.0,0.9,0.9,0.0,0.0,0.0,0.0,1.0,0.0,2.0,1.0,0.9,0.9,-11.0,-11.0,-11.0,-11.0,1.0,0.0,2.0,1.0,0.9,0.9,1005.2,1005.2,1005.2,1005.2,1.0,0.0,2.0,1.0,0.9,0.9,4.0,4.0,4.0,4.0,1.0,0.0,2.0,1.0,0.9,0.9,0.0,0.0,0.0,0.0,1.0,0.0,2.0,1.0,0.9,0.9,-121.0,-121.0,-121.0,-121.0,1.0,0.0,2.0,1.0,0.9,0.9,,,,,,,,,,,,,,,,,,,,,,,,,,,,,,,,,,,,,,,,,0.0,0.0,0.0,0.0,1.0,0.0,2.0,1.0,0.9,0.9,-253.0,-253.0,-253.0,-253.0,1.0,0.0,2.0,1.0,0.9,0.9,0.0,0.0,0.0,0.0,1.0,0.0,2.0,1.0,0.9,0.9,-171.6,-171.6,-171.6,-171.6,1.0,0.0,2.0,1.0,0.9,0.9,,,,,,,,,,,,,,,,,,,,,,,,,,,,,,,,,,,,,,,,
1974,2,52.0,-38.0,,,,,,,,,,,,,,,,,,,,,,,,,,,,,,,,,,,,,,,,14.0,14.0,14.0,14.0,1.0,0.0,20.0,0.0,0.7,0.9,9.0,9.0,9.0,9.0,1.0,0.0,20.0,0.0,0.7,0.9,-10.72,-10.72,-10.72,-10.72,1.0,0.0,20.0,0.0,0.7,0.9,1007.0,1007.0,1007.0,1007.0,1.0,0.0,20.0,0.0,0.7,0.9,,,,,,,,,,,,,,,,,,,,,,,,,,,,,,,,,,,,,,,,,,,,,,,,,,,,,,,,,,,,,,,,,,,,,,,,,,,,,,,,,,,,,,,,,,,,,,,,,,,,,,,,,,,,,,,,,,,,,,,,,,,,,,,,,,,,,,,,,,,,,,,,,,,,,,
1974,2,52.0,-35.0,24.0,24.0,24.0,24.0,1.0,0.0,8.0,0.0,0.8,0.2,22.7,22.7,22.7,22.7,1.0,0.0,8.0,0.0,0.8,0.2,15.2,15.2,15.2,15.2,1.0,0.0,8.0,0.0,0.8,0.2,89.6,89.6,89.6,89.6,1.0,0.0,8.0,0.0,0.2,6.7,6.7,6.7,6.7,1.0,0.0,8.0,0.0,0.8,0.2,-6.3,-6.3,-6.3,-6.3,1.0,0.0,8.0,0.0,0.8,0.2,-2.29,-2.29,-2.29,-2.29,1.0,0.0,8.0,0.0,0.8,0.2,1025.2,1025.2,1025.2,1025.2,1.0,0.0,8.0,0.0,0.8,0.2,0.0,0.0,0.0,0.0,1.0,0.0,8.0,0.0,0.8,0.2,-42.2,-42.2,-42.2,-42.2,1.0,0.0,8.0,0.0,0.8,0.2,-15.4,-15.4,-15.4,-15.4,1.0,0.0,8.0,0.0,0.8,0.2,1.3,1.3,1.3,1.3,1.0,0.0,8.0,0.0,0.8,0.2,8.7,8.7,8.7,8.7,1.0,0.0,8.0,0.0,0.8,0.2,3.19,3.19,3.19,3.19,1.0,0.0,8.0,0.0,0.8,0.2,21.4,21.4,21.4,21.4,1.0,0.0,8.0,0.0,0.8,0.2,-142.9,-142.9,-142.9,-142.9,1.0,0.0,8.0,0.0,0.8,0.2,-52.0,-52.0,-52.0,-52.0,1.0,0.0,8.0,0.0,0.8,0.2,-95.7,-95.7,-95.7,-95.7,1.0,0.0,8.0,0.0,0.8,0.2,-34.8,-34.8,-34.8,-34.8,1.0,0.0,8.0,0.0,0.8,0.2,-20.1,-20.1,-20.1,-20.1,1.0,0.0,8.0,0.0,0.8,0.2,-7.3,-7.3,-7.3,-7.3,1.0,0.0,8.0,0.0,0.8,0.2,301.0,301.0,301.0,301.0,1.0,0.0,8.0,0.0,0.8,0.2,300.0,300.0,300.0,300.0,1.0,0.0,8.0,0.0,0.8,0.2
1974,2,52.0,-33.0,25.2,25.2,25.2,25.2,1.0,0.0,2.0,1.0,0.6,0.8,24.66,25.0,25.34,25.0,3.0,0.5,4.0,0.7,0.2,0.8,15.33,16.3,17.28,16.3,2.0,2.01,2.0,0.5,0.3,0.9,76.9,83.4,90.0,83.4,2.0,13.6,2.0,0.5,0.9,5.58,7.7,9.47,7.53,3.0,2.85,4.0,0.7,0.2,0.8,-7.87,-3.98,-3.89,-5.84,3.0,3.33,4.0,0.7,0.2,0.8,-5.67,-3.52,-2.69,-4.16,3.0,2.25,4.0,0.7,0.2,0.8,1019.38,1020.2,1021.02,1020.2,2.0,1.7,2.0,0.5,0.3,0.9,1.3,2.0,2.0,1.7,3.0,0.6,4.0,0.7,0.2,0.8,-77.5,-29.6,-21.9,-49.2,3.0,44.1,4.0,0.7,0.2,0.8,-46.6,-36.3,-18.7,-32.7,3.0,20.6,4.0,0.7,0.2,0.8,-0.3,-0.3,-0.3,-0.3,1.0,0.0,2.0,1.0,0.6,0.8,-2.3,-2.3,-2.3,-2.3,1.0,0.0,2.0,1.0,0.6,0.8,4.97,4.97,4.97,4.97,1.0,0.0,2.0,1.0,0.6,0.8,38.3,38.3,38.3,38.3,1.0,0.0,2.0,1.0,0.6,0.8,-196.3,-98.2,-97.8,-145.9,3.0,83.2,4.0,0.7,0.2,0.8,-144.0,-88.1,-66.4,-104.8,3.0,58.7,4.0,0.7,0.2,0.8,-68.5,-64.0,-59.4,-64.0,2.0,9.4,2.0,0.5,0.3,0.9,-90.0,-70.0,-50.1,-70.0,2.0,41.3,2.0,0.5,0.3,0.9,-19.1,-19.1,-19.1,-19.1,1.0,0.0,2.0,1.0,0.6,0.8,-33.1,-33.1,-33.1,-33.1,1.0,0.0,2.0,1.0,0.6,0.8,211.5,456.5,891.0,549.0,3.0,504.0,4.0,0.7,0.2,0.8,210.0,455.0,890.0,550.0,3.0,505.0,4.0,0.7,0.2,0.8
1974,2,52.0,-32.0,24.7,24.9,25.1,24.9,2.0,0.42,10.0,0.5,0.4,0.9,24.69,25.3,25.91,25.3,2.0,1.27,10.0,0.5,0.4,0.9,15.15,15.93,16.71,15.93,2.0,1.62,10.0,0.5,0.4,0.9,73.5,80.1,86.6,80.1,2.0,13.6,10.0,0.5,0.9,8.77,10.0,11.23,10.0,2.0,2.55,10.0,0.5,0.4,0.9,-10.33,-8.68,-7.04,-8.68,2.0,3.4,10.0,0.5,0.4,0.9,-5.07,-4.65,-4.23,-4.65,2.0,0.87,10.0,0.5,0.4,0.9,1014.73,1017.6,1020.47,1017.6,2.0,5.94,10.0,0.5,0.4,0.9,3.6,5.0,6.4,5.0,2.0,2.8,10.0,0.5,0.4,0.9,-118.3,-91.2,-64.1,-91.2,2.0,56.1,10.0,0.5,0.4,0.9,-46.9,-45.4,-43.9,-45.4,2.0,3.1,10.0,0.5,0.4,0.9,-0.81,-0.4,0.01,-0.4,2.0,0.85,10.0,0.5,0.4,0.9,-9.7,-5.1,-0.5,-5.1,2.0,9.5,10.0,0.5,0.4,0.9,2.67,3.64,4.61,3.64,2.0,2.01,10.0,0.5,0.4,0.9,24.8,38.9,53.1,38.9,2.0,29.4,10.0,0.5,0.4,0.9,-268.7,-221.9,-175.1,-221.9,2.0,97.0,10.0,0.5,0.4,0.9,-125.0,-117.2,-109.4,-117.2,2.0,16.2,10.0,0.5,0.4,0.9,-154.9,-135.6,-116.3,-135.6,2.0,40.0,10.0,0.5,0.4,0.9,-85.2,-74.8,-64.5,-74.8,2.0,21.5,10.0,0.5,0.4,0.9,-49.4,-35.0,-20.6,-35.0,2.0,29.8,10.0,0.5,0.4,0.9,-19.0,-16.1,-13.1,-16.1,2.0,6.2,10.0,0.5,0.4,0.9,724.5,1097.0,1470.0,1097.0,2.0,772.0,10.0,0.5,0.4,0.9,725.0,1095.0,1470.0,1095.0,2.0,770.0,10.0,0.5,0.4,0.9
1974,2,52.0,-31.0,25.21,26.05,26.15,25.7,4.0,0.8,12.0,0.8,0.6,0.6,24.79,25.95,27.01,25.9,4.0,1.3,12.0,0.8,0.6,0.6,15.41,18.92,19.28,17.38,3.0,3.13,10.0,1.0,0.6,0.6,70.1,88.3,92.7,81.6,3.0,17.6,10.0,1.0,0.6,3.71,8.5,10.82,7.33,4.0,4.66,12.0,0.8,0.6,0.6,-6.8,-2.08,2.99,-1.91,4.0,6.67,12.0,0.8,0.6,0.6,-7.76,-3.97,-1.49,-4.6,4.0,3.95,12.0,0.8,0.6,0.6,1010.1,1011.3,1014.29,1012.15,4.0,3.41,12.0,0.8,0.6,0.6,4.5,5.0,6.6,5.5,4.0,1.7,12.0,0.8,0.6,0.6,-75.2,-18.5,21.8,-26.3,4.0,64.7,12.0,0.8,0.6,0.6,-82.6,-39.6,-7.7,-44.9,4.0,45.4,12.0,0.8,0.6,0.6,-0.91,-0.3,0.52,-0.2,4.0,0.94,12.0,0.8,0.6,0.6,-4.1,-0.6,5.4,0.6,4.0,7.1,12.0,0.8,0.6,0.6,1.99,2.3,5.61,3.76,3.0,2.94,10.0,1.0,0.6,0.6,11.5,20.8,22.8,17.2,3.0,8.8,10.0,1.0,0.6,0.6,-179.5,-53.0,72.5,-53.5,4.0,172.5,12.0,0.8,0.6,0.6,-199.4,-103.8,-37.6,-117.8,4.0,100.0,12.0,0.8,0.6,0.6,-151.1,-66.6,-27.2,-88.6,3.0,92.7,10.0,1.0,0.6,0.6,-159.9,-109.9,-42.1,-101.2,3.0,86.6,10.0,1.0,0.6,0.6,-14.9,-8.1,-5.7,-10.2,3.0,7.0,10.0,1.0,0.6,0.6,-18.5,-10.4,-7.0,-12.7,3.0,8.6,10.0,1.0,0.6,0.6,143.5,696.5,1276.0,709.5,4.0,672.0,12.0,0.8,0.6,0.6,145.0,695.0,1275.0,710.0,4.0,670.0,12.0,0.8,0.6,0.6
1974,2,52.0,-30.0,,,,,,,,,,,,,,,,,,,,,,,,,,,,,,,,,,,,,,,,5.1,5.1,5.1,5.1,1.0,0.0,20.0,0.0,0.6,0.3,-3.28,-3.28,-3.28,-3.28,1.0,0.0,20.0,0.0,0.6,0.3,-3.91,-3.91,-3.91,-3.91,1.0,0.0,20.0,0.0,0.6,0.3,1020.0,1020.0,1020.0,1020.0,1.0,0.0,20.0,0.0,0.6,0.3,,,,,,,,,,,,,,,,,,,,,,,,,,,,,,,,,,,,,,,,,,,,,,,,,,,,,,,,,,,,,,,,,,,,,,,,,,,,,,,,,,,,,,,,,,,,,,,,,,,,,,,,,,,,,,,,,,,,,,,,,,,,,,,,,,,,,,,,,,,,,,,,,,,,,,
1974,2,52.0,-29.0,26.7,26.7,26.7,26.7,1.0,0.0,6.0,0.0,0.9,0.3,25.1,25.3,25.5,25.3,2.0,0.42,8.0,0.0,0.4,0.3,16.21,16.69,17.16,16.69,2.0,0.99,8.0,0.0,0.4,0.3,80.1,83.3,86.6,83.3,2.0,6.8,8.0,0.0,0.3,4.0,5.7,6.73,5.72,9.0,2.28,12.0,0.4,0.5,0.4,-5.76,-3.46,0.0,-2.91,9.0,4.35,12.0,0.4,0.5,0.4,-4.65,-2.0,-1.17,-2.72,9.0,2.28,12.0,0.4,0.5,0.4,1009.32,1014.0,1015.7,1013.16,7.0,3.44,12.0,0.4,0.5,0.4,2.3,3.0,8.0,4.4,9.0,3.0,12.0,0.4,0.5,0.4,-34.1,-13.9,0.0,-20.2,9.0,38.7,12.0,0.4,0.5,0.4,-35.9,-11.1,-5.0,-17.7,9.0,17.3,12.0,0.4,0.5,0.4,1.1,1.1,1.1,1.1,1.0,0.0,6.0,0.0,0.9,0.3,11.9,11.9,11.9,11.9,1.0,0.0,6.0,0.0,0.9,0.3,5.81,5.81,5.81,5.81,1.0,0.0,6.0,0.0,0.9,0.3,62.7,62.7,62.7,62.7,1.0,0.0,6.0,0.0,0.9,0.3,-239.8,-196.9,-153.9,-196.9,2.0,89.0,8.0,0.0,0.4,0.3,-87.3,-71.6,-56.0,-71.6,2.0,32.4,8.0,0.0,0.4,0.3,-151.3,-127.7,-104.1,-127.7,2.0,48.9,8.0,0.0,0.4,0.3,-55.1,-46.5,-37.9,-46.5,2.0,17.8,8.0,0.0,0.4,0.3,-59.0,-59.0,-59.0,-59.0,1.0,0.0,6.0,0.0,0.9,0.3,-21.5,-21.5,-21.5,-21.5,1.0,0.0,6.0,0.0,0.9,0.3,64.0,185.0,309.0,278.0,9.0,381.0,12.0,0.4,0.5,0.4,65.0,185.0,310.0,280.0,9.0,380.0,12.0,0.4,0.5,0.4
1974,2,52.0,-28.0,25.0,25.0,25.0,25.0,1.0,0.0,24.0,1.0,0.5,0.7,26.5,26.5,26.5,26.5,1.0,0.0,24.0,1.0,0.5,0.7,15.41,15.41,15.41,15.41,1.0,0.0,24.0,1.0,0.5,0.7,71.8,71.8,71.8,71.8,1.0,0.0,24.0,1.0,0.7,1.48,3.5,6.41,3.93,4.0,3.04,22.0,1.0,0.7,0.7,-4.39,-0.78,-0.66,-2.44,4.0,3.43,22.0,1.0,0.7,0.7,-3.22,-0.29,1.35,-0.9,4.0,2.99,22.0,1.0,0.7,0.7,1010.98,1011.8,1015.69,1013.3,3.0,3.69,22.0,1.0,0.6,0.6,3.0,4.5,6.0,4.5,4.0,2.1,22.0,1.0,0.7,0.7,-32.7,-2.9,-1.0,-16.2,4.0,28.2,22.0,1.0,0.7,0.7,-17.8,-4.8,2.3,-7.6,4.0,12.9,22.0,1.0,0.7,0.7,-1.5,-1.5,-1.5,-1.5,1.0,0.0,24.0,1.0,0.5,0.7,-11.5,-11.5,-11.5,-11.5,1.0,0.0,24.0,1.0,0.5,0.7,4.28,4.28,4.28,4.28,1.0,0.0,24.0,1.0,0.5,0.7,32.9,32.9,32.9,32.9,1.0,0.0,24.0,1.0,0.5,0.7,-200.9,-200.9,-200.9,-200.9,1.0,0.0,24.0,1.0,0.5,0.7,-35.4,-35.4,-35.4,-35.4,1.0,0.0,24.0,1.0,0.5,0.7,-116.9,-116.9,-116.9,-116.9,1.0,0.0,24.0,1.0,0.5,0.7,-20.6,-20.6,-20.6,-20.6,1.0,0.0,24.0,1.0,0.5,0.7,-32.4,-32.4,-32.4,-32.4,1.0,0.0,24.0,1.0,0.5,0.7,-5.7,-5.7,-5.7,-5.7,1.0,0.0,24.0,1.0,0.5,0.7,4.5,66.5,298.5,147.5,4.0,213.5,22.0,1.0,0.7,0.7,5.0,65.0,300.0,150.0,4.0,215.0,22.0,1.0,0.7,0.7
1974,2,52.0,-27.0,,,,,,,,,,,,,,,,,,,,,,,,,,,,,,,,,,,,,,,,4.0,4.0,4.0,4.0,1.0,0.0,22.0,1.0,0.6,0.4,-1.37,-1.37,-1.37,-1.37,1.0,0.0,22.0,1.0,0.6,0.4,3.76,3.76,3.76,3.76,1.0,0.0,22.0,1.0,0.6,0.4,1015.1,1015.1,1015.1,1015.1,1.0,0.0,22.0,1.0,0.6,0.4,,,,,,,,,,,,,,,,,,,,,,,,,,,,,,,,,,,,,,,,,,,,,,,,,,,,,,,,,,,,,,,,,,,,,,,,,,,,,,,,,,,,,,,,,,,,,,,,,,,,,,,,,,,,,,,,,,,,,,,,,,,,,,,,,,,,,,,,,,,,,,,,,,,,,,
1974,2,52.0,-26.0,26.5,26.5,26.5,26.5,1.0,0.0,6.0,1.0,0.5,0.6,26.8,26.8,26.8,26.8,1.0,0.0,6.0,1.0,0.5,0.6,14.77,14.77,14.77,14.77,1.0,0.0,6.0,1.0,0.5,0.6,67.6,67.6,67.6,67.6,1.0,0.0,6.0,1.0,0.6,5.7,5.7,5.7,5.7,1.0,0.0,6.0,1.0,0.5,0.6,-4.94,-4.94,-4.94,-4.94,1.0,0.0,6.0,1.0,0.5,0.6,-2.85,-2.85,-2.85,-2.85,1.0,0.0,6.0,1.0,0.5,0.6,1016.0,1016.0,1016.0,1016.0,1.0,0.0,6.0,1.0,0.5,0.6,7.0,7.0,7.0,7.0,1.0,0.0,6.0,1.0,0.5,0.6,-28.1,-28.1,-28.1,-28.1,1.0,0.0,6.0,1.0,0.5,0.6,-16.2,-16.2,-16.2,-16.2,1.0,0.0,6.0,1.0,0.5,0.6,-0.3,-0.3,-0.3,-0.3,1.0,0.0,6.0,1.0,0.5,0.6,-1.7,-1.7,-1.7,-1.7,1.0,0.0,6.0,1.0,0.5,0.6,6.8,6.8,6.8,6.8,1.0,0.0,6.0,1.0,0.5,0.6,38.8,38.8,38.8,38.8,1.0,0.0,6.0,1.0,0.5,0.6,-132.3,-132.3,-132.3,-132.3,1.0,0.0,6.0,1.0,0.5,0.6,-76.4,-76.4,-76.4,-76.4,1.0,0.0,6.0,1.0,0.5,0.6,-72.9,-72.9,-72.9,-72.9,1.0,0.0,6.0,1.0,0.5,0.6,-42.1,-42.1,-42.1,-42.1,1.0,0.0,6.0,1.0,0.5,0.6,-33.6,-33.6,-33.6,-33.6,1.0,0.0,6.0,1.0,0.5,0.6,-19.4,-19.4,-19.4,-19.4,1.0,0.0,6.0,1.0,0.5,0.6,185.0,185.0,185.0,185.0,1.0,0.0,6.0,1.0,0.5,0.6,185.0,185.0,185.0,185.0,1.0,0.0,6.0,1.0,0.5,0.6
1974,2,52.0,-25.0,27.0,27.0,27.0,27.0,1.0,0.0,18.0,0.0,0.5,0.5,26.72,26.75,26.78,26.75,2.0,0.07,20.0,0.0,0.3,0.8,17.61,18.83,20.05,18.83,2.0,2.52,20.0,0.0,0.3,0.8,80.7,86.0,91.2,86.0,2.0,10.9,20.0,0.0,0.8,4.51,5.4,6.29,5.4,2.0,1.84,20.0,0.0,0.3,0.8,-3.6,-3.07,-2.54,-3.07,2.0,1.1,20.0,0.0,0.3,0.8,-5.07,-2.45,0.18,-2.45,2.0,5.44,20.0,0.0,0.3,0.8,1013.94,1014.45,1014.96,1014.45,2.0,1.06,20.0,0.0,0.3,0.8,1.8,3.5,5.2,3.5,2.0,3.5,20.0,0.0,0.3,0.8,-15.7,-15.6,-15.4,-15.6,2.0,0.3,20.0,0.0,0.3,0.8,-34.6,-18.2,-1.9,-18.2,2.0,33.9,20.0,0.0,0.3,0.8,0.2,0.2,0.2,0.2,1.0,0.0,18.0,0.0,0.5,0.5,1.3,1.3,1.3,1.3,1.0,0.0,18.0,0.0,0.5,0.5,1.67,1.67,1.67,1.67,1.0,0.0,18.0,0.0,0.5,0.5,11.2,11.2,11.2,11.2,1.0,0.0,18.0,0.0,0.5,0.5,-96.3,-82.1,-68.0,-82.1,2.0,29.3,20.0,0.0,0.3,0.8,-136.0,-65.6,4.7,-65.6,2.0,145.8,20.0,0.0,0.3,0.8,-62.8,-56.5,-50.2,-56.5,2.0,13.0,20.0,0.0,0.3,0.8,-105.4,-52.9,-0.5,-52.9,2.0,108.7,20.0,0.0,0.3,0.8,-3.8,-3.8,-3.8,-3.8,1.0,0.0,18.0,0.0,0.5,0.5,-10.5,-10.5,-10.5,-10.5,1.0,0.0,18.0,0.0,0.5,0.5,105.5,185.0,264.0,185.0,2.0,164.0,20.0,0.0,0.3,0.8,105.0,185.0,265.0,185.0,2.0,165.0,20.0,0.0,0.3,0.8
1974,2,52.0,-24.0,26.44,27.1,27.92,27.16,16.0,0.66,16.0,0.5,0.4,0.6,25.98,26.75,27.0,26.68,16.0,0.72,16.0,0.5,0.4,0.6,16.26,16.96,17.84,17.07,14.0,0.95,16.0,0.5,0.4,0.7,75.6,77.6,83.3,78.4,15.0,4.3,16.0,0.5,0.7,3.88,6.35,8.53,6.56,18.0,2.86,14.0,0.5,0.5,0.6,-8.4,-2.86,0.0,-3.84,18.0,4.77,14.0,0.5,0.5,0.6,-4.86,-1.98,1.24,-1.9,18.0,3.41,14.0,0.5,0.5,0.6,1009.34,1012.3,1014.46,1012.07,19.0,2.73,14.0,0.5,0.5,0.6,2.2,5.0,8.0,4.8,21.0,2.7,14.0,0.5,0.5,0.6,-71.9,-12.1,0.0,-33.8,18.0,54.3,14.0,0.5,0.5,0.6,-27.6,-7.2,9.0,-11.6,18.0,24.3,14.0,0.5,0.5,0.6,-0.32,0.45,1.06,0.49,16.0,0.76,16.0,0.5,0.4,0.6,-3.6,3.3,5.9,1.8,13.0,5.1,14.0,0.5,0.4,0.6,4.93,5.78,6.09,5.49,14.0,0.84,16.0,0.5,0.4,0.7,19.8,32.5,61.9,38.7,11.0,19.5,14.0,0.5,0.4,0.7,-252.6,-82.9,0.0,-127.2,13.0,127.4,14.0,0.5,0.4,0.6,-135.5,-53.4,38.3,-43.7,13.0,107.4,14.0,0.5,0.4,0.6,-166.3,-107.8,-25.6,-96.1,11.0,72.7,14.0,0.5,0.4,0.7,-54.5,-29.8,25.2,-9.7,11.0,59.4,14.0,0.5,0.4,0.7,-60.9,-21.3,-7.3,-31.3,11.0,25.2,14.0,0.5,0.4,0.7,-18.5,-8.9,9.1,-3.6,11.0,17.3,14.0,0.5,0.4,0.7,59.0,258.5,628.0,455.0,18.0,654.5,14.0,0.5,0.5,0.6,60.0,260.0,630.0,455.0,18.0,655.0,14.0,0.5,0.5,0.6
1974,2,52.0,-23.0,26.96,27.5,28.34,27.62,25.0,0.91,14.0,0.8,0.6,0.6,25.49,26.95,28.31,26.93,26.0,1.42,14.0,0.8,0.5,0.6,16.16,17.18,18.39,17.28,23.0,1.6,14.0,0.8,0.5,0.6,71.8,78.7,83.7,78.1,23.0,8.6,14.0,0.8,0.6,4.5,6.7,9.03,6.63,29.0,2.59,14.0,0.8,0.6,0.6,-7.7,-5.1,-1.57,-5.13,29.0,2.97,14.0,0.8,0.6,0.6,-5.42,-1.51,1.3,-2.02,29.0,3.46,14.0,0.8,0.6,0.6,1010.87,1013.1,1014.31,1013.0,29.0,2.44,14.0,0.8,0.6,0.6,4.0,7.0,8.0,5.9,28.0,2.1,14.0,0.8,0.6,0.6,-61.6,-33.3,-5.2,-39.6,29.0,36.2,14.0,0.8,0.6,0.6,-60.5,-12.2,2.9,-17.4,29.0,28.5,14.0,0.8,0.6,0.6,-0.93,0.2,2.55,0.68,24.0,1.72,14.0,0.8,0.5,0.6,-5.8,1.3,17.9,5.0,24.0,12.6,14.0,0.8,0.5,0.6,4.41,5.65,7.36,5.88,22.0,1.76,14.0,0.8,0.5,0.6,21.4,38.8,53.6,40.3,22.0,18.9,14.0,0.8,0.5,0.6,-204.3,-144.6,-84.5,-148.0,26.0,75.8,14.0,0.8,0.5,0.6,-148.5,-34.7,33.4,-51.0,26.0,89.1,14.0,0.8,0.5,0.6,-145.4,-92.3,-62.5,-97.3,23.0,45.0,14.0,0.8,0.5,0.6,-92.4,-26.7,24.1,-29.6,23.0,57.3,14.0,0.8,0.5,0.6,-44.8,-33.7,-16.2,-33.6,22.0,16.7,14.0,0.8,0.5,0.6,-27.9,-9.1,2.3,-11.7,22.0,21.3,14.0,0.8,0.5,0.6,94.0,301.0,739.5,425.0,29.0,495.0,14.0,0.8,0.6,0.6,95.0,300.0,740.0,425.0,29.0,495.0,14.0,0.8,0.6,0.6
1974,2,52.0,-22.0,26.43,28.0,28.52,27.5,4.0,1.73,8.0,0.5,0.1,0.6,25.19,26.75,27.52,26.38,4.0,1.7,8.0,0.5,0.1,0.6,18.48,18.98,19.47,18.98,2.0,1.02,12.0,0.5,0.1,0.7,83.9,84.2,84.5,84.2,2.0,0.6,12.0,0.5,0.7,6.7,6.95,7.2,6.95,4.0,0.29,8.0,0.5,0.1,0.6,-6.27,-6.02,-2.76,-4.58,4.0,3.06,8.0,0.5,0.1,0.6,-3.48,-2.82,2.68,-0.51,4.0,5.17,8.0,0.5,0.1,0.6,1012.0,1014.6,1016.05,1014.05,4.0,2.95,8.0,0.5,0.1,0.6,3.3,6.0,7.4,5.3,3.0,3.1,10.0,0.3,0.2,0.6,-43.6,-40.5,-18.5,-31.5,4.0,21.1,8.0,0.5,0.1,0.6,-24.3,-18.9,19.8,-3.0,4.0,36.8,8.0,0.5,0.1,0.6,0.48,1.25,1.76,1.13,4.0,0.85,8.0,0.5,0.1,0.6,3.2,8.8,12.2,7.7,4.0,5.8,8.0,0.5,0.1,0.6,4.11,4.63,5.14,4.63,2.0,1.07,12.0,0.5,0.1,0.7,29.6,33.3,37.0,33.3,2.0,7.7,12.0,0.5,0.1,0.7,-172.4,-154.6,-66.3,-121.0,4.0,82.2,8.0,0.5,0.1,0.6,-91.1,-71.1,70.5,-13.1,4.0,136.8,8.0,0.5,0.1,0.6,-103.3,-61.4,-19.5,-61.4,2.0,86.8,12.0,0.5,0.1,0.7,-38.8,30.3,99.3,30.3,2.0,143.1,12.0,0.5,0.1,0.7,-20.3,-12.1,-3.8,-12.1,2.0,17.1,12.0,0.5,0.1,0.7,-5.6,12.4,30.4,12.4,2.0,37.3,12.0,0.5,0.1,0.7,301.0,337.0,373.0,337.0,4.0,42.0,8.0,0.5,0.1,0.6,300.0,335.0,375.0,335.0,4.0,40.0,8.0,0.5,0.1,0.6
1974,2,52.0,-21.0,27.16,27.5,27.84,27.5,3.0,0.5,14.0,0.0,0.7,0.7,26.18,27.0,27.96,27.07,3.0,1.3,14.0,0.0,0.7,0.7,16.77,17.64,18.52,17.64,2.0,1.81,18.0,0.0,0.6,0.7,80.0,82.1,84.2,82.1,2.0,4.3,18.0,0.0,0.7,5.58,7.7,11.32,8.43,3.0,4.25,14.0,0.0,0.7,0.7,-10.21,-5.9,-3.89,-7.02,3.0,4.73,14.0,0.0,0.7,0.7,-4.15,-3.52,2.26,-1.01,3.0,5.18,14.0,0.0,0.7,0.7,1011.05,1013.1,1014.19,1012.63,3.0,2.34,14.0,0.0,0.7,0.7,3.2,3.5,3.8,3.5,2.0,0.7,18.0,0.0,0.6,0.7,-122.8,-45.4,-23.7,-72.6,3.0,76.3,14.0,0.0,0.7,0.7,-44.6,-16.2,20.9,-12.0,3.0,48.1,14.0,0.0,0.7,0.7,-0.27,0.0,1.16,0.43,3.0,1.12,14.0,0.0,0.7,0.7,-3.5,0.0,8.9,2.6,3.0,9.4,14.0,0.0,0.7,0.7,3.86,4.97,6.09,4.97,2.0,2.31,18.0,0.0,0.6,0.7,21.0,33.1,45.2,33.1,2.0,25.1,18.0,0.0,0.6,0.7,-285.1,-152.2,-102.8,-193.0,3.0,138.1,14.0,0.0,0.7,0.7,-116.4,-95.1,57.0,-31.2,3.0,138.5,14.0,0.0,0.7,0.7,-90.1,-76.2,-62.4,-76.2,2.0,28.7,18.0,0.0,0.6,0.7,-43.2,7.2,57.6,7.2,2.0,104.4,18.0,0.0,0.6,0.7,-34.3,-24.4,-14.5,-24.4,2.0,20.6,18.0,0.0,0.6,0.7,-4.7,10.5,25.6,10.5,2.0,31.4,18.0,0.0,0.6,0.7,211.5,456.5,1644.5,917.0,3.0,1123.0,14.0,0.0,0.7,0.7,210.0,455.0,1645.0,915.0,3.0,1125.0,14.0,0.0,0.7,0.7
1974,2,52.0,-20.0,27.5,27.5,27.5,27.5,1.0,0.0,18.0,0.0,0.7,1.0,26.6,26.6,26.6,26.6,1.0,0.0,18.0,0.0,0.7,1.0,17.99,17.99,17.99,17.99,1.0,0.0,18.0,0.0,0.7,1.0,82.6,82.6,82.6,82.6,1.0,0.0,18.0,0.0,1.0,3.1,3.1,3.1,3.1,1.0,0.0,18.0,0.0,0.7,1.0,-2.37,-2.37,-2.37,-2.37,1.0,0.0,18.0,0.0,0.7,1.0,-1.99,-1.99,-1.99,-1.99,1.0,0.0,18.0,0.0,0.7,1.0,1010.6,1010.6,1010.6,1010.6,1.0,0.0,18.0,0.0,0.7,1.0,,,,,,,,,,,,,,,,,,,,,,,,,,,,,,,0.9,0.9,0.9,0.9,1.0,0.0,18.0,0.0,0.7,1.0,2.8,2.8,2.8,2.8,1.0,0.0,18.0,0.0,0.7,1.0,5.04,5.04,5.04,5.04,1.0,0.0,18.0,0.0,0.7,1.0,15.6,15.6,15.6,15.6,1.0,0.0,18.0,0.0,0.7,1.0,-63.2,-63.2,-63.2,-63.2,1.0,0.0,18.0,0.0,0.7,1.0,-53.0,-53.0,-53.0,-53.0,1.0,0.0,18.0,0.0,0.7,1.0,-42.7,-42.7,-42.7,-42.7,1.0,0.0,18.0,0.0,0.7,1.0,-35.8,-35.8,-35.8,-35.8,1.0,0.0,18.0,0.0,0.7,1.0,-12.0,-12.0,-12.0,-12.0,1.0,0.0,18.0,0.0,0.7,1.0,-10.0,-10.0,-10.0,-10.0,1.0,0.0,18.0,0.0,0.7,1.0,30.0,30.0,30.0,30.0,1.0,0.0,18.0,0.0,0.7,1.0,30.0,30.0,30.0,30.0,1.0,0.0,18.0,0.0,0.7,1.0
1974,2,52.0,-18.0,28.0,28.0,28.0,28.0,1.0,0.0,4.0,1.0,0.9,1.0,28.0,28.0,29.02,28.5,3.0,0.87,4.0,0.7,0.5,0.6,18.41,18.61,19.63,19.01,3.0,0.96,4.0,0.7,0.5,0.6,74.0,77.5,82.5,78.2,3.0,6.3,4.0,0.7,0.6,5.45,6.2,6.2,5.83,3.0,0.64,4.0,0.7,0.5,0.6,-5.37,-5.37,-5.19,-5.28,3.0,0.16,4.0,0.7,0.5,0.6,-3.1,-3.1,-0.98,-2.07,3.0,1.79,4.0,0.7,0.5,0.6,1009.29,1011.0,1012.43,1010.87,3.0,2.3,4.0,0.7,0.5,0.6,7.0,7.0,7.7,7.3,3.0,0.6,4.0,0.7,0.5,0.6,-33.3,-33.3,-28.3,-30.9,3.0,4.2,4.0,0.7,0.5,0.6,-19.2,-19.2,-6.1,-12.8,3.0,11.1,4.0,0.7,0.5,0.6,-1.5,-1.5,-1.5,-1.5,1.0,0.0,4.0,1.0,0.9,1.0,-9.3,-9.3,-9.3,-9.3,1.0,0.0,4.0,1.0,0.9,1.0,5.05,5.05,5.05,5.05,1.0,0.0,4.0,1.0,0.9,1.0,31.3,31.3,31.3,31.3,1.0,0.0,4.0,1.0,0.9,1.0,-155.8,-150.3,-145.2,-150.5,3.0,7.8,4.0,0.7,0.5,0.6,-90.0,-86.8,-27.6,-59.4,3.0,51.5,4.0,0.7,0.5,0.6,-101.7,-99.9,-98.8,-100.3,3.0,2.1,4.0,0.7,0.5,0.6,-57.4,-56.8,-18.0,-38.2,3.0,33.0,4.0,0.7,0.5,0.6,-27.1,-27.1,-27.1,-27.1,1.0,0.0,4.0,1.0,0.9,1.0,-15.7,-15.7,-15.7,-15.7,1.0,0.0,4.0,1.0,0.9,1.0,166.0,238.5,238.5,203.0,3.0,61.0,4.0,0.7,0.5,0.6,165.0,240.0,240.0,205.0,3.0,60.0,4.0,0.7,0.5,0.6
1974,2,52.0,-17.0,28.05,28.15,28.25,28.15,2.0,0.21,12.0,1.0,0.7,0.2,28.15,28.9,29.65,28.9,2.0,1.56,12.0,1.0,0.7,0.2,18.65,19.72,20.78,19.72,2.0,2.21,12.0,1.0,0.7,0.2,78.3,79.0,79.8,79.0,2.0,1.5,12.0,1.0,0.2,6.28,6.45,6.62,6.45,2.0,0.35,12.0,1.0,0.7,0.2,-6.28,-6.25,-6.22,-6.25,2.0,0.07,12.0,1.0,0.7,0.2,-1.93,-1.15,-0.36,-1.15,2.0,1.62,12.0,1.0,0.7,0.2,1012.22,1012.7,1013.18,1012.7,2.0,0.99,12.0,1.0,0.7,0.2,4.3,5.0,5.7,5.0,2.0,1.4,12.0,1.0,0.7,0.2,-41.6,-40.3,-39.0,-40.3,2.0,2.6,12.0,1.0,0.7,0.2,-12.9,-7.7,-2.4,-7.7,2.0,10.9,12.0,1.0,0.7,0.2,-1.6,-0.75,0.1,-0.75,2.0,1.77,12.0,1.0,0.7,0.2,-9.9,-4.5,0.9,-4.5,2.0,11.1,12.0,1.0,0.7,0.2,2.97,4.16,5.36,4.16,2.0,2.48,12.0,1.0,0.7,0.2,18.9,27.3,35.7,27.3,2.0,17.5,12.0,1.0,0.7,0.2,-184.3,-180.5,-176.8,-180.5,2.0,7.8,12.0,1.0,0.7,0.2,-53.6,-31.9,-10.1,-31.9,2.0,45.0,12.0,1.0,0.7,0.2,-129.1,-123.1,-117.1,-123.1,2.0,12.4,12.0,1.0,0.7,0.2,-35.0,-20.8,-6.6,-20.8,2.0,29.4,12.0,1.0,0.7,0.2,-33.7,-26.1,-18.5,-26.1,2.0,15.8,12.0,1.0,0.7,0.2,-11.4,-6.8,-2.2,-6.8,2.0,9.6,12.0,1.0,0.7,0.2,248.0,269.5,291.0,269.5,2.0,44.0,12.0,1.0,0.7,0.2,250.0,270.0,290.0,270.0,2.0,45.0,12.0,1.0,0.7,0.2
1974,2,52.0,-16.0,27.66,28.0,28.34,28.0,2.0,0.71,18.0,0.5,0.4,0.5,26.57,27.8,28.96,27.77,3.0,1.75,18.0,0.3,0.4,0.4,18.75,19.42,20.54,19.64,3.0,1.33,18.0,0.3,0.4,0.4,79.7,81.5,88.7,84.1,3.0,6.9,18.0,0.3,0.4,5.11,6.2,8.32,6.7,3.0,2.39,18.0,0.3,0.4,0.4,-7.96,-5.37,0.31,-3.86,3.0,6.2,18.0,0.3,0.4,0.4,2.09,3.1,3.39,2.75,3.0,1.0,18.0,0.3,0.4,0.4,1007.92,1009.9,1009.97,1008.97,3.0,1.7,18.0,0.3,0.4,0.4,1.3,2.0,6.1,3.7,3.0,3.8,18.0,0.3,0.4,0.4,-68.7,-33.3,-1.3,-35.0,3.0,49.4,18.0,0.3,0.4,0.4,15.4,16.2,18.3,16.8,3.0,2.2,18.0,0.3,0.4,0.4,-0.6,0.25,1.1,0.25,2.0,1.77,18.0,0.5,0.4,0.5,-6.7,-1.2,4.3,-1.2,2.0,11.5,18.0,0.5,0.4,0.5,3.43,3.54,3.64,3.54,2.0,0.22,18.0,0.5,0.4,0.5,19.3,24.2,29.1,24.2,2.0,10.2,18.0,0.5,0.4,0.5,-231.8,-149.3,5.1,-114.2,3.0,176.2,18.0,0.3,0.4,0.4,59.9,86.2,89.9,75.1,3.0,24.0,18.0,0.3,0.4,0.4,-163.1,-99.0,7.8,-78.2,3.0,126.5,18.0,0.3,0.4,0.4,41.4,57.2,64.9,53.2,3.0,17.5,18.0,0.3,0.4,0.4,-24.3,-10.0,4.3,-10.0,2.0,29.6,18.0,0.5,0.4,0.5,6.7,9.2,11.8,9.2,2.0,5.3,18.0,0.5,0.4,0.5,142.0,238.5,624.5,380.0,3.0,374.0,18.0,0.3,0.4,0.4,140.0,240.0,625.0,380.0,3.0,375.0,18.0,0.3,0.4,0.4
1974,2,52.0,-11.0,27.53,28.0,28.07,27.84,5.0,0.33,6.0,0.2,0.5,0.6,25.45,26.8,27.73,26.66,5.0,1.64,6.0,0.2,0.5,0.6,16.7,17.84,18.4,17.56,4.0,1.17,8.0,0.3,0.5,0.6,71.1,76.7,84.9,77.9,4.0,8.4,8.0,0.3,0.6,1.24,2.8,5.46,3.33,4.0,3.21,8.0,0.0,0.5,0.7,0.42,1.74,5.21,2.77,4.0,3.39,8.0,0.0,0.5,0.7,-1.28,0.67,1.42,0.1,4.0,1.82,8.0,0.0,0.5,0.7,1007.12,1007.3,1009.71,1008.36,5.0,2.12,6.0,0.2,0.5,0.6,1.9,3.0,5.0,3.2,5.0,2.0,6.0,0.2,0.5,0.6,1.1,5.1,34.3,17.1,4.0,27.7,8.0,0.0,0.5,0.7,-3.3,2.3,7.5,2.1,4.0,7.0,8.0,0.0,0.5,0.7,-0.11,1.4,2.29,1.18,5.0,1.66,6.0,0.2,0.5,0.6,0.5,5.8,11.5,6.0,4.0,6.3,8.0,0.0,0.5,0.7,4.72,5.48,7.18,5.93,4.0,1.61,8.0,0.3,0.5,0.6,4.0,12.5,28.3,16.1,3.0,18.1,8.0,0.0,0.6,0.6,11.4,43.8,133.6,71.2,4.0,88.0,8.0,0.0,0.5,0.7,-34.6,17.4,35.8,1.4,4.0,48.0,8.0,0.0,0.5,0.7,5.1,16.1,101.5,52.4,3.0,77.3,8.0,0.0,0.6,0.6,-30.3,0.0,17.0,-6.5,3.0,35.1,8.0,0.0,0.6,0.6,1.4,4.3,25.4,13.1,3.0,19.2,8.0,0.0,0.6,0.6,-8.0,0.0,4.2,-1.8,3.0,9.1,8.0,0.0,0.6,0.6,8.5,22.5,252.0,125.5,4.0,221.0,8.0,0.0,0.5,0.7,10.0,20.0,250.0,125.0,4.0,220.0,8.0,0.0,0.5,0.7
1974,2,52.0,-9.0,,,,,,,,,,,,,,,,,,,,,,,,,,,,,,,,,,,,,,,,2.6,2.6,2.6,2.6,1.0,0.0,6.0,0.0,0.9,0.4,0.89,0.89,0.89,0.89,1.0,0.0,6.0,0.0,0.9,0.4,-2.44,-2.44,-2.44,-2.44,1.0,0.0,6.0,0.0,0.9,0.4,1007.7,1007.7,1007.7,1007.7,1.0,0.0,6.0,0.0,0.9,0.4,,,,,,,,,,,,,,,,,,,,,,,,,,,,,,,,,,,,,,,,,,,,,,,,,,,,,,,,,,,,,,,,,,,,,,,,,,,,,,,,,,,,,,,,,,,,,,,,,,,,,,,,,,,,,,,,,,,,,,,,,,,,,,,,,,,,,,,,,,,,,,,,,,,,,,
1974,2,52.0,-8.0,26.1,26.1,26.1,26.1,1.0,0.0,2.0,1.0,0.5,0.5,26.0,26.0,26.0,26.0,1.0,0.0,2.0,1.0,0.5,0.5,16.17,16.17,16.17,16.17,1.0,0.0,2.0,1.0,0.5,0.5,77.2,77.2,77.2,77.2,1.0,0.0,2.0,1.0,0.5,5.7,5.7,5.7,5.7,1.0,0.0,2.0,1.0,0.5,0.5,-3.66,-3.66,-3.66,-3.66,1.0,0.0,2.0,1.0,0.5,0.5,-4.37,-4.37,-4.37,-4.37,1.0,0.0,2.0,1.0,0.5,0.5,1012.4,1012.4,1012.4,1012.4,1.0,0.0,2.0,1.0,0.5,0.5,4.0,4.0,4.0,4.0,1.0,0.0,2.0,1.0,0.5,0.5,-20.9,-20.9,-20.9,-20.9,1.0,0.0,2.0,1.0,0.5,0.5,-24.9,-24.9,-24.9,-24.9,1.0,0.0,2.0,1.0,0.5,0.5,0.1,0.1,0.1,0.1,1.0,0.0,2.0,1.0,0.5,0.5,0.6,0.6,0.6,0.6,1.0,0.0,2.0,1.0,0.5,0.5,4.97,4.97,4.97,4.97,1.0,0.0,2.0,1.0,0.5,0.5,28.3,28.3,28.3,28.3,1.0,0.0,2.0,1.0,0.5,0.5,-95.3,-95.3,-95.3,-95.3,1.0,0.0,2.0,1.0,0.5,0.5,-113.5,-113.5,-113.5,-113.5,1.0,0.0,2.0,1.0,0.5,0.5,-59.3,-59.3,-59.3,-59.3,1.0,0.0,2.0,1.0,0.5,0.5,-70.6,-70.6,-70.6,-70.6,1.0,0.0,2.0,1.0,0.5,0.5,-18.2,-18.2,-18.2,-18.2,1.0,0.0,2.0,1.0,0.5,0.5,-21.7,-21.7,-21.7,-21.7,1.0,0.0,2.0,1.0,0.5,0.5,185.0,185.0,185.0,185.0,1.0,0.0,2.0,1.0,0.5,0.5,185.0,185.0,185.0,185.0,1.0,0.0,2.0,1.0,0.5,0.5
1974,2,52.0,-7.0,27.5,27.5,27.5,27.5,1.0,0.0,18.0,1.0,0.2,0.1,28.2,28.2,28.2,28.2,1.0,0.0,18.0,1.0,0.2,0.1,17.36,17.36,17.36,17.36,1.0,0.0,18.0,1.0,0.2,0.1,72.5,72.5,72.5,72.5,1.0,0.0,18.0,1.0,0.1,2.1,2.1,2.1,2.1,1.0,0.0,18.0,1.0,0.2,0.1,-0.72,-0.72,-0.72,-0.72,1.0,0.0,18.0,1.0,0.2,0.1,-1.97,-1.97,-1.97,-1.97,1.0,0.0,18.0,1.0,0.2,0.1,1009.1,1009.1,1009.1,1009.1,1.0,0.0,18.0,1.0,0.2,0.1,7.0,7.0,7.0,7.0,1.0,0.0,18.0,1.0,0.2,0.1,-1.5,-1.5,-1.5,-1.5,1.0,0.0,18.0,1.0,0.2,0.1,-4.1,-4.1,-4.1,-4.1,1.0,0.0,18.0,1.0,0.2,0.1,-0.7,-0.7,-0.7,-0.7,1.0,0.0,18.0,1.0,0.2,0.1,-1.5,-1.5,-1.5,-1.5,1.0,0.0,18.0,1.0,0.2,0.1,5.7,5.7,5.7,5.7,1.0,0.0,18.0,1.0,0.2,0.1,12.0,12.0,12.0,12.0,1.0,0.0,18.0,1.0,0.2,0.1,-20.3,-20.3,-20.3,-20.3,1.0,0.0,18.0,1.0,0.2,0.1,-55.6,-55.6,-55.6,-55.6,1.0,0.0,18.0,1.0,0.2,0.1,-12.5,-12.5,-12.5,-12.5,1.0,0.0,18.0,1.0,0.2,0.1,-34.3,-34.3,-34.3,-34.3,1.0,0.0,18.0,1.0,0.2,0.1,-4.1,-4.1,-4.1,-4.1,1.0,0.0,18.0,1.0,0.2,0.1,-11.2,-11.2,-11.2,-11.2,1.0,0.0,18.0,1.0,0.2,0.1,9.5,9.5,9.5,9.5,1.0,0.0,18.0,1.0,0.2,0.1,10.0,10.0,10.0,10.0,1.0,0.0,18.0,1.0,0.2,0.1
1974,2,52.0,-6.0,28.9,28.9,28.9,28.9,1.0,0.0,14.0,0.0,0.1,0.6,26.9,26.9,26.9,26.9,1.0,0.0,14.0,0.0,0.1,0.6,18.51,18.51,18.51,18.51,1.0,0.0,14.0,0.0,0.1,0.6,83.7,83.7,83.7,83.7,1.0,0.0,14.0,0.0,0.6,3.6,3.6,3.6,3.6,1.0,0.0,14.0,0.0,0.1,0.6,3.55,3.55,3.55,3.55,1.0,0.0,14.0,0.0,0.1,0.6,-0.63,-0.63,-0.63,-0.63,1.0,0.0,14.0,0.0,0.1,0.6,1012.6,1012.6,1012.6,1012.6,1.0,0.0,14.0,0.0,0.1,0.6,3.0,3.0,3.0,3.0,1.0,0.0,14.0,0.0,0.1,0.6,12.8,12.8,12.8,12.8,1.0,0.0,14.0,0.0,0.1,0.6,-2.3,-2.3,-2.3,-2.3,1.0,0.0,14.0,0.0,0.1,0.6,2.0,2.0,2.0,2.0,1.0,0.0,14.0,0.0,0.1,0.6,7.2,7.2,7.2,7.2,1.0,0.0,14.0,0.0,0.1,0.6,6.46,6.46,6.46,6.46,1.0,0.0,14.0,0.0,0.1,0.6,23.3,23.3,23.3,23.3,1.0,0.0,14.0,0.0,0.1,0.6,95.4,95.4,95.4,95.4,1.0,0.0,14.0,0.0,0.1,0.6,-16.8,-16.8,-16.8,-16.8,1.0,0.0,14.0,0.0,0.1,0.6,65.6,65.6,65.6,65.6,1.0,0.0,14.0,0.0,0.1,0.6,-11.6,-11.6,-11.6,-11.6,1.0,0.0,14.0,0.0,0.1,0.6,22.9,22.9,22.9,22.9,1.0,0.0,14.0,0.0,0.1,0.6,-4.0,-4.0,-4.0,-4.0,1.0,0.0,14.0,0.0,0.1,0.6,46.5,46.5,46.5,46.5,1.0,0.0,14.0,0.0,0.1,0.6,45.0,45.0,45.0,45.0,1.0,0.0,14.0,0.0,0.1,0.6
1974,2,52.0,-5.0,26.53,26.6,27.49,27.0,3.0,0.78,16.0,1.0,0.2,0.8,26.76,27.1,27.17,26.97,3.0,0.32,16.0,1.0,0.2,0.8,17.42,17.8,18.13,17.77,3.0,0.52,16.0,1.0,0.2,0.8,79.2,79.3,80.6,79.9,3.0,1.1,16.0,1.0,0.8,3.58,4.6,6.37,4.97,3.0,2.07,16.0,1.0,0.2,0.8,-0.9,0.54,2.63,0.86,3.0,2.6,16.0,1.0,0.2,0.8,-5.63,-4.32,-3.46,-4.54,3.0,1.6,16.0,1.0,0.2,0.8,1009.34,1010.3,1011.73,1010.53,3.0,1.76,16.0,1.0,0.2,0.8,2.0,2.0,5.4,3.7,3.0,2.9,16.0,1.0,0.2,0.8,-4.4,1.7,18.2,6.8,3.0,17.2,16.0,1.0,0.2,0.8,-37.0,-19.9,-12.8,-24.7,3.0,18.2,16.0,1.0,0.2,0.8,-0.48,0.0,0.55,0.03,3.0,0.75,16.0,1.0,0.2,0.8,-2.2,0.0,3.9,0.8,3.0,4.5,16.0,1.0,0.2,0.8,3.76,4.59,5.43,4.59,3.0,1.23,16.0,1.0,0.2,0.8,14.6,15.5,33.5,23.9,3.0,15.6,16.0,1.0,0.2,0.8,-24.7,14.3,71.1,23.0,3.0,70.6,16.0,1.0,0.2,0.8,-152.7,-117.6,-92.8,-122.6,3.0,44.1,16.0,1.0,0.2,0.8,-16.7,9.3,46.7,14.9,3.0,46.7,16.0,1.0,0.2,0.8,-100.8,-79.0,-61.0,-80.9,3.0,29.2,16.0,1.0,0.2,0.8,-2.8,2.5,15.1,6.0,3.0,13.5,16.0,1.0,0.2,0.8,-29.4,-14.6,-14.2,-21.6,3.0,12.7,16.0,1.0,0.2,0.8,51.0,97.5,285.5,167.0,3.0,182.0,16.0,1.0,0.2,0.8,50.0,95.0,285.0,165.0,3.0,180.0,16.0,1.0,0.2,0.8
1974,2,52.0,-4.0,28.0,28.0,28.0,28.0,1.0,0.0,22.0,0.0,0.9,0.3,26.5,26.5,26.5,26.5,1.0,0.0,22.0,0.0,0.9,0.3,16.89,16.89,16.89,16.89,1.0,0.0,22.0,0.0,0.9,0.3,78.2,78.2,78.2,78.2,1.0,0.0,22.0,0.0,0.3,5.1,5.1,5.1,5.1,1.0,0.0,22.0,0.0,0.9,0.3,2.55,2.55,2.55,2.55,1.0,0.0,22.0,0.0,0.9,0.3,-4.42,-4.42,-4.42,-4.42,1.0,0.0,22.0,0.0,0.9,0.3,1012.1,1012.1,1012.1,1012.1,1.0,0.0,22.0,0.0,0.9,0.3,3.0,3.0,3.0,3.0,1.0,0.0,22.0,0.0,0.9,0.3,13.0,13.0,13.0,13.0,1.0,0.0,22.0,0.0,0.9,0.3,-22.5,-22.5,-22.5,-22.5,1.0,0.0,22.0,0.0,0.9,0.3,1.5,1.5,1.5,1.5,1.0,0.0,22.0,0.0,0.9,0.3,7.7,7.7,7.7,7.7,1.0,0.0,22.0,0.0,0.9,0.3,6.79,6.79,6.79,6.79,1.0,0.0,22.0,0.0,0.9,0.3,34.6,34.6,34.6,34.6,1.0,0.0,22.0,0.0,0.9,0.3,67.6,67.6,67.6,67.6,1.0,0.0,22.0,0.0,0.9,0.3,-117.0,-117.0,-117.0,-117.0,1.0,0.0,22.0,0.0,0.9,0.3,43.1,43.1,43.1,43.1,1.0,0.0,22.0,0.0,0.9,0.3,-74.6,-74.6,-74.6,-74.6,1.0,0.0,22.0,0.0,0.9,0.3,17.3,17.3,17.3,17.3,1.0,0.0,22.0,0.0,0.9,0.3,-30.0,-30.0,-30.0,-30.0,1.0,0.0,22.0,0.0,0.9,0.3,132.5,132.5,132.5,132.5,1.0,0.0,22.0,0.0,0.9,0.3,135.0,135.0,135.0,135.0,1.0,0.0,22.0,0.0,0.9,0.3
1974,2,52.0,-3.0,28.0,28.0,28.0,28.0,1.0,0.0,12.0,0.0,0.0,1.0,27.7,27.7,27.7,27.7,1.0,0.0,12.0,0.0,0.0,1.0,18.57,18.57,18.57,18.57,1.0,0.0,12.0,0.0,0.0,1.0,79.8,79.8,79.8,79.8,1.0,0.0,12.0,0.0,1.0,6.2,6.2,6.2,6.2,1.0,0.0,12.0,0.0,0.0,1.0,-3.1,-3.1,-3.1,-3.1,1.0,0.0,12.0,0.0,0.0,1.0,-5.37,-5.37,-5.37,-5.37,1.0,0.0,12.0,0.0,0.0,1.0,1009.0,1009.0,1009.0,1009.0,1.0,0.0,12.0,0.0,0.0,1.0,7.0,7.0,7.0,7.0,1.0,0.0,12.0,0.0,0.0,1.0,-19.2,-19.2,-19.2,-19.2,1.0,0.0,12.0,0.0,0.0,1.0,-33.3,-33.3,-33.3,-33.3,1.0,0.0,12.0,0.0,0.0,1.0,0.3,0.3,0.3,0.3,1.0,0.0,12.0,0.0,0.0,1.0,1.9,1.9,1.9,1.9,1.0,0.0,12.0,0.0,0.0,1.0,5.18,5.18,5.18,5.18,1.0,0.0,12.0,0.0,0.0,1.0,32.1,32.1,32.1,32.1,1.0,0.0,12.0,0.0,0.0,1.0,-85.9,-85.9,-85.9,-85.9,1.0,0.0,12.0,0.0,0.0,1.0,-148.7,-148.7,-148.7,-148.7,1.0,0.0,12.0,0.0,0.0,1.0,-57.6,-57.6,-57.6,-57.6,1.0,0.0,12.0,0.0,0.0,1.0,-99.7,-99.7,-99.7,-99.7,1.0,0.0,12.0,0.0,0.0,1.0,-16.1,-16.1,-16.1,-16.1,1.0,0.0,12.0,0.0,0.0,1.0,-27.8,-27.8,-27.8,-27.8,1.0,0.0,12.0,0.0,0.0,1.0,238.5,238.5,238.5,238.5,1.0,0.0,12.0,0.0,0.0,1.0,240.0,240.0,240.0,240.0,1.0,0.0,12.0,0.0,0.0,1.0
1974,2,52.0,-2.0,26.0,26.0,26.0,26.0,1.0,0.0,24.0,0.0,0.1,0.1,26.0,26.0,26.0,26.0,2.0,0.0,14.0,0.0,0.1,0.5,17.97,17.97,17.97,17.97,1.0,0.0,24.0,0.0,0.1,0.1,85.6,85.6,85.6,85.6,1.0,0.0,24.0,0.0,0.1,3.17,4.4,5.63,4.4,2.0,2.55,14.0,0.0,0.1,0.5,-3.42,-2.22,-1.01,-2.22,2.0,2.5,14.0,0.0,0.1,0.5,-4.4,-3.65,-2.91,-3.65,2.0,1.55,14.0,0.0,0.1,0.5,1011.43,1011.5,1011.57,1011.5,2.0,0.14,14.0,0.0,0.1,0.5,2.2,2.5,2.8,2.5,2.0,0.7,14.0,0.0,0.1,0.5,-21.0,-12.9,-4.9,-12.9,2.0,16.6,14.0,0.0,0.1,0.5,-25.8,-18.1,-10.3,-18.1,2.0,16.1,14.0,0.0,0.1,0.5,0.0,0.0,0.0,0.0,1.0,0.0,24.0,0.0,0.1,0.1,0.0,0.0,0.0,0.0,1.0,0.0,24.0,0.0,0.1,0.1,3.06,3.06,3.06,3.06,1.0,0.0,24.0,0.0,0.1,0.1,8.0,8.0,8.0,8.0,1.0,0.0,24.0,0.0,0.1,0.1,-89.0,-57.7,-26.3,-57.7,2.0,65.0,14.0,0.0,0.1,0.5,-114.5,-95.0,-75.6,-95.0,2.0,40.2,14.0,0.0,0.1,0.5,-8.1,-8.1,-8.1,-8.1,1.0,0.0,24.0,0.0,0.1,0.1,-46.0,-46.0,-46.0,-46.0,1.0,0.0,24.0,0.0,0.1,0.1,-1.4,-1.4,-1.4,-1.4,1.0,0.0,24.0,0.0,0.1,0.1,-7.8,-7.8,-7.8,-7.8,1.0,0.0,24.0,0.0,0.1,0.1,52.5,128.0,203.5,128.0,2.0,156.0,14.0,0.0,0.1,0.5,55.0,130.0,205.0,130.0,2.0,155.0,14.0,0.0,0.1,0.5
1974,2,52.0,0.0,26.8,26.8,26.8,26.8,1.0,0.0,12.0,0.0,0.1,0.4,26.8,26.8,26.8,26.8,1.0,0.0,12.0,0.0,0.1,0.4,16.79,16.79,16.79,16.79,1.0,0.0,12.0,0.0,0.1,0.4,76.4,76.4,76.4,76.4,1.0,0.0,12.0,0.0,0.4,5.7,5.7,5.7,5.7,1.0,0.0,12.0,0.0,0.1,0.4,-3.66,-3.66,-3.66,-3.66,1.0,0.0,12.0,0.0,0.1,0.4,-4.37,-4.37,-4.37,-4.37,1.0,0.0,12.0,0.0,0.1,0.4,1012.2,1012.2,1012.2,1012.2,1.0,0.0,12.0,0.0,0.1,0.4,0.0,0.0,0.0,0.0,1.0,0.0,12.0,0.0,0.1,0.4,-20.9,-20.9,-20.9,-20.9,1.0,0.0,12.0,0.0,0.1,0.4,-24.9,-24.9,-24.9,-24.9,1.0,0.0,12.0,0.0,0.1,0.4,0.0,0.0,0.0,0.0,1.0,0.0,12.0,0.0,0.1,0.4,0.0,0.0,0.0,0.0,1.0,0.0,12.0,0.0,0.1,0.4,5.26,5.26,5.26,5.26,1.0,0.0,12.0,0.0,0.1,0.4,30.0,30.0,30.0,30.0,1.0,0.0,12.0,0.0,0.1,0.4,-98.2,-98.2,-98.2,-98.2,1.0,0.0,12.0,0.0,0.1,0.4,-117.0,-117.0,-117.0,-117.0,1.0,0.0,12.0,0.0,0.1,0.4,-61.5,-61.5,-61.5,-61.5,1.0,0.0,12.0,0.0,0.1,0.4,-73.3,-73.3,-73.3,-73.3,1.0,0.0,12.0,0.0,0.1,0.4,-19.3,-19.3,-19.3,-19.3,1.0,0.0,12.0,0.0,0.1,0.4,-23.0,-23.0,-23.0,-23.0,1.0,0.0,12.0,0.0,0.1,0.4,185.0,185.0,185.0,185.0,1.0,0.0,12.0,0.0,0.1,0.4,185.0,185.0,185.0,185.0,1.0,0.0,12.0,0.0,0.1,0.4
1974,2,52.0,1.0,27.5,27.5,27.5,27.5,1.0,0.0,6.0,1.0,0.2,0.7,26.2,26.2,26.2,26.2,1.0,0.0,6.0,1.0,0.2,0.7,20.11,20.11,20.11,20.11,1.0,0.0,6.0,1.0,0.2,0.7,94.2,94.2,94.2,94.2,1.0,0.0,6.0,1.0,0.7,7.7,7.7,7.7,7.7,1.0,0.0,6.0,1.0,0.2,0.7,-4.95,-4.95,-4.95,-4.95,1.0,0.0,6.0,1.0,0.2,0.7,-5.9,-5.9,-5.9,-5.9,1.0,0.0,6.0,1.0,0.2,0.7,1008.4,1008.4,1008.4,1008.4,1.0,0.0,6.0,1.0,0.2,0.7,3.0,3.0,3.0,3.0,1.0,0.0,6.0,1.0,0.2,0.7,-38.1,-38.1,-38.1,-38.1,1.0,0.0,6.0,1.0,0.2,0.7,-45.4,-45.4,-45.4,-45.4,1.0,0.0,6.0,1.0,0.2,0.7,1.3,1.3,1.3,1.3,1.0,0.0,6.0,1.0,0.2,0.7,10.0,10.0,10.0,10.0,1.0,0.0,6.0,1.0,0.2,0.7,2.97,2.97,2.97,2.97,1.0,0.0,6.0,1.0,0.2,0.7,22.9,22.9,22.9,22.9,1.0,0.0,6.0,1.0,0.2,0.7,-129.7,-129.7,-129.7,-129.7,1.0,0.0,6.0,1.0,0.2,0.7,-154.5,-154.5,-154.5,-154.5,1.0,0.0,6.0,1.0,0.2,0.7,-99.5,-99.5,-99.5,-99.5,1.0,0.0,6.0,1.0,0.2,0.7,-118.6,-118.6,-118.6,-118.6,1.0,0.0,6.0,1.0,0.2,0.7,-14.7,-14.7,-14.7,-14.7,1.0,0.0,6.0,1.0,0.2,0.7,-17.5,-17.5,-17.5,-17.5,1.0,0.0,6.0,1.0,0.2,0.7,456.5,456.5,456.5,456.5,1.0,0.0,6.0,1.0,0.2,0.7,455.0,455.0,455.0,455.0,1.0,0.0,6.0,1.0,0.2,0.7
1974,2,52.0,2.0,26.6,26.6,26.6,26.6,1.0,0.0,12.0,0.0,0.8,0.2,25.0,25.0,25.0,25.0,1.0,0.0,12.0,0.0,0.8,0.2,19.01,19.01,19.01,19.01,1.0,0.0,12.0,0.0,0.8,0.2,95.9,95.9,95.9,95.9,1.0,0.0,12.0,0.0,0.2,5.1,5.1,5.1,5.1,1.0,0.0,12.0,0.0,0.8,0.2,-3.28,-3.28,-3.28,-3.28,1.0,0.0,12.0,0.0,0.8,0.2,-3.91,-3.91,-3.91,-3.91,1.0,0.0,12.0,0.0,0.8,0.2,1010.0,1010.0,1010.0,1010.0,1.0,0.0,12.0,0.0,0.8,0.2,0.0,0.0,0.0,0.0,1.0,0.0,12.0,0.0,0.8,0.2,-16.7,-16.7,-16.7,-16.7,1.0,0.0,12.0,0.0,0.8,0.2,-19.9,-19.9,-19.9,-19.9,1.0,0.0,12.0,0.0,0.8,0.2,1.6,1.6,1.6,1.6,1.0,0.0,12.0,0.0,0.8,0.2,8.2,8.2,8.2,8.2,1.0,0.0,12.0,0.0,0.8,0.2,2.83,2.83,2.83,2.83,1.0,0.0,12.0,0.0,0.8,0.2,14.4,14.4,14.4,14.4,1.0,0.0,12.0,0.0,0.8,0.2,-82.0,-82.0,-82.0,-82.0,1.0,0.0,12.0,0.0,0.8,0.2,-97.7,-97.7,-97.7,-97.7,1.0,0.0,12.0,0.0,0.8,0.2,-62.3,-62.3,-62.3,-62.3,1.0,0.0,12.0,0.0,0.8,0.2,-74.3,-74.3,-74.3,-74.3,1.0,0.0,12.0,0.0,0.8,0.2,-9.3,-9.3,-9.3,-9.3,1.0,0.0,12.0,0.0,0.8,0.2,-11.0,-11.0,-11.0,-11.0,1.0,0.0,12.0,0.0,0.8,0.2,132.5,132.5,132.5,132.5,1.0,0.0,12.0,0.0,0.8,0.2,135.0,135.0,135.0,135.0,1.0,0.0,12.0,0.0,0.8,0.2
1974,2,52.0,3.0,,,,,,,,,,,,,,,,,,,,,,,,,,,,,,,,,,,,,,,,5.0,5.0,5.0,5.0,1.0,0.0,2.0,1.0,0.6,0.5,-3.21,-3.21,-3.21,-3.21,1.0,0.0,2.0,1.0,0.6,0.5,-3.83,-3.83,-3.83,-3.83,1.0,0.0,2.0,1.0,0.6,0.5,1013.9,1013.9,1013.9,1013.9,1.0,0.0,2.0,1.0,0.6,0.5,,,,,,,,,,,,,,,,,,,,,,,,,,,,,,,,,,,,,,,,,,,,,,,,,,,,,,,,,,,,,,,,,,,,,,,,,,,,,,,,,,,,,,,,,,,,,,,,,,,,,,,,,,,,,,,,,,,,,,,,,,,,,,,,,,,,,,,,,,,,,,,,,,,,,,
1974,2,52.0,4.0,26.5,26.5,26.5,26.5,1.0,0.0,24.0,0.0,0.1,0.0,25.5,25.5,25.5,25.5,1.0,0.0,24.0,0.0,0.1,0.0,16.54,16.54,16.54,16.54,1.0,0.0,24.0,0.0,0.1,0.0,81.0,81.0,81.0,81.0,1.0,0.0,24.0,0.0,0.0,6.7,6.7,6.7,6.7,1.0,0.0,24.0,0.0,0.1,0.0,-2.29,-2.29,-2.29,-2.29,1.0,0.0,24.0,0.0,0.1,0.0,-6.3,-6.3,-6.3,-6.3,1.0,0.0,24.0,0.0,0.1,0.0,1008.5,1008.5,1008.5,1008.5,1.0,0.0,24.0,0.0,0.1,0.0,2.0,2.0,2.0,2.0,1.0,0.0,24.0,0.0,0.1,0.0,-15.4,-15.4,-15.4,-15.4,1.0,0.0,24.0,0.0,0.1,0.0,-42.2,-42.2,-42.2,-42.2,1.0,0.0,24.0,0.0,0.1,0.0,1.0,1.0,1.0,1.0,1.0,0.0,24.0,0.0,0.1,0.0,6.7,6.7,6.7,6.7,1.0,0.0,24.0,0.0,0.1,0.0,5.2,5.2,5.2,5.2,1.0,0.0,24.0,0.0,0.1,0.0,34.8,34.8,34.8,34.8,1.0,0.0,24.0,0.0,0.1,0.0,-58.4,-58.4,-58.4,-58.4,1.0,0.0,24.0,0.0,0.1,0.0,-160.5,-160.5,-160.5,-160.5,1.0,0.0,24.0,0.0,0.1,0.0,-37.9,-37.9,-37.9,-37.9,1.0,0.0,24.0,0.0,0.1,0.0,-104.1,-104.1,-104.1,-104.1,1.0,0.0,24.0,0.0,0.1,0.0,-11.9,-11.9,-11.9,-11.9,1.0,0.0,24.0,0.0,0.1,0.0,-32.7,-32.7,-32.7,-32.7,1.0,0.0,24.0,0.0,0.1,0.0,301.0,301.0,301.0,301.0,1.0,0.0,24.0,0.0,0.1,0.0,300.0,300.0,300.0,300.0,1.0,0.0,24.0,0.0,0.1,0.0
1974,2,52.0,5.0,25.47,26.2,26.58,26.04,11.0,0.76,18.0,0.3,0.3,0.5,25.18,25.8,26.82,25.92,13.0,0.81,18.0,0.3,0.3,0.5,15.82,16.59,17.7,16.68,11.0,1.06,20.0,0.3,0.3,0.5,72.6,81.6,86.2,80.2,11.0,7.0,20.0,0.3,0.5,6.55,8.2,9.37,7.84,13.0,2.07,18.0,0.3,0.3,0.5,-4.95,-4.1,-3.04,-3.8,13.0,1.39,18.0,0.3,0.3,0.5,-8.8,-7.1,-5.23,-6.74,13.0,2.01,18.0,0.3,0.3,0.5,1010.08,1011.2,1012.55,1011.15,13.0,1.93,18.0,0.3,0.3,0.5,0.9,2.0,4.3,2.5,13.0,2.3,18.0,0.3,0.3,0.5,-38.1,-36.3,-21.1,-31.4,13.0,13.2,18.0,0.3,0.3,0.5,-82.5,-58.2,-37.5,-56.4,13.0,26.5,18.0,0.3,0.3,0.5,-0.54,0.3,0.82,0.15,11.0,0.68,18.0,0.3,0.3,0.5,-5.2,1.8,4.7,0.5,11.0,5.4,18.0,0.3,0.3,0.5,2.98,4.28,5.03,4.07,9.0,0.94,20.0,0.2,0.3,0.6,17.1,37.3,46.0,32.4,9.0,15.4,20.0,0.2,0.3,0.6,-122.0,-105.0,-81.3,-98.5,13.0,35.4,18.0,0.3,0.3,0.5,-235.8,-181.8,-131.6,-175.6,13.0,55.6,18.0,0.3,0.3,0.5,-78.8,-65.4,-42.4,-62.5,11.0,23.8,20.0,0.3,0.3,0.5,-131.8,-100.8,-86.8,-106.6,11.0,31.1,20.0,0.3,0.3,0.5,-20.2,-16.2,-6.9,-14.5,9.0,6.7,20.0,0.2,0.3,0.6,-42.4,-32.3,-15.0,-28.8,9.0,14.4,20.0,0.2,0.3,0.6,284.5,551.5,823.0,564.5,13.0,307.0,18.0,0.3,0.3,0.5,285.0,550.0,825.0,565.0,13.0,305.0,18.0,0.3,0.3,0.5
1974,2,52.0,6.0,25.9,26.2,26.97,26.23,27.0,0.88,16.0,0.5,0.3,0.4,25.0,25.9,27.16,26.09,30.0,1.51,16.0,0.5,0.3,0.4,14.79,16.26,17.23,16.15,23.0,1.2,16.0,0.4,0.3,0.4,71.3,77.6,87.3,78.4,24.0,8.1,16.0,0.5,0.4,5.1,7.7,9.3,7.58,28.0,2.6,16.0,0.4,0.3,0.5,-5.76,-4.85,-2.78,-4.54,28.0,1.36,16.0,0.4,0.3,0.5,-7.91,-5.9,-3.26,-5.9,28.0,2.63,16.0,0.4,0.3,0.5,1009.84,1011.1,1013.41,1011.59,29.0,1.97,16.0,0.4,0.3,0.4,1.0,2.0,3.4,2.4,30.0,1.9,16.0,0.5,0.3,0.4,-51.1,-35.3,-13.9,-37.0,28.0,22.6,16.0,0.4,0.3,0.5,-72.4,-45.4,-18.6,-50.9,28.0,41.5,16.0,0.4,0.3,0.5,-1.47,0.4,1.59,0.1,27.0,1.67,16.0,0.5,0.3,0.4,-9.6,5.5,11.6,0.8,25.0,12.6,16.0,0.4,0.3,0.5,3.91,4.86,6.47,5.01,21.0,1.73,16.0,0.4,0.3,0.5,25.1,33.0,50.5,35.4,20.0,17.3,16.0,0.4,0.3,0.5,-148.8,-122.4,-80.0,-117.9,28.0,35.7,16.0,0.4,0.3,0.5,-216.0,-153.5,-83.6,-154.4,28.0,72.0,16.0,0.4,0.3,0.5,-93.2,-70.2,-45.8,-71.2,22.0,22.6,18.0,0.4,0.3,0.5,-115.7,-96.5,-51.0,-87.8,22.0,31.2,18.0,0.4,0.3,0.5,-28.8,-19.4,-16.3,-21.4,20.0,9.4,16.0,0.4,0.3,0.5,-38.7,-28.4,-12.6,-27.4,20.0,16.1,16.0,0.4,0.3,0.5,132.5,456.5,804.5,596.0,28.0,693.0,16.0,0.4,0.3,0.5,135.0,455.0,805.0,595.0,28.0,695.0,16.0,0.4,0.3,0.5
1974,2,52.0,7.0,25.6,26.0,26.96,26.17,27.0,0.67,14.0,0.5,0.6,0.5,25.0,25.65,27.36,26.05,28.0,1.34,14.0,0.5,0.6,0.4,14.78,16.48,18.08,16.33,19.0,1.66,14.0,0.4,0.7,0.4,73.2,77.5,85.3,78.7,19.0,7.3,14.0,0.4,0.4,4.66,7.2,8.64,7.07,27.0,2.21,14.0,0.5,0.6,0.5,-5.85,-4.5,-3.14,-4.49,27.0,1.52,14.0,0.5,0.6,0.5,-6.9,-5.37,-3.12,-5.26,27.0,2.2,14.0,0.5,0.6,0.5,1010.32,1012.7,1014.99,1012.69,29.0,2.14,14.0,0.4,0.6,0.4,1.0,2.0,6.0,3.0,30.0,2.3,14.0,0.5,0.6,0.5,-47.7,-32.0,-15.7,-34.2,27.0,20.6,14.0,0.5,0.6,0.5,-64.3,-39.7,-11.2,-41.5,27.0,27.6,14.0,0.5,0.6,0.5,-1.54,0.3,1.02,-0.01,25.0,1.36,14.0,0.5,0.6,0.5,-11.6,2.2,7.4,0.2,22.0,9.8,14.0,0.5,0.6,0.5,2.99,4.32,6.31,4.63,16.0,1.78,12.0,0.5,0.6,0.4,15.7,25.3,40.1,27.6,14.0,12.0,14.0,0.5,0.6,0.4,-149.9,-108.9,-81.9,-116.9,25.0,40.3,14.0,0.5,0.6,0.4,-181.7,-135.8,-73.1,-134.5,25.0,58.3,14.0,0.5,0.6,0.4,-98.7,-72.5,-44.5,-72.9,17.0,29.6,14.0,0.4,0.7,0.4,-110.7,-79.4,-39.5,-74.1,17.0,30.7,14.0,0.4,0.7,0.4,-23.6,-17.8,-10.4,-18.2,14.0,8.3,14.0,0.5,0.6,0.4,-29.4,-21.5,-7.7,-19.5,14.0,11.3,14.0,0.5,0.6,0.4,102.0,373.0,645.0,455.5,27.0,404.5,14.0,0.5,0.6,0.5,100.0,375.0,645.0,455.0,27.0,405.0,14.0,0.5,0.6,0.5
1974,2,52.0,8.0,25.81,26.4,27.67,26.61,14.0,0.95,14.0,0.5,0.6,0.2,25.36,26.3,28.53,26.56,13.0,1.69,14.0,0.5,0.6,0.2,14.17,15.61,17.43,15.82,10.0,1.94,14.0,0.5,0.6,0.1,67.6,71.5,79.3,73.3,10.0,9.5,14.0,0.5,0.1,2.6,6.2,8.7,6.05,13.0,2.63,14.0,0.5,0.6,0.2,-5.59,-4.0,-2.46,-3.83,13.0,1.59,14.0,0.5,0.6,0.2,-6.69,-4.42,-2.17,-4.49,13.0,2.51,14.0,0.5,0.6,0.2,1011.03,1012.8,1015.06,1012.81,14.0,2.57,14.0,0.5,0.6,0.2,1.0,2.5,5.9,3.3,14.0,2.6,14.0,0.5,0.6,0.2,-48.1,-29.4,-6.3,-26.7,13.0,18.3,14.0,0.5,0.6,0.2,-58.0,-24.7,-5.6,-33.0,13.0,26.0,14.0,0.5,0.6,0.2,-1.23,0.4,1.31,0.05,13.0,1.78,14.0,0.5,0.6,0.2,-3.7,2.3,7.6,0.9,12.0,8.1,16.0,0.5,0.6,0.2,4.19,6.31,7.27,5.99,10.0,1.77,14.0,0.5,0.6,0.1,15.5,24.2,54.9,31.8,9.0,18.6,14.0,0.4,0.6,0.2,-151.0,-89.0,-58.2,-99.9,12.0,47.0,16.0,0.5,0.6,0.2,-173.9,-112.3,-50.8,-110.8,12.0,62.4,16.0,0.5,0.6,0.2,-78.7,-49.6,-25.2,-51.8,9.0,23.8,14.0,0.4,0.6,0.2,-73.4,-61.6,-22.2,-53.0,9.0,32.3,14.0,0.4,0.6,0.2,-39.9,-15.6,-10.4,-22.0,9.0,14.0,14.0,0.4,0.6,0.2,-36.0,-18.6,-10.3,-21.6,9.0,14.9,14.0,0.4,0.6,0.2,17.5,238.5,658.5,334.5,13.0,306.0,14.0,0.5,0.6,0.2,20.0,240.0,660.0,335.0,13.0,305.0,14.0,0.5,0.6,0.2
1974,2,52.0,9.0,25.38,25.9,26.21,25.8,4.0,0.59,10.0,0.5,0.6,0.5,25.1,25.35,26.34,25.7,4.0,0.96,10.0,0.5,0.6,0.5,13.7,14.49,16.03,14.86,3.0,1.74,6.0,0.3,0.7,0.5,68.9,71.6,80.0,74.4,3.0,8.5,6.0,0.3,0.5,5.05,7.45,8.38,6.75,4.0,2.55,10.0,0.5,0.6,0.5,-5.82,-4.24,-2.88,-4.34,4.0,2.03,10.0,0.5,0.6,0.5,-6.25,-5.65,-3.87,-5.09,4.0,1.87,10.0,0.5,0.6,0.5,1013.39,1014.85,1015.69,1014.55,4.0,1.79,10.0,0.5,0.6,0.5,2.0,3.5,5.0,3.5,4.0,2.1,10.0,0.5,0.6,0.5,-48.4,-31.5,-17.4,-32.8,4.0,22.9,10.0,0.5,0.6,0.5,-51.7,-45.5,-22.8,-37.6,4.0,21.0,10.0,0.5,0.6,0.5,-0.46,0.15,0.66,0.1,4.0,0.68,10.0,0.5,0.6,0.5,-4.0,0.5,3.2,-0.4,4.0,4.6,10.0,0.5,0.6,0.5,4.09,6.44,7.12,5.63,3.0,2.33,6.0,0.3,0.7,0.5,22.0,23.1,41.2,31.4,3.0,15.8,6.0,0.3,0.7,0.5,-153.4,-107.4,-72.8,-112.9,4.0,56.8,10.0,0.5,0.6,0.5,-163.7,-147.9,-97.3,-131.3,4.0,49.6,10.0,0.5,0.6,0.5,-70.6,-55.8,-35.8,-53.3,3.0,25.6,6.0,0.3,0.7,0.5,-95.3,-92.4,-50.9,-73.6,3.0,36.3,6.0,0.3,0.7,0.5,-21.6,-14.8,-14.2,-17.8,3.0,6.0,6.0,0.3,0.7,0.5,-34.9,-17.7,-16.9,-25.7,3.0,14.9,6.0,0.3,0.7,0.5,193.5,415.0,599.5,397.0,4.0,288.0,10.0,0.5,0.6,0.5,195.0,415.0,600.0,395.0,4.0,290.0,10.0,0.5,0.6,0.5
1974,2,52.0,10.0,25.6,25.65,25.86,25.73,4.0,0.19,20.0,0.8,0.8,0.5,24.54,24.85,25.79,25.15,4.0,0.93,20.0,0.8,0.8,0.5,15.03,15.04,15.23,15.13,3.0,0.16,16.0,0.7,0.7,0.5,77.0,78.9,78.9,78.0,3.0,1.6,16.0,0.7,0.5,6.0,6.5,7.52,6.75,4.0,0.96,20.0,0.8,0.8,0.5,-7.07,-6.11,-5.41,-6.23,4.0,1.03,20.0,0.8,0.8,0.5,-2.87,-2.57,-2.21,-2.55,4.0,0.41,20.0,0.8,0.8,0.5,1010.44,1011.0,1011.4,1010.93,4.0,0.59,20.0,0.8,0.8,0.5,2.0,2.0,2.5,2.3,4.0,0.5,20.0,0.8,0.8,0.5,-53.4,-39.9,-32.4,-42.8,4.0,13.3,20.0,0.8,0.8,0.5,-20.0,-17.4,-14.4,-17.2,4.0,3.9,20.0,0.8,0.8,0.5,0.02,0.75,1.11,0.58,4.0,0.77,20.0,0.8,0.8,0.5,-0.1,4.5,8.0,4.0,4.0,5.8,20.0,0.8,0.8,0.5,5.32,5.51,5.59,5.46,3.0,0.21,16.0,0.7,0.7,0.5,31.9,33.1,41.3,36.5,3.0,7.5,16.0,0.7,0.7,0.5,-179.1,-157.6,-134.3,-156.8,4.0,26.3,20.0,0.8,0.8,0.5,-70.6,-65.1,-57.1,-63.9,4.0,9.5,20.0,0.8,0.8,0.5,-104.0,-84.8,-81.2,-92.4,3.0,18.0,16.0,0.7,0.7,0.5,-44.4,-41.1,-34.1,-39.3,3.0,7.7,16.0,0.7,0.7,0.5,-38.8,-31.1,-28.4,-33.5,3.0,7.9,16.0,0.7,0.7,0.5,-15.6,-15.4,-12.6,-14.1,3.0,2.4,16.0,0.7,0.7,0.5,216.0,279.5,431.5,322.0,4.0,140.5,20.0,0.8,0.8,0.5,215.0,280.0,430.0,320.0,4.0,140.0,20.0,0.8,0.8,0.5
1974,2,52.0,11.0,25.36,26.0,26.2,25.82,11.0,0.41,18.0,0.2,0.3,0.5,24.2,24.95,26.2,25.23,12.0,1.17,18.0,0.2,0.3,0.5,13.78,14.57,14.92,14.42,10.0,0.7,18.0,0.1,0.3,0.5,67.6,74.5,77.9,73.0,10.0,6.0,18.0,0.1,0.5,5.0,6.2,7.05,6.08,12.0,1.6,18.0,0.2,0.3,0.5,-6.21,-5.41,-3.21,-4.97,12.0,1.6,18.0,0.2,0.3,0.5,-3.83,-3.05,-0.91,-2.83,12.0,2.16,18.0,0.2,0.3,0.5,1011.8,1013.4,1014.88,1013.66,12.0,2.18,18.0,0.2,0.3,0.5,0.0,2.0,4.5,2.4,12.0,2.4,18.0,0.2,0.3,0.5,-43.7,-37.3,-16.1,-31.8,12.0,14.2,18.0,0.2,0.3,0.5,-24.9,-16.1,-5.8,-18.9,12.0,19.8,18.0,0.2,0.3,0.5,-0.75,1.2,1.8,0.58,11.0,1.48,18.0,0.2,0.3,0.5,-3.2,6.5,12.6,3.8,11.0,9.2,18.0,0.2,0.3,0.5,5.79,6.43,7.13,6.45,9.0,0.87,18.0,0.1,0.3,0.4,32.4,39.9,42.2,38.2,9.0,7.0,18.0,0.1,0.3,0.4,-159.7,-134.8,-80.2,-124.9,12.0,40.1,18.0,0.2,0.3,0.5,-95.2,-76.8,-21.5,-70.8,12.0,54.0,18.0,0.2,0.3,0.5,-91.3,-76.9,-55.2,-74.7,10.0,17.7,18.0,0.1,0.3,0.5,-56.4,-41.5,-6.9,-41.0,10.0,35.5,18.0,0.1,0.3,0.5,-40.0,-35.9,-22.4,-33.8,9.0,9.7,18.0,0.1,0.3,0.4,-23.8,-13.7,-2.4,-13.7,9.0,9.9,18.0,0.1,0.3,0.4,125.0,238.5,350.5,268.0,12.0,203.5,18.0,0.2,0.3,0.5,125.0,240.0,350.0,270.0,12.0,205.0,18.0,0.2,0.3,0.5
1974,2,52.0,12.0,24.4,24.7,26.05,25.2,4.0,1.23,12.0,0.8,0.4,0.4,24.5,24.65,26.32,25.38,4.0,1.62,12.0,0.8,0.4,0.4,13.98,14.58,14.86,14.42,3.0,0.66,12.0,0.7,0.5,0.6,65.5,71.9,75.7,70.6,3.0,7.5,12.0,0.7,0.6,2.6,4.4,7.67,5.1,4.0,3.1,12.0,0.8,0.4,0.4,-5.81,-3.89,-1.99,-3.9,4.0,2.2,12.0,0.8,0.4,0.4,-2.82,1.67,1.91,-0.36,4.0,4.36,12.0,0.8,0.4,0.4,1010.34,1012.2,1015.21,1012.75,4.0,2.96,12.0,0.8,0.4,0.4,2.3,3.0,3.0,2.7,3.0,0.6,16.0,1.0,0.3,0.4,-44.5,-20.7,-5.2,-24.6,4.0,23.4,12.0,0.8,0.4,0.4,-30.4,4.3,9.0,-10.1,4.0,34.9,12.0,0.8,0.4,0.4,-1.61,-0.15,1.26,-0.17,4.0,2.13,12.0,0.8,0.4,0.4,-4.7,-0.9,11.3,3.1,4.0,12.7,12.0,0.8,0.4,0.4,4.44,5.25,5.37,4.91,3.0,0.74,12.0,0.7,0.5,0.6,13.8,14.1,21.7,17.6,3.0,6.5,12.0,0.7,0.5,0.6,-143.1,-98.8,-51.8,-97.5,4.0,52.7,12.0,0.8,0.4,0.4,-69.4,43.6,49.6,-7.5,4.0,108.2,12.0,0.8,0.4,0.4,-68.8,-29.0,-27.8,-47.9,3.0,34.2,12.0,0.7,0.5,0.6,23.4,24.4,29.4,26.3,3.0,4.8,12.0,0.7,0.5,0.6,-19.6,-10.8,-10.6,-15.0,3.0,7.5,12.0,0.7,0.5,0.6,8.7,8.8,9.0,8.8,3.0,0.2,12.0,0.7,0.5,0.6,17.5,128.0,495.5,250.5,4.0,335.5,12.0,0.8,0.4,0.4,20.0,130.0,495.0,250.0,4.0,335.0,12.0,0.8,0.4,0.4
1974,2,52.0,13.0,25.0,25.0,25.0,25.0,1.0,0.0,2.0,1.0,0.3,0.3,26.3,26.3,26.3,26.3,1.0,0.0,2.0,1.0,0.3,0.3,14.54,14.54,14.54,14.54,1.0,0.0,2.0,1.0,0.3,0.3,68.3,68.3,68.3,68.3,1.0,0.0,2.0,1.0,0.3,6.2,6.2,6.2,6.2,1.0,0.0,2.0,1.0,0.3,0.3,-3.99,-3.99,-3.99,-3.99,1.0,0.0,2.0,1.0,0.3,0.3,4.75,4.75,4.75,4.75,1.0,0.0,2.0,1.0,0.3,0.3,1013.5,1013.5,1013.5,1013.5,1.0,0.0,2.0,1.0,0.3,0.3,2.0,2.0,2.0,2.0,1.0,0.0,2.0,1.0,0.3,0.3,-24.7,-24.7,-24.7,-24.7,1.0,0.0,2.0,1.0,0.3,0.3,29.4,29.4,29.4,29.4,1.0,0.0,2.0,1.0,0.3,0.3,-1.3,-1.3,-1.3,-1.3,1.0,0.0,2.0,1.0,0.3,0.3,-8.1,-8.1,-8.1,-8.1,1.0,0.0,2.0,1.0,0.3,0.3,5.23,5.23,5.23,5.23,1.0,0.0,2.0,1.0,0.3,0.3,32.4,32.4,32.4,32.4,1.0,0.0,2.0,1.0,0.3,0.3,-104.8,-104.8,-104.8,-104.8,1.0,0.0,2.0,1.0,0.3,0.3,124.9,124.9,124.9,124.9,1.0,0.0,2.0,1.0,0.3,0.3,-57.9,-57.9,-57.9,-57.9,1.0,0.0,2.0,1.0,0.3,0.3,69.0,69.0,69.0,69.0,1.0,0.0,2.0,1.0,0.3,0.3,-20.8,-20.8,-20.8,-20.8,1.0,0.0,2.0,1.0,0.3,0.3,24.8,24.8,24.8,24.8,1.0,0.0,2.0,1.0,0.3,0.3,238.5,238.5,238.5,238.5,1.0,0.0,2.0,1.0,0.3,0.3,240.0,240.0,240.0,240.0,1.0,0.0,2.0,1.0,0.3,0.3
1974,2,52.0,14.0,24.4,24.4,24.4,24.4,1.0,0.0,22.0,0.0,0.5,0.6,23.5,23.5,23.5,23.5,1.0,0.0,22.0,0.0,0.5,0.6,12.73,12.73,12.73,12.73,1.0,0.0,22.0,0.0,0.5,0.6,70.8,70.8,70.8,70.8,1.0,0.0,22.0,0.0,0.6,5.1,5.1,5.1,5.1,1.0,0.0,22.0,0.0,0.5,0.6,-5.1,-5.1,-5.1,-5.1,1.0,0.0,22.0,0.0,0.5,0.6,0.0,0.0,0.0,0.0,1.0,0.0,22.0,0.0,0.5,0.6,1013.9,1013.9,1013.9,1013.9,1.0,0.0,22.0,0.0,0.5,0.6,0.0,0.0,0.0,0.0,1.0,0.0,22.0,0.0,0.5,0.6,-26.0,-26.0,-26.0,-26.0,1.0,0.0,22.0,0.0,0.5,0.6,0.0,0.0,0.0,0.0,1.0,0.0,22.0,0.0,0.5,0.6,0.9,0.9,0.9,0.9,1.0,0.0,22.0,0.0,0.5,0.6,4.6,4.6,4.6,4.6,1.0,0.0,22.0,0.0,0.5,0.6,6.32,6.32,6.32,6.32,1.0,0.0,22.0,0.0,0.5,0.6,32.2,32.2,32.2,32.2,1.0,0.0,22.0,0.0,0.5,0.6,-119.8,-119.8,-119.8,-119.8,1.0,0.0,22.0,0.0,0.5,0.6,0.0,0.0,0.0,0.0,1.0,0.0,22.0,0.0,0.5,0.6,-64.9,-64.9,-64.9,-64.9,1.0,0.0,22.0,0.0,0.5,0.6,0.0,0.0,0.0,0.0,1.0,0.0,22.0,0.0,0.5,0.6,-32.2,-32.2,-32.2,-32.2,1.0,0.0,22.0,0.0,0.5,0.6,0.0,0.0,0.0,0.0,1.0,0.0,22.0,0.0,0.5,0.6,132.5,132.5,132.5,132.5,1.0,0.0,22.0,0.0,0.5,0.6,135.0,135.0,135.0,135.0,1.0,0.0,22.0,0.0,0.5,0.6
1974,2,52.0,15.0,24.32,26.0,26.0,25.44,9.0,0.96,14.0,0.4,0.2,0.3,23.95,24.8,27.53,25.39,9.0,1.8,14.0,0.4,0.2,0.3,11.17,13.1,13.93,12.57,3.0,2.07,16.0,0.0,0.2,0.4,60.4,71.3,78.4,69.4,3.0,13.3,16.0,0.0,0.4,0.0,2.05,3.0,1.9,8.0,1.83,16.0,0.5,0.2,0.4,-2.82,-0.36,0.0,-1.42,8.0,1.91,16.0,0.5,0.2,0.4,-0.91,0.0,1.01,0.11,8.0,1.24,16.0,0.5,0.2,0.4,1015.65,1015.8,1016.95,1015.97,9.0,1.06,14.0,0.4,0.2,0.3,0.0,0.0,0.7,0.4,9.0,1.0,14.0,0.4,0.2,0.3,-8.5,-0.8,0.0,-5.5,8.0,8.9,16.0,0.5,0.2,0.4,-2.7,0.0,4.0,0.6,8.0,3.2,16.0,0.5,0.2,0.4,-1.53,0.0,1.94,0.06,9.0,2.13,14.0,0.4,0.2,0.3,-4.8,0.0,3.9,0.4,8.0,6.5,16.0,0.5,0.2,0.4,5.42,5.64,9.68,7.51,3.0,3.51,16.0,0.0,0.2,0.4,19.3,35.4,51.5,35.4,2.0,33.3,24.0,0.0,0.3,0.5,-77.6,-8.3,0.0,-35.9,8.0,47.6,16.0,0.5,0.2,0.4,-23.1,0.0,27.7,1.6,8.0,32.0,16.0,0.5,0.2,0.4,-45.1,-31.0,-16.8,-31.0,2.0,29.2,24.0,0.0,0.3,0.5,12.1,18.7,25.2,18.7,2.0,13.5,24.0,0.0,0.3,0.5,-49.5,-31.1,-12.6,-31.1,2.0,38.2,24.0,0.0,0.3,0.5,10.4,10.7,11.0,10.7,2.0,0.6,24.0,0.0,0.3,0.5,0.0,8.5,27.0,25.5,8.0,44.5,16.0,0.5,0.2,0.4,0.0,10.0,25.0,25.0,8.0,45.0,16.0,0.5,0.2,0.4
1974,2,52.0,16.0,,,,,,,,,,,,,,,,,,,,,,,,,,,,,,,,,,,,,,,,1.0,1.0,1.0,1.0,4.0,0.0,2.0,0.5,0.6,0.4,0.45,0.94,0.94,0.7,4.0,0.47,2.0,0.5,0.6,0.4,-0.34,-0.34,0.36,-0.01,4.0,0.67,2.0,0.5,0.6,0.4,1017.2,1017.9,1019.96,1018.55,4.0,1.89,2.0,0.5,0.6,0.4,,,,,,,,,,,,,,,,,,,,,,,,,,,,,,,,,,,,,,,,,,,,,,,,,,,,,,,,,,,,,,,,,,,,,,,,,,,,,,,,,,,,,,,,,,,,,,,,,,,,,,,,,,,,,,,,,,,,,,,,,,,,,,,,,,,,,,,,,,,,,,,,,,,,,,
1974,2,52.0,26.0,18.68,20.2,22.0,20.41,17.0,1.67,16.0,0.4,0.6,0.7,17.29,20.0,20.73,19.29,17.0,2.19,14.0,0.4,0.6,0.6,8.56,10.56,11.74,10.16,6.0,1.94,18.0,0.5,0.5,0.6,69.1,74.7,78.6,72.6,6.0,8.4,18.0,0.5,0.6,1.85,6.0,9.39,5.84,18.0,3.56,16.0,0.4,0.6,0.6,-6.27,-0.44,6.02,-0.4,18.0,5.67,16.0,0.4,0.6,0.6,-3.83,-0.64,4.23,-0.45,18.0,4.04,16.0,0.4,0.6,0.6,1016.27,1018.35,1021.22,1018.09,18.0,3.37,16.0,0.4,0.6,0.6,0.0,2.0,6.6,2.8,18.0,2.9,16.0,0.4,0.6,0.6,-48.3,-1.1,41.4,0.0,18.0,53.6,16.0,0.4,0.6,0.6,-25.5,-0.6,30.8,-2.8,18.0,37.7,16.0,0.4,0.6,0.6,-0.87,0.65,3.0,0.84,16.0,2.41,16.0,0.4,0.6,0.6,-5.6,1.5,24.1,6.6,16.0,14.2,16.0,0.4,0.6,0.6,2.38,3.15,6.16,4.0,6.0,3.26,18.0,0.5,0.5,0.6,6.4,19.2,60.5,28.4,6.0,27.5,18.0,0.5,0.5,0.6,-109.2,0.0,114.6,-5.7,17.0,103.3,14.0,0.4,0.6,0.6,-72.9,-12.2,65.5,-13.2,17.0,74.9,14.0,0.4,0.6,0.6,-49.4,-13.4,47.4,-1.8,6.0,54.1,18.0,0.5,0.5,0.6,-33.7,-9.3,21.2,-5.7,6.0,46.8,18.0,0.5,0.5,0.6,-13.2,-1.2,50.0,11.6,6.0,30.8,18.0,0.5,0.5,0.6,-32.2,-3.9,5.8,-9.5,6.0,22.5,18.0,0.5,0.5,0.6,6.5,216.0,839.0,417.5,18.0,533.0,16.0,0.4,0.6,0.6,5.0,215.0,840.0,415.0,18.0,535.0,16.0,0.4,0.6,0.6
1974,2,52.0,27.0,19.9,20.1,21.05,20.27,7.0,1.23,16.0,0.4,0.1,0.1,18.54,19.4,20.0,19.09,8.0,2.14,18.0,0.5,0.2,0.1,6.76,7.72,9.25,8.0,3.0,1.84,22.0,0.7,0.1,0.1,49.2,54.2,67.2,58.1,3.0,13.6,22.0,0.7,0.1,1.33,6.5,7.64,5.11,8.0,3.12,18.0,0.5,0.2,0.1,-5.13,-0.25,6.47,-0.01,8.0,5.42,18.0,0.5,0.2,0.1,-2.29,1.04,3.89,1.17,8.0,2.93,18.0,0.5,0.2,0.1,1014.54,1016.3,1019.72,1016.54,8.0,3.81,18.0,0.5,0.2,0.1,0.0,2.5,7.0,3.4,8.0,3.5,18.0,0.5,0.2,0.1,-33.1,-0.2,44.3,-0.5,8.0,39.2,18.0,0.5,0.2,0.1,-9.1,4.7,30.4,8.6,8.0,20.5,18.0,0.5,0.2,0.1,0.29,1.0,1.98,1.31,7.0,1.16,16.0,0.4,0.1,0.1,1.8,6.0,10.7,6.0,7.0,5.0,16.0,0.4,0.1,0.1,5.28,6.84,8.27,6.78,3.0,2.19,22.0,0.7,0.1,0.1,16.5,32.8,46.4,31.5,3.0,21.9,22.0,0.7,0.1,0.1,-102.1,-4.7,118.3,-3.1,8.0,104.5,18.0,0.5,0.2,0.1,-33.1,19.4,77.8,24.3,8.0,55.0,18.0,0.5,0.2,0.1,-32.5,-3.2,37.1,2.2,3.0,51.2,22.0,0.7,0.1,0.1,-12.1,5.5,39.2,13.4,3.0,38.3,22.0,0.7,0.1,0.1,-15.8,-4.5,32.4,8.0,3.0,36.9,22.0,0.7,0.1,0.1,-9.8,7.7,19.6,5.0,3.0,21.7,22.0,0.7,0.1,0.1,8.0,279.5,447.5,245.5,8.0,205.5,18.0,0.5,0.2,0.1,10.0,280.0,445.0,245.0,8.0,205.0,18.0,0.5,0.2,0.1
1974,2,52.0,39.0,,,,,,,,,,,,,,,,,,,,,,,,,,,,,,,,,,,,,,,,4.15,8.0,12.68,8.37,9.0,4.28,10.0,0.8,0.4,0.6,-1.73,6.06,7.41,3.84,9.0,5.36,10.0,0.8,0.4,0.6,-9.2,-1.99,3.29,-2.83,9.0,6.54,10.0,0.8,0.4,0.6,1005.26,1017.6,1026.82,1014.52,6.0,15.52,14.0,1.0,0.4,0.7,,,,,,,,,,,,,,,,,,,,,,,,,,,,,,,,,,,,,,,,,,,,,,,,,,,,,,,,,,,,,,,,,,,,,,,,,,,,,,,,,,,,,,,,,,,,,,,,,,,,,,,,,,,,,,,,,,,,,,,,,,,,,,,,,,,,,,,,,,,,,,,,,,,,,,
1974,2,52.0,40.0,,,,,,,,,,,,,,,,,,,,,,,,,,,,,,,,,,,,,,,,1.67,6.5,8.58,5.65,6.0,4.06,6.0,0.3,0.3,0.2,-4.24,-0.94,0.81,-1.36,6.0,2.87,6.0,0.3,0.3,0.2,-2.54,3.06,7.69,2.88,6.0,5.86,6.0,0.3,0.3,0.2,1017.7,1025.0,1026.09,1021.97,3.0,6.69,8.0,0.7,0.1,0.2,,,,,,,,,,,,,,,,,,,,,,,,,,,,,,,,,,,,,,,,,,,,,,,,,,,,,,,,,,,,,,,,,,,,,,,,,,,,,,,,,,,,,,,,,,,,,,,,,,,,,,,,,,,,,,,,,,,,,,,,,,,,,,,,,,,,,,,,,,,,,,,,,,,,,,
1974,2,53.0,-66.0,,,,,,,,,,,,,,,,,,,,,,,,,,,,,,,,,,,,,,,,12.9,12.9,12.9,12.9,1.0,0.0,28.0,0.0,0.1,0.9,-11.17,-11.17,-11.17,-11.17,1.0,0.0,28.0,0.0,0.1,0.9,6.45,6.45,6.45,6.45,1.0,0.0,28.0,0.0,0.1,0.9,981.9,981.9,981.9,981.9,1.0,0.0,28.0,0.0,0.1,0.9,,,,,,,,,,,,,,,,,,,,,,,,,,,,,,,,,,,,,,,,,,,,,,,,,,,,,,,,,,,,,,,,,,,,,,,,,,,,,,,,,,,,,,,,,,,,,,,,,,,,,,,,,,,,,,,,,,,,,,,,,,,,,,,,,,,,,,,,,,,,,,,,,,,,,,
1974,2,53.0,-54.0,,,,,,,,,,,,,,,,,,,,,,,,,,,,,,,,,,,,,,,,12.9,12.9,12.9,12.9,1.0,0.0,28.0,0.0,0.2,0.4,9.88,9.88,9.88,9.88,1.0,0.0,28.0,0.0,0.2,0.4,-8.29,-8.29,-8.29,-8.29,1.0,0.0,28.0,0.0,0.2,0.4,1003.9,1003.9,1003.9,1003.9,1.0,0.0,28.0,0.0,0.2,0.4,,,,,,,,,,,,,,,,,,,,,,,,,,,,,,,,,,,,,,,,,,,,,,,,,,,,,,,,,,,,,,,,,,,,,,,,,,,,,,,,,,,,,,,,,,,,,,,,,,,,,,,,,,,,,,,,,,,,,,,,,,,,,,,,,,,,,,,,,,,,,,,,,,,,,,
1974,2,53.0,-45.0,9.0,9.0,9.0,9.0,1.0,0.0,16.0,1.0,0.7,0.2,7.2,7.2,7.2,7.2,1.0,0.0,16.0,1.0,0.7,0.2,4.95,4.95,4.95,4.95,1.0,0.0,16.0,1.0,0.7,0.2,79.5,79.5,79.5,79.5,1.0,0.0,16.0,1.0,0.2,6.2,6.2,6.2,6.2,1.0,0.0,16.0,1.0,0.7,0.2,-5.37,-5.37,-5.37,-5.37,1.0,0.0,16.0,1.0,0.7,0.2,3.1,3.1,3.1,3.1,1.0,0.0,16.0,1.0,0.7,0.2,1022.8,1022.8,1022.8,1022.8,1.0,0.0,16.0,1.0,0.7,0.2,5.0,5.0,5.0,5.0,1.0,0.0,16.0,1.0,0.7,0.2,-33.3,-33.3,-33.3,-33.3,1.0,0.0,16.0,1.0,0.7,0.2,19.2,19.2,19.2,19.2,1.0,0.0,16.0,1.0,0.7,0.2,1.8,1.8,1.8,1.8,1.0,0.0,16.0,1.0,0.7,0.2,11.2,11.2,11.2,11.2,1.0,0.0,16.0,1.0,0.7,0.2,2.09,2.09,2.09,2.09,1.0,0.0,16.0,1.0,0.7,0.2,13.0,13.0,13.0,13.0,1.0,0.0,16.0,1.0,0.7,0.2,-38.7,-38.7,-38.7,-38.7,1.0,0.0,16.0,1.0,0.7,0.2,22.3,22.3,22.3,22.3,1.0,0.0,16.0,1.0,0.7,0.2,-26.6,-26.6,-26.6,-26.6,1.0,0.0,16.0,1.0,0.7,0.2,15.3,15.3,15.3,15.3,1.0,0.0,16.0,1.0,0.7,0.2,-11.2,-11.2,-11.2,-11.2,1.0,0.0,16.0,1.0,0.7,0.2,6.5,6.5,6.5,6.5,1.0,0.0,16.0,1.0,0.7,0.2,238.5,238.5,238.5,238.5,1.0,0.0,16.0,1.0,0.7,0.2,240.0,240.0,240.0,240.0,1.0,0.0,16.0,1.0,0.7,0.2
1974,2,53.0,-43.0,16.0,16.0,16.0,16.0,1.0,0.0,10.0,0.0,0.9,0.9,14.8,14.8,14.8,14.8,1.0,0.0,10.0,0.0,0.9,0.9,9.12,9.12,9.12,9.12,1.0,0.0,10.0,0.0,0.9,0.9,87.8,87.8,87.8,87.8,1.0,0.0,10.0,0.0,0.9,7.2,7.2,7.2,7.2,1.0,0.0,10.0,0.0,0.9,0.9,4.63,4.63,4.63,4.63,1.0,0.0,10.0,0.0,0.9,0.9,-5.52,-5.52,-5.52,-5.52,1.0,0.0,10.0,0.0,0.9,0.9,1017.6,1017.6,1017.6,1017.6,1.0,0.0,10.0,0.0,0.9,0.9,1.0,1.0,1.0,1.0,1.0,0.0,10.0,0.0,0.9,0.9,33.3,33.3,33.3,33.3,1.0,0.0,10.0,0.0,0.9,0.9,-39.7,-39.7,-39.7,-39.7,1.0,0.0,10.0,0.0,0.9,0.9,1.2,1.2,1.2,1.2,1.0,0.0,10.0,0.0,0.9,0.9,8.6,8.6,8.6,8.6,1.0,0.0,10.0,0.0,0.9,0.9,2.11,2.11,2.11,2.11,1.0,0.0,10.0,0.0,0.9,0.9,15.2,15.2,15.2,15.2,1.0,0.0,10.0,0.0,0.9,0.9,68.5,68.5,68.5,68.5,1.0,0.0,10.0,0.0,0.9,0.9,-81.6,-81.6,-81.6,-81.6,1.0,0.0,10.0,0.0,0.9,0.9,42.2,42.2,42.2,42.2,1.0,0.0,10.0,0.0,0.9,0.9,-50.3,-50.3,-50.3,-50.3,1.0,0.0,10.0,0.0,0.9,0.9,9.8,9.8,9.8,9.8,1.0,0.0,10.0,0.0,0.9,0.9,-11.7,-11.7,-11.7,-11.7,1.0,0.0,10.0,0.0,0.9,0.9,373.0,373.0,373.0,373.0,1.0,0.0,10.0,0.0,0.9,0.9,375.0,375.0,375.0,375.0,1.0,0.0,10.0,0.0,0.9,0.9
1974,2,53.0,-42.0,15.2,15.2,15.2,15.2,1.0,0.0,2.0,1.0,0.0,0.6,15.0,15.0,15.0,15.0,1.0,0.0,2.0,1.0,0.0,0.6,10.07,10.07,10.07,10.07,1.0,0.0,2.0,1.0,0.0,0.6,95.6,95.6,95.6,95.6,1.0,0.0,2.0,1.0,0.6,4.6,4.6,4.6,4.6,1.0,0.0,2.0,1.0,0.0,0.6,-2.3,-2.3,-2.3,-2.3,1.0,0.0,2.0,1.0,0.0,0.6,-3.98,-3.98,-3.98,-3.98,1.0,0.0,2.0,1.0,0.0,0.6,1016.8,1016.8,1016.8,1016.8,1.0,0.0,2.0,1.0,0.0,0.6,,,,,,,,,,,,,,,,,,,,,,,,,,,,,,,0.2,0.2,0.2,0.2,1.0,0.0,2.0,1.0,0.0,0.6,0.9,0.9,0.9,0.9,1.0,0.0,2.0,1.0,0.0,0.6,0.61,0.61,0.61,0.61,1.0,0.0,2.0,1.0,0.0,0.6,2.8,2.8,2.8,2.8,1.0,0.0,2.0,1.0,0.0,0.6,-34.5,-34.5,-34.5,-34.5,1.0,0.0,2.0,1.0,0.0,0.6,-59.8,-59.8,-59.8,-59.8,1.0,0.0,2.0,1.0,0.0,0.6,-23.2,-23.2,-23.2,-23.2,1.0,0.0,2.0,1.0,0.0,0.6,-40.1,-40.1,-40.1,-40.1,1.0,0.0,2.0,1.0,0.0,0.6,-1.4,-1.4,-1.4,-1.4,1.0,0.0,2.0,1.0,0.0,0.6,-2.4,-2.4,-2.4,-2.4,1.0,0.0,2.0,1.0,0.0,0.6,97.5,97.5,97.5,97.5,1.0,0.0,2.0,1.0,0.0,0.6,95.0,95.0,95.0,95.0,1.0,0.0,2.0,1.0,0.0,0.6
1974,2,53.0,-40.0,18.0,18.0,18.0,18.0,1.0,0.0,4.0,0.0,0.8,0.3,19.1,19.1,19.1,19.1,1.0,0.0,4.0,0.0,0.8,0.3,12.79,12.79,12.79,12.79,1.0,0.0,4.0,0.0,0.8,0.3,93.9,93.9,93.9,93.9,1.0,0.0,4.0,0.0,0.3,7.2,7.2,7.2,7.2,1.0,0.0,4.0,0.0,0.8,0.3,1.25,1.25,1.25,1.25,1.0,0.0,4.0,0.0,0.8,0.3,-7.09,-7.09,-7.09,-7.09,1.0,0.0,4.0,0.0,0.8,0.3,1022.2,1022.2,1022.2,1022.2,1.0,0.0,4.0,0.0,0.8,0.3,6.0,6.0,6.0,6.0,1.0,0.0,4.0,0.0,0.8,0.3,9.0,9.0,9.0,9.0,1.0,0.0,4.0,0.0,0.8,0.3,-51.1,-51.1,-51.1,-51.1,1.0,0.0,4.0,0.0,0.8,0.3,-1.1,-1.1,-1.1,-1.1,1.0,0.0,4.0,0.0,0.8,0.3,-7.9,-7.9,-7.9,-7.9,1.0,0.0,4.0,0.0,0.8,0.3,-0.08,-0.08,-0.08,-0.08,1.0,0.0,4.0,0.0,0.8,0.3,-0.6,-0.6,-0.6,-0.6,1.0,0.0,4.0,0.0,0.8,0.3,23.9,23.9,23.9,23.9,1.0,0.0,4.0,0.0,0.8,0.3,-135.4,-135.4,-135.4,-135.4,1.0,0.0,4.0,0.0,0.8,0.3,16.0,16.0,16.0,16.0,1.0,0.0,4.0,0.0,0.8,0.3,-90.7,-90.7,-90.7,-90.7,1.0,0.0,4.0,0.0,0.8,0.3,-0.1,-0.1,-0.1,-0.1,1.0,0.0,4.0,0.0,0.8,0.3,0.6,0.6,0.6,0.6,1.0,0.0,4.0,0.0,0.8,0.3,373.0,373.0,373.0,373.0,1.0,0.0,4.0,0.0,0.8,0.3,375.0,375.0,375.0,375.0,1.0,0.0,4.0,0.0,0.8,0.3
1974,2,53.0,-35.0,23.8,23.8,23.8,23.8,1.0,0.0,14.0,1.0,0.0,0.8,23.0,23.0,23.0,23.0,1.0,0.0,14.0,1.0,0.0,0.8,15.89,15.89,15.89,15.89,1.0,0.0,14.0,1.0,0.0,0.8,91.3,91.3,91.3,91.3,1.0,0.0,14.0,1.0,0.8,9.3,9.3,9.3,9.3,1.0,0.0,14.0,1.0,0.0,0.8,-7.12,-7.12,-7.12,-7.12,1.0,0.0,14.0,1.0,0.0,0.8,-5.98,-5.98,-5.98,-5.98,1.0,0.0,14.0,1.0,0.0,0.8,1018.0,1018.0,1018.0,1018.0,1.0,0.0,14.0,1.0,0.0,0.8,8.0,8.0,8.0,8.0,1.0,0.0,14.0,1.0,0.0,0.8,-66.3,-66.3,-66.3,-66.3,1.0,0.0,14.0,1.0,0.0,0.8,-55.6,-55.6,-55.6,-55.6,1.0,0.0,14.0,1.0,0.0,0.8,0.8,0.8,0.8,0.8,1.0,0.0,14.0,1.0,0.0,0.8,7.4,7.4,7.4,7.4,1.0,0.0,14.0,1.0,0.0,0.8,2.41,2.41,2.41,2.41,1.0,0.0,14.0,1.0,0.0,0.8,22.4,22.4,22.4,22.4,1.0,0.0,14.0,1.0,0.0,0.8,-163.9,-163.9,-163.9,-163.9,1.0,0.0,14.0,1.0,0.0,0.8,-137.5,-137.5,-137.5,-137.5,1.0,0.0,14.0,1.0,0.0,0.8,-113.2,-113.2,-113.2,-113.2,1.0,0.0,14.0,1.0,0.0,0.8,-95.0,-95.0,-95.0,-95.0,1.0,0.0,14.0,1.0,0.0,0.8,-17.2,-17.2,-17.2,-17.2,1.0,0.0,14.0,1.0,0.0,0.8,-14.4,-14.4,-14.4,-14.4,1.0,0.0,14.0,1.0,0.0,0.8,804.5,804.5,804.5,804.5,1.0,0.0,14.0,1.0,0.0,0.8,805.0,805.0,805.0,805.0,1.0,0.0,14.0,1.0,0.0,0.8
1974,2,53.0,-34.0,25.3,25.3,25.3,25.3,1.0,0.0,6.0,0.0,0.4,0.6,23.9,23.9,23.9,23.9,1.0,0.0,6.0,0.0,0.4,0.6,14.76,14.76,14.76,14.76,1.0,0.0,6.0,0.0,0.4,0.6,80.8,80.8,80.8,80.8,1.0,0.0,6.0,0.0,0.6,6.2,6.2,6.2,6.2,1.0,0.0,6.0,0.0,0.4,0.6,-5.83,-5.83,-5.83,-5.83,1.0,0.0,6.0,0.0,0.4,0.6,-2.12,-2.12,-2.12,-2.12,1.0,0.0,6.0,0.0,0.4,0.6,1023.6,1023.6,1023.6,1023.6,1.0,0.0,6.0,0.0,0.4,0.6,7.0,7.0,7.0,7.0,1.0,0.0,6.0,0.0,0.4,0.6,-36.1,-36.1,-36.1,-36.1,1.0,0.0,6.0,0.0,0.4,0.6,-13.1,-13.1,-13.1,-13.1,1.0,0.0,6.0,0.0,0.4,0.6,1.4,1.4,1.4,1.4,1.0,0.0,6.0,0.0,0.4,0.6,8.7,8.7,8.7,8.7,1.0,0.0,6.0,0.0,0.4,0.6,5.17,5.17,5.17,5.17,1.0,0.0,6.0,0.0,0.4,0.6,32.1,32.1,32.1,32.1,1.0,0.0,6.0,0.0,0.4,0.6,-139.2,-139.2,-139.2,-139.2,1.0,0.0,6.0,0.0,0.4,0.6,-50.7,-50.7,-50.7,-50.7,1.0,0.0,6.0,0.0,0.4,0.6,-86.0,-86.0,-86.0,-86.0,1.0,0.0,6.0,0.0,0.4,0.6,-31.3,-31.3,-31.3,-31.3,1.0,0.0,6.0,0.0,0.4,0.6,-30.1,-30.1,-30.1,-30.1,1.0,0.0,6.0,0.0,0.4,0.6,-11.0,-11.0,-11.0,-11.0,1.0,0.0,6.0,0.0,0.4,0.6,238.5,238.5,238.5,238.5,1.0,0.0,6.0,0.0,0.4,0.6,240.0,240.0,240.0,240.0,1.0,0.0,6.0,0.0,0.4,0.6
1974,2,53.0,-32.0,25.32,26.0,26.68,26.0,2.0,1.41,12.0,0.0,0.4,0.4,24.33,24.6,24.87,24.6,2.0,0.57,12.0,0.0,0.4,0.4,14.28,15.32,16.35,15.32,2.0,2.15,12.0,0.0,0.4,0.4,75.6,79.8,84.1,79.8,2.0,8.7,12.0,0.0,0.4,4.68,4.85,5.02,4.85,2.0,0.35,12.0,0.0,0.4,0.4,-3.47,-0.63,2.2,-0.63,2.0,5.88,12.0,0.0,0.4,0.4,-1.0,0.61,2.21,0.61,2.0,3.32,12.0,0.0,0.4,0.4,1016.42,1018.6,1020.78,1018.6,2.0,4.53,12.0,0.0,0.4,0.4,2.0,4.0,6.0,4.0,2.0,4.2,12.0,0.0,0.4,0.4,-18.0,-4.1,9.8,-4.1,2.0,28.7,12.0,0.0,0.4,0.4,-5.3,2.4,10.0,2.4,2.0,15.9,12.0,0.0,0.4,0.4,0.99,1.4,1.81,1.4,2.0,0.85,12.0,0.0,0.4,0.4,4.7,6.9,9.2,6.9,2.0,4.6,12.0,0.0,0.4,0.4,5.37,5.6,5.83,5.6,2.0,0.47,12.0,0.0,0.4,0.4,26.9,27.1,27.2,27.1,2.0,0.3,12.0,0.0,0.4,0.4,-87.3,-17.3,52.7,-17.3,2.0,145.0,12.0,0.0,0.4,0.4,-25.3,14.0,53.3,14.0,2.0,81.4,12.0,0.0,0.4,0.4,-60.2,-16.0,28.1,-16.0,2.0,91.4,12.0,0.0,0.4,0.4,-18.2,5.7,29.7,5.7,2.0,49.6,12.0,0.0,0.4,0.4,-17.9,-2.2,13.6,-2.2,2.0,32.6,12.0,0.0,0.4,0.4,-5.0,4.2,13.3,4.2,2.0,18.9,12.0,0.0,0.4,0.4,103.0,115.0,127.0,115.0,2.0,25.0,12.0,0.0,0.4,0.4,105.0,115.0,125.0,115.0,2.0,25.0,12.0,0.0,0.4,0.4
1974,2,53.0,-31.0,24.46,25.5,25.61,25.14,5.0,0.64,18.0,0.4,0.4,0.5,23.53,24.5,26.75,25.02,5.0,1.68,18.0,0.4,0.4,0.5,12.87,15.59,17.75,15.33,5.0,2.67,18.0,0.4,0.4,0.5,70.7,78.8,84.4,77.2,5.0,9.2,18.0,0.4,0.5,5.39,8.2,9.28,7.4,5.0,2.73,18.0,0.4,0.4,0.5,-6.75,-6.28,-2.36,-4.92,5.0,2.52,18.0,0.4,0.4,0.5,-7.05,-2.29,2.57,-2.36,5.0,5.69,18.0,0.4,0.4,0.5,1010.61,1015.5,1016.77,1013.96,5.0,3.9,18.0,0.4,0.4,0.5,2.5,3.5,6.1,4.3,4.0,2.6,16.0,0.5,0.3,0.6,-56.6,-42.2,-14.7,-37.2,5.0,23.6,18.0,0.4,0.4,0.5,-65.6,-15.4,16.9,-24.1,5.0,53.8,18.0,0.4,0.4,0.5,-1.06,0.8,1.04,0.12,5.0,1.19,18.0,0.4,0.4,0.5,-8.9,3.1,7.7,0.2,5.0,8.8,18.0,0.4,0.4,0.5,2.77,3.5,6.67,4.61,5.0,2.44,18.0,0.4,0.4,0.5,23.5,26.8,36.2,30.0,5.0,11.4,18.0,0.4,0.4,0.5,-172.3,-148.2,-59.1,-121.6,5.0,60.5,18.0,0.4,0.4,0.5,-177.5,-61.9,61.3,-63.3,5.0,144.8,18.0,0.4,0.4,0.5,-104.3,-97.9,-32.4,-74.7,5.0,39.0,18.0,0.4,0.4,0.5,-119.8,-40.0,33.0,-46.1,5.0,94.5,18.0,0.4,0.4,0.5,-29.9,-22.0,-13.1,-22.0,5.0,13.7,18.0,0.4,0.4,0.5,-21.3,-6.6,17.3,-2.7,5.0,21.3,18.0,0.4,0.4,0.5,202.0,551.5,817.0,526.5,5.0,399.0,18.0,0.4,0.4,0.5,200.0,550.0,815.0,525.0,5.0,400.0,18.0,0.4,0.4,0.5
1974,2,53.0,-30.0,25.91,26.35,26.79,26.35,2.0,0.92,2.0,0.5,0.4,0.4,25.6,25.6,25.6,25.6,1.0,0.0,4.0,0.0,0.1,0.6,15.03,15.03,15.03,15.03,1.0,0.0,4.0,0.0,0.1,0.6,74.3,74.3,74.3,74.3,1.0,0.0,4.0,0.0,0.6,3.03,3.1,7.33,5.13,3.0,3.61,4.0,0.7,0.5,0.4,-7.22,-3.05,-0.27,-3.73,3.0,5.13,4.0,0.7,0.5,0.4,0.15,1.61,2.44,1.3,3.0,1.7,4.0,0.7,0.5,0.4,1019.76,1021.4,1023.04,1021.4,2.0,3.39,2.0,0.5,0.4,0.4,2.3,3.0,3.7,3.0,2.0,1.4,4.0,1.0,0.7,0.3,-61.1,-9.5,-0.9,-30.5,3.0,47.7,4.0,0.7,0.5,0.4,1.5,8.5,12.9,7.3,3.0,8.4,4.0,0.7,0.5,0.4,0.1,0.1,0.1,0.1,1.0,0.0,4.0,0.0,0.1,0.6,0.9,0.9,0.9,0.9,1.0,0.0,4.0,0.0,0.1,0.6,5.38,5.38,5.38,5.38,1.0,0.0,4.0,0.0,0.1,0.6,50.0,50.0,50.0,50.0,1.0,0.0,4.0,0.0,0.1,0.6,-234.5,-234.5,-234.5,-234.5,1.0,0.0,4.0,0.0,0.1,0.6,41.3,41.3,41.3,41.3,1.0,0.0,4.0,0.0,0.1,0.6,-137.7,-137.7,-137.7,-137.7,1.0,0.0,4.0,0.0,0.1,0.6,24.3,24.3,24.3,24.3,1.0,0.0,4.0,0.0,0.1,0.6,-49.2,-49.2,-49.2,-49.2,1.0,0.0,4.0,0.0,0.1,0.6,8.7,8.7,8.7,8.7,1.0,0.0,4.0,0.0,0.1,0.6,28.0,30.0,558.5,287.0,3.0,448.0,4.0,0.7,0.5,0.4,30.0,30.0,560.0,285.0,3.0,450.0,4.0,0.7,0.5,0.4
1974,2,53.0,-29.0,,,,,,,,,,,,,,,,,,,,,,,,,,,,,,,,,,,,,,,,0.79,2.5,4.21,2.5,2.0,3.54,20.0,0.5,0.2,0.7,-1.44,-0.86,-0.27,-0.86,2.0,1.21,20.0,0.5,0.2,0.7,-3.95,-2.35,-0.75,-2.35,2.0,3.32,20.0,0.5,0.2,0.7,1013.02,1013.05,1013.08,1013.05,2.0,0.07,20.0,0.5,0.2,0.7,,,,,,,,,,,,,,,,,,,,,,,,,,,,,,,,,,,,,,,,,,,,,,,,,,,,,,,,,,,,,,,,,,,,,,,,,,,,,,,,,,,,,,,,,,,,,,,,,,,,,,,,,,,,,,,,,,,,,,,,,,,,,,,,,,,,,,,,,,,,,,,,,,,,,,
1974,2,53.0,-28.0,,,,,,,,,,,,,,,,,,,,,,,,,,,,,,,,,,,,,,,,0.79,2.5,4.21,2.5,2.0,3.54,10.0,1.0,0.3,0.6,-3.95,-2.35,-0.75,-2.35,2.0,3.32,10.0,1.0,0.3,0.6,0.27,0.86,1.44,0.86,2.0,1.21,10.0,1.0,0.3,0.6,1009.3,1009.3,1009.3,1009.3,1.0,0.0,12.0,1.0,0.6,0.4,,,,,,,,,,,,,,,,,,,,,,,,,,,,,,,,,,,,,,,,,,,,,,,,,,,,,,,,,,,,,,,,,,,,,,,,,,,,,,,,,,,,,,,,,,,,,,,,,,,,,,,,,,,,,,,,,,,,,,,,,,,,,,,,,,,,,,,,,,,,,,,,,,,,,,
1974,2,53.0,-26.0,26.73,26.8,26.94,26.83,3.0,0.15,16.0,0.7,0.5,0.6,26.41,27.3,27.37,26.9,3.0,0.78,16.0,0.7,0.5,0.6,15.44,15.44,15.44,15.44,1.0,0.0,6.0,1.0,0.6,1.0,68.5,68.5,68.5,68.5,1.0,0.0,6.0,1.0,1.0,3.32,4.0,7.21,5.23,3.0,3.04,10.0,1.0,0.3,0.6,-6.79,-2.95,-2.69,-4.7,3.0,3.36,10.0,1.0,0.3,0.6,-1.2,-0.52,1.93,0.34,3.0,2.41,10.0,1.0,0.3,0.6,1014.79,1015.2,1015.88,1015.33,3.0,0.81,16.0,0.7,0.5,0.6,2.0,2.5,4.0,3.0,4.0,1.4,12.0,0.8,0.5,0.6,-54.1,-10.3,-9.3,-31.2,3.0,37.5,10.0,1.0,0.3,0.6,-9.5,-1.6,7.9,-0.8,3.0,12.7,10.0,1.0,0.3,0.6,-0.54,-0.4,0.42,-0.07,3.0,0.76,16.0,0.7,0.5,0.6,-4.6,-3.4,-2.2,-3.4,2.0,2.6,14.0,1.0,0.4,0.6,6.41,6.41,6.41,6.41,1.0,0.0,6.0,1.0,0.6,1.0,55.8,55.8,55.8,55.8,1.0,0.0,6.0,1.0,0.6,1.0,-208.0,-152.2,-96.4,-152.2,2.0,115.6,14.0,1.0,0.4,0.6,-21.4,21.4,64.1,21.4,2.0,88.5,14.0,1.0,0.4,0.6,-132.3,-132.3,-132.3,-132.3,1.0,0.0,6.0,1.0,0.6,1.0,-23.3,-23.3,-23.3,-23.3,1.0,0.0,6.0,1.0,0.6,1.0,-54.9,-54.9,-54.9,-54.9,1.0,0.0,6.0,1.0,0.6,1.0,-9.7,-9.7,-9.7,-9.7,1.0,0.0,6.0,1.0,0.6,1.0,38.5,64.0,470.0,250.0,3.0,354.5,10.0,1.0,0.3,0.6,40.0,65.0,470.0,250.0,3.0,355.0,10.0,1.0,0.3,0.6
1974,2,53.0,-25.0,26.33,27.05,27.77,27.05,2.0,1.48,10.0,0.5,0.3,0.8,26.01,26.45,26.89,26.45,2.0,0.92,10.0,0.5,0.3,0.8,17.06,17.73,18.39,17.73,2.0,1.37,10.0,0.5,0.3,0.8,81.4,82.4,83.3,82.4,2.0,1.9,10.0,0.5,0.8,3.51,4.6,5.35,4.43,3.0,1.36,10.0,0.7,0.4,0.6,-4.33,-1.57,0.2,-2.05,3.0,3.35,10.0,0.7,0.4,0.6,-3.26,-0.99,1.61,-0.83,3.0,3.57,10.0,0.7,0.4,0.6,1014.15,1014.25,1014.35,1014.25,2.0,0.21,10.0,0.5,0.3,0.8,3.0,5.0,7.0,5.0,3.0,3.0,10.0,0.7,0.4,0.6,-24.1,-7.2,-0.2,-12.1,3.0,18.0,10.0,0.7,0.4,0.6,-15.4,-5.6,4.0,-5.7,3.0,14.2,10.0,0.7,0.4,0.6,0.33,0.6,0.87,0.6,2.0,0.57,10.0,0.5,0.3,0.8,1.7,2.9,4.1,2.9,2.0,2.4,10.0,0.5,0.3,0.8,4.36,4.65,4.94,4.65,2.0,0.6,10.0,0.5,0.3,0.8,23.4,23.7,24.0,23.7,2.0,0.5,10.0,0.5,0.3,0.8,-128.6,-93.7,-58.9,-93.7,2.0,72.3,10.0,0.5,0.3,0.8,-102.6,-71.3,-40.1,-71.3,2.0,64.8,10.0,0.5,0.3,0.8,-83.8,-61.7,-39.7,-61.7,2.0,45.7,10.0,0.5,0.3,0.8,-70.6,-48.7,-26.8,-48.7,2.0,45.4,10.0,0.5,0.3,0.8,-21.2,-15.8,-10.5,-15.8,2.0,11.1,10.0,0.5,0.3,0.8,-19.1,-13.1,-7.0,-13.1,2.0,12.5,10.0,0.5,0.3,0.8,49.5,97.5,157.5,103.0,3.0,79.5,10.0,0.7,0.4,0.6,50.0,95.0,155.0,105.0,3.0,80.0,10.0,0.7,0.4,0.6
1974,2,53.0,-24.0,26.63,28.0,28.49,27.68,5.0,1.06,22.0,0.8,0.3,0.8,27.21,27.9,28.83,28.05,6.0,1.23,22.0,0.8,0.3,0.8,16.42,17.91,19.39,17.9,4.0,1.9,22.0,0.8,0.3,0.8,66.7,77.3,87.3,77.0,4.0,12.0,22.0,0.8,0.8,2.77,4.6,6.51,4.54,8.0,2.58,20.0,0.8,0.2,0.8,-4.59,-3.15,-0.82,-3.17,8.0,2.5,20.0,0.8,0.2,0.8,-4.66,0.0,1.57,-0.96,8.0,3.37,20.0,0.8,0.2,0.8,1013.1,1013.3,1015.03,1013.86,7.0,1.07,20.0,0.7,0.2,0.7,2.1,3.5,4.9,3.6,8.0,1.8,20.0,0.8,0.2,0.8,-28.0,-14.7,-3.2,-19.1,8.0,21.4,20.0,0.8,0.2,0.8,-33.2,0.0,4.3,-8.9,8.0,20.1,20.0,0.8,0.2,0.8,-1.14,-0.5,0.55,-0.32,5.0,1.23,22.0,0.8,0.3,0.8,-6.0,-1.8,2.2,-1.8,5.0,5.5,22.0,0.8,0.3,0.8,2.36,4.83,8.1,5.21,4.0,3.49,22.0,0.8,0.3,0.8,12.0,25.4,34.8,23.5,4.0,14.7,22.0,0.8,0.3,0.8,-154.2,-121.2,-47.3,-111.6,6.0,68.4,22.0,0.8,0.3,0.8,-126.5,11.3,59.3,-13.4,6.0,97.7,22.0,0.8,0.3,0.8,-79.7,-59.7,-24.9,-52.6,4.0,33.4,22.0,0.8,0.3,0.8,-49.9,16.8,49.2,0.4,4.0,68.9,22.0,0.8,0.3,0.8,-22.2,-9.9,-5.0,-13.4,4.0,12.0,22.0,0.8,0.3,0.8,-8.1,1.5,21.4,6.4,4.0,22.6,22.0,0.8,0.3,0.8,23.5,97.5,281.5,170.5,8.0,217.5,20.0,0.8,0.2,0.8,25.0,95.0,280.0,170.0,8.0,215.0,20.0,0.8,0.2,0.8
1974,2,53.0,-23.0,26.27,27.0,27.59,26.96,17.0,0.78,12.0,0.6,0.4,0.6,25.87,26.7,28.0,26.85,18.0,1.07,12.0,0.6,0.4,0.6,16.26,17.27,18.44,17.19,18.0,1.36,12.0,0.6,0.4,0.6,71.9,78.2,83.7,78.2,18.0,8.0,12.0,0.6,0.6,3.6,6.95,9.3,6.52,18.0,2.95,12.0,0.6,0.4,0.6,-8.62,-5.15,-2.3,-5.2,18.0,3.1,12.0,0.6,0.4,0.6,-2.66,0.0,2.07,-0.68,18.0,3.87,12.0,0.6,0.4,0.6,1010.39,1012.0,1015.51,1012.44,19.0,2.6,12.0,0.6,0.4,0.6,2.9,7.0,8.0,5.7,19.0,2.4,12.0,0.6,0.4,0.6,-76.8,-30.9,-9.9,-39.1,18.0,32.9,12.0,0.6,0.4,0.6,-23.5,0.0,10.3,-7.4,18.0,34.3,12.0,0.6,0.4,0.6,-1.14,0.2,0.7,0.05,17.0,0.95,12.0,0.6,0.4,0.6,-9.1,0.9,3.8,-1.2,16.0,6.2,12.0,0.6,0.4,0.7,3.81,4.83,5.92,5.01,17.0,1.86,12.0,0.6,0.4,0.6,16.7,34.4,51.6,34.8,16.0,14.8,12.0,0.6,0.4,0.7,-231.6,-143.4,-75.2,-149.0,17.0,79.7,12.0,0.6,0.4,0.6,-80.8,0.0,56.4,-18.7,17.0,107.4,12.0,0.6,0.4,0.6,-149.9,-97.5,-47.4,-94.9,17.0,51.9,12.0,0.6,0.4,0.6,-55.1,0.0,34.1,-12.0,17.0,69.8,12.0,0.6,0.4,0.6,-42.4,-25.2,-11.6,-27.0,16.0,15.6,12.0,0.6,0.4,0.7,-8.6,0.0,11.8,-3.8,16.0,21.8,12.0,0.6,0.4,0.7,46.5,337.0,804.5,425.0,18.0,363.0,12.0,0.6,0.4,0.6,45.0,335.0,805.0,425.0,18.0,365.0,12.0,0.6,0.4,0.6
1974,2,53.0,-22.0,26.6,27.45,28.0,27.44,14.0,0.97,12.0,0.5,0.5,0.2,26.01,26.65,28.34,26.85,14.0,1.53,12.0,0.4,0.6,0.2,16.17,16.8,18.53,17.35,13.0,1.7,12.0,0.5,0.6,0.3,76.1,77.2,81.3,78.5,13.0,6.0,12.0,0.5,0.3,5.52,6.7,8.88,7.01,16.0,1.61,10.0,0.4,0.5,0.3,-6.66,-5.98,-3.55,-5.29,16.0,2.14,10.0,0.4,0.5,0.3,-6.99,-1.93,1.13,-2.2,16.0,3.94,10.0,0.4,0.5,0.3,1011.2,1012.9,1014.85,1013.23,16.0,2.74,10.0,0.4,0.5,0.3,3.0,6.5,8.0,5.8,16.0,2.4,10.0,0.4,0.5,0.3,-55.6,-37.9,-18.5,-38.3,16.0,22.0,10.0,0.4,0.5,0.3,-55.3,-11.3,7.4,-15.5,16.0,33.4,10.0,0.4,0.5,0.3,-0.43,0.4,0.96,0.41,13.0,1.26,12.0,0.5,0.6,0.2,-2.6,3.3,8.2,3.3,13.0,9.2,12.0,0.5,0.6,0.2,4.64,5.53,6.15,5.39,12.0,1.45,12.0,0.5,0.6,0.2,28.7,36.0,50.2,38.3,12.0,14.7,12.0,0.5,0.6,0.2,-177.4,-149.2,-90.6,-137.0,14.0,59.5,12.0,0.4,0.6,0.2,-179.0,-31.2,30.7,-51.2,14.0,108.8,12.0,0.4,0.6,0.2,-112.6,-95.5,-54.3,-84.9,13.0,37.1,12.0,0.5,0.6,0.3,-114.5,-27.2,20.7,-39.1,13.0,73.0,12.0,0.5,0.6,0.3,-44.5,-28.4,-18.0,-29.8,12.0,16.4,12.0,0.5,0.6,0.2,-27.6,-8.8,10.3,-8.3,12.0,22.4,12.0,0.5,0.6,0.2,173.0,301.0,708.0,397.5,16.0,281.0,10.0,0.4,0.5,0.3,175.0,300.0,710.0,400.0,16.0,280.0,10.0,0.4,0.5,0.3
1974,2,53.0,-21.0,27.16,27.5,27.84,27.5,3.0,0.5,10.0,0.7,0.2,0.5,26.86,27.2,28.43,27.63,3.0,1.21,10.0,0.7,0.2,0.5,16.84,17.64,18.94,17.88,3.0,1.56,10.0,0.7,0.2,0.5,72.4,75.4,83.2,77.7,3.0,8.1,10.0,0.7,0.5,6.52,7.2,7.54,7.03,3.0,0.76,10.0,0.7,0.2,0.5,-7.11,-6.11,-0.26,-3.74,3.0,5.42,10.0,0.7,0.2,0.5,-0.31,1.34,5.04,2.34,3.0,4.02,10.0,0.7,0.2,0.5,1012.72,1013.2,1016.54,1014.6,3.0,3.05,10.0,0.7,0.2,0.5,3.3,4.0,6.7,5.0,3.0,2.6,10.0,0.7,0.2,0.5,-51.9,-37.9,0.1,-26.2,3.0,39.4,10.0,0.7,0.2,0.5,-1.3,10.3,36.5,17.4,3.0,28.4,10.0,0.7,0.2,0.5,-1.11,0.8,0.8,-0.13,3.0,1.62,10.0,0.7,0.2,0.5,-6.6,5.8,6.0,-0.2,3.0,10.6,10.0,0.7,0.2,0.5,4.26,4.55,5.88,5.06,3.0,1.27,10.0,0.7,0.2,0.5,28.7,29.7,43.6,36.0,3.0,12.2,10.0,0.7,0.2,0.5,-194.4,-177.1,-10.5,-104.2,3.0,148.8,10.0,0.7,0.2,0.5,-10.0,35.7,136.9,62.8,3.0,110.2,10.0,0.7,0.2,0.5,-119.4,-107.7,-1.3,-61.5,3.0,95.3,10.0,0.7,0.2,0.5,-6.0,22.0,97.3,45.1,3.0,78.2,10.0,0.7,0.2,0.5,-42.5,-27.8,-1.9,-22.3,3.0,30.1,10.0,0.7,0.2,0.5,-0.6,8.7,21.8,10.6,3.0,16.5,10.0,0.7,0.2,0.5,281.0,373.0,430.0,356.0,3.0,110.0,10.0,0.7,0.2,0.5,280.0,375.0,430.0,355.0,3.0,110.0,10.0,0.7,0.2,0.5
1974,2,53.0,-20.0,26.54,27.7,27.9,27.23,3.0,1.08,14.0,0.7,0.6,0.5,26.8,27.0,27.55,27.17,3.0,0.57,14.0,0.7,0.6,0.5,16.47,17.07,17.67,17.07,2.0,1.24,18.0,0.5,0.7,0.6,71.4,75.8,80.1,75.8,2.0,9.0,18.0,0.5,0.6,4.93,6.7,7.38,6.17,3.0,1.86,14.0,0.7,0.6,0.5,-5.66,-5.13,-3.43,-4.56,3.0,1.71,14.0,0.7,0.6,0.5,-3.94,-3.14,2.38,-0.83,3.0,5.04,14.0,0.7,0.6,0.5,1011.39,1012.0,1012.75,1012.07,3.0,1.0,14.0,0.7,0.6,0.5,1.6,3.0,6.4,4.0,3.0,3.6,14.0,0.7,0.6,0.5,-41.9,-34.4,-18.3,-30.2,3.0,17.7,14.0,0.7,0.6,0.5,-23.8,-12.9,21.9,-1.2,3.0,35.0,14.0,0.7,0.6,0.5,-0.51,-0.1,0.65,0.07,3.0,0.86,14.0,0.7,0.6,0.5,-2.2,-0.8,4.3,1.0,3.0,5.0,14.0,0.7,0.6,0.5,3.7,5.08,6.45,5.08,2.0,2.85,18.0,0.5,0.7,0.6,19.2,33.6,48.0,33.6,2.0,29.8,18.0,0.5,0.7,0.6,-155.9,-138.6,-92.0,-124.3,3.0,48.4,14.0,0.7,0.6,0.5,-106.0,-83.9,67.3,-20.8,3.0,138.2,14.0,0.7,0.6,0.5,-87.9,-71.4,-54.9,-71.4,2.0,34.1,18.0,0.5,0.7,0.6,-34.7,11.9,58.5,11.9,2.0,96.5,18.0,0.5,0.7,0.6,-36.5,-25.0,-13.4,-25.0,2.0,23.9,18.0,0.5,0.7,0.6,-2.5,12.8,28.0,12.8,2.0,31.6,18.0,0.5,0.7,0.6,142.5,301.0,407.0,275.5,3.0,195.0,14.0,0.7,0.6,0.5,145.0,300.0,405.0,275.0,3.0,195.0,14.0,0.7,0.6,0.5
1974,2,53.0,-19.0,28.2,28.2,28.2,28.2,1.0,0.0,22.0,0.0,0.7,0.4,26.6,26.6,26.6,26.6,1.0,0.0,22.0,0.0,0.7,0.4,16.16,16.16,16.16,16.16,1.0,0.0,22.0,0.0,0.7,0.4,74.5,74.5,74.5,74.5,1.0,0.0,22.0,0.0,0.4,6.7,6.7,6.7,6.7,1.0,0.0,22.0,0.0,0.7,0.4,-6.6,-6.6,-6.6,-6.6,1.0,0.0,22.0,0.0,0.7,0.4,-1.16,-1.16,-1.16,-1.16,1.0,0.0,22.0,0.0,0.7,0.4,1013.5,1013.5,1013.5,1013.5,1.0,0.0,22.0,0.0,0.7,0.4,7.0,7.0,7.0,7.0,1.0,0.0,22.0,0.0,0.7,0.4,-44.2,-44.2,-44.2,-44.2,1.0,0.0,22.0,0.0,0.7,0.4,-7.8,-7.8,-7.8,-7.8,1.0,0.0,22.0,0.0,0.7,0.4,1.6,1.6,1.6,1.6,1.0,0.0,22.0,0.0,0.7,0.4,10.7,10.7,10.7,10.7,1.0,0.0,22.0,0.0,0.7,0.4,7.78,7.78,7.78,7.78,1.0,0.0,22.0,0.0,0.7,0.4,52.1,52.1,52.1,52.1,1.0,0.0,22.0,0.0,0.7,0.4,-175.5,-175.5,-175.5,-175.5,1.0,0.0,22.0,0.0,0.7,0.4,-30.9,-30.9,-30.9,-30.9,1.0,0.0,22.0,0.0,0.7,0.4,-106.6,-106.6,-106.6,-106.6,1.0,0.0,22.0,0.0,0.7,0.4,-18.8,-18.8,-18.8,-18.8,1.0,0.0,22.0,0.0,0.7,0.4,-51.3,-51.3,-51.3,-51.3,1.0,0.0,22.0,0.0,0.7,0.4,-9.0,-9.0,-9.0,-9.0,1.0,0.0,22.0,0.0,0.7,0.4,301.0,301.0,301.0,301.0,1.0,0.0,22.0,0.0,0.7,0.4,300.0,300.0,300.0,300.0,1.0,0.0,22.0,0.0,0.7,0.4
1974,2,53.0,-18.0,28.5,28.5,28.5,28.5,1.0,0.0,22.0,1.0,0.2,0.3,27.5,27.5,27.5,27.5,1.0,0.0,22.0,1.0,0.2,0.3,17.64,17.64,17.64,17.64,1.0,0.0,22.0,1.0,0.2,0.3,76.9,76.9,76.9,76.9,1.0,0.0,22.0,1.0,0.3,9.3,9.3,9.3,9.3,1.0,0.0,22.0,1.0,0.2,0.3,-9.16,-9.16,-9.16,-9.16,1.0,0.0,22.0,1.0,0.2,0.3,1.61,1.61,1.61,1.61,1.0,0.0,22.0,1.0,0.2,0.3,1011.5,1011.5,1011.5,1011.5,1.0,0.0,22.0,1.0,0.2,0.3,1.0,1.0,1.0,1.0,1.0,0.0,22.0,1.0,0.2,0.3,-85.2,-85.2,-85.2,-85.2,1.0,0.0,22.0,1.0,0.2,0.3,15.0,15.0,15.0,15.0,1.0,0.0,22.0,1.0,0.2,0.3,1.0,1.0,1.0,1.0,1.0,0.0,22.0,1.0,0.2,0.3,9.3,9.3,9.3,9.3,1.0,0.0,22.0,1.0,0.2,0.3,6.77,6.77,6.77,6.77,1.0,0.0,22.0,1.0,0.2,0.3,62.9,62.9,62.9,62.9,1.0,0.0,22.0,1.0,0.2,0.3,-251.9,-251.9,-251.9,-251.9,1.0,0.0,22.0,1.0,0.2,0.3,44.4,44.4,44.4,44.4,1.0,0.0,22.0,1.0,0.2,0.3,-161.6,-161.6,-161.6,-161.6,1.0,0.0,22.0,1.0,0.2,0.3,28.5,28.5,28.5,28.5,1.0,0.0,22.0,1.0,0.2,0.3,-62.0,-62.0,-62.0,-62.0,1.0,0.0,22.0,1.0,0.2,0.3,10.9,10.9,10.9,10.9,1.0,0.0,22.0,1.0,0.2,0.3,804.5,804.5,804.5,804.5,1.0,0.0,22.0,1.0,0.2,0.3,805.0,805.0,805.0,805.0,1.0,0.0,22.0,1.0,0.2,0.3
1974,2,53.0,-17.0,28.36,28.5,29.05,28.7,3.0,0.53,20.0,1.0,0.6,0.7,27.22,27.7,28.45,27.83,3.0,0.91,20.0,0.7,0.6,0.6,16.61,16.89,17.07,16.84,3.0,0.34,20.0,0.7,0.6,0.6,68.7,72.9,75.6,72.2,3.0,5.1,20.0,0.7,0.6,6.81,9.0,10.09,8.48,4.0,2.42,16.0,0.8,0.5,0.7,-8.23,-5.12,-4.53,-6.32,4.0,2.92,16.0,0.8,0.5,0.7,-0.44,4.27,7.39,3.51,4.0,4.83,16.0,0.8,0.5,0.7,1008.99,1010.65,1012.36,1010.68,4.0,1.95,16.0,0.8,0.5,0.7,2.5,4.5,7.0,4.8,4.0,2.8,16.0,0.8,0.5,0.7,-83.3,-45.9,-32.4,-57.3,4.0,40.0,16.0,0.8,0.5,0.7,2.8,39.1,66.8,35.0,4.0,39.3,16.0,0.8,0.5,0.7,-0.16,0.15,0.46,0.15,2.0,0.64,26.0,1.0,0.7,0.6,-1.2,1.9,5.0,1.9,2.0,6.4,26.0,1.0,0.7,0.6,7.33,7.56,7.8,7.56,2.0,0.49,26.0,1.0,0.7,0.6,70.3,73.4,76.5,73.4,2.0,6.4,26.0,1.0,0.7,0.6,-252.2,-161.1,-132.5,-191.6,3.0,91.6,20.0,0.7,0.6,0.6,-30.5,51.9,147.5,58.3,3.0,130.5,20.0,0.7,0.6,0.6,-151.9,-92.1,-80.9,-115.8,3.0,55.9,20.0,0.7,0.6,0.6,-19.8,31.7,85.0,32.6,3.0,76.8,20.0,0.7,0.6,0.6,-71.6,-60.5,-49.4,-60.5,2.0,23.0,26.0,1.0,0.7,0.6,19.8,33.1,46.5,33.1,2.0,27.7,26.0,1.0,0.7,0.6,383.0,731.5,1043.0,714.0,4.0,464.5,16.0,0.8,0.5,0.7,385.0,730.0,1045.0,715.0,4.0,465.0,16.0,0.8,0.5,0.7
1974,2,53.0,-16.0,27.37,28.15,28.93,28.15,2.0,1.63,8.0,0.5,0.4,0.5,27.14,27.45,27.76,27.45,2.0,0.64,8.0,0.5,0.4,0.5,18.04,18.37,18.71,18.37,2.0,0.69,8.0,0.5,0.4,0.5,80.2,80.3,80.3,80.3,2.0,0.1,8.0,0.5,0.5,3.17,4.4,5.63,4.4,2.0,2.55,8.0,0.5,0.4,0.5,-1.71,-0.83,0.04,-0.83,2.0,1.82,8.0,0.5,0.4,0.5,-5.31,-4.19,-3.08,-4.19,2.0,2.31,8.0,0.5,0.4,0.5,1010.47,1011.05,1011.63,1011.05,2.0,1.2,8.0,0.5,0.4,0.5,0.5,1.5,2.5,1.5,2.0,2.1,8.0,0.5,0.4,0.5,-10.9,-6.0,-1.1,-6.0,2.0,10.1,8.0,0.5,0.4,0.5,-31.4,-21.4,-11.3,-21.4,2.0,20.8,8.0,0.5,0.4,0.5,0.22,0.7,1.18,0.7,2.0,0.99,8.0,0.5,0.4,0.5,0.6,1.8,3.1,1.8,2.0,2.6,8.0,0.5,0.4,0.5,4.83,5.6,6.36,5.6,2.0,1.58,8.0,0.5,0.4,0.5,19.1,22.6,26.1,22.6,2.0,7.3,8.0,0.5,0.4,0.5,-46.2,-22.3,1.5,-22.3,2.0,49.4,8.0,0.5,0.4,0.5,-143.7,-114.4,-85.1,-114.4,2.0,60.7,8.0,0.5,0.4,0.5,-30.6,-14.7,1.1,-14.7,2.0,32.8,8.0,0.5,0.4,0.5,-95.3,-76.2,-57.2,-76.2,2.0,39.5,8.0,0.5,0.4,0.5,-7.5,-3.2,1.0,-3.2,2.0,8.9,8.0,0.5,0.4,0.5,-24.7,-21.6,-18.6,-21.6,2.0,6.3,8.0,0.5,0.4,0.5,52.5,128.0,203.5,128.0,2.0,156.0,8.0,0.5,0.4,0.5,55.0,130.0,205.0,130.0,2.0,155.0,8.0,0.5,0.4,0.5
1974,2,53.0,-11.0,27.66,28.0,28.68,28.17,3.0,0.76,8.0,0.7,0.5,0.9,26.98,28.0,29.64,28.3,3.0,1.97,8.0,0.7,0.5,0.9,17.71,18.02,18.38,18.04,3.0,0.49,8.0,0.7,0.5,0.9,69.0,78.4,81.6,75.4,3.0,9.6,8.0,0.7,0.9,2.66,2.8,2.94,2.8,2.0,0.28,2.0,1.0,0.6,1.0,0.91,0.96,1.0,0.96,2.0,0.1,2.0,1.0,0.6,1.0,-2.76,-2.63,-2.5,-2.63,2.0,0.27,2.0,1.0,0.6,1.0,1009.11,1010.0,1010.55,1009.83,3.0,1.06,8.0,0.7,0.5,0.9,3.0,3.0,6.4,4.7,3.0,2.9,8.0,0.7,0.5,0.9,2.4,2.7,3.0,2.7,2.0,0.5,2.0,1.0,0.6,1.0,-8.1,-7.4,-6.7,-7.4,2.0,1.5,2.0,1.0,0.6,1.0,-0.96,0.0,0.68,-0.13,3.0,1.21,8.0,0.7,0.5,0.9,-3.5,-2.1,-0.7,-2.1,2.0,3.0,2.0,1.0,0.6,1.0,5.09,5.18,6.84,5.95,3.0,1.45,8.0,0.7,0.5,0.9,14.9,18.2,21.4,18.2,2.0,6.6,2.0,1.0,0.6,1.0,25.9,28.0,30.2,28.0,2.0,4.4,2.0,1.0,0.6,1.0,-83.0,-77.1,-71.2,-77.1,2.0,12.2,2.0,1.0,0.6,1.0,16.7,17.3,17.8,17.3,2.0,1.1,2.0,1.0,0.6,1.0,-48.8,-47.4,-46.0,-47.4,2.0,3.0,2.0,1.0,0.6,1.0,5.1,6.2,7.3,6.2,2.0,2.3,2.0,1.0,0.6,1.0,-20.1,-17.1,-14.0,-17.1,2.0,6.2,2.0,1.0,0.6,1.0,19.0,22.5,25.5,22.5,2.0,6.5,2.0,1.0,0.6,1.0,20.0,20.0,25.0,20.0,2.0,5.0,2.0,1.0,0.6,1.0
1974,2,53.0,-10.0,29.4,29.4,29.4,29.4,1.0,0.0,6.0,1.0,0.2,0.2,30.5,30.5,30.5,30.5,1.0,0.0,6.0,1.0,0.2,0.2,18.91,18.91,18.91,18.91,1.0,0.0,6.0,1.0,0.2,0.2,69.1,69.1,69.1,69.1,1.0,0.0,6.0,1.0,0.2,2.1,2.1,2.1,2.1,1.0,0.0,6.0,1.0,0.2,0.2,1.61,1.61,1.61,1.61,1.0,0.0,6.0,1.0,0.2,0.2,-1.35,-1.35,-1.35,-1.35,1.0,0.0,6.0,1.0,0.2,0.2,1009.2,1009.2,1009.2,1009.2,1.0,0.0,6.0,1.0,0.2,0.2,4.0,4.0,4.0,4.0,1.0,0.0,6.0,1.0,0.2,0.2,3.4,3.4,3.4,3.4,1.0,0.0,6.0,1.0,0.2,0.2,-2.8,-2.8,-2.8,-2.8,1.0,0.0,6.0,1.0,0.2,0.2,-1.1,-1.1,-1.1,-1.1,1.0,0.0,6.0,1.0,0.2,0.2,-2.3,-2.3,-2.3,-2.3,1.0,0.0,6.0,1.0,0.2,0.2,6.89,6.89,6.89,6.89,1.0,0.0,6.0,1.0,0.2,0.2,14.5,14.5,14.5,14.5,1.0,0.0,6.0,1.0,0.2,0.2,49.1,49.1,49.1,49.1,1.0,0.0,6.0,1.0,0.2,0.2,-41.2,-41.2,-41.2,-41.2,1.0,0.0,6.0,1.0,0.2,0.2,30.4,30.4,30.4,30.4,1.0,0.0,6.0,1.0,0.2,0.2,-25.5,-25.5,-25.5,-25.5,1.0,0.0,6.0,1.0,0.2,0.2,11.1,11.1,11.1,11.1,1.0,0.0,6.0,1.0,0.2,0.2,-9.3,-9.3,-9.3,-9.3,1.0,0.0,6.0,1.0,0.2,0.2,9.5,9.5,9.5,9.5,1.0,0.0,6.0,1.0,0.2,0.2,10.0,10.0,10.0,10.0,1.0,0.0,6.0,1.0,0.2,0.2
1974,2,53.0,-9.0,25.5,25.5,25.5,25.5,1.0,0.0,2.0,1.0,0.4,0.4,25.4,25.4,25.4,25.4,1.0,0.0,2.0,1.0,0.4,0.4,16.13,16.13,16.13,16.13,1.0,0.0,2.0,1.0,0.4,0.4,79.5,79.5,79.5,79.5,1.0,0.0,2.0,1.0,0.4,6.7,6.7,6.7,6.7,1.0,0.0,2.0,1.0,0.4,0.4,-5.8,-5.8,-5.8,-5.8,1.0,0.0,2.0,1.0,0.4,0.4,-3.35,-3.35,-3.35,-3.35,1.0,0.0,2.0,1.0,0.4,0.4,1008.8,1008.8,1008.8,1008.8,1.0,0.0,2.0,1.0,0.4,0.4,7.0,7.0,7.0,7.0,1.0,0.0,2.0,1.0,0.4,0.4,-38.9,-38.9,-38.9,-38.9,1.0,0.0,2.0,1.0,0.4,0.4,-22.4,-22.4,-22.4,-22.4,1.0,0.0,2.0,1.0,0.4,0.4,0.1,0.1,0.1,0.1,1.0,0.0,2.0,1.0,0.4,0.4,0.7,0.7,0.7,0.7,1.0,0.0,2.0,1.0,0.4,0.4,4.33,4.33,4.33,4.33,1.0,0.0,2.0,1.0,0.4,0.4,29.0,29.0,29.0,29.0,1.0,0.0,2.0,1.0,0.4,0.4,-147.4,-147.4,-147.4,-147.4,1.0,0.0,2.0,1.0,0.4,0.4,-85.1,-85.1,-85.1,-85.1,1.0,0.0,2.0,1.0,0.4,0.4,-93.6,-93.6,-93.6,-93.6,1.0,0.0,2.0,1.0,0.4,0.4,-54.0,-54.0,-54.0,-54.0,1.0,0.0,2.0,1.0,0.4,0.4,-25.2,-25.2,-25.2,-25.2,1.0,0.0,2.0,1.0,0.4,0.4,-14.5,-14.5,-14.5,-14.5,1.0,0.0,2.0,1.0,0.4,0.4,301.0,301.0,301.0,301.0,1.0,0.0,2.0,1.0,0.4,0.4,300.0,300.0,300.0,300.0,1.0,0.0,2.0,1.0,0.4,0.4
1974,2,53.0,-8.0,27.0,27.0,27.0,27.0,1.0,0.0,6.0,1.0,0.9,0.8,26.3,26.3,26.3,26.3,1.0,0.0,6.0,1.0,0.9,0.8,18.78,18.78,18.78,18.78,1.0,0.0,6.0,1.0,0.9,0.8,87.7,87.7,87.7,87.7,1.0,0.0,6.0,1.0,0.8,7.7,7.7,7.7,7.7,1.0,0.0,6.0,1.0,0.9,0.8,4.95,4.95,4.95,4.95,1.0,0.0,6.0,1.0,0.9,0.8,-5.9,-5.9,-5.9,-5.9,1.0,0.0,6.0,1.0,0.9,0.8,1010.1,1010.1,1010.1,1010.1,1.0,0.0,6.0,1.0,0.9,0.8,7.0,7.0,7.0,7.0,1.0,0.0,6.0,1.0,0.9,0.8,38.1,38.1,38.1,38.1,1.0,0.0,6.0,1.0,0.9,0.8,-45.4,-45.4,-45.4,-45.4,1.0,0.0,6.0,1.0,0.9,0.8,0.7,0.7,0.7,0.7,1.0,0.0,6.0,1.0,0.9,0.8,5.4,5.4,5.4,5.4,1.0,0.0,6.0,1.0,0.9,0.8,3.58,3.58,3.58,3.58,1.0,0.0,6.0,1.0,0.9,0.8,27.6,27.6,27.6,27.6,1.0,0.0,6.0,1.0,0.9,0.8,130.2,130.2,130.2,130.2,1.0,0.0,6.0,1.0,0.9,0.8,-155.1,-155.1,-155.1,-155.1,1.0,0.0,6.0,1.0,0.9,0.8,93.0,93.0,93.0,93.0,1.0,0.0,6.0,1.0,0.9,0.8,-110.8,-110.8,-110.8,-110.8,1.0,0.0,6.0,1.0,0.9,0.8,17.7,17.7,17.7,17.7,1.0,0.0,6.0,1.0,0.9,0.8,-21.1,-21.1,-21.1,-21.1,1.0,0.0,6.0,1.0,0.9,0.8,456.5,456.5,456.5,456.5,1.0,0.0,6.0,1.0,0.9,0.8,455.0,455.0,455.0,455.0,1.0,0.0,6.0,1.0,0.9,0.8
1974,2,53.0,-7.0,27.14,28.3,29.46,28.3,2.0,2.4,16.0,0.5,0.7,0.2,27.2,27.2,27.2,27.2,1.0,0.0,18.0,0.0,0.5,0.1,16.81,16.81,16.81,16.81,1.0,0.0,18.0,0.0,0.5,0.1,74.6,74.6,74.6,74.6,1.0,0.0,18.0,0.0,0.1,2.26,2.6,2.94,2.6,2.0,0.71,16.0,0.5,0.7,0.2,-0.8,-0.26,0.29,-0.26,2.0,1.12,16.0,0.5,0.7,0.2,-2.86,-2.44,-2.01,-2.44,2.0,0.87,16.0,0.5,0.7,0.2,1008.98,1009.8,1010.62,1009.8,2.0,1.7,16.0,0.5,0.7,0.2,2.8,4.5,6.2,4.5,2.0,3.5,16.0,0.5,0.7,0.2,-1.6,-0.3,1.1,-0.3,2.0,2.7,16.0,0.5,0.7,0.2,-8.6,-6.6,-4.7,-6.6,2.0,4.0,16.0,0.5,0.7,0.2,-0.6,-0.6,-0.6,-0.6,1.0,0.0,18.0,0.0,0.5,0.1,-1.3,-1.3,-1.3,-1.3,1.0,0.0,18.0,0.0,0.5,0.1,5.01,5.01,5.01,5.01,1.0,0.0,18.0,0.0,0.5,0.1,10.5,10.5,10.5,10.5,1.0,0.0,18.0,0.0,0.5,0.1,-28.6,-28.6,-28.6,-28.6,1.0,0.0,18.0,0.0,0.5,0.1,-49.5,-49.5,-49.5,-49.5,1.0,0.0,18.0,0.0,0.5,0.1,-17.6,-17.6,-17.6,-17.6,1.0,0.0,18.0,0.0,0.5,0.1,-30.6,-30.6,-30.6,-30.6,1.0,0.0,18.0,0.0,0.5,0.1,-5.3,-5.3,-5.3,-5.3,1.0,0.0,18.0,0.0,0.5,0.1,-9.1,-9.1,-9.1,-9.1,1.0,0.0,18.0,0.0,0.5,0.1,12.5,19.5,26.5,19.5,2.0,14.5,16.0,0.5,0.7,0.2,15.0,20.0,25.0,20.0,2.0,15.0,16.0,0.5,0.7,0.2
1974,2,53.0,-4.0,27.5,27.7,27.9,27.7,2.0,0.42,22.0,0.0,0.4,0.7,25.74,26.25,26.76,26.25,2.0,1.06,22.0,0.0,0.4,0.7,16.68,17.42,18.17,17.42,2.0,1.55,22.0,0.0,0.4,0.7,80.5,81.6,82.7,81.6,2.0,2.2,22.0,0.0,0.7,2.58,3.6,4.62,3.6,2.0,2.12,22.0,0.0,0.4,0.7,0.71,1.46,2.2,1.46,2.0,1.55,22.0,0.0,0.4,0.7,-4.04,-3.24,-2.44,-3.24,2.0,1.66,22.0,0.0,0.4,0.7,1009.48,1010.5,1011.52,1010.5,2.0,2.12,22.0,0.0,0.4,0.7,1.6,3.0,4.4,3.0,2.0,2.8,22.0,0.0,0.4,0.7,2.7,6.9,11.1,6.9,2.0,8.7,22.0,0.0,0.4,0.7,-19.6,-13.4,-7.2,-13.4,2.0,12.9,22.0,0.0,0.4,0.7,1.14,1.45,1.76,1.45,2.0,0.64,22.0,0.0,0.4,0.7,4.2,4.5,4.9,4.5,2.0,0.8,22.0,0.0,0.4,0.7,5.4,5.88,6.37,5.88,2.0,1.01,22.0,0.0,0.4,0.7,15.8,20.1,24.4,20.1,2.0,8.8,22.0,0.0,0.4,0.7,18.7,39.1,59.4,39.1,2.0,42.1,22.0,0.0,0.4,0.7,-108.7,-86.0,-63.3,-86.0,2.0,47.0,22.0,0.0,0.4,0.7,12.5,26.6,40.7,26.6,2.0,29.2,22.0,0.0,0.4,0.7,-74.2,-57.8,-41.4,-57.8,2.0,34.0,22.0,0.0,0.4,0.7,4.1,7.8,11.5,7.8,2.0,7.6,22.0,0.0,0.4,0.7,-21.4,-18.2,-15.1,-18.2,2.0,6.5,22.0,0.0,0.4,0.7,29.0,71.0,113.0,71.0,2.0,87.0,22.0,0.0,0.4,0.7,30.0,70.0,115.0,70.0,2.0,85.0,22.0,0.0,0.4,0.7
1974,2,53.0,-2.0,26.82,27.3,27.44,27.13,3.0,0.47,18.0,0.7,0.1,0.4,26.86,27.0,27.68,27.27,3.0,0.64,18.0,0.7,0.1,0.4,17.95,18.21,18.31,18.14,3.0,0.27,18.0,0.7,0.1,0.4,78.7,81.2,81.5,80.1,3.0,2.3,18.0,0.7,0.4,3.39,5.1,6.53,4.97,3.0,2.3,18.0,0.7,0.1,0.4,-2.87,-1.3,-1.02,-1.93,3.0,1.46,18.0,0.7,0.1,0.4,-5.85,-5.02,-3.13,-4.5,3.0,2.04,18.0,0.7,0.1,0.4,1008.93,1010.5,1012.27,1010.6,3.0,2.45,18.0,0.7,0.1,0.4,1.6,3.0,3.0,2.3,3.0,1.2,18.0,0.7,0.1,0.4,-19.1,-4.5,-3.7,-11.3,3.0,12.7,18.0,0.7,0.1,0.4,-38.8,-25.6,-12.1,-25.5,3.0,19.5,18.0,0.7,0.1,0.4,-0.54,-0.2,0.28,-0.13,3.0,0.6,18.0,0.7,0.1,0.4,-2.6,-0.5,2.3,-0.2,3.0,3.6,18.0,0.7,0.1,0.4,4.1,4.45,4.7,4.4,3.0,0.44,18.0,0.7,0.1,0.4,14.2,22.7,30.9,22.5,3.0,12.2,18.0,0.7,0.1,0.4,-77.4,-34.8,-28.0,-52.3,3.0,39.2,18.0,0.7,0.1,0.4,-159.6,-140.6,-85.8,-123.1,3.0,56.1,18.0,0.7,0.1,0.4,-52.1,-23.2,-18.5,-35.0,3.0,26.7,18.0,0.7,0.1,0.4,-106.8,-92.2,-56.7,-82.0,3.0,37.8,18.0,0.7,0.1,0.4,-13.5,-5.1,-4.3,-8.8,3.0,7.4,18.0,0.7,0.1,0.4,-27.6,-22.3,-13.1,-20.4,3.0,10.7,18.0,0.7,0.1,0.4,54.0,132.5,297.0,174.5,3.0,181.5,18.0,0.7,0.1,0.4,55.0,135.0,295.0,175.0,3.0,180.0,18.0,0.7,0.1,0.4
1974,2,53.0,-1.0,28.5,28.5,28.5,28.5,1.0,0.0,24.0,1.0,0.2,0.5,30.5,30.5,30.5,30.5,1.0,0.0,24.0,1.0,0.2,0.5,19.97,19.97,19.97,19.97,1.0,0.0,24.0,1.0,0.2,0.5,72.9,72.9,72.9,72.9,1.0,0.0,24.0,1.0,0.5,5.1,5.1,5.1,5.1,1.0,0.0,24.0,1.0,0.2,0.5,-0.89,-0.89,-0.89,-0.89,1.0,0.0,24.0,1.0,0.2,0.5,-5.02,-5.02,-5.02,-5.02,1.0,0.0,24.0,1.0,0.2,0.5,1009.1,1009.1,1009.1,1009.1,1.0,0.0,24.0,1.0,0.2,0.5,2.0,2.0,2.0,2.0,1.0,0.0,24.0,1.0,0.2,0.5,-4.5,-4.5,-4.5,-4.5,1.0,0.0,24.0,1.0,0.2,0.5,-25.6,-25.6,-25.6,-25.6,1.0,0.0,24.0,1.0,0.2,0.5,-2.0,-2.0,-2.0,-2.0,1.0,0.0,24.0,1.0,0.2,0.5,-10.2,-10.2,-10.2,-10.2,1.0,0.0,24.0,1.0,0.2,0.5,4.5,4.5,4.5,4.5,1.0,0.0,24.0,1.0,0.2,0.5,22.9,22.9,22.9,22.9,1.0,0.0,24.0,1.0,0.2,0.5,-27.0,-27.0,-27.0,-27.0,1.0,0.0,24.0,1.0,0.2,0.5,-153.2,-153.2,-153.2,-153.2,1.0,0.0,24.0,1.0,0.2,0.5,-17.7,-17.7,-17.7,-17.7,1.0,0.0,24.0,1.0,0.2,0.5,-100.3,-100.3,-100.3,-100.3,1.0,0.0,24.0,1.0,0.2,0.5,-4.0,-4.0,-4.0,-4.0,1.0,0.0,24.0,1.0,0.2,0.5,-22.6,-22.6,-22.6,-22.6,1.0,0.0,24.0,1.0,0.2,0.5,132.5,132.5,132.5,132.5,1.0,0.0,24.0,1.0,0.2,0.5,135.0,135.0,135.0,135.0,1.0,0.0,24.0,1.0,0.2,0.5
1974,2,53.0,0.0,27.0,27.0,27.0,27.0,2.0,0.0,12.0,1.0,0.4,0.5,27.71,29.25,30.79,29.25,2.0,3.18,12.0,1.0,0.4,0.5,15.48,15.48,15.48,15.48,1.0,0.0,18.0,1.0,0.8,0.9,69.7,69.7,69.7,69.7,1.0,0.0,18.0,1.0,0.9,4.82,5.3,5.78,5.3,2.0,0.99,12.0,1.0,0.4,0.5,-3.8,-3.69,-3.58,-3.69,2.0,0.24,12.0,1.0,0.4,0.5,-4.34,-3.78,-3.22,-3.78,2.0,1.16,12.0,1.0,0.4,0.5,1010.56,1011.55,1012.54,1011.55,2.0,2.05,12.0,1.0,0.4,0.5,1.2,1.5,1.8,1.5,2.0,0.7,12.0,1.0,0.4,0.5,-22.0,-19.7,-17.3,-19.7,2.0,4.9,12.0,1.0,0.4,0.5,-25.4,-20.6,-15.8,-20.6,2.0,9.9,12.0,1.0,0.4,0.5,-3.79,-2.25,-0.71,-2.25,2.0,3.18,12.0,1.0,0.4,0.5,-22.7,-13.5,-4.3,-13.5,2.0,19.1,12.0,1.0,0.4,0.5,6.82,6.82,6.82,6.82,1.0,0.0,18.0,1.0,0.8,0.9,31.4,31.4,31.4,31.4,1.0,0.0,18.0,1.0,0.8,0.9,-117.3,-108.3,-99.3,-108.3,2.0,18.6,12.0,1.0,0.4,0.5,-134.5,-112.3,-90.1,-112.3,2.0,45.9,12.0,1.0,0.4,0.5,-54.5,-54.5,-54.5,-54.5,1.0,0.0,18.0,1.0,0.8,0.9,-45.8,-45.8,-45.8,-45.8,1.0,0.0,18.0,1.0,0.8,0.9,-24.0,-24.0,-24.0,-24.0,1.0,0.0,18.0,1.0,0.8,0.9,-20.2,-20.2,-20.2,-20.2,1.0,0.0,18.0,1.0,0.8,0.9,116.0,156.5,197.0,156.5,2.0,84.0,12.0,1.0,0.4,0.5,115.0,155.0,195.0,155.0,2.0,85.0,12.0,1.0,0.4,0.5
1974,2,53.0,1.0,,,,,,,,,,,,,,,,,,,,,,,,,,,,,,,,,,,,,,,,5.0,5.0,5.0,5.0,1.0,0.0,6.0,1.0,0.9,0.6,-3.21,-3.21,-3.21,-3.21,1.0,0.0,6.0,1.0,0.9,0.6,-3.83,-3.83,-3.83,-3.83,1.0,0.0,6.0,1.0,0.9,0.6,1014.5,1014.5,1014.5,1014.5,1.0,0.0,6.0,1.0,0.9,0.6,,,,,,,,,,,,,,,,,,,,,,,,,,,,,,,,,,,,,,,,,,,,,,,,,,,,,,,,,,,,,,,,,,,,,,,,,,,,,,,,,,,,,,,,,,,,,,,,,,,,,,,,,,,,,,,,,,,,,,,,,,,,,,,,,,,,,,,,,,,,,,,,,,,,,,
1974,2,53.0,2.0,26.74,27.25,27.76,27.25,2.0,1.06,10.0,1.0,0.2,0.4,26.85,27.6,28.35,27.6,2.0,1.56,10.0,1.0,0.2,0.4,20.8,20.8,20.8,20.8,1.0,0.0,6.0,1.0,0.2,0.4,95.9,95.9,95.9,95.9,1.0,0.0,6.0,1.0,0.4,7.27,7.85,8.43,7.85,2.0,1.2,10.0,1.0,0.2,0.4,-4.7,-2.8,-0.89,-2.8,2.0,3.95,10.0,1.0,0.2,0.4,-6.95,-6.83,-6.72,-6.83,2.0,0.24,10.0,1.0,0.2,0.4,1010.7,1010.7,1010.7,1010.7,1.0,0.0,6.0,1.0,0.2,0.4,3.0,3.0,3.0,3.0,2.0,0.0,10.0,1.0,0.2,0.4,-40.9,-24.3,-7.7,-24.3,2.0,34.4,10.0,1.0,0.2,0.4,-56.6,-53.5,-50.4,-53.5,2.0,6.4,10.0,1.0,0.2,0.4,-0.59,-0.35,-0.11,-0.35,2.0,0.49,10.0,1.0,0.2,0.4,-4.1,-2.4,-0.8,-2.4,2.0,3.5,10.0,1.0,0.2,0.4,0.89,0.89,0.89,0.89,1.0,0.0,6.0,1.0,0.2,0.4,7.8,7.8,7.8,7.8,1.0,0.0,6.0,1.0,0.2,0.4,-124.7,-74.1,-23.5,-74.1,2.0,104.8,10.0,1.0,0.2,0.4,-197.0,-188.8,-180.5,-188.8,2.0,17.2,10.0,1.0,0.2,0.4,-116.3,-116.3,-116.3,-116.3,1.0,0.0,6.0,1.0,0.2,0.4,-138.6,-138.6,-138.6,-138.6,1.0,0.0,6.0,1.0,0.2,0.4,-5.0,-5.0,-5.0,-5.0,1.0,0.0,6.0,1.0,0.2,0.4,-5.9,-5.9,-5.9,-5.9,1.0,0.0,6.0,1.0,0.2,0.4,393.0,501.0,608.5,501.0,2.0,223.0,10.0,1.0,0.2,0.4,395.0,500.0,610.0,500.0,2.0,225.0,10.0,1.0,0.2,0.4
1974,2,53.0,3.0,26.02,26.5,26.7,26.37,3.0,0.51,6.0,0.3,0.6,0.5,25.52,26.0,27.57,26.53,3.0,1.57,6.0,0.3,0.6,0.5,16.66,17.61,18.83,17.74,3.0,1.59,6.0,0.3,0.6,0.5,75.7,80.5,88.3,82.0,3.0,9.4,6.0,0.3,0.5,6.18,7.2,8.22,7.2,2.0,2.12,4.0,0.0,0.5,0.5,-5.16,-4.22,-3.29,-4.22,2.0,1.94,4.0,0.0,0.5,0.5,-6.39,-5.8,-5.21,-5.8,2.0,1.22,4.0,0.0,0.5,0.5,1008.81,1009.7,1012.09,1010.43,3.0,2.48,6.0,0.3,0.6,0.5,1.3,2.0,2.7,2.0,3.0,1.0,6.0,0.3,0.6,0.5,-43.5,-32.4,-21.4,-32.4,2.0,22.9,4.0,0.0,0.5,0.5,-53.2,-43.1,-32.9,-43.1,2.0,21.1,4.0,0.0,0.5,0.5,-0.87,0.5,0.5,-0.17,3.0,1.15,6.0,0.3,0.6,0.5,3.1,3.6,4.1,3.6,2.0,1.1,4.0,0.0,0.5,0.5,3.01,4.41,4.54,3.79,3.0,1.25,6.0,0.3,0.6,0.5,21.4,23.3,25.3,23.3,2.0,4.1,4.0,0.0,0.5,0.5,-133.8,-108.8,-83.7,-108.8,2.0,51.8,4.0,0.0,0.5,0.5,-165.6,-149.1,-132.6,-149.1,2.0,34.2,4.0,0.0,0.5,0.5,-98.6,-77.3,-56.1,-77.3,2.0,44.0,4.0,0.0,0.5,0.5,-121.4,-104.6,-87.9,-104.6,2.0,34.8,4.0,0.0,0.5,0.5,-13.1,-13.1,-13.1,-13.1,2.0,0.0,4.0,0.0,0.5,0.5,-21.6,-19.2,-16.8,-19.2,2.0,5.0,4.0,0.0,0.5,0.5,260.5,422.0,583.5,422.0,2.0,334.5,4.0,0.0,0.5,0.5,260.0,420.0,585.0,420.0,2.0,335.0,4.0,0.0,0.5,0.5
1974,2,53.0,5.0,25.82,26.3,26.78,26.3,2.0,0.99,10.0,0.5,0.2,0.3,25.75,26.5,27.25,26.5,2.0,1.56,10.0,0.5,0.2,0.3,16.07,16.07,16.07,16.07,1.0,0.0,20.0,0.0,0.2,0.5,79.5,79.5,79.5,79.5,1.0,0.0,20.0,0.0,0.5,6.49,7.1,7.71,7.1,2.0,1.27,10.0,0.5,0.2,0.3,-7.26,-5.93,-4.6,-5.93,2.0,2.75,10.0,0.5,0.2,0.3,-4.22,-3.07,-1.92,-3.07,2.0,2.38,10.0,0.5,0.2,0.3,1011.83,1012.1,1012.37,1012.1,2.0,0.57,10.0,0.5,0.2,0.3,2.0,2.0,2.0,2.0,2.0,0.0,10.0,0.5,0.2,0.3,-56.9,-43.9,-30.8,-43.9,2.0,27.1,10.0,0.5,0.2,0.3,-26.5,-20.3,-14.0,-20.3,2.0,13.0,10.0,0.5,0.2,0.3,-0.47,-0.2,0.07,-0.2,2.0,0.57,10.0,0.5,0.2,0.3,-3.8,-1.8,0.3,-1.8,2.0,4.3,10.0,0.5,0.2,0.3,4.44,4.44,4.44,4.44,1.0,0.0,20.0,0.0,0.2,0.5,27.5,27.5,27.5,27.5,1.0,0.0,20.0,0.0,0.2,0.5,-199.0,-159.3,-119.7,-159.3,2.0,82.2,10.0,0.5,0.2,0.3,-107.6,-79.5,-51.4,-79.5,2.0,58.2,10.0,0.5,0.2,0.3,-64.1,-64.1,-64.1,-64.1,1.0,0.0,20.0,0.0,0.2,0.5,-76.3,-76.3,-76.3,-76.3,1.0,0.0,20.0,0.0,0.2,0.5,-17.7,-17.7,-17.7,-17.7,1.0,0.0,20.0,0.0,0.2,0.5,-21.1,-21.1,-21.1,-21.1,1.0,0.0,20.0,0.0,0.2,0.5,282.0,375.0,468.5,375.0,2.0,193.5,10.0,0.5,0.2,0.3,280.0,375.0,470.0,375.0,2.0,195.0,10.0,0.5,0.2,0.3
1974,2,53.0,6.0,,,,,,,,,,,,,,,,,,,,,,,,,,,,,,,,,,,,,,,,8.49,10.0,10.0,9.2,5.0,1.68,16.0,0.4,0.4,0.4,-8.03,-5.37,-3.4,-5.69,5.0,2.42,16.0,0.4,0.4,0.4,-9.28,-6.43,-4.31,-6.63,5.0,2.71,16.0,0.4,0.4,0.4,1012.35,1013.75,1014.31,1013.35,4.0,1.38,18.0,0.3,0.5,0.4,,,,,,,,,,,,,,,,,,,,,,,,,,,,,,,,,,,,,,,,,,,,,,,,,,,,,,,,,,,,,,,,,,,,,,,,,,,,,,,,,,,,,,,,,,,,,,,,,,,,,,,,,,,,,,,,,,,,,,,,,,,,,,,,,,,,,,,,,,,,,,,,,,,,,,
1974,2,53.0,7.0,25.91,26.05,26.49,26.15,8.0,0.36,16.0,0.6,0.2,0.5,25.08,26.0,26.37,25.89,9.0,0.7,16.0,0.6,0.2,0.5,14.32,15.17,18.08,15.81,7.0,2.11,16.0,0.7,0.3,0.5,70.2,71.6,88.9,76.2,7.0,10.0,16.0,0.7,0.5,4.73,6.2,9.14,6.58,9.0,2.36,16.0,0.6,0.2,0.5,-6.05,-4.31,-2.66,-4.32,9.0,2.11,16.0,0.6,0.2,0.5,-6.87,-3.99,-3.01,-4.63,9.0,2.17,16.0,0.6,0.2,0.5,1010.43,1014.0,1014.2,1012.74,9.0,2.27,16.0,0.6,0.2,0.5,1.0,1.0,4.2,2.0,9.0,1.8,16.0,0.6,0.2,0.5,-54.1,-29.4,-13.2,-31.6,9.0,22.2,16.0,0.6,0.2,0.5,-63.0,-24.7,-17.0,-33.7,9.0,26.0,16.0,0.6,0.2,0.5,-0.38,0.2,1.04,0.25,8.0,0.82,16.0,0.6,0.2,0.5,-3.3,0.8,6.5,1.0,8.0,5.0,16.0,0.6,0.2,0.5,2.92,5.77,6.92,5.41,7.0,2.2,16.0,0.7,0.3,0.5,16.7,31.7,50.8,33.7,7.0,19.6,16.0,0.7,0.3,0.5,-158.4,-116.3,-67.6,-112.2,9.0,55.1,16.0,0.6,0.2,0.5,-181.6,-99.2,-78.1,-120.3,9.0,58.1,16.0,0.6,0.2,0.5,-87.3,-56.3,-32.7,-61.8,7.0,34.0,16.0,0.7,0.3,0.5,-85.7,-67.1,-43.2,-69.8,7.0,32.5,16.0,0.7,0.3,0.5,-23.1,-20.4,-8.4,-20.1,7.0,13.4,16.0,0.7,0.3,0.5,-39.0,-17.2,-11.6,-24.9,7.0,18.2,16.0,0.7,0.3,0.5,107.0,238.5,765.0,381.0,9.0,334.0,16.0,0.6,0.2,0.5,105.0,240.0,765.0,380.0,9.0,335.0,16.0,0.6,0.2,0.5
1974,2,53.0,8.0,25.49,26.0,27.0,26.11,26.0,0.84,16.0,0.3,0.3,0.5,24.66,25.2,26.14,25.32,28.0,1.0,16.0,0.4,0.3,0.5,14.19,15.15,16.29,15.17,23.0,1.06,16.0,0.3,0.4,0.5,71.6,76.2,80.4,75.4,23.0,5.0,16.0,0.3,0.5,4.58,7.2,8.22,6.96,26.0,2.28,16.0,0.4,0.4,0.5,-6.24,-4.49,-2.46,-4.38,26.0,1.6,16.0,0.4,0.4,0.5,-6.3,-5.39,-3.1,-5.1,26.0,2.47,16.0,0.4,0.4,0.5,1010.96,1012.6,1014.44,1012.53,28.0,2.03,16.0,0.4,0.3,0.5,1.0,2.5,4.0,2.8,28.0,1.7,16.0,0.4,0.3,0.5,-45.6,-33.3,-12.8,-32.9,26.0,19.2,16.0,0.4,0.4,0.5,-51.6,-39.7,-11.2,-40.1,26.0,30.2,16.0,0.4,0.4,0.5,-0.02,1.05,1.51,0.89,26.0,1.15,16.0,0.3,0.3,0.5,1.1,5.9,12.6,6.3,24.0,6.8,16.0,0.3,0.3,0.5,4.71,5.92,7.24,5.92,21.0,1.49,16.0,0.3,0.4,0.6,31.1,42.7,51.3,40.5,19.0,13.3,16.0,0.3,0.4,0.6,-158.3,-113.2,-64.9,-111.1,26.0,41.0,16.0,0.4,0.4,0.5,-166.3,-136.9,-79.4,-129.2,26.0,62.3,16.0,0.4,0.4,0.5,-98.8,-67.7,-40.9,-68.1,21.0,25.8,18.0,0.4,0.4,0.5,-95.7,-82.1,-40.4,-70.1,21.0,32.2,18.0,0.4,0.4,0.5,-34.6,-29.3,-13.6,-26.6,19.0,9.4,16.0,0.3,0.4,0.6,-39.7,-32.7,-15.6,-28.2,19.0,15.2,16.0,0.3,0.4,0.6,96.5,373.0,555.0,443.0,26.0,425.5,16.0,0.4,0.4,0.5,95.0,375.0,555.0,445.0,26.0,425.0,16.0,0.4,0.4,0.5
1974,2,53.0,9.0,26.0,26.3,27.0,26.35,36.0,0.82,14.0,0.6,0.5,0.4,24.9,25.7,26.9,25.83,39.0,1.28,14.0,0.6,0.5,0.4,14.07,15.54,16.53,15.6,29.0,1.56,14.0,0.7,0.5,0.4,68.9,73.5,79.9,74.5,29.0,5.6,14.0,0.7,0.4,4.96,6.2,9.0,6.91,37.0,2.49,14.0,0.6,0.5,0.4,-6.3,-5.27,-3.25,-4.85,37.0,1.65,14.0,0.6,0.5,0.4,-6.79,-3.99,-1.76,-4.43,37.0,2.86,14.0,0.6,0.5,0.4,1011.27,1013.0,1015.64,1013.36,37.0,2.06,14.0,0.6,0.5,0.4,2.0,3.0,6.0,3.5,39.0,2.1,14.0,0.6,0.5,0.4,-46.0,-33.8,-17.9,-36.1,37.0,20.9,14.0,0.6,0.5,0.4,-58.2,-25.9,-6.3,-36.5,37.0,36.6,14.0,0.6,0.5,0.4,-0.63,0.55,1.89,0.54,36.0,1.6,14.0,0.6,0.5,0.4,-4.4,3.5,11.1,3.3,34.0,12.8,14.0,0.6,0.5,0.4,5.0,5.96,7.41,5.87,28.0,1.66,14.0,0.7,0.5,0.4,17.7,36.3,55.6,37.2,26.0,18.2,14.0,0.7,0.5,0.4,-162.4,-138.1,-84.6,-125.1,37.0,42.1,14.0,0.6,0.5,0.4,-176.6,-109.4,-44.8,-114.4,37.0,73.7,14.0,0.6,0.5,0.4,-93.0,-78.7,-50.9,-72.0,27.0,24.6,14.0,0.7,0.5,0.4,-110.6,-45.4,-16.5,-63.9,27.0,44.1,14.0,0.7,0.5,0.4,-34.9,-30.7,-11.4,-26.3,26.0,11.5,14.0,0.7,0.5,0.4,-38.4,-16.3,-6.0,-22.7,26.0,19.5,14.0,0.7,0.5,0.4,122.5,238.5,729.0,462.0,37.0,543.0,14.0,0.6,0.5,0.4,125.0,240.0,730.0,460.0,37.0,545.0,14.0,0.6,0.5,0.4
1974,2,53.0,10.0,25.1,25.6,26.33,25.74,22.0,0.69,12.0,0.5,0.6,0.4,24.32,25.4,26.98,25.85,21.0,1.82,12.0,0.6,0.6,0.4,13.46,14.57,15.67,14.61,17.0,1.4,12.0,0.6,0.6,0.4,62.9,71.4,77.5,71.0,17.0,7.3,12.0,0.6,0.4,3.43,6.95,9.93,6.75,22.0,2.72,12.0,0.5,0.6,0.4,-7.36,-4.95,-2.76,-4.98,22.0,2.29,12.0,0.5,0.6,0.4,-6.25,-3.91,-2.01,-4.16,22.0,2.39,12.0,0.5,0.6,0.4,1011.32,1012.6,1013.98,1012.88,21.0,1.53,12.0,0.6,0.6,0.4,1.0,3.0,6.0,3.5,22.0,2.3,12.0,0.5,0.6,0.4,-67.4,-36.8,-9.6,-38.5,22.0,28.2,12.0,0.5,0.6,0.4,-54.7,-25.9,-6.9,-32.9,22.0,27.8,12.0,0.5,0.6,0.4,-1.33,0.3,1.37,-0.12,21.0,2.03,12.0,0.6,0.6,0.4,-8.3,1.4,5.9,-1.8,21.0,15.6,12.0,0.6,0.6,0.4,4.77,5.49,8.32,6.1,17.0,1.81,12.0,0.6,0.6,0.4,21.4,34.8,52.3,37.8,17.0,20.3,12.0,0.6,0.6,0.4,-169.7,-119.3,-65.9,-124.8,21.0,58.8,12.0,0.6,0.6,0.4,-172.6,-99.2,-48.6,-107.4,21.0,63.5,12.0,0.6,0.6,0.4,-91.0,-69.3,-31.6,-64.9,17.0,29.0,12.0,0.6,0.6,0.4,-93.7,-58.5,-25.6,-61.8,17.0,35.1,12.0,0.6,0.6,0.4,-36.1,-22.4,-14.0,-26.2,17.0,15.3,12.0,0.6,0.6,0.4,-35.4,-21.4,-13.3,-25.3,17.0,16.8,12.0,0.6,0.6,0.4,43.0,337.0,980.5,448.5,22.0,426.0,12.0,0.5,0.6,0.4,45.0,335.0,980.0,450.0,22.0,425.0,12.0,0.5,0.6,0.4
1974,2,53.0,11.0,24.99,25.0,26.01,25.36,7.0,0.58,14.0,0.7,0.5,0.5,25.13,26.4,29.17,26.84,8.0,1.89,16.0,0.8,0.5,0.6,14.24,15.6,17.08,15.6,8.0,1.31,16.0,0.8,0.5,0.6,61.8,72.9,76.5,71.2,8.0,7.7,16.0,0.8,0.6,6.26,7.95,9.3,7.98,8.0,1.99,16.0,0.8,0.5,0.6,-8.59,-7.35,-5.8,-7.03,8.0,1.55,16.0,0.8,0.5,0.6,-5.69,-2.65,-1.35,-2.76,8.0,3.01,16.0,0.8,0.5,0.6,1013.29,1014.55,1015.82,1014.4,8.0,2.02,16.0,0.8,0.5,0.6,1.0,2.0,3.0,2.0,7.0,1.3,16.0,0.9,0.5,0.6,-79.6,-62.3,-36.4,-58.4,8.0,25.0,16.0,0.8,0.5,0.6,-52.7,-17.8,-10.4,-26.5,8.0,29.7,16.0,0.8,0.5,0.6,-3.46,-0.7,0.05,-1.41,7.0,2.09,14.0,0.7,0.5,0.5,-26.3,-6.5,0.4,-9.4,7.0,13.8,14.0,0.7,0.5,0.5,3.84,5.3,5.7,4.83,7.0,1.18,14.0,0.7,0.5,0.5,23.7,43.2,53.7,39.1,7.0,16.5,14.0,0.7,0.5,0.5,-222.8,-191.4,-148.7,-188.1,8.0,41.0,16.0,0.8,0.5,0.6,-144.6,-73.5,-36.0,-72.2,8.0,77.6,16.0,0.8,0.5,0.6,-129.6,-105.6,-92.5,-109.0,8.0,24.0,16.0,0.8,0.5,0.6,-78.5,-44.0,-20.2,-41.4,8.0,46.1,16.0,0.8,0.5,0.6,-45.9,-40.9,-22.2,-34.1,7.0,13.4,14.0,0.7,0.5,0.5,-34.5,-8.3,-6.8,-15.3,7.0,16.0,14.0,0.7,0.5,0.5,245.5,504.0,804.5,591.5,8.0,423.5,16.0,0.8,0.5,0.6,245.0,505.0,805.0,590.0,8.0,425.0,16.0,0.8,0.5,0.6
1974,2,53.0,12.0,25.0,25.0,26.37,25.67,3.0,1.15,14.0,0.7,0.3,0.0,24.22,24.9,27.02,25.6,3.0,2.14,14.0,0.7,0.3,0.0,14.11,14.65,15.19,14.65,2.0,1.11,18.0,0.5,0.3,0.0,66.9,70.2,73.5,70.2,2.0,6.8,18.0,0.5,0.0,3.73,4.0,4.75,4.23,3.0,0.78,14.0,0.7,0.3,0.0,-4.57,-3.6,-2.9,-3.73,3.0,1.23,14.0,0.7,0.3,0.0,-2.37,-0.89,-0.28,-1.32,3.0,1.58,14.0,0.7,0.3,0.0,1009.91,1010.8,1012.1,1011.0,3.0,1.61,14.0,0.7,0.3,0.0,4.0,6.0,7.4,5.7,3.0,2.5,14.0,0.7,0.3,0.0,-21.6,-13.0,-11.1,-16.3,3.0,8.2,14.0,0.7,0.3,0.0,-9.8,-4.5,-1.4,-5.6,3.0,6.2,14.0,0.7,0.3,0.0,-1.7,1.1,1.78,0.07,3.0,2.7,14.0,0.7,0.3,0.0,-9.2,4.0,7.0,-1.0,3.0,12.6,14.0,0.7,0.3,0.0,4.65,5.18,5.71,5.18,2.0,1.09,18.0,0.5,0.3,0.0,21.6,22.0,22.3,22.0,2.0,0.7,18.0,0.5,0.3,0.0,-123.3,-86.0,-71.0,-96.9,3.0,39.4,14.0,0.7,0.3,0.0,-60.0,-24.8,-7.9,-33.7,3.0,38.9,14.0,0.7,0.3,0.0,-73.1,-63.7,-54.3,-63.7,2.0,19.5,18.0,0.5,0.3,0.0,-11.5,-6.8,-2.2,-6.8,2.0,9.7,18.0,0.5,0.3,0.0,-22.0,-21.8,-21.6,-21.8,2.0,0.5,18.0,0.5,0.3,0.0,-3.3,-2.0,-0.6,-2.0,2.0,2.8,18.0,0.5,0.3,0.0,52.0,64.0,111.0,81.0,3.0,45.5,14.0,0.7,0.3,0.0,50.0,65.0,110.0,80.0,3.0,45.0,14.0,0.7,0.3,0.0
1974,2,53.0,14.0,25.0,25.0,25.0,25.0,2.0,0.0,2.0,0.5,0.4,0.5,23.67,24.45,25.23,24.45,2.0,1.63,2.0,0.5,0.4,0.5,13.19,13.21,13.23,13.21,2.0,0.04,2.0,0.5,0.4,0.5,66.0,69.4,72.8,69.4,2.0,7.1,2.0,0.5,0.5,1.6,1.8,2.0,1.8,2.0,0.42,2.0,0.5,0.4,0.5,-1.14,-0.67,-0.21,-0.67,2.0,0.95,2.0,0.5,0.4,0.5,-1.59,-1.55,-1.52,-1.55,2.0,0.08,2.0,0.5,0.4,0.5,1010.88,1011.7,1012.52,1011.7,2.0,1.7,2.0,0.5,0.4,0.5,0.2,0.5,0.8,0.5,2.0,0.7,2.0,0.5,0.4,0.5,-2.4,-1.4,-0.4,-1.4,2.0,2.0,2.0,0.5,0.4,0.5,-3.2,-2.8,-2.4,-2.8,2.0,0.8,2.0,0.5,0.4,0.5,-0.23,0.55,1.33,0.55,2.0,1.63,2.0,0.5,0.4,0.5,-0.2,1.3,2.9,1.3,2.0,3.2,2.0,0.5,0.4,0.5,6.56,6.59,6.63,6.59,2.0,0.07,2.0,0.5,0.4,0.5,10.6,11.8,13.1,11.8,2.0,2.7,2.0,0.5,0.4,0.5,-26.5,-15.7,-5.0,-15.7,2.0,22.2,2.0,0.5,0.4,0.5,-38.3,-37.9,-37.6,-37.9,2.0,0.6,2.0,0.5,0.4,0.5,-15.0,-8.9,-2.8,-8.9,2.0,12.6,2.0,0.5,0.4,0.5,-21.1,-20.5,-20.0,-20.5,2.0,1.1,2.0,0.5,0.4,0.5,-7.4,-4.4,-1.4,-4.4,2.0,6.2,2.0,0.5,0.4,0.5,-10.4,-10.2,-10.1,-10.2,2.0,0.4,2.0,0.5,0.4,0.5,4.5,6.5,8.5,6.5,2.0,4.0,2.0,0.5,0.4,0.5,5.0,5.0,10.0,5.0,2.0,5.0,2.0,0.5,0.4,0.5
1974,2,53.0,15.0,,,,,,,,,,,,,,,,,,,,,,,,,,,,,,,,,,,,,,,,4.0,4.0,4.0,4.0,1.0,0.0,12.0,0.0,0.2,0.9,-3.76,-3.76,-3.76,-3.76,1.0,0.0,12.0,0.0,0.2,0.9,-1.37,-1.37,-1.37,-1.37,1.0,0.0,12.0,0.0,0.2,0.9,1014.4,1014.4,1014.4,1014.4,1.0,0.0,12.0,0.0,0.2,0.9,,,,,,,,,,,,,,,,,,,,,,,,,,,,,,,,,,,,,,,,,,,,,,,,,,,,,,,,,,,,,,,,,,,,,,,,,,,,,,,,,,,,,,,,,,,,,,,,,,,,,,,,,,,,,,,,,,,,,,,,,,,,,,,,,,,,,,,,,,,,,,,,,,,,,,
1974,2,53.0,16.0,25.6,25.8,26.0,25.8,2.0,0.42,16.0,0.0,0.5,0.3,24.59,25.2,26.09,25.33,3.0,1.11,20.0,0.3,0.5,0.2,7.72,10.97,14.22,10.97,2.0,6.73,24.0,0.5,0.3,0.2,39.3,53.0,66.8,53.0,2.0,28.4,24.0,0.5,0.2,2.27,5.0,5.48,3.9,3.0,2.54,20.0,0.3,0.5,0.2,-3.73,-0.98,3.06,-0.35,3.0,5.0,20.0,0.3,0.5,0.2,-1.95,0.0,0.12,-0.89,3.0,1.7,20.0,0.3,0.5,0.2,1013.04,1015.5,1015.98,1014.53,3.0,2.31,20.0,0.3,0.5,0.2,0.0,0.0,0.0,0.0,3.0,0.0,20.0,0.3,0.5,0.2,-17.4,-1.0,18.9,0.7,3.0,26.6,20.0,0.3,0.5,0.2,-11.1,0.0,0.1,-5.4,3.0,9.4,20.0,0.3,0.5,0.2,0.54,1.05,1.56,1.05,2.0,1.06,16.0,0.0,0.5,0.3,2.9,5.9,8.9,5.9,2.0,6.2,16.0,0.0,0.5,0.3,14.95,14.95,14.95,14.95,1.0,0.0,22.0,0.0,0.1,0.4,85.2,85.2,85.2,85.2,1.0,0.0,22.0,0.0,0.1,0.4,-94.3,-26.1,73.6,-10.7,3.0,123.7,20.0,0.3,0.5,0.2,-47.3,0.0,3.1,-21.6,3.0,41.4,20.0,0.3,0.5,0.2,-8.2,7.6,23.3,7.6,2.0,32.6,24.0,0.5,0.3,0.2,-14.4,-7.5,-0.5,-7.5,2.0,14.4,24.0,0.5,0.3,0.2,73.8,73.8,73.8,73.8,1.0,0.0,22.0,0.0,0.1,0.4,-42.6,-42.6,-42.6,-42.6,1.0,0.0,22.0,0.0,0.1,0.4,40.5,125.0,166.0,103.5,3.0,94.0,20.0,0.3,0.5,0.2,40.0,125.0,165.0,105.0,3.0,95.0,20.0,0.3,0.5,0.2
1974,2,53.0,26.0,19.57,20.1,21.14,20.54,19.0,1.26,18.0,0.5,0.5,0.5,18.79,19.0,21.14,19.57,19.0,1.61,18.0,0.5,0.5,0.5,7.98,10.32,12.02,9.99,9.0,2.13,20.0,0.7,0.4,0.5,58.2,67.2,85.1,70.9,9.0,14.5,20.0,0.7,0.5,2.09,7.2,9.83,6.31,19.0,3.57,18.0,0.5,0.5,0.5,-7.7,0.0,6.35,-0.5,19.0,6.19,18.0,0.5,0.5,0.5,-4.84,-1.03,0.3,-1.79,19.0,3.58,18.0,0.5,0.5,0.5,1013.94,1015.5,1017.93,1016.01,18.0,2.82,20.0,0.5,0.5,0.5,0.0,2.0,5.1,2.4,19.0,2.5,18.0,0.5,0.5,0.5,-59.4,0.0,48.2,-6.6,19.0,56.3,18.0,0.5,0.5,0.5,-32.5,-3.1,2.3,-15.3,19.0,34.0,18.0,0.5,0.5,0.5,-0.4,0.8,2.29,0.97,19.0,1.76,18.0,0.5,0.5,0.5,-2.3,4.0,14.5,4.4,19.0,12.8,18.0,0.5,0.5,0.5,2.5,4.15,6.86,4.61,9.0,2.22,20.0,0.7,0.4,0.5,6.1,20.0,55.7,28.8,9.0,25.3,20.0,0.7,0.4,0.5,-162.2,0.0,121.0,-15.5,19.0,124.8,18.0,0.5,0.5,0.5,-90.7,-22.6,6.3,-33.3,19.0,68.8,18.0,0.5,0.5,0.5,-73.0,0.0,36.1,-15.4,9.0,52.6,20.0,0.7,0.4,0.5,-64.2,0.0,0.0,-18.5,9.0,39.0,20.0,0.7,0.4,0.5,-18.3,0.0,24.6,1.4,9.0,23.5,20.0,0.7,0.4,0.5,-43.5,0.0,0.0,-15.5,9.0,27.3,20.0,0.7,0.4,0.5,9.0,373.0,949.5,464.0,19.0,479.0,18.0,0.5,0.5,0.5,10.0,375.0,950.0,465.0,19.0,480.0,18.0,0.5,0.5,0.5
1974,2,53.0,41.0,14.0,14.0,14.0,14.0,1.0,0.0,28.0,0.0,0.4,0.4,13.0,13.0,13.0,13.0,1.0,0.0,28.0,0.0,0.4,0.4,8.71,8.71,8.71,8.71,1.0,0.0,28.0,0.0,0.4,0.4,93.6,93.6,93.6,93.6,1.0,0.0,28.0,0.0,0.4,6.7,6.7,6.7,6.7,1.0,0.0,28.0,0.0,0.4,0.4,6.3,6.3,6.3,6.3,1.0,0.0,28.0,0.0,0.4,0.4,2.29,2.29,2.29,2.29,1.0,0.0,28.0,0.0,0.4,0.4,1011.1,1011.1,1011.1,1011.1,1.0,0.0,28.0,0.0,0.4,0.4,8.0,8.0,8.0,8.0,1.0,0.0,28.0,0.0,0.4,0.4,42.2,42.2,42.2,42.2,1.0,0.0,28.0,0.0,0.4,0.4,15.4,15.4,15.4,15.4,1.0,0.0,28.0,0.0,0.4,0.4,1.0,1.0,1.0,1.0,1.0,0.0,28.0,0.0,0.4,0.4,6.7,6.7,6.7,6.7,1.0,0.0,28.0,0.0,0.4,0.4,1.22,1.22,1.22,1.22,1.0,0.0,28.0,0.0,0.4,0.4,8.2,8.2,8.2,8.2,1.0,0.0,28.0,0.0,0.4,0.4,81.8,81.8,81.8,81.8,1.0,0.0,28.0,0.0,0.4,0.4,29.8,29.8,29.8,29.8,1.0,0.0,28.0,0.0,0.4,0.4,54.8,54.8,54.8,54.8,1.0,0.0,28.0,0.0,0.4,0.4,20.0,20.0,20.0,20.0,1.0,0.0,28.0,0.0,0.4,0.4,7.7,7.7,7.7,7.7,1.0,0.0,28.0,0.0,0.4,0.4,2.8,2.8,2.8,2.8,1.0,0.0,28.0,0.0,0.4,0.4,301.0,301.0,301.0,301.0,1.0,0.0,28.0,0.0,0.4,0.4,300.0,300.0,300.0,300.0,1.0,0.0,28.0,0.0,0.4,0.4
1974,2,54.0,-55.0,,,,,,,,,,,,,,,,,,,,,,,,,,,,,,,,,,,,,,,,11.8,11.8,11.8,11.8,1.0,0.0,28.0,1.0,0.1,0.4,5.9,5.9,5.9,5.9,1.0,0.0,28.0,1.0,0.1,0.4,-10.22,-10.22,-10.22,-10.22,1.0,0.0,28.0,1.0,0.1,0.4,999.9,999.9,999.9,999.9,1.0,0.0,28.0,1.0,0.1,0.4,,,,,,,,,,,,,,,,,,,,,,,,,,,,,,,,,,,,,,,,,,,,,,,,,,,,,,,,,,,,,,,,,,,,,,,,,,,,,,,,,,,,,,,,,,,,,,,,,,,,,,,,,,,,,,,,,,,,,,,,,,,,,,,,,,,,,,,,,,,,,,,,,,,,,,
1974,2,54.0,-47.0,5.8,5.8,5.8,5.8,1.0,0.0,2.0,1.0,0.0,0.2,8.6,8.6,8.6,8.6,1.0,0.0,2.0,1.0,0.0,0.2,6.16,6.16,6.16,6.16,1.0,0.0,2.0,1.0,0.0,0.2,89.1,89.1,89.1,89.1,1.0,0.0,2.0,1.0,0.2,8.7,8.7,8.7,8.7,1.0,0.0,2.0,1.0,0.0,0.2,-4.35,-4.35,-4.35,-4.35,1.0,0.0,2.0,1.0,0.0,0.2,-7.53,-7.53,-7.53,-7.53,1.0,0.0,2.0,1.0,0.0,0.2,1012.6,1012.6,1012.6,1012.6,1.0,0.0,2.0,1.0,0.0,0.2,7.0,7.0,7.0,7.0,1.0,0.0,2.0,1.0,0.0,0.2,-37.8,-37.8,-37.8,-37.8,1.0,0.0,2.0,1.0,0.0,0.2,-65.5,-65.5,-65.5,-65.5,1.0,0.0,2.0,1.0,0.0,0.2,-2.8,-2.8,-2.8,-2.8,1.0,0.0,2.0,1.0,0.0,0.2,-24.4,-24.4,-24.4,-24.4,1.0,0.0,2.0,1.0,0.0,0.2,-0.45,-0.45,-0.45,-0.45,1.0,0.0,2.0,1.0,0.0,0.2,-3.9,-3.9,-3.9,-3.9,1.0,0.0,2.0,1.0,0.0,0.2,-37.4,-37.4,-37.4,-37.4,1.0,0.0,2.0,1.0,0.0,0.2,-64.8,-64.8,-64.8,-64.8,1.0,0.0,2.0,1.0,0.0,0.2,-26.8,-26.8,-26.8,-26.8,1.0,0.0,2.0,1.0,0.0,0.2,-46.4,-46.4,-46.4,-46.4,1.0,0.0,2.0,1.0,0.0,0.2,2.0,2.0,2.0,2.0,1.0,0.0,2.0,1.0,0.0,0.2,3.4,3.4,3.4,3.4,1.0,0.0,2.0,1.0,0.0,0.2,658.5,658.5,658.5,658.5,1.0,0.0,2.0,1.0,0.0,0.2,660.0,660.0,660.0,660.0,1.0,0.0,2.0,1.0,0.0,0.2
1974,2,54.0,-43.0,,,,,,,,,,,,,,,,,,,,,,,,,,,,,,,,,,,,,,,,15.4,15.4,15.4,15.4,1.0,0.0,4.0,1.0,0.9,0.9,0.0,0.0,0.0,0.0,1.0,0.0,4.0,1.0,0.9,0.9,-15.4,-15.4,-15.4,-15.4,1.0,0.0,4.0,1.0,0.9,0.9,1008.5,1008.5,1008.5,1008.5,1.0,0.0,4.0,1.0,0.9,0.9,,,,,,,,,,,,,,,,,,,,,,,,,,,,,,,,,,,,,,,,,,,,,,,,,,,,,,,,,,,,,,,,,,,,,,,,,,,,,,,,,,,,,,,,,,,,,,,,,,,,,,,,,,,,,,,,,,,,,,,,,,,,,,,,,,,,,,,,,,,,,,,,,,,,,,
1974,2,54.0,-40.0,19.03,19.1,19.17,19.1,2.0,0.14,18.0,0.5,0.4,0.6,15.83,17.6,19.37,17.6,2.0,3.68,18.0,0.5,0.4,0.6,10.46,11.7,12.94,11.7,2.0,2.57,18.0,0.5,0.4,0.6,93.0,93.3,93.6,93.3,2.0,0.7,18.0,0.5,0.6,5.01,5.9,6.79,5.9,2.0,1.84,18.0,0.5,0.4,0.6,-0.93,0.44,1.82,0.44,2.0,2.85,18.0,0.5,0.4,0.6,-2.56,1.22,5.01,1.22,2.0,7.84,18.0,0.5,0.4,0.6,1017.16,1019.65,1022.14,1019.65,2.0,5.16,18.0,0.5,0.4,0.6,1.3,4.0,6.7,4.0,2.0,5.7,18.0,0.5,0.4,0.6,-3.3,5.2,13.8,5.2,2.0,17.7,18.0,0.5,0.4,0.6,-9.0,14.4,37.8,14.4,2.0,48.5,18.0,0.5,0.4,0.6,-0.34,1.5,3.34,1.5,2.0,3.82,18.0,0.5,0.4,0.6,0.2,12.4,24.6,12.4,2.0,25.3,18.0,0.5,0.4,0.6,0.62,1.95,3.29,1.95,2.0,2.76,18.0,0.5,0.4,0.6,4.5,14.1,23.7,14.1,2.0,19.9,18.0,0.5,0.4,0.6,-20.9,2.6,26.0,2.6,2.0,48.6,18.0,0.5,0.4,0.6,-57.4,7.1,71.5,7.1,2.0,133.5,18.0,0.5,0.4,0.6,-14.0,1.5,17.1,1.5,2.0,32.3,18.0,0.5,0.4,0.6,-38.6,4.2,47.0,4.2,2.0,88.6,18.0,0.5,0.4,0.6,1.5,4.8,8.1,4.8,2.0,6.8,18.0,0.5,0.4,0.6,4.2,13.2,22.2,13.2,2.0,18.7,18.0,0.5,0.4,0.6,141.0,235.5,329.5,235.5,2.0,195.0,18.0,0.5,0.4,0.6,140.0,235.0,330.0,235.0,2.0,195.0,18.0,0.5,0.4,0.6
1974,2,54.0,-38.0,,,,,,,,,,,,,,,,,,,,,,,,,,,,,,,,,,,,,,,,10.0,10.0,10.0,10.0,1.0,0.0,20.0,1.0,0.4,0.9,9.85,9.85,9.85,9.85,1.0,0.0,20.0,1.0,0.4,0.9,-1.74,-1.74,-1.74,-1.74,1.0,0.0,20.0,1.0,0.4,0.9,1010.5,1010.5,1010.5,1010.5,1.0,0.0,20.0,1.0,0.4,0.9,,,,,,,,,,,,,,,,,,,,,,,,,,,,,,,,,,,,,,,,,,,,,,,,,,,,,,,,,,,,,,,,,,,,,,,,,,,,,,,,,,,,,,,,,,,,,,,,,,,,,,,,,,,,,,,,,,,,,,,,,,,,,,,,,,,,,,,,,,,,,,,,,,,,,,
1974,2,54.0,-35.0,24.0,24.0,24.0,24.0,1.0,0.0,8.0,1.0,0.3,0.4,25.6,25.6,25.6,25.6,1.0,0.0,8.0,1.0,0.3,0.4,12.65,12.65,12.65,12.65,1.0,0.0,8.0,1.0,0.3,0.4,62.8,62.8,62.8,62.8,1.0,0.0,8.0,1.0,0.4,8.2,8.2,8.2,8.2,1.0,0.0,8.0,1.0,0.3,0.4,-7.71,-7.71,-7.71,-7.71,1.0,0.0,8.0,1.0,0.3,0.4,-2.8,-2.8,-2.8,-2.8,1.0,0.0,8.0,1.0,0.3,0.4,1027.0,1027.0,1027.0,1027.0,1.0,0.0,8.0,1.0,0.3,0.4,1.0,1.0,1.0,1.0,1.0,0.0,8.0,1.0,0.3,0.4,-63.2,-63.2,-63.2,-63.2,1.0,0.0,8.0,1.0,0.3,0.4,-23.0,-23.0,-23.0,-23.0,1.0,0.0,8.0,1.0,0.3,0.4,-1.6,-1.6,-1.6,-1.6,1.0,0.0,8.0,1.0,0.3,0.4,-13.1,-13.1,-13.1,-13.1,1.0,0.0,8.0,1.0,0.3,0.4,5.71,5.71,5.71,5.71,1.0,0.0,8.0,1.0,0.3,0.4,46.8,46.8,46.8,46.8,1.0,0.0,8.0,1.0,0.3,0.4,-197.3,-197.3,-197.3,-197.3,1.0,0.0,8.0,1.0,0.3,0.4,-71.8,-71.8,-71.8,-71.8,1.0,0.0,8.0,1.0,0.3,0.4,-97.5,-97.5,-97.5,-97.5,1.0,0.0,8.0,1.0,0.3,0.4,-35.5,-35.5,-35.5,-35.5,1.0,0.0,8.0,1.0,0.3,0.4,-44.0,-44.0,-44.0,-44.0,1.0,0.0,8.0,1.0,0.3,0.4,-16.0,-16.0,-16.0,-16.0,1.0,0.0,8.0,1.0,0.3,0.4,551.5,551.5,551.5,551.5,1.0,0.0,8.0,1.0,0.3,0.4,550.0,550.0,550.0,550.0,1.0,0.0,8.0,1.0,0.3,0.4
1974,2,54.0,-34.0,23.5,23.5,23.5,23.5,1.0,0.0,14.0,1.0,0.6,0.1,23.8,23.8,23.8,23.8,1.0,0.0,14.0,1.0,0.6,0.1,15.48,15.48,15.48,15.48,1.0,0.0,14.0,1.0,0.6,0.1,84.9,84.9,84.9,84.9,1.0,0.0,14.0,1.0,0.1,7.7,7.7,7.7,7.7,1.0,0.0,14.0,1.0,0.6,0.1,-6.67,-6.67,-6.67,-6.67,1.0,0.0,14.0,1.0,0.6,0.1,-3.85,-3.85,-3.85,-3.85,1.0,0.0,14.0,1.0,0.6,0.1,1019.5,1019.5,1019.5,1019.5,1.0,0.0,14.0,1.0,0.6,0.1,,,,,,,,,,,,,,,,,,,,,,,,,,,,,,,-0.3,-0.3,-0.3,-0.3,1.0,0.0,14.0,1.0,0.6,0.1,-2.3,-2.3,-2.3,-2.3,1.0,0.0,14.0,1.0,0.6,0.1,2.46,2.46,2.46,2.46,1.0,0.0,14.0,1.0,0.6,0.1,19.0,19.0,19.0,19.0,1.0,0.0,14.0,1.0,0.6,0.1,-158.7,-158.7,-158.7,-158.7,1.0,0.0,14.0,1.0,0.6,0.1,-91.6,-91.6,-91.6,-91.6,1.0,0.0,14.0,1.0,0.6,0.1,-103.2,-103.2,-103.2,-103.2,1.0,0.0,14.0,1.0,0.6,0.1,-59.6,-59.6,-59.6,-59.6,1.0,0.0,14.0,1.0,0.6,0.1,-16.4,-16.4,-16.4,-16.4,1.0,0.0,14.0,1.0,0.6,0.1,-9.5,-9.5,-9.5,-9.5,1.0,0.0,14.0,1.0,0.6,0.1,456.5,456.5,456.5,456.5,1.0,0.0,14.0,1.0,0.6,0.1,455.0,455.0,455.0,455.0,1.0,0.0,14.0,1.0,0.6,0.1
1974,2,54.0,-33.0,21.51,22.6,23.69,22.6,2.0,2.26,12.0,0.5,0.5,0.6,24.3,24.5,24.7,24.5,2.0,0.42,12.0,0.5,0.5,0.6,13.16,13.76,14.35,13.76,2.0,1.23,12.0,0.5,0.5,0.6,70.2,72.4,74.6,72.4,2.0,4.5,12.0,0.5,0.6,4.43,5.15,5.87,5.15,2.0,1.48,12.0,0.5,0.5,0.6,-2.93,-2.57,-2.22,-2.57,2.0,0.74,12.0,0.5,0.5,0.6,-5.08,-4.46,-3.84,-4.46,2.0,1.29,12.0,0.5,0.5,0.6,1019.93,1020.2,1020.47,1020.2,2.0,0.57,12.0,0.5,0.5,0.6,1.3,2.0,2.7,2.0,2.0,1.4,12.0,0.5,0.5,0.6,-17.5,-13.8,-10.1,-13.8,2.0,7.6,12.0,0.5,0.5,0.6,-30.3,-23.9,-17.5,-23.9,2.0,13.2,12.0,0.5,0.5,0.6,-2.79,-1.9,-1.01,-1.9,2.0,1.84,12.0,0.5,0.5,0.6,-17.1,-11.1,-5.2,-11.1,2.0,12.3,12.0,0.5,0.5,0.6,2.73,3.28,3.83,3.28,2.0,1.14,12.0,0.5,0.5,0.6,15.6,16.0,16.5,16.0,2.0,1.0,12.0,0.5,0.5,0.6,-71.2,-62.9,-54.7,-62.9,2.0,17.1,12.0,0.5,0.5,0.6,-123.3,-109.0,-94.7,-109.0,2.0,29.6,12.0,0.5,0.5,0.6,-38.4,-35.0,-31.6,-35.0,2.0,7.0,12.0,0.5,0.5,0.6,-66.5,-60.6,-54.7,-60.6,2.0,12.2,12.0,0.5,0.5,0.6,-8.3,-8.0,-7.8,-8.0,2.0,0.5,12.0,0.5,0.5,0.6,-14.3,-13.9,-13.5,-13.9,2.0,0.9,12.0,0.5,0.5,0.6,96.0,153.5,211.5,153.5,2.0,120.0,12.0,0.5,0.5,0.6,95.0,155.0,210.0,155.0,2.0,120.0,12.0,0.5,0.5,0.6
1974,2,54.0,-32.0,24.7,24.7,24.7,24.7,1.0,0.0,8.0,0.0,0.2,0.8,24.4,24.4,24.4,24.4,1.0,0.0,8.0,0.0,0.2,0.8,14.78,14.78,14.78,14.78,1.0,0.0,8.0,0.0,0.2,0.8,78.4,78.4,78.4,78.4,1.0,0.0,8.0,0.0,0.8,9.3,9.3,9.3,9.3,1.0,0.0,8.0,0.0,0.2,0.8,-9.3,-9.3,-9.3,-9.3,1.0,0.0,8.0,0.0,0.2,0.8,0.0,0.0,0.0,0.0,1.0,0.0,8.0,0.0,0.2,0.8,1022.2,1022.2,1022.2,1022.2,1.0,0.0,8.0,0.0,0.2,0.8,3.0,3.0,3.0,3.0,1.0,0.0,8.0,0.0,0.2,0.8,-86.5,-86.5,-86.5,-86.5,1.0,0.0,8.0,0.0,0.2,0.8,0.0,0.0,0.0,0.0,1.0,0.0,8.0,0.0,0.2,0.8,0.3,0.3,0.3,0.3,1.0,0.0,8.0,0.0,0.2,0.8,2.8,2.8,2.8,2.8,1.0,0.0,8.0,0.0,0.2,0.8,4.47,4.47,4.47,4.47,1.0,0.0,8.0,0.0,0.2,0.8,41.5,41.5,41.5,41.5,1.0,0.0,8.0,0.0,0.2,0.8,-226.9,-226.9,-226.9,-226.9,1.0,0.0,8.0,0.0,0.2,0.8,0.0,0.0,0.0,0.0,1.0,0.0,8.0,0.0,0.2,0.8,-137.4,-137.4,-137.4,-137.4,1.0,0.0,8.0,0.0,0.2,0.8,0.0,0.0,0.0,0.0,1.0,0.0,8.0,0.0,0.2,0.8,-41.5,-41.5,-41.5,-41.5,1.0,0.0,8.0,0.0,0.2,0.8,0.0,0.0,0.0,0.0,1.0,0.0,8.0,0.0,0.2,0.8,804.5,804.5,804.5,804.5,1.0,0.0,8.0,0.0,0.2,0.8,805.0,805.0,805.0,805.0,1.0,0.0,8.0,0.0,0.2,0.8
1974,2,54.0,-31.0,24.58,25.0,26.05,25.3,4.0,1.19,14.0,0.5,0.4,0.5,23.5,24.2,26.52,24.98,4.0,2.12,14.0,0.5,0.4,0.5,17.08,17.7,18.5,17.78,4.0,0.91,14.0,0.5,0.4,0.5,83.2,95.9,98.0,90.8,4.0,13.0,14.0,0.5,0.5,7.18,9.0,10.56,8.88,4.0,1.99,14.0,0.5,0.4,0.5,-5.47,-1.76,3.04,-1.24,4.0,5.55,14.0,0.5,0.4,0.5,-10.27,-6.51,-2.97,-6.62,4.0,4.22,14.0,0.5,0.4,0.5,1008.55,1011.65,1015.96,1012.23,4.0,4.36,14.0,0.5,0.4,0.5,5.3,8.0,8.0,6.7,3.0,2.3,18.0,0.3,0.5,0.6,-46.5,-18.1,20.4,-13.3,4.0,41.7,14.0,0.5,0.4,0.5,-108.6,-61.1,-21.3,-64.8,4.0,50.6,14.0,0.5,0.4,0.5,-0.48,0.4,1.12,0.33,4.0,1.05,14.0,0.5,0.4,0.5,-3.5,4.3,8.9,2.7,4.0,7.9,14.0,0.5,0.4,0.5,1.23,1.63,3.65,2.4,4.0,2.03,14.0,0.5,0.4,0.5,10.6,14.1,29.7,19.9,4.0,14.8,14.0,0.5,0.4,0.5,-147.9,-43.9,71.4,-38.5,4.0,143.1,14.0,0.5,0.4,0.5,-247.7,-159.9,-76.1,-161.8,4.0,99.0,14.0,0.5,0.4,0.5,-95.5,-33.3,54.8,-20.9,4.0,97.3,14.0,0.5,0.4,0.5,-185.5,-121.8,-51.9,-118.9,4.0,77.1,14.0,0.5,0.4,0.5,-22.0,-1.7,5.2,-8.1,4.0,21.4,14.0,0.5,0.4,0.5,-15.5,-11.7,-7.3,-11.5,4.0,5.0,14.0,0.5,0.4,0.5,375.0,774.5,1180.0,777.5,4.0,470.0,14.0,0.5,0.4,0.5,375.0,775.0,1180.0,775.0,4.0,470.0,14.0,0.5,0.4,0.5
1974,2,54.0,-30.0,24.98,25.2,25.6,25.3,6.0,0.4,12.0,0.5,0.6,0.5,22.99,24.8,25.67,24.61,7.0,1.48,12.0,0.6,0.6,0.4,11.94,14.5,16.67,14.31,3.0,3.47,12.0,0.7,0.6,0.4,63.7,65.9,82.9,73.1,3.0,15.4,12.0,0.7,0.4,8.65,13.0,14.42,12.23,7.0,2.86,12.0,0.6,0.6,0.4,-13.59,-11.26,-8.57,-11.2,7.0,3.05,12.0,0.6,0.6,0.4,-6.45,-4.79,0.24,-2.9,7.0,4.15,12.0,0.6,0.6,0.4,1009.82,1013.1,1017.24,1013.84,7.0,4.84,12.0,0.6,0.6,0.4,2.6,5.5,8.0,5.2,6.0,2.9,12.0,0.7,0.6,0.5,-196.0,-146.4,-74.2,-144.2,7.0,63.5,12.0,0.6,0.6,0.4,-83.3,-67.0,1.8,-43.7,7.0,46.8,12.0,0.6,0.6,0.4,-0.29,0.05,2.22,0.58,6.0,1.35,12.0,0.5,0.6,0.5,-2.8,0.7,20.5,7.1,6.0,15.7,12.0,0.5,0.6,0.5,3.32,6.31,8.11,5.73,3.0,3.55,12.0,0.7,0.6,0.4,36.3,54.9,64.5,50.5,3.0,21.0,12.0,0.7,0.6,0.4,-335.7,-288.2,-230.1,-275.6,7.0,73.3,12.0,0.6,0.6,0.4,-155.4,-120.2,5.4,-72.9,7.0,100.1,12.0,0.6,0.6,0.4,-203.3,-126.2,-83.3,-142.9,3.0,89.1,12.0,0.7,0.6,0.4,-59.4,0.0,36.3,-11.3,3.0,70.8,12.0,0.7,0.6,0.4,-54.2,-52.8,-34.5,-44.6,3.0,16.1,12.0,0.7,0.6,0.4,-6.5,0.0,30.3,11.6,3.0,28.7,12.0,0.7,0.6,0.4,649.0,2197.0,3001.5,2071.0,7.0,1114.0,12.0,0.6,0.6,0.4,650.0,2195.0,3000.0,2070.0,7.0,1115.0,12.0,0.6,0.6,0.4
1974,2,54.0,-29.0,27.0,27.0,27.0,27.0,1.0,0.0,8.0,0.0,0.7,0.1,24.58,24.75,24.92,24.75,2.0,0.35,8.0,0.5,0.4,0.4,14.89,15.98,17.07,15.98,2.0,2.26,8.0,0.5,0.4,0.4,76.3,82.6,89.0,82.6,2.0,13.1,8.0,0.5,0.4,4.0,6.5,10.71,7.27,6.0,3.39,12.0,0.5,0.3,0.6,-10.07,-5.59,-2.76,-5.74,6.0,4.78,12.0,0.5,0.3,0.6,-3.93,-2.96,0.72,-1.75,6.0,2.98,12.0,0.5,0.3,0.6,1011.57,1013.6,1016.57,1014.05,4.0,3.12,12.0,0.5,0.4,0.7,4.0,5.5,8.0,5.8,6.0,1.8,12.0,0.5,0.3,0.6,-108.5,-36.8,-11.0,-53.9,6.0,56.4,12.0,0.5,0.3,0.6,-39.5,-19.9,2.9,-19.0,6.0,23.8,12.0,0.5,0.3,0.6,2.0,2.0,2.0,2.0,1.0,0.0,8.0,0.0,0.7,0.1,20.6,20.6,20.6,20.6,1.0,0.0,8.0,0.0,0.7,0.1,7.81,7.81,7.81,7.81,1.0,0.0,8.0,0.0,0.7,0.1,80.4,80.4,80.4,80.4,1.0,0.0,8.0,0.0,0.7,0.1,-276.6,-262.6,-248.5,-262.6,2.0,29.1,8.0,0.5,0.4,0.4,-100.7,-95.6,-90.5,-95.6,2.0,10.6,8.0,0.5,0.4,0.4,-193.1,-171.2,-149.4,-171.2,2.0,45.3,8.0,0.5,0.4,0.4,-70.3,-62.3,-54.4,-62.3,2.0,16.5,8.0,0.5,0.4,0.4,-75.6,-75.6,-75.6,-75.6,1.0,0.0,8.0,0.0,0.7,0.1,-27.5,-27.5,-27.5,-27.5,1.0,0.0,8.0,0.0,0.7,0.1,64.0,279.5,1251.5,607.0,6.0,724.0,12.0,0.5,0.3,0.6,65.0,280.0,1250.0,605.0,6.0,725.0,12.0,0.5,0.3,0.6
1974,2,54.0,-28.0,,,,,,,,,,,,,,,,,,,,,,,,,,,,,,,,,,,,,,,,3.0,3.5,5.0,3.83,6.0,0.98,20.0,0.5,0.4,0.5,-4.19,-2.71,-1.88,-2.68,6.0,1.97,20.0,0.5,0.4,0.5,-2.21,-1.26,0.18,-1.35,6.0,1.98,20.0,0.5,0.4,0.5,1012.01,1014.4,1014.95,1013.53,4.0,2.21,18.0,0.8,0.5,0.5,,,,,,,,,,,,,,,,,,,,,,,,,,,,,,,,,,,,,,,,,,,,,,,,,,,,,,,,,,,,,,,,,,,,,,,,,,,,,,,,,,,,,,,,,,,,,,,,,,,,,,,,,,,,,,,,,,,,,,,,,,,,,,,,,,,,,,,,,,,,,,,,,,,,,,
1974,2,54.0,-27.0,,,,,,,,,,,,,,,,,,,,,,,,,,,,,,,,,,,,,,,,3.32,4.0,4.0,3.67,3.0,0.58,18.0,1.0,0.3,0.7,-3.19,-2.6,-1.3,-2.25,3.0,1.42,18.0,1.0,0.3,0.7,-2.21,1.5,1.84,-0.15,3.0,3.29,18.0,1.0,0.3,0.7,1013.8,1013.8,1013.8,1013.8,1.0,0.0,28.0,1.0,0.2,0.6,,,,,,,,,,,,,,,,,,,,,,,,,,,,,,,,,,,,,,,,,,,,,,,,,,,,,,,,,,,,,,,,,,,,,,,,,,,,,,,,,,,,,,,,,,,,,,,,,,,,,,,,,,,,,,,,,,,,,,,,,,,,,,,,,,,,,,,,,,,,,,,,,,,,,,
1974,2,54.0,-26.0,,,,,,,,,,,,,,,,,,,,,,,,,,,,,,,,,,,,,,,,3.63,7.15,10.67,7.15,2.0,7.28,4.0,0.5,0.5,0.7,-8.24,-5.7,-3.15,-5.7,2.0,5.27,4.0,0.5,0.5,0.7,1.55,4.13,6.71,4.13,2.0,5.35,4.0,0.5,0.5,0.7,1020.7,1020.7,1020.7,1020.7,1.0,0.0,6.0,0.0,0.7,0.9,,,,,,,,,,,,,,,,,,,,,,,,,,,,,,,,,,,,,,,,,,,,,,,,,,,,,,,,,,,,,,,,,,,,,,,,,,,,,,,,,,,,,,,,,,,,,,,,,,,,,,,,,,,,,,,,,,,,,,,,,,,,,,,,,,,,,,,,,,,,,,,,,,,,,,
1974,2,54.0,-25.0,26.83,26.9,26.97,26.9,2.0,0.14,12.0,0.5,0.6,0.5,26.06,26.2,26.34,26.2,2.0,0.28,12.0,0.5,0.6,0.5,16.76,16.76,16.76,16.76,1.0,0.0,6.0,1.0,0.7,0.5,80.1,80.1,80.1,80.1,1.0,0.0,6.0,1.0,0.5,7.52,8.65,9.78,8.65,2.0,2.33,12.0,0.5,0.6,0.5,-9.22,-6.9,-4.58,-6.9,2.0,4.81,12.0,0.5,0.6,0.5,-5.1,-3.03,-0.96,-3.03,2.0,4.29,12.0,0.5,0.6,0.5,1014.25,1014.8,1015.35,1014.8,2.0,1.13,12.0,0.5,0.6,0.5,4.0,4.0,4.0,4.0,2.0,0.0,12.0,0.5,0.6,0.5,-93.1,-65.3,-37.4,-65.3,2.0,57.7,12.0,0.5,0.6,0.5,-35.7,-21.2,-6.7,-21.2,2.0,30.0,12.0,0.5,0.6,0.5,0.5,0.7,0.9,0.7,2.0,0.42,12.0,0.5,0.6,0.5,4.0,6.6,9.1,6.6,2.0,5.3,12.0,0.5,0.6,0.5,5.52,5.52,5.52,5.52,1.0,0.0,6.0,1.0,0.7,0.5,56.8,56.8,56.8,56.8,1.0,0.0,6.0,1.0,0.7,0.5,-240.0,-180.1,-120.2,-180.1,2.0,124.0,12.0,0.5,0.6,0.5,-134.6,-80.0,-25.4,-80.0,2.0,113.2,12.0,0.5,0.6,0.5,-172.6,-172.6,-172.6,-172.6,1.0,0.0,6.0,1.0,0.7,0.5,0.0,0.0,0.0,0.0,1.0,0.0,6.0,1.0,0.7,0.5,-56.8,-56.8,-56.8,-56.8,1.0,0.0,6.0,1.0,0.7,0.5,0.0,0.0,0.0,0.0,1.0,0.0,6.0,1.0,0.7,0.5,462.0,718.0,973.5,718.0,2.0,530.0,12.0,0.5,0.6,0.5,460.0,720.0,975.0,720.0,2.0,530.0,12.0,0.5,0.6,0.5
1974,2,54.0,-24.0,26.55,27.3,28.52,27.53,4.0,1.2,14.0,0.5,0.3,0.5,26.64,27.5,28.22,27.44,5.0,0.93,16.0,0.6,0.3,0.5,17.72,18.6,20.05,18.81,5.0,1.58,16.0,0.6,0.3,0.5,75.9,85.2,87.0,82.3,5.0,6.0,16.0,0.6,0.5,5.05,6.7,7.85,6.77,7.0,2.15,16.0,0.6,0.3,0.7,-6.31,-4.6,0.0,-3.73,7.0,2.72,16.0,0.6,0.3,0.7,-7.85,-2.39,-1.59,-3.91,7.0,4.08,16.0,0.6,0.3,0.7,1010.89,1011.8,1013.89,1012.13,7.0,2.14,16.0,0.6,0.3,0.7,4.0,6.0,8.0,5.9,7.0,1.7,16.0,0.6,0.3,0.7,-42.4,-24.4,0.0,-22.3,7.0,18.4,16.0,0.6,0.3,0.7,-62.0,-16.8,-8.2,-33.5,7.0,41.7,16.0,0.6,0.3,0.7,-0.67,-0.15,1.47,0.38,4.0,1.67,14.0,0.5,0.3,0.5,-2.9,-0.8,15.8,6.2,4.0,16.1,14.0,0.5,0.3,0.5,2.43,3.94,6.01,4.21,4.0,2.18,14.0,0.5,0.3,0.5,14.8,23.7,51.1,32.5,4.0,28.6,14.0,0.5,0.3,0.5,-147.6,-106.0,0.0,-83.0,5.0,80.4,16.0,0.6,0.3,0.5,-240.2,-65.5,-15.7,-114.5,5.0,131.3,16.0,0.6,0.3,0.5,-93.3,-75.4,0.0,-54.4,5.0,52.3,16.0,0.6,0.3,0.5,-174.6,-42.6,-8.4,-80.7,5.0,95.0,16.0,0.6,0.3,0.5,-16.6,-4.1,0.0,-8.1,4.0,11.5,14.0,0.5,0.3,0.5,-49.0,-15.2,-2.7,-25.4,4.0,34.0,14.0,0.5,0.3,0.5,129.5,301.0,495.0,397.0,7.0,402.0,16.0,0.6,0.3,0.7,130.0,300.0,495.0,395.0,7.0,400.0,16.0,0.6,0.3,0.7
1974,2,54.0,-23.0,26.28,27.0,28.0,27.07,16.0,0.96,14.0,0.5,0.3,0.6,25.96,26.4,28.66,26.82,19.0,1.24,14.0,0.5,0.3,0.6,16.53,17.15,20.04,18.02,15.0,1.9,16.0,0.5,0.4,0.6,77.5,83.1,89.1,82.2,16.0,7.2,16.0,0.5,0.6,4.1,6.7,8.7,6.56,21.0,2.96,16.0,0.6,0.4,0.6,-8.01,-4.79,0.96,-4.18,21.0,4.72,16.0,0.6,0.4,0.6,-5.97,-1.5,0.96,-1.79,21.0,3.16,16.0,0.6,0.4,0.6,1010.84,1013.9,1015.17,1013.24,21.0,2.04,16.0,0.6,0.4,0.6,2.0,4.0,7.7,4.1,21.0,2.4,16.0,0.5,0.4,0.6,-67.8,-24.4,6.4,-34.2,21.0,56.2,16.0,0.6,0.4,0.6,-41.0,-4.5,6.0,-12.8,21.0,24.9,16.0,0.6,0.4,0.6,-0.31,0.65,1.2,0.54,16.0,0.94,14.0,0.5,0.3,0.6,-1.2,4.3,10.1,4.8,15.0,6.3,14.0,0.5,0.3,0.5,3.34,3.88,5.42,4.43,13.0,1.12,14.0,0.5,0.3,0.6,25.1,29.1,52.0,33.5,12.0,15.8,14.0,0.5,0.3,0.6,-212.4,-135.3,33.5,-115.7,18.0,133.5,14.0,0.6,0.4,0.6,-186.8,-32.4,33.8,-52.9,18.0,93.3,14.0,0.6,0.4,0.6,-145.1,-82.8,21.7,-73.6,14.0,99.0,16.0,0.6,0.4,0.6,-126.1,-8.5,25.2,-33.2,14.0,68.1,16.0,0.6,0.4,0.6,-50.6,-28.9,4.4,-23.4,12.0,26.2,14.0,0.5,0.3,0.6,-21.0,-1.5,6.3,-5.0,12.0,12.6,14.0,0.5,0.3,0.6,70.0,301.0,658.5,468.5,21.0,766.5,16.0,0.6,0.4,0.6,70.0,300.0,660.0,470.0,21.0,765.0,16.0,0.6,0.4,0.6
1974,2,54.0,-22.0,26.5,27.4,28.03,27.42,26.0,1.08,12.0,0.6,0.4,0.6,26.0,27.0,28.0,27.1,26.0,1.24,12.0,0.6,0.4,0.6,16.0,17.07,17.74,17.04,25.0,1.02,12.0,0.6,0.5,0.6,70.0,75.2,83.3,76.1,25.0,7.1,12.0,0.6,0.6,4.6,6.7,9.82,7.57,26.0,3.57,12.0,0.7,0.4,0.6,-7.16,-4.06,-1.5,-4.75,26.0,3.9,12.0,0.7,0.4,0.6,-8.08,-0.8,3.35,-1.69,26.0,5.55,12.0,0.7,0.4,0.6,1010.15,1012.4,1014.2,1012.53,27.0,2.58,12.0,0.6,0.4,0.6,3.0,5.0,7.9,5.3,27.0,2.1,12.0,0.6,0.4,0.6,-66.4,-36.2,-7.8,-45.5,26.0,60.6,12.0,0.7,0.4,0.6,-66.2,-1.7,22.6,-18.4,26.0,59.0,12.0,0.7,0.4,0.6,-0.81,0.2,1.11,0.31,26.0,1.51,12.0,0.6,0.4,0.6,-5.0,0.4,10.1,2.3,25.0,13.0,12.0,0.6,0.4,0.6,4.66,5.88,7.41,5.73,25.0,1.51,12.0,0.6,0.5,0.6,27.0,41.3,54.9,42.6,24.0,21.0,12.0,0.7,0.4,0.6,-197.1,-120.1,-41.1,-130.8,25.0,106.1,12.0,0.6,0.4,0.6,-208.1,-42.0,90.6,-51.1,25.0,154.9,12.0,0.6,0.4,0.6,-124.6,-78.9,-25.1,-83.4,24.0,71.0,12.0,0.7,0.4,0.6,-141.4,-26.6,53.2,-40.7,24.0,91.4,12.0,0.7,0.4,0.6,-43.2,-24.0,-9.5,-28.2,24.0,19.5,12.0,0.7,0.4,0.6,-47.6,-6.8,14.7,-13.1,24.0,30.7,12.0,0.7,0.4,0.6,97.5,301.0,946.0,750.5,26.0,1183.0,12.0,0.7,0.4,0.6,95.0,300.0,945.0,750.0,26.0,1185.0,12.0,0.7,0.4,0.6
1974,2,54.0,-21.0,27.5,27.5,27.5,27.5,1.0,0.0,2.0,0.0,0.9,0.7,27.0,27.0,27.0,27.0,1.0,0.0,2.0,0.0,0.9,0.7,17.6,17.6,17.6,17.6,1.0,0.0,2.0,0.0,0.9,0.7,79.2,79.2,79.2,79.2,1.0,0.0,2.0,0.0,0.7,2.49,3.55,4.61,3.55,2.0,2.19,4.0,0.5,0.6,0.6,-4.03,-3.19,-2.36,-3.19,2.0,1.73,4.0,0.5,0.6,0.6,-2.09,-1.1,-0.11,-1.1,2.0,2.05,4.0,0.5,0.6,0.6,1014.3,1014.3,1014.3,1014.3,1.0,0.0,2.0,0.0,0.9,0.7,2.5,3.5,4.5,3.5,2.0,2.1,4.0,0.5,0.6,0.6,-19.6,-13.2,-6.9,-13.2,2.0,13.1,4.0,0.5,0.6,0.6,-10.8,-6.2,-1.5,-6.2,2.0,9.7,4.0,0.5,0.6,0.6,0.5,0.5,0.5,0.5,1.0,0.0,2.0,0.0,0.9,0.7,2.6,2.6,2.6,2.6,1.0,0.0,2.0,0.0,0.9,0.7,5.35,5.35,5.35,5.35,1.0,0.0,2.0,0.0,0.9,0.7,27.3,27.3,27.3,27.3,1.0,0.0,2.0,0.0,0.9,0.7,-119.3,-119.3,-119.3,-119.3,1.0,0.0,2.0,0.0,0.9,0.7,-68.8,-68.8,-68.8,-68.8,1.0,0.0,2.0,0.0,0.9,0.7,-77.7,-77.7,-77.7,-77.7,1.0,0.0,2.0,0.0,0.9,0.7,-44.9,-44.9,-44.9,-44.9,1.0,0.0,2.0,0.0,0.9,0.7,-23.6,-23.6,-23.6,-23.6,1.0,0.0,2.0,0.0,0.9,0.7,-13.6,-13.6,-13.6,-13.6,1.0,0.0,2.0,0.0,0.9,0.7,28.0,70.5,113.0,70.5,2.0,88.0,4.0,0.5,0.6,0.6,30.0,70.0,115.0,70.0,2.0,90.0,4.0,0.5,0.6,0.6
1974,2,54.0,-20.0,26.52,27.5,27.68,27.08,5.0,1.19,18.0,0.6,0.4,0.4,26.32,26.8,28.07,27.2,5.0,1.32,18.0,0.6,0.4,0.4,17.02,17.96,18.24,17.64,3.0,0.93,20.0,0.7,0.3,0.5,73.4,76.8,78.5,76.0,3.0,3.8,20.0,0.7,0.5,4.6,5.7,7.07,5.82,5.0,1.25,18.0,0.6,0.4,0.4,-5.55,-3.5,-2.72,-3.98,5.0,1.51,18.0,0.6,0.4,0.4,-3.69,0.99,5.15,0.83,5.0,4.58,18.0,0.6,0.4,0.4,1012.02,1013.3,1014.11,1013.16,5.0,1.29,18.0,0.6,0.4,0.4,0.0,3.0,4.7,2.6,5.0,2.6,18.0,0.6,0.4,0.4,-34.8,-24.5,-12.5,-24.1,5.0,12.2,18.0,0.6,0.4,0.4,-17.0,5.6,36.7,9.4,5.0,27.8,18.0,0.6,0.4,0.4,-1.15,0.2,0.75,-0.12,5.0,1.04,18.0,0.6,0.4,0.4,-6.6,0.9,4.7,-0.8,5.0,6.5,18.0,0.6,0.4,0.4,5.11,5.27,6.05,5.57,3.0,0.74,20.0,0.7,0.3,0.5,27.4,36.5,37.5,32.6,3.0,8.2,20.0,0.7,0.3,0.5,-153.6,-93.8,-71.7,-108.9,5.0,44.2,18.0,0.6,0.4,0.4,-97.9,26.2,145.7,24.9,5.0,125.2,18.0,0.6,0.4,0.4,-98.7,-93.1,-57.8,-78.6,3.0,32.6,20.0,0.7,0.3,0.5,-43.6,16.4,63.3,10.0,3.0,78.5,20.0,0.7,0.3,0.5,-33.8,-29.1,-17.1,-25.5,3.0,12.6,20.0,0.7,0.3,0.5,-11.7,6.3,18.7,3.6,3.0,22.4,20.0,0.7,0.3,0.5,97.5,185.0,354.0,219.0,5.0,132.0,18.0,0.6,0.4,0.4,95.0,185.0,355.0,220.0,5.0,130.0,18.0,0.6,0.4,0.4
1974,2,54.0,-19.0,27.0,27.2,27.77,27.38,4.0,0.52,14.0,0.5,0.8,0.4,24.48,26.0,27.1,25.8,4.0,1.56,14.0,0.5,0.8,0.4,16.17,16.81,18.87,17.5,3.0,2.06,16.0,0.7,0.8,0.3,72.4,74.6,91.9,82.0,3.0,15.7,16.0,0.7,0.3,5.36,6.95,7.96,6.68,4.0,1.62,14.0,0.5,0.8,0.4,-7.04,-5.11,-4.15,-5.57,4.0,1.87,14.0,0.5,0.8,0.4,-0.15,3.09,4.85,2.39,4.0,3.1,14.0,0.5,0.8,0.4,1010.19,1010.55,1011.64,1010.9,4.0,1.1,14.0,0.5,0.8,0.4,4.4,7.5,8.0,6.3,4.0,2.9,14.0,0.5,0.8,0.4,-56.3,-35.1,-22.2,-39.1,4.0,21.2,14.0,0.5,0.8,0.4,1.8,20.6,34.0,18.0,4.0,20.1,14.0,0.5,0.8,0.4,0.64,1.45,2.52,1.58,4.0,1.16,14.0,0.5,0.8,0.4,5.1,9.9,13.1,9.2,4.0,4.9,14.0,0.5,0.8,0.4,3.94,6.97,7.02,5.52,3.0,2.59,16.0,0.7,0.8,0.3,27.7,53.7,56.5,42.4,3.0,23.2,16.0,0.7,0.8,0.3,-190.9,-131.5,-101.6,-145.6,4.0,56.4,14.0,0.5,0.8,0.4,-1.3,78.7,126.5,63.3,4.0,79.2,14.0,0.5,0.8,0.4,-122.4,-93.6,-83.7,-102.8,3.0,29.5,16.0,0.7,0.8,0.3,41.3,78.6,89.2,65.6,3.0,36.9,16.0,0.7,0.8,0.3,-51.9,-41.1,-19.9,-36.0,3.0,23.8,16.0,0.7,0.8,0.3,10.7,12.0,27.4,18.9,3.0,13.6,16.0,0.7,0.8,0.3,164.5,347.5,506.0,336.0,4.0,206.0,14.0,0.5,0.8,0.4,165.0,345.0,505.0,335.0,4.0,205.0,14.0,0.5,0.8,0.4
1974,2,54.0,-18.0,27.66,28.0,28.34,28.0,3.0,0.5,20.0,0.7,0.5,0.8,27.0,27.0,27.41,27.2,3.0,0.35,20.0,0.7,0.5,0.8,16.4,17.94,19.21,17.81,3.0,2.06,20.0,0.7,0.5,0.8,72.9,77.9,85.0,78.9,3.0,8.9,20.0,0.7,0.8,9.03,10.8,10.8,9.93,3.0,1.5,20.0,0.7,0.5,0.8,-9.53,-8.2,-6.29,-7.92,3.0,2.39,20.0,0.7,0.5,0.8,1.17,3.69,7.56,4.35,3.0,4.71,20.0,0.7,0.5,0.8,1008.0,1012.3,1012.98,1010.53,3.0,3.96,20.0,0.7,0.5,0.8,3.3,4.0,6.7,5.0,3.0,2.6,20.0,0.7,0.5,0.8,-96.2,-67.2,-61.2,-78.4,3.0,27.4,20.0,0.7,0.5,0.8,12.7,39.9,81.6,47.0,3.0,50.9,20.0,0.7,0.5,0.8,0.43,0.5,1.18,0.8,3.0,0.61,20.0,0.7,0.5,0.8,4.7,5.4,10.1,7.3,3.0,4.3,20.0,0.7,0.5,0.8,4.09,5.72,7.76,5.92,3.0,2.69,20.0,0.7,0.5,0.8,44.2,61.8,68.3,56.4,3.0,18.3,20.0,0.7,0.5,0.8,-261.5,-221.4,-169.8,-215.8,3.0,67.3,20.0,0.7,0.5,0.8,32.4,101.9,204.7,118.2,3.0,127.0,20.0,0.7,0.5,0.8,-165.1,-128.6,-113.8,-139.2,3.0,38.7,20.0,0.7,0.5,0.8,21.0,66.3,147.4,83.8,3.0,93.8,20.0,0.7,0.5,0.8,-67.2,-58.0,-30.7,-49.2,3.0,27.8,20.0,0.7,0.5,0.8,6.7,21.1,28.0,17.4,3.0,15.9,20.0,0.7,0.5,0.8,776.0,1259.5,1259.5,1023.5,3.0,409.0,20.0,0.7,0.5,0.8,775.0,1260.0,1260.0,1025.0,3.0,410.0,20.0,0.7,0.5,0.8
1974,2,54.0,-17.0,27.5,27.5,27.5,27.5,1.0,0.0,12.0,0.0,0.0,0.3,27.5,27.5,27.5,27.5,1.0,0.0,12.0,0.0,0.0,0.3,20.33,20.33,20.33,20.33,1.0,0.0,12.0,0.0,0.0,0.3,88.3,88.3,88.3,88.3,1.0,0.0,12.0,0.0,0.3,4.6,4.6,4.6,4.6,1.0,0.0,12.0,0.0,0.0,0.3,-2.3,-2.3,-2.3,-2.3,1.0,0.0,12.0,0.0,0.0,0.3,-3.98,-3.98,-3.98,-3.98,1.0,0.0,12.0,0.0,0.0,0.3,1009.5,1009.5,1009.5,1009.5,1.0,0.0,12.0,0.0,0.0,0.3,0.0,0.0,0.0,0.0,1.0,0.0,12.0,0.0,0.0,0.3,-10.6,-10.6,-10.6,-10.6,1.0,0.0,12.0,0.0,0.0,0.3,-18.3,-18.3,-18.3,-18.3,1.0,0.0,12.0,0.0,0.0,0.3,0.0,0.0,0.0,0.0,1.0,0.0,12.0,0.0,0.0,0.3,0.0,0.0,0.0,0.0,1.0,0.0,12.0,0.0,0.0,0.3,2.72,2.72,2.72,2.72,1.0,0.0,12.0,0.0,0.0,0.3,12.5,12.5,12.5,12.5,1.0,0.0,12.0,0.0,0.0,0.3,-63.2,-63.2,-63.2,-63.2,1.0,0.0,12.0,0.0,0.0,0.3,-109.6,-109.6,-109.6,-109.6,1.0,0.0,12.0,0.0,0.0,0.3,-46.8,-46.8,-46.8,-46.8,1.0,0.0,12.0,0.0,0.0,0.3,-81.0,-81.0,-81.0,-81.0,1.0,0.0,12.0,0.0,0.0,0.3,-6.3,-6.3,-6.3,-6.3,1.0,0.0,12.0,0.0,0.0,0.3,-10.8,-10.8,-10.8,-10.8,1.0,0.0,12.0,0.0,0.0,0.3,97.5,97.5,97.5,97.5,1.0,0.0,12.0,0.0,0.0,0.3,95.0,95.0,95.0,95.0,1.0,0.0,12.0,0.0,0.0,0.3
1974,2,54.0,-16.0,,,,,,,,,,,,,,,,,,,,,,,,,,,,,,,,,,,,,,,,5.1,5.1,5.1,5.1,1.0,0.0,6.0,1.0,0.0,1.0,-4.42,-4.42,-4.42,-4.42,1.0,0.0,6.0,1.0,0.0,1.0,-2.55,-2.55,-2.55,-2.55,1.0,0.0,6.0,1.0,0.0,1.0,1010.3,1010.3,1010.3,1010.3,1.0,0.0,6.0,1.0,0.0,1.0,5.0,5.0,5.0,5.0,1.0,0.0,6.0,1.0,0.0,1.0,-22.5,-22.5,-22.5,-22.5,1.0,0.0,6.0,1.0,0.0,1.0,-13.0,-13.0,-13.0,-13.0,1.0,0.0,6.0,1.0,0.0,1.0,,,,,,,,,,,,,,,,,,,,,,,,,,,,,,,,,,,,,,,,,-121.5,-121.5,-121.5,-121.5,1.0,0.0,6.0,1.0,0.0,1.0,-70.1,-70.1,-70.1,-70.1,1.0,0.0,6.0,1.0,0.0,1.0,-81.9,-81.9,-81.9,-81.9,1.0,0.0,6.0,1.0,0.0,1.0,-47.3,-47.3,-47.3,-47.3,1.0,0.0,6.0,1.0,0.0,1.0,,,,,,,,,,,,,,,,,,,,,,,,,,,,,,,,,,,,,,,,
1974,2,54.0,-15.0,27.0,27.0,27.0,27.0,1.0,0.0,4.0,0.0,0.9,1.0,27.0,27.0,27.0,27.0,1.0,0.0,4.0,0.0,0.9,1.0,18.97,18.97,18.97,18.97,1.0,0.0,4.0,0.0,0.9,1.0,85.2,85.2,85.2,85.2,1.0,0.0,4.0,0.0,1.0,4.6,4.6,4.6,4.6,1.0,0.0,4.0,0.0,0.9,1.0,0.8,0.8,0.8,0.8,1.0,0.0,4.0,0.0,0.9,1.0,-4.53,-4.53,-4.53,-4.53,1.0,0.0,4.0,0.0,0.9,1.0,1012.0,1012.0,1012.0,1012.0,1.0,0.0,4.0,0.0,0.9,1.0,7.0,7.0,7.0,7.0,1.0,0.0,4.0,0.0,0.9,1.0,3.7,3.7,3.7,3.7,1.0,0.0,4.0,0.0,0.9,1.0,-20.8,-20.8,-20.8,-20.8,1.0,0.0,4.0,0.0,0.9,1.0,0.0,0.0,0.0,0.0,1.0,0.0,4.0,0.0,0.9,1.0,0.0,0.0,0.0,0.0,1.0,0.0,4.0,0.0,0.9,1.0,3.35,3.35,3.35,3.35,1.0,0.0,4.0,0.0,0.9,1.0,15.4,15.4,15.4,15.4,1.0,0.0,4.0,0.0,0.9,1.0,21.6,21.6,21.6,21.6,1.0,0.0,4.0,0.0,0.9,1.0,-122.3,-122.3,-122.3,-122.3,1.0,0.0,4.0,0.0,0.9,1.0,15.2,15.2,15.2,15.2,1.0,0.0,4.0,0.0,0.9,1.0,-86.0,-86.0,-86.0,-86.0,1.0,0.0,4.0,0.0,0.9,1.0,2.7,2.7,2.7,2.7,1.0,0.0,4.0,0.0,0.9,1.0,-15.2,-15.2,-15.2,-15.2,1.0,0.0,4.0,0.0,0.9,1.0,97.5,97.5,97.5,97.5,1.0,0.0,4.0,0.0,0.9,1.0,95.0,95.0,95.0,95.0,1.0,0.0,4.0,0.0,0.9,1.0
1974,2,54.0,-12.0,25.8,25.8,25.8,25.8,1.0,0.0,2.0,0.0,0.5,0.4,25.2,25.2,25.2,25.2,1.0,0.0,2.0,0.0,0.5,0.4,16.29,16.29,16.29,16.29,1.0,0.0,2.0,0.0,0.5,0.4,81.4,81.4,81.4,81.4,1.0,0.0,2.0,0.0,0.4,5.7,5.7,5.7,5.7,1.0,0.0,2.0,0.0,0.5,0.4,-4.37,-4.37,-4.37,-4.37,1.0,0.0,2.0,0.0,0.5,0.4,-3.66,-3.66,-3.66,-3.66,1.0,0.0,2.0,0.0,0.5,0.4,1011.3,1011.3,1011.3,1011.3,1.0,0.0,2.0,0.0,0.5,0.4,2.0,2.0,2.0,2.0,1.0,0.0,2.0,0.0,0.5,0.4,-24.9,-24.9,-24.9,-24.9,1.0,0.0,2.0,0.0,0.5,0.4,-20.9,-20.9,-20.9,-20.9,1.0,0.0,2.0,0.0,0.5,0.4,0.6,0.6,0.6,0.6,1.0,0.0,2.0,0.0,0.5,0.4,3.4,3.4,3.4,3.4,1.0,0.0,2.0,0.0,0.5,0.4,4.5,4.5,4.5,4.5,1.0,0.0,2.0,0.0,0.5,0.4,25.6,25.6,25.6,25.6,1.0,0.0,2.0,0.0,0.5,0.4,-110.0,-110.0,-110.0,-110.0,1.0,0.0,2.0,0.0,0.5,0.4,-92.3,-92.3,-92.3,-92.3,1.0,0.0,2.0,0.0,0.5,0.4,-71.1,-71.1,-71.1,-71.1,1.0,0.0,2.0,0.0,0.5,0.4,-59.7,-59.7,-59.7,-59.7,1.0,0.0,2.0,0.0,0.5,0.4,-19.6,-19.6,-19.6,-19.6,1.0,0.0,2.0,0.0,0.5,0.4,-16.5,-16.5,-16.5,-16.5,1.0,0.0,2.0,0.0,0.5,0.4,185.0,185.0,185.0,185.0,1.0,0.0,2.0,0.0,0.5,0.4,185.0,185.0,185.0,185.0,1.0,0.0,2.0,0.0,0.5,0.4
1974,2,54.0,-11.0,26.2,26.2,26.2,26.2,1.0,0.0,2.0,0.0,0.0,0.9,25.5,25.5,25.5,25.5,1.0,0.0,2.0,0.0,0.0,0.9,16.59,16.59,16.59,16.59,1.0,0.0,2.0,0.0,0.0,0.9,81.5,81.5,81.5,81.5,1.0,0.0,2.0,0.0,0.9,6.7,6.7,6.7,6.7,1.0,0.0,2.0,0.0,0.0,0.9,-5.13,-5.13,-5.13,-5.13,1.0,0.0,2.0,0.0,0.0,0.9,-4.31,-4.31,-4.31,-4.31,1.0,0.0,2.0,0.0,0.0,0.9,1011.8,1011.8,1011.8,1011.8,1.0,0.0,2.0,0.0,0.0,0.9,2.0,2.0,2.0,2.0,1.0,0.0,2.0,0.0,0.0,0.9,-34.4,-34.4,-34.4,-34.4,1.0,0.0,2.0,0.0,0.0,0.9,-28.9,-28.9,-28.9,-28.9,1.0,0.0,2.0,0.0,0.0,0.9,0.7,0.7,0.7,0.7,1.0,0.0,2.0,0.0,0.0,0.9,4.7,4.7,4.7,4.7,1.0,0.0,2.0,0.0,0.0,0.9,4.69,4.69,4.69,4.69,1.0,0.0,2.0,0.0,0.0,0.9,31.4,31.4,31.4,31.4,1.0,0.0,2.0,0.0,0.0,0.9,-130.9,-130.9,-130.9,-130.9,1.0,0.0,2.0,0.0,0.0,0.9,-109.8,-109.8,-109.8,-109.8,1.0,0.0,2.0,0.0,0.0,0.9,-85.1,-85.1,-85.1,-85.1,1.0,0.0,2.0,0.0,0.0,0.9,-71.4,-71.4,-71.4,-71.4,1.0,0.0,2.0,0.0,0.0,0.9,-24.1,-24.1,-24.1,-24.1,1.0,0.0,2.0,0.0,0.0,0.9,-20.2,-20.2,-20.2,-20.2,1.0,0.0,2.0,0.0,0.0,0.9,301.0,301.0,301.0,301.0,1.0,0.0,2.0,0.0,0.0,0.9,300.0,300.0,300.0,300.0,1.0,0.0,2.0,0.0,0.0,0.9
1974,2,54.0,-10.0,27.33,27.6,28.47,27.9,5.0,0.84,10.0,1.0,0.5,0.4,26.64,27.8,28.35,27.54,5.0,0.98,10.0,1.0,0.5,0.4,17.7,18.67,18.96,18.38,5.0,0.72,10.0,1.0,0.5,0.4,75.1,77.6,85.8,79.9,5.0,6.5,10.0,1.0,0.4,2.52,7.7,7.7,5.54,5.0,3.01,10.0,1.0,0.5,0.4,0.57,3.1,6.88,3.52,5.0,3.42,10.0,1.0,0.5,0.4,-5.21,-2.63,-0.82,-3.07,5.0,2.9,10.0,1.0,0.5,0.4,1008.4,1009.6,1009.9,1009.12,5.0,1.22,10.0,1.0,0.5,0.4,4.5,7.0,7.0,5.8,5.0,2.2,10.0,1.0,0.5,0.4,5.7,10.3,52.9,25.2,5.0,26.3,10.0,1.0,0.5,0.4,-40.1,-20.3,-1.2,-22.1,5.0,23.8,10.0,1.0,0.5,0.4,-0.47,0.7,1.04,0.36,5.0,0.8,10.0,1.0,0.5,0.4,-3.6,1.7,3.9,0.5,5.0,4.2,10.0,1.0,0.5,0.4,4.23,4.74,6.21,5.26,5.0,1.76,10.0,1.0,0.5,0.4,12.1,34.7,37.3,26.8,5.0,13.6,10.0,1.0,0.5,0.4,15.1,81.2,194.5,97.6,5.0,96.9,10.0,1.0,0.5,0.4,-144.4,-73.2,-23.3,-84.8,5.0,78.2,10.0,1.0,0.5,0.4,11.1,58.6,128.0,65.4,5.0,62.8,10.0,1.0,0.5,0.4,-98.3,-47.1,-14.3,-56.9,5.0,54.7,10.0,1.0,0.5,0.4,1.6,11.6,33.3,15.9,5.0,17.8,10.0,1.0,0.5,0.4,-24.1,-13.2,-6.8,-15.3,5.0,12.5,10.0,1.0,0.5,0.4,20.0,456.5,456.5,280.5,5.0,241.0,10.0,1.0,0.5,0.4,20.0,455.0,455.0,280.0,5.0,240.0,10.0,1.0,0.5,0.4
1974,2,54.0,-7.0,27.2,27.2,27.2,27.2,1.0,0.0,20.0,0.0,0.8,0.1,27.0,27.0,27.0,27.0,1.0,0.0,20.0,0.0,0.8,0.1,17.48,17.48,17.48,17.48,1.0,0.0,20.0,0.0,0.8,0.1,78.3,78.3,78.3,78.3,1.0,0.0,20.0,0.0,0.1,0.0,0.0,0.0,0.0,1.0,0.0,20.0,0.0,0.8,0.1,0.0,0.0,0.0,0.0,1.0,0.0,20.0,0.0,0.8,0.1,0.0,0.0,0.0,0.0,1.0,0.0,20.0,0.0,0.8,0.1,1008.8,1008.8,1008.8,1008.8,1.0,0.0,20.0,0.0,0.8,0.1,3.0,3.0,3.0,3.0,1.0,0.0,20.0,0.0,0.8,0.1,0.0,0.0,0.0,0.0,1.0,0.0,20.0,0.0,0.8,0.1,0.0,0.0,0.0,0.0,1.0,0.0,20.0,0.0,0.8,0.1,0.2,0.2,0.2,0.2,1.0,0.0,20.0,0.0,0.8,0.1,0.0,0.0,0.0,0.0,1.0,0.0,20.0,0.0,0.8,0.1,5.18,5.18,5.18,5.18,1.0,0.0,20.0,0.0,0.8,0.1,0.0,0.0,0.0,0.0,1.0,0.0,20.0,0.0,0.8,0.1,0.0,0.0,0.0,0.0,1.0,0.0,20.0,0.0,0.8,0.1,0.0,0.0,0.0,0.0,1.0,0.0,20.0,0.0,0.8,0.1,0.0,0.0,0.0,0.0,1.0,0.0,20.0,0.0,0.8,0.1,0.0,0.0,0.0,0.0,1.0,0.0,20.0,0.0,0.8,0.1,0.0,0.0,0.0,0.0,1.0,0.0,20.0,0.0,0.8,0.1,0.0,0.0,0.0,0.0,1.0,0.0,20.0,0.0,0.8,0.1,0.0,0.0,0.0,0.0,1.0,0.0,20.0,0.0,0.8,0.1,0.0,0.0,0.0,0.0,1.0,0.0,20.0,0.0,0.8,0.1
1974,2,54.0,-5.0,28.3,28.3,28.3,28.3,1.0,0.0,14.0,1.0,0.6,0.5,27.2,27.2,27.2,27.2,1.0,0.0,14.0,1.0,0.6,0.5,17.41,17.41,17.41,17.41,1.0,0.0,14.0,1.0,0.6,0.5,77.4,77.4,77.4,77.4,1.0,0.0,14.0,1.0,0.5,3.6,3.6,3.6,3.6,1.0,0.0,14.0,1.0,0.6,0.5,1.8,1.8,1.8,1.8,1.0,0.0,14.0,1.0,0.6,0.5,-3.12,-3.12,-3.12,-3.12,1.0,0.0,14.0,1.0,0.6,0.5,1012.6,1012.6,1012.6,1012.6,1.0,0.0,14.0,1.0,0.6,0.5,7.0,7.0,7.0,7.0,1.0,0.0,14.0,1.0,0.6,0.5,6.5,6.5,6.5,6.5,1.0,0.0,14.0,1.0,0.6,0.5,-11.2,-11.2,-11.2,-11.2,1.0,0.0,14.0,1.0,0.6,0.5,1.1,1.1,1.1,1.1,1.0,0.0,14.0,1.0,0.6,0.5,4.0,4.0,4.0,4.0,1.0,0.0,14.0,1.0,0.6,0.5,6.69,6.69,6.69,6.69,1.0,0.0,14.0,1.0,0.6,0.5,24.1,24.1,24.1,24.1,1.0,0.0,14.0,1.0,0.6,0.5,49.0,49.0,49.0,49.0,1.0,0.0,14.0,1.0,0.6,0.5,-84.8,-84.8,-84.8,-84.8,1.0,0.0,14.0,1.0,0.6,0.5,31.3,31.3,31.3,31.3,1.0,0.0,14.0,1.0,0.6,0.5,-54.3,-54.3,-54.3,-54.3,1.0,0.0,14.0,1.0,0.6,0.5,12.0,12.0,12.0,12.0,1.0,0.0,14.0,1.0,0.6,0.5,-20.8,-20.8,-20.8,-20.8,1.0,0.0,14.0,1.0,0.6,0.5,46.5,46.5,46.5,46.5,1.0,0.0,14.0,1.0,0.6,0.5,45.0,45.0,45.0,45.0,1.0,0.0,14.0,1.0,0.6,0.5
1974,2,54.0,-3.0,28.0,28.0,28.0,28.0,1.0,0.0,22.0,1.0,0.7,0.2,28.2,28.2,28.2,28.2,1.0,0.0,22.0,1.0,0.7,0.2,18.35,18.35,18.35,18.35,1.0,0.0,22.0,1.0,0.7,0.2,76.6,76.6,76.6,76.6,1.0,0.0,22.0,1.0,0.2,5.1,5.1,5.1,5.1,1.0,0.0,22.0,1.0,0.7,0.2,1.74,1.74,1.74,1.74,1.0,0.0,22.0,1.0,0.7,0.2,-4.79,-4.79,-4.79,-4.79,1.0,0.0,22.0,1.0,0.7,0.2,1008.8,1008.8,1008.8,1008.8,1.0,0.0,22.0,1.0,0.7,0.2,6.0,6.0,6.0,6.0,1.0,0.0,22.0,1.0,0.7,0.2,8.9,8.9,8.9,8.9,1.0,0.0,22.0,1.0,0.7,0.2,-24.4,-24.4,-24.4,-24.4,1.0,0.0,22.0,1.0,0.7,0.2,-0.2,-0.2,-0.2,-0.2,1.0,0.0,22.0,1.0,0.7,0.2,-1.0,-1.0,-1.0,-1.0,1.0,0.0,22.0,1.0,0.7,0.2,5.41,5.41,5.41,5.41,1.0,0.0,22.0,1.0,0.7,0.2,27.6,27.6,27.6,27.6,1.0,0.0,22.0,1.0,0.7,0.2,49.2,49.2,49.2,49.2,1.0,0.0,22.0,1.0,0.7,0.2,-135.1,-135.1,-135.1,-135.1,1.0,0.0,22.0,1.0,0.7,0.2,32.0,32.0,32.0,32.0,1.0,0.0,22.0,1.0,0.7,0.2,-88.0,-88.0,-88.0,-88.0,1.0,0.0,22.0,1.0,0.7,0.2,9.4,9.4,9.4,9.4,1.0,0.0,22.0,1.0,0.7,0.2,-25.9,-25.9,-25.9,-25.9,1.0,0.0,22.0,1.0,0.7,0.2,132.5,132.5,132.5,132.5,1.0,0.0,22.0,1.0,0.7,0.2,135.0,135.0,135.0,135.0,1.0,0.0,22.0,1.0,0.7,0.2
1974,2,54.0,-2.0,27.1,27.25,28.4,27.73,4.0,1.12,20.0,0.3,0.5,0.3,26.0,26.3,26.7,26.35,4.0,0.41,20.0,0.3,0.5,0.3,17.62,17.94,18.39,18.0,4.0,0.51,20.0,0.3,0.5,0.3,82.6,83.8,85.1,83.9,4.0,1.6,20.0,0.3,0.3,5.1,5.65,6.2,5.65,4.0,0.64,20.0,0.3,0.5,0.3,-2.14,0.33,1.74,-0.17,4.0,2.36,20.0,0.3,0.5,0.3,-5.76,-5.08,0.23,-2.87,4.0,5.14,20.0,0.3,0.5,0.3,1009.43,1010.2,1010.87,1010.15,4.0,0.93,20.0,0.3,0.5,0.3,1.3,2.0,4.7,3.0,3.0,2.6,18.0,0.3,0.5,0.4,-13.2,1.1,8.9,-2.0,4.0,13.6,20.0,0.3,0.5,0.3,-35.7,-28.9,1.2,-17.8,4.0,28.7,20.0,0.3,0.5,0.3,0.74,1.1,2.04,1.38,4.0,0.99,20.0,0.3,0.5,0.3,4.5,6.2,10.4,7.4,4.0,4.8,20.0,0.3,0.5,0.3,4.62,4.92,6.19,5.38,4.0,1.18,20.0,0.3,0.5,0.3,27.4,28.7,32.7,30.0,4.0,4.3,20.0,0.3,0.5,0.3,-56.0,8.2,45.9,-4.4,4.0,61.8,20.0,0.3,0.5,0.3,-152.2,-132.1,7.5,-75.1,4.0,136.0,20.0,0.3,0.5,0.3,-38.2,5.5,31.5,-2.9,4.0,42.3,20.0,0.3,0.5,0.3,-103.3,-89.6,7.0,-50.1,4.0,93.6,20.0,0.3,0.5,0.3,-9.8,2.0,10.8,0.5,4.0,12.4,20.0,0.3,0.5,0.3,-26.7,-24.7,6.1,-11.0,4.0,30.1,20.0,0.3,0.5,0.3,132.5,185.5,238.5,185.5,4.0,61.0,20.0,0.3,0.5,0.3,135.0,185.0,240.0,185.0,4.0,60.0,20.0,0.3,0.5,0.3
1974,2,54.0,-1.0,27.04,28.0,28.96,28.0,2.0,1.98,20.0,0.5,0.9,0.4,26.0,26.0,26.0,26.0,1.0,0.0,20.0,0.0,0.9,0.2,18.56,18.56,18.56,18.56,1.0,0.0,20.0,0.0,0.9,0.2,88.2,88.2,88.2,88.2,1.0,0.0,20.0,0.0,0.2,2.92,3.6,4.28,3.6,2.0,1.41,20.0,0.5,0.9,0.4,-1.46,-1.23,-1.0,-1.23,2.0,0.48,20.0,0.5,0.9,0.4,-4.02,-3.38,-2.74,-3.38,2.0,1.33,20.0,0.5,0.9,0.4,1008.72,1009.2,1009.68,1009.2,2.0,0.99,20.0,0.5,0.9,0.4,4.3,5.0,5.7,5.0,2.0,1.4,20.0,0.5,0.9,0.4,-6.5,-4.8,-3.1,-4.8,2.0,3.5,20.0,0.5,0.9,0.4,-17.7,-13.1,-8.5,-13.1,2.0,9.6,20.0,0.5,0.9,0.4,0.6,0.6,0.6,0.6,1.0,0.0,20.0,0.0,0.9,0.2,1.6,1.6,1.6,1.6,1.0,0.0,20.0,0.0,0.9,0.2,3.28,3.28,3.28,3.28,1.0,0.0,20.0,0.0,0.9,0.2,8.5,8.5,8.5,8.5,1.0,0.0,20.0,0.0,0.9,0.2,-23.1,-23.1,-23.1,-23.1,1.0,0.0,20.0,0.0,0.9,0.2,-63.5,-63.5,-63.5,-63.5,1.0,0.0,20.0,0.0,0.9,0.2,-16.5,-16.5,-16.5,-16.5,1.0,0.0,20.0,0.0,0.9,0.2,-45.3,-45.3,-45.3,-45.3,1.0,0.0,20.0,0.0,0.9,0.2,-2.9,-2.9,-2.9,-2.9,1.0,0.0,20.0,0.0,0.9,0.2,-8.0,-8.0,-8.0,-8.0,1.0,0.0,20.0,0.0,0.9,0.2,30.0,57.5,84.5,57.5,2.0,56.5,20.0,0.5,0.9,0.4,30.0,55.0,85.0,55.0,2.0,55.0,20.0,0.5,0.9,0.4
1974,2,54.0,0.0,27.08,27.25,27.42,27.25,2.0,0.35,20.0,1.0,0.3,0.5,26.8,28.1,29.4,28.1,2.0,2.69,20.0,1.0,0.3,0.5,19.32,19.32,19.32,19.32,1.0,0.0,24.0,1.0,0.0,0.7,72.8,72.8,72.8,72.8,1.0,0.0,24.0,1.0,0.7,4.54,5.7,7.07,5.8,3.0,1.85,18.0,1.0,0.5,0.6,-4.2,-3.85,-2.16,-3.19,3.0,1.6,18.0,1.0,0.5,0.6,-5.74,-3.76,-3.69,-4.7,3.0,1.71,18.0,1.0,0.5,0.6,1011.45,1012.2,1012.4,1011.93,3.0,0.74,18.0,1.0,0.5,0.6,1.3,2.0,2.7,2.0,3.0,1.0,18.0,1.0,0.5,0.6,-28.1,-24.9,-11.6,-20.0,3.0,12.8,18.0,1.0,0.5,0.6,-41.7,-20.9,-16.9,-29.1,3.0,19.5,18.0,1.0,0.5,0.6,-1.98,-0.85,0.28,-0.85,2.0,2.33,20.0,1.0,0.3,0.5,-15.7,-8.0,-0.4,-8.0,2.0,15.9,20.0,1.0,0.3,0.5,3.67,3.67,3.67,3.67,1.0,0.0,24.0,1.0,0.0,0.7,28.3,28.3,28.3,28.3,1.0,0.0,24.0,1.0,0.0,0.7,-102.9,-75.7,-48.5,-75.7,2.0,56.3,20.0,1.0,0.3,0.5,-183.9,-149.3,-114.6,-149.3,2.0,71.8,20.0,1.0,0.3,0.5,-74.4,-74.4,-74.4,-74.4,1.0,0.0,24.0,1.0,0.0,0.7,-128.8,-128.8,-128.8,-128.8,1.0,0.0,24.0,1.0,0.0,0.7,-14.1,-14.1,-14.1,-14.1,1.0,0.0,24.0,1.0,0.0,0.7,-24.5,-24.5,-24.5,-24.5,1.0,0.0,24.0,1.0,0.0,0.7,102.5,185.0,370.5,235.0,3.0,201.0,18.0,1.0,0.5,0.6,100.0,185.0,370.0,235.0,3.0,200.0,18.0,1.0,0.5,0.6
1974,2,54.0,1.0,,,,,,,,,,,,,,,,,,,,,,,,,,,,,,,,,,,,,,,,8.2,8.2,8.2,8.2,1.0,0.0,18.0,1.0,0.7,0.4,-5.27,-5.27,-5.27,-5.27,1.0,0.0,18.0,1.0,0.7,0.4,-6.28,-6.28,-6.28,-6.28,1.0,0.0,18.0,1.0,0.7,0.4,1009.1,1009.1,1009.1,1009.1,1.0,0.0,18.0,1.0,0.7,0.4,,,,,,,,,,,,,,,,,,,,,,,,,,,,,,,,,,,,,,,,,,,,,,,,,,,,,,,,,,,,,,,,,,,,,,,,,,,,,,,,,,,,,,,,,,,,,,,,,,,,,,,,,,,,,,,,,,,,,,,,,,,,,,,,,,,,,,,,,,,,,,,,,,,,,,
1974,2,54.0,2.0,27.0,27.0,27.0,27.0,1.0,0.0,6.0,0.0,0.8,0.4,26.36,26.7,27.04,26.7,2.0,0.71,12.0,0.0,0.7,0.4,17.52,17.52,17.52,17.52,1.0,0.0,18.0,0.0,0.6,0.4,77.8,77.8,77.8,77.8,1.0,0.0,18.0,0.0,0.4,7.27,7.85,8.43,7.85,2.0,1.2,12.0,0.0,0.7,0.4,-4.48,-4.42,-4.37,-4.42,2.0,0.11,12.0,0.0,0.7,0.4,-7.19,-6.45,-5.71,-6.45,2.0,1.54,12.0,0.0,0.7,0.4,1010.99,1011.6,1012.21,1011.6,2.0,1.27,12.0,0.0,0.7,0.4,3.2,3.5,3.8,3.5,2.0,0.7,12.0,0.0,0.7,0.4,-36.8,-34.7,-32.5,-34.7,2.0,4.5,12.0,0.0,0.7,0.4,-61.1,-51.5,-42.0,-51.5,2.0,19.8,12.0,0.0,0.7,0.4,,,,,,,,,,,,,,,,,,,,,,,,,,,,,,,,,,,,,,,,,-118.3,-118.1,-118.0,-118.1,2.0,0.3,12.0,0.0,0.7,0.4,-194.7,-172.7,-150.7,-172.7,2.0,45.6,12.0,0.0,0.7,0.4,-76.2,-76.2,-76.2,-76.2,1.0,0.0,18.0,0.0,0.6,0.4,-132.0,-132.0,-132.0,-132.0,1.0,0.0,18.0,0.0,0.6,0.4,,,,,,,,,,,,,,,,,,,,,,,,,,,,,,,,,,,,,,,,
1974,2,54.0,3.0,,,,,,,,,,,,,,,,,,,,,,,,,,,,,,,,,,,,,,,,9.8,9.8,9.8,9.8,1.0,0.0,20.0,0.0,0.7,0.3,-6.3,-6.3,-6.3,-6.3,1.0,0.0,20.0,0.0,0.7,0.3,-7.51,-7.51,-7.51,-7.51,1.0,0.0,20.0,0.0,0.7,0.3,1009.5,1009.5,1009.5,1009.5,1.0,0.0,20.0,0.0,0.7,0.3,2.0,2.0,2.0,2.0,1.0,0.0,20.0,0.0,0.7,0.3,-61.7,-61.7,-61.7,-61.7,1.0,0.0,20.0,0.0,0.7,0.3,-73.6,-73.6,-73.6,-73.6,1.0,0.0,20.0,0.0,0.7,0.3,,,,,,,,,,,,,,,,,,,,,,,,,,,,,,,,,,,,,,,,,-168.2,-168.2,-168.2,-168.2,1.0,0.0,20.0,0.0,0.7,0.3,-200.4,-200.4,-200.4,-200.4,1.0,0.0,20.0,0.0,0.7,0.3,-110.7,-110.7,-110.7,-110.7,1.0,0.0,20.0,0.0,0.7,0.3,-131.9,-131.9,-131.9,-131.9,1.0,0.0,20.0,0.0,0.7,0.3,,,,,,,,,,,,,,,,,,,,,,,,,,,,,,,,,,,,,,,,
1974,2,54.0,4.0,26.75,26.85,26.95,26.85,2.0,0.21,8.0,0.5,0.7,0.6,26.44,27.4,28.36,27.4,2.0,1.98,8.0,0.5,0.7,0.6,17.67,17.7,17.72,17.7,2.0,0.06,8.0,0.5,0.7,0.6,73.4,77.9,82.5,77.9,2.0,9.4,8.0,0.5,0.6,6.6,7.45,8.3,7.45,2.0,1.77,8.0,0.5,0.7,0.6,-5.34,-4.79,-4.24,-4.79,2.0,1.14,8.0,0.5,0.7,0.6,-6.36,-5.71,-5.05,-5.71,2.0,1.35,8.0,0.5,0.7,0.6,1011.21,1011.65,1012.09,1011.65,2.0,0.92,8.0,0.5,0.7,0.6,3.6,5.0,6.4,5.0,2.0,2.8,8.0,0.5,0.7,0.6,-44.9,-36.7,-28.5,-36.7,2.0,16.9,8.0,0.5,0.7,0.6,-53.5,-43.7,-34.0,-43.7,2.0,20.2,8.0,0.5,0.7,0.6,-1.61,-0.55,0.51,-0.55,2.0,2.19,8.0,0.5,0.7,0.6,-9.6,-2.2,5.3,-2.2,2.0,15.4,8.0,0.5,0.7,0.6,4.34,4.43,4.53,4.43,2.0,0.2,8.0,0.5,0.7,0.6,28.7,33.2,37.7,33.2,2.0,9.3,8.0,0.5,0.7,0.6,-140.5,-130.1,-119.6,-130.1,2.0,21.7,8.0,0.5,0.7,0.6,-167.5,-155.0,-142.6,-155.0,2.0,25.8,8.0,0.5,0.7,0.6,-94.6,-84.8,-74.9,-84.8,2.0,20.4,8.0,0.5,0.7,0.6,-112.8,-101.0,-89.3,-101.0,2.0,24.3,8.0,0.5,0.7,0.6,-24.2,-21.3,-18.5,-21.3,2.0,6.0,8.0,0.5,0.7,0.6,-28.9,-25.4,-22.0,-25.4,2.0,7.1,8.0,0.5,0.7,0.6,305.0,448.5,592.0,448.5,2.0,297.0,8.0,0.5,0.7,0.6,305.0,450.0,590.0,450.0,2.0,295.0,8.0,0.5,0.7,0.6
1974,2,54.0,5.0,26.9,26.9,26.9,26.9,1.0,0.0,2.0,1.0,0.2,0.1,28.0,28.0,28.0,28.0,1.0,0.0,2.0,1.0,0.2,0.1,18.05,18.05,18.05,18.05,1.0,0.0,2.0,1.0,0.2,0.1,76.6,76.6,76.6,76.6,1.0,0.0,2.0,1.0,0.1,5.58,7.7,9.82,7.7,2.0,4.38,10.0,1.0,0.5,0.3,-7.33,-5.29,-3.25,-5.29,2.0,4.22,10.0,1.0,0.5,0.3,-6.47,-5.46,-4.45,-5.46,2.0,2.09,10.0,1.0,0.5,0.3,1010.1,1011.4,1012.7,1011.4,2.0,2.69,10.0,1.0,0.5,0.3,3.3,4.0,4.7,4.0,2.0,1.4,10.0,1.0,0.5,0.3,-76.9,-50.0,-23.1,-50.0,2.0,55.7,10.0,1.0,0.5,0.3,-66.0,-46.6,-27.3,-46.6,2.0,40.1,10.0,1.0,0.5,0.3,-1.1,-1.1,-1.1,-1.1,1.0,0.0,2.0,1.0,0.2,0.1,-5.1,-5.1,-5.1,-5.1,1.0,0.0,2.0,1.0,0.2,0.1,4.11,4.11,4.11,4.11,1.0,0.0,2.0,1.0,0.2,0.1,18.9,18.9,18.9,18.9,1.0,0.0,2.0,1.0,0.2,0.1,-64.4,-64.4,-64.4,-64.4,1.0,0.0,2.0,1.0,0.2,0.1,-111.5,-111.5,-111.5,-111.5,1.0,0.0,2.0,1.0,0.2,0.1,-41.5,-41.5,-41.5,-41.5,1.0,0.0,2.0,1.0,0.2,0.1,-71.9,-71.9,-71.9,-71.9,1.0,0.0,2.0,1.0,0.2,0.1,-9.5,-9.5,-9.5,-9.5,1.0,0.0,2.0,1.0,0.2,0.1,-16.4,-16.4,-16.4,-16.4,1.0,0.0,2.0,1.0,0.2,0.1,282.0,678.5,1075.0,678.5,2.0,822.0,10.0,1.0,0.5,0.3,280.0,680.0,1075.0,680.0,2.0,820.0,10.0,1.0,0.5,0.3
1974,2,54.0,6.0,25.81,26.25,26.69,26.25,2.0,0.92,10.0,0.5,0.8,0.4,25.9,27.2,27.95,26.93,3.0,1.52,14.0,0.3,0.8,0.5,16.22,17.52,17.7,16.97,3.0,1.19,14.0,0.3,0.8,0.5,75.0,77.6,77.8,76.4,3.0,2.2,14.0,0.3,0.5,5.24,7.7,9.47,7.37,3.0,3.11,14.0,0.3,0.8,0.5,-8.72,-6.67,-4.54,-6.63,3.0,3.06,14.0,0.3,0.8,0.5,-3.75,-3.52,-2.52,-3.14,3.0,0.96,14.0,0.3,0.8,0.5,1009.98,1010.8,1011.96,1010.97,3.0,1.46,14.0,0.3,0.8,0.5,2.0,2.0,3.4,2.7,3.0,1.2,14.0,0.3,0.8,0.5,-84.3,-51.3,-26.2,-55.2,3.0,42.7,14.0,0.3,0.8,0.5,-34.2,-29.6,-15.1,-24.8,3.0,14.6,14.0,0.3,0.8,0.5,-1.13,-0.55,0.03,-0.55,2.0,1.2,10.0,0.5,0.8,0.4,-4.5,-1.7,1.0,-1.7,2.0,5.7,10.0,0.5,0.8,0.4,4.53,4.7,4.86,4.7,2.0,0.34,10.0,0.5,0.8,0.4,21.4,28.2,34.9,28.2,2.0,14.0,10.0,0.5,0.8,0.4,-233.3,-168.7,-122.1,-177.5,3.0,81.7,14.0,0.3,0.8,0.5,-96.9,-95.8,-70.0,-83.7,3.0,22.3,14.0,0.3,0.8,0.5,-148.8,-104.1,-76.1,-112.3,3.0,53.7,14.0,0.3,0.8,0.5,-61.2,-60.1,-44.0,-52.8,3.0,14.1,14.0,0.3,0.8,0.5,-30.2,-24.4,-18.5,-24.4,2.0,12.1,10.0,0.5,0.8,0.4,-17.5,-14.1,-10.7,-14.1,2.0,7.0,10.0,0.5,0.8,0.4,192.0,456.5,891.0,539.5,3.0,517.0,14.0,0.3,0.8,0.5,190.0,455.0,890.0,540.0,3.0,515.0,14.0,0.3,0.8,0.5
1974,2,54.0,7.0,26.33,26.4,26.62,26.48,5.0,0.3,12.0,0.0,0.6,0.5,25.0,25.1,25.66,25.32,5.0,0.47,12.0,0.0,0.6,0.5,14.78,15.03,15.12,14.95,4.0,0.28,16.0,0.0,0.7,0.4,74.0,76.1,76.4,75.2,4.0,2.1,16.0,0.0,0.4,5.67,6.0,7.75,6.78,5.0,2.28,12.0,0.0,0.6,0.5,-6.77,-5.64,-5.41,-6.1,5.0,1.26,12.0,0.0,0.6,0.5,-3.84,-2.05,-0.98,-2.59,5.0,2.49,12.0,0.0,0.6,0.5,1011.59,1012.2,1012.64,1012.12,5.0,0.56,12.0,0.0,0.6,0.5,0.0,0.0,0.7,0.4,5.0,0.9,12.0,0.0,0.6,0.5,-55.1,-33.8,-30.8,-43.6,5.0,25.9,12.0,0.0,0.6,0.5,-35.2,-12.3,-5.6,-22.1,5.0,29.8,12.0,0.0,0.6,0.5,0.86,1.3,1.4,1.16,5.0,0.29,12.0,0.0,0.6,0.5,6.4,8.4,8.9,7.7,5.0,2.1,12.0,0.0,0.6,0.5,6.42,6.52,6.62,6.52,4.0,0.16,16.0,0.0,0.7,0.4,36.0,38.5,39.1,37.6,4.0,2.3,16.0,0.0,0.7,0.4,-173.0,-141.0,-136.1,-154.7,5.0,35.0,12.0,0.0,0.6,0.5,-98.7,-51.3,-24.8,-66.5,5.0,65.5,12.0,0.0,0.6,0.5,-87.4,-84.7,-78.6,-83.1,4.0,7.1,16.0,0.0,0.7,0.4,-30.8,-23.3,-14.3,-22.6,4.0,9.6,16.0,0.0,0.7,0.4,-37.1,-36.7,-35.2,-36.2,4.0,1.6,16.0,0.0,0.7,0.4,-13.4,-10.0,-6.3,-9.8,4.0,4.1,16.0,0.0,0.7,0.4,185.5,216.0,597.0,408.0,5.0,477.5,12.0,0.0,0.6,0.5,185.0,215.0,595.0,410.0,5.0,475.0,12.0,0.0,0.6,0.5
1974,2,54.0,8.0,25.77,26.4,26.74,26.45,10.0,1.06,16.0,0.2,0.2,0.5,25.0,25.2,26.4,25.53,10.0,0.76,16.0,0.2,0.2,0.5,14.33,14.79,17.04,15.49,10.0,1.57,16.0,0.2,0.2,0.5,71.9,73.6,81.0,75.8,10.0,5.0,16.0,0.2,0.5,4.43,5.0,6.7,5.6,10.0,1.84,16.0,0.2,0.2,0.5,-5.52,-4.92,-3.6,-4.53,10.0,1.37,16.0,0.2,0.2,0.5,-5.16,-1.56,-0.77,-2.61,10.0,2.44,16.0,0.2,0.2,0.5,1010.76,1011.3,1011.93,1011.31,10.0,0.59,16.0,0.2,0.2,0.5,2.0,3.0,5.6,3.4,10.0,2.1,16.0,0.2,0.2,0.5,-37.0,-24.6,-18.6,-26.9,10.0,13.9,16.0,0.2,0.2,0.5,-34.6,-5.1,-3.4,-17.8,10.0,21.5,16.0,0.2,0.2,0.5,0.37,1.2,1.4,0.92,10.0,0.88,16.0,0.2,0.2,0.5,2.2,6.0,6.9,5.5,10.0,6.5,16.0,0.2,0.2,0.5,4.54,6.69,7.21,6.16,10.0,1.21,16.0,0.2,0.2,0.5,28.3,35.4,38.9,34.5,10.0,12.2,16.0,0.2,0.2,0.5,-140.1,-124.1,-93.3,-115.8,10.0,35.7,16.0,0.2,0.2,0.5,-136.5,-39.1,-19.2,-68.2,10.0,65.8,16.0,0.2,0.2,0.5,-89.8,-71.2,-55.0,-70.5,10.0,24.6,16.0,0.2,0.2,0.5,-85.6,-23.6,-11.1,-43.4,10.0,44.0,16.0,0.2,0.2,0.5,-36.0,-34.8,-18.7,-28.7,10.0,10.9,16.0,0.2,0.2,0.5,-24.5,-8.1,-5.3,-14.6,10.0,14.0,16.0,0.2,0.2,0.5,90.0,125.0,301.0,229.0,10.0,226.5,16.0,0.2,0.2,0.5,90.0,125.0,300.0,230.0,10.0,225.0,16.0,0.2,0.2,0.5
1974,2,54.0,9.0,25.6,26.25,27.2,26.49,12.0,0.99,18.0,0.8,0.3,0.6,24.5,25.4,26.33,25.37,12.0,0.76,18.0,0.8,0.3,0.6,13.39,13.85,14.82,14.12,9.0,0.79,22.0,0.8,0.3,0.7,67.3,68.5,74.7,70.3,9.0,3.9,22.0,0.8,0.7,5.1,7.85,8.05,7.04,12.0,1.76,18.0,0.8,0.3,0.6,-7.08,-3.72,-3.04,-4.81,12.0,2.15,18.0,0.8,0.3,0.6,-6.38,-4.21,-3.61,-4.78,12.0,1.57,18.0,0.8,0.3,0.6,1010.05,1011.95,1014.03,1011.88,12.0,2.86,18.0,0.8,0.3,0.6,1.0,1.5,3.3,1.8,12.0,1.3,18.0,0.8,0.3,0.6,-56.6,-27.8,-15.8,-36.5,12.0,23.5,18.0,0.8,0.3,0.6,-51.4,-32.0,-19.9,-34.7,12.0,16.2,18.0,0.8,0.3,0.6,0.2,0.95,2.08,1.13,12.0,1.07,18.0,0.8,0.3,0.6,1.6,5.9,12.5,7.0,12.0,6.1,18.0,0.8,0.3,0.6,5.92,7.66,7.94,7.21,9.0,1.27,22.0,0.8,0.3,0.7,37.6,53.4,61.2,49.2,9.0,13.8,22.0,0.8,0.3,0.7,-180.8,-98.2,-74.0,-122.6,12.0,56.5,18.0,0.8,0.3,0.6,-167.1,-107.7,-90.2,-121.3,12.0,40.3,18.0,0.8,0.3,0.6,-95.8,-56.3,-46.8,-68.1,9.0,23.6,22.0,0.8,0.3,0.7,-92.6,-55.4,-42.0,-63.6,9.0,23.0,22.0,0.8,0.3,0.7,-50.5,-30.5,-20.3,-35.1,9.0,13.7,22.0,0.8,0.3,0.7,-46.2,-30.6,-21.0,-32.5,9.0,12.6,22.0,0.8,0.3,0.7,132.5,484.5,522.0,408.0,12.0,263.0,18.0,0.8,0.3,0.6,135.0,485.0,520.0,410.0,12.0,265.0,18.0,0.8,0.3,0.6
1974,2,54.0,10.0,25.0,26.0,26.88,25.86,35.0,1.14,16.0,0.5,0.3,0.5,24.17,25.25,26.54,25.34,38.0,1.26,16.0,0.6,0.3,0.5,13.26,14.53,15.88,14.62,33.0,1.52,16.0,0.5,0.3,0.5,67.3,72.7,80.0,73.1,33.0,6.9,16.0,0.5,0.5,4.72,7.2,8.2,6.71,34.0,2.21,16.0,0.5,0.3,0.5,-6.57,-5.08,-2.63,-4.73,34.0,1.82,16.0,0.5,0.3,0.5,-6.58,-4.47,-2.66,-4.4,34.0,2.21,16.0,0.5,0.3,0.5,1010.79,1013.6,1014.86,1013.14,37.0,2.49,16.0,0.6,0.3,0.5,1.0,2.0,5.0,2.6,38.0,2.0,16.0,0.6,0.3,0.5,-55.0,-33.5,-16.6,-34.6,34.0,17.8,16.0,0.5,0.3,0.5,-51.5,-29.5,-11.7,-33.2,34.0,22.0,16.0,0.5,0.3,0.5,-0.72,0.5,2.12,0.62,35.0,1.58,16.0,0.5,0.3,0.5,-4.7,3.2,13.1,4.2,32.0,11.8,16.0,0.5,0.3,0.5,4.47,6.29,8.14,6.24,31.0,1.8,16.0,0.5,0.3,0.5,22.5,42.0,59.2,40.7,29.0,18.7,16.0,0.5,0.3,0.5,-163.3,-126.5,-65.2,-119.8,34.0,47.1,16.0,0.5,0.3,0.5,-166.1,-111.0,-69.3,-110.8,34.0,55.1,16.0,0.5,0.3,0.5,-90.1,-69.8,-36.7,-67.6,30.0,27.4,18.0,0.5,0.3,0.5,-91.6,-59.6,-39.3,-62.6,30.0,30.6,18.0,0.5,0.3,0.5,-39.1,-27.6,-13.6,-28.4,29.0,14.9,16.0,0.5,0.3,0.5,-39.8,-23.3,-12.8,-26.8,29.0,16.0,16.0,0.5,0.3,0.5,105.5,373.0,551.5,386.0,34.0,254.5,16.0,0.5,0.3,0.5,105.0,375.0,550.0,385.0,34.0,255.0,16.0,0.5,0.3,0.5
1974,2,54.0,11.0,25.0,26.0,26.68,25.72,33.0,1.03,14.0,0.7,0.5,0.5,24.5,25.15,27.03,25.61,34.0,1.38,14.0,0.6,0.5,0.5,12.95,14.38,15.77,14.44,24.0,1.9,16.0,0.6,0.6,0.5,64.7,70.4,76.9,70.9,24.0,6.8,16.0,0.6,0.5,4.38,7.1,9.3,7.11,36.0,2.81,14.0,0.6,0.5,0.5,-6.65,-4.47,-2.89,-4.88,36.0,1.99,14.0,0.6,0.5,0.5,-7.38,-4.63,-1.26,-4.65,36.0,3.01,14.0,0.6,0.5,0.5,1011.38,1013.6,1016.48,1014.04,35.0,2.49,14.0,0.6,0.5,0.5,2.0,3.0,6.0,3.5,35.0,2.0,14.0,0.6,0.5,0.5,-62.0,-31.5,-14.8,-38.9,36.0,30.3,14.0,0.6,0.5,0.5,-66.3,-33.3,-6.3,-40.2,36.0,37.4,14.0,0.6,0.5,0.5,-2.22,0.5,1.35,0.01,31.0,1.86,14.0,0.6,0.5,0.5,-10.8,2.1,11.2,-0.4,31.0,15.1,14.0,0.6,0.5,0.5,4.47,6.45,7.8,6.05,21.0,1.92,14.0,0.7,0.6,0.5,22.5,30.8,54.5,35.5,21.0,17.5,14.0,0.7,0.6,0.5,-183.9,-122.4,-76.3,-127.7,34.0,51.6,14.0,0.6,0.5,0.5,-177.0,-114.1,-30.9,-112.2,34.0,75.5,14.0,0.6,0.5,0.5,-91.7,-57.7,-48.0,-65.3,24.0,23.3,16.0,0.6,0.6,0.5,-91.8,-51.1,-4.5,-49.0,24.0,36.3,16.0,0.6,0.6,0.5,-34.9,-26.5,-18.6,-26.6,21.0,12.4,14.0,0.7,0.6,0.5,-40.6,-21.3,-0.6,-20.5,21.0,17.0,14.0,0.7,0.6,0.5,84.5,358.0,804.5,534.5,36.0,621.0,14.0,0.6,0.5,0.5,85.0,360.0,805.0,535.0,36.0,620.0,14.0,0.6,0.5,0.5
1974,2,54.0,12.0,24.51,25.5,27.0,25.66,20.0,1.2,14.0,0.6,0.7,0.3,24.0,25.05,26.46,25.22,18.0,1.19,14.0,0.6,0.7,0.3,12.86,14.22,15.9,14.67,12.0,1.98,12.0,0.5,0.7,0.3,67.6,72.5,79.6,73.6,12.0,5.8,12.0,0.5,0.3,3.42,6.6,9.3,6.52,18.0,2.93,14.0,0.6,0.7,0.3,-6.74,-4.45,-2.62,-4.58,18.0,1.84,14.0,0.6,0.7,0.3,-6.28,-3.47,-0.93,-3.83,18.0,3.52,14.0,0.6,0.7,0.3,1011.89,1014.0,1016.31,1014.08,19.0,2.51,14.0,0.6,0.7,0.3,1.9,3.0,4.3,3.1,19.0,1.9,14.0,0.6,0.7,0.3,-54.6,-34.8,-9.0,-33.3,18.0,21.3,14.0,0.6,0.7,0.3,-55.6,-19.6,-5.4,-34.1,18.0,37.4,14.0,0.6,0.7,0.3,-0.76,0.25,1.29,0.31,18.0,1.19,14.0,0.6,0.7,0.3,-2.5,1.5,9.1,2.1,16.0,10.0,14.0,0.6,0.7,0.3,4.04,5.67,7.15,5.44,12.0,1.59,12.0,0.5,0.7,0.3,17.9,33.4,53.9,34.6,11.0,18.4,14.0,0.5,0.7,0.3,-167.1,-114.2,-68.8,-114.8,16.0,47.0,14.0,0.6,0.7,0.3,-161.0,-83.6,-2.7,-94.6,16.0,91.7,14.0,0.6,0.7,0.3,-89.1,-67.4,-43.2,-68.4,11.0,31.6,14.0,0.5,0.7,0.3,-93.4,-43.9,-12.6,-51.3,11.0,48.0,14.0,0.5,0.7,0.3,-39.8,-24.4,-14.1,-26.2,11.0,14.5,14.0,0.5,0.7,0.3,-40.3,-16.7,-3.0,-18.8,11.0,17.5,14.0,0.5,0.7,0.3,40.5,290.5,804.5,436.5,18.0,462.0,14.0,0.6,0.7,0.3,40.0,290.0,805.0,435.0,18.0,460.0,14.0,0.6,0.7,0.3
1974,2,54.0,13.0,25.15,25.9,26.45,25.8,3.0,0.95,12.0,0.7,0.8,0.3,24.86,25.85,26.84,25.85,2.0,2.05,14.0,1.0,0.8,0.2,14.16,14.31,14.47,14.31,2.0,0.31,14.0,1.0,0.8,0.2,64.7,69.5,74.2,69.5,2.0,9.9,14.0,1.0,0.2,3.84,6.4,9.54,6.68,4.0,3.33,12.0,0.8,0.8,0.2,-8.24,-5.1,0.33,-4.01,4.0,5.81,12.0,0.8,0.8,0.2,-4.61,-2.07,0.44,-2.08,4.0,3.09,12.0,0.8,0.8,0.2,1013.34,1014.25,1016.68,1014.98,4.0,2.29,12.0,0.8,0.8,0.2,2.0,2.5,5.6,3.8,4.0,2.9,12.0,0.8,0.8,0.2,-79.8,-35.4,2.2,-38.7,4.0,50.8,12.0,0.8,0.8,0.2,-42.8,-19.3,1.9,-20.4,4.0,26.2,12.0,0.8,0.8,0.2,-1.74,-0.1,1.54,-0.1,2.0,3.39,14.0,1.0,0.8,0.2,-6.1,0.2,6.5,0.2,2.0,13.0,14.0,1.0,0.8,0.2,5.75,6.4,7.05,6.4,2.0,1.35,14.0,1.0,0.8,0.2,21.3,24.9,28.5,24.9,2.0,7.5,14.0,1.0,0.8,0.2,-66.5,-1.4,63.7,-1.4,2.0,134.9,14.0,1.0,0.8,0.2,-8.9,8.6,26.1,8.6,2.0,36.3,14.0,1.0,0.8,0.2,-33.1,3.0,39.2,3.0,2.0,74.9,14.0,1.0,0.8,0.2,-4.2,5.8,15.8,5.8,2.0,20.6,14.0,1.0,0.8,0.2,-11.7,4.5,20.8,4.5,2.0,33.7,14.0,1.0,0.8,0.2,-1.2,3.5,8.1,3.5,2.0,9.7,14.0,1.0,0.8,0.2,57.5,363.5,886.0,466.5,4.0,504.5,12.0,0.8,0.8,0.2,55.0,365.0,885.0,465.0,4.0,505.0,12.0,0.8,0.8,0.2
1974,2,54.0,14.0,24.84,25.15,25.46,25.15,2.0,0.64,18.0,0.5,0.4,0.5,24.37,25.15,25.93,25.15,2.0,1.63,18.0,0.5,0.4,0.5,11.97,12.42,12.87,12.42,2.0,0.92,18.0,0.5,0.4,0.5,61.8,62.6,63.3,62.6,2.0,1.6,18.0,0.5,0.5,3.0,3.85,4.7,3.85,2.0,1.77,18.0,0.5,0.4,0.5,-4.7,-3.85,-3.0,-3.85,2.0,1.77,18.0,0.5,0.4,0.5,0.0,0.0,0.0,0.0,2.0,0.0,18.0,0.5,0.4,0.5,1013.24,1014.4,1015.56,1014.4,2.0,2.4,18.0,0.5,0.4,0.5,0.5,1.5,2.5,1.5,2.0,2.1,18.0,0.5,0.4,0.5,-23.0,-16.4,-9.8,-16.4,2.0,13.6,18.0,0.5,0.4,0.5,0.0,0.0,0.0,0.0,2.0,0.0,18.0,0.5,0.4,0.5,-0.48,0.0,0.48,0.0,2.0,0.99,18.0,0.5,0.4,0.5,-1.0,0.9,2.7,0.9,2.0,3.8,18.0,0.5,0.4,0.5,7.46,7.52,7.57,7.52,2.0,0.11,18.0,0.5,0.4,0.5,22.4,29.0,35.7,29.0,2.0,13.7,18.0,0.5,0.4,0.5,-113.8,-95.4,-77.0,-95.4,2.0,38.2,18.0,0.5,0.4,0.5,0.0,0.0,0.0,0.0,2.0,0.0,18.0,0.5,0.4,0.5,-55.9,-47.0,-38.1,-47.0,2.0,18.4,18.0,0.5,0.4,0.5,0.0,0.0,0.0,0.0,2.0,0.0,18.0,0.5,0.4,0.5,-35.7,-29.0,-22.4,-29.0,2.0,13.7,18.0,0.5,0.4,0.5,0.0,0.0,0.0,0.0,2.0,0.0,18.0,0.5,0.4,0.5,36.0,75.0,114.5,75.0,2.0,81.5,18.0,0.5,0.4,0.5,35.0,75.0,115.0,75.0,2.0,80.0,18.0,0.5,0.4,0.5
1974,2,54.0,15.0,24.69,25.0,25.31,25.0,4.0,0.49,6.0,0.3,0.3,0.5,23.23,23.9,25.1,24.15,4.0,1.35,6.0,0.3,0.3,0.5,12.09,12.81,13.97,13.02,4.0,1.14,6.0,0.3,0.3,0.5,68.0,69.4,71.1,69.5,4.0,2.2,6.0,0.3,0.5,1.51,2.6,7.86,4.63,3.0,4.97,8.0,0.0,0.5,0.4,-7.43,-2.6,-0.94,-4.15,3.0,4.94,8.0,0.0,0.5,0.4,-2.72,-0.98,-0.31,-1.5,3.0,1.82,8.0,0.0,0.5,0.4,1013.36,1014.65,1015.94,1014.65,4.0,1.78,6.0,0.3,0.3,0.5,1.0,2.5,5.1,3.0,4.0,2.9,6.0,0.3,0.3,0.5,-70.2,-6.8,-2.3,-35.5,3.0,55.7,8.0,0.0,0.5,0.4,-25.1,-1.0,-0.3,-12.4,3.0,20.7,8.0,0.0,0.5,0.4,-0.1,1.25,1.76,0.85,4.0,1.3,6.0,0.3,0.3,0.5,1.8,2.3,14.1,7.8,3.0,10.2,8.0,0.0,0.5,0.4,5.77,6.66,7.69,6.73,4.0,1.26,6.0,0.3,0.3,0.5,10.0,16.3,63.4,36.2,3.0,42.8,8.0,0.0,0.5,0.4,-176.5,-62.7,-22.6,-98.7,3.0,116.9,8.0,0.0,0.5,0.4,-64.1,-22.5,-7.1,-35.3,3.0,43.2,8.0,0.0,0.5,0.4,-91.3,-35.0,-12.5,-51.5,3.0,59.5,8.0,0.0,0.5,0.4,-33.0,-11.9,-3.8,-18.2,3.0,22.1,8.0,0.0,0.5,0.4,-59.9,-16.3,-6.0,-32.6,3.0,41.9,8.0,0.0,0.5,0.4,-22.1,-6.9,-2.2,-12.0,3.0,15.3,8.0,0.0,0.5,0.4,6.5,17.5,751.5,370.5,3.0,625.5,8.0,0.0,0.5,0.4,5.0,20.0,750.0,370.0,3.0,625.0,8.0,0.0,0.5,0.4
1974,2,54.0,16.0,24.64,25.6,26.15,25.4,3.0,1.11,14.0,1.0,0.4,0.5,23.69,25.4,25.88,24.8,3.0,1.68,14.0,1.0,0.4,0.5,10.92,11.3,11.89,11.4,3.0,0.71,14.0,1.0,0.4,0.5,55.0,58.0,63.1,59.0,3.0,6.0,14.0,1.0,0.5,5.45,6.2,8.66,7.03,3.0,2.46,14.0,1.0,0.4,0.5,-8.14,-5.83,-4.52,-6.31,3.0,2.68,14.0,1.0,0.4,0.5,-3.33,-3.28,0.41,-1.5,3.0,3.14,14.0,1.0,0.4,0.5,1015.3,1016.6,1017.83,1016.57,3.0,1.85,14.0,1.0,0.4,0.5,0.3,1.0,1.0,0.7,3.0,0.6,14.0,1.0,0.4,0.5,-73.1,-36.1,-25.1,-48.8,3.0,36.8,14.0,1.0,0.4,0.5,-27.7,-16.7,3.7,-12.1,3.0,23.3,14.0,1.0,0.4,0.5,-0.02,1.0,1.2,0.6,3.0,0.96,14.0,1.0,0.4,0.5,-1.4,6.2,6.5,2.6,3.0,6.5,14.0,1.0,0.4,0.5,7.72,8.3,9.93,8.81,3.0,1.68,14.0,1.0,0.4,0.5,46.9,66.3,76.6,61.9,3.0,22.0,14.0,1.0,0.4,0.5,-211.0,-148.0,-108.0,-159.3,3.0,76.1,14.0,1.0,0.4,0.5,-83.5,-75.1,12.9,-36.2,3.0,78.3,14.0,1.0,0.4,0.5,-96.3,-62.6,-50.0,-72.9,3.0,35.1,14.0,1.0,0.4,0.5,-39.6,-37.0,3.8,-18.3,3.0,35.7,14.0,1.0,0.4,0.5,-72.0,-62.3,-39.6,-55.9,3.0,24.3,14.0,1.0,0.4,0.5,-26.7,-24.4,7.7,-9.9,3.0,28.2,14.0,1.0,0.4,0.5,166.0,238.5,718.0,437.5,3.0,439.5,14.0,1.0,0.4,0.5,165.0,240.0,720.0,435.0,3.0,440.0,14.0,1.0,0.4,0.5
1974,2,54.0,24.0,,,,,,,,,,,,,,,,,,,,,,,,,,,,,,,,,,,,,,,,7.0,7.0,7.0,7.0,1.0,0.0,8.0,1.0,0.3,0.2,-7.0,-7.0,-7.0,-7.0,1.0,0.0,8.0,1.0,0.3,0.2,0.0,0.0,0.0,0.0,1.0,0.0,8.0,1.0,0.3,0.2,1023.1,1023.1,1023.1,1023.1,1.0,0.0,8.0,1.0,0.3,0.2,,,,,,,,,,,,,,,,,,,,,,,,,,,,,,,,,,,,,,,,,,,,,,,,,,,,,,,,,,,,,,,,,,,,,,,,,,,,,,,,,,,,,,,,,,,,,,,,,,,,,,,,,,,,,,,,,,,,,,,,,,,,,,,,,,,,,,,,,,,,,,,,,,,,,,
1974,2,54.0,25.0,21.95,22.5,23.05,22.5,2.0,1.13,28.0,0.5,0.3,0.5,21.51,21.95,22.39,21.95,2.0,0.92,28.0,0.5,0.3,0.5,13.07,13.51,13.94,13.51,2.0,0.9,28.0,0.5,0.3,0.5,82.1,82.3,82.5,82.3,2.0,0.5,28.0,0.5,0.5,5.1,5.1,5.1,5.1,1.0,0.0,28.0,1.0,0.0,0.7,-4.42,-4.42,-4.42,-4.42,1.0,0.0,28.0,1.0,0.0,0.7,-2.55,-2.55,-2.55,-2.55,1.0,0.0,28.0,1.0,0.0,0.7,1010.5,1012.65,1014.8,1012.65,2.0,4.45,28.0,0.5,0.3,0.5,1.0,3.0,5.0,3.0,2.0,4.2,28.0,0.5,0.3,0.5,-22.5,-22.5,-22.5,-22.5,1.0,0.0,28.0,1.0,0.0,0.7,-13.0,-13.0,-13.0,-13.0,1.0,0.0,28.0,1.0,0.0,0.7,-0.44,0.55,1.54,0.55,2.0,2.05,28.0,0.5,0.3,0.5,-4.6,-4.6,-4.6,-4.6,1.0,0.0,28.0,1.0,0.0,0.7,2.53,3.5,4.47,3.5,2.0,2.01,28.0,0.5,0.3,0.5,10.6,10.6,10.6,10.6,1.0,0.0,28.0,1.0,0.0,0.7,-99.8,-99.8,-99.8,-99.8,1.0,0.0,28.0,1.0,0.0,0.7,-57.6,-57.6,-57.6,-57.6,1.0,0.0,28.0,1.0,0.0,0.7,-62.5,-62.5,-62.5,-62.5,1.0,0.0,28.0,1.0,0.0,0.7,-36.1,-36.1,-36.1,-36.1,1.0,0.0,28.0,1.0,0.0,0.7,-9.2,-9.2,-9.2,-9.2,1.0,0.0,28.0,1.0,0.0,0.7,-5.3,-5.3,-5.3,-5.3,1.0,0.0,28.0,1.0,0.0,0.7,132.5,132.5,132.5,132.5,1.0,0.0,28.0,1.0,0.0,0.7,135.0,135.0,135.0,135.0,1.0,0.0,28.0,1.0,0.0,0.7
1974,2,54.0,26.0,19.96,21.0,22.83,21.13,19.0,1.32,12.0,0.6,0.4,0.3,18.0,20.0,22.66,20.28,18.0,2.33,12.0,0.6,0.4,0.3,8.1,9.2,10.41,9.23,5.0,1.51,14.0,0.6,0.4,0.2,57.3,64.3,72.6,64.4,5.0,9.2,14.0,0.6,0.2,2.6,7.0,8.79,5.81,19.0,2.92,12.0,0.6,0.4,0.3,-8.0,-2.56,3.7,-1.86,19.0,5.66,12.0,0.6,0.4,0.3,-3.4,-0.52,0.0,-1.32,19.0,2.57,12.0,0.6,0.4,0.3,1013.77,1018.0,1020.49,1017.32,19.0,3.6,12.0,0.6,0.4,0.3,0.9,2.0,6.1,3.3,19.0,2.6,12.0,0.6,0.4,0.3,-64.0,-6.7,17.4,-14.9,19.0,46.4,12.0,0.6,0.4,0.3,-24.4,-1.6,0.0,-9.0,19.0,22.8,12.0,0.6,0.4,0.3,-1.38,0.8,3.06,0.74,18.0,2.42,12.0,0.6,0.4,0.3,-11.4,4.7,15.4,4.0,18.0,14.8,12.0,0.6,0.4,0.3,3.87,6.17,7.7,5.99,5.0,2.62,14.0,0.6,0.4,0.2,17.5,40.3,46.5,32.9,5.0,17.0,14.0,0.6,0.4,0.2,-168.3,-63.1,81.5,-38.7,18.0,120.8,12.0,0.6,0.4,0.3,-74.6,-9.2,0.0,-27.3,18.0,56.3,12.0,0.6,0.4,0.3,-78.0,-28.7,-7.3,-37.0,5.0,44.7,14.0,0.6,0.4,0.2,-21.1,-10.7,-3.2,-12.3,5.0,11.3,14.0,0.6,0.4,0.2,-42.6,-37.9,2.9,-22.3,5.0,28.8,14.0,0.6,0.4,0.2,-17.1,-7.9,-0.9,-9.2,5.0,9.5,14.0,0.6,0.4,0.2,17.5,343.0,679.5,335.5,19.0,340.0,12.0,0.6,0.4,0.3,20.0,345.0,680.0,335.0,19.0,340.0,12.0,0.6,0.4,0.3
1974,2,55.0,-67.0,,,,,,,,,,,,,,,,,,,,,,,,,,,,,,,,,,,,,,,,3.6,3.6,3.6,3.6,1.0,0.0,24.0,0.0,0.2,0.9,3.55,3.55,3.55,3.55,1.0,0.0,24.0,0.0,0.2,0.9,-0.63,-0.63,-0.63,-0.63,1.0,0.0,24.0,0.0,0.2,0.9,993.1,993.1,993.1,993.1,1.0,0.0,24.0,0.0,0.2,0.9,,,,,,,,,,,,,,,,,,,,,,,,,,,,,,,,,,,,,,,,,,,,,,,,,,,,,,,,,,,,,,,,,,,,,,,,,,,,,,,,,,,,,,,,,,,,,,,,,,,,,,,,,,,,,,,,,,,,,,,,,,,,,,,,,,,,,,,,,,,,,,,,,,,,,,
1974,2,55.0,-66.0,-0.5,-0.5,-0.5,-0.5,1.0,0.0,28.0,0.0,0.6,1.0,0.8,0.8,0.8,0.8,1.0,0.0,28.0,0.0,0.6,1.0,2.76,2.76,2.76,2.76,1.0,0.0,28.0,0.0,0.6,1.0,66.2,66.2,66.2,66.2,1.0,0.0,28.0,0.0,1.0,,,,,,,,,,,,,,,,,,,,,,,,,,,,,,,,,,,,,,,,,,,,,,,,,,,,,,,,,,,,,,,,,,,,,,,,,,,,,,,,,,,,,,,,,,,,,,,,,,,,,,,,,,,,,,,,,,,,,,,,,,,,,,,,,,,,,,,,,,,,,,,,,,,,,,,,,,,,,,,,,,,,,,,,,,,,,,,,,,,,,,,,,,,,,,
1974,2,55.0,-58.0,1.0,1.0,1.0,1.0,1.0,0.0,8.0,0.0,0.0,0.1,1.7,1.7,1.7,1.7,1.0,0.0,8.0,0.0,0.0,0.1,3.57,3.57,3.57,3.57,1.0,0.0,8.0,0.0,0.0,0.1,82.3,82.3,82.3,82.3,1.0,0.0,8.0,0.0,0.1,14.9,14.9,14.9,14.9,1.0,0.0,8.0,0.0,0.0,0.1,11.41,11.41,11.41,11.41,1.0,0.0,8.0,0.0,0.0,0.1,-9.58,-9.58,-9.58,-9.58,1.0,0.0,8.0,0.0,0.0,0.1,995.3,995.3,995.3,995.3,1.0,0.0,8.0,0.0,0.0,0.1,8.0,8.0,8.0,8.0,1.0,0.0,8.0,0.0,0.0,0.1,170.1,170.1,170.1,170.1,1.0,0.0,8.0,0.0,0.0,0.1,-142.7,-142.7,-142.7,-142.7,1.0,0.0,8.0,0.0,0.0,0.1,-0.7,-0.7,-0.7,-0.7,1.0,0.0,8.0,0.0,0.0,0.1,-10.4,-10.4,-10.4,-10.4,1.0,0.0,8.0,0.0,0.0,0.1,0.56,0.56,0.56,0.56,1.0,0.0,8.0,0.0,0.0,0.1,8.3,8.3,8.3,8.3,1.0,0.0,8.0,0.0,0.0,0.1,19.4,19.4,19.4,19.4,1.0,0.0,8.0,0.0,0.0,0.1,-16.3,-16.3,-16.3,-16.3,1.0,0.0,8.0,0.0,0.0,0.1,40.8,40.8,40.8,40.8,1.0,0.0,8.0,0.0,0.0,0.1,-34.2,-34.2,-34.2,-34.2,1.0,0.0,8.0,0.0,0.0,0.1,6.4,6.4,6.4,6.4,1.0,0.0,8.0,0.0,0.0,0.1,-5.4,-5.4,-5.4,-5.4,1.0,0.0,8.0,0.0,0.0,0.1,3308.0,3308.0,3308.0,3308.0,1.0,0.0,8.0,0.0,0.0,0.1,3310.0,3310.0,3310.0,3310.0,1.0,0.0,8.0,0.0,0.0,0.1
1974,2,55.0,-55.0,,,,,,,,,,,,,,,,,,,,,,,,,,,,,,,,,,,,,,,,8.2,8.2,8.2,8.2,1.0,0.0,28.0,1.0,0.6,0.1,6.28,6.28,6.28,6.28,1.0,0.0,28.0,1.0,0.6,0.1,-5.27,-5.27,-5.27,-5.27,1.0,0.0,28.0,1.0,0.6,0.1,999.7,999.7,999.7,999.7,1.0,0.0,28.0,1.0,0.6,0.1,,,,,,,,,,,,,,,,,,,,,,,,,,,,,,,,,,,,,,,,,,,,,,,,,,,,,,,,,,,,,,,,,,,,,,,,,,,,,,,,,,,,,,,,,,,,,,,,,,,,,,,,,,,,,,,,,,,,,,,,,,,,,,,,,,,,,,,,,,,,,,,,,,,,,,
1974,2,55.0,-48.0,6.0,6.0,6.0,6.0,1.0,0.0,2.0,0.0,0.9,0.8,9.0,9.0,9.0,9.0,1.0,0.0,2.0,0.0,0.9,0.8,7.16,7.16,7.16,7.16,1.0,0.0,2.0,0.0,0.9,0.8,100.0,100.0,100.0,100.0,1.0,0.0,2.0,0.0,0.8,15.4,15.4,15.4,15.4,1.0,0.0,2.0,0.0,0.9,0.8,-5.27,-5.27,-5.27,-5.27,1.0,0.0,2.0,0.0,0.9,0.8,-14.47,-14.47,-14.47,-14.47,1.0,0.0,2.0,0.0,0.9,0.8,1006.2,1006.2,1006.2,1006.2,1.0,0.0,2.0,0.0,0.9,0.8,8.0,8.0,8.0,8.0,1.0,0.0,2.0,0.0,0.9,0.8,-81.1,-81.1,-81.1,-81.1,1.0,0.0,2.0,0.0,0.9,0.8,-222.9,-222.9,-222.9,-222.9,1.0,0.0,2.0,0.0,0.9,0.8,-3.0,-3.0,-3.0,-3.0,1.0,0.0,2.0,0.0,0.9,0.8,-46.2,-46.2,-46.2,-46.2,1.0,0.0,2.0,0.0,0.9,0.8,-1.33,-1.33,-1.33,-1.33,1.0,0.0,2.0,0.0,0.9,0.8,-20.5,-20.5,-20.5,-20.5,1.0,0.0,2.0,0.0,0.9,0.8,-47.4,-47.4,-47.4,-47.4,1.0,0.0,2.0,0.0,0.9,0.8,-130.2,-130.2,-130.2,-130.2,1.0,0.0,2.0,0.0,0.9,0.8,-37.7,-37.7,-37.7,-37.7,1.0,0.0,2.0,0.0,0.9,0.8,-103.6,-103.6,-103.6,-103.6,1.0,0.0,2.0,0.0,0.9,0.8,7.0,7.0,7.0,7.0,1.0,0.0,2.0,0.0,0.9,0.8,19.3,19.3,19.3,19.3,1.0,0.0,2.0,0.0,0.9,0.8,3652.5,3652.5,3652.5,3652.5,1.0,0.0,2.0,0.0,0.9,0.8,3650.0,3650.0,3650.0,3650.0,1.0,0.0,2.0,0.0,0.9,0.8
1974,2,55.0,-45.0,9.73,11.3,12.87,11.3,2.0,3.25,10.0,1.0,0.6,0.4,8.36,10.85,13.34,10.85,2.0,5.16,10.0,1.0,0.6,0.4,4.98,4.98,4.98,4.98,1.0,0.0,16.0,1.0,0.2,0.2,80.1,80.1,80.1,80.1,1.0,0.0,16.0,1.0,0.2,7.49,10.7,13.91,10.7,2.0,6.65,10.0,1.0,0.6,0.4,-3.46,0.29,4.03,0.29,2.0,7.75,10.0,1.0,0.6,0.4,-11.54,-5.64,0.26,-5.64,2.0,12.22,10.0,1.0,0.6,0.4,1012.45,1016.65,1020.85,1016.65,2.0,8.7,10.0,1.0,0.6,0.4,5.0,5.0,5.0,5.0,1.0,0.0,16.0,1.0,0.2,0.2,-12.1,28.8,69.8,28.8,2.0,84.9,10.0,1.0,0.6,0.4,-182.1,-100.9,-19.8,-100.9,2.0,168.2,10.0,1.0,0.6,0.4,-0.47,0.45,1.37,0.45,2.0,1.91,10.0,1.0,0.6,0.4,-9.9,-1.5,6.9,-1.5,2.0,17.4,10.0,1.0,0.6,0.4,2.06,2.06,2.06,2.06,1.0,0.0,16.0,1.0,0.2,0.2,12.3,12.3,12.3,12.3,1.0,0.0,16.0,1.0,0.2,0.2,-18.2,23.1,64.4,23.1,2.0,85.6,10.0,1.0,0.6,0.4,-170.8,-92.7,-14.7,-92.7,2.0,161.7,10.0,1.0,0.6,0.4,-25.9,-25.9,-25.9,-25.9,1.0,0.0,16.0,1.0,0.2,0.2,14.9,14.9,14.9,14.9,1.0,0.0,16.0,1.0,0.2,0.2,-10.7,-10.7,-10.7,-10.7,1.0,0.0,16.0,1.0,0.2,0.2,6.2,6.2,6.2,6.2,1.0,0.0,16.0,1.0,0.2,0.2,761.5,1934.0,3107.0,1934.0,2.0,2430.0,10.0,1.0,0.6,0.4,760.0,1935.0,3105.0,1935.0,2.0,2430.0,10.0,1.0,0.6,0.4
1974,2,55.0,-42.0,15.2,15.2,15.2,15.2,1.0,0.0,2.0,0.0,0.8,0.5,15.0,15.0,15.0,15.0,1.0,0.0,2.0,0.0,0.8,0.5,10.54,10.54,10.54,10.54,1.0,0.0,2.0,0.0,0.8,0.5,100.0,100.0,100.0,100.0,1.0,0.0,2.0,0.0,0.5,4.6,4.6,4.6,4.6,1.0,0.0,2.0,0.0,0.8,0.5,0.8,0.8,0.8,0.8,1.0,0.0,2.0,0.0,0.8,0.5,-4.53,-4.53,-4.53,-4.53,1.0,0.0,2.0,0.0,0.8,0.5,1017.0,1017.0,1017.0,1017.0,1.0,0.0,2.0,0.0,0.8,0.5,,,,,,,,,,,,,,,,,,,,,,,,,,,,,,,0.2,0.2,0.2,0.2,1.0,0.0,2.0,0.0,0.8,0.5,0.9,0.9,0.9,0.9,1.0,0.0,2.0,0.0,0.8,0.5,0.14,0.14,0.14,0.14,1.0,0.0,2.0,0.0,0.8,0.5,0.6,0.6,0.6,0.6,1.0,0.0,2.0,0.0,0.8,0.5,12.0,12.0,12.0,12.0,1.0,0.0,2.0,0.0,0.8,0.5,-68.0,-68.0,-68.0,-68.0,1.0,0.0,2.0,0.0,0.8,0.5,8.4,8.4,8.4,8.4,1.0,0.0,2.0,0.0,0.8,0.5,-47.7,-47.7,-47.7,-47.7,1.0,0.0,2.0,0.0,0.8,0.5,0.1,0.1,0.1,0.1,1.0,0.0,2.0,0.0,0.8,0.5,-0.6,-0.6,-0.6,-0.6,1.0,0.0,2.0,0.0,0.8,0.5,97.5,97.5,97.5,97.5,1.0,0.0,2.0,0.0,0.8,0.5,95.0,95.0,95.0,95.0,1.0,0.0,2.0,0.0,0.8,0.5
1974,2,55.0,-40.0,18.0,18.0,18.0,18.0,1.0,0.0,16.0,1.0,0.3,0.6,21.0,21.0,21.0,21.0,1.0,0.0,16.0,1.0,0.3,0.6,13.69,13.69,13.69,13.69,1.0,0.0,16.0,1.0,0.3,0.6,88.9,88.9,88.9,88.9,1.0,0.0,16.0,1.0,0.6,3.6,3.6,3.6,3.6,1.0,0.0,16.0,1.0,0.3,0.6,-3.12,-3.12,-3.12,-3.12,1.0,0.0,16.0,1.0,0.3,0.6,-1.8,-1.8,-1.8,-1.8,1.0,0.0,16.0,1.0,0.3,0.6,1016.7,1016.7,1016.7,1016.7,1.0,0.0,16.0,1.0,0.3,0.6,8.0,8.0,8.0,8.0,1.0,0.0,16.0,1.0,0.3,0.6,-11.2,-11.2,-11.2,-11.2,1.0,0.0,16.0,1.0,0.3,0.6,-6.5,-6.5,-6.5,-6.5,1.0,0.0,16.0,1.0,0.3,0.6,-3.0,-3.0,-3.0,-3.0,1.0,0.0,16.0,1.0,0.3,0.6,-10.8,-10.8,-10.8,-10.8,1.0,0.0,16.0,1.0,0.3,0.6,-0.92,-0.92,-0.92,-0.92,1.0,0.0,16.0,1.0,0.3,0.6,-3.3,-3.3,-3.3,-3.3,1.0,0.0,16.0,1.0,0.3,0.6,-65.5,-65.5,-65.5,-65.5,1.0,0.0,16.0,1.0,0.3,0.6,-37.8,-37.8,-37.8,-37.8,1.0,0.0,16.0,1.0,0.3,0.6,-42.7,-42.7,-42.7,-42.7,1.0,0.0,16.0,1.0,0.3,0.6,-24.7,-24.7,-24.7,-24.7,1.0,0.0,16.0,1.0,0.3,0.6,2.9,2.9,2.9,2.9,1.0,0.0,16.0,1.0,0.3,0.6,1.7,1.7,1.7,1.7,1.0,0.0,16.0,1.0,0.3,0.6,46.5,46.5,46.5,46.5,1.0,0.0,16.0,1.0,0.3,0.6,45.0,45.0,45.0,45.0,1.0,0.0,16.0,1.0,0.3,0.6
1974,2,55.0,-35.0,,,,,,,,,,,,,,,,,,,,,,,,,,,,,,,,,,,,,,,,6.2,6.2,6.2,6.2,1.0,0.0,8.0,1.0,0.8,0.6,-5.83,-5.83,-5.83,-5.83,1.0,0.0,8.0,1.0,0.8,0.6,-2.12,-2.12,-2.12,-2.12,1.0,0.0,8.0,1.0,0.8,0.6,1027.2,1027.2,1027.2,1027.2,1.0,0.0,8.0,1.0,0.8,0.6,,,,,,,,,,,,,,,,,,,,,,,,,,,,,,,,,,,,,,,,,,,,,,,,,,,,,,,,,,,,,,,,,,,,,,,,,,,,,,,,,,,,,,,,,,,,,,,,,,,,,,,,,,,,,,,,,,,,,,,,,,,,,,,,,,,,,,,,,,,,,,,,,,,,,,
1974,2,55.0,-34.0,24.8,24.8,24.8,24.8,1.0,0.0,6.0,0.0,0.7,0.7,23.7,23.7,23.7,23.7,1.0,0.0,6.0,0.0,0.7,0.7,15.38,15.38,15.38,15.38,1.0,0.0,6.0,0.0,0.7,0.7,85.4,85.4,85.4,85.4,1.0,0.0,6.0,0.0,0.7,3.6,3.6,3.6,3.6,1.0,0.0,6.0,0.0,0.7,0.7,-2.31,-2.31,-2.31,-2.31,1.0,0.0,6.0,0.0,0.7,0.7,-2.76,-2.76,-2.76,-2.76,1.0,0.0,6.0,0.0,0.7,0.7,1026.1,1026.1,1026.1,1026.1,1.0,0.0,6.0,0.0,0.7,0.7,4.0,4.0,4.0,4.0,1.0,0.0,6.0,0.0,0.7,0.7,-8.3,-8.3,-8.3,-8.3,1.0,0.0,6.0,0.0,0.7,0.7,-9.9,-9.9,-9.9,-9.9,1.0,0.0,6.0,0.0,0.7,0.7,1.1,1.1,1.1,1.1,1.0,0.0,6.0,0.0,0.7,0.7,4.0,4.0,4.0,4.0,1.0,0.0,6.0,0.0,0.7,0.7,3.91,3.91,3.91,3.91,1.0,0.0,6.0,0.0,0.7,0.7,14.1,14.1,14.1,14.1,1.0,0.0,6.0,0.0,0.7,0.7,-54.8,-54.8,-54.8,-54.8,1.0,0.0,6.0,0.0,0.7,0.7,-65.4,-65.4,-65.4,-65.4,1.0,0.0,6.0,0.0,0.7,0.7,-35.6,-35.6,-35.6,-35.6,1.0,0.0,6.0,0.0,0.7,0.7,-42.4,-42.4,-42.4,-42.4,1.0,0.0,6.0,0.0,0.7,0.7,-9.1,-9.1,-9.1,-9.1,1.0,0.0,6.0,0.0,0.7,0.7,-10.8,-10.8,-10.8,-10.8,1.0,0.0,6.0,0.0,0.7,0.7,46.5,46.5,46.5,46.5,1.0,0.0,6.0,0.0,0.7,0.7,45.0,45.0,45.0,45.0,1.0,0.0,6.0,0.0,0.7,0.7
1974,2,55.0,-32.0,25.23,26.15,27.07,26.15,2.0,1.91,10.0,0.5,0.1,0.4,25.32,26.0,26.68,26.0,2.0,1.41,10.0,0.5,0.1,0.4,16.74,17.21,17.68,17.21,2.0,0.98,10.0,0.5,0.1,0.4,81.6,82.6,83.5,82.6,2.0,2.0,10.0,0.5,0.4,4.6,4.6,4.6,4.6,2.0,0.0,10.0,0.5,0.1,0.4,-3.13,-0.1,2.92,-0.1,2.0,6.26,10.0,0.5,0.1,0.4,-1.45,-1.19,-0.92,-1.19,2.0,0.55,10.0,0.5,0.1,0.4,1016.9,1018.85,1020.8,1018.85,2.0,4.03,10.0,0.5,0.1,0.4,1.3,2.0,2.7,2.0,2.0,1.4,10.0,0.5,0.1,0.4,-14.4,-0.5,13.4,-0.5,2.0,28.8,10.0,0.5,0.1,0.4,-6.7,-5.5,-4.2,-5.5,2.0,2.5,10.0,0.5,0.1,0.4,-0.09,0.15,0.39,0.15,2.0,0.49,10.0,0.5,0.1,0.4,-0.4,0.7,1.8,0.7,2.0,2.3,10.0,0.5,0.1,0.4,3.26,3.92,4.57,3.92,2.0,1.35,10.0,0.5,0.1,0.4,15.0,18.0,21.0,18.0,2.0,6.2,10.0,0.5,0.1,0.4,-85.8,-7.1,71.5,-7.1,2.0,162.9,10.0,0.5,0.1,0.4,-36.5,-30.4,-24.4,-30.4,2.0,12.6,10.0,0.5,0.1,0.4,-56.9,-4.8,47.2,-4.8,2.0,107.8,10.0,0.5,0.1,0.4,-24.1,-20.1,-16.2,-20.1,2.0,8.3,10.0,0.5,0.1,0.4,-16.5,-4.6,7.3,-4.6,2.0,24.7,10.0,0.5,0.1,0.4,-4.5,-4.3,-4.0,-4.3,2.0,0.5,10.0,0.5,0.1,0.4,97.5,97.5,97.5,97.5,2.0,0.0,10.0,0.5,0.1,0.4,95.0,95.0,95.0,95.0,2.0,0.0,10.0,0.5,0.1,0.4
1974,2,55.0,-31.0,24.34,24.5,24.76,24.55,4.0,0.33,18.0,0.5,0.6,0.6,23.55,24.3,25.0,24.28,4.0,0.84,18.0,0.5,0.6,0.6,14.05,16.48,18.23,16.15,4.0,2.48,18.0,0.5,0.6,0.6,74.6,87.7,96.7,85.7,4.0,14.1,18.0,0.5,0.6,8.05,11.8,14.76,11.43,4.0,4.89,18.0,0.5,0.6,0.6,-10.8,-7.26,-3.56,-7.18,4.0,4.18,18.0,0.5,0.6,0.6,-11.88,-8.38,-0.88,-6.47,4.0,7.48,18.0,0.5,0.6,0.6,1012.84,1013.35,1015.17,1013.98,4.0,1.73,18.0,0.5,0.6,0.6,4.0,6.5,8.0,6.0,4.0,2.4,18.0,0.5,0.6,0.6,-159.7,-87.3,-29.6,-94.3,4.0,78.1,18.0,0.5,0.6,0.6,-173.1,-97.8,-25.6,-99.3,4.0,100.2,18.0,0.5,0.6,0.6,-0.26,0.3,0.81,0.28,4.0,0.66,18.0,0.5,0.6,0.6,-3.0,5.1,11.3,4.2,4.0,8.5,18.0,0.5,0.6,0.6,0.96,2.53,5.24,3.07,4.0,2.64,18.0,0.5,0.6,0.6,11.4,23.4,50.6,30.6,4.0,26.2,18.0,0.5,0.6,0.6,-254.3,-173.5,-88.9,-171.7,4.0,95.4,18.0,0.5,0.6,0.6,-287.4,-205.0,-17.6,-154.9,4.0,182.0,18.0,0.5,0.6,0.6,-178.3,-117.0,-56.6,-117.4,4.0,71.3,18.0,0.5,0.6,0.6,-194.8,-152.6,-25.7,-112.1,4.0,116.3,18.0,0.5,0.6,0.6,-32.5,-16.6,-7.4,-19.8,4.0,17.1,18.0,0.5,0.6,0.6,-30.8,-7.7,9.9,-10.4,4.0,31.3,18.0,0.5,0.6,0.6,756.5,1652.0,3460.0,2087.5,4.0,2022.5,18.0,0.5,0.6,0.6,755.0,1650.0,3460.0,2085.0,4.0,2025.0,18.0,0.5,0.6,0.6
1974,2,55.0,-30.0,26.24,26.55,26.86,26.55,2.0,0.64,4.0,1.0,0.4,0.6,25.6,25.6,25.6,25.6,1.0,0.0,8.0,1.0,0.9,0.7,14.18,14.18,14.18,14.18,1.0,0.0,8.0,1.0,0.9,0.7,69.9,69.9,69.9,69.9,1.0,0.0,8.0,1.0,0.7,5.93,7.7,9.47,7.7,2.0,3.68,4.0,1.0,0.4,0.6,-8.95,-7.39,-5.83,-7.39,2.0,3.24,4.0,1.0,0.4,0.6,-2.96,-1.76,-0.56,-1.76,2.0,2.49,4.0,1.0,0.4,0.6,1019.55,1019.65,1019.75,1019.65,2.0,0.21,4.0,1.0,0.4,0.6,5.2,5.5,5.8,5.5,2.0,0.7,4.0,1.0,0.4,0.6,-88.0,-62.9,-37.7,-62.9,2.0,52.1,4.0,1.0,0.4,0.6,-30.5,-18.1,-5.8,-18.1,2.0,25.7,4.0,1.0,0.4,0.6,0.5,0.5,0.5,0.5,1.0,0.0,8.0,1.0,0.9,0.7,5.2,5.2,5.2,5.2,1.0,0.0,8.0,1.0,0.9,0.7,6.81,6.81,6.81,6.81,1.0,0.0,8.0,1.0,0.9,0.7,70.1,70.1,70.1,70.1,1.0,0.0,8.0,1.0,0.9,0.7,-247.8,-247.8,-247.8,-247.8,1.0,0.0,8.0,1.0,0.9,0.7,-90.2,-90.2,-90.2,-90.2,1.0,0.0,8.0,1.0,0.9,0.7,-137.2,-137.2,-137.2,-137.2,1.0,0.0,8.0,1.0,0.9,0.7,-49.9,-49.9,-49.9,-49.9,1.0,0.0,8.0,1.0,0.9,0.7,-65.9,-65.9,-65.9,-65.9,1.0,0.0,8.0,1.0,0.9,0.7,-24.0,-24.0,-24.0,-24.0,1.0,0.0,8.0,1.0,0.9,0.7,285.0,612.5,940.5,612.5,2.0,679.0,4.0,1.0,0.4,0.6,285.0,615.0,940.0,615.0,2.0,680.0,4.0,1.0,0.4,0.6
1974,2,55.0,-29.0,,,,,,,,,,,,,,,,,,,,,,,,,,,,,,,,,,,,,,,,14.0,14.0,14.0,14.0,1.0,0.0,14.0,0.0,0.2,0.8,-10.72,-10.72,-10.72,-10.72,1.0,0.0,14.0,0.0,0.2,0.8,-9.0,-9.0,-9.0,-9.0,1.0,0.0,14.0,0.0,0.2,0.8,1013.3,1013.3,1013.3,1013.3,1.0,0.0,14.0,0.0,0.2,0.8,,,,,,,,,,,,,,,,,,,,,,,,,,,,,,,,,,,,,,,,,,,,,,,,,,,,,,,,,,,,,,,,,,,,,,,,,,,,,,,,,,,,,,,,,,,,,,,,,,,,,,,,,,,,,,,,,,,,,,,,,,,,,,,,,,,,,,,,,,,,,,,,,,,,,,
1974,2,55.0,-28.0,,,,,,,,,,,,,,,,,,,,,,,,,,,,,,,,,,,,,,,,4.0,7.0,10.37,7.2,5.0,3.27,14.0,0.4,0.3,0.7,-8.03,-3.76,-3.51,-5.5,5.0,2.92,14.0,0.4,0.3,0.7,-5.41,-1.37,-0.77,-3.1,5.0,4.15,14.0,0.4,0.3,0.7,1012.26,1013.7,1015.71,1013.76,5.0,2.31,14.0,0.4,0.3,0.7,,,,,,,,,,,,,,,,,,,,,,,,,,,,,,,,,,,,,,,,,,,,,,,,,,,,,,,,,,,,,,,,,,,,,,,,,,,,,,,,,,,,,,,,,,,,,,,,,,,,,,,,,,,,,,,,,,,,,,,,,,,,,,,,,,,,,,,,,,,,,,,,,,,,,,
1974,2,55.0,-27.0,,,,,,,,,,,,,,,,,,,,,,,,,,,,,,,,,,,,,,,,5.0,5.0,5.68,5.33,3.0,0.58,20.0,1.0,0.4,0.3,-5.59,-4.7,-4.7,-5.13,3.0,0.75,20.0,1.0,0.4,0.3,0.54,1.71,1.71,1.14,3.0,0.99,20.0,1.0,0.4,0.3,1009.7,1009.7,1009.7,1009.7,1.0,0.0,12.0,1.0,0.1,0.1,,,,,,,,,,,,,,,,,,,,,,,,,,,,,,,,,,,,,,,,,,,,,,,,,,,,,,,,,,,,,,,,,,,,,,,,,,,,,,,,,,,,,,,,,,,,,,,,,,,,,,,,,,,,,,,,,,,,,,,,,,,,,,,,,,,,,,,,,,,,,,,,,,,,,,
1974,2,55.0,-26.0,,,,,,,,,,,,,,,,,,,,,,,,,,,,,,,,,,,,,,,,3.63,4.0,4.37,4.0,5.0,0.71,14.0,0.2,0.6,0.4,-3.97,-3.76,-2.89,-3.5,5.0,0.68,14.0,0.2,0.6,0.4,-1.81,1.37,1.87,0.29,5.0,2.15,14.0,0.2,0.6,0.4,1011.8,1011.8,1011.8,1011.8,1.0,0.0,28.0,0.0,0.8,0.5,,,,,,,,,,,,,,,,,,,,,,,,,,,,,,,,,,,,,,,,,,,,,,,,,,,,,,,,,,,,,,,,,,,,,,,,,,,,,,,,,,,,,,,,,,,,,,,,,,,,,,,,,,,,,,,,,,,,,,,,,,,,,,,,,,,,,,,,,,,,,,,,,,,,,,
1974,2,55.0,-25.0,26.0,26.0,26.0,26.0,1.0,0.0,6.0,0.0,0.7,0.7,25.6,25.6,25.6,25.6,1.0,0.0,6.0,0.0,0.7,0.7,16.65,16.65,16.65,16.65,1.0,0.0,6.0,0.0,0.7,0.7,81.5,81.5,81.5,81.5,1.0,0.0,6.0,0.0,0.7,4.0,5.0,7.73,5.83,4.0,2.5,16.0,0.3,0.6,0.4,-5.52,-0.68,2.1,-1.67,4.0,5.58,16.0,0.3,0.6,0.4,0.0,1.88,4.93,2.44,4.0,2.96,16.0,0.3,0.6,0.4,1013.59,1014.0,1014.55,1014.07,3.0,0.7,16.0,0.0,0.6,0.5,2.9,7.0,8.0,5.5,4.0,3.8,16.0,0.3,0.6,0.4,-47.9,-2.7,8.4,-19.0,4.0,45.9,16.0,0.3,0.6,0.4,0.0,7.5,26.0,12.8,4.0,17.0,16.0,0.3,0.6,0.4,0.4,0.4,0.4,0.4,1.0,0.0,6.0,0.0,0.7,0.7,3.7,3.7,3.7,3.7,1.0,0.0,6.0,0.0,0.7,0.7,4.33,4.33,4.33,4.33,1.0,0.0,6.0,0.0,0.7,0.7,40.3,40.3,40.3,40.3,1.0,0.0,6.0,0.0,0.7,0.7,-238.1,-238.1,-238.1,-238.1,1.0,0.0,6.0,0.0,0.7,0.7,0.0,0.0,0.0,0.0,1.0,0.0,6.0,0.0,0.7,0.7,-154.9,-154.9,-154.9,-154.9,1.0,0.0,6.0,0.0,0.7,0.7,0.0,0.0,0.0,0.0,1.0,0.0,6.0,0.0,0.7,0.7,-40.3,-40.3,-40.3,-40.3,1.0,0.0,6.0,0.0,0.7,0.7,0.0,0.0,0.0,0.0,1.0,0.0,6.0,0.0,0.7,0.7,64.0,140.0,524.0,287.0,4.0,352.0,16.0,0.3,0.6,0.4,65.0,140.0,525.0,285.0,4.0,350.0,16.0,0.3,0.6,0.4
1974,2,55.0,-24.0,26.72,27.2,27.34,27.03,3.0,0.47,14.0,1.0,0.4,0.5,28.18,29.0,29.82,29.0,3.0,1.2,14.0,1.0,0.4,0.5,16.44,17.09,17.74,17.09,2.0,1.36,10.0,1.0,0.4,0.6,66.8,71.1,75.4,71.1,2.0,9.0,10.0,1.0,0.6,3.27,4.6,5.26,4.26,5.0,1.41,16.0,0.6,0.5,0.5,-4.19,-3.21,-1.63,-3.02,5.0,1.65,16.0,0.6,0.5,0.5,-3.14,-1.95,0.3,-1.25,5.0,2.93,16.0,0.6,0.5,0.5,1012.57,1014.6,1015.79,1014.26,5.0,2.12,16.0,0.6,0.5,0.5,2.5,5.0,6.7,4.6,5.0,3.0,16.0,0.8,0.4,0.5,-21.4,-16.1,-5.8,-14.6,5.0,10.7,16.0,0.6,0.5,0.5,-13.7,-11.1,4.8,-4.6,5.0,13.9,16.0,0.6,0.5,0.5,-3.1,-1.8,-0.84,-1.97,3.0,1.66,14.0,1.0,0.4,0.5,-13.4,-10.3,-4.5,-9.0,3.0,6.6,14.0,1.0,0.4,0.5,5.04,5.58,6.13,5.58,2.0,1.14,10.0,1.0,0.4,0.6,24.3,29.2,34.1,29.2,2.0,10.2,10.0,1.0,0.4,0.6,-137.1,-98.0,-72.3,-104.6,3.0,47.8,14.0,1.0,0.4,0.5,-97.5,-82.2,-64.7,-81.1,3.0,24.1,14.0,1.0,0.4,0.5,-82.8,-75.0,-67.2,-75.0,2.0,16.1,10.0,1.0,0.4,0.6,-49.9,-42.4,-34.9,-42.4,2.0,15.5,10.0,1.0,0.4,0.6,-31.5,-25.5,-19.6,-25.5,2.0,12.3,10.0,1.0,0.4,0.6,-13.9,-13.3,-12.7,-13.3,2.0,1.2,10.0,1.0,0.4,0.6,43.5,97.5,147.0,96.0,5.0,66.5,16.0,0.6,0.5,0.5,45.0,95.0,145.0,95.0,5.0,65.0,16.0,0.6,0.5,0.5
1974,2,55.0,-23.0,26.94,28.0,29.21,28.12,6.0,1.23,20.0,0.8,0.3,0.7,26.63,27.3,28.05,27.37,6.0,1.02,20.0,0.8,0.3,0.7,15.55,17.15,17.93,16.76,4.0,1.75,20.0,0.8,0.3,0.7,68.7,77.6,83.2,76.0,4.0,10.9,20.0,0.8,0.7,4.47,7.5,8.2,6.48,10.0,2.66,18.0,0.6,0.3,0.7,-7.45,-3.64,-0.38,-3.66,10.0,4.71,18.0,0.6,0.3,0.7,-4.77,-1.89,2.23,-1.5,10.0,3.77,18.0,0.6,0.3,0.7,1010.34,1012.4,1015.0,1012.56,10.0,2.3,18.0,0.6,0.3,0.7,2.3,5.0,6.0,4.6,9.0,2.1,18.0,0.6,0.3,0.7,-61.1,-24.4,-1.9,-28.4,10.0,41.9,18.0,0.6,0.3,0.7,-39.1,-9.4,11.4,-13.0,10.0,26.1,18.0,0.6,0.3,0.7,-0.92,0.6,1.78,0.75,6.0,1.86,20.0,0.8,0.3,0.7,-7.4,3.1,14.6,5.6,6.0,15.1,20.0,0.8,0.3,0.7,5.8,7.53,9.62,7.7,4.0,2.52,20.0,0.8,0.3,0.7,39.4,55.6,62.0,50.9,4.0,18.3,20.0,0.8,0.3,0.7,-197.2,-99.5,14.2,-79.0,6.0,138.6,20.0,0.8,0.3,0.7,-148.2,-95.6,112.5,-45.7,6.0,135.7,20.0,0.8,0.3,0.7,-90.1,-34.8,54.6,-18.5,4.0,99.8,20.0,0.8,0.3,0.7,-83.9,-0.7,70.0,-6.7,4.0,89.2,20.0,0.8,0.3,0.7,-32.9,-12.8,22.6,-5.5,4.0,41.8,20.0,0.8,0.3,0.7,-36.1,-4.4,37.7,0.6,4.0,44.8,20.0,0.8,0.3,0.7,93.5,427.5,551.5,384.0,10.0,308.5,18.0,0.6,0.3,0.7,95.0,430.0,550.0,385.0,10.0,310.0,18.0,0.6,0.3,0.7
1974,2,55.0,-22.0,26.61,27.0,28.66,27.39,16.0,1.19,14.0,0.7,0.4,0.4,26.08,27.15,28.43,27.19,16.0,1.35,14.0,0.7,0.4,0.4,16.1,17.25,19.03,17.64,14.0,1.83,14.0,0.6,0.4,0.4,73.1,79.2,84.7,78.4,14.0,6.9,14.0,0.6,0.4,5.34,8.2,11.97,8.39,15.0,2.86,14.0,0.7,0.4,0.4,-9.99,-6.67,0.34,-5.76,15.0,5.16,14.0,0.7,0.4,0.4,-7.03,0.0,3.19,-1.64,15.0,4.31,14.0,0.7,0.4,0.4,1010.35,1013.1,1014.62,1012.61,16.0,1.99,14.0,0.7,0.4,0.4,2.0,4.0,7.2,4.4,16.0,2.5,14.0,0.7,0.4,0.4,-114.5,-51.3,5.3,-56.8,15.0,59.6,14.0,0.7,0.4,0.4,-56.1,0.0,25.5,-15.4,15.0,39.4,14.0,0.7,0.4,0.4,-0.46,0.0,1.5,0.21,16.0,1.16,14.0,0.7,0.4,0.4,-4.9,0.0,12.9,1.4,15.0,10.1,14.0,0.7,0.4,0.4,3.93,5.23,7.13,5.32,14.0,2.13,14.0,0.6,0.4,0.4,24.3,44.0,63.1,43.9,13.0,21.8,14.0,0.6,0.4,0.4,-258.2,-182.0,10.5,-153.9,15.0,136.2,14.0,0.7,0.4,0.4,-184.5,0.0,89.6,-44.6,15.0,118.1,14.0,0.7,0.4,0.4,-188.5,-150.4,-47.9,-112.8,13.0,86.2,14.0,0.6,0.4,0.4,-114.2,0.0,56.0,-19.6,13.0,75.0,14.0,0.6,0.4,0.4,-51.8,-26.1,-6.5,-28.0,13.0,28.9,14.0,0.6,0.4,0.4,-41.1,0.0,15.3,-8.0,13.0,28.4,14.0,0.6,0.4,0.4,156.0,551.5,1727.5,781.0,15.0,651.5,14.0,0.7,0.4,0.4,155.0,550.0,1730.0,780.0,15.0,650.0,14.0,0.7,0.4,0.4
1974,2,55.0,-21.0,26.5,27.0,27.6,27.15,18.0,0.67,14.0,0.3,0.5,0.3,25.97,26.2,27.03,26.55,19.0,1.03,14.0,0.4,0.5,0.3,15.89,17.04,17.75,16.98,19.0,1.09,14.0,0.4,0.5,0.3,74.3,78.2,84.1,78.3,19.0,4.3,14.0,0.4,0.3,4.6,6.7,9.52,6.84,21.0,2.79,14.0,0.4,0.5,0.3,-8.95,-5.13,-2.66,-5.42,21.0,3.82,14.0,0.4,0.5,0.3,-4.25,-2.29,2.48,-0.95,21.0,3.24,14.0,0.4,0.5,0.3,1009.81,1011.8,1013.2,1011.76,20.0,1.75,14.0,0.4,0.5,0.3,2.0,5.0,7.8,4.8,21.0,2.5,14.0,0.4,0.5,0.3,-85.5,-34.4,-11.1,-45.2,21.0,49.8,14.0,0.4,0.5,0.3,-34.1,-10.6,13.1,-5.3,21.0,25.2,14.0,0.4,0.5,0.3,0.11,0.45,1.33,0.63,18.0,1.2,14.0,0.3,0.5,0.3,0.2,3.2,7.9,3.2,18.0,8.6,14.0,0.3,0.5,0.3,4.58,5.31,7.27,5.57,18.0,1.52,14.0,0.3,0.5,0.3,24.2,33.5,52.8,38.2,18.0,16.4,14.0,0.3,0.5,0.3,-263.5,-151.5,-76.5,-149.9,19.0,107.7,14.0,0.4,0.5,0.3,-118.9,-59.8,64.9,-35.1,19.0,86.7,14.0,0.4,0.5,0.3,-166.9,-89.0,-47.4,-95.2,19.0,68.7,14.0,0.4,0.5,0.3,-73.4,-39.0,40.3,-22.7,19.0,55.5,14.0,0.4,0.5,0.3,-47.9,-29.1,-15.9,-31.0,18.0,20.6,14.0,0.3,0.5,0.3,-23.0,-11.7,14.3,-4.8,18.0,18.6,14.0,0.3,0.5,0.3,97.5,301.0,873.5,493.5,21.0,665.0,14.0,0.4,0.5,0.3,95.0,300.0,875.0,495.0,21.0,665.0,14.0,0.4,0.5,0.3
1974,2,55.0,-19.0,26.27,27.0,27.31,26.74,5.0,0.99,12.0,0.8,0.5,0.6,27.63,28.5,29.5,28.5,5.0,1.06,12.0,0.8,0.5,0.6,17.38,19.42,20.45,18.94,4.0,2.0,12.0,0.8,0.5,0.7,70.4,81.2,84.5,77.6,4.0,10.0,12.0,0.8,0.7,4.6,5.7,8.75,6.78,5.0,3.21,12.0,0.8,0.5,0.6,-8.61,-2.96,-1.17,-4.54,5.0,5.21,12.0,0.8,0.5,0.6,-4.19,-3.52,0.04,-2.29,5.0,2.89,12.0,0.8,0.5,0.6,1010.63,1012.5,1015.78,1013.1,5.0,2.85,12.0,0.8,0.5,0.6,1.3,3.0,4.8,3.2,5.0,2.9,12.0,0.8,0.5,0.6,-82.5,-13.6,-4.6,-41.9,5.0,63.0,12.0,0.8,0.5,0.6,-21.4,-16.2,4.6,-8.9,5.0,21.3,12.0,0.8,0.5,0.6,-2.68,-2.0,-0.83,-1.76,5.0,1.17,12.0,0.8,0.5,0.6,-17.7,-11.5,-4.7,-11.5,5.0,9.0,12.0,0.8,0.5,0.6,2.37,3.2,4.85,3.59,4.0,1.75,12.0,0.8,0.5,0.7,17.2,25.8,31.5,24.4,4.0,10.0,12.0,0.8,0.5,0.7,-243.6,-87.2,-32.3,-130.0,5.0,152.1,12.0,0.8,0.5,0.6,-121.7,-98.7,3.1,-64.7,5.0,83.4,12.0,0.8,0.5,0.6,-186.7,-85.5,-1.7,-93.8,4.0,120.6,12.0,0.8,0.5,0.7,-85.3,-39.4,12.2,-36.7,4.0,64.6,12.0,0.8,0.5,0.7,-29.2,-20.6,-6.5,-18.0,4.0,16.1,12.0,0.8,0.5,0.7,-16.1,-7.3,1.2,-7.4,4.0,11.4,12.0,0.8,0.5,0.7,97.5,185.0,870.5,508.5,5.0,760.5,12.0,0.8,0.5,0.6,95.0,185.0,870.0,510.0,5.0,760.0,12.0,0.8,0.5,0.6
1974,2,55.0,-18.0,27.06,27.2,27.62,27.34,5.0,0.4,16.0,0.2,0.4,0.4,26.36,26.8,27.69,27.12,6.0,1.1,18.0,0.2,0.3,0.4,15.66,17.42,18.84,17.3,6.0,1.67,18.0,0.2,0.3,0.4,70.3,77.4,85.3,77.2,6.0,8.0,18.0,0.2,0.4,4.39,6.2,9.51,6.7,6.0,2.62,18.0,0.2,0.3,0.4,-9.39,-4.37,-2.95,-5.6,6.0,3.32,18.0,0.2,0.3,0.4,-2.25,-0.81,4.14,0.22,6.0,3.46,18.0,0.2,0.3,0.4,1010.2,1011.15,1012.33,1011.1,6.0,1.87,18.0,0.2,0.3,0.4,1.6,3.0,4.8,3.4,5.0,2.7,16.0,0.2,0.4,0.4,-89.5,-27.1,-11.1,-44.5,6.0,40.8,18.0,0.2,0.3,0.4,-15.7,-3.2,25.7,2.4,6.0,20.2,18.0,0.2,0.3,0.4,-0.87,0.5,1.07,0.08,5.0,1.37,16.0,0.2,0.4,0.4,-3.2,4.7,6.7,2.0,5.0,6.3,16.0,0.2,0.4,0.4,3.63,5.53,6.39,5.2,5.0,1.76,16.0,0.2,0.4,0.4,18.1,34.8,40.2,30.7,5.0,13.3,16.0,0.2,0.4,0.4,-249.5,-116.3,-85.2,-150.3,6.0,86.3,18.0,0.2,0.3,0.4,-64.2,-21.5,111.1,4.6,6.0,93.1,18.0,0.2,0.3,0.4,-164.5,-73.0,-50.7,-96.1,6.0,56.7,18.0,0.2,0.3,0.4,-39.9,-15.1,71.9,1.1,6.0,60.1,18.0,0.2,0.3,0.4,-32.5,-26.6,-13.7,-23.5,5.0,11.1,16.0,0.2,0.4,0.4,-11.1,-6.2,27.6,6.0,5.0,22.3,16.0,0.2,0.4,0.4,87.0,238.5,864.0,419.5,6.0,426.5,18.0,0.2,0.3,0.4,85.0,240.0,865.0,420.0,6.0,425.0,18.0,0.2,0.3,0.4
1974,2,55.0,-17.0,29.5,29.5,29.5,29.5,1.0,0.0,22.0,1.0,0.6,0.6,27.0,27.0,27.0,27.0,1.0,0.0,22.0,1.0,0.6,0.6,19.0,19.0,19.0,19.0,1.0,0.0,22.0,1.0,0.6,0.6,85.2,85.2,85.2,85.2,1.0,0.0,22.0,1.0,0.6,4.6,4.6,4.6,4.6,1.0,0.0,22.0,1.0,0.6,0.6,-2.96,-2.96,-2.96,-2.96,1.0,0.0,22.0,1.0,0.6,0.6,3.52,3.52,3.52,3.52,1.0,0.0,22.0,1.0,0.6,0.6,1010.4,1010.4,1010.4,1010.4,1.0,0.0,22.0,1.0,0.6,0.6,3.0,3.0,3.0,3.0,1.0,0.0,22.0,1.0,0.6,0.6,-13.6,-13.6,-13.6,-13.6,1.0,0.0,22.0,1.0,0.6,0.6,16.2,16.2,16.2,16.2,1.0,0.0,22.0,1.0,0.6,0.6,2.5,2.5,2.5,2.5,1.0,0.0,22.0,1.0,0.6,0.6,11.5,11.5,11.5,11.5,1.0,0.0,22.0,1.0,0.6,0.6,6.91,6.91,6.91,6.91,1.0,0.0,22.0,1.0,0.6,0.6,31.8,31.8,31.8,31.8,1.0,0.0,22.0,1.0,0.6,0.6,-79.8,-79.8,-79.8,-79.8,1.0,0.0,22.0,1.0,0.6,0.6,95.1,95.1,95.1,95.1,1.0,0.0,22.0,1.0,0.6,0.6,-56.2,-56.2,-56.2,-56.2,1.0,0.0,22.0,1.0,0.6,0.6,67.0,67.0,67.0,67.0,1.0,0.0,22.0,1.0,0.6,0.6,-20.4,-20.4,-20.4,-20.4,1.0,0.0,22.0,1.0,0.6,0.6,24.4,24.4,24.4,24.4,1.0,0.0,22.0,1.0,0.6,0.6,97.5,97.5,97.5,97.5,1.0,0.0,22.0,1.0,0.6,0.6,95.0,95.0,95.0,95.0,1.0,0.0,22.0,1.0,0.6,0.6
1974,2,55.0,-14.0,,,,,,,,,,,,,,,,,,,,,,,,,,,,,,,,,,,,,,,,2.1,2.1,2.1,2.1,1.0,0.0,28.0,0.0,0.9,0.2,-1.82,-1.82,-1.82,-1.82,1.0,0.0,28.0,0.0,0.9,0.2,1.05,1.05,1.05,1.05,1.0,0.0,28.0,0.0,0.9,0.2,1011.8,1011.8,1011.8,1011.8,1.0,0.0,28.0,0.0,0.9,0.2,,,,,,,,,,,,,,,,,,,,,,,,,,,,,,,,,,,,,,,,,,,,,,,,,,,,,,,,,,,,,,,,,,,,,,,,,,,,,,,,,,,,,,,,,,,,,,,,,,,,,,,,,,,,,,,,,,,,,,,,,,,,,,,,,,,,,,,,,,,,,,,,,,,,,,
1974,2,55.0,-13.0,27.0,27.0,27.0,27.0,1.0,0.0,4.0,1.0,0.9,0.7,25.31,26.4,27.49,26.4,2.0,2.26,2.0,1.0,0.6,0.4,15.08,15.92,16.75,15.92,2.0,1.73,2.0,1.0,0.6,0.4,73.0,74.0,75.1,74.0,2.0,2.2,2.0,1.0,0.4,2.26,2.6,2.94,2.6,2.0,0.71,2.0,1.0,0.6,0.4,-1.62,-0.81,-0.01,-0.81,2.0,1.67,2.0,1.0,0.6,0.4,-2.33,-2.22,-2.12,-2.22,2.0,0.22,2.0,1.0,0.6,0.4,1010.66,1012.5,1014.34,1012.5,2.0,3.82,2.0,1.0,0.6,0.4,3.6,5.0,6.4,5.0,2.0,2.8,2.0,1.0,0.6,0.4,-5.1,-2.7,-0.3,-2.7,2.0,4.9,2.0,1.0,0.6,0.4,-6.9,-5.9,-4.8,-5.9,2.0,2.1,2.0,1.0,0.6,0.4,-1.0,-1.0,-1.0,-1.0,1.0,0.0,4.0,1.0,0.9,0.7,-2.1,-2.1,-2.1,-2.1,1.0,0.0,4.0,1.0,0.9,0.7,5.23,5.23,5.23,5.23,1.0,0.0,4.0,1.0,0.9,0.7,11.0,11.0,11.0,11.0,1.0,0.0,4.0,1.0,0.9,0.7,-40.0,-19.6,0.7,-19.6,2.0,42.2,2.0,1.0,0.6,0.4,-58.7,-58.4,-58.1,-58.4,2.0,0.7,2.0,1.0,0.6,0.4,-23.6,-11.5,0.6,-11.5,2.0,25.1,2.0,1.0,0.6,0.4,-35.4,-35.2,-35.0,-35.2,2.0,0.4,2.0,1.0,0.6,0.4,1.9,1.9,1.9,1.9,1.0,0.0,4.0,1.0,0.9,0.7,-10.8,-10.8,-10.8,-10.8,1.0,0.0,4.0,1.0,0.9,0.7,12.5,19.5,26.5,19.5,2.0,14.5,2.0,1.0,0.6,0.4,15.0,20.0,25.0,20.0,2.0,15.0,2.0,1.0,0.6,0.4
1974,2,55.0,-11.0,28.1,28.1,28.1,28.1,1.0,0.0,4.0,1.0,0.2,0.7,26.44,27.4,28.36,27.4,2.0,1.98,4.0,0.5,0.1,0.4,19.86,19.86,19.86,19.86,1.0,0.0,6.0,0.0,0.0,0.2,94.2,94.2,94.2,94.2,1.0,0.0,6.0,0.0,0.2,0.24,0.75,1.26,0.75,2.0,1.06,4.0,0.5,0.1,0.4,0.23,0.74,1.24,0.74,2.0,1.04,4.0,0.5,0.1,0.4,0.04,0.13,0.22,0.13,2.0,0.18,4.0,0.5,0.1,0.4,1009.42,1010.75,1012.08,1010.75,2.0,2.76,4.0,0.5,0.1,0.4,4.5,5.5,6.5,5.5,2.0,2.1,4.0,0.5,0.1,0.4,0.4,1.1,1.9,1.1,2.0,1.6,4.0,0.5,0.1,0.4,0.1,0.2,0.3,0.2,2.0,0.3,4.0,0.5,0.1,0.4,,,,,,,,,,,,,,,,,,,,,,,,,,,,,,,,,,,,,,,,,6.1,19.2,32.3,19.2,2.0,27.2,4.0,0.5,0.1,0.4,1.1,3.4,5.7,3.4,2.0,4.8,4.0,0.5,0.1,0.4,29.3,29.3,29.3,29.3,1.0,0.0,6.0,0.0,0.0,0.2,5.2,5.2,5.2,5.2,1.0,0.0,6.0,0.0,0.0,0.2,,,,,,,,,,,,,,,,,,,,,,,,,,,,,,,,,,,,,,,,
1974,2,55.0,-10.0,28.4,28.4,28.4,28.4,1.0,0.0,2.0,0.0,0.9,0.7,26.2,26.2,26.2,26.2,1.0,0.0,2.0,0.0,0.9,0.7,17.43,17.43,17.43,17.43,1.0,0.0,2.0,0.0,0.9,0.7,82.1,82.1,82.1,82.1,1.0,0.0,2.0,0.0,0.7,1.5,1.5,1.5,1.5,1.0,0.0,2.0,0.0,0.9,0.7,-0.75,-0.75,-0.75,-0.75,1.0,0.0,2.0,0.0,0.9,0.7,-1.3,-1.3,-1.3,-1.3,1.0,0.0,2.0,0.0,0.9,0.7,1011.5,1011.5,1011.5,1011.5,1.0,0.0,2.0,0.0,0.9,0.7,4.0,4.0,4.0,4.0,1.0,0.0,2.0,0.0,0.9,0.7,-1.1,-1.1,-1.1,-1.1,1.0,0.0,2.0,0.0,0.9,0.7,-1.9,-1.9,-1.9,-1.9,1.0,0.0,2.0,0.0,0.9,0.7,2.2,2.2,2.2,2.2,1.0,0.0,2.0,0.0,0.9,0.7,3.3,3.3,3.3,3.3,1.0,0.0,2.0,0.0,0.9,0.7,6.84,6.84,6.84,6.84,1.0,0.0,2.0,0.0,0.9,0.7,10.3,10.3,10.3,10.3,1.0,0.0,2.0,0.0,0.9,0.7,-19.6,-19.6,-19.6,-19.6,1.0,0.0,2.0,0.0,0.9,0.7,-34.0,-34.0,-34.0,-34.0,1.0,0.0,2.0,0.0,0.9,0.7,-13.1,-13.1,-13.1,-13.1,1.0,0.0,2.0,0.0,0.9,0.7,-22.6,-22.6,-22.6,-22.6,1.0,0.0,2.0,0.0,0.9,0.7,-5.1,-5.1,-5.1,-5.1,1.0,0.0,2.0,0.0,0.9,0.7,-8.9,-8.9,-8.9,-8.9,1.0,0.0,2.0,0.0,0.9,0.7,3.5,3.5,3.5,3.5,1.0,0.0,2.0,0.0,0.9,0.7,5.0,5.0,5.0,5.0,1.0,0.0,2.0,0.0,0.9,0.7
1974,2,55.0,-9.0,28.0,28.0,28.0,28.0,1.0,0.0,8.0,1.0,0.9,0.1,28.8,28.8,28.8,28.8,1.0,0.0,8.0,1.0,0.9,0.1,18.26,18.26,18.26,18.26,1.0,0.0,8.0,1.0,0.9,0.1,73.5,73.5,73.5,73.5,1.0,0.0,8.0,1.0,0.1,5.7,5.7,5.7,5.7,1.0,0.0,8.0,1.0,0.9,0.1,4.94,4.94,4.94,4.94,1.0,0.0,8.0,1.0,0.9,0.1,-2.85,-2.85,-2.85,-2.85,1.0,0.0,8.0,1.0,0.9,0.1,1007.8,1007.8,1007.8,1007.8,1.0,0.0,8.0,1.0,0.9,0.1,7.0,7.0,7.0,7.0,1.0,0.0,8.0,1.0,0.9,0.1,28.1,28.1,28.1,28.1,1.0,0.0,8.0,1.0,0.9,0.1,-16.2,-16.2,-16.2,-16.2,1.0,0.0,8.0,1.0,0.9,0.1,-0.8,-0.8,-0.8,-0.8,1.0,0.0,8.0,1.0,0.9,0.1,-4.6,-4.6,-4.6,-4.6,1.0,0.0,8.0,1.0,0.9,0.1,5.53,5.53,5.53,5.53,1.0,0.0,8.0,1.0,0.9,0.1,31.5,31.5,31.5,31.5,1.0,0.0,8.0,1.0,0.9,0.1,142.2,142.2,142.2,142.2,1.0,0.0,8.0,1.0,0.9,0.1,-82.1,-82.1,-82.1,-82.1,1.0,0.0,8.0,1.0,0.9,0.1,90.1,90.1,90.1,90.1,1.0,0.0,8.0,1.0,0.9,0.1,-52.0,-52.0,-52.0,-52.0,1.0,0.0,8.0,1.0,0.9,0.1,27.3,27.3,27.3,27.3,1.0,0.0,8.0,1.0,0.9,0.1,-15.8,-15.8,-15.8,-15.8,1.0,0.0,8.0,1.0,0.9,0.1,185.0,185.0,185.0,185.0,1.0,0.0,8.0,1.0,0.9,0.1,185.0,185.0,185.0,185.0,1.0,0.0,8.0,1.0,0.9,0.1
1974,2,55.0,-4.0,27.7,27.7,27.7,27.7,1.0,0.0,20.0,0.0,0.2,0.4,27.28,27.45,27.62,27.45,2.0,0.35,20.0,0.0,0.5,0.5,17.69,17.94,18.18,17.94,2.0,0.51,20.0,0.0,0.5,0.5,76.5,78.4,80.3,78.4,2.0,4.0,20.0,0.0,0.5,3.6,3.6,3.6,3.6,2.0,0.0,20.0,0.0,0.5,0.5,-0.94,-0.3,0.33,-0.3,2.0,1.31,20.0,0.0,0.5,0.5,-3.52,-3.46,-3.41,-3.46,2.0,0.11,20.0,0.0,0.5,0.5,1009.53,1010.45,1011.37,1010.45,2.0,1.91,20.0,0.0,0.5,0.5,3.0,3.0,3.0,3.0,2.0,0.0,20.0,0.0,0.5,0.5,-3.4,-1.1,1.2,-1.1,2.0,4.7,20.0,0.0,0.5,0.5,-12.7,-12.5,-12.3,-12.5,2.0,0.4,20.0,0.0,0.5,0.5,0.5,0.5,0.5,0.5,1.0,0.0,20.0,0.0,0.2,0.4,1.8,1.8,1.8,1.8,1.0,0.0,20.0,0.0,0.2,0.4,4.98,4.98,4.98,4.98,1.0,0.0,20.0,0.0,0.2,0.4,17.9,17.9,17.9,17.9,1.0,0.0,20.0,0.0,0.2,0.4,-25.4,-8.1,9.3,-8.1,2.0,35.9,20.0,0.0,0.5,0.5,-97.2,-95.1,-93.0,-95.1,2.0,4.4,20.0,0.0,0.5,0.5,-17.2,-5.8,5.7,-5.8,2.0,23.7,20.0,0.0,0.5,0.5,-62.3,-62.1,-62.0,-62.1,2.0,0.3,20.0,0.0,0.5,0.5,-6.1,-6.1,-6.1,-6.1,1.0,0.0,20.0,0.0,0.2,0.4,-16.8,-16.8,-16.8,-16.8,1.0,0.0,20.0,0.0,0.2,0.4,46.5,46.5,46.5,46.5,2.0,0.0,20.0,0.0,0.5,0.5,45.0,45.0,45.0,45.0,2.0,0.0,20.0,0.0,0.5,0.5
1974,2,55.0,-3.0,27.4,27.4,27.4,27.4,1.0,0.0,16.0,0.0,0.0,0.7,26.8,26.8,26.8,26.8,1.0,0.0,16.0,0.0,0.0,0.7,17.54,17.54,17.54,17.54,1.0,0.0,16.0,0.0,0.0,0.7,79.7,79.7,79.7,79.7,1.0,0.0,16.0,0.0,0.7,4.1,4.1,4.1,4.1,1.0,0.0,16.0,0.0,0.0,0.7,0.71,0.71,0.71,0.71,1.0,0.0,16.0,0.0,0.0,0.7,-4.04,-4.04,-4.04,-4.04,1.0,0.0,16.0,0.0,0.0,0.7,1011.1,1011.1,1011.1,1011.1,1.0,0.0,16.0,0.0,0.0,0.7,1.0,1.0,1.0,1.0,1.0,0.0,16.0,0.0,0.0,0.7,2.9,2.9,2.9,2.9,1.0,0.0,16.0,0.0,0.0,0.7,-16.6,-16.6,-16.6,-16.6,1.0,0.0,16.0,0.0,0.0,0.7,0.6,0.6,0.6,0.6,1.0,0.0,16.0,0.0,0.0,0.7,2.5,2.5,2.5,2.5,1.0,0.0,16.0,0.0,0.0,0.7,5.34,5.34,5.34,5.34,1.0,0.0,16.0,0.0,0.0,0.7,21.9,21.9,21.9,21.9,1.0,0.0,16.0,0.0,0.0,0.7,19.1,19.1,19.1,19.1,1.0,0.0,16.0,0.0,0.0,0.7,-108.2,-108.2,-108.2,-108.2,1.0,0.0,16.0,0.0,0.0,0.7,12.5,12.5,12.5,12.5,1.0,0.0,16.0,0.0,0.0,0.7,-70.8,-70.8,-70.8,-70.8,1.0,0.0,16.0,0.0,0.0,0.7,3.8,3.8,3.8,3.8,1.0,0.0,16.0,0.0,0.0,0.7,-21.5,-21.5,-21.5,-21.5,1.0,0.0,16.0,0.0,0.0,0.7,69.0,69.0,69.0,69.0,1.0,0.0,16.0,0.0,0.0,0.7,70.0,70.0,70.0,70.0,1.0,0.0,16.0,0.0,0.0,0.7
1974,2,55.0,-2.0,28.08,28.25,28.42,28.25,2.0,0.35,20.0,1.0,0.4,0.8,27.41,27.65,27.89,27.65,2.0,0.49,20.0,1.0,0.4,0.8,17.68,18.02,18.36,18.02,2.0,0.7,20.0,1.0,0.4,0.8,77.6,77.9,78.3,77.9,2.0,0.7,20.0,1.0,0.8,4.26,4.6,4.94,4.6,2.0,0.71,20.0,1.0,0.4,0.8,-1.58,-0.58,0.42,-0.58,2.0,2.08,20.0,1.0,0.4,0.8,-4.79,-4.29,-3.78,-4.29,2.0,1.04,20.0,1.0,0.4,0.8,1011.85,1011.95,1012.05,1011.95,2.0,0.21,20.0,1.0,0.4,0.8,2.5,3.5,4.5,3.5,2.0,2.1,20.0,1.0,0.4,0.8,-6.4,-1.9,2.5,-1.9,2.0,9.1,20.0,1.0,0.4,0.8,-23.9,-20.1,-16.3,-20.1,2.0,7.8,20.0,1.0,0.4,0.8,0.19,0.6,1.01,0.6,2.0,0.85,20.0,1.0,0.4,0.8,1.0,3.1,5.1,3.1,2.0,4.3,20.0,1.0,0.4,0.8,5.44,6.02,6.6,6.02,2.0,1.2,20.0,1.0,0.4,0.8,23.4,28.1,32.8,28.1,2.0,9.8,20.0,1.0,0.4,0.8,-44.5,-16.6,11.2,-16.6,2.0,57.7,20.0,1.0,0.4,0.8,-131.1,-118.3,-105.4,-118.3,2.0,26.7,20.0,1.0,0.4,0.8,-29.5,-11.2,7.0,-11.2,2.0,37.8,20.0,1.0,0.4,0.8,-84.5,-76.9,-69.3,-76.9,2.0,15.7,20.0,1.0,0.4,0.8,-8.0,-2.3,3.4,-2.3,2.0,11.8,20.0,1.0,0.4,0.8,-31.9,-26.4,-20.9,-26.4,2.0,11.4,20.0,1.0,0.4,0.8,79.0,101.0,122.5,101.0,2.0,45.0,20.0,1.0,0.4,0.8,80.0,100.0,125.0,100.0,2.0,45.0,20.0,1.0,0.4,0.8
1974,2,55.0,-1.0,27.3,27.3,27.3,27.3,1.0,0.0,24.0,0.0,0.9,0.3,26.3,26.3,26.3,26.3,1.0,0.0,24.0,0.0,0.9,0.3,18.03,18.03,18.03,18.03,1.0,0.0,24.0,0.0,0.9,0.3,84.1,84.1,84.1,84.1,1.0,0.0,24.0,0.0,0.3,6.2,6.2,6.2,6.2,1.0,0.0,24.0,0.0,0.9,0.3,0.0,0.0,0.0,0.0,1.0,0.0,24.0,0.0,0.9,0.3,-6.2,-6.2,-6.2,-6.2,1.0,0.0,24.0,0.0,0.9,0.3,1008.2,1008.2,1008.2,1008.2,1.0,0.0,24.0,0.0,0.9,0.3,8.0,8.0,8.0,8.0,1.0,0.0,24.0,0.0,0.9,0.3,0.0,0.0,0.0,0.0,1.0,0.0,24.0,0.0,0.9,0.3,-38.4,-38.4,-38.4,-38.4,1.0,0.0,24.0,0.0,0.9,0.3,1.0,1.0,1.0,1.0,1.0,0.0,24.0,0.0,0.9,0.3,6.2,6.2,6.2,6.2,1.0,0.0,24.0,0.0,0.9,0.3,4.78,4.78,4.78,4.78,1.0,0.0,24.0,0.0,0.9,0.3,29.6,29.6,29.6,29.6,1.0,0.0,24.0,0.0,0.9,0.3,0.0,0.0,0.0,0.0,1.0,0.0,24.0,0.0,0.9,0.3,-163.1,-163.1,-163.1,-163.1,1.0,0.0,24.0,0.0,0.9,0.3,0.0,0.0,0.0,0.0,1.0,0.0,24.0,0.0,0.9,0.3,-111.8,-111.8,-111.8,-111.8,1.0,0.0,24.0,0.0,0.9,0.3,0.0,0.0,0.0,0.0,1.0,0.0,24.0,0.0,0.9,0.3,-29.6,-29.6,-29.6,-29.6,1.0,0.0,24.0,0.0,0.9,0.3,238.5,238.5,238.5,238.5,1.0,0.0,24.0,0.0,0.9,0.3,240.0,240.0,240.0,240.0,1.0,0.0,24.0,0.0,0.9,0.3
1974,2,55.0,0.0,29.06,29.4,29.74,29.4,2.0,0.71,24.0,1.0,0.4,0.8,29.18,30.0,30.82,30.0,2.0,1.7,24.0,1.0,0.4,0.8,18.66,18.66,18.66,18.66,1.0,0.0,18.0,1.0,0.0,0.9,75.3,75.3,75.3,75.3,1.0,0.0,18.0,1.0,0.9,5.11,5.35,5.59,5.35,2.0,0.49,24.0,1.0,0.4,0.8,-3.01,-2.58,-2.15,-2.58,2.0,0.89,24.0,1.0,0.4,0.8,-5.11,-4.59,-4.07,-4.59,2.0,1.08,24.0,1.0,0.4,0.8,1008.31,1009.2,1010.09,1009.2,2.0,1.84,24.0,1.0,0.4,0.8,2.3,3.0,3.7,3.0,2.0,1.4,24.0,1.0,0.4,0.8,-15.3,-13.6,-11.9,-13.6,2.0,3.5,24.0,1.0,0.4,0.8,-28.7,-24.8,-21.0,-24.8,2.0,8.0,24.0,1.0,0.4,0.8,-1.08,-0.6,-0.12,-0.6,2.0,0.99,24.0,1.0,0.4,0.8,-5.4,-3.0,-0.6,-3.0,2.0,5.0,24.0,1.0,0.4,0.8,6.36,6.36,6.36,6.36,1.0,0.0,18.0,1.0,0.0,0.9,36.2,36.2,36.2,36.2,1.0,0.0,18.0,1.0,0.0,0.9,-93.3,-78.2,-63.1,-78.2,2.0,31.2,24.0,1.0,0.4,0.8,-148.7,-136.9,-125.0,-136.9,2.0,24.6,24.0,1.0,0.4,0.8,-36.4,-36.4,-36.4,-36.4,1.0,0.0,18.0,1.0,0.0,0.9,-99.9,-99.9,-99.9,-99.9,1.0,0.0,18.0,1.0,0.0,0.9,-12.4,-12.4,-12.4,-12.4,1.0,0.0,18.0,1.0,0.0,0.9,-34.1,-34.1,-34.1,-34.1,1.0,0.0,18.0,1.0,0.0,0.9,134.5,155.0,175.5,155.0,2.0,42.5,24.0,1.0,0.4,0.8,135.0,155.0,175.0,155.0,2.0,45.0,24.0,1.0,0.4,0.8
1974,2,55.0,1.0,26.96,27.95,28.94,27.95,2.0,2.05,22.0,0.0,0.4,0.3,25.92,26.6,26.67,26.3,3.0,0.61,20.0,0.0,0.4,0.3,17.54,17.58,18.47,17.99,3.0,0.77,20.0,0.0,0.4,0.3,81.9,85.6,86.3,84.1,3.0,3.5,20.0,0.0,0.3,4.26,4.6,4.94,4.6,2.0,0.71,18.0,0.0,0.3,0.1,-1.58,-1.23,-0.88,-1.23,2.0,0.73,18.0,0.0,0.3,0.1,-4.67,-4.42,-4.16,-4.42,2.0,0.53,18.0,0.0,0.3,0.1,1009.58,1010.6,1011.9,1010.73,3.0,1.7,20.0,0.0,0.4,0.3,0.6,2.0,2.0,1.3,3.0,1.2,20.0,0.0,0.4,0.3,-7.9,-5.9,-3.9,-5.9,2.0,4.2,18.0,0.0,0.3,0.1,-23.2,-20.5,-17.8,-20.5,2.0,5.6,18.0,0.0,0.3,0.1,0.52,1.85,3.18,1.85,2.0,2.76,22.0,0.0,0.4,0.3,15.6,15.6,15.6,15.6,1.0,0.0,18.0,0.0,0.3,0.0,3.67,5.52,7.36,5.52,2.0,3.83,22.0,0.0,0.4,0.3,33.7,33.7,33.7,33.7,1.0,0.0,18.0,0.0,0.3,0.0,-42.1,-32.4,-22.7,-32.4,2.0,20.0,18.0,0.0,0.3,0.1,-124.1,-115.7,-107.3,-115.7,2.0,17.4,18.0,0.0,0.3,0.1,-27.7,-21.5,-15.4,-21.5,2.0,12.8,18.0,0.0,0.3,0.1,-81.9,-77.5,-73.0,-77.5,2.0,9.2,18.0,0.0,0.3,0.1,-5.9,-5.9,-5.9,-5.9,1.0,0.0,18.0,0.0,0.3,0.0,-33.2,-33.2,-33.2,-33.2,1.0,0.0,18.0,0.0,0.3,0.0,79.0,101.0,122.5,101.0,2.0,45.0,18.0,0.0,0.3,0.1,80.0,100.0,125.0,100.0,2.0,45.0,18.0,0.0,0.3,0.1
1974,2,55.0,2.0,,,,,,,,,,,,,,,,,,,,,,,,,,,,,,,,,,,,,,,,6.7,6.7,6.7,6.7,1.0,0.0,18.0,1.0,0.4,0.9,-2.29,-2.29,-2.29,-2.29,1.0,0.0,18.0,1.0,0.4,0.9,-6.3,-6.3,-6.3,-6.3,1.0,0.0,18.0,1.0,0.4,0.9,1008.1,1008.1,1008.1,1008.1,1.0,0.0,18.0,1.0,0.4,0.9,,,,,,,,,,,,,,,,,,,,,,,,,,,,,,,,,,,,,,,,,,,,,,,,,,,,,,,,,,,,,,,,,,,,,,,,,,,,,,,,,,,,,,,,,,,,,,,,,,,,,,,,,,,,,,,,,,,,,,,,,,,,,,,,,,,,,,,,,,,,,,,,,,,,,,
1974,2,55.0,3.0,,,,,,,,,,,,,,,,,,,,,,,,,,,,,,,,,,,,,,,,9.0,9.0,9.0,9.0,1.0,0.0,4.0,0.0,0.8,0.5,-5.79,-5.79,-5.79,-5.79,1.0,0.0,4.0,0.0,0.8,0.5,-6.89,-6.89,-6.89,-6.89,1.0,0.0,4.0,0.0,0.8,0.5,1013.0,1013.0,1013.0,1013.0,1.0,0.0,4.0,0.0,0.8,0.5,,,,,,,,,,,,,,,,,,,,,,,,,,,,,,,,,,,,,,,,,,,,,,,,,,,,,,,,,,,,,,,,,,,,,,,,,,,,,,,,,,,,,,,,,,,,,,,,,,,,,,,,,,,,,,,,,,,,,,,,,,,,,,,,,,,,,,,,,,,,,,,,,,,,,,
1974,2,55.0,4.0,25.6,25.6,25.6,25.6,1.0,0.0,22.0,0.0,0.9,0.5,27.2,27.2,27.2,27.2,1.0,0.0,22.0,0.0,0.9,0.5,16.45,16.45,16.45,16.45,1.0,0.0,22.0,0.0,0.9,0.5,72.8,72.8,72.8,72.8,1.0,0.0,22.0,0.0,0.5,8.7,8.7,8.7,8.7,1.0,0.0,22.0,0.0,0.9,0.5,-4.35,-4.35,-4.35,-4.35,1.0,0.0,22.0,0.0,0.9,0.5,-7.53,-7.53,-7.53,-7.53,1.0,0.0,22.0,0.0,0.9,0.5,1007.8,1007.8,1007.8,1007.8,1.0,0.0,22.0,0.0,0.9,0.5,4.0,4.0,4.0,4.0,1.0,0.0,22.0,0.0,0.9,0.5,-37.8,-37.8,-37.8,-37.8,1.0,0.0,22.0,0.0,0.9,0.5,-65.5,-65.5,-65.5,-65.5,1.0,0.0,22.0,0.0,0.9,0.5,-1.6,-1.6,-1.6,-1.6,1.0,0.0,22.0,0.0,0.9,0.5,-13.9,-13.9,-13.9,-13.9,1.0,0.0,22.0,0.0,0.9,0.5,4.16,4.16,4.16,4.16,1.0,0.0,22.0,0.0,0.9,0.5,36.2,36.2,36.2,36.2,1.0,0.0,22.0,0.0,0.9,0.5,-118.3,-118.3,-118.3,-118.3,1.0,0.0,22.0,0.0,0.9,0.5,-204.9,-204.9,-204.9,-204.9,1.0,0.0,22.0,0.0,0.9,0.5,-71.6,-71.6,-71.6,-71.6,1.0,0.0,22.0,0.0,0.9,0.5,-123.9,-123.9,-123.9,-123.9,1.0,0.0,22.0,0.0,0.9,0.5,-18.1,-18.1,-18.1,-18.1,1.0,0.0,22.0,0.0,0.9,0.5,-31.3,-31.3,-31.3,-31.3,1.0,0.0,22.0,0.0,0.9,0.5,658.5,658.5,658.5,658.5,1.0,0.0,22.0,0.0,0.9,0.5,660.0,660.0,660.0,660.0,1.0,0.0,22.0,0.0,0.9,0.5
1974,2,55.0,5.0,26.4,26.4,26.6,26.48,8.0,0.28,12.0,1.0,0.7,0.5,25.62,26.15,26.76,26.18,8.0,0.55,12.0,1.0,0.7,0.5,13.24,13.46,18.12,14.7,8.0,2.82,12.0,1.0,0.7,0.5,59.8,63.8,89.1,69.6,8.0,14.1,12.0,1.0,0.5,0.0,1.0,7.96,2.68,8.0,3.82,12.0,1.0,0.7,0.5,-5.19,-0.98,0.0,-1.89,8.0,2.44,12.0,1.0,0.7,0.5,-5.96,-0.17,0.0,-1.75,8.0,3.04,12.0,1.0,0.7,0.5,1010.73,1012.9,1013.28,1012.51,8.0,1.46,12.0,1.0,0.7,0.5,0.0,0.5,3.7,1.8,8.0,2.9,12.0,1.0,0.7,0.5,-43.7,-2.0,0.0,-13.1,8.0,22.0,12.0,1.0,0.7,0.5,-51.6,-0.3,0.0,-14.7,8.0,26.7,12.0,1.0,0.7,0.5,-0.16,0.45,0.69,0.3,8.0,0.48,12.0,1.0,0.7,0.5,0.0,0.0,3.9,1.3,8.0,2.5,12.0,1.0,0.7,0.5,3.23,8.11,8.54,6.92,8.0,2.78,12.0,1.0,0.7,0.5,0.0,8.5,19.5,9.6,8.0,10.4,12.0,1.0,0.7,0.5,-132.6,-26.0,0.0,-49.3,8.0,63.3,12.0,1.0,0.7,0.5,-152.1,-4.6,0.0,-45.5,8.0,78.6,12.0,1.0,0.7,0.5,-95.8,-13.0,0.0,-33.4,8.0,47.1,12.0,1.0,0.7,0.5,-111.3,-2.3,0.0,-33.1,8.0,58.6,12.0,1.0,0.7,0.5,-16.5,-6.4,0.0,-7.6,8.0,8.3,12.0,1.0,0.7,0.5,-13.8,-1.5,0.0,-4.8,8.0,7.3,12.0,1.0,0.7,0.5,0.0,4.0,586.5,166.5,8.0,303.5,12.0,1.0,0.7,0.5,0.0,5.0,585.0,165.0,8.0,305.0,12.0,1.0,0.7,0.5
1974,2,55.0,6.0,26.24,26.5,26.91,26.67,10.0,0.87,16.0,0.4,0.4,0.3,25.1,25.7,26.16,25.87,10.0,0.99,16.0,0.4,0.4,0.3,13.81,15.24,16.25,15.25,10.0,1.25,16.0,0.4,0.4,0.3,66.6,73.9,79.5,73.3,10.0,6.6,16.0,0.4,0.3,2.43,4.0,9.19,4.94,10.0,3.45,16.0,0.4,0.4,0.3,-6.65,-3.94,-2.41,-4.27,10.0,2.63,16.0,0.4,0.4,0.3,-5.58,-0.52,0.0,-1.94,10.0,2.76,16.0,0.4,0.4,0.3,1009.63,1010.15,1012.43,1010.96,10.0,2.05,16.0,0.4,0.4,0.3,1.0,2.0,3.7,2.2,9.0,1.6,16.0,0.4,0.3,0.3,-62.8,-15.8,-6.1,-29.0,10.0,32.3,16.0,0.4,0.4,0.3,-49.8,-1.7,0.0,-17.3,10.0,27.0,16.0,0.4,0.4,0.3,0.64,0.85,1.61,0.8,10.0,1.4,16.0,0.4,0.4,0.3,0.7,3.4,7.9,2.5,10.0,12.3,16.0,0.4,0.4,0.3,5.82,6.34,8.04,6.69,10.0,1.2,16.0,0.4,0.4,0.3,17.3,25.2,53.0,30.4,10.0,19.0,16.0,0.4,0.4,0.3,-183.0,-99.1,-60.9,-111.6,10.0,72.0,16.0,0.4,0.4,0.3,-145.6,-13.1,0.0,-52.0,10.0,75.0,16.0,0.4,0.4,0.3,-109.5,-60.4,-33.7,-67.2,10.0,44.1,16.0,0.4,0.4,0.3,-95.5,-7.6,0.0,-32.0,10.0,46.1,16.0,0.4,0.4,0.3,-36.5,-25.0,-17.1,-26.4,10.0,14.0,16.0,0.4,0.4,0.3,-30.1,-3.4,0.0,-11.5,10.0,16.5,16.0,0.4,0.4,0.3,16.0,64.0,820.0,296.0,10.0,440.5,16.0,0.4,0.4,0.3,15.0,65.0,820.0,295.0,10.0,440.0,16.0,0.4,0.4,0.3
1974,2,55.0,7.0,25.79,26.2,26.4,26.1,3.0,0.46,12.0,0.3,0.5,0.3,25.65,26.2,28.93,27.27,3.0,2.57,12.0,0.3,0.5,0.3,15.66,17.05,17.89,16.78,3.0,1.65,12.0,0.3,0.5,0.3,66.9,74.3,82.4,74.6,3.0,11.3,12.0,0.3,0.3,4.0,7.4,10.85,7.43,4.0,4.06,14.0,0.3,0.3,0.4,-8.31,-6.22,-3.75,-6.04,4.0,2.81,14.0,0.3,0.3,0.4,-6.97,-3.92,-1.19,-4.08,4.0,3.36,14.0,0.3,0.3,0.4,1009.91,1011.45,1012.52,1011.23,4.0,1.66,14.0,0.3,0.3,0.4,1.5,2.5,4.6,3.0,4.0,2.2,14.0,0.3,0.3,0.4,-90.9,-49.1,-16.1,-53.3,4.0,45.1,14.0,0.3,0.3,0.4,-76.3,-33.3,-4.6,-40.1,4.0,42.6,14.0,0.3,0.3,0.4,-3.04,0.3,0.64,-1.17,3.0,2.98,12.0,0.3,0.5,0.3,-30.5,0.9,3.0,-13.4,3.0,27.5,12.0,0.3,0.5,0.3,3.42,3.54,5.39,4.39,3.0,1.62,12.0,0.3,0.5,0.3,17.1,31.3,33.6,25.5,3.0,13.1,12.0,0.3,0.5,0.3,-194.5,-125.1,-87.7,-140.7,3.0,79.4,12.0,0.3,0.5,0.3,-142.7,-40.6,-27.9,-84.3,3.0,92.2,12.0,0.3,0.5,0.3,-110.8,-73.9,-57.0,-83.7,3.0,40.3,12.0,0.3,0.5,0.3,-82.3,-28.3,-17.9,-49.6,3.0,50.6,12.0,0.3,0.5,0.3,-29.5,-26.6,-14.6,-22.1,3.0,11.5,12.0,0.3,0.5,0.3,-16.9,-5.4,-5.3,-11.0,3.0,9.8,12.0,0.3,0.5,0.3,75.0,533.0,1309.0,685.0,4.0,758.5,14.0,0.3,0.3,0.4,75.0,535.0,1310.0,685.0,4.0,760.0,14.0,0.3,0.3,0.4
1974,2,55.0,8.0,25.66,25.8,28.05,26.83,3.0,1.97,18.0,1.0,0.2,0.4,25.0,26.1,26.75,26.19,7.0,0.97,20.0,0.7,0.3,0.3,16.42,16.46,16.65,16.8,7.0,1.21,20.0,0.7,0.3,0.3,75.3,78.2,83.5,79.3,7.0,4.6,20.0,0.7,0.3,10.6,12.3,12.92,11.54,7.0,2.3,20.0,0.7,0.3,0.3,-8.63,-6.94,-4.31,-6.53,7.0,2.47,20.0,0.7,0.3,0.3,-10.72,-9.88,-7.52,-9.3,7.0,2.0,20.0,0.7,0.3,0.3,1011.17,1013.5,1014.29,1013.06,7.0,1.86,20.0,0.7,0.3,0.3,2.2,5.0,6.0,4.5,8.0,1.7,20.0,0.8,0.3,0.3,-107.4,-75.6,-54.9,-78.8,7.0,35.2,20.0,0.7,0.3,0.3,-138.5,-127.5,-87.1,-110.5,7.0,38.9,20.0,0.7,0.3,0.3,-1.77,-1.5,-1.23,-1.5,2.0,0.57,20.0,1.0,0.3,0.4,-12.9,-12.9,-12.8,-12.9,2.0,0.2,20.0,1.0,0.3,0.4,1.77,2.97,4.18,2.97,2.0,2.49,20.0,1.0,0.3,0.4,15.7,32.0,48.3,32.0,2.0,33.8,20.0,1.0,0.3,0.4,-230.5,-181.2,-108.1,-170.9,7.0,66.0,20.0,0.7,0.3,0.3,-275.5,-257.9,-201.2,-242.0,7.0,45.5,20.0,0.7,0.3,0.3,-141.8,-114.2,-71.4,-107.7,7.0,37.7,20.0,0.7,0.3,0.3,-176.5,-163.1,-122.5,-155.1,7.0,29.9,20.0,0.7,0.3,0.3,-36.5,-22.8,-9.1,-22.8,2.0,28.3,20.0,1.0,0.3,0.4,-31.4,-21.8,-12.1,-21.8,2.0,20.0,20.0,1.0,0.3,0.4,1214.0,1861.0,2159.0,1680.5,7.0,716.0,20.0,0.7,0.3,0.3,1215.0,1860.0,2160.0,1680.0,7.0,715.0,20.0,0.7,0.3,0.3
1974,2,55.0,9.0,26.05,26.35,26.6,26.33,4.0,0.32,24.0,1.0,0.4,0.3,25.0,25.2,25.45,25.23,4.0,0.26,24.0,1.0,0.4,0.3,14.36,14.78,15.01,14.69,4.0,0.42,24.0,1.0,0.4,0.3,71.5,73.8,75.0,73.3,4.0,2.8,24.0,1.0,0.3,6.0,6.5,7.1,6.55,4.0,0.64,24.0,1.0,0.4,0.3,-5.8,-4.69,-3.86,-4.82,4.0,1.14,24.0,1.0,0.4,0.3,-4.61,-4.6,-4.02,-4.33,4.0,0.55,24.0,1.0,0.4,0.3,1009.3,1009.35,1009.4,1009.35,4.0,0.06,24.0,1.0,0.4,0.3,4.0,4.5,5.0,4.5,4.0,0.6,24.0,1.0,0.4,0.3,-41.1,-31.4,-23.1,-32.1,4.0,10.4,24.0,1.0,0.4,0.3,-30.6,-27.6,-26.0,-28.2,4.0,3.7,24.0,1.0,0.4,0.3,0.79,1.1,1.41,1.1,4.0,0.42,24.0,1.0,0.4,0.3,5.6,7.2,8.5,7.1,4.0,2.2,24.0,1.0,0.4,0.3,6.63,6.84,6.98,6.81,4.0,0.24,24.0,1.0,0.4,0.3,41.0,44.0,48.1,44.5,4.0,4.2,24.0,1.0,0.4,0.3,-146.6,-117.9,-97.2,-121.7,4.0,29.1,24.0,1.0,0.4,0.3,-116.2,-115.3,-101.5,-109.2,4.0,13.3,24.0,1.0,0.4,0.3,-83.3,-69.3,-57.9,-70.5,4.0,14.7,24.0,1.0,0.4,0.3,-69.0,-68.2,-58.1,-63.8,4.0,9.5,24.0,1.0,0.4,0.3,-39.4,-31.2,-26.4,-32.8,4.0,8.0,24.0,1.0,0.4,0.3,-31.4,-30.6,-27.2,-29.4,4.0,3.2,24.0,1.0,0.4,0.3,216.0,279.5,359.0,287.0,4.0,83.0,24.0,1.0,0.4,0.3,215.0,280.0,360.0,285.0,4.0,85.0,24.0,1.0,0.4,0.3
1974,2,55.0,10.0,26.48,27.05,27.73,27.1,4.0,0.94,12.0,0.8,0.5,0.5,24.97,25.8,26.26,25.63,4.0,0.9,12.0,0.8,0.5,0.5,15.94,16.17,16.41,16.17,2.0,0.49,20.0,0.5,0.4,0.4,77.5,81.1,84.8,81.1,2.0,7.6,20.0,0.5,0.4,7.45,8.0,10.73,9.07,3.0,2.57,12.0,1.0,0.6,0.7,-9.48,-7.52,-6.15,-7.81,3.0,2.45,12.0,1.0,0.6,0.7,-5.56,-4.63,-3.34,-4.45,3.0,1.64,12.0,1.0,0.6,0.7,1011.47,1014.4,1015.55,1013.55,4.0,2.72,12.0,0.8,0.5,0.5,2.4,4.5,6.0,4.3,4.0,2.5,12.0,0.8,0.5,0.5,-104.2,-60.1,-46.2,-74.9,3.0,44.4,12.0,1.0,0.6,0.7,-59.7,-33.3,-25.5,-42.4,3.0,26.3,12.0,1.0,0.6,0.7,0.45,0.8,2.57,1.48,4.0,1.65,12.0,0.8,0.5,0.5,4.1,6.0,7.3,5.7,3.0,2.4,12.0,1.0,0.6,0.7,6.72,7.1,7.47,7.1,2.0,0.78,20.0,0.5,0.4,0.4,47.1,47.1,47.1,47.1,1.0,0.0,22.0,1.0,0.7,0.8,-249.1,-192.4,-159.0,-203.7,3.0,66.7,12.0,1.0,0.6,0.7,-146.7,-120.3,-86.0,-116.5,3.0,44.6,12.0,1.0,0.6,0.7,-87.3,-87.3,-87.3,-87.3,1.0,0.0,22.0,1.0,0.7,0.8,-73.2,-73.2,-73.2,-73.2,1.0,0.0,22.0,1.0,0.7,0.8,-36.1,-36.1,-36.1,-36.1,1.0,0.0,22.0,1.0,0.7,0.8,-30.3,-30.3,-30.3,-30.3,1.0,0.0,22.0,1.0,0.7,0.8,417.5,512.0,1342.0,871.0,3.0,745.5,12.0,1.0,0.6,0.7,415.0,510.0,1340.0,870.0,3.0,745.0,12.0,1.0,0.6,0.7
1974,2,55.0,11.0,24.81,25.9,26.0,25.56,14.0,0.65,16.0,0.4,0.3,0.5,24.0,24.5,25.92,24.69,16.0,1.23,16.0,0.4,0.4,0.5,12.81,14.45,15.21,14.14,13.0,1.56,18.0,0.3,0.4,0.5,69.1,76.4,80.4,74.3,13.0,6.7,18.0,0.3,0.5,5.71,7.85,9.19,7.49,16.0,2.1,16.0,0.4,0.4,0.5,-6.17,-5.12,-3.16,-4.84,16.0,1.9,16.0,0.4,0.4,0.5,-7.53,-5.43,-2.51,-5.12,16.0,2.77,16.0,0.4,0.4,0.5,1011.59,1013.75,1015.06,1013.65,16.0,1.96,16.0,0.4,0.4,0.5,1.0,2.0,3.0,2.3,15.0,1.5,16.0,0.4,0.4,0.5,-57.1,-38.4,-23.5,-38.5,16.0,19.8,16.0,0.4,0.4,0.5,-66.0,-45.9,-9.2,-41.8,16.0,28.8,16.0,0.4,0.4,0.5,-0.94,1.65,2.0,0.86,14.0,1.42,16.0,0.4,0.3,0.5,-4.8,8.8,15.1,5.3,14.0,11.7,16.0,0.4,0.3,0.5,5.11,6.32,8.17,6.37,11.0,1.61,18.0,0.3,0.3,0.6,25.6,45.0,62.6,44.3,11.0,20.1,18.0,0.3,0.3,0.6,-149.1,-128.7,-80.9,-119.5,16.0,47.0,16.0,0.4,0.4,0.5,-188.7,-134.3,-59.3,-126.9,16.0,70.8,16.0,0.4,0.4,0.5,-87.9,-79.5,-44.8,-66.0,13.0,25.2,18.0,0.3,0.4,0.5,-95.0,-74.6,-47.6,-68.5,13.0,29.6,18.0,0.3,0.4,0.5,-40.0,-27.8,-13.6,-28.3,11.0,11.7,18.0,0.3,0.3,0.6,-50.5,-31.1,-14.7,-32.3,11.0,20.0,18.0,0.3,0.3,0.6,196.5,484.5,775.5,505.5,16.0,318.5,16.0,0.4,0.4,0.5,195.0,485.0,775.0,505.0,16.0,320.0,16.0,0.4,0.4,0.5
1974,2,55.0,12.0,24.13,25.3,26.47,25.25,22.0,1.16,16.0,0.4,0.3,0.5,23.26,24.2,25.6,24.41,24.0,1.32,14.0,0.4,0.3,0.5,13.16,13.73,14.76,14.16,19.0,1.44,16.0,0.4,0.3,0.5,69.2,75.5,83.2,75.0,19.0,6.9,16.0,0.4,0.5,2.93,6.2,7.87,5.54,24.0,2.48,14.0,0.4,0.3,0.5,-6.08,-3.95,-1.99,-3.93,24.0,2.07,14.0,0.4,0.3,0.5,-5.7,-3.35,-1.88,-3.6,24.0,2.07,14.0,0.4,0.3,0.5,1012.1,1013.5,1014.75,1013.6,23.0,1.65,16.0,0.4,0.3,0.5,1.0,2.0,4.0,2.5,24.0,1.8,14.0,0.4,0.3,0.5,-51.4,-22.8,-5.8,-25.9,24.0,19.3,14.0,0.4,0.3,0.5,-44.0,-19.6,-6.6,-23.8,24.0,19.2,14.0,0.4,0.3,0.5,-0.57,1.2,2.6,0.87,22.0,1.77,16.0,0.4,0.3,0.5,-3.1,2.7,16.1,5.3,22.0,11.8,16.0,0.4,0.3,0.5,4.24,5.57,7.92,5.69,18.0,2.07,16.0,0.4,0.3,0.5,8.4,30.7,52.7,31.1,18.0,19.9,16.0,0.4,0.3,0.5,-151.6,-97.3,-49.4,-95.5,24.0,48.9,14.0,0.4,0.3,0.5,-134.3,-81.6,-45.6,-88.1,24.0,51.2,14.0,0.4,0.3,0.5,-83.9,-60.2,-27.9,-56.7,19.0,29.6,16.0,0.4,0.3,0.5,-74.8,-43.3,-21.8,-47.5,19.0,27.8,16.0,0.4,0.3,0.5,-37.7,-21.9,-5.8,-22.8,18.0,16.2,16.0,0.4,0.3,0.5,-33.6,-16.0,-5.8,-19.4,18.0,14.6,16.0,0.4,0.3,0.5,25.5,238.5,489.5,261.0,24.0,230.5,14.0,0.4,0.3,0.5,25.0,240.0,490.0,260.0,24.0,230.0,14.0,0.4,0.3,0.5
1974,2,55.0,13.0,23.83,24.5,25.6,24.59,31.0,0.92,14.0,0.5,0.5,0.4,23.0,23.9,25.46,24.3,33.0,1.7,14.0,0.5,0.5,0.4,12.58,13.31,15.45,13.94,26.0,2.48,16.0,0.5,0.5,0.4,65.1,71.5,82.3,72.8,26.0,9.1,16.0,0.5,0.4,4.14,6.7,9.25,6.69,33.0,2.7,14.0,0.5,0.5,0.4,-6.67,-4.79,-2.25,-4.67,33.0,2.33,14.0,0.5,0.5,0.4,-6.6,-4.75,-1.79,-4.33,33.0,2.5,14.0,0.5,0.5,0.4,1012.98,1014.9,1017.02,1014.91,32.0,2.05,16.0,0.4,0.5,0.4,0.0,2.0,3.1,2.0,32.0,1.6,16.0,0.5,0.5,0.4,-57.8,-33.3,-7.0,-36.3,33.0,28.1,14.0,0.5,0.5,0.4,-60.3,-33.6,-7.5,-34.4,33.0,25.5,14.0,0.5,0.5,0.4,-1.1,0.4,1.85,0.23,31.0,1.61,14.0,0.5,0.5,0.4,-3.8,1.6,9.2,1.9,31.0,12.6,14.0,0.5,0.5,0.4,3.42,5.33,6.41,5.11,24.0,2.13,14.0,0.5,0.5,0.4,16.5,30.5,42.6,30.6,24.0,16.6,14.0,0.5,0.5,0.4,-166.1,-119.8,-53.2,-112.7,33.0,55.1,14.0,0.5,0.5,0.4,-163.4,-110.0,-44.5,-105.3,33.0,62.7,14.0,0.5,0.5,0.4,-87.4,-59.5,-30.0,-57.4,26.0,28.3,16.0,0.5,0.5,0.4,-86.4,-57.2,-16.6,-53.1,26.0,35.0,16.0,0.5,0.5,0.4,-32.8,-23.7,-9.4,-21.1,24.0,11.4,14.0,0.5,0.5,0.4,-30.5,-17.2,-6.8,-19.1,24.0,16.7,14.0,0.5,0.5,0.4,71.0,301.0,793.0,436.5,33.0,409.0,14.0,0.5,0.5,0.4,70.0,300.0,795.0,435.0,33.0,410.0,14.0,0.5,0.5,0.4
1974,2,55.0,14.0,24.4,25.0,25.5,24.98,12.0,0.97,12.0,0.3,0.7,0.2,23.22,23.7,25.5,24.18,12.0,1.39,12.0,0.3,0.7,0.2,12.11,13.21,14.34,13.2,9.0,1.23,12.0,0.2,0.7,0.2,64.7,74.4,81.1,73.2,9.0,8.4,12.0,0.2,0.2,3.98,6.0,7.29,5.66,11.0,1.78,14.0,0.4,0.7,0.2,-6.15,-4.6,-1.81,-4.46,11.0,2.14,14.0,0.4,0.7,0.2,-4.13,-2.68,0.22,-2.01,11.0,2.75,14.0,0.4,0.7,0.2,1013.51,1015.55,1017.18,1015.13,12.0,2.27,12.0,0.3,0.7,0.2,0.7,3.0,3.5,2.6,12.0,1.8,12.0,0.3,0.7,0.2,-46.2,-27.6,-5.0,-28.2,11.0,18.8,14.0,0.4,0.7,0.2,-25.0,-13.0,-0.4,-13.0,11.0,17.5,14.0,0.4,0.7,0.2,-1.03,1.25,1.95,0.79,12.0,1.79,12.0,0.3,0.7,0.2,-6.9,2.9,13.4,3.4,11.0,10.1,14.0,0.4,0.7,0.2,4.96,5.98,7.31,6.43,9.0,1.84,12.0,0.2,0.7,0.2,19.7,34.9,50.1,35.2,8.0,13.9,14.0,0.3,0.7,0.2,-150.5,-119.3,-41.5,-109.0,11.0,52.5,14.0,0.4,0.7,0.2,-100.7,-68.8,5.2,-48.3,11.0,66.5,14.0,0.4,0.7,0.2,-93.9,-61.0,-21.7,-55.8,8.0,33.9,14.0,0.3,0.7,0.2,-59.1,-37.7,-10.5,-32.9,8.0,31.8,14.0,0.3,0.7,0.2,-47.3,-26.0,-9.5,-27.5,8.0,17.7,14.0,0.3,0.7,0.2,-24.9,-15.3,-8.5,-15.0,8.0,13.2,14.0,0.3,0.7,0.2,69.5,216.0,390.0,228.5,11.0,171.5,14.0,0.4,0.7,0.2,70.0,215.0,390.0,230.0,11.0,170.0,14.0,0.4,0.7,0.2
1974,2,55.0,15.0,24.8,24.8,24.8,24.8,1.0,0.0,22.0,1.0,0.7,0.1,24.4,24.4,24.4,24.4,1.0,0.0,22.0,1.0,0.7,0.1,11.21,11.21,11.21,11.21,1.0,0.0,22.0,1.0,0.7,0.1,59.1,59.1,59.1,59.1,1.0,0.0,22.0,1.0,0.1,6.7,6.7,6.7,6.7,1.0,0.0,22.0,1.0,0.7,0.1,-4.31,-4.31,-4.31,-4.31,1.0,0.0,22.0,1.0,0.7,0.1,-5.13,-5.13,-5.13,-5.13,1.0,0.0,22.0,1.0,0.7,0.1,1012.9,1012.9,1012.9,1012.9,1.0,0.0,22.0,1.0,0.7,0.1,0.0,0.0,0.0,0.0,1.0,0.0,22.0,1.0,0.7,0.1,-28.9,-28.9,-28.9,-28.9,1.0,0.0,22.0,1.0,0.7,0.1,-34.4,-34.4,-34.4,-34.4,1.0,0.0,22.0,1.0,0.7,0.1,0.4,0.4,0.4,0.4,1.0,0.0,22.0,1.0,0.7,0.1,2.7,2.7,2.7,2.7,1.0,0.0,22.0,1.0,0.7,0.1,8.33,8.33,8.33,8.33,1.0,0.0,22.0,1.0,0.7,0.1,55.8,55.8,55.8,55.8,1.0,0.0,22.0,1.0,0.7,0.1,-105.1,-105.1,-105.1,-105.1,1.0,0.0,22.0,1.0,0.7,0.1,-125.2,-125.2,-125.2,-125.2,1.0,0.0,22.0,1.0,0.7,0.1,-48.3,-48.3,-48.3,-48.3,1.0,0.0,22.0,1.0,0.7,0.1,-57.6,-57.6,-57.6,-57.6,1.0,0.0,22.0,1.0,0.7,0.1,-35.9,-35.9,-35.9,-35.9,1.0,0.0,22.0,1.0,0.7,0.1,-42.7,-42.7,-42.7,-42.7,1.0,0.0,22.0,1.0,0.7,0.1,301.0,301.0,301.0,301.0,1.0,0.0,22.0,1.0,0.7,0.1,300.0,300.0,300.0,300.0,1.0,0.0,22.0,1.0,0.7,0.1
1974,2,55.0,16.0,24.88,25.05,25.69,25.33,6.0,0.96,10.0,1.0,0.3,0.5,24.38,25.0,29.68,26.33,6.0,2.72,10.0,1.0,0.3,0.5,12.05,14.21,14.63,13.41,5.0,1.71,10.0,1.0,0.4,0.5,54.7,74.2,74.8,66.2,5.0,12.1,10.0,1.0,0.5,4.19,6.7,11.17,7.4,5.0,3.86,12.0,1.0,0.3,0.5,-8.14,-4.79,-3.08,-5.58,5.0,3.08,12.0,1.0,0.3,0.5,-6.77,-5.8,-1.11,-4.34,5.0,3.38,12.0,1.0,0.3,0.5,1013.74,1016.45,1019.17,1016.17,6.0,3.35,10.0,1.0,0.3,0.5,0.0,1.5,3.8,2.2,6.0,2.8,10.0,1.0,0.3,0.5,-91.6,-24.4,-16.7,-49.8,5.0,47.1,12.0,1.0,0.3,0.5,-76.8,-38.9,-5.6,-41.3,5.0,38.3,12.0,1.0,0.3,0.5,-3.15,-0.15,0.62,-1.0,6.0,2.19,10.0,1.0,0.3,0.5,-25.6,-4.0,5.2,-8.7,5.0,17.7,12.0,1.0,0.3,0.5,5.02,5.48,9.28,6.79,5.0,2.44,10.0,1.0,0.4,0.5,21.0,66.9,105.9,63.6,4.0,49.2,12.0,1.0,0.4,0.5,-221.4,-141.9,-76.9,-148.6,5.0,77.4,12.0,1.0,0.3,0.5,-182.7,-141.0,-32.8,-117.2,5.0,95.6,12.0,1.0,0.3,0.5,-99.5,-69.4,-43.4,-71.4,4.0,33.3,12.0,1.0,0.4,0.5,-96.5,-74.3,-29.9,-63.7,4.0,46.1,12.0,1.0,0.4,0.5,-80.5,-41.0,-14.2,-47.1,4.0,39.2,12.0,1.0,0.4,0.5,-67.6,-38.9,-11.7,-39.6,4.0,35.0,12.0,1.0,0.4,0.5,90.5,301.0,1399.5,670.5,5.0,732.5,12.0,1.0,0.3,0.5,90.0,300.0,1400.0,670.0,5.0,730.0,12.0,1.0,0.3,0.5
1974,2,55.0,17.0,24.38,24.55,24.72,24.55,2.0,0.35,16.0,1.0,0.6,0.0,23.39,24.45,25.51,24.45,2.0,2.19,16.0,1.0,0.6,0.0,6.59,6.59,6.59,6.59,1.0,0.0,22.0,1.0,0.5,0.0,38.1,38.1,38.1,38.1,1.0,0.0,22.0,1.0,0.0,3.67,5.1,6.53,5.1,2.0,2.97,16.0,1.0,0.6,0.0,-4.88,-3.51,-2.14,-3.51,2.0,2.84,16.0,1.0,0.6,0.0,-4.31,-3.61,-2.92,-3.61,2.0,1.44,16.0,1.0,0.6,0.0,1014.26,1015.9,1017.54,1015.9,2.0,3.39,16.0,1.0,0.6,0.0,0.2,0.5,0.8,0.5,2.0,0.7,16.0,1.0,0.6,0.0,-34.1,-22.1,-10.1,-22.1,2.0,24.9,16.0,1.0,0.6,0.0,-29.3,-20.6,-11.8,-20.6,2.0,18.1,16.0,1.0,0.6,0.0,-1.13,0.1,1.33,0.1,2.0,2.55,16.0,1.0,0.6,0.0,-2.1,4.3,10.7,4.3,2.0,13.3,16.0,1.0,0.6,0.0,12.94,12.94,12.94,12.94,1.0,0.0,22.0,1.0,0.5,0.0,93.1,93.1,93.1,93.1,1.0,0.0,22.0,1.0,0.5,0.0,-112.4,-82.7,-52.9,-82.7,2.0,61.7,16.0,1.0,0.6,0.0,-99.9,-86.8,-73.6,-86.8,2.0,27.2,16.0,1.0,0.6,0.0,-36.4,-36.4,-36.4,-36.4,1.0,0.0,22.0,1.0,0.5,0.0,-30.5,-30.5,-30.5,-30.5,1.0,0.0,22.0,1.0,0.5,0.0,-71.4,-71.4,-71.4,-71.4,1.0,0.0,22.0,1.0,0.5,0.0,-59.9,-59.9,-59.9,-59.9,1.0,0.0,22.0,1.0,0.5,0.0,82.0,200.0,318.5,200.0,2.0,245.0,16.0,1.0,0.6,0.0,80.0,200.0,320.0,200.0,2.0,245.0,16.0,1.0,0.6,0.0
1974,2,55.0,26.0,20.0,21.0,22.6,21.07,25.0,1.36,16.0,0.6,0.4,0.2,18.44,19.8,23.06,20.4,25.0,2.24,16.0,0.6,0.4,0.2,7.52,10.68,13.4,10.16,13.0,2.95,20.0,0.5,0.4,0.2,54.5,63.1,88.5,69.4,13.0,15.5,20.0,0.5,0.2,2.04,5.1,8.7,5.4,24.0,3.32,16.0,0.6,0.4,0.2,-3.3,0.0,7.02,0.69,24.0,5.22,16.0,0.6,0.4,0.2,-5.07,-1.3,1.77,-1.36,24.0,3.44,16.0,0.6,0.4,0.2,1013.93,1016.65,1018.61,1016.39,24.0,3.16,18.0,0.6,0.5,0.2,0.0,2.0,6.4,3.1,25.0,2.7,16.0,0.6,0.4,0.2,-19.6,0.0,60.1,11.3,24.0,48.4,16.0,0.6,0.4,0.2,-31.2,-3.4,12.5,-9.3,24.0,27.7,16.0,0.6,0.4,0.2,-2.34,0.9,2.22,0.67,25.0,2.48,16.0,0.6,0.4,0.2,-9.1,3.4,12.6,2.0,24.0,17.4,16.0,0.6,0.4,0.2,2.66,4.17,7.58,5.27,13.0,2.85,20.0,0.5,0.4,0.2,7.5,16.5,77.1,33.5,12.0,33.5,20.0,0.5,0.4,0.2,-67.5,0.0,147.8,14.5,24.0,108.3,16.0,0.6,0.4,0.2,-97.7,-27.8,34.1,-26.5,24.0,69.1,16.0,0.6,0.4,0.2,-39.5,-10.4,62.5,3.7,12.0,47.8,20.0,0.5,0.4,0.2,-40.2,-5.0,23.3,-7.0,12.0,33.1,20.0,0.5,0.4,0.2,-11.7,-2.8,53.7,11.4,12.0,37.0,20.0,0.5,0.4,0.2,-22.4,-2.5,11.8,-8.5,12.0,27.5,20.0,0.5,0.4,0.2,12.0,132.5,683.0,339.5,24.0,478.5,16.0,0.6,0.4,0.2,10.0,135.0,685.0,340.0,24.0,480.0,16.0,0.6,0.4,0.2
1974,2,56.0,-67.0,,,,,,,,,,,,,,,,,,,,,,,,,,,,,,,,,,,,,,,,0.79,1.8,5.64,2.9,6.0,2.95,24.0,0.7,0.3,0.9,-3.08,0.17,0.78,-0.72,6.0,2.57,24.0,0.7,0.3,0.9,-0.94,-0.44,2.88,1.04,6.0,3.21,24.0,0.7,0.3,0.9,984.97,988.85,997.5,990.28,6.0,5.98,24.0,0.7,0.3,0.9,,,,,,,,,,,,,,,,,,,,,,,,,,,,,,,,,,,,,,,,,,,,,,,,,,,,,,,,,,,,,,,,,,,,,,,,,,,,,,,,,,,,,,,,,,,,,,,,,,,,,,,,,,,,,,,,,,,,,,,,,,,,,,,,,,,,,,,,,,,,,,,,,,,,,,
1974,2,56.0,-61.0,,,,,,,,,,,,,,,,,,,,,,,,,,,,,,,,,,,,,,,,13.9,13.9,13.9,13.9,1.0,0.0,28.0,0.0,0.7,1.0,13.69,13.69,13.69,13.69,1.0,0.0,28.0,0.0,0.7,1.0,-2.41,-2.41,-2.41,-2.41,1.0,0.0,28.0,0.0,0.7,1.0,999.9,999.9,999.9,999.9,1.0,0.0,28.0,0.0,0.7,1.0,,,,,,,,,,,,,,,,,,,,,,,,,,,,,,,,,,,,,,,,,,,,,,,,,,,,,,,,,,,,,,,,,,,,,,,,,,,,,,,,,,,,,,,,,,,,,,,,,,,,,,,,,,,,,,,,,,,,,,,,,,,,,,,,,,,,,,,,,,,,,,,,,,,,,,
1974,2,56.0,-59.0,1.16,1.5,1.84,1.5,2.0,0.71,18.0,0.5,0.4,0.7,2.02,2.05,2.08,2.05,2.0,0.07,18.0,0.5,0.4,0.7,4.12,4.12,4.12,4.12,1.0,0.0,10.0,0.0,0.1,0.5,91.8,91.8,91.8,91.8,1.0,0.0,10.0,0.0,0.5,14.16,14.5,14.84,14.5,2.0,0.71,18.0,0.5,0.4,0.7,9.81,11.55,13.29,11.55,2.0,3.6,18.0,0.5,0.4,0.7,-8.21,-2.8,2.61,-2.8,2.0,11.21,18.0,0.5,0.4,0.7,993.51,997.2,1000.89,997.2,2.0,7.64,18.0,0.5,0.4,0.7,7.2,7.5,7.8,7.5,2.0,0.7,18.0,0.5,0.4,0.7,139.5,168.7,197.9,168.7,2.0,60.4,18.0,0.5,0.4,0.7,-114.1,-36.6,40.9,-36.6,2.0,160.6,18.0,0.5,0.4,0.7,-0.93,-0.55,-0.17,-0.55,2.0,0.78,18.0,0.5,0.4,0.7,-13.0,-7.7,-2.4,-7.7,2.0,10.9,18.0,0.5,0.4,0.7,0.03,0.03,0.03,0.03,1.0,0.0,10.0,0.0,0.1,0.5,0.4,0.4,0.4,0.4,1.0,0.0,10.0,0.0,0.1,0.5,20.4,23.5,26.7,23.5,2.0,6.6,18.0,0.5,0.4,0.7,-17.3,-6.1,5.1,-6.1,2.0,23.2,18.0,0.5,0.4,0.7,37.1,37.1,37.1,37.1,1.0,0.0,10.0,0.0,0.1,0.5,-44.2,-44.2,-44.2,-44.2,1.0,0.0,10.0,0.0,0.1,0.5,0.3,0.3,0.3,0.3,1.0,0.0,10.0,0.0,0.1,0.5,-0.3,-0.3,-0.3,-0.3,1.0,0.0,10.0,0.0,0.1,0.5,2844.0,3059.5,3275.0,3059.5,2.0,446.0,18.0,0.5,0.4,0.7,2845.0,3060.0,3275.0,3060.0,2.0,445.0,18.0,0.5,0.4,0.7
1974,2,56.0,-58.0,,,,,,,,,,,,,,,,,,,,,,,,,,,,,,,,,,,,,,,,16.0,16.0,16.0,16.0,1.0,0.0,28.0,1.0,0.9,0.9,13.86,13.86,13.86,13.86,1.0,0.0,28.0,1.0,0.9,0.9,-8.0,-8.0,-8.0,-8.0,1.0,0.0,28.0,1.0,0.9,0.9,998.6,998.6,998.6,998.6,1.0,0.0,28.0,1.0,0.9,0.9,,,,,,,,,,,,,,,,,,,,,,,,,,,,,,,,,,,,,,,,,,,,,,,,,,,,,,,,,,,,,,,,,,,,,,,,,,,,,,,,,,,,,,,,,,,,,,,,,,,,,,,,,,,,,,,,,,,,,,,,,,,,,,,,,,,,,,,,,,,,,,,,,,,,,,
1974,2,56.0,-57.0,,,,,,,,,,,,,,,,,,,,,,,,,,,,,,,,,,,,,,,,15.9,15.9,15.9,15.9,1.0,0.0,28.0,0.0,0.8,0.5,13.77,13.77,13.77,13.77,1.0,0.0,28.0,0.0,0.8,0.5,-7.95,-7.95,-7.95,-7.95,1.0,0.0,28.0,0.0,0.8,0.5,999.7,999.7,999.7,999.7,1.0,0.0,28.0,0.0,0.8,0.5,,,,,,,,,,,,,,,,,,,,,,,,,,,,,,,,,,,,,,,,,,,,,,,,,,,,,,,,,,,,,,,,,,,,,,,,,,,,,,,,,,,,,,,,,,,,,,,,,,,,,,,,,,,,,,,,,,,,,,,,,,,,,,,,,,,,,,,,,,,,,,,,,,,,,,
1974,2,56.0,-56.0,,,,,,,,,,,,,,,,,,,,,,,,,,,,,,,,,,,,,,,,9.0,9.0,9.0,9.0,1.0,0.0,28.0,0.0,0.3,0.3,8.46,8.46,8.46,8.46,1.0,0.0,28.0,0.0,0.3,0.3,3.08,3.08,3.08,3.08,1.0,0.0,28.0,0.0,0.3,0.3,1005.3,1005.3,1005.3,1005.3,1.0,0.0,28.0,0.0,0.3,0.3,,,,,,,,,,,,,,,,,,,,,,,,,,,,,,,,,,,,,,,,,,,,,,,,,,,,,,,,,,,,,,,,,,,,,,,,,,,,,,,,,,,,,,,,,,,,,,,,,,,,,,,,,,,,,,,,,,,,,,,,,,,,,,,,,,,,,,,,,,,,,,,,,,,,,,
1974,2,56.0,-45.0,9.75,9.85,9.95,9.85,2.0,0.21,8.0,0.5,0.3,0.2,9.31,10.4,11.49,10.4,2.0,2.26,8.0,0.5,0.3,0.2,5.73,6.94,8.15,6.94,2.0,2.5,8.0,0.5,0.3,0.2,78.5,87.2,95.9,87.2,2.0,18.1,8.0,0.5,0.2,6.52,7.2,7.88,7.2,2.0,1.41,8.0,0.5,0.3,0.2,-4.68,-2.2,0.27,-2.2,2.0,5.13,8.0,0.5,0.3,0.2,-6.46,-2.98,0.5,-2.98,2.0,7.21,8.0,0.5,0.3,0.2,1012.5,1015.95,1019.4,1015.95,2.0,7.14,8.0,0.5,0.3,0.2,1.0,1.0,1.0,1.0,1.0,0.0,16.0,1.0,0.4,0.1,-28.5,-12.2,4.1,-12.2,2.0,33.8,8.0,0.5,0.3,0.2,-53.6,-26.5,0.6,-26.5,2.0,56.1,8.0,0.5,0.3,0.2,-1.74,-0.55,0.64,-0.55,2.0,2.47,8.0,0.5,0.3,0.2,-14.7,-5.7,3.3,-5.7,2.0,18.6,8.0,0.5,0.3,0.2,-0.67,0.57,1.8,0.57,2.0,2.56,8.0,0.5,0.3,0.2,-6.2,2.3,10.8,2.3,2.0,17.6,8.0,0.5,0.3,0.2,-40.4,-17.1,6.2,-17.1,2.0,48.3,8.0,0.5,0.3,0.2,-78.6,-39.1,0.3,-39.1,2.0,81.7,8.0,0.5,0.3,0.2,-23.4,-8.9,5.7,-8.9,2.0,30.1,8.0,0.5,0.3,0.2,-57.4,-29.7,-1.9,-29.7,2.0,57.5,8.0,0.5,0.3,0.2,-11.9,-7.8,-3.7,-7.8,2.0,8.5,8.0,0.5,0.3,0.2,5.8,7.5,9.2,7.5,2.0,3.5,8.0,0.5,0.3,0.2,288.0,395.0,501.5,395.0,2.0,221.5,8.0,0.5,0.3,0.2,290.0,395.0,500.0,395.0,2.0,220.0,8.0,0.5,0.3,0.2
1974,2,56.0,-43.0,16.0,16.0,16.0,16.0,1.0,0.0,12.0,0.0,0.8,1.0,14.4,14.4,14.4,14.4,1.0,0.0,12.0,0.0,0.8,1.0,9.2,9.2,9.2,9.2,1.0,0.0,12.0,0.0,0.8,1.0,90.7,90.7,90.7,90.7,1.0,0.0,12.0,0.0,1.0,4.6,4.6,4.6,4.6,1.0,0.0,12.0,0.0,0.8,1.0,3.52,3.52,3.52,3.52,1.0,0.0,12.0,0.0,0.8,1.0,-2.96,-2.96,-2.96,-2.96,1.0,0.0,12.0,0.0,0.8,1.0,1015.5,1015.5,1015.5,1015.5,1.0,0.0,12.0,0.0,0.8,1.0,6.0,6.0,6.0,6.0,1.0,0.0,12.0,0.0,0.8,1.0,16.2,16.2,16.2,16.2,1.0,0.0,12.0,0.0,0.8,1.0,-13.6,-13.6,-13.6,-13.6,1.0,0.0,12.0,0.0,0.8,1.0,1.6,1.6,1.6,1.6,1.0,0.0,12.0,0.0,0.8,1.0,7.4,7.4,7.4,7.4,1.0,0.0,12.0,0.0,0.8,1.0,2.06,2.06,2.06,2.06,1.0,0.0,12.0,0.0,0.8,1.0,9.5,9.5,9.5,9.5,1.0,0.0,12.0,0.0,0.8,1.0,50.7,50.7,50.7,50.7,1.0,0.0,12.0,0.0,0.8,1.0,-42.6,-42.6,-42.6,-42.6,1.0,0.0,12.0,0.0,0.8,1.0,32.4,32.4,32.4,32.4,1.0,0.0,12.0,0.0,0.8,1.0,-27.2,-27.2,-27.2,-27.2,1.0,0.0,12.0,0.0,0.8,1.0,7.2,7.2,7.2,7.2,1.0,0.0,12.0,0.0,0.8,1.0,-6.1,-6.1,-6.1,-6.1,1.0,0.0,12.0,0.0,0.8,1.0,97.5,97.5,97.5,97.5,1.0,0.0,12.0,0.0,0.8,1.0,95.0,95.0,95.0,95.0,1.0,0.0,12.0,0.0,0.8,1.0
1974,2,56.0,-40.0,18.0,18.0,18.0,18.0,1.0,0.0,8.0,0.0,0.6,0.6,18.1,18.1,18.1,18.1,1.0,0.0,8.0,0.0,0.6,0.6,12.34,12.34,12.34,12.34,1.0,0.0,8.0,0.0,0.6,0.6,96.9,96.9,96.9,96.9,1.0,0.0,8.0,0.0,0.6,3.6,3.6,3.6,3.6,1.0,0.0,8.0,0.0,0.6,0.6,-1.23,-1.23,-1.23,-1.23,1.0,0.0,8.0,0.0,0.6,0.6,-3.38,-3.38,-3.38,-3.38,1.0,0.0,8.0,0.0,0.6,0.6,1025.9,1025.9,1025.9,1025.9,1.0,0.0,8.0,0.0,0.6,0.6,1.0,1.0,1.0,1.0,1.0,0.0,8.0,0.0,0.6,0.6,-4.4,-4.4,-4.4,-4.4,1.0,0.0,8.0,0.0,0.6,0.6,-12.2,-12.2,-12.2,-12.2,1.0,0.0,8.0,0.0,0.6,0.6,-0.1,-0.1,-0.1,-0.1,1.0,0.0,8.0,0.0,0.6,0.6,-0.4,-0.4,-0.4,-0.4,1.0,0.0,8.0,0.0,0.6,0.6,0.32,0.32,0.32,0.32,1.0,0.0,8.0,0.0,0.6,0.6,1.1,1.1,1.1,1.1,1.0,0.0,8.0,0.0,0.6,0.6,-22.3,-22.3,-22.3,-22.3,1.0,0.0,8.0,0.0,0.6,0.6,-61.2,-61.2,-61.2,-61.2,1.0,0.0,8.0,0.0,0.6,0.6,-15.2,-15.2,-15.2,-15.2,1.0,0.0,8.0,0.0,0.6,0.6,-41.8,-41.8,-41.8,-41.8,1.0,0.0,8.0,0.0,0.6,0.6,-0.4,-0.4,-0.4,-0.4,1.0,0.0,8.0,0.0,0.6,0.6,-1.1,-1.1,-1.1,-1.1,1.0,0.0,8.0,0.0,0.6,0.6,46.5,46.5,46.5,46.5,1.0,0.0,8.0,0.0,0.6,0.6,45.0,45.0,45.0,45.0,1.0,0.0,8.0,0.0,0.6,0.6
1974,2,56.0,-34.0,23.5,23.5,23.5,23.5,1.0,0.0,14.0,0.0,0.3,0.2,23.0,23.0,23.0,23.0,1.0,0.0,14.0,0.0,0.3,0.2,14.32,14.32,14.32,14.32,1.0,0.0,14.0,0.0,0.3,0.2,82.7,82.7,82.7,82.7,1.0,0.0,14.0,0.0,0.2,5.1,5.1,5.1,5.1,1.0,0.0,14.0,0.0,0.3,0.2,-3.28,-3.28,-3.28,-3.28,1.0,0.0,14.0,0.0,0.3,0.2,-3.91,-3.91,-3.91,-3.91,1.0,0.0,14.0,0.0,0.3,0.2,1022.0,1022.0,1022.0,1022.0,1.0,0.0,14.0,0.0,0.3,0.2,7.0,7.0,7.0,7.0,1.0,0.0,14.0,0.0,0.3,0.2,-16.7,-16.7,-16.7,-16.7,1.0,0.0,14.0,0.0,0.3,0.2,-19.9,-19.9,-19.9,-19.9,1.0,0.0,14.0,0.0,0.3,0.2,0.5,0.5,0.5,0.5,1.0,0.0,14.0,0.0,0.3,0.2,2.6,2.6,2.6,2.6,1.0,0.0,14.0,0.0,0.3,0.2,3.57,3.57,3.57,3.57,1.0,0.0,14.0,0.0,0.3,0.2,18.2,18.2,18.2,18.2,1.0,0.0,14.0,0.0,0.3,0.2,-75.4,-75.4,-75.4,-75.4,1.0,0.0,14.0,0.0,0.3,0.2,-89.9,-89.9,-89.9,-89.9,1.0,0.0,14.0,0.0,0.3,0.2,-47.0,-47.0,-47.0,-47.0,1.0,0.0,14.0,0.0,0.3,0.2,-56.0,-56.0,-56.0,-56.0,1.0,0.0,14.0,0.0,0.3,0.2,-11.7,-11.7,-11.7,-11.7,1.0,0.0,14.0,0.0,0.3,0.2,-13.9,-13.9,-13.9,-13.9,1.0,0.0,14.0,0.0,0.3,0.2,132.5,132.5,132.5,132.5,1.0,0.0,14.0,0.0,0.3,0.2,135.0,135.0,135.0,135.0,1.0,0.0,14.0,0.0,0.3,0.2
1974,2,56.0,-33.0,21.0,21.0,21.0,21.0,1.0,0.0,24.0,0.0,0.8,0.5,22.0,22.0,22.0,22.0,1.0,0.0,24.0,0.0,0.8,0.5,11.34,11.34,11.34,11.34,1.0,0.0,24.0,0.0,0.8,0.5,69.6,69.6,69.6,69.6,1.0,0.0,24.0,0.0,0.5,5.1,5.1,5.1,5.1,1.0,0.0,24.0,0.0,0.8,0.5,-5.02,-5.02,-5.02,-5.02,1.0,0.0,24.0,0.0,0.8,0.5,-0.89,-0.89,-0.89,-0.89,1.0,0.0,24.0,0.0,0.8,0.5,1021.1,1021.1,1021.1,1021.1,1.0,0.0,24.0,0.0,0.8,0.5,2.0,2.0,2.0,2.0,1.0,0.0,24.0,0.0,0.8,0.5,-25.6,-25.6,-25.6,-25.6,1.0,0.0,24.0,0.0,0.8,0.5,-4.5,-4.5,-4.5,-4.5,1.0,0.0,24.0,0.0,0.8,0.5,-1.0,-1.0,-1.0,-1.0,1.0,0.0,24.0,0.0,0.8,0.5,-5.1,-5.1,-5.1,-5.1,1.0,0.0,24.0,0.0,0.8,0.5,4.02,4.02,4.02,4.02,1.0,0.0,24.0,0.0,0.8,0.5,20.5,20.5,20.5,20.5,1.0,0.0,24.0,0.0,0.8,0.5,-110.5,-110.5,-110.5,-110.5,1.0,0.0,24.0,0.0,0.8,0.5,-19.5,-19.5,-19.5,-19.5,1.0,0.0,24.0,0.0,0.8,0.5,-57.0,-57.0,-57.0,-57.0,1.0,0.0,24.0,0.0,0.8,0.5,-10.0,-10.0,-10.0,-10.0,1.0,0.0,24.0,0.0,0.8,0.5,-20.2,-20.2,-20.2,-20.2,1.0,0.0,24.0,0.0,0.8,0.5,-3.6,-3.6,-3.6,-3.6,1.0,0.0,24.0,0.0,0.8,0.5,132.5,132.5,132.5,132.5,1.0,0.0,24.0,0.0,0.8,0.5,135.0,135.0,135.0,135.0,1.0,0.0,24.0,0.0,0.8,0.5
1974,2,56.0,-32.0,24.66,25.0,26.37,25.5,3.0,1.32,10.0,0.7,0.5,0.5,24.63,24.9,26.4,25.5,3.0,1.4,10.0,0.7,0.5,0.5,14.96,17.34,17.5,16.26,3.0,2.08,10.0,0.7,0.5,0.5,74.8,78.3,86.1,80.4,3.0,8.5,10.0,0.7,0.5,4.6,4.6,7.81,6.17,3.0,2.71,10.0,0.7,0.5,0.5,-7.79,-4.53,1.28,-3.28,3.0,6.73,10.0,0.7,0.5,0.5,-1.82,-0.8,-0.25,-1.03,3.0,1.17,10.0,0.7,0.5,0.5,1017.88,1023.0,1023.61,1020.8,3.0,4.61,10.0,0.7,0.5,0.5,1.0,1.0,5.1,3.0,3.0,3.5,10.0,0.7,0.5,0.5,-65.7,-20.8,5.9,-29.7,3.0,53.0,10.0,0.7,0.5,0.5,-8.4,-3.7,-1.2,-4.8,3.0,5.4,10.0,0.7,0.5,0.5,-0.07,0.0,0.07,0.0,3.0,0.1,10.0,0.7,0.5,0.5,-0.3,0.0,0.3,0.0,3.0,0.5,10.0,0.7,0.5,0.5,2.97,4.74,5.0,4.01,3.0,1.62,10.0,0.7,0.5,0.5,13.7,21.8,39.4,26.5,3.0,19.3,10.0,0.7,0.5,0.5,-194.5,-122.8,28.7,-83.8,3.0,167.0,10.0,0.7,0.5,0.5,-46.0,-21.6,-6.9,-26.3,3.0,28.9,10.0,0.7,0.5,0.5,-112.9,-78.5,22.9,-45.8,3.0,103.4,10.0,0.7,0.5,0.5,-32.0,-13.8,-4.4,-18.1,3.0,20.5,10.0,0.7,0.5,0.5,-39.3,-21.5,-1.0,-20.2,3.0,28.1,10.0,0.7,0.5,0.5,-4.6,-3.8,-1.2,-2.9,3.0,2.6,10.0,0.7,0.5,0.5,97.5,97.5,580.0,333.0,3.0,408.0,10.0,0.7,0.5,0.5,95.0,95.0,580.0,335.0,3.0,410.0,10.0,0.7,0.5,0.5
1974,2,56.0,-31.0,24.05,24.15,24.25,24.15,2.0,0.21,16.0,1.0,0.6,0.5,23.91,24.35,24.79,24.35,2.0,0.92,16.0,1.0,0.6,0.5,14.86,16.51,18.15,16.51,2.0,3.42,16.0,1.0,0.6,0.5,80.3,86.6,93.0,86.6,2.0,13.1,16.0,1.0,0.5,8.8,9.0,9.2,9.0,2.0,0.42,16.0,1.0,0.6,0.5,-3.91,-2.32,-0.74,-2.32,2.0,3.29,16.0,1.0,0.6,0.5,-8.6,-8.38,-8.16,-8.38,2.0,0.46,16.0,1.0,0.6,0.5,1013.62,1014.1,1014.58,1014.1,2.0,0.99,16.0,1.0,0.6,0.5,6.3,7.0,7.7,7.0,2.0,1.4,16.0,1.0,0.6,0.5,-36.4,-21.6,-6.9,-21.6,2.0,30.6,16.0,1.0,0.6,0.5,-75.6,-75.3,-75.0,-75.3,2.0,0.6,16.0,1.0,0.6,0.5,-0.75,-0.2,0.35,-0.2,2.0,1.13,16.0,1.0,0.6,0.5,-6.4,-1.6,3.3,-1.6,2.0,10.1,16.0,1.0,0.6,0.5,0.48,2.26,4.03,2.26,2.0,3.68,16.0,1.0,0.6,0.5,4.7,21.1,37.5,21.1,2.0,34.0,16.0,1.0,0.6,0.5,-92.7,-55.1,-17.5,-55.1,2.0,77.9,16.0,1.0,0.6,0.5,-213.3,-204.2,-195.1,-204.2,2.0,18.8,16.0,1.0,0.6,0.5,-55.1,-32.8,-10.4,-32.8,2.0,46.3,16.0,1.0,0.6,0.5,-156.5,-139.0,-121.6,-139.0,2.0,36.2,16.0,1.0,0.6,0.5,-19.0,-11.3,-3.6,-11.3,2.0,16.0,16.0,1.0,0.6,0.5,-32.4,-18.1,-3.7,-18.1,2.0,29.8,16.0,1.0,0.6,0.5,681.5,731.5,781.0,731.5,2.0,103.0,16.0,1.0,0.6,0.5,680.0,730.0,780.0,730.0,2.0,105.0,16.0,1.0,0.6,0.5
1974,2,56.0,-30.0,24.8,25.0,25.0,24.9,3.0,0.17,14.0,0.3,0.5,0.6,23.4,23.4,24.49,23.93,3.0,0.92,14.0,0.3,0.5,0.6,13.21,14.15,15.08,14.15,2.0,1.94,18.0,0.5,0.3,0.6,74.1,79.3,84.5,79.3,2.0,10.8,18.0,0.5,0.6,6.43,8.1,10.09,8.25,4.0,2.78,12.0,0.5,0.4,0.7,-6.96,-5.71,-5.03,-5.98,4.0,1.22,12.0,0.5,0.4,0.7,-7.65,-3.5,2.35,-2.69,4.0,6.29,12.0,0.5,0.4,0.7,1016.73,1017.0,1019.18,1017.93,3.0,1.97,14.0,0.3,0.5,0.6,1.9,5.0,7.0,4.5,4.0,3.4,12.0,0.5,0.4,0.7,-71.4,-46.3,-32.5,-51.7,4.0,27.5,12.0,0.5,0.4,0.7,-79.2,-26.7,20.6,-29.2,4.0,63.9,12.0,0.5,0.4,0.7,0.41,1.3,1.5,0.97,3.0,0.85,14.0,0.3,0.5,0.6,4.2,13.1,14.6,9.5,3.0,8.3,14.0,0.3,0.5,0.6,4.32,5.38,6.43,5.38,2.0,2.19,18.0,0.5,0.3,0.6,47.0,51.0,55.0,51.0,2.0,8.2,18.0,0.5,0.3,0.6,-167.8,-147.0,-134.4,-151.0,3.0,24.7,14.0,0.3,0.5,0.6,-193.0,-153.2,35.6,-80.5,3.0,178.9,14.0,0.3,0.5,0.6,-111.8,-99.0,-86.2,-99.0,2.0,26.5,18.0,0.5,0.3,0.6,-107.3,-36.5,34.4,-36.5,2.0,146.8,18.0,0.5,0.3,0.6,-41.2,-36.3,-31.4,-36.3,2.0,10.2,18.0,0.5,0.3,0.6,-23.3,0.9,25.2,0.9,2.0,50.3,18.0,0.5,0.3,0.6,309.5,531.5,1123.5,708.0,4.0,652.5,12.0,0.5,0.4,0.7,310.0,530.0,1125.0,710.0,4.0,650.0,12.0,0.5,0.4,0.7
1974,2,56.0,-29.0,25.6,25.6,25.6,25.6,1.0,0.0,4.0,1.0,0.3,0.1,26.4,26.4,26.4,26.4,1.0,0.0,4.0,1.0,0.3,0.1,14.94,14.94,14.94,14.94,1.0,0.0,4.0,1.0,0.3,0.1,70.5,70.5,70.5,70.5,1.0,0.0,4.0,1.0,0.1,12.9,12.9,12.9,12.9,1.0,0.0,4.0,1.0,0.3,0.1,-12.9,-12.9,-12.9,-12.9,1.0,0.0,4.0,1.0,0.3,0.1,0.0,0.0,0.0,0.0,1.0,0.0,4.0,1.0,0.3,0.1,1023.4,1023.4,1023.4,1023.4,1.0,0.0,4.0,1.0,0.3,0.1,6.0,6.0,6.0,6.0,1.0,0.0,4.0,1.0,0.3,0.1,-166.4,-166.4,-166.4,-166.4,1.0,0.0,4.0,1.0,0.3,0.1,0.0,0.0,0.0,0.0,1.0,0.0,4.0,1.0,0.3,0.1,-0.8,-0.8,-0.8,-0.8,1.0,0.0,4.0,1.0,0.3,0.1,-10.3,-10.3,-10.3,-10.3,1.0,0.0,4.0,1.0,0.3,0.1,5.35,5.35,5.35,5.35,1.0,0.0,4.0,1.0,0.3,0.1,69.0,69.0,69.0,69.0,1.0,0.0,4.0,1.0,0.3,0.1,-340.6,-340.6,-340.6,-340.6,1.0,0.0,4.0,1.0,0.3,0.1,0.0,0.0,0.0,0.0,1.0,0.0,4.0,1.0,0.3,0.1,-192.8,-192.8,-192.8,-192.8,1.0,0.0,4.0,1.0,0.3,0.1,0.0,0.0,0.0,0.0,1.0,0.0,4.0,1.0,0.3,0.1,-69.0,-69.0,-69.0,-69.0,1.0,0.0,4.0,1.0,0.3,0.1,0.0,0.0,0.0,0.0,1.0,0.0,4.0,1.0,0.3,0.1,2146.5,2146.5,2146.5,2146.5,1.0,0.0,4.0,1.0,0.3,0.1,2145.0,2145.0,2145.0,2145.0,1.0,0.0,4.0,1.0,0.3,0.1
1974,2,56.0,-28.0,,,,,,,,,,,,,,,,,,,,,,,,,,,,,,,,,,,,,,,,7.25,9.95,12.65,9.95,2.0,5.59,8.0,0.5,0.4,0.6,-11.94,-9.53,-7.12,-9.53,2.0,4.99,8.0,0.5,0.4,0.6,-4.0,-2.38,-0.75,-2.38,2.0,3.36,8.0,0.5,0.4,0.6,1012.66,1013.0,1013.34,1013.0,2.0,0.71,8.0,0.5,0.4,0.6,3.3,4.0,6.7,5.0,3.0,2.6,10.0,0.7,0.3,0.7,-158.5,-108.8,-59.1,-108.8,2.0,102.9,8.0,0.5,0.4,0.6,-55.6,-33.0,-10.5,-33.0,2.0,46.7,8.0,0.5,0.4,0.6,,,,,,,,,,,,,,,,,,,,,,,,,,,,,,,,,,,,,,,,,-287.4,-287.4,-287.4,-287.4,1.0,0.0,10.0,1.0,0.1,0.2,-104.6,-104.6,-104.6,-104.6,1.0,0.0,10.0,1.0,0.1,0.2,-206.1,-206.1,-206.1,-206.1,1.0,0.0,10.0,1.0,0.1,0.2,-75.0,-75.0,-75.0,-75.0,1.0,0.0,10.0,1.0,0.1,0.2,,,,,,,,,,,,,,,,,,,,,,,,,,,,,,,,,,,,,,,,
1974,2,56.0,-27.0,,,,,,,,,,,,,,,,,,,,,,,,,,,,,,,,,,,,,,,,3.27,4.0,6.46,4.78,9.0,2.39,18.0,0.4,0.4,0.6,-4.49,-3.76,-2.89,-3.36,9.0,2.28,18.0,0.4,0.4,0.6,-2.52,-1.03,-0.44,-1.86,9.0,3.09,18.0,0.4,0.4,0.6,1012.64,1013.0,1014.72,1013.29,7.0,1.23,18.0,0.4,0.4,0.5,,,,,,,,,,,,,,,,,,,,,,,,,,,,,,,,,,,,,,,,,,,,,,,,,,,,,,,,,,,,,,,,,,,,,,,,,,,,,,,,,,,,,,,,,,,,,,,,,,,,,,,,,,,,,,,,,,,,,,,,,,,,,,,,,,,,,,,,,,,,,,,,,,,,,,
1974,2,56.0,-26.0,,,,,,,,,,,,,,,,,,,,,,,,,,,,,,,,,,,,,,,,3.48,5.0,7.57,5.5,4.0,2.65,16.0,0.5,0.3,0.5,-4.61,-3.07,-2.94,-3.74,4.0,1.51,16.0,0.5,0.3,0.5,-5.65,-1.29,0.54,-2.5,4.0,4.25,16.0,0.5,0.3,0.5,1015.67,1016.05,1016.43,1016.05,2.0,0.78,14.0,0.0,0.4,0.5,,,,,,,,,,,,,,,,,,,,,,,,,,,,,,,,,,,,,,,,,,,,,,,,,,,,,,,,,,,,,,,,,,,,,,,,,,,,,,,,,,,,,,,,,,,,,,,,,,,,,,,,,,,,,,,,,,,,,,,,,,,,,,,,,,,,,,,,,,,,,,,,,,,,,,
1974,2,56.0,-25.0,,,,,,,,,,,,,,,,,,,,,,,,,,,,,,,,,,,,,,,,5.0,5.0,5.0,5.0,1.0,0.0,14.0,1.0,0.8,0.8,-4.33,-4.33,-4.33,-4.33,1.0,0.0,14.0,1.0,0.8,0.8,-2.5,-2.5,-2.5,-2.5,1.0,0.0,14.0,1.0,0.8,0.8,1016.8,1016.8,1016.8,1016.8,1.0,0.0,14.0,1.0,0.8,0.8,,,,,,,,,,,,,,,,,,,,,,,,,,,,,,,,,,,,,,,,,,,,,,,,,,,,,,,,,,,,,,,,,,,,,,,,,,,,,,,,,,,,,,,,,,,,,,,,,,,,,,,,,,,,,,,,,,,,,,,,,,,,,,,,,,,,,,,,,,,,,,,,,,,,,,
1974,2,56.0,-24.0,26.2,26.4,26.6,26.4,2.0,0.42,10.0,0.5,0.9,0.4,25.49,26.1,26.71,26.1,2.0,1.27,10.0,0.5,0.9,0.4,16.34,16.34,16.34,16.34,1.0,0.0,6.0,0.0,0.9,0.1,81.9,81.9,81.9,81.9,1.0,0.0,6.0,0.0,0.1,6.43,7.35,8.27,7.35,2.0,1.91,10.0,0.5,0.9,0.4,-7.82,-6.21,-4.6,-6.21,2.0,3.33,10.0,0.5,0.9,0.4,-4.11,-3.05,-2.0,-3.05,2.0,2.18,10.0,0.5,0.9,0.4,1014.52,1014.55,1014.58,1014.55,2.0,0.07,10.0,0.5,0.9,0.4,8.0,8.0,8.0,8.0,1.0,0.0,14.0,1.0,0.9,0.6,-66.4,-48.8,-31.3,-48.8,2.0,36.3,10.0,0.5,0.9,0.4,-25.3,-20.4,-15.4,-20.4,2.0,10.2,10.0,0.5,0.9,0.4,-0.11,0.3,0.71,0.3,2.0,0.85,10.0,0.5,0.9,0.4,-0.3,3.0,6.3,3.0,2.0,6.8,10.0,0.5,0.9,0.4,4.76,4.76,4.76,4.76,1.0,0.0,6.0,0.0,0.9,0.1,41.4,41.4,41.4,41.4,1.0,0.0,6.0,0.0,0.9,0.1,-198.2,-160.0,-121.9,-160.0,2.0,79.0,10.0,0.5,0.9,0.4,-110.4,-81.1,-51.7,-81.1,2.0,60.8,10.0,0.5,0.9,0.4,-140.0,-140.0,-140.0,-140.0,1.0,0.0,6.0,0.0,0.9,0.1,-24.7,-24.7,-24.7,-24.7,1.0,0.0,6.0,0.0,0.9,0.1,-40.8,-40.8,-40.8,-40.8,1.0,0.0,6.0,0.0,0.9,0.1,-7.2,-7.2,-7.2,-7.2,1.0,0.0,6.0,0.0,0.9,0.1,286.0,437.5,588.5,437.5,2.0,313.0,10.0,0.5,0.9,0.4,285.0,435.0,590.0,435.0,2.0,315.0,10.0,0.5,0.9,0.4
1974,2,56.0,-23.0,26.35,26.8,27.49,26.92,5.0,0.73,18.0,0.2,0.3,0.5,26.0,26.35,26.87,26.53,6.0,0.92,18.0,0.2,0.3,0.6,17.69,18.04,18.82,18.25,4.0,0.85,18.0,0.0,0.1,0.6,80.9,84.1,87.9,84.2,5.0,6.0,18.0,0.2,0.6,6.0,7.7,9.47,8.2,7.0,2.53,16.0,0.1,0.3,0.6,-8.86,-6.0,-4.6,-6.54,7.0,3.04,16.0,0.1,0.3,0.6,-6.58,-3.18,0.06,-3.21,7.0,3.7,16.0,0.1,0.3,0.6,1012.59,1014.25,1015.44,1013.97,6.0,1.66,16.0,0.0,0.3,0.6,2.0,3.0,4.0,3.3,7.0,1.1,16.0,0.1,0.3,0.6,-84.3,-36.0,-28.8,-57.1,7.0,44.0,16.0,0.1,0.3,0.6,-83.3,-24.7,0.5,-31.2,7.0,38.7,16.0,0.1,0.3,0.6,-0.53,0.1,0.88,0.2,5.0,1.09,18.0,0.2,0.3,0.5,-6.2,0.6,7.6,0.9,5.0,11.4,18.0,0.2,0.3,0.5,3.4,3.86,4.13,3.77,3.0,0.54,20.0,0.0,0.1,0.5,24.1,24.5,34.8,29.3,3.0,8.8,20.0,0.0,0.1,0.5,-242.8,-177.7,-108.6,-177.2,6.0,93.1,18.0,0.2,0.3,0.6,-194.2,-93.5,-14.6,-100.2,6.0,100.0,18.0,0.2,0.3,0.6,-144.8,-111.1,-57.4,-101.6,4.0,54.7,18.0,0.0,0.1,0.6,-127.7,-63.9,-13.9,-70.5,4.0,83.2,18.0,0.0,0.1,0.6,-22.3,-18.3,-10.5,-16.5,3.0,8.8,20.0,0.0,0.1,0.5,-31.5,-15.4,-2.0,-16.7,3.0,21.6,20.0,0.0,0.1,0.5,216.0,456.5,868.5,697.5,7.0,690.0,16.0,0.1,0.3,0.6,215.0,455.0,870.0,695.0,7.0,690.0,16.0,0.1,0.3,0.6
1974,2,56.0,-22.0,26.68,27.0,28.0,27.25,16.0,0.73,16.0,0.4,0.5,0.7,25.72,26.5,27.55,26.6,17.0,1.0,16.0,0.4,0.5,0.7,14.75,16.56,18.61,16.88,14.0,2.01,16.0,0.5,0.5,0.8,68.0,75.9,89.4,77.5,14.0,11.8,16.0,0.5,0.8,3.8,5.1,9.55,6.16,23.0,3.05,18.0,0.4,0.5,0.7,-8.51,-4.53,-2.47,-4.77,23.0,3.69,18.0,0.4,0.5,0.7,-2.52,-0.69,3.2,-0.59,23.0,3.36,18.0,0.4,0.5,0.7,1010.94,1012.6,1014.7,1012.49,23.0,2.17,18.0,0.4,0.5,0.7,2.0,4.0,7.7,4.2,22.0,2.3,16.0,0.4,0.5,0.7,-81.2,-20.8,-8.7,-37.2,23.0,41.2,18.0,0.4,0.5,0.7,-15.5,-2.8,12.9,-5.1,23.0,34.4,18.0,0.4,0.5,0.7,-0.4,0.55,1.31,0.62,16.0,1.04,16.0,0.4,0.5,0.7,-1.7,2.2,9.0,5.2,16.0,11.3,16.0,0.4,0.5,0.7,3.76,5.78,7.66,5.8,14.0,2.23,16.0,0.5,0.5,0.8,22.9,36.6,51.7,37.1,14.0,15.9,16.0,0.5,0.5,0.8,-246.6,-150.7,-68.0,-140.3,17.0,101.9,16.0,0.4,0.5,0.7,-85.4,0.0,92.2,-6.6,17.0,99.4,16.0,0.4,0.5,0.7,-156.1,-93.6,-30.4,-88.2,14.0,75.9,16.0,0.5,0.5,0.8,-32.5,17.7,57.2,2.0,14.0,73.9,16.0,0.5,0.5,0.8,-45.5,-30.0,-6.4,-27.4,14.0,22.0,16.0,0.5,0.5,0.8,-10.6,4.5,20.8,0.9,14.0,21.1,16.0,0.5,0.5,0.8,55.0,132.5,874.0,418.5,23.0,583.5,18.0,0.4,0.5,0.7,55.0,135.0,875.0,420.0,23.0,585.0,18.0,0.4,0.5,0.7
1974,2,56.0,-21.0,26.37,27.0,27.54,27.01,19.0,0.74,10.0,0.3,0.4,0.6,25.83,26.5,27.38,26.6,21.0,0.91,12.0,0.3,0.4,0.6,15.71,16.89,18.09,16.93,21.0,1.23,12.0,0.3,0.4,0.6,71.0,76.5,84.0,78.0,21.0,6.1,12.0,0.3,0.6,4.6,7.7,9.3,7.3,23.0,2.51,12.0,0.3,0.4,0.6,-9.23,-6.3,-4.11,-6.67,23.0,2.85,12.0,0.3,0.4,0.6,-3.27,0.0,2.64,-0.03,23.0,2.69,12.0,0.3,0.4,0.6,1010.6,1012.2,1014.57,1012.51,22.0,1.87,12.0,0.3,0.4,0.6,2.5,5.0,7.5,4.7,23.0,2.3,12.0,0.3,0.4,0.6,-85.8,-45.4,-19.9,-55.4,23.0,40.2,12.0,0.3,0.4,0.6,-19.4,0.0,19.7,-0.9,23.0,19.3,12.0,0.3,0.4,0.6,-0.36,0.5,1.52,0.57,18.0,0.93,10.0,0.3,0.4,0.7,-2.5,3.4,13.4,4.6,18.0,8.5,10.0,0.3,0.4,0.7,4.64,5.58,6.23,5.31,18.0,1.29,10.0,0.3,0.4,0.7,24.9,37.7,54.9,40.8,18.0,15.8,10.0,0.3,0.4,0.7,-245.7,-178.0,-114.5,-184.4,21.0,74.4,12.0,0.3,0.4,0.6,-79.2,0.0,75.0,2.1,21.0,67.3,12.0,0.3,0.4,0.6,-172.4,-111.7,-71.8,-118.2,21.0,50.2,12.0,0.3,0.4,0.6,-50.8,0.0,43.6,0.0,21.0,42.3,12.0,0.3,0.4,0.6,-54.7,-36.4,-24.6,-38.4,18.0,16.6,10.0,0.3,0.4,0.7,-16.1,0.0,11.6,-0.4,18.0,13.2,10.0,0.3,0.4,0.7,97.5,456.5,804.5,524.5,23.0,499.0,12.0,0.3,0.4,0.6,95.0,455.0,805.0,525.0,23.0,500.0,12.0,0.3,0.4,0.6
1974,2,56.0,-20.0,27.04,27.35,27.55,27.3,4.0,0.32,16.0,0.8,0.8,0.2,25.17,26.0,28.18,26.52,5.0,1.67,18.0,0.6,0.7,0.3,15.93,17.06,17.63,16.85,5.0,1.09,18.0,0.6,0.7,0.3,72.2,77.5,83.4,78.0,5.0,7.3,18.0,0.6,0.3,6.12,6.7,9.3,7.42,5.0,1.84,18.0,0.6,0.7,0.3,-7.6,-6.3,-2.08,-4.81,5.0,4.71,18.0,0.6,0.7,0.3,-4.65,-1.61,0.0,-2.53,5.0,3.61,18.0,0.6,0.7,0.3,1009.71,1011.2,1012.73,1011.34,5.0,2.52,18.0,0.6,0.7,0.3,4.4,6.0,7.0,5.8,4.0,2.1,18.0,0.5,0.8,0.4,-59.6,-42.2,-5.7,-33.7,5.0,41.6,18.0,0.6,0.7,0.3,-39.4,-15.0,0.0,-22.3,5.0,33.8,18.0,0.6,0.7,0.3,-0.71,0.2,1.79,0.53,4.0,1.58,16.0,0.8,0.8,0.2,-4.8,0.6,14.9,4.8,4.0,13.7,16.0,0.8,0.8,0.2,5.03,5.77,6.49,5.76,4.0,0.91,16.0,0.8,0.8,0.2,33.0,37.9,45.9,39.4,4.0,8.2,16.0,0.8,0.8,0.2,-204.4,-179.4,-55.6,-131.0,5.0,122.3,18.0,0.6,0.7,0.3,-120.0,-41.2,0.0,-64.3,5.0,88.8,18.0,0.6,0.7,0.3,-132.1,-107.4,-29.9,-80.5,5.0,79.8,18.0,0.6,0.7,0.3,-79.8,-26.2,0.0,-43.2,5.0,62.4,18.0,0.6,0.7,0.3,-36.8,-33.1,-6.0,-21.9,4.0,26.2,16.0,0.8,0.8,0.2,-31.4,-7.1,0.0,-15.3,4.0,22.2,16.0,0.8,0.8,0.2,239.5,301.0,804.5,468.5,5.0,314.0,18.0,0.6,0.7,0.3,240.0,300.0,805.0,470.0,5.0,315.0,18.0,0.6,0.7,0.3
1974,2,56.0,-19.0,27.0,27.0,27.0,27.0,1.0,0.0,10.0,0.0,0.0,0.4,26.0,26.0,26.0,26.0,2.0,0.0,8.0,0.0,0.4,0.7,18.5,18.5,18.5,18.5,1.0,0.0,10.0,0.0,0.0,0.4,87.7,87.7,87.7,87.7,1.0,0.0,10.0,0.0,0.4,9.96,10.3,10.64,10.3,2.0,0.71,8.0,0.0,0.4,0.7,-10.64,-10.3,-9.96,-10.3,2.0,0.71,8.0,0.0,0.4,0.7,0.0,0.0,0.0,0.0,2.0,0.0,8.0,0.0,0.4,0.7,1007.7,1009.2,1010.7,1009.2,2.0,3.11,8.0,0.0,0.4,0.7,7.2,7.5,7.8,7.5,2.0,0.7,8.0,0.0,0.4,0.7,-113.4,-106.3,-99.3,-106.3,2.0,14.6,8.0,0.0,0.4,0.7,0.0,0.0,0.0,0.0,2.0,0.0,8.0,0.0,0.4,0.7,1.0,1.0,1.0,1.0,1.0,0.0,10.0,0.0,0.0,0.4,10.8,10.8,10.8,10.8,1.0,0.0,10.0,0.0,0.0,0.4,3.93,3.93,3.93,3.93,1.0,0.0,10.0,0.0,0.0,0.4,42.5,42.5,42.5,42.5,1.0,0.0,10.0,0.0,0.0,0.4,-276.7,-267.8,-258.9,-267.8,2.0,18.4,8.0,0.0,0.4,0.7,0.0,0.0,0.0,0.0,2.0,0.0,8.0,0.0,0.4,0.7,-199.8,-199.8,-199.8,-199.8,1.0,0.0,10.0,0.0,0.0,0.4,0.0,0.0,0.0,0.0,1.0,0.0,10.0,0.0,0.0,0.4,-42.5,-42.5,-42.5,-42.5,1.0,0.0,10.0,0.0,0.0,0.4,0.0,0.0,0.0,0.0,1.0,0.0,10.0,0.0,0.0,0.4,991.5,1100.5,1209.0,1100.5,2.0,225.0,8.0,0.0,0.4,0.7,990.0,1100.0,1210.0,1100.0,2.0,225.0,8.0,0.0,0.4,0.7
1974,2,56.0,-18.0,26.24,26.75,27.26,26.75,2.0,1.06,4.0,0.5,0.1,0.7,27.5,27.5,27.5,27.5,1.0,0.0,6.0,1.0,0.0,0.5,15.67,15.67,15.67,15.67,1.0,0.0,6.0,1.0,0.0,0.5,68.5,68.5,68.5,68.5,1.0,0.0,6.0,1.0,0.5,5.09,6.15,7.21,6.15,2.0,2.19,4.0,0.5,0.1,0.7,-6.08,-4.81,-3.55,-4.81,2.0,2.62,4.0,0.5,0.1,0.7,3.58,3.69,3.8,3.69,2.0,0.23,4.0,0.5,0.1,0.7,1012.16,1012.5,1012.84,1012.5,2.0,0.71,4.0,0.5,0.1,0.7,5.2,5.5,5.8,5.5,2.0,0.7,4.0,0.5,0.1,0.7,-45.4,-32.5,-19.6,-32.5,2.0,26.7,4.0,0.5,0.1,0.7,18.3,22.9,27.5,22.9,2.0,9.5,4.0,0.5,0.1,0.7,0.0,0.0,0.0,0.0,1.0,0.0,6.0,1.0,0.0,0.5,0.0,0.0,0.0,0.0,1.0,0.0,6.0,1.0,0.0,0.5,7.3,7.3,7.3,7.3,1.0,0.0,6.0,1.0,0.0,0.5,56.2,56.2,56.2,56.2,1.0,0.0,6.0,1.0,0.0,0.5,-183.4,-183.4,-183.4,-183.4,1.0,0.0,6.0,1.0,0.0,0.5,105.9,105.9,105.9,105.9,1.0,0.0,6.0,1.0,0.0,0.5,-104.5,-104.5,-104.5,-104.5,1.0,0.0,6.0,1.0,0.0,0.5,60.3,60.3,60.3,60.3,1.0,0.0,6.0,1.0,0.0,0.5,-48.7,-48.7,-48.7,-48.7,1.0,0.0,6.0,1.0,0.0,0.5,28.1,28.1,28.1,28.1,1.0,0.0,6.0,1.0,0.0,0.5,154.5,277.0,399.5,277.0,2.0,254.0,4.0,0.5,0.1,0.7,155.0,275.0,400.0,275.0,2.0,255.0,4.0,0.5,0.1,0.7
1974,2,56.0,-17.0,26.32,27.0,27.34,26.83,3.0,0.76,14.0,0.0,0.5,0.3,25.63,27.0,28.37,27.0,3.0,2.0,14.0,0.0,0.5,0.3,16.14,16.28,16.41,16.28,2.0,0.28,18.0,0.0,0.6,0.4,67.0,69.1,71.3,69.1,2.0,4.5,18.0,0.0,0.4,4.43,6.2,6.54,5.5,3.0,1.66,14.0,0.0,0.5,0.3,-5.23,-3.99,-3.39,-4.3,3.0,1.37,14.0,0.0,0.5,0.3,-2.86,-1.8,2.67,-0.13,3.0,4.3,14.0,0.0,0.5,0.3,1012.1,1012.3,1012.5,1012.3,3.0,0.3,14.0,0.0,0.5,0.3,3.3,4.0,6.7,5.0,3.0,2.6,14.0,0.0,0.5,0.3,-34.4,-24.7,-15.5,-24.9,3.0,13.8,14.0,0.0,0.5,0.3,-17.4,-6.5,18.0,0.2,3.0,26.6,14.0,0.0,0.5,0.3,-1.21,0.5,0.84,-0.17,3.0,1.61,14.0,0.0,0.5,0.3,-3.9,3.1,5.6,0.9,3.0,7.2,14.0,0.0,0.5,0.3,6.01,6.37,6.74,6.37,2.0,0.76,18.0,0.0,0.6,0.4,24.5,31.9,39.4,31.9,2.0,15.5,18.0,0.0,0.6,0.4,-133.2,-107.6,-95.9,-114.4,3.0,27.9,14.0,0.0,0.5,0.3,-73.7,-52.2,71.0,-2.6,3.0,114.4,14.0,0.0,0.5,0.3,-62.1,-57.7,-53.4,-57.7,2.0,9.0,18.0,0.0,0.6,0.4,-12.8,23.4,59.5,23.4,2.0,75.0,18.0,0.0,0.6,0.4,-26.1,-22.9,-19.7,-22.9,2.0,6.6,18.0,0.0,0.6,0.4,-3.6,11.2,26.0,11.2,2.0,30.6,18.0,0.0,0.6,0.4,107.5,238.5,281.0,195.0,3.0,132.5,14.0,0.0,0.5,0.3,105.0,240.0,280.0,195.0,3.0,130.0,14.0,0.0,0.5,0.3
1974,2,56.0,-16.0,27.5,27.5,27.5,27.5,1.0,0.0,28.0,1.0,0.3,0.7,28.0,28.0,28.0,28.0,1.0,0.0,28.0,1.0,0.3,0.7,21.86,21.86,21.86,21.86,1.0,0.0,28.0,1.0,0.3,0.7,92.1,92.1,92.1,92.1,1.0,0.0,28.0,1.0,0.7,2.1,2.1,2.1,2.1,2.0,0.0,16.0,0.5,0.5,0.5,-1.74,-1.58,-1.42,-1.58,2.0,0.33,16.0,0.5,0.5,0.5,-1.19,-0.28,0.63,-0.28,2.0,1.88,16.0,0.5,0.5,0.5,1010.06,1012.35,1014.64,1012.35,2.0,4.74,16.0,0.5,0.5,0.5,1.8,3.5,5.2,3.5,2.0,3.5,16.0,0.5,0.5,0.5,-3.7,-3.3,-3.0,-3.3,2.0,0.7,16.0,0.5,0.5,0.5,-2.5,-0.6,1.3,-0.6,2.0,3.9,16.0,0.5,0.5,0.5,-0.5,-0.5,-0.5,-0.5,1.0,0.0,28.0,1.0,0.3,0.7,-1.0,-1.0,-1.0,-1.0,1.0,0.0,28.0,1.0,0.3,0.7,1.2,1.2,1.2,1.2,1.0,0.0,28.0,1.0,0.3,0.7,2.5,2.5,2.5,2.5,1.0,0.0,28.0,1.0,0.3,0.7,-50.9,-50.9,-50.9,-50.9,1.0,0.0,28.0,1.0,0.3,0.7,29.4,29.4,29.4,29.4,1.0,0.0,28.0,1.0,0.3,0.7,-39.8,-39.8,-39.8,-39.8,1.0,0.0,28.0,1.0,0.3,0.7,23.0,23.0,23.0,23.0,1.0,0.0,28.0,1.0,0.3,0.7,-2.2,-2.2,-2.2,-2.2,1.0,0.0,28.0,1.0,0.3,0.7,1.3,1.3,1.3,1.3,1.0,0.0,28.0,1.0,0.3,0.7,9.5,9.5,9.5,9.5,2.0,0.0,16.0,0.5,0.5,0.5,10.0,10.0,10.0,10.0,2.0,0.0,16.0,0.5,0.5,0.5
1974,2,56.0,-15.0,,,,,,,,,,,,,,,,,,,,,,,,,,,,,,,,,,,,,,,,2.6,2.6,2.6,2.6,1.0,0.0,2.0,1.0,0.2,0.6,-0.89,-0.89,-0.89,-0.89,1.0,0.0,2.0,1.0,0.2,0.6,-2.44,-2.44,-2.44,-2.44,1.0,0.0,2.0,1.0,0.2,0.6,1012.8,1012.8,1012.8,1012.8,1.0,0.0,2.0,1.0,0.2,0.6,,,,,,,,,,,,,,,,,,,,,,,,,,,,,,,,,,,,,,,,,,,,,,,,,,,,,,,,,,,,,,,,,,,,,,,,,,,,,,,,,,,,,,,,,,,,,,,,,,,,,,,,,,,,,,,,,,,,,,,,,,,,,,,,,,,,,,,,,,,,,,,,,,,,,,
1974,2,56.0,-10.0,27.2,27.2,27.2,27.2,1.0,0.0,16.0,1.0,0.1,0.8,25.74,26.25,26.76,26.25,2.0,1.06,14.0,1.0,0.3,0.6,17.38,17.38,17.38,17.38,1.0,0.0,16.0,1.0,0.1,0.8,85.0,85.0,85.0,85.0,1.0,0.0,16.0,1.0,0.8,3.84,4.35,4.86,4.35,2.0,1.06,14.0,1.0,0.3,0.6,-0.53,-0.31,-0.1,-0.31,2.0,0.44,14.0,1.0,0.3,0.6,-2.17,0.78,3.73,0.78,2.0,6.11,14.0,1.0,0.3,0.6,1008.4,1008.4,1008.4,1008.4,1.0,0.0,16.0,1.0,0.1,0.8,4.5,5.5,6.5,5.5,2.0,2.1,14.0,1.0,0.3,0.6,-1.9,-1.1,-0.4,-1.1,2.0,1.6,14.0,1.0,0.3,0.6,-6.6,6.6,19.9,6.6,2.0,27.4,14.0,1.0,0.3,0.6,1.7,1.7,1.7,1.7,1.0,0.0,16.0,1.0,0.1,0.8,6.1,6.1,6.1,6.1,1.0,0.0,16.0,1.0,0.1,0.8,5.29,5.29,5.29,5.29,1.0,0.0,16.0,1.0,0.1,0.8,19.1,19.1,19.1,19.1,1.0,0.0,16.0,1.0,0.1,0.8,-13.4,-8.0,-2.5,-8.0,2.0,11.3,14.0,1.0,0.3,0.6,-54.2,23.6,101.5,23.6,2.0,161.3,14.0,1.0,0.3,0.6,-10.9,-10.9,-10.9,-10.9,1.0,0.0,16.0,1.0,0.1,0.8,-61.6,-61.6,-61.6,-61.6,1.0,0.0,16.0,1.0,0.1,0.8,-3.3,-3.3,-3.3,-3.3,1.0,0.0,16.0,1.0,0.1,0.8,-18.8,-18.8,-18.8,-18.8,1.0,0.0,16.0,1.0,0.1,0.8,60.5,89.5,119.0,89.5,2.0,61.0,14.0,1.0,0.3,0.6,60.0,90.0,120.0,90.0,2.0,60.0,14.0,1.0,0.3,0.6
1974,2,56.0,-9.0,27.31,27.55,27.79,27.55,2.0,0.49,12.0,0.5,0.4,0.3,25.36,25.7,27.95,26.63,3.0,2.06,12.0,0.7,0.3,0.3,17.13,17.27,17.41,17.27,2.0,0.29,12.0,0.5,0.4,0.3,83.2,84.8,86.4,84.8,2.0,3.2,12.0,0.5,0.3,2.14,4.6,5.35,3.77,3.0,2.46,12.0,0.7,0.3,0.3,-0.89,-0.8,3.12,1.07,3.0,3.35,12.0,0.7,0.3,0.3,-4.0,-2.85,-0.67,-2.35,3.0,2.47,12.0,0.7,0.3,0.3,1008.4,1008.6,1008.8,1008.6,2.0,0.42,12.0,0.5,0.4,0.3,5.0,7.0,7.7,6.3,3.0,2.1,12.0,0.7,0.3,0.3,-2.8,-0.9,18.9,7.8,3.0,17.6,12.0,0.7,0.3,0.3,-19.4,-16.2,-4.9,-12.2,3.0,11.1,12.0,0.7,0.3,0.3,2.03,2.1,2.17,2.1,2.0,0.14,12.0,0.5,0.4,0.3,9.7,10.9,12.0,10.9,2.0,2.4,12.0,0.5,0.4,0.3,5.4,5.88,6.35,5.88,2.0,0.98,12.0,0.5,0.4,0.3,26.0,30.7,35.3,30.7,2.0,9.6,12.0,0.5,0.4,0.3,-25.0,-20.1,80.2,26.5,3.0,87.0,12.0,0.7,0.3,0.3,-101.2,-73.2,-16.5,-59.2,3.0,63.2,12.0,0.7,0.3,0.3,1.6,35.1,68.6,35.1,2.0,69.4,12.0,0.5,0.4,0.3,-74.3,-63.9,-53.5,-63.9,2.0,21.6,12.0,0.5,0.4,0.3,1.7,14.2,26.6,14.2,2.0,25.9,12.0,0.5,0.4,0.3,-22.7,-21.1,-19.5,-21.1,2.0,3.4,12.0,0.5,0.4,0.3,31.5,97.5,157.5,94.5,3.0,92.0,12.0,0.7,0.3,0.3,30.0,95.0,155.0,95.0,3.0,90.0,12.0,0.7,0.3,0.3
1974,2,56.0,-8.0,28.2,28.2,28.2,28.2,1.0,0.0,20.0,1.0,0.9,1.0,27.9,27.9,27.9,27.9,1.0,0.0,20.0,1.0,0.9,1.0,17.44,17.44,17.44,17.44,1.0,0.0,20.0,1.0,0.9,1.0,74.3,74.3,74.3,74.3,1.0,0.0,20.0,1.0,1.0,1.5,1.5,1.5,1.5,1.0,0.0,20.0,1.0,0.9,1.0,-1.3,-1.3,-1.3,-1.3,1.0,0.0,20.0,1.0,0.9,1.0,0.75,0.75,0.75,0.75,1.0,0.0,20.0,1.0,0.9,1.0,1010.8,1010.8,1010.8,1010.8,1.0,0.0,20.0,1.0,0.9,1.0,4.0,4.0,4.0,4.0,1.0,0.0,20.0,1.0,0.9,1.0,-1.9,-1.9,-1.9,-1.9,1.0,0.0,20.0,1.0,0.9,1.0,1.1,1.1,1.1,1.1,1.0,0.0,20.0,1.0,0.9,1.0,0.3,0.3,0.3,0.3,1.0,0.0,20.0,1.0,0.9,1.0,0.5,0.5,0.5,0.5,1.0,0.0,20.0,1.0,0.9,1.0,6.56,6.56,6.56,6.56,1.0,0.0,20.0,1.0,0.9,1.0,9.8,9.8,9.8,9.8,1.0,0.0,20.0,1.0,0.9,1.0,-36.2,-36.2,-36.2,-36.2,1.0,0.0,20.0,1.0,0.9,1.0,20.9,20.9,20.9,20.9,1.0,0.0,20.0,1.0,0.9,1.0,-22.7,-22.7,-22.7,-22.7,1.0,0.0,20.0,1.0,0.9,1.0,13.1,13.1,13.1,13.1,1.0,0.0,20.0,1.0,0.9,1.0,-8.5,-8.5,-8.5,-8.5,1.0,0.0,20.0,1.0,0.9,1.0,4.9,4.9,4.9,4.9,1.0,0.0,20.0,1.0,0.9,1.0,3.5,3.5,3.5,3.5,1.0,0.0,20.0,1.0,0.9,1.0,5.0,5.0,5.0,5.0,1.0,0.0,20.0,1.0,0.9,1.0
1974,2,56.0,-4.0,26.76,27.9,28.94,27.8,5.0,1.25,18.0,0.4,0.6,0.5,26.96,27.1,27.73,27.45,6.0,0.97,16.0,0.3,0.6,0.5,17.12,17.37,19.56,17.99,6.0,1.33,16.0,0.3,0.6,0.5,72.0,77.8,87.6,78.7,6.0,8.2,16.0,0.3,0.5,2.06,3.1,6.32,3.87,6.0,3.0,16.0,0.3,0.6,0.5,-1.3,1.38,2.88,1.0,6.0,2.1,16.0,0.3,0.6,0.5,-5.61,-2.28,-1.79,-3.32,6.0,2.85,16.0,0.3,0.6,0.5,1008.35,1009.65,1010.4,1009.35,6.0,2.44,16.0,0.3,0.6,0.5,1.8,5.0,5.4,4.2,6.0,2.2,16.0,0.3,0.6,0.5,-3.4,5.0,18.2,7.6,6.0,11.9,16.0,0.3,0.6,0.5,-37.0,-7.1,-4.6,-19.9,6.0,26.9,16.0,0.3,0.6,0.5,-1.31,0.9,1.7,0.26,5.0,1.71,18.0,0.4,0.6,0.5,-7.0,2.3,7.4,-0.2,5.0,11.2,18.0,0.4,0.6,0.5,4.01,5.42,7.92,5.9,5.0,2.1,18.0,0.4,0.6,0.5,6.8,27.2,47.8,26.8,5.0,21.7,18.0,0.4,0.6,0.5,-35.1,37.5,79.8,28.3,6.0,58.3,16.0,0.3,0.6,0.5,-156.6,-61.9,-48.2,-93.3,6.0,83.8,16.0,0.3,0.6,0.5,-25.4,23.7,48.7,16.0,6.0,37.4,16.0,0.3,0.6,0.5,-94.4,-44.3,-32.0,-58.8,6.0,48.2,16.0,0.3,0.6,0.5,-2.0,16.1,22.1,11.2,5.0,13.1,18.0,0.4,0.6,0.5,-43.0,-17.5,-5.9,-22.7,5.0,19.8,18.0,0.4,0.6,0.5,14.0,32.0,283.0,154.5,6.0,256.0,16.0,0.3,0.6,0.5,15.0,30.0,285.0,155.0,6.0,255.0,16.0,0.3,0.6,0.5
1974,2,56.0,-3.0,27.36,27.7,28.04,27.7,2.0,0.71,22.0,1.0,0.6,0.5,28.08,29.1,30.12,29.1,2.0,2.12,22.0,1.0,0.6,0.5,19.44,20.96,22.49,20.96,2.0,3.16,22.0,1.0,0.6,0.5,81.7,82.7,83.6,82.7,2.0,2.0,22.0,1.0,0.5,3.57,5.65,7.73,5.65,2.0,4.31,22.0,1.0,0.6,0.5,-2.3,-0.84,0.62,-0.84,2.0,3.02,22.0,1.0,0.6,0.5,-7.24,-5.21,-3.19,-5.21,2.0,4.19,22.0,1.0,0.6,0.5,1009.69,1010.95,1012.21,1010.95,2.0,2.62,22.0,1.0,0.6,0.5,2.5,3.5,4.5,3.5,2.0,2.1,22.0,1.0,0.6,0.5,-21.2,-11.3,-1.3,-11.3,2.0,20.7,22.0,1.0,0.6,0.5,-60.8,-38.5,-16.2,-38.5,2.0,46.2,22.0,1.0,0.6,0.5,-2.77,-1.4,-0.03,-1.4,2.0,2.83,22.0,1.0,0.6,0.5,-24.6,-14.0,-3.4,-14.0,2.0,22.0,22.0,1.0,0.6,0.5,0.37,2.34,4.31,2.34,2.0,4.08,22.0,1.0,0.6,0.5,-1.8,4.4,10.7,4.4,2.0,13.0,22.0,1.0,0.6,0.5,-70.9,-27.6,15.7,-27.6,2.0,89.8,22.0,1.0,0.6,0.5,-220.3,-156.2,-92.0,-156.2,2.0,132.9,22.0,1.0,0.6,0.5,-54.2,-22.3,9.5,-22.3,2.0,66.0,22.0,1.0,0.6,0.5,-166.3,-115.9,-65.6,-115.9,2.0,104.3,22.0,1.0,0.6,0.5,2.4,4.2,6.0,4.2,2.0,3.7,22.0,1.0,0.6,0.5,-9.2,-3.6,1.9,-3.6,2.0,11.5,22.0,1.0,0.6,0.5,119.5,338.0,557.0,338.0,2.0,453.0,22.0,1.0,0.6,0.5,120.0,340.0,555.0,340.0,2.0,455.0,22.0,1.0,0.6,0.5
1974,2,56.0,-2.0,27.1,28.0,28.08,27.72,6.0,0.63,18.0,0.3,0.3,0.6,25.95,27.5,29.34,27.5,6.0,1.74,18.0,0.3,0.3,0.6,16.61,18.17,18.78,17.74,5.0,1.23,18.0,0.4,0.3,0.7,70.4,75.4,85.3,77.5,5.0,9.5,18.0,0.4,0.7,3.69,4.6,5.1,4.27,6.0,1.13,18.0,0.3,0.3,0.6,-2.74,-1.51,0.15,-1.5,6.0,1.87,18.0,0.3,0.3,0.6,-4.26,-3.98,-2.43,-3.6,6.0,1.14,18.0,0.3,0.3,0.6,1007.75,1009.8,1011.08,1009.42,6.0,1.98,18.0,0.3,0.3,0.6,1.0,3.0,3.4,2.4,5.0,1.3,18.0,0.4,0.3,0.6,-13.0,-6.0,0.6,-7.0,6.0,9.4,18.0,0.3,0.3,0.6,-19.9,-17.4,-11.2,-16.1,6.0,7.2,18.0,0.3,0.3,0.6,-1.34,0.7,1.14,0.22,6.0,1.31,18.0,0.3,0.3,0.6,-5.7,2.2,5.4,0.9,6.0,6.0,18.0,0.3,0.3,0.6,4.56,4.96,6.69,5.44,5.0,1.25,18.0,0.4,0.3,0.7,17.6,22.8,24.7,21.4,5.0,5.1,18.0,0.4,0.3,0.7,-78.9,-41.0,4.3,-41.8,6.0,52.3,18.0,0.3,0.3,0.6,-120.2,-113.5,-66.3,-99.1,6.0,30.7,18.0,0.3,0.3,0.6,-43.2,-11.5,4.4,-17.2,5.0,25.2,18.0,0.4,0.3,0.7,-81.4,-74.8,-55.0,-68.5,5.0,22.5,18.0,0.4,0.3,0.7,-11.4,-4.7,1.8,-4.5,5.0,7.1,18.0,0.4,0.3,0.7,-22.6,-19.8,-17.3,-20.0,5.0,5.1,18.0,0.4,0.3,0.7,56.5,97.5,132.5,89.5,6.0,46.5,18.0,0.3,0.3,0.6,55.0,95.0,135.0,90.0,6.0,45.0,18.0,0.3,0.3,0.6
1974,2,56.0,-1.0,27.2,27.2,27.2,27.2,1.0,0.0,20.0,0.0,0.6,0.3,27.08,27.9,28.58,27.83,3.0,1.1,18.0,0.3,0.3,0.4,17.16,17.52,17.56,17.37,3.0,0.32,18.0,0.3,0.3,0.4,71.1,72.5,77.7,74.4,3.0,5.1,18.0,0.3,0.4,3.4,6.2,6.54,5.0,3.0,2.52,18.0,0.3,0.3,0.4,-1.14,-1.08,-0.83,-0.99,3.0,0.24,18.0,0.3,0.3,0.4,-6.44,-6.11,-3.28,-4.89,3.0,2.54,18.0,0.3,0.3,0.4,1009.85,1012.1,1012.37,1011.13,3.0,2.03,18.0,0.3,0.3,0.4,2.0,2.0,2.7,2.3,3.0,0.6,18.0,0.3,0.3,0.4,-7.4,-6.7,-3.1,-5.3,3.0,3.4,18.0,0.3,0.3,0.4,-42.2,-37.9,-14.8,-28.7,3.0,21.5,18.0,0.3,0.3,0.4,-0.7,-0.7,-0.7,-0.7,1.0,0.0,20.0,0.0,0.6,0.3,-1.5,-1.5,-1.5,-1.5,1.0,0.0,20.0,0.0,0.6,0.3,5.59,5.59,5.59,5.59,1.0,0.0,20.0,0.0,0.6,0.3,11.7,11.7,11.7,11.7,1.0,0.0,20.0,0.0,0.6,0.3,-32.1,-28.7,-22.8,-27.5,3.0,6.9,18.0,0.3,0.3,0.4,-181.9,-163.0,-89.3,-136.3,3.0,71.7,18.0,0.3,0.3,0.4,-19.9,-18.9,-14.3,-17.2,3.0,4.4,18.0,0.3,0.3,0.4,-113.0,-107.4,-57.0,-85.5,3.0,45.2,18.0,0.3,0.3,0.4,-4.0,-4.0,-4.0,-4.0,1.0,0.0,20.0,0.0,0.6,0.3,-11.0,-11.0,-11.0,-11.0,1.0,0.0,20.0,0.0,0.6,0.3,82.0,238.5,281.0,183.0,3.0,153.5,18.0,0.3,0.3,0.4,80.0,240.0,280.0,185.0,3.0,155.0,18.0,0.3,0.3,0.4
1974,2,56.0,0.0,26.83,27.1,27.71,27.27,3.0,0.67,20.0,0.7,0.5,0.3,26.45,27.2,29.45,27.93,3.0,2.29,20.0,0.7,0.5,0.3,17.82,18.08,18.35,18.08,2.0,0.55,24.0,0.5,0.3,0.1,79.7,82.7,85.8,82.7,2.0,6.3,24.0,0.5,0.1,5.38,6.2,6.54,5.97,3.0,0.87,20.0,0.7,0.5,0.3,-2.92,-2.29,-1.46,-2.19,3.0,1.07,20.0,0.7,0.5,0.3,-6.24,-6.11,-4.55,-5.41,3.0,1.37,20.0,0.7,0.5,0.3,1008.56,1008.7,1011.16,1009.83,3.0,2.14,20.0,0.7,0.5,0.3,1.3,2.0,3.4,2.3,3.0,1.5,20.0,0.7,0.5,0.3,-15.8,-15.4,-9.4,-12.7,3.0,5.2,20.0,0.7,0.5,0.3,-40.8,-37.9,-25.1,-33.1,3.0,12.2,20.0,0.7,0.5,0.3,-1.74,-0.1,0.38,-0.67,3.0,1.63,20.0,0.7,0.5,0.3,-8.7,-0.7,2.3,-3.1,3.0,8.4,20.0,0.7,0.5,0.3,3.74,4.18,4.63,4.18,2.0,0.92,24.0,0.5,0.3,0.1,23.6,27.1,30.7,27.1,2.0,7.4,24.0,0.5,0.3,0.1,-86.7,-62.3,-39.0,-62.8,3.0,35.0,20.0,0.7,0.5,0.3,-167.5,-159.4,-130.3,-149.1,3.0,28.6,20.0,0.7,0.5,0.3,-37.3,-30.2,-23.2,-30.2,2.0,14.6,24.0,0.5,0.3,0.1,-112.6,-112.1,-111.6,-112.1,2.0,1.0,24.0,0.5,0.3,0.1,-9.9,-7.4,-5.0,-7.4,2.0,5.1,24.0,0.5,0.3,0.1,-29.0,-26.0,-23.0,-26.0,2.0,6.3,24.0,0.5,0.3,0.1,161.0,238.5,281.0,221.5,3.0,89.0,20.0,0.7,0.5,0.3,160.0,240.0,280.0,220.0,3.0,90.0,20.0,0.7,0.5,0.3
1974,2,56.0,1.0,26.04,27.0,27.2,26.63,3.0,0.91,16.0,0.7,0.2,0.3,25.54,28.2,29.43,27.5,3.0,2.91,16.0,0.7,0.2,0.3,18.05,18.05,18.05,18.05,1.0,0.0,22.0,1.0,0.0,0.5,67.8,67.8,67.8,67.8,1.0,0.0,22.0,1.0,0.5,5.7,7.2,7.75,6.73,3.0,1.55,16.0,0.7,0.2,0.3,-2.1,-1.25,-0.4,-1.25,3.0,1.25,16.0,0.7,0.2,0.3,-7.71,-7.09,-5.21,-6.47,3.0,1.91,16.0,0.7,0.2,0.3,1008.85,1012.6,1013.76,1011.33,3.0,3.76,16.0,0.7,0.2,0.3,3.0,5.0,5.7,4.3,3.0,2.1,16.0,0.7,0.2,0.3,-11.4,-9.0,-2.9,-7.2,3.0,6.4,16.0,0.7,0.2,0.3,-59.9,-51.1,-31.0,-45.6,3.0,21.7,16.0,0.7,0.2,0.3,-3.38,-1.2,1.67,-0.87,3.0,3.71,16.0,0.7,0.2,0.3,-23.5,-6.0,14.5,-4.6,3.0,27.9,16.0,0.7,0.2,0.3,2.58,2.58,2.58,2.58,1.0,0.0,22.0,1.0,0.0,0.5,18.5,18.5,18.5,18.5,1.0,0.0,22.0,1.0,0.0,0.5,-60.0,-37.5,-11.9,-36.0,3.0,35.3,16.0,0.7,0.2,0.3,-206.9,-194.4,-145.1,-176.4,3.0,47.9,16.0,0.7,0.2,0.3,-22.6,-22.6,-22.6,-22.6,1.0,0.0,22.0,1.0,0.0,0.5,-128.0,-128.0,-128.0,-128.0,1.0,0.0,22.0,1.0,0.0,0.5,-3.2,-3.2,-3.2,-3.2,1.0,0.0,22.0,1.0,0.0,0.5,-18.3,-18.3,-18.3,-18.3,1.0,0.0,22.0,1.0,0.0,0.5,204.0,373.0,468.0,336.5,3.0,196.0,16.0,0.7,0.2,0.3,205.0,375.0,470.0,335.0,3.0,195.0,16.0,0.7,0.2,0.3
1974,2,56.0,2.0,27.6,28.25,28.9,28.25,2.0,1.34,26.0,0.0,0.5,0.5,27.22,27.7,28.18,27.7,2.0,0.99,26.0,0.0,0.5,0.5,18.43,18.43,18.43,18.43,1.0,0.0,24.0,0.0,0.4,0.7,82.7,82.7,82.7,82.7,1.0,0.0,24.0,0.0,0.7,7.11,7.35,7.59,7.35,2.0,0.49,26.0,0.0,0.5,0.5,-4.4,-4.17,-3.95,-4.17,2.0,0.46,26.0,0.0,0.5,0.5,-6.46,-6.02,-5.57,-6.02,2.0,0.92,26.0,0.0,0.5,0.5,1010.04,1010.35,1010.66,1010.35,2.0,0.64,26.0,0.0,0.5,0.5,1.3,2.0,2.7,2.0,2.0,1.4,26.0,0.0,0.5,0.5,-31.2,-30.6,-29.9,-30.6,2.0,1.3,26.0,0.0,0.5,0.5,-49.2,-44.4,-39.7,-44.4,2.0,9.8,26.0,0.0,0.5,0.5,0.38,0.55,0.72,0.55,2.0,0.35,26.0,0.0,0.5,0.5,2.8,4.0,5.1,4.0,2.0,2.3,26.0,0.0,0.5,0.5,4.32,4.32,4.32,4.32,1.0,0.0,24.0,0.0,0.4,0.7,33.3,33.3,33.3,33.3,1.0,0.0,24.0,0.0,0.4,0.7,-124.0,-115.9,-107.7,-115.9,2.0,16.9,26.0,0.0,0.5,0.5,-175.6,-166.2,-156.7,-166.2,2.0,19.6,26.0,0.0,0.5,0.5,-70.9,-70.9,-70.9,-70.9,1.0,0.0,24.0,0.0,0.4,0.7,-122.9,-122.9,-122.9,-122.9,1.0,0.0,24.0,0.0,0.4,0.7,-16.6,-16.6,-16.6,-16.6,1.0,0.0,24.0,0.0,0.4,0.7,-28.8,-28.8,-28.8,-28.8,1.0,0.0,24.0,0.0,0.4,0.7,361.0,400.0,438.5,400.0,2.0,80.5,26.0,0.0,0.5,0.5,360.0,400.0,440.0,400.0,2.0,80.0,26.0,0.0,0.5,0.5
1974,2,56.0,3.0,26.04,26.3,26.3,26.16,5.0,0.31,16.0,0.2,0.7,0.6,24.98,25.4,27.14,26.14,5.0,2.19,16.0,0.2,0.7,0.6,14.37,14.55,16.47,15.36,5.0,1.56,16.0,0.2,0.7,0.6,69.4,71.6,75.5,72.6,5.0,5.0,16.0,0.2,0.6,3.63,4.0,5.6,4.66,5.0,2.03,16.0,0.2,0.7,0.6,-2.29,-1.4,-1.24,-1.72,5.0,0.7,16.0,0.2,0.7,0.6,-5.26,-3.76,-3.23,-4.32,5.0,1.94,16.0,0.2,0.7,0.6,1011.01,1011.8,1012.35,1011.68,5.0,0.82,16.0,0.2,0.7,0.6,0.0,0.0,1.5,0.8,5.0,1.8,16.0,0.2,0.7,0.6,-13.5,-5.7,-4.6,-9.1,5.0,8.0,16.0,0.2,0.7,0.6,-33.1,-15.0,-11.9,-23.3,5.0,22.5,16.0,0.2,0.7,0.6,-1.1,0.9,1.32,0.02,5.0,2.5,16.0,0.2,0.7,0.6,-11.5,3.3,5.3,-3.8,5.0,18.1,16.0,0.2,0.7,0.6,4.63,6.84,7.04,5.88,5.0,1.92,16.0,0.2,0.7,0.6,21.4,23.3,27.9,24.4,5.0,3.4,16.0,0.2,0.7,0.6,-62.7,-35.8,-30.9,-46.0,5.0,23.1,16.0,0.2,0.7,0.6,-146.8,-92.5,-81.6,-116.2,5.0,65.1,16.0,0.2,0.7,0.6,-36.8,-21.3,-18.3,-27.1,5.0,14.0,16.0,0.2,0.7,0.6,-87.8,-56.1,-46.4,-68.7,5.0,39.7,16.0,0.2,0.7,0.6,-11.2,-8.0,-7.3,-9.2,5.0,2.8,16.0,0.2,0.7,0.6,-24.9,-21.9,-20.1,-22.5,5.0,2.7,16.0,0.2,0.7,0.6,50.5,64.0,245.0,155.0,5.0,222.0,16.0,0.2,0.7,0.6,50.0,65.0,245.0,155.0,5.0,220.0,16.0,0.2,0.7,0.6
1974,2,56.0,4.0,26.3,26.3,26.43,26.41,7.0,0.27,14.0,0.4,0.5,0.4,24.0,24.8,25.5,25.24,7.0,1.94,14.0,0.4,0.5,0.4,13.52,14.53,14.64,14.23,6.0,0.62,14.0,0.3,0.5,0.4,68.3,75.6,78.6,74.2,6.0,5.1,14.0,0.3,0.4,0.0,1.0,4.19,2.16,7.0,2.97,14.0,0.4,0.5,0.4,-2.22,-0.69,0.0,-1.26,7.0,1.87,14.0,0.4,0.5,0.4,-4.04,0.0,0.02,-1.43,7.0,2.55,14.0,0.4,0.5,0.4,1010.48,1011.1,1012.33,1011.31,7.0,1.07,14.0,0.4,0.5,0.4,2.0,3.0,4.0,3.0,7.0,1.2,14.0,0.4,0.5,0.4,-6.1,-0.9,0.0,-7.0,7.0,15.1,14.0,0.4,0.5,0.4,-17.3,0.0,0.0,-9.2,7.0,18.5,14.0,0.4,0.5,0.4,0.83,1.6,2.21,1.17,7.0,1.69,14.0,0.4,0.5,0.4,-1.0,0.0,5.1,-0.9,7.0,8.8,14.0,0.4,0.5,0.4,6.77,7.03,7.87,7.21,6.0,0.61,14.0,0.3,0.5,0.4,0.0,3.2,17.5,8.2,6.0,11.4,14.0,0.3,0.5,0.4,-54.5,-17.2,0.0,-34.4,7.0,54.7,14.0,0.4,0.5,0.4,-101.7,0.0,0.4,-39.7,7.0,72.3,14.0,0.4,0.5,0.4,-17.3,-5.0,0.0,-9.0,6.0,12.0,14.0,0.3,0.5,0.4,-15.8,0.0,1.1,-9.5,6.0,23.6,14.0,0.3,0.5,0.4,-7.8,-2.5,0.0,-4.2,6.0,5.7,14.0,0.3,0.5,0.4,-7.5,0.0,0.5,-4.6,6.0,11.5,14.0,0.3,0.5,0.4,0.0,1.0,85.5,84.0,7.0,190.5,14.0,0.4,0.5,0.4,0.0,0.0,85.0,85.0,7.0,190.0,14.0,0.4,0.5,0.4
1974,2,56.0,6.0,26.0,26.0,26.0,26.0,1.0,0.0,6.0,0.0,0.6,0.7,25.8,25.8,25.8,25.8,1.0,0.0,6.0,0.0,0.6,0.7,19.1,19.1,19.1,19.1,1.0,0.0,6.0,0.0,0.6,0.7,92.0,92.0,92.0,92.0,1.0,0.0,6.0,0.0,0.7,8.7,8.7,8.7,8.7,1.0,0.0,6.0,0.0,0.6,0.7,-5.59,-5.59,-5.59,-5.59,1.0,0.0,6.0,0.0,0.6,0.7,-6.66,-6.66,-6.66,-6.66,1.0,0.0,6.0,0.0,0.6,0.7,1011.6,1011.6,1011.6,1011.6,1.0,0.0,6.0,0.0,0.6,0.7,5.0,5.0,5.0,5.0,1.0,0.0,6.0,0.0,0.6,0.7,-48.7,-48.7,-48.7,-48.7,1.0,0.0,6.0,0.0,0.6,0.7,-58.0,-58.0,-58.0,-58.0,1.0,0.0,6.0,0.0,0.6,0.7,0.2,0.2,0.2,0.2,1.0,0.0,6.0,0.0,0.6,0.7,1.7,1.7,1.7,1.7,1.0,0.0,6.0,0.0,0.6,0.7,1.94,1.94,1.94,1.94,1.0,0.0,6.0,0.0,0.6,0.7,16.8,16.8,16.8,16.8,1.0,0.0,6.0,0.0,0.6,0.7,-144.3,-144.3,-144.3,-144.3,1.0,0.0,6.0,0.0,0.6,0.7,-171.9,-171.9,-171.9,-171.9,1.0,0.0,6.0,0.0,0.6,0.7,-106.8,-106.8,-106.8,-106.8,1.0,0.0,6.0,0.0,0.6,0.7,-127.3,-127.3,-127.3,-127.3,1.0,0.0,6.0,0.0,0.6,0.7,-10.8,-10.8,-10.8,-10.8,1.0,0.0,6.0,0.0,0.6,0.7,-12.9,-12.9,-12.9,-12.9,1.0,0.0,6.0,0.0,0.6,0.7,658.5,658.5,658.5,658.5,1.0,0.0,6.0,0.0,0.6,0.7,660.0,660.0,660.0,660.0,1.0,0.0,6.0,0.0,0.6,0.7
1974,2,56.0,8.0,26.37,26.6,26.61,26.46,7.0,0.32,18.0,0.1,0.3,0.5,25.03,25.4,26.17,25.68,9.0,0.74,16.0,0.2,0.4,0.4,14.72,15.5,15.98,15.35,9.0,0.94,16.0,0.2,0.4,0.4,69.9,76.3,78.4,74.7,9.0,5.3,16.0,0.2,0.4,6.0,6.7,10.19,7.2,9.0,4.07,16.0,0.2,0.4,0.4,-7.89,-5.52,-3.23,-5.12,9.0,2.9,16.0,0.2,0.4,0.4,-6.71,-4.6,-3.35,-4.93,9.0,3.11,16.0,0.2,0.4,0.4,1009.91,1010.7,1012.16,1011.03,9.0,1.57,16.0,0.2,0.4,0.4,2.0,4.0,6.0,4.0,9.0,2.1,16.0,0.2,0.4,0.4,-82.2,-38.9,-19.4,-46.9,9.0,44.9,16.0,0.2,0.4,0.4,-68.9,-27.6,-22.4,-46.3,9.0,51.2,16.0,0.2,0.4,0.4,0.46,1.2,1.41,0.9,7.0,0.69,18.0,0.1,0.3,0.5,-0.1,7.2,9.4,5.0,7.0,4.9,18.0,0.1,0.3,0.5,4.64,6.41,7.22,6.32,7.0,1.39,18.0,0.1,0.3,0.5,29.2,38.5,43.0,32.6,7.0,15.3,18.0,0.1,0.3,0.5,-213.0,-138.4,-81.2,-131.7,9.0,75.9,16.0,0.2,0.4,0.4,-179.6,-116.2,-87.0,-126.2,9.0,78.8,16.0,0.2,0.4,0.4,-124.6,-85.5,-47.8,-80.1,9.0,45.9,16.0,0.2,0.4,0.4,-103.1,-70.9,-54.8,-76.5,9.0,47.9,16.0,0.2,0.4,0.4,-27.9,-26.6,-19.9,-22.9,7.0,10.7,18.0,0.1,0.3,0.5,-33.0,-28.0,-14.6,-22.5,7.0,12.8,18.0,0.1,0.3,0.5,216.0,301.0,1154.5,708.0,9.0,1059.0,16.0,0.2,0.4,0.4,215.0,300.0,1155.0,710.0,9.0,1060.0,16.0,0.2,0.4,0.4
1974,2,56.0,10.0,29.0,29.0,29.0,29.0,1.0,0.0,24.0,1.0,0.5,0.4,27.0,27.0,27.0,27.0,1.0,0.0,24.0,1.0,0.5,0.4,18.67,18.67,18.67,18.67,1.0,0.0,24.0,1.0,0.5,0.4,83.7,83.7,83.7,83.7,1.0,0.0,24.0,1.0,0.4,7.7,7.7,7.7,7.7,1.0,0.0,24.0,1.0,0.5,0.4,-4.95,-4.95,-4.95,-4.95,1.0,0.0,24.0,1.0,0.5,0.4,-5.9,-5.9,-5.9,-5.9,1.0,0.0,24.0,1.0,0.5,0.4,1009.7,1009.7,1009.7,1009.7,1.0,0.0,24.0,1.0,0.5,0.4,1.0,1.0,1.0,1.0,1.0,0.0,24.0,1.0,0.5,0.4,-38.1,-38.1,-38.1,-38.1,1.0,0.0,24.0,1.0,0.5,0.4,-45.4,-45.4,-45.4,-45.4,1.0,0.0,24.0,1.0,0.5,0.4,2.0,2.0,2.0,2.0,1.0,0.0,24.0,1.0,0.5,0.4,15.4,15.4,15.4,15.4,1.0,0.0,24.0,1.0,0.5,0.4,6.51,6.51,6.51,6.51,1.0,0.0,24.0,1.0,0.5,0.4,50.1,50.1,50.1,50.1,1.0,0.0,24.0,1.0,0.5,0.4,-133.6,-133.6,-133.6,-133.6,1.0,0.0,24.0,1.0,0.5,0.4,-159.3,-159.3,-159.3,-159.3,1.0,0.0,24.0,1.0,0.5,0.4,-92.4,-92.4,-92.4,-92.4,1.0,0.0,24.0,1.0,0.5,0.4,-110.1,-110.1,-110.1,-110.1,1.0,0.0,24.0,1.0,0.5,0.4,-32.2,-32.2,-32.2,-32.2,1.0,0.0,24.0,1.0,0.5,0.4,-38.4,-38.4,-38.4,-38.4,1.0,0.0,24.0,1.0,0.5,0.4,456.5,456.5,456.5,456.5,1.0,0.0,24.0,1.0,0.5,0.4,455.0,455.0,455.0,455.0,1.0,0.0,24.0,1.0,0.5,0.4
1974,2,56.0,11.0,24.39,25.45,26.51,25.45,2.0,2.19,2.0,0.5,0.3,0.5,23.84,24.35,24.86,24.35,2.0,1.06,2.0,0.5,0.3,0.5,12.04,12.04,12.04,12.04,1.0,0.0,2.0,1.0,0.6,0.2,66.5,66.5,66.5,66.5,1.0,0.0,2.0,1.0,0.2,8.49,9.1,9.71,9.1,2.0,1.27,2.0,0.5,0.3,0.5,-8.74,-7.33,-5.93,-7.33,2.0,2.92,2.0,0.5,0.3,0.5,-5.83,-4.85,-3.87,-4.85,2.0,2.02,2.0,0.5,0.3,0.5,1013.15,1014.55,1015.95,1014.55,2.0,2.9,2.0,0.5,0.3,0.5,2.2,2.5,2.8,2.5,2.0,0.7,2.0,0.5,0.3,0.5,-85.9,-68.6,-51.3,-68.6,2.0,35.9,2.0,0.5,0.3,0.5,-48.8,-42.9,-36.9,-42.9,2.0,12.2,2.0,0.5,0.3,0.5,0.55,1.1,1.65,1.1,2.0,1.13,2.0,0.5,0.3,0.5,5.1,10.7,16.4,10.7,2.0,11.7,2.0,0.5,0.3,0.5,6.47,6.47,6.47,6.47,1.0,0.0,2.0,1.0,0.6,0.2,53.1,53.1,53.1,53.1,1.0,0.0,2.0,1.0,0.6,0.2,-218.2,-180.1,-142.1,-180.1,2.0,78.8,2.0,0.5,0.3,0.5,-138.3,-117.0,-95.7,-117.0,2.0,44.1,2.0,0.5,0.3,0.5,-63.4,-63.4,-63.4,-63.4,1.0,0.0,2.0,1.0,0.6,0.2,-75.6,-75.6,-75.6,-75.6,1.0,0.0,2.0,1.0,0.6,0.2,-34.1,-34.1,-34.1,-34.1,1.0,0.0,2.0,1.0,0.6,0.2,-40.6,-40.6,-40.6,-40.6,1.0,0.0,2.0,1.0,0.6,0.2,622.5,775.5,929.0,775.5,2.0,317.0,2.0,0.5,0.3,0.5,625.0,775.0,930.0,775.0,2.0,315.0,2.0,0.5,0.3,0.5
1974,2,56.0,12.0,26.0,26.0,26.0,26.0,1.0,0.0,22.0,0.0,0.2,0.6,24.0,24.0,24.0,24.0,1.0,0.0,22.0,0.0,0.2,0.6,12.88,12.88,12.88,12.88,1.0,0.0,22.0,0.0,0.2,0.6,69.6,69.6,69.6,69.6,1.0,0.0,22.0,0.0,0.6,5.1,5.1,5.1,5.1,1.0,0.0,22.0,0.0,0.2,0.6,-1.74,-1.74,-1.74,-1.74,1.0,0.0,22.0,0.0,0.2,0.6,-4.79,-4.79,-4.79,-4.79,1.0,0.0,22.0,0.0,0.2,0.6,1015.0,1015.0,1015.0,1015.0,1.0,0.0,22.0,0.0,0.2,0.6,0.0,0.0,0.0,0.0,1.0,0.0,22.0,0.0,0.2,0.6,-8.9,-8.9,-8.9,-8.9,1.0,0.0,22.0,0.0,0.2,0.6,-24.4,-24.4,-24.4,-24.4,1.0,0.0,22.0,0.0,0.2,0.6,2.0,2.0,2.0,2.0,1.0,0.0,22.0,0.0,0.2,0.6,10.2,10.2,10.2,10.2,1.0,0.0,22.0,0.0,0.2,0.6,8.08,8.08,8.08,8.08,1.0,0.0,22.0,0.0,0.2,0.6,41.2,41.2,41.2,41.2,1.0,0.0,22.0,0.0,0.2,0.6,-41.9,-41.9,-41.9,-41.9,1.0,0.0,22.0,0.0,0.2,0.6,-115.0,-115.0,-115.0,-115.0,1.0,0.0,22.0,0.0,0.2,0.6,-22.5,-22.5,-22.5,-22.5,1.0,0.0,22.0,0.0,0.2,0.6,-61.7,-61.7,-61.7,-61.7,1.0,0.0,22.0,0.0,0.2,0.6,-14.1,-14.1,-14.1,-14.1,1.0,0.0,22.0,0.0,0.2,0.6,-38.7,-38.7,-38.7,-38.7,1.0,0.0,22.0,0.0,0.2,0.6,132.5,132.5,132.5,132.5,1.0,0.0,22.0,0.0,0.2,0.6,135.0,135.0,135.0,135.0,1.0,0.0,22.0,0.0,0.2,0.6
1974,2,56.0,13.0,24.4,25.0,26.24,25.14,9.0,1.03,10.0,0.3,0.1,0.6,23.25,23.9,25.07,24.13,9.0,0.86,10.0,0.3,0.1,0.6,13.17,13.71,14.68,13.94,6.0,0.9,10.0,0.3,0.1,0.5,72.6,74.4,78.0,75.1,6.0,3.3,10.0,0.3,0.5,3.87,5.1,8.07,5.87,9.0,2.32,10.0,0.3,0.1,0.6,-4.72,-2.55,-2.17,-3.66,9.0,2.33,10.0,0.3,0.1,0.6,-5.88,-4.42,-2.81,-4.21,9.0,1.92,10.0,0.3,0.1,0.6,1010.99,1015.1,1017.45,1014.27,9.0,3.77,10.0,0.3,0.1,0.6,2.0,3.0,3.0,2.7,9.0,1.6,10.0,0.3,0.1,0.6,-36.9,-13.1,-8.4,-25.3,9.0,26.8,10.0,0.3,0.1,0.6,-42.9,-23.5,-10.9,-27.2,9.0,17.8,10.0,0.3,0.1,0.6,0.18,1.0,1.85,1.01,9.0,0.79,10.0,0.3,0.1,0.6,1.0,7.7,9.6,6.7,9.0,5.9,10.0,0.3,0.1,0.6,5.02,5.39,5.79,5.33,6.0,0.58,10.0,0.3,0.1,0.5,19.2,25.8,44.1,29.2,6.0,12.8,10.0,0.3,0.1,0.5,-110.9,-63.7,-52.6,-88.8,9.0,58.6,10.0,0.3,0.1,0.6,-141.9,-108.1,-65.8,-101.1,9.0,45.7,10.0,0.3,0.1,0.6,-59.3,-40.9,-32.3,-44.7,6.0,14.3,10.0,0.3,0.1,0.5,-91.9,-58.3,-31.8,-59.4,6.0,34.7,10.0,0.3,0.1,0.5,-23.4,-16.3,-12.0,-17.6,6.0,7.4,10.0,0.3,0.1,0.5,-35.6,-20.5,-13.6,-22.4,6.0,12.6,10.0,0.3,0.1,0.5,60.5,132.5,526.0,289.5,9.0,305.0,10.0,0.3,0.1,0.6,60.0,135.0,525.0,290.0,9.0,305.0,10.0,0.3,0.1,0.6
1974,2,56.0,14.0,23.74,24.5,25.44,24.54,25.0,1.04,16.0,0.4,0.3,0.5,23.03,23.8,25.94,24.03,27.0,1.29,16.0,0.4,0.3,0.5,11.54,13.34,14.29,12.95,22.0,1.63,16.0,0.5,0.3,0.5,58.9,70.2,79.3,70.0,22.0,9.5,16.0,0.5,0.5,2.08,5.1,8.71,5.5,26.0,3.05,16.0,0.4,0.3,0.5,-4.97,-3.31,-1.46,-3.32,26.0,1.93,16.0,0.4,0.3,0.5,-6.78,-4.35,0.0,-3.79,26.0,3.27,16.0,0.4,0.3,0.5,1012.5,1014.7,1016.97,1014.81,27.0,2.26,16.0,0.4,0.3,0.5,0.0,1.0,3.9,1.9,27.0,2.0,16.0,0.4,0.3,0.5,-38.5,-20.1,-2.2,-22.3,26.0,17.9,16.0,0.4,0.3,0.5,-55.8,-22.2,0.0,-29.3,26.0,28.9,16.0,0.4,0.3,0.5,-1.0,0.6,2.21,0.6,25.0,1.62,16.0,0.4,0.3,0.5,-4.0,1.4,11.4,2.4,24.0,9.8,16.0,0.4,0.3,0.5,4.96,6.2,7.48,6.2,21.0,1.22,16.0,0.5,0.3,0.5,10.0,29.0,48.3,31.6,20.0,20.8,16.0,0.5,0.3,0.5,-114.5,-79.0,-38.0,-79.4,26.0,46.6,16.0,0.4,0.3,0.5,-158.2,-98.6,0.0,-90.5,26.0,78.3,16.0,0.4,0.3,0.5,-66.5,-42.9,-18.8,-44.1,21.0,26.5,16.0,0.5,0.3,0.5,-80.5,-47.1,0.0,-40.8,21.0,38.2,16.0,0.5,0.3,0.5,-34.3,-21.4,-9.7,-20.9,20.0,13.0,16.0,0.5,0.3,0.5,-36.7,-23.7,0.0,-20.1,20.0,20.7,16.0,0.5,0.3,0.5,9.0,132.5,661.0,303.5,26.0,301.5,16.0,0.4,0.3,0.5,10.0,135.0,660.0,305.0,26.0,300.0,16.0,0.4,0.3,0.5
1974,2,56.0,15.0,23.85,24.6,25.6,24.62,34.0,1.03,14.0,0.4,0.5,0.4,22.8,23.4,24.89,23.76,36.0,1.34,14.0,0.5,0.5,0.4,11.9,13.25,13.84,12.99,27.0,1.68,14.0,0.5,0.5,0.4,66.8,73.4,77.5,71.6,27.0,7.7,14.0,0.5,0.4,3.0,6.0,8.5,5.78,35.0,3.15,14.0,0.5,0.5,0.4,-6.09,-2.96,-1.04,-3.43,35.0,2.4,14.0,0.5,0.5,0.4,-6.52,-3.14,-0.2,-3.53,35.0,3.7,14.0,0.5,0.5,0.4,1012.62,1014.1,1016.98,1014.75,34.0,2.45,14.0,0.5,0.5,0.4,0.0,2.0,3.0,2.0,36.0,1.7,14.0,0.5,0.5,0.4,-54.2,-15.4,-2.6,-24.4,35.0,21.8,14.0,0.5,0.5,0.4,-51.8,-21.9,-0.2,-28.4,35.0,37.6,14.0,0.5,0.5,0.4,-0.81,0.95,2.0,0.8,34.0,1.47,14.0,0.4,0.5,0.4,-3.0,1.6,12.0,3.8,33.0,10.6,14.0,0.4,0.5,0.4,4.74,5.94,7.29,5.76,25.0,1.44,14.0,0.5,0.5,0.4,11.5,28.4,46.2,28.9,24.0,16.2,14.0,0.5,0.5,0.4,-137.5,-68.9,-25.4,-81.4,35.0,58.1,14.0,0.5,0.5,0.4,-149.6,-77.0,-5.0,-83.6,35.0,88.3,14.0,0.5,0.5,0.4,-76.7,-37.2,-16.0,-41.8,26.0,27.9,14.0,0.5,0.5,0.4,-89.9,-43.2,-6.7,-44.7,26.0,37.6,14.0,0.5,0.5,0.4,-32.5,-18.0,-6.5,-19.1,24.0,12.0,14.0,0.5,0.5,0.4,-32.2,-18.3,-1.9,-16.7,24.0,17.9,14.0,0.5,0.5,0.4,29.0,216.0,616.0,358.0,35.0,447.5,14.0,0.5,0.5,0.4,30.0,215.0,615.0,360.0,35.0,445.0,14.0,0.5,0.5,0.4
1974,2,56.0,16.0,23.35,24.2,25.0,24.33,17.0,1.08,10.0,0.6,0.6,0.4,23.16,24.0,25.0,24.16,17.0,1.31,10.0,0.6,0.6,0.4,11.39,11.96,13.47,12.22,16.0,1.12,10.0,0.6,0.6,0.4,57.0,66.9,73.6,65.5,16.0,8.8,10.0,0.6,0.4,2.29,5.1,7.51,4.89,16.0,2.65,12.0,0.6,0.6,0.3,-4.43,-2.19,-0.38,-2.26,16.0,2.87,12.0,0.6,0.6,0.3,-5.87,-0.65,2.99,-1.44,16.0,4.09,12.0,0.6,0.6,0.3,1011.9,1014.7,1017.18,1014.91,17.0,3.1,10.0,0.6,0.6,0.4,0.0,3.0,7.0,3.4,16.0,3.2,10.0,0.6,0.6,0.4,-33.5,-8.7,-0.4,-14.7,16.0,24.2,12.0,0.6,0.6,0.3,-43.2,-1.7,10.0,-13.8,16.0,28.7,12.0,0.6,0.6,0.3,-1.7,0.2,1.84,0.17,17.0,1.82,10.0,0.6,0.6,0.4,-10.1,0.2,7.7,-0.6,16.0,8.5,12.0,0.6,0.6,0.3,5.24,6.65,8.29,6.72,16.0,1.54,10.0,0.6,0.6,0.4,18.3,27.1,51.0,31.8,15.0,17.7,10.0,0.6,0.6,0.4,-103.4,-53.3,-8.5,-54.5,16.0,69.2,12.0,0.6,0.6,0.3,-143.0,-15.5,79.9,-32.9,16.0,100.6,12.0,0.6,0.6,0.3,-53.7,-30.7,-15.2,-33.0,15.0,26.5,10.0,0.6,0.6,0.4,-77.6,0.0,37.6,-16.2,15.0,50.6,10.0,0.6,0.6,0.4,-32.2,-19.1,-5.2,-18.5,15.0,15.9,10.0,0.6,0.6,0.4,-40.1,0.0,23.2,-7.4,15.0,26.8,10.0,0.6,0.6,0.4,12.5,132.5,425.0,220.0,16.0,289.5,12.0,0.6,0.6,0.3,10.0,135.0,425.0,220.0,16.0,290.0,12.0,0.6,0.6,0.3
1974,2,56.0,17.0,23.88,25.0,25.34,24.7,7.0,0.95,12.0,0.1,0.5,0.2,22.15,22.5,23.31,22.57,7.0,0.81,12.0,0.1,0.5,0.2,10.73,12.35,13.76,12.26,5.0,1.57,14.0,0.2,0.4,0.2,63.8,68.2,78.9,70.7,5.0,8.9,14.0,0.2,0.2,4.0,6.2,7.25,5.54,7.0,2.2,12.0,0.1,0.5,0.2,-6.1,-4.1,-3.03,-4.41,7.0,1.75,12.0,0.1,0.5,0.2,-5.41,-2.46,0.07,-2.46,7.0,2.81,12.0,0.1,0.5,0.2,1014.12,1015.9,1017.8,1015.8,7.0,1.91,12.0,0.1,0.5,0.2,0.0,3.0,4.2,2.7,7.0,2.8,12.0,0.1,0.5,0.2,-43.5,-19.2,-15.2,-27.1,7.0,17.4,12.0,0.1,0.5,0.2,-34.2,-17.7,0.3,-17.6,7.0,20.6,12.0,0.1,0.5,0.2,1.63,2.3,2.8,2.13,7.0,0.9,12.0,0.1,0.5,0.2,4.5,11.5,14.5,10.8,7.0,5.8,12.0,0.1,0.5,0.2,6.1,7.46,8.29,7.35,5.0,1.45,14.0,0.2,0.4,0.2,28.4,50.5,56.2,43.9,5.0,15.4,14.0,0.2,0.4,0.2,-135.3,-92.2,-69.6,-99.9,7.0,39.4,12.0,0.1,0.5,0.2,-124.7,-54.7,1.6,-56.1,7.0,65.5,12.0,0.1,0.5,0.2,-68.2,-57.2,-45.2,-56.2,5.0,15.5,14.0,0.2,0.4,0.2,-64.0,-26.8,7.0,-28.3,5.0,39.6,14.0,0.2,0.4,0.2,-39.2,-29.8,-27.2,-33.3,5.0,10.3,14.0,0.2,0.4,0.2,-43.4,-18.6,3.8,-19.7,5.0,25.9,14.0,0.2,0.4,0.2,66.0,238.5,382.0,236.0,7.0,199.0,12.0,0.1,0.5,0.2,65.0,240.0,380.0,235.0,7.0,200.0,12.0,0.1,0.5,0.2
1974,2,56.0,25.0,21.1,21.1,21.1,21.1,1.0,0.0,20.0,0.0,0.9,0.8,21.1,21.1,21.1,21.1,1.0,0.0,20.0,0.0,0.9,0.8,11.27,11.27,11.27,11.27,1.0,0.0,20.0,0.0,0.9,0.8,72.6,72.6,72.6,72.6,1.0,0.0,20.0,0.0,0.8,10.8,10.8,10.8,10.8,1.0,0.0,20.0,0.0,0.9,0.8,10.64,10.64,10.64,10.64,1.0,0.0,20.0,0.0,0.9,0.8,-1.88,-1.88,-1.88,-1.88,1.0,0.0,20.0,0.0,0.9,0.8,1014.6,1014.6,1014.6,1014.6,1.0,0.0,20.0,0.0,0.9,0.8,0.0,0.0,0.0,0.0,1.0,0.0,20.0,0.0,0.9,0.8,114.9,114.9,114.9,114.9,1.0,0.0,20.0,0.0,0.9,0.8,-20.3,-20.3,-20.3,-20.3,1.0,0.0,20.0,0.0,0.9,0.8,0.0,0.0,0.0,0.0,1.0,0.0,20.0,0.0,0.9,0.8,0.0,0.0,0.0,0.0,1.0,0.0,20.0,0.0,0.9,0.8,4.28,4.28,4.28,4.28,1.0,0.0,20.0,0.0,0.9,0.8,46.3,46.3,46.3,46.3,1.0,0.0,20.0,0.0,0.9,0.8,224.4,224.4,224.4,224.4,1.0,0.0,20.0,0.0,0.9,0.8,-39.6,-39.6,-39.6,-39.6,1.0,0.0,20.0,0.0,0.9,0.8,119.8,119.8,119.8,119.8,1.0,0.0,20.0,0.0,0.9,0.8,-21.1,-21.1,-21.1,-21.1,1.0,0.0,20.0,0.0,0.9,0.8,45.6,45.6,45.6,45.6,1.0,0.0,20.0,0.0,0.9,0.8,-8.0,-8.0,-8.0,-8.0,1.0,0.0,20.0,0.0,0.9,0.8,1259.5,1259.5,1259.5,1259.5,1.0,0.0,20.0,0.0,0.9,0.8,1260.0,1260.0,1260.0,1260.0,1.0,0.0,20.0,0.0,0.9,0.8
1974,2,56.0,26.0,20.6,21.7,22.21,21.57,26.0,1.04,14.0,0.4,0.6,0.2,18.0,20.4,22.87,20.33,24.0,2.15,14.0,0.4,0.6,0.2,7.55,11.31,12.23,10.13,15.0,2.49,16.0,0.4,0.7,0.3,57.1,72.5,81.0,70.5,15.0,16.2,16.0,0.4,0.3,1.89,5.1,8.19,5.01,25.0,3.15,14.0,0.4,0.6,0.2,-5.02,0.0,1.06,-1.66,25.0,3.7,14.0,0.4,0.6,0.2,-3.15,0.0,4.06,0.44,25.0,4.4,14.0,0.4,0.6,0.2,1014.35,1016.75,1020.24,1017.03,24.0,3.01,16.0,0.4,0.6,0.2,0.0,1.5,7.0,3.1,26.0,3.1,14.0,0.4,0.6,0.2,-26.0,0.0,3.4,-9.8,25.0,29.8,14.0,0.4,0.6,0.2,-16.5,0.0,24.1,7.0,25.0,37.6,14.0,0.4,0.6,0.2,-1.0,0.8,3.5,1.14,24.0,2.28,14.0,0.4,0.6,0.2,-3.0,0.0,21.0,5.3,23.0,15.0,14.0,0.4,0.6,0.2,3.63,5.22,8.23,5.79,15.0,3.01,16.0,0.4,0.7,0.3,8.0,31.7,39.0,31.0,14.0,26.4,16.0,0.4,0.7,0.2,-106.9,0.0,16.8,-39.0,23.0,79.2,14.0,0.4,0.6,0.2,-68.2,0.0,74.2,8.5,23.0,89.0,14.0,0.4,0.6,0.2,-55.5,0.0,6.6,-13.3,14.0,37.4,16.0,0.4,0.7,0.2,-20.4,2.8,60.6,14.9,14.0,51.2,16.0,0.4,0.7,0.2,-21.9,0.0,12.1,0.6,14.0,23.6,16.0,0.4,0.7,0.2,-17.6,1.1,33.6,1.6,14.0,34.1,16.0,0.4,0.7,0.2,7.5,132.5,553.5,272.5,25.0,372.0,14.0,0.4,0.6,0.2,10.0,135.0,555.0,275.0,25.0,370.0,14.0,0.4,0.6,0.2
1974,2,56.0,27.0,22.2,22.2,22.2,22.2,6.0,0.0,6.0,0.3,0.2,0.1,15.23,17.2,23.52,18.46,16.0,3.89,6.0,0.5,0.2,0.1,6.11,7.01,10.52,7.86,16.0,2.21,6.0,0.5,0.2,0.1,45.2,57.9,76.0,59.5,16.0,13.7,6.0,0.5,0.1,0.0,1.0,2.6,2.32,16.0,3.84,6.0,0.5,0.2,0.1,-2.4,-0.9,0.0,-1.85,16.0,2.95,6.0,0.5,0.2,0.1,-1.32,0.0,0.0,-1.06,16.0,2.63,6.0,0.5,0.2,0.1,1018.0,1019.15,1020.55,1019.36,16.0,1.38,6.0,0.5,0.2,0.1,0.0,1.0,3.0,1.8,12.0,2.3,6.0,0.7,0.2,0.1,-6.2,-0.9,0.0,-14.9,16.0,35.9,6.0,0.5,0.2,0.1,-2.7,0.0,0.0,-11.3,16.0,30.6,6.0,0.5,0.2,0.1,1.1,4.7,7.56,4.48,6.0,2.94,6.0,0.3,0.2,0.1,0.0,0.0,4.2,3.4,6.0,8.3,6.0,0.3,0.2,0.1,8.62,9.57,10.54,9.53,6.0,2.16,6.0,0.3,0.2,0.1,0.0,0.0,6.9,5.5,6.0,13.6,6.0,0.3,0.2,0.1,-51.7,-14.1,0.0,-31.3,16.0,46.6,6.0,0.5,0.2,0.1,-24.1,0.0,0.0,-17.2,16.0,41.1,6.0,0.5,0.2,0.1,-23.2,-6.1,0.0,-12.3,16.0,17.4,6.0,0.5,0.2,0.1,-13.3,0.0,0.0,-6.8,16.0,15.6,6.0,0.5,0.2,0.1,-6.9,0.0,0.0,-5.5,6.0,13.6,6.0,0.3,0.2,0.1,0.0,0.0,0.0,0.0,6.0,0.0,6.0,0.3,0.2,0.1,0.0,1.0,17.5,209.5,16.0,559.5,6.0,0.5,0.2,0.1,0.0,0.0,20.0,210.0,16.0,560.0,6.0,0.5,0.2,0.1
1974,2,57.0,-67.0,,,,,,,,,,,,,,,,,,,,,,,,,,,,,,,,,,,,,,,,3.24,5.7,8.16,5.7,2.0,5.09,24.0,1.0,0.4,1.0,0.5,3.84,7.19,3.84,2.0,6.92,24.0,1.0,0.4,1.0,2.03,2.5,2.96,2.5,2.0,0.96,24.0,1.0,0.4,1.0,999.16,999.3,999.44,999.3,2.0,0.28,24.0,1.0,0.4,1.0,,,,,,,,,,,,,,,,,,,,,,,,,,,,,,,,,,,,,,,,,,,,,,,,,,,,,,,,,,,,,,,,,,,,,,,,,,,,,,,,,,,,,,,,,,,,,,,,,,,,,,,,,,,,,,,,,,,,,,,,,,,,,,,,,,,,,,,,,,,,,,,,,,,,,,
1974,2,57.0,-66.0,,,,,,,,,,,,,,,,,,,,,,,,,,,,,,,,,,,,,,,,10.3,10.3,10.3,10.3,1.0,0.0,26.0,0.0,0.3,0.2,-8.92,-8.92,-8.92,-8.92,1.0,0.0,26.0,0.0,0.3,0.2,5.15,5.15,5.15,5.15,1.0,0.0,26.0,0.0,0.3,0.2,981.1,981.1,981.1,981.1,1.0,0.0,26.0,0.0,0.3,0.2,,,,,,,,,,,,,,,,,,,,,,,,,,,,,,,,,,,,,,,,,,,,,,,,,,,,,,,,,,,,,,,,,,,,,,,,,,,,,,,,,,,,,,,,,,,,,,,,,,,,,,,,,,,,,,,,,,,,,,,,,,,,,,,,,,,,,,,,,,,,,,,,,,,,,,
1974,2,57.0,-64.0,0.9,0.9,0.9,0.9,1.0,0.0,26.0,1.0,0.7,0.7,-0.4,-0.4,-0.4,-0.4,1.0,0.0,26.0,1.0,0.7,0.7,3.77,3.77,3.77,3.77,1.0,0.0,26.0,1.0,0.7,0.7,100.0,100.0,100.0,100.0,1.0,0.0,26.0,1.0,0.7,8.7,8.7,8.7,8.7,1.0,0.0,26.0,1.0,0.7,0.7,-6.66,-6.66,-6.66,-6.66,1.0,0.0,26.0,1.0,0.7,0.7,-5.59,-5.59,-5.59,-5.59,1.0,0.0,26.0,1.0,0.7,0.7,984.8,984.8,984.8,984.8,1.0,0.0,26.0,1.0,0.7,0.7,8.0,8.0,8.0,8.0,1.0,0.0,26.0,1.0,0.7,0.7,-58.0,-58.0,-58.0,-58.0,1.0,0.0,26.0,1.0,0.7,0.7,-48.7,-48.7,-48.7,-48.7,1.0,0.0,26.0,1.0,0.7,0.7,1.3,1.3,1.3,1.3,1.0,0.0,26.0,1.0,0.7,0.7,11.3,11.3,11.3,11.3,1.0,0.0,26.0,1.0,0.7,0.7,0.37,0.37,0.37,0.37,1.0,0.0,26.0,1.0,0.7,0.7,3.3,3.3,3.3,3.3,1.0,0.0,26.0,1.0,0.7,0.7,2.7,2.7,2.7,2.7,1.0,0.0,26.0,1.0,0.7,0.7,2.2,2.2,2.2,2.2,1.0,0.0,26.0,1.0,0.7,0.7,-25.2,-25.2,-25.2,-25.2,1.0,0.0,26.0,1.0,0.7,0.7,-21.1,-21.1,-21.1,-21.1,1.0,0.0,26.0,1.0,0.7,0.7,-2.5,-2.5,-2.5,-2.5,1.0,0.0,26.0,1.0,0.7,0.7,-2.1,-2.1,-2.1,-2.1,1.0,0.0,26.0,1.0,0.7,0.7,658.5,658.5,658.5,658.5,1.0,0.0,26.0,1.0,0.7,0.7,660.0,660.0,660.0,660.0,1.0,0.0,26.0,1.0,0.7,0.7
1974,2,57.0,-48.0,6.8,6.8,6.8,6.8,1.0,0.0,2.0,0.0,0.8,0.3,9.8,9.8,9.8,9.8,1.0,0.0,2.0,0.0,0.8,0.3,7.62,7.62,7.62,7.62,1.0,0.0,2.0,0.0,0.8,0.3,100.0,100.0,100.0,100.0,1.0,0.0,2.0,0.0,0.3,16.5,16.5,16.5,16.5,1.0,0.0,2.0,0.0,0.8,0.3,2.87,2.87,2.87,2.87,1.0,0.0,2.0,0.0,0.8,0.3,-16.25,-16.25,-16.25,-16.25,1.0,0.0,2.0,0.0,0.8,0.3,997.5,997.5,997.5,997.5,1.0,0.0,2.0,0.0,0.8,0.3,8.0,8.0,8.0,8.0,1.0,0.0,2.0,0.0,0.8,0.3,47.3,47.3,47.3,47.3,1.0,0.0,2.0,0.0,0.8,0.3,-268.1,-268.1,-268.1,-268.1,1.0,0.0,2.0,0.0,0.8,0.3,-3.0,-3.0,-3.0,-3.0,1.0,0.0,2.0,0.0,0.8,0.3,-49.5,-49.5,-49.5,-49.5,1.0,0.0,2.0,0.0,0.8,0.3,-1.41,-1.41,-1.41,-1.41,1.0,0.0,2.0,0.0,0.8,0.3,-23.2,-23.2,-23.2,-23.2,1.0,0.0,2.0,0.0,0.8,0.3,28.1,28.1,28.1,28.1,1.0,0.0,2.0,0.0,0.8,0.3,-159.2,-159.2,-159.2,-159.2,1.0,0.0,2.0,0.0,0.8,0.3,21.8,21.8,21.8,21.8,1.0,0.0,2.0,0.0,0.8,0.3,-123.8,-123.8,-123.8,-123.8,1.0,0.0,2.0,0.0,0.8,0.3,-4.0,-4.0,-4.0,-4.0,1.0,0.0,2.0,0.0,0.8,0.3,22.9,22.9,22.9,22.9,1.0,0.0,2.0,0.0,0.8,0.3,4492.0,4492.0,4492.0,4492.0,1.0,0.0,2.0,0.0,0.8,0.3,4490.0,4490.0,4490.0,4490.0,1.0,0.0,2.0,0.0,0.8,0.3
1974,2,57.0,-40.0,17.05,17.15,17.25,17.15,2.0,0.21,16.0,0.5,0.2,0.3,17.08,17.25,17.42,17.25,2.0,0.35,16.0,0.5,0.2,0.3,11.14,11.36,11.58,11.36,2.0,0.46,16.0,0.5,0.2,0.3,92.5,93.6,94.6,93.6,2.0,2.1,16.0,0.5,0.3,3.17,4.4,5.63,4.4,2.0,2.55,16.0,0.5,0.2,0.3,1.22,1.53,1.85,1.53,2.0,0.65,16.0,0.5,0.2,0.3,-4.87,-2.22,0.44,-2.22,2.0,5.5,16.0,0.5,0.2,0.3,1017.17,1019.7,1022.23,1019.7,2.0,5.23,16.0,0.5,0.2,0.3,2.1,4.5,6.9,4.5,2.0,4.9,16.0,0.5,0.2,0.3,5.4,5.9,6.4,5.9,2.0,1.1,16.0,0.5,0.2,0.3,-31.2,-16.8,-2.4,-16.8,2.0,29.8,16.0,0.5,0.2,0.3,-0.37,-0.1,0.17,-0.1,2.0,0.57,16.0,0.5,0.2,0.3,-2.5,-1.2,0.2,-1.2,2.0,2.7,16.0,0.5,0.2,0.3,0.38,0.71,1.04,0.71,2.0,0.68,16.0,0.5,0.2,0.3,1.7,2.3,2.8,2.3,2.0,1.2,16.0,0.5,0.2,0.3,21.2,26.4,31.5,26.4,2.0,10.6,16.0,0.5,0.2,0.3,-85.4,-39.2,6.9,-39.2,2.0,95.6,16.0,0.5,0.2,0.3,14.1,17.3,20.5,17.3,2.0,6.6,16.0,0.5,0.2,0.3,-57.1,-26.4,4.2,-26.4,2.0,63.5,16.0,0.5,0.2,0.3,0.6,1.3,2.0,1.3,2.0,1.5,16.0,0.5,0.2,0.3,-0.8,0.3,1.5,0.3,2.0,2.4,16.0,0.5,0.2,0.3,52.5,128.0,203.5,128.0,2.0,156.0,16.0,0.5,0.2,0.3,55.0,130.0,205.0,130.0,2.0,155.0,16.0,0.5,0.2,0.3
1974,2,57.0,-38.0,,,,,,,,,,,,,,,,,,,,,,,,,,,,,,,,,,,,,,,,8.0,8.0,8.0,8.0,1.0,0.0,20.0,1.0,0.0,0.9,6.13,6.13,6.13,6.13,1.0,0.0,20.0,1.0,0.0,0.9,-5.14,-5.14,-5.14,-5.14,1.0,0.0,20.0,1.0,0.0,0.9,1010.7,1010.7,1010.7,1010.7,1.0,0.0,20.0,1.0,0.0,0.9,,,,,,,,,,,,,,,,,,,,,,,,,,,,,,,,,,,,,,,,,,,,,,,,,,,,,,,,,,,,,,,,,,,,,,,,,,,,,,,,,,,,,,,,,,,,,,,,,,,,,,,,,,,,,,,,,,,,,,,,,,,,,,,,,,,,,,,,,,,,,,,,,,,,,,
1974,2,57.0,-35.0,24.0,24.0,24.0,24.0,1.0,0.0,8.0,0.0,0.6,1.0,23.2,23.2,23.2,23.2,1.0,0.0,8.0,0.0,0.6,1.0,11.84,11.84,11.84,11.84,1.0,0.0,8.0,0.0,0.6,1.0,68.1,68.1,68.1,68.1,1.0,0.0,8.0,0.0,1.0,6.2,6.2,6.2,6.2,1.0,0.0,8.0,0.0,0.6,1.0,-5.83,-5.83,-5.83,-5.83,1.0,0.0,8.0,0.0,0.6,1.0,-2.12,-2.12,-2.12,-2.12,1.0,0.0,8.0,0.0,0.6,1.0,1029.6,1029.6,1029.6,1029.6,1.0,0.0,8.0,0.0,0.6,1.0,2.0,2.0,2.0,2.0,1.0,0.0,8.0,0.0,0.6,1.0,-36.1,-36.1,-36.1,-36.1,1.0,0.0,8.0,0.0,0.6,1.0,-13.1,-13.1,-13.1,-13.1,1.0,0.0,8.0,0.0,0.6,1.0,0.8,0.8,0.8,0.8,1.0,0.0,8.0,0.0,0.6,1.0,5.0,5.0,5.0,5.0,1.0,0.0,8.0,0.0,0.6,1.0,6.47,6.47,6.47,6.47,1.0,0.0,8.0,0.0,0.6,1.0,40.1,40.1,40.1,40.1,1.0,0.0,8.0,0.0,0.6,1.0,-135.2,-135.2,-135.2,-135.2,1.0,0.0,8.0,0.0,0.6,1.0,-49.2,-49.2,-49.2,-49.2,1.0,0.0,8.0,0.0,0.6,1.0,-69.0,-69.0,-69.0,-69.0,1.0,0.0,8.0,0.0,0.6,1.0,-25.1,-25.1,-25.1,-25.1,1.0,0.0,8.0,0.0,0.6,1.0,-37.7,-37.7,-37.7,-37.7,1.0,0.0,8.0,0.0,0.6,1.0,-13.7,-13.7,-13.7,-13.7,1.0,0.0,8.0,0.0,0.6,1.0,238.5,238.5,238.5,238.5,1.0,0.0,8.0,0.0,0.6,1.0,240.0,240.0,240.0,240.0,1.0,0.0,8.0,0.0,0.6,1.0
1974,2,57.0,-32.0,25.2,25.2,25.2,25.2,1.0,0.0,6.0,1.0,0.8,0.5,25.0,25.0,25.0,25.0,1.0,0.0,6.0,1.0,0.8,0.5,14.93,14.93,14.93,14.93,1.0,0.0,6.0,1.0,0.8,0.5,76.6,76.6,76.6,76.6,1.0,0.0,6.0,1.0,0.5,8.7,8.7,8.7,8.7,1.0,0.0,6.0,1.0,0.8,0.5,-8.7,-8.7,-8.7,-8.7,1.0,0.0,6.0,1.0,0.8,0.5,0.0,0.0,0.0,0.0,1.0,0.0,6.0,1.0,0.8,0.5,1024.4,1024.4,1024.4,1024.4,1.0,0.0,6.0,1.0,0.8,0.5,6.0,6.0,6.0,6.0,1.0,0.0,6.0,1.0,0.8,0.5,-75.7,-75.7,-75.7,-75.7,1.0,0.0,6.0,1.0,0.8,0.5,0.0,0.0,0.0,0.0,1.0,0.0,6.0,1.0,0.8,0.5,0.2,0.2,0.2,0.2,1.0,0.0,6.0,1.0,0.8,0.5,1.7,1.7,1.7,1.7,1.0,0.0,6.0,1.0,0.8,0.5,4.86,4.86,4.86,4.86,1.0,0.0,6.0,1.0,0.8,0.5,42.3,42.3,42.3,42.3,1.0,0.0,6.0,1.0,0.8,0.5,-217.5,-217.5,-217.5,-217.5,1.0,0.0,6.0,1.0,0.8,0.5,0.0,0.0,0.0,0.0,1.0,0.0,6.0,1.0,0.8,0.5,-129.9,-129.9,-129.9,-129.9,1.0,0.0,6.0,1.0,0.8,0.5,0.0,0.0,0.0,0.0,1.0,0.0,6.0,1.0,0.8,0.5,-42.3,-42.3,-42.3,-42.3,1.0,0.0,6.0,1.0,0.8,0.5,0.0,0.0,0.0,0.0,1.0,0.0,6.0,1.0,0.8,0.5,658.5,658.5,658.5,658.5,1.0,0.0,6.0,1.0,0.8,0.5,660.0,660.0,660.0,660.0,1.0,0.0,6.0,1.0,0.8,0.5
1974,2,57.0,-31.0,23.34,24.3,24.44,23.9,3.0,0.87,16.0,0.7,0.5,0.8,23.33,23.4,24.36,23.83,3.0,0.84,16.0,0.7,0.5,0.8,15.01,15.07,16.95,15.96,3.0,1.62,16.0,0.7,0.5,0.8,84.3,84.3,89.1,86.6,3.0,4.1,16.0,0.7,0.8,9.78,10.8,11.14,10.47,3.0,1.04,16.0,0.7,0.5,0.8,-6.64,-5.98,-4.54,-5.59,3.0,1.57,16.0,0.7,0.5,0.8,-9.87,-8.27,-7.49,-8.67,3.0,1.78,16.0,0.7,0.5,0.8,1013.68,1014.7,1015.04,1014.37,3.0,1.04,16.0,0.7,0.5,0.8,8.0,8.0,8.0,8.0,3.0,0.0,16.0,0.7,0.5,0.8,-68.8,-55.6,-47.5,-58.1,3.0,15.8,16.0,0.7,0.5,0.8,-110.3,-89.4,-73.6,-91.9,3.0,27.0,16.0,0.7,0.5,0.8,-0.44,-0.3,0.59,0.07,3.0,0.81,16.0,0.7,0.5,0.8,-4.3,-3.4,6.3,0.9,3.0,8.6,16.0,0.7,0.5,0.8,1.65,2.3,3.42,2.53,3.0,1.31,16.0,0.7,0.5,0.8,17.2,21.4,35.9,26.4,3.0,14.3,16.0,0.7,0.5,0.8,-154.8,-139.9,-109.8,-132.5,3.0,33.6,16.0,0.7,0.5,0.8,-240.9,-192.8,-175.0,-207.6,3.0,50.0,16.0,0.7,0.5,0.8,-99.6,-90.1,-75.6,-87.7,3.0,17.7,16.0,0.7,0.5,0.8,-168.6,-123.9,-112.6,-140.2,3.0,43.4,16.0,0.7,0.5,0.8,-23.1,-13.7,-7.9,-15.4,3.0,11.2,16.0,0.7,0.5,0.8,-27.5,-16.4,-15.0,-21.1,3.0,10.0,16.0,0.7,0.5,0.8,949.0,1259.5,1385.0,1169.0,3.0,329.0,16.0,0.7,0.5,0.8,950.0,1260.0,1385.0,1170.0,3.0,330.0,16.0,0.7,0.5,0.8
1974,2,57.0,-30.0,25.0,25.0,26.57,25.75,4.0,1.5,14.0,0.8,0.6,0.6,23.38,24.4,25.89,24.63,4.0,1.61,14.0,0.8,0.6,0.6,13.12,14.03,14.76,13.94,3.0,1.2,18.0,1.0,0.6,0.5,66.2,69.5,74.7,70.4,3.0,6.2,18.0,1.0,0.5,4.05,7.45,11.11,7.58,4.0,4.22,14.0,0.8,0.6,0.6,-9.15,-5.39,-3.18,-6.13,4.0,3.64,14.0,0.8,0.6,0.6,-3.22,1.95,5.16,1.01,4.0,5.44,14.0,0.8,0.6,0.6,1016.98,1018.25,1019.1,1018.05,4.0,1.28,14.0,0.8,0.6,0.6,1.0,2.5,3.5,2.3,4.0,1.7,14.0,0.8,0.6,0.6,-103.7,-45.1,-13.0,-57.7,4.0,56.6,14.0,0.8,0.6,0.6,-39.6,10.0,41.8,1.5,4.0,57.5,14.0,0.8,0.6,0.6,-0.32,1.6,2.52,1.13,4.0,2.02,14.0,0.8,0.6,0.6,-1.6,9.0,24.9,11.5,4.0,19.0,14.0,0.8,0.6,0.6,6.09,7.01,7.97,7.03,3.0,1.38,18.0,1.0,0.6,0.5,41.5,68.7,92.5,67.0,3.0,37.4,18.0,1.0,0.6,0.5,-224.6,-133.1,-79.0,-151.0,4.0,90.3,14.0,0.8,0.6,0.6,-80.5,52.2,128.2,25.1,4.0,134.8,14.0,0.8,0.6,0.6,-140.0,-95.3,-61.7,-100.7,3.0,57.6,18.0,1.0,0.6,0.5,-46.0,54.8,72.0,14.0,3.0,93.4,18.0,1.0,0.6,0.5,-77.9,-52.6,-29.4,-53.6,3.0,35.6,18.0,1.0,0.6,0.5,-28.3,22.1,37.2,4.8,3.0,50.2,18.0,1.0,0.6,0.5,79.0,537.0,1423.0,741.0,4.0,850.5,14.0,0.8,0.6,0.6,80.0,535.0,1425.0,740.0,4.0,850.0,14.0,0.8,0.6,0.6
1974,2,57.0,-29.0,25.8,25.8,25.8,25.8,1.0,0.0,4.0,0.0,0.9,0.5,24.0,24.0,24.0,24.0,1.0,0.0,4.0,0.0,0.9,0.5,12.4,12.4,12.4,12.4,1.0,0.0,4.0,0.0,0.9,0.5,67.4,67.4,67.4,67.4,1.0,0.0,4.0,0.0,0.5,3.86,5.7,5.9,4.9,3.0,1.65,4.0,0.7,0.7,0.6,-5.63,-5.61,-3.71,-4.69,3.0,1.62,4.0,0.7,0.7,0.6,-1.73,-1.03,-1.0,-1.36,3.0,0.6,4.0,0.7,0.7,0.6,1021.5,1021.5,1021.5,1021.5,1.0,0.0,4.0,0.0,0.9,0.5,3.0,3.0,3.0,3.0,2.0,0.0,6.0,1.0,0.6,0.6,-33.2,-32.0,-15.9,-24.8,3.0,14.1,4.0,0.7,0.7,0.6,-10.2,-5.6,-3.9,-7.0,3.0,4.8,4.0,0.7,0.7,0.6,1.8,1.8,1.8,1.8,1.0,0.0,4.0,0.0,0.9,0.5,10.3,10.3,10.3,10.3,1.0,0.0,4.0,0.0,0.9,0.5,8.18,8.18,8.18,8.18,1.0,0.0,4.0,0.0,0.9,0.5,46.6,46.6,46.6,46.6,1.0,0.0,4.0,0.0,0.9,0.5,-134.7,-134.7,-134.7,-134.7,1.0,0.0,4.0,0.0,0.9,0.5,-23.8,-23.8,-23.8,-23.8,1.0,0.0,4.0,0.0,0.9,0.5,-69.6,-69.6,-69.6,-69.6,1.0,0.0,4.0,0.0,0.9,0.5,-12.3,-12.3,-12.3,-12.3,1.0,0.0,4.0,0.0,0.9,0.5,-45.9,-45.9,-45.9,-45.9,1.0,0.0,4.0,0.0,0.9,0.5,-8.1,-8.1,-8.1,-8.1,1.0,0.0,4.0,0.0,0.9,0.5,77.0,185.0,206.0,142.5,3.0,101.5,4.0,0.7,0.7,0.6,75.0,185.0,205.0,145.0,3.0,100.0,4.0,0.7,0.7,0.6
1974,2,57.0,-27.0,,,,,,,,,,,,,,,,,,,,,,,,,,,,,,,,,,,,,,,,1.11,3.5,5.89,3.5,2.0,4.95,8.0,0.5,0.5,0.6,-5.8,-3.45,-1.09,-3.45,2.0,4.87,8.0,0.5,0.5,0.6,0.19,0.61,1.02,0.61,2.0,0.86,8.0,0.5,0.5,0.6,1013.33,1014.25,1015.17,1014.25,2.0,1.91,8.0,0.5,0.5,0.6,,,,,,,,,,,,,,,,,,,,,,,,,,,,,,,,,,,,,,,,,,,,,,,,,,,,,,,,,,,,,,,,,,,,,,,,,,,,,,,,,,,,,,,,,,,,,,,,,,,,,,,,,,,,,,,,,,,,,,,,,,,,,,,,,,,,,,,,,,,,,,,,,,,,,,
1974,2,57.0,-26.0,,,,,,,,,,,,,,,,,,,,,,,,,,,,,,,,,,,,,,,,2.95,3.0,4.0,3.29,7.0,0.76,16.0,0.6,0.6,0.2,-3.08,-2.82,-2.54,-2.76,7.0,0.49,16.0,0.6,0.6,0.2,-2.03,-1.03,-0.35,-0.75,7.0,1.83,16.0,0.6,0.6,0.2,1011.4,1012.6,1013.96,1012.68,4.0,1.48,18.0,0.5,0.8,0.3,,,,,,,,,,,,,,,,,,,,,,,,,,,,,,,,,,,,,,,,,,,,,,,,,,,,,,,,,,,,,,,,,,,,,,,,,,,,,,,,,,,,,,,,,,,,,,,,,,,,,,,,,,,,,,,,,,,,,,,,,,,,,,,,,,,,,,,,,,,,,,,,,,,,,,
1974,2,57.0,-24.0,26.12,26.15,26.18,26.15,2.0,0.07,4.0,0.5,0.6,0.6,25.63,27.0,28.37,27.0,2.0,2.83,4.0,0.5,0.6,0.6,13.9,15.0,16.1,15.0,2.0,2.28,4.0,0.5,0.6,0.6,67.0,67.4,67.8,67.4,2.0,0.9,4.0,0.5,0.6,5.8,6.0,8.25,7.0,3.0,2.0,6.0,0.7,0.6,0.5,-8.14,-5.64,-5.45,-6.76,3.0,2.2,6.0,0.7,0.6,0.5,-2.02,-1.95,-0.62,-1.33,3.0,1.16,6.0,0.7,0.6,0.5,1014.31,1015.2,1016.09,1015.2,2.0,1.84,4.0,0.5,0.6,0.6,3.0,3.0,3.0,3.0,3.0,0.0,6.0,0.7,0.6,0.5,-69.8,-33.8,-31.6,-50.3,3.0,31.4,6.0,0.7,0.6,0.5,-11.9,-11.1,-3.5,-7.8,3.0,6.8,6.0,0.7,0.6,0.5,-2.18,-0.85,0.48,-0.85,2.0,2.76,4.0,0.5,0.6,0.6,-11.8,-2.9,6.1,-2.9,2.0,18.5,4.0,0.5,0.6,0.6,5.07,6.14,7.22,6.14,2.0,2.23,4.0,0.5,0.6,0.6,33.3,48.9,64.5,48.9,2.0,32.3,4.0,0.5,0.6,0.6,-220.3,-193.9,-167.6,-193.9,2.0,54.6,4.0,0.5,0.6,0.6,-47.6,-28.3,-9.0,-28.3,2.0,40.0,4.0,0.5,0.6,0.6,-118.9,-106.8,-94.6,-106.8,2.0,25.1,4.0,0.5,0.6,0.6,-27.2,-16.2,-5.1,-16.2,2.0,22.9,4.0,0.5,0.6,0.6,-64.3,-48.1,-32.0,-48.1,2.0,33.5,4.0,0.5,0.6,0.6,-7.5,-4.5,-1.4,-4.5,2.0,6.3,4.0,0.5,0.6,0.6,195.0,216.0,617.5,402.0,3.0,349.0,6.0,0.7,0.6,0.5,195.0,215.0,620.0,400.0,3.0,350.0,6.0,0.7,0.6,0.5
1974,2,57.0,-23.0,26.33,26.6,26.87,26.6,2.0,0.57,12.0,0.5,0.5,0.6,25.1,25.3,25.5,25.3,2.0,0.42,12.0,0.5,0.5,0.6,15.44,16.56,17.67,16.56,2.0,2.31,12.0,0.5,0.5,0.6,77.7,82.2,86.6,82.2,2.0,9.3,12.0,0.5,0.6,4.56,7.7,9.27,6.93,3.0,3.51,16.0,0.3,0.5,0.7,-6.76,-5.0,-1.59,-4.19,3.0,3.86,16.0,0.3,0.5,0.7,1.9,3.1,6.9,4.37,3.0,3.82,16.0,0.3,0.5,0.7,1011.66,1012.0,1012.07,1011.87,3.0,0.32,16.0,0.3,0.5,0.7,2.3,3.0,4.4,3.3,3.0,1.5,16.0,0.3,0.5,0.7,-55.7,-50.0,-15.9,-36.1,3.0,31.6,16.0,0.3,0.5,0.7,9.8,10.3,62.4,35.5,3.0,44.3,16.0,0.3,0.5,0.7,0.82,1.3,1.78,1.3,2.0,0.99,12.0,0.5,0.5,0.6,4.9,5.4,5.9,5.4,2.0,1.1,12.0,0.5,0.5,0.6,3.78,5.25,6.71,5.25,2.0,3.04,12.0,0.5,0.5,0.6,23.1,23.4,23.7,23.4,2.0,0.7,12.0,0.5,0.5,0.6,-163.3,-97.1,-30.8,-97.1,2.0,137.3,12.0,0.5,0.5,0.6,41.1,55.9,70.6,55.9,2.0,30.6,12.0,0.5,0.5,0.6,-116.1,-69.0,-21.9,-69.0,2.0,97.5,12.0,0.5,0.5,0.6,27.8,35.3,42.8,35.3,2.0,15.5,12.0,0.5,0.5,0.6,-19.8,-11.7,-3.7,-11.7,2.0,16.6,12.0,0.5,0.5,0.6,7.1,13.5,19.9,13.5,2.0,13.3,12.0,0.5,0.5,0.6,165.0,456.5,827.5,495.5,3.0,486.5,16.0,0.3,0.5,0.7,165.0,455.0,830.0,495.0,3.0,485.0,16.0,0.3,0.5,0.7
1974,2,57.0,-22.0,26.66,26.9,28.21,27.33,6.0,0.98,14.0,0.3,0.4,0.5,26.0,26.0,27.52,26.5,7.0,0.87,14.0,0.4,0.5,0.5,17.47,18.06,18.59,18.01,5.0,0.63,14.0,0.4,0.6,0.5,80.5,82.8,86.7,83.2,6.0,4.0,14.0,0.5,0.6,2.48,4.6,5.19,3.91,7.0,2.25,12.0,0.4,0.5,0.5,-5.11,-2.68,0.0,-3.08,7.0,2.61,12.0,0.4,0.5,0.5,-1.85,0.0,1.23,-0.57,7.0,2.17,12.0,0.4,0.5,0.5,1012.9,1013.5,1015.51,1013.8,8.0,2.04,12.0,0.4,0.5,0.5,2.3,3.0,4.0,3.3,9.0,1.7,14.0,0.4,0.5,0.5,-26.7,-8.3,0.0,-15.9,7.0,17.6,12.0,0.4,0.5,0.5,-9.2,0.0,5.0,-2.2,7.0,10.1,12.0,0.4,0.5,0.5,0.05,0.95,2.21,1.0,6.0,1.46,14.0,0.3,0.4,0.5,-2.9,2.6,4.6,1.0,4.0,5.3,14.0,0.3,0.4,0.5,4.4,4.74,6.34,5.34,4.0,1.47,14.0,0.3,0.5,0.6,13.2,13.4,13.6,13.4,2.0,0.4,14.0,0.0,0.6,0.6,-128.6,-70.1,-37.2,-78.2,5.0,55.6,14.0,0.4,0.5,0.5,-74.3,-33.8,30.5,-27.9,5.0,66.1,14.0,0.4,0.5,0.5,-44.7,-41.9,-13.3,-29.3,3.0,25.4,14.0,0.3,0.7,0.5,-66.0,-24.2,10.4,-27.7,3.0,56.1,14.0,0.3,0.7,0.5,-11.8,-11.6,-11.5,-11.6,2.0,0.4,14.0,0.0,0.6,0.6,-4.4,0.2,4.7,0.2,2.0,9.5,14.0,0.0,0.6,0.6,16.5,97.5,142.5,106.5,7.0,117.0,12.0,0.4,0.5,0.5,15.0,95.0,145.0,105.0,7.0,115.0,12.0,0.4,0.5,0.5
1974,2,57.0,-21.0,26.39,26.9,27.57,26.88,19.0,0.73,14.0,0.6,0.3,0.5,25.2,26.2,27.5,26.31,20.0,1.03,14.0,0.6,0.4,0.5,15.88,16.7,18.81,17.22,14.0,1.43,14.0,0.6,0.4,0.4,72.6,82.7,88.0,81.6,14.0,7.2,14.0,0.6,0.4,4.85,7.0,9.3,7.13,23.0,2.64,14.0,0.6,0.4,0.4,-9.01,-5.37,-3.62,-6.29,23.0,2.78,14.0,0.6,0.4,0.4,-4.21,-1.57,1.57,-1.21,23.0,3.1,14.0,0.6,0.4,0.4,1011.4,1013.4,1014.25,1012.93,23.0,1.76,14.0,0.6,0.4,0.4,3.0,4.0,6.0,4.3,21.0,2.1,14.0,0.6,0.4,0.4,-85.2,-34.4,-16.4,-51.5,23.0,38.2,14.0,0.6,0.4,0.4,-31.6,-14.1,13.7,-9.0,23.0,24.4,14.0,0.6,0.4,0.4,-0.53,0.5,1.57,0.56,19.0,1.1,14.0,0.6,0.3,0.5,-3.5,3.4,14.4,4.8,19.0,9.3,14.0,0.6,0.3,0.5,3.54,5.04,5.98,4.89,14.0,1.47,14.0,0.6,0.4,0.4,27.1,36.6,47.9,37.8,14.0,13.5,14.0,0.6,0.4,0.4,-237.3,-164.8,-118.5,-179.5,20.0,65.4,14.0,0.6,0.4,0.5,-115.2,-41.7,58.1,-34.9,20.0,87.8,14.0,0.6,0.4,0.5,-156.2,-109.4,-79.0,-120.2,14.0,51.5,14.0,0.6,0.4,0.4,-68.0,-26.1,40.5,-14.6,14.0,58.6,14.0,0.6,0.4,0.4,-47.1,-31.2,-17.9,-33.8,14.0,15.2,14.0,0.6,0.4,0.4,-22.3,-8.7,8.1,-6.1,14.0,14.8,14.0,0.6,0.4,0.4,114.5,343.0,804.5,504.0,23.0,477.5,14.0,0.6,0.4,0.4,115.0,345.0,805.0,505.0,23.0,480.0,14.0,0.6,0.4,0.4
1974,2,57.0,-20.0,26.41,27.0,27.89,27.12,17.0,0.82,14.0,0.5,0.4,0.3,25.88,26.45,27.59,26.79,18.0,1.29,12.0,0.5,0.4,0.3,15.89,16.83,18.04,16.93,18.0,1.11,12.0,0.5,0.4,0.3,70.5,79.4,82.6,77.1,18.0,5.4,12.0,0.5,0.3,4.95,6.7,9.45,7.14,18.0,2.27,12.0,0.5,0.4,0.3,-9.41,-6.7,-3.89,-6.53,18.0,2.65,12.0,0.5,0.4,0.3,-2.6,0.0,2.46,0.17,18.0,2.64,12.0,0.5,0.4,0.3,1010.67,1012.25,1014.13,1012.31,18.0,1.87,12.0,0.5,0.4,0.3,2.0,3.5,8.0,4.5,18.0,2.5,12.0,0.5,0.4,0.3,-88.9,-44.9,-19.2,-51.9,18.0,38.0,12.0,0.5,0.4,0.3,-12.4,0.0,18.5,2.2,18.0,18.0,12.0,0.5,0.4,0.3,-0.25,0.6,1.3,0.29,17.0,1.3,14.0,0.5,0.4,0.3,-1.9,3.3,9.4,2.5,17.0,9.5,14.0,0.5,0.4,0.3,4.5,5.65,6.53,5.61,17.0,1.42,14.0,0.5,0.4,0.3,21.9,38.4,64.7,41.3,17.0,17.6,14.0,0.5,0.4,0.3,-260.6,-176.0,-101.1,-174.0,18.0,68.3,12.0,0.5,0.4,0.3,-66.7,0.0,64.5,3.3,18.0,73.5,12.0,0.5,0.4,0.3,-154.6,-104.6,-65.0,-109.3,18.0,42.2,12.0,0.5,0.4,0.3,-42.8,0.0,39.5,2.5,18.0,47.2,12.0,0.5,0.4,0.3,-63.0,-38.4,-18.9,-38.4,17.0,19.3,14.0,0.5,0.4,0.3,-13.4,0.0,12.1,2.3,17.0,13.6,14.0,0.5,0.4,0.3,122.0,301.0,845.5,475.5,18.0,473.5,12.0,0.5,0.4,0.3,120.0,300.0,845.0,475.0,18.0,475.0,12.0,0.5,0.4,0.3
1974,2,57.0,-19.0,26.75,26.85,26.95,26.85,2.0,0.21,26.0,0.0,0.4,0.4,25.65,26.2,27.02,26.33,3.0,1.01,24.0,0.3,0.5,0.6,15.23,16.71,17.26,16.25,3.0,1.54,24.0,0.3,0.5,0.6,72.1,73.3,79.6,75.8,3.0,5.9,24.0,0.3,0.6,4.19,4.6,6.72,5.43,3.0,1.99,24.0,0.3,0.5,0.6,-6.52,-3.98,-3.83,-5.15,3.0,2.21,24.0,0.3,0.5,0.6,0.43,1.37,2.0,1.22,3.0,1.16,24.0,0.3,0.5,0.6,1008.35,1010.4,1012.17,1010.27,3.0,2.8,24.0,0.3,0.5,0.6,3.6,5.0,5.7,4.7,3.0,1.5,24.0,0.3,0.5,0.6,-46.3,-18.3,-16.1,-30.9,3.0,24.7,24.0,0.3,0.5,0.6,1.7,5.5,9.0,5.4,3.0,5.3,24.0,0.3,0.5,0.6,0.88,1.05,1.22,1.05,2.0,0.35,26.0,0.0,0.4,0.4,3.6,4.6,5.5,4.6,2.0,2.0,26.0,0.0,0.4,0.4,5.22,6.14,7.06,6.14,2.0,1.91,26.0,0.0,0.4,0.4,21.6,26.8,32.0,26.8,2.0,10.8,26.0,0.0,0.4,0.4,-176.1,-101.2,-99.3,-136.9,3.0,64.2,24.0,0.3,0.5,0.6,11.4,35.8,51.3,31.4,3.0,29.5,24.0,0.3,0.5,0.6,-108.7,-65.8,-60.4,-84.1,3.0,38.8,24.0,0.3,0.5,0.6,7.6,24.0,30.4,19.1,3.0,17.2,24.0,0.3,0.5,0.6,-28.0,-23.9,-19.9,-23.9,2.0,8.4,26.0,0.0,0.4,0.4,8.2,11.9,15.5,11.9,2.0,7.6,26.0,0.0,0.4,0.4,74.5,97.5,342.5,206.0,3.0,217.5,24.0,0.3,0.5,0.6,75.0,95.0,345.0,205.0,3.0,220.0,24.0,0.3,0.5,0.6
1974,2,57.0,-18.0,27.66,27.8,27.94,27.8,2.0,0.28,16.0,0.5,0.7,0.8,26.33,27.05,27.77,27.05,2.0,1.48,16.0,0.5,0.7,0.8,16.18,17.13,18.08,17.13,2.0,1.96,16.0,0.5,0.7,0.8,69.7,77.2,84.7,77.2,2.0,15.6,16.0,0.5,0.8,2.58,3.6,5.37,3.97,3.0,2.07,12.0,0.3,0.6,0.8,-4.12,-2.76,-1.8,-2.95,3.0,1.71,12.0,0.3,0.6,0.8,-0.36,2.31,3.45,1.56,3.0,2.87,12.0,0.3,0.6,0.8,1009.68,1012.0,1013.84,1011.77,3.0,3.06,12.0,0.3,0.6,0.8,3.6,5.0,7.0,5.3,3.0,2.5,12.0,0.3,0.6,0.8,-23.3,-9.9,-5.1,-14.1,3.0,13.8,12.0,0.3,0.6,0.8,0.3,8.3,19.5,9.9,3.0,14.1,12.0,0.3,0.6,0.8,-0.1,0.75,1.6,0.75,2.0,1.77,16.0,0.5,0.7,0.8,0.5,5.3,10.1,5.3,2.0,10.0,16.0,0.5,0.7,0.8,5.53,6.32,7.1,6.32,2.0,1.63,16.0,0.5,0.7,0.8,27.7,29.5,31.2,29.5,2.0,3.6,16.0,0.5,0.7,0.8,-116.2,-100.5,-84.8,-100.5,2.0,32.5,16.0,0.5,0.7,0.8,71.1,84.3,97.5,84.3,2.0,27.3,16.0,0.5,0.7,0.8,-80.9,-65.7,-50.5,-65.7,2.0,31.5,16.0,0.5,0.7,0.8,42.4,55.1,67.9,55.1,2.0,26.4,16.0,0.5,0.7,0.8,-23.9,-22.6,-21.2,-22.6,2.0,2.8,16.0,0.5,0.7,0.8,17.8,18.9,20.1,18.9,2.0,2.3,16.0,0.5,0.7,0.8,21.0,46.5,177.5,98.0,3.0,123.0,12.0,0.3,0.6,0.8,20.0,45.0,175.0,100.0,3.0,125.0,12.0,0.3,0.6,0.8
1974,2,57.0,-17.0,27.25,27.8,28.07,27.67,3.0,0.61,4.0,0.3,0.5,0.8,26.62,27.6,28.16,27.4,4.0,0.98,8.0,0.5,0.5,0.8,16.26,17.57,19.35,17.79,4.0,1.86,8.0,0.5,0.5,0.8,72.9,79.2,83.0,78.0,4.0,6.2,8.0,0.5,0.8,5.7,6.45,7.2,6.45,4.0,0.87,8.0,0.5,0.5,0.8,-6.39,-5.27,-4.24,-5.31,4.0,1.45,8.0,0.5,0.5,0.8,-1.13,0.93,4.62,1.71,4.0,3.55,8.0,0.5,0.5,0.8,1011.53,1013.1,1014.46,1013.0,4.0,2.29,8.0,0.5,0.5,0.8,2.5,4.0,6.6,4.5,4.0,2.6,8.0,0.5,0.5,0.8,-42.0,-30.1,-27.0,-34.3,4.0,11.5,8.0,0.5,0.5,0.8,-7.4,5.3,31.3,11.6,4.0,24.8,8.0,0.5,0.5,0.8,-0.37,1.0,1.48,0.57,3.0,1.4,4.0,0.3,0.5,0.8,-3.1,5.7,10.2,3.6,3.0,9.9,4.0,0.3,0.5,0.8,5.45,5.71,6.89,6.16,3.0,1.12,4.0,0.3,0.5,0.8,33.8,41.1,49.6,41.7,3.0,11.6,4.0,0.3,0.5,0.8,-179.6,-146.6,-113.2,-146.4,4.0,43.9,8.0,0.5,0.5,0.8,-31.7,24.8,122.2,44.3,4.0,94.3,8.0,0.5,0.5,0.8,-114.9,-102.1,-73.9,-94.8,4.0,27.1,8.0,0.5,0.5,0.8,-20.3,16.6,77.6,28.1,4.0,59.0,8.0,0.5,0.5,0.8,-36.2,-26.8,-26.5,-31.2,3.0,8.1,4.0,0.3,0.5,0.8,-0.1,15.2,36.5,18.1,3.0,26.9,4.0,0.3,0.5,0.8,185.0,279.0,373.0,279.0,4.0,108.5,8.0,0.5,0.5,0.8,185.0,280.0,375.0,280.0,4.0,110.0,8.0,0.5,0.5,0.8
1974,2,57.0,-16.0,26.92,27.75,28.79,27.85,4.0,1.29,16.0,0.8,0.5,0.3,26.98,27.75,28.52,27.75,4.0,1.04,16.0,0.8,0.5,0.3,15.8,16.39,17.74,16.76,3.0,1.46,20.0,0.7,0.6,0.4,69.6,73.6,75.1,72.4,3.0,4.2,20.0,0.7,0.4,4.08,4.6,5.44,4.75,4.0,1.08,16.0,0.8,0.5,0.3,-4.54,-3.04,-2.96,-3.71,4.0,1.41,16.0,0.8,0.5,0.3,0.07,2.82,3.52,1.84,4.0,2.52,16.0,0.8,0.5,0.3,1009.43,1010.6,1012.66,1011.03,4.0,2.14,16.0,0.8,0.5,0.3,2.0,3.0,4.0,3.0,4.0,1.6,16.0,0.8,0.5,0.3,-25.4,-13.6,-12.4,-18.6,4.0,11.7,16.0,0.8,0.5,0.3,2.9,14.7,16.2,9.8,4.0,10.9,16.0,0.8,0.5,0.3,-0.05,0.0,0.26,0.1,4.0,0.27,16.0,0.8,0.5,0.3,-0.2,0.0,1.6,0.7,4.0,1.6,16.0,0.8,0.5,0.3,5.89,7.46,7.5,6.71,3.0,1.35,20.0,0.7,0.6,0.4,23.6,34.6,42.5,33.1,3.0,13.9,20.0,0.7,0.6,0.4,-127.9,-82.7,-81.9,-103.9,4.0,43.4,16.0,0.8,0.5,0.3,4.3,79.2,97.8,52.3,4.0,68.9,16.0,0.8,0.5,0.3,-89.3,-51.1,-47.6,-68.0,3.0,33.9,20.0,0.7,0.6,0.4,-7.8,39.0,49.7,21.4,3.0,44.8,20.0,0.7,0.6,0.4,-36.7,-22.2,-18.0,-27.2,3.0,14.4,20.0,0.7,0.6,0.4,-1.3,15.8,23.1,11.0,3.0,18.4,20.0,0.7,0.6,0.4,71.0,97.5,171.0,120.0,4.0,82.5,16.0,0.8,0.5,0.3,70.0,95.0,170.0,120.0,4.0,80.0,16.0,0.8,0.5,0.3
1974,2,57.0,-15.0,28.0,28.0,28.0,28.0,1.0,0.0,4.0,1.0,0.9,0.7,27.5,27.5,27.5,27.5,1.0,0.0,4.0,1.0,0.9,0.7,19.58,19.58,19.58,19.58,1.0,0.0,4.0,1.0,0.9,0.7,85.2,85.2,85.2,85.2,1.0,0.0,4.0,1.0,0.7,2.6,2.6,2.6,2.6,1.0,0.0,4.0,1.0,0.9,0.7,-2.25,-2.25,-2.25,-2.25,1.0,0.0,4.0,1.0,0.9,0.7,1.3,1.3,1.3,1.3,1.0,0.0,4.0,1.0,0.9,0.7,1011.0,1011.0,1011.0,1011.0,1.0,0.0,4.0,1.0,0.9,0.7,6.0,6.0,6.0,6.0,1.0,0.0,4.0,1.0,0.9,0.7,-5.9,-5.9,-5.9,-5.9,1.0,0.0,4.0,1.0,0.9,0.7,3.4,3.4,3.4,3.4,1.0,0.0,4.0,1.0,0.9,0.7,0.5,0.5,0.5,0.5,1.0,0.0,4.0,1.0,0.9,0.7,1.3,1.3,1.3,1.3,1.0,0.0,4.0,1.0,0.9,0.7,4.13,4.13,4.13,4.13,1.0,0.0,4.0,1.0,0.9,0.7,10.7,10.7,10.7,10.7,1.0,0.0,4.0,1.0,0.9,0.7,-61.9,-61.9,-61.9,-61.9,1.0,0.0,4.0,1.0,0.9,0.7,35.8,35.8,35.8,35.8,1.0,0.0,4.0,1.0,0.9,0.7,-44.1,-44.1,-44.1,-44.1,1.0,0.0,4.0,1.0,0.9,0.7,25.5,25.5,25.5,25.5,1.0,0.0,4.0,1.0,0.9,0.7,-9.3,-9.3,-9.3,-9.3,1.0,0.0,4.0,1.0,0.9,0.7,5.4,5.4,5.4,5.4,1.0,0.0,4.0,1.0,0.9,0.7,17.5,17.5,17.5,17.5,1.0,0.0,4.0,1.0,0.9,0.7,20.0,20.0,20.0,20.0,1.0,0.0,4.0,1.0,0.9,0.7
1974,2,57.0,-9.0,27.2,27.2,28.16,27.67,3.0,0.81,10.0,0.0,0.5,0.4,25.73,26.0,26.41,26.07,3.0,0.5,10.0,0.0,0.5,0.4,17.3,17.87,18.32,17.81,3.0,0.75,10.0,0.0,0.5,0.4,83.7,85.1,85.1,84.4,3.0,1.2,10.0,0.0,0.4,3.33,4.9,6.47,4.9,2.0,3.25,6.0,0.0,0.4,0.5,1.83,2.96,4.1,2.96,2.0,2.35,6.0,0.0,0.4,0.5,-5.0,-3.88,-2.77,-3.88,2.0,2.31,6.0,0.0,0.4,0.5,1010.11,1011.0,1011.07,1010.6,3.0,0.78,10.0,0.0,0.5,0.4,6.0,6.0,6.7,6.3,3.0,0.6,10.0,0.0,0.5,0.4,8.1,18.4,28.6,18.4,2.0,21.2,6.0,0.0,0.4,0.5,-34.3,-22.8,-11.2,-22.8,2.0,23.9,6.0,0.0,0.4,0.5,0.79,1.2,2.43,1.6,3.0,1.25,10.0,0.0,0.5,0.4,6.1,12.4,18.7,12.4,2.0,13.1,6.0,0.0,0.4,0.5,4.29,4.74,6.67,5.46,3.0,1.85,10.0,0.0,0.5,0.4,19.0,33.4,47.8,33.4,2.0,29.8,6.0,0.0,0.4,0.5,47.2,76.1,105.0,76.1,2.0,59.9,6.0,0.0,0.4,0.5,-128.1,-99.9,-71.7,-99.9,2.0,58.4,6.0,0.0,0.4,0.5,32.1,51.0,70.0,51.0,2.0,39.3,6.0,0.0,0.4,0.5,-85.4,-67.1,-48.8,-67.1,2.0,38.0,6.0,0.0,0.4,0.5,10.7,20.6,30.4,20.6,2.0,20.4,6.0,0.0,0.4,0.5,-36.8,-26.2,-15.6,-26.2,2.0,21.9,6.0,0.0,0.4,0.5,74.0,195.5,317.0,195.5,2.0,251.5,6.0,0.0,0.4,0.5,75.0,195.0,315.0,195.0,2.0,250.0,6.0,0.0,0.4,0.5
1974,2,57.0,-8.0,27.63,27.7,27.77,27.7,2.0,0.14,8.0,0.0,0.8,0.3,26.6,26.6,26.6,26.6,1.0,0.0,16.0,0.0,0.8,0.2,18.31,18.31,18.31,18.31,1.0,0.0,16.0,0.0,0.8,0.2,84.1,84.1,84.1,84.1,1.0,0.0,16.0,0.0,0.2,5.59,6.65,7.71,6.65,2.0,2.19,8.0,0.0,0.8,0.3,5.33,6.5,7.66,6.5,2.0,2.41,8.0,0.0,0.8,0.3,-1.47,-0.87,-0.28,-0.87,2.0,1.23,8.0,0.0,0.8,0.3,1007.89,1009.15,1010.41,1009.15,2.0,2.62,8.0,0.0,0.8,0.3,7.2,7.5,7.8,7.5,2.0,0.7,8.0,0.0,0.8,0.3,31.2,45.8,60.4,45.8,2.0,30.3,8.0,0.0,0.8,0.3,-7.5,-4.4,-1.4,-4.4,2.0,6.3,8.0,0.0,0.8,0.3,1.2,1.2,1.2,1.2,1.0,0.0,16.0,0.0,0.8,0.2,6.1,6.1,6.1,6.1,1.0,0.0,16.0,0.0,0.8,0.2,5.12,5.12,5.12,5.12,1.0,0.0,16.0,0.0,0.8,0.2,26.1,26.1,26.1,26.1,1.0,0.0,16.0,0.0,0.8,0.2,127.5,127.5,127.5,127.5,1.0,0.0,16.0,0.0,0.8,0.2,-46.4,-46.4,-46.4,-46.4,1.0,0.0,16.0,0.0,0.8,0.2,87.8,87.8,87.8,87.8,1.0,0.0,16.0,0.0,0.8,0.2,-31.9,-31.9,-31.9,-31.9,1.0,0.0,16.0,0.0,0.8,0.2,24.5,24.5,24.5,24.5,1.0,0.0,16.0,0.0,0.8,0.2,-8.9,-8.9,-8.9,-8.9,1.0,0.0,16.0,0.0,0.8,0.2,199.0,342.0,485.0,342.0,2.0,296.0,8.0,0.0,0.8,0.3,200.0,340.0,485.0,340.0,2.0,295.0,8.0,0.0,0.8,0.3
1974,2,57.0,-7.0,26.55,26.6,27.7,27.1,4.0,1.07,6.0,0.8,0.3,0.7,26.29,26.8,27.84,27.05,4.0,1.11,6.0,0.8,0.3,0.7,16.86,16.86,16.86,16.86,1.0,0.0,20.0,1.0,0.8,0.3,68.7,68.7,68.7,68.7,1.0,0.0,20.0,1.0,0.3,0.95,3.5,6.57,3.75,4.0,3.5,6.0,0.8,0.3,0.7,0.61,2.25,4.22,2.41,4.0,2.25,6.0,0.8,0.3,0.7,-5.03,-2.68,-0.73,-2.87,4.0,2.68,6.0,0.8,0.3,0.7,1008.39,1009.0,1010.56,1009.45,4.0,1.58,6.0,0.8,0.3,0.7,6.5,7.5,8.0,7.3,4.0,1.0,6.0,0.8,0.3,0.7,1.2,9.3,29.2,14.9,4.0,18.8,6.0,0.8,0.3,0.7,-34.8,-11.1,-1.5,-17.8,4.0,22.4,6.0,0.8,0.3,0.7,-0.26,0.05,0.36,0.05,4.0,0.45,6.0,0.8,0.3,0.7,-0.5,0.0,2.5,1.0,4.0,2.6,6.0,0.8,0.3,0.7,7.93,7.93,7.93,7.93,1.0,0.0,20.0,1.0,0.8,0.3,0.0,0.0,0.0,0.0,1.0,0.0,20.0,1.0,0.8,0.3,16.5,60.1,110.7,63.5,4.0,58.5,6.0,0.8,0.3,0.7,-132.0,-71.6,-19.7,-75.6,4.0,69.7,6.0,0.8,0.3,0.7,0.0,0.0,0.0,0.0,1.0,0.0,20.0,1.0,0.8,0.3,0.0,0.0,0.0,0.0,1.0,0.0,20.0,1.0,0.8,0.3,0.0,0.0,0.0,0.0,1.0,0.0,20.0,1.0,0.8,0.3,0.0,0.0,0.0,0.0,1.0,0.0,20.0,1.0,0.8,0.3,4.0,66.5,327.5,161.5,4.0,240.5,6.0,0.8,0.3,0.7,5.0,65.0,330.0,160.0,4.0,240.0,6.0,0.8,0.3,0.7
1974,2,57.0,-4.0,27.5,27.5,27.5,27.5,1.0,0.0,22.0,1.0,0.9,0.9,28.0,28.0,28.0,28.0,1.0,0.0,22.0,1.0,0.9,0.9,18.07,18.07,18.07,18.07,1.0,0.0,22.0,1.0,0.9,0.9,76.6,76.6,76.6,76.6,1.0,0.0,22.0,1.0,0.9,1.5,1.5,1.5,1.5,1.0,0.0,22.0,1.0,0.9,0.9,1.5,1.5,1.5,1.5,1.0,0.0,22.0,1.0,0.9,0.9,0.0,0.0,0.0,0.0,1.0,0.0,22.0,1.0,0.9,0.9,1012.1,1012.1,1012.1,1012.1,1.0,0.0,22.0,1.0,0.9,0.9,,,,,,,,,,,,,,,,,,,,,,,,,,,,,,,-0.5,-0.5,-0.5,-0.5,1.0,0.0,22.0,1.0,0.9,0.9,-0.7,-0.7,-0.7,-0.7,1.0,0.0,22.0,1.0,0.9,0.9,4.92,4.92,4.92,4.92,1.0,0.0,22.0,1.0,0.9,0.9,7.4,7.4,7.4,7.4,1.0,0.0,22.0,1.0,0.9,0.9,42.0,42.0,42.0,42.0,1.0,0.0,22.0,1.0,0.9,0.9,0.0,0.0,0.0,0.0,1.0,0.0,22.0,1.0,0.9,0.9,27.1,27.1,27.1,27.1,1.0,0.0,22.0,1.0,0.9,0.9,0.0,0.0,0.0,0.0,1.0,0.0,22.0,1.0,0.9,0.9,7.4,7.4,7.4,7.4,1.0,0.0,22.0,1.0,0.9,0.9,0.0,0.0,0.0,0.0,1.0,0.0,22.0,1.0,0.9,0.9,3.5,3.5,3.5,3.5,1.0,0.0,22.0,1.0,0.9,0.9,5.0,5.0,5.0,5.0,1.0,0.0,22.0,1.0,0.9,0.9
1974,2,57.0,-2.0,27.0,27.0,27.0,27.0,1.0,0.0,12.0,0.0,0.3,1.0,27.0,27.0,27.0,27.0,1.0,0.0,12.0,0.0,0.3,1.0,19.0,19.0,19.0,19.0,1.0,0.0,12.0,0.0,0.3,1.0,85.2,85.2,85.2,85.2,1.0,0.0,12.0,0.0,1.0,4.1,4.1,4.1,4.1,1.0,0.0,12.0,0.0,0.3,1.0,0.0,0.0,0.0,0.0,1.0,0.0,12.0,0.0,0.3,1.0,-4.1,-4.1,-4.1,-4.1,1.0,0.0,12.0,0.0,0.3,1.0,1010.8,1010.8,1010.8,1010.8,1.0,0.0,12.0,0.0,0.3,1.0,,,,,,,,,,,,,,,,,,,,,,,,,,,,,,,0.0,0.0,0.0,0.0,1.0,0.0,12.0,0.0,0.3,1.0,0.0,0.0,0.0,0.0,1.0,0.0,12.0,0.0,0.3,1.0,3.35,3.35,3.35,3.35,1.0,0.0,12.0,0.0,0.3,1.0,13.7,13.7,13.7,13.7,1.0,0.0,12.0,0.0,0.3,1.0,0.0,0.0,0.0,0.0,1.0,0.0,12.0,0.0,0.3,1.0,-110.7,-110.7,-110.7,-110.7,1.0,0.0,12.0,0.0,0.3,1.0,0.0,0.0,0.0,0.0,1.0,0.0,12.0,0.0,0.3,1.0,-77.9,-77.9,-77.9,-77.9,1.0,0.0,12.0,0.0,0.3,1.0,0.0,0.0,0.0,0.0,1.0,0.0,12.0,0.0,0.3,1.0,-13.7,-13.7,-13.7,-13.7,1.0,0.0,12.0,0.0,0.3,1.0,69.0,69.0,69.0,69.0,1.0,0.0,12.0,0.0,0.3,1.0,70.0,70.0,70.0,70.0,1.0,0.0,12.0,0.0,0.3,1.0
1974,2,57.0,-1.0,28.2,28.2,28.2,28.2,1.0,0.0,28.0,1.0,0.9,0.5,27.2,27.2,27.2,27.2,1.0,0.0,28.0,1.0,0.9,0.5,16.64,16.64,16.64,16.64,1.0,0.0,28.0,1.0,0.9,0.5,73.7,73.7,73.7,73.7,1.0,0.0,28.0,1.0,0.5,3.1,3.1,3.1,3.1,1.0,0.0,28.0,1.0,0.9,0.5,-2.68,-2.68,-2.68,-2.68,1.0,0.0,28.0,1.0,0.9,0.5,-1.55,-1.55,-1.55,-1.55,1.0,0.0,28.0,1.0,0.9,0.5,1008.5,1008.5,1008.5,1008.5,1.0,0.0,28.0,1.0,0.9,0.5,1.0,1.0,1.0,1.0,1.0,0.0,28.0,1.0,0.9,0.5,-8.3,-8.3,-8.3,-8.3,1.0,0.0,28.0,1.0,0.9,0.5,-4.8,-4.8,-4.8,-4.8,1.0,0.0,28.0,1.0,0.9,0.5,1.0,1.0,1.0,1.0,1.0,0.0,28.0,1.0,0.9,0.5,3.1,3.1,3.1,3.1,1.0,0.0,28.0,1.0,0.9,0.5,7.41,7.41,7.41,7.41,1.0,0.0,28.0,1.0,0.9,0.5,23.0,23.0,23.0,23.0,1.0,0.0,28.0,1.0,0.9,0.5,-73.0,-73.0,-73.0,-73.0,1.0,0.0,28.0,1.0,0.9,0.5,-42.2,-42.2,-42.2,-42.2,1.0,0.0,28.0,1.0,0.9,0.5,-44.7,-44.7,-44.7,-44.7,1.0,0.0,28.0,1.0,0.9,0.5,-25.8,-25.8,-25.8,-25.8,1.0,0.0,28.0,1.0,0.9,0.5,-19.9,-19.9,-19.9,-19.9,1.0,0.0,28.0,1.0,0.9,0.5,-11.5,-11.5,-11.5,-11.5,1.0,0.0,28.0,1.0,0.9,0.5,30.0,30.0,30.0,30.0,1.0,0.0,28.0,1.0,0.9,0.5,30.0,30.0,30.0,30.0,1.0,0.0,28.0,1.0,0.9,0.5
1974,2,57.0,0.0,27.92,27.95,27.98,27.95,2.0,0.07,18.0,0.0,0.4,0.3,26.91,27.15,27.39,27.15,2.0,0.49,18.0,0.0,0.4,0.3,17.34,17.34,17.34,17.34,1.0,0.0,22.0,0.0,0.5,0.1,78.7,78.7,78.7,78.7,1.0,0.0,22.0,0.0,0.1,7.11,7.35,7.59,7.35,2.0,0.49,18.0,0.0,0.4,0.3,-1.12,-0.67,-0.21,-0.67,2.0,0.95,18.0,0.0,0.4,0.3,-7.49,-7.29,-7.09,-7.29,2.0,0.41,18.0,0.0,0.4,0.3,1010.93,1011.65,1012.37,1011.65,2.0,1.48,18.0,0.0,0.4,0.3,6.0,6.0,6.0,6.0,2.0,0.0,18.0,0.0,0.4,0.3,-8.7,-5.1,-1.6,-5.1,2.0,7.3,18.0,0.0,0.4,0.3,-56.9,-53.7,-50.5,-53.7,2.0,6.6,18.0,0.0,0.4,0.3,0.6,0.8,1.0,0.8,2.0,0.42,18.0,0.0,0.4,0.3,4.3,6.0,7.7,6.0,2.0,3.5,18.0,0.0,0.4,0.3,6.24,6.24,6.24,6.24,1.0,0.0,22.0,0.0,0.5,0.1,48.1,48.1,48.1,48.1,1.0,0.0,22.0,0.0,0.5,0.1,-30.1,-17.9,-5.7,-17.9,2.0,25.3,18.0,0.0,0.4,0.3,-201.5,-197.9,-194.2,-197.9,2.0,7.6,18.0,0.0,0.4,0.3,-23.2,-23.2,-23.2,-23.2,1.0,0.0,22.0,0.0,0.5,0.1,-131.5,-131.5,-131.5,-131.5,1.0,0.0,22.0,0.0,0.5,0.1,-8.3,-8.3,-8.3,-8.3,1.0,0.0,22.0,0.0,0.5,0.1,-47.3,-47.3,-47.3,-47.3,1.0,0.0,22.0,0.0,0.5,0.1,361.0,400.0,438.5,400.0,2.0,80.5,18.0,0.0,0.4,0.3,360.0,400.0,440.0,400.0,2.0,80.0,18.0,0.0,0.4,0.3
1974,2,57.0,1.0,27.23,27.3,27.3,27.27,3.0,0.06,14.0,1.0,0.9,0.7,26.39,26.8,26.8,26.6,3.0,0.35,14.0,1.0,0.9,0.7,16.68,16.9,17.17,16.92,3.0,0.36,14.0,1.0,0.9,0.7,75.9,76.8,80.1,78.0,3.0,3.2,14.0,1.0,0.7,7.0,7.0,7.68,7.33,3.0,0.58,14.0,1.0,0.9,0.7,1.27,1.39,2.08,1.67,3.0,0.64,14.0,1.0,0.9,0.7,-7.57,-6.89,-6.68,-7.12,3.0,0.68,14.0,1.0,0.9,0.7,1012.05,1012.6,1012.8,1012.43,3.0,0.57,14.0,1.0,0.9,0.7,2.0,2.0,2.0,2.0,3.0,0.0,14.0,1.0,0.9,0.7,9.3,11.1,15.0,12.1,3.0,4.2,14.0,1.0,0.9,0.7,-58.3,-48.3,-46.7,-52.4,3.0,9.2,14.0,1.0,0.9,0.7,0.5,0.5,0.84,0.67,3.0,0.29,14.0,1.0,0.9,0.7,3.7,4.0,6.0,4.8,3.0,1.9,14.0,1.0,0.9,0.7,5.45,5.83,6.04,5.74,3.0,0.44,14.0,1.0,0.9,0.7,38.8,42.9,45.5,42.2,3.0,4.9,14.0,1.0,0.9,0.7,33.6,37.2,55.6,44.4,3.0,17.3,14.0,1.0,0.9,0.7,-201.5,-180.6,-177.7,-189.3,3.0,19.0,14.0,1.0,0.9,0.7,21.8,23.5,34.5,28.1,3.0,10.1,14.0,1.0,0.9,0.7,-128.7,-119.3,-112.3,-120.5,3.0,12.1,14.0,1.0,0.9,0.7,6.9,8.1,12.6,9.7,3.0,4.4,14.0,1.0,0.9,0.7,-44.2,-40.3,-37.6,-40.9,3.0,4.8,14.0,1.0,0.9,0.7,343.0,343.0,458.5,399.5,3.0,97.5,14.0,1.0,0.9,0.7,345.0,345.0,460.0,400.0,3.0,100.0,14.0,1.0,0.9,0.7
1974,2,57.0,2.0,27.3,27.4,27.62,27.48,5.0,0.29,14.0,0.8,0.5,0.4,26.36,27.25,27.73,27.25,6.0,0.99,16.0,0.8,0.5,0.4,16.2,16.56,16.88,16.54,4.0,0.5,14.0,1.0,0.6,0.4,73.8,75.4,76.4,75.1,4.0,1.7,14.0,1.0,0.4,6.5,7.0,7.2,6.67,6.0,1.02,16.0,0.8,0.5,0.4,-0.16,1.23,2.64,1.28,6.0,1.59,16.0,0.8,0.5,0.4,-7.02,-6.74,-5.88,-6.39,6.0,0.96,16.0,0.8,0.5,0.4,1010.06,1010.35,1010.6,1010.37,6.0,0.39,16.0,0.8,0.5,0.4,1.8,2.5,3.8,3.0,6.0,2.1,16.0,0.8,0.5,0.4,-0.8,8.8,18.7,9.4,6.0,10.8,16.0,0.8,0.5,0.4,-49.4,-47.2,-39.9,-43.3,6.0,11.2,16.0,0.8,0.5,0.4,0.03,0.7,1.07,0.58,5.0,0.56,14.0,0.8,0.5,0.4,0.2,5.0,7.6,4.1,5.0,4.0,14.0,0.8,0.5,0.4,5.87,6.27,6.7,6.29,4.0,0.56,14.0,1.0,0.6,0.4,41.1,44.5,47.5,44.3,4.0,4.1,14.0,1.0,0.6,0.4,-4.8,33.0,72.3,34.5,6.0,43.7,16.0,0.8,0.5,0.4,-187.3,-181.8,-162.2,-173.3,6.0,21.5,16.0,0.8,0.5,0.4,9.8,20.7,30.7,20.3,4.0,16.2,14.0,1.0,0.6,0.4,-117.6,-114.2,-110.3,-113.9,4.0,4.3,14.0,1.0,0.6,0.4,3.3,7.4,11.5,7.4,4.0,6.0,14.0,1.0,0.6,0.4,-47.2,-42.9,-39.6,-43.4,4.0,4.6,14.0,1.0,0.6,0.4,292.5,343.0,373.0,312.0,6.0,106.5,16.0,0.8,0.5,0.4,290.0,345.0,375.0,310.0,6.0,105.0,16.0,0.8,0.5,0.4
1974,2,57.0,3.0,26.88,27.4,29.13,27.98,4.0,1.88,16.0,0.3,0.1,0.4,25.86,26.0,26.14,26.0,3.0,0.2,14.0,0.0,0.1,0.4,15.55,16.29,16.3,15.93,3.0,0.63,14.0,0.0,0.1,0.4,74.5,76.8,77.4,76.0,3.0,2.2,14.0,0.0,0.4,7.33,7.85,8.0,7.68,4.0,0.47,16.0,0.3,0.1,0.4,-2.68,-1.39,-1.3,-1.96,4.0,1.26,16.0,0.3,0.1,0.4,-7.88,-7.39,-6.78,-7.33,4.0,0.64,16.0,0.3,0.1,0.4,1009.33,1011.2,1011.71,1010.55,4.0,1.81,16.0,0.3,0.1,0.4,0.0,1.0,3.6,1.8,4.0,2.4,16.0,0.3,0.1,0.4,-20.8,-11.1,-9.7,-15.1,4.0,9.8,16.0,0.3,0.1,0.4,-63.0,-57.2,-49.7,-56.4,4.0,7.7,16.0,0.3,0.1,0.4,0.79,1.2,1.34,1.07,3.0,0.42,14.0,0.0,0.1,0.4,5.9,9.6,10.7,8.3,3.0,3.7,14.0,0.0,0.1,0.4,6.41,6.58,6.58,6.5,3.0,0.15,14.0,0.0,0.1,0.4,46.9,52.6,52.7,49.9,3.0,4.8,14.0,0.0,0.1,0.4,-36.3,-36.1,-32.9,-34.6,3.0,2.8,14.0,0.0,0.1,0.4,-205.9,-204.8,-186.4,-196.4,3.0,16.1,14.0,0.0,0.1,0.4,-22.6,-22.6,-19.8,-21.3,3.0,2.4,14.0,0.0,0.1,0.4,-128.4,-128.3,-112.3,-120.5,3.0,13.6,14.0,0.0,0.1,0.4,-9.1,-9.1,-8.2,-8.7,3.0,0.8,14.0,0.0,0.1,0.4,-51.9,-51.8,-46.2,-49.1,3.0,4.8,14.0,0.0,0.1,0.4,397.0,484.5,512.0,456.0,4.0,79.5,16.0,0.3,0.1,0.4,395.0,485.0,510.0,455.0,4.0,80.0,16.0,0.3,0.1,0.4
1974,2,57.0,4.0,28.0,28.0,28.0,28.0,1.0,0.0,24.0,1.0,0.8,0.5,30.5,30.5,30.5,30.5,1.0,0.0,24.0,1.0,0.8,0.5,16.78,16.78,16.78,16.78,1.0,0.0,24.0,1.0,0.8,0.5,61.6,61.6,61.6,61.6,1.0,0.0,24.0,1.0,0.5,7.7,7.7,7.7,7.7,1.0,0.0,24.0,1.0,0.8,0.5,-3.85,-3.85,-3.85,-3.85,1.0,0.0,24.0,1.0,0.8,0.5,-6.67,-6.67,-6.67,-6.67,1.0,0.0,24.0,1.0,0.8,0.5,1012.6,1012.6,1012.6,1012.6,1.0,0.0,24.0,1.0,0.8,0.5,3.0,3.0,3.0,3.0,1.0,0.0,24.0,1.0,0.8,0.5,-29.6,-29.6,-29.6,-29.6,1.0,0.0,24.0,1.0,0.8,0.5,-51.3,-51.3,-51.3,-51.3,1.0,0.0,24.0,1.0,0.8,0.5,-2.5,-2.5,-2.5,-2.5,1.0,0.0,24.0,1.0,0.8,0.5,-19.2,-19.2,-19.2,-19.2,1.0,0.0,24.0,1.0,0.8,0.5,6.89,6.89,6.89,6.89,1.0,0.0,24.0,1.0,0.8,0.5,53.1,53.1,53.1,53.1,1.0,0.0,24.0,1.0,0.8,0.5,-117.4,-117.4,-117.4,-117.4,1.0,0.0,24.0,1.0,0.8,0.5,-203.4,-203.4,-203.4,-203.4,1.0,0.0,24.0,1.0,0.8,0.5,-64.6,-64.6,-64.6,-64.6,1.0,0.0,24.0,1.0,0.8,0.5,-111.9,-111.9,-111.9,-111.9,1.0,0.0,24.0,1.0,0.8,0.5,-26.5,-26.5,-26.5,-26.5,1.0,0.0,24.0,1.0,0.8,0.5,-46.0,-46.0,-46.0,-46.0,1.0,0.0,24.0,1.0,0.8,0.5,456.5,456.5,456.5,456.5,1.0,0.0,24.0,1.0,0.8,0.5,455.0,455.0,455.0,455.0,1.0,0.0,24.0,1.0,0.8,0.5
1974,2,57.0,5.0,,,,,,,,,,,,,,,,,,,,,,,,,,,,,,,,,,,,,,,,7.2,7.2,7.2,7.2,1.0,0.0,4.0,1.0,0.5,0.7,-4.63,-4.63,-4.63,-4.63,1.0,0.0,4.0,1.0,0.5,0.7,-5.52,-5.52,-5.52,-5.52,1.0,0.0,4.0,1.0,0.5,0.7,1015.8,1015.8,1015.8,1015.8,1.0,0.0,4.0,1.0,0.5,0.7,,,,,,,,,,,,,,,,,,,,,,,,,,,,,,,,,,,,,,,,,,,,,,,,,,,,,,,,,,,,,,,,,,,,,,,,,,,,,,,,,,,,,,,,,,,,,,,,,,,,,,,,,,,,,,,,,,,,,,,,,,,,,,,,,,,,,,,,,,,,,,,,,,,,,,
1974,2,57.0,7.0,26.13,26.4,26.4,26.27,3.0,0.23,18.0,0.0,0.5,0.7,24.93,25.2,25.4,25.17,3.0,0.35,18.0,0.0,0.5,0.7,15.54,15.61,17.72,16.61,3.0,1.82,18.0,0.0,0.5,0.7,78.3,79.9,88.1,83.1,3.0,7.7,18.0,0.0,0.7,7.58,8.35,9.28,8.43,4.0,1.1,14.0,0.0,0.6,0.7,-7.49,-5.55,-5.32,-6.36,4.0,1.91,14.0,0.0,0.6,0.7,-6.41,-5.38,-3.96,-5.19,4.0,1.5,14.0,0.0,0.6,0.7,1010.79,1012.55,1016.04,1013.38,4.0,3.34,14.0,0.0,0.6,0.7,1.0,2.0,3.0,2.0,4.0,1.6,14.0,0.0,0.6,0.7,-70.4,-44.9,-40.4,-54.9,4.0,23.9,14.0,0.0,0.6,0.7,-53.7,-41.2,-33.1,-43.3,4.0,12.3,14.0,0.0,0.6,0.7,0.72,1.2,1.47,1.1,3.0,0.56,18.0,0.0,0.5,0.7,5.7,8.6,11.5,8.6,3.0,4.2,18.0,0.0,0.5,0.7,3.44,5.95,6.02,4.76,3.0,2.15,18.0,0.0,0.5,0.7,27.3,43.6,46.3,37.0,3.0,15.0,18.0,0.0,0.5,0.7,-141.5,-139.0,-131.2,-136.4,3.0,7.9,18.0,0.0,0.5,0.7,-164.2,-152.0,-127.8,-146.2,3.0,27.1,18.0,0.0,0.5,0.7,-98.6,-85.6,-81.9,-90.1,3.0,12.8,18.0,0.0,0.5,0.7,-115.5,-95.6,-79.4,-97.4,3.0,26.5,18.0,0.0,0.5,0.7,-32.5,-30.6,-18.4,-25.6,3.0,11.2,18.0,0.0,0.5,0.7,-33.8,-28.0,-19.2,-26.5,3.0,10.7,18.0,0.0,0.5,0.7,439.5,585.5,806.5,621.0,4.0,243.0,14.0,0.0,0.6,0.7,440.0,585.0,805.0,620.0,4.0,245.0,14.0,0.0,0.6,0.7
1974,2,57.0,8.0,26.32,26.35,26.38,26.35,2.0,0.07,24.0,0.0,0.1,0.1,24.8,24.8,24.8,24.8,2.0,0.0,24.0,0.0,0.1,0.1,15.15,15.41,15.67,15.41,2.0,0.54,24.0,0.0,0.1,0.1,77.6,79.0,80.3,79.0,2.0,2.7,24.0,0.0,0.1,8.0,8.0,8.0,8.0,2.0,0.0,24.0,0.0,0.1,0.1,-5.14,-5.14,-5.14,-5.14,2.0,0.0,24.0,0.0,0.1,0.1,-6.13,-6.13,-6.13,-6.13,2.0,0.0,24.0,0.0,0.1,0.1,1011.32,1011.35,1011.38,1011.35,2.0,0.07,24.0,0.0,0.1,0.1,1.3,2.0,2.7,2.0,2.0,1.4,24.0,0.0,0.1,0.1,-41.1,-41.1,-41.1,-41.1,2.0,0.0,24.0,0.0,0.1,0.1,-49.0,-49.0,-49.0,-49.0,2.0,0.0,24.0,0.0,0.1,0.1,1.52,1.55,1.58,1.55,2.0,0.07,24.0,0.0,0.1,0.1,12.1,12.4,12.7,12.4,2.0,0.6,24.0,0.0,0.1,0.1,5.85,6.07,6.29,6.07,2.0,0.45,24.0,0.0,0.1,0.1,46.8,48.6,50.3,48.6,2.0,3.6,24.0,0.0,0.1,0.1,-127.5,-127.5,-127.5,-127.5,2.0,0.0,24.0,0.0,0.1,0.1,-152.0,-152.0,-152.0,-152.0,2.0,0.0,24.0,0.0,0.1,0.1,-80.6,-79.3,-77.9,-79.3,2.0,2.8,24.0,0.0,0.1,0.1,-96.1,-94.5,-92.8,-94.5,2.0,3.3,24.0,0.0,0.1,0.1,-32.3,-31.2,-30.1,-31.2,2.0,2.3,24.0,0.0,0.1,0.1,-38.5,-37.2,-35.9,-37.2,2.0,2.8,24.0,0.0,0.1,0.1,512.0,512.0,512.0,512.0,2.0,0.0,24.0,0.0,0.1,0.1,510.0,510.0,510.0,510.0,2.0,0.0,24.0,0.0,0.1,0.1
1974,2,57.0,9.0,25.93,26.0,26.55,26.23,3.0,0.49,8.0,1.0,0.2,0.7,25.31,26.2,26.47,25.9,3.0,0.89,8.0,1.0,0.2,0.7,14.25,15.22,16.19,15.22,2.0,2.01,8.0,1.0,0.1,0.7,67.2,71.1,75.0,71.1,2.0,8.1,8.0,1.0,0.7,6.33,7.7,8.59,7.47,3.0,1.66,8.0,1.0,0.2,0.7,-5.52,-4.95,-4.07,-4.8,3.0,1.07,8.0,1.0,0.2,0.7,-6.58,-5.9,-4.85,-5.72,3.0,1.27,8.0,1.0,0.2,0.7,1012.3,1015.1,1015.51,1013.93,3.0,2.56,8.0,1.0,0.2,0.7,2.2,2.5,2.8,2.5,2.0,0.7,6.0,1.0,0.1,0.8,-47.6,-38.1,-26.4,-37.0,3.0,15.6,8.0,1.0,0.2,0.7,-56.8,-45.4,-31.4,-44.1,3.0,18.6,8.0,1.0,0.2,0.7,-0.29,0.6,0.94,0.33,3.0,0.93,8.0,1.0,0.2,0.7,-2.6,3.4,7.8,2.6,3.0,7.7,8.0,1.0,0.2,0.7,4.83,6.19,7.55,6.19,2.0,2.82,8.0,1.0,0.1,0.7,34.6,39.5,44.4,39.5,2.0,10.1,8.0,1.0,0.1,0.7,-140.1,-131.7,-107.3,-123.9,3.0,24.9,8.0,1.0,0.2,0.7,-167.0,-156.9,-127.9,-147.7,3.0,29.7,8.0,1.0,0.2,0.7,-77.3,-66.4,-55.6,-66.4,2.0,22.5,8.0,1.0,0.1,0.7,-92.1,-79.2,-66.2,-79.2,2.0,26.8,8.0,1.0,0.1,0.7,-28.5,-25.4,-22.2,-25.4,2.0,6.5,8.0,1.0,0.1,0.7,-34.0,-30.2,-26.5,-30.2,2.0,7.7,8.0,1.0,0.1,0.7,271.5,456.5,642.5,457.0,3.0,272.0,8.0,1.0,0.2,0.7,270.0,455.0,645.0,455.0,3.0,270.0,8.0,1.0,0.2,0.7
1974,2,57.0,10.0,25.24,25.65,26.37,25.8,4.0,0.74,16.0,1.0,0.5,0.8,25.0,26.5,27.97,26.67,6.0,1.69,18.0,0.8,0.5,0.8,15.63,16.63,18.2,17.1,6.0,2.98,18.0,0.8,0.5,0.8,72.2,75.7,86.4,77.8,6.0,7.6,18.0,0.8,0.8,4.69,6.45,7.63,6.27,6.0,2.08,18.0,0.8,0.5,0.8,-5.86,-5.32,-1.94,-4.36,6.0,1.96,18.0,0.8,0.5,0.8,-5.27,-4.47,-2.32,-4.22,6.0,1.83,18.0,0.8,0.5,0.8,1011.37,1012.5,1014.48,1012.67,6.0,1.77,18.0,0.8,0.5,0.8,2.0,4.0,6.4,4.3,6.0,2.3,18.0,0.8,0.5,0.8,-43.0,-35.3,-8.3,-30.1,6.0,19.1,18.0,0.8,0.5,0.8,-40.1,-26.6,-12.0,-28.9,6.0,20.7,18.0,0.8,0.5,0.8,-2.55,-1.75,-0.84,-1.7,4.0,0.99,16.0,1.0,0.5,0.8,-12.0,-7.4,-5.8,-8.8,4.0,4.6,16.0,1.0,0.5,0.8,1.06,3.41,4.38,2.75,4.0,2.33,16.0,1.0,0.5,0.8,7.4,23.1,30.3,19.0,4.0,15.1,16.0,1.0,0.5,0.8,-151.8,-141.0,-55.5,-115.7,6.0,50.9,18.0,0.8,0.5,0.8,-132.6,-117.8,-67.5,-110.5,6.0,42.8,18.0,0.8,0.5,0.8,-91.9,-81.9,-41.8,-71.3,6.0,27.6,18.0,0.8,0.5,0.8,-84.3,-72.6,-50.0,-68.7,6.0,21.2,18.0,0.8,0.5,0.8,-23.2,-19.2,-7.2,-15.4,4.0,11.5,16.0,1.0,0.5,0.8,-19.5,-12.2,-2.2,-10.9,4.0,10.3,16.0,1.0,0.5,0.8,111.5,269.5,462.5,313.0,6.0,269.5,18.0,0.8,0.5,0.8,110.0,270.0,460.0,315.0,6.0,270.0,18.0,0.8,0.5,0.8
1974,2,57.0,11.0,27.32,28.0,28.68,28.0,2.0,1.41,18.0,0.0,0.3,0.1,24.48,25.5,26.52,25.5,2.0,2.12,18.0,0.0,0.3,0.1,18.64,18.64,18.64,18.64,1.0,0.0,24.0,0.0,0.4,0.2,83.7,83.7,83.7,83.7,1.0,0.0,24.0,0.0,0.2,4.0,6.15,8.3,6.15,2.0,4.45,18.0,0.0,0.3,0.1,-5.48,-4.4,-3.32,-4.4,2.0,2.23,18.0,0.0,0.3,0.1,-6.16,-4.08,-1.99,-4.08,2.0,4.31,18.0,0.0,0.3,0.1,1011.68,1012.5,1013.32,1012.5,2.0,1.7,18.0,0.0,0.3,0.1,1.0,1.0,1.0,1.0,2.0,0.0,18.0,0.0,0.3,0.1,-48.1,-32.0,-15.9,-32.0,2.0,33.3,18.0,0.0,0.3,0.1,-56.2,-34.7,-13.1,-34.7,2.0,44.7,18.0,0.0,0.3,0.1,2.16,2.5,2.84,2.5,2.0,0.71,18.0,0.0,0.3,0.1,10.5,13.8,17.1,13.8,2.0,6.8,18.0,0.0,0.3,0.1,6.5,6.5,6.5,6.5,1.0,0.0,24.0,0.0,0.4,0.2,60.5,60.5,60.5,60.5,1.0,0.0,24.0,0.0,0.4,0.2,-146.5,-114.5,-82.5,-114.5,2.0,66.3,18.0,0.0,0.3,0.1,-165.7,-108.5,-51.2,-108.5,2.0,118.6,18.0,0.0,0.3,0.1,-111.5,-111.5,-111.5,-111.5,1.0,0.0,24.0,0.0,0.4,0.2,-132.8,-132.8,-132.8,-132.8,1.0,0.0,24.0,0.0,0.4,0.2,-38.9,-38.9,-38.9,-38.9,1.0,0.0,24.0,0.0,0.4,0.2,-46.3,-46.3,-46.3,-46.3,1.0,0.0,24.0,0.0,0.4,0.2,150.5,415.5,681.0,415.5,2.0,549.5,18.0,0.0,0.3,0.1,150.0,415.0,680.0,415.0,2.0,550.0,18.0,0.0,0.3,0.1
1974,2,57.0,14.0,23.65,24.2,24.75,24.2,2.0,1.13,14.0,1.0,0.2,0.9,24.54,24.85,25.16,24.85,2.0,0.64,14.0,1.0,0.2,0.9,11.86,11.86,11.86,11.86,1.0,0.0,24.0,1.0,0.1,0.9,62.6,62.6,62.6,62.6,1.0,0.0,24.0,1.0,0.9,8.64,9.6,10.56,9.6,2.0,1.98,14.0,1.0,0.2,0.9,-9.53,-7.8,-6.07,-7.8,2.0,3.58,14.0,1.0,0.2,0.9,-5.88,-5.02,-4.16,-5.02,2.0,1.78,14.0,1.0,0.2,0.9,1015.39,1016.45,1017.51,1016.45,2.0,2.19,14.0,1.0,0.2,0.9,1.6,3.0,4.4,3.0,2.0,2.8,14.0,1.0,0.2,0.9,-102.5,-78.5,-54.4,-78.5,2.0,49.8,14.0,1.0,0.2,0.9,-49.9,-46.4,-43.0,-46.4,2.0,7.2,14.0,1.0,0.2,0.9,-0.89,-0.65,-0.41,-0.65,2.0,0.49,14.0,1.0,0.2,0.9,-7.4,-5.7,-4.1,-5.7,2.0,3.5,14.0,1.0,0.2,0.9,6.05,6.05,6.05,6.05,1.0,0.0,24.0,1.0,0.1,0.9,49.6,49.6,49.6,49.6,1.0,0.0,24.0,1.0,0.1,0.9,-240.4,-195.1,-149.7,-195.1,2.0,94.0,14.0,1.0,0.2,0.9,-144.1,-124.2,-104.4,-124.2,2.0,41.1,14.0,1.0,0.2,0.9,-62.5,-62.5,-62.5,-62.5,1.0,0.0,24.0,1.0,0.1,0.9,-74.5,-74.5,-74.5,-74.5,1.0,0.0,24.0,1.0,0.1,0.9,-31.9,-31.9,-31.9,-31.9,1.0,0.0,24.0,1.0,0.1,0.9,-38.0,-38.0,-38.0,-38.0,1.0,0.0,24.0,1.0,0.1,0.9,675.0,941.0,1207.5,941.0,2.0,551.5,14.0,1.0,0.2,0.9,675.0,940.0,1205.0,940.0,2.0,550.0,14.0,1.0,0.2,0.9
1974,2,57.0,15.0,24.2,24.45,24.98,24.51,8.0,0.38,22.0,0.4,0.2,0.7,22.34,23.0,23.72,23.1,9.0,0.82,22.0,0.4,0.2,0.7,11.63,12.86,13.55,12.4,9.0,1.71,22.0,0.4,0.2,0.7,65.7,70.4,77.0,70.6,9.0,8.8,22.0,0.4,0.7,4.37,6.7,8.07,6.57,9.0,2.32,22.0,0.4,0.2,0.7,-5.63,-3.85,-2.36,-3.82,9.0,1.67,22.0,0.4,0.2,0.7,-6.67,-5.8,-2.32,-5.03,9.0,2.5,22.0,0.4,0.2,0.7,1013.28,1014.6,1016.97,1014.88,9.0,2.42,22.0,0.4,0.2,0.7,0.0,3.0,3.7,2.1,9.0,1.7,22.0,0.4,0.2,0.7,-45.6,-22.4,-10.6,-27.6,9.0,20.4,22.0,0.4,0.2,0.7,-51.3,-42.2,-10.8,-37.7,9.0,24.6,22.0,0.4,0.2,0.7,1.0,1.8,2.27,1.59,8.0,0.72,22.0,0.4,0.2,0.7,4.4,9.2,14.8,9.6,8.0,5.3,22.0,0.4,0.2,0.7,5.88,6.53,7.47,6.79,8.0,1.77,22.0,0.4,0.2,0.7,27.3,39.2,73.4,44.4,8.0,23.4,22.0,0.4,0.2,0.7,-137.1,-83.9,-54.5,-88.9,9.0,41.1,22.0,0.4,0.2,0.7,-155.1,-129.1,-53.3,-116.1,9.0,57.9,22.0,0.4,0.2,0.7,-70.9,-38.7,-32.6,-46.6,9.0,20.0,22.0,0.4,0.2,0.7,-88.9,-66.1,-28.7,-60.8,9.0,30.4,22.0,0.4,0.2,0.7,-38.3,-23.9,-11.6,-24.8,8.0,13.8,22.0,0.4,0.2,0.7,-56.8,-35.1,-11.2,-35.0,8.0,22.7,22.0,0.4,0.2,0.7,86.0,301.0,526.0,375.5,9.0,326.0,22.0,0.4,0.2,0.7,85.0,300.0,525.0,375.0,9.0,325.0,22.0,0.4,0.2,0.7
1974,2,57.0,16.0,23.96,24.4,25.02,24.48,25.0,0.74,14.0,0.7,0.3,0.6,22.19,23.85,25.4,24.02,26.0,1.74,14.0,0.7,0.3,0.6,10.74,12.97,14.35,12.58,19.0,2.22,16.0,0.6,0.2,0.6,58.7,68.3,79.3,68.4,19.0,10.6,16.0,0.6,0.6,2.8,4.6,8.61,5.1,23.0,2.74,16.0,0.7,0.3,0.6,-5.84,-2.68,-1.18,-3.03,23.0,2.75,16.0,0.7,0.3,0.6,-5.63,-1.99,0.52,-2.6,23.0,3.25,16.0,0.7,0.3,0.6,1012.13,1015.4,1017.41,1015.1,24.0,2.72,14.0,0.7,0.3,0.6,0.0,2.0,5.0,2.5,26.0,2.3,14.0,0.7,0.3,0.6,-44.3,-12.8,-4.0,-19.6,23.0,24.7,16.0,0.7,0.3,0.6,-44.9,-6.7,1.6,-19.5,23.0,27.3,16.0,0.7,0.3,0.6,-0.42,0.3,1.64,0.36,25.0,1.72,14.0,0.7,0.3,0.6,-1.2,0.9,9.3,1.6,22.0,10.8,16.0,0.7,0.3,0.6,4.2,5.95,7.71,6.14,18.0,1.93,16.0,0.7,0.2,0.6,14.0,23.4,47.1,30.8,16.0,22.0,16.0,0.7,0.2,0.6,-133.1,-64.4,-27.2,-73.7,23.0,67.8,16.0,0.7,0.3,0.6,-147.3,-50.8,12.9,-61.2,23.0,75.6,16.0,0.7,0.3,0.6,-66.9,-29.6,-11.9,-33.5,17.0,32.7,16.0,0.6,0.3,0.6,-67.3,-16.8,7.9,-26.8,17.0,36.9,16.0,0.6,0.3,0.6,-30.1,-18.3,-5.0,-17.3,16.0,14.8,16.0,0.7,0.2,0.6,-32.2,-8.0,3.8,-15.5,16.0,26.5,16.0,0.7,0.2,0.6,22.0,97.5,641.5,250.0,23.0,323.0,16.0,0.7,0.3,0.6,20.0,95.0,640.0,250.0,23.0,325.0,16.0,0.7,0.3,0.6
1974,2,57.0,17.0,23.3,24.0,24.76,24.12,30.0,0.84,14.0,0.5,0.6,0.4,22.0,23.0,24.48,23.2,33.0,1.58,14.0,0.5,0.6,0.4,10.83,11.89,13.3,12.03,28.0,1.24,14.0,0.4,0.6,0.4,61.4,70.4,76.9,69.0,28.0,7.5,14.0,0.4,0.4,3.1,5.85,8.2,5.77,32.0,2.53,16.0,0.5,0.6,0.4,-5.41,-2.96,0.0,-3.19,32.0,3.06,16.0,0.5,0.6,0.4,-6.28,-3.59,1.62,-2.63,32.0,3.71,16.0,0.5,0.6,0.4,1013.02,1015.2,1017.18,1015.61,33.0,2.23,14.0,0.5,0.6,0.4,0.0,2.0,4.0,2.3,33.0,2.3,14.0,0.5,0.6,0.4,-43.4,-15.6,0.0,-22.5,32.0,27.3,16.0,0.5,0.6,0.4,-51.5,-20.1,4.9,-21.1,32.0,28.7,16.0,0.5,0.6,0.4,-1.24,0.6,2.3,0.73,30.0,1.74,14.0,0.5,0.6,0.4,-6.4,3.1,16.8,4.8,29.0,12.8,14.0,0.5,0.6,0.4,4.77,6.35,7.83,6.61,25.0,1.99,14.0,0.5,0.6,0.4,15.9,30.2,63.2,36.8,24.0,22.7,14.0,0.5,0.6,0.4,-135.8,-69.6,0.0,-73.1,32.0,69.1,16.0,0.5,0.6,0.4,-140.1,-81.4,38.9,-60.3,32.0,89.0,16.0,0.5,0.6,0.4,-63.1,-39.0,-19.1,-39.7,27.0,28.3,14.0,0.4,0.6,0.4,-65.7,-39.4,20.9,-28.7,27.0,40.2,14.0,0.4,0.6,0.4,-44.0,-18.5,-4.4,-24.0,24.0,19.9,14.0,0.5,0.6,0.4,-48.7,-17.3,8.8,-17.3,24.0,24.9,14.0,0.5,0.6,0.4,30.0,200.5,551.5,300.5,32.0,326.0,16.0,0.5,0.6,0.4,30.0,200.0,550.0,300.0,32.0,325.0,16.0,0.5,0.6,0.4
1974,2,57.0,18.0,23.5,24.3,25.0,24.23,15.0,0.69,14.0,0.5,0.7,0.2,22.11,22.8,24.75,23.59,14.0,2.18,14.0,0.6,0.7,0.2,10.33,11.81,14.14,11.78,9.0,2.38,16.0,0.4,0.7,0.2,62.2,67.7,77.8,68.6,9.0,12.1,16.0,0.4,0.2,2.1,4.6,7.54,4.42,15.0,2.89,14.0,0.5,0.7,0.2,-6.03,-2.6,-0.3,-3.05,15.0,2.67,14.0,0.5,0.7,0.2,-4.81,-1.5,0.8,-1.61,15.0,3.07,14.0,0.5,0.7,0.2,1013.83,1016.7,1018.36,1016.23,15.0,3.39,14.0,0.5,0.7,0.2,0.0,1.0,3.0,1.7,15.0,1.8,14.0,0.5,0.7,0.2,-44.0,-8.5,-0.6,-19.3,15.0,22.0,14.0,0.5,0.7,0.2,-35.1,-4.5,2.2,-11.6,15.0,22.2,14.0,0.5,0.7,0.2,-0.26,1.0,2.2,0.63,14.0,1.87,14.0,0.6,0.7,0.2,0.0,2.8,9.9,3.6,14.0,8.8,14.0,0.6,0.7,0.2,4.78,6.14,8.29,6.69,9.0,2.28,16.0,0.4,0.7,0.2,11.5,22.7,50.3,28.0,9.0,21.6,16.0,0.4,0.7,0.2,-144.4,-50.8,-2.1,-68.2,14.0,65.5,14.0,0.6,0.7,0.2,-94.4,-30.2,22.1,-30.8,14.0,68.3,14.0,0.6,0.7,0.2,-65.1,-19.5,-4.6,-30.5,9.0,30.8,16.0,0.4,0.7,0.2,-28.8,-13.7,10.4,-7.4,9.0,34.8,16.0,0.4,0.7,0.2,-35.6,-10.7,-1.7,-14.8,9.0,20.8,16.0,0.4,0.7,0.2,-34.5,-7.1,7.4,-9.9,9.0,23.6,16.0,0.4,0.7,0.2,9.5,97.5,431.5,190.0,15.0,234.0,14.0,0.5,0.7,0.2,10.0,95.0,430.0,190.0,15.0,235.0,14.0,0.5,0.7,0.2
1974,2,57.0,24.0,21.18,22.0,23.37,22.24,5.0,1.28,14.0,0.8,0.8,0.9,19.38,20.2,21.37,20.26,5.0,1.28,14.0,0.8,0.8,0.9,7.7,11.38,12.77,10.26,3.0,3.84,20.0,0.7,0.7,0.9,54.5,72.7,80.8,67.8,3.0,19.7,20.0,0.7,0.9,5.08,8.7,10.47,7.6,5.0,4.43,14.0,0.8,0.8,0.9,-8.67,-6.66,3.16,-3.17,5.0,7.58,14.0,0.8,0.8,0.9,-2.65,0.0,3.14,0.01,5.0,4.66,14.0,0.8,0.8,0.9,1015.29,1018.0,1018.46,1016.93,4.0,2.58,16.0,0.8,0.8,0.9,1.3,6.0,6.4,4.2,5.0,3.0,14.0,0.8,0.8,0.9,-76.6,-58.0,35.7,-24.5,5.0,77.0,14.0,0.8,0.8,0.9,-30.0,0.0,28.8,-3.2,5.0,48.4,14.0,0.8,0.8,0.9,0.94,1.7,3.05,1.98,5.0,1.34,14.0,0.8,0.8,0.9,2.8,9.6,32.5,16.4,5.0,17.0,14.0,0.8,0.8,0.9,3.94,6.05,8.27,6.1,3.0,3.17,20.0,0.7,0.7,0.9,8.2,25.8,79.9,43.6,3.0,54.7,20.0,0.7,0.7,0.9,-174.5,-143.3,57.9,-68.7,5.0,147.4,14.0,0.8,0.8,0.9,-48.5,0.0,66.0,4.4,5.0,91.2,14.0,0.8,0.8,0.9,-61.0,0.0,35.4,-12.5,3.0,71.5,20.0,0.7,0.7,0.9,-29.7,0.0,51.2,10.5,3.0,60.0,20.0,0.7,0.7,0.9,-13.5,0.0,54.9,20.2,3.0,53.1,20.0,0.7,0.7,0.9,-46.1,0.0,11.3,-17.0,3.0,44.5,20.0,0.7,0.7,0.9,325.0,658.5,1161.5,722.5,5.0,540.0,14.0,0.8,0.8,0.9,325.0,660.0,1160.0,725.0,5.0,540.0,14.0,0.8,0.8,0.9
1974,2,57.0,25.0,21.16,22.0,23.13,22.13,36.0,1.17,14.0,0.4,0.4,0.4,18.8,20.9,22.5,20.91,38.0,1.95,14.0,0.4,0.4,0.4,7.24,10.19,13.04,10.33,23.0,2.61,14.0,0.5,0.5,0.4,51.2,69.3,80.7,67.6,23.0,13.6,14.0,0.5,0.4,2.1,4.1,8.06,4.81,37.0,2.85,14.0,0.4,0.4,0.4,-4.28,-1.29,2.84,-0.65,37.0,4.49,14.0,0.4,0.4,0.4,-3.88,0.0,2.73,-0.56,37.0,3.32,14.0,0.4,0.4,0.4,1013.61,1016.3,1020.59,1017.0,39.0,3.65,14.0,0.4,0.4,0.4,0.0,3.0,6.0,3.0,36.0,2.6,14.0,0.5,0.4,0.4,-20.3,-2.8,15.0,-1.6,37.0,36.2,14.0,0.4,0.4,0.4,-17.7,0.0,11.1,-5.4,37.0,25.1,14.0,0.4,0.4,0.4,-0.62,1.0,3.12,1.16,35.0,1.76,14.0,0.4,0.4,0.4,-3.1,2.7,13.7,4.4,33.0,9.4,14.0,0.4,0.4,0.4,4.46,5.8,9.16,6.0,20.0,2.45,14.0,0.5,0.5,0.4,7.1,14.1,42.9,22.9,18.0,20.5,14.0,0.4,0.5,0.4,-95.1,-20.8,74.4,-15.2,36.0,91.7,14.0,0.4,0.4,0.4,-77.8,0.0,59.1,-12.2,36.0,72.9,14.0,0.4,0.4,0.4,-44.4,0.0,33.8,-4.4,21.0,44.8,14.0,0.5,0.5,0.4,-27.1,0.0,17.3,-5.5,21.0,27.7,14.0,0.5,0.5,0.4,-12.4,0.0,19.2,4.8,18.0,25.9,14.0,0.4,0.5,0.4,-20.2,0.0,9.2,-4.8,18.0,16.0,14.0,0.4,0.5,0.4,9.5,69.0,523.5,233.5,37.0,309.5,14.0,0.4,0.4,0.4,10.0,70.0,525.0,235.0,37.0,310.0,14.0,0.4,0.4,0.4
1974,2,57.0,26.0,,,,,,,,,,,,,,,,,,,,,,,,,,,,,,,,,,,,,,,,3.48,4.5,5.52,4.5,2.0,2.12,10.0,0.0,0.4,0.2,-3.87,-2.3,-0.73,-2.3,2.0,3.25,10.0,0.0,0.4,0.2,-3.72,-3.43,-3.14,-3.43,2.0,0.61,10.0,0.0,0.4,0.2,1018.14,1020.15,1022.16,1020.15,2.0,4.17,10.0,0.0,0.4,0.2,,,,,,,,,,,,,,,,,,,,,,,,,,,,,,,,,,,,,,,,,,,,,,,,,,,,,,,,,,,,,,,,,,,,,,,,,,,,,,,,,,,,,,,,,,,,,,,,,,,,,,,,,,,,,,,,,,,,,,,,,,,,,,,,,,,,,,,,,,,,,,,,,,,,,,
1974,2,58.0,-66.0,,,,,,,,,,,,,,,,,,,,,,,,,,,,,,,,,,,,,,,,7.91,11.6,15.29,11.6,2.0,7.64,24.0,0.5,0.3,0.5,-14.36,-10.9,-7.44,-10.9,2.0,7.18,24.0,0.5,0.3,0.5,-0.86,1.85,4.56,1.85,2.0,5.61,24.0,0.5,0.3,0.5,996.8,996.8,996.8,996.8,1.0,0.0,22.0,0.0,0.0,0.1,,,,,,,,,,,,,,,,,,,,,,,,,,,,,,,,,,,,,,,,,,,,,,,,,,,,,,,,,,,,,,,,,,,,,,,,,,,,,,,,,,,,,,,,,,,,,,,,,,,,,,,,,,,,,,,,,,,,,,,,,,,,,,,,,,,,,,,,,,,,,,,,,,,,,,
1974,2,58.0,-64.0,,,,,,,,,,,,,,,,,,,,,,,,,,,,,,,,,,,,,,,,15.4,15.4,15.4,15.4,1.0,0.0,26.0,1.0,0.6,0.8,-10.89,-10.89,-10.89,-10.89,1.0,0.0,26.0,1.0,0.6,0.8,-10.89,-10.89,-10.89,-10.89,1.0,0.0,26.0,1.0,0.6,0.8,979.5,979.5,979.5,979.5,1.0,0.0,26.0,1.0,0.6,0.8,,,,,,,,,,,,,,,,,,,,,,,,,,,,,,,,,,,,,,,,,,,,,,,,,,,,,,,,,,,,,,,,,,,,,,,,,,,,,,,,,,,,,,,,,,,,,,,,,,,,,,,,,,,,,,,,,,,,,,,,,,,,,,,,,,,,,,,,,,,,,,,,,,,,,,
1974,2,58.0,-60.0,,,,,,,,,,,,,,,,,,,,,,,,,,,,,,,,,,,,,,,,15.9,15.9,15.9,15.9,1.0,0.0,10.0,1.0,0.4,0.5,12.18,12.18,12.18,12.18,1.0,0.0,10.0,1.0,0.4,0.5,-10.22,-10.22,-10.22,-10.22,1.0,0.0,10.0,1.0,0.4,0.5,983.8,983.8,983.8,983.8,1.0,0.0,10.0,1.0,0.4,0.5,8.0,8.0,8.0,8.0,1.0,0.0,10.0,1.0,0.4,0.5,193.7,193.7,193.7,193.7,1.0,0.0,10.0,1.0,0.4,0.5,-162.5,-162.5,-162.5,-162.5,1.0,0.0,10.0,1.0,0.4,0.5,,,,,,,,,,,,,,,,,,,,,,,,,,,,,,,,,,,,,,,,,19.5,19.5,19.5,19.5,1.0,0.0,10.0,1.0,0.4,0.5,-16.4,-16.4,-16.4,-16.4,1.0,0.0,10.0,1.0,0.4,0.5,40.9,40.9,40.9,40.9,1.0,0.0,10.0,1.0,0.4,0.5,-34.3,-34.3,-34.3,-34.3,1.0,0.0,10.0,1.0,0.4,0.5,,,,,,,,,,,,,,,,,,,,,,,,,,,,,,,,,,,,,,,,
1974,2,58.0,-48.0,6.8,6.8,6.8,6.8,1.0,0.0,2.0,1.0,0.7,0.1,9.0,9.0,9.0,9.0,1.0,0.0,2.0,1.0,0.7,0.1,7.22,7.22,7.22,7.22,1.0,0.0,2.0,1.0,0.7,0.1,100.0,100.0,100.0,100.0,1.0,0.0,2.0,1.0,0.1,13.9,13.9,13.9,13.9,1.0,0.0,2.0,1.0,0.7,0.1,8.93,8.93,8.93,8.93,1.0,0.0,2.0,1.0,0.7,0.1,-10.65,-10.65,-10.65,-10.65,1.0,0.0,2.0,1.0,0.7,0.1,997.5,997.5,997.5,997.5,1.0,0.0,2.0,1.0,0.7,0.1,8.0,8.0,8.0,8.0,1.0,0.0,2.0,1.0,0.7,0.1,124.2,124.2,124.2,124.2,1.0,0.0,2.0,1.0,0.7,0.1,-148.0,-148.0,-148.0,-148.0,1.0,0.0,2.0,1.0,0.7,0.1,-2.2,-2.2,-2.2,-2.2,1.0,0.0,2.0,1.0,0.7,0.1,-30.6,-30.6,-30.6,-30.6,1.0,0.0,2.0,1.0,0.7,0.1,-1.01,-1.01,-1.01,-1.01,1.0,0.0,2.0,1.0,0.7,0.1,-14.0,-14.0,-14.0,-14.0,1.0,0.0,2.0,1.0,0.7,0.1,80.4,80.4,80.4,80.4,1.0,0.0,2.0,1.0,0.7,0.1,-95.8,-95.8,-95.8,-95.8,1.0,0.0,2.0,1.0,0.7,0.1,64.5,64.5,64.5,64.5,1.0,0.0,2.0,1.0,0.7,0.1,-76.9,-76.9,-76.9,-76.9,1.0,0.0,2.0,1.0,0.7,0.1,-9.0,-9.0,-9.0,-9.0,1.0,0.0,2.0,1.0,0.7,0.1,10.7,10.7,10.7,10.7,1.0,0.0,2.0,1.0,0.7,0.1,2685.5,2685.5,2685.5,2685.5,1.0,0.0,2.0,1.0,0.7,0.1,2685.0,2685.0,2685.0,2685.0,1.0,0.0,2.0,1.0,0.7,0.1
1974,2,58.0,-45.0,11.0,11.0,11.0,11.0,1.0,0.0,2.0,0.0,0.9,0.2,13.2,13.2,13.2,13.2,1.0,0.0,2.0,0.0,0.9,0.2,9.46,9.46,9.46,9.46,1.0,0.0,2.0,0.0,0.9,0.2,100.0,100.0,100.0,100.0,1.0,0.0,2.0,0.0,0.2,6.7,6.7,6.7,6.7,1.0,0.0,2.0,0.0,0.9,0.2,-1.16,-1.16,-1.16,-1.16,1.0,0.0,2.0,0.0,0.9,0.2,-6.6,-6.6,-6.6,-6.6,1.0,0.0,2.0,0.0,0.9,0.2,1007.4,1007.4,1007.4,1007.4,1.0,0.0,2.0,0.0,0.9,0.2,,,,,,,,,,,,,,,,,,,,,,,,,,,,,,,-2.2,-2.2,-2.2,-2.2,1.0,0.0,2.0,0.0,0.9,0.2,-14.7,-14.7,-14.7,-14.7,1.0,0.0,2.0,0.0,0.9,0.2,-1.28,-1.28,-1.28,-1.28,1.0,0.0,2.0,0.0,0.9,0.2,-8.6,-8.6,-8.6,-8.6,1.0,0.0,2.0,0.0,0.9,0.2,-15.4,-15.4,-15.4,-15.4,1.0,0.0,2.0,0.0,0.9,0.2,-87.1,-87.1,-87.1,-87.1,1.0,0.0,2.0,0.0,0.9,0.2,-11.0,-11.0,-11.0,-11.0,1.0,0.0,2.0,0.0,0.9,0.2,-62.4,-62.4,-62.4,-62.4,1.0,0.0,2.0,0.0,0.9,0.2,1.5,1.5,1.5,1.5,1.0,0.0,2.0,0.0,0.9,0.2,8.5,8.5,8.5,8.5,1.0,0.0,2.0,0.0,0.9,0.2,301.0,301.0,301.0,301.0,1.0,0.0,2.0,0.0,0.9,0.2,300.0,300.0,300.0,300.0,1.0,0.0,2.0,0.0,0.9,0.2
1974,2,58.0,-42.0,16.4,16.4,16.4,16.4,1.0,0.0,2.0,0.0,0.5,0.5,17.8,17.8,17.8,17.8,1.0,0.0,2.0,0.0,0.5,0.5,12.07,12.07,12.07,12.07,1.0,0.0,2.0,0.0,0.5,0.5,95.7,95.7,95.7,95.7,1.0,0.0,2.0,0.0,0.5,9.3,9.3,9.3,9.3,1.0,0.0,2.0,0.0,0.5,0.5,5.98,5.98,5.98,5.98,1.0,0.0,2.0,0.0,0.5,0.5,-7.12,-7.12,-7.12,-7.12,1.0,0.0,2.0,0.0,0.5,0.5,1016.1,1016.1,1016.1,1016.1,1.0,0.0,2.0,0.0,0.5,0.5,,,,,,,,,,,,,,,,,,,,,,,,,,,,,,,-1.4,-1.4,-1.4,-1.4,1.0,0.0,2.0,0.0,0.5,0.5,-13.0,-13.0,-13.0,-13.0,1.0,0.0,2.0,0.0,0.5,0.5,-0.53,-0.53,-0.53,-0.53,1.0,0.0,2.0,0.0,0.5,0.5,-4.9,-4.9,-4.9,-4.9,1.0,0.0,2.0,0.0,0.5,0.5,106.4,106.4,106.4,106.4,1.0,0.0,2.0,0.0,0.5,0.5,-126.8,-126.8,-126.8,-126.8,1.0,0.0,2.0,0.0,0.5,0.5,72.2,72.2,72.2,72.2,1.0,0.0,2.0,0.0,0.5,0.5,-86.0,-86.0,-86.0,-86.0,1.0,0.0,2.0,0.0,0.5,0.5,-3.2,-3.2,-3.2,-3.2,1.0,0.0,2.0,0.0,0.5,0.5,3.8,3.8,3.8,3.8,1.0,0.0,2.0,0.0,0.5,0.5,804.5,804.5,804.5,804.5,1.0,0.0,2.0,0.0,0.5,0.5,805.0,805.0,805.0,805.0,1.0,0.0,2.0,0.0,0.5,0.5
1974,2,58.0,-40.0,18.0,18.0,20.05,19.0,3.0,1.73,10.0,0.7,0.5,0.3,19.78,20.6,21.42,20.6,2.0,1.7,12.0,0.5,0.8,0.5,13.01,13.84,14.67,13.84,2.0,1.72,12.0,0.5,0.8,0.5,91.8,92.3,92.7,92.3,2.0,0.9,12.0,0.5,0.5,0.83,1.55,2.27,1.55,2.0,1.48,12.0,0.5,0.8,0.5,-1.7,-1.08,-0.46,-1.08,2.0,1.29,12.0,0.5,0.8,0.5,-1.48,-1.07,-0.66,-1.07,2.0,0.85,12.0,0.5,0.8,0.5,1017.73,1022.1,1026.47,1022.1,2.0,9.05,12.0,0.5,0.8,0.5,2.2,7.0,7.7,5.0,3.0,4.4,10.0,0.7,0.5,0.3,-4.4,-2.6,-0.9,-2.6,2.0,3.6,12.0,0.5,0.8,0.5,-3.7,-2.3,-0.9,-2.3,2.0,2.9,12.0,0.5,0.8,0.5,-2.94,-1.1,0.74,-1.1,2.0,3.82,12.0,0.5,0.8,0.5,-8.2,-4.5,-0.9,-4.5,2.0,7.6,12.0,0.5,0.8,0.5,-1.49,0.17,1.84,0.17,2.0,3.45,12.0,0.5,0.8,0.5,-4.8,-2.3,0.2,-2.3,2.0,5.1,12.0,0.5,0.8,0.5,-37.1,-23.4,-9.7,-23.4,2.0,28.4,12.0,0.5,0.8,0.5,-32.1,-22.8,-13.5,-22.8,2.0,19.3,12.0,0.5,0.8,0.5,-25.6,-16.1,-6.6,-16.1,2.0,19.7,12.0,0.5,0.8,0.5,-22.1,-15.5,-9.0,-15.5,2.0,13.6,12.0,0.5,0.8,0.5,0.3,2.0,3.7,2.0,2.0,3.5,12.0,0.5,0.8,0.5,-0.4,1.3,3.0,1.3,2.0,3.6,12.0,0.5,0.8,0.5,3.0,9.0,15.0,9.0,2.0,12.5,12.0,0.5,0.8,0.5,5.0,10.0,15.0,10.0,2.0,10.0,12.0,0.5,0.8,0.5
1974,2,58.0,-35.0,20.0,20.0,20.0,20.0,1.0,0.0,4.0,0.0,0.1,0.7,20.0,20.0,20.0,20.0,1.0,0.0,4.0,0.0,0.1,0.7,10.57,10.57,10.57,10.57,1.0,0.0,4.0,0.0,0.1,0.7,72.9,72.9,72.9,72.9,1.0,0.0,4.0,0.0,0.7,9.0,9.0,9.0,9.0,1.0,0.0,4.0,0.0,0.1,0.7,-4.5,-4.5,-4.5,-4.5,1.0,0.0,4.0,0.0,0.1,0.7,7.79,7.79,7.79,7.79,1.0,0.0,4.0,0.0,0.1,0.7,1013.4,1013.4,1013.4,1013.4,1.0,0.0,4.0,0.0,0.1,0.7,1.0,1.0,1.0,1.0,1.0,0.0,4.0,0.0,0.1,0.7,-40.5,-40.5,-40.5,-40.5,1.0,0.0,4.0,0.0,0.1,0.7,70.1,70.1,70.1,70.1,1.0,0.0,4.0,0.0,0.1,0.7,0.0,0.0,0.0,0.0,1.0,0.0,4.0,0.0,0.1,0.7,0.0,0.0,0.0,0.0,1.0,0.0,4.0,0.0,0.1,0.7,3.96,3.96,3.96,3.96,1.0,0.0,4.0,0.0,0.1,0.7,35.7,35.7,35.7,35.7,1.0,0.0,4.0,0.0,0.1,0.7,-90.0,-90.0,-90.0,-90.0,1.0,0.0,4.0,0.0,0.1,0.7,155.9,155.9,155.9,155.9,1.0,0.0,4.0,0.0,0.1,0.7,-47.6,-47.6,-47.6,-47.6,1.0,0.0,4.0,0.0,0.1,0.7,82.4,82.4,82.4,82.4,1.0,0.0,4.0,0.0,0.1,0.7,-17.8,-17.8,-17.8,-17.8,1.0,0.0,4.0,0.0,0.1,0.7,30.9,30.9,30.9,30.9,1.0,0.0,4.0,0.0,0.1,0.7,729.0,729.0,729.0,729.0,1.0,0.0,4.0,0.0,0.1,0.7,730.0,730.0,730.0,730.0,1.0,0.0,4.0,0.0,0.1,0.7
1974,2,58.0,-34.0,23.17,23.55,23.93,23.55,2.0,0.78,8.0,0.5,0.0,0.7,23.95,26.0,26.34,25.17,3.0,1.89,10.0,0.7,0.3,0.6,10.6,12.25,14.39,12.49,3.0,2.78,10.0,0.7,0.3,0.6,54.9,70.7,71.8,63.5,3.0,13.9,10.0,0.7,0.6,3.39,5.1,5.85,4.63,3.0,1.84,10.0,0.7,0.3,0.6,-5.85,-5.1,-3.37,-4.62,3.0,1.87,10.0,0.7,0.3,0.6,-0.31,0.0,0.0,-0.15,3.0,0.26,10.0,0.7,0.3,0.6,1020.72,1021.2,1024.07,1022.37,3.0,2.65,10.0,0.7,0.3,0.6,4.6,6.0,6.0,5.3,3.0,1.2,10.0,0.7,0.3,0.6,-34.5,-26.0,-12.8,-23.7,3.0,16.0,10.0,0.7,0.3,0.6,-0.8,0.0,0.0,-0.4,3.0,0.7,10.0,0.7,0.3,0.6,-2.02,-1.2,-0.38,-1.2,2.0,1.7,8.0,0.5,0.0,0.7,-12.5,-7.4,-2.4,-7.4,2.0,10.5,8.0,0.5,0.0,0.7,3.43,4.12,4.81,4.12,2.0,1.43,8.0,0.5,0.0,0.7,20.4,22.7,25.1,22.7,2.0,4.9,8.0,0.5,0.0,0.7,-149.4,-117.3,-82.7,-116.1,3.0,48.9,10.0,0.7,0.3,0.6,-8.0,0.0,0.0,-3.9,3.0,6.8,10.0,0.7,0.3,0.6,-84.9,-62.5,-37.0,-61.0,3.0,35.1,10.0,0.7,0.3,0.6,-3.0,0.0,0.0,-1.5,3.0,2.6,10.0,0.7,0.3,0.6,-25.1,-22.7,-20.4,-22.7,2.0,4.9,8.0,0.5,0.0,0.7,0.0,0.0,0.0,0.0,2.0,0.0,8.0,0.5,0.0,0.7,54.0,132.5,205.0,129.5,3.0,110.5,10.0,0.7,0.3,0.6,55.0,135.0,205.0,130.0,3.0,110.0,10.0,0.7,0.3,0.6
1974,2,58.0,-32.0,24.64,25.6,26.56,25.6,2.0,1.98,10.0,0.5,0.3,0.6,23.57,24.15,24.73,24.15,2.0,1.2,10.0,0.5,0.3,0.6,15.84,16.11,16.38,16.11,2.0,0.55,10.0,0.5,0.3,0.6,84.8,86.5,88.3,86.5,2.0,3.6,10.0,0.5,0.6,2.76,3.1,3.44,3.1,2.0,0.71,10.0,0.5,0.3,0.6,-2.59,-0.55,1.49,-0.55,2.0,4.23,10.0,0.5,0.3,0.6,-0.65,-0.13,0.38,-0.13,2.0,1.07,10.0,0.5,0.3,0.6,1017.87,1019.75,1021.63,1019.75,2.0,3.89,10.0,0.5,0.3,0.6,1.2,1.5,1.8,1.5,2.0,0.7,10.0,0.5,0.3,0.6,-9.7,-3.2,3.3,-3.2,2.0,13.5,10.0,0.5,0.3,0.6,-1.6,0.0,1.5,0.0,2.0,3.2,10.0,0.5,0.3,0.6,-0.09,1.45,2.99,1.45,2.0,3.18,10.0,0.5,0.3,0.6,0.4,5.6,10.9,5.6,2.0,10.9,10.0,0.5,0.3,0.6,2.91,4.32,5.72,4.32,2.0,2.9,10.0,0.5,0.3,0.6,8.6,14.4,20.2,14.4,2.0,12.1,10.0,0.5,0.3,0.6,-59.8,-10.8,38.3,-10.8,2.0,101.6,10.0,0.5,0.3,0.6,-16.4,-3.8,8.7,-3.8,2.0,26.0,10.0,0.5,0.3,0.6,-40.5,-7.7,25.1,-7.7,2.0,67.9,10.0,0.5,0.3,0.6,-10.8,-2.4,5.9,-2.4,2.0,17.3,10.0,0.5,0.3,0.6,-18.1,-8.5,1.1,-8.5,2.0,19.9,10.0,0.5,0.3,0.6,-1.1,1.0,3.0,1.0,2.0,4.2,10.0,0.5,0.3,0.6,22.0,32.0,42.0,32.0,2.0,20.5,10.0,0.5,0.3,0.6,20.0,30.0,40.0,30.0,2.0,20.0,10.0,0.5,0.3,0.6
1974,2,58.0,-31.0,24.16,24.5,24.84,24.5,2.0,0.71,16.0,0.5,0.8,0.4,24.26,24.4,24.54,24.4,2.0,0.28,16.0,0.5,0.8,0.4,16.39,16.39,16.39,16.39,1.0,0.0,16.0,1.0,0.8,0.6,85.5,85.5,85.5,85.5,1.0,0.0,16.0,1.0,0.6,7.02,7.7,8.38,7.7,2.0,1.41,16.0,0.5,0.8,0.4,-6.14,-5.01,-3.88,-5.01,2.0,2.34,16.0,0.5,0.8,0.4,-5.77,-5.7,-5.63,-5.7,2.0,0.15,16.0,0.5,0.8,0.4,1017.66,1017.8,1017.94,1017.8,2.0,0.28,16.0,0.5,0.8,0.4,7.0,7.0,7.0,7.0,2.0,0.0,16.0,0.5,0.8,0.4,-52.3,-40.2,-28.1,-40.2,2.0,25.1,16.0,0.5,0.8,0.4,-47.1,-43.8,-40.4,-43.8,2.0,6.9,16.0,0.5,0.8,0.4,-0.1,0.1,0.3,0.1,2.0,0.42,16.0,0.5,0.8,0.4,-0.6,1.1,2.7,1.1,2.0,3.4,16.0,0.5,0.8,0.4,3.29,3.29,3.29,3.29,1.0,0.0,16.0,1.0,0.8,0.6,28.6,28.6,28.6,28.6,1.0,0.0,16.0,1.0,0.8,0.6,-150.8,-122.5,-94.2,-122.5,2.0,58.6,16.0,0.5,0.8,0.4,-140.0,-139.0,-138.0,-139.0,2.0,2.0,16.0,0.5,0.8,0.4,-109.2,-109.2,-109.2,-109.2,1.0,0.0,16.0,1.0,0.8,0.6,-91.6,-91.6,-91.6,-91.6,1.0,0.0,16.0,1.0,0.8,0.6,-21.9,-21.9,-21.9,-21.9,1.0,0.0,16.0,1.0,0.8,0.6,-18.4,-18.4,-18.4,-18.4,1.0,0.0,16.0,1.0,0.8,0.6,357.5,479.5,601.5,479.5,2.0,253.0,16.0,0.5,0.8,0.4,360.0,480.0,600.0,480.0,2.0,255.0,16.0,0.5,0.8,0.4
1974,2,58.0,-30.0,24.9,24.9,24.9,24.9,1.0,0.0,12.0,0.0,0.8,0.8,24.5,24.5,24.5,24.5,1.0,0.0,12.0,0.0,0.8,0.8,16.38,16.38,16.38,16.38,1.0,0.0,12.0,0.0,0.8,0.8,86.0,86.0,86.0,86.0,1.0,0.0,12.0,0.0,0.8,4.6,4.6,4.6,4.6,1.0,0.0,12.0,0.0,0.8,0.8,-3.98,-3.98,-3.98,-3.98,1.0,0.0,12.0,0.0,0.8,0.8,-2.3,-2.3,-2.3,-2.3,1.0,0.0,12.0,0.0,0.8,0.8,1018.1,1018.1,1018.1,1018.1,1.0,0.0,12.0,0.0,0.8,0.8,8.0,8.0,8.0,8.0,1.0,0.0,12.0,0.0,0.8,0.8,-18.3,-18.3,-18.3,-18.3,1.0,0.0,12.0,0.0,0.8,0.8,-10.6,-10.6,-10.6,-10.6,1.0,0.0,12.0,0.0,0.8,0.8,0.4,0.4,0.4,0.4,1.0,0.0,12.0,0.0,0.8,0.8,1.8,1.8,1.8,1.8,1.0,0.0,12.0,0.0,0.8,0.8,3.17,3.17,3.17,3.17,1.0,0.0,12.0,0.0,0.8,0.8,14.6,14.6,14.6,14.6,1.0,0.0,12.0,0.0,0.8,0.8,-97.6,-97.6,-97.6,-97.6,1.0,0.0,12.0,0.0,0.8,0.8,-56.3,-56.3,-56.3,-56.3,1.0,0.0,12.0,0.0,0.8,0.8,-65.3,-65.3,-65.3,-65.3,1.0,0.0,12.0,0.0,0.8,0.8,-37.7,-37.7,-37.7,-37.7,1.0,0.0,12.0,0.0,0.8,0.8,-12.6,-12.6,-12.6,-12.6,1.0,0.0,12.0,0.0,0.8,0.8,-7.3,-7.3,-7.3,-7.3,1.0,0.0,12.0,0.0,0.8,0.8,97.5,97.5,97.5,97.5,1.0,0.0,12.0,0.0,0.8,0.8,95.0,95.0,95.0,95.0,1.0,0.0,12.0,0.0,0.8,0.8
1974,2,58.0,-26.0,,,,,,,,,,,,,,,,,,,,,,,,,,,,,,,,,,,,,,,,2.38,4.0,5.41,3.83,6.0,2.32,16.0,0.8,0.4,0.7,-4.88,-3.5,-2.24,-3.53,6.0,2.28,16.0,0.8,0.4,0.7,-0.76,0.0,2.51,0.56,6.0,1.58,16.0,0.8,0.4,0.7,1012.53,1013.05,1013.31,1012.93,4.0,0.59,16.0,0.8,0.5,0.8,,,,,,,,,,,,,,,,,,,,,,,,,,,,,,,,,,,,,,,,,,,,,,,,,,,,,,,,,,,,,,,,,,,,,,,,,,,,,,,,,,,,,,,,,,,,,,,,,,,,,,,,,,,,,,,,,,,,,,,,,,,,,,,,,,,,,,,,,,,,,,,,,,,,,,
1974,2,58.0,-24.0,26.16,26.5,26.84,26.5,2.0,0.71,4.0,0.5,0.4,0.7,25.33,25.6,25.87,25.6,2.0,0.57,4.0,0.5,0.4,0.7,13.74,14.65,15.55,14.65,2.0,1.87,4.0,0.5,0.4,0.7,68.3,71.5,74.8,71.5,2.0,6.7,4.0,0.5,0.7,1.06,3.35,5.64,3.35,2.0,4.74,4.0,0.5,0.4,0.7,-5.55,-3.3,-1.05,-3.3,2.0,4.67,4.0,0.5,0.4,0.7,0.18,0.58,0.98,0.58,2.0,0.82,4.0,0.5,0.4,0.7,1012.58,1012.75,1012.92,1012.75,2.0,0.35,4.0,0.5,0.4,0.7,3.0,5.0,7.0,5.0,2.0,4.2,4.0,0.5,0.4,0.7,-37.2,-22.1,-7.0,-22.1,2.0,31.3,4.0,0.5,0.4,0.7,1.2,3.9,6.6,3.9,2.0,5.5,4.0,0.5,0.4,0.7,0.83,0.9,0.97,0.9,2.0,0.14,4.0,0.5,0.4,0.7,0.9,2.7,4.5,2.7,2.0,3.8,4.0,0.5,0.4,0.7,6.55,7.01,7.47,7.01,2.0,0.96,4.0,0.5,0.4,0.7,8.2,25.8,43.3,25.8,2.0,36.4,4.0,0.5,0.4,0.7,-139.9,-83.1,-26.4,-83.1,2.0,117.6,4.0,0.5,0.4,0.7,4.7,14.7,24.7,14.7,2.0,20.7,4.0,0.5,0.4,0.7,-74.0,-44.0,-14.0,-44.0,2.0,62.2,4.0,0.5,0.4,0.7,2.5,7.8,13.0,7.8,2.0,11.0,4.0,0.5,0.4,0.7,-42.7,-25.4,-8.1,-25.4,2.0,35.9,4.0,0.5,0.4,0.7,1.4,4.5,7.5,4.5,2.0,6.3,4.0,0.5,0.4,0.7,47.5,150.5,253.0,150.5,2.0,212.5,4.0,0.5,0.4,0.7,50.0,150.0,255.0,150.0,2.0,215.0,4.0,0.5,0.4,0.7
1974,2,58.0,-23.0,26.0,26.0,26.0,26.0,1.0,0.0,2.0,0.0,0.9,0.2,25.6,25.6,25.6,25.6,1.0,0.0,2.0,0.0,0.9,0.2,15.15,15.15,15.15,15.15,1.0,0.0,2.0,0.0,0.9,0.2,74.3,74.3,74.3,74.3,1.0,0.0,2.0,0.0,0.2,5.7,5.7,5.7,5.7,1.0,0.0,2.0,0.0,0.9,0.2,-5.7,-5.7,-5.7,-5.7,1.0,0.0,2.0,0.0,0.9,0.2,0.0,0.0,0.0,0.0,1.0,0.0,2.0,0.0,0.9,0.2,1015.5,1015.5,1015.5,1015.5,1.0,0.0,2.0,0.0,0.9,0.2,2.0,2.0,2.0,2.0,1.0,0.0,2.0,0.0,0.9,0.2,-32.5,-32.5,-32.5,-32.5,1.0,0.0,2.0,0.0,0.9,0.2,0.0,0.0,0.0,0.0,1.0,0.0,2.0,0.0,0.9,0.2,0.4,0.4,0.4,0.4,1.0,0.0,2.0,0.0,0.9,0.2,2.3,2.3,2.3,2.3,1.0,0.0,2.0,0.0,0.9,0.2,5.8,5.8,5.8,5.8,1.0,0.0,2.0,0.0,0.9,0.2,33.0,33.0,33.0,33.0,1.0,0.0,2.0,0.0,0.9,0.2,-145.9,-145.9,-145.9,-145.9,1.0,0.0,2.0,0.0,0.9,0.2,0.0,0.0,0.0,0.0,1.0,0.0,2.0,0.0,0.9,0.2,-86.4,-86.4,-86.4,-86.4,1.0,0.0,2.0,0.0,0.9,0.2,0.0,0.0,0.0,0.0,1.0,0.0,2.0,0.0,0.9,0.2,-33.0,-33.0,-33.0,-33.0,1.0,0.0,2.0,0.0,0.9,0.2,0.0,0.0,0.0,0.0,1.0,0.0,2.0,0.0,0.9,0.2,185.0,185.0,185.0,185.0,1.0,0.0,2.0,0.0,0.9,0.2,185.0,185.0,185.0,185.0,1.0,0.0,2.0,0.0,0.9,0.2
1974,2,58.0,-22.0,27.91,28.35,28.79,28.35,2.0,0.92,24.0,0.5,0.4,0.9,25.11,26.0,26.82,25.97,3.0,1.25,22.0,0.3,0.3,0.9,17.35,18.04,18.18,17.77,3.0,0.65,22.0,0.3,0.3,0.9,81.1,81.2,89.3,85.1,3.0,6.9,22.0,0.3,0.9,4.59,5.65,6.71,5.65,2.0,2.19,24.0,0.0,0.2,0.9,-5.81,-3.74,-1.67,-3.74,2.0,4.28,24.0,0.0,0.2,0.9,-1.43,0.79,3.01,0.79,2.0,4.6,24.0,0.0,0.2,0.9,1011.14,1013.6,1014.42,1012.8,3.0,2.5,22.0,0.3,0.3,0.9,1.0,3.0,3.7,2.3,3.0,2.1,22.0,0.3,0.3,0.9,-41.4,-25.8,-10.2,-25.8,2.0,32.4,24.0,0.0,0.2,0.9,-12.3,-0.6,11.1,-0.6,2.0,24.2,24.0,0.0,0.2,0.9,0.9,1.75,2.6,1.75,2.0,1.77,24.0,0.5,0.4,0.9,12.3,12.3,12.3,12.3,1.0,0.0,28.0,0.0,0.1,0.8,5.47,6.55,7.64,6.55,2.0,2.25,24.0,0.5,0.4,0.9,33.4,33.4,33.4,33.4,1.0,0.0,28.0,0.0,0.1,0.8,-143.5,-92.8,-42.1,-92.8,2.0,105.1,24.0,0.0,0.2,0.9,-34.5,22.1,78.7,22.1,2.0,117.2,24.0,0.0,0.2,0.9,-104.6,-67.1,-29.6,-67.1,2.0,77.7,24.0,0.0,0.2,0.9,-26.5,12.2,50.8,12.2,2.0,80.0,24.0,0.0,0.2,0.9,-5.8,-5.8,-5.8,-5.8,1.0,0.0,28.0,0.0,0.1,0.8,32.9,32.9,32.9,32.9,1.0,0.0,28.0,0.0,0.1,0.8,117.0,221.0,325.0,221.0,2.0,215.0,24.0,0.0,0.2,0.9,115.0,220.0,325.0,220.0,2.0,215.0,24.0,0.0,0.2,0.9
1974,2,58.0,-21.0,27.0,28.0,28.13,27.71,12.0,0.72,16.0,0.7,0.6,0.7,26.0,26.65,27.0,26.41,14.0,0.73,16.0,0.7,0.6,0.7,16.07,17.54,18.52,17.26,13.0,1.31,16.0,0.7,0.6,0.7,74.0,82.9,85.5,80.5,13.0,6.9,16.0,0.7,0.7,4.0,6.7,10.75,7.14,18.0,4.14,16.0,0.7,0.5,0.7,-9.35,-4.96,-3.61,-6.19,18.0,3.7,16.0,0.7,0.5,0.7,-3.02,0.0,3.93,0.35,18.0,4.09,16.0,0.7,0.5,0.7,1009.7,1012.4,1013.0,1011.53,18.0,1.96,16.0,0.7,0.5,0.7,2.5,4.0,6.5,4.6,17.0,1.9,16.0,0.8,0.5,0.7,-93.1,-32.0,-14.7,-58.1,18.0,64.1,16.0,0.7,0.5,0.7,-24.8,0.0,38.4,5.7,18.0,47.5,16.0,0.7,0.5,0.7,0.5,1.6,2.0,1.37,12.0,0.68,16.0,0.7,0.6,0.7,4.7,8.5,19.3,11.1,12.0,7.7,16.0,0.7,0.6,0.7,4.58,5.89,7.5,6.08,12.0,1.36,16.0,0.7,0.6,0.7,27.2,55.6,68.6,50.7,12.0,20.2,16.0,0.7,0.6,0.7,-260.5,-153.3,-108.5,-183.4,14.0,92.9,16.0,0.7,0.6,0.7,-93.7,6.4,128.1,7.8,14.0,122.8,16.0,0.7,0.6,0.7,-178.0,-93.4,-73.0,-122.9,13.0,66.4,16.0,0.7,0.6,0.7,-63.0,24.1,95.7,8.3,13.0,86.0,16.0,0.7,0.6,0.7,-61.3,-47.6,-23.7,-43.5,12.0,19.5,16.0,0.7,0.6,0.7,-27.9,1.0,25.8,-0.8,12.0,27.6,16.0,0.7,0.6,0.7,64.0,301.0,1259.0,750.0,18.0,1142.5,16.0,0.7,0.5,0.7,65.0,300.0,1260.0,750.0,18.0,1145.0,16.0,0.7,0.5,0.7
1974,2,58.0,-20.0,26.3,27.0,27.25,26.87,23.0,0.57,14.0,0.7,0.5,0.6,25.93,26.8,27.21,26.71,24.0,0.79,14.0,0.7,0.5,0.6,14.76,16.47,17.83,16.3,22.0,1.35,12.0,0.7,0.5,0.6,67.1,75.7,83.6,75.4,22.0,7.8,12.0,0.7,0.6,4.86,6.7,8.58,6.88,24.0,2.16,14.0,0.7,0.5,0.6,-8.26,-6.63,-4.32,-6.3,24.0,2.78,14.0,0.7,0.5,0.6,-0.94,0.0,1.57,0.1,24.0,2.21,14.0,0.7,0.5,0.6,1011.0,1012.35,1014.97,1012.67,24.0,2.28,14.0,0.7,0.5,0.6,2.0,3.0,6.0,3.9,24.0,2.0,14.0,0.7,0.5,0.6,-71.3,-44.5,-19.9,-48.2,24.0,36.5,14.0,0.7,0.5,0.6,-5.1,0.0,8.7,0.8,24.0,15.4,14.0,0.7,0.5,0.6,-0.55,0.2,1.0,0.16,23.0,0.77,14.0,0.7,0.5,0.6,-3.1,1.0,5.9,1.5,23.0,5.7,14.0,0.7,0.5,0.6,5.04,5.53,7.28,5.71,21.0,1.41,12.0,0.7,0.5,0.6,27.6,36.9,51.7,39.4,21.0,13.6,12.0,0.7,0.5,0.6,-219.2,-176.8,-114.6,-167.6,24.0,72.6,14.0,0.7,0.5,0.6,-26.4,0.0,41.3,2.8,24.0,58.2,14.0,0.7,0.5,0.6,-147.4,-108.6,-69.3,-106.9,22.0,44.2,12.0,0.7,0.5,0.6,-9.2,0.0,23.4,-1.5,22.0,37.9,12.0,0.7,0.5,0.6,-49.1,-36.5,-26.1,-37.7,21.0,15.7,12.0,0.7,0.5,0.6,-5.0,0.0,9.4,0.8,21.0,8.8,12.0,0.7,0.5,0.6,115.5,301.0,640.0,426.5,24.0,450.0,14.0,0.7,0.5,0.6,115.0,300.0,640.0,425.0,24.0,450.0,14.0,0.7,0.5,0.6
1974,2,58.0,-19.0,26.06,27.0,28.17,27.1,5.0,1.38,16.0,0.6,0.8,0.2,25.71,26.8,27.0,26.3,7.0,1.1,14.0,0.7,0.6,0.3,15.4,16.45,17.4,16.23,6.0,1.45,14.0,0.7,0.7,0.2,73.3,76.6,79.4,76.4,6.0,3.4,14.0,0.7,0.2,4.67,5.9,8.03,6.15,6.0,2.23,16.0,0.7,0.6,0.3,-7.91,-5.7,-3.5,-5.66,6.0,2.59,16.0,0.7,0.6,0.3,-2.5,0.67,1.76,-0.05,6.0,2.27,16.0,0.7,0.6,0.3,1010.59,1011.3,1014.07,1012.4,6.0,3.03,14.0,0.7,0.7,0.2,2.0,4.0,5.1,3.9,7.0,2.0,14.0,0.7,0.6,0.3,-63.9,-34.1,-17.0,-39.6,6.0,28.8,16.0,0.7,0.6,0.3,-15.6,3.4,11.3,0.0,6.0,13.4,16.0,0.7,0.6,0.3,-0.18,0.0,1.25,0.48,5.0,1.05,16.0,0.6,0.8,0.2,-0.9,0.0,9.2,3.8,5.0,7.8,16.0,0.6,0.8,0.2,4.15,5.64,7.08,5.77,5.0,2.12,16.0,0.6,0.8,0.2,26.0,37.8,51.7,39.7,5.0,19.4,16.0,0.6,0.8,0.2,-211.4,-153.8,-90.7,-151.1,6.0,69.3,16.0,0.7,0.6,0.3,-66.6,17.9,46.8,-1.0,6.0,59.9,16.0,0.7,0.6,0.3,-134.4,-111.2,-76.8,-107.7,5.0,36.2,16.0,0.6,0.8,0.2,-45.3,0.0,23.7,-9.0,5.0,36.6,16.0,0.6,0.8,0.2,-50.9,-35.5,-24.3,-38.0,5.0,20.3,16.0,0.6,0.8,0.2,-12.6,0.0,9.0,-1.2,5.0,11.4,16.0,0.6,0.8,0.2,111.0,216.5,528.5,309.0,6.0,286.0,16.0,0.7,0.6,0.3,110.0,215.0,530.0,310.0,6.0,285.0,16.0,0.7,0.6,0.3
1974,2,58.0,-16.0,26.79,27.0,28.25,27.37,6.0,1.1,12.0,0.7,0.4,0.7,24.9,26.2,28.21,26.48,6.0,1.73,12.0,0.7,0.4,0.7,16.54,17.54,19.32,17.88,5.0,1.46,14.0,0.6,0.3,0.7,75.4,78.6,89.7,81.4,5.0,8.7,14.0,0.6,0.7,4.23,4.6,7.81,5.7,5.0,2.01,10.0,0.6,0.4,0.8,-4.77,-3.12,-0.04,-2.5,5.0,3.47,10.0,0.6,0.4,0.8,-3.34,-1.8,5.39,0.56,5.0,4.94,10.0,0.6,0.4,0.8,1010.07,1011.3,1011.52,1010.53,6.0,1.99,12.0,0.7,0.4,0.7,4.0,6.5,8.0,6.2,6.0,1.8,12.0,0.7,0.4,0.7,-30.5,-11.2,2.8,-14.0,5.0,27.2,10.0,0.6,0.4,0.8,-20.3,-6.5,33.0,4.7,5.0,34.1,10.0,0.6,0.4,0.8,-1.21,1.5,2.56,0.88,6.0,1.97,12.0,0.7,0.4,0.7,-8.1,9.2,15.2,4.3,5.0,14.1,10.0,0.6,0.4,0.8,4.35,4.79,6.04,5.11,5.0,0.96,14.0,0.6,0.3,0.7,21.5,32.8,36.6,29.2,4.0,10.5,12.0,0.5,0.4,0.8,-128.2,-88.1,-2.8,-69.9,5.0,93.6,10.0,0.6,0.4,0.8,-87.8,-52.2,137.2,10.7,5.0,127.1,10.0,0.6,0.4,0.8,-89.1,-45.7,9.9,-39.9,4.0,67.1,12.0,0.5,0.4,0.8,-51.4,23.6,105.8,27.0,4.0,92.4,12.0,0.5,0.4,0.8,-22.4,-11.2,1.9,-10.3,4.0,18.1,12.0,0.5,0.4,0.8,-13.0,10.1,31.2,9.2,4.0,25.8,12.0,0.5,0.4,0.8,79.0,97.5,477.0,242.0,5.0,223.0,10.0,0.6,0.4,0.8,80.0,95.0,475.0,240.0,5.0,225.0,10.0,0.6,0.4,0.8
1974,2,58.0,-15.0,27.48,27.65,27.82,27.65,2.0,0.35,24.0,0.5,0.9,0.5,26.53,26.8,27.07,26.8,2.0,0.57,24.0,0.5,0.9,0.5,16.03,16.42,16.8,16.42,2.0,0.79,24.0,0.5,0.9,0.5,73.9,74.5,75.2,74.5,2.0,1.4,24.0,0.5,0.5,3.6,3.6,3.6,3.6,1.0,0.0,22.0,1.0,0.9,0.5,-3.12,-3.12,-3.12,-3.12,1.0,0.0,22.0,1.0,0.9,0.5,1.8,1.8,1.8,1.8,1.0,0.0,22.0,1.0,0.9,0.5,1008.49,1010.4,1012.31,1010.4,2.0,3.96,24.0,0.5,0.9,0.5,1.6,3.0,4.4,3.0,2.0,2.8,24.0,0.5,0.9,0.5,-11.2,-11.2,-11.2,-11.2,1.0,0.0,22.0,1.0,0.9,0.5,6.5,6.5,6.5,6.5,1.0,0.0,22.0,1.0,0.9,0.5,0.75,0.85,0.95,0.85,2.0,0.21,24.0,0.5,0.9,0.5,2.5,2.5,2.5,2.5,1.0,0.0,22.0,1.0,0.9,0.5,6.63,6.82,7.02,6.82,2.0,0.4,24.0,0.5,0.9,0.5,23.5,23.5,23.5,23.5,1.0,0.0,22.0,1.0,0.9,0.5,-84.8,-84.8,-84.8,-84.8,1.0,0.0,22.0,1.0,0.9,0.5,49.0,49.0,49.0,49.0,1.0,0.0,22.0,1.0,0.9,0.5,-52.9,-52.9,-52.9,-52.9,1.0,0.0,22.0,1.0,0.9,0.5,30.6,30.6,30.6,30.6,1.0,0.0,22.0,1.0,0.9,0.5,-20.4,-20.4,-20.4,-20.4,1.0,0.0,22.0,1.0,0.9,0.5,11.8,11.8,11.8,11.8,1.0,0.0,22.0,1.0,0.9,0.5,46.5,46.5,46.5,46.5,1.0,0.0,22.0,1.0,0.9,0.5,45.0,45.0,45.0,45.0,1.0,0.0,22.0,1.0,0.9,0.5
1974,2,58.0,-14.0,27.0,27.0,27.0,27.0,1.0,0.0,10.0,1.0,0.4,0.9,27.0,27.0,27.0,27.0,1.0,0.0,10.0,1.0,0.4,0.9,18.63,18.63,18.63,18.63,1.0,0.0,10.0,1.0,0.4,0.9,83.7,83.7,83.7,83.7,1.0,0.0,10.0,1.0,0.9,7.7,7.7,7.7,7.7,1.0,0.0,10.0,1.0,0.4,0.9,-5.9,-5.9,-5.9,-5.9,1.0,0.0,10.0,1.0,0.4,0.9,4.95,4.95,4.95,4.95,1.0,0.0,10.0,1.0,0.4,0.9,1012.0,1012.0,1012.0,1012.0,1.0,0.0,10.0,1.0,0.4,0.9,8.0,8.0,8.0,8.0,1.0,0.0,10.0,1.0,0.4,0.9,-45.4,-45.4,-45.4,-45.4,1.0,0.0,10.0,1.0,0.4,0.9,38.1,38.1,38.1,38.1,1.0,0.0,10.0,1.0,0.4,0.9,0.0,0.0,0.0,0.0,1.0,0.0,10.0,1.0,0.4,0.9,0.0,0.0,0.0,0.0,1.0,0.0,10.0,1.0,0.4,0.9,3.69,3.69,3.69,3.69,1.0,0.0,10.0,1.0,0.4,0.9,28.4,28.4,28.4,28.4,1.0,0.0,10.0,1.0,0.4,0.9,-159.3,-159.3,-159.3,-159.3,1.0,0.0,10.0,1.0,0.4,0.9,133.6,133.6,133.6,133.6,1.0,0.0,10.0,1.0,0.4,0.9,-109.9,-109.9,-109.9,-109.9,1.0,0.0,10.0,1.0,0.4,0.9,92.2,92.2,92.2,92.2,1.0,0.0,10.0,1.0,0.4,0.9,-21.8,-21.8,-21.8,-21.8,1.0,0.0,10.0,1.0,0.4,0.9,18.3,18.3,18.3,18.3,1.0,0.0,10.0,1.0,0.4,0.9,456.5,456.5,456.5,456.5,1.0,0.0,10.0,1.0,0.4,0.9,455.0,455.0,455.0,455.0,1.0,0.0,10.0,1.0,0.4,0.9
1974,2,58.0,-13.0,28.3,28.3,28.3,28.3,1.0,0.0,4.0,1.0,0.1,0.6,28.0,28.0,28.0,28.0,1.0,0.0,4.0,1.0,0.1,0.6,19.41,19.41,19.41,19.41,1.0,0.0,4.0,1.0,0.1,0.6,82.3,82.3,82.3,82.3,1.0,0.0,4.0,1.0,0.6,2.76,3.1,3.44,3.1,2.0,0.71,8.0,1.0,0.3,0.4,-2.76,-2.0,-1.24,-2.0,2.0,1.58,8.0,1.0,0.3,0.4,1.9,2.12,2.34,2.12,2.0,0.45,8.0,1.0,0.3,0.4,1011.53,1012.25,1012.97,1012.25,2.0,1.48,8.0,1.0,0.3,0.4,1.8,3.5,5.2,3.5,2.0,3.5,8.0,1.0,0.3,0.4,-9.8,-6.8,-3.7,-6.8,2.0,6.3,8.0,1.0,0.3,0.4,6.4,6.4,6.5,6.4,2.0,0.1,8.0,1.0,0.3,0.4,0.3,0.3,0.3,0.3,1.0,0.0,4.0,1.0,0.1,0.6,1.1,1.1,1.1,1.1,1.0,0.0,4.0,1.0,0.1,0.6,4.67,4.67,4.67,4.67,1.0,0.0,4.0,1.0,0.1,0.6,16.8,16.8,16.8,16.8,1.0,0.0,4.0,1.0,0.1,0.6,-87.3,-87.3,-87.3,-87.3,1.0,0.0,4.0,1.0,0.1,0.6,50.4,50.4,50.4,50.4,1.0,0.0,4.0,1.0,0.1,0.6,-60.5,-60.5,-60.5,-60.5,1.0,0.0,4.0,1.0,0.1,0.6,34.9,34.9,34.9,34.9,1.0,0.0,4.0,1.0,0.1,0.6,-14.5,-14.5,-14.5,-14.5,1.0,0.0,4.0,1.0,0.1,0.6,8.4,8.4,8.4,8.4,1.0,0.0,4.0,1.0,0.1,0.6,22.0,32.0,42.0,32.0,2.0,20.5,8.0,1.0,0.3,0.4,20.0,30.0,40.0,30.0,2.0,20.0,8.0,1.0,0.3,0.4
1974,2,58.0,-11.0,27.5,27.5,27.5,27.5,1.0,0.0,4.0,0.0,0.1,0.3,26.38,27.2,28.02,27.2,2.0,1.7,12.0,0.5,0.5,0.3,19.34,19.34,19.34,19.34,1.0,0.0,4.0,0.0,0.1,0.3,92.0,92.0,92.0,92.0,1.0,0.0,4.0,0.0,0.3,4.01,4.9,5.79,4.9,2.0,1.84,12.0,0.5,0.5,0.3,-2.32,-1.38,-0.44,-1.38,2.0,1.95,12.0,0.5,0.5,0.3,2.93,4.26,5.58,4.26,2.0,2.75,12.0,0.5,0.5,0.3,1011.61,1012.7,1013.79,1012.7,2.0,2.26,12.0,0.5,0.5,0.3,3.8,5.5,7.2,5.5,2.0,3.5,12.0,0.5,0.5,0.3,-8.4,-5.0,-1.6,-5.0,2.0,7.0,12.0,0.5,0.5,0.3,13.1,23.4,33.7,23.4,2.0,21.3,12.0,0.5,0.5,0.3,1.5,1.5,1.5,1.5,1.0,0.0,4.0,0.0,0.1,0.3,5.4,5.4,5.4,5.4,1.0,0.0,4.0,0.0,0.1,0.3,3.68,3.68,3.68,3.68,1.0,0.0,4.0,0.0,0.1,0.3,13.2,13.2,13.2,13.2,1.0,0.0,4.0,0.0,0.1,0.3,-60.3,-35.9,-11.4,-35.9,2.0,50.7,12.0,0.5,0.5,0.3,78.6,118.1,157.7,118.1,2.0,82.0,12.0,0.5,0.5,0.3,-53.3,-53.3,-53.3,-53.3,1.0,0.0,4.0,0.0,0.1,0.3,44.8,44.8,44.8,44.8,1.0,0.0,4.0,0.0,0.1,0.3,-10.1,-10.1,-10.1,-10.1,1.0,0.0,4.0,0.0,0.1,0.3,8.5,8.5,8.5,8.5,1.0,0.0,4.0,0.0,0.1,0.3,77.0,142.5,208.0,142.5,2.0,135.5,12.0,0.5,0.5,0.3,75.0,140.0,210.0,140.0,2.0,135.0,12.0,0.5,0.5,0.3
1974,2,58.0,-10.0,27.05,27.15,27.25,27.15,2.0,0.21,2.0,0.0,0.2,0.6,25.63,25.9,26.17,25.9,2.0,0.57,2.0,0.0,0.2,0.6,18.12,18.37,18.61,18.37,2.0,0.5,2.0,0.0,0.2,0.6,87.8,87.9,88.1,87.9,2.0,0.3,2.0,0.0,0.6,4.17,5.4,6.63,5.4,2.0,2.55,2.0,0.0,0.2,0.6,4.02,4.92,5.82,4.92,2.0,1.86,2.0,0.0,0.2,0.6,-3.03,-1.8,-0.57,-1.8,2.0,2.55,2.0,0.0,0.2,0.6,1010.0,1011.3,1012.6,1011.3,2.0,2.69,2.0,0.0,0.2,0.6,8.0,8.0,8.0,8.0,1.0,0.0,4.0,0.0,0.0,0.3,18.0,28.9,39.8,28.9,2.0,22.6,2.0,0.0,0.2,0.6,-21.8,-13.0,-4.1,-13.0,2.0,18.3,2.0,0.0,0.2,0.6,1.08,1.25,1.42,1.25,2.0,0.35,2.0,0.0,0.2,0.6,4.7,7.2,9.7,7.2,2.0,5.1,2.0,0.0,0.2,0.6,4.04,4.17,4.31,4.17,2.0,0.28,2.0,0.0,0.2,0.6,17.0,22.9,28.7,22.9,2.0,12.1,2.0,0.0,0.2,0.6,104.9,126.8,148.8,126.8,2.0,45.5,2.0,0.0,0.2,0.6,-77.2,-45.9,-14.6,-45.9,2.0,64.9,2.0,0.0,0.2,0.6,74.5,89.8,105.2,89.8,2.0,31.7,2.0,0.0,0.2,0.6,-54.5,-32.4,-10.3,-32.4,2.0,45.8,2.0,0.0,0.2,0.6,16.4,20.8,25.2,20.8,2.0,9.2,2.0,0.0,0.2,0.6,-13.2,-7.9,-2.5,-7.9,2.0,11.1,2.0,0.0,0.2,0.6,98.5,210.0,321.5,210.0,2.0,231.0,2.0,0.0,0.2,0.6,100.0,210.0,320.0,210.0,2.0,230.0,2.0,0.0,0.2,0.6
1974,2,58.0,-9.0,27.0,27.0,27.55,27.27,3.0,0.46,4.0,0.3,0.5,0.7,25.45,26.0,26.14,25.8,3.0,0.53,4.0,0.3,0.5,0.7,17.7,17.82,17.92,17.81,3.0,0.16,4.0,0.3,0.5,0.7,83.5,84.6,88.1,85.8,3.0,3.5,4.0,0.3,0.7,5.27,6.7,6.7,6.0,3.0,1.21,4.0,0.3,0.5,0.7,3.55,3.98,4.2,3.88,3.0,0.49,4.0,0.3,0.5,0.7,-5.59,-5.13,-3.2,-4.41,3.0,1.86,4.0,0.3,0.5,0.7,1008.77,1011.5,1011.84,1010.33,3.0,2.47,4.0,0.3,0.5,0.7,7.3,8.0,8.0,7.7,3.0,0.6,4.0,0.3,0.5,0.7,19.6,22.4,26.8,23.2,3.0,5.3,4.0,0.3,0.5,0.7,-37.5,-34.4,-18.1,-27.9,3.0,15.2,4.0,0.3,0.5,0.7,1.12,1.8,1.8,1.47,3.0,0.58,4.0,0.3,0.5,0.7,6.3,8.3,10.9,8.6,3.0,3.4,4.0,0.3,0.5,0.7,4.46,4.69,5.37,4.91,3.0,0.69,4.0,0.3,0.5,0.7,23.7,31.4,36.0,29.9,3.0,9.1,4.0,0.3,0.5,0.7,91.3,100.4,108.9,100.1,3.0,12.9,4.0,0.3,0.5,0.7,-145.7,-134.5,-82.2,-114.4,3.0,49.6,4.0,0.3,0.5,0.7,63.5,71.6,74.6,69.1,3.0,8.4,4.0,0.3,0.5,0.7,-99.3,-90.6,-56.9,-78.4,3.0,32.8,4.0,0.3,0.5,0.7,17.9,19.1,19.8,18.9,3.0,1.4,4.0,0.3,0.5,0.7,-30.2,-24.1,-14.5,-22.4,3.0,11.6,4.0,0.3,0.5,0.7,162.0,301.0,301.0,233.0,3.0,117.5,4.0,0.3,0.5,0.7,160.0,300.0,300.0,235.0,3.0,115.0,4.0,0.3,0.5,0.7
1974,2,58.0,-8.0,27.0,27.0,27.0,27.0,1.0,0.0,2.0,1.0,0.4,0.4,27.0,27.0,27.0,27.0,1.0,0.0,2.0,1.0,0.4,0.4,19.0,19.0,19.0,19.0,1.0,0.0,2.0,1.0,0.4,0.4,85.2,85.2,85.2,85.2,1.0,0.0,2.0,1.0,0.4,3.6,3.6,3.6,3.6,1.0,0.0,2.0,1.0,0.4,0.4,3.6,3.6,3.6,3.6,1.0,0.0,2.0,1.0,0.4,0.4,0.0,0.0,0.0,0.0,1.0,0.0,2.0,1.0,0.4,0.4,1010.8,1010.8,1010.8,1010.8,1.0,0.0,2.0,1.0,0.4,0.4,7.0,7.0,7.0,7.0,1.0,0.0,2.0,1.0,0.4,0.4,13.0,13.0,13.0,13.0,1.0,0.0,2.0,1.0,0.4,0.4,0.0,0.0,0.0,0.0,1.0,0.0,2.0,1.0,0.4,0.4,0.0,0.0,0.0,0.0,1.0,0.0,2.0,1.0,0.4,0.4,0.0,0.0,0.0,0.0,1.0,0.0,2.0,1.0,0.4,0.4,3.35,3.35,3.35,3.35,1.0,0.0,2.0,1.0,0.4,0.4,12.1,12.1,12.1,12.1,1.0,0.0,2.0,1.0,0.4,0.4,97.2,97.2,97.2,97.2,1.0,0.0,2.0,1.0,0.4,0.4,0.0,0.0,0.0,0.0,1.0,0.0,2.0,1.0,0.4,0.4,68.4,68.4,68.4,68.4,1.0,0.0,2.0,1.0,0.4,0.4,0.0,0.0,0.0,0.0,1.0,0.0,2.0,1.0,0.4,0.4,12.1,12.1,12.1,12.1,1.0,0.0,2.0,1.0,0.4,0.4,0.0,0.0,0.0,0.0,1.0,0.0,2.0,1.0,0.4,0.4,46.5,46.5,46.5,46.5,1.0,0.0,2.0,1.0,0.4,0.4,45.0,45.0,45.0,45.0,1.0,0.0,2.0,1.0,0.4,0.4
1974,2,58.0,-7.0,27.7,27.7,27.7,27.7,1.0,0.0,2.0,1.0,0.4,1.0,27.4,27.4,27.4,27.4,1.0,0.0,2.0,1.0,0.4,1.0,20.49,20.49,20.49,20.49,1.0,0.0,2.0,1.0,0.4,1.0,89.9,89.9,89.9,89.9,1.0,0.0,2.0,1.0,1.0,,,,,,,,,,,,,,,,,,,,,,,,,,,,,,,,,,,,,,,,,,,,,,,,,,,,,,,,,,,,,,,,,,,,,,,,,,,,,,,,,,,,,,,,,,,,,,,,,,,,,,,,,,,,,,,,,,,,,,,,,,,,,,,,,,,,,,,,,,,,,,,,,,,,,,,,,,,,,,,,,,,,,,,,,,,,,,,,,,,,,,,,,,,,,,
1974,2,58.0,-5.0,27.58,27.75,27.92,27.75,2.0,0.35,16.0,0.0,0.2,0.7,26.16,26.5,26.84,26.5,2.0,0.71,16.0,0.0,0.2,0.7,17.8,17.87,17.94,17.87,2.0,0.15,16.0,0.0,0.2,0.7,81.3,82.6,84.0,82.6,2.0,2.7,16.0,0.0,0.7,2.68,2.85,3.02,2.85,2.0,0.35,16.0,0.0,0.2,0.7,-2.36,-1.83,-1.3,-1.83,2.0,1.09,16.0,0.0,0.2,0.7,-2.45,-1.46,-0.46,-1.46,2.0,2.06,16.0,0.0,0.2,0.7,1010.88,1011.05,1011.22,1011.05,2.0,0.35,16.0,0.0,0.2,0.7,2.3,3.0,3.7,3.0,2.0,1.4,16.0,0.0,0.2,0.7,-6.2,-5.0,-3.8,-5.0,2.0,2.5,16.0,0.0,0.2,0.7,-7.6,-4.5,-1.4,-4.5,2.0,6.4,16.0,0.0,0.2,0.7,1.08,1.25,1.42,1.25,2.0,0.35,16.0,0.0,0.2,0.7,3.2,3.5,3.8,3.5,2.0,0.6,16.0,0.0,0.2,0.7,5.33,5.49,5.65,5.49,2.0,0.33,16.0,0.0,0.2,0.7,14.3,15.7,17.1,15.7,2.0,2.9,16.0,0.0,0.2,0.7,-61.4,-48.1,-34.8,-48.1,2.0,27.6,16.0,0.0,0.2,0.7,-66.2,-39.3,-12.5,-39.3,2.0,55.6,16.0,0.0,0.2,0.7,-41.9,-32.6,-23.4,-32.6,2.0,19.2,16.0,0.0,0.2,0.7,-44.1,-26.2,-8.3,-26.2,2.0,37.0,16.0,0.0,0.2,0.7,-12.5,-9.9,-7.3,-9.9,2.0,5.4,16.0,0.0,0.2,0.7,-14.0,-8.3,-2.6,-8.3,2.0,11.8,16.0,0.0,0.2,0.7,19.5,23.5,28.0,23.5,2.0,8.5,16.0,0.0,0.2,0.7,20.0,25.0,30.0,25.0,2.0,10.0,16.0,0.0,0.2,0.7
1974,2,58.0,-4.0,27.42,27.9,27.9,27.67,3.0,0.4,18.0,0.7,0.5,0.7,26.3,27.8,28.62,27.47,3.0,1.72,18.0,0.7,0.5,0.7,17.83,18.57,19.64,18.73,3.0,1.33,18.0,0.7,0.5,0.7,74.9,86.3,89.0,82.1,3.0,11.0,18.0,0.7,0.7,1.85,2.6,4.72,3.27,3.0,2.18,18.0,0.7,0.5,0.7,-1.2,-0.99,0.65,-0.29,3.0,1.48,18.0,0.7,0.5,0.7,-4.55,-2.25,-0.36,-2.45,3.0,3.07,18.0,0.7,0.5,0.7,1008.42,1009.1,1011.69,1010.03,3.0,2.53,18.0,0.7,0.5,0.7,3.3,4.0,4.7,4.0,2.0,1.4,16.0,1.0,0.6,0.9,-4.9,-3.4,0.4,-2.3,3.0,4.0,18.0,0.7,0.5,0.7,-23.7,-5.9,-1.3,-12.4,3.0,17.3,18.0,0.7,0.5,0.7,-0.72,0.1,1.12,0.2,3.0,1.35,18.0,0.7,0.5,0.7,-1.0,0.3,6.3,2.6,3.0,5.7,18.0,0.7,0.5,0.7,3.61,4.08,5.49,4.54,3.0,1.44,18.0,0.7,0.5,0.7,8.9,9.2,18.8,13.8,3.0,8.2,18.0,0.7,0.5,0.7,-32.7,-25.3,19.9,-6.9,3.0,41.7,18.0,0.7,0.5,0.7,-118.0,-62.6,-9.7,-63.8,3.0,79.3,18.0,0.7,0.5,0.7,-23.7,-18.4,11.0,-6.6,3.0,27.4,18.0,0.7,0.5,0.7,-85.6,-45.3,-8.3,-46.9,3.0,56.6,18.0,0.7,0.5,0.7,-4.3,-4.0,4.6,0.1,3.0,7.4,18.0,0.7,0.5,0.7,-18.1,-7.6,-0.3,-9.1,3.0,13.1,18.0,0.7,0.5,0.7,8.0,17.5,132.0,68.5,3.0,101.0,18.0,0.7,0.5,0.7,10.0,20.0,130.0,70.0,3.0,100.0,18.0,0.7,0.5,0.7
1974,2,58.0,-3.0,27.67,28.25,28.83,28.25,2.0,1.2,14.0,0.5,0.1,0.2,27.83,27.9,27.97,27.9,2.0,0.14,14.0,0.5,0.1,0.2,16.66,17.36,18.06,17.36,2.0,1.45,14.0,0.5,0.1,0.2,70.6,74.0,77.3,74.0,2.0,6.9,14.0,0.5,0.2,2.68,2.85,3.02,2.85,2.0,0.35,14.0,0.5,0.1,0.2,-2.36,-1.83,-1.3,-1.83,2.0,1.09,14.0,0.5,0.1,0.2,-2.45,-1.46,-0.46,-1.46,2.0,2.06,14.0,0.5,0.1,0.2,1009.36,1011.0,1012.64,1011.0,2.0,3.39,14.0,0.5,0.1,0.2,2.6,4.0,5.4,4.0,2.0,2.8,14.0,0.5,0.1,0.2,-6.2,-5.0,-3.8,-5.0,2.0,2.5,14.0,0.5,0.1,0.2,-7.6,-4.5,-1.4,-4.5,2.0,6.4,14.0,0.5,0.1,0.2,-0.16,0.35,0.86,0.35,2.0,1.06,14.0,0.5,0.1,0.2,-0.3,1.2,2.7,1.2,2.0,3.1,14.0,0.5,0.1,0.2,5.17,6.74,8.3,6.74,2.0,3.24,14.0,0.5,0.1,0.2,14.2,19.8,25.4,19.8,2.0,11.6,14.0,0.5,0.1,0.2,-65.5,-51.0,-36.4,-51.0,2.0,30.1,14.0,0.5,0.1,0.2,-68.6,-40.8,-12.9,-40.8,2.0,57.7,14.0,0.5,0.1,0.2,-43.0,-32.6,-22.2,-32.6,2.0,21.5,14.0,0.5,0.1,0.2,-40.0,-23.8,-7.6,-23.8,2.0,33.6,14.0,0.5,0.1,0.2,-11.2,-10.6,-9.9,-10.6,2.0,1.4,14.0,0.5,0.1,0.2,-22.1,-13.1,-4.2,-13.1,2.0,18.6,14.0,0.5,0.1,0.2,19.5,23.5,28.0,23.5,2.0,8.5,14.0,0.5,0.1,0.2,20.0,25.0,30.0,25.0,2.0,10.0,14.0,0.5,0.1,0.2
1974,2,58.0,-2.0,27.3,27.3,27.3,27.3,1.0,0.0,2.0,1.0,0.4,0.6,27.9,27.9,27.9,27.9,1.0,0.0,2.0,1.0,0.4,0.6,18.3,18.3,18.3,18.3,1.0,0.0,2.0,1.0,0.4,0.6,77.9,77.9,77.9,77.9,1.0,0.0,2.0,1.0,0.6,1.5,1.5,1.5,1.5,1.0,0.0,2.0,1.0,0.4,0.6,-1.5,-1.5,-1.5,-1.5,1.0,0.0,2.0,1.0,0.4,0.6,0.0,0.0,0.0,0.0,1.0,0.0,2.0,1.0,0.4,0.6,1011.5,1011.5,1011.5,1011.5,1.0,0.0,2.0,1.0,0.4,0.6,2.0,2.0,2.0,2.0,1.0,0.0,2.0,1.0,0.4,0.6,-2.2,-2.2,-2.2,-2.2,1.0,0.0,2.0,1.0,0.4,0.6,0.0,0.0,0.0,0.0,1.0,0.0,2.0,1.0,0.4,0.6,-0.6,-0.6,-0.6,-0.6,1.0,0.0,2.0,1.0,0.4,0.6,-0.9,-0.9,-0.9,-0.9,1.0,0.0,2.0,1.0,0.4,0.6,4.43,4.43,4.43,4.43,1.0,0.0,2.0,1.0,0.4,0.6,6.6,6.6,6.6,6.6,1.0,0.0,2.0,1.0,0.4,0.6,-41.8,-41.8,-41.8,-41.8,1.0,0.0,2.0,1.0,0.4,0.6,0.0,0.0,0.0,0.0,1.0,0.0,2.0,1.0,0.4,0.6,-27.5,-27.5,-27.5,-27.5,1.0,0.0,2.0,1.0,0.4,0.6,0.0,0.0,0.0,0.0,1.0,0.0,2.0,1.0,0.4,0.6,-6.6,-6.6,-6.6,-6.6,1.0,0.0,2.0,1.0,0.4,0.6,0.0,0.0,0.0,0.0,1.0,0.0,2.0,1.0,0.4,0.6,3.5,3.5,3.5,3.5,1.0,0.0,2.0,1.0,0.4,0.6,5.0,5.0,5.0,5.0,1.0,0.0,2.0,1.0,0.4,0.6
1974,2,58.0,-1.0,27.0,27.4,28.17,27.6,5.0,0.75,18.0,0.6,0.5,0.4,26.63,27.0,27.75,27.12,5.0,0.76,18.0,0.6,0.5,0.4,17.05,17.62,17.93,17.49,5.0,0.64,18.0,0.6,0.5,0.4,72.7,79.2,82.7,78.1,5.0,5.5,18.0,0.6,0.4,3.55,5.1,5.81,4.7,5.0,1.38,18.0,0.6,0.5,0.4,-2.15,-1.3,-0.45,-1.32,5.0,1.08,18.0,0.6,0.5,0.4,-5.32,-4.79,-3.39,-4.4,5.0,1.39,18.0,0.6,0.5,0.4,1009.42,1011.3,1012.64,1010.96,5.0,1.98,18.0,0.6,0.5,0.4,1.3,2.0,4.5,2.8,5.0,2.6,18.0,0.6,0.5,0.4,-11.6,-3.4,-1.9,-6.3,5.0,6.4,18.0,0.6,0.5,0.4,-31.0,-24.4,-12.6,-22.2,5.0,11.5,18.0,0.6,0.5,0.4,0.13,0.4,0.87,0.48,5.0,0.41,18.0,0.6,0.5,0.4,0.6,2.1,3.0,1.9,5.0,1.5,18.0,0.6,0.5,0.4,4.42,5.22,7.15,5.68,5.0,1.48,18.0,0.6,0.5,0.4,19.3,23.6,32.8,25.7,5.0,7.3,18.0,0.6,0.5,0.4,-58.7,-36.4,-11.8,-36.0,5.0,29.3,18.0,0.6,0.5,0.4,-143.8,-132.3,-89.7,-119.1,5.0,37.3,18.0,0.6,0.5,0.4,-37.2,-22.6,-8.0,-23.2,5.0,19.4,18.0,0.6,0.5,0.4,-95.6,-78.9,-59.9,-77.1,5.0,24.8,18.0,0.6,0.5,0.4,-11.9,-9.8,-2.1,-7.4,5.0,5.5,18.0,0.6,0.5,0.4,-32.0,-20.4,-18.0,-24.1,5.0,7.6,18.0,0.6,0.5,0.4,50.0,132.5,196.5,124.0,5.0,81.5,18.0,0.6,0.5,0.4,50.0,135.0,195.0,125.0,5.0,80.0,18.0,0.6,0.5,0.4
1974,2,58.0,0.0,27.1,27.15,27.4,27.2,10.0,0.15,14.0,0.1,0.5,0.5,26.2,26.7,27.2,26.74,10.0,0.6,14.0,0.1,0.5,0.5,17.3,17.77,18.35,17.77,10.0,0.6,14.0,0.1,0.5,0.5,79.3,81.2,82.4,81.0,10.0,1.6,14.0,0.1,0.5,3.91,6.1,7.0,5.5,10.0,1.83,14.0,0.1,0.5,0.5,-1.29,0.0,0.0,-0.41,10.0,0.84,14.0,0.1,0.5,0.5,-7.0,-5.95,-3.89,-5.32,10.0,2.14,14.0,0.1,0.5,0.5,1010.54,1011.4,1012.81,1011.56,10.0,1.18,14.0,0.1,0.5,0.5,1.4,2.0,3.0,2.1,10.0,1.0,14.0,0.1,0.5,0.5,-4.5,0.0,0.0,-2.0,10.0,4.5,14.0,0.1,0.5,0.5,-49.0,-36.1,-16.1,-32.8,10.0,16.7,14.0,0.1,0.5,0.5,0.2,0.45,0.9,0.46,10.0,0.62,14.0,0.1,0.5,0.5,1.2,3.2,4.8,2.9,10.0,2.1,14.0,0.1,0.5,0.5,4.39,4.75,5.18,4.83,10.0,0.66,14.0,0.1,0.5,0.5,22.4,28.5,32.3,26.5,10.0,8.4,14.0,0.1,0.5,0.5,-35.3,0.0,0.0,-11.0,10.0,22.5,14.0,0.1,0.5,0.5,-187.0,-159.0,-101.7,-141.9,10.0,57.5,14.0,0.1,0.5,0.5,-23.5,0.0,0.0,-7.4,10.0,14.9,14.0,0.1,0.5,0.5,-124.4,-106.7,-65.6,-94.7,10.0,38.9,14.0,0.1,0.5,0.5,-5.4,0.0,0.0,-1.8,10.0,4.0,14.0,0.1,0.5,0.5,-32.3,-28.3,-22.2,-25.8,10.0,9.7,14.0,0.1,0.5,0.5,70.5,227.0,343.0,209.5,10.0,123.5,14.0,0.1,0.5,0.5,70.0,225.0,345.0,210.0,10.0,125.0,14.0,0.1,0.5,0.5
1974,2,58.0,1.0,27.1,27.2,27.64,27.38,6.0,0.43,12.0,0.7,0.3,0.4,26.24,26.6,27.1,26.67,6.0,0.54,12.0,0.7,0.3,0.4,16.98,17.19,17.4,17.2,5.0,0.35,12.0,0.8,0.2,0.4,77.8,78.7,81.7,79.7,5.0,3.0,12.0,0.8,0.4,4.97,6.0,7.0,5.5,6.0,2.26,12.0,0.7,0.3,0.4,-1.55,-1.01,1.08,-0.72,6.0,1.72,12.0,0.7,0.3,0.4,-6.23,-5.91,-4.72,-5.14,6.0,2.46,12.0,0.7,0.3,0.4,1010.61,1012.4,1012.94,1011.82,6.0,1.53,12.0,0.7,0.3,0.4,4.0,4.0,5.0,4.4,5.0,0.5,14.0,0.8,0.2,0.3,-10.0,-3.6,6.7,-3.9,6.0,11.8,12.0,0.7,0.3,0.4,-43.6,-35.5,-28.2,-32.9,6.0,16.8,12.0,0.7,0.3,0.4,0.36,0.7,0.94,0.72,6.0,0.44,12.0,0.7,0.3,0.4,1.5,3.3,4.8,3.2,6.0,1.6,12.0,0.7,0.3,0.4,5.25,5.37,5.55,5.4,5.0,0.17,12.0,0.8,0.2,0.4,21.9,32.2,35.6,28.3,5.0,13.1,12.0,0.8,0.2,0.4,-41.7,-26.5,28.9,-19.3,6.0,47.0,12.0,0.7,0.3,0.4,-170.7,-157.2,-124.2,-137.9,6.0,66.3,12.0,0.7,0.3,0.4,-17.6,-17.5,19.0,-2.8,5.0,20.3,12.0,0.8,0.2,0.4,-107.5,-101.6,-64.1,-84.7,5.0,46.2,12.0,0.8,0.2,0.4,-5.6,-5.2,6.0,-0.9,5.0,6.4,12.0,0.8,0.2,0.4,-35.0,-31.8,-20.0,-27.0,5.0,14.8,12.0,0.8,0.2,0.4,171.5,216.0,343.0,222.5,6.0,125.0,12.0,0.7,0.3,0.4,170.0,215.0,345.0,225.0,6.0,125.0,12.0,0.7,0.3,0.4
1974,2,58.0,2.0,27.5,27.7,28.31,27.9,3.0,0.62,22.0,0.3,0.5,0.2,26.53,26.8,28.44,27.47,3.0,1.51,22.0,0.3,0.5,0.2,16.27,16.4,16.52,16.4,2.0,0.26,28.0,0.0,0.6,0.3,75.4,75.4,75.4,75.4,2.0,0.0,28.0,0.0,0.3,4.19,4.6,4.94,4.57,3.0,0.55,22.0,0.3,0.5,0.2,-0.55,0.0,0.6,0.03,3.0,0.84,22.0,0.3,0.5,0.2,-4.87,-4.53,-4.17,-4.52,3.0,0.51,22.0,0.3,0.5,0.2,1010.23,1010.5,1011.59,1010.9,3.0,1.06,22.0,0.3,0.5,0.2,2.3,3.0,5.0,3.7,3.0,2.1,22.0,0.3,0.5,0.2,-2.5,0.0,3.1,0.3,3.0,4.1,22.0,0.3,0.5,0.2,-24.1,-20.8,-17.5,-20.8,3.0,4.8,22.0,0.3,0.5,0.2,-0.12,0.9,0.97,0.43,3.0,0.9,22.0,0.3,0.5,0.2,-0.2,4.6,4.6,2.3,3.0,4.0,22.0,0.3,0.5,0.2,6.68,6.69,6.69,6.69,2.0,0.0,28.0,0.0,0.6,0.3,31.3,32.4,33.6,32.4,2.0,2.3,28.0,0.0,0.6,0.3,-14.4,0.0,16.2,0.9,3.0,22.4,22.0,0.3,0.5,0.2,-129.8,-119.6,-117.7,-123.7,3.0,9.6,22.0,0.3,0.5,0.2,-8.6,0.9,10.3,0.9,2.0,19.5,28.0,0.0,0.6,0.3,-81.7,-78.4,-75.0,-78.4,2.0,7.0,28.0,0.0,0.6,0.3,-3.6,0.3,4.1,0.3,2.0,8.0,28.0,0.0,0.6,0.3,-33.1,-31.9,-30.8,-31.9,2.0,2.3,28.0,0.0,0.6,0.3,74.5,97.5,121.5,98.0,3.0,34.5,22.0,0.3,0.5,0.2,75.0,95.0,120.0,100.0,3.0,35.0,22.0,0.3,0.5,0.2
1974,2,58.0,3.0,,,,,,,,,,,,,,,,,,,,,,,,,,,,,,,,,,,,,,,,4.0,4.0,4.0,4.0,2.0,0.0,20.0,0.0,0.5,0.4,-3.38,-2.56,-1.75,-2.56,2.0,1.69,20.0,0.0,0.5,0.4,-3.38,-2.56,-1.75,-2.56,2.0,1.69,20.0,0.0,0.5,0.4,1011.54,1012.5,1013.46,1012.5,2.0,1.98,20.0,0.0,0.5,0.4,,,,,,,,,,,,,,,,,,,,,,,,,,,,,,,,,,,,,,,,,,,,,,,,,,,,,,,,,,,,,,,,,,,,,,,,,,,,,,,,,,,,,,,,,,,,,,,,,,,,,,,,,,,,,,,,,,,,,,,,,,,,,,,,,,,,,,,,,,,,,,,,,,,,,,
1974,2,58.0,4.0,28.6,28.6,28.6,28.6,1.0,0.0,28.0,1.0,0.9,0.1,29.4,29.4,29.4,29.4,1.0,0.0,28.0,1.0,0.9,0.1,17.25,17.25,17.25,17.25,1.0,0.0,28.0,1.0,0.9,0.1,67.2,67.2,67.2,67.2,1.0,0.0,28.0,1.0,0.1,6.2,6.2,6.2,6.2,1.0,0.0,28.0,1.0,0.9,0.1,0.0,0.0,0.0,0.0,1.0,0.0,28.0,1.0,0.9,0.1,-6.2,-6.2,-6.2,-6.2,1.0,0.0,28.0,1.0,0.9,0.1,1009.3,1009.3,1009.3,1009.3,1.0,0.0,28.0,1.0,0.9,0.1,5.0,5.0,5.0,5.0,1.0,0.0,28.0,1.0,0.9,0.1,0.0,0.0,0.0,0.0,1.0,0.0,28.0,1.0,0.9,0.1,-38.4,-38.4,-38.4,-38.4,1.0,0.0,28.0,1.0,0.9,0.1,-0.8,-0.8,-0.8,-0.8,1.0,0.0,28.0,1.0,0.9,0.1,-5.0,-5.0,-5.0,-5.0,1.0,0.0,28.0,1.0,0.9,0.1,7.35,7.35,7.35,7.35,1.0,0.0,28.0,1.0,0.9,0.1,45.6,45.6,45.6,45.6,1.0,0.0,28.0,1.0,0.9,0.1,0.0,0.0,0.0,0.0,1.0,0.0,28.0,1.0,0.9,0.1,-182.3,-182.3,-182.3,-182.3,1.0,0.0,28.0,1.0,0.9,0.1,0.0,0.0,0.0,0.0,1.0,0.0,28.0,1.0,0.9,0.1,-107.0,-107.0,-107.0,-107.0,1.0,0.0,28.0,1.0,0.9,0.1,0.0,0.0,0.0,0.0,1.0,0.0,28.0,1.0,0.9,0.1,-45.6,-45.6,-45.6,-45.6,1.0,0.0,28.0,1.0,0.9,0.1,238.5,238.5,238.5,238.5,1.0,0.0,28.0,1.0,0.9,0.1,240.0,240.0,240.0,240.0,1.0,0.0,28.0,1.0,0.9,0.1
1974,2,58.0,5.0,26.8,26.8,26.8,26.8,1.0,0.0,24.0,0.0,0.7,0.4,26.1,26.1,26.1,26.1,1.0,0.0,24.0,0.0,0.7,0.4,17.45,17.45,17.45,17.45,1.0,0.0,24.0,0.0,0.7,0.4,82.6,82.6,82.6,82.6,1.0,0.0,24.0,0.0,0.4,7.7,7.7,7.7,7.7,1.0,0.0,24.0,0.0,0.7,0.4,-3.85,-3.85,-3.85,-3.85,1.0,0.0,24.0,0.0,0.7,0.4,-6.67,-6.67,-6.67,-6.67,1.0,0.0,24.0,0.0,0.7,0.4,1010.3,1010.3,1010.3,1010.3,1.0,0.0,24.0,0.0,0.7,0.4,1.0,1.0,1.0,1.0,1.0,0.0,24.0,0.0,0.7,0.4,-29.6,-29.6,-29.6,-29.6,1.0,0.0,24.0,0.0,0.7,0.4,-51.3,-51.3,-51.3,-51.3,1.0,0.0,24.0,0.0,0.7,0.4,0.7,0.7,0.7,0.7,1.0,0.0,24.0,0.0,0.7,0.4,5.4,5.4,5.4,5.4,1.0,0.0,24.0,0.0,0.7,0.4,4.64,4.64,4.64,4.64,1.0,0.0,24.0,0.0,0.7,0.4,35.7,35.7,35.7,35.7,1.0,0.0,24.0,0.0,0.7,0.4,-100.5,-100.5,-100.5,-100.5,1.0,0.0,24.0,0.0,0.7,0.4,-174.0,-174.0,-174.0,-174.0,1.0,0.0,24.0,0.0,0.7,0.4,-67.2,-67.2,-67.2,-67.2,1.0,0.0,24.0,0.0,0.7,0.4,-116.4,-116.4,-116.4,-116.4,1.0,0.0,24.0,0.0,0.7,0.4,-17.9,-17.9,-17.9,-17.9,1.0,0.0,24.0,0.0,0.7,0.4,-31.0,-31.0,-31.0,-31.0,1.0,0.0,24.0,0.0,0.7,0.4,456.5,456.5,456.5,456.5,1.0,0.0,24.0,0.0,0.7,0.4,455.0,455.0,455.0,455.0,1.0,0.0,24.0,0.0,0.7,0.4
1974,2,58.0,7.0,26.4,26.4,26.4,26.4,4.0,0.0,24.0,0.5,0.5,0.3,25.2,25.3,25.5,25.35,4.0,0.19,24.0,0.5,0.5,0.3,16.04,16.33,16.37,16.21,4.0,0.27,24.0,0.5,0.5,0.3,79.5,80.5,81.2,80.4,4.0,1.1,24.0,0.5,0.3,7.0,7.0,7.52,7.25,4.0,0.5,24.0,0.5,0.5,0.3,-5.26,-4.82,-4.5,-4.88,4.0,0.44,24.0,0.5,0.5,0.3,-5.76,-5.36,-4.91,-5.34,4.0,0.67,24.0,0.5,0.5,0.3,1011.03,1011.75,1012.52,1011.78,4.0,0.94,24.0,0.5,0.5,0.3,0.0,1.0,2.0,1.0,4.0,1.2,24.0,0.5,0.5,0.3,-39.4,-34.5,-31.5,-35.4,4.0,4.8,24.0,0.5,0.5,0.3,-43.6,-37.5,-34.4,-38.9,4.0,7.3,24.0,0.5,0.5,0.3,0.9,1.1,1.2,1.05,4.0,0.19,24.0,0.5,0.5,0.3,6.7,8.2,8.4,7.6,4.0,1.3,24.0,0.5,0.5,0.3,5.15,5.2,5.52,5.33,4.0,0.29,24.0,0.5,0.5,0.3,36.4,38.5,40.8,38.6,4.0,2.6,24.0,0.5,0.5,0.3,-133.0,-122.9,-114.2,-123.6,4.0,10.9,24.0,0.5,0.5,0.3,-146.9,-136.2,-123.7,-135.4,4.0,17.3,24.0,0.5,0.5,0.3,-84.5,-78.9,-73.5,-79.0,4.0,6.4,24.0,0.5,0.5,0.3,-94.4,-87.6,-78.8,-86.7,4.0,12.0,24.0,0.5,0.5,0.3,-28.8,-25.1,-23.4,-26.0,4.0,3.5,24.0,0.5,0.5,0.3,-30.0,-27.9,-26.7,-28.3,4.0,2.4,24.0,0.5,0.5,0.3,343.0,343.0,431.5,385.5,4.0,84.5,24.0,0.5,0.5,0.3,345.0,345.0,430.0,385.0,4.0,85.0,24.0,0.5,0.5,0.3
1974,2,58.0,8.0,27.2,27.2,27.2,27.2,1.0,0.0,4.0,1.0,0.0,0.5,27.07,27.85,28.63,27.85,2.0,1.63,14.0,0.5,0.4,0.3,18.4,18.4,18.4,18.4,1.0,0.0,4.0,1.0,0.0,0.5,84.1,84.1,84.1,84.1,1.0,0.0,4.0,1.0,0.5,6.6,7.45,8.3,7.45,2.0,1.77,14.0,0.5,0.4,0.3,-5.2,-4.35,-3.5,-4.35,2.0,1.76,14.0,0.5,0.4,0.3,-6.46,-6.02,-5.57,-6.02,2.0,0.92,14.0,0.5,0.4,0.3,1012.5,1012.5,1012.5,1012.5,1.0,0.0,4.0,1.0,0.0,0.5,4.5,5.5,6.5,5.5,2.0,2.1,14.0,0.5,0.4,0.3,-44.0,-33.9,-23.9,-33.9,2.0,20.8,14.0,0.5,0.4,0.3,-54.1,-45.6,-37.2,-45.6,2.0,17.5,14.0,0.5,0.4,0.3,0.5,0.5,0.5,0.5,1.0,0.0,4.0,1.0,0.0,0.5,4.4,4.4,4.4,4.4,1.0,0.0,4.0,1.0,0.0,0.5,4.18,4.18,4.18,4.18,1.0,0.0,4.0,1.0,0.0,0.5,36.4,36.4,36.4,36.4,1.0,0.0,4.0,1.0,0.0,0.5,-139.9,-119.6,-99.3,-119.6,2.0,42.0,14.0,0.5,0.4,0.3,-174.4,-166.8,-159.2,-166.8,2.0,15.7,14.0,0.5,0.4,0.3,-102.9,-102.9,-102.9,-102.9,1.0,0.0,4.0,1.0,0.0,0.5,-122.6,-122.6,-122.6,-122.6,1.0,0.0,4.0,1.0,0.0,0.5,-23.4,-23.4,-23.4,-23.4,1.0,0.0,4.0,1.0,0.0,0.5,-27.9,-27.9,-27.9,-27.9,1.0,0.0,4.0,1.0,0.0,0.5,305.0,448.5,592.0,448.5,2.0,297.0,14.0,0.5,0.4,0.3,305.0,450.0,590.0,450.0,2.0,295.0,14.0,0.5,0.4,0.3
1974,2,58.0,9.0,25.4,25.95,26.76,26.08,4.0,0.81,14.0,0.5,0.3,0.2,25.71,26.0,26.18,25.94,5.0,0.47,14.0,0.4,0.2,0.2,16.53,17.22,17.9,17.22,2.0,1.42,12.0,1.0,0.3,0.2,78.4,80.9,83.4,80.9,2.0,5.3,12.0,1.0,0.2,5.67,6.7,7.43,6.64,5.0,1.33,14.0,0.4,0.2,0.2,-5.8,-5.59,-4.5,-5.13,5.0,1.07,14.0,0.4,0.2,0.2,-4.91,-3.35,-3.22,-4.05,5.0,1.49,14.0,0.4,0.2,0.2,1009.8,1011.2,1014.68,1012.16,5.0,2.79,14.0,0.4,0.2,0.2,1.9,4.0,4.4,3.2,5.0,1.9,14.0,0.4,0.2,0.2,-42.4,-38.9,-25.9,-34.9,5.0,11.9,14.0,0.4,0.2,0.2,-35.4,-22.4,-19.2,-28.2,5.0,16.8,14.0,0.4,0.2,0.2,-0.6,-0.3,0.94,0.15,4.0,1.14,14.0,0.5,0.3,0.2,-4.0,-2.0,5.7,0.7,4.0,7.0,14.0,0.5,0.3,0.2,3.48,3.73,3.99,3.73,2.0,0.53,12.0,1.0,0.3,0.2,27.8,28.4,28.9,28.4,2.0,1.2,12.0,1.0,0.3,0.2,-150.9,-148.2,-114.2,-133.2,5.0,28.1,14.0,0.4,0.2,0.2,-129.0,-87.1,-82.9,-105.6,5.0,40.8,14.0,0.4,0.2,0.2,-100.6,-98.0,-95.3,-98.0,2.0,5.5,12.0,1.0,0.3,0.2,-110.8,-87.9,-65.0,-87.9,2.0,47.4,12.0,1.0,0.3,0.2,-23.0,-21.3,-19.6,-21.3,2.0,3.6,12.0,1.0,0.3,0.2,-21.0,-18.1,-15.1,-18.1,2.0,6.1,12.0,1.0,0.3,0.2,185.5,301.0,431.5,321.5,5.0,201.0,14.0,0.4,0.2,0.2,185.0,300.0,430.0,320.0,5.0,200.0,14.0,0.4,0.2,0.2
1974,2,58.0,10.0,24.65,25.2,25.47,25.07,3.0,0.61,18.0,0.3,0.3,0.5,24.53,24.95,25.63,25.08,4.0,0.83,20.0,0.3,0.3,0.5,14.0,15.3,16.19,15.1,3.0,1.61,22.0,0.3,0.3,0.4,73.5,78.0,78.1,75.8,3.0,3.9,22.0,0.3,0.4,7.18,7.7,7.96,7.58,4.0,0.63,20.0,0.3,0.3,0.5,-6.3,-5.52,-4.59,-5.45,4.0,1.1,20.0,0.3,0.3,0.5,-6.08,-4.63,-4.07,-5.05,4.0,1.44,20.0,0.3,0.3,0.5,1011.52,1012.85,1014.65,1013.08,4.0,2.05,20.0,0.3,0.3,0.5,1.5,2.0,2.5,2.0,4.0,0.8,20.0,0.3,0.3,0.5,-48.5,-39.9,-34.0,-41.2,4.0,8.7,20.0,0.3,0.3,0.5,-48.7,-33.9,-29.2,-38.7,4.0,13.7,20.0,0.3,0.3,0.5,-0.87,-0.6,0.29,-0.3,3.0,0.89,18.0,0.3,0.3,0.5,-6.7,-4.6,1.7,-2.5,3.0,6.5,18.0,0.3,0.3,0.5,3.74,4.34,4.94,4.34,2.0,1.25,24.0,0.5,0.3,0.3,27.9,30.8,33.7,30.8,2.0,5.9,24.0,0.5,0.3,0.3,-161.7,-137.6,-112.8,-137.3,4.0,31.9,20.0,0.3,0.3,0.5,-148.9,-115.5,-103.9,-125.9,4.0,32.1,20.0,0.3,0.3,0.5,-100.5,-78.5,-62.4,-81.4,3.0,28.0,22.0,0.3,0.3,0.4,-85.9,-65.9,-64.5,-75.0,3.0,17.5,22.0,0.3,0.3,0.4,-26.2,-24.9,-23.6,-24.9,2.0,2.7,24.0,0.5,0.3,0.3,-21.0,-17.9,-14.8,-17.9,2.0,6.5,24.0,0.5,0.3,0.3,375.0,456.5,506.0,441.5,4.0,104.0,20.0,0.3,0.3,0.5,375.0,455.0,505.0,440.0,4.0,105.0,20.0,0.3,0.3,0.5
1974,2,58.0,12.0,25.6,25.8,26.48,26.03,3.0,0.68,12.0,0.3,0.5,0.4,24.25,25.0,27.12,25.67,3.0,2.18,12.0,0.3,0.5,0.4,13.93,14.39,14.85,14.39,2.0,0.95,8.0,0.0,0.7,0.3,74.8,75.5,76.2,75.5,2.0,1.4,8.0,0.0,0.3,2.49,5.7,7.07,4.8,3.0,3.44,12.0,0.3,0.5,0.4,-4.54,-3.66,-0.93,-2.76,3.0,2.76,12.0,0.3,0.5,0.4,-5.41,-4.37,-0.74,-3.11,3.0,3.59,12.0,0.3,0.5,0.4,1013.3,1014.8,1015.35,1014.33,3.0,1.55,12.0,0.3,0.5,0.4,2.3,3.0,3.0,2.7,3.0,0.6,12.0,0.3,0.5,0.4,-32.6,-20.9,-6.4,-19.6,3.0,19.3,12.0,0.3,0.5,0.4,-38.9,-24.9,-7.3,-23.1,3.0,23.2,12.0,0.3,0.5,0.4,-0.63,0.8,1.35,0.37,3.0,1.5,12.0,0.3,0.5,0.4,1.1,6.2,8.2,4.7,3.0,5.4,12.0,0.3,0.5,0.4,5.8,6.13,6.47,6.13,2.0,0.7,8.0,0.0,0.7,0.3,38.7,40.6,42.5,40.6,2.0,4.0,8.0,0.0,0.7,0.3,-112.3,-87.6,-21.2,-67.2,3.0,69.0,12.0,0.3,0.5,0.4,-133.8,-104.4,-15.1,-75.1,3.0,90.5,12.0,0.3,0.5,0.4,-70.7,-62.4,-54.1,-62.4,2.0,17.2,8.0,0.0,0.7,0.3,-84.2,-74.4,-64.5,-74.4,2.0,20.4,8.0,0.0,0.7,0.3,-27.3,-26.1,-24.8,-26.1,2.0,2.6,8.0,0.0,0.7,0.3,-32.6,-31.1,-29.6,-31.1,2.0,3.1,8.0,0.0,0.7,0.3,59.5,185.0,370.5,214.0,3.0,229.0,12.0,0.3,0.5,0.4,60.0,185.0,370.0,215.0,3.0,230.0,12.0,0.3,0.5,0.4
1974,2,58.0,15.0,25.06,26.25,27.44,26.25,2.0,2.47,24.0,0.0,0.7,0.6,22.32,23.0,23.68,23.0,2.0,1.41,24.0,0.0,0.7,0.6,12.63,12.69,12.76,12.69,2.0,0.13,24.0,0.0,0.7,0.6,70.4,73.1,75.8,73.1,2.0,5.6,24.0,0.0,0.6,6.28,6.45,6.62,6.45,2.0,0.35,24.0,0.0,0.7,0.6,-3.31,-3.22,-3.14,-3.22,2.0,0.18,24.0,0.0,0.7,0.6,-5.73,-5.59,-5.44,-5.59,2.0,0.31,24.0,0.0,0.7,0.6,1016.22,1016.9,1017.58,1016.9,2.0,1.41,24.0,0.0,0.7,0.6,0.3,1.0,1.7,1.0,2.0,1.4,24.0,0.0,0.7,0.6,-21.9,-20.8,-19.7,-20.8,2.0,2.3,24.0,0.0,0.7,0.6,-38.0,-36.1,-34.2,-36.1,2.0,3.9,24.0,0.0,0.7,0.6,2.74,3.25,3.76,3.25,2.0,1.06,24.0,0.0,0.7,0.6,18.0,20.8,23.5,20.8,2.0,5.7,24.0,0.0,0.7,0.6,7.18,8.65,10.12,8.65,2.0,3.05,24.0,0.0,0.7,0.6,47.2,55.3,63.3,55.3,2.0,16.6,24.0,0.0,0.7,0.6,-74.3,-74.0,-73.8,-74.0,2.0,0.5,24.0,0.0,0.7,0.6,-128.7,-128.3,-127.8,-128.3,2.0,0.9,24.0,0.0,0.7,0.6,-41.8,-40.9,-40.0,-40.9,2.0,1.8,24.0,0.0,0.7,0.6,-72.4,-70.9,-69.4,-70.9,2.0,3.2,24.0,0.0,0.7,0.6,-31.6,-27.6,-23.6,-27.6,2.0,8.3,24.0,0.0,0.7,0.6,-54.8,-47.9,-40.9,-47.9,2.0,14.4,24.0,0.0,0.7,0.6,248.0,269.5,291.0,269.5,2.0,44.0,24.0,0.0,0.7,0.6,250.0,270.0,290.0,270.0,2.0,45.0,24.0,0.0,0.7,0.6
1974,2,58.0,16.0,23.7,24.35,25.0,24.35,2.0,1.34,24.0,0.5,0.0,0.5,23.11,23.55,23.99,23.55,2.0,0.92,24.0,0.5,0.0,0.5,10.78,11.61,12.44,11.61,2.0,1.72,24.0,0.5,0.0,0.5,61.5,64.3,67.0,64.3,2.0,5.7,24.0,0.5,0.5,7.78,7.95,8.12,7.95,2.0,0.35,24.0,0.5,0.0,0.5,-6.76,-6.03,-5.29,-6.03,2.0,1.52,24.0,0.5,0.0,0.5,-5.61,-5.0,-4.39,-5.0,2.0,1.27,24.0,0.5,0.0,0.5,1013.34,1015.15,1016.96,1015.15,2.0,3.75,24.0,0.5,0.0,0.5,1.2,1.5,1.8,1.5,2.0,0.7,24.0,0.5,0.0,0.5,-55.0,-48.2,-41.3,-48.2,2.0,14.2,24.0,0.5,0.0,0.5,-43.5,-39.5,-35.5,-39.5,2.0,8.3,24.0,0.5,0.0,0.5,-0.29,0.8,1.89,0.8,2.0,2.26,24.0,0.5,0.0,0.5,-2.1,6.8,15.6,6.8,2.0,18.3,24.0,0.5,0.0,0.5,5.84,7.39,8.93,7.39,2.0,3.2,24.0,0.5,0.0,0.5,45.8,59.3,72.8,59.3,2.0,28.0,24.0,0.5,0.0,0.5,-155.8,-141.2,-126.6,-141.2,2.0,30.3,24.0,0.5,0.0,0.5,-135.0,-118.3,-101.6,-118.3,2.0,34.5,24.0,0.5,0.0,0.5,-72.2,-68.6,-65.1,-68.6,2.0,7.3,24.0,0.5,0.0,0.5,-70.4,-59.1,-47.9,-59.1,2.0,23.4,24.0,0.5,0.0,0.5,-61.7,-46.9,-32.2,-46.9,2.0,30.5,24.0,0.5,0.0,0.5,-38.1,-34.9,-31.7,-34.9,2.0,6.6,24.0,0.5,0.0,0.5,471.5,504.0,536.5,504.0,2.0,67.0,24.0,0.5,0.0,0.5,470.0,505.0,535.0,505.0,2.0,65.0,24.0,0.5,0.0,0.5
1974,2,58.0,17.0,24.63,25.0,25.52,25.08,4.0,0.7,14.0,0.5,0.2,0.5,23.04,24.15,25.05,24.05,4.0,1.17,14.0,0.5,0.2,0.5,13.13,13.88,14.11,13.62,3.0,0.75,18.0,0.7,0.1,0.4,70.9,71.5,73.4,72.2,3.0,1.9,18.0,0.7,0.4,4.08,5.15,7.43,5.73,4.0,2.35,14.0,0.5,0.2,0.5,-6.04,-2.67,-1.75,-3.84,4.0,3.17,14.0,0.5,0.2,0.5,-4.86,-3.7,-2.11,-3.5,4.0,1.77,14.0,0.5,0.2,0.5,1013.12,1016.3,1018.33,1015.75,4.0,3.9,14.0,0.5,0.2,0.5,0.0,1.0,3.0,1.5,4.0,1.9,14.0,0.5,0.2,0.5,-45.7,-11.6,-9.1,-26.7,4.0,33.0,14.0,0.5,0.2,0.5,-29.2,-23.8,-11.8,-20.6,4.0,11.7,14.0,0.5,0.2,0.5,-0.05,0.75,2.13,1.03,4.0,1.34,14.0,0.5,0.2,0.5,-0.2,3.5,16.0,7.7,4.0,11.6,14.0,0.5,0.2,0.5,5.68,5.84,6.02,5.85,3.0,0.25,18.0,0.7,0.1,0.4,22.7,28.1,31.6,27.2,3.0,6.6,18.0,0.7,0.1,0.4,-143.7,-66.8,-42.0,-91.6,4.0,73.3,14.0,0.5,0.2,0.5,-117.1,-85.1,-50.3,-83.8,4.0,43.5,14.0,0.5,0.2,0.5,-41.4,-27.1,-22.3,-31.8,3.0,14.6,18.0,0.7,0.1,0.4,-68.3,-55.2,-29.5,-49.0,3.0,28.9,18.0,0.7,0.1,0.4,-16.6,-11.4,-10.2,-13.3,3.0,5.0,18.0,0.7,0.1,0.4,-29.7,-26.4,-13.1,-21.5,3.0,12.9,18.0,0.7,0.1,0.4,71.0,141.5,470.0,264.5,4.0,315.0,14.0,0.5,0.2,0.5,70.0,140.0,470.0,265.0,4.0,315.0,14.0,0.5,0.2,0.5
1974,2,58.0,18.0,23.34,24.0,25.17,24.08,29.0,1.07,16.0,0.4,0.3,0.4,21.0,22.5,24.03,22.65,32.0,1.65,16.0,0.4,0.3,0.5,10.8,12.38,13.24,12.14,23.0,1.3,16.0,0.4,0.3,0.5,65.5,70.4,77.8,71.3,23.0,7.6,16.0,0.4,0.5,2.6,5.1,8.2,5.22,31.0,2.84,16.0,0.4,0.3,0.5,-5.49,-2.44,-0.26,-2.66,31.0,3.4,16.0,0.4,0.3,0.5,-5.42,-2.55,0.19,-2.85,31.0,3.0,16.0,0.4,0.3,0.5,1013.5,1016.7,1018.25,1016.32,31.0,2.6,16.0,0.4,0.3,0.5,0.0,2.0,5.1,2.7,32.0,2.3,16.0,0.4,0.3,0.5,-39.9,-9.9,-0.3,-17.4,31.0,29.3,16.0,0.4,0.3,0.5,-43.7,-13.0,0.6,-21.1,31.0,28.8,16.0,0.4,0.3,0.5,0.0,1.2,3.0,1.32,29.0,1.75,16.0,0.4,0.3,0.4,0.0,4.6,17.6,7.4,28.0,12.8,16.0,0.4,0.3,0.4,4.6,5.91,8.09,6.21,20.0,1.85,16.0,0.4,0.3,0.5,14.6,22.9,50.0,32.3,19.0,25.3,16.0,0.4,0.3,0.5,-126.1,-56.2,-6.4,-61.5,31.0,76.2,16.0,0.4,0.3,0.5,-119.2,-55.5,4.3,-63.1,31.0,65.0,16.0,0.4,0.3,0.5,-70.1,-34.4,-8.0,-36.6,22.0,38.0,16.0,0.4,0.3,0.5,-56.7,-28.0,6.2,-27.7,22.0,29.8,16.0,0.4,0.3,0.5,-32.1,-14.8,-4.1,-20.2,19.0,25.0,16.0,0.4,0.3,0.5,-41.5,-8.5,3.8,-16.6,19.0,19.8,16.0,0.4,0.3,0.5,17.5,132.5,551.5,274.0,31.0,387.5,16.0,0.4,0.3,0.5,20.0,135.0,550.0,275.0,31.0,390.0,16.0,0.4,0.3,0.5
1974,2,58.0,19.0,22.8,23.75,24.21,23.56,32.0,0.83,14.0,0.5,0.5,0.3,21.09,22.8,24.02,22.83,32.0,1.77,14.0,0.5,0.5,0.3,10.28,12.01,13.89,11.85,22.0,2.24,14.0,0.5,0.5,0.3,58.0,70.7,81.2,69.2,22.0,10.4,14.0,0.5,0.3,2.6,5.1,7.17,5.04,31.0,2.32,14.0,0.5,0.5,0.4,-5.24,-2.05,0.0,-2.56,31.0,2.9,14.0,0.5,0.5,0.4,-5.01,-3.14,1.75,-2.25,31.0,3.35,14.0,0.5,0.5,0.4,1014.28,1016.0,1017.65,1015.88,31.0,2.67,14.0,0.5,0.5,0.3,0.0,1.0,3.2,1.5,31.0,2.0,14.0,0.5,0.5,0.4,-31.4,-8.9,0.0,-15.5,31.0,23.7,14.0,0.5,0.5,0.4,-34.9,-12.9,4.5,-15.9,31.0,25.8,14.0,0.5,0.5,0.4,-0.32,0.8,2.71,0.73,32.0,1.91,14.0,0.5,0.5,0.3,-2.1,2.3,14.9,4.5,31.0,13.0,14.0,0.5,0.5,0.4,4.72,6.01,7.79,6.23,22.0,1.98,14.0,0.5,0.5,0.3,13.4,26.0,46.8,32.7,22.0,25.0,14.0,0.5,0.5,0.3,-118.3,-49.3,0.0,-59.1,31.0,66.3,14.0,0.5,0.5,0.4,-115.0,-69.2,39.7,-51.0,31.0,74.6,14.0,0.5,0.5,0.4,-60.6,-27.5,-3.8,-31.0,22.0,29.6,14.0,0.5,0.5,0.3,-64.5,-29.4,18.2,-23.7,22.0,38.0,14.0,0.5,0.5,0.3,-30.2,-11.5,-1.4,-13.9,22.0,19.0,14.0,0.5,0.5,0.3,-29.8,-11.5,7.7,-16.4,22.0,30.0,14.0,0.5,0.5,0.3,17.5,132.5,370.0,214.5,31.0,291.0,14.0,0.5,0.5,0.4,20.0,135.0,370.0,215.0,31.0,290.0,14.0,0.5,0.5,0.4
1974,2,58.0,20.0,22.85,23.8,24.58,23.8,5.0,1.16,12.0,0.2,0.8,0.0,21.18,22.5,23.17,22.22,5.0,1.43,12.0,0.2,0.8,0.0,11.75,12.23,13.38,12.55,3.0,1.23,14.0,0.3,0.8,0.0,66.9,68.4,77.1,71.9,3.0,8.1,14.0,0.3,0.0,4.0,5.05,5.94,4.98,4.0,1.47,12.0,0.3,0.8,0.0,-3.68,-1.81,-0.5,-2.08,4.0,2.04,12.0,0.3,0.8,0.0,-3.13,0.6,4.9,0.87,4.0,4.93,12.0,0.3,0.8,0.0,1014.97,1017.2,1019.11,1017.14,5.0,2.78,12.0,0.2,0.8,0.0,0.0,1.0,3.4,1.6,5.0,1.8,12.0,0.2,0.8,0.0,-18.5,-8.1,-1.6,-9.9,4.0,10.6,12.0,0.3,0.8,0.0,-15.9,0.2,27.8,5.7,4.0,29.1,12.0,0.3,0.8,0.0,0.73,1.6,2.46,1.58,5.0,1.07,12.0,0.2,0.8,0.0,3.7,7.8,11.5,7.6,4.0,5.8,12.0,0.3,0.8,0.0,4.79,5.48,7.35,6.05,3.0,1.94,14.0,0.3,0.8,0.0,21.1,29.9,38.1,29.6,3.0,12.5,14.0,0.3,0.8,0.0,-78.6,-42.5,-11.4,-44.9,4.0,41.5,12.0,0.3,0.8,0.0,-71.9,15.6,110.9,19.3,4.0,113.1,12.0,0.3,0.8,0.0,-25.2,-12.2,-3.9,-14.5,3.0,15.7,14.0,0.3,0.8,0.0,-26.2,33.6,74.3,24.2,3.0,74.0,14.0,0.3,0.8,0.0,-16.1,-5.8,-1.8,-8.9,3.0,10.8,14.0,0.3,0.8,0.0,-19.7,16.0,25.5,3.2,3.0,34.9,14.0,0.3,0.8,0.0,75.0,129.0,220.5,147.0,4.0,112.5,12.0,0.3,0.8,0.0,75.0,130.0,220.0,145.0,4.0,115.0,12.0,0.3,0.8,0.0
1974,2,58.0,21.0,22.73,23.0,24.37,23.53,3.0,1.29,14.0,1.0,0.6,0.5,22.66,23.0,23.2,22.93,3.0,0.4,14.0,1.0,0.6,0.5,12.39,12.39,12.39,12.39,1.0,0.0,16.0,1.0,0.7,0.3,73.4,73.4,73.4,73.4,1.0,0.0,16.0,1.0,0.3,2.29,7.2,7.88,5.13,3.0,4.47,14.0,1.0,0.6,0.5,-3.76,0.0,1.91,-0.9,3.0,4.23,14.0,1.0,0.6,0.5,-6.73,-4.63,-1.47,-4.11,3.0,3.88,14.0,1.0,0.6,0.5,1015.33,1015.6,1018.13,1016.7,3.0,2.26,14.0,1.0,0.6,0.5,0.3,1.0,2.4,1.3,3.0,1.5,14.0,1.0,0.6,0.5,-27.1,0.0,15.7,-5.6,3.0,31.7,14.0,1.0,0.6,0.5,-53.7,-33.3,-10.6,-32.2,3.0,31.6,14.0,1.0,0.6,0.5,0.03,0.1,1.19,0.6,3.0,0.95,14.0,1.0,0.6,0.5,0.0,0.0,9.5,4.6,3.0,8.0,14.0,1.0,0.6,0.5,4.65,4.65,4.65,4.65,1.0,0.0,16.0,1.0,0.7,0.3,0.0,0.0,0.0,0.0,1.0,0.0,16.0,1.0,0.7,0.3,-86.6,0.0,44.6,-20.5,3.0,97.7,14.0,1.0,0.6,0.5,-156.3,-106.4,-33.8,-95.3,3.0,90.3,14.0,1.0,0.6,0.5,0.0,0.0,0.0,0.0,1.0,0.0,16.0,1.0,0.7,0.3,0.0,0.0,0.0,0.0,1.0,0.0,16.0,1.0,0.7,0.3,0.0,0.0,0.0,0.0,1.0,0.0,16.0,1.0,0.7,0.3,0.0,0.0,0.0,0.0,1.0,0.0,16.0,1.0,0.7,0.3,118.5,373.0,495.0,308.0,3.0,281.5,14.0,1.0,0.6,0.5,120.0,375.0,495.0,310.0,3.0,280.0,14.0,1.0,0.6,0.5
1974,2,58.0,23.0,21.84,22.3,23.09,22.57,10.0,0.81,16.0,0.3,0.7,0.8,20.0,20.8,21.91,20.83,10.0,1.05,16.0,0.3,0.7,0.8,7.79,11.19,12.88,10.75,9.0,2.4,16.0,0.3,0.7,0.8,54.0,76.7,79.7,70.0,9.0,13.1,16.0,0.3,0.8,0.21,2.85,5.44,3.4,10.0,3.29,16.0,0.3,0.7,0.8,-1.44,-0.66,2.23,0.67,10.0,3.9,16.0,0.3,0.7,0.8,-2.84,-0.91,1.7,-0.86,10.0,2.67,16.0,0.3,0.7,0.8,1013.43,1015.2,1018.8,1015.71,10.0,2.56,16.0,0.3,0.7,0.8,0.0,1.0,5.0,2.3,10.0,2.8,16.0,0.3,0.7,0.8,-5.3,-1.2,11.4,10.8,10.0,37.4,16.0,0.3,0.7,0.8,-18.7,-1.9,4.8,-5.7,10.0,13.6,16.0,0.3,0.7,0.8,0.39,1.65,3.16,1.74,10.0,1.44,16.0,0.3,0.7,0.8,0.0,2.2,10.4,4.8,10.0,5.3,16.0,0.3,0.7,0.8,4.1,5.55,8.56,6.05,9.0,2.23,16.0,0.3,0.7,0.8,0.7,11.7,46.1,25.2,9.0,31.8,16.0,0.3,0.7,0.8,-31.0,-13.2,44.7,13.1,10.0,81.4,16.0,0.3,0.7,0.8,-57.3,-18.9,37.2,-16.3,10.0,55.7,16.0,0.3,0.7,0.8,-18.6,-3.9,21.5,3.2,9.0,33.2,16.0,0.3,0.7,0.8,-23.5,0.0,28.1,-2.7,9.0,28.3,16.0,0.3,0.7,0.8,-7.5,-1.6,24.8,10.8,9.0,33.9,16.0,0.3,0.7,0.8,-25.3,0.0,5.8,-8.7,9.0,18.9,16.0,0.3,0.7,0.8,0.0,23.5,162.5,170.5,10.0,388.0,16.0,0.3,0.7,0.8,0.0,25.0,165.0,170.0,10.0,390.0,16.0,0.3,0.7,0.8
1974,2,58.0,24.0,21.26,22.2,24.09,22.64,36.0,1.37,14.0,0.7,0.4,0.4,19.97,21.95,23.33,21.65,38.0,1.73,14.0,0.7,0.4,0.4,7.77,9.66,12.88,10.27,26.0,2.58,14.0,0.8,0.5,0.4,52.8,59.3,81.0,63.9,26.0,13.3,14.0,0.8,0.4,2.38,5.1,8.2,5.54,36.0,2.95,14.0,0.6,0.5,0.4,-5.89,-1.93,4.21,-0.88,36.0,4.75,14.0,0.6,0.5,0.4,-5.23,-1.36,2.17,-1.55,36.0,3.81,14.0,0.6,0.5,0.4,1015.11,1017.55,1023.0,1018.21,38.0,3.73,14.0,0.7,0.4,0.4,0.0,2.0,5.0,2.7,37.0,2.5,14.0,0.7,0.4,0.4,-37.2,-4.1,27.7,-2.3,36.0,42.6,14.0,0.6,0.5,0.4,-36.4,-4.2,8.4,-11.6,36.0,33.4,14.0,0.6,0.5,0.4,-0.54,0.75,2.83,0.94,36.0,1.55,14.0,0.7,0.4,0.4,-2.3,3.4,14.1,5.3,34.0,9.1,12.0,0.6,0.5,0.4,3.59,6.56,8.54,6.55,24.0,2.95,14.0,0.8,0.5,0.4,11.8,37.1,62.9,36.9,22.0,23.4,12.0,0.8,0.5,0.4,-136.0,-40.2,88.1,-19.9,36.0,102.3,14.0,0.6,0.5,0.4,-113.8,-29.2,48.2,-31.7,36.0,82.8,14.0,0.6,0.5,0.4,-62.7,-17.5,33.9,-12.3,24.0,45.7,14.0,0.8,0.5,0.4,-46.1,-15.8,20.2,-11.3,24.0,38.5,14.0,0.8,0.5,0.4,-34.7,-10.8,34.6,-4.0,22.0,33.1,12.0,0.8,0.5,0.4,-42.7,-8.0,5.4,-15.0,22.0,25.1,12.0,0.8,0.5,0.4,14.0,132.5,551.5,322.0,36.0,496.0,14.0,0.6,0.5,0.4,15.0,135.0,550.0,320.0,36.0,495.0,14.0,0.6,0.5,0.4
1974,2,58.0,25.0,21.81,22.8,23.3,22.35,13.0,1.21,14.0,0.5,0.3,0.2,18.76,21.2,26.02,21.96,13.0,3.07,14.0,0.5,0.3,0.2,7.14,10.75,11.99,9.79,5.0,2.69,12.0,0.4,0.2,0.1,56.4,73.2,76.9,67.7,5.0,12.9,12.0,0.4,0.1,3.81,5.0,7.1,5.1,13.0,2.3,14.0,0.5,0.3,0.2,-5.72,-4.0,0.08,-2.72,13.0,3.62,14.0,0.5,0.3,0.2,-1.38,0.0,5.25,0.86,13.0,3.4,14.0,0.5,0.3,0.2,1015.13,1017.0,1019.87,1017.45,13.0,2.8,14.0,0.5,0.3,0.2,0.0,4.0,4.2,3.0,13.0,2.2,14.0,0.5,0.3,0.2,-36.2,-16.2,0.4,-15.2,13.0,24.9,14.0,0.5,0.3,0.2,-9.0,0.0,41.2,7.5,13.0,23.2,14.0,0.5,0.3,0.2,-3.28,1.0,3.18,0.38,13.0,3.12,14.0,0.5,0.3,0.2,-16.0,2.4,13.5,1.8,13.0,15.5,14.0,0.5,0.3,0.2,4.8,6.7,10.54,7.53,5.0,3.04,12.0,0.4,0.2,0.1,29.7,40.2,53.0,41.9,5.0,14.7,12.0,0.4,0.2,0.1,-115.6,-80.8,2.3,-59.3,13.0,79.7,14.0,0.5,0.3,0.2,-28.3,0.0,119.7,18.1,13.0,77.7,14.0,0.5,0.3,0.2,-49.9,-36.3,-28.1,-39.3,5.0,13.9,12.0,0.4,0.2,0.1,-8.2,7.7,75.4,27.5,5.0,45.9,12.0,0.4,0.2,0.1,-46.2,-27.1,-20.3,-32.7,5.0,20.0,12.0,0.4,0.2,0.1,-10.9,4.8,29.7,7.0,5.0,24.8,12.0,0.4,0.2,0.1,58.5,125.0,359.0,199.5,13.0,179.5,14.0,0.5,0.3,0.2,60.0,125.0,360.0,200.0,13.0,180.0,14.0,0.5,0.3,0.2
1974,2,59.0,-66.0,,,,,,,,,,,,,,,,,,,,,,,,,,,,,,,,,,,,,,,,7.7,7.7,7.7,7.7,1.0,0.0,26.0,1.0,0.0,0.8,1.34,1.34,1.34,1.34,1.0,0.0,26.0,1.0,0.0,0.8,-7.58,-7.58,-7.58,-7.58,1.0,0.0,26.0,1.0,0.0,0.8,982.0,982.0,982.0,982.0,1.0,0.0,26.0,1.0,0.0,0.8,,,,,,,,,,,,,,,,,,,,,,,,,,,,,,,,,,,,,,,,,,,,,,,,,,,,,,,,,,,,,,,,,,,,,,,,,,,,,,,,,,,,,,,,,,,,,,,,,,,,,,,,,,,,,,,,,,,,,,,,,,,,,,,,,,,,,,,,,,,,,,,,,,,,,,
1974,2,59.0,-63.0,1.0,1.0,1.0,1.0,1.0,0.0,26.0,1.0,0.5,0.1,1.3,1.3,1.3,1.3,1.0,0.0,26.0,1.0,0.5,0.1,4.33,4.33,4.33,4.33,1.0,0.0,26.0,1.0,0.5,0.1,100.0,100.0,100.0,100.0,1.0,0.0,26.0,1.0,0.1,,,,,,,,,,,,,,,,,,,,,,,,,,,,,,,,,,,,,,,,,,,,,,,,,,,,,,,,,,,,,,,,,,,,,,,,,,,,,,,,,,,,,,,,,,,,,,,,,,,,,,,,,,,,,,,,,,,,,,,,,,,,,,,,,,,,,,,,,,,,,,,,,,,,,,,,,,,,,,,,,,,,,,,,,,,,,,,,,,,,,,,,,,,,,,
1974,2,59.0,-49.0,6.4,6.4,6.4,6.4,1.0,0.0,2.0,1.0,0.7,1.0,8.2,8.2,8.2,8.2,1.0,0.0,2.0,1.0,0.7,1.0,6.66,6.66,6.66,6.66,1.0,0.0,2.0,1.0,0.7,1.0,97.3,97.3,97.3,97.3,1.0,0.0,2.0,1.0,1.0,10.3,10.3,10.3,10.3,1.0,0.0,2.0,1.0,0.7,1.0,7.89,7.89,7.89,7.89,1.0,0.0,2.0,1.0,0.7,1.0,-6.62,-6.62,-6.62,-6.62,1.0,0.0,2.0,1.0,0.7,1.0,997.0,997.0,997.0,997.0,1.0,0.0,2.0,1.0,0.7,1.0,8.0,8.0,8.0,8.0,1.0,0.0,2.0,1.0,0.7,1.0,81.3,81.3,81.3,81.3,1.0,0.0,2.0,1.0,0.7,1.0,-68.2,-68.2,-68.2,-68.2,1.0,0.0,2.0,1.0,0.7,1.0,-1.8,-1.8,-1.8,-1.8,1.0,0.0,2.0,1.0,0.7,1.0,-18.5,-18.5,-18.5,-18.5,1.0,0.0,2.0,1.0,0.7,1.0,-0.61,-0.61,-0.61,-0.61,1.0,0.0,2.0,1.0,0.7,1.0,-6.3,-6.3,-6.3,-6.3,1.0,0.0,2.0,1.0,0.7,1.0,64.7,64.7,64.7,64.7,1.0,0.0,2.0,1.0,0.7,1.0,-54.3,-54.3,-54.3,-54.3,1.0,0.0,2.0,1.0,0.7,1.0,52.5,52.5,52.5,52.5,1.0,0.0,2.0,1.0,0.7,1.0,-44.1,-44.1,-44.1,-44.1,1.0,0.0,2.0,1.0,0.7,1.0,-4.8,-4.8,-4.8,-4.8,1.0,0.0,2.0,1.0,0.7,1.0,4.0,4.0,4.0,4.0,1.0,0.0,2.0,1.0,0.7,1.0,1092.5,1092.5,1092.5,1092.5,1.0,0.0,2.0,1.0,0.7,1.0,1095.0,1095.0,1095.0,1095.0,1.0,0.0,2.0,1.0,0.7,1.0
1974,2,59.0,-46.0,10.6,11.9,13.2,11.9,2.0,2.69,8.0,0.5,0.4,0.8,10.71,12.25,13.79,12.25,2.0,3.18,8.0,0.5,0.4,0.8,6.06,6.06,6.06,6.06,1.0,0.0,16.0,0.0,0.1,0.7,80.5,80.5,80.5,80.5,1.0,0.0,16.0,0.0,0.7,7.2,7.2,7.2,7.2,1.0,0.0,16.0,0.0,0.1,0.7,-7.2,-7.2,-7.2,-7.2,1.0,0.0,16.0,0.0,0.1,0.7,0.0,0.0,0.0,0.0,1.0,0.0,16.0,0.0,0.1,0.7,1022.07,1022.45,1022.83,1022.45,2.0,0.78,8.0,0.5,0.4,0.8,2.0,2.0,2.0,2.0,1.0,0.0,16.0,0.0,0.1,0.7,-51.8,-51.8,-51.8,-51.8,1.0,0.0,16.0,0.0,0.1,0.7,0.0,0.0,0.0,0.0,1.0,0.0,16.0,0.0,0.1,0.7,-0.59,-0.35,-0.11,-0.35,2.0,0.49,8.0,0.5,0.4,0.8,0.0,0.0,0.0,0.0,1.0,0.0,16.0,0.0,0.1,0.7,1.48,1.48,1.48,1.48,1.0,0.0,16.0,0.0,0.1,0.7,10.6,10.6,10.6,10.6,1.0,0.0,16.0,0.0,0.1,0.7,-72.0,-72.0,-72.0,-72.0,1.0,0.0,16.0,0.0,0.1,0.7,0.0,0.0,0.0,0.0,1.0,0.0,16.0,0.0,0.1,0.7,-43.6,-43.6,-43.6,-43.6,1.0,0.0,16.0,0.0,0.1,0.7,0.0,0.0,0.0,0.0,1.0,0.0,16.0,0.0,0.1,0.7,-10.6,-10.6,-10.6,-10.6,1.0,0.0,16.0,0.0,0.1,0.7,0.0,0.0,0.0,0.0,1.0,0.0,16.0,0.0,0.1,0.7,373.0,373.0,373.0,373.0,1.0,0.0,16.0,0.0,0.1,0.7,375.0,375.0,375.0,375.0,1.0,0.0,16.0,0.0,0.1,0.7
1974,2,59.0,-45.0,,,,,,,,,,,,,,,,,,,,,,,,,,,,,,,,,,,,,,,,6.7,6.7,6.7,6.7,1.0,0.0,4.0,1.0,0.4,0.8,6.21,6.21,6.21,6.21,1.0,0.0,4.0,1.0,0.4,0.8,2.51,2.51,2.51,2.51,1.0,0.0,4.0,1.0,0.4,0.8,1023.8,1023.8,1023.8,1023.8,1.0,0.0,4.0,1.0,0.4,0.8,,,,,,,,,,,,,,,,,,,,,,,,,,,,,,,,,,,,,,,,,,,,,,,,,,,,,,,,,,,,,,,,,,,,,,,,,,,,,,,,,,,,,,,,,,,,,,,,,,,,,,,,,,,,,,,,,,,,,,,,,,,,,,,,,,,,,,,,,,,,,,,,,,,,,,
1974,2,59.0,-43.0,16.0,16.0,16.0,16.0,1.0,0.0,12.0,1.0,0.3,0.9,18.0,18.0,18.0,18.0,1.0,0.0,12.0,1.0,0.3,0.9,9.63,9.63,9.63,9.63,1.0,0.0,12.0,1.0,0.3,0.9,75.5,75.5,75.5,75.5,1.0,0.0,12.0,1.0,0.9,6.7,6.7,6.7,6.7,1.0,0.0,12.0,1.0,0.3,0.9,6.6,6.6,6.6,6.6,1.0,0.0,12.0,1.0,0.3,0.9,1.16,1.16,1.16,1.16,1.0,0.0,12.0,1.0,0.3,0.9,1015.8,1015.8,1015.8,1015.8,1.0,0.0,12.0,1.0,0.3,0.9,4.0,4.0,4.0,4.0,1.0,0.0,12.0,1.0,0.3,0.9,44.2,44.2,44.2,44.2,1.0,0.0,12.0,1.0,0.3,0.9,7.8,7.8,7.8,7.8,1.0,0.0,12.0,1.0,0.3,0.9,-2.0,-2.0,-2.0,-2.0,1.0,0.0,12.0,1.0,0.3,0.9,-13.4,-13.4,-13.4,-13.4,1.0,0.0,12.0,1.0,0.3,0.9,1.62,1.62,1.62,1.62,1.0,0.0,12.0,1.0,0.3,0.9,10.9,10.9,10.9,10.9,1.0,0.0,12.0,1.0,0.3,0.9,118.8,118.8,118.8,118.8,1.0,0.0,12.0,1.0,0.3,0.9,20.9,20.9,20.9,20.9,1.0,0.0,12.0,1.0,0.3,0.9,63.5,63.5,63.5,63.5,1.0,0.0,12.0,1.0,0.3,0.9,11.2,11.2,11.2,11.2,1.0,0.0,12.0,1.0,0.3,0.9,10.7,10.7,10.7,10.7,1.0,0.0,12.0,1.0,0.3,0.9,1.9,1.9,1.9,1.9,1.0,0.0,12.0,1.0,0.3,0.9,301.0,301.0,301.0,301.0,1.0,0.0,12.0,1.0,0.3,0.9,300.0,300.0,300.0,300.0,1.0,0.0,12.0,1.0,0.3,0.9
1974,2,59.0,-40.0,16.32,17.0,17.68,17.0,2.0,1.41,10.0,1.0,0.8,0.4,19.02,20.15,21.28,20.15,2.0,2.33,10.0,1.0,0.8,0.4,13.08,14.02,14.97,14.02,2.0,1.95,10.0,1.0,0.8,0.4,95.5,96.1,96.6,96.1,2.0,1.2,10.0,1.0,0.4,2.92,3.6,4.28,3.6,2.0,1.41,10.0,1.0,0.8,0.4,-1.55,-0.6,0.36,-0.6,2.0,1.97,10.0,1.0,0.8,0.4,-4.08,-3.1,-2.12,-3.1,2.0,2.02,10.0,1.0,0.8,0.4,1019.22,1022.5,1025.78,1022.5,2.0,6.79,10.0,1.0,0.8,0.4,7.0,7.0,7.0,7.0,1.0,0.0,16.0,1.0,0.8,0.4,-3.8,-0.8,2.3,-0.8,2.0,6.3,10.0,1.0,0.8,0.4,-18.2,-12.6,-7.0,-12.6,2.0,11.7,10.0,1.0,0.8,0.4,-3.59,-3.15,-2.71,-3.15,2.0,0.92,10.0,1.0,0.8,0.4,-11.2,-10.7,-10.1,-10.7,2.0,1.1,10.0,1.0,0.8,0.4,-2.46,-2.08,-1.7,-2.08,2.0,0.8,10.0,1.0,0.8,0.4,-7.0,-6.9,-6.9,-6.9,2.0,0.1,10.0,1.0,0.8,0.4,-34.2,-14.3,5.5,-14.3,2.0,41.2,10.0,1.0,0.8,0.4,-76.3,-60.1,-44.0,-60.1,2.0,33.5,10.0,1.0,0.8,0.4,-24.2,-10.3,3.6,-10.3,2.0,28.8,10.0,1.0,0.8,0.4,-52.3,-41.5,-30.8,-41.5,2.0,22.3,10.0,1.0,0.8,0.4,-0.2,2.0,4.2,2.0,2.0,4.6,10.0,1.0,0.8,0.4,4.8,5.6,6.5,5.6,2.0,1.7,10.0,1.0,0.8,0.4,30.0,57.5,84.5,57.5,2.0,56.5,10.0,1.0,0.8,0.4,30.0,55.0,85.0,55.0,2.0,55.0,10.0,1.0,0.8,0.4
1974,2,59.0,-38.0,,,,,,,,,,,,,,,,,,,,,,,,,,,,,,,,,,,,,,,,6.0,6.0,6.0,6.0,1.0,0.0,20.0,0.0,0.1,0.8,5.64,5.64,5.64,5.64,1.0,0.0,20.0,0.0,0.1,0.8,-2.05,-2.05,-2.05,-2.05,1.0,0.0,20.0,0.0,0.1,0.8,1013.7,1013.7,1013.7,1013.7,1.0,0.0,20.0,0.0,0.1,0.8,,,,,,,,,,,,,,,,,,,,,,,,,,,,,,,,,,,,,,,,,,,,,,,,,,,,,,,,,,,,,,,,,,,,,,,,,,,,,,,,,,,,,,,,,,,,,,,,,,,,,,,,,,,,,,,,,,,,,,,,,,,,,,,,,,,,,,,,,,,,,,,,,,,,,,
1974,2,59.0,-34.0,24.0,24.0,24.0,24.0,2.0,0.0,10.0,0.5,0.6,0.6,23.82,24.5,25.18,24.5,2.0,1.41,10.0,0.5,0.6,0.6,12.35,12.63,12.91,12.63,2.0,0.58,10.0,0.5,0.6,0.6,65.5,66.9,68.4,66.9,2.0,3.0,10.0,0.5,0.6,5.7,5.7,5.7,5.7,2.0,0.0,10.0,0.5,0.6,0.6,-5.49,-5.03,-4.58,-5.03,2.0,0.94,10.0,0.5,0.6,0.6,-3.08,-1.83,-0.58,-1.83,2.0,2.59,10.0,0.5,0.6,0.6,1023.27,1026.0,1028.73,1026.0,2.0,5.66,10.0,0.5,0.6,0.6,2.6,4.0,5.4,4.0,2.0,2.8,10.0,0.5,0.6,0.6,-31.3,-28.7,-26.1,-28.7,2.0,5.4,10.0,0.5,0.6,0.6,-17.6,-10.4,-3.3,-10.4,2.0,14.8,10.0,0.5,0.6,0.6,-1.18,-0.5,0.18,-0.5,2.0,1.41,10.0,0.5,0.6,0.6,-6.7,-2.8,1.0,-2.8,2.0,8.1,10.0,0.5,0.6,0.6,5.52,5.75,5.98,5.75,2.0,0.48,10.0,0.5,0.6,0.6,31.5,32.8,34.1,32.8,2.0,2.7,10.0,0.5,0.6,0.6,-130.4,-122.6,-114.9,-122.6,2.0,16.0,10.0,0.5,0.6,0.6,-78.6,-46.7,-14.8,-46.7,2.0,66.1,10.0,0.5,0.6,0.6,-67.6,-63.3,-58.9,-63.3,2.0,9.0,10.0,0.5,0.6,0.6,-40.2,-23.9,-7.6,-23.9,2.0,33.8,10.0,0.5,0.6,0.6,-32.9,-29.2,-25.4,-29.2,2.0,7.8,10.0,0.5,0.6,0.6,-16.7,-9.9,-3.1,-9.9,2.0,14.0,10.0,0.5,0.6,0.6,185.0,185.0,185.0,185.0,2.0,0.0,10.0,0.5,0.6,0.6,185.0,185.0,185.0,185.0,2.0,0.0,10.0,0.5,0.6,0.6
1974,2,59.0,-33.0,20.0,20.0,20.0,20.0,1.0,0.0,24.0,0.0,0.5,0.7,20.9,20.9,20.9,20.9,1.0,0.0,24.0,0.0,0.5,0.7,11.46,11.46,11.46,11.46,1.0,0.0,24.0,0.0,0.5,0.7,75.4,75.4,75.4,75.4,1.0,0.0,24.0,0.0,0.7,8.2,8.2,8.2,8.2,1.0,0.0,24.0,0.0,0.5,0.7,-7.1,-7.1,-7.1,-7.1,1.0,0.0,24.0,0.0,0.5,0.7,4.1,4.1,4.1,4.1,1.0,0.0,24.0,0.0,0.5,0.7,1023.8,1023.8,1023.8,1023.8,1.0,0.0,24.0,0.0,0.5,0.7,8.0,8.0,8.0,8.0,1.0,0.0,24.0,0.0,0.5,0.7,-58.2,-58.2,-58.2,-58.2,1.0,0.0,24.0,0.0,0.5,0.7,33.6,33.6,33.6,33.6,1.0,0.0,24.0,0.0,0.5,0.7,-0.9,-0.9,-0.9,-0.9,1.0,0.0,24.0,0.0,0.5,0.7,-7.4,-7.4,-7.4,-7.4,1.0,0.0,24.0,0.0,0.5,0.7,2.93,2.93,2.93,2.93,1.0,0.0,24.0,0.0,0.5,0.7,24.1,24.1,24.1,24.1,1.0,0.0,24.0,0.0,0.5,0.7,-148.4,-148.4,-148.4,-148.4,1.0,0.0,24.0,0.0,0.5,0.7,85.7,85.7,85.7,85.7,1.0,0.0,24.0,0.0,0.5,0.7,-81.4,-81.4,-81.4,-81.4,1.0,0.0,24.0,0.0,0.5,0.7,47.0,47.0,47.0,47.0,1.0,0.0,24.0,0.0,0.5,0.7,-20.8,-20.8,-20.8,-20.8,1.0,0.0,24.0,0.0,0.5,0.7,12.0,12.0,12.0,12.0,1.0,0.0,24.0,0.0,0.5,0.7,551.5,551.5,551.5,551.5,1.0,0.0,24.0,0.0,0.5,0.7,550.0,550.0,550.0,550.0,1.0,0.0,24.0,0.0,0.5,0.7
1974,2,59.0,-32.0,24.13,24.2,24.27,24.2,2.0,0.14,14.0,0.5,0.8,0.5,23.91,24.35,24.79,24.35,2.0,0.92,14.0,0.5,0.8,0.5,14.36,15.31,16.27,15.31,2.0,1.98,14.0,0.5,0.8,0.5,74.8,81.7,88.6,81.7,2.0,14.4,14.0,0.5,0.5,4.5,6.45,8.4,6.45,2.0,4.03,14.0,0.5,0.8,0.5,-7.63,-4.03,-0.44,-4.03,2.0,7.45,14.0,0.5,0.8,0.5,-2.85,-1.69,-0.54,-1.69,2.0,2.39,14.0,0.5,0.8,0.5,1018.24,1021.35,1024.46,1021.35,2.0,6.43,14.0,0.5,0.8,0.5,2.3,3.0,3.7,3.0,2.0,1.4,14.0,0.5,0.8,0.5,-72.1,-41.0,-10.0,-41.0,2.0,64.3,14.0,0.5,0.8,0.5,-10.2,-6.1,-1.9,-6.1,2.0,8.6,14.0,0.5,0.8,0.5,-0.53,-0.15,0.23,-0.15,2.0,0.78,14.0,0.5,0.8,0.5,-5.2,-2.5,0.2,-2.5,2.0,5.6,14.0,0.5,0.8,0.5,2.4,3.37,4.35,3.37,2.0,2.02,14.0,0.5,0.8,0.5,13.0,25.8,38.7,25.8,2.0,26.6,14.0,0.5,0.8,0.5,-191.0,-101.7,-12.3,-101.7,2.0,185.0,14.0,0.5,0.8,0.5,-67.5,-40.1,-12.7,-40.1,2.0,56.7,14.0,0.5,0.8,0.5,-105.6,-54.4,-3.2,-54.4,2.0,106.1,14.0,0.5,0.8,0.5,-47.6,-28.3,-9.0,-28.3,2.0,40.0,14.0,0.5,0.8,0.5,-37.2,-21.1,-5.1,-21.1,2.0,33.2,14.0,0.5,0.8,0.5,-5.5,-3.3,-1.0,-3.3,2.0,4.7,14.0,0.5,0.8,0.5,167.0,425.5,684.0,425.5,2.0,536.0,14.0,0.5,0.8,0.5,165.0,425.0,685.0,425.0,2.0,535.0,14.0,0.5,0.8,0.5
1974,2,59.0,-31.0,24.94,25.25,25.56,25.25,2.0,0.64,12.0,0.5,0.5,0.9,24.57,24.95,25.33,24.95,2.0,0.78,12.0,0.5,0.5,0.9,14.81,15.42,16.03,15.42,2.0,1.27,12.0,0.5,0.5,0.9,77.5,78.7,79.9,78.7,2.0,2.5,12.0,0.5,0.9,9.62,10.3,10.98,10.3,2.0,1.41,12.0,0.5,0.5,0.9,-9.67,-7.63,-5.6,-7.63,2.0,4.22,12.0,0.5,0.5,0.9,-7.39,-5.96,-4.53,-5.96,2.0,2.96,12.0,0.5,0.5,0.9,1016.69,1018.4,1020.11,1018.4,2.0,3.54,12.0,0.5,0.5,0.9,5.5,6.5,7.5,6.5,2.0,2.1,12.0,0.5,0.5,0.9,-107.8,-81.6,-55.4,-81.6,2.0,54.3,12.0,0.5,0.5,0.9,-69.9,-59.3,-48.6,-59.3,2.0,22.1,12.0,0.5,0.5,0.9,-0.38,0.3,0.98,0.3,2.0,1.41,12.0,0.5,0.5,0.9,-3.1,4.1,11.3,4.1,2.0,15.0,12.0,0.5,0.5,0.9,3.61,4.55,5.5,4.55,2.0,1.97,12.0,0.5,0.5,0.9,35.4,48.3,61.2,48.3,2.0,26.7,12.0,0.5,0.5,0.9,-236.8,-188.8,-140.9,-188.8,2.0,99.4,12.0,0.5,0.5,0.9,-187.8,-149.8,-111.9,-149.8,2.0,78.5,12.0,0.5,0.5,0.9,-141.8,-115.0,-88.3,-115.0,2.0,55.4,12.0,0.5,0.5,0.9,-119.5,-93.8,-68.1,-93.8,2.0,53.3,12.0,0.5,0.5,0.9,-55.5,-38.9,-22.4,-38.9,2.0,34.2,12.0,0.5,0.5,0.9,-25.1,-24.2,-23.4,-24.2,2.0,1.8,12.0,0.5,0.5,0.9,905.5,1123.5,1341.5,1123.5,2.0,451.5,12.0,0.5,0.5,0.9,905.0,1125.0,1340.0,1125.0,2.0,450.0,12.0,0.5,0.5,0.9
1974,2,59.0,-30.0,23.82,24.3,24.78,24.3,2.0,0.99,22.0,0.0,0.1,0.6,23.95,24.05,24.15,24.05,2.0,0.21,22.0,0.0,0.1,0.6,13.22,13.83,14.44,13.83,2.0,1.26,22.0,0.0,0.1,0.6,71.7,74.4,77.1,74.4,2.0,5.6,22.0,0.0,0.6,5.59,6.65,7.71,6.65,2.0,2.19,22.0,0.0,0.1,0.6,-5.8,-4.78,-3.75,-4.78,2.0,2.12,22.0,0.0,0.1,0.6,-3.81,-0.68,2.45,-0.68,2.0,6.49,22.0,0.0,0.1,0.6,1014.06,1015.05,1016.04,1015.05,2.0,2.05,22.0,0.0,0.1,0.6,2.8,4.5,6.2,4.5,2.0,3.5,22.0,0.0,0.1,0.6,-46.0,-34.1,-22.2,-34.1,2.0,24.6,22.0,0.0,0.1,0.6,-33.2,-11.6,9.9,-11.6,2.0,44.7,22.0,0.0,0.1,0.6,-0.33,0.25,0.83,0.25,2.0,1.2,22.0,0.0,0.1,0.6,-3.2,0.3,3.9,0.3,2.0,7.4,22.0,0.0,0.1,0.6,3.96,5.1,6.24,5.1,2.0,2.35,22.0,0.0,0.1,0.6,29.2,31.3,33.5,31.3,2.0,4.5,22.0,0.0,0.1,0.6,-140.3,-115.2,-90.0,-115.2,2.0,52.1,22.0,0.0,0.1,0.6,-92.5,-17.1,58.3,-17.1,2.0,156.2,22.0,0.0,0.1,0.6,-84.5,-67.4,-50.4,-67.4,2.0,35.4,22.0,0.0,0.1,0.6,-57.2,-13.5,30.2,-13.5,2.0,90.6,22.0,0.0,0.1,0.6,-22.1,-21.9,-21.7,-21.9,2.0,0.4,22.0,0.0,0.1,0.6,-11.0,4.2,19.4,4.2,2.0,31.5,22.0,0.0,0.1,0.6,199.0,342.0,485.0,342.0,2.0,296.0,22.0,0.0,0.1,0.6,200.0,340.0,485.0,340.0,2.0,295.0,22.0,0.0,0.1,0.6
1974,2,59.0,-29.0,24.19,24.6,25.01,24.6,2.0,0.85,12.0,0.0,0.4,0.5,23.77,24.35,24.93,24.35,2.0,1.2,12.0,0.0,0.4,0.5,13.45,13.51,13.57,13.51,2.0,0.13,12.0,0.0,0.4,0.5,69.9,71.9,74.0,71.9,2.0,4.2,12.0,0.0,0.5,7.86,8.2,8.54,8.2,2.0,0.71,12.0,0.0,0.4,0.5,-7.44,-7.12,-6.81,-7.12,2.0,0.65,12.0,0.0,0.4,0.5,2.01,3.46,4.92,3.46,2.0,3.01,12.0,0.0,0.4,0.5,1019.07,1020.95,1022.83,1020.95,2.0,3.89,12.0,0.0,0.4,0.5,4.6,6.0,7.4,6.0,2.0,2.8,12.0,0.0,0.4,0.5,-58.3,-58.2,-58.0,-58.2,2.0,0.3,12.0,0.0,0.4,0.5,16.4,29.5,42.6,29.5,2.0,27.1,12.0,0.0,0.4,0.5,0.08,0.25,0.42,0.25,2.0,0.35,12.0,0.0,0.4,0.5,0.7,2.2,3.7,2.2,2.0,3.1,12.0,0.0,0.4,0.5,5.27,5.65,6.03,5.65,2.0,0.78,12.0,0.0,0.4,0.5,44.9,46.1,47.2,46.1,2.0,2.4,12.0,0.0,0.4,0.5,-185.6,-173.9,-162.1,-173.9,2.0,24.4,12.0,0.0,0.4,0.5,49.2,82.6,115.9,82.6,2.0,69.1,12.0,0.0,0.4,0.5,-101.0,-96.3,-91.6,-96.3,2.0,9.7,12.0,0.0,0.4,0.5,27.2,46.6,66.0,46.6,2.0,40.2,12.0,0.0,0.4,0.5,-45.0,-40.5,-36.1,-40.5,2.0,9.2,12.0,0.0,0.4,0.5,11.5,18.4,25.3,18.4,2.0,14.3,12.0,0.0,0.4,0.5,488.5,557.5,626.5,557.5,2.0,143.0,12.0,0.0,0.4,0.5,490.0,560.0,625.0,560.0,2.0,145.0,12.0,0.0,0.4,0.5
1974,2,59.0,-26.0,25.25,25.8,26.35,25.8,2.0,1.13,22.0,0.5,0.7,0.8,24.07,24.65,25.23,24.65,2.0,1.2,22.0,0.5,0.7,0.8,15.67,16.11,16.56,16.11,2.0,0.93,22.0,0.5,0.7,0.8,78.6,83.7,88.9,83.7,2.0,10.7,22.0,0.5,0.8,3.52,4.55,9.66,6.5,4.0,5.0,18.0,0.8,0.4,0.9,-9.19,-4.24,-3.17,-6.09,4.0,4.73,18.0,0.8,0.4,0.9,-0.12,1.46,3.47,1.66,4.0,2.42,18.0,0.8,0.4,0.9,1012.78,1013.3,1013.88,1013.33,4.0,0.86,18.0,0.8,0.4,0.9,4.5,6.0,7.5,6.0,4.0,1.8,18.0,0.8,0.4,0.9,-106.8,-19.6,-11.4,-57.3,4.0,83.1,18.0,0.8,0.4,0.9,0.5,6.4,38.6,18.9,4.0,31.8,18.0,0.8,0.4,0.9,0.02,1.15,2.28,1.15,2.0,2.33,22.0,0.5,0.7,0.8,4.5,18.4,32.4,18.4,2.0,29.0,22.0,0.5,0.7,0.8,4.4,4.64,4.88,4.64,2.0,0.5,22.0,0.5,0.7,0.8,25.8,43.5,61.2,43.5,2.0,36.7,22.0,0.5,0.7,0.8,-275.9,-200.7,-125.5,-200.7,2.0,155.8,22.0,0.5,0.7,0.8,61.9,82.7,103.5,82.7,2.0,43.0,22.0,0.5,0.7,0.8,-193.0,-137.0,-80.9,-137.0,2.0,116.1,22.0,0.5,0.7,0.8,39.3,55.7,72.1,55.7,2.0,34.0,22.0,0.5,0.7,0.8,-57.3,-40.3,-23.2,-40.3,2.0,35.4,22.0,0.5,0.7,0.8,11.2,16.3,21.4,16.3,2.0,10.6,22.0,0.5,0.7,0.8,47.0,97.0,1466.5,726.5,4.0,1306.5,18.0,0.8,0.4,0.9,45.0,95.0,1465.0,725.0,4.0,1305.0,18.0,0.8,0.4,0.9
1974,2,59.0,-25.0,26.52,26.55,26.58,26.55,2.0,0.07,12.0,1.0,0.2,0.7,22.09,23.35,24.61,23.35,2.0,2.62,12.0,1.0,0.2,0.7,15.25,15.34,15.43,15.34,2.0,0.19,12.0,1.0,0.2,0.7,80.4,86.4,92.4,86.4,2.0,12.5,12.0,1.0,0.7,8.69,9.75,10.81,9.75,2.0,2.19,12.0,1.0,0.2,0.7,-8.58,-8.43,-8.27,-8.43,2.0,0.32,12.0,1.0,0.2,0.7,1.15,3.63,6.11,3.63,2.0,5.14,12.0,1.0,0.2,0.7,1012.25,1012.8,1013.35,1012.8,2.0,1.13,12.0,1.0,0.2,0.7,3.0,3.0,3.0,3.0,1.0,0.0,24.0,1.0,0.2,0.6,-93.0,-82.5,-72.1,-82.5,2.0,21.6,12.0,1.0,0.2,0.7,13.0,41.0,69.1,41.0,2.0,58.0,12.0,1.0,0.2,0.7,1.97,3.2,4.43,3.2,2.0,2.55,12.0,1.0,0.2,0.7,18.6,34.0,49.4,34.0,2.0,31.8,12.0,1.0,0.2,0.7,6.32,6.37,6.43,6.37,2.0,0.12,12.0,1.0,0.2,0.7,55.0,62.3,69.6,62.3,2.0,15.1,12.0,1.0,0.2,0.7,-203.4,-196.4,-189.4,-196.4,2.0,14.5,12.0,1.0,0.2,0.7,24.8,78.1,131.4,78.1,2.0,110.4,12.0,1.0,0.2,0.7,-130.9,-129.2,-127.6,-129.2,2.0,3.4,12.0,1.0,0.2,0.7,17.5,55.2,92.9,55.2,2.0,78.1,12.0,1.0,0.2,0.7,-55.2,-53.7,-52.3,-53.7,2.0,3.0,12.0,1.0,0.2,0.7,7.4,23.4,39.5,23.4,2.0,33.2,12.0,1.0,0.2,0.7,693.0,997.0,1301.5,997.0,2.0,630.5,12.0,1.0,0.2,0.7,695.0,995.0,1300.0,995.0,2.0,630.0,12.0,1.0,0.2,0.7
1974,2,59.0,-22.0,26.21,26.45,26.69,26.45,2.0,0.49,18.0,1.0,0.4,0.7,26.82,27.3,27.78,27.3,2.0,0.99,18.0,1.0,0.4,0.7,16.64,17.08,17.52,17.08,2.0,0.92,18.0,1.0,0.4,0.7,71.8,75.8,79.8,75.8,2.0,8.3,18.0,1.0,0.7,3.58,4.6,6.03,4.8,3.0,1.81,14.0,0.7,0.5,0.5,-5.43,-2.91,-1.47,-3.44,3.0,2.93,14.0,0.7,0.5,0.5,-2.76,1.06,1.13,-0.77,3.0,3.26,14.0,0.7,0.5,0.5,1013.5,1015.0,1016.71,1015.1,3.0,2.35,14.0,0.7,0.5,0.5,1.3,2.0,2.7,2.0,3.0,1.0,14.0,0.7,0.5,0.5,-33.0,-9.0,-5.4,-19.0,3.0,22.0,14.0,0.7,0.5,0.5,-13.2,3.3,6.4,-3.3,3.0,15.4,14.0,0.7,0.5,0.5,-1.09,-0.85,-0.61,-0.85,2.0,0.49,18.0,1.0,0.4,0.7,-3.7,-3.5,-3.4,-3.5,2.0,0.3,18.0,1.0,0.4,0.7,3.75,4.48,5.21,4.48,2.0,1.52,18.0,1.0,0.4,0.7,18.1,20.0,21.9,20.0,2.0,3.9,18.0,1.0,0.4,0.7,-160.6,-128.5,-96.5,-128.5,2.0,66.4,18.0,1.0,0.4,0.7,29.9,30.3,30.7,30.3,2.0,0.9,18.0,1.0,0.4,0.7,-106.0,-82.4,-58.8,-82.4,2.0,48.9,18.0,1.0,0.4,0.7,17.9,19.0,20.1,19.0,2.0,2.3,18.0,1.0,0.4,0.7,-21.5,-19.3,-17.2,-19.3,2.0,4.4,18.0,1.0,0.4,0.7,4.3,4.9,5.6,4.9,2.0,1.4,18.0,1.0,0.4,0.7,51.0,97.5,236.0,142.5,3.0,141.0,14.0,0.7,0.5,0.5,50.0,95.0,235.0,145.0,3.0,140.0,14.0,0.7,0.5,0.5
1974,2,59.0,-21.0,26.83,27.1,27.37,27.1,2.0,0.57,22.0,0.0,0.4,0.5,25.63,25.9,26.17,25.9,2.0,0.57,22.0,0.0,0.4,0.5,15.92,17.26,18.61,17.26,2.0,2.79,22.0,0.0,0.4,0.5,76.8,82.1,87.4,82.1,2.0,11.0,22.0,0.0,0.5,3.06,4.1,5.04,4.06,5.0,1.0,14.0,0.6,0.2,0.7,-4.84,-2.82,-0.98,-2.82,5.0,2.11,14.0,0.6,0.2,0.7,-1.63,0.87,2.6,0.6,5.0,2.6,14.0,0.6,0.2,0.7,1006.81,1012.3,1013.92,1010.3,5.0,5.77,14.0,0.6,0.2,0.7,1.6,2.0,5.7,3.4,5.0,2.5,14.0,0.6,0.2,0.7,-24.5,-8.5,-3.1,-12.5,5.0,11.4,14.0,0.6,0.2,0.7,-5.0,4.3,11.8,3.7,5.0,9.9,14.0,0.6,0.2,0.7,1.2,1.2,1.2,1.2,2.0,0.0,22.0,0.0,0.4,0.5,5.1,5.5,5.9,5.5,2.0,0.8,22.0,0.0,0.4,0.5,4.29,5.34,6.4,5.34,2.0,2.19,22.0,0.0,0.4,0.5,18.7,25.4,32.0,25.4,2.0,13.8,22.0,0.0,0.4,0.5,-102.8,-61.1,-19.4,-61.1,2.0,86.4,22.0,0.0,0.4,0.5,54.5,76.2,97.8,76.2,2.0,44.8,22.0,0.0,0.4,0.5,-61.6,-36.6,-11.6,-36.6,2.0,51.8,22.0,0.0,0.4,0.5,35.0,52.8,70.6,52.8,2.0,36.9,22.0,0.0,0.4,0.5,-27.8,-16.5,-5.2,-16.5,2.0,23.4,22.0,0.0,0.4,0.5,12.6,13.8,15.0,13.8,2.0,2.5,22.0,0.0,0.4,0.5,29.0,69.0,128.0,76.5,5.0,50.5,14.0,0.6,0.2,0.7,30.0,70.0,130.0,75.0,5.0,50.0,14.0,0.6,0.2,0.7
1974,2,59.0,-20.0,26.5,26.8,27.97,27.15,21.0,0.98,12.0,0.5,0.4,0.6,25.73,26.55,28.0,26.83,24.0,1.02,14.0,0.5,0.4,0.6,16.05,17.16,18.29,16.92,19.0,1.36,12.0,0.5,0.4,0.6,71.4,77.1,84.7,77.8,19.0,7.1,12.0,0.5,0.6,5.39,8.2,10.41,8.22,23.0,3.0,14.0,0.5,0.4,0.6,-10.25,-7.71,-5.2,-7.79,23.0,2.89,14.0,0.5,0.4,0.6,-2.09,0.0,1.61,-0.28,23.0,2.79,14.0,0.5,0.4,0.6,1009.97,1012.05,1013.44,1012.01,24.0,1.67,14.0,0.5,0.4,0.6,2.7,4.0,6.3,4.5,24.0,2.0,14.0,0.5,0.4,0.6,-107.1,-63.2,-28.5,-72.0,23.0,48.7,14.0,0.5,0.4,0.6,-16.7,0.0,12.0,-1.2,23.0,32.9,14.0,0.5,0.4,0.6,-0.68,0.3,1.35,0.35,21.0,1.23,12.0,0.5,0.4,0.6,-2.0,1.9,16.3,4.3,20.0,11.4,14.0,0.5,0.4,0.6,3.96,5.44,7.48,5.47,18.0,1.69,12.0,0.5,0.4,0.6,21.4,45.4,64.6,45.5,18.0,19.0,12.0,0.5,0.4,0.6,-276.0,-208.0,-140.1,-207.4,23.0,75.8,14.0,0.5,0.4,0.6,-57.8,0.0,43.7,-8.3,23.0,73.2,14.0,0.5,0.4,0.6,-177.6,-130.2,-90.3,-133.6,19.0,52.0,12.0,0.5,0.4,0.6,-30.8,0.0,24.6,-5.2,19.0,52.8,12.0,0.5,0.4,0.6,-56.3,-45.1,-21.4,-42.5,18.0,16.9,12.0,0.5,0.4,0.6,-11.4,0.0,8.3,-3.7,18.0,18.4,12.0,0.5,0.4,0.6,166.5,551.5,1139.5,773.5,23.0,812.5,14.0,0.5,0.4,0.6,165.0,550.0,1140.0,775.0,23.0,815.0,14.0,0.5,0.4,0.6
1974,2,59.0,-19.0,26.41,27.0,27.8,27.22,20.0,0.79,14.0,0.6,0.5,0.5,25.5,26.2,27.0,26.4,21.0,1.0,14.0,0.6,0.5,0.4,15.96,16.73,18.08,16.9,19.0,1.08,12.0,0.6,0.5,0.5,72.5,77.9,84.1,78.7,19.0,4.9,12.0,0.6,0.5,4.67,6.7,9.71,7.59,21.0,2.76,14.0,0.6,0.5,0.4,-9.71,-6.6,-3.98,-7.21,21.0,2.99,14.0,0.6,0.5,0.4,-1.22,0.0,2.8,0.52,21.0,2.04,14.0,0.6,0.5,0.4,1009.92,1012.5,1013.97,1012.1,21.0,2.04,14.0,0.6,0.5,0.4,3.0,4.0,7.7,4.4,21.0,2.2,14.0,0.6,0.5,0.4,-94.4,-44.2,-19.9,-62.5,21.0,48.2,14.0,0.6,0.5,0.4,-7.2,0.0,21.2,4.5,21.0,13.6,14.0,0.6,0.5,0.4,0.0,0.75,2.19,0.87,20.0,1.07,14.0,0.6,0.5,0.5,0.0,5.5,12.5,6.2,20.0,8.0,14.0,0.6,0.5,0.5,4.35,5.66,6.57,5.64,19.0,1.07,12.0,0.6,0.5,0.5,25.6,40.5,60.6,42.5,19.0,17.8,12.0,0.6,0.5,0.5,-268.2,-182.6,-106.5,-190.6,21.0,79.8,14.0,0.6,0.5,0.4,-32.3,0.0,73.3,12.9,21.0,53.8,14.0,0.6,0.5,0.4,-155.7,-113.9,-73.7,-118.1,19.0,42.1,12.0,0.6,0.5,0.5,-19.6,16.3,47.8,12.0,19.0,33.5,12.0,0.6,0.5,0.5,-59.9,-38.1,-20.9,-40.7,19.0,18.8,12.0,0.6,0.5,0.5,-5.9,6.4,13.9,4.5,19.0,10.0,12.0,0.6,0.5,0.5,102.0,301.0,917.5,613.5,21.0,669.0,14.0,0.6,0.5,0.4,100.0,300.0,915.0,615.0,21.0,670.0,14.0,0.6,0.5,0.4
1974,2,59.0,-15.0,27.16,27.5,27.84,27.5,2.0,0.71,18.0,0.5,0.4,0.9,27.53,28.25,28.97,28.25,2.0,1.48,18.0,0.5,0.4,0.9,17.29,18.06,18.83,18.06,2.0,1.59,18.0,0.5,0.4,0.9,69.4,75.8,82.2,75.8,2.0,13.3,18.0,0.5,0.9,3.59,4.65,5.71,4.65,2.0,2.19,18.0,0.5,0.4,0.9,-5.62,-4.58,-3.54,-4.58,2.0,2.16,18.0,0.5,0.4,0.9,-0.28,0.27,0.82,0.27,2.0,1.14,18.0,0.5,0.4,0.9,1009.99,1011.25,1012.51,1011.25,2.0,2.62,18.0,0.5,0.4,0.9,2.6,4.0,5.4,4.0,2.0,2.8,18.0,0.5,0.4,0.9,-33.4,-23.7,-14.0,-23.7,2.0,20.1,18.0,0.5,0.4,0.9,-0.3,2.5,5.4,2.5,2.0,5.9,18.0,0.5,0.4,0.9,-1.81,-0.75,0.31,-0.75,2.0,2.19,18.0,0.5,0.4,0.9,-5.2,-1.1,3.0,-1.1,2.0,8.5,18.0,0.5,0.4,0.9,4.63,4.96,5.29,4.96,2.0,0.68,18.0,0.5,0.4,0.9,18.6,22.3,26.0,22.3,2.0,7.7,18.0,0.5,0.4,0.9,-153.9,-127.8,-101.6,-127.8,2.0,54.2,18.0,0.5,0.4,0.9,-8.6,6.8,22.1,6.8,2.0,31.9,18.0,0.5,0.4,0.9,-106.8,-84.4,-62.1,-84.4,2.0,46.3,18.0,0.5,0.4,0.9,-4.4,5.8,15.9,5.8,2.0,21.1,18.0,0.5,0.4,0.9,-25.6,-22.0,-18.3,-22.0,2.0,7.6,18.0,0.5,0.4,0.9,-1.7,0.9,3.6,0.9,2.0,5.5,18.0,0.5,0.4,0.9,63.0,134.0,205.0,134.0,2.0,147.5,18.0,0.5,0.4,0.9,65.0,135.0,205.0,135.0,2.0,145.0,18.0,0.5,0.4,0.9
1974,2,59.0,-14.0,26.8,27.0,27.2,27.0,2.0,0.42,16.0,0.5,0.7,0.6,25.86,26.0,28.05,26.93,3.0,1.79,16.0,0.7,0.5,0.6,16.39,17.11,17.82,17.11,2.0,1.47,16.0,0.5,0.7,0.6,78.0,81.7,85.4,81.7,2.0,7.7,16.0,0.5,0.6,3.51,4.6,5.69,4.6,2.0,2.26,10.0,1.0,0.4,0.6,-2.19,-0.44,1.31,-0.44,2.0,3.62,10.0,1.0,0.4,0.6,0.92,2.91,4.9,2.91,2.0,4.12,10.0,1.0,0.4,0.6,1006.97,1007.35,1007.73,1007.35,2.0,0.78,16.0,0.5,0.7,0.6,2.0,4.0,6.7,4.3,3.0,3.5,16.0,0.7,0.5,0.6,-5.5,2.1,9.6,2.1,2.0,15.7,10.0,1.0,0.4,0.6,5.7,18.1,30.4,18.1,2.0,25.5,10.0,1.0,0.4,0.6,0.83,1.1,1.37,1.1,2.0,0.57,16.0,0.5,0.7,0.6,9.3,9.3,9.3,9.3,1.0,0.0,4.0,1.0,0.7,0.6,4.88,5.32,5.77,5.32,2.0,0.92,16.0,0.5,0.7,0.6,29.0,29.0,29.0,29.0,1.0,0.0,4.0,1.0,0.7,0.6,-64.5,-16.1,32.2,-16.1,2.0,100.2,10.0,1.0,0.4,0.6,23.9,75.2,126.5,75.2,2.0,106.3,10.0,1.0,0.4,0.6,38.5,38.5,38.5,38.5,1.0,0.0,4.0,1.0,0.7,0.6,105.7,105.7,105.7,105.7,1.0,0.0,4.0,1.0,0.7,0.6,9.9,9.9,9.9,9.9,1.0,0.0,4.0,1.0,0.7,0.6,27.2,27.2,27.2,27.2,1.0,0.0,4.0,1.0,0.7,0.6,60.5,132.5,205.0,132.5,2.0,149.5,10.0,1.0,0.4,0.6,60.0,135.0,205.0,135.0,2.0,150.0,10.0,1.0,0.4,0.6
1974,2,59.0,-9.0,27.42,27.45,27.48,27.45,2.0,0.07,10.0,0.5,0.6,0.9,25.92,27.25,28.0,26.98,4.0,1.27,12.0,0.8,0.4,0.5,17.12,17.52,17.93,17.52,2.0,0.84,10.0,0.5,0.6,0.9,80.0,83.7,87.5,83.7,2.0,7.8,10.0,0.5,0.9,0.48,1.0,3.15,1.77,4.0,2.27,12.0,0.8,0.4,0.5,0.0,0.5,3.11,1.51,4.0,2.39,12.0,0.8,0.4,0.5,0.0,0.44,0.95,0.47,4.0,0.55,12.0,0.8,0.4,0.5,1009.56,1009.7,1009.84,1009.7,2.0,0.28,10.0,0.5,0.6,0.9,3.5,4.0,5.6,4.5,4.0,1.7,12.0,0.8,0.4,0.5,0.0,0.5,13.9,6.7,4.0,12.6,12.0,0.8,0.4,0.5,0.0,0.5,2.8,1.4,4.0,2.1,12.0,0.8,0.4,0.5,1.16,1.5,1.84,1.5,2.0,0.71,10.0,0.5,0.6,0.9,1.6,5.1,8.6,5.1,2.0,7.2,10.0,0.5,0.6,0.9,5.01,5.46,5.9,5.46,2.0,0.93,10.0,0.5,0.6,0.9,3.9,12.2,20.6,12.2,2.0,17.3,10.0,0.5,0.6,0.9,0.0,14.0,80.2,38.9,4.0,60.6,12.0,0.8,0.4,0.5,0.0,11.2,25.4,12.6,4.0,14.7,12.0,0.8,0.4,0.5,14.4,45.5,76.6,45.5,2.0,64.3,10.0,0.5,0.6,0.9,2.5,8.0,13.5,8.0,2.0,11.3,10.0,0.5,0.6,0.9,3.8,12.1,20.3,12.1,2.0,17.0,10.0,0.5,0.6,0.9,0.7,2.1,3.6,2.1,2.0,3.0,10.0,0.5,0.6,0.9,0.5,1.0,70.0,33.5,4.0,66.0,12.0,0.8,0.4,0.5,0.0,0.0,70.0,35.0,4.0,65.0,12.0,0.8,0.4,0.5
1974,2,59.0,-8.0,27.45,27.55,27.65,27.55,2.0,0.21,14.0,0.0,0.4,0.7,25.62,26.95,28.28,26.95,2.0,2.76,14.0,0.0,0.4,0.7,16.9,17.48,18.06,17.48,2.0,1.2,14.0,0.0,0.4,0.7,75.2,78.7,82.3,78.7,2.0,7.4,14.0,0.0,0.7,2.92,3.6,4.28,3.6,2.0,1.41,14.0,0.0,0.4,0.7,-1.73,-0.5,0.73,-0.5,2.0,2.55,14.0,0.0,0.4,0.7,-3.71,-3.12,-2.53,-3.12,2.0,1.22,14.0,0.0,0.4,0.7,1009.5,1009.7,1009.9,1009.7,2.0,0.42,14.0,0.0,0.4,0.7,6.0,6.0,6.0,6.0,1.0,0.0,10.0,0.0,0.2,0.5,-8.4,-3.6,1.2,-3.6,2.0,9.9,14.0,0.0,0.4,0.7,-16.3,-12.1,-7.8,-12.1,2.0,8.8,14.0,0.0,0.4,0.7,-0.83,0.6,2.03,0.6,2.0,2.97,14.0,0.0,0.4,0.7,-1.3,4.3,9.8,4.3,2.0,11.5,14.0,0.0,0.4,0.7,4.91,5.64,6.36,5.64,2.0,1.5,14.0,0.0,0.4,0.7,14.9,21.4,27.8,21.4,2.0,13.4,14.0,0.0,0.4,0.7,-42.4,-10.0,22.5,-10.0,2.0,67.2,14.0,0.0,0.4,0.7,-94.1,-82.3,-70.6,-82.3,2.0,24.4,14.0,0.0,0.4,0.7,-28.4,-7.2,14.0,-7.2,2.0,43.9,14.0,0.0,0.4,0.7,-62.3,-53.8,-45.2,-53.8,2.0,17.7,14.0,0.0,0.4,0.7,-12.0,-4.7,2.6,-4.7,2.0,15.1,14.0,0.0,0.4,0.7,-24.1,-18.5,-12.9,-18.5,2.0,11.6,14.0,0.0,0.4,0.7,30.0,57.5,84.5,57.5,2.0,56.5,14.0,0.0,0.4,0.7,30.0,55.0,85.0,55.0,2.0,55.0,14.0,0.0,0.4,0.7
1974,2,59.0,-7.0,27.1,27.3,27.5,27.3,2.0,0.42,10.0,0.5,0.4,0.3,27.98,28.8,29.62,28.8,2.0,1.7,10.0,0.5,0.4,0.3,17.41,17.83,18.26,17.83,2.0,0.88,10.0,0.5,0.4,0.3,70.3,72.0,73.8,72.0,2.0,3.7,10.0,0.5,0.3,1.14,3.6,6.06,3.6,2.0,5.09,10.0,0.5,0.4,0.3,0.99,3.12,5.25,3.12,2.0,4.41,10.0,0.5,0.4,0.3,-3.03,-1.8,-0.57,-1.8,2.0,2.55,10.0,0.5,0.4,0.3,1009.73,1010.65,1011.57,1010.65,2.0,1.91,10.0,0.5,0.4,0.3,2.3,3.0,3.7,3.0,2.0,1.4,10.0,0.5,0.4,0.3,7.1,22.4,37.8,22.4,2.0,31.7,10.0,0.5,0.4,0.3,-21.8,-13.0,-4.1,-13.0,2.0,18.3,10.0,0.5,0.4,0.3,-2.52,-1.5,-0.48,-1.5,2.0,2.12,10.0,0.5,0.4,0.3,-18.2,-10.8,-3.4,-10.8,2.0,15.3,10.0,0.5,0.4,0.3,4.24,4.92,5.61,4.92,2.0,1.41,10.0,0.5,0.4,0.3,4.5,14.1,23.8,14.1,2.0,20.0,10.0,0.5,0.4,0.3,29.7,93.5,157.4,93.5,2.0,132.3,10.0,0.5,0.4,0.3,-90.9,-54.0,-17.1,-54.0,2.0,76.4,10.0,0.5,0.4,0.3,18.3,57.5,96.8,57.5,2.0,81.4,10.0,0.5,0.4,0.3,-55.9,-33.2,-10.5,-33.2,2.0,47.0,10.0,0.5,0.4,0.3,3.9,12.2,20.6,12.2,2.0,17.3,10.0,0.5,0.4,0.3,-11.9,-7.1,-2.2,-7.1,2.0,10.0,10.0,0.5,0.4,0.3,59.0,186.5,314.0,186.5,2.0,264.0,10.0,0.5,0.4,0.3,60.0,185.0,315.0,185.0,2.0,265.0,10.0,0.5,0.4,0.3
1974,2,59.0,-4.0,27.31,27.55,27.79,27.55,2.0,0.49,18.0,0.5,0.8,0.7,26.02,26.5,26.98,26.5,2.0,0.99,18.0,0.5,0.8,0.7,19.04,19.21,19.39,19.21,2.0,0.36,18.0,0.5,0.8,0.7,85.3,88.7,92.1,88.7,2.0,7.1,18.0,0.5,0.7,3.09,4.15,5.21,4.15,2.0,2.19,18.0,0.5,0.8,0.7,-1.74,-0.63,0.48,-0.63,2.0,2.29,18.0,0.5,0.8,0.7,-4.93,-3.46,-1.98,-3.46,2.0,3.05,18.0,0.5,0.8,0.7,1007.36,1008.55,1009.74,1008.55,2.0,2.47,18.0,0.5,0.8,0.7,3.0,5.0,7.0,5.0,2.0,4.2,18.0,0.5,0.8,0.7,-4.0,-0.1,3.8,-0.1,2.0,8.1,18.0,0.5,0.8,0.7,-27.5,-17.7,-7.9,-17.7,2.0,20.2,18.0,0.5,0.8,0.7,0.33,1.05,1.77,1.05,2.0,1.48,18.0,0.5,0.8,0.7,0.9,2.7,4.6,2.7,2.0,3.9,18.0,0.5,0.8,0.7,3.81,3.93,4.06,3.93,2.0,0.26,18.0,0.5,0.8,0.7,12.4,16.0,19.7,16.0,2.0,7.5,18.0,0.5,0.8,0.7,-44.6,-15.6,13.4,-15.6,2.0,60.1,18.0,0.5,0.8,0.7,-133.8,-93.1,-52.4,-93.1,2.0,84.2,18.0,0.5,0.8,0.7,-33.9,-12.5,8.8,-12.5,2.0,44.3,18.0,0.5,0.8,0.7,-93.5,-65.9,-38.2,-65.9,2.0,57.3,18.0,0.5,0.8,0.7,-7.2,-2.8,1.7,-2.8,2.0,9.2,18.0,0.5,0.8,0.7,-18.6,-13.2,-7.8,-13.2,2.0,11.1,18.0,0.5,0.8,0.7,44.0,101.5,158.5,101.5,2.0,118.5,18.0,0.5,0.8,0.7,45.0,100.0,160.0,100.0,2.0,120.0,18.0,0.5,0.8,0.7
1974,2,59.0,-3.0,28.0,28.0,28.0,28.0,1.0,0.0,12.0,0.0,0.9,1.0,27.0,27.0,27.0,27.0,1.0,0.0,12.0,0.0,0.9,1.0,16.79,16.79,16.79,16.79,1.0,0.0,12.0,0.0,0.9,1.0,75.5,75.5,75.5,75.5,1.0,0.0,12.0,0.0,1.0,3.0,3.0,3.0,3.0,1.0,0.0,12.0,0.0,0.9,1.0,0.0,0.0,0.0,0.0,1.0,0.0,12.0,0.0,0.9,1.0,-3.0,-3.0,-3.0,-3.0,1.0,0.0,12.0,0.0,0.9,1.0,1011.9,1011.9,1011.9,1011.9,1.0,0.0,12.0,0.0,0.9,1.0,1.0,1.0,1.0,1.0,1.0,0.0,12.0,0.0,0.9,1.0,0.0,0.0,0.0,0.0,1.0,0.0,12.0,0.0,0.9,1.0,-9.0,-9.0,-9.0,-9.0,1.0,0.0,12.0,0.0,0.9,1.0,1.0,1.0,1.0,1.0,1.0,0.0,12.0,0.0,0.9,1.0,3.0,3.0,3.0,3.0,1.0,0.0,12.0,0.0,0.9,1.0,6.9,6.9,6.9,6.9,1.0,0.0,12.0,0.0,0.9,1.0,20.7,20.7,20.7,20.7,1.0,0.0,12.0,0.0,0.9,1.0,0.0,0.0,0.0,0.0,1.0,0.0,12.0,0.0,0.9,1.0,-81.0,-81.0,-81.0,-81.0,1.0,0.0,12.0,0.0,0.9,1.0,0.0,0.0,0.0,0.0,1.0,0.0,12.0,0.0,0.9,1.0,-50.4,-50.4,-50.4,-50.4,1.0,0.0,12.0,0.0,0.9,1.0,0.0,0.0,0.0,0.0,1.0,0.0,12.0,0.0,0.9,1.0,-20.7,-20.7,-20.7,-20.7,1.0,0.0,12.0,0.0,0.9,1.0,27.0,27.0,27.0,27.0,1.0,0.0,12.0,0.0,0.9,1.0,25.0,25.0,25.0,25.0,1.0,0.0,12.0,0.0,0.9,1.0
1974,2,59.0,-2.0,27.99,28.0,28.0,27.99,7.0,0.09,14.0,0.0,0.5,0.5,26.71,27.0,27.18,26.94,8.0,0.22,14.0,0.0,0.5,0.5,17.24,17.44,17.54,17.38,8.0,0.18,14.0,0.0,0.5,0.5,77.9,78.3,78.3,78.3,8.0,0.9,14.0,0.0,0.5,2.0,2.55,3.0,2.66,8.0,1.74,14.0,0.0,0.5,0.5,0.0,0.51,1.5,0.77,8.0,0.87,14.0,0.0,0.5,0.5,-2.79,-2.35,-2.0,-2.49,8.0,1.61,14.0,0.0,0.5,0.5,1010.32,1010.7,1011.08,1010.63,8.0,0.6,14.0,0.0,0.5,0.5,0.1,4.5,5.0,3.3,8.0,2.5,14.0,0.0,0.5,0.5,0.0,1.5,4.5,3.2,8.0,4.5,14.0,0.0,0.5,0.5,-8.4,-6.1,-4.0,-9.1,8.0,11.3,14.0,0.0,0.5,0.5,0.8,1.0,1.21,1.01,7.0,0.23,14.0,0.0,0.5,0.5,1.5,1.7,3.6,2.2,7.0,1.4,14.0,0.0,0.5,0.5,6.16,6.38,6.49,6.35,7.0,0.23,14.0,0.0,0.5,0.5,11.4,13.0,19.5,13.7,7.0,7.0,14.0,0.0,0.5,0.5,0.0,13.7,40.4,20.6,8.0,23.3,14.0,0.0,0.5,0.5,-75.0,-63.1,-54.0,-67.0,8.0,42.8,14.0,0.0,0.5,0.5,0.0,8.8,26.1,13.3,8.0,15.2,14.0,0.0,0.5,0.5,-48.2,-40.5,-34.7,-43.3,8.0,28.2,14.0,0.0,0.5,0.5,0.0,0.0,9.4,3.7,7.0,4.8,14.0,0.0,0.5,0.5,-17.4,-13.0,-11.4,-12.8,7.0,6.2,14.0,0.0,0.5,0.5,8.0,18.0,27.0,43.0,8.0,79.5,14.0,0.0,0.5,0.5,10.0,20.0,25.0,45.0,8.0,80.0,14.0,0.0,0.5,0.5
1974,2,59.0,-1.0,27.31,27.4,27.8,27.66,8.0,0.58,14.0,1.0,0.0,0.5,26.44,27.3,27.79,27.3,8.0,0.91,14.0,1.0,0.0,0.5,17.65,18.28,18.71,18.22,8.0,0.54,14.0,1.0,0.0,0.5,78.1,81.2,83.0,80.5,8.0,2.7,14.0,1.0,0.5,5.0,5.0,5.0,4.9,8.0,0.33,14.0,1.0,0.0,0.5,-2.5,-2.5,-2.1,-2.35,8.0,0.31,14.0,1.0,0.0,0.5,-4.41,-4.33,-4.33,-4.29,8.0,0.32,14.0,1.0,0.0,0.5,1011.61,1012.55,1012.96,1012.43,8.0,0.66,14.0,1.0,0.0,0.5,3.2,6.0,6.0,5.0,8.0,1.6,14.0,1.0,0.0,0.5,-12.5,-12.5,-9.0,-11.6,8.0,1.9,14.0,1.0,0.0,0.5,-22.4,-21.7,-21.7,-21.1,8.0,2.7,14.0,1.0,0.0,0.5,-0.27,0.05,1.09,0.36,8.0,0.69,14.0,1.0,0.0,0.5,-1.3,0.3,5.5,1.8,8.0,3.5,14.0,1.0,0.0,0.5,4.22,4.92,5.75,5.0,8.0,0.77,14.0,1.0,0.0,0.5,21.1,24.6,27.6,24.4,8.0,3.1,14.0,1.0,0.0,0.5,-68.4,-66.8,-60.2,-64.0,8.0,7.3,14.0,1.0,0.0,0.5,-119.8,-116.9,-114.4,-116.9,8.0,7.6,14.0,1.0,0.0,0.5,-46.1,-44.6,-39.5,-42.8,8.0,5.1,14.0,1.0,0.0,0.5,-81.0,-77.8,-76.4,-78.1,8.0,5.5,14.0,1.0,0.0,0.5,-13.8,-12.3,-10.3,-11.7,8.0,2.3,14.0,1.0,0.0,0.5,-23.9,-21.3,-18.4,-21.3,8.0,2.6,14.0,1.0,0.0,0.5,125.0,125.0,125.0,119.0,8.0,20.5,14.0,1.0,0.0,0.5,125.0,125.0,125.0,120.0,8.0,20.0,14.0,1.0,0.0,0.5
1974,2,59.0,0.0,27.55,27.8,28.0,27.72,12.0,0.35,14.0,0.6,0.2,0.1,27.0,27.3,27.78,27.31,12.0,0.82,14.0,0.6,0.2,0.1,17.38,17.81,18.19,17.66,11.0,0.63,16.0,0.6,0.2,0.1,75.6,78.3,79.0,78.4,11.0,4.2,16.0,0.6,0.1,4.52,5.0,6.0,5.03,12.0,1.12,14.0,0.6,0.2,0.1,-1.21,-0.87,0.11,-0.77,12.0,1.02,14.0,0.6,0.2,0.1,-5.91,-4.92,-4.28,-4.89,12.0,1.08,14.0,0.6,0.2,0.1,1009.42,1010.5,1011.88,1010.56,12.0,1.36,14.0,0.6,0.2,0.1,2.0,3.5,6.5,4.0,12.0,2.3,14.0,0.6,0.2,0.1,-6.8,-4.3,0.3,-4.2,12.0,5.9,14.0,0.6,0.2,0.1,-35.5,-24.6,-19.9,-25.7,12.0,9.5,14.0,0.6,0.2,0.1,-0.15,0.45,0.65,0.41,12.0,0.57,14.0,0.6,0.2,0.1,-0.8,2.2,3.2,1.6,12.0,2.2,14.0,0.6,0.2,0.1,5.06,5.64,5.97,5.63,11.0,0.78,16.0,0.6,0.2,0.1,22.8,29.1,34.0,27.9,11.0,7.0,16.0,0.6,0.2,0.1,-33.0,-23.7,2.9,-21.5,12.0,28.6,14.0,0.6,0.2,0.1,-160.5,-135.7,-118.0,-134.0,12.0,31.1,14.0,0.6,0.2,0.1,-17.7,-15.5,3.3,-10.0,11.0,14.0,16.0,0.6,0.2,0.1,-104.2,-88.1,-70.3,-86.0,11.0,20.7,16.0,0.6,0.2,0.1,-6.0,-4.8,0.8,-3.2,11.0,4.1,16.0,0.6,0.2,0.1,-33.8,-28.6,-22.0,-27.4,11.0,7.1,16.0,0.6,0.2,0.1,101.0,125.0,216.0,143.5,12.0,69.5,14.0,0.6,0.2,0.1,100.0,125.0,215.0,145.0,12.0,70.0,14.0,0.6,0.2,0.1
1974,2,59.0,2.0,,,,,,,,,,,,,,,,,,,,,,,,,,,,,,,,,,,,,,,,11.0,11.0,11.0,11.0,1.0,0.0,14.0,1.0,0.5,0.5,-3.76,-3.76,-3.76,-3.76,1.0,0.0,14.0,1.0,0.5,0.5,-10.34,-10.34,-10.34,-10.34,1.0,0.0,14.0,1.0,0.5,0.5,1013.4,1013.4,1013.4,1013.4,1.0,0.0,14.0,1.0,0.5,0.5,,,,,,,,,,,,,,,,,,,,,,,,,,,,,,,,,,,,,,,,,,,,,,,,,,,,,,,,,,,,,,,,,,,,,,,,,,,,,,,,,,,,,,,,,,,,,,,,,,,,,,,,,,,,,,,,,,,,,,,,,,,,,,,,,,,,,,,,,,,,,,,,,,,,,,
1974,2,59.0,3.0,27.2,27.2,27.2,27.2,1.0,0.0,28.0,1.0,0.1,0.4,27.1,27.1,27.1,27.1,1.0,0.0,28.0,1.0,0.1,0.4,17.31,17.31,17.31,17.31,1.0,0.0,28.0,1.0,0.1,0.4,77.4,77.4,77.4,77.4,1.0,0.0,28.0,1.0,0.4,5.1,5.1,5.1,5.1,1.0,0.0,28.0,1.0,0.1,0.4,0.0,0.0,0.0,0.0,1.0,0.0,28.0,1.0,0.1,0.4,-5.1,-5.1,-5.1,-5.1,1.0,0.0,28.0,1.0,0.1,0.4,1012.0,1012.0,1012.0,1012.0,1.0,0.0,28.0,1.0,0.1,0.4,3.0,3.0,3.0,3.0,1.0,0.0,28.0,1.0,0.1,0.4,0.0,0.0,0.0,0.0,1.0,0.0,28.0,1.0,0.1,0.4,-26.0,-26.0,-26.0,-26.0,1.0,0.0,28.0,1.0,0.1,0.4,0.1,0.1,0.1,0.1,1.0,0.0,28.0,1.0,0.1,0.4,0.5,0.5,0.5,0.5,1.0,0.0,28.0,1.0,0.1,0.4,5.27,5.27,5.27,5.27,1.0,0.0,28.0,1.0,0.1,0.4,26.9,26.9,26.9,26.9,1.0,0.0,28.0,1.0,0.1,0.4,0.0,0.0,0.0,0.0,1.0,0.0,28.0,1.0,0.1,0.4,-138.2,-138.2,-138.2,-138.2,1.0,0.0,28.0,1.0,0.1,0.4,0.0,0.0,0.0,0.0,1.0,0.0,28.0,1.0,0.1,0.4,-88.3,-88.3,-88.3,-88.3,1.0,0.0,28.0,1.0,0.1,0.4,0.0,0.0,0.0,0.0,1.0,0.0,28.0,1.0,0.1,0.4,-26.9,-26.9,-26.9,-26.9,1.0,0.0,28.0,1.0,0.1,0.4,132.5,132.5,132.5,132.5,1.0,0.0,28.0,1.0,0.1,0.4,135.0,135.0,135.0,135.0,1.0,0.0,28.0,1.0,0.1,0.4
1974,2,59.0,5.0,28.0,28.0,28.0,28.0,1.0,0.0,28.0,1.0,0.0,0.7,28.3,28.3,28.3,28.3,1.0,0.0,28.0,1.0,0.0,0.7,17.18,17.18,17.18,17.18,1.0,0.0,28.0,1.0,0.0,0.7,71.7,71.7,71.7,71.7,1.0,0.0,28.0,1.0,0.7,5.1,5.1,5.1,5.1,1.0,0.0,28.0,1.0,0.0,0.7,1.74,1.74,1.74,1.74,1.0,0.0,28.0,1.0,0.0,0.7,-4.79,-4.79,-4.79,-4.79,1.0,0.0,28.0,1.0,0.0,0.7,1013.9,1013.9,1013.9,1013.9,1.0,0.0,28.0,1.0,0.0,0.7,6.0,6.0,6.0,6.0,1.0,0.0,28.0,1.0,0.0,0.7,8.9,8.9,8.9,8.9,1.0,0.0,28.0,1.0,0.0,0.7,-24.4,-24.4,-24.4,-24.4,1.0,0.0,28.0,1.0,0.0,0.7,-0.3,-0.3,-0.3,-0.3,1.0,0.0,28.0,1.0,0.0,0.7,-1.5,-1.5,-1.5,-1.5,1.0,0.0,28.0,1.0,0.0,0.7,6.47,6.47,6.47,6.47,1.0,0.0,28.0,1.0,0.0,0.7,33.0,33.0,33.0,33.0,1.0,0.0,28.0,1.0,0.0,0.7,49.4,49.4,49.4,49.4,1.0,0.0,28.0,1.0,0.0,0.7,-135.6,-135.6,-135.6,-135.6,1.0,0.0,28.0,1.0,0.0,0.7,30.0,30.0,30.0,30.0,1.0,0.0,28.0,1.0,0.0,0.7,-82.3,-82.3,-82.3,-82.3,1.0,0.0,28.0,1.0,0.0,0.7,11.3,11.3,11.3,11.3,1.0,0.0,28.0,1.0,0.0,0.7,-31.0,-31.0,-31.0,-31.0,1.0,0.0,28.0,1.0,0.0,0.7,132.5,132.5,132.5,132.5,1.0,0.0,28.0,1.0,0.0,0.7,135.0,135.0,135.0,135.0,1.0,0.0,28.0,1.0,0.0,0.7
1974,2,59.0,6.0,26.6,26.65,27.2,26.81,8.0,0.33,24.0,0.9,0.4,0.6,26.2,26.75,27.58,26.8,8.0,0.72,24.0,0.9,0.4,0.6,16.37,16.55,17.06,16.61,8.0,0.39,24.0,0.9,0.4,0.6,72.8,74.6,78.5,75.6,8.0,3.0,24.0,0.9,0.6,6.0,6.0,6.91,6.44,8.0,1.28,24.0,0.9,0.4,0.6,-4.44,-3.86,-2.16,-3.45,8.0,1.09,24.0,0.9,0.4,0.6,-5.61,-4.97,-4.61,-5.36,8.0,1.16,24.0,0.9,0.4,0.6,1009.83,1011.75,1012.97,1011.53,8.0,1.45,24.0,0.9,0.4,0.6,1.0,2.5,3.0,2.1,8.0,1.0,24.0,0.9,0.4,0.6,-30.7,-23.1,-12.9,-23.1,8.0,10.9,24.0,0.9,0.4,0.6,-37.1,-30.3,-27.6,-35.7,8.0,16.4,24.0,0.9,0.4,0.6,-0.4,0.1,0.4,0.01,8.0,0.45,24.0,0.9,0.4,0.6,-2.4,0.7,3.4,0.3,8.0,3.0,24.0,0.9,0.4,0.6,5.17,5.46,5.93,5.48,8.0,0.44,24.0,0.9,0.4,0.6,30.4,32.9,35.9,35.3,8.0,8.4,24.0,0.9,0.4,0.6,-115.2,-102.7,-59.5,-91.9,8.0,27.5,24.0,0.9,0.4,0.6,-154.3,-133.8,-124.5,-143.5,8.0,30.0,24.0,0.9,0.4,0.6,-72.8,-64.4,-36.4,-57.1,8.0,17.4,24.0,0.9,0.4,0.6,-94.1,-83.2,-78.1,-88.8,8.0,17.5,24.0,0.9,0.4,0.6,-22.9,-19.5,-12.4,-18.7,8.0,5.8,24.0,0.9,0.4,0.6,-32.3,-27.9,-24.9,-29.6,8.0,8.1,24.0,0.9,0.4,0.6,216.0,216.0,331.5,297.0,8.0,213.5,24.0,0.9,0.4,0.6,215.0,215.0,330.0,295.0,8.0,215.0,24.0,0.9,0.4,0.6
1974,2,59.0,7.0,26.16,26.5,28.55,27.33,3.0,1.89,18.0,0.3,0.4,0.5,25.75,26.5,28.21,26.97,3.0,1.84,18.0,0.3,0.4,0.5,15.6,15.81,16.02,15.81,2.0,0.43,24.0,0.5,0.4,0.3,66.3,70.5,74.7,70.5,2.0,8.7,24.0,0.5,0.3,4.34,7.0,8.57,6.47,3.0,3.13,18.0,0.3,0.4,0.5,-4.6,-4.5,-2.15,-3.4,3.0,2.03,18.0,0.3,0.4,0.5,-7.2,-5.36,-3.69,-5.44,3.0,2.57,18.0,0.3,0.4,0.5,1010.04,1011.2,1013.32,1011.67,3.0,2.43,18.0,0.3,0.4,0.5,2.0,2.0,4.0,3.0,3.0,1.7,18.0,0.3,0.4,0.5,-39.5,-31.5,-12.2,-26.0,3.0,20.5,18.0,0.3,0.4,0.5,-63.0,-37.5,-18.1,-40.5,3.0,33.0,18.0,0.3,0.4,0.5,-0.18,0.5,0.91,0.37,3.0,0.81,18.0,0.3,0.4,0.5,-1.3,3.4,4.3,1.5,3.0,4.4,18.0,0.3,0.4,0.5,6.75,8.0,9.24,8.0,2.0,2.58,24.0,0.5,0.4,0.3,30.6,55.2,79.9,55.2,2.0,51.0,24.0,0.5,0.4,0.3,-129.9,-119.2,-56.2,-93.7,3.0,58.3,18.0,0.3,0.4,0.5,-204.5,-142.1,-95.6,-149.9,3.0,80.1,18.0,0.3,0.4,0.5,-65.7,-45.7,-25.7,-45.7,2.0,41.4,24.0,0.5,0.4,0.3,-116.4,-87.5,-58.6,-87.5,2.0,59.9,24.0,0.5,0.4,0.3,-39.5,-26.1,-12.8,-26.1,2.0,27.7,24.0,0.5,0.4,0.3,-69.4,-48.5,-27.7,-48.5,2.0,43.2,24.0,0.5,0.4,0.3,129.0,343.0,658.0,392.5,3.0,389.5,18.0,0.3,0.4,0.5,130.0,345.0,660.0,390.0,3.0,390.0,18.0,0.3,0.4,0.5
1974,2,59.0,8.0,26.66,26.8,26.94,26.8,2.0,0.28,18.0,0.0,0.2,0.7,25.0,25.2,25.4,25.2,2.0,0.42,18.0,0.0,0.2,0.7,15.47,15.47,15.47,15.47,1.0,0.0,26.0,0.0,0.1,0.9,76.2,76.2,76.2,76.2,1.0,0.0,26.0,0.0,0.9,6.11,6.35,6.59,6.35,2.0,0.49,18.0,0.0,0.2,0.7,-2.89,-2.65,-2.4,-2.65,2.0,0.5,18.0,0.0,0.2,0.7,-6.12,-5.75,-5.37,-5.75,2.0,0.78,18.0,0.0,0.2,0.7,1011.33,1012.25,1013.17,1012.25,2.0,1.91,18.0,0.0,0.2,0.7,3.0,3.0,3.0,3.0,2.0,0.0,18.0,0.0,0.2,0.7,-17.6,-16.7,-15.8,-16.7,2.0,1.9,18.0,0.0,0.2,0.7,-40.4,-36.7,-32.9,-36.7,2.0,7.8,18.0,0.0,0.2,0.7,1.26,1.6,1.94,1.6,2.0,0.71,18.0,0.0,0.2,0.7,8.2,10.0,11.8,10.0,2.0,3.7,18.0,0.0,0.2,0.7,6.29,6.29,6.29,6.29,1.0,0.0,26.0,0.0,0.1,0.9,42.1,42.1,42.1,42.1,1.0,0.0,26.0,0.0,0.1,0.9,-72.1,-66.6,-61.0,-66.6,2.0,11.5,18.0,0.0,0.2,0.7,-155.6,-145.0,-134.3,-145.0,2.0,22.0,18.0,0.0,0.2,0.7,-35.4,-35.4,-35.4,-35.4,1.0,0.0,26.0,0.0,0.1,0.9,-97.4,-97.4,-97.4,-97.4,1.0,0.0,26.0,0.0,0.1,0.9,-14.4,-14.4,-14.4,-14.4,1.0,0.0,26.0,0.0,0.1,0.9,-39.6,-39.6,-39.6,-39.6,1.0,0.0,26.0,0.0,0.1,0.9,229.5,258.5,287.5,258.5,2.0,60.0,18.0,0.0,0.2,0.7,230.0,260.0,285.0,260.0,2.0,60.0,18.0,0.0,0.2,0.7
1974,2,59.0,10.0,26.03,26.75,27.1,26.58,4.0,0.71,16.0,0.3,0.3,0.4,25.0,25.1,25.47,25.22,5.0,0.27,16.0,0.2,0.4,0.3,14.73,15.81,17.23,15.97,4.0,1.47,18.0,0.3,0.5,0.2,72.5,78.9,87.0,79.7,4.0,8.5,18.0,0.3,0.2,6.08,6.7,7.25,6.66,5.0,1.13,16.0,0.2,0.4,0.3,-5.46,-5.13,-3.65,-4.6,5.0,1.29,16.0,0.2,0.4,0.3,-5.55,-4.33,-3.96,-4.68,5.0,1.1,16.0,0.2,0.4,0.3,1011.53,1013.4,1014.27,1013.06,5.0,1.79,16.0,0.2,0.4,0.3,2.0,3.0,3.4,2.8,5.0,0.8,16.0,0.2,0.4,0.3,-40.5,-34.4,-22.9,-31.6,5.0,11.9,16.0,0.2,0.4,0.3,-40.6,-28.9,-22.2,-31.8,5.0,12.2,16.0,0.2,0.4,0.3,0.82,1.55,1.81,1.33,4.0,0.78,16.0,0.3,0.3,0.4,5.5,10.0,11.7,8.6,4.0,5.1,16.0,0.3,0.3,0.4,4.55,5.68,7.22,5.88,3.0,1.97,16.0,0.3,0.5,0.3,30.5,38.1,56.5,43.4,3.0,19.6,16.0,0.3,0.5,0.3,-139.5,-128.8,-91.2,-116.3,5.0,33.3,16.0,0.2,0.4,0.3,-140.2,-108.3,-99.7,-118.1,5.0,28.4,16.0,0.2,0.4,0.3,-86.1,-81.6,-76.5,-81.3,4.0,5.6,18.0,0.3,0.5,0.2,-91.2,-81.4,-60.5,-76.1,4.0,19.8,18.0,0.3,0.5,0.2,-39.0,-33.0,-22.3,-30.7,3.0,12.4,16.0,0.3,0.5,0.3,-40.6,-20.6,-19.5,-29.9,3.0,17.4,16.0,0.3,0.5,0.3,236.5,301.0,392.5,315.5,5.0,152.0,16.0,0.2,0.4,0.3,235.0,300.0,390.0,315.0,5.0,150.0,16.0,0.2,0.4,0.3
1974,2,59.0,11.0,26.5,26.5,26.5,26.5,1.0,0.0,4.0,0.0,0.8,0.3,25.5,25.5,25.5,25.5,1.0,0.0,4.0,0.0,0.8,0.3,17.89,17.89,17.89,17.89,1.0,0.0,4.0,0.0,0.8,0.3,88.2,88.2,88.2,88.2,1.0,0.0,4.0,0.0,0.3,6.2,6.2,6.2,6.2,1.0,0.0,4.0,0.0,0.8,0.3,-3.99,-3.99,-3.99,-3.99,1.0,0.0,4.0,0.0,0.8,0.3,-4.75,-4.75,-4.75,-4.75,1.0,0.0,4.0,0.0,0.8,0.3,1015.9,1015.9,1015.9,1015.9,1.0,0.0,4.0,0.0,0.8,0.3,3.0,3.0,3.0,3.0,1.0,0.0,4.0,0.0,0.8,0.3,-24.7,-24.7,-24.7,-24.7,1.0,0.0,4.0,0.0,0.8,0.3,-29.4,-29.4,-29.4,-29.4,1.0,0.0,4.0,0.0,0.8,0.3,1.0,1.0,1.0,1.0,1.0,0.0,4.0,0.0,0.8,0.3,6.2,6.2,6.2,6.2,1.0,0.0,4.0,0.0,0.8,0.3,3.69,3.69,3.69,3.69,1.0,0.0,4.0,0.0,0.8,0.3,22.9,22.9,22.9,22.9,1.0,0.0,4.0,0.0,0.8,0.3,-101.6,-101.6,-101.6,-101.6,1.0,0.0,4.0,0.0,0.8,0.3,-121.1,-121.1,-121.1,-121.1,1.0,0.0,4.0,0.0,0.8,0.3,-71.3,-71.3,-71.3,-71.3,1.0,0.0,4.0,0.0,0.8,0.3,-85.0,-85.0,-85.0,-85.0,1.0,0.0,4.0,0.0,0.8,0.3,-14.7,-14.7,-14.7,-14.7,1.0,0.0,4.0,0.0,0.8,0.3,-17.5,-17.5,-17.5,-17.5,1.0,0.0,4.0,0.0,0.8,0.3,238.5,238.5,238.5,238.5,1.0,0.0,4.0,0.0,0.8,0.3,240.0,240.0,240.0,240.0,1.0,0.0,4.0,0.0,0.8,0.3
1974,2,59.0,12.0,25.5,25.5,25.5,25.5,1.0,0.0,26.0,1.0,0.4,0.0,25.5,25.5,25.5,25.5,1.0,0.0,26.0,1.0,0.4,0.0,14.04,14.04,14.04,14.04,1.0,0.0,26.0,1.0,0.4,0.0,69.4,69.4,69.4,69.4,1.0,0.0,26.0,1.0,0.0,8.2,8.2,8.2,8.2,1.0,0.0,26.0,1.0,0.4,0.0,-5.27,-5.27,-5.27,-5.27,1.0,0.0,26.0,1.0,0.4,0.0,-6.28,-6.28,-6.28,-6.28,1.0,0.0,26.0,1.0,0.4,0.0,1016.7,1016.7,1016.7,1016.7,1.0,0.0,26.0,1.0,0.4,0.0,4.0,4.0,4.0,4.0,1.0,0.0,26.0,1.0,0.4,0.0,-43.2,-43.2,-43.2,-43.2,1.0,0.0,26.0,1.0,0.4,0.0,-51.5,-51.5,-51.5,-51.5,1.0,0.0,26.0,1.0,0.4,0.0,0.0,0.0,0.0,0.0,1.0,0.0,26.0,1.0,0.4,0.0,0.0,0.0,0.0,0.0,1.0,0.0,26.0,1.0,0.4,0.0,6.26,6.26,6.26,6.26,1.0,0.0,26.0,1.0,0.4,0.0,51.4,51.4,51.4,51.4,1.0,0.0,26.0,1.0,0.4,0.0,-134.4,-134.4,-134.4,-134.4,1.0,0.0,26.0,1.0,0.4,0.0,-160.2,-160.2,-160.2,-160.2,1.0,0.0,26.0,1.0,0.4,0.0,-74.0,-74.0,-74.0,-74.0,1.0,0.0,26.0,1.0,0.4,0.0,-88.2,-88.2,-88.2,-88.2,1.0,0.0,26.0,1.0,0.4,0.0,-33.0,-33.0,-33.0,-33.0,1.0,0.0,26.0,1.0,0.4,0.0,-39.3,-39.3,-39.3,-39.3,1.0,0.0,26.0,1.0,0.4,0.0,551.5,551.5,551.5,551.5,1.0,0.0,26.0,1.0,0.4,0.0,550.0,550.0,550.0,550.0,1.0,0.0,26.0,1.0,0.4,0.0
1974,2,59.0,13.0,25.0,25.2,25.61,25.3,3.0,0.46,14.0,0.0,0.5,0.6,23.99,24.4,25.63,24.8,3.0,1.25,14.0,0.0,0.5,0.6,13.53,14.0,16.74,15.11,3.0,2.54,14.0,0.0,0.5,0.6,73.0,73.7,81.5,77.1,3.0,6.9,14.0,0.0,0.6,6.36,6.7,8.47,7.4,3.0,1.66,14.0,0.0,0.5,0.6,-6.23,-4.31,-4.09,-5.14,3.0,1.73,14.0,0.0,0.5,0.6,-5.71,-5.13,-4.87,-5.29,3.0,0.63,14.0,0.0,0.5,0.6,1013.83,1013.9,1014.65,1014.23,3.0,0.67,14.0,0.0,0.5,0.6,0.6,2.0,4.7,2.7,3.0,3.1,14.0,0.0,0.5,0.6,-54.4,-28.9,-26.0,-39.9,3.0,22.9,14.0,0.0,0.5,0.6,-48.9,-34.4,-31.0,-39.8,3.0,13.9,14.0,0.0,0.5,0.6,-0.02,0.8,1.0,0.5,3.0,0.79,14.0,0.0,0.5,0.6,0.0,5.4,8.7,4.4,3.0,6.4,14.0,0.0,0.5,0.6,3.74,6.0,6.23,5.01,3.0,2.01,14.0,0.0,0.5,0.6,24.2,40.2,53.0,38.6,3.0,21.1,14.0,0.0,0.5,0.6,-149.1,-105.1,-104.6,-126.4,3.0,37.4,14.0,0.0,0.5,0.6,-136.9,-125.2,-124.7,-130.6,3.0,10.1,14.0,0.0,0.5,0.6,-87.5,-71.8,-63.9,-75.6,3.0,17.6,14.0,0.0,0.5,0.6,-83.7,-79.5,-74.3,-79.0,3.0,6.9,14.0,0.0,0.5,0.6,-39.0,-25.9,-15.5,-27.2,3.0,17.2,14.0,0.0,0.5,0.6,-35.6,-30.8,-18.5,-27.2,3.0,12.9,14.0,0.0,0.5,0.6,258.0,301.0,644.5,448.0,3.0,310.5,14.0,0.0,0.5,0.6,260.0,300.0,645.0,450.0,3.0,310.0,14.0,0.0,0.5,0.6
1974,2,59.0,14.0,,,,,,,,,,,,,,,,,,,,,,,,,,,,,,,,,,,,,,,,4.1,4.1,4.1,4.1,1.0,0.0,10.0,0.0,0.1,0.9,-4.1,-4.1,-4.1,-4.1,1.0,0.0,10.0,0.0,0.1,0.9,0.0,0.0,0.0,0.0,1.0,0.0,10.0,0.0,0.1,0.9,1015.6,1015.6,1015.6,1015.6,1.0,0.0,10.0,0.0,0.1,0.9,,,,,,,,,,,,,,,,,,,,,,,,,,,,,,,,,,,,,,,,,,,,,,,,,,,,,,,,,,,,,,,,,,,,,,,,,,,,,,,,,,,,,,,,,,,,,,,,,,,,,,,,,,,,,,,,,,,,,,,,,,,,,,,,,,,,,,,,,,,,,,,,,,,,,,
1974,2,59.0,15.0,24.9,25.75,26.6,25.75,2.0,1.77,14.0,0.0,0.3,0.5,23.58,23.75,23.92,23.75,2.0,0.35,14.0,0.0,0.3,0.5,13.61,13.99,14.38,13.99,2.0,0.79,14.0,0.0,0.3,0.5,75.5,76.6,77.8,76.6,2.0,2.4,14.0,0.0,0.5,8.7,8.7,8.7,8.7,1.0,0.0,26.0,0.0,0.6,0.2,-7.53,-7.53,-7.53,-7.53,1.0,0.0,26.0,0.0,0.6,0.2,-4.35,-4.35,-4.35,-4.35,1.0,0.0,26.0,0.0,0.6,0.2,1013.09,1014.8,1016.51,1014.8,2.0,3.54,14.0,0.0,0.3,0.5,0.0,0.0,0.0,0.0,2.0,0.0,14.0,0.0,0.3,0.5,-65.5,-65.5,-65.5,-65.5,1.0,0.0,26.0,0.0,0.6,0.2,-37.8,-37.8,-37.8,-37.8,1.0,0.0,26.0,0.0,0.6,0.2,1.32,2.0,2.68,2.0,2.0,1.41,14.0,0.0,0.3,0.5,8.7,8.7,8.7,8.7,1.0,0.0,26.0,0.0,0.6,0.2,6.01,6.72,7.43,6.72,2.0,1.48,14.0,0.0,0.3,0.5,49.4,49.4,49.4,49.4,1.0,0.0,26.0,0.0,0.6,0.2,-177.1,-177.1,-177.1,-177.1,1.0,0.0,26.0,0.0,0.6,0.2,-102.2,-102.2,-102.2,-102.2,1.0,0.0,26.0,0.0,0.6,0.2,-101.2,-101.2,-101.2,-101.2,1.0,0.0,26.0,0.0,0.6,0.2,-58.4,-58.4,-58.4,-58.4,1.0,0.0,26.0,0.0,0.6,0.2,-42.8,-42.8,-42.8,-42.8,1.0,0.0,26.0,0.0,0.6,0.2,-24.7,-24.7,-24.7,-24.7,1.0,0.0,26.0,0.0,0.6,0.2,658.5,658.5,658.5,658.5,1.0,0.0,26.0,0.0,0.6,0.2,660.0,660.0,660.0,660.0,1.0,0.0,26.0,0.0,0.6,0.2
1974,2,59.0,16.0,25.5,25.5,25.5,25.5,1.0,0.0,26.0,1.0,0.7,0.9,24.5,24.5,24.5,24.5,1.0,0.0,26.0,1.0,0.7,0.9,14.24,14.24,14.24,14.24,1.0,0.0,26.0,1.0,0.7,0.9,74.6,74.6,74.6,74.6,1.0,0.0,26.0,1.0,0.9,8.7,8.7,8.7,8.7,1.0,0.0,26.0,1.0,0.7,0.9,-5.59,-5.59,-5.59,-5.59,1.0,0.0,26.0,1.0,0.7,0.9,-6.66,-6.66,-6.66,-6.66,1.0,0.0,26.0,1.0,0.7,0.9,1015.3,1015.3,1015.3,1015.3,1.0,0.0,26.0,1.0,0.7,0.9,0.0,0.0,0.0,0.0,1.0,0.0,26.0,1.0,0.7,0.9,-48.7,-48.7,-48.7,-48.7,1.0,0.0,26.0,1.0,0.7,0.9,-58.0,-58.0,-58.0,-58.0,1.0,0.0,26.0,1.0,0.7,0.9,1.0,1.0,1.0,1.0,1.0,0.0,26.0,1.0,0.7,0.9,8.7,8.7,8.7,8.7,1.0,0.0,26.0,1.0,0.7,0.9,6.09,6.09,6.09,6.09,1.0,0.0,26.0,1.0,0.7,0.9,53.0,53.0,53.0,53.0,1.0,0.0,26.0,1.0,0.7,0.9,-137.0,-137.0,-137.0,-137.0,1.0,0.0,26.0,1.0,0.7,0.9,-163.3,-163.3,-163.3,-163.3,1.0,0.0,26.0,1.0,0.7,0.9,-79.6,-79.6,-79.6,-79.6,1.0,0.0,26.0,1.0,0.7,0.9,-94.9,-94.9,-94.9,-94.9,1.0,0.0,26.0,1.0,0.7,0.9,-34.1,-34.1,-34.1,-34.1,1.0,0.0,26.0,1.0,0.7,0.9,-40.6,-40.6,-40.6,-40.6,1.0,0.0,26.0,1.0,0.7,0.9,658.5,658.5,658.5,658.5,1.0,0.0,26.0,1.0,0.7,0.9,660.0,660.0,660.0,660.0,1.0,0.0,26.0,1.0,0.7,0.9
1974,2,59.0,17.0,25.1,25.1,25.1,25.1,1.0,0.0,24.0,0.0,0.0,0.0,21.3,21.3,21.3,21.3,1.0,0.0,24.0,0.0,0.0,0.0,10.75,10.75,10.75,10.75,1.0,0.0,24.0,0.0,0.0,0.0,68.6,68.6,68.6,68.6,1.0,0.0,24.0,0.0,0.0,9.8,9.8,9.8,9.8,1.0,0.0,24.0,0.0,0.0,0.0,-8.49,-8.49,-8.49,-8.49,1.0,0.0,24.0,0.0,0.0,0.0,-4.9,-4.9,-4.9,-4.9,1.0,0.0,24.0,0.0,0.0,0.0,1016.2,1016.2,1016.2,1016.2,1.0,0.0,24.0,0.0,0.0,0.0,0.0,0.0,0.0,0.0,1.0,0.0,24.0,0.0,0.0,0.0,-83.2,-83.2,-83.2,-83.2,1.0,0.0,24.0,0.0,0.0,0.0,-48.0,-48.0,-48.0,-48.0,1.0,0.0,24.0,0.0,0.0,0.0,3.8,3.8,3.8,3.8,1.0,0.0,24.0,0.0,0.0,0.0,37.2,37.2,37.2,37.2,1.0,0.0,24.0,0.0,0.0,0.0,9.08,9.08,9.08,9.08,1.0,0.0,24.0,0.0,0.0,0.0,89.0,89.0,89.0,89.0,1.0,0.0,24.0,0.0,0.0,0.0,-180.8,-180.8,-180.8,-180.8,1.0,0.0,24.0,0.0,0.0,0.0,-104.4,-104.4,-104.4,-104.4,1.0,0.0,24.0,0.0,0.0,0.0,-91.3,-91.3,-91.3,-91.3,1.0,0.0,24.0,0.0,0.0,0.0,-52.7,-52.7,-52.7,-52.7,1.0,0.0,24.0,0.0,0.0,0.0,-77.1,-77.1,-77.1,-77.1,1.0,0.0,24.0,0.0,0.0,0.0,-44.5,-44.5,-44.5,-44.5,1.0,0.0,24.0,0.0,0.0,0.0,941.0,941.0,941.0,941.0,1.0,0.0,24.0,0.0,0.0,0.0,940.0,940.0,940.0,940.0,1.0,0.0,24.0,0.0,0.0,0.0
1974,2,59.0,18.0,24.8,24.8,24.8,24.8,1.0,0.0,26.0,1.0,0.8,0.5,25.0,25.0,25.0,25.0,1.0,0.0,26.0,1.0,0.8,0.5,12.74,12.74,12.74,12.74,1.0,0.0,26.0,1.0,0.8,0.5,65.1,65.1,65.1,65.1,1.0,0.0,26.0,1.0,0.5,5.1,5.1,5.1,5.1,1.0,0.0,26.0,1.0,0.8,0.5,-3.28,-3.28,-3.28,-3.28,1.0,0.0,26.0,1.0,0.8,0.5,-3.91,-3.91,-3.91,-3.91,1.0,0.0,26.0,1.0,0.8,0.5,1019.4,1019.4,1019.4,1019.4,1.0,0.0,26.0,1.0,0.8,0.5,0.0,0.0,0.0,0.0,1.0,0.0,26.0,1.0,0.8,0.5,-16.7,-16.7,-16.7,-16.7,1.0,0.0,26.0,1.0,0.8,0.5,-19.9,-19.9,-19.9,-19.9,1.0,0.0,26.0,1.0,0.8,0.5,-0.2,-0.2,-0.2,-0.2,1.0,0.0,26.0,1.0,0.8,0.5,-1.0,-1.0,-1.0,-1.0,1.0,0.0,26.0,1.0,0.8,0.5,6.67,6.67,6.67,6.67,1.0,0.0,26.0,1.0,0.8,0.5,34.0,34.0,34.0,34.0,1.0,0.0,26.0,1.0,0.8,0.5,-82.0,-82.0,-82.0,-82.0,1.0,0.0,26.0,1.0,0.8,0.5,-97.7,-97.7,-97.7,-97.7,1.0,0.0,26.0,1.0,0.8,0.5,-41.8,-41.8,-41.8,-41.8,1.0,0.0,26.0,1.0,0.8,0.5,-49.8,-49.8,-49.8,-49.8,1.0,0.0,26.0,1.0,0.8,0.5,-21.9,-21.9,-21.9,-21.9,1.0,0.0,26.0,1.0,0.8,0.5,-26.1,-26.1,-26.1,-26.1,1.0,0.0,26.0,1.0,0.8,0.5,132.5,132.5,132.5,132.5,1.0,0.0,26.0,1.0,0.8,0.5,135.0,135.0,135.0,135.0,1.0,0.0,26.0,1.0,0.8,0.5
1974,2,59.0,19.0,23.5,24.55,25.21,24.28,6.0,1.48,14.0,0.3,0.2,0.5,21.16,21.95,23.12,22.07,6.0,0.94,14.0,0.3,0.2,0.5,10.52,10.79,11.49,10.99,4.0,0.77,16.0,0.5,0.3,0.5,66.1,67.1,72.6,69.2,4.0,5.5,16.0,0.5,0.5,5.35,7.95,8.37,7.13,6.0,1.89,14.0,0.3,0.2,0.5,-6.2,-5.27,-4.21,-5.15,6.0,2.26,14.0,0.3,0.2,0.5,-6.28,-4.83,-2.65,-4.38,6.0,2.15,14.0,0.3,0.2,0.5,1012.91,1015.45,1020.15,1015.87,6.0,4.46,14.0,0.3,0.2,0.5,0.0,1.0,3.4,1.7,6.0,2.0,14.0,0.3,0.2,0.5,-50.0,-40.7,-26.5,-39.7,6.0,22.7,14.0,0.3,0.2,0.5,-51.5,-36.6,-13.1,-32.8,6.0,19.7,14.0,0.3,0.2,0.5,1.51,2.35,3.08,2.22,6.0,1.11,14.0,0.3,0.2,0.5,6.3,17.4,26.5,16.5,6.0,10.9,14.0,0.3,0.2,0.5,5.75,8.18,8.62,7.23,4.0,2.23,16.0,0.5,0.3,0.5,36.9,57.4,70.7,54.0,4.0,20.1,16.0,0.5,0.3,0.5,-139.2,-112.5,-89.8,-113.6,6.0,52.1,14.0,0.3,0.2,0.5,-132.8,-106.1,-61.0,-95.6,6.0,44.6,14.0,0.3,0.2,0.5,-60.3,-58.3,-55.4,-57.9,4.0,3.0,16.0,0.5,0.3,0.5,-69.6,-66.1,-36.4,-53.6,4.0,28.7,16.0,0.5,0.3,0.5,-45.4,-44.4,-30.9,-38.5,4.0,12.6,16.0,0.5,0.3,0.5,-54.2,-38.7,-15.1,-34.8,4.0,23.2,16.0,0.5,0.3,0.5,160.0,504.0,588.0,423.0,6.0,250.5,14.0,0.3,0.2,0.5,160.0,505.0,590.0,425.0,6.0,250.0,14.0,0.3,0.2,0.5
1974,2,59.0,20.0,22.26,23.2,24.0,23.37,30.0,1.04,18.0,0.5,0.2,0.5,21.25,23.2,26.25,23.82,31.0,2.56,18.0,0.5,0.2,0.5,10.26,11.8,12.71,11.45,18.0,1.41,14.0,0.6,0.3,0.4,59.5,66.0,72.0,65.4,18.0,7.2,14.0,0.6,0.4,2.6,4.6,6.17,4.61,27.0,2.66,18.0,0.6,0.2,0.4,-4.62,-2.44,-0.16,-2.3,27.0,2.87,18.0,0.6,0.2,0.4,-4.2,0.0,2.96,-0.72,27.0,3.86,18.0,0.6,0.2,0.4,1013.38,1015.3,1017.92,1015.75,31.0,2.82,18.0,0.5,0.2,0.5,0.0,1.0,2.4,1.7,30.0,2.1,18.0,0.5,0.2,0.5,-32.0,-8.9,-0.2,-9.8,27.0,26.1,18.0,0.6,0.2,0.4,-23.5,0.0,8.9,-9.4,27.0,36.6,18.0,0.6,0.2,0.4,-3.96,0.15,1.64,-0.53,30.0,2.65,18.0,0.5,0.2,0.5,-16.3,0.7,9.2,-1.4,26.0,15.3,16.0,0.5,0.3,0.4,4.91,5.86,7.93,6.2,17.0,1.73,14.0,0.5,0.3,0.5,10.5,25.1,38.8,25.6,16.0,16.5,14.0,0.5,0.3,0.4,-107.0,-53.3,-3.9,-54.6,27.0,65.5,18.0,0.6,0.2,0.4,-97.6,0.0,74.6,-12.8,27.0,88.9,18.0,0.6,0.2,0.4,-51.9,-33.0,-16.6,-32.4,17.0,22.6,14.0,0.5,0.3,0.4,-49.3,-9.0,15.5,-11.6,17.0,34.5,14.0,0.5,0.3,0.4,-31.1,-16.4,-6.1,-18.2,16.0,14.1,14.0,0.5,0.3,0.4,-24.9,-2.1,8.6,-6.9,16.0,19.1,14.0,0.5,0.3,0.4,17.5,97.5,235.5,219.0,27.0,521.0,18.0,0.6,0.2,0.4,20.0,95.0,235.0,220.0,27.0,520.0,18.0,0.6,0.2,0.4
1974,2,59.0,21.0,22.0,23.0,24.0,23.03,27.0,1.2,14.0,0.4,0.6,0.3,20.0,21.9,24.72,22.26,28.0,2.17,16.0,0.5,0.6,0.3,8.83,11.8,12.83,10.89,19.0,2.22,16.0,0.4,0.6,0.3,54.0,68.3,79.0,66.9,19.0,13.2,16.0,0.4,0.3,2.24,4.1,7.92,4.66,28.0,2.93,16.0,0.5,0.6,0.3,-5.22,-2.86,-0.1,-2.77,28.0,3.09,16.0,0.5,0.6,0.3,-5.36,-2.28,0.67,-2.31,28.0,2.84,16.0,0.5,0.6,0.3,1014.06,1016.3,1019.04,1016.24,27.0,2.72,16.0,0.5,0.6,0.3,0.0,0.5,2.0,1.1,28.0,1.6,16.0,0.5,0.6,0.3,-36.3,-11.1,-0.1,-17.6,28.0,28.8,16.0,0.5,0.6,0.3,-42.2,-7.7,0.7,-16.9,28.0,22.3,16.0,0.5,0.6,0.3,-1.9,1.4,2.79,0.8,27.0,2.45,14.0,0.4,0.6,0.3,-5.1,4.7,18.1,6.4,27.0,15.8,14.0,0.4,0.6,0.3,4.59,5.83,8.69,6.38,18.0,2.32,16.0,0.4,0.6,0.3,9.7,21.2,65.6,32.9,18.0,27.5,16.0,0.4,0.6,0.3,-105.8,-62.4,-2.1,-59.8,28.0,66.0,16.0,0.5,0.6,0.3,-111.6,-49.3,17.5,-49.0,28.0,60.7,16.0,0.5,0.6,0.3,-50.1,-26.2,0.0,-25.5,19.0,29.5,16.0,0.4,0.6,0.3,-47.0,-21.7,2.5,-19.7,19.0,28.8,16.0,0.4,0.6,0.3,-30.7,-14.8,-1.1,-13.7,18.0,25.1,16.0,0.4,0.6,0.3,-42.1,-10.5,1.9,-18.7,18.0,26.5,16.0,0.4,0.6,0.3,11.5,69.0,500.5,226.0,28.0,328.0,16.0,0.5,0.6,0.3,10.0,70.0,500.0,225.0,28.0,330.0,16.0,0.5,0.6,0.3
1974,2,59.0,22.0,22.0,22.5,23.89,22.79,17.0,0.92,14.0,0.7,0.8,0.4,20.95,22.8,24.65,22.76,18.0,1.91,16.0,0.7,0.8,0.4,9.8,12.28,12.5,11.47,11.0,2.0,16.0,0.6,0.9,0.5,60.7,70.3,78.3,68.7,11.0,10.9,16.0,0.6,0.5,1.54,4.1,7.03,4.26,17.0,2.8,14.0,0.6,0.8,0.4,-3.94,-1.53,2.27,-0.9,17.0,3.46,14.0,0.6,0.8,0.4,-4.75,-1.29,1.89,-1.51,17.0,3.45,14.0,0.6,0.8,0.4,1014.57,1017.45,1020.51,1017.3,18.0,3.21,16.0,0.7,0.8,0.4,0.0,1.0,5.4,2.0,17.0,2.9,16.0,0.7,0.8,0.5,-19.1,-3.1,13.4,-1.4,17.0,26.2,14.0,0.6,0.8,0.4,-30.6,-2.6,6.4,-12.6,17.0,24.3,14.0,0.6,0.8,0.4,-2.73,0.1,1.89,-0.06,17.0,2.31,14.0,0.7,0.8,0.4,-11.9,0.3,10.7,-1.6,16.0,14.3,14.0,0.7,0.7,0.4,4.17,5.84,7.29,5.8,10.0,2.06,16.0,0.7,0.9,0.4,8.5,22.8,44.8,26.5,9.0,20.0,16.0,0.7,0.9,0.4,-88.7,-37.5,51.4,-20.5,17.0,80.1,14.0,0.6,0.8,0.4,-113.1,-31.5,44.1,-35.4,17.0,80.5,14.0,0.6,0.8,0.4,-39.5,-18.3,6.1,-13.4,10.0,28.8,16.0,0.6,0.9,0.4,-41.1,3.0,28.6,-0.3,10.0,36.6,16.0,0.6,0.9,0.4,-23.2,-14.6,2.6,-8.0,9.0,22.5,16.0,0.7,0.9,0.4,-29.5,2.0,16.7,-4.6,9.0,24.2,16.0,0.7,0.9,0.4,5.0,69.0,364.5,178.0,17.0,259.5,14.0,0.6,0.8,0.4,5.0,70.0,365.0,180.0,17.0,260.0,14.0,0.6,0.8,0.4
1974,2,59.0,23.0,21.6,22.5,23.3,22.55,45.0,0.93,12.0,0.5,0.4,0.4,19.91,21.8,24.18,21.99,44.0,2.2,14.0,0.5,0.4,0.4,7.98,10.2,12.34,10.07,29.0,2.48,12.0,0.4,0.4,0.4,48.4,63.1,76.0,62.7,29.0,12.9,12.0,0.4,0.4,2.41,5.7,8.2,5.3,41.0,2.62,12.0,0.5,0.4,0.4,-5.21,-1.42,2.35,-1.39,41.0,3.59,12.0,0.5,0.4,0.4,-4.88,0.0,5.34,-0.01,41.0,4.56,12.0,0.5,0.4,0.4,1014.28,1017.2,1020.5,1017.1,45.0,3.38,14.0,0.5,0.4,0.4,0.0,1.5,4.0,1.9,46.0,2.1,12.0,0.5,0.4,0.4,-36.2,-6.7,9.8,-9.7,41.0,25.8,12.0,0.5,0.4,0.4,-30.8,0.0,36.9,1.4,41.0,32.9,12.0,0.5,0.4,0.4,-1.15,0.75,2.4,0.53,42.0,1.99,12.0,0.5,0.4,0.4,-7.4,1.4,10.0,0.5,37.0,10.7,12.0,0.5,0.4,0.4,4.79,7.27,8.97,6.67,27.0,2.21,12.0,0.4,0.4,0.4,23.8,38.3,47.4,36.8,24.0,18.2,12.0,0.5,0.4,0.4,-103.4,-28.7,61.1,-25.1,39.0,76.2,12.0,0.5,0.4,0.4,-108.2,0.0,127.3,-1.6,39.0,104.1,12.0,0.5,0.4,0.4,-59.6,-13.9,34.5,-12.8,26.0,40.9,12.0,0.5,0.4,0.4,-50.1,-3.6,74.2,-0.1,26.0,55.2,12.0,0.5,0.4,0.4,-28.5,-10.4,6.3,-8.6,24.0,26.0,12.0,0.5,0.4,0.4,-38.0,0.0,22.5,-7.7,24.0,30.5,12.0,0.5,0.4,0.4,15.5,185.0,551.5,245.0,41.0,213.5,12.0,0.5,0.4,0.4,15.0,185.0,550.0,245.0,41.0,215.0,12.0,0.5,0.4,0.4
1974,2,59.0,24.0,21.17,22.0,23.13,22.33,12.0,1.19,16.0,0.6,0.3,0.2,17.97,21.45,22.93,20.72,12.0,2.56,16.0,0.6,0.4,0.2,8.73,11.06,11.69,10.55,10.0,2.18,16.0,0.6,0.3,0.1,57.4,66.8,85.6,68.9,10.0,14.5,16.0,0.6,0.1,4.55,6.2,8.37,6.27,13.0,2.8,14.0,0.6,0.3,0.2,-2.72,0.0,6.44,1.88,13.0,5.04,14.0,0.6,0.3,0.2,-5.05,-3.35,2.86,-1.6,13.0,4.29,14.0,0.6,0.3,0.2,1013.17,1016.6,1019.73,1016.53,13.0,3.38,14.0,0.6,0.3,0.2,0.0,3.0,4.0,2.6,13.0,1.8,14.0,0.6,0.3,0.2,-16.0,0.0,47.4,18.4,13.0,43.3,14.0,0.6,0.3,0.2,-50.1,-16.8,15.3,-11.8,13.0,33.6,14.0,0.6,0.3,0.2,-0.04,1.0,4.39,1.89,11.0,2.6,16.0,0.5,0.3,0.1,-0.2,0.0,33.8,14.4,11.0,25.3,16.0,0.5,0.3,0.1,4.31,5.31,7.33,5.87,9.0,2.27,16.0,0.6,0.3,0.1,13.6,28.2,45.0,30.3,9.0,18.4,16.0,0.6,0.3,0.1,-48.1,44.8,131.5,46.5,12.0,100.8,16.0,0.6,0.4,0.2,-97.4,-75.8,36.5,-35.9,12.0,91.5,16.0,0.6,0.4,0.2,-27.7,0.0,56.7,9.2,10.0,44.4,16.0,0.6,0.3,0.1,-55.5,-35.3,39.8,-14.4,10.0,50.7,16.0,0.6,0.3,0.1,-12.0,0.0,34.6,5.9,9.0,24.8,16.0,0.6,0.3,0.1,-25.0,-9.3,24.3,-5.5,9.0,26.1,16.0,0.6,0.3,0.1,94.5,238.5,594.5,375.5,13.0,394.0,14.0,0.6,0.3,0.2,95.0,240.0,595.0,375.0,13.0,395.0,14.0,0.6,0.3,0.2
1974,2,59.0,25.0,,,,,,,,,,,,,,,,,,,,,,,,,,,,,,,,,,,,,,,,2.0,4.6,8.67,5.3,4.0,3.98,12.0,0.5,0.5,0.2,-6.15,-1.73,1.76,-2.17,4.0,4.62,12.0,0.5,0.5,0.2,-5.15,-0.64,0.18,-2.4,4.0,4.23,12.0,0.5,0.5,0.2,1016.06,1018.5,1020.63,1018.35,4.0,2.74,12.0,0.5,0.5,0.2,,,,,,,,,,,,,,,,,,,,,,,,,,,,,,,,,,,,,,,,,,,,,,,,,,,,,,,,,,,,,,,,,,,,,,,,,,,,,,,,,,,,,,,,,,,,,,,,,,,,,,,,,,,,,,,,,,,,,,,,,,,,,,,,,,,,,,,,,,,,,,,,,,,,,,
1974,2,60.0,-67.0,-0.6,-0.6,-0.6,-0.6,1.0,0.0,22.0,1.0,0.6,0.8,-3.6,-3.6,-3.6,-3.6,1.0,0.0,22.0,1.0,0.6,0.8,2.69,2.69,2.69,2.69,1.0,0.0,22.0,1.0,0.6,0.8,91.4,91.4,91.4,91.4,1.0,0.0,22.0,1.0,0.8,6.2,6.2,6.2,6.2,1.0,0.0,22.0,1.0,0.6,0.8,-5.37,-5.37,-5.37,-5.37,1.0,0.0,22.0,1.0,0.6,0.8,-3.1,-3.1,-3.1,-3.1,1.0,0.0,22.0,1.0,0.6,0.8,995.8,995.8,995.8,995.8,1.0,0.0,22.0,1.0,0.6,0.8,7.0,7.0,7.0,7.0,1.0,0.0,22.0,1.0,0.6,0.8,-33.3,-33.3,-33.3,-33.3,1.0,0.0,22.0,1.0,0.6,0.8,-19.2,-19.2,-19.2,-19.2,1.0,0.0,22.0,1.0,0.6,0.8,3.0,3.0,3.0,3.0,1.0,0.0,22.0,1.0,0.6,0.8,18.6,18.6,18.6,18.6,1.0,0.0,22.0,1.0,0.6,0.8,0.99,0.99,0.99,0.99,1.0,0.0,22.0,1.0,0.6,0.8,6.1,6.1,6.1,6.1,1.0,0.0,22.0,1.0,0.6,0.8,19.3,19.3,19.3,19.3,1.0,0.0,22.0,1.0,0.6,0.8,11.2,11.2,11.2,11.2,1.0,0.0,22.0,1.0,0.6,0.8,-14.5,-14.5,-14.5,-14.5,1.0,0.0,22.0,1.0,0.6,0.8,-8.3,-8.3,-8.3,-8.3,1.0,0.0,22.0,1.0,0.6,0.8,-5.3,-5.3,-5.3,-5.3,1.0,0.0,22.0,1.0,0.6,0.8,-3.1,-3.1,-3.1,-3.1,1.0,0.0,22.0,1.0,0.6,0.8,238.5,238.5,238.5,238.5,1.0,0.0,22.0,1.0,0.6,0.8,240.0,240.0,240.0,240.0,1.0,0.0,22.0,1.0,0.6,0.8
1974,2,60.0,-66.0,,,,,,,,,,,,,,,,,,,,,,,,,,,,,,,,,,,,,,,,7.7,7.7,7.7,7.7,1.0,0.0,26.0,1.0,0.5,1.0,1.34,1.34,1.34,1.34,1.0,0.0,26.0,1.0,0.5,1.0,-7.58,-7.58,-7.58,-7.58,1.0,0.0,26.0,1.0,0.5,1.0,986.1,986.1,986.1,986.1,1.0,0.0,26.0,1.0,0.5,1.0,,,,,,,,,,,,,,,,,,,,,,,,,,,,,,,,,,,,,,,,,,,,,,,,,,,,,,,,,,,,,,,,,,,,,,,,,,,,,,,,,,,,,,,,,,,,,,,,,,,,,,,,,,,,,,,,,,,,,,,,,,,,,,,,,,,,,,,,,,,,,,,,,,,,,,
1974,2,60.0,-65.0,,,,,,,,,,,,,,,,,,,,,,,,,,,,,,,,,,,,,,,,8.0,8.0,8.0,8.0,1.0,0.0,26.0,1.0,0.5,1.0,1.39,1.39,1.39,1.39,1.0,0.0,26.0,1.0,0.5,1.0,-7.88,-7.88,-7.88,-7.88,1.0,0.0,26.0,1.0,0.5,1.0,986.1,986.1,986.1,986.1,1.0,0.0,26.0,1.0,0.5,1.0,,,,,,,,,,,,,,,,,,,,,,,,,,,,,,,,,,,,,,,,,,,,,,,,,,,,,,,,,,,,,,,,,,,,,,,,,,,,,,,,,,,,,,,,,,,,,,,,,,,,,,,,,,,,,,,,,,,,,,,,,,,,,,,,,,,,,,,,,,,,,,,,,,,,,,
1974,2,60.0,-45.0,,,,,,,,,,,,,,,,,,,,,,,,,,,,,,,,,,,,,,,,12.3,12.3,12.3,12.3,1.0,0.0,2.0,1.0,0.0,0.5,4.21,4.21,4.21,4.21,1.0,0.0,2.0,1.0,0.0,0.5,-11.56,-11.56,-11.56,-11.56,1.0,0.0,2.0,1.0,0.0,0.5,999.8,999.8,999.8,999.8,1.0,0.0,2.0,1.0,0.0,0.5,,,,,,,,,,,,,,,,,,,,,,,,,,,,,,,,,,,,,,,,,,,,,,,,,,,,,,,,,,,,,,,,,,,,,,,,,,,,,,,,,,,,,,,,,,,,,,,,,,,,,,,,,,,,,,,,,,,,,,,,,,,,,,,,,,,,,,,,,,,,,,,,,,,,,,
1974,2,60.0,-40.0,19.3,19.3,19.3,19.3,1.0,0.0,28.0,1.0,0.0,0.2,19.8,19.8,19.8,19.8,1.0,0.0,28.0,1.0,0.0,0.2,12.62,12.62,12.62,12.62,1.0,0.0,28.0,1.0,0.0,0.2,88.2,88.2,88.2,88.2,1.0,0.0,28.0,1.0,0.2,7.2,7.2,7.2,7.2,1.0,0.0,28.0,1.0,0.0,0.2,6.77,6.77,6.77,6.77,1.0,0.0,28.0,1.0,0.0,0.2,-2.46,-2.46,-2.46,-2.46,1.0,0.0,28.0,1.0,0.0,0.2,1016.0,1016.0,1016.0,1016.0,1.0,0.0,28.0,1.0,0.0,0.2,8.0,8.0,8.0,8.0,1.0,0.0,28.0,1.0,0.0,0.2,48.7,48.7,48.7,48.7,1.0,0.0,28.0,1.0,0.0,0.2,-17.7,-17.7,-17.7,-17.7,1.0,0.0,28.0,1.0,0.0,0.2,-0.5,-0.5,-0.5,-0.5,1.0,0.0,28.0,1.0,0.0,0.2,-3.6,-3.6,-3.6,-3.6,1.0,0.0,28.0,1.0,0.0,0.2,1.25,1.25,1.25,1.25,1.0,0.0,28.0,1.0,0.0,0.2,9.0,9.0,9.0,9.0,1.0,0.0,28.0,1.0,0.0,0.2,134.0,134.0,134.0,134.0,1.0,0.0,28.0,1.0,0.0,0.2,-48.8,-48.8,-48.8,-48.8,1.0,0.0,28.0,1.0,0.0,0.2,85.4,85.4,85.4,85.4,1.0,0.0,28.0,1.0,0.0,0.2,-31.1,-31.1,-31.1,-31.1,1.0,0.0,28.0,1.0,0.0,0.2,8.5,8.5,8.5,8.5,1.0,0.0,28.0,1.0,0.0,0.2,-3.1,-3.1,-3.1,-3.1,1.0,0.0,28.0,1.0,0.0,0.2,373.0,373.0,373.0,373.0,1.0,0.0,28.0,1.0,0.0,0.2,375.0,375.0,375.0,375.0,1.0,0.0,28.0,1.0,0.0,0.2
1974,2,60.0,-34.0,24.2,24.2,24.2,24.2,1.0,0.0,6.0,1.0,0.0,0.9,25.7,25.7,25.7,25.7,1.0,0.0,6.0,1.0,0.0,0.9,15.85,15.85,15.85,15.85,1.0,0.0,6.0,1.0,0.0,0.9,78.1,78.1,78.1,78.1,1.0,0.0,6.0,1.0,0.9,6.2,6.2,6.2,6.2,1.0,0.0,6.0,1.0,0.0,0.9,-6.11,-6.11,-6.11,-6.11,1.0,0.0,6.0,1.0,0.0,0.9,-1.08,-1.08,-1.08,-1.08,1.0,0.0,6.0,1.0,0.0,0.9,1026.7,1026.7,1026.7,1026.7,1.0,0.0,6.0,1.0,0.0,0.9,3.0,3.0,3.0,3.0,1.0,0.0,6.0,1.0,0.0,0.9,-37.9,-37.9,-37.9,-37.9,1.0,0.0,6.0,1.0,0.0,0.9,-6.7,-6.7,-6.7,-6.7,1.0,0.0,6.0,1.0,0.0,0.9,-1.5,-1.5,-1.5,-1.5,1.0,0.0,6.0,1.0,0.0,0.9,-9.3,-9.3,-9.3,-9.3,1.0,0.0,6.0,1.0,0.0,0.9,2.74,2.74,2.74,2.74,1.0,0.0,6.0,1.0,0.0,0.9,17.0,17.0,17.0,17.0,1.0,0.0,6.0,1.0,0.0,0.9,-156.9,-156.9,-156.9,-156.9,1.0,0.0,6.0,1.0,0.0,0.9,-27.7,-27.7,-27.7,-27.7,1.0,0.0,6.0,1.0,0.0,0.9,-96.8,-96.8,-96.8,-96.8,1.0,0.0,6.0,1.0,0.0,0.9,-17.1,-17.1,-17.1,-17.1,1.0,0.0,6.0,1.0,0.0,0.9,-16.7,-16.7,-16.7,-16.7,1.0,0.0,6.0,1.0,0.0,0.9,-2.9,-2.9,-2.9,-2.9,1.0,0.0,6.0,1.0,0.0,0.9,238.5,238.5,238.5,238.5,1.0,0.0,6.0,1.0,0.0,0.9,240.0,240.0,240.0,240.0,1.0,0.0,6.0,1.0,0.0,0.9
1974,2,60.0,-31.0,24.99,25.6,26.21,25.6,2.0,1.27,12.0,0.0,0.5,0.6,23.56,23.7,23.84,23.7,2.0,0.28,12.0,0.0,0.5,0.6,14.52,15.11,15.69,15.11,2.0,1.21,12.0,0.0,0.5,0.6,80.9,83.4,85.8,83.4,2.0,5.1,12.0,0.0,0.6,4.41,6.15,7.89,6.15,2.0,3.61,12.0,0.0,0.5,0.6,-7.16,-4.99,-2.81,-4.99,2.0,4.51,12.0,0.0,0.5,0.6,-3.1,-3.05,-3.0,-3.05,2.0,0.1,12.0,0.0,0.5,0.6,1019.54,1020.05,1020.56,1020.05,2.0,1.06,12.0,0.0,0.5,0.6,2.2,2.5,2.8,2.5,2.0,0.7,12.0,0.0,0.5,0.6,-60.9,-38.8,-16.7,-38.8,2.0,45.7,12.0,0.0,0.5,0.6,-23.6,-18.6,-13.6,-18.6,2.0,10.4,12.0,0.0,0.5,0.6,1.15,1.9,2.65,1.9,2.0,1.56,12.0,0.0,0.5,0.6,6.6,14.5,22.4,14.5,2.0,16.4,12.0,0.0,0.5,0.6,3.95,5.28,6.61,5.28,2.0,2.75,12.0,0.0,0.5,0.6,20.1,37.4,54.8,37.4,2.0,35.9,12.0,0.0,0.5,0.6,-168.5,-117.6,-66.7,-117.6,2.0,105.4,12.0,0.0,0.5,0.6,-73.8,-72.2,-70.7,-72.2,2.0,3.2,12.0,0.0,0.5,0.6,-102.6,-72.6,-42.7,-72.6,2.0,62.1,12.0,0.0,0.5,0.6,-48.6,-46.1,-43.6,-46.1,2.0,5.2,12.0,0.0,0.5,0.6,-50.6,-32.5,-14.4,-32.5,2.0,37.5,12.0,0.0,0.5,0.6,-19.7,-15.9,-12.2,-15.9,2.0,7.8,12.0,0.0,0.5,0.6,144.0,352.5,561.5,352.5,2.0,432.5,12.0,0.0,0.5,0.6,145.0,355.0,560.0,355.0,2.0,435.0,12.0,0.0,0.5,0.6
1974,2,60.0,-30.0,23.78,24.8,26.3,25.03,3.0,1.86,10.0,0.7,0.6,0.9,24.06,24.2,24.95,24.5,3.0,0.7,10.0,0.7,0.6,0.9,14.16,15.43,17.32,15.73,3.0,2.33,10.0,0.7,0.6,0.9,76.4,82.3,88.2,82.3,3.0,8.6,10.0,0.7,0.9,6.52,7.2,7.88,7.2,2.0,1.41,10.0,1.0,0.5,0.9,-6.94,-6.6,-6.26,-6.6,2.0,0.7,10.0,1.0,0.5,0.9,-3.62,-2.59,-1.56,-2.59,2.0,2.14,10.0,1.0,0.5,0.9,1016.38,1017.2,1019.04,1017.7,3.0,2.0,10.0,0.7,0.6,0.9,6.3,7.0,7.7,7.0,3.0,1.0,10.0,0.7,0.6,0.9,-55.0,-48.0,-41.1,-48.0,2.0,14.4,10.0,1.0,0.5,0.9,-29.3,-20.1,-11.0,-20.1,2.0,19.1,10.0,1.0,0.5,0.9,-0.29,0.6,1.35,0.53,3.0,1.2,10.0,0.7,0.6,0.9,5.8,7.7,9.6,7.7,2.0,4.0,10.0,1.0,0.5,0.9,4.02,4.05,4.12,4.07,3.0,0.07,10.0,0.7,0.6,0.9,26.2,29.0,31.9,29.0,2.0,5.9,10.0,1.0,0.5,0.9,-169.1,-163.2,-157.2,-163.2,2.0,12.3,10.0,1.0,0.5,0.9,-87.8,-63.2,-38.7,-63.2,2.0,50.9,10.0,1.0,0.5,0.9,-110.9,-110.4,-109.8,-110.4,2.0,1.1,10.0,1.0,0.5,0.9,-56.3,-41.4,-26.5,-41.4,2.0,30.9,10.0,1.0,0.5,0.9,-28.1,-26.6,-25.1,-26.6,2.0,3.0,10.0,1.0,0.5,0.9,-14.6,-10.5,-6.3,-10.5,2.0,8.7,10.0,1.0,0.5,0.9,288.0,395.0,501.5,395.0,2.0,221.5,10.0,1.0,0.5,0.9,290.0,395.0,500.0,395.0,2.0,220.0,10.0,1.0,0.5,0.9
1974,2,60.0,-29.0,24.14,24.45,24.76,24.45,2.0,0.64,18.0,0.5,0.8,0.3,23.71,24.15,24.59,24.15,2.0,0.92,18.0,0.5,0.8,0.3,14.68,15.06,15.44,15.06,2.0,0.79,18.0,0.5,0.8,0.3,80.5,80.6,80.7,80.6,2.0,0.2,18.0,0.5,0.3,5.17,6.4,7.63,6.4,2.0,2.55,18.0,0.5,0.8,0.3,-6.66,-5.71,-4.76,-5.71,2.0,1.96,18.0,0.5,0.8,0.3,-0.67,1.26,3.2,1.26,2.0,4.01,18.0,0.5,0.8,0.3,1016.13,1016.4,1016.67,1016.4,2.0,0.57,18.0,0.5,0.8,0.3,2.8,4.5,6.2,4.5,2.0,3.5,18.0,0.5,0.8,0.3,-52.1,-39.1,-26.0,-39.1,2.0,27.1,18.0,0.5,0.8,0.3,-0.8,13.2,27.1,13.2,2.0,28.9,18.0,0.5,0.8,0.3,0.16,0.3,0.44,0.3,2.0,0.28,18.0,0.5,0.8,0.3,1.0,2.3,3.5,2.3,2.0,2.6,18.0,0.5,0.8,0.3,3.98,4.01,4.04,4.01,2.0,0.06,18.0,0.5,0.8,0.3,20.6,25.8,30.9,25.8,2.0,10.6,18.0,0.5,0.8,0.3,-157.4,-137.0,-116.7,-137.0,2.0,42.2,18.0,0.5,0.8,0.3,-17.5,28.7,74.9,28.7,2.0,95.7,18.0,0.5,0.8,0.3,-97.3,-85.2,-73.1,-85.2,2.0,25.1,18.0,0.5,0.8,0.3,-11.2,17.4,46.1,17.4,2.0,59.4,18.0,0.5,0.8,0.3,-27.0,-23.0,-19.0,-23.0,2.0,8.2,18.0,0.5,0.8,0.3,-2.6,5.2,13.0,5.2,2.0,16.2,18.0,0.5,0.8,0.3,169.5,324.5,479.5,324.5,2.0,321.0,18.0,0.5,0.8,0.3,170.0,325.0,480.0,325.0,2.0,320.0,18.0,0.5,0.8,0.3
1974,2,60.0,-28.0,25.16,25.5,25.84,25.5,2.0,0.71,14.0,1.0,0.6,0.2,24.6,24.6,24.6,24.6,1.0,0.0,22.0,1.0,0.8,0.3,13.21,13.21,13.21,13.21,1.0,0.0,22.0,1.0,0.8,0.3,68.8,68.8,68.8,68.8,1.0,0.0,22.0,1.0,0.3,10.96,11.3,11.64,11.3,2.0,0.71,14.0,1.0,0.6,0.2,-11.09,-9.95,-8.8,-9.95,2.0,2.37,14.0,1.0,0.6,0.2,2.83,4.5,6.17,4.5,2.0,3.46,14.0,1.0,0.6,0.2,1015.38,1016.85,1018.32,1016.85,2.0,3.04,14.0,1.0,0.6,0.2,0.5,1.5,2.5,1.5,2.0,2.1,14.0,1.0,0.6,0.2,-129.5,-113.2,-96.9,-113.2,2.0,33.8,14.0,1.0,0.6,0.2,32.2,49.6,66.9,49.6,2.0,35.9,14.0,1.0,0.6,0.2,0.4,0.4,0.4,0.4,1.0,0.0,22.0,1.0,0.8,0.3,4.3,4.3,4.3,4.3,1.0,0.0,22.0,1.0,0.8,0.3,6.53,6.53,6.53,6.53,1.0,0.0,22.0,1.0,0.8,0.3,70.5,70.5,70.5,70.5,1.0,0.0,22.0,1.0,0.8,0.3,-203.5,-203.5,-203.5,-203.5,1.0,0.0,22.0,1.0,0.8,0.3,170.8,170.8,170.8,170.8,1.0,0.0,22.0,1.0,0.8,0.3,-109.3,-109.3,-109.3,-109.3,1.0,0.0,22.0,1.0,0.8,0.3,91.7,91.7,91.7,91.7,1.0,0.0,22.0,1.0,0.8,0.3,-54.0,-54.0,-54.0,-54.0,1.0,0.0,22.0,1.0,0.8,0.3,45.3,45.3,45.3,45.3,1.0,0.0,22.0,1.0,0.8,0.3,1320.5,1451.5,1582.0,1451.5,2.0,271.0,14.0,1.0,0.6,0.2,1320.0,1450.0,1580.0,1450.0,2.0,270.0,14.0,1.0,0.6,0.2
1974,2,60.0,-27.0,25.0,25.0,25.0,25.0,1.0,0.0,22.0,0.0,0.3,0.7,24.0,24.0,24.0,24.0,2.0,0.0,16.0,0.0,0.2,0.5,14.38,15.47,16.56,15.47,2.0,2.26,16.0,0.0,0.2,0.5,77.7,83.4,89.2,83.4,2.0,11.9,16.0,0.0,0.5,11.55,12.1,12.65,12.1,2.0,1.13,16.0,0.0,0.2,0.5,-10.77,-9.91,-9.06,-9.91,2.0,1.78,16.0,0.0,0.2,0.5,-4.27,0.41,5.09,0.41,2.0,9.7,16.0,0.0,0.2,0.5,1014.32,1015.0,1015.68,1015.0,2.0,1.41,16.0,0.0,0.2,0.5,3.8,5.5,7.2,5.5,2.0,3.5,16.0,0.0,0.2,0.5,-136.8,-121.0,-105.2,-121.0,2.0,32.7,16.0,0.0,0.2,0.5,-57.0,-0.6,55.8,-0.6,2.0,116.9,16.0,0.0,0.2,0.5,1.0,1.0,1.0,1.0,1.0,0.0,22.0,0.0,0.3,0.7,11.3,11.3,11.3,11.3,1.0,0.0,22.0,0.0,0.3,0.7,5.84,5.84,5.84,5.84,1.0,0.0,22.0,0.0,0.3,0.7,66.0,66.0,66.0,66.0,1.0,0.0,22.0,0.0,0.3,0.7,-258.5,-237.9,-217.3,-237.9,2.0,42.7,16.0,0.0,0.2,0.5,-102.6,9.8,122.1,9.8,2.0,232.7,16.0,0.0,0.2,0.5,-179.5,-155.4,-131.3,-155.4,2.0,49.9,16.0,0.0,0.2,0.5,-76.6,-4.6,67.3,-4.6,2.0,149.1,16.0,0.0,0.2,0.5,-50.5,-50.5,-50.5,-50.5,1.0,0.0,22.0,0.0,0.3,0.7,42.4,42.4,42.4,42.4,1.0,0.0,22.0,0.0,0.3,0.7,1554.5,1795.0,2035.0,1795.0,2.0,497.5,16.0,0.0,0.2,0.5,1555.0,1795.0,2035.0,1795.0,2.0,500.0,16.0,0.0,0.2,0.5
1974,2,60.0,-23.0,26.03,26.1,26.17,26.1,3.0,0.1,4.0,0.7,0.4,0.4,25.66,26.0,26.0,25.83,3.0,0.29,4.0,0.7,0.4,0.4,15.95,16.47,17.4,16.67,3.0,1.08,4.0,0.7,0.4,0.4,76.4,78.6,84.8,80.5,3.0,6.4,4.0,0.7,0.4,6.02,6.7,8.07,7.03,3.0,1.53,4.0,0.7,0.4,0.4,-8.07,-6.7,-6.02,-7.03,3.0,1.53,4.0,0.7,0.4,0.4,0.0,0.0,0.0,0.0,3.0,0.0,4.0,0.7,0.4,0.4,1012.93,1013.0,1015.59,1014.23,3.0,2.22,4.0,0.7,0.4,0.4,2.0,2.0,4.0,3.0,3.0,1.7,4.0,0.7,0.4,0.4,-65.9,-44.9,-36.4,-51.0,3.0,22.2,4.0,0.7,0.4,0.4,0.0,0.0,0.0,0.0,3.0,0.0,4.0,0.7,0.4,0.4,0.13,0.2,0.4,0.27,3.0,0.21,4.0,0.7,0.4,0.4,1.0,1.1,2.6,1.8,3.0,1.4,4.0,0.7,0.4,0.4,3.64,4.66,5.21,4.43,3.0,1.17,4.0,0.7,0.4,0.4,24.4,31.2,37.6,31.0,3.0,9.7,4.0,0.7,0.4,0.4,-208.6,-170.8,-155.4,-181.7,3.0,40.1,4.0,0.7,0.4,0.4,0.0,0.0,0.0,0.0,3.0,0.0,4.0,0.7,0.4,0.4,-135.7,-119.5,-99.1,-117.4,3.0,26.9,4.0,0.7,0.4,0.4,0.0,0.0,0.0,0.0,3.0,0.0,4.0,0.7,0.4,0.4,-37.6,-31.2,-24.4,-31.0,3.0,9.7,4.0,0.7,0.4,0.4,0.0,0.0,0.0,0.0,3.0,0.0,4.0,0.7,0.4,0.4,222.0,301.0,545.0,381.5,3.0,247.0,4.0,0.7,0.4,0.4,220.0,300.0,545.0,380.0,3.0,245.0,4.0,0.7,0.4,0.4
1974,2,60.0,-22.0,26.7,26.7,26.7,26.7,1.0,0.0,24.0,1.0,0.5,0.9,26.6,26.6,26.6,26.6,1.0,0.0,24.0,1.0,0.5,0.9,19.01,19.01,19.01,19.01,1.0,0.0,24.0,1.0,0.5,0.9,87.2,87.2,87.2,87.2,1.0,0.0,24.0,1.0,0.9,10.8,10.8,10.8,10.8,1.0,0.0,24.0,1.0,0.5,0.9,-10.8,-10.8,-10.8,-10.8,1.0,0.0,24.0,1.0,0.5,0.9,0.0,0.0,0.0,0.0,1.0,0.0,24.0,1.0,0.5,0.9,1010.0,1010.0,1010.0,1010.0,1.0,0.0,24.0,1.0,0.5,0.9,6.0,6.0,6.0,6.0,1.0,0.0,24.0,1.0,0.5,0.9,-116.6,-116.6,-116.6,-116.6,1.0,0.0,24.0,1.0,0.5,0.9,0.0,0.0,0.0,0.0,1.0,0.0,24.0,1.0,0.5,0.9,0.1,0.1,0.1,0.1,1.0,0.0,24.0,1.0,0.5,0.9,1.1,1.1,1.1,1.1,1.0,0.0,24.0,1.0,0.5,0.9,2.96,2.96,2.96,2.96,1.0,0.0,24.0,1.0,0.5,0.9,31.9,31.9,31.9,31.9,1.0,0.0,24.0,1.0,0.5,0.9,-287.3,-287.3,-287.3,-287.3,1.0,0.0,24.0,1.0,0.5,0.9,0.0,0.0,0.0,0.0,1.0,0.0,24.0,1.0,0.5,0.9,-205.3,-205.3,-205.3,-205.3,1.0,0.0,24.0,1.0,0.5,0.9,0.0,0.0,0.0,0.0,1.0,0.0,24.0,1.0,0.5,0.9,-31.9,-31.9,-31.9,-31.9,1.0,0.0,24.0,1.0,0.5,0.9,0.0,0.0,0.0,0.0,1.0,0.0,24.0,1.0,0.5,0.9,1259.5,1259.5,1259.5,1259.5,1.0,0.0,24.0,1.0,0.5,0.9,1260.0,1260.0,1260.0,1260.0,1.0,0.0,24.0,1.0,0.5,0.9
1974,2,60.0,-21.0,27.9,27.9,27.9,27.9,1.0,0.0,20.0,1.0,0.2,0.9,25.99,26.4,26.81,26.4,2.0,0.85,20.0,1.0,0.1,0.9,17.42,17.55,17.68,17.55,2.0,0.26,20.0,1.0,0.1,0.9,80.4,81.9,83.4,81.9,2.0,3.1,20.0,1.0,0.9,9.3,9.3,9.3,9.3,1.0,0.0,20.0,1.0,0.0,1.0,-8.74,-8.74,-8.74,-8.74,1.0,0.0,20.0,1.0,0.0,1.0,-3.18,-3.18,-3.18,-3.18,1.0,0.0,20.0,1.0,0.0,1.0,1012.96,1013.95,1014.94,1013.95,2.0,2.05,20.0,1.0,0.1,0.9,3.2,3.5,3.8,3.5,2.0,0.7,20.0,1.0,0.1,0.9,-81.3,-81.3,-81.3,-81.3,1.0,0.0,20.0,1.0,0.0,1.0,-29.6,-29.6,-29.6,-29.6,1.0,0.0,20.0,1.0,0.0,1.0,,,,,,,,,,,,,,,,,,,,,,,,,,,,,,,,,,,,,,,,,-225.5,-225.5,-225.5,-225.5,1.0,0.0,20.0,1.0,0.0,1.0,-82.1,-82.1,-82.1,-82.1,1.0,0.0,20.0,1.0,0.0,1.0,-151.7,-151.7,-151.7,-151.7,1.0,0.0,20.0,1.0,0.0,1.0,-55.2,-55.2,-55.2,-55.2,1.0,0.0,20.0,1.0,0.0,1.0,,,,,,,,,,,,,,,,,,,,,,,,,,,,,,,,,,,,,,,,
1974,2,60.0,-20.0,26.23,27.0,28.0,26.85,13.0,0.89,12.0,0.5,0.3,0.9,25.72,26.1,27.05,26.46,12.0,1.36,10.0,0.4,0.4,0.9,16.17,16.8,17.31,16.89,6.0,0.95,8.0,0.3,0.4,0.9,76.2,80.8,85.6,80.9,6.0,6.0,8.0,0.3,0.9,6.13,8.2,11.0,8.26,11.0,2.9,12.0,0.4,0.3,0.9,-10.56,-8.08,-5.76,-8.03,11.0,2.77,12.0,0.4,0.3,0.9,-0.67,0.52,2.24,0.67,11.0,2.12,12.0,0.4,0.3,0.9,1011.32,1011.85,1013.83,1011.59,12.0,3.4,10.0,0.4,0.4,0.9,2.0,3.0,7.0,3.8,13.0,2.4,12.0,0.5,0.3,0.9,-117.1,-66.2,-36.8,-73.6,11.0,45.5,12.0,0.4,0.3,0.9,-6.2,1.6,20.7,6.3,11.0,23.4,12.0,0.4,0.3,0.9,-0.58,0.8,1.8,0.38,12.0,1.59,10.0,0.4,0.4,0.9,-3.8,4.5,12.2,2.4,10.0,13.9,10.0,0.3,0.3,0.9,2.86,5.31,5.63,4.53,6.0,1.64,8.0,0.3,0.4,0.9,24.3,34.4,52.3,37.4,6.0,14.6,8.0,0.3,0.4,0.9,-284.0,-224.4,-139.9,-213.7,10.0,76.5,10.0,0.3,0.3,0.9,-24.7,27.3,60.1,19.6,10.0,57.8,10.0,0.3,0.3,0.9,-176.5,-141.2,-102.4,-142.5,6.0,51.5,8.0,0.3,0.4,0.9,-32.7,13.3,48.7,10.6,6.0,50.2,8.0,0.3,0.4,0.9,-51.0,-33.1,-22.8,-35.8,6.0,14.0,8.0,0.3,0.4,0.9,-11.0,4.1,9.7,0.6,6.0,12.7,8.0,0.3,0.4,0.9,259.5,551.5,1355.0,750.5,11.0,663.0,12.0,0.4,0.3,0.9,260.0,550.0,1355.0,750.0,11.0,665.0,12.0,0.4,0.3,0.9
1974,2,60.0,-19.0,26.05,27.0,28.0,27.0,27.0,0.82,16.0,0.6,0.5,0.6,25.86,26.55,28.0,26.76,28.0,1.26,16.0,0.6,0.4,0.6,15.67,16.72,17.61,16.8,25.0,1.27,16.0,0.6,0.4,0.6,72.1,77.2,84.1,77.3,25.0,6.5,16.0,0.6,0.6,5.37,6.7,10.36,7.48,29.0,2.48,16.0,0.7,0.4,0.6,-9.5,-6.6,-5.11,-6.98,29.0,2.59,16.0,0.7,0.4,0.6,-2.22,0.0,1.85,-0.32,29.0,2.61,16.0,0.7,0.4,0.6,1010.68,1012.3,1013.86,1012.21,29.0,1.59,16.0,0.7,0.4,0.6,2.0,3.0,6.6,4.1,29.0,2.2,16.0,0.7,0.4,0.6,-91.0,-44.2,-28.0,-58.1,29.0,38.8,16.0,0.7,0.4,0.6,-14.4,0.0,15.9,-4.0,29.0,22.9,16.0,0.7,0.4,0.6,-0.59,0.4,1.45,0.29,27.0,1.18,16.0,0.6,0.5,0.6,-4.1,2.7,9.8,2.7,27.0,8.9,16.0,0.6,0.5,0.6,4.2,5.6,6.79,5.51,24.0,1.18,16.0,0.6,0.4,0.6,27.8,39.1,57.2,41.3,24.0,18.3,16.0,0.6,0.4,0.6,-252.4,-175.4,-130.7,-184.0,28.0,68.6,16.0,0.6,0.4,0.6,-57.9,0.0,50.2,-10.0,28.0,70.7,16.0,0.6,0.4,0.6,-156.8,-110.2,-78.2,-114.5,25.0,43.1,16.0,0.6,0.4,0.6,-36.2,0.0,29.7,-8.3,25.0,45.1,16.0,0.6,0.4,0.6,-50.7,-36.6,-26.4,-38.4,24.0,17.4,16.0,0.6,0.4,0.6,-8.1,0.0,9.6,-1.0,24.0,16.5,16.0,0.6,0.4,0.6,156.0,301.0,1118.5,556.5,29.0,524.0,16.0,0.7,0.4,0.6,155.0,300.0,1120.0,555.0,29.0,525.0,16.0,0.7,0.4,0.6
1974,2,60.0,-18.0,26.39,26.5,27.8,26.88,13.0,0.62,12.0,0.3,0.6,0.4,25.5,26.4,26.73,26.24,13.0,0.61,12.0,0.3,0.6,0.4,16.25,17.3,17.88,17.1,12.0,1.04,12.0,0.3,0.6,0.4,74.9,82.1,84.4,80.6,13.0,6.1,12.0,0.3,0.4,6.55,7.7,8.7,7.35,13.0,1.84,12.0,0.3,0.6,0.4,-8.18,-6.77,-5.76,-6.84,13.0,1.86,12.0,0.3,0.6,0.4,-3.16,-0.54,1.3,-1.09,13.0,2.53,12.0,0.3,0.6,0.4,1009.19,1011.05,1012.65,1011.13,12.0,1.94,12.0,0.3,0.6,0.4,2.0,4.0,8.0,4.5,13.0,2.3,12.0,0.3,0.6,0.4,-71.1,-48.7,-42.1,-53.2,13.0,25.4,12.0,0.3,0.6,0.4,-27.1,-1.7,8.3,-9.5,13.0,19.5,12.0,0.3,0.6,0.4,0.0,0.2,1.19,0.64,13.0,0.79,12.0,0.3,0.6,0.4,0.0,1.7,11.4,4.9,13.0,6.5,12.0,0.3,0.6,0.4,4.12,4.99,6.83,5.14,12.0,1.25,12.0,0.3,0.6,0.4,27.3,37.0,54.1,38.0,12.0,13.7,12.0,0.3,0.6,0.4,-208.7,-182.2,-147.3,-179.2,13.0,47.9,12.0,0.3,0.6,0.4,-82.8,-14.2,33.3,-28.0,13.0,66.2,12.0,0.3,0.6,0.4,-138.2,-118.7,-98.7,-116.6,12.0,32.3,12.0,0.3,0.6,0.4,-61.6,-4.7,25.6,-17.8,12.0,45.2,12.0,0.3,0.6,0.4,-52.7,-31.3,-25.5,-35.4,12.0,13.5,12.0,0.3,0.6,0.4,-17.1,-1.1,8.1,-3.8,12.0,13.9,12.0,0.3,0.6,0.4,284.5,456.5,658.5,462.0,13.0,300.5,12.0,0.3,0.6,0.4,285.0,455.0,660.0,460.0,13.0,300.0,12.0,0.3,0.6,0.4
1974,2,60.0,-14.0,27.51,28.0,29.05,28.26,5.0,1.11,18.0,0.4,0.4,0.6,26.69,27.0,27.58,27.13,4.0,0.71,22.0,0.5,0.4,0.7,16.06,16.87,19.48,17.73,4.0,2.56,22.0,0.5,0.4,0.7,71.0,77.1,87.3,79.1,4.0,12.4,22.0,0.5,0.7,1.97,3.6,5.18,3.5,5.0,2.29,18.0,0.4,0.4,0.6,-2.84,-2.3,1.73,-0.67,5.0,3.26,18.0,0.4,0.4,0.6,-0.57,1.8,3.98,1.64,5.0,2.44,18.0,0.4,0.4,0.6,1009.6,1010.0,1010.79,1010.14,5.0,0.87,18.0,0.4,0.4,0.6,1.0,2.0,7.4,3.8,5.0,3.4,18.0,0.4,0.4,0.6,-10.8,-8.3,10.8,-0.1,5.0,17.1,18.0,0.4,0.4,0.6,-1.8,6.5,20.7,8.9,5.0,12.4,18.0,0.4,0.4,0.6,0.69,1.2,2.24,1.45,4.0,1.11,22.0,0.5,0.4,0.7,1.5,4.1,12.1,6.7,4.0,8.2,22.0,0.5,0.4,0.7,5.79,6.71,7.93,6.85,4.0,1.46,22.0,0.5,0.4,0.7,9.4,22.6,29.1,19.4,4.0,14.0,22.0,0.5,0.4,0.7,-77.6,-36.2,67.2,-6.6,4.0,97.1,22.0,0.5,0.4,0.7,-21.9,23.8,79.0,28.3,4.0,64.2,22.0,0.5,0.4,0.7,-49.0,-23.3,53.3,1.0,4.0,71.1,22.0,0.5,0.4,0.7,-14.1,14.8,58.8,22.0,4.0,48.1,22.0,0.5,0.4,0.7,-19.7,-8.6,13.1,-3.5,4.0,21.2,22.0,0.5,0.4,0.7,-5.2,6.3,17.0,5.9,4.0,13.6,22.0,0.5,0.4,0.7,19.0,46.5,149.0,82.5,5.0,94.0,18.0,0.4,0.4,0.6,20.0,45.0,150.0,80.0,5.0,95.0,18.0,0.4,0.4,0.6
1974,2,60.0,-11.0,28.3,28.3,28.3,28.3,1.0,0.0,8.0,1.0,0.9,0.2,27.5,27.5,27.5,27.5,1.0,0.0,8.0,1.0,0.9,0.2,17.62,17.62,17.62,17.62,1.0,0.0,8.0,1.0,0.9,0.2,76.5,76.5,76.5,76.5,1.0,0.0,8.0,1.0,0.2,,,,,,,,,,,,,,,,,,,,,,,,,,,,,,,,,,,,,,,,,,,,,,,,,,,,,,,,,,,,,,,,,,,,,,,,,,,,,,,,,,,,,,,,,,,,,,,,,,,,,,,,,,,,,,,,,,,,,,,,,,,,,,,,,,,,,,,,,,,,,,,,,,,,,,,,,,,,,,,,,,,,,,,,,,,,,,,,,,,,,,,,,,,,,,
1974,2,60.0,-9.0,,,,,,,,,,,,,,,,,,,,,,,,,,,,,,,,,,,,,,,,2.58,3.6,4.62,3.6,2.0,2.12,8.0,0.5,0.6,0.4,2.39,3.0,3.62,3.0,2.0,1.28,8.0,0.5,0.6,0.4,-2.76,-1.64,-0.52,-1.64,2.0,2.32,8.0,0.5,0.6,0.4,1011.5,1011.5,1011.5,1011.5,1.0,0.0,6.0,1.0,0.2,0.2,,,,,,,,,,,,,,,,,,,,,,,,,,,,,,,,,,,,,,,,,,,,,,,,,,,,,,,,,,,,,,,,,,,,,,,,,,,,,,,,,,,,,,,,,,,,,,,,,,,,,,,,,,,,,,,,,,,,,,,,,,,,,,,,,,,,,,,,,,,,,,,,,,,,,,
1974,2,60.0,-8.0,26.0,26.0,27.23,26.6,3.0,1.04,10.0,1.0,0.4,0.7,27.0,27.0,27.41,27.2,3.0,0.35,10.0,1.0,0.4,0.7,17.59,17.68,17.94,17.76,3.0,0.27,10.0,1.0,0.4,0.7,78.5,78.8,79.1,78.8,3.0,0.4,10.0,1.0,0.7,4.1,4.1,6.22,5.13,3.0,1.79,10.0,1.0,0.4,0.7,3.02,3.85,5.84,4.42,3.0,2.12,10.0,1.0,0.4,0.7,-2.93,-2.46,-1.74,-2.34,3.0,0.88,10.0,1.0,0.4,0.7,1009.98,1011.0,1011.96,1010.97,3.0,1.45,10.0,1.0,0.4,0.7,3.6,5.0,5.0,4.3,3.0,1.2,10.0,1.0,0.4,0.7,12.4,15.8,38.3,25.1,3.0,20.6,10.0,1.0,0.4,0.7,-16.2,-12.9,-8.0,-12.1,3.0,6.0,10.0,1.0,0.4,0.7,-1.0,-1.0,-0.18,-0.6,3.0,0.69,10.0,1.0,0.4,0.7,-6.2,-4.1,-0.7,-3.5,3.0,4.0,10.0,1.0,0.4,0.7,3.43,3.5,4.75,4.08,3.0,1.09,10.0,1.0,0.4,0.7,16.4,21.9,24.1,20.3,3.0,5.8,10.0,1.0,0.4,0.7,82.3,106.3,158.4,120.1,3.0,57.0,10.0,1.0,0.4,0.7,-79.0,-66.5,-47.5,-63.3,3.0,23.2,10.0,1.0,0.4,0.7,53.9,69.6,103.1,78.3,3.0,36.8,10.0,1.0,0.4,0.7,-51.6,-43.2,-31.0,-41.4,3.0,15.2,10.0,1.0,0.4,0.7,12.6,20.5,22.7,17.7,3.0,7.8,10.0,1.0,0.4,0.7,-10.0,-8.6,-7.8,-8.9,3.0,1.6,10.0,1.0,0.4,0.7,69.0,69.0,276.5,170.5,3.0,175.5,10.0,1.0,0.4,0.7,70.0,70.0,275.0,170.0,3.0,175.0,10.0,1.0,0.4,0.7
1974,2,60.0,-7.0,27.45,27.9,28.1,27.67,7.0,0.6,12.0,0.1,0.7,0.8,26.99,27.4,27.81,27.39,7.0,0.45,12.0,0.1,0.7,0.8,16.1,17.13,17.24,16.75,7.0,0.67,12.0,0.1,0.7,0.8,68.9,75.1,77.4,73.6,7.0,4.1,12.0,0.1,0.8,0.0,0.0,3.05,1.14,7.0,1.68,12.0,0.1,0.7,0.8,0.0,0.0,2.85,1.04,7.0,1.49,12.0,0.1,0.7,0.8,0.0,0.0,1.07,0.46,7.0,0.78,12.0,0.1,0.7,0.8,1009.88,1010.6,1011.38,1010.71,7.0,1.14,12.0,0.1,0.7,0.8,1.0,2.0,3.0,1.9,7.0,0.9,12.0,0.1,0.7,0.8,0.0,0.0,8.7,3.3,7.0,5.6,12.0,0.1,0.7,0.8,0.0,0.0,3.3,1.6,7.0,3.0,12.0,0.1,0.7,0.8,-0.12,0.1,0.82,0.29,7.0,0.61,12.0,0.1,0.7,0.8,0.0,0.0,1.9,0.9,7.0,1.8,12.0,0.1,0.7,0.8,5.78,6.45,7.24,6.52,7.0,0.84,12.0,0.1,0.7,0.8,0.0,0.0,19.8,7.3,7.0,10.8,12.0,0.1,0.7,0.8,0.0,0.0,78.0,28.1,7.0,40.3,12.0,0.1,0.7,0.8,0.0,0.0,29.3,12.3,7.0,20.8,12.0,0.1,0.7,0.8,0.0,0.0,49.1,17.8,7.0,25.6,12.0,0.1,0.7,0.8,0.0,0.0,18.5,7.8,7.0,13.3,12.0,0.1,0.7,0.8,0.0,0.0,18.5,6.6,7.0,9.7,12.0,0.1,0.7,0.8,0.0,0.0,7.0,2.9,7.0,5.0,12.0,0.1,0.7,0.8,0.0,0.0,29.0,13.0,7.0,24.5,12.0,0.1,0.7,0.8,0.0,0.0,30.0,15.0,7.0,25.0,12.0,0.1,0.7,0.8
1974,2,60.0,-6.0,27.67,28.4,28.6,28.1,7.0,0.61,10.0,0.3,0.6,0.6,26.19,26.8,27.2,26.76,7.0,0.49,10.0,0.3,0.6,0.6,17.11,17.31,17.47,17.28,6.0,0.21,10.0,0.3,0.6,0.6,76.6,79.2,80.8,78.8,6.0,2.3,10.0,0.3,0.6,2.0,3.0,3.25,3.04,7.0,1.49,10.0,0.3,0.6,0.6,1.97,2.82,3.18,2.78,7.0,1.01,10.0,0.3,0.6,0.6,-1.17,0.0,0.53,-0.59,7.0,1.6,10.0,0.3,0.6,0.6,1008.69,1009.4,1010.19,1009.6,7.0,1.19,10.0,0.3,0.6,0.6,2.0,3.0,3.1,3.0,7.0,1.0,10.0,0.3,0.6,0.6,3.9,8.5,10.6,9.7,7.0,9.1,10.0,0.3,0.6,0.6,-4.1,0.0,1.4,-3.6,7.0,9.4,10.0,0.3,0.6,0.6,1.32,1.5,1.8,1.34,7.0,0.71,10.0,0.3,0.6,0.6,2.6,3.8,4.8,3.3,7.0,2.2,10.0,0.3,0.6,0.6,6.0,6.66,7.17,6.54,6.0,0.73,10.0,0.3,0.6,0.6,12.8,17.6,23.8,19.1,6.0,7.8,10.0,0.3,0.6,0.6,51.5,75.6,85.9,74.7,7.0,27.9,10.0,0.3,0.6,0.6,-31.4,0.0,14.1,-16.2,7.0,43.3,10.0,0.3,0.6,0.6,33.4,42.1,57.6,47.1,6.0,18.5,10.0,0.3,0.6,0.6,-28.2,-3.0,9.6,-11.8,6.0,29.4,10.0,0.3,0.6,0.6,12.2,17.4,21.3,17.4,6.0,5.3,10.0,0.3,0.6,0.6,-10.2,-1.1,3.7,-3.8,6.0,9.5,10.0,0.3,0.6,0.6,8.0,27.0,40.0,49.5,7.0,84.0,10.0,0.3,0.6,0.6,10.0,25.0,40.0,50.0,7.0,85.0,10.0,0.3,0.6,0.6
1974,2,60.0,-5.0,28.16,28.2,28.2,28.17,6.0,0.08,12.0,1.0,0.3,0.6,26.0,26.85,27.84,26.92,6.0,0.88,12.0,1.0,0.3,0.6,16.9,17.28,18.05,17.44,6.0,0.6,12.0,1.0,0.3,0.6,72.3,78.3,85.9,78.9,6.0,6.7,12.0,1.0,0.6,4.0,4.5,5.0,4.5,6.0,0.55,12.0,1.0,0.3,0.6,0.0,1.12,2.13,1.28,6.0,1.4,12.0,1.0,0.3,0.6,-4.94,-4.35,-3.27,-3.96,6.0,1.37,12.0,1.0,0.3,0.6,1010.89,1011.4,1011.42,1011.15,6.0,0.53,12.0,1.0,0.3,0.6,5.8,6.0,6.2,6.0,6.0,0.6,12.0,1.0,0.3,0.6,0.0,4.9,9.9,5.6,6.0,5.7,12.0,1.0,0.3,0.6,-24.7,-19.7,-13.1,-18.3,6.0,7.6,12.0,1.0,0.3,0.6,0.36,1.25,2.2,1.25,6.0,0.87,12.0,1.0,0.3,0.6,1.8,5.0,11.0,5.8,6.0,4.4,12.0,1.0,0.3,0.6,5.94,6.57,7.08,6.5,6.0,0.62,12.0,1.0,0.3,0.6,27.2,28.4,31.2,29.1,6.0,3.5,12.0,1.0,0.3,0.6,0.0,30.4,58.3,34.7,6.0,37.3,12.0,1.0,0.3,0.6,-130.1,-118.4,-91.0,-106.5,6.0,36.2,12.0,1.0,0.3,0.6,0.0,19.5,36.6,22.3,6.0,24.5,12.0,1.0,0.3,0.6,-89.9,-73.7,-55.4,-69.2,6.0,24.7,12.0,1.0,0.3,0.6,0.0,7.3,14.4,8.3,6.0,8.8,12.0,1.0,0.3,0.6,-30.7,-27.9,-22.9,-25.7,6.0,8.8,12.0,1.0,0.3,0.6,64.0,94.5,125.0,94.5,6.0,33.5,12.0,1.0,0.3,0.6,65.0,95.0,125.0,95.0,6.0,35.0,12.0,1.0,0.3,0.6
1974,2,60.0,-4.0,28.38,28.5,28.5,28.45,6.0,0.08,14.0,0.8,0.2,0.6,27.44,28.1,28.24,27.92,6.0,0.47,14.0,0.8,0.2,0.6,16.39,16.52,17.72,16.9,6.0,0.77,14.0,0.8,0.2,0.6,67.9,69.5,77.6,72.0,6.0,5.3,14.0,0.8,0.6,2.52,4.0,5.0,3.72,5.0,1.47,14.0,1.0,0.2,0.6,-0.62,1.37,1.71,0.7,5.0,1.24,14.0,1.0,0.2,0.6,-4.7,-3.76,-1.46,-2.98,5.0,2.49,14.0,1.0,0.2,0.6,1008.9,1010.0,1011.05,1010.15,6.0,1.34,14.0,0.8,0.2,0.6,3.0,4.5,5.0,4.2,6.0,1.0,14.0,0.8,0.2,0.6,-1.3,5.5,8.6,4.0,5.0,5.0,14.0,1.0,0.2,0.6,-23.5,-15.0,-5.3,-13.9,5.0,10.7,14.0,1.0,0.2,0.6,0.24,0.4,0.9,0.53,6.0,0.46,14.0,0.8,0.2,0.6,0.8,1.5,1.5,1.2,5.0,0.7,14.0,1.0,0.2,0.6,6.44,7.91,8.0,7.47,6.0,0.83,14.0,0.8,0.2,0.6,19.2,31.6,40.2,29.3,5.0,12.8,14.0,1.0,0.2,0.6,-17.1,38.9,48.2,19.9,5.0,34.7,14.0,1.0,0.2,0.6,-132.5,-106.7,-41.2,-84.3,5.0,69.9,14.0,1.0,0.2,0.6,-10.5,22.5,27.9,11.3,5.0,20.6,14.0,1.0,0.2,0.6,-76.7,-61.8,-23.7,-48.6,5.0,41.5,14.0,1.0,0.2,0.6,-4.5,10.8,13.8,5.9,5.0,9.6,14.0,1.0,0.2,0.6,-37.8,-29.7,-12.3,-24.3,5.0,19.2,14.0,1.0,0.2,0.6,20.0,64.0,125.0,69.5,5.0,55.0,14.0,1.0,0.2,0.6,20.0,65.0,125.0,70.0,5.0,55.0,14.0,1.0,0.2,0.6
1974,2,60.0,-3.0,28.2,28.3,28.4,28.3,5.0,0.1,12.0,0.0,0.1,0.5,26.83,27.3,27.62,27.22,5.0,0.65,12.0,0.0,0.1,0.5,16.55,16.62,17.2,16.83,5.0,0.37,12.0,0.0,0.1,0.5,71.9,72.8,78.2,74.7,5.0,4.1,12.0,0.0,0.5,2.67,3.0,3.37,3.02,5.0,0.67,12.0,0.0,0.1,0.5,0.46,1.03,1.38,0.99,5.0,0.64,12.0,0.0,0.1,0.5,-3.14,-2.82,-2.54,-2.82,5.0,0.5,12.0,0.0,0.1,0.5,1009.95,1011.4,1011.9,1011.0,5.0,1.03,12.0,0.0,0.1,0.5,2.0,3.0,3.7,3.0,5.0,1.2,12.0,0.0,0.1,0.5,1.3,3.1,4.9,3.3,5.0,2.8,12.0,0.0,0.1,0.5,-10.7,-8.5,-7.0,-8.8,5.0,3.4,12.0,0.0,0.1,0.5,0.65,1.0,1.44,1.08,5.0,0.67,12.0,0.0,0.1,0.5,1.8,3.0,4.4,3.2,5.0,2.0,12.0,0.0,0.1,0.5,6.98,7.38,7.65,7.31,5.0,0.42,12.0,0.0,0.1,0.5,18.5,21.5,25.4,22.0,5.0,5.0,12.0,0.0,0.1,0.5,12.9,26.9,37.7,26.8,5.0,17.5,12.0,0.0,0.1,0.5,-87.2,-76.7,-67.5,-76.9,5.0,14.0,12.0,0.0,0.1,0.5,7.7,17.6,23.4,16.6,5.0,10.6,12.0,0.0,0.1,0.5,-52.2,-48.8,-43.1,-47.6,5.0,8.4,12.0,0.0,0.1,0.5,3.6,6.8,10.1,7.1,5.0,4.7,12.0,0.0,0.1,0.5,-23.8,-20.2,-17.7,-20.6,5.0,3.7,12.0,0.0,0.1,0.5,20.5,27.0,40.5,31.0,5.0,20.0,12.0,0.0,0.1,0.5,20.0,25.0,40.0,30.0,5.0,20.0,12.0,0.0,0.1,0.5
1974,2,60.0,-2.0,25.6,25.6,25.6,25.6,1.0,0.0,16.0,1.0,0.0,0.1,30.17,30.55,30.93,30.55,2.0,0.78,16.0,1.0,0.4,0.4,17.58,17.58,17.58,17.58,1.0,0.0,16.0,1.0,0.0,0.1,62.1,62.1,62.1,62.1,1.0,0.0,16.0,1.0,0.1,5.25,6.65,8.05,6.65,2.0,2.9,16.0,1.0,0.4,0.4,1.36,2.57,3.79,2.57,2.0,2.51,16.0,1.0,0.4,0.4,-7.06,-6.03,-5.01,-6.03,2.0,2.12,16.0,1.0,0.4,0.4,1008.8,1008.8,1008.8,1008.8,2.0,0.0,16.0,1.0,0.4,0.4,4.2,4.5,4.8,4.5,2.0,0.7,16.0,1.0,0.4,0.4,9.1,20.8,32.4,20.8,2.0,24.2,16.0,1.0,0.4,0.4,-58.5,-43.2,-27.9,-43.2,2.0,31.6,16.0,1.0,0.4,0.4,-5.5,-5.5,-5.5,-5.5,1.0,0.0,16.0,1.0,0.0,0.1,-47.8,-47.8,-47.8,-47.8,1.0,0.0,16.0,1.0,0.0,0.1,3.01,3.01,3.01,3.01,1.0,0.0,16.0,1.0,0.0,0.1,26.2,26.2,26.2,26.2,1.0,0.0,16.0,1.0,0.0,0.1,41.6,79.6,117.6,79.6,2.0,78.7,16.0,1.0,0.4,0.4,-218.7,-185.1,-151.5,-185.1,2.0,69.6,16.0,1.0,0.4,0.4,76.5,76.5,76.5,76.5,1.0,0.0,16.0,1.0,0.0,0.1,-132.5,-132.5,-132.5,-132.5,1.0,0.0,16.0,1.0,0.0,0.1,13.1,13.1,13.1,13.1,1.0,0.0,16.0,1.0,0.0,0.1,-22.7,-22.7,-22.7,-22.7,1.0,0.0,16.0,1.0,0.0,0.1,186.5,378.0,569.5,378.0,2.0,397.0,16.0,1.0,0.4,0.4,185.0,380.0,570.0,380.0,2.0,395.0,16.0,1.0,0.4,0.4
1974,2,60.0,-1.0,28.18,29.0,29.0,28.6,3.0,0.69,16.0,1.0,0.3,0.6,28.63,30.0,30.68,29.67,3.0,1.53,16.0,1.0,0.3,0.6,17.59,18.63,19.46,18.52,3.0,1.37,16.0,1.0,0.3,0.6,70.3,70.4,71.8,71.1,3.0,1.2,16.0,1.0,0.6,0.99,2.05,3.11,2.05,2.0,2.19,14.0,1.0,0.3,0.6,-1.08,-0.74,-0.41,-0.74,2.0,0.69,14.0,1.0,0.3,0.6,-2.91,-1.91,-0.9,-1.91,2.0,2.09,14.0,1.0,0.3,0.6,1010.33,1012.1,1012.24,1011.3,3.0,1.56,16.0,1.0,0.3,0.6,2.0,2.0,4.0,3.0,3.0,1.7,16.0,1.0,0.3,0.6,-3.7,-2.3,-0.8,-2.3,2.0,3.0,14.0,1.0,0.3,0.6,-10.3,-6.2,-2.1,-6.2,2.0,8.5,14.0,1.0,0.3,0.6,-1.68,-1.0,-0.45,-1.07,3.0,0.9,16.0,1.0,0.3,0.6,-6.1,-3.8,-1.6,-3.8,2.0,4.7,14.0,1.0,0.3,0.6,5.65,6.3,6.43,6.05,3.0,0.62,16.0,1.0,0.3,0.6,5.8,11.2,16.7,11.2,2.0,11.3,14.0,1.0,0.3,0.6,-33.3,-22.8,-12.4,-22.8,2.0,21.7,14.0,1.0,0.3,0.6,-90.3,-58.9,-27.6,-58.9,2.0,65.0,14.0,1.0,0.3,0.6,-21.3,-14.5,-7.8,-14.5,2.0,14.0,14.0,1.0,0.3,0.6,-57.8,-37.6,-17.4,-37.6,2.0,41.8,14.0,1.0,0.3,0.6,-5.8,-4.1,-2.4,-4.1,2.0,3.5,14.0,1.0,0.3,0.6,-15.7,-10.4,-5.2,-10.4,2.0,10.8,14.0,1.0,0.3,0.6,7.5,23.5,39.5,23.5,2.0,33.0,14.0,1.0,0.3,0.6,10.0,25.0,40.0,25.0,2.0,35.0,14.0,1.0,0.3,0.6
1974,2,60.0,1.0,27.63,27.9,27.97,27.8,3.0,0.26,14.0,0.3,0.7,0.3,25.2,26.7,26.9,26.07,3.0,1.37,14.0,0.3,0.7,0.3,17.87,18.09,18.31,18.09,2.0,0.46,18.0,0.5,0.8,0.1,83.5,88.5,93.5,88.5,2.0,10.4,18.0,0.5,0.1,3.15,5.4,7.65,5.4,2.0,4.67,18.0,0.5,0.8,0.1,-1.44,-1.28,-1.12,-1.28,2.0,0.33,18.0,0.5,0.8,0.1,-6.92,-3.37,0.17,-3.37,2.0,7.34,18.0,0.5,0.8,0.1,1011.02,1011.5,1012.8,1011.9,3.0,1.35,14.0,0.3,0.7,0.3,4.6,6.0,6.7,5.7,3.0,1.5,14.0,0.3,0.7,0.3,-11.4,-7.7,-3.9,-7.7,2.0,7.7,18.0,0.5,0.8,0.1,-62.1,-35.4,-8.6,-35.4,2.0,55.4,18.0,0.5,0.8,0.1,0.86,1.0,2.64,1.73,3.0,1.45,14.0,0.3,0.7,0.3,6.1,15.6,25.2,15.6,2.0,19.7,18.0,0.5,0.8,0.1,5.16,5.2,5.24,5.2,2.0,0.08,18.0,0.5,0.8,0.1,16.4,27.9,39.4,27.9,2.0,23.8,18.0,0.5,0.8,0.1,-35.6,-32.5,-29.5,-32.5,2.0,6.3,18.0,0.5,0.8,0.1,-168.9,-80.7,7.5,-80.7,2.0,182.8,18.0,0.5,0.8,0.1,-26.4,-23.2,-20.1,-23.2,2.0,6.5,18.0,0.5,0.8,0.1,-127.6,-62.7,2.1,-62.7,2.0,134.4,18.0,0.5,0.8,0.1,-7.4,-6.6,-5.9,-6.6,2.0,1.6,18.0,0.5,0.8,0.1,-35.6,-17.3,1.0,-17.3,2.0,37.9,18.0,0.5,0.8,0.1,112.5,334.0,555.5,334.0,2.0,459.0,18.0,0.5,0.8,0.1,110.0,335.0,555.0,335.0,2.0,460.0,18.0,0.5,0.8,0.1
1974,2,60.0,2.0,,,,,,,,,,,,,,,,,,,,,,,,,,,,,,,,,,,,,,,,5.0,5.0,5.0,5.0,1.0,0.0,10.0,0.0,0.0,0.1,-3.21,-3.21,-3.21,-3.21,1.0,0.0,10.0,0.0,0.0,0.1,-3.83,-3.83,-3.83,-3.83,1.0,0.0,10.0,0.0,0.0,0.1,1013.1,1013.1,1013.1,1013.1,1.0,0.0,10.0,0.0,0.0,0.1,,,,,,,,,,,,,,,,,,,,,,,,,,,,,,,,,,,,,,,,,,,,,,,,,,,,,,,,,,,,,,,,,,,,,,,,,,,,,,,,,,,,,,,,,,,,,,,,,,,,,,,,,,,,,,,,,,,,,,,,,,,,,,,,,,,,,,,,,,,,,,,,,,,,,,
1974,2,60.0,4.0,28.03,28.1,28.17,28.1,2.0,0.14,28.0,1.0,0.2,0.5,27.83,27.9,27.97,27.9,2.0,0.14,28.0,1.0,0.2,0.5,18.13,18.13,18.13,18.13,1.0,0.0,28.0,1.0,0.1,0.6,77.5,77.5,77.5,77.5,1.0,0.0,28.0,1.0,0.6,4.66,4.8,4.94,4.8,2.0,0.28,28.0,1.0,0.2,0.5,-3.96,-3.91,-3.85,-3.91,2.0,0.11,28.0,1.0,0.2,0.5,-3.07,-2.76,-2.45,-2.76,2.0,0.65,28.0,1.0,0.2,0.5,1009.62,1010.95,1012.28,1010.95,2.0,2.76,28.0,1.0,0.2,0.5,3.0,3.0,3.0,3.0,2.0,0.0,28.0,1.0,0.2,0.5,-19.0,-18.7,-18.5,-18.7,2.0,0.6,28.0,1.0,0.2,0.5,-15.2,-13.3,-11.5,-13.3,2.0,3.9,28.0,1.0,0.2,0.5,0.06,0.2,0.34,0.2,2.0,0.28,28.0,1.0,0.2,0.5,0.3,0.9,1.5,0.9,2.0,1.3,28.0,1.0,0.2,0.5,5.92,5.92,5.92,5.92,1.0,0.0,28.0,1.0,0.1,0.6,27.2,27.2,27.2,27.2,1.0,0.0,28.0,1.0,0.1,0.6,-110.2,-109.0,-107.8,-109.0,2.0,2.5,28.0,1.0,0.2,0.5,-85.9,-77.0,-68.1,-77.0,2.0,18.4,28.0,1.0,0.2,0.5,-72.2,-72.2,-72.2,-72.2,1.0,0.0,28.0,1.0,0.1,0.6,-41.7,-41.7,-41.7,-41.7,1.0,0.0,28.0,1.0,0.1,0.6,-23.6,-23.6,-23.6,-23.6,1.0,0.0,28.0,1.0,0.1,0.6,-13.6,-13.6,-13.6,-13.6,1.0,0.0,28.0,1.0,0.1,0.6,101.5,111.0,120.5,111.0,2.0,19.5,28.0,1.0,0.2,0.5,100.0,110.0,120.0,110.0,2.0,20.0,28.0,1.0,0.2,0.5
1974,2,60.0,5.0,27.13,27.4,27.4,27.27,3.0,0.23,20.0,0.7,0.6,0.8,26.73,26.8,27.96,27.33,3.0,1.01,20.0,0.7,0.6,0.8,17.03,17.25,17.48,17.25,2.0,0.46,24.0,0.5,0.7,0.7,77.7,78.5,79.3,78.5,2.0,1.7,24.0,0.5,0.7,5.39,6.0,6.68,6.03,3.0,0.95,20.0,0.7,0.6,0.8,-3.0,-2.39,-2.16,-2.57,3.0,0.63,20.0,0.7,0.6,0.8,-6.28,-5.64,-4.46,-5.37,3.0,1.35,20.0,0.7,0.6,0.8,1009.35,1009.9,1013.52,1011.4,3.0,3.32,20.0,0.7,0.6,0.8,3.3,6.0,6.0,4.7,3.0,2.3,20.0,0.7,0.6,0.8,-16.7,-16.7,-13.7,-15.3,3.0,2.6,20.0,0.7,0.6,0.8,-42.2,-33.8,-24.3,-33.3,3.0,13.1,20.0,0.7,0.6,0.8,-0.83,0.6,0.67,-0.07,3.0,1.24,20.0,0.7,0.6,0.8,-4.1,3.6,4.5,0.3,3.0,6.9,20.0,0.7,0.6,0.8,5.45,5.66,5.88,5.66,2.0,0.45,24.0,0.5,0.7,0.7,33.6,37.0,40.3,37.0,2.0,6.9,24.0,0.5,0.7,0.7,-84.1,-63.9,-57.8,-70.8,3.0,20.1,20.0,0.7,0.6,0.8,-167.8,-151.1,-124.0,-146.0,3.0,32.4,20.0,0.7,0.6,0.8,-39.8,-38.3,-36.8,-38.3,2.0,3.2,24.0,0.5,0.7,0.7,-109.4,-105.2,-101.1,-105.2,2.0,8.7,24.0,0.5,0.7,0.7,-13.8,-12.6,-11.5,-12.6,2.0,2.4,24.0,0.5,0.7,0.7,-37.9,-34.7,-31.6,-34.7,2.0,6.5,24.0,0.5,0.7,0.7,159.0,216.0,302.5,230.5,3.0,106.0,20.0,0.7,0.6,0.8,160.0,215.0,305.0,230.0,3.0,105.0,20.0,0.7,0.6,0.8
1974,2,60.0,6.0,27.3,27.3,27.3,27.3,1.0,0.0,24.0,1.0,0.4,0.0,27.5,27.5,27.5,27.5,1.0,0.0,24.0,1.0,0.4,0.0,17.58,17.58,17.58,17.58,1.0,0.0,24.0,1.0,0.4,0.0,76.5,76.5,76.5,76.5,1.0,0.0,24.0,1.0,0.0,7.2,7.2,7.2,7.2,1.0,0.0,24.0,1.0,0.4,0.0,-3.6,-3.6,-3.6,-3.6,1.0,0.0,24.0,1.0,0.4,0.0,-6.24,-6.24,-6.24,-6.24,1.0,0.0,24.0,1.0,0.4,0.0,1009.1,1009.1,1009.1,1009.1,1.0,0.0,24.0,1.0,0.4,0.0,6.0,6.0,6.0,6.0,1.0,0.0,24.0,1.0,0.4,0.0,-25.9,-25.9,-25.9,-25.9,1.0,0.0,24.0,1.0,0.4,0.0,-44.9,-44.9,-44.9,-44.9,1.0,0.0,24.0,1.0,0.4,0.0,-0.2,-0.2,-0.2,-0.2,1.0,0.0,24.0,1.0,0.4,0.0,-1.4,-1.4,-1.4,-1.4,1.0,0.0,24.0,1.0,0.4,0.0,5.21,5.21,5.21,5.21,1.0,0.0,24.0,1.0,0.4,0.0,37.5,37.5,37.5,37.5,1.0,0.0,24.0,1.0,0.4,0.0,-99.0,-99.0,-99.0,-99.0,1.0,0.0,24.0,1.0,0.4,0.0,-171.5,-171.5,-171.5,-171.5,1.0,0.0,24.0,1.0,0.4,0.0,-63.3,-63.3,-63.3,-63.3,1.0,0.0,24.0,1.0,0.4,0.0,-109.6,-109.6,-109.6,-109.6,1.0,0.0,24.0,1.0,0.4,0.0,-18.8,-18.8,-18.8,-18.8,1.0,0.0,24.0,1.0,0.4,0.0,-32.5,-32.5,-32.5,-32.5,1.0,0.0,24.0,1.0,0.4,0.0,373.0,373.0,373.0,373.0,1.0,0.0,24.0,1.0,0.4,0.0,375.0,375.0,375.0,375.0,1.0,0.0,24.0,1.0,0.4,0.0
1974,2,60.0,8.0,27.08,27.25,27.42,27.25,2.0,0.35,16.0,1.0,0.4,0.1,26.64,27.6,28.56,27.6,2.0,1.98,16.0,1.0,0.4,0.1,15.28,15.28,15.28,15.28,1.0,0.0,22.0,1.0,0.5,0.2,61.3,61.3,61.3,61.3,1.0,0.0,22.0,1.0,0.2,8.21,8.65,9.09,8.65,2.0,0.92,16.0,1.0,0.4,0.1,-4.55,-4.32,-4.1,-4.32,2.0,0.46,16.0,1.0,0.4,0.1,-7.88,-7.49,-7.11,-7.49,2.0,0.8,16.0,1.0,0.4,0.1,1013.55,1013.65,1013.75,1013.65,2.0,0.21,16.0,1.0,0.4,0.1,2.5,3.5,4.5,3.5,2.0,2.1,16.0,1.0,0.4,0.1,-41.5,-37.6,-33.8,-37.6,2.0,8.0,16.0,1.0,0.4,0.1,-71.8,-65.2,-58.5,-65.2,2.0,13.8,16.0,1.0,0.4,0.1,-1.13,-0.35,0.43,-0.35,2.0,1.63,16.0,1.0,0.4,0.1,-10.7,-3.8,3.2,-3.8,2.0,14.4,16.0,1.0,0.4,0.1,7.68,7.68,7.68,7.68,1.0,0.0,22.0,1.0,0.5,0.2,71.4,71.4,71.4,71.4,1.0,0.0,22.0,1.0,0.5,0.2,-130.1,-119.8,-109.6,-119.8,2.0,21.2,16.0,1.0,0.4,0.1,-225.3,-207.5,-189.8,-207.5,2.0,36.8,16.0,1.0,0.4,0.1,-71.0,-71.0,-71.0,-71.0,1.0,0.0,22.0,1.0,0.5,0.2,-123.0,-123.0,-123.0,-123.0,1.0,0.0,22.0,1.0,0.5,0.2,-35.7,-35.7,-35.7,-35.7,1.0,0.0,22.0,1.0,0.5,0.2,-61.8,-61.8,-61.8,-61.8,1.0,0.0,22.0,1.0,0.5,0.2,558.5,658.0,758.0,658.0,2.0,206.5,16.0,1.0,0.4,0.1,560.0,660.0,760.0,660.0,2.0,205.0,16.0,1.0,0.4,0.1
1974,2,60.0,9.0,,,,,,,,,,,,,,,,,,,,,,,,,,,,,,,,,,,,,,,,8.0,8.0,8.0,8.0,1.0,0.0,4.0,1.0,0.4,0.0,-5.14,-5.14,-5.14,-5.14,1.0,0.0,4.0,1.0,0.4,0.0,-6.13,-6.13,-6.13,-6.13,1.0,0.0,4.0,1.0,0.4,0.0,1012.1,1012.1,1012.1,1012.1,1.0,0.0,4.0,1.0,0.4,0.0,,,,,,,,,,,,,,,,,,,,,,,,,,,,,,,,,,,,,,,,,,,,,,,,,,,,,,,,,,,,,,,,,,,,,,,,,,,,,,,,,,,,,,,,,,,,,,,,,,,,,,,,,,,,,,,,,,,,,,,,,,,,,,,,,,,,,,,,,,,,,,,,,,,,,,
1974,2,60.0,10.0,25.39,26.45,27.51,26.45,2.0,2.19,18.0,0.5,0.3,0.3,25.03,25.5,26.18,25.6,4.0,0.91,20.0,0.5,0.2,0.4,14.34,17.21,17.34,15.87,3.0,2.48,24.0,0.3,0.0,0.4,70.9,78.3,83.2,77.1,3.0,9.1,24.0,0.3,0.4,6.68,7.45,7.96,7.33,4.0,0.85,20.0,0.5,0.2,0.4,-6.48,-4.44,-2.82,-4.64,4.0,2.34,20.0,0.5,0.2,0.4,-6.26,-6.03,-3.47,-4.92,4.0,2.4,20.0,0.5,0.2,0.4,1011.74,1012.45,1013.11,1012.43,4.0,0.82,20.0,0.5,0.2,0.4,2.5,4.5,6.5,4.5,4.0,2.4,20.0,0.5,0.2,0.4,-51.2,-34.6,-19.2,-35.2,4.0,19.8,20.0,0.5,0.2,0.4,-48.4,-40.5,-22.6,-35.7,4.0,18.1,20.0,0.5,0.2,0.4,-0.11,0.95,2.01,0.95,2.0,2.19,18.0,0.5,0.3,0.3,-1.0,6.7,14.4,6.7,2.0,16.0,18.0,0.5,0.3,0.3,2.25,2.25,2.25,2.25,1.0,0.0,24.0,0.0,0.0,0.2,17.3,17.3,17.3,17.3,1.0,0.0,24.0,0.0,0.0,0.2,-163.0,-110.7,-73.5,-117.9,4.0,58.4,20.0,0.5,0.2,0.4,-157.6,-155.3,-91.4,-125.9,4.0,61.3,20.0,0.5,0.2,0.4,-111.8,-68.5,-46.7,-79.0,3.0,48.6,24.0,0.3,0.0,0.4,-94.4,-81.7,-41.8,-68.4,3.0,40.2,24.0,0.3,0.0,0.4,-17.1,-17.1,-17.1,-17.1,1.0,0.0,24.0,0.0,0.0,0.2,-3.0,-3.0,-3.0,-3.0,1.0,0.0,24.0,0.0,0.0,0.2,302.5,415.0,506.0,405.0,4.0,132.5,20.0,0.5,0.2,0.4,305.0,415.0,505.0,405.0,4.0,135.0,20.0,0.5,0.2,0.4
1974,2,60.0,12.0,26.5,26.5,26.5,26.5,1.0,0.0,4.0,1.0,0.6,0.3,25.4,25.4,25.4,25.4,1.0,0.0,4.0,1.0,0.6,0.3,17.6,17.6,17.6,17.6,1.0,0.0,4.0,1.0,0.6,0.3,87.1,87.1,87.1,87.1,1.0,0.0,4.0,1.0,0.3,6.7,6.7,6.7,6.7,1.0,0.0,4.0,1.0,0.6,0.3,-4.31,-4.31,-4.31,-4.31,1.0,0.0,4.0,1.0,0.6,0.3,-5.13,-5.13,-5.13,-5.13,1.0,0.0,4.0,1.0,0.6,0.3,1013.8,1013.8,1013.8,1013.8,1.0,0.0,4.0,1.0,0.6,0.3,3.0,3.0,3.0,3.0,1.0,0.0,4.0,1.0,0.6,0.3,-28.9,-28.9,-28.9,-28.9,1.0,0.0,4.0,1.0,0.6,0.3,-34.4,-34.4,-34.4,-34.4,1.0,0.0,4.0,1.0,0.6,0.3,1.1,1.1,1.1,1.1,1.0,0.0,4.0,1.0,0.6,0.3,7.4,7.4,7.4,7.4,1.0,0.0,4.0,1.0,0.6,0.3,4.02,4.02,4.02,4.02,1.0,0.0,4.0,1.0,0.6,0.3,26.9,26.9,26.9,26.9,1.0,0.0,4.0,1.0,0.6,0.3,-109.4,-109.4,-109.4,-109.4,1.0,0.0,4.0,1.0,0.6,0.3,-130.4,-130.4,-130.4,-130.4,1.0,0.0,4.0,1.0,0.6,0.3,-75.8,-75.8,-75.8,-75.8,1.0,0.0,4.0,1.0,0.6,0.3,-90.4,-90.4,-90.4,-90.4,1.0,0.0,4.0,1.0,0.6,0.3,-17.3,-17.3,-17.3,-17.3,1.0,0.0,4.0,1.0,0.6,0.3,-20.6,-20.6,-20.6,-20.6,1.0,0.0,4.0,1.0,0.6,0.3,301.0,301.0,301.0,301.0,1.0,0.0,4.0,1.0,0.6,0.3,300.0,300.0,300.0,300.0,1.0,0.0,4.0,1.0,0.6,0.3
1974,2,60.0,13.0,,,,,,,,,,,,,,,,,,,,,,,,,,,,,,,,,,,,,,,,8.2,8.2,8.2,8.2,1.0,0.0,24.0,1.0,0.3,0.5,-5.27,-5.27,-5.27,-5.27,1.0,0.0,24.0,1.0,0.3,0.5,-6.28,-6.28,-6.28,-6.28,1.0,0.0,24.0,1.0,0.3,0.5,1012.2,1012.2,1012.2,1012.2,1.0,0.0,24.0,1.0,0.3,0.5,,,,,,,,,,,,,,,,,,,,,,,,,,,,,,,,,,,,,,,,,,,,,,,,,,,,,,,,,,,,,,,,,,,,,,,,,,,,,,,,,,,,,,,,,,,,,,,,,,,,,,,,,,,,,,,,,,,,,,,,,,,,,,,,,,,,,,,,,,,,,,,,,,,,,,
1974,2,60.0,14.0,24.32,25.0,25.07,24.7,3.0,0.61,10.0,0.7,0.5,0.6,23.9,25.4,25.47,24.7,3.0,1.3,10.0,0.7,0.5,0.6,14.47,14.47,14.47,14.47,1.0,0.0,4.0,1.0,0.1,0.5,72.0,72.0,72.0,72.0,1.0,0.0,4.0,1.0,0.5,1.67,3.1,7.33,4.47,3.0,4.32,10.0,0.7,0.5,0.6,-5.06,-3.1,-1.67,-3.36,3.0,2.5,10.0,0.7,0.5,0.6,-4.86,0.0,0.0,-2.37,3.0,4.11,10.0,0.7,0.5,0.6,1012.92,1016.4,1017.36,1015.17,3.0,3.42,10.0,0.7,0.5,0.6,1.6,3.0,5.7,3.7,3.0,3.1,10.0,0.7,0.5,0.6,-41.0,-9.6,-3.7,-22.1,3.0,29.4,10.0,0.7,0.5,0.6,-45.2,0.0,0.0,-22.1,3.0,38.3,10.0,0.7,0.5,0.6,-1.12,-0.3,1.13,0.0,3.0,1.67,10.0,0.7,0.5,0.6,-4.1,-2.8,0.3,-1.9,3.0,3.3,10.0,0.7,0.5,0.6,5.33,5.33,5.33,5.33,1.0,0.0,4.0,1.0,0.1,0.5,49.5,49.5,49.5,49.5,1.0,0.0,4.0,1.0,0.1,0.5,-128.7,-79.0,-40.9,-84.7,3.0,64.5,10.0,0.7,0.5,0.6,-123.5,0.0,0.0,-60.3,3.0,104.5,10.0,0.7,0.5,0.6,-86.5,-86.5,-86.5,-86.5,1.0,0.0,4.0,1.0,0.1,0.5,-103.1,-103.1,-103.1,-103.1,1.0,0.0,4.0,1.0,0.1,0.5,-31.8,-31.8,-31.8,-31.8,1.0,0.0,4.0,1.0,0.1,0.5,-37.9,-37.9,-37.9,-37.9,1.0,0.0,4.0,1.0,0.1,0.5,10.0,30.0,558.5,278.5,3.0,455.5,10.0,0.7,0.5,0.6,10.0,30.0,560.0,280.0,3.0,455.0,10.0,0.7,0.5,0.6
1974,2,60.0,15.0,25.36,25.5,26.52,25.93,3.0,0.93,14.0,0.7,0.4,0.5,23.48,24.5,24.84,24.17,3.0,1.04,14.0,0.7,0.4,0.5,10.86,12.01,13.36,12.11,3.0,1.83,14.0,0.7,0.4,0.5,59.0,68.9,70.4,64.8,3.0,9.1,14.0,0.7,0.5,5.27,6.7,6.7,6.0,3.0,1.21,14.0,0.7,0.4,0.5,-3.23,-2.96,-2.5,-2.87,3.0,0.54,14.0,0.7,0.4,0.5,-6.14,-5.8,-4.25,-5.21,3.0,1.48,14.0,0.7,0.4,0.5,1014.4,1014.6,1016.58,1015.47,3.0,1.77,14.0,0.7,0.4,0.5,1.3,2.0,5.4,3.3,3.0,3.2,14.0,0.7,0.4,0.5,-20.2,-15.4,-14.2,-17.1,3.0,4.7,14.0,0.7,0.4,0.5,-41.1,-38.9,-23.4,-32.4,3.0,14.1,14.0,0.7,0.4,0.5,0.52,1.0,3.05,1.77,3.0,1.97,14.0,0.7,0.4,0.5,2.8,4.6,19.8,11.1,3.0,13.6,14.0,0.7,0.4,0.5,7.34,9.96,10.16,8.78,3.0,2.3,14.0,0.7,0.4,0.5,42.5,45.8,61.4,51.8,3.0,14.8,14.0,0.7,0.4,0.5,-80.2,-72.4,-59.0,-69.6,3.0,15.7,14.0,0.7,0.4,0.5,-145.0,-144.8,-104.9,-125.4,3.0,33.8,14.0,0.7,0.4,0.5,-41.7,-30.5,-28.5,-35.0,3.0,10.4,14.0,0.7,0.4,0.5,-79.4,-75.6,-48.8,-64.4,3.0,24.4,14.0,0.7,0.4,0.5,-27.6,-23.5,-21.5,-24.5,3.0,4.6,14.0,0.7,0.4,0.5,-55.3,-35.5,-35.2,-45.1,3.0,16.9,14.0,0.7,0.4,0.5,162.0,301.0,301.0,233.0,3.0,117.5,14.0,0.7,0.4,0.5,160.0,300.0,300.0,235.0,3.0,115.0,14.0,0.7,0.4,0.5
1974,2,60.0,16.0,25.7,25.7,25.7,25.7,1.0,0.0,24.0,1.0,0.4,0.1,23.6,23.6,23.6,23.6,1.0,0.0,24.0,1.0,0.4,0.1,12.78,12.78,12.78,12.78,1.0,0.0,24.0,1.0,0.4,0.1,70.8,70.8,70.8,70.8,1.0,0.0,24.0,1.0,0.1,4.01,4.9,5.79,4.9,2.0,1.84,12.0,1.0,0.6,0.1,-2.98,-2.71,-2.44,-2.71,2.0,0.56,12.0,1.0,0.6,0.1,-4.95,-4.06,-3.17,-4.06,2.0,1.85,12.0,1.0,0.6,0.1,1016.1,1016.1,1016.1,1016.1,1.0,0.0,24.0,1.0,0.4,0.1,3.5,4.5,5.5,4.5,2.0,2.1,12.0,1.0,0.6,0.1,-17.5,-13.8,-10.1,-13.8,2.0,7.7,12.0,1.0,0.6,0.1,-29.6,-21.6,-13.6,-21.6,2.0,16.5,12.0,1.0,0.6,0.1,2.1,2.1,2.1,2.1,1.0,0.0,24.0,1.0,0.4,0.1,13.0,13.0,13.0,13.0,1.0,0.0,24.0,1.0,0.4,0.1,7.78,7.78,7.78,7.78,1.0,0.0,24.0,1.0,0.4,0.1,48.2,48.2,48.2,48.2,1.0,0.0,24.0,1.0,0.4,0.1,-73.2,-73.2,-73.2,-73.2,1.0,0.0,24.0,1.0,0.4,0.1,-126.7,-126.7,-126.7,-126.7,1.0,0.0,24.0,1.0,0.4,0.1,-39.6,-39.6,-39.6,-39.6,1.0,0.0,24.0,1.0,0.4,0.1,-68.6,-68.6,-68.6,-68.6,1.0,0.0,24.0,1.0,0.4,0.1,-24.1,-24.1,-24.1,-24.1,1.0,0.0,24.0,1.0,0.4,0.1,-41.8,-41.8,-41.8,-41.8,1.0,0.0,24.0,1.0,0.4,0.1,77.0,142.5,208.0,142.5,2.0,135.5,12.0,1.0,0.6,0.1,75.0,140.0,210.0,140.0,2.0,135.0,12.0,1.0,0.6,0.1
1974,2,60.0,19.0,24.7,24.7,24.7,24.7,1.0,0.0,24.0,0.0,0.1,0.4,21.7,21.7,21.7,21.7,1.0,0.0,24.0,0.0,0.1,0.4,10.59,10.59,10.59,10.59,1.0,0.0,24.0,0.0,0.1,0.4,65.7,65.7,65.7,65.7,1.0,0.0,24.0,0.0,0.4,8.2,8.2,8.2,8.2,1.0,0.0,24.0,0.0,0.1,0.4,-5.27,-5.27,-5.27,-5.27,1.0,0.0,24.0,0.0,0.1,0.4,-6.28,-6.28,-6.28,-6.28,1.0,0.0,24.0,0.0,0.1,0.4,1011.7,1011.7,1011.7,1011.7,1.0,0.0,24.0,0.0,0.1,0.4,0.0,0.0,0.0,0.0,1.0,0.0,24.0,0.0,0.1,0.4,-43.2,-43.2,-43.2,-43.2,1.0,0.0,24.0,0.0,0.1,0.4,-51.5,-51.5,-51.5,-51.5,1.0,0.0,24.0,0.0,0.1,0.4,3.0,3.0,3.0,3.0,1.0,0.0,24.0,0.0,0.1,0.4,24.6,24.6,24.6,24.6,1.0,0.0,24.0,0.0,0.1,0.4,8.85,8.85,8.85,8.85,1.0,0.0,24.0,0.0,0.1,0.4,72.6,72.6,72.6,72.6,1.0,0.0,24.0,0.0,0.1,0.4,-114.4,-114.4,-114.4,-114.4,1.0,0.0,24.0,0.0,0.1,0.4,-136.3,-136.3,-136.3,-136.3,1.0,0.0,24.0,0.0,0.1,0.4,-55.8,-55.8,-55.8,-55.8,1.0,0.0,24.0,0.0,0.1,0.4,-66.5,-66.5,-66.5,-66.5,1.0,0.0,24.0,0.0,0.1,0.4,-46.7,-46.7,-46.7,-46.7,1.0,0.0,24.0,0.0,0.1,0.4,-55.6,-55.6,-55.6,-55.6,1.0,0.0,24.0,0.0,0.1,0.4,551.5,551.5,551.5,551.5,1.0,0.0,24.0,0.0,0.1,0.4,550.0,550.0,550.0,550.0,1.0,0.0,24.0,0.0,0.1,0.4
1974,2,60.0,20.0,22.8,22.8,22.8,22.8,1.0,0.0,14.0,1.0,0.4,0.9,26.1,26.1,26.1,26.1,1.0,0.0,14.0,1.0,0.4,0.9,10.73,10.73,10.73,10.73,1.0,0.0,14.0,1.0,0.4,0.9,51.4,51.4,51.4,51.4,1.0,0.0,14.0,1.0,0.9,5.1,5.1,5.1,5.1,1.0,0.0,14.0,1.0,0.4,0.9,-5.02,-5.02,-5.02,-5.02,1.0,0.0,14.0,1.0,0.4,0.9,0.89,0.89,0.89,0.89,1.0,0.0,14.0,1.0,0.4,0.9,1018.3,1018.3,1018.3,1018.3,1.0,0.0,14.0,1.0,0.4,0.9,4.0,4.0,4.0,4.0,1.0,0.0,14.0,1.0,0.4,0.9,-25.6,-25.6,-25.6,-25.6,1.0,0.0,14.0,1.0,0.4,0.9,4.5,4.5,4.5,4.5,1.0,0.0,14.0,1.0,0.4,0.9,-3.3,-3.3,-3.3,-3.3,1.0,0.0,14.0,1.0,0.4,0.9,-16.8,-16.8,-16.8,-16.8,1.0,0.0,14.0,1.0,0.4,0.9,6.48,6.48,6.48,6.48,1.0,0.0,14.0,1.0,0.4,0.9,33.0,33.0,33.0,33.0,1.0,0.0,14.0,1.0,0.4,0.9,-131.1,-131.1,-131.1,-131.1,1.0,0.0,14.0,1.0,0.4,0.9,23.1,23.1,23.1,23.1,1.0,0.0,14.0,1.0,0.4,0.9,-53.9,-53.9,-53.9,-53.9,1.0,0.0,14.0,1.0,0.4,0.9,9.5,9.5,9.5,9.5,1.0,0.0,14.0,1.0,0.4,0.9,-32.5,-32.5,-32.5,-32.5,1.0,0.0,14.0,1.0,0.4,0.9,5.7,5.7,5.7,5.7,1.0,0.0,14.0,1.0,0.4,0.9,132.5,132.5,132.5,132.5,1.0,0.0,14.0,1.0,0.4,0.9,135.0,135.0,135.0,135.0,1.0,0.0,14.0,1.0,0.4,0.9
1974,2,60.0,21.0,22.02,22.8,24.33,22.94,8.0,1.26,14.0,0.6,0.2,0.7,21.14,22.9,25.79,23.32,10.0,2.43,12.0,0.6,0.3,0.7,8.94,11.04,12.3,11.16,8.0,2.24,14.0,0.5,0.3,0.7,56.1,66.9,76.9,65.0,8.0,14.7,14.0,0.5,0.7,3.61,5.1,7.88,5.56,9.0,1.99,12.0,0.6,0.3,0.7,-4.53,-2.85,-1.33,-2.63,9.0,2.01,12.0,0.6,0.3,0.7,-7.53,-3.21,0.11,-3.55,9.0,3.56,12.0,0.6,0.3,0.7,1015.09,1017.6,1019.77,1017.53,10.0,2.45,12.0,0.6,0.3,0.7,0.0,2.0,4.5,2.1,9.0,2.2,14.0,0.7,0.3,0.7,-24.5,-16.2,-4.5,-13.4,9.0,12.3,12.0,0.6,0.3,0.7,-59.8,-16.1,1.7,-24.2,9.0,28.6,12.0,0.6,0.3,0.7,-2.59,-0.25,1.0,-0.86,8.0,2.35,14.0,0.6,0.2,0.7,-17.9,-6.8,5.3,-5.6,7.0,13.0,12.0,0.6,0.2,0.7,3.73,5.84,8.33,5.95,6.0,2.24,16.0,0.5,0.3,0.7,18.6,42.3,51.5,36.1,5.0,19.4,14.0,0.4,0.3,0.7,-103.0,-60.1,-31.8,-62.3,9.0,48.4,12.0,0.6,0.3,0.7,-172.3,-70.7,2.2,-82.1,9.0,85.1,12.0,0.6,0.3,0.7,-40.8,-24.7,-13.1,-23.0,7.0,23.5,12.0,0.4,0.3,0.6,-83.8,-27.3,10.5,-35.6,7.0,43.4,12.0,0.4,0.3,0.6,-29.8,-23.7,-8.0,-20.4,5.0,13.8,14.0,0.4,0.3,0.7,-47.1,-7.8,7.9,-17.4,5.0,30.3,14.0,0.4,0.3,0.7,55.5,132.5,495.0,230.0,9.0,205.0,12.0,0.6,0.3,0.7,55.0,135.0,495.0,230.0,9.0,205.0,12.0,0.6,0.3,0.7
1974,2,60.0,22.0,21.87,22.8,23.23,22.99,22.0,1.38,14.0,0.5,0.4,0.6,20.0,22.35,24.27,22.5,22.0,2.31,14.0,0.5,0.4,0.6,9.24,10.61,14.23,11.21,17.0,2.4,14.0,0.6,0.5,0.6,59.2,60.2,77.6,66.2,17.0,10.7,14.0,0.6,0.6,4.27,5.4,6.2,5.38,22.0,1.91,14.0,0.5,0.4,0.6,-5.05,-2.85,3.75,-1.58,22.0,3.69,14.0,0.5,0.4,0.6,-4.47,-1.03,4.67,0.02,22.0,4.21,14.0,0.5,0.4,0.6,1013.92,1015.9,1018.88,1016.05,21.0,2.98,14.0,0.6,0.4,0.6,0.0,2.0,4.0,2.3,22.0,1.9,14.0,0.6,0.4,0.6,-30.8,-16.2,20.6,-8.3,22.0,24.2,14.0,0.5,0.4,0.6,-25.4,-3.4,28.2,2.8,22.0,28.9,14.0,0.5,0.4,0.6,-1.44,0.4,2.45,0.36,21.0,2.19,14.0,0.5,0.4,0.6,-9.9,1.2,13.0,2.3,20.0,12.9,14.0,0.5,0.4,0.6,3.88,6.56,7.85,6.07,17.0,2.17,14.0,0.6,0.5,0.6,17.1,35.5,48.1,33.2,16.0,15.8,14.0,0.6,0.5,0.6,-111.3,-65.6,65.0,-38.8,21.0,81.2,14.0,0.5,0.4,0.6,-95.0,0.0,102.9,5.4,21.0,97.4,14.0,0.5,0.4,0.6,-45.4,-25.6,25.9,-15.7,16.0,36.2,14.0,0.6,0.5,0.6,-49.4,-14.1,67.3,0.8,16.0,52.8,14.0,0.6,0.5,0.6,-27.3,-18.6,15.1,-10.1,16.0,21.2,14.0,0.6,0.5,0.6,-32.7,-6.6,24.7,-5.1,16.0,29.0,14.0,0.6,0.5,0.6,78.5,159.0,238.5,208.5,22.0,202.0,14.0,0.5,0.4,0.6,80.0,160.0,240.0,210.0,22.0,200.0,14.0,0.5,0.4,0.6
1974,2,60.0,23.0,22.15,22.7,23.0,22.68,18.0,0.84,14.0,0.5,0.5,0.3,20.77,21.3,22.57,21.66,19.0,2.08,14.0,0.5,0.5,0.3,8.4,10.55,12.09,10.24,19.0,2.14,14.0,0.5,0.5,0.3,51.6,66.4,71.4,63.7,19.0,11.9,14.0,0.5,0.3,1.8,4.6,6.7,4.21,19.0,2.4,14.0,0.5,0.5,0.3,-2.76,0.0,3.31,-0.05,19.0,3.5,14.0,0.5,0.5,0.3,-4.5,-2.25,1.44,-1.48,19.0,3.15,14.0,0.5,0.5,0.3,1014.87,1016.0,1019.53,1016.59,19.0,2.33,14.0,0.5,0.5,0.3,0.0,2.0,3.0,1.7,18.0,1.5,14.0,0.5,0.5,0.3,-15.8,0.0,16.9,-0.9,19.0,21.5,14.0,0.5,0.5,0.3,-25.7,-7.2,4.3,-8.4,19.0,18.5,14.0,0.5,0.5,0.3,-0.43,1.15,2.27,0.93,18.0,2.0,14.0,0.5,0.5,0.3,-2.0,3.7,13.5,5.2,18.0,8.7,14.0,0.5,0.5,0.3,5.2,6.62,8.75,6.8,18.0,2.15,14.0,0.5,0.5,0.3,13.6,31.9,46.1,30.1,18.0,18.8,14.0,0.5,0.5,0.3,-58.2,0.0,71.0,-0.6,19.0,74.4,14.0,0.5,0.5,0.3,-87.1,-47.3,31.2,-30.2,19.0,68.7,14.0,0.5,0.5,0.3,-31.9,0.0,35.8,2.0,19.0,33.7,14.0,0.5,0.5,0.3,-44.2,-15.6,10.4,-15.6,19.0,36.3,14.0,0.5,0.5,0.3,-27.9,1.4,21.2,-3.1,18.0,27.9,14.0,0.5,0.5,0.3,-27.5,-15.1,11.0,-10.4,18.0,20.2,14.0,0.5,0.5,0.3,8.0,97.5,301.0,136.0,19.0,128.0,14.0,0.5,0.5,0.3,10.0,95.0,300.0,135.0,19.0,130.0,14.0,0.5,0.5,0.3
1974,2,60.0,24.0,22.0,22.4,23.22,22.66,9.0,0.71,8.0,0.3,0.4,0.3,20.04,21.25,21.87,21.3,10.0,1.6,8.0,0.4,0.4,0.3,6.96,7.57,10.72,8.78,4.0,3.25,8.0,0.5,0.4,0.3,49.7,52.3,69.3,59.2,4.0,17.1,8.0,0.5,0.3,1.62,4.0,5.62,3.79,8.0,1.85,10.0,0.4,0.3,0.3,-4.54,0.03,0.75,-1.12,8.0,2.7,10.0,0.4,0.3,0.3,-2.77,-0.65,2.28,-0.5,8.0,3.29,10.0,0.4,0.3,0.3,1014.86,1017.5,1020.69,1017.71,10.0,3.19,8.0,0.4,0.4,0.3,0.0,0.0,1.0,0.5,10.0,1.0,8.0,0.4,0.4,0.3,-22.7,0.0,1.5,-6.6,8.0,14.1,10.0,0.4,0.3,0.3,-8.1,-1.0,5.9,-2.1,8.0,16.7,10.0,0.4,0.3,0.3,0.78,2.0,2.07,1.4,9.0,1.94,8.0,0.3,0.4,0.3,2.0,3.1,9.7,4.4,8.0,11.7,10.0,0.4,0.3,0.3,8.89,9.03,10.57,9.71,3.0,1.36,8.0,0.3,0.3,0.1,13.3,13.5,48.2,30.4,3.0,29.4,8.0,0.3,0.3,0.1,-97.6,0.6,15.1,-22.1,8.0,54.8,10.0,0.4,0.3,0.3,-58.1,-13.0,49.4,-12.9,8.0,75.1,10.0,0.4,0.3,0.3,-23.1,5.7,5.7,-8.4,3.0,24.4,8.0,0.3,0.3,0.1,-9.8,-9.8,-3.1,-6.6,3.0,5.7,8.0,0.3,0.3,0.1,-41.8,6.6,6.7,-17.0,3.0,41.0,8.0,0.3,0.3,0.1,-11.6,-11.5,-3.6,-7.7,3.0,6.7,8.0,0.3,0.3,0.1,5.0,76.0,178.5,88.0,8.0,86.0,10.0,0.4,0.3,0.3,5.0,75.0,180.0,90.0,8.0,85.0,10.0,0.4,0.3,0.3
1974,2,61.0,-66.0,,,,,,,,,,,,,,,,,,,,,,,,,,,,,,,,,,,,,,,,,,,,,,,,,,,,,,,,,,,,,,,,,,,,,,,,,,,,,,,,8.0,8.0,8.0,8.0,1.0,0.0,28.0,1.0,0.6,0.8,-98.5,-98.5,-98.5,-98.5,1.0,0.0,28.0,1.0,0.6,0.8,17.4,17.4,17.4,17.4,1.0,0.0,28.0,1.0,0.6,0.8,,,,,,,,,,,,,,,,,,,,,,,,,,,,,,,,,,,,,,,,,,,,,,,,,,,,,,,,,,,,,,,,,,,,,,,,,,,,,,,,,,,,,,,,,,,,,,,,,,,,,,,,,,,,,,,,,,,,,,,,
1974,2,61.0,-61.0,,,,,,,,,,,,,,,,,,,,,,,,,,,,,,,,,,,,,,,,15.9,15.9,15.9,15.9,1.0,0.0,10.0,1.0,0.0,0.7,12.18,12.18,12.18,12.18,1.0,0.0,10.0,1.0,0.0,0.7,-10.22,-10.22,-10.22,-10.22,1.0,0.0,10.0,1.0,0.0,0.7,980.9,980.9,980.9,980.9,1.0,0.0,10.0,1.0,0.0,0.7,,,,,,,,,,,,,,,,,,,,,,,,,,,,,,,,,,,,,,,,,,,,,,,,,,,,,,,,,,,,,,,,,,,,,,,29.2,29.2,29.2,29.2,1.0,0.0,10.0,1.0,0.0,0.7,-24.5,-24.5,-24.5,-24.5,1.0,0.0,10.0,1.0,0.0,0.7,41.0,41.0,41.0,41.0,1.0,0.0,10.0,1.0,0.0,0.7,-34.4,-34.4,-34.4,-34.4,1.0,0.0,10.0,1.0,0.0,0.7,,,,,,,,,,,,,,,,,,,,,,,,,,,,,,,,,,,,,,,,
1974,2,61.0,-49.0,5.2,5.2,5.2,5.2,1.0,0.0,2.0,1.0,0.6,0.6,7.2,7.2,7.2,7.2,1.0,0.0,2.0,1.0,0.6,0.6,6.24,6.24,6.24,6.24,1.0,0.0,2.0,1.0,0.6,0.6,97.3,97.3,97.3,97.3,1.0,0.0,2.0,1.0,0.6,8.7,8.7,8.7,8.7,1.0,0.0,2.0,1.0,0.6,0.6,7.53,7.53,7.53,7.53,1.0,0.0,2.0,1.0,0.6,0.6,-4.35,-4.35,-4.35,-4.35,1.0,0.0,2.0,1.0,0.6,0.6,993.1,993.1,993.1,993.1,1.0,0.0,2.0,1.0,0.6,0.6,8.0,8.0,8.0,8.0,1.0,0.0,2.0,1.0,0.6,0.6,65.5,65.5,65.5,65.5,1.0,0.0,2.0,1.0,0.6,0.6,-37.8,-37.8,-37.8,-37.8,1.0,0.0,2.0,1.0,0.6,0.6,-2.0,-2.0,-2.0,-2.0,1.0,0.0,2.0,1.0,0.6,0.6,-17.4,-17.4,-17.4,-17.4,1.0,0.0,2.0,1.0,0.6,0.6,-0.66,-0.66,-0.66,-0.66,1.0,0.0,2.0,1.0,0.6,0.6,-5.7,-5.7,-5.7,-5.7,1.0,0.0,2.0,1.0,0.6,0.6,54.2,54.2,54.2,54.2,1.0,0.0,2.0,1.0,0.6,0.6,-31.3,-31.3,-31.3,-31.3,1.0,0.0,2.0,1.0,0.6,0.6,47.0,47.0,47.0,47.0,1.0,0.0,2.0,1.0,0.6,0.6,-27.1,-27.1,-27.1,-27.1,1.0,0.0,2.0,1.0,0.6,0.6,-4.9,-4.9,-4.9,-4.9,1.0,0.0,2.0,1.0,0.6,0.6,2.9,2.9,2.9,2.9,1.0,0.0,2.0,1.0,0.6,0.6,658.5,658.5,658.5,658.5,1.0,0.0,2.0,1.0,0.6,0.6,660.0,660.0,660.0,660.0,1.0,0.0,2.0,1.0,0.6,0.6
1974,2,61.0,-46.0,10.0,10.0,10.0,10.0,1.0,0.0,18.0,0.0,0.8,0.2,9.5,9.5,9.5,9.5,1.0,0.0,18.0,0.0,0.8,0.2,6.59,6.59,6.59,6.59,1.0,0.0,18.0,0.0,0.8,0.2,90.4,90.4,90.4,90.4,1.0,0.0,18.0,0.0,0.2,7.2,7.2,7.2,7.2,1.0,0.0,18.0,0.0,0.8,0.2,-7.2,-7.2,-7.2,-7.2,1.0,0.0,18.0,0.0,0.8,0.2,0.0,0.0,0.0,0.0,1.0,0.0,18.0,0.0,0.8,0.2,1020.6,1020.6,1020.6,1020.6,1.0,0.0,18.0,0.0,0.8,0.2,8.0,8.0,8.0,8.0,1.0,0.0,18.0,0.0,0.8,0.2,-51.8,-51.8,-51.8,-51.8,1.0,0.0,18.0,0.0,0.8,0.2,0.0,0.0,0.0,0.0,1.0,0.0,18.0,0.0,0.8,0.2,0.5,0.5,0.5,0.5,1.0,0.0,18.0,0.0,0.8,0.2,3.6,3.6,3.6,3.6,1.0,0.0,18.0,0.0,0.8,0.2,0.96,0.96,0.96,0.96,1.0,0.0,18.0,0.0,0.8,0.2,6.9,6.9,6.9,6.9,1.0,0.0,18.0,0.0,0.8,0.2,-68.4,-68.4,-68.4,-68.4,1.0,0.0,18.0,0.0,0.8,0.2,0.0,0.0,0.0,0.0,1.0,0.0,18.0,0.0,0.8,0.2,-47.5,-47.5,-47.5,-47.5,1.0,0.0,18.0,0.0,0.8,0.2,0.0,0.0,0.0,0.0,1.0,0.0,18.0,0.0,0.8,0.2,-6.9,-6.9,-6.9,-6.9,1.0,0.0,18.0,0.0,0.8,0.2,0.0,0.0,0.0,0.0,1.0,0.0,18.0,0.0,0.8,0.2,373.0,373.0,373.0,373.0,1.0,0.0,18.0,0.0,0.8,0.2,375.0,375.0,375.0,375.0,1.0,0.0,18.0,0.0,0.8,0.2
1974,2,61.0,-45.0,11.2,11.2,11.2,11.2,1.0,0.0,2.0,1.0,0.6,0.1,13.6,13.6,13.6,13.6,1.0,0.0,2.0,1.0,0.6,0.1,9.59,9.59,9.59,9.59,1.0,0.0,2.0,1.0,0.6,0.1,98.7,98.7,98.7,98.7,1.0,0.0,2.0,1.0,0.1,8.2,8.2,8.2,8.2,1.0,0.0,2.0,1.0,0.6,0.1,4.1,4.1,4.1,4.1,1.0,0.0,2.0,1.0,0.6,0.1,-7.1,-7.1,-7.1,-7.1,1.0,0.0,2.0,1.0,0.6,0.1,1006.6,1006.6,1006.6,1006.6,1.0,0.0,2.0,1.0,0.6,0.1,,,,,,,,,,,,,,,,,,,,,,,,,,,,,,,-2.4,-2.4,-2.4,-2.4,1.0,0.0,2.0,1.0,0.6,0.1,-19.7,-19.7,-19.7,-19.7,1.0,0.0,2.0,1.0,0.6,0.1,-1.3,-1.3,-1.3,-1.3,1.0,0.0,2.0,1.0,0.6,0.1,-10.6,-10.6,-10.6,-10.6,1.0,0.0,2.0,1.0,0.6,0.1,55.8,55.8,55.8,55.8,1.0,0.0,2.0,1.0,0.6,0.1,-96.6,-96.6,-96.6,-96.6,1.0,0.0,2.0,1.0,0.6,0.1,39.3,39.3,39.3,39.3,1.0,0.0,2.0,1.0,0.6,0.1,-68.1,-68.1,-68.1,-68.1,1.0,0.0,2.0,1.0,0.6,0.1,-5.3,-5.3,-5.3,-5.3,1.0,0.0,2.0,1.0,0.6,0.1,9.2,9.2,9.2,9.2,1.0,0.0,2.0,1.0,0.6,0.1,551.5,551.5,551.5,551.5,1.0,0.0,2.0,1.0,0.6,0.1,550.0,550.0,550.0,550.0,1.0,0.0,2.0,1.0,0.6,0.1
1974,2,61.0,-42.0,15.6,15.6,15.6,15.6,1.0,0.0,2.0,1.0,0.2,0.5,16.0,16.0,16.0,16.0,1.0,0.0,2.0,1.0,0.2,0.5,10.75,10.75,10.75,10.75,1.0,0.0,2.0,1.0,0.2,0.5,95.6,95.6,95.6,95.6,1.0,0.0,2.0,1.0,0.5,6.7,6.7,6.7,6.7,1.0,0.0,2.0,1.0,0.2,0.5,3.35,3.35,3.35,3.35,1.0,0.0,2.0,1.0,0.2,0.5,-5.8,-5.8,-5.8,-5.8,1.0,0.0,2.0,1.0,0.2,0.5,1016.4,1016.4,1016.4,1016.4,1.0,0.0,2.0,1.0,0.2,0.5,8.0,8.0,8.0,8.0,1.0,0.0,2.0,1.0,0.2,0.5,22.4,22.4,22.4,22.4,1.0,0.0,2.0,1.0,0.2,0.5,-38.9,-38.9,-38.9,-38.9,1.0,0.0,2.0,1.0,0.2,0.5,-0.4,-0.4,-0.4,-0.4,1.0,0.0,2.0,1.0,0.2,0.5,-2.7,-2.7,-2.7,-2.7,1.0,0.0,2.0,1.0,0.2,0.5,0.21,0.21,0.21,0.21,1.0,0.0,2.0,1.0,0.2,0.5,1.4,1.4,1.4,1.4,1.0,0.0,2.0,1.0,0.2,0.5,53.6,53.6,53.6,53.6,1.0,0.0,2.0,1.0,0.2,0.5,-92.8,-92.8,-92.8,-92.8,1.0,0.0,2.0,1.0,0.2,0.5,36.0,36.0,36.0,36.0,1.0,0.0,2.0,1.0,0.2,0.5,-62.4,-62.4,-62.4,-62.4,1.0,0.0,2.0,1.0,0.2,0.5,0.7,0.7,0.7,0.7,1.0,0.0,2.0,1.0,0.2,0.5,-1.2,-1.2,-1.2,-1.2,1.0,0.0,2.0,1.0,0.2,0.5,301.0,301.0,301.0,301.0,1.0,0.0,2.0,1.0,0.2,0.5,300.0,300.0,300.0,300.0,1.0,0.0,2.0,1.0,0.2,0.5
1974,2,61.0,-40.0,19.32,20.0,20.68,20.0,2.0,1.41,12.0,0.5,0.3,0.5,19.51,20.6,20.87,20.2,3.0,1.06,12.0,0.3,0.3,0.6,12.59,13.38,14.17,13.38,2.0,1.64,12.0,0.5,0.3,0.5,84.3,88.5,92.7,88.5,2.0,8.6,12.0,0.5,0.5,1.85,2.6,3.62,2.73,3.0,1.31,12.0,0.3,0.3,0.6,-1.96,-0.51,0.98,-0.49,3.0,2.15,12.0,0.3,0.3,0.6,-2.59,-1.41,0.91,-0.85,3.0,2.61,12.0,0.3,0.3,0.6,1009.8,1019.9,1026.45,1018.17,3.0,12.29,12.0,0.3,0.3,0.6,4.0,6.0,7.4,5.7,3.0,2.5,12.0,0.3,0.3,0.6,-7.6,-0.8,2.7,-2.4,3.0,7.7,12.0,0.3,0.3,0.6,-9.5,-2.1,2.9,-3.3,3.0,9.1,12.0,0.3,0.3,0.6,-1.62,-0.8,0.02,-0.8,2.0,1.7,12.0,0.5,0.3,0.5,-6.8,-3.8,-0.8,-3.8,2.0,6.2,12.0,0.5,0.3,0.5,-0.34,1.02,2.38,1.02,2.0,2.81,12.0,0.5,0.3,0.5,-2.6,0.3,3.2,0.3,2.0,6.0,12.0,0.5,0.3,0.5,-41.1,-10.6,18.3,-11.4,3.0,43.6,12.0,0.3,0.3,0.6,-54.2,-29.0,16.6,-19.1,3.0,52.6,12.0,0.3,0.3,0.6,-33.2,-22.3,-11.4,-22.3,2.0,22.7,12.0,0.5,0.3,0.5,-41.1,-31.4,-21.7,-31.4,2.0,20.1,12.0,0.5,0.3,0.5,-0.9,0.5,1.9,0.5,2.0,2.9,12.0,0.5,0.3,0.5,-3.1,-0.6,1.9,-0.6,2.0,5.1,12.0,0.5,0.3,0.5,8.0,17.5,52.5,30.0,3.0,34.5,12.0,0.3,0.3,0.6,10.0,20.0,55.0,30.0,3.0,35.0,12.0,0.3,0.3,0.6
1974,2,61.0,-38.0,,,,,,,,,,,,,,,,,,,,,,,,,,,,,,,,,,,,,,,,11.0,11.0,11.0,11.0,1.0,0.0,20.0,0.0,0.1,0.9,7.07,7.07,7.07,7.07,1.0,0.0,20.0,0.0,0.1,0.9,-8.43,-8.43,-8.43,-8.43,1.0,0.0,20.0,0.0,0.1,0.9,1012.9,1012.9,1012.9,1012.9,1.0,0.0,20.0,0.0,0.1,0.9,,,,,,,,,,,,,,,,,,,,,,,,,,,,,,,,,,,,,,,,,,,,,,,,,,,,,,,,,,,,,,,,,,,,,,,,,,,,,,,,,,,,,,,,,,,,,,,,,,,,,,,,,,,,,,,,,,,,,,,,,,,,,,,,,,,,,,,,,,,,,,,,,,,,,,
1974,2,61.0,-34.0,23.0,23.0,23.0,23.0,1.0,0.0,6.0,1.0,0.1,0.5,24.32,25.0,25.68,25.0,2.0,1.41,10.0,1.0,0.2,0.6,12.69,13.03,13.38,13.03,2.0,0.72,10.0,1.0,0.2,0.6,65.9,67.0,68.2,67.0,2.0,2.4,10.0,1.0,0.6,1.98,4.1,6.22,4.1,2.0,4.38,10.0,1.0,0.2,0.6,-6.21,-4.09,-1.97,-4.09,2.0,4.39,10.0,1.0,0.2,0.6,-0.15,-0.09,-0.03,-0.09,2.0,0.12,10.0,1.0,0.2,0.6,1023.35,1026.25,1029.15,1026.25,2.0,6.01,10.0,1.0,0.2,0.6,2.3,3.0,3.7,3.0,2.0,1.4,10.0,1.0,0.2,0.6,-43.8,-26.4,-9.1,-26.4,2.0,36.0,10.0,1.0,0.2,0.6,-0.1,-0.1,0.0,-0.1,2.0,0.1,10.0,1.0,0.2,0.6,-1.0,-1.0,-1.0,-1.0,1.0,0.0,6.0,1.0,0.1,0.5,-7.2,-7.2,-7.2,-7.2,1.0,0.0,6.0,1.0,0.1,0.5,4.69,4.69,4.69,4.69,1.0,0.0,6.0,1.0,0.1,0.5,33.7,33.7,33.7,33.7,1.0,0.0,6.0,1.0,0.1,0.5,-149.4,-99.2,-49.0,-99.2,2.0,104.1,10.0,1.0,0.2,0.6,-3.8,-2.3,-0.7,-2.3,2.0,3.2,10.0,1.0,0.2,0.6,-78.0,-51.8,-25.5,-51.8,2.0,54.3,10.0,1.0,0.2,0.6,-2.0,-1.2,-0.4,-1.2,2.0,1.7,10.0,1.0,0.2,0.6,-33.7,-33.7,-33.7,-33.7,1.0,0.0,6.0,1.0,0.1,0.5,0.0,0.0,0.0,0.0,1.0,0.0,6.0,1.0,0.1,0.5,60.0,187.0,314.0,187.0,2.0,263.0,10.0,1.0,0.2,0.6,60.0,185.0,315.0,185.0,2.0,265.0,10.0,1.0,0.2,0.6
1974,2,61.0,-33.0,23.0,23.0,23.0,23.0,1.0,0.0,12.0,1.0,0.2,0.1,24.5,24.5,24.5,24.5,1.0,0.0,12.0,1.0,0.2,0.1,12.89,12.89,12.89,12.89,1.0,0.0,12.0,1.0,0.2,0.1,67.9,67.9,67.9,67.9,1.0,0.0,12.0,1.0,0.1,5.1,5.1,5.1,5.1,1.0,0.0,12.0,1.0,0.2,0.1,-5.1,-5.1,-5.1,-5.1,1.0,0.0,12.0,1.0,0.2,0.1,0.0,0.0,0.0,0.0,1.0,0.0,12.0,1.0,0.2,0.1,1020.5,1020.5,1020.5,1020.5,1.0,0.0,12.0,1.0,0.2,0.1,5.0,5.0,5.0,5.0,1.0,0.0,12.0,1.0,0.2,0.1,-26.0,-26.0,-26.0,-26.0,1.0,0.0,12.0,1.0,0.2,0.1,0.0,0.0,0.0,0.0,1.0,0.0,12.0,1.0,0.2,0.1,-1.5,-1.5,-1.5,-1.5,1.0,0.0,12.0,1.0,0.2,0.1,-7.6,-7.6,-7.6,-7.6,1.0,0.0,12.0,1.0,0.2,0.1,4.49,4.49,4.49,4.49,1.0,0.0,12.0,1.0,0.2,0.1,22.9,22.9,22.9,22.9,1.0,0.0,12.0,1.0,0.2,0.1,-124.9,-124.9,-124.9,-124.9,1.0,0.0,12.0,1.0,0.2,0.1,0.0,0.0,0.0,0.0,1.0,0.0,12.0,1.0,0.2,0.1,-65.7,-65.7,-65.7,-65.7,1.0,0.0,12.0,1.0,0.2,0.1,0.0,0.0,0.0,0.0,1.0,0.0,12.0,1.0,0.2,0.1,-22.9,-22.9,-22.9,-22.9,1.0,0.0,12.0,1.0,0.2,0.1,0.0,0.0,0.0,0.0,1.0,0.0,12.0,1.0,0.2,0.1,132.5,132.5,132.5,132.5,1.0,0.0,12.0,1.0,0.2,0.1,135.0,135.0,135.0,135.0,1.0,0.0,12.0,1.0,0.2,0.1
1974,2,61.0,-32.0,24.43,24.5,24.57,24.5,2.0,0.14,12.0,0.0,0.6,0.4,23.83,24.1,24.37,24.1,2.0,0.57,12.0,0.0,0.6,0.4,13.01,14.09,15.17,14.09,2.0,2.24,12.0,0.0,0.6,0.4,71.6,75.9,80.3,75.9,2.0,9.1,12.0,0.0,0.4,5.77,7.2,8.63,7.2,2.0,2.97,12.0,0.0,0.6,0.4,-7.12,-2.44,2.24,-2.44,2.0,9.7,12.0,0.0,0.6,0.4,-2.15,-1.27,-0.4,-1.27,2.0,1.8,12.0,0.0,0.6,0.4,1019.98,1022.1,1024.22,1022.1,2.0,4.38,12.0,0.0,0.6,0.4,2.3,3.0,3.7,3.0,2.0,1.4,12.0,0.0,0.6,0.4,-69.2,-32.0,5.2,-32.0,2.0,77.1,12.0,0.0,0.6,0.4,-10.9,-6.5,-2.1,-6.5,2.0,9.2,12.0,0.0,0.6,0.4,0.06,0.4,0.74,0.4,2.0,0.71,12.0,0.0,0.6,0.4,0.9,3.9,7.0,3.9,2.0,6.3,12.0,0.0,0.6,0.4,3.8,4.92,6.04,4.92,2.0,2.32,12.0,0.0,0.6,0.4,23.8,38.9,54.0,38.9,2.0,31.3,12.0,0.0,0.6,0.4,-168.3,-56.1,56.1,-56.1,2.0,232.4,12.0,0.0,0.6,0.4,-52.6,-31.2,-9.9,-31.2,2.0,44.2,12.0,0.0,0.6,0.4,-86.9,-23.6,39.8,-23.6,2.0,131.2,12.0,0.0,0.6,0.4,-33.6,-20.0,-6.3,-20.0,2.0,28.3,12.0,0.0,0.6,0.4,-49.0,-23.3,2.5,-23.3,2.0,53.4,12.0,0.0,0.6,0.4,-7.0,-4.2,-1.3,-4.2,2.0,5.9,12.0,0.0,0.6,0.4,239.5,468.5,698.0,468.5,2.0,475.0,12.0,0.0,0.6,0.4,240.0,470.0,700.0,470.0,2.0,475.0,12.0,0.0,0.6,0.4
1974,2,61.0,-31.0,23.98,24.7,26.05,25.0,4.0,1.45,14.0,0.3,0.3,0.5,23.29,23.7,24.17,23.73,4.0,0.62,14.0,0.3,0.3,0.5,14.3,15.54,16.53,15.42,4.0,1.36,14.0,0.3,0.3,0.5,76.8,85.7,93.5,85.2,4.0,10.3,14.0,0.3,0.5,4.08,6.4,9.3,6.68,4.0,3.12,14.0,0.3,0.3,0.5,-7.13,-3.56,-1.66,-4.36,4.0,3.86,14.0,0.3,0.3,0.5,-5.72,-3.53,-2.5,-4.09,4.0,2.58,14.0,0.3,0.3,0.5,1016.68,1019.6,1022.52,1019.6,4.0,3.38,14.0,0.3,0.3,0.5,2.5,3.5,4.0,3.3,4.0,1.0,14.0,0.3,0.3,0.5,-63.2,-21.4,-10.6,-36.2,4.0,43.3,14.0,0.3,0.3,0.5,-50.4,-24.5,-9.9,-29.9,4.0,25.5,14.0,0.3,0.3,0.5,0.6,1.0,1.98,1.28,4.0,0.9,14.0,0.3,0.3,0.5,3.5,5.7,16.6,9.8,4.0,10.8,14.0,0.3,0.3,0.5,2.28,3.76,6.32,4.28,4.0,2.94,14.0,0.3,0.3,0.5,12.6,15.2,52.2,31.6,4.0,36.0,14.0,0.3,0.3,0.5,-172.8,-83.3,-38.5,-104.6,4.0,95.3,14.0,0.3,0.3,0.5,-133.9,-85.3,-59.6,-96.3,4.0,58.6,14.0,0.3,0.3,0.5,-103.3,-58.6,-27.3,-65.0,4.0,52.1,14.0,0.3,0.3,0.5,-92.9,-50.6,-36.5,-64.1,4.0,45.2,14.0,0.3,0.3,0.5,-49.0,-9.1,-3.1,-25.3,4.0,37.1,14.0,0.3,0.3,0.5,-22.3,-12.3,-7.5,-14.8,4.0,10.4,14.0,0.3,0.3,0.5,71.0,324.5,835.0,447.0,4.0,486.5,14.0,0.3,0.3,0.5,70.0,325.0,835.0,445.0,4.0,485.0,14.0,0.3,0.3,0.5
1974,2,61.0,-30.0,23.92,24.4,25.15,24.53,3.0,0.91,16.0,0.7,0.5,0.7,23.49,24.1,25.4,24.43,3.0,1.43,16.0,0.7,0.5,0.7,11.12,11.46,13.51,12.3,3.0,1.89,16.0,0.7,0.5,0.7,57.4,62.3,72.9,65.1,3.0,11.6,16.0,0.7,0.7,7.8,8.0,8.14,7.97,3.0,0.25,16.0,0.7,0.5,0.7,-6.95,-4.95,-4.37,-5.64,3.0,1.98,16.0,0.7,0.5,0.7,2.82,5.9,6.72,4.8,3.0,3.01,16.0,0.7,0.5,0.7,1016.09,1016.5,1018.21,1017.13,3.0,1.64,16.0,0.7,0.5,0.7,2.0,2.0,4.7,3.3,3.0,2.3,16.0,0.7,0.5,0.7,-55.1,-38.1,-35.0,-44.9,3.0,15.8,16.0,0.7,0.5,0.7,22.0,45.4,54.2,38.3,3.0,24.4,16.0,0.7,0.5,0.7,-0.47,-0.4,0.69,0.1,3.0,0.95,16.0,0.7,0.5,0.7,-3.8,-3.2,5.3,0.6,3.0,7.5,16.0,0.7,0.5,0.7,5.09,8.05,8.59,6.87,3.0,2.76,16.0,0.7,0.5,0.7,39.9,62.0,69.2,54.7,3.0,22.3,16.0,0.7,0.5,0.7,-166.1,-114.8,-109.2,-137.1,3.0,45.9,16.0,0.7,0.5,0.7,66.3,136.8,169.5,118.3,3.0,77.3,16.0,0.7,0.5,0.7,-95.0,-54.3,-49.3,-71.7,3.0,36.7,16.0,0.7,0.5,0.7,34.2,64.7,76.1,55.4,3.0,31.7,16.0,0.7,0.5,0.7,-38.7,-36.3,-31.5,-35.1,3.0,5.4,16.0,0.7,0.5,0.7,18.6,47.5,58.0,38.5,3.0,29.9,16.0,0.7,0.5,0.7,474.0,512.0,539.0,506.5,3.0,47.5,16.0,0.7,0.5,0.7,475.0,510.0,540.0,505.0,3.0,50.0,16.0,0.7,0.5,0.7
1974,2,61.0,-29.0,25.5,25.5,25.5,25.5,1.0,0.0,26.0,0.0,0.6,0.5,23.3,23.3,23.3,23.3,1.0,0.0,26.0,0.0,0.6,0.5,10.32,10.32,10.32,10.32,1.0,0.0,26.0,0.0,0.6,0.5,58.4,58.4,58.4,58.4,1.0,0.0,26.0,0.0,0.5,5.7,5.7,5.7,5.7,1.0,0.0,26.0,0.0,0.6,0.5,-3.66,-3.66,-3.66,-3.66,1.0,0.0,26.0,0.0,0.6,0.5,4.37,4.37,4.37,4.37,1.0,0.0,26.0,0.0,0.6,0.5,1018.0,1018.0,1018.0,1018.0,1.0,0.0,26.0,0.0,0.6,0.5,5.0,5.0,5.0,5.0,1.0,0.0,26.0,0.0,0.6,0.5,-20.9,-20.9,-20.9,-20.9,1.0,0.0,26.0,0.0,0.6,0.5,24.9,24.9,24.9,24.9,1.0,0.0,26.0,0.0,0.6,0.5,2.2,2.2,2.2,2.2,1.0,0.0,26.0,0.0,0.6,0.5,12.5,12.5,12.5,12.5,1.0,0.0,26.0,0.0,0.6,0.5,9.96,9.96,9.96,9.96,1.0,0.0,26.0,0.0,0.6,0.5,56.8,56.8,56.8,56.8,1.0,0.0,26.0,0.0,0.6,0.5,-85.4,-85.4,-85.4,-85.4,1.0,0.0,26.0,0.0,0.6,0.5,101.7,101.7,101.7,101.7,1.0,0.0,26.0,0.0,0.6,0.5,-37.8,-37.8,-37.8,-37.8,1.0,0.0,26.0,0.0,0.6,0.5,45.1,45.1,45.1,45.1,1.0,0.0,26.0,0.0,0.6,0.5,-36.5,-36.5,-36.5,-36.5,1.0,0.0,26.0,0.0,0.6,0.5,43.5,43.5,43.5,43.5,1.0,0.0,26.0,0.0,0.6,0.5,185.0,185.0,185.0,185.0,1.0,0.0,26.0,0.0,0.6,0.5,185.0,185.0,185.0,185.0,1.0,0.0,26.0,0.0,0.6,0.5
1974,2,61.0,-28.0,25.0,25.0,25.0,25.0,1.0,0.0,2.0,1.0,0.2,0.1,25.5,25.5,25.5,25.5,1.0,0.0,2.0,1.0,0.2,0.1,14.06,14.06,14.06,14.06,1.0,0.0,2.0,1.0,0.2,0.1,69.9,69.9,69.9,69.9,1.0,0.0,2.0,1.0,0.1,6.2,6.2,6.2,6.2,1.0,0.0,2.0,1.0,0.2,0.1,-6.11,-6.11,-6.11,-6.11,1.0,0.0,2.0,1.0,0.2,0.1,-1.08,-1.08,-1.08,-1.08,1.0,0.0,2.0,1.0,0.2,0.1,1022.0,1022.0,1022.0,1022.0,1.0,0.0,2.0,1.0,0.2,0.1,7.0,7.0,7.0,7.0,1.0,0.0,2.0,1.0,0.2,0.1,-37.9,-37.9,-37.9,-37.9,1.0,0.0,2.0,1.0,0.2,0.1,-6.7,-6.7,-6.7,-6.7,1.0,0.0,2.0,1.0,0.2,0.1,-0.5,-0.5,-0.5,-0.5,1.0,0.0,2.0,1.0,0.2,0.1,-3.1,-3.1,-3.1,-3.1,1.0,0.0,2.0,1.0,0.2,0.1,5.54,5.54,5.54,5.54,1.0,0.0,2.0,1.0,0.2,0.1,34.4,34.4,34.4,34.4,1.0,0.0,2.0,1.0,0.2,0.1,-155.7,-155.7,-155.7,-155.7,1.0,0.0,2.0,1.0,0.2,0.1,-27.5,-27.5,-27.5,-27.5,1.0,0.0,2.0,1.0,0.2,0.1,-85.8,-85.8,-85.8,-85.8,1.0,0.0,2.0,1.0,0.2,0.1,-15.1,-15.1,-15.1,-15.1,1.0,0.0,2.0,1.0,0.2,0.1,-33.8,-33.8,-33.8,-33.8,1.0,0.0,2.0,1.0,0.2,0.1,-6.0,-6.0,-6.0,-6.0,1.0,0.0,2.0,1.0,0.2,0.1,238.5,238.5,238.5,238.5,1.0,0.0,2.0,1.0,0.2,0.1,240.0,240.0,240.0,240.0,1.0,0.0,2.0,1.0,0.2,0.1
1974,2,61.0,-26.0,25.12,25.15,25.18,25.15,2.0,0.07,8.0,1.0,0.5,0.4,24.4,25.05,25.7,25.05,2.0,1.34,8.0,1.0,0.5,0.4,14.87,15.51,16.14,15.51,2.0,1.31,8.0,1.0,0.5,0.4,78.4,78.5,78.6,78.5,2.0,0.2,8.0,1.0,0.4,10.99,11.4,11.81,11.4,2.0,0.85,8.0,1.0,0.5,0.4,-11.55,-10.98,-10.41,-10.98,2.0,1.18,8.0,1.0,0.5,0.4,-3.44,-2.89,-2.34,-2.89,2.0,1.14,8.0,1.0,0.5,0.4,1015.44,1015.95,1016.46,1015.95,2.0,1.06,8.0,1.0,0.5,0.4,6.0,6.0,6.0,6.0,2.0,0.0,8.0,1.0,0.5,0.4,-136.7,-125.7,-114.7,-125.7,2.0,22.8,8.0,1.0,0.5,0.4,-37.5,-32.4,-27.4,-32.4,2.0,10.5,8.0,1.0,0.5,0.4,-0.51,0.1,0.71,0.1,2.0,1.27,8.0,1.0,0.5,0.4,-5.4,1.7,8.7,1.7,2.0,14.6,8.0,1.0,0.5,0.4,3.81,4.39,4.97,4.39,2.0,1.2,8.0,1.0,0.5,0.4,42.2,50.6,59.0,50.6,2.0,17.4,8.0,1.0,0.5,0.4,-281.5,-274.3,-267.2,-274.3,2.0,14.8,8.0,1.0,0.5,0.4,-88.8,-73.1,-57.5,-73.1,2.0,32.4,8.0,1.0,0.5,0.4,-171.4,-169.5,-167.6,-169.5,2.0,3.9,8.0,1.0,0.5,0.4,-55.9,-45.5,-35.2,-45.5,2.0,21.4,8.0,1.0,0.5,0.4,-57.8,-48.9,-40.1,-48.9,2.0,18.4,8.0,1.0,0.5,0.4,-12.7,-12.0,-11.3,-12.0,2.0,1.5,8.0,1.0,0.5,0.4,1334.0,1494.0,1653.5,1494.0,2.0,331.0,8.0,1.0,0.5,0.4,1335.0,1495.0,1655.0,1495.0,2.0,330.0,8.0,1.0,0.5,0.4
1974,2,61.0,-25.0,25.43,25.5,25.57,25.5,2.0,0.14,8.0,0.0,0.2,0.5,24.51,24.75,24.99,24.75,2.0,0.49,8.0,0.0,0.2,0.5,15.67,16.15,16.63,16.15,2.0,1.0,8.0,0.0,0.2,0.5,81.9,83.2,84.4,83.2,2.0,2.6,8.0,0.0,0.5,10.29,10.9,11.51,10.9,2.0,1.27,8.0,0.0,0.2,0.5,-10.18,-10.11,-10.03,-10.11,2.0,0.15,8.0,0.0,0.2,0.5,-4.96,-2.95,-0.94,-2.95,2.0,4.17,8.0,0.0,0.2,0.5,1014.73,1015.0,1015.27,1015.0,2.0,0.57,8.0,0.0,0.2,0.5,7.0,7.0,7.0,7.0,2.0,0.0,8.0,0.0,0.2,0.5,-117.3,-110.3,-103.3,-110.3,2.0,14.6,8.0,0.0,0.2,0.5,-58.6,-34.8,-11.0,-34.8,2.0,49.2,8.0,0.0,0.2,0.5,0.44,0.75,1.06,0.75,2.0,0.64,8.0,0.0,0.2,0.5,4.8,8.6,12.4,8.6,2.0,7.9,8.0,0.0,0.2,0.5,3.64,4.19,4.75,4.19,2.0,1.16,8.0,0.0,0.2,0.5,37.8,46.5,55.1,46.5,2.0,18.0,8.0,0.0,0.2,0.5,-250.7,-250.2,-249.6,-250.2,2.0,1.2,8.0,0.0,0.2,0.5,-121.1,-72.0,-22.8,-72.0,2.0,101.8,8.0,0.0,0.2,0.5,-166.8,-163.2,-159.5,-163.2,2.0,7.6,8.0,0.0,0.2,0.5,-76.6,-45.6,-14.5,-45.6,2.0,64.4,8.0,0.0,0.2,0.5,-48.5,-42.5,-36.5,-42.5,2.0,12.4,8.0,0.0,0.2,0.5,-24.9,-14.8,-4.7,-14.8,2.0,20.9,8.0,0.0,0.2,0.5,1102.0,1321.5,1541.0,1321.5,2.0,454.5,8.0,0.0,0.2,0.5,1100.0,1320.0,1540.0,1320.0,2.0,455.0,8.0,0.0,0.2,0.5
1974,2,61.0,-24.0,25.53,25.8,26.07,25.8,2.0,0.57,8.0,0.0,0.3,0.6,23.18,23.35,23.52,23.35,2.0,0.35,8.0,0.0,0.3,0.6,15.37,15.82,16.26,15.82,2.0,0.93,8.0,0.0,0.3,0.6,85.3,88.7,92.0,88.7,2.0,6.9,8.0,0.0,0.6,11.31,12.4,13.49,12.4,2.0,2.26,8.0,0.0,0.3,0.6,-11.81,-11.14,-10.46,-11.14,2.0,1.4,8.0,0.0,0.3,0.6,-6.48,-5.35,-4.22,-5.35,2.0,2.34,8.0,0.0,0.3,0.6,1013.07,1013.85,1014.64,1013.85,2.0,1.63,8.0,0.0,0.3,0.6,7.0,7.0,7.0,7.0,2.0,0.0,8.0,0.0,0.3,0.6,-160.2,-139.7,-119.1,-139.7,2.0,42.5,8.0,0.0,0.3,0.6,-88.8,-68.9,-49.1,-68.9,2.0,41.1,8.0,0.0,0.3,0.6,2.01,2.45,2.89,2.45,2.0,0.92,8.0,0.0,0.3,0.6,26.5,29.3,32.2,29.3,2.0,5.9,8.0,0.0,0.3,0.6,4.83,4.92,5.01,4.92,2.0,0.19,8.0,0.0,0.3,0.6,54.8,61.3,67.8,61.3,2.0,13.5,8.0,0.0,0.3,0.6,-277.9,-260.3,-242.6,-260.3,2.0,36.6,8.0,0.0,0.3,0.6,-152.5,-125.3,-98.0,-125.3,2.0,56.5,8.0,0.0,0.3,0.6,-181.2,-175.5,-169.8,-175.5,2.0,11.8,8.0,0.0,0.3,0.6,-98.9,-83.5,-68.0,-83.5,2.0,32.0,8.0,0.0,0.3,0.6,-59.3,-55.0,-50.6,-55.0,2.0,9.0,8.0,0.0,0.3,0.6,-32.6,-26.5,-20.5,-26.5,2.0,12.5,8.0,0.0,0.3,0.6,1495.5,2002.0,2508.5,2002.0,2.0,1049.5,8.0,0.0,0.3,0.6,1495.0,2000.0,2510.0,2000.0,2.0,1050.0,8.0,0.0,0.3,0.6
1974,2,61.0,-23.0,25.8,25.9,26.1,25.95,4.0,0.19,6.0,1.0,0.7,0.8,24.58,25.7,27.13,25.85,4.0,1.59,6.0,1.0,0.7,0.8,14.52,15.51,16.15,15.34,4.0,1.24,6.0,1.0,0.7,0.8,65.1,74.7,83.7,74.4,4.0,10.8,6.0,1.0,0.8,10.49,13.2,13.71,12.15,4.0,2.67,6.0,1.0,0.7,0.8,-13.18,-11.56,-9.04,-11.13,4.0,2.47,6.0,1.0,0.7,0.8,-6.66,-2.39,1.22,-2.7,4.0,4.79,6.0,1.0,0.7,0.8,1012.48,1013.15,1014.03,1013.25,4.0,1.12,6.0,1.0,0.7,0.8,2.5,5.0,7.0,4.8,4.0,2.6,6.0,1.0,0.7,0.8,-180.7,-153.1,-96.9,-139.4,4.0,53.9,6.0,1.0,0.7,0.8,-88.8,-33.5,16.3,-36.1,4.0,63.4,6.0,1.0,0.7,0.8,-1.12,0.1,1.32,0.1,4.0,1.5,6.0,1.0,0.7,0.8,-10.7,1.2,18.2,3.6,4.0,17.6,6.0,1.0,0.7,0.8,4.72,5.6,6.47,5.59,4.0,1.24,6.0,1.0,0.7,0.8,50.0,64.5,86.0,67.9,4.0,22.0,6.0,1.0,0.7,0.8,-334.1,-283.7,-238.0,-285.9,4.0,56.8,6.0,1.0,0.7,0.8,-164.6,-57.9,32.2,-65.8,4.0,120.4,6.0,1.0,0.7,0.8,-193.2,-173.2,-145.4,-169.5,4.0,32.7,6.0,1.0,0.7,0.8,-108.5,-37.3,16.7,-45.5,4.0,76.8,6.0,1.0,0.7,0.8,-83.1,-59.4,-43.8,-63.3,4.0,24.2,6.0,1.0,0.7,0.8,-30.2,-13.0,8.7,-10.9,4.0,23.4,6.0,1.0,0.7,0.8,1335.0,2301.5,2583.0,1974.5,4.0,975.0,6.0,1.0,0.7,0.8,1335.0,2300.0,2585.0,1975.0,4.0,975.0,6.0,1.0,0.7,0.8
1974,2,61.0,-22.0,25.8,25.8,25.8,25.8,1.0,0.0,8.0,1.0,0.9,0.5,25.6,25.6,25.6,25.6,1.0,0.0,8.0,1.0,0.9,0.5,16.56,16.56,16.56,16.56,1.0,0.0,8.0,1.0,0.9,0.5,81.0,81.0,81.0,81.0,1.0,0.0,8.0,1.0,0.5,14.0,14.0,14.0,14.0,1.0,0.0,8.0,1.0,0.9,0.5,-10.72,-10.72,-10.72,-10.72,1.0,0.0,8.0,1.0,0.9,0.5,-9.0,-9.0,-9.0,-9.0,1.0,0.0,8.0,1.0,0.9,0.5,1013.3,1013.3,1013.3,1013.3,1.0,0.0,8.0,1.0,0.9,0.5,7.0,7.0,7.0,7.0,1.0,0.0,8.0,1.0,0.9,0.5,-150.1,-150.1,-150.1,-150.1,1.0,0.0,8.0,1.0,0.9,0.5,-126.0,-126.0,-126.0,-126.0,1.0,0.0,8.0,1.0,0.9,0.5,0.2,0.2,0.2,0.2,1.0,0.0,8.0,1.0,0.9,0.5,2.8,2.8,2.8,2.8,1.0,0.0,8.0,1.0,0.9,0.5,4.18,4.18,4.18,4.18,1.0,0.0,8.0,1.0,0.9,0.5,58.6,58.6,58.6,58.6,1.0,0.0,8.0,1.0,0.9,0.5,-274.6,-274.6,-274.6,-274.6,1.0,0.0,8.0,1.0,0.9,0.5,-230.4,-230.4,-230.4,-230.4,1.0,0.0,8.0,1.0,0.9,0.5,-177.6,-177.6,-177.6,-177.6,1.0,0.0,8.0,1.0,0.9,0.5,-149.1,-149.1,-149.1,-149.1,1.0,0.0,8.0,1.0,0.9,0.5,-44.9,-44.9,-44.9,-44.9,1.0,0.0,8.0,1.0,0.9,0.5,-37.6,-37.6,-37.6,-37.6,1.0,0.0,8.0,1.0,0.9,0.5,2744.0,2744.0,2744.0,2744.0,1.0,0.0,8.0,1.0,0.9,0.5,2745.0,2745.0,2745.0,2745.0,1.0,0.0,8.0,1.0,0.9,0.5
1974,2,61.0,-21.0,25.74,26.05,27.1,26.4,4.0,1.1,18.0,0.8,0.6,0.5,25.12,25.7,26.9,26.0,4.0,1.43,18.0,0.8,0.6,0.5,14.41,16.01,17.15,15.79,4.0,1.82,18.0,0.8,0.6,0.5,68.1,80.4,83.4,76.0,4.0,12.9,18.0,0.8,0.5,7.65,10.5,12.61,10.15,4.0,2.95,18.0,0.8,0.6,0.5,-10.92,-9.61,-7.38,-9.17,4.0,2.22,18.0,0.8,0.6,0.5,-2.66,1.9,4.31,0.88,4.0,5.29,18.0,0.8,0.6,0.5,1011.44,1012.3,1014.62,1013.0,4.0,2.2,18.0,0.8,0.6,0.5,3.5,4.0,5.6,4.5,4.0,1.7,18.0,0.8,0.6,0.5,-137.9,-102.8,-57.6,-98.0,4.0,47.9,18.0,0.8,0.6,0.5,-37.3,14.2,46.9,5.2,4.0,65.7,18.0,0.8,0.6,0.5,-0.1,0.2,0.92,0.4,4.0,0.71,18.0,0.8,0.6,0.5,-0.7,2.5,11.8,5.4,4.0,8.9,18.0,0.8,0.6,0.5,3.59,4.67,8.02,5.75,4.0,3.15,18.0,0.8,0.6,0.5,33.3,56.6,80.8,57.0,4.0,28.8,18.0,0.8,0.6,0.5,-274.3,-256.8,-199.0,-237.6,4.0,53.1,18.0,0.8,0.6,0.5,-63.0,50.6,110.8,25.1,4.0,132.8,18.0,0.8,0.6,0.5,-181.4,-144.1,-109.2,-145.3,4.0,42.0,18.0,0.8,0.6,0.5,-42.7,29.1,75.1,16.8,4.0,86.8,18.0,0.8,0.6,0.5,-75.6,-49.0,-29.8,-52.5,4.0,28.5,18.0,0.8,0.6,0.5,-14.6,12.1,18.4,2.4,4.0,25.9,18.0,0.8,0.6,0.5,471.0,1259.5,2010.5,1241.5,4.0,899.5,18.0,0.8,0.6,0.5,470.0,1260.0,2010.0,1240.0,4.0,900.0,18.0,0.8,0.6,0.5
1974,2,61.0,-20.0,27.57,28.15,28.73,28.15,2.0,1.2,24.0,0.5,0.0,0.5,25.31,26.4,27.49,26.4,2.0,2.26,24.0,0.5,0.0,0.5,17.57,17.98,18.4,17.98,2.0,0.86,24.0,0.5,0.0,0.5,80.1,83.8,87.5,83.8,2.0,7.6,24.0,0.5,0.5,5.1,5.1,5.1,5.1,1.0,0.0,28.0,1.0,0.0,0.1,0.0,0.0,0.0,0.0,1.0,0.0,28.0,1.0,0.0,0.1,5.1,5.1,5.1,5.1,1.0,0.0,28.0,1.0,0.0,0.1,1009.08,1011.4,1013.72,1011.4,2.0,4.81,24.0,0.5,0.0,0.5,4.0,4.0,4.0,4.0,2.0,0.0,24.0,0.5,0.0,0.5,0.0,0.0,0.0,0.0,1.0,0.0,28.0,1.0,0.0,0.1,26.0,26.0,26.0,26.0,1.0,0.0,28.0,1.0,0.0,0.1,1.24,1.75,2.26,1.75,2.0,1.06,24.0,0.5,0.0,0.5,5.1,5.1,5.1,5.1,1.0,0.0,28.0,1.0,0.0,0.1,5.5,5.96,6.42,5.96,2.0,0.95,24.0,0.5,0.0,0.5,33.8,33.8,33.8,33.8,1.0,0.0,28.0,1.0,0.0,0.1,0.0,0.0,0.0,0.0,1.0,0.0,28.0,1.0,0.0,0.1,142.8,142.8,142.8,142.8,1.0,0.0,28.0,1.0,0.0,0.1,0.0,0.0,0.0,0.0,1.0,0.0,28.0,1.0,0.0,0.1,94.8,94.8,94.8,94.8,1.0,0.0,28.0,1.0,0.0,0.1,0.0,0.0,0.0,0.0,1.0,0.0,28.0,1.0,0.0,0.1,33.8,33.8,33.8,33.8,1.0,0.0,28.0,1.0,0.0,0.1,132.5,132.5,132.5,132.5,1.0,0.0,28.0,1.0,0.0,0.1,135.0,135.0,135.0,135.0,1.0,0.0,28.0,1.0,0.0,0.1
1974,2,61.0,-19.0,26.01,26.85,27.94,26.92,14.0,0.9,12.0,0.3,0.4,0.6,25.52,26.1,26.93,26.43,15.0,1.12,12.0,0.3,0.4,0.6,15.6,16.85,18.29,16.92,10.0,1.28,10.0,0.4,0.3,0.6,73.1,80.6,87.1,80.1,10.0,6.4,10.0,0.4,0.6,5.16,7.45,9.26,7.35,14.0,2.24,12.0,0.2,0.4,0.6,-8.57,-7.15,-5.16,-6.9,14.0,2.25,12.0,0.2,0.4,0.6,-1.09,1.47,2.27,1.12,14.0,2.36,12.0,0.2,0.4,0.6,1009.87,1012.0,1013.89,1011.99,15.0,1.64,12.0,0.3,0.4,0.6,1.2,4.0,6.0,3.8,15.0,2.5,12.0,0.3,0.4,0.6,-85.7,-53.7,-26.6,-55.2,14.0,28.7,12.0,0.2,0.4,0.6,-7.3,8.4,16.0,9.4,14.0,22.8,12.0,0.2,0.4,0.6,-0.37,0.5,1.94,0.39,14.0,1.38,12.0,0.3,0.4,0.6,-3.1,4.4,7.5,2.4,13.0,11.8,12.0,0.2,0.3,0.6,3.3,5.45,6.77,5.22,10.0,1.87,10.0,0.4,0.3,0.6,22.6,37.1,49.2,37.3,9.0,15.1,10.0,0.3,0.3,0.6,-219.1,-191.5,-134.7,-182.6,14.0,60.8,12.0,0.2,0.4,0.6,-28.7,37.1,59.9,29.5,14.0,62.4,12.0,0.2,0.4,0.6,-138.5,-112.9,-93.5,-111.3,9.0,39.8,10.0,0.3,0.3,0.6,-19.5,0.0,30.8,3.2,9.0,28.2,10.0,0.3,0.3,0.6,-48.4,-35.3,-22.6,-35.6,9.0,15.3,10.0,0.3,0.3,0.6,-7.0,0.0,11.7,0.7,9.0,11.6,10.0,0.3,0.3,0.6,138.0,426.0,795.0,496.5,14.0,371.5,12.0,0.2,0.4,0.6,140.0,425.0,795.0,495.0,14.0,370.0,12.0,0.2,0.4,0.6
1974,2,61.0,-18.0,26.25,26.9,28.0,27.04,23.0,0.86,16.0,0.4,0.5,0.6,25.0,26.4,27.01,26.28,26.0,1.06,16.0,0.4,0.5,0.6,15.83,16.65,17.76,16.82,23.0,1.01,14.0,0.4,0.5,0.6,71.4,77.7,86.1,79.0,23.0,6.9,14.0,0.4,0.6,4.6,7.45,9.33,7.29,26.0,2.46,16.0,0.4,0.5,0.6,-9.3,-6.48,-3.98,-6.38,26.0,2.88,16.0,0.4,0.5,0.6,-3.39,0.0,3.85,0.36,26.0,3.26,16.0,0.4,0.5,0.6,1009.49,1011.2,1012.54,1011.25,26.0,1.77,16.0,0.4,0.5,0.6,2.0,3.0,7.0,3.6,24.0,2.4,16.0,0.4,0.5,0.6,-87.0,-47.1,-19.8,-53.1,26.0,37.5,16.0,0.4,0.5,0.6,-21.0,0.0,28.9,3.1,26.0,25.8,16.0,0.4,0.5,0.6,-0.35,0.6,1.95,0.76,23.0,1.13,16.0,0.4,0.5,0.6,-3.4,4.0,11.1,5.2,23.0,8.3,16.0,0.4,0.5,0.6,4.47,5.45,6.77,5.51,22.0,1.12,14.0,0.4,0.4,0.5,23.7,40.4,54.5,39.4,22.0,14.2,14.0,0.4,0.4,0.5,-246.7,-169.6,-107.4,-167.5,26.0,76.1,16.0,0.4,0.5,0.6,-94.8,0.0,102.0,9.8,26.0,85.6,16.0,0.4,0.5,0.6,-154.5,-112.6,-65.4,-106.9,23.0,49.2,14.0,0.4,0.5,0.6,-60.2,0.0,57.4,1.2,23.0,55.0,14.0,0.4,0.5,0.6,-51.2,-33.5,-21.5,-34.6,22.0,16.2,14.0,0.4,0.4,0.5,-15.5,0.0,20.6,1.3,22.0,17.7,14.0,0.4,0.4,0.5,97.5,415.0,813.5,517.5,26.0,469.5,16.0,0.4,0.5,0.6,95.0,415.0,815.0,515.0,26.0,470.0,16.0,0.4,0.5,0.6
1974,2,61.0,-17.0,26.62,27.0,28.94,27.56,11.0,1.02,12.0,0.2,0.6,0.5,25.62,26.7,27.18,26.6,11.0,1.06,12.0,0.2,0.6,0.5,17.57,17.74,18.72,18.13,11.0,1.17,12.0,0.2,0.6,0.5,78.0,84.2,87.3,83.4,11.0,5.5,12.0,0.2,0.5,4.6,6.7,8.36,6.56,11.0,2.26,12.0,0.2,0.6,0.5,-8.09,-6.24,-4.11,-6.05,11.0,2.27,12.0,0.2,0.6,0.5,-1.9,0.0,2.48,0.23,11.0,2.65,12.0,0.2,0.6,0.5,1010.43,1012.1,1013.94,1012.11,11.0,1.96,12.0,0.2,0.6,0.5,2.0,3.0,5.2,3.6,11.0,2.1,12.0,0.2,0.6,0.5,-68.4,-44.2,-18.9,-44.2,11.0,29.6,12.0,0.2,0.6,0.5,-10.2,0.0,13.6,3.5,11.0,22.5,12.0,0.2,0.6,0.5,-0.21,1.5,1.84,0.96,11.0,0.96,12.0,0.2,0.6,0.5,-0.9,8.2,12.7,6.3,11.0,6.8,12.0,0.2,0.6,0.5,3.65,4.58,6.93,4.98,11.0,1.94,12.0,0.2,0.6,0.5,17.7,30.6,42.7,30.4,11.0,12.0,12.0,0.2,0.6,0.5,-204.3,-168.4,-108.4,-159.7,11.0,58.3,12.0,0.2,0.6,0.5,-51.2,0.0,67.8,6.7,11.0,71.8,12.0,0.2,0.6,0.5,-142.1,-116.8,-73.2,-110.3,11.0,45.3,12.0,0.2,0.6,0.5,-34.9,0.0,44.8,5.1,11.0,51.6,12.0,0.2,0.6,0.5,-40.2,-30.2,-12.0,-28.2,11.0,12.5,12.0,0.2,0.6,0.5,-6.7,0.0,12.3,0.0,11.0,11.2,12.0,0.2,0.6,0.5,97.5,301.0,600.0,378.5,11.0,383.0,12.0,0.2,0.6,0.5,95.0,300.0,600.0,380.0,11.0,385.0,12.0,0.2,0.6,0.5
1974,2,61.0,-13.0,26.5,28.45,29.8,28.25,6.0,1.52,18.0,0.5,0.4,0.5,26.66,28.8,30.32,28.63,6.0,1.92,18.0,0.5,0.4,0.5,16.95,17.2,20.6,18.48,5.0,2.03,16.0,0.6,0.5,0.5,74.2,76.8,78.4,76.4,5.0,2.3,16.0,0.6,0.5,1.77,4.3,6.3,4.02,6.0,2.61,18.0,0.5,0.4,0.5,-5.95,-2.04,0.91,-1.71,6.0,4.54,18.0,0.5,0.4,0.5,0.81,1.06,1.5,1.11,6.0,0.76,18.0,0.5,0.4,0.5,1009.24,1012.0,1013.6,1011.58,6.0,2.02,18.0,0.5,0.4,0.5,1.0,4.0,6.0,3.7,6.0,2.6,18.0,0.5,0.4,0.5,-35.9,-4.8,8.5,-6.8,6.0,29.1,18.0,0.5,0.4,0.5,1.7,4.8,8.5,5.6,6.0,5.4,18.0,0.5,0.4,0.5,-1.0,-0.3,0.06,-0.38,6.0,0.53,18.0,0.5,0.4,0.5,-3.2,-1.7,0.2,-1.9,6.0,2.4,18.0,0.5,0.4,0.5,4.8,5.3,6.08,5.42,5.0,0.7,16.0,0.6,0.5,0.5,11.3,31.8,34.1,24.0,5.0,14.4,16.0,0.6,0.5,0.5,-180.4,-58.4,24.4,-54.7,6.0,130.0,18.0,0.5,0.4,0.5,24.5,32.3,41.1,31.8,6.0,20.2,18.0,0.5,0.4,0.5,-124.2,-38.7,33.3,-38.0,5.0,95.4,16.0,0.6,0.5,0.5,13.3,21.9,28.3,20.6,5.0,14.3,16.0,0.6,0.5,0.5,-33.1,-14.3,9.7,-10.7,5.0,26.8,16.0,0.6,0.5,0.5,3.4,6.4,9.3,6.2,5.0,4.3,16.0,0.6,0.5,0.5,7.5,117.0,251.0,130.5,6.0,136.0,18.0,0.5,0.4,0.5,5.0,115.0,250.0,130.0,6.0,135.0,18.0,0.5,0.4,0.5
1974,2,61.0,-9.0,26.5,26.5,26.5,26.5,1.0,0.0,4.0,0.0,0.5,1.0,26.79,27.4,28.01,27.4,2.0,1.27,12.0,0.5,0.6,0.9,16.54,16.68,16.82,16.68,2.0,0.29,12.0,0.5,0.6,0.9,70.2,73.4,76.7,73.4,2.0,6.7,12.0,0.5,0.9,0.91,1.8,2.69,1.8,2.0,1.84,12.0,0.5,0.6,0.9,0.21,1.37,2.52,1.37,2.0,2.39,12.0,0.5,0.6,0.9,0.41,0.46,0.51,0.46,2.0,0.11,12.0,0.5,0.6,0.9,1012.52,1012.55,1012.58,1012.55,2.0,0.07,12.0,0.5,0.6,0.9,4.3,5.0,5.7,5.0,2.0,1.4,12.0,0.5,0.6,0.9,1.4,4.7,7.9,4.7,2.0,6.8,12.0,0.5,0.6,0.9,0.4,0.9,1.4,0.9,2.0,1.0,12.0,0.5,0.6,0.9,0.0,0.0,0.0,0.0,1.0,0.0,4.0,0.0,0.5,1.0,0.0,0.0,0.0,0.0,1.0,0.0,4.0,0.0,0.5,1.0,4.77,4.77,4.77,4.77,1.0,0.0,4.0,0.0,0.5,1.0,14.8,14.8,14.8,14.8,1.0,0.0,4.0,0.0,0.5,1.0,5.2,35.9,66.6,35.9,2.0,63.6,12.0,0.5,0.6,0.9,11.4,12.6,13.7,12.6,2.0,2.4,12.0,0.5,0.6,0.9,3.7,23.1,42.5,23.1,2.0,40.2,12.0,0.5,0.6,0.9,6.8,7.7,8.6,7.7,2.0,2.0,12.0,0.5,0.6,0.9,14.6,14.6,14.6,14.6,1.0,0.0,4.0,0.0,0.5,1.0,2.6,2.6,2.6,2.6,1.0,0.0,4.0,0.0,0.5,1.0,5.0,15.0,25.0,15.0,2.0,21.0,12.0,0.5,0.6,0.9,5.0,15.0,25.0,15.0,2.0,20.0,12.0,0.5,0.6,0.9
1974,2,61.0,-8.0,27.32,27.35,27.38,27.35,2.0,0.07,12.0,1.0,0.8,0.8,25.97,26.35,26.73,26.35,2.0,0.78,12.0,1.0,0.8,0.8,17.91,17.94,17.97,17.94,2.0,0.06,12.0,1.0,0.8,0.8,81.9,83.6,85.3,83.6,2.0,3.5,12.0,1.0,0.8,3.16,3.5,3.84,3.5,2.0,0.71,12.0,1.0,0.8,0.8,1.18,1.51,1.85,1.51,2.0,0.69,12.0,1.0,0.8,0.8,2.92,3.14,3.36,3.14,2.0,0.46,12.0,1.0,0.8,0.8,1009.72,1010.2,1010.68,1010.2,2.0,0.99,12.0,1.0,0.8,0.8,4.3,5.0,5.7,5.0,2.0,1.4,12.0,1.0,0.8,0.8,3.9,5.5,7.2,5.5,2.0,3.5,12.0,1.0,0.8,0.8,9.3,11.2,13.0,11.2,2.0,3.8,12.0,1.0,0.8,0.8,0.59,1.0,1.41,1.0,2.0,0.85,12.0,1.0,0.8,0.8,2.0,3.8,5.6,3.8,2.0,3.7,12.0,1.0,0.8,0.8,4.81,4.89,4.98,4.89,2.0,0.18,12.0,1.0,0.8,0.8,15.2,17.2,19.2,17.2,2.0,4.1,12.0,1.0,0.8,0.8,31.4,39.6,47.8,39.6,2.0,17.0,12.0,1.0,0.8,0.8,78.0,82.6,87.2,82.6,2.0,9.6,12.0,1.0,0.8,0.8,21.2,27.1,33.0,27.1,2.0,12.3,12.0,1.0,0.8,0.8,52.5,56.3,60.2,56.3,2.0,8.0,12.0,1.0,0.8,0.8,5.7,7.5,9.2,7.5,2.0,3.6,12.0,1.0,0.8,0.8,14.1,15.4,16.8,15.4,2.0,2.8,12.0,1.0,0.8,0.8,33.0,45.5,58.0,45.5,2.0,26.0,12.0,1.0,0.8,0.8,35.0,45.0,60.0,45.0,2.0,25.0,12.0,1.0,0.8,0.8
1974,2,61.0,-7.0,27.61,28.1,28.4,28.05,14.0,0.42,12.0,0.9,0.3,0.6,27.41,27.95,28.2,27.82,14.0,0.57,12.0,0.9,0.3,0.6,16.25,16.94,17.51,16.94,14.0,0.56,12.0,0.9,0.3,0.6,69.0,72.1,77.6,72.5,14.0,3.8,12.0,0.9,0.6,0.0,0.5,2.94,1.45,14.0,2.03,12.0,0.9,0.3,0.6,0.0,0.38,1.89,0.98,14.0,1.5,12.0,0.9,0.3,0.6,-1.55,0.0,0.6,0.01,14.0,1.76,12.0,0.9,0.3,0.6,1008.23,1009.35,1012.05,1009.88,14.0,1.65,12.0,0.9,0.3,0.6,3.0,5.0,6.0,4.4,14.0,1.7,12.0,0.9,0.3,0.6,0.0,0.4,5.6,4.1,14.0,9.1,12.0,0.9,0.3,0.6,-3.2,0.0,0.6,0.2,14.0,8.4,12.0,0.9,0.3,0.6,0.0,0.1,0.48,0.23,14.0,0.39,12.0,0.9,0.3,0.6,0.0,0.0,0.5,0.7,14.0,2.2,12.0,0.9,0.3,0.6,6.05,7.09,7.79,6.87,14.0,0.9,12.0,0.9,0.3,0.6,0.0,2.7,17.9,8.9,14.0,12.3,12.0,0.9,0.3,0.6,0.0,10.3,52.2,26.6,14.0,40.2,12.0,0.9,0.3,0.6,-43.1,0.0,16.3,0.4,14.0,47.9,12.0,0.9,0.3,0.6,0.0,6.7,32.4,16.8,14.0,25.6,12.0,0.9,0.3,0.6,-26.8,0.0,10.6,0.4,14.0,30.5,12.0,0.9,0.3,0.6,0.0,2.1,11.5,6.1,14.0,9.6,12.0,0.9,0.3,0.6,-10.3,0.0,3.3,-0.5,14.0,10.3,12.0,0.9,0.3,0.6,0.0,0.5,26.0,29.5,14.0,68.5,12.0,0.9,0.3,0.6,0.0,0.0,25.0,30.0,14.0,70.0,12.0,0.9,0.3,0.6
1974,2,61.0,-4.0,27.8,27.8,28.14,27.97,3.0,0.29,22.0,0.7,0.2,0.8,25.85,26.6,28.51,27.17,3.0,2.01,22.0,0.7,0.2,0.8,17.96,18.27,18.86,18.4,3.0,0.67,22.0,0.7,0.2,0.8,77.6,84.1,86.2,81.9,3.0,6.6,22.0,0.7,0.8,4.08,6.2,6.88,5.5,3.0,2.14,22.0,0.7,0.2,0.8,-1.06,0.0,4.26,1.56,3.0,4.12,22.0,0.7,0.2,0.8,-5.37,-3.6,-2.98,-4.16,3.0,1.82,22.0,0.7,0.2,0.8,1008.71,1009.8,1012.26,1010.47,3.0,2.66,22.0,0.7,0.2,0.8,6.3,7.0,7.7,7.0,3.0,1.0,22.0,0.7,0.2,0.8,-3.3,0.0,30.6,13.4,3.0,27.4,22.0,0.7,0.2,0.8,-34.5,-25.9,-13.9,-24.2,3.0,15.1,22.0,0.7,0.2,0.8,-0.55,1.7,2.11,0.8,3.0,2.1,22.0,0.7,0.2,0.8,-5.1,5.3,13.0,4.0,3.0,13.3,22.0,0.7,0.2,0.8,4.76,5.69,5.77,5.27,3.0,0.82,22.0,0.7,0.2,0.8,20.8,26.8,36.5,28.6,3.0,11.6,22.0,0.7,0.2,0.8,-28.1,0.0,108.5,39.3,3.0,105.7,22.0,0.7,0.2,0.8,-153.6,-91.8,-77.9,-115.2,3.0,59.0,22.0,0.7,0.2,0.8,-19.3,0.0,75.8,27.6,3.0,73.7,22.0,0.7,0.2,0.8,-101.3,-64.1,-53.8,-77.3,3.0,36.6,22.0,0.7,0.2,0.8,-6.1,0.0,24.2,8.8,3.0,23.5,22.0,0.7,0.2,0.8,-24.8,-20.5,-17.1,-21.0,3.0,5.6,22.0,0.7,0.2,0.8,96.0,238.5,330.5,214.0,3.0,173.0,22.0,0.7,0.2,0.8,95.0,240.0,330.0,215.0,3.0,175.0,22.0,0.7,0.2,0.8
1974,2,61.0,-3.0,,,,,,,,,,,,,,,,,,,,,,,,,,,,,,,,,,,,,,,,9.3,9.3,9.3,9.3,1.0,0.0,16.0,1.0,0.2,0.6,3.18,3.18,3.18,3.18,1.0,0.0,16.0,1.0,0.2,0.6,-8.74,-8.74,-8.74,-8.74,1.0,0.0,16.0,1.0,0.2,0.6,1010.8,1010.8,1010.8,1010.8,1.0,0.0,16.0,1.0,0.2,0.6,5.0,5.0,5.0,5.0,1.0,0.0,16.0,1.0,0.2,0.6,29.6,29.6,29.6,29.6,1.0,0.0,16.0,1.0,0.2,0.6,-81.3,-81.3,-81.3,-81.3,1.0,0.0,16.0,1.0,0.2,0.6,,,,,,,,,,,,,,,,,,,,,,,,,,,,,,,,,,,,,,,,,95.4,95.4,95.4,95.4,1.0,0.0,16.0,1.0,0.2,0.6,-262.2,-262.2,-262.2,-262.2,1.0,0.0,16.0,1.0,0.2,0.6,55.8,55.8,55.8,55.8,1.0,0.0,16.0,1.0,0.2,0.6,-153.4,-153.4,-153.4,-153.4,1.0,0.0,16.0,1.0,0.2,0.6,,,,,,,,,,,,,,,,,,,,,,,,,,,,,,,,,,,,,,,,
1974,2,61.0,-2.0,28.7,28.7,28.7,28.7,1.0,0.0,20.0,0.0,0.0,1.0,27.2,27.2,27.2,27.2,1.0,0.0,20.0,0.0,0.0,1.0,16.28,16.28,16.28,16.28,1.0,0.0,20.0,0.0,0.0,1.0,72.4,72.4,72.4,72.4,1.0,0.0,20.0,0.0,1.0,4.6,4.6,4.6,4.6,1.0,0.0,20.0,0.0,0.0,1.0,-2.3,-2.3,-2.3,-2.3,1.0,0.0,20.0,0.0,0.0,1.0,-3.98,-3.98,-3.98,-3.98,1.0,0.0,20.0,0.0,0.0,1.0,1012.0,1012.0,1012.0,1012.0,1.0,0.0,20.0,0.0,0.0,1.0,0.0,0.0,0.0,0.0,1.0,0.0,20.0,0.0,0.0,1.0,-10.6,-10.6,-10.6,-10.6,1.0,0.0,20.0,0.0,0.0,1.0,-18.3,-18.3,-18.3,-18.3,1.0,0.0,20.0,0.0,0.0,1.0,1.5,1.5,1.5,1.5,1.0,0.0,20.0,0.0,0.0,1.0,6.9,6.9,6.9,6.9,1.0,0.0,20.0,0.0,0.0,1.0,8.41,8.41,8.41,8.41,1.0,0.0,20.0,0.0,0.0,1.0,38.7,38.7,38.7,38.7,1.0,0.0,20.0,0.0,0.0,1.0,-62.6,-62.6,-62.6,-62.6,1.0,0.0,20.0,0.0,0.0,1.0,-108.4,-108.4,-108.4,-108.4,1.0,0.0,20.0,0.0,0.0,1.0,-37.4,-37.4,-37.4,-37.4,1.0,0.0,20.0,0.0,0.0,1.0,-64.9,-64.9,-64.9,-64.9,1.0,0.0,20.0,0.0,0.0,1.0,-19.3,-19.3,-19.3,-19.3,1.0,0.0,20.0,0.0,0.0,1.0,-33.5,-33.5,-33.5,-33.5,1.0,0.0,20.0,0.0,0.0,1.0,97.5,97.5,97.5,97.5,1.0,0.0,20.0,0.0,0.0,1.0,95.0,95.0,95.0,95.0,1.0,0.0,20.0,0.0,0.0,1.0
1974,2,61.0,-1.0,29.0,29.0,29.0,29.0,1.0,0.0,14.0,0.0,0.2,0.5,28.0,28.0,28.0,28.0,1.0,0.0,14.0,0.0,0.2,0.5,18.54,18.54,18.54,18.54,1.0,0.0,14.0,0.0,0.2,0.5,78.4,78.4,78.4,78.4,1.0,0.0,14.0,0.0,0.5,5.7,5.7,5.7,5.7,1.0,0.0,14.0,0.0,0.2,0.5,-2.85,-2.85,-2.85,-2.85,1.0,0.0,14.0,0.0,0.2,0.5,-4.94,-4.94,-4.94,-4.94,1.0,0.0,14.0,0.0,0.2,0.5,1010.8,1010.8,1010.8,1010.8,1.0,0.0,14.0,0.0,0.2,0.5,,,,,,,,,,,,,,,,,,,,,,,,,,,,,,,1.0,1.0,1.0,1.0,1.0,0.0,14.0,0.0,0.2,0.5,5.7,5.7,5.7,5.7,1.0,0.0,14.0,0.0,0.2,0.5,6.62,6.62,6.62,6.62,1.0,0.0,14.0,0.0,0.2,0.5,37.7,37.7,37.7,37.7,1.0,0.0,14.0,0.0,0.2,0.5,-79.8,-79.8,-79.8,-79.8,1.0,0.0,14.0,0.0,0.2,0.5,-138.2,-138.2,-138.2,-138.2,1.0,0.0,14.0,0.0,0.2,0.5,-52.8,-52.8,-52.8,-52.8,1.0,0.0,14.0,0.0,0.2,0.5,-91.5,-91.5,-91.5,-91.5,1.0,0.0,14.0,0.0,0.2,0.5,-18.9,-18.9,-18.9,-18.9,1.0,0.0,14.0,0.0,0.2,0.5,-32.7,-32.7,-32.7,-32.7,1.0,0.0,14.0,0.0,0.2,0.5,185.0,185.0,185.0,185.0,1.0,0.0,14.0,0.0,0.2,0.5,185.0,185.0,185.0,185.0,1.0,0.0,14.0,0.0,0.2,0.5
1974,2,61.0,1.0,27.4,27.6,27.8,27.6,2.0,0.42,26.0,0.0,0.5,0.1,26.23,26.3,26.78,26.5,3.0,0.44,24.0,0.3,0.5,0.3,16.3,16.49,16.67,16.49,2.0,0.37,26.0,0.0,0.5,0.1,76.6,77.2,77.9,77.2,2.0,1.3,26.0,0.0,0.1,2.76,3.1,6.24,4.47,3.0,2.81,24.0,0.3,0.5,0.3,-1.8,0.0,1.06,-0.36,3.0,2.12,24.0,0.3,0.5,0.3,-5.79,-2.68,-2.63,-4.17,3.0,2.65,24.0,0.3,0.5,0.3,1008.41,1008.85,1009.29,1008.85,2.0,0.92,26.0,0.0,0.5,0.1,0.3,1.0,1.7,1.0,3.0,1.0,24.0,0.3,0.5,0.3,-13.8,0.0,3.3,-5.2,3.0,13.3,24.0,0.3,0.5,0.3,-40.7,-8.3,-7.3,-23.6,3.0,27.8,24.0,0.3,0.5,0.3,1.18,1.35,1.52,1.35,2.0,0.35,26.0,0.0,0.5,0.1,4.8,7.9,10.9,7.9,2.0,6.3,26.0,0.0,0.5,0.1,6.61,6.72,6.83,6.72,2.0,0.23,26.0,0.0,0.5,0.1,25.5,36.7,47.8,36.7,2.0,23.1,26.0,0.0,0.5,0.1,-47.3,0.0,27.7,-9.6,3.0,55.6,24.0,0.3,0.5,0.3,-152.2,-70.3,-70.2,-110.3,3.0,69.3,24.0,0.3,0.5,0.3,-33.1,-9.5,14.2,-9.5,2.0,49.0,26.0,0.0,0.5,0.1,-108.9,-82.4,-55.9,-82.4,2.0,54.9,26.0,0.0,0.5,0.1,-13.6,-4.0,5.7,-4.0,2.0,20.0,26.0,0.0,0.5,0.1,-44.7,-33.7,-22.7,-33.7,2.0,22.8,26.0,0.0,0.5,0.1,21.5,30.0,321.0,168.0,3.0,250.0,24.0,0.3,0.5,0.3,20.0,30.0,320.0,170.0,3.0,250.0,24.0,0.3,0.5,0.3
1974,2,61.0,2.0,,,,,,,,,,,,,,,,,,,,,,,,,,,,,,,,,,,,,,,,7.12,9.1,11.08,9.1,2.0,4.1,6.0,1.0,0.5,0.6,-5.68,-4.99,-4.31,-4.99,2.0,1.42,6.0,1.0,0.5,0.6,-9.5,-7.57,-5.64,-7.57,2.0,3.99,6.0,1.0,0.5,0.6,1009.6,1009.8,1010.0,1009.8,2.0,0.42,6.0,1.0,0.5,0.6,,,,,,,,,,,,,,,,,,,,,,,,,,,,,,,,,,,,,,,,,,,,,,,,,,,,,,,,,,,,,,,,,,,,,,,,,,,,,,,,,,,,,,,,,,,,,,,,,,,,,,,,,,,,,,,,,,,,,,,,,,,,,,,,,,,,,,,,,,,,,,,,,,,,,,
1974,2,61.0,4.0,,,,,,,,,,,,,,,,,,,,,,,,,,,,,,,,,,,,,,,,7.0,7.0,7.0,7.0,1.0,0.0,14.0,0.0,0.1,0.1,-2.39,-2.39,-2.39,-2.39,1.0,0.0,14.0,0.0,0.1,0.1,-6.58,-6.58,-6.58,-6.58,1.0,0.0,14.0,0.0,0.1,0.1,1011.1,1011.1,1011.1,1011.1,1.0,0.0,14.0,0.0,0.1,0.1,,,,,,,,,,,,,,,,,,,,,,,,,,,,,,,,,,,,,,,,,,,,,,,,,,,,,,,,,,,,,,,,,,,,,,,,,,,,,,,,,,,,,,,,,,,,,,,,,,,,,,,,,,,,,,,,,,,,,,,,,,,,,,,,,,,,,,,,,,,,,,,,,,,,,,
1974,2,61.0,5.0,27.4,27.4,27.68,27.54,5.0,0.26,24.0,0.2,0.6,0.5,26.26,26.4,27.05,26.68,5.0,0.75,24.0,0.2,0.6,0.5,16.63,17.18,17.61,17.12,4.0,0.57,24.0,0.0,0.6,0.5,77.7,79.9,82.1,79.9,4.0,2.8,24.0,0.0,0.5,5.76,7.0,7.37,6.64,5.0,1.12,24.0,0.2,0.6,0.5,-4.86,-3.5,-3.0,-3.79,5.0,1.18,24.0,0.2,0.6,0.5,-6.09,-6.06,-4.32,-5.16,5.0,1.93,24.0,0.2,0.6,0.5,1010.86,1011.8,1012.46,1011.66,5.0,1.05,24.0,0.2,0.6,0.5,0.0,3.0,3.4,2.0,5.0,1.9,24.0,0.2,0.6,0.5,-30.6,-24.5,-19.7,-25.4,5.0,10.0,24.0,0.2,0.6,0.5,-44.8,-42.4,-26.1,-35.7,5.0,15.9,24.0,0.2,0.6,0.5,0.57,1.1,1.14,0.86,5.0,0.49,24.0,0.2,0.6,0.5,4.3,7.2,8.0,6.0,5.0,3.4,24.0,0.2,0.6,0.5,5.28,5.7,6.3,5.79,4.0,0.61,24.0,0.0,0.6,0.5,38.4,41.4,42.6,40.5,4.0,2.8,24.0,0.0,0.6,0.5,-133.3,-92.0,-78.7,-101.5,5.0,33.1,24.0,0.2,0.6,0.5,-160.5,-158.8,-115.1,-136.5,5.0,49.6,24.0,0.2,0.6,0.5,-76.7,-60.3,-46.3,-61.4,4.0,22.7,24.0,0.0,0.6,0.5,-107.3,-104.4,-98.8,-103.1,4.0,5.4,24.0,0.0,0.6,0.5,-24.5,-19.8,-15.9,-20.2,4.0,5.7,24.0,0.0,0.6,0.5,-37.4,-34.8,-32.2,-34.8,4.0,3.0,24.0,0.0,0.6,0.5,197.0,343.0,404.5,312.5,5.0,143.5,24.0,0.2,0.6,0.5,195.0,345.0,405.0,310.0,5.0,145.0,24.0,0.2,0.6,0.5
1974,2,61.0,6.0,28.0,28.0,28.0,28.0,1.0,0.0,28.0,0.0,0.1,0.3,27.08,27.25,27.42,27.25,2.0,0.35,28.0,0.5,0.3,0.4,17.76,17.76,17.76,17.76,1.0,0.0,28.0,0.0,0.1,0.3,77.4,77.4,77.4,77.4,1.0,0.0,28.0,0.0,0.3,4.26,4.6,4.94,4.6,2.0,0.71,28.0,0.5,0.3,0.4,-4.04,-3.23,-2.43,-3.23,2.0,1.67,28.0,0.5,0.3,0.4,-3.39,-3.05,-2.71,-3.05,2.0,0.71,28.0,0.5,0.3,0.4,1010.61,1010.85,1011.09,1010.85,2.0,0.5,28.0,0.5,0.3,0.4,2.3,3.0,3.7,3.0,2.0,1.4,28.0,0.5,0.3,0.4,-20.3,-15.5,-10.6,-15.5,2.0,10.0,28.0,0.5,0.3,0.4,-14.3,-13.8,-13.3,-13.8,2.0,1.1,28.0,0.5,0.3,0.4,0.5,0.5,0.5,0.5,1.0,0.0,28.0,0.0,0.1,0.3,2.6,2.6,2.6,2.6,1.0,0.0,28.0,0.0,0.1,0.3,5.95,5.95,5.95,5.95,1.0,0.0,28.0,0.0,0.1,0.3,30.3,30.3,30.3,30.3,1.0,0.0,28.0,0.0,0.1,0.3,-111.0,-88.4,-65.8,-88.4,2.0,46.7,28.0,0.5,0.3,0.4,-91.8,-83.0,-74.2,-83.0,2.0,18.2,28.0,0.5,0.3,0.4,-78.4,-78.4,-78.4,-78.4,1.0,0.0,28.0,0.0,0.1,0.3,-45.3,-45.3,-45.3,-45.3,1.0,0.0,28.0,0.0,0.1,0.3,-26.3,-26.3,-26.3,-26.3,1.0,0.0,28.0,0.0,0.1,0.3,-15.2,-15.2,-15.2,-15.2,1.0,0.0,28.0,0.0,0.1,0.3,79.0,101.0,122.5,101.0,2.0,45.0,28.0,0.5,0.3,0.4,80.0,100.0,125.0,100.0,2.0,45.0,28.0,0.5,0.3,0.4
1974,2,61.0,7.0,,,,,,,,,,,,,,,,,,,,,,,,,,,,,,,,,,,,,,,,5.0,5.0,5.0,5.0,1.0,0.0,12.0,1.0,0.2,0.5,-3.83,-3.83,-3.83,-3.83,1.0,0.0,12.0,1.0,0.2,0.5,-3.21,-3.21,-3.21,-3.21,1.0,0.0,12.0,1.0,0.2,0.5,1009.4,1009.4,1009.4,1009.4,1.0,0.0,12.0,1.0,0.2,0.5,,,,,,,,,,,,,,,,,,,,,,,,,,,,,,,,,,,,,,,,,,,,,,,,,,,,,,,,,,,,,,,,,,,,,,,,,,,,,,,,,,,,,,,,,,,,,,,,,,,,,,,,,,,,,,,,,,,,,,,,,,,,,,,,,,,,,,,,,,,,,,,,,,,,,,
1974,2,61.0,8.0,,,,,,,,,,,,,,,,,,,,,,,,,,,,,,,,,,,,,,,,11.8,11.8,11.8,11.8,1.0,0.0,22.0,1.0,0.3,0.0,-7.58,-7.58,-7.58,-7.58,1.0,0.0,22.0,1.0,0.3,0.0,-9.04,-9.04,-9.04,-9.04,1.0,0.0,22.0,1.0,0.3,0.0,1012.2,1012.2,1012.2,1012.2,1.0,0.0,22.0,1.0,0.3,0.0,3.0,3.0,3.0,3.0,1.0,0.0,22.0,1.0,0.3,0.0,-89.5,-89.5,-89.5,-89.5,1.0,0.0,22.0,1.0,0.3,0.0,-106.7,-106.7,-106.7,-106.7,1.0,0.0,22.0,1.0,0.3,0.0,,,,,,,,,,,,,,,,,,,,,,,,,,,,,,,,,,,,,,,,,-202.5,-202.5,-202.5,-202.5,1.0,0.0,22.0,1.0,0.3,0.0,-241.3,-241.3,-241.3,-241.3,1.0,0.0,22.0,1.0,0.3,0.0,-110.4,-110.4,-110.4,-110.4,1.0,0.0,22.0,1.0,0.3,0.0,-131.6,-131.6,-131.6,-131.6,1.0,0.0,22.0,1.0,0.3,0.0,,,,,,,,,,,,,,,,,,,,,,,,,,,,,,,,,,,,,,,,
1974,2,61.0,9.0,25.19,25.6,26.01,25.6,2.0,0.85,24.0,0.0,0.4,0.5,26.03,26.1,26.17,26.1,2.0,0.14,24.0,0.0,0.4,0.5,15.73,17.05,18.38,17.05,2.0,2.74,24.0,0.0,0.4,0.5,74.3,80.8,87.3,80.8,2.0,13.5,24.0,0.0,0.5,5.51,6.4,7.29,6.4,2.0,1.84,24.0,0.0,0.4,0.5,-4.33,-4.13,-3.94,-4.13,2.0,0.4,24.0,0.0,0.4,0.5,-6.01,-4.61,-3.2,-4.61,2.0,2.91,24.0,0.0,0.4,0.5,1011.25,1011.35,1011.45,1011.35,2.0,0.21,24.0,0.0,0.4,0.5,1.2,1.5,1.8,1.5,2.0,0.7,24.0,0.0,0.4,0.5,-28.5,-26.1,-23.7,-26.1,2.0,5.0,24.0,0.0,0.4,0.5,-45.3,-32.2,-19.1,-32.2,2.0,27.1,24.0,0.0,0.4,0.5,-0.84,-0.5,-0.16,-0.5,2.0,0.71,24.0,0.0,0.4,0.5,-4.3,-2.5,-0.8,-2.5,2.0,3.6,24.0,0.0,0.4,0.5,1.67,3.5,5.32,3.5,2.0,3.78,24.0,0.0,0.4,0.5,11.1,25.8,40.6,25.8,2.0,30.6,24.0,0.0,0.4,0.5,-112.6,-107.9,-103.1,-107.9,2.0,9.9,24.0,0.0,0.4,0.5,-157.5,-120.5,-83.5,-120.5,2.0,76.7,24.0,0.0,0.4,0.5,-79.8,-71.0,-62.3,-71.0,2.0,18.1,24.0,0.0,0.4,0.5,-92.5,-74.6,-56.7,-74.6,2.0,37.1,24.0,0.0,0.4,0.5,-20.6,-13.7,-6.8,-13.7,2.0,14.2,24.0,0.0,0.4,0.5,-34.9,-21.6,-8.3,-21.6,2.0,27.6,24.0,0.0,0.4,0.5,184.0,294.5,405.0,294.5,2.0,229.0,24.0,0.0,0.4,0.5,185.0,295.0,405.0,295.0,2.0,230.0,24.0,0.0,0.4,0.5
1974,2,61.0,10.0,25.79,26.25,26.76,26.28,4.0,0.61,14.0,1.0,0.2,0.3,25.13,28.0,28.11,26.9,5.0,1.65,16.0,1.0,0.3,0.2,13.08,14.53,16.49,14.78,3.0,2.5,22.0,1.0,0.3,0.3,66.0,73.8,73.8,70.0,3.0,6.6,22.0,1.0,0.3,6.89,7.7,8.6,7.78,5.0,1.03,16.0,1.0,0.3,0.2,-5.18,-4.95,-4.23,-4.7,5.0,0.71,16.0,1.0,0.3,0.2,-6.93,-6.06,-5.32,-6.12,5.0,1.33,16.0,1.0,0.3,0.2,1013.48,1014.1,1014.85,1014.2,5.0,1.0,16.0,1.0,0.3,0.2,1.6,4.0,4.0,3.0,5.0,1.4,16.0,1.0,0.3,0.2,-43.2,-38.1,-30.8,-36.7,5.0,7.8,16.0,1.0,0.3,0.2,-60.1,-45.4,-37.5,-48.6,5.0,16.9,16.0,1.0,0.3,0.2,-2.13,-1.25,0.05,-1.05,4.0,1.54,14.0,1.0,0.2,0.3,-15.7,-8.5,1.5,-7.1,4.0,12.5,14.0,1.0,0.2,0.3,4.59,5.35,6.1,5.35,2.0,1.57,22.0,1.0,0.2,0.4,33.4,44.2,55.0,44.2,2.0,22.4,22.0,1.0,0.2,0.4,-141.4,-132.8,-109.6,-126.2,5.0,19.0,16.0,1.0,0.3,0.2,-181.3,-166.9,-144.5,-163.4,5.0,28.9,16.0,1.0,0.3,0.2,-82.4,-67.6,-66.1,-74.1,3.0,13.2,22.0,1.0,0.3,0.3,-104.6,-78.0,-75.9,-90.0,3.0,23.5,22.0,1.0,0.3,0.3,-28.7,-25.9,-23.1,-25.9,2.0,5.8,22.0,1.0,0.2,0.4,-46.6,-35.1,-23.6,-35.1,2.0,23.8,22.0,1.0,0.2,0.4,327.5,456.5,644.0,491.0,5.0,200.5,16.0,1.0,0.3,0.2,330.0,455.0,645.0,490.0,5.0,200.0,16.0,1.0,0.3,0.2
1974,2,61.0,11.0,25.5,25.5,25.5,25.5,1.0,0.0,22.0,0.0,0.3,0.2,24.8,24.8,24.8,24.8,1.0,0.0,22.0,0.0,0.3,0.2,14.48,14.48,14.48,14.48,1.0,0.0,22.0,0.0,0.3,0.2,74.2,74.2,74.2,74.2,1.0,0.0,22.0,0.0,0.2,7.7,7.7,7.7,7.7,1.0,0.0,22.0,0.0,0.3,0.2,-2.63,-2.63,-2.63,-2.63,1.0,0.0,22.0,0.0,0.3,0.2,-7.24,-7.24,-7.24,-7.24,1.0,0.0,22.0,0.0,0.3,0.2,1011.4,1011.4,1011.4,1011.4,1.0,0.0,22.0,0.0,0.3,0.2,1.0,1.0,1.0,1.0,1.0,0.0,22.0,0.0,0.3,0.2,-20.3,-20.3,-20.3,-20.3,1.0,0.0,22.0,0.0,0.3,0.2,-55.7,-55.7,-55.7,-55.7,1.0,0.0,22.0,0.0,0.3,0.2,0.7,0.7,0.7,0.7,1.0,0.0,22.0,0.0,0.3,0.2,5.4,5.4,5.4,5.4,1.0,0.0,22.0,0.0,0.3,0.2,5.94,5.94,5.94,5.94,1.0,0.0,22.0,0.0,0.3,0.2,45.7,45.7,45.7,45.7,1.0,0.0,22.0,0.0,0.3,0.2,-65.3,-65.3,-65.3,-65.3,1.0,0.0,22.0,0.0,0.3,0.2,-179.4,-179.4,-179.4,-179.4,1.0,0.0,22.0,0.0,0.3,0.2,-38.1,-38.1,-38.1,-38.1,1.0,0.0,22.0,0.0,0.3,0.2,-104.7,-104.7,-104.7,-104.7,1.0,0.0,22.0,0.0,0.3,0.2,-15.6,-15.6,-15.6,-15.6,1.0,0.0,22.0,0.0,0.3,0.2,-43.0,-43.0,-43.0,-43.0,1.0,0.0,22.0,0.0,0.3,0.2,456.5,456.5,456.5,456.5,1.0,0.0,22.0,0.0,0.3,0.2,455.0,455.0,455.0,455.0,1.0,0.0,22.0,0.0,0.3,0.2
1974,2,61.0,13.0,26.5,26.5,26.5,26.5,1.0,0.0,4.0,1.0,0.3,0.2,25.5,25.5,25.5,25.5,1.0,0.0,4.0,1.0,0.3,0.2,17.86,17.86,17.86,17.86,1.0,0.0,4.0,1.0,0.3,0.2,88.2,88.2,88.2,88.2,1.0,0.0,4.0,1.0,0.2,6.2,6.2,6.2,6.2,1.0,0.0,4.0,1.0,0.3,0.2,-3.99,-3.99,-3.99,-3.99,1.0,0.0,4.0,1.0,0.3,0.2,-4.75,-4.75,-4.75,-4.75,1.0,0.0,4.0,1.0,0.3,0.2,1017.6,1017.6,1017.6,1017.6,1.0,0.0,4.0,1.0,0.3,0.2,3.0,3.0,3.0,3.0,1.0,0.0,4.0,1.0,0.3,0.2,-24.7,-24.7,-24.7,-24.7,1.0,0.0,4.0,1.0,0.3,0.2,-29.4,-29.4,-29.4,-29.4,1.0,0.0,4.0,1.0,0.3,0.2,1.0,1.0,1.0,1.0,1.0,0.0,4.0,1.0,0.3,0.2,6.2,6.2,6.2,6.2,1.0,0.0,4.0,1.0,0.3,0.2,3.68,3.68,3.68,3.68,1.0,0.0,4.0,1.0,0.3,0.2,22.8,22.8,22.8,22.8,1.0,0.0,4.0,1.0,0.3,0.2,-101.6,-101.6,-101.6,-101.6,1.0,0.0,4.0,1.0,0.3,0.2,-121.1,-121.1,-121.1,-121.1,1.0,0.0,4.0,1.0,0.3,0.2,-71.2,-71.2,-71.2,-71.2,1.0,0.0,4.0,1.0,0.3,0.2,-84.8,-84.8,-84.8,-84.8,1.0,0.0,4.0,1.0,0.3,0.2,-14.7,-14.7,-14.7,-14.7,1.0,0.0,4.0,1.0,0.3,0.2,-17.5,-17.5,-17.5,-17.5,1.0,0.0,4.0,1.0,0.3,0.2,238.5,238.5,238.5,238.5,1.0,0.0,4.0,1.0,0.3,0.2,240.0,240.0,240.0,240.0,1.0,0.0,4.0,1.0,0.3,0.2
1974,2,61.0,14.0,,,,,,,,,,,,,,,,,,,,,,,,,,,,,,,,,,,,,,,,9.0,9.0,9.0,9.0,1.0,0.0,24.0,0.0,0.2,0.2,-5.79,-5.79,-5.79,-5.79,1.0,0.0,24.0,0.0,0.2,0.2,-6.89,-6.89,-6.89,-6.89,1.0,0.0,24.0,0.0,0.2,0.2,1013.0,1013.0,1013.0,1013.0,1.0,0.0,24.0,0.0,0.2,0.2,2.0,2.0,2.0,2.0,1.0,0.0,24.0,0.0,0.2,0.2,-52.1,-52.1,-52.1,-52.1,1.0,0.0,24.0,0.0,0.2,0.2,-62.0,-62.0,-62.0,-62.0,1.0,0.0,24.0,0.0,0.2,0.2,,,,,,,,,,,,,,,,,,,,,,,,,,,,,,,,,,,,,,,,,-156.2,-156.2,-156.2,-156.2,1.0,0.0,24.0,0.0,0.2,0.2,-186.1,-186.1,-186.1,-186.1,1.0,0.0,24.0,0.0,0.2,0.2,-121.5,-121.5,-121.5,-121.5,1.0,0.0,24.0,0.0,0.2,0.2,-144.8,-144.8,-144.8,-144.8,1.0,0.0,24.0,0.0,0.2,0.2,,,,,,,,,,,,,,,,,,,,,,,,,,,,,,,,,,,,,,,,
1974,2,61.0,16.0,24.75,25.25,26.38,25.55,4.0,1.07,16.0,0.8,0.6,0.5,23.99,24.65,25.42,24.7,4.0,0.91,16.0,0.8,0.6,0.5,12.19,13.06,16.72,14.39,4.0,3.42,16.0,0.8,0.6,0.5,63.2,70.6,85.2,74.0,4.0,14.5,16.0,0.8,0.5,5.62,6.95,8.54,7.08,4.0,1.83,16.0,0.8,0.6,0.5,-4.7,-3.96,-1.56,-3.17,4.0,2.22,16.0,0.8,0.6,0.5,-7.89,-5.84,-3.94,-5.91,4.0,2.27,16.0,0.8,0.6,0.5,1012.33,1013.6,1016.07,1014.18,4.0,2.45,16.0,0.8,0.6,0.5,1.0,1.0,3.1,2.0,4.0,2.0,16.0,0.8,0.6,0.5,-36.7,-23.1,-8.0,-22.4,4.0,18.4,16.0,0.8,0.6,0.5,-67.5,-42.0,-22.2,-44.7,4.0,26.7,16.0,0.8,0.6,0.5,0.19,0.75,1.52,0.85,4.0,0.89,16.0,0.8,0.6,0.5,1.2,6.2,12.5,6.8,4.0,7.0,16.0,0.8,0.6,0.5,3.28,6.38,8.81,6.06,4.0,3.78,16.0,0.8,0.6,0.5,24.5,48.2,66.1,45.4,4.0,30.1,16.0,0.8,0.6,0.5,-112.9,-97.4,-40.3,-77.5,4.0,53.4,16.0,0.8,0.6,0.5,-191.7,-145.8,-98.7,-145.3,4.0,53.6,16.0,0.8,0.6,0.5,-63.8,-61.1,-27.9,-46.6,4.0,31.1,16.0,0.8,0.6,0.5,-102.2,-84.2,-61.9,-82.1,4.0,26.2,16.0,0.8,0.6,0.5,-30.2,-14.9,-1.9,-16.0,4.0,16.6,16.0,0.8,0.6,0.5,-62.8,-36.8,-16.1,-39.3,4.0,31.2,16.0,0.8,0.6,0.5,183.0,347.5,639.0,408.0,4.0,296.5,16.0,0.8,0.6,0.5,185.0,345.0,640.0,410.0,4.0,295.0,16.0,0.8,0.6,0.5
1974,2,61.0,17.0,,,,,,,,,,,,,,,,,,,,,,,,,,,,,,,,,,,,,,,,2.0,2.0,2.0,2.0,1.0,0.0,2.0,1.0,0.6,0.0,-1.73,-1.73,-1.73,-1.73,1.0,0.0,2.0,1.0,0.6,0.0,1.0,1.0,1.0,1.0,1.0,0.0,2.0,1.0,0.6,0.0,1016.4,1016.4,1016.4,1016.4,1.0,0.0,2.0,1.0,0.6,0.0,,,,,,,,,,,,,,,,,,,,,,,,,,,,,,,,,,,,,,,,,,,,,,,,,,,,,,,,,,,,,,,,,,,,,,,,,,,,,,,,,,,,,,,,,,,,,,,,,,,,,,,,,,,,,,,,,,,,,,,,,,,,,,,,,,,,,,,,,,,,,,,,,,,,,,
1974,2,61.0,19.0,24.2,24.2,24.2,24.2,1.0,0.0,24.0,1.0,0.2,0.0,23.2,23.2,23.2,23.2,1.0,0.0,24.0,1.0,0.2,0.0,11.67,11.67,11.67,11.67,1.0,0.0,24.0,1.0,0.2,0.0,66.4,66.4,66.4,66.4,1.0,0.0,24.0,1.0,0.0,7.2,7.2,7.2,7.2,1.0,0.0,24.0,1.0,0.2,0.0,-4.63,-4.63,-4.63,-4.63,1.0,0.0,24.0,1.0,0.2,0.0,-5.52,-5.52,-5.52,-5.52,1.0,0.0,24.0,1.0,0.2,0.0,1018.1,1018.1,1018.1,1018.1,1.0,0.0,24.0,1.0,0.2,0.0,1.0,1.0,1.0,1.0,1.0,0.0,24.0,1.0,0.2,0.0,-33.3,-33.3,-33.3,-33.3,1.0,0.0,24.0,1.0,0.2,0.0,-39.7,-39.7,-39.7,-39.7,1.0,0.0,24.0,1.0,0.2,0.0,1.0,1.0,1.0,1.0,1.0,0.0,24.0,1.0,0.2,0.0,7.2,7.2,7.2,7.2,1.0,0.0,24.0,1.0,0.2,0.0,7.08,7.08,7.08,7.08,1.0,0.0,24.0,1.0,0.2,0.0,51.0,51.0,51.0,51.0,1.0,0.0,24.0,1.0,0.2,0.0,-107.4,-107.4,-107.4,-107.4,1.0,0.0,24.0,1.0,0.2,0.0,-128.0,-128.0,-128.0,-128.0,1.0,0.0,24.0,1.0,0.2,0.0,-54.0,-54.0,-54.0,-54.0,1.0,0.0,24.0,1.0,0.2,0.0,-64.4,-64.4,-64.4,-64.4,1.0,0.0,24.0,1.0,0.2,0.0,-32.8,-32.8,-32.8,-32.8,1.0,0.0,24.0,1.0,0.2,0.0,-39.0,-39.0,-39.0,-39.0,1.0,0.0,24.0,1.0,0.2,0.0,373.0,373.0,373.0,373.0,1.0,0.0,24.0,1.0,0.2,0.0,375.0,375.0,375.0,375.0,1.0,0.0,24.0,1.0,0.2,0.0
1974,2,61.0,20.0,22.46,24.1,25.06,23.77,3.0,1.92,20.0,1.0,0.4,0.8,24.6,26.1,26.1,25.37,3.0,1.27,20.0,1.0,0.4,0.8,12.1,13.56,16.44,14.26,3.0,3.23,20.0,1.0,0.4,0.8,60.5,73.6,81.1,70.9,3.0,15.3,20.0,1.0,0.8,2.26,2.6,3.97,3.1,3.0,1.32,20.0,1.0,0.4,0.8,-3.23,-0.89,0.64,-1.29,3.0,2.86,20.0,1.0,0.4,0.8,-1.17,1.57,1.6,0.25,3.0,2.33,20.0,1.0,0.4,0.8,1013.63,1013.9,1015.33,1014.47,3.0,1.34,20.0,1.0,0.4,0.8,1.0,3.0,3.7,2.3,3.0,2.1,20.0,1.0,0.4,0.8,-14.3,-2.3,1.2,-6.5,3.0,11.9,20.0,1.0,0.4,0.8,-3.3,3.4,6.0,1.4,3.0,7.0,20.0,1.0,0.4,0.8,-3.19,-0.6,-0.05,-1.6,3.0,2.46,20.0,1.0,0.4,0.8,-14.3,-1.6,-0.2,-7.1,3.0,11.4,20.0,1.0,0.4,0.8,3.23,4.73,5.02,4.14,3.0,1.4,20.0,1.0,0.4,0.8,7.9,10.8,18.3,13.1,3.0,7.8,20.0,1.0,0.4,0.8,-84.4,-23.2,14.7,-34.6,3.0,73.2,20.0,1.0,0.4,0.8,-31.3,38.4,40.2,5.2,3.0,59.8,20.0,1.0,0.4,0.8,-38.7,-15.8,7.5,-15.6,3.0,33.8,20.0,1.0,0.4,0.8,-24.0,18.0,20.6,-1.2,3.0,36.6,20.0,1.0,0.4,0.8,-14.7,-2.3,4.0,-5.3,3.0,13.9,20.0,1.0,0.4,0.8,-1.9,7.4,8.0,3.2,3.0,8.1,20.0,1.0,0.4,0.8,12.0,17.5,72.0,41.5,3.0,48.5,20.0,1.0,0.4,0.8,10.0,20.0,70.0,40.0,3.0,50.0,20.0,1.0,0.4,0.8
1974,2,61.0,21.0,21.7,22.8,23.48,22.85,17.0,1.28,12.0,0.4,0.6,0.6,20.6,22.1,22.81,21.96,16.0,1.42,12.0,0.4,0.6,0.6,9.09,10.72,11.94,10.86,16.0,1.85,12.0,0.4,0.6,0.6,57.3,62.7,78.5,66.6,16.0,11.6,12.0,0.4,0.6,1.92,5.1,7.7,4.84,16.0,2.83,12.0,0.4,0.6,0.7,-4.05,-1.87,0.0,-1.17,16.0,3.71,12.0,0.4,0.6,0.7,-5.61,-0.4,1.53,-1.56,16.0,3.91,12.0,0.4,0.6,0.7,1013.91,1016.2,1018.46,1016.31,17.0,3.12,12.0,0.4,0.6,0.6,0.0,0.5,3.2,1.5,16.0,2.4,12.0,0.4,0.6,0.6,-20.6,-5.5,0.0,-3.6,16.0,29.8,12.0,0.4,0.6,0.7,-50.1,-0.4,4.5,-14.3,16.0,27.5,12.0,0.4,0.6,0.7,-0.31,1.35,1.96,0.89,16.0,1.83,12.0,0.4,0.6,0.6,0.0,2.9,14.4,5.9,15.0,7.8,12.0,0.4,0.6,0.6,5.61,6.29,7.84,6.48,16.0,1.34,12.0,0.4,0.6,0.6,10.9,31.9,48.6,30.9,15.0,19.4,12.0,0.4,0.6,0.6,-94.3,-46.4,-2.4,-38.7,15.0,56.8,12.0,0.4,0.6,0.6,-116.3,0.0,36.7,-27.9,15.0,85.7,12.0,0.4,0.6,0.6,-41.3,-21.7,-1.2,-17.2,15.0,33.5,12.0,0.4,0.6,0.6,-50.5,0.0,17.3,-11.9,15.0,39.6,12.0,0.4,0.6,0.6,-26.7,-13.6,-0.9,-12.4,15.0,17.1,12.0,0.4,0.6,0.6,-44.3,0.0,10.7,-11.2,15.0,28.4,12.0,0.4,0.6,0.6,9.0,132.5,456.5,224.0,16.0,291.0,12.0,0.4,0.6,0.7,10.0,135.0,455.0,225.0,16.0,290.0,12.0,0.4,0.6,0.7
1974,2,61.0,22.0,22.11,22.85,23.3,22.91,16.0,1.26,14.0,0.4,0.4,0.3,20.5,22.0,24.0,21.89,17.0,1.98,14.0,0.5,0.4,0.3,7.28,10.37,12.2,10.05,15.0,2.44,16.0,0.4,0.4,0.3,53.2,64.4,70.9,62.7,15.0,13.0,16.0,0.4,0.3,0.0,3.1,7.43,3.6,17.0,3.26,14.0,0.5,0.4,0.3,-3.18,0.0,0.58,-0.77,17.0,2.29,14.0,0.5,0.4,0.3,-7.37,-0.5,0.0,-2.47,17.0,3.47,14.0,0.5,0.4,0.3,1014.02,1018.6,1021.69,1017.86,17.0,3.13,14.0,0.5,0.4,0.3,0.0,1.0,3.0,1.2,17.0,1.4,14.0,0.5,0.4,0.3,-12.9,0.0,1.0,-5.5,17.0,16.3,14.0,0.5,0.4,0.3,-54.8,-0.4,0.0,-18.5,17.0,28.1,14.0,0.5,0.4,0.3,-1.19,1.5,3.87,1.21,16.0,2.34,14.0,0.4,0.4,0.3,0.0,1.0,28.3,9.5,16.0,15.4,14.0,0.4,0.4,0.3,5.69,6.59,9.79,7.33,15.0,2.21,16.0,0.4,0.4,0.3,0.8,23.0,68.9,34.0,15.0,34.2,16.0,0.4,0.4,0.3,-67.2,0.0,12.7,-14.8,17.0,49.3,14.0,0.5,0.4,0.3,-144.9,-10.5,0.0,-49.7,17.0,70.1,14.0,0.5,0.4,0.3,-28.5,0.0,12.7,-4.1,15.0,22.0,16.0,0.4,0.4,0.3,-55.9,-19.0,0.0,-25.7,15.0,32.8,16.0,0.4,0.4,0.3,-34.2,0.0,5.2,-8.6,15.0,21.6,16.0,0.4,0.4,0.3,-68.7,-15.8,0.0,-26.3,15.0,33.4,16.0,0.4,0.4,0.3,0.0,30.0,411.5,170.0,17.0,273.5,14.0,0.5,0.4,0.3,0.0,30.0,410.0,170.0,17.0,275.0,14.0,0.5,0.4,0.3
1974,2,61.0,23.0,22.14,22.8,23.12,22.72,6.0,0.61,14.0,0.5,0.4,0.4,20.9,22.0,22.24,21.51,7.0,1.27,14.0,0.4,0.5,0.4,9.01,9.27,9.88,9.38,5.0,0.52,12.0,0.6,0.5,0.3,53.0,58.7,61.8,57.8,5.0,5.0,12.0,0.6,0.3,2.55,5.1,10.33,5.9,7.0,3.72,14.0,0.4,0.5,0.4,-4.83,-2.25,0.46,-1.53,7.0,5.66,14.0,0.4,0.5,0.4,0.45,1.8,5.17,2.02,7.0,3.88,14.0,0.4,0.5,0.4,1014.83,1016.9,1019.43,1016.99,7.0,2.34,14.0,0.4,0.5,0.4,0.0,1.0,1.0,0.9,7.0,0.7,14.0,0.4,0.5,0.4,-36.1,-5.9,5.0,-5.6,7.0,58.4,14.0,0.4,0.5,0.4,-1.8,6.5,40.3,9.9,7.0,36.7,14.0,0.4,0.5,0.4,-0.08,1.25,2.1,1.28,6.0,1.56,14.0,0.5,0.4,0.4,-0.4,2.8,12.4,8.6,6.0,17.5,14.0,0.5,0.4,0.4,7.27,7.92,8.22,7.71,5.0,0.74,12.0,0.6,0.5,0.3,18.1,23.1,54.9,35.6,5.0,27.5,12.0,0.6,0.5,0.3,-106.4,-48.2,8.7,-37.3,7.0,115.5,14.0,0.4,0.5,0.4,10.7,37.8,117.5,47.2,7.0,81.0,14.0,0.4,0.5,0.4,-47.7,-20.9,-8.1,-28.3,5.0,29.5,12.0,0.6,0.5,0.3,10.4,17.8,45.4,25.7,5.0,18.6,12.0,0.6,0.5,0.3,-38.5,-18.5,-6.8,-24.0,5.0,27.3,12.0,0.6,0.5,0.3,9.0,11.6,40.0,21.8,5.0,16.9,12.0,0.6,0.5,0.3,17.0,132.5,1104.0,428.0,7.0,554.0,14.0,0.4,0.5,0.4,15.0,135.0,1105.0,430.0,7.0,555.0,14.0,0.4,0.5,0.4
1974,2,61.0,24.0,22.0,22.0,22.42,22.23,7.0,0.31,14.0,0.6,0.5,0.5,19.4,22.0,24.01,21.79,7.0,1.97,14.0,0.6,0.5,0.5,7.31,8.08,11.22,9.13,5.0,2.8,10.0,0.6,0.5,0.3,46.9,52.9,72.1,59.5,5.0,22.7,10.0,0.6,0.3,0.95,2.6,6.32,3.74,7.0,3.07,14.0,0.6,0.5,0.5,-4.11,0.0,1.05,-1.42,7.0,3.13,14.0,0.6,0.5,0.5,-1.51,-0.17,4.77,0.33,7.0,3.67,14.0,0.6,0.5,0.5,1016.24,1019.2,1021.81,1019.24,8.0,2.78,12.0,0.6,0.5,0.5,0.0,0.0,1.9,0.9,8.0,1.5,12.0,0.6,0.5,0.5,-26.3,0.0,1.2,-11.8,7.0,22.7,14.0,0.6,0.5,0.5,-5.5,-0.2,26.2,0.3,7.0,25.6,14.0,0.6,0.5,0.5,-1.84,-0.25,1.81,0.08,6.0,2.05,14.0,0.5,0.5,0.4,-4.4,-1.0,4.7,-0.3,6.0,6.1,14.0,0.5,0.5,0.4,7.77,8.95,9.73,8.76,4.0,1.37,10.0,0.5,0.6,0.2,23.2,29.7,50.0,36.3,4.0,18.9,10.0,0.5,0.6,0.2,-91.6,0.0,24.8,-28.2,7.0,63.8,14.0,0.6,0.5,0.5,-31.2,-4.2,107.7,11.7,7.0,79.9,14.0,0.6,0.5,0.5,-48.5,-20.4,6.6,-23.4,5.0,41.1,10.0,0.6,0.5,0.3,-34.3,-3.6,37.0,-2.0,5.0,48.0,10.0,0.6,0.5,0.3,-32.5,-11.8,10.3,-11.2,4.0,26.4,10.0,0.5,0.6,0.2,-7.9,15.6,42.3,17.1,4.0,29.3,10.0,0.5,0.6,0.2,1.0,17.5,258.5,152.0,7.0,240.5,14.0,0.6,0.5,0.5,0.0,20.0,260.0,150.0,7.0,240.0,14.0,0.6,0.5,0.5
1974,2,62.0,-62.0,0.93,1.0,1.07,1.0,3.0,0.1,28.0,1.0,0.7,0.5,0.7,0.9,0.97,0.83,3.0,0.21,28.0,1.0,0.7,0.5,4.0,4.03,4.06,4.03,2.0,0.06,28.0,1.0,0.6,0.5,96.4,96.5,96.5,96.5,2.0,0.0,28.0,1.0,0.5,18.66,19.0,20.09,19.37,3.0,1.1,28.0,1.0,0.7,0.5,15.86,16.02,17.02,16.43,3.0,0.93,28.0,1.0,0.7,0.5,-11.97,-9.25,-8.0,-9.97,3.0,2.98,28.0,1.0,0.7,0.5,968.29,971.5,973.55,970.93,3.0,3.88,28.0,1.0,0.7,0.5,7.2,7.5,7.8,7.5,2.0,0.7,28.0,1.0,0.6,0.5,305.5,325.1,330.0,317.9,3.0,19.0,28.0,1.0,0.7,0.5,-240.5,-171.1,-150.6,-195.0,3.0,69.0,28.0,1.0,0.7,0.5,-0.04,0.1,0.37,0.17,3.0,0.31,28.0,1.0,0.7,0.5,-0.7,1.9,7.6,3.5,3.0,6.2,28.0,1.0,0.7,0.5,0.15,0.21,0.27,0.21,2.0,0.13,28.0,1.0,0.6,0.5,2.8,4.2,5.5,4.2,2.0,2.8,28.0,1.0,0.6,0.5,11.5,15.7,15.9,13.7,3.0,3.7,28.0,1.0,0.7,0.5,-8.8,-7.9,-7.1,-8.0,3.0,1.3,28.0,1.0,0.7,0.5,63.3,64.1,64.9,64.1,2.0,1.6,28.0,1.0,0.6,0.5,-50.4,-45.2,-40.1,-45.2,2.0,10.7,28.0,1.0,0.6,0.5,2.4,3.3,4.3,3.3,2.0,2.0,28.0,1.0,0.6,0.5,-3.5,-2.5,-1.6,-2.5,2.0,2.0,28.0,1.0,0.6,0.5,6499.0,6859.0,8144.0,7311.0,3.0,1267.0,28.0,1.0,0.7,0.5,6500.0,6860.0,8145.0,7310.0,3.0,1265.0,28.0,1.0,0.7,0.5
1974,2,62.0,-43.0,17.0,17.0,17.0,17.0,1.0,0.0,12.0,1.0,0.4,0.9,18.4,18.4,18.4,18.4,1.0,0.0,12.0,1.0,0.4,0.9,10.54,10.54,10.54,10.54,1.0,0.0,12.0,1.0,0.4,0.9,80.6,80.6,80.6,80.6,1.0,0.0,12.0,1.0,0.9,8.2,8.2,8.2,8.2,1.0,0.0,12.0,1.0,0.4,0.9,8.08,8.08,8.08,8.08,1.0,0.0,12.0,1.0,0.4,0.9,1.42,1.42,1.42,1.42,1.0,0.0,12.0,1.0,0.4,0.9,1016.6,1016.6,1016.6,1016.6,1.0,0.0,12.0,1.0,0.4,0.9,6.0,6.0,6.0,6.0,1.0,0.0,12.0,1.0,0.4,0.9,66.2,66.2,66.2,66.2,1.0,0.0,12.0,1.0,0.4,0.9,11.7,11.7,11.7,11.7,1.0,0.0,12.0,1.0,0.4,0.9,-1.4,-1.4,-1.4,-1.4,1.0,0.0,12.0,1.0,0.4,0.9,-11.5,-11.5,-11.5,-11.5,1.0,0.0,12.0,1.0,0.4,0.9,1.45,1.45,1.45,1.45,1.0,0.0,12.0,1.0,0.4,0.9,11.9,11.9,11.9,11.9,1.0,0.0,12.0,1.0,0.4,0.9,148.6,148.6,148.6,148.6,1.0,0.0,12.0,1.0,0.4,0.9,26.2,26.2,26.2,26.2,1.0,0.0,12.0,1.0,0.4,0.9,85.1,85.1,85.1,85.1,1.0,0.0,12.0,1.0,0.4,0.9,15.0,15.0,15.0,15.0,1.0,0.0,12.0,1.0,0.4,0.9,11.7,11.7,11.7,11.7,1.0,0.0,12.0,1.0,0.4,0.9,2.1,2.1,2.1,2.1,1.0,0.0,12.0,1.0,0.4,0.9,551.5,551.5,551.5,551.5,1.0,0.0,12.0,1.0,0.4,0.9,550.0,550.0,550.0,550.0,1.0,0.0,12.0,1.0,0.4,0.9
1974,2,62.0,-41.0,16.61,17.7,18.79,17.7,2.0,2.26,16.0,0.5,0.7,0.6,15.55,17.15,18.75,17.15,2.0,3.32,16.0,0.5,0.7,0.6,6.69,8.87,11.05,8.87,2.0,4.52,16.0,0.5,0.7,0.6,60.4,70.8,81.2,70.8,2.0,21.5,16.0,0.5,0.6,2.91,4.65,6.39,4.65,2.0,3.61,16.0,0.5,0.7,0.6,0.77,3.2,5.63,3.2,2.0,5.04,16.0,0.5,0.7,0.6,-2.4,-2.27,-2.13,-2.27,2.0,0.28,16.0,0.5,0.7,0.6,1019.16,1024.45,1029.74,1024.45,2.0,10.96,16.0,0.5,0.7,0.6,2.0,4.0,6.0,4.0,2.0,4.2,16.0,0.5,0.7,0.6,7.1,24.0,40.9,24.0,2.0,35.0,16.0,0.5,0.7,0.6,-15.6,-11.0,-6.5,-11.0,2.0,9.5,16.0,0.5,0.7,0.6,0.04,0.55,1.06,0.55,2.0,1.06,16.0,0.5,0.7,0.6,-0.8,0.6,2.1,0.6,2.0,2.9,16.0,0.5,0.7,0.6,2.39,3.64,4.89,3.64,2.0,2.59,16.0,0.5,0.7,0.6,11.7,12.2,12.7,12.2,2.0,1.1,16.0,0.5,0.7,0.6,16.4,63.3,110.1,63.3,2.0,97.1,16.0,0.5,0.7,0.6,-45.3,-39.3,-33.4,-39.3,2.0,12.3,16.0,0.5,0.7,0.6,11.2,39.8,68.3,39.8,2.0,59.2,16.0,0.5,0.7,0.6,-26.9,-20.7,-14.6,-20.7,2.0,12.7,16.0,0.5,0.7,0.6,0.3,5.1,10.0,5.1,2.0,10.0,16.0,0.5,0.7,0.6,-10.2,-7.9,-5.5,-7.9,2.0,4.9,16.0,0.5,0.7,0.6,67.0,191.5,315.5,191.5,2.0,257.5,16.0,0.5,0.7,0.6,65.0,190.0,315.0,190.0,2.0,255.0,16.0,0.5,0.7,0.6
1974,2,62.0,-40.0,18.0,18.0,18.0,18.0,1.0,0.0,6.0,1.0,0.3,0.4,20.0,20.0,20.0,20.0,1.0,0.0,6.0,1.0,0.3,0.4,13.63,13.63,13.63,13.63,1.0,0.0,6.0,1.0,0.3,0.4,95.1,95.1,95.1,95.1,1.0,0.0,6.0,1.0,0.4,2.6,2.6,2.6,2.6,1.0,0.0,6.0,1.0,0.3,0.4,0.89,0.89,0.89,0.89,1.0,0.0,6.0,1.0,0.3,0.4,-2.44,-2.44,-2.44,-2.44,1.0,0.0,6.0,1.0,0.3,0.4,1028.2,1028.2,1028.2,1028.2,1.0,0.0,6.0,1.0,0.3,0.4,,,,,,,,,,,,,,,,,,,,,,,,,,,,,,,-2.0,-2.0,-2.0,-2.0,1.0,0.0,6.0,1.0,0.3,0.4,-5.2,-5.2,-5.2,-5.2,1.0,0.0,6.0,1.0,0.3,0.4,-0.99,-0.99,-0.99,-0.99,1.0,0.0,6.0,1.0,0.3,0.4,-2.6,-2.6,-2.6,-2.6,1.0,0.0,6.0,1.0,0.3,0.4,17.8,17.8,17.8,17.8,1.0,0.0,6.0,1.0,0.3,0.4,-48.9,-48.9,-48.9,-48.9,1.0,0.0,6.0,1.0,0.3,0.4,12.1,12.1,12.1,12.1,1.0,0.0,6.0,1.0,0.3,0.4,-33.3,-33.3,-33.3,-33.3,1.0,0.0,6.0,1.0,0.3,0.4,-0.9,-0.9,-0.9,-0.9,1.0,0.0,6.0,1.0,0.3,0.4,2.4,2.4,2.4,2.4,1.0,0.0,6.0,1.0,0.3,0.4,17.5,17.5,17.5,17.5,1.0,0.0,6.0,1.0,0.3,0.4,20.0,20.0,20.0,20.0,1.0,0.0,6.0,1.0,0.3,0.4
1974,2,62.0,-39.0,,,,,,,,,,,,,,,,,,,,,,,,,,,,,,,,,,,,,,,,9.3,9.3,9.3,9.3,1.0,0.0,12.0,0.0,0.0,0.1,-8.74,-8.74,-8.74,-8.74,1.0,0.0,12.0,0.0,0.0,0.1,3.18,3.18,3.18,3.18,1.0,0.0,12.0,0.0,0.0,0.1,1005.1,1005.1,1005.1,1005.1,1.0,0.0,12.0,0.0,0.0,0.1,,,,,,,,,,,,,,,,,,,,,,,,,,,,,,,,,,,,,,,,,,,,,,,,,,,,,,,,,,,,,,,,,,,,,,,,,,,,,,,,,,,,,,,,,,,,,,,,,,,,,,,,,,,,,,,,,,,,,,,,,,,,,,,,,,,,,,,,,,,,,,,,,,,,,,
1974,2,62.0,-34.0,24.41,24.65,24.89,24.65,2.0,0.49,6.0,0.5,0.6,0.9,23.33,24.9,26.47,24.9,2.0,3.25,6.0,0.5,0.6,0.9,12.87,13.59,14.3,13.59,2.0,1.49,6.0,0.5,0.6,0.9,61.6,71.8,82.1,71.8,2.0,21.2,6.0,0.5,0.9,6.27,7.5,8.73,7.5,2.0,2.55,6.0,0.5,0.6,0.9,-7.68,-6.88,-6.07,-6.88,2.0,1.66,6.0,0.5,0.6,0.9,-3.91,-2.32,-0.74,-2.32,2.0,3.29,6.0,0.5,0.6,0.9,1026.1,1027.6,1029.1,1027.6,2.0,3.11,6.0,0.5,0.6,0.9,6.0,6.0,6.0,6.0,1.0,0.0,6.0,0.0,0.5,1.0,-68.2,-53.7,-39.2,-53.7,2.0,30.0,6.0,0.5,0.6,0.9,-36.4,-21.6,-6.9,-21.6,2.0,30.6,6.0,0.5,0.6,0.9,-1.58,-0.25,1.08,-0.25,2.0,2.76,6.0,0.5,0.6,0.9,-8.0,1.6,11.3,1.6,2.0,20.0,6.0,0.5,0.6,0.9,4.54,5.5,6.47,5.5,2.0,2.0,6.0,0.5,0.6,0.9,38.2,38.7,39.2,38.7,2.0,1.0,6.0,0.5,0.6,0.9,-177.7,-168.5,-159.3,-168.5,2.0,19.1,6.0,0.5,0.6,0.9,-88.4,-52.5,-16.7,-52.5,2.0,74.3,6.0,0.5,0.6,0.9,-110.5,-94.7,-78.8,-94.7,2.0,32.9,6.0,0.5,0.6,0.9,-57.3,-34.0,-10.8,-34.0,2.0,48.1,6.0,0.5,0.6,0.9,-38.4,-36.2,-33.9,-36.2,2.0,4.6,6.0,0.5,0.6,0.9,-16.0,-9.5,-3.0,-9.5,2.0,13.4,6.0,0.5,0.6,0.9,283.5,495.0,706.0,495.0,2.0,438.0,6.0,0.5,0.6,0.9,285.0,495.0,705.0,495.0,2.0,440.0,6.0,0.5,0.6,0.9
1974,2,62.0,-32.0,24.0,24.0,24.0,24.0,1.0,0.0,22.0,0.0,0.7,0.4,21.8,21.8,21.8,21.8,1.0,0.0,22.0,0.0,0.7,0.4,10.9,10.9,10.9,10.9,1.0,0.0,22.0,0.0,0.7,0.4,67.4,67.4,67.4,67.4,1.0,0.0,22.0,0.0,0.4,9.3,9.3,9.3,9.3,1.0,0.0,22.0,0.0,0.7,0.4,-1.61,-1.61,-1.61,-1.61,1.0,0.0,22.0,0.0,0.7,0.4,9.16,9.16,9.16,9.16,1.0,0.0,22.0,0.0,0.7,0.4,1015.5,1015.5,1015.5,1015.5,1.0,0.0,22.0,0.0,0.7,0.4,4.0,4.0,4.0,4.0,1.0,0.0,22.0,0.0,0.7,0.4,-15.0,-15.0,-15.0,-15.0,1.0,0.0,22.0,0.0,0.7,0.4,85.2,85.2,85.2,85.2,1.0,0.0,22.0,0.0,0.7,0.4,2.2,2.2,2.2,2.2,1.0,0.0,22.0,0.0,0.7,0.4,20.5,20.5,20.5,20.5,1.0,0.0,22.0,0.0,0.7,0.4,7.67,7.67,7.67,7.67,1.0,0.0,22.0,0.0,0.7,0.4,71.3,71.3,71.3,71.3,1.0,0.0,22.0,0.0,0.7,0.4,-35.2,-35.2,-35.2,-35.2,1.0,0.0,22.0,0.0,0.7,0.4,199.7,199.7,199.7,199.7,1.0,0.0,22.0,0.0,0.7,0.4,-17.6,-17.6,-17.6,-17.6,1.0,0.0,22.0,0.0,0.7,0.4,99.8,99.8,99.8,99.8,1.0,0.0,22.0,0.0,0.7,0.4,-12.4,-12.4,-12.4,-12.4,1.0,0.0,22.0,0.0,0.7,0.4,70.2,70.2,70.2,70.2,1.0,0.0,22.0,0.0,0.7,0.4,804.5,804.5,804.5,804.5,1.0,0.0,22.0,0.0,0.7,0.4,805.0,805.0,805.0,805.0,1.0,0.0,22.0,0.0,0.7,0.4
1974,2,62.0,-31.0,24.33,24.6,24.87,24.6,2.0,0.57,20.0,0.5,0.5,0.4,22.07,22.65,23.23,22.65,2.0,1.2,20.0,0.5,0.5,0.4,11.97,13.79,15.61,13.79,2.0,3.78,20.0,0.5,0.5,0.4,72.4,80.3,88.2,80.3,2.0,16.4,20.0,0.5,0.4,9.38,9.55,9.72,9.55,2.0,0.35,20.0,0.5,0.5,0.4,-2.95,-2.44,-1.94,-2.44,2.0,1.05,20.0,0.5,0.5,0.4,-5.82,0.46,6.73,0.46,2.0,13.0,20.0,0.5,0.5,0.4,1015.63,1017.2,1018.77,1017.2,2.0,3.25,20.0,0.5,0.5,0.4,2.0,4.0,6.0,4.0,2.0,4.2,20.0,0.5,0.5,0.4,-27.5,-23.1,-18.7,-23.1,2.0,9.1,20.0,0.5,0.5,0.4,-53.4,6.7,66.7,6.7,2.0,124.3,20.0,0.5,0.5,0.4,1.64,1.95,2.26,1.95,2.0,0.64,20.0,0.5,0.5,0.4,15.5,18.7,22.0,18.7,2.0,6.8,20.0,0.5,0.5,0.4,3.9,5.44,6.97,5.44,2.0,3.18,20.0,0.5,0.5,0.4,36.9,52.5,68.1,52.5,2.0,32.3,20.0,0.5,0.5,0.4,-68.8,-55.9,-43.1,-55.9,2.0,26.6,20.0,0.5,0.5,0.4,-139.4,2.5,144.4,2.5,2.0,294.0,20.0,0.5,0.5,0.4,-47.1,-35.6,-24.2,-35.6,2.0,23.6,20.0,0.5,0.5,0.4,-104.0,-18.3,67.4,-18.3,2.0,177.6,20.0,0.5,0.5,0.4,-12.6,-11.6,-10.6,-11.6,2.0,2.1,20.0,0.5,0.5,0.4,-11.7,23.2,58.0,23.2,2.0,72.1,20.0,0.5,0.5,0.4,826.0,873.0,919.5,873.0,2.0,97.0,20.0,0.5,0.5,0.4,825.0,875.0,920.0,875.0,2.0,95.0,20.0,0.5,0.5,0.4
1974,2,62.0,-29.0,24.21,25.15,25.82,25.03,4.0,1.16,12.0,0.8,0.4,0.6,24.73,25.0,25.07,24.9,3.0,0.26,16.0,0.7,0.3,0.7,15.6,16.02,16.34,15.97,3.0,0.54,16.0,0.7,0.3,0.7,79.7,83.4,83.4,81.6,3.0,3.1,16.0,0.7,0.7,8.55,9.3,11.01,9.77,3.0,1.84,16.0,0.7,0.3,0.7,-9.88,-9.16,-7.75,-8.83,3.0,1.59,16.0,0.7,0.3,0.7,-5.33,-4.1,-0.2,-2.8,3.0,3.92,16.0,0.7,0.3,0.7,1013.7,1016.8,1018.9,1016.33,4.0,3.45,12.0,0.8,0.4,0.6,3.0,5.0,5.7,4.3,3.0,2.1,12.0,0.7,0.5,0.6,-109.3,-85.2,-66.8,-88.0,3.0,31.3,16.0,0.7,0.3,0.7,-58.2,-33.6,-0.4,-29.4,3.0,42.5,16.0,0.7,0.3,0.7,-0.87,0.7,1.11,0.13,3.0,1.53,16.0,0.7,0.3,0.7,-8.3,5.7,12.3,2.1,3.0,15.4,16.0,0.7,0.3,0.7,3.04,4.06,4.65,3.85,3.0,1.19,16.0,0.7,0.3,0.7,26.8,33.3,50.2,38.4,3.0,17.7,16.0,0.7,0.3,0.7,-247.4,-229.9,-192.2,-220.0,3.0,41.3,16.0,0.7,0.3,0.7,-132.7,-100.9,-4.3,-69.3,3.0,97.9,16.0,0.7,0.3,0.7,-159.8,-141.1,-122.4,-141.1,3.0,27.4,16.0,0.7,0.3,0.7,-87.2,-65.7,-3.9,-46.0,3.0,63.4,16.0,0.7,0.3,0.7,-43.5,-28.8,-25.2,-34.2,3.0,14.2,16.0,0.7,0.3,0.7,-25.1,-16.6,-2.5,-13.9,3.0,16.8,16.0,0.7,0.3,0.7,631.5,804.5,1377.0,999.5,3.0,571.5,16.0,0.7,0.3,0.7,630.0,805.0,1375.0,1000.0,3.0,570.0,16.0,0.7,0.3,0.7
1974,2,62.0,-28.0,24.44,24.6,25.33,24.88,4.0,0.76,6.0,0.5,0.6,0.7,24.19,24.5,26.64,25.38,4.0,2.1,6.0,0.5,0.6,0.7,13.51,13.56,14.44,13.97,3.0,0.77,6.0,0.7,0.7,0.6,64.7,70.6,71.5,68.1,3.0,5.4,6.0,0.7,0.6,7.94,9.1,10.0,8.98,4.0,1.2,6.0,0.5,0.6,0.7,-9.93,-8.78,-7.64,-8.78,4.0,1.32,6.0,0.5,0.6,0.7,-2.3,-0.87,0.7,-0.8,4.0,1.84,6.0,0.5,0.6,0.7,1019.89,1020.5,1022.21,1021.03,4.0,1.72,6.0,0.5,0.6,0.7,5.0,5.5,6.0,5.5,4.0,0.6,6.0,0.5,0.6,0.7,-99.3,-80.8,-60.7,-80.0,4.0,22.3,6.0,0.5,0.6,0.7,-20.3,-8.7,5.4,-7.5,4.0,15.4,6.0,0.5,0.6,0.7,-2.2,0.1,1.14,-0.5,4.0,2.63,6.0,0.5,0.6,0.7,-16.9,0.8,11.3,-2.7,4.0,21.8,6.0,0.5,0.6,0.7,4.45,5.6,5.66,5.07,3.0,1.0,6.0,0.7,0.7,0.6,35.1,46.0,53.4,44.3,3.0,13.5,6.0,0.7,0.7,0.6,-241.4,-226.2,-201.4,-221.6,4.0,25.6,6.0,0.5,0.6,0.7,-55.7,-20.8,20.0,-18.0,4.0,46.8,6.0,0.5,0.6,0.7,-127.8,-112.6,-107.1,-117.3,3.0,15.7,6.0,0.7,0.7,0.6,-26.0,0.0,13.6,-6.1,3.0,29.4,6.0,0.7,0.7,0.6,-52.6,-43.2,-33.9,-43.2,3.0,13.6,6.0,0.7,0.7,0.6,-10.7,0.0,3.6,-3.5,3.0,10.9,6.0,0.7,0.7,0.6,501.5,775.5,1000.0,752.0,4.0,289.0,6.0,0.5,0.6,0.7,500.0,775.0,1000.0,750.0,4.0,290.0,6.0,0.5,0.6,0.7
1974,2,62.0,-27.0,25.1,25.1,25.1,25.1,1.0,0.0,8.0,1.0,0.1,0.5,23.7,23.7,23.7,23.7,1.0,0.0,8.0,1.0,0.1,0.5,15.4,15.4,15.4,15.4,1.0,0.0,8.0,1.0,0.1,0.5,84.8,84.8,84.8,84.8,1.0,0.0,8.0,1.0,0.5,9.8,9.8,9.8,9.8,1.0,0.0,8.0,1.0,0.1,0.5,-9.65,-9.65,-9.65,-9.65,1.0,0.0,8.0,1.0,0.1,0.5,-1.7,-1.7,-1.7,-1.7,1.0,0.0,8.0,1.0,0.1,0.5,1018.3,1018.3,1018.3,1018.3,1.0,0.0,8.0,1.0,0.1,0.5,7.0,7.0,7.0,7.0,1.0,0.0,8.0,1.0,0.1,0.5,-94.6,-94.6,-94.6,-94.6,1.0,0.0,8.0,1.0,0.1,0.5,-16.7,-16.7,-16.7,-16.7,1.0,0.0,8.0,1.0,0.1,0.5,1.4,1.4,1.4,1.4,1.0,0.0,8.0,1.0,0.1,0.5,13.7,13.7,13.7,13.7,1.0,0.0,8.0,1.0,0.1,0.5,4.39,4.39,4.39,4.39,1.0,0.0,8.0,1.0,0.1,0.5,43.1,43.1,43.1,43.1,1.0,0.0,8.0,1.0,0.1,0.5,-228.7,-228.7,-228.7,-228.7,1.0,0.0,8.0,1.0,0.1,0.5,-40.3,-40.3,-40.3,-40.3,1.0,0.0,8.0,1.0,0.1,0.5,-148.6,-148.6,-148.6,-148.6,1.0,0.0,8.0,1.0,0.1,0.5,-26.2,-26.2,-26.2,-26.2,1.0,0.0,8.0,1.0,0.1,0.5,-42.4,-42.4,-42.4,-42.4,1.0,0.0,8.0,1.0,0.1,0.5,-7.5,-7.5,-7.5,-7.5,1.0,0.0,8.0,1.0,0.1,0.5,941.0,941.0,941.0,941.0,1.0,0.0,8.0,1.0,0.1,0.5,940.0,940.0,940.0,940.0,1.0,0.0,8.0,1.0,0.1,0.5
1974,2,62.0,-22.0,26.0,26.0,26.0,26.0,1.0,0.0,6.0,1.0,0.7,0.1,26.0,26.0,26.0,26.0,1.0,0.0,6.0,1.0,0.7,0.1,14.12,14.12,14.12,14.12,1.0,0.0,6.0,1.0,0.7,0.1,67.4,67.4,67.4,67.4,1.0,0.0,6.0,1.0,0.1,15.4,15.4,15.4,15.4,1.0,0.0,6.0,1.0,0.7,0.1,-15.17,-15.17,-15.17,-15.17,1.0,0.0,6.0,1.0,0.7,0.1,2.67,2.67,2.67,2.67,1.0,0.0,6.0,1.0,0.7,0.1,1011.0,1011.0,1011.0,1011.0,1.0,0.0,6.0,1.0,0.7,0.1,6.0,6.0,6.0,6.0,1.0,0.0,6.0,1.0,0.7,0.1,-233.6,-233.6,-233.6,-233.6,1.0,0.0,6.0,1.0,0.7,0.1,41.2,41.2,41.2,41.2,1.0,0.0,6.0,1.0,0.7,0.1,0.0,0.0,0.0,0.0,1.0,0.0,6.0,1.0,0.7,0.1,0.0,0.0,0.0,0.0,1.0,0.0,6.0,1.0,0.7,0.1,6.92,6.92,6.92,6.92,1.0,0.0,6.0,1.0,0.7,0.1,106.6,106.6,106.6,106.6,1.0,0.0,6.0,1.0,0.7,0.1,-394.3,-394.3,-394.3,-394.3,1.0,0.0,6.0,1.0,0.7,0.1,69.5,69.5,69.5,69.5,1.0,0.0,6.0,1.0,0.7,0.1,-214.2,-214.2,-214.2,-214.2,1.0,0.0,6.0,1.0,0.7,0.1,37.8,37.8,37.8,37.8,1.0,0.0,6.0,1.0,0.7,0.1,-105.0,-105.0,-105.0,-105.0,1.0,0.0,6.0,1.0,0.7,0.1,18.5,18.5,18.5,18.5,1.0,0.0,6.0,1.0,0.7,0.1,3652.5,3652.5,3652.5,3652.5,1.0,0.0,6.0,1.0,0.7,0.1,3650.0,3650.0,3650.0,3650.0,1.0,0.0,6.0,1.0,0.7,0.1
1974,2,62.0,-21.0,26.5,26.5,26.5,26.5,1.0,0.0,8.0,0.0,0.1,0.9,24.8,24.8,24.8,24.8,1.0,0.0,8.0,0.0,0.1,0.9,16.59,16.59,16.59,16.59,1.0,0.0,8.0,0.0,0.1,0.9,85.0,85.0,85.0,85.0,1.0,0.0,8.0,0.0,0.9,8.0,8.0,8.0,8.0,1.0,0.0,8.0,0.0,0.1,0.9,-6.93,-6.93,-6.93,-6.93,1.0,0.0,8.0,0.0,0.1,0.9,-4.0,-4.0,-4.0,-4.0,1.0,0.0,8.0,0.0,0.1,0.9,1011.9,1011.9,1011.9,1011.9,1.0,0.0,8.0,0.0,0.1,0.9,7.0,7.0,7.0,7.0,1.0,0.0,8.0,0.0,0.1,0.9,-55.4,-55.4,-55.4,-55.4,1.0,0.0,8.0,0.0,0.1,0.9,-32.0,-32.0,-32.0,-32.0,1.0,0.0,8.0,0.0,0.1,0.9,1.7,1.7,1.7,1.7,1.0,0.0,8.0,0.0,0.1,0.9,13.6,13.6,13.6,13.6,1.0,0.0,8.0,0.0,0.1,0.9,5.08,5.08,5.08,5.08,1.0,0.0,8.0,0.0,0.1,0.9,40.6,40.6,40.6,40.6,1.0,0.0,8.0,0.0,0.1,0.9,-171.8,-171.8,-171.8,-171.8,1.0,0.0,8.0,0.0,0.1,0.9,-99.2,-99.2,-99.2,-99.2,1.0,0.0,8.0,0.0,0.1,0.9,-114.9,-114.9,-114.9,-114.9,1.0,0.0,8.0,0.0,0.1,0.9,-66.3,-66.3,-66.3,-66.3,1.0,0.0,8.0,0.0,0.1,0.9,-35.2,-35.2,-35.2,-35.2,1.0,0.0,8.0,0.0,0.1,0.9,-20.3,-20.3,-20.3,-20.3,1.0,0.0,8.0,0.0,0.1,0.9,512.0,512.0,512.0,512.0,1.0,0.0,8.0,0.0,0.1,0.9,510.0,510.0,510.0,510.0,1.0,0.0,8.0,0.0,0.1,0.9
1974,2,62.0,-20.0,26.3,26.3,28.14,27.2,3.0,1.56,14.0,0.3,0.4,0.7,25.2,25.4,27.86,26.5,3.0,2.17,14.0,0.3,0.4,0.7,17.48,17.49,17.5,17.49,3.0,0.02,14.0,0.3,0.4,0.7,75.0,86.6,87.6,81.5,3.0,10.2,14.0,0.3,0.7,6.59,9.8,11.3,8.97,3.0,3.52,14.0,0.3,0.4,0.7,-10.62,-9.21,-2.92,-6.83,3.0,6.0,14.0,0.3,0.4,0.7,-3.87,-3.35,2.42,-0.79,3.0,5.11,14.0,0.3,0.4,0.7,1010.41,1013.0,1013.82,1012.13,3.0,2.61,14.0,0.3,0.4,0.7,3.6,7.0,7.7,5.7,3.0,3.2,14.0,0.3,0.4,0.7,-121.0,-90.2,-28.6,-75.2,3.0,68.9,14.0,0.3,0.4,0.7,-44.0,-32.8,7.3,-18.7,3.0,39.6,14.0,0.3,0.4,0.7,0.29,0.9,1.1,0.7,3.0,0.62,14.0,0.3,0.4,0.7,2.8,8.8,12.6,7.7,3.0,7.3,14.0,0.3,0.4,0.7,3.87,3.87,6.51,5.16,3.0,2.23,14.0,0.3,0.4,0.7,38.4,39.4,44.2,41.3,3.0,4.6,14.0,0.3,0.4,0.7,-267.4,-233.9,-74.2,-172.3,3.0,151.2,14.0,0.3,0.4,0.7,-97.3,-85.1,73.9,-13.4,3.0,140.0,14.0,0.3,0.4,0.7,-185.9,-161.1,-51.1,-119.5,3.0,105.1,14.0,0.3,0.4,0.7,-67.7,-58.6,42.2,-13.8,3.0,89.4,14.0,0.3,0.4,0.7,-41.1,-35.6,-11.3,-26.4,3.0,23.2,14.0,0.3,0.4,0.7,-15.0,-13.0,22.8,3.5,3.0,31.1,14.0,0.3,0.4,0.7,389.5,941.0,1478.5,934.0,3.0,797.5,14.0,0.3,0.4,0.7,390.0,940.0,1480.0,935.0,3.0,800.0,14.0,0.3,0.4,0.7
1974,2,62.0,-19.0,26.0,26.3,27.14,26.45,8.0,0.64,12.0,0.4,0.5,0.7,25.36,26.15,26.94,26.19,8.0,0.87,12.0,0.4,0.5,0.7,16.09,16.69,18.64,17.1,7.0,1.17,12.0,0.3,0.5,0.7,74.5,82.0,86.0,80.8,8.0,6.6,12.0,0.4,0.7,2.6,9.3,9.43,7.77,7.0,3.67,10.0,0.4,0.5,0.7,-9.35,-9.3,-2.52,-7.32,7.0,3.6,10.0,0.4,0.5,0.7,-3.32,0.0,0.53,-0.96,7.0,2.7,10.0,0.4,0.5,0.7,1011.23,1012.3,1012.91,1011.93,7.0,1.12,12.0,0.3,0.5,0.7,4.0,4.0,6.9,4.8,8.0,2.2,12.0,0.4,0.5,0.7,-88.3,-86.5,-6.5,-68.1,7.0,45.2,10.0,0.4,0.5,0.7,-31.6,0.0,1.4,-13.6,7.0,28.3,10.0,0.4,0.5,0.7,-0.39,-0.2,1.18,0.26,8.0,0.97,12.0,0.4,0.5,0.7,-2.9,-1.9,1.2,0.6,7.0,6.8,10.0,0.4,0.5,0.7,2.36,4.72,5.99,4.37,7.0,1.83,12.0,0.3,0.5,0.7,14.4,35.9,55.6,34.9,6.0,21.2,10.0,0.3,0.5,0.7,-251.5,-246.4,-69.4,-191.9,7.0,93.1,10.0,0.4,0.5,0.7,-85.3,0.0,14.3,-24.0,7.0,68.3,10.0,0.4,0.5,0.7,-173.3,-157.1,-124.1,-139.7,6.0,55.5,10.0,0.3,0.5,0.7,-68.2,0.0,7.0,-21.0,6.0,49.3,10.0,0.3,0.5,0.7,-50.8,-35.6,-12.9,-32.9,6.0,20.9,10.0,0.3,0.5,0.7,-10.0,0.0,1.6,-4.3,6.0,12.5,10.0,0.3,0.5,0.7,17.5,804.5,848.5,711.5,7.0,582.0,10.0,0.4,0.5,0.7,20.0,805.0,850.0,710.0,7.0,580.0,10.0,0.4,0.5,0.7
1974,2,62.0,-18.0,26.4,27.0,28.04,27.08,19.0,0.78,14.0,0.5,0.5,0.6,25.97,26.15,27.24,26.45,18.0,1.05,14.0,0.4,0.5,0.6,16.17,16.83,17.42,16.69,14.0,0.76,12.0,0.4,0.5,0.7,75.6,79.1,81.5,78.8,14.0,7.0,12.0,0.4,0.7,6.7,8.1,9.54,8.12,18.0,1.95,14.0,0.5,0.5,0.6,-8.73,-7.35,-5.57,-7.35,18.0,1.99,14.0,0.5,0.5,0.6,-3.93,0.58,3.36,0.0,18.0,3.51,14.0,0.5,0.5,0.6,1009.79,1011.9,1013.5,1012.08,19.0,2.11,14.0,0.5,0.5,0.6,1.0,3.0,7.0,3.8,18.0,2.6,14.0,0.4,0.5,0.6,-83.6,-57.4,-39.3,-63.1,18.0,33.2,14.0,0.5,0.5,0.6,-32.6,3.9,29.0,-1.0,18.0,32.1,14.0,0.5,0.5,0.6,-0.29,0.65,1.93,0.57,18.0,1.18,14.0,0.4,0.5,0.6,-3.1,6.0,13.2,4.6,17.0,9.1,14.0,0.5,0.5,0.6,4.65,5.37,6.53,5.53,14.0,1.15,12.0,0.4,0.5,0.7,36.8,42.3,50.8,42.5,14.0,10.4,12.0,0.4,0.5,0.7,-234.1,-200.3,-151.8,-195.7,17.0,58.2,14.0,0.5,0.5,0.6,-100.8,0.0,77.1,-4.8,17.0,91.9,14.0,0.5,0.5,0.6,-134.4,-118.4,-91.8,-117.1,14.0,31.9,12.0,0.4,0.5,0.7,-76.0,0.0,44.4,-15.7,14.0,57.7,12.0,0.4,0.5,0.7,-44.3,-39.5,-36.1,-37.9,14.0,8.9,12.0,0.4,0.5,0.7,-18.1,0.0,14.3,-3.8,14.0,20.3,12.0,0.4,0.5,0.7,301.0,531.5,889.5,628.0,18.0,505.0,14.0,0.5,0.5,0.6,300.0,530.0,890.0,630.0,18.0,505.0,14.0,0.5,0.5,0.6
1974,2,62.0,-17.0,26.5,27.0,27.5,27.09,22.0,0.67,14.0,0.7,0.5,0.6,25.5,26.3,27.13,26.44,24.0,0.95,14.0,0.6,0.5,0.5,15.84,16.57,18.26,16.85,23.0,1.25,14.0,0.6,0.5,0.5,70.5,78.2,84.1,78.1,23.0,7.7,14.0,0.6,0.5,4.08,6.7,9.32,6.6,26.0,2.33,14.0,0.6,0.5,0.5,-8.66,-5.81,-3.54,-5.87,26.0,2.24,14.0,0.6,0.5,0.5,-2.31,0.0,2.18,0.27,26.0,3.12,14.0,0.6,0.5,0.5,1008.2,1011.15,1013.0,1010.96,26.0,2.5,14.0,0.6,0.5,0.5,2.0,4.5,8.0,4.5,26.0,2.4,14.0,0.6,0.5,0.5,-86.5,-37.1,-13.0,-43.4,26.0,29.9,14.0,0.6,0.5,0.5,-15.4,0.0,18.3,3.4,26.0,26.5,14.0,0.6,0.5,0.5,-0.3,0.65,1.5,0.66,20.0,0.9,14.0,0.6,0.5,0.6,-2.9,4.9,7.2,3.7,20.0,5.1,14.0,0.6,0.5,0.6,4.2,5.75,7.05,5.7,20.0,1.48,14.0,0.6,0.5,0.6,25.4,32.6,51.1,37.7,20.0,18.7,14.0,0.6,0.5,0.6,-232.1,-154.7,-90.4,-156.7,24.0,60.8,14.0,0.6,0.5,0.5,-69.0,0.0,57.2,1.4,24.0,80.3,14.0,0.6,0.5,0.5,-138.0,-96.4,-58.0,-97.8,23.0,38.4,14.0,0.6,0.5,0.5,-45.6,0.0,34.4,0.3,23.0,49.9,14.0,0.6,0.5,0.5,-45.5,-30.0,-19.9,-33.1,20.0,15.9,14.0,0.6,0.5,0.6,-14.0,0.0,16.5,2.3,20.0,20.9,14.0,0.6,0.5,0.6,68.0,301.0,809.0,394.5,26.0,385.0,14.0,0.6,0.5,0.5,70.0,300.0,810.0,395.0,26.0,385.0,14.0,0.6,0.5,0.5
1974,2,62.0,-16.0,27.75,28.5,28.77,28.27,3.0,0.78,10.0,1.0,0.2,0.5,26.66,27.0,27.0,26.83,3.0,0.29,10.0,1.0,0.2,0.5,16.36,16.49,17.7,17.01,3.0,1.08,10.0,1.0,0.2,0.5,73.5,74.1,80.9,77.1,3.0,6.0,10.0,1.0,0.5,6.36,6.7,8.82,7.57,3.0,1.95,10.0,1.0,0.2,0.5,-8.38,-6.6,-6.33,-7.34,3.0,1.63,10.0,1.0,0.2,0.5,-0.79,0.0,2.29,0.73,3.0,2.34,10.0,1.0,0.2,0.5,1008.91,1011.3,1011.44,1010.2,3.0,2.08,10.0,1.0,0.2,0.5,2.3,3.0,6.4,4.3,3.0,3.2,10.0,1.0,0.2,0.5,-75.6,-44.2,-40.3,-57.6,3.0,28.4,10.0,1.0,0.2,0.5,-5.3,0.0,22.4,8.4,3.0,21.6,10.0,1.0,0.2,0.5,0.75,1.5,2.11,1.43,3.0,1.0,10.0,1.0,0.2,0.5,6.5,14.7,14.8,10.8,3.0,7.0,10.0,1.0,0.2,0.5,6.52,6.83,7.71,7.11,3.0,0.91,10.0,1.0,0.2,0.5,42.5,42.7,67.9,54.9,3.0,21.4,10.0,1.0,0.2,0.5,-226.3,-178.2,-168.7,-197.0,3.0,45.2,10.0,1.0,0.2,0.5,-21.4,0.0,61.8,19.7,3.0,63.3,10.0,1.0,0.2,0.5,-138.3,-113.2,-110.2,-124.0,3.0,22.6,10.0,1.0,0.2,0.5,-13.1,0.0,37.3,11.8,3.0,38.3,10.0,1.0,0.2,0.5,-64.5,-42.3,-42.2,-53.1,3.0,18.8,10.0,1.0,0.2,0.5,-5.1,0.0,18.6,6.6,3.0,18.2,10.0,1.0,0.2,0.5,258.0,301.0,738.0,493.5,3.0,389.0,10.0,1.0,0.2,0.5,260.0,300.0,740.0,495.0,3.0,390.0,10.0,1.0,0.2,0.5
1974,2,62.0,-15.0,27.47,28.05,28.63,28.05,2.0,1.2,12.0,0.0,0.8,0.5,26.03,26.3,26.57,26.3,2.0,0.57,12.0,0.0,0.8,0.5,16.49,17.35,18.21,17.35,2.0,1.79,12.0,0.0,0.8,0.5,78.4,81.2,83.9,81.2,2.0,5.6,12.0,0.0,0.5,4.59,5.65,6.71,5.65,2.0,2.19,12.0,0.0,0.8,0.5,-6.46,-5.12,-3.77,-5.12,2.0,2.79,12.0,0.0,0.8,0.5,-0.63,0.69,2.02,0.69,2.0,2.75,12.0,0.0,0.8,0.5,1011.91,1012.35,1012.79,1012.35,2.0,0.92,12.0,0.0,0.8,0.5,2.3,3.0,3.7,3.0,2.0,1.4,12.0,0.0,0.8,0.5,-45.0,-32.0,-18.9,-32.0,2.0,27.0,12.0,0.0,0.8,0.5,-5.9,0.9,7.7,0.9,2.0,14.0,12.0,0.0,0.8,0.5,0.9,1.75,2.6,1.75,2.0,1.77,12.0,0.0,0.8,0.5,5.0,8.0,10.9,8.0,2.0,6.2,12.0,0.0,0.8,0.5,4.74,6.43,8.12,6.43,2.0,3.5,12.0,0.0,0.8,0.5,29.7,32.5,35.2,32.5,2.0,5.7,12.0,0.0,0.8,0.5,-172.2,-135.3,-98.5,-135.3,2.0,76.3,12.0,0.0,0.8,0.5,-17.3,17.4,52.1,17.4,2.0,71.9,12.0,0.0,0.8,0.5,-119.0,-91.2,-63.4,-91.2,2.0,57.6,12.0,0.0,0.8,0.5,-12.8,9.6,32.0,9.6,2.0,46.4,12.0,0.0,0.8,0.5,-28.0,-28.0,-28.0,-28.0,2.0,0.0,12.0,0.0,0.8,0.5,-0.4,9.3,19.0,9.3,2.0,20.1,12.0,0.0,0.8,0.5,117.0,221.0,325.0,221.0,2.0,215.0,12.0,0.0,0.8,0.5,115.0,220.0,325.0,220.0,2.0,215.0,12.0,0.0,0.8,0.5
1974,2,62.0,-14.0,27.26,27.4,27.4,27.33,3.0,0.12,10.0,0.0,0.8,0.6,26.6,26.6,26.74,26.67,3.0,0.12,10.0,0.0,0.8,0.6,18.2,18.44,18.65,18.43,3.0,0.33,10.0,0.0,0.8,0.6,83.6,84.6,85.0,84.3,3.0,1.1,10.0,0.0,0.6,6.0,6.0,6.68,6.33,3.0,0.58,10.0,0.0,0.8,0.6,-6.58,-5.91,-5.91,-6.24,3.0,0.57,10.0,0.0,0.8,0.6,-1.16,-1.04,-1.04,-1.1,3.0,0.1,10.0,0.0,0.8,0.6,1010.36,1010.7,1011.25,1010.8,3.0,0.66,10.0,0.0,0.8,0.6,2.3,3.0,3.0,2.7,3.0,0.6,10.0,0.0,0.8,0.6,-44.2,-35.5,-35.5,-39.7,3.0,7.4,10.0,0.0,0.8,0.6,-7.8,-6.3,-6.3,-7.0,3.0,1.3,10.0,0.0,0.8,0.6,0.53,0.8,0.8,0.67,3.0,0.23,10.0,0.0,0.8,0.6,3.4,4.8,4.8,4.1,3.0,1.2,10.0,0.0,0.8,0.6,4.04,4.46,4.69,4.37,3.0,0.48,10.0,0.0,0.8,0.6,26.8,26.9,28.2,27.5,3.0,1.1,10.0,0.0,0.8,0.6,-176.0,-157.2,-157.2,-166.4,3.0,15.9,10.0,0.0,0.8,0.6,-31.0,-27.7,-27.7,-29.3,3.0,2.8,10.0,0.0,0.8,0.6,-122.8,-109.0,-107.6,-115.1,3.0,12.4,10.0,0.0,0.8,0.6,-21.7,-19.2,-19.0,-20.3,3.0,2.2,10.0,0.0,0.8,0.6,-27.7,-26.5,-26.4,-27.1,3.0,1.1,10.0,0.0,0.8,0.6,-4.9,-4.7,-4.7,-4.8,3.0,0.2,10.0,0.0,0.8,0.6,216.0,216.0,302.5,258.5,3.0,73.5,10.0,0.0,0.8,0.6,215.0,215.0,305.0,260.0,3.0,75.0,10.0,0.0,0.8,0.6
1974,2,62.0,-13.0,27.59,27.8,28.05,27.91,7.0,0.53,16.0,1.0,0.7,0.6,27.12,27.5,27.76,27.45,6.0,0.42,14.0,1.0,0.7,0.5,16.5,17.7,18.06,17.45,6.0,0.83,14.0,1.0,0.7,0.5,72.4,76.7,79.4,76.3,6.0,5.0,14.0,1.0,0.5,2.67,4.0,4.89,3.78,6.0,1.67,14.0,1.0,0.8,0.6,-4.81,-3.46,-2.26,-3.45,6.0,1.77,14.0,1.0,0.8,0.6,-2.0,-0.9,0.95,-0.58,6.0,1.46,14.0,1.0,0.8,0.6,1006.95,1010.2,1011.8,1009.6,7.0,2.34,16.0,1.0,0.7,0.6,2.0,2.0,3.0,2.3,7.0,0.5,16.0,1.0,0.7,0.6,-23.9,-13.9,-6.7,-15.5,6.0,11.9,14.0,1.0,0.8,0.6,-8.0,-3.5,3.9,-2.4,6.0,5.8,14.0,1.0,0.8,0.6,0.0,0.25,0.6,0.28,6.0,0.27,14.0,1.0,0.7,0.5,0.2,0.8,3.1,1.5,5.0,1.6,12.0,1.0,0.8,0.5,5.02,5.72,7.05,5.91,6.0,1.14,14.0,1.0,0.7,0.5,15.4,21.1,28.7,21.3,5.0,9.7,12.0,1.0,0.8,0.5,-136.1,-95.6,-66.8,-98.0,5.0,51.8,12.0,1.0,0.8,0.5,-54.9,-27.9,-5.5,-27.5,5.0,31.5,12.0,1.0,0.8,0.5,-87.3,-62.2,-43.4,-63.8,5.0,35.1,12.0,1.0,0.8,0.5,-35.8,-19.2,-3.7,-18.2,5.0,20.2,12.0,1.0,0.8,0.5,-28.2,-18.3,-12.8,-19.6,5.0,10.4,12.0,1.0,0.8,0.5,-10.4,-4.7,-0.9,-4.9,5.0,6.5,12.0,1.0,0.8,0.5,24.0,64.0,122.0,78.5,6.0,75.0,14.0,1.0,0.8,0.6,25.0,65.0,120.0,80.0,6.0,75.0,14.0,1.0,0.8,0.6
1974,2,62.0,-12.0,28.08,28.3,28.89,28.32,9.0,0.82,12.0,0.8,0.6,0.5,26.03,28.0,28.2,27.33,9.0,1.28,12.0,0.8,0.6,0.5,17.57,18.31,19.59,18.56,8.0,1.16,12.0,0.8,0.6,0.5,75.3,80.1,92.2,82.4,8.0,8.0,12.0,0.8,0.5,0.63,2.6,5.76,3.11,9.0,2.54,12.0,0.8,0.6,0.5,-2.03,0.94,5.37,1.47,9.0,3.6,12.0,0.8,0.6,0.5,-0.06,0.34,1.18,0.58,9.0,1.25,12.0,0.8,0.6,0.5,1009.44,1010.6,1011.72,1010.62,9.0,1.02,12.0,0.8,0.6,0.5,3.0,6.0,6.7,5.0,9.0,1.7,12.0,0.8,0.6,0.5,-5.0,0.9,31.3,10.2,9.0,21.0,12.0,0.8,0.6,0.5,0.0,0.3,5.8,2.2,9.0,6.9,12.0,0.8,0.6,0.5,0.23,0.4,2.22,0.99,9.0,1.13,12.0,0.8,0.6,0.5,0.2,1.1,10.0,4.5,9.0,6.3,12.0,0.8,0.6,0.5,4.58,5.85,6.55,5.7,8.0,0.89,12.0,0.8,0.6,0.5,7.3,17.9,31.7,18.7,8.0,11.5,12.0,0.8,0.6,0.5,-55.1,26.5,136.6,37.4,9.0,94.8,12.0,0.8,0.6,0.5,-1.8,9.6,32.3,15.5,9.0,32.6,12.0,0.8,0.6,0.5,-48.9,25.1,106.7,29.1,8.0,69.6,12.0,0.8,0.6,0.5,-1.5,9.1,21.8,12.2,8.0,24.1,12.0,0.8,0.6,0.5,-10.7,9.3,30.5,8.5,8.0,19.6,12.0,0.8,0.6,0.5,-0.5,3.4,7.5,4.0,8.0,7.0,12.0,0.8,0.6,0.5,0.5,17.5,193.5,88.5,9.0,130.5,12.0,0.8,0.6,0.5,0.0,20.0,195.0,90.0,9.0,130.0,12.0,0.8,0.6,0.5
1974,2,62.0,-11.0,28.3,28.4,28.44,28.38,5.0,0.08,10.0,0.8,0.8,0.6,24.89,26.5,26.75,25.96,5.0,1.04,10.0,0.8,0.8,0.6,17.57,18.33,18.89,18.19,5.0,0.86,10.0,0.8,0.8,0.6,82.6,87.2,92.1,86.9,5.0,7.1,10.0,0.8,0.6,6.0,6.0,7.0,6.4,5.0,0.55,10.0,0.8,0.8,0.6,2.78,3.86,4.41,3.69,5.0,1.12,10.0,0.8,0.8,0.6,4.56,4.6,5.7,5.09,5.0,0.87,10.0,0.8,0.8,0.6,1009.69,1009.9,1010.46,1010.06,5.0,0.53,10.0,0.8,0.8,0.6,6.0,7.0,7.0,6.6,5.0,0.5,10.0,0.8,0.8,0.6,17.5,23.1,28.4,23.7,5.0,8.3,10.0,0.8,0.8,0.6,27.6,31.2,36.8,32.8,5.0,7.7,10.0,0.8,0.8,0.6,1.69,1.9,3.41,2.42,5.0,0.96,10.0,0.8,0.8,0.6,10.1,11.4,23.9,15.9,5.0,7.6,10.0,0.8,0.8,0.6,5.41,5.83,6.69,6.08,5.0,0.91,10.0,0.8,0.8,0.6,32.4,40.8,44.1,38.9,5.0,6.2,10.0,0.8,0.8,0.6,72.5,102.2,114.5,95.7,5.0,27.4,10.0,0.8,0.8,0.6,117.9,124.1,147.8,131.9,5.0,20.6,10.0,0.8,0.8,0.6,51.7,64.8,82.2,67.2,5.0,20.6,10.0,0.8,0.8,0.6,80.6,86.9,105.6,92.6,5.0,16.4,10.0,0.8,0.8,0.6,15.7,20.9,30.1,22.5,5.0,7.5,10.0,0.8,0.8,0.6,25.7,28.1,37.0,30.9,5.0,6.6,10.0,0.8,0.8,0.6,216.0,216.0,343.0,267.0,5.0,69.5,10.0,0.8,0.8,0.6,215.0,215.0,345.0,265.0,5.0,70.0,10.0,0.8,0.8,0.6
1974,2,62.0,-10.0,28.3,28.3,28.3,28.3,2.0,0.0,10.0,0.0,0.8,0.6,27.4,27.4,27.4,27.4,2.0,0.0,10.0,0.0,0.8,0.6,16.33,16.44,16.54,16.44,2.0,0.22,10.0,0.0,0.8,0.6,71.7,72.2,72.6,72.2,2.0,0.9,10.0,0.0,0.6,6.0,6.0,6.0,6.0,2.0,0.0,10.0,0.0,0.8,0.6,3.86,3.86,3.86,3.86,2.0,0.0,10.0,0.0,0.8,0.6,4.6,4.6,4.6,4.6,2.0,0.0,10.0,0.0,0.8,0.6,1011.82,1011.85,1011.88,1011.85,2.0,0.07,10.0,0.0,0.8,0.6,6.0,6.0,6.0,6.0,2.0,0.0,10.0,0.0,0.8,0.6,23.1,23.1,23.1,23.1,2.0,0.0,10.0,0.0,0.8,0.6,27.6,27.6,27.6,27.6,2.0,0.0,10.0,0.0,0.8,0.6,0.9,0.9,0.9,0.9,2.0,0.0,10.0,0.0,0.8,0.6,5.4,5.4,5.4,5.4,2.0,0.0,10.0,0.0,0.8,0.6,7.58,7.68,7.78,7.68,2.0,0.21,10.0,0.0,0.8,0.6,45.5,46.1,46.7,46.1,2.0,1.3,10.0,0.0,0.8,0.6,105.7,105.7,105.7,105.7,2.0,0.0,10.0,0.0,0.8,0.6,125.9,125.9,125.9,125.9,2.0,0.0,10.0,0.0,0.8,0.6,63.0,63.4,63.8,63.4,2.0,0.8,10.0,0.0,0.8,0.6,75.1,75.5,76.0,75.5,2.0,1.0,10.0,0.0,0.8,0.6,29.2,29.6,30.0,29.6,2.0,0.8,10.0,0.0,0.8,0.6,34.8,35.3,35.8,35.3,2.0,1.0,10.0,0.0,0.8,0.6,216.0,216.0,216.0,216.0,2.0,0.0,10.0,0.0,0.8,0.6,215.0,215.0,215.0,215.0,2.0,0.0,10.0,0.0,0.8,0.6
1974,2,62.0,-9.0,27.56,28.05,28.3,27.95,6.0,0.4,10.0,0.0,0.5,0.5,27.16,27.5,27.6,27.4,6.0,0.25,10.0,0.0,0.5,0.5,17.22,17.49,17.66,17.37,6.0,0.45,10.0,0.0,0.5,0.5,74.7,76.3,78.5,76.2,6.0,2.7,10.0,0.0,0.5,2.0,2.5,3.02,2.52,6.0,0.57,10.0,0.0,0.5,0.5,1.0,1.61,1.94,1.52,6.0,0.48,10.0,0.0,0.5,0.5,1.69,2.02,2.31,1.99,6.0,0.37,10.0,0.0,0.5,0.5,1009.89,1011.75,1012.28,1011.25,6.0,1.38,10.0,0.0,0.5,0.5,4.4,6.0,7.0,5.5,6.0,1.9,10.0,0.0,0.5,0.5,2.0,4.2,5.9,4.1,6.0,2.1,10.0,0.0,0.5,0.5,3.4,5.2,7.0,5.2,6.0,2.0,10.0,0.0,0.5,0.5,0.48,0.65,0.7,0.55,6.0,0.27,10.0,0.0,0.5,0.5,1.0,1.7,2.1,1.5,6.0,0.8,10.0,0.0,0.5,0.5,5.48,6.23,6.88,6.27,6.0,0.88,10.0,0.0,0.5,0.5,11.0,15.8,20.8,16.2,6.0,5.7,10.0,0.0,0.5,0.5,27.4,44.0,53.6,41.8,6.0,13.5,10.0,0.0,0.5,0.5,45.9,55.4,63.9,54.7,6.0,10.6,10.0,0.0,0.5,0.5,17.6,27.8,33.6,26.3,6.0,7.9,10.0,0.0,0.5,0.5,29.7,34.9,40.0,34.5,6.0,5.8,10.0,0.0,0.5,0.5,5.7,10.0,13.4,9.9,6.0,4.3,10.0,0.0,0.5,0.5,9.1,12.7,15.9,12.8,6.0,4.0,10.0,0.0,0.5,0.5,8.0,17.5,27.5,18.0,6.0,11.0,10.0,0.0,0.5,0.5,10.0,20.0,30.0,20.0,6.0,10.0,10.0,0.0,0.5,0.5
1974,2,62.0,-8.0,27.3,27.3,27.37,27.33,3.0,0.06,12.0,0.3,0.0,0.4,25.53,25.8,26.14,25.83,3.0,0.45,12.0,0.3,0.0,0.4,17.49,17.58,17.95,17.72,3.0,0.36,12.0,0.3,0.0,0.4,82.5,84.5,87.7,85.1,3.0,3.9,12.0,0.3,0.4,2.03,2.1,2.71,2.37,3.0,0.55,12.0,0.3,0.0,0.4,1.11,1.29,1.33,1.22,3.0,0.17,12.0,0.3,0.0,0.4,1.56,1.61,2.43,1.99,3.0,0.72,12.0,0.3,0.0,0.4,1009.16,1009.3,1009.98,1009.57,3.0,0.64,12.0,0.3,0.0,0.4,4.0,4.0,5.4,4.7,3.0,1.2,12.0,0.3,0.0,0.4,2.7,2.8,3.0,2.8,3.0,0.3,12.0,0.3,0.0,0.4,3.2,3.4,6.8,5.0,3.0,3.0,12.0,0.3,0.0,0.4,1.23,1.5,1.77,1.5,3.0,0.4,12.0,0.3,0.0,0.4,3.2,3.3,3.6,3.4,3.0,0.3,12.0,0.3,0.0,0.4,4.84,5.21,5.37,5.11,3.0,0.4,12.0,0.3,0.0,0.4,9.8,10.9,14.6,12.2,3.0,3.7,12.0,0.3,0.0,0.4,28.8,32.7,34.1,31.5,3.0,4.0,12.0,0.3,0.0,0.4,39.7,41.5,63.8,51.5,3.0,19.6,12.0,0.3,0.0,0.4,19.6,23.3,23.6,21.6,3.0,3.2,12.0,0.3,0.0,0.4,27.9,28.3,42.6,35.1,3.0,12.2,12.0,0.3,0.0,0.4,5.7,6.0,6.7,6.2,3.0,0.7,12.0,0.3,0.0,0.4,7.5,8.4,13.1,10.3,3.0,4.4,12.0,0.3,0.0,0.4,8.5,9.5,21.5,15.0,3.0,10.5,12.0,0.3,0.0,0.4,10.0,10.0,20.0,15.0,3.0,10.0,12.0,0.3,0.0,0.4
1974,2,62.0,-7.0,28.3,28.3,28.3,28.3,1.0,0.0,18.0,1.0,0.3,0.1,28.0,28.0,28.0,28.0,1.0,0.0,18.0,1.0,0.3,0.1,17.16,17.16,17.16,17.16,1.0,0.0,18.0,1.0,0.3,0.1,72.5,72.5,72.5,72.5,1.0,0.0,18.0,1.0,0.1,2.1,2.1,2.1,2.1,1.0,0.0,18.0,1.0,0.3,0.1,1.82,1.82,1.82,1.82,1.0,0.0,18.0,1.0,0.3,0.1,-1.05,-1.05,-1.05,-1.05,1.0,0.0,18.0,1.0,0.3,0.1,1008.7,1008.7,1008.7,1008.7,1.0,0.0,18.0,1.0,0.3,0.1,3.0,3.0,3.0,3.0,1.0,0.0,18.0,1.0,0.3,0.1,3.8,3.8,3.8,3.8,1.0,0.0,18.0,1.0,0.3,0.1,-2.2,-2.2,-2.2,-2.2,1.0,0.0,18.0,1.0,0.3,0.1,0.3,0.3,0.3,0.3,1.0,0.0,18.0,1.0,0.3,0.1,0.6,0.6,0.6,0.6,1.0,0.0,18.0,1.0,0.3,0.1,7.03,7.03,7.03,7.03,1.0,0.0,18.0,1.0,0.3,0.1,14.8,14.8,14.8,14.8,1.0,0.0,18.0,1.0,0.3,0.1,50.9,50.9,50.9,50.9,1.0,0.0,18.0,1.0,0.3,0.1,-29.4,-29.4,-29.4,-29.4,1.0,0.0,18.0,1.0,0.3,0.1,31.2,31.2,31.2,31.2,1.0,0.0,18.0,1.0,0.3,0.1,-18.0,-18.0,-18.0,-18.0,1.0,0.0,18.0,1.0,0.3,0.1,12.8,12.8,12.8,12.8,1.0,0.0,18.0,1.0,0.3,0.1,-7.4,-7.4,-7.4,-7.4,1.0,0.0,18.0,1.0,0.3,0.1,9.5,9.5,9.5,9.5,1.0,0.0,18.0,1.0,0.3,0.1,10.0,10.0,10.0,10.0,1.0,0.0,18.0,1.0,0.3,0.1
1974,2,62.0,-4.0,27.83,27.9,27.97,27.9,2.0,0.14,14.0,0.5,0.6,0.9,27.63,28.35,29.07,28.35,2.0,1.48,14.0,0.5,0.6,0.9,16.39,16.76,17.13,16.76,2.0,0.77,14.0,0.5,0.6,0.9,67.9,69.4,70.8,69.4,2.0,3.0,14.0,0.5,0.9,4.85,5.4,5.95,5.4,2.0,1.13,14.0,0.5,0.6,0.9,0.0,0.0,0.0,0.0,2.0,0.0,14.0,0.5,0.6,0.9,-5.95,-5.4,-4.85,-5.4,2.0,1.13,14.0,0.5,0.6,0.9,1006.97,1008.2,1009.43,1008.2,2.0,2.55,14.0,0.5,0.6,0.9,3.0,5.0,7.0,5.0,2.0,4.2,14.0,0.5,0.6,0.9,0.0,0.0,0.0,0.0,2.0,0.0,14.0,0.5,0.6,0.9,-35.7,-29.8,-23.9,-29.8,2.0,12.2,14.0,0.5,0.6,0.9,-1.23,-0.45,0.33,-0.45,2.0,1.63,14.0,0.5,0.6,0.9,-7.8,-3.3,1.1,-3.3,2.0,9.3,14.0,0.5,0.6,0.9,6.44,6.88,7.32,6.88,2.0,0.91,14.0,0.5,0.6,0.9,35.2,36.6,38.0,36.6,2.0,2.9,14.0,0.5,0.6,0.9,0.0,0.0,0.0,0.0,2.0,0.0,14.0,0.5,0.6,0.9,-173.3,-153.9,-134.6,-153.9,2.0,40.1,14.0,0.5,0.6,0.9,0.0,0.0,0.0,0.0,2.0,0.0,14.0,0.5,0.6,0.9,-102.1,-90.9,-79.8,-90.9,2.0,23.1,14.0,0.5,0.6,0.9,0.0,0.0,0.0,0.0,2.0,0.0,14.0,0.5,0.6,0.9,-38.0,-36.6,-35.2,-36.6,2.0,2.9,14.0,0.5,0.6,0.9,119.5,168.0,216.0,168.0,2.0,99.5,14.0,0.5,0.6,0.9,120.0,170.0,215.0,170.0,2.0,100.0,14.0,0.5,0.6,0.9
1974,2,62.0,-3.0,28.23,28.5,28.77,28.5,2.0,0.57,14.0,0.5,0.5,0.4,25.87,26.25,26.63,26.25,2.0,0.78,14.0,0.5,0.5,0.4,17.19,17.95,18.72,17.95,2.0,1.58,14.0,0.5,0.5,0.4,78.9,84.5,90.0,84.5,2.0,11.4,14.0,0.5,0.4,3.1,3.1,3.1,3.1,2.0,0.0,10.0,0.5,0.8,0.3,0.25,0.78,1.3,0.78,2.0,1.1,10.0,0.5,0.8,0.3,-2.18,-0.21,1.77,-0.21,2.0,4.09,10.0,0.5,0.8,0.3,1009.8,1011.1,1012.4,1011.1,2.0,2.69,14.0,0.5,0.5,0.4,5.2,5.5,5.8,5.5,2.0,0.7,14.0,0.5,0.5,0.4,0.8,2.4,4.0,2.4,2.0,3.4,10.0,0.5,0.8,0.3,-6.8,-0.6,5.5,-0.6,2.0,12.7,10.0,0.5,0.8,0.3,2.15,2.25,2.35,2.25,2.0,0.21,14.0,0.5,0.5,0.4,6.5,6.5,6.5,6.5,1.0,0.0,18.0,1.0,0.7,0.3,5.29,6.47,7.66,6.47,2.0,2.46,14.0,0.5,0.5,0.4,25.5,25.5,25.5,25.5,1.0,0.0,18.0,1.0,0.7,0.3,41.5,41.5,41.5,41.5,1.0,0.0,18.0,1.0,0.7,0.3,71.9,71.9,71.9,71.9,1.0,0.0,18.0,1.0,0.7,0.3,26.1,26.1,26.1,26.1,1.0,0.0,18.0,1.0,0.7,0.3,45.2,45.2,45.2,45.2,1.0,0.0,18.0,1.0,0.7,0.3,12.7,12.7,12.7,12.7,1.0,0.0,18.0,1.0,0.7,0.3,22.0,22.0,22.0,22.0,1.0,0.0,18.0,1.0,0.7,0.3,30.0,30.0,30.0,30.0,2.0,0.0,10.0,0.5,0.8,0.3,30.0,30.0,30.0,30.0,2.0,0.0,10.0,0.5,0.8,0.3
1974,2,62.0,-1.0,28.03,28.1,28.17,28.1,2.0,0.14,16.0,0.0,0.1,0.8,26.5,26.7,26.9,26.7,2.0,0.42,16.0,0.0,0.1,0.8,17.17,17.92,18.66,17.92,2.0,1.54,16.0,0.0,0.1,0.8,79.3,81.7,84.1,81.7,2.0,4.9,16.0,0.0,0.8,6.2,6.2,6.2,6.2,1.0,0.0,14.0,0.0,0.2,0.7,-3.1,-3.1,-3.1,-3.1,1.0,0.0,14.0,0.0,0.2,0.7,-5.37,-5.37,-5.37,-5.37,1.0,0.0,14.0,0.0,0.2,0.7,1010.03,1010.1,1010.17,1010.1,2.0,0.14,16.0,0.0,0.1,0.8,2.2,2.5,2.8,2.5,2.0,0.7,16.0,0.0,0.1,0.8,-19.2,-19.2,-19.2,-19.2,1.0,0.0,14.0,0.0,0.2,0.7,-33.3,-33.3,-33.3,-33.3,1.0,0.0,14.0,0.0,0.2,0.7,1.13,1.4,1.67,1.4,2.0,0.57,16.0,0.0,0.1,0.8,6.2,6.2,6.2,6.2,1.0,0.0,14.0,0.0,0.2,0.7,5.11,5.96,6.8,5.96,2.0,1.75,16.0,0.0,0.1,0.8,29.3,29.3,29.3,29.3,1.0,0.0,14.0,0.0,0.2,0.7,-83.7,-83.7,-83.7,-83.7,1.0,0.0,14.0,0.0,0.2,0.7,-145.0,-145.0,-145.0,-145.0,1.0,0.0,14.0,0.0,0.2,0.7,-58.9,-58.9,-58.9,-58.9,1.0,0.0,14.0,0.0,0.2,0.7,-102.1,-102.1,-102.1,-102.1,1.0,0.0,14.0,0.0,0.2,0.7,-14.6,-14.6,-14.6,-14.6,1.0,0.0,14.0,0.0,0.2,0.7,-25.4,-25.4,-25.4,-25.4,1.0,0.0,14.0,0.0,0.2,0.7,238.5,238.5,238.5,238.5,1.0,0.0,14.0,0.0,0.2,0.7,240.0,240.0,240.0,240.0,1.0,0.0,14.0,0.0,0.2,0.7
1974,2,62.0,1.0,27.4,27.4,27.4,27.4,1.0,0.0,28.0,0.0,0.5,0.9,27.0,27.0,27.0,27.0,1.0,0.0,28.0,0.0,0.5,0.9,17.43,17.43,17.43,17.43,1.0,0.0,28.0,0.0,0.5,0.9,78.3,78.3,78.3,78.3,1.0,0.0,28.0,0.0,0.9,4.1,4.1,4.1,4.1,1.0,0.0,28.0,0.0,0.5,0.9,2.05,2.05,2.05,2.05,1.0,0.0,28.0,0.0,0.5,0.9,-3.55,-3.55,-3.55,-3.55,1.0,0.0,28.0,0.0,0.5,0.9,1011.4,1011.4,1011.4,1011.4,1.0,0.0,28.0,0.0,0.5,0.9,1.0,1.0,1.0,1.0,1.0,0.0,28.0,0.0,0.5,0.9,8.4,8.4,8.4,8.4,1.0,0.0,28.0,0.0,0.5,0.9,-14.6,-14.6,-14.6,-14.6,1.0,0.0,28.0,0.0,0.5,0.9,0.4,0.4,0.4,0.4,1.0,0.0,28.0,0.0,0.5,0.9,1.6,1.6,1.6,1.6,1.0,0.0,28.0,0.0,0.5,0.9,5.44,5.44,5.44,5.44,1.0,0.0,28.0,0.0,0.5,0.9,22.3,22.3,22.3,22.3,1.0,0.0,28.0,0.0,0.5,0.9,55.4,55.4,55.4,55.4,1.0,0.0,28.0,0.0,0.5,0.9,-95.9,-95.9,-95.9,-95.9,1.0,0.0,28.0,0.0,0.5,0.9,35.7,35.7,35.7,35.7,1.0,0.0,28.0,0.0,0.5,0.9,-61.9,-61.9,-61.9,-61.9,1.0,0.0,28.0,0.0,0.5,0.9,11.2,11.2,11.2,11.2,1.0,0.0,28.0,0.0,0.5,0.9,-19.3,-19.3,-19.3,-19.3,1.0,0.0,28.0,0.0,0.5,0.9,69.0,69.0,69.0,69.0,1.0,0.0,28.0,0.0,0.5,0.9,70.0,70.0,70.0,70.0,1.0,0.0,28.0,0.0,0.5,0.9
1974,2,62.0,2.0,27.5,27.7,27.9,27.7,2.0,0.42,16.0,1.0,0.4,0.3,26.57,28.0,28.34,27.47,3.0,1.38,12.0,0.7,0.4,0.2,18.02,18.11,18.2,18.11,2.0,0.19,16.0,1.0,0.4,0.3,76.0,80.5,85.1,80.5,2.0,9.4,16.0,1.0,0.3,1.85,2.6,4.24,3.03,3.0,1.79,12.0,0.7,0.4,0.2,-1.58,-1.3,-0.41,-1.0,3.0,0.89,12.0,0.7,0.4,0.2,-3.68,-1.5,1.06,-1.32,3.0,3.48,12.0,0.7,0.4,0.2,1009.0,1010.3,1010.91,1009.97,3.0,1.43,12.0,0.7,0.4,0.2,6.6,8.0,8.0,7.3,3.0,1.2,12.0,0.7,0.4,0.2,-6.9,-3.4,-1.1,-4.0,3.0,4.3,12.0,0.7,0.4,0.2,-16.7,-2.2,3.3,-6.6,3.0,15.2,12.0,0.7,0.4,0.2,-0.18,0.5,1.18,0.5,2.0,1.41,16.0,1.0,0.4,0.3,0.0,1.6,3.2,1.6,2.0,3.3,16.0,1.0,0.4,0.3,4.86,5.21,5.57,5.21,2.0,0.73,16.0,1.0,0.4,0.3,9.2,10.4,11.6,10.4,2.0,2.6,16.0,1.0,0.4,0.3,-43.4,-33.7,-10.7,-27.2,3.0,24.6,12.0,0.7,0.4,0.2,-103.4,-42.7,26.2,-38.7,3.0,95.0,12.0,0.7,0.4,0.2,-20.0,-11.9,-3.8,-11.9,2.0,16.8,16.0,1.0,0.4,0.3,-16.2,7.1,30.3,7.1,2.0,48.1,16.0,1.0,0.4,0.3,-5.1,-3.1,-1.0,-3.1,2.0,4.3,16.0,1.0,0.4,0.3,-5.6,1.0,7.5,1.0,2.0,13.5,16.0,1.0,0.4,0.3,8.0,17.5,91.0,48.5,3.0,66.5,12.0,0.7,0.4,0.2,10.0,20.0,90.0,50.0,3.0,65.0,12.0,0.7,0.4,0.2
1974,2,62.0,3.0,,,,,,,,,,,,,,,,,,,,,,,,,,,,,,,,,,,,,,,,6.16,6.5,6.84,6.5,2.0,0.71,6.0,1.0,0.8,0.5,-5.24,-4.98,-4.72,-4.98,2.0,0.54,6.0,1.0,0.8,0.5,-4.4,-4.18,-3.96,-4.18,2.0,0.45,6.0,1.0,0.8,0.5,1013.26,1013.6,1013.94,1013.6,2.0,0.71,6.0,1.0,0.8,0.5,,,,,,,,,,,,,,,,,,,,,,,,,,,,,,,,,,,,,,,,,,,,,,,,,,,,,,,,,,,,,,,,,,,,,,,,,,,,,,,,,,,,,,,,,,,,,,,,,,,,,,,,,,,,,,,,,,,,,,,,,,,,,,,,,,,,,,,,,,,,,,,,,,,,,,
1974,2,62.0,4.0,27.6,27.6,27.6,27.6,2.0,0.0,24.0,0.0,0.8,0.7,26.72,26.75,26.78,26.75,2.0,0.07,24.0,0.0,0.8,0.7,16.65,16.72,16.79,16.72,2.0,0.14,24.0,0.0,0.8,0.7,75.7,76.1,76.6,76.1,2.0,1.0,24.0,0.0,0.7,6.16,6.5,6.84,6.5,2.0,0.71,24.0,0.0,0.8,0.7,-2.34,-2.22,-2.11,-2.22,2.0,0.24,24.0,0.0,0.8,0.7,-6.43,-6.11,-5.79,-6.11,2.0,0.66,24.0,0.0,0.8,0.7,1009.93,1010.0,1010.07,1010.0,2.0,0.14,24.0,0.0,0.8,0.7,3.3,4.0,4.7,4.0,2.0,1.4,24.0,0.0,0.8,0.7,-16.1,-14.5,-13.0,-14.5,2.0,3.1,24.0,0.0,0.8,0.7,-44.1,-39.9,-35.8,-39.9,2.0,8.6,24.0,0.0,0.8,0.7,0.82,0.85,0.88,0.85,2.0,0.07,24.0,0.0,0.8,0.7,5.0,5.6,6.1,5.6,2.0,1.1,24.0,0.0,0.8,0.7,6.39,6.46,6.53,6.46,2.0,0.15,24.0,0.0,0.8,0.7,40.2,41.9,43.7,41.9,2.0,3.6,24.0,0.0,0.8,0.7,-62.5,-59.5,-56.4,-59.5,2.0,6.3,24.0,0.0,0.8,0.7,-171.7,-163.4,-155.0,-163.4,2.0,17.3,24.0,0.0,0.8,0.7,-39.3,-37.2,-35.1,-37.2,2.0,4.4,24.0,0.0,0.8,0.7,-108.0,-102.2,-96.4,-102.2,2.0,12.0,24.0,0.0,0.8,0.7,-14.9,-14.3,-13.7,-14.3,2.0,1.2,24.0,0.0,0.8,0.7,-41.0,-39.4,-37.8,-39.4,2.0,3.4,24.0,0.0,0.8,0.7,236.0,279.5,323.0,279.5,2.0,90.0,24.0,0.0,0.8,0.7,235.0,280.0,325.0,280.0,2.0,90.0,24.0,0.0,0.8,0.7
1974,2,62.0,5.0,27.6,27.6,27.6,27.6,3.0,0.0,24.0,0.0,0.3,0.1,25.86,26.0,26.34,26.1,3.0,0.36,24.0,0.0,0.3,0.1,16.91,16.92,17.05,16.97,3.0,0.11,24.0,0.0,0.3,0.1,79.0,80.6,81.9,80.4,3.0,2.2,24.0,0.0,0.1,7.32,8.0,8.0,7.67,3.0,0.58,24.0,0.0,0.3,0.1,-3.26,-2.74,-2.74,-2.99,3.0,0.44,24.0,0.0,0.3,0.1,-7.52,-7.52,-6.52,-7.03,3.0,0.84,24.0,0.0,0.3,0.1,1010.89,1011.5,1011.77,1011.33,3.0,0.67,24.0,0.0,0.3,0.1,2.6,4.0,5.4,4.0,3.0,2.0,24.0,0.0,0.3,0.1,-23.7,-21.9,-21.9,-22.8,3.0,1.5,24.0,0.0,0.3,0.1,-60.1,-60.1,-48.1,-54.2,3.0,10.2,24.0,0.0,0.3,0.1,1.26,1.6,1.74,1.5,3.0,0.36,24.0,0.0,0.3,0.1,10.0,12.6,12.7,11.4,3.0,2.3,24.0,0.0,0.3,0.1,6.1,6.24,6.24,6.17,3.0,0.12,24.0,0.0,0.3,0.1,44.7,49.9,50.0,47.4,3.0,4.5,24.0,0.0,0.3,0.1,-84.7,-72.5,-71.6,-78.0,3.0,10.7,24.0,0.0,0.3,0.1,-198.0,-195.5,-168.8,-183.7,3.0,23.7,24.0,0.0,0.3,0.1,-55.6,-46.3,-46.3,-50.8,3.0,7.9,24.0,0.0,0.3,0.1,-127.1,-127.1,-111.1,-119.3,3.0,13.5,24.0,0.0,0.3,0.1,-19.8,-17.1,-17.1,-18.4,3.0,2.3,24.0,0.0,0.3,0.1,-46.9,-46.9,-39.8,-43.5,3.0,6.0,24.0,0.0,0.3,0.1,396.5,512.0,512.0,455.5,3.0,97.5,24.0,0.0,0.3,0.1,395.0,510.0,510.0,455.0,3.0,100.0,24.0,0.0,0.3,0.1
1974,2,62.0,6.0,,,,,,,,,,,,,,,,,,,,,,,,,,,,,,,,,,,,,,,,5.0,5.0,5.68,5.33,3.0,0.58,18.0,0.0,0.4,0.4,-3.85,-3.83,-1.81,-2.85,3.0,1.72,18.0,0.0,0.4,0.4,-4.82,-4.6,-3.65,-4.24,3.0,0.91,18.0,0.0,0.4,0.4,1011.83,1011.9,1012.45,1012.13,3.0,0.49,18.0,0.0,0.4,0.4,,,,,,,,,,,,,,,,,,,,,,,,,,,,,,,,,,,,,,,,,,,,,,,,,,,,,,,,,,,,,,,,,,,,,,,,,,,,,,,,,,,,,,,,,,,,,,,,,,,,,,,,,,,,,,,,,,,,,,,,,,,,,,,,,,,,,,,,,,,,,,,,,,,,,,
1974,2,62.0,7.0,,,,,,,,,,,,,,,,,,,,,,,,,,,,,,,,,,,,,,,,4.1,4.1,4.1,4.1,1.0,0.0,28.0,1.0,0.4,0.9,-2.64,-2.64,-2.64,-2.64,1.0,0.0,28.0,1.0,0.4,0.9,-3.14,-3.14,-3.14,-3.14,1.0,0.0,28.0,1.0,0.4,0.9,1008.2,1008.2,1008.2,1008.2,1.0,0.0,28.0,1.0,0.4,0.9,,,,,,,,,,,,,,,,,,,,,,,,,,,,,,,,,,,,,,,,,,,,,,,,,,,,,,,,,,,,,,,,,,,,,,,,,,,,,,,,,,,,,,,,,,,,,,,,,,,,,,,,,,,,,,,,,,,,,,,,,,,,,,,,,,,,,,,,,,,,,,,,,,,,,,
1974,2,62.0,8.0,27.0,27.0,27.0,27.0,1.0,0.0,12.0,0.0,0.5,0.2,26.53,26.6,26.67,26.6,2.0,0.14,18.0,0.5,0.5,0.1,15.55,15.55,15.55,15.55,1.0,0.0,22.0,1.0,0.5,0.0,71.0,71.0,71.0,71.0,1.0,0.0,22.0,1.0,0.0,6.16,8.65,11.14,8.65,2.0,5.16,18.0,0.5,0.5,0.1,-7.05,-5.2,-3.36,-5.2,2.0,3.82,18.0,0.5,0.5,0.1,-8.61,-6.88,-5.14,-6.88,2.0,3.6,18.0,0.5,0.5,0.1,1009.36,1011.2,1013.04,1011.2,2.0,3.82,18.0,0.5,0.5,0.1,1.8,3.5,5.2,3.5,2.0,3.5,18.0,0.5,0.5,0.1,-83.8,-54.9,-25.9,-54.9,2.0,59.9,18.0,0.5,0.5,0.1,-100.9,-68.8,-36.6,-68.8,2.0,66.6,18.0,0.5,0.5,0.1,,,,,,,,,,,,,,,,,,,,,,,,,,,,,,,,,,,,,,,,,-188.1,-138.7,-89.2,-138.7,2.0,102.4,18.0,0.5,0.5,0.1,-229.9,-183.2,-136.5,-183.2,2.0,96.8,18.0,0.5,0.5,0.1,-122.9,-122.9,-122.9,-122.9,1.0,0.0,22.0,1.0,0.5,0.0,-146.5,-146.5,-146.5,-146.5,1.0,0.0,22.0,1.0,0.5,0.0,,,,,,,,,,,,,,,,,,,,,,,,,,,,,,,,,,,,,,,,
1974,2,62.0,9.0,25.46,25.8,26.14,25.8,2.0,0.71,24.0,1.0,0.7,0.8,27.35,27.9,28.45,27.9,2.0,1.13,24.0,1.0,0.7,0.8,17.52,17.64,17.76,17.64,2.0,0.26,24.0,1.0,0.7,0.8,73.4,75.2,77.0,75.2,2.0,3.7,24.0,1.0,0.8,5.27,5.65,6.03,5.65,2.0,0.78,24.0,1.0,0.7,0.8,-4.7,-4.58,-4.47,-4.58,2.0,0.24,24.0,1.0,0.7,0.8,-3.76,-3.27,-2.78,-3.27,2.0,1.01,24.0,1.0,0.7,0.8,1010.42,1011.75,1013.08,1011.75,2.0,2.76,24.0,1.0,0.7,0.8,1.5,2.5,3.5,2.5,2.0,2.1,24.0,1.0,0.7,0.8,-28.3,-26.0,-23.6,-26.0,2.0,4.9,24.0,1.0,0.7,0.8,-22.9,-18.9,-14.9,-18.9,2.0,8.3,24.0,1.0,0.7,0.8,-2.99,-2.1,-1.21,-2.1,2.0,1.84,24.0,1.0,0.7,0.8,-15.4,-11.1,-6.9,-11.1,2.0,8.8,24.0,1.0,0.7,0.8,2.57,3.15,3.73,3.15,2.0,1.2,24.0,1.0,0.7,0.8,13.8,18.2,22.7,18.2,2.0,9.2,24.0,1.0,0.7,0.8,-128.4,-127.7,-127.1,-127.7,2.0,1.4,24.0,1.0,0.7,0.8,-102.5,-90.6,-78.7,-90.6,2.0,24.6,24.0,1.0,0.7,0.8,-82.3,-80.8,-79.4,-80.8,2.0,3.0,24.0,1.0,0.7,0.8,-65.7,-57.5,-49.3,-57.5,2.0,17.1,24.0,1.0,0.7,0.8,-17.6,-14.6,-11.6,-14.6,2.0,6.2,24.0,1.0,0.7,0.8,-14.3,-10.9,-7.5,-10.9,2.0,7.1,24.0,1.0,0.7,0.8,149.5,185.5,221.5,185.5,2.0,74.5,24.0,1.0,0.7,0.8,150.0,185.0,220.0,185.0,2.0,75.0,24.0,1.0,0.7,0.8
1974,2,62.0,10.0,26.32,27.0,27.68,27.0,2.0,1.41,16.0,0.5,0.1,0.1,26.41,27.5,28.39,27.4,3.0,1.45,18.0,0.7,0.2,0.1,15.82,16.76,17.7,16.76,2.0,1.95,24.0,0.5,0.1,0.2,74.8,76.6,78.5,76.6,2.0,3.8,24.0,0.5,0.2,4.7,6.2,6.2,5.47,3.0,1.27,18.0,0.7,0.2,0.1,-3.09,-3.06,-0.97,-2.05,3.0,1.78,18.0,0.7,0.2,0.1,-5.94,-5.37,-3.46,-4.71,3.0,1.9,18.0,0.7,0.2,0.1,1013.74,1014.7,1015.31,1014.53,3.0,1.16,18.0,0.7,0.2,0.1,1.0,1.0,3.0,2.0,3.0,1.7,18.0,0.7,0.2,0.1,-17.0,-12.3,-3.9,-10.5,3.0,9.7,18.0,0.7,0.2,0.1,-36.8,-33.3,-17.6,-27.3,3.0,15.0,18.0,0.7,0.2,0.1,-0.66,-0.35,-0.04,-0.35,2.0,0.64,16.0,0.5,0.1,0.1,-2.6,-1.3,0.0,-1.3,2.0,2.7,16.0,0.5,0.1,0.1,5.62,5.62,5.62,5.62,1.0,0.0,22.0,0.0,0.0,0.2,34.8,34.8,34.8,34.8,1.0,0.0,22.0,0.0,0.0,0.2,-85.7,-80.3,-25.5,-56.2,3.0,48.8,18.0,0.7,0.2,0.1,-160.5,-139.1,-94.7,-127.9,3.0,49.2,18.0,0.7,0.2,0.1,-40.1,-23.8,-7.6,-23.8,2.0,33.7,24.0,0.5,0.1,0.2,-107.7,-97.5,-87.3,-97.5,2.0,21.1,24.0,0.5,0.1,0.2,-17.4,-17.4,-17.4,-17.4,1.0,0.0,22.0,0.0,0.0,0.2,-30.2,-30.2,-30.2,-30.2,1.0,0.0,22.0,0.0,0.0,0.2,119.5,238.5,238.5,180.0,3.0,100.5,18.0,0.7,0.2,0.1,120.0,240.0,240.0,180.0,3.0,100.0,18.0,0.7,0.2,0.1
1974,2,62.0,11.0,27.0,27.0,27.0,27.0,1.0,0.0,4.0,0.0,0.3,0.3,30.0,30.0,30.0,30.0,1.0,0.0,22.0,1.0,0.7,0.1,17.21,17.21,17.21,17.21,1.0,0.0,22.0,1.0,0.7,0.1,65.0,65.0,65.0,65.0,1.0,0.0,22.0,1.0,0.1,7.7,7.7,7.7,7.7,1.0,0.0,22.0,1.0,0.7,0.1,-3.85,-3.85,-3.85,-3.85,1.0,0.0,22.0,1.0,0.7,0.1,-6.67,-6.67,-6.67,-6.67,1.0,0.0,22.0,1.0,0.7,0.1,1012.29,1012.9,1013.51,1012.9,2.0,1.27,12.0,0.5,0.5,0.2,1.3,2.0,2.7,2.0,2.0,1.4,12.0,0.5,0.5,0.2,-29.6,-29.6,-29.6,-29.6,1.0,0.0,22.0,1.0,0.7,0.1,-51.3,-51.3,-51.3,-51.3,1.0,0.0,22.0,1.0,0.7,0.1,,,,,,,,,,,,,,,,,,,,,,,,,,,,,,,,,,,,,,,,,-115.5,-115.5,-115.5,-115.5,1.0,0.0,22.0,1.0,0.7,0.1,-200.1,-200.1,-200.1,-200.1,1.0,0.0,22.0,1.0,0.7,0.1,-66.3,-66.3,-66.3,-66.3,1.0,0.0,22.0,1.0,0.7,0.1,-114.8,-114.8,-114.8,-114.8,1.0,0.0,22.0,1.0,0.7,0.1,,,,,,,,,,,,,,,,,,,,,,,,,,,,,,,,,,,,,,,,
1974,2,62.0,14.0,26.2,26.2,26.2,26.2,1.0,0.0,4.0,0.0,0.2,0.3,23.7,23.7,23.7,23.7,1.0,0.0,4.0,0.0,0.2,0.3,15.85,15.85,15.85,15.85,1.0,0.0,4.0,0.0,0.2,0.3,87.0,87.0,87.0,87.0,1.0,0.0,4.0,0.0,0.3,6.7,6.7,6.7,6.7,1.0,0.0,4.0,0.0,0.2,0.3,-4.31,-4.31,-4.31,-4.31,1.0,0.0,4.0,0.0,0.2,0.3,-5.13,-5.13,-5.13,-5.13,1.0,0.0,4.0,0.0,0.2,0.3,1014.1,1014.1,1014.1,1014.1,1.0,0.0,4.0,0.0,0.2,0.3,2.0,2.0,2.0,2.0,1.0,0.0,4.0,0.0,0.2,0.3,-28.9,-28.9,-28.9,-28.9,1.0,0.0,4.0,0.0,0.2,0.3,-34.4,-34.4,-34.4,-34.4,1.0,0.0,4.0,0.0,0.2,0.3,2.5,2.5,2.5,2.5,1.0,0.0,4.0,0.0,0.2,0.3,16.8,16.8,16.8,16.8,1.0,0.0,4.0,0.0,0.2,0.3,5.38,5.38,5.38,5.38,1.0,0.0,4.0,0.0,0.2,0.3,36.1,36.1,36.1,36.1,1.0,0.0,4.0,0.0,0.2,0.3,-102.1,-102.1,-102.1,-102.1,1.0,0.0,4.0,0.0,0.2,0.3,-121.6,-121.6,-121.6,-121.6,1.0,0.0,4.0,0.0,0.2,0.3,-68.3,-68.3,-68.3,-68.3,1.0,0.0,4.0,0.0,0.2,0.3,-81.3,-81.3,-81.3,-81.3,1.0,0.0,4.0,0.0,0.2,0.3,-23.2,-23.2,-23.2,-23.2,1.0,0.0,4.0,0.0,0.2,0.3,-27.6,-27.6,-27.6,-27.6,1.0,0.0,4.0,0.0,0.2,0.3,301.0,301.0,301.0,301.0,1.0,0.0,4.0,0.0,0.2,0.3,300.0,300.0,300.0,300.0,1.0,0.0,4.0,0.0,0.2,0.3
1974,2,62.0,15.0,27.5,27.5,27.5,27.5,1.0,0.0,2.0,0.0,0.8,0.2,25.0,25.0,25.0,25.0,1.0,0.0,2.0,0.0,0.8,0.2,18.09,18.09,18.09,18.09,1.0,0.0,2.0,0.0,0.8,0.2,91.9,91.9,91.9,91.9,1.0,0.0,2.0,0.0,0.2,6.2,6.2,6.2,6.2,1.0,0.0,2.0,0.0,0.8,0.2,-4.75,-4.75,-4.75,-4.75,1.0,0.0,2.0,0.0,0.8,0.2,-3.99,-3.99,-3.99,-3.99,1.0,0.0,2.0,0.0,0.8,0.2,1017.1,1017.1,1017.1,1017.1,1.0,0.0,2.0,0.0,0.8,0.2,4.0,4.0,4.0,4.0,1.0,0.0,2.0,0.0,0.8,0.2,-29.4,-29.4,-29.4,-29.4,1.0,0.0,2.0,0.0,0.8,0.2,-24.7,-24.7,-24.7,-24.7,1.0,0.0,2.0,0.0,0.8,0.2,2.5,2.5,2.5,2.5,1.0,0.0,2.0,0.0,0.8,0.2,15.5,15.5,15.5,15.5,1.0,0.0,2.0,0.0,0.8,0.2,4.79,4.79,4.79,4.79,1.0,0.0,2.0,0.0,0.8,0.2,29.7,29.7,29.7,29.7,1.0,0.0,2.0,0.0,0.8,0.2,-118.7,-118.7,-118.7,-118.7,1.0,0.0,2.0,0.0,0.8,0.2,-99.6,-99.6,-99.6,-99.6,1.0,0.0,2.0,0.0,0.8,0.2,-85.9,-85.9,-85.9,-85.9,1.0,0.0,2.0,0.0,0.8,0.2,-72.1,-72.1,-72.1,-72.1,1.0,0.0,2.0,0.0,0.8,0.2,-22.7,-22.7,-22.7,-22.7,1.0,0.0,2.0,0.0,0.8,0.2,-19.1,-19.1,-19.1,-19.1,1.0,0.0,2.0,0.0,0.8,0.2,238.5,238.5,238.5,238.5,1.0,0.0,2.0,0.0,0.8,0.2,240.0,240.0,240.0,240.0,1.0,0.0,2.0,0.0,0.8,0.2
1974,2,62.0,16.0,27.0,27.0,27.0,27.0,1.0,0.0,4.0,0.0,0.9,0.5,24.0,24.0,24.0,24.0,1.0,0.0,4.0,0.0,0.9,0.5,13.62,13.62,13.62,13.62,1.0,0.0,4.0,0.0,0.9,0.5,73.6,73.6,73.6,73.6,1.0,0.0,4.0,0.0,0.5,1.5,1.5,1.5,1.5,1.0,0.0,4.0,0.0,0.9,0.5,-0.96,-0.96,-0.96,-0.96,1.0,0.0,4.0,0.0,0.9,0.5,-1.15,-1.15,-1.15,-1.15,1.0,0.0,4.0,0.0,0.9,0.5,1016.0,1016.0,1016.0,1016.0,1.0,0.0,4.0,0.0,0.9,0.5,1.0,1.0,1.0,1.0,1.0,0.0,4.0,0.0,0.9,0.5,-1.4,-1.4,-1.4,-1.4,1.0,0.0,4.0,0.0,0.9,0.5,-1.7,-1.7,-1.7,-1.7,1.0,0.0,4.0,0.0,0.9,0.5,3.0,3.0,3.0,3.0,1.0,0.0,4.0,0.0,0.9,0.5,4.5,4.5,4.5,4.5,1.0,0.0,4.0,0.0,0.9,0.5,8.61,8.61,8.61,8.61,1.0,0.0,4.0,0.0,0.9,0.5,12.9,12.9,12.9,12.9,1.0,0.0,4.0,0.0,0.9,0.5,-23.1,-23.1,-23.1,-23.1,1.0,0.0,4.0,0.0,0.9,0.5,-27.6,-27.6,-27.6,-27.6,1.0,0.0,4.0,0.0,0.9,0.5,-13.1,-13.1,-13.1,-13.1,1.0,0.0,4.0,0.0,0.9,0.5,-15.6,-15.6,-15.6,-15.6,1.0,0.0,4.0,0.0,0.9,0.5,-8.3,-8.3,-8.3,-8.3,1.0,0.0,4.0,0.0,0.9,0.5,-9.9,-9.9,-9.9,-9.9,1.0,0.0,4.0,0.0,0.9,0.5,3.5,3.5,3.5,3.5,1.0,0.0,4.0,0.0,0.9,0.5,5.0,5.0,5.0,5.0,1.0,0.0,4.0,0.0,0.9,0.5
1974,2,62.0,18.0,24.52,25.0,25.48,25.0,2.0,0.99,10.0,0.0,0.4,0.1,22.99,23.6,24.21,23.6,2.0,1.27,10.0,0.0,0.4,0.1,12.29,12.59,12.89,12.59,2.0,0.62,10.0,0.0,0.4,0.1,68.8,69.7,70.7,69.7,2.0,1.9,10.0,0.0,0.1,1.71,5.4,9.09,5.4,2.0,7.64,10.0,0.0,0.4,0.1,-3.11,-1.85,-0.59,-1.85,2.0,2.61,10.0,0.0,0.4,0.1,-8.54,-5.07,-1.61,-5.07,2.0,7.18,10.0,0.0,0.4,0.1,1015.62,1015.65,1015.68,1015.65,2.0,0.07,10.0,0.0,0.4,0.1,0.5,1.5,2.5,1.5,2.0,2.1,10.0,0.0,0.4,0.1,-33.6,-19.9,-6.3,-19.9,2.0,28.2,10.0,0.0,0.4,0.1,-92.2,-54.8,-17.4,-54.8,2.0,77.5,10.0,0.0,0.4,0.1,1.26,1.4,1.54,1.4,2.0,0.28,10.0,0.0,0.4,0.1,2.7,8.6,14.5,8.6,2.0,12.2,10.0,0.0,0.4,0.1,6.88,7.15,7.41,7.15,2.0,0.56,10.0,0.0,0.4,0.1,11.6,36.5,61.3,36.5,2.0,51.6,10.0,0.0,0.4,0.1,-70.5,-41.9,-13.3,-41.9,2.0,59.3,10.0,0.0,0.4,0.1,-193.8,-115.2,-36.6,-115.2,2.0,162.9,10.0,0.0,0.4,0.1,-37.8,-22.4,-7.1,-22.4,2.0,31.7,10.0,0.0,0.4,0.1,-103.8,-61.7,-19.6,-61.7,2.0,87.2,10.0,0.0,0.4,0.1,-21.0,-12.5,-4.0,-12.5,2.0,17.6,10.0,0.0,0.4,0.1,-57.6,-34.3,-10.9,-34.3,2.0,48.4,10.0,0.0,0.4,0.1,200.0,630.0,1060.0,630.0,2.0,891.0,10.0,0.0,0.4,0.1,200.0,630.0,1060.0,630.0,2.0,890.0,10.0,0.0,0.4,0.1
1974,2,62.0,19.0,22.47,24.0,24.38,23.49,8.0,1.08,18.0,0.6,0.6,0.6,21.02,22.0,22.98,22.09,8.0,1.46,18.0,0.6,0.6,0.6,9.96,12.34,14.15,12.15,8.0,2.17,18.0,0.6,0.6,0.6,63.5,67.4,89.3,73.7,8.0,12.5,18.0,0.6,0.6,2.82,4.85,8.2,5.19,8.0,2.96,18.0,0.6,0.6,0.6,-3.93,-1.57,0.0,-2.08,8.0,2.78,18.0,0.6,0.6,0.6,-6.8,-4.32,-0.31,-3.59,8.0,3.49,18.0,0.6,0.6,0.6,1014.76,1016.4,1017.18,1016.03,8.0,1.48,18.0,0.6,0.6,0.6,0.0,1.0,4.6,1.9,8.0,2.6,18.0,0.6,0.6,0.6,-31.3,-7.2,0.0,-15.2,8.0,22.5,18.0,0.6,0.6,0.6,-54.3,-21.2,-2.2,-25.6,8.0,25.5,18.0,0.6,0.6,0.6,0.32,0.85,3.18,1.4,8.0,1.66,18.0,0.6,0.6,0.6,0.3,3.3,21.2,8.7,8.0,11.0,18.0,0.6,0.6,0.6,2.89,6.12,7.92,5.87,8.0,2.6,18.0,0.6,0.6,0.6,9.2,32.5,50.9,31.6,8.0,25.1,18.0,0.6,0.6,0.6,-82.2,-34.6,0.0,-43.5,8.0,59.1,18.0,0.6,0.6,0.6,-143.4,-90.6,-6.6,-76.7,8.0,78.5,18.0,0.6,0.6,0.6,-49.3,-23.1,0.0,-23.5,8.0,29.1,18.0,0.6,0.6,0.6,-85.5,-51.4,-3.1,-43.1,8.0,42.8,18.0,0.6,0.6,0.6,-25.4,-3.5,0.0,-12.3,8.0,18.0,18.0,0.6,0.6,0.6,-44.1,-13.9,-0.9,-21.9,8.0,26.9,18.0,0.6,0.6,0.6,26.5,115.0,551.5,250.0,8.0,253.5,18.0,0.6,0.6,0.6,25.0,115.0,550.0,250.0,8.0,255.0,18.0,0.6,0.6,0.6
1974,2,62.0,20.0,23.0,24.0,24.21,23.73,7.0,0.57,16.0,0.4,0.4,0.6,21.13,22.9,23.87,22.74,9.0,1.78,16.0,0.4,0.5,0.5,10.15,11.5,11.79,10.97,9.0,1.26,16.0,0.4,0.5,0.5,58.4,63.4,68.4,63.9,9.0,5.8,16.0,0.4,0.5,1.66,3.1,6.23,3.72,9.0,2.86,16.0,0.4,0.5,0.5,-2.28,-1.05,0.19,-1.07,9.0,1.39,16.0,0.4,0.5,0.5,-5.78,-3.05,-0.17,-2.91,9.0,3.32,16.0,0.4,0.5,0.5,1014.27,1016.5,1019.88,1016.7,9.0,2.85,16.0,0.4,0.5,0.5,0.0,1.0,2.7,1.3,9.0,1.7,16.0,0.4,0.5,0.5,-14.4,-2.2,0.3,-5.8,9.0,7.5,16.0,0.4,0.5,0.5,-38.6,-9.5,-0.6,-18.7,9.0,29.2,16.0,0.4,0.5,0.5,-0.1,0.9,3.02,0.99,7.0,1.86,16.0,0.4,0.4,0.6,-0.3,1.4,24.6,7.1,7.0,13.4,16.0,0.4,0.4,0.6,6.46,7.16,8.25,7.22,7.0,1.19,16.0,0.4,0.4,0.6,10.2,23.4,54.8,30.5,7.0,29.1,16.0,0.4,0.4,0.6,-50.4,-23.6,4.4,-24.1,9.0,31.7,16.0,0.4,0.5,0.5,-125.6,-66.6,-3.9,-63.0,9.0,68.4,16.0,0.4,0.5,0.5,-26.7,-10.9,2.2,-11.5,9.0,15.6,16.0,0.4,0.5,0.5,-65.0,-31.3,-1.9,-29.5,9.0,32.2,16.0,0.4,0.5,0.5,-18.5,-11.9,0.1,-10.7,7.0,9.2,16.0,0.4,0.4,0.6,-51.7,-14.9,0.5,-23.3,7.0,32.9,16.0,0.4,0.4,0.6,5.0,30.0,285.0,149.0,9.0,272.0,16.0,0.4,0.5,0.5,5.0,30.0,285.0,150.0,9.0,270.0,16.0,0.4,0.5,0.5
1974,2,62.0,21.0,22.2,23.4,25.07,23.75,19.0,1.69,14.0,0.5,0.5,0.4,21.31,22.8,25.0,22.87,19.0,2.34,14.0,0.5,0.5,0.4,8.0,11.19,12.6,10.87,17.0,2.44,16.0,0.6,0.5,0.4,51.4,63.5,68.8,61.9,17.0,10.5,16.0,0.6,0.4,0.43,3.1,7.77,4.05,19.0,3.35,14.0,0.5,0.5,0.4,-3.32,-0.77,0.19,-1.07,19.0,2.46,14.0,0.5,0.5,0.4,-7.65,-0.64,0.0,-2.7,19.0,3.69,14.0,0.5,0.5,0.4,1014.17,1015.9,1018.16,1016.36,19.0,2.38,14.0,0.5,0.5,0.4,0.0,0.0,3.0,1.2,19.0,1.8,14.0,0.5,0.5,0.4,-13.4,-0.8,1.3,-5.5,19.0,15.8,14.0,0.5,0.5,0.4,-59.5,-1.7,0.0,-20.8,19.0,34.7,14.0,0.5,0.5,0.4,-0.63,1.2,2.74,0.88,19.0,2.05,14.0,0.5,0.5,0.4,-1.2,1.2,16.7,6.7,19.0,12.9,14.0,0.5,0.5,0.4,5.27,7.87,9.45,7.39,17.0,2.13,16.0,0.6,0.5,0.4,6.2,22.0,77.8,34.6,17.0,34.4,16.0,0.6,0.5,0.4,-70.9,-18.1,4.7,-22.4,19.0,55.1,14.0,0.5,0.5,0.4,-157.1,-15.2,0.0,-59.5,19.0,77.8,14.0,0.5,0.5,0.4,-33.5,-8.8,7.9,-6.2,17.0,28.8,16.0,0.6,0.5,0.4,-74.7,-10.9,0.0,-29.9,17.0,34.8,16.0,0.6,0.5,0.4,-20.9,-6.1,4.2,-8.8,17.0,16.7,16.0,0.6,0.5,0.4,-71.7,-11.0,0.0,-28.2,17.0,35.4,16.0,0.6,0.5,0.4,0.0,30.0,470.0,213.5,19.0,345.0,14.0,0.5,0.5,0.4,0.0,30.0,470.0,215.0,19.0,345.0,14.0,0.5,0.5,0.4
1974,2,62.0,22.0,22.08,22.35,24.33,23.07,6.0,1.44,16.0,0.2,0.2,0.3,21.08,21.6,22.56,21.77,6.0,0.78,16.0,0.2,0.2,0.3,9.04,9.79,10.61,9.81,6.0,0.82,16.0,0.2,0.2,0.3,57.3,60.8,63.4,60.8,6.0,3.7,16.0,0.2,0.3,3.69,5.9,7.01,5.48,6.0,2.18,16.0,0.2,0.2,0.3,-6.38,-2.54,0.68,-2.47,6.0,3.9,16.0,0.2,0.2,0.3,-4.79,-2.06,-0.56,-2.82,6.0,2.96,16.0,0.2,0.2,0.3,1015.81,1016.6,1017.17,1016.47,6.0,1.04,16.0,0.2,0.2,0.3,0.0,1.0,3.1,1.6,5.0,2.1,16.0,0.2,0.2,0.3,-42.7,-9.4,3.5,-14.9,6.0,24.6,16.0,0.2,0.2,0.3,-29.7,-9.6,-2.3,-18.2,6.0,25.2,16.0,0.2,0.2,0.3,0.21,0.9,2.14,1.3,6.0,1.75,16.0,0.2,0.2,0.3,1.4,3.6,11.0,8.1,6.0,14.8,16.0,0.2,0.2,0.3,6.57,7.32,8.69,7.77,6.0,1.89,16.0,0.2,0.2,0.3,28.8,37.0,55.5,43.5,6.0,25.9,16.0,0.2,0.2,0.3,-141.5,-54.4,14.4,-55.1,6.0,86.0,16.0,0.2,0.2,0.3,-101.3,-45.7,-11.9,-60.2,6.0,61.9,16.0,0.2,0.2,0.3,-66.6,-23.1,6.6,-24.9,6.0,39.3,16.0,0.2,0.2,0.3,-45.5,-22.0,-4.9,-27.2,6.0,27.0,16.0,0.2,0.2,0.3,-39.0,-19.9,4.6,-16.8,6.0,25.8,16.0,0.2,0.2,0.3,-40.0,-14.1,-4.4,-25.4,6.0,34.1,16.0,0.2,0.2,0.3,56.5,216.5,352.5,227.5,6.0,198.5,16.0,0.2,0.2,0.3,55.0,215.0,355.0,225.0,6.0,200.0,16.0,0.2,0.2,0.3
1974,2,62.0,23.0,22.54,22.85,23.92,23.08,6.0,0.71,12.0,0.7,0.5,0.4,21.25,23.05,24.0,22.37,6.0,2.25,12.0,0.7,0.5,0.4,7.87,8.94,9.58,8.73,4.0,1.16,12.0,0.5,0.4,0.4,51.4,54.8,58.3,54.8,4.0,4.5,12.0,0.5,0.4,5.76,7.0,7.2,6.52,5.0,0.94,14.0,0.6,0.5,0.4,-6.97,-6.2,-1.68,-4.14,5.0,5.15,14.0,0.6,0.5,0.4,-1.23,0.0,1.69,0.43,5.0,2.43,14.0,0.6,0.5,0.4,1014.24,1016.55,1018.51,1016.27,6.0,2.79,12.0,0.7,0.5,0.4,2.6,3.0,6.2,3.8,6.0,2.2,12.0,0.7,0.5,0.4,-49.3,-39.7,-15.3,-30.5,5.0,31.5,14.0,0.6,0.5,0.4,-8.7,0.0,12.2,3.2,5.0,17.4,14.0,0.6,0.5,0.4,-0.76,-0.25,1.69,0.72,6.0,2.6,12.0,0.7,0.5,0.4,-4.9,-3.6,16.1,5.5,5.0,17.8,14.0,0.6,0.5,0.4,7.35,7.9,9.86,8.57,4.0,1.84,12.0,0.5,0.4,0.4,52.2,56.2,65.1,58.5,4.0,8.3,12.0,0.5,0.4,0.4,-160.5,-121.9,-27.0,-87.2,5.0,118.0,14.0,0.6,0.5,0.4,-28.3,0.0,37.4,9.1,5.0,54.0,14.0,0.6,0.5,0.4,-62.6,-57.8,-49.2,-56.0,4.0,8.6,12.0,0.5,0.4,0.4,-11.0,-5.4,23.9,5.9,4.0,27.0,12.0,0.5,0.4,0.4,-64.7,-55.3,-45.5,-55.1,4.0,12.5,12.0,0.5,0.4,0.4,-9.8,-4.5,17.6,3.5,4.0,20.6,12.0,0.5,0.4,0.4,197.0,343.0,373.0,290.5,5.0,108.0,14.0,0.6,0.5,0.4,195.0,345.0,375.0,290.0,5.0,110.0,14.0,0.6,0.5,0.4
1974,2,62.0,24.0,22.0,22.0,22.52,22.25,4.0,0.5,12.0,0.8,0.5,0.3,19.9,21.9,23.27,21.6,4.0,2.12,10.0,0.5,0.6,0.5,5.8,5.8,5.8,5.8,1.0,0.0,4.0,0.0,0.6,0.6,42.8,42.8,42.8,42.8,1.0,0.0,4.0,0.0,0.6,3.0,5.0,6.35,4.94,5.0,2.33,10.0,0.6,0.5,0.4,-1.83,2.82,3.6,1.1,5.0,3.8,10.0,0.6,0.5,0.4,-4.07,-1.03,1.1,-1.58,5.0,4.1,10.0,0.6,0.5,0.4,1012.77,1014.9,1017.47,1014.98,5.0,2.9,10.0,0.6,0.5,0.4,0.0,0.0,1.1,0.6,5.0,1.3,10.0,0.6,0.5,0.4,-9.1,8.5,24.4,6.6,5.0,20.6,10.0,0.6,0.5,0.4,-31.4,-3.1,3.3,-14.8,5.0,32.1,10.0,0.6,0.5,0.4,,,,,,,,,,,,,,,,,,,,,,,,,,,,,,,,,,,,,,,,,26.8,60.3,82.3,54.8,4.0,40.9,10.0,0.5,0.6,0.5,-98.0,-29.7,26.1,-35.7,4.0,92.5,10.0,0.5,0.6,0.5,17.3,17.3,17.3,17.3,1.0,0.0,4.0,0.0,0.6,0.6,-47.4,-47.4,-47.4,-47.4,1.0,0.0,4.0,0.0,0.6,0.6,,,,,,,,,,,,,,,,,,,,,,,,,,,,,,,,,,,,,,,,
1974,2,63.0,-66.0,,,,,,,,,,,,,,,,,,,,,,,,,,,,,,,,,,,,,,,,7.7,7.7,7.7,7.7,1.0,0.0,26.0,0.0,0.1,1.0,2.63,2.63,2.63,2.63,1.0,0.0,26.0,0.0,0.1,1.0,-7.24,-7.24,-7.24,-7.24,1.0,0.0,26.0,0.0,0.1,1.0,989.7,989.7,989.7,989.7,1.0,0.0,26.0,0.0,0.1,1.0,,,,,,,,,,,,,,,,,,,,,,,,,,,,,,,,,,,,,,,,,,,,,,,,,,,,,,,,,,,,,,,,,,,,,,,,,,,,,,,,,,,,,,,,,,,,,,,,,,,,,,,,,,,,,,,,,,,,,,,,,,,,,,,,,,,,,,,,,,,,,,,,,,,,,,
1974,2,63.0,-62.0,0.5,0.5,0.5,0.5,1.0,0.0,10.0,0.0,0.8,1.0,2.4,2.4,2.4,2.4,1.0,0.0,10.0,0.0,0.8,1.0,3.83,3.83,3.83,3.83,1.0,0.0,10.0,0.0,0.8,1.0,84.2,84.2,84.2,84.2,1.0,0.0,10.0,0.0,1.0,8.7,8.7,8.7,8.7,1.0,0.0,10.0,0.0,0.8,1.0,8.57,8.57,8.57,8.57,1.0,0.0,10.0,0.0,0.8,1.0,-1.51,-1.51,-1.51,-1.51,1.0,0.0,10.0,0.0,0.8,1.0,998.3,998.3,998.3,998.3,1.0,0.0,10.0,0.0,0.8,1.0,8.0,8.0,8.0,8.0,1.0,0.0,10.0,0.0,0.8,1.0,74.5,74.5,74.5,74.5,1.0,0.0,10.0,0.0,0.8,1.0,-13.1,-13.1,-13.1,-13.1,1.0,0.0,10.0,0.0,0.8,1.0,-1.9,-1.9,-1.9,-1.9,1.0,0.0,10.0,0.0,0.8,1.0,-16.5,-16.5,-16.5,-16.5,1.0,0.0,10.0,0.0,0.8,1.0,0.14,0.14,0.14,0.14,1.0,0.0,10.0,0.0,0.8,1.0,1.2,1.2,1.2,1.2,1.0,0.0,10.0,0.0,0.8,1.0,20.6,20.6,20.6,20.6,1.0,0.0,10.0,0.0,0.8,1.0,-3.6,-3.6,-3.6,-3.6,1.0,0.0,10.0,0.0,0.8,1.0,32.8,32.8,32.8,32.8,1.0,0.0,10.0,0.0,0.8,1.0,-5.8,-5.8,-5.8,-5.8,1.0,0.0,10.0,0.0,0.8,1.0,1.2,1.2,1.2,1.2,1.0,0.0,10.0,0.0,0.8,1.0,-0.2,-0.2,-0.2,-0.2,1.0,0.0,10.0,0.0,0.8,1.0,658.5,658.5,658.5,658.5,1.0,0.0,10.0,0.0,0.8,1.0,660.0,660.0,660.0,660.0,1.0,0.0,10.0,0.0,0.8,1.0
1974,2,63.0,-61.0,1.0,1.0,1.0,1.0,1.0,0.0,28.0,1.0,0.5,0.8,0.7,0.7,0.7,0.7,1.0,0.0,28.0,1.0,0.5,0.8,3.88,3.88,3.88,3.88,1.0,0.0,28.0,1.0,0.5,0.8,94.4,94.4,94.4,94.4,1.0,0.0,28.0,1.0,0.8,14.4,14.4,14.4,14.4,1.0,0.0,28.0,1.0,0.5,0.8,14.4,14.4,14.4,14.4,1.0,0.0,28.0,1.0,0.5,0.8,0.0,0.0,0.0,0.0,1.0,0.0,28.0,1.0,0.5,0.8,980.5,980.5,980.5,980.5,1.0,0.0,28.0,1.0,0.5,0.8,8.0,8.0,8.0,8.0,1.0,0.0,28.0,1.0,0.5,0.8,207.4,207.4,207.4,207.4,1.0,0.0,28.0,1.0,0.5,0.8,0.0,0.0,0.0,0.0,1.0,0.0,28.0,1.0,0.5,0.8,0.3,0.3,0.3,0.3,1.0,0.0,28.0,1.0,0.5,0.8,4.3,4.3,4.3,4.3,1.0,0.0,28.0,1.0,0.5,0.8,0.32,0.32,0.32,0.32,1.0,0.0,28.0,1.0,0.5,0.8,4.6,4.6,4.6,4.6,1.0,0.0,28.0,1.0,0.5,0.8,10.1,10.1,10.1,10.1,1.0,0.0,28.0,1.0,0.5,0.8,0.0,0.0,0.0,0.0,1.0,0.0,28.0,1.0,0.5,0.8,55.8,55.8,55.8,55.8,1.0,0.0,28.0,1.0,0.5,0.8,0.0,0.0,0.0,0.0,1.0,0.0,28.0,1.0,0.5,0.8,4.6,4.6,4.6,4.6,1.0,0.0,28.0,1.0,0.5,0.8,0.0,0.0,0.0,0.0,1.0,0.0,28.0,1.0,0.5,0.8,2986.0,2986.0,2986.0,2986.0,1.0,0.0,28.0,1.0,0.5,0.8,2985.0,2985.0,2985.0,2985.0,1.0,0.0,28.0,1.0,0.5,0.8
1974,2,63.0,-54.0,,,,,,,,,,,,,,,,,,,,,,,,,,,,,,,,,,,,,,,,1.5,1.5,1.5,1.5,1.0,0.0,4.0,0.0,0.1,1.0,-1.41,-1.41,-1.41,-1.41,1.0,0.0,4.0,0.0,0.1,1.0,-0.51,-0.51,-0.51,-0.51,1.0,0.0,4.0,0.0,0.1,1.0,1009.5,1009.5,1009.5,1009.5,1.0,0.0,4.0,0.0,0.1,1.0,,,,,,,,,,,,,,,,,,,,,,,,,,,,,,,,,,,,,,,,,,,,,,,,,,,,,,,,,,,,,,,,,,,,,,,,,,,,,,,,,,,,,,,,,,,,,,,,,,,,,,,,,,,,,,,,,,,,,,,,,,,,,,,,,,,,,,,,,,,,,,,,,,,,,,
1974,2,63.0,-49.0,4.0,4.0,4.0,4.0,1.0,0.0,2.0,0.0,0.5,0.3,4.8,4.8,4.8,4.8,1.0,0.0,2.0,0.0,0.5,0.3,4.76,4.76,4.76,4.76,1.0,0.0,2.0,0.0,0.5,0.3,87.5,87.5,87.5,87.5,1.0,0.0,2.0,0.0,0.3,15.4,15.4,15.4,15.4,1.0,0.0,2.0,0.0,0.5,0.3,14.47,14.47,14.47,14.47,1.0,0.0,2.0,0.0,0.5,0.3,5.27,5.27,5.27,5.27,1.0,0.0,2.0,0.0,0.5,0.3,991.5,991.5,991.5,991.5,1.0,0.0,2.0,0.0,0.5,0.3,8.0,8.0,8.0,8.0,1.0,0.0,2.0,0.0,0.5,0.3,222.9,222.9,222.9,222.9,1.0,0.0,2.0,0.0,0.5,0.3,81.1,81.1,81.1,81.1,1.0,0.0,2.0,0.0,0.5,0.3,-0.8,-0.8,-0.8,-0.8,1.0,0.0,2.0,0.0,0.5,0.3,-12.3,-12.3,-12.3,-12.3,1.0,0.0,2.0,0.0,0.5,0.3,0.38,0.38,0.38,0.38,1.0,0.0,2.0,0.0,0.5,0.3,5.9,5.9,5.9,5.9,1.0,0.0,2.0,0.0,0.5,0.3,69.5,69.5,69.5,69.5,1.0,0.0,2.0,0.0,0.5,0.3,25.3,25.3,25.3,25.3,1.0,0.0,2.0,0.0,0.5,0.3,68.8,68.8,68.8,68.8,1.0,0.0,2.0,0.0,0.5,0.3,25.0,25.0,25.0,25.0,1.0,0.0,2.0,0.0,0.5,0.3,5.6,5.6,5.6,5.6,1.0,0.0,2.0,0.0,0.5,0.3,2.0,2.0,2.0,2.0,1.0,0.0,2.0,0.0,0.5,0.3,3652.5,3652.5,3652.5,3652.5,1.0,0.0,2.0,0.0,0.5,0.3,3650.0,3650.0,3650.0,3650.0,1.0,0.0,2.0,0.0,0.5,0.3
1974,2,63.0,-46.0,9.0,9.0,9.0,9.0,1.0,0.0,18.0,1.0,0.7,0.1,9.8,9.8,9.8,9.8,1.0,0.0,18.0,1.0,0.7,0.1,7.06,7.06,7.06,7.06,1.0,0.0,18.0,1.0,0.7,0.1,94.8,94.8,94.8,94.8,1.0,0.0,18.0,1.0,0.1,7.2,7.2,7.2,7.2,1.0,0.0,18.0,1.0,0.7,0.1,-5.52,-5.52,-5.52,-5.52,1.0,0.0,18.0,1.0,0.7,0.1,-4.63,-4.63,-4.63,-4.63,1.0,0.0,18.0,1.0,0.7,0.1,1019.2,1019.2,1019.2,1019.2,1.0,0.0,18.0,1.0,0.7,0.1,8.0,8.0,8.0,8.0,1.0,0.0,18.0,1.0,0.7,0.1,-39.7,-39.7,-39.7,-39.7,1.0,0.0,18.0,1.0,0.7,0.1,-33.3,-33.3,-33.3,-33.3,1.0,0.0,18.0,1.0,0.7,0.1,-0.8,-0.8,-0.8,-0.8,1.0,0.0,18.0,1.0,0.7,0.1,-5.8,-5.8,-5.8,-5.8,1.0,0.0,18.0,1.0,0.7,0.1,0.0,0.0,0.0,0.0,1.0,0.0,18.0,1.0,0.7,0.1,0.0,0.0,0.0,0.0,1.0,0.0,18.0,1.0,0.7,0.1,-54.1,-54.1,-54.1,-54.1,1.0,0.0,18.0,1.0,0.7,0.1,-45.4,-45.4,-45.4,-45.4,1.0,0.0,18.0,1.0,0.7,0.1,-39.0,-39.0,-39.0,-39.0,1.0,0.0,18.0,1.0,0.7,0.1,-32.7,-32.7,-32.7,-32.7,1.0,0.0,18.0,1.0,0.7,0.1,0.0,0.0,0.0,0.0,1.0,0.0,18.0,1.0,0.7,0.1,0.0,0.0,0.0,0.0,1.0,0.0,18.0,1.0,0.7,0.1,373.0,373.0,373.0,373.0,1.0,0.0,18.0,1.0,0.7,0.1,375.0,375.0,375.0,375.0,1.0,0.0,18.0,1.0,0.7,0.1
1974,2,63.0,-44.0,,,,,,,,,,,,,,,,,,,,,,,,,,,,,,,,,,,,,,,,1.0,1.0,1.0,1.0,1.0,0.0,12.0,0.0,0.7,0.7,-1.0,-1.0,-1.0,-1.0,1.0,0.0,12.0,0.0,0.7,0.7,0.0,0.0,0.0,0.0,1.0,0.0,12.0,0.0,0.7,0.7,1022.0,1022.0,1022.0,1022.0,1.0,0.0,12.0,0.0,0.7,0.7,,,,,,,,,,,,,,,,,,,,,,,,,,,,,,,,,,,,,,,,,,,,,,,,,,,,,,,,,,,,,,,,,,,,,,,,,,,,,,,,,,,,,,,,,,,,,,,,,,,,,,,,,,,,,,,,,,,,,,,,,,,,,,,,,,,,,,,,,,,,,,,,,,,,,,
1974,2,63.0,-40.0,20.0,20.0,20.0,20.0,1.0,0.0,8.0,1.0,0.4,0.5,19.8,19.8,19.8,19.8,1.0,0.0,8.0,1.0,0.4,0.5,12.59,12.59,12.59,12.59,1.0,0.0,8.0,1.0,0.4,0.5,89.4,89.4,89.4,89.4,1.0,0.0,8.0,1.0,0.5,0.0,0.0,0.0,0.0,1.0,0.0,8.0,1.0,0.4,0.5,0.0,0.0,0.0,0.0,1.0,0.0,8.0,1.0,0.4,0.5,0.0,0.0,0.0,0.0,1.0,0.0,8.0,1.0,0.4,0.5,1031.6,1031.6,1031.6,1031.6,1.0,0.0,8.0,1.0,0.4,0.5,1.0,1.0,1.0,1.0,1.0,0.0,8.0,1.0,0.4,0.5,0.0,0.0,0.0,0.0,1.0,0.0,8.0,1.0,0.4,0.5,0.0,0.0,0.0,0.0,1.0,0.0,8.0,1.0,0.4,0.5,0.2,0.2,0.2,0.2,1.0,0.0,8.0,1.0,0.4,0.5,0.0,0.0,0.0,0.0,1.0,0.0,8.0,1.0,0.4,0.5,1.69,1.69,1.69,1.69,1.0,0.0,8.0,1.0,0.4,0.5,0.0,0.0,0.0,0.0,1.0,0.0,8.0,1.0,0.4,0.5,0.0,0.0,0.0,0.0,1.0,0.0,8.0,1.0,0.4,0.5,0.0,0.0,0.0,0.0,1.0,0.0,8.0,1.0,0.4,0.5,0.0,0.0,0.0,0.0,1.0,0.0,8.0,1.0,0.4,0.5,0.0,0.0,0.0,0.0,1.0,0.0,8.0,1.0,0.4,0.5,0.0,0.0,0.0,0.0,1.0,0.0,8.0,1.0,0.4,0.5,0.0,0.0,0.0,0.0,1.0,0.0,8.0,1.0,0.4,0.5,0.0,0.0,0.0,0.0,1.0,0.0,8.0,1.0,0.4,0.5,0.0,0.0,0.0,0.0,1.0,0.0,8.0,1.0,0.4,0.5
1974,2,63.0,-38.0,,,,,,,,,,,,,,,,,,,,,,,,,,,,,,,,,,,,,,,,13.0,13.0,13.0,13.0,1.0,0.0,20.0,1.0,0.2,0.9,8.36,8.36,8.36,8.36,1.0,0.0,20.0,1.0,0.2,0.9,-9.96,-9.96,-9.96,-9.96,1.0,0.0,20.0,1.0,0.2,0.9,1014.2,1014.2,1014.2,1014.2,1.0,0.0,20.0,1.0,0.2,0.9,,,,,,,,,,,,,,,,,,,,,,,,,,,,,,,,,,,,,,,,,,,,,,,,,,,,,,,,,,,,,,,,,,,,,,,,,,,,,,,,,,,,,,,,,,,,,,,,,,,,,,,,,,,,,,,,,,,,,,,,,,,,,,,,,,,,,,,,,,,,,,,,,,,,,,
1974,2,63.0,-34.0,23.6,23.6,23.6,23.6,1.0,0.0,22.0,1.0,0.5,0.9,23.2,23.2,23.2,23.2,1.0,0.0,22.0,1.0,0.5,0.9,12.11,12.11,12.11,12.11,1.0,0.0,22.0,1.0,0.5,0.9,68.5,68.5,68.5,68.5,1.0,0.0,22.0,1.0,0.9,13.4,13.4,13.4,13.4,1.0,0.0,22.0,1.0,0.5,0.9,6.7,6.7,6.7,6.7,1.0,0.0,22.0,1.0,0.5,0.9,11.6,11.6,11.6,11.6,1.0,0.0,22.0,1.0,0.5,0.9,1012.7,1012.7,1012.7,1012.7,1.0,0.0,22.0,1.0,0.5,0.9,5.0,5.0,5.0,5.0,1.0,0.0,22.0,1.0,0.5,0.9,89.8,89.8,89.8,89.8,1.0,0.0,22.0,1.0,0.5,0.9,155.5,155.5,155.5,155.5,1.0,0.0,22.0,1.0,0.5,0.9,0.4,0.4,0.4,0.4,1.0,0.0,22.0,1.0,0.5,0.9,5.4,5.4,5.4,5.4,1.0,0.0,22.0,1.0,0.5,0.9,6.06,6.06,6.06,6.06,1.0,0.0,22.0,1.0,0.5,0.9,81.2,81.2,81.2,81.2,1.0,0.0,22.0,1.0,0.5,0.9,155.4,155.4,155.4,155.4,1.0,0.0,22.0,1.0,0.5,0.9,269.2,269.2,269.2,269.2,1.0,0.0,22.0,1.0,0.5,0.9,81.2,81.2,81.2,81.2,1.0,0.0,22.0,1.0,0.5,0.9,140.6,140.6,140.6,140.6,1.0,0.0,22.0,1.0,0.5,0.9,40.6,40.6,40.6,40.6,1.0,0.0,22.0,1.0,0.5,0.9,70.3,70.3,70.3,70.3,1.0,0.0,22.0,1.0,0.5,0.9,2406.0,2406.0,2406.0,2406.0,1.0,0.0,22.0,1.0,0.5,0.9,2405.0,2405.0,2405.0,2405.0,1.0,0.0,22.0,1.0,0.5,0.9
1974,2,63.0,-33.0,23.0,23.0,23.0,23.0,1.0,0.0,12.0,0.0,0.0,0.5,21.0,21.0,21.0,21.0,1.0,0.0,12.0,0.0,0.0,0.5,11.2,11.2,11.2,11.2,1.0,0.0,12.0,0.0,0.0,0.5,73.1,73.1,73.1,73.1,1.0,0.0,12.0,0.0,0.5,4.1,4.1,4.1,4.1,1.0,0.0,12.0,0.0,0.0,0.5,-4.04,-4.04,-4.04,-4.04,1.0,0.0,12.0,0.0,0.0,0.5,0.71,0.71,0.71,0.71,1.0,0.0,12.0,0.0,0.0,0.5,1021.0,1021.0,1021.0,1021.0,1.0,0.0,12.0,0.0,0.0,0.5,2.0,2.0,2.0,2.0,1.0,0.0,12.0,0.0,0.0,0.5,-16.6,-16.6,-16.6,-16.6,1.0,0.0,12.0,0.0,0.0,0.5,2.9,2.9,2.9,2.9,1.0,0.0,12.0,0.0,0.0,0.5,2.0,2.0,2.0,2.0,1.0,0.0,12.0,0.0,0.0,0.5,8.2,8.2,8.2,8.2,1.0,0.0,12.0,0.0,0.0,0.5,6.18,6.18,6.18,6.18,1.0,0.0,12.0,0.0,0.0,0.5,25.3,25.3,25.3,25.3,1.0,0.0,12.0,0.0,0.0,0.5,-84.8,-84.8,-84.8,-84.8,1.0,0.0,12.0,0.0,0.0,0.5,15.0,15.0,15.0,15.0,1.0,0.0,12.0,0.0,0.0,0.5,-45.2,-45.2,-45.2,-45.2,1.0,0.0,12.0,0.0,0.0,0.5,8.0,8.0,8.0,8.0,1.0,0.0,12.0,0.0,0.0,0.5,-24.9,-24.9,-24.9,-24.9,1.0,0.0,12.0,0.0,0.0,0.5,4.4,4.4,4.4,4.4,1.0,0.0,12.0,0.0,0.0,0.5,69.0,69.0,69.0,69.0,1.0,0.0,12.0,0.0,0.0,0.5,70.0,70.0,70.0,70.0,1.0,0.0,12.0,0.0,0.0,0.5
1974,2,63.0,-32.0,24.03,24.3,25.19,24.6,3.0,0.89,10.0,0.7,0.3,0.5,23.73,23.8,24.28,24.0,3.0,0.44,10.0,0.7,0.3,0.5,13.1,13.2,14.9,13.98,3.0,1.48,10.0,0.7,0.3,0.5,72.6,72.7,79.3,75.9,3.0,5.6,10.0,0.7,0.5,6.65,8.7,9.79,8.23,3.0,2.34,10.0,0.7,0.3,0.5,-9.69,-8.7,-2.76,-6.28,3.0,5.49,10.0,0.7,0.3,0.5,-4.46,-1.79,-0.57,-2.5,3.0,2.92,10.0,0.7,0.3,0.5,1019.67,1022.4,1025.54,1022.6,3.0,4.3,10.0,0.7,0.3,0.5,4.3,7.0,7.7,6.0,3.0,2.6,10.0,0.7,0.3,0.5,-95.3,-75.7,-24.0,-60.1,3.0,54.0,10.0,0.7,0.3,0.5,-28.0,-18.4,-5.8,-17.0,3.0,16.3,10.0,0.7,0.3,0.5,-0.07,0.2,1.29,0.6,3.0,1.06,10.0,0.7,0.3,0.5,-0.2,1.7,13.2,6.4,3.0,10.6,10.0,0.7,0.3,0.5,3.81,5.19,6.51,5.16,3.0,1.98,10.0,0.7,0.3,0.5,26.7,45.2,64.4,45.5,3.0,27.6,10.0,0.7,0.3,0.5,-230.2,-206.2,-65.4,-149.2,3.0,130.4,10.0,0.7,0.3,0.5,-108.8,-42.6,-13.5,-60.7,3.0,71.6,10.0,0.7,0.3,0.5,-127.4,-113.6,-36.0,-82.5,3.0,72.1,10.0,0.7,0.3,0.5,-68.5,-23.6,-7.5,-37.7,3.0,46.3,10.0,0.7,0.3,0.5,-63.6,-45.2,-14.3,-39.1,3.0,36.5,10.0,0.7,0.3,0.5,-16.4,-12.7,-4.0,-10.3,3.0,9.3,10.0,0.7,0.3,0.5,335.5,658.5,955.0,645.5,3.0,454.0,10.0,0.7,0.3,0.5,335.0,660.0,955.0,645.0,3.0,455.0,10.0,0.7,0.3,0.5
1974,2,63.0,-31.0,25.2,25.2,25.2,25.2,2.0,0.0,14.0,0.5,0.1,0.7,24.29,24.9,25.51,24.9,2.0,1.27,14.0,0.5,0.1,0.7,15.73,16.47,17.22,16.47,2.0,1.55,14.0,0.5,0.1,0.7,83.7,84.5,85.2,84.5,2.0,1.6,14.0,0.5,0.7,4.68,4.85,5.02,4.85,2.0,0.35,14.0,0.5,0.1,0.7,-4.57,-4.51,-4.45,-4.51,2.0,0.13,14.0,0.5,0.1,0.7,-2.15,-1.27,-0.4,-1.27,2.0,1.8,14.0,0.5,0.1,0.7,1020.0,1020.85,1021.7,1020.85,2.0,1.77,14.0,0.5,0.1,0.7,6.0,6.0,6.0,6.0,1.0,0.0,14.0,1.0,0.1,0.6,-22.3,-21.8,-21.4,-21.8,2.0,1.0,14.0,0.5,0.1,0.7,-10.9,-6.5,-2.1,-6.5,2.0,9.2,14.0,0.5,0.1,0.7,-0.31,0.3,0.91,0.3,2.0,1.27,14.0,0.5,0.1,0.7,-1.4,1.7,4.7,1.7,2.0,6.3,14.0,0.5,0.1,0.7,2.62,3.39,4.15,3.39,2.0,1.58,14.0,0.5,0.1,0.7,12.4,16.7,21.0,16.7,2.0,8.9,14.0,0.5,0.1,0.7,-116.7,-112.3,-108.0,-112.3,2.0,9.0,14.0,0.5,0.1,0.7,-51.5,-30.6,-9.7,-30.6,2.0,43.3,14.0,0.5,0.1,0.7,-78.8,-74.4,-70.0,-74.4,2.0,9.1,14.0,0.5,0.1,0.7,-33.0,-19.6,-6.2,-19.6,2.0,27.7,14.0,0.5,0.1,0.7,-18.4,-15.2,-11.9,-15.2,2.0,6.7,14.0,0.5,0.1,0.7,-9.7,-5.7,-1.8,-5.7,2.0,8.1,14.0,0.5,0.1,0.7,103.0,115.0,127.0,115.0,2.0,25.0,14.0,0.5,0.1,0.7,105.0,115.0,125.0,115.0,2.0,25.0,14.0,0.5,0.1,0.7
1974,2,63.0,-30.0,24.7,24.7,24.7,24.7,1.0,0.0,6.0,0.0,0.8,1.0,23.5,23.5,23.5,23.5,1.0,0.0,6.0,0.0,0.8,1.0,14.4,14.4,14.4,14.4,1.0,0.0,6.0,0.0,0.8,1.0,80.7,80.7,80.7,80.7,1.0,0.0,6.0,0.0,1.0,8.7,8.7,8.7,8.7,1.0,0.0,6.0,0.0,0.8,1.0,-7.53,-7.53,-7.53,-7.53,1.0,0.0,6.0,0.0,0.8,1.0,-4.35,-4.35,-4.35,-4.35,1.0,0.0,6.0,0.0,0.8,1.0,1023.1,1023.1,1023.1,1023.1,1.0,0.0,6.0,0.0,0.8,1.0,3.0,3.0,3.0,3.0,1.0,0.0,6.0,0.0,0.8,1.0,-65.5,-65.5,-65.5,-65.5,1.0,0.0,6.0,0.0,0.8,1.0,-37.8,-37.8,-37.8,-37.8,1.0,0.0,6.0,0.0,0.8,1.0,1.2,1.2,1.2,1.2,1.0,0.0,6.0,0.0,0.8,1.0,10.4,10.4,10.4,10.4,1.0,0.0,6.0,0.0,0.8,1.0,4.83,4.83,4.83,4.83,1.0,0.0,6.0,0.0,0.8,1.0,42.0,42.0,42.0,42.0,1.0,0.0,6.0,0.0,0.8,1.0,-177.1,-177.1,-177.1,-177.1,1.0,0.0,6.0,0.0,0.8,1.0,-102.2,-102.2,-102.2,-102.2,1.0,0.0,6.0,0.0,0.8,1.0,-108.5,-108.5,-108.5,-108.5,1.0,0.0,6.0,0.0,0.8,1.0,-62.6,-62.6,-62.6,-62.6,1.0,0.0,6.0,0.0,0.8,1.0,-36.4,-36.4,-36.4,-36.4,1.0,0.0,6.0,0.0,0.8,1.0,-21.0,-21.0,-21.0,-21.0,1.0,0.0,6.0,0.0,0.8,1.0,658.5,658.5,658.5,658.5,1.0,0.0,6.0,0.0,0.8,1.0,660.0,660.0,660.0,660.0,1.0,0.0,6.0,0.0,0.8,1.0
1974,2,63.0,-29.0,23.79,24.4,24.6,24.2,3.0,0.62,12.0,0.3,0.3,0.8,23.8,24.0,24.68,24.23,3.0,0.68,12.0,0.3,0.3,0.8,14.18,14.34,15.19,14.68,3.0,0.79,12.0,0.3,0.3,0.8,77.3,79.3,79.4,78.4,3.0,1.7,12.0,0.3,0.8,5.74,8.2,8.75,7.27,3.0,2.34,12.0,0.3,0.3,0.8,-7.57,-7.1,-5.35,-6.48,3.0,1.72,12.0,0.3,0.3,0.8,-4.37,-4.1,-1.85,-3.13,3.0,2.03,12.0,0.3,0.3,0.8,1018.66,1019.0,1020.16,1019.4,3.0,1.15,12.0,0.3,0.3,0.8,2.0,2.0,6.1,4.0,3.0,3.5,12.0,0.3,0.3,0.8,-66.4,-58.2,-32.7,-49.7,3.0,25.7,12.0,0.3,0.3,0.8,-38.3,-33.6,-13.2,-25.9,3.0,19.6,12.0,0.3,0.3,0.8,-0.57,-0.5,0.52,-0.03,3.0,0.9,12.0,0.3,0.3,0.8,-3.7,-2.8,5.3,0.7,3.0,7.2,12.0,0.3,0.3,0.8,3.53,3.85,4.59,4.05,3.0,0.8,12.0,0.3,0.3,0.8,20.6,31.6,40.3,30.5,3.0,14.4,12.0,0.3,0.3,0.8,-180.2,-170.4,-131.4,-156.1,3.0,37.8,12.0,0.3,0.3,0.8,-104.0,-98.4,-44.9,-75.0,3.0,47.8,12.0,0.3,0.3,0.8,-108.1,-100.2,-80.0,-94.2,3.0,21.3,12.0,0.3,0.3,0.8,-62.4,-57.8,-26.9,-44.9,3.0,28.3,12.0,0.3,0.3,0.8,-34.9,-27.3,-19.1,-27.0,3.0,11.6,12.0,0.3,0.3,0.8,-20.2,-15.8,-6.9,-13.6,3.0,9.9,12.0,0.3,0.3,0.8,241.5,551.5,672.5,459.0,3.0,326.0,12.0,0.3,0.3,0.8,240.0,550.0,675.0,460.0,3.0,325.0,12.0,0.3,0.3,0.8
1974,2,63.0,-28.0,24.16,24.5,24.84,24.5,2.0,0.71,24.0,1.0,0.8,0.3,25.86,26.0,26.14,26.0,2.0,0.28,24.0,1.0,0.8,0.3,13.15,14.48,15.8,14.48,2.0,2.75,24.0,1.0,0.8,0.3,62.7,69.5,76.4,69.5,2.0,14.2,24.0,1.0,0.3,9.54,10.05,10.56,10.05,2.0,1.06,24.0,1.0,0.8,0.3,-8.81,-8.05,-7.29,-8.05,2.0,1.57,24.0,1.0,0.8,0.3,2.67,4.94,7.22,4.94,2.0,4.71,24.0,1.0,0.8,0.3,1016.07,1016.45,1016.83,1016.45,2.0,0.78,24.0,1.0,0.8,0.3,1.5,2.5,3.5,2.5,2.0,2.1,24.0,1.0,0.8,0.3,-83.6,-80.1,-76.6,-80.1,2.0,7.2,24.0,1.0,0.8,0.3,26.8,52.2,77.6,52.2,2.0,52.6,24.0,1.0,0.8,0.3,-1.7,-1.5,-1.3,-1.5,2.0,0.42,24.0,1.0,0.8,0.3,-16.1,-14.8,-13.6,-14.8,2.0,2.7,24.0,1.0,0.8,0.3,2.94,4.65,6.37,4.65,2.0,3.55,24.0,1.0,0.8,0.3,29.0,48.6,68.3,48.6,2.0,40.7,24.0,1.0,0.8,0.3,-227.7,-209.1,-190.5,-209.1,2.0,38.5,24.0,1.0,0.8,0.3,69.5,129.2,189.0,129.2,2.0,123.8,24.0,1.0,0.8,0.3,-140.3,-118.7,-97.0,-118.7,2.0,44.8,24.0,1.0,0.8,0.3,38.8,65.1,91.4,65.1,2.0,54.6,24.0,1.0,0.8,0.3,-45.0,-34.7,-24.4,-34.7,2.0,21.3,24.0,1.0,0.8,0.3,12.3,31.4,50.4,31.4,2.0,39.5,24.0,1.0,0.8,0.3,876.5,1032.0,1187.5,1032.0,2.0,322.0,24.0,1.0,0.8,0.3,875.0,1030.0,1185.0,1030.0,2.0,320.0,24.0,1.0,0.8,0.3
1974,2,63.0,-27.0,,,,,,,,,,,,,,,,,,,,,,,,,,,,,,,,,,,,,,,,12.0,12.0,12.0,12.0,1.0,0.0,6.0,0.0,0.1,0.6,-11.82,-11.82,-11.82,-11.82,1.0,0.0,6.0,0.0,0.1,0.6,-2.08,-2.08,-2.08,-2.08,1.0,0.0,6.0,0.0,0.1,0.6,1019.0,1019.0,1019.0,1019.0,1.0,0.0,6.0,0.0,0.1,0.6,,,,,,,,,,,,,,,,,,,,,,,,,,,,,,,,,,,,,,,,,,,,,,,,,,,,,,,,,,,,,,,,,,,,,,,,,,,,,,,,,,,,,,,,,,,,,,,,,,,,,,,,,,,,,,,,,,,,,,,,,,,,,,,,,,,,,,,,,,,,,,,,,,,,,,
1974,2,63.0,-23.0,,,,,,,,,,,,,,,,,,,,,,,,,,,,,,,,,,,,,,,,6.2,6.2,6.2,6.2,1.0,0.0,10.0,1.0,0.8,0.7,-3.99,-3.99,-3.99,-3.99,1.0,0.0,10.0,1.0,0.8,0.7,4.75,4.75,4.75,4.75,1.0,0.0,10.0,1.0,0.8,0.7,1010.5,1010.5,1010.5,1010.5,1.0,0.0,10.0,1.0,0.8,0.7,,,,,,,,,,,,,,,,,,,,,,,,,,,,,,,,,,,,,,,,,,,,,,,,,,,,,,,,,,,,,,,,,,,,,,,,,,,,,,,,,,,,,,,,,,,,,,,,,,,,,,,,,,,,,,,,,,,,,,,,,,,,,,,,,,,,,,,,,,,,,,,,,,,,,,
1974,2,63.0,-22.0,25.64,25.95,26.26,25.95,2.0,0.64,4.0,0.5,0.4,0.3,25.93,26.85,27.77,26.85,2.0,1.91,4.0,0.5,0.4,0.3,15.34,15.41,15.49,15.41,2.0,0.16,4.0,0.5,0.4,0.3,66.9,70.3,73.7,70.3,2.0,7.0,4.0,0.5,0.3,8.43,10.0,11.57,10.0,2.0,3.25,4.0,0.5,0.4,0.3,-11.41,-9.91,-8.4,-9.91,2.0,3.12,4.0,0.5,0.4,0.3,0.34,1.07,1.8,1.07,2.0,1.51,4.0,0.5,0.4,0.3,1012.65,1014.05,1015.45,1014.05,2.0,2.9,4.0,0.5,0.4,0.3,4.6,6.0,7.4,6.0,2.0,2.8,4.0,0.5,0.4,0.3,-134.8,-104.1,-73.5,-104.1,2.0,63.4,4.0,0.5,0.4,0.3,4.2,13.1,22.1,13.1,2.0,18.6,4.0,0.5,0.4,0.3,-1.51,-0.9,-0.29,-0.9,2.0,1.27,4.0,0.5,0.4,0.3,-11.7,-6.9,-2.2,-6.9,2.0,9.8,4.0,0.5,0.4,0.3,5.23,5.51,5.79,5.51,2.0,0.58,4.0,0.5,0.4,0.3,48.3,54.1,60.0,54.1,2.0,12.1,4.0,0.5,0.4,0.3,-294.3,-263.0,-231.7,-263.0,2.0,64.9,4.0,0.5,0.4,0.3,8.6,27.2,45.8,27.2,2.0,38.5,4.0,0.5,0.4,0.3,-174.9,-152.5,-130.0,-152.5,2.0,46.5,4.0,0.5,0.4,0.3,5.2,16.3,27.5,16.3,2.0,23.1,4.0,0.5,0.4,0.3,-59.2,-53.7,-48.1,-53.7,2.0,11.4,4.0,0.5,0.4,0.3,1.7,5.4,9.2,5.4,2.0,7.7,4.0,0.5,0.4,0.3,679.5,1158.5,1638.0,1158.5,2.0,993.0,4.0,0.5,0.4,0.3,680.0,1160.0,1640.0,1160.0,2.0,995.0,4.0,0.5,0.4,0.3
1974,2,63.0,-21.0,24.63,26.0,28.05,26.33,3.0,2.52,16.0,0.0,0.6,0.8,24.8,24.8,25.28,25.03,3.0,0.4,16.0,0.0,0.6,0.8,14.85,15.18,15.51,15.18,2.0,0.69,12.0,0.0,0.6,0.7,76.4,78.0,79.6,78.0,2.0,3.4,12.0,0.0,0.7,2.81,6.7,8.95,5.9,3.0,4.55,16.0,0.0,0.6,0.8,-6.39,-6.3,-2.59,-4.53,3.0,3.17,16.0,0.0,0.6,0.8,1.07,2.29,5.96,3.48,3.0,3.73,16.0,0.0,0.6,0.8,1013.0,1013.2,1014.43,1013.7,3.0,1.14,16.0,0.0,0.6,0.8,4.5,5.5,6.5,5.5,2.0,2.1,12.0,0.0,0.6,0.7,-57.3,-42.2,-14.0,-35.8,3.0,32.2,16.0,0.0,0.6,0.8,5.2,15.4,57.2,30.8,3.0,40.3,16.0,0.0,0.6,0.8,-0.17,1.2,2.77,1.3,3.0,2.15,16.0,0.0,0.6,0.8,-3.3,1.2,24.3,10.3,3.0,21.7,16.0,0.0,0.6,0.8,3.47,4.6,5.74,4.6,2.0,2.35,12.0,0.0,0.6,0.7,8.4,13.0,17.6,13.0,2.0,9.5,12.0,0.0,0.6,0.7,-161.4,-156.1,-64.2,-113.8,3.0,80.1,16.0,0.0,0.6,0.8,26.5,56.8,151.4,88.2,3.0,95.4,16.0,0.0,0.6,0.8,-85.0,-55.7,-26.4,-55.7,2.0,60.8,12.0,0.0,0.6,0.7,11.9,21.6,31.4,21.6,2.0,20.2,12.0,0.0,0.6,0.7,-16.4,-12.0,-7.5,-12.0,2.0,9.3,12.0,0.0,0.6,0.7,3.7,4.9,6.2,4.9,2.0,2.5,12.0,0.0,0.6,0.7,96.0,301.0,778.0,434.0,3.0,512.5,16.0,0.0,0.6,0.8,95.0,300.0,780.0,435.0,3.0,515.0,16.0,0.0,0.6,0.8
1974,2,63.0,-19.0,26.73,27.65,28.57,27.65,2.0,1.91,16.0,0.0,0.6,0.6,26.4,27.05,27.7,27.05,2.0,1.34,16.0,0.0,0.6,0.6,15.76,16.34,16.91,16.34,2.0,1.19,16.0,0.0,0.6,0.6,72.7,73.0,73.4,73.0,2.0,0.7,16.0,0.0,0.6,6.69,7.75,8.81,7.75,2.0,2.19,16.0,0.0,0.6,0.6,-7.71,-4.58,-1.45,-4.58,2.0,6.48,16.0,0.0,0.6,0.6,2.34,3.91,5.47,3.91,2.0,3.24,16.0,0.0,0.6,0.6,1008.25,1009.85,1011.45,1009.85,2.0,3.32,16.0,0.0,0.6,0.6,2.5,3.5,4.5,3.5,2.0,2.1,16.0,0.0,0.6,0.6,-71.7,-42.6,-13.5,-42.6,2.0,60.2,16.0,0.0,0.6,0.6,18.7,26.7,34.7,26.7,2.0,16.6,16.0,0.0,0.6,0.6,0.33,0.6,0.87,0.6,2.0,0.57,16.0,0.0,0.6,0.6,2.5,4.0,5.5,4.0,2.0,3.1,16.0,0.0,0.6,0.6,6.25,6.99,7.72,6.99,2.0,1.52,16.0,0.0,0.6,0.6,50.8,52.5,54.2,52.5,2.0,3.5,16.0,0.0,0.6,0.6,-201.1,-119.5,-37.9,-119.5,2.0,169.0,16.0,0.0,0.6,0.6,63.0,107.9,152.7,107.9,2.0,92.9,16.0,0.0,0.6,0.6,-119.4,-70.9,-22.5,-70.9,2.0,100.3,16.0,0.0,0.6,0.6,38.0,65.8,93.6,65.8,2.0,57.6,16.0,0.0,0.6,0.6,-45.5,-27.1,-8.6,-27.1,2.0,38.3,16.0,0.0,0.6,0.6,16.0,29.8,43.6,29.8,2.0,28.6,16.0,0.0,0.6,0.6,328.0,521.5,714.5,521.5,2.0,400.0,16.0,0.0,0.6,0.6,330.0,520.0,715.0,520.0,2.0,400.0,16.0,0.0,0.6,0.6
1974,2,63.0,-18.0,26.09,27.0,28.0,26.97,10.0,0.97,14.0,0.5,0.4,0.9,25.46,26.1,28.41,26.9,10.0,1.67,14.0,0.5,0.4,0.9,17.27,18.14,18.93,17.91,6.0,1.3,14.0,0.5,0.4,0.9,78.7,84.8,88.7,84.7,6.0,6.2,14.0,0.5,0.9,4.6,5.1,8.65,6.36,9.0,2.19,14.0,0.6,0.3,0.8,-7.64,-5.1,-2.48,-5.03,9.0,3.22,14.0,0.6,0.3,0.8,-1.15,2.63,4.24,1.46,9.0,2.99,14.0,0.6,0.3,0.8,1010.41,1011.45,1012.79,1011.65,10.0,1.61,14.0,0.5,0.4,0.9,2.0,3.5,7.6,4.4,10.0,2.6,14.0,0.5,0.4,0.9,-66.3,-26.0,-11.4,-37.4,9.0,33.1,14.0,0.6,0.3,0.8,-5.3,16.2,32.1,12.1,9.0,19.8,14.0,0.6,0.3,0.8,-1.47,0.2,1.16,0.07,10.0,1.69,14.0,0.5,0.4,0.9,-15.1,0.5,5.1,-2.2,9.0,11.8,14.0,0.6,0.3,0.8,3.36,4.52,5.34,4.34,6.0,1.1,14.0,0.5,0.4,0.9,19.5,23.0,24.6,21.6,6.0,4.8,14.0,0.5,0.4,0.9,-220.8,-133.6,-63.7,-137.5,9.0,93.0,14.0,0.6,0.3,0.8,-29.0,79.0,120.2,42.1,9.0,81.4,14.0,0.6,0.3,0.8,-99.5,-61.5,-29.2,-60.3,6.0,46.4,14.0,0.5,0.4,0.9,-33.9,0.0,70.7,9.6,6.0,58.1,14.0,0.5,0.4,0.9,-23.7,-17.9,-4.0,-14.2,6.0,11.3,14.0,0.5,0.4,0.9,-9.1,0.0,18.5,3.6,6.0,14.0,14.0,0.5,0.4,0.9,97.5,132.5,655.5,344.5,9.0,355.5,14.0,0.6,0.3,0.8,95.0,135.0,655.0,345.0,9.0,355.0,14.0,0.6,0.3,0.8
1974,2,63.0,-17.0,26.76,27.2,28.0,27.23,19.0,0.88,18.0,0.6,0.5,0.6,26.0,26.8,27.4,26.74,20.0,0.99,18.0,0.6,0.5,0.6,15.22,16.35,17.52,16.36,14.0,1.15,18.0,0.5,0.4,0.7,69.8,75.9,80.3,75.9,14.0,5.2,18.0,0.5,0.7,6.0,7.2,9.3,7.37,20.0,1.84,18.0,0.6,0.5,0.6,-8.56,-6.36,-4.32,-6.31,20.0,2.17,18.0,0.6,0.5,0.6,0.01,2.88,5.13,2.65,20.0,2.56,18.0,0.6,0.5,0.6,1010.0,1011.7,1013.99,1012.01,20.0,2.33,18.0,0.6,0.5,0.6,2.0,3.0,6.0,3.7,20.0,2.0,18.0,0.6,0.5,0.6,-74.9,-48.9,-28.9,-49.6,20.0,25.5,18.0,0.6,0.5,0.6,0.0,17.9,41.1,20.7,20.0,22.3,18.0,0.6,0.5,0.6,-0.86,0.5,1.31,0.43,19.0,1.19,18.0,0.6,0.5,0.6,-7.2,2.9,11.3,2.9,19.0,10.0,18.0,0.6,0.5,0.6,5.01,5.94,7.49,6.06,13.0,1.23,16.0,0.5,0.4,0.7,33.9,40.6,54.3,43.9,13.0,11.7,16.0,0.5,0.4,0.7,-230.1,-167.7,-113.2,-169.2,20.0,60.4,18.0,0.6,0.5,0.6,0.2,76.5,134.5,70.7,20.0,67.4,18.0,0.6,0.5,0.6,-131.9,-113.0,-75.6,-108.1,14.0,33.1,18.0,0.5,0.4,0.7,0.0,36.0,75.2,32.3,14.0,39.7,18.0,0.5,0.4,0.7,-50.7,-40.0,-25.5,-38.9,13.0,10.5,16.0,0.5,0.4,0.7,-0.7,12.7,29.8,13.8,13.0,16.4,16.0,0.5,0.4,0.7,216.0,373.0,803.0,470.0,20.0,304.5,18.0,0.6,0.5,0.6,215.0,375.0,805.0,470.0,20.0,305.0,18.0,0.6,0.5,0.6
1974,2,63.0,-16.0,26.42,26.8,27.76,27.03,15.0,0.82,12.0,0.7,0.5,0.4,26.11,26.85,27.5,26.9,14.0,0.86,12.0,0.6,0.5,0.3,15.88,17.38,18.46,17.17,14.0,1.32,12.0,0.6,0.5,0.3,72.3,77.6,83.9,77.6,14.0,6.8,12.0,0.6,0.3,4.6,6.0,7.87,6.19,15.0,1.75,12.0,0.7,0.5,0.4,-7.48,-5.64,-4.2,-5.74,15.0,1.95,12.0,0.7,0.5,0.4,-1.98,0.0,2.77,0.08,15.0,2.24,12.0,0.7,0.5,0.4,1009.8,1011.2,1012.0,1011.03,15.0,1.55,12.0,0.7,0.5,0.4,2.2,3.0,7.8,4.5,15.0,2.4,12.0,0.7,0.5,0.4,-59.1,-33.8,-17.7,-38.5,15.0,24.6,12.0,0.7,0.5,0.4,-11.6,0.0,13.5,0.3,15.0,14.7,12.0,0.7,0.5,0.4,-0.49,0.2,0.7,0.16,14.0,0.67,12.0,0.6,0.5,0.3,-2.4,0.8,4.2,1.1,14.0,5.0,12.0,0.6,0.5,0.3,3.34,5.74,6.33,5.28,14.0,1.61,12.0,0.6,0.5,0.3,20.1,28.2,39.4,33.1,14.0,14.4,12.0,0.6,0.5,0.3,-206.5,-150.2,-112.1,-155.9,14.0,55.4,12.0,0.6,0.5,0.3,-53.1,0.0,79.7,1.9,14.0,62.1,12.0,0.6,0.5,0.3,-142.4,-99.5,-71.4,-99.6,14.0,36.0,12.0,0.6,0.5,0.3,-37.8,0.0,42.4,0.4,14.0,41.0,12.0,0.6,0.5,0.3,-39.3,-27.1,-18.9,-30.8,14.0,14.8,12.0,0.6,0.5,0.3,-8.8,0.0,14.0,2.0,14.0,11.9,12.0,0.6,0.5,0.3,97.5,216.0,496.0,294.0,15.0,267.0,12.0,0.7,0.5,0.4,95.0,215.0,495.0,295.0,15.0,265.0,12.0,0.7,0.5,0.4
1974,2,63.0,-15.0,28.6,28.6,28.6,28.6,1.0,0.0,20.0,1.0,0.2,0.9,28.0,28.0,28.0,28.0,1.0,0.0,20.0,1.0,0.2,0.9,17.07,17.07,17.07,17.07,1.0,0.0,20.0,1.0,0.2,0.9,72.5,72.5,72.5,72.5,1.0,0.0,20.0,1.0,0.9,9.3,9.3,9.3,9.3,1.0,0.0,20.0,1.0,0.2,0.9,-8.74,-8.74,-8.74,-8.74,1.0,0.0,20.0,1.0,0.2,0.9,3.18,3.18,3.18,3.18,1.0,0.0,20.0,1.0,0.2,0.9,1013.9,1013.9,1013.9,1013.9,1.0,0.0,20.0,1.0,0.2,0.9,3.0,3.0,3.0,3.0,1.0,0.0,20.0,1.0,0.2,0.9,-81.3,-81.3,-81.3,-81.3,1.0,0.0,20.0,1.0,0.2,0.9,29.6,29.6,29.6,29.6,1.0,0.0,20.0,1.0,0.2,0.9,0.6,0.6,0.6,0.6,1.0,0.0,20.0,1.0,0.2,0.9,5.6,5.6,5.6,5.6,1.0,0.0,20.0,1.0,0.2,0.9,7.43,7.43,7.43,7.43,1.0,0.0,20.0,1.0,0.2,0.9,69.1,69.1,69.1,69.1,1.0,0.0,20.0,1.0,0.2,0.9,-244.7,-244.7,-244.7,-244.7,1.0,0.0,20.0,1.0,0.2,0.9,89.1,89.1,89.1,89.1,1.0,0.0,20.0,1.0,0.2,0.9,-149.2,-149.2,-149.2,-149.2,1.0,0.0,20.0,1.0,0.2,0.9,54.3,54.3,54.3,54.3,1.0,0.0,20.0,1.0,0.2,0.9,-64.9,-64.9,-64.9,-64.9,1.0,0.0,20.0,1.0,0.2,0.9,23.6,23.6,23.6,23.6,1.0,0.0,20.0,1.0,0.2,0.9,804.5,804.5,804.5,804.5,1.0,0.0,20.0,1.0,0.2,0.9,805.0,805.0,805.0,805.0,1.0,0.0,20.0,1.0,0.2,0.9
1974,2,63.0,-14.0,28.1,28.3,28.71,28.4,3.0,0.46,12.0,0.3,0.5,0.5,25.18,26.0,26.82,26.0,2.0,1.7,10.0,0.5,0.7,0.5,18.21,18.23,18.25,18.23,2.0,0.04,10.0,0.5,0.7,0.5,83.1,87.1,91.2,87.1,2.0,8.4,10.0,0.5,0.5,3.67,5.1,5.85,4.77,3.0,1.63,12.0,0.3,0.5,0.5,-4.47,-3.1,-2.76,-3.6,3.0,1.32,12.0,0.3,0.5,0.5,-1.02,0.0,3.67,1.29,3.0,3.61,12.0,0.3,0.5,0.5,1011.56,1013.2,1013.75,1012.67,3.0,1.67,12.0,0.3,0.5,0.5,1.3,2.0,6.1,3.7,3.0,3.8,12.0,0.3,0.5,0.5,-23.9,-19.2,-11.4,-17.7,3.0,9.2,12.0,0.3,0.5,0.5,-3.1,0.0,22.7,9.6,3.0,20.6,12.0,0.3,0.5,0.5,1.58,2.6,3.62,2.6,2.0,2.12,10.0,0.5,0.7,0.5,9.1,13.9,18.7,13.9,2.0,10.0,10.0,0.5,0.7,0.5,5.96,6.31,6.65,6.31,2.0,0.71,10.0,0.5,0.7,0.5,34.9,35.4,35.8,35.4,2.0,0.9,10.0,0.5,0.7,0.5,-119.8,-105.4,-91.0,-105.4,2.0,29.8,10.0,0.5,0.7,0.5,23.2,73.0,122.9,73.0,2.0,103.3,10.0,0.5,0.7,0.5,-87.1,-74.7,-62.3,-74.7,2.0,25.6,10.0,0.5,0.7,0.5,15.6,49.0,82.5,49.0,2.0,69.3,10.0,0.5,0.7,0.5,-32.1,-26.4,-20.7,-26.4,2.0,11.8,10.0,0.5,0.7,0.5,4.9,15.6,26.2,15.6,2.0,22.0,10.0,0.5,0.7,0.5,60.5,132.5,205.0,132.5,3.0,105.5,12.0,0.3,0.5,0.5,60.0,135.0,205.0,135.0,3.0,105.0,12.0,0.3,0.5,0.5
1974,2,63.0,-12.0,28.42,28.45,28.48,28.45,2.0,0.07,24.0,0.0,0.6,0.6,27.33,27.4,27.47,27.4,2.0,0.14,24.0,0.0,0.6,0.6,16.71,17.53,18.35,17.53,2.0,1.7,24.0,0.0,0.6,0.6,73.5,76.8,80.2,76.8,2.0,6.9,24.0,0.0,0.6,2.6,2.6,2.6,2.6,1.0,0.0,20.0,0.0,0.9,1.0,-2.6,-2.6,-2.6,-2.6,1.0,0.0,20.0,0.0,0.9,1.0,0.0,0.0,0.0,0.0,1.0,0.0,20.0,0.0,0.9,1.0,1009.79,1011.05,1012.31,1011.05,2.0,2.62,24.0,0.0,0.6,0.6,1.3,2.0,2.7,2.0,2.0,1.4,24.0,0.0,0.6,0.6,-6.8,-6.8,-6.8,-6.8,1.0,0.0,20.0,0.0,0.9,1.0,0.0,0.0,0.0,0.0,1.0,0.0,20.0,0.0,0.9,1.0,1.02,1.05,1.08,1.05,2.0,0.07,24.0,0.0,0.6,0.6,2.6,2.6,2.6,2.6,1.0,0.0,20.0,0.0,0.9,1.0,6.02,6.82,7.62,6.82,2.0,1.66,24.0,0.0,0.6,0.6,14.7,14.7,14.7,14.7,1.0,0.0,20.0,0.0,0.9,1.0,-71.5,-71.5,-71.5,-71.5,1.0,0.0,20.0,0.0,0.9,1.0,0.0,0.0,0.0,0.0,1.0,0.0,20.0,0.0,0.9,1.0,-48.7,-48.7,-48.7,-48.7,1.0,0.0,20.0,0.0,0.9,1.0,0.0,0.0,0.0,0.0,1.0,0.0,20.0,0.0,0.9,1.0,-14.7,-14.7,-14.7,-14.7,1.0,0.0,20.0,0.0,0.9,1.0,0.0,0.0,0.0,0.0,1.0,0.0,20.0,0.0,0.9,1.0,17.5,17.5,17.5,17.5,1.0,0.0,20.0,0.0,0.9,1.0,20.0,20.0,20.0,20.0,1.0,0.0,20.0,0.0,0.9,1.0
1974,2,63.0,-11.0,26.58,27.8,28.0,27.36,5.0,0.82,10.0,0.6,0.5,0.5,25.9,26.9,29.27,27.55,4.0,2.22,10.0,0.5,0.5,0.5,17.35,17.47,17.88,17.61,3.0,0.4,8.0,0.3,0.5,0.6,77.0,83.0,85.8,81.5,3.0,6.6,8.0,0.3,0.6,0.24,1.3,4.77,2.45,4.0,3.29,12.0,0.8,0.4,0.6,-0.26,0.36,4.11,1.86,4.0,3.6,12.0,0.8,0.4,0.6,-0.05,0.0,1.03,0.47,4.0,1.0,12.0,0.8,0.4,0.6,1009.2,1010.8,1012.56,1010.88,4.0,1.95,10.0,0.5,0.5,0.5,2.6,6.0,8.0,5.4,5.0,2.8,10.0,0.6,0.5,0.5,-0.1,0.8,27.9,13.3,4.0,25.7,12.0,0.8,0.4,0.6,0.0,0.0,2.2,1.0,4.0,2.1,12.0,0.8,0.4,0.6,-1.36,0.2,0.61,-0.35,4.0,1.54,10.0,0.5,0.5,0.5,-0.9,0.0,2.0,0.5,3.0,2.1,14.0,0.7,0.4,0.5,3.66,4.65,5.63,4.65,3.0,1.44,8.0,0.3,0.5,0.6,3.7,11.5,19.4,11.5,2.0,16.3,12.0,0.5,0.4,0.7,-10.3,0.0,126.8,56.9,3.0,111.9,14.0,0.7,0.4,0.5,-1.8,0.0,0.0,-0.9,3.0,1.5,14.0,0.7,0.4,0.5,20.6,65.0,109.4,65.0,2.0,92.0,12.0,0.5,0.4,0.7,0.0,0.0,0.0,0.0,2.0,0.0,12.0,0.5,0.4,0.7,3.7,11.5,19.4,11.5,2.0,16.3,12.0,0.5,0.4,0.7,0.0,0.0,0.0,0.0,2.0,0.0,12.0,0.5,0.4,0.7,0.0,4.5,200.0,95.5,4.0,185.0,12.0,0.8,0.4,0.6,0.0,5.0,200.0,95.0,4.0,185.0,12.0,0.8,0.4,0.6
1974,2,63.0,-9.0,27.0,27.0,27.0,27.0,1.0,0.0,4.0,0.0,0.1,1.0,26.0,26.0,26.0,26.0,1.0,0.0,4.0,0.0,0.1,1.0,16.63,16.63,16.63,16.63,1.0,0.0,4.0,0.0,0.1,1.0,79.1,79.1,79.1,79.1,1.0,0.0,4.0,0.0,1.0,5.1,5.1,5.1,5.1,1.0,0.0,4.0,0.0,0.1,1.0,5.1,5.1,5.1,5.1,1.0,0.0,4.0,0.0,0.1,1.0,0.0,0.0,0.0,0.0,1.0,0.0,4.0,0.0,0.1,1.0,1009.5,1009.5,1009.5,1009.5,1.0,0.0,4.0,0.0,0.1,1.0,3.0,3.0,3.0,3.0,1.0,0.0,4.0,0.0,0.1,1.0,26.0,26.0,26.0,26.0,1.0,0.0,4.0,0.0,0.1,1.0,0.0,0.0,0.0,0.0,1.0,0.0,4.0,0.0,0.1,1.0,1.0,1.0,1.0,1.0,1.0,0.0,4.0,0.0,0.1,1.0,5.1,5.1,5.1,5.1,1.0,0.0,4.0,0.0,0.1,1.0,5.75,5.75,5.75,5.75,1.0,0.0,4.0,0.0,0.1,1.0,29.3,29.3,29.3,29.3,1.0,0.0,4.0,0.0,0.1,1.0,132.6,132.6,132.6,132.6,1.0,0.0,4.0,0.0,0.1,1.0,0.0,0.0,0.0,0.0,1.0,0.0,4.0,0.0,0.1,1.0,84.8,84.8,84.8,84.8,1.0,0.0,4.0,0.0,0.1,1.0,0.0,0.0,0.0,0.0,1.0,0.0,4.0,0.0,0.1,1.0,29.3,29.3,29.3,29.3,1.0,0.0,4.0,0.0,0.1,1.0,0.0,0.0,0.0,0.0,1.0,0.0,4.0,0.0,0.1,1.0,132.5,132.5,132.5,132.5,1.0,0.0,4.0,0.0,0.1,1.0,135.0,135.0,135.0,135.0,1.0,0.0,4.0,0.0,0.1,1.0
1974,2,63.0,-7.0,28.12,28.6,28.87,28.5,3.0,0.56,14.0,0.3,0.4,0.6,26.86,27.2,28.16,27.5,3.0,0.98,14.0,0.3,0.4,0.6,17.21,17.8,18.28,17.75,3.0,0.78,14.0,0.3,0.4,0.6,74.1,77.3,80.6,77.4,3.0,4.8,14.0,0.3,0.6,0.41,1.3,2.19,1.3,2.0,1.84,18.0,0.5,0.4,0.5,0.14,0.44,0.75,0.44,2.0,0.63,18.0,0.5,0.4,0.5,-2.06,-1.22,-0.39,-1.22,2.0,1.73,18.0,0.5,0.4,0.5,1008.86,1009.2,1011.59,1010.2,3.0,2.18,14.0,0.3,0.4,0.6,3.0,3.0,3.7,3.3,3.0,0.6,14.0,0.3,0.4,0.6,0.4,1.2,1.9,1.2,2.0,1.6,18.0,0.5,0.4,0.5,-5.3,-3.2,-1.0,-3.2,2.0,4.5,18.0,0.5,0.4,0.5,0.22,0.7,1.79,1.0,3.0,1.18,14.0,0.3,0.4,0.6,0.3,0.9,1.5,0.9,2.0,1.3,18.0,0.5,0.4,0.5,5.6,6.82,7.8,6.7,3.0,1.62,14.0,0.3,0.4,0.6,2.1,6.5,11.0,6.5,2.0,9.2,18.0,0.5,0.4,0.5,3.8,12.1,20.3,12.1,2.0,17.1,18.0,0.5,0.4,0.5,-55.9,-33.2,-10.5,-33.2,2.0,47.0,18.0,0.5,0.4,0.5,2.6,8.2,13.8,8.2,2.0,11.6,18.0,0.5,0.4,0.5,-38.0,-22.6,-7.2,-22.6,2.0,32.0,18.0,0.5,0.4,0.5,0.7,2.2,3.8,2.2,2.0,3.2,18.0,0.5,0.4,0.5,-10.3,-6.1,-1.9,-6.1,2.0,8.7,18.0,0.5,0.4,0.5,3.0,9.0,15.0,9.0,2.0,12.5,18.0,0.5,0.4,0.5,5.0,10.0,15.0,10.0,2.0,10.0,18.0,0.5,0.4,0.5
1974,2,63.0,-6.0,28.7,28.7,28.7,28.7,1.0,0.0,18.0,1.0,0.1,0.3,30.6,30.6,30.6,30.6,1.0,0.0,18.0,1.0,0.1,0.3,17.48,17.48,17.48,17.48,1.0,0.0,18.0,1.0,0.1,0.3,63.5,63.5,63.5,63.5,1.0,0.0,18.0,1.0,0.3,2.6,2.6,2.6,2.6,1.0,0.0,18.0,1.0,0.1,0.3,-2.56,-2.56,-2.56,-2.56,1.0,0.0,18.0,1.0,0.1,0.3,0.45,0.45,0.45,0.45,1.0,0.0,18.0,1.0,0.1,0.3,1008.5,1008.5,1008.5,1008.5,1.0,0.0,18.0,1.0,0.1,0.3,7.0,7.0,7.0,7.0,1.0,0.0,18.0,1.0,0.1,0.3,-6.7,-6.7,-6.7,-6.7,1.0,0.0,18.0,1.0,0.1,0.3,1.2,1.2,1.2,1.2,1.0,0.0,18.0,1.0,0.1,0.3,-1.9,-1.9,-1.9,-1.9,1.0,0.0,18.0,1.0,0.1,0.3,-4.9,-4.9,-4.9,-4.9,1.0,0.0,18.0,1.0,0.1,0.3,7.29,7.29,7.29,7.29,1.0,0.0,18.0,1.0,0.1,0.3,19.0,19.0,19.0,19.0,1.0,0.0,18.0,1.0,0.1,0.3,-78.4,-78.4,-78.4,-78.4,1.0,0.0,18.0,1.0,0.1,0.3,13.8,13.8,13.8,13.8,1.0,0.0,18.0,1.0,0.1,0.3,-44.8,-44.8,-44.8,-44.8,1.0,0.0,18.0,1.0,0.1,0.3,7.9,7.9,7.9,7.9,1.0,0.0,18.0,1.0,0.1,0.3,-18.7,-18.7,-18.7,-18.7,1.0,0.0,18.0,1.0,0.1,0.3,3.3,3.3,3.3,3.3,1.0,0.0,18.0,1.0,0.1,0.3,17.5,17.5,17.5,17.5,1.0,0.0,18.0,1.0,0.1,0.3,20.0,20.0,20.0,20.0,1.0,0.0,18.0,1.0,0.1,0.3
1974,2,63.0,-4.0,27.1,27.3,27.5,27.3,2.0,0.42,14.0,0.5,0.2,1.0,26.0,26.0,26.82,26.4,3.0,0.69,14.0,0.3,0.2,0.8,15.96,16.83,17.69,16.83,2.0,1.79,20.0,0.5,0.2,0.7,71.6,77.5,83.4,77.5,2.0,12.2,20.0,0.5,0.7,5.27,6.7,8.07,6.67,3.0,2.05,14.0,0.3,0.2,0.8,-3.03,3.98,4.23,0.68,3.0,6.04,14.0,0.3,0.2,0.8,-5.87,-2.3,-2.29,-4.04,3.0,3.02,14.0,0.3,0.2,0.8,1008.34,1009.5,1010.39,1009.37,3.0,1.5,14.0,0.3,0.2,0.8,4.6,8.0,8.0,6.3,3.0,2.9,14.0,0.3,0.2,0.8,-23.0,18.3,31.6,4.7,3.0,41.7,14.0,0.3,0.2,0.8,-49.6,-15.4,-12.1,-30.5,3.0,30.5,14.0,0.3,0.2,0.8,1.1,1.3,1.5,1.3,2.0,0.42,14.0,0.5,0.2,1.0,6.8,7.0,7.3,7.0,2.0,0.5,14.0,0.5,0.2,1.0,5.07,5.07,5.07,5.07,1.0,0.0,22.0,1.0,0.3,0.9,23.3,23.3,23.3,23.3,1.0,0.0,22.0,1.0,0.3,0.9,-78.9,103.6,113.6,19.4,3.0,158.7,14.0,0.3,0.2,0.8,-158.9,-59.8,-59.6,-108.1,3.0,83.9,14.0,0.3,0.2,0.8,68.4,69.9,71.4,69.9,2.0,3.1,20.0,0.5,0.2,0.7,-105.2,-79.4,-53.6,-79.4,2.0,53.5,20.0,0.5,0.2,0.7,20.2,20.2,20.2,20.2,1.0,0.0,22.0,1.0,0.3,0.9,-11.7,-11.7,-11.7,-11.7,1.0,0.0,22.0,1.0,0.3,0.9,162.0,301.0,545.0,352.0,3.0,284.0,14.0,0.3,0.2,0.8,160.0,300.0,545.0,350.0,3.0,285.0,14.0,0.3,0.2,0.8
1974,2,63.0,-2.0,28.0,28.0,28.0,28.0,1.0,0.0,16.0,1.0,0.3,0.2,30.6,30.6,30.6,30.6,1.0,0.0,16.0,1.0,0.3,0.2,18.68,18.68,18.68,18.68,1.0,0.0,16.0,1.0,0.3,0.2,67.9,67.9,67.9,67.9,1.0,0.0,16.0,1.0,0.2,0.5,0.5,0.5,0.5,1.0,0.0,16.0,1.0,0.3,0.2,-0.49,-0.49,-0.49,-0.49,1.0,0.0,16.0,1.0,0.3,0.2,-0.09,-0.09,-0.09,-0.09,1.0,0.0,16.0,1.0,0.3,0.2,1009.3,1009.3,1009.3,1009.3,1.0,0.0,16.0,1.0,0.3,0.2,3.0,3.0,3.0,3.0,1.0,0.0,16.0,1.0,0.3,0.2,-0.2,-0.2,-0.2,-0.2,1.0,0.0,16.0,1.0,0.3,0.2,0.0,0.0,0.0,0.0,1.0,0.0,16.0,1.0,0.3,0.2,-2.6,-2.6,-2.6,-2.6,1.0,0.0,16.0,1.0,0.3,0.2,-1.3,-1.3,-1.3,-1.3,1.0,0.0,16.0,1.0,0.3,0.2,5.07,5.07,5.07,5.07,1.0,0.0,16.0,1.0,0.3,0.2,2.5,2.5,2.5,2.5,1.0,0.0,16.0,1.0,0.3,0.2,-15.1,-15.1,-15.1,-15.1,1.0,0.0,16.0,1.0,0.3,0.2,-2.7,-2.7,-2.7,-2.7,1.0,0.0,16.0,1.0,0.3,0.2,-9.2,-9.2,-9.2,-9.2,1.0,0.0,16.0,1.0,0.3,0.2,-1.6,-1.6,-1.6,-1.6,1.0,0.0,16.0,1.0,0.3,0.2,-2.5,-2.5,-2.5,-2.5,1.0,0.0,16.0,1.0,0.3,0.2,-0.4,-0.4,-0.4,-0.4,1.0,0.0,16.0,1.0,0.3,0.2,0.0,0.0,0.0,0.0,1.0,0.0,16.0,1.0,0.3,0.2,0.0,0.0,0.0,0.0,1.0,0.0,16.0,1.0,0.3,0.2
1974,2,63.0,-1.0,28.75,28.85,28.95,28.85,2.0,0.21,18.0,1.0,0.2,0.6,27.98,28.8,29.62,28.8,2.0,1.7,18.0,1.0,0.2,0.6,17.62,17.98,18.34,17.98,2.0,0.75,18.0,1.0,0.2,0.6,70.8,72.7,74.7,72.7,2.0,4.1,18.0,1.0,0.6,4.68,4.85,5.02,4.85,2.0,0.35,18.0,1.0,0.2,0.6,-2.51,-2.42,-2.34,-2.42,2.0,0.18,18.0,1.0,0.2,0.6,-4.35,-4.2,-4.05,-4.2,2.0,0.31,18.0,1.0,0.2,0.6,1010.37,1011.15,1011.94,1011.15,2.0,1.63,18.0,1.0,0.2,0.6,2.5,3.5,4.5,3.5,2.0,2.1,18.0,1.0,0.2,0.6,-12.6,-11.8,-11.0,-11.8,2.0,1.7,18.0,1.0,0.2,0.6,-21.9,-20.4,-19.0,-20.4,2.0,3.0,18.0,1.0,0.2,0.6,-0.67,0.05,0.77,0.05,2.0,1.48,18.0,1.0,0.2,0.6,-3.5,0.0,3.4,0.0,2.0,7.2,18.0,1.0,0.2,0.6,6.71,6.94,7.17,6.94,2.0,0.48,18.0,1.0,0.2,0.6,33.5,33.6,33.7,33.6,2.0,0.1,18.0,1.0,0.2,0.6,-74.4,-70.0,-65.5,-70.0,2.0,9.2,18.0,1.0,0.2,0.6,-128.9,-121.2,-113.5,-121.2,2.0,15.9,18.0,1.0,0.2,0.6,-46.1,-43.7,-41.3,-43.7,2.0,5.0,18.0,1.0,0.2,0.6,-79.8,-75.7,-71.5,-75.7,2.0,8.6,18.0,1.0,0.2,0.6,-16.8,-16.8,-16.8,-16.8,2.0,0.1,18.0,1.0,0.2,0.6,-29.2,-29.1,-29.0,-29.1,2.0,0.1,18.0,1.0,0.2,0.6,103.0,115.0,127.0,115.0,2.0,25.0,18.0,1.0,0.2,0.6,105.0,115.0,125.0,115.0,2.0,25.0,18.0,1.0,0.2,0.6
1974,2,63.0,0.0,28.83,28.9,28.97,28.9,2.0,0.14,16.0,0.5,0.6,0.1,28.56,29.75,30.94,29.75,2.0,2.47,16.0,0.5,0.6,0.1,17.37,17.94,18.51,17.94,2.0,1.18,16.0,0.5,0.6,0.1,66.1,68.7,71.3,68.7,2.0,5.4,16.0,0.5,0.1,0.41,1.3,2.19,1.3,2.0,1.84,16.0,0.5,0.6,0.1,-1.41,-0.84,-0.27,-0.84,2.0,1.18,16.0,0.5,0.6,0.1,-1.68,-1.0,-0.32,-1.0,2.0,1.41,16.0,0.5,0.6,0.1,1010.77,1011.35,1011.93,1011.35,2.0,1.2,16.0,0.5,0.6,0.1,1.5,2.5,3.5,2.5,2.0,2.1,16.0,0.5,0.6,0.1,-3.7,-2.2,-0.7,-2.2,2.0,3.1,16.0,0.5,0.6,0.1,-4.4,-2.6,-0.8,-2.6,2.0,3.7,16.0,0.5,0.6,0.1,-1.98,-0.85,0.28,-0.85,2.0,2.33,16.0,0.5,0.6,0.1,-5.5,-3.2,-1.0,-3.2,2.0,4.6,16.0,0.5,0.6,0.1,6.6,7.06,7.52,7.06,2.0,0.94,16.0,0.5,0.6,0.1,2.6,8.3,14.0,8.3,2.0,11.8,16.0,0.5,0.6,0.1,-44.3,-26.3,-8.4,-26.3,2.0,37.2,16.0,0.5,0.6,0.1,-52.8,-31.4,-10.0,-31.4,2.0,44.4,16.0,0.5,0.6,0.1,-26.4,-15.7,-5.0,-15.7,2.0,22.2,16.0,0.5,0.6,0.1,-31.5,-18.7,-5.9,-18.7,2.0,26.4,16.0,0.5,0.6,0.1,-9.0,-5.3,-1.7,-5.3,2.0,7.6,16.0,0.5,0.6,0.1,-10.7,-6.4,-2.0,-6.4,2.0,9.0,16.0,0.5,0.6,0.1,3.0,9.0,15.0,9.0,2.0,12.5,16.0,0.5,0.6,0.1,5.0,10.0,15.0,10.0,2.0,10.0,16.0,0.5,0.6,0.1
1974,2,63.0,2.0,26.8,26.8,26.8,26.8,1.0,0.0,22.0,0.0,0.7,0.0,26.8,26.8,26.8,26.8,1.0,0.0,22.0,0.0,0.7,0.0,16.7,16.7,16.7,16.7,1.0,0.0,22.0,0.0,0.7,0.0,75.9,75.9,75.9,75.9,1.0,0.0,22.0,0.0,0.0,5.1,5.1,5.1,5.1,1.0,0.0,22.0,0.0,0.7,0.0,-0.89,-0.89,-0.89,-0.89,1.0,0.0,22.0,0.0,0.7,0.0,-5.02,-5.02,-5.02,-5.02,1.0,0.0,22.0,0.0,0.7,0.0,1011.3,1011.3,1011.3,1011.3,1.0,0.0,22.0,0.0,0.7,0.0,0.0,0.0,0.0,0.0,1.0,0.0,22.0,0.0,0.7,0.0,-4.5,-4.5,-4.5,-4.5,1.0,0.0,22.0,0.0,0.7,0.0,-25.6,-25.6,-25.6,-25.6,1.0,0.0,22.0,0.0,0.7,0.0,0.0,0.0,0.0,0.0,1.0,0.0,22.0,0.0,0.7,0.0,0.0,0.0,0.0,0.0,1.0,0.0,22.0,0.0,0.7,0.0,5.37,5.37,5.37,5.37,1.0,0.0,22.0,0.0,0.7,0.0,27.4,27.4,27.4,27.4,1.0,0.0,22.0,0.0,0.7,0.0,-23.7,-23.7,-23.7,-23.7,1.0,0.0,22.0,0.0,0.7,0.0,-134.6,-134.6,-134.6,-134.6,1.0,0.0,22.0,0.0,0.7,0.0,-14.8,-14.8,-14.8,-14.8,1.0,0.0,22.0,0.0,0.7,0.0,-83.9,-83.9,-83.9,-83.9,1.0,0.0,22.0,0.0,0.7,0.0,-4.8,-4.8,-4.8,-4.8,1.0,0.0,22.0,0.0,0.7,0.0,-27.0,-27.0,-27.0,-27.0,1.0,0.0,22.0,0.0,0.7,0.0,132.5,132.5,132.5,132.5,1.0,0.0,22.0,0.0,0.7,0.0,135.0,135.0,135.0,135.0,1.0,0.0,22.0,0.0,0.7,0.0
1974,2,63.0,4.0,27.6,27.6,28.17,28.02,6.0,0.97,24.0,0.5,0.5,0.2,26.6,27.2,27.29,27.23,7.0,0.83,24.0,0.6,0.5,0.2,16.21,16.61,16.94,16.51,6.0,0.55,24.0,0.5,0.5,0.2,72.0,75.0,77.1,74.5,6.0,3.3,24.0,0.5,0.2,4.98,6.0,8.01,6.54,7.0,1.51,24.0,0.6,0.5,0.2,-2.81,-2.74,0.0,-1.9,7.0,1.33,24.0,0.6,0.5,0.2,-7.53,-5.64,-4.98,-6.17,7.0,1.36,24.0,0.6,0.5,0.2,1010.13,1010.75,1011.84,1010.85,6.0,0.94,24.0,0.5,0.5,0.2,2.0,3.0,3.2,2.8,6.0,0.8,24.0,0.7,0.5,0.2,-21.9,-18.0,0.0,-13.9,7.0,10.1,24.0,0.6,0.5,0.2,-60.3,-33.8,-24.8,-42.1,7.0,18.3,24.0,0.6,0.5,0.2,0.4,0.95,1.37,1.08,6.0,0.89,24.0,0.5,0.5,0.2,2.4,7.6,9.4,7.0,6.0,4.3,24.0,0.5,0.5,0.2,6.33,6.56,7.67,7.26,6.0,1.92,24.0,0.5,0.5,0.2,40.2,50.1,54.9,48.3,6.0,7.2,24.0,0.5,0.5,0.2,-74.9,-72.8,0.0,-51.2,7.0,35.8,24.0,0.6,0.5,0.2,-201.6,-153.4,-135.9,-167.2,7.0,33.3,24.0,0.6,0.5,0.2,-47.1,-46.3,-27.2,-37.1,6.0,18.9,24.0,0.5,0.5,0.2,-127.5,-110.6,-83.6,-106.5,6.0,23.6,24.0,0.5,0.5,0.2,-19.0,-17.1,-10.5,-14.4,6.0,7.4,24.0,0.5,0.5,0.2,-52.3,-47.1,-36.1,-45.5,6.0,8.2,24.0,0.5,0.5,0.2,123.5,216.0,514.0,318.5,7.0,198.5,24.0,0.6,0.5,0.2,125.0,215.0,515.0,320.0,7.0,200.0,24.0,0.6,0.5,0.2
1974,2,63.0,6.0,,,,,,,,,,,,,,,,,,,,,,,,,,,,,,,,,,,,,,,,6.43,7.35,8.27,7.35,2.0,1.91,12.0,0.5,0.5,0.2,-3.72,-3.42,-3.12,-3.42,2.0,0.62,12.0,0.5,0.5,0.2,-7.61,-6.39,-5.16,-6.39,2.0,2.53,12.0,0.5,0.5,0.2,1009.05,1009.15,1009.25,1009.15,2.0,0.21,12.0,0.5,0.5,0.2,,,,,,,,,,,,,,,,,,,,,,,,,,,,,,,,,,,,,,,,,,,,,,,,,,,,,,,,,,,,,,,,,,,,,,,,,,,,,,,,,,,,,,,,,,,,,,,,,,,,,,,,,,,,,,,,,,,,,,,,,,,,,,,,,,,,,,,,,,,,,,,,,,,,,,
1974,2,63.0,7.0,,,,,,,,,,,,,,,,,,,,,,,,,,,,,,,,,,,,,,,,5.24,5.55,5.86,5.55,2.0,0.64,18.0,0.0,0.4,0.2,-2.47,-2.3,-2.13,-2.3,2.0,0.35,18.0,0.0,0.4,0.2,-5.44,-5.03,-4.61,-5.03,2.0,0.86,18.0,0.0,0.4,0.2,1011.92,1011.95,1011.98,1011.95,2.0,0.07,18.0,0.0,0.4,0.2,,,,,,,,,,,,,,,,,,,,,,,,,,,,,,,,,,,,,,,,,,,,,,,,,,,,,,,,,,,,,,,,,,,,,,,,,,,,,,,,,,,,,,,,,,,,,,,,,,,,,,,,,,,,,,,,,,,,,,,,,,,,,,,,,,,,,,,,,,,,,,,,,,,,,,
1974,2,63.0,9.0,25.74,26.5,27.52,26.63,4.0,1.11,8.0,0.3,0.4,0.5,25.43,25.9,26.57,25.97,6.0,1.27,14.0,0.3,0.4,0.6,16.33,16.95,17.57,16.95,2.0,1.29,24.0,0.5,0.4,0.8,77.1,80.7,84.4,80.7,2.0,7.6,24.0,0.5,0.8,4.08,4.8,5.66,5.15,6.0,1.55,14.0,0.3,0.4,0.6,-4.13,-3.05,-1.98,-2.95,6.0,1.76,14.0,0.3,0.4,0.6,-4.73,-3.66,-3.04,-3.99,6.0,1.26,14.0,0.3,0.4,0.6,1010.74,1012.1,1013.73,1012.13,6.0,2.28,14.0,0.3,0.4,0.6,1.8,2.0,4.0,2.5,6.0,1.2,14.0,0.3,0.4,0.6,-24.1,-14.4,-8.2,-16.9,6.0,14.5,14.0,0.3,0.4,0.6,-27.8,-16.4,-13.3,-22.0,6.0,14.8,14.0,0.3,0.4,0.6,,,,,,,,,,,,,,,,,,,,,,,,,,,,,,,,,,,,,,,,,-101.5,-80.5,-53.0,-76.3,6.0,45.2,14.0,0.3,0.4,0.6,-130.2,-92.7,-77.0,-104.1,6.0,34.8,14.0,0.3,0.4,0.6,-71.1,-42.3,-13.4,-42.3,2.0,59.8,24.0,0.5,0.4,0.8,-96.4,-87.0,-77.6,-87.0,2.0,19.4,24.0,0.5,0.4,0.8,,,,,,,,,,,,,,,,,,,,,,,,,,,,,,,,,,,,,,,,
1974,2,63.0,11.0,27.0,27.0,27.0,27.0,1.0,0.0,6.0,0.0,0.3,0.8,27.0,27.0,27.0,27.0,1.0,0.0,6.0,0.0,0.3,0.8,19.74,19.74,19.74,19.74,1.0,0.0,6.0,0.0,0.3,0.8,88.8,88.8,88.8,88.8,1.0,0.0,6.0,0.0,0.8,5.7,5.7,5.7,5.7,1.0,0.0,6.0,0.0,0.3,0.8,-4.37,-4.37,-4.37,-4.37,1.0,0.0,6.0,0.0,0.3,0.8,-3.66,-3.66,-3.66,-3.66,1.0,0.0,6.0,0.0,0.3,0.8,1014.8,1014.8,1014.8,1014.8,1.0,0.0,6.0,0.0,0.3,0.8,4.0,4.0,4.0,4.0,1.0,0.0,6.0,0.0,0.3,0.8,-24.9,-24.9,-24.9,-24.9,1.0,0.0,6.0,0.0,0.3,0.8,-20.9,-20.9,-20.9,-20.9,1.0,0.0,6.0,0.0,0.3,0.8,0.0,0.0,0.0,0.0,1.0,0.0,6.0,0.0,0.3,0.8,0.0,0.0,0.0,0.0,1.0,0.0,6.0,0.0,0.3,0.8,2.52,2.52,2.52,2.52,1.0,0.0,6.0,0.0,0.3,0.8,14.4,14.4,14.4,14.4,1.0,0.0,6.0,0.0,0.3,0.8,-117.9,-117.9,-117.9,-117.9,1.0,0.0,6.0,0.0,0.3,0.8,-98.9,-98.9,-98.9,-98.9,1.0,0.0,6.0,0.0,0.3,0.8,-86.2,-86.2,-86.2,-86.2,1.0,0.0,6.0,0.0,0.3,0.8,-72.3,-72.3,-72.3,-72.3,1.0,0.0,6.0,0.0,0.3,0.8,-11.0,-11.0,-11.0,-11.0,1.0,0.0,6.0,0.0,0.3,0.8,-9.2,-9.2,-9.2,-9.2,1.0,0.0,6.0,0.0,0.3,0.8,185.0,185.0,185.0,185.0,1.0,0.0,6.0,0.0,0.3,0.8,185.0,185.0,185.0,185.0,1.0,0.0,6.0,0.0,0.3,0.8
1974,2,63.0,12.0,25.84,26.8,26.94,26.4,3.0,0.87,14.0,0.7,0.2,0.3,25.16,25.5,27.21,26.17,3.0,1.61,14.0,0.7,0.2,0.3,14.68,15.02,15.37,15.02,2.0,0.72,22.0,1.0,0.3,0.3,67.0,68.9,70.7,68.9,2.0,3.9,22.0,1.0,0.3,5.86,7.7,7.7,6.8,3.0,1.56,14.0,0.7,0.2,0.3,-3.65,-3.21,-2.82,-3.23,3.0,0.61,14.0,0.7,0.2,0.3,-7.06,-6.67,-4.73,-5.91,3.0,1.82,14.0,0.7,0.2,0.3,1015.12,1015.8,1016.14,1015.63,3.0,0.76,14.0,0.7,0.2,0.3,1.0,1.0,2.4,1.7,3.0,1.2,14.0,0.7,0.2,0.3,-26.7,-20.3,-17.4,-22.0,3.0,6.9,14.0,0.7,0.2,0.3,-54.3,-51.3,-29.4,-42.1,3.0,20.0,14.0,0.7,0.2,0.3,-0.85,-0.1,1.33,0.23,3.0,1.63,14.0,0.7,0.2,0.3,-6.6,-0.8,6.6,0.0,3.0,9.6,14.0,0.7,0.2,0.3,5.82,6.07,6.32,6.07,2.0,0.52,22.0,1.0,0.3,0.3,44.8,46.8,48.7,46.8,2.0,4.0,22.0,1.0,0.3,0.3,-99.1,-80.3,-71.3,-85.1,3.0,20.7,14.0,0.7,0.2,0.3,-186.0,-184.5,-123.9,-155.7,3.0,51.9,14.0,0.7,0.2,0.3,-56.4,-49.0,-41.7,-49.0,2.0,15.2,22.0,1.0,0.3,0.3,-104.8,-104.3,-103.8,-104.3,2.0,1.0,22.0,1.0,0.3,0.3,-23.2,-19.9,-16.6,-19.9,2.0,6.9,22.0,1.0,0.3,0.3,-42.7,-42.1,-41.5,-42.1,2.0,1.2,22.0,1.0,0.3,0.3,230.0,456.5,456.5,346.0,3.0,191.5,14.0,0.7,0.2,0.3,230.0,455.0,455.0,345.0,3.0,190.0,14.0,0.7,0.2,0.3
1974,2,63.0,16.0,24.81,25.7,26.59,25.7,2.0,1.84,12.0,0.5,0.5,0.4,23.14,24.3,25.46,24.3,2.0,2.4,12.0,0.5,0.5,0.4,13.99,16.0,18.0,16.0,2.0,4.15,12.0,0.5,0.5,0.4,78.8,83.5,88.2,83.5,2.0,9.7,12.0,0.5,0.4,6.44,6.95,7.46,6.95,2.0,1.06,12.0,0.5,0.5,0.4,-5.72,-5.32,-4.93,-5.32,2.0,0.81,12.0,0.5,0.5,0.4,-4.8,-4.47,-4.14,-4.47,2.0,0.68,12.0,0.5,0.5,0.4,1013.53,1013.8,1014.07,1013.8,2.0,0.57,12.0,0.5,0.5,0.4,1.2,1.5,1.8,1.5,2.0,0.7,12.0,0.5,0.5,0.4,-42.9,-37.4,-32.0,-37.4,2.0,11.3,12.0,0.5,0.5,0.4,-36.0,-31.4,-26.8,-31.4,2.0,9.5,12.0,0.5,0.5,0.4,1.13,1.4,1.67,1.4,2.0,0.57,12.0,0.5,0.5,0.4,7.4,10.0,12.6,10.0,2.0,5.4,12.0,0.5,0.5,0.4,3.76,4.67,5.58,4.67,2.0,1.88,12.0,0.5,0.5,0.4,24.7,33.4,42.2,33.4,2.0,18.0,12.0,0.5,0.5,0.4,-131.7,-128.4,-125.0,-128.4,2.0,6.9,12.0,0.5,0.5,0.4,-110.6,-107.7,-104.9,-107.7,2.0,5.8,12.0,0.5,0.5,0.4,-87.9,-83.5,-79.1,-83.5,2.0,9.1,12.0,0.5,0.5,0.4,-73.7,-70.1,-66.4,-70.1,2.0,7.6,12.0,0.5,0.5,0.4,-32.3,-25.6,-19.0,-25.6,2.0,13.8,12.0,0.5,0.5,0.4,-27.1,-21.5,-15.9,-21.5,2.0,11.6,12.0,0.5,0.5,0.4,273.0,347.5,422.0,347.5,2.0,154.5,12.0,0.5,0.5,0.4,275.0,345.0,420.0,345.0,2.0,155.0,12.0,0.5,0.5,0.4
1974,2,63.0,18.0,23.77,24.8,25.52,24.73,7.0,0.96,18.0,0.7,0.5,0.6,22.24,23.1,24.81,23.63,8.0,1.68,18.0,0.8,0.5,0.6,11.94,12.71,15.28,13.22,7.0,1.94,18.0,0.7,0.4,0.6,64.0,66.6,88.6,72.3,7.0,13.0,18.0,0.7,0.6,3.16,4.8,7.41,5.51,8.0,3.42,18.0,0.8,0.5,0.6,-2.74,-1.31,1.55,-1.25,8.0,2.86,18.0,0.8,0.5,0.6,-6.99,-4.56,-1.87,-4.78,8.0,3.22,18.0,0.8,0.5,0.6,1013.72,1014.25,1014.77,1014.19,8.0,0.76,18.0,0.8,0.5,0.6,0.0,1.0,1.9,1.6,8.0,2.7,18.0,0.8,0.5,0.6,-19.1,-4.7,7.4,-13.2,8.0,29.9,18.0,0.8,0.5,0.6,-52.3,-22.2,-5.2,-35.8,8.0,46.9,18.0,0.8,0.5,0.6,0.57,1.2,2.76,1.29,7.0,1.85,18.0,0.7,0.5,0.6,0.8,3.6,12.8,3.5,7.0,14.4,18.0,0.7,0.5,0.6,4.6,5.59,7.56,5.9,6.0,2.19,20.0,0.7,0.5,0.6,20.3,21.5,33.2,29.5,6.0,20.3,20.0,0.7,0.5,0.6,-61.0,-30.2,38.6,-30.9,8.0,73.6,18.0,0.8,0.5,0.6,-158.6,-104.3,-43.5,-115.5,8.0,86.9,18.0,0.8,0.5,0.6,-43.7,-24.0,22.7,-20.8,7.0,41.9,18.0,0.7,0.4,0.6,-115.6,-60.9,-19.2,-66.5,7.0,53.0,18.0,0.7,0.4,0.6,-19.8,-8.9,-1.7,-9.5,6.0,17.5,20.0,0.7,0.5,0.6,-30.1,-18.3,-12.7,-24.0,6.0,18.8,20.0,0.7,0.5,0.6,31.5,111.0,420.5,380.5,8.0,727.5,18.0,0.8,0.5,0.6,30.0,110.0,420.0,380.0,8.0,725.0,18.0,0.8,0.5,0.6
1974,2,63.0,19.0,24.0,24.25,25.97,24.91,8.0,1.57,12.0,0.4,0.5,0.5,20.53,22.1,23.62,22.16,9.0,1.8,12.0,0.3,0.6,0.4,9.42,10.62,13.04,11.4,7.0,2.46,12.0,0.4,0.6,0.3,62.3,66.3,70.1,66.5,7.0,7.0,12.0,0.4,0.3,4.0,6.95,9.18,6.6,8.0,2.74,12.0,0.4,0.5,0.3,-3.89,-2.4,-0.18,-2.4,8.0,2.3,12.0,0.4,0.5,0.3,-9.0,-5.44,-2.55,-5.39,8.0,3.51,12.0,0.4,0.5,0.3,1015.27,1018.1,1019.44,1017.37,9.0,2.78,12.0,0.3,0.6,0.4,0.0,0.0,2.1,1.3,10.0,2.5,12.0,0.4,0.6,0.4,-34.8,-15.4,-0.7,-17.8,8.0,19.0,12.0,0.4,0.5,0.3,-82.7,-37.6,-8.3,-43.0,8.0,37.1,12.0,0.4,0.5,0.3,1.07,2.65,4.0,2.56,8.0,1.64,12.0,0.4,0.5,0.5,8.9,16.0,18.7,14.0,7.0,7.4,14.0,0.4,0.5,0.4,7.01,8.14,9.48,8.04,6.0,2.11,14.0,0.5,0.6,0.4,43.8,67.0,76.8,59.3,5.0,26.5,14.0,0.6,0.5,0.3,-79.2,-57.2,-4.0,-51.7,8.0,48.2,12.0,0.4,0.5,0.3,-199.3,-121.7,-63.6,-121.3,8.0,77.6,12.0,0.4,0.5,0.3,-44.3,-31.1,-9.4,-27.9,6.0,25.5,14.0,0.5,0.6,0.3,-90.7,-77.0,-50.3,-73.4,6.0,24.6,14.0,0.5,0.6,0.3,-24.4,-13.1,-1.6,-12.2,5.0,14.8,14.0,0.6,0.5,0.3,-74.3,-62.9,-42.0,-56.5,5.0,26.6,14.0,0.6,0.5,0.3,64.0,368.5,776.5,418.0,8.0,395.5,12.0,0.4,0.5,0.3,65.0,370.0,775.0,420.0,8.0,395.0,12.0,0.4,0.5,0.3
1974,2,63.0,20.0,23.3,24.0,25.0,24.38,20.0,1.41,12.0,0.6,0.6,0.4,21.9,22.8,26.61,23.6,21.0,2.31,10.0,0.7,0.6,0.4,8.74,11.14,13.57,11.37,18.0,3.1,12.0,0.7,0.6,0.4,53.4,62.6,74.9,64.1,19.0,12.5,12.0,0.6,0.4,1.69,6.2,9.3,5.51,21.0,3.45,10.0,0.7,0.6,0.4,-6.08,-2.44,0.0,-2.59,21.0,2.91,10.0,0.7,0.6,0.4,-7.78,-3.52,0.0,-3.77,21.0,3.66,10.0,0.7,0.6,0.4,1014.1,1016.55,1019.99,1016.86,20.0,2.98,12.0,0.7,0.6,0.4,0.0,1.0,3.0,1.4,21.0,2.0,10.0,0.7,0.6,0.4,-39.5,-13.6,0.0,-19.0,21.0,24.1,10.0,0.7,0.6,0.4,-71.6,-16.2,0.0,-31.0,21.0,37.9,10.0,0.7,0.6,0.4,-0.98,1.1,2.3,0.7,20.0,2.09,12.0,0.6,0.6,0.4,0.0,2.9,16.5,4.7,20.0,13.4,12.0,0.6,0.6,0.4,5.22,7.83,9.35,7.2,18.0,2.95,12.0,0.7,0.6,0.4,12.0,34.5,78.9,43.3,18.0,36.7,12.0,0.7,0.6,0.4,-134.7,-53.8,0.0,-59.5,21.0,67.9,10.0,0.7,0.6,0.4,-180.4,-82.8,0.0,-86.7,21.0,83.7,10.0,0.7,0.6,0.4,-58.6,-31.6,0.0,-32.2,18.0,34.6,12.0,0.7,0.6,0.4,-82.4,-35.4,-3.1,-43.0,18.0,40.7,12.0,0.7,0.6,0.4,-46.6,-19.2,0.3,-22.5,18.0,25.4,12.0,0.7,0.6,0.4,-56.3,-22.0,0.0,-30.1,18.0,34.7,12.0,0.7,0.6,0.4,6.0,238.5,804.5,355.5,21.0,433.5,10.0,0.7,0.6,0.4,5.0,240.0,805.0,355.0,21.0,435.0,10.0,0.7,0.6,0.4
1974,2,63.0,21.0,22.28,23.1,24.33,23.38,6.0,1.34,18.0,0.0,0.3,0.1,20.47,21.0,22.12,21.1,6.0,1.16,18.0,0.0,0.3,0.1,8.75,10.0,11.34,9.87,6.0,1.57,18.0,0.0,0.3,0.1,58.0,62.9,69.2,63.4,6.0,7.8,18.0,0.0,0.1,3.25,5.65,7.7,5.13,6.0,2.94,18.0,0.0,0.3,0.1,-3.85,-2.63,0.73,-1.91,6.0,3.4,18.0,0.0,0.3,0.1,-7.24,-2.8,-0.92,-3.54,6.0,3.05,18.0,0.0,0.3,0.1,1013.01,1015.5,1017.23,1015.37,6.0,2.42,18.0,0.0,0.3,0.1,0.0,0.0,0.6,0.5,6.0,1.2,18.0,0.0,0.3,0.1,-25.2,-16.6,3.3,-13.6,6.0,20.5,18.0,0.0,0.3,0.1,-55.7,-12.2,-6.2,-23.9,6.0,25.0,18.0,0.0,0.3,0.1,1.03,2.2,3.41,2.28,6.0,1.55,18.0,0.0,0.3,0.1,2.1,9.4,26.3,13.5,6.0,13.7,18.0,0.0,0.3,0.1,6.87,7.13,9.81,8.06,6.0,1.9,18.0,0.0,0.3,0.1,22.8,38.6,75.5,44.2,6.0,31.8,18.0,0.0,0.3,0.1,-82.3,-52.9,15.1,-40.6,6.0,72.8,18.0,0.0,0.3,0.1,-141.6,-58.4,-20.3,-72.2,6.0,61.0,18.0,0.0,0.3,0.1,-42.0,-21.6,7.5,-17.8,6.0,33.9,18.0,0.0,0.3,0.1,-55.3,-30.4,-9.0,-31.8,6.0,24.7,18.0,0.0,0.3,0.1,-33.4,-23.4,4.6,-16.9,6.0,24.5,18.0,0.0,0.3,0.1,-71.0,-18.6,-6.6,-32.6,6.0,33.8,18.0,0.0,0.3,0.1,54.5,199.0,456.5,230.0,6.0,202.0,18.0,0.0,0.3,0.1,55.0,200.0,455.0,230.0,6.0,200.0,18.0,0.0,0.3,0.1
1974,2,63.0,22.0,22.65,23.4,23.74,23.2,3.0,0.82,12.0,1.0,0.8,0.6,19.79,20.9,22.43,21.1,4.0,1.59,10.0,1.0,0.8,0.5,7.64,8.78,11.0,9.29,4.0,2.1,10.0,1.0,0.8,0.5,50.8,61.6,68.7,59.8,4.0,10.7,10.0,1.0,0.5,4.74,6.0,6.37,5.58,4.0,1.36,10.0,1.0,0.8,0.5,-3.68,-2.88,-0.24,-2.0,4.0,2.79,10.0,1.0,0.8,0.5,-5.43,-5.16,-3.66,-4.57,4.0,1.52,10.0,1.0,0.8,0.5,1014.22,1016.35,1019.9,1017.03,4.0,3.64,10.0,1.0,0.8,0.5,0.5,1.0,1.5,1.0,4.0,0.8,10.0,1.0,0.8,0.5,-23.7,-14.0,1.7,-11.1,4.0,17.4,10.0,1.0,0.8,0.5,-34.1,-32.5,-19.2,-26.9,4.0,12.5,10.0,1.0,0.8,0.5,0.43,0.5,3.09,1.73,3.0,2.22,12.0,1.0,0.8,0.6,2.0,2.4,20.4,11.0,3.0,15.4,12.0,1.0,0.8,0.6,6.94,9.15,10.17,8.57,3.0,2.42,12.0,1.0,0.8,0.6,33.7,35.5,59.9,46.6,3.0,21.5,12.0,1.0,0.8,0.6,-72.8,-60.1,-3.8,-39.3,4.0,58.8,10.0,1.0,0.8,0.5,-117.4,-102.3,-74.3,-96.2,4.0,33.1,10.0,1.0,0.8,0.5,-31.4,-25.3,3.0,-14.7,4.0,26.8,10.0,1.0,0.8,0.5,-59.9,-45.4,-28.0,-44.0,4.0,21.1,10.0,1.0,0.8,0.5,-39.3,-25.2,0.3,-19.7,3.0,29.4,12.0,1.0,0.8,0.6,-47.9,-33.3,-25.0,-36.4,3.0,16.9,12.0,1.0,0.8,0.6,127.5,216.0,260.5,195.0,4.0,106.5,10.0,1.0,0.8,0.5,125.0,215.0,260.0,195.0,4.0,105.0,10.0,1.0,0.8,0.5
1974,2,63.0,23.0,22.8,23.0,23.34,23.07,3.0,0.4,16.0,0.7,0.3,0.5,22.0,22.0,22.68,22.33,3.0,0.58,16.0,0.7,0.3,0.5,11.24,11.27,11.79,11.51,3.0,0.45,16.0,0.7,0.3,0.5,68.7,68.7,68.9,68.8,3.0,0.1,16.0,0.7,0.5,2.92,3.6,5.72,4.3,3.0,2.14,16.0,0.7,0.3,0.5,2.13,3.12,5.29,3.69,3.0,2.37,16.0,0.7,0.3,0.5,-2.2,-1.99,-1.86,-2.03,3.0,0.25,16.0,0.7,0.3,0.5,1013.75,1014.5,1016.62,1015.17,3.0,2.18,16.0,0.7,0.3,0.5,0.3,1.0,5.1,2.7,3.0,3.8,16.0,0.7,0.3,0.5,6.5,11.2,32.4,19.3,3.0,20.2,16.0,0.7,0.3,0.5,-12.5,-6.5,-5.6,-9.0,3.0,5.5,16.0,0.7,0.3,0.5,0.22,0.7,1.25,0.73,3.0,0.75,16.0,0.7,0.3,0.5,0.6,1.8,4.3,2.4,3.0,2.7,16.0,0.7,0.3,0.5,5.6,5.88,6.48,6.04,3.0,0.66,16.0,0.7,0.3,0.5,18.2,24.3,32.8,25.4,3.0,10.7,16.0,0.7,0.3,0.5,46.9,68.6,120.6,83.4,3.0,55.5,16.0,0.7,0.3,0.5,-49.9,-43.8,-40.9,-45.4,3.0,6.7,16.0,0.7,0.3,0.5,24.0,35.1,62.8,43.2,3.0,29.3,16.0,0.7,0.3,0.5,-25.9,-22.4,-20.9,-23.4,3.0,3.7,16.0,0.7,0.3,0.5,13.4,21.1,30.2,21.8,3.0,12.3,16.0,0.7,0.3,0.5,-12.4,-12.2,-11.9,-12.1,3.0,0.4,16.0,0.7,0.3,0.5,27.0,46.5,220.0,121.5,3.0,156.0,16.0,0.7,0.3,0.5,25.0,45.0,220.0,120.0,3.0,155.0,16.0,0.7,0.3,0.5
1974,2,63.0,24.0,22.24,22.65,23.22,22.68,6.0,0.55,12.0,0.7,0.2,0.2,18.82,20.45,22.53,20.67,6.0,2.14,10.0,0.5,0.3,0.4,5.85,8.22,10.92,8.38,4.0,2.93,12.0,0.5,0.5,0.4,43.4,51.6,64.2,53.7,4.0,12.5,12.0,0.5,0.4,3.38,4.6,8.14,5.15,6.0,2.84,12.0,0.5,0.3,0.2,-5.64,-2.43,-0.17,-2.65,6.0,3.77,12.0,0.5,0.3,0.2,-1.83,0.44,2.38,-0.27,6.0,4.15,12.0,0.5,0.3,0.2,1014.8,1016.6,1020.0,1016.4,7.0,3.22,10.0,0.6,0.3,0.3,0.0,4.0,7.0,3.4,7.0,3.1,10.0,0.6,0.3,0.3,-33.5,-9.8,4.6,-14.1,6.0,29.9,12.0,0.5,0.3,0.2,-14.8,2.3,9.6,-7.2,6.0,31.9,12.0,0.5,0.3,0.2,-0.4,1.3,3.79,1.6,5.0,2.28,12.0,0.6,0.3,0.3,-2.3,2.2,4.8,1.3,4.0,4.5,14.0,0.5,0.3,0.2,6.29,6.54,10.06,8.13,3.0,3.09,14.0,0.7,0.4,0.3,15.8,24.7,26.1,21.1,3.0,8.2,14.0,0.7,0.4,0.3,-92.4,-30.9,8.7,-37.3,5.0,64.5,12.0,0.4,0.4,0.3,-58.5,19.7,60.7,-1.3,5.0,91.7,12.0,0.4,0.4,0.3,-26.6,-10.8,6.3,-10.2,4.0,22.3,12.0,0.5,0.5,0.4,-25.3,10.0,32.8,4.0,4.0,38.8,12.0,0.5,0.5,0.4,-18.2,-11.5,-9.9,-14.0,3.0,6.5,14.0,0.7,0.4,0.3,2.5,12.3,21.1,11.8,3.0,13.6,14.0,0.7,0.4,0.3,51.0,101.0,542.5,239.5,6.0,275.0,12.0,0.5,0.3,0.2,50.0,100.0,540.0,240.0,6.0,275.0,12.0,0.5,0.3,0.2
1974,2,64.0,-66.0,-0.2,0.05,1.0,0.28,6.0,0.57,18.0,0.8,0.5,0.5,-2.78,-1.3,0.6,-1.15,6.0,1.84,18.0,0.8,0.5,0.5,3.95,3.97,4.01,3.98,3.0,0.05,22.0,0.7,0.5,0.7,94.8,98.6,99.5,97.2,3.0,3.7,22.0,0.7,0.7,4.72,8.2,14.89,9.77,3.0,7.57,22.0,0.7,0.5,0.7,-14.55,-7.71,-4.56,-9.51,3.0,7.48,22.0,0.7,0.5,0.7,-3.02,-2.8,-0.89,-1.98,3.0,1.72,22.0,0.7,0.5,0.7,966.82,971.8,972.28,969.6,3.0,4.43,22.0,0.7,0.5,0.7,8.0,8.0,8.0,8.0,5.0,0.0,16.0,0.8,0.5,0.4,-237.9,-63.2,-26.6,-130.6,3.0,165.4,22.0,0.7,0.5,0.7,-45.7,-23.0,-7.3,-26.4,3.0,28.3,22.0,0.7,0.5,0.7,-0.06,1.75,2.58,1.43,6.0,1.39,18.0,0.8,0.5,0.5,-0.6,0.0,5.6,2.4,3.0,5.0,22.0,0.7,0.5,0.7,0.07,0.3,0.3,0.19,3.0,0.19,22.0,0.7,0.5,0.7,0.7,2.4,4.4,2.6,3.0,2.7,22.0,0.7,0.5,0.7,-12.6,-1.5,-0.5,-6.4,3.0,9.8,22.0,0.7,0.5,0.7,-2.1,0.0,0.0,-1.0,3.0,1.8,22.0,0.7,0.5,0.7,-57.3,-30.6,-18.2,-37.6,3.0,29.3,22.0,0.7,0.5,0.7,-11.9,-11.1,-3.5,-7.8,3.0,6.8,22.0,0.7,0.5,0.7,-4.3,-2.3,-0.7,-2.5,3.0,2.7,22.0,0.7,0.5,0.7,-0.9,-0.8,-0.3,-0.6,3.0,0.5,22.0,0.7,0.5,0.7,195.5,551.5,4156.0,2137.5,3.0,3210.0,22.0,0.7,0.5,0.7,195.0,550.0,4155.0,2140.0,3.0,3210.0,22.0,0.7,0.5,0.7
1974,2,64.0,-60.0,,,,,,,,,,,,,,,,,,,,,,,,,,,,,,,,,,,,,,,,15.4,15.4,15.4,15.4,1.0,0.0,28.0,1.0,0.5,0.1,15.4,15.4,15.4,15.4,1.0,0.0,28.0,1.0,0.5,0.1,0.0,0.0,0.0,0.0,1.0,0.0,28.0,1.0,0.5,0.1,982.3,982.3,982.3,982.3,1.0,0.0,28.0,1.0,0.5,0.1,,,,,,,,,,,,,,,,,,,,,,,,,,,,,,,,,,,,,,,,,,,,,,,,,,,,,,,,,,,,,,,,,,,,,,,,,,,,,,,,,,,,,,,,,,,,,,,,,,,,,,,,,,,,,,,,,,,,,,,,,,,,,,,,,,,,,,,,,,,,,,,,,,,,,,
1974,2,64.0,-46.0,10.0,10.0,10.0,10.0,1.0,0.0,2.0,1.0,0.5,1.0,13.0,13.0,13.0,13.0,1.0,0.0,2.0,1.0,0.5,1.0,9.36,9.36,9.36,9.36,1.0,0.0,2.0,1.0,0.5,1.0,100.0,100.0,100.0,100.0,1.0,0.0,2.0,1.0,1.0,8.2,8.2,8.2,8.2,1.0,0.0,2.0,1.0,0.5,1.0,6.28,6.28,6.28,6.28,1.0,0.0,2.0,1.0,0.5,1.0,-5.27,-5.27,-5.27,-5.27,1.0,0.0,2.0,1.0,0.5,1.0,1004.3,1004.3,1004.3,1004.3,1.0,0.0,2.0,1.0,0.5,1.0,,,,,,,,,,,,,,,,,,,,,,,,,,,,,,,-3.0,-3.0,-3.0,-3.0,1.0,0.0,2.0,1.0,0.5,1.0,-24.6,-24.6,-24.6,-24.6,1.0,0.0,2.0,1.0,0.5,1.0,-1.69,-1.69,-1.69,-1.69,1.0,0.0,2.0,1.0,0.5,1.0,-13.9,-13.9,-13.9,-13.9,1.0,0.0,2.0,1.0,0.5,1.0,81.7,81.7,81.7,81.7,1.0,0.0,2.0,1.0,0.5,1.0,-68.5,-68.5,-68.5,-68.5,1.0,0.0,2.0,1.0,0.5,1.0,58.8,58.8,58.8,58.8,1.0,0.0,2.0,1.0,0.5,1.0,-49.4,-49.4,-49.4,-49.4,1.0,0.0,2.0,1.0,0.5,1.0,-10.6,-10.6,-10.6,-10.6,1.0,0.0,2.0,1.0,0.5,1.0,8.9,8.9,8.9,8.9,1.0,0.0,2.0,1.0,0.5,1.0,551.5,551.5,551.5,551.5,1.0,0.0,2.0,1.0,0.5,1.0,550.0,550.0,550.0,550.0,1.0,0.0,2.0,1.0,0.5,1.0
1974,2,64.0,-45.0,,,,,,,,,,,,,,,,,,,,,,,,,,,,,,,,,,,,,,,,15.4,15.4,15.4,15.4,1.0,0.0,2.0,1.0,0.1,0.5,14.28,14.28,14.28,14.28,1.0,0.0,2.0,1.0,0.1,0.5,5.77,5.77,5.77,5.77,1.0,0.0,2.0,1.0,0.1,0.5,1002.4,1002.4,1002.4,1002.4,1.0,0.0,2.0,1.0,0.1,0.5,,,,,,,,,,,,,,,,,,,,,,,,,,,,,,,,,,,,,,,,,,,,,,,,,,,,,,,,,,,,,,,,,,,,,,,,,,,,,,,,,,,,,,,,,,,,,,,,,,,,,,,,,,,,,,,,,,,,,,,,,,,,,,,,,,,,,,,,,,,,,,,,,,,,,,
1974,2,64.0,-43.0,19.0,19.0,19.0,19.0,1.0,0.0,12.0,0.0,0.9,0.9,15.6,15.6,15.6,15.6,1.0,0.0,12.0,0.0,0.9,0.9,10.74,10.74,10.74,10.74,1.0,0.0,12.0,0.0,0.9,0.9,98.1,98.1,98.1,98.1,1.0,0.0,12.0,0.0,0.9,8.2,8.2,8.2,8.2,1.0,0.0,12.0,0.0,0.9,0.9,6.28,6.28,6.28,6.28,1.0,0.0,12.0,0.0,0.9,0.9,5.27,5.27,5.27,5.27,1.0,0.0,12.0,0.0,0.9,0.9,1017.6,1017.6,1017.6,1017.6,1.0,0.0,12.0,0.0,0.9,0.9,8.0,8.0,8.0,8.0,1.0,0.0,12.0,0.0,0.9,0.9,51.5,51.5,51.5,51.5,1.0,0.0,12.0,0.0,0.9,0.9,43.2,43.2,43.2,43.2,1.0,0.0,12.0,0.0,0.9,0.9,3.4,3.4,3.4,3.4,1.0,0.0,12.0,0.0,0.9,0.9,27.9,27.9,27.9,27.9,1.0,0.0,12.0,0.0,0.9,0.9,2.86,2.86,2.86,2.86,1.0,0.0,12.0,0.0,0.9,0.9,23.4,23.4,23.4,23.4,1.0,0.0,12.0,0.0,0.9,0.9,98.0,98.0,98.0,98.0,1.0,0.0,12.0,0.0,0.9,0.9,82.2,82.2,82.2,82.2,1.0,0.0,12.0,0.0,0.9,0.9,67.4,67.4,67.4,67.4,1.0,0.0,12.0,0.0,0.9,0.9,56.6,56.6,56.6,56.6,1.0,0.0,12.0,0.0,0.9,0.9,18.0,18.0,18.0,18.0,1.0,0.0,12.0,0.0,0.9,0.9,15.1,15.1,15.1,15.1,1.0,0.0,12.0,0.0,0.9,0.9,551.5,551.5,551.5,551.5,1.0,0.0,12.0,0.0,0.9,0.9,550.0,550.0,550.0,550.0,1.0,0.0,12.0,0.0,0.9,0.9
1974,2,64.0,-42.0,16.3,16.3,16.3,16.3,1.0,0.0,2.0,1.0,0.0,0.4,18.0,18.0,18.0,18.0,1.0,0.0,2.0,1.0,0.0,0.4,11.48,11.48,11.48,11.48,1.0,0.0,2.0,1.0,0.0,0.4,89.8,89.8,89.8,89.8,1.0,0.0,2.0,1.0,0.4,9.3,9.3,9.3,9.3,1.0,0.0,2.0,1.0,0.0,0.4,5.98,5.98,5.98,5.98,1.0,0.0,2.0,1.0,0.0,0.4,-7.12,-7.12,-7.12,-7.12,1.0,0.0,2.0,1.0,0.0,0.4,1014.7,1014.7,1014.7,1014.7,1.0,0.0,2.0,1.0,0.0,0.4,2.0,2.0,2.0,2.0,1.0,0.0,2.0,1.0,0.0,0.4,55.6,55.6,55.6,55.6,1.0,0.0,2.0,1.0,0.0,0.4,-66.3,-66.3,-66.3,-66.3,1.0,0.0,2.0,1.0,0.0,0.4,-1.7,-1.7,-1.7,-1.7,1.0,0.0,2.0,1.0,0.0,0.4,-15.8,-15.8,-15.8,-15.8,1.0,0.0,2.0,1.0,0.0,0.4,0.0,0.0,0.0,0.0,1.0,0.0,2.0,1.0,0.0,0.4,0.0,0.0,0.0,0.0,1.0,0.0,2.0,1.0,0.0,0.4,107.6,107.6,107.6,107.6,1.0,0.0,2.0,1.0,0.0,0.4,-128.2,-128.2,-128.2,-128.2,1.0,0.0,2.0,1.0,0.0,0.4,68.7,68.7,68.7,68.7,1.0,0.0,2.0,1.0,0.0,0.4,-81.8,-81.8,-81.8,-81.8,1.0,0.0,2.0,1.0,0.0,0.4,0.0,0.0,0.0,0.0,1.0,0.0,2.0,1.0,0.0,0.4,0.0,0.0,0.0,0.0,1.0,0.0,2.0,1.0,0.0,0.4,804.5,804.5,804.5,804.5,1.0,0.0,2.0,1.0,0.0,0.4,805.0,805.0,805.0,805.0,1.0,0.0,2.0,1.0,0.0,0.4
1974,2,64.0,-40.0,18.16,18.5,18.84,18.5,2.0,0.71,12.0,0.0,0.6,0.5,18.82,19.3,19.78,19.3,2.0,0.99,12.0,0.0,0.6,0.5,12.98,13.29,13.59,13.29,2.0,0.63,12.0,0.0,0.6,0.5,95.6,96.6,97.7,96.6,2.0,2.1,12.0,0.0,0.5,2.84,3.35,3.86,3.35,2.0,1.06,12.0,0.0,0.6,0.5,-2.5,-1.13,0.25,-1.13,2.0,2.85,12.0,0.0,0.6,0.5,-2.6,-2.54,-2.47,-2.54,2.0,0.14,12.0,0.0,0.6,0.5,1021.95,1025.7,1029.45,1025.7,2.0,7.78,12.0,0.0,0.6,0.5,2.1,4.5,6.9,4.5,2.0,4.9,12.0,0.0,0.6,0.5,-10.5,-5.3,-0.1,-5.3,2.0,10.7,12.0,0.0,0.6,0.5,-10.1,-8.6,-7.1,-8.6,2.0,3.1,12.0,0.0,0.6,0.5,-0.94,-0.8,-0.66,-0.8,2.0,0.28,12.0,0.0,0.6,0.5,-3.7,-2.8,-2.0,-2.8,2.0,1.8,12.0,0.0,0.6,0.5,-0.23,-0.21,-0.18,-0.21,2.0,0.05,12.0,0.0,0.6,0.5,-0.7,-0.7,-0.6,-0.7,2.0,0.1,12.0,0.0,0.6,0.5,-50.2,-23.1,3.9,-23.1,2.0,56.1,12.0,0.0,0.6,0.5,-51.6,-49.1,-46.6,-49.1,2.0,5.1,12.0,0.0,0.6,0.5,-34.5,-15.9,2.8,-15.9,2.0,38.6,12.0,0.0,0.6,0.5,-35.4,-33.8,-32.1,-33.8,2.0,3.4,12.0,0.0,0.6,0.5,-0.1,0.2,0.4,0.2,2.0,0.5,12.0,0.0,0.6,0.5,0.5,0.5,0.6,0.5,2.0,0.1,12.0,0.0,0.6,0.5,25.5,43.0,61.0,43.0,2.0,36.5,12.0,0.0,0.6,0.5,25.0,45.0,60.0,45.0,2.0,35.0,12.0,0.0,0.6,0.5
1974,2,64.0,-36.0,21.99,22.4,22.81,22.4,2.0,0.85,22.0,0.5,0.6,0.5,21.65,22.2,22.75,22.2,2.0,1.13,22.0,0.5,0.6,0.5,14.56,14.8,15.05,14.8,2.0,0.51,22.0,0.5,0.6,0.5,87.0,88.5,89.9,88.5,2.0,3.0,22.0,0.5,0.5,9.87,11.1,12.33,11.1,2.0,2.55,22.0,0.5,0.6,0.5,9.6,10.24,10.87,10.24,2.0,1.32,22.0,0.5,0.6,0.5,-5.43,-3.22,-1.02,-3.22,2.0,4.56,22.0,0.5,0.6,0.5,1007.37,1007.95,1008.53,1007.95,2.0,1.2,22.0,0.5,0.6,0.5,3.6,5.0,6.4,5.0,2.0,2.8,22.0,0.5,0.6,0.5,95.6,115.3,135.0,115.3,2.0,40.7,22.0,0.5,0.6,0.5,-70.0,-41.6,-13.2,-41.6,2.0,58.8,22.0,0.5,0.6,0.5,0.06,0.2,0.34,0.2,2.0,0.28,22.0,0.5,0.6,0.5,0.8,2.6,4.3,2.6,2.0,3.6,22.0,0.5,0.6,0.5,1.99,2.17,2.34,2.17,2.0,0.36,22.0,0.5,0.6,0.5,22.9,23.6,24.3,23.6,2.0,1.5,22.0,0.5,0.6,0.5,217.9,226.5,235.1,226.5,2.0,17.8,22.0,0.5,0.6,0.5,-116.1,-69.0,-21.9,-69.0,2.0,97.6,22.0,0.5,0.6,0.5,144.2,151.2,158.2,151.2,2.0,14.4,22.0,0.5,0.6,0.5,-78.4,-46.6,-14.8,-46.6,2.0,65.9,22.0,0.5,0.6,0.5,21.6,22.0,22.3,22.0,2.0,0.8,22.0,0.5,0.6,0.5,-10.4,-6.2,-2.0,-6.2,2.0,8.7,22.0,0.5,0.6,0.5,1017.5,1475.5,1933.5,1475.5,2.0,949.0,22.0,0.5,0.6,0.5,1015.0,1475.0,1935.0,1475.0,2.0,950.0,22.0,0.5,0.6,0.5
1974,2,64.0,-35.0,24.0,24.0,24.0,24.0,1.0,0.0,22.0,1.0,0.0,0.5,21.2,21.2,21.2,21.2,1.0,0.0,22.0,1.0,0.0,0.5,13.95,13.95,13.95,13.95,1.0,0.0,22.0,1.0,0.0,0.5,88.9,88.9,88.9,88.9,1.0,0.0,22.0,1.0,0.5,10.3,10.3,10.3,10.3,1.0,0.0,22.0,1.0,0.0,0.5,3.52,3.52,3.52,3.52,1.0,0.0,22.0,1.0,0.0,0.5,9.68,9.68,9.68,9.68,1.0,0.0,22.0,1.0,0.0,0.5,1010.5,1010.5,1010.5,1010.5,1.0,0.0,22.0,1.0,0.0,0.5,8.0,8.0,8.0,8.0,1.0,0.0,22.0,1.0,0.0,0.5,36.3,36.3,36.3,36.3,1.0,0.0,22.0,1.0,0.0,0.5,99.7,99.7,99.7,99.7,1.0,0.0,22.0,1.0,0.0,0.5,2.8,2.8,2.8,2.8,1.0,0.0,22.0,1.0,0.0,0.5,28.8,28.8,28.8,28.8,1.0,0.0,22.0,1.0,0.0,0.5,4.71,4.71,4.71,4.71,1.0,0.0,22.0,1.0,0.0,0.5,48.5,48.5,48.5,48.5,1.0,0.0,22.0,1.0,0.0,0.5,74.7,74.7,74.7,74.7,1.0,0.0,22.0,1.0,0.0,0.5,205.2,205.2,205.2,205.2,1.0,0.0,22.0,1.0,0.0,0.5,49.2,49.2,49.2,49.2,1.0,0.0,22.0,1.0,0.0,0.5,135.1,135.1,135.1,135.1,1.0,0.0,22.0,1.0,0.0,0.5,16.6,16.6,16.6,16.6,1.0,0.0,22.0,1.0,0.0,0.5,45.5,45.5,45.5,45.5,1.0,0.0,22.0,1.0,0.0,0.5,1092.5,1092.5,1092.5,1092.5,1.0,0.0,22.0,1.0,0.0,0.5,1095.0,1095.0,1095.0,1095.0,1.0,0.0,22.0,1.0,0.0,0.5
1974,2,64.0,-33.0,23.0,23.0,23.41,23.2,3.0,0.35,6.0,0.0,0.5,0.6,21.91,22.8,23.28,22.6,3.0,1.01,6.0,0.0,0.5,0.6,12.82,12.93,12.96,12.89,3.0,0.11,6.0,0.0,0.5,0.6,73.3,75.8,80.0,76.6,3.0,5.0,6.0,0.0,0.6,4.42,5.1,5.1,4.77,3.0,0.58,6.0,0.0,0.5,0.6,-5.1,-5.1,-4.25,-4.68,3.0,0.72,6.0,0.0,0.5,0.6,-0.96,0.0,0.0,-0.47,3.0,0.81,6.0,0.0,0.5,0.6,1021.41,1023.8,1028.37,1024.87,3.0,5.18,6.0,0.0,0.5,0.6,0.6,2.0,3.4,2.0,3.0,2.0,6.0,0.0,0.5,0.6,-26.0,-26.0,-19.0,-22.6,3.0,5.9,6.0,0.0,0.5,0.6,-3.9,0.0,0.0,-1.9,3.0,3.3,6.0,0.0,0.5,0.6,-0.09,0.8,1.28,0.6,3.0,1.01,6.0,0.0,0.5,0.6,-0.7,3.3,6.3,2.8,3.0,5.1,6.0,0.0,0.5,0.6,4.42,4.45,4.85,4.63,3.0,0.35,6.0,0.0,0.5,0.6,21.2,22.5,22.6,21.9,3.0,1.1,6.0,0.0,0.5,0.6,-116.6,-109.6,-94.8,-105.8,3.0,16.4,6.0,0.0,0.5,0.6,-21.8,0.0,0.0,-10.7,3.0,18.5,6.0,0.0,0.5,0.6,-65.8,-65.1,-54.7,-60.4,3.0,9.1,6.0,0.0,0.5,0.6,-12.4,0.0,0.0,-6.0,3.0,10.5,6.0,0.0,0.5,0.6,-22.6,-22.5,-20.4,-21.5,3.0,1.8,6.0,0.0,0.5,0.6,-4.8,0.0,0.0,-2.4,3.0,4.1,6.0,0.0,0.5,0.6,89.0,132.5,132.5,111.5,3.0,37.0,6.0,0.0,0.5,0.6,90.0,135.0,135.0,110.0,3.0,35.0,6.0,0.0,0.5,0.6
1974,2,64.0,-32.0,24.74,25.25,25.76,25.25,2.0,1.06,14.0,0.5,0.6,0.5,23.35,24.1,24.85,24.1,2.0,1.56,14.0,0.5,0.6,0.5,13.23,13.54,13.85,13.54,2.0,0.65,14.0,0.5,0.6,0.5,71.5,73.2,75.0,73.2,2.0,3.6,14.0,0.5,0.5,5.43,7.2,8.97,7.2,2.0,3.68,14.0,0.5,0.6,0.5,-7.75,-4.6,-1.46,-4.6,2.0,6.51,14.0,0.5,0.6,0.5,-4.4,-3.98,-3.55,-3.98,2.0,0.88,14.0,0.5,0.6,0.5,1020.75,1022.35,1023.95,1022.35,2.0,3.32,14.0,0.5,0.6,0.5,4.3,5.0,5.7,5.0,2.0,1.4,14.0,0.5,0.6,0.5,-75.9,-45.1,-14.3,-45.1,2.0,63.8,14.0,0.5,0.6,0.5,-31.0,-27.0,-23.0,-27.0,2.0,8.3,14.0,0.5,0.6,0.5,-0.11,1.15,2.41,1.15,2.0,2.62,14.0,0.5,0.6,0.5,2.0,13.1,24.2,13.1,2.0,23.1,14.0,0.5,0.6,0.5,5.47,6.37,7.26,6.37,2.0,1.85,14.0,0.5,0.6,0.5,31.5,49.3,67.0,49.3,2.0,36.8,14.0,0.5,0.6,0.5,-178.2,-105.9,-33.6,-105.9,2.0,149.8,14.0,0.5,0.6,0.5,-109.8,-96.5,-83.3,-96.5,2.0,27.5,14.0,0.5,0.6,0.5,-101.4,-60.2,-19.1,-60.2,2.0,85.2,14.0,0.5,0.6,0.5,-61.1,-54.1,-47.1,-54.1,2.0,14.5,14.0,0.5,0.6,0.5,-59.5,-35.4,-11.2,-35.4,2.0,50.0,14.0,0.5,0.6,0.5,-25.3,-24.5,-23.7,-24.5,2.0,1.8,14.0,0.5,0.6,0.5,231.5,519.5,807.5,519.5,2.0,596.5,14.0,0.5,0.6,0.5,230.0,520.0,805.0,520.0,2.0,595.0,14.0,0.5,0.6,0.5
1974,2,64.0,-31.0,24.69,25.05,25.57,25.13,4.0,0.66,10.0,1.0,0.6,0.8,23.53,24.95,26.42,24.98,4.0,1.73,10.0,1.0,0.6,0.8,12.87,14.13,15.59,14.23,4.0,1.71,10.0,1.0,0.6,0.8,69.5,73.1,76.0,72.7,4.0,4.2,10.0,1.0,0.8,6.58,8.6,10.05,8.33,4.0,2.45,10.0,1.0,0.6,0.8,-9.96,-8.35,-5.98,-7.99,4.0,2.71,10.0,1.0,0.6,0.8,-2.68,-2.23,-0.91,-1.82,4.0,1.27,10.0,1.0,0.6,0.8,1021.11,1023.35,1024.12,1022.65,4.0,2.32,10.0,1.0,0.6,0.8,3.0,5.0,7.0,5.0,4.0,2.3,10.0,1.0,0.6,0.8,-101.0,-72.1,-41.9,-71.5,4.0,40.1,10.0,1.0,0.6,0.8,-22.1,-17.0,-6.2,-14.3,4.0,10.4,10.0,1.0,0.6,0.8,-0.95,0.25,1.24,0.15,4.0,1.6,10.0,1.0,0.6,0.8,-7.9,2.5,11.5,1.8,4.0,13.8,10.0,1.0,0.6,0.8,4.6,6.16,6.38,5.52,4.0,1.51,10.0,1.0,0.6,0.8,28.8,43.6,64.2,46.4,4.0,21.2,10.0,1.0,0.6,0.8,-235.2,-207.6,-158.6,-197.4,4.0,60.6,10.0,1.0,0.6,0.8,-71.0,-55.9,-21.8,-46.8,4.0,33.6,10.0,1.0,0.6,0.8,-129.9,-123.3,-91.9,-111.5,4.0,31.1,10.0,1.0,0.6,0.8,-41.9,-30.7,-11.2,-26.8,4.0,20.1,10.0,1.0,0.6,0.8,-63.7,-41.5,-25.9,-44.7,4.0,22.3,10.0,1.0,0.6,0.8,-14.0,-10.8,-4.4,-9.3,4.0,6.7,10.0,1.0,0.6,0.8,332.0,640.0,1044.5,686.0,4.0,497.5,10.0,1.0,0.6,0.8,330.0,640.0,1045.0,685.0,4.0,495.0,10.0,1.0,0.6,0.8
1974,2,64.0,-30.0,25.3,25.3,25.3,25.3,1.0,0.0,6.0,0.0,0.1,0.6,23.1,23.1,23.1,23.1,1.0,0.0,6.0,0.0,0.1,0.6,13.7,13.7,13.7,13.7,1.0,0.0,6.0,0.0,0.1,0.6,78.7,78.7,78.7,78.7,1.0,0.0,6.0,0.0,0.6,10.0,10.0,10.0,10.0,1.0,0.0,6.0,0.0,0.1,0.6,-9.85,-9.85,-9.85,-9.85,1.0,0.0,6.0,0.0,0.1,0.6,-1.74,-1.74,-1.74,-1.74,1.0,0.0,6.0,0.0,0.1,0.6,1022.7,1022.7,1022.7,1022.7,1.0,0.0,6.0,0.0,0.1,0.6,6.0,6.0,6.0,6.0,1.0,0.0,6.0,0.0,0.1,0.6,-98.5,-98.5,-98.5,-98.5,1.0,0.0,6.0,0.0,0.1,0.6,-17.4,-17.4,-17.4,-17.4,1.0,0.0,6.0,0.0,0.1,0.6,2.2,2.2,2.2,2.2,1.0,0.0,6.0,0.0,0.1,0.6,22.0,22.0,22.0,22.0,1.0,0.0,6.0,0.0,0.1,0.6,6.24,6.24,6.24,6.24,1.0,0.0,6.0,0.0,0.1,0.6,62.4,62.4,62.4,62.4,1.0,0.0,6.0,0.0,0.1,0.6,-227.5,-227.5,-227.5,-227.5,1.0,0.0,6.0,0.0,0.1,0.6,-40.1,-40.1,-40.1,-40.1,1.0,0.0,6.0,0.0,0.1,0.6,-134.9,-134.9,-134.9,-134.9,1.0,0.0,6.0,0.0,0.1,0.6,-23.8,-23.8,-23.8,-23.8,1.0,0.0,6.0,0.0,0.1,0.6,-61.5,-61.5,-61.5,-61.5,1.0,0.0,6.0,0.0,0.1,0.6,-10.8,-10.8,-10.8,-10.8,1.0,0.0,6.0,0.0,0.1,0.6,1000.0,1000.0,1000.0,1000.0,1.0,0.0,6.0,0.0,0.1,0.6,1000.0,1000.0,1000.0,1000.0,1.0,0.0,6.0,0.0,0.1,0.6
1974,2,64.0,-29.0,25.0,25.0,25.0,25.0,1.0,0.0,2.0,1.0,0.2,0.7,24.5,24.5,24.5,24.5,1.0,0.0,2.0,1.0,0.2,0.7,15.39,15.39,15.39,15.39,1.0,0.0,2.0,1.0,0.2,0.7,80.9,80.9,80.9,80.9,1.0,0.0,2.0,1.0,0.7,8.7,8.7,8.7,8.7,1.0,0.0,2.0,1.0,0.2,0.7,-8.7,-8.7,-8.7,-8.7,1.0,0.0,2.0,1.0,0.2,0.7,0.0,0.0,0.0,0.0,1.0,0.0,2.0,1.0,0.2,0.7,1018.5,1018.5,1018.5,1018.5,1.0,0.0,2.0,1.0,0.2,0.7,5.0,5.0,5.0,5.0,1.0,0.0,2.0,1.0,0.2,0.7,-75.7,-75.7,-75.7,-75.7,1.0,0.0,2.0,1.0,0.2,0.7,0.0,0.0,0.0,0.0,1.0,0.0,2.0,1.0,0.2,0.7,0.5,0.5,0.5,0.5,1.0,0.0,2.0,1.0,0.2,0.7,4.4,4.4,4.4,4.4,1.0,0.0,2.0,1.0,0.2,0.7,4.27,4.27,4.27,4.27,1.0,0.0,2.0,1.0,0.2,0.7,37.2,37.2,37.2,37.2,1.0,0.0,2.0,1.0,0.2,0.7,-213.1,-213.1,-213.1,-213.1,1.0,0.0,2.0,1.0,0.2,0.7,0.0,0.0,0.0,0.0,1.0,0.0,2.0,1.0,0.2,0.7,-133.9,-133.9,-133.9,-133.9,1.0,0.0,2.0,1.0,0.2,0.7,0.0,0.0,0.0,0.0,1.0,0.0,2.0,1.0,0.2,0.7,-37.2,-37.2,-37.2,-37.2,1.0,0.0,2.0,1.0,0.2,0.7,0.0,0.0,0.0,0.0,1.0,0.0,2.0,1.0,0.2,0.7,658.5,658.5,658.5,658.5,1.0,0.0,2.0,1.0,0.2,0.7,660.0,660.0,660.0,660.0,1.0,0.0,2.0,1.0,0.2,0.7
1974,2,64.0,-28.0,24.13,24.4,24.81,24.47,3.0,0.5,6.0,0.3,0.6,0.4,23.5,23.5,24.11,23.8,3.0,0.52,6.0,0.3,0.6,0.4,13.23,14.57,15.41,14.33,3.0,1.6,6.0,0.3,0.6,0.4,72.8,77.0,84.5,78.6,3.0,8.7,6.0,0.3,0.4,4.76,5.1,6.87,5.8,3.0,1.66,6.0,0.3,0.6,0.4,-6.7,-4.79,-4.61,-5.64,3.0,1.69,6.0,0.3,0.6,0.4,-1.44,-0.8,0.66,-0.4,3.0,1.58,6.0,0.3,0.6,0.4,1017.6,1017.8,1021.35,1019.43,3.0,3.09,6.0,0.3,0.6,0.4,6.0,6.0,7.4,6.7,3.0,1.2,6.0,0.3,0.6,0.4,-47.6,-24.4,-22.0,-34.6,3.0,20.7,6.0,0.3,0.6,0.4,-7.2,-3.7,5.9,-0.8,3.0,9.9,6.0,0.3,0.6,0.4,0.53,0.6,0.8,0.67,3.0,0.21,6.0,0.3,0.6,0.4,2.5,3.1,5.7,4.1,3.0,2.5,6.0,0.3,0.6,0.4,3.49,5.12,5.9,4.71,3.0,1.8,6.0,0.3,0.6,0.4,16.9,26.1,41.2,29.0,3.0,18.0,6.0,0.3,0.6,0.4,-158.8,-116.9,-109.8,-133.9,3.0,38.8,6.0,0.3,0.6,0.4,-35.0,-18.8,15.5,-10.0,3.0,37.8,6.0,0.3,0.6,0.4,-88.0,-71.6,-70.4,-79.0,3.0,14.5,6.0,0.3,0.6,0.4,-21.3,-12.6,7.5,-7.1,3.0,21.7,6.0,0.3,0.6,0.4,-40.2,-24.5,-16.2,-28.1,3.0,17.8,6.0,0.3,0.6,0.4,-6.8,-2.2,5.0,-0.9,3.0,8.7,6.0,0.3,0.6,0.4,108.5,132.5,353.5,229.0,3.0,198.0,6.0,0.3,0.6,0.4,110.0,135.0,355.0,230.0,3.0,200.0,6.0,0.3,0.6,0.4
1974,2,64.0,-26.0,25.0,25.0,25.0,25.0,1.0,0.0,12.0,1.0,0.0,0.3,24.5,24.5,24.5,24.5,1.0,0.0,12.0,1.0,0.0,0.3,16.02,16.02,16.02,16.02,1.0,0.0,12.0,1.0,0.0,0.3,83.9,83.9,83.9,83.9,1.0,0.0,12.0,1.0,0.3,5.1,5.1,5.1,5.1,1.0,0.0,12.0,1.0,0.0,0.3,-4.79,-4.79,-4.79,-4.79,1.0,0.0,12.0,1.0,0.0,0.3,-1.74,-1.74,-1.74,-1.74,1.0,0.0,12.0,1.0,0.0,0.3,1016.0,1016.0,1016.0,1016.0,1.0,0.0,12.0,1.0,0.0,0.3,7.0,7.0,7.0,7.0,1.0,0.0,12.0,1.0,0.0,0.3,-24.4,-24.4,-24.4,-24.4,1.0,0.0,12.0,1.0,0.0,0.3,-8.9,-8.9,-8.9,-8.9,1.0,0.0,12.0,1.0,0.0,0.3,0.5,0.5,0.5,0.5,1.0,0.0,12.0,1.0,0.0,0.3,2.6,2.6,2.6,2.6,1.0,0.0,12.0,1.0,0.0,0.3,3.7,3.7,3.7,3.7,1.0,0.0,12.0,1.0,0.0,0.3,18.9,18.9,18.9,18.9,1.0,0.0,12.0,1.0,0.0,0.3,-117.4,-117.4,-117.4,-117.4,1.0,0.0,12.0,1.0,0.0,0.3,-42.7,-42.7,-42.7,-42.7,1.0,0.0,12.0,1.0,0.0,0.3,-76.8,-76.8,-76.8,-76.8,1.0,0.0,12.0,1.0,0.0,0.3,-27.9,-27.9,-27.9,-27.9,1.0,0.0,12.0,1.0,0.0,0.3,-17.7,-17.7,-17.7,-17.7,1.0,0.0,12.0,1.0,0.0,0.3,-6.5,-6.5,-6.5,-6.5,1.0,0.0,12.0,1.0,0.0,0.3,132.5,132.5,132.5,132.5,1.0,0.0,12.0,1.0,0.0,0.3,135.0,135.0,135.0,135.0,1.0,0.0,12.0,1.0,0.0,0.3
1974,2,64.0,-22.0,24.9,25.1,25.3,25.1,2.0,0.42,4.0,0.0,0.4,0.6,24.73,24.8,24.87,24.8,2.0,0.14,4.0,0.0,0.4,0.6,15.0,15.44,15.88,15.44,2.0,0.9,4.0,0.0,0.4,0.6,76.8,79.3,81.7,79.3,2.0,5.1,4.0,0.0,0.6,8.85,10.25,11.65,10.25,2.0,2.9,4.0,0.0,0.4,0.6,-11.03,-9.88,-8.73,-9.88,2.0,2.37,4.0,0.0,0.4,0.6,0.67,2.1,3.54,2.1,2.0,2.97,4.0,0.0,0.4,0.6,1012.52,1013.2,1013.88,1013.2,2.0,1.41,4.0,0.0,0.4,0.6,2.1,4.5,6.9,4.5,2.0,4.9,4.0,0.0,0.4,0.6,-130.3,-104.7,-79.1,-104.7,2.0,53.0,4.0,0.0,0.4,0.6,8.2,25.9,43.5,25.9,2.0,36.6,4.0,0.0,0.4,0.6,0.03,0.3,0.57,0.3,2.0,0.57,4.0,0.0,0.4,0.6,0.7,3.9,7.1,3.9,2.0,6.7,4.0,0.0,0.4,0.6,4.28,4.46,4.63,4.46,2.0,0.37,4.0,0.0,0.4,0.6,40.7,45.1,49.6,45.1,2.0,9.2,4.0,0.0,0.4,0.6,-272.6,-244.8,-217.1,-244.8,2.0,57.5,4.0,0.0,0.4,0.6,16.5,52.0,87.4,52.0,2.0,73.5,4.0,0.0,0.4,0.6,-175.6,-153.6,-131.6,-153.6,2.0,45.6,4.0,0.0,0.4,0.6,10.7,33.8,56.9,33.8,2.0,47.8,4.0,0.0,0.4,0.6,-46.9,-43.6,-40.2,-43.6,2.0,7.0,4.0,0.0,0.4,0.6,2.8,8.8,14.9,8.8,2.0,12.5,4.0,0.0,0.4,0.6,759.0,1206.0,1653.0,1206.0,2.0,926.0,4.0,0.0,0.4,0.6,760.0,1205.0,1655.0,1205.0,2.0,925.0,4.0,0.0,0.4,0.6
1974,2,64.0,-19.0,25.6,25.6,25.6,25.6,1.0,0.0,24.0,1.0,0.0,0.5,26.6,26.6,26.6,26.6,1.0,0.0,24.0,1.0,0.0,0.5,19.23,19.23,19.23,19.23,1.0,0.0,24.0,1.0,0.0,0.5,88.3,88.3,88.3,88.3,1.0,0.0,24.0,1.0,0.5,12.3,12.3,12.3,12.3,1.0,0.0,24.0,1.0,0.0,0.5,-10.65,-10.65,-10.65,-10.65,1.0,0.0,24.0,1.0,0.0,0.5,6.15,6.15,6.15,6.15,1.0,0.0,24.0,1.0,0.0,0.5,1010.9,1010.9,1010.9,1010.9,1.0,0.0,24.0,1.0,0.0,0.5,4.0,4.0,4.0,4.0,1.0,0.0,24.0,1.0,0.0,0.5,-131.0,-131.0,-131.0,-131.0,1.0,0.0,24.0,1.0,0.0,0.5,75.6,75.6,75.6,75.6,1.0,0.0,24.0,1.0,0.0,0.5,-1.0,-1.0,-1.0,-1.0,1.0,0.0,24.0,1.0,0.0,0.5,-12.3,-12.3,-12.3,-12.3,1.0,0.0,24.0,1.0,0.0,0.5,1.32,1.32,1.32,1.32,1.0,0.0,24.0,1.0,0.0,0.5,16.2,16.2,16.2,16.2,1.0,0.0,24.0,1.0,0.0,0.5,-283.3,-283.3,-283.3,-283.3,1.0,0.0,24.0,1.0,0.0,0.5,163.6,163.6,163.6,163.6,1.0,0.0,24.0,1.0,0.0,0.5,-204.8,-204.8,-204.8,-204.8,1.0,0.0,24.0,1.0,0.0,0.5,118.2,118.2,118.2,118.2,1.0,0.0,24.0,1.0,0.0,0.5,-14.1,-14.1,-14.1,-14.1,1.0,0.0,24.0,1.0,0.0,0.5,8.1,8.1,8.1,8.1,1.0,0.0,24.0,1.0,0.0,0.5,1861.0,1861.0,1861.0,1861.0,1.0,0.0,24.0,1.0,0.0,0.5,1860.0,1860.0,1860.0,1860.0,1.0,0.0,24.0,1.0,0.0,0.5
1974,2,64.0,-18.0,25.93,26.65,27.21,26.58,4.0,0.79,10.0,0.5,0.2,0.4,26.0,26.3,28.01,27.06,5.0,1.83,12.0,0.4,0.2,0.5,14.54,15.01,15.83,15.18,4.0,1.0,12.0,0.3,0.2,0.3,68.8,71.1,73.9,71.4,4.0,3.5,12.0,0.3,0.3,6.33,6.7,8.06,7.18,4.0,1.45,10.0,0.3,0.2,0.5,-8.01,-6.6,-6.24,-7.1,4.0,1.5,10.0,0.3,0.2,0.5,-0.55,0.58,1.16,0.32,4.0,1.06,10.0,0.3,0.2,0.5,1010.69,1014.0,1014.54,1012.82,5.0,2.19,12.0,0.4,0.2,0.5,1.3,3.0,4.0,2.6,5.0,1.7,12.0,0.4,0.2,0.5,-66.4,-44.2,-39.6,-52.6,4.0,23.0,10.0,0.3,0.2,0.5,-3.3,3.9,7.8,2.3,4.0,6.8,10.0,0.3,0.2,0.5,-1.92,-0.2,0.37,-0.75,4.0,1.76,10.0,0.5,0.2,0.4,-14.4,-2.7,-0.9,-7.5,3.0,10.7,8.0,0.3,0.2,0.4,6.3,6.39,6.42,6.36,3.0,0.09,10.0,0.3,0.2,0.2,42.9,43.0,43.0,43.0,2.0,0.2,4.0,0.0,0.3,0.2,-211.9,-176.3,-172.5,-191.5,4.0,33.7,10.0,0.3,0.2,0.5,-16.5,15.1,30.4,7.3,4.0,29.6,10.0,0.3,0.2,0.5,-126.6,-99.2,-95.2,-110.6,3.0,25.0,8.0,0.0,0.3,0.3,5.2,16.5,17.2,11.3,3.0,9.8,8.0,0.0,0.3,0.3,-42.4,-42.3,-42.2,-42.3,2.0,0.2,4.0,0.0,0.3,0.2,7.4,7.5,7.5,7.5,2.0,0.0,4.0,0.0,0.3,0.2,256.5,301.0,564.5,405.5,4.0,269.0,10.0,0.3,0.2,0.5,255.0,300.0,565.0,405.0,4.0,270.0,10.0,0.3,0.2,0.5
1974,2,64.0,-17.0,26.37,27.0,28.55,27.32,12.0,1.05,14.0,0.8,0.5,0.7,25.8,26.5,28.12,26.7,13.0,1.4,14.0,0.7,0.6,0.7,16.85,17.94,18.99,17.9,10.0,1.29,14.0,0.6,0.6,0.8,75.9,83.6,91.1,82.7,11.0,9.1,14.0,0.6,0.7,4.6,6.7,8.12,6.45,13.0,2.05,14.0,0.7,0.6,0.7,-8.0,-6.6,-3.31,-5.73,13.0,3.04,14.0,0.7,0.6,0.7,0.0,1.39,2.32,1.36,13.0,1.59,14.0,0.7,0.6,0.7,1010.05,1012.15,1013.7,1011.75,12.0,2.25,14.0,0.7,0.6,0.7,3.0,3.0,6.0,3.9,13.0,1.8,14.0,0.7,0.6,0.7,-65.1,-44.2,-15.0,-41.9,13.0,29.9,14.0,0.7,0.6,0.7,0.0,7.8,13.7,7.1,13.0,9.8,14.0,0.7,0.6,0.7,-0.28,0.15,2.75,0.56,12.0,1.83,14.0,0.8,0.5,0.7,-2.0,0.5,17.9,3.7,12.0,14.2,14.0,0.8,0.5,0.7,3.51,5.08,6.77,5.04,9.0,2.23,14.0,0.7,0.6,0.8,25.6,28.1,56.0,34.8,9.0,19.3,14.0,0.7,0.6,0.8,-235.1,-172.9,-89.9,-152.5,13.0,82.4,14.0,0.7,0.6,0.7,0.0,36.8,60.2,37.0,13.0,44.1,14.0,0.7,0.6,0.7,-143.5,-109.9,-48.7,-96.6,10.0,58.2,14.0,0.6,0.6,0.8,0.0,20.1,39.3,22.5,10.0,33.7,14.0,0.6,0.6,0.8,-56.0,-27.7,-7.8,-30.8,9.0,23.4,14.0,0.7,0.6,0.8,0.0,4.4,8.3,4.5,9.0,9.7,14.0,0.7,0.6,0.8,97.5,301.0,540.0,343.0,13.0,282.5,14.0,0.7,0.6,0.7,95.0,300.0,540.0,345.0,13.0,285.0,14.0,0.7,0.6,0.7
1974,2,64.0,-16.0,26.5,27.1,28.49,27.34,20.0,0.89,18.0,0.6,0.5,0.5,26.0,26.75,28.4,27.0,22.0,1.25,18.0,0.6,0.5,0.5,15.88,16.96,17.88,16.87,19.0,1.07,18.0,0.5,0.5,0.5,71.9,76.9,81.6,76.7,19.0,5.8,18.0,0.5,0.5,4.6,6.35,7.87,6.31,22.0,2.32,18.0,0.6,0.5,0.5,-7.16,-5.25,-3.55,-5.47,22.0,2.71,18.0,0.6,0.5,0.5,0.0,1.53,4.0,1.76,22.0,2.28,18.0,0.6,0.5,0.5,1008.47,1010.65,1012.67,1010.58,22.0,2.02,18.0,0.6,0.5,0.5,2.0,3.5,5.7,3.9,22.0,1.9,18.0,0.6,0.5,0.5,-51.7,-29.0,-14.0,-39.4,22.0,35.8,18.0,0.6,0.5,0.5,0.0,6.4,25.6,11.6,22.0,17.5,18.0,0.6,0.5,0.5,-1.2,0.45,1.4,0.17,20.0,1.49,18.0,0.6,0.5,0.5,-8.2,2.4,8.6,0.2,20.0,10.3,18.0,0.6,0.5,0.5,4.56,6.48,7.02,6.02,18.0,1.47,16.0,0.6,0.4,0.5,23.3,32.8,49.7,37.1,18.0,17.2,16.0,0.6,0.4,0.5,-198.3,-148.1,-94.5,-148.3,22.0,74.1,18.0,0.6,0.5,0.5,0.0,39.8,105.8,47.9,22.0,61.9,18.0,0.6,0.5,0.5,-120.2,-78.5,-55.6,-86.9,19.0,45.1,18.0,0.5,0.5,0.5,0.0,26.9,54.7,29.6,19.0,38.0,18.0,0.5,0.5,0.5,-43.7,-29.9,-18.7,-31.0,18.0,18.9,16.0,0.6,0.4,0.5,0.0,8.8,27.8,11.7,18.0,15.2,16.0,0.6,0.4,0.5,97.5,258.5,492.0,360.0,22.0,462.0,18.0,0.6,0.5,0.5,95.0,260.0,490.0,360.0,22.0,460.0,18.0,0.6,0.5,0.5
1974,2,64.0,-14.0,29.0,29.0,29.0,29.0,1.0,0.0,8.0,0.0,0.4,1.0,26.2,26.2,26.2,26.2,1.0,0.0,8.0,0.0,0.4,1.0,18.94,18.94,18.94,18.94,1.0,0.0,8.0,0.0,0.4,1.0,88.8,88.8,88.8,88.8,1.0,0.0,8.0,0.0,1.0,5.1,5.1,5.1,5.1,1.0,0.0,8.0,0.0,0.4,1.0,-5.02,-5.02,-5.02,-5.02,1.0,0.0,8.0,0.0,0.4,1.0,0.89,0.89,0.89,0.89,1.0,0.0,8.0,0.0,0.4,1.0,1007.8,1007.8,1007.8,1007.8,1.0,0.0,8.0,0.0,0.4,1.0,8.0,8.0,8.0,8.0,1.0,0.0,8.0,0.0,0.4,1.0,-25.6,-25.6,-25.6,-25.6,1.0,0.0,8.0,0.0,0.4,1.0,4.5,4.5,4.5,4.5,1.0,0.0,8.0,0.0,0.4,1.0,2.8,2.8,2.8,2.8,1.0,0.0,8.0,0.0,0.4,1.0,14.3,14.3,14.3,14.3,1.0,0.0,8.0,0.0,0.4,1.0,6.3,6.3,6.3,6.3,1.0,0.0,8.0,0.0,0.4,1.0,32.1,32.1,32.1,32.1,1.0,0.0,8.0,0.0,0.4,1.0,-131.6,-131.6,-131.6,-131.6,1.0,0.0,8.0,0.0,0.4,1.0,23.2,23.2,23.2,23.2,1.0,0.0,8.0,0.0,0.4,1.0,-95.1,-95.1,-95.1,-95.1,1.0,0.0,8.0,0.0,0.4,1.0,16.8,16.8,16.8,16.8,1.0,0.0,8.0,0.0,0.4,1.0,-31.6,-31.6,-31.6,-31.6,1.0,0.0,8.0,0.0,0.4,1.0,5.6,5.6,5.6,5.6,1.0,0.0,8.0,0.0,0.4,1.0,132.5,132.5,132.5,132.5,1.0,0.0,8.0,0.0,0.4,1.0,135.0,135.0,135.0,135.0,1.0,0.0,8.0,0.0,0.4,1.0
1974,2,64.0,-13.0,28.6,28.6,28.6,28.6,1.0,0.0,20.0,0.0,0.5,0.5,26.7,26.7,26.7,26.7,1.0,0.0,20.0,0.0,0.5,0.5,17.24,17.24,17.24,17.24,1.0,0.0,20.0,0.0,0.5,0.5,78.7,78.7,78.7,78.7,1.0,0.0,20.0,0.0,0.5,5.1,5.1,5.1,5.1,1.0,0.0,20.0,0.0,0.5,0.5,-1.74,-1.74,-1.74,-1.74,1.0,0.0,20.0,0.0,0.5,0.5,4.79,4.79,4.79,4.79,1.0,0.0,20.0,0.0,0.5,0.5,1010.4,1010.4,1010.4,1010.4,1.0,0.0,20.0,0.0,0.5,0.5,7.0,7.0,7.0,7.0,1.0,0.0,20.0,0.0,0.5,0.5,-8.9,-8.9,-8.9,-8.9,1.0,0.0,20.0,0.0,0.5,0.5,24.4,24.4,24.4,24.4,1.0,0.0,20.0,0.0,0.5,0.5,1.9,1.9,1.9,1.9,1.0,0.0,20.0,0.0,0.5,0.5,9.7,9.7,9.7,9.7,1.0,0.0,20.0,0.0,0.5,0.5,7.35,7.35,7.35,7.35,1.0,0.0,20.0,0.0,0.5,0.5,37.5,37.5,37.5,37.5,1.0,0.0,20.0,0.0,0.5,0.5,-46.6,-46.6,-46.6,-46.6,1.0,0.0,20.0,0.0,0.5,0.5,128.0,128.0,128.0,128.0,1.0,0.0,20.0,0.0,0.5,0.5,-30.1,-30.1,-30.1,-30.1,1.0,0.0,20.0,0.0,0.5,0.5,82.6,82.6,82.6,82.6,1.0,0.0,20.0,0.0,0.5,0.5,-12.8,-12.8,-12.8,-12.8,1.0,0.0,20.0,0.0,0.5,0.5,35.2,35.2,35.2,35.2,1.0,0.0,20.0,0.0,0.5,0.5,132.5,132.5,132.5,132.5,1.0,0.0,20.0,0.0,0.5,0.5,135.0,135.0,135.0,135.0,1.0,0.0,20.0,0.0,0.5,0.5
1974,2,64.0,-12.0,28.92,28.95,28.98,28.95,2.0,0.07,20.0,1.0,0.6,0.2,27.22,28.35,29.48,28.35,2.0,2.33,20.0,1.0,0.6,0.2,17.28,17.28,17.28,17.28,1.0,0.0,14.0,1.0,0.9,0.1,79.2,79.2,79.2,79.2,1.0,0.0,14.0,1.0,0.1,5.27,5.65,6.03,5.65,2.0,0.78,20.0,1.0,0.6,0.2,-2.06,-1.93,-1.8,-1.93,2.0,0.27,20.0,1.0,0.6,0.2,4.96,5.31,5.66,5.31,2.0,0.73,20.0,1.0,0.6,0.2,1009.79,1011.5,1013.21,1011.5,2.0,3.54,20.0,1.0,0.6,0.2,2.5,3.5,4.5,3.5,2.0,2.1,20.0,1.0,0.6,0.2,-12.5,-11.0,-9.6,-11.0,2.0,3.0,20.0,1.0,0.6,0.2,26.3,30.3,34.3,30.3,2.0,8.3,20.0,1.0,0.6,0.2,-0.49,0.6,1.69,0.6,2.0,2.26,20.0,1.0,0.6,0.2,-2.1,4.3,10.7,4.3,2.0,13.3,20.0,1.0,0.6,0.2,7.65,7.65,7.65,7.65,1.0,0.0,14.0,1.0,0.9,0.1,47.4,47.4,47.4,47.4,1.0,0.0,14.0,1.0,0.9,0.1,-55.9,-54.5,-53.0,-54.5,2.0,3.0,20.0,1.0,0.6,0.2,145.6,149.7,153.7,149.7,2.0,8.3,20.0,1.0,0.6,0.2,-36.6,-36.6,-36.6,-36.6,1.0,0.0,14.0,1.0,0.9,0.1,100.7,100.7,100.7,100.7,1.0,0.0,14.0,1.0,0.9,0.1,-16.2,-16.2,-16.2,-16.2,1.0,0.0,14.0,1.0,0.9,0.1,44.6,44.6,44.6,44.6,1.0,0.0,14.0,1.0,0.9,0.1,149.5,185.5,221.5,185.5,2.0,74.5,20.0,1.0,0.6,0.2,150.0,185.0,220.0,185.0,2.0,75.0,20.0,1.0,0.6,0.2
1974,2,64.0,-11.0,28.0,28.0,28.0,28.0,1.0,0.0,16.0,0.0,0.1,1.0,28.0,28.0,28.0,28.0,1.0,0.0,16.0,0.0,0.1,1.0,18.5,18.5,18.5,18.5,1.0,0.0,16.0,0.0,0.1,1.0,78.4,78.4,78.4,78.4,1.0,0.0,16.0,0.0,1.0,0.5,0.5,0.5,0.5,1.0,0.0,16.0,0.0,0.1,1.0,-0.49,-0.49,-0.49,-0.49,1.0,0.0,16.0,0.0,0.1,1.0,-0.09,-0.09,-0.09,-0.09,1.0,0.0,16.0,0.0,0.1,1.0,1013.0,1013.0,1013.0,1013.0,1.0,0.0,16.0,0.0,0.1,1.0,1.0,1.0,1.0,1.0,1.0,0.0,16.0,0.0,0.1,1.0,-0.2,-0.2,-0.2,-0.2,1.0,0.0,16.0,0.0,0.1,1.0,0.0,0.0,0.0,0.0,1.0,0.0,16.0,0.0,0.1,1.0,0.0,0.0,0.0,0.0,1.0,0.0,16.0,0.0,0.1,1.0,0.0,0.0,0.0,0.0,1.0,0.0,16.0,0.0,0.1,1.0,5.16,5.16,5.16,5.16,1.0,0.0,16.0,0.0,0.1,1.0,2.6,2.6,2.6,2.6,1.0,0.0,16.0,0.0,0.1,1.0,-13.8,-13.8,-13.8,-13.8,1.0,0.0,16.0,0.0,0.1,1.0,-2.4,-2.4,-2.4,-2.4,1.0,0.0,16.0,0.0,0.1,1.0,-9.1,-9.1,-9.1,-9.1,1.0,0.0,16.0,0.0,0.1,1.0,-1.6,-1.6,-1.6,-1.6,1.0,0.0,16.0,0.0,0.1,1.0,-2.5,-2.5,-2.5,-2.5,1.0,0.0,16.0,0.0,0.1,1.0,-0.4,-0.4,-0.4,-0.4,1.0,0.0,16.0,0.0,0.1,1.0,0.0,0.0,0.0,0.0,1.0,0.0,16.0,0.0,0.1,1.0,0.0,0.0,0.0,0.0,1.0,0.0,16.0,0.0,0.1,1.0
1974,2,64.0,-10.0,26.74,27.05,27.36,27.05,2.0,0.64,10.0,0.5,0.4,0.3,26.55,26.65,26.75,26.65,2.0,0.21,10.0,0.5,0.4,0.3,17.01,17.17,17.34,17.17,2.0,0.34,10.0,0.5,0.4,0.3,78.4,78.7,79.1,78.7,2.0,0.7,10.0,0.5,0.3,0.33,1.05,1.77,1.05,2.0,1.48,10.0,0.5,0.4,0.3,0.33,1.05,1.77,1.05,2.0,1.48,10.0,0.5,0.4,0.3,0.0,0.0,0.0,0.0,2.0,0.0,10.0,0.5,0.4,0.3,1010.43,1011.8,1012.21,1011.33,3.0,1.36,10.0,0.7,0.5,0.5,1.3,2.0,4.7,3.0,3.0,2.6,10.0,0.7,0.5,0.5,0.7,2.2,3.7,2.2,2.0,3.1,10.0,0.5,0.4,0.3,0.0,0.0,0.0,0.0,2.0,0.0,10.0,0.5,0.4,0.3,-0.01,0.4,0.81,0.4,2.0,0.85,10.0,0.5,0.4,0.3,-0.4,-0.2,-0.1,-0.2,2.0,0.3,10.0,0.5,0.4,0.3,4.65,5.24,5.84,5.24,2.0,1.23,10.0,0.5,0.4,0.3,1.5,4.6,7.7,4.6,2.0,6.5,10.0,0.5,0.4,0.3,8.9,28.1,47.3,28.1,2.0,39.8,10.0,0.5,0.4,0.3,0.0,0.0,0.0,0.0,2.0,0.0,10.0,0.5,0.4,0.3,5.8,18.3,30.8,18.3,2.0,25.9,10.0,0.5,0.4,0.3,0.0,0.0,0.0,0.0,2.0,0.0,10.0,0.5,0.4,0.3,1.5,4.6,7.7,4.6,2.0,6.5,10.0,0.5,0.4,0.3,0.0,0.0,0.0,0.0,2.0,0.0,10.0,0.5,0.4,0.3,1.5,4.5,8.0,4.5,2.0,6.5,10.0,0.5,0.4,0.3,0.0,5.0,10.0,5.0,2.0,5.0,10.0,0.5,0.4,0.3
1974,2,64.0,-9.0,26.8,26.8,26.8,26.8,1.0,0.0,4.0,1.0,0.6,1.0,28.5,28.5,28.5,28.5,1.0,0.0,4.0,1.0,0.6,1.0,18.31,18.31,18.31,18.31,1.0,0.0,4.0,1.0,0.6,1.0,75.3,75.3,75.3,75.3,1.0,0.0,4.0,1.0,1.0,6.7,6.7,6.7,6.7,1.0,0.0,4.0,1.0,0.6,1.0,6.7,6.7,6.7,6.7,1.0,0.0,4.0,1.0,0.6,1.0,0.0,0.0,0.0,0.0,1.0,0.0,4.0,1.0,0.6,1.0,1011.3,1011.3,1011.3,1011.3,1.0,0.0,4.0,1.0,0.6,1.0,3.0,3.0,3.0,3.0,1.0,0.0,4.0,1.0,0.6,1.0,44.9,44.9,44.9,44.9,1.0,0.0,4.0,1.0,0.6,1.0,0.0,0.0,0.0,0.0,1.0,0.0,4.0,1.0,0.6,1.0,-1.7,-1.7,-1.7,-1.7,1.0,0.0,4.0,1.0,0.6,1.0,-11.4,-11.4,-11.4,-11.4,1.0,0.0,4.0,1.0,0.6,1.0,3.76,3.76,3.76,3.76,1.0,0.0,4.0,1.0,0.6,1.0,25.2,25.2,25.2,25.2,1.0,0.0,4.0,1.0,0.6,1.0,191.0,191.0,191.0,191.0,1.0,0.0,4.0,1.0,0.6,1.0,0.0,0.0,0.0,0.0,1.0,0.0,4.0,1.0,0.6,1.0,122.7,122.7,122.7,122.7,1.0,0.0,4.0,1.0,0.6,1.0,0.0,0.0,0.0,0.0,1.0,0.0,4.0,1.0,0.6,1.0,25.2,25.2,25.2,25.2,1.0,0.0,4.0,1.0,0.6,1.0,0.0,0.0,0.0,0.0,1.0,0.0,4.0,1.0,0.6,1.0,301.0,301.0,301.0,301.0,1.0,0.0,4.0,1.0,0.6,1.0,300.0,300.0,300.0,300.0,1.0,0.0,4.0,1.0,0.6,1.0
1974,2,64.0,-7.0,28.0,28.0,28.0,28.0,1.0,0.0,20.0,0.0,0.4,0.7,28.0,28.0,28.0,28.0,1.0,0.0,20.0,0.0,0.4,0.7,17.55,17.55,17.55,17.55,1.0,0.0,20.0,0.0,0.4,0.7,74.3,74.3,74.3,74.3,1.0,0.0,20.0,0.0,0.7,0.0,0.0,0.0,0.0,1.0,0.0,20.0,0.0,0.4,0.7,0.0,0.0,0.0,0.0,1.0,0.0,20.0,0.0,0.4,0.7,0.0,0.0,0.0,0.0,1.0,0.0,20.0,0.0,0.4,0.7,1010.6,1010.6,1010.6,1010.6,1.0,0.0,20.0,0.0,0.4,0.7,4.0,4.0,4.0,4.0,1.0,0.0,20.0,0.0,0.4,0.7,0.0,0.0,0.0,0.0,1.0,0.0,20.0,0.0,0.4,0.7,0.0,0.0,0.0,0.0,1.0,0.0,20.0,0.0,0.4,0.7,0.0,0.0,0.0,0.0,1.0,0.0,20.0,0.0,0.4,0.7,0.0,0.0,0.0,0.0,1.0,0.0,20.0,0.0,0.4,0.7,6.17,6.17,6.17,6.17,1.0,0.0,20.0,0.0,0.4,0.7,0.0,0.0,0.0,0.0,1.0,0.0,20.0,0.0,0.4,0.7,0.0,0.0,0.0,0.0,1.0,0.0,20.0,0.0,0.4,0.7,0.0,0.0,0.0,0.0,1.0,0.0,20.0,0.0,0.4,0.7,0.0,0.0,0.0,0.0,1.0,0.0,20.0,0.0,0.4,0.7,0.0,0.0,0.0,0.0,1.0,0.0,20.0,0.0,0.4,0.7,0.0,0.0,0.0,0.0,1.0,0.0,20.0,0.0,0.4,0.7,0.0,0.0,0.0,0.0,1.0,0.0,20.0,0.0,0.4,0.7,0.0,0.0,0.0,0.0,1.0,0.0,20.0,0.0,0.4,0.7,0.0,0.0,0.0,0.0,1.0,0.0,20.0,0.0,0.4,0.7
1974,2,64.0,-6.0,27.1,27.1,27.1,27.1,1.0,0.0,10.0,0.0,0.2,0.6,26.8,26.8,26.8,26.8,1.0,0.0,10.0,0.0,0.2,0.6,17.0,17.0,17.0,17.0,1.0,0.0,10.0,0.0,0.2,0.6,77.3,77.3,77.3,77.3,1.0,0.0,10.0,0.0,0.6,,,,,,,,,,,,,,,,,,,,,,,,,,,,,,,,,,,,,,,,,,,,,,,,,,,,,,,,,,,,,,,,,,,,,,,,,,,,,,,,,,,,,,,,,,,,,,,,,,,,,,,,,,,,,,,,,,,,,,,,,,,,,,,,,,,,,,,,,,,,,,,,,,,,,,,,,,,,,,,,,,,,,,,,,,,,,,,,,,,,,,,,,,,,,,
1974,2,64.0,-3.0,27.8,27.8,27.8,27.8,3.0,0.0,18.0,0.3,0.3,0.5,26.01,27.1,27.92,26.97,3.0,1.4,18.0,0.3,0.3,0.5,17.46,17.58,17.77,17.61,3.0,0.23,18.0,0.3,0.3,0.5,74.5,77.8,84.5,79.5,3.0,7.5,18.0,0.3,0.5,3.74,6.2,6.54,5.17,3.0,2.24,18.0,0.3,0.3,0.5,-1.15,1.3,1.86,0.38,3.0,2.35,18.0,0.3,0.3,0.5,-6.15,-5.83,-0.31,-3.29,3.0,4.81,18.0,0.3,0.3,0.5,1010.02,1012.0,1012.82,1011.43,3.0,2.11,18.0,0.3,0.3,0.5,3.8,5.5,7.2,5.5,2.0,3.5,14.0,0.5,0.4,0.7,-9.4,3.4,10.0,0.4,3.0,14.5,18.0,0.3,0.3,0.5,-40.3,-36.1,-7.5,-24.1,3.0,26.2,18.0,0.3,0.3,0.5,-0.12,0.7,1.79,0.83,3.0,1.4,18.0,0.3,0.3,0.5,-1.7,1.8,10.3,4.2,3.0,9.1,18.0,0.3,0.3,0.5,5.66,5.9,5.95,5.81,3.0,0.23,18.0,0.3,0.3,0.5,21.5,34.4,37.9,29.8,3.0,12.6,18.0,0.3,0.3,0.5,-33.1,35.2,48.1,8.2,3.0,63.9,18.0,0.3,0.3,0.5,-168.8,-148.6,-5.5,-88.6,3.0,130.4,18.0,0.3,0.3,0.5,-20.3,22.6,33.0,6.7,3.0,41.4,18.0,0.3,0.3,0.5,-108.6,-104.0,-6.3,-58.5,3.0,84.7,18.0,0.3,0.3,0.5,-6.8,7.8,10.5,2.0,3.0,13.6,18.0,0.3,0.3,0.5,-35.6,-32.4,-1.1,-18.7,3.0,27.9,18.0,0.3,0.3,0.5,87.5,238.5,281.0,185.5,3.0,149.0,18.0,0.3,0.3,0.5,90.0,240.0,280.0,185.0,3.0,150.0,18.0,0.3,0.3,0.5
1974,2,64.0,-2.0,28.0,28.0,28.0,28.0,1.0,0.0,2.0,1.0,0.1,0.6,29.5,29.5,29.5,29.5,1.0,0.0,2.0,1.0,0.1,0.6,17.15,17.15,17.15,17.15,1.0,0.0,2.0,1.0,0.1,0.6,66.5,66.5,66.5,66.5,1.0,0.0,2.0,1.0,0.6,4.6,4.6,4.6,4.6,1.0,0.0,2.0,1.0,0.1,0.6,0.0,0.0,0.0,0.0,1.0,0.0,2.0,1.0,0.1,0.6,-4.6,-4.6,-4.6,-4.6,1.0,0.0,2.0,1.0,0.1,0.6,1009.5,1009.5,1009.5,1009.5,1.0,0.0,2.0,1.0,0.1,0.6,3.0,3.0,3.0,3.0,1.0,0.0,2.0,1.0,0.1,0.6,0.0,0.0,0.0,0.0,1.0,0.0,2.0,1.0,0.1,0.6,-21.2,-21.2,-21.2,-21.2,1.0,0.0,2.0,1.0,0.1,0.6,-1.5,-1.5,-1.5,-1.5,1.0,0.0,2.0,1.0,0.1,0.6,-6.9,-6.9,-6.9,-6.9,1.0,0.0,2.0,1.0,0.1,0.6,6.6,6.6,6.6,6.6,1.0,0.0,2.0,1.0,0.1,0.6,30.4,30.4,30.4,30.4,1.0,0.0,2.0,1.0,0.1,0.6,0.0,0.0,0.0,0.0,1.0,0.0,2.0,1.0,0.1,0.6,-135.7,-135.7,-135.7,-135.7,1.0,0.0,2.0,1.0,0.1,0.6,0.0,0.0,0.0,0.0,1.0,0.0,2.0,1.0,0.1,0.6,-78.9,-78.9,-78.9,-78.9,1.0,0.0,2.0,1.0,0.1,0.6,0.0,0.0,0.0,0.0,1.0,0.0,2.0,1.0,0.1,0.6,-30.4,-30.4,-30.4,-30.4,1.0,0.0,2.0,1.0,0.1,0.6,97.5,97.5,97.5,97.5,1.0,0.0,2.0,1.0,0.1,0.6,95.0,95.0,95.0,95.0,1.0,0.0,2.0,1.0,0.1,0.6
1974,2,64.0,0.0,,,,,,,,,,,,,,,,,,,,,,,,,,,,,,,,,,,,,,,,2.1,2.1,2.1,2.1,1.0,0.0,14.0,1.0,0.2,0.1,-1.05,-1.05,-1.05,-1.05,1.0,0.0,14.0,1.0,0.2,0.1,-1.82,-1.82,-1.82,-1.82,1.0,0.0,14.0,1.0,0.2,0.1,1009.5,1009.5,1009.5,1009.5,1.0,0.0,14.0,1.0,0.2,0.1,,,,,,,,,,,,,,,,,,,,,,,,,,,,,,,,,,,,,,,,,,,,,,,,,,,,,,,,,,,,,,,,,,,,,,,,,,,,,,,,,,,,,,,,,,,,,,,,,,,,,,,,,,,,,,,,,,,,,,,,,,,,,,,,,,,,,,,,,,,,,,,,,,,,,,
1974,2,64.0,2.0,28.1,28.1,28.1,28.1,1.0,0.0,28.0,1.0,0.2,0.8,26.7,26.7,26.7,26.7,1.0,0.0,28.0,1.0,0.2,0.8,17.37,17.37,17.37,17.37,1.0,0.0,28.0,1.0,0.2,0.8,79.2,79.2,79.2,79.2,1.0,0.0,28.0,1.0,0.8,4.6,4.6,4.6,4.6,1.0,0.0,28.0,1.0,0.2,0.8,3.52,3.52,3.52,3.52,1.0,0.0,28.0,1.0,0.2,0.8,-2.96,-2.96,-2.96,-2.96,1.0,0.0,28.0,1.0,0.2,0.8,1008.7,1008.7,1008.7,1008.7,1.0,0.0,28.0,1.0,0.2,0.8,5.0,5.0,5.0,5.0,1.0,0.0,28.0,1.0,0.2,0.8,16.2,16.2,16.2,16.2,1.0,0.0,28.0,1.0,0.2,0.8,-13.6,-13.6,-13.6,-13.6,1.0,0.0,28.0,1.0,0.2,0.8,1.4,1.4,1.4,1.4,1.0,0.0,28.0,1.0,0.2,0.8,6.4,6.4,6.4,6.4,1.0,0.0,28.0,1.0,0.2,0.8,6.54,6.54,6.54,6.54,1.0,0.0,28.0,1.0,0.2,0.8,30.1,30.1,30.1,30.1,1.0,0.0,28.0,1.0,0.2,0.8,94.1,94.1,94.1,94.1,1.0,0.0,28.0,1.0,0.2,0.8,-78.9,-78.9,-78.9,-78.9,1.0,0.0,28.0,1.0,0.2,0.8,61.2,61.2,61.2,61.2,1.0,0.0,28.0,1.0,0.2,0.8,-51.4,-51.4,-51.4,-51.4,1.0,0.0,28.0,1.0,0.2,0.8,23.0,23.0,23.0,23.0,1.0,0.0,28.0,1.0,0.2,0.8,-19.3,-19.3,-19.3,-19.3,1.0,0.0,28.0,1.0,0.2,0.8,97.5,97.5,97.5,97.5,1.0,0.0,28.0,1.0,0.2,0.8,95.0,95.0,95.0,95.0,1.0,0.0,28.0,1.0,0.2,0.8
1974,2,64.0,3.0,27.44,27.55,27.62,27.52,6.0,0.17,24.0,0.8,0.4,0.5,26.99,27.3,27.42,27.15,6.0,0.48,24.0,0.8,0.4,0.5,17.22,17.49,17.65,17.44,6.0,0.34,24.0,0.8,0.4,0.5,75.7,76.9,79.6,77.6,6.0,2.8,24.0,0.8,0.5,5.76,8.0,8.0,6.67,6.0,2.8,24.0,0.8,0.4,0.5,-2.74,-1.39,0.25,-1.17,6.0,1.55,24.0,0.8,0.4,0.5,-7.88,-7.52,-5.68,-6.45,6.0,2.69,24.0,0.8,0.4,0.5,1009.65,1011.15,1012.54,1011.02,6.0,1.54,24.0,0.8,0.4,0.5,4.2,5.0,6.2,4.8,6.0,2.0,24.0,0.8,0.4,0.5,-21.9,-11.1,1.8,-9.6,6.0,12.1,24.0,0.8,0.4,0.5,-63.0,-60.1,-38.5,-49.3,6.0,24.3,24.0,0.8,0.4,0.5,0.18,0.25,0.52,0.37,6.0,0.33,24.0,0.8,0.4,0.5,1.0,1.6,2.5,1.7,6.0,0.8,24.0,0.8,0.4,0.5,5.36,5.64,5.8,5.6,6.0,0.34,24.0,0.8,0.4,0.5,31.2,45.1,46.4,38.0,6.0,16.5,24.0,0.8,0.4,0.5,-74.8,-37.9,6.9,-32.1,6.0,42.5,24.0,0.8,0.4,0.5,-214.6,-206.0,-154.7,-176.1,6.0,74.1,24.0,0.8,0.4,0.5,-46.5,-24.2,4.5,-20.1,6.0,27.0,24.0,0.8,0.4,0.5,-136.7,-129.0,-101.5,-112.2,6.0,46.7,24.0,0.8,0.4,0.5,-15.9,-7.8,1.4,-6.9,6.0,9.0,24.0,0.8,0.4,0.5,-45.0,-43.6,-30.7,-36.7,6.0,15.8,24.0,0.8,0.4,0.5,272.5,512.0,512.0,398.5,6.0,206.0,24.0,0.8,0.4,0.5,270.0,510.0,510.0,400.0,6.0,205.0,24.0,0.8,0.4,0.5
1974,2,64.0,4.0,,,,,,,,,,,,,,,,,,,,,,,,,,,,,,,,,,,,,,,,4.88,6.55,8.22,6.55,2.0,3.46,6.0,0.0,0.3,0.3,-7.06,-5.47,-3.88,-5.47,2.0,3.29,6.0,0.0,0.3,0.3,-4.2,-3.57,-2.93,-3.57,2.0,1.32,6.0,0.0,0.3,0.3,1009.97,1010.55,1011.13,1010.55,2.0,1.2,6.0,0.0,0.3,0.3,,,,,,,,,,,,,,,,,,,,,,,,,,,,,,,,,,,,,,,,,,,,,,,,,,,,,,,,,,,,,,,,,,,,,,,,,,,,,,,,,,,,,,,,,,,,,,,,,,,,,,,,,,,,,,,,,,,,,,,,,,,,,,,,,,,,,,,,,,,,,,,,,,,,,,
1974,2,64.0,5.0,,,,,,,,,,,,,,,,,,,,,,,,,,,,,,,,,,,,,,,,10.0,10.0,10.0,10.0,1.0,0.0,12.0,1.0,0.5,0.4,-5.0,-5.0,-5.0,-5.0,1.0,0.0,12.0,1.0,0.5,0.4,-8.66,-8.66,-8.66,-8.66,1.0,0.0,12.0,1.0,0.5,0.4,1012.7,1012.7,1012.7,1012.7,1.0,0.0,12.0,1.0,0.5,0.4,,,,,,,,,,,,,,,,,,,,,,,,,,,,,,,,,,,,,,,,,,,,,,,,,,,,,,,,,,,,,,,,,,,,,,,,,,,,,,,,,,,,,,,,,,,,,,,,,,,,,,,,,,,,,,,,,,,,,,,,,,,,,,,,,,,,,,,,,,,,,,,,,,,,,,
1974,2,64.0,7.0,,,,,,,,,,,,,,,,,,,,,,,,,,,,,,,,,,,,,,,,5.0,5.0,5.0,5.0,1.0,0.0,12.0,1.0,0.9,0.5,-3.21,-3.21,-3.21,-3.21,1.0,0.0,12.0,1.0,0.9,0.5,-3.83,-3.83,-3.83,-3.83,1.0,0.0,12.0,1.0,0.9,0.5,1013.5,1013.5,1013.5,1013.5,1.0,0.0,12.0,1.0,0.9,0.5,,,,,,,,,,,,,,,,,,,,,,,,,,,,,,,,,,,,,,,,,,,,,,,,,,,,,,,,,,,,,,,,,,,,,,,,,,,,,,,,,,,,,,,,,,,,,,,,,,,,,,,,,,,,,,,,,,,,,,,,,,,,,,,,,,,,,,,,,,,,,,,,,,,,,,
1974,2,64.0,8.0,26.2,26.2,26.2,26.2,1.0,0.0,24.0,1.0,0.1,0.6,28.6,28.6,28.6,28.6,1.0,0.0,24.0,1.0,0.1,0.6,16.57,16.57,16.57,16.57,1.0,0.0,24.0,1.0,0.1,0.6,67.5,67.5,67.5,67.5,1.0,0.0,24.0,1.0,0.6,0.0,0.0,0.0,0.0,1.0,0.0,24.0,1.0,0.1,0.6,0.0,0.0,0.0,0.0,1.0,0.0,24.0,1.0,0.1,0.6,0.0,0.0,0.0,0.0,1.0,0.0,24.0,1.0,0.1,0.6,1006.8,1006.8,1006.8,1006.8,1.0,0.0,24.0,1.0,0.1,0.6,3.0,3.0,3.0,3.0,1.0,0.0,24.0,1.0,0.1,0.6,0.0,0.0,0.0,0.0,1.0,0.0,24.0,1.0,0.1,0.6,0.0,0.0,0.0,0.0,1.0,0.0,24.0,1.0,0.1,0.6,-2.4,-2.4,-2.4,-2.4,1.0,0.0,24.0,1.0,0.1,0.6,0.0,0.0,0.0,0.0,1.0,0.0,24.0,1.0,0.1,0.6,4.82,4.82,4.82,4.82,1.0,0.0,24.0,1.0,0.1,0.6,0.0,0.0,0.0,0.0,1.0,0.0,24.0,1.0,0.1,0.6,0.0,0.0,0.0,0.0,1.0,0.0,24.0,1.0,0.1,0.6,0.0,0.0,0.0,0.0,1.0,0.0,24.0,1.0,0.1,0.6,0.0,0.0,0.0,0.0,1.0,0.0,24.0,1.0,0.1,0.6,0.0,0.0,0.0,0.0,1.0,0.0,24.0,1.0,0.1,0.6,0.0,0.0,0.0,0.0,1.0,0.0,24.0,1.0,0.1,0.6,0.0,0.0,0.0,0.0,1.0,0.0,24.0,1.0,0.1,0.6,0.0,0.0,0.0,0.0,1.0,0.0,24.0,1.0,0.1,0.6,0.0,0.0,0.0,0.0,1.0,0.0,24.0,1.0,0.1,0.6
1974,2,64.0,9.0,25.46,25.6,26.21,25.83,3.0,0.59,20.0,0.3,0.2,0.5,25.28,27.1,28.1,26.87,6.0,1.48,18.0,0.5,0.4,0.4,16.63,17.34,18.56,17.59,3.0,1.43,24.0,0.3,0.4,0.5,79.4,81.4,81.5,80.5,3.0,1.7,24.0,0.3,0.5,1.9,5.65,6.61,4.87,6.0,2.62,18.0,0.5,0.4,0.4,-4.86,-2.82,-1.64,-3.12,6.0,1.6,18.0,0.5,0.4,0.4,-5.56,-4.2,-0.95,-3.63,6.0,2.28,18.0,0.5,0.4,0.4,1009.0,1010.1,1011.78,1010.67,6.0,2.17,18.0,0.5,0.4,0.4,0.0,2.0,2.0,1.3,6.0,1.0,18.0,0.5,0.4,0.4,-32.3,-16.1,-3.2,-18.4,6.0,15.9,18.0,0.5,0.4,0.4,-37.1,-23.6,-1.8,-22.5,6.0,19.2,18.0,0.5,0.4,0.4,-2.02,0.3,0.3,-0.83,3.0,1.96,20.0,0.3,0.2,0.5,-12.6,1.5,1.8,-5.3,3.0,12.1,20.0,0.3,0.2,0.5,1.69,2.77,3.85,2.77,2.0,2.24,24.0,0.5,0.2,0.4,10.5,17.2,23.9,17.2,2.0,13.9,24.0,0.5,0.2,0.4,-126.2,-76.4,-46.0,-82.5,6.0,39.8,18.0,0.5,0.4,0.4,-154.1,-108.1,-26.6,-96.1,6.0,59.5,18.0,0.5,0.4,0.4,-84.8,-82.4,-66.6,-75.9,3.0,14.4,24.0,0.3,0.4,0.5,-102.6,-102.4,-79.7,-91.4,3.0,19.3,24.0,0.3,0.4,0.5,-18.0,-12.2,-6.4,-12.2,2.0,12.0,24.0,0.5,0.2,0.4,-15.6,-11.9,-8.1,-11.9,2.0,7.7,24.0,0.5,0.2,0.4,7.0,185.5,303.0,195.5,6.0,203.0,18.0,0.5,0.4,0.4,5.0,185.0,305.0,195.0,6.0,205.0,18.0,0.5,0.4,0.4
1974,2,64.0,10.0,,,,,,,,,,,,,,,,,,,,,,,,,,,,,,,,,,,,,,,,2.48,3.5,4.52,3.5,2.0,2.12,6.0,1.0,0.3,0.4,-2.35,-2.02,-1.69,-2.02,2.0,0.68,6.0,1.0,0.3,0.4,-3.85,-2.81,-1.77,-2.81,2.0,2.15,6.0,1.0,0.3,0.4,1014.07,1014.45,1014.83,1014.45,2.0,0.78,6.0,1.0,0.3,0.4,0.6,2.0,2.7,1.7,3.0,1.5,6.0,1.0,0.2,0.5,-11.0,-7.8,-4.6,-7.8,2.0,6.7,6.0,1.0,0.3,0.4,-18.6,-12.1,-5.6,-12.1,2.0,13.5,6.0,1.0,0.3,0.4,,,,,,,,,,,,,,,,,,,,,,,,,,,,,,,,,,,,,,,,,,,,,,,,,,,,,,,,,,,,,,,,,,,,,,,,,,,,,,,,,,,,,,,,,,,,,,,,,,,,,,,,,,,,,,,,,,,,,,,,
1974,2,64.0,12.0,,,,,,,,,,,,,,,,,,,,,,,,,,,,,,,,,,,,,,,,6.0,6.0,6.0,6.0,1.0,0.0,26.0,0.0,0.4,0.1,1.04,1.04,1.04,1.04,1.0,0.0,26.0,0.0,0.4,0.1,-5.91,-5.91,-5.91,-5.91,1.0,0.0,26.0,0.0,0.4,0.1,1010.3,1010.3,1010.3,1010.3,1.0,0.0,26.0,0.0,0.4,0.1,,,,,,,,,,,,,,,,,,,,,,,,,,,,,,,,,,,,,,,,,,,,,,,,,,,,,,,,,,,,,,,,,,,,,,,,,,,,,,,,,,,,,,,,,,,,,,,,,,,,,,,,,,,,,,,,,,,,,,,,,,,,,,,,,,,,,,,,,,,,,,,,,,,,,,
1974,2,64.0,13.0,25.46,25.6,25.74,25.6,2.0,0.28,22.0,0.5,0.5,0.5,24.19,24.6,25.01,24.6,2.0,0.85,22.0,0.5,0.5,0.5,14.31,14.71,15.1,14.71,2.0,0.82,22.0,0.5,0.5,0.5,72.5,76.5,80.5,76.5,2.0,8.2,22.0,0.5,0.5,6.44,6.95,7.46,6.95,2.0,1.06,22.0,0.5,0.5,0.5,-2.61,-1.55,-0.49,-1.55,2.0,2.19,22.0,0.5,0.5,0.5,-7.33,-6.53,-5.74,-6.53,2.0,1.65,22.0,0.5,0.5,0.5,1011.32,1012.0,1012.68,1012.0,2.0,1.41,22.0,0.5,0.5,0.5,2.2,2.5,2.8,2.5,2.0,0.7,22.0,0.5,0.5,0.5,-16.2,-9.6,-3.1,-9.6,2.0,13.6,22.0,0.5,0.5,0.5,-55.2,-46.3,-37.4,-46.3,2.0,18.4,22.0,0.5,0.5,0.5,0.45,1.0,1.55,1.0,2.0,1.13,22.0,0.5,0.5,0.5,3.1,6.4,9.6,6.4,2.0,6.8,22.0,0.5,0.5,0.5,5.58,5.82,6.06,5.82,2.0,0.5,22.0,0.5,0.5,0.5,36.1,40.7,45.4,40.7,2.0,9.7,22.0,0.5,0.5,0.5,-62.6,-37.2,-11.8,-37.2,2.0,52.6,22.0,0.5,0.5,0.5,-183.7,-161.5,-139.2,-161.5,2.0,46.1,22.0,0.5,0.5,0.5,-39.9,-23.7,-7.5,-23.7,2.0,33.5,22.0,0.5,0.5,0.5,-104.5,-95.4,-86.3,-95.4,2.0,18.9,22.0,0.5,0.5,0.5,-14.3,-8.5,-2.7,-8.5,2.0,12.0,22.0,0.5,0.5,0.5,-44.7,-38.5,-32.2,-38.5,2.0,12.9,22.0,0.5,0.5,0.5,273.0,347.5,422.0,347.5,2.0,154.5,22.0,0.5,0.5,0.5,275.0,345.0,420.0,345.0,2.0,155.0,22.0,0.5,0.5,0.5
1974,2,64.0,17.0,23.87,25.0,26.62,25.15,11.0,1.63,16.0,0.6,0.5,0.5,22.45,23.5,25.36,23.85,12.0,1.59,16.0,0.6,0.5,0.5,12.82,15.44,15.72,14.38,11.0,2.4,16.0,0.5,0.5,0.5,71.8,75.7,88.4,77.6,11.0,12.2,16.0,0.5,0.5,3.31,4.8,7.06,4.92,10.0,2.38,14.0,0.6,0.5,0.5,-3.41,-2.47,0.62,-1.76,10.0,2.46,14.0,0.6,0.5,0.5,-6.69,-2.8,-1.22,-3.2,10.0,3.41,14.0,0.6,0.5,0.5,1013.59,1015.2,1017.35,1015.2,12.0,1.83,16.0,0.6,0.5,0.5,0.0,0.5,3.0,1.3,12.0,1.9,16.0,0.6,0.5,0.5,-20.1,-9.9,3.8,-11.3,10.0,18.4,14.0,0.6,0.5,0.5,-48.1,-12.5,-3.0,-20.7,10.0,26.0,14.0,0.6,0.5,0.5,-0.38,0.9,2.41,1.17,11.0,2.04,16.0,0.6,0.5,0.5,-2.3,2.3,12.7,7.7,10.0,18.2,14.0,0.6,0.5,0.5,3.12,5.43,7.54,5.35,10.0,2.51,16.0,0.6,0.5,0.5,14.6,21.0,44.8,28.4,9.0,22.4,16.0,0.6,0.5,0.5,-87.7,-59.9,14.6,-42.9,10.0,57.8,14.0,0.6,0.5,0.5,-151.6,-72.2,-28.4,-76.5,10.0,82.5,14.0,0.6,0.5,0.5,-49.0,-35.7,8.8,-28.9,9.0,36.7,16.0,0.6,0.5,0.5,-105.8,-32.1,-14.4,-44.1,9.0,55.3,16.0,0.6,0.5,0.5,-30.9,-11.5,1.7,-13.3,9.0,19.4,16.0,0.6,0.5,0.5,-34.1,-13.5,-2.9,-17.2,9.0,22.2,16.0,0.6,0.5,0.5,37.0,111.0,363.0,198.0,10.0,251.5,14.0,0.6,0.5,0.5,35.0,110.0,365.0,200.0,10.0,250.0,14.0,0.6,0.5,0.5
1974,2,64.0,18.0,23.9,24.5,25.31,24.6,4.0,0.85,6.0,1.0,0.4,0.2,22.57,23.2,24.14,23.35,4.0,1.24,6.0,1.0,0.4,0.2,9.92,10.52,13.33,11.6,3.0,2.67,6.0,1.0,0.3,0.1,59.5,59.9,69.7,64.5,3.0,8.5,6.0,1.0,0.1,5.48,6.1,7.82,6.63,4.0,1.86,6.0,1.0,0.4,0.2,-3.05,-2.36,-1.66,-2.36,4.0,0.8,6.0,1.0,0.4,0.2,-7.35,-5.28,-4.94,-6.11,4.0,2.06,6.0,1.0,0.4,0.2,1015.76,1018.95,1020.25,1018.05,4.0,3.55,6.0,1.0,0.4,0.2,0.5,3.0,5.5,3.0,4.0,2.9,6.0,1.0,0.4,0.2,-18.6,-16.5,-11.6,-15.2,4.0,4.8,6.0,1.0,0.4,0.2,-60.5,-32.2,-27.2,-43.3,4.0,28.2,6.0,1.0,0.4,0.2,0.38,1.3,2.11,1.25,4.0,1.06,6.0,1.0,0.4,0.2,2.3,8.4,14.5,8.4,4.0,7.4,6.0,1.0,0.4,0.2,6.24,8.6,9.46,7.87,3.0,2.45,6.0,1.0,0.3,0.1,37.4,49.3,70.2,53.7,3.0,24.3,6.0,1.0,0.3,0.1,-73.7,-54.6,-37.5,-55.6,4.0,21.1,6.0,1.0,0.4,0.2,-169.5,-127.4,-114.5,-141.3,4.0,41.4,6.0,1.0,0.4,0.2,-36.7,-18.0,-16.3,-26.3,3.0,16.6,6.0,1.0,0.3,0.1,-85.2,-78.6,-58.7,-72.1,3.0,20.2,6.0,1.0,0.3,0.1,-16.6,-15.9,-14.5,-15.6,3.0,1.5,6.0,1.0,0.3,0.1,-68.5,-46.4,-33.6,-50.9,3.0,25.9,6.0,1.0,0.3,0.1,168.5,227.0,535.0,346.0,4.0,309.5,6.0,1.0,0.4,0.2,170.0,225.0,535.0,345.0,4.0,310.0,6.0,1.0,0.4,0.2
1974,2,64.0,19.0,23.59,24.15,25.0,24.31,16.0,1.26,14.0,0.6,0.4,0.5,21.86,23.0,24.81,23.24,16.0,1.43,14.0,0.6,0.4,0.5,9.81,11.85,15.09,12.2,16.0,2.47,14.0,0.6,0.4,0.5,61.1,66.2,79.6,68.4,16.0,10.0,14.0,0.6,0.5,2.6,4.6,8.69,4.83,16.0,3.26,14.0,0.6,0.4,0.5,-5.77,0.0,1.11,-1.54,16.0,3.55,14.0,0.6,0.4,0.5,-4.63,-2.28,0.0,-2.76,16.0,3.49,14.0,0.6,0.4,0.5,1012.81,1015.35,1016.5,1015.15,16.0,2.72,14.0,0.6,0.4,0.5,0.0,1.0,3.0,1.3,16.0,1.5,14.0,0.6,0.4,0.5,-39.9,0.0,3.6,-13.1,16.0,26.3,14.0,0.6,0.4,0.5,-34.8,-8.7,0.0,-20.9,16.0,34.7,14.0,0.6,0.4,0.5,-0.81,1.35,2.63,1.06,16.0,1.71,14.0,0.6,0.4,0.5,-2.5,2.7,20.9,7.0,16.0,14.9,14.0,0.6,0.4,0.5,4.2,6.84,8.71,6.77,16.0,2.38,14.0,0.6,0.4,0.5,10.7,25.7,63.7,35.8,16.0,34.5,14.0,0.6,0.4,0.5,-136.3,0.0,26.0,-33.9,16.0,80.8,14.0,0.6,0.4,0.5,-113.0,-52.8,0.0,-61.4,16.0,76.7,14.0,0.6,0.4,0.5,-68.2,0.0,12.9,-18.0,16.0,42.8,14.0,0.6,0.4,0.5,-65.8,-25.4,0.0,-28.4,16.0,36.0,14.0,0.6,0.4,0.5,-31.0,0.0,5.6,-10.1,16.0,24.3,14.0,0.6,0.4,0.5,-34.8,-16.3,0.0,-22.9,16.0,36.1,14.0,0.6,0.4,0.5,17.5,97.5,672.0,268.5,16.0,392.5,14.0,0.6,0.4,0.5,20.0,95.0,670.0,270.0,16.0,395.0,14.0,0.6,0.4,0.5
1974,2,64.0,20.0,23.42,24.4,24.47,24.02,9.0,0.65,16.0,0.2,0.6,0.3,20.51,22.25,24.19,22.41,10.0,2.0,14.0,0.4,0.5,0.3,8.78,12.09,12.68,11.21,8.0,2.11,16.0,0.3,0.6,0.2,61.9,71.9,74.3,67.9,8.0,9.1,16.0,0.3,0.2,4.48,6.7,8.41,6.38,11.0,2.13,16.0,0.4,0.5,0.3,-6.84,-3.55,-0.15,-3.67,11.0,3.29,16.0,0.4,0.5,0.3,-6.32,-5.02,-1.14,-3.81,11.0,2.78,16.0,0.4,0.5,0.3,1013.0,1016.2,1017.6,1015.64,11.0,2.36,16.0,0.4,0.5,0.3,0.0,0.0,2.0,0.7,11.0,1.0,16.0,0.4,0.5,0.3,-60.0,-19.2,-0.8,-27.4,11.0,28.8,16.0,0.4,0.5,0.3,-46.2,-25.6,-3.5,-25.5,11.0,22.7,16.0,0.4,0.5,0.3,0.66,1.95,3.23,2.01,8.0,1.29,16.0,0.3,0.6,0.2,4.4,9.9,25.1,13.4,8.0,11.2,16.0,0.3,0.6,0.2,6.28,6.66,8.88,7.39,8.0,1.97,16.0,0.3,0.6,0.2,32.1,43.3,61.0,49.9,8.0,27.9,16.0,0.3,0.6,0.2,-149.6,-88.8,-30.3,-92.4,10.0,67.5,14.0,0.4,0.5,0.3,-142.5,-97.0,-23.3,-80.8,10.0,63.2,14.0,0.4,0.5,0.3,-82.4,-42.9,-12.4,-43.1,8.0,37.5,16.0,0.3,0.6,0.2,-63.7,-45.4,-18.4,-39.1,8.0,29.9,16.0,0.3,0.6,0.2,-59.2,-31.9,-6.4,-32.2,8.0,27.9,16.0,0.3,0.6,0.2,-38.5,-30.5,-10.7,-28.5,8.0,26.9,16.0,0.3,0.6,0.2,97.0,301.0,595.5,336.0,11.0,261.0,16.0,0.4,0.5,0.3,95.0,300.0,595.0,335.0,11.0,260.0,16.0,0.4,0.5,0.3
1974,2,64.0,21.0,24.35,24.9,25.45,24.9,2.0,1.13,10.0,0.5,0.5,0.2,21.38,23.05,24.72,23.05,2.0,3.46,10.0,0.5,0.5,0.2,10.07,10.94,11.82,10.94,2.0,1.81,10.0,0.5,0.5,0.2,61.1,62.5,63.9,62.5,2.0,2.9,10.0,0.5,0.2,1.22,3.85,6.48,3.85,2.0,5.44,10.0,0.5,0.5,0.2,-2.22,-1.32,-0.42,-1.32,2.0,1.86,10.0,0.5,0.5,0.2,-6.09,-3.62,-1.15,-3.62,2.0,5.12,10.0,0.5,0.5,0.2,1016.93,1017.85,1018.77,1017.85,2.0,1.91,10.0,0.5,0.5,0.2,0.2,0.5,0.8,0.5,2.0,0.7,10.0,0.5,0.5,0.2,-17.1,-10.1,-3.2,-10.1,2.0,14.3,10.0,0.5,0.5,0.2,-46.9,-27.9,-8.8,-27.9,2.0,39.4,10.0,0.5,0.5,0.2,0.72,1.85,2.98,1.85,2.0,2.33,10.0,0.5,0.5,0.2,4.3,13.5,22.7,13.5,2.0,19.1,10.0,0.5,0.5,0.2,8.43,8.64,8.85,8.64,2.0,0.44,10.0,0.5,0.5,0.2,10.9,34.5,58.0,34.5,2.0,48.7,10.0,0.5,0.5,0.2,-45.6,-27.1,-8.6,-27.1,2.0,38.4,10.0,0.5,0.5,0.2,-125.4,-74.5,-23.7,-74.5,2.0,105.4,10.0,0.5,0.5,0.2,-21.4,-12.7,-4.0,-12.7,2.0,18.0,10.0,0.5,0.5,0.2,-58.8,-35.0,-11.1,-35.0,2.0,49.4,10.0,0.5,0.5,0.2,-19.8,-11.8,-3.7,-11.8,2.0,16.7,10.0,0.5,0.5,0.2,-54.5,-32.4,-10.3,-32.4,2.0,45.8,10.0,0.5,0.5,0.2,72.5,228.5,384.0,228.5,2.0,323.0,10.0,0.5,0.5,0.2,70.0,230.0,385.0,230.0,2.0,325.0,10.0,0.5,0.5,0.2
1974,2,64.0,22.0,23.13,24.0,25.07,24.08,5.0,1.01,12.0,0.8,0.5,0.4,23.13,23.5,24.0,23.54,5.0,0.46,12.0,0.8,0.5,0.4,9.77,10.91,11.62,10.71,4.0,1.24,16.0,0.8,0.5,0.3,54.3,61.4,66.0,60.2,4.0,8.3,16.0,0.8,0.3,4.85,5.7,7.07,5.94,5.0,1.27,12.0,0.8,0.5,0.4,-6.17,-4.31,-0.06,-3.14,5.0,4.34,12.0,0.8,0.5,0.4,-4.4,-1.34,2.41,-1.06,5.0,3.62,12.0,0.8,0.5,0.4,1015.15,1015.6,1018.65,1016.7,5.0,2.05,12.0,0.8,0.5,0.4,0.0,0.0,2.4,1.0,5.0,1.4,12.0,0.8,0.5,0.4,-40.7,-28.9,0.3,-21.8,5.0,28.6,12.0,0.8,0.5,0.4,-24.2,-10.3,12.9,-7.2,5.0,20.9,12.0,0.8,0.5,0.4,-0.24,0.0,1.49,0.54,5.0,1.01,12.0,0.8,0.5,0.4,-1.5,0.0,9.1,3.6,5.0,7.2,12.0,0.8,0.5,0.4,6.66,7.3,9.35,7.97,4.0,1.99,16.0,0.8,0.5,0.3,41.1,46.5,54.8,47.9,4.0,8.7,16.0,0.8,0.5,0.3,-142.6,-101.2,-1.5,-72.6,5.0,101.5,12.0,0.8,0.5,0.4,-104.7,-30.8,56.9,-24.9,5.0,85.9,12.0,0.8,0.5,0.4,-74.4,-52.5,-34.0,-54.1,4.0,28.7,16.0,0.8,0.5,0.3,-47.5,-26.0,3.2,-22.3,4.0,33.3,16.0,0.8,0.5,0.3,-48.2,-32.4,-26.3,-37.0,4.0,15.1,16.0,0.8,0.5,0.3,-38.4,-21.6,2.2,-18.3,4.0,25.2,16.0,0.8,0.5,0.3,115.0,185.0,357.5,233.0,5.0,147.5,12.0,0.8,0.5,0.4,115.0,185.0,360.0,235.0,5.0,145.0,12.0,0.8,0.5,0.4
1974,2,64.0,23.0,22.0,22.5,23.1,22.55,4.0,0.64,14.0,0.5,0.3,0.5,20.79,22.5,24.21,22.5,3.0,2.5,12.0,0.3,0.3,0.6,10.56,10.56,10.56,10.56,1.0,0.0,18.0,0.0,0.1,0.5,62.5,62.5,62.5,62.5,1.0,0.0,18.0,0.0,0.5,2.48,3.8,6.38,4.4,4.0,2.63,14.0,0.5,0.3,0.5,-0.31,2.24,5.43,2.54,4.0,4.23,14.0,0.5,0.3,0.5,-2.8,-1.09,-0.33,-1.54,4.0,1.74,14.0,0.5,0.3,0.5,1014.9,1017.45,1020.63,1017.75,4.0,3.33,14.0,0.5,0.3,0.5,0.0,0.5,1.5,0.8,4.0,1.0,14.0,0.5,0.3,0.5,-3.8,5.8,37.2,16.2,4.0,32.8,14.0,0.5,0.3,0.5,-11.7,-2.9,-0.7,-6.0,4.0,8.4,14.0,0.5,0.3,0.5,-1.83,0.7,1.59,-0.1,3.0,2.59,12.0,0.3,0.3,0.6,-5.1,3.2,3.8,-0.6,3.0,7.3,12.0,0.3,0.3,0.6,7.13,7.13,7.13,7.13,1.0,0.0,18.0,0.0,0.1,0.5,32.8,32.8,32.8,32.8,1.0,0.0,18.0,0.0,0.1,0.5,-23.4,37.6,56.3,16.9,3.0,61.0,12.0,0.3,0.3,0.6,-73.1,-37.5,-21.2,-46.9,3.0,38.8,12.0,0.3,0.3,0.6,-24.3,-24.3,-24.3,-24.3,1.0,0.0,18.0,0.0,0.1,0.5,-42.1,-42.1,-42.1,-42.1,1.0,0.0,18.0,0.0,0.1,0.5,-16.4,-16.4,-16.4,-16.4,1.0,0.0,18.0,0.0,0.1,0.5,-28.4,-28.4,-28.4,-28.4,1.0,0.0,18.0,0.0,0.1,0.5,17.0,62.0,314.5,161.0,4.0,237.0,14.0,0.5,0.3,0.5,15.0,60.0,315.0,160.0,4.0,235.0,14.0,0.5,0.3,0.5
1974,2,64.0,24.0,23.0,23.0,23.0,23.0,2.0,0.0,12.0,0.0,0.4,0.4,21.03,21.1,22.19,21.6,3.0,0.95,14.0,0.0,0.3,0.3,9.88,9.88,9.88,9.88,1.0,0.0,18.0,0.0,0.1,0.0,57.9,57.9,57.9,57.9,1.0,0.0,18.0,0.0,0.0,3.4,6.2,6.2,4.83,3.0,2.37,14.0,0.0,0.3,0.3,-6.02,-5.83,-1.13,-3.63,3.0,4.05,14.0,0.0,0.3,0.3,1.31,1.82,2.02,1.67,3.0,0.54,14.0,0.0,0.3,0.3,1017.21,1018.1,1019.33,1018.27,3.0,1.56,14.0,0.0,0.3,0.3,0.0,0.0,0.7,0.3,3.0,0.6,14.0,0.0,0.3,0.3,-37.3,-36.1,-10.0,-23.9,3.0,22.6,14.0,0.0,0.3,0.3,4.7,6.7,11.1,7.9,3.0,4.8,14.0,0.0,0.3,0.3,,,,,,,,,,,,,,,,,,,,,,,,,,,,,,,,,,,,,,,,,-126.5,-122.9,-22.7,-75.8,3.0,86.3,14.0,0.0,0.3,0.3,28.5,41.3,43.6,36.2,3.0,11.9,14.0,0.0,0.3,0.3,10.4,10.4,10.4,10.4,1.0,0.0,18.0,0.0,0.1,0.0,18.0,18.0,18.0,18.0,1.0,0.0,18.0,0.0,0.1,0.0,,,,,,,,,,,,,,,,,,,,,,,,,,,,,,,,,,,,,,,,
1974,2,64.0,25.0,23.0,23.0,23.0,23.0,1.0,0.0,24.0,1.0,0.3,0.3,19.5,19.5,19.5,19.5,1.0,0.0,24.0,1.0,0.3,0.3,8.64,8.64,8.64,8.64,1.0,0.0,24.0,1.0,0.3,0.3,61.9,61.9,61.9,61.9,1.0,0.0,24.0,1.0,0.3,,,,,,,,,,,,,,,,,,,,,,,,,,,,,,,,,,,,,,,,,,,,,,,,,,,,,,,,,,,,,,,,,,,,,,,,,,,,,,,,,,,,,,,,,,,,,,,,,,,,,,,,,,,,,,,,,,,,,,,,,,,,,,,,,,,,,,,,,,,,,,,,,,,,,,,,,,,,,,,,,,,,,,,,,,,,,,,,,,,,,,,,,,,,,,
1974,2,65.0,-66.0,,,,,,,,,,,,,,,,,,,,,,,,,,,,,,,,,,,,,,,,4.1,4.1,4.1,4.1,1.0,0.0,26.0,1.0,0.7,1.0,2.64,2.64,2.64,2.64,1.0,0.0,26.0,1.0,0.7,1.0,-3.14,-3.14,-3.14,-3.14,1.0,0.0,26.0,1.0,0.7,1.0,992.2,992.2,992.2,992.2,1.0,0.0,26.0,1.0,0.7,1.0,,,,,,,,,,,,,,,,,,,,,,,,,,,,,,,,,,,,,,,,,,,,,,,,,,,,,,,,,,,,,,,,,,,,,,,,,,,,,,,,,,,,,,,,,,,,,,,,,,,,,,,,,,,,,,,,,,,,,,,,,,,,,,,,,,,,,,,,,,,,,,,,,,,,,,
1974,2,65.0,-64.0,0.5,0.5,0.5,0.5,2.0,0.0,14.0,1.0,0.5,0.5,0.5,0.7,0.9,0.7,2.0,0.42,14.0,1.0,0.5,0.5,3.75,3.79,3.84,3.79,2.0,0.1,14.0,1.0,0.5,0.5,90.8,93.1,95.4,93.1,2.0,4.8,14.0,1.0,0.5,3.84,4.35,4.86,4.35,2.0,1.06,14.0,1.0,0.5,0.5,1.91,2.25,2.6,2.25,2.0,0.72,14.0,1.0,0.5,0.5,-4.4,-3.55,-2.71,-3.55,2.0,1.75,14.0,1.0,0.5,0.5,985.53,987.75,989.97,987.75,2.0,4.6,14.0,1.0,0.5,0.5,7.2,7.5,7.8,7.5,2.0,0.7,14.0,1.0,0.5,0.5,9.1,9.4,9.8,9.4,2.0,0.7,14.0,1.0,0.5,0.5,-21.9,-16.4,-10.9,-16.4,2.0,11.4,14.0,1.0,0.5,0.5,-0.4,-0.2,0.0,-0.2,2.0,0.42,14.0,1.0,0.5,0.5,-1.4,-0.6,0.1,-0.6,2.0,1.6,14.0,1.0,0.5,0.5,0.19,0.23,0.26,0.23,2.0,0.08,14.0,1.0,0.5,0.5,0.9,0.9,1.0,0.9,2.0,0.1,14.0,1.0,0.5,0.5,1.0,1.7,2.4,1.7,2.0,1.5,14.0,1.0,0.5,0.5,-2.3,-2.1,-2.0,-2.1,2.0,0.3,14.0,1.0,0.5,0.5,7.3,8.5,9.7,8.5,2.0,2.5,14.0,1.0,0.5,0.5,-16.9,-13.6,-10.2,-13.6,2.0,7.0,14.0,1.0,0.5,0.5,0.4,0.5,0.7,0.5,2.0,0.3,14.0,1.0,0.5,0.5,-0.8,-0.7,-0.7,-0.7,2.0,0.1,14.0,1.0,0.5,0.5,60.5,89.5,119.0,89.5,2.0,61.0,14.0,1.0,0.5,0.5,60.0,90.0,120.0,90.0,2.0,60.0,14.0,1.0,0.5,0.5
1974,2,65.0,-62.0,0.0,0.0,0.0,0.0,1.0,0.0,10.0,1.0,0.3,0.6,0.0,0.0,0.0,0.0,1.0,0.0,10.0,1.0,0.3,0.6,3.62,3.62,3.62,3.62,1.0,0.0,10.0,1.0,0.3,0.6,93.0,93.0,93.0,93.0,1.0,0.0,10.0,1.0,0.6,8.2,8.2,8.2,8.2,1.0,0.0,10.0,1.0,0.3,0.6,8.08,8.08,8.08,8.08,1.0,0.0,10.0,1.0,0.3,0.6,-1.42,-1.42,-1.42,-1.42,1.0,0.0,10.0,1.0,0.3,0.6,982.5,982.5,982.5,982.5,1.0,0.0,10.0,1.0,0.3,0.6,8.0,8.0,8.0,8.0,1.0,0.0,10.0,1.0,0.3,0.6,66.2,66.2,66.2,66.2,1.0,0.0,10.0,1.0,0.3,0.6,-11.7,-11.7,-11.7,-11.7,1.0,0.0,10.0,1.0,0.3,0.6,0.0,0.0,0.0,0.0,1.0,0.0,10.0,1.0,0.3,0.6,0.0,0.0,0.0,0.0,1.0,0.0,10.0,1.0,0.3,0.6,0.27,0.27,0.27,0.27,1.0,0.0,10.0,1.0,0.3,0.6,2.2,2.2,2.2,2.2,1.0,0.0,10.0,1.0,0.3,0.6,0.0,0.0,0.0,0.0,1.0,0.0,10.0,1.0,0.3,0.6,0.0,0.0,0.0,0.0,1.0,0.0,10.0,1.0,0.3,0.6,29.2,29.2,29.2,29.2,1.0,0.0,10.0,1.0,0.3,0.6,-5.2,-5.2,-5.2,-5.2,1.0,0.0,10.0,1.0,0.3,0.6,2.2,2.2,2.2,2.2,1.0,0.0,10.0,1.0,0.3,0.6,-0.4,-0.4,-0.4,-0.4,1.0,0.0,10.0,1.0,0.3,0.6,551.5,551.5,551.5,551.5,1.0,0.0,10.0,1.0,0.3,0.6,550.0,550.0,550.0,550.0,1.0,0.0,10.0,1.0,0.3,0.6
1974,2,65.0,-60.0,1.0,1.0,1.0,1.0,1.0,0.0,28.0,1.0,0.7,0.5,1.0,1.0,1.0,1.0,1.0,0.0,28.0,1.0,0.7,0.5,3.95,3.95,3.95,3.95,1.0,0.0,28.0,1.0,0.7,0.5,94.4,94.4,94.4,94.4,1.0,0.0,28.0,1.0,0.5,16.5,16.5,16.5,16.5,1.0,0.0,28.0,1.0,0.7,0.5,16.5,16.5,16.5,16.5,1.0,0.0,28.0,1.0,0.7,0.5,0.0,0.0,0.0,0.0,1.0,0.0,28.0,1.0,0.7,0.5,982.0,982.0,982.0,982.0,1.0,0.0,28.0,1.0,0.7,0.5,8.0,8.0,8.0,8.0,1.0,0.0,28.0,1.0,0.7,0.5,272.3,272.3,272.3,272.3,1.0,0.0,28.0,1.0,0.7,0.5,0.0,0.0,0.0,0.0,1.0,0.0,28.0,1.0,0.7,0.5,0.0,0.0,0.0,0.0,1.0,0.0,28.0,1.0,0.7,0.5,0.0,0.0,0.0,0.0,1.0,0.0,28.0,1.0,0.7,0.5,0.24,0.24,0.24,0.24,1.0,0.0,28.0,1.0,0.7,0.5,3.9,3.9,3.9,3.9,1.0,0.0,28.0,1.0,0.7,0.5,16.5,16.5,16.5,16.5,1.0,0.0,28.0,1.0,0.7,0.5,0.0,0.0,0.0,0.0,1.0,0.0,28.0,1.0,0.7,0.5,65.3,65.3,65.3,65.3,1.0,0.0,28.0,1.0,0.7,0.5,0.0,0.0,0.0,0.0,1.0,0.0,28.0,1.0,0.7,0.5,3.9,3.9,3.9,3.9,1.0,0.0,28.0,1.0,0.7,0.5,0.0,0.0,0.0,0.0,1.0,0.0,28.0,1.0,0.7,0.5,4492.0,4492.0,4492.0,4492.0,1.0,0.0,28.0,1.0,0.7,0.5,4490.0,4490.0,4490.0,4490.0,1.0,0.0,28.0,1.0,0.7,0.5
1974,2,65.0,-50.0,4.2,4.2,4.2,4.2,1.0,0.0,4.0,0.0,0.6,0.8,4.4,4.4,4.4,4.4,1.0,0.0,4.0,0.0,0.6,0.8,4.23,4.23,4.23,4.23,1.0,0.0,4.0,0.0,0.6,0.8,80.3,80.3,80.3,80.3,1.0,0.0,4.0,0.0,0.8,15.4,15.4,15.4,15.4,1.0,0.0,4.0,0.0,0.6,0.8,15.17,15.17,15.17,15.17,1.0,0.0,4.0,0.0,0.6,0.8,2.67,2.67,2.67,2.67,1.0,0.0,4.0,0.0,0.6,0.8,994.4,994.4,994.4,994.4,1.0,0.0,4.0,0.0,0.6,0.8,5.0,5.0,5.0,5.0,1.0,0.0,4.0,0.0,0.6,0.8,233.6,233.6,233.6,233.6,1.0,0.0,4.0,0.0,0.6,0.8,41.2,41.2,41.2,41.2,1.0,0.0,4.0,0.0,0.6,0.8,-0.2,-0.2,-0.2,-0.2,1.0,0.0,4.0,0.0,0.6,0.8,-3.1,-3.1,-3.1,-3.1,1.0,0.0,4.0,0.0,0.6,0.8,0.97,0.97,0.97,0.97,1.0,0.0,4.0,0.0,0.6,0.8,14.9,14.9,14.9,14.9,1.0,0.0,4.0,0.0,0.6,0.8,66.7,66.7,66.7,66.7,1.0,0.0,4.0,0.0,0.6,0.8,11.8,11.8,11.8,11.8,1.0,0.0,4.0,0.0,0.6,0.8,64.1,64.1,64.1,64.1,1.0,0.0,4.0,0.0,0.6,0.8,11.3,11.3,11.3,11.3,1.0,0.0,4.0,0.0,0.6,0.8,14.7,14.7,14.7,14.7,1.0,0.0,4.0,0.0,0.6,0.8,2.6,2.6,2.6,2.6,1.0,0.0,4.0,0.0,0.6,0.8,3652.5,3652.5,3652.5,3652.5,1.0,0.0,4.0,0.0,0.6,0.8,3650.0,3650.0,3650.0,3650.0,1.0,0.0,4.0,0.0,0.6,0.8
1974,2,65.0,-47.0,,,,,,,,,,,,,,,,,,,,,,,,,,,,,,,,,,,,,,,,7.2,7.2,7.2,7.2,1.0,0.0,18.0,1.0,0.9,0.8,-2.46,-2.46,-2.46,-2.46,1.0,0.0,18.0,1.0,0.9,0.8,-6.77,-6.77,-6.77,-6.77,1.0,0.0,18.0,1.0,0.9,0.8,1017.6,1017.6,1017.6,1017.6,1.0,0.0,18.0,1.0,0.9,0.8,,,,,,,,,,,,,,,,,,,,,,,,,,,,,,,,,,,,,,,,,,,,,,,,,,,,,,,,,,,,,,,,,,,,,,,,,,,,,,,,,,,,,,,,,,,,,,,,,,,,,,,,,,,,,,,,,,,,,,,,,,,,,,,,,,,,,,,,,,,,,,,,,,,,,,
1974,2,65.0,-41.0,18.5,18.5,18.5,18.5,1.0,0.0,28.0,0.0,0.8,0.8,18.6,18.6,18.6,18.6,1.0,0.0,28.0,0.0,0.8,0.8,11.55,11.55,11.55,11.55,1.0,0.0,28.0,0.0,0.8,0.8,87.0,87.0,87.0,87.0,1.0,0.0,28.0,0.0,0.8,4.6,4.6,4.6,4.6,1.0,0.0,28.0,0.0,0.8,0.8,4.32,4.32,4.32,4.32,1.0,0.0,28.0,0.0,0.8,0.8,-1.57,-1.57,-1.57,-1.57,1.0,0.0,28.0,0.0,0.8,0.8,1015.1,1015.1,1015.1,1015.1,1.0,0.0,28.0,0.0,0.8,0.8,8.0,8.0,8.0,8.0,1.0,0.0,28.0,0.0,0.8,0.8,19.9,19.9,19.9,19.9,1.0,0.0,28.0,0.0,0.8,0.8,-7.2,-7.2,-7.2,-7.2,1.0,0.0,28.0,0.0,0.8,0.8,-0.1,-0.1,-0.1,-0.1,1.0,0.0,28.0,0.0,0.8,0.8,-0.5,-0.5,-0.5,-0.5,1.0,0.0,28.0,0.0,0.8,0.8,1.65,1.65,1.65,1.65,1.0,0.0,28.0,0.0,0.8,0.8,7.6,7.6,7.6,7.6,1.0,0.0,28.0,0.0,0.8,0.8,80.4,80.4,80.4,80.4,1.0,0.0,28.0,0.0,0.8,0.8,-29.3,-29.3,-29.3,-29.3,1.0,0.0,28.0,0.0,0.8,0.8,49.9,49.9,49.9,49.9,1.0,0.0,28.0,0.0,0.8,0.8,-18.2,-18.2,-18.2,-18.2,1.0,0.0,28.0,0.0,0.8,0.8,7.1,7.1,7.1,7.1,1.0,0.0,28.0,0.0,0.8,0.8,-2.6,-2.6,-2.6,-2.6,1.0,0.0,28.0,0.0,0.8,0.8,97.5,97.5,97.5,97.5,1.0,0.0,28.0,0.0,0.8,0.8,95.0,95.0,95.0,95.0,1.0,0.0,28.0,0.0,0.8,0.8
1974,2,65.0,-40.0,19.0,19.0,19.0,19.0,1.0,0.0,8.0,0.0,0.6,0.5,18.6,18.6,18.6,18.6,1.0,0.0,8.0,0.0,0.6,0.5,12.92,12.92,12.92,12.92,1.0,0.0,8.0,0.0,0.6,0.5,98.8,98.8,98.8,98.8,1.0,0.0,8.0,0.0,0.5,0.0,0.0,0.0,0.0,1.0,0.0,8.0,0.0,0.6,0.5,0.0,0.0,0.0,0.0,1.0,0.0,8.0,0.0,0.6,0.5,0.0,0.0,0.0,0.0,1.0,0.0,8.0,0.0,0.6,0.5,1031.1,1031.1,1031.1,1031.1,1.0,0.0,8.0,0.0,0.6,0.5,8.0,8.0,8.0,8.0,1.0,0.0,8.0,0.0,0.6,0.5,0.0,0.0,0.0,0.0,1.0,0.0,8.0,0.0,0.6,0.5,0.0,0.0,0.0,0.0,1.0,0.0,8.0,0.0,0.6,0.5,0.4,0.4,0.4,0.4,1.0,0.0,8.0,0.0,0.6,0.5,0.0,0.0,0.0,0.0,1.0,0.0,8.0,0.0,0.6,0.5,0.5,0.5,0.5,0.5,1.0,0.0,8.0,0.0,0.6,0.5,0.0,0.0,0.0,0.0,1.0,0.0,8.0,0.0,0.6,0.5,0.0,0.0,0.0,0.0,1.0,0.0,8.0,0.0,0.6,0.5,0.0,0.0,0.0,0.0,1.0,0.0,8.0,0.0,0.6,0.5,0.0,0.0,0.0,0.0,1.0,0.0,8.0,0.0,0.6,0.5,0.0,0.0,0.0,0.0,1.0,0.0,8.0,0.0,0.6,0.5,0.0,0.0,0.0,0.0,1.0,0.0,8.0,0.0,0.6,0.5,0.0,0.0,0.0,0.0,1.0,0.0,8.0,0.0,0.6,0.5,0.0,0.0,0.0,0.0,1.0,0.0,8.0,0.0,0.6,0.5,0.0,0.0,0.0,0.0,1.0,0.0,8.0,0.0,0.6,0.5
1974,2,65.0,-38.0,21.8,21.8,21.8,21.8,1.0,0.0,20.0,0.0,0.2,0.8,20.8,20.8,20.8,20.8,1.0,0.0,20.0,0.0,0.2,0.8,14.52,14.52,14.52,14.52,1.0,0.0,20.0,0.0,0.2,0.8,94.6,94.6,94.6,94.6,1.0,0.0,20.0,0.0,0.8,12.4,12.4,12.4,12.4,1.0,0.0,20.0,0.0,0.2,0.8,6.2,6.2,6.2,6.2,1.0,0.0,20.0,0.0,0.2,0.8,-10.74,-10.74,-10.74,-10.74,1.0,0.0,20.0,0.0,0.2,0.8,1008.5,1008.5,1008.5,1008.5,1.0,0.0,20.0,0.0,0.2,0.8,8.0,8.0,8.0,8.0,1.0,0.0,20.0,0.0,0.2,0.8,76.9,76.9,76.9,76.9,1.0,0.0,20.0,0.0,0.2,0.8,-133.2,-133.2,-133.2,-133.2,1.0,0.0,20.0,0.0,0.2,0.8,1.0,1.0,1.0,1.0,1.0,0.0,20.0,0.0,0.2,0.8,12.4,12.4,12.4,12.4,1.0,0.0,20.0,0.0,0.2,0.8,1.82,1.82,1.82,1.82,1.0,0.0,20.0,0.0,0.2,0.8,22.6,22.6,22.6,22.6,1.0,0.0,20.0,0.0,0.2,0.8,129.0,129.0,129.0,129.0,1.0,0.0,20.0,0.0,0.2,0.8,-223.4,-223.4,-223.4,-223.4,1.0,0.0,20.0,0.0,0.2,0.8,90.0,90.0,90.0,90.0,1.0,0.0,20.0,0.0,0.2,0.8,-155.9,-155.9,-155.9,-155.9,1.0,0.0,20.0,0.0,0.2,0.8,11.3,11.3,11.3,11.3,1.0,0.0,20.0,0.0,0.2,0.8,-19.5,-19.5,-19.5,-19.5,1.0,0.0,20.0,0.0,0.2,0.8,1906.5,1906.5,1906.5,1906.5,1.0,0.0,20.0,0.0,0.2,0.8,1905.0,1905.0,1905.0,1905.0,1.0,0.0,20.0,0.0,0.2,0.8
1974,2,65.0,-37.0,,,,,,,,,,,,,,,,,,,,,,,,,,,,,,,,,,,,,,,,11.0,11.0,11.0,11.0,1.0,0.0,20.0,1.0,0.3,0.1,5.5,5.5,5.5,5.5,1.0,0.0,20.0,1.0,0.3,0.1,-9.53,-9.53,-9.53,-9.53,1.0,0.0,20.0,1.0,0.3,0.1,1013.5,1013.5,1013.5,1013.5,1.0,0.0,20.0,1.0,0.3,0.1,,,,,,,,,,,,,,,,,,,,,,,,,,,,,,,,,,,,,,,,,,,,,,,,,,,,,,,,,,,,,,,,,,,,,,,,,,,,,,,,,,,,,,,,,,,,,,,,,,,,,,,,,,,,,,,,,,,,,,,,,,,,,,,,,,,,,,,,,,,,,,,,,,,,,,
1974,2,65.0,-34.0,24.0,24.0,24.0,24.0,1.0,0.0,4.0,0.0,0.0,1.0,22.9,22.9,22.9,22.9,1.0,0.0,4.0,0.0,0.0,1.0,12.89,12.89,12.89,12.89,1.0,0.0,4.0,0.0,0.0,1.0,75.3,75.3,75.3,75.3,1.0,0.0,4.0,0.0,1.0,8.2,8.2,8.2,8.2,1.0,0.0,4.0,0.0,0.0,1.0,-8.08,-8.08,-8.08,-8.08,1.0,0.0,4.0,0.0,0.0,1.0,-1.42,-1.42,-1.42,-1.42,1.0,0.0,4.0,0.0,0.0,1.0,1027.3,1027.3,1027.3,1027.3,1.0,0.0,4.0,0.0,0.0,1.0,1.0,1.0,1.0,1.0,1.0,0.0,4.0,0.0,0.0,1.0,-66.2,-66.2,-66.2,-66.2,1.0,0.0,4.0,0.0,0.0,1.0,-11.7,-11.7,-11.7,-11.7,1.0,0.0,4.0,0.0,0.0,1.0,1.1,1.1,1.1,1.1,1.0,0.0,4.0,0.0,0.0,1.0,9.0,9.0,9.0,9.0,1.0,0.0,4.0,0.0,0.0,1.0,5.47,5.47,5.47,5.47,1.0,0.0,4.0,0.0,0.0,1.0,44.8,44.8,44.8,44.8,1.0,0.0,4.0,0.0,0.0,1.0,-184.9,-184.9,-184.9,-184.9,1.0,0.0,4.0,0.0,0.0,1.0,-32.6,-32.6,-32.6,-32.6,1.0,0.0,4.0,0.0,0.0,1.0,-104.1,-104.1,-104.1,-104.1,1.0,0.0,4.0,0.0,0.0,1.0,-18.3,-18.3,-18.3,-18.3,1.0,0.0,4.0,0.0,0.0,1.0,-44.1,-44.1,-44.1,-44.1,1.0,0.0,4.0,0.0,0.0,1.0,-7.8,-7.8,-7.8,-7.8,1.0,0.0,4.0,0.0,0.0,1.0,551.5,551.5,551.5,551.5,1.0,0.0,4.0,0.0,0.0,1.0,550.0,550.0,550.0,550.0,1.0,0.0,4.0,0.0,0.0,1.0
1974,2,65.0,-33.0,21.48,22.5,23.52,22.5,2.0,2.12,14.0,0.5,0.5,0.6,22.48,22.65,22.82,22.65,2.0,0.35,14.0,0.5,0.5,0.6,10.85,11.66,12.47,11.66,2.0,1.68,14.0,0.5,0.5,0.6,64.9,69.1,73.3,69.1,2.0,8.7,14.0,0.5,0.6,6.1,6.95,7.8,6.95,2.0,1.77,14.0,0.5,0.5,0.6,-5.24,-4.25,-3.26,-4.25,2.0,2.05,14.0,0.5,0.5,0.6,1.22,3.85,6.48,3.85,2.0,5.45,14.0,0.5,0.5,0.6,1024.03,1026.45,1028.87,1026.45,2.0,5.02,14.0,0.5,0.5,0.6,2.2,2.5,2.8,2.5,2.0,0.7,14.0,0.5,0.5,0.6,-31.0,-27.7,-24.5,-27.7,2.0,6.7,14.0,0.5,0.5,0.6,10.0,31.6,53.2,31.6,2.0,44.7,14.0,0.5,0.5,0.6,-1.0,-0.15,0.7,-0.15,2.0,1.77,14.0,0.5,0.5,0.6,-8.7,-2.6,3.5,-2.6,2.0,12.6,14.0,0.5,0.5,0.6,4.95,5.15,5.36,5.15,2.0,0.42,14.0,0.5,0.5,0.6,32.5,35.4,38.4,35.4,2.0,6.2,14.0,0.5,0.5,0.6,-119.8,-96.7,-73.6,-96.7,2.0,47.9,14.0,0.5,0.5,0.6,27.4,86.3,145.2,86.3,2.0,122.0,14.0,0.5,0.5,0.6,-66.3,-51.3,-36.3,-51.3,2.0,31.0,14.0,0.5,0.5,0.6,12.8,40.4,67.9,40.4,2.0,57.1,14.0,0.5,0.5,0.6,-28.3,-22.3,-16.4,-22.3,2.0,12.3,14.0,0.5,0.5,0.6,5.9,18.7,31.5,18.7,2.0,26.4,14.0,0.5,0.5,0.6,243.5,368.5,493.5,368.5,2.0,259.0,14.0,0.5,0.5,0.6,245.0,370.0,495.0,370.0,2.0,260.0,14.0,0.5,0.5,0.6
1974,2,65.0,-32.0,24.26,24.4,24.88,24.57,3.0,0.47,6.0,1.0,0.6,0.5,23.48,24.5,24.77,24.13,3.0,1.0,6.0,1.0,0.6,0.5,12.1,12.26,13.21,12.64,3.0,0.87,6.0,1.0,0.6,0.5,65.5,69.8,71.5,68.5,3.0,4.6,6.0,1.0,0.5,9.63,11.0,11.2,10.43,3.0,1.25,6.0,1.0,0.6,0.5,-11.15,-10.83,-9.21,-10.2,3.0,1.52,6.0,1.0,0.6,0.5,-2.71,-1.91,-0.61,-1.66,3.0,1.55,6.0,1.0,0.6,0.5,1026.12,1026.6,1026.74,1026.43,3.0,0.47,6.0,1.0,0.6,0.5,5.0,5.0,5.7,5.3,3.0,0.6,6.0,1.0,0.6,0.5,-125.0,-119.2,-89.8,-107.7,3.0,27.6,6.0,1.0,0.6,0.5,-25.6,-21.0,-6.7,-16.2,3.0,14.5,6.0,1.0,0.6,0.5,0.0,0.2,0.88,0.43,3.0,0.68,6.0,1.0,0.6,0.5,-0.1,2.2,8.1,4.0,3.0,6.2,6.0,1.0,0.6,0.5,5.61,6.56,7.12,6.37,3.0,1.12,6.0,1.0,0.6,0.5,58.6,59.1,74.2,66.2,3.0,13.0,6.0,1.0,0.6,0.5,-274.6,-269.7,-218.4,-247.0,3.0,45.6,6.0,1.0,0.6,0.5,-63.4,-47.6,-15.1,-39.5,3.0,36.1,6.0,1.0,0.6,0.5,-147.4,-132.9,-111.6,-129.6,3.0,26.4,6.0,1.0,0.6,0.5,-32.7,-23.4,-7.4,-20.1,3.0,18.7,6.0,1.0,0.6,0.5,-73.1,-58.4,-56.4,-64.6,3.0,13.3,6.0,1.0,0.6,0.5,-18.3,-14.1,-4.5,-11.4,3.0,10.4,6.0,1.0,0.6,0.5,920.0,1331.0,1407.5,1167.5,3.0,384.0,6.0,1.0,0.6,0.5,920.0,1330.0,1405.0,1170.0,3.0,385.0,6.0,1.0,0.6,0.5
1974,2,65.0,-31.0,24.5,24.5,24.5,24.5,1.0,0.0,20.0,1.0,0.3,0.1,24.8,24.8,24.8,24.8,1.0,0.0,20.0,1.0,0.3,0.1,14.91,14.91,14.91,14.91,1.0,0.0,20.0,1.0,0.3,0.1,77.0,77.0,77.0,77.0,1.0,0.0,20.0,1.0,0.1,8.2,8.2,8.2,8.2,1.0,0.0,20.0,1.0,0.3,0.1,-1.42,-1.42,-1.42,-1.42,1.0,0.0,20.0,1.0,0.3,0.1,-8.08,-8.08,-8.08,-8.08,1.0,0.0,20.0,1.0,0.3,0.1,1019.6,1019.6,1019.6,1019.6,1.0,0.0,20.0,1.0,0.3,0.1,3.0,3.0,3.0,3.0,1.0,0.0,20.0,1.0,0.3,0.1,-11.7,-11.7,-11.7,-11.7,1.0,0.0,20.0,1.0,0.3,0.1,-66.2,-66.2,-66.2,-66.2,1.0,0.0,20.0,1.0,0.3,0.1,-0.3,-0.3,-0.3,-0.3,1.0,0.0,20.0,1.0,0.3,0.1,-2.5,-2.5,-2.5,-2.5,1.0,0.0,20.0,1.0,0.3,0.1,4.15,4.15,4.15,4.15,1.0,0.0,20.0,1.0,0.3,0.1,34.1,34.1,34.1,34.1,1.0,0.0,20.0,1.0,0.3,0.1,-35.3,-35.3,-35.3,-35.3,1.0,0.0,20.0,1.0,0.3,0.1,-200.3,-200.3,-200.3,-200.3,1.0,0.0,20.0,1.0,0.3,0.1,-21.2,-21.2,-21.2,-21.2,1.0,0.0,20.0,1.0,0.3,0.1,-120.4,-120.4,-120.4,-120.4,1.0,0.0,20.0,1.0,0.3,0.1,-5.9,-5.9,-5.9,-5.9,1.0,0.0,20.0,1.0,0.3,0.1,-33.5,-33.5,-33.5,-33.5,1.0,0.0,20.0,1.0,0.3,0.1,551.5,551.5,551.5,551.5,1.0,0.0,20.0,1.0,0.3,0.1,550.0,550.0,550.0,550.0,1.0,0.0,20.0,1.0,0.3,0.1
1974,2,65.0,-28.0,24.13,24.5,25.18,24.64,5.0,0.61,14.0,0.2,0.4,0.6,23.32,23.7,24.8,24.08,5.0,1.24,14.0,0.2,0.4,0.6,14.14,14.46,14.97,14.53,5.0,0.68,14.0,0.2,0.4,0.6,74.2,80.7,84.0,78.6,5.0,8.1,14.0,0.2,0.6,5.93,9.3,9.85,8.14,5.0,2.47,14.0,0.2,0.4,0.6,-9.21,-6.94,-5.71,-7.22,5.0,2.17,14.0,0.2,0.4,0.6,-0.84,0.0,4.05,1.52,5.0,4.03,14.0,0.2,0.4,0.6,1017.39,1017.9,1019.01,1018.2,5.0,1.07,14.0,0.2,0.4,0.6,3.3,4.0,5.0,4.0,5.0,1.2,14.0,0.2,0.4,0.6,-85.7,-75.0,-35.2,-62.0,5.0,29.6,14.0,0.2,0.4,0.6,-3.9,0.0,42.2,18.8,5.0,40.5,14.0,0.2,0.4,0.6,-0.26,0.8,1.31,0.56,5.0,0.9,14.0,0.2,0.4,0.6,-2.8,5.4,8.6,3.5,5.0,7.9,14.0,0.2,0.4,0.6,3.7,4.62,5.74,4.73,5.0,1.36,14.0,0.2,0.4,0.6,24.7,30.9,57.1,39.7,5.0,21.1,14.0,0.2,0.4,0.6,-219.0,-181.9,-134.3,-174.1,5.0,52.8,14.0,0.2,0.4,0.6,-19.3,0.0,103.8,40.5,5.0,103.8,14.0,0.2,0.4,0.6,-137.1,-96.9,-81.3,-105.2,5.0,33.8,14.0,0.2,0.4,0.6,-12.3,0.0,57.0,20.8,5.0,55.4,14.0,0.2,0.4,0.6,-47.1,-30.9,-23.5,-33.9,5.0,13.4,14.0,0.2,0.4,0.6,-3.4,0.0,23.3,10.2,5.0,25.8,14.0,0.2,0.4,0.6,226.5,804.5,970.5,653.5,5.0,460.0,14.0,0.2,0.4,0.6,225.0,805.0,970.0,655.0,5.0,460.0,14.0,0.2,0.4,0.6
1974,2,65.0,-26.0,,,,,,,,,,,,,,,,,,,,,,,,,,,,,,,,,,,,,,,,12.9,12.9,12.9,12.9,1.0,0.0,6.0,1.0,0.3,0.3,-9.88,-9.88,-9.88,-9.88,1.0,0.0,6.0,1.0,0.3,0.3,8.29,8.29,8.29,8.29,1.0,0.0,6.0,1.0,0.3,0.3,1019.8,1019.8,1019.8,1019.8,1.0,0.0,6.0,1.0,0.3,0.3,,,,,,,,,,,,,,,,,,,,,,,,,,,,,,,,,,,,,,,,,,,,,,,,,,,,,,,,,,,,,,,,,,,,,,,,,,,,,,,,,,,,,,,,,,,,,,,,,,,,,,,,,,,,,,,,,,,,,,,,,,,,,,,,,,,,,,,,,,,,,,,,,,,,,,
1974,2,65.0,-24.0,,,,,,,,,,,,,,,,,,,,,,,,,,,,,,,,,,,,,,,,6.2,6.2,6.2,6.2,1.0,0.0,22.0,1.0,0.6,0.1,-3.99,-3.99,-3.99,-3.99,1.0,0.0,22.0,1.0,0.6,0.1,4.75,4.75,4.75,4.75,1.0,0.0,22.0,1.0,0.6,0.1,1012.6,1012.6,1012.6,1012.6,1.0,0.0,22.0,1.0,0.6,0.1,,,,,,,,,,,,,,,,,,,,,,,,,,,,,,,,,,,,,,,,,,,,,,,,,,,,,,,,,,,,,,,,,,,,,,,,,,,,,,,,,,,,,,,,,,,,,,,,,,,,,,,,,,,,,,,,,,,,,,,,,,,,,,,,,,,,,,,,,,,,,,,,,,,,,,
1974,2,65.0,-22.0,,,,,,,,,,,,,,,,,,,,,,,,,,,,,,,,,,,,,,,,4.1,4.1,4.1,4.1,1.0,0.0,8.0,0.0,0.7,1.0,-3.14,-3.14,-3.14,-3.14,1.0,0.0,8.0,0.0,0.7,1.0,-2.64,-2.64,-2.64,-2.64,1.0,0.0,8.0,0.0,0.7,1.0,1016.1,1016.1,1016.1,1016.1,1.0,0.0,8.0,0.0,0.7,1.0,6.0,6.0,6.0,6.0,1.0,0.0,8.0,0.0,0.7,1.0,-12.9,-12.9,-12.9,-12.9,1.0,0.0,8.0,0.0,0.7,1.0,-10.8,-10.8,-10.8,-10.8,1.0,0.0,8.0,0.0,0.7,1.0,,,,,,,,,,,,,,,,,,,,,,,,,,,,,,,,,,,,,,,,,-78.5,-78.5,-78.5,-78.5,1.0,0.0,8.0,0.0,0.7,1.0,-65.9,-65.9,-65.9,-65.9,1.0,0.0,8.0,0.0,0.7,1.0,-49.7,-49.7,-49.7,-49.7,1.0,0.0,8.0,0.0,0.7,1.0,-41.7,-41.7,-41.7,-41.7,1.0,0.0,8.0,0.0,0.7,1.0,,,,,,,,,,,,,,,,,,,,,,,,,,,,,,,,,,,,,,,,
1974,2,65.0,-21.0,25.9,26.75,27.6,26.75,2.0,1.77,14.0,0.5,0.4,0.5,25.33,26.05,26.77,26.05,2.0,1.48,14.0,0.5,0.4,0.5,14.94,14.94,14.94,14.94,1.0,0.0,6.0,0.0,0.6,0.1,75.6,75.6,75.6,75.6,1.0,0.0,6.0,0.0,0.1,8.68,10.15,11.62,10.15,2.0,3.04,14.0,0.5,0.4,0.5,-10.7,-8.84,-6.99,-8.84,2.0,3.84,14.0,0.5,0.4,0.5,4.36,4.67,4.99,4.67,2.0,0.66,14.0,0.5,0.4,0.5,1010.61,1010.85,1011.09,1010.85,2.0,0.49,14.0,0.5,0.4,0.5,4.6,6.0,7.4,6.0,2.0,2.8,14.0,0.5,0.4,0.5,-127.4,-95.6,-63.8,-95.6,2.0,65.9,14.0,0.5,0.4,0.5,42.8,46.4,50.1,46.4,2.0,7.5,14.0,0.5,0.4,0.5,0.56,0.7,0.84,0.7,2.0,0.28,14.0,0.5,0.4,0.5,6.3,6.7,7.0,6.7,2.0,0.7,14.0,0.5,0.4,0.5,5.48,5.48,5.48,5.48,1.0,0.0,6.0,0.0,0.6,0.1,67.4,67.4,67.4,67.4,1.0,0.0,6.0,0.0,0.6,0.1,-269.5,-227.5,-185.6,-227.5,2.0,86.9,14.0,0.5,0.4,0.5,110.6,122.3,133.9,122.3,2.0,24.2,14.0,0.5,0.4,0.5,-172.7,-172.7,-172.7,-172.7,1.0,0.0,6.0,0.0,0.6,0.1,62.8,62.8,62.8,62.8,1.0,0.0,6.0,0.0,0.6,0.1,-63.3,-63.3,-63.3,-63.3,1.0,0.0,6.0,0.0,0.6,0.1,23.1,23.1,23.1,23.1,1.0,0.0,6.0,0.0,0.6,0.1,726.0,1186.5,1647.0,1186.5,2.0,954.0,14.0,0.5,0.4,0.5,725.0,1185.0,1645.0,1185.0,2.0,955.0,14.0,0.5,0.4,0.5
1974,2,65.0,-20.0,25.5,25.5,25.5,25.5,1.0,0.0,12.0,0.0,0.7,0.6,25.5,25.5,25.5,25.5,1.0,0.0,12.0,0.0,0.7,0.6,15.43,15.43,15.43,15.43,1.0,0.0,12.0,0.0,0.7,0.6,76.2,76.2,76.2,76.2,1.0,0.0,12.0,0.0,0.6,4.6,4.6,4.6,4.6,1.0,0.0,12.0,0.0,0.7,0.6,-3.52,-3.52,-3.52,-3.52,1.0,0.0,12.0,0.0,0.7,0.6,2.96,2.96,2.96,2.96,1.0,0.0,12.0,0.0,0.7,0.6,1015.9,1015.9,1015.9,1015.9,1.0,0.0,12.0,0.0,0.7,0.6,2.0,2.0,2.0,2.0,1.0,0.0,12.0,0.0,0.7,0.6,-16.2,-16.2,-16.2,-16.2,1.0,0.0,12.0,0.0,0.7,0.6,13.6,13.6,13.6,13.6,1.0,0.0,12.0,0.0,0.7,0.6,0.0,0.0,0.0,0.0,1.0,0.0,12.0,0.0,0.7,0.6,0.0,0.0,0.0,0.0,1.0,0.0,12.0,0.0,0.7,0.6,4.89,4.89,4.89,4.89,1.0,0.0,12.0,0.0,0.7,0.6,22.5,22.5,22.5,22.5,1.0,0.0,12.0,0.0,0.7,0.6,-89.9,-89.9,-89.9,-89.9,1.0,0.0,12.0,0.0,0.7,0.6,75.4,75.4,75.4,75.4,1.0,0.0,12.0,0.0,0.7,0.6,-54.4,-54.4,-54.4,-54.4,1.0,0.0,12.0,0.0,0.7,0.6,45.6,45.6,45.6,45.6,1.0,0.0,12.0,0.0,0.7,0.6,-17.2,-17.2,-17.2,-17.2,1.0,0.0,12.0,0.0,0.7,0.6,14.5,14.5,14.5,14.5,1.0,0.0,12.0,0.0,0.7,0.6,97.5,97.5,97.5,97.5,1.0,0.0,12.0,0.0,0.7,0.6,95.0,95.0,95.0,95.0,1.0,0.0,12.0,0.0,0.7,0.6
1974,2,65.0,-18.0,26.0,26.1,27.67,26.8,4.0,1.47,14.0,0.8,0.5,0.4,25.95,26.5,28.05,26.98,4.0,1.44,14.0,0.8,0.5,0.4,13.85,15.76,18.3,16.06,4.0,2.63,14.0,0.8,0.5,0.4,66.3,68.5,77.8,71.9,4.0,9.0,14.0,0.8,0.4,9.1,12.3,12.88,11.05,4.0,3.27,14.0,0.8,0.5,0.4,-11.56,-10.91,-4.89,-8.35,4.0,5.6,14.0,0.8,0.5,0.4,4.21,5.2,7.46,5.81,4.0,2.09,14.0,0.8,0.5,0.4,1008.42,1009.9,1010.9,1009.68,4.0,1.49,14.0,0.8,0.5,0.4,2.3,3.0,4.4,3.3,3.0,1.5,18.0,0.7,0.6,0.4,-142.2,-139.9,-65.5,-105.5,4.0,70.3,14.0,0.8,0.5,0.4,44.8,51.7,85.1,64.3,4.0,34.6,14.0,0.8,0.5,0.4,-0.52,0.05,0.15,-0.17,4.0,0.56,14.0,0.8,0.5,0.4,-7.0,0.6,1.9,-2.4,4.0,7.4,14.0,0.8,0.5,0.4,4.42,7.31,7.67,6.1,4.0,2.71,14.0,0.8,0.5,0.4,37.3,67.1,90.1,63.9,4.0,31.4,14.0,0.8,0.5,0.4,-300.0,-288.3,-132.0,-219.3,4.0,146.6,14.0,0.8,0.5,0.4,109.2,144.6,207.4,157.7,4.0,60.0,14.0,0.8,0.5,0.4,-179.7,-160.2,-75.3,-129.0,4.0,87.6,14.0,0.8,0.5,0.4,58.3,83.7,137.5,97.3,4.0,50.4,14.0,0.8,0.5,0.4,-84.7,-51.1,-10.1,-47.5,4.0,43.7,14.0,0.8,0.5,0.4,23.3,30.8,40.4,31.8,4.0,12.4,14.0,0.8,0.5,0.4,1011.0,1861.0,2146.5,1591.5,4.0,938.0,14.0,0.8,0.5,0.4,1010.0,1860.0,2145.0,1590.0,4.0,940.0,14.0,0.8,0.5,0.4
1974,2,65.0,-17.0,26.63,27.0,27.18,26.94,5.0,0.38,14.0,0.6,0.1,0.7,24.4,25.1,27.43,25.75,6.0,1.79,16.0,0.5,0.3,0.7,15.78,16.4,18.24,16.99,3.0,1.88,16.0,0.7,0.4,0.6,78.6,83.0,86.7,82.7,4.0,5.0,16.0,0.5,0.7,6.1,7.7,8.62,7.38,4.0,1.69,14.0,0.3,0.3,0.9,-8.33,-7.22,-5.48,-6.92,4.0,1.73,14.0,0.3,0.3,0.9,-0.91,1.54,3.35,1.23,4.0,2.54,14.0,0.3,0.3,0.9,1011.35,1012.4,1013.87,1012.72,5.0,1.89,16.0,0.6,0.3,0.7,1.0,1.5,6.4,3.2,6.0,3.1,16.0,0.5,0.3,0.7,-71.9,-56.1,-34.2,-53.2,4.0,23.2,14.0,0.3,0.3,0.9,-4.7,13.0,26.9,11.2,4.0,18.4,14.0,0.3,0.3,0.9,-0.37,1.5,2.18,0.94,5.0,1.67,14.0,0.6,0.1,0.7,4.8,10.8,15.7,10.3,3.0,8.0,12.0,0.3,0.1,0.9,4.13,4.6,5.07,4.6,2.0,0.98,14.0,1.0,0.1,0.5,19.9,19.9,19.9,19.9,1.0,0.0,10.0,1.0,0.0,0.7,-206.4,-179.0,-142.9,-174.8,4.0,38.1,14.0,0.3,0.3,0.9,-24.8,38.5,84.2,30.1,4.0,65.2,14.0,0.3,0.3,0.9,-121.4,-109.3,-97.2,-109.3,2.0,25.1,14.0,0.5,0.4,0.8,-28.0,-16.7,-5.3,-16.7,2.0,23.6,14.0,0.5,0.4,0.8,-18.7,-18.7,-18.7,-18.7,1.0,0.0,10.0,1.0,0.0,0.7,-6.8,-6.8,-6.8,-6.8,1.0,0.0,10.0,1.0,0.0,0.7,247.0,462.5,644.5,446.5,4.0,254.5,14.0,0.3,0.3,0.9,245.0,460.0,645.0,445.0,4.0,255.0,14.0,0.3,0.3,0.9
1974,2,65.0,-16.0,26.92,27.0,28.23,27.36,15.0,0.94,16.0,0.5,0.4,0.5,25.75,26.45,27.89,26.81,16.0,1.31,16.0,0.5,0.4,0.5,16.24,18.39,19.35,18.0,10.0,1.45,14.0,0.7,0.4,0.6,75.2,82.8,87.8,82.0,10.0,6.7,14.0,0.7,0.6,4.13,6.7,9.3,6.81,15.0,3.1,16.0,0.5,0.4,0.5,-8.02,-5.52,-0.68,-4.96,15.0,3.94,16.0,0.5,0.4,0.5,0.73,2.55,4.92,3.06,15.0,2.72,16.0,0.5,0.4,0.5,1009.44,1010.7,1012.31,1010.94,16.0,1.58,16.0,0.5,0.4,0.5,2.0,3.0,6.0,3.9,16.0,1.7,16.0,0.5,0.4,0.5,-72.3,-38.4,-2.1,-41.7,15.0,45.6,16.0,0.5,0.4,0.5,1.8,13.6,48.5,25.9,15.0,31.3,16.0,0.5,0.4,0.5,-0.76,0.6,1.91,0.53,15.0,1.58,16.0,0.5,0.4,0.5,-4.8,2.5,12.4,1.7,14.0,16.5,16.0,0.5,0.4,0.5,3.17,4.95,5.75,4.65,9.0,1.6,16.0,0.7,0.4,0.6,11.8,21.2,43.5,25.6,9.0,15.7,16.0,0.7,0.4,0.6,-206.5,-150.3,-18.4,-133.8,15.0,110.9,16.0,0.5,0.4,0.5,19.5,68.3,128.3,82.7,15.0,74.7,16.0,0.5,0.4,0.5,-121.6,-82.4,0.0,-61.9,10.0,66.5,14.0,0.7,0.4,0.6,3.7,50.8,75.7,50.4,10.0,55.3,14.0,0.7,0.4,0.6,-34.2,-17.7,-2.7,-17.7,9.0,18.6,16.0,0.7,0.4,0.6,0.8,12.2,23.6,12.0,9.0,11.2,16.0,0.7,0.4,0.6,71.5,301.0,804.5,512.5,15.0,688.5,16.0,0.5,0.4,0.5,70.0,300.0,805.0,510.0,15.0,690.0,16.0,0.5,0.4,0.5
1974,2,65.0,-15.0,26.2,27.0,27.82,26.93,11.0,0.74,14.0,0.5,0.4,0.5,26.15,27.0,27.45,26.92,11.0,0.7,14.0,0.5,0.4,0.5,15.85,17.09,17.42,16.71,11.0,1.0,14.0,0.5,0.4,0.5,72.0,74.8,79.0,75.4,11.0,4.1,14.0,0.5,0.5,3.31,4.85,7.34,5.24,10.0,2.14,16.0,0.5,0.4,0.5,-6.9,-4.82,-2.41,-4.57,10.0,2.68,16.0,0.5,0.4,0.5,-1.05,0.0,2.97,0.79,10.0,2.02,16.0,0.5,0.4,0.5,1008.9,1011.0,1012.5,1010.71,11.0,1.74,14.0,0.5,0.4,0.5,2.3,3.0,6.2,3.8,9.0,2.0,16.0,0.4,0.5,0.5,-51.6,-23.4,-8.3,-28.7,10.0,26.7,16.0,0.5,0.4,0.5,-4.1,0.0,16.1,4.0,10.0,11.7,16.0,0.5,0.4,0.5,-0.88,0.1,0.84,0.01,11.0,0.82,14.0,0.5,0.4,0.5,-6.2,0.2,3.4,-0.7,10.0,4.6,16.0,0.5,0.4,0.5,4.56,5.8,6.32,5.56,11.0,1.32,14.0,0.5,0.4,0.5,16.5,27.1,37.5,28.0,10.0,11.0,16.0,0.5,0.4,0.5,-184.2,-130.5,-65.0,-123.3,10.0,73.7,16.0,0.5,0.4,0.5,-27.9,0.0,82.3,21.4,10.0,54.8,16.0,0.5,0.4,0.5,-119.7,-80.3,-39.9,-77.7,10.0,47.3,16.0,0.5,0.4,0.5,-17.6,0.0,51.3,12.9,10.0,33.6,16.0,0.5,0.4,0.5,-36.0,-23.1,-14.2,-24.2,10.0,14.0,16.0,0.5,0.4,0.5,-5.7,0.0,15.5,4.1,10.0,11.3,16.0,0.5,0.4,0.5,37.0,115.0,417.5,215.0,10.0,259.0,16.0,0.5,0.4,0.5,35.0,115.0,415.0,215.0,10.0,260.0,16.0,0.5,0.4,0.5
1974,2,65.0,-13.0,28.9,28.9,28.9,28.9,1.0,0.0,6.0,0.0,0.4,1.0,26.6,26.6,26.6,26.6,1.0,0.0,6.0,0.0,0.4,1.0,18.2,18.2,18.2,18.2,1.0,0.0,6.0,0.0,0.4,1.0,83.6,83.6,83.6,83.6,1.0,0.0,6.0,0.0,1.0,0.0,0.0,0.0,0.0,1.0,0.0,6.0,0.0,0.4,1.0,0.0,0.0,0.0,0.0,1.0,0.0,6.0,0.0,0.4,1.0,0.0,0.0,0.0,0.0,1.0,0.0,6.0,0.0,0.4,1.0,1010.8,1010.8,1010.8,1010.8,1.0,0.0,6.0,0.0,0.4,1.0,4.0,4.0,4.0,4.0,1.0,0.0,6.0,0.0,0.4,1.0,0.0,0.0,0.0,0.0,1.0,0.0,6.0,0.0,0.4,1.0,0.0,0.0,0.0,0.0,1.0,0.0,6.0,0.0,0.4,1.0,2.3,2.3,2.3,2.3,1.0,0.0,6.0,0.0,0.4,1.0,0.0,0.0,0.0,0.0,1.0,0.0,6.0,0.0,0.4,1.0,6.81,6.81,6.81,6.81,1.0,0.0,6.0,0.0,0.4,1.0,0.0,0.0,0.0,0.0,1.0,0.0,6.0,0.0,0.4,1.0,0.0,0.0,0.0,0.0,1.0,0.0,6.0,0.0,0.4,1.0,0.0,0.0,0.0,0.0,1.0,0.0,6.0,0.0,0.4,1.0,0.0,0.0,0.0,0.0,1.0,0.0,6.0,0.0,0.4,1.0,0.0,0.0,0.0,0.0,1.0,0.0,6.0,0.0,0.4,1.0,0.0,0.0,0.0,0.0,1.0,0.0,6.0,0.0,0.4,1.0,0.0,0.0,0.0,0.0,1.0,0.0,6.0,0.0,0.4,1.0,0.0,0.0,0.0,0.0,1.0,0.0,6.0,0.0,0.4,1.0,0.0,0.0,0.0,0.0,1.0,0.0,6.0,0.0,0.4,1.0
1974,2,65.0,-12.0,28.9,28.9,28.9,28.9,1.0,0.0,20.0,0.0,0.7,0.9,26.2,26.2,26.2,26.2,1.0,0.0,20.0,0.0,0.7,0.9,18.28,18.28,18.28,18.28,1.0,0.0,20.0,0.0,0.7,0.9,86.1,86.1,86.1,86.1,1.0,0.0,20.0,0.0,0.9,1.0,1.0,1.0,1.0,1.0,0.0,20.0,0.0,0.7,0.9,0.17,0.17,0.17,0.17,1.0,0.0,20.0,0.0,0.7,0.9,0.98,0.98,0.98,0.98,1.0,0.0,20.0,0.0,0.7,0.9,1012.6,1012.6,1012.6,1012.6,1.0,0.0,20.0,0.0,0.7,0.9,6.0,6.0,6.0,6.0,1.0,0.0,20.0,0.0,0.7,0.9,0.2,0.2,0.2,0.2,1.0,0.0,20.0,0.0,0.7,0.9,1.0,1.0,1.0,1.0,1.0,0.0,20.0,0.0,0.7,0.9,2.7,2.7,2.7,2.7,1.0,0.0,20.0,0.0,0.7,0.9,2.7,2.7,2.7,2.7,1.0,0.0,20.0,0.0,0.7,0.9,6.68,6.68,6.68,6.68,1.0,0.0,20.0,0.0,0.7,0.9,6.7,6.7,6.7,6.7,1.0,0.0,20.0,0.0,0.7,0.9,4.5,4.5,4.5,4.5,1.0,0.0,20.0,0.0,0.7,0.9,25.8,25.8,25.8,25.8,1.0,0.0,20.0,0.0,0.7,0.9,3.2,3.2,3.2,3.2,1.0,0.0,20.0,0.0,0.7,0.9,18.0,18.0,18.0,18.0,1.0,0.0,20.0,0.0,0.7,0.9,1.2,1.2,1.2,1.2,1.0,0.0,20.0,0.0,0.7,0.9,6.6,6.6,6.6,6.6,1.0,0.0,20.0,0.0,0.7,0.9,1.0,1.0,1.0,1.0,1.0,0.0,20.0,0.0,0.7,0.9,0.0,0.0,0.0,0.0,1.0,0.0,20.0,0.0,0.7,0.9
1974,2,65.0,-11.0,,,,,,,,,,,,,,,,,,,,,,,,,,,,,,,,,,,,,,,,2.6,2.6,2.6,2.6,1.0,0.0,20.0,1.0,0.2,0.7,-2.56,-2.56,-2.56,-2.56,1.0,0.0,20.0,1.0,0.2,0.7,-0.45,-0.45,-0.45,-0.45,1.0,0.0,20.0,1.0,0.2,0.7,1009.3,1009.3,1009.3,1009.3,1.0,0.0,20.0,1.0,0.2,0.7,,,,,,,,,,,,,,,,,,,,,,,,,,,,,,,,,,,,,,,,,,,,,,,,,,,,,,,,,,,,,,,,,,,,,,,,,,,,,,,,,,,,,,,,,,,,,,,,,,,,,,,,,,,,,,,,,,,,,,,,,,,,,,,,,,,,,,,,,,,,,,,,,,,,,,
1974,2,65.0,-10.0,26.5,26.5,26.5,26.5,1.0,0.0,18.0,0.0,0.2,0.9,26.3,26.3,26.3,26.3,1.0,0.0,18.0,0.0,0.2,0.9,17.56,17.56,17.56,17.56,1.0,0.0,18.0,0.0,0.2,0.9,82.1,82.1,82.1,82.1,1.0,0.0,18.0,0.0,0.9,0.5,0.5,0.5,0.5,1.0,0.0,18.0,0.0,0.2,0.9,-0.49,-0.49,-0.49,-0.49,1.0,0.0,18.0,0.0,0.2,0.9,-0.09,-0.09,-0.09,-0.09,1.0,0.0,18.0,0.0,0.2,0.9,1010.0,1010.0,1010.0,1010.0,1.0,0.0,18.0,0.0,0.2,0.9,4.0,4.0,4.0,4.0,1.0,0.0,18.0,0.0,0.2,0.9,-0.2,-0.2,-0.2,-0.2,1.0,0.0,18.0,0.0,0.2,0.9,0.0,0.0,0.0,0.0,1.0,0.0,18.0,0.0,0.2,0.9,0.2,0.2,0.2,0.2,1.0,0.0,18.0,0.0,0.2,0.9,0.1,0.1,0.1,0.1,1.0,0.0,18.0,0.0,0.2,0.9,4.14,4.14,4.14,4.14,1.0,0.0,18.0,0.0,0.2,0.9,2.1,2.1,2.1,2.1,1.0,0.0,18.0,0.0,0.2,0.9,-13.0,-13.0,-13.0,-13.0,1.0,0.0,18.0,0.0,0.2,0.9,-2.3,-2.3,-2.3,-2.3,1.0,0.0,18.0,0.0,0.2,0.9,-8.6,-8.6,-8.6,-8.6,1.0,0.0,18.0,0.0,0.2,0.9,-1.5,-1.5,-1.5,-1.5,1.0,0.0,18.0,0.0,0.2,0.9,-2.0,-2.0,-2.0,-2.0,1.0,0.0,18.0,0.0,0.2,0.9,-0.4,-0.4,-0.4,-0.4,1.0,0.0,18.0,0.0,0.2,0.9,0.0,0.0,0.0,0.0,1.0,0.0,18.0,0.0,0.2,0.9,0.0,0.0,0.0,0.0,1.0,0.0,18.0,0.0,0.2,0.9
1974,2,65.0,-9.0,26.36,26.7,27.45,26.9,3.0,0.82,8.0,0.7,0.4,0.3,26.32,27.0,27.07,26.7,3.0,0.61,8.0,0.7,0.4,0.3,17.72,17.8,17.98,17.85,3.0,0.2,8.0,0.7,0.4,0.3,79.9,81.2,83.1,81.5,3.0,2.4,8.0,0.7,0.3,1.46,4.6,6.03,3.77,3.0,3.43,8.0,0.7,0.4,0.3,1.44,4.53,6.01,3.74,3.0,3.42,8.0,0.7,0.4,0.3,-0.55,0.0,0.0,-0.27,3.0,0.46,8.0,0.7,0.4,0.3,1009.09,1009.5,1011.41,1010.23,3.0,1.81,8.0,0.7,0.4,0.3,1.6,5.0,5.7,3.7,3.0,3.2,8.0,0.7,0.4,0.3,6.6,20.8,37.3,21.9,3.0,22.5,8.0,0.7,0.4,0.3,-2.5,0.0,0.0,-1.2,3.0,2.1,8.0,0.7,0.4,0.3,-0.21,0.2,0.61,0.2,3.0,0.6,8.0,0.7,0.4,0.3,-1.8,0.0,0.6,-0.6,3.0,1.9,8.0,0.7,0.4,0.3,3.82,4.19,4.97,4.39,3.0,0.86,8.0,0.7,0.4,0.3,5.3,16.8,24.5,15.0,3.0,14.1,8.0,0.7,0.4,0.3,37.4,117.8,161.3,99.8,3.0,92.1,8.0,0.7,0.4,0.3,-14.2,0.0,0.0,-6.9,3.0,12.0,8.0,0.7,0.4,0.3,25.4,80.1,106.8,66.4,3.0,60.8,8.0,0.7,0.4,0.3,-9.6,0.0,0.0,-4.7,3.0,8.2,8.0,0.7,0.4,0.3,5.3,16.5,24.4,14.9,3.0,14.1,8.0,0.7,0.4,0.3,-2.0,0.0,0.0,-1.0,3.0,1.7,8.0,0.7,0.4,0.3,31.0,97.5,236.0,132.5,3.0,153.5,8.0,0.7,0.4,0.3,30.0,95.0,235.0,135.0,3.0,155.0,8.0,0.7,0.4,0.3
1974,2,65.0,-8.0,29.1,29.1,29.1,29.1,1.0,0.0,10.0,1.0,0.2,0.7,28.7,28.7,28.7,28.7,1.0,0.0,10.0,1.0,0.2,0.7,23.78,23.78,23.78,23.78,1.0,0.0,10.0,1.0,0.2,0.7,96.0,96.0,96.0,96.0,1.0,0.0,10.0,1.0,0.7,5.1,5.1,5.1,5.1,1.0,0.0,10.0,1.0,0.2,0.7,-3.28,-3.28,-3.28,-3.28,1.0,0.0,10.0,1.0,0.2,0.7,-3.91,-3.91,-3.91,-3.91,1.0,0.0,10.0,1.0,0.2,0.7,1008.1,1008.1,1008.1,1008.1,1.0,0.0,10.0,1.0,0.2,0.7,3.0,3.0,3.0,3.0,1.0,0.0,10.0,1.0,0.2,0.7,-16.7,-16.7,-16.7,-16.7,1.0,0.0,10.0,1.0,0.2,0.7,-19.9,-19.9,-19.9,-19.9,1.0,0.0,10.0,1.0,0.2,0.7,0.4,0.4,0.4,0.4,1.0,0.0,10.0,1.0,0.2,0.7,2.0,2.0,2.0,2.0,1.0,0.0,10.0,1.0,0.2,0.7,1.6,1.6,1.6,1.6,1.0,0.0,10.0,1.0,0.2,0.7,8.1,8.1,8.1,8.1,1.0,0.0,10.0,1.0,0.2,0.7,-94.1,-94.1,-94.1,-94.1,1.0,0.0,10.0,1.0,0.2,0.7,-112.1,-112.1,-112.1,-112.1,1.0,0.0,10.0,1.0,0.2,0.7,-78.0,-78.0,-78.0,-78.0,1.0,0.0,10.0,1.0,0.2,0.7,-92.9,-92.9,-92.9,-92.9,1.0,0.0,10.0,1.0,0.2,0.7,-5.2,-5.2,-5.2,-5.2,1.0,0.0,10.0,1.0,0.2,0.7,-6.2,-6.2,-6.2,-6.2,1.0,0.0,10.0,1.0,0.2,0.7,132.5,132.5,132.5,132.5,1.0,0.0,10.0,1.0,0.2,0.7,135.0,135.0,135.0,135.0,1.0,0.0,10.0,1.0,0.2,0.7
1974,2,65.0,-6.0,26.86,27.95,28.2,27.55,4.0,1.05,12.0,0.3,0.3,0.6,26.77,27.4,27.61,27.2,4.0,0.69,12.0,0.3,0.3,0.6,16.56,16.92,17.29,16.93,4.0,0.43,12.0,0.3,0.3,0.6,73.3,74.9,76.9,75.1,4.0,2.4,12.0,0.3,0.6,1.33,2.05,2.77,2.05,2.0,1.48,14.0,0.5,0.6,0.4,1.32,2.04,2.76,2.04,2.0,1.5,14.0,0.5,0.6,0.4,0.03,0.09,0.15,0.09,2.0,0.12,14.0,0.5,0.6,0.4,1008.65,1010.1,1011.97,1010.3,4.0,1.94,12.0,0.3,0.3,0.6,2.0,2.5,3.5,2.8,4.0,1.0,12.0,0.3,0.3,0.6,2.4,5.3,8.2,5.3,2.0,6.1,14.0,0.5,0.6,0.4,0.0,0.1,0.1,0.1,2.0,0.1,14.0,0.5,0.6,0.4,-0.73,0.35,1.43,0.35,4.0,1.46,12.0,0.3,0.3,0.6,-3.7,-2.2,-0.7,-2.2,2.0,3.1,14.0,0.5,0.6,0.4,5.29,6.37,7.11,6.21,4.0,1.26,12.0,0.3,0.3,0.6,7.4,10.1,12.8,10.1,2.0,5.6,14.0,0.5,0.6,0.4,36.5,56.2,75.8,56.2,2.0,40.7,14.0,0.5,0.6,0.4,0.8,2.4,4.1,2.4,2.0,3.4,14.0,0.5,0.6,0.4,22.5,34.1,45.7,34.1,2.0,24.1,14.0,0.5,0.6,0.4,0.5,1.5,2.5,1.5,2.0,2.1,14.0,0.5,0.6,0.4,7.3,10.1,12.8,10.1,2.0,5.7,14.0,0.5,0.6,0.4,0.2,0.5,0.9,0.5,2.0,0.8,14.0,0.5,0.6,0.4,5.5,15.5,25.0,15.5,2.0,20.5,14.0,0.5,0.6,0.4,5.0,15.0,25.0,15.0,2.0,20.0,14.0,0.5,0.6,0.4
1974,2,65.0,-5.0,27.2,27.2,27.2,27.2,1.0,0.0,10.0,0.0,0.5,0.1,27.13,27.4,27.67,27.4,2.0,0.57,12.0,0.5,0.4,0.5,17.31,17.88,18.45,17.88,2.0,1.18,12.0,0.5,0.4,0.5,77.0,78.1,79.3,78.1,2.0,2.4,12.0,0.5,0.5,5.1,5.1,5.1,5.1,1.0,0.0,16.0,1.0,0.2,0.8,5.02,5.02,5.02,5.02,1.0,0.0,16.0,1.0,0.2,0.8,-0.89,-0.89,-0.89,-0.89,1.0,0.0,16.0,1.0,0.2,0.8,1008.02,1008.5,1008.98,1008.5,2.0,0.99,12.0,0.5,0.4,0.5,6.3,7.0,7.7,7.0,2.0,1.4,12.0,0.5,0.4,0.5,25.6,25.6,25.6,25.6,1.0,0.0,16.0,1.0,0.2,0.8,-4.5,-4.5,-4.5,-4.5,1.0,0.0,16.0,1.0,0.2,0.8,,,,,,,,,,,,,,,,,,,,,,,,,,,,,,,,,,,,,,,,,139.6,139.6,139.6,139.6,1.0,0.0,16.0,1.0,0.2,0.8,-24.6,-24.6,-24.6,-24.6,1.0,0.0,16.0,1.0,0.2,0.8,94.0,94.0,94.0,94.0,1.0,0.0,16.0,1.0,0.2,0.8,-16.6,-16.6,-16.6,-16.6,1.0,0.0,16.0,1.0,0.2,0.8,,,,,,,,,,,,,,,,,,,,,,,,,,,,,,,,,,,,,,,,
1974,2,65.0,-4.0,27.7,27.7,27.7,27.7,1.0,0.0,22.0,1.0,0.5,0.8,26.2,26.2,26.2,26.2,1.0,0.0,22.0,1.0,0.5,0.8,18.39,18.39,18.39,18.39,1.0,0.0,22.0,1.0,0.5,0.8,86.1,86.1,86.1,86.1,1.0,0.0,22.0,1.0,0.8,6.7,6.7,6.7,6.7,1.0,0.0,22.0,1.0,0.5,0.8,-2.29,-2.29,-2.29,-2.29,1.0,0.0,22.0,1.0,0.5,0.8,-6.3,-6.3,-6.3,-6.3,1.0,0.0,22.0,1.0,0.5,0.8,1007.0,1007.0,1007.0,1007.0,1.0,0.0,22.0,1.0,0.5,0.8,7.0,7.0,7.0,7.0,1.0,0.0,22.0,1.0,0.5,0.8,-15.4,-15.4,-15.4,-15.4,1.0,0.0,22.0,1.0,0.5,0.8,-42.2,-42.2,-42.2,-42.2,1.0,0.0,22.0,1.0,0.5,0.8,1.5,1.5,1.5,1.5,1.0,0.0,22.0,1.0,0.5,0.8,10.1,10.1,10.1,10.1,1.0,0.0,22.0,1.0,0.5,0.8,5.0,5.0,5.0,5.0,1.0,0.0,22.0,1.0,0.5,0.8,33.5,33.5,33.5,33.5,1.0,0.0,22.0,1.0,0.5,0.8,-60.0,-60.0,-60.0,-60.0,1.0,0.0,22.0,1.0,0.5,0.8,-165.0,-165.0,-165.0,-165.0,1.0,0.0,22.0,1.0,0.5,0.8,-42.1,-42.1,-42.1,-42.1,1.0,0.0,22.0,1.0,0.5,0.8,-115.8,-115.8,-115.8,-115.8,1.0,0.0,22.0,1.0,0.5,0.8,-11.5,-11.5,-11.5,-11.5,1.0,0.0,22.0,1.0,0.5,0.8,-31.5,-31.5,-31.5,-31.5,1.0,0.0,22.0,1.0,0.5,0.8,301.0,301.0,301.0,301.0,1.0,0.0,22.0,1.0,0.5,0.8,300.0,300.0,300.0,300.0,1.0,0.0,22.0,1.0,0.5,0.8
1974,2,65.0,-3.0,27.8,27.8,27.8,27.8,1.0,0.0,26.0,0.0,0.5,0.4,28.3,28.3,28.3,28.3,1.0,0.0,26.0,0.0,0.5,0.4,17.72,17.72,17.72,17.72,1.0,0.0,26.0,0.0,0.5,0.4,73.4,73.4,73.4,73.4,1.0,0.0,26.0,0.0,0.4,6.2,6.2,6.2,6.2,1.0,0.0,26.0,0.0,0.5,0.4,-1.08,-1.08,-1.08,-1.08,1.0,0.0,26.0,0.0,0.5,0.4,-6.11,-6.11,-6.11,-6.11,1.0,0.0,26.0,0.0,0.5,0.4,1007.1,1007.1,1007.1,1007.1,1.0,0.0,26.0,0.0,0.5,0.4,,,,,,,,,,,,,,,,,,,,,,,,,,,,,,,-0.5,-0.5,-0.5,-0.5,1.0,0.0,26.0,0.0,0.5,0.4,-3.1,-3.1,-3.1,-3.1,1.0,0.0,26.0,0.0,0.5,0.4,5.8,5.8,5.8,5.8,1.0,0.0,26.0,0.0,0.5,0.4,36.0,36.0,36.0,36.0,1.0,0.0,26.0,0.0,0.5,0.4,-30.5,-30.5,-30.5,-30.5,1.0,0.0,26.0,0.0,0.5,0.4,-172.8,-172.8,-172.8,-172.8,1.0,0.0,26.0,0.0,0.5,0.4,-19.1,-19.1,-19.1,-19.1,1.0,0.0,26.0,0.0,0.5,0.4,-108.2,-108.2,-108.2,-108.2,1.0,0.0,26.0,0.0,0.5,0.4,-6.2,-6.2,-6.2,-6.2,1.0,0.0,26.0,0.0,0.5,0.4,-35.4,-35.4,-35.4,-35.4,1.0,0.0,26.0,0.0,0.5,0.4,238.5,238.5,238.5,238.5,1.0,0.0,26.0,0.0,0.5,0.4,240.0,240.0,240.0,240.0,1.0,0.0,26.0,0.0,0.5,0.4
1974,2,65.0,-1.0,27.92,27.95,27.98,27.95,2.0,0.07,10.0,1.0,0.3,0.9,27.65,28.2,28.75,28.2,2.0,1.13,10.0,1.0,0.3,0.9,17.42,17.91,18.4,17.91,2.0,1.02,10.0,1.0,0.3,0.9,74.6,75.0,75.4,75.0,2.0,0.8,10.0,1.0,0.9,3.34,3.85,4.36,3.85,2.0,1.06,10.0,1.0,0.3,0.9,-3.11,-1.22,0.67,-1.22,2.0,3.91,10.0,1.0,0.3,0.9,-2.62,-2.49,-2.36,-2.49,2.0,0.27,10.0,1.0,0.3,0.9,1012.21,1012.65,1013.09,1012.65,2.0,0.92,10.0,1.0,0.3,0.9,2.6,4.0,5.4,4.0,2.0,2.8,10.0,1.0,0.3,0.9,-14.7,-6.8,1.1,-6.8,2.0,16.4,10.0,1.0,0.3,0.9,-10.2,-9.5,-8.7,-9.5,2.0,1.6,10.0,1.0,0.3,0.9,-0.76,-0.25,0.26,-0.25,2.0,1.06,10.0,1.0,0.3,0.9,-2.2,-0.4,1.4,-0.4,2.0,3.8,10.0,1.0,0.3,0.9,5.26,5.69,6.13,5.69,2.0,0.9,10.0,1.0,0.3,0.9,17.8,22.4,27.0,22.4,2.0,9.5,10.0,1.0,0.3,0.9,-84.7,-32.1,20.5,-32.1,2.0,109.0,10.0,1.0,0.3,0.9,-75.5,-70.4,-65.4,-70.4,2.0,10.5,10.0,1.0,0.3,0.9,-53.0,-19.8,13.4,-19.8,2.0,68.8,10.0,1.0,0.3,0.9,-48.4,-44.8,-41.2,-44.8,2.0,7.4,10.0,1.0,0.3,0.9,-20.0,-8.7,2.6,-8.7,2.0,23.4,10.0,1.0,0.3,0.9,-14.4,-14.1,-13.7,-14.1,2.0,0.7,10.0,1.0,0.3,0.9,40.5,63.5,86.5,63.5,2.0,48.0,10.0,1.0,0.3,0.9,40.0,65.0,85.0,65.0,2.0,50.0,10.0,1.0,0.3,0.9
1974,2,65.0,0.0,28.32,29.0,29.48,28.9,3.0,0.85,12.0,0.7,0.3,0.2,27.85,28.6,28.87,28.37,3.0,0.78,12.0,0.7,0.3,0.2,17.3,18.29,18.61,17.96,3.0,1.0,12.0,0.7,0.3,0.2,70.1,73.1,79.0,74.5,3.0,6.6,12.0,0.7,0.2,1.33,3.1,3.78,2.57,3.0,1.86,12.0,0.7,0.3,0.2,-1.43,-0.09,1.03,-0.2,3.0,1.8,12.0,0.7,0.3,0.2,-3.28,-2.68,-0.52,-1.91,3.0,2.13,12.0,0.7,0.3,0.2,1009.79,1011.5,1011.84,1010.83,3.0,1.61,12.0,0.7,0.3,0.2,2.0,2.0,2.0,2.0,2.0,0.0,10.0,1.0,0.4,0.1,-5.8,0.0,3.3,-1.2,3.0,6.7,12.0,0.7,0.3,0.2,-12.6,-8.3,-2.5,-7.5,3.0,7.4,12.0,0.7,0.3,0.2,-0.33,1.1,1.37,0.53,3.0,1.34,12.0,0.7,0.3,0.2,-1.9,0.6,4.4,1.2,3.0,4.7,12.0,0.7,0.3,0.2,5.71,6.39,8.46,7.07,3.0,2.1,12.0,0.7,0.3,0.2,8.5,16.7,23.2,15.9,3.0,10.8,12.0,0.7,0.3,0.2,-39.3,-2.5,29.9,-4.6,3.0,50.7,12.0,0.7,0.3,0.2,-91.4,-77.9,-15.1,-53.8,3.0,59.6,12.0,0.7,0.3,0.2,-26.7,-1.5,18.9,-3.9,3.0,33.5,12.0,0.7,0.3,0.2,-61.0,-49.1,-9.9,-35.8,3.0,39.2,12.0,0.7,0.3,0.2,-9.2,-0.8,5.4,-1.9,3.0,10.8,12.0,0.7,0.3,0.2,-20.1,-14.5,-1.4,-10.8,3.0,14.0,12.0,0.7,0.3,0.2,9.5,30.0,56.5,33.0,3.0,34.5,12.0,0.7,0.3,0.2,10.0,30.0,55.0,35.0,3.0,35.0,12.0,0.7,0.3,0.2
1974,2,65.0,2.0,27.83,27.9,27.97,27.9,3.0,0.1,24.0,1.0,0.6,0.7,27.63,27.7,29.13,28.37,3.0,1.24,24.0,1.0,0.6,0.7,17.36,17.57,21.14,19.21,3.0,3.12,24.0,1.0,0.6,0.7,74.8,76.0,83.2,78.9,3.0,6.6,24.0,1.0,0.7,3.93,5.7,6.59,5.27,3.0,1.99,24.0,1.0,0.6,0.7,-1.33,0.0,0.83,-0.24,3.0,1.6,24.0,1.0,0.6,0.7,-6.41,-5.36,-3.82,-5.12,3.0,1.91,24.0,1.0,0.6,0.7,1008.75,1009.3,1009.37,1009.07,3.0,0.49,24.0,1.0,0.6,0.7,4.6,6.0,6.7,5.7,3.0,1.5,24.0,1.0,0.6,0.7,-7.6,0.0,5.8,-0.9,3.0,9.8,24.0,1.0,0.6,0.7,-42.6,-30.5,-16.3,-29.5,3.0,19.3,24.0,1.0,0.6,0.7,-1.27,0.1,0.3,-0.47,3.0,1.25,24.0,1.0,0.6,0.7,-7.2,0.7,1.1,-3.0,3.0,6.8,24.0,1.0,0.6,0.7,2.52,6.18,6.2,4.41,3.0,3.1,24.0,1.0,0.6,0.7,9.3,19.1,35.8,22.5,3.0,19.6,24.0,1.0,0.6,0.7,-39.7,0.0,23.0,-8.1,3.0,46.4,24.0,1.0,0.6,0.7,-181.0,-159.6,-109.1,-145.4,3.0,54.1,24.0,1.0,0.6,0.7,-30.3,0.0,14.3,-7.8,3.0,33.4,24.0,1.0,0.6,0.7,-121.1,-118.9,-74.9,-98.5,3.0,38.2,24.0,1.0,0.6,0.7,-1.1,0.0,5.2,2.0,3.0,4.9,24.0,1.0,0.6,0.7,-35.3,-19.1,-9.1,-22.1,3.0,19.4,24.0,1.0,0.6,0.7,79.0,185.0,293.0,186.0,3.0,156.5,24.0,1.0,0.6,0.7,80.0,185.0,295.0,185.0,3.0,155.0,24.0,1.0,0.6,0.7
1974,2,65.0,3.0,27.64,27.9,28.0,27.83,4.0,0.24,22.0,0.8,0.5,0.4,26.94,27.25,27.45,27.2,4.0,0.32,22.0,0.8,0.5,0.4,17.37,17.55,17.7,17.53,4.0,0.24,22.0,0.8,0.5,0.4,77.1,78.1,78.3,77.7,4.0,0.9,22.0,0.8,0.4,3.58,5.05,6.52,5.05,4.0,1.77,22.0,0.8,0.5,0.4,0.06,0.88,1.13,0.61,4.0,0.79,22.0,0.8,0.5,0.4,-6.42,-4.97,-3.52,-4.97,4.0,1.74,22.0,0.8,0.5,0.4,1008.84,1010.2,1011.66,1010.25,4.0,1.63,22.0,0.8,0.5,0.4,2.4,5.0,6.0,4.3,4.0,2.4,22.0,0.8,0.5,0.4,0.5,4.6,7.4,4.0,4.0,4.4,22.0,0.8,0.5,0.4,-42.2,-26.0,-12.8,-27.4,4.0,17.7,22.0,0.8,0.5,0.4,0.44,0.65,0.8,0.63,4.0,0.25,22.0,0.8,0.5,0.4,2.4,2.8,3.3,2.8,4.0,0.6,22.0,0.8,0.5,0.4,5.84,5.93,6.07,5.95,4.0,0.16,22.0,0.8,0.5,0.4,21.3,29.8,38.7,30.0,4.0,10.3,22.0,0.8,0.5,0.4,1.4,23.8,31.1,16.6,4.0,21.6,22.0,0.8,0.5,0.4,-176.4,-135.1,-94.9,-135.6,4.0,48.8,22.0,0.8,0.5,0.4,0.9,15.4,20.0,10.7,4.0,13.9,22.0,0.8,0.5,0.4,-113.6,-87.4,-61.1,-87.4,4.0,31.2,22.0,0.8,0.5,0.4,0.2,5.2,6.7,3.5,4.0,4.7,22.0,0.8,0.5,0.4,-38.1,-29.3,-21.0,-29.5,4.0,10.2,22.0,0.8,0.5,0.4,48.5,142.5,282.5,164.5,4.0,143.5,22.0,0.8,0.5,0.4,50.0,140.0,285.0,165.0,4.0,145.0,22.0,0.8,0.5,0.4
1974,2,65.0,4.0,,,,,,,,,,,,,,,,,,,,,,,,,,,,,,,,,,,,,,,,6.32,7.0,7.68,7.0,2.0,1.41,10.0,0.5,0.6,0.7,-6.56,-5.76,-4.97,-5.76,2.0,1.65,10.0,0.5,0.6,0.7,-3.98,-3.93,-3.88,-3.93,2.0,0.1,10.0,0.5,0.6,0.7,1008.77,1010.65,1012.53,1010.65,2.0,3.89,10.0,0.5,0.6,0.7,,,,,,,,,,,,,,,,,,,,,,,,,,,,,,,,,,,,,,,,,,,,,,,,,,,,,,,,,,,,,,,,,,,,,,,,,,,,,,,,,,,,,,,,,,,,,,,,,,,,,,,,,,,,,,,,,,,,,,,,,,,,,,,,,,,,,,,,,,,,,,,,,,,,,,
1974,2,65.0,5.0,28.32,29.0,29.68,29.0,2.0,1.41,8.0,0.5,0.2,0.2,25.74,26.25,26.76,26.25,2.0,1.06,8.0,0.5,0.2,0.2,16.48,16.48,16.48,16.48,1.0,0.0,16.0,1.0,0.3,0.1,81.0,81.0,81.0,81.0,1.0,0.0,16.0,1.0,0.1,3.83,5.6,7.37,5.6,2.0,3.68,8.0,0.5,0.2,0.2,-4.98,-2.18,0.63,-2.18,2.0,5.81,8.0,0.5,0.2,0.2,-4.8,-3.78,-2.77,-3.78,2.0,2.1,8.0,0.5,0.2,0.2,1012.33,1013.05,1013.77,1013.05,2.0,1.48,8.0,0.5,0.2,0.2,1.5,2.5,3.5,2.5,2.0,2.1,8.0,0.5,0.2,0.2,-42.4,-22.9,-3.3,-22.9,2.0,40.5,8.0,0.5,0.2,0.2,-37.5,-25.1,-12.7,-25.1,2.0,25.7,8.0,0.5,0.2,0.2,1.56,2.75,3.94,2.75,2.0,2.47,8.0,0.5,0.2,0.2,9.0,10.9,12.7,10.9,2.0,3.7,8.0,0.5,0.2,0.2,10.16,10.16,10.16,10.16,1.0,0.0,16.0,1.0,0.3,0.1,30.5,30.5,30.5,30.5,1.0,0.0,16.0,1.0,0.3,0.1,-134.9,-60.2,14.5,-60.2,2.0,154.7,8.0,0.5,0.2,0.2,-129.0,-100.5,-71.9,-100.5,2.0,59.2,8.0,0.5,0.2,0.2,31.8,31.8,31.8,31.8,1.0,0.0,16.0,1.0,0.3,0.1,-37.9,-37.9,-37.9,-37.9,1.0,0.0,16.0,1.0,0.3,0.1,19.6,19.6,19.6,19.6,1.0,0.0,16.0,1.0,0.3,0.1,-23.4,-23.4,-23.4,-23.4,1.0,0.0,16.0,1.0,0.3,0.1,110.0,289.0,468.0,289.0,2.0,371.0,8.0,0.5,0.2,0.2,110.0,290.0,470.0,290.0,2.0,370.0,8.0,0.5,0.2,0.2
1974,2,65.0,8.0,,,,,,,,,,,,,,,,,,,,,,,,,,,,,,,,,,,,,,,,12.3,12.3,12.3,12.3,1.0,0.0,24.0,0.0,0.8,0.0,-6.15,-6.15,-6.15,-6.15,1.0,0.0,24.0,0.0,0.8,0.0,-10.65,-10.65,-10.65,-10.65,1.0,0.0,24.0,0.0,0.8,0.0,1009.1,1009.1,1009.1,1009.1,1.0,0.0,24.0,0.0,0.8,0.0,3.0,3.0,3.0,3.0,1.0,0.0,24.0,0.0,0.8,0.0,-75.6,-75.6,-75.6,-75.6,1.0,0.0,24.0,0.0,0.8,0.0,-131.0,-131.0,-131.0,-131.0,1.0,0.0,24.0,0.0,0.8,0.0,,,,,,,,,,,,,,,,,,,,,,,,,,,,,,,,,,,,,,,,,-160.5,-160.5,-160.5,-160.5,1.0,0.0,24.0,0.0,0.8,0.0,-278.0,-278.0,-278.0,-278.0,1.0,0.0,24.0,0.0,0.8,0.0,-89.8,-89.8,-89.8,-89.8,1.0,0.0,24.0,0.0,0.8,0.0,-155.5,-155.5,-155.5,-155.5,1.0,0.0,24.0,0.0,0.8,0.0,,,,,,,,,,,,,,,,,,,,,,,,,,,,,,,,,,,,,,,,
1974,2,65.0,9.0,25.91,27.5,28.4,27.18,4.0,1.54,18.0,0.0,0.6,0.4,26.43,26.5,27.32,26.87,3.0,0.72,20.0,0.0,0.6,0.3,17.64,18.05,18.45,18.05,2.0,0.83,24.0,0.0,0.6,0.3,80.4,80.7,81.0,80.7,2.0,0.6,24.0,0.0,0.3,4.7,6.0,6.14,5.43,3.0,1.16,20.0,0.0,0.7,0.4,-3.63,-3.14,-3.11,-3.37,3.0,0.43,20.0,0.0,0.7,0.4,-5.12,-4.6,-3.26,-4.2,3.0,1.41,20.0,0.0,0.7,0.4,1010.19,1011.1,1013.64,1011.88,4.0,2.47,18.0,0.0,0.6,0.4,0.5,2.0,4.0,2.3,4.0,2.2,18.0,0.0,0.6,0.4,-21.9,-19.2,-14.9,-18.4,3.0,5.2,20.0,0.0,0.7,0.4,-31.5,-27.6,-16.1,-23.9,3.0,11.7,20.0,0.0,0.7,0.4,-1.61,0.3,1.46,-0.07,3.0,2.27,20.0,0.0,0.6,0.3,-8.3,-4.2,-0.1,-4.2,2.0,8.6,24.0,0.0,0.6,0.3,1.9,2.96,4.02,2.96,2.0,2.2,24.0,0.0,0.6,0.3,9.3,16.9,24.5,16.9,2.0,15.7,24.0,0.0,0.6,0.3,-86.2,-84.4,-82.7,-84.4,2.0,3.6,24.0,0.0,0.6,0.3,-130.8,-107.4,-83.9,-107.4,2.0,48.6,24.0,0.0,0.6,0.3,-57.8,-56.3,-54.8,-56.3,2.0,3.1,24.0,0.0,0.6,0.3,-86.7,-71.4,-56.2,-71.4,2.0,31.6,24.0,0.0,0.6,0.3,-12.5,-9.2,-5.9,-9.2,2.0,6.8,24.0,0.0,0.6,0.3,-21.0,-14.0,-7.0,-14.0,2.0,14.5,24.0,0.0,0.6,0.3,115.5,216.0,231.0,174.5,3.0,92.0,20.0,0.0,0.7,0.4,115.0,215.0,230.0,175.0,3.0,90.0,20.0,0.0,0.7,0.4
1974,2,65.0,10.0,,,,,,,,,,,,,,,,,,,,,,,,,,,,,,,,,,,,,,,,4.1,4.1,4.1,4.1,1.0,0.0,14.0,1.0,0.0,0.8,-3.55,-3.55,-3.55,-3.55,1.0,0.0,14.0,1.0,0.0,0.8,-2.05,-2.05,-2.05,-2.05,1.0,0.0,14.0,1.0,0.0,0.8,1013.6,1013.6,1013.6,1013.6,1.0,0.0,14.0,1.0,0.0,0.8,,,,,,,,,,,,,,,,,,,,,,,,,,,,,,,,,,,,,,,,,,,,,,,,,,,,,,,,,,,,,,,,,,,,,,,,,,,,,,,,,,,,,,,,,,,,,,,,,,,,,,,,,,,,,,,,,,,,,,,,,,,,,,,,,,,,,,,,,,,,,,,,,,,,,,
1974,2,65.0,11.0,,,,,,,,,,,,,,,,,,,,,,,,,,,,,,,,,,,,,,,,5.4,6.05,6.7,6.05,2.0,1.34,6.0,1.0,0.2,0.4,-4.19,-3.52,-2.86,-3.52,2.0,1.38,6.0,1.0,0.2,0.4,-5.21,-4.89,-4.57,-4.89,2.0,0.67,6.0,1.0,0.2,0.4,1012.01,1012.45,1012.89,1012.45,2.0,0.92,6.0,1.0,0.2,0.4,,,,,,,,,,,,,,,,,,,,,,,,,,,,,,,,,,,,,,,,,,,,,,,,,,,,,,,,,,,,,,,,,,,,,,,,,,,,,,,,,,,,,,,,,,,,,,,,,,,,,,,,,,,,,,,,,,,,,,,,,,,,,,,,,,,,,,,,,,,,,,,,,,,,,,
1974,2,65.0,14.0,25.16,25.5,25.84,25.5,2.0,0.71,12.0,0.5,0.1,0.4,25.14,26.3,27.46,26.3,2.0,2.4,12.0,0.5,0.1,0.4,15.54,15.54,15.54,15.54,1.0,0.0,20.0,0.0,0.2,0.4,80.9,80.9,80.9,80.9,1.0,0.0,20.0,0.0,0.4,6.27,6.85,7.43,6.85,2.0,1.2,12.0,0.5,0.1,0.4,-3.24,-1.93,-0.61,-1.93,2.0,2.73,12.0,0.5,0.1,0.4,-7.21,-6.15,-5.09,-6.15,2.0,2.19,12.0,0.5,0.1,0.4,1015.25,1015.8,1016.35,1015.8,2.0,1.13,12.0,0.5,0.1,0.4,0.2,0.5,0.8,0.5,2.0,0.7,12.0,0.5,0.1,0.4,-19.5,-11.6,-3.7,-11.6,2.0,16.4,12.0,0.5,0.1,0.4,-54.3,-43.4,-32.6,-43.4,2.0,22.4,12.0,0.5,0.1,0.4,-1.62,-0.8,0.02,-0.8,2.0,1.7,12.0,0.5,0.1,0.4,-9.6,-4.5,0.7,-4.5,2.0,10.7,12.0,0.5,0.1,0.4,4.19,4.19,4.19,4.19,1.0,0.0,20.0,0.0,0.2,0.4,32.3,32.3,32.3,32.3,1.0,0.0,20.0,0.0,0.2,0.4,-90.9,-54.0,-17.1,-54.0,2.0,76.4,12.0,0.5,0.1,0.4,-179.8,-159.1,-138.3,-159.1,2.0,42.9,12.0,0.5,0.1,0.4,0.0,0.0,0.0,0.0,1.0,0.0,20.0,0.0,0.2,0.4,-119.7,-119.7,-119.7,-119.7,1.0,0.0,20.0,0.0,0.2,0.4,0.0,0.0,0.0,0.0,1.0,0.0,20.0,0.0,0.2,0.4,-32.3,-32.3,-32.3,-32.3,1.0,0.0,20.0,0.0,0.2,0.4,254.0,336.5,418.5,336.5,2.0,170.0,12.0,0.5,0.1,0.4,255.0,335.0,420.0,335.0,2.0,170.0,12.0,0.5,0.1,0.4
1974,2,65.0,15.0,25.48,26.5,27.93,26.7,3.0,1.81,12.0,0.3,0.9,0.6,23.98,25.0,26.71,25.33,3.0,2.02,12.0,0.3,0.9,0.6,17.51,17.51,17.51,17.51,1.0,0.0,20.0,1.0,0.9,0.4,76.5,76.5,76.5,76.5,1.0,0.0,20.0,1.0,0.4,4.35,5.1,5.1,4.73,3.0,0.64,12.0,0.3,0.9,0.6,-2.56,-2.55,-0.2,-1.41,3.0,1.99,12.0,0.3,0.9,0.6,-4.83,-4.42,-3.49,-4.17,3.0,1.0,12.0,0.3,0.9,0.6,1013.03,1013.3,1013.91,1013.47,3.0,0.67,12.0,0.3,0.9,0.6,0.0,0.0,2.0,1.0,3.0,1.7,12.0,0.3,0.9,0.6,-12.1,-10.3,-0.2,-6.3,3.0,9.4,12.0,0.3,0.9,0.6,-24.6,-22.5,-15.5,-20.1,3.0,7.0,12.0,0.3,0.9,0.6,0.35,1.1,2.4,1.37,3.0,1.52,12.0,0.3,0.9,0.6,1.8,5.6,12.2,7.0,3.0,7.7,12.0,0.3,0.9,0.6,7.01,7.01,7.01,7.01,1.0,0.0,20.0,1.0,0.9,0.4,35.7,35.7,35.7,35.7,1.0,0.0,20.0,1.0,0.9,0.4,-62.9,-59.9,-2.4,-33.3,3.0,50.0,12.0,0.3,0.9,0.6,-127.2,-103.8,-85.2,-106.2,3.0,30.8,12.0,0.3,0.9,0.6,15.5,15.5,15.5,15.5,1.0,0.0,20.0,1.0,0.9,0.4,-88.0,-88.0,-88.0,-88.0,1.0,0.0,20.0,1.0,0.9,0.4,6.2,6.2,6.2,6.2,1.0,0.0,20.0,1.0,0.9,0.4,-35.2,-35.2,-35.2,-35.2,1.0,0.0,20.0,1.0,0.9,0.4,86.0,132.5,132.5,110.0,3.0,39.5,12.0,0.3,0.9,0.6,85.0,135.0,135.0,110.0,3.0,40.0,12.0,0.3,0.9,0.6
1974,2,65.0,16.0,25.0,25.75,26.97,25.95,8.0,1.21,18.0,0.5,0.4,0.6,22.08,23.5,24.87,23.54,9.0,1.33,18.0,0.4,0.4,0.5,13.35,13.49,15.19,13.89,9.0,1.79,18.0,0.4,0.4,0.5,71.1,74.5,83.8,76.9,9.0,9.0,18.0,0.4,0.5,3.24,5.9,8.83,6.12,10.0,2.73,18.0,0.4,0.3,0.5,-3.04,-2.17,-0.75,-1.68,10.0,2.86,18.0,0.4,0.3,0.5,-7.19,-5.17,-2.87,-5.16,10.0,2.86,18.0,0.4,0.3,0.5,1012.6,1013.05,1015.0,1013.51,10.0,1.24,18.0,0.4,0.3,0.5,0.0,1.0,2.6,1.5,10.0,2.2,18.0,0.4,0.3,0.5,-21.5,-9.9,-3.2,-10.4,10.0,24.5,18.0,0.4,0.3,0.5,-61.7,-30.7,-10.1,-38.2,10.0,32.0,18.0,0.4,0.3,0.5,0.96,1.7,4.54,2.46,8.0,2.04,18.0,0.5,0.4,0.6,2.7,7.6,45.9,19.0,8.0,21.9,18.0,0.5,0.4,0.6,5.35,6.93,8.24,7.03,8.0,1.7,18.0,0.5,0.4,0.6,17.6,32.2,76.3,44.7,8.0,29.3,18.0,0.5,0.4,0.6,-79.1,-39.3,-18.1,-36.2,9.0,70.5,18.0,0.4,0.4,0.5,-160.1,-148.5,-60.1,-122.1,9.0,66.9,18.0,0.4,0.4,0.5,-51.4,-24.5,-10.1,-23.3,9.0,43.8,18.0,0.4,0.4,0.5,-107.4,-76.4,-34.1,-72.9,9.0,42.5,18.0,0.4,0.4,0.5,-25.1,-14.7,-5.9,-17.7,8.0,14.4,18.0,0.5,0.4,0.6,-70.2,-29.7,-14.1,-38.8,8.0,29.4,18.0,0.5,0.4,0.6,39.5,216.5,696.0,354.0,10.0,368.5,18.0,0.4,0.3,0.5,40.0,215.0,695.0,355.0,10.0,370.0,18.0,0.4,0.3,0.5
1974,2,65.0,17.0,24.71,25.5,28.0,25.99,9.0,1.57,20.0,0.3,0.5,0.4,22.83,23.75,25.0,23.89,10.0,1.65,18.0,0.4,0.5,0.4,11.54,13.9,16.39,13.87,8.0,2.42,18.0,0.5,0.5,0.5,73.1,75.0,82.6,74.2,8.0,9.3,18.0,0.5,0.5,2.96,7.35,8.2,6.12,10.0,3.01,18.0,0.4,0.5,0.5,-4.33,-1.75,2.01,-1.56,10.0,3.88,18.0,0.4,0.5,0.5,-7.34,-4.73,1.09,-3.85,10.0,4.06,18.0,0.4,0.5,0.5,1011.61,1013.2,1014.97,1013.42,11.0,1.94,18.0,0.4,0.5,0.5,1.0,3.0,4.8,3.0,11.0,2.3,18.0,0.4,0.5,0.5,-35.1,-11.3,9.3,-13.7,10.0,30.1,18.0,0.4,0.5,0.5,-59.3,-27.2,2.8,-31.5,10.0,35.2,18.0,0.4,0.5,0.5,1.14,2.3,4.5,2.38,8.0,2.4,18.0,0.4,0.5,0.4,4.0,13.1,38.9,18.4,7.0,22.1,18.0,0.4,0.6,0.4,4.26,5.83,9.12,6.29,6.0,2.39,18.0,0.5,0.5,0.5,24.8,37.4,65.4,45.6,5.0,29.1,18.0,0.6,0.6,0.6,-102.7,-65.7,62.8,-41.0,9.0,102.1,18.0,0.4,0.5,0.5,-175.8,-126.0,8.8,-99.3,9.0,91.1,18.0,0.4,0.5,0.5,-58.1,-27.1,2.7,-29.3,7.0,58.0,18.0,0.6,0.5,0.6,-94.9,-59.6,24.0,-46.7,7.0,55.7,18.0,0.6,0.5,0.6,-28.7,-24.4,5.8,-13.5,5.0,20.5,18.0,0.6,0.6,0.6,-59.1,-37.4,-6.7,-35.3,5.0,35.2,18.0,0.6,0.6,0.6,35.0,400.0,551.5,368.5,10.0,341.0,18.0,0.4,0.5,0.5,35.0,400.0,550.0,370.0,10.0,340.0,18.0,0.4,0.5,0.5
1974,2,65.0,18.0,24.0,25.2,27.76,25.39,27.0,1.47,16.0,0.5,0.4,0.6,21.09,23.9,27.06,24.11,32.0,2.53,18.0,0.5,0.4,0.6,11.1,15.01,17.29,14.36,30.0,2.9,16.0,0.5,0.4,0.6,63.5,76.1,85.8,76.1,31.0,11.5,18.0,0.5,0.6,1.98,6.45,9.3,5.75,26.0,3.14,16.0,0.5,0.4,0.6,-7.14,-3.49,0.0,-3.28,26.0,3.68,16.0,0.5,0.4,0.6,-7.1,-2.43,0.0,-3.08,26.0,3.11,16.0,0.5,0.4,0.6,1012.3,1016.0,1019.3,1015.48,31.0,3.33,18.0,0.5,0.4,0.6,0.0,0.5,5.0,1.9,32.0,2.3,18.0,0.5,0.4,0.6,-63.3,-18.5,0.0,-26.2,26.0,31.0,16.0,0.5,0.4,0.6,-55.8,-12.3,0.0,-23.2,26.0,30.6,16.0,0.5,0.4,0.6,-1.05,0.7,3.09,0.97,27.0,2.47,16.0,0.5,0.4,0.6,-6.4,0.8,30.0,6.9,22.0,20.4,16.0,0.5,0.5,0.6,3.51,5.62,9.19,5.79,27.0,2.81,16.0,0.5,0.4,0.6,9.3,19.9,70.0,32.5,22.0,30.9,16.0,0.5,0.5,0.6,-170.1,-81.6,0.0,-77.2,26.0,87.8,16.0,0.5,0.4,0.6,-159.4,-56.0,0.0,-72.0,26.0,69.6,16.0,0.5,0.4,0.6,-98.9,-33.9,0.0,-42.1,24.0,56.8,16.0,0.5,0.4,0.6,-92.1,-34.4,0.0,-44.0,24.0,39.7,16.0,0.5,0.4,0.6,-30.4,-7.8,0.0,-12.0,22.0,18.1,16.0,0.5,0.5,0.6,-56.9,-14.2,0.0,-25.0,22.0,30.5,16.0,0.5,0.5,0.6,8.0,269.5,804.5,351.0,26.0,362.0,16.0,0.5,0.4,0.6,10.0,270.0,805.0,350.0,26.0,360.0,16.0,0.5,0.4,0.6
1974,2,65.0,19.0,23.52,24.45,26.63,24.89,14.0,1.46,16.0,0.5,0.4,0.3,21.84,23.3,25.0,23.47,15.0,1.57,16.0,0.5,0.4,0.3,8.43,12.18,14.64,11.99,14.0,3.35,18.0,0.5,0.4,0.3,53.4,66.7,81.7,66.7,14.0,14.9,18.0,0.5,0.3,1.66,6.95,9.26,6.09,14.0,3.44,16.0,0.5,0.4,0.3,-6.12,-0.84,0.0,-2.42,14.0,3.67,16.0,0.5,0.4,0.3,-7.53,-4.31,-1.4,-4.54,14.0,3.13,16.0,0.5,0.4,0.3,1012.44,1016.8,1019.78,1016.36,15.0,3.21,16.0,0.5,0.4,0.3,0.0,0.0,2.0,0.8,15.0,1.0,16.0,0.5,0.4,0.3,-44.4,-4.3,0.0,-19.5,14.0,32.8,16.0,0.5,0.4,0.3,-65.5,-29.6,-2.3,-35.4,14.0,28.4,16.0,0.5,0.4,0.3,-0.69,1.55,2.96,1.4,14.0,1.95,16.0,0.5,0.4,0.3,-3.4,9.1,20.8,9.5,14.0,16.5,16.0,0.5,0.4,0.3,4.33,7.08,10.38,7.55,13.0,3.68,16.0,0.5,0.5,0.3,21.6,40.8,90.3,51.3,13.0,39.0,16.0,0.5,0.5,0.3,-131.1,-19.2,0.0,-55.3,14.0,87.4,16.0,0.5,0.4,0.3,-167.5,-102.1,-30.8,-105.4,14.0,72.3,16.0,0.5,0.4,0.3,-61.1,-13.0,1.2,-32.4,13.0,56.9,16.0,0.5,0.5,0.3,-80.2,-55.3,-19.6,-54.5,13.0,32.1,16.0,0.5,0.5,0.3,-50.3,-9.9,0.4,-20.4,13.0,26.9,16.0,0.5,0.5,0.3,-85.9,-34.3,-9.1,-40.8,13.0,37.3,16.0,0.5,0.5,0.3,7.5,337.0,795.0,397.5,14.0,324.5,16.0,0.5,0.4,0.3,10.0,335.0,795.0,400.0,14.0,325.0,16.0,0.5,0.4,0.3
1974,2,65.0,22.0,22.73,23.45,24.17,23.45,2.0,1.48,10.0,0.5,0.3,0.5,20.8,22.95,25.1,22.95,2.0,4.45,10.0,0.5,0.3,0.5,8.79,10.73,12.67,10.73,2.0,4.02,10.0,0.5,0.3,0.5,56.8,59.9,63.1,59.9,2.0,6.5,10.0,0.5,0.5,2.84,3.35,3.86,3.35,2.0,1.06,10.0,0.5,0.3,0.5,-3.59,-2.49,-1.4,-2.49,2.0,2.27,10.0,0.5,0.3,0.5,-2.06,-1.22,-0.39,-1.22,2.0,1.73,10.0,0.5,0.3,0.5,1013.61,1015.15,1016.69,1015.15,2.0,3.18,10.0,0.5,0.3,0.5,0.5,1.5,2.5,1.5,2.0,2.1,10.0,0.5,0.3,0.5,-14.5,-9.6,-4.6,-9.6,2.0,10.3,10.0,0.5,0.3,0.5,-5.3,-3.2,-1.0,-3.2,2.0,4.5,10.0,0.5,0.3,0.5,-0.93,0.5,1.93,0.5,2.0,2.97,10.0,0.5,0.3,0.5,-4.4,0.1,4.6,0.1,2.0,9.4,10.0,0.5,0.3,0.5,6.14,7.27,8.4,7.27,2.0,2.34,10.0,0.5,0.3,0.5,23.0,23.1,23.2,23.1,2.0,0.1,10.0,0.5,0.3,0.5,-92.8,-62.3,-31.8,-62.3,2.0,63.2,10.0,0.5,0.3,0.5,-40.7,-24.2,-7.7,-24.2,2.0,34.2,10.0,0.5,0.3,0.5,-47.9,-31.3,-14.7,-31.3,2.0,34.4,10.0,0.5,0.3,0.5,-16.2,-9.6,-3.1,-9.6,2.0,13.6,10.0,0.5,0.3,0.5,-20.6,-15.5,-10.3,-15.5,2.0,10.7,10.0,0.5,0.3,0.5,-18.3,-10.9,-3.5,-10.9,2.0,15.4,10.0,0.5,0.3,0.5,25.5,43.0,61.0,43.0,2.0,36.5,10.0,0.5,0.3,0.5,25.0,45.0,60.0,45.0,2.0,35.0,10.0,0.5,0.3,0.5
1974,2,65.0,24.0,22.51,22.8,23.0,22.72,5.0,0.41,10.0,0.4,0.5,0.4,19.46,20.0,21.07,20.22,5.0,0.84,10.0,0.4,0.5,0.4,5.7,8.26,10.81,8.26,2.0,5.3,6.0,1.0,0.4,0.7,40.7,57.8,74.9,57.8,2.0,35.5,6.0,1.0,0.7,3.65,6.0,6.86,5.36,5.0,2.23,10.0,0.4,0.5,0.4,-2.98,-1.88,2.56,-0.46,5.0,3.72,10.0,0.4,0.5,0.4,-6.11,-5.64,-0.43,-3.71,5.0,3.09,10.0,0.4,0.5,0.4,1014.2,1014.9,1018.27,1016.3,5.0,3.77,10.0,0.4,0.5,0.4,0.0,0.0,0.7,0.4,5.0,0.9,10.0,0.4,0.5,0.4,-15.5,-3.8,19.3,2.1,5.0,24.1,10.0,0.4,0.5,0.4,-41.9,-33.8,-0.9,-24.4,5.0,22.4,10.0,0.4,0.5,0.4,1.93,2.5,3.02,2.5,5.0,0.64,10.0,0.4,0.5,0.4,9.4,14.4,16.3,12.9,5.0,4.8,10.0,0.4,0.5,0.4,6.42,8.93,11.45,8.93,2.0,5.21,6.0,1.0,0.4,0.7,36.6,45.3,54.0,45.3,2.0,18.0,6.0,1.0,0.4,0.7,-59.9,-36.6,53.5,-7.7,5.0,76.2,10.0,0.4,0.5,0.4,-125.0,-118.4,-8.5,-76.8,5.0,64.3,10.0,0.4,0.5,0.4,-15.4,-3.9,7.6,-3.9,2.0,23.8,6.0,1.0,0.4,0.7,-61.6,-36.6,-11.6,-36.6,2.0,51.8,6.0,1.0,0.4,0.7,-47.9,-26.2,-4.5,-26.2,2.0,45.0,6.0,1.0,0.4,0.7,-27.0,-16.0,-5.1,-16.0,2.0,22.7,6.0,1.0,0.4,0.7,64.5,216.0,338.5,214.5,5.0,190.5,10.0,0.4,0.5,0.4,65.0,215.0,340.0,215.0,5.0,190.0,10.0,0.4,0.5,0.4
1974,2,66.0,-50.0,4.0,4.0,4.0,4.0,1.0,0.0,4.0,1.0,0.6,0.6,5.8,5.8,5.8,5.8,1.0,0.0,4.0,1.0,0.6,0.6,4.38,4.38,4.38,4.38,1.0,0.0,4.0,1.0,0.6,0.6,75.5,75.5,75.5,75.5,1.0,0.0,4.0,1.0,0.6,14.4,14.4,14.4,14.4,1.0,0.0,4.0,1.0,0.6,0.6,13.53,13.53,13.53,13.53,1.0,0.0,4.0,1.0,0.6,0.6,-4.93,-4.93,-4.93,-4.93,1.0,0.0,4.0,1.0,0.6,0.6,996.2,996.2,996.2,996.2,1.0,0.0,4.0,1.0,0.6,0.6,7.0,7.0,7.0,7.0,1.0,0.0,4.0,1.0,0.6,0.6,194.9,194.9,194.9,194.9,1.0,0.0,4.0,1.0,0.6,0.6,-70.9,-70.9,-70.9,-70.9,1.0,0.0,4.0,1.0,0.6,0.6,-1.8,-1.8,-1.8,-1.8,1.0,0.0,4.0,1.0,0.6,0.6,-25.9,-25.9,-25.9,-25.9,1.0,0.0,4.0,1.0,0.6,0.6,0.74,0.74,0.74,0.74,1.0,0.0,4.0,1.0,0.6,0.6,10.7,10.7,10.7,10.7,1.0,0.0,4.0,1.0,0.6,0.6,78.5,78.5,78.5,78.5,1.0,0.0,4.0,1.0,0.6,0.6,-28.6,-28.6,-28.6,-28.6,1.0,0.0,4.0,1.0,0.6,0.6,59.2,59.2,59.2,59.2,1.0,0.0,4.0,1.0,0.6,0.6,-21.5,-21.5,-21.5,-21.5,1.0,0.0,4.0,1.0,0.6,0.6,10.0,10.0,10.0,10.0,1.0,0.0,4.0,1.0,0.6,0.6,-3.6,-3.6,-3.6,-3.6,1.0,0.0,4.0,1.0,0.6,0.6,2986.0,2986.0,2986.0,2986.0,1.0,0.0,4.0,1.0,0.6,0.6,2985.0,2985.0,2985.0,2985.0,1.0,0.0,4.0,1.0,0.6,0.6
1974,2,66.0,-47.0,9.0,9.0,9.0,9.0,1.0,0.0,18.0,1.0,0.9,0.8,7.6,7.6,7.6,7.6,1.0,0.0,18.0,1.0,0.9,0.8,6.43,6.43,6.43,6.43,1.0,0.0,18.0,1.0,0.9,0.8,100.0,100.0,100.0,100.0,1.0,0.0,18.0,1.0,0.8,7.2,7.2,7.2,7.2,1.0,0.0,18.0,1.0,0.9,0.8,-2.46,-2.46,-2.46,-2.46,1.0,0.0,18.0,1.0,0.9,0.8,-6.77,-6.77,-6.77,-6.77,1.0,0.0,18.0,1.0,0.9,0.8,1017.6,1017.6,1017.6,1017.6,1.0,0.0,18.0,1.0,0.9,0.8,8.0,8.0,8.0,8.0,1.0,0.0,18.0,1.0,0.9,0.8,-17.7,-17.7,-17.7,-17.7,1.0,0.0,18.0,1.0,0.9,0.8,-48.7,-48.7,-48.7,-48.7,1.0,0.0,18.0,1.0,0.9,0.8,1.4,1.4,1.4,1.4,1.0,0.0,18.0,1.0,0.9,0.8,10.1,10.1,10.1,10.1,1.0,0.0,18.0,1.0,0.9,0.8,0.64,0.64,0.64,0.64,1.0,0.0,18.0,1.0,0.9,0.8,4.6,4.6,4.6,4.6,1.0,0.0,18.0,1.0,0.9,0.8,-18.7,-18.7,-18.7,-18.7,1.0,0.0,18.0,1.0,0.9,0.8,-51.4,-51.4,-51.4,-51.4,1.0,0.0,18.0,1.0,0.9,0.8,-15.8,-15.8,-15.8,-15.8,1.0,0.0,18.0,1.0,0.9,0.8,-43.5,-43.5,-43.5,-43.5,1.0,0.0,18.0,1.0,0.9,0.8,-1.6,-1.6,-1.6,-1.6,1.0,0.0,18.0,1.0,0.9,0.8,-4.4,-4.4,-4.4,-4.4,1.0,0.0,18.0,1.0,0.9,0.8,373.0,373.0,373.0,373.0,1.0,0.0,18.0,1.0,0.9,0.8,375.0,375.0,375.0,375.0,1.0,0.0,18.0,1.0,0.9,0.8
1974,2,66.0,-46.0,,,,,,,,,,,,,,,,,,,,,,,,,,,,,,,,,,,,,,,,17.0,17.0,17.0,17.0,1.0,0.0,20.0,1.0,0.3,0.9,8.5,8.5,8.5,8.5,1.0,0.0,20.0,1.0,0.3,0.9,-14.72,-14.72,-14.72,-14.72,1.0,0.0,20.0,1.0,0.3,0.9,991.93,993.5,995.07,993.5,2.0,3.25,20.0,0.5,0.4,0.7,,,,,,,,,,,,,,,,,,,,,,,,,,,,,,,,,,,,,,,,,,,,,,,,,,,,,,,,,,,,,,,,,,,,,,,,,,,,,,,,,,,,,,,,,,,,,,,,,,,,,,,,,,,,,,,,,,,,,,,,,,,,,,,,,,,,,,,,,,,,,,,,,,,,,,
1974,2,66.0,-45.0,,,,,,,,,,,,,,,,,,,,,,,,,,,,,,,,,,,,,,,,19.6,19.6,19.6,19.6,1.0,0.0,20.0,1.0,0.6,0.3,9.8,9.8,9.8,9.8,1.0,0.0,20.0,1.0,0.6,0.3,-16.97,-16.97,-16.97,-16.97,1.0,0.0,20.0,1.0,0.6,0.3,998.2,998.2,998.2,998.2,1.0,0.0,20.0,1.0,0.6,0.3,,,,,,,,,,,,,,,,,,,,,,,,,,,,,,,,,,,,,,,,,,,,,,,,,,,,,,,,,,,,,,,,,,,,,,,,,,,,,,,,,,,,,,,,,,,,,,,,,,,,,,,,,,,,,,,,,,,,,,,,,,,,,,,,,,,,,,,,,,,,,,,,,,,,,,
1974,2,66.0,-44.0,16.4,16.4,16.4,16.4,1.0,0.0,20.0,1.0,0.8,0.5,18.6,18.6,18.6,18.6,1.0,0.0,20.0,1.0,0.8,0.5,12.21,12.21,12.21,12.21,1.0,0.0,20.0,1.0,0.8,0.5,90.4,90.4,90.4,90.4,1.0,0.0,20.0,1.0,0.5,,,,,,,,,,,,,,,,,,,,,,,,,,,,,,,,,,,,,,,,,,,,,,,,,,,,,,,,,,,,,,,,,,,,,,,,,,,,,,,,,,,,,,,,,,,,,,,,,,,,,,,,,,,,,,,,,,,,,,,,,,,,,,,,,,,,,,,,,,,,,,,,,,,,,,,,,,,,,,,,,,,,,,,,,,,,,,,,,,,,,,,,,,,,,,
1974,2,66.0,-43.0,17.0,17.0,17.0,17.0,1.0,0.0,20.0,0.0,0.7,0.5,18.0,18.0,18.0,18.0,1.0,0.0,20.0,0.0,0.7,0.5,11.6,11.6,11.6,11.6,1.0,0.0,20.0,0.0,0.7,0.5,89.8,89.8,89.8,89.8,1.0,0.0,20.0,0.0,0.5,15.4,15.4,15.4,15.4,1.0,0.0,20.0,0.0,0.7,0.5,9.9,9.9,9.9,9.9,1.0,0.0,20.0,0.0,0.7,0.5,-11.8,-11.8,-11.8,-11.8,1.0,0.0,20.0,0.0,0.7,0.5,1004.5,1004.5,1004.5,1004.5,1.0,0.0,20.0,0.0,0.7,0.5,0.0,0.0,0.0,0.0,1.0,0.0,20.0,0.0,0.7,0.5,152.4,152.4,152.4,152.4,1.0,0.0,20.0,0.0,0.7,0.5,-181.7,-181.7,-181.7,-181.7,1.0,0.0,20.0,0.0,0.7,0.5,-1.0,-1.0,-1.0,-1.0,1.0,0.0,20.0,0.0,0.7,0.5,-15.4,-15.4,-15.4,-15.4,1.0,0.0,20.0,0.0,0.7,0.5,0.53,0.53,0.53,0.53,1.0,0.0,20.0,0.0,0.7,0.5,8.2,8.2,8.2,8.2,1.0,0.0,20.0,0.0,0.7,0.5,178.2,178.2,178.2,178.2,1.0,0.0,20.0,0.0,0.7,0.5,-212.3,-212.3,-212.3,-212.3,1.0,0.0,20.0,0.0,0.7,0.5,114.8,114.8,114.8,114.8,1.0,0.0,20.0,0.0,0.7,0.5,-136.9,-136.9,-136.9,-136.9,1.0,0.0,20.0,0.0,0.7,0.5,5.3,5.3,5.3,5.3,1.0,0.0,20.0,0.0,0.7,0.5,-6.3,-6.3,-6.3,-6.3,1.0,0.0,20.0,0.0,0.7,0.5,3652.5,3652.5,3652.5,3652.5,1.0,0.0,20.0,0.0,0.7,0.5,3650.0,3650.0,3650.0,3650.0,1.0,0.0,20.0,0.0,0.7,0.5
1974,2,66.0,-42.0,15.2,15.2,15.2,15.2,1.0,0.0,20.0,0.0,0.9,1.0,16.8,16.8,16.8,16.8,1.0,0.0,20.0,0.0,0.9,1.0,11.72,11.72,11.72,11.72,1.0,0.0,20.0,0.0,0.9,1.0,98.1,98.1,98.1,98.1,1.0,0.0,20.0,0.0,1.0,9.8,9.8,9.8,9.8,1.0,0.0,20.0,0.0,0.9,1.0,3.35,3.35,3.35,3.35,1.0,0.0,20.0,0.0,0.9,1.0,-9.21,-9.21,-9.21,-9.21,1.0,0.0,20.0,0.0,0.9,1.0,1007.3,1007.3,1007.3,1007.3,1.0,0.0,20.0,0.0,0.9,1.0,7.0,7.0,7.0,7.0,1.0,0.0,20.0,0.0,0.9,1.0,32.8,32.8,32.8,32.8,1.0,0.0,20.0,0.0,0.9,1.0,-90.2,-90.2,-90.2,-90.2,1.0,0.0,20.0,0.0,0.9,1.0,-1.6,-1.6,-1.6,-1.6,1.0,0.0,20.0,0.0,0.9,1.0,-15.7,-15.7,-15.7,-15.7,1.0,0.0,20.0,0.0,0.9,1.0,-0.94,-0.94,-0.94,-0.94,1.0,0.0,20.0,0.0,0.9,1.0,-9.2,-9.2,-9.2,-9.2,1.0,0.0,20.0,0.0,0.9,1.0,56.3,56.3,56.3,56.3,1.0,0.0,20.0,0.0,0.9,1.0,-154.7,-154.7,-154.7,-154.7,1.0,0.0,20.0,0.0,0.9,1.0,39.3,39.3,39.3,39.3,1.0,0.0,20.0,0.0,0.9,1.0,-107.9,-107.9,-107.9,-107.9,1.0,0.0,20.0,0.0,0.9,1.0,-3.2,-3.2,-3.2,-3.2,1.0,0.0,20.0,0.0,0.9,1.0,8.7,8.7,8.7,8.7,1.0,0.0,20.0,0.0,0.9,1.0,941.0,941.0,941.0,941.0,1.0,0.0,20.0,0.0,0.9,1.0,940.0,940.0,940.0,940.0,1.0,0.0,20.0,0.0,0.9,1.0
1974,2,66.0,-41.0,20.0,20.0,20.0,20.0,1.0,0.0,20.0,1.0,0.6,0.6,20.2,20.2,20.2,20.2,1.0,0.0,20.0,1.0,0.6,0.6,14.25,14.25,14.25,14.25,1.0,0.0,20.0,1.0,0.6,0.6,96.3,96.3,96.3,96.3,1.0,0.0,20.0,1.0,0.6,9.8,9.8,9.8,9.8,1.0,0.0,20.0,1.0,0.6,0.6,4.9,4.9,4.9,4.9,1.0,0.0,20.0,1.0,0.6,0.6,-8.49,-8.49,-8.49,-8.49,1.0,0.0,20.0,1.0,0.6,0.6,1008.2,1008.2,1008.2,1008.2,1.0,0.0,20.0,1.0,0.6,0.6,8.0,8.0,8.0,8.0,1.0,0.0,20.0,1.0,0.6,0.6,48.0,48.0,48.0,48.0,1.0,0.0,20.0,1.0,0.6,0.6,-83.2,-83.2,-83.2,-83.2,1.0,0.0,20.0,1.0,0.6,0.6,-0.2,-0.2,-0.2,-0.2,1.0,0.0,20.0,1.0,0.6,0.6,-2.0,-2.0,-2.0,-2.0,1.0,0.0,20.0,1.0,0.6,0.6,0.36,0.36,0.36,0.36,1.0,0.0,20.0,1.0,0.6,0.6,3.5,3.5,3.5,3.5,1.0,0.0,20.0,1.0,0.6,0.6,99.0,99.0,99.0,99.0,1.0,0.0,20.0,1.0,0.6,0.6,-171.4,-171.4,-171.4,-171.4,1.0,0.0,20.0,1.0,0.6,0.6,69.8,69.8,69.8,69.8,1.0,0.0,20.0,1.0,0.6,0.6,-121.0,-121.0,-121.0,-121.0,1.0,0.0,20.0,1.0,0.6,0.6,1.8,1.8,1.8,1.8,1.0,0.0,20.0,1.0,0.6,0.6,-3.1,-3.1,-3.1,-3.1,1.0,0.0,20.0,1.0,0.6,0.6,941.0,941.0,941.0,941.0,1.0,0.0,20.0,1.0,0.6,0.6,940.0,940.0,940.0,940.0,1.0,0.0,20.0,1.0,0.6,0.6
1974,2,66.0,-40.0,20.0,20.0,20.0,20.0,1.0,0.0,20.0,1.0,0.7,0.3,21.2,21.2,21.2,21.2,1.0,0.0,20.0,1.0,0.7,0.3,13.99,13.99,13.99,13.99,1.0,0.0,20.0,1.0,0.7,0.3,88.9,88.9,88.9,88.9,1.0,0.0,20.0,1.0,0.3,13.9,13.9,13.9,13.9,1.0,0.0,20.0,1.0,0.7,0.3,4.75,4.75,4.75,4.75,1.0,0.0,20.0,1.0,0.7,0.3,-13.06,-13.06,-13.06,-13.06,1.0,0.0,20.0,1.0,0.7,0.3,1008.0,1008.0,1008.0,1008.0,1.0,0.0,20.0,1.0,0.7,0.3,,,,,,,,,,,,,,,,,,,,,,,,,,,,,,,-1.2,-1.2,-1.2,-1.2,1.0,0.0,20.0,1.0,0.7,0.3,-16.7,-16.7,-16.7,-16.7,1.0,0.0,20.0,1.0,0.7,0.3,0.63,0.63,0.63,0.63,1.0,0.0,20.0,1.0,0.7,0.3,8.7,8.7,8.7,8.7,1.0,0.0,20.0,1.0,0.7,0.3,100.8,100.8,100.8,100.8,1.0,0.0,20.0,1.0,0.7,0.3,-276.9,-276.9,-276.9,-276.9,1.0,0.0,20.0,1.0,0.7,0.3,66.5,66.5,66.5,66.5,1.0,0.0,20.0,1.0,0.7,0.3,-182.7,-182.7,-182.7,-182.7,1.0,0.0,20.0,1.0,0.7,0.3,3.0,3.0,3.0,3.0,1.0,0.0,20.0,1.0,0.7,0.3,-8.2,-8.2,-8.2,-8.2,1.0,0.0,20.0,1.0,0.7,0.3,2685.5,2685.5,2685.5,2685.5,1.0,0.0,20.0,1.0,0.7,0.3,2685.0,2685.0,2685.0,2685.0,1.0,0.0,20.0,1.0,0.7,0.3
1974,2,66.0,-39.0,,,,,,,,,,,,,,,,,,,,,,,,,,,,,,,,,,,,,,,,12.9,12.9,12.9,12.9,1.0,0.0,20.0,1.0,0.0,0.5,8.29,8.29,8.29,8.29,1.0,0.0,20.0,1.0,0.0,0.5,-9.88,-9.88,-9.88,-9.88,1.0,0.0,20.0,1.0,0.0,0.5,1008.2,1008.2,1008.2,1008.2,1.0,0.0,20.0,1.0,0.0,0.5,6.0,6.0,6.0,6.0,1.0,0.0,20.0,1.0,0.0,0.5,107.0,107.0,107.0,107.0,1.0,0.0,20.0,1.0,0.0,0.5,-127.5,-127.5,-127.5,-127.5,1.0,0.0,20.0,1.0,0.0,0.5,,,,,,,,,,,,,,,,,,,,,,,,,,,,,,,,,,,,,,,,,184.1,184.1,184.1,184.1,1.0,0.0,20.0,1.0,0.0,0.5,-219.4,-219.4,-219.4,-219.4,1.0,0.0,20.0,1.0,0.0,0.5,126.6,126.6,126.6,126.6,1.0,0.0,20.0,1.0,0.0,0.5,-150.9,-150.9,-150.9,-150.9,1.0,0.0,20.0,1.0,0.0,0.5,,,,,,,,,,,,,,,,,,,,,,,,,,,,,,,,,,,,,,,,
1974,2,66.0,-33.0,23.16,23.5,24.87,24.0,3.0,1.32,4.0,0.3,0.3,0.8,22.36,22.5,24.34,23.33,3.0,1.62,4.0,0.3,0.3,0.8,11.99,12.24,12.65,12.32,3.0,0.49,4.0,0.3,0.3,0.8,67.0,71.1,73.2,70.2,3.0,4.6,4.0,0.3,0.8,5.77,7.2,7.75,6.77,3.0,1.5,4.0,0.3,0.3,0.8,-6.48,-5.52,-5.18,-5.82,3.0,0.99,4.0,0.3,0.3,0.8,-4.43,-4.0,-1.87,-3.17,3.0,2.0,4.0,0.3,0.3,0.8,1025.29,1027.0,1027.68,1026.5,3.0,1.8,4.0,0.3,0.3,0.8,2.6,4.0,4.7,3.7,3.0,1.5,4.0,0.3,0.3,0.8,-50.4,-39.7,-30.1,-40.3,3.0,14.9,4.0,0.3,0.3,0.8,-32.9,-32.0,-13.2,-23.3,3.0,16.3,4.0,0.3,0.3,0.8,0.36,0.5,0.98,0.67,3.0,0.47,4.0,0.3,0.3,0.8,2.2,3.6,7.7,4.9,3.0,4.2,4.0,0.3,0.3,0.8,5.45,5.55,6.75,6.09,3.0,1.06,4.0,0.3,0.3,0.8,37.8,38.9,42.7,40.2,3.0,3.7,4.0,0.3,0.3,0.8,-145.6,-126.6,-124.9,-135.1,3.0,16.9,4.0,0.3,0.3,0.8,-99.4,-89.2,-43.5,-71.9,3.0,43.6,4.0,0.3,0.3,0.8,-78.7,-65.5,-64.8,-71.6,3.0,11.5,4.0,0.3,0.3,0.8,-53.0,-49.0,-23.3,-38.4,3.0,23.6,4.0,0.3,0.3,0.8,-37.9,-36.7,-32.0,-35.0,3.0,4.6,4.0,0.3,0.3,0.8,-24.1,-22.2,-11.5,-17.9,3.0,10.0,4.0,0.3,0.3,0.8,209.0,373.0,468.0,339.5,3.0,192.0,4.0,0.3,0.3,0.8,210.0,375.0,470.0,340.0,3.0,190.0,4.0,0.3,0.3,0.8
1974,2,66.0,-32.0,23.5,23.75,24.16,23.83,4.0,0.39,12.0,0.5,0.3,0.3,21.82,23.0,23.5,22.68,4.0,1.09,12.0,0.5,0.3,0.3,11.7,12.29,12.54,12.13,4.0,0.61,12.0,0.5,0.3,0.3,66.2,72.6,77.1,71.7,4.0,6.8,12.0,0.5,0.3,4.31,6.9,9.01,6.68,4.0,2.76,12.0,0.5,0.3,0.3,-7.46,-2.8,0.65,-3.38,4.0,4.86,12.0,0.5,0.3,0.3,-2.54,1.74,5.92,1.69,4.0,4.93,12.0,0.5,0.3,0.3,1020.48,1021.0,1022.99,1021.7,4.0,2.12,12.0,0.5,0.3,0.3,3.0,3.0,4.4,3.7,3.0,1.2,14.0,0.3,0.3,0.3,-67.8,-24.3,2.3,-32.3,4.0,42.6,12.0,0.5,0.3,0.3,-13.7,6.9,42.8,14.2,4.0,34.7,12.0,0.5,0.3,0.3,0.24,0.75,2.1,1.15,4.0,1.36,12.0,0.5,0.3,0.3,2.1,6.8,10.3,6.2,4.0,5.0,12.0,0.5,0.3,0.3,5.33,6.08,6.93,6.13,4.0,0.95,12.0,0.5,0.3,0.3,25.9,38.1,55.7,40.7,4.0,18.0,12.0,0.5,0.3,0.3,-170.5,-65.7,13.7,-77.8,4.0,109.8,12.0,0.5,0.3,0.3,-54.9,41.8,139.1,42.1,4.0,112.9,12.0,0.5,0.3,0.3,-90.8,-31.5,7.9,-41.0,4.0,60.4,12.0,0.5,0.3,0.3,-31.3,21.4,69.5,19.2,4.0,58.6,12.0,0.5,0.3,0.3,-44.0,-20.1,4.3,-19.9,4.0,28.0,12.0,0.5,0.3,0.3,-15.8,9.9,38.5,11.3,4.0,32.4,12.0,0.5,0.3,0.3,87.5,395.5,735.0,410.5,4.0,377.0,12.0,0.5,0.3,0.3,90.0,395.0,735.0,410.0,4.0,375.0,12.0,0.5,0.3,0.3
1974,2,66.0,-31.0,23.66,24.0,25.02,24.33,3.0,1.04,16.0,0.3,0.4,0.5,23.18,24.2,26.04,24.6,3.0,2.13,16.0,0.3,0.4,0.5,13.81,14.57,14.91,14.37,3.0,0.82,16.0,0.3,0.4,0.5,69.9,72.3,81.5,75.6,3.0,9.0,16.0,0.3,0.5,6.68,7.7,8.04,7.37,3.0,1.04,16.0,0.3,0.4,0.5,-7.45,-5.83,-2.76,-5.12,3.0,3.49,16.0,0.3,0.4,0.5,-5.85,-2.12,-0.67,-3.23,3.0,3.91,16.0,0.3,0.4,0.5,1021.56,1021.7,1022.93,1022.23,3.0,1.1,16.0,0.3,0.4,0.5,2.3,5.0,5.0,3.7,3.0,2.3,16.0,0.3,0.4,0.5,-57.4,-36.1,-18.5,-37.9,3.0,28.5,16.0,0.3,0.4,0.5,-44.0,-13.1,-4.2,-23.8,3.0,30.6,16.0,0.3,0.4,0.5,-1.02,-0.2,0.48,-0.27,3.0,1.1,16.0,0.3,0.4,0.5,-6.4,-1.5,4.0,-1.2,3.0,7.6,16.0,0.3,0.4,0.5,3.83,5.0,5.1,4.48,3.0,1.03,16.0,0.3,0.4,0.5,28.6,31.9,36.4,32.5,3.0,5.8,16.0,0.3,0.4,0.5,-176.8,-156.7,-71.8,-125.1,3.0,81.6,16.0,0.3,0.4,0.5,-143.4,-57.0,-18.1,-80.2,3.0,93.9,16.0,0.3,0.4,0.5,-109.4,-87.8,-40.1,-75.1,3.0,51.9,16.0,0.3,0.4,0.5,-79.8,-31.9,-10.1,-44.7,3.0,52.2,16.0,0.3,0.4,0.5,-29.0,-27.0,-13.1,-21.2,3.0,12.7,16.0,0.3,0.4,0.5,-29.3,-10.9,-3.5,-16.3,3.0,19.5,16.0,0.3,0.4,0.5,307.5,456.5,521.5,415.5,3.0,160.5,16.0,0.3,0.4,0.5,310.0,455.0,520.0,415.0,3.0,160.0,16.0,0.3,0.4,0.5
1974,2,66.0,-28.0,24.76,25.1,25.44,25.1,2.0,0.71,10.0,0.5,0.3,0.9,24.03,24.1,24.17,24.1,2.0,0.14,10.0,0.5,0.3,0.9,13.81,14.45,15.09,14.45,2.0,1.33,10.0,0.5,0.3,0.9,75.0,78.0,80.9,78.0,2.0,6.2,10.0,0.5,0.9,8.19,9.25,10.31,9.25,2.0,2.19,10.0,0.5,0.3,0.9,-10.01,-8.65,-7.3,-8.65,2.0,2.81,10.0,0.5,0.3,0.9,-2.94,-0.99,0.97,-0.99,2.0,4.05,10.0,0.5,0.3,0.9,1019.99,1021.7,1023.41,1021.7,2.0,3.54,10.0,0.5,0.3,0.9,4.0,4.0,4.0,4.0,1.0,0.0,18.0,1.0,0.3,0.8,-104.8,-83.1,-61.4,-83.1,2.0,44.9,10.0,0.5,0.3,0.9,-21.7,-4.7,12.3,-4.7,2.0,35.3,10.0,0.5,0.3,0.9,0.73,1.0,1.27,1.0,2.0,0.57,10.0,0.5,0.3,0.9,7.2,8.6,10.1,8.6,2.0,3.0,10.0,0.5,0.3,0.9,5.09,5.29,5.49,5.29,2.0,0.41,10.0,0.5,0.3,0.9,41.9,49.4,56.8,49.4,2.0,15.4,10.0,0.5,0.3,0.9,-240.4,-208.3,-176.3,-208.3,2.0,66.4,10.0,0.5,0.3,0.9,-71.2,-24.1,23.1,-24.1,2.0,97.7,10.0,0.5,0.3,0.9,-137.2,-123.1,-109.1,-123.1,2.0,29.1,10.0,0.5,0.3,0.9,-45.8,-16.9,11.9,-16.9,2.0,59.8,10.0,0.5,0.3,0.9,-55.2,-46.3,-37.4,-46.3,2.0,18.4,10.0,0.5,0.3,0.9,-14.5,-4.4,5.8,-4.4,2.0,21.0,10.0,0.5,0.3,0.9,584.0,858.0,1132.0,858.0,2.0,568.0,10.0,0.5,0.3,0.9,585.0,860.0,1130.0,860.0,2.0,570.0,10.0,0.5,0.3,0.9
1974,2,66.0,-27.0,24.33,24.6,24.87,24.6,2.0,0.57,6.0,0.5,0.5,0.1,23.58,23.75,23.92,23.75,2.0,0.35,6.0,0.5,0.5,0.1,14.41,14.7,14.99,14.7,2.0,0.6,6.0,0.5,0.5,0.1,78.5,80.8,83.2,80.8,2.0,4.9,6.0,0.5,0.1,4.93,5.65,6.37,5.65,2.0,1.48,6.0,0.5,0.5,0.1,-6.36,-5.62,-4.87,-5.62,2.0,1.53,6.0,0.5,0.5,0.1,0.13,0.4,0.67,0.4,2.0,0.56,6.0,0.5,0.5,0.1,1017.79,1018.4,1019.01,1018.4,2.0,1.27,6.0,0.5,0.5,0.1,4.5,5.5,6.5,5.5,2.0,2.1,6.0,0.5,0.5,0.1,-41.1,-32.9,-24.7,-32.9,2.0,17.0,6.0,0.5,0.5,0.1,0.6,1.8,3.1,1.8,2.0,2.6,6.0,0.5,0.5,0.1,0.75,0.85,0.95,0.85,2.0,0.21,6.0,0.5,0.5,0.1,3.8,5.0,6.1,5.0,2.0,2.5,6.0,0.5,0.5,0.1,3.91,4.51,5.1,4.51,2.0,1.24,6.0,0.5,0.5,0.1,19.8,26.4,33.0,26.4,2.0,13.7,6.0,0.5,0.5,0.1,-152.2,-133.6,-115.1,-133.6,2.0,38.4,6.0,0.5,0.5,0.1,3.0,9.4,15.8,9.4,2.0,13.3,6.0,0.5,0.5,0.1,-91.3,-82.1,-72.8,-82.1,2.0,19.2,6.0,0.5,0.5,0.1,1.9,6.0,10.2,6.0,2.0,8.5,6.0,0.5,0.5,0.1,-32.9,-26.2,-19.6,-26.2,2.0,13.9,6.0,0.5,0.5,0.1,0.5,1.5,2.4,1.5,2.0,2.1,6.0,0.5,0.5,0.1,129.5,199.0,268.5,199.0,2.0,144.0,6.0,0.5,0.5,0.1,130.0,200.0,270.0,200.0,2.0,145.0,6.0,0.5,0.5,0.1
1974,2,66.0,-26.0,,,,,,,,,,,,,,,,,,,,,,,,,,,,,,,,,,,,,,,,6.2,6.2,6.2,6.2,1.0,0.0,12.0,0.0,0.2,1.0,-6.11,-6.11,-6.11,-6.11,1.0,0.0,12.0,0.0,0.2,1.0,1.08,1.08,1.08,1.08,1.0,0.0,12.0,0.0,0.2,1.0,1018.0,1018.0,1018.0,1018.0,1.0,0.0,12.0,0.0,0.2,1.0,4.0,4.0,4.0,4.0,1.0,0.0,12.0,0.0,0.2,1.0,-37.9,-37.9,-37.9,-37.9,1.0,0.0,12.0,0.0,0.2,1.0,6.7,6.7,6.7,6.7,1.0,0.0,12.0,0.0,0.2,1.0,,,,,,,,,,,,,,,,,,,,,,,,,,,,,,,,,,,,,,,,,-143.5,-143.5,-143.5,-143.5,1.0,0.0,12.0,0.0,0.2,1.0,25.3,25.3,25.3,25.3,1.0,0.0,12.0,0.0,0.2,1.0,-87.8,-87.8,-87.8,-87.8,1.0,0.0,12.0,0.0,0.2,1.0,15.5,15.5,15.5,15.5,1.0,0.0,12.0,0.0,0.2,1.0,,,,,,,,,,,,,,,,,,,,,,,,,,,,,,,,,,,,,,,,
1974,2,66.0,-21.0,25.64,26.6,27.56,26.6,2.0,1.98,16.0,0.5,0.6,0.6,24.77,25.35,25.93,25.35,2.0,1.2,16.0,0.5,0.6,0.6,16.2,16.2,16.2,16.2,1.0,0.0,8.0,0.0,0.6,0.4,84.4,84.4,84.4,84.4,1.0,0.0,8.0,0.0,0.4,8.37,9.15,9.93,9.15,2.0,1.63,16.0,0.5,0.6,0.6,-9.12,-7.9,-6.69,-7.9,2.0,2.51,16.0,0.5,0.6,0.6,3.78,4.33,4.89,4.33,2.0,1.15,16.0,0.5,0.6,0.6,1011.24,1011.75,1012.26,1011.75,2.0,1.06,16.0,0.5,0.6,0.6,5.5,6.5,7.5,6.5,2.0,2.1,16.0,0.5,0.6,0.6,-91.7,-74.4,-57.1,-74.4,2.0,35.8,16.0,0.5,0.6,0.6,37.1,38.7,40.4,38.7,2.0,3.4,16.0,0.5,0.6,0.6,0.87,1.25,1.63,1.25,2.0,0.78,16.0,0.5,0.6,0.6,8.4,10.8,13.3,10.8,2.0,5.1,16.0,0.5,0.6,0.6,3.86,3.86,3.86,3.86,1.0,0.0,8.0,0.0,0.6,0.4,39.8,39.8,39.8,39.8,1.0,0.0,8.0,0.0,0.6,0.4,-225.0,-198.8,-172.7,-198.8,2.0,54.1,16.0,0.5,0.6,0.6,94.0,110.5,127.0,110.5,2.0,34.2,16.0,0.5,0.6,0.6,-156.8,-156.8,-156.8,-156.8,1.0,0.0,8.0,0.0,0.6,0.4,57.1,57.1,57.1,57.1,1.0,0.0,8.0,0.0,0.6,0.4,-37.4,-37.4,-37.4,-37.4,1.0,0.0,8.0,0.0,0.6,0.4,13.6,13.6,13.6,13.6,1.0,0.0,8.0,0.0,0.6,0.4,604.0,802.5,1000.5,802.5,2.0,410.5,16.0,0.5,0.6,0.6,605.0,800.0,1000.0,800.0,2.0,410.0,16.0,0.5,0.6,0.6
1974,2,66.0,-20.0,25.2,25.2,25.2,25.2,1.0,0.0,12.0,0.0,0.5,0.8,24.5,24.5,24.5,24.5,1.0,0.0,12.0,0.0,0.5,0.8,16.76,16.76,16.76,16.76,1.0,0.0,12.0,0.0,0.5,0.8,87.6,87.6,87.6,87.6,1.0,0.0,12.0,0.0,0.8,3.34,3.85,4.36,3.85,2.0,1.06,16.0,0.0,0.4,0.8,-2.86,-0.44,1.98,-0.44,2.0,5.01,16.0,0.0,0.4,0.8,0.37,1.15,1.93,1.15,2.0,1.63,16.0,0.0,0.4,0.8,1014.1,1014.3,1014.5,1014.3,2.0,0.42,16.0,0.0,0.4,0.8,1.3,2.0,2.7,2.0,2.0,1.4,16.0,0.0,0.4,0.8,-13.9,-4.4,5.2,-4.4,2.0,19.8,16.0,0.0,0.4,0.8,1.7,5.3,8.9,5.3,2.0,7.5,16.0,0.0,0.4,0.8,0.7,0.7,0.7,0.7,1.0,0.0,12.0,0.0,0.5,0.8,3.2,3.2,3.2,3.2,1.0,0.0,12.0,0.0,0.5,0.8,3.24,3.24,3.24,3.24,1.0,0.0,12.0,0.0,0.5,0.8,14.9,14.9,14.9,14.9,1.0,0.0,12.0,0.0,0.5,0.8,-97.6,-97.6,-97.6,-97.6,1.0,0.0,12.0,0.0,0.5,0.8,56.4,56.4,56.4,56.4,1.0,0.0,12.0,0.0,0.5,0.8,-66.8,-66.8,-66.8,-66.8,1.0,0.0,12.0,0.0,0.5,0.8,38.5,38.5,38.5,38.5,1.0,0.0,12.0,0.0,0.5,0.8,-12.9,-12.9,-12.9,-12.9,1.0,0.0,12.0,0.0,0.5,0.8,7.4,7.4,7.4,7.4,1.0,0.0,12.0,0.0,0.5,0.8,40.5,63.5,86.5,63.5,2.0,48.0,16.0,0.0,0.4,0.8,40.0,65.0,85.0,65.0,2.0,50.0,16.0,0.0,0.4,0.8
1974,2,66.0,-18.0,26.3,26.5,28.21,27.23,3.0,1.54,12.0,1.0,0.7,0.8,26.53,26.6,28.24,27.37,3.0,1.42,12.0,1.0,0.7,0.8,14.23,14.97,16.85,15.53,3.0,1.98,12.0,1.0,0.7,0.8,65.5,69.2,70.1,67.8,3.0,3.5,12.0,1.0,0.8,8.14,12.3,12.3,10.27,3.0,3.52,12.0,1.0,0.7,0.8,-11.56,-11.56,-3.67,-7.71,3.0,6.67,12.0,1.0,0.7,0.8,4.21,4.21,5.57,4.87,3.0,1.15,12.0,1.0,0.7,0.8,1007.57,1008.8,1009.14,1008.37,3.0,1.21,12.0,1.0,0.7,0.8,5.0,5.0,5.0,5.0,3.0,0.0,12.0,1.0,0.7,0.8,-142.2,-142.2,-45.1,-94.8,3.0,82.1,12.0,1.0,0.7,0.8,42.7,51.7,51.7,47.3,3.0,7.7,12.0,1.0,0.7,0.8,-0.24,-0.1,-0.03,-0.13,3.0,0.15,12.0,1.0,0.7,0.8,-2.9,-1.2,-0.4,-1.6,3.0,1.9,12.0,1.0,0.7,0.8,6.74,7.53,7.74,7.25,3.0,0.77,12.0,1.0,0.7,0.8,56.7,78.4,90.7,73.8,3.0,25.2,12.0,1.0,0.7,0.8,-307.1,-306.3,-97.2,-204.6,3.0,177.2,12.0,1.0,0.7,0.8,111.6,111.9,158.2,134.4,3.0,39.3,12.0,1.0,0.7,0.8,-169.1,-160.5,-50.9,-111.2,3.0,96.5,12.0,1.0,0.7,0.8,59.9,63.0,95.0,77.1,3.0,28.5,12.0,1.0,0.7,0.8,-85.2,-73.7,-23.4,-54.8,3.0,48.2,12.0,1.0,0.7,0.8,28.8,33.0,42.3,35.5,3.0,10.2,12.0,1.0,0.7,0.8,753.5,1861.0,1861.0,1320.0,3.0,937.0,12.0,1.0,0.7,0.8,755.0,1860.0,1860.0,1320.0,3.0,935.0,12.0,1.0,0.7,0.8
1974,2,66.0,-17.0,25.55,25.65,25.75,25.65,2.0,0.21,22.0,0.0,0.5,0.6,26.2,26.2,26.2,26.2,2.0,0.0,22.0,0.0,0.5,0.6,17.08,17.95,18.81,17.95,2.0,1.79,22.0,0.0,0.5,0.6,80.5,84.5,88.5,84.5,2.0,8.3,22.0,0.0,0.6,10.3,10.3,10.3,10.3,1.0,0.0,24.0,0.0,0.6,0.2,-5.15,-5.15,-5.15,-5.15,1.0,0.0,24.0,0.0,0.6,0.2,8.92,8.92,8.92,8.92,1.0,0.0,24.0,0.0,0.6,0.2,1011.57,1011.95,1012.33,1011.95,2.0,0.78,22.0,0.0,0.5,0.6,2.0,2.0,2.0,2.0,2.0,0.0,22.0,0.0,0.5,0.6,-53.0,-53.0,-53.0,-53.0,1.0,0.0,24.0,0.0,0.6,0.2,91.9,91.9,91.9,91.9,1.0,0.0,24.0,0.0,0.6,0.2,-0.65,-0.55,-0.45,-0.55,2.0,0.21,22.0,0.0,0.5,0.6,-4.1,-4.1,-4.1,-4.1,1.0,0.0,24.0,0.0,0.6,0.2,1.91,2.64,3.37,2.64,2.0,1.52,22.0,0.0,0.5,0.6,16.2,16.2,16.2,16.2,1.0,0.0,24.0,0.0,0.6,0.2,-134.9,-134.9,-134.9,-134.9,1.0,0.0,24.0,0.0,0.6,0.2,233.7,233.7,233.7,233.7,1.0,0.0,24.0,0.0,0.6,0.2,-99.0,-99.0,-99.0,-99.0,1.0,0.0,24.0,0.0,0.6,0.2,171.4,171.4,171.4,171.4,1.0,0.0,24.0,0.0,0.6,0.2,-8.1,-8.1,-8.1,-8.1,1.0,0.0,24.0,0.0,0.6,0.2,14.0,14.0,14.0,14.0,1.0,0.0,24.0,0.0,0.6,0.2,1092.5,1092.5,1092.5,1092.5,1.0,0.0,24.0,0.0,0.6,0.2,1095.0,1095.0,1095.0,1095.0,1.0,0.0,24.0,0.0,0.6,0.2
1974,2,66.0,-16.0,26.4,27.0,27.88,27.08,6.0,0.81,12.0,0.2,0.4,0.7,25.76,26.0,26.35,26.13,6.0,0.83,12.0,0.2,0.4,0.7,17.2,17.65,18.17,17.69,3.0,0.71,10.0,0.0,0.3,0.7,79.5,82.6,86.2,82.9,4.0,4.3,12.0,0.0,0.8,4.85,5.1,6.75,5.72,5.0,1.26,12.0,0.0,0.4,0.8,-5.52,-3.83,-2.86,-4.2,5.0,1.91,12.0,0.0,0.4,0.8,1.96,3.21,4.61,3.28,5.0,1.83,12.0,0.0,0.4,0.8,1011.26,1012.5,1014.06,1012.66,5.0,1.47,12.0,0.2,0.3,0.7,1.0,2.5,5.2,3.0,6.0,2.3,12.0,0.2,0.4,0.7,-33.6,-19.2,-15.4,-25.1,5.0,17.3,12.0,0.0,0.4,0.8,11.5,19.9,26.1,19.2,5.0,11.6,12.0,0.0,0.4,0.8,-0.14,1.2,1.88,0.95,6.0,1.16,12.0,0.2,0.4,0.7,1.8,9.0,11.2,6.8,5.0,5.1,12.0,0.0,0.4,0.8,3.5,4.02,5.6,4.54,3.0,1.6,10.0,0.0,0.3,0.7,20.1,31.0,31.9,26.1,3.0,9.6,10.0,0.0,0.3,0.7,-143.2,-96.5,-74.2,-108.5,5.0,49.9,12.0,0.0,0.4,0.8,51.0,81.0,119.8,84.6,5.0,47.7,12.0,0.0,0.4,0.8,-110.4,-83.4,-66.0,-88.1,3.0,32.8,10.0,0.0,0.3,0.7,24.2,44.7,61.3,42.8,3.0,27.2,10.0,0.0,0.3,0.7,-26.5,-20.8,-16.7,-21.6,3.0,7.2,10.0,0.0,0.3,0.7,5.1,10.6,20.3,12.7,3.0,11.2,10.0,0.0,0.3,0.7,115.0,132.5,318.0,210.0,5.0,148.0,12.0,0.0,0.4,0.8,115.0,135.0,320.0,210.0,5.0,150.0,12.0,0.0,0.4,0.8
1974,2,66.0,-15.0,27.0,27.5,28.4,27.69,20.0,0.87,18.0,0.5,0.4,0.5,25.52,26.6,28.34,26.76,21.0,1.35,16.0,0.5,0.4,0.5,16.52,17.86,18.69,17.63,14.0,1.05,16.0,0.5,0.3,0.5,77.5,82.0,88.2,82.9,14.0,6.2,16.0,0.5,0.5,4.27,5.4,8.87,6.16,22.0,2.21,16.0,0.5,0.4,0.5,-6.98,-4.51,-0.66,-3.96,22.0,3.53,16.0,0.5,0.4,0.5,0.89,2.51,5.09,2.77,22.0,2.78,16.0,0.5,0.4,0.5,1007.93,1010.65,1013.07,1010.45,22.0,2.31,16.0,0.5,0.4,0.5,1.3,3.0,5.7,3.3,22.0,2.0,16.0,0.5,0.4,0.5,-50.4,-24.1,-2.1,-29.4,22.0,28.9,16.0,0.5,0.4,0.5,4.5,11.3,44.4,20.4,22.0,24.6,16.0,0.5,0.4,0.5,-0.24,1.0,2.5,1.02,19.0,1.4,18.0,0.5,0.4,0.5,-1.9,7.8,12.8,5.6,19.0,8.7,18.0,0.5,0.4,0.5,4.41,5.65,7.04,5.47,13.0,1.7,16.0,0.5,0.4,0.5,20.8,29.0,46.0,31.9,13.0,15.9,16.0,0.5,0.4,0.5,-198.4,-120.5,-55.4,-112.5,21.0,93.5,16.0,0.5,0.4,0.5,24.5,64.1,147.3,74.6,21.0,79.4,16.0,0.5,0.4,0.5,-122.4,-75.1,33.4,-63.8,14.0,70.4,16.0,0.5,0.3,0.5,16.0,43.2,63.9,36.4,14.0,44.7,16.0,0.5,0.3,0.5,-40.5,-19.8,14.4,-18.7,13.0,26.4,16.0,0.5,0.4,0.5,4.9,11.5,22.3,10.9,13.0,12.3,16.0,0.5,0.4,0.5,78.5,159.0,707.0,324.5,22.0,323.5,16.0,0.5,0.4,0.5,80.0,160.0,705.0,325.0,22.0,325.0,16.0,0.5,0.4,0.5
1974,2,66.0,-14.0,26.8,27.2,29.0,27.69,7.0,0.99,14.0,0.6,0.6,0.3,25.88,26.7,27.5,26.67,7.0,0.78,14.0,0.6,0.6,0.3,17.1,17.49,18.09,17.55,7.0,0.65,14.0,0.6,0.6,0.3,74.9,81.2,85.3,80.5,7.0,5.7,14.0,0.6,0.3,2.6,5.1,7.25,5.36,7.0,2.18,14.0,0.6,0.6,0.3,-6.83,-4.79,-2.33,-4.2,7.0,2.76,14.0,0.6,0.6,0.3,-0.91,1.74,2.67,1.41,7.0,2.77,14.0,0.6,0.6,0.3,1008.75,1010.8,1014.0,1011.07,7.0,2.49,14.0,0.6,0.6,0.3,0.8,6.5,8.0,5.0,6.0,3.6,14.0,0.5,0.6,0.3,-49.6,-24.4,-6.0,-25.3,7.0,24.4,14.0,0.6,0.6,0.3,-2.8,8.9,19.0,9.3,7.0,18.4,14.0,0.6,0.6,0.3,0.27,0.5,2.07,1.01,7.0,1.31,14.0,0.6,0.6,0.3,0.9,3.6,13.6,5.9,7.0,7.0,14.0,0.6,0.6,0.3,4.77,6.13,7.06,5.75,7.0,1.31,14.0,0.6,0.6,0.3,15.8,30.0,46.8,30.6,7.0,13.8,14.0,0.6,0.6,0.3,-187.4,-122.2,-64.2,-111.7,7.0,73.7,14.0,0.6,0.6,0.3,-25.2,44.5,73.1,37.7,7.0,74.8,14.0,0.6,0.6,0.3,-118.2,-82.1,-38.5,-74.1,7.0,50.2,14.0,0.6,0.6,0.3,-15.3,29.9,46.2,25.1,7.0,49.8,14.0,0.6,0.6,0.3,-34.7,-23.1,-12.0,-22.6,7.0,14.8,14.0,0.6,0.6,0.3,-5.2,8.4,17.5,10.2,7.0,18.5,14.0,0.6,0.6,0.3,17.5,132.5,382.0,218.0,7.0,198.5,14.0,0.6,0.6,0.3,20.0,135.0,380.0,220.0,7.0,200.0,14.0,0.6,0.6,0.3
1974,2,66.0,-12.0,,,,,,,,,,,,,,,,,,,,,,,,,,,,,,,,,,,,,,,,5.1,5.1,5.1,5.1,1.0,0.0,26.0,0.0,0.0,0.4,-1.74,-1.74,-1.74,-1.74,1.0,0.0,26.0,0.0,0.0,0.4,4.79,4.79,4.79,4.79,1.0,0.0,26.0,0.0,0.0,0.4,1007.0,1007.0,1007.0,1007.0,1.0,0.0,26.0,0.0,0.0,0.4,,,,,,,,,,,,,,,,,,,,,,,,,,,,,,,,,,,,,,,,,,,,,,,,,,,,,,,,,,,,,,,,,,,,,,,,,,,,,,,,,,,,,,,,,,,,,,,,,,,,,,,,,,,,,,,,,,,,,,,,,,,,,,,,,,,,,,,,,,,,,,,,,,,,,,
1974,2,66.0,-11.0,27.07,27.85,28.63,27.85,2.0,1.63,10.0,1.0,0.1,0.3,28.22,28.7,29.18,28.7,2.0,0.99,10.0,1.0,0.1,0.3,17.42,18.37,19.32,18.37,2.0,1.97,10.0,1.0,0.1,0.3,72.5,74.4,76.3,74.4,2.0,4.0,10.0,1.0,0.3,0.41,1.3,2.19,1.3,2.0,1.84,10.0,1.0,0.1,0.3,-0.38,-0.23,-0.07,-0.23,2.0,0.32,10.0,1.0,0.1,0.3,0.41,1.28,2.15,1.28,2.0,1.81,10.0,1.0,0.1,0.3,1008.18,1010.3,1012.42,1010.3,2.0,4.38,10.0,1.0,0.1,0.3,3.6,5.0,6.4,5.0,2.0,2.8,10.0,1.0,0.1,0.3,-1.0,-0.6,-0.2,-0.6,2.0,0.8,10.0,1.0,0.1,0.3,1.1,3.3,5.6,3.3,2.0,4.7,10.0,1.0,0.1,0.3,-2.11,-0.85,0.41,-0.85,2.0,2.62,10.0,1.0,0.1,0.3,-5.9,-3.5,-1.1,-3.5,2.0,5.0,10.0,1.0,0.1,0.3,3.1,5.2,7.3,5.2,2.0,4.35,10.0,1.0,0.1,0.3,0.9,2.8,4.6,2.8,2.0,3.9,10.0,1.0,0.1,0.3,-11.2,-6.6,-2.1,-6.6,2.0,9.4,10.0,1.0,0.1,0.3,11.9,37.6,63.3,37.6,2.0,53.2,10.0,1.0,0.1,0.3,-7.5,-4.5,-1.4,-4.5,2.0,6.3,10.0,1.0,0.1,0.3,8.0,25.3,42.6,25.3,2.0,35.8,10.0,1.0,0.1,0.3,-0.8,-0.5,-0.2,-0.5,2.0,0.7,10.0,1.0,0.1,0.3,0.9,2.7,4.6,2.7,2.0,3.8,10.0,1.0,0.1,0.3,3.0,9.0,15.0,9.0,2.0,12.5,10.0,1.0,0.1,0.3,5.0,10.0,15.0,10.0,2.0,10.0,10.0,1.0,0.1,0.3
1974,2,66.0,-9.0,27.09,27.5,28.52,27.8,3.0,1.08,14.0,1.0,0.3,0.7,26.76,28.4,29.15,27.97,3.0,1.79,14.0,1.0,0.3,0.7,17.92,18.79,19.47,18.7,3.0,1.13,14.0,1.0,0.3,0.7,71.1,77.5,88.9,80.0,3.0,13.2,14.0,1.0,0.7,1.17,2.6,5.4,3.27,3.0,3.15,14.0,1.0,0.3,0.7,-1.93,-0.49,4.42,1.2,3.0,4.88,14.0,1.0,0.3,0.7,-0.06,0.0,0.0,-0.03,3.0,0.05,14.0,1.0,0.3,0.7,1010.45,1012.7,1012.84,1011.67,3.0,1.97,14.0,1.0,0.3,0.7,2.0,2.0,5.4,3.7,3.0,2.9,14.0,1.0,0.3,0.7,-4.7,-0.2,30.6,12.6,3.0,28.1,14.0,1.0,0.3,0.7,0.0,0.0,0.0,0.0,3.0,0.0,14.0,1.0,0.3,0.7,-1.84,-1.5,1.57,-0.17,3.0,2.75,14.0,1.0,0.3,0.7,-7.2,-1.0,5.0,-1.1,3.0,8.9,14.0,1.0,0.3,0.7,4.05,5.33,5.42,4.75,3.0,1.12,14.0,1.0,0.3,0.7,6.3,13.9,20.2,13.2,3.0,10.2,14.0,1.0,0.3,0.7,-50.8,-14.5,125.3,36.1,3.0,136.2,14.0,1.0,0.3,0.7,-1.7,0.0,0.0,-0.9,3.0,1.5,14.0,1.0,0.3,0.7,-37.8,-8.6,83.2,22.0,3.0,92.5,14.0,1.0,0.3,0.7,-1.0,0.0,0.0,-0.5,3.0,0.9,14.0,1.0,0.3,0.7,-10.3,-2.7,14.9,2.2,3.0,19.0,14.0,1.0,0.3,0.7,-0.3,0.0,0.0,-0.2,3.0,0.3,14.0,1.0,0.3,0.7,5.5,17.5,211.0,106.0,3.0,169.0,14.0,1.0,0.3,0.7,5.0,20.0,210.0,105.0,3.0,170.0,14.0,1.0,0.3,0.7
1974,2,66.0,-8.0,26.36,26.5,27.59,26.97,3.0,0.99,8.0,0.7,0.5,0.5,25.54,26.5,28.21,26.87,3.0,1.98,8.0,0.7,0.5,0.5,16.56,16.74,16.91,16.74,3.0,0.25,8.0,0.7,0.5,0.5,70.5,78.7,81.6,76.1,3.0,8.4,8.0,0.7,0.5,0.83,2.6,4.31,2.57,3.0,2.55,8.0,0.7,0.5,0.5,0.81,2.56,3.48,2.16,3.0,1.98,8.0,0.7,0.5,0.5,-0.31,0.0,2.24,0.94,3.0,2.04,8.0,0.7,0.5,0.5,1009.95,1012.0,1012.27,1011.13,3.0,1.86,8.0,0.7,0.5,0.5,1.3,2.0,6.1,3.7,3.0,3.8,8.0,0.7,0.5,0.5,2.1,6.7,15.7,8.9,3.0,10.1,8.0,0.7,0.5,0.5,-0.8,0.0,11.4,5.2,3.0,10.0,8.0,0.7,0.5,0.5,-0.61,0.0,0.82,0.1,3.0,1.05,8.0,0.7,0.5,0.5,0.0,0.0,2.1,1.0,3.0,1.8,8.0,0.7,0.5,0.5,4.75,4.92,6.45,5.58,3.0,1.37,8.0,0.7,0.5,0.5,4.1,12.8,20.3,12.2,3.0,11.9,8.0,0.7,0.5,0.5,20.4,64.3,91.1,55.9,3.0,52.3,8.0,0.7,0.5,0.5,-7.7,0.0,59.3,25.2,3.0,53.7,8.0,0.7,0.5,0.5,13.4,42.2,58.7,36.2,3.0,33.6,8.0,0.7,0.5,0.5,-5.1,0.0,38.0,16.1,3.0,34.5,8.0,0.7,0.5,0.5,4.0,12.6,16.4,10.3,3.0,9.3,8.0,0.7,0.5,0.5,-1.5,0.0,10.4,4.4,3.0,9.5,8.0,0.7,0.5,0.5,5.5,17.5,96.0,50.0,3.0,72.0,8.0,0.7,0.5,0.5,5.0,20.0,95.0,50.0,3.0,70.0,8.0,0.7,0.5,0.5
1974,2,66.0,-6.0,28.5,28.5,28.5,28.5,1.0,0.0,18.0,1.0,0.9,0.7,27.5,27.5,27.5,27.5,1.0,0.0,18.0,1.0,0.9,0.7,18.38,18.38,18.38,18.38,1.0,0.0,18.0,1.0,0.9,0.7,80.3,80.3,80.3,80.3,1.0,0.0,18.0,1.0,0.7,1.0,1.0,1.0,1.0,1.0,0.0,18.0,1.0,0.9,0.7,0.0,0.0,0.0,0.0,1.0,0.0,18.0,1.0,0.9,0.7,1.0,1.0,1.0,1.0,1.0,0.0,18.0,1.0,0.9,0.7,1013.6,1013.6,1013.6,1013.6,1.0,0.0,18.0,1.0,0.9,0.7,4.0,4.0,4.0,4.0,1.0,0.0,18.0,1.0,0.9,0.7,0.0,0.0,0.0,0.0,1.0,0.0,18.0,1.0,0.9,0.7,1.0,1.0,1.0,1.0,1.0,0.0,18.0,1.0,0.9,0.7,1.0,1.0,1.0,1.0,1.0,0.0,18.0,1.0,0.9,0.7,1.0,1.0,1.0,1.0,1.0,0.0,18.0,1.0,0.9,0.7,5.98,5.98,5.98,5.98,1.0,0.0,18.0,1.0,0.9,0.7,6.0,6.0,6.0,6.0,1.0,0.0,18.0,1.0,0.9,0.7,0.0,0.0,0.0,0.0,1.0,0.0,18.0,1.0,0.9,0.7,27.5,27.5,27.5,27.5,1.0,0.0,18.0,1.0,0.9,0.7,0.0,0.0,0.0,0.0,1.0,0.0,18.0,1.0,0.9,0.7,18.4,18.4,18.4,18.4,1.0,0.0,18.0,1.0,0.9,0.7,0.0,0.0,0.0,0.0,1.0,0.0,18.0,1.0,0.9,0.7,6.0,6.0,6.0,6.0,1.0,0.0,18.0,1.0,0.9,0.7,1.0,1.0,1.0,1.0,1.0,0.0,18.0,1.0,0.9,0.7,0.0,0.0,0.0,0.0,1.0,0.0,18.0,1.0,0.9,0.7
1974,2,66.0,-5.0,27.2,27.2,27.2,27.2,1.0,0.0,18.0,0.0,0.7,0.7,26.3,26.5,28.14,27.2,3.0,1.48,14.0,0.3,0.6,0.5,17.94,18.78,19.61,18.78,2.0,1.72,14.0,0.0,0.6,0.7,83.1,87.4,91.7,87.4,2.0,8.9,14.0,0.0,0.7,1.3,4.1,4.78,3.07,3.0,2.7,14.0,0.3,0.6,0.5,-2.24,0.0,2.76,0.25,3.0,3.66,14.0,0.3,0.6,0.5,-2.89,-0.71,-0.23,-1.54,3.0,2.08,14.0,0.3,0.6,0.5,1008.8,1010.3,1011.39,1010.1,3.0,1.91,14.0,0.3,0.6,0.5,4.6,6.0,6.0,5.3,3.0,1.2,14.0,0.3,0.6,0.5,-11.4,0.0,11.3,-0.1,3.0,16.6,14.0,0.3,0.6,0.5,-14.5,-2.9,-0.9,-7.6,3.0,10.8,14.0,0.3,0.6,0.5,0.7,0.7,0.7,0.7,1.0,0.0,18.0,0.0,0.7,0.7,0.0,0.0,0.0,0.0,1.0,0.0,18.0,0.0,0.7,0.7,5.07,5.07,5.07,5.07,1.0,0.0,18.0,0.0,0.7,0.7,0.0,0.0,0.0,0.0,1.0,0.0,18.0,0.0,0.7,0.7,-58.6,0.0,79.7,10.3,3.0,101.7,14.0,0.3,0.6,0.5,-76.4,-20.6,-6.5,-41.0,3.0,54.1,14.0,0.3,0.6,0.5,-55.1,-32.8,-10.4,-32.8,2.0,46.3,14.0,0.0,0.6,0.7,-65.7,-39.1,-12.4,-39.1,2.0,55.2,14.0,0.0,0.6,0.7,0.0,0.0,0.0,0.0,1.0,0.0,18.0,0.0,0.7,0.7,0.0,0.0,0.0,0.0,1.0,0.0,18.0,0.0,0.7,0.7,22.0,69.0,112.5,67.0,3.0,66.5,14.0,0.3,0.6,0.5,20.0,70.0,110.0,65.0,3.0,65.0,14.0,0.3,0.6,0.5
1974,2,66.0,-4.0,26.8,26.8,26.8,26.8,1.0,0.0,22.0,0.0,0.9,0.8,26.2,26.2,26.2,26.2,1.0,0.0,22.0,0.0,0.9,0.8,18.33,18.33,18.33,18.33,1.0,0.0,22.0,0.0,0.9,0.8,86.1,86.1,86.1,86.1,1.0,0.0,22.0,0.0,0.8,4.6,4.6,4.6,4.6,1.0,0.0,22.0,0.0,0.9,0.8,3.98,3.98,3.98,3.98,1.0,0.0,22.0,0.0,0.9,0.8,-2.3,-2.3,-2.3,-2.3,1.0,0.0,22.0,0.0,0.9,0.8,1010.2,1010.2,1010.2,1010.2,1.0,0.0,22.0,0.0,0.9,0.8,8.0,8.0,8.0,8.0,1.0,0.0,22.0,0.0,0.9,0.8,18.3,18.3,18.3,18.3,1.0,0.0,22.0,0.0,0.9,0.8,-10.6,-10.6,-10.6,-10.6,1.0,0.0,22.0,0.0,0.9,0.8,0.6,0.6,0.6,0.6,1.0,0.0,22.0,0.0,0.9,0.8,2.8,2.8,2.8,2.8,1.0,0.0,22.0,0.0,0.9,0.8,3.77,3.77,3.77,3.77,1.0,0.0,22.0,0.0,0.9,0.8,17.3,17.3,17.3,17.3,1.0,0.0,22.0,0.0,0.9,0.8,104.4,104.4,104.4,104.4,1.0,0.0,22.0,0.0,0.9,0.8,-60.3,-60.3,-60.3,-60.3,1.0,0.0,22.0,0.0,0.9,0.8,73.0,73.0,73.0,73.0,1.0,0.0,22.0,0.0,0.9,0.8,-42.2,-42.2,-42.2,-42.2,1.0,0.0,22.0,0.0,0.9,0.8,15.0,15.0,15.0,15.0,1.0,0.0,22.0,0.0,0.9,0.8,-8.7,-8.7,-8.7,-8.7,1.0,0.0,22.0,0.0,0.9,0.8,97.5,97.5,97.5,97.5,1.0,0.0,22.0,0.0,0.9,0.8,95.0,95.0,95.0,95.0,1.0,0.0,22.0,0.0,0.9,0.8
1974,2,66.0,-3.0,27.8,27.8,27.8,27.8,1.0,0.0,26.0,1.0,0.6,0.6,30.0,30.0,30.0,30.0,1.0,0.0,26.0,1.0,0.6,0.6,17.57,17.57,17.57,17.57,1.0,0.0,26.0,1.0,0.6,0.6,66.2,66.2,66.2,66.2,1.0,0.0,26.0,1.0,0.6,6.2,6.2,6.2,6.2,1.0,0.0,26.0,1.0,0.6,0.6,0.0,0.0,0.0,0.0,1.0,0.0,26.0,1.0,0.6,0.6,-6.2,-6.2,-6.2,-6.2,1.0,0.0,26.0,1.0,0.6,0.6,1009.8,1009.8,1009.8,1009.8,1.0,0.0,26.0,1.0,0.6,0.6,1.0,1.0,1.0,1.0,1.0,0.0,26.0,1.0,0.6,0.6,0.0,0.0,0.0,0.0,1.0,0.0,26.0,1.0,0.6,0.6,-38.4,-38.4,-38.4,-38.4,1.0,0.0,26.0,1.0,0.6,0.6,-2.2,-2.2,-2.2,-2.2,1.0,0.0,26.0,1.0,0.6,0.6,-13.6,-13.6,-13.6,-13.6,1.0,0.0,26.0,1.0,0.6,0.6,5.89,5.89,5.89,5.89,1.0,0.0,26.0,1.0,0.6,0.6,36.5,36.5,36.5,36.5,1.0,0.0,26.0,1.0,0.6,0.6,0.0,0.0,0.0,0.0,1.0,0.0,26.0,1.0,0.6,0.6,-186.0,-186.0,-186.0,-186.0,1.0,0.0,26.0,1.0,0.6,0.6,0.0,0.0,0.0,0.0,1.0,0.0,26.0,1.0,0.6,0.6,-108.9,-108.9,-108.9,-108.9,1.0,0.0,26.0,1.0,0.6,0.6,0.0,0.0,0.0,0.0,1.0,0.0,26.0,1.0,0.6,0.6,-36.5,-36.5,-36.5,-36.5,1.0,0.0,26.0,1.0,0.6,0.6,238.5,238.5,238.5,238.5,1.0,0.0,26.0,1.0,0.6,0.6,240.0,240.0,240.0,240.0,1.0,0.0,26.0,1.0,0.6,0.6
1974,2,66.0,-2.0,28.9,28.9,28.9,28.9,1.0,0.0,20.0,1.0,0.8,0.5,27.4,27.4,27.4,27.4,1.0,0.0,20.0,1.0,0.8,0.5,16.28,16.28,16.28,16.28,1.0,0.0,20.0,1.0,0.8,0.5,71.5,71.5,71.5,71.5,1.0,0.0,20.0,1.0,0.5,3.1,3.1,3.1,3.1,1.0,0.0,20.0,1.0,0.8,0.5,2.68,2.68,2.68,2.68,1.0,0.0,20.0,1.0,0.8,0.5,-1.55,-1.55,-1.55,-1.55,1.0,0.0,20.0,1.0,0.8,0.5,1012.3,1012.3,1012.3,1012.3,1.0,0.0,20.0,1.0,0.8,0.5,4.0,4.0,4.0,4.0,1.0,0.0,20.0,1.0,0.8,0.5,8.3,8.3,8.3,8.3,1.0,0.0,20.0,1.0,0.8,0.5,-4.8,-4.8,-4.8,-4.8,1.0,0.0,20.0,1.0,0.8,0.5,1.5,1.5,1.5,1.5,1.0,0.0,20.0,1.0,0.8,0.5,4.7,4.7,4.7,4.7,1.0,0.0,20.0,1.0,0.8,0.5,8.7,8.7,8.7,8.7,1.0,0.0,20.0,1.0,0.8,0.5,27.0,27.0,27.0,27.0,1.0,0.0,20.0,1.0,0.8,0.5,73.6,73.6,73.6,73.6,1.0,0.0,20.0,1.0,0.8,0.5,-42.5,-42.5,-42.5,-42.5,1.0,0.0,20.0,1.0,0.8,0.5,43.7,43.7,43.7,43.7,1.0,0.0,20.0,1.0,0.8,0.5,-25.2,-25.2,-25.2,-25.2,1.0,0.0,20.0,1.0,0.8,0.5,23.3,23.3,23.3,23.3,1.0,0.0,20.0,1.0,0.8,0.5,-13.5,-13.5,-13.5,-13.5,1.0,0.0,20.0,1.0,0.8,0.5,30.0,30.0,30.0,30.0,1.0,0.0,20.0,1.0,0.8,0.5,30.0,30.0,30.0,30.0,1.0,0.0,20.0,1.0,0.8,0.5
1974,2,66.0,0.0,29.0,29.0,29.0,29.0,1.0,0.0,16.0,1.0,0.2,0.4,26.5,26.5,26.5,26.5,1.0,0.0,16.0,1.0,0.2,0.4,17.58,17.58,17.58,17.58,1.0,0.0,16.0,1.0,0.2,0.4,81.1,81.1,81.1,81.1,1.0,0.0,16.0,1.0,0.4,3.6,3.6,3.6,3.6,1.0,0.0,16.0,1.0,0.2,0.4,-2.76,-2.76,-2.76,-2.76,1.0,0.0,16.0,1.0,0.2,0.4,-2.31,-2.31,-2.31,-2.31,1.0,0.0,16.0,1.0,0.2,0.4,1008.8,1008.8,1008.8,1008.8,1.0,0.0,16.0,1.0,0.2,0.4,1.0,1.0,1.0,1.0,1.0,0.0,16.0,1.0,0.2,0.4,-9.9,-9.9,-9.9,-9.9,1.0,0.0,16.0,1.0,0.2,0.4,-8.3,-8.3,-8.3,-8.3,1.0,0.0,16.0,1.0,0.2,0.4,2.5,2.5,2.5,2.5,1.0,0.0,16.0,1.0,0.2,0.4,9.0,9.0,9.0,9.0,1.0,0.0,16.0,1.0,0.2,0.4,7.62,7.62,7.62,7.62,1.0,0.0,16.0,1.0,0.2,0.4,27.4,27.4,27.4,27.4,1.0,0.0,16.0,1.0,0.2,0.4,-73.1,-73.1,-73.1,-73.1,1.0,0.0,16.0,1.0,0.2,0.4,-61.3,-61.3,-61.3,-61.3,1.0,0.0,16.0,1.0,0.2,0.4,-48.5,-48.5,-48.5,-48.5,1.0,0.0,16.0,1.0,0.2,0.4,-40.7,-40.7,-40.7,-40.7,1.0,0.0,16.0,1.0,0.2,0.4,-21.0,-21.0,-21.0,-21.0,1.0,0.0,16.0,1.0,0.2,0.4,-17.6,-17.6,-17.6,-17.6,1.0,0.0,16.0,1.0,0.2,0.4,46.5,46.5,46.5,46.5,1.0,0.0,16.0,1.0,0.2,0.4,45.0,45.0,45.0,45.0,1.0,0.0,16.0,1.0,0.2,0.4
1974,2,66.0,2.0,27.9,27.9,28.12,28.0,7.0,0.24,24.0,0.3,0.4,0.3,27.18,27.4,29.56,28.06,7.0,1.45,24.0,0.3,0.4,0.3,17.22,17.55,17.66,17.44,7.0,0.38,24.0,0.3,0.4,0.3,67.7,76.9,78.4,73.9,7.0,7.0,24.0,0.3,0.3,5.91,6.0,7.06,6.21,7.0,1.24,24.0,0.3,0.4,0.3,-2.82,1.04,1.05,-0.12,7.0,1.94,24.0,0.3,0.4,0.3,-6.93,-5.91,-5.31,-5.96,7.0,1.15,24.0,0.3,0.4,0.3,1010.28,1011.0,1011.72,1011.06,7.0,0.83,24.0,0.3,0.4,0.3,1.0,5.0,5.0,3.4,7.0,2.4,24.0,0.3,0.4,0.3,-19.4,6.3,6.4,-1.7,7.0,13.4,24.0,0.3,0.4,0.3,-49.0,-35.5,-32.5,-38.2,7.0,14.4,24.0,0.3,0.4,0.3,-1.08,0.5,0.72,-0.06,7.0,1.3,24.0,0.3,0.4,0.3,-6.9,3.0,4.2,-1.4,7.0,9.5,24.0,0.3,0.4,0.3,5.88,6.02,6.89,6.27,7.0,0.55,24.0,0.3,0.4,0.3,33.8,35.5,45.1,39.3,7.0,10.6,24.0,0.3,0.4,0.3,-86.4,28.3,28.8,-5.7,7.0,56.9,24.0,0.3,0.4,0.3,-191.2,-161.9,-156.0,-168.1,7.0,38.6,24.0,0.3,0.4,0.3,-47.2,18.3,18.7,-1.8,7.0,33.5,24.0,0.3,0.4,0.3,-119.4,-104.3,-93.1,-103.7,7.0,18.4,24.0,0.3,0.4,0.3,-20.1,5.9,6.2,-1.6,7.0,13.1,24.0,0.3,0.4,0.3,-44.3,-34.9,-33.2,-37.6,7.0,9.6,24.0,0.3,0.4,0.3,209.0,216.0,353.0,264.0,7.0,149.5,24.0,0.3,0.4,0.3,210.0,215.0,355.0,265.0,7.0,150.0,24.0,0.3,0.4,0.3
1974,2,66.0,3.0,,,,,,,,,,,,,,,,,,,,,,,,,,,,,,,,,,,,,,,,7.0,7.0,7.0,7.0,1.0,0.0,12.0,0.0,0.5,0.9,-5.36,-5.36,-5.36,-5.36,1.0,0.0,12.0,0.0,0.5,0.9,-4.5,-4.5,-4.5,-4.5,1.0,0.0,12.0,0.0,0.5,0.9,1011.8,1011.8,1011.8,1011.8,1.0,0.0,12.0,0.0,0.5,0.9,,,,,,,,,,,,,,,,,,,,,,,,,,,,,,,,,,,,,,,,,,,,,,,,,,,,,,,,,,,,,,,,,,,,,,,,,,,,,,,,,,,,,,,,,,,,,,,,,,,,,,,,,,,,,,,,,,,,,,,,,,,,,,,,,,,,,,,,,,,,,,,,,,,,,,
1974,2,66.0,6.0,,,,,,,,,,,,,,,,,,,,,,,,,,,,,,,,,,,,,,,,6.0,6.0,6.0,6.0,1.0,0.0,2.0,1.0,0.2,0.3,-3.86,-3.86,-3.86,-3.86,1.0,0.0,2.0,1.0,0.2,0.3,-4.6,-4.6,-4.6,-4.6,1.0,0.0,2.0,1.0,0.2,0.3,1011.1,1011.1,1011.1,1011.1,1.0,0.0,2.0,1.0,0.2,0.3,,,,,,,,,,,,,,,,,,,,,,,,,,,,,,,,,,,,,,,,,,,,,,,,,,,,,,,,,,,,,,,,,,,,,,,,,,,,,,,,,,,,,,,,,,,,,,,,,,,,,,,,,,,,,,,,,,,,,,,,,,,,,,,,,,,,,,,,,,,,,,,,,,,,,,
1974,2,66.0,8.0,28.07,28.45,28.83,28.45,2.0,0.78,12.0,0.5,0.5,0.7,25.31,26.2,27.09,26.2,2.0,1.84,12.0,0.5,0.5,0.7,17.57,17.57,17.57,17.57,1.0,0.0,22.0,1.0,0.3,0.6,76.5,76.5,76.5,76.5,1.0,0.0,22.0,1.0,0.6,2.17,2.55,2.93,2.55,2.0,0.78,12.0,0.5,0.5,0.7,-0.67,0.03,0.73,0.03,2.0,1.46,12.0,0.5,0.5,0.7,-2.73,-2.32,-1.92,-2.32,2.0,0.84,12.0,0.5,0.5,0.7,1009.94,1010.25,1010.56,1010.25,2.0,0.64,12.0,0.5,0.5,0.7,0.2,0.5,0.8,0.5,2.0,0.7,12.0,0.5,0.5,0.7,-1.2,0.6,2.4,0.6,2.0,3.7,12.0,0.5,0.5,0.7,-8.1,-6.2,-4.3,-6.2,2.0,3.9,12.0,0.5,0.5,0.7,0.99,2.25,3.51,2.25,2.0,2.62,12.0,0.5,0.5,0.7,2.3,4.7,7.1,4.7,2.0,4.9,12.0,0.5,0.5,0.7,6.03,6.03,6.03,6.03,1.0,0.0,22.0,1.0,0.3,0.6,18.7,18.7,18.7,18.7,1.0,0.0,22.0,1.0,0.3,0.6,-16.3,2.1,20.6,2.1,2.0,38.2,12.0,0.5,0.5,0.7,-74.2,-61.6,-49.0,-61.6,2.0,26.1,12.0,0.5,0.5,0.7,18.6,18.6,18.6,18.6,1.0,0.0,22.0,1.0,0.3,0.6,-51.2,-51.2,-51.2,-51.2,1.0,0.0,22.0,1.0,0.3,0.6,6.4,6.4,6.4,6.4,1.0,0.0,22.0,1.0,0.3,0.6,-17.6,-17.6,-17.6,-17.6,1.0,0.0,22.0,1.0,0.3,0.6,11.5,19.0,26.5,19.0,2.0,15.5,12.0,0.5,0.5,0.7,10.0,20.0,25.0,20.0,2.0,15.0,12.0,0.5,0.5,0.7
1974,2,66.0,9.0,26.13,27.5,28.87,27.5,2.0,2.83,18.0,1.0,0.6,0.3,26.45,27.25,28.37,27.4,4.0,1.13,24.0,0.5,0.5,0.2,16.46,17.84,17.92,17.21,3.0,1.2,24.0,0.3,0.4,0.2,72.9,73.6,80.1,76.4,3.0,5.8,24.0,0.3,0.2,4.58,5.9,7.49,6.03,4.0,1.8,20.0,0.5,0.4,0.3,-3.09,-2.68,-1.21,-2.18,4.0,1.49,20.0,0.5,0.4,0.3,-6.8,-5.11,-4.25,-5.51,4.0,1.64,20.0,0.5,0.4,0.3,1011.02,1012.8,1013.69,1012.42,5.0,1.96,22.0,0.6,0.4,0.3,1.6,2.0,3.0,2.2,5.0,0.8,22.0,0.6,0.4,0.3,-22.7,-17.7,-6.2,-14.6,4.0,10.8,20.0,0.5,0.4,0.3,-51.6,-30.7,-19.5,-35.3,4.0,20.8,20.0,0.5,0.4,0.3,0.8,0.8,0.8,0.8,1.0,0.0,24.0,1.0,0.9,0.1,4.1,4.1,4.1,4.1,1.0,0.0,24.0,1.0,0.9,0.1,8.02,8.02,8.02,8.02,1.0,0.0,24.0,1.0,0.9,0.1,40.9,40.9,40.9,40.9,1.0,0.0,24.0,1.0,0.9,0.1,-73.8,-73.2,-23.2,-49.1,3.0,42.5,24.0,0.3,0.4,0.2,-179.1,-126.8,-114.4,-146.3,3.0,50.3,24.0,0.3,0.4,0.2,-45.1,-44.4,-14.1,-30.0,3.0,25.9,24.0,0.3,0.4,0.2,-108.2,-78.8,-75.3,-91.5,3.0,26.5,24.0,0.3,0.4,0.2,-20.4,-20.4,-20.4,-20.4,1.0,0.0,24.0,1.0,0.9,0.1,-35.4,-35.4,-35.4,-35.4,1.0,0.0,24.0,1.0,0.9,0.1,99.5,216.5,432.0,263.5,4.0,215.5,20.0,0.5,0.4,0.3,100.0,215.0,430.0,265.0,4.0,215.0,20.0,0.5,0.4,0.3
1974,2,66.0,12.0,,,,,,,,,,,,,,,,,,,,,,,,,,,,,,,,,,,,,,,,6.48,7.5,8.52,7.5,2.0,2.12,6.0,0.0,0.4,0.5,-5.19,-3.92,-2.64,-3.92,2.0,2.64,6.0,0.0,0.4,0.5,-6.7,-6.27,-5.84,-6.27,2.0,0.89,6.0,0.0,0.4,0.5,1013.31,1013.55,1013.79,1013.55,2.0,0.49,6.0,0.0,0.4,0.5,,,,,,,,,,,,,,,,,,,,,,,,,,,,,,,,,,,,,,,,,,,,,,,,,,,,,,,,,,,,,,,,,,,,,,,,,,,,,,,,,,,,,,,,,,,,,,,,,,,,,,,,,,,,,,,,,,,,,,,,,,,,,,,,,,,,,,,,,,,,,,,,,,,,,,
1974,2,66.0,14.0,25.53,25.6,26.69,26.1,3.0,0.95,22.0,0.3,0.5,0.6,24.85,26.0,27.37,26.12,5.0,1.4,20.0,0.6,0.5,0.6,13.88,15.62,18.99,16.4,4.0,3.24,20.0,0.5,0.5,0.6,71.3,72.0,83.0,76.9,4.0,10.5,20.0,0.5,0.6,6.12,7.7,8.97,7.6,5.0,1.92,20.0,0.6,0.5,0.6,-2.56,-1.16,1.5,-0.55,5.0,2.96,20.0,0.6,0.5,0.6,-8.59,-7.1,-5.39,-6.96,5.0,2.47,20.0,0.6,0.5,0.6,1010.32,1010.8,1012.11,1011.18,5.0,1.17,20.0,0.6,0.5,0.6,2.0,3.0,5.4,3.6,5.0,1.8,20.0,0.6,0.5,0.6,-19.0,-7.8,12.3,-2.5,5.0,21.8,20.0,0.6,0.5,0.6,-75.8,-58.2,-34.2,-56.6,5.0,31.8,20.0,0.6,0.5,0.6,-0.36,0.6,0.8,0.23,3.0,0.91,22.0,0.3,0.5,0.6,-4.2,4.6,5.6,0.8,3.0,7.9,22.0,0.3,0.5,0.6,5.79,6.41,6.63,6.21,3.0,0.64,22.0,0.3,0.5,0.6,46.5,49.4,54.3,50.4,3.0,5.8,22.0,0.3,0.5,0.6,-68.9,-28.6,40.4,-13.9,5.0,78.9,20.0,0.6,0.5,0.6,-225.9,-191.7,-134.2,-183.2,5.0,71.3,20.0,0.6,0.5,0.6,-23.6,-8.0,44.4,9.6,4.0,51.7,20.0,0.5,0.5,0.6,-161.0,-127.7,-99.0,-129.9,4.0,37.6,20.0,0.5,0.5,0.6,-9.2,-7.8,-2.5,-5.9,3.0,5.2,22.0,0.3,0.5,0.6,-53.7,-49.4,-46.0,-49.9,3.0,5.7,22.0,0.3,0.5,0.6,239.5,456.5,749.0,507.0,5.0,364.0,20.0,0.6,0.5,0.6,240.0,455.0,750.0,505.0,5.0,365.0,20.0,0.6,0.5,0.6
1974,2,66.0,15.0,24.93,26.3,27.03,26.16,10.0,1.05,16.0,0.5,0.4,0.6,23.95,25.3,26.25,25.18,12.0,1.18,14.0,0.6,0.4,0.6,13.14,14.53,15.83,14.67,9.0,2.06,16.0,0.4,0.4,0.6,70.1,75.2,81.5,75.8,9.0,9.2,16.0,0.4,0.6,4.89,5.7,7.77,5.96,11.0,2.34,14.0,0.6,0.5,0.6,-1.61,0.0,2.6,-0.02,11.0,2.16,14.0,0.6,0.5,0.6,-7.71,-5.1,-3.91,-5.45,11.0,2.69,14.0,0.6,0.5,0.6,1011.85,1014.0,1015.8,1014.25,12.0,2.29,14.0,0.6,0.4,0.6,1.5,2.0,3.3,2.3,12.0,1.3,14.0,0.6,0.4,0.6,-12.2,0.0,14.6,-0.6,11.0,12.6,14.0,0.6,0.5,0.6,-61.7,-26.0,-19.9,-38.1,11.0,30.8,14.0,0.6,0.5,0.6,0.36,0.8,2.74,1.35,10.0,1.32,16.0,0.5,0.4,0.6,1.4,4.1,10.9,8.5,9.0,11.7,14.0,0.6,0.4,0.5,4.19,6.51,7.9,6.28,9.0,2.48,16.0,0.4,0.4,0.6,14.7,33.1,57.7,39.9,8.0,34.8,14.0,0.5,0.4,0.5,-39.1,0.0,66.5,-0.7,11.0,55.9,14.0,0.6,0.5,0.6,-197.1,-124.4,-99.6,-137.0,11.0,64.1,14.0,0.6,0.5,0.6,-19.6,0.0,46.0,8.9,8.0,29.5,14.0,0.5,0.4,0.5,-111.6,-82.8,-56.8,-76.0,8.0,37.2,14.0,0.5,0.4,0.5,-6.3,0.0,21.1,3.3,8.0,14.6,14.0,0.5,0.4,0.5,-57.1,-26.7,-14.5,-36.6,8.0,35.6,14.0,0.5,0.4,0.5,118.0,185.0,508.5,303.5,11.0,334.5,14.0,0.6,0.5,0.6,120.0,185.0,510.0,305.0,11.0,335.0,14.0,0.6,0.5,0.6
1974,2,66.0,16.0,24.48,25.75,27.6,25.93,6.0,1.64,12.0,0.3,0.4,0.4,23.43,25.0,28.3,25.43,7.0,2.36,12.0,0.4,0.5,0.4,15.05,16.31,17.06,16.06,3.0,1.48,16.0,0.7,0.5,0.3,69.4,72.6,83.0,76.1,3.0,10.5,16.0,0.7,0.3,3.81,4.1,5.2,4.21,7.0,2.17,12.0,0.4,0.5,0.4,-2.55,0.0,0.17,-0.52,7.0,2.16,12.0,0.4,0.5,0.4,-5.11,-3.55,-1.95,-3.61,7.0,2.28,12.0,0.4,0.5,0.4,1011.88,1015.8,1016.56,1014.63,7.0,2.46,12.0,0.4,0.5,0.4,0.0,1.0,4.0,1.7,7.0,2.1,12.0,0.4,0.5,0.4,-10.4,0.0,0.7,-2.4,7.0,9.3,12.0,0.4,0.5,0.4,-26.3,-14.6,-8.0,-19.2,7.0,16.7,12.0,0.4,0.5,0.4,-1.92,-0.3,2.99,0.43,6.0,2.61,12.0,0.3,0.4,0.4,-4.2,0.4,19.5,5.2,6.0,12.4,12.0,0.3,0.4,0.4,4.98,5.26,5.47,5.23,3.0,0.36,16.0,0.7,0.5,0.3,22.0,22.8,31.1,26.4,3.0,7.4,16.0,0.7,0.5,0.3,-63.8,0.0,4.8,-12.2,7.0,58.6,12.0,0.4,0.5,0.4,-119.5,-100.8,-55.2,-88.7,7.0,50.5,12.0,0.4,0.5,0.4,-22.8,0.0,42.2,9.5,3.0,48.3,16.0,0.7,0.5,0.3,-89.5,-57.9,-42.7,-65.9,3.0,34.9,16.0,0.7,0.5,0.3,-7.4,0.0,13.5,3.0,3.0,15.5,16.0,0.7,0.5,0.3,-29.8,-18.7,-13.7,-21.7,3.0,12.1,16.0,0.7,0.5,0.3,61.0,69.0,144.0,119.0,7.0,120.5,12.0,0.4,0.5,0.4,60.0,70.0,145.0,120.0,7.0,120.0,12.0,0.4,0.5,0.4
1974,2,66.0,17.0,24.03,24.9,25.5,24.97,14.0,0.79,14.0,0.5,0.4,0.6,22.63,24.5,27.23,24.7,17.0,2.26,14.0,0.5,0.5,0.6,10.68,13.1,14.74,12.88,14.0,2.22,14.0,0.4,0.5,0.6,59.8,71.9,79.0,69.1,14.0,10.3,14.0,0.4,0.6,3.1,4.35,8.88,5.36,16.0,3.22,12.0,0.5,0.4,0.6,-3.79,-0.94,1.6,-0.96,16.0,2.5,12.0,0.5,0.4,0.6,-8.38,-4.09,-0.59,-4.41,16.0,3.62,12.0,0.5,0.4,0.6,1012.8,1014.5,1016.55,1014.48,17.0,1.82,14.0,0.5,0.5,0.6,0.0,1.0,3.0,1.6,16.0,1.7,14.0,0.6,0.4,0.6,-26.8,-2.3,7.9,-7.1,16.0,17.2,12.0,0.5,0.4,0.6,-74.9,-17.8,-1.3,-34.0,16.0,40.7,12.0,0.5,0.4,0.6,-1.36,0.5,2.28,0.41,14.0,2.5,14.0,0.5,0.4,0.6,-5.7,1.2,19.2,3.9,13.0,15.8,12.0,0.5,0.4,0.6,4.48,6.43,9.82,7.08,13.0,2.5,14.0,0.5,0.5,0.6,12.6,32.1,95.5,46.5,12.0,39.5,14.0,0.4,0.4,0.6,-98.3,-23.5,36.9,-26.0,16.0,63.7,12.0,0.5,0.4,0.6,-192.7,-96.6,-15.3,-105.4,16.0,86.8,12.0,0.5,0.4,0.6,-39.8,0.0,24.3,-3.9,13.0,30.1,14.0,0.4,0.5,0.6,-98.6,-55.4,-27.8,-63.2,13.0,36.6,14.0,0.4,0.5,0.6,-33.9,-1.1,10.6,-7.6,12.0,22.1,14.0,0.4,0.4,0.6,-85.2,-31.1,-8.2,-42.3,12.0,37.6,14.0,0.4,0.4,0.6,30.0,83.0,708.0,325.5,16.0,462.5,12.0,0.5,0.4,0.6,30.0,85.0,710.0,325.0,16.0,460.0,12.0,0.5,0.4,0.6
1974,2,66.0,18.0,24.2,25.0,26.08,25.31,15.0,1.13,16.0,0.5,0.5,0.5,22.04,23.9,25.0,23.64,16.0,1.65,16.0,0.6,0.5,0.5,10.3,12.9,15.46,12.89,15.0,2.58,16.0,0.5,0.5,0.5,57.0,70.5,80.7,69.8,15.0,10.1,16.0,0.5,0.5,2.16,6.2,9.26,6.02,14.0,3.64,16.0,0.6,0.5,0.5,-3.58,0.0,0.5,-1.08,14.0,2.41,16.0,0.6,0.5,0.5,-8.16,-6.01,-2.16,-5.59,14.0,3.4,16.0,0.6,0.5,0.5,1013.11,1014.9,1018.06,1015.4,16.0,2.46,16.0,0.6,0.5,0.5,0.0,0.0,1.6,0.6,16.0,0.8,16.0,0.6,0.5,0.5,-38.1,0.0,1.6,-10.8,14.0,21.0,16.0,0.6,0.5,0.5,-67.2,-37.7,-4.7,-44.9,14.0,41.8,16.0,0.6,0.5,0.5,0.41,1.7,3.19,1.5,15.0,1.44,16.0,0.5,0.5,0.5,1.1,7.4,24.7,11.5,14.0,12.2,16.0,0.6,0.5,0.5,5.54,7.56,9.1,7.26,15.0,1.88,16.0,0.5,0.5,0.5,9.3,46.3,89.9,48.9,14.0,35.3,16.0,0.6,0.5,0.5,-86.0,0.0,12.6,-25.8,14.0,57.6,16.0,0.6,0.5,0.5,-181.4,-137.4,-56.0,-130.2,14.0,76.5,16.0,0.6,0.5,0.5,-37.1,0.0,8.3,-13.3,14.0,31.0,16.0,0.6,0.5,0.5,-103.4,-70.6,-32.9,-66.6,14.0,36.2,16.0,0.6,0.5,0.5,-32.8,0.0,2.9,-9.3,14.0,20.0,16.0,0.6,0.5,0.5,-89.0,-44.3,-9.3,-45.4,14.0,33.3,16.0,0.6,0.5,0.5,10.5,243.0,795.0,436.0,14.0,509.0,16.0,0.6,0.5,0.5,10.0,245.0,795.0,435.0,14.0,510.0,16.0,0.6,0.5,0.5
1974,2,66.0,19.0,24.18,25.15,25.6,25.06,8.0,0.78,16.0,0.8,0.2,0.3,23.91,24.8,26.14,25.03,8.0,1.52,16.0,0.8,0.2,0.3,12.27,13.33,17.01,13.89,7.0,2.65,14.0,0.7,0.2,0.3,58.5,70.4,80.3,70.0,7.0,10.6,14.0,0.7,0.3,4.9,7.7,8.8,6.89,7.0,3.11,14.0,0.7,0.2,0.2,-7.72,-4.95,-0.91,-4.23,7.0,3.58,14.0,0.7,0.2,0.2,-6.12,-2.98,0.0,-3.86,7.0,3.74,14.0,0.7,0.2,0.2,1013.38,1015.65,1019.51,1016.31,8.0,3.23,16.0,0.8,0.2,0.3,0.0,3.0,5.8,2.8,8.0,2.5,16.0,0.8,0.2,0.3,-59.9,-38.1,-0.7,-33.4,7.0,28.9,14.0,0.7,0.2,0.2,-48.7,-25.6,0.0,-32.8,7.0,39.5,14.0,0.7,0.2,0.2,-0.88,-0.15,1.52,0.04,8.0,1.79,16.0,0.8,0.2,0.3,-6.3,-0.1,12.4,1.7,7.0,9.4,14.0,0.7,0.2,0.2,3.45,7.24,7.73,6.12,7.0,2.43,14.0,0.7,0.2,0.3,30.0,51.0,69.8,48.6,6.0,27.2,14.0,0.7,0.2,0.2,-192.9,-118.8,-23.5,-104.1,7.0,87.0,14.0,0.7,0.2,0.2,-148.1,-73.2,0.0,-95.4,7.0,96.7,14.0,0.7,0.2,0.2,-90.8,-36.3,-10.9,-44.6,6.0,44.1,14.0,0.7,0.2,0.2,-83.0,-45.3,0.0,-48.8,6.0,50.0,14.0,0.7,0.2,0.2,-48.5,-28.5,-1.5,-25.5,6.0,24.7,14.0,0.7,0.2,0.2,-57.2,-27.4,0.0,-31.2,6.0,31.9,14.0,0.7,0.2,0.2,126.5,456.5,687.0,477.0,7.0,408.5,14.0,0.7,0.2,0.2,125.0,455.0,685.0,475.0,7.0,410.0,14.0,0.7,0.2,0.2
1974,2,66.0,20.0,22.7,22.7,22.7,22.7,1.0,0.0,20.0,1.0,0.8,0.7,23.97,25.2,26.43,25.2,2.0,2.55,10.0,1.0,0.8,0.7,12.77,12.77,12.77,12.77,1.0,0.0,20.0,1.0,0.8,0.7,71.7,71.7,71.7,71.7,1.0,0.0,20.0,1.0,0.7,3.17,4.4,5.63,4.4,2.0,2.55,10.0,1.0,0.8,0.7,-0.48,2.08,4.64,2.08,2.0,5.3,10.0,1.0,0.8,0.7,-2.1,-2.06,-2.01,-2.06,2.0,0.09,10.0,1.0,0.8,0.7,1014.74,1015.7,1016.66,1015.7,2.0,1.98,10.0,1.0,0.8,0.7,0.5,1.5,2.5,1.5,2.0,2.1,10.0,1.0,0.8,0.7,2.1,15.9,29.7,15.9,2.0,28.6,10.0,1.0,0.8,0.7,-11.9,-9.2,-6.4,-9.2,2.0,5.6,10.0,1.0,0.8,0.7,-0.7,-0.7,-0.7,-0.7,1.0,0.0,20.0,1.0,0.8,0.7,-1.8,-1.8,-1.8,-1.8,1.0,0.0,20.0,1.0,0.8,0.7,4.35,4.35,4.35,4.35,1.0,0.0,20.0,1.0,0.8,0.7,11.3,11.3,11.3,11.3,1.0,0.0,20.0,1.0,0.8,0.7,-7.9,59.1,126.1,59.1,2.0,138.9,10.0,1.0,0.8,0.7,-55.6,-51.9,-48.3,-51.9,2.0,7.5,10.0,1.0,0.8,0.7,-21.3,-21.3,-21.3,-21.3,1.0,0.0,20.0,1.0,0.8,0.7,-25.4,-25.4,-25.4,-25.4,1.0,0.0,20.0,1.0,0.8,0.7,-7.3,-7.3,-7.3,-7.3,1.0,0.0,20.0,1.0,0.8,0.7,-8.7,-8.7,-8.7,-8.7,1.0,0.0,20.0,1.0,0.8,0.7,52.5,128.0,203.5,128.0,2.0,156.0,10.0,1.0,0.8,0.7,55.0,130.0,205.0,130.0,2.0,155.0,10.0,1.0,0.8,0.7
1974,2,66.0,21.0,23.02,23.8,24.21,23.63,4.0,0.82,12.0,0.5,0.3,0.3,20.71,22.3,25.35,22.98,5.0,2.75,10.0,0.6,0.4,0.4,7.73,11.99,15.04,11.4,3.0,5.37,16.0,0.7,0.4,0.2,49.8,71.9,82.2,66.2,3.0,24.3,16.0,0.7,0.2,4.06,8.7,10.02,7.52,5.0,3.39,10.0,0.6,0.4,0.4,-7.94,-2.57,5.45,-1.37,5.0,7.17,10.0,0.6,0.4,0.4,-5.25,0.0,2.6,-1.22,5.0,5.15,10.0,0.6,0.4,0.4,1015.33,1016.6,1019.11,1017.16,5.0,2.09,10.0,0.6,0.4,0.4,1.3,2.0,3.0,2.0,5.0,1.2,10.0,0.6,0.4,0.4,-80.0,-10.3,36.3,-17.5,5.0,65.9,10.0,0.6,0.4,0.4,-46.7,0.0,23.1,-13.1,5.0,55.9,10.0,0.6,0.4,0.4,0.1,1.6,3.21,1.65,4.0,1.8,12.0,0.5,0.3,0.3,0.4,13.9,33.9,17.0,4.0,19.9,12.0,0.5,0.3,0.3,3.26,4.93,9.97,6.58,3.0,5.11,16.0,0.7,0.4,0.2,20.3,21.6,106.0,62.2,3.0,71.9,16.0,0.7,0.4,0.2,-173.6,-57.3,130.0,-29.0,5.0,162.2,10.0,0.6,0.4,0.4,-110.1,0.0,57.9,-23.9,5.0,106.6,10.0,0.6,0.4,0.4,-110.1,-43.6,-34.9,-71.8,3.0,60.2,16.0,0.7,0.4,0.2,-47.2,-36.7,5.3,-21.3,3.0,40.7,16.0,0.7,0.4,0.2,-70.5,-21.3,-15.4,-42.4,3.0,44.3,16.0,0.7,0.4,0.2,-80.7,-15.1,-2.2,-40.9,3.0,61.7,16.0,0.7,0.4,0.2,67.0,658.5,1063.0,632.5,5.0,646.5,10.0,0.6,0.4,0.4,65.0,660.0,1065.0,635.0,5.0,645.0,10.0,0.6,0.4,0.4
1974,2,66.0,23.0,22.35,23.1,23.71,23.03,3.0,1.0,8.0,1.0,0.3,0.5,18.73,19.0,21.53,20.1,3.0,2.26,8.0,1.0,0.3,0.5,6.82,6.82,6.82,6.82,1.0,0.0,6.0,1.0,0.2,0.6,51.8,51.8,51.8,51.8,1.0,0.0,6.0,1.0,0.6,4.39,5.0,5.82,5.1,3.0,1.05,8.0,1.0,0.3,0.5,-4.23,0.0,1.4,-1.38,3.0,4.3,8.0,1.0,0.3,0.5,-4.54,-3.55,-1.13,-2.85,3.0,2.57,8.0,1.0,0.3,0.5,1020.16,1020.3,1020.78,1020.47,3.0,0.47,8.0,1.0,0.3,0.5,0.0,0.0,0.7,0.3,3.0,0.6,8.0,1.0,0.3,0.5,-26.2,0.0,5.7,-10.0,3.0,25.0,8.0,1.0,0.3,0.5,-21.7,-14.6,-4.6,-13.2,3.0,12.6,8.0,1.0,0.3,0.5,1.84,3.0,4.02,2.93,3.0,1.6,8.0,1.0,0.3,0.5,10.3,15.0,17.4,13.8,3.0,5.3,8.0,1.0,0.3,0.5,10.66,10.66,10.66,10.66,1.0,0.0,6.0,1.0,0.2,0.6,43.7,43.7,43.7,43.7,1.0,0.0,6.0,1.0,0.2,0.6,-96.1,0.0,26.0,-34.2,3.0,94.2,8.0,1.0,0.3,0.5,-85.8,-66.0,-21.0,-53.7,3.0,48.7,8.0,1.0,0.3,0.5,14.0,14.0,14.0,14.0,1.0,0.0,6.0,1.0,0.2,0.6,-24.2,-24.2,-24.2,-24.2,1.0,0.0,6.0,1.0,0.2,0.6,21.9,21.9,21.9,21.9,1.0,0.0,6.0,1.0,0.2,0.6,-37.9,-37.9,-37.9,-37.9,1.0,0.0,6.0,1.0,0.2,0.6,86.5,125.0,202.5,144.0,3.0,86.5,8.0,1.0,0.3,0.5,85.0,125.0,200.0,145.0,3.0,85.0,8.0,1.0,0.3,0.5
1974,2,66.0,24.0,20.56,22.0,23.04,21.96,5.0,1.62,10.0,0.4,0.6,0.4,17.43,18.0,23.54,19.98,5.0,3.27,10.0,0.4,0.6,0.4,6.29,8.74,11.67,8.97,4.0,3.36,10.0,0.5,0.7,0.3,49.5,57.1,65.6,57.5,4.0,12.0,10.0,0.5,0.3,0.32,0.5,4.57,2.32,5.0,3.33,10.0,0.4,0.6,0.4,-1.05,0.0,0.77,-0.21,5.0,1.52,10.0,0.4,0.6,0.4,-3.06,-0.17,0.82,-1.19,5.0,3.7,10.0,0.4,0.6,0.4,1015.28,1017.1,1019.89,1017.5,5.0,2.71,10.0,0.4,0.6,0.4,0.0,0.5,2.6,1.3,4.0,1.9,10.0,0.3,0.5,0.3,-8.0,0.0,1.4,-3.7,5.0,10.3,10.0,0.4,0.6,0.4,-22.1,-0.1,2.1,-10.9,5.0,27.6,10.0,0.4,0.6,0.4,0.12,2.5,3.68,1.98,5.0,2.31,10.0,0.4,0.6,0.4,-1.3,1.3,14.7,7.4,5.0,17.0,10.0,0.4,0.6,0.4,6.29,7.01,8.66,7.45,4.0,1.6,10.0,0.5,0.7,0.3,1.8,4.3,11.1,6.4,4.0,7.3,10.0,0.5,0.7,0.3,-18.3,0.0,16.4,-2.0,5.0,28.4,10.0,0.4,0.6,0.4,-53.1,-3.0,19.4,-17.8,5.0,67.5,10.0,0.4,0.6,0.4,-0.3,1.3,8.1,3.8,4.0,6.4,10.0,0.5,0.7,0.3,-2.3,-0.5,12.0,4.6,4.0,12.3,10.0,0.5,0.7,0.3,-0.3,2.3,6.6,3.1,4.0,4.2,10.0,0.5,0.7,0.3,-2.7,-0.8,7.6,2.3,4.0,8.3,10.0,0.5,0.7,0.3,0.0,0.0,198.0,106.0,5.0,227.0,10.0,0.4,0.6,0.4,0.0,0.0,200.0,105.0,5.0,225.0,10.0,0.4,0.6,0.4
1974,2,67.0,-66.0,,,,,,,,,,,,,,,,,,,,,,,,,,,,,,,,,,,,,,,,9.0,9.0,9.0,9.0,1.0,0.0,26.0,1.0,0.9,0.2,-8.86,-8.86,-8.86,-8.86,1.0,0.0,26.0,1.0,0.9,0.2,-1.56,-1.56,-1.56,-1.56,1.0,0.0,26.0,1.0,0.9,0.2,991.0,991.0,991.0,991.0,1.0,0.0,26.0,1.0,0.9,0.2,,,,,,,,,,,,,,,,,,,,,,,,,,,,,,,,,,,,,,,,,,,,,,,,,,,,,,,,,,,,,,,,,,,,,,,,,,,,,,,,,,,,,,,,,,,,,,,,,,,,,,,,,,,,,,,,,,,,,,,,,,,,,,,,,,,,,,,,,,,,,,,,,,,,,,
1974,2,67.0,-50.0,5.0,5.0,5.0,5.0,1.0,0.0,4.0,1.0,0.5,0.5,7.5,7.5,7.5,7.5,1.0,0.0,4.0,1.0,0.5,0.5,6.04,6.04,6.04,6.04,1.0,0.0,4.0,1.0,0.5,0.5,92.7,92.7,92.7,92.7,1.0,0.0,4.0,1.0,0.5,16.5,16.5,16.5,16.5,1.0,0.0,4.0,1.0,0.5,0.5,16.5,16.5,16.5,16.5,1.0,0.0,4.0,1.0,0.5,0.5,0.0,0.0,0.0,0.0,1.0,0.0,4.0,1.0,0.5,0.5,998.0,998.0,998.0,998.0,1.0,0.0,4.0,1.0,0.5,0.5,,,,,,,,,,,,,,,,,,,,,,,,,,,,,,,-2.5,-2.5,-2.5,-2.5,1.0,0.0,4.0,1.0,0.5,0.5,-41.2,-41.2,-41.2,-41.2,1.0,0.0,4.0,1.0,0.5,0.5,-0.56,-0.56,-0.56,-0.56,1.0,0.0,4.0,1.0,0.5,0.5,-9.2,-9.2,-9.2,-9.2,1.0,0.0,4.0,1.0,0.5,0.5,123.8,123.8,123.8,123.8,1.0,0.0,4.0,1.0,0.5,0.5,0.0,0.0,0.0,0.0,1.0,0.0,4.0,1.0,0.5,0.5,99.6,99.6,99.6,99.6,1.0,0.0,4.0,1.0,0.5,0.5,0.0,0.0,0.0,0.0,1.0,0.0,4.0,1.0,0.5,0.5,-9.2,-9.2,-9.2,-9.2,1.0,0.0,4.0,1.0,0.5,0.5,0.0,0.0,0.0,0.0,1.0,0.0,4.0,1.0,0.5,0.5,4492.0,4492.0,4492.0,4492.0,1.0,0.0,4.0,1.0,0.5,0.5,4490.0,4490.0,4490.0,4490.0,1.0,0.0,4.0,1.0,0.5,0.5
1974,2,67.0,-49.0,6.2,6.2,6.2,6.2,1.0,0.0,18.0,1.0,0.8,1.0,6.0,6.0,6.0,6.0,1.0,0.0,18.0,1.0,0.8,1.0,5.25,5.25,5.25,5.25,1.0,0.0,18.0,1.0,0.8,1.0,90.7,90.7,90.7,90.7,1.0,0.0,18.0,1.0,1.0,,,,,,,,,,,,,,,,,,,,,,,,,,,,,,,,,,,,,,,,,,,,,,,,,,,,,,,,,,,,,,,,,,,,,,,,,,,,,,,,,,,,,,,,,,,,,,,,,,,,,,,,,,,,,,,,,,,,,,,,,,,,,,,,,,,,,,,,,,,,,,,,,,,,,,,,,,,,,,,,,,,,,,,,,,,,,,,,,,,,,,,,,,,,,,
1974,2,67.0,-47.0,7.0,7.0,7.0,7.0,1.0,0.0,18.0,0.0,0.2,0.3,8.0,8.0,8.0,8.0,1.0,0.0,18.0,0.0,0.2,0.3,6.71,6.71,6.71,6.71,1.0,0.0,18.0,0.0,0.2,0.3,100.0,100.0,100.0,100.0,1.0,0.0,18.0,0.0,0.3,,,,,,,,,,,,,,,,,,,,,,,,,,,,,,,,,,,,,,,,,,,,,,,,,,,,,,,,,,,,,,,,,,,,,,,,,,,,,,,,,,,,,,,,,,,,,,,,,,,,,,,,,,,,,,,,,,,,,,,,,,,,,,,,,,,,,,,,,,,,,,,,,,,,,,,,,,,,,,,,,,,,,,,,,,,,,,,,,,,,,,,,,,,,,,
1974,2,67.0,-46.0,8.3,8.3,8.3,8.3,1.0,0.0,2.0,0.0,0.1,1.0,12.0,12.0,12.0,12.0,1.0,0.0,2.0,0.0,0.1,1.0,8.8,8.8,8.8,8.8,1.0,0.0,2.0,0.0,0.1,1.0,100.0,100.0,100.0,100.0,1.0,0.0,2.0,0.0,1.0,8.2,8.2,8.2,8.2,1.0,0.0,2.0,0.0,0.1,1.0,2.8,2.8,2.8,2.8,1.0,0.0,2.0,0.0,0.1,1.0,-7.71,-7.71,-7.71,-7.71,1.0,0.0,2.0,0.0,0.1,1.0,1000.9,1000.9,1000.9,1000.9,1.0,0.0,2.0,0.0,0.1,1.0,,,,,,,,,,,,,,,,,,,,,,,,,,,,,,,-3.7,-3.7,-3.7,-3.7,1.0,0.0,2.0,0.0,0.1,1.0,-30.3,-30.3,-30.3,-30.3,1.0,0.0,2.0,0.0,0.1,1.0,-1.94,-1.94,-1.94,-1.94,1.0,0.0,2.0,0.0,0.1,1.0,-15.9,-15.9,-15.9,-15.9,1.0,0.0,2.0,0.0,0.1,1.0,33.7,33.7,33.7,33.7,1.0,0.0,2.0,0.0,0.1,1.0,-92.5,-92.5,-92.5,-92.5,1.0,0.0,2.0,0.0,0.1,1.0,24.7,24.7,24.7,24.7,1.0,0.0,2.0,0.0,0.1,1.0,-67.8,-67.8,-67.8,-67.8,1.0,0.0,2.0,0.0,0.1,1.0,-5.4,-5.4,-5.4,-5.4,1.0,0.0,2.0,0.0,0.1,1.0,14.9,14.9,14.9,14.9,1.0,0.0,2.0,0.0,0.1,1.0,551.5,551.5,551.5,551.5,1.0,0.0,2.0,0.0,0.1,1.0,550.0,550.0,550.0,550.0,1.0,0.0,2.0,0.0,0.1,1.0
1974,2,67.0,-43.0,16.0,16.0,16.0,16.0,1.0,0.0,12.0,0.0,0.6,0.9,13.0,13.0,13.0,13.0,1.0,0.0,12.0,0.0,0.6,0.9,9.0,9.0,9.0,9.0,1.0,0.0,12.0,0.0,0.6,0.9,97.4,97.4,97.4,97.4,1.0,0.0,12.0,0.0,0.9,3.6,3.6,3.6,3.6,1.0,0.0,12.0,0.0,0.6,0.9,0.0,0.0,0.0,0.0,1.0,0.0,12.0,0.0,0.6,0.9,3.6,3.6,3.6,3.6,1.0,0.0,12.0,0.0,0.6,0.9,1018.1,1018.1,1018.1,1018.1,1.0,0.0,12.0,0.0,0.6,0.9,8.0,8.0,8.0,8.0,1.0,0.0,12.0,0.0,0.6,0.9,0.0,0.0,0.0,0.0,1.0,0.0,12.0,0.0,0.6,0.9,13.0,13.0,13.0,13.0,1.0,0.0,12.0,0.0,0.6,0.9,3.0,3.0,3.0,3.0,1.0,0.0,12.0,0.0,0.6,0.9,10.8,10.8,10.8,10.8,1.0,0.0,12.0,0.0,0.6,0.9,2.23,2.23,2.23,2.23,1.0,0.0,12.0,0.0,0.6,0.9,8.0,8.0,8.0,8.0,1.0,0.0,12.0,0.0,0.6,0.9,0.0,0.0,0.0,0.0,1.0,0.0,12.0,0.0,0.6,0.9,46.8,46.8,46.8,46.8,1.0,0.0,12.0,0.0,0.6,0.9,0.0,0.0,0.0,0.0,1.0,0.0,12.0,0.0,0.6,0.9,32.4,32.4,32.4,32.4,1.0,0.0,12.0,0.0,0.6,0.9,0.0,0.0,0.0,0.0,1.0,0.0,12.0,0.0,0.6,0.9,8.0,8.0,8.0,8.0,1.0,0.0,12.0,0.0,0.6,0.9,46.5,46.5,46.5,46.5,1.0,0.0,12.0,0.0,0.6,0.9,45.0,45.0,45.0,45.0,1.0,0.0,12.0,0.0,0.6,0.9
1974,2,67.0,-42.0,,,,,,,,,,,,,,,,,,,,,,,,,,,,,,,,,,,,,,,,9.3,9.3,9.3,9.3,1.0,0.0,2.0,0.0,0.8,0.4,5.98,5.98,5.98,5.98,1.0,0.0,2.0,0.0,0.8,0.4,-7.12,-7.12,-7.12,-7.12,1.0,0.0,2.0,0.0,0.8,0.4,1014.7,1014.7,1014.7,1014.7,1.0,0.0,2.0,0.0,0.8,0.4,,,,,,,,,,,,,,,,,,,,,,,,,,,,,,,,,,,,,,,,,,,,,,,,,,,,,,,,,,,,,,,,,,,,,,,,,,,,,,,,,,,,,,,,,,,,,,,,,,,,,,,,,,,,,,,,,,,,,,,,,,,,,,,,,,,,,,,,,,,,,,,,,,,,,,
1974,2,67.0,-40.0,16.95,19.0,19.14,18.07,3.0,1.79,10.0,0.3,0.5,0.5,18.1,18.3,20.14,19.1,3.0,1.65,10.0,0.3,0.5,0.5,12.74,13.06,13.39,13.06,2.0,0.67,12.0,0.5,0.5,0.5,89.9,93.2,96.6,93.2,2.0,6.9,12.0,0.5,0.5,0.83,2.6,2.6,1.73,3.0,1.5,10.0,0.3,0.5,0.5,-0.61,0.0,0.61,0.0,3.0,0.89,10.0,0.3,0.5,0.5,-2.44,-2.44,-0.78,-1.63,3.0,1.41,10.0,0.3,0.5,0.5,1025.18,1031.8,1031.94,1028.63,3.0,5.66,10.0,0.3,0.5,0.5,0.3,1.0,5.1,2.7,3.0,3.8,10.0,0.3,0.5,0.5,-1.6,0.0,1.6,0.0,3.0,2.3,10.0,0.3,0.5,0.5,-6.4,-6.4,-2.0,-4.2,3.0,3.7,10.0,0.3,0.5,0.5,-1.94,-1.8,-0.09,-1.03,3.0,1.5,10.0,0.3,0.5,0.5,-5.0,-4.7,-1.5,-3.3,3.0,2.9,10.0,0.3,0.5,0.5,0.27,0.5,0.72,0.5,2.0,0.46,12.0,0.5,0.5,0.5,0.1,0.2,0.4,0.2,2.0,0.3,12.0,0.5,0.5,0.5,-12.7,0.0,10.9,-0.9,3.0,17.4,10.0,0.3,0.5,0.5,-49.0,-44.0,-14.0,-31.8,3.0,27.7,10.0,0.3,0.5,0.5,-10.1,-6.0,-1.9,-6.0,2.0,8.5,12.0,0.5,0.5,0.5,-27.8,-16.5,-5.2,-16.5,2.0,23.4,12.0,0.5,0.5,0.5,-0.1,-0.1,0.0,-0.1,2.0,0.1,12.0,0.5,0.5,0.5,-0.4,-0.2,-0.1,-0.2,2.0,0.3,12.0,0.5,0.5,0.5,5.5,17.5,17.5,11.5,3.0,10.0,10.0,0.3,0.5,0.5,5.0,20.0,20.0,10.0,3.0,10.0,10.0,0.3,0.5,0.5
1974,2,67.0,-37.0,,,,,,,,,,,,,,,,,,,,,,,,,,,,,,,,,,,,,,,,14.0,14.0,14.0,14.0,1.0,0.0,20.0,0.0,0.5,0.3,9.0,9.0,9.0,9.0,1.0,0.0,20.0,0.0,0.5,0.3,-10.72,-10.72,-10.72,-10.72,1.0,0.0,20.0,0.0,0.5,0.3,1013.7,1013.7,1013.7,1013.7,1.0,0.0,20.0,0.0,0.5,0.3,,,,,,,,,,,,,,,,,,,,,,,,,,,,,,,,,,,,,,,,,,,,,,,,,,,,,,,,,,,,,,,,,,,,,,,,,,,,,,,,,,,,,,,,,,,,,,,,,,,,,,,,,,,,,,,,,,,,,,,,,,,,,,,,,,,,,,,,,,,,,,,,,,,,,,
1974,2,67.0,-35.0,,,,,,,,,,,,,,,,,,,,,,,,,,,,,,,,,,,,,,,,7.2,7.2,7.2,7.2,1.0,0.0,6.0,0.0,0.2,0.9,-6.24,-6.24,-6.24,-6.24,1.0,0.0,6.0,0.0,0.2,0.9,-3.6,-3.6,-3.6,-3.6,1.0,0.0,6.0,0.0,0.2,0.9,1029.2,1029.2,1029.2,1029.2,1.0,0.0,6.0,0.0,0.2,0.9,,,,,,,,,,,,,,,,,,,,,,,,,,,,,,,,,,,,,,,,,,,,,,,,,,,,,,,,,,,,,,,,,,,,,,,,,,,,,,,,,,,,,,,,,,,,,,,,,,,,,,,,,,,,,,,,,,,,,,,,,,,,,,,,,,,,,,,,,,,,,,,,,,,,,,
1974,2,67.0,-34.0,23.66,23.8,23.94,23.8,2.0,0.28,6.0,0.0,0.5,0.7,22.65,22.75,22.85,22.75,2.0,0.21,6.0,0.0,0.5,0.7,11.41,11.9,12.39,11.9,2.0,1.02,6.0,0.0,0.5,0.7,67.8,70.3,72.7,70.3,2.0,5.1,6.0,0.0,0.7,7.03,7.1,7.17,7.1,2.0,0.14,6.0,0.0,0.5,0.7,-6.21,-6.15,-6.09,-6.15,2.0,0.12,6.0,0.0,0.5,0.7,-3.58,-3.55,-3.52,-3.55,2.0,0.07,6.0,0.0,0.5,0.7,1029.23,1029.3,1029.37,1029.3,2.0,0.14,6.0,0.0,0.5,0.7,4.2,4.5,4.8,4.5,2.0,0.7,6.0,0.0,0.5,0.7,-44.5,-43.7,-42.8,-43.7,2.0,1.7,6.0,0.0,0.5,0.7,-25.7,-25.2,-24.7,-25.2,2.0,1.0,6.0,0.0,0.5,0.7,0.81,1.05,1.29,1.05,2.0,0.49,6.0,0.0,0.5,0.7,5.8,7.4,9.0,7.4,2.0,3.4,6.0,0.0,0.5,0.7,5.56,6.2,6.84,6.2,2.0,1.33,6.0,0.0,0.5,0.7,39.8,43.9,48.0,43.9,2.0,8.6,6.0,0.0,0.5,0.7,-141.9,-139.9,-137.9,-139.9,2.0,4.1,6.0,0.0,0.5,0.7,-81.9,-80.8,-79.6,-80.8,2.0,2.4,6.0,0.0,0.5,0.7,-77.0,-73.2,-69.5,-73.2,2.0,7.7,6.0,0.0,0.5,0.7,-44.4,-42.3,-40.1,-42.3,2.0,4.5,6.0,0.0,0.5,0.7,-41.6,-38.0,-34.4,-38.0,2.0,7.4,6.0,0.0,0.5,0.7,-24.0,-22.0,-19.9,-22.0,2.0,4.3,6.0,0.0,0.5,0.7,348.0,358.0,368.5,358.0,2.0,21.5,6.0,0.0,0.5,0.7,350.0,360.0,370.0,360.0,2.0,20.0,6.0,0.0,0.5,0.7
1974,2,67.0,-33.0,22.33,23.9,24.0,23.2,4.0,1.47,10.0,0.8,0.5,0.8,21.52,23.1,24.1,22.83,4.0,1.57,10.0,0.8,0.5,0.8,11.04,12.76,13.24,12.17,4.0,1.68,10.0,0.8,0.5,0.8,65.6,69.4,77.0,71.2,4.0,7.9,10.0,0.8,0.8,6.89,8.45,8.7,7.83,4.0,1.44,10.0,0.8,0.5,0.8,-8.64,-7.13,-2.71,-5.74,4.0,4.07,10.0,0.8,0.5,0.8,-0.79,0.0,4.3,1.67,4.0,4.41,10.0,0.8,0.5,0.8,1022.79,1027.55,1029.74,1026.33,4.0,4.76,10.0,0.8,0.5,0.8,3.0,3.0,6.4,4.7,3.0,2.9,10.0,0.7,0.5,0.7,-75.1,-53.5,-15.5,-45.7,4.0,36.5,10.0,0.8,0.5,0.8,-6.9,0.0,35.2,13.5,4.0,36.3,10.0,0.8,0.5,0.8,-0.2,-0.05,0.99,0.38,4.0,0.96,10.0,0.8,0.5,0.8,-1.7,-0.5,5.8,1.9,4.0,5.7,10.0,0.8,0.5,0.8,4.97,5.36,5.77,5.37,4.0,0.48,10.0,0.8,0.5,0.8,35.5,45.3,48.9,42.3,4.0,10.2,10.0,0.8,0.5,0.8,-208.2,-166.1,-60.2,-135.7,4.0,98.3,10.0,0.8,0.5,0.8,-19.0,0.0,89.8,33.8,4.0,93.3,10.0,0.8,0.5,0.8,-110.2,-92.6,-36.4,-74.2,4.0,52.0,10.0,0.8,0.5,0.8,-10.3,0.0,41.8,15.0,4.0,44.1,10.0,0.8,0.5,0.8,-47.5,-35.6,-13.2,-30.6,4.0,22.6,10.0,0.8,0.5,0.8,-4.0,0.0,24.3,9.7,4.0,24.7,10.0,0.8,0.5,0.8,359.5,605.0,658.5,513.5,4.0,224.5,10.0,0.8,0.5,0.8,360.0,605.0,660.0,515.0,4.0,225.0,10.0,0.8,0.5,0.8
1974,2,67.0,-32.0,22.95,23.5,24.66,23.8,3.0,1.28,10.0,0.3,0.5,0.5,22.77,24.0,24.55,23.67,3.0,1.33,10.0,0.3,0.5,0.5,12.77,13.09,13.4,13.08,3.0,0.46,10.0,0.3,0.5,0.5,69.8,73.6,75.7,72.7,3.0,4.4,10.0,0.3,0.5,3.92,4.6,6.72,5.3,3.0,2.14,10.0,0.3,0.5,0.5,-6.4,-3.6,-0.6,-3.5,3.0,4.25,10.0,0.3,0.5,0.5,-3.09,0.0,0.0,-1.51,3.0,2.62,10.0,0.3,0.5,0.5,1022.32,1023.0,1023.55,1022.93,3.0,0.9,10.0,0.3,0.5,0.5,2.3,3.0,4.4,3.3,3.0,1.5,10.0,0.3,0.5,0.5,-44.6,-13.0,-1.6,-22.9,3.0,32.6,10.0,0.3,0.5,0.5,-14.2,0.0,0.0,-6.9,3.0,12.0,10.0,0.3,0.5,0.5,-0.21,0.4,0.47,0.13,3.0,0.55,10.0,0.3,0.5,0.5,-1.0,1.8,2.7,0.9,3.0,2.8,10.0,0.3,0.5,0.5,4.37,4.41,5.98,5.16,3.0,1.34,10.0,0.3,0.5,0.5,17.2,20.0,41.6,29.2,3.0,19.6,10.0,0.3,0.5,0.5,-155.7,-79.9,-12.3,-83.9,3.0,105.1,10.0,0.3,0.5,0.5,-74.2,0.0,0.0,-36.2,3.0,62.8,10.0,0.3,0.5,0.5,-83.2,-45.4,-7.0,-45.1,3.0,55.8,10.0,0.3,0.5,0.5,-41.9,0.0,0.0,-20.4,3.0,35.4,10.0,0.3,0.5,0.5,-40.3,-15.9,-2.7,-21.3,3.0,28.0,10.0,0.3,0.5,0.5,-13.5,0.0,0.0,-6.6,3.0,11.4,10.0,0.3,0.5,0.5,62.5,97.5,342.5,200.0,3.0,223.5,10.0,0.3,0.5,0.5,65.0,95.0,345.0,200.0,3.0,225.0,10.0,0.3,0.5,0.5
1974,2,67.0,-31.0,24.3,24.3,24.3,24.3,1.0,0.0,14.0,0.0,0.3,0.7,22.9,22.9,22.9,22.9,1.0,0.0,14.0,0.0,0.3,0.7,14.92,14.92,14.92,14.92,1.0,0.0,14.0,0.0,0.3,0.7,86.9,86.9,86.9,86.9,1.0,0.0,14.0,0.0,0.7,8.2,8.2,8.2,8.2,1.0,0.0,14.0,0.0,0.3,0.7,-6.28,-6.28,-6.28,-6.28,1.0,0.0,14.0,0.0,0.3,0.7,5.27,5.27,5.27,5.27,1.0,0.0,14.0,0.0,0.3,0.7,1024.9,1024.9,1024.9,1024.9,1.0,0.0,14.0,0.0,0.3,0.7,3.0,3.0,3.0,3.0,1.0,0.0,14.0,0.0,0.3,0.7,-51.5,-51.5,-51.5,-51.5,1.0,0.0,14.0,0.0,0.3,0.7,43.2,43.2,43.2,43.2,1.0,0.0,14.0,0.0,0.3,0.7,1.4,1.4,1.4,1.4,1.0,0.0,14.0,0.0,0.3,0.7,11.5,11.5,11.5,11.5,1.0,0.0,14.0,0.0,0.3,0.7,3.81,3.81,3.81,3.81,1.0,0.0,14.0,0.0,0.3,0.7,31.3,31.3,31.3,31.3,1.0,0.0,14.0,0.0,0.3,0.7,-143.8,-143.8,-143.8,-143.8,1.0,0.0,14.0,0.0,0.3,0.7,120.7,120.7,120.7,120.7,1.0,0.0,14.0,0.0,0.3,0.7,-93.7,-93.7,-93.7,-93.7,1.0,0.0,14.0,0.0,0.3,0.7,78.7,78.7,78.7,78.7,1.0,0.0,14.0,0.0,0.3,0.7,-23.9,-23.9,-23.9,-23.9,1.0,0.0,14.0,0.0,0.3,0.7,20.1,20.1,20.1,20.1,1.0,0.0,14.0,0.0,0.3,0.7,551.5,551.5,551.5,551.5,1.0,0.0,14.0,0.0,0.3,0.7,550.0,550.0,550.0,550.0,1.0,0.0,14.0,0.0,0.3,0.7
1974,2,67.0,-28.0,24.3,24.3,24.3,24.3,1.0,0.0,2.0,0.0,0.4,0.9,23.2,23.2,23.2,23.2,1.0,0.0,2.0,0.0,0.4,0.9,14.51,14.51,14.51,14.51,1.0,0.0,2.0,0.0,0.4,0.9,82.2,82.2,82.2,82.2,1.0,0.0,2.0,0.0,0.9,10.3,10.3,10.3,10.3,1.0,0.0,2.0,0.0,0.4,0.9,-10.3,-10.3,-10.3,-10.3,1.0,0.0,2.0,0.0,0.4,0.9,0.0,0.0,0.0,0.0,1.0,0.0,2.0,0.0,0.4,0.9,1015.0,1015.0,1015.0,1015.0,1.0,0.0,2.0,0.0,0.4,0.9,1.0,1.0,1.0,1.0,1.0,0.0,2.0,0.0,0.4,0.9,-106.1,-106.1,-106.1,-106.1,1.0,0.0,2.0,0.0,0.4,0.9,0.0,0.0,0.0,0.0,1.0,0.0,2.0,0.0,0.4,0.9,1.1,1.1,1.1,1.1,1.0,0.0,2.0,0.0,0.4,0.9,11.3,11.3,11.3,11.3,1.0,0.0,2.0,0.0,0.4,0.9,4.4,4.4,4.4,4.4,1.0,0.0,2.0,0.0,0.4,0.9,45.3,45.3,45.3,45.3,1.0,0.0,2.0,0.0,0.4,0.9,-239.0,-239.0,-239.0,-239.0,1.0,0.0,2.0,0.0,0.4,0.9,0.0,0.0,0.0,0.0,1.0,0.0,2.0,0.0,0.4,0.9,-149.5,-149.5,-149.5,-149.5,1.0,0.0,2.0,0.0,0.4,0.9,0.0,0.0,0.0,0.0,1.0,0.0,2.0,0.0,0.4,0.9,-45.3,-45.3,-45.3,-45.3,1.0,0.0,2.0,0.0,0.4,0.9,0.0,0.0,0.0,0.0,1.0,0.0,2.0,0.0,0.4,0.9,1092.5,1092.5,1092.5,1092.5,1.0,0.0,2.0,0.0,0.4,0.9,1095.0,1095.0,1095.0,1095.0,1.0,0.0,2.0,0.0,0.4,0.9
1974,2,67.0,-27.0,24.4,24.75,25.18,24.77,6.0,0.54,12.0,0.5,0.4,0.5,23.88,24.35,25.79,24.7,6.0,1.14,12.0,0.5,0.4,0.5,13.24,14.28,15.29,14.33,6.0,1.13,12.0,0.5,0.4,0.5,70.9,73.9,81.0,74.6,6.0,7.4,12.0,0.5,0.5,7.49,8.75,10.11,8.83,6.0,1.64,12.0,0.5,0.4,0.5,-9.57,-7.64,-6.54,-8.02,6.0,1.65,12.0,0.5,0.4,0.5,0.92,2.07,4.62,2.78,6.0,2.68,12.0,0.5,0.4,0.5,1016.79,1018.15,1020.46,1018.68,6.0,2.48,12.0,0.5,0.4,0.5,1.0,3.5,4.2,3.0,6.0,1.7,12.0,0.5,0.4,0.5,-93.4,-62.5,-55.5,-72.3,6.0,27.0,12.0,0.5,0.4,0.5,6.2,16.6,49.8,26.4,6.0,27.7,12.0,0.5,0.4,0.5,-0.81,-0.1,1.52,0.07,6.0,1.36,12.0,0.5,0.4,0.5,-7.9,-0.6,11.2,-0.4,6.0,13.3,12.0,0.5,0.4,0.5,4.26,5.38,5.91,5.07,6.0,1.34,12.0,0.5,0.4,0.5,33.1,43.9,64.7,45.7,6.0,17.4,12.0,0.5,0.4,0.5,-237.4,-191.1,-156.1,-199.2,6.0,49.0,12.0,0.5,0.4,0.5,22.2,52.2,117.5,68.4,6.0,63.7,12.0,0.5,0.4,0.5,-130.5,-118.6,-94.7,-114.4,6.0,21.1,12.0,0.5,0.4,0.5,13.7,31.8,61.0,38.4,6.0,34.6,12.0,0.5,0.4,0.5,-51.8,-38.8,-32.6,-40.6,6.0,13.8,12.0,0.5,0.4,0.5,2.8,9.7,27.8,15.8,6.0,18.3,12.0,0.5,0.4,0.5,424.5,678.0,1045.0,749.5,6.0,411.5,12.0,0.5,0.4,0.5,425.0,680.0,1045.0,750.0,6.0,410.0,12.0,0.5,0.4,0.5
1974,2,67.0,-26.0,,,,,,,,,,,,,,,,,,,,,,,,,,,,,,,,,,,,,,,,16.0,16.0,16.0,16.0,1.0,0.0,6.0,1.0,0.0,0.9,-13.86,-13.86,-13.86,-13.86,1.0,0.0,6.0,1.0,0.0,0.9,8.0,8.0,8.0,8.0,1.0,0.0,6.0,1.0,0.0,0.9,1017.6,1017.6,1017.6,1017.6,1.0,0.0,6.0,1.0,0.0,0.9,,,,,,,,,,,,,,,,,,,,,,,,,,,,,,,,,,,,,,,,,,,,,,,,,,,,,,,,,,,,,,,,,,,,,,,,,,,,,,,,,,,,,,,,,,,,,,,,,,,,,,,,,,,,,,,,,,,,,,,,,,,,,,,,,,,,,,,,,,,,,,,,,,,,,,
1974,2,67.0,-22.0,,,,,,,,,,,,,,,,,,,,,,,,,,,,,,,,,,,,,,,,6.7,6.7,6.7,6.7,1.0,0.0,8.0,1.0,0.4,0.9,-5.8,-5.8,-5.8,-5.8,1.0,0.0,8.0,1.0,0.4,0.9,3.35,3.35,3.35,3.35,1.0,0.0,8.0,1.0,0.4,0.9,1014.7,1014.7,1014.7,1014.7,1.0,0.0,8.0,1.0,0.4,0.9,5.0,5.0,5.0,5.0,1.0,0.0,8.0,1.0,0.4,0.9,-38.9,-38.9,-38.9,-38.9,1.0,0.0,8.0,1.0,0.4,0.9,22.4,22.4,22.4,22.4,1.0,0.0,8.0,1.0,0.4,0.9,,,,,,,,,,,,,,,,,,,,,,,,,,,,,,,,,,,,,,,,,-153.8,-153.8,-153.8,-153.8,1.0,0.0,8.0,1.0,0.4,0.9,88.8,88.8,88.8,88.8,1.0,0.0,8.0,1.0,0.4,0.9,-95.4,-95.4,-95.4,-95.4,1.0,0.0,8.0,1.0,0.4,0.9,55.1,55.1,55.1,55.1,1.0,0.0,8.0,1.0,0.4,0.9,,,,,,,,,,,,,,,,,,,,,,,,,,,,,,,,,,,,,,,,
1974,2,67.0,-21.0,25.64,26.6,27.56,26.6,2.0,1.98,16.0,0.5,0.7,0.8,24.9,24.9,24.9,24.9,2.0,0.0,16.0,0.5,0.7,0.8,16.59,16.59,16.59,16.59,1.0,0.0,8.0,1.0,0.6,0.7,84.5,84.5,84.5,84.5,1.0,0.0,8.0,1.0,0.7,8.37,9.15,9.93,9.15,2.0,1.63,16.0,0.5,0.7,0.8,-9.48,-7.72,-5.96,-7.72,2.0,3.65,16.0,0.5,0.7,0.8,0.97,3.06,5.16,3.06,2.0,4.33,16.0,0.5,0.7,0.8,1010.47,1011.05,1011.63,1011.05,2.0,1.2,16.0,0.5,0.7,0.8,8.0,8.0,8.0,8.0,1.0,0.0,8.0,1.0,0.6,0.7,-95.8,-73.6,-51.4,-73.6,2.0,45.9,16.0,0.5,0.7,0.8,7.8,24.5,41.2,24.5,2.0,34.7,16.0,0.5,0.7,0.8,0.74,1.7,2.66,1.7,2.0,1.98,16.0,0.5,0.7,0.8,6.5,13.9,21.4,13.9,2.0,15.4,16.0,0.5,0.7,0.8,3.45,3.45,3.45,3.45,1.0,0.0,8.0,1.0,0.6,0.7,35.5,35.5,35.5,35.5,1.0,0.0,8.0,1.0,0.6,0.7,-236.1,-192.3,-148.4,-192.3,2.0,90.8,16.0,0.5,0.7,0.8,24.2,76.3,128.4,76.3,2.0,107.9,16.0,0.5,0.7,0.8,-170.8,-170.8,-170.8,-170.8,1.0,0.0,8.0,1.0,0.6,0.7,0.0,0.0,0.0,0.0,1.0,0.0,8.0,1.0,0.6,0.7,-35.5,-35.5,-35.5,-35.5,1.0,0.0,8.0,1.0,0.6,0.7,0.0,0.0,0.0,0.0,1.0,0.0,8.0,1.0,0.6,0.7,604.0,802.5,1000.5,802.5,2.0,410.5,16.0,0.5,0.7,0.8,605.0,800.0,1000.0,800.0,2.0,410.0,16.0,0.5,0.7,0.8
1974,2,67.0,-17.0,26.0,26.0,26.0,26.0,2.0,0.0,14.0,0.0,0.7,0.5,25.83,25.9,25.97,25.9,2.0,0.14,14.0,0.0,0.7,0.5,15.35,16.61,17.87,16.61,2.0,2.61,14.0,0.0,0.7,0.5,73.3,79.6,85.8,79.6,2.0,13.0,14.0,0.0,0.5,3.25,4.65,6.05,4.65,2.0,2.9,14.0,0.0,0.7,0.5,-5.24,-4.03,-2.82,-4.03,2.0,2.51,14.0,0.0,0.7,0.5,1.63,2.33,3.02,2.33,2.0,1.45,14.0,0.0,0.7,0.5,1009.57,1009.95,1010.33,1009.95,2.0,0.78,14.0,0.0,0.7,0.5,2.8,4.5,6.2,4.5,2.0,3.5,14.0,0.0,0.7,0.5,-33.6,-22.4,-11.1,-22.4,2.0,23.3,14.0,0.0,0.7,0.5,6.4,12.9,19.4,12.9,2.0,13.5,14.0,0.0,0.7,0.5,0.03,0.1,0.17,0.1,2.0,0.14,14.0,0.0,0.7,0.5,0.1,0.3,0.4,0.3,2.0,0.4,14.0,0.0,0.7,0.5,3.21,4.46,5.71,4.46,2.0,2.59,14.0,0.0,0.7,0.5,12.4,24.5,36.6,24.5,2.0,25.0,14.0,0.0,0.7,0.5,-136.1,-104.5,-72.8,-104.5,2.0,65.6,14.0,0.0,0.7,0.5,42.0,60.3,78.6,60.3,2.0,37.9,14.0,0.0,0.7,0.5,-78.7,-63.6,-48.6,-63.6,2.0,31.2,14.0,0.0,0.7,0.5,28.0,36.7,45.4,36.7,2.0,18.0,14.0,0.0,0.7,0.5,-31.7,-21.2,-10.8,-21.2,2.0,21.6,14.0,0.0,0.7,0.5,6.2,12.2,18.3,12.2,2.0,12.5,14.0,0.0,0.7,0.5,62.5,159.0,256.0,159.0,2.0,200.0,14.0,0.0,0.7,0.5,65.0,160.0,255.0,160.0,2.0,200.0,14.0,0.0,0.7,0.5
1974,2,67.0,-16.0,25.91,26.35,26.79,26.35,2.0,0.92,20.0,0.0,0.4,1.0,25.32,25.8,27.3,26.3,3.0,1.51,20.0,0.3,0.5,1.0,16.25,16.65,17.06,16.65,2.0,0.85,20.0,0.5,0.7,1.0,79.1,82.1,85.1,82.1,2.0,6.3,20.0,0.5,1.0,6.91,7.35,7.79,7.35,2.0,0.92,20.0,0.5,0.4,1.0,-6.89,-6.81,-6.74,-6.81,2.0,0.16,20.0,0.5,0.4,1.0,0.63,2.0,3.37,2.0,2.0,2.83,20.0,0.5,0.4,1.0,1010.19,1011.9,1013.06,1011.63,3.0,2.11,20.0,0.3,0.5,1.0,2.0,2.0,4.0,3.0,3.0,1.7,20.0,0.3,0.5,1.0,-53.8,-50.2,-46.6,-50.2,2.0,7.4,20.0,0.5,0.4,1.0,5.1,16.0,26.9,16.0,2.0,22.6,20.0,0.5,0.4,1.0,,,,,,,,,,,,,,,,,,,,,,,,,,,,,,,,,,,,,,,,,-190.6,-183.4,-176.2,-183.4,2.0,14.9,20.0,0.5,0.4,1.0,17.8,56.0,94.2,56.0,2.0,79.2,20.0,0.5,0.4,1.0,-107.6,-107.6,-107.6,-107.6,1.0,0.0,20.0,1.0,0.7,1.0,0.0,0.0,0.0,0.0,1.0,0.0,20.0,1.0,0.7,1.0,,,,,,,,,,,,,,,,,,,,,,,,,,,,,,,,,,,,,,,,
1974,2,67.0,-15.0,27.0,27.05,28.02,27.37,6.0,0.53,12.0,0.5,0.5,0.5,26.53,27.0,27.5,26.93,6.0,0.6,12.0,0.5,0.5,0.5,18.04,18.77,18.89,18.48,4.0,0.72,12.0,0.5,0.4,0.5,79.9,82.9,85.5,82.7,4.0,3.6,12.0,0.5,0.5,4.19,6.0,8.6,6.24,5.0,2.64,12.0,0.6,0.5,0.5,-6.93,-3.86,-2.08,-4.29,5.0,3.07,12.0,0.6,0.5,0.5,3.43,4.6,4.88,4.2,5.0,1.02,12.0,0.6,0.5,0.5,1010.94,1012.35,1013.78,1012.37,6.0,2.34,12.0,0.5,0.5,0.5,1.8,5.5,7.0,4.7,6.0,2.6,12.0,0.5,0.5,0.5,-60.1,-23.1,-10.6,-33.3,5.0,29.8,12.0,0.6,0.5,0.5,15.1,27.6,43.2,28.1,5.0,15.7,12.0,0.6,0.5,0.5,-0.5,0.6,1.14,0.43,6.0,0.84,12.0,0.5,0.5,0.5,-1.2,3.4,6.0,2.4,5.0,4.5,12.0,0.6,0.5,0.5,3.64,4.21,5.6,4.6,4.0,1.3,12.0,0.5,0.4,0.5,20.9,31.5,33.0,27.2,4.0,10.0,12.0,0.5,0.4,0.5,-188.6,-99.9,-56.2,-115.9,5.0,84.4,12.0,0.6,0.5,0.5,92.3,119.0,133.1,112.8,5.0,27.7,12.0,0.6,0.5,0.5,-135.4,-87.4,-27.2,-81.6,4.0,66.9,12.0,0.5,0.4,0.5,58.2,77.7,93.4,75.9,4.0,21.8,12.0,0.5,0.4,0.5,-26.2,-22.1,-10.0,-18.3,4.0,12.6,12.0,0.5,0.4,0.5,14.4,18.1,22.4,18.4,4.0,5.3,12.0,0.5,0.4,0.5,90.5,216.0,644.0,344.5,5.0,325.0,12.0,0.6,0.5,0.5,90.0,215.0,645.0,345.0,5.0,325.0,12.0,0.6,0.5,0.5
1974,2,67.0,-14.0,27.04,27.5,28.89,27.82,15.0,0.89,20.0,0.3,0.6,0.5,26.24,26.6,27.69,26.95,15.0,1.03,18.0,0.3,0.6,0.5,16.87,17.44,18.26,17.52,11.0,0.84,16.0,0.3,0.5,0.5,78.0,78.7,82.8,80.5,11.0,4.2,16.0,0.3,0.5,3.91,5.1,8.2,5.45,17.0,1.91,18.0,0.4,0.6,0.5,-6.29,-3.28,1.19,-2.88,17.0,3.59,18.0,0.4,0.6,0.5,-0.7,2.8,5.12,2.37,17.0,2.75,18.0,0.4,0.6,0.5,1008.45,1010.1,1011.93,1010.02,17.0,1.64,18.0,0.4,0.6,0.5,1.5,3.0,5.5,3.1,17.0,1.9,18.0,0.4,0.6,0.5,-53.1,-16.2,5.7,-18.9,17.0,26.1,18.0,0.4,0.6,0.5,-3.0,19.9,32.0,15.7,17.0,18.5,18.0,0.4,0.6,0.5,-0.49,0.8,2.02,0.76,13.0,1.34,18.0,0.3,0.6,0.5,-2.1,4.0,9.7,3.4,13.0,9.1,18.0,0.3,0.6,0.5,4.47,5.88,7.81,6.03,10.0,1.47,18.0,0.2,0.5,0.5,17.4,28.5,43.2,31.5,10.0,16.2,18.0,0.2,0.5,0.5,-191.3,-85.9,17.8,-87.4,15.0,89.0,18.0,0.3,0.6,0.5,-21.0,78.7,127.8,60.0,15.0,72.4,18.0,0.3,0.6,0.5,-88.9,-53.2,10.9,-46.4,11.0,51.8,16.0,0.3,0.5,0.5,-11.7,50.0,84.8,36.3,11.0,47.9,16.0,0.3,0.5,0.5,-26.4,-16.8,5.1,-16.1,10.0,21.5,18.0,0.2,0.5,0.5,-3.2,20.1,29.4,15.6,10.0,18.5,18.0,0.2,0.5,0.5,66.0,132.5,551.5,220.5,17.0,213.0,18.0,0.4,0.6,0.5,65.0,135.0,550.0,220.0,17.0,215.0,18.0,0.4,0.6,0.5
1974,2,67.0,-13.0,26.78,27.6,28.24,27.56,5.0,0.97,16.0,0.4,0.7,0.2,26.8,26.9,27.1,26.95,4.0,0.19,16.0,0.3,0.6,0.2,17.13,17.32,18.11,17.61,4.0,0.77,16.0,0.3,0.6,0.2,76.8,78.3,81.9,79.3,4.0,4.1,16.0,0.3,0.2,4.34,4.6,4.86,4.6,4.0,0.41,16.0,0.3,0.6,0.2,-4.67,-4.53,-4.27,-4.47,4.0,0.32,16.0,0.3,0.6,0.2,0.01,0.8,1.29,0.66,4.0,1.02,16.0,0.3,0.6,0.2,1009.86,1011.7,1012.14,1011.08,5.0,1.34,16.0,0.4,0.7,0.2,2.0,3.0,4.8,3.6,5.0,2.5,16.0,0.4,0.7,0.2,-22.7,-20.8,-18.6,-20.7,4.0,3.2,16.0,0.3,0.6,0.2,0.2,3.7,6.4,3.3,4.0,4.8,16.0,0.3,0.6,0.2,-0.21,0.3,0.7,0.25,4.0,0.55,16.0,0.3,0.6,0.2,-0.9,1.4,3.2,1.2,4.0,2.5,16.0,0.3,0.6,0.2,3.79,5.41,6.19,5.01,4.0,1.61,16.0,0.3,0.6,0.2,17.9,26.1,28.5,23.3,4.0,8.1,16.0,0.3,0.6,0.2,-126.5,-122.3,-114.5,-120.6,4.0,8.9,16.0,0.3,0.6,0.2,0.2,21.6,35.0,17.8,4.0,27.4,16.0,0.3,0.6,0.2,-80.9,-77.6,-76.4,-78.6,4.0,3.4,16.0,0.3,0.6,0.2,-0.5,13.7,22.5,11.1,4.0,18.1,16.0,0.3,0.6,0.2,-28.0,-25.2,-17.1,-22.7,4.0,8.0,16.0,0.3,0.6,0.2,1.2,4.9,6.9,4.1,4.0,4.4,16.0,0.3,0.6,0.2,82.5,97.5,116.0,99.0,4.0,26.0,16.0,0.3,0.6,0.2,80.0,95.0,115.0,100.0,4.0,25.0,16.0,0.3,0.6,0.2
1974,2,67.0,-12.0,,,,,,,,,,,,,,,,,,,,,,,,,,,,,,,,,,,,,,,,7.7,7.7,7.7,7.7,1.0,0.0,26.0,0.0,0.4,0.6,0.0,0.0,0.0,0.0,1.0,0.0,26.0,0.0,0.4,0.6,7.7,7.7,7.7,7.7,1.0,0.0,26.0,0.0,0.4,0.6,1009.0,1009.0,1009.0,1009.0,1.0,0.0,26.0,0.0,0.4,0.6,,,,,,,,,,,,,,,,,,,,,,,,,,,,,,,,,,,,,,,,,,,,,,,,,,,,,,,,,,,,,,,,,,,,,,,,,,,,,,,,,,,,,,,,,,,,,,,,,,,,,,,,,,,,,,,,,,,,,,,,,,,,,,,,,,,,,,,,,,,,,,,,,,,,,,
1974,2,67.0,-10.0,26.7,26.7,27.86,27.27,3.0,0.98,14.0,0.7,0.2,0.5,26.43,26.7,27.18,26.8,3.0,0.56,14.0,0.7,0.2,0.5,17.33,18.18,18.27,17.81,3.0,0.76,14.0,0.7,0.2,0.5,77.0,83.1,84.8,81.0,3.0,6.0,14.0,0.7,0.5,1.51,2.6,3.62,2.57,3.0,1.55,14.0,0.7,0.2,0.5,-0.25,0.17,0.54,0.14,3.0,0.58,14.0,0.7,0.2,0.5,1.48,2.56,3.57,2.53,3.0,1.53,14.0,0.7,0.2,0.5,1009.88,1010.7,1011.72,1010.8,3.0,1.35,14.0,0.7,0.2,0.5,1.0,3.0,5.7,3.3,3.0,3.5,14.0,0.7,0.2,0.5,-0.7,0.2,2.0,0.6,3.0,2.1,14.0,0.7,0.2,0.5,2.8,6.7,13.4,8.1,3.0,7.9,14.0,0.7,0.2,0.5,0.13,0.4,0.81,0.47,3.0,0.5,14.0,0.7,0.2,0.5,0.3,1.0,1.4,0.9,3.0,0.8,14.0,0.7,0.2,0.5,3.67,3.74,6.22,4.92,3.0,2.13,14.0,0.7,0.2,0.5,8.1,9.7,13.3,10.7,3.0,3.9,14.0,0.7,0.2,0.5,-6.7,4.8,14.3,3.8,3.0,15.4,14.0,0.7,0.2,0.5,40.1,68.4,94.2,67.2,3.0,39.6,14.0,0.7,0.2,0.5,-4.7,2.9,9.8,2.6,3.0,10.6,14.0,0.7,0.2,0.5,26.2,46.5,65.3,45.7,3.0,28.6,14.0,0.7,0.2,0.5,-0.7,1.3,2.2,0.7,3.0,2.2,14.0,0.7,0.2,0.5,8.0,9.6,13.1,10.5,3.0,3.8,14.0,0.7,0.2,0.5,6.5,17.5,52.5,29.0,3.0,35.5,14.0,0.7,0.2,0.5,5.0,20.0,55.0,30.0,3.0,35.0,14.0,0.7,0.2,0.5
1974,2,67.0,-9.0,29.0,29.0,29.0,29.0,1.0,0.0,20.0,0.0,0.0,0.5,27.5,27.5,27.5,27.5,1.0,0.0,20.0,0.0,0.0,0.5,19.59,19.59,19.59,19.59,1.0,0.0,20.0,0.0,0.0,0.5,85.2,85.2,85.2,85.2,1.0,0.0,20.0,0.0,0.5,,,,,,,,,,,,,,,,,,,,,,,,,,,,,,,,,,,,,,,,,,,,,,,,,,,,,,,,,,,,,,,,,,,,,,,,,,,,,,,,,,,,,,,,,,,,,,,,,,,,,,,,,,,,,,,,,,,,,,,,,,,,,,,,,,,,,,,,,,,,,,,,,,,,,,,,,,,,,,,,,,,,,,,,,,,,,,,,,,,,,,,,,,,,,,
1974,2,67.0,-8.0,26.32,27.0,27.68,27.0,2.0,1.41,10.0,0.5,0.4,0.4,26.66,28.5,30.34,28.5,2.0,3.82,10.0,0.5,0.4,0.4,18.18,18.86,19.53,18.86,2.0,1.41,10.0,0.5,0.4,0.4,72.3,77.9,83.5,77.9,2.0,11.6,10.0,0.5,0.4,0.83,1.55,2.27,1.55,2.0,1.48,10.0,0.5,0.4,0.4,0.83,1.55,2.27,1.55,2.0,1.48,10.0,0.5,0.4,0.4,0.0,0.0,0.0,0.0,2.0,0.0,10.0,0.5,0.4,0.4,1009.65,1010.4,1011.15,1010.4,2.0,1.56,10.0,0.5,0.4,0.4,3.0,5.0,7.0,5.0,2.0,4.2,10.0,0.5,0.4,0.4,1.3,3.5,5.7,3.5,2.0,4.6,10.0,0.5,0.4,0.4,0.0,0.0,0.0,0.0,2.0,0.0,10.0,0.5,0.4,0.4,-2.66,-1.5,-0.34,-1.5,2.0,2.4,10.0,0.5,0.4,0.4,-1.3,-0.5,0.2,-0.5,2.0,1.5,10.0,0.5,0.4,0.4,3.29,3.54,3.79,3.54,2.0,0.52,10.0,0.5,0.4,0.4,3.0,5.1,7.3,5.1,2.0,4.5,10.0,0.5,0.4,0.4,23.8,41.3,58.9,41.3,2.0,36.4,10.0,0.5,0.4,0.4,0.0,0.0,0.0,0.0,2.0,0.0,10.0,0.5,0.4,0.4,15.7,28.2,40.6,28.2,2.0,25.8,10.0,0.5,0.4,0.4,0.0,0.0,0.0,0.0,2.0,0.0,10.0,0.5,0.4,0.4,3.0,5.1,7.3,5.1,2.0,4.5,10.0,0.5,0.4,0.4,0.0,0.0,0.0,0.0,2.0,0.0,10.0,0.5,0.4,0.4,3.0,9.0,15.0,9.0,2.0,12.5,10.0,0.5,0.4,0.4,5.0,10.0,15.0,10.0,2.0,10.0,10.0,0.5,0.4,0.4
1974,2,67.0,-7.0,26.18,27.0,27.82,27.0,2.0,1.7,10.0,0.5,0.6,0.3,25.87,26.65,27.43,26.65,2.0,1.63,10.0,0.5,0.6,0.3,17.04,17.37,17.7,17.37,2.0,0.68,10.0,0.5,0.6,0.3,77.6,79.8,82.0,79.8,2.0,4.6,10.0,0.5,0.3,0.41,1.3,2.19,1.3,2.0,1.84,10.0,0.5,0.6,0.3,0.41,1.28,2.15,1.28,2.0,1.81,10.0,0.5,0.6,0.3,-0.38,-0.23,-0.07,-0.23,2.0,0.32,10.0,0.5,0.6,0.3,1012.06,1012.2,1012.34,1012.2,2.0,0.28,10.0,0.5,0.6,0.3,1.3,2.0,2.7,2.0,2.0,1.4,10.0,0.5,0.6,0.3,1.1,3.3,5.6,3.3,2.0,4.7,10.0,0.5,0.6,0.3,-1.0,-0.6,-0.2,-0.6,2.0,0.8,10.0,0.5,0.6,0.3,0.32,0.35,0.38,0.35,2.0,0.07,10.0,0.5,0.6,0.3,0.1,0.4,0.7,0.4,2.0,0.6,10.0,0.5,0.6,0.3,4.23,5.0,5.76,5.0,2.0,1.58,10.0,0.5,0.6,0.3,1.6,5.0,8.5,5.0,2.0,7.1,10.0,0.5,0.6,0.3,10.4,32.6,54.9,32.6,2.0,46.2,10.0,0.5,0.6,0.3,-9.7,-5.8,-1.8,-5.8,2.0,8.1,10.0,0.5,0.6,0.3,6.9,21.6,36.4,21.6,2.0,30.6,10.0,0.5,0.6,0.3,-6.4,-3.8,-1.2,-3.8,2.0,5.4,10.0,0.5,0.6,0.3,1.6,5.0,8.4,5.0,2.0,7.0,10.0,0.5,0.6,0.3,-1.5,-0.9,-0.3,-0.9,2.0,1.2,10.0,0.5,0.6,0.3,3.0,9.0,15.0,9.0,2.0,12.5,10.0,0.5,0.6,0.3,5.0,10.0,15.0,10.0,2.0,10.0,10.0,0.5,0.6,0.3
1974,2,67.0,-6.0,26.85,27.6,28.35,27.6,2.0,1.56,12.0,0.5,0.2,0.4,26.57,27.35,28.13,27.35,2.0,1.63,12.0,0.5,0.2,0.4,17.99,18.36,18.72,18.36,2.0,0.75,12.0,0.5,0.2,0.4,78.6,80.8,83.0,80.8,2.0,4.6,12.0,0.5,0.4,2.6,2.6,2.6,2.6,1.0,0.0,22.0,1.0,0.0,0.6,2.56,2.56,2.56,2.56,1.0,0.0,22.0,1.0,0.0,0.6,-0.45,-0.45,-0.45,-0.45,1.0,0.0,22.0,1.0,0.0,0.6,1011.06,1012.05,1013.04,1012.05,2.0,2.05,12.0,0.5,0.2,0.4,1.8,3.5,5.2,3.5,2.0,3.5,12.0,0.5,0.2,0.4,6.7,6.7,6.7,6.7,1.0,0.0,22.0,1.0,0.0,0.6,-1.2,-1.2,-1.2,-1.2,1.0,0.0,22.0,1.0,0.0,0.6,0.22,0.25,0.28,0.25,2.0,0.07,12.0,0.5,0.2,0.4,0.5,0.5,0.5,0.5,1.0,0.0,22.0,1.0,0.0,0.6,4.13,4.82,5.51,4.82,2.0,1.44,12.0,0.5,0.2,0.4,15.2,15.2,15.2,15.2,1.0,0.0,22.0,1.0,0.0,0.6,73.0,73.0,73.0,73.0,1.0,0.0,22.0,1.0,0.0,0.6,-12.9,-12.9,-12.9,-12.9,1.0,0.0,22.0,1.0,0.0,0.6,48.4,48.4,48.4,48.4,1.0,0.0,22.0,1.0,0.0,0.6,-8.5,-8.5,-8.5,-8.5,1.0,0.0,22.0,1.0,0.0,0.6,14.9,14.9,14.9,14.9,1.0,0.0,22.0,1.0,0.0,0.6,-2.6,-2.6,-2.6,-2.6,1.0,0.0,22.0,1.0,0.0,0.6,17.5,17.5,17.5,17.5,1.0,0.0,22.0,1.0,0.0,0.6,20.0,20.0,20.0,20.0,1.0,0.0,22.0,1.0,0.0,0.6
1974,2,67.0,-5.0,26.51,27.6,28.28,27.4,3.0,1.31,8.0,1.0,0.4,0.3,27.25,28.0,29.23,28.23,3.0,1.46,8.0,1.0,0.4,0.3,16.81,17.44,17.5,17.16,3.0,0.56,8.0,1.0,0.4,0.3,66.4,73.8,77.5,72.0,3.0,8.3,8.0,1.0,0.3,2.26,2.6,4.31,3.27,3.0,1.61,8.0,1.0,0.4,0.3,0.33,1.05,3.81,2.05,3.0,2.69,8.0,1.0,0.4,0.3,-1.77,0.0,1.24,-0.26,3.0,2.22,8.0,1.0,0.4,0.3,1010.22,1010.7,1011.59,1010.9,3.0,1.01,8.0,1.0,0.4,0.3,3.6,5.0,5.7,4.7,3.0,1.5,8.0,1.0,0.4,0.3,0.7,2.2,18.5,9.4,3.0,14.4,8.0,1.0,0.4,0.3,-4.6,0.0,2.6,-1.0,3.0,5.4,8.0,1.0,0.4,0.3,-2.4,0.6,0.67,-0.83,3.0,2.57,8.0,1.0,0.4,0.3,-12.8,1.3,1.6,-5.4,3.0,12.1,8.0,1.0,0.4,0.3,4.88,5.6,6.65,5.76,3.0,1.3,8.0,1.0,0.4,0.3,14.7,15.0,20.6,17.6,3.0,4.9,8.0,1.0,0.4,0.3,9.3,29.4,113.1,60.5,3.0,80.6,8.0,1.0,0.4,0.3,-47.7,0.0,34.8,-6.3,3.0,60.7,8.0,1.0,0.4,0.3,5.8,18.3,63.3,34.2,3.0,44.3,8.0,1.0,0.4,0.3,-31.1,0.0,21.7,-4.6,3.0,38.9,8.0,1.0,0.4,0.3,2.4,7.5,18.2,10.2,3.0,11.8,8.0,1.0,0.4,0.3,-9.9,0.0,8.9,-0.5,3.0,13.8,8.0,1.0,0.4,0.3,12.0,17.5,96.0,53.0,3.0,69.0,8.0,1.0,0.4,0.3,10.0,20.0,95.0,55.0,3.0,70.0,8.0,1.0,0.4,0.3
1974,2,67.0,-3.0,27.8,27.8,27.8,27.8,1.0,0.0,24.0,0.0,0.1,0.1,28.3,28.3,28.3,28.3,1.0,0.0,24.0,0.0,0.1,0.1,17.69,17.69,17.69,17.69,1.0,0.0,24.0,0.0,0.1,0.1,73.4,73.4,73.4,73.4,1.0,0.0,24.0,0.0,0.1,6.7,6.7,6.7,6.7,1.0,0.0,24.0,0.0,0.1,0.1,-2.29,-2.29,-2.29,-2.29,1.0,0.0,24.0,0.0,0.1,0.1,-6.3,-6.3,-6.3,-6.3,1.0,0.0,24.0,0.0,0.1,0.1,1009.1,1009.1,1009.1,1009.1,1.0,0.0,24.0,0.0,0.1,0.1,,,,,,,,,,,,,,,,,,,,,,,,,,,,,,,-0.5,-0.5,-0.5,-0.5,1.0,0.0,24.0,0.0,0.1,0.1,-3.3,-3.3,-3.3,-3.3,1.0,0.0,24.0,0.0,0.1,0.1,5.79,5.79,5.79,5.79,1.0,0.0,24.0,0.0,0.1,0.1,38.8,38.8,38.8,38.8,1.0,0.0,24.0,0.0,0.1,0.1,-64.9,-64.9,-64.9,-64.9,1.0,0.0,24.0,0.0,0.1,0.1,-178.2,-178.2,-178.2,-178.2,1.0,0.0,24.0,0.0,0.1,0.1,-40.5,-40.5,-40.5,-40.5,1.0,0.0,24.0,0.0,0.1,0.1,-111.4,-111.4,-111.4,-111.4,1.0,0.0,24.0,0.0,0.1,0.1,-13.3,-13.3,-13.3,-13.3,1.0,0.0,24.0,0.0,0.1,0.1,-36.4,-36.4,-36.4,-36.4,1.0,0.0,24.0,0.0,0.1,0.1,301.0,301.0,301.0,301.0,1.0,0.0,24.0,0.0,0.1,0.1,300.0,300.0,300.0,300.0,1.0,0.0,24.0,0.0,0.1,0.1
1974,2,67.0,-2.0,27.34,27.6,28.33,27.83,4.0,0.75,18.0,0.8,0.5,0.5,27.07,27.95,28.83,27.95,4.0,1.2,18.0,0.8,0.5,0.5,17.14,17.64,18.4,17.76,4.0,0.92,18.0,0.8,0.5,0.5,70.6,72.9,80.9,75.6,4.0,8.3,18.0,0.8,0.5,4.08,6.2,7.57,5.83,3.0,2.57,22.0,1.0,0.5,0.6,-0.34,1.99,2.08,0.9,3.0,2.01,22.0,1.0,0.5,0.6,-7.36,-5.83,-3.47,-5.43,3.0,2.87,22.0,1.0,0.5,0.6,1008.49,1011.05,1011.88,1010.23,4.0,2.64,18.0,0.8,0.5,0.5,3.5,5.0,6.5,5.0,4.0,1.8,18.0,0.8,0.5,0.5,-6.0,6.2,10.9,2.5,3.0,12.8,22.0,1.0,0.5,0.6,-56.7,-36.1,-16.5,-36.6,3.0,29.4,22.0,1.0,0.5,0.6,-1.39,0.25,1.1,-0.12,4.0,1.58,18.0,0.8,0.5,0.5,-10.6,-4.1,1.2,-4.7,3.0,8.7,22.0,1.0,0.5,0.6,4.48,5.36,7.02,5.73,4.0,1.78,18.0,0.8,0.5,0.5,27.1,30.9,42.0,34.5,3.0,11.3,22.0,1.0,0.5,0.6,-9.9,55.2,60.1,25.8,3.0,57.2,22.0,1.0,0.5,0.6,-209.8,-171.3,-99.3,-154.9,3.0,82.2,22.0,1.0,0.5,0.6,-6.4,33.4,36.3,15.4,3.0,35.0,22.0,1.0,0.5,0.6,-129.5,-103.3,-60.0,-94.9,3.0,51.4,22.0,1.0,0.5,0.6,-2.2,10.6,14.5,6.2,3.0,12.8,22.0,1.0,0.5,0.6,-40.9,-29.0,-22.5,-31.6,3.0,13.7,22.0,1.0,0.5,0.6,96.0,238.5,452.0,273.0,3.0,262.5,22.0,1.0,0.5,0.6,95.0,240.0,450.0,275.0,3.0,265.0,22.0,1.0,0.5,0.6
1974,2,67.0,0.0,27.89,28.6,29.0,28.45,4.0,0.68,18.0,0.8,0.3,0.5,28.14,29.55,30.6,29.38,4.0,1.89,18.0,0.8,0.3,0.5,16.37,17.47,18.41,17.39,4.0,1.29,18.0,0.8,0.3,0.5,65.3,67.7,70.6,67.9,4.0,3.2,18.0,0.8,0.5,1.98,3.85,5.99,3.98,4.0,2.95,18.0,0.8,0.3,0.5,-3.51,-2.47,-0.86,-2.2,4.0,1.69,18.0,0.8,0.3,0.5,-4.98,-2.88,-1.52,-3.23,4.0,2.56,18.0,0.8,0.3,0.5,1009.32,1010.85,1012.43,1010.88,4.0,1.88,18.0,0.8,0.3,0.5,2.0,2.0,2.5,2.3,4.0,0.5,18.0,0.8,0.3,0.5,-21.7,-9.7,-3.1,-12.3,4.0,12.7,18.0,0.8,0.3,0.5,-32.2,-11.0,-5.3,-18.4,4.0,22.5,18.0,0.8,0.3,0.5,-1.98,-0.95,0.13,-0.92,4.0,1.36,18.0,0.8,0.3,0.5,-5.7,-1.4,2.5,-1.6,4.0,5.9,18.0,0.8,0.3,0.5,6.67,7.07,7.27,6.97,4.0,0.41,18.0,0.8,0.3,0.5,12.8,26.2,43.7,28.2,4.0,22.0,18.0,0.8,0.3,0.5,-98.4,-74.7,-27.0,-63.2,4.0,46.7,18.0,0.8,0.3,0.5,-140.7,-88.0,-44.8,-92.5,4.0,67.9,18.0,0.8,0.3,0.5,-58.8,-45.1,-16.1,-37.8,4.0,27.8,18.0,0.8,0.3,0.5,-83.2,-53.0,-27.0,-55.0,4.0,39.9,18.0,0.8,0.3,0.5,-25.6,-17.0,-5.5,-15.6,4.0,12.5,18.0,0.8,0.3,0.5,-35.2,-19.4,-10.8,-22.9,4.0,19.0,18.0,0.8,0.3,0.5,22.5,58.0,272.0,143.0,4.0,211.0,18.0,0.8,0.3,0.5,20.0,60.0,270.0,145.0,4.0,210.0,18.0,0.8,0.3,0.5
1974,2,67.0,1.0,27.9,27.9,27.94,27.92,5.0,0.04,20.0,0.0,0.3,0.5,26.93,27.0,27.04,26.98,5.0,0.11,20.0,0.0,0.3,0.5,17.36,17.45,17.51,17.43,5.0,0.13,20.0,0.0,0.3,0.5,78.3,78.3,78.3,78.3,5.0,0.0,20.0,0.0,0.5,3.0,4.0,4.22,3.72,5.0,0.7,20.0,0.0,0.3,0.5,-2.92,-2.57,0.52,-1.52,5.0,1.91,20.0,0.0,0.3,0.5,-3.06,-2.96,-2.95,-3.0,5.0,0.06,20.0,0.0,0.3,0.5,1009.43,1010.1,1010.83,1010.16,5.0,0.84,20.0,0.0,0.3,0.5,0.0,2.0,2.0,1.2,5.0,1.1,20.0,0.0,0.3,0.5,-12.4,-10.3,1.6,-6.7,5.0,7.9,20.0,0.0,0.3,0.5,-12.7,-12.3,-8.9,-11.2,5.0,2.2,20.0,0.0,0.3,0.5,0.86,0.9,1.04,0.94,5.0,0.11,20.0,0.0,0.3,0.5,3.0,3.3,4.0,3.5,5.0,0.7,20.0,0.0,0.3,0.5,6.1,6.14,6.31,6.19,5.0,0.12,20.0,0.0,0.3,0.5,18.8,24.1,26.1,23.0,5.0,4.3,20.0,0.0,0.3,0.5,-79.0,-69.4,14.0,-41.2,5.0,51.5,20.0,0.0,0.3,0.5,-82.8,-79.8,-79.6,-80.9,5.0,1.8,20.0,0.0,0.3,0.5,-51.2,-44.9,9.0,-26.7,5.0,33.3,20.0,0.0,0.3,0.5,-53.6,-51.6,-51.3,-52.3,5.0,1.3,20.0,0.0,0.3,0.5,-18.1,-15.5,3.2,-9.4,5.0,11.8,20.0,0.0,0.3,0.5,-18.8,-18.6,-18.4,-18.5,5.0,0.3,20.0,0.0,0.3,0.5,27.0,64.0,76.0,56.0,5.0,29.5,20.0,0.0,0.3,0.5,25.0,65.0,75.0,55.0,5.0,30.0,20.0,0.0,0.3,0.5
1974,2,67.0,3.0,,,,,,,,,,,,,,,,,,,,,,,,,,,,,,,,,,,,,,,,4.0,4.0,4.0,4.0,1.0,0.0,14.0,0.0,0.6,0.2,-4.0,-4.0,-4.0,-4.0,1.0,0.0,14.0,0.0,0.6,0.2,0.0,0.0,0.0,0.0,1.0,0.0,14.0,0.0,0.6,0.2,1009.8,1009.8,1009.8,1009.8,1.0,0.0,14.0,0.0,0.6,0.2,,,,,,,,,,,,,,,,,,,,,,,,,,,,,,,,,,,,,,,,,,,,,,,,,,,,,,,,,,,,,,,,,,,,,,,,,,,,,,,,,,,,,,,,,,,,,,,,,,,,,,,,,,,,,,,,,,,,,,,,,,,,,,,,,,,,,,,,,,,,,,,,,,,,,,
1974,2,67.0,4.0,27.47,28.05,28.63,28.05,2.0,1.2,20.0,0.5,0.2,0.5,26.93,28.3,29.67,28.3,2.0,2.83,20.0,0.5,0.2,0.5,16.56,16.67,16.79,16.67,2.0,0.24,20.0,0.5,0.2,0.5,64.7,69.8,74.9,69.8,2.0,10.6,20.0,0.5,0.5,1.57,2.8,4.03,2.8,2.0,2.55,20.0,0.5,0.2,0.5,0.41,0.57,0.73,0.57,2.0,0.32,20.0,0.5,0.2,0.5,-3.96,-2.73,-1.51,-2.73,2.0,2.54,20.0,0.5,0.2,0.5,1009.24,1009.75,1010.26,1009.75,2.0,1.06,20.0,0.5,0.2,0.5,0.2,0.5,0.8,0.5,2.0,0.7,20.0,0.5,0.2,0.5,0.9,2.0,3.1,2.0,2.0,2.4,20.0,0.5,0.2,0.5,-17.7,-10.9,-4.1,-10.9,2.0,14.1,20.0,0.5,0.2,0.5,-1.03,-0.25,0.53,-0.25,2.0,1.63,20.0,0.5,0.2,0.5,-5.3,-2.8,-0.3,-2.8,2.0,5.2,20.0,0.5,0.2,0.5,6.45,7.16,7.88,7.16,2.0,1.49,20.0,0.5,0.2,0.5,11.1,22.0,32.8,22.0,2.0,22.4,20.0,0.5,0.2,0.5,11.4,16.6,21.8,16.6,2.0,10.8,20.0,0.5,0.2,0.5,-119.4,-81.0,-42.6,-81.0,2.0,79.6,20.0,0.5,0.2,0.5,6.9,9.5,12.2,9.5,2.0,5.5,20.0,0.5,0.2,0.5,-66.6,-45.9,-25.2,-45.9,2.0,43.0,20.0,0.5,0.2,0.5,2.8,4.3,5.9,4.3,2.0,3.2,20.0,0.5,0.2,0.5,-32.2,-21.5,-10.7,-21.5,2.0,22.3,20.0,0.5,0.2,0.5,16.5,49.0,82.0,49.0,2.0,68.0,20.0,0.5,0.2,0.5,15.0,50.0,80.0,50.0,2.0,70.0,20.0,0.5,0.2,0.5
1974,2,67.0,5.0,,,,,,,,,,,,,,,,,,,,,,,,,,,,,,,,,,,,,,,,6.0,6.0,6.0,6.0,1.0,0.0,10.0,1.0,0.1,0.4,-5.2,-5.2,-5.2,-5.2,1.0,0.0,10.0,1.0,0.1,0.4,-3.0,-3.0,-3.0,-3.0,1.0,0.0,10.0,1.0,0.1,0.4,1009.9,1009.9,1009.9,1009.9,1.0,0.0,10.0,1.0,0.1,0.4,,,,,,,,,,,,,,,,,,,,,,,,,,,,,,,,,,,,,,,,,,,,,,,,,,,,,,,,,,,,,,,,,,,,,,,,,,,,,,,,,,,,,,,,,,,,,,,,,,,,,,,,,,,,,,,,,,,,,,,,,,,,,,,,,,,,,,,,,,,,,,,,,,,,,,
1974,2,67.0,7.0,,,,,,,,,,,,,,,,,,,,,,,,,,,,,,,,,,,,,,,,6.0,6.0,6.0,6.0,1.0,0.0,2.0,1.0,0.4,0.2,-3.0,-3.0,-3.0,-3.0,1.0,0.0,2.0,1.0,0.4,0.2,-5.2,-5.2,-5.2,-5.2,1.0,0.0,2.0,1.0,0.4,0.2,1013.8,1013.8,1013.8,1013.8,1.0,0.0,2.0,1.0,0.4,0.2,,,,,,,,,,,,,,,,,,,,,,,,,,,,,,,,,,,,,,,,,,,,,,,,,,,,,,,,,,,,,,,,,,,,,,,,,,,,,,,,,,,,,,,,,,,,,,,,,,,,,,,,,,,,,,,,,,,,,,,,,,,,,,,,,,,,,,,,,,,,,,,,,,,,,,
1974,2,67.0,8.0,25.6,25.6,25.6,25.6,1.0,0.0,26.0,0.0,0.2,0.8,28.6,28.6,28.6,28.6,1.0,0.0,26.0,0.0,0.2,0.8,20.7,20.7,20.7,20.7,1.0,0.0,26.0,0.0,0.2,0.8,84.3,84.3,84.3,84.3,1.0,0.0,26.0,0.0,0.8,3.1,3.1,3.1,3.1,1.0,0.0,26.0,0.0,0.2,0.8,-2.37,-2.37,-2.37,-2.37,1.0,0.0,26.0,0.0,0.2,0.8,-1.99,-1.99,-1.99,-1.99,1.0,0.0,26.0,0.0,0.2,0.8,1009.7,1009.7,1009.7,1009.7,1.0,0.0,26.0,0.0,0.2,0.8,1.0,1.0,1.0,1.0,1.0,0.0,26.0,0.0,0.2,0.8,-7.4,-7.4,-7.4,-7.4,1.0,0.0,26.0,0.0,0.2,0.8,-6.2,-6.2,-6.2,-6.2,1.0,0.0,26.0,0.0,0.2,0.8,-3.0,-3.0,-3.0,-3.0,1.0,0.0,26.0,0.0,0.2,0.8,-9.3,-9.3,-9.3,-9.3,1.0,0.0,26.0,0.0,0.2,0.8,-0.12,-0.12,-0.12,-0.12,1.0,0.0,26.0,0.0,0.2,0.8,-0.4,-0.4,-0.4,-0.4,1.0,0.0,26.0,0.0,0.2,0.8,-67.9,-67.9,-67.9,-67.9,1.0,0.0,26.0,0.0,0.2,0.8,-57.0,-57.0,-57.0,-57.0,1.0,0.0,26.0,0.0,0.2,0.8,-49.1,-49.1,-49.1,-49.1,1.0,0.0,26.0,0.0,0.2,0.8,-41.2,-41.2,-41.2,-41.2,1.0,0.0,26.0,0.0,0.2,0.8,0.3,0.3,0.3,0.3,1.0,0.0,26.0,0.0,0.2,0.8,0.2,0.2,0.2,0.2,1.0,0.0,26.0,0.0,0.2,0.8,30.0,30.0,30.0,30.0,1.0,0.0,26.0,0.0,0.2,0.8,30.0,30.0,30.0,30.0,1.0,0.0,26.0,0.0,0.2,0.8
1974,2,67.0,9.0,26.36,28.0,28.34,27.37,3.0,1.55,10.0,0.7,0.2,0.2,26.33,26.75,27.06,26.7,4.0,0.54,16.0,1.0,0.5,0.1,16.43,17.82,19.22,17.82,2.0,2.9,24.0,1.0,0.8,0.0,77.2,81.3,85.4,81.3,2.0,8.5,24.0,1.0,0.0,4.84,5.1,6.1,5.45,4.0,1.06,18.0,0.8,0.5,0.1,-3.14,-1.48,-0.58,-1.84,4.0,1.86,18.0,0.8,0.5,0.1,-5.89,-4.7,-3.53,-4.71,4.0,1.78,18.0,0.8,0.5,0.1,1010.99,1012.7,1014.2,1012.44,5.0,2.55,16.0,0.8,0.4,0.1,1.3,2.0,2.4,1.8,5.0,1.1,16.0,0.8,0.4,0.1,-16.0,-8.7,-4.1,-10.0,4.0,9.3,18.0,0.8,0.5,0.1,-36.9,-22.8,-16.9,-26.7,4.0,15.1,18.0,0.8,0.5,0.1,,,,,,,,,,,,,,,,,,,,,,,,,,,,,,,,,,,,,,,,,-94.9,-45.4,-14.4,-54.4,3.0,59.5,20.0,1.0,0.7,0.1,-125.3,-124.6,-86.0,-106.1,3.0,32.9,20.0,1.0,0.7,0.1,-23.2,-13.8,-4.4,-13.8,2.0,19.5,24.0,1.0,0.8,0.0,-88.9,-83.5,-78.1,-83.5,2.0,11.2,24.0,1.0,0.8,0.0,,,,,,,,,,,,,,,,,,,,,,,,,,,,,,,,,,,,,,,,
1974,2,67.0,10.0,,,,,,,,,,,,,,,,,,,,,,,,,,,,,,,,,,,,,,,,4.0,4.0,4.0,4.0,1.0,0.0,2.0,1.0,0.9,0.7,-3.76,-3.76,-3.76,-3.76,1.0,0.0,2.0,1.0,0.9,0.7,-1.37,-1.37,-1.37,-1.37,1.0,0.0,2.0,1.0,0.9,0.7,1015.1,1015.1,1015.1,1015.1,1.0,0.0,2.0,1.0,0.9,0.7,,,,,,,,,,,,,,,,,,,,,,,,,,,,,,,,,,,,,,,,,,,,,,,,,,,,,,,,,,,,,,,,,,,,,,,,,,,,,,,,,,,,,,,,,,,,,,,,,,,,,,,,,,,,,,,,,,,,,,,,,,,,,,,,,,,,,,,,,,,,,,,,,,,,,,
1974,2,67.0,13.0,26.0,26.6,27.36,26.68,4.0,0.79,12.0,0.8,0.7,0.8,24.57,25.8,26.33,25.52,5.0,1.11,12.0,0.8,0.7,0.7,13.34,16.17,16.36,14.88,3.0,2.48,18.0,1.0,0.8,0.7,63.5,74.6,76.4,70.0,3.0,10.2,18.0,1.0,0.7,5.39,6.0,8.05,6.7,3.0,2.04,8.0,0.7,0.6,0.7,-3.63,-1.74,0.16,-1.73,3.0,2.77,8.0,0.7,0.6,0.7,-7.2,-5.91,-5.15,-6.17,3.0,1.52,8.0,0.7,0.6,0.7,1012.06,1013.1,1013.95,1012.98,5.0,1.14,12.0,0.8,0.7,0.7,1.6,2.0,2.7,2.2,5.0,1.1,12.0,0.8,0.7,0.7,-30.5,-8.9,1.4,-14.4,3.0,23.9,8.0,0.7,0.6,0.7,-59.1,-35.5,-27.9,-43.3,3.0,23.9,8.0,0.7,0.6,0.7,1.15,1.45,1.86,1.5,4.0,0.42,12.0,0.8,0.7,0.8,7.3,8.7,15.0,11.1,3.0,6.1,8.0,0.7,0.6,0.7,7.12,8.67,10.21,8.67,2.0,3.2,18.0,1.0,0.8,0.9,55.7,55.7,55.7,55.7,1.0,0.0,12.0,1.0,0.8,0.9,-88.0,-45.0,3.4,-42.4,3.0,67.0,8.0,0.7,0.6,0.7,-174.4,-147.1,-131.1,-152.6,3.0,32.1,8.0,0.7,0.6,0.7,-21.0,-21.0,-21.0,-21.0,1.0,0.0,12.0,1.0,0.8,0.9,-57.6,-57.6,-57.6,-57.6,1.0,0.0,12.0,1.0,0.8,0.9,-19.1,-19.1,-19.1,-19.1,1.0,0.0,12.0,1.0,0.8,0.9,-52.4,-52.4,-52.4,-52.4,1.0,0.0,12.0,1.0,0.8,0.9,159.0,216.0,566.0,359.0,3.0,323.0,8.0,0.7,0.6,0.7,160.0,215.0,565.0,360.0,3.0,325.0,8.0,0.7,0.6,0.7
1974,2,67.0,14.0,25.11,25.95,26.86,25.92,6.0,1.0,16.0,0.3,0.4,0.4,24.27,25.3,25.52,24.88,6.0,0.99,16.0,0.3,0.4,0.4,15.3,15.85,16.93,16.2,6.0,1.3,16.0,0.3,0.4,0.4,75.4,83.2,88.7,82.6,6.0,6.7,16.0,0.3,0.4,2.77,5.15,6.11,4.72,6.0,2.18,16.0,0.3,0.4,0.4,-2.34,-1.14,0.2,-1.18,6.0,1.68,16.0,0.3,0.4,0.4,-5.83,-4.94,-2.51,-4.25,6.0,2.29,16.0,0.3,0.4,0.4,1011.28,1012.4,1013.2,1012.28,6.0,1.13,16.0,0.3,0.4,0.4,0.8,1.5,2.2,1.5,6.0,1.0,16.0,0.3,0.4,0.4,-14.9,-2.9,1.2,-6.8,6.0,12.4,16.0,0.3,0.4,0.4,-36.0,-25.7,-7.7,-24.1,6.0,18.0,16.0,0.3,0.4,0.4,0.5,1.2,1.46,1.03,6.0,0.59,16.0,0.3,0.4,0.4,3.7,5.6,6.6,5.0,6.0,2.7,16.0,0.3,0.4,0.4,3.62,4.08,6.13,4.74,6.0,1.57,16.0,0.3,0.4,0.4,13.6,22.0,29.4,22.6,6.0,12.9,16.0,0.3,0.4,0.4,-58.4,-28.8,4.7,-30.2,6.0,42.1,16.0,0.3,0.4,0.4,-139.8,-122.3,-63.8,-105.4,6.0,56.8,16.0,0.3,0.4,0.4,-37.4,-19.6,3.1,-19.2,6.0,26.1,16.0,0.3,0.4,0.4,-90.2,-85.3,-37.8,-68.6,6.0,36.7,16.0,0.3,0.4,0.4,-11.5,-4.1,0.8,-5.9,6.0,9.1,16.0,0.3,0.4,0.4,-27.0,-21.9,-12.5,-20.5,6.0,12.3,16.0,0.3,0.4,0.4,24.5,141.5,241.0,159.5,6.0,164.0,16.0,0.3,0.4,0.4,25.0,140.0,240.0,160.0,6.0,165.0,16.0,0.3,0.4,0.4
1974,2,67.0,15.0,25.86,26.0,27.37,26.6,3.0,1.22,12.0,0.7,0.4,0.2,24.65,25.2,25.68,25.17,3.0,0.75,12.0,0.7,0.4,0.2,13.98,14.37,14.77,14.37,2.0,0.82,14.0,0.5,0.6,0.3,70.8,73.9,77.0,73.9,2.0,6.4,14.0,0.5,0.3,5.86,7.7,8.04,6.97,3.0,1.72,12.0,0.7,0.4,0.2,-2.37,1.34,1.59,-0.35,3.0,3.25,12.0,0.7,0.4,0.2,-7.43,-7.1,-5.46,-6.46,3.0,1.55,12.0,0.7,0.4,0.2,1011.9,1016.0,1016.0,1014.0,3.0,3.46,12.0,0.7,0.4,0.2,2.0,4.0,5.4,3.7,3.0,2.5,12.0,0.7,0.4,0.2,-20.2,8.6,9.7,-4.9,3.0,24.9,12.0,0.7,0.4,0.2,-58.3,-58.2,-34.5,-46.7,3.0,20.1,12.0,0.7,0.4,0.2,0.92,1.6,1.94,1.43,3.0,0.76,12.0,0.7,0.4,0.2,6.7,10.5,11.7,9.2,3.0,3.9,12.0,0.7,0.4,0.2,6.24,6.51,6.77,6.51,2.0,0.56,14.0,0.5,0.6,0.3,48.6,51.8,55.1,51.8,2.0,6.7,14.0,0.5,0.6,0.3,-60.2,32.6,40.6,-8.8,3.0,82.1,12.0,0.7,0.4,0.2,-183.1,-179.0,-139.9,-161.9,3.0,34.9,12.0,0.7,0.4,0.2,-44.4,-18.3,7.9,-18.3,2.0,54.1,14.0,0.5,0.6,0.3,-111.0,-105.7,-100.4,-105.7,2.0,10.9,14.0,0.5,0.6,0.3,-22.5,-10.1,2.4,-10.1,2.0,25.8,14.0,0.5,0.6,0.3,-48.6,-47.7,-46.8,-47.7,2.0,1.9,14.0,0.5,0.6,0.3,230.0,456.5,521.5,377.5,3.0,224.0,12.0,0.7,0.4,0.2,230.0,455.0,520.0,380.0,3.0,225.0,12.0,0.7,0.4,0.2
1974,2,67.0,16.0,25.01,26.05,26.49,25.92,14.0,0.67,12.0,0.5,0.5,0.6,23.22,25.0,26.3,24.68,15.0,1.62,12.0,0.5,0.5,0.6,11.82,14.23,15.58,13.84,15.0,1.82,12.0,0.5,0.5,0.6,63.2,71.4,76.5,71.5,15.0,8.2,12.0,0.5,0.6,3.13,7.95,9.3,6.65,14.0,3.25,12.0,0.5,0.5,0.6,-5.13,-0.23,0.0,-1.66,14.0,2.86,12.0,0.5,0.5,0.6,-8.67,-6.45,-2.94,-5.99,14.0,2.91,12.0,0.5,0.5,0.6,1010.42,1012.6,1015.8,1013.27,15.0,2.77,12.0,0.5,0.5,0.6,0.0,0.0,2.8,1.1,15.0,1.5,12.0,0.5,0.5,0.6,-42.1,-0.6,0.0,-14.7,14.0,27.2,12.0,0.5,0.5,0.6,-75.4,-55.4,-9.2,-48.1,14.0,33.3,12.0,0.5,0.5,0.6,-0.34,1.05,2.0,1.19,14.0,1.56,12.0,0.5,0.5,0.6,-2.0,4.9,15.6,8.0,13.0,13.7,12.0,0.5,0.5,0.6,5.13,6.64,9.21,7.1,14.0,2.15,12.0,0.5,0.5,0.6,14.2,39.4,91.1,48.3,13.0,33.4,12.0,0.5,0.5,0.6,-128.6,-6.1,0.0,-42.7,14.0,72.9,12.0,0.5,0.5,0.6,-203.0,-165.7,-70.9,-147.4,14.0,70.0,12.0,0.5,0.5,0.6,-66.3,-3.6,0.0,-21.8,14.0,37.1,12.0,0.5,0.5,0.6,-111.7,-88.6,-46.1,-81.8,14.0,38.0,12.0,0.5,0.5,0.6,-32.1,-2.5,0.0,-14.7,13.0,22.7,12.0,0.5,0.5,0.6,-84.3,-37.3,-13.9,-43.0,13.0,29.9,12.0,0.5,0.5,0.6,31.0,504.0,804.5,470.5,14.0,396.5,12.0,0.5,0.5,0.6,30.0,505.0,805.0,470.0,14.0,395.0,12.0,0.5,0.5,0.6
1974,2,67.0,17.0,24.55,25.6,25.99,25.71,14.0,1.25,14.0,0.4,0.4,0.5,23.31,24.05,26.69,24.44,14.0,1.76,14.0,0.4,0.4,0.5,11.19,14.47,15.5,13.45,13.0,2.32,16.0,0.4,0.4,0.5,64.6,71.3,80.5,71.2,13.0,9.6,16.0,0.4,0.5,4.05,7.2,9.35,6.75,13.0,2.34,14.0,0.5,0.4,0.5,-5.18,-1.8,1.0,-1.43,13.0,3.45,14.0,0.5,0.4,0.5,-7.82,-5.27,-3.6,-5.8,13.0,2.08,14.0,0.5,0.4,0.5,1012.91,1014.15,1016.51,1014.25,14.0,2.02,14.0,0.4,0.4,0.5,0.0,0.0,1.0,0.5,14.0,1.1,14.0,0.4,0.4,0.5,-41.0,-6.5,4.9,-12.5,13.0,29.0,14.0,0.5,0.4,0.5,-68.5,-38.4,-14.4,-43.2,13.0,27.9,14.0,0.5,0.4,0.5,0.32,1.4,2.49,1.28,14.0,2.18,14.0,0.4,0.4,0.5,1.4,8.7,15.6,9.8,13.0,17.1,14.0,0.5,0.4,0.5,5.0,6.41,9.98,7.37,13.0,2.81,16.0,0.4,0.4,0.5,24.2,43.4,85.2,53.5,12.0,34.1,16.0,0.4,0.4,0.5,-126.4,-50.4,24.0,-33.5,13.0,86.3,14.0,0.5,0.4,0.5,-193.6,-142.3,-87.2,-141.2,13.0,47.1,14.0,0.5,0.4,0.5,-52.0,-15.3,16.8,-14.3,12.0,46.7,16.0,0.4,0.4,0.5,-104.5,-79.0,-50.8,-79.5,12.0,25.8,16.0,0.4,0.4,0.5,-43.3,-3.1,6.8,-10.1,12.0,32.7,16.0,0.4,0.4,0.5,-60.3,-40.8,-21.6,-45.5,12.0,29.2,16.0,0.4,0.4,0.5,67.0,373.0,817.5,411.0,13.0,355.5,14.0,0.5,0.4,0.5,65.0,375.0,815.0,410.0,13.0,355.0,14.0,0.5,0.4,0.5
1974,2,67.0,18.0,24.39,25.1,26.49,25.43,4.0,1.38,16.0,0.5,0.5,0.3,24.4,25.25,26.57,25.48,4.0,1.29,16.0,0.5,0.5,0.3,11.46,13.68,14.86,13.19,4.0,2.68,16.0,0.5,0.5,0.3,57.3,68.2,71.9,64.7,4.0,10.2,16.0,0.5,0.3,4.73,5.1,8.47,6.36,5.0,2.34,14.0,0.4,0.4,0.3,-5.92,-2.05,-0.78,-3.1,5.0,3.29,14.0,0.4,0.4,0.3,-6.29,-4.79,-2.25,-4.37,5.0,3.05,14.0,0.4,0.4,0.3,1012.79,1014.4,1016.01,1014.4,4.0,2.37,16.0,0.5,0.5,0.3,2.0,3.5,5.0,3.5,4.0,1.7,14.0,0.5,0.5,0.3,-52.1,-8.9,-3.7,-24.0,5.0,27.9,14.0,0.4,0.4,0.3,-46.6,-24.4,-9.2,-29.6,5.0,31.7,14.0,0.4,0.4,0.3,-0.36,0.0,0.25,-0.05,4.0,0.37,16.0,0.5,0.5,0.3,-3.0,0.4,1.5,-0.7,4.0,3.0,16.0,0.5,0.5,0.3,6.16,6.84,8.11,7.12,4.0,1.55,16.0,0.5,0.5,0.3,36.4,40.4,55.4,45.7,4.0,14.6,16.0,0.5,0.5,0.3,-159.3,-89.0,-11.3,-85.5,4.0,92.2,16.0,0.5,0.5,0.3,-180.6,-111.1,-41.2,-110.9,4.0,92.6,16.0,0.5,0.5,0.3,-87.2,-43.1,-1.9,-44.5,4.0,52.6,16.0,0.5,0.5,0.3,-98.6,-56.8,-16.0,-57.3,4.0,50.9,16.0,0.5,0.5,0.3,-38.3,-26.2,-5.9,-22.3,4.0,21.3,16.0,0.5,0.5,0.3,-46.8,-33.6,-15.7,-31.3,4.0,23.8,16.0,0.5,0.5,0.3,109.5,132.5,633.5,346.5,5.0,365.5,14.0,0.4,0.4,0.3,110.0,135.0,635.0,345.0,5.0,365.0,14.0,0.4,0.4,0.3
1974,2,67.0,19.0,25.1,25.3,27.14,26.1,3.0,1.65,22.0,0.7,0.5,0.4,21.57,23.65,24.16,22.9,4.0,1.98,22.0,0.8,0.6,0.3,10.88,13.33,14.69,12.81,4.0,2.36,22.0,0.8,0.6,0.3,65.7,72.9,80.9,73.3,4.0,9.0,22.0,0.8,0.3,5.79,10.0,12.38,9.13,4.0,4.19,22.0,0.8,0.6,0.3,-6.85,-4.65,-2.86,-4.85,4.0,2.71,22.0,0.8,0.6,0.3,-10.51,-8.08,-4.62,-7.59,4.0,3.62,22.0,0.8,0.6,0.3,1012.57,1013.35,1013.71,1013.15,4.0,0.82,22.0,0.8,0.6,0.3,0.0,0.0,2.6,1.3,4.0,2.5,22.0,0.8,0.6,0.3,-78.7,-45.4,-24.0,-51.1,4.0,41.6,22.0,0.8,0.6,0.3,-129.2,-89.5,-30.4,-80.3,4.0,58.8,22.0,0.8,0.6,0.3,1.22,1.7,3.27,2.23,3.0,1.57,22.0,0.7,0.5,0.4,7.9,11.8,26.1,16.9,3.0,14.1,22.0,0.7,0.5,0.4,5.93,8.03,8.78,7.37,3.0,2.16,22.0,0.7,0.5,0.4,35.9,74.9,88.4,62.5,3.0,39.9,22.0,0.7,0.5,0.4,-147.1,-112.3,-68.7,-108.1,4.0,52.1,22.0,0.8,0.6,0.3,-235.3,-174.2,-109.8,-172.6,4.0,82.6,22.0,0.8,0.6,0.3,-79.0,-62.8,-37.2,-58.3,4.0,25.5,22.0,0.8,0.6,0.3,-116.3,-94.0,-67.7,-92.1,4.0,36.1,22.0,0.8,0.6,0.3,-43.1,-32.4,-16.4,-29.8,3.0,19.7,22.0,0.7,0.5,0.4,-79.0,-57.3,-28.7,-53.9,3.0,36.9,22.0,0.7,0.5,0.4,287.0,1097.0,1907.0,1097.0,4.0,966.5,22.0,0.8,0.6,0.3,285.0,1095.0,1905.0,1095.0,4.0,965.0,22.0,0.8,0.6,0.3
1974,2,67.0,20.0,23.94,24.3,24.52,24.16,7.0,0.72,20.0,0.9,0.6,0.5,22.04,23.25,24.76,23.45,8.0,1.33,18.0,0.9,0.6,0.5,9.78,12.05,14.92,12.38,6.0,2.78,20.0,0.8,0.6,0.5,55.0,60.4,83.6,66.5,7.0,15.6,20.0,0.9,0.5,5.67,7.2,8.71,7.16,7.0,1.53,22.0,0.9,0.7,0.5,-0.13,1.25,4.12,1.86,7.0,3.22,22.0,0.9,0.7,0.5,-7.75,-5.79,-4.73,-6.21,7.0,1.64,22.0,0.9,0.7,0.5,1012.96,1014.2,1015.2,1014.3,7.0,1.56,18.0,0.9,0.6,0.5,0.0,0.0,0.0,0.0,8.0,0.0,18.0,0.9,0.6,0.5,-1.1,9.0,26.5,13.4,7.0,26.6,22.0,0.9,0.7,0.5,-63.8,-51.1,-26.0,-46.0,7.0,19.8,22.0,0.9,0.7,0.5,-1.22,1.0,2.0,0.5,7.0,1.56,20.0,0.9,0.6,0.5,-10.0,3.7,10.6,0.9,6.0,11.5,24.0,0.8,0.7,0.5,4.0,6.56,8.92,6.37,6.0,2.7,20.0,0.8,0.6,0.5,34.7,50.2,61.8,48.5,5.0,16.3,22.0,0.8,0.7,0.5,-2.9,31.9,93.0,44.0,7.0,75.3,22.0,0.9,0.7,0.5,-182.5,-141.2,-105.9,-146.7,7.0,43.9,22.0,0.9,0.7,0.5,0.0,36.3,55.7,32.3,5.0,36.3,22.0,0.8,0.7,0.5,-82.9,-74.0,-43.8,-66.7,5.0,23.3,22.0,0.8,0.7,0.5,0.0,30.1,34.1,19.9,5.0,18.3,22.0,0.8,0.7,0.5,-53.2,-38.5,-26.1,-40.7,5.0,17.6,22.0,0.8,0.7,0.5,182.5,373.0,662.0,410.0,7.0,238.5,22.0,0.9,0.7,0.5,185.0,375.0,660.0,410.0,7.0,240.0,22.0,0.9,0.7,0.5
1974,2,67.0,21.0,24.1,24.3,24.4,24.25,4.0,0.19,6.0,0.3,0.5,0.4,20.95,23.0,23.27,22.13,3.0,1.86,6.0,0.0,0.6,0.4,8.81,9.8,13.67,11.21,3.0,3.77,6.0,0.0,0.6,0.4,54.3,67.9,80.5,67.4,3.0,19.2,6.0,0.0,0.4,3.79,6.65,8.78,6.3,4.0,3.04,6.0,0.3,0.5,0.4,-1.28,1.59,4.28,1.5,4.0,3.41,6.0,0.3,0.5,0.4,-7.57,-5.69,-2.89,-5.25,4.0,3.28,6.0,0.3,0.5,0.4,1013.52,1014.0,1016.73,1015.1,3.0,2.54,6.0,0.0,0.6,0.4,0.0,0.0,0.5,0.3,4.0,0.5,6.0,0.3,0.5,0.4,-3.3,14.8,36.7,16.6,4.0,23.7,6.0,0.3,0.5,0.4,-67.1,-38.8,-13.6,-40.3,4.0,33.9,6.0,0.3,0.5,0.4,1.06,1.2,3.38,2.2,3.0,1.91,6.0,0.0,0.6,0.4,3.7,6.1,29.9,16.5,3.0,21.2,6.0,0.0,0.6,0.4,5.36,9.18,10.07,7.75,3.0,3.66,6.0,0.0,0.6,0.4,23.3,53.4,75.2,49.4,3.0,38.2,6.0,0.0,0.6,0.4,-39.0,0.0,43.4,2.1,3.0,60.4,6.0,0.0,0.6,0.4,-156.5,-117.3,-51.4,-104.3,3.0,77.8,6.0,0.0,0.6,0.4,-25.8,0.0,21.3,-2.2,3.0,34.5,6.0,0.0,0.6,0.4,-72.0,-42.5,-22.9,-47.3,3.0,36.2,6.0,0.0,0.6,0.4,-6.0,0.0,19.9,6.8,3.0,19.9,6.0,0.0,0.6,0.4,-71.7,-53.4,-19.1,-45.6,3.0,39.1,6.0,0.0,0.6,0.4,72.5,342.0,684.0,376.5,4.0,366.0,6.0,0.3,0.5,0.4,70.0,340.0,685.0,375.0,4.0,365.0,6.0,0.3,0.5,0.4
1974,2,67.0,22.0,22.0,23.0,24.0,22.99,25.0,0.93,8.0,0.5,0.7,0.8,19.0,20.0,21.31,20.24,23.0,1.71,8.0,0.5,0.7,0.8,9.74,12.46,15.19,12.46,2.0,5.65,18.0,0.0,0.5,0.6,66.4,74.8,83.1,74.8,2.0,17.3,18.0,0.0,0.6,6.0,7.2,11.0,7.92,19.0,2.48,8.0,0.4,0.8,0.8,-8.43,-3.76,4.09,-2.66,19.0,5.59,8.0,0.4,0.8,0.8,-7.07,-5.36,-1.71,-4.77,19.0,3.12,8.0,0.4,0.8,0.8,1017.99,1020.15,1021.94,1019.56,24.0,2.86,8.0,0.5,0.7,0.8,0.0,0.0,2.2,0.8,25.0,1.3,8.0,0.5,0.7,0.8,-92.7,-26.0,29.8,-28.9,19.0,52.4,8.0,0.4,0.8,0.8,-77.8,-33.8,-6.9,-41.8,19.0,36.3,8.0,0.4,0.8,0.8,1.0,4.0,4.0,2.79,23.0,1.54,8.0,0.5,0.7,0.8,8.3,24.0,44.0,23.6,19.0,15.4,8.0,0.4,0.8,0.8,4.68,6.32,7.97,6.32,2.0,3.41,18.0,0.0,0.5,0.6,39.3,41.4,43.6,41.4,2.0,4.4,18.0,0.0,0.5,0.6,-161.3,-74.9,81.7,-52.3,19.0,116.4,8.0,0.4,0.8,0.8,-139.0,-112.8,-32.6,-94.0,19.0,61.5,8.0,0.4,0.8,0.8,-140.5,-101.0,-61.5,-101.0,2.0,81.8,18.0,0.0,0.5,0.6,4.4,14.0,23.6,14.0,2.0,19.8,18.0,0.0,0.5,0.6,-43.5,-41.1,-38.8,-41.1,2.0,4.8,18.0,0.0,0.5,0.6,1.1,3.3,5.6,3.3,2.0,4.7,18.0,0.0,0.5,0.6,216.0,373.0,1331.0,643.0,19.0,589.0,8.0,0.4,0.8,0.8,215.0,375.0,1330.0,645.0,19.0,590.0,8.0,0.4,0.8,0.8
1974,2,67.0,23.0,21.77,23.0,23.76,23.0,6.0,2.13,16.0,0.0,0.4,0.4,21.16,21.7,22.21,21.77,6.0,0.73,16.0,0.0,0.4,0.4,8.06,8.93,11.32,9.66,4.0,2.46,18.0,0.0,0.4,0.5,50.7,56.0,66.7,58.5,4.0,12.4,18.0,0.0,0.5,1.0,5.4,7.7,4.7,6.0,3.05,16.0,0.0,0.4,0.4,-5.26,-2.0,1.55,-1.72,6.0,4.07,16.0,0.0,0.4,0.4,-5.15,-2.35,0.0,-2.59,6.0,2.76,16.0,0.0,0.4,0.4,1015.54,1015.95,1017.29,1016.32,6.0,1.03,16.0,0.0,0.4,0.4,0.0,0.0,0.0,0.0,6.0,0.0,16.0,0.0,0.4,0.4,-39.6,-12.5,5.1,-14.5,6.0,26.0,16.0,0.0,0.4,0.4,-39.6,-12.6,0.0,-18.1,6.0,20.8,16.0,0.0,0.4,0.4,-0.07,1.3,2.35,1.23,6.0,1.64,16.0,0.0,0.4,0.4,-0.9,1.8,10.5,4.2,6.0,9.8,16.0,0.0,0.4,0.4,6.64,8.0,9.28,7.96,4.0,1.67,18.0,0.0,0.4,0.5,41.6,47.7,63.2,52.2,4.0,16.6,18.0,0.0,0.4,0.5,-114.9,-44.6,34.4,-36.8,6.0,89.3,16.0,0.0,0.4,0.4,-110.1,-53.8,0.0,-57.1,6.0,60.8,16.0,0.0,0.4,0.4,-49.1,-42.3,7.5,-21.8,4.0,47.1,18.0,0.0,0.4,0.5,-51.5,-43.6,-20.3,-36.2,4.0,25.1,18.0,0.0,0.4,0.5,-43.4,-36.4,-0.2,-22.5,4.0,36.6,18.0,0.0,0.4,0.5,-48.4,-33.7,-14.1,-31.4,4.0,24.1,18.0,0.0,0.4,0.5,1.0,159.0,456.5,205.5,6.0,207.5,16.0,0.0,0.4,0.4,0.0,160.0,455.0,205.0,6.0,210.0,16.0,0.0,0.4,0.4
1974,2,68.0,-66.0,,,,,,,,,,,,,,,,,,,,,,,,,,,,,,,,,,,,,,,,4.6,4.6,4.6,4.6,1.0,0.0,26.0,1.0,0.2,1.0,2.96,2.96,2.96,2.96,1.0,0.0,26.0,1.0,0.2,1.0,-3.52,-3.52,-3.52,-3.52,1.0,0.0,26.0,1.0,0.2,1.0,994.2,994.2,994.2,994.2,1.0,0.0,26.0,1.0,0.2,1.0,,,,,,,,,,,,,,,,,,,,,,,,,,,,,,,,,,,,,,,,,,,,,,,,,,,,,,,,,,,,,,,,,,,,,,,,,,,,,,,,,,,,,,,,,,,,,,,,,,,,,,,,,,,,,,,,,,,,,,,,,,,,,,,,,,,,,,,,,,,,,,,,,,,,,,
1974,2,68.0,-63.0,0.3,0.3,0.3,0.3,1.0,0.0,12.0,0.0,0.1,0.4,0.1,0.1,0.1,0.1,1.0,0.0,12.0,0.0,0.1,0.4,3.83,3.83,3.83,3.83,1.0,0.0,12.0,0.0,0.1,0.4,98.6,98.6,98.6,98.6,1.0,0.0,12.0,0.0,0.4,8.7,8.7,8.7,8.7,1.0,0.0,12.0,0.0,0.1,0.4,7.53,7.53,7.53,7.53,1.0,0.0,12.0,0.0,0.1,0.4,4.35,4.35,4.35,4.35,1.0,0.0,12.0,0.0,0.1,0.4,991.8,991.8,991.8,991.8,1.0,0.0,12.0,0.0,0.1,0.4,7.0,7.0,7.0,7.0,1.0,0.0,12.0,0.0,0.1,0.4,65.5,65.5,65.5,65.5,1.0,0.0,12.0,0.0,0.1,0.4,37.8,37.8,37.8,37.8,1.0,0.0,12.0,0.0,0.1,0.4,0.2,0.2,0.2,0.2,1.0,0.0,12.0,0.0,0.1,0.4,1.7,1.7,1.7,1.7,1.0,0.0,12.0,0.0,0.1,0.4,0.11,0.11,0.11,0.11,1.0,0.0,12.0,0.0,0.1,0.4,1.0,1.0,1.0,1.0,1.0,0.0,12.0,0.0,0.1,0.4,0.8,0.8,0.8,0.8,1.0,0.0,12.0,0.0,0.1,0.4,0.4,0.4,0.4,0.4,1.0,0.0,12.0,0.0,0.1,0.4,28.9,28.9,28.9,28.9,1.0,0.0,12.0,0.0,0.1,0.4,16.7,16.7,16.7,16.7,1.0,0.0,12.0,0.0,0.1,0.4,0.9,0.9,0.9,0.9,1.0,0.0,12.0,0.0,0.1,0.4,0.5,0.5,0.5,0.5,1.0,0.0,12.0,0.0,0.1,0.4,658.5,658.5,658.5,658.5,1.0,0.0,12.0,0.0,0.1,0.4,660.0,660.0,660.0,660.0,1.0,0.0,12.0,0.0,0.1,0.4
1974,2,68.0,-62.0,,,,,,,,,,,,,,,,,,,,,,,,,,,,,,,,,,,,,,,,5.0,5.0,5.0,5.0,1.0,0.0,10.0,1.0,0.5,0.2,4.7,4.7,4.7,4.7,1.0,0.0,10.0,1.0,0.5,0.2,-1.71,-1.71,-1.71,-1.71,1.0,0.0,10.0,1.0,0.5,0.2,981.8,981.8,981.8,981.8,1.0,0.0,10.0,1.0,0.5,0.2,,,,,,,,,,,,,,,,,,,,,,,,,,,,,,,,,,,,,,,,,,,,,,,,,,,,,,,,,,,,,,,,,,,,,,,,,,,,,,,,,,,,,,,,,,,,,,,,,,,,,,,,,,,,,,,,,,,,,,,,,,,,,,,,,,,,,,,,,,,,,,,,,,,,,,
1974,2,68.0,-50.0,5.0,5.0,5.0,5.0,1.0,0.0,18.0,1.0,0.5,0.8,6.0,6.0,6.0,6.0,1.0,0.0,18.0,1.0,0.5,0.8,4.19,4.19,4.19,4.19,1.0,0.0,18.0,1.0,0.5,0.8,72.9,72.9,72.9,72.9,1.0,0.0,18.0,1.0,0.8,0.0,0.0,0.0,0.0,1.0,0.0,18.0,1.0,0.5,0.8,0.0,0.0,0.0,0.0,1.0,0.0,18.0,1.0,0.5,0.8,0.0,0.0,0.0,0.0,1.0,0.0,18.0,1.0,0.5,0.8,1017.0,1017.0,1017.0,1017.0,1.0,0.0,18.0,1.0,0.5,0.8,6.0,6.0,6.0,6.0,1.0,0.0,18.0,1.0,0.5,0.8,0.0,0.0,0.0,0.0,1.0,0.0,18.0,1.0,0.5,0.8,0.0,0.0,0.0,0.0,1.0,0.0,18.0,1.0,0.5,0.8,-1.0,-1.0,-1.0,-1.0,1.0,0.0,18.0,1.0,0.5,0.8,0.0,0.0,0.0,0.0,1.0,0.0,18.0,1.0,0.5,0.8,1.18,1.18,1.18,1.18,1.0,0.0,18.0,1.0,0.5,0.8,0.0,0.0,0.0,0.0,1.0,0.0,18.0,1.0,0.5,0.8,0.0,0.0,0.0,0.0,1.0,0.0,18.0,1.0,0.5,0.8,0.0,0.0,0.0,0.0,1.0,0.0,18.0,1.0,0.5,0.8,0.0,0.0,0.0,0.0,1.0,0.0,18.0,1.0,0.5,0.8,0.0,0.0,0.0,0.0,1.0,0.0,18.0,1.0,0.5,0.8,0.0,0.0,0.0,0.0,1.0,0.0,18.0,1.0,0.5,0.8,0.0,0.0,0.0,0.0,1.0,0.0,18.0,1.0,0.5,0.8,0.0,0.0,0.0,0.0,1.0,0.0,18.0,1.0,0.5,0.8,0.0,0.0,0.0,0.0,1.0,0.0,18.0,1.0,0.5,0.8
1974,2,68.0,-45.0,10.66,11.0,11.34,11.0,2.0,0.71,2.0,1.0,0.3,0.4,11.53,11.8,12.07,11.8,2.0,0.57,2.0,1.0,0.3,0.4,5.78,5.78,5.78,5.78,1.0,0.0,4.0,1.0,0.4,0.3,69.4,69.4,69.4,69.4,1.0,0.0,4.0,1.0,0.3,9.46,9.8,10.14,9.8,2.0,0.71,2.0,1.0,0.3,0.4,-3.92,1.78,7.49,1.78,2.0,11.82,2.0,1.0,0.3,0.4,-5.25,-2.39,0.46,-2.39,2.0,5.91,2.0,1.0,0.3,0.4,1015.7,1019.35,1023.0,1019.35,2.0,7.57,2.0,1.0,0.3,0.4,3.0,3.0,3.0,3.0,1.0,0.0,4.0,1.0,0.4,0.3,-34.9,21.7,78.2,21.7,2.0,117.1,2.0,1.0,0.3,0.4,-48.5,-21.4,5.8,-21.4,2.0,56.3,2.0,1.0,0.3,0.4,-1.41,-0.8,-0.19,-0.8,2.0,1.27,2.0,1.0,0.3,0.4,-13.1,-7.4,-1.6,-7.4,2.0,11.9,2.0,1.0,0.3,0.4,2.62,2.62,2.62,2.62,1.0,0.0,4.0,1.0,0.4,0.3,27.0,27.0,27.0,27.0,1.0,0.0,4.0,1.0,0.4,0.3,-49.1,17.7,84.6,17.7,2.0,138.5,2.0,1.0,0.3,0.4,-64.3,-29.9,4.4,-29.9,2.0,71.1,2.0,1.0,0.3,0.4,58.6,58.6,58.6,58.6,1.0,0.0,4.0,1.0,0.4,0.3,10.3,10.3,10.3,10.3,1.0,0.0,4.0,1.0,0.4,0.3,26.6,26.6,26.6,26.6,1.0,0.0,4.0,1.0,0.4,0.3,4.7,4.7,4.7,4.7,1.0,0.0,4.0,1.0,0.4,0.3,850.0,948.5,1047.0,948.5,2.0,204.0,2.0,1.0,0.3,0.4,850.0,950.0,1045.0,950.0,2.0,205.0,2.0,1.0,0.3,0.4
1974,2,68.0,-42.0,15.6,15.6,15.6,15.6,1.0,0.0,4.0,0.0,0.8,0.3,17.0,17.0,17.0,17.0,1.0,0.0,4.0,0.0,0.8,0.3,11.0,11.0,11.0,11.0,1.0,0.0,4.0,0.0,0.8,0.3,91.5,91.5,91.5,91.5,1.0,0.0,4.0,0.0,0.3,12.3,12.3,12.3,12.3,1.0,0.0,4.0,0.0,0.8,0.3,7.91,7.91,7.91,7.91,1.0,0.0,4.0,0.0,0.8,0.3,-9.42,-9.42,-9.42,-9.42,1.0,0.0,4.0,0.0,0.8,0.3,1013.0,1013.0,1013.0,1013.0,1.0,0.0,4.0,0.0,0.8,0.3,8.0,8.0,8.0,8.0,1.0,0.0,4.0,0.0,0.8,0.3,97.2,97.2,97.2,97.2,1.0,0.0,4.0,0.0,0.8,0.3,-115.9,-115.9,-115.9,-115.9,1.0,0.0,4.0,0.0,0.8,0.3,-1.4,-1.4,-1.4,-1.4,1.0,0.0,4.0,0.0,0.8,0.3,-17.2,-17.2,-17.2,-17.2,1.0,0.0,4.0,0.0,0.8,0.3,0.0,0.0,0.0,0.0,1.0,0.0,4.0,0.0,0.8,0.3,0.0,0.0,0.0,0.0,1.0,0.0,4.0,0.0,0.8,0.3,134.4,134.4,134.4,134.4,1.0,0.0,4.0,0.0,0.8,0.3,-160.2,-160.2,-160.2,-160.2,1.0,0.0,4.0,0.0,0.8,0.3,86.9,86.9,86.9,86.9,1.0,0.0,4.0,0.0,0.8,0.3,-103.6,-103.6,-103.6,-103.6,1.0,0.0,4.0,0.0,0.8,0.3,0.0,0.0,0.0,0.0,1.0,0.0,4.0,0.0,0.8,0.3,0.0,0.0,0.0,0.0,1.0,0.0,4.0,0.0,0.8,0.3,1861.0,1861.0,1861.0,1861.0,1.0,0.0,4.0,0.0,0.8,0.3,1860.0,1860.0,1860.0,1860.0,1.0,0.0,4.0,0.0,0.8,0.3
1974,2,68.0,-38.0,20.3,20.3,20.3,20.3,1.0,0.0,6.0,0.0,0.9,0.9,20.6,20.6,20.6,20.6,1.0,0.0,6.0,0.0,0.9,0.9,11.82,11.82,11.82,11.82,1.0,0.0,6.0,0.0,0.9,0.9,79.8,79.8,79.8,79.8,1.0,0.0,6.0,0.0,0.9,4.1,4.1,4.1,4.1,1.0,0.0,6.0,0.0,0.9,0.9,-2.05,-2.05,-2.05,-2.05,1.0,0.0,6.0,0.0,0.9,0.9,-3.55,-3.55,-3.55,-3.55,1.0,0.0,6.0,0.0,0.9,0.9,1030.8,1030.8,1030.8,1030.8,1.0,0.0,6.0,0.0,0.9,0.9,1.0,1.0,1.0,1.0,1.0,0.0,6.0,0.0,0.9,0.9,-8.4,-8.4,-8.4,-8.4,1.0,0.0,6.0,0.0,0.9,0.9,-14.6,-14.6,-14.6,-14.6,1.0,0.0,6.0,0.0,0.9,0.9,-0.3,-0.3,-0.3,-0.3,1.0,0.0,6.0,0.0,0.9,0.9,-1.2,-1.2,-1.2,-1.2,1.0,0.0,6.0,0.0,0.9,0.9,2.74,2.74,2.74,2.74,1.0,0.0,6.0,0.0,0.9,0.9,11.2,11.2,11.2,11.2,1.0,0.0,6.0,0.0,0.9,0.9,-42.2,-42.2,-42.2,-42.2,1.0,0.0,6.0,0.0,0.9,0.9,-73.1,-73.1,-73.1,-73.1,1.0,0.0,6.0,0.0,0.9,0.9,-24.2,-24.2,-24.2,-24.2,1.0,0.0,6.0,0.0,0.9,0.9,-42.0,-42.0,-42.0,-42.0,1.0,0.0,6.0,0.0,0.9,0.9,-5.6,-5.6,-5.6,-5.6,1.0,0.0,6.0,0.0,0.9,0.9,-9.7,-9.7,-9.7,-9.7,1.0,0.0,6.0,0.0,0.9,0.9,69.0,69.0,69.0,69.0,1.0,0.0,6.0,0.0,0.9,0.9,70.0,70.0,70.0,70.0,1.0,0.0,6.0,0.0,0.9,0.9
1974,2,68.0,-37.0,22.6,22.6,22.6,22.6,1.0,0.0,6.0,1.0,0.6,0.8,22.3,22.3,22.3,22.3,1.0,0.0,6.0,1.0,0.6,0.8,12.04,12.04,12.04,12.04,1.0,0.0,6.0,1.0,0.6,0.8,73.3,73.3,73.3,73.3,1.0,0.0,6.0,1.0,0.8,7.0,7.0,7.0,7.0,1.0,0.0,6.0,1.0,0.6,0.8,-3.5,-3.5,-3.5,-3.5,1.0,0.0,6.0,1.0,0.6,0.8,-6.06,-6.06,-6.06,-6.06,1.0,0.0,6.0,1.0,0.6,0.8,1031.5,1031.5,1031.5,1031.5,1.0,0.0,6.0,1.0,0.6,0.8,6.0,6.0,6.0,6.0,1.0,0.0,6.0,1.0,0.6,0.8,-24.5,-24.5,-24.5,-24.5,1.0,0.0,6.0,1.0,0.6,0.8,-42.4,-42.4,-42.4,-42.4,1.0,0.0,6.0,1.0,0.6,0.8,0.3,0.3,0.3,0.3,1.0,0.0,6.0,1.0,0.6,0.8,2.1,2.1,2.1,2.1,1.0,0.0,6.0,1.0,0.6,0.8,4.73,4.73,4.73,4.73,1.0,0.0,6.0,1.0,0.6,0.8,33.1,33.1,33.1,33.1,1.0,0.0,6.0,1.0,0.6,0.8,-78.0,-78.0,-78.0,-78.0,1.0,0.0,6.0,1.0,0.6,0.8,-135.2,-135.2,-135.2,-135.2,1.0,0.0,6.0,1.0,0.6,0.8,-42.2,-42.2,-42.2,-42.2,1.0,0.0,6.0,1.0,0.6,0.8,-73.0,-73.0,-73.0,-73.0,1.0,0.0,6.0,1.0,0.6,0.8,-16.6,-16.6,-16.6,-16.6,1.0,0.0,6.0,1.0,0.6,0.8,-28.7,-28.7,-28.7,-28.7,1.0,0.0,6.0,1.0,0.6,0.8,343.0,343.0,343.0,343.0,1.0,0.0,6.0,1.0,0.6,0.8,345.0,345.0,345.0,345.0,1.0,0.0,6.0,1.0,0.6,0.8
1974,2,68.0,-36.0,,,,,,,,,,,,,,,,,,,,,,,,,,,,,,,,,,,,,,,,8.7,8.7,8.7,8.7,1.0,0.0,6.0,1.0,0.5,0.5,-6.66,-6.66,-6.66,-6.66,1.0,0.0,6.0,1.0,0.5,0.5,-5.59,-5.59,-5.59,-5.59,1.0,0.0,6.0,1.0,0.5,0.5,1031.5,1031.5,1031.5,1031.5,1.0,0.0,6.0,1.0,0.5,0.5,0.0,0.0,0.0,0.0,1.0,0.0,6.0,1.0,0.5,0.5,-58.0,-58.0,-58.0,-58.0,1.0,0.0,6.0,1.0,0.5,0.5,-48.7,-48.7,-48.7,-48.7,1.0,0.0,6.0,1.0,0.5,0.5,,,,,,,,,,,,,,,,,,,,,,,,,,,,,,,,,,,,,,,,,-153.3,-153.3,-153.3,-153.3,1.0,0.0,6.0,1.0,0.5,0.5,-128.6,-128.6,-128.6,-128.6,1.0,0.0,6.0,1.0,0.5,0.5,-78.7,-78.7,-78.7,-78.7,1.0,0.0,6.0,1.0,0.5,0.5,-66.1,-66.1,-66.1,-66.1,1.0,0.0,6.0,1.0,0.5,0.5,,,,,,,,,,,,,,,,,,,,,,,,,,,,,,,,,,,,,,,,
1974,2,68.0,-35.0,22.85,23.4,23.95,23.4,2.0,1.13,6.0,1.0,0.3,0.5,22.43,22.5,22.57,22.5,2.0,0.14,6.0,1.0,0.3,0.5,11.25,11.55,11.85,11.55,2.0,0.62,6.0,1.0,0.3,0.5,67.3,69.3,71.4,69.3,2.0,4.3,6.0,1.0,0.5,8.03,8.1,8.17,8.1,2.0,0.14,6.0,1.0,0.3,0.5,-7.58,-7.32,-7.05,-7.32,2.0,0.55,6.0,1.0,0.3,0.5,-3.81,-3.4,-2.99,-3.4,2.0,0.85,6.0,1.0,0.3,0.5,1029.13,1029.4,1029.67,1029.4,2.0,0.57,6.0,1.0,0.3,0.5,1.3,2.0,2.7,2.0,2.0,1.4,6.0,1.0,0.3,0.5,-62.0,-59.3,-56.7,-59.3,2.0,5.5,6.0,1.0,0.3,0.5,-30.6,-27.5,-24.4,-27.5,2.0,6.4,6.0,1.0,0.3,0.5,0.42,0.9,1.38,0.9,2.0,0.99,6.0,1.0,0.3,0.5,3.4,7.4,11.3,7.4,2.0,8.1,6.0,1.0,0.3,0.5,5.23,6.13,7.02,6.13,2.0,1.85,6.0,1.0,0.3,0.5,42.1,49.8,57.4,49.8,2.0,15.9,6.0,1.0,0.3,0.5,-171.1,-164.7,-158.2,-164.7,2.0,13.4,6.0,1.0,0.3,0.5,-85.4,-76.5,-67.5,-76.5,2.0,18.5,6.0,1.0,0.3,0.5,-85.2,-84.3,-83.5,-84.3,2.0,1.8,6.0,1.0,0.3,0.5,-45.3,-39.6,-33.8,-39.6,2.0,11.9,6.0,1.0,0.3,0.5,-53.5,-45.3,-37.2,-45.3,2.0,16.9,6.0,1.0,0.3,0.5,-20.6,-20.1,-19.5,-20.1,2.0,1.1,6.0,1.0,0.3,0.5,518.0,531.5,545.0,531.5,2.0,28.0,6.0,1.0,0.3,0.5,520.0,530.0,545.0,530.0,2.0,30.0,6.0,1.0,0.3,0.5
1974,2,68.0,-33.0,23.9,23.9,23.9,23.9,1.0,0.0,10.0,1.0,0.5,1.0,23.7,23.7,23.7,23.7,1.0,0.0,10.0,1.0,0.5,1.0,11.81,11.81,11.81,11.81,1.0,0.0,10.0,1.0,0.5,1.0,65.7,65.7,65.7,65.7,1.0,0.0,10.0,1.0,1.0,8.7,8.7,8.7,8.7,1.0,0.0,10.0,1.0,0.5,1.0,-8.57,-8.57,-8.57,-8.57,1.0,0.0,10.0,1.0,0.5,1.0,-1.51,-1.51,-1.51,-1.51,1.0,0.0,10.0,1.0,0.5,1.0,1025.4,1025.4,1025.4,1025.4,1.0,0.0,10.0,1.0,0.5,1.0,3.0,3.0,3.0,3.0,1.0,0.0,10.0,1.0,0.5,1.0,-74.5,-74.5,-74.5,-74.5,1.0,0.0,10.0,1.0,0.5,1.0,-13.1,-13.1,-13.1,-13.1,1.0,0.0,10.0,1.0,0.5,1.0,0.2,0.2,0.2,0.2,1.0,0.0,10.0,1.0,0.5,1.0,1.7,1.7,1.7,1.7,1.0,0.0,10.0,1.0,0.5,1.0,6.46,6.46,6.46,6.46,1.0,0.0,10.0,1.0,0.5,1.0,56.2,56.2,56.2,56.2,1.0,0.0,10.0,1.0,0.5,1.0,-203.1,-203.1,-203.1,-203.1,1.0,0.0,10.0,1.0,0.5,1.0,-35.8,-35.8,-35.8,-35.8,1.0,0.0,10.0,1.0,0.5,1.0,-101.2,-101.2,-101.2,-101.2,1.0,0.0,10.0,1.0,0.5,1.0,-17.8,-17.8,-17.8,-17.8,1.0,0.0,10.0,1.0,0.5,1.0,-55.4,-55.4,-55.4,-55.4,1.0,0.0,10.0,1.0,0.5,1.0,-9.8,-9.8,-9.8,-9.8,1.0,0.0,10.0,1.0,0.5,1.0,658.5,658.5,658.5,658.5,1.0,0.0,10.0,1.0,0.5,1.0,660.0,660.0,660.0,660.0,1.0,0.0,10.0,1.0,0.5,1.0
1974,2,68.0,-32.0,22.0,22.0,22.0,22.0,1.0,0.0,6.0,1.0,0.5,0.4,26.1,26.1,26.1,26.1,1.0,0.0,6.0,1.0,0.5,0.4,11.91,11.91,11.91,11.91,1.0,0.0,6.0,1.0,0.5,0.4,57.6,57.6,57.6,57.6,1.0,0.0,6.0,1.0,0.4,7.7,7.7,7.7,7.7,1.0,0.0,6.0,1.0,0.5,0.4,-7.7,-7.7,-7.7,-7.7,1.0,0.0,6.0,1.0,0.5,0.4,0.0,0.0,0.0,0.0,1.0,0.0,6.0,1.0,0.5,0.4,1030.0,1030.0,1030.0,1030.0,1.0,0.0,6.0,1.0,0.5,0.4,6.0,6.0,6.0,6.0,1.0,0.0,6.0,1.0,0.5,0.4,-59.3,-59.3,-59.3,-59.3,1.0,0.0,6.0,1.0,0.5,0.4,0.0,0.0,0.0,0.0,1.0,0.0,6.0,1.0,0.5,0.4,-4.1,-4.1,-4.1,-4.1,1.0,0.0,6.0,1.0,0.5,0.4,-31.6,-31.6,-31.6,-31.6,1.0,0.0,6.0,1.0,0.5,0.4,4.29,4.29,4.29,4.29,1.0,0.0,6.0,1.0,0.5,0.4,33.0,33.0,33.0,33.0,1.0,0.0,6.0,1.0,0.5,0.4,-201.0,-201.0,-201.0,-201.0,1.0,0.0,6.0,1.0,0.5,0.4,0.0,0.0,0.0,0.0,1.0,0.0,6.0,1.0,0.5,0.4,-91.7,-91.7,-91.7,-91.7,1.0,0.0,6.0,1.0,0.5,0.4,0.0,0.0,0.0,0.0,1.0,0.0,6.0,1.0,0.5,0.4,-33.0,-33.0,-33.0,-33.0,1.0,0.0,6.0,1.0,0.5,0.4,0.0,0.0,0.0,0.0,1.0,0.0,6.0,1.0,0.5,0.4,456.5,456.5,456.5,456.5,1.0,0.0,6.0,1.0,0.5,0.4,455.0,455.0,455.0,455.0,1.0,0.0,6.0,1.0,0.5,0.4
1974,2,68.0,-31.0,24.5,24.5,24.5,24.5,2.0,0.0,14.0,0.5,0.5,0.8,22.49,22.9,23.31,22.9,2.0,0.85,14.0,0.5,0.5,0.8,13.51,14.32,15.14,14.32,2.0,1.69,14.0,0.5,0.5,0.8,80.3,83.0,85.7,83.0,2.0,5.6,14.0,0.5,0.8,6.86,7.2,7.54,7.2,2.0,0.71,14.0,0.5,0.5,0.8,-6.49,-6.25,-6.01,-6.25,2.0,0.49,14.0,0.5,0.5,0.8,1.76,3.06,4.35,3.06,2.0,2.68,14.0,0.5,0.5,0.8,1021.52,1022.0,1022.48,1022.0,2.0,0.99,14.0,0.5,0.5,0.8,2.5,3.5,4.5,3.5,2.0,2.1,14.0,0.5,0.5,0.8,-45.2,-44.8,-44.4,-44.8,2.0,0.9,14.0,0.5,0.5,0.8,12.6,23.0,33.3,23.0,2.0,21.4,14.0,0.5,0.5,0.8,1.19,1.6,2.01,1.6,2.0,0.85,14.0,0.5,0.5,0.8,8.8,11.2,13.6,11.2,2.0,5.0,14.0,0.5,0.5,0.8,3.86,4.69,5.52,4.69,2.0,1.71,14.0,0.5,0.5,0.8,28.8,33.2,37.5,33.2,2.0,9.0,14.0,0.5,0.5,0.8,-145.8,-142.9,-140.0,-142.9,2.0,6.0,14.0,0.5,0.5,0.8,40.3,71.1,102.0,71.1,2.0,63.9,14.0,0.5,0.5,0.8,-90.8,-89.1,-87.4,-89.1,2.0,3.5,14.0,0.5,0.5,0.8,25.0,46.1,67.1,46.1,2.0,43.5,14.0,0.5,0.5,0.8,-36.0,-29.7,-23.5,-29.7,2.0,13.0,14.0,0.5,0.5,0.8,8.5,12.0,15.6,12.0,2.0,7.3,14.0,0.5,0.5,0.8,325.5,378.5,432.0,378.5,2.0,110.0,14.0,0.5,0.5,0.8,325.0,380.0,430.0,380.0,2.0,110.0,14.0,0.5,0.5,0.8
1974,2,68.0,-29.0,,,,,,,,,,,,,,,,,,,,,,,,,,,,,,,,,,,,,,,,7.0,7.0,7.0,7.0,1.0,0.0,6.0,1.0,0.6,0.4,-6.89,-6.89,-6.89,-6.89,1.0,0.0,6.0,1.0,0.6,0.4,-1.22,-1.22,-1.22,-1.22,1.0,0.0,6.0,1.0,0.6,0.4,1022.0,1022.0,1022.0,1022.0,1.0,0.0,6.0,1.0,0.6,0.4,,,,,,,,,,,,,,,,,,,,,,,,,,,,,,,,,,,,,,,,,,,,,,,,,,,,,,,,,,,,,,,,,,,,,,,,,,,,,,,,,,,,,,,,,,,,,,,,,,,,,,,,,,,,,,,,,,,,,,,,,,,,,,,,,,,,,,,,,,,,,,,,,,,,,,
1974,2,68.0,-27.0,24.14,24.35,24.45,24.3,4.0,0.22,10.0,1.0,0.5,0.8,24.1,24.25,24.46,24.28,4.0,0.25,10.0,1.0,0.5,0.8,14.37,14.66,15.16,14.76,4.0,0.5,10.0,1.0,0.5,0.8,76.7,77.9,80.4,78.5,4.0,2.7,10.0,1.0,0.8,6.08,8.2,10.06,8.08,4.0,2.77,10.0,1.0,0.5,0.8,-9.81,-7.94,-6.04,-7.93,4.0,2.77,10.0,1.0,0.5,0.8,0.0,0.4,1.94,0.94,4.0,1.41,10.0,1.0,0.5,0.8,1016.48,1017.55,1018.57,1017.53,4.0,1.3,10.0,1.0,0.5,0.8,4.5,5.5,6.5,5.5,4.0,1.3,10.0,1.0,0.5,0.8,-100.8,-65.2,-39.1,-69.7,4.0,44.2,10.0,1.0,0.5,0.8,0.0,1.8,15.3,7.4,4.0,12.5,10.0,1.0,0.5,0.8,-0.2,-0.1,0.26,0.03,4.0,0.33,10.0,1.0,0.5,0.8,-1.3,-0.5,3.0,0.7,4.0,3.3,10.0,1.0,0.5,0.8,3.61,4.36,4.59,4.11,4.0,0.69,10.0,1.0,0.5,0.8,22.9,31.2,44.1,33.4,4.0,14.1,10.0,1.0,0.5,0.8,-236.3,-192.5,-147.5,-191.9,4.0,65.4,10.0,1.0,0.5,0.8,0.0,9.8,47.1,22.9,4.0,34.0,10.0,1.0,0.5,0.8,-145.6,-118.0,-87.7,-116.7,4.0,39.8,10.0,1.0,0.5,0.8,0.0,5.9,29.7,14.4,4.0,21.7,10.0,1.0,0.5,0.8,-44.1,-30.3,-22.0,-32.9,4.0,14.5,10.0,1.0,0.5,0.8,0.0,1.7,6.4,3.2,4.0,4.4,10.0,1.0,0.5,0.8,268.5,557.5,1069.5,664.0,4.0,569.0,10.0,1.0,0.5,0.8,270.0,560.0,1070.0,665.0,4.0,570.0,10.0,1.0,0.5,0.8
1974,2,68.0,-26.0,26.0,26.0,26.0,26.0,1.0,0.0,2.0,1.0,0.5,0.5,25.5,25.5,25.5,25.5,1.0,0.0,2.0,1.0,0.5,0.5,17.07,17.07,17.07,17.07,1.0,0.0,2.0,1.0,0.5,0.5,84.5,84.5,84.5,84.5,1.0,0.0,2.0,1.0,0.5,8.7,8.7,8.7,8.7,1.0,0.0,2.0,1.0,0.5,0.5,-8.7,-8.7,-8.7,-8.7,1.0,0.0,2.0,1.0,0.5,0.5,0.0,0.0,0.0,0.0,1.0,0.0,2.0,1.0,0.5,0.5,1020.0,1020.0,1020.0,1020.0,1.0,0.0,2.0,1.0,0.5,0.5,4.0,4.0,4.0,4.0,1.0,0.0,2.0,1.0,0.5,0.5,-75.7,-75.7,-75.7,-75.7,1.0,0.0,2.0,1.0,0.5,0.5,0.0,0.0,0.0,0.0,1.0,0.0,2.0,1.0,0.5,0.5,0.5,0.5,0.5,0.5,1.0,0.0,2.0,1.0,0.5,0.5,4.4,4.4,4.4,4.4,1.0,0.0,2.0,1.0,0.5,0.5,3.79,3.79,3.79,3.79,1.0,0.0,2.0,1.0,0.5,0.5,32.9,32.9,32.9,32.9,1.0,0.0,2.0,1.0,0.5,0.5,-221.8,-221.8,-221.8,-221.8,1.0,0.0,2.0,1.0,0.5,0.5,0.0,0.0,0.0,0.0,1.0,0.0,2.0,1.0,0.5,0.5,-148.5,-148.5,-148.5,-148.5,1.0,0.0,2.0,1.0,0.5,0.5,0.0,0.0,0.0,0.0,1.0,0.0,2.0,1.0,0.5,0.5,-32.9,-32.9,-32.9,-32.9,1.0,0.0,2.0,1.0,0.5,0.5,0.0,0.0,0.0,0.0,1.0,0.0,2.0,1.0,0.5,0.5,658.5,658.5,658.5,658.5,1.0,0.0,2.0,1.0,0.5,0.5,660.0,660.0,660.0,660.0,1.0,0.0,2.0,1.0,0.5,0.5
1974,2,68.0,-25.0,25.0,25.0,25.0,25.0,1.0,0.0,6.0,0.0,0.4,0.5,23.58,23.75,23.92,23.75,2.0,0.35,10.0,0.0,0.3,0.6,14.41,14.41,14.41,14.41,1.0,0.0,12.0,0.0,0.2,0.6,80.2,80.2,80.2,80.2,1.0,0.0,12.0,0.0,0.6,5.88,7.55,9.22,7.55,2.0,3.46,10.0,0.0,0.3,0.6,-8.7,-7.21,-5.72,-7.21,2.0,3.09,10.0,0.0,0.3,0.6,-0.2,1.27,2.74,1.27,2.0,3.04,10.0,0.0,0.3,0.6,1016.38,1017.2,1018.02,1017.2,2.0,1.7,10.0,0.0,0.3,0.6,6.0,6.0,6.0,6.0,2.0,0.0,10.0,0.0,0.3,0.6,-83.1,-59.8,-36.5,-59.8,2.0,48.3,10.0,0.0,0.3,0.6,1.6,14.8,28.1,14.8,2.0,27.4,10.0,0.0,0.3,0.6,,,,,,,,,,,,,,,,,,,,,,,,,,,,,,,,,,,,,,,,,-208.5,-171.8,-135.1,-171.8,2.0,76.0,10.0,0.0,0.3,0.6,-4.5,30.6,65.8,30.6,2.0,72.8,10.0,0.0,0.3,0.6,-72.4,-72.4,-72.4,-72.4,1.0,0.0,12.0,0.0,0.2,0.6,-12.8,-12.8,-12.8,-12.8,1.0,0.0,12.0,0.0,0.2,0.6,,,,,,,,,,,,,,,,,,,,,,,,,,,,,,,,,,,,,,,,
1974,2,68.0,-21.0,25.3,25.3,25.3,25.3,1.0,0.0,8.0,1.0,0.4,0.9,26.0,26.0,26.0,26.0,1.0,0.0,8.0,1.0,0.4,0.9,16.18,16.18,16.18,16.18,1.0,0.0,8.0,1.0,0.4,0.9,77.2,77.2,77.2,77.2,1.0,0.0,8.0,1.0,0.9,9.3,9.3,9.3,9.3,1.0,0.0,8.0,1.0,0.4,0.9,-8.74,-8.74,-8.74,-8.74,1.0,0.0,8.0,1.0,0.4,0.9,3.18,3.18,3.18,3.18,1.0,0.0,8.0,1.0,0.4,0.9,1012.2,1012.2,1012.2,1012.2,1.0,0.0,8.0,1.0,0.4,0.9,8.0,8.0,8.0,8.0,1.0,0.0,8.0,1.0,0.4,0.9,-81.3,-81.3,-81.3,-81.3,1.0,0.0,8.0,1.0,0.4,0.9,29.6,29.6,29.6,29.6,1.0,0.0,8.0,1.0,0.4,0.9,-0.7,-0.7,-0.7,-0.7,1.0,0.0,8.0,1.0,0.4,0.9,-6.5,-6.5,-6.5,-6.5,1.0,0.0,8.0,1.0,0.4,0.9,3.98,3.98,3.98,3.98,1.0,0.0,8.0,1.0,0.4,0.9,37.0,37.0,37.0,37.0,1.0,0.0,8.0,1.0,0.4,0.9,-227.2,-227.2,-227.2,-227.2,1.0,0.0,8.0,1.0,0.4,0.9,82.7,82.7,82.7,82.7,1.0,0.0,8.0,1.0,0.4,0.9,-141.4,-141.4,-141.4,-141.4,1.0,0.0,8.0,1.0,0.4,0.9,51.5,51.5,51.5,51.5,1.0,0.0,8.0,1.0,0.4,0.9,-34.7,-34.7,-34.7,-34.7,1.0,0.0,8.0,1.0,0.4,0.9,12.6,12.6,12.6,12.6,1.0,0.0,8.0,1.0,0.4,0.9,804.5,804.5,804.5,804.5,1.0,0.0,8.0,1.0,0.4,0.9,805.0,805.0,805.0,805.0,1.0,0.0,8.0,1.0,0.4,0.9
1974,2,68.0,-17.0,26.0,26.0,28.05,27.0,3.0,1.73,12.0,0.3,0.5,0.4,25.86,26.0,27.57,26.7,3.0,1.39,12.0,0.3,0.5,0.4,15.03,16.03,16.67,15.86,3.0,1.21,12.0,0.3,0.5,0.4,70.4,70.4,74.4,72.3,3.0,3.4,12.0,0.3,0.4,6.36,6.7,6.7,6.53,3.0,0.29,12.0,0.3,0.5,0.4,-6.3,-6.3,-2.0,-4.2,3.0,3.63,12.0,0.3,0.5,0.4,2.29,2.29,4.96,3.59,3.0,2.26,12.0,0.3,0.5,0.4,1007.98,1009.0,1010.37,1009.17,3.0,1.76,12.0,0.3,0.5,0.4,3.3,4.0,4.0,3.7,3.0,0.6,12.0,0.3,0.5,0.4,-42.2,-42.2,-13.4,-28.1,3.0,24.4,12.0,0.3,0.5,0.4,15.4,15.4,31.1,23.0,3.0,13.3,12.0,0.3,0.5,0.4,0.06,0.2,0.54,0.3,3.0,0.36,12.0,0.3,0.5,0.4,0.4,1.3,3.4,1.9,3.0,2.2,12.0,0.3,0.5,0.4,5.51,6.47,7.7,6.6,3.0,1.61,12.0,0.3,0.5,0.4,36.9,43.4,48.8,42.8,3.0,8.7,12.0,0.3,0.5,0.4,-163.3,-162.4,-51.6,-108.7,3.0,94.1,12.0,0.3,0.5,0.4,59.3,59.6,138.7,98.1,3.0,67.0,12.0,0.3,0.5,0.4,-98.0,-91.7,-29.1,-64.2,3.0,55.8,12.0,0.3,0.5,0.4,34.5,36.7,83.5,58.4,3.0,40.5,12.0,0.3,0.5,0.4,-37.9,-31.8,-10.1,-24.2,3.0,21.4,12.0,0.3,0.5,0.4,12.6,14.8,39.7,25.9,3.0,22.0,12.0,0.3,0.5,0.4,258.0,301.0,301.0,280.0,3.0,36.0,12.0,0.3,0.5,0.4,260.0,300.0,300.0,280.0,3.0,35.0,12.0,0.3,0.5,0.4
1974,2,68.0,-16.0,26.0,26.0,26.0,26.0,1.0,0.0,26.0,1.0,0.9,0.3,25.22,25.7,26.18,25.7,2.0,0.99,24.0,0.5,0.8,0.6,17.9,18.59,19.29,18.59,2.0,1.44,24.0,0.5,0.8,0.6,89.0,89.8,90.6,89.8,2.0,1.6,24.0,0.5,0.6,5.59,6.85,8.11,6.85,2.0,2.62,24.0,0.5,0.8,0.6,-4.12,-3.65,-3.19,-3.65,2.0,0.96,24.0,0.5,0.8,0.6,3.4,5.34,7.27,5.34,2.0,4.01,24.0,0.5,0.8,0.6,1009.23,1009.3,1009.37,1009.3,2.0,0.14,24.0,0.5,0.8,0.6,2.6,4.0,5.4,4.0,2.0,2.8,24.0,0.5,0.8,0.6,-25.2,-23.8,-22.3,-23.8,2.0,3.0,24.0,0.5,0.8,0.6,21.8,41.8,61.8,41.8,2.0,41.5,24.0,0.5,0.8,0.6,-0.4,-0.4,-0.4,-0.4,1.0,0.0,26.0,1.0,0.9,0.3,-3.5,-3.5,-3.5,-3.5,1.0,0.0,26.0,1.0,0.9,0.3,1.47,1.47,1.47,1.47,1.0,0.0,26.0,1.0,0.9,0.3,12.8,12.8,12.8,12.8,1.0,0.0,26.0,1.0,0.9,0.3,-103.5,-93.4,-83.3,-93.4,2.0,21.0,24.0,0.5,0.8,0.6,86.8,139.2,191.5,139.2,2.0,108.4,24.0,0.5,0.8,0.6,-73.3,-67.2,-61.2,-67.2,2.0,12.5,24.0,0.5,0.8,0.6,62.4,102.1,141.9,102.1,2.0,82.3,24.0,0.5,0.8,0.6,-4.4,-4.4,-4.4,-4.4,1.0,0.0,26.0,1.0,0.9,0.3,12.0,12.0,12.0,12.0,1.0,0.0,26.0,1.0,0.9,0.3,209.5,392.0,574.0,392.0,2.0,377.0,24.0,0.5,0.8,0.6,210.0,390.0,575.0,390.0,2.0,375.0,24.0,0.5,0.8,0.6
1974,2,68.0,-15.0,26.63,28.0,29.37,28.0,3.0,2.0,12.0,0.3,0.2,0.8,26.41,27.3,28.73,27.57,3.0,1.72,12.0,0.3,0.2,0.8,18.6,18.6,18.6,18.6,1.0,0.0,10.0,0.0,0.0,0.7,88.7,88.7,88.7,88.7,1.0,0.0,10.0,0.0,0.7,7.11,8.0,10.05,8.57,3.0,2.21,12.0,0.3,0.2,0.8,-9.0,-7.88,-1.71,-5.41,3.0,5.76,12.0,0.3,0.2,0.8,2.69,5.5,6.25,4.5,3.0,2.75,12.0,0.3,0.2,0.8,1010.21,1011.3,1013.01,1011.6,3.0,2.07,12.0,0.3,0.2,0.8,0.6,2.0,2.7,1.7,3.0,1.5,12.0,0.3,0.2,0.8,-91.5,-63.0,-14.7,-53.3,3.0,56.9,12.0,0.3,0.2,0.8,21.6,44.2,55.3,38.6,3.0,25.2,12.0,0.3,0.2,0.8,-1.37,-1.3,2.32,0.43,3.0,3.09,12.0,0.3,0.2,0.8,-13.3,-11.2,14.7,0.4,3.0,22.9,12.0,0.3,0.2,0.8,8.0,8.0,8.0,8.0,1.0,0.0,10.0,0.0,0.0,0.7,53.6,53.6,53.6,53.6,1.0,0.0,10.0,0.0,0.0,0.7,-251.0,-231.6,-52.9,-153.8,3.0,160.0,12.0,0.3,0.2,0.8,75.5,150.2,164.8,120.8,3.0,70.1,12.0,0.3,0.2,0.8,21.6,21.6,21.6,21.6,1.0,0.0,10.0,0.0,0.0,0.7,122.7,122.7,122.7,122.7,1.0,0.0,10.0,0.0,0.0,0.7,9.3,9.3,9.3,9.3,1.0,0.0,10.0,0.0,0.0,0.7,52.8,52.8,52.8,52.8,1.0,0.0,10.0,0.0,0.0,0.7,368.0,512.0,1071.0,714.5,3.0,544.0,12.0,0.3,0.2,0.8,370.0,510.0,1070.0,715.0,3.0,545.0,12.0,0.3,0.2,0.8
1974,2,68.0,-14.0,27.58,28.0,28.37,27.98,9.0,0.56,16.0,0.9,0.5,0.7,26.56,27.2,28.09,27.38,8.0,0.96,16.0,0.9,0.5,0.7,16.4,18.26,19.05,17.84,6.0,1.44,14.0,1.0,0.6,0.8,69.2,85.2,88.0,80.1,7.0,10.9,14.0,1.0,0.7,3.12,4.6,6.64,4.94,8.0,1.79,16.0,0.9,0.4,0.7,-5.69,-2.83,0.69,-2.38,8.0,3.09,16.0,0.9,0.4,0.7,2.29,3.5,4.7,3.45,8.0,1.2,16.0,0.9,0.4,0.7,1006.42,1009.35,1010.66,1008.8,8.0,2.37,16.0,0.9,0.5,0.7,2.0,3.0,6.0,3.8,9.0,2.3,16.0,0.9,0.5,0.7,-40.2,-11.3,2.8,-15.4,8.0,20.6,16.0,0.9,0.4,0.7,9.1,16.0,28.4,18.0,8.0,11.0,16.0,0.9,0.4,0.7,-0.19,0.25,1.59,0.6,8.0,0.96,16.0,0.9,0.5,0.7,-1.3,0.0,6.1,1.8,7.0,3.8,16.0,0.9,0.5,0.7,3.8,5.98,7.85,5.93,6.0,2.22,14.0,1.0,0.6,0.8,23.2,26.2,36.9,29.2,5.0,8.4,16.0,1.0,0.6,0.8,-159.8,-109.2,15.1,-76.8,7.0,83.4,16.0,0.9,0.5,0.7,61.6,76.8,133.0,92.8,7.0,36.1,16.0,0.9,0.5,0.7,-115.1,-69.9,-8.5,-61.0,5.0,60.6,16.0,1.0,0.6,0.8,37.7,43.9,77.6,55.9,5.0,25.0,16.0,1.0,0.6,0.8,-26.7,-19.7,-2.6,-14.6,5.0,17.2,16.0,1.0,0.6,0.8,12.4,16.6,24.9,19.1,5.0,11.0,16.0,1.0,0.6,0.8,31.5,97.5,294.0,163.0,8.0,155.0,16.0,0.9,0.4,0.7,30.0,95.0,295.0,165.0,8.0,155.0,16.0,0.9,0.4,0.7
1974,2,68.0,-13.0,26.92,27.5,28.0,27.54,11.0,0.76,18.0,0.5,0.7,0.5,26.65,27.25,29.0,27.42,12.0,1.21,18.0,0.6,0.7,0.5,17.05,17.85,18.66,17.79,9.0,0.81,18.0,0.7,0.7,0.5,70.2,76.4,85.7,78.2,10.0,8.5,16.0,0.6,0.5,4.47,4.8,5.83,4.86,12.0,0.97,18.0,0.6,0.7,0.5,-5.13,-3.23,0.5,-2.44,12.0,3.31,18.0,0.6,0.7,0.5,0.0,1.49,4.65,2.08,12.0,2.12,18.0,0.6,0.7,0.5,1008.06,1010.0,1012.0,1010.04,11.0,1.95,18.0,0.6,0.7,0.4,2.0,3.5,7.3,4.1,12.0,2.4,18.0,0.6,0.7,0.5,-27.9,-14.1,2.8,-12.4,12.0,18.0,18.0,0.6,0.7,0.5,0.0,7.0,22.5,10.5,12.0,11.0,18.0,0.6,0.7,0.5,-0.88,0.3,1.29,0.26,11.0,1.05,18.0,0.5,0.7,0.5,-5.0,1.5,7.2,1.5,11.0,5.7,18.0,0.5,0.7,0.5,4.32,5.13,6.05,5.36,8.0,1.55,18.0,0.6,0.7,0.5,22.6,26.3,30.4,26.7,8.0,4.6,18.0,0.6,0.7,0.5,-136.1,-93.6,13.0,-65.5,12.0,90.3,18.0,0.6,0.7,0.5,0.0,42.0,125.8,56.8,12.0,57.4,18.0,0.6,0.7,0.5,-100.2,-64.0,22.2,-43.9,9.0,66.1,18.0,0.7,0.7,0.5,0.0,23.3,68.0,31.2,9.0,35.5,18.0,0.7,0.7,0.5,-26.3,-21.6,8.9,-12.0,8.0,20.9,18.0,0.6,0.7,0.5,0.5,8.9,20.9,10.7,8.0,10.2,18.0,0.6,0.7,0.5,90.0,111.0,198.5,126.5,12.0,65.5,18.0,0.6,0.7,0.5,90.0,110.0,200.0,125.0,12.0,65.0,18.0,0.6,0.7,0.5
1974,2,68.0,-12.0,,,,,,,,,,,,,,,,,,,,,,,,,,,,,,,,,,,,,,,,7.7,7.7,7.7,7.7,1.0,0.0,26.0,1.0,0.9,0.9,-1.34,-1.34,-1.34,-1.34,1.0,0.0,26.0,1.0,0.9,0.9,7.58,7.58,7.58,7.58,1.0,0.0,26.0,1.0,0.9,0.9,1007.0,1007.0,1007.0,1007.0,1.0,0.0,26.0,1.0,0.9,0.9,,,,,,,,,,,,,,,,,,,,,,,,,,,,,,,,,,,,,,,,,,,,,,,,,,,,,,,,,,,,,,,,,,,,,,,,,,,,,,,,,,,,,,,,,,,,,,,,,,,,,,,,,,,,,,,,,,,,,,,,,,,,,,,,,,,,,,,,,,,,,,,,,,,,,,
1974,2,68.0,-9.0,27.07,28.3,28.37,27.73,3.0,1.07,12.0,0.3,0.1,0.6,25.83,27.2,27.95,26.9,3.0,1.57,12.0,0.3,0.1,0.6,17.64,18.37,18.76,18.2,3.0,0.83,12.0,0.3,0.1,0.6,75.9,84.2,89.1,82.6,3.0,9.7,12.0,0.3,0.6,2.79,7.7,7.7,5.3,3.0,4.16,12.0,0.3,0.1,0.6,1.0,3.85,6.16,3.59,3.0,3.79,12.0,0.3,0.1,0.6,-1.68,0.38,4.67,1.47,3.0,4.75,12.0,0.3,0.1,0.6,1009.26,1012.6,1013.62,1011.47,3.0,3.35,12.0,0.3,0.1,0.6,5.0,7.0,7.7,6.3,3.0,2.1,12.0,0.3,0.1,0.6,9.3,29.6,47.4,28.4,3.0,28.0,12.0,0.3,0.1,0.6,-13.8,0.2,35.1,10.4,3.0,36.9,12.0,0.3,0.1,0.6,0.42,1.1,1.24,0.83,3.0,0.64,12.0,0.3,0.1,0.6,2.7,8.5,9.5,6.2,3.0,5.4,12.0,0.3,0.1,0.6,3.94,5.13,6.36,5.15,3.0,1.78,12.0,0.3,0.1,0.6,10.6,26.1,35.2,23.0,3.0,18.2,12.0,0.3,0.1,0.6,27.0,104.7,157.7,92.7,3.0,96.3,12.0,0.3,0.1,0.6,-41.9,10.8,127.3,42.0,3.0,126.8,12.0,0.3,0.1,0.6,19.3,72.9,113.9,66.8,3.0,69.5,12.0,0.3,0.1,0.6,-30.9,6.6,88.3,28.2,3.0,89.3,12.0,0.3,0.1,0.6,4.7,19.7,23.0,14.0,3.0,14.3,12.0,0.3,0.1,0.6,-5.2,2.7,24.2,9.3,3.0,22.3,12.0,0.3,0.1,0.6,145.0,456.5,456.5,304.5,3.0,263.5,12.0,0.3,0.1,0.6,145.0,455.0,455.0,305.0,3.0,265.0,12.0,0.3,0.1,0.6
1974,2,68.0,-8.0,29.0,29.0,29.0,29.0,1.0,0.0,18.0,0.0,0.0,0.3,28.0,28.0,28.0,28.0,1.0,0.0,18.0,0.0,0.0,0.3,19.3,19.3,19.3,19.3,1.0,0.0,18.0,0.0,0.0,0.3,81.8,81.8,81.8,81.8,1.0,0.0,18.0,0.0,0.3,2.6,2.6,2.6,2.6,1.0,0.0,18.0,0.0,0.0,0.3,0.0,0.0,0.0,0.0,1.0,0.0,18.0,0.0,0.0,0.3,2.6,2.6,2.6,2.6,1.0,0.0,18.0,0.0,0.0,0.3,1013.3,1013.3,1013.3,1013.3,1.0,0.0,18.0,0.0,0.0,0.3,2.0,2.0,2.0,2.0,1.0,0.0,18.0,0.0,0.0,0.3,0.0,0.0,0.0,0.0,1.0,0.0,18.0,0.0,0.0,0.3,6.8,6.8,6.8,6.8,1.0,0.0,18.0,0.0,0.0,0.3,1.0,1.0,1.0,1.0,1.0,0.0,18.0,0.0,0.0,0.3,2.6,2.6,2.6,2.6,1.0,0.0,18.0,0.0,0.0,0.3,5.8,5.8,5.8,5.8,1.0,0.0,18.0,0.0,0.0,0.3,15.1,15.1,15.1,15.1,1.0,0.0,18.0,0.0,0.0,0.3,0.0,0.0,0.0,0.0,1.0,0.0,18.0,0.0,0.0,0.3,72.8,72.8,72.8,72.8,1.0,0.0,18.0,0.0,0.0,0.3,0.0,0.0,0.0,0.0,1.0,0.0,18.0,0.0,0.0,0.3,50.2,50.2,50.2,50.2,1.0,0.0,18.0,0.0,0.0,0.3,0.0,0.0,0.0,0.0,1.0,0.0,18.0,0.0,0.0,0.3,15.1,15.1,15.1,15.1,1.0,0.0,18.0,0.0,0.0,0.3,17.5,17.5,17.5,17.5,1.0,0.0,18.0,0.0,0.0,0.3,20.0,20.0,20.0,20.0,1.0,0.0,18.0,0.0,0.0,0.3
1974,2,68.0,-7.0,27.32,28.0,28.68,28.0,2.0,1.41,18.0,0.5,0.7,0.6,27.7,29.2,30.7,29.2,2.0,3.11,18.0,0.5,0.7,0.6,19.02,19.17,19.31,19.17,2.0,0.3,18.0,0.5,0.7,0.6,70.1,76.2,82.3,76.2,2.0,12.7,18.0,0.5,0.6,0.91,1.8,2.69,1.8,2.0,1.84,18.0,0.5,0.7,0.6,-0.4,-0.23,-0.07,-0.23,2.0,0.33,18.0,0.5,0.7,0.6,0.35,1.46,2.58,1.46,2.0,2.31,18.0,0.5,0.7,0.6,1009.79,1011.05,1012.31,1011.05,2.0,2.62,18.0,0.5,0.7,0.6,2.2,2.5,2.8,2.5,2.0,0.7,18.0,0.5,0.7,0.6,-0.2,-0.1,0.0,-0.1,2.0,0.2,18.0,0.5,0.7,0.6,1.5,4.8,8.1,4.8,2.0,6.9,18.0,0.5,0.7,0.6,-2.02,-1.2,-0.38,-1.2,2.0,1.7,18.0,0.5,0.7,0.6,-6.3,-3.7,-1.2,-3.7,2.0,5.3,18.0,0.5,0.7,0.6,3.74,4.58,5.43,4.58,2.0,1.75,18.0,0.5,0.7,0.6,4.3,9.9,15.4,9.9,2.0,11.6,18.0,0.5,0.7,0.6,-10.7,-6.3,-2.0,-6.3,2.0,9.0,18.0,0.5,0.7,0.6,11.6,46.4,81.2,46.4,2.0,72.1,18.0,0.5,0.7,0.6,-7.5,-4.5,-1.4,-4.5,2.0,6.3,18.0,0.5,0.7,0.6,6.8,28.4,50.0,28.4,2.0,44.8,18.0,0.5,0.7,0.6,-1.3,-0.8,-0.2,-0.8,2.0,1.1,18.0,0.5,0.7,0.6,2.4,8.7,15.1,8.7,2.0,13.2,18.0,0.5,0.7,0.6,5.0,15.0,25.0,15.0,2.0,21.0,18.0,0.5,0.7,0.6,5.0,15.0,25.0,15.0,2.0,20.0,18.0,0.5,0.7,0.6
1974,2,68.0,-6.0,27.09,27.5,27.91,27.5,2.0,0.85,10.0,0.5,0.8,0.5,26.13,26.2,26.47,26.3,3.0,0.26,12.0,0.3,0.5,0.5,16.38,17.58,17.62,17.01,3.0,1.03,12.0,0.3,0.5,0.5,76.0,83.1,83.1,79.6,3.0,6.0,12.0,0.3,0.5,1.22,3.85,6.48,3.85,2.0,5.44,18.0,0.0,0.4,0.3,1.06,3.33,5.61,3.33,2.0,4.72,18.0,0.0,0.4,0.3,0.61,1.93,3.24,1.93,2.0,2.72,18.0,0.0,0.4,0.3,1009.39,1010.0,1011.37,1010.37,3.0,1.48,12.0,0.3,0.5,0.5,1.0,3.0,5.0,3.0,3.0,3.0,12.0,0.3,0.5,0.5,8.1,25.7,43.2,25.7,2.0,36.3,18.0,0.0,0.4,0.3,4.7,14.8,24.9,14.8,2.0,21.0,18.0,0.0,0.4,0.3,0.83,1.1,1.37,1.1,2.0,0.57,10.0,0.5,0.8,0.5,0.0,0.0,0.0,0.0,1.0,0.0,20.0,0.0,0.7,0.1,5.11,6.31,7.5,6.31,2.0,2.48,10.0,0.5,0.8,0.5,0.0,0.0,0.0,0.0,1.0,0.0,20.0,0.0,0.7,0.1,27.6,87.0,146.4,87.0,2.0,123.1,18.0,0.0,0.4,0.3,15.9,50.2,84.5,50.2,2.0,71.1,18.0,0.0,0.4,0.3,18.6,58.6,98.6,58.6,2.0,82.9,18.0,0.0,0.4,0.3,10.7,33.8,56.9,33.8,2.0,47.9,18.0,0.0,0.4,0.3,0.0,0.0,0.0,0.0,1.0,0.0,20.0,0.0,0.7,0.1,0.0,0.0,0.0,0.0,1.0,0.0,20.0,0.0,0.7,0.1,72.5,228.5,384.0,228.5,2.0,323.0,18.0,0.0,0.4,0.3,70.0,230.0,385.0,230.0,2.0,325.0,18.0,0.0,0.4,0.3
1974,2,68.0,-5.0,27.88,28.45,29.07,28.48,4.0,0.83,12.0,0.8,0.4,0.5,27.58,28.25,28.55,28.08,4.0,0.64,12.0,0.8,0.4,0.5,16.55,16.8,18.07,17.28,4.0,1.22,12.0,0.8,0.4,0.5,69.5,72.9,75.9,72.7,4.0,4.3,12.0,0.8,0.5,0.41,1.3,2.19,1.3,2.0,1.84,20.0,1.0,0.4,0.3,0.41,1.28,2.15,1.28,2.0,1.81,20.0,1.0,0.4,0.3,-0.38,-0.23,-0.07,-0.23,2.0,0.32,20.0,1.0,0.4,0.3,1007.15,1008.55,1011.47,1009.28,4.0,3.23,12.0,0.8,0.4,0.5,1.5,2.5,4.0,2.8,4.0,1.7,12.0,0.8,0.4,0.5,1.1,3.3,5.6,3.3,2.0,4.7,20.0,1.0,0.4,0.3,-1.0,-0.6,-0.2,-0.6,2.0,0.8,20.0,1.0,0.4,0.3,-0.1,0.15,0.93,0.4,4.0,0.76,12.0,0.8,0.4,0.5,0.0,0.0,0.0,0.0,2.0,0.0,20.0,1.0,0.4,0.3,5.93,7.03,8.42,7.17,4.0,1.52,12.0,0.8,0.4,0.5,2.3,7.3,12.3,7.3,2.0,10.3,20.0,1.0,0.4,0.3,11.6,36.6,61.6,36.6,2.0,51.8,20.0,1.0,0.4,0.3,-10.9,-6.5,-2.0,-6.5,2.0,9.1,20.0,1.0,0.4,0.3,7.8,24.4,41.1,24.4,2.0,34.6,20.0,1.0,0.4,0.3,-7.2,-4.3,-1.4,-4.3,2.0,6.1,20.0,1.0,0.4,0.3,2.3,7.2,12.1,7.2,2.0,10.1,20.0,1.0,0.4,0.3,-2.1,-1.3,-0.4,-1.3,2.0,1.8,20.0,1.0,0.4,0.3,3.0,9.0,15.0,9.0,2.0,12.5,20.0,1.0,0.4,0.3,5.0,10.0,15.0,10.0,2.0,10.0,20.0,1.0,0.4,0.3
1974,2,68.0,-4.0,26.47,26.85,27.23,26.85,2.0,0.78,16.0,0.5,0.7,0.8,26.86,27.0,27.14,27.0,2.0,0.28,16.0,0.5,0.7,0.8,17.13,17.24,17.34,17.24,2.0,0.21,16.0,0.5,0.7,0.8,76.1,77.4,78.6,77.4,2.0,2.6,16.0,0.5,0.8,3.49,5.4,7.31,5.4,2.0,3.96,16.0,0.5,0.7,0.8,1.03,2.28,3.52,2.28,2.0,2.58,16.0,0.5,0.7,0.8,-6.38,-4.83,-3.28,-4.83,2.0,3.21,16.0,0.5,0.7,0.8,1008.03,1010.45,1012.87,1010.45,2.0,5.02,16.0,0.5,0.7,0.8,5.5,6.5,7.5,6.5,2.0,2.1,16.0,0.5,0.7,0.8,6.3,17.4,28.5,17.4,2.0,22.9,16.0,0.5,0.7,0.8,-50.0,-32.4,-14.8,-32.4,2.0,36.5,16.0,0.5,0.7,0.8,-0.66,-0.15,0.36,-0.15,2.0,1.06,16.0,0.5,0.7,0.8,-6.0,-2.9,0.1,-2.9,2.0,6.3,16.0,0.5,0.7,0.8,4.59,4.93,5.27,4.93,2.0,0.7,16.0,0.5,0.7,0.8,17.6,25.2,32.8,25.2,2.0,15.7,16.0,0.5,0.7,0.8,27.9,61.8,95.7,61.8,2.0,70.3,16.0,0.5,0.7,0.8,-173.4,-130.9,-88.4,-130.9,2.0,88.1,16.0,0.5,0.7,0.8,17.7,38.9,60.2,38.9,2.0,44.0,16.0,0.5,0.7,0.8,-109.1,-82.9,-56.7,-82.9,2.0,54.3,16.0,0.5,0.7,0.8,4.9,10.3,15.7,10.3,2.0,11.1,16.0,0.5,0.7,0.8,-28.7,-22.7,-16.7,-22.7,2.0,12.4,16.0,0.5,0.7,0.8,102.5,284.5,466.5,284.5,2.0,377.5,16.0,0.5,0.7,0.8,100.0,285.0,465.0,285.0,2.0,375.0,16.0,0.5,0.7,0.8
1974,2,68.0,-2.0,27.8,27.8,27.8,27.8,1.0,0.0,26.0,0.0,0.9,0.3,28.3,28.3,28.3,28.3,1.0,0.0,26.0,0.0,0.9,0.3,17.68,17.68,17.68,17.68,1.0,0.0,26.0,0.0,0.9,0.3,73.4,73.4,73.4,73.4,1.0,0.0,26.0,0.0,0.3,4.6,4.6,4.6,4.6,1.0,0.0,26.0,0.0,0.9,0.3,0.0,0.0,0.0,0.0,1.0,0.0,26.0,0.0,0.9,0.3,-4.6,-4.6,-4.6,-4.6,1.0,0.0,26.0,0.0,0.9,0.3,1009.5,1009.5,1009.5,1009.5,1.0,0.0,26.0,0.0,0.9,0.3,1.0,1.0,1.0,1.0,1.0,0.0,26.0,0.0,0.9,0.3,0.0,0.0,0.0,0.0,1.0,0.0,26.0,0.0,0.9,0.3,-21.2,-21.2,-21.2,-21.2,1.0,0.0,26.0,0.0,0.9,0.3,-0.5,-0.5,-0.5,-0.5,1.0,0.0,26.0,0.0,0.9,0.3,-2.3,-2.3,-2.3,-2.3,1.0,0.0,26.0,0.0,0.9,0.3,5.79,5.79,5.79,5.79,1.0,0.0,26.0,0.0,0.9,0.3,26.6,26.6,26.6,26.6,1.0,0.0,26.0,0.0,0.9,0.3,0.0,0.0,0.0,0.0,1.0,0.0,26.0,0.0,0.9,0.3,-130.2,-130.2,-130.2,-130.2,1.0,0.0,26.0,0.0,0.9,0.3,0.0,0.0,0.0,0.0,1.0,0.0,26.0,0.0,0.9,0.3,-81.3,-81.3,-81.3,-81.3,1.0,0.0,26.0,0.0,0.9,0.3,0.0,0.0,0.0,0.0,1.0,0.0,26.0,0.0,0.9,0.3,-26.6,-26.6,-26.6,-26.6,1.0,0.0,26.0,0.0,0.9,0.3,97.5,97.5,97.5,97.5,1.0,0.0,26.0,0.0,0.9,0.3,95.0,95.0,95.0,95.0,1.0,0.0,26.0,0.0,0.9,0.3
1974,2,68.0,0.0,27.76,27.8,28.25,28.13,6.0,0.92,22.0,0.8,0.6,0.7,26.36,26.7,27.93,27.42,6.0,2.03,22.0,0.8,0.6,0.7,16.85,17.11,17.55,17.3,6.0,0.78,22.0,0.8,0.6,0.7,72.6,77.8,80.2,76.0,6.0,5.9,22.0,0.8,0.7,3.29,4.0,5.21,4.12,6.0,1.32,22.0,0.8,0.6,0.7,-0.92,0.16,0.9,-0.04,6.0,1.11,22.0,0.8,0.6,0.7,-5.13,-3.94,-2.9,-3.98,6.0,1.34,22.0,0.8,0.6,0.7,1009.47,1011.1,1011.54,1010.52,6.0,1.48,22.0,0.8,0.6,0.7,2.8,3.0,5.0,3.5,6.0,1.2,22.0,0.8,0.6,0.7,-3.5,1.0,4.7,0.6,6.0,4.8,22.0,0.8,0.6,0.7,-26.9,-15.8,-9.8,-17.9,6.0,10.9,22.0,0.8,0.6,0.7,0.33,1.0,1.44,0.72,6.0,1.13,22.0,0.8,0.6,0.7,0.2,5.2,6.1,3.2,6.0,4.5,22.0,0.8,0.6,0.7,6.23,6.42,7.06,6.64,6.0,0.7,22.0,0.8,0.6,0.7,23.0,27.3,31.3,27.0,6.0,7.6,22.0,0.8,0.6,0.7,-26.3,4.2,24.0,-2.6,6.0,32.4,22.0,0.8,0.6,0.7,-136.1,-103.6,-89.5,-108.5,6.0,34.6,22.0,0.8,0.6,0.7,-16.3,2.9,15.5,-1.2,6.0,20.0,22.0,0.8,0.6,0.7,-88.1,-67.0,-53.7,-68.8,6.0,22.8,22.0,0.8,0.6,0.7,-6.5,0.9,5.4,-0.9,6.0,7.9,22.0,0.8,0.6,0.7,-30.9,-25.3,-22.6,-26.0,6.0,7.5,22.0,0.8,0.6,0.7,39.0,64.0,144.0,87.5,6.0,73.0,22.0,0.8,0.6,0.7,40.0,65.0,145.0,85.0,6.0,75.0,22.0,0.8,0.6,0.7
1974,2,68.0,1.0,27.8,27.85,28.48,28.13,4.0,0.59,22.0,0.3,0.4,0.3,26.75,26.9,27.31,27.03,4.0,0.4,22.0,0.3,0.4,0.3,16.75,17.24,17.54,17.15,3.0,0.59,26.0,0.0,0.2,0.1,76.3,78.3,78.9,77.6,3.0,2.0,26.0,0.0,0.1,1.48,2.05,4.14,2.78,4.0,2.21,22.0,0.3,0.4,0.3,-1.49,0.27,0.85,-0.29,4.0,1.87,22.0,0.3,0.4,0.3,-3.71,-1.8,-1.25,-2.45,4.0,1.89,22.0,0.3,0.4,0.3,1009.14,1009.55,1010.06,1009.6,4.0,0.57,22.0,0.3,0.4,0.3,1.5,2.0,2.5,2.0,4.0,0.8,22.0,0.3,0.4,0.3,-9.3,0.5,1.7,-3.6,4.0,9.6,22.0,0.3,0.4,0.3,-18.4,-3.7,-2.0,-9.9,4.0,14.3,22.0,0.3,0.4,0.3,0.95,1.05,1.26,1.1,4.0,0.22,22.0,0.3,0.4,0.3,1.4,2.1,5.5,3.4,4.0,3.4,22.0,0.3,0.4,0.3,6.02,6.21,6.71,6.36,3.0,0.52,26.0,0.0,0.2,0.1,8.0,11.9,13.7,10.9,3.0,4.3,26.0,0.0,0.2,0.1,-41.2,7.2,22.8,-8.4,4.0,51.3,22.0,0.3,0.4,0.3,-101.4,-48.3,-33.5,-66.6,4.0,52.5,22.0,0.3,0.4,0.3,4.0,6.0,17.4,10.6,3.0,10.6,26.0,0.0,0.2,0.1,-31.9,-27.1,-20.2,-26.1,3.0,8.6,26.0,0.0,0.2,0.1,1.5,2.5,6.0,3.7,3.0,3.4,26.0,0.0,0.2,0.1,-12.7,-9.1,-7.1,-9.9,3.0,4.2,26.0,0.0,0.2,0.1,4.5,8.5,117.5,58.5,4.0,105.0,22.0,0.3,0.4,0.3,5.0,10.0,120.0,60.0,4.0,105.0,22.0,0.3,0.4,0.3
1974,2,68.0,2.0,,,,,,,,,,,,,,,,,,,,,,,,,,,,,,,,,,,,,,,,4.0,4.0,4.0,4.0,1.0,0.0,14.0,1.0,0.5,0.5,-2.0,-2.0,-2.0,-2.0,1.0,0.0,14.0,1.0,0.5,0.5,-3.46,-3.46,-3.46,-3.46,1.0,0.0,14.0,1.0,0.5,0.5,1012.9,1012.9,1012.9,1012.9,1.0,0.0,14.0,1.0,0.5,0.5,,,,,,,,,,,,,,,,,,,,,,,,,,,,,,,,,,,,,,,,,,,,,,,,,,,,,,,,,,,,,,,,,,,,,,,,,,,,,,,,,,,,,,,,,,,,,,,,,,,,,,,,,,,,,,,,,,,,,,,,,,,,,,,,,,,,,,,,,,,,,,,,,,,,,,
1974,2,68.0,3.0,27.9,27.9,27.9,27.9,1.0,0.0,22.0,0.0,0.0,0.3,26.1,26.1,26.1,26.1,1.0,0.0,22.0,0.0,0.0,0.3,15.63,15.63,15.63,15.63,1.0,0.0,22.0,0.0,0.0,0.3,74.0,74.0,74.0,74.0,1.0,0.0,22.0,0.0,0.3,8.2,8.2,8.2,8.2,1.0,0.0,22.0,0.0,0.0,0.3,-6.28,-6.28,-6.28,-6.28,1.0,0.0,22.0,0.0,0.0,0.3,-5.27,-5.27,-5.27,-5.27,1.0,0.0,22.0,0.0,0.0,0.3,1009.5,1009.5,1009.5,1009.5,1.0,0.0,22.0,0.0,0.0,0.3,1.0,1.0,1.0,1.0,1.0,0.0,22.0,0.0,0.0,0.3,-51.5,-51.5,-51.5,-51.5,1.0,0.0,22.0,0.0,0.0,0.3,-43.2,-43.2,-43.2,-43.2,1.0,0.0,22.0,0.0,0.0,0.3,1.8,1.8,1.8,1.8,1.0,0.0,22.0,0.0,0.0,0.3,14.8,14.8,14.8,14.8,1.0,0.0,22.0,0.0,0.0,0.3,7.98,7.98,7.98,7.98,1.0,0.0,22.0,0.0,0.0,0.3,65.4,65.4,65.4,65.4,1.0,0.0,22.0,0.0,0.0,0.3,-163.9,-163.9,-163.9,-163.9,1.0,0.0,22.0,0.0,0.0,0.3,-137.6,-137.6,-137.6,-137.6,1.0,0.0,22.0,0.0,0.0,0.3,-98.2,-98.2,-98.2,-98.2,1.0,0.0,22.0,0.0,0.0,0.3,-82.4,-82.4,-82.4,-82.4,1.0,0.0,22.0,0.0,0.0,0.3,-50.1,-50.1,-50.1,-50.1,1.0,0.0,22.0,0.0,0.0,0.3,-42.0,-42.0,-42.0,-42.0,1.0,0.0,22.0,0.0,0.0,0.3,551.5,551.5,551.5,551.5,1.0,0.0,22.0,0.0,0.0,0.3,550.0,550.0,550.0,550.0,1.0,0.0,22.0,0.0,0.0,0.3
1974,2,68.0,5.0,27.5,27.7,27.9,27.7,2.0,0.42,20.0,0.5,0.3,0.2,26.58,26.75,26.92,26.75,2.0,0.35,20.0,0.5,0.3,0.2,17.28,17.82,18.37,17.82,2.0,1.14,20.0,0.5,0.3,0.2,78.0,81.3,84.6,81.3,2.0,6.9,20.0,0.5,0.2,0.41,1.3,2.19,1.3,2.0,1.84,20.0,0.5,0.3,0.2,0.14,0.44,0.75,0.44,2.0,0.63,20.0,0.5,0.3,0.2,-2.06,-1.22,-0.39,-1.22,2.0,1.73,20.0,0.5,0.3,0.2,1010.85,1011.4,1011.95,1011.4,2.0,1.13,20.0,0.5,0.3,0.2,1.0,1.0,1.0,1.0,2.0,0.0,20.0,0.5,0.3,0.2,0.4,1.2,1.9,1.2,2.0,1.6,20.0,0.5,0.3,0.2,-5.3,-3.2,-1.0,-3.2,2.0,4.5,20.0,0.5,0.3,0.2,0.57,0.95,1.33,0.95,2.0,0.78,20.0,0.5,0.3,0.2,0.6,2.0,3.3,2.0,2.0,2.8,20.0,0.5,0.3,0.2,5.18,5.46,5.74,5.46,2.0,0.58,20.0,0.5,0.3,0.2,2.1,6.6,11.1,6.6,2.0,9.3,20.0,0.5,0.3,0.2,3.7,11.8,19.8,11.8,2.0,16.7,20.0,0.5,0.3,0.2,-54.5,-32.4,-10.3,-32.4,2.0,45.8,20.0,0.5,0.3,0.2,2.6,8.3,13.9,8.3,2.0,11.7,20.0,0.5,0.3,0.2,-38.3,-22.8,-7.2,-22.8,2.0,32.2,20.0,0.5,0.3,0.2,0.7,2.2,3.8,2.2,2.0,3.2,20.0,0.5,0.3,0.2,-10.4,-6.2,-2.0,-6.2,2.0,8.7,20.0,0.5,0.3,0.2,3.0,9.0,15.0,9.0,2.0,12.5,20.0,0.5,0.3,0.2,5.0,10.0,15.0,10.0,2.0,10.0,20.0,0.5,0.3,0.2
1974,2,68.0,6.0,,,,,,,,,,,,,,,,,,,,,,,,,,,,,,,,,,,,,,,,7.0,7.0,7.0,7.0,1.0,0.0,10.0,1.0,0.5,0.1,-5.36,-5.36,-5.36,-5.36,1.0,0.0,10.0,1.0,0.5,0.1,-4.5,-4.5,-4.5,-4.5,1.0,0.0,10.0,1.0,0.5,0.1,1012.3,1012.3,1012.3,1012.3,1.0,0.0,10.0,1.0,0.5,0.1,,,,,,,,,,,,,,,,,,,,,,,,,,,,,,,,,,,,,,,,,,,,,,,,,,,,,,,,,,,,,,,,,,,,,,,,,,,,,,,,,,,,,,,,,,,,,,,,,,,,,,,,,,,,,,,,,,,,,,,,,,,,,,,,,,,,,,,,,,,,,,,,,,,,,,
1974,2,68.0,8.0,28.04,29.0,29.0,28.53,3.0,0.81,12.0,0.7,0.6,0.5,27.79,29.5,30.39,29.1,3.0,1.93,12.0,0.7,0.6,0.5,21.53,21.53,21.53,21.53,1.0,0.0,26.0,1.0,0.8,0.5,77.4,77.4,77.4,77.4,1.0,0.0,26.0,1.0,0.5,2.35,3.1,3.71,3.03,3.0,1.0,12.0,0.7,0.6,0.5,-2.85,-2.37,-1.44,-2.15,3.0,1.05,12.0,0.7,0.6,0.5,-2.39,-1.99,-1.81,-2.1,3.0,0.43,12.0,0.7,0.6,0.5,1009.92,1012.1,1014.22,1012.07,3.0,3.15,12.0,0.7,0.6,0.5,1.0,1.0,3.0,2.0,3.0,1.7,12.0,0.7,0.6,0.5,-10.7,-7.4,-3.7,-7.2,3.0,5.1,12.0,0.7,0.6,0.5,-9.0,-6.2,-4.3,-6.6,3.0,3.4,12.0,0.7,0.6,0.5,-2.34,-0.5,1.21,-0.57,3.0,2.6,12.0,0.7,0.6,0.5,-7.1,-1.0,5.1,-1.0,3.0,9.0,12.0,0.7,0.6,0.5,1.6,1.6,1.6,1.6,1.0,0.0,26.0,1.0,0.8,0.5,5.0,5.0,5.0,5.0,1.0,0.0,26.0,1.0,0.8,0.5,-79.7,-73.1,-43.4,-61.8,3.0,28.4,12.0,0.7,0.6,0.5,-66.9,-61.4,-54.4,-60.6,3.0,9.2,12.0,0.7,0.6,0.5,-51.1,-51.1,-51.1,-51.1,1.0,0.0,26.0,1.0,0.8,0.5,-42.9,-42.9,-42.9,-42.9,1.0,0.0,26.0,1.0,0.8,0.5,-3.8,-3.8,-3.8,-3.8,1.0,0.0,26.0,1.0,0.8,0.5,-3.2,-3.2,-3.2,-3.2,1.0,0.0,26.0,1.0,0.8,0.5,15.0,30.0,53.0,34.0,3.0,28.0,12.0,0.7,0.6,0.5,15.0,30.0,55.0,35.0,3.0,30.0,12.0,0.7,0.6,0.5
1974,2,68.0,9.0,28.2,28.2,28.2,28.2,1.0,0.0,24.0,1.0,0.4,0.0,28.5,28.5,28.5,28.5,1.0,0.0,24.0,1.0,0.4,0.0,18.59,18.59,18.59,18.59,1.0,0.0,24.0,1.0,0.4,0.0,76.2,76.2,76.2,76.2,1.0,0.0,24.0,1.0,0.0,6.2,6.2,6.2,6.2,1.0,0.0,24.0,1.0,0.4,0.0,-1.08,-1.08,-1.08,-1.08,1.0,0.0,24.0,1.0,0.4,0.0,-6.11,-6.11,-6.11,-6.11,1.0,0.0,24.0,1.0,0.4,0.0,1008.1,1008.1,1008.1,1008.1,1.0,0.0,24.0,1.0,0.4,0.0,2.0,2.0,2.0,2.0,1.0,0.0,24.0,1.0,0.4,0.0,-6.7,-6.7,-6.7,-6.7,1.0,0.0,24.0,1.0,0.4,0.0,-37.9,-37.9,-37.9,-37.9,1.0,0.0,24.0,1.0,0.4,0.0,-0.3,-0.3,-0.3,-0.3,1.0,0.0,24.0,1.0,0.4,0.0,-1.9,-1.9,-1.9,-1.9,1.0,0.0,24.0,1.0,0.4,0.0,5.47,5.47,5.47,5.47,1.0,0.0,24.0,1.0,0.4,0.0,33.9,33.9,33.9,33.9,1.0,0.0,24.0,1.0,0.4,0.0,-30.7,-30.7,-30.7,-30.7,1.0,0.0,24.0,1.0,0.4,0.0,-174.0,-174.0,-174.0,-174.0,1.0,0.0,24.0,1.0,0.4,0.0,-20.0,-20.0,-20.0,-20.0,1.0,0.0,24.0,1.0,0.4,0.0,-113.5,-113.5,-113.5,-113.5,1.0,0.0,24.0,1.0,0.4,0.0,-5.9,-5.9,-5.9,-5.9,1.0,0.0,24.0,1.0,0.4,0.0,-33.4,-33.4,-33.4,-33.4,1.0,0.0,24.0,1.0,0.4,0.0,238.5,238.5,238.5,238.5,1.0,0.0,24.0,1.0,0.4,0.0,240.0,240.0,240.0,240.0,1.0,0.0,24.0,1.0,0.4,0.0
1974,2,68.0,10.0,,,,,,,,,,,,,,,,,,,,,,,,,,,,,,,,,,,,,,,,8.0,8.0,8.0,8.0,1.0,0.0,12.0,1.0,0.4,0.7,2.74,2.74,2.74,2.74,1.0,0.0,12.0,1.0,0.4,0.7,-7.52,-7.52,-7.52,-7.52,1.0,0.0,12.0,1.0,0.4,0.7,1009.8,1009.8,1009.8,1009.8,1.0,0.0,12.0,1.0,0.4,0.7,,,,,,,,,,,,,,,,,,,,,,,,,,,,,,,,,,,,,,,,,,,,,,,,,,,,,,,,,,,,,,,,,,,,,,,,,,,,,,,,,,,,,,,,,,,,,,,,,,,,,,,,,,,,,,,,,,,,,,,,,,,,,,,,,,,,,,,,,,,,,,,,,,,,,,
1974,2,68.0,12.0,27.67,28.25,28.83,28.25,2.0,1.2,6.0,0.5,0.8,0.5,24.4,25.7,27.0,25.7,2.0,2.69,6.0,0.5,0.8,0.5,11.68,11.68,11.68,11.68,1.0,0.0,12.0,0.0,0.7,0.8,63.6,63.6,63.6,63.6,1.0,0.0,12.0,0.0,0.8,1.08,1.25,1.42,1.25,2.0,0.35,6.0,0.5,0.8,0.5,-0.42,-0.25,-0.08,-0.25,2.0,0.35,6.0,0.5,0.8,0.5,-1.4,-1.18,-0.97,-1.18,2.0,0.45,6.0,0.5,0.8,0.5,1010.43,1010.7,1010.97,1010.7,2.0,0.57,6.0,0.5,0.8,0.5,0.2,0.5,0.8,0.5,2.0,0.7,6.0,0.5,0.8,0.5,-0.4,-0.2,-0.1,-0.2,2.0,0.4,6.0,0.5,0.8,0.5,-2.0,-1.6,-1.1,-1.6,2.0,1.0,6.0,0.5,0.8,0.5,1.83,2.55,3.27,2.55,2.0,1.48,6.0,0.5,0.8,0.5,2.1,3.5,4.8,3.5,2.0,2.8,6.0,0.5,0.8,0.5,11.21,11.21,11.21,11.21,1.0,0.0,12.0,0.0,0.7,0.8,16.8,16.8,16.8,16.8,1.0,0.0,12.0,0.0,0.7,0.8,-11.6,-6.9,-2.2,-6.9,2.0,9.8,6.0,0.5,0.8,0.5,-33.8,-29.8,-25.8,-29.8,2.0,8.3,6.0,0.5,0.8,0.5,0.0,0.0,0.0,0.0,1.0,0.0,12.0,0.0,0.7,0.8,-17.5,-17.5,-17.5,-17.5,1.0,0.0,12.0,0.0,0.7,0.8,0.0,0.0,0.0,0.0,1.0,0.0,12.0,0.0,0.7,0.8,-16.8,-16.8,-16.8,-16.8,1.0,0.0,12.0,0.0,0.7,0.8,1.5,2.0,3.0,2.0,2.0,1.5,6.0,0.5,0.8,0.5,0.0,0.0,5.0,0.0,2.0,0.0,6.0,0.5,0.8,0.5
1974,2,68.0,13.0,26.29,26.8,27.21,27.01,10.0,1.12,14.0,0.3,0.5,0.3,24.43,25.5,26.54,25.43,10.0,1.12,14.0,0.3,0.5,0.3,15.1,15.91,16.6,15.91,9.0,0.71,14.0,0.3,0.5,0.3,74.6,76.3,83.8,78.7,9.0,4.9,14.0,0.3,0.3,2.81,5.6,8.49,5.69,10.0,2.75,14.0,0.3,0.5,0.3,-1.53,0.27,1.9,0.07,10.0,2.29,14.0,0.3,0.5,0.3,-8.13,-5.41,-2.79,-5.24,10.0,2.79,14.0,0.3,0.5,0.3,1010.59,1012.3,1013.76,1012.57,10.0,2.3,14.0,0.3,0.5,0.3,2.0,2.0,3.7,2.4,9.0,1.2,12.0,0.3,0.5,0.4,-5.1,0.8,14.2,2.0,10.0,17.3,14.0,0.3,0.5,0.3,-69.0,-30.6,-7.9,-36.6,10.0,29.5,14.0,0.3,0.5,0.3,0.34,1.1,2.91,1.58,10.0,1.44,14.0,0.3,0.5,0.3,0.8,7.7,22.8,10.5,10.0,9.9,14.0,0.3,0.5,0.3,5.51,5.87,6.79,5.98,9.0,0.91,14.0,0.3,0.5,0.3,16.9,44.3,50.9,35.2,9.0,18.1,14.0,0.3,0.5,0.3,-39.7,7.3,48.1,2.4,10.0,55.9,14.0,0.3,0.5,0.3,-202.2,-132.8,-75.1,-131.7,10.0,68.1,14.0,0.3,0.5,0.3,-25.3,8.6,30.4,1.2,9.0,37.3,14.0,0.3,0.5,0.3,-126.7,-87.3,-44.6,-82.9,9.0,47.0,14.0,0.3,0.5,0.3,-8.1,3.7,13.5,0.7,9.0,15.3,14.0,0.3,0.5,0.3,-49.3,-39.0,-16.8,-32.3,9.0,17.7,14.0,0.3,0.5,0.3,23.0,181.5,612.5,298.0,10.0,295.5,14.0,0.3,0.5,0.3,25.0,180.0,615.0,300.0,10.0,295.0,14.0,0.3,0.5,0.3
1974,2,68.0,14.0,,,,,,,,,,,,,,,,,,,,,,,,,,,,,,,,,,,,,,,,6.16,6.5,6.84,6.5,2.0,0.71,6.0,0.5,0.3,0.4,-3.95,-2.77,-1.59,-2.77,2.0,2.44,6.0,0.5,0.3,0.4,-5.82,-5.64,-5.45,-5.64,2.0,0.39,6.0,0.5,0.3,0.4,1013.35,1013.9,1014.45,1013.9,2.0,1.13,6.0,0.5,0.3,0.4,,,,,,,,,,,,,,,,,,,,,,,,,,,,,,,,,,,,,,,,,,,,,,,,,,,,,,,,,,,,,,,,,,,,,,,,,,,,,,,,,,,,,,,,,,,,,,,,,,,,,,,,,,,,,,,,,,,,,,,,,,,,,,,,,,,,,,,,,,,,,,,,,,,,,,
1974,2,68.0,15.0,25.52,26.65,27.0,26.41,12.0,0.86,14.0,0.5,0.6,0.5,23.94,25.8,27.73,25.44,13.0,1.87,12.0,0.5,0.6,0.5,12.18,16.2,17.27,15.35,10.0,2.5,14.0,0.5,0.7,0.6,67.1,72.8,82.0,74.1,10.0,7.2,14.0,0.5,0.6,4.1,7.2,9.94,7.04,13.0,3.23,12.0,0.5,0.6,0.5,-4.2,-1.16,0.0,-2.01,13.0,2.32,12.0,0.5,0.6,0.5,-9.39,-6.67,-4.03,-6.41,13.0,3.13,12.0,0.5,0.6,0.5,1012.16,1013.2,1016.26,1014.15,13.0,2.44,12.0,0.5,0.6,0.5,0.0,1.0,4.0,1.6,13.0,2.0,12.0,0.5,0.6,0.5,-39.7,-7.8,0.0,-18.0,13.0,20.7,12.0,0.5,0.6,0.5,-93.6,-51.3,-16.8,-54.0,13.0,40.9,12.0,0.5,0.6,0.5,-0.18,0.6,1.48,0.68,12.0,1.08,14.0,0.5,0.6,0.5,-1.0,2.5,12.3,4.9,12.0,9.3,14.0,0.5,0.6,0.5,4.57,5.76,8.05,6.29,10.0,2.02,14.0,0.5,0.7,0.6,23.2,44.4,70.4,47.8,10.0,27.2,14.0,0.5,0.7,0.6,-114.1,-30.0,0.0,-51.5,13.0,59.3,12.0,0.5,0.6,0.5,-225.4,-170.2,-104.6,-163.5,13.0,80.1,12.0,0.5,0.6,0.5,-69.8,-22.4,0.0,-31.5,10.0,34.7,14.0,0.5,0.7,0.6,-118.4,-107.6,-70.6,-97.0,10.0,30.3,14.0,0.5,0.7,0.6,-36.3,-9.2,0.0,-16.2,10.0,19.0,14.0,0.5,0.7,0.6,-65.3,-32.1,-23.2,-42.1,10.0,25.5,14.0,0.5,0.7,0.6,69.0,373.0,989.0,537.5,13.0,526.0,12.0,0.5,0.6,0.5,70.0,375.0,990.0,540.0,13.0,525.0,12.0,0.5,0.6,0.5
1974,2,68.0,16.0,25.52,26.5,26.64,26.28,11.0,0.68,16.0,0.5,0.4,0.3,23.82,24.9,27.05,25.2,12.0,1.43,14.0,0.5,0.5,0.4,11.06,14.82,16.22,14.06,10.0,2.77,16.0,0.4,0.4,0.4,60.4,72.5,78.9,70.7,10.0,10.6,16.0,0.4,0.4,4.1,5.4,7.45,5.74,12.0,1.95,14.0,0.5,0.5,0.4,-2.93,0.0,2.01,-0.41,12.0,2.39,14.0,0.5,0.5,0.4,-7.25,-4.23,-3.48,-5.15,12.0,2.22,14.0,0.5,0.5,0.4,1011.9,1013.55,1015.48,1013.83,12.0,2.08,14.0,0.5,0.5,0.4,0.0,0.0,1.5,0.7,12.0,1.2,16.0,0.6,0.4,0.3,-18.3,0.0,8.6,-3.3,12.0,13.6,14.0,0.5,0.5,0.4,-54.1,-22.4,-15.5,-33.4,12.0,24.5,14.0,0.5,0.5,0.4,0.43,1.5,2.16,1.21,10.0,1.06,16.0,0.4,0.4,0.4,1.5,8.1,11.6,7.2,10.0,8.2,16.0,0.4,0.4,0.4,5.17,6.88,9.8,7.25,10.0,2.19,16.0,0.4,0.4,0.4,28.3,41.5,55.0,43.5,10.0,23.6,16.0,0.4,0.4,0.4,-77.1,0.0,49.5,-10.7,12.0,59.2,14.0,0.5,0.5,0.4,-184.5,-103.4,-81.6,-130.0,12.0,57.4,14.0,0.5,0.5,0.4,-44.8,-10.1,31.2,-8.7,10.0,35.9,16.0,0.4,0.4,0.4,-108.6,-59.4,-38.7,-71.6,10.0,35.4,16.0,0.4,0.4,0.4,-16.0,-5.2,13.1,-1.6,10.0,20.8,16.0,0.4,0.4,0.4,-46.4,-33.6,-23.0,-38.2,10.0,24.5,16.0,0.4,0.4,0.4,69.0,159.0,418.5,251.5,12.0,236.0,14.0,0.5,0.5,0.4,70.0,160.0,420.0,250.0,12.0,235.0,14.0,0.5,0.5,0.4
1974,2,68.0,17.0,25.18,25.6,27.2,25.67,7.0,1.5,16.0,0.4,0.4,0.5,24.0,25.0,25.83,25.28,9.0,1.9,14.0,0.6,0.4,0.5,11.41,14.3,15.41,13.28,8.0,2.68,14.0,0.5,0.4,0.5,58.8,68.4,75.3,66.2,8.0,12.9,14.0,0.5,0.5,3.0,5.1,8.95,5.69,9.0,3.17,14.0,0.6,0.4,0.5,-3.5,-1.39,0.0,-1.28,9.0,2.22,14.0,0.6,0.4,0.5,-8.01,-4.42,-3.0,-5.25,9.0,2.94,14.0,0.6,0.4,0.5,1010.98,1013.1,1015.37,1013.46,9.0,2.45,14.0,0.6,0.4,0.5,0.0,0.0,0.9,0.5,8.0,1.1,14.0,0.6,0.4,0.5,-25.7,-11.1,0.0,-11.0,9.0,17.1,14.0,0.6,0.4,0.5,-71.7,-22.5,-9.5,-38.1,9.0,31.1,14.0,0.6,0.4,0.5,-2.73,1.0,1.68,0.31,7.0,2.39,16.0,0.4,0.4,0.5,-0.7,5.1,15.6,6.7,7.0,13.4,16.0,0.4,0.4,0.5,5.11,7.21,8.78,6.63,7.0,2.69,16.0,0.4,0.4,0.5,13.1,44.2,81.7,43.7,7.0,31.2,16.0,0.4,0.4,0.5,-87.3,-34.7,0.0,-29.7,9.0,57.3,14.0,0.6,0.4,0.5,-196.0,-132.5,-73.2,-131.4,9.0,71.3,14.0,0.6,0.4,0.5,-51.7,-16.7,0.0,-16.9,8.0,31.6,14.0,0.5,0.4,0.5,-99.1,-66.1,-40.5,-67.6,8.0,39.2,14.0,0.5,0.4,0.5,-24.3,-14.4,0.9,-11.8,7.0,19.5,16.0,0.4,0.4,0.5,-71.2,-38.3,-13.1,-39.5,7.0,28.9,16.0,0.4,0.4,0.5,31.5,132.5,725.5,325.5,9.0,326.5,14.0,0.6,0.4,0.5,30.0,135.0,725.0,325.0,9.0,325.0,14.0,0.6,0.4,0.5
1974,2,68.0,19.0,24.25,24.5,25.11,24.64,5.0,0.51,18.0,0.6,0.5,0.3,20.73,24.1,26.1,23.75,6.0,3.02,18.0,0.7,0.5,0.3,10.57,11.47,11.84,11.22,4.0,0.92,26.0,0.5,0.4,0.4,59.9,61.5,66.1,62.9,4.0,4.7,26.0,0.5,0.4,6.35,7.7,9.61,7.87,6.0,2.04,18.0,0.7,0.5,0.3,-4.21,-0.13,1.38,-1.4,6.0,3.79,18.0,0.7,0.5,0.3,-8.6,-6.84,-4.48,-6.81,6.0,2.45,18.0,0.7,0.5,0.3,1013.25,1013.9,1014.86,1014.15,6.0,1.79,18.0,0.7,0.5,0.3,0.0,0.0,0.6,0.5,6.0,1.2,18.0,0.7,0.5,0.3,-28.2,-1.9,11.3,-10.9,6.0,34.2,18.0,0.7,0.5,0.3,-76.3,-47.6,-38.3,-56.5,6.0,32.4,18.0,0.7,0.5,0.3,-2.22,0.5,2.16,0.08,5.0,2.95,18.0,0.6,0.5,0.3,-12.4,3.6,19.5,4.0,5.0,20.1,18.0,0.6,0.5,0.3,7.31,7.91,8.3,7.81,3.0,0.73,28.0,0.3,0.3,0.4,50.2,57.0,80.6,65.2,3.0,23.3,28.0,0.3,0.3,0.4,-104.2,-0.1,33.2,-28.9,6.0,81.2,18.0,0.7,0.5,0.3,-188.2,-169.2,-104.0,-160.8,6.0,58.7,18.0,0.7,0.5,0.3,-35.1,14.1,18.2,-7.5,4.0,48.3,26.0,0.5,0.4,0.4,-103.0,-79.7,-61.9,-82.3,4.0,31.9,26.0,0.5,0.4,0.4,8.7,9.9,14.0,11.3,3.0,4.0,28.0,0.3,0.3,0.4,-79.3,-56.1,-49.5,-64.2,3.0,23.0,28.0,0.3,0.3,0.4,264.5,462.5,898.5,569.0,6.0,410.0,18.0,0.7,0.5,0.3,265.0,460.0,900.0,570.0,6.0,410.0,18.0,0.7,0.5,0.3
1974,2,68.0,20.0,24.29,24.8,26.28,25.22,11.0,1.24,18.0,0.5,0.4,0.5,24.0,24.9,25.74,24.92,11.0,1.95,18.0,0.5,0.4,0.5,9.46,11.23,13.42,11.61,9.0,2.24,20.0,0.4,0.4,0.5,46.4,57.3,72.4,60.1,9.0,13.8,20.0,0.4,0.5,3.11,5.05,9.18,5.88,8.0,2.84,18.0,0.5,0.4,0.5,0.18,1.8,3.78,1.38,8.0,3.0,18.0,0.5,0.4,0.5,-8.84,-4.16,-2.03,-4.74,8.0,3.26,18.0,0.5,0.4,0.5,1012.16,1013.6,1014.47,1013.63,11.0,1.97,18.0,0.5,0.4,0.5,0.0,0.0,1.4,0.6,11.0,1.3,18.0,0.5,0.4,0.5,0.5,10.4,18.8,6.2,8.0,22.5,18.0,0.5,0.4,0.5,-81.4,-21.0,-5.4,-35.5,8.0,35.9,18.0,0.5,0.4,0.5,-1.14,-0.3,2.53,0.3,11.0,2.36,18.0,0.5,0.4,0.5,-4.6,-1.5,13.5,3.5,8.0,14.0,18.0,0.5,0.4,0.5,6.46,8.19,10.09,8.19,9.0,1.81,20.0,0.4,0.4,0.5,21.6,45.9,94.6,54.6,7.0,32.7,20.0,0.6,0.5,0.4,4.4,41.3,94.5,34.2,8.0,73.1,18.0,0.5,0.4,0.5,-222.2,-103.7,-47.9,-117.3,8.0,83.7,18.0,0.5,0.4,0.5,-3.9,22.8,41.0,11.3,7.0,44.3,20.0,0.6,0.5,0.4,-91.6,-57.3,-26.3,-56.5,7.0,34.3,20.0,0.6,0.5,0.4,-2.1,16.9,32.4,10.6,7.0,26.6,20.0,0.6,0.5,0.4,-89.1,-37.8,-12.9,-45.8,7.0,35.5,20.0,0.6,0.5,0.4,31.0,129.0,776.5,333.0,8.0,376.0,18.0,0.5,0.4,0.5,30.0,130.0,775.0,335.0,8.0,375.0,18.0,0.5,0.4,0.5
1974,2,68.0,21.0,24.0,24.0,25.0,24.29,21.0,0.97,8.0,0.5,0.3,0.6,20.98,23.0,24.0,22.9,23.0,1.76,8.0,0.5,0.3,0.6,8.54,9.91,11.07,9.8,6.0,1.28,22.0,0.2,0.4,0.5,49.6,60.1,61.5,56.9,6.0,7.0,22.0,0.2,0.5,3.1,7.2,8.7,6.65,24.0,3.03,8.0,0.5,0.3,0.5,-2.86,2.72,5.27,1.83,24.0,4.03,8.0,0.5,0.3,0.5,-7.97,-5.44,-1.32,-4.9,24.0,3.24,8.0,0.5,0.3,0.5,1013.55,1015.3,1017.4,1015.47,23.0,2.02,8.0,0.5,0.3,0.6,0.0,0.0,2.0,0.6,23.0,1.0,8.0,0.5,0.3,0.5,-24.0,11.2,43.2,14.0,24.0,37.6,8.0,0.5,0.3,0.5,-67.9,-36.5,-4.4,-40.0,24.0,34.7,8.0,0.5,0.3,0.5,-0.25,1.0,3.83,1.3,21.0,2.08,8.0,0.5,0.3,0.6,0.0,5.1,32.7,11.3,21.0,18.4,8.0,0.5,0.3,0.6,8.39,9.03,10.16,9.27,6.0,1.82,22.0,0.2,0.4,0.5,48.2,71.4,95.5,69.1,6.0,29.4,22.0,0.2,0.4,0.5,-61.0,63.3,123.6,35.7,23.0,85.1,8.0,0.5,0.3,0.6,-175.5,-118.1,-28.7,-107.3,23.0,70.4,8.0,0.5,0.3,0.6,-31.7,31.8,52.9,20.6,6.0,45.0,22.0,0.2,0.4,0.5,-65.3,-53.9,-20.6,-45.0,6.0,33.1,22.0,0.2,0.4,0.5,-35.8,23.7,50.6,17.0,6.0,48.3,22.0,0.2,0.4,0.5,-74.3,-48.2,-24.0,-47.6,6.0,34.6,22.0,0.2,0.4,0.5,30.0,373.0,658.5,462.5,24.0,478.5,8.0,0.5,0.3,0.5,30.0,375.0,660.0,465.0,24.0,480.0,8.0,0.5,0.3,0.5
1974,2,68.0,22.0,23.0,24.0,24.76,23.87,27.0,1.32,10.0,0.6,0.2,0.6,20.0,21.8,24.02,21.95,26.0,2.34,10.0,0.6,0.2,0.6,9.22,9.38,12.08,10.25,7.0,1.72,24.0,0.6,0.5,0.2,54.5,56.3,67.8,59.7,7.0,7.7,24.0,0.6,0.2,3.83,7.0,8.35,6.08,25.0,3.1,10.0,0.5,0.2,0.6,-0.5,3.46,7.0,2.85,25.0,4.25,10.0,0.5,0.2,0.6,-6.29,-2.64,0.0,-3.06,25.0,3.44,10.0,0.5,0.2,0.6,1013.4,1017.35,1020.02,1017.23,26.0,3.08,10.0,0.5,0.2,0.6,0.0,0.0,2.0,0.9,27.0,1.4,10.0,0.6,0.2,0.6,-2.1,13.9,50.3,18.8,25.0,38.3,10.0,0.5,0.2,0.6,-52.8,-12.9,0.0,-23.6,25.0,33.2,10.0,0.5,0.2,0.6,0.37,2.35,4.0,1.95,26.0,2.12,10.0,0.6,0.2,0.6,0.0,16.1,27.2,13.0,24.0,16.0,10.0,0.5,0.2,0.6,6.13,7.76,9.84,8.13,7.0,2.49,24.0,0.6,0.5,0.2,27.5,35.6,75.8,47.5,7.0,27.1,24.0,0.6,0.5,0.2,-20.6,79.7,158.0,63.6,24.0,94.3,10.0,0.5,0.2,0.6,-158.8,-63.4,0.0,-66.2,24.0,75.3,10.0,0.5,0.2,0.6,-24.7,29.1,59.6,21.2,7.0,39.2,24.0,0.6,0.5,0.2,-63.7,-24.4,-17.1,-26.2,7.0,36.6,24.0,0.6,0.5,0.2,-21.1,19.4,32.7,13.0,7.0,34.5,24.0,0.6,0.5,0.2,-43.9,-24.4,-12.3,-27.7,7.0,32.9,24.0,0.6,0.5,0.2,57.5,343.0,585.5,380.5,25.0,437.5,10.0,0.5,0.2,0.6,55.0,345.0,585.0,380.0,25.0,440.0,10.0,0.5,0.2,0.6
1974,2,68.0,23.0,23.4,23.6,23.8,23.6,2.0,0.42,10.0,0.5,0.2,0.3,24.06,24.2,24.34,24.2,2.0,0.28,10.0,0.5,0.2,0.3,17.17,17.17,17.17,17.17,1.0,0.0,20.0,0.0,0.1,0.6,90.8,90.8,90.8,90.8,1.0,0.0,20.0,0.0,0.6,0.98,3.1,5.22,3.1,2.0,4.38,10.0,0.5,0.2,0.3,-1.78,-1.06,-0.34,-1.06,2.0,1.5,10.0,0.5,0.2,0.3,0.92,2.91,4.9,2.91,2.0,4.12,10.0,0.5,0.2,0.3,1018.7,1019.35,1020.0,1019.35,2.0,1.34,10.0,0.5,0.2,0.3,0.6,2.0,3.4,2.0,2.0,2.8,10.0,0.5,0.2,0.3,-11.1,-6.6,-2.1,-6.6,2.0,9.3,10.0,0.5,0.2,0.3,5.7,18.1,30.4,18.1,2.0,25.5,10.0,0.5,0.2,0.3,-0.67,-0.6,-0.53,-0.6,2.0,0.14,10.0,0.5,0.2,0.3,-2.6,-1.5,-0.5,-1.5,2.0,2.2,10.0,0.5,0.2,0.3,1.19,1.19,1.19,1.19,1.0,0.0,20.0,0.0,0.1,0.6,7.4,7.4,7.4,7.4,1.0,0.0,20.0,0.0,0.1,0.6,-43.5,-25.9,-8.2,-25.9,2.0,36.6,10.0,0.5,0.2,0.3,22.6,71.1,119.6,71.1,2.0,100.5,10.0,0.5,0.2,0.3,-36.4,-36.4,-36.4,-36.4,1.0,0.0,20.0,0.0,0.1,0.6,100.0,100.0,100.0,100.0,1.0,0.0,20.0,0.0,0.1,0.6,-2.5,-2.5,-2.5,-2.5,1.0,0.0,20.0,0.0,0.1,0.6,7.0,7.0,7.0,7.0,1.0,0.0,20.0,0.0,0.1,0.6,38.0,119.0,200.5,119.0,2.0,168.5,10.0,0.5,0.2,0.3,40.0,120.0,200.0,120.0,2.0,170.0,10.0,0.5,0.2,0.3
1974,2,69.0,-50.0,,,,,,,,,,,,,,,,,,,,,,,,,,,,,,,,,,,,,,,,16.5,16.5,16.5,16.5,1.0,0.0,4.0,1.0,0.7,0.2,16.5,16.5,16.5,16.5,1.0,0.0,4.0,1.0,0.7,0.2,0.0,0.0,0.0,0.0,1.0,0.0,4.0,1.0,0.7,0.2,1004.0,1004.0,1004.0,1004.0,1.0,0.0,4.0,1.0,0.7,0.2,,,,,,,,,,,,,,,,,,,,,,,,,,,,,,,,,,,,,,,,,,,,,,,,,,,,,,,,,,,,,,,,,,,,,,,,,,,,,,,,,,,,,,,,,,,,,,,,,,,,,,,,,,,,,,,,,,,,,,,,,,,,,,,,,,,,,,,,,,,,,,,,,,,,,,
1974,2,69.0,-46.0,8.3,8.3,8.3,8.3,1.0,0.0,4.0,0.0,0.6,1.0,10.3,10.3,10.3,10.3,1.0,0.0,4.0,0.0,0.6,1.0,7.52,7.52,7.52,7.52,1.0,0.0,4.0,0.0,0.6,1.0,96.1,96.1,96.1,96.1,1.0,0.0,4.0,0.0,1.0,8.2,8.2,8.2,8.2,1.0,0.0,4.0,0.0,0.6,1.0,7.71,7.71,7.71,7.71,1.0,0.0,4.0,0.0,0.6,1.0,-2.8,-2.8,-2.8,-2.8,1.0,0.0,4.0,0.0,0.6,1.0,1004.0,1004.0,1004.0,1004.0,1.0,0.0,4.0,0.0,0.6,1.0,8.0,8.0,8.0,8.0,1.0,0.0,4.0,0.0,0.6,1.0,63.2,63.2,63.2,63.2,1.0,0.0,4.0,0.0,0.6,1.0,-23.0,-23.0,-23.0,-23.0,1.0,0.0,4.0,0.0,0.6,1.0,-2.0,-2.0,-2.0,-2.0,1.0,0.0,4.0,0.0,0.6,1.0,-16.4,-16.4,-16.4,-16.4,1.0,0.0,4.0,0.0,0.6,1.0,-0.68,-0.68,-0.68,-0.68,1.0,0.0,4.0,0.0,0.6,1.0,-5.6,-5.6,-5.6,-5.6,1.0,0.0,4.0,0.0,0.6,1.0,79.4,79.4,79.4,79.4,1.0,0.0,4.0,0.0,0.6,1.0,-28.9,-28.9,-28.9,-28.9,1.0,0.0,4.0,0.0,0.6,1.0,57.9,57.9,57.9,57.9,1.0,0.0,4.0,0.0,0.6,1.0,-21.1,-21.1,-21.1,-21.1,1.0,0.0,4.0,0.0,0.6,1.0,-5.2,-5.2,-5.2,-5.2,1.0,0.0,4.0,0.0,0.6,1.0,1.9,1.9,1.9,1.9,1.0,0.0,4.0,0.0,0.6,1.0,551.5,551.5,551.5,551.5,1.0,0.0,4.0,0.0,0.6,1.0,550.0,550.0,550.0,550.0,1.0,0.0,4.0,0.0,0.6,1.0
1974,2,69.0,-43.0,15.3,15.3,15.3,15.3,1.0,0.0,4.0,0.0,0.9,0.6,12.9,12.9,12.9,12.9,1.0,0.0,4.0,0.0,0.9,0.6,5.46,5.46,5.46,5.46,1.0,0.0,4.0,0.0,0.9,0.6,60.3,60.3,60.3,60.3,1.0,0.0,4.0,0.0,0.6,4.0,4.0,4.0,4.0,1.0,0.0,4.0,0.0,0.9,0.6,3.76,3.76,3.76,3.76,1.0,0.0,4.0,0.0,0.9,0.6,-1.37,-1.37,-1.37,-1.37,1.0,0.0,4.0,0.0,0.9,0.6,1028.8,1028.8,1028.8,1028.8,1.0,0.0,4.0,0.0,0.9,0.6,6.0,6.0,6.0,6.0,1.0,0.0,4.0,0.0,0.9,0.6,15.0,15.0,15.0,15.0,1.0,0.0,4.0,0.0,0.9,0.6,-5.5,-5.5,-5.5,-5.5,1.0,0.0,4.0,0.0,0.9,0.6,2.4,2.4,2.4,2.4,1.0,0.0,4.0,0.0,0.9,0.6,9.6,9.6,9.6,9.6,1.0,0.0,4.0,0.0,0.9,0.6,5.16,5.16,5.16,5.16,1.0,0.0,4.0,0.0,0.9,0.6,20.6,20.6,20.6,20.6,1.0,0.0,4.0,0.0,0.9,0.6,48.5,48.5,48.5,48.5,1.0,0.0,4.0,0.0,0.9,0.6,-17.6,-17.6,-17.6,-17.6,1.0,0.0,4.0,0.0,0.9,0.6,20.5,20.5,20.5,20.5,1.0,0.0,4.0,0.0,0.9,0.6,-7.5,-7.5,-7.5,-7.5,1.0,0.0,4.0,0.0,0.9,0.6,19.4,19.4,19.4,19.4,1.0,0.0,4.0,0.0,0.9,0.6,-7.1,-7.1,-7.1,-7.1,1.0,0.0,4.0,0.0,0.9,0.6,64.0,64.0,64.0,64.0,1.0,0.0,4.0,0.0,0.9,0.6,65.0,65.0,65.0,65.0,1.0,0.0,4.0,0.0,0.9,0.6
1974,2,69.0,-42.0,15.4,15.4,15.4,15.4,1.0,0.0,4.0,1.0,0.8,0.5,13.0,13.0,13.0,13.0,1.0,0.0,4.0,1.0,0.8,0.5,5.53,5.53,5.53,5.53,1.0,0.0,4.0,1.0,0.8,0.5,60.8,60.8,60.8,60.8,1.0,0.0,4.0,1.0,0.5,2.0,2.0,2.0,2.0,1.0,0.0,4.0,1.0,0.8,0.5,1.29,1.29,1.29,1.29,1.0,0.0,4.0,1.0,0.8,0.5,-1.53,-1.53,-1.53,-1.53,1.0,0.0,4.0,1.0,0.8,0.5,1030.8,1030.8,1030.8,1030.8,1.0,0.0,4.0,1.0,0.8,0.5,5.0,5.0,5.0,5.0,1.0,0.0,4.0,1.0,0.8,0.5,2.6,2.6,2.6,2.6,1.0,0.0,4.0,1.0,0.8,0.5,-3.1,-3.1,-3.1,-3.1,1.0,0.0,4.0,1.0,0.8,0.5,2.4,2.4,2.4,2.4,1.0,0.0,4.0,1.0,0.8,0.5,4.8,4.8,4.8,4.8,1.0,0.0,4.0,1.0,0.8,0.5,5.14,5.14,5.14,5.14,1.0,0.0,4.0,1.0,0.8,0.5,10.3,10.3,10.3,10.3,1.0,0.0,4.0,1.0,0.8,0.5,16.7,16.7,16.7,16.7,1.0,0.0,4.0,1.0,0.8,0.5,-19.9,-19.9,-19.9,-19.9,1.0,0.0,4.0,1.0,0.8,0.5,7.1,7.1,7.1,7.1,1.0,0.0,4.0,1.0,0.8,0.5,-8.5,-8.5,-8.5,-8.5,1.0,0.0,4.0,1.0,0.8,0.5,6.6,6.6,6.6,6.6,1.0,0.0,4.0,1.0,0.8,0.5,-7.9,-7.9,-7.9,-7.9,1.0,0.0,4.0,1.0,0.8,0.5,8.0,8.0,8.0,8.0,1.0,0.0,4.0,1.0,0.8,0.5,10.0,10.0,10.0,10.0,1.0,0.0,4.0,1.0,0.8,0.5
1974,2,69.0,-41.0,16.1,16.1,17.33,16.7,3.0,1.04,12.0,1.0,0.4,0.5,15.22,15.9,17.88,16.53,3.0,2.03,12.0,1.0,0.4,0.5,5.93,6.3,9.98,7.92,3.0,3.28,12.0,1.0,0.4,0.5,56.4,57.4,77.6,66.8,3.0,17.5,12.0,1.0,0.5,2.63,4.0,7.62,5.1,3.0,3.77,12.0,1.0,0.4,0.5,-2.78,-0.68,1.95,-0.42,3.0,3.48,12.0,1.0,0.4,0.5,-6.56,-1.88,-1.53,-4.0,3.0,4.12,12.0,1.0,0.4,0.5,1020.59,1031.1,1031.85,1026.33,3.0,9.23,12.0,1.0,0.4,0.5,0.3,1.0,5.8,3.0,3.0,4.4,12.0,1.0,0.4,0.5,-10.7,-1.4,19.8,4.4,3.0,22.9,12.0,1.0,0.4,0.5,-57.2,-5.5,-4.3,-30.2,3.0,44.3,12.0,1.0,0.4,0.5,-0.55,0.2,0.88,0.17,3.0,1.05,12.0,1.0,0.4,0.5,-5.5,0.8,1.9,-1.7,3.0,5.8,12.0,1.0,0.4,0.5,2.23,4.85,5.22,3.75,3.0,2.39,12.0,1.0,0.4,0.5,9.8,10.8,16.7,13.2,3.0,5.4,12.0,1.0,0.4,0.5,-44.0,-10.2,37.6,-3.4,3.0,60.1,12.0,1.0,0.4,0.5,-121.0,-28.0,-23.7,-71.4,3.0,80.6,12.0,1.0,0.4,0.5,-17.4,-3.9,24.1,3.2,3.0,31.1,12.0,1.0,0.4,0.5,-73.2,-10.8,-9.3,-40.6,3.0,53.4,12.0,1.0,0.4,0.5,-13.6,-3.7,1.0,-6.2,3.0,11.0,12.0,1.0,0.4,0.5,-9.7,-8.8,-7.3,-8.5,3.0,1.8,12.0,1.0,0.4,0.5,26.0,64.0,569.5,292.0,3.0,444.5,12.0,1.0,0.4,0.5,25.0,65.0,570.0,290.0,3.0,445.0,12.0,1.0,0.4,0.5
1974,2,69.0,-40.0,16.16,16.5,16.84,16.5,2.0,0.71,10.0,1.0,0.6,0.4,16.17,17.6,19.03,17.6,2.0,2.97,10.0,1.0,0.6,0.4,9.14,10.52,11.9,10.52,2.0,2.87,10.0,1.0,0.6,0.4,80.7,84.0,87.3,84.0,2.0,6.8,10.0,1.0,0.4,3.46,5.3,7.14,5.3,2.0,3.82,10.0,1.0,0.6,0.4,-6.04,-4.11,-2.19,-4.11,2.0,3.98,10.0,1.0,0.6,0.4,-3.72,-3.13,-2.53,-3.13,2.0,1.24,10.0,1.0,0.6,0.4,1023.27,1025.8,1028.33,1025.8,2.0,5.23,10.0,1.0,0.6,0.4,6.0,6.0,6.0,6.0,2.0,0.0,10.0,1.0,0.6,0.4,-47.2,-29.4,-11.6,-29.4,2.0,36.8,10.0,1.0,0.6,0.4,-27.9,-18.9,-10.0,-18.9,2.0,18.5,10.0,1.0,0.6,0.4,-2.19,-1.1,-0.01,-1.1,2.0,2.26,10.0,1.0,0.6,0.4,-5.3,-1.5,2.3,-1.5,2.0,7.8,10.0,1.0,0.6,0.4,-0.11,0.99,2.1,0.99,2.0,2.29,10.0,1.0,0.6,0.4,1.9,9.6,17.3,9.6,2.0,15.9,10.0,1.0,0.6,0.4,-94.4,-66.5,-38.6,-66.5,2.0,57.8,10.0,1.0,0.6,0.4,-59.2,-53.2,-47.2,-53.2,2.0,12.5,10.0,1.0,0.6,0.4,-52.1,-37.6,-23.1,-37.6,2.0,30.1,10.0,1.0,0.6,0.4,-33.1,-31.1,-29.2,-31.1,2.0,4.0,10.0,1.0,0.6,0.4,-15.1,-8.6,-2.2,-8.6,2.0,13.4,10.0,1.0,0.6,0.4,-8.6,-4.5,-0.5,-4.5,2.0,8.4,10.0,1.0,0.6,0.4,96.0,265.0,433.5,265.0,2.0,349.5,10.0,1.0,0.6,0.4,95.0,265.0,435.0,265.0,2.0,350.0,10.0,1.0,0.6,0.4
1974,2,69.0,-39.0,17.25,17.8,18.35,17.8,2.0,1.13,4.0,0.0,0.2,0.5,16.41,17.3,18.19,17.3,2.0,1.84,4.0,0.0,0.2,0.5,10.05,11.09,12.13,11.09,2.0,2.15,4.0,0.0,0.2,0.5,87.8,91.3,94.7,91.3,2.0,7.1,4.0,0.0,0.5,8.0,8.0,8.0,8.0,2.0,0.0,4.0,0.0,0.2,0.5,-6.64,-6.04,-5.43,-6.04,2.0,1.26,4.0,0.0,0.2,0.5,-5.79,-5.06,-4.34,-5.06,2.0,1.5,4.0,0.0,0.2,0.5,1029.1,1029.3,1029.5,1029.3,2.0,0.42,4.0,0.0,0.2,0.5,8.0,8.0,8.0,8.0,1.0,0.0,4.0,0.0,0.3,0.1,-53.2,-48.3,-43.4,-48.3,2.0,10.1,4.0,0.0,0.2,0.5,-46.3,-40.5,-34.7,-40.5,2.0,12.0,4.0,0.0,0.2,0.5,0.16,0.5,0.84,0.5,2.0,0.71,4.0,0.0,0.2,0.5,1.3,4.0,6.7,4.0,2.0,5.7,4.0,0.0,0.2,0.5,0.77,1.38,1.99,1.38,2.0,1.26,4.0,0.0,0.2,0.5,6.2,11.1,15.9,11.1,2.0,10.1,4.0,0.0,0.2,0.5,-108.4,-103.2,-98.1,-103.2,2.0,10.8,4.0,0.0,0.2,0.5,-106.1,-89.0,-71.9,-89.0,2.0,35.3,4.0,0.0,0.2,0.5,-66.1,-65.6,-65.1,-65.6,2.0,1.0,4.0,0.0,0.2,0.5,-71.1,-57.8,-44.5,-57.8,2.0,27.6,4.0,0.0,0.2,0.5,-13.7,-9.1,-4.6,-9.1,2.0,9.4,4.0,0.0,0.2,0.5,-8.1,-6.0,-4.0,-6.0,2.0,4.3,4.0,0.0,0.2,0.5,512.0,512.0,512.0,512.0,2.0,0.0,4.0,0.0,0.2,0.5,510.0,510.0,510.0,510.0,2.0,0.0,4.0,0.0,0.2,0.5
1974,2,69.0,-38.0,18.6,18.6,18.6,18.6,1.0,0.0,4.0,0.0,0.0,0.3,19.2,19.2,19.2,19.2,1.0,0.0,4.0,0.0,0.0,0.3,12.85,12.85,12.85,12.85,1.0,0.0,4.0,0.0,0.0,0.3,94.5,94.5,94.5,94.5,1.0,0.0,4.0,0.0,0.3,7.0,7.0,7.0,7.0,1.0,0.0,4.0,0.0,0.0,0.3,-3.5,-3.5,-3.5,-3.5,1.0,0.0,4.0,0.0,0.0,0.3,-6.06,-6.06,-6.06,-6.06,1.0,0.0,4.0,0.0,0.0,0.3,1030.3,1030.3,1030.3,1030.3,1.0,0.0,4.0,0.0,0.0,0.3,2.0,2.0,2.0,2.0,1.0,0.0,4.0,0.0,0.0,0.3,-24.5,-24.5,-24.5,-24.5,1.0,0.0,4.0,0.0,0.0,0.3,-42.4,-42.4,-42.4,-42.4,1.0,0.0,4.0,0.0,0.0,0.3,-0.6,-0.6,-0.6,-0.6,1.0,0.0,4.0,0.0,0.0,0.3,-4.2,-4.2,-4.2,-4.2,1.0,0.0,4.0,0.0,0.0,0.3,0.25,0.25,0.25,0.25,1.0,0.0,4.0,0.0,0.0,0.3,1.7,1.7,1.7,1.7,1.0,0.0,4.0,0.0,0.0,0.3,-67.2,-67.2,-67.2,-67.2,1.0,0.0,4.0,0.0,0.0,0.3,-116.4,-116.4,-116.4,-116.4,1.0,0.0,4.0,0.0,0.0,0.3,-45.0,-45.0,-45.0,-45.0,1.0,0.0,4.0,0.0,0.0,0.3,-77.9,-77.9,-77.9,-77.9,1.0,0.0,4.0,0.0,0.0,0.3,-0.9,-0.9,-0.9,-0.9,1.0,0.0,4.0,0.0,0.0,0.3,-1.5,-1.5,-1.5,-1.5,1.0,0.0,4.0,0.0,0.0,0.3,343.0,343.0,343.0,343.0,1.0,0.0,4.0,0.0,0.0,0.3,345.0,345.0,345.0,345.0,1.0,0.0,4.0,0.0,0.0,0.3
1974,2,69.0,-37.0,,,,,,,,,,,,,,,,,,,,,,,,,,,,,,,,,,,,,,,,12.0,12.0,12.0,12.0,1.0,0.0,22.0,0.0,0.3,0.3,6.0,6.0,6.0,6.0,1.0,0.0,22.0,0.0,0.3,0.3,-10.39,-10.39,-10.39,-10.39,1.0,0.0,22.0,0.0,0.3,0.3,1011.7,1011.7,1011.7,1011.7,1.0,0.0,22.0,0.0,0.3,0.3,,,,,,,,,,,,,,,,,,,,,,,,,,,,,,,,,,,,,,,,,,,,,,,,,,,,,,,,,,,,,,,,,,,,,,,,,,,,,,,,,,,,,,,,,,,,,,,,,,,,,,,,,,,,,,,,,,,,,,,,,,,,,,,,,,,,,,,,,,,,,,,,,,,,,,
1974,2,69.0,-33.0,22.76,23.1,23.44,23.1,2.0,0.71,4.0,0.5,0.6,0.6,22.22,22.7,23.18,22.7,2.0,0.99,4.0,0.5,0.6,0.6,11.29,11.64,12.0,11.64,2.0,0.73,4.0,0.5,0.6,0.6,65.1,69.1,73.2,69.1,2.0,8.5,4.0,0.5,0.6,6.6,7.45,8.3,7.45,2.0,1.77,4.0,0.5,0.6,0.6,-8.18,-7.34,-6.5,-7.34,2.0,1.74,4.0,0.5,0.6,0.6,-1.44,-1.29,-1.15,-1.29,2.0,0.31,4.0,0.5,0.6,0.6,1027.41,1027.65,1027.89,1027.65,2.0,0.49,4.0,0.5,0.6,0.6,6.2,6.5,6.8,6.5,2.0,0.7,4.0,0.5,0.6,0.6,-68.7,-56.2,-43.7,-56.2,2.0,25.9,4.0,0.5,0.6,0.6,-12.1,-9.9,-7.7,-9.9,2.0,4.6,4.0,0.5,0.6,0.6,0.26,0.4,0.54,0.4,2.0,0.28,4.0,0.5,0.6,0.6,1.9,3.2,4.6,3.2,2.0,2.8,4.0,0.5,0.6,0.6,5.01,5.73,6.45,5.73,2.0,1.49,4.0,0.5,0.6,0.6,40.9,41.4,41.8,41.4,2.0,1.0,4.0,0.5,0.6,0.6,-181.3,-165.7,-150.1,-165.7,2.0,32.3,4.0,0.5,0.6,0.6,-32.0,-29.2,-26.5,-29.2,2.0,5.7,4.0,0.5,0.6,0.6,-98.4,-86.1,-73.7,-86.1,2.0,25.6,4.0,0.5,0.6,0.6,-17.4,-15.2,-13.0,-15.2,2.0,4.5,4.0,0.5,0.6,0.6,-41.2,-40.7,-40.3,-40.7,2.0,1.0,4.0,0.5,0.6,0.6,-7.3,-7.2,-7.1,-7.2,2.0,0.2,4.0,0.5,0.6,0.6,305.0,448.5,592.0,448.5,2.0,297.0,4.0,0.5,0.6,0.6,305.0,450.0,590.0,450.0,2.0,295.0,4.0,0.5,0.6,0.6
1974,2,69.0,-32.0,21.02,23.2,24.09,22.57,3.0,2.32,20.0,0.3,0.5,0.5,21.91,23.0,23.96,22.93,3.0,1.5,20.0,0.3,0.5,0.5,10.99,12.31,12.86,11.94,3.0,1.41,20.0,0.3,0.5,0.5,65.6,66.0,72.7,69.1,3.0,5.8,20.0,0.3,0.5,2.92,3.6,6.74,4.8,3.0,2.99,20.0,0.3,0.5,0.5,-1.81,-1.42,-0.45,-1.14,3.0,1.03,20.0,0.3,0.5,0.5,-2.99,-1.67,4.98,0.93,3.0,6.26,20.0,0.3,0.5,0.5,1019.99,1021.9,1022.04,1021.03,3.0,1.68,20.0,0.3,0.5,0.5,3.3,4.0,4.7,4.0,3.0,1.0,20.0,0.3,0.5,0.5,-9.6,-5.2,-1.6,-5.6,3.0,5.9,20.0,0.3,0.5,0.5,-10.2,-4.3,43.8,16.3,3.0,43.4,20.0,0.3,0.5,0.5,-1.34,-1.2,0.64,-0.37,3.0,1.62,20.0,0.3,0.5,0.5,-8.8,-3.1,2.7,-3.1,3.0,8.4,20.0,0.3,0.5,0.5,4.45,5.26,5.69,5.08,3.0,0.92,20.0,0.3,0.5,0.5,16.1,21.2,29.6,22.8,3.0,10.0,20.0,0.3,0.5,0.5,-42.8,-30.5,-9.7,-26.4,3.0,24.6,20.0,0.3,0.5,0.5,-69.5,-40.8,105.0,16.4,3.0,137.1,20.0,0.3,0.5,0.5,-21.4,-14.8,-4.7,-13.1,3.0,12.3,20.0,0.3,0.5,0.5,-38.8,-20.6,50.7,5.3,3.0,69.3,20.0,0.3,0.5,0.5,-9.0,-5.8,-1.8,-5.4,3.0,5.2,20.0,0.3,0.5,0.5,-17.3,-8.8,19.7,1.0,3.0,28.4,20.0,0.3,0.5,0.5,27.0,46.5,391.0,205.0,3.0,300.0,20.0,0.3,0.5,0.5,25.0,45.0,390.0,205.0,3.0,300.0,20.0,0.3,0.5,0.5
1974,2,69.0,-31.0,23.8,23.8,23.8,23.8,1.0,0.0,14.0,0.0,0.9,0.9,22.2,22.2,22.2,22.2,1.0,0.0,14.0,0.0,0.9,0.9,13.1,13.1,13.1,13.1,1.0,0.0,14.0,0.0,0.9,0.9,79.6,79.6,79.6,79.6,1.0,0.0,14.0,0.0,0.9,4.6,4.6,4.6,4.6,1.0,0.0,14.0,0.0,0.9,0.9,-4.32,-4.32,-4.32,-4.32,1.0,0.0,14.0,0.0,0.9,0.9,1.57,1.57,1.57,1.57,1.0,0.0,14.0,0.0,0.9,0.9,1023.7,1023.7,1023.7,1023.7,1.0,0.0,14.0,0.0,0.9,0.9,3.0,3.0,3.0,3.0,1.0,0.0,14.0,0.0,0.9,0.9,-19.9,-19.9,-19.9,-19.9,1.0,0.0,14.0,0.0,0.9,0.9,7.2,7.2,7.2,7.2,1.0,0.0,14.0,0.0,0.9,0.9,1.6,1.6,1.6,1.6,1.0,0.0,14.0,0.0,0.9,0.9,7.4,7.4,7.4,7.4,1.0,0.0,14.0,0.0,0.9,0.9,5.1,5.1,5.1,5.1,1.0,0.0,14.0,0.0,0.9,0.9,23.5,23.5,23.5,23.5,1.0,0.0,14.0,0.0,0.9,0.9,-96.0,-96.0,-96.0,-96.0,1.0,0.0,14.0,0.0,0.9,0.9,34.9,34.9,34.9,34.9,1.0,0.0,14.0,0.0,0.9,0.9,-56.6,-56.6,-56.6,-56.6,1.0,0.0,14.0,0.0,0.9,0.9,20.6,20.6,20.6,20.6,1.0,0.0,14.0,0.0,0.9,0.9,-22.0,-22.0,-22.0,-22.0,1.0,0.0,14.0,0.0,0.9,0.9,8.0,8.0,8.0,8.0,1.0,0.0,14.0,0.0,0.9,0.9,97.5,97.5,97.5,97.5,1.0,0.0,14.0,0.0,0.9,0.9,95.0,95.0,95.0,95.0,1.0,0.0,14.0,0.0,0.9,0.9
1974,2,69.0,-30.0,23.6,23.6,23.6,23.6,1.0,0.0,28.0,0.0,0.6,0.5,20.6,20.6,20.6,20.6,1.0,0.0,28.0,0.0,0.6,0.5,14.31,14.31,14.31,14.31,1.0,0.0,28.0,0.0,0.6,0.5,94.6,94.6,94.6,94.6,1.0,0.0,28.0,0.0,0.5,9.3,9.3,9.3,9.3,1.0,0.0,28.0,0.0,0.6,0.5,-9.16,-9.16,-9.16,-9.16,1.0,0.0,28.0,0.0,0.6,0.5,1.61,1.61,1.61,1.61,1.0,0.0,28.0,0.0,0.6,0.5,1010.5,1010.5,1010.5,1010.5,1.0,0.0,28.0,0.0,0.6,0.5,8.0,8.0,8.0,8.0,1.0,0.0,28.0,0.0,0.6,0.5,-85.2,-85.2,-85.2,-85.2,1.0,0.0,28.0,0.0,0.6,0.5,15.0,15.0,15.0,15.0,1.0,0.0,28.0,0.0,0.6,0.5,3.0,3.0,3.0,3.0,1.0,0.0,28.0,0.0,0.6,0.5,27.9,27.9,27.9,27.9,1.0,0.0,28.0,0.0,0.6,0.5,3.9,3.9,3.9,3.9,1.0,0.0,28.0,0.0,0.6,0.5,36.3,36.3,36.3,36.3,1.0,0.0,28.0,0.0,0.6,0.5,-188.7,-188.7,-188.7,-188.7,1.0,0.0,28.0,0.0,0.6,0.5,33.3,33.3,33.3,33.3,1.0,0.0,28.0,0.0,0.6,0.5,-131.0,-131.0,-131.0,-131.0,1.0,0.0,28.0,0.0,0.6,0.5,23.1,23.1,23.1,23.1,1.0,0.0,28.0,0.0,0.6,0.5,-35.7,-35.7,-35.7,-35.7,1.0,0.0,28.0,0.0,0.6,0.5,6.3,6.3,6.3,6.3,1.0,0.0,28.0,0.0,0.6,0.5,804.5,804.5,804.5,804.5,1.0,0.0,28.0,0.0,0.6,0.5,805.0,805.0,805.0,805.0,1.0,0.0,28.0,0.0,0.6,0.5
1974,2,69.0,-27.0,23.92,23.95,23.98,23.95,2.0,0.07,10.0,0.5,0.2,0.8,24.49,25.1,25.71,25.1,2.0,1.27,10.0,0.5,0.2,0.8,14.92,15.11,15.29,15.11,2.0,0.38,10.0,0.5,0.2,0.8,73.4,77.0,80.6,77.0,2.0,7.5,10.0,0.5,0.8,8.69,9.75,10.81,9.75,2.0,2.19,10.0,0.5,0.2,0.8,-10.81,-9.75,-8.69,-9.75,2.0,2.19,10.0,0.5,0.2,0.8,0.0,0.0,0.0,0.0,2.0,0.0,10.0,0.5,0.2,0.8,1020.5,1022.0,1023.5,1022.0,2.0,3.11,10.0,0.5,0.2,0.8,4.5,5.5,6.5,5.5,2.0,2.1,10.0,0.5,0.2,0.8,-118.1,-97.5,-76.8,-97.5,2.0,42.7,10.0,0.5,0.2,0.8,0.0,0.0,0.0,0.0,2.0,0.0,10.0,0.5,0.2,0.8,-1.73,-1.15,-0.57,-1.15,2.0,1.2,10.0,0.5,0.2,0.8,-19.4,-12.5,-5.7,-12.5,2.0,14.2,10.0,0.5,0.2,0.8,3.09,3.28,3.48,3.28,2.0,0.4,10.0,0.5,0.2,0.8,27.1,32.5,37.8,32.5,2.0,11.1,10.0,0.5,0.2,0.8,-278.7,-246.1,-213.6,-246.1,2.0,67.4,10.0,0.5,0.2,0.8,0.0,0.0,0.0,0.0,2.0,0.0,10.0,0.5,0.2,0.8,-161.1,-146.9,-132.7,-146.9,2.0,29.4,10.0,0.5,0.2,0.8,0.0,0.0,0.0,0.0,2.0,0.0,10.0,0.5,0.2,0.8,-37.8,-32.5,-27.1,-32.5,2.0,11.1,10.0,0.5,0.2,0.8,0.0,0.0,0.0,0.0,2.0,0.0,10.0,0.5,0.2,0.8,693.0,997.0,1301.5,997.0,2.0,630.5,10.0,0.5,0.2,0.8,695.0,995.0,1300.0,995.0,2.0,630.0,10.0,0.5,0.2,0.8
1974,2,69.0,-26.0,24.32,24.5,25.0,24.6,5.0,0.42,10.0,0.6,0.6,0.4,23.69,24.2,25.41,24.6,5.0,1.39,10.0,0.6,0.6,0.4,14.33,15.2,16.58,15.52,5.0,1.8,10.0,0.6,0.6,0.4,77.3,80.9,84.1,80.6,5.0,3.8,10.0,0.6,0.4,6.7,7.45,8.46,7.58,4.0,1.03,6.0,0.8,0.7,0.5,-7.95,-7.2,-6.7,-7.32,4.0,0.74,6.0,0.8,0.7,0.5,0.0,1.4,2.89,1.45,4.0,1.67,6.0,0.8,0.7,0.5,1016.48,1018.0,1018.29,1017.34,5.0,1.9,10.0,0.6,0.6,0.4,3.6,4.0,7.4,5.2,5.0,2.2,10.0,0.6,0.6,0.4,-67.3,-54.0,-44.9,-56.0,4.0,13.3,6.0,0.8,0.7,0.5,0.0,11.5,24.5,12.2,4.0,14.2,6.0,0.8,0.7,0.5,-1.05,0.3,1.07,0.0,5.0,1.3,10.0,0.6,0.6,0.4,-10.7,-1.2,4.5,-3.0,4.0,10.0,6.0,0.8,0.7,0.5,2.41,3.88,4.98,3.7,5.0,1.75,10.0,0.6,0.6,0.4,17.3,26.6,28.5,23.1,4.0,9.2,6.0,0.8,0.7,0.5,-204.4,-181.2,-159.7,-182.0,4.0,25.9,6.0,0.8,0.7,0.5,0.0,36.5,74.4,37.2,4.0,42.9,6.0,0.8,0.7,0.5,-135.0,-114.1,-99.9,-117.3,4.0,21.1,6.0,0.8,0.7,0.5,0.0,23.0,49.1,24.5,4.0,28.4,6.0,0.8,0.7,0.5,-27.9,-25.8,-16.9,-22.6,4.0,9.3,6.0,0.8,0.7,0.5,0.0,1.6,6.4,3.1,4.0,4.4,6.0,0.8,0.7,0.5,301.0,426.0,607.5,453.0,4.0,181.0,6.0,0.8,0.7,0.5,300.0,425.0,605.0,455.0,4.0,180.0,6.0,0.8,0.7,0.5
1974,2,69.0,-22.0,,,,,,,,,,,,,,,,,,,,,,,,,,,,,,,,,,,,,,,,6.7,6.7,6.7,6.7,1.0,0.0,8.0,1.0,0.7,0.4,-6.3,-6.3,-6.3,-6.3,1.0,0.0,8.0,1.0,0.7,0.4,2.29,2.29,2.29,2.29,1.0,0.0,8.0,1.0,0.7,0.4,1016.4,1016.4,1016.4,1016.4,1.0,0.0,8.0,1.0,0.7,0.4,5.0,5.0,5.0,5.0,1.0,0.0,8.0,1.0,0.7,0.4,-42.2,-42.2,-42.2,-42.2,1.0,0.0,8.0,1.0,0.7,0.4,15.4,15.4,15.4,15.4,1.0,0.0,8.0,1.0,0.7,0.4,,,,,,,,,,,,,,,,,,,,,,,,,,,,,,,,,,,,,,,,,-165.0,-165.0,-165.0,-165.0,1.0,0.0,8.0,1.0,0.7,0.4,60.0,60.0,60.0,60.0,1.0,0.0,8.0,1.0,0.7,0.4,-96.5,-96.5,-96.5,-96.5,1.0,0.0,8.0,1.0,0.7,0.4,35.1,35.1,35.1,35.1,1.0,0.0,8.0,1.0,0.7,0.4,,,,,,,,,,,,,,,,,,,,,,,,,,,,,,,,,,,,,,,,
1974,2,69.0,-21.0,,,,,,,,,,,,,,,,,,,,,,,,,,,,,,,,,,,,,,,,9.0,9.0,9.0,9.0,1.0,0.0,22.0,0.0,0.1,0.8,-6.89,-6.89,-6.89,-6.89,1.0,0.0,22.0,0.0,0.1,0.8,5.79,5.79,5.79,5.79,1.0,0.0,22.0,0.0,0.1,0.8,1011.4,1011.4,1011.4,1011.4,1.0,0.0,22.0,0.0,0.1,0.8,,,,,,,,,,,,,,,,,,,,,,,,,,,,,,,,,,,,,,,,,,,,,,,,,,,,,,,,,,,,,,,,,,,,,,,,,,,,,,,,,,,,,,,,,,,,,,,,,,,,,,,,,,,,,,,,,,,,,,,,,,,,,,,,,,,,,,,,,,,,,,,,,,,,,,
1974,2,69.0,-20.0,27.0,27.0,27.0,27.0,1.0,0.0,8.0,1.0,0.6,0.2,25.0,25.0,25.0,25.0,1.0,0.0,8.0,1.0,0.6,0.2,16.1,16.1,16.1,16.1,1.0,0.0,8.0,1.0,0.6,0.2,81.4,81.4,81.4,81.4,1.0,0.0,8.0,1.0,0.2,9.3,9.3,9.3,9.3,1.0,0.0,8.0,1.0,0.6,0.2,-9.16,-9.16,-9.16,-9.16,1.0,0.0,8.0,1.0,0.6,0.2,1.61,1.61,1.61,1.61,1.0,0.0,8.0,1.0,0.6,0.2,1011.0,1011.0,1011.0,1011.0,1.0,0.0,8.0,1.0,0.6,0.2,7.0,7.0,7.0,7.0,1.0,0.0,8.0,1.0,0.6,0.2,-85.2,-85.2,-85.2,-85.2,1.0,0.0,8.0,1.0,0.6,0.2,15.0,15.0,15.0,15.0,1.0,0.0,8.0,1.0,0.6,0.2,2.0,2.0,2.0,2.0,1.0,0.0,8.0,1.0,0.6,0.2,18.6,18.6,18.6,18.6,1.0,0.0,8.0,1.0,0.6,0.2,6.25,6.25,6.25,6.25,1.0,0.0,8.0,1.0,0.6,0.2,58.1,58.1,58.1,58.1,1.0,0.0,8.0,1.0,0.6,0.2,-229.0,-229.0,-229.0,-229.0,1.0,0.0,8.0,1.0,0.6,0.2,40.4,40.4,40.4,40.4,1.0,0.0,8.0,1.0,0.6,0.2,-147.4,-147.4,-147.4,-147.4,1.0,0.0,8.0,1.0,0.6,0.2,26.0,26.0,26.0,26.0,1.0,0.0,8.0,1.0,0.6,0.2,-57.2,-57.2,-57.2,-57.2,1.0,0.0,8.0,1.0,0.6,0.2,10.1,10.1,10.1,10.1,1.0,0.0,8.0,1.0,0.6,0.2,804.5,804.5,804.5,804.5,1.0,0.0,8.0,1.0,0.6,0.2,805.0,805.0,805.0,805.0,1.0,0.0,8.0,1.0,0.6,0.2
1974,2,69.0,-17.0,26.5,26.5,26.5,26.5,1.0,0.0,6.0,0.0,0.4,0.6,25.0,25.0,25.0,25.0,1.0,0.0,6.0,0.0,0.4,0.6,15.74,15.74,15.74,15.74,1.0,0.0,6.0,0.0,0.4,0.6,79.4,79.4,79.4,79.4,1.0,0.0,6.0,0.0,0.6,9.3,9.3,9.3,9.3,1.0,0.0,6.0,0.0,0.4,0.6,-8.74,-8.74,-8.74,-8.74,1.0,0.0,6.0,0.0,0.4,0.6,3.18,3.18,3.18,3.18,1.0,0.0,6.0,0.0,0.4,0.6,1008.5,1008.5,1008.5,1008.5,1.0,0.0,6.0,0.0,0.4,0.6,8.0,8.0,8.0,8.0,1.0,0.0,6.0,0.0,0.4,0.6,-81.3,-81.3,-81.3,-81.3,1.0,0.0,6.0,0.0,0.4,0.6,29.6,29.6,29.6,29.6,1.0,0.0,6.0,0.0,0.4,0.6,1.5,1.5,1.5,1.5,1.0,0.0,6.0,0.0,0.4,0.6,14.0,14.0,14.0,14.0,1.0,0.0,6.0,0.0,0.4,0.6,6.0,6.0,6.0,6.0,1.0,0.0,6.0,0.0,0.4,0.6,55.8,55.8,55.8,55.8,1.0,0.0,6.0,0.0,0.4,0.6,-218.5,-218.5,-218.5,-218.5,1.0,0.0,6.0,0.0,0.4,0.6,79.5,79.5,79.5,79.5,1.0,0.0,6.0,0.0,0.4,0.6,-137.6,-137.6,-137.6,-137.6,1.0,0.0,6.0,0.0,0.4,0.6,50.1,50.1,50.1,50.1,1.0,0.0,6.0,0.0,0.4,0.6,-52.4,-52.4,-52.4,-52.4,1.0,0.0,6.0,0.0,0.4,0.6,19.1,19.1,19.1,19.1,1.0,0.0,6.0,0.0,0.4,0.6,804.5,804.5,804.5,804.5,1.0,0.0,6.0,0.0,0.4,0.6,805.0,805.0,805.0,805.0,1.0,0.0,6.0,0.0,0.4,0.6
1974,2,69.0,-16.0,29.0,29.0,29.0,29.0,1.0,0.0,26.0,0.0,0.8,0.1,27.0,27.0,27.0,27.0,1.0,0.0,26.0,0.0,0.8,0.1,16.88,16.88,16.88,16.88,1.0,0.0,26.0,0.0,0.8,0.1,75.5,75.5,75.5,75.5,1.0,0.0,26.0,0.0,0.1,6.2,6.2,6.2,6.2,1.0,0.0,26.0,0.0,0.8,0.1,0.0,0.0,0.0,0.0,1.0,0.0,26.0,0.0,0.8,0.1,6.2,6.2,6.2,6.2,1.0,0.0,26.0,0.0,0.8,0.1,1006.5,1006.5,1006.5,1006.5,1.0,0.0,26.0,0.0,0.8,0.1,3.0,3.0,3.0,3.0,1.0,0.0,26.0,0.0,0.8,0.1,0.0,0.0,0.0,0.0,1.0,0.0,26.0,0.0,0.8,0.1,38.4,38.4,38.4,38.4,1.0,0.0,26.0,0.0,0.8,0.1,2.0,2.0,2.0,2.0,1.0,0.0,26.0,0.0,0.8,0.1,12.4,12.4,12.4,12.4,1.0,0.0,26.0,0.0,0.8,0.1,8.38,8.38,8.38,8.38,1.0,0.0,26.0,0.0,0.8,0.1,52.0,52.0,52.0,52.0,1.0,0.0,26.0,0.0,0.8,0.1,0.0,0.0,0.0,0.0,1.0,0.0,26.0,0.0,0.8,0.1,167.4,167.4,167.4,167.4,1.0,0.0,26.0,0.0,0.8,0.1,0.0,0.0,0.0,0.0,1.0,0.0,26.0,0.0,0.8,0.1,104.7,104.7,104.7,104.7,1.0,0.0,26.0,0.0,0.8,0.1,0.0,0.0,0.0,0.0,1.0,0.0,26.0,0.0,0.8,0.1,52.0,52.0,52.0,52.0,1.0,0.0,26.0,0.0,0.8,0.1,238.5,238.5,238.5,238.5,1.0,0.0,26.0,0.0,0.8,0.1,240.0,240.0,240.0,240.0,1.0,0.0,26.0,0.0,0.8,0.1
1974,2,69.0,-15.0,27.1,27.1,27.1,27.1,1.0,0.0,22.0,1.0,0.0,0.7,27.3,27.3,27.3,27.3,1.0,0.0,22.0,1.0,0.0,0.7,17.35,17.35,17.35,17.35,1.0,0.0,22.0,1.0,0.0,0.7,76.5,76.5,76.5,76.5,1.0,0.0,22.0,1.0,0.7,,,,,,,,,,,,,,,,,,,,,,,,,,,,,,,,,,,,,,,,,,,,,,,,,,,,,,,,,,,,,,,,,,,,,,,,,,,,,,,,,,,,,,,,,,,,,,,,,,,,,,,,,,,,,,,,,,,,,,,,,,,,,,,,,,,,,,,,,,,,,,,,,,,,,,,,,,,,,,,,,,,,,,,,,,,,,,,,,,,,,,,,,,,,,,
1974,2,69.0,-14.0,26.97,27.5,28.02,27.47,7.0,0.76,12.0,0.7,0.2,0.6,26.48,27.7,29.06,27.76,7.0,1.5,12.0,0.7,0.2,0.6,17.72,18.0,19.51,18.6,3.0,1.41,10.0,0.7,0.4,0.7,78.6,81.1,88.6,83.5,3.0,7.6,10.0,0.7,0.7,6.6,7.0,10.61,8.17,6.0,2.3,12.0,0.8,0.3,0.7,-9.17,-6.89,-4.83,-6.56,6.0,3.06,12.0,0.8,0.3,0.7,1.22,3.44,6.41,3.83,6.0,2.58,12.0,0.8,0.3,0.7,1008.38,1010.1,1012.71,1010.36,7.0,1.96,12.0,0.7,0.2,0.6,2.0,4.0,6.0,4.4,7.0,2.0,12.0,0.7,0.2,0.6,-101.1,-48.3,-32.2,-58.1,6.0,38.2,12.0,0.8,0.3,0.7,8.5,29.4,48.5,33.9,6.0,30.1,12.0,0.8,0.3,0.7,-2.72,0.5,0.86,-0.29,7.0,1.94,12.0,0.7,0.2,0.6,-24.4,1.8,5.2,-6.7,6.0,16.3,12.0,0.8,0.3,0.7,3.47,4.81,5.93,4.7,3.0,1.8,10.0,0.7,0.4,0.7,25.7,40.0,46.5,36.2,3.0,15.6,10.0,0.7,0.4,0.7,-257.7,-201.3,-129.1,-184.3,6.0,85.6,12.0,0.8,0.3,0.7,36.2,91.4,179.6,107.1,6.0,74.0,12.0,0.8,0.3,0.7,-153.4,-117.3,-50.4,-102.3,3.0,76.5,10.0,0.7,0.4,0.7,63.8,67.7,96.5,79.8,3.0,26.2,10.0,0.7,0.4,0.7,-37.0,-16.5,-10.0,-23.3,3.0,20.7,10.0,0.7,0.4,0.7,11.9,16.9,32.3,21.9,3.0,15.5,10.0,0.7,0.4,0.7,288.0,343.0,1206.5,660.0,6.0,576.5,12.0,0.8,0.3,0.7,290.0,345.0,1205.0,660.0,6.0,575.0,12.0,0.8,0.3,0.7
1974,2,69.0,-13.0,27.52,28.0,28.97,28.21,14.0,0.89,18.0,0.6,0.4,0.6,26.42,27.9,28.96,27.55,15.0,1.21,18.0,0.6,0.4,0.6,17.18,17.65,18.73,17.87,10.0,0.96,18.0,0.5,0.5,0.7,73.5,78.3,85.6,78.5,11.0,6.1,18.0,0.5,0.6,4.1,5.1,6.82,5.23,15.0,1.66,18.0,0.6,0.4,0.6,-3.26,-2.3,0.0,-1.62,15.0,2.82,18.0,0.6,0.4,0.6,2.61,3.83,5.31,3.22,15.0,3.2,18.0,0.6,0.4,0.6,1008.36,1010.6,1012.39,1010.21,14.0,3.08,18.0,0.6,0.4,0.6,1.0,2.0,4.0,2.4,15.0,1.5,18.0,0.6,0.4,0.6,-16.6,-10.6,0.0,-9.2,15.0,19.2,18.0,0.6,0.4,0.6,7.7,19.2,31.7,17.6,15.0,22.5,18.0,0.6,0.4,0.6,-0.78,0.2,1.79,0.58,14.0,1.43,18.0,0.6,0.4,0.6,-3.9,0.8,8.2,2.9,14.0,9.8,18.0,0.6,0.4,0.6,4.98,5.94,7.96,6.33,10.0,1.53,18.0,0.5,0.5,0.7,21.9,28.9,41.5,32.7,10.0,16.1,18.0,0.5,0.5,0.7,-94.5,-61.9,0.0,-44.4,15.0,76.6,18.0,0.6,0.4,0.6,69.7,101.2,148.9,89.3,15.0,91.2,18.0,0.6,0.4,0.6,-62.7,-47.6,0.0,-35.9,10.0,52.7,18.0,0.5,0.5,0.7,47.9,60.7,88.0,66.1,10.0,19.5,18.0,0.5,0.5,0.7,-20.4,-13.9,0.0,-13.0,10.0,22.8,18.0,0.5,0.5,0.7,16.0,19.9,33.3,23.8,10.0,10.4,18.0,0.5,0.5,0.7,69.0,132.5,320.0,185.0,15.0,165.0,18.0,0.6,0.4,0.6,70.0,135.0,320.0,185.0,15.0,165.0,18.0,0.6,0.4,0.6
1974,2,69.0,-12.0,26.84,27.7,28.68,27.75,6.0,0.95,16.0,0.7,0.4,0.4,26.79,27.6,28.33,27.68,6.0,1.33,16.0,0.7,0.4,0.4,17.34,17.77,18.43,17.93,5.0,0.86,14.0,0.6,0.4,0.3,75.6,76.5,83.3,79.6,5.0,7.0,14.0,0.6,0.3,3.55,4.1,4.78,4.1,5.0,0.94,14.0,0.6,0.4,0.3,-4.31,-3.85,-3.19,-3.76,5.0,0.8,14.0,0.6,0.4,0.3,-0.26,1.4,2.19,1.08,5.0,1.45,14.0,0.6,0.4,0.3,1008.03,1010.45,1012.32,1010.15,6.0,2.33,16.0,0.7,0.4,0.4,2.6,3.5,6.2,4.0,6.0,2.2,16.0,0.7,0.4,0.4,-19.4,-16.2,-12.5,-16.0,5.0,6.3,14.0,0.6,0.4,0.3,-1.1,5.7,10.6,5.1,5.0,6.7,14.0,0.6,0.4,0.3,-0.84,0.15,0.92,0.07,6.0,0.9,16.0,0.7,0.4,0.4,-1.8,3.2,4.2,1.7,5.0,3.3,14.0,0.6,0.4,0.3,3.96,5.01,6.46,5.11,5.0,1.54,14.0,0.6,0.4,0.3,11.9,20.6,31.5,21.5,5.0,9.9,14.0,0.6,0.4,0.3,-115.2,-105.0,-88.4,-102.2,5.0,20.9,14.0,0.6,0.4,0.3,-6.8,39.0,60.0,30.0,5.0,39.9,14.0,0.6,0.4,0.3,-80.2,-68.9,-56.1,-67.6,5.0,15.1,14.0,0.6,0.4,0.3,-5.0,25.1,38.5,18.8,5.0,26.1,14.0,0.6,0.4,0.3,-26.2,-19.3,-11.8,-19.4,5.0,7.9,14.0,0.6,0.4,0.3,-0.7,7.0,14.3,7.2,5.0,8.9,14.0,0.6,0.4,0.3,50.0,69.0,110.0,77.0,5.0,42.5,14.0,0.6,0.4,0.3,50.0,70.0,110.0,75.0,5.0,40.0,14.0,0.6,0.4,0.3
1974,2,69.0,-8.0,26.11,27.2,27.95,27.03,3.0,1.36,8.0,0.3,0.2,0.5,25.43,25.7,27.13,26.27,3.0,1.34,8.0,0.3,0.2,0.5,17.95,18.76,19.41,18.69,3.0,1.07,8.0,0.3,0.2,0.5,85.2,87.1,89.7,87.4,3.0,3.3,8.0,0.3,0.5,4.08,6.2,7.22,5.67,3.0,2.35,8.0,0.3,0.2,0.5,4.08,6.2,6.52,5.32,3.0,1.94,8.0,0.3,0.2,0.5,0.0,0.0,2.63,1.28,3.0,2.22,8.0,0.3,0.2,0.5,1009.32,1010.0,1010.82,1010.07,3.0,1.1,8.0,0.3,0.2,0.5,4.0,6.0,7.4,5.7,3.0,2.5,8.0,0.3,0.2,0.5,18.8,38.4,47.3,33.1,3.0,21.4,8.0,0.3,0.2,0.5,0.0,0.0,20.2,9.9,3.0,17.1,8.0,0.3,0.2,0.5,0.36,0.5,1.18,0.77,3.0,0.64,8.0,0.3,0.2,0.5,1.9,3.9,7.6,4.7,3.0,4.2,8.0,0.3,0.2,0.5,3.27,3.85,4.25,3.77,3.0,0.72,8.0,0.3,0.2,0.5,13.9,23.8,30.9,22.5,3.0,12.5,8.0,0.3,0.2,0.5,104.1,159.3,177.1,141.1,3.0,55.8,8.0,0.3,0.2,0.5,0.0,0.0,73.1,35.7,3.0,61.8,8.0,0.3,0.2,0.5,74.1,116.3,126.7,100.8,3.0,40.8,8.0,0.3,0.2,0.5,0.0,0.0,51.8,25.3,3.0,43.8,8.0,0.3,0.2,0.5,13.9,23.8,27.8,20.9,3.0,10.5,8.0,0.3,0.2,0.5,0.0,0.0,11.7,5.7,3.0,9.9,8.0,0.3,0.2,0.5,96.0,238.5,387.5,241.5,3.0,213.5,8.0,0.3,0.2,0.5,95.0,240.0,385.0,240.0,3.0,215.0,8.0,0.3,0.2,0.5
1974,2,69.0,-7.0,26.74,27.4,28.43,27.58,4.0,1.09,16.0,0.5,0.4,0.6,26.66,27.0,28.71,27.67,3.0,1.61,14.0,0.7,0.5,0.6,17.34,18.03,18.43,17.89,3.0,0.8,14.0,0.7,0.5,0.6,74.3,78.7,80.1,77.2,3.0,4.4,14.0,0.7,0.6,0.98,3.1,5.22,3.1,3.0,3.1,14.0,0.7,0.5,0.6,0.0,0.0,3.98,1.94,3.0,3.36,14.0,0.7,0.5,0.6,-1.45,0.0,2.12,0.33,3.0,2.63,14.0,0.7,0.5,0.6,1008.89,1010.6,1012.24,1010.57,3.0,2.45,14.0,0.7,0.5,0.6,1.9,6.0,6.7,4.3,3.0,3.8,14.0,0.7,0.5,0.6,0.0,0.0,24.7,12.0,3.0,20.9,14.0,0.7,0.5,0.6,-9.0,0.0,6.6,-1.2,3.0,11.4,14.0,0.7,0.5,0.6,-0.5,-0.5,0.73,0.1,3.0,1.04,14.0,0.7,0.5,0.6,-2.6,-1.5,-0.5,-1.5,3.0,1.6,14.0,0.7,0.5,0.6,4.57,6.42,6.47,5.54,3.0,1.58,14.0,0.7,0.5,0.6,6.4,20.1,22.1,14.4,3.0,12.5,14.0,0.7,0.5,0.6,0.0,0.0,107.4,52.4,3.0,90.8,14.0,0.7,0.5,0.6,-39.1,0.0,62.4,11.4,3.0,75.0,14.0,0.7,0.5,0.6,0.0,0.0,71.7,35.0,3.0,60.7,14.0,0.7,0.5,0.6,-26.1,0.0,39.4,6.5,3.0,48.3,14.0,0.7,0.5,0.6,0.0,0.0,14.8,7.2,3.0,12.5,14.0,0.7,0.5,0.6,-5.4,0.0,13.7,4.1,3.0,14.4,14.0,0.7,0.5,0.6,9.5,30.0,172.0,89.5,3.0,130.0,14.0,0.7,0.5,0.6,10.0,30.0,170.0,90.0,3.0,130.0,14.0,0.7,0.5,0.6
1974,2,69.0,-6.0,27.29,27.9,28.51,27.9,2.0,1.27,18.0,0.0,0.5,0.8,25.95,26.7,27.59,26.77,3.0,1.2,16.0,0.0,0.4,0.5,17.32,17.81,18.31,17.81,2.0,1.02,18.0,0.0,0.5,0.8,75.3,81.4,87.5,81.4,2.0,12.6,18.0,0.0,0.8,1.22,3.85,6.48,3.85,2.0,5.44,16.0,0.0,0.5,0.5,0.94,2.95,4.96,2.95,2.0,4.17,16.0,0.0,0.5,0.5,0.79,2.47,4.16,2.47,2.0,3.5,16.0,0.0,0.5,0.5,1011.45,1012.2,1012.61,1012.03,3.0,0.86,16.0,0.0,0.4,0.5,1.3,2.0,3.4,2.3,3.0,1.5,16.0,0.0,0.4,0.5,7.2,22.7,38.2,22.7,2.0,32.1,16.0,0.0,0.5,0.5,6.0,19.1,32.1,19.1,2.0,26.9,16.0,0.0,0.5,0.5,0.9,1.1,1.3,1.1,2.0,0.42,18.0,0.0,0.5,0.8,0.0,0.0,0.0,0.0,1.0,0.0,18.0,0.0,0.7,0.9,4.43,5.77,7.1,5.77,2.0,2.77,18.0,0.0,0.5,0.8,0.0,0.0,0.0,0.0,1.0,0.0,18.0,0.0,0.7,0.9,25.0,78.7,132.5,78.7,2.0,111.4,16.0,0.0,0.5,0.5,21.0,66.1,111.2,66.1,2.0,93.4,16.0,0.0,0.5,0.5,0.0,0.0,0.0,0.0,1.0,0.0,18.0,0.0,0.7,0.9,0.0,0.0,0.0,0.0,1.0,0.0,18.0,0.0,0.7,0.9,0.0,0.0,0.0,0.0,1.0,0.0,18.0,0.0,0.7,0.9,0.0,0.0,0.0,0.0,1.0,0.0,18.0,0.0,0.7,0.9,72.5,228.5,384.0,228.5,2.0,323.0,16.0,0.0,0.5,0.5,70.0,230.0,385.0,230.0,2.0,325.0,16.0,0.0,0.5,0.5
1974,2,69.0,-5.0,27.56,27.9,27.97,27.77,3.0,0.32,14.0,0.7,0.8,0.5,28.0,28.0,29.37,28.67,3.0,1.15,14.0,0.7,0.8,0.5,17.6,18.12,18.94,18.27,3.0,0.99,14.0,0.7,0.8,0.5,73.0,73.4,75.6,74.3,3.0,2.0,14.0,0.7,0.5,2.6,2.6,2.6,2.6,2.0,0.0,12.0,0.5,0.8,0.7,2.3,2.41,2.51,2.41,2.0,0.22,12.0,0.5,0.8,0.7,-1.17,-0.88,-0.59,-0.88,2.0,0.6,12.0,0.5,0.8,0.7,1009.2,1009.4,1011.17,1010.17,3.0,1.59,14.0,0.7,0.8,0.5,3.0,3.0,3.7,3.3,3.0,0.6,14.0,0.7,0.8,0.5,6.0,6.3,6.5,6.3,2.0,0.6,12.0,0.5,0.8,0.7,-3.0,-2.3,-1.5,-2.3,2.0,1.6,12.0,0.5,0.8,0.7,-1.56,-0.6,-0.26,-0.9,3.0,0.98,14.0,0.7,0.8,0.5,-1.4,-0.9,-0.5,-0.9,2.0,0.9,12.0,0.5,0.8,0.7,4.72,5.49,5.54,5.14,3.0,0.67,14.0,0.7,0.8,0.5,14.3,14.4,14.4,14.4,2.0,0.1,12.0,0.5,0.8,0.7,64.4,67.4,70.3,67.4,2.0,6.1,12.0,0.5,0.8,0.7,-32.6,-24.5,-16.4,-24.5,2.0,16.8,12.0,0.5,0.8,0.7,41.4,42.6,43.9,42.6,2.0,2.6,12.0,0.5,0.8,0.7,-21.1,-15.7,-10.3,-15.7,2.0,11.1,12.0,0.5,0.8,0.7,12.7,13.3,13.9,13.3,2.0,1.3,12.0,0.5,0.8,0.7,-6.4,-4.8,-3.2,-4.8,2.0,3.3,12.0,0.5,0.8,0.7,17.5,17.5,17.5,17.5,2.0,0.0,12.0,0.5,0.8,0.7,20.0,20.0,20.0,20.0,2.0,0.0,12.0,0.5,0.8,0.7
1974,2,69.0,-4.0,27.97,28.55,29.13,28.55,2.0,1.2,10.0,1.0,0.3,0.7,27.38,27.55,27.72,27.55,2.0,0.35,10.0,1.0,0.3,0.7,17.36,17.47,17.59,17.47,2.0,0.24,10.0,1.0,0.3,0.7,75.7,76.0,76.3,76.0,2.0,0.6,10.0,1.0,0.7,,,,,,,,,,,,,,,,,,,,,,,,,,,,,,,,,,,,,,,,,,,,,,,,,,,,,,,,,,,,,,,,,,,,,,,,,,,,,,,,,,,,,,,,,,,,,,,,,,,,,,,,,,,,,,,,,,,,,,,,,,,,,,,,,,,,,,,,,,,,,,,,,,,,,,,,,,,,,,,,,,,,,,,,,,,,,,,,,,,,,,,,,,,,,,
1974,2,69.0,-2.0,28.5,28.5,28.5,28.5,1.0,0.0,20.0,1.0,0.0,0.9,27.7,27.7,27.7,27.7,1.0,0.0,20.0,1.0,0.0,0.9,18.03,18.03,18.03,18.03,1.0,0.0,20.0,1.0,0.0,0.9,77.4,77.4,77.4,77.4,1.0,0.0,20.0,1.0,0.9,5.1,5.1,5.1,5.1,1.0,0.0,20.0,1.0,0.0,0.9,0.89,0.89,0.89,0.89,1.0,0.0,20.0,1.0,0.0,0.9,-5.02,-5.02,-5.02,-5.02,1.0,0.0,20.0,1.0,0.0,0.9,1008.3,1008.3,1008.3,1008.3,1.0,0.0,20.0,1.0,0.0,0.9,5.0,5.0,5.0,5.0,1.0,0.0,20.0,1.0,0.0,0.9,4.5,4.5,4.5,4.5,1.0,0.0,20.0,1.0,0.0,0.9,-25.6,-25.6,-25.6,-25.6,1.0,0.0,20.0,1.0,0.0,0.9,0.8,0.8,0.8,0.8,1.0,0.0,20.0,1.0,0.0,0.9,4.1,4.1,4.1,4.1,1.0,0.0,20.0,1.0,0.0,0.9,6.46,6.46,6.46,6.46,1.0,0.0,20.0,1.0,0.0,0.9,32.9,32.9,32.9,32.9,1.0,0.0,20.0,1.0,0.0,0.9,24.5,24.5,24.5,24.5,1.0,0.0,20.0,1.0,0.0,0.9,-139.1,-139.1,-139.1,-139.1,1.0,0.0,20.0,1.0,0.0,0.9,16.0,16.0,16.0,16.0,1.0,0.0,20.0,1.0,0.0,0.9,-90.5,-90.5,-90.5,-90.5,1.0,0.0,20.0,1.0,0.0,0.9,5.7,5.7,5.7,5.7,1.0,0.0,20.0,1.0,0.0,0.9,-32.4,-32.4,-32.4,-32.4,1.0,0.0,20.0,1.0,0.0,0.9,132.5,132.5,132.5,132.5,1.0,0.0,20.0,1.0,0.0,0.9,135.0,135.0,135.0,135.0,1.0,0.0,20.0,1.0,0.0,0.9
1974,2,69.0,0.0,27.88,28.0,28.0,27.95,11.0,0.52,24.0,0.7,0.4,0.3,27.6,27.8,28.08,27.84,11.0,0.24,24.0,0.7,0.4,0.3,16.33,16.8,16.95,16.85,11.0,0.7,24.0,0.7,0.4,0.3,70.3,70.7,72.6,72.0,11.0,3.4,24.0,0.7,0.3,2.06,5.0,5.0,3.98,11.0,1.37,24.0,0.7,0.4,0.3,0.68,1.71,1.71,1.22,11.0,0.83,24.0,0.7,0.4,0.3,-4.7,-4.53,-1.93,-3.74,11.0,1.27,24.0,0.7,0.4,0.3,1007.86,1009.0,1010.89,1009.44,11.0,1.48,24.0,0.7,0.4,0.3,0.4,1.0,2.0,1.2,10.0,0.8,26.0,0.8,0.4,0.2,1.4,8.6,8.6,5.6,11.0,4.5,24.0,0.7,0.4,0.3,-23.5,-21.7,-4.0,-16.5,11.0,9.0,24.0,0.7,0.4,0.3,-0.08,0.2,0.34,0.11,11.0,0.69,24.0,0.7,0.4,0.3,-0.4,0.4,1.2,0.1,11.0,2.7,24.0,0.7,0.4,0.3,6.45,6.82,7.4,6.83,11.0,0.69,24.0,0.7,0.4,0.3,15.2,32.4,34.3,26.8,11.0,9.0,24.0,0.7,0.4,0.3,19.0,47.2,48.0,34.0,11.0,23.2,24.0,0.7,0.4,0.3,-131.0,-127.7,-53.8,-104.2,11.0,35.6,24.0,0.7,0.4,0.3,11.1,28.1,29.0,20.3,11.0,14.3,24.0,0.7,0.4,0.3,-79.4,-76.1,-31.8,-63.2,11.0,21.5,24.0,0.7,0.4,0.3,4.7,11.1,12.1,8.4,11.0,5.7,24.0,0.7,0.4,0.3,-32.2,-29.5,-14.3,-25.1,11.0,8.2,24.0,0.7,0.4,0.3,8.5,125.0,125.0,82.0,11.0,55.0,24.0,0.7,0.4,0.3,10.0,125.0,125.0,80.0,11.0,55.0,24.0,0.7,0.4,0.3
1974,2,69.0,1.0,,,,,,,,,,,,,,,,,,,,,,,,,,,,,,,,,,,,,,,,6.0,6.0,6.0,6.0,1.0,0.0,14.0,0.0,0.7,0.3,-3.0,-3.0,-3.0,-3.0,1.0,0.0,14.0,0.0,0.7,0.3,-5.2,-5.2,-5.2,-5.2,1.0,0.0,14.0,0.0,0.7,0.3,1011.8,1011.8,1011.8,1011.8,1.0,0.0,14.0,0.0,0.7,0.3,,,,,,,,,,,,,,,,,,,,,,,,,,,,,,,,,,,,,,,,,,,,,,,,,,,,,,,,,,,,,,,,,,,,,,,,,,,,,,,,,,,,,,,,,,,,,,,,,,,,,,,,,,,,,,,,,,,,,,,,,,,,,,,,,,,,,,,,,,,,,,,,,,,,,,
1974,2,69.0,2.0,,,,,,,,,,,,,,,,,,,,,,,,,,,,,,,,,,,,,,,,6.7,6.7,6.7,6.7,1.0,0.0,28.0,1.0,0.1,0.4,2.29,2.29,2.29,2.29,1.0,0.0,28.0,1.0,0.1,0.4,-6.3,-6.3,-6.3,-6.3,1.0,0.0,28.0,1.0,0.1,0.4,1011.1,1011.1,1011.1,1011.1,1.0,0.0,28.0,1.0,0.1,0.4,,,,,,,,,,,,,,,,,,,,,,,,,,,,,,,,,,,,,,,,,,,,,,,,,,,,,,,,,,,,,,,,,,,,,,,,,,,,,,,,,,,,,,,,,,,,,,,,,,,,,,,,,,,,,,,,,,,,,,,,,,,,,,,,,,,,,,,,,,,,,,,,,,,,,,
1974,2,69.0,3.0,27.5,27.5,27.5,27.5,1.0,0.0,20.0,0.0,0.3,0.9,26.5,26.5,26.5,26.5,1.0,0.0,20.0,0.0,0.3,0.9,16.9,16.9,16.9,16.9,1.0,0.0,20.0,0.0,0.3,0.9,78.2,78.2,78.2,78.2,1.0,0.0,20.0,0.0,0.9,4.1,4.1,4.1,4.1,1.0,0.0,20.0,0.0,0.3,0.9,-3.14,-3.14,-3.14,-3.14,1.0,0.0,20.0,0.0,0.3,0.9,-2.64,-2.64,-2.64,-2.64,1.0,0.0,20.0,0.0,0.3,0.9,1011.6,1011.6,1011.6,1011.6,1.0,0.0,20.0,0.0,0.3,0.9,1.0,1.0,1.0,1.0,1.0,0.0,20.0,0.0,0.3,0.9,-12.9,-12.9,-12.9,-12.9,1.0,0.0,20.0,0.0,0.3,0.9,-10.8,-10.8,-10.8,-10.8,1.0,0.0,20.0,0.0,0.3,0.9,1.0,1.0,1.0,1.0,1.0,0.0,20.0,0.0,0.3,0.9,4.1,4.1,4.1,4.1,1.0,0.0,20.0,0.0,0.3,0.9,6.1,6.1,6.1,6.1,1.0,0.0,20.0,0.0,0.3,0.9,25.0,25.0,25.0,25.0,1.0,0.0,20.0,0.0,0.3,0.9,-83.2,-83.2,-83.2,-83.2,1.0,0.0,20.0,0.0,0.3,0.9,-69.8,-69.8,-69.8,-69.8,1.0,0.0,20.0,0.0,0.3,0.9,-53.1,-53.1,-53.1,-53.1,1.0,0.0,20.0,0.0,0.3,0.9,-44.5,-44.5,-44.5,-44.5,1.0,0.0,20.0,0.0,0.3,0.9,-19.2,-19.2,-19.2,-19.2,1.0,0.0,20.0,0.0,0.3,0.9,-16.1,-16.1,-16.1,-16.1,1.0,0.0,20.0,0.0,0.3,0.9,69.0,69.0,69.0,69.0,1.0,0.0,20.0,0.0,0.3,0.9,70.0,70.0,70.0,70.0,1.0,0.0,20.0,0.0,0.3,0.9
1974,2,69.0,4.0,27.8,27.8,27.8,27.8,1.0,0.0,4.0,1.0,0.1,0.1,26.44,27.4,28.36,27.4,2.0,1.98,10.0,0.5,0.2,0.2,16.47,16.47,16.47,16.47,1.0,0.0,4.0,1.0,0.1,0.1,66.7,66.7,66.7,66.7,1.0,0.0,4.0,1.0,0.1,2.6,2.6,2.6,2.6,1.0,0.0,16.0,0.0,0.3,0.3,2.25,2.25,2.25,2.25,1.0,0.0,16.0,0.0,0.3,0.3,1.3,1.3,1.3,1.3,1.0,0.0,16.0,0.0,0.3,0.3,1011.13,1011.85,1012.57,1011.85,2.0,1.48,10.0,0.5,0.2,0.2,1.5,2.5,3.5,2.5,2.0,2.1,10.0,0.5,0.2,0.2,5.9,5.9,5.9,5.9,1.0,0.0,16.0,0.0,0.3,0.3,3.4,3.4,3.4,3.4,1.0,0.0,16.0,0.0,0.3,0.3,,,,,,,,,,,,,,,,,,,,,,,,,,,,,,,,,,,,,,,,,,,,,,,,,,,,,,,,,,,,,,,,,,,,,,,,,,,,,,,,,,,,,,,,,,,,,,,,,,,,,,,,,,,,,,,,,,,,,,,,
1974,2,69.0,5.0,27.1,27.1,27.1,27.1,1.0,0.0,14.0,0.0,0.5,0.9,26.2,26.2,26.2,26.2,1.0,0.0,14.0,0.0,0.5,0.9,15.92,15.92,15.92,15.92,1.0,0.0,14.0,0.0,0.5,0.9,74.9,74.9,74.9,74.9,1.0,0.0,14.0,0.0,0.9,5.1,5.1,5.1,5.1,1.0,0.0,14.0,0.0,0.5,0.9,1.74,1.74,1.74,1.74,1.0,0.0,14.0,0.0,0.5,0.9,-4.79,-4.79,-4.79,-4.79,1.0,0.0,14.0,0.0,0.5,0.9,1009.8,1009.8,1009.8,1009.8,1.0,0.0,14.0,0.0,0.5,0.9,4.0,4.0,4.0,4.0,1.0,0.0,14.0,0.0,0.5,0.9,8.9,8.9,8.9,8.9,1.0,0.0,14.0,0.0,0.5,0.9,-24.4,-24.4,-24.4,-24.4,1.0,0.0,14.0,0.0,0.5,0.9,0.9,0.9,0.9,0.9,1.0,0.0,14.0,0.0,0.5,0.9,4.6,4.6,4.6,4.6,1.0,0.0,14.0,0.0,0.5,0.9,6.59,6.59,6.59,6.59,1.0,0.0,14.0,0.0,0.5,0.9,33.6,33.6,33.6,33.6,1.0,0.0,14.0,0.0,0.5,0.9,45.7,45.7,45.7,45.7,1.0,0.0,14.0,0.0,0.5,0.9,-125.6,-125.6,-125.6,-125.6,1.0,0.0,14.0,0.0,0.5,0.9,27.8,27.8,27.8,27.8,1.0,0.0,14.0,0.0,0.5,0.9,-76.3,-76.3,-76.3,-76.3,1.0,0.0,14.0,0.0,0.5,0.9,11.5,11.5,11.5,11.5,1.0,0.0,14.0,0.0,0.5,0.9,-31.6,-31.6,-31.6,-31.6,1.0,0.0,14.0,0.0,0.5,0.9,132.5,132.5,132.5,132.5,1.0,0.0,14.0,0.0,0.5,0.9,135.0,135.0,135.0,135.0,1.0,0.0,14.0,0.0,0.5,0.9
1974,2,69.0,6.0,28.03,28.1,28.17,28.1,2.0,0.14,18.0,0.5,0.8,0.4,28.06,28.2,28.34,28.2,2.0,0.28,18.0,0.5,0.8,0.4,18.14,18.14,18.14,18.14,1.0,0.0,26.0,1.0,0.9,0.1,76.6,76.6,76.6,76.6,1.0,0.0,26.0,1.0,0.1,3.82,4.3,4.78,4.3,2.0,0.99,18.0,0.5,0.8,0.4,-3.76,-1.73,0.29,-1.73,2.0,4.19,18.0,0.5,0.8,0.4,-3.12,-2.55,-1.98,-2.55,2.0,1.18,18.0,0.5,0.8,0.4,1008.75,1009.5,1010.25,1009.5,2.0,1.56,18.0,0.5,0.8,0.4,4.0,4.0,4.0,4.0,2.0,0.0,18.0,0.5,0.8,0.4,-19.1,-9.5,0.0,-9.5,2.0,19.7,18.0,0.5,0.8,0.4,-11.6,-10.4,-9.1,-10.4,2.0,2.6,18.0,0.5,0.8,0.4,-0.3,-0.1,0.1,-0.1,2.0,0.42,18.0,0.5,0.8,0.4,-1.6,-0.6,0.3,-0.6,2.0,1.9,18.0,0.5,0.8,0.4,5.92,5.92,5.92,5.92,1.0,0.0,26.0,1.0,0.9,0.1,21.3,21.3,21.3,21.3,1.0,0.0,26.0,1.0,0.9,0.1,-106.8,-49.5,7.8,-49.5,2.0,118.7,18.0,0.5,0.8,0.4,-87.4,-71.6,-55.9,-71.6,2.0,32.6,18.0,0.5,0.8,0.4,22.3,22.3,22.3,22.3,1.0,0.0,26.0,1.0,0.9,0.1,-61.4,-61.4,-61.4,-61.4,1.0,0.0,26.0,1.0,0.9,0.1,7.3,7.3,7.3,7.3,1.0,0.0,26.0,1.0,0.9,0.1,-20.0,-20.0,-20.0,-20.0,1.0,0.0,26.0,1.0,0.9,0.1,59.0,86.0,112.5,86.0,2.0,55.5,18.0,0.5,0.8,0.4,60.0,85.0,115.0,85.0,2.0,55.0,18.0,0.5,0.8,0.4
1974,2,69.0,8.0,25.91,26.8,27.69,26.8,2.0,1.84,18.0,0.0,0.4,0.8,26.74,27.15,28.71,27.7,4.0,1.57,20.0,0.5,0.5,0.8,17.63,18.64,20.28,18.95,3.0,1.96,24.0,0.7,0.7,0.8,76.7,79.2,82.2,79.5,3.0,4.1,24.0,0.7,0.8,4.34,4.85,5.1,4.73,4.0,0.48,20.0,0.5,0.5,0.8,-2.17,-1.66,-0.01,-1.12,4.0,1.73,20.0,0.5,0.5,0.8,-4.61,-4.37,-4.08,-4.35,4.0,0.39,20.0,0.5,0.5,0.8,1009.84,1011.25,1013.18,1011.5,4.0,2.51,20.0,0.5,0.5,0.8,1.5,2.5,3.5,2.5,4.0,1.3,20.0,0.5,0.5,0.8,-11.0,-8.1,-0.4,-5.8,4.0,8.1,20.0,0.5,0.5,0.8,-23.5,-21.2,-17.7,-20.7,4.0,3.7,20.0,0.5,0.5,0.8,-0.67,0.05,0.77,0.05,2.0,1.48,18.0,0.0,0.4,0.8,-3.0,0.5,4.0,0.5,2.0,7.2,18.0,0.0,0.4,0.8,5.2,5.2,5.2,5.2,1.0,0.0,24.0,0.0,0.9,0.8,26.5,26.5,26.5,26.5,1.0,0.0,24.0,0.0,0.9,0.8,-58.7,-44.7,2.2,-29.0,4.0,48.8,20.0,0.5,0.5,0.8,-125.3,-117.4,-115.0,-120.1,4.0,7.5,20.0,0.5,0.5,0.8,-41.9,-29.9,10.6,-16.0,3.0,40.4,24.0,0.7,0.7,0.8,-82.3,-82.2,-81.4,-81.9,3.0,0.7,24.0,0.7,0.7,0.8,-13.3,-13.3,-13.3,-13.3,1.0,0.0,24.0,0.0,0.9,0.8,-23.0,-23.0,-23.0,-23.0,1.0,0.0,24.0,0.0,0.9,0.8,82.5,115.0,132.5,108.0,4.0,31.0,20.0,0.5,0.5,0.8,80.0,115.0,135.0,110.0,4.0,30.0,20.0,0.5,0.5,0.8
1974,2,69.0,9.0,,,,,,,,,,,,,,,,,,,,,,,,,,,,,,,,,,,,,,,,5.0,5.0,5.0,5.0,1.0,0.0,2.0,0.0,0.7,0.0,-1.71,-1.71,-1.71,-1.71,1.0,0.0,2.0,0.0,0.7,0.0,-4.7,-4.7,-4.7,-4.7,1.0,0.0,2.0,0.0,0.7,0.0,1012.7,1012.7,1012.7,1012.7,1.0,0.0,2.0,0.0,0.7,0.0,,,,,,,,,,,,,,,,,,,,,,,,,,,,,,,,,,,,,,,,,,,,,,,,,,,,,,,,,,,,,,,,,,,,,,,,,,,,,,,,,,,,,,,,,,,,,,,,,,,,,,,,,,,,,,,,,,,,,,,,,,,,,,,,,,,,,,,,,,,,,,,,,,,,,,
1974,2,69.0,10.0,27.5,27.5,27.5,27.5,1.0,0.0,22.0,1.0,0.1,0.7,25.0,25.0,25.0,25.0,1.0,0.0,22.0,1.0,0.1,0.7,16.47,16.47,16.47,16.47,1.0,0.0,22.0,1.0,0.1,0.7,83.4,83.4,83.4,83.4,1.0,0.0,22.0,1.0,0.7,4.1,4.1,4.1,4.1,1.0,0.0,22.0,1.0,0.1,0.7,1.4,1.4,1.4,1.4,1.0,0.0,22.0,1.0,0.1,0.7,-3.85,-3.85,-3.85,-3.85,1.0,0.0,22.0,1.0,0.1,0.7,1012.7,1012.7,1012.7,1012.7,1.0,0.0,22.0,1.0,0.1,0.7,0.0,0.0,0.0,0.0,1.0,0.0,22.0,1.0,0.1,0.7,5.7,5.7,5.7,5.7,1.0,0.0,22.0,1.0,0.1,0.7,-15.8,-15.8,-15.8,-15.8,1.0,0.0,22.0,1.0,0.1,0.7,2.5,2.5,2.5,2.5,1.0,0.0,22.0,1.0,0.1,0.7,10.3,10.3,10.3,10.3,1.0,0.0,22.0,1.0,0.1,0.7,6.51,6.51,6.51,6.51,1.0,0.0,22.0,1.0,0.1,0.7,26.7,26.7,26.7,26.7,1.0,0.0,22.0,1.0,0.1,0.7,35.1,35.1,35.1,35.1,1.0,0.0,22.0,1.0,0.1,0.7,-96.3,-96.3,-96.3,-96.3,1.0,0.0,22.0,1.0,0.1,0.7,23.1,23.1,23.1,23.1,1.0,0.0,22.0,1.0,0.1,0.7,-63.5,-63.5,-63.5,-63.5,1.0,0.0,22.0,1.0,0.1,0.7,9.1,9.1,9.1,9.1,1.0,0.0,22.0,1.0,0.1,0.7,-25.1,-25.1,-25.1,-25.1,1.0,0.0,22.0,1.0,0.1,0.7,69.0,69.0,69.0,69.0,1.0,0.0,22.0,1.0,0.1,0.7,70.0,70.0,70.0,70.0,1.0,0.0,22.0,1.0,0.1,0.7
1974,2,69.0,11.0,27.3,27.5,27.98,27.63,3.0,0.51,14.0,0.7,0.4,0.7,25.32,26.0,26.68,26.0,2.0,1.41,14.0,0.5,0.4,0.9,14.29,15.62,16.94,15.62,2.0,2.75,14.0,0.5,0.4,0.9,70.8,74.0,77.3,74.0,2.0,6.7,14.0,0.5,0.9,3.24,5.7,7.95,5.6,3.0,3.45,14.0,0.7,0.4,0.7,-1.56,-0.72,1.87,0.14,3.0,2.62,14.0,0.7,0.4,0.7,-7.47,-5.36,-3.05,-5.26,3.0,3.24,14.0,0.7,0.4,0.7,1010.58,1011.6,1012.83,1011.7,3.0,1.65,14.0,0.7,0.4,0.7,1.3,2.0,2.7,2.0,3.0,1.0,14.0,0.7,0.4,0.7,-8.1,-1.5,18.4,5.0,3.0,20.2,14.0,0.7,0.4,0.7,-61.6,-30.5,-12.5,-36.9,3.0,36.4,14.0,0.7,0.4,0.7,0.57,1.35,2.13,1.35,2.0,1.63,14.0,0.5,0.4,0.9,1.8,3.2,4.6,3.2,2.0,2.9,14.0,0.5,0.4,0.9,5.75,7.2,8.65,7.2,2.0,3.01,14.0,0.5,0.4,0.9,21.1,24.2,27.4,24.2,2.0,6.6,14.0,0.5,0.4,0.9,-47.1,-35.3,-23.5,-35.3,2.0,24.5,14.0,0.5,0.4,0.9,-129.5,-97.0,-64.5,-97.0,2.0,67.4,14.0,0.5,0.4,0.9,-30.4,-22.0,-13.7,-22.0,2.0,17.3,14.0,0.5,0.4,0.9,-83.4,-60.5,-37.6,-60.5,2.0,47.4,14.0,0.5,0.4,0.9,-9.4,-8.3,-7.2,-8.3,2.0,2.3,14.0,0.5,0.4,0.9,-25.8,-22.8,-19.8,-22.8,2.0,6.2,14.0,0.5,0.4,0.9,65.0,185.0,556.5,308.0,3.0,375.0,14.0,0.7,0.4,0.7,65.0,185.0,555.0,310.0,3.0,375.0,14.0,0.7,0.4,0.7
1974,2,69.0,12.0,27.01,27.5,28.36,27.66,8.0,1.23,16.0,0.5,0.4,0.2,25.08,26.7,27.89,26.69,9.0,1.63,16.0,0.4,0.4,0.3,15.7,16.51,18.44,17.39,7.0,2.38,16.0,0.4,0.4,0.2,76.7,79.5,84.5,79.6,8.0,5.7,18.0,0.4,0.2,0.29,2.85,7.29,3.46,8.0,2.97,16.0,0.5,0.4,0.3,-1.93,-0.71,0.0,-1.05,8.0,1.86,16.0,0.5,0.4,0.3,-5.63,-2.75,-0.25,-3.09,8.0,2.63,16.0,0.5,0.4,0.3,1010.23,1010.85,1013.39,1011.61,8.0,1.98,16.0,0.5,0.4,0.2,0.3,1.0,2.0,1.3,9.0,1.0,16.0,0.4,0.4,0.3,-10.0,-2.0,0.0,-7.1,8.0,13.3,16.0,0.5,0.4,0.3,-41.9,-7.9,-0.6,-17.4,8.0,22.0,16.0,0.5,0.4,0.3,-0.53,1.0,1.97,0.76,8.0,1.52,16.0,0.5,0.4,0.2,-1.7,0.0,8.2,1.9,7.0,5.7,16.0,0.6,0.4,0.2,3.47,5.39,6.23,4.87,6.0,2.02,16.0,0.5,0.5,0.1,2.3,10.4,30.8,16.4,5.0,18.6,16.0,0.6,0.5,0.1,-53.5,-20.6,0.0,-27.7,8.0,48.4,16.0,0.5,0.4,0.3,-145.0,-77.9,-6.9,-81.9,8.0,66.0,16.0,0.5,0.4,0.3,-33.5,-14.1,4.9,-17.9,6.0,35.3,16.0,0.5,0.4,0.2,-101.9,-50.8,-32.6,-59.9,6.0,42.5,16.0,0.5,0.4,0.2,-13.2,-1.2,1.9,-5.9,5.0,13.7,16.0,0.6,0.5,0.1,-26.6,-9.0,-2.1,-13.9,5.0,14.5,16.0,0.6,0.5,0.1,2.0,23.5,413.0,130.5,8.0,202.5,16.0,0.5,0.4,0.3,0.0,25.0,415.0,130.0,8.0,200.0,16.0,0.5,0.4,0.3
1974,2,69.0,13.0,,,,,,,,,,,,,,,,,,,,,,,,,,,,,,,,,,,,,,,,5.0,5.0,5.0,5.0,1.0,0.0,2.0,0.0,0.7,0.8,-2.5,-2.5,-2.5,-2.5,1.0,0.0,2.0,0.0,0.7,0.8,-4.33,-4.33,-4.33,-4.33,1.0,0.0,2.0,0.0,0.7,0.8,1014.1,1014.1,1014.1,1014.1,1.0,0.0,2.0,0.0,0.7,0.8,,,,,,,,,,,,,,,,,,,,,,,,,,,,,,,,,,,,,,,,,,,,,,,,,,,,,,,,,,,,,,,,,,,,,,,,,,,,,,,,,,,,,,,,,,,,,,,,,,,,,,,,,,,,,,,,,,,,,,,,,,,,,,,,,,,,,,,,,,,,,,,,,,,,,,
1974,2,69.0,14.0,26.0,26.75,27.05,26.63,12.0,0.65,12.0,0.5,0.6,0.6,24.46,25.5,26.94,25.93,11.0,1.91,12.0,0.5,0.6,0.6,12.52,15.55,17.35,15.14,10.0,2.43,12.0,0.5,0.7,0.7,64.5,74.1,83.6,74.3,10.0,9.8,12.0,0.5,0.7,3.9,6.95,10.3,6.98,12.0,3.23,12.0,0.5,0.6,0.6,-4.05,-1.05,0.0,-1.6,12.0,1.84,12.0,0.5,0.6,0.6,-10.3,-6.43,-3.44,-6.57,12.0,3.22,12.0,0.5,0.6,0.6,1010.55,1012.4,1016.12,1012.85,11.0,2.91,12.0,0.5,0.6,0.6,0.0,0.0,1.3,0.7,12.0,1.0,12.0,0.5,0.6,0.6,-33.1,-2.6,0.0,-12.6,12.0,17.3,12.0,0.5,0.6,0.6,-106.1,-44.9,-13.4,-55.3,12.0,41.8,12.0,0.5,0.6,0.6,-0.08,1.0,1.94,0.66,11.0,1.93,12.0,0.5,0.6,0.6,-0.1,6.2,18.1,6.5,11.0,10.9,12.0,0.5,0.6,0.6,4.67,6.55,8.87,6.73,10.0,2.1,12.0,0.5,0.7,0.7,24.7,39.1,90.6,51.3,10.0,34.7,12.0,0.5,0.7,0.7,-78.6,-22.9,0.0,-35.5,11.0,44.8,12.0,0.5,0.6,0.6,-254.5,-164.3,-94.7,-165.1,11.0,82.7,12.0,0.5,0.6,0.6,-42.4,-7.3,0.0,-19.1,10.0,28.0,12.0,0.5,0.7,0.7,-135.2,-111.0,-56.8,-98.4,10.0,43.9,12.0,0.5,0.7,0.7,-20.8,-2.0,0.0,-8.8,10.0,12.0,12.0,0.5,0.7,0.7,-90.6,-36.0,-24.7,-49.2,10.0,34.6,12.0,0.5,0.7,0.7,59.5,347.5,1092.5,531.5,12.0,496.5,12.0,0.5,0.6,0.6,60.0,345.0,1095.0,530.0,12.0,495.0,12.0,0.5,0.6,0.6
1974,2,69.0,15.0,26.46,26.7,27.02,26.73,7.0,0.56,14.0,0.4,0.5,0.3,25.24,25.95,27.79,25.96,8.0,1.62,14.0,0.5,0.4,0.3,14.62,16.12,16.81,15.48,7.0,2.1,16.0,0.4,0.4,0.2,69.6,74.3,77.4,73.8,7.0,6.0,16.0,0.4,0.2,5.22,7.2,9.74,7.4,8.0,2.27,14.0,0.5,0.4,0.3,-2.23,-0.36,2.06,-0.19,8.0,2.92,14.0,0.5,0.4,0.3,-9.6,-6.1,-4.24,-6.71,8.0,2.77,14.0,0.5,0.4,0.3,1012.0,1012.65,1014.27,1013.08,8.0,1.41,14.0,0.5,0.4,0.3,0.1,1.5,2.9,1.5,8.0,1.2,14.0,0.5,0.4,0.3,-16.5,-1.5,14.8,-2.8,8.0,20.1,14.0,0.5,0.4,0.3,-93.5,-43.8,-18.7,-54.9,8.0,35.7,14.0,0.5,0.4,0.3,0.43,0.6,2.01,1.06,7.0,1.58,14.0,0.4,0.5,0.3,2.0,5.2,10.4,6.5,7.0,9.9,14.0,0.4,0.5,0.3,5.69,5.82,7.26,6.74,6.0,2.25,14.0,0.3,0.4,0.2,29.8,41.6,61.9,44.6,6.0,17.7,14.0,0.3,0.4,0.2,-57.9,-9.2,48.2,-6.8,8.0,77.4,14.0,0.5,0.4,0.3,-255.9,-164.4,-107.8,-175.0,8.0,74.3,14.0,0.5,0.4,0.3,-39.1,0.0,29.9,-0.7,7.0,49.9,16.0,0.4,0.4,0.2,-152.7,-97.2,-63.1,-97.1,7.0,44.2,16.0,0.4,0.4,0.2,-16.4,-2.0,24.7,0.9,6.0,21.7,14.0,0.3,0.4,0.2,-61.0,-35.2,-21.1,-39.1,6.0,20.0,14.0,0.3,0.4,0.2,144.5,378.5,926.0,504.5,8.0,391.0,14.0,0.5,0.4,0.3,145.0,380.0,925.0,505.0,8.0,390.0,14.0,0.5,0.4,0.3
1974,2,69.0,16.0,25.8,26.05,26.93,26.37,6.0,0.78,14.0,0.5,0.4,0.4,24.03,25.1,26.54,25.12,6.0,1.38,14.0,0.5,0.4,0.4,12.86,14.5,15.27,14.17,5.0,1.71,16.0,0.4,0.3,0.5,70.0,72.9,74.1,72.1,5.0,2.9,16.0,0.4,0.5,1.88,8.0,10.03,6.44,5.0,4.4,10.0,0.6,0.4,0.4,-3.8,-1.82,0.84,-1.51,5.0,3.23,10.0,0.6,0.4,0.4,-9.12,-7.52,-1.28,-5.7,5.0,4.16,10.0,0.6,0.4,0.4,1010.79,1011.7,1013.59,1012.12,6.0,1.81,14.0,0.5,0.4,0.4,0.0,0.0,1.4,0.7,6.0,1.2,14.0,0.5,0.4,0.4,-37.2,-3.8,10.3,-12.1,5.0,34.3,10.0,0.6,0.4,0.4,-92.0,-60.1,-2.2,-51.3,5.0,48.3,10.0,0.6,0.4,0.4,-0.1,1.2,2.8,1.25,6.0,1.43,14.0,0.5,0.4,0.4,-1.5,5.6,11.2,5.6,5.0,9.2,10.0,0.6,0.4,0.4,5.93,7.63,8.96,7.44,5.0,1.59,16.0,0.4,0.3,0.5,13.2,38.3,72.7,42.7,4.0,36.0,12.0,0.5,0.3,0.5,-96.2,-41.8,20.6,-37.0,5.0,80.0,10.0,0.6,0.4,0.4,-226.6,-199.2,-32.7,-143.8,5.0,104.1,10.0,0.6,0.4,0.4,-50.1,-15.0,20.2,-14.9,4.0,50.2,12.0,0.5,0.3,0.5,-129.6,-75.2,-17.6,-73.7,4.0,64.6,12.0,0.5,0.3,0.5,-30.3,-9.5,9.0,-10.6,4.0,26.3,12.0,0.5,0.3,0.5,-65.0,-31.9,-8.5,-36.5,4.0,33.3,12.0,0.5,0.3,0.5,7.0,512.0,1037.5,554.5,5.0,603.0,10.0,0.6,0.4,0.4,5.0,510.0,1040.0,555.0,5.0,605.0,10.0,0.6,0.4,0.4
1974,2,69.0,17.0,28.4,28.4,28.4,28.4,1.0,0.0,16.0,0.0,0.3,0.0,25.58,25.75,25.92,25.75,2.0,0.35,10.0,0.5,0.4,0.1,15.14,15.14,15.14,15.14,1.0,0.0,16.0,0.0,0.3,0.0,74.3,74.3,74.3,74.3,1.0,0.0,16.0,0.0,0.0,4.73,9.3,9.64,7.23,3.0,4.02,12.0,0.7,0.4,0.1,-1.23,1.7,4.62,1.69,3.0,4.29,12.0,0.7,0.4,0.1,-8.85,-7.12,-2.26,-5.59,3.0,5.0,12.0,0.7,0.4,0.1,1010.48,1011.5,1015.12,1012.77,3.0,3.57,12.0,0.7,0.4,0.1,0.0,0.0,0.0,0.0,3.0,0.0,12.0,0.7,0.4,0.1,0.7,16.7,43.2,21.8,3.0,31.5,12.0,0.7,0.4,0.1,-85.6,-66.3,-21.0,-53.6,3.0,48.5,12.0,0.7,0.4,0.1,2.9,2.9,2.9,2.9,1.0,0.0,16.0,0.0,0.3,0.0,27.0,27.0,27.0,27.0,1.0,0.0,16.0,0.0,0.3,0.0,9.16,9.16,9.16,9.16,1.0,0.0,16.0,0.0,0.3,0.0,85.2,85.2,85.2,85.2,1.0,0.0,16.0,0.0,0.3,0.0,61.4,98.3,135.3,98.3,2.0,76.5,10.0,0.5,0.4,0.1,-239.9,-216.3,-192.7,-216.3,2.0,49.0,10.0,0.5,0.4,0.1,90.5,90.5,90.5,90.5,1.0,0.0,16.0,0.0,0.3,0.0,-107.9,-107.9,-107.9,-107.9,1.0,0.0,16.0,0.0,0.3,0.0,54.8,54.8,54.8,54.8,1.0,0.0,16.0,0.0,0.3,0.0,-65.3,-65.3,-65.3,-65.3,1.0,0.0,16.0,0.0,0.3,0.0,267.5,804.5,898.0,587.5,3.0,498.5,12.0,0.7,0.4,0.1,265.0,805.0,900.0,590.0,3.0,500.0,12.0,0.7,0.4,0.1
1974,2,69.0,18.0,26.79,28.5,28.84,27.83,3.0,1.61,16.0,0.7,0.6,0.1,24.44,25.4,27.17,25.8,3.0,2.03,16.0,0.7,0.6,0.1,12.07,13.85,14.96,13.52,3.0,2.14,16.0,0.7,0.6,0.1,54.6,68.5,78.6,66.6,3.0,17.7,16.0,0.7,0.1,5.61,6.7,8.47,7.03,3.0,2.12,16.0,0.7,0.6,0.1,-2.47,-2.29,3.35,0.38,3.0,4.85,16.0,0.7,0.6,0.1,-6.86,-6.3,-5.01,-5.95,3.0,1.39,16.0,0.7,0.6,0.1,1012.28,1013.1,1015.9,1014.07,3.0,2.78,16.0,0.7,0.6,0.1,0.3,1.0,1.7,1.0,3.0,1.0,16.0,0.7,0.6,0.1,-14.6,-13.0,33.8,9.1,3.0,40.3,16.0,0.7,0.6,0.1,-58.6,-42.2,-28.8,-43.7,3.0,21.9,16.0,0.7,0.6,0.1,0.53,0.6,3.6,2.03,3.0,2.57,16.0,0.7,0.6,0.1,3.2,3.4,32.8,17.6,3.0,25.0,16.0,0.7,0.6,0.1,7.96,9.62,11.95,9.95,3.0,2.94,16.0,0.7,0.6,0.1,52.7,87.3,88.8,71.1,3.0,29.9,16.0,0.7,0.6,0.1,-64.6,-64.2,77.6,4.8,3.0,120.1,16.0,0.7,0.6,0.1,-174.6,-171.0,-130.8,-153.2,3.0,35.6,16.0,0.7,0.6,0.1,-32.3,-25.8,55.0,10.5,3.0,71.2,16.0,0.7,0.6,0.1,-97.7,-70.8,-64.2,-80.7,3.0,26.0,16.0,0.7,0.6,0.1,-26.2,-18.3,33.5,3.1,3.0,47.5,16.0,0.7,0.6,0.1,-77.8,-68.6,-43.4,-60.8,3.0,26.1,16.0,0.7,0.6,0.1,186.0,301.0,644.5,412.5,3.0,349.5,16.0,0.7,0.6,0.1,185.0,300.0,645.0,415.0,3.0,350.0,16.0,0.7,0.6,0.1
1974,2,69.0,19.0,24.67,25.05,25.43,25.05,2.0,0.78,16.0,0.0,0.6,0.4,21.23,22.6,23.97,22.6,2.0,2.83,16.0,0.0,0.6,0.4,10.59,11.33,12.07,11.33,2.0,1.53,16.0,0.0,0.6,0.4,65.2,66.3,67.5,66.3,2.0,2.4,16.0,0.0,0.4,3.82,6.45,9.08,6.45,2.0,5.44,16.0,0.0,0.6,0.4,-0.85,0.93,2.7,0.93,2.0,3.67,16.0,0.0,0.6,0.4,-8.46,-5.84,-3.21,-5.84,2.0,5.44,16.0,0.0,0.6,0.4,1012.71,1013.15,1013.59,1013.15,2.0,0.92,16.0,0.0,0.6,0.4,0.3,1.0,1.7,1.0,2.0,1.4,16.0,0.0,0.6,0.4,2.1,16.0,29.8,16.0,2.0,28.7,16.0,0.0,0.6,0.4,-84.7,-52.4,-20.2,-52.4,2.0,66.8,16.0,0.0,0.6,0.4,0.71,2.45,4.19,2.45,2.0,3.61,16.0,0.0,0.6,0.4,8.0,25.6,43.3,25.6,2.0,36.6,16.0,0.0,0.6,0.4,7.32,8.51,9.71,8.51,2.0,2.48,16.0,0.0,0.6,0.4,31.6,61.7,91.8,61.7,2.0,62.4,16.0,0.0,0.6,0.4,-23.1,15.7,54.5,15.7,2.0,80.4,16.0,0.0,0.6,0.4,-175.5,-124.2,-72.9,-124.2,2.0,106.3,16.0,0.0,0.6,0.4,-11.7,7.7,27.1,7.7,2.0,40.2,16.0,0.0,0.6,0.4,-87.4,-61.9,-36.5,-61.9,2.0,52.6,16.0,0.0,0.6,0.4,-3.8,12.4,28.6,12.4,2.0,33.6,16.0,0.0,0.6,0.4,-85.8,-56.4,-27.1,-56.4,2.0,60.8,16.0,0.0,0.6,0.4,188.0,555.0,922.0,555.0,2.0,760.0,16.0,0.0,0.6,0.4,190.0,555.0,920.0,555.0,2.0,760.0,16.0,0.0,0.6,0.4
1974,2,69.0,20.0,24.04,25.5,26.36,25.29,8.0,1.13,16.0,0.8,0.4,0.4,21.45,24.0,26.5,24.09,9.0,2.46,16.0,0.8,0.4,0.4,9.28,9.7,11.65,10.33,6.0,1.4,16.0,0.7,0.3,0.5,50.1,60.2,68.6,59.6,6.0,9.8,16.0,0.7,0.5,3.64,7.0,8.57,6.31,9.0,2.44,14.0,0.9,0.4,0.3,-2.17,0.0,4.77,1.08,9.0,3.43,14.0,0.9,0.4,0.3,-7.79,-5.1,-3.0,-5.32,9.0,2.42,14.0,0.9,0.4,0.3,1011.37,1013.9,1015.83,1013.77,10.0,2.15,14.0,0.8,0.4,0.4,0.0,0.0,1.1,0.5,10.0,1.1,14.0,0.8,0.4,0.4,-13.5,0.0,39.0,7.4,9.0,27.1,14.0,0.9,0.4,0.3,-64.7,-29.6,-12.2,-38.2,9.0,26.6,14.0,0.9,0.4,0.3,-1.8,-0.1,4.89,1.19,8.0,3.19,16.0,0.8,0.4,0.4,-14.1,6.6,31.6,11.3,7.0,24.4,14.0,0.9,0.5,0.4,7.99,9.98,11.85,9.75,6.0,2.42,16.0,0.7,0.3,0.5,39.5,64.0,89.4,64.9,5.0,31.1,14.0,0.8,0.4,0.4,-63.7,0.0,138.8,22.6,8.0,88.0,16.0,0.9,0.4,0.3,-184.1,-150.8,-87.0,-138.1,8.0,51.3,16.0,0.9,0.4,0.3,-20.6,0.0,42.8,10.9,5.0,41.4,14.0,0.8,0.4,0.4,-89.2,-43.8,-36.0,-59.3,5.0,31.8,14.0,0.8,0.4,0.4,-22.0,0.0,45.1,9.9,5.0,40.9,14.0,0.8,0.4,0.4,-72.4,-46.9,-33.3,-53.3,5.0,29.7,14.0,0.8,0.4,0.4,57.5,343.0,629.5,347.5,9.0,287.5,14.0,0.9,0.4,0.3,60.0,345.0,630.0,345.0,9.0,285.0,14.0,0.9,0.4,0.3
1974,2,69.0,21.0,22.3,23.4,24.34,23.55,8.0,1.54,24.0,0.6,0.5,0.4,21.27,22.6,25.41,23.37,9.0,2.33,24.0,0.7,0.5,0.4,8.07,9.26,9.93,8.91,7.0,1.19,24.0,0.6,0.5,0.4,47.5,51.7,54.6,51.0,7.0,6.1,24.0,0.6,0.4,5.7,8.0,10.67,8.03,9.0,2.41,24.0,0.7,0.5,0.4,-3.31,0.0,1.96,-0.02,9.0,3.34,24.0,0.7,0.5,0.4,-10.67,-8.0,-3.42,-6.92,9.0,3.66,24.0,0.7,0.5,0.4,1012.35,1013.0,1015.75,1013.81,9.0,1.57,24.0,0.7,0.5,0.4,0.0,0.0,1.0,0.7,9.0,1.0,24.0,0.7,0.5,0.4,-15.2,0.0,19.3,0.8,9.0,22.5,24.0,0.7,0.5,0.4,-113.8,-64.0,-20.1,-63.0,9.0,44.8,24.0,0.7,0.5,0.4,-0.22,1.0,1.57,0.76,8.0,1.25,24.0,0.6,0.5,0.4,-0.9,7.6,17.0,7.0,8.0,12.9,24.0,0.6,0.5,0.4,7.7,9.19,10.91,9.49,7.0,1.59,24.0,0.6,0.5,0.4,42.2,83.7,116.5,82.1,7.0,34.5,24.0,0.6,0.5,0.4,-74.8,0.0,51.6,0.3,9.0,74.2,24.0,0.7,0.5,0.4,-256.7,-168.0,-73.1,-163.2,9.0,88.6,24.0,0.7,0.5,0.4,-39.2,0.0,17.4,-0.7,7.0,30.9,24.0,0.6,0.5,0.4,-102.5,-74.8,-25.5,-63.3,7.0,40.7,24.0,0.6,0.5,0.4,-36.3,0.0,20.9,-4.1,7.0,34.5,24.0,0.6,0.5,0.4,-114.9,-74.2,-20.6,-70.2,7.0,45.8,24.0,0.6,0.5,0.4,185.0,512.0,1214.5,642.5,9.0,500.0,24.0,0.7,0.5,0.4,185.0,510.0,1215.0,645.0,9.0,500.0,24.0,0.7,0.5,0.4
1974,2,69.0,22.0,24.5,24.5,24.5,24.5,1.0,0.0,16.0,1.0,0.8,0.1,23.8,23.8,23.8,23.8,1.0,0.0,16.0,1.0,0.8,0.1,14.54,14.54,14.54,14.54,1.0,0.0,16.0,1.0,0.8,0.1,79.3,79.3,79.3,79.3,1.0,0.0,16.0,1.0,0.1,3.1,3.1,3.1,3.1,1.0,0.0,16.0,1.0,0.8,0.1,2.68,2.68,2.68,2.68,1.0,0.0,16.0,1.0,0.8,0.1,-1.55,-1.55,-1.55,-1.55,1.0,0.0,16.0,1.0,0.8,0.1,1012.9,1012.9,1012.9,1012.9,1.0,0.0,16.0,1.0,0.8,0.1,0.0,0.0,0.0,0.0,1.0,0.0,16.0,1.0,0.8,0.1,8.3,8.3,8.3,8.3,1.0,0.0,16.0,1.0,0.8,0.1,-4.8,-4.8,-4.8,-4.8,1.0,0.0,16.0,1.0,0.8,0.1,0.7,0.7,0.7,0.7,1.0,0.0,16.0,1.0,0.8,0.1,2.2,2.2,2.2,2.2,1.0,0.0,16.0,1.0,0.8,0.1,4.64,4.64,4.64,4.64,1.0,0.0,16.0,1.0,0.8,0.1,14.4,14.4,14.4,14.4,1.0,0.0,16.0,1.0,0.8,0.1,63.9,63.9,63.9,63.9,1.0,0.0,16.0,1.0,0.8,0.1,-36.9,-36.9,-36.9,-36.9,1.0,0.0,16.0,1.0,0.8,0.1,39.0,39.0,39.0,39.0,1.0,0.0,16.0,1.0,0.8,0.1,-22.5,-22.5,-22.5,-22.5,1.0,0.0,16.0,1.0,0.8,0.1,12.5,12.5,12.5,12.5,1.0,0.0,16.0,1.0,0.8,0.1,-7.2,-7.2,-7.2,-7.2,1.0,0.0,16.0,1.0,0.8,0.1,30.0,30.0,30.0,30.0,1.0,0.0,16.0,1.0,0.8,0.1,30.0,30.0,30.0,30.0,1.0,0.0,16.0,1.0,0.8,0.1
1974,2,70.0,-67.0,,,,,,,,,,,,,,,,,,,,,,,,,,,,,,,,,,,,,,,,4.0,4.0,4.0,4.0,1.0,0.0,26.0,1.0,0.9,0.6,3.06,3.06,3.06,3.06,1.0,0.0,26.0,1.0,0.9,0.6,2.57,2.57,2.57,2.57,1.0,0.0,26.0,1.0,0.9,0.6,992.7,992.7,992.7,992.7,1.0,0.0,26.0,1.0,0.9,0.6,,,,,,,,,,,,,,,,,,,,,,,,,,,,,,,,,,,,,,,,,,,,,,,,,,,,,,,,,,,,,,,,,,,,,,,,,,,,,,,,,,,,,,,,,,,,,,,,,,,,,,,,,,,,,,,,,,,,,,,,,,,,,,,,,,,,,,,,,,,,,,,,,,,,,,
1974,2,70.0,-63.0,0.4,0.4,0.4,0.4,1.0,0.0,12.0,1.0,0.2,0.9,0.0,0.0,0.0,0.0,1.0,0.0,12.0,1.0,0.2,0.9,3.82,3.82,3.82,3.82,1.0,0.0,12.0,1.0,0.2,0.9,98.6,98.6,98.6,98.6,1.0,0.0,12.0,1.0,0.9,12.9,12.9,12.9,12.9,1.0,0.0,12.0,1.0,0.2,0.9,6.45,6.45,6.45,6.45,1.0,0.0,12.0,1.0,0.2,0.9,11.17,11.17,11.17,11.17,1.0,0.0,12.0,1.0,0.2,0.9,987.0,987.0,987.0,987.0,1.0,0.0,12.0,1.0,0.2,0.9,7.0,7.0,7.0,7.0,1.0,0.0,12.0,1.0,0.2,0.9,83.2,83.2,83.2,83.2,1.0,0.0,12.0,1.0,0.2,0.9,144.1,144.1,144.1,144.1,1.0,0.0,12.0,1.0,0.2,0.9,0.4,0.4,0.4,0.4,1.0,0.0,12.0,1.0,0.2,0.9,5.2,5.2,5.2,5.2,1.0,0.0,12.0,1.0,0.2,0.9,0.17,0.17,0.17,0.17,1.0,0.0,12.0,1.0,0.2,0.9,2.2,2.2,2.2,2.2,1.0,0.0,12.0,1.0,0.2,0.9,0.0,0.0,0.0,0.0,1.0,0.0,12.0,1.0,0.2,0.9,0.0,0.0,0.0,0.0,1.0,0.0,12.0,1.0,0.2,0.9,24.7,24.7,24.7,24.7,1.0,0.0,12.0,1.0,0.2,0.9,42.7,42.7,42.7,42.7,1.0,0.0,12.0,1.0,0.2,0.9,1.1,1.1,1.1,1.1,1.0,0.0,12.0,1.0,0.2,0.9,1.9,1.9,1.9,1.9,1.0,0.0,12.0,1.0,0.2,0.9,2146.5,2146.5,2146.5,2146.5,1.0,0.0,12.0,1.0,0.2,0.9,2145.0,2145.0,2145.0,2145.0,1.0,0.0,12.0,1.0,0.2,0.9
1974,2,70.0,-50.0,4.82,4.85,4.88,4.85,2.0,0.07,2.0,0.0,0.8,0.6,5.03,5.95,6.87,5.95,2.0,1.91,2.0,0.0,0.8,0.6,4.37,5.11,5.85,5.11,2.0,1.53,2.0,0.0,0.8,0.6,80.4,86.7,93.0,86.7,2.0,13.1,2.0,0.0,0.6,4.51,7.55,10.59,7.55,2.0,6.29,2.0,0.0,0.8,0.6,2.91,3.39,3.88,3.39,2.0,1.0,2.0,0.0,0.8,0.6,-9.24,-4.86,-0.49,-4.86,2.0,9.07,2.0,0.0,0.8,0.6,998.02,1007.75,1017.48,1007.75,2.0,20.15,2.0,0.0,0.8,0.6,6.3,7.0,7.7,7.0,2.0,1.4,2.0,0.0,0.8,0.6,14.8,28.8,42.8,28.8,2.0,28.9,2.0,0.0,0.8,0.6,-113.1,-65.3,-17.4,-65.3,2.0,99.1,2.0,0.0,0.8,0.6,-2.06,-1.1,-0.14,-1.1,2.0,1.98,2.0,0.0,0.8,0.6,-25.1,-14.5,-4.0,-14.5,2.0,21.9,2.0,0.0,0.8,0.6,-0.44,0.26,0.96,0.26,2.0,1.45,2.0,0.0,0.8,0.6,-7.1,-2.6,1.9,-2.6,2.0,9.3,2.0,0.0,0.8,0.6,15.1,21.2,27.2,21.2,2.0,12.5,2.0,0.0,0.8,0.6,-68.1,-37.6,-7.1,-37.6,2.0,63.2,2.0,0.0,0.8,0.6,13.1,18.1,23.1,18.1,2.0,10.3,2.0,0.0,0.8,0.6,-57.8,-31.8,-5.8,-31.8,2.0,53.8,2.0,0.0,0.8,0.6,-2.1,0.2,2.4,0.2,2.0,4.7,2.0,0.0,0.8,0.6,3.0,5.3,7.6,5.3,2.0,4.7,2.0,0.0,0.8,0.6,299.5,879.0,1458.5,879.0,2.0,1201.0,2.0,0.0,0.8,0.6,300.0,880.0,1460.0,880.0,2.0,1200.0,2.0,0.0,0.8,0.6
1974,2,70.0,-49.0,4.7,4.7,4.7,4.7,1.0,0.0,2.0,0.0,0.4,0.5,8.4,8.4,8.4,8.4,1.0,0.0,2.0,0.0,0.4,0.5,6.56,6.56,6.56,6.56,1.0,0.0,2.0,0.0,0.4,0.5,94.1,94.1,94.1,94.1,1.0,0.0,2.0,0.0,0.5,16.0,16.0,16.0,16.0,1.0,0.0,2.0,0.0,0.4,0.5,5.47,5.47,5.47,5.47,1.0,0.0,2.0,0.0,0.4,0.5,-15.04,-15.04,-15.04,-15.04,1.0,0.0,2.0,0.0,0.4,0.5,990.5,990.5,990.5,990.5,1.0,0.0,2.0,0.0,0.4,0.5,8.0,8.0,8.0,8.0,1.0,0.0,2.0,0.0,0.4,0.5,87.6,87.6,87.6,87.6,1.0,0.0,2.0,0.0,0.4,0.5,-240.6,-240.6,-240.6,-240.6,1.0,0.0,2.0,0.0,0.4,0.5,-3.7,-3.7,-3.7,-3.7,1.0,0.0,2.0,0.0,0.4,0.5,-59.2,-59.2,-59.2,-59.2,1.0,0.0,2.0,0.0,0.4,0.5,-1.16,-1.16,-1.16,-1.16,1.0,0.0,2.0,0.0,0.4,0.5,-18.5,-18.5,-18.5,-18.5,1.0,0.0,2.0,0.0,0.4,0.5,46.0,46.0,46.0,46.0,1.0,0.0,2.0,0.0,0.4,0.5,-126.3,-126.3,-126.3,-126.3,1.0,0.0,2.0,0.0,0.4,0.5,35.9,35.9,35.9,35.9,1.0,0.0,2.0,0.0,0.4,0.5,-98.7,-98.7,-98.7,-98.7,1.0,0.0,2.0,0.0,0.4,0.5,-6.3,-6.3,-6.3,-6.3,1.0,0.0,2.0,0.0,0.4,0.5,17.4,17.4,17.4,17.4,1.0,0.0,2.0,0.0,0.4,0.5,4096.0,4096.0,4096.0,4096.0,1.0,0.0,2.0,0.0,0.4,0.5,4095.0,4095.0,4095.0,4095.0,1.0,0.0,2.0,0.0,0.4,0.5
1974,2,70.0,-48.0,5.43,5.5,5.57,5.5,2.0,0.14,4.0,0.5,0.3,0.4,7.13,7.4,7.67,7.4,2.0,0.57,4.0,0.5,0.3,0.4,5.11,5.6,6.09,5.6,2.0,1.02,4.0,0.5,0.3,0.4,80.5,86.3,92.0,86.3,2.0,11.9,4.0,0.5,0.4,18.0,18.0,18.0,18.0,2.0,0.0,4.0,0.5,0.3,0.4,17.09,17.46,17.83,17.46,2.0,0.77,4.0,0.5,0.3,0.4,-5.18,-3.08,-0.98,-3.08,2.0,4.35,4.0,0.5,0.3,0.4,994.83,997.7,1000.57,997.7,2.0,5.94,4.0,0.5,0.3,0.4,3.0,5.0,7.0,5.0,2.0,4.2,4.0,0.5,0.3,0.4,307.6,314.2,320.9,314.2,2.0,13.8,4.0,0.5,0.3,0.4,-93.2,-55.4,-17.6,-55.4,2.0,78.4,4.0,0.5,0.3,0.4,-2.1,-1.9,-1.7,-1.9,2.0,0.42,4.0,0.5,0.3,0.4,-37.9,-34.2,-30.5,-34.2,2.0,7.6,4.0,0.5,0.3,0.4,-0.37,0.08,0.53,0.08,2.0,0.93,4.0,0.5,0.3,0.4,-6.7,1.4,9.5,1.4,2.0,16.8,4.0,0.5,0.3,0.4,126.9,129.0,131.0,129.0,2.0,4.2,4.0,0.5,0.3,0.4,-40.4,-24.0,-7.6,-24.0,2.0,34.0,4.0,0.5,0.3,0.4,90.8,97.3,103.9,97.3,2.0,13.6,4.0,0.5,0.3,0.4,-32.7,-19.5,-6.2,-19.5,2.0,27.5,4.0,0.5,0.3,0.4,-6.2,1.7,9.6,1.7,2.0,16.3,4.0,0.5,0.3,0.4,0.6,1.8,3.0,1.8,2.0,2.5,4.0,0.5,0.3,0.4,5832.0,5832.0,5832.0,5832.0,2.0,0.0,4.0,0.5,0.3,0.4,5830.0,5830.0,5830.0,5830.0,2.0,0.0,4.0,0.5,0.3,0.4
1974,2,70.0,-47.0,6.06,6.2,6.88,6.47,3.0,0.64,8.0,0.7,0.0,0.6,6.9,7.1,8.26,7.57,3.0,1.08,8.0,0.7,0.0,0.6,4.69,4.93,6.33,5.5,3.0,1.3,8.0,0.7,0.0,0.6,76.0,79.0,93.3,84.5,3.0,13.6,8.0,0.7,0.6,17.16,17.5,17.84,17.5,2.0,0.71,4.0,1.0,0.0,0.6,16.94,17.37,17.8,17.37,2.0,0.89,4.0,1.0,0.0,0.6,-2.48,-1.48,-0.47,-1.48,2.0,2.09,4.0,1.0,0.0,0.6,1008.42,1011.7,1015.39,1011.9,3.0,5.1,8.0,0.7,0.0,0.6,2.9,7.0,7.7,5.3,3.0,3.8,8.0,0.7,0.0,0.6,290.9,304.3,317.7,304.3,2.0,27.9,4.0,1.0,0.0,0.6,-42.2,-25.1,-8.0,-25.1,2.0,35.5,4.0,1.0,0.0,0.6,-2.1,-0.6,-0.12,-1.1,3.0,1.51,8.0,0.7,0.0,0.6,-8.3,-4.2,-0.1,-4.2,2.0,8.5,4.0,1.0,0.0,0.6,-0.41,1.32,1.35,0.49,3.0,1.48,8.0,0.7,0.0,0.6,22.8,23.5,24.2,23.5,2.0,1.5,4.0,1.0,0.0,0.6,116.1,120.8,125.6,120.8,2.0,9.9,4.0,1.0,0.0,0.6,-16.9,-10.0,-3.2,-10.0,2.0,14.2,4.0,1.0,0.0,0.6,78.7,82.8,86.9,82.8,2.0,8.5,4.0,1.0,0.0,0.6,-11.4,-6.8,-2.1,-6.8,2.0,9.6,4.0,1.0,0.0,0.6,22.5,23.3,24.1,23.3,2.0,1.7,4.0,1.0,0.0,0.6,-3.3,-1.9,-0.6,-1.9,2.0,2.8,4.0,1.0,0.0,0.6,5059.0,5372.5,5686.0,5372.5,2.0,650.0,4.0,1.0,0.0,0.6,5060.0,5375.0,5685.0,5375.0,2.0,650.0,4.0,1.0,0.0,0.6
1974,2,70.0,-46.0,6.5,6.5,6.5,6.5,1.0,0.0,4.0,1.0,0.0,0.5,8.0,8.0,8.0,8.0,1.0,0.0,4.0,1.0,0.0,0.5,4.66,4.66,4.66,4.66,1.0,0.0,4.0,1.0,0.0,0.5,70.7,70.7,70.7,70.7,1.0,0.0,4.0,1.0,0.5,13.9,13.9,13.9,13.9,1.0,0.0,4.0,1.0,0.0,0.5,13.69,13.69,13.69,13.69,1.0,0.0,4.0,1.0,0.0,0.5,2.41,2.41,2.41,2.41,1.0,0.0,4.0,1.0,0.0,0.5,1018.4,1018.4,1018.4,1018.4,1.0,0.0,4.0,1.0,0.0,0.5,6.0,6.0,6.0,6.0,1.0,0.0,4.0,1.0,0.0,0.5,190.3,190.3,190.3,190.3,1.0,0.0,4.0,1.0,0.0,0.5,33.6,33.6,33.6,33.6,1.0,0.0,4.0,1.0,0.0,0.5,-1.5,-1.5,-1.5,-1.5,1.0,0.0,4.0,1.0,0.0,0.5,-20.8,-20.8,-20.8,-20.8,1.0,0.0,4.0,1.0,0.0,0.5,1.3,1.3,1.3,1.3,1.0,0.0,4.0,1.0,0.0,0.5,18.0,18.0,18.0,18.0,1.0,0.0,4.0,1.0,0.0,0.5,109.5,109.5,109.5,109.5,1.0,0.0,4.0,1.0,0.0,0.5,19.3,19.3,19.3,19.3,1.0,0.0,4.0,1.0,0.0,0.5,63.8,63.8,63.8,63.8,1.0,0.0,4.0,1.0,0.0,0.5,11.3,11.3,11.3,11.3,1.0,0.0,4.0,1.0,0.0,0.5,17.7,17.7,17.7,17.7,1.0,0.0,4.0,1.0,0.0,0.5,3.1,3.1,3.1,3.1,1.0,0.0,4.0,1.0,0.0,0.5,2685.5,2685.5,2685.5,2685.5,1.0,0.0,4.0,1.0,0.0,0.5,2685.0,2685.0,2685.0,2685.0,1.0,0.0,4.0,1.0,0.0,0.5
1974,2,70.0,-45.0,11.8,11.8,11.8,11.8,1.0,0.0,4.0,0.0,0.0,0.2,9.6,9.6,9.6,9.6,1.0,0.0,4.0,0.0,0.0,0.2,5.02,5.02,5.02,5.02,1.0,0.0,4.0,0.0,0.0,0.2,68.5,68.5,68.5,68.5,1.0,0.0,4.0,0.0,0.2,9.0,9.0,9.0,9.0,1.0,0.0,4.0,0.0,0.0,0.2,8.86,8.86,8.86,8.86,1.0,0.0,4.0,0.0,0.0,0.2,1.56,1.56,1.56,1.56,1.0,0.0,4.0,0.0,0.0,0.2,1022.3,1022.3,1022.3,1022.3,1.0,0.0,4.0,0.0,0.0,0.2,3.0,3.0,3.0,3.0,1.0,0.0,4.0,0.0,0.0,0.2,79.8,79.8,79.8,79.8,1.0,0.0,4.0,0.0,0.0,0.2,14.1,14.1,14.1,14.1,1.0,0.0,4.0,0.0,0.0,0.2,2.2,2.2,2.2,2.2,1.0,0.0,4.0,0.0,0.0,0.2,19.8,19.8,19.8,19.8,1.0,0.0,4.0,0.0,0.0,0.2,3.48,3.48,3.48,3.48,1.0,0.0,4.0,0.0,0.0,0.2,31.3,31.3,31.3,31.3,1.0,0.0,4.0,0.0,0.0,0.2,85.1,85.1,85.1,85.1,1.0,0.0,4.0,0.0,0.0,0.2,15.0,15.0,15.0,15.0,1.0,0.0,4.0,0.0,0.0,0.2,44.5,44.5,44.5,44.5,1.0,0.0,4.0,0.0,0.0,0.2,7.8,7.8,7.8,7.8,1.0,0.0,4.0,0.0,0.0,0.2,30.8,30.8,30.8,30.8,1.0,0.0,4.0,0.0,0.0,0.2,5.4,5.4,5.4,5.4,1.0,0.0,4.0,0.0,0.0,0.2,729.0,729.0,729.0,729.0,1.0,0.0,4.0,0.0,0.0,0.2,730.0,730.0,730.0,730.0,1.0,0.0,4.0,0.0,0.0,0.2
1974,2,70.0,-44.0,14.19,14.6,15.01,14.6,2.0,0.85,4.0,0.0,0.1,0.7,11.16,11.5,11.84,11.5,2.0,0.71,4.0,0.0,0.1,0.7,5.81,6.02,6.23,6.02,2.0,0.43,4.0,0.0,0.1,0.7,71.7,72.6,73.5,72.6,2.0,1.9,4.0,0.0,0.7,7.27,7.85,8.43,7.85,2.0,1.2,4.0,0.0,0.1,0.7,7.19,7.59,7.99,7.59,2.0,0.83,4.0,0.0,0.1,0.7,0.47,1.49,2.5,1.49,2.0,2.1,4.0,0.0,0.1,0.7,1026.3,1026.95,1027.6,1026.95,2.0,1.34,4.0,0.0,0.1,0.7,1.3,2.0,2.7,2.0,2.0,1.4,4.0,0.0,0.1,0.7,52.5,60.1,67.6,60.1,2.0,15.6,4.0,0.0,0.1,0.7,4.1,12.9,21.8,12.9,2.0,18.3,4.0,0.0,0.1,0.7,3.03,3.1,3.17,3.1,2.0,0.14,4.0,0.0,0.1,0.7,23.0,24.3,25.5,24.3,2.0,2.6,4.0,0.0,0.1,0.7,4.1,4.16,4.21,4.16,2.0,0.12,4.0,0.0,0.1,0.7,30.6,32.6,34.5,32.6,2.0,4.1,4.0,0.0,0.1,0.7,84.9,87.0,89.0,87.0,2.0,4.2,4.0,0.0,0.1,0.7,5.2,16.4,27.5,16.4,2.0,23.1,4.0,0.0,0.1,0.7,44.7,45.5,46.3,45.5,2.0,1.7,4.0,0.0,0.1,0.7,2.7,8.5,14.3,8.5,2.0,12.0,4.0,0.0,0.1,0.7,30.2,31.5,32.7,31.5,2.0,2.6,4.0,0.0,0.1,0.7,1.9,6.1,10.2,6.1,2.0,8.6,4.0,0.0,0.1,0.7,393.0,501.0,608.5,501.0,2.0,223.0,4.0,0.0,0.1,0.7,395.0,500.0,610.0,500.0,2.0,225.0,4.0,0.0,0.1,0.7
1974,2,70.0,-43.0,16.0,16.0,16.0,16.0,1.0,0.0,12.0,1.0,0.1,0.9,14.0,14.0,14.0,14.0,1.0,0.0,12.0,1.0,0.1,0.9,7.41,7.41,7.41,7.41,1.0,0.0,12.0,1.0,0.1,0.9,75.3,75.3,75.3,75.3,1.0,0.0,12.0,1.0,0.9,5.7,5.7,5.7,5.7,1.0,0.0,12.0,1.0,0.1,0.9,0.0,0.0,0.0,0.0,1.0,0.0,12.0,1.0,0.1,0.9,5.7,5.7,5.7,5.7,1.0,0.0,12.0,1.0,0.1,0.9,1019.2,1019.2,1019.2,1019.2,1.0,0.0,12.0,1.0,0.1,0.9,8.0,8.0,8.0,8.0,1.0,0.0,12.0,1.0,0.1,0.9,0.0,0.0,0.0,0.0,1.0,0.0,12.0,1.0,0.1,0.9,32.5,32.5,32.5,32.5,1.0,0.0,12.0,1.0,0.1,0.9,2.0,2.0,2.0,2.0,1.0,0.0,12.0,1.0,0.1,0.9,11.4,11.4,11.4,11.4,1.0,0.0,12.0,1.0,0.1,0.9,3.81,3.81,3.81,3.81,1.0,0.0,12.0,1.0,0.1,0.9,21.7,21.7,21.7,21.7,1.0,0.0,12.0,1.0,0.1,0.9,0.0,0.0,0.0,0.0,1.0,0.0,12.0,1.0,0.1,0.9,79.8,79.8,79.8,79.8,1.0,0.0,12.0,1.0,0.1,0.9,0.0,0.0,0.0,0.0,1.0,0.0,12.0,1.0,0.1,0.9,42.2,42.2,42.2,42.2,1.0,0.0,12.0,1.0,0.1,0.9,0.0,0.0,0.0,0.0,1.0,0.0,12.0,1.0,0.1,0.9,21.7,21.7,21.7,21.7,1.0,0.0,12.0,1.0,0.1,0.9,185.0,185.0,185.0,185.0,1.0,0.0,12.0,1.0,0.1,0.9,185.0,185.0,185.0,185.0,1.0,0.0,12.0,1.0,0.1,0.9
1974,2,70.0,-40.0,16.16,16.5,16.84,16.5,2.0,0.71,6.0,1.0,0.1,0.6,16.81,17.25,17.69,17.25,2.0,0.92,6.0,1.0,0.1,0.6,11.5,11.51,11.52,11.51,2.0,0.02,6.0,1.0,0.1,0.6,93.4,96.1,98.7,96.1,2.0,5.6,6.0,1.0,0.6,0.83,1.55,2.27,1.55,2.0,1.48,6.0,1.0,0.1,0.6,0.42,0.78,1.13,0.78,2.0,0.74,6.0,1.0,0.1,0.6,-1.96,-1.34,-0.72,-1.34,2.0,1.29,6.0,1.0,0.1,0.6,1031.47,1032.25,1033.04,1032.25,2.0,1.63,6.0,1.0,0.1,0.6,0.0,0.0,0.0,0.0,1.0,0.0,6.0,1.0,0.0,0.5,0.6,1.8,2.9,1.8,2.0,2.3,6.0,1.0,0.1,0.6,-5.0,-3.0,-1.1,-3.0,2.0,4.0,6.0,1.0,0.1,0.6,-1.53,-0.75,0.03,-0.75,2.0,1.63,6.0,1.0,0.1,0.6,-4.1,-2.4,-0.6,-2.4,2.0,3.6,6.0,1.0,0.1,0.6,-0.32,-0.07,0.18,-0.07,2.0,0.52,6.0,1.0,0.1,0.6,-0.9,-0.5,-0.1,-0.5,2.0,0.9,6.0,1.0,0.1,0.6,7.2,13.7,20.2,13.7,2.0,13.5,6.0,1.0,0.1,0.6,-35.0,-23.7,-12.4,-23.7,2.0,23.4,6.0,1.0,0.1,0.6,4.8,8.9,13.0,8.9,2.0,8.5,6.0,1.0,0.1,0.6,-22.6,-15.4,-8.3,-15.4,2.0,14.8,6.0,1.0,0.1,0.6,-0.5,-0.2,0.0,-0.2,2.0,0.5,6.0,1.0,0.1,0.6,0.0,0.4,0.8,0.4,2.0,0.8,6.0,1.0,0.1,0.6,3.0,9.0,15.0,9.0,2.0,12.5,6.0,1.0,0.1,0.6,5.0,10.0,15.0,10.0,2.0,10.0,6.0,1.0,0.1,0.6
1974,2,70.0,-33.0,23.9,23.9,23.9,23.9,1.0,0.0,10.0,1.0,0.1,0.7,22.4,22.4,22.4,22.4,1.0,0.0,10.0,1.0,0.1,0.7,12.05,12.05,12.05,12.05,1.0,0.0,10.0,1.0,0.1,0.7,72.4,72.4,72.4,72.4,1.0,0.0,10.0,1.0,0.7,4.6,4.6,4.6,4.6,1.0,0.0,10.0,1.0,0.1,0.7,-4.53,-4.53,-4.53,-4.53,1.0,0.0,10.0,1.0,0.1,0.7,0.8,0.8,0.8,0.8,1.0,0.0,10.0,1.0,0.1,0.7,1024.8,1024.8,1024.8,1024.8,1.0,0.0,10.0,1.0,0.1,0.7,3.0,3.0,3.0,3.0,1.0,0.0,10.0,1.0,0.1,0.7,-20.8,-20.8,-20.8,-20.8,1.0,0.0,10.0,1.0,0.1,0.7,3.7,3.7,3.7,3.7,1.0,0.0,10.0,1.0,0.1,0.7,1.5,1.5,1.5,1.5,1.0,0.0,10.0,1.0,0.1,0.7,6.9,6.9,6.9,6.9,1.0,0.0,10.0,1.0,0.1,0.7,6.24,6.24,6.24,6.24,1.0,0.0,10.0,1.0,0.1,0.7,28.7,28.7,28.7,28.7,1.0,0.0,10.0,1.0,0.1,0.7,-101.5,-101.5,-101.5,-101.5,1.0,0.0,10.0,1.0,0.1,0.7,17.9,17.9,17.9,17.9,1.0,0.0,10.0,1.0,0.1,0.7,-54.6,-54.6,-54.6,-54.6,1.0,0.0,10.0,1.0,0.1,0.7,9.6,9.6,9.6,9.6,1.0,0.0,10.0,1.0,0.1,0.7,-28.3,-28.3,-28.3,-28.3,1.0,0.0,10.0,1.0,0.1,0.7,5.0,5.0,5.0,5.0,1.0,0.0,10.0,1.0,0.1,0.7,97.5,97.5,97.5,97.5,1.0,0.0,10.0,1.0,0.1,0.7,95.0,95.0,95.0,95.0,1.0,0.0,10.0,1.0,0.1,0.7
1974,2,70.0,-32.0,22.37,23.15,23.93,23.15,2.0,1.63,4.0,0.0,0.3,1.0,22.52,22.55,22.58,22.55,2.0,0.07,4.0,0.0,0.3,1.0,12.86,13.1,13.33,13.1,2.0,0.49,4.0,0.0,0.3,1.0,76.4,77.9,79.4,77.9,2.0,3.1,4.0,0.0,1.0,6.44,6.95,7.46,6.95,2.0,1.06,4.0,0.0,0.3,1.0,-7.45,-6.9,-6.36,-6.9,2.0,1.13,4.0,0.0,0.3,1.0,-0.91,-0.54,-0.17,-0.54,2.0,0.76,4.0,0.0,0.3,1.0,1023.32,1024.0,1024.68,1024.0,2.0,1.41,4.0,0.0,0.3,1.0,4.0,4.0,4.0,4.0,1.0,0.0,2.0,0.0,0.0,1.0,-55.9,-48.6,-41.3,-48.6,2.0,15.2,4.0,0.0,0.3,1.0,-5.6,-3.3,-1.1,-3.3,2.0,4.7,4.0,0.0,0.3,1.0,-0.15,0.6,1.35,0.6,2.0,1.56,4.0,0.0,0.3,1.0,-1.6,3.3,8.3,3.3,2.0,10.2,4.0,0.0,0.3,1.0,3.36,4.42,5.48,4.42,2.0,2.2,4.0,0.0,0.3,1.0,24.4,29.6,34.7,29.6,2.0,10.6,4.0,0.0,0.3,1.0,-167.7,-155.6,-143.6,-155.6,2.0,24.9,4.0,0.0,0.3,1.0,-20.5,-12.2,-3.9,-12.2,2.0,17.2,4.0,0.0,0.3,1.0,-99.4,-90.7,-81.9,-90.7,2.0,18.1,4.0,0.0,0.3,1.0,-11.6,-6.9,-2.2,-6.9,2.0,9.7,4.0,0.0,0.3,1.0,-34.2,-29.3,-24.4,-29.3,2.0,10.2,4.0,0.0,0.3,1.0,-5.4,-3.2,-1.0,-3.2,2.0,4.6,4.0,0.0,0.3,1.0,273.0,347.5,422.0,347.5,2.0,154.5,4.0,0.0,0.3,1.0,275.0,345.0,420.0,345.0,2.0,155.0,4.0,0.0,0.3,1.0
1974,2,70.0,-31.0,23.43,24.0,24.14,23.82,5.0,0.4,10.0,0.8,0.3,0.5,22.88,23.5,24.31,23.5,5.0,1.05,10.0,0.8,0.3,0.5,12.2,13.26,14.61,13.42,5.0,1.4,10.0,0.8,0.3,0.5,68.9,76.0,80.5,75.3,5.0,7.5,10.0,0.8,0.5,3.92,4.6,6.05,5.02,5.0,1.6,10.0,0.8,0.3,0.5,-6.01,-3.85,-3.57,-4.73,5.0,1.72,10.0,0.8,0.3,0.5,0.0,1.34,1.97,1.14,5.0,1.23,10.0,0.8,0.3,0.5,1022.67,1023.7,1023.81,1023.3,5.0,0.76,10.0,0.8,0.3,0.5,2.6,3.0,5.4,3.8,5.0,1.6,10.0,0.8,0.3,0.5,-37.8,-16.2,-14.8,-25.9,5.0,18.8,10.0,0.8,0.3,0.5,0.0,5.7,11.5,5.9,5.0,6.1,10.0,0.8,0.3,0.5,-0.18,0.0,0.93,0.32,5.0,0.77,10.0,0.8,0.3,0.5,-1.4,0.0,3.7,0.9,5.0,3.5,10.0,0.8,0.3,0.5,4.01,5.15,5.53,4.81,5.0,1.07,10.0,0.8,0.3,0.5,17.0,19.0,33.8,24.4,5.0,10.4,10.0,0.8,0.3,0.5,-143.9,-93.2,-81.2,-112.0,5.0,44.3,10.0,0.8,0.3,0.5,0.0,32.8,46.9,27.2,5.0,28.9,10.0,0.8,0.3,0.5,-75.3,-54.5,-50.7,-62.9,5.0,21.8,10.0,0.8,0.3,0.5,0.0,17.7,29.2,16.6,5.0,18.7,10.0,0.8,0.3,0.5,-33.6,-19.0,-15.1,-23.4,5.0,11.2,10.0,0.8,0.3,0.5,0.0,6.3,7.7,4.5,5.0,4.2,10.0,0.8,0.3,0.5,61.0,97.5,251.0,160.5,5.0,168.5,10.0,0.8,0.3,0.5,60.0,95.0,250.0,160.0,5.0,170.0,10.0,0.8,0.3,0.5
1974,2,70.0,-30.0,23.0,23.0,23.0,23.0,1.0,0.0,28.0,0.0,0.0,0.6,21.8,21.8,21.8,21.8,1.0,0.0,28.0,0.0,0.0,0.6,12.94,12.94,12.94,12.94,1.0,0.0,28.0,0.0,0.0,0.6,79.5,79.5,79.5,79.5,1.0,0.0,28.0,0.0,0.6,12.3,12.3,12.3,12.3,1.0,0.0,28.0,0.0,0.0,0.6,-12.11,-12.11,-12.11,-12.11,1.0,0.0,28.0,0.0,0.0,0.6,2.14,2.14,2.14,2.14,1.0,0.0,28.0,0.0,0.0,0.6,1010.5,1010.5,1010.5,1010.5,1.0,0.0,28.0,0.0,0.0,0.6,8.0,8.0,8.0,8.0,1.0,0.0,28.0,0.0,0.0,0.6,-149.0,-149.0,-149.0,-149.0,1.0,0.0,28.0,0.0,0.0,0.6,26.3,26.3,26.3,26.3,1.0,0.0,28.0,0.0,0.0,0.6,1.2,1.2,1.2,1.2,1.0,0.0,28.0,0.0,0.0,0.6,14.8,14.8,14.8,14.8,1.0,0.0,28.0,0.0,0.0,0.6,4.62,4.62,4.62,4.62,1.0,0.0,28.0,0.0,0.0,0.6,56.8,56.8,56.8,56.8,1.0,0.0,28.0,0.0,0.0,0.6,-264.1,-264.1,-264.1,-264.1,1.0,0.0,28.0,0.0,0.0,0.6,46.6,46.6,46.6,46.6,1.0,0.0,28.0,0.0,0.0,0.6,-156.7,-156.7,-156.7,-156.7,1.0,0.0,28.0,0.0,0.0,0.6,27.6,27.6,27.6,27.6,1.0,0.0,28.0,0.0,0.0,0.6,-55.9,-55.9,-55.9,-55.9,1.0,0.0,28.0,0.0,0.0,0.6,9.9,9.9,9.9,9.9,1.0,0.0,28.0,0.0,0.0,0.6,1861.0,1861.0,1861.0,1861.0,1.0,0.0,28.0,0.0,0.0,0.6,1860.0,1860.0,1860.0,1860.0,1.0,0.0,28.0,0.0,0.0,0.6
1974,2,70.0,-28.0,,,,,,,,,,,,,,,,,,,,,,,,,,,,,,,,,,,,,,,,7.7,7.7,7.7,7.7,1.0,0.0,12.0,0.0,0.0,0.5,-3.85,-3.85,-3.85,-3.85,1.0,0.0,12.0,0.0,0.0,0.5,6.67,6.67,6.67,6.67,1.0,0.0,12.0,0.0,0.0,0.5,1010.5,1010.5,1010.5,1010.5,1.0,0.0,12.0,0.0,0.0,0.5,8.0,8.0,8.0,8.0,1.0,0.0,12.0,0.0,0.0,0.5,-29.6,-29.6,-29.6,-29.6,1.0,0.0,12.0,0.0,0.0,0.5,51.3,51.3,51.3,51.3,1.0,0.0,12.0,0.0,0.0,0.5,,,,,,,,,,,,,,,,,,,,,,,,,,,,,,,,,,,,,,,,,-79.3,-79.3,-79.3,-79.3,1.0,0.0,12.0,0.0,0.0,0.5,137.4,137.4,137.4,137.4,1.0,0.0,12.0,0.0,0.0,0.5,-44.4,-44.4,-44.4,-44.4,1.0,0.0,12.0,0.0,0.0,0.5,76.9,76.9,76.9,76.9,1.0,0.0,12.0,0.0,0.0,0.5,,,,,,,,,,,,,,,,,,,,,,,,,,,,,,,,,,,,,,,,
1974,2,70.0,-27.0,22.64,23.6,23.74,23.2,3.0,0.87,2.0,0.7,0.3,0.8,20.63,22.2,23.46,22.05,4.0,1.66,4.0,0.8,0.4,0.7,11.97,13.64,14.78,13.39,4.0,1.74,4.0,0.8,0.4,0.7,76.0,82.8,86.3,81.2,4.0,6.7,4.0,0.8,0.7,6.05,8.45,10.64,8.35,4.0,3.4,4.0,0.8,0.4,0.7,-10.48,-6.33,-3.6,-7.01,4.0,4.2,4.0,0.8,0.4,0.7,1.82,2.39,4.98,3.35,4.0,2.54,4.0,0.8,0.4,0.7,1014.04,1015.75,1019.92,1016.93,4.0,3.9,4.0,0.8,0.4,0.7,3.0,5.5,7.0,5.0,4.0,2.4,4.0,0.8,0.4,0.7,-114.8,-54.1,-22.8,-68.1,4.0,61.2,4.0,0.8,0.4,0.7,11.9,19.9,43.2,27.2,4.0,21.8,4.0,0.8,0.4,0.7,0.23,0.3,0.85,0.53,3.0,0.49,2.0,0.7,0.3,0.8,2.4,3.7,4.3,3.3,3.0,1.4,2.0,0.7,0.3,0.8,3.22,3.83,4.94,4.08,3.0,1.27,2.0,0.7,0.3,0.8,25.8,33.3,35.5,30.7,3.0,7.4,2.0,0.7,0.3,0.8,-245.3,-142.5,-74.1,-159.0,4.0,103.3,4.0,0.8,0.4,0.7,42.6,52.9,101.6,71.2,4.0,48.9,4.0,0.8,0.4,0.7,-155.4,-88.3,-43.4,-98.9,4.0,68.5,4.0,0.8,0.4,0.7,25.5,31.0,63.1,43.7,4.0,31.8,4.0,0.8,0.4,0.7,-35.0,-32.8,-22.1,-28.6,3.0,10.1,2.0,0.7,0.3,0.8,6.0,6.3,11.8,8.8,3.0,4.8,2.0,0.7,0.3,0.8,298.5,605.0,1312.5,796.5,4.0,783.5,4.0,0.8,0.4,0.7,300.0,605.0,1310.0,795.0,4.0,785.0,4.0,0.8,0.4,0.7
1974,2,70.0,-26.0,24.49,24.9,25.0,24.75,4.0,0.38,14.0,0.8,0.5,0.7,23.22,24.4,25.73,24.48,4.0,1.59,14.0,0.8,0.5,0.7,13.11,14.85,15.19,14.18,4.0,1.79,14.0,0.8,0.5,0.7,64.4,80.2,85.9,75.4,4.0,15.0,14.0,0.8,0.7,3.39,5.1,7.97,5.67,3.0,3.39,12.0,0.7,0.6,0.7,-7.75,-4.42,-3.18,-5.44,3.0,3.46,12.0,0.7,0.6,0.7,0.0,0.0,1.74,0.85,3.0,1.47,12.0,0.7,0.6,0.7,1016.83,1017.35,1017.97,1017.4,4.0,0.79,14.0,0.8,0.5,0.7,2.6,4.0,6.7,4.7,3.0,3.1,16.0,0.7,0.5,0.6,-66.2,-22.5,-11.8,-38.6,3.0,42.2,12.0,0.7,0.6,0.7,0.0,0.0,8.9,4.3,3.0,7.5,12.0,0.7,0.6,0.7,-0.83,0.1,1.4,0.28,4.0,1.54,14.0,0.8,0.5,0.7,-9.1,-0.5,1.2,-3.8,3.0,8.1,12.0,0.7,0.6,0.7,3.89,4.73,6.58,5.22,4.0,2.09,14.0,0.8,0.5,0.7,13.4,16.6,57.1,34.8,3.0,35.7,12.0,0.7,0.6,0.7,-201.0,-105.1,-77.7,-138.5,3.0,94.8,12.0,0.7,0.6,0.7,0.0,0.0,41.4,20.2,3.0,35.0,12.0,0.7,0.6,0.7,-94.9,-68.4,-48.1,-71.4,3.0,34.4,12.0,0.7,0.6,0.7,0.0,0.0,27.0,13.2,3.0,22.8,12.0,0.7,0.6,0.7,-56.4,-14.3,-12.7,-34.1,3.0,36.3,12.0,0.7,0.6,0.7,0.0,0.0,5.7,2.8,3.0,4.8,12.0,0.7,0.6,0.7,54.0,132.5,591.0,318.0,3.0,425.0,12.0,0.7,0.6,0.7,55.0,135.0,590.0,320.0,3.0,425.0,12.0,0.7,0.6,0.7
1974,2,70.0,-24.0,24.0,24.0,24.0,24.0,1.0,0.0,12.0,1.0,0.3,0.3,26.0,26.0,26.0,26.0,1.0,0.0,12.0,1.0,0.3,0.3,16.09,16.09,16.09,16.09,1.0,0.0,12.0,1.0,0.3,0.3,77.2,77.2,77.2,77.2,1.0,0.0,12.0,1.0,0.3,3.1,3.1,3.1,3.1,1.0,0.0,12.0,1.0,0.3,0.3,-3.1,-3.1,-3.1,-3.1,1.0,0.0,12.0,1.0,0.3,0.3,0.0,0.0,0.0,0.0,1.0,0.0,12.0,1.0,0.3,0.3,1017.5,1017.5,1017.5,1017.5,1.0,0.0,12.0,1.0,0.3,0.3,4.0,4.0,4.0,4.0,1.0,0.0,12.0,1.0,0.3,0.3,-9.6,-9.6,-9.6,-9.6,1.0,0.0,12.0,1.0,0.3,0.3,0.0,0.0,0.0,0.0,1.0,0.0,12.0,1.0,0.3,0.3,-2.0,-2.0,-2.0,-2.0,1.0,0.0,12.0,1.0,0.3,0.3,-6.2,-6.2,-6.2,-6.2,1.0,0.0,12.0,1.0,0.3,0.3,2.44,2.44,2.44,2.44,1.0,0.0,12.0,1.0,0.3,0.3,7.6,7.6,7.6,7.6,1.0,0.0,12.0,1.0,0.3,0.3,-80.6,-80.6,-80.6,-80.6,1.0,0.0,12.0,1.0,0.3,0.3,0.0,0.0,0.0,0.0,1.0,0.0,12.0,1.0,0.3,0.3,-49.9,-49.9,-49.9,-49.9,1.0,0.0,12.0,1.0,0.3,0.3,0.0,0.0,0.0,0.0,1.0,0.0,12.0,1.0,0.3,0.3,-7.6,-7.6,-7.6,-7.6,1.0,0.0,12.0,1.0,0.3,0.3,0.0,0.0,0.0,0.0,1.0,0.0,12.0,1.0,0.3,0.3,30.0,30.0,30.0,30.0,1.0,0.0,12.0,1.0,0.3,0.3,30.0,30.0,30.0,30.0,1.0,0.0,12.0,1.0,0.3,0.3
1974,2,70.0,-21.0,,,,,,,,,,,,,,,,,,,,,,,,,,,,,,,,,,,,,,,,7.0,7.0,7.0,7.0,1.0,0.0,22.0,1.0,0.4,0.8,-4.5,-4.5,-4.5,-4.5,1.0,0.0,22.0,1.0,0.4,0.8,5.36,5.36,5.36,5.36,1.0,0.0,22.0,1.0,0.4,0.8,1009.3,1009.3,1009.3,1009.3,1.0,0.0,22.0,1.0,0.4,0.8,,,,,,,,,,,,,,,,,,,,,,,,,,,,,,,,,,,,,,,,,,,,,,,,,,,,,,,,,,,,,,,,,,,,,,,,,,,,,,,,,,,,,,,,,,,,,,,,,,,,,,,,,,,,,,,,,,,,,,,,,,,,,,,,,,,,,,,,,,,,,,,,,,,,,,
1974,2,70.0,-20.0,26.16,26.5,26.84,26.5,2.0,0.71,8.0,0.5,0.6,0.5,24.58,24.75,24.92,24.75,2.0,0.35,8.0,0.5,0.6,0.5,16.02,16.02,16.02,16.02,1.0,0.0,8.0,1.0,0.5,0.5,83.4,83.4,83.4,83.4,1.0,0.0,8.0,1.0,0.5,9.73,10.65,11.57,10.65,2.0,1.91,8.0,0.5,0.6,0.5,-9.12,-8.97,-8.81,-8.97,2.0,0.32,8.0,0.5,0.6,0.5,3.9,5.45,6.99,5.45,2.0,3.21,8.0,0.5,0.6,0.5,1010.27,1012.35,1014.43,1012.35,2.0,4.31,8.0,0.5,0.6,0.5,2.2,2.5,2.8,2.5,2.0,0.7,8.0,0.5,0.6,0.5,-105.7,-95.8,-85.9,-95.8,2.0,20.5,8.0,0.5,0.6,0.5,39.6,61.1,82.6,61.1,2.0,44.5,8.0,0.5,0.6,0.5,1.24,1.75,2.26,1.75,2.0,1.06,8.0,0.5,0.6,0.5,13.8,17.6,21.5,17.6,2.0,8.0,8.0,0.5,0.6,0.5,6.36,6.36,6.36,6.36,1.0,0.0,8.0,1.0,0.5,0.5,59.1,59.1,59.1,59.1,1.0,0.0,8.0,1.0,0.5,0.5,-227.3,-222.0,-216.6,-222.0,2.0,11.1,8.0,0.5,0.6,0.5,96.2,135.4,174.6,135.4,2.0,81.3,8.0,0.5,0.6,0.5,-140.0,-140.0,-140.0,-140.0,1.0,0.0,8.0,1.0,0.5,0.5,51.0,51.0,51.0,51.0,1.0,0.0,8.0,1.0,0.5,0.5,-55.5,-55.5,-55.5,-55.5,1.0,0.0,8.0,1.0,0.5,0.5,20.2,20.2,20.2,20.2,1.0,0.0,8.0,1.0,0.5,0.5,951.0,1266.0,1581.5,1266.0,2.0,653.0,8.0,0.5,0.6,0.5,950.0,1265.0,1580.0,1265.0,2.0,655.0,8.0,0.5,0.6,0.5
1974,2,70.0,-18.0,26.5,26.5,26.5,26.5,1.0,0.0,12.0,1.0,0.2,0.5,25.6,25.6,25.6,25.6,1.0,0.0,12.0,1.0,0.2,0.5,16.96,16.96,16.96,16.96,1.0,0.0,12.0,1.0,0.2,0.5,83.0,83.0,83.0,83.0,1.0,0.0,12.0,1.0,0.5,4.6,4.6,4.6,4.6,1.0,0.0,12.0,1.0,0.2,0.5,-2.96,-2.96,-2.96,-2.96,1.0,0.0,12.0,1.0,0.2,0.5,3.52,3.52,3.52,3.52,1.0,0.0,12.0,1.0,0.2,0.5,1014.1,1014.1,1014.1,1014.1,1.0,0.0,12.0,1.0,0.2,0.5,4.0,4.0,4.0,4.0,1.0,0.0,12.0,1.0,0.2,0.5,-13.6,-13.6,-13.6,-13.6,1.0,0.0,12.0,1.0,0.2,0.5,16.2,16.2,16.2,16.2,1.0,0.0,12.0,1.0,0.2,0.5,0.9,0.9,0.9,0.9,1.0,0.0,12.0,1.0,0.2,0.5,4.1,4.1,4.1,4.1,1.0,0.0,12.0,1.0,0.2,0.5,4.66,4.66,4.66,4.66,1.0,0.0,12.0,1.0,0.2,0.5,21.4,21.4,21.4,21.4,1.0,0.0,12.0,1.0,0.2,0.5,-75.7,-75.7,-75.7,-75.7,1.0,0.0,12.0,1.0,0.2,0.5,90.2,90.2,90.2,90.2,1.0,0.0,12.0,1.0,0.2,0.5,-50.2,-50.2,-50.2,-50.2,1.0,0.0,12.0,1.0,0.2,0.5,59.8,59.8,59.8,59.8,1.0,0.0,12.0,1.0,0.2,0.5,-13.8,-13.8,-13.8,-13.8,1.0,0.0,12.0,1.0,0.2,0.5,16.4,16.4,16.4,16.4,1.0,0.0,12.0,1.0,0.2,0.5,97.5,97.5,97.5,97.5,1.0,0.0,12.0,1.0,0.2,0.5,95.0,95.0,95.0,95.0,1.0,0.0,12.0,1.0,0.2,0.5
1974,2,70.0,-17.0,26.6,26.6,26.6,26.6,2.0,0.0,6.0,1.0,0.3,0.9,24.7,25.35,26.0,25.35,2.0,1.34,6.0,1.0,0.3,0.9,14.57,15.11,15.66,15.11,2.0,1.13,6.0,1.0,0.3,0.9,69.6,75.2,80.8,75.2,2.0,11.5,6.0,1.0,0.9,7.11,8.0,8.89,8.0,2.0,1.84,6.0,1.0,0.3,0.9,-8.4,-7.67,-6.94,-7.67,2.0,1.51,6.0,1.0,0.3,0.9,1.48,2.17,2.86,2.17,2.0,1.43,6.0,1.0,0.3,0.9,1009.93,1010.0,1010.07,1010.0,2.0,0.14,6.0,1.0,0.3,0.9,7.2,7.5,7.8,7.5,2.0,0.7,6.0,1.0,0.3,0.9,-75.4,-62.7,-50.1,-62.7,2.0,26.2,6.0,1.0,0.3,0.9,11.3,18.7,26.1,18.7,2.0,15.4,6.0,1.0,0.3,0.9,0.6,1.25,1.9,1.25,2.0,1.34,6.0,1.0,0.3,0.9,4.9,11.2,17.5,11.2,2.0,13.0,6.0,1.0,0.3,0.9,6.18,6.72,7.27,6.72,2.0,1.13,6.0,1.0,0.3,0.9,51.1,52.7,54.3,52.7,2.0,3.3,6.0,1.0,0.3,0.9,-206.9,-193.4,-179.8,-193.4,2.0,28.1,6.0,1.0,0.3,0.9,38.1,54.1,70.2,54.1,2.0,33.2,6.0,1.0,0.3,0.9,-132.0,-116.8,-101.5,-116.8,2.0,31.5,6.0,1.0,0.3,0.9,22.0,33.6,45.2,33.6,2.0,24.0,6.0,1.0,0.3,0.9,-51.4,-50.7,-50.0,-50.7,2.0,1.5,6.0,1.0,0.3,0.9,10.4,13.8,17.2,13.8,2.0,7.1,6.0,1.0,0.3,0.9,380.5,552.5,724.5,552.5,2.0,356.0,6.0,1.0,0.3,0.9,380.0,555.0,725.0,555.0,2.0,355.0,6.0,1.0,0.3,0.9
1974,2,70.0,-16.0,26.17,26.55,26.93,26.55,2.0,0.78,14.0,1.0,0.3,0.7,26.26,26.4,26.54,26.4,2.0,0.28,14.0,1.0,0.3,0.7,16.05,17.42,18.79,17.42,2.0,2.84,14.0,1.0,0.3,0.7,75.7,81.2,86.7,81.2,2.0,11.5,14.0,1.0,0.7,8.2,8.2,8.2,8.2,1.0,0.0,26.0,1.0,0.2,0.9,-6.28,-6.28,-6.28,-6.28,1.0,0.0,26.0,1.0,0.2,0.9,5.27,5.27,5.27,5.27,1.0,0.0,26.0,1.0,0.2,0.9,1013.5,1015.0,1016.5,1015.0,2.0,3.11,14.0,1.0,0.3,0.7,3.5,4.5,5.5,4.5,2.0,2.1,14.0,1.0,0.3,0.7,-51.5,-51.5,-51.5,-51.5,1.0,0.0,26.0,1.0,0.2,0.9,43.2,43.2,43.2,43.2,1.0,0.0,26.0,1.0,0.2,0.9,-0.36,0.15,0.66,0.15,2.0,1.06,14.0,1.0,0.3,0.7,-4.9,-4.9,-4.9,-4.9,1.0,0.0,26.0,1.0,0.2,0.9,2.43,4.25,6.08,4.25,2.0,3.78,14.0,1.0,0.3,0.7,13.0,13.0,13.0,13.0,1.0,0.0,26.0,1.0,0.2,0.9,-167.1,-167.1,-167.1,-167.1,1.0,0.0,26.0,1.0,0.2,0.9,140.2,140.2,140.2,140.2,1.0,0.0,26.0,1.0,0.2,0.9,-122.0,-122.0,-122.0,-122.0,1.0,0.0,26.0,1.0,0.2,0.9,102.4,102.4,102.4,102.4,1.0,0.0,26.0,1.0,0.2,0.9,-9.9,-9.9,-9.9,-9.9,1.0,0.0,26.0,1.0,0.2,0.9,8.3,8.3,8.3,8.3,1.0,0.0,26.0,1.0,0.2,0.9,551.5,551.5,551.5,551.5,1.0,0.0,26.0,1.0,0.2,0.9,550.0,550.0,550.0,550.0,1.0,0.0,26.0,1.0,0.2,0.9
1974,2,70.0,-14.0,27.6,27.6,27.6,27.6,1.0,0.0,22.0,1.0,0.3,0.6,27.5,27.5,27.5,27.5,1.0,0.0,22.0,1.0,0.3,0.6,17.62,17.62,17.62,17.62,1.0,0.0,22.0,1.0,0.3,0.6,76.5,76.5,76.5,76.5,1.0,0.0,22.0,1.0,0.6,8.2,8.2,8.2,8.2,1.0,0.0,22.0,1.0,0.3,0.6,-5.27,-5.27,-5.27,-5.27,1.0,0.0,22.0,1.0,0.3,0.6,6.28,6.28,6.28,6.28,1.0,0.0,22.0,1.0,0.3,0.6,1006.6,1006.6,1006.6,1006.6,1.0,0.0,22.0,1.0,0.3,0.6,6.0,6.0,6.0,6.0,1.0,0.0,22.0,1.0,0.3,0.6,-43.2,-43.2,-43.2,-43.2,1.0,0.0,22.0,1.0,0.3,0.6,51.5,51.5,51.5,51.5,1.0,0.0,22.0,1.0,0.3,0.6,0.1,0.1,0.1,0.1,1.0,0.0,22.0,1.0,0.3,0.6,0.8,0.8,0.8,0.8,1.0,0.0,22.0,1.0,0.3,0.6,5.63,5.63,5.63,5.63,1.0,0.0,22.0,1.0,0.3,0.6,46.2,46.2,46.2,46.2,1.0,0.0,22.0,1.0,0.3,0.6,-144.9,-144.9,-144.9,-144.9,1.0,0.0,22.0,1.0,0.3,0.6,172.7,172.7,172.7,172.7,1.0,0.0,22.0,1.0,0.3,0.6,-92.9,-92.9,-92.9,-92.9,1.0,0.0,22.0,1.0,0.3,0.6,110.7,110.7,110.7,110.7,1.0,0.0,22.0,1.0,0.3,0.6,-29.7,-29.7,-29.7,-29.7,1.0,0.0,22.0,1.0,0.3,0.6,35.4,35.4,35.4,35.4,1.0,0.0,22.0,1.0,0.3,0.6,551.5,551.5,551.5,551.5,1.0,0.0,22.0,1.0,0.3,0.6,550.0,550.0,550.0,550.0,1.0,0.0,22.0,1.0,0.3,0.6
1974,2,70.0,-13.0,27.18,27.8,28.0,27.73,11.0,0.63,14.0,0.5,0.3,0.7,25.89,27.5,28.12,27.17,11.0,1.3,14.0,0.5,0.3,0.7,16.56,18.0,19.25,17.91,8.0,1.65,14.0,0.5,0.3,0.7,72.5,84.3,90.5,82.1,8.0,10.1,14.0,0.5,0.7,2.81,4.0,5.1,4.03,10.0,1.46,14.0,0.4,0.3,0.8,-4.23,-1.71,0.15,-2.03,10.0,2.62,14.0,0.4,0.3,0.8,0.65,2.43,3.46,1.98,10.0,2.09,14.0,0.4,0.3,0.8,1008.76,1010.3,1012.45,1010.72,11.0,1.95,14.0,0.5,0.3,0.7,1.6,3.0,6.4,4.1,11.0,2.5,14.0,0.5,0.3,0.7,-20.7,-6.9,2.2,-10.2,10.0,15.2,14.0,0.4,0.3,0.8,2.4,9.5,14.2,8.7,10.0,9.1,14.0,0.4,0.3,0.8,-0.38,0.5,1.71,0.55,11.0,1.12,14.0,0.5,0.3,0.7,-0.9,2.0,8.8,3.5,10.0,4.5,14.0,0.4,0.3,0.8,3.64,5.72,6.24,5.31,8.0,1.55,14.0,0.5,0.3,0.7,14.9,22.7,28.6,21.1,8.0,8.9,14.0,0.5,0.3,0.7,-112.3,-44.8,5.5,-54.2,10.0,71.1,14.0,0.4,0.3,0.8,17.2,64.5,96.2,52.8,10.0,56.2,14.0,0.4,0.3,0.8,-89.1,-28.4,-27.1,-45.8,8.0,49.3,14.0,0.5,0.3,0.7,6.7,38.7,51.8,30.1,8.0,36.9,14.0,0.5,0.3,0.7,-22.0,-10.2,-5.7,-10.5,8.0,14.1,14.0,0.5,0.3,0.7,1.4,9.9,15.9,7.7,8.0,14.0,14.0,0.5,0.3,0.7,23.0,64.0,132.5,89.0,10.0,86.5,14.0,0.4,0.3,0.8,25.0,65.0,135.0,90.0,10.0,85.0,14.0,0.4,0.3,0.8
1974,2,70.0,-12.0,27.7,28.0,29.0,28.22,15.0,0.99,18.0,0.7,0.5,0.6,26.47,27.2,28.48,27.42,17.0,1.09,18.0,0.7,0.4,0.6,17.11,17.23,18.52,17.7,11.0,0.83,16.0,0.8,0.4,0.7,73.0,78.0,82.2,77.2,11.0,4.7,16.0,0.8,0.7,2.71,4.1,5.96,4.45,15.0,1.78,18.0,0.7,0.4,0.6,-2.53,0.0,2.29,0.28,15.0,2.85,18.0,0.7,0.4,0.6,2.09,3.76,5.3,3.52,15.0,1.69,18.0,0.7,0.4,0.6,1007.86,1008.7,1011.29,1009.49,17.0,1.73,18.0,0.7,0.4,0.6,2.5,4.0,7.0,4.5,17.0,1.9,18.0,0.7,0.4,0.6,-9.7,0.0,7.0,2.3,15.0,19.7,18.0,0.7,0.4,0.6,6.2,15.0,35.0,18.0,15.0,14.6,18.0,0.7,0.4,0.6,-0.08,1.0,1.23,0.74,15.0,1.01,18.0,0.7,0.5,0.6,0.0,3.7,6.3,4.3,13.0,5.9,18.0,0.7,0.5,0.6,4.9,6.01,7.31,6.18,10.0,1.78,16.0,0.9,0.5,0.7,19.6,25.6,33.6,29.8,8.0,14.0,16.0,0.9,0.5,0.7,-68.5,0.0,62.2,8.3,15.0,78.7,18.0,0.7,0.4,0.6,56.0,97.9,142.1,97.0,15.0,48.3,18.0,0.7,0.4,0.6,-43.3,0.0,17.2,-10.5,9.0,31.9,16.0,0.8,0.4,0.7,37.2,64.7,92.3,61.3,9.0,32.8,16.0,0.8,0.4,0.7,-16.1,0.0,5.8,-3.0,8.0,11.5,16.0,0.9,0.5,0.7,16.5,23.7,29.7,26.9,8.0,15.5,16.0,0.9,0.5,0.7,20.5,69.0,215.0,133.5,15.0,187.5,18.0,0.7,0.4,0.6,20.0,70.0,215.0,135.0,15.0,185.0,18.0,0.7,0.4,0.6
1974,2,70.0,-11.0,27.0,28.3,29.0,28.0,5.0,1.16,16.0,0.4,0.8,0.3,26.71,27.2,27.68,27.18,5.0,0.66,16.0,0.4,0.8,0.3,17.42,17.44,17.46,17.44,4.0,0.03,16.0,0.3,0.8,0.3,76.4,77.8,80.3,78.3,4.0,2.7,16.0,0.3,0.3,2.42,4.1,4.78,3.7,5.0,1.29,16.0,0.4,0.8,0.3,-2.4,-1.61,-0.18,-1.36,5.0,1.61,16.0,0.4,0.8,0.3,1.79,2.44,4.63,3.03,5.0,1.54,16.0,0.4,0.8,0.3,1008.16,1009.3,1010.68,1009.36,5.0,1.82,16.0,0.4,0.8,0.3,2.6,4.0,6.1,4.4,5.0,2.3,16.0,0.4,0.8,0.3,-11.0,-3.7,-1.3,-5.6,5.0,6.4,16.0,0.4,0.8,0.3,5.1,8.4,22.2,12.6,5.0,9.5,16.0,0.4,0.8,0.3,0.16,0.8,1.37,0.82,5.0,0.76,16.0,0.4,0.8,0.3,0.7,2.1,6.3,3.5,5.0,4.0,16.0,0.4,0.8,0.3,4.68,6.14,7.3,6.0,4.0,1.64,16.0,0.3,0.8,0.3,12.9,21.4,32.6,22.6,4.0,13.1,16.0,0.3,0.8,0.3,-66.2,-42.1,-4.9,-37.2,5.0,44.8,16.0,0.4,0.8,0.3,49.4,67.2,125.5,82.5,5.0,41.7,16.0,0.4,0.8,0.3,-29.3,-21.0,1.5,-14.2,4.0,21.1,16.0,0.3,0.8,0.3,32.6,60.7,81.5,57.2,4.0,29.0,16.0,0.3,0.8,0.3,-10.1,-5.4,1.1,-4.5,4.0,8.1,16.0,0.3,0.8,0.3,10.8,20.7,31.1,20.9,4.0,13.3,16.0,0.3,0.8,0.3,14.5,69.0,110.0,65.0,5.0,52.5,16.0,0.4,0.8,0.3,15.0,70.0,110.0,65.0,5.0,50.0,16.0,0.4,0.8,0.3
1974,2,70.0,-8.0,26.4,26.4,26.4,26.4,1.0,0.0,6.0,1.0,0.9,0.1,27.0,27.0,27.0,27.0,1.0,0.0,6.0,1.0,0.9,0.1,17.88,17.88,17.88,17.88,1.0,0.0,6.0,1.0,0.9,0.1,80.2,80.2,80.2,80.2,1.0,0.0,6.0,1.0,0.1,5.1,5.1,5.1,5.1,1.0,0.0,6.0,1.0,0.9,0.1,5.1,5.1,5.1,5.1,1.0,0.0,6.0,1.0,0.9,0.1,0.0,0.0,0.0,0.0,1.0,0.0,6.0,1.0,0.9,0.1,1010.5,1010.5,1010.5,1010.5,1.0,0.0,6.0,1.0,0.9,0.1,6.0,6.0,6.0,6.0,1.0,0.0,6.0,1.0,0.9,0.1,26.0,26.0,26.0,26.0,1.0,0.0,6.0,1.0,0.9,0.1,0.0,0.0,0.0,0.0,1.0,0.0,6.0,1.0,0.9,0.1,-0.6,-0.6,-0.6,-0.6,1.0,0.0,6.0,1.0,0.9,0.1,-3.1,-3.1,-3.1,-3.1,1.0,0.0,6.0,1.0,0.9,0.1,3.69,3.69,3.69,3.69,1.0,0.0,6.0,1.0,0.9,0.1,18.8,18.8,18.8,18.8,1.0,0.0,6.0,1.0,0.9,0.1,137.7,137.7,137.7,137.7,1.0,0.0,6.0,1.0,0.9,0.1,0.0,0.0,0.0,0.0,1.0,0.0,6.0,1.0,0.9,0.1,91.2,91.2,91.2,91.2,1.0,0.0,6.0,1.0,0.9,0.1,0.0,0.0,0.0,0.0,1.0,0.0,6.0,1.0,0.9,0.1,18.8,18.8,18.8,18.8,1.0,0.0,6.0,1.0,0.9,0.1,0.0,0.0,0.0,0.0,1.0,0.0,6.0,1.0,0.9,0.1,132.5,132.5,132.5,132.5,1.0,0.0,6.0,1.0,0.9,0.1,135.0,135.0,135.0,135.0,1.0,0.0,6.0,1.0,0.9,0.1
1974,2,70.0,-7.0,28.3,28.3,28.3,28.3,1.0,0.0,14.0,1.0,0.1,0.9,26.7,26.7,26.7,26.7,1.0,0.0,14.0,1.0,0.1,0.9,19.06,19.06,19.06,19.06,1.0,0.0,14.0,1.0,0.1,0.9,87.2,87.2,87.2,87.2,1.0,0.0,14.0,1.0,0.9,9.3,9.3,9.3,9.3,1.0,0.0,14.0,1.0,0.1,0.9,9.3,9.3,9.3,9.3,1.0,0.0,14.0,1.0,0.1,0.9,0.0,0.0,0.0,0.0,1.0,0.0,14.0,1.0,0.1,0.9,1013.4,1013.4,1013.4,1013.4,1.0,0.0,14.0,1.0,0.1,0.9,8.0,8.0,8.0,8.0,1.0,0.0,14.0,1.0,0.1,0.9,86.5,86.5,86.5,86.5,1.0,0.0,14.0,1.0,0.1,0.9,0.0,0.0,0.0,0.0,1.0,0.0,14.0,1.0,0.1,0.9,1.6,1.6,1.6,1.6,1.0,0.0,14.0,1.0,0.1,0.9,14.9,14.9,14.9,14.9,1.0,0.0,14.0,1.0,0.1,0.9,5.01,5.01,5.01,5.01,1.0,0.0,14.0,1.0,0.1,0.9,46.6,46.6,46.6,46.6,1.0,0.0,14.0,1.0,0.1,0.9,248.3,248.3,248.3,248.3,1.0,0.0,14.0,1.0,0.1,0.9,0.0,0.0,0.0,0.0,1.0,0.0,14.0,1.0,0.1,0.9,177.3,177.3,177.3,177.3,1.0,0.0,14.0,1.0,0.1,0.9,0.0,0.0,0.0,0.0,1.0,0.0,14.0,1.0,0.1,0.9,46.6,46.6,46.6,46.6,1.0,0.0,14.0,1.0,0.1,0.9,0.0,0.0,0.0,0.0,1.0,0.0,14.0,1.0,0.1,0.9,804.5,804.5,804.5,804.5,1.0,0.0,14.0,1.0,0.1,0.9,805.0,805.0,805.0,805.0,1.0,0.0,14.0,1.0,0.1,0.9
1974,2,70.0,-6.0,27.29,27.9,28.65,27.97,3.0,1.0,14.0,0.3,0.3,0.7,27.0,27.0,27.82,27.4,3.0,0.69,14.0,0.3,0.3,0.7,17.44,18.19,18.74,18.09,3.0,0.96,14.0,0.3,0.3,0.7,76.4,76.9,82.5,79.4,3.0,5.0,14.0,0.3,0.7,1.46,4.6,6.37,3.93,3.0,3.65,14.0,0.3,0.3,0.7,1.26,3.98,5.88,3.58,3.0,3.4,14.0,0.3,0.3,0.7,0.73,2.3,2.41,1.59,3.0,1.38,14.0,0.3,0.3,0.7,1011.16,1011.5,1012.59,1011.87,3.0,1.1,14.0,0.3,0.3,0.7,2.3,5.0,5.0,3.7,3.0,2.3,14.0,0.3,0.3,0.7,5.8,18.3,39.1,22.3,3.0,24.6,14.0,0.3,0.3,0.7,3.4,10.6,15.5,9.4,3.0,8.9,14.0,0.3,0.3,0.7,-0.53,0.9,1.65,0.57,3.0,1.63,14.0,0.3,0.3,0.7,-5.9,0.0,6.3,0.2,3.0,8.9,14.0,0.3,0.3,0.7,4.78,6.16,6.35,5.58,3.0,1.25,14.0,0.3,0.3,0.7,9.0,28.3,29.3,19.4,3.0,16.8,14.0,0.3,0.3,0.7,34.1,107.6,164.4,99.5,3.0,95.7,14.0,0.3,0.3,0.7,19.7,62.1,67.1,43.8,3.0,38.2,14.0,0.3,0.3,0.7,24.0,75.7,108.0,66.2,3.0,62.1,14.0,0.3,0.3,0.7,13.9,43.7,44.4,29.5,3.0,25.5,14.0,0.3,0.3,0.7,7.8,24.5,26.9,17.5,3.0,15.3,14.0,0.3,0.3,0.7,3.2,10.2,12.9,8.1,3.0,7.3,14.0,0.3,0.3,0.7,31.0,97.5,285.5,157.0,3.0,193.5,14.0,0.3,0.3,0.7,30.0,95.0,285.0,155.0,3.0,195.0,14.0,0.3,0.3,0.7
1974,2,70.0,-5.0,27.82,28.3,28.37,28.1,3.0,0.44,16.0,0.3,0.5,0.6,26.39,27.0,27.68,27.03,3.0,0.95,16.0,0.3,0.5,0.6,17.42,17.55,17.59,17.51,3.0,0.13,16.0,0.3,0.5,0.6,75.2,79.2,81.8,78.6,3.0,4.9,16.0,0.3,0.6,0.48,1.5,6.82,3.6,3.0,4.99,16.0,0.3,0.5,0.6,0.47,1.48,5.97,3.18,3.0,4.29,16.0,0.3,0.5,0.6,-3.17,0.0,0.18,-1.46,3.0,2.76,16.0,0.3,0.5,0.6,1009.63,1011.0,1012.37,1011.0,3.0,2.0,16.0,0.3,0.5,0.6,2.0,2.0,6.1,4.0,3.0,3.5,16.0,0.3,0.5,0.6,0.7,2.2,51.8,25.7,3.0,42.6,16.0,0.3,0.5,0.6,-29.5,0.0,0.3,-14.3,3.0,25.1,16.0,0.3,0.5,0.6,0.46,0.6,1.69,1.07,3.0,0.99,16.0,0.3,0.5,0.6,0.2,0.6,14.2,7.0,3.0,11.6,16.0,0.3,0.5,0.6,5.84,6.59,6.84,6.35,3.0,0.76,16.0,0.3,0.5,0.6,3.3,10.4,45.2,23.9,3.0,32.8,16.0,0.3,0.5,0.6,13.1,41.4,156.6,83.9,3.0,111.4,16.0,0.3,0.5,0.6,-82.8,0.0,5.0,-38.0,3.0,72.3,16.0,0.3,0.5,0.6,8.1,25.7,104.6,55.7,3.0,75.3,16.0,0.3,0.5,0.6,-55.7,0.0,3.1,-25.7,3.0,48.5,16.0,0.3,0.5,0.6,3.3,10.3,39.5,21.1,3.0,28.1,16.0,0.3,0.5,0.6,-20.9,0.0,1.2,-9.6,3.0,18.2,16.0,0.3,0.5,0.6,1.0,3.5,550.0,269.0,3.0,463.5,16.0,0.3,0.5,0.6,0.0,5.0,550.0,270.0,3.0,465.0,16.0,0.3,0.5,0.6
1974,2,70.0,-4.0,27.73,28.2,28.47,28.12,5.0,0.41,14.0,0.6,0.5,0.6,27.21,27.8,30.26,28.54,5.0,1.72,14.0,0.6,0.5,0.6,16.53,17.16,18.09,17.28,5.0,1.07,14.0,0.6,0.5,0.6,67.4,69.4,74.8,70.9,5.0,4.4,14.0,0.6,0.6,0.16,0.5,7.53,3.77,3.0,6.1,14.0,0.7,0.7,0.7,0.12,0.38,3.81,1.93,3.0,3.01,14.0,0.7,0.7,0.7,-6.49,-0.32,-0.1,-3.22,3.0,5.31,14.0,0.7,0.7,0.7,1008.96,1010.0,1011.73,1010.38,5.0,1.69,14.0,0.6,0.5,0.6,3.3,5.0,6.4,4.8,5.0,1.9,14.0,0.6,0.5,0.6,0.1,0.2,39.9,19.5,3.0,33.6,14.0,0.7,0.7,0.7,-69.0,-0.2,-0.1,-33.7,3.0,58.3,14.0,0.7,0.7,0.7,-1.8,-0.2,0.81,-0.42,5.0,1.61,14.0,0.6,0.5,0.6,-1.7,-0.7,-0.2,-1.0,3.0,1.1,14.0,0.7,0.7,0.7,5.75,6.93,7.42,6.62,5.0,0.96,14.0,0.6,0.5,0.6,1.1,3.5,45.7,22.9,3.0,36.7,14.0,0.7,0.7,0.7,3.6,11.5,106.1,53.9,3.0,83.6,14.0,0.7,0.7,0.7,-180.5,-9.6,-3.1,-89.9,3.0,147.4,14.0,0.7,0.7,0.7,2.2,6.8,65.4,33.1,3.0,51.6,14.0,0.7,0.7,0.7,-111.3,-5.7,-1.8,-55.4,3.0,91.0,14.0,0.7,0.7,0.7,0.8,2.7,23.1,11.8,3.0,18.1,14.0,0.7,0.7,0.7,-39.3,-2.2,-0.7,-19.6,3.0,32.0,14.0,0.7,0.7,0.7,0.0,0.0,860.0,420.0,3.0,727.5,14.0,0.7,0.7,0.7,0.0,0.0,860.0,420.0,3.0,725.0,14.0,0.7,0.7,0.7
1974,2,70.0,-3.0,27.6,27.6,27.6,27.6,1.0,0.0,10.0,0.0,0.5,0.3,27.0,27.0,27.0,27.0,1.0,0.0,10.0,0.0,0.5,0.3,18.08,18.08,18.08,18.08,1.0,0.0,10.0,0.0,0.5,0.3,81.2,81.2,81.2,81.2,1.0,0.0,10.0,0.0,0.3,2.6,2.6,2.6,2.6,1.0,0.0,10.0,0.0,0.5,0.3,0.45,0.45,0.45,0.45,1.0,0.0,10.0,0.0,0.5,0.3,-2.56,-2.56,-2.56,-2.56,1.0,0.0,10.0,0.0,0.5,0.3,1011.5,1011.5,1011.5,1011.5,1.0,0.0,10.0,0.0,0.5,0.3,8.0,8.0,8.0,8.0,1.0,0.0,10.0,0.0,0.5,0.3,1.2,1.2,1.2,1.2,1.0,0.0,10.0,0.0,0.5,0.3,-6.7,-6.7,-6.7,-6.7,1.0,0.0,10.0,0.0,0.5,0.3,0.6,0.6,0.6,0.6,1.0,0.0,10.0,0.0,0.5,0.3,1.6,1.6,1.6,1.6,1.0,0.0,10.0,0.0,0.5,0.3,5.06,5.06,5.06,5.06,1.0,0.0,10.0,0.0,0.5,0.3,13.2,13.2,13.2,13.2,1.0,0.0,10.0,0.0,0.5,0.3,12.2,12.2,12.2,12.2,1.0,0.0,10.0,0.0,0.5,0.3,-69.1,-69.1,-69.1,-69.1,1.0,0.0,10.0,0.0,0.5,0.3,8.2,8.2,8.2,8.2,1.0,0.0,10.0,0.0,0.5,0.3,-46.3,-46.3,-46.3,-46.3,1.0,0.0,10.0,0.0,0.5,0.3,2.3,2.3,2.3,2.3,1.0,0.0,10.0,0.0,0.5,0.3,-13.0,-13.0,-13.0,-13.0,1.0,0.0,10.0,0.0,0.5,0.3,17.5,17.5,17.5,17.5,1.0,0.0,10.0,0.0,0.5,0.3,20.0,20.0,20.0,20.0,1.0,0.0,10.0,0.0,0.5,0.3
1974,2,70.0,-2.0,27.9,28.1,29.06,28.47,3.0,0.91,14.0,0.7,0.4,0.6,27.5,27.5,27.7,27.6,3.0,0.17,14.0,0.7,0.4,0.6,17.26,17.63,18.79,18.01,3.0,1.17,14.0,0.7,0.4,0.6,74.2,76.9,81.9,78.0,3.0,5.7,14.0,0.7,0.6,6.6,7.45,8.3,7.45,2.0,1.77,20.0,0.5,0.4,0.7,1.76,2.31,2.85,2.31,2.0,1.12,20.0,0.5,0.4,0.7,-8.06,-6.97,-5.88,-6.97,2.0,2.26,20.0,0.5,0.4,0.7,1008.59,1011.8,1012.14,1010.4,3.0,2.87,14.0,0.7,0.4,0.6,2.0,2.0,3.4,2.7,3.0,1.2,14.0,0.7,0.4,0.6,14.1,16.2,18.3,16.2,2.0,4.3,20.0,0.5,0.4,0.7,-68.0,-53.9,-39.8,-53.9,2.0,29.2,20.0,0.5,0.4,0.7,0.19,0.6,1.56,0.87,3.0,1.03,14.0,0.7,0.4,0.6,0.8,2.6,4.4,2.6,2.0,3.7,20.0,0.5,0.4,0.7,5.12,6.44,7.67,6.4,3.0,1.87,14.0,0.7,0.4,0.6,39.3,39.6,39.8,39.6,2.0,0.5,20.0,0.5,0.4,0.7,48.6,63.9,79.1,63.9,2.0,31.6,20.0,0.5,0.4,0.7,-221.9,-192.4,-163.0,-192.4,2.0,61.1,20.0,0.5,0.4,0.7,33.0,41.1,49.2,41.1,2.0,16.8,20.0,0.5,0.4,0.7,-153.9,-128.6,-103.4,-128.6,2.0,52.2,20.0,0.5,0.4,0.7,8.9,13.4,17.9,13.4,2.0,9.3,20.0,0.5,0.4,0.7,-38.0,-36.6,-35.2,-36.6,2.0,2.8,20.0,0.5,0.4,0.7,305.0,448.5,592.0,448.5,2.0,297.0,20.0,0.5,0.4,0.7,305.0,450.0,590.0,450.0,2.0,295.0,20.0,0.5,0.4,0.7
1974,2,70.0,-1.0,,,,,,,,,,,,,,,,,,,,,,,,,,,,,,,,,,,,,,,,1.0,1.0,1.0,1.0,1.0,0.0,14.0,0.0,0.2,0.4,0.98,0.98,0.98,0.98,1.0,0.0,14.0,0.0,0.2,0.4,0.17,0.17,0.17,0.17,1.0,0.0,14.0,0.0,0.2,0.4,1012.3,1012.3,1012.3,1012.3,1.0,0.0,14.0,0.0,0.2,0.4,,,,,,,,,,,,,,,,,,,,,,,,,,,,,,,,,,,,,,,,,,,,,,,,,,,,,,,,,,,,,,,,,,,,,,,,,,,,,,,,,,,,,,,,,,,,,,,,,,,,,,,,,,,,,,,,,,,,,,,,,,,,,,,,,,,,,,,,,,,,,,,,,,,,,,
1974,2,70.0,0.0,27.6,27.8,27.86,27.74,10.0,0.16,26.0,0.0,0.4,0.1,26.6,27.0,27.2,26.96,10.0,0.33,26.0,0.0,0.4,0.1,16.67,16.83,17.23,16.91,10.0,0.29,26.0,0.0,0.4,0.1,75.5,76.4,76.9,76.0,10.0,1.2,26.0,0.0,0.1,2.77,3.0,4.19,3.27,10.0,0.97,26.0,0.0,0.4,0.1,1.43,2.56,3.46,2.44,10.0,1.26,26.0,0.0,0.4,0.1,-2.73,-1.93,-0.74,-1.79,10.0,1.01,26.0,0.0,0.4,0.1,1009.04,1010.05,1011.3,1010.13,10.0,1.1,26.0,0.0,0.4,0.1,0.0,2.0,2.0,1.4,10.0,1.1,26.0,0.0,0.4,0.1,3.4,7.7,14.8,8.8,10.0,6.8,26.0,0.0,0.4,0.1,-10.8,-5.8,-2.2,-6.4,10.0,4.9,26.0,0.0,0.4,0.1,0.64,0.8,1.0,0.78,10.0,0.37,26.0,0.0,0.4,0.1,1.7,2.3,4.1,2.7,10.0,1.9,26.0,0.0,0.4,0.1,6.27,6.49,6.8,6.46,10.0,0.39,26.0,0.0,0.4,0.1,16.3,19.6,27.7,21.2,10.0,6.8,26.0,0.0,0.4,0.1,38.4,69.3,92.0,65.7,10.0,33.6,26.0,0.0,0.4,0.1,-73.5,-52.5,-19.8,-48.3,10.0,26.8,26.0,0.0,0.4,0.1,24.3,43.8,57.7,41.1,10.0,21.1,26.0,0.0,0.4,0.1,-46.3,-33.2,-12.4,-30.4,10.0,17.0,26.0,0.0,0.4,0.1,9.1,16.7,23.4,16.1,10.0,8.4,26.0,0.0,0.4,0.1,-17.3,-12.4,-4.9,-11.5,10.0,6.4,26.0,0.0,0.4,0.1,21.5,27.0,84.0,44.0,10.0,43.0,26.0,0.0,0.4,0.1,20.0,25.0,85.0,45.0,10.0,45.0,26.0,0.0,0.4,0.1
1974,2,70.0,1.0,29.0,29.0,29.0,29.0,1.0,0.0,16.0,0.0,0.6,0.1,27.0,27.0,27.0,27.0,1.0,0.0,16.0,0.0,0.6,0.1,17.49,17.49,17.49,17.49,1.0,0.0,16.0,0.0,0.6,0.1,78.3,78.3,78.3,78.3,1.0,0.0,16.0,0.0,0.1,7.2,7.2,7.2,7.2,1.0,0.0,16.0,0.0,0.6,0.1,-2.46,-2.46,-2.46,-2.46,1.0,0.0,16.0,0.0,0.6,0.1,-6.77,-6.77,-6.77,-6.77,1.0,0.0,16.0,0.0,0.6,0.1,1008.1,1008.1,1008.1,1008.1,1.0,0.0,16.0,0.0,0.6,0.1,2.0,2.0,2.0,2.0,1.0,0.0,16.0,0.0,0.6,0.1,-17.7,-17.7,-17.7,-17.7,1.0,0.0,16.0,0.0,0.6,0.1,-48.7,-48.7,-48.7,-48.7,1.0,0.0,16.0,0.0,0.6,0.1,2.0,2.0,2.0,2.0,1.0,0.0,16.0,0.0,0.6,0.1,14.4,14.4,14.4,14.4,1.0,0.0,16.0,0.0,0.6,0.1,7.74,7.74,7.74,7.74,1.0,0.0,16.0,0.0,0.6,0.1,55.7,55.7,55.7,55.7,1.0,0.0,16.0,0.0,0.6,0.1,-66.5,-66.5,-66.5,-66.5,1.0,0.0,16.0,0.0,0.6,0.1,-182.7,-182.7,-182.7,-182.7,1.0,0.0,16.0,0.0,0.6,0.1,-43.1,-43.1,-43.1,-43.1,1.0,0.0,16.0,0.0,0.6,0.1,-118.3,-118.3,-118.3,-118.3,1.0,0.0,16.0,0.0,0.6,0.1,-19.1,-19.1,-19.1,-19.1,1.0,0.0,16.0,0.0,0.6,0.1,-52.4,-52.4,-52.4,-52.4,1.0,0.0,16.0,0.0,0.6,0.1,373.0,373.0,373.0,373.0,1.0,0.0,16.0,0.0,0.6,0.1,375.0,375.0,375.0,375.0,1.0,0.0,16.0,0.0,0.6,0.1
1974,2,70.0,5.0,,,,,,,,,,,,,,,,,,,,,,,,,,,,,,,,,,,,,,,,2.95,5.0,6.37,4.67,3.0,2.52,10.0,0.7,0.6,0.7,-5.03,-4.33,-0.09,-2.6,3.0,3.92,10.0,0.7,0.6,0.7,-3.86,-2.5,-1.26,-2.56,3.0,1.91,10.0,0.7,0.6,0.7,1011.76,1011.9,1012.86,1012.3,3.0,0.87,10.0,0.7,0.6,0.7,,,,,,,,,,,,,,,,,,,,,,,,,,,,,,,,,,,,,,,,,,,,,,,,,,,,,,,,,,,,,,,,,,,,,,,,,,,,,,,,,,,,,,,,,,,,,,,,,,,,,,,,,,,,,,,,,,,,,,,,,,,,,,,,,,,,,,,,,,,,,,,,,,,,,,
1974,2,70.0,6.0,27.5,27.5,27.5,27.5,1.0,0.0,14.0,0.0,0.5,0.4,26.4,26.4,26.4,26.4,1.0,0.0,14.0,0.0,0.5,0.4,17.85,17.85,17.85,17.85,1.0,0.0,14.0,0.0,0.5,0.4,83.1,83.1,83.1,83.1,1.0,0.0,14.0,0.0,0.4,4.6,4.6,4.6,4.6,1.0,0.0,14.0,0.0,0.5,0.4,1.57,1.57,1.57,1.57,1.0,0.0,14.0,0.0,0.5,0.4,-4.32,-4.32,-4.32,-4.32,1.0,0.0,14.0,0.0,0.5,0.4,1012.2,1012.2,1012.2,1012.2,1.0,0.0,14.0,0.0,0.5,0.4,2.0,2.0,2.0,2.0,1.0,0.0,14.0,0.0,0.5,0.4,7.2,7.2,7.2,7.2,1.0,0.0,14.0,0.0,0.5,0.4,-19.9,-19.9,-19.9,-19.9,1.0,0.0,14.0,0.0,0.5,0.4,1.1,1.1,1.1,1.1,1.0,0.0,14.0,0.0,0.5,0.4,5.1,5.1,5.1,5.1,1.0,0.0,14.0,0.0,0.5,0.4,5.14,5.14,5.14,5.14,1.0,0.0,14.0,0.0,0.5,0.4,23.6,23.6,23.6,23.6,1.0,0.0,14.0,0.0,0.5,0.4,41.5,41.5,41.5,41.5,1.0,0.0,14.0,0.0,0.5,0.4,-114.1,-114.1,-114.1,-114.1,1.0,0.0,14.0,0.0,0.5,0.4,28.1,28.1,28.1,28.1,1.0,0.0,14.0,0.0,0.5,0.4,-77.2,-77.2,-77.2,-77.2,1.0,0.0,14.0,0.0,0.5,0.4,8.1,8.1,8.1,8.1,1.0,0.0,14.0,0.0,0.5,0.4,-22.2,-22.2,-22.2,-22.2,1.0,0.0,14.0,0.0,0.5,0.4,97.5,97.5,97.5,97.5,1.0,0.0,14.0,0.0,0.5,0.4,95.0,95.0,95.0,95.0,1.0,0.0,14.0,0.0,0.5,0.4
1974,2,70.0,7.0,27.5,27.5,27.5,27.5,1.0,0.0,14.0,0.0,0.5,0.3,26.4,26.4,26.4,26.4,1.0,0.0,14.0,0.0,0.5,0.3,17.52,17.52,17.52,17.52,1.0,0.0,14.0,0.0,0.5,0.3,81.6,81.6,81.6,81.6,1.0,0.0,14.0,0.0,0.3,,,,,,,,,,,,,,,,,,,,,,,,,,,,,,,,,,,,,,,,,,,,,,,,,,,,,,,,,,,,,,,,,,,,,,,,,,,,,,,,,,,,,,,,,,,,,,,,,,,,,,,,,,,,,,,,,,,,,,,,,,,,,,,,,,,,,,,,,,,,,,,,,,,,,,,,,,,,,,,,,,,,,,,,,,,,,,,,,,,,,,,,,,,,,,
1974,2,70.0,8.0,25.68,25.85,26.02,25.85,2.0,0.35,18.0,0.5,0.3,0.4,26.41,27.3,28.19,27.3,2.0,1.84,18.0,0.5,0.3,0.4,21.24,21.24,21.24,21.24,1.0,0.0,26.0,1.0,0.2,0.2,86.4,86.4,86.4,86.4,1.0,0.0,26.0,1.0,0.2,4.18,4.35,4.52,4.35,2.0,0.35,18.0,0.5,0.3,0.4,-1.18,-0.7,-0.22,-0.7,2.0,0.99,18.0,0.5,0.3,0.4,-4.48,-4.23,-3.97,-4.23,2.0,0.53,18.0,0.5,0.3,0.4,1008.87,1010.95,1013.03,1010.95,2.0,4.31,18.0,0.5,0.3,0.4,1.3,2.0,2.7,2.0,2.0,1.4,18.0,0.5,0.3,0.4,-4.8,-2.9,-0.9,-2.9,2.0,4.1,18.0,0.5,0.3,0.4,-20.3,-18.5,-16.6,-18.5,2.0,3.8,18.0,0.5,0.3,0.4,-2.17,-1.45,-0.73,-1.45,2.0,1.48,18.0,0.5,0.3,0.4,-9.9,-6.6,-3.2,-6.6,2.0,7.0,18.0,0.5,0.3,0.4,0.0,0.0,0.0,0.0,1.0,0.0,26.0,1.0,0.2,0.2,0.0,0.0,0.0,0.0,1.0,0.0,26.0,1.0,0.2,0.2,-30.7,-18.2,-5.8,-18.2,2.0,25.8,18.0,0.5,0.3,0.4,-126.6,-115.9,-105.2,-115.9,2.0,22.2,18.0,0.5,0.3,0.4,0.0,0.0,0.0,0.0,1.0,0.0,26.0,1.0,0.2,0.2,-97.7,-97.7,-97.7,-97.7,1.0,0.0,26.0,1.0,0.2,0.2,0.0,0.0,0.0,0.0,1.0,0.0,26.0,1.0,0.2,0.2,0.0,0.0,0.0,0.0,1.0,0.0,26.0,1.0,0.2,0.2,73.5,83.0,93.0,83.0,2.0,20.0,18.0,0.5,0.3,0.4,75.0,85.0,95.0,85.0,2.0,20.0,18.0,0.5,0.3,0.4
1974,2,70.0,10.0,26.81,27.65,29.0,27.73,6.0,1.14,12.0,1.0,0.6,0.7,26.83,27.4,29.84,27.97,6.0,1.58,12.0,1.0,0.6,0.7,15.6,16.45,16.71,16.13,5.0,0.88,16.0,1.0,0.5,0.8,66.8,69.4,74.6,70.2,5.0,4.8,16.0,1.0,0.8,2.5,3.05,5.53,3.85,6.0,1.93,12.0,1.0,0.6,0.7,-2.99,-0.74,0.0,-1.49,6.0,1.96,12.0,1.0,0.6,0.7,-3.86,-2.69,-1.48,-2.74,6.0,2.45,12.0,1.0,0.6,0.7,1009.77,1013.05,1014.95,1012.93,6.0,3.65,12.0,1.0,0.6,0.7,0.8,1.0,1.2,1.0,6.0,0.6,12.0,1.0,0.6,0.7,-19.4,-2.1,0.0,-7.9,6.0,11.0,12.0,1.0,0.6,0.7,-17.7,-7.6,-2.6,-12.2,6.0,18.6,12.0,1.0,0.6,0.7,-0.92,-0.6,0.35,-0.23,6.0,1.02,12.0,1.0,0.6,0.7,-3.4,-2.6,0.7,-1.6,6.0,2.9,12.0,1.0,0.6,0.7,5.29,6.68,8.55,6.83,5.0,1.88,16.0,1.0,0.5,0.8,17.6,22.2,33.8,26.0,5.0,12.9,16.0,1.0,0.5,0.8,-82.3,-21.4,0.0,-41.1,6.0,52.9,12.0,1.0,0.6,0.7,-112.6,-76.6,-38.7,-77.6,6.0,68.4,12.0,1.0,0.6,0.7,-56.0,-7.4,0.0,-26.3,5.0,36.3,16.0,1.0,0.5,0.8,-72.8,-42.1,-14.1,-43.8,5.0,44.7,16.0,1.0,0.5,0.8,-18.4,-2.6,0.0,-8.2,5.0,10.2,16.0,1.0,0.5,0.8,-32.8,-18.9,-8.1,-20.2,5.0,17.8,16.0,1.0,0.5,0.8,16.0,28.5,182.5,98.5,6.0,142.0,12.0,1.0,0.6,0.7,15.0,30.0,180.0,100.0,6.0,140.0,12.0,1.0,0.6,0.7
1974,2,70.0,11.0,26.97,27.8,28.74,27.92,10.0,1.09,16.0,0.5,0.2,0.4,25.75,26.95,28.63,27.17,12.0,1.52,16.0,0.4,0.2,0.4,15.26,16.33,18.34,16.83,10.0,1.82,16.0,0.4,0.2,0.4,72.2,75.0,76.5,75.8,10.0,7.5,16.0,0.4,0.4,0.9,4.55,7.49,4.36,10.0,3.15,14.0,0.5,0.2,0.4,-2.15,-1.02,0.21,-0.84,10.0,1.33,14.0,0.5,0.2,0.4,-7.23,-4.18,-0.89,-4.14,10.0,3.08,14.0,0.5,0.2,0.4,1009.75,1011.5,1013.96,1011.96,12.0,2.83,16.0,0.4,0.2,0.4,0.6,2.0,3.0,1.6,11.0,1.1,14.0,0.4,0.2,0.4,-11.8,-3.8,0.4,-4.2,10.0,9.1,14.0,0.5,0.2,0.4,-54.2,-19.1,-1.9,-26.8,10.0,28.5,14.0,0.5,0.2,0.4,-1.2,1.2,2.03,0.72,10.0,1.53,16.0,0.5,0.2,0.4,-5.4,1.1,6.4,0.3,8.0,6.3,16.0,0.6,0.2,0.5,4.58,6.97,7.39,6.35,9.0,1.49,16.0,0.4,0.2,0.4,0.0,21.8,42.9,23.8,7.0,20.0,16.0,0.6,0.2,0.4,-56.9,-27.3,5.7,-22.3,10.0,36.8,14.0,0.5,0.2,0.4,-190.1,-117.5,-24.1,-113.4,10.0,85.2,14.0,0.5,0.2,0.4,-37.0,-10.8,5.3,-11.9,8.0,25.4,16.0,0.5,0.2,0.4,-120.7,-75.9,-3.8,-73.4,8.0,60.7,16.0,0.5,0.2,0.4,-12.6,0.0,3.0,-4.3,7.0,9.1,16.0,0.6,0.2,0.4,-42.1,-18.8,0.0,-22.5,7.0,19.1,16.0,0.6,0.2,0.4,4.0,98.5,421.0,200.0,10.0,265.5,14.0,0.5,0.2,0.4,5.0,100.0,420.0,200.0,10.0,265.0,14.0,0.5,0.2,0.4
1974,2,70.0,13.0,26.55,26.8,27.73,27.08,9.0,0.9,14.0,0.4,0.7,0.7,25.23,26.35,28.44,26.74,8.0,1.97,16.0,0.4,0.7,0.7,15.63,16.45,17.82,16.38,7.0,1.47,14.0,0.3,0.7,0.8,75.2,75.6,78.7,76.9,7.0,2.6,14.0,0.3,0.8,3.3,5.1,6.15,5.28,9.0,2.4,14.0,0.4,0.7,0.7,-2.02,0.0,0.75,-0.29,9.0,1.94,14.0,0.4,0.7,0.7,-5.95,-4.6,-2.94,-4.81,9.0,2.69,14.0,0.4,0.7,0.7,1010.35,1014.2,1017.57,1014.08,9.0,3.54,14.0,0.4,0.7,0.7,0.0,0.0,1.0,0.6,9.0,1.0,14.0,0.4,0.7,0.7,-8.1,0.0,2.2,-1.2,9.0,9.4,14.0,0.4,0.7,0.7,-36.1,-21.2,-10.4,-31.0,9.0,34.0,14.0,0.4,0.7,0.7,-1.27,0.65,1.3,0.35,8.0,1.61,16.0,0.4,0.7,0.7,-6.6,2.1,6.6,3.2,8.0,13.4,16.0,0.4,0.7,0.7,4.04,5.57,7.26,5.65,7.0,1.8,14.0,0.3,0.7,0.8,18.3,22.3,39.4,33.4,7.0,27.4,14.0,0.3,0.7,0.8,-57.5,-17.9,0.0,-12.4,8.0,54.0,16.0,0.4,0.7,0.7,-178.5,-125.1,-88.7,-134.4,8.0,68.3,16.0,0.4,0.7,0.7,-37.1,-23.0,3.1,-9.3,7.0,36.2,14.0,0.3,0.7,0.8,-107.8,-72.3,-52.4,-78.5,7.0,40.2,14.0,0.3,0.7,0.8,-7.9,-6.3,1.3,-0.8,7.0,13.5,14.0,0.3,0.7,0.8,-30.7,-21.0,-16.9,-29.9,7.0,28.7,14.0,0.3,0.7,0.8,38.5,132.5,232.5,243.5,9.0,388.5,14.0,0.4,0.7,0.7,40.0,135.0,230.0,245.0,9.0,390.0,14.0,0.4,0.7,0.7
1974,2,70.0,14.0,26.43,27.25,28.16,27.24,8.0,0.86,12.0,0.5,0.2,0.2,25.41,25.8,26.46,26.41,8.0,1.91,12.0,0.4,0.3,0.2,15.19,16.58,17.48,16.51,8.0,1.22,12.0,0.4,0.3,0.2,71.4,78.9,82.9,76.9,8.0,7.0,12.0,0.4,0.2,4.16,5.65,9.01,6.3,8.0,2.37,14.0,0.5,0.3,0.2,-2.57,0.4,1.56,-0.31,8.0,2.13,14.0,0.5,0.3,0.2,-8.87,-5.46,-3.66,-5.95,8.0,2.42,14.0,0.5,0.3,0.2,1009.13,1010.0,1013.64,1011.34,9.0,2.38,12.0,0.4,0.3,0.2,0.0,1.0,2.7,1.4,9.0,2.0,12.0,0.4,0.3,0.2,-10.5,1.8,12.6,-2.0,8.0,16.7,14.0,0.5,0.3,0.2,-80.6,-31.1,-15.3,-42.4,8.0,32.8,14.0,0.5,0.3,0.2,-0.22,1.5,2.13,0.87,7.0,1.83,12.0,0.4,0.2,0.2,-6.1,4.7,14.7,2.1,6.0,16.1,12.0,0.5,0.3,0.1,4.85,5.92,8.46,6.53,7.0,1.8,12.0,0.4,0.2,0.2,21.7,34.2,59.0,38.2,6.0,19.1,12.0,0.5,0.3,0.1,-70.7,21.2,41.8,-12.0,7.0,63.6,14.0,0.4,0.3,0.1,-236.7,-148.0,-89.1,-163.0,7.0,79.4,14.0,0.4,0.3,0.1,-47.0,13.4,28.2,-7.4,7.0,39.2,14.0,0.4,0.3,0.1,-159.9,-85.0,-57.6,-102.4,7.0,48.1,14.0,0.4,0.3,0.1,-14.0,-3.8,10.4,-2.2,6.0,15.3,12.0,0.5,0.3,0.1,-55.4,-33.3,-18.9,-35.6,6.0,18.9,12.0,0.5,0.3,0.1,72.0,185.5,748.5,350.5,8.0,386.0,14.0,0.5,0.3,0.2,70.0,185.0,750.0,350.0,8.0,385.0,14.0,0.5,0.3,0.2
1974,2,70.0,15.0,26.82,27.1,28.24,27.48,5.0,0.97,8.0,0.8,0.4,0.5,25.94,27.8,28.07,27.14,5.0,1.21,8.0,0.8,0.4,0.5,14.87,16.0,16.77,15.83,4.0,1.22,10.0,1.0,0.4,0.5,65.0,70.8,73.0,69.1,4.0,5.5,10.0,1.0,0.5,4.1,6.2,9.87,6.84,5.0,2.92,8.0,0.8,0.4,0.5,-3.17,0.0,0.62,-1.08,5.0,2.57,8.0,0.8,0.4,0.5,-9.02,-5.83,-4.1,-6.47,5.0,2.58,8.0,0.8,0.4,0.5,1012.94,1014.0,1014.44,1013.66,5.0,1.52,8.0,0.8,0.4,0.5,0.0,0.0,3.0,1.2,5.0,1.6,8.0,0.8,0.4,0.5,-26.6,0.0,6.1,-9.3,5.0,25.1,8.0,0.8,0.4,0.5,-89.5,-36.1,-16.8,-50.2,5.0,37.8,8.0,0.8,0.4,0.5,-1.24,-0.2,1.85,0.34,5.0,1.98,8.0,0.8,0.4,0.5,-6.1,-0.8,18.4,6.0,5.0,17.4,8.0,0.8,0.4,0.5,6.05,6.57,7.11,6.58,4.0,0.67,10.0,1.0,0.4,0.5,27.9,33.2,52.3,39.8,4.0,18.7,10.0,1.0,0.4,0.5,-84.5,0.0,16.3,-28.5,5.0,66.6,8.0,0.8,0.4,0.5,-232.5,-164.3,-114.5,-173.4,5.0,62.5,8.0,0.8,0.4,0.5,-18.3,0.0,13.9,-2.1,4.0,25.2,10.0,1.0,0.4,0.5,-124.2,-82.9,-63.9,-93.6,4.0,40.7,10.0,1.0,0.4,0.5,-6.5,0.0,6.1,-0.2,4.0,9.8,10.0,1.0,0.4,0.5,-50.8,-32.1,-27.9,-39.0,4.0,18.3,10.0,1.0,0.4,0.5,69.0,238.5,962.5,463.5,5.0,468.5,8.0,0.8,0.4,0.5,70.0,240.0,965.0,465.0,5.0,470.0,8.0,0.8,0.4,0.5
1974,2,70.0,16.0,25.72,27.55,28.08,27.12,6.0,1.23,18.0,0.5,0.2,0.2,25.38,26.6,28.62,27.01,7.0,2.13,18.0,0.6,0.3,0.3,14.71,16.48,16.64,15.69,6.0,1.63,18.0,0.5,0.2,0.2,67.2,72.7,81.8,73.5,6.0,8.1,18.0,0.5,0.2,2.05,4.1,7.72,4.84,7.0,2.87,18.0,0.6,0.3,0.3,-1.18,0.0,1.44,0.18,7.0,2.74,18.0,0.6,0.3,0.3,-6.69,-4.1,-1.78,-4.36,7.0,2.42,18.0,0.6,0.3,0.3,1010.8,1013.0,1013.87,1012.7,7.0,1.72,18.0,0.6,0.3,0.3,0.0,0.0,0.0,0.1,7.0,0.4,18.0,0.6,0.3,0.3,-3.5,0.0,10.6,2.9,7.0,21.5,18.0,0.6,0.3,0.3,-51.4,-16.8,-3.7,-26.9,7.0,23.4,18.0,0.6,0.3,0.3,-0.67,0.35,2.82,0.77,6.0,1.74,18.0,0.5,0.2,0.2,-2.6,1.4,8.9,4.1,6.0,10.2,18.0,0.5,0.2,0.2,6.0,6.95,7.66,6.81,6.0,0.87,18.0,0.5,0.2,0.2,14.2,23.9,48.1,29.7,6.0,20.6,18.0,0.5,0.2,0.2,-31.1,0.0,38.1,1.9,7.0,75.5,18.0,0.6,0.3,0.3,-189.5,-116.8,-45.1,-119.9,7.0,69.7,18.0,0.6,0.3,0.3,-7.2,0.0,34.5,14.9,6.0,37.3,18.0,0.5,0.2,0.2,-107.0,-61.9,-21.3,-64.0,6.0,41.6,18.0,0.5,0.2,0.2,-3.6,0.0,14.4,6.3,6.0,17.5,18.0,0.5,0.2,0.2,-44.5,-23.9,-12.4,-26.7,6.0,16.5,18.0,0.5,0.2,0.2,9.0,69.0,461.0,215.5,7.0,236.0,18.0,0.6,0.3,0.3,10.0,70.0,460.0,215.0,7.0,235.0,18.0,0.6,0.3,0.3
1974,2,70.0,17.0,25.39,25.8,26.63,26.0,4.0,0.86,16.0,0.3,0.7,0.5,24.11,25.2,25.4,24.78,4.0,1.0,16.0,0.3,0.7,0.5,12.61,13.1,14.31,13.45,3.0,1.29,20.0,0.3,0.8,0.7,67.3,69.4,72.1,69.7,3.0,3.5,20.0,0.3,0.7,5.03,8.5,10.19,7.65,4.0,3.63,16.0,0.3,0.7,0.5,-2.77,-0.17,3.77,0.47,4.0,4.23,16.0,0.3,0.7,0.5,-9.03,-7.35,-4.44,-6.76,4.0,3.48,16.0,0.3,0.7,0.5,1009.57,1010.3,1012.55,1011.03,4.0,2.4,16.0,0.3,0.7,0.5,0.0,0.0,2.6,1.3,4.0,2.5,16.0,0.3,0.7,0.5,-23.7,3.0,34.0,5.0,4.0,40.1,16.0,0.3,0.7,0.5,-91.1,-62.3,-30.5,-60.9,4.0,44.5,16.0,0.3,0.7,0.5,0.2,0.4,2.33,1.23,4.0,1.79,16.0,0.3,0.7,0.5,1.0,4.1,22.1,11.2,4.0,16.9,16.0,0.3,0.7,0.5,6.11,6.97,9.21,7.64,3.0,2.35,20.0,0.3,0.8,0.7,26.3,44.0,79.0,52.5,3.0,39.3,20.0,0.3,0.8,0.7,-70.0,-3.9,89.1,9.0,4.0,101.8,16.0,0.3,0.7,0.5,-229.3,-179.3,-105.1,-167.7,4.0,88.5,16.0,0.3,0.7,0.5,-8.6,19.9,56.8,24.0,3.0,48.1,20.0,0.3,0.8,0.7,-105.0,-88.2,-45.8,-75.7,3.0,44.7,20.0,0.3,0.8,0.7,-5.5,7.6,44.3,19.1,3.0,37.8,20.0,0.3,0.8,0.7,-63.6,-43.3,-23.2,-43.4,3.0,29.6,20.0,0.3,0.8,0.7,226.5,630.5,1080.5,652.5,4.0,555.5,16.0,0.3,0.7,0.5,225.0,630.0,1080.0,650.0,4.0,555.0,16.0,0.3,0.7,0.5
1974,2,70.0,18.0,26.41,26.65,26.89,26.65,2.0,0.49,26.0,0.5,0.5,0.9,26.31,26.75,27.19,26.75,2.0,0.92,26.0,0.5,0.5,0.9,11.43,11.67,11.92,11.67,2.0,0.51,26.0,0.5,0.5,0.9,53.2,53.4,53.6,53.4,2.0,0.5,26.0,0.5,0.9,9.83,9.9,9.97,9.9,2.0,0.14,26.0,0.5,0.5,0.9,-3.41,-3.39,-3.36,-3.39,2.0,0.05,26.0,0.5,0.5,0.9,-9.37,-9.3,-9.24,-9.3,2.0,0.13,26.0,0.5,0.5,0.9,1011.0,1011.85,1012.7,1011.85,2.0,1.77,26.0,0.5,0.5,0.9,0.0,0.0,0.0,0.0,2.0,0.0,26.0,0.5,0.5,0.9,-34.0,-33.5,-33.1,-33.5,2.0,1.0,26.0,0.5,0.5,0.9,-93.4,-92.1,-90.8,-92.1,2.0,2.6,26.0,0.5,0.5,0.9,-0.78,-0.1,0.58,-0.1,2.0,1.41,26.0,0.5,0.5,0.9,-7.9,-1.1,5.7,-1.1,2.0,14.0,26.0,0.5,0.5,0.9,9.62,10.2,10.77,10.2,2.0,1.19,26.0,0.5,0.5,0.9,95.8,100.9,105.9,100.9,2.0,10.4,26.0,0.5,0.5,0.9,-92.7,-90.6,-88.5,-90.6,2.0,4.4,26.0,0.5,0.5,0.9,-254.8,-248.9,-243.1,-248.9,2.0,12.1,26.0,0.5,0.5,0.9,-40.6,-39.5,-38.4,-39.5,2.0,2.3,26.0,0.5,0.5,0.9,-111.6,-108.6,-105.6,-108.6,2.0,6.3,26.0,0.5,0.5,0.9,-36.2,-34.5,-32.8,-34.5,2.0,3.5,26.0,0.5,0.5,0.9,-99.5,-94.8,-90.1,-94.8,2.0,9.8,26.0,0.5,0.5,0.9,950.5,970.5,990.5,970.5,2.0,41.5,26.0,0.5,0.5,0.9,950.0,970.0,990.0,970.0,2.0,40.0,26.0,0.5,0.5,0.9
1974,2,70.0,19.0,26.67,28.1,28.17,27.43,3.0,1.24,2.0,0.3,0.3,0.6,24.45,25.0,25.07,24.77,3.0,0.49,2.0,0.3,0.3,0.6,17.47,17.47,17.47,17.47,1.0,0.0,2.0,0.0,0.1,0.6,88.7,88.7,88.7,88.7,1.0,0.0,2.0,0.0,0.6,3.56,4.55,5.54,4.55,2.0,2.05,2.0,0.0,0.5,0.5,2.41,3.29,4.18,3.29,2.0,1.84,2.0,0.0,0.5,0.5,-3.62,-3.12,-2.61,-3.12,2.0,1.05,2.0,0.0,0.5,0.5,1015.12,1015.6,1017.51,1016.3,3.0,1.85,2.0,0.3,0.3,0.6,0.0,0.0,0.0,0.0,3.0,0.0,2.0,0.3,0.3,0.6,9.6,16.9,24.2,16.9,2.0,15.1,2.0,0.0,0.5,0.5,-20.6,-15.3,-9.9,-15.3,2.0,11.2,2.0,0.0,0.5,0.5,1.67,3.1,3.65,2.67,3.0,1.5,2.0,0.3,0.3,0.6,6.3,13.3,20.2,13.3,2.0,14.4,2.0,0.0,0.5,0.5,3.48,3.48,3.48,3.48,1.0,0.0,2.0,0.0,0.1,0.6,10.8,10.8,10.8,10.8,1.0,0.0,2.0,0.0,0.1,0.6,59.6,80.5,101.5,80.5,2.0,43.4,2.0,0.0,0.5,0.5,-87.9,-76.4,-64.8,-76.4,2.0,24.0,2.0,0.0,0.5,0.5,34.8,34.8,34.8,34.8,1.0,0.0,2.0,0.0,0.1,0.6,-41.5,-41.5,-41.5,-41.5,1.0,0.0,2.0,0.0,0.1,0.6,6.9,6.9,6.9,6.9,1.0,0.0,2.0,0.0,0.1,0.6,-8.3,-8.3,-8.3,-8.3,1.0,0.0,2.0,0.0,0.1,0.6,59.5,123.0,186.5,123.0,2.0,131.5,2.0,0.0,0.5,0.5,60.0,125.0,185.0,125.0,2.0,130.0,2.0,0.0,0.5,0.5
1974,2,70.0,20.0,25.69,26.45,26.7,26.23,8.0,0.81,22.0,0.5,0.5,0.4,23.22,23.9,24.0,23.76,9.0,1.73,20.0,0.6,0.5,0.4,8.25,8.69,15.15,11.16,9.0,3.38,20.0,0.6,0.5,0.4,44.8,57.8,82.6,60.9,9.0,17.9,20.0,0.6,0.4,3.87,7.2,7.7,6.46,9.0,2.29,20.0,0.6,0.5,0.4,-5.76,0.0,5.78,-0.18,9.0,5.35,20.0,0.6,0.5,0.4,-7.07,-2.46,-0.62,-3.42,9.0,3.22,20.0,0.6,0.5,0.4,1010.43,1011.7,1013.5,1012.08,9.0,1.9,20.0,0.6,0.5,0.4,0.0,0.0,1.5,1.1,9.0,2.7,20.0,0.6,0.5,0.4,-36.3,0.0,38.2,1.2,9.0,41.9,20.0,0.6,0.5,0.4,-58.3,-17.7,-3.4,-26.6,9.0,27.3,20.0,0.6,0.5,0.4,0.63,2.7,3.36,2.5,8.0,2.1,22.0,0.5,0.5,0.4,5.4,15.5,25.7,16.7,8.0,14.4,22.0,0.5,0.5,0.4,6.38,9.96,13.31,9.87,8.0,3.41,22.0,0.5,0.5,0.4,29.5,48.9,106.3,63.7,8.0,35.3,22.0,0.5,0.5,0.4,-120.7,0.0,141.2,-0.6,9.0,125.8,20.0,0.6,0.5,0.4,-169.1,-59.1,-12.5,-80.0,9.0,76.3,20.0,0.6,0.5,0.4,-57.3,0.0,57.7,1.8,9.0,58.8,20.0,0.6,0.5,0.4,-56.2,-30.8,-5.3,-34.9,9.0,39.8,20.0,0.6,0.5,0.4,-35.7,4.0,44.1,2.9,8.0,52.9,22.0,0.5,0.5,0.4,-70.6,-38.0,-1.9,-38.5,8.0,37.1,22.0,0.5,0.5,0.4,60.5,373.0,456.5,358.5,9.0,323.0,20.0,0.6,0.5,0.4,60.0,375.0,455.0,360.0,9.0,325.0,20.0,0.6,0.5,0.4
1974,2,70.0,21.0,24.5,24.5,24.5,24.5,1.0,0.0,2.0,1.0,0.0,0.2,25.0,25.0,25.0,25.0,1.0,0.0,2.0,1.0,0.0,0.2,14.54,14.54,14.54,14.54,1.0,0.0,2.0,1.0,0.0,0.2,73.8,73.8,73.8,73.8,1.0,0.0,2.0,1.0,0.2,4.1,4.1,4.1,4.1,1.0,0.0,2.0,1.0,0.0,0.2,-3.14,-3.14,-3.14,-3.14,1.0,0.0,2.0,1.0,0.0,0.2,2.64,2.64,2.64,2.64,1.0,0.0,2.0,1.0,0.0,0.2,1013.1,1013.1,1013.1,1013.1,1.0,0.0,2.0,1.0,0.0,0.2,0.0,0.0,0.0,0.0,1.0,0.0,2.0,1.0,0.0,0.2,-12.9,-12.9,-12.9,-12.9,1.0,0.0,2.0,1.0,0.0,0.2,10.8,10.8,10.8,10.8,1.0,0.0,2.0,1.0,0.0,0.2,-0.5,-0.5,-0.5,-0.5,1.0,0.0,2.0,1.0,0.0,0.2,-2.0,-2.0,-2.0,-2.0,1.0,0.0,2.0,1.0,0.0,0.2,4.64,4.64,4.64,4.64,1.0,0.0,2.0,1.0,0.0,0.2,19.0,19.0,19.0,19.0,1.0,0.0,2.0,1.0,0.0,0.2,-78.5,-78.5,-78.5,-78.5,1.0,0.0,2.0,1.0,0.0,0.2,65.9,65.9,65.9,65.9,1.0,0.0,2.0,1.0,0.0,0.2,-45.7,-45.7,-45.7,-45.7,1.0,0.0,2.0,1.0,0.0,0.2,38.3,38.3,38.3,38.3,1.0,0.0,2.0,1.0,0.0,0.2,-14.6,-14.6,-14.6,-14.6,1.0,0.0,2.0,1.0,0.0,0.2,12.2,12.2,12.2,12.2,1.0,0.0,2.0,1.0,0.0,0.2,69.0,69.0,69.0,69.0,1.0,0.0,2.0,1.0,0.0,0.2,70.0,70.0,70.0,70.0,1.0,0.0,2.0,1.0,0.0,0.2
1974,2,71.0,-68.0,,,,,,,,,,,,,,,,,,,,,,,,,,,,,,,,,,,,,,,,3.32,5.95,8.58,5.95,2.0,5.44,26.0,0.5,0.6,0.4,-3.11,-2.59,-2.06,-2.59,2.0,1.08,26.0,0.5,0.6,0.4,0.58,4.08,7.58,4.08,2.0,7.25,26.0,0.5,0.6,0.4,994.01,994.25,994.49,994.25,2.0,0.49,26.0,0.5,0.6,0.4,,,,,,,,,,,,,,,,,,,,,,,,,,,,,,,,,,,,,,,,,,,,,,,,,,,,,,,,,,,,,,,,,,,,,,,,,,,,,,,,,,,,,,,,,,,,,,,,,,,,,,,,,,,,,,,,,,,,,,,,,,,,,,,,,,,,,,,,,,,,,,,,,,,,,,
1974,2,71.0,-66.0,0.5,0.5,0.5,0.5,1.0,0.0,26.0,1.0,0.5,1.0,0.8,0.8,0.8,0.8,1.0,0.0,26.0,1.0,0.5,1.0,3.53,3.53,3.53,3.53,1.0,0.0,26.0,1.0,0.5,1.0,86.5,86.5,86.5,86.5,1.0,0.0,26.0,1.0,1.0,5.1,5.1,5.1,5.1,1.0,0.0,26.0,1.0,0.5,1.0,1.74,1.74,1.74,1.74,1.0,0.0,26.0,1.0,0.5,1.0,-4.79,-4.79,-4.79,-4.79,1.0,0.0,26.0,1.0,0.5,1.0,994.2,994.2,994.2,994.2,1.0,0.0,26.0,1.0,0.5,1.0,8.0,8.0,8.0,8.0,1.0,0.0,26.0,1.0,0.5,1.0,8.9,8.9,8.9,8.9,1.0,0.0,26.0,1.0,0.5,1.0,-24.4,-24.4,-24.4,-24.4,1.0,0.0,26.0,1.0,0.5,1.0,-0.3,-0.3,-0.3,-0.3,1.0,0.0,26.0,1.0,0.5,1.0,-1.5,-1.5,-1.5,-1.5,1.0,0.0,26.0,1.0,0.5,1.0,0.47,0.47,0.47,0.47,1.0,0.0,26.0,1.0,0.5,1.0,2.4,2.4,2.4,2.4,1.0,0.0,26.0,1.0,0.5,1.0,1.4,1.4,1.4,1.4,1.0,0.0,26.0,1.0,0.5,1.0,-3.8,-3.8,-3.8,-3.8,1.0,0.0,26.0,1.0,0.5,1.0,6.2,6.2,6.2,6.2,1.0,0.0,26.0,1.0,0.5,1.0,-16.9,-16.9,-16.9,-16.9,1.0,0.0,26.0,1.0,0.5,1.0,0.8,0.8,0.8,0.8,1.0,0.0,26.0,1.0,0.5,1.0,-2.2,-2.2,-2.2,-2.2,1.0,0.0,26.0,1.0,0.5,1.0,132.5,132.5,132.5,132.5,1.0,0.0,26.0,1.0,0.5,1.0,135.0,135.0,135.0,135.0,1.0,0.0,26.0,1.0,0.5,1.0
1974,2,71.0,-53.0,2.82,2.85,2.88,2.85,2.0,0.07,4.0,1.0,0.5,0.7,3.53,4.25,4.97,4.25,2.0,1.48,4.0,1.0,0.5,0.7,4.85,5.03,5.21,5.03,2.0,0.37,4.0,1.0,0.5,0.7,95.9,97.3,98.7,97.3,2.0,2.9,4.0,1.0,0.7,7.27,10.0,12.73,10.0,2.0,5.66,4.0,1.0,0.5,0.7,-1.41,2.0,5.41,2.0,2.0,7.07,4.0,1.0,0.5,0.7,-9.38,-3.46,2.45,-3.46,2.0,12.25,4.0,1.0,0.5,0.7,1003.86,1004.2,1004.54,1004.2,2.0,0.71,4.0,1.0,0.5,0.7,5.2,5.5,5.8,5.5,2.0,0.7,4.0,1.0,0.5,0.7,0.4,40.0,79.6,40.0,2.0,82.0,4.0,1.0,0.5,0.7,-137.9,-69.3,-0.7,-69.3,2.0,142.1,4.0,1.0,0.5,0.7,-2.15,-1.4,-0.65,-1.4,2.0,1.56,4.0,1.0,0.5,0.7,-29.7,-18.4,-7.1,-18.4,2.0,23.5,4.0,1.0,0.5,0.7,-0.54,-0.35,-0.16,-0.35,2.0,0.4,4.0,1.0,0.5,0.7,-7.5,-4.6,-1.7,-4.6,2.0,6.0,4.0,1.0,0.5,0.7,-2.2,13.8,29.7,13.8,2.0,33.0,4.0,1.0,0.5,0.7,-51.4,-23.8,3.8,-23.8,2.0,57.2,4.0,1.0,0.5,0.7,-6.1,11.4,28.9,11.4,2.0,36.3,4.0,1.0,0.5,0.7,-50.0,-19.7,10.6,-19.7,2.0,62.9,4.0,1.0,0.5,0.7,-3.7,-2.1,-0.5,-2.1,2.0,3.3,4.0,1.0,0.5,0.7,0.9,3.7,6.4,3.7,2.0,5.7,4.0,1.0,0.5,0.7,617.0,1480.0,2343.0,1480.0,2.0,1787.5,4.0,1.0,0.5,0.7,615.0,1480.0,2345.0,1480.0,2.0,1790.0,4.0,1.0,0.5,0.7
1974,2,71.0,-50.0,4.5,4.5,4.5,4.5,1.0,0.0,2.0,0.0,0.4,0.8,4.2,4.2,4.2,4.2,1.0,0.0,2.0,0.0,0.4,0.8,4.2,4.2,4.2,4.2,1.0,0.0,2.0,0.0,0.4,0.8,83.2,83.2,83.2,83.2,1.0,0.0,2.0,0.0,0.8,3.0,3.0,3.0,3.0,1.0,0.0,2.0,0.0,0.4,0.8,1.93,1.93,1.93,1.93,1.0,0.0,2.0,0.0,0.4,0.8,2.3,2.3,2.3,2.3,1.0,0.0,2.0,0.0,0.4,0.8,1023.0,1023.0,1023.0,1023.0,1.0,0.0,2.0,0.0,0.4,0.8,8.0,8.0,8.0,8.0,1.0,0.0,2.0,0.0,0.4,0.8,5.8,5.8,5.8,5.8,1.0,0.0,2.0,0.0,0.4,0.8,6.9,6.9,6.9,6.9,1.0,0.0,2.0,0.0,0.4,0.8,0.3,0.3,0.3,0.3,1.0,0.0,2.0,0.0,0.4,0.8,0.9,0.9,0.9,0.9,1.0,0.0,2.0,0.0,0.4,0.8,0.96,0.96,0.96,0.96,1.0,0.0,2.0,0.0,0.4,0.8,2.9,2.9,2.9,2.9,1.0,0.0,2.0,0.0,0.4,0.8,8.1,8.1,8.1,8.1,1.0,0.0,2.0,0.0,0.4,0.8,9.7,9.7,9.7,9.7,1.0,0.0,2.0,0.0,0.4,0.8,8.1,8.1,8.1,8.1,1.0,0.0,2.0,0.0,0.4,0.8,9.7,9.7,9.7,9.7,1.0,0.0,2.0,0.0,0.4,0.8,1.9,1.9,1.9,1.9,1.0,0.0,2.0,0.0,0.4,0.8,2.2,2.2,2.2,2.2,1.0,0.0,2.0,0.0,0.4,0.8,27.0,27.0,27.0,27.0,1.0,0.0,2.0,0.0,0.4,0.8,25.0,25.0,25.0,25.0,1.0,0.0,2.0,0.0,0.4,0.8
1974,2,71.0,-48.0,,,,,,,,,,,,,,,,,,,,,,,,,,,,,,,,,,,,,,,,,,,,,,,,,,,,,,,,,,,,,,,,,,,,,,,,,,,,,,,,0.0,0.0,0.0,0.0,1.0,0.0,18.0,0.0,0.7,0.4,18.0,18.0,18.0,18.0,1.0,0.0,18.0,0.0,0.7,0.4,31.2,31.2,31.2,31.2,1.0,0.0,18.0,0.0,0.7,0.4,,,,,,,,,,,,,,,,,,,,,,,,,,,,,,,,,,,,,,,,,,,,,,,,,,,,,,,,,,,,,,,,,,,,,,,,,,,,,,,,,,,,,,,,,,,,,,,,,,,,,,,,,,,,,,,,,,,,,,,,
1974,2,71.0,-41.0,17.6,17.6,17.6,17.6,1.0,0.0,28.0,1.0,0.7,0.7,18.0,18.0,18.0,18.0,1.0,0.0,28.0,1.0,0.7,0.7,11.64,11.64,11.64,11.64,1.0,0.0,28.0,1.0,0.7,0.7,90.9,90.9,90.9,90.9,1.0,0.0,28.0,1.0,0.7,9.3,9.3,9.3,9.3,1.0,0.0,28.0,1.0,0.7,0.7,4.65,4.65,4.65,4.65,1.0,0.0,28.0,1.0,0.7,0.7,-8.05,-8.05,-8.05,-8.05,1.0,0.0,28.0,1.0,0.7,0.7,1014.3,1014.3,1014.3,1014.3,1.0,0.0,28.0,1.0,0.7,0.7,8.0,8.0,8.0,8.0,1.0,0.0,28.0,1.0,0.7,0.7,43.2,43.2,43.2,43.2,1.0,0.0,28.0,1.0,0.7,0.7,-74.9,-74.9,-74.9,-74.9,1.0,0.0,28.0,1.0,0.7,0.7,-0.4,-0.4,-0.4,-0.4,1.0,0.0,28.0,1.0,0.7,0.7,-3.7,-3.7,-3.7,-3.7,1.0,0.0,28.0,1.0,0.7,0.7,0.85,0.85,0.85,0.85,1.0,0.0,28.0,1.0,0.7,0.7,7.9,7.9,7.9,7.9,1.0,0.0,28.0,1.0,0.7,0.7,83.7,83.7,83.7,83.7,1.0,0.0,28.0,1.0,0.7,0.7,-145.0,-145.0,-145.0,-145.0,1.0,0.0,28.0,1.0,0.7,0.7,54.1,54.1,54.1,54.1,1.0,0.0,28.0,1.0,0.7,0.7,-93.7,-93.7,-93.7,-93.7,1.0,0.0,28.0,1.0,0.7,0.7,3.9,3.9,3.9,3.9,1.0,0.0,28.0,1.0,0.7,0.7,-6.8,-6.8,-6.8,-6.8,1.0,0.0,28.0,1.0,0.7,0.7,804.5,804.5,804.5,804.5,1.0,0.0,28.0,1.0,0.7,0.7,805.0,805.0,805.0,805.0,1.0,0.0,28.0,1.0,0.7,0.7
1974,2,71.0,-37.0,,,,,,,,,,,,,,,,,,,,,,,,,,,,,,,,,,,,,,,,15.0,15.0,15.0,15.0,1.0,0.0,22.0,1.0,0.6,0.4,9.64,9.64,9.64,9.64,1.0,0.0,22.0,1.0,0.6,0.4,-11.49,-11.49,-11.49,-11.49,1.0,0.0,22.0,1.0,0.6,0.4,1011.7,1011.7,1011.7,1011.7,1.0,0.0,22.0,1.0,0.6,0.4,,,,,,,,,,,,,,,,,,,,,,,,,,,,,,,,,,,,,,,,,,,,,,,,,,,,,,,,,,,,,,,,,,,,,,,,,,,,,,,,,,,,,,,,,,,,,,,,,,,,,,,,,,,,,,,,,,,,,,,,,,,,,,,,,,,,,,,,,,,,,,,,,,,,,,
1974,2,71.0,-33.0,22.5,22.7,23.11,22.8,3.0,0.46,6.0,0.0,0.6,0.5,21.1,21.1,21.65,21.37,3.0,0.46,6.0,0.0,0.6,0.5,10.68,11.76,12.21,11.45,3.0,1.15,6.0,0.0,0.6,0.5,68.6,73.3,78.5,73.5,3.0,7.3,6.0,0.0,0.5,4.42,5.1,7.56,5.97,3.0,2.42,6.0,0.0,0.6,0.5,-7.44,-5.02,-4.22,-5.81,3.0,2.46,6.0,0.0,0.6,0.5,-1.31,-0.89,0.68,-0.33,3.0,1.53,6.0,0.0,0.6,0.5,1026.03,1026.1,1028.63,1027.3,3.0,2.17,6.0,0.0,0.6,0.5,1.3,2.0,3.4,2.3,3.0,1.5,6.0,0.0,0.6,0.5,-59.0,-25.6,-18.9,-38.7,3.0,31.5,6.0,0.0,0.6,0.5,-10.4,-4.5,2.5,-4.0,3.0,9.5,6.0,0.0,0.6,0.5,0.85,1.6,2.01,1.43,3.0,0.86,6.0,0.0,0.6,0.5,5.6,8.2,8.7,7.2,3.0,2.5,6.0,0.0,0.6,0.5,4.95,5.19,6.28,5.61,3.0,1.04,6.0,0.0,0.6,0.5,25.5,34.7,39.7,32.7,3.0,10.6,6.0,0.0,0.6,0.5,-161.7,-106.0,-89.1,-125.0,3.0,55.7,6.0,0.0,0.6,0.5,-28.5,-18.7,14.3,-7.4,3.0,32.8,6.0,0.0,0.6,0.5,-85.0,-51.1,-48.9,-66.6,3.0,29.6,6.0,0.0,0.6,0.5,-15.0,-9.0,9.0,-3.1,3.0,18.3,6.0,0.0,0.6,0.5,-39.1,-34.1,-24.5,-31.9,3.0,10.9,6.0,0.0,0.6,0.5,-6.9,-6.0,3.1,-2.0,3.0,8.1,6.0,0.0,0.6,0.5,89.0,132.5,491.5,286.5,3.0,323.5,6.0,0.0,0.6,0.5,90.0,135.0,490.0,285.0,3.0,325.0,6.0,0.0,0.6,0.5
1974,2,71.0,-32.0,23.66,24.0,24.34,24.0,2.0,0.71,20.0,1.0,0.1,0.6,23.32,24.0,24.68,24.0,2.0,1.41,20.0,1.0,0.1,0.6,13.78,13.78,13.79,13.78,2.0,0.01,20.0,1.0,0.1,0.6,72.1,75.2,78.2,75.2,2.0,6.4,20.0,1.0,0.6,1.41,2.3,3.19,2.3,2.0,1.84,20.0,1.0,0.1,0.6,-0.64,-0.38,-0.12,-0.38,2.0,0.54,20.0,1.0,0.1,0.6,-3.13,-2.12,-1.11,-2.12,2.0,2.09,20.0,1.0,0.1,0.6,1022.57,1022.95,1023.33,1022.95,2.0,0.78,20.0,1.0,0.1,0.6,2.2,2.5,2.8,2.5,2.0,0.7,20.0,1.0,0.1,0.6,-0.6,-0.4,-0.1,-0.4,2.0,0.5,20.0,1.0,0.1,0.6,-11.0,-6.8,-2.6,-6.8,2.0,8.7,20.0,1.0,0.1,0.6,-1.02,0.0,1.02,0.0,2.0,2.12,20.0,1.0,0.1,0.6,-0.4,2.0,4.3,2.0,2.0,4.9,20.0,1.0,0.1,0.6,4.27,4.65,5.04,4.65,2.0,0.8,20.0,1.0,0.1,0.6,6.4,11.4,16.5,11.4,2.0,10.4,20.0,1.0,0.1,0.6,-16.1,-9.6,-3.0,-9.6,2.0,13.5,20.0,1.0,0.1,0.6,-72.2,-49.4,-26.7,-49.4,2.0,47.2,20.0,1.0,0.1,0.6,-8.9,-5.3,-1.7,-5.3,2.0,7.5,20.0,1.0,0.1,0.6,-43.2,-29.3,-15.3,-29.3,2.0,28.8,20.0,1.0,0.1,0.6,-2.6,-1.6,-0.5,-1.6,2.0,2.2,20.0,1.0,0.1,0.6,-16.2,-10.7,-5.2,-10.7,2.0,11.4,20.0,1.0,0.1,0.6,8.0,24.0,39.5,24.0,2.0,32.5,20.0,1.0,0.1,0.6,10.0,25.0,40.0,25.0,2.0,30.0,20.0,1.0,0.1,0.6
1974,2,71.0,-31.0,22.42,22.9,23.65,23.03,3.0,0.91,10.0,0.0,0.8,0.5,21.69,22.3,22.3,22.0,3.0,0.52,10.0,0.0,0.8,0.5,12.32,12.84,13.61,12.96,3.0,0.95,10.0,0.0,0.8,0.5,76.1,82.0,83.5,79.8,3.0,5.7,10.0,0.0,0.5,4.6,4.6,5.69,5.13,3.0,0.92,10.0,0.0,0.8,0.5,-5.69,-4.6,-3.87,-4.77,3.0,1.35,10.0,0.0,0.8,0.5,0.0,0.0,2.02,0.99,3.0,1.71,10.0,0.0,0.8,0.5,1022.7,1024.2,1027.48,1025.07,3.0,3.58,10.0,0.0,0.8,0.5,3.3,4.0,4.0,3.7,3.0,0.6,10.0,0.0,0.8,0.5,-33.0,-21.2,-17.8,-25.3,3.0,11.7,10.0,0.0,0.8,0.5,0.0,0.0,9.3,4.5,3.0,7.9,10.0,0.0,0.8,0.5,0.66,0.8,1.41,1.03,3.0,0.59,10.0,0.0,0.8,0.5,3.1,3.7,8.4,5.7,3.0,4.3,10.0,0.0,0.8,0.5,3.39,3.64,5.42,4.39,3.0,1.62,10.0,0.0,0.8,0.5,15.6,16.8,31.8,23.5,3.0,13.2,10.0,0.0,0.8,0.5,-125.6,-98.4,-84.9,-105.1,3.0,30.4,10.0,0.0,0.8,0.5,0.0,0.0,45.0,22.0,3.0,38.1,10.0,0.0,0.8,0.5,-69.8,-59.1,-52.4,-61.1,3.0,12.9,10.0,0.0,0.8,0.5,0.0,0.0,28.2,13.8,3.0,23.8,10.0,0.0,0.8,0.5,-31.8,-16.8,-13.2,-22.4,3.0,14.4,10.0,0.0,0.8,0.5,0.0,0.0,6.6,3.2,3.0,5.6,10.0,0.0,0.8,0.5,97.5,97.5,193.5,144.5,3.0,81.5,10.0,0.0,0.8,0.5,95.0,95.0,195.0,145.0,3.0,80.0,10.0,0.0,0.8,0.5
1974,2,71.0,-30.0,23.0,23.0,23.0,23.0,1.0,0.0,28.0,0.0,0.1,0.7,21.4,21.4,21.4,21.4,1.0,0.0,28.0,0.0,0.1,0.7,13.0,13.0,13.0,13.0,1.0,0.0,28.0,0.0,0.1,0.7,82.0,82.0,82.0,82.0,1.0,0.0,28.0,0.0,0.7,12.3,12.3,12.3,12.3,1.0,0.0,28.0,0.0,0.1,0.7,-12.11,-12.11,-12.11,-12.11,1.0,0.0,28.0,0.0,0.1,0.7,2.14,2.14,2.14,2.14,1.0,0.0,28.0,0.0,0.1,0.7,1012.0,1012.0,1012.0,1012.0,1.0,0.0,28.0,0.0,0.1,0.7,8.0,8.0,8.0,8.0,1.0,0.0,28.0,0.0,0.1,0.7,-149.0,-149.0,-149.0,-149.0,1.0,0.0,28.0,0.0,0.1,0.7,26.3,26.3,26.3,26.3,1.0,0.0,28.0,0.0,0.1,0.7,1.6,1.6,1.6,1.6,1.0,0.0,28.0,0.0,0.1,0.7,19.7,19.7,19.7,19.7,1.0,0.0,28.0,0.0,0.1,0.7,4.53,4.53,4.53,4.53,1.0,0.0,28.0,0.0,0.1,0.7,55.7,55.7,55.7,55.7,1.0,0.0,28.0,0.0,0.1,0.7,-259.2,-259.2,-259.2,-259.2,1.0,0.0,28.0,0.0,0.1,0.7,45.7,45.7,45.7,45.7,1.0,0.0,28.0,0.0,0.1,0.7,-157.5,-157.5,-157.5,-157.5,1.0,0.0,28.0,0.0,0.1,0.7,27.8,27.8,27.8,27.8,1.0,0.0,28.0,0.0,0.1,0.7,-54.9,-54.9,-54.9,-54.9,1.0,0.0,28.0,0.0,0.1,0.7,9.7,9.7,9.7,9.7,1.0,0.0,28.0,0.0,0.1,0.7,1861.0,1861.0,1861.0,1861.0,1.0,0.0,28.0,0.0,0.1,0.7,1860.0,1860.0,1860.0,1860.0,1.0,0.0,28.0,0.0,0.1,0.7
1974,2,71.0,-26.0,24.16,24.5,24.84,24.5,3.0,0.5,16.0,0.3,0.1,0.9,23.56,23.7,24.25,23.9,3.0,0.53,16.0,0.3,0.1,0.9,14.79,14.82,14.98,14.89,3.0,0.15,16.0,0.3,0.1,0.9,79.1,82.8,82.8,81.0,3.0,3.1,16.0,0.3,0.9,7.33,8.7,9.79,8.57,3.0,1.8,16.0,0.3,0.1,0.9,-7.27,-6.7,-6.65,-6.95,3.0,0.51,16.0,0.3,0.1,0.9,1.38,4.35,6.77,4.08,3.0,3.95,16.0,0.3,0.1,0.9,1015.6,1015.8,1018.12,1016.83,3.0,2.06,16.0,0.3,0.1,0.9,3.3,4.0,5.4,4.3,3.0,1.5,16.0,0.3,0.1,0.9,-67.4,-65.5,-51.4,-59.5,3.0,12.8,16.0,0.3,0.1,0.9,12.0,37.8,67.5,39.7,3.0,40.7,16.0,0.3,0.1,0.9,0.36,0.5,0.84,0.6,3.0,0.36,16.0,0.3,0.1,0.9,3.4,5.2,6.2,4.8,3.0,2.1,16.0,0.3,0.1,0.9,3.74,4.25,4.72,4.23,3.0,0.72,16.0,0.3,0.1,0.9,29.1,30.5,44.4,36.6,3.0,12.4,16.0,0.3,0.1,0.9,-173.4,-162.2,-159.0,-166.1,3.0,11.1,16.0,0.3,0.1,0.9,32.7,103.1,164.7,98.8,3.0,96.7,16.0,0.3,0.1,0.9,-109.0,-99.3,-98.3,-103.5,3.0,8.6,16.0,0.3,0.1,0.9,20.8,65.5,100.4,60.7,3.0,58.5,16.0,0.3,0.1,0.9,-31.4,-28.5,-27.1,-29.2,3.0,3.2,16.0,0.3,0.1,0.9,4.8,15.2,31.5,18.1,3.0,19.7,16.0,0.3,0.1,0.9,414.5,658.5,955.0,684.0,3.0,396.5,16.0,0.3,0.1,0.9,415.0,660.0,955.0,685.0,3.0,395.0,16.0,0.3,0.1,0.9
1974,2,71.0,-25.0,24.65,25.2,25.75,25.2,2.0,1.13,10.0,0.5,0.6,0.3,24.25,24.35,24.45,24.35,2.0,0.21,10.0,0.5,0.6,0.3,13.9,14.78,15.66,14.78,2.0,1.82,10.0,0.5,0.6,0.3,74.2,78.3,82.5,78.3,2.0,8.6,10.0,0.5,0.3,8.8,9.0,9.2,9.0,2.0,0.42,10.0,0.5,0.6,0.3,-8.73,-8.72,-8.71,-8.72,2.0,0.03,10.0,0.5,0.6,0.3,-2.68,-1.59,-0.5,-1.59,2.0,2.25,10.0,0.5,0.6,0.3,1019.05,1019.15,1019.25,1019.15,2.0,0.21,10.0,0.5,0.6,0.3,4.3,5.0,5.7,5.0,2.0,1.4,10.0,0.5,0.6,0.3,-80.4,-78.5,-76.6,-78.5,2.0,3.9,10.0,0.5,0.6,0.3,-24.9,-14.8,-4.7,-14.8,2.0,20.9,10.0,0.5,0.6,0.3,0.41,0.85,1.29,0.85,2.0,0.92,10.0,0.5,0.6,0.3,3.6,7.5,11.3,7.5,2.0,7.9,10.0,0.5,0.6,0.3,4.91,5.14,5.36,5.14,2.0,0.46,10.0,0.5,0.6,0.3,43.3,46.3,49.4,46.3,2.0,6.4,10.0,0.5,0.6,0.3,-212.9,-212.3,-211.8,-212.3,2.0,1.2,10.0,0.5,0.6,0.3,-64.8,-38.5,-12.2,-38.5,2.0,54.4,10.0,0.5,0.6,0.3,-136.3,-128.8,-121.4,-128.8,2.0,15.4,10.0,0.5,0.6,0.3,-36.1,-21.5,-6.8,-21.5,2.0,30.3,10.0,0.5,0.6,0.3,-46.8,-44.8,-42.8,-44.8,2.0,4.2,10.0,0.5,0.6,0.3,-14.6,-8.7,-2.8,-8.7,2.0,12.3,10.0,0.5,0.6,0.3,681.5,731.5,781.0,731.5,2.0,103.0,10.0,0.5,0.6,0.3,680.0,730.0,780.0,730.0,2.0,105.0,10.0,0.5,0.6,0.3
1974,2,71.0,-24.0,,,,,,,,,,,,,,,,,,,,,,,,,,,,,,,,,,,,,,,,14.0,14.0,14.0,14.0,1.0,0.0,8.0,1.0,0.4,0.8,-10.72,-10.72,-10.72,-10.72,1.0,0.0,8.0,1.0,0.4,0.8,9.0,9.0,9.0,9.0,1.0,0.0,8.0,1.0,0.4,0.8,1017.5,1017.5,1017.5,1017.5,1.0,0.0,8.0,1.0,0.4,0.8,,,,,,,,,,,,,,,,,,,,,,,,,,,,,,,,,,,,,,,,,,,,,,,,,,,,,,,,,,,,,,,,,,,,,,,,,,,,,,,,,,,,,,,,,,,,,,,,,,,,,,,,,,,,,,,,,,,,,,,,,,,,,,,,,,,,,,,,,,,,,,,,,,,,,,
1974,2,71.0,-22.0,,,,,,,,,,,,,,,,,,,,,,,,,,,,,,,,,,,,,,,,6.7,6.7,6.7,6.7,1.0,0.0,8.0,0.0,0.5,0.3,-5.13,-5.13,-5.13,-5.13,1.0,0.0,8.0,0.0,0.5,0.3,4.31,4.31,4.31,4.31,1.0,0.0,8.0,0.0,0.5,0.3,1014.6,1014.6,1014.6,1014.6,1.0,0.0,8.0,0.0,0.5,0.3,7.0,7.0,7.0,7.0,1.0,0.0,8.0,0.0,0.5,0.3,-34.4,-34.4,-34.4,-34.4,1.0,0.0,8.0,0.0,0.5,0.3,28.9,28.9,28.9,28.9,1.0,0.0,8.0,0.0,0.5,0.3,,,,,,,,,,,,,,,,,,,,,,,,,,,,,,,,,,,,,,,,,-119.1,-119.1,-119.1,-119.1,1.0,0.0,8.0,0.0,0.5,0.3,99.9,99.9,99.9,99.9,1.0,0.0,8.0,0.0,0.5,0.3,-74.5,-74.5,-74.5,-74.5,1.0,0.0,8.0,0.0,0.5,0.3,62.5,62.5,62.5,62.5,1.0,0.0,8.0,0.0,0.5,0.3,,,,,,,,,,,,,,,,,,,,,,,,,,,,,,,,,,,,,,,,
1974,2,71.0,-21.0,,,,,,,,,,,,,,,,,,,,,,,,,,,,,,,,,,,,,,,,9.0,9.0,9.0,9.0,1.0,0.0,22.0,1.0,0.7,0.9,-6.89,-6.89,-6.89,-6.89,1.0,0.0,22.0,1.0,0.7,0.9,5.79,5.79,5.79,5.79,1.0,0.0,22.0,1.0,0.7,0.9,1010.2,1010.2,1010.2,1010.2,1.0,0.0,22.0,1.0,0.7,0.9,,,,,,,,,,,,,,,,,,,,,,,,,,,,,,,,,,,,,,,,,,,,,,,,,,,,,,,,,,,,,,,,,,,,,,,,,,,,,,,,,,,,,,,,,,,,,,,,,,,,,,,,,,,,,,,,,,,,,,,,,,,,,,,,,,,,,,,,,,,,,,,,,,,,,,
1974,2,71.0,-20.0,25.3,25.3,25.3,25.3,1.0,0.0,8.0,0.0,0.3,0.9,25.0,25.0,25.0,25.0,1.0,0.0,8.0,0.0,0.3,0.9,15.13,15.13,15.13,15.13,1.0,0.0,8.0,0.0,0.3,0.9,76.6,76.6,76.6,76.6,1.0,0.0,8.0,0.0,0.9,6.7,6.7,6.7,6.7,1.0,0.0,8.0,0.0,0.3,0.9,-5.8,-5.8,-5.8,-5.8,1.0,0.0,8.0,0.0,0.3,0.9,3.35,3.35,3.35,3.35,1.0,0.0,8.0,0.0,0.3,0.9,1011.0,1011.0,1011.0,1011.0,1.0,0.0,8.0,0.0,0.3,0.9,5.0,5.0,5.0,5.0,1.0,0.0,8.0,0.0,0.3,0.9,-38.9,-38.9,-38.9,-38.9,1.0,0.0,8.0,0.0,0.3,0.9,22.4,22.4,22.4,22.4,1.0,0.0,8.0,0.0,0.3,0.9,0.3,0.3,0.3,0.3,1.0,0.0,8.0,0.0,0.3,0.9,2.0,2.0,2.0,2.0,1.0,0.0,8.0,0.0,0.3,0.9,5.05,5.05,5.05,5.05,1.0,0.0,8.0,0.0,0.3,0.9,33.8,33.8,33.8,33.8,1.0,0.0,8.0,0.0,0.3,0.9,-145.1,-145.1,-145.1,-145.1,1.0,0.0,8.0,0.0,0.3,0.9,83.8,83.8,83.8,83.8,1.0,0.0,8.0,0.0,0.3,0.9,-87.8,-87.8,-87.8,-87.8,1.0,0.0,8.0,0.0,0.3,0.9,50.7,50.7,50.7,50.7,1.0,0.0,8.0,0.0,0.3,0.9,-29.3,-29.3,-29.3,-29.3,1.0,0.0,8.0,0.0,0.3,0.9,16.9,16.9,16.9,16.9,1.0,0.0,8.0,0.0,0.3,0.9,301.0,301.0,301.0,301.0,1.0,0.0,8.0,0.0,0.3,0.9,300.0,300.0,300.0,300.0,1.0,0.0,8.0,0.0,0.3,0.9
1974,2,71.0,-17.0,26.7,26.7,26.7,26.7,1.0,0.0,6.0,1.0,0.0,1.0,27.5,27.5,27.5,27.5,1.0,0.0,6.0,1.0,0.0,1.0,14.8,14.8,14.8,14.8,1.0,0.0,6.0,1.0,0.0,1.0,64.4,64.4,64.4,64.4,1.0,0.0,6.0,1.0,1.0,6.7,6.7,6.7,6.7,1.0,0.0,6.0,1.0,0.0,1.0,-6.6,-6.6,-6.6,-6.6,1.0,0.0,6.0,1.0,0.0,1.0,1.16,1.16,1.16,1.16,1.0,0.0,6.0,1.0,0.0,1.0,1007.7,1007.7,1007.7,1007.7,1.0,0.0,6.0,1.0,0.0,1.0,1.0,1.0,1.0,1.0,1.0,0.0,6.0,1.0,0.0,1.0,-44.2,-44.2,-44.2,-44.2,1.0,0.0,6.0,1.0,0.0,1.0,7.8,7.8,7.8,7.8,1.0,0.0,6.0,1.0,0.0,1.0,-0.8,-0.8,-0.8,-0.8,1.0,0.0,6.0,1.0,0.0,1.0,-5.4,-5.4,-5.4,-5.4,1.0,0.0,6.0,1.0,0.0,1.0,7.21,7.21,7.21,7.21,1.0,0.0,6.0,1.0,0.0,1.0,48.3,48.3,48.3,48.3,1.0,0.0,6.0,1.0,0.0,1.0,-181.5,-181.5,-181.5,-181.5,1.0,0.0,6.0,1.0,0.0,1.0,32.0,32.0,32.0,32.0,1.0,0.0,6.0,1.0,0.0,1.0,-97.7,-97.7,-97.7,-97.7,1.0,0.0,6.0,1.0,0.0,1.0,17.2,17.2,17.2,17.2,1.0,0.0,6.0,1.0,0.0,1.0,-47.6,-47.6,-47.6,-47.6,1.0,0.0,6.0,1.0,0.0,1.0,8.4,8.4,8.4,8.4,1.0,0.0,6.0,1.0,0.0,1.0,301.0,301.0,301.0,301.0,1.0,0.0,6.0,1.0,0.0,1.0,300.0,300.0,300.0,300.0,1.0,0.0,6.0,1.0,0.0,1.0
1974,2,71.0,-16.0,27.07,27.85,28.63,27.85,2.0,1.63,16.0,0.5,0.4,0.5,26.55,27.3,28.05,27.3,2.0,1.56,16.0,0.5,0.4,0.5,16.54,17.15,17.76,17.15,2.0,1.27,16.0,0.5,0.4,0.5,74.7,75.3,76.0,75.3,2.0,1.4,16.0,0.5,0.5,7.11,8.0,8.89,8.0,2.0,1.84,16.0,0.5,0.4,0.5,-4.79,-1.56,1.68,-1.56,2.0,6.7,16.0,0.5,0.4,0.5,3.31,5.52,7.72,5.52,2.0,4.56,16.0,0.5,0.4,0.5,1007.33,1007.4,1007.47,1007.4,2.0,0.14,16.0,0.5,0.4,0.5,4.0,4.0,4.0,4.0,2.0,0.0,16.0,0.5,0.4,0.5,-30.8,-6.3,18.2,-6.3,2.0,50.7,16.0,0.5,0.4,0.5,25.8,48.3,70.8,48.3,2.0,46.6,16.0,0.5,0.4,0.5,0.52,0.55,0.58,0.55,2.0,0.07,16.0,0.5,0.4,0.5,3.7,4.5,5.2,4.5,2.0,1.6,16.0,0.5,0.4,0.5,6.0,6.48,6.97,6.48,2.0,1.01,16.0,0.5,0.4,0.5,43.1,52.8,62.5,52.8,2.0,20.0,16.0,0.5,0.4,0.5,-124.4,-37.3,49.8,-37.3,2.0,180.5,16.0,0.5,0.4,0.5,89.9,154.1,218.3,154.1,2.0,133.0,16.0,0.5,0.4,0.5,-77.0,-22.5,32.1,-22.5,2.0,112.9,16.0,0.5,0.4,0.5,56.4,97.5,138.6,97.5,2.0,85.2,16.0,0.5,0.4,0.5,-26.9,-6.7,13.5,-6.7,2.0,41.9,16.0,0.5,0.4,0.5,21.1,38.1,55.0,38.1,2.0,35.1,16.0,0.5,0.4,0.5,380.5,552.5,724.5,552.5,2.0,356.0,16.0,0.5,0.4,0.5,380.0,555.0,725.0,555.0,2.0,355.0,16.0,0.5,0.4,0.5
1974,2,71.0,-15.0,26.7,26.7,26.7,26.7,1.0,0.0,26.0,0.0,0.5,0.3,26.32,27.0,27.68,27.0,2.0,1.41,18.0,0.5,0.5,0.4,20.38,20.38,20.38,20.38,1.0,0.0,26.0,0.0,0.5,0.3,96.5,96.5,96.5,96.5,1.0,0.0,26.0,0.0,0.3,5.51,6.6,7.69,6.6,2.0,2.26,18.0,0.5,0.5,0.4,-3.49,-0.41,2.67,-0.41,2.0,6.38,18.0,0.5,0.5,0.4,0.4,3.12,5.84,3.12,2.0,5.64,18.0,0.5,0.5,0.4,1007.2,1007.2,1007.2,1007.2,1.0,0.0,26.0,0.0,0.5,0.3,0.5,1.5,2.5,1.5,2.0,2.1,18.0,0.5,0.5,0.4,-15.4,4.5,24.4,4.5,2.0,41.2,18.0,0.5,0.5,0.4,5.6,26.9,48.3,26.9,2.0,44.2,18.0,0.5,0.5,0.4,0.7,0.7,0.7,0.7,1.0,0.0,26.0,0.0,0.5,0.3,5.7,5.7,5.7,5.7,1.0,0.0,26.0,0.0,0.5,0.3,1.65,1.65,1.65,1.65,1.0,0.0,26.0,0.0,0.5,0.3,13.6,13.6,13.6,13.6,1.0,0.0,26.0,0.0,0.5,0.3,-99.1,-15.6,67.8,-15.6,2.0,172.9,18.0,0.5,0.5,0.4,8.8,80.2,151.5,80.2,2.0,147.7,18.0,0.5,0.5,0.4,83.5,83.5,83.5,83.5,1.0,0.0,26.0,0.0,0.5,0.3,144.7,144.7,144.7,144.7,1.0,0.0,26.0,0.0,0.5,0.3,6.8,6.8,6.8,6.8,1.0,0.0,26.0,0.0,0.5,0.3,11.7,11.7,11.7,11.7,1.0,0.0,26.0,0.0,0.5,0.3,192.5,338.0,483.5,338.0,2.0,301.5,18.0,0.5,0.5,0.4,195.0,340.0,485.0,340.0,2.0,300.0,18.0,0.5,0.5,0.4
1974,2,71.0,-13.0,27.0,27.0,27.0,27.0,4.0,0.0,12.0,0.3,0.1,0.6,26.19,26.7,27.84,27.0,4.0,1.14,12.0,0.3,0.1,0.6,19.0,19.0,19.0,19.0,1.0,0.0,2.0,0.0,0.0,0.6,85.2,85.2,85.2,85.2,1.0,0.0,2.0,0.0,0.6,4.33,7.2,7.75,6.07,3.0,2.69,12.0,0.3,0.1,0.7,-6.88,-6.77,-2.5,-4.74,3.0,3.65,12.0,0.3,0.1,0.7,2.62,2.95,3.67,3.14,3.0,0.79,12.0,0.3,0.1,0.7,1008.16,1010.35,1011.18,1009.7,4.0,2.37,12.0,0.3,0.1,0.6,0.0,3.0,6.0,3.0,4.0,3.5,12.0,0.3,0.1,0.6,-53.3,-48.7,-16.5,-35.2,3.0,29.4,12.0,0.3,0.1,0.7,11.7,17.7,27.5,19.5,3.0,11.7,12.0,0.3,0.1,0.7,-0.84,0.3,0.81,0.0,4.0,1.14,12.0,0.3,0.1,0.6,-8.7,0.0,1.2,-3.7,3.0,8.0,12.0,0.3,0.1,0.7,3.35,3.35,3.35,3.35,1.0,0.0,2.0,0.0,0.0,0.6,24.1,24.1,24.1,24.1,1.0,0.0,2.0,0.0,0.0,0.6,-193.2,-182.7,-67.4,-131.5,3.0,102.3,12.0,0.3,0.1,0.7,70.1,78.0,102.8,86.3,3.0,25.0,12.0,0.3,0.1,0.7,-128.6,-128.6,-128.6,-128.6,1.0,0.0,2.0,0.0,0.0,0.6,46.8,46.8,46.8,46.8,1.0,0.0,2.0,0.0,0.0,0.6,-22.7,-22.7,-22.7,-22.7,1.0,0.0,2.0,0.0,0.0,0.6,8.3,8.3,8.3,8.3,1.0,0.0,2.0,0.0,0.0,0.6,137.0,373.0,468.0,304.0,3.0,250.0,12.0,0.3,0.1,0.7,135.0,375.0,470.0,305.0,3.0,250.0,12.0,0.3,0.1,0.7
1974,2,71.0,-12.0,27.5,28.0,28.0,27.79,12.0,0.4,18.0,0.3,0.3,0.6,25.45,26.75,27.33,26.56,12.0,1.15,18.0,0.3,0.3,0.6,17.62,18.34,19.68,18.44,8.0,1.22,16.0,0.1,0.3,0.6,83.7,87.8,91.5,87.2,9.0,3.9,16.0,0.1,0.6,3.03,4.6,6.77,4.86,10.0,1.82,18.0,0.2,0.3,0.6,-3.46,0.4,4.58,0.58,10.0,3.65,18.0,0.2,0.3,0.6,-1.48,2.78,4.26,1.82,10.0,3.48,18.0,0.2,0.3,0.6,1007.06,1009.6,1011.17,1009.19,11.0,2.23,18.0,0.3,0.3,0.6,1.0,4.0,7.0,4.2,12.0,2.5,18.0,0.3,0.3,0.6,-16.6,1.8,26.0,4.7,10.0,23.2,18.0,0.2,0.3,0.6,-5.2,10.2,20.4,8.2,10.0,22.7,18.0,0.2,0.3,0.6,0.3,1.15,2.1,1.23,12.0,1.06,18.0,0.3,0.3,0.6,2.0,4.3,8.3,5.6,10.0,4.9,18.0,0.2,0.3,0.6,3.6,5.12,5.94,4.96,8.0,1.28,16.0,0.1,0.3,0.6,13.5,16.4,31.9,20.5,7.0,9.4,16.0,0.1,0.2,0.5,-90.6,10.7,122.9,16.4,10.0,98.9,18.0,0.2,0.3,0.6,-38.1,71.8,114.6,47.3,10.0,93.3,18.0,0.2,0.3,0.6,-68.7,0.0,33.4,-8.0,7.0,51.6,16.0,0.1,0.2,0.5,10.7,48.4,89.7,44.0,7.0,55.2,16.0,0.1,0.2,0.5,-13.6,0.0,11.4,0.5,7.0,14.2,16.0,0.1,0.2,0.5,1.4,15.2,20.9,10.8,7.0,15.6,16.0,0.1,0.2,0.5,30.0,97.5,315.5,160.0,10.0,165.5,18.0,0.2,0.3,0.6,30.0,95.0,315.0,160.0,10.0,165.0,18.0,0.2,0.3,0.6
1974,2,71.0,-11.0,26.86,27.4,28.05,27.46,7.0,0.93,16.0,0.4,0.6,0.6,26.18,26.9,27.49,26.99,8.0,0.84,16.0,0.4,0.6,0.6,16.38,17.24,18.42,17.43,7.0,1.03,14.0,0.3,0.6,0.6,72.3,78.3,86.2,79.3,7.0,7.0,14.0,0.3,0.6,0.0,2.6,3.01,2.07,6.0,1.78,12.0,0.3,0.6,0.7,-2.47,0.0,0.27,-0.84,6.0,2.01,12.0,0.3,0.6,0.7,0.0,1.62,2.32,1.35,6.0,1.11,12.0,0.3,0.6,0.7,1008.03,1009.75,1010.9,1009.53,8.0,1.74,16.0,0.4,0.6,0.6,1.0,3.0,5.1,3.0,7.0,2.5,14.0,0.3,0.6,0.6,-8.2,0.0,0.7,-3.6,6.0,8.4,12.0,0.3,0.6,0.7,0.0,5.1,6.9,4.0,6.0,3.3,12.0,0.3,0.6,0.7,-0.15,0.5,0.72,0.53,7.0,1.31,16.0,0.4,0.6,0.6,0.0,0.3,6.2,3.3,5.0,6.4,14.0,0.4,0.6,0.7,3.56,6.29,7.31,5.55,6.0,2.12,16.0,0.3,0.6,0.7,0.0,10.2,24.3,12.6,5.0,14.2,14.0,0.4,0.6,0.7,-66.3,0.0,7.4,-21.7,6.0,52.7,12.0,0.3,0.6,0.7,0.0,43.2,63.5,36.3,6.0,30.0,12.0,0.3,0.6,0.7,-42.9,0.0,4.4,-15.0,6.0,35.4,12.0,0.3,0.6,0.7,0.0,28.3,39.2,23.6,6.0,19.6,12.0,0.3,0.6,0.7,-11.5,0.0,3.5,-4.4,5.0,15.7,14.0,0.4,0.6,0.7,0.0,10.2,13.3,7.6,5.0,7.3,14.0,0.4,0.6,0.7,0.0,17.5,34.0,25.0,6.0,36.5,12.0,0.3,0.6,0.7,0.0,20.0,35.0,25.0,6.0,35.0,12.0,0.3,0.6,0.7
1974,2,71.0,-7.0,,,,,,,,,,,,,,,,,,,,,,,,,,,,,,,,,,,,,,,,9.3,9.3,9.3,9.3,1.0,0.0,14.0,1.0,0.7,0.4,8.74,8.74,8.74,8.74,1.0,0.0,14.0,1.0,0.7,0.4,3.18,3.18,3.18,3.18,1.0,0.0,14.0,1.0,0.7,0.4,1008.8,1008.8,1008.8,1008.8,1.0,0.0,14.0,1.0,0.7,0.4,4.0,4.0,4.0,4.0,1.0,0.0,14.0,1.0,0.7,0.4,81.3,81.3,81.3,81.3,1.0,0.0,14.0,1.0,0.7,0.4,29.6,29.6,29.6,29.6,1.0,0.0,14.0,1.0,0.7,0.4,,,,,,,,,,,,,,,,,,,,,,,,,,,,,,,,,,,,,,,,,247.3,247.3,247.3,247.3,1.0,0.0,14.0,1.0,0.7,0.4,90.0,90.0,90.0,90.0,1.0,0.0,14.0,1.0,0.7,0.4,153.7,153.7,153.7,153.7,1.0,0.0,14.0,1.0,0.7,0.4,55.9,55.9,55.9,55.9,1.0,0.0,14.0,1.0,0.7,0.4,,,,,,,,,,,,,,,,,,,,,,,,,,,,,,,,,,,,,,,,
1974,2,71.0,-5.0,27.19,27.6,27.87,27.53,3.0,0.5,14.0,0.0,0.2,0.7,27.02,27.5,27.84,27.43,3.0,0.6,14.0,0.0,0.2,0.7,16.88,17.62,18.93,17.9,3.0,1.52,14.0,0.0,0.2,0.7,74.5,75.0,82.0,78.2,3.0,6.1,14.0,0.0,0.7,2.6,2.6,3.97,3.27,3.0,1.15,14.0,0.0,0.2,0.7,1.95,2.56,3.9,2.92,3.0,1.46,14.0,0.0,0.2,0.7,-1.22,0.45,0.69,-0.25,3.0,1.52,14.0,0.0,0.2,0.7,1007.3,1008.6,1011.67,1009.47,3.0,3.29,14.0,0.0,0.2,0.7,2.3,3.0,3.0,2.7,3.0,0.6,14.0,0.0,0.2,0.7,5.1,6.7,16.3,10.6,3.0,8.9,14.0,0.0,0.2,0.7,-3.2,1.2,2.9,-0.1,3.0,4.6,14.0,0.0,0.2,0.7,-0.21,0.2,0.4,0.1,3.0,0.46,14.0,0.0,0.2,0.7,-0.5,0.5,1.7,0.6,3.0,1.7,14.0,0.0,0.2,0.7,4.6,5.63,5.79,5.21,3.0,0.94,14.0,0.0,0.2,0.7,14.8,15.2,17.8,16.3,3.0,2.3,14.0,0.0,0.2,0.7,53.7,68.6,106.8,80.0,3.0,40.1,14.0,0.0,0.2,0.7,-34.2,12.1,18.8,-7.2,3.0,42.3,14.0,0.0,0.2,0.7,33.5,42.3,73.9,53.4,3.0,31.0,14.0,0.0,0.2,0.7,-21.6,7.5,13.0,-4.0,3.0,27.2,14.0,0.0,0.2,0.7,11.2,15.0,17.5,14.4,3.0,4.7,14.0,0.0,0.2,0.7,-6.8,2.6,3.1,-1.8,3.0,8.2,14.0,0.0,0.2,0.7,17.5,17.5,72.0,44.0,3.0,46.0,14.0,0.0,0.2,0.7,20.0,20.0,70.0,45.0,3.0,45.0,14.0,0.0,0.2,0.7
1974,2,71.0,-4.0,27.38,27.85,28.48,27.93,4.0,0.82,14.0,0.8,0.4,0.5,26.8,27.4,29.05,27.9,4.0,1.51,14.0,0.8,0.4,0.5,17.14,18.25,19.47,18.3,4.0,1.55,14.0,0.8,0.4,0.5,75.4,77.4,80.1,77.7,4.0,2.8,14.0,0.8,0.5,2.5,3.8,5.41,3.95,4.0,2.14,14.0,0.8,0.4,0.5,2.43,3.77,5.36,3.89,4.0,2.13,14.0,0.8,0.4,0.5,-0.27,0.31,0.91,0.32,4.0,0.73,14.0,0.8,0.4,0.5,1009.74,1010.45,1011.94,1010.83,4.0,1.45,14.0,0.8,0.4,0.5,4.4,6.5,7.5,6.0,4.0,2.2,14.0,0.8,0.4,0.5,7.2,14.4,30.8,18.8,4.0,18.0,14.0,0.8,0.4,0.5,-0.4,1.1,5.2,2.3,4.0,3.9,14.0,0.8,0.4,0.5,-0.57,0.05,0.62,0.03,4.0,0.83,14.0,0.8,0.4,0.5,-3.7,0.2,1.2,-1.2,4.0,3.8,14.0,0.8,0.4,0.5,4.95,5.27,5.7,5.33,4.0,0.45,14.0,0.8,0.4,0.5,12.8,20.6,28.6,20.7,4.0,10.5,14.0,0.8,0.4,0.5,67.1,103.2,154.7,110.5,4.0,66.0,14.0,0.8,0.4,0.5,-7.2,8.8,26.6,9.7,4.0,21.1,14.0,0.8,0.4,0.5,44.6,66.1,101.4,72.7,4.0,44.8,14.0,0.8,0.4,0.5,-4.8,5.8,17.9,6.5,4.0,14.2,14.0,0.8,0.4,0.5,12.4,20.4,28.4,20.4,4.0,10.5,14.0,0.8,0.4,0.5,-1.5,1.5,4.5,1.5,4.0,3.7,14.0,0.8,0.4,0.5,24.0,55.5,188.0,103.5,4.0,134.0,14.0,0.8,0.4,0.5,25.0,55.0,190.0,105.0,4.0,135.0,14.0,0.8,0.4,0.5
1974,2,71.0,-3.0,27.5,27.7,27.9,27.7,2.0,0.42,8.0,0.0,0.4,0.6,26.16,26.5,26.84,26.5,2.0,0.71,8.0,0.0,0.4,0.6,16.41,16.41,16.41,16.41,1.0,0.0,4.0,0.0,0.9,0.8,78.1,78.1,78.1,78.1,1.0,0.0,4.0,0.0,0.8,0.32,1.0,1.68,1.0,2.0,1.41,8.0,0.0,0.4,0.6,-1.29,-0.77,-0.24,-0.77,2.0,1.08,8.0,0.0,0.4,0.6,-1.08,-0.64,-0.2,-0.64,2.0,0.91,8.0,0.0,0.4,0.6,1010.59,1011.85,1013.11,1011.85,2.0,2.62,8.0,0.0,0.4,0.6,0.5,1.5,2.5,1.5,2.0,2.1,8.0,0.0,0.4,0.6,-2.6,-1.5,-0.5,-1.5,2.0,2.2,8.0,0.0,0.4,0.6,-2.2,-1.3,-0.4,-1.3,2.0,1.8,8.0,0.0,0.4,0.6,1.06,1.2,1.34,1.2,2.0,0.28,8.0,0.0,0.4,0.6,0.3,1.0,1.7,1.0,2.0,1.4,8.0,0.0,0.4,0.6,6.49,6.49,6.49,6.49,1.0,0.0,4.0,0.0,0.9,0.8,0.0,0.0,0.0,0.0,1.0,0.0,4.0,0.0,0.9,0.8,-34.8,-20.7,-6.6,-20.7,2.0,29.3,8.0,0.0,0.4,0.6,-29.2,-17.4,-5.5,-17.4,2.0,24.5,8.0,0.0,0.4,0.6,0.0,0.0,0.0,0.0,1.0,0.0,4.0,0.0,0.9,0.8,0.0,0.0,0.0,0.0,1.0,0.0,4.0,0.0,0.9,0.8,0.0,0.0,0.0,0.0,1.0,0.0,4.0,0.0,0.9,0.8,0.0,0.0,0.0,0.0,1.0,0.0,4.0,0.0,0.9,0.8,1.5,4.0,6.5,4.0,2.0,5.5,8.0,0.0,0.4,0.6,0.0,5.0,5.0,5.0,2.0,5.0,8.0,0.0,0.4,0.6
1974,2,71.0,-2.0,27.83,27.9,27.97,27.9,2.0,0.14,20.0,0.5,0.4,0.5,26.88,27.9,28.92,27.9,2.0,2.12,20.0,0.5,0.4,0.5,18.22,18.22,18.22,18.22,1.0,0.0,26.0,1.0,0.5,0.3,71.0,71.0,71.0,71.0,1.0,0.0,26.0,1.0,0.3,5.02,5.05,5.08,5.05,2.0,0.07,20.0,0.5,0.4,0.5,-3.81,-1.91,0.0,-1.91,2.0,3.95,20.0,0.5,0.4,0.5,-4.5,-3.37,-2.24,-3.37,2.0,2.34,20.0,0.5,0.4,0.5,1010.51,1012.05,1013.59,1012.05,2.0,3.18,20.0,0.5,0.4,0.5,2.0,4.0,6.0,4.0,2.0,4.2,20.0,0.5,0.4,0.5,-19.0,-9.5,0.1,-9.5,2.0,19.8,20.0,0.5,0.4,0.5,-22.9,-17.1,-11.3,-17.1,2.0,12.1,20.0,0.5,0.4,0.5,-1.09,0.0,1.09,0.0,2.0,2.26,20.0,0.5,0.4,0.5,-5.6,-0.1,5.4,-0.1,2.0,11.4,20.0,0.5,0.4,0.5,5.24,5.24,5.24,5.24,1.0,0.0,26.0,1.0,0.5,0.3,26.7,26.7,26.7,26.7,1.0,0.0,26.0,1.0,0.5,0.3,-100.2,-49.0,2.2,-49.0,2.0,106.1,20.0,0.5,0.4,0.5,-131.4,-96.4,-61.4,-96.4,2.0,72.5,20.0,0.5,0.4,0.5,16.1,16.1,16.1,16.1,1.0,0.0,26.0,1.0,0.5,0.3,-91.5,-91.5,-91.5,-91.5,1.0,0.0,26.0,1.0,0.5,0.3,4.6,4.6,4.6,4.6,1.0,0.0,26.0,1.0,0.5,0.3,-26.3,-26.3,-26.3,-26.3,1.0,0.0,26.0,1.0,0.5,0.3,126.0,129.0,131.5,129.0,2.0,5.5,20.0,0.5,0.4,0.5,125.0,130.0,130.0,130.0,2.0,5.0,20.0,0.5,0.4,0.5
1974,2,71.0,-1.0,28.32,29.0,29.68,29.0,3.0,1.0,12.0,0.7,0.6,0.6,26.83,28.2,28.2,27.53,3.0,1.15,12.0,0.7,0.6,0.6,16.57,16.57,16.57,16.57,1.0,0.0,8.0,1.0,0.6,0.5,77.7,77.7,77.7,77.7,1.0,0.0,8.0,1.0,0.5,2.0,2.0,3.37,2.67,3.0,1.15,12.0,0.7,0.6,0.6,-2.35,-1.88,0.28,-1.05,3.0,2.06,12.0,0.7,0.6,0.6,-2.58,-1.53,-0.95,-1.76,3.0,1.21,12.0,0.7,0.6,0.6,1008.17,1010.7,1011.93,1010.07,3.0,2.8,12.0,0.7,0.6,0.6,1.3,2.0,4.0,2.7,3.0,2.1,12.0,0.7,0.6,0.6,-8.2,-3.8,0.6,-3.8,3.0,6.4,12.0,0.7,0.6,0.6,-9.3,-3.1,-1.9,-5.6,3.0,5.9,12.0,0.7,0.6,0.6,1.12,1.8,1.8,1.47,3.0,0.58,12.0,0.7,0.6,0.6,3.3,3.6,3.6,3.5,3.0,0.2,12.0,0.7,0.6,0.6,7.24,7.24,7.24,7.24,1.0,0.0,8.0,1.0,0.6,0.5,14.5,14.5,14.5,14.5,1.0,0.0,8.0,1.0,0.6,0.5,-66.3,-53.0,6.2,-30.6,3.0,56.5,12.0,0.7,0.6,0.6,-71.7,-40.1,-25.9,-48.6,3.0,34.4,12.0,0.7,0.6,0.6,21.3,21.3,21.3,21.3,1.0,0.0,8.0,1.0,0.6,0.5,-25.4,-25.4,-25.4,-25.4,1.0,0.0,8.0,1.0,0.6,0.5,9.3,9.3,9.3,9.3,1.0,0.0,8.0,1.0,0.6,0.5,-11.1,-11.1,-11.1,-11.1,1.0,0.0,8.0,1.0,0.6,0.5,8.0,8.0,46.0,26.5,3.0,32.5,12.0,0.7,0.6,0.6,10.0,10.0,45.0,25.0,3.0,30.0,12.0,0.7,0.6,0.6
1974,2,71.0,0.0,27.7,27.8,27.85,27.78,4.0,0.13,28.0,0.5,0.4,0.0,26.55,26.7,26.9,26.73,4.0,0.22,28.0,0.5,0.4,0.0,16.57,16.67,16.78,16.67,4.0,0.13,28.0,0.5,0.4,0.0,75.2,76.1,76.8,76.0,4.0,1.1,28.0,0.5,0.0,2.0,2.05,2.57,2.28,4.0,0.49,28.0,0.5,0.4,0.0,-1.03,-0.76,-0.07,-0.56,4.0,0.65,28.0,0.5,0.4,0.0,-2.49,-1.89,-1.77,-2.12,4.0,0.57,28.0,0.5,0.4,0.0,1009.64,1009.85,1010.06,1009.85,4.0,0.29,28.0,0.5,0.4,0.0,0.5,1.5,2.5,1.5,4.0,1.3,28.0,0.5,0.4,0.0,-2.1,-1.8,-0.4,-1.3,4.0,1.3,28.0,0.5,0.4,0.0,-6.5,-3.9,-3.6,-5.0,4.0,2.6,28.0,0.5,0.4,0.0,0.95,1.0,1.16,1.05,4.0,0.17,28.0,0.5,0.4,0.0,2.0,2.4,2.7,2.4,4.0,0.4,28.0,0.5,0.4,0.0,6.65,6.7,6.86,6.75,4.0,0.15,28.0,0.5,0.4,0.0,13.4,13.7,17.6,15.4,4.0,3.7,28.0,0.5,0.4,0.0,-27.2,-20.3,-1.8,-14.8,4.0,17.2,28.0,0.5,0.4,0.0,-66.9,-50.6,-47.1,-56.7,4.0,15.6,28.0,0.5,0.4,0.0,-17.1,-12.7,-1.1,-9.2,4.0,10.8,28.0,0.5,0.4,0.0,-41.5,-31.6,-29.5,-35.3,4.0,9.4,28.0,0.5,0.4,0.0,-6.9,-5.2,-0.5,-3.8,4.0,4.3,28.0,0.5,0.4,0.0,-17.0,-12.6,-11.9,-14.4,4.0,4.2,28.0,0.5,0.4,0.0,8.0,8.5,18.5,13.0,4.0,9.5,28.0,0.5,0.4,0.0,10.0,10.0,20.0,15.0,4.0,10.0,28.0,0.5,0.4,0.0
1974,2,71.0,1.0,28.02,28.5,28.84,28.43,3.0,0.6,18.0,1.0,0.4,0.2,27.6,27.8,29.3,28.43,3.0,1.37,18.0,1.0,0.4,0.2,17.19,17.25,18.68,17.92,3.0,1.23,18.0,1.0,0.4,0.2,73.0,73.4,74.5,73.8,3.0,1.2,18.0,1.0,0.2,4.42,5.1,5.51,4.97,3.0,0.81,18.0,1.0,0.4,0.2,-2.75,-2.55,-1.3,-2.04,3.0,1.16,18.0,1.0,0.4,0.2,-4.77,-4.42,-4.16,-4.46,3.0,0.45,18.0,1.0,0.4,0.2,1008.68,1009.7,1010.59,1009.63,3.0,1.4,18.0,1.0,0.4,0.2,3.3,4.0,4.0,3.7,3.0,0.6,18.0,1.0,0.4,0.2,-15.2,-13.0,-6.1,-10.7,3.0,6.9,18.0,1.0,0.4,0.2,-26.4,-22.5,-18.4,-22.4,3.0,5.8,18.0,1.0,0.4,0.2,-1.02,0.0,1.02,0.0,3.0,1.5,18.0,1.0,0.4,0.2,-5.2,0.0,5.8,0.3,3.0,8.1,18.0,1.0,0.4,0.2,5.48,6.33,7.43,6.45,3.0,1.43,18.0,1.0,0.4,0.2,25.9,25.9,39.1,32.4,3.0,11.2,18.0,1.0,0.4,0.2,-77.8,-76.5,-37.8,-58.2,3.0,33.3,18.0,1.0,0.4,0.2,-134.7,-132.5,-118.7,-126.8,3.0,12.7,18.0,1.0,0.4,0.2,-49.3,-49.2,-23.9,-36.9,3.0,21.4,18.0,1.0,0.4,0.2,-85.3,-85.1,-74.3,-80.0,3.0,9.2,18.0,1.0,0.4,0.2,-19.6,-13.0,-7.2,-13.4,3.0,9.1,18.0,1.0,0.4,0.2,-34.9,-25.6,-23.4,-29.1,3.0,8.9,18.0,1.0,0.4,0.2,89.0,132.5,168.5,129.0,3.0,58.0,18.0,1.0,0.4,0.2,90.0,135.0,170.0,130.0,3.0,60.0,18.0,1.0,0.4,0.2
1974,2,71.0,4.0,27.7,27.7,27.7,27.7,1.0,0.0,20.0,1.0,0.2,0.5,28.2,28.2,28.2,28.2,1.0,0.0,20.0,1.0,0.2,0.5,19.96,19.96,19.96,19.96,1.0,0.0,20.0,1.0,0.2,0.5,83.3,83.3,83.3,83.3,1.0,0.0,20.0,1.0,0.5,2.6,2.6,2.6,2.6,1.0,0.0,20.0,1.0,0.2,0.5,-1.99,-1.99,-1.99,-1.99,1.0,0.0,20.0,1.0,0.2,0.5,-1.67,-1.67,-1.67,-1.67,1.0,0.0,20.0,1.0,0.2,0.5,1009.7,1009.7,1009.7,1009.7,1.0,0.0,20.0,1.0,0.2,0.5,1.0,1.0,1.0,1.0,1.0,0.0,20.0,1.0,0.2,0.5,-5.2,-5.2,-5.2,-5.2,1.0,0.0,20.0,1.0,0.2,0.5,-4.3,-4.3,-4.3,-4.3,1.0,0.0,20.0,1.0,0.2,0.5,-0.5,-0.5,-0.5,-0.5,1.0,0.0,20.0,1.0,0.2,0.5,-1.3,-1.3,-1.3,-1.3,1.0,0.0,20.0,1.0,0.2,0.5,3.36,3.36,3.36,3.36,1.0,0.0,20.0,1.0,0.2,0.5,8.7,8.7,8.7,8.7,1.0,0.0,20.0,1.0,0.2,0.5,-56.2,-56.2,-56.2,-56.2,1.0,0.0,20.0,1.0,0.2,0.5,-47.1,-47.1,-47.1,-47.1,1.0,0.0,20.0,1.0,0.2,0.5,-39.8,-39.8,-39.8,-39.8,1.0,0.0,20.0,1.0,0.2,0.5,-33.4,-33.4,-33.4,-33.4,1.0,0.0,20.0,1.0,0.2,0.5,-6.7,-6.7,-6.7,-6.7,1.0,0.0,20.0,1.0,0.2,0.5,-5.6,-5.6,-5.6,-5.6,1.0,0.0,20.0,1.0,0.2,0.5,17.5,17.5,17.5,17.5,1.0,0.0,20.0,1.0,0.2,0.5,20.0,20.0,20.0,20.0,1.0,0.0,20.0,1.0,0.2,0.5
1974,2,71.0,5.0,,,,,,,,,,,,,,,,,,,,,,,,,,,,,,,,,,,,,,,,2.6,2.6,2.6,2.6,1.0,0.0,16.0,1.0,0.0,0.9,0.45,0.45,0.45,0.45,1.0,0.0,16.0,1.0,0.0,0.9,-2.56,-2.56,-2.56,-2.56,1.0,0.0,16.0,1.0,0.0,0.9,1010.2,1010.2,1010.2,1010.2,1.0,0.0,16.0,1.0,0.0,0.9,,,,,,,,,,,,,,,,,,,,,,,,,,,,,,,,,,,,,,,,,,,,,,,,,,,,,,,,,,,,,,,,,,,,,,,,,,,,,,,,,,,,,,,,,,,,,,,,,,,,,,,,,,,,,,,,,,,,,,,,,,,,,,,,,,,,,,,,,,,,,,,,,,,,,,
1974,2,71.0,6.0,27.63,29.0,29.68,28.67,3.0,1.53,14.0,0.3,0.5,0.3,26.57,27.8,27.8,27.2,3.0,1.04,14.0,0.3,0.5,0.3,17.11,17.11,17.11,17.11,1.0,0.0,26.0,1.0,0.1,0.8,73.4,73.4,73.4,73.4,1.0,0.0,26.0,1.0,0.8,3.63,5.0,6.37,5.0,2.0,2.83,8.0,0.0,0.6,0.0,-0.55,0.87,2.29,0.87,2.0,2.95,8.0,0.0,0.6,0.0,-5.72,-3.19,-0.66,-3.19,2.0,5.24,8.0,0.0,0.6,0.0,1009.45,1011.5,1011.64,1010.57,3.0,1.79,14.0,0.3,0.5,0.3,2.3,5.0,7.0,4.7,3.0,3.5,14.0,0.3,0.5,0.3,-5.8,0.2,6.1,0.2,2.0,12.3,8.0,0.0,0.6,0.0,-40.3,-23.3,-6.3,-23.3,2.0,35.2,8.0,0.0,0.6,0.0,,,,,,,,,,,,,,,,,,,,,,,,,,,,,,,,,,,,,,,,,,,,,,,,,,,,,,,,,,,,,,,,,,,,,,,,,,,,,,,,,,,,,,,,,,,,,,,,,,,,,,,,,,,,,,,,,,,,,,,,
1974,2,71.0,7.0,27.96,28.3,28.64,28.3,2.0,0.71,8.0,0.5,0.8,0.3,26.58,27.4,28.22,27.4,2.0,1.7,8.0,0.5,0.8,0.3,16.79,17.15,17.52,17.15,2.0,0.76,8.0,0.5,0.8,0.3,73.1,75.2,77.2,75.2,2.0,4.2,8.0,0.5,0.3,1.23,2.8,4.37,2.8,2.0,3.25,8.0,0.5,0.8,0.3,0.2,0.83,1.45,0.83,2.0,1.29,8.0,0.5,0.8,0.3,-4.11,-2.64,-1.17,-2.64,2.0,3.04,8.0,0.5,0.8,0.3,1009.17,1009.55,1009.93,1009.55,2.0,0.78,8.0,0.5,0.8,0.3,1.5,2.5,3.5,2.5,2.0,2.1,8.0,0.5,0.8,0.3,1.4,4.4,7.5,4.4,2.0,6.3,8.0,0.5,0.8,0.3,-20.6,-12.3,-4.1,-12.3,2.0,17.1,8.0,0.5,0.8,0.3,0.42,0.9,1.38,0.9,2.0,0.99,8.0,0.5,0.8,0.3,0.8,0.9,1.0,0.9,2.0,0.2,8.0,0.5,0.8,0.3,6.9,7.03,7.16,7.03,2.0,0.27,8.0,0.5,0.8,0.3,8.7,20.1,31.5,20.1,2.0,23.6,8.0,0.5,0.8,0.3,6.0,23.8,41.6,23.8,2.0,36.9,8.0,0.5,0.8,0.3,-117.4,-75.0,-32.6,-75.0,2.0,87.8,8.0,0.5,0.8,0.3,3.7,14.7,25.7,14.7,2.0,22.8,8.0,0.5,0.8,0.3,-72.6,-46.5,-20.3,-46.5,2.0,54.2,8.0,0.5,0.8,0.3,1.5,6.0,10.5,6.0,2.0,9.3,8.0,0.5,0.8,0.3,-29.6,-19.0,-8.3,-19.0,2.0,22.1,8.0,0.5,0.8,0.3,21.0,66.5,111.5,66.5,2.0,93.5,8.0,0.5,0.8,0.3,20.0,65.0,110.0,65.0,2.0,95.0,8.0,0.5,0.8,0.3
1974,2,71.0,8.0,28.03,28.1,28.17,28.1,2.0,0.14,18.0,0.5,0.5,0.7,26.12,27.0,27.9,26.98,5.0,1.28,22.0,0.2,0.4,0.6,16.87,18.54,19.68,18.29,4.0,1.71,24.0,0.0,0.3,0.5,80.8,83.8,86.8,83.8,4.0,3.5,24.0,0.0,0.5,3.23,4.6,6.37,4.8,3.0,2.31,24.0,0.0,0.2,0.6,-2.96,-1.57,-0.19,-1.57,3.0,2.03,24.0,0.0,0.2,0.6,-5.63,-4.32,-3.12,-4.37,3.0,1.84,24.0,0.0,0.2,0.6,1007.56,1009.1,1010.88,1009.22,5.0,1.71,22.0,0.2,0.4,0.6,1.6,2.0,2.7,2.2,5.0,1.1,22.0,0.2,0.4,0.6,-20.0,-7.2,-1.5,-10.7,3.0,13.9,24.0,0.0,0.2,0.6,-37.0,-19.9,-10.9,-23.8,3.0,19.4,24.0,0.0,0.2,0.6,-0.31,0.3,0.91,0.3,2.0,1.27,18.0,0.5,0.5,0.7,3.1,3.1,3.1,3.1,1.0,0.0,26.0,0.0,0.3,0.6,4.54,4.54,4.54,4.54,1.0,0.0,26.0,0.0,0.3,0.6,11.8,11.8,11.8,11.8,1.0,0.0,26.0,0.0,0.3,0.6,-78.1,-39.5,-4.2,-41.1,3.0,54.2,24.0,0.0,0.2,0.6,-148.1,-108.5,-81.6,-114.7,3.0,49.0,24.0,0.0,0.2,0.6,-51.4,-25.5,-2.1,-26.7,3.0,36.1,24.0,0.0,0.2,0.6,-97.2,-70.0,-56.2,-76.5,3.0,30.5,24.0,0.0,0.2,0.6,2.0,2.0,2.0,2.0,1.0,0.0,26.0,0.0,0.3,0.6,-11.6,-11.6,-11.6,-11.6,1.0,0.0,26.0,0.0,0.3,0.6,43.0,97.5,285.5,162.5,3.0,186.5,24.0,0.0,0.2,0.6,45.0,95.0,285.0,165.0,3.0,185.0,24.0,0.0,0.2,0.6
1974,2,71.0,9.0,26.93,27.8,28.44,27.66,9.0,0.79,16.0,0.4,0.6,0.7,25.63,27.3,27.67,26.7,9.0,1.08,16.0,0.4,0.6,0.7,14.51,16.3,17.89,16.17,9.0,1.8,16.0,0.4,0.6,0.7,65.5,73.5,78.8,74.1,9.0,9.1,16.0,0.4,0.7,0.57,2.6,4.97,3.2,9.0,2.4,16.0,0.4,0.5,0.8,-2.7,0.0,0.84,-0.61,9.0,1.63,16.0,0.4,0.5,0.8,-4.62,-2.56,-0.45,-2.82,9.0,2.29,16.0,0.4,0.5,0.8,1009.2,1010.8,1015.45,1011.93,9.0,3.03,16.0,0.4,0.6,0.7,1.0,1.0,1.7,1.1,9.0,0.6,16.0,0.4,0.5,0.7,-11.3,0.0,3.7,-2.1,9.0,7.6,16.0,0.4,0.5,0.8,-23.1,-6.7,-1.1,-13.8,9.0,16.4,16.0,0.4,0.5,0.8,-0.19,0.8,2.31,0.96,9.0,1.35,16.0,0.4,0.6,0.7,-1.2,0.1,2.1,2.6,8.0,7.2,18.0,0.5,0.5,0.7,4.92,6.38,9.16,7.06,9.0,2.51,16.0,0.4,0.6,0.7,1.8,20.0,31.4,18.6,8.0,13.5,18.0,0.5,0.5,0.7,-77.5,0.0,24.0,-17.2,8.0,46.8,18.0,0.5,0.5,0.7,-134.4,-75.6,-4.8,-75.9,8.0,63.4,18.0,0.5,0.5,0.7,-49.7,0.0,14.5,-11.1,8.0,30.3,18.0,0.5,0.5,0.7,-82.6,-45.0,-3.0,-49.3,8.0,44.5,18.0,0.5,0.5,0.7,-12.9,0.0,6.5,-2.6,8.0,9.2,18.0,0.5,0.5,0.7,-30.6,-16.2,-1.2,-16.3,8.0,13.4,18.0,0.5,0.5,0.7,2.5,17.5,123.0,83.0,9.0,120.0,16.0,0.4,0.5,0.8,0.0,20.0,125.0,85.0,9.0,120.0,16.0,0.4,0.5,0.8
1974,2,71.0,10.0,26.97,27.9,29.24,28.03,7.0,1.25,16.0,0.3,0.2,0.4,26.6,27.0,27.2,26.91,7.0,0.3,16.0,0.3,0.2,0.4,16.44,17.93,19.97,18.23,5.0,2.28,20.0,0.4,0.1,0.4,74.9,79.3,88.9,81.7,5.0,9.0,20.0,0.4,0.4,0.0,3.0,5.25,3.04,7.0,3.01,16.0,0.3,0.2,0.4,-1.81,-1.42,0.0,-1.1,7.0,1.17,16.0,0.3,0.2,0.4,-4.95,-2.57,0.0,-2.72,7.0,2.91,16.0,0.3,0.2,0.4,1008.27,1010.9,1011.57,1010.37,7.0,1.84,16.0,0.3,0.2,0.4,1.0,2.0,3.2,2.4,7.0,2.6,16.0,0.3,0.2,0.4,-11.7,-4.5,0.0,-5.3,7.0,5.6,16.0,0.3,0.2,0.4,-26.4,-7.8,0.0,-15.7,7.0,23.9,16.0,0.3,0.2,0.4,0.46,0.8,1.95,1.11,7.0,1.07,16.0,0.3,0.2,0.4,0.0,2.0,6.7,3.3,7.0,3.4,16.0,0.3,0.2,0.4,4.19,5.72,6.16,5.31,5.0,1.23,20.0,0.4,0.1,0.4,0.0,3.8,31.8,13.9,5.0,17.5,20.0,0.4,0.1,0.4,-49.1,-38.4,0.0,-29.7,7.0,31.1,16.0,0.3,0.2,0.4,-134.5,-68.1,0.0,-73.4,7.0,78.6,16.0,0.3,0.2,0.4,-28.6,0.0,0.0,-11.7,5.0,16.0,20.0,0.4,0.1,0.4,-110.6,-21.7,0.0,-52.2,5.0,66.6,20.0,0.4,0.1,0.4,-7.7,0.0,0.0,-3.3,5.0,4.6,20.0,0.4,0.1,0.4,-30.5,-3.8,0.0,-13.4,5.0,17.0,20.0,0.4,0.1,0.4,0.0,27.0,152.5,111.0,7.0,200.0,16.0,0.3,0.2,0.4,0.0,25.0,155.0,110.0,7.0,200.0,16.0,0.3,0.2,0.4
1974,2,71.0,12.0,27.26,28.0,28.0,27.75,8.0,0.5,16.0,0.5,0.7,0.8,24.67,27.4,29.78,27.38,8.0,2.83,16.0,0.5,0.8,0.8,15.02,17.55,19.33,17.82,8.0,2.91,16.0,0.5,0.8,0.8,73.9,77.6,80.0,77.6,8.0,4.0,16.0,0.5,0.8,2.23,6.2,7.43,5.23,9.0,2.74,16.0,0.4,0.7,0.8,-1.27,0.0,2.96,0.77,9.0,2.41,16.0,0.4,0.7,0.8,-6.98,-4.79,-2.23,-4.78,9.0,2.48,16.0,0.4,0.7,0.8,1009.58,1010.6,1014.37,1011.49,9.0,2.46,16.0,0.4,0.7,0.8,0.3,1.0,2.0,1.4,9.0,1.2,16.0,0.4,0.7,0.8,-6.5,0.0,23.5,6.3,9.0,16.8,16.0,0.4,0.7,0.8,-52.1,-29.4,-5.0,-31.0,9.0,25.2,16.0,0.4,0.7,0.8,-2.43,0.2,3.55,0.24,7.0,3.36,16.0,0.6,0.8,0.8,-5.8,1.2,24.0,4.0,7.0,19.7,16.0,0.6,0.8,0.8,3.47,5.85,8.97,5.37,7.0,3.49,16.0,0.6,0.8,0.8,5.3,12.9,60.5,27.0,7.0,29.4,16.0,0.6,0.8,0.8,-49.9,0.0,61.3,10.3,8.0,65.2,16.0,0.5,0.8,0.8,-156.4,-143.1,-64.1,-116.1,8.0,54.2,16.0,0.5,0.8,0.8,-36.8,0.0,37.5,5.2,8.0,42.1,16.0,0.5,0.8,0.8,-104.0,-88.3,-41.4,-74.9,8.0,35.5,16.0,0.5,0.8,0.8,0.0,1.9,24.1,10.1,7.0,12.1,16.0,0.6,0.8,0.8,-56.9,-12.9,-5.3,-24.7,7.0,27.2,16.0,0.6,0.8,0.8,11.5,238.5,414.5,243.0,9.0,241.0,16.0,0.4,0.7,0.8,10.0,240.0,415.0,245.0,9.0,240.0,16.0,0.4,0.7,0.8
1974,2,71.0,13.0,27.0,27.9,28.3,27.83,9.0,0.69,10.0,0.6,0.3,0.3,26.19,27.0,27.27,27.14,9.0,1.36,10.0,0.6,0.3,0.3,14.34,15.52,16.73,15.7,9.0,1.28,10.0,0.6,0.3,0.3,63.8,68.9,78.2,70.2,9.0,7.1,10.0,0.6,0.3,2.87,4.6,8.46,5.03,9.0,3.1,10.0,0.6,0.3,0.3,-1.48,0.0,0.65,-0.21,9.0,1.11,10.0,0.6,0.3,0.3,-8.46,-4.32,-2.63,-4.91,9.0,3.12,10.0,0.6,0.3,0.3,1011.93,1012.3,1014.98,1013.09,9.0,1.84,10.0,0.6,0.3,0.3,0.0,2.0,3.5,1.8,9.0,1.8,10.0,0.6,0.3,0.3,-5.4,0.0,3.3,-1.5,9.0,6.9,10.0,0.6,0.3,0.3,-73.5,-19.9,-7.7,-33.3,9.0,34.4,10.0,0.6,0.3,0.3,0.19,1.0,1.42,0.69,9.0,1.21,10.0,0.6,0.3,0.3,0.0,3.6,6.0,1.6,9.0,8.9,10.0,0.6,0.3,0.3,6.09,7.94,9.36,7.74,9.0,1.5,10.0,0.6,0.3,0.3,18.8,41.1,64.4,40.5,9.0,24.5,10.0,0.6,0.3,0.3,-40.1,0.0,17.6,-5.9,9.0,30.0,10.0,0.6,0.3,0.3,-235.0,-116.7,-71.5,-135.4,9.0,90.3,10.0,0.6,0.3,0.3,-22.1,0.0,10.0,-3.3,9.0,16.2,10.0,0.6,0.3,0.3,-128.9,-61.9,-43.8,-76.1,9.0,48.7,10.0,0.6,0.3,0.3,-11.2,0.0,5.2,-1.5,9.0,9.8,10.0,0.6,0.3,0.3,-64.4,-40.5,-18.1,-39.3,9.0,24.5,10.0,0.6,0.3,0.3,25.5,97.5,652.0,261.0,9.0,355.5,10.0,0.6,0.3,0.3,25.0,95.0,650.0,260.0,9.0,355.0,10.0,0.6,0.3,0.3
1974,2,71.0,14.0,26.96,27.0,27.2,27.06,5.0,0.13,10.0,0.6,0.4,0.4,25.93,26.1,27.55,26.62,5.0,0.91,10.0,0.6,0.4,0.4,14.32,15.28,16.64,15.47,4.0,1.58,10.0,0.5,0.5,0.5,66.0,70.2,79.0,72.4,4.0,8.3,10.0,0.5,0.5,3.23,4.6,7.4,5.3,3.0,3.11,4.0,0.3,0.6,0.5,-0.07,1.51,1.84,0.9,3.0,1.49,4.0,0.3,0.6,0.5,-7.29,-4.53,-2.58,-4.92,3.0,3.47,4.0,0.3,0.6,0.5,1009.78,1011.1,1011.81,1010.84,5.0,1.46,10.0,0.6,0.4,0.4,0.0,0.0,2.4,1.0,5.0,1.4,10.0,0.6,0.4,0.4,-0.9,5.2,10.6,4.9,3.0,8.4,4.0,0.3,0.6,0.5,-57.5,-20.8,-9.6,-33.2,3.0,36.7,4.0,0.3,0.6,0.5,-0.42,1.0,1.1,0.44,5.0,0.88,10.0,0.6,0.4,0.4,-0.3,2.9,4.0,1.9,3.0,3.3,4.0,0.3,0.6,0.5,5.86,7.34,8.07,6.98,4.0,1.57,10.0,0.5,0.5,0.5,22.0,22.1,52.5,36.9,3.0,25.8,4.0,0.3,0.6,0.5,-1.0,41.4,48.2,24.0,3.0,39.1,4.0,0.3,0.6,0.5,-197.6,-117.8,-66.8,-131.9,3.0,96.6,4.0,0.3,0.6,0.5,-2.4,22.5,25.9,12.0,3.0,22.7,4.0,0.3,0.6,0.5,-112.5,-79.5,-40.9,-76.8,3.0,52.4,4.0,0.3,0.6,0.5,1.1,11.6,15.1,8.2,3.0,10.7,4.0,0.3,0.6,0.5,-51.7,-21.7,-16.5,-33.8,3.0,27.8,4.0,0.3,0.6,0.5,43.0,97.5,480.5,258.0,3.0,349.5,4.0,0.3,0.6,0.5,45.0,95.0,480.0,260.0,3.0,350.0,4.0,0.3,0.6,0.5
1974,2,71.0,15.0,26.36,26.75,27.91,27.13,6.0,1.28,14.0,0.5,0.4,0.3,25.96,26.5,28.41,27.08,6.0,1.66,14.0,0.5,0.4,0.3,16.14,17.49,17.6,16.99,5.0,0.8,14.0,0.6,0.3,0.2,71.5,75.4,80.8,75.8,5.0,6.2,14.0,0.6,0.2,1.98,4.55,6.11,4.35,6.0,2.32,14.0,0.5,0.4,0.3,-1.61,-0.26,1.74,-0.15,6.0,2.44,14.0,0.5,0.4,0.3,-6.02,-3.0,-1.12,-3.44,6.0,2.82,14.0,0.5,0.4,0.3,1010.59,1013.45,1015.74,1013.37,6.0,3.22,14.0,0.5,0.4,0.3,0.0,0.5,3.2,1.3,6.0,1.8,14.0,0.5,0.4,0.3,-7.8,-0.4,11.6,0.8,6.0,11.6,14.0,0.5,0.4,0.3,-37.4,-12.2,-1.7,-19.5,6.0,22.7,14.0,0.5,0.4,0.3,-0.54,-0.25,0.77,0.05,6.0,0.81,14.0,0.5,0.4,0.3,-2.6,-0.7,2.9,0.8,6.0,5.1,14.0,0.5,0.4,0.3,4.44,5.46,6.81,5.71,5.0,1.58,14.0,0.6,0.3,0.2,8.4,31.1,43.6,27.0,5.0,18.3,14.0,0.6,0.3,0.2,-43.9,-6.7,47.3,-2.5,6.0,67.8,14.0,0.5,0.4,0.3,-164.5,-86.4,-29.2,-93.2,6.0,74.6,14.0,0.5,0.4,0.3,-12.0,0.0,34.8,10.6,5.0,30.2,14.0,0.6,0.3,0.2,-106.8,-69.1,-30.6,-69.6,5.0,41.3,14.0,0.6,0.3,0.2,-3.4,0.0,15.0,5.5,5.0,13.1,14.0,0.6,0.3,0.2,-37.0,-30.6,-8.2,-24.8,5.0,16.5,14.0,0.6,0.3,0.2,8.0,98.5,241.0,142.0,6.0,169.5,14.0,0.5,0.4,0.3,10.0,100.0,240.0,140.0,6.0,170.0,14.0,0.5,0.4,0.3
1974,2,71.0,16.0,25.9,25.9,25.9,25.9,1.0,0.0,16.0,1.0,0.6,0.4,27.48,28.5,29.52,28.5,2.0,2.12,18.0,1.0,0.8,0.5,15.87,15.87,15.87,15.87,1.0,0.0,16.0,1.0,0.6,0.4,71.4,71.4,71.4,71.4,1.0,0.0,16.0,1.0,0.4,4.77,5.15,5.53,5.15,2.0,0.78,18.0,1.0,0.8,0.5,0.63,1.99,3.35,1.99,2.0,2.82,18.0,1.0,0.8,0.5,-5.16,-4.0,-2.84,-4.0,2.0,2.4,18.0,1.0,0.8,0.5,1012.53,1012.6,1012.67,1012.6,2.0,0.14,18.0,1.0,0.8,0.5,0.0,0.0,0.0,0.0,2.0,0.0,18.0,1.0,0.8,0.5,2.9,9.2,15.4,9.2,2.0,13.0,18.0,1.0,0.8,0.5,-29.0,-21.5,-14.1,-21.5,2.0,15.5,18.0,1.0,0.8,0.5,-1.1,-1.1,-1.1,-1.1,1.0,0.0,16.0,1.0,0.6,0.4,-5.1,-5.1,-5.1,-5.1,1.0,0.0,16.0,1.0,0.6,0.4,5.01,5.01,5.01,5.01,1.0,0.0,16.0,1.0,0.6,0.4,23.1,23.1,23.1,23.1,1.0,0.0,16.0,1.0,0.6,0.4,17.1,53.8,90.5,53.8,2.0,76.1,18.0,1.0,0.8,0.5,-153.7,-116.5,-79.4,-116.5,2.0,77.0,18.0,1.0,0.8,0.5,63.2,63.2,63.2,63.2,1.0,0.0,16.0,1.0,0.6,0.4,-36.5,-36.5,-36.5,-36.5,1.0,0.0,16.0,1.0,0.6,0.4,20.0,20.0,20.0,20.0,1.0,0.0,16.0,1.0,0.6,0.4,-11.5,-11.5,-11.5,-11.5,1.0,0.0,16.0,1.0,0.6,0.4,111.5,141.5,171.5,141.5,2.0,62.0,18.0,1.0,0.8,0.5,110.0,140.0,170.0,140.0,2.0,60.0,18.0,1.0,0.8,0.5
1974,2,71.0,17.0,,,,,,,,,,,,,,,,,,,,,,,,,,,,,,,,,,,,,,,,6.52,7.65,8.78,7.65,2.0,2.33,14.0,1.0,0.6,0.1,-1.73,-1.03,-0.33,-1.03,2.0,1.45,14.0,1.0,0.6,0.1,-8.72,-7.47,-6.22,-7.47,2.0,2.59,14.0,1.0,0.6,0.1,1009.99,1011.7,1013.41,1011.7,2.0,3.54,14.0,1.0,0.6,0.1,,,,,,,,,,,,,,,,,,,,,,,,,,,,,,,,,,,,,,,,,,,,,,,,,,,,,,,,,,,,,,,,,,,,,,,,,,,,,,,,,,,,,,,,,,,,,,,,,,,,,,,,,,,,,,,,,,,,,,,,,,,,,,,,,,,,,,,,,,,,,,,,,,,,,,
1974,2,71.0,18.0,26.05,26.25,27.76,26.88,4.0,1.43,20.0,0.3,0.6,0.5,24.63,25.0,26.12,25.4,5.0,1.47,16.0,0.4,0.5,0.4,13.14,14.51,15.88,14.51,2.0,2.84,26.0,0.5,0.6,0.6,61.4,78.5,81.5,71.6,3.0,15.9,24.0,0.3,0.6,7.15,8.2,11.48,9.04,5.0,2.41,16.0,0.4,0.5,0.4,-3.94,-3.1,-1.3,-2.62,5.0,1.67,16.0,0.4,0.5,0.4,-11.42,-7.1,-6.19,-8.41,5.0,2.86,16.0,0.4,0.5,0.4,1011.14,1012.85,1013.46,1012.33,4.0,1.69,14.0,0.5,0.6,0.4,0.0,0.0,0.0,0.0,5.0,0.0,16.0,0.4,0.5,0.4,-31.1,-24.2,-12.2,-21.3,5.0,13.1,16.0,0.4,0.5,0.4,-131.1,-58.2,-44.8,-81.5,5.0,47.4,16.0,0.4,0.5,0.4,-0.31,1.0,2.57,1.13,4.0,2.25,20.0,0.3,0.6,0.5,-5.2,9.8,22.8,8.8,4.0,20.4,20.0,0.3,0.6,0.5,5.37,6.85,8.33,6.85,2.0,3.07,26.0,0.5,0.6,0.6,46.5,69.0,91.4,69.0,2.0,46.6,26.0,0.5,0.6,0.6,-98.8,-74.4,-32.5,-65.0,5.0,41.6,16.0,0.4,0.5,0.4,-299.6,-177.5,-153.3,-215.9,5.0,81.9,16.0,0.4,0.5,0.4,-53.5,-31.8,-10.1,-31.8,2.0,45.0,26.0,0.5,0.6,0.6,-136.4,-125.7,-115.1,-125.7,2.0,22.0,26.0,0.5,0.6,0.6,-15.2,-9.0,-2.9,-9.0,2.0,12.7,26.0,0.5,0.6,0.6,-90.7,-66.5,-42.4,-66.5,2.0,50.0,26.0,0.5,0.6,0.6,377.0,551.5,1516.0,866.5,5.0,632.0,16.0,0.4,0.5,0.4,375.0,550.0,1515.0,865.0,5.0,630.0,16.0,0.4,0.5,0.4
1974,2,71.0,19.0,25.55,25.8,27.05,26.28,4.0,1.17,10.0,0.8,0.5,0.4,22.58,23.7,26.29,24.4,4.0,2.57,10.0,0.8,0.5,0.4,9.06,9.14,9.23,9.14,2.0,0.18,16.0,1.0,0.6,0.6,53.5,53.9,54.3,53.9,2.0,0.9,16.0,1.0,0.6,4.31,6.05,8.99,6.63,4.0,3.11,12.0,0.8,0.5,0.5,-3.69,-0.9,0.91,-1.36,4.0,3.06,12.0,0.8,0.5,0.5,-8.23,-5.9,-3.92,-6.07,4.0,2.71,12.0,0.8,0.5,0.5,1013.36,1014.6,1015.52,1014.45,4.0,1.44,10.0,0.8,0.5,0.4,0.0,0.0,0.4,0.2,5.0,0.4,10.0,0.8,0.5,0.5,-33.6,-3.2,4.7,-14.0,4.0,30.2,12.0,0.8,0.5,0.5,-76.2,-36.7,-17.5,-46.4,4.0,39.6,12.0,0.8,0.5,0.5,0.14,2.95,3.5,1.88,4.0,2.63,10.0,0.8,0.5,0.4,19.8,25.2,26.4,23.2,3.0,5.1,12.0,0.7,0.4,0.4,11.13,11.25,11.37,11.25,2.0,0.25,16.0,1.0,0.6,0.6,68.0,88.9,109.9,88.9,2.0,43.4,16.0,1.0,0.6,0.6,-84.8,0.0,26.4,-28.5,3.0,85.1,12.0,0.7,0.4,0.4,-201.1,-170.8,-126.8,-164.1,3.0,54.7,12.0,0.7,0.4,0.4,-39.6,-17.2,5.3,-17.2,2.0,46.5,16.0,1.0,0.6,0.6,-79.8,-64.9,-50.1,-64.9,2.0,30.7,16.0,1.0,0.6,0.6,-47.2,-19.9,7.3,-19.9,2.0,56.4,16.0,1.0,0.6,0.6,-95.8,-79.2,-62.5,-79.2,2.0,34.5,16.0,1.0,0.6,0.6,87.5,238.0,823.5,445.5,4.0,557.0,12.0,0.8,0.5,0.5,90.0,240.0,825.0,445.0,4.0,555.0,12.0,0.8,0.5,0.5
1974,2,71.0,20.0,22.0,22.0,22.0,22.0,1.0,0.0,8.0,0.0,0.0,0.0,23.0,23.0,23.0,23.0,1.0,0.0,8.0,0.0,0.0,0.0,13.29,13.29,13.29,13.29,1.0,0.0,8.0,0.0,0.0,0.0,76.3,76.3,76.3,76.3,1.0,0.0,8.0,0.0,0.0,8.2,8.2,8.2,8.2,1.0,0.0,8.0,0.0,0.0,0.0,5.27,5.27,5.27,5.27,1.0,0.0,8.0,0.0,0.0,0.0,-6.28,-6.28,-6.28,-6.28,1.0,0.0,8.0,0.0,0.0,0.0,1015.0,1015.0,1015.0,1015.0,1.0,0.0,8.0,0.0,0.0,0.0,0.0,0.0,0.0,0.0,1.0,0.0,8.0,0.0,0.0,0.0,43.2,43.2,43.2,43.2,1.0,0.0,8.0,0.0,0.0,0.0,-51.5,-51.5,-51.5,-51.5,1.0,0.0,8.0,0.0,0.0,0.0,-1.0,-1.0,-1.0,-1.0,1.0,0.0,8.0,0.0,0.0,0.0,-8.2,-8.2,-8.2,-8.2,1.0,0.0,8.0,0.0,0.0,0.0,3.14,3.14,3.14,3.14,1.0,0.0,8.0,0.0,0.0,0.0,25.8,25.8,25.8,25.8,1.0,0.0,8.0,0.0,0.0,0.0,121.2,121.2,121.2,121.2,1.0,0.0,8.0,0.0,0.0,0.0,-144.5,-144.5,-144.5,-144.5,1.0,0.0,8.0,0.0,0.0,0.0,70.1,70.1,70.1,70.1,1.0,0.0,8.0,0.0,0.0,0.0,-83.5,-83.5,-83.5,-83.5,1.0,0.0,8.0,0.0,0.0,0.0,16.6,16.6,16.6,16.6,1.0,0.0,8.0,0.0,0.0,0.0,-19.7,-19.7,-19.7,-19.7,1.0,0.0,8.0,0.0,0.0,0.0,551.5,551.5,551.5,551.5,1.0,0.0,8.0,0.0,0.0,0.0,550.0,550.0,550.0,550.0,1.0,0.0,8.0,0.0,0.0,0.0
1974,2,72.0,-62.0,0.4,0.4,0.4,0.4,1.0,0.0,12.0,1.0,0.2,0.2,1.2,1.2,1.2,1.2,1.0,0.0,12.0,1.0,0.2,0.2,3.4,3.4,3.4,3.4,1.0,0.0,12.0,1.0,0.2,0.2,79.8,79.8,79.8,79.8,1.0,0.0,12.0,1.0,0.2,8.7,8.7,8.7,8.7,1.0,0.0,12.0,1.0,0.2,0.2,7.53,7.53,7.53,7.53,1.0,0.0,12.0,1.0,0.2,0.2,4.35,4.35,4.35,4.35,1.0,0.0,12.0,1.0,0.2,0.2,980.0,980.0,980.0,980.0,1.0,0.0,12.0,1.0,0.2,0.2,7.0,7.0,7.0,7.0,1.0,0.0,12.0,1.0,0.2,0.2,65.5,65.5,65.5,65.5,1.0,0.0,12.0,1.0,0.2,0.2,37.8,37.8,37.8,37.8,1.0,0.0,12.0,1.0,0.2,0.2,-0.8,-0.8,-0.8,-0.8,1.0,0.0,12.0,1.0,0.2,0.2,-7.0,-7.0,-7.0,-7.0,1.0,0.0,12.0,1.0,0.2,0.2,0.62,0.62,0.62,0.62,1.0,0.0,12.0,1.0,0.2,0.2,5.4,5.4,5.4,5.4,1.0,0.0,12.0,1.0,0.2,0.2,9.0,9.0,9.0,9.0,1.0,0.0,12.0,1.0,0.2,0.2,5.2,5.2,5.2,5.2,1.0,0.0,12.0,1.0,0.2,0.2,25.6,25.6,25.6,25.6,1.0,0.0,12.0,1.0,0.2,0.2,14.8,14.8,14.8,14.8,1.0,0.0,12.0,1.0,0.2,0.2,4.7,4.7,4.7,4.7,1.0,0.0,12.0,1.0,0.2,0.2,2.7,2.7,2.7,2.7,1.0,0.0,12.0,1.0,0.2,0.2,658.5,658.5,658.5,658.5,1.0,0.0,12.0,1.0,0.2,0.2,660.0,660.0,660.0,660.0,1.0,0.0,12.0,1.0,0.2,0.2
1974,2,72.0,-59.0,,,,,,,,,,,,,,,,,,,,,,,,,,,,,,,,,,,,,,,,,,,,,,,,,,,,,,,,,,,,,,,,,,,,,,,,,,,,,,,,8.0,8.0,8.0,8.0,1.0,0.0,10.0,0.0,0.0,0.8,63.0,63.0,63.0,63.0,1.0,0.0,10.0,0.0,0.0,0.8,11.1,11.1,11.1,11.1,1.0,0.0,10.0,0.0,0.0,0.8,,,,,,,,,,,,,,,,,,,,,,,,,,,,,,,,,,,,,,,,,,,,,,,,,,,,,,,,,,,,,,,,,,,,,,,,,,,,,,,,,,,,,,,,,,,,,,,,,,,,,,,,,,,,,,,,,,,,,,,,
1974,2,72.0,-58.0,,,,,,,,,,,,,,,,,,,,,,,,,,,,,,,,,,,,,,,,,,,,,,,,,,,,,,,,,,,,,,,,,,,,,,,,,,,,,,,,8.0,8.0,8.0,8.0,1.0,0.0,10.0,1.0,0.9,0.1,166.4,166.4,166.4,166.4,1.0,0.0,10.0,1.0,0.9,0.1,29.3,29.3,29.3,29.3,1.0,0.0,10.0,1.0,0.9,0.1,,,,,,,,,,,,,,,,,,,,,,,,,,,,,,,,,,,,,,,,,,,,,,,,,,,,,,,,,,,,,,,,,,,,,,,,,,,,,,,,,,,,,,,,,,,,,,,,,,,,,,,,,,,,,,,,,,,,,,,,
1974,2,72.0,-54.0,2.3,2.5,2.7,2.5,2.0,0.42,6.0,1.0,0.6,0.7,2.78,2.95,3.12,2.95,2.0,0.35,6.0,1.0,0.6,0.7,4.27,4.41,4.55,4.41,2.0,0.29,6.0,1.0,0.6,0.7,89.2,93.3,97.4,93.3,2.0,8.5,6.0,1.0,0.7,17.0,17.0,17.0,17.0,1.0,0.0,6.0,1.0,0.8,0.8,14.72,14.72,14.72,14.72,1.0,0.0,6.0,1.0,0.8,0.8,8.5,8.5,8.5,8.5,1.0,0.0,6.0,1.0,0.8,0.8,1000.5,1000.7,1000.9,1000.7,2.0,0.42,6.0,1.0,0.6,0.7,8.0,8.0,8.0,8.0,2.0,0.0,6.0,1.0,0.6,0.7,250.3,250.3,250.3,250.3,1.0,0.0,6.0,1.0,0.8,0.8,144.5,144.5,144.5,144.5,1.0,0.0,6.0,1.0,0.8,0.8,-0.83,-0.45,-0.07,-0.45,2.0,0.78,6.0,1.0,0.6,0.7,-17.0,-17.0,-17.0,-17.0,1.0,0.0,6.0,1.0,0.8,0.8,0.1,0.17,0.25,0.17,2.0,0.15,6.0,1.0,0.6,0.7,4.8,4.8,4.8,4.8,1.0,0.0,6.0,1.0,0.8,0.8,47.1,47.1,47.1,47.1,1.0,0.0,6.0,1.0,0.8,0.8,27.2,27.2,27.2,27.2,1.0,0.0,6.0,1.0,0.8,0.8,61.9,61.9,61.9,61.9,1.0,0.0,6.0,1.0,0.8,0.8,35.7,35.7,35.7,35.7,1.0,0.0,6.0,1.0,0.8,0.8,4.1,4.1,4.1,4.1,1.0,0.0,6.0,1.0,0.8,0.8,2.4,2.4,2.4,2.4,1.0,0.0,6.0,1.0,0.8,0.8,4913.0,4913.0,4913.0,4913.0,1.0,0.0,6.0,1.0,0.8,0.8,4915.0,4915.0,4915.0,4915.0,1.0,0.0,6.0,1.0,0.8,0.8
1974,2,72.0,-53.0,3.3,3.3,3.3,3.3,1.0,0.0,4.0,1.0,0.2,0.7,4.9,4.9,4.9,4.9,1.0,0.0,4.0,1.0,0.2,0.7,4.95,4.95,4.95,4.95,1.0,0.0,4.0,1.0,0.2,0.7,91.3,91.3,91.3,91.3,1.0,0.0,4.0,1.0,0.7,1.0,1.0,1.0,1.0,1.0,0.0,4.0,1.0,0.2,0.7,-0.5,-0.5,-0.5,-0.5,1.0,0.0,4.0,1.0,0.2,0.7,0.87,0.87,0.87,0.87,1.0,0.0,4.0,1.0,0.2,0.7,1000.4,1000.4,1000.4,1000.4,1.0,0.0,4.0,1.0,0.2,0.7,8.0,8.0,8.0,8.0,1.0,0.0,4.0,1.0,0.2,0.7,-0.5,-0.5,-0.5,-0.5,1.0,0.0,4.0,1.0,0.2,0.7,0.9,0.9,0.9,0.9,1.0,0.0,4.0,1.0,0.2,0.7,-1.6,-1.6,-1.6,-1.6,1.0,0.0,4.0,1.0,0.2,0.7,-1.6,-1.6,-1.6,-1.6,1.0,0.0,4.0,1.0,0.2,0.7,-0.1,-0.1,-0.1,-0.1,1.0,0.0,4.0,1.0,0.2,0.7,-0.1,-0.1,-0.1,-0.1,1.0,0.0,4.0,1.0,0.2,0.7,-2.4,-2.4,-2.4,-2.4,1.0,0.0,4.0,1.0,0.2,0.7,4.2,4.2,4.2,4.2,1.0,0.0,4.0,1.0,0.2,0.7,-2.5,-2.5,-2.5,-2.5,1.0,0.0,4.0,1.0,0.2,0.7,4.3,4.3,4.3,4.3,1.0,0.0,4.0,1.0,0.2,0.7,0.1,0.1,0.1,0.1,1.0,0.0,4.0,1.0,0.2,0.7,-0.1,-0.1,-0.1,-0.1,1.0,0.0,4.0,1.0,0.2,0.7,1.0,1.0,1.0,1.0,1.0,0.0,4.0,1.0,0.2,0.7,0.0,0.0,0.0,0.0,1.0,0.0,4.0,1.0,0.2,0.7
1974,2,72.0,-50.0,4.8,4.8,4.8,4.8,1.0,0.0,2.0,1.0,0.4,1.0,5.3,5.3,5.3,5.3,1.0,0.0,2.0,1.0,0.4,1.0,4.32,4.32,4.32,4.32,1.0,0.0,2.0,1.0,0.4,1.0,79.3,79.3,79.3,79.3,1.0,0.0,2.0,1.0,1.0,8.2,8.2,8.2,8.2,1.0,0.0,2.0,1.0,0.4,1.0,6.28,6.28,6.28,6.28,1.0,0.0,2.0,1.0,0.4,1.0,5.27,5.27,5.27,5.27,1.0,0.0,2.0,1.0,0.4,1.0,1024.2,1024.2,1024.2,1024.2,1.0,0.0,2.0,1.0,0.4,1.0,5.0,5.0,5.0,5.0,1.0,0.0,2.0,1.0,0.4,1.0,51.5,51.5,51.5,51.5,1.0,0.0,2.0,1.0,0.4,1.0,43.2,43.2,43.2,43.2,1.0,0.0,2.0,1.0,0.4,1.0,-0.5,-0.5,-0.5,-0.5,1.0,0.0,2.0,1.0,0.4,1.0,-4.1,-4.1,-4.1,-4.1,1.0,0.0,2.0,1.0,0.4,1.0,0.95,0.95,0.95,0.95,1.0,0.0,2.0,1.0,0.4,1.0,7.8,7.8,7.8,7.8,1.0,0.0,2.0,1.0,0.4,1.0,33.3,33.3,33.3,33.3,1.0,0.0,2.0,1.0,0.4,1.0,27.9,27.9,27.9,27.9,1.0,0.0,2.0,1.0,0.4,1.0,27.1,27.1,27.1,27.1,1.0,0.0,2.0,1.0,0.4,1.0,22.8,22.8,22.8,22.8,1.0,0.0,2.0,1.0,0.4,1.0,5.9,5.9,5.9,5.9,1.0,0.0,2.0,1.0,0.4,1.0,5.0,5.0,5.0,5.0,1.0,0.0,2.0,1.0,0.4,1.0,551.5,551.5,551.5,551.5,1.0,0.0,2.0,1.0,0.4,1.0,550.0,550.0,550.0,550.0,1.0,0.0,2.0,1.0,0.4,1.0
1974,2,72.0,-47.0,,,,,,,,,,,,,,,,,,,,,,,,,,,,,,,,,,,,,,,,17.0,17.0,17.0,17.0,1.0,0.0,18.0,1.0,0.9,0.2,8.5,8.5,8.5,8.5,1.0,0.0,18.0,1.0,0.9,0.2,14.72,14.72,14.72,14.72,1.0,0.0,18.0,1.0,0.9,0.2,1009.7,1009.7,1009.7,1009.7,1.0,0.0,18.0,1.0,0.9,0.2,,,,,,,,,,,,,,,,,,,,,,,,,,,,,,,,,,,,,,,,,,,,,,,,,,,,,,,,,,,,,,,,,,,,,,,,,,,,,,,,,,,,,,,,,,,,,,,,,,,,,,,,,,,,,,,,,,,,,,,,,,,,,,,,,,,,,,,,,,,,,,,,,,,,,,
1974,2,72.0,-45.0,8.3,8.3,8.3,8.3,1.0,0.0,4.0,1.0,0.2,0.3,11.47,12.9,14.33,12.9,2.0,2.97,10.0,1.0,0.1,0.5,5.83,5.83,5.83,5.83,1.0,0.0,4.0,1.0,0.2,0.3,72.7,72.7,72.7,72.7,1.0,0.0,4.0,1.0,0.3,4.57,7.95,11.33,7.95,2.0,7.0,10.0,1.0,0.1,0.5,0.08,5.2,10.32,5.2,2.0,10.61,10.0,1.0,0.1,0.5,1.98,2.08,2.19,2.08,2.0,0.22,10.0,1.0,0.1,0.5,1012.6,1012.6,1012.6,1012.6,1.0,0.0,4.0,1.0,0.2,0.3,4.5,5.5,6.5,5.5,2.0,2.1,10.0,1.0,0.1,0.5,20.2,78.5,136.8,78.5,2.0,120.8,10.0,1.0,0.1,0.5,9.5,17.3,25.2,17.3,2.0,16.3,10.0,1.0,0.1,0.5,-2.5,-2.5,-2.5,-2.5,1.0,0.0,4.0,1.0,0.2,0.3,-32.2,-32.2,-32.2,-32.2,1.0,0.0,4.0,1.0,0.2,0.3,0.95,0.95,0.95,0.95,1.0,0.0,4.0,1.0,0.2,0.3,12.3,12.3,12.3,12.3,1.0,0.0,4.0,1.0,0.2,0.3,-7.2,51.4,110.0,51.4,2.0,121.4,10.0,1.0,0.1,0.5,24.9,26.6,28.2,26.6,2.0,3.3,10.0,1.0,0.1,0.5,74.0,74.0,74.0,74.0,1.0,0.0,4.0,1.0,0.2,0.3,13.1,13.1,13.1,13.1,1.0,0.0,4.0,1.0,0.2,0.3,12.1,12.1,12.1,12.1,1.0,0.0,4.0,1.0,0.2,0.3,2.1,2.1,2.1,2.1,1.0,0.0,4.0,1.0,0.2,0.3,363.5,1087.0,1810.5,1087.0,2.0,1499.0,10.0,1.0,0.1,0.5,365.0,1085.0,1810.0,1085.0,2.0,1500.0,10.0,1.0,0.1,0.5
1974,2,72.0,-43.0,15.0,15.0,15.0,15.0,1.0,0.0,12.0,1.0,0.7,0.9,13.6,13.6,13.6,13.6,1.0,0.0,12.0,1.0,0.7,0.9,6.6,6.6,6.6,6.6,1.0,0.0,12.0,1.0,0.7,0.9,68.9,68.9,68.9,68.9,1.0,0.0,12.0,1.0,0.9,6.7,6.7,6.7,6.7,1.0,0.0,12.0,1.0,0.7,0.9,4.31,4.31,4.31,4.31,1.0,0.0,12.0,1.0,0.7,0.9,5.13,5.13,5.13,5.13,1.0,0.0,12.0,1.0,0.7,0.9,1018.6,1018.6,1018.6,1018.6,1.0,0.0,12.0,1.0,0.7,0.9,6.0,6.0,6.0,6.0,1.0,0.0,12.0,1.0,0.7,0.9,28.9,28.9,28.9,28.9,1.0,0.0,12.0,1.0,0.7,0.9,34.4,34.4,34.4,34.4,1.0,0.0,12.0,1.0,0.7,0.9,1.4,1.4,1.4,1.4,1.0,0.0,12.0,1.0,0.7,0.9,9.4,9.4,9.4,9.4,1.0,0.0,12.0,1.0,0.7,0.9,3.92,3.92,3.92,3.92,1.0,0.0,12.0,1.0,0.7,0.9,26.2,26.2,26.2,26.2,1.0,0.0,12.0,1.0,0.7,0.9,58.6,58.6,58.6,58.6,1.0,0.0,12.0,1.0,0.7,0.9,69.8,69.8,69.8,69.8,1.0,0.0,12.0,1.0,0.7,0.9,28.4,28.4,28.4,28.4,1.0,0.0,12.0,1.0,0.7,0.9,33.9,33.9,33.9,33.9,1.0,0.0,12.0,1.0,0.7,0.9,16.9,16.9,16.9,16.9,1.0,0.0,12.0,1.0,0.7,0.9,20.1,20.1,20.1,20.1,1.0,0.0,12.0,1.0,0.7,0.9,301.0,301.0,301.0,301.0,1.0,0.0,12.0,1.0,0.7,0.9,300.0,300.0,300.0,300.0,1.0,0.0,12.0,1.0,0.7,0.9
1974,2,72.0,-42.0,15.0,15.0,15.0,15.0,1.0,0.0,4.0,1.0,0.3,0.3,13.0,13.0,13.0,13.0,1.0,0.0,4.0,1.0,0.3,0.3,8.89,8.89,8.89,8.89,1.0,0.0,4.0,1.0,0.3,0.3,96.1,96.1,96.1,96.1,1.0,0.0,4.0,1.0,0.3,12.3,12.3,12.3,12.3,1.0,0.0,4.0,1.0,0.3,0.3,9.42,9.42,9.42,9.42,1.0,0.0,4.0,1.0,0.3,0.3,7.91,7.91,7.91,7.91,1.0,0.0,4.0,1.0,0.3,0.3,1017.2,1017.2,1017.2,1017.2,1.0,0.0,4.0,1.0,0.3,0.3,8.0,8.0,8.0,8.0,1.0,0.0,4.0,1.0,0.3,0.3,115.9,115.9,115.9,115.9,1.0,0.0,4.0,1.0,0.3,0.3,97.2,97.2,97.2,97.2,1.0,0.0,4.0,1.0,0.3,0.3,2.0,2.0,2.0,2.0,1.0,0.0,4.0,1.0,0.3,0.3,24.6,24.6,24.6,24.6,1.0,0.0,4.0,1.0,0.3,0.3,1.65,1.65,1.65,1.65,1.0,0.0,4.0,1.0,0.3,0.3,20.3,20.3,20.3,20.3,1.0,0.0,4.0,1.0,0.3,0.3,122.5,122.5,122.5,122.5,1.0,0.0,4.0,1.0,0.3,0.3,102.8,102.8,102.8,102.8,1.0,0.0,4.0,1.0,0.3,0.3,83.7,83.7,83.7,83.7,1.0,0.0,4.0,1.0,0.3,0.3,70.3,70.3,70.3,70.3,1.0,0.0,4.0,1.0,0.3,0.3,15.5,15.5,15.5,15.5,1.0,0.0,4.0,1.0,0.3,0.3,13.0,13.0,13.0,13.0,1.0,0.0,4.0,1.0,0.3,0.3,1861.0,1861.0,1861.0,1861.0,1.0,0.0,4.0,1.0,0.3,0.3,1860.0,1860.0,1860.0,1860.0,1.0,0.0,4.0,1.0,0.3,0.3
1974,2,72.0,-40.0,16.16,16.5,16.84,16.5,3.0,0.5,10.0,0.7,0.5,0.4,18.16,18.5,19.11,18.63,3.0,0.71,10.0,0.7,0.5,0.4,11.38,11.87,12.17,11.77,3.0,0.58,10.0,0.7,0.5,0.4,87.2,88.7,92.2,89.7,3.0,3.8,10.0,0.7,0.4,1.35,2.1,2.44,1.9,3.0,0.82,10.0,0.7,0.5,0.4,-0.29,0.64,1.56,0.64,3.0,1.35,10.0,0.7,0.5,0.4,-1.88,-1.67,-1.05,-1.47,3.0,0.63,10.0,0.7,0.5,0.4,1025.88,1032.3,1032.78,1029.4,3.0,5.64,10.0,0.7,0.5,0.4,0.3,1.0,1.0,0.7,3.0,0.6,10.0,0.7,0.5,0.4,-0.8,0.6,3.7,1.4,3.0,3.4,10.0,0.7,0.5,0.4,-4.3,-4.1,-1.8,-3.1,3.0,2.0,10.0,0.7,0.5,0.4,-2.96,-2.0,-1.32,-2.13,3.0,1.21,10.0,0.7,0.5,0.4,-7.4,-4.2,-2.0,-4.7,3.0,3.9,10.0,0.7,0.5,0.4,-0.79,-0.76,0.21,-0.3,3.0,0.84,10.0,0.7,0.5,0.4,-1.9,-1.6,-0.1,-1.0,3.0,1.5,10.0,0.7,0.5,0.4,-5.4,11.6,30.0,12.3,3.0,26.0,10.0,0.7,0.5,0.4,-35.2,-32.4,-19.7,-27.6,3.0,12.1,10.0,0.7,0.5,0.4,-3.8,7.2,18.4,7.3,3.0,16.2,10.0,0.7,0.5,0.4,-22.9,-19.8,-12.1,-17.6,3.0,8.1,10.0,0.7,0.5,0.4,-1.0,0.4,0.5,-0.2,3.0,1.2,10.0,0.7,0.5,0.4,0.1,1.4,1.5,0.8,3.0,1.1,10.0,0.7,0.5,0.4,3.5,9.5,15.0,9.5,3.0,8.5,10.0,0.7,0.5,0.4,5.0,10.0,15.0,10.0,3.0,10.0,10.0,0.7,0.5,0.4
1974,2,72.0,-39.0,,,,,,,,,,,,,,,,,,,,,,,,,,,,,,,,,,,,,,,,3.0,3.0,3.0,3.0,1.0,0.0,22.0,0.0,0.6,1.0,-2.3,-2.3,-2.3,-2.3,1.0,0.0,22.0,0.0,0.6,1.0,1.93,1.93,1.93,1.93,1.0,0.0,22.0,0.0,0.6,1.0,1017.1,1017.1,1017.1,1017.1,1.0,0.0,22.0,0.0,0.6,1.0,,,,,,,,,,,,,,,,,,,,,,,,,,,,,,,,,,,,,,,,,,,,,,,,,,,,,,,,,,,,,,,,,,,,,,,,,,,,,,,,,,,,,,,,,,,,,,,,,,,,,,,,,,,,,,,,,,,,,,,,,,,,,,,,,,,,,,,,,,,,,,,,,,,,,,
1974,2,72.0,-32.0,20.35,21.1,21.85,21.1,2.0,1.56,20.0,0.5,0.8,0.3,21.78,21.95,22.12,21.95,2.0,0.35,20.0,0.5,0.8,0.3,11.93,11.97,12.0,11.97,2.0,0.07,20.0,0.5,0.8,0.3,72.7,73.5,74.3,73.5,2.0,1.6,20.0,0.5,0.3,3.49,5.4,7.31,5.4,2.0,3.96,20.0,0.5,0.8,0.3,-1.23,0.41,2.04,0.41,2.0,3.39,20.0,0.5,0.8,0.3,-0.18,3.02,6.22,3.02,2.0,6.63,20.0,0.5,0.8,0.3,1015.79,1018.55,1021.31,1018.55,2.0,5.73,20.0,0.5,0.8,0.3,2.8,4.5,6.2,4.5,2.0,3.5,20.0,0.5,0.8,0.3,-0.7,8.9,18.5,8.9,2.0,19.9,20.0,0.5,0.8,0.3,6.4,29.4,52.5,29.4,2.0,47.8,20.0,0.5,0.8,0.3,-1.43,-0.85,-0.27,-0.85,2.0,1.2,20.0,0.5,0.8,0.3,-11.7,-7.0,-2.2,-7.0,2.0,9.9,20.0,0.5,0.8,0.3,2.84,3.55,4.26,3.55,2.0,1.48,20.0,0.5,0.8,0.3,13.3,16.3,19.2,16.3,2.0,6.1,20.0,0.5,0.8,0.3,-27.5,8.3,44.2,8.3,2.0,74.3,20.0,0.5,0.8,0.3,-4.7,65.1,134.8,65.1,2.0,144.5,20.0,0.5,0.8,0.3,-14.6,5.0,24.6,5.0,2.0,40.6,20.0,0.5,0.8,0.3,-2.1,36.3,74.7,36.3,2.0,79.5,20.0,0.5,0.8,0.3,-6.6,-1.1,4.5,-1.1,2.0,11.4,20.0,0.5,0.8,0.3,-3.4,5.8,15.0,5.8,2.0,19.1,20.0,0.5,0.8,0.3,102.5,284.5,466.5,284.5,2.0,377.5,20.0,0.5,0.8,0.3,100.0,285.0,465.0,285.0,2.0,375.0,20.0,0.5,0.8,0.3
1974,2,72.0,-31.0,24.2,24.2,24.2,24.2,1.0,0.0,2.0,1.0,0.0,0.4,25.6,25.6,25.6,25.6,1.0,0.0,2.0,1.0,0.0,0.4,13.1,13.1,13.1,13.1,1.0,0.0,2.0,1.0,0.0,0.4,64.8,64.8,64.8,64.8,1.0,0.0,2.0,1.0,0.4,2.1,2.1,2.1,2.1,1.0,0.0,2.0,1.0,0.0,0.4,-2.1,-2.1,-2.1,-2.1,1.0,0.0,2.0,1.0,0.0,0.4,0.0,0.0,0.0,0.0,1.0,0.0,2.0,1.0,0.0,0.4,1023.6,1023.6,1023.6,1023.6,1.0,0.0,2.0,1.0,0.0,0.4,4.0,4.0,4.0,4.0,1.0,0.0,2.0,1.0,0.0,0.4,-4.4,-4.4,-4.4,-4.4,1.0,0.0,2.0,1.0,0.0,0.4,0.0,0.0,0.0,0.0,1.0,0.0,2.0,1.0,0.0,0.4,-1.4,-1.4,-1.4,-1.4,1.0,0.0,2.0,1.0,0.0,0.4,-2.9,-2.9,-2.9,-2.9,1.0,0.0,2.0,1.0,0.0,0.4,5.55,5.55,5.55,5.55,1.0,0.0,2.0,1.0,0.0,0.4,11.6,11.6,11.6,11.6,1.0,0.0,2.0,1.0,0.0,0.4,-53.8,-53.8,-53.8,-53.8,1.0,0.0,2.0,1.0,0.0,0.4,0.0,0.0,0.0,0.0,1.0,0.0,2.0,1.0,0.0,0.4,-27.5,-27.5,-27.5,-27.5,1.0,0.0,2.0,1.0,0.0,0.4,0.0,0.0,0.0,0.0,1.0,0.0,2.0,1.0,0.0,0.4,-11.6,-11.6,-11.6,-11.6,1.0,0.0,2.0,1.0,0.0,0.4,0.0,0.0,0.0,0.0,1.0,0.0,2.0,1.0,0.0,0.4,9.5,9.5,9.5,9.5,1.0,0.0,2.0,1.0,0.0,0.4,10.0,10.0,10.0,10.0,1.0,0.0,2.0,1.0,0.0,0.4
1974,2,72.0,-30.0,23.0,23.0,23.0,23.0,1.0,0.0,28.0,1.0,0.1,0.9,22.3,22.3,22.3,22.3,1.0,0.0,28.0,1.0,0.1,0.9,13.68,13.68,13.68,13.68,1.0,0.0,28.0,1.0,0.1,0.9,81.6,81.6,81.6,81.6,1.0,0.0,28.0,1.0,0.9,12.3,12.3,12.3,12.3,1.0,0.0,28.0,1.0,0.1,0.9,-12.11,-12.11,-12.11,-12.11,1.0,0.0,28.0,1.0,0.1,0.9,2.14,2.14,2.14,2.14,1.0,0.0,28.0,1.0,0.1,0.9,1011.2,1011.2,1011.2,1011.2,1.0,0.0,28.0,1.0,0.1,0.9,8.0,8.0,8.0,8.0,1.0,0.0,28.0,1.0,0.1,0.9,-149.0,-149.0,-149.0,-149.0,1.0,0.0,28.0,1.0,0.1,0.9,26.3,26.3,26.3,26.3,1.0,0.0,28.0,1.0,0.1,0.9,0.7,0.7,0.7,0.7,1.0,0.0,28.0,1.0,0.1,0.9,8.6,8.6,8.6,8.6,1.0,0.0,28.0,1.0,0.1,0.9,3.86,3.86,3.86,3.86,1.0,0.0,28.0,1.0,0.1,0.9,47.5,47.5,47.5,47.5,1.0,0.0,28.0,1.0,0.1,0.9,-270.1,-270.1,-270.1,-270.1,1.0,0.0,28.0,1.0,0.1,0.9,47.6,47.6,47.6,47.6,1.0,0.0,28.0,1.0,0.1,0.9,-165.7,-165.7,-165.7,-165.7,1.0,0.0,28.0,1.0,0.1,0.9,29.2,29.2,29.2,29.2,1.0,0.0,28.0,1.0,0.1,0.9,-46.7,-46.7,-46.7,-46.7,1.0,0.0,28.0,1.0,0.1,0.9,8.2,8.2,8.2,8.2,1.0,0.0,28.0,1.0,0.1,0.9,1861.0,1861.0,1861.0,1861.0,1.0,0.0,28.0,1.0,0.1,0.9,1860.0,1860.0,1860.0,1860.0,1.0,0.0,28.0,1.0,0.1,0.9
1974,2,72.0,-29.0,23.2,23.2,23.2,23.2,1.0,0.0,28.0,1.0,0.8,0.6,21.5,21.5,21.5,21.5,1.0,0.0,28.0,1.0,0.8,0.6,15.19,15.19,15.19,15.19,1.0,0.0,28.0,1.0,0.8,0.6,95.2,95.2,95.2,95.2,1.0,0.0,28.0,1.0,0.6,12.3,12.3,12.3,12.3,1.0,0.0,28.0,1.0,0.8,0.6,-12.11,-12.11,-12.11,-12.11,1.0,0.0,28.0,1.0,0.8,0.6,2.14,2.14,2.14,2.14,1.0,0.0,28.0,1.0,0.8,0.6,1013.2,1013.2,1013.2,1013.2,1.0,0.0,28.0,1.0,0.8,0.6,8.0,8.0,8.0,8.0,1.0,0.0,28.0,1.0,0.8,0.6,-149.0,-149.0,-149.0,-149.0,1.0,0.0,28.0,1.0,0.8,0.6,26.3,26.3,26.3,26.3,1.0,0.0,28.0,1.0,0.8,0.6,1.7,1.7,1.7,1.7,1.0,0.0,28.0,1.0,0.8,0.6,20.9,20.9,20.9,20.9,1.0,0.0,28.0,1.0,0.8,0.6,2.53,2.53,2.53,2.53,1.0,0.0,28.0,1.0,0.8,0.6,31.2,31.2,31.2,31.2,1.0,0.0,28.0,1.0,0.8,0.6,-260.4,-260.4,-260.4,-260.4,1.0,0.0,28.0,1.0,0.8,0.6,45.9,45.9,45.9,45.9,1.0,0.0,28.0,1.0,0.8,0.6,-184.0,-184.0,-184.0,-184.0,1.0,0.0,28.0,1.0,0.8,0.6,32.4,32.4,32.4,32.4,1.0,0.0,28.0,1.0,0.8,0.6,-30.7,-30.7,-30.7,-30.7,1.0,0.0,28.0,1.0,0.8,0.6,5.4,5.4,5.4,5.4,1.0,0.0,28.0,1.0,0.8,0.6,1861.0,1861.0,1861.0,1861.0,1.0,0.0,28.0,1.0,0.8,0.6,1860.0,1860.0,1860.0,1860.0,1.0,0.0,28.0,1.0,0.8,0.6
1974,2,72.0,-25.0,23.63,24.3,24.5,24.06,5.0,0.63,18.0,0.4,0.4,0.5,23.39,24.0,26.95,24.94,5.0,1.91,18.0,0.4,0.4,0.5,13.87,14.97,15.94,14.94,5.0,1.42,18.0,0.4,0.4,0.5,68.4,74.4,84.0,76.5,5.0,9.6,18.0,0.4,0.5,5.3,8.7,10.48,8.02,5.0,2.76,18.0,0.4,0.4,0.5,-6.74,-5.7,-5.2,-5.88,5.0,0.95,18.0,0.4,0.4,0.5,0.51,6.66,8.03,4.73,5.0,4.0,18.0,0.4,0.4,0.5,1014.77,1015.5,1016.82,1015.66,5.0,1.41,18.0,0.4,0.4,0.5,5.0,6.0,6.0,5.6,5.0,0.5,18.0,0.4,0.4,0.5,-70.7,-48.7,-28.2,-49.0,5.0,23.0,18.0,0.4,0.4,0.5,2.3,58.0,84.2,46.5,5.0,42.3,18.0,0.4,0.4,0.5,-2.45,-1.0,0.8,-0.88,5.0,1.66,18.0,0.4,0.4,0.5,-25.9,-8.7,4.0,-10.6,5.0,15.3,18.0,0.4,0.4,0.5,2.6,4.17,4.89,3.7,5.0,1.88,18.0,0.4,0.4,0.5,17.6,26.1,41.3,28.0,5.0,15.6,18.0,0.4,0.4,0.5,-182.3,-134.2,-123.4,-147.9,5.0,34.3,18.0,0.4,0.4,0.5,11.8,160.0,217.2,123.0,5.0,106.7,18.0,0.4,0.4,0.5,-102.4,-94.9,-73.4,-88.3,5.0,18.4,18.0,0.4,0.4,0.5,6.6,113.1,122.1,73.7,5.0,62.7,18.0,0.4,0.4,0.5,-27.1,-25.1,-16.7,-21.6,5.0,10.5,18.0,0.4,0.4,0.5,2.2,4.3,31.6,14.5,5.0,16.4,18.0,0.4,0.4,0.5,153.0,658.5,1153.5,658.5,5.0,522.0,18.0,0.4,0.4,0.5,155.0,660.0,1155.0,660.0,5.0,520.0,18.0,0.4,0.4,0.5
1974,2,72.0,-24.0,25.0,25.0,25.0,25.0,1.0,0.0,2.0,0.0,0.4,0.1,24.5,24.5,24.5,24.5,1.0,0.0,2.0,0.0,0.4,0.1,14.66,14.66,14.66,14.66,1.0,0.0,2.0,0.0,0.4,0.1,77.0,77.0,77.0,77.0,1.0,0.0,2.0,0.0,0.1,7.44,7.95,8.46,7.95,2.0,1.06,12.0,0.5,0.5,0.6,-7.41,-4.91,-2.41,-4.91,2.0,5.17,12.0,0.5,0.5,0.6,2.4,4.3,6.21,4.3,2.0,3.95,12.0,0.5,0.5,0.6,1011.36,1013.85,1016.34,1013.85,2.0,5.16,12.0,0.5,0.5,0.6,3.6,5.0,6.4,5.0,2.0,2.8,12.0,0.5,0.5,0.6,-64.1,-41.8,-19.4,-41.8,2.0,46.3,12.0,0.5,0.5,0.6,19.2,32.1,45.0,32.1,2.0,26.8,12.0,0.5,0.5,0.6,0.5,0.5,0.5,0.5,1.0,0.0,2.0,0.0,0.4,0.1,4.4,4.4,4.4,4.4,1.0,0.0,2.0,0.0,0.4,0.1,5.03,5.03,5.03,5.03,1.0,0.0,2.0,0.0,0.4,0.1,43.7,43.7,43.7,43.7,1.0,0.0,2.0,0.0,0.4,0.1,-209.9,-209.9,-209.9,-209.9,1.0,0.0,2.0,0.0,0.4,0.1,37.0,37.0,37.0,37.0,1.0,0.0,2.0,0.0,0.4,0.1,-125.6,-125.6,-125.6,-125.6,1.0,0.0,2.0,0.0,0.4,0.1,22.1,22.1,22.1,22.1,1.0,0.0,2.0,0.0,0.4,0.1,-43.1,-43.1,-43.1,-43.1,1.0,0.0,2.0,0.0,0.4,0.1,7.6,7.6,7.6,7.6,1.0,0.0,2.0,0.0,0.4,0.1,418.5,516.0,613.0,516.0,2.0,201.5,12.0,0.5,0.5,0.6,420.0,515.0,615.0,515.0,2.0,200.0,12.0,0.5,0.5,0.6
1974,2,72.0,-23.0,,,,,,,,,,,,,,,,,,,,,,,,,,,,,,,,,,,,,,,,3.6,3.6,3.6,3.6,1.0,0.0,12.0,1.0,0.3,0.1,-2.76,-2.76,-2.76,-2.76,1.0,0.0,12.0,1.0,0.3,0.1,2.31,2.31,2.31,2.31,1.0,0.0,12.0,1.0,0.3,0.1,1015.5,1015.5,1015.5,1015.5,1.0,0.0,12.0,1.0,0.3,0.1,5.0,5.0,5.0,5.0,1.0,0.0,12.0,1.0,0.3,0.1,-9.9,-9.9,-9.9,-9.9,1.0,0.0,12.0,1.0,0.3,0.1,8.3,8.3,8.3,8.3,1.0,0.0,12.0,1.0,0.3,0.1,,,,,,,,,,,,,,,,,,,,,,,,,,,,,,,,,,,,,,,,,-64.8,-64.8,-64.8,-64.8,1.0,0.0,12.0,1.0,0.3,0.1,54.4,54.4,54.4,54.4,1.0,0.0,12.0,1.0,0.3,0.1,-43.6,-43.6,-43.6,-43.6,1.0,0.0,12.0,1.0,0.3,0.1,36.6,36.6,36.6,36.6,1.0,0.0,12.0,1.0,0.3,0.1,,,,,,,,,,,,,,,,,,,,,,,,,,,,,,,,,,,,,,,,
1974,2,72.0,-21.0,,,,,,,,,,,,,,,,,,,,,,,,,,,,,,,,,,,,,,,,7.0,7.0,7.0,7.0,1.0,0.0,22.0,0.0,0.9,0.9,-6.06,-6.06,-6.06,-6.06,1.0,0.0,22.0,0.0,0.9,0.9,3.5,3.5,3.5,3.5,1.0,0.0,22.0,0.0,0.9,0.9,1008.5,1008.5,1008.5,1008.5,1.0,0.0,22.0,0.0,0.9,0.9,,,,,,,,,,,,,,,,,,,,,,,,,,,,,,,,,,,,,,,,,,,,,,,,,,,,,,,,,,,,,,,,,,,,,,,,,,,,,,,,,,,,,,,,,,,,,,,,,,,,,,,,,,,,,,,,,,,,,,,,,,,,,,,,,,,,,,,,,,,,,,,,,,,,,,
1974,2,72.0,-19.0,24.9,24.9,24.9,24.9,1.0,0.0,8.0,0.0,0.1,0.3,25.0,25.0,25.0,25.0,1.0,0.0,8.0,0.0,0.1,0.3,15.12,15.12,15.12,15.12,1.0,0.0,8.0,0.0,0.1,0.3,76.6,76.6,76.6,76.6,1.0,0.0,8.0,0.0,0.3,7.7,7.7,7.7,7.7,1.0,0.0,8.0,0.0,0.1,0.3,-6.67,-6.67,-6.67,-6.67,1.0,0.0,8.0,0.0,0.1,0.3,3.85,3.85,3.85,3.85,1.0,0.0,8.0,0.0,0.1,0.3,1011.5,1011.5,1011.5,1011.5,1.0,0.0,8.0,0.0,0.1,0.3,4.0,4.0,4.0,4.0,1.0,0.0,8.0,0.0,0.1,0.3,-51.3,-51.3,-51.3,-51.3,1.0,0.0,8.0,0.0,0.1,0.3,29.6,29.6,29.6,29.6,1.0,0.0,8.0,0.0,0.1,0.3,-0.1,-0.1,-0.1,-0.1,1.0,0.0,8.0,0.0,0.1,0.3,-0.8,-0.8,-0.8,-0.8,1.0,0.0,8.0,0.0,0.1,0.3,4.57,4.57,4.57,4.57,1.0,0.0,8.0,0.0,0.1,0.3,35.2,35.2,35.2,35.2,1.0,0.0,8.0,0.0,0.1,0.3,-166.7,-166.7,-166.7,-166.7,1.0,0.0,8.0,0.0,0.1,0.3,96.3,96.3,96.3,96.3,1.0,0.0,8.0,0.0,0.1,0.3,-100.8,-100.8,-100.8,-100.8,1.0,0.0,8.0,0.0,0.1,0.3,58.2,58.2,58.2,58.2,1.0,0.0,8.0,0.0,0.1,0.3,-30.4,-30.4,-30.4,-30.4,1.0,0.0,8.0,0.0,0.1,0.3,17.6,17.6,17.6,17.6,1.0,0.0,8.0,0.0,0.1,0.3,456.5,456.5,456.5,456.5,1.0,0.0,8.0,0.0,0.1,0.3,455.0,455.0,455.0,455.0,1.0,0.0,8.0,0.0,0.1,0.3
1974,2,72.0,-16.0,26.7,26.7,26.7,26.7,1.0,0.0,6.0,0.0,0.4,0.5,25.9,25.9,25.9,25.9,1.0,0.0,6.0,0.0,0.4,0.5,16.55,16.55,16.55,16.55,1.0,0.0,6.0,0.0,0.4,0.5,79.1,79.1,79.1,79.1,1.0,0.0,6.0,0.0,0.5,4.6,4.6,4.6,4.6,1.0,0.0,6.0,0.0,0.4,0.5,-3.98,-3.98,-3.98,-3.98,1.0,0.0,6.0,0.0,0.4,0.5,2.3,2.3,2.3,2.3,1.0,0.0,6.0,0.0,0.4,0.5,1008.2,1008.2,1008.2,1008.2,1.0,0.0,6.0,0.0,0.4,0.5,3.0,3.0,3.0,3.0,1.0,0.0,6.0,0.0,0.4,0.5,-18.3,-18.3,-18.3,-18.3,1.0,0.0,6.0,0.0,0.4,0.5,10.6,10.6,10.6,10.6,1.0,0.0,6.0,0.0,0.4,0.5,0.8,0.8,0.8,0.8,1.0,0.0,6.0,0.0,0.4,0.5,3.7,3.7,3.7,3.7,1.0,0.0,6.0,0.0,0.4,0.5,5.46,5.46,5.46,5.46,1.0,0.0,6.0,0.0,0.4,0.5,25.1,25.1,25.1,25.1,1.0,0.0,6.0,0.0,0.4,0.5,-103.2,-103.2,-103.2,-103.2,1.0,0.0,6.0,0.0,0.4,0.5,59.6,59.6,59.6,59.6,1.0,0.0,6.0,0.0,0.4,0.5,-65.9,-65.9,-65.9,-65.9,1.0,0.0,6.0,0.0,0.4,0.5,38.1,38.1,38.1,38.1,1.0,0.0,6.0,0.0,0.4,0.5,-21.8,-21.8,-21.8,-21.8,1.0,0.0,6.0,0.0,0.4,0.5,12.6,12.6,12.6,12.6,1.0,0.0,6.0,0.0,0.4,0.5,97.5,97.5,97.5,97.5,1.0,0.0,6.0,0.0,0.4,0.5,95.0,95.0,95.0,95.0,1.0,0.0,6.0,0.0,0.4,0.5
1974,2,72.0,-15.0,29.0,29.0,29.0,29.0,1.0,0.0,26.0,1.0,0.5,0.4,29.2,29.2,29.2,29.2,1.0,0.0,26.0,1.0,0.5,0.4,17.23,17.23,17.23,17.23,1.0,0.0,26.0,1.0,0.5,0.4,67.6,67.6,67.6,67.6,1.0,0.0,26.0,1.0,0.4,9.3,9.3,9.3,9.3,1.0,0.0,26.0,1.0,0.5,0.4,3.18,3.18,3.18,3.18,1.0,0.0,26.0,1.0,0.5,0.4,8.74,8.74,8.74,8.74,1.0,0.0,26.0,1.0,0.5,0.4,1004.8,1004.8,1004.8,1004.8,1.0,0.0,26.0,1.0,0.5,0.4,7.0,7.0,7.0,7.0,1.0,0.0,26.0,1.0,0.5,0.4,29.6,29.6,29.6,29.6,1.0,0.0,26.0,1.0,0.5,0.4,81.3,81.3,81.3,81.3,1.0,0.0,26.0,1.0,0.5,0.4,-0.2,-0.2,-0.2,-0.2,1.0,0.0,26.0,1.0,0.5,0.4,-1.9,-1.9,-1.9,-1.9,1.0,0.0,26.0,1.0,0.5,0.4,8.08,8.08,8.08,8.08,1.0,0.0,26.0,1.0,0.5,0.4,75.2,75.2,75.2,75.2,1.0,0.0,26.0,1.0,0.5,0.4,92.9,92.9,92.9,92.9,1.0,0.0,26.0,1.0,0.5,0.4,255.2,255.2,255.2,255.2,1.0,0.0,26.0,1.0,0.5,0.4,54.8,54.8,54.8,54.8,1.0,0.0,26.0,1.0,0.5,0.4,150.5,150.5,150.5,150.5,1.0,0.0,26.0,1.0,0.5,0.4,25.7,25.7,25.7,25.7,1.0,0.0,26.0,1.0,0.5,0.4,70.6,70.6,70.6,70.6,1.0,0.0,26.0,1.0,0.5,0.4,804.5,804.5,804.5,804.5,1.0,0.0,26.0,1.0,0.5,0.4,805.0,805.0,805.0,805.0,1.0,0.0,26.0,1.0,0.5,0.4
1974,2,72.0,-13.0,27.8,27.8,27.8,27.8,1.0,0.0,6.0,1.0,0.4,0.3,26.2,26.2,26.2,26.2,1.0,0.0,6.0,1.0,0.4,0.3,17.6,17.6,17.6,17.6,1.0,0.0,6.0,1.0,0.4,0.3,82.6,82.6,82.6,82.6,1.0,0.0,6.0,1.0,0.3,1.5,1.5,1.5,1.5,1.0,0.0,6.0,1.0,0.4,0.3,1.41,1.41,1.41,1.41,1.0,0.0,6.0,1.0,0.4,0.3,-0.51,-0.51,-0.51,-0.51,1.0,0.0,6.0,1.0,0.4,0.3,1008.0,1008.0,1008.0,1008.0,1.0,0.0,6.0,1.0,0.4,0.3,8.0,8.0,8.0,8.0,1.0,0.0,6.0,1.0,0.4,0.3,2.1,2.1,2.1,2.1,1.0,0.0,6.0,1.0,0.4,0.3,-0.8,-0.8,-0.8,-0.8,1.0,0.0,6.0,1.0,0.4,0.3,1.6,1.6,1.6,1.6,1.0,0.0,6.0,1.0,0.4,0.3,2.4,2.4,2.4,2.4,1.0,0.0,6.0,1.0,0.4,0.3,5.9,5.9,5.9,5.9,1.0,0.0,6.0,1.0,0.4,0.3,8.9,8.9,8.9,8.9,1.0,0.0,6.0,1.0,0.4,0.3,36.9,36.9,36.9,36.9,1.0,0.0,6.0,1.0,0.4,0.3,-13.4,-13.4,-13.4,-13.4,1.0,0.0,6.0,1.0,0.4,0.3,24.8,24.8,24.8,24.8,1.0,0.0,6.0,1.0,0.4,0.3,-9.0,-9.0,-9.0,-9.0,1.0,0.0,6.0,1.0,0.4,0.3,8.3,8.3,8.3,8.3,1.0,0.0,6.0,1.0,0.4,0.3,-3.0,-3.0,-3.0,-3.0,1.0,0.0,6.0,1.0,0.4,0.3,3.5,3.5,3.5,3.5,1.0,0.0,6.0,1.0,0.4,0.3,5.0,5.0,5.0,5.0,1.0,0.0,6.0,1.0,0.4,0.3
1974,2,72.0,-12.0,26.0,27.8,28.05,27.4,7.0,1.12,14.0,0.3,0.4,0.7,26.49,27.3,28.57,27.63,7.0,1.29,14.0,0.3,0.4,0.7,17.52,19.07,21.09,19.3,3.0,2.62,10.0,0.3,0.4,0.6,76.8,82.5,87.2,82.0,3.0,7.6,10.0,0.3,0.6,2.6,3.6,5.79,4.18,5.0,1.88,14.0,0.4,0.4,0.8,-3.96,-0.89,1.5,-1.25,5.0,3.34,14.0,0.4,0.4,0.8,2.4,2.44,3.83,3.02,5.0,0.91,14.0,0.4,0.4,0.8,1006.88,1009.5,1013.05,1009.93,7.0,2.95,14.0,0.3,0.4,0.7,1.0,2.0,7.0,3.1,7.0,2.8,14.0,0.3,0.4,0.7,-21.8,-2.3,6.2,-7.9,5.0,21.0,14.0,0.4,0.4,0.8,6.4,8.3,23.2,13.6,5.0,9.1,14.0,0.4,0.4,0.8,-2.57,0.2,1.74,-0.23,7.0,2.28,14.0,0.3,0.4,0.7,-5.3,1.3,7.5,0.8,5.0,9.8,14.0,0.4,0.4,0.8,0.84,4.59,5.98,3.44,3.0,3.89,10.0,0.3,0.4,0.6,1.6,11.9,15.5,8.6,3.0,10.6,10.0,0.3,0.4,0.6,-112.3,-23.4,40.1,-35.6,5.0,90.8,14.0,0.4,0.4,0.8,65.8,69.4,102.7,82.4,5.0,22.9,14.0,0.4,0.4,0.8,-46.9,-17.0,4.8,-20.9,3.0,38.0,10.0,0.3,0.4,0.6,42.8,46.6,49.6,46.2,3.0,5.0,10.0,0.3,0.4,0.6,-2.0,2.5,4.8,1.4,3.0,5.1,10.0,0.3,0.4,0.6,2.1,11.2,14.6,8.4,3.0,9.5,10.0,0.3,0.4,0.6,17.5,46.5,209.5,111.5,5.0,137.5,14.0,0.4,0.4,0.8,20.0,45.0,210.0,110.0,5.0,140.0,14.0,0.4,0.4,0.8
1974,2,72.0,-11.0,27.04,28.0,28.31,27.8,16.0,0.88,16.0,0.4,0.3,0.5,26.19,27.0,28.89,27.47,16.0,1.5,16.0,0.4,0.3,0.5,17.41,18.31,19.79,18.43,11.0,1.35,14.0,0.4,0.3,0.4,78.8,83.6,88.8,83.1,11.0,5.9,14.0,0.4,0.4,2.37,4.6,7.66,4.84,17.0,2.54,18.0,0.5,0.3,0.5,-2.9,0.45,7.1,1.92,17.0,4.46,18.0,0.5,0.3,0.5,1.24,1.97,3.45,1.84,17.0,1.99,18.0,0.5,0.3,0.5,1008.61,1009.7,1011.45,1009.81,18.0,2.14,18.0,0.5,0.3,0.5,2.0,4.0,5.3,4.2,18.0,1.9,18.0,0.5,0.3,0.5,-13.2,1.2,54.4,16.0,17.0,34.1,18.0,0.5,0.3,0.5,3.1,6.7,18.5,8.7,17.0,14.6,18.0,0.5,0.3,0.5,-0.89,0.9,1.48,0.33,15.0,1.37,16.0,0.4,0.3,0.5,-6.2,2.3,7.1,1.3,15.0,6.3,16.0,0.4,0.3,0.5,3.17,4.72,6.33,4.74,11.0,1.64,14.0,0.4,0.3,0.4,10.0,19.7,27.6,19.2,11.0,9.1,14.0,0.4,0.3,0.4,-70.0,12.9,191.2,52.7,15.0,121.7,16.0,0.4,0.3,0.5,33.0,53.2,72.0,44.8,15.0,53.2,16.0,0.4,0.3,0.5,-65.7,8.3,92.1,15.7,11.0,76.7,14.0,0.4,0.3,0.4,13.0,36.4,59.1,30.4,11.0,43.1,14.0,0.4,0.3,0.4,-19.0,1.7,17.8,1.9,11.0,16.4,14.0,0.4,0.3,0.4,2.0,9.7,15.7,7.6,11.0,12.2,14.0,0.4,0.3,0.4,13.5,97.5,455.5,209.5,17.0,276.0,18.0,0.5,0.3,0.5,15.0,95.0,455.0,210.0,17.0,275.0,18.0,0.5,0.3,0.5
1974,2,72.0,-10.0,26.72,28.0,28.0,27.61,8.0,0.82,20.0,0.3,0.6,0.4,26.0,26.7,27.5,26.82,9.0,0.81,18.0,0.3,0.6,0.4,17.2,17.83,18.45,17.78,8.0,0.77,18.0,0.4,0.5,0.5,74.8,80.0,87.5,81.1,8.0,5.8,18.0,0.4,0.5,2.37,4.85,5.53,4.35,6.0,2.02,16.0,0.5,0.6,0.5,-2.59,-0.13,2.19,0.28,6.0,3.81,16.0,0.5,0.6,0.5,-3.64,0.65,2.12,-0.15,6.0,3.49,16.0,0.5,0.6,0.5,1007.66,1010.2,1010.55,1009.4,9.0,1.68,18.0,0.3,0.6,0.4,1.3,2.0,7.7,3.7,9.0,3.1,18.0,0.3,0.6,0.4,-8.8,-0.2,14.3,5.0,6.0,24.4,16.0,0.5,0.6,0.5,-18.6,1.1,7.1,-2.6,6.0,16.5,16.0,0.5,0.6,0.5,0.32,0.8,1.3,0.88,8.0,0.88,20.0,0.3,0.6,0.4,-0.6,3.6,7.9,3.9,5.0,5.7,18.0,0.4,0.6,0.5,3.4,5.53,6.63,5.37,7.0,1.53,20.0,0.3,0.5,0.5,14.7,26.8,28.9,22.0,4.0,11.5,18.0,0.5,0.6,0.6,-70.1,-3.4,59.9,8.6,6.0,103.5,16.0,0.5,0.6,0.5,-95.6,17.9,57.0,-2.9,6.0,95.0,16.0,0.5,0.6,0.5,-52.1,-4.7,5.9,-20.3,5.0,35.9,16.0,0.6,0.5,0.5,-72.4,23.1,46.6,-4.3,5.0,70.6,16.0,0.6,0.5,0.5,-12.3,-0.4,2.6,-4.7,4.0,12.3,18.0,0.5,0.6,0.6,-23.6,-7.1,15.7,-4.1,4.0,24.0,18.0,0.5,0.6,0.6,14.5,115.0,182.5,126.0,6.0,133.5,16.0,0.5,0.6,0.5,15.0,115.0,180.0,125.0,6.0,135.0,16.0,0.5,0.6,0.5
1974,2,72.0,-8.0,26.8,26.8,26.8,26.8,1.0,0.0,6.0,1.0,0.4,0.2,26.45,27.0,27.55,27.0,2.0,1.13,10.0,1.0,0.2,0.6,17.67,18.07,18.46,18.07,2.0,0.82,10.0,1.0,0.2,0.6,80.2,80.9,81.7,80.9,2.0,1.6,10.0,1.0,0.6,2.48,4.6,6.72,4.6,2.0,4.38,10.0,1.0,0.2,0.6,2.39,4.5,6.6,4.5,2.0,4.37,10.0,1.0,0.2,0.6,-0.22,0.41,1.04,0.41,2.0,1.31,10.0,1.0,0.2,0.6,1008.51,1009.6,1010.69,1009.6,2.0,2.26,10.0,1.0,0.2,0.6,5.5,6.5,7.5,6.5,2.0,2.1,10.0,1.0,0.2,0.6,11.0,30.3,49.5,30.3,2.0,39.8,10.0,1.0,0.2,0.6,1.0,4.8,8.5,4.8,2.0,7.8,10.0,1.0,0.2,0.6,0.6,0.6,0.6,0.6,1.0,0.0,6.0,1.0,0.4,0.2,0.9,0.9,0.9,0.9,1.0,0.0,6.0,1.0,0.4,0.2,4.65,4.65,4.65,4.65,1.0,0.0,6.0,1.0,0.4,0.2,7.0,7.0,7.0,7.0,1.0,0.0,6.0,1.0,0.4,0.2,64.5,123.9,183.2,123.9,2.0,123.0,10.0,1.0,0.2,0.6,-5.4,11.9,29.1,11.9,2.0,35.8,10.0,1.0,0.2,0.6,43.2,83.0,122.9,83.0,2.0,82.5,10.0,1.0,0.2,0.6,-3.6,8.0,19.6,8.0,2.0,24.0,10.0,1.0,0.2,0.6,6.6,6.6,6.6,6.6,1.0,0.0,6.0,1.0,0.4,0.2,-2.4,-2.4,-2.4,-2.4,1.0,0.0,6.0,1.0,0.4,0.2,75.5,230.0,384.5,230.0,2.0,320.5,10.0,1.0,0.2,0.6,75.0,230.0,385.0,230.0,2.0,320.0,10.0,1.0,0.2,0.6
1974,2,72.0,-7.0,27.8,27.8,27.8,27.8,1.0,0.0,28.0,0.0,0.1,1.0,26.1,26.1,26.1,26.1,1.0,0.0,28.0,0.0,0.1,1.0,18.51,18.51,18.51,18.51,1.0,0.0,28.0,0.0,0.1,1.0,87.2,87.2,87.2,87.2,1.0,0.0,28.0,0.0,1.0,13.9,13.9,13.9,13.9,1.0,0.0,28.0,0.0,0.1,1.0,13.9,13.9,13.9,13.9,1.0,0.0,28.0,0.0,0.1,1.0,0.0,0.0,0.0,0.0,1.0,0.0,28.0,0.0,0.1,1.0,1006.4,1006.4,1006.4,1006.4,1.0,0.0,28.0,0.0,0.1,1.0,,,,,,,,,,,,,,,,,,,,,,,,,,,,,,,1.7,1.7,1.7,1.7,1.0,0.0,28.0,0.0,0.1,1.0,23.6,23.6,23.6,23.6,1.0,0.0,28.0,0.0,0.1,1.0,5.03,5.03,5.03,5.03,1.0,0.0,28.0,0.0,0.1,1.0,69.9,69.9,69.9,69.9,1.0,0.0,28.0,0.0,0.1,1.0,362.8,362.8,362.8,362.8,1.0,0.0,28.0,0.0,0.1,1.0,0.0,0.0,0.0,0.0,1.0,0.0,28.0,0.0,0.1,1.0,257.3,257.3,257.3,257.3,1.0,0.0,28.0,0.0,0.1,1.0,0.0,0.0,0.0,0.0,1.0,0.0,28.0,0.0,0.1,1.0,69.9,69.9,69.9,69.9,1.0,0.0,28.0,0.0,0.1,1.0,0.0,0.0,0.0,0.0,1.0,0.0,28.0,0.0,0.1,1.0,2685.5,2685.5,2685.5,2685.5,1.0,0.0,28.0,0.0,0.1,1.0,2685.0,2685.0,2685.0,2685.0,1.0,0.0,28.0,0.0,0.1,1.0
1974,2,72.0,-6.0,27.8,27.8,27.8,27.8,1.0,0.0,24.0,1.0,0.4,0.4,25.0,25.0,25.0,25.0,1.0,0.0,24.0,1.0,0.4,0.4,16.41,16.41,16.41,16.41,1.0,0.0,24.0,1.0,0.4,0.4,82.9,82.9,82.9,82.9,1.0,0.0,24.0,1.0,0.4,10.8,10.8,10.8,10.8,1.0,0.0,24.0,1.0,0.4,0.4,10.8,10.8,10.8,10.8,1.0,0.0,24.0,1.0,0.4,0.4,0.0,0.0,0.0,0.0,1.0,0.0,24.0,1.0,0.4,0.4,1010.0,1010.0,1010.0,1010.0,1.0,0.0,24.0,1.0,0.4,0.4,8.0,8.0,8.0,8.0,1.0,0.0,24.0,1.0,0.4,0.4,116.6,116.6,116.6,116.6,1.0,0.0,24.0,1.0,0.4,0.4,0.0,0.0,0.0,0.0,1.0,0.0,24.0,1.0,0.4,0.4,2.8,2.8,2.8,2.8,1.0,0.0,24.0,1.0,0.4,0.4,30.2,30.2,30.2,30.2,1.0,0.0,24.0,1.0,0.4,0.4,7.04,7.04,7.04,7.04,1.0,0.0,24.0,1.0,0.4,0.4,76.0,76.0,76.0,76.0,1.0,0.0,24.0,1.0,0.4,0.4,270.0,270.0,270.0,270.0,1.0,0.0,24.0,1.0,0.4,0.4,0.0,0.0,0.0,0.0,1.0,0.0,24.0,1.0,0.4,0.4,177.3,177.3,177.3,177.3,1.0,0.0,24.0,1.0,0.4,0.4,0.0,0.0,0.0,0.0,1.0,0.0,24.0,1.0,0.4,0.4,76.0,76.0,76.0,76.0,1.0,0.0,24.0,1.0,0.4,0.4,0.0,0.0,0.0,0.0,1.0,0.0,24.0,1.0,0.4,0.4,1259.5,1259.5,1259.5,1259.5,1.0,0.0,24.0,1.0,0.4,0.4,1260.0,1260.0,1260.0,1260.0,1.0,0.0,24.0,1.0,0.4,0.4
1974,2,72.0,-4.0,27.25,27.8,28.55,27.9,3.0,0.95,14.0,0.3,0.2,0.7,26.04,27.0,27.82,26.93,3.0,1.3,14.0,0.3,0.2,0.7,18.47,18.61,18.77,18.62,3.0,0.22,14.0,0.3,0.2,0.7,79.8,82.7,88.3,84.0,3.0,6.3,14.0,0.3,0.7,7.36,7.7,8.79,8.07,3.0,1.1,14.0,0.3,0.2,0.7,2.33,4.65,6.65,4.49,3.0,3.17,14.0,0.3,0.2,0.7,-7.75,-7.09,-1.34,-4.6,3.0,5.17,14.0,0.3,0.2,0.7,1008.15,1011.9,1012.65,1010.43,3.0,3.54,14.0,0.3,0.2,0.7,3.0,5.0,7.0,5.0,3.0,3.0,14.0,0.3,0.2,0.7,19.9,43.2,53.6,36.9,3.0,25.3,14.0,0.3,0.2,0.7,-67.3,-51.1,-9.2,-38.6,3.0,44.0,14.0,0.3,0.2,0.7,-0.27,0.0,2.25,0.97,3.0,2.03,14.0,0.3,0.2,0.7,-2.0,0.0,20.9,9.3,3.0,18.6,14.0,0.3,0.2,0.7,4.16,4.69,5.82,4.98,3.0,1.24,14.0,0.3,0.2,0.7,31.3,33.8,51.0,41.0,3.0,15.7,14.0,0.3,0.2,0.7,61.9,119.0,177.5,119.7,3.0,84.7,14.0,0.3,0.2,0.7,-204.2,-200.0,-38.8,-123.3,3.0,138.1,14.0,0.3,0.2,0.7,43.6,86.5,122.8,83.2,3.0,58.1,14.0,0.3,0.2,0.7,-144.7,-133.7,-25.6,-86.3,3.0,96.4,14.0,0.3,0.2,0.7,13.4,29.5,29.6,21.7,3.0,13.7,14.0,0.3,0.2,0.7,-45.4,-33.3,-7.0,-26.4,3.0,28.8,14.0,0.3,0.2,0.7,399.5,456.5,694.0,544.5,3.0,228.5,14.0,0.3,0.2,0.7,400.0,455.0,695.0,545.0,3.0,230.0,14.0,0.3,0.2,0.7
1974,2,72.0,-3.0,27.1,27.8,28.71,27.83,7.0,0.74,14.0,0.3,0.3,0.6,26.2,27.0,27.29,26.78,8.0,0.98,16.0,0.4,0.3,0.6,17.4,18.17,18.91,18.07,8.0,0.87,16.0,0.4,0.3,0.6,78.3,82.4,87.8,82.3,8.0,5.7,16.0,0.4,0.6,0.63,3.6,5.68,3.28,5.0,2.79,16.0,0.6,0.4,0.8,0.11,0.89,4.66,2.24,5.0,2.82,16.0,0.6,0.4,0.8,-2.46,-0.63,0.42,-1.09,5.0,2.34,16.0,0.6,0.4,0.8,1009.37,1011.5,1013.2,1011.39,8.0,1.92,16.0,0.4,0.3,0.6,4.2,6.5,8.0,6.3,8.0,1.9,16.0,0.4,0.3,0.6,0.1,4.5,24.2,12.3,5.0,18.6,16.0,0.6,0.4,0.8,-10.8,-1.0,2.8,-4.2,5.0,12.6,16.0,0.6,0.4,0.8,0.38,0.6,2.12,1.11,7.0,0.97,14.0,0.3,0.3,0.6,0.2,1.7,4.7,2.4,4.0,2.8,14.0,0.5,0.4,0.8,4.29,5.03,7.61,5.49,7.0,1.75,14.0,0.3,0.3,0.6,2.2,10.1,27.7,14.7,4.0,17.3,14.0,0.5,0.4,0.8,3.0,25.1,124.5,60.4,5.0,76.2,16.0,0.6,0.4,0.8,-68.8,-16.4,11.6,-30.7,5.0,66.1,16.0,0.6,0.4,0.8,2.0,15.5,88.0,41.9,5.0,52.9,16.0,0.6,0.4,0.8,-43.5,-12.0,7.9,-19.2,5.0,41.2,16.0,0.6,0.4,0.8,0.4,3.8,11.3,5.7,4.0,7.1,14.0,0.5,0.4,0.8,-22.1,-3.6,-1.3,-11.3,4.0,17.9,14.0,0.5,0.4,0.8,0.5,46.5,194.0,96.0,5.0,126.5,16.0,0.6,0.4,0.8,0.0,45.0,195.0,95.0,5.0,125.0,16.0,0.6,0.4,0.8
1974,2,72.0,-2.0,27.25,27.35,27.45,27.35,2.0,0.21,14.0,1.0,0.6,0.5,26.35,27.1,29.49,27.9,3.0,2.4,18.0,0.7,0.7,0.4,17.76,18.73,20.35,19.05,3.0,1.92,18.0,0.7,0.7,0.4,70.9,77.4,92.8,81.7,3.0,16.5,18.0,0.7,0.4,0.32,1.0,2.77,1.53,3.0,1.86,12.0,1.0,0.7,0.4,-0.44,0.0,1.88,0.7,3.0,1.81,12.0,1.0,0.7,0.4,-1.58,0.0,0.52,-0.52,3.0,1.6,12.0,1.0,0.7,0.4,1007.37,1008.05,1010.14,1008.73,4.0,2.26,16.0,0.8,0.7,0.4,1.9,4.0,4.5,3.3,4.0,2.2,16.0,0.8,0.7,0.4,-0.4,0.0,6.8,3.1,3.0,5.9,12.0,1.0,0.7,0.4,-5.7,0.0,0.5,-2.5,3.0,5.0,12.0,1.0,0.7,0.4,-2.8,-1.5,-0.2,-1.5,2.0,2.69,14.0,1.0,0.6,0.5,-10.3,-6.1,-1.9,-6.1,2.0,8.7,14.0,1.0,0.6,0.5,4.25,4.83,5.41,4.83,2.0,1.2,14.0,1.0,0.6,0.5,2.3,7.2,12.0,7.2,2.0,10.1,14.0,1.0,0.6,0.5,13.4,42.2,71.0,42.2,2.0,59.7,14.0,1.0,0.6,0.5,-59.6,-35.4,-11.2,-35.4,2.0,50.1,14.0,1.0,0.6,0.5,8.2,25.8,43.5,25.8,2.0,36.5,14.0,1.0,0.6,0.5,-36.5,-21.7,-6.9,-21.7,2.0,30.6,14.0,1.0,0.6,0.5,1.7,5.5,9.2,5.5,2.0,7.8,14.0,1.0,0.6,0.5,-7.7,-4.6,-1.5,-4.6,2.0,6.5,14.0,1.0,0.6,0.5,0.5,1.0,32.0,16.0,3.0,26.5,12.0,1.0,0.7,0.4,0.0,0.0,30.0,15.0,3.0,25.0,12.0,1.0,0.7,0.4
1974,2,72.0,-1.0,27.82,28.6,28.75,28.34,5.0,0.59,18.0,0.6,0.4,0.6,26.82,27.2,27.95,27.34,5.0,0.67,18.0,0.6,0.4,0.6,16.89,17.33,17.36,17.14,4.0,0.43,20.0,0.5,0.3,0.6,73.3,75.5,78.6,75.9,4.0,3.3,20.0,0.5,0.6,1.48,3.55,4.31,2.93,4.0,2.05,22.0,0.8,0.4,0.5,-0.36,0.27,0.67,0.16,4.0,0.66,22.0,0.8,0.4,0.5,-4.25,-3.5,-1.45,-2.88,4.0,2.01,22.0,0.8,0.4,0.5,1008.63,1010.3,1011.34,1010.0,5.0,1.48,18.0,0.6,0.4,0.6,1.6,5.0,5.0,3.6,5.0,1.9,18.0,0.6,0.4,0.6,-1.5,0.8,2.7,0.6,4.0,2.7,22.0,0.8,0.4,0.5,-18.4,-12.6,-4.5,-11.5,4.0,9.0,22.0,0.8,0.4,0.5,0.78,1.0,1.27,1.0,5.0,0.37,18.0,0.6,0.4,0.6,1.5,4.0,5.7,3.6,4.0,2.8,22.0,0.8,0.4,0.5,6.41,7.22,7.25,6.85,4.0,0.77,20.0,0.5,0.3,0.6,7.1,22.3,29.8,18.5,3.0,17.0,26.0,0.7,0.4,0.5,-10.1,7.3,18.3,4.2,4.0,18.1,22.0,0.8,0.4,0.5,-116.7,-96.0,-39.2,-78.8,4.0,55.2,22.0,0.8,0.4,0.5,2.8,8.9,12.3,7.6,3.0,7.0,26.0,0.7,0.4,0.5,-69.6,-50.4,-16.0,-42.9,3.0,39.8,26.0,0.7,0.4,0.5,1.2,3.9,5.2,3.2,3.0,2.9,26.0,0.7,0.4,0.5,-29.4,-22.0,-7.0,-18.3,3.0,16.7,26.0,0.7,0.4,0.5,14.0,47.0,81.5,48.0,4.0,42.0,22.0,0.8,0.4,0.5,15.0,45.0,80.0,50.0,4.0,40.0,22.0,0.8,0.4,0.5
1974,2,72.0,0.0,27.9,28.0,28.07,28.0,5.0,0.12,26.0,1.0,0.3,0.2,27.0,27.2,27.91,27.48,5.0,0.76,26.0,1.0,0.3,0.2,16.33,16.6,16.75,16.55,5.0,0.24,26.0,1.0,0.3,0.2,70.2,73.7,74.6,72.3,5.0,3.9,26.0,1.0,0.2,2.85,3.0,3.0,2.92,5.0,0.18,26.0,1.0,0.3,0.2,-0.19,0.0,0.52,0.1,5.0,0.44,26.0,1.0,0.3,0.2,-2.97,-2.95,-2.82,-2.89,5.0,0.16,26.0,1.0,0.3,0.2,1009.79,1010.5,1011.3,1010.46,5.0,0.98,26.0,1.0,0.3,0.2,3.6,5.0,6.0,4.8,5.0,1.3,26.0,1.0,0.3,0.2,-0.6,0.0,1.6,0.3,5.0,1.3,26.0,1.0,0.3,0.2,-8.9,-8.9,-8.1,-8.5,5.0,1.0,26.0,1.0,0.3,0.2,0.1,0.7,1.0,0.52,5.0,0.66,26.0,1.0,0.3,0.2,0.4,2.1,3.0,1.6,5.0,1.9,26.0,1.0,0.3,0.2,6.89,6.97,7.49,7.17,5.0,0.4,26.0,1.0,0.3,0.2,20.5,20.7,21.3,20.9,5.0,0.6,26.0,1.0,0.3,0.2,-5.2,0.0,14.1,2.8,5.0,11.8,26.0,1.0,0.3,0.2,-81.0,-79.8,-78.0,-79.4,5.0,2.7,26.0,1.0,0.3,0.2,-3.2,0.0,8.6,1.7,5.0,7.3,26.0,1.0,0.3,0.2,-49.7,-49.4,-46.2,-47.9,5.0,3.2,26.0,1.0,0.3,0.2,-1.3,0.0,3.7,0.8,5.0,3.1,26.0,1.0,0.3,0.2,-21.2,-20.4,-20.3,-20.7,5.0,0.6,26.0,1.0,0.3,0.2,23.5,27.0,27.0,25.0,5.0,4.0,26.0,1.0,0.3,0.2,25.0,25.0,25.0,25.0,5.0,5.0,26.0,1.0,0.3,0.2
1974,2,72.0,1.0,29.08,29.25,29.42,29.25,2.0,0.35,16.0,1.0,0.5,0.3,30.83,30.9,30.97,30.9,2.0,0.14,16.0,1.0,0.5,0.3,19.04,19.04,19.04,19.04,2.0,0.0,16.0,1.0,0.5,0.3,67.7,67.9,68.2,67.9,2.0,0.5,16.0,1.0,0.3,5.2,5.4,5.6,5.4,2.0,0.42,16.0,1.0,0.5,0.3,-2.8,-2.7,-2.6,-2.7,2.0,0.21,16.0,1.0,0.5,0.3,-4.85,-4.68,-4.5,-4.68,2.0,0.37,16.0,1.0,0.5,0.3,1008.63,1008.7,1008.77,1008.7,2.0,0.14,16.0,1.0,0.5,0.3,4.0,4.0,4.0,4.0,2.0,0.0,16.0,1.0,0.5,0.3,-15.7,-14.6,-13.5,-14.6,2.0,2.3,16.0,1.0,0.5,0.3,-27.2,-25.3,-23.4,-25.3,2.0,4.0,16.0,1.0,0.5,0.3,-1.89,-1.65,-1.41,-1.65,2.0,0.49,16.0,1.0,0.5,0.3,-10.6,-9.0,-7.4,-9.0,2.0,3.4,16.0,1.0,0.5,0.3,6.29,6.55,6.81,6.55,2.0,0.53,16.0,1.0,0.5,0.3,35.2,35.3,35.3,35.3,2.0,0.1,16.0,1.0,0.5,0.3,-86.8,-83.4,-80.1,-83.4,2.0,6.9,16.0,1.0,0.5,0.3,-150.3,-144.5,-138.7,-144.5,2.0,12.0,16.0,1.0,0.5,0.3,-53.3,-51.4,-49.5,-51.4,2.0,4.0,16.0,1.0,0.5,0.3,-92.4,-89.0,-85.7,-89.0,2.0,7.0,16.0,1.0,0.5,0.3,-17.7,-17.6,-17.6,-17.6,2.0,0.0,16.0,1.0,0.5,0.3,-30.6,-30.5,-30.5,-30.5,2.0,0.1,16.0,1.0,0.5,0.3,141.0,159.0,177.0,159.0,2.0,37.0,16.0,1.0,0.5,0.3,140.0,160.0,175.0,160.0,2.0,35.0,16.0,1.0,0.5,0.3
1974,2,72.0,7.0,26.54,27.5,27.77,27.17,3.0,0.95,22.0,0.3,0.5,0.6,26.73,27.0,28.57,27.63,3.0,1.46,22.0,0.3,0.5,0.6,18.61,19.67,20.73,19.67,2.0,2.2,26.0,0.0,0.8,0.7,83.0,83.0,83.1,83.0,2.0,0.1,26.0,0.0,0.7,1.17,1.55,1.93,1.55,2.0,0.78,26.0,0.0,0.8,0.7,-1.3,-0.63,0.03,-0.63,2.0,1.38,26.0,0.0,0.8,0.7,-1.28,-1.14,-1.0,-1.14,2.0,0.29,26.0,0.0,0.8,0.7,1008.88,1009.7,1010.93,1009.9,3.0,1.51,22.0,0.3,0.5,0.6,0.3,1.0,5.1,2.7,3.0,3.8,22.0,0.3,0.5,0.6,-2.8,-1.5,-0.2,-1.5,2.0,2.6,26.0,0.0,0.8,0.7,-2.5,-1.9,-1.2,-1.9,2.0,1.3,26.0,0.0,0.8,0.7,-2.03,0.5,1.05,-0.47,3.0,2.4,22.0,0.3,0.5,0.6,-5.4,-2.7,0.0,-2.7,2.0,5.7,26.0,0.0,0.8,0.7,0.87,2.74,4.62,2.74,2.0,3.88,26.0,0.0,0.8,0.7,0.9,2.7,4.6,2.7,2.0,3.9,26.0,0.0,0.8,0.7,-38.2,-19.0,0.2,-19.0,2.0,39.8,26.0,0.0,0.8,0.7,-37.2,-32.3,-27.3,-32.3,2.0,10.3,26.0,0.0,0.8,0.7,-27.7,-14.0,-0.2,-14.0,2.0,28.5,26.0,0.0,0.8,0.7,-26.8,-22.8,-18.9,-22.8,2.0,8.2,26.0,0.0,0.8,0.7,0.3,0.9,1.6,0.9,2.0,1.3,26.0,0.0,0.8,0.7,-4.3,-2.6,-0.8,-2.6,2.0,3.6,26.0,0.0,0.8,0.7,2.5,5.0,8.0,5.0,2.0,6.0,26.0,0.0,0.8,0.7,0.0,5.0,10.0,5.0,2.0,5.0,26.0,0.0,0.8,0.7
1974,2,72.0,8.0,26.63,28.2,28.91,28.02,10.0,1.2,14.0,0.7,0.5,0.5,26.91,27.9,30.44,28.33,10.0,1.73,14.0,0.7,0.5,0.5,15.81,16.57,17.76,16.99,9.0,1.77,14.0,0.7,0.6,0.5,68.9,71.3,75.0,71.7,9.0,4.3,14.0,0.7,0.5,0.86,2.35,4.6,3.03,10.0,2.55,14.0,0.7,0.5,0.5,-1.57,-0.36,0.0,-0.59,10.0,0.95,14.0,0.7,0.5,0.5,-4.34,-2.26,-0.58,-2.85,10.0,2.53,14.0,0.7,0.5,0.5,1009.99,1011.5,1013.83,1012.08,11.0,2.75,14.0,0.7,0.5,0.5,1.0,3.0,4.0,2.6,11.0,1.3,14.0,0.7,0.5,0.5,-7.5,-0.7,0.0,-2.8,10.0,5.0,14.0,0.7,0.5,0.5,-19.9,-5.3,-1.2,-14.4,10.0,22.4,14.0,0.7,0.5,0.5,-2.02,0.2,1.65,-0.1,9.0,1.87,14.0,0.7,0.6,0.5,-5.9,-1.0,1.1,-2.2,8.0,4.8,14.0,0.6,0.5,0.5,5.17,6.71,8.37,6.68,8.0,1.88,14.0,0.6,0.6,0.5,0.0,14.3,18.7,12.4,7.0,10.1,16.0,0.6,0.6,0.5,-43.6,-10.8,0.0,-17.9,9.0,27.8,14.0,0.7,0.5,0.6,-108.1,-61.1,-9.9,-76.2,9.0,74.2,14.0,0.7,0.5,0.6,-26.5,-7.9,0.0,-10.7,8.0,18.1,16.0,0.6,0.5,0.6,-63.5,-41.4,-2.5,-46.4,8.0,46.2,16.0,0.6,0.5,0.6,-11.1,-3.1,0.1,-4.0,7.0,6.1,16.0,0.6,0.6,0.5,-18.3,-9.2,0.0,-11.0,7.0,9.2,16.0,0.6,0.6,0.5,3.5,13.5,97.5,94.5,10.0,201.5,14.0,0.7,0.5,0.5,5.0,15.0,95.0,95.0,10.0,200.0,14.0,0.7,0.5,0.5
1974,2,72.0,9.0,27.3,27.95,29.44,28.16,8.0,1.1,18.0,0.3,0.5,0.1,26.61,27.0,27.81,27.16,9.0,0.74,18.0,0.3,0.5,0.1,15.43,16.81,18.4,17.15,6.0,2.21,18.0,0.2,0.6,0.1,67.5,74.5,79.6,75.0,7.0,6.9,18.0,0.1,0.1,0.7,4.6,5.76,3.8,9.0,2.74,18.0,0.3,0.5,0.1,-3.19,-2.44,0.65,-1.49,9.0,2.1,18.0,0.3,0.5,0.1,-4.72,-3.52,-0.24,-2.91,9.0,2.7,18.0,0.3,0.5,0.1,1008.23,1009.6,1010.99,1010.03,8.0,2.17,18.0,0.4,0.5,0.2,0.0,1.0,3.1,1.4,7.0,1.9,18.0,0.3,0.5,0.2,-15.9,-6.4,3.3,-6.0,9.0,11.9,18.0,0.3,0.5,0.1,-24.9,-16.2,-0.6,-17.3,9.0,21.1,18.0,0.3,0.5,0.1,0.44,1.05,1.29,1.03,8.0,0.52,18.0,0.3,0.5,0.1,0.1,3.3,10.1,4.5,8.0,4.8,18.0,0.3,0.5,0.1,5.97,6.64,7.44,6.61,6.0,0.97,18.0,0.2,0.6,0.1,0.0,25.3,37.6,23.7,6.0,22.7,18.0,0.2,0.6,0.1,-86.2,-65.7,17.7,-40.7,9.0,57.5,18.0,0.3,0.5,0.1,-129.3,-95.1,-6.4,-78.6,9.0,72.4,18.0,0.3,0.5,0.1,-53.0,-18.3,4.7,-20.5,6.0,32.8,18.0,0.2,0.6,0.1,-81.8,-37.5,0.0,-45.7,6.0,51.3,18.0,0.2,0.6,0.1,-19.6,-9.5,2.2,-8.1,6.0,13.2,18.0,0.2,0.6,0.1,-31.5,-15.1,0.0,-19.0,6.0,22.5,18.0,0.2,0.6,0.1,4.5,97.5,193.5,129.5,9.0,175.0,18.0,0.3,0.5,0.1,5.0,95.0,195.0,130.0,9.0,175.0,18.0,0.3,0.5,0.1
1974,2,72.0,10.0,,,,,,,,,,,,,,,,,,,,,,,,,,,,,,,,,,,,,,,,5.0,5.0,5.0,5.0,1.0,0.0,2.0,1.0,0.1,0.9,0.0,0.0,0.0,0.0,1.0,0.0,2.0,1.0,0.1,0.9,-5.0,-5.0,-5.0,-5.0,1.0,0.0,2.0,1.0,0.1,0.9,1014.1,1014.1,1014.1,1014.1,1.0,0.0,2.0,1.0,0.1,0.9,,,,,,,,,,,,,,,,,,,,,,,,,,,,,,,,,,,,,,,,,,,,,,,,,,,,,,,,,,,,,,,,,,,,,,,,,,,,,,,,,,,,,,,,,,,,,,,,,,,,,,,,,,,,,,,,,,,,,,,,,,,,,,,,,,,,,,,,,,,,,,,,,,,,,,
1974,2,72.0,11.0,27.43,27.95,28.0,27.73,4.0,0.49,8.0,0.8,0.8,0.9,26.24,27.65,28.95,27.6,4.0,1.56,8.0,0.8,0.8,0.9,16.84,17.96,19.07,17.95,4.0,1.3,8.0,0.8,0.8,0.9,76.7,78.4,79.1,77.9,4.0,1.6,8.0,0.8,0.9,1.48,4.1,5.1,3.33,4.0,2.41,8.0,0.8,0.8,0.9,-2.55,-1.27,1.24,-0.68,4.0,2.37,8.0,0.8,0.8,0.9,-4.42,-3.2,-0.95,-2.71,4.0,2.14,8.0,0.8,0.8,0.9,1011.66,1015.25,1016.64,1014.2,4.0,3.77,8.0,0.8,0.8,0.9,1.5,2.0,2.5,2.0,4.0,0.8,8.0,0.8,0.8,0.9,-13.0,-6.5,3.9,-4.7,4.0,10.1,8.0,0.8,0.8,0.9,-22.5,-14.4,-2.9,-12.8,4.0,11.5,8.0,0.8,0.8,0.9,-1.48,0.35,1.7,0.13,4.0,1.88,8.0,0.8,0.8,0.9,-7.5,-2.3,2.6,-2.5,4.0,6.5,8.0,0.8,0.8,0.9,3.81,5.53,6.78,5.31,4.0,1.75,8.0,0.8,0.8,0.9,8.1,18.9,21.5,15.0,4.0,10.2,8.0,0.8,0.8,0.9,-73.8,-36.8,32.8,-21.2,4.0,65.9,8.0,0.8,0.8,0.9,-127.9,-90.1,-25.0,-77.1,4.0,62.4,8.0,0.8,0.8,0.9,-48.6,-24.1,21.2,-14.2,4.0,43.1,8.0,0.8,0.8,0.9,-84.2,-58.7,-16.2,-50.6,4.0,41.2,8.0,0.8,0.8,0.9,-9.9,-4.2,8.3,-0.9,4.0,12.2,8.0,0.8,0.8,0.9,-17.1,-14.0,-6.4,-11.8,4.0,8.3,8.0,0.8,0.8,0.9,14.0,81.0,132.5,74.0,4.0,69.0,8.0,0.8,0.8,0.9,15.0,80.0,135.0,75.0,4.0,70.0,8.0,0.8,0.8,0.9
1974,2,72.0,12.0,26.88,28.2,28.72,27.93,11.0,0.99,14.0,0.4,0.4,0.3,26.21,27.0,28.16,27.17,10.0,1.02,14.0,0.4,0.4,0.3,15.31,17.5,19.02,17.25,9.0,1.84,16.0,0.4,0.4,0.3,70.5,74.5,79.0,76.0,9.0,7.0,16.0,0.4,0.3,1.94,2.6,5.1,3.85,11.0,2.93,14.0,0.4,0.4,0.3,-0.93,0.45,2.08,0.66,11.0,2.33,14.0,0.4,0.4,0.3,-4.92,-2.6,-0.27,-3.14,11.0,2.83,14.0,0.4,0.4,0.3,1011.12,1011.8,1013.21,1012.09,11.0,1.78,14.0,0.4,0.4,0.3,0.0,1.0,4.0,2.0,11.0,2.0,14.0,0.4,0.4,0.3,-2.4,1.0,7.9,5.7,11.0,19.5,14.0,0.4,0.4,0.3,-25.1,-6.8,-0.7,-19.4,11.0,30.0,14.0,0.4,0.4,0.3,0.0,0.75,1.43,0.73,10.0,0.88,14.0,0.4,0.4,0.3,0.0,0.6,6.0,2.2,10.0,4.2,14.0,0.4,0.4,0.3,4.78,6.43,8.27,6.49,9.0,1.83,16.0,0.4,0.4,0.3,13.5,21.4,27.9,22.0,9.0,10.7,16.0,0.4,0.4,0.3,-34.2,6.4,43.8,5.2,10.0,48.2,14.0,0.4,0.4,0.3,-120.4,-71.6,-5.4,-68.1,10.0,54.2,14.0,0.4,0.4,0.3,-28.3,7.9,26.6,2.0,9.0,34.4,16.0,0.4,0.4,0.3,-77.6,-44.8,-11.9,-47.8,9.0,33.8,16.0,0.4,0.4,0.3,-7.8,2.9,13.3,3.2,9.0,11.0,16.0,0.4,0.4,0.3,-27.5,-16.5,-4.3,-17.6,9.0,13.2,16.0,0.4,0.4,0.3,10.5,17.5,132.5,172.5,11.0,388.5,14.0,0.4,0.4,0.3,10.0,20.0,135.0,175.0,11.0,390.0,14.0,0.4,0.4,0.3
1974,2,72.0,13.0,26.54,27.0,27.72,27.13,4.0,0.81,12.0,0.3,0.6,0.5,26.0,26.7,28.11,27.0,5.0,1.09,12.0,0.4,0.6,0.5,15.34,16.0,17.07,16.19,4.0,1.07,12.0,0.3,0.6,0.5,68.4,74.0,79.7,74.0,4.0,7.8,12.0,0.3,0.5,4.1,4.6,8.01,5.96,5.0,2.65,12.0,0.4,0.6,0.5,0.0,0.8,1.89,1.02,5.0,1.29,12.0,0.4,0.6,0.5,-7.95,-4.53,-3.57,-5.63,5.0,2.97,12.0,0.4,0.6,0.5,1009.89,1010.0,1012.17,1010.86,5.0,1.37,12.0,0.4,0.6,0.5,1.3,3.0,3.4,2.4,5.0,1.5,12.0,0.4,0.6,0.5,0.0,3.7,9.7,4.9,5.0,5.5,12.0,0.4,0.6,0.5,-66.8,-20.8,-14.6,-39.8,5.0,39.2,12.0,0.4,0.6,0.5,0.0,0.2,0.77,0.38,4.0,0.57,12.0,0.3,0.6,0.5,0.1,1.2,3.2,1.7,4.0,2.3,12.0,0.3,0.6,0.5,4.7,6.48,7.95,6.33,4.0,2.02,12.0,0.3,0.6,0.5,23.8,43.5,57.2,40.6,4.0,19.8,12.0,0.3,0.6,0.5,0.0,20.8,50.7,27.1,5.0,33.6,12.0,0.4,0.6,0.5,-219.0,-117.8,-97.9,-152.6,5.0,80.4,12.0,0.4,0.6,0.5,6.7,16.0,33.6,20.0,4.0,20.1,12.0,0.3,0.6,0.5,-137.8,-90.9,-58.9,-98.0,4.0,54.5,12.0,0.3,0.6,0.5,1.5,6.5,16.8,9.0,4.0,10.3,12.0,0.3,0.6,0.5,-56.7,-37.7,-18.5,-37.6,4.0,22.1,12.0,0.3,0.6,0.5,69.0,97.5,590.0,325.5,5.0,439.5,12.0,0.4,0.6,0.5,70.0,95.0,590.0,325.0,5.0,440.0,12.0,0.4,0.6,0.5
1974,2,72.0,14.0,27.36,28.0,28.95,28.16,9.0,0.83,20.0,0.7,0.4,0.5,27.03,27.7,29.81,28.0,8.0,1.4,20.0,0.6,0.4,0.4,16.16,19.01,20.49,18.43,7.0,2.15,20.0,0.6,0.4,0.4,73.4,77.2,87.3,79.2,7.0,7.7,20.0,0.6,0.4,1.18,4.1,7.07,4.09,8.0,2.85,20.0,0.6,0.3,0.4,0.0,0.53,1.7,1.13,8.0,1.95,20.0,0.6,0.3,0.4,-5.87,-3.77,-0.97,-3.66,8.0,2.58,20.0,0.6,0.3,0.4,1010.0,1011.1,1013.79,1011.79,9.0,2.09,20.0,0.7,0.4,0.5,0.0,0.0,2.0,0.9,8.0,1.2,20.0,0.8,0.4,0.5,0.0,1.6,10.1,7.7,8.0,13.6,20.0,0.6,0.3,0.4,-35.7,-16.7,-1.4,-21.1,8.0,20.6,20.0,0.6,0.3,0.4,-0.96,-0.15,1.0,-0.01,8.0,0.93,20.0,0.6,0.4,0.4,-6.0,0.0,3.3,-0.8,7.0,5.0,20.0,0.6,0.3,0.4,2.25,5.29,7.06,5.06,7.0,2.19,20.0,0.6,0.4,0.4,13.4,19.7,28.4,19.5,6.0,11.4,18.0,0.5,0.3,0.4,0.0,27.6,56.9,38.0,7.0,53.2,20.0,0.6,0.3,0.4,-181.5,-125.0,-68.3,-115.3,7.0,71.8,20.0,0.6,0.3,0.4,0.0,22.3,48.8,30.6,6.0,39.0,18.0,0.5,0.3,0.4,-106.6,-67.6,-32.1,-70.8,6.0,53.7,18.0,0.5,0.3,0.4,0.0,4.7,12.7,7.5,6.0,9.8,18.0,0.5,0.3,0.4,-22.6,-19.1,-13.2,-17.0,6.0,8.9,18.0,0.5,0.3,0.4,3.0,81.0,356.0,153.5,8.0,179.5,20.0,0.6,0.3,0.4,5.0,80.0,355.0,155.0,8.0,180.0,20.0,0.6,0.3,0.4
1974,2,72.0,15.0,27.67,28.05,28.43,28.05,2.0,0.78,20.0,0.5,0.4,0.3,26.98,28.0,28.0,27.5,3.0,0.87,14.0,0.7,0.3,0.3,17.22,17.35,17.48,17.35,2.0,0.27,20.0,0.5,0.4,0.3,73.9,76.8,79.7,76.8,2.0,6.1,20.0,0.5,0.3,1.98,4.1,7.65,4.8,3.0,4.19,14.0,0.7,0.3,0.3,1.1,1.61,3.14,2.11,3.0,1.55,14.0,0.7,0.3,0.3,-6.7,-1.4,-0.79,-3.69,3.0,4.76,14.0,0.7,0.3,0.3,1008.93,1009.0,1010.57,1009.73,3.0,1.36,14.0,0.7,0.3,0.3,0.0,0.0,0.7,0.3,3.0,0.6,14.0,0.7,0.3,0.3,5.4,15.0,15.5,10.6,3.0,8.4,14.0,0.7,0.3,0.3,-60.0,-5.7,-2.2,-30.5,3.0,47.4,14.0,0.7,0.3,0.3,0.66,0.8,0.94,0.8,2.0,0.28,20.0,0.5,0.4,0.3,1.2,2.4,3.5,2.4,2.0,2.5,20.0,0.5,0.4,0.3,5.79,6.47,7.15,6.47,2.0,1.41,20.0,0.5,0.4,0.3,9.8,14.9,20.1,14.9,2.0,10.6,20.0,0.5,0.4,0.3,30.9,45.2,84.0,57.2,3.0,40.3,14.0,0.7,0.3,0.3,-186.8,-37.2,-21.4,-102.5,3.0,133.8,14.0,0.7,0.3,0.3,23.2,41.2,59.2,41.2,2.0,37.3,20.0,0.5,0.4,0.3,-22.1,-16.6,-11.1,-16.6,2.0,11.3,20.0,0.5,0.4,0.3,8.8,13.8,18.8,13.8,2.0,10.3,20.0,0.5,0.4,0.3,-7.0,-5.7,-4.4,-5.7,2.0,2.8,20.0,0.5,0.4,0.3,22.5,69.0,571.0,291.5,3.0,445.5,14.0,0.7,0.3,0.3,25.0,70.0,570.0,290.0,3.0,445.0,14.0,0.7,0.3,0.3
1974,2,72.0,16.0,26.2,26.2,26.2,26.2,1.0,0.0,6.0,0.0,0.9,0.6,25.13,25.4,25.67,25.4,2.0,0.57,6.0,0.0,0.9,0.6,12.94,12.94,12.94,12.94,1.0,0.0,6.0,0.0,0.9,0.6,62.5,62.5,62.5,62.5,1.0,0.0,6.0,0.0,0.6,7.95,8.5,9.05,8.5,2.0,1.13,6.0,0.0,0.9,0.6,1.38,1.48,1.57,1.48,2.0,0.2,6.0,0.0,0.9,0.6,-8.91,-8.37,-7.83,-8.37,2.0,1.11,6.0,0.0,0.9,0.6,1010.22,1010.25,1010.28,1010.25,2.0,0.07,6.0,0.0,0.9,0.6,0.0,0.0,0.0,0.0,2.0,0.0,6.0,0.0,0.9,0.6,11.0,12.7,14.3,12.7,2.0,3.3,6.0,0.0,0.9,0.6,-80.9,-71.8,-62.6,-71.8,2.0,18.9,6.0,0.0,0.9,0.6,0.4,0.4,0.4,0.4,1.0,0.0,6.0,0.0,0.9,0.6,3.1,3.1,3.1,3.1,1.0,0.0,6.0,0.0,0.9,0.6,8.38,8.38,8.38,8.38,1.0,0.0,6.0,0.0,0.9,0.6,64.5,64.5,64.5,64.5,1.0,0.0,6.0,0.0,0.9,0.6,35.4,37.4,39.4,37.4,2.0,4.2,6.0,0.0,0.9,0.6,-223.7,-212.3,-200.9,-212.3,2.0,23.6,6.0,0.0,0.9,0.6,17.3,17.3,17.3,17.3,1.0,0.0,6.0,0.0,0.9,0.6,-98.1,-98.1,-98.1,-98.1,1.0,0.0,6.0,0.0,0.9,0.6,11.2,11.2,11.2,11.2,1.0,0.0,6.0,0.0,0.9,0.6,-63.5,-63.5,-63.5,-63.5,1.0,0.0,6.0,0.0,0.9,0.6,511.5,630.5,749.0,630.5,2.0,246.0,6.0,0.0,0.9,0.6,510.0,630.0,750.0,630.0,2.0,245.0,6.0,0.0,0.9,0.6
1974,2,72.0,17.0,26.03,26.3,26.57,26.3,2.0,0.57,12.0,0.5,0.4,0.4,24.63,26.0,26.07,25.37,3.0,1.18,10.0,0.7,0.3,0.5,11.04,13.21,15.38,13.21,2.0,4.5,12.0,0.5,0.4,0.4,52.8,62.9,73.0,62.9,2.0,20.9,12.0,0.5,0.4,5.93,7.7,10.84,8.37,3.0,3.65,10.0,0.7,0.3,0.5,-0.6,0.0,1.46,0.42,3.0,1.55,10.0,0.7,0.3,0.5,-10.71,-7.7,-5.87,-8.28,3.0,3.58,10.0,0.7,0.3,0.5,1009.56,1011.2,1013.25,1011.4,3.0,2.71,10.0,0.7,0.3,0.5,0.0,0.0,0.0,0.0,3.0,0.0,10.0,0.7,0.3,0.5,-3.1,0.0,17.9,7.3,3.0,16.6,10.0,0.7,0.3,0.5,-120.5,-59.3,-36.3,-78.0,3.0,63.8,10.0,0.7,0.3,0.5,0.01,0.25,0.49,0.25,2.0,0.49,12.0,0.5,0.4,0.4,-0.5,0.9,2.4,0.9,2.0,3.0,12.0,0.5,0.4,0.4,6.38,8.18,9.98,8.18,2.0,3.73,12.0,0.5,0.4,0.4,44.9,80.7,116.5,80.7,2.0,74.1,12.0,0.5,0.4,0.4,-15.8,0.0,37.9,10.8,3.0,40.4,10.0,0.7,0.3,0.5,-273.6,-184.8,-148.1,-210.3,3.0,94.5,10.0,0.7,0.3,0.5,-8.8,3.5,15.7,3.5,2.0,25.4,12.0,0.5,0.4,0.4,-115.3,-101.9,-88.6,-101.9,2.0,27.7,12.0,0.5,0.4,0.4,-0.5,9.1,18.7,9.1,2.0,19.8,12.0,0.5,0.4,0.4,-114.7,-79.5,-44.2,-79.5,2.0,73.0,12.0,0.5,0.4,0.4,235.5,456.5,1415.0,816.5,3.0,918.5,10.0,0.7,0.3,0.5,235.0,455.0,1415.0,815.0,3.0,920.0,10.0,0.7,0.3,0.5
1974,2,72.0,18.0,24.4,24.4,24.4,24.4,1.0,0.0,18.0,0.0,0.6,0.6,24.8,24.8,24.8,24.8,1.0,0.0,18.0,0.0,0.6,0.6,16.97,16.97,16.97,16.97,1.0,0.0,18.0,0.0,0.6,0.6,87.1,87.1,87.1,87.1,1.0,0.0,18.0,0.0,0.6,6.2,6.2,6.2,6.2,1.0,0.0,18.0,0.0,0.6,0.6,-3.99,-3.99,-3.99,-3.99,1.0,0.0,18.0,0.0,0.6,0.6,-4.75,-4.75,-4.75,-4.75,1.0,0.0,18.0,0.0,0.6,0.6,1013.4,1013.4,1013.4,1013.4,1.0,0.0,18.0,0.0,0.6,0.6,0.0,0.0,0.0,0.0,1.0,0.0,18.0,0.0,0.6,0.6,-24.7,-24.7,-24.7,-24.7,1.0,0.0,18.0,0.0,0.6,0.6,-29.4,-29.4,-29.4,-29.4,1.0,0.0,18.0,0.0,0.6,0.6,-0.4,-0.4,-0.4,-0.4,1.0,0.0,18.0,0.0,0.6,0.6,-2.5,-2.5,-2.5,-2.5,1.0,0.0,18.0,0.0,0.6,0.6,2.09,2.09,2.09,2.09,1.0,0.0,18.0,0.0,0.6,0.6,12.9,12.9,12.9,12.9,1.0,0.0,18.0,0.0,0.6,0.6,-98.8,-98.8,-98.8,-98.8,1.0,0.0,18.0,0.0,0.6,0.6,-117.8,-117.8,-117.8,-117.8,1.0,0.0,18.0,0.0,0.6,0.6,-67.6,-67.6,-67.6,-67.6,1.0,0.0,18.0,0.0,0.6,0.6,-80.6,-80.6,-80.6,-80.6,1.0,0.0,18.0,0.0,0.6,0.6,-8.3,-8.3,-8.3,-8.3,1.0,0.0,18.0,0.0,0.6,0.6,-9.9,-9.9,-9.9,-9.9,1.0,0.0,18.0,0.0,0.6,0.6,238.5,238.5,238.5,238.5,1.0,0.0,18.0,0.0,0.6,0.6,240.0,240.0,240.0,240.0,1.0,0.0,18.0,0.0,0.6,0.6
1974,2,72.0,19.0,26.06,26.2,26.34,26.2,2.0,0.28,14.0,1.0,0.2,0.3,25.03,25.1,25.17,25.1,2.0,0.14,14.0,1.0,0.2,0.3,13.06,13.28,13.51,13.28,2.0,0.47,14.0,1.0,0.2,0.3,65.5,67.0,68.6,67.0,2.0,3.2,14.0,1.0,0.3,3.83,5.4,6.97,5.4,2.0,3.25,14.0,1.0,0.2,0.3,-1.46,-0.33,0.81,-0.33,2.0,2.35,14.0,1.0,0.2,0.3,-6.76,-4.98,-3.2,-4.98,2.0,3.68,14.0,1.0,0.2,0.3,1010.52,1012.7,1014.88,1012.7,2.0,4.53,14.0,1.0,0.2,0.3,0.0,0.0,0.0,0.0,2.0,0.0,14.0,1.0,0.2,0.3,-3.6,2.1,7.7,2.1,2.0,11.6,14.0,1.0,0.2,0.3,-50.3,-32.9,-15.5,-32.9,2.0,36.1,14.0,1.0,0.2,0.3,1.03,1.1,1.17,1.1,2.0,0.14,14.0,1.0,0.2,0.3,4.1,6.2,8.3,6.2,2.0,4.3,14.0,1.0,0.2,0.3,7.53,7.98,8.43,7.98,2.0,0.93,14.0,1.0,0.2,0.3,29.7,44.6,59.6,44.6,2.0,31.0,14.0,1.0,0.2,0.3,-36.6,-8.1,20.4,-8.1,2.0,59.1,14.0,1.0,0.2,0.3,-170.2,-125.2,-80.3,-125.2,2.0,93.1,14.0,1.0,0.2,0.3,-20.1,-4.9,10.3,-4.9,2.0,31.4,14.0,1.0,0.2,0.3,-87.7,-65.3,-42.8,-65.3,2.0,46.6,14.0,1.0,0.2,0.3,-10.4,-1.5,7.4,-1.5,2.0,18.5,14.0,1.0,0.2,0.3,-57.9,-41.5,-25.0,-41.5,2.0,34.0,14.0,1.0,0.2,0.3,97.5,243.0,389.0,243.0,2.0,302.0,14.0,1.0,0.2,0.3,100.0,245.0,390.0,245.0,2.0,300.0,14.0,1.0,0.2,0.3
1974,2,72.0,20.0,27.8,27.8,27.8,27.8,1.0,0.0,18.0,1.0,0.1,0.2,19.4,19.4,19.4,19.4,1.0,0.0,18.0,1.0,0.1,0.2,10.94,10.94,10.94,10.94,1.0,0.0,18.0,1.0,0.1,0.2,78.2,78.2,78.2,78.2,1.0,0.0,18.0,1.0,0.2,10.8,10.8,10.8,10.8,1.0,0.0,18.0,1.0,0.1,0.2,-1.88,-1.88,-1.88,-1.88,1.0,0.0,18.0,1.0,0.1,0.2,-10.64,-10.64,-10.64,-10.64,1.0,0.0,18.0,1.0,0.1,0.2,1012.2,1012.2,1012.2,1012.2,1.0,0.0,18.0,1.0,0.1,0.2,5.0,5.0,5.0,5.0,1.0,0.0,18.0,1.0,0.1,0.2,-20.3,-20.3,-20.3,-20.3,1.0,0.0,18.0,1.0,0.1,0.2,-114.9,-114.9,-114.9,-114.9,1.0,0.0,18.0,1.0,0.1,0.2,8.4,8.4,8.4,8.4,1.0,0.0,18.0,1.0,0.1,0.2,90.7,90.7,90.7,90.7,1.0,0.0,18.0,1.0,0.1,0.2,12.47,12.47,12.47,12.47,1.0,0.0,18.0,1.0,0.1,0.2,134.7,134.7,134.7,134.7,1.0,0.0,18.0,1.0,0.1,0.2,-36.4,-36.4,-36.4,-36.4,1.0,0.0,18.0,1.0,0.1,0.2,-206.3,-206.3,-206.3,-206.3,1.0,0.0,18.0,1.0,0.1,0.2,-20.5,-20.5,-20.5,-20.5,1.0,0.0,18.0,1.0,0.1,0.2,-116.3,-116.3,-116.3,-116.3,1.0,0.0,18.0,1.0,0.1,0.2,-23.4,-23.4,-23.4,-23.4,1.0,0.0,18.0,1.0,0.1,0.2,-132.6,-132.6,-132.6,-132.6,1.0,0.0,18.0,1.0,0.1,0.2,1259.5,1259.5,1259.5,1259.5,1.0,0.0,18.0,1.0,0.1,0.2,1260.0,1260.0,1260.0,1260.0,1.0,0.0,18.0,1.0,0.1,0.2
1974,2,73.0,-70.0,-1.0,-1.0,-0.59,-0.67,6.0,0.82,24.0,0.8,0.7,0.4,-11.0,-7.0,-3.81,-7.18,5.0,3.9,24.0,0.8,0.7,0.4,2.31,2.31,2.31,2.31,1.0,0.0,24.0,0.0,0.8,0.3,84.6,84.6,84.6,84.6,1.0,0.0,24.0,0.0,0.3,7.79,8.45,9.17,8.35,6.0,1.21,24.0,0.8,0.7,0.4,-8.24,-0.52,6.58,-0.62,6.0,7.63,24.0,0.8,0.7,0.4,2.94,4.44,5.61,4.47,6.0,1.55,24.0,0.8,0.7,0.4,977.73,979.1,986.47,981.47,7.0,4.93,24.0,0.9,0.7,0.4,3.0,6.0,7.0,5.0,7.0,2.3,24.0,0.9,0.7,0.4,-73.6,-11.3,53.9,-10.4,6.0,65.7,24.0,0.8,0.7,0.4,24.4,34.6,50.9,37.8,6.0,15.8,24.0,0.8,0.7,0.4,2.81,6.0,10.73,6.58,5.0,4.45,24.0,0.8,0.7,0.4,20.5,45.9,79.5,49.8,4.0,38.2,24.0,0.8,0.7,0.5,1.32,1.32,1.32,1.32,1.0,0.0,24.0,0.0,0.8,0.3,11.5,11.5,11.5,11.5,1.0,0.0,24.0,0.0,0.8,0.3,-50.7,13.0,49.8,0.2,4.0,64.4,24.0,0.8,0.7,0.5,-32.7,-22.6,-12.6,-22.6,4.0,11.6,24.0,0.8,0.7,0.5,-18.9,-18.9,-18.9,-18.9,1.0,0.0,24.0,0.0,0.8,0.3,6.9,6.9,6.9,6.9,1.0,0.0,24.0,0.0,0.8,0.3,-10.8,-10.8,-10.8,-10.8,1.0,0.0,24.0,0.0,0.8,0.3,3.9,3.9,3.9,3.9,1.0,0.0,24.0,0.0,0.8,0.3,486.5,605.0,773.0,611.5,6.0,233.0,24.0,0.8,0.7,0.4,485.0,605.0,775.0,610.0,6.0,235.0,24.0,0.8,0.7,0.4
1974,2,73.0,-69.0,,,,,,,,,,,,,,,,,,,,,,,,,,,,,,,,,,,,,,,,7.16,7.5,7.84,7.5,2.0,0.71,22.0,0.5,0.8,0.7,-5.87,-5.31,-4.76,-5.31,2.0,1.15,22.0,0.5,0.8,0.7,-3.7,-0.11,3.48,-0.11,2.0,7.43,22.0,0.5,0.8,0.7,986.01,986.45,986.89,986.45,2.0,0.92,22.0,0.5,0.8,0.7,,,,,,,,,,,,,,,,,,,,,,,,,,,,,,,,,,,,,,,,,,,,,,,,,,,,,,,,,,,,,,,,,,,,,,,,,,,,,,,,,,,,,,,,,,,,,,,,,,,,,,,,,,,,,,,,,,,,,,,,,,,,,,,,,,,,,,,,,,,,,,,,,,,,,,
1974,2,73.0,-66.0,-0.34,0.0,0.34,0.0,2.0,0.71,24.0,0.5,0.3,0.9,0.6,0.6,0.6,0.6,1.0,0.0,26.0,0.0,0.5,0.7,3.48,3.48,3.48,3.48,1.0,0.0,26.0,0.0,0.5,0.7,86.4,86.4,86.4,86.4,1.0,0.0,26.0,0.0,0.7,3.33,4.05,4.77,4.05,2.0,1.48,24.0,0.5,0.3,0.9,-3.17,-2.94,-2.71,-2.94,2.0,0.48,24.0,0.5,0.3,0.9,-3.05,-1.2,0.64,-1.2,2.0,3.82,24.0,0.5,0.3,0.9,992.41,993.5,994.59,993.5,2.0,2.26,24.0,0.5,0.3,0.9,1.3,4.0,6.7,4.0,2.0,5.7,24.0,0.5,0.3,0.9,-15.3,-12.3,-9.2,-12.3,2.0,6.3,24.0,0.5,0.3,0.9,-16.0,-7.7,0.6,-7.7,2.0,17.3,24.0,0.5,0.3,0.9,-1.1,-1.1,-1.1,-1.1,1.0,0.0,26.0,0.0,0.5,0.7,-5.6,-5.6,-5.6,-5.6,1.0,0.0,26.0,0.0,0.5,0.7,0.24,0.24,0.24,0.24,1.0,0.0,26.0,0.0,0.5,0.7,1.2,1.2,1.2,1.2,1.0,0.0,26.0,0.0,0.5,0.7,-2.0,-2.0,-2.0,-2.0,1.0,0.0,26.0,0.0,0.5,0.7,-2.3,-2.3,-2.3,-2.3,1.0,0.0,26.0,0.0,0.5,0.7,-11.4,-11.4,-11.4,-11.4,1.0,0.0,26.0,0.0,0.5,0.7,-13.6,-13.6,-13.6,-13.6,1.0,0.0,26.0,0.0,0.5,0.7,-0.8,-0.8,-0.8,-0.8,1.0,0.0,26.0,0.0,0.5,0.7,-0.9,-0.9,-0.9,-0.9,1.0,0.0,26.0,0.0,0.5,0.7,44.0,80.0,116.0,80.0,2.0,74.5,24.0,0.5,0.3,0.9,45.0,80.0,115.0,80.0,2.0,75.0,24.0,0.5,0.3,0.9
1974,2,73.0,-63.0,0.58,0.75,0.92,0.75,2.0,0.35,10.0,1.0,0.4,0.5,1.02,1.05,1.08,1.05,2.0,0.07,10.0,1.0,0.4,0.5,3.66,3.76,3.86,3.76,2.0,0.2,10.0,1.0,0.4,0.5,87.0,89.4,91.9,89.4,2.0,5.1,10.0,1.0,0.5,5.27,5.65,6.03,5.65,2.0,0.78,10.0,1.0,0.4,0.5,5.08,5.2,5.31,5.2,2.0,0.25,10.0,1.0,0.4,0.5,-2.75,-1.99,-1.24,-1.99,2.0,1.57,10.0,1.0,0.4,0.5,981.08,981.9,982.72,981.9,2.0,1.7,10.0,1.0,0.4,0.5,8.0,8.0,8.0,8.0,2.0,0.0,10.0,1.0,0.4,0.5,26.8,29.5,32.1,29.5,2.0,5.4,10.0,1.0,0.4,0.5,-16.9,-11.9,-6.8,-11.9,2.0,10.4,10.0,1.0,0.4,0.5,-0.5,-0.3,-0.1,-0.3,2.0,0.42,10.0,1.0,0.4,0.5,-2.6,-1.5,-0.5,-1.5,2.0,2.2,10.0,1.0,0.4,0.5,0.31,0.36,0.4,0.36,2.0,0.09,10.0,1.0,0.4,0.5,1.9,2.0,2.1,2.0,2.0,0.2,10.0,1.0,0.4,0.5,5.4,5.4,5.5,5.4,2.0,0.1,10.0,1.0,0.4,0.5,-2.8,-2.0,-1.3,-2.0,2.0,1.5,10.0,1.0,0.4,0.5,18.6,19.6,20.5,19.6,2.0,2.0,10.0,1.0,0.4,0.5,-10.7,-7.7,-4.6,-7.7,2.0,6.3,10.0,1.0,0.4,0.5,1.7,1.8,2.0,1.8,2.0,0.4,10.0,1.0,0.4,0.5,-0.8,-0.6,-0.5,-0.6,2.0,0.4,10.0,1.0,0.4,0.5,149.5,185.5,221.5,185.5,2.0,74.5,10.0,1.0,0.4,0.5,150.0,185.0,220.0,185.0,2.0,75.0,10.0,1.0,0.4,0.5
1974,2,73.0,-62.0,0.4,0.4,0.4,0.4,1.0,0.0,12.0,1.0,0.7,0.9,0.4,0.4,0.4,0.4,1.0,0.0,12.0,1.0,0.7,0.9,3.75,3.75,3.75,3.75,1.0,0.0,12.0,1.0,0.7,0.9,93.0,93.0,93.0,93.0,1.0,0.0,12.0,1.0,0.9,8.7,8.7,8.7,8.7,1.0,0.0,12.0,1.0,0.7,0.9,7.53,7.53,7.53,7.53,1.0,0.0,12.0,1.0,0.7,0.9,4.35,4.35,4.35,4.35,1.0,0.0,12.0,1.0,0.7,0.9,977.8,977.8,977.8,977.8,1.0,0.0,12.0,1.0,0.7,0.9,7.0,7.0,7.0,7.0,1.0,0.0,12.0,1.0,0.7,0.9,65.5,65.5,65.5,65.5,1.0,0.0,12.0,1.0,0.7,0.9,37.8,37.8,37.8,37.8,1.0,0.0,12.0,1.0,0.7,0.9,0.0,0.0,0.0,0.0,1.0,0.0,12.0,1.0,0.7,0.9,0.0,0.0,0.0,0.0,1.0,0.0,12.0,1.0,0.7,0.9,0.28,0.28,0.28,0.28,1.0,0.0,12.0,1.0,0.7,0.9,2.5,2.5,2.5,2.5,1.0,0.0,12.0,1.0,0.7,0.9,3.0,3.0,3.0,3.0,1.0,0.0,12.0,1.0,0.7,0.9,1.7,1.7,1.7,1.7,1.0,0.0,12.0,1.0,0.7,0.9,28.2,28.2,28.2,28.2,1.0,0.0,12.0,1.0,0.7,0.9,16.3,16.3,16.3,16.3,1.0,0.0,12.0,1.0,0.7,0.9,2.1,2.1,2.1,2.1,1.0,0.0,12.0,1.0,0.7,0.9,1.2,1.2,1.2,1.2,1.0,0.0,12.0,1.0,0.7,0.9,658.5,658.5,658.5,658.5,1.0,0.0,12.0,1.0,0.7,0.9,660.0,660.0,660.0,660.0,1.0,0.0,12.0,1.0,0.7,0.9
1974,2,73.0,-54.0,,,,,,,,,,,,,,,,,,,,,,,,,,,,,,,,,,,,,,,,4.0,4.0,4.0,4.0,1.0,0.0,8.0,1.0,0.2,1.0,3.06,3.06,3.06,3.06,1.0,0.0,8.0,1.0,0.2,1.0,-2.57,-2.57,-2.57,-2.57,1.0,0.0,8.0,1.0,0.2,1.0,984.4,984.4,984.4,984.4,1.0,0.0,8.0,1.0,0.2,1.0,8.0,8.0,8.0,8.0,1.0,0.0,8.0,1.0,0.2,1.0,12.3,12.3,12.3,12.3,1.0,0.0,8.0,1.0,0.2,1.0,-10.3,-10.3,-10.3,-10.3,1.0,0.0,8.0,1.0,0.2,1.0,,,,,,,,,,,,,,,,,,,,,,,,,,,,,,,,,,,,,,,,,11.6,11.6,11.6,11.6,1.0,0.0,8.0,1.0,0.2,1.0,-9.8,-9.8,-9.8,-9.8,1.0,0.0,8.0,1.0,0.2,1.0,14.9,14.9,14.9,14.9,1.0,0.0,8.0,1.0,0.2,1.0,-12.5,-12.5,-12.5,-12.5,1.0,0.0,8.0,1.0,0.2,1.0,,,,,,,,,,,,,,,,,,,,,,,,,,,,,,,,,,,,,,,,
1974,2,73.0,-49.0,3.7,3.7,3.7,3.7,1.0,0.0,2.0,1.0,0.4,0.1,4.6,4.6,4.6,4.6,1.0,0.0,2.0,1.0,0.4,0.1,4.01,4.01,4.01,4.01,1.0,0.0,2.0,1.0,0.4,0.1,77.5,77.5,77.5,77.5,1.0,0.0,2.0,1.0,0.1,8.0,8.0,8.0,8.0,1.0,0.0,2.0,1.0,0.4,0.1,5.14,5.14,5.14,5.14,1.0,0.0,2.0,1.0,0.4,0.1,6.13,6.13,6.13,6.13,1.0,0.0,2.0,1.0,0.4,0.1,1025.2,1025.2,1025.2,1025.2,1.0,0.0,2.0,1.0,0.4,0.1,2.0,2.0,2.0,2.0,1.0,0.0,2.0,1.0,0.4,0.1,41.1,41.1,41.1,41.1,1.0,0.0,2.0,1.0,0.4,0.1,49.0,49.0,49.0,49.0,1.0,0.0,2.0,1.0,0.4,0.1,-0.9,-0.9,-0.9,-0.9,1.0,0.0,2.0,1.0,0.4,0.1,-7.2,-7.2,-7.2,-7.2,1.0,0.0,2.0,1.0,0.4,0.1,0.85,0.85,0.85,0.85,1.0,0.0,2.0,1.0,0.4,0.1,6.8,6.8,6.8,6.8,1.0,0.0,2.0,1.0,0.4,0.1,23.7,23.7,23.7,23.7,1.0,0.0,2.0,1.0,0.4,0.1,28.2,28.2,28.2,28.2,1.0,0.0,2.0,1.0,0.4,0.1,20.6,20.6,20.6,20.6,1.0,0.0,2.0,1.0,0.4,0.1,24.6,24.6,24.6,24.6,1.0,0.0,2.0,1.0,0.4,0.1,4.4,4.4,4.4,4.4,1.0,0.0,2.0,1.0,0.4,0.1,5.2,5.2,5.2,5.2,1.0,0.0,2.0,1.0,0.4,0.1,512.0,512.0,512.0,512.0,1.0,0.0,2.0,1.0,0.4,0.1,510.0,510.0,510.0,510.0,1.0,0.0,2.0,1.0,0.4,0.1
1974,2,73.0,-48.0,8.0,8.0,8.0,8.0,1.0,0.0,18.0,0.0,0.1,0.6,6.5,6.5,6.5,6.5,1.0,0.0,18.0,0.0,0.1,0.6,5.01,5.01,5.01,5.01,1.0,0.0,18.0,0.0,0.1,0.6,84.0,84.0,84.0,84.0,1.0,0.0,18.0,0.0,0.6,3.6,3.6,3.6,3.6,1.0,0.0,18.0,0.0,0.1,0.6,-3.6,-3.6,-3.6,-3.6,1.0,0.0,18.0,0.0,0.1,0.6,0.0,0.0,0.0,0.0,1.0,0.0,18.0,0.0,0.1,0.6,1016.7,1016.7,1016.7,1016.7,1.0,0.0,18.0,0.0,0.1,0.6,,,,,,,,,,,,,,,,,,,,,,,,,,,,,,,1.5,1.5,1.5,1.5,1.0,0.0,18.0,0.0,0.1,0.6,5.4,5.4,5.4,5.4,1.0,0.0,18.0,0.0,0.1,0.6,1.6,1.6,1.6,1.6,1.0,0.0,18.0,0.0,0.1,0.6,5.8,5.8,5.8,5.8,1.0,0.0,18.0,0.0,0.1,0.6,-23.4,-23.4,-23.4,-23.4,1.0,0.0,18.0,0.0,0.1,0.6,0.0,0.0,0.0,0.0,1.0,0.0,18.0,0.0,0.1,0.6,-18.0,-18.0,-18.0,-18.0,1.0,0.0,18.0,0.0,0.1,0.6,0.0,0.0,0.0,0.0,1.0,0.0,18.0,0.0,0.1,0.6,-5.8,-5.8,-5.8,-5.8,1.0,0.0,18.0,0.0,0.1,0.6,0.0,0.0,0.0,0.0,1.0,0.0,18.0,0.0,0.1,0.6,46.5,46.5,46.5,46.5,1.0,0.0,18.0,0.0,0.1,0.6,45.0,45.0,45.0,45.0,1.0,0.0,18.0,0.0,0.1,0.6
1974,2,73.0,-47.0,8.0,8.0,8.0,8.0,1.0,0.0,18.0,0.0,0.1,0.1,6.5,6.5,6.5,6.5,1.0,0.0,18.0,0.0,0.1,0.1,5.53,5.53,5.53,5.53,1.0,0.0,18.0,0.0,0.1,0.1,92.7,92.7,92.7,92.7,1.0,0.0,18.0,0.0,0.1,3.6,3.6,3.6,3.6,1.0,0.0,18.0,0.0,0.1,0.1,-3.6,-3.6,-3.6,-3.6,1.0,0.0,18.0,0.0,0.1,0.1,0.0,0.0,0.0,0.0,1.0,0.0,18.0,0.0,0.1,0.1,1017.5,1017.5,1017.5,1017.5,1.0,0.0,18.0,0.0,0.1,0.1,8.0,8.0,8.0,8.0,1.0,0.0,18.0,0.0,0.1,0.1,-13.0,-13.0,-13.0,-13.0,1.0,0.0,18.0,0.0,0.1,0.1,0.0,0.0,0.0,0.0,1.0,0.0,18.0,0.0,0.1,0.1,1.5,1.5,1.5,1.5,1.0,0.0,18.0,0.0,0.1,0.1,5.4,5.4,5.4,5.4,1.0,0.0,18.0,0.0,0.1,0.1,1.09,1.09,1.09,1.09,1.0,0.0,18.0,0.0,0.1,0.1,3.9,3.9,3.9,3.9,1.0,0.0,18.0,0.0,0.1,0.1,-23.4,-23.4,-23.4,-23.4,1.0,0.0,18.0,0.0,0.1,0.1,0.0,0.0,0.0,0.0,1.0,0.0,18.0,0.0,0.1,0.1,-19.9,-19.9,-19.9,-19.9,1.0,0.0,18.0,0.0,0.1,0.1,0.0,0.0,0.0,0.0,1.0,0.0,18.0,0.0,0.1,0.1,-3.9,-3.9,-3.9,-3.9,1.0,0.0,18.0,0.0,0.1,0.1,0.0,0.0,0.0,0.0,1.0,0.0,18.0,0.0,0.1,0.1,46.5,46.5,46.5,46.5,1.0,0.0,18.0,0.0,0.1,0.1,45.0,45.0,45.0,45.0,1.0,0.0,18.0,0.0,0.1,0.1
1974,2,73.0,-44.0,,,,,,,,,,,,,,,,,,,,,,,,,,,,,,,,,,,,,,,,4.6,4.6,4.6,4.6,1.0,0.0,18.0,1.0,0.4,1.0,-1.57,-1.57,-1.57,-1.57,1.0,0.0,18.0,1.0,0.4,1.0,-4.32,-4.32,-4.32,-4.32,1.0,0.0,18.0,1.0,0.4,1.0,1017.0,1017.0,1017.0,1017.0,1.0,0.0,18.0,1.0,0.4,1.0,,,,,,,,,,,,,,,,,,,,,,,,,,,,,,,,,,,,,,,,,,,,,,,,,,,,,,,,,,,,,,,,,,,,,,,,,,,,,,,,,,,,,,,,,,,,,,,,,,,,,,,,,,,,,,,,,,,,,,,,,,,,,,,,,,,,,,,,,,,,,,,,,,,,,,
1974,2,73.0,-37.0,,,,,,,,,,,,,,,,,,,,,,,,,,,,,,,,,,,,,,,,15.0,15.0,15.0,15.0,1.0,0.0,22.0,1.0,0.5,0.1,7.5,7.5,7.5,7.5,1.0,0.0,22.0,1.0,0.5,0.1,-12.99,-12.99,-12.99,-12.99,1.0,0.0,22.0,1.0,0.5,0.1,1010.3,1010.3,1010.3,1010.3,1.0,0.0,22.0,1.0,0.5,0.1,,,,,,,,,,,,,,,,,,,,,,,,,,,,,,,,,,,,,,,,,,,,,,,,,,,,,,,,,,,,,,,,,,,,,,,,,,,,,,,,,,,,,,,,,,,,,,,,,,,,,,,,,,,,,,,,,,,,,,,,,,,,,,,,,,,,,,,,,,,,,,,,,,,,,,
1974,2,73.0,-36.0,,,,,,,,,,,,,,,,,,,,,,,,,,,,,,,,,,,,,,,,12.0,12.0,12.0,12.0,1.0,0.0,22.0,0.0,0.1,0.5,11.28,11.28,11.28,11.28,1.0,0.0,22.0,0.0,0.1,0.5,-4.1,-4.1,-4.1,-4.1,1.0,0.0,22.0,0.0,0.1,0.5,1010.2,1010.2,1010.2,1010.2,1.0,0.0,22.0,0.0,0.1,0.5,,,,,,,,,,,,,,,,,,,,,,,,,,,,,,,,,,,,,,,,,,,,,,,,,,,,,,,,,,,,,,,,,,,,,,,,,,,,,,,,,,,,,,,,,,,,,,,,,,,,,,,,,,,,,,,,,,,,,,,,,,,,,,,,,,,,,,,,,,,,,,,,,,,,,,
1974,2,73.0,-34.0,23.0,23.0,23.0,23.0,1.0,0.0,12.0,0.0,0.2,0.8,19.0,19.0,19.0,19.0,1.0,0.0,12.0,0.0,0.2,0.8,12.7,12.7,12.7,12.7,1.0,0.0,12.0,0.0,0.2,0.8,93.9,93.9,93.9,93.9,1.0,0.0,12.0,0.0,0.8,3.1,3.1,3.1,3.1,1.0,0.0,12.0,0.0,0.2,0.8,-3.1,-3.1,-3.1,-3.1,1.0,0.0,12.0,0.0,0.2,0.8,0.0,0.0,0.0,0.0,1.0,0.0,12.0,0.0,0.2,0.8,1023.0,1023.0,1023.0,1023.0,1.0,0.0,12.0,0.0,0.2,0.8,5.0,5.0,5.0,5.0,1.0,0.0,12.0,0.0,0.2,0.8,-9.6,-9.6,-9.6,-9.6,1.0,0.0,12.0,0.0,0.2,0.8,0.0,0.0,0.0,0.0,1.0,0.0,12.0,0.0,0.2,0.8,4.0,4.0,4.0,4.0,1.0,0.0,12.0,0.0,0.2,0.8,12.4,12.4,12.4,12.4,1.0,0.0,12.0,0.0,0.2,0.8,4.64,4.64,4.64,4.64,1.0,0.0,12.0,0.0,0.2,0.8,14.4,14.4,14.4,14.4,1.0,0.0,12.0,0.0,0.2,0.8,-58.9,-58.9,-58.9,-58.9,1.0,0.0,12.0,0.0,0.2,0.8,0.0,0.0,0.0,0.0,1.0,0.0,12.0,0.0,0.2,0.8,-39.4,-39.4,-39.4,-39.4,1.0,0.0,12.0,0.0,0.2,0.8,0.0,0.0,0.0,0.0,1.0,0.0,12.0,0.0,0.2,0.8,-14.4,-14.4,-14.4,-14.4,1.0,0.0,12.0,0.0,0.2,0.8,0.0,0.0,0.0,0.0,1.0,0.0,12.0,0.0,0.2,0.8,30.0,30.0,30.0,30.0,1.0,0.0,12.0,0.0,0.2,0.8,30.0,30.0,30.0,30.0,1.0,0.0,12.0,0.0,0.2,0.8
1974,2,73.0,-33.0,22.66,22.8,22.94,22.8,2.0,0.28,8.0,0.5,0.6,0.5,21.02,22.15,23.28,22.15,2.0,2.33,8.0,0.5,0.6,0.5,11.59,11.84,12.08,11.84,2.0,0.5,8.0,0.5,0.6,0.5,66.6,73.0,79.4,73.0,2.0,13.3,8.0,0.5,0.5,3.57,5.65,7.73,5.65,2.0,4.31,8.0,0.5,0.6,0.5,-7.61,-5.56,-3.51,-5.56,2.0,4.25,8.0,0.5,0.6,0.5,-1.2,-0.53,0.14,-0.53,2.0,1.39,8.0,0.5,0.6,0.5,1025.94,1026.9,1027.86,1026.9,2.0,1.98,8.0,0.5,0.6,0.5,2.5,3.5,4.5,3.5,2.0,2.1,8.0,0.5,0.6,0.5,-63.8,-40.6,-17.4,-40.6,2.0,48.0,8.0,0.5,0.6,0.5,-10.9,-6.0,-1.1,-6.0,2.0,10.1,8.0,0.5,0.6,0.5,-0.61,0.65,1.91,0.65,2.0,2.62,8.0,0.5,0.6,0.5,-7.8,-2.0,3.8,-2.0,2.0,12.0,8.0,0.5,0.6,0.5,5.14,5.23,5.31,5.23,2.0,0.17,8.0,0.5,0.6,0.5,18.6,29.9,41.3,29.9,2.0,23.5,8.0,0.5,0.6,0.5,-179.9,-128.2,-76.5,-128.2,2.0,107.1,8.0,0.5,0.6,0.5,-28.8,-13.3,2.1,-13.3,2.0,32.0,8.0,0.5,0.6,0.5,-87.7,-64.8,-41.9,-64.8,2.0,47.5,8.0,0.5,0.6,0.5,-13.7,-5.9,1.9,-5.9,2.0,16.2,8.0,0.5,0.6,0.5,-40.6,-29.5,-18.3,-29.5,2.0,23.2,8.0,0.5,0.6,0.5,-6.4,-2.9,0.7,-2.9,2.0,7.3,8.0,0.5,0.6,0.5,119.5,338.0,557.0,338.0,2.0,453.0,8.0,0.5,0.6,0.5,120.0,340.0,555.0,340.0,2.0,455.0,8.0,0.5,0.6,0.5
1974,2,73.0,-32.0,24.5,24.5,24.5,24.5,1.0,0.0,20.0,1.0,0.3,0.9,25.0,25.0,25.0,25.0,1.0,0.0,20.0,1.0,0.3,0.9,12.25,12.25,12.25,12.25,1.0,0.0,20.0,1.0,0.3,0.9,62.7,62.7,62.7,62.7,1.0,0.0,20.0,1.0,0.9,,,,,,,,,,,,,,,,,,,,,,,,,,,,,,,,,,,,,,,,,,,,,,,,,,,,,,,,,,,,,,,,,,,,,,,,,,,,,,,,,,,,,,,,,,,,,,,,,,,,,,,,,,,,,,,,,,,,,,,,,,,,,,,,,,,,,,,,,,,,,,,,,,,,,,,,,,,,,,,,,,,,,,,,,,,,,,,,,,,,,,,,,,,,,,
1974,2,73.0,-31.0,23.3,23.7,24.47,23.88,4.0,0.76,8.0,0.5,0.2,0.9,22.34,23.0,24.18,23.25,4.0,1.17,8.0,0.5,0.2,0.9,13.51,14.4,14.6,14.07,4.0,0.82,8.0,0.5,0.2,0.9,72.9,83.3,88.0,80.6,4.0,10.0,8.0,0.5,0.9,3.81,5.4,6.46,5.15,4.0,1.63,8.0,0.5,0.2,0.9,-4.72,-2.7,-2.3,-3.47,4.0,1.86,8.0,0.5,0.2,0.9,0.0,1.99,5.2,2.57,4.0,3.11,8.0,0.5,0.2,0.9,1022.15,1023.0,1025.84,1023.95,4.0,2.62,8.0,0.5,0.2,0.9,2.0,2.5,3.5,2.8,4.0,1.0,8.0,0.5,0.2,0.9,-27.4,-13.0,-10.1,-18.5,4.0,13.5,8.0,0.5,0.2,0.9,0.0,9.2,30.8,15.1,4.0,20.0,8.0,0.5,0.2,0.9,-0.11,0.5,1.37,0.63,4.0,0.93,8.0,0.5,0.2,0.9,-0.9,2.2,7.8,3.4,4.0,5.8,8.0,0.5,0.2,0.9,3.25,3.53,5.24,4.22,4.0,1.61,8.0,0.5,0.2,0.9,17.4,21.4,22.8,20.2,4.0,3.8,8.0,0.5,0.2,0.9,-108.7,-65.4,-52.8,-80.0,4.0,40.1,8.0,0.5,0.2,0.9,0.0,44.8,120.2,59.4,4.0,72.6,8.0,0.5,0.2,0.9,-66.4,-36.7,-33.0,-49.1,4.0,27.8,8.0,0.5,0.2,0.9,0.0,29.1,74.6,36.9,4.0,44.5,8.0,0.5,0.2,0.9,-21.9,-14.1,-7.5,-14.7,4.0,8.4,8.0,0.5,0.2,0.9,0.0,6.4,17.0,8.4,4.0,10.3,8.0,0.5,0.2,0.9,62.0,168.0,271.0,166.5,4.0,124.5,8.0,0.5,0.2,0.9,60.0,170.0,270.0,165.0,4.0,125.0,8.0,0.5,0.2,0.9
1974,2,73.0,-30.0,20.82,21.5,22.18,21.5,2.0,1.41,6.0,0.0,0.6,0.2,21.0,21.0,21.0,21.0,2.0,0.0,6.0,0.0,0.6,0.2,10.79,11.21,11.63,11.21,2.0,0.87,6.0,0.0,0.6,0.2,70.0,73.0,76.0,73.0,2.0,6.3,6.0,0.0,0.2,5.56,6.55,7.54,6.55,2.0,2.05,6.0,0.0,0.6,0.2,-4.86,-4.51,-4.16,-4.51,2.0,0.72,6.0,0.0,0.6,0.2,0.35,3.02,5.69,3.02,2.0,5.53,6.0,0.0,0.6,0.2,1013.15,1017.55,1021.95,1017.55,2.0,9.12,6.0,0.0,0.6,0.2,2.2,2.5,2.8,2.5,2.0,0.7,6.0,0.0,0.6,0.2,-31.0,-28.8,-26.6,-28.8,2.0,4.5,6.0,0.0,0.6,0.2,5.0,25.5,45.9,25.5,2.0,42.4,6.0,0.0,0.6,0.2,-0.18,0.5,1.18,0.5,2.0,1.41,6.0,0.0,0.6,0.2,-2.2,1.8,5.8,1.8,2.0,8.2,6.0,0.0,0.6,0.2,4.52,4.7,4.89,4.7,2.0,0.38,6.0,0.0,0.6,0.2,27.0,30.4,33.9,30.4,2.0,7.2,6.0,0.0,0.6,0.2,-102.1,-94.7,-87.4,-94.7,2.0,15.2,6.0,0.0,0.6,0.2,7.4,63.4,119.5,63.4,2.0,116.0,6.0,0.0,0.6,0.2,-56.7,-50.9,-45.1,-50.9,2.0,12.0,6.0,0.0,0.6,0.2,2.8,31.5,60.1,31.5,2.0,59.3,6.0,0.0,0.6,0.2,-23.8,-21.4,-18.9,-21.4,2.0,5.1,6.0,0.0,0.6,0.2,1.2,13.2,25.1,13.2,2.0,24.8,6.0,0.0,0.6,0.2,193.0,322.5,452.0,322.5,2.0,268.0,6.0,0.0,0.6,0.2,195.0,320.0,450.0,320.0,2.0,270.0,6.0,0.0,0.6,0.2
1974,2,73.0,-29.0,23.5,23.5,23.5,23.5,1.0,0.0,28.0,1.0,0.4,1.0,22.5,22.5,22.5,22.5,1.0,0.0,28.0,1.0,0.4,1.0,14.73,14.73,14.73,14.73,1.0,0.0,28.0,1.0,0.4,1.0,86.8,86.8,86.8,86.8,1.0,0.0,28.0,1.0,1.0,12.3,12.3,12.3,12.3,1.0,0.0,28.0,1.0,0.4,1.0,-12.11,-12.11,-12.11,-12.11,1.0,0.0,28.0,1.0,0.4,1.0,2.14,2.14,2.14,2.14,1.0,0.0,28.0,1.0,0.4,1.0,1013.0,1013.0,1013.0,1013.0,1.0,0.0,28.0,1.0,0.4,1.0,7.0,7.0,7.0,7.0,1.0,0.0,28.0,1.0,0.4,1.0,-149.0,-149.0,-149.0,-149.0,1.0,0.0,28.0,1.0,0.4,1.0,26.3,26.3,26.3,26.3,1.0,0.0,28.0,1.0,0.4,1.0,1.0,1.0,1.0,1.0,1.0,0.0,28.0,1.0,0.4,1.0,12.3,12.3,12.3,12.3,1.0,0.0,28.0,1.0,0.4,1.0,3.33,3.33,3.33,3.33,1.0,0.0,28.0,1.0,0.4,1.0,40.9,40.9,40.9,40.9,1.0,0.0,28.0,1.0,0.4,1.0,-272.5,-272.5,-272.5,-272.5,1.0,0.0,28.0,1.0,0.4,1.0,48.1,48.1,48.1,48.1,1.0,0.0,28.0,1.0,0.4,1.0,-178.4,-178.4,-178.4,-178.4,1.0,0.0,28.0,1.0,0.4,1.0,31.5,31.5,31.5,31.5,1.0,0.0,28.0,1.0,0.4,1.0,-40.3,-40.3,-40.3,-40.3,1.0,0.0,28.0,1.0,0.4,1.0,7.1,7.1,7.1,7.1,1.0,0.0,28.0,1.0,0.4,1.0,1861.0,1861.0,1861.0,1861.0,1.0,0.0,28.0,1.0,0.4,1.0,1860.0,1860.0,1860.0,1860.0,1.0,0.0,28.0,1.0,0.4,1.0
1974,2,73.0,-25.0,23.74,24.25,24.66,24.2,4.0,0.57,18.0,0.8,0.4,0.8,23.79,24.55,25.1,24.45,4.0,0.79,18.0,0.8,0.4,0.8,12.2,13.65,15.05,13.63,4.0,1.7,18.0,0.8,0.4,0.8,66.9,71.3,76.0,71.4,4.0,5.4,18.0,0.8,0.8,8.18,9.5,10.56,9.38,4.0,1.43,18.0,0.8,0.4,0.8,-8.96,-7.94,-7.3,-8.12,4.0,1.15,18.0,0.8,0.4,0.8,1.42,3.25,6.01,3.69,4.0,3.42,18.0,0.8,0.4,0.8,1014.5,1015.7,1017.21,1015.85,4.0,1.58,18.0,0.8,0.4,0.8,3.0,3.5,5.6,4.3,4.0,1.9,18.0,0.8,0.4,0.8,-87.9,-73.0,-64.9,-76.3,4.0,17.0,18.0,0.8,0.4,0.8,12.3,31.1,64.1,37.9,4.0,37.6,18.0,0.8,0.4,0.8,-1.13,0.0,0.6,-0.25,4.0,1.1,18.0,0.8,0.4,0.8,-10.3,-0.8,5.6,-2.3,4.0,9.9,18.0,0.8,0.4,0.8,3.51,5.66,6.77,5.17,4.0,2.02,18.0,0.8,0.4,0.8,35.1,50.6,61.4,48.3,4.0,19.6,18.0,0.8,0.4,0.8,-220.3,-193.5,-177.1,-198.4,4.0,27.1,18.0,0.8,0.4,0.8,35.7,79.9,148.8,91.7,4.0,85.6,18.0,0.8,0.4,0.8,-124.7,-112.1,-95.7,-110.3,4.0,17.2,18.0,0.8,0.4,0.8,21.3,45.4,85.2,52.9,4.0,50.1,18.0,0.8,0.4,0.8,-59.2,-41.9,-26.0,-42.6,4.0,20.0,18.0,0.8,0.4,0.8,3.6,15.8,31.1,17.3,4.0,16.8,18.0,0.8,0.4,0.8,552.5,875.5,1180.0,867.0,4.0,373.0,18.0,0.8,0.4,0.8,555.0,875.0,1180.0,865.0,4.0,375.0,18.0,0.8,0.4,0.8
1974,2,73.0,-24.0,24.32,25.0,25.68,25.0,2.0,1.41,2.0,1.0,0.8,0.4,24.23,25.15,26.07,25.15,2.0,1.91,2.0,1.0,0.8,0.4,13.22,14.02,14.82,14.02,2.0,1.66,2.0,1.0,0.8,0.4,70.5,70.7,70.8,70.7,2.0,0.4,2.0,1.0,0.4,7.02,7.7,8.38,7.7,2.0,1.41,2.0,1.0,0.8,0.4,-8.27,-7.63,-7.0,-7.63,2.0,1.32,2.0,1.0,0.8,0.4,0.24,0.76,1.27,0.76,2.0,1.07,2.0,1.0,0.8,0.4,1017.99,1018.4,1018.81,1018.4,2.0,0.85,2.0,1.0,0.8,0.4,4.5,5.5,6.5,5.5,2.0,2.1,2.0,1.0,0.8,0.4,-69.8,-59.7,-49.6,-59.7,2.0,21.0,2.0,1.0,0.8,0.4,2.1,6.6,11.1,6.6,2.0,9.3,2.0,1.0,0.8,0.4,-0.39,-0.15,0.09,-0.15,2.0,0.49,2.0,1.0,0.8,0.4,-3.4,-1.5,0.4,-1.5,2.0,4.0,2.0,1.0,0.8,0.4,5.68,5.68,5.68,5.68,2.0,0.0,2.0,1.0,0.8,0.4,39.9,43.7,47.6,43.7,2.0,8.0,2.0,1.0,0.8,0.4,-216.3,-193.3,-170.2,-193.3,2.0,47.8,2.0,1.0,0.8,0.4,6.4,20.0,33.7,20.0,2.0,28.3,2.0,1.0,0.8,0.4,-123.2,-108.1,-93.1,-108.1,2.0,31.2,2.0,1.0,0.8,0.4,3.6,11.5,19.3,11.5,2.0,16.2,2.0,1.0,0.8,0.4,-47.0,-43.4,-39.7,-43.4,2.0,7.5,2.0,1.0,0.8,0.4,1.4,4.3,7.2,4.3,2.0,6.1,2.0,1.0,0.8,0.4,357.5,479.5,601.5,479.5,2.0,253.0,2.0,1.0,0.8,0.4,360.0,480.0,600.0,480.0,2.0,255.0,2.0,1.0,0.8,0.4
1974,2,73.0,-23.0,26.0,26.0,26.0,26.0,1.0,0.0,8.0,1.0,0.0,0.4,23.99,24.4,24.81,24.4,2.0,0.85,8.0,0.5,0.1,0.7,14.86,14.86,14.86,14.86,1.0,0.0,8.0,0.0,0.3,1.0,81.3,81.3,81.3,81.3,1.0,0.0,8.0,0.0,1.0,7.44,10.1,12.76,10.1,2.0,5.52,8.0,0.5,0.1,0.7,-9.78,-7.74,-5.7,-7.74,2.0,4.23,8.0,0.5,0.1,0.7,4.78,6.49,8.2,6.49,2.0,3.55,8.0,0.5,0.1,0.7,1014.99,1015.6,1016.21,1015.6,2.0,1.27,8.0,0.5,0.1,0.7,3.6,5.0,6.4,5.0,2.0,2.8,8.0,0.5,0.1,0.7,-131.0,-89.8,-48.6,-89.8,2.0,85.3,8.0,0.5,0.1,0.7,40.8,75.3,109.9,75.3,2.0,71.6,8.0,0.5,0.1,0.7,,,,,,,,,,,,,,,,,,,,,,,,,,,,,,,,,,,,,,,,,-243.5,-190.6,-137.6,-190.6,2.0,109.7,8.0,0.5,0.1,0.7,115.5,159.9,204.3,159.9,2.0,92.0,8.0,0.5,0.1,0.7,-70.6,-70.6,-70.6,-70.6,1.0,0.0,8.0,0.0,0.3,1.0,59.2,59.2,59.2,59.2,1.0,0.0,8.0,0.0,0.3,1.0,,,,,,,,,,,,,,,,,,,,,,,,,,,,,,,,,,,,,,,,
1974,2,73.0,-22.0,,,,,,,,,,,,,,,,,,,,,,,,,,,,,,,,,,,,,,,,9.3,9.3,9.3,9.3,1.0,0.0,20.0,1.0,0.0,0.7,-8.74,-8.74,-8.74,-8.74,1.0,0.0,20.0,1.0,0.0,0.7,3.18,3.18,3.18,3.18,1.0,0.0,20.0,1.0,0.0,0.7,1012.6,1012.6,1012.6,1012.6,1.0,0.0,20.0,1.0,0.0,0.7,,,,,,,,,,,,,,,,,,,,,,,,,,,,,,,,,,,,,,,,,,,,,,,,,,,,,,,,,,,,,,,,,,,,,,,,,,,,,,,,,,,,,,,,,,,,,,,,,,,,,,,,,,,,,,,,,,,,,,,,,,,,,,,,,,,,,,,,,,,,,,,,,,,,,,
1974,2,73.0,-19.0,25.48,26.15,26.67,26.08,4.0,0.83,16.0,0.3,0.4,0.8,25.62,27.15,29.0,27.3,4.0,2.12,16.0,0.3,0.4,0.8,15.5,16.68,17.86,16.68,2.0,2.44,18.0,0.0,0.3,0.8,77.3,80.9,84.5,80.9,2.0,7.4,18.0,0.0,0.8,3.81,6.95,9.67,6.75,4.0,3.42,16.0,0.3,0.4,0.8,-8.23,-5.59,-1.96,-5.12,4.0,3.79,16.0,0.3,0.4,0.8,-0.1,3.12,4.88,2.43,4.0,3.91,16.0,0.3,0.4,0.8,1008.74,1010.85,1013.27,1011.0,4.0,2.99,16.0,0.3,0.4,0.8,3.5,4.0,5.0,4.3,4.0,1.3,16.0,0.3,0.4,0.8,-79.1,-46.4,-8.6,-43.9,4.0,40.9,16.0,0.3,0.4,0.8,-2.6,19.5,47.8,22.4,4.0,33.0,16.0,0.3,0.4,0.8,-2.47,-1.0,0.0,-1.22,4.0,1.46,16.0,0.3,0.4,0.8,-14.8,-4.5,0.0,-7.2,4.0,9.5,16.0,0.3,0.4,0.8,3.3,3.94,4.58,3.94,2.0,1.33,18.0,0.0,0.3,0.8,18.8,29.6,40.4,29.6,2.0,22.3,18.0,0.0,0.3,0.8,-216.6,-153.6,-52.6,-135.4,4.0,98.7,16.0,0.3,0.4,0.8,-2.9,85.4,137.8,68.3,4.0,107.2,16.0,0.3,0.4,0.8,-120.3,-97.8,-75.3,-97.8,2.0,46.5,18.0,0.0,0.3,0.8,-38.2,-3.4,31.4,-3.4,2.0,72.1,18.0,0.0,0.3,0.8,-37.6,-26.6,-15.7,-26.6,2.0,22.7,18.0,0.0,0.3,0.8,-5.0,3.3,11.6,3.3,2.0,17.2,18.0,0.0,0.3,0.8,62.0,451.0,907.0,483.0,4.0,491.5,16.0,0.3,0.4,0.8,60.0,450.0,905.0,485.0,4.0,490.0,16.0,0.3,0.4,0.8
1974,2,73.0,-18.0,26.0,26.0,26.0,26.0,1.0,0.0,12.0,0.0,0.3,0.9,25.5,25.5,25.5,25.5,1.0,0.0,12.0,0.0,0.3,0.9,16.98,16.98,16.98,16.98,1.0,0.0,12.0,0.0,0.3,0.9,83.5,83.5,83.5,83.5,1.0,0.0,12.0,0.0,0.9,5.1,5.1,5.1,5.1,1.0,0.0,12.0,0.0,0.3,0.9,-3.91,-3.91,-3.91,-3.91,1.0,0.0,12.0,0.0,0.3,0.9,3.28,3.28,3.28,3.28,1.0,0.0,12.0,0.0,0.3,0.9,1013.2,1013.2,1013.2,1013.2,1.0,0.0,12.0,0.0,0.3,0.9,4.0,4.0,4.0,4.0,1.0,0.0,12.0,0.0,0.3,0.9,-19.9,-19.9,-19.9,-19.9,1.0,0.0,12.0,0.0,0.3,0.9,16.7,16.7,16.7,16.7,1.0,0.0,12.0,0.0,0.3,0.9,0.5,0.5,0.5,0.5,1.0,0.0,12.0,0.0,0.3,0.9,2.6,2.6,2.6,2.6,1.0,0.0,12.0,0.0,0.3,0.9,4.02,4.02,4.02,4.02,1.0,0.0,12.0,0.0,0.3,0.9,20.5,20.5,20.5,20.5,1.0,0.0,12.0,0.0,0.3,0.9,-99.6,-99.6,-99.6,-99.6,1.0,0.0,12.0,0.0,0.3,0.9,83.6,83.6,83.6,83.6,1.0,0.0,12.0,0.0,0.3,0.9,-66.3,-66.3,-66.3,-66.3,1.0,0.0,12.0,0.0,0.3,0.9,55.7,55.7,55.7,55.7,1.0,0.0,12.0,0.0,0.3,0.9,-15.7,-15.7,-15.7,-15.7,1.0,0.0,12.0,0.0,0.3,0.9,13.2,13.2,13.2,13.2,1.0,0.0,12.0,0.0,0.3,0.9,132.5,132.5,132.5,132.5,1.0,0.0,12.0,0.0,0.3,0.9,135.0,135.0,135.0,135.0,1.0,0.0,12.0,0.0,0.3,0.9
1974,2,73.0,-16.0,26.52,26.55,26.58,26.55,2.0,0.07,6.0,0.0,0.3,0.8,25.83,26.1,26.37,26.1,2.0,0.57,6.0,0.0,0.3,0.8,15.11,15.36,15.62,15.36,2.0,0.53,6.0,0.0,0.3,0.8,70.3,72.7,75.1,72.7,2.0,5.0,6.0,0.0,0.8,2.6,2.6,2.6,2.6,2.0,0.0,6.0,0.0,0.3,0.8,-2.54,-2.43,-2.31,-2.43,2.0,0.25,6.0,0.0,0.3,0.8,0.21,0.65,1.09,0.65,2.0,0.92,6.0,0.0,0.3,0.8,1007.72,1008.2,1008.68,1008.2,2.0,0.99,6.0,0.0,0.3,0.8,5.3,6.0,6.7,6.0,2.0,1.4,6.0,0.0,0.3,0.8,-6.6,-6.3,-6.0,-6.3,2.0,0.6,6.0,0.0,0.3,0.8,0.5,1.7,2.8,1.7,2.0,2.4,6.0,0.0,0.3,0.8,0.14,0.45,0.76,0.45,2.0,0.64,6.0,0.0,0.3,0.8,0.4,1.2,2.0,1.2,2.0,1.7,6.0,0.0,0.3,0.8,6.23,6.45,6.67,6.45,2.0,0.45,6.0,0.0,0.3,0.8,16.2,16.8,17.3,16.8,2.0,1.2,6.0,0.0,0.3,0.8,-67.1,-63.4,-59.6,-63.4,2.0,7.8,6.0,0.0,0.3,0.8,5.3,16.7,28.1,16.7,2.0,23.6,6.0,0.0,0.3,0.8,-38.4,-37.2,-36.0,-37.2,2.0,2.5,6.0,0.0,0.3,0.8,3.2,10.2,17.2,10.2,2.0,14.5,6.0,0.0,0.3,0.8,-17.0,-15.7,-14.4,-15.7,2.0,2.7,6.0,0.0,0.3,0.8,1.3,4.0,6.7,4.0,2.0,5.6,6.0,0.0,0.3,0.8,17.5,17.5,17.5,17.5,2.0,0.0,6.0,0.0,0.3,0.8,20.0,20.0,20.0,20.0,2.0,0.0,6.0,0.0,0.3,0.8
1974,2,73.0,-15.0,26.9,27.75,28.6,27.75,2.0,1.77,26.0,0.5,0.4,0.8,26.48,27.5,28.52,27.5,2.0,2.12,26.0,0.5,0.4,0.8,18.48,18.88,19.28,18.88,2.0,0.83,26.0,0.5,0.4,0.8,75.7,82.3,88.9,82.3,2.0,13.7,26.0,0.5,0.8,9.3,9.3,9.3,9.3,1.0,0.0,26.0,1.0,0.9,0.9,3.18,3.18,3.18,3.18,1.0,0.0,26.0,1.0,0.9,0.9,8.74,8.74,8.74,8.74,1.0,0.0,26.0,1.0,0.9,0.9,1004.74,1005.25,1005.76,1005.25,2.0,1.06,26.0,0.5,0.4,0.8,3.2,3.5,3.8,3.5,2.0,0.7,26.0,0.5,0.4,0.8,29.6,29.6,29.6,29.6,1.0,0.0,26.0,1.0,0.9,0.9,81.3,81.3,81.3,81.3,1.0,0.0,26.0,1.0,0.9,0.9,0.08,0.25,0.42,0.25,2.0,0.35,26.0,0.5,0.4,0.8,0.0,0.0,0.0,0.0,1.0,0.0,26.0,1.0,0.9,0.9,3.09,4.67,6.25,4.67,2.0,3.27,26.0,0.5,0.4,0.8,65.0,65.0,65.0,65.0,1.0,0.0,26.0,1.0,0.9,0.9,92.2,92.2,92.2,92.2,1.0,0.0,26.0,1.0,0.9,0.9,253.4,253.4,253.4,253.4,1.0,0.0,26.0,1.0,0.9,0.9,58.2,58.2,58.2,58.2,1.0,0.0,26.0,1.0,0.9,0.9,159.9,159.9,159.9,159.9,1.0,0.0,26.0,1.0,0.9,0.9,22.2,22.2,22.2,22.2,1.0,0.0,26.0,1.0,0.9,0.9,61.1,61.1,61.1,61.1,1.0,0.0,26.0,1.0,0.9,0.9,804.5,804.5,804.5,804.5,1.0,0.0,26.0,1.0,0.9,0.9,805.0,805.0,805.0,805.0,1.0,0.0,26.0,1.0,0.9,0.9
1974,2,73.0,-12.0,27.49,28.1,28.71,28.1,2.0,1.27,16.0,0.5,0.5,0.5,27.34,28.5,29.66,28.5,2.0,2.4,16.0,0.5,0.5,0.5,17.56,17.56,17.56,17.56,1.0,0.0,22.0,0.0,0.3,0.1,79.7,79.7,79.7,79.7,1.0,0.0,22.0,0.0,0.1,6.27,6.85,7.43,6.85,2.0,1.2,16.0,0.5,0.5,0.5,-4.78,-4.4,-4.03,-4.4,2.0,0.77,16.0,0.5,0.5,0.5,4.8,5.25,5.69,5.25,2.0,0.92,16.0,0.5,0.5,0.5,1010.35,1010.9,1011.45,1010.9,2.0,1.13,16.0,0.5,0.5,0.5,3.2,3.5,3.8,3.5,2.0,0.7,16.0,0.5,0.5,0.5,-35.7,-30.6,-25.5,-30.6,2.0,10.6,16.0,0.5,0.5,0.5,30.4,36.5,42.6,36.5,2.0,12.6,16.0,0.5,0.5,0.5,-0.95,-0.4,0.15,-0.4,2.0,1.13,16.0,0.5,0.5,0.5,-5.6,-2.1,1.4,-2.1,2.0,7.3,16.0,0.5,0.5,0.5,5.07,5.07,5.07,5.07,1.0,0.0,22.0,0.0,0.3,0.1,39.0,39.0,39.0,39.0,1.0,0.0,22.0,0.0,0.3,0.1,-130.1,-124.6,-119.0,-124.6,2.0,11.4,16.0,0.5,0.5,0.5,141.9,148.4,155.0,148.4,2.0,13.6,16.0,0.5,0.5,0.5,-86.9,-86.9,-86.9,-86.9,1.0,0.0,22.0,0.0,0.3,0.1,103.6,103.6,103.6,103.6,1.0,0.0,22.0,0.0,0.3,0.1,-25.1,-25.1,-25.1,-25.1,1.0,0.0,22.0,0.0,0.3,0.1,29.9,29.9,29.9,29.9,1.0,0.0,22.0,0.0,0.3,0.1,254.0,336.5,418.5,336.5,2.0,170.0,16.0,0.5,0.5,0.5,255.0,335.0,420.0,335.0,2.0,170.0,16.0,0.5,0.5,0.5
1974,2,73.0,-11.0,27.0,27.9,28.44,27.79,8.0,0.75,18.0,0.5,0.5,0.5,27.0,28.0,28.92,28.03,8.0,1.26,18.0,0.5,0.5,0.5,18.64,19.12,19.97,19.29,4.0,0.98,20.0,0.8,0.5,0.7,77.2,80.8,84.0,80.9,5.0,4.4,18.0,0.6,0.6,3.01,4.85,8.14,5.31,8.0,2.84,18.0,0.5,0.5,0.5,-0.98,2.83,7.22,3.31,8.0,4.33,18.0,0.5,0.5,0.5,0.08,2.6,3.94,2.08,8.0,2.03,18.0,0.5,0.5,0.5,1006.32,1007.0,1010.37,1008.16,7.0,2.56,20.0,0.6,0.5,0.5,2.1,4.5,7.0,4.5,8.0,2.5,18.0,0.5,0.5,0.5,-1.2,12.4,58.0,27.0,8.0,35.2,18.0,0.5,0.5,0.5,0.1,9.3,27.3,12.3,8.0,13.6,18.0,0.5,0.5,0.5,-0.5,0.0,0.44,-0.24,8.0,1.51,18.0,0.5,0.5,0.5,-4.0,0.0,0.7,-0.5,8.0,8.0,18.0,0.5,0.5,0.5,3.61,4.26,5.03,4.32,4.0,0.89,20.0,0.8,0.5,0.7,10.6,24.3,37.8,24.2,4.0,16.7,20.0,0.8,0.5,0.7,-25.8,78.4,204.8,91.8,8.0,122.5,18.0,0.5,0.5,0.5,2.2,73.1,114.4,59.4,8.0,57.8,18.0,0.5,0.5,0.5,0.6,87.5,163.5,82.3,4.0,96.3,20.0,0.8,0.5,0.7,6.8,31.7,67.7,37.0,4.0,37.9,20.0,0.8,0.5,0.7,1.7,18.0,35.7,18.7,4.0,20.9,20.0,0.8,0.5,0.7,1.2,8.5,15.3,8.2,4.0,8.2,20.0,0.8,0.5,0.7,27.5,124.5,541.0,265.0,8.0,301.5,18.0,0.5,0.5,0.5,25.0,125.0,540.0,265.0,8.0,300.0,18.0,0.5,0.5,0.5
1974,2,73.0,-10.0,26.32,27.8,28.75,27.61,21.0,1.02,16.0,0.5,0.5,0.6,26.23,27.25,29.0,27.58,22.0,1.28,16.0,0.5,0.5,0.6,16.76,17.84,19.29,18.0,16.0,1.08,16.0,0.5,0.5,0.6,70.6,82.4,86.1,79.6,16.0,8.5,16.0,0.5,0.6,2.6,4.6,8.19,4.72,20.0,2.84,16.0,0.5,0.5,0.6,0.0,2.25,6.27,2.81,20.0,3.4,16.0,0.5,0.5,0.6,-1.29,1.42,3.89,1.1,20.0,3.21,16.0,0.5,0.5,0.6,1007.4,1009.55,1011.37,1009.39,22.0,1.93,16.0,0.5,0.5,0.6,2.0,3.0,6.0,3.9,22.0,2.1,16.0,0.5,0.5,0.6,0.0,5.9,52.1,19.5,20.0,29.3,16.0,0.5,0.5,0.6,-3.7,3.2,25.5,4.7,20.0,24.9,16.0,0.5,0.5,0.6,-0.78,0.1,0.88,0.01,21.0,1.01,16.0,0.5,0.5,0.6,-2.3,0.5,4.6,0.3,20.0,7.3,16.0,0.5,0.5,0.6,3.05,4.8,6.85,4.97,16.0,2.14,16.0,0.5,0.5,0.6,9.1,15.1,29.3,18.2,15.0,13.9,16.0,0.5,0.5,0.6,0.0,62.0,175.8,78.4,20.0,95.5,16.0,0.5,0.5,0.6,-34.3,40.4,106.1,31.4,20.0,89.8,16.0,0.5,0.5,0.6,-15.0,33.9,87.1,31.7,15.0,53.1,16.0,0.5,0.5,0.6,-14.6,21.5,68.0,24.6,15.0,42.6,16.0,0.5,0.5,0.6,-4.7,7.0,16.8,6.3,15.0,12.9,16.0,0.5,0.5,0.6,-3.7,7.2,15.0,8.6,15.0,16.1,16.0,0.5,0.5,0.6,17.5,97.5,550.0,222.5,20.0,303.0,16.0,0.5,0.5,0.6,20.0,95.0,550.0,220.0,20.0,305.0,16.0,0.5,0.5,0.6
1974,2,73.0,-9.0,26.66,27.0,28.02,27.33,3.0,1.04,18.0,0.3,0.8,0.6,26.37,28.0,29.0,27.7,4.0,1.58,16.0,0.5,0.8,0.5,17.19,17.62,17.99,17.59,3.0,0.59,14.0,0.7,0.8,0.4,69.1,72.2,80.6,74.8,3.0,8.8,14.0,0.7,0.4,4.63,9.0,9.55,7.13,3.0,3.95,18.0,0.7,0.8,0.4,1.67,8.86,9.1,5.47,3.0,6.18,18.0,0.7,0.8,0.4,-1.79,1.56,1.86,0.07,3.0,2.97,18.0,0.7,0.8,0.4,1006.7,1006.8,1008.37,1007.5,4.0,1.54,16.0,0.5,0.8,0.5,2.0,4.5,7.0,4.5,4.0,2.9,16.0,0.5,0.8,0.5,22.4,79.8,86.9,55.2,3.0,51.9,18.0,0.7,0.8,0.4,-20.8,5.2,11.2,-4.5,3.0,24.9,18.0,0.7,0.8,0.4,-0.34,0.0,0.48,0.07,3.0,0.6,18.0,0.3,0.8,0.6,-4.1,-2.4,-0.8,-2.4,2.0,3.5,22.0,0.5,0.8,0.6,4.51,5.26,6.01,5.26,2.0,1.56,16.0,0.5,0.8,0.6,62.3,62.3,62.3,62.3,1.0,0.0,22.0,1.0,0.7,0.4,42.9,239.3,258.3,152.6,3.0,174.7,18.0,0.7,0.8,0.4,-53.0,42.2,52.8,0.9,3.0,85.3,18.0,0.7,0.8,0.4,2.7,69.5,136.2,69.5,2.0,138.4,14.0,1.0,0.8,0.3,-45.9,-13.5,18.8,-13.5,2.0,67.0,14.0,1.0,0.8,0.3,58.6,58.6,58.6,58.6,1.0,0.0,22.0,1.0,0.7,0.4,-21.3,-21.3,-21.3,-21.3,1.0,0.0,22.0,1.0,0.7,0.4,243.5,729.0,874.0,562.5,3.0,484.0,18.0,0.7,0.8,0.4,245.0,730.0,875.0,565.0,3.0,485.0,18.0,0.7,0.8,0.4
1974,2,73.0,-8.0,26.2,26.2,26.2,26.2,1.0,0.0,6.0,0.0,0.9,0.3,25.6,25.8,26.0,25.8,2.0,0.42,10.0,0.0,0.5,0.6,16.86,17.15,17.45,17.15,2.0,0.61,10.0,0.0,0.5,0.6,82.2,82.5,82.9,82.5,2.0,0.8,10.0,0.0,0.6,2.56,4.85,7.14,4.85,2.0,4.74,10.0,0.0,0.5,0.6,2.47,4.59,6.72,4.59,2.0,4.4,10.0,0.0,0.5,0.6,-2.4,-1.53,-0.66,-1.53,2.0,1.8,10.0,0.0,0.5,0.6,1008.99,1009.4,1009.81,1009.4,2.0,0.85,10.0,0.0,0.5,0.6,5.2,5.5,5.8,5.5,2.0,0.7,10.0,0.0,0.5,0.6,11.9,32.7,53.5,32.7,2.0,43.1,10.0,0.0,0.5,0.6,-19.4,-11.7,-4.0,-11.7,2.0,16.0,10.0,0.0,0.5,0.6,0.7,0.7,0.7,0.7,1.0,0.0,6.0,0.0,0.9,0.3,1.1,1.1,1.1,1.1,1.0,0.0,6.0,0.0,0.9,0.3,4.6,4.6,4.6,4.6,1.0,0.0,6.0,0.0,0.9,0.3,6.9,6.9,6.9,6.9,1.0,0.0,6.0,0.0,0.9,0.3,63.6,119.4,175.2,119.4,2.0,115.6,10.0,0.0,0.5,0.6,-62.6,-39.9,-17.2,-39.9,2.0,47.1,10.0,0.0,0.5,0.6,42.3,80.1,117.9,80.1,2.0,78.3,10.0,0.0,0.5,0.6,-42.2,-26.8,-11.5,-26.8,2.0,31.8,10.0,0.0,0.5,0.6,6.8,6.8,6.8,6.8,1.0,0.0,6.0,0.0,0.9,0.3,-1.2,-1.2,-1.2,-1.2,1.0,0.0,6.0,0.0,0.9,0.3,90.5,277.5,464.5,277.5,2.0,387.5,10.0,0.0,0.5,0.6,90.0,275.0,465.0,275.0,2.0,385.0,10.0,0.0,0.5,0.6
1974,2,73.0,-7.0,25.6,25.6,25.6,25.6,1.0,0.0,28.0,1.0,0.0,0.3,26.03,26.95,27.87,26.95,2.0,1.91,26.0,0.5,0.0,0.5,16.6,17.4,18.2,17.4,2.0,1.66,26.0,0.5,0.0,0.5,77.4,78.1,78.7,78.1,2.0,1.4,26.0,0.5,0.5,6.1,6.95,7.8,6.95,2.0,1.77,26.0,0.5,0.0,0.5,1.28,4.04,6.79,4.04,2.0,5.71,26.0,0.5,0.0,0.5,-4.57,-2.14,0.29,-2.14,2.0,5.04,26.0,0.5,0.0,0.5,1008.83,1008.9,1008.97,1008.9,2.0,0.14,26.0,0.5,0.0,0.5,,,,,,,,,,,,,,,,,,,,,,,,,,,,,,,-2.7,-2.7,-2.7,-2.7,1.0,0.0,28.0,1.0,0.0,0.3,-15.4,-15.4,-15.4,-15.4,1.0,0.0,28.0,1.0,0.0,0.3,2.01,2.01,2.01,2.01,1.0,0.0,28.0,1.0,0.0,0.3,11.5,11.5,11.5,11.5,1.0,0.0,28.0,1.0,0.0,0.3,32.8,103.4,173.9,103.4,2.0,146.2,26.0,0.5,0.0,0.5,-129.9,-62.4,5.1,-62.4,2.0,139.8,26.0,0.5,0.0,0.5,20.8,65.5,110.3,65.5,2.0,92.7,26.0,0.5,0.0,0.5,-85.4,-41.4,2.6,-41.4,2.0,91.2,26.0,0.5,0.0,0.5,0.0,0.0,0.0,0.0,1.0,0.0,28.0,1.0,0.0,0.3,-11.5,-11.5,-11.5,-11.5,1.0,0.0,28.0,1.0,0.0,0.3,243.5,368.5,493.5,368.5,2.0,259.0,26.0,0.5,0.0,0.5,245.0,370.0,495.0,370.0,2.0,260.0,26.0,0.5,0.0,0.5
1974,2,73.0,-6.0,25.77,26.15,26.53,26.15,2.0,0.78,24.0,0.5,0.1,0.6,26.7,26.7,26.7,26.7,2.0,0.0,24.0,0.5,0.1,0.6,15.37,16.24,17.11,16.24,2.0,1.79,24.0,0.5,0.1,0.6,70.2,74.0,77.9,74.0,2.0,8.0,24.0,0.5,0.6,9.46,9.8,10.14,9.8,2.0,0.71,24.0,0.5,0.1,0.6,9.32,9.65,9.99,9.65,2.0,0.7,24.0,0.5,0.1,0.6,1.64,1.7,1.76,1.7,2.0,0.12,24.0,0.5,0.1,0.6,1007.32,1008.0,1008.68,1008.0,2.0,1.41,24.0,0.5,0.1,0.6,,,,,,,,,,,,,,,,,,,,,,,,,,,,,,,-0.93,-0.55,-0.17,-0.55,2.0,0.78,24.0,0.5,0.1,0.6,-9.5,-5.7,-1.8,-5.7,2.0,8.0,24.0,0.5,0.1,0.6,4.7,5.07,5.44,5.07,2.0,0.77,24.0,0.5,0.1,0.6,44.6,50.0,55.3,50.0,2.0,11.1,24.0,0.5,0.1,0.6,248.7,257.7,266.7,257.7,2.0,18.6,24.0,0.5,0.1,0.6,43.9,45.4,47.0,45.4,2.0,3.3,24.0,0.5,0.1,0.6,153.2,156.1,159.0,156.1,2.0,6.0,24.0,0.5,0.1,0.6,27.0,27.5,28.0,27.5,2.0,1.1,24.0,0.5,0.1,0.6,43.9,49.2,54.5,49.2,2.0,11.0,24.0,0.5,0.1,0.6,7.7,8.7,9.6,8.7,2.0,1.9,24.0,0.5,0.1,0.6,850.0,948.5,1047.0,948.5,2.0,204.0,24.0,0.5,0.1,0.6,850.0,950.0,1045.0,950.0,2.0,205.0,24.0,0.5,0.1,0.6
1974,2,73.0,-4.0,27.33,27.6,27.74,27.53,3.0,0.31,22.0,0.7,0.2,0.7,27.39,27.9,28.62,28.0,4.0,0.78,20.0,0.8,0.2,0.7,17.58,18.0,18.67,18.12,3.0,0.8,22.0,0.7,0.2,0.7,74.8,79.7,81.4,78.2,3.0,5.0,22.0,0.7,0.7,3.08,4.1,4.86,3.98,4.0,1.11,20.0,0.8,0.2,0.7,0.0,0.44,1.76,0.86,4.0,1.2,20.0,0.8,0.2,0.7,-4.51,-4.01,-2.99,-3.76,4.0,0.98,20.0,0.8,0.2,0.7,1008.5,1009.8,1011.17,1009.83,3.0,1.95,22.0,0.7,0.2,0.7,3.3,4.0,5.4,4.3,3.0,1.5,18.0,1.0,0.2,0.7,0.0,1.2,7.9,3.8,4.0,6.2,20.0,0.8,0.2,0.7,-21.9,-17.1,-9.5,-15.7,4.0,7.6,20.0,0.8,0.2,0.7,-0.41,0.0,0.14,-0.13,3.0,0.42,22.0,0.7,0.2,0.7,-1.1,0.0,0.5,-0.3,3.0,1.2,22.0,0.7,0.2,0.7,4.5,4.64,5.46,4.97,3.0,0.76,22.0,0.7,0.2,0.7,15.4,16.0,21.2,18.3,3.0,4.7,22.0,0.7,0.2,0.7,0.0,12.5,48.3,23.6,4.0,32.7,20.0,0.8,0.2,0.7,-127.1,-109.7,-83.4,-105.4,4.0,28.1,20.0,0.8,0.2,0.7,4.9,15.5,36.2,20.5,3.0,23.4,22.0,0.7,0.2,0.7,-76.0,-68.3,-50.7,-63.4,3.0,19.0,22.0,0.7,0.2,0.7,1.6,5.2,9.7,5.7,3.0,5.9,22.0,0.7,0.2,0.7,-19.0,-16.0,-14.8,-16.9,3.0,3.2,22.0,0.7,0.2,0.7,31.5,72.0,116.0,73.5,4.0,51.5,20.0,0.8,0.2,0.7,30.0,70.0,115.0,75.0,4.0,50.0,20.0,0.8,0.2,0.7
1974,2,73.0,-3.0,26.79,27.0,27.68,27.23,4.0,0.74,10.0,0.8,0.3,0.7,25.83,26.55,27.11,26.48,4.0,0.85,10.0,0.8,0.3,0.7,16.69,16.98,17.28,16.98,2.0,0.61,6.0,1.0,0.5,0.8,73.2,75.0,82.5,77.8,3.0,7.3,6.0,1.0,0.6,2.84,3.85,6.22,4.5,4.0,2.3,10.0,0.8,0.3,0.7,1.37,2.45,5.42,3.35,4.0,3.03,10.0,0.8,0.3,0.7,-3.17,-1.37,-0.5,-1.82,4.0,1.94,10.0,0.8,0.3,0.7,1008.89,1010.8,1011.76,1010.33,3.0,2.14,10.0,0.7,0.3,0.8,6.5,7.0,7.5,7.0,4.0,0.8,10.0,0.8,0.3,0.7,4.4,7.1,35.4,19.3,4.0,26.8,10.0,0.8,0.3,0.7,-13.0,-3.8,-1.6,-7.1,4.0,9.3,10.0,0.8,0.3,0.7,-0.11,0.25,1.66,0.75,4.0,1.47,10.0,0.8,0.3,0.7,-1.3,0.7,7.4,2.9,4.0,7.2,10.0,0.8,0.3,0.7,5.99,6.28,6.56,6.28,2.0,0.59,6.0,1.0,0.5,0.8,33.0,37.9,42.9,37.9,2.0,10.2,6.0,1.0,0.5,0.8,35.6,65.2,147.7,90.4,4.0,83.8,10.0,0.8,0.3,0.7,-81.2,-36.2,-13.5,-46.9,4.0,49.0,10.0,0.8,0.3,0.7,31.9,70.7,109.4,70.7,2.0,80.3,6.0,1.0,0.5,0.8,-66.4,-39.5,-12.5,-39.5,2.0,55.8,6.0,1.0,0.5,0.8,11.7,25.2,38.8,25.2,2.0,28.1,6.0,1.0,0.5,0.8,-25.5,-15.2,-4.8,-15.2,2.0,21.4,6.0,1.0,0.5,0.8,23.5,63.5,285.5,150.5,4.0,207.0,10.0,0.8,0.3,0.7,25.0,65.0,285.0,150.0,4.0,205.0,10.0,0.8,0.3,0.7
1974,2,73.0,-2.0,26.98,27.9,28.76,27.97,7.0,1.13,16.0,0.4,0.5,0.6,26.78,28.0,28.87,28.06,7.0,1.33,16.0,0.4,0.5,0.6,17.07,17.65,18.36,17.65,6.0,0.76,18.0,0.3,0.5,0.7,69.0,75.9,84.5,76.3,6.0,7.7,18.0,0.3,0.7,0.95,2.6,5.75,3.09,7.0,2.43,16.0,0.4,0.5,0.6,-0.7,0.35,3.8,1.45,7.0,2.89,16.0,0.4,0.5,0.6,-3.18,-1.67,0.06,-1.53,7.0,1.87,16.0,0.4,0.5,0.6,1010.48,1011.0,1011.64,1011.1,6.0,0.68,18.0,0.3,0.5,0.7,1.0,5.0,8.0,4.1,7.0,3.4,16.0,0.4,0.5,0.6,-0.9,0.7,22.0,9.1,7.0,17.7,16.0,0.4,0.5,0.6,-11.9,-3.9,0.4,-5.3,7.0,10.3,16.0,0.4,0.5,0.6,-1.23,0.3,0.72,-0.09,7.0,1.06,16.0,0.4,0.5,0.6,-2.0,0.0,3.4,-0.1,7.0,3.6,16.0,0.4,0.5,0.6,4.72,5.84,6.2,5.57,6.0,1.24,18.0,0.3,0.5,0.7,4.6,13.6,34.9,17.7,6.0,15.8,18.0,0.3,0.5,0.7,-19.9,10.5,109.1,40.4,7.0,79.7,16.0,0.4,0.5,0.6,-85.6,-44.0,1.5,-43.3,7.0,52.7,16.0,0.4,0.5,0.6,-15.3,18.2,74.4,28.9,6.0,55.6,18.0,0.3,0.5,0.7,-61.4,-21.6,4.3,-25.9,6.0,36.1,18.0,0.3,0.5,0.7,-4.9,3.5,25.2,9.1,6.0,17.9,18.0,0.3,0.5,0.7,-17.8,-5.2,1.4,-7.5,6.0,11.6,18.0,0.3,0.5,0.7,1.0,17.5,190.5,80.0,7.0,117.5,16.0,0.4,0.5,0.6,0.0,20.0,190.0,80.0,7.0,115.0,16.0,0.4,0.5,0.6
1974,2,73.0,-1.0,27.8,28.05,29.19,28.48,4.0,1.04,12.0,0.5,0.4,0.3,25.86,27.0,27.78,26.83,4.0,1.37,12.0,0.5,0.4,0.3,17.05,17.84,18.96,18.0,3.0,1.4,10.0,0.7,0.6,0.4,73.2,81.2,92.8,83.0,3.0,14.4,10.0,0.7,0.4,1.24,3.3,4.58,2.93,4.0,2.2,12.0,0.5,0.4,0.3,0.0,0.87,1.87,0.93,4.0,1.08,12.0,0.5,0.4,0.3,-4.42,-2.0,0.88,-1.78,4.0,3.11,12.0,0.5,0.4,0.3,1010.71,1011.9,1012.56,1011.65,4.0,1.22,12.0,0.5,0.4,0.3,2.0,5.0,7.5,4.8,4.0,3.3,12.0,0.5,0.4,0.3,0.0,2.6,7.1,3.5,4.0,4.3,12.0,0.5,0.4,0.3,-20.4,-8.0,2.3,-9.0,4.0,13.5,12.0,0.5,0.4,0.3,0.48,1.9,2.8,1.65,4.0,1.39,12.0,0.5,0.4,0.3,0.0,3.6,9.3,4.6,4.0,5.6,12.0,0.5,0.4,0.3,4.48,5.55,6.83,5.65,3.0,1.72,10.0,0.7,0.6,0.4,3.3,10.3,29.1,16.1,3.0,19.6,10.0,0.7,0.6,0.4,0.0,24.7,49.6,24.8,4.0,28.6,12.0,0.5,0.4,0.3,-122.9,-54.4,21.9,-50.7,4.0,85.1,12.0,0.5,0.4,0.3,9.2,29.1,35.7,22.6,3.0,20.2,10.0,0.7,0.6,0.4,-54.6,0.0,22.2,-15.8,3.0,57.9,10.0,0.7,0.6,0.4,2.5,7.9,11.4,7.0,3.0,6.5,10.0,0.7,0.6,0.4,-24.3,0.0,4.5,-9.6,3.0,22.7,10.0,0.7,0.6,0.4,8.5,41.0,100.0,53.5,4.0,59.0,12.0,0.5,0.4,0.3,10.0,40.0,100.0,55.0,4.0,60.0,12.0,0.5,0.4,0.3
1974,2,73.0,0.0,28.24,28.65,29.32,28.77,6.0,0.65,28.0,1.0,0.4,0.0,27.76,28.0,28.32,28.02,6.0,0.52,28.0,1.0,0.4,0.0,15.54,15.88,17.45,16.64,6.0,1.82,28.0,1.0,0.4,0.0,65.6,67.4,75.6,70.2,6.0,6.4,28.0,1.0,0.0,0.0,0.0,1.41,0.67,6.0,1.21,28.0,1.0,0.4,0.0,0.0,0.0,0.57,0.21,6.0,0.34,28.0,1.0,0.4,0.0,-1.12,0.0,0.0,-0.6,6.0,1.18,28.0,1.0,0.4,0.0,1008.52,1008.7,1009.42,1008.9,6.0,0.6,28.0,1.0,0.4,0.0,5.2,6.0,7.0,5.7,6.0,1.9,28.0,1.0,0.4,0.0,0.0,0.0,0.9,0.4,6.0,0.7,28.0,1.0,0.4,0.0,-2.3,0.0,0.0,-1.6,6.0,3.6,28.0,1.0,0.4,0.0,0.54,0.8,1.0,0.75,6.0,0.27,28.0,1.0,0.4,0.0,0.0,0.0,0.7,0.5,6.0,1.0,28.0,1.0,0.4,0.0,6.85,8.69,9.1,8.24,6.0,1.37,28.0,1.0,0.4,0.0,0.0,0.0,11.2,4.9,6.0,8.6,28.0,1.0,0.4,0.0,0.0,0.0,15.7,5.9,6.0,9.5,28.0,1.0,0.4,0.0,-30.9,0.0,0.0,-16.4,6.0,32.2,28.0,1.0,0.4,0.0,0.0,0.0,9.4,3.4,6.0,5.4,28.0,1.0,0.4,0.0,-18.1,0.0,0.0,-9.9,6.0,19.8,28.0,1.0,0.4,0.0,0.0,0.0,4.3,1.7,6.0,2.8,28.0,1.0,0.4,0.0,-8.7,0.0,0.0,-4.4,6.0,8.3,28.0,1.0,0.4,0.0,0.0,0.0,6.5,4.5,6.0,11.0,28.0,1.0,0.4,0.0,0.0,0.0,5.0,5.0,6.0,10.0,28.0,1.0,0.4,0.0
1974,2,73.0,1.0,27.73,28.1,29.0,28.3,5.0,0.66,14.0,0.4,0.5,0.4,27.33,27.5,28.55,27.92,5.0,0.93,14.0,0.4,0.5,0.4,16.85,17.64,18.13,17.55,5.0,0.83,14.0,0.4,0.5,0.4,71.3,75.5,79.0,74.9,5.0,6.4,14.0,0.4,0.4,2.92,4.6,6.25,4.64,5.0,1.88,14.0,0.4,0.5,0.4,-3.12,-2.25,-0.31,-1.79,5.0,1.66,14.0,0.4,0.5,0.4,-5.41,-4.53,-2.41,-4.01,5.0,1.89,14.0,0.4,0.5,0.4,1010.75,1011.0,1012.18,1011.38,5.0,0.83,14.0,0.4,0.5,0.4,1.5,2.5,3.5,2.5,4.0,1.3,14.0,0.5,0.4,0.4,-19.8,-5.9,-1.7,-10.0,5.0,11.0,14.0,0.4,0.5,0.4,-34.3,-20.8,-7.2,-21.3,5.0,16.3,14.0,0.4,0.5,0.4,-0.26,0.4,1.18,0.38,5.0,1.1,14.0,0.4,0.5,0.4,-0.9,1.8,7.6,3.0,5.0,5.6,14.0,0.4,0.5,0.4,6.0,6.39,7.3,6.59,5.0,0.71,14.0,0.4,0.5,0.4,20.1,26.6,43.6,30.6,5.0,12.9,14.0,0.4,0.5,0.4,-86.8,-61.2,-8.1,-49.2,5.0,46.2,14.0,0.4,0.5,0.4,-150.4,-124.1,-70.1,-111.8,5.0,51.8,14.0,0.4,0.5,0.4,-56.8,-38.3,-5.7,-32.3,5.0,30.2,14.0,0.4,0.5,0.4,-98.4,-79.9,-40.2,-71.5,5.0,36.3,14.0,0.4,0.5,0.4,-21.8,-13.8,-1.5,-11.7,5.0,11.3,14.0,0.4,0.5,0.4,-37.7,-26.1,-17.0,-26.5,5.0,12.7,14.0,0.4,0.5,0.4,25.5,97.5,254.0,140.5,5.0,146.0,14.0,0.4,0.5,0.4,25.0,95.0,255.0,140.0,5.0,145.0,14.0,0.4,0.5,0.4
1974,2,73.0,6.0,,,,,,,,,,,,,,,,,,,,,,,,,,,,,,,,,,,,,,,,8.0,8.0,8.0,8.0,1.0,0.0,4.0,0.0,0.0,0.1,-5.14,-5.14,-5.14,-5.14,1.0,0.0,4.0,0.0,0.0,0.1,-6.13,-6.13,-6.13,-6.13,1.0,0.0,4.0,0.0,0.0,0.1,1011.7,1011.7,1011.7,1011.7,1.0,0.0,4.0,0.0,0.0,0.1,,,,,,,,,,,,,,,,,,,,,,,,,,,,,,,,,,,,,,,,,,,,,,,,,,,,,,,,,,,,,,,,,,,,,,,,,,,,,,,,,,,,,,,,,,,,,,,,,,,,,,,,,,,,,,,,,,,,,,,,,,,,,,,,,,,,,,,,,,,,,,,,,,,,,,
1974,2,73.0,7.0,27.84,28.35,28.86,28.35,4.0,0.6,18.0,0.8,0.3,0.7,26.29,28.7,29.71,28.29,7.0,1.57,20.0,0.7,0.3,0.8,16.24,18.49,19.29,17.98,6.0,1.78,20.0,0.7,0.4,0.7,69.3,74.1,79.9,75.4,6.0,7.5,20.0,0.7,0.7,0.0,2.1,2.72,1.91,7.0,1.79,18.0,0.6,0.4,0.7,-1.08,0.0,0.02,-0.47,7.0,0.74,18.0,0.6,0.4,0.7,-2.57,-1.82,0.0,-1.76,7.0,1.76,18.0,0.6,0.4,0.7,1010.18,1010.8,1012.18,1011.16,8.0,2.42,20.0,0.6,0.3,0.7,0.0,1.0,3.8,1.5,8.0,1.7,20.0,0.6,0.3,0.7,-2.4,0.0,0.0,-1.2,7.0,1.8,18.0,0.6,0.4,0.7,-7.3,-3.8,0.0,-6.0,7.0,9.2,18.0,0.6,0.4,0.7,-1.0,-1.0,0.41,-0.32,4.0,1.35,18.0,0.8,0.3,0.7,-1.8,0.0,2.4,0.3,3.0,3.1,16.0,0.7,0.3,0.7,4.41,5.68,7.64,6.01,4.0,1.98,18.0,0.8,0.3,0.7,3.4,10.9,15.6,9.6,3.0,9.0,16.0,0.7,0.3,0.7,-31.7,-12.8,1.8,-15.3,6.0,21.6,20.0,0.7,0.3,0.8,-86.2,-52.1,-19.4,-57.8,6.0,50.6,20.0,0.7,0.3,0.8,-20.8,-16.0,2.3,-10.8,5.0,13.8,20.0,0.6,0.4,0.8,-37.9,-27.7,-11.1,-24.9,5.0,17.4,20.0,0.6,0.4,0.8,-7.3,-3.7,-1.2,-4.2,3.0,4.5,16.0,0.7,0.3,0.7,-13.8,-10.2,-3.2,-8.5,3.0,7.9,16.0,0.7,0.3,0.7,0.0,9.5,23.0,25.5,7.0,48.0,18.0,0.6,0.4,0.7,0.0,10.0,25.0,25.0,7.0,50.0,18.0,0.6,0.4,0.7
1974,2,73.0,8.0,27.6,28.05,28.89,28.32,6.0,0.92,14.0,0.5,0.5,0.4,26.96,27.1,28.12,27.66,7.0,1.41,14.0,0.6,0.6,0.4,16.84,17.58,17.96,17.39,5.0,1.08,18.0,0.6,0.7,0.3,74.4,78.3,78.7,76.9,5.0,2.4,18.0,0.6,0.3,2.55,4.6,6.22,4.24,7.0,1.94,14.0,0.6,0.6,0.4,-1.6,-0.52,1.19,-0.17,7.0,1.46,14.0,0.6,0.6,0.4,-5.86,-4.32,-2.39,-4.03,7.0,1.9,14.0,0.6,0.6,0.4,1008.99,1010.3,1012.35,1010.76,7.0,1.67,14.0,0.6,0.6,0.4,1.0,1.0,3.2,2.1,7.0,2.3,14.0,0.6,0.6,0.4,-7.5,-1.1,7.8,-0.6,7.0,7.9,14.0,0.6,0.6,0.4,-36.5,-19.9,-6.1,-20.3,7.0,15.8,14.0,0.6,0.6,0.4,-0.63,0.5,1.81,0.55,6.0,1.66,14.0,0.5,0.5,0.4,-3.5,1.9,3.6,0.3,6.0,6.8,14.0,0.5,0.5,0.4,5.62,5.75,6.76,6.17,4.0,0.93,16.0,0.5,0.6,0.3,13.2,20.6,32.0,22.5,4.0,11.8,16.0,0.5,0.6,0.3,-44.9,-14.1,33.3,-5.5,7.0,41.5,14.0,0.6,0.6,0.4,-178.0,-120.6,-64.7,-113.2,7.0,56.6,14.0,0.6,0.6,0.4,-17.5,15.6,24.9,5.7,5.0,24.5,18.0,0.6,0.7,0.3,-98.3,-76.0,-34.6,-69.2,5.0,39.4,18.0,0.6,0.7,0.3,-7.3,-0.2,5.9,-0.7,4.0,7.7,16.0,0.5,0.6,0.3,-31.0,-19.3,-12.0,-21.4,4.0,12.1,16.0,0.5,0.6,0.3,17.0,97.5,241.5,116.5,7.0,115.5,14.0,0.6,0.6,0.4,15.0,95.0,240.0,115.0,7.0,115.0,14.0,0.6,0.6,0.4
1974,2,73.0,10.0,27.8,27.8,27.8,27.8,1.0,0.0,2.0,1.0,0.8,0.8,28.1,28.1,28.1,28.1,1.0,0.0,2.0,1.0,0.8,0.8,15.5,15.5,15.5,15.5,1.0,0.0,2.0,1.0,0.8,0.8,65.4,65.4,65.4,65.4,1.0,0.0,2.0,1.0,0.8,0.0,0.0,0.0,0.0,1.0,0.0,2.0,1.0,0.8,0.8,0.0,0.0,0.0,0.0,1.0,0.0,2.0,1.0,0.8,0.8,0.0,0.0,0.0,0.0,1.0,0.0,2.0,1.0,0.8,0.8,1011.3,1011.3,1011.3,1011.3,1.0,0.0,2.0,1.0,0.8,0.8,2.0,2.0,2.0,2.0,1.0,0.0,2.0,1.0,0.8,0.8,0.0,0.0,0.0,0.0,1.0,0.0,2.0,1.0,0.8,0.8,0.0,0.0,0.0,0.0,1.0,0.0,2.0,1.0,0.8,0.8,-0.3,-0.3,-0.3,-0.3,1.0,0.0,2.0,1.0,0.8,0.8,0.0,0.0,0.0,0.0,1.0,0.0,2.0,1.0,0.8,0.8,7.92,7.92,7.92,7.92,1.0,0.0,2.0,1.0,0.8,0.8,0.0,0.0,0.0,0.0,1.0,0.0,2.0,1.0,0.8,0.8,0.0,0.0,0.0,0.0,1.0,0.0,2.0,1.0,0.8,0.8,0.0,0.0,0.0,0.0,1.0,0.0,2.0,1.0,0.8,0.8,0.0,0.0,0.0,0.0,1.0,0.0,2.0,1.0,0.8,0.8,0.0,0.0,0.0,0.0,1.0,0.0,2.0,1.0,0.8,0.8,0.0,0.0,0.0,0.0,1.0,0.0,2.0,1.0,0.8,0.8,0.0,0.0,0.0,0.0,1.0,0.0,2.0,1.0,0.8,0.8,0.0,0.0,0.0,0.0,1.0,0.0,2.0,1.0,0.8,0.8,0.0,0.0,0.0,0.0,1.0,0.0,2.0,1.0,0.8,0.8
1974,2,73.0,11.0,27.6,28.0,28.46,27.92,15.0,0.66,16.0,0.5,0.5,0.3,26.51,28.0,29.53,28.12,16.0,1.86,16.0,0.6,0.5,0.3,16.52,17.49,19.63,17.75,15.0,1.41,16.0,0.6,0.5,0.3,66.6,72.5,80.7,74.6,15.0,7.8,16.0,0.6,0.3,0.38,3.1,5.59,3.06,16.0,2.12,16.0,0.6,0.5,0.3,-1.55,0.0,1.81,0.11,16.0,1.62,16.0,0.6,0.5,0.3,-4.84,-3.08,0.0,-2.6,16.0,2.16,16.0,0.6,0.5,0.3,1009.11,1012.2,1012.8,1011.25,15.0,2.17,16.0,0.6,0.5,0.3,0.0,1.0,4.5,1.9,16.0,2.3,16.0,0.6,0.5,0.3,-7.4,0.0,5.2,-0.7,16.0,7.9,16.0,0.6,0.5,0.3,-27.6,-9.5,0.0,-12.0,16.0,13.0,16.0,0.6,0.5,0.3,-1.96,-0.1,2.0,-0.21,15.0,1.94,16.0,0.5,0.5,0.3,-4.0,0.0,7.3,0.4,15.0,6.1,16.0,0.5,0.5,0.3,3.97,6.03,7.07,5.82,14.0,1.41,16.0,0.6,0.5,0.3,4.6,18.4,28.5,17.8,14.0,10.4,16.0,0.6,0.5,0.3,-42.0,0.0,50.0,3.0,16.0,45.2,16.0,0.6,0.5,0.3,-138.3,-82.6,0.0,-72.1,16.0,59.5,16.0,0.6,0.5,0.3,-33.6,0.0,33.8,2.1,15.0,30.0,16.0,0.6,0.5,0.3,-87.3,-54.5,-1.4,-49.1,15.0,39.5,16.0,0.6,0.5,0.3,-4.9,1.5,9.6,1.9,14.0,8.5,16.0,0.6,0.5,0.3,-26.7,-17.8,-0.2,-14.9,14.0,11.5,16.0,0.6,0.5,0.3,0.5,30.0,184.5,67.5,16.0,89.0,16.0,0.6,0.5,0.3,0.0,30.0,185.0,65.0,16.0,90.0,16.0,0.6,0.5,0.3
1974,2,73.0,12.0,27.55,27.8,28.0,27.78,4.0,0.26,14.0,0.0,0.7,0.6,26.6,26.65,26.75,26.68,4.0,0.1,14.0,0.0,0.7,0.6,15.35,16.83,17.92,16.64,4.0,1.53,14.0,0.0,0.7,0.6,70.2,76.7,81.9,76.1,4.0,6.9,14.0,0.0,0.6,2.6,2.85,3.89,3.23,4.0,0.95,14.0,0.0,0.7,0.6,0.42,0.97,2.05,1.23,4.0,1.24,14.0,0.0,0.7,0.6,-3.23,-2.76,-2.52,-2.87,4.0,0.48,14.0,0.0,0.7,0.6,1008.64,1009.95,1011.15,1009.9,4.0,1.92,14.0,0.0,0.7,0.6,0.5,1.5,2.5,1.5,4.0,1.3,14.0,0.0,0.7,0.6,1.1,2.8,8.7,4.8,4.0,6.0,14.0,0.0,0.7,0.6,-12.8,-7.9,-6.5,-9.6,4.0,4.6,14.0,0.0,0.7,0.6,0.85,1.1,1.35,1.1,4.0,0.29,14.0,0.0,0.7,0.6,2.8,3.8,4.1,3.5,4.0,1.0,14.0,0.0,0.7,0.6,5.85,6.6,7.74,6.78,4.0,1.14,14.0,0.0,0.7,0.6,16.6,18.7,28.7,22.5,4.0,10.3,14.0,0.0,0.7,0.6,11.3,26.1,54.7,32.7,4.0,33.1,14.0,0.0,0.7,0.6,-86.1,-73.5,-67.2,-76.5,4.0,12.6,14.0,0.0,0.7,0.6,6.7,16.5,32.0,19.2,4.0,18.3,14.0,0.0,0.7,0.6,-52.1,-49.4,-42.7,-47.5,4.0,6.3,14.0,0.0,0.7,0.6,3.0,6.4,15.7,9.2,4.0,10.4,14.0,0.0,0.7,0.6,-23.5,-17.5,-16.1,-19.7,4.0,6.2,14.0,0.0,0.7,0.6,17.5,23.5,65.0,40.5,4.0,38.5,14.0,0.0,0.7,0.6,20.0,25.0,65.0,40.0,4.0,40.0,14.0,0.0,0.7,0.6
1974,2,73.0,13.0,27.49,28.1,29.4,28.24,7.0,0.91,16.0,0.3,0.3,0.5,27.0,27.15,29.26,27.83,8.0,1.23,16.0,0.4,0.4,0.4,17.49,18.97,19.06,18.45,7.0,1.15,16.0,0.3,0.3,0.5,76.9,82.2,85.2,80.5,7.0,6.0,16.0,0.3,0.5,1.5,4.1,6.07,3.88,9.0,2.44,16.0,0.4,0.4,0.4,0.0,0.63,1.68,0.76,9.0,1.24,16.0,0.4,0.4,0.4,-5.86,-3.85,-0.4,-3.54,9.0,2.56,16.0,0.4,0.4,0.4,1009.13,1010.0,1014.99,1011.06,9.0,3.54,16.0,0.4,0.4,0.4,0.0,1.0,2.8,1.4,8.0,1.8,16.0,0.5,0.5,0.4,0.0,2.3,9.0,3.7,9.0,6.6,16.0,0.4,0.4,0.4,-35.7,-15.8,-0.6,-19.2,9.0,17.9,16.0,0.4,0.4,0.4,-0.05,0.4,2.4,0.73,7.0,1.3,16.0,0.3,0.3,0.5,-0.1,2.3,9.3,4.3,7.0,5.9,16.0,0.3,0.3,0.5,4.46,5.06,6.94,5.61,7.0,1.33,16.0,0.3,0.3,0.5,24.0,26.1,30.6,26.5,7.0,10.4,16.0,0.3,0.3,0.5,0.9,25.2,47.1,23.4,8.0,35.4,16.0,0.4,0.4,0.4,-163.7,-119.3,-50.0,-108.7,8.0,62.4,16.0,0.4,0.4,0.4,-1.1,23.8,31.6,17.9,7.0,24.3,16.0,0.3,0.3,0.5,-118.5,-84.1,-60.2,-79.7,7.0,43.6,16.0,0.3,0.3,0.5,-0.5,5.2,9.0,4.0,7.0,7.4,16.0,0.3,0.3,0.5,-30.1,-24.5,-21.5,-24.4,7.0,12.5,16.0,0.3,0.3,0.5,3.5,69.0,224.0,117.0,9.0,128.5,16.0,0.4,0.4,0.4,5.0,70.0,225.0,115.0,9.0,130.0,16.0,0.4,0.4,0.4
1974,2,73.0,14.0,27.4,28.15,28.95,28.18,4.0,0.9,12.0,0.8,0.6,0.7,26.49,26.85,27.16,26.83,4.0,0.43,12.0,0.8,0.6,0.7,16.52,16.84,17.47,16.99,4.0,0.59,12.0,0.8,0.6,0.7,74.7,75.5,79.5,77.0,4.0,4.1,12.0,0.8,0.7,3.81,4.85,5.41,4.63,4.0,1.11,12.0,0.8,0.6,0.7,0.0,0.4,2.97,1.43,4.0,2.37,12.0,0.8,0.6,0.7,-4.83,-3.82,-2.97,-3.9,4.0,1.09,12.0,0.8,0.6,0.7,1008.94,1010.45,1010.86,1009.93,4.0,1.45,12.0,0.8,0.6,0.7,0.0,0.0,0.7,0.3,3.0,0.6,8.0,1.0,0.7,0.7,0.0,1.8,16.5,8.0,4.0,13.6,12.0,0.8,0.6,0.7,-23.5,-18.5,-12.8,-18.2,4.0,7.0,12.0,0.8,0.6,0.7,0.24,1.35,2.46,1.35,4.0,1.28,12.0,0.8,0.6,0.7,1.4,4.7,9.7,5.5,4.0,5.2,12.0,0.8,0.6,0.7,6.07,6.82,7.98,7.02,4.0,1.25,12.0,0.8,0.6,0.7,28.1,31.4,35.0,31.5,4.0,4.3,12.0,0.8,0.6,0.7,0.0,10.5,79.8,38.6,4.0,63.9,12.0,0.8,0.6,0.7,-129.7,-101.0,-79.7,-104.5,4.0,29.7,12.0,0.8,0.6,0.7,0.0,7.1,49.6,24.0,4.0,39.1,12.0,0.8,0.6,0.7,-84.1,-65.8,-49.1,-66.5,4.0,20.3,12.0,0.8,0.6,0.7,0.0,2.9,19.3,9.3,4.0,15.1,12.0,0.8,0.6,0.7,-31.2,-28.1,-22.3,-26.8,4.0,6.2,12.0,0.8,0.6,0.7,62.0,115.0,160.0,111.0,4.0,65.0,12.0,0.8,0.6,0.7,60.0,115.0,160.0,110.0,4.0,65.0,12.0,0.8,0.6,0.7
1974,2,73.0,15.0,26.95,27.5,28.05,27.5,2.0,1.13,12.0,0.5,0.3,0.7,26.44,27.4,28.36,27.4,2.0,1.98,12.0,0.5,0.3,0.7,15.56,15.92,16.28,15.92,2.0,0.74,12.0,0.5,0.3,0.7,67.8,70.1,72.4,70.1,2.0,4.8,12.0,0.5,0.7,0.0,0.0,0.0,0.0,1.0,0.0,18.0,1.0,0.4,0.9,0.0,0.0,0.0,0.0,1.0,0.0,18.0,1.0,0.4,0.9,0.0,0.0,0.0,0.0,1.0,0.0,18.0,1.0,0.4,0.9,1012.41,1013.3,1014.19,1013.3,2.0,1.84,12.0,0.5,0.3,0.7,0.8,2.5,4.2,2.5,2.0,3.5,12.0,0.5,0.3,0.7,0.0,0.0,0.0,0.0,1.0,0.0,18.0,1.0,0.4,0.9,0.0,0.0,0.0,0.0,1.0,0.0,18.0,1.0,0.4,0.9,-0.31,0.1,0.51,0.1,2.0,0.85,12.0,0.5,0.3,0.7,0.0,0.0,0.0,0.0,1.0,0.0,18.0,1.0,0.4,0.9,6.7,7.07,7.44,7.07,2.0,0.77,12.0,0.5,0.3,0.7,0.0,0.0,0.0,0.0,1.0,0.0,18.0,1.0,0.4,0.9,0.0,0.0,0.0,0.0,1.0,0.0,18.0,1.0,0.4,0.9,0.0,0.0,0.0,0.0,1.0,0.0,18.0,1.0,0.4,0.9,0.0,0.0,0.0,0.0,1.0,0.0,18.0,1.0,0.4,0.9,0.0,0.0,0.0,0.0,1.0,0.0,18.0,1.0,0.4,0.9,0.0,0.0,0.0,0.0,1.0,0.0,18.0,1.0,0.4,0.9,0.0,0.0,0.0,0.0,1.0,0.0,18.0,1.0,0.4,0.9,0.0,0.0,0.0,0.0,1.0,0.0,18.0,1.0,0.4,0.9,0.0,0.0,0.0,0.0,1.0,0.0,18.0,1.0,0.4,0.9
1974,2,74.0,-70.0,,,,,,,,,,,,,,,,,,,,,,,,,,,,,,,,,,,,,,,,8.0,8.0,8.0,8.0,1.0,0.0,22.0,1.0,0.1,0.8,-5.14,-5.14,-5.14,-5.14,1.0,0.0,22.0,1.0,0.1,0.8,-6.13,-6.13,-6.13,-6.13,1.0,0.0,22.0,1.0,0.1,0.8,989.9,989.9,989.9,989.9,1.0,0.0,22.0,1.0,0.1,0.8,,,,,,,,,,,,,,,,,,,,,,,,,,,,,,,,,,,,,,,,,,,,,,,,,,,,,,,,,,,,,,,,,,,,,,,,,,,,,,,,,,,,,,,,,,,,,,,,,,,,,,,,,,,,,,,,,,,,,,,,,,,,,,,,,,,,,,,,,,,,,,,,,,,,,,
1974,2,74.0,-68.0,-0.5,-0.5,-0.5,-0.5,1.0,0.0,22.0,1.0,0.8,0.7,-4.2,-4.2,-4.2,-4.2,1.0,0.0,22.0,1.0,0.8,0.7,2.3,2.3,2.3,2.3,1.0,0.0,22.0,1.0,0.8,0.7,80.8,80.8,80.8,80.8,1.0,0.0,22.0,1.0,0.7,13.9,13.9,13.9,13.9,1.0,0.0,22.0,1.0,0.8,0.7,-13.69,-13.69,-13.69,-13.69,1.0,0.0,22.0,1.0,0.8,0.7,-2.41,-2.41,-2.41,-2.41,1.0,0.0,22.0,1.0,0.8,0.7,983.4,983.4,983.4,983.4,1.0,0.0,22.0,1.0,0.8,0.7,7.0,7.0,7.0,7.0,1.0,0.0,22.0,1.0,0.8,0.7,-190.3,-190.3,-190.3,-190.3,1.0,0.0,22.0,1.0,0.8,0.7,-33.6,-33.6,-33.6,-33.6,1.0,0.0,22.0,1.0,0.8,0.7,3.7,3.7,3.7,3.7,1.0,0.0,22.0,1.0,0.8,0.7,51.4,51.4,51.4,51.4,1.0,0.0,22.0,1.0,0.8,0.7,1.45,1.45,1.45,1.45,1.0,0.0,22.0,1.0,0.8,0.7,20.1,20.1,20.1,20.1,1.0,0.0,22.0,1.0,0.8,0.7,57.5,57.5,57.5,57.5,1.0,0.0,22.0,1.0,0.8,0.7,10.1,10.1,10.1,10.1,1.0,0.0,22.0,1.0,0.8,0.7,-31.6,-31.6,-31.6,-31.6,1.0,0.0,22.0,1.0,0.8,0.7,-5.6,-5.6,-5.6,-5.6,1.0,0.0,22.0,1.0,0.8,0.7,-19.8,-19.8,-19.8,-19.8,1.0,0.0,22.0,1.0,0.8,0.7,-3.5,-3.5,-3.5,-3.5,1.0,0.0,22.0,1.0,0.8,0.7,2685.5,2685.5,2685.5,2685.5,1.0,0.0,22.0,1.0,0.8,0.7,2685.0,2685.0,2685.0,2685.0,1.0,0.0,22.0,1.0,0.8,0.7
1974,2,74.0,-66.0,0.25,0.35,0.45,0.35,2.0,0.21,24.0,0.5,0.1,0.9,-0.5,-0.5,-0.5,-0.5,1.0,0.0,28.0,1.0,0.1,0.7,3.67,3.67,3.67,3.67,1.0,0.0,28.0,1.0,0.1,0.7,97.8,97.8,97.8,97.8,1.0,0.0,28.0,1.0,0.7,3.32,6.15,8.98,6.15,2.0,5.87,24.0,0.5,0.1,0.9,-4.33,-2.57,-0.82,-2.57,2.0,3.64,24.0,0.5,0.1,0.9,-7.19,-3.46,0.27,-3.46,2.0,7.72,24.0,0.5,0.1,0.9,985.85,990.7,995.55,990.7,2.0,10.04,24.0,0.5,0.1,0.9,2.1,4.5,6.9,4.5,2.0,4.9,24.0,0.5,0.1,0.9,-44.6,-26.5,-8.4,-26.5,2.0,37.5,24.0,0.5,0.1,0.9,-76.7,-43.9,-11.2,-43.9,2.0,67.8,24.0,0.5,0.1,0.9,0.7,0.7,0.7,0.7,1.0,0.0,28.0,1.0,0.1,0.7,7.2,7.2,7.2,7.2,1.0,0.0,28.0,1.0,0.1,0.7,0.28,0.28,0.28,0.28,1.0,0.0,28.0,1.0,0.1,0.7,2.9,2.9,2.9,2.9,1.0,0.0,28.0,1.0,0.1,0.7,2.6,2.6,2.6,2.6,1.0,0.0,28.0,1.0,0.1,0.7,4.5,4.5,4.5,4.5,1.0,0.0,28.0,1.0,0.1,0.7,-18.9,-18.9,-18.9,-18.9,1.0,0.0,28.0,1.0,0.1,0.7,-32.7,-32.7,-32.7,-32.7,1.0,0.0,28.0,1.0,0.1,0.7,-1.4,-1.4,-1.4,-1.4,1.0,0.0,28.0,1.0,0.1,0.7,-2.5,-2.5,-2.5,-2.5,1.0,0.0,28.0,1.0,0.1,0.7,180.0,550.5,920.5,550.5,2.0,767.0,24.0,0.5,0.1,0.9,180.0,550.0,920.0,550.0,2.0,765.0,24.0,0.5,0.1,0.9
1974,2,74.0,-64.0,1.5,1.5,1.5,1.5,1.0,0.0,12.0,1.0,0.2,0.7,1.1,1.1,1.1,1.1,1.0,0.0,12.0,1.0,0.2,0.7,3.64,3.64,3.64,3.64,1.0,0.0,12.0,1.0,0.2,0.7,85.9,85.9,85.9,85.9,1.0,0.0,12.0,1.0,0.7,6.0,6.0,6.0,6.0,1.0,0.0,12.0,1.0,0.2,0.7,1.04,1.04,1.04,1.04,1.0,0.0,12.0,1.0,0.2,0.7,-5.91,-5.91,-5.91,-5.91,1.0,0.0,12.0,1.0,0.2,0.7,977.8,977.8,977.8,977.8,1.0,0.0,12.0,1.0,0.2,0.7,7.0,7.0,7.0,7.0,1.0,0.0,12.0,1.0,0.2,0.7,6.3,6.3,6.3,6.3,1.0,0.0,12.0,1.0,0.2,0.7,-35.5,-35.5,-35.5,-35.5,1.0,0.0,12.0,1.0,0.2,0.7,0.4,0.4,0.4,0.4,1.0,0.0,12.0,1.0,0.2,0.7,2.4,2.4,2.4,2.4,1.0,0.0,12.0,1.0,0.2,0.7,0.72,0.72,0.72,0.72,1.0,0.0,12.0,1.0,0.2,0.7,4.3,4.3,4.3,4.3,1.0,0.0,12.0,1.0,0.2,0.7,1.1,1.1,1.1,1.1,1.0,0.0,12.0,1.0,0.2,0.7,-6.5,-6.5,-6.5,-6.5,1.0,0.0,12.0,1.0,0.2,0.7,3.8,3.8,3.8,3.8,1.0,0.0,12.0,1.0,0.2,0.7,-21.5,-21.5,-21.5,-21.5,1.0,0.0,12.0,1.0,0.2,0.7,0.8,0.8,0.8,0.8,1.0,0.0,12.0,1.0,0.2,0.7,-4.3,-4.3,-4.3,-4.3,1.0,0.0,12.0,1.0,0.2,0.7,216.0,216.0,216.0,216.0,1.0,0.0,12.0,1.0,0.2,0.7,215.0,215.0,215.0,215.0,1.0,0.0,12.0,1.0,0.2,0.7
1974,2,74.0,-63.0,0.5,0.5,0.5,0.5,1.0,0.0,12.0,1.0,0.0,0.1,1.0,1.0,1.0,1.0,1.0,0.0,12.0,1.0,0.0,0.1,3.63,3.63,3.63,3.63,1.0,0.0,12.0,1.0,0.0,0.1,86.5,86.5,86.5,86.5,1.0,0.0,12.0,1.0,0.1,6.2,6.2,6.2,6.2,1.0,0.0,12.0,1.0,0.0,0.1,5.37,5.37,5.37,5.37,1.0,0.0,12.0,1.0,0.0,0.1,-3.1,-3.1,-3.1,-3.1,1.0,0.0,12.0,1.0,0.0,0.1,979.7,979.7,979.7,979.7,1.0,0.0,12.0,1.0,0.0,0.1,8.0,8.0,8.0,8.0,1.0,0.0,12.0,1.0,0.0,0.1,33.3,33.3,33.3,33.3,1.0,0.0,12.0,1.0,0.0,0.1,-19.2,-19.2,-19.2,-19.2,1.0,0.0,12.0,1.0,0.0,0.1,-0.5,-0.5,-0.5,-0.5,1.0,0.0,12.0,1.0,0.0,0.1,-3.1,-3.1,-3.1,-3.1,1.0,0.0,12.0,1.0,0.0,0.1,0.42,0.42,0.42,0.42,1.0,0.0,12.0,1.0,0.0,0.1,2.6,2.6,2.6,2.6,1.0,0.0,12.0,1.0,0.0,0.1,5.4,5.4,5.4,5.4,1.0,0.0,12.0,1.0,0.0,0.1,-3.1,-3.1,-3.1,-3.1,1.0,0.0,12.0,1.0,0.0,0.1,19.5,19.5,19.5,19.5,1.0,0.0,12.0,1.0,0.0,0.1,-11.3,-11.3,-11.3,-11.3,1.0,0.0,12.0,1.0,0.0,0.1,2.3,2.3,2.3,2.3,1.0,0.0,12.0,1.0,0.0,0.1,-1.3,-1.3,-1.3,-1.3,1.0,0.0,12.0,1.0,0.0,0.1,238.5,238.5,238.5,238.5,1.0,0.0,12.0,1.0,0.0,0.1,240.0,240.0,240.0,240.0,1.0,0.0,12.0,1.0,0.0,0.1
1974,2,74.0,-56.0,1.7,1.7,1.7,1.7,1.0,0.0,8.0,1.0,0.6,0.5,2.7,2.7,2.7,2.7,1.0,0.0,8.0,1.0,0.6,0.5,4.3,4.3,4.3,4.3,1.0,0.0,8.0,1.0,0.6,0.5,91.1,91.1,91.1,91.1,1.0,0.0,8.0,1.0,0.5,11.0,11.0,11.0,11.0,1.0,0.0,8.0,1.0,0.6,0.5,10.83,10.83,10.83,10.83,1.0,0.0,8.0,1.0,0.6,0.5,1.91,1.91,1.91,1.91,1.0,0.0,8.0,1.0,0.6,0.5,986.1,986.1,986.1,986.1,1.0,0.0,8.0,1.0,0.6,0.5,5.0,5.0,5.0,5.0,1.0,0.0,8.0,1.0,0.6,0.5,119.2,119.2,119.2,119.2,1.0,0.0,8.0,1.0,0.6,0.5,21.0,21.0,21.0,21.0,1.0,0.0,8.0,1.0,0.6,0.5,-1.0,-1.0,-1.0,-1.0,1.0,0.0,8.0,1.0,0.6,0.5,-11.0,-11.0,-11.0,-11.0,1.0,0.0,8.0,1.0,0.6,0.5,0.09,0.09,0.09,0.09,1.0,0.0,8.0,1.0,0.6,0.5,1.0,1.0,1.0,1.0,1.0,0.0,8.0,1.0,0.6,0.5,29.2,29.2,29.2,29.2,1.0,0.0,8.0,1.0,0.6,0.5,5.2,5.2,5.2,5.2,1.0,0.0,8.0,1.0,0.6,0.5,46.5,46.5,46.5,46.5,1.0,0.0,8.0,1.0,0.6,0.5,8.2,8.2,8.2,8.2,1.0,0.0,8.0,1.0,0.6,0.5,1.0,1.0,1.0,1.0,1.0,0.0,8.0,1.0,0.6,0.5,0.2,0.2,0.2,0.2,1.0,0.0,8.0,1.0,0.6,0.5,1331.0,1331.0,1331.0,1331.0,1.0,0.0,8.0,1.0,0.6,0.5,1330.0,1330.0,1330.0,1330.0,1.0,0.0,8.0,1.0,0.6,0.5
1974,2,74.0,-49.0,5.2,5.2,5.2,5.2,1.0,0.0,2.0,1.0,0.3,0.4,5.0,5.0,5.0,5.0,1.0,0.0,2.0,1.0,0.3,0.4,3.73,3.73,3.73,3.73,1.0,0.0,2.0,1.0,0.3,0.4,70.1,70.1,70.1,70.1,1.0,0.0,2.0,1.0,0.4,14.0,14.0,14.0,14.0,1.0,0.0,2.0,1.0,0.3,0.4,9.0,9.0,9.0,9.0,1.0,0.0,2.0,1.0,0.3,0.4,10.72,10.72,10.72,10.72,1.0,0.0,2.0,1.0,0.3,0.4,1025.1,1025.1,1025.1,1025.1,1.0,0.0,2.0,1.0,0.3,0.4,7.0,7.0,7.0,7.0,1.0,0.0,2.0,1.0,0.3,0.4,126.0,126.0,126.0,126.0,1.0,0.0,2.0,1.0,0.3,0.4,150.1,150.1,150.1,150.1,1.0,0.0,2.0,1.0,0.3,0.4,0.2,0.2,0.2,0.2,1.0,0.0,2.0,1.0,0.3,0.4,2.8,2.8,2.8,2.8,1.0,0.0,2.0,1.0,0.3,0.4,1.67,1.67,1.67,1.67,1.0,0.0,2.0,1.0,0.3,0.4,23.4,23.4,23.4,23.4,1.0,0.0,2.0,1.0,0.3,0.4,45.0,45.0,45.0,45.0,1.0,0.0,2.0,1.0,0.3,0.4,53.6,53.6,53.6,53.6,1.0,0.0,2.0,1.0,0.3,0.4,33.6,33.6,33.6,33.6,1.0,0.0,2.0,1.0,0.3,0.4,40.0,40.0,40.0,40.0,1.0,0.0,2.0,1.0,0.3,0.4,15.1,15.1,15.1,15.1,1.0,0.0,2.0,1.0,0.3,0.4,18.0,18.0,18.0,18.0,1.0,0.0,2.0,1.0,0.3,0.4,2744.0,2744.0,2744.0,2744.0,1.0,0.0,2.0,1.0,0.3,0.4,2745.0,2745.0,2745.0,2745.0,1.0,0.0,2.0,1.0,0.3,0.4
1974,2,74.0,-41.0,16.3,16.3,16.3,16.3,1.0,0.0,28.0,0.0,0.7,0.7,17.9,18.75,19.6,18.75,2.0,1.77,16.0,0.0,0.5,0.7,11.48,11.48,11.48,11.48,1.0,0.0,28.0,0.0,0.7,0.7,92.7,92.7,92.7,92.7,1.0,0.0,28.0,0.0,0.7,5.68,7.15,8.62,7.15,2.0,3.04,16.0,0.0,0.5,0.7,5.03,6.53,8.04,6.53,2.0,3.12,16.0,0.0,0.5,0.7,-3.07,-2.84,-2.61,-2.84,2.0,0.48,16.0,0.0,0.5,0.7,1015.0,1015.0,1015.0,1015.0,1.0,0.0,28.0,0.0,0.7,0.7,2.1,4.5,6.9,4.5,2.0,4.9,16.0,0.0,0.5,0.7,31.1,51.5,71.8,51.5,2.0,42.2,16.0,0.0,0.5,0.7,-26.9,-21.0,-15.2,-21.0,2.0,12.1,16.0,0.0,0.5,0.7,-1.2,-1.2,-1.2,-1.2,1.0,0.0,28.0,0.0,0.7,0.7,-11.2,-11.2,-11.2,-11.2,1.0,0.0,28.0,0.0,0.7,0.7,0.0,0.0,0.0,0.0,1.0,0.0,28.0,0.0,0.7,0.7,0.0,0.0,0.0,0.0,1.0,0.0,28.0,0.0,0.7,0.7,97.1,119.8,142.4,119.8,2.0,46.9,16.0,0.0,0.5,0.7,-54.8,-52.8,-50.9,-52.8,2.0,4.0,16.0,0.0,0.5,0.7,100.3,100.3,100.3,100.3,1.0,0.0,28.0,0.0,0.7,0.7,-36.5,-36.5,-36.5,-36.5,1.0,0.0,28.0,0.0,0.7,0.7,0.0,0.0,0.0,0.0,1.0,0.0,28.0,0.0,0.7,0.7,0.0,0.0,0.0,0.0,1.0,0.0,28.0,0.0,0.7,0.7,233.0,464.5,696.5,464.5,2.0,480.5,16.0,0.0,0.5,0.7,235.0,465.0,695.0,465.0,2.0,480.0,16.0,0.0,0.5,0.7
1974,2,74.0,-35.0,,,,,,,,,,,,,,,,,,,,,,,,,,,,,,,,,,,,,,,,6.0,6.0,6.0,6.0,1.0,0.0,22.0,0.0,0.0,0.1,3.86,3.86,3.86,3.86,1.0,0.0,22.0,0.0,0.0,0.1,4.6,4.6,4.6,4.6,1.0,0.0,22.0,0.0,0.0,0.1,1011.4,1011.4,1011.4,1011.4,1.0,0.0,22.0,0.0,0.0,0.1,,,,,,,,,,,,,,,,,,,,,,,,,,,,,,,,,,,,,,,,,,,,,,,,,,,,,,,,,,,,,,,,,,,,,,,,,,,,,,,,,,,,,,,,,,,,,,,,,,,,,,,,,,,,,,,,,,,,,,,,,,,,,,,,,,,,,,,,,,,,,,,,,,,,,,
1974,2,74.0,-33.0,22.3,22.3,22.3,22.3,1.0,0.0,4.0,0.0,0.5,0.4,21.0,21.0,21.0,21.0,1.0,0.0,4.0,0.0,0.5,0.4,11.12,11.12,11.12,11.12,1.0,0.0,4.0,0.0,0.5,0.4,73.1,73.1,73.1,73.1,1.0,0.0,4.0,0.0,0.4,5.1,5.1,5.1,5.1,1.0,0.0,4.0,0.0,0.5,0.4,-5.1,-5.1,-5.1,-5.1,1.0,0.0,4.0,0.0,0.5,0.4,0.0,0.0,0.0,0.0,1.0,0.0,4.0,0.0,0.5,0.4,1027.5,1027.5,1027.5,1027.5,1.0,0.0,4.0,0.0,0.5,0.4,1.0,1.0,1.0,1.0,1.0,0.0,4.0,0.0,0.5,0.4,-26.0,-26.0,-26.0,-26.0,1.0,0.0,4.0,0.0,0.5,0.4,0.0,0.0,0.0,0.0,1.0,0.0,4.0,0.0,0.5,0.4,1.3,1.3,1.3,1.3,1.0,0.0,4.0,0.0,0.5,0.4,6.6,6.6,6.6,6.6,1.0,0.0,4.0,0.0,0.5,0.4,5.41,5.41,5.41,5.41,1.0,0.0,4.0,0.0,0.5,0.4,27.6,27.6,27.6,27.6,1.0,0.0,4.0,0.0,0.5,0.4,-107.1,-107.1,-107.1,-107.1,1.0,0.0,4.0,0.0,0.5,0.4,0.0,0.0,0.0,0.0,1.0,0.0,4.0,0.0,0.5,0.4,-56.7,-56.7,-56.7,-56.7,1.0,0.0,4.0,0.0,0.5,0.4,0.0,0.0,0.0,0.0,1.0,0.0,4.0,0.0,0.5,0.4,-27.6,-27.6,-27.6,-27.6,1.0,0.0,4.0,0.0,0.5,0.4,0.0,0.0,0.0,0.0,1.0,0.0,4.0,0.0,0.5,0.4,132.5,132.5,132.5,132.5,1.0,0.0,4.0,0.0,0.5,0.4,135.0,135.0,135.0,135.0,1.0,0.0,4.0,0.0,0.5,0.4
1974,2,74.0,-32.0,20.4,21.25,22.1,21.25,2.0,1.77,20.0,0.5,0.6,0.4,23.25,23.35,23.45,23.35,2.0,0.21,20.0,0.5,0.6,0.4,12.32,13.08,13.84,13.08,2.0,1.57,20.0,0.5,0.6,0.4,70.2,73.6,77.1,73.6,2.0,7.2,20.0,0.5,0.4,3.49,5.4,7.31,5.4,2.0,3.96,20.0,0.5,0.6,0.4,-0.68,2.14,4.97,2.14,2.0,5.85,20.0,0.5,0.6,0.4,-4.7,-3.47,-2.24,-3.47,2.0,2.55,20.0,0.5,0.6,0.4,1014.48,1018.75,1023.02,1018.75,2.0,8.84,20.0,0.5,0.6,0.4,2.0,4.0,6.0,4.0,2.0,4.2,20.0,0.5,0.6,0.4,3.8,23.2,42.5,23.2,2.0,40.1,20.0,0.5,0.6,0.4,-37.1,-23.8,-10.5,-23.8,2.0,27.5,20.0,0.5,0.6,0.4,-3.06,-2.1,-1.14,-2.1,2.0,1.98,20.0,0.5,0.6,0.4,-24.4,-15.3,-6.1,-15.3,2.0,19.0,20.0,0.5,0.6,0.4,1.07,2.59,4.11,2.59,2.0,3.15,20.0,0.5,0.6,0.4,4.5,7.7,11.0,7.7,2.0,6.8,20.0,0.5,0.6,0.4,-15.4,50.7,116.9,50.7,2.0,137.1,20.0,0.5,0.6,0.4,-110.4,-81.3,-52.3,-81.3,2.0,60.2,20.0,0.5,0.6,0.4,-5.9,32.7,71.2,32.7,2.0,79.9,20.0,0.5,0.6,0.4,-66.1,-47.4,-28.7,-47.4,2.0,38.7,20.0,0.5,0.6,0.4,-7.7,-3.7,0.4,-3.7,2.0,8.4,20.0,0.5,0.6,0.4,-7.1,-5.0,-2.9,-5.0,2.0,4.3,20.0,0.5,0.6,0.4,102.5,284.5,466.5,284.5,2.0,377.5,20.0,0.5,0.6,0.4,100.0,285.0,465.0,285.0,2.0,375.0,20.0,0.5,0.6,0.4
1974,2,74.0,-31.0,23.7,23.7,23.7,23.7,1.0,0.0,14.0,1.0,0.8,0.9,24.0,24.0,24.0,24.0,1.0,0.0,14.0,1.0,0.8,0.9,14.69,14.69,14.69,14.69,1.0,0.0,14.0,1.0,0.8,0.9,79.8,79.8,79.8,79.8,1.0,0.0,14.0,1.0,0.9,7.2,7.2,7.2,7.2,1.0,0.0,14.0,1.0,0.8,0.9,-2.46,-2.46,-2.46,-2.46,1.0,0.0,14.0,1.0,0.8,0.9,6.77,6.77,6.77,6.77,1.0,0.0,14.0,1.0,0.8,0.9,1021.6,1021.6,1021.6,1021.6,1.0,0.0,14.0,1.0,0.8,0.9,5.0,5.0,5.0,5.0,1.0,0.0,14.0,1.0,0.8,0.9,-17.7,-17.7,-17.7,-17.7,1.0,0.0,14.0,1.0,0.8,0.9,48.7,48.7,48.7,48.7,1.0,0.0,14.0,1.0,0.8,0.9,-0.3,-0.3,-0.3,-0.3,1.0,0.0,14.0,1.0,0.8,0.9,-2.2,-2.2,-2.2,-2.2,1.0,0.0,14.0,1.0,0.8,0.9,3.43,3.43,3.43,3.43,1.0,0.0,14.0,1.0,0.8,0.9,24.7,24.7,24.7,24.7,1.0,0.0,14.0,1.0,0.8,0.9,-59.1,-59.1,-59.1,-59.1,1.0,0.0,14.0,1.0,0.8,0.9,162.4,162.4,162.4,162.4,1.0,0.0,14.0,1.0,0.8,0.9,-36.2,-36.2,-36.2,-36.2,1.0,0.0,14.0,1.0,0.8,0.9,99.4,99.4,99.4,99.4,1.0,0.0,14.0,1.0,0.8,0.9,-8.4,-8.4,-8.4,-8.4,1.0,0.0,14.0,1.0,0.8,0.9,23.2,23.2,23.2,23.2,1.0,0.0,14.0,1.0,0.8,0.9,373.0,373.0,373.0,373.0,1.0,0.0,14.0,1.0,0.8,0.9,375.0,375.0,375.0,375.0,1.0,0.0,14.0,1.0,0.8,0.9
1974,2,74.0,-30.0,24.0,24.0,24.0,24.0,1.0,0.0,4.0,1.0,0.7,0.5,24.0,24.0,24.0,24.0,1.0,0.0,4.0,1.0,0.7,0.5,12.18,12.18,12.18,12.18,1.0,0.0,4.0,1.0,0.7,0.5,66.6,66.6,66.6,66.6,1.0,0.0,4.0,1.0,0.5,6.2,6.2,6.2,6.2,1.0,0.0,4.0,1.0,0.7,0.5,-6.2,-6.2,-6.2,-6.2,1.0,0.0,4.0,1.0,0.7,0.5,0.0,0.0,0.0,0.0,1.0,0.0,4.0,1.0,0.7,0.5,1026.2,1026.2,1026.2,1026.2,1.0,0.0,4.0,1.0,0.7,0.5,6.0,6.0,6.0,6.0,1.0,0.0,4.0,1.0,0.7,0.5,-38.4,-38.4,-38.4,-38.4,1.0,0.0,4.0,1.0,0.7,0.5,0.0,0.0,0.0,0.0,1.0,0.0,4.0,1.0,0.7,0.5,0.0,0.0,0.0,0.0,1.0,0.0,4.0,1.0,0.7,0.5,0.0,0.0,0.0,0.0,1.0,0.0,4.0,1.0,0.7,0.5,6.19,6.19,6.19,6.19,1.0,0.0,4.0,1.0,0.7,0.5,38.4,38.4,38.4,38.4,1.0,0.0,4.0,1.0,0.7,0.5,-148.8,-148.8,-148.8,-148.8,1.0,0.0,4.0,1.0,0.7,0.5,0.0,0.0,0.0,0.0,1.0,0.0,4.0,1.0,0.7,0.5,-75.5,-75.5,-75.5,-75.5,1.0,0.0,4.0,1.0,0.7,0.5,0.0,0.0,0.0,0.0,1.0,0.0,4.0,1.0,0.7,0.5,-38.4,-38.4,-38.4,-38.4,1.0,0.0,4.0,1.0,0.7,0.5,0.0,0.0,0.0,0.0,1.0,0.0,4.0,1.0,0.7,0.5,238.5,238.5,238.5,238.5,1.0,0.0,4.0,1.0,0.7,0.5,240.0,240.0,240.0,240.0,1.0,0.0,4.0,1.0,0.7,0.5
1974,2,74.0,-28.0,23.5,23.5,23.5,23.5,1.0,0.0,28.0,1.0,0.9,0.5,23.0,23.0,23.0,23.0,1.0,0.0,28.0,1.0,0.9,0.5,14.17,14.17,14.17,14.17,1.0,0.0,28.0,1.0,0.9,0.5,81.2,81.2,81.2,81.2,1.0,0.0,28.0,1.0,0.5,12.3,12.3,12.3,12.3,1.0,0.0,28.0,1.0,0.9,0.5,-12.11,-12.11,-12.11,-12.11,1.0,0.0,28.0,1.0,0.9,0.5,2.14,2.14,2.14,2.14,1.0,0.0,28.0,1.0,0.9,0.5,1014.0,1014.0,1014.0,1014.0,1.0,0.0,28.0,1.0,0.9,0.5,8.0,8.0,8.0,8.0,1.0,0.0,28.0,1.0,0.9,0.5,-149.0,-149.0,-149.0,-149.0,1.0,0.0,28.0,1.0,0.9,0.5,26.3,26.3,26.3,26.3,1.0,0.0,28.0,1.0,0.9,0.5,0.5,0.5,0.5,0.5,1.0,0.0,28.0,1.0,0.9,0.5,6.2,6.2,6.2,6.2,1.0,0.0,28.0,1.0,0.9,0.5,3.87,3.87,3.87,3.87,1.0,0.0,28.0,1.0,0.9,0.5,47.6,47.6,47.6,47.6,1.0,0.0,28.0,1.0,0.9,0.5,-278.6,-278.6,-278.6,-278.6,1.0,0.0,28.0,1.0,0.9,0.5,49.1,49.1,49.1,49.1,1.0,0.0,28.0,1.0,0.9,0.5,-171.6,-171.6,-171.6,-171.6,1.0,0.0,28.0,1.0,0.9,0.5,30.3,30.3,30.3,30.3,1.0,0.0,28.0,1.0,0.9,0.5,-46.8,-46.8,-46.8,-46.8,1.0,0.0,28.0,1.0,0.9,0.5,8.3,8.3,8.3,8.3,1.0,0.0,28.0,1.0,0.9,0.5,1861.0,1861.0,1861.0,1861.0,1.0,0.0,28.0,1.0,0.9,0.5,1860.0,1860.0,1860.0,1860.0,1.0,0.0,28.0,1.0,0.9,0.5
1974,2,74.0,-25.0,24.5,24.5,24.5,24.5,1.0,0.0,26.0,0.0,0.3,0.9,23.9,23.9,23.9,23.9,1.0,0.0,26.0,0.0,0.3,0.9,12.99,12.99,12.99,12.99,1.0,0.0,26.0,0.0,0.3,0.9,70.4,70.4,70.4,70.4,1.0,0.0,26.0,0.0,0.9,10.8,10.8,10.8,10.8,1.0,0.0,26.0,0.0,0.3,0.9,-6.94,-6.94,-6.94,-6.94,1.0,0.0,26.0,0.0,0.3,0.9,8.27,8.27,8.27,8.27,1.0,0.0,26.0,0.0,0.3,0.9,1013.0,1013.0,1013.0,1013.0,1.0,0.0,26.0,0.0,0.3,0.9,1.0,1.0,1.0,1.0,1.0,0.0,26.0,0.0,0.3,0.9,-75.0,-75.0,-75.0,-75.0,1.0,0.0,26.0,0.0,0.3,0.9,89.4,89.4,89.4,89.4,1.0,0.0,26.0,0.0,0.3,0.9,0.6,0.6,0.6,0.6,1.0,0.0,26.0,0.0,0.3,0.9,6.5,6.5,6.5,6.5,1.0,0.0,26.0,0.0,0.3,0.9,6.2,6.2,6.2,6.2,1.0,0.0,26.0,0.0,0.3,0.9,67.0,67.0,67.0,67.0,1.0,0.0,26.0,0.0,0.3,0.9,-165.9,-165.9,-165.9,-165.9,1.0,0.0,26.0,0.0,0.3,0.9,197.7,197.7,197.7,197.7,1.0,0.0,26.0,0.0,0.3,0.9,-90.1,-90.1,-90.1,-90.1,1.0,0.0,26.0,0.0,0.3,0.9,107.4,107.4,107.4,107.4,1.0,0.0,26.0,0.0,0.3,0.9,-43.0,-43.0,-43.0,-43.0,1.0,0.0,26.0,0.0,0.3,0.9,51.3,51.3,51.3,51.3,1.0,0.0,26.0,0.0,0.3,0.9,1259.5,1259.5,1259.5,1259.5,1.0,0.0,26.0,0.0,0.3,0.9,1260.0,1260.0,1260.0,1260.0,1.0,0.0,26.0,0.0,0.3,0.9
1974,2,74.0,-24.0,24.0,24.0,24.0,24.0,2.0,0.0,14.0,0.0,0.2,0.3,23.66,23.8,23.94,23.8,2.0,0.28,14.0,0.0,0.2,0.3,13.33,13.87,14.41,13.87,2.0,1.12,14.0,0.0,0.2,0.3,73.7,76.0,78.3,76.0,2.0,4.7,14.0,0.0,0.3,4.33,5.9,7.47,5.9,2.0,3.25,14.0,0.0,0.2,0.3,-7.33,-5.73,-4.13,-5.73,2.0,3.32,14.0,0.0,0.2,0.3,1.26,1.33,1.39,1.33,2.0,0.14,14.0,0.0,0.2,0.3,1017.32,1017.8,1018.28,1017.8,2.0,0.99,14.0,0.0,0.2,0.3,2.0,4.0,6.0,4.0,2.0,4.2,14.0,0.0,0.2,0.3,-57.6,-39.2,-20.8,-39.2,2.0,38.2,14.0,0.0,0.2,0.3,5.6,8.1,10.5,8.1,2.0,5.1,14.0,0.0,0.2,0.3,0.06,0.2,0.34,0.2,2.0,0.28,14.0,0.0,0.2,0.3,0.5,1.6,2.8,1.6,2.0,2.3,14.0,0.0,0.2,0.3,4.12,4.65,5.18,4.65,2.0,1.1,14.0,0.0,0.2,0.3,18.8,29.2,39.7,29.2,2.0,21.6,14.0,0.0,0.2,0.3,-173.2,-135.9,-98.5,-135.9,2.0,77.4,14.0,0.0,0.2,0.3,30.2,31.6,33.0,31.6,2.0,2.9,14.0,0.0,0.2,0.3,-96.7,-77.6,-58.5,-77.6,2.0,39.6,14.0,0.0,0.2,0.3,18.1,18.3,18.5,18.3,2.0,0.4,14.0,0.0,0.2,0.3,-39.0,-28.5,-18.0,-28.5,2.0,21.8,14.0,0.0,0.2,0.3,5.2,6.2,7.3,6.2,2.0,2.1,14.0,0.0,0.2,0.3,127.0,299.0,471.5,299.0,2.0,357.0,14.0,0.0,0.2,0.3,125.0,300.0,470.0,300.0,2.0,355.0,14.0,0.0,0.2,0.3
1974,2,74.0,-23.0,25.0,25.0,25.0,25.0,1.0,0.0,2.0,1.0,0.5,0.5,23.98,25.0,26.02,25.0,2.0,2.12,8.0,0.5,0.4,0.7,15.32,15.52,15.71,15.52,2.0,0.4,8.0,0.5,0.4,0.7,73.6,79.5,85.3,79.5,2.0,12.1,8.0,0.5,0.7,5.67,6.9,8.13,6.9,2.0,2.55,8.0,0.5,0.4,0.7,-7.83,-6.24,-4.65,-6.24,2.0,3.3,8.0,0.5,0.4,0.7,1.79,2.39,3.0,2.39,2.0,1.25,8.0,0.5,0.4,0.7,1016.66,1017.0,1017.34,1017.0,2.0,0.71,8.0,0.5,0.4,0.7,4.2,4.5,4.8,4.5,2.0,0.7,8.0,0.5,0.4,0.7,-65.9,-47.2,-28.6,-47.2,2.0,38.6,8.0,0.5,0.4,0.7,13.7,14.9,16.2,14.9,2.0,2.5,8.0,0.5,0.4,0.7,-1.5,-1.5,-1.5,-1.5,1.0,0.0,2.0,1.0,0.5,0.5,-13.0,-13.0,-13.0,-13.0,1.0,0.0,2.0,1.0,0.5,0.5,4.47,4.47,4.47,4.47,1.0,0.0,2.0,1.0,0.5,0.5,38.9,38.9,38.9,38.9,1.0,0.0,2.0,1.0,0.5,0.5,-205.6,-159.4,-113.3,-159.4,2.0,95.6,8.0,0.5,0.4,0.7,45.9,58.5,71.2,58.5,2.0,26.2,8.0,0.5,0.4,0.7,-119.6,-96.1,-72.6,-96.1,2.0,48.7,8.0,0.5,0.4,0.7,27.6,37.4,47.2,37.4,2.0,20.3,8.0,0.5,0.4,0.7,-38.3,-38.3,-38.3,-38.3,1.0,0.0,2.0,1.0,0.5,0.5,6.8,6.8,6.8,6.8,1.0,0.0,2.0,1.0,0.5,0.5,216.0,395.5,575.0,395.5,2.0,372.0,8.0,0.5,0.4,0.7,215.0,395.0,575.0,395.0,2.0,370.0,8.0,0.5,0.4,0.7
1974,2,74.0,-22.0,,,,,,,,,,,,,,,,,,,,,,,,,,,,,,,,,,,,,,,,10.0,10.0,10.0,10.0,1.0,0.0,8.0,0.0,0.6,0.1,-5.0,-5.0,-5.0,-5.0,1.0,0.0,8.0,0.0,0.6,0.1,8.66,8.66,8.66,8.66,1.0,0.0,8.0,0.0,0.6,0.1,1016.4,1016.4,1016.4,1016.4,1.0,0.0,8.0,0.0,0.6,0.1,,,,,,,,,,,,,,,,,,,,,,,,,,,,,,,,,,,,,,,,,,,,,,,,,,,,,,,,,,,,,,,,,,,,,,,,,,,,,,,,,,,,,,,,,,,,,,,,,,,,,,,,,,,,,,,,,,,,,,,,,,,,,,,,,,,,,,,,,,,,,,,,,,,,,,
1974,2,74.0,-21.0,,,,,,,,,,,,,,,,,,,,,,,,,,,,,,,,,,,,,,,,6.59,9.0,10.0,8.82,11.0,2.27,20.0,0.5,0.6,0.5,-9.58,-8.66,-6.3,-8.44,11.0,2.08,20.0,0.5,0.6,0.5,0.0,1.74,3.99,1.89,11.0,2.02,20.0,0.5,0.6,0.5,1011.07,1012.6,1014.1,1012.5,12.0,1.5,20.0,0.5,0.6,0.5,,,,,,,,,,,,,,,,,,,,,,,,,,,,,,,,,,,,,,,,,,,,,,,,,,,,,,,,,,,,,,,,,,,,,,,,,,,,,,,,,,,,,,,,,,,,,,,,,,,,,,,,,,,,,,,,,,,,,,,,,,,,,,,,,,,,,,,,,,,,,,,,,,,,,,
1974,2,74.0,-19.0,25.9,26.75,27.6,26.75,2.0,1.77,14.0,0.5,0.4,0.7,25.72,26.4,27.08,26.4,2.0,1.41,14.0,0.5,0.4,0.7,14.78,14.78,14.78,14.78,1.0,0.0,8.0,0.0,0.1,1.0,72.9,72.9,72.9,72.9,1.0,0.0,8.0,0.0,1.0,8.75,8.85,8.95,8.85,2.0,0.21,14.0,0.5,0.4,0.7,-8.41,-8.32,-8.22,-8.32,2.0,0.2,14.0,0.5,0.4,0.7,-2.12,-0.05,2.01,-0.05,2.0,4.28,14.0,0.5,0.4,0.7,1009.27,1009.85,1010.43,1009.85,2.0,1.2,14.0,0.5,0.4,0.7,5.3,6.0,6.7,6.0,2.0,1.4,14.0,0.5,0.4,0.7,-75.3,-73.6,-71.9,-73.6,2.0,3.5,14.0,0.5,0.4,0.7,-19.2,-0.9,17.4,-0.9,2.0,37.9,14.0,0.5,0.4,0.7,0.18,0.35,0.52,0.35,2.0,0.35,14.0,0.5,0.4,0.7,1.6,3.1,4.7,3.1,2.0,3.2,14.0,0.5,0.4,0.7,5.68,5.68,5.68,5.68,1.0,0.0,8.0,0.0,0.1,1.0,49.4,49.4,49.4,49.4,1.0,0.0,8.0,0.0,0.1,1.0,-227.9,-219.7,-211.5,-219.7,2.0,17.0,14.0,0.5,0.4,0.7,-59.0,-4.4,50.2,-4.4,2.0,113.1,14.0,0.5,0.4,0.7,-120.9,-120.9,-120.9,-120.9,1.0,0.0,8.0,0.0,0.1,1.0,44.0,44.0,44.0,44.0,1.0,0.0,8.0,0.0,0.1,1.0,-46.4,-46.4,-46.4,-46.4,1.0,0.0,8.0,0.0,0.1,1.0,16.9,16.9,16.9,16.9,1.0,0.0,8.0,0.0,0.1,1.0,669.5,694.0,718.0,694.0,2.0,50.0,14.0,0.5,0.4,0.7,670.0,695.0,720.0,695.0,2.0,50.0,14.0,0.5,0.4,0.7
1974,2,74.0,-18.0,26.15,26.9,27.65,26.9,2.0,1.56,14.0,1.0,0.6,0.4,25.89,26.5,27.11,26.5,2.0,1.27,14.0,1.0,0.6,0.4,15.6,15.6,15.6,15.6,1.0,0.0,8.0,1.0,0.9,0.4,76.2,76.2,76.2,76.2,1.0,0.0,8.0,1.0,0.4,7.86,10.35,12.84,10.35,2.0,5.16,14.0,1.0,0.6,0.4,-10.02,-8.51,-7.0,-8.51,2.0,3.13,14.0,1.0,0.6,0.4,3.36,5.65,7.93,5.65,2.0,4.74,14.0,1.0,0.6,0.4,1011.72,1012.2,1012.68,1012.2,2.0,0.99,14.0,1.0,0.6,0.4,3.6,5.0,6.4,5.0,2.0,2.8,14.0,1.0,0.6,0.4,-133.0,-96.2,-59.3,-96.2,2.0,76.3,14.0,1.0,0.6,0.4,32.9,70.7,108.4,70.7,2.0,78.2,14.0,1.0,0.6,0.4,0.26,0.4,0.54,0.4,2.0,0.28,14.0,1.0,0.6,0.4,2.5,4.9,7.3,4.9,2.0,5.0,14.0,1.0,0.6,0.4,5.19,5.19,5.19,5.19,1.0,0.0,8.0,1.0,0.9,0.4,34.7,34.7,34.7,34.7,1.0,0.0,8.0,1.0,0.9,0.4,-272.8,-227.5,-182.2,-227.5,2.0,93.8,14.0,1.0,0.6,0.4,88.5,152.6,216.8,152.6,2.0,132.9,14.0,1.0,0.6,0.4,-98.2,-98.2,-98.2,-98.2,1.0,0.0,8.0,1.0,0.9,0.4,35.7,35.7,35.7,35.7,1.0,0.0,8.0,1.0,0.9,0.4,-32.6,-32.6,-32.6,-32.6,1.0,0.0,8.0,1.0,0.9,0.4,11.9,11.9,11.9,11.9,1.0,0.0,8.0,1.0,0.9,0.4,688.5,1522.5,2356.5,1522.5,2.0,1727.5,14.0,1.0,0.6,0.4,690.0,1520.0,2355.0,1520.0,2.0,1730.0,14.0,1.0,0.6,0.4
1974,2,74.0,-17.0,25.67,27.1,28.53,27.1,2.0,2.97,14.0,0.0,0.6,0.4,25.11,25.55,25.99,25.55,2.0,0.92,14.0,0.0,0.6,0.4,17.33,17.33,17.33,17.33,1.0,0.0,12.0,0.0,0.5,0.3,88.1,88.1,88.1,88.1,1.0,0.0,12.0,0.0,0.3,6.8,8.1,9.4,8.1,2.0,2.69,14.0,0.0,0.6,0.4,-6.04,-5.21,-4.37,-5.21,2.0,1.73,14.0,0.0,0.6,0.4,5.21,6.2,7.2,6.2,2.0,2.06,14.0,0.0,0.6,0.4,1011.12,1011.15,1011.18,1011.15,2.0,0.07,14.0,0.0,0.6,0.4,2.6,4.0,5.4,4.0,2.0,2.8,14.0,0.0,0.6,0.4,-58.0,-44.5,-31.0,-44.5,2.0,28.0,14.0,0.0,0.6,0.4,36.9,53.0,69.1,53.0,2.0,33.3,14.0,0.0,0.6,0.4,0.56,1.55,2.54,1.55,2.0,2.05,14.0,0.0,0.6,0.4,5.3,15.3,25.3,15.3,2.0,20.8,14.0,0.0,0.6,0.4,2.48,2.48,2.48,2.48,1.0,0.0,12.0,0.0,0.5,0.3,15.4,15.4,15.4,15.4,1.0,0.0,12.0,0.0,0.5,0.3,-157.4,-133.8,-110.2,-133.8,2.0,48.9,14.0,0.0,0.6,0.4,131.3,159.5,187.6,159.5,2.0,58.3,14.0,0.0,0.6,0.4,-69.1,-69.1,-69.1,-69.1,1.0,0.0,12.0,0.0,0.5,0.3,82.3,82.3,82.3,82.3,1.0,0.0,12.0,0.0,0.5,0.3,-9.9,-9.9,-9.9,-9.9,1.0,0.0,12.0,0.0,0.5,0.3,11.8,11.8,11.8,11.8,1.0,0.0,12.0,0.0,0.5,0.3,359.0,619.0,879.0,619.0,2.0,538.5,14.0,0.0,0.6,0.4,360.0,620.0,880.0,620.0,2.0,540.0,14.0,0.0,0.6,0.4
1974,2,74.0,-16.0,,,,,,,,,,,,,,,,,,,,,,,,,,,,,,,,,,,,,,,,11.0,11.0,11.0,11.0,1.0,0.0,18.0,0.0,0.6,0.6,-8.43,-8.43,-8.43,-8.43,1.0,0.0,18.0,0.0,0.6,0.6,7.07,7.07,7.07,7.07,1.0,0.0,18.0,0.0,0.6,0.6,1011.7,1011.7,1011.7,1011.7,1.0,0.0,18.0,0.0,0.6,0.6,,,,,,,,,,,,,,,,,,,,,,,,,,,,,,,,,,,,,,,,,,,,,,,,,,,,,,,,,,,,,,,,,,,,,,,,,,,,,,,,,,,,,,,,,,,,,,,,,,,,,,,,,,,,,,,,,,,,,,,,,,,,,,,,,,,,,,,,,,,,,,,,,,,,,,
1974,2,74.0,-15.0,27.49,28.1,28.71,28.1,2.0,1.27,22.0,1.0,0.4,1.0,27.1,27.3,27.5,27.3,2.0,0.42,22.0,1.0,0.4,1.0,22.04,22.04,22.04,22.04,1.0,0.0,26.0,1.0,0.2,1.0,98.2,98.2,98.2,98.2,1.0,0.0,26.0,1.0,1.0,4.0,4.0,4.0,4.0,1.0,0.0,18.0,1.0,0.6,0.9,-1.37,-1.37,-1.37,-1.37,1.0,0.0,18.0,1.0,0.6,0.9,3.76,3.76,3.76,3.76,1.0,0.0,18.0,1.0,0.6,0.9,1007.04,1008.0,1008.96,1008.0,2.0,1.98,22.0,1.0,0.4,1.0,3.6,5.0,6.4,5.0,2.0,2.8,22.0,1.0,0.4,1.0,-5.5,-5.5,-5.5,-5.5,1.0,0.0,18.0,1.0,0.6,0.9,15.0,15.0,15.0,15.0,1.0,0.0,18.0,1.0,0.6,0.9,,,,,,,,,,,,,,,,,,,,,,,,,,,,,,,,,,,,,,,,,,,,,,,,,,,,,,,,,,,,,,,,,,,,,,,,,,,,,,,,,,,,,,,,,,,,,,,,,,,,,,,,,,,,,,,,,,,,,,,,
1974,2,74.0,-14.0,,,,,,,,,,,,,,,,,,,,,,,,,,,,,,,,,,,,,,,,1.0,1.0,1.0,1.0,1.0,0.0,18.0,1.0,0.5,1.0,0.5,0.5,0.5,0.5,1.0,0.0,18.0,1.0,0.5,1.0,0.87,0.87,0.87,0.87,1.0,0.0,18.0,1.0,0.5,1.0,1011.7,1011.7,1011.7,1011.7,1.0,0.0,18.0,1.0,0.5,1.0,,,,,,,,,,,,,,,,,,,,,,,,,,,,,,,,,,,,,,,,,,,,,,,,,,,,,,,,,,,,,,,,,,,,,,,,,,,,,,,,,,,,,,,,,,,,,,,,,,,,,,,,,,,,,,,,,,,,,,,,,,,,,,,,,,,,,,,,,,,,,,,,,,,,,,
1974,2,74.0,-12.0,,,,,,,,,,,,,,,,,,,,,,,,,,,,,,,,,,,,,,,,0.0,0.0,0.0,0.0,1.0,0.0,18.0,0.0,0.5,0.4,0.0,0.0,0.0,0.0,1.0,0.0,18.0,0.0,0.5,0.4,0.0,0.0,0.0,0.0,1.0,0.0,18.0,0.0,0.5,0.4,1008.9,1008.9,1008.9,1008.9,1.0,0.0,18.0,0.0,0.5,0.4,,,,,,,,,,,,,,,,,,,,,,,,,,,,,,,,,,,,,,,,,,,,,,,,,,,,,,,,,,,,,,,,,,,,,,,,,,,,,,,,,,,,,,,,,,,,,,,,,,,,,,,,,,,,,,,,,,,,,,,,,,,,,,,,,,,,,,,,,,,,,,,,,,,,,,
1974,2,74.0,-11.0,27.27,28.0,29.0,28.0,5.0,1.22,16.0,0.4,0.4,0.6,26.32,27.4,28.05,27.28,5.0,1.15,16.0,0.4,0.4,0.6,19.37,19.48,19.6,19.48,2.0,0.24,12.0,0.5,0.1,0.6,85.8,87.0,88.2,87.0,2.0,2.5,12.0,0.5,0.6,4.54,5.7,7.41,5.97,3.0,2.11,14.0,0.3,0.6,0.6,-0.99,5.36,6.96,3.04,3.0,6.16,14.0,0.3,0.6,0.6,-1.11,0.69,2.13,0.52,3.0,2.38,14.0,0.3,0.6,0.6,1005.89,1007.0,1010.86,1008.06,5.0,2.75,16.0,0.4,0.4,0.6,1.6,3.0,4.5,3.2,5.0,2.3,16.0,0.4,0.4,0.6,-1.1,30.5,52.8,26.0,3.0,39.7,14.0,0.3,0.6,0.6,-6.7,2.8,16.6,4.9,3.0,17.2,14.0,0.3,0.6,0.6,-0.18,0.5,1.75,0.72,5.0,1.06,16.0,0.4,0.4,0.6,-1.9,0.0,4.4,1.2,3.0,4.7,14.0,0.3,0.6,0.6,2.2,2.99,3.78,2.99,2.0,1.64,12.0,0.5,0.1,0.6,10.4,10.4,10.4,10.4,1.0,0.0,2.0,0.0,0.3,0.8,-28.6,141.9,197.6,85.8,3.0,172.7,14.0,0.3,0.6,0.6,-29.2,19.0,61.6,16.2,3.0,66.5,14.0,0.3,0.6,0.6,103.4,103.4,103.4,103.4,1.0,0.0,2.0,0.0,0.3,0.8,-37.7,-37.7,-37.7,-37.7,1.0,0.0,2.0,0.0,0.3,0.8,9.8,9.8,9.8,9.8,1.0,0.0,2.0,0.0,0.3,0.8,-3.6,-3.6,-3.6,-3.6,1.0,0.0,2.0,0.0,0.3,0.8,102.5,185.0,435.0,267.0,3.0,253.5,14.0,0.3,0.6,0.6,100.0,185.0,435.0,265.0,3.0,255.0,14.0,0.3,0.6,0.6
1974,2,74.0,-10.0,26.83,27.5,28.0,27.34,11.0,0.67,18.0,0.6,0.4,0.8,26.41,28.0,28.38,27.6,11.0,1.52,18.0,0.6,0.4,0.8,17.58,18.93,20.61,19.0,6.0,1.61,16.0,0.7,0.4,0.8,77.1,85.3,89.1,83.7,7.0,8.0,16.0,0.7,0.7,2.77,3.8,7.26,4.6,10.0,2.44,18.0,0.6,0.4,0.8,-3.16,2.13,6.12,1.59,10.0,4.52,18.0,0.6,0.4,0.8,-1.05,0.97,2.81,1.03,10.0,2.26,18.0,0.6,0.4,0.8,1007.44,1009.0,1010.66,1009.1,10.0,1.66,18.0,0.6,0.4,0.8,3.0,4.0,5.4,4.0,11.0,1.8,18.0,0.6,0.4,0.8,-12.2,5.1,44.6,14.1,10.0,32.1,18.0,0.6,0.4,0.8,-5.0,2.3,20.5,7.7,10.0,16.3,18.0,0.6,0.4,0.8,-1.21,0.0,0.97,-0.26,11.0,1.65,18.0,0.6,0.4,0.8,-4.6,0.0,3.4,-3.1,10.0,12.5,18.0,0.6,0.4,0.8,2.41,3.68,5.1,3.62,6.0,1.5,16.0,0.7,0.4,0.8,7.0,11.0,16.3,11.8,5.0,6.4,18.0,0.6,0.5,0.8,-81.6,56.4,168.9,47.2,10.0,129.1,18.0,0.6,0.4,0.8,-29.3,25.6,82.8,28.7,10.0,63.9,18.0,0.6,0.4,0.8,-0.1,47.0,79.5,40.8,5.0,67.1,18.0,0.6,0.5,0.8,4.3,18.7,70.7,35.3,5.0,48.3,18.0,0.6,0.5,0.8,3.4,9.6,14.0,8.5,5.0,7.7,18.0,0.6,0.5,0.8,0.1,3.2,8.6,4.2,5.0,6.7,18.0,0.6,0.5,0.8,21.5,55.5,407.5,183.5,10.0,273.5,18.0,0.6,0.4,0.8,20.0,55.0,410.0,185.0,10.0,275.0,18.0,0.6,0.4,0.8
1974,2,74.0,-9.0,26.65,28.0,28.55,27.9,13.0,1.11,16.0,0.7,0.5,0.5,26.6,27.4,28.64,27.58,13.0,0.95,16.0,0.7,0.5,0.5,16.83,17.98,18.92,17.91,9.0,1.07,14.0,0.7,0.5,0.5,73.7,78.4,82.4,78.0,9.0,4.9,14.0,0.7,0.5,2.77,4.1,8.33,4.92,12.0,3.05,16.0,0.8,0.5,0.5,-0.37,3.26,7.39,3.39,12.0,4.0,16.0,0.8,0.5,0.5,-3.33,0.89,1.58,0.13,12.0,2.66,16.0,0.8,0.5,0.5,1009.34,1010.85,1011.88,1010.64,12.0,1.66,14.0,0.7,0.5,0.5,2.0,5.0,6.0,4.5,13.0,1.9,16.0,0.7,0.5,0.5,-2.0,11.0,62.0,25.4,12.0,38.4,16.0,0.8,0.5,0.5,-30.2,2.0,4.0,-4.4,12.0,20.0,16.0,0.8,0.5,0.5,-1.09,0.0,1.59,0.32,13.0,1.56,16.0,0.7,0.5,0.5,-5.6,-0.9,7.0,2.0,12.0,9.1,16.0,0.8,0.5,0.5,3.82,5.44,7.07,5.35,9.0,1.9,14.0,0.7,0.5,0.5,9.1,20.3,28.3,21.3,8.0,14.4,14.0,0.8,0.5,0.5,-10.7,88.5,199.5,92.9,12.0,112.5,16.0,0.8,0.5,0.5,-91.5,24.7,42.2,4.1,12.0,75.0,16.0,0.8,0.5,0.5,4.6,56.4,87.9,53.9,8.0,61.8,14.0,0.8,0.5,0.5,0.0,15.8,28.0,14.7,8.0,44.0,14.0,0.8,0.5,0.5,1.4,12.7,23.1,14.6,8.0,17.4,14.0,0.8,0.5,0.5,0.0,3.5,11.9,4.6,8.0,12.6,14.0,0.8,0.5,0.5,22.5,72.0,586.5,264.0,12.0,416.0,16.0,0.8,0.5,0.5,20.0,70.0,585.0,265.0,12.0,415.0,16.0,0.8,0.5,0.5
1974,2,74.0,-8.0,28.17,28.55,28.93,28.55,2.0,0.78,22.0,0.5,0.9,0.5,26.16,26.5,26.84,26.5,2.0,0.71,22.0,0.5,0.9,0.5,18.11,18.11,18.11,18.11,1.0,0.0,20.0,1.0,0.9,0.2,81.2,81.2,81.2,81.2,1.0,0.0,20.0,1.0,0.2,5.14,6.3,7.46,6.3,2.0,2.4,22.0,0.5,0.9,0.5,4.89,6.1,7.31,6.1,2.0,2.51,22.0,0.5,0.9,0.5,-1.1,-0.09,0.92,-0.09,2.0,2.09,22.0,0.5,0.9,0.5,1007.87,1008.65,1009.44,1008.65,2.0,1.63,22.0,0.5,0.9,0.5,3.5,4.5,5.5,4.5,2.0,2.1,22.0,0.5,0.9,0.5,26.7,41.5,56.2,41.5,2.0,30.5,22.0,0.5,0.9,0.5,-4.3,1.9,8.2,1.9,2.0,13.0,22.0,0.5,0.9,0.5,2.02,2.05,2.08,2.05,2.0,0.07,22.0,0.5,0.9,0.5,10.7,12.8,15.0,12.8,2.0,4.5,22.0,0.5,0.9,0.5,7.22,7.22,7.22,7.22,1.0,0.0,20.0,1.0,0.9,0.2,33.2,33.2,33.2,33.2,1.0,0.0,20.0,1.0,0.9,0.2,130.7,160.8,190.9,160.8,2.0,62.3,22.0,0.5,0.9,0.5,-30.0,-3.2,23.6,-3.2,2.0,55.6,22.0,0.5,0.9,0.5,78.3,78.3,78.3,78.3,1.0,0.0,20.0,1.0,0.9,0.2,-28.5,-28.5,-28.5,-28.5,1.0,0.0,20.0,1.0,0.9,0.2,31.2,31.2,31.2,31.2,1.0,0.0,20.0,1.0,0.9,0.2,-11.4,-11.4,-11.4,-11.4,1.0,0.0,20.0,1.0,0.9,0.2,163.0,304.5,446.0,304.5,2.0,293.0,22.0,0.5,0.9,0.5,165.0,305.0,445.0,305.0,2.0,295.0,22.0,0.5,0.9,0.5
1974,2,74.0,-7.0,27.5,27.5,27.5,27.5,1.0,0.0,16.0,0.0,0.6,0.3,25.93,26.0,26.07,26.0,2.0,0.14,14.0,0.0,0.6,0.5,17.55,17.55,17.55,17.55,1.0,0.0,12.0,0.0,0.5,0.7,83.1,83.1,83.1,83.1,1.0,0.0,12.0,0.0,0.7,2.56,5.9,9.24,5.9,2.0,6.93,14.0,0.0,0.6,0.5,2.21,5.11,8.01,5.11,2.0,6.0,14.0,0.0,0.6,0.5,-4.46,-2.45,-0.44,-2.45,2.0,4.17,14.0,0.0,0.6,0.5,1008.36,1009.35,1010.34,1009.35,2.0,2.05,14.0,0.0,0.6,0.5,2.6,4.0,5.4,4.0,2.0,2.8,14.0,0.0,0.6,0.5,16.8,50.9,85.1,50.9,2.0,70.8,14.0,0.0,0.6,0.5,-49.0,-28.9,-8.8,-28.9,2.0,41.6,14.0,0.0,0.6,0.5,,,,,,,,,,,,,,,,,,,,,,,,,,,,,,,,,,,,,,,,,57.6,133.3,208.9,133.3,2.0,156.8,14.0,0.0,0.6,0.5,-116.5,-64.0,-11.5,-64.0,2.0,108.8,14.0,0.0,0.6,0.5,164.1,164.1,164.1,164.1,1.0,0.0,12.0,0.0,0.5,0.7,-94.8,-94.8,-94.8,-94.8,1.0,0.0,12.0,0.0,0.5,0.7,,,,,,,,,,,,,,,,,,,,,,,,,,,,,,,,,,,,,,,,
1974,2,74.0,-6.0,27.07,27.85,28.63,27.85,2.0,1.63,20.0,0.0,0.7,0.4,27.06,27.2,27.61,27.33,3.0,0.42,16.0,0.3,0.6,0.3,17.52,18.0,18.49,18.0,2.0,1.0,18.0,0.5,0.6,0.2,77.0,78.1,79.3,78.1,2.0,2.4,18.0,0.5,0.2,6.22,6.7,8.82,7.5,3.0,2.02,16.0,0.3,0.6,0.3,5.23,6.6,8.38,6.8,3.0,2.31,16.0,0.3,0.6,0.3,-1.92,1.16,3.0,0.56,3.0,3.64,16.0,0.3,0.6,0.3,1007.16,1007.5,1009.55,1008.33,3.0,1.89,16.0,0.3,0.6,0.3,4.3,5.0,5.7,5.0,3.0,1.0,16.0,0.3,0.6,0.3,32.9,44.2,75.6,54.0,3.0,32.5,16.0,0.3,0.6,0.3,-19.9,7.8,18.3,-0.6,3.0,28.9,16.0,0.3,0.6,0.3,-0.1,0.75,1.6,0.75,2.0,1.77,20.0,0.0,0.7,0.4,-0.9,4.3,9.6,4.3,2.0,10.9,20.0,0.0,0.7,0.4,4.74,4.74,4.74,4.74,1.0,0.0,24.0,0.0,0.6,0.2,31.8,31.8,31.8,31.8,1.0,0.0,24.0,0.0,0.6,0.2,141.7,179.5,231.7,186.5,3.0,66.2,16.0,0.3,0.6,0.3,-53.6,31.6,81.1,14.2,3.0,99.8,16.0,0.3,0.6,0.3,123.4,143.2,163.1,143.2,2.0,41.2,18.0,0.5,0.6,0.2,-49.6,-21.3,7.0,-21.3,2.0,58.6,18.0,0.5,0.6,0.2,31.3,31.3,31.3,31.3,1.0,0.0,24.0,0.0,0.6,0.2,5.5,5.5,5.5,5.5,1.0,0.0,24.0,0.0,0.6,0.2,243.0,301.0,738.0,486.0,3.0,396.5,16.0,0.3,0.6,0.3,245.0,300.0,740.0,485.0,3.0,395.0,16.0,0.3,0.6,0.3
1974,2,74.0,-5.0,28.16,28.5,28.84,28.5,2.0,0.71,18.0,1.0,0.5,0.4,27.2,27.2,27.2,27.2,2.0,0.0,18.0,1.0,0.5,0.4,19.54,19.54,19.54,19.54,1.0,0.0,20.0,1.0,0.3,0.5,86.7,86.7,86.7,86.7,1.0,0.0,20.0,1.0,0.5,4.66,4.8,4.94,4.8,2.0,0.28,18.0,1.0,0.5,0.4,-1.33,0.77,2.86,0.77,2.0,4.33,18.0,1.0,0.5,0.4,-2.84,-0.38,2.07,-0.38,2.0,5.09,18.0,1.0,0.5,0.4,1008.51,1010.25,1011.99,1010.25,2.0,3.61,18.0,1.0,0.5,0.4,3.8,5.5,7.2,5.5,2.0,3.5,18.0,1.0,0.5,0.4,-5.9,4.3,14.4,4.3,2.0,21.0,18.0,1.0,0.5,0.4,-12.9,-1.1,10.6,-1.1,2.0,24.3,18.0,1.0,0.5,0.4,0.96,1.3,1.64,1.3,2.0,0.71,18.0,1.0,0.5,0.4,4.5,6.3,8.2,6.3,2.0,3.8,18.0,1.0,0.5,0.4,4.13,4.13,4.13,4.13,1.0,0.0,20.0,1.0,0.3,0.5,19.0,19.0,19.0,19.0,1.0,0.0,20.0,1.0,0.3,0.5,-36.1,20.8,77.7,20.8,2.0,117.9,18.0,1.0,0.5,0.4,-77.3,-10.5,56.3,-10.5,2.0,138.4,18.0,1.0,0.5,0.4,-44.9,-44.9,-44.9,-44.9,1.0,0.0,20.0,1.0,0.3,0.5,-77.8,-77.8,-77.8,-77.8,1.0,0.0,20.0,1.0,0.3,0.5,-9.5,-9.5,-9.5,-9.5,1.0,0.0,20.0,1.0,0.3,0.5,-16.4,-16.4,-16.4,-16.4,1.0,0.0,20.0,1.0,0.3,0.5,101.5,111.0,120.5,111.0,2.0,19.5,18.0,1.0,0.5,0.4,100.0,110.0,120.0,110.0,2.0,20.0,18.0,1.0,0.5,0.4
1974,2,74.0,-4.0,,,,,,,,,,,,,,,,,,,,,,,,,,,,,,,,,,,,,,,,3.0,3.0,3.0,3.0,1.0,0.0,16.0,1.0,0.6,1.0,3.0,3.0,3.0,3.0,1.0,0.0,16.0,1.0,0.6,1.0,0.0,0.0,0.0,0.0,1.0,0.0,16.0,1.0,0.6,1.0,1011.4,1011.4,1011.4,1011.4,1.0,0.0,16.0,1.0,0.6,1.0,,,,,,,,,,,,,,,,,,,,,,,,,,,,,,,,,,,,,,,,,,,,,,,,,,,,,,,,,,,,,,,,,,,,,,,,,,,,,,,,,,,,,,,,,,,,,,,,,,,,,,,,,,,,,,,,,,,,,,,,,,,,,,,,,,,,,,,,,,,,,,,,,,,,,,
1974,2,74.0,-3.0,27.12,27.6,27.6,27.37,3.0,0.4,18.0,0.7,0.5,0.3,27.73,27.8,28.35,28.03,3.0,0.49,18.0,0.7,0.5,0.3,17.48,17.57,17.6,17.54,3.0,0.09,18.0,0.7,0.5,0.3,72.5,74.2,75.2,73.9,3.0,2.0,18.0,0.7,0.3,3.08,4.1,4.44,3.77,3.0,1.04,18.0,0.7,0.5,0.3,0.83,0.89,2.91,1.85,3.0,1.74,18.0,0.7,0.5,0.3,-3.87,-2.44,-1.73,-2.79,3.0,1.59,18.0,0.7,0.5,0.3,1005.79,1007.5,1008.8,1007.3,3.0,2.21,18.0,0.7,0.5,0.3,3.3,6.0,6.7,5.0,3.0,2.6,18.0,0.7,0.5,0.3,2.7,3.7,11.9,7.3,3.0,7.4,18.0,0.7,0.5,0.3,-16.2,-6.4,-5.9,-11.0,3.0,8.5,18.0,0.7,0.5,0.3,-1.22,-0.2,-0.13,-0.67,3.0,0.9,18.0,0.7,0.5,0.3,-4.9,-0.5,-0.5,-2.6,3.0,3.7,18.0,0.7,0.5,0.3,4.98,5.62,5.78,5.39,3.0,0.62,18.0,0.7,0.5,0.3,16.5,19.2,23.7,20.1,3.0,5.4,18.0,0.7,0.5,0.3,23.0,24.7,83.1,52.3,3.0,50.1,18.0,0.7,0.5,0.3,-107.2,-67.9,-48.9,-77.8,3.0,43.5,18.0,0.7,0.5,0.3,14.5,15.5,51.2,32.5,3.0,30.6,18.0,0.7,0.5,0.3,-67.9,-42.6,-30.4,-49.0,3.0,28.0,18.0,0.7,0.5,0.3,4.7,5.2,14.0,9.2,3.0,7.6,18.0,0.7,0.5,0.3,-21.9,-14.3,-9.0,-15.4,3.0,9.5,18.0,0.7,0.5,0.3,34.0,69.0,88.5,61.5,3.0,40.5,18.0,0.7,0.5,0.3,35.0,70.0,90.0,60.0,3.0,40.0,18.0,0.7,0.5,0.3
1974,2,74.0,-2.0,27.74,28.9,29.65,28.7,3.0,1.41,12.0,0.3,0.3,0.3,26.86,27.0,27.0,26.93,3.0,0.12,12.0,0.3,0.3,0.3,17.16,17.29,17.41,17.29,2.0,0.25,12.0,0.5,0.1,0.4,77.1,77.6,78.1,77.6,2.0,1.0,12.0,0.5,0.4,3.67,5.1,6.53,5.1,2.0,2.97,10.0,0.5,0.4,0.4,3.18,4.42,5.66,4.42,2.0,2.57,10.0,0.5,0.4,0.4,-0.69,1.05,2.79,1.05,2.0,3.61,10.0,0.5,0.4,0.4,1009.33,1009.4,1011.04,1010.17,3.0,1.42,12.0,0.3,0.3,0.3,3.3,4.0,4.7,4.0,2.0,1.4,10.0,0.5,0.4,0.4,13.7,26.3,39.0,26.3,2.0,26.2,10.0,0.5,0.4,0.4,0.3,10.7,21.1,10.7,2.0,21.5,10.0,0.5,0.4,0.4,0.74,1.9,2.79,1.77,3.0,1.5,12.0,0.3,0.3,0.3,10.2,11.6,13.0,11.6,2.0,2.9,10.0,0.5,0.4,0.4,5.61,6.53,7.45,6.53,2.0,1.91,12.0,0.5,0.1,0.4,56.7,56.7,56.7,56.7,1.0,0.0,4.0,1.0,0.1,0.5,85.3,119.0,152.7,119.0,2.0,69.8,10.0,0.5,0.4,0.4,-18.4,28.5,75.4,28.5,2.0,97.2,10.0,0.5,0.4,0.4,106.7,106.7,106.7,106.7,1.0,0.0,4.0,1.0,0.1,0.5,61.6,61.6,61.6,61.6,1.0,0.0,4.0,1.0,0.1,0.5,49.1,49.1,49.1,49.1,1.0,0.0,4.0,1.0,0.1,0.5,28.4,28.4,28.4,28.4,1.0,0.0,4.0,1.0,0.1,0.5,82.0,200.0,318.5,200.0,2.0,245.0,10.0,0.5,0.4,0.4,80.0,200.0,320.0,200.0,2.0,245.0,10.0,0.5,0.4,0.4
1974,2,74.0,-1.0,28.13,28.5,30.67,29.22,5.0,1.36,24.0,0.6,0.4,0.5,27.27,28.0,28.8,28.04,5.0,1.03,24.0,0.6,0.4,0.5,16.38,17.61,19.36,17.81,5.0,1.54,24.0,0.6,0.4,0.5,69.8,75.4,80.8,75.1,5.0,6.2,24.0,0.6,0.5,2.6,3.6,4.86,3.73,4.0,1.31,22.0,0.5,0.4,0.5,-1.53,0.35,3.32,0.87,4.0,2.96,22.0,0.5,0.4,0.5,-3.58,-1.96,-1.21,-2.38,4.0,1.72,22.0,0.5,0.4,0.5,1008.39,1009.4,1011.83,1009.94,5.0,1.99,24.0,0.6,0.4,0.5,3.6,4.0,5.1,4.4,5.0,1.5,24.0,0.6,0.4,0.5,-6.3,0.9,13.4,3.4,4.0,13.0,22.0,0.5,0.4,0.5,-15.6,-5.1,-4.0,-9.6,4.0,10.0,22.0,0.5,0.4,0.5,-0.23,0.6,2.95,1.18,5.0,2.05,24.0,0.6,0.4,0.5,-1.3,2.1,10.6,4.5,4.0,9.4,22.0,0.5,0.4,0.5,4.77,7.51,10.76,7.76,5.0,3.24,24.0,0.6,0.4,0.5,15.1,22.7,36.7,25.7,4.0,15.1,22.0,0.5,0.4,0.5,-42.7,11.4,91.3,23.7,4.0,80.6,22.0,0.5,0.4,0.5,-99.9,-55.7,-34.6,-66.7,4.0,48.1,22.0,0.5,0.4,0.5,-27.9,8.6,60.2,15.8,4.0,53.1,22.0,0.5,0.4,0.5,-66.2,-34.9,-22.8,-44.1,4.0,33.8,22.0,0.5,0.4,0.5,-9.3,-0.2,28.0,8.9,4.0,26.0,22.0,0.5,0.4,0.5,-20.8,-12.5,-7.6,-14.1,4.0,8.1,22.0,0.5,0.4,0.5,17.5,57.5,116.0,66.5,4.0,58.0,22.0,0.5,0.4,0.5,20.0,55.0,115.0,65.0,4.0,60.0,22.0,0.5,0.4,0.5
1974,2,74.0,0.0,27.35,28.0,28.98,28.1,11.0,0.76,18.0,0.4,0.5,0.2,26.74,27.6,28.1,27.46,10.0,0.82,18.0,0.3,0.4,0.2,15.41,16.46,17.19,16.29,9.0,0.85,20.0,0.2,0.5,0.2,66.9,71.7,76.5,71.8,9.0,5.0,20.0,0.2,0.2,1.0,4.0,5.76,3.44,11.0,2.6,18.0,0.4,0.5,0.2,-3.58,0.0,0.93,-1.0,11.0,2.26,18.0,0.4,0.5,0.2,-4.8,-3.28,-0.1,-2.74,11.0,2.31,18.0,0.4,0.5,0.2,1008.49,1010.1,1012.8,1010.44,11.0,2.18,18.0,0.4,0.5,0.2,1.2,5.0,5.8,3.6,11.0,2.5,18.0,0.4,0.5,0.2,-21.0,0.0,1.0,-8.1,11.0,14.6,18.0,0.4,0.5,0.2,-25.9,-14.6,-0.1,-14.7,11.0,16.9,18.0,0.4,0.5,0.2,-0.37,1.05,1.46,0.65,10.0,1.1,18.0,0.3,0.4,0.2,-1.5,1.3,4.6,0.3,10.0,5.6,18.0,0.3,0.4,0.2,6.52,7.05,9.71,7.78,9.0,1.82,20.0,0.2,0.5,0.2,9.4,17.6,28.5,18.4,9.0,13.1,20.0,0.2,0.5,0.2,-74.7,0.0,25.4,-19.7,10.0,60.1,18.0,0.3,0.4,0.2,-138.4,-79.2,-2.1,-73.8,10.0,67.6,18.0,0.3,0.4,0.2,-24.6,0.0,15.0,-3.6,9.0,25.0,20.0,0.2,0.5,0.2,-71.0,-40.3,-0.7,-38.6,9.0,37.4,20.0,0.2,0.5,0.2,-10.6,0.0,8.7,-0.4,9.0,10.9,20.0,0.2,0.5,0.2,-26.7,-16.6,-0.5,-14.7,9.0,13.8,20.0,0.2,0.5,0.2,1.0,64.0,202.0,109.5,11.0,171.5,18.0,0.4,0.5,0.2,0.0,65.0,200.0,110.0,11.0,170.0,18.0,0.4,0.5,0.2
1974,2,74.0,1.0,27.57,27.95,28.33,27.95,2.0,0.78,20.0,0.0,0.8,0.6,26.92,26.95,26.98,26.95,2.0,0.07,20.0,0.0,0.8,0.6,16.7,16.87,17.05,16.87,2.0,0.36,20.0,0.0,0.8,0.6,75.0,75.9,76.9,75.9,2.0,2.0,20.0,0.0,0.6,4.35,4.9,5.45,4.9,2.0,1.13,20.0,0.0,0.8,0.6,-2.62,-2.13,-1.63,-2.13,2.0,1.02,20.0,0.0,0.8,0.6,-4.76,-4.39,-4.02,-4.39,2.0,0.77,20.0,0.0,0.8,0.6,1009.94,1010.25,1010.56,1010.25,2.0,0.64,20.0,0.0,0.8,0.6,2.1,4.5,6.9,4.5,2.0,4.9,20.0,0.0,0.8,0.6,-14.6,-11.0,-7.4,-11.0,2.0,7.4,20.0,0.0,0.8,0.6,-26.2,-22.0,-17.8,-22.0,2.0,8.7,20.0,0.0,0.8,0.6,0.66,1.0,1.34,1.0,2.0,0.71,20.0,0.0,0.8,0.6,3.1,5.3,7.5,5.3,2.0,4.6,20.0,0.0,0.8,0.6,6.09,6.8,7.5,6.8,2.0,1.46,20.0,0.0,0.8,0.6,27.0,34.1,41.3,34.1,2.0,14.9,20.0,0.0,0.8,0.6,-70.7,-57.3,-43.9,-57.3,2.0,27.7,20.0,0.0,0.8,0.6,-128.6,-118.5,-108.3,-118.5,2.0,21.0,20.0,0.0,0.8,0.6,-43.7,-35.7,-27.7,-35.7,2.0,16.5,20.0,0.0,0.8,0.6,-79.5,-74.0,-68.5,-74.0,2.0,11.4,20.0,0.0,0.8,0.6,-20.1,-15.2,-10.3,-15.2,2.0,10.1,20.0,0.0,0.8,0.6,-36.0,-30.4,-24.8,-30.4,2.0,11.6,20.0,0.0,0.8,0.6,87.5,127.0,166.5,127.0,2.0,82.0,20.0,0.0,0.8,0.6,85.0,125.0,165.0,125.0,2.0,80.0,20.0,0.0,0.8,0.6
1974,2,74.0,5.0,27.03,27.3,27.57,27.3,2.0,0.57,18.0,0.0,0.2,0.5,25.29,25.7,26.11,25.7,2.0,0.85,18.0,0.0,0.2,0.5,18.45,18.45,18.45,18.45,1.0,0.0,20.0,0.0,0.1,0.2,92.5,92.5,92.5,92.5,1.0,0.0,20.0,0.0,0.2,2.6,2.6,2.6,2.6,1.0,0.0,20.0,0.0,0.1,0.2,-0.89,-0.89,-0.89,-0.89,1.0,0.0,20.0,0.0,0.1,0.2,-2.44,-2.44,-2.44,-2.44,1.0,0.0,20.0,0.0,0.1,0.2,1010.05,1011.45,1012.85,1011.45,2.0,2.9,18.0,0.0,0.2,0.5,1.3,4.0,6.7,4.0,2.0,5.7,18.0,0.0,0.2,0.5,-2.3,-2.3,-2.3,-2.3,1.0,0.0,20.0,0.0,0.1,0.2,-6.4,-6.4,-6.4,-6.4,1.0,0.0,20.0,0.0,0.1,0.2,1.46,1.6,1.74,1.6,2.0,0.28,18.0,0.0,0.2,0.5,4.7,4.7,4.7,4.7,1.0,0.0,20.0,0.0,0.1,0.2,3.79,3.79,3.79,3.79,1.0,0.0,20.0,0.0,0.1,0.2,9.9,9.9,9.9,9.9,1.0,0.0,20.0,0.0,0.1,0.2,-22.3,-22.3,-22.3,-22.3,1.0,0.0,20.0,0.0,0.1,0.2,-61.3,-61.3,-61.3,-61.3,1.0,0.0,20.0,0.0,0.1,0.2,-16.4,-16.4,-16.4,-16.4,1.0,0.0,20.0,0.0,0.1,0.2,-45.1,-45.1,-45.1,-45.1,1.0,0.0,20.0,0.0,0.1,0.2,-3.4,-3.4,-3.4,-3.4,1.0,0.0,20.0,0.0,0.1,0.2,-9.3,-9.3,-9.3,-9.3,1.0,0.0,20.0,0.0,0.1,0.2,17.5,17.5,17.5,17.5,1.0,0.0,20.0,0.0,0.1,0.2,20.0,20.0,20.0,20.0,1.0,0.0,20.0,0.0,0.1,0.2
1974,2,74.0,6.0,27.53,27.95,29.05,28.28,4.0,1.2,14.0,0.8,0.4,0.5,26.59,27.15,27.71,27.15,4.0,0.72,14.0,0.8,0.4,0.5,14.65,16.47,18.71,16.68,3.0,2.98,18.0,0.7,0.4,0.6,65.0,74.6,86.5,75.7,3.0,15.8,18.0,0.7,0.6,0.67,2.1,5.92,3.27,3.0,3.98,18.0,0.7,0.4,0.6,-3.25,-1.97,-0.63,-1.94,3.0,1.93,18.0,0.7,0.4,0.6,-4.78,-0.72,-0.23,-2.46,3.0,3.66,18.0,0.7,0.4,0.6,1007.94,1008.5,1011.1,1009.48,4.0,2.46,14.0,0.8,0.4,0.5,1.5,2.5,4.6,3.0,4.0,2.2,14.0,0.8,0.4,0.5,-21.6,-4.1,-1.3,-11.3,3.0,16.1,18.0,0.7,0.4,0.6,-35.5,-1.5,-0.5,-17.6,3.0,29.2,18.0,0.7,0.4,0.6,0.4,1.1,1.86,1.13,4.0,0.85,14.0,0.8,0.4,0.5,0.2,0.6,2.8,1.5,3.0,2.1,18.0,0.7,0.4,0.6,4.69,6.1,8.64,6.65,3.0,2.94,18.0,0.7,0.4,0.6,4.1,12.8,55.7,29.5,3.0,40.5,18.0,0.7,0.4,0.6,-88.9,-53.1,-16.8,-52.9,3.0,52.7,18.0,0.7,0.4,0.6,-130.9,-19.3,-6.1,-67.3,3.0,100.4,18.0,0.7,0.4,0.6,-46.6,-32.5,-10.3,-28.6,3.0,26.8,18.0,0.7,0.4,0.6,-66.6,-11.8,-3.8,-34.6,3.0,50.1,18.0,0.7,0.4,0.6,-29.6,-12.0,-3.8,-16.6,3.0,19.3,18.0,0.7,0.4,0.6,-46.1,-4.4,-1.4,-23.3,3.0,36.6,18.0,0.7,0.4,0.6,3.0,9.5,314.5,155.5,3.0,261.0,18.0,0.7,0.4,0.6,5.0,10.0,315.0,155.0,3.0,260.0,18.0,0.7,0.4,0.6
1974,2,74.0,7.0,26.79,28.0,28.62,27.83,7.0,0.97,18.0,0.9,0.3,0.5,26.82,27.5,28.91,27.69,8.0,1.12,18.0,0.5,0.3,0.6,17.35,18.02,19.74,18.1,8.0,1.7,18.0,0.5,0.3,0.6,68.6,78.4,87.9,78.2,8.0,8.9,18.0,0.5,0.6,2.0,2.6,3.65,2.59,7.0,1.44,20.0,0.9,0.3,0.5,-0.54,0.0,0.56,-0.33,7.0,1.68,20.0,0.9,0.3,0.5,-3.08,-2.3,-1.73,-2.2,7.0,1.14,20.0,0.9,0.3,0.5,1009.5,1010.45,1013.74,1011.52,10.0,2.82,20.0,0.6,0.3,0.6,0.9,2.5,5.1,2.8,10.0,2.1,20.0,0.6,0.3,0.6,-1.6,0.0,1.7,-2.0,7.0,7.3,20.0,0.9,0.3,0.5,-10.7,-6.7,-3.6,-6.8,7.0,4.5,20.0,0.9,0.3,0.5,-1.15,-0.4,0.44,-0.38,5.0,0.84,16.0,0.8,0.2,0.6,-4.8,-2.8,-0.1,-2.5,4.0,2.8,16.0,1.0,0.2,0.6,4.44,6.26,6.85,5.75,5.0,1.39,16.0,0.8,0.2,0.6,13.7,18.9,26.7,20.2,4.0,8.1,16.0,1.0,0.2,0.6,-40.0,13.1,19.7,-10.6,5.0,56.3,18.0,0.8,0.3,0.5,-89.2,-74.3,-58.9,-74.9,5.0,20.5,18.0,0.8,0.3,0.5,-21.8,9.0,13.0,-4.5,5.0,31.5,18.0,0.8,0.3,0.5,-59.0,-50.8,-33.4,-47.3,5.0,13.7,18.0,0.8,0.3,0.5,-13.8,1.1,5.0,-4.2,4.0,15.2,16.0,1.0,0.2,0.6,-19.1,-14.2,-12.7,-15.8,4.0,4.7,16.0,1.0,0.2,0.6,9.0,17.5,49.0,30.0,7.0,33.5,20.0,0.9,0.3,0.5,10.0,20.0,50.0,30.0,7.0,35.0,20.0,0.9,0.3,0.5
1974,2,74.0,8.0,26.95,28.2,28.92,28.06,5.0,1.29,12.0,0.6,0.4,0.3,26.96,28.8,29.37,28.34,5.0,1.35,12.0,0.6,0.4,0.3,15.88,16.29,18.22,17.02,4.0,1.99,12.0,0.8,0.4,0.3,63.4,68.0,75.2,69.3,4.0,7.8,12.0,0.8,0.3,0.0,3.0,6.07,3.08,5.0,3.12,12.0,0.6,0.4,0.3,-0.69,0.0,0.0,-0.3,5.0,0.45,12.0,0.6,0.4,0.3,-6.01,-2.95,0.0,-3.05,5.0,3.1,12.0,0.6,0.4,0.3,1008.7,1010.0,1012.45,1010.62,5.0,3.42,12.0,0.6,0.4,0.3,1.3,2.0,3.0,2.0,5.0,1.2,12.0,0.6,0.4,0.3,-3.1,0.0,0.0,-1.4,5.0,2.4,12.0,0.6,0.4,0.3,-36.7,-8.9,0.0,-17.1,5.0,20.3,12.0,0.6,0.4,0.3,-1.65,-0.6,1.22,-0.28,5.0,2.26,12.0,0.6,0.4,0.3,-9.8,0.0,3.3,-2.9,5.0,10.2,12.0,0.6,0.4,0.3,4.9,6.25,7.36,6.13,4.0,1.56,12.0,0.8,0.4,0.3,0.0,14.1,30.3,15.1,4.0,17.5,12.0,0.8,0.4,0.3,-19.8,0.0,0.0,-8.8,5.0,13.2,12.0,0.6,0.4,0.3,-177.9,-79.8,0.0,-88.5,5.0,91.3,12.0,0.6,0.4,0.3,-8.5,0.0,0.0,-4.0,4.0,8.1,12.0,0.8,0.4,0.3,-113.7,-45.8,0.0,-56.3,4.0,67.3,12.0,0.8,0.4,0.3,-2.9,0.0,0.0,-1.4,4.0,2.8,12.0,0.8,0.4,0.3,-30.0,-14.1,0.0,-15.0,4.0,17.4,12.0,0.8,0.4,0.3,0.0,27.0,227.5,102.5,5.0,135.0,12.0,0.6,0.4,0.3,0.0,25.0,225.0,105.0,5.0,135.0,12.0,0.6,0.4,0.3
1974,2,74.0,9.0,28.08,28.25,28.42,28.25,2.0,0.35,6.0,0.0,0.9,0.5,26.65,27.4,28.15,27.4,2.0,1.56,6.0,0.0,0.9,0.5,16.26,16.26,16.26,16.26,1.0,0.0,2.0,0.0,0.9,0.7,76.3,76.3,76.3,76.3,1.0,0.0,2.0,0.0,0.7,0.0,0.0,0.0,0.0,1.0,0.0,2.0,0.0,0.9,0.7,0.0,0.0,0.0,0.0,1.0,0.0,2.0,0.0,0.9,0.7,0.0,0.0,0.0,0.0,1.0,0.0,2.0,0.0,0.9,0.7,1009.68,1011.15,1012.62,1011.15,2.0,3.04,6.0,0.0,0.9,0.5,0.3,1.0,1.7,1.0,2.0,1.4,6.0,0.0,0.9,0.5,0.0,0.0,0.0,0.0,1.0,0.0,2.0,0.0,0.9,0.7,0.0,0.0,0.0,0.0,1.0,0.0,2.0,0.0,0.9,0.7,0.27,0.85,1.43,0.85,2.0,1.2,6.0,0.0,0.9,0.5,0.0,0.0,0.0,0.0,1.0,0.0,2.0,0.0,0.9,0.7,7.4,7.4,7.4,7.4,1.0,0.0,2.0,0.0,0.9,0.7,0.0,0.0,0.0,0.0,1.0,0.0,2.0,0.0,0.9,0.7,0.0,0.0,0.0,0.0,1.0,0.0,2.0,0.0,0.9,0.7,0.0,0.0,0.0,0.0,1.0,0.0,2.0,0.0,0.9,0.7,0.0,0.0,0.0,0.0,1.0,0.0,2.0,0.0,0.9,0.7,0.0,0.0,0.0,0.0,1.0,0.0,2.0,0.0,0.9,0.7,0.0,0.0,0.0,0.0,1.0,0.0,2.0,0.0,0.9,0.7,0.0,0.0,0.0,0.0,1.0,0.0,2.0,0.0,0.9,0.7,0.0,0.0,0.0,0.0,1.0,0.0,2.0,0.0,0.9,0.7,0.0,0.0,0.0,0.0,1.0,0.0,2.0,0.0,0.9,0.7
1974,2,74.0,10.0,27.09,28.0,28.58,27.91,15.0,0.9,14.0,0.6,0.4,0.4,26.04,27.6,29.0,27.59,15.0,1.83,16.0,0.6,0.4,0.5,15.67,17.53,18.56,17.32,15.0,1.42,16.0,0.6,0.4,0.5,69.2,75.3,79.2,75.1,15.0,6.7,16.0,0.6,0.5,1.5,2.6,4.91,3.14,15.0,2.24,14.0,0.6,0.4,0.5,-0.74,0.51,2.29,0.81,15.0,2.29,14.0,0.6,0.4,0.5,-4.27,-2.56,-0.11,-2.4,15.0,1.86,14.0,0.6,0.4,0.5,1009.0,1010.5,1012.75,1010.89,16.0,2.17,14.0,0.6,0.4,0.5,0.0,1.5,3.0,1.4,16.0,1.2,14.0,0.6,0.4,0.5,-2.5,0.8,7.1,4.5,15.0,16.4,14.0,0.6,0.4,0.5,-21.3,-6.7,-0.2,-10.8,15.0,11.8,14.0,0.6,0.4,0.5,-0.5,0.2,2.04,0.62,14.0,1.44,14.0,0.6,0.4,0.5,-0.7,0.0,9.7,2.7,13.0,4.7,14.0,0.5,0.4,0.5,5.92,6.25,6.92,6.51,14.0,0.93,14.0,0.6,0.4,0.5,6.6,17.7,32.1,18.7,13.0,14.7,14.0,0.5,0.4,0.5,-21.1,6.7,42.2,18.2,14.0,64.6,14.0,0.6,0.4,0.5,-110.1,-63.6,-1.0,-62.3,14.0,52.3,14.0,0.6,0.4,0.5,-13.6,4.2,27.6,11.6,14.0,39.8,14.0,0.6,0.4,0.5,-67.8,-41.4,-0.6,-38.9,14.0,32.5,14.0,0.6,0.4,0.5,-5.2,2.5,11.5,6.0,13.0,13.9,14.0,0.5,0.4,0.5,-26.2,-15.5,0.0,-13.9,13.0,12.3,14.0,0.5,0.4,0.5,3.5,17.5,119.0,81.5,15.0,145.5,14.0,0.6,0.4,0.5,5.0,20.0,120.0,80.0,15.0,145.0,14.0,0.6,0.4,0.5
1974,2,74.0,11.0,27.43,28.2,29.5,28.47,9.0,1.07,18.0,0.8,0.6,0.5,27.09,28.55,29.79,28.42,10.0,1.34,18.0,0.8,0.6,0.5,16.21,17.7,18.65,17.43,8.0,1.74,16.0,0.8,0.6,0.5,69.8,74.1,76.1,72.6,8.0,5.2,16.0,0.8,0.5,0.27,1.5,2.83,1.77,9.0,1.6,18.0,0.8,0.6,0.5,0.07,0.36,2.19,1.02,9.0,1.36,18.0,0.8,0.6,0.5,-2.04,-1.48,0.0,-1.1,9.0,1.31,18.0,0.8,0.6,0.5,1008.59,1012.5,1013.21,1011.65,11.0,2.82,18.0,0.8,0.6,0.5,0.6,2.0,2.4,1.6,11.0,1.2,18.0,0.8,0.6,0.5,0.1,0.8,6.5,3.6,9.0,6.7,18.0,0.8,0.6,0.5,-4.7,-2.2,0.0,-3.5,9.0,5.4,18.0,0.8,0.6,0.5,-0.42,0.3,0.75,0.11,9.0,0.75,18.0,0.8,0.6,0.5,0.0,0.6,1.0,0.6,7.0,0.8,16.0,0.7,0.6,0.5,6.13,6.28,8.06,6.76,8.0,1.25,16.0,0.8,0.6,0.5,4.9,9.4,15.9,9.8,6.0,6.7,16.0,0.7,0.5,0.6,1.1,15.1,67.0,31.1,8.0,40.5,18.0,0.8,0.6,0.5,-56.2,-27.5,0.0,-29.3,8.0,39.9,18.0,0.8,0.6,0.5,4.9,9.9,20.3,14.1,6.0,15.8,16.0,0.7,0.5,0.6,-35.1,-16.9,3.6,-14.6,6.0,21.5,16.0,0.7,0.5,0.6,2.1,3.2,7.6,5.1,6.0,5.8,16.0,0.7,0.5,0.6,-11.0,-6.3,1.6,-5.0,6.0,8.1,16.0,0.7,0.5,0.6,0.5,3.5,24.5,20.5,9.0,43.0,18.0,0.8,0.6,0.5,0.0,5.0,25.0,20.0,9.0,45.0,18.0,0.8,0.6,0.5
1974,2,74.0,12.0,27.76,28.65,29.44,28.45,8.0,1.31,18.0,0.4,0.2,0.4,26.63,27.6,29.11,27.97,10.0,1.46,20.0,0.4,0.3,0.4,17.4,17.98,18.95,18.48,8.0,2.12,18.0,0.4,0.2,0.4,74.9,79.1,85.0,80.4,8.0,6.1,18.0,0.4,0.4,1.3,2.6,4.2,2.76,9.0,1.71,20.0,0.3,0.3,0.4,0.12,0.8,1.61,1.08,9.0,1.63,20.0,0.3,0.3,0.4,-3.02,-2.56,-0.28,-2.16,9.0,1.51,20.0,0.3,0.3,0.4,1008.0,1010.5,1012.57,1010.24,10.0,2.55,20.0,0.4,0.3,0.4,0.0,2.0,5.7,2.5,10.0,2.7,20.0,0.4,0.3,0.4,0.3,1.7,3.8,4.5,9.0,9.1,20.0,0.3,0.3,0.4,-14.4,-6.7,-0.6,-7.9,9.0,7.1,20.0,0.3,0.3,0.4,-0.6,0.7,2.86,0.99,8.0,1.51,18.0,0.4,0.2,0.4,-2.2,1.7,6.9,3.0,7.0,5.6,18.0,0.3,0.2,0.4,4.78,5.92,7.59,5.94,8.0,2.45,18.0,0.4,0.2,0.4,5.9,15.2,30.8,17.7,7.0,11.6,18.0,0.3,0.2,0.4,3.3,21.2,43.4,29.3,9.0,46.0,20.0,0.3,0.3,0.4,-86.6,-75.7,-7.6,-59.9,9.0,41.3,20.0,0.3,0.3,0.4,12.3,17.1,34.7,27.9,7.0,29.5,18.0,0.3,0.2,0.4,-71.5,-46.9,-17.5,-45.4,7.0,28.8,18.0,0.3,0.2,0.4,2.5,6.0,17.6,9.1,7.0,9.3,18.0,0.3,0.2,0.4,-16.2,-13.7,-3.3,-13.0,7.0,10.9,18.0,0.3,0.2,0.4,3.0,17.5,79.0,43.0,9.0,61.0,20.0,0.3,0.3,0.4,5.0,20.0,80.0,45.0,9.0,60.0,20.0,0.3,0.3,0.4
1974,2,74.0,13.0,28.24,28.55,28.86,28.55,2.0,0.64,8.0,1.0,0.3,0.1,27.37,28.15,28.93,28.15,2.0,1.63,8.0,1.0,0.3,0.1,16.16,16.66,17.15,16.66,2.0,1.03,8.0,1.0,0.3,0.1,68.9,70.0,71.0,70.0,2.0,2.1,8.0,1.0,0.1,4.1,4.1,4.1,4.1,1.0,0.0,12.0,1.0,0.5,0.1,2.05,2.05,2.05,2.05,1.0,0.0,12.0,1.0,0.5,0.1,-3.55,-3.55,-3.55,-3.55,1.0,0.0,12.0,1.0,0.5,0.1,1009.81,1011.55,1013.29,1011.55,2.0,3.61,8.0,1.0,0.3,0.1,1.3,2.0,2.7,2.0,2.0,1.4,8.0,1.0,0.3,0.1,8.4,8.4,8.4,8.4,1.0,0.0,12.0,1.0,0.5,0.1,-14.6,-14.6,-14.6,-14.6,1.0,0.0,12.0,1.0,0.5,0.1,-0.69,0.4,1.49,0.4,2.0,2.26,8.0,1.0,0.3,0.1,8.2,8.2,8.2,8.2,1.0,0.0,12.0,1.0,0.5,0.1,6.85,7.83,8.82,7.83,2.0,2.04,8.0,1.0,0.3,0.1,38.0,38.0,38.0,38.0,1.0,0.0,12.0,1.0,0.5,0.1,55.4,55.4,55.4,55.4,1.0,0.0,12.0,1.0,0.5,0.1,-95.9,-95.9,-95.9,-95.9,1.0,0.0,12.0,1.0,0.5,0.1,32.7,32.7,32.7,32.7,1.0,0.0,12.0,1.0,0.5,0.1,-56.6,-56.6,-56.6,-56.6,1.0,0.0,12.0,1.0,0.5,0.1,19.0,19.0,19.0,19.0,1.0,0.0,12.0,1.0,0.5,0.1,-32.9,-32.9,-32.9,-32.9,1.0,0.0,12.0,1.0,0.5,0.1,69.0,69.0,69.0,69.0,1.0,0.0,12.0,1.0,0.5,0.1,70.0,70.0,70.0,70.0,1.0,0.0,12.0,1.0,0.5,0.1
1974,2,74.0,14.0,28.92,28.95,28.98,28.95,2.0,0.07,20.0,0.5,0.1,0.3,25.74,26.7,27.66,26.7,2.0,1.98,20.0,0.5,0.1,0.3,18.67,18.67,18.67,18.67,1.0,0.0,18.0,1.0,0.1,0.6,78.4,78.4,78.4,78.4,1.0,0.0,18.0,1.0,0.6,3.3,4.8,6.3,4.8,2.0,3.11,20.0,0.5,0.1,0.3,-1.68,-1.0,-0.32,-1.0,2.0,1.41,20.0,0.5,0.1,0.3,-5.62,-2.66,0.3,-2.66,2.0,6.13,20.0,0.5,0.1,0.3,1009.24,1009.55,1009.86,1009.55,2.0,0.64,20.0,0.5,0.1,0.3,0.0,0.0,0.0,0.0,2.0,0.0,20.0,0.5,0.1,0.3,-4.4,-2.6,-0.8,-2.6,2.0,3.7,20.0,0.5,0.1,0.3,-40.5,-22.3,-4.1,-22.3,2.0,37.7,20.0,0.5,0.1,0.3,1.26,2.25,3.24,2.25,2.0,2.05,20.0,0.5,0.1,0.3,5.9,14.0,22.1,14.0,2.0,16.8,20.0,0.5,0.1,0.3,6.36,6.36,6.36,6.36,1.0,0.0,18.0,1.0,0.1,0.6,16.5,16.5,16.5,16.5,1.0,0.0,18.0,1.0,0.1,0.6,-47.1,-28.0,-8.9,-28.0,2.0,39.6,20.0,0.5,0.1,0.3,-141.5,-65.1,11.4,-65.1,2.0,158.4,20.0,0.5,0.1,0.3,-37.2,-37.2,-37.2,-37.2,1.0,0.0,18.0,1.0,0.1,0.6,31.2,31.2,31.2,31.2,1.0,0.0,18.0,1.0,0.1,0.6,-12.7,-12.7,-12.7,-12.7,1.0,0.0,18.0,1.0,0.1,0.6,10.6,10.6,10.6,10.6,1.0,0.0,18.0,1.0,0.1,0.6,69.0,180.5,291.5,180.5,2.0,230.0,20.0,0.5,0.1,0.3,70.0,180.0,290.0,180.0,2.0,230.0,20.0,0.5,0.1,0.3
1974,2,75.0,-68.0,-0.5,-0.5,-0.5,-0.5,2.0,0.0,20.0,0.5,0.3,0.9,-5.2,-5.2,-5.2,-5.2,1.0,0.0,20.0,0.0,0.3,0.9,2.12,2.12,2.12,2.12,1.0,0.0,20.0,0.0,0.3,0.9,80.7,80.7,80.7,80.7,1.0,0.0,20.0,0.0,0.9,6.35,7.1,7.85,7.1,2.0,1.56,20.0,0.5,0.3,0.9,-5.76,-4.64,-3.52,-4.64,2.0,2.32,20.0,0.5,0.3,0.9,-3.61,-0.04,3.54,-0.04,2.0,7.4,20.0,0.5,0.3,0.9,984.98,986.0,987.02,986.0,2.0,2.12,20.0,0.5,0.3,0.9,6.0,6.0,6.0,6.0,2.0,0.0,20.0,0.5,0.3,0.9,-46.2,-34.8,-23.3,-34.8,2.0,23.7,20.0,0.5,0.3,0.9,-31.4,-6.0,19.4,-6.0,2.0,52.6,20.0,0.5,0.3,0.9,4.7,4.7,4.7,4.7,1.0,0.0,20.0,0.0,0.3,0.9,38.5,38.5,38.5,38.5,1.0,0.0,20.0,0.0,0.3,0.9,1.61,1.61,1.61,1.61,1.0,0.0,20.0,0.0,0.3,0.9,13.2,13.2,13.2,13.2,1.0,0.0,20.0,0.0,0.3,0.9,32.7,32.7,32.7,32.7,1.0,0.0,20.0,0.0,0.3,0.9,27.4,27.4,27.4,27.4,1.0,0.0,20.0,0.0,0.3,0.9,-13.3,-13.3,-13.3,-13.3,1.0,0.0,20.0,0.0,0.3,0.9,-11.2,-11.2,-11.2,-11.2,1.0,0.0,20.0,0.0,0.3,0.9,-10.1,-10.1,-10.1,-10.1,1.0,0.0,20.0,0.0,0.3,0.9,-8.5,-8.5,-8.5,-8.5,1.0,0.0,20.0,0.0,0.3,0.9,269.0,383.5,498.0,383.5,2.0,237.0,20.0,0.5,0.3,0.9,270.0,385.0,500.0,385.0,2.0,235.0,20.0,0.5,0.3,0.9
1974,2,75.0,-67.0,-0.11,0.25,0.35,0.13,4.0,0.36,28.0,0.8,0.5,0.4,-2.12,-1.15,-0.6,-1.35,4.0,0.93,28.0,0.8,0.5,0.4,3.32,3.46,3.6,3.46,2.0,0.28,28.0,1.0,0.4,0.4,94.8,96.0,97.3,96.0,2.0,2.5,28.0,1.0,0.4,9.78,11.6,14.21,11.98,4.0,2.74,28.0,0.8,0.5,0.4,-10.89,-9.78,-9.19,-10.02,4.0,1.28,28.0,0.8,0.5,0.4,-9.13,-5.91,-3.34,-6.22,4.0,3.38,28.0,0.8,0.5,0.4,977.99,978.75,979.46,978.73,4.0,0.86,28.0,0.8,0.5,0.4,8.0,8.0,8.0,8.0,4.0,0.0,28.0,0.8,0.5,0.4,-155.9,-113.6,-90.0,-122.5,4.0,43.8,28.0,0.8,0.5,0.4,-130.8,-71.6,-32.8,-81.3,4.0,58.9,28.0,0.8,0.5,0.4,0.85,1.5,2.1,1.48,4.0,0.72,28.0,0.8,0.5,0.4,10.3,17.0,24.5,17.4,4.0,8.5,28.0,0.8,0.5,0.4,0.38,0.54,0.7,0.54,2.0,0.33,28.0,1.0,0.4,0.4,5.2,6.3,7.4,6.3,2.0,2.3,28.0,1.0,0.4,0.4,6.1,11.8,20.8,13.4,4.0,9.0,28.0,0.8,0.5,0.4,3.8,6.0,13.7,8.6,4.0,8.3,28.0,0.8,0.5,0.4,-41.3,-37.4,-33.4,-37.4,2.0,8.2,28.0,1.0,0.4,0.4,-32.3,-23.9,-15.4,-23.9,2.0,17.5,28.0,1.0,0.4,0.4,-6.9,-5.5,-4.2,-5.5,2.0,2.7,28.0,1.0,0.4,0.4,-3.0,-2.9,-2.8,-2.9,2.0,0.2,28.0,1.0,0.4,0.4,941.5,1619.5,2935.5,1924.0,4.0,1288.5,28.0,0.8,0.5,0.4,940.0,1620.0,2935.0,1925.0,4.0,1290.0,28.0,0.8,0.5,0.4
1974,2,75.0,-63.0,0.5,0.5,0.5,0.5,1.0,0.0,10.0,0.0,0.7,0.3,1.1,1.1,1.1,1.1,1.0,0.0,10.0,0.0,0.7,0.3,3.37,3.37,3.37,3.37,1.0,0.0,10.0,0.0,0.7,0.3,79.8,79.8,79.8,79.8,1.0,0.0,10.0,0.0,0.3,5.1,5.1,5.1,5.1,1.0,0.0,10.0,0.0,0.7,0.3,5.02,5.02,5.02,5.02,1.0,0.0,10.0,0.0,0.7,0.3,-0.89,-0.89,-0.89,-0.89,1.0,0.0,10.0,0.0,0.7,0.3,981.8,981.8,981.8,981.8,1.0,0.0,10.0,0.0,0.7,0.3,8.0,8.0,8.0,8.0,1.0,0.0,10.0,0.0,0.7,0.3,25.6,25.6,25.6,25.6,1.0,0.0,10.0,0.0,0.7,0.3,-4.5,-4.5,-4.5,-4.5,1.0,0.0,10.0,0.0,0.7,0.3,-0.6,-0.6,-0.6,-0.6,1.0,0.0,10.0,0.0,0.7,0.3,-3.1,-3.1,-3.1,-3.1,1.0,0.0,10.0,0.0,0.7,0.3,0.68,0.68,0.68,0.68,1.0,0.0,10.0,0.0,0.7,0.3,3.4,3.4,3.4,3.4,1.0,0.0,10.0,0.0,0.7,0.3,5.5,5.5,5.5,5.5,1.0,0.0,10.0,0.0,0.7,0.3,-1.0,-1.0,-1.0,-1.0,1.0,0.0,10.0,0.0,0.7,0.3,16.9,16.9,16.9,16.9,1.0,0.0,10.0,0.0,0.7,0.3,-3.0,-3.0,-3.0,-3.0,1.0,0.0,10.0,0.0,0.7,0.3,3.4,3.4,3.4,3.4,1.0,0.0,10.0,0.0,0.7,0.3,-0.6,-0.6,-0.6,-0.6,1.0,0.0,10.0,0.0,0.7,0.3,132.5,132.5,132.5,132.5,1.0,0.0,10.0,0.0,0.7,0.3,135.0,135.0,135.0,135.0,1.0,0.0,10.0,0.0,0.7,0.3
1974,2,75.0,-61.0,0.8,0.8,0.8,0.8,1.0,0.0,12.0,0.0,0.5,0.5,0.2,0.2,0.2,0.2,1.0,0.0,12.0,0.0,0.5,0.5,3.84,3.84,3.84,3.84,1.0,0.0,12.0,0.0,0.5,0.5,96.4,96.4,96.4,96.4,1.0,0.0,12.0,0.0,0.5,6.7,6.7,6.7,6.7,1.0,0.0,12.0,0.0,0.5,0.5,5.8,5.8,5.8,5.8,1.0,0.0,12.0,0.0,0.5,0.5,3.35,3.35,3.35,3.35,1.0,0.0,12.0,0.0,0.5,0.5,975.5,975.5,975.5,975.5,1.0,0.0,12.0,0.0,0.5,0.5,8.0,8.0,8.0,8.0,1.0,0.0,12.0,0.0,0.5,0.5,38.9,38.9,38.9,38.9,1.0,0.0,12.0,0.0,0.5,0.5,22.4,22.4,22.4,22.4,1.0,0.0,12.0,0.0,0.5,0.5,0.6,0.6,0.6,0.6,1.0,0.0,12.0,0.0,0.5,0.5,4.0,4.0,4.0,4.0,1.0,0.0,12.0,0.0,0.5,0.5,0.32,0.32,0.32,0.32,1.0,0.0,12.0,0.0,0.5,0.5,2.1,2.1,2.1,2.1,1.0,0.0,12.0,0.0,0.5,0.5,1.2,1.2,1.2,1.2,1.0,0.0,12.0,0.0,0.5,0.5,0.7,0.7,0.7,0.7,1.0,0.0,12.0,0.0,0.5,0.5,22.3,22.3,22.3,22.3,1.0,0.0,12.0,0.0,0.5,0.5,12.9,12.9,12.9,12.9,1.0,0.0,12.0,0.0,0.5,0.5,1.9,1.9,1.9,1.9,1.0,0.0,12.0,0.0,0.5,0.5,1.1,1.1,1.1,1.1,1.0,0.0,12.0,0.0,0.5,0.5,301.0,301.0,301.0,301.0,1.0,0.0,12.0,0.0,0.5,0.5,300.0,300.0,300.0,300.0,1.0,0.0,12.0,0.0,0.5,0.5
1974,2,75.0,-59.0,1.1,1.1,1.1,1.1,1.0,0.0,10.0,1.0,0.9,0.9,1.9,1.9,1.9,1.9,1.0,0.0,10.0,1.0,0.9,0.9,4.25,4.25,4.25,4.25,1.0,0.0,10.0,1.0,0.9,0.9,95.1,95.1,95.1,95.1,1.0,0.0,10.0,1.0,0.9,4.0,4.0,4.0,4.0,1.0,0.0,10.0,1.0,0.9,0.9,4.0,4.0,4.0,4.0,1.0,0.0,10.0,1.0,0.9,0.9,0.0,0.0,0.0,0.0,1.0,0.0,10.0,1.0,0.9,0.9,981.4,981.4,981.4,981.4,1.0,0.0,10.0,1.0,0.9,0.9,5.0,5.0,5.0,5.0,1.0,0.0,10.0,1.0,0.9,0.9,16.0,16.0,16.0,16.0,1.0,0.0,10.0,1.0,0.9,0.9,0.0,0.0,0.0,0.0,1.0,0.0,10.0,1.0,0.9,0.9,-0.8,-0.8,-0.8,-0.8,1.0,0.0,10.0,1.0,0.9,0.9,-3.2,-3.2,-3.2,-3.2,1.0,0.0,10.0,1.0,0.9,0.9,-0.03,-0.03,-0.03,-0.03,1.0,0.0,10.0,1.0,0.9,0.9,-0.1,-0.1,-0.1,-0.1,1.0,0.0,10.0,1.0,0.9,0.9,7.6,7.6,7.6,7.6,1.0,0.0,10.0,1.0,0.9,0.9,0.0,0.0,0.0,0.0,1.0,0.0,10.0,1.0,0.9,0.9,17.0,17.0,17.0,17.0,1.0,0.0,10.0,1.0,0.9,0.9,0.0,0.0,0.0,0.0,1.0,0.0,10.0,1.0,0.9,0.9,-0.1,-0.1,-0.1,-0.1,1.0,0.0,10.0,1.0,0.9,0.9,0.0,0.0,0.0,0.0,1.0,0.0,10.0,1.0,0.9,0.9,64.0,64.0,64.0,64.0,1.0,0.0,10.0,1.0,0.9,0.9,65.0,65.0,65.0,65.0,1.0,0.0,10.0,1.0,0.9,0.9
1974,2,75.0,-49.0,5.2,5.2,5.2,5.2,2.0,0.0,2.0,1.0,0.3,0.6,4.41,4.65,4.89,4.65,2.0,0.49,2.0,1.0,0.3,0.6,3.58,3.64,3.7,3.64,2.0,0.13,2.0,1.0,0.3,0.6,70.0,70.0,70.1,70.0,2.0,0.1,2.0,1.0,0.6,14.07,14.45,14.83,14.45,2.0,0.78,2.0,1.0,0.3,0.6,9.05,9.29,9.53,9.29,2.0,0.5,2.0,1.0,0.3,0.6,10.78,11.07,11.36,11.07,2.0,0.6,2.0,1.0,0.3,0.6,1025.1,1025.1,1025.1,1025.1,2.0,0.0,2.0,1.0,0.3,0.6,7.0,7.0,7.0,7.0,2.0,0.0,2.0,1.0,0.3,0.6,127.4,134.4,141.4,134.4,2.0,14.4,2.0,1.0,0.3,0.6,151.9,160.2,168.5,160.2,2.0,17.2,2.0,1.0,0.3,0.6,0.31,0.55,0.79,0.55,2.0,0.49,2.0,1.0,0.3,0.6,4.5,8.1,11.8,8.1,2.0,7.6,2.0,1.0,0.3,0.6,1.7,1.77,1.83,1.77,2.0,0.13,2.0,1.0,0.3,0.6,24.0,25.6,27.2,25.6,2.0,3.3,2.0,1.0,0.3,0.6,42.0,43.1,44.2,43.1,2.0,2.3,2.0,1.0,0.3,0.6,50.0,51.3,52.6,51.3,2.0,2.7,2.0,1.0,0.3,0.6,33.5,33.8,34.1,33.8,2.0,0.6,2.0,1.0,0.3,0.6,39.9,40.3,40.6,40.3,2.0,0.7,2.0,1.0,0.3,0.6,15.4,16.4,17.5,16.4,2.0,2.1,2.0,1.0,0.3,0.6,18.4,19.6,20.8,19.6,2.0,2.5,2.0,1.0,0.3,0.6,2795.0,3030.5,3265.5,3030.5,2.0,487.5,2.0,1.0,0.3,0.6,2795.0,3030.0,3265.0,3030.0,2.0,485.0,2.0,1.0,0.3,0.6
1974,2,75.0,-45.0,11.4,11.4,11.4,11.4,1.0,0.0,4.0,1.0,0.3,0.4,12.5,12.5,12.5,12.5,1.0,0.0,4.0,1.0,0.3,0.4,5.11,5.11,5.11,5.11,1.0,0.0,4.0,1.0,0.3,0.4,57.3,57.3,57.3,57.3,1.0,0.0,4.0,1.0,0.4,12.3,12.3,12.3,12.3,1.0,0.0,4.0,1.0,0.3,0.4,12.3,12.3,12.3,12.3,1.0,0.0,4.0,1.0,0.3,0.4,0.0,0.0,0.0,0.0,1.0,0.0,4.0,1.0,0.3,0.4,1019.0,1019.0,1019.0,1019.0,1.0,0.0,4.0,1.0,0.3,0.4,2.0,2.0,2.0,2.0,1.0,0.0,4.0,1.0,0.3,0.4,151.3,151.3,151.3,151.3,1.0,0.0,4.0,1.0,0.3,0.4,0.0,0.0,0.0,0.0,1.0,0.0,4.0,1.0,0.3,0.4,-1.1,-1.1,-1.1,-1.1,1.0,0.0,4.0,1.0,0.3,0.4,-13.5,-13.5,-13.5,-13.5,1.0,0.0,4.0,1.0,0.3,0.4,3.19,3.19,3.19,3.19,1.0,0.0,4.0,1.0,0.3,0.4,39.3,39.3,39.3,39.3,1.0,0.0,4.0,1.0,0.3,0.4,153.8,153.8,153.8,153.8,1.0,0.0,4.0,1.0,0.3,0.4,0.0,0.0,0.0,0.0,1.0,0.0,4.0,1.0,0.3,0.4,62.8,62.8,62.8,62.8,1.0,0.0,4.0,1.0,0.3,0.4,0.0,0.0,0.0,0.0,1.0,0.0,4.0,1.0,0.3,0.4,39.3,39.3,39.3,39.3,1.0,0.0,4.0,1.0,0.3,0.4,0.0,0.0,0.0,0.0,1.0,0.0,4.0,1.0,0.3,0.4,1861.0,1861.0,1861.0,1861.0,1.0,0.0,4.0,1.0,0.3,0.4,1860.0,1860.0,1860.0,1860.0,1.0,0.0,4.0,1.0,0.3,0.4
1974,2,75.0,-43.0,13.0,13.0,13.0,13.0,1.0,0.0,12.0,0.0,0.6,0.9,11.6,11.6,11.6,11.6,1.0,0.0,12.0,0.0,0.6,0.9,6.25,6.25,6.25,6.25,1.0,0.0,12.0,0.0,0.6,0.9,74.4,74.4,74.4,74.4,1.0,0.0,12.0,0.0,0.9,8.2,8.2,8.2,8.2,1.0,0.0,12.0,0.0,0.6,0.9,5.27,5.27,5.27,5.27,1.0,0.0,12.0,0.0,0.6,0.9,6.28,6.28,6.28,6.28,1.0,0.0,12.0,0.0,0.6,0.9,1019.5,1019.5,1019.5,1019.5,1.0,0.0,12.0,0.0,0.6,0.9,7.0,7.0,7.0,7.0,1.0,0.0,12.0,0.0,0.6,0.9,43.2,43.2,43.2,43.2,1.0,0.0,12.0,0.0,0.6,0.9,51.5,51.5,51.5,51.5,1.0,0.0,12.0,0.0,0.6,0.9,1.4,1.4,1.4,1.4,1.0,0.0,12.0,0.0,0.6,0.9,11.5,11.5,11.5,11.5,1.0,0.0,12.0,0.0,0.6,0.9,2.98,2.98,2.98,2.98,1.0,0.0,12.0,0.0,0.6,0.9,24.4,24.4,24.4,24.4,1.0,0.0,12.0,0.0,0.6,0.9,61.1,61.1,61.1,61.1,1.0,0.0,12.0,0.0,0.6,0.9,72.9,72.9,72.9,72.9,1.0,0.0,12.0,0.0,0.6,0.9,32.9,32.9,32.9,32.9,1.0,0.0,12.0,0.0,0.6,0.9,39.2,39.2,39.2,39.2,1.0,0.0,12.0,0.0,0.6,0.9,15.7,15.7,15.7,15.7,1.0,0.0,12.0,0.0,0.6,0.9,18.7,18.7,18.7,18.7,1.0,0.0,12.0,0.0,0.6,0.9,551.5,551.5,551.5,551.5,1.0,0.0,12.0,0.0,0.6,0.9,550.0,550.0,550.0,550.0,1.0,0.0,12.0,0.0,0.6,0.9
1974,2,75.0,-42.0,15.4,15.4,15.4,15.4,1.0,0.0,4.0,1.0,0.1,0.2,11.8,11.8,11.8,11.8,1.0,0.0,4.0,1.0,0.1,0.2,7.04,7.04,7.04,7.04,1.0,0.0,4.0,1.0,0.1,0.2,83.0,83.0,83.0,83.0,1.0,0.0,4.0,1.0,0.2,4.6,4.6,4.6,4.6,1.0,0.0,4.0,1.0,0.1,0.2,2.96,2.96,2.96,2.96,1.0,0.0,4.0,1.0,0.1,0.2,3.52,3.52,3.52,3.52,1.0,0.0,4.0,1.0,0.1,0.2,1022.3,1022.3,1022.3,1022.3,1.0,0.0,4.0,1.0,0.1,0.2,8.0,8.0,8.0,8.0,1.0,0.0,4.0,1.0,0.1,0.2,13.6,13.6,13.6,13.6,1.0,0.0,4.0,1.0,0.1,0.2,16.2,16.2,16.2,16.2,1.0,0.0,4.0,1.0,0.1,0.2,3.6,3.6,3.6,3.6,1.0,0.0,4.0,1.0,0.1,0.2,16.6,16.6,16.6,16.6,1.0,0.0,4.0,1.0,0.1,0.2,3.71,3.71,3.71,3.71,1.0,0.0,4.0,1.0,0.1,0.2,17.1,17.1,17.1,17.1,1.0,0.0,4.0,1.0,0.1,0.2,34.9,34.9,34.9,34.9,1.0,0.0,4.0,1.0,0.1,0.2,41.6,41.6,41.6,41.6,1.0,0.0,4.0,1.0,0.1,0.2,20.8,20.8,20.8,20.8,1.0,0.0,4.0,1.0,0.1,0.2,24.8,24.8,24.8,24.8,1.0,0.0,4.0,1.0,0.1,0.2,11.0,11.0,11.0,11.0,1.0,0.0,4.0,1.0,0.1,0.2,13.1,13.1,13.1,13.1,1.0,0.0,4.0,1.0,0.1,0.2,97.5,97.5,97.5,97.5,1.0,0.0,4.0,1.0,0.1,0.2,95.0,95.0,95.0,95.0,1.0,0.0,4.0,1.0,0.1,0.2
1974,2,75.0,-40.0,17.16,17.5,17.84,17.5,2.0,0.71,12.0,0.0,0.1,0.4,17.13,17.4,17.67,17.4,2.0,0.57,12.0,0.0,0.1,0.4,10.75,11.17,11.6,11.17,2.0,0.88,12.0,0.0,0.1,0.4,89.6,91.8,94.0,91.8,2.0,4.6,12.0,0.0,0.4,2.6,2.6,2.6,2.6,2.0,0.0,12.0,0.0,0.1,0.4,0.32,1.0,1.68,1.0,2.0,1.41,12.0,0.0,0.1,0.4,-2.45,-2.14,-1.82,-2.14,2.0,0.66,12.0,0.0,0.1,0.4,1024.21,1027.9,1031.59,1027.9,2.0,7.64,12.0,0.0,0.1,0.4,0.6,2.0,3.4,2.0,2.0,2.8,12.0,0.0,0.1,0.4,0.8,2.6,4.4,2.6,2.0,3.7,12.0,0.0,0.1,0.4,-6.4,-5.6,-4.7,-5.6,2.0,1.7,12.0,0.0,0.1,0.4,0.03,0.1,0.17,0.1,2.0,0.14,12.0,0.0,0.1,0.4,0.1,0.3,0.4,0.3,2.0,0.4,12.0,0.0,0.1,0.4,0.87,1.07,1.28,1.07,2.0,0.42,12.0,0.0,0.1,0.4,2.3,2.8,3.3,2.8,2.0,1.1,12.0,0.0,0.1,0.4,5.6,17.7,29.8,17.7,2.0,25.1,12.0,0.0,0.1,0.4,-41.9,-37.0,-32.0,-37.0,2.0,10.2,12.0,0.0,0.1,0.4,3.7,11.7,19.8,11.7,2.0,16.6,12.0,0.0,0.1,0.4,-26.2,-23.6,-20.9,-23.6,2.0,5.5,12.0,0.0,0.1,0.4,0.2,0.8,1.3,0.8,2.0,1.1,12.0,0.0,0.1,0.4,-3.2,-2.4,-1.7,-2.4,2.0,1.6,12.0,0.0,0.1,0.4,17.5,17.5,17.5,17.5,2.0,0.0,12.0,0.0,0.1,0.4,20.0,20.0,20.0,20.0,2.0,0.0,12.0,0.0,0.1,0.4
1974,2,75.0,-35.0,,,,,,,,,,,,,,,,,,,,,,,,,,,,,,,,,,,,,,,,6.0,6.0,6.0,6.0,1.0,0.0,22.0,1.0,0.7,0.7,2.05,2.05,2.05,2.05,1.0,0.0,22.0,1.0,0.7,0.7,5.64,5.64,5.64,5.64,1.0,0.0,22.0,1.0,0.7,0.7,1013.7,1013.7,1013.7,1013.7,1.0,0.0,22.0,1.0,0.7,0.7,,,,,,,,,,,,,,,,,,,,,,,,,,,,,,,,,,,,,,,,,,,,,,,,,,,,,,,,,,,,,,,,,,,,,,,,,,,,,,,,,,,,,,,,,,,,,,,,,,,,,,,,,,,,,,,,,,,,,,,,,,,,,,,,,,,,,,,,,,,,,,,,,,,,,,
1974,2,75.0,-33.0,22.0,22.0,22.0,22.0,1.0,0.0,4.0,1.0,0.8,0.6,23.0,23.0,23.0,23.0,1.0,0.0,4.0,1.0,0.8,0.6,10.21,10.21,10.21,10.21,1.0,0.0,4.0,1.0,0.8,0.6,59.5,59.5,59.5,59.5,1.0,0.0,4.0,1.0,0.6,6.7,6.7,6.7,6.7,1.0,0.0,4.0,1.0,0.8,0.6,-6.3,-6.3,-6.3,-6.3,1.0,0.0,4.0,1.0,0.8,0.6,-2.29,-2.29,-2.29,-2.29,1.0,0.0,4.0,1.0,0.8,0.6,1029.3,1029.3,1029.3,1029.3,1.0,0.0,4.0,1.0,0.8,0.6,6.0,6.0,6.0,6.0,1.0,0.0,4.0,1.0,0.8,0.6,-42.2,-42.2,-42.2,-42.2,1.0,0.0,4.0,1.0,0.8,0.6,-15.4,-15.4,-15.4,-15.4,1.0,0.0,4.0,1.0,0.8,0.6,-1.0,-1.0,-1.0,-1.0,1.0,0.0,4.0,1.0,0.8,0.6,-6.7,-6.7,-6.7,-6.7,1.0,0.0,4.0,1.0,0.8,0.6,5.99,5.99,5.99,5.99,1.0,0.0,4.0,1.0,0.8,0.6,40.2,40.2,40.2,40.2,1.0,0.0,4.0,1.0,0.8,0.6,-144.8,-144.8,-144.8,-144.8,1.0,0.0,4.0,1.0,0.8,0.6,-52.7,-52.7,-52.7,-52.7,1.0,0.0,4.0,1.0,0.8,0.6,-64.3,-64.3,-64.3,-64.3,1.0,0.0,4.0,1.0,0.8,0.6,-23.4,-23.4,-23.4,-23.4,1.0,0.0,4.0,1.0,0.8,0.6,-37.7,-37.7,-37.7,-37.7,1.0,0.0,4.0,1.0,0.8,0.6,-13.7,-13.7,-13.7,-13.7,1.0,0.0,4.0,1.0,0.8,0.6,301.0,301.0,301.0,301.0,1.0,0.0,4.0,1.0,0.8,0.6,300.0,300.0,300.0,300.0,1.0,0.0,4.0,1.0,0.8,0.6
1974,2,75.0,-32.0,23.0,23.0,23.0,23.0,1.0,0.0,20.0,0.0,0.0,0.8,21.6,21.6,21.6,21.6,1.0,0.0,20.0,0.0,0.0,0.8,11.94,11.94,11.94,11.94,1.0,0.0,20.0,0.0,0.0,0.8,75.1,75.1,75.1,75.1,1.0,0.0,20.0,0.0,0.8,3.1,3.1,3.1,3.1,1.0,0.0,20.0,0.0,0.0,0.8,-3.1,-3.1,-3.1,-3.1,1.0,0.0,20.0,0.0,0.0,0.8,0.0,0.0,0.0,0.0,1.0,0.0,20.0,0.0,0.0,0.8,1021.0,1021.0,1021.0,1021.0,1.0,0.0,20.0,0.0,0.0,0.8,3.0,3.0,3.0,3.0,1.0,0.0,20.0,0.0,0.0,0.8,-9.6,-9.6,-9.6,-9.6,1.0,0.0,20.0,0.0,0.0,0.8,0.0,0.0,0.0,0.0,1.0,0.0,20.0,0.0,0.0,0.8,1.4,1.4,1.4,1.4,1.0,0.0,20.0,0.0,0.0,0.8,4.3,4.3,4.3,4.3,1.0,0.0,20.0,0.0,0.0,0.8,5.44,5.44,5.44,5.44,1.0,0.0,20.0,0.0,0.0,0.8,16.8,16.8,16.8,16.8,1.0,0.0,20.0,0.0,0.0,0.8,-67.0,-67.0,-67.0,-67.0,1.0,0.0,20.0,0.0,0.0,0.8,0.0,0.0,0.0,0.0,1.0,0.0,20.0,0.0,0.0,0.8,-37.0,-37.0,-37.0,-37.0,1.0,0.0,20.0,0.0,0.0,0.8,0.0,0.0,0.0,0.0,1.0,0.0,20.0,0.0,0.0,0.8,-16.8,-16.8,-16.8,-16.8,1.0,0.0,20.0,0.0,0.0,0.8,0.0,0.0,0.0,0.0,1.0,0.0,20.0,0.0,0.0,0.8,30.0,30.0,30.0,30.0,1.0,0.0,20.0,0.0,0.0,0.8,30.0,30.0,30.0,30.0,1.0,0.0,20.0,0.0,0.0,0.8
1974,2,75.0,-31.0,,,,,,,,,,,,,,,,,,,,,,,,,,,,,,,,,,,,,,,,1.0,1.0,1.0,1.0,1.0,0.0,8.0,0.0,0.8,0.1,0.0,0.0,0.0,0.0,1.0,0.0,8.0,0.0,0.8,0.1,-1.0,-1.0,-1.0,-1.0,1.0,0.0,8.0,0.0,0.8,0.1,1016.1,1016.1,1016.1,1016.1,1.0,0.0,8.0,0.0,0.8,0.1,,,,,,,,,,,,,,,,,,,,,,,,,,,,,,,,,,,,,,,,,,,,,,,,,,,,,,,,,,,,,,,,,,,,,,,,,,,,,,,,,,,,,,,,,,,,,,,,,,,,,,,,,,,,,,,,,,,,,,,,,,,,,,,,,,,,,,,,,,,,,,,,,,,,,,
1974,2,75.0,-30.0,22.57,22.95,23.33,22.95,2.0,0.78,6.0,0.5,0.0,0.5,21.83,21.9,21.97,21.9,2.0,0.14,6.0,0.5,0.0,0.5,12.39,12.45,12.51,12.45,2.0,0.12,6.0,0.5,0.0,0.5,77.0,77.1,77.1,77.1,2.0,0.0,6.0,0.5,0.5,6.94,7.45,7.96,7.45,2.0,1.06,6.0,0.5,0.0,0.5,-7.86,-7.39,-6.92,-7.39,2.0,0.97,6.0,0.5,0.0,0.5,-1.2,-0.71,-0.23,-0.71,2.0,1.01,6.0,0.5,0.0,0.5,1022.84,1023.35,1023.86,1023.35,2.0,1.06,6.0,0.5,0.0,0.5,8.0,8.0,8.0,8.0,1.0,0.0,2.0,0.0,0.0,0.4,-62.8,-55.6,-48.3,-55.6,2.0,15.1,6.0,0.5,0.0,0.5,-9.8,-5.8,-1.9,-5.8,2.0,8.3,6.0,0.5,0.0,0.5,0.74,1.05,1.36,1.05,2.0,0.64,6.0,0.5,0.0,0.5,5.3,8.2,11.0,8.2,2.0,5.9,6.0,0.5,0.0,0.5,4.49,4.84,5.18,4.84,2.0,0.72,6.0,0.5,0.0,0.5,31.4,36.4,41.5,36.4,2.0,10.5,6.0,0.5,0.0,0.5,-172.6,-161.9,-151.1,-161.9,2.0,22.3,6.0,0.5,0.0,0.5,-26.4,-15.7,-5.0,-15.7,2.0,22.2,6.0,0.5,0.0,0.5,-98.4,-92.1,-85.8,-92.1,2.0,13.0,6.0,0.5,0.0,0.5,-15.0,-8.9,-2.8,-8.9,2.0,12.6,6.0,0.5,0.0,0.5,-40.9,-36.1,-31.2,-36.1,2.0,10.0,6.0,0.5,0.0,0.5,-6.4,-3.8,-1.2,-3.8,2.0,5.4,6.0,0.5,0.0,0.5,340.5,426.0,511.5,426.0,2.0,177.0,6.0,0.5,0.0,0.5,340.0,425.0,510.0,425.0,2.0,175.0,6.0,0.5,0.0,0.5
1974,2,75.0,-27.0,23.5,23.5,23.5,23.5,1.0,0.0,28.0,0.0,0.9,0.1,22.8,22.8,22.8,22.8,1.0,0.0,28.0,0.0,0.9,0.1,14.0,14.0,14.0,14.0,1.0,0.0,28.0,0.0,0.9,0.1,81.1,81.1,81.1,81.1,1.0,0.0,28.0,0.0,0.1,12.3,12.3,12.3,12.3,1.0,0.0,28.0,0.0,0.9,0.1,-11.56,-11.56,-11.56,-11.56,1.0,0.0,28.0,0.0,0.9,0.1,4.21,4.21,4.21,4.21,1.0,0.0,28.0,0.0,0.9,0.1,1013.8,1013.8,1013.8,1013.8,1.0,0.0,28.0,0.0,0.9,0.1,8.0,8.0,8.0,8.0,1.0,0.0,28.0,0.0,0.9,0.1,-142.2,-142.2,-142.2,-142.2,1.0,0.0,28.0,0.0,0.9,0.1,51.7,51.7,51.7,51.7,1.0,0.0,28.0,0.0,0.9,0.1,0.7,0.7,0.7,0.7,1.0,0.0,28.0,0.0,0.9,0.1,8.6,8.6,8.6,8.6,1.0,0.0,28.0,0.0,0.9,0.1,4.04,4.04,4.04,4.04,1.0,0.0,28.0,0.0,0.9,0.1,49.7,49.7,49.7,49.7,1.0,0.0,28.0,0.0,0.9,0.1,-263.5,-263.5,-263.5,-263.5,1.0,0.0,28.0,0.0,0.9,0.1,95.9,95.9,95.9,95.9,1.0,0.0,28.0,0.0,0.9,0.1,-161.8,-161.8,-161.8,-161.8,1.0,0.0,28.0,0.0,0.9,0.1,58.9,58.9,58.9,58.9,1.0,0.0,28.0,0.0,0.9,0.1,-46.7,-46.7,-46.7,-46.7,1.0,0.0,28.0,0.0,0.9,0.1,17.0,17.0,17.0,17.0,1.0,0.0,28.0,0.0,0.9,0.1,1861.0,1861.0,1861.0,1861.0,1.0,0.0,28.0,0.0,0.9,0.1,1860.0,1860.0,1860.0,1860.0,1.0,0.0,28.0,0.0,0.9,0.1
1974,2,75.0,-24.0,23.49,24.2,25.5,24.43,7.0,0.91,14.0,0.6,0.5,0.6,22.9,23.8,24.57,23.91,7.0,1.09,14.0,0.6,0.5,0.6,12.87,13.79,14.57,13.97,7.0,1.39,14.0,0.6,0.5,0.6,71.1,74.4,81.4,75.8,7.0,7.1,14.0,0.6,0.6,7.02,7.7,11.25,8.96,5.0,2.6,10.0,0.8,0.5,0.6,-9.98,-7.58,-6.2,-7.94,5.0,2.03,10.0,0.8,0.5,0.6,1.27,1.79,5.97,3.44,5.0,3.05,10.0,0.8,0.5,0.6,1012.45,1015.7,1016.31,1014.44,7.0,2.17,14.0,0.6,0.5,0.6,1.0,3.0,5.1,3.3,7.0,2.2,14.0,0.6,0.5,0.6,-112.9,-58.4,-42.6,-74.9,5.0,39.0,10.0,0.8,0.5,0.6,9.4,18.4,60.2,35.4,5.0,41.3,10.0,0.8,0.5,0.6,-1.0,0.4,1.65,0.51,7.0,1.33,14.0,0.6,0.5,0.6,-11.2,1.3,3.8,-2.7,5.0,8.3,10.0,0.8,0.5,0.6,4.74,5.92,5.95,5.13,7.0,1.75,14.0,0.6,0.5,0.6,27.3,37.0,56.8,41.5,5.0,22.9,10.0,0.8,0.5,0.6,-251.6,-178.2,-145.8,-193.4,5.0,57.3,10.0,0.8,0.5,0.6,30.1,43.8,146.0,84.9,5.0,79.6,10.0,0.8,0.5,0.6,-148.7,-97.6,-80.5,-112.2,5.0,40.5,10.0,0.8,0.5,0.6,16.5,30.0,79.5,47.3,5.0,41.5,10.0,0.8,0.5,0.6,-49.9,-36.5,-22.0,-36.0,5.0,17.3,10.0,0.8,0.5,0.6,4.9,7.9,32.4,17.7,5.0,19.2,10.0,0.8,0.5,0.6,347.0,456.5,1477.5,874.0,5.0,778.0,10.0,0.8,0.5,0.6,345.0,455.0,1480.0,875.0,5.0,780.0,10.0,0.8,0.5,0.6
1974,2,75.0,-23.0,,,,,,,,,,,,,,,,,,,,,,,,,,,,,,,,,,,,,,,,9.3,9.3,9.3,9.3,1.0,0.0,8.0,1.0,0.4,0.8,-8.05,-8.05,-8.05,-8.05,1.0,0.0,8.0,1.0,0.4,0.8,4.65,4.65,4.65,4.65,1.0,0.0,8.0,1.0,0.4,0.8,1014.2,1014.2,1014.2,1014.2,1.0,0.0,8.0,1.0,0.4,0.8,6.0,6.0,6.0,6.0,1.0,0.0,8.0,1.0,0.4,0.8,-74.9,-74.9,-74.9,-74.9,1.0,0.0,8.0,1.0,0.4,0.8,43.2,43.2,43.2,43.2,1.0,0.0,8.0,1.0,0.4,0.8,,,,,,,,,,,,,,,,,,,,,,,,,,,,,,,,,,,,,,,,,-201.4,-201.4,-201.4,-201.4,1.0,0.0,8.0,1.0,0.4,0.8,116.3,116.3,116.3,116.3,1.0,0.0,8.0,1.0,0.4,0.8,-124.5,-124.5,-124.5,-124.5,1.0,0.0,8.0,1.0,0.4,0.8,71.9,71.9,71.9,71.9,1.0,0.0,8.0,1.0,0.4,0.8,,,,,,,,,,,,,,,,,,,,,,,,,,,,,,,,,,,,,,,,
1974,2,75.0,-19.0,26.4,26.4,26.4,26.4,1.0,0.0,28.0,1.0,0.2,0.9,27.1,27.1,27.1,27.1,1.0,0.0,28.0,1.0,0.2,0.9,18.9,18.9,18.9,18.9,1.0,0.0,28.0,1.0,0.2,0.9,84.2,84.2,84.2,84.2,1.0,0.0,28.0,1.0,0.9,2.6,2.6,2.6,2.6,1.0,0.0,28.0,1.0,0.2,0.9,-1.99,-1.99,-1.99,-1.99,1.0,0.0,28.0,1.0,0.2,0.9,-1.67,-1.67,-1.67,-1.67,1.0,0.0,28.0,1.0,0.2,0.9,1009.7,1009.7,1009.7,1009.7,1.0,0.0,28.0,1.0,0.2,0.9,2.0,2.0,2.0,2.0,1.0,0.0,28.0,1.0,0.2,0.9,-5.2,-5.2,-5.2,-5.2,1.0,0.0,28.0,1.0,0.2,0.9,-4.3,-4.3,-4.3,-4.3,1.0,0.0,28.0,1.0,0.2,0.9,-0.7,-0.7,-0.7,-0.7,1.0,0.0,28.0,1.0,0.2,0.9,-1.8,-1.8,-1.8,-1.8,1.0,0.0,28.0,1.0,0.2,0.9,2.68,2.68,2.68,2.68,1.0,0.0,28.0,1.0,0.2,0.9,7.0,7.0,7.0,7.0,1.0,0.0,28.0,1.0,0.2,0.9,-54.0,-54.0,-54.0,-54.0,1.0,0.0,28.0,1.0,0.2,0.9,-45.3,-45.3,-45.3,-45.3,1.0,0.0,28.0,1.0,0.2,0.9,-37.6,-37.6,-37.6,-37.6,1.0,0.0,28.0,1.0,0.2,0.9,-31.6,-31.6,-31.6,-31.6,1.0,0.0,28.0,1.0,0.2,0.9,-5.3,-5.3,-5.3,-5.3,1.0,0.0,28.0,1.0,0.2,0.9,-4.5,-4.5,-4.5,-4.5,1.0,0.0,28.0,1.0,0.2,0.9,17.5,17.5,17.5,17.5,1.0,0.0,28.0,1.0,0.2,0.9,20.0,20.0,20.0,20.0,1.0,0.0,28.0,1.0,0.2,0.9
1974,2,75.0,-18.0,26.2,26.2,26.2,26.2,1.0,0.0,8.0,1.0,0.6,0.7,26.3,26.3,26.3,26.3,1.0,0.0,8.0,1.0,0.6,0.7,15.98,15.98,15.98,15.98,1.0,0.0,8.0,1.0,0.6,0.7,74.9,74.9,74.9,74.9,1.0,0.0,8.0,1.0,0.7,5.7,5.7,5.7,5.7,1.0,0.0,8.0,1.0,0.6,0.7,-5.36,-5.36,-5.36,-5.36,1.0,0.0,8.0,1.0,0.6,0.7,1.95,1.95,1.95,1.95,1.0,0.0,8.0,1.0,0.6,0.7,1011.9,1011.9,1011.9,1011.9,1.0,0.0,8.0,1.0,0.6,0.7,2.0,2.0,2.0,2.0,1.0,0.0,8.0,1.0,0.6,0.7,-30.5,-30.5,-30.5,-30.5,1.0,0.0,8.0,1.0,0.6,0.7,11.1,11.1,11.1,11.1,1.0,0.0,8.0,1.0,0.6,0.7,-0.1,-0.1,-0.1,-0.1,1.0,0.0,8.0,1.0,0.6,0.7,-0.6,-0.6,-0.6,-0.6,1.0,0.0,8.0,1.0,0.6,0.7,5.3,5.3,5.3,5.3,1.0,0.0,8.0,1.0,0.6,0.7,30.2,30.2,30.2,30.2,1.0,0.0,8.0,1.0,0.6,0.7,-140.9,-140.9,-140.9,-140.9,1.0,0.0,8.0,1.0,0.6,0.7,51.3,51.3,51.3,51.3,1.0,0.0,8.0,1.0,0.6,0.7,-85.6,-85.6,-85.6,-85.6,1.0,0.0,8.0,1.0,0.6,0.7,31.2,31.2,31.2,31.2,1.0,0.0,8.0,1.0,0.6,0.7,-28.4,-28.4,-28.4,-28.4,1.0,0.0,8.0,1.0,0.6,0.7,10.3,10.3,10.3,10.3,1.0,0.0,8.0,1.0,0.6,0.7,185.0,185.0,185.0,185.0,1.0,0.0,8.0,1.0,0.6,0.7,185.0,185.0,185.0,185.0,1.0,0.0,8.0,1.0,0.6,0.7
1974,2,75.0,-17.0,27.0,27.0,27.0,27.0,1.0,0.0,12.0,1.0,0.9,0.7,27.8,27.8,27.8,27.8,1.0,0.0,12.0,1.0,0.9,0.7,17.58,17.58,17.58,17.58,1.0,0.0,12.0,1.0,0.9,0.7,75.2,75.2,75.2,75.2,1.0,0.0,12.0,1.0,0.7,6.2,6.2,6.2,6.2,1.0,0.0,12.0,1.0,0.9,0.7,-3.99,-3.99,-3.99,-3.99,1.0,0.0,12.0,1.0,0.9,0.7,4.75,4.75,4.75,4.75,1.0,0.0,12.0,1.0,0.9,0.7,1009.2,1009.2,1009.2,1009.2,1.0,0.0,12.0,1.0,0.9,0.7,3.0,3.0,3.0,3.0,1.0,0.0,12.0,1.0,0.9,0.7,-24.7,-24.7,-24.7,-24.7,1.0,0.0,12.0,1.0,0.9,0.7,29.4,29.4,29.4,29.4,1.0,0.0,12.0,1.0,0.9,0.7,-0.8,-0.8,-0.8,-0.8,1.0,0.0,12.0,1.0,0.9,0.7,-5.0,-5.0,-5.0,-5.0,1.0,0.0,12.0,1.0,0.9,0.7,4.81,4.81,4.81,4.81,1.0,0.0,12.0,1.0,0.9,0.7,29.8,29.8,29.8,29.8,1.0,0.0,12.0,1.0,0.9,0.7,-110.8,-110.8,-110.8,-110.8,1.0,0.0,12.0,1.0,0.9,0.7,132.0,132.0,132.0,132.0,1.0,0.0,12.0,1.0,0.9,0.7,-70.0,-70.0,-70.0,-70.0,1.0,0.0,12.0,1.0,0.9,0.7,83.5,83.5,83.5,83.5,1.0,0.0,12.0,1.0,0.9,0.7,-19.2,-19.2,-19.2,-19.2,1.0,0.0,12.0,1.0,0.9,0.7,22.8,22.8,22.8,22.8,1.0,0.0,12.0,1.0,0.9,0.7,238.5,238.5,238.5,238.5,1.0,0.0,12.0,1.0,0.9,0.7,240.0,240.0,240.0,240.0,1.0,0.0,12.0,1.0,0.9,0.7
1974,2,75.0,-16.0,,,,,,,,,,,,,,,,,,,,,,,,,,,,,,,,,,,,,,,,4.0,4.0,4.0,4.0,1.0,0.0,16.0,0.0,0.3,1.0,-3.46,-3.46,-3.46,-3.46,1.0,0.0,16.0,0.0,0.3,1.0,-2.0,-2.0,-2.0,-2.0,1.0,0.0,16.0,0.0,0.3,1.0,1011.3,1011.3,1011.3,1011.3,1.0,0.0,16.0,0.0,0.3,1.0,,,,,,,,,,,,,,,,,,,,,,,,,,,,,,,,,,,,,,,,,,,,,,,,,,,,,,,,,,,,,,,,,,,,,,,,,,,,,,,,,,,,,,,,,,,,,,,,,,,,,,,,,,,,,,,,,,,,,,,,,,,,,,,,,,,,,,,,,,,,,,,,,,,,,,
1974,2,75.0,-15.0,27.0,27.0,27.0,27.0,1.0,0.0,26.0,1.0,0.6,0.4,28.5,28.5,28.5,28.5,1.0,0.0,26.0,1.0,0.6,0.4,21.79,21.79,21.79,21.79,1.0,0.0,26.0,1.0,0.6,0.4,88.9,88.9,88.9,88.9,1.0,0.0,26.0,1.0,0.4,8.2,8.2,8.2,8.2,1.0,0.0,26.0,1.0,0.6,0.4,5.27,5.27,5.27,5.27,1.0,0.0,26.0,1.0,0.6,0.4,-6.28,-6.28,-6.28,-6.28,1.0,0.0,26.0,1.0,0.6,0.4,1006.0,1006.0,1006.0,1006.0,1.0,0.0,26.0,1.0,0.6,0.4,8.0,8.0,8.0,8.0,1.0,0.0,26.0,1.0,0.6,0.4,43.2,43.2,43.2,43.2,1.0,0.0,26.0,1.0,0.6,0.4,-51.5,-51.5,-51.5,-51.5,1.0,0.0,26.0,1.0,0.6,0.4,-1.5,-1.5,-1.5,-1.5,1.0,0.0,26.0,1.0,0.6,0.4,-12.3,-12.3,-12.3,-12.3,1.0,0.0,26.0,1.0,0.6,0.4,0.66,0.66,0.66,0.66,1.0,0.0,26.0,1.0,0.6,0.4,5.4,5.4,5.4,5.4,1.0,0.0,26.0,1.0,0.6,0.4,150.2,150.2,150.2,150.2,1.0,0.0,26.0,1.0,0.6,0.4,-179.0,-179.0,-179.0,-179.0,1.0,0.0,26.0,1.0,0.6,0.4,114.9,114.9,114.9,114.9,1.0,0.0,26.0,1.0,0.6,0.4,-136.9,-136.9,-136.9,-136.9,1.0,0.0,26.0,1.0,0.6,0.4,3.5,3.5,3.5,3.5,1.0,0.0,26.0,1.0,0.6,0.4,-4.2,-4.2,-4.2,-4.2,1.0,0.0,26.0,1.0,0.6,0.4,551.5,551.5,551.5,551.5,1.0,0.0,26.0,1.0,0.6,0.4,550.0,550.0,550.0,550.0,1.0,0.0,26.0,1.0,0.6,0.4
1974,2,75.0,-14.0,29.0,29.0,29.0,29.0,1.0,0.0,26.0,0.0,0.5,0.5,28.5,28.5,28.5,28.5,1.0,0.0,26.0,0.0,0.5,0.5,17.23,17.23,17.23,17.23,1.0,0.0,26.0,0.0,0.5,0.5,70.4,70.4,70.4,70.4,1.0,0.0,26.0,0.0,0.5,9.3,9.3,9.3,9.3,1.0,0.0,26.0,0.0,0.5,0.5,3.18,3.18,3.18,3.18,1.0,0.0,26.0,0.0,0.5,0.5,8.74,8.74,8.74,8.74,1.0,0.0,26.0,0.0,0.5,0.5,1004.8,1004.8,1004.8,1004.8,1.0,0.0,26.0,0.0,0.5,0.5,3.0,3.0,3.0,3.0,1.0,0.0,26.0,0.0,0.5,0.5,29.6,29.6,29.6,29.6,1.0,0.0,26.0,0.0,0.5,0.5,81.3,81.3,81.3,81.3,1.0,0.0,26.0,0.0,0.5,0.5,0.5,0.5,0.5,0.5,1.0,0.0,26.0,0.0,0.5,0.5,4.7,4.7,4.7,4.7,1.0,0.0,26.0,0.0,0.5,0.5,8.08,8.08,8.08,8.08,1.0,0.0,26.0,0.0,0.5,0.5,75.2,75.2,75.2,75.2,1.0,0.0,26.0,0.0,0.5,0.5,90.7,90.7,90.7,90.7,1.0,0.0,26.0,0.0,0.5,0.5,249.1,249.1,249.1,249.1,1.0,0.0,26.0,0.0,0.5,0.5,54.8,54.8,54.8,54.8,1.0,0.0,26.0,0.0,0.5,0.5,150.5,150.5,150.5,150.5,1.0,0.0,26.0,0.0,0.5,0.5,25.7,25.7,25.7,25.7,1.0,0.0,26.0,0.0,0.5,0.5,70.6,70.6,70.6,70.6,1.0,0.0,26.0,0.0,0.5,0.5,804.5,804.5,804.5,804.5,1.0,0.0,26.0,0.0,0.5,0.5,805.0,805.0,805.0,805.0,1.0,0.0,26.0,0.0,0.5,0.5
1974,2,75.0,-11.0,,,,,,,,,,,,,,,,,,,,,,,,,,,,,,,,,,,,,,,,5.16,5.5,5.84,5.5,2.0,0.71,14.0,1.0,0.0,0.6,-3.67,-0.96,1.74,-0.96,2.0,5.6,14.0,1.0,0.0,0.6,0.09,2.16,4.23,2.16,2.0,4.29,14.0,1.0,0.0,0.6,1008.98,1009.15,1009.32,1009.15,2.0,0.35,14.0,1.0,0.0,0.6,,,,,,,,,,,,,,,,,,,,,,,,,,,,,,,,,,,,,,,,,,,,,,,,,,,,,,,,,,,,,,,,,,,,,,,,,,,,,,,,,,,,,,,,,,,,,,,,,,,,,,,,,,,,,,,,,,,,,,,,,,,,,,,,,,,,,,,,,,,,,,,,,,,,,,
1974,2,75.0,-10.0,28.73,29.0,29.0,28.87,3.0,0.23,16.0,0.7,0.4,0.3,28.35,29.1,29.58,28.97,3.0,0.91,16.0,0.7,0.4,0.3,16.77,17.54,18.3,17.54,2.0,1.58,20.0,1.0,0.3,0.3,65.1,70.5,75.9,70.5,2.0,11.2,20.0,1.0,0.3,0.65,2.05,3.45,2.05,2.0,2.9,12.0,0.5,0.5,0.3,0.5,1.57,2.64,1.57,2.0,2.22,12.0,0.5,0.5,0.3,0.42,1.32,2.22,1.32,2.0,1.86,12.0,0.5,0.5,0.3,1006.25,1009.8,1011.17,1008.73,3.0,3.72,16.0,0.7,0.4,0.3,3.3,4.0,6.7,5.0,3.0,2.6,16.0,0.7,0.4,0.3,2.0,6.4,10.8,6.4,2.0,9.1,12.0,0.5,0.5,0.3,1.7,5.4,9.1,5.4,2.0,7.6,12.0,0.5,0.5,0.3,-0.85,-0.1,0.65,-0.1,3.0,1.1,16.0,0.7,0.4,0.3,-4.1,-2.5,-0.8,-2.5,2.0,3.5,12.0,0.5,0.5,0.3,6.9,7.42,7.94,7.42,2.0,1.07,20.0,1.0,0.3,0.3,33.5,33.5,33.5,33.5,1.0,0.0,18.0,1.0,0.2,0.2,14.9,46.8,78.7,46.8,2.0,66.2,12.0,0.5,0.5,0.3,12.5,39.3,66.1,39.3,2.0,55.5,12.0,0.5,0.5,0.3,51.6,51.6,51.6,51.6,1.0,0.0,18.0,1.0,0.2,0.2,43.3,43.3,43.3,43.3,1.0,0.0,18.0,1.0,0.2,0.2,25.7,25.7,25.7,25.7,1.0,0.0,18.0,1.0,0.2,0.2,21.6,21.6,21.6,21.6,1.0,0.0,18.0,1.0,0.2,0.2,11.0,34.5,58.0,34.5,2.0,48.5,12.0,0.5,0.5,0.3,10.0,35.0,60.0,35.0,2.0,50.0,12.0,0.5,0.5,0.3
1974,2,75.0,-9.0,27.0,27.4,28.0,27.45,20.0,0.8,18.0,0.5,0.3,0.6,25.67,26.75,29.0,27.23,22.0,1.73,18.0,0.5,0.3,0.7,17.18,17.96,19.88,18.29,17.0,1.25,18.0,0.5,0.3,0.6,70.9,77.7,91.4,80.2,17.0,10.2,18.0,0.5,0.6,2.1,4.6,8.2,4.68,20.0,2.87,16.0,0.5,0.3,0.6,-0.72,4.21,7.09,3.51,20.0,3.51,16.0,0.5,0.3,0.6,-0.8,0.41,3.81,0.93,20.0,2.25,16.0,0.5,0.3,0.6,1007.27,1009.45,1011.43,1009.16,22.0,2.27,18.0,0.5,0.3,0.7,1.3,3.0,6.0,3.5,22.0,2.4,18.0,0.5,0.3,0.7,-0.7,18.3,58.1,24.5,20.0,32.0,16.0,0.5,0.3,0.6,-3.6,0.4,19.0,6.2,20.0,16.6,16.0,0.5,0.3,0.6,-1.98,0.7,1.7,0.23,20.0,1.74,18.0,0.5,0.3,0.6,-2.8,2.3,9.6,2.8,19.0,9.1,18.0,0.4,0.3,0.6,2.7,4.64,6.44,4.72,16.0,1.74,18.0,0.5,0.3,0.6,6.7,14.8,38.0,20.1,16.0,17.3,18.0,0.5,0.3,0.6,-18.8,108.6,184.3,95.1,20.0,96.8,16.0,0.5,0.3,0.6,-20.8,11.8,96.1,24.9,20.0,60.0,16.0,0.5,0.3,0.6,3.5,70.5,114.1,63.6,17.0,58.2,18.0,0.5,0.3,0.6,-22.5,0.0,31.7,5.4,17.0,32.2,18.0,0.5,0.3,0.6,0.4,12.3,33.9,17.0,16.0,18.5,18.0,0.5,0.3,0.6,-2.6,0.4,10.2,2.1,16.0,8.8,18.0,0.5,0.3,0.6,9.5,97.5,551.0,224.5,20.0,326.5,16.0,0.5,0.3,0.6,10.0,95.0,550.0,225.0,20.0,325.0,16.0,0.5,0.3,0.6
1974,2,75.0,-8.0,26.4,27.2,28.29,27.23,9.0,0.94,14.0,0.6,0.4,0.5,26.19,27.4,28.56,27.34,10.0,1.19,14.0,0.5,0.4,0.4,16.74,17.62,18.43,17.62,8.0,0.89,14.0,0.5,0.4,0.5,70.0,75.3,84.7,77.2,8.0,8.1,14.0,0.5,0.5,2.1,3.35,8.83,4.56,10.0,3.42,14.0,0.5,0.4,0.4,0.0,3.14,6.01,3.24,10.0,3.07,14.0,0.5,0.4,0.4,-3.2,0.44,2.05,-0.04,10.0,3.7,14.0,0.5,0.4,0.4,1007.09,1008.1,1010.29,1008.48,10.0,1.84,14.0,0.5,0.4,0.4,2.4,6.0,6.6,4.9,10.0,2.2,14.0,0.5,0.4,0.4,0.0,10.6,52.3,23.3,10.0,30.3,14.0,0.5,0.4,0.4,-30.2,1.2,4.6,-4.1,10.0,31.4,14.0,0.5,0.4,0.4,-1.04,-0.1,0.87,-0.18,9.0,1.04,14.0,0.6,0.4,0.5,-2.6,-0.3,4.2,0.4,9.0,4.6,14.0,0.6,0.4,0.5,3.56,4.74,6.71,4.98,7.0,1.58,14.0,0.6,0.4,0.6,10.9,12.9,34.2,19.1,7.0,12.3,14.0,0.6,0.4,0.6,0.0,87.5,160.4,89.1,10.0,83.8,14.0,0.5,0.4,0.4,-89.8,12.8,54.2,-2.5,10.0,99.4,14.0,0.5,0.4,0.4,0.0,44.2,75.4,37.0,8.0,36.6,14.0,0.5,0.4,0.5,-12.0,7.4,33.6,-4.2,8.0,56.1,14.0,0.5,0.4,0.5,-0.2,12.9,20.1,12.7,7.0,12.4,14.0,0.6,0.4,0.6,-7.2,5.9,6.8,-1.5,7.0,15.2,14.0,0.6,0.4,0.6,9.5,38.0,696.0,256.5,10.0,381.0,14.0,0.5,0.4,0.4,10.0,40.0,695.0,255.0,10.0,380.0,14.0,0.5,0.4,0.4
1974,2,75.0,-6.0,26.29,26.7,26.9,26.6,3.0,0.46,26.0,1.0,0.4,0.7,27.58,28.15,28.61,28.1,4.0,0.71,22.0,1.0,0.4,0.7,16.05,18.05,18.47,17.28,3.0,1.89,20.0,1.0,0.4,0.8,65.9,77.5,79.0,72.6,3.0,10.5,20.0,1.0,0.8,5.7,7.35,9.42,7.55,4.0,2.16,22.0,1.0,0.4,0.7,5.65,7.28,9.04,7.35,4.0,1.96,22.0,1.0,0.4,0.7,-2.5,-1.28,-0.47,-1.48,4.0,1.41,22.0,1.0,0.4,0.7,1005.67,1007.1,1009.22,1007.43,3.0,2.62,20.0,1.0,0.4,0.8,4.6,6.0,6.7,5.7,3.0,1.5,20.0,1.0,0.5,0.6,32.2,56.1,85.3,58.6,4.0,30.8,22.0,1.0,0.4,0.7,-23.9,-9.9,-2.7,-13.1,4.0,14.4,22.0,1.0,0.4,0.7,-1.85,-1.1,-1.03,-1.43,3.0,0.67,26.0,1.0,0.4,0.7,-11.4,-9.0,-7.1,-9.3,3.0,3.1,26.0,1.0,0.4,0.7,3.8,5.08,6.36,5.08,2.0,2.65,26.0,1.0,0.4,0.8,21.7,29.0,36.2,29.0,2.0,15.1,26.0,1.0,0.4,0.8,158.4,206.5,254.7,206.6,4.0,55.7,22.0,1.0,0.4,0.7,-70.5,-35.3,-12.8,-41.4,4.0,39.9,22.0,1.0,0.4,0.7,91.0,101.3,149.5,119.8,3.0,45.7,20.0,1.0,0.4,0.8,-48.4,-17.9,-5.7,-26.8,3.0,32.2,20.0,1.0,0.4,0.8,21.4,28.8,36.2,28.8,2.0,15.3,26.0,1.0,0.4,0.8,-2.7,-1.6,-0.5,-1.6,2.0,2.2,26.0,1.0,0.4,0.8,185.0,457.0,840.0,510.0,4.0,385.0,22.0,1.0,0.4,0.7,185.0,455.0,840.0,510.0,4.0,385.0,22.0,1.0,0.4,0.7
1974,2,75.0,-3.0,26.93,27.2,27.47,27.2,2.0,0.57,22.0,0.5,0.4,0.4,27.25,27.35,27.45,27.35,2.0,0.21,22.0,0.5,0.4,0.4,17.18,17.88,18.58,17.88,2.0,1.45,22.0,0.5,0.4,0.4,75.8,78.4,81.0,78.4,2.0,5.4,22.0,0.5,0.4,3.41,5.15,6.89,5.15,2.0,3.61,22.0,0.5,0.4,0.4,1.81,3.78,5.75,3.78,2.0,4.09,22.0,0.5,0.4,0.4,-3.63,-3.15,-2.67,-3.15,2.0,0.99,22.0,0.5,0.4,0.4,1008.17,1008.75,1009.33,1008.75,2.0,1.2,22.0,0.5,0.4,0.4,2.0,4.0,6.0,4.0,2.0,4.2,22.0,0.5,0.4,0.4,10.1,26.8,43.6,26.8,2.0,34.7,22.0,0.5,0.4,0.4,-25.9,-18.0,-10.0,-18.0,2.0,16.5,22.0,0.5,0.4,0.4,-0.32,-0.15,0.02,-0.15,2.0,0.35,22.0,0.5,0.4,0.4,-2.5,-1.4,-0.3,-1.4,2.0,2.4,22.0,0.5,0.4,0.4,4.44,4.79,5.13,4.79,2.0,0.71,22.0,0.5,0.4,0.4,15.8,25.9,36.0,25.9,2.0,20.9,22.0,0.5,0.4,0.4,49.4,102.9,156.5,102.9,2.0,111.0,22.0,0.5,0.4,0.4,-98.8,-86.0,-73.1,-86.0,2.0,26.5,22.0,0.5,0.4,0.4,32.0,64.6,97.2,64.6,2.0,67.6,22.0,0.5,0.4,0.4,-61.9,-55.5,-49.2,-55.5,2.0,13.2,22.0,0.5,0.4,0.4,8.8,19.5,30.3,19.5,2.0,22.2,22.0,0.5,0.4,0.4,-18.8,-15.4,-12.0,-15.4,2.0,7.0,22.0,0.5,0.4,0.4,87.0,237.0,387.0,237.0,2.0,310.5,22.0,0.5,0.4,0.4,85.0,235.0,385.0,235.0,2.0,310.0,22.0,0.5,0.4,0.4
1974,2,75.0,-2.0,28.05,28.15,28.25,28.15,2.0,0.21,10.0,1.0,0.3,0.8,27.22,27.7,28.18,27.7,2.0,0.99,10.0,1.0,0.3,0.8,16.53,16.53,16.53,16.53,1.0,0.0,10.0,1.0,0.4,0.8,74.1,74.1,74.1,74.1,1.0,0.0,10.0,1.0,0.8,3.34,3.85,4.36,3.85,2.0,1.06,10.0,1.0,0.3,0.8,-0.45,-0.27,-0.09,-0.27,2.0,0.38,10.0,1.0,0.3,0.8,-4.35,-3.83,-3.3,-3.83,2.0,1.09,10.0,1.0,0.3,0.8,1008.07,1008.45,1008.83,1008.45,2.0,0.78,10.0,1.0,0.3,0.8,6.2,6.5,6.8,6.5,2.0,0.7,10.0,1.0,0.3,0.8,-1.4,-0.8,-0.3,-0.8,2.0,1.2,10.0,1.0,0.3,0.8,-19.3,-15.3,-11.3,-15.3,2.0,8.3,10.0,1.0,0.3,0.8,-0.13,0.45,1.03,0.45,2.0,1.2,10.0,1.0,0.3,0.8,-0.1,2.4,4.8,2.4,2.0,5.1,10.0,1.0,0.3,0.8,7.65,7.65,7.65,7.65,1.0,0.0,10.0,1.0,0.4,0.8,35.2,35.2,35.2,35.2,1.0,0.0,10.0,1.0,0.4,0.8,-12.9,-7.6,-2.4,-7.6,2.0,10.8,10.0,1.0,0.3,0.8,-118.2,-105.5,-92.7,-105.5,2.0,26.5,10.0,1.0,0.3,0.8,0.0,0.0,0.0,0.0,1.0,0.0,10.0,1.0,0.4,0.8,-76.0,-76.0,-76.0,-76.0,1.0,0.0,10.0,1.0,0.4,0.8,0.0,0.0,0.0,0.0,1.0,0.0,10.0,1.0,0.4,0.8,-35.2,-35.2,-35.2,-35.2,1.0,0.0,10.0,1.0,0.4,0.8,40.5,63.5,86.5,63.5,2.0,48.0,10.0,1.0,0.3,0.8,40.0,65.0,85.0,65.0,2.0,50.0,10.0,1.0,0.3,0.8
1974,2,75.0,-1.0,27.19,27.6,28.08,27.63,3.0,0.65,12.0,0.3,0.7,0.6,25.8,27.1,27.71,26.77,3.0,1.43,12.0,0.3,0.7,0.6,16.28,16.64,17.67,16.97,3.0,1.05,12.0,0.3,0.7,0.6,74.9,76.6,79.2,77.0,3.0,3.2,12.0,0.3,0.6,3.39,5.1,5.1,4.27,3.0,1.44,12.0,0.3,0.7,0.6,1.69,1.74,3.82,2.74,3.0,1.78,12.0,0.3,0.7,0.6,-3.9,-1.99,-1.82,-2.84,3.0,1.69,12.0,0.3,0.7,0.6,1008.25,1008.8,1009.41,1008.83,3.0,0.85,12.0,0.3,0.7,0.6,4.0,6.0,6.7,5.3,3.0,2.1,12.0,0.3,0.7,0.6,5.8,8.9,19.5,12.6,3.0,10.5,12.0,0.3,0.7,0.6,-19.5,-8.9,-6.4,-12.8,3.0,10.2,12.0,0.3,0.7,0.6,0.11,1.2,1.61,0.87,3.0,1.14,12.0,0.3,0.7,0.6,1.2,6.1,8.2,4.8,3.0,5.2,12.0,0.3,0.7,0.6,5.45,6.25,7.14,6.3,3.0,1.24,12.0,0.3,0.7,0.6,19.1,31.9,36.4,27.9,3.0,13.1,12.0,0.3,0.7,0.6,46.9,47.3,97.4,71.6,3.0,42.6,12.0,0.3,0.7,0.6,-106.4,-55.8,-47.7,-76.5,3.0,46.6,12.0,0.3,0.7,0.6,29.4,30.3,62.4,45.5,3.0,27.5,12.0,0.3,0.7,0.6,-65.9,-36.1,-30.7,-48.0,3.0,27.8,12.0,0.3,0.7,0.6,10.0,13.2,24.6,17.2,3.0,11.3,12.0,0.3,0.7,0.6,-28.2,-10.9,-10.4,-19.1,3.0,14.8,12.0,0.3,0.7,0.6,54.0,132.5,132.5,94.5,3.0,66.5,12.0,0.3,0.7,0.6,55.0,135.0,135.0,95.0,3.0,65.0,12.0,0.3,0.7,0.6
1974,2,75.0,0.0,27.59,28.3,28.43,28.02,13.0,0.85,22.0,0.4,0.5,0.4,26.97,27.45,28.38,27.77,12.0,1.19,24.0,0.3,0.5,0.3,15.8,16.64,17.64,16.86,11.0,1.26,24.0,0.4,0.5,0.3,69.4,71.6,77.8,72.4,11.0,4.6,24.0,0.4,0.3,0.0,2.6,5.21,3.03,13.0,2.75,22.0,0.4,0.5,0.4,-0.93,0.0,0.65,0.02,13.0,0.86,22.0,0.4,0.5,0.4,-5.21,-2.25,0.65,-2.56,13.0,3.11,22.0,0.4,0.5,0.4,1009.28,1011.2,1012.23,1011.02,13.0,1.35,22.0,0.4,0.5,0.4,0.0,2.0,4.1,2.2,13.0,2.2,22.0,0.4,0.5,0.4,-3.5,0.0,0.7,-0.2,13.0,3.5,22.0,0.4,0.5,0.4,-27.2,-5.9,0.7,-15.5,13.0,20.6,22.0,0.4,0.5,0.4,-1.28,0.85,1.2,0.43,12.0,1.19,24.0,0.3,0.5,0.3,-7.0,0.5,3.1,-0.2,12.0,6.0,24.0,0.3,0.5,0.3,5.88,7.65,8.41,7.35,11.0,1.16,24.0,0.4,0.5,0.3,0.0,8.5,38.2,18.3,11.0,20.2,24.0,0.4,0.5,0.3,-26.1,0.0,18.5,0.2,12.0,25.0,24.0,0.3,0.5,0.3,-141.9,-30.3,18.4,-66.3,12.0,89.8,24.0,0.3,0.5,0.3,-18.0,0.0,11.0,-0.4,11.0,16.4,24.0,0.4,0.5,0.3,-81.5,0.0,11.0,-34.6,11.0,51.4,24.0,0.4,0.5,0.3,-6.9,0.0,5.9,0.8,11.0,6.5,24.0,0.4,0.5,0.3,-36.7,0.0,5.8,-13.8,11.0,22.9,24.0,0.4,0.5,0.3,0.0,17.5,143.0,98.0,13.0,156.5,22.0,0.4,0.5,0.4,0.0,20.0,145.0,100.0,13.0,155.0,22.0,0.4,0.5,0.4
1974,2,75.0,1.0,27.2,27.2,27.68,27.42,5.0,0.35,14.0,0.2,0.4,0.5,26.16,26.6,28.25,27.2,6.0,1.51,12.0,0.3,0.4,0.4,16.1,16.62,16.87,16.49,4.0,0.61,14.0,0.3,0.4,0.5,72.3,75.8,78.7,75.5,4.0,3.7,14.0,0.3,0.5,2.6,3.85,6.14,4.27,6.0,1.79,12.0,0.3,0.4,0.4,-0.62,0.0,1.05,-0.07,6.0,1.58,12.0,0.3,0.4,0.4,-5.51,-3.85,-2.35,-4.01,6.0,1.81,12.0,0.3,0.4,0.4,1009.0,1010.15,1011.49,1010.3,6.0,1.33,12.0,0.3,0.4,0.4,1.6,3.5,5.4,3.5,6.0,2.4,12.0,0.3,0.4,0.4,-3.7,0.0,2.7,-1.9,6.0,8.1,12.0,0.3,0.4,0.4,-34.0,-15.4,-6.1,-19.7,6.0,15.9,12.0,0.3,0.4,0.4,0.1,1.2,1.37,0.78,5.0,0.86,14.0,0.2,0.4,0.5,0.0,3.1,8.8,3.9,5.0,5.0,14.0,0.2,0.4,0.5,5.74,6.22,6.73,6.23,4.0,0.65,14.0,0.3,0.4,0.5,18.6,23.5,34.5,26.4,4.0,11.7,14.0,0.3,0.4,0.5,-16.4,0.0,28.7,-1.0,6.0,43.3,12.0,0.3,0.4,0.4,-145.5,-105.3,-62.7,-107.9,6.0,46.4,12.0,0.3,0.4,0.4,0.0,0.0,7.7,3.7,4.0,7.4,14.0,0.3,0.4,0.5,-95.7,-63.6,-44.4,-69.8,4.0,32.2,14.0,0.3,0.4,0.5,0.0,0.0,2.8,1.3,4.0,2.7,14.0,0.3,0.4,0.5,-34.5,-23.5,-18.1,-26.2,4.0,12.0,14.0,0.3,0.4,0.5,17.5,63.5,233.5,113.0,6.0,119.5,12.0,0.3,0.4,0.4,20.0,65.0,235.0,115.0,6.0,120.0,12.0,0.3,0.4,0.4
1974,2,75.0,2.0,26.89,27.8,28.31,27.64,5.0,0.77,12.0,0.8,0.6,0.2,27.27,27.9,29.37,28.24,5.0,1.28,12.0,0.8,0.6,0.2,16.06,16.48,17.64,16.74,5.0,0.94,12.0,0.8,0.6,0.2,66.4,71.1,75.0,70.2,5.0,6.8,12.0,0.8,0.2,2.6,4.1,6.2,4.34,5.0,1.8,12.0,0.8,0.6,0.2,-2.76,-2.12,-1.21,-2.01,5.0,0.88,12.0,0.8,0.6,0.2,-5.54,-3.85,-1.72,-3.59,5.0,2.2,12.0,0.8,0.6,0.2,1010.15,1010.6,1012.55,1011.26,5.0,1.48,12.0,0.8,0.6,0.2,1.9,3.0,5.4,3.4,5.0,2.3,12.0,0.8,0.6,0.2,-15.4,-6.7,-4.5,-9.4,5.0,6.7,12.0,0.8,0.6,0.2,-34.3,-15.8,-4.5,-18.5,5.0,15.7,12.0,0.8,0.6,0.2,-1.86,-0.8,0.97,-0.6,5.0,1.68,12.0,0.8,0.6,0.2,-6.0,-2.1,6.0,-0.5,5.0,6.4,12.0,0.8,0.6,0.2,5.57,6.82,7.33,6.48,5.0,1.33,12.0,0.8,0.6,0.2,17.2,18.1,45.4,28.9,5.0,16.1,12.0,0.8,0.6,0.2,-78.4,-56.6,-34.6,-56.4,5.0,24.2,12.0,0.8,0.6,0.2,-150.9,-107.5,-51.3,-99.5,5.0,58.6,12.0,0.8,0.6,0.2,-47.5,-35.0,-20.7,-33.9,5.0,15.1,12.0,0.8,0.6,0.2,-91.0,-67.6,-26.9,-59.5,5.0,36.5,12.0,0.8,0.6,0.2,-19.2,-14.7,-6.1,-13.6,5.0,7.8,12.0,0.8,0.6,0.2,-41.4,-17.0,-11.6,-24.0,5.0,17.2,12.0,0.8,0.6,0.2,17.5,69.0,238.5,116.0,5.0,113.5,12.0,0.8,0.6,0.2,20.0,70.0,240.0,115.0,5.0,115.0,12.0,0.8,0.6,0.2
1974,2,75.0,4.0,26.9,26.9,26.9,26.9,1.0,0.0,2.0,0.0,0.9,0.9,26.2,26.2,26.2,26.2,1.0,0.0,2.0,0.0,0.9,0.9,17.05,17.05,17.05,17.05,1.0,0.0,2.0,0.0,0.9,0.9,80.1,80.1,80.1,80.1,1.0,0.0,2.0,0.0,0.9,6.2,6.2,6.2,6.2,1.0,0.0,2.0,0.0,0.9,0.9,-5.83,-5.83,-5.83,-5.83,1.0,0.0,2.0,0.0,0.9,0.9,2.12,2.12,2.12,2.12,1.0,0.0,2.0,0.0,0.9,0.9,1008.7,1008.7,1008.7,1008.7,1.0,0.0,2.0,0.0,0.9,0.9,3.0,3.0,3.0,3.0,1.0,0.0,2.0,0.0,0.9,0.9,-36.1,-36.1,-36.1,-36.1,1.0,0.0,2.0,0.0,0.9,0.9,13.1,13.1,13.1,13.1,1.0,0.0,2.0,0.0,0.9,0.9,0.7,0.7,0.7,0.7,1.0,0.0,2.0,0.0,0.9,0.9,4.3,4.3,4.3,4.3,1.0,0.0,2.0,0.0,0.9,0.9,5.21,5.21,5.21,5.21,1.0,0.0,2.0,0.0,0.9,0.9,32.3,32.3,32.3,32.3,1.0,0.0,2.0,0.0,0.9,0.9,-152.6,-152.6,-152.6,-152.6,1.0,0.0,2.0,0.0,0.9,0.9,55.6,55.6,55.6,55.6,1.0,0.0,2.0,0.0,0.9,0.9,-99.4,-99.4,-99.4,-99.4,1.0,0.0,2.0,0.0,0.9,0.9,36.2,36.2,36.2,36.2,1.0,0.0,2.0,0.0,0.9,0.9,-30.3,-30.3,-30.3,-30.3,1.0,0.0,2.0,0.0,0.9,0.9,11.0,11.0,11.0,11.0,1.0,0.0,2.0,0.0,0.9,0.9,238.5,238.5,238.5,238.5,1.0,0.0,2.0,0.0,0.9,0.9,240.0,240.0,240.0,240.0,1.0,0.0,2.0,0.0,0.9,0.9
1974,2,75.0,5.0,27.1,27.6,28.0,27.55,4.0,0.53,18.0,0.5,0.5,0.5,26.04,26.35,27.19,26.6,4.0,0.91,18.0,0.5,0.5,0.5,15.12,17.64,19.37,17.26,4.0,2.65,18.0,0.5,0.5,0.5,67.5,83.6,91.8,79.8,4.0,15.4,18.0,0.5,0.5,4.55,6.7,8.06,6.33,4.0,2.77,18.0,0.5,0.5,0.5,-5.58,-4.72,-2.05,-3.85,4.0,2.66,18.0,0.5,0.5,0.5,-6.18,-4.72,-3.41,-4.79,4.0,1.88,18.0,0.5,0.5,0.5,1009.44,1010.95,1012.46,1010.95,4.0,1.74,18.0,0.5,0.5,0.5,1.0,1.0,2.6,1.8,4.0,1.5,18.0,0.5,0.5,0.5,-45.5,-31.6,-13.7,-29.7,4.0,22.9,18.0,0.5,0.5,0.5,-51.1,-31.6,-17.3,-34.1,4.0,24.6,18.0,0.5,0.5,0.5,0.34,1.0,1.56,0.95,4.0,0.73,18.0,0.5,0.5,0.5,2.4,4.2,7.0,4.7,4.0,3.5,18.0,0.5,0.5,0.5,3.81,4.93,7.94,5.83,4.0,2.8,18.0,0.5,0.5,0.5,17.2,32.4,66.5,41.4,4.0,35.0,18.0,0.5,0.5,0.5,-151.9,-123.3,-52.9,-103.3,4.0,72.6,18.0,0.5,0.5,0.5,-167.2,-123.1,-90.0,-128.3,4.0,54.1,18.0,0.5,0.5,0.5,-83.8,-82.2,-38.7,-62.2,4.0,41.5,18.0,0.5,0.5,0.5,-98.0,-83.8,-60.7,-79.6,4.0,22.7,18.0,0.5,0.5,0.5,-45.1,-23.3,-7.6,-26.2,4.0,24.7,18.0,0.5,0.5,0.5,-48.6,-22.4,-14.4,-31.1,4.0,26.3,18.0,0.5,0.5,0.5,152.5,301.0,564.5,356.0,4.0,327.5,18.0,0.5,0.5,0.5,150.0,300.0,565.0,355.0,4.0,325.0,18.0,0.5,0.5,0.5
1974,2,75.0,6.0,27.1,27.5,28.95,28.0,4.0,1.38,6.0,0.8,0.5,0.0,26.79,28.0,30.26,28.5,4.0,2.2,6.0,0.8,0.5,0.0,14.85,15.37,15.88,15.37,2.0,1.06,4.0,0.5,0.3,0.0,67.9,69.7,71.5,69.7,2.0,3.7,4.0,0.5,0.0,3.41,5.15,6.89,5.15,2.0,3.61,4.0,0.5,0.3,0.0,-6.16,-3.84,-1.53,-3.84,2.0,4.8,4.0,0.5,0.3,0.0,-2.62,-2.6,-2.57,-2.6,2.0,0.05,4.0,0.5,0.3,0.0,1008.81,1010.5,1012.4,1010.6,4.0,2.25,6.0,0.8,0.5,0.0,1.5,3.0,6.1,3.8,4.0,3.1,6.0,0.8,0.5,0.0,-47.1,-28.4,-9.8,-28.4,2.0,38.6,4.0,0.5,0.3,0.0,-18.1,-13.5,-8.8,-13.5,2.0,9.6,4.0,0.5,0.3,0.0,-1.71,-0.4,0.7,-0.5,4.0,1.41,6.0,0.8,0.5,0.0,2.3,3.9,5.4,3.9,2.0,3.3,4.0,0.5,0.3,0.0,7.46,7.7,7.95,7.7,2.0,0.51,4.0,0.5,0.3,0.0,26.6,38.8,50.9,38.8,2.0,25.2,4.0,0.5,0.3,0.0,-166.3,-103.7,-41.1,-103.7,2.0,129.6,4.0,0.5,0.3,0.0,-70.6,-69.6,-68.6,-69.6,2.0,2.1,4.0,0.5,0.3,0.0,-99.2,-61.6,-24.1,-61.6,2.0,77.8,4.0,0.5,0.3,0.0,-41.7,-39.9,-38.2,-39.9,2.0,3.6,4.0,0.5,0.3,0.0,-45.3,-28.4,-11.5,-28.4,2.0,35.0,4.0,0.5,0.3,0.0,-20.4,-20.0,-19.5,-20.0,2.0,0.9,4.0,0.5,0.3,0.0,87.0,237.0,387.0,237.0,2.0,310.5,4.0,0.5,0.3,0.0,85.0,235.0,385.0,235.0,2.0,310.0,4.0,0.5,0.3,0.0
1974,2,75.0,7.0,26.68,27.9,29.0,27.81,13.0,1.08,20.0,0.4,0.5,0.5,26.23,27.45,28.46,27.49,16.0,1.08,20.0,0.4,0.5,0.5,16.48,17.41,18.69,17.53,14.0,1.68,20.0,0.4,0.6,0.4,69.5,75.5,81.0,76.3,14.0,6.3,20.0,0.4,0.4,0.0,2.6,4.91,2.61,16.0,2.32,20.0,0.4,0.5,0.5,-1.1,0.0,2.2,0.28,16.0,1.68,20.0,0.4,0.5,0.5,-3.98,-1.53,0.0,-2.01,16.0,2.32,20.0,0.4,0.5,0.5,1007.74,1010.8,1012.82,1010.48,16.0,2.59,20.0,0.4,0.5,0.5,0.4,2.0,4.6,2.6,16.0,2.4,20.0,0.4,0.5,0.5,-2.8,0.0,9.5,1.9,16.0,7.4,20.0,0.4,0.5,0.5,-19.3,-4.2,0.0,-9.8,16.0,14.0,20.0,0.4,0.5,0.5,-0.91,0.7,1.31,0.32,13.0,1.47,20.0,0.4,0.5,0.5,-0.2,0.0,3.9,1.1,13.0,2.9,20.0,0.4,0.5,0.5,4.32,6.16,7.53,5.87,11.0,2.38,20.0,0.4,0.5,0.5,0.0,9.2,23.1,11.2,11.0,10.5,20.0,0.4,0.5,0.5,-30.5,0.0,60.9,7.5,16.0,45.9,20.0,0.4,0.5,0.5,-110.0,-42.2,0.0,-55.6,16.0,64.0,20.0,0.4,0.5,0.5,-29.5,0.0,38.2,3.5,14.0,29.8,20.0,0.4,0.6,0.4,-69.7,-27.3,0.0,-32.8,14.0,37.4,20.0,0.4,0.6,0.4,-5.6,0.0,6.7,0.0,11.0,9.7,20.0,0.4,0.5,0.5,-19.7,-6.6,0.0,-7.0,11.0,10.0,20.0,0.4,0.5,0.5,0.0,17.5,119.0,60.5,16.0,92.0,20.0,0.4,0.5,0.5,0.0,20.0,120.0,60.0,16.0,90.0,20.0,0.4,0.5,0.5
1974,2,75.0,8.0,29.0,29.0,29.0,29.0,1.0,0.0,24.0,1.0,0.4,0.0,27.6,27.6,27.6,27.6,1.0,0.0,24.0,1.0,0.4,0.0,17.49,17.49,17.49,17.49,1.0,0.0,24.0,1.0,0.4,0.0,75.6,75.6,75.6,75.6,1.0,0.0,24.0,1.0,0.0,0.0,0.0,0.0,0.0,1.0,0.0,24.0,1.0,0.4,0.0,0.0,0.0,0.0,0.0,1.0,0.0,24.0,1.0,0.4,0.0,0.0,0.0,0.0,0.0,1.0,0.0,24.0,1.0,0.4,0.0,1008.3,1008.3,1008.3,1008.3,1.0,0.0,24.0,1.0,0.4,0.0,2.0,2.0,2.0,2.0,1.0,0.0,24.0,1.0,0.4,0.0,0.0,0.0,0.0,0.0,1.0,0.0,24.0,1.0,0.4,0.0,0.0,0.0,0.0,0.0,1.0,0.0,24.0,1.0,0.4,0.0,1.4,1.4,1.4,1.4,1.0,0.0,24.0,1.0,0.4,0.0,0.0,0.0,0.0,0.0,1.0,0.0,24.0,1.0,0.4,0.0,7.74,7.74,7.74,7.74,1.0,0.0,24.0,1.0,0.4,0.0,0.0,0.0,0.0,0.0,1.0,0.0,24.0,1.0,0.4,0.0,0.0,0.0,0.0,0.0,1.0,0.0,24.0,1.0,0.4,0.0,0.0,0.0,0.0,0.0,1.0,0.0,24.0,1.0,0.4,0.0,0.0,0.0,0.0,0.0,1.0,0.0,24.0,1.0,0.4,0.0,0.0,0.0,0.0,0.0,1.0,0.0,24.0,1.0,0.4,0.0,0.0,0.0,0.0,0.0,1.0,0.0,24.0,1.0,0.4,0.0,0.0,0.0,0.0,0.0,1.0,0.0,24.0,1.0,0.4,0.0,0.0,0.0,0.0,0.0,1.0,0.0,24.0,1.0,0.4,0.0,0.0,0.0,0.0,0.0,1.0,0.0,24.0,1.0,0.4,0.0
1974,2,75.0,9.0,27.6,28.3,29.0,28.2,20.0,0.9,16.0,0.6,0.5,0.6,27.0,27.9,29.16,27.96,21.0,1.61,16.0,0.6,0.5,0.6,15.49,17.33,18.71,17.35,20.0,2.38,16.0,0.6,0.5,0.6,65.7,74.1,81.0,73.3,20.0,8.1,16.0,0.6,0.6,1.7,2.6,5.1,3.08,22.0,1.77,16.0,0.6,0.5,0.6,-1.29,1.06,2.38,0.85,22.0,2.14,16.0,0.6,0.5,0.6,-3.46,-1.82,0.0,-1.6,22.0,2.25,16.0,0.6,0.5,0.6,1007.87,1011.5,1012.93,1010.82,22.0,2.59,16.0,0.6,0.5,0.6,0.0,1.0,4.0,2.2,22.0,2.3,16.0,0.6,0.5,0.6,-2.2,2.8,8.7,2.8,22.0,10.4,16.0,0.6,0.5,0.6,-16.2,-3.8,0.0,-6.3,22.0,12.0,16.0,0.6,0.5,0.6,-1.19,0.6,1.03,0.1,19.0,1.63,16.0,0.6,0.5,0.6,-4.4,0.0,2.6,-0.8,19.0,5.7,16.0,0.6,0.5,0.6,5.19,6.58,8.29,6.63,19.0,2.22,16.0,0.6,0.5,0.6,6.8,18.3,23.6,16.8,19.0,10.5,16.0,0.6,0.5,0.6,-37.7,28.7,67.5,23.3,21.0,62.7,16.0,0.6,0.5,0.6,-91.2,-47.3,0.0,-40.4,21.0,64.7,16.0,0.6,0.5,0.6,-26.2,15.3,35.9,13.6,20.0,41.3,16.0,0.6,0.5,0.6,-51.3,-26.0,0.0,-23.5,20.0,40.1,16.0,0.6,0.5,0.6,-9.0,6.3,13.1,3.9,19.0,12.1,16.0,0.6,0.5,0.6,-20.5,-8.9,0.0,-8.7,19.0,12.9,16.0,0.6,0.5,0.6,5.5,17.5,132.5,57.5,22.0,75.0,16.0,0.6,0.5,0.6,5.0,20.0,135.0,55.0,22.0,75.0,16.0,0.6,0.5,0.6
1974,2,75.0,10.0,27.53,28.15,28.96,28.17,10.0,0.67,14.0,0.8,0.4,0.4,27.31,27.9,30.0,28.6,14.0,1.67,14.0,0.9,0.5,0.4,13.88,16.06,18.61,16.43,9.0,2.55,12.0,0.8,0.4,0.4,60.5,66.5,75.3,69.2,9.0,11.0,12.0,0.8,0.4,1.53,3.6,6.41,3.75,11.0,2.39,12.0,0.9,0.5,0.4,-5.93,0.0,2.66,-1.23,11.0,3.93,12.0,0.9,0.5,0.4,-3.18,-0.63,0.37,-1.04,11.0,1.68,12.0,0.9,0.5,0.4,1007.41,1012.25,1013.5,1011.37,14.0,3.23,14.0,0.9,0.5,0.4,0.0,1.5,5.8,2.2,14.0,2.5,14.0,0.9,0.5,0.4,-38.3,0.0,9.0,-10.2,11.0,22.1,12.0,0.9,0.5,0.4,-12.2,-2.3,1.0,-4.6,11.0,8.5,12.0,0.9,0.5,0.4,-1.03,0.2,1.36,0.13,10.0,1.26,14.0,0.8,0.4,0.4,-3.8,-0.6,0.9,-1.0,8.0,3.4,14.0,0.9,0.4,0.4,6.02,7.64,9.4,7.39,9.0,1.9,12.0,0.8,0.4,0.4,18.7,29.5,55.9,33.4,8.0,22.0,14.0,0.9,0.4,0.4,-165.3,0.0,76.6,-33.7,11.0,110.1,12.0,0.9,0.5,0.4,-94.3,-17.4,11.0,-30.1,11.0,48.3,12.0,0.9,0.5,0.4,-78.6,-5.1,44.6,-12.1,8.0,59.9,14.0,0.9,0.4,0.4,-52.8,-11.9,13.1,-18.9,8.0,29.7,14.0,0.9,0.4,0.4,-54.8,-1.6,21.2,-12.3,8.0,35.2,14.0,0.9,0.4,0.4,-27.3,-6.1,6.0,-9.3,8.0,15.6,14.0,0.9,0.4,0.4,10.5,46.5,264.0,107.5,11.0,119.0,12.0,0.9,0.5,0.4,10.0,45.0,265.0,105.0,11.0,120.0,12.0,0.9,0.5,0.4
1974,2,75.0,11.0,28.25,29.0,29.95,29.0,9.0,0.86,20.0,0.4,0.2,0.4,26.6,28.0,29.57,28.31,9.0,1.61,20.0,0.4,0.2,0.4,16.66,18.55,19.78,18.16,7.0,1.51,18.0,0.4,0.1,0.4,70.3,78.2,82.7,76.7,7.0,5.9,18.0,0.4,0.4,1.13,3.0,3.97,2.66,9.0,1.58,20.0,0.4,0.2,0.4,0.05,1.03,2.34,1.16,9.0,1.79,20.0,0.4,0.2,0.4,-2.42,-0.51,2.83,0.0,9.0,2.39,20.0,0.4,0.2,0.4,1010.71,1011.0,1012.46,1011.46,9.0,0.92,20.0,0.4,0.2,0.4,0.3,1.0,3.7,1.7,9.0,1.6,20.0,0.4,0.2,0.4,0.0,2.3,9.2,4.7,9.0,8.1,20.0,0.4,0.2,0.4,-8.4,-0.8,10.7,0.4,9.0,8.4,20.0,0.4,0.2,0.4,-0.68,0.4,2.37,0.69,9.0,1.57,20.0,0.4,0.2,0.4,0.1,0.9,7.0,2.3,9.0,5.2,20.0,0.4,0.2,0.4,5.63,6.87,8.1,6.62,7.0,1.7,18.0,0.4,0.1,0.4,7.7,13.7,24.8,14.2,7.0,9.5,18.0,0.4,0.1,0.4,1.3,30.3,68.0,33.6,9.0,50.9,20.0,0.4,0.2,0.4,-64.9,-14.4,81.9,-0.3,9.0,67.2,20.0,0.4,0.2,0.4,-1.4,11.8,27.4,12.8,7.0,25.6,18.0,0.4,0.1,0.4,-17.0,0.0,62.5,13.4,7.0,42.1,18.0,0.4,0.1,0.4,-0.6,4.3,9.0,3.4,7.0,8.1,18.0,0.4,0.1,0.4,-8.7,0.0,14.5,2.2,7.0,15.6,18.0,0.4,0.1,0.4,1.5,27.0,63.0,35.5,9.0,40.5,20.0,0.4,0.2,0.4,0.0,25.0,65.0,35.0,9.0,40.0,20.0,0.4,0.2,0.4
1974,2,76.0,-67.0,,,,,,,,,,,,,,,,,,,,,,,,,,,,,,,,,,,,,,,,11.0,11.0,11.0,11.0,1.0,0.0,20.0,1.0,0.9,0.8,-9.53,-9.53,-9.53,-9.53,1.0,0.0,20.0,1.0,0.9,0.8,-5.5,-5.5,-5.5,-5.5,1.0,0.0,20.0,1.0,0.9,0.8,988.5,988.5,988.5,988.5,1.0,0.0,20.0,1.0,0.9,0.8,,,,,,,,,,,,,,,,,,,,,,,,,,,,,,,,,,,,,,,,,,,,,,,,,,,,,,,,,,,,,,,,,,,,,,,,,,,,,,,,,,,,,,,,,,,,,,,,,,,,,,,,,,,,,,,,,,,,,,,,,,,,,,,,,,,,,,,,,,,,,,,,,,,,,,
1974,2,76.0,-64.0,1.5,1.5,1.5,1.5,1.0,0.0,12.0,0.0,0.3,0.6,1.0,1.0,1.0,1.0,1.0,0.0,12.0,0.0,0.3,0.6,3.39,3.39,3.39,3.39,1.0,0.0,12.0,0.0,0.3,0.6,80.4,80.4,80.4,80.4,1.0,0.0,12.0,0.0,0.6,6.0,6.0,6.0,6.0,1.0,0.0,12.0,0.0,0.3,0.6,-3.86,-3.86,-3.86,-3.86,1.0,0.0,12.0,0.0,0.3,0.6,-4.6,-4.6,-4.6,-4.6,1.0,0.0,12.0,0.0,0.3,0.6,975.1,975.1,975.1,975.1,1.0,0.0,12.0,0.0,0.3,0.6,8.0,8.0,8.0,8.0,1.0,0.0,12.0,0.0,0.3,0.6,-23.1,-23.1,-23.1,-23.1,1.0,0.0,12.0,0.0,0.3,0.6,-27.6,-27.6,-27.6,-27.6,1.0,0.0,12.0,0.0,0.3,0.6,0.5,0.5,0.5,0.5,1.0,0.0,12.0,0.0,0.3,0.6,3.0,3.0,3.0,3.0,1.0,0.0,12.0,0.0,0.3,0.6,0.99,0.99,0.99,0.99,1.0,0.0,12.0,0.0,0.3,0.6,5.9,5.9,5.9,5.9,1.0,0.0,12.0,0.0,0.3,0.6,-3.9,-3.9,-3.9,-3.9,1.0,0.0,12.0,0.0,0.3,0.6,-4.6,-4.6,-4.6,-4.6,1.0,0.0,12.0,0.0,0.3,0.6,-13.1,-13.1,-13.1,-13.1,1.0,0.0,12.0,0.0,0.3,0.6,-15.6,-15.6,-15.6,-15.6,1.0,0.0,12.0,0.0,0.3,0.6,-3.8,-3.8,-3.8,-3.8,1.0,0.0,12.0,0.0,0.3,0.6,-4.5,-4.5,-4.5,-4.5,1.0,0.0,12.0,0.0,0.3,0.6,216.0,216.0,216.0,216.0,1.0,0.0,12.0,0.0,0.3,0.6,215.0,215.0,215.0,215.0,1.0,0.0,12.0,0.0,0.3,0.6
1974,2,76.0,-48.0,5.97,7.2,8.43,7.2,2.0,2.55,10.0,1.0,0.0,0.6,4.37,5.15,5.93,5.15,2.0,1.63,10.0,1.0,0.0,0.6,3.82,4.16,4.5,4.16,2.0,0.71,10.0,1.0,0.0,0.6,74.5,76.5,78.5,76.5,2.0,4.1,10.0,1.0,0.6,8.86,11.35,13.84,11.35,2.0,5.16,10.0,1.0,0.0,0.6,2.06,6.5,10.93,6.5,2.0,9.19,10.0,1.0,0.0,0.6,7.53,7.6,7.67,7.6,2.0,0.14,10.0,1.0,0.0,0.6,1019.95,1021.55,1023.15,1021.55,2.0,3.32,10.0,1.0,0.0,0.6,7.2,7.5,7.8,7.5,2.0,0.7,10.0,1.0,0.0,0.6,30.9,97.4,163.9,97.4,2.0,137.8,10.0,1.0,0.0,0.6,67.7,85.9,104.1,85.9,2.0,37.6,10.0,1.0,0.0,0.6,1.61,2.05,2.49,2.05,2.0,0.92,10.0,1.0,0.0,0.6,20.8,20.9,21.0,20.9,2.0,0.1,10.0,1.0,0.0,0.6,1.92,2.12,2.31,2.12,2.0,0.4,10.0,1.0,0.0,0.6,19.9,23.0,26.1,23.0,2.0,6.3,10.0,1.0,0.0,0.6,8.2,26.0,43.7,26.0,2.0,36.7,10.0,1.0,0.0,0.6,32.9,39.3,45.6,39.3,2.0,13.1,10.0,1.0,0.0,0.6,7.5,23.8,40.0,23.8,2.0,33.6,10.0,1.0,0.0,0.6,28.8,31.7,34.5,31.7,2.0,6.0,10.0,1.0,0.0,0.6,3.8,11.9,20.0,11.9,2.0,16.8,10.0,1.0,0.0,0.6,14.5,16.1,17.8,16.1,2.0,3.4,10.0,1.0,0.0,0.6,919.5,1916.0,2912.0,1916.0,2.0,2063.5,10.0,1.0,0.0,0.6,920.0,1915.0,2910.0,1915.0,2.0,2065.0,10.0,1.0,0.0,0.6
1974,2,76.0,-40.0,17.0,17.0,17.0,17.0,1.0,0.0,6.0,0.0,0.4,0.4,17.3,17.3,17.3,17.3,1.0,0.0,6.0,0.0,0.4,0.4,11.26,11.26,11.26,11.26,1.0,0.0,6.0,0.0,0.4,0.4,93.8,93.8,93.8,93.8,1.0,0.0,6.0,0.0,0.4,0.0,0.0,0.0,0.0,1.0,0.0,6.0,0.0,0.4,0.4,0.0,0.0,0.0,0.0,1.0,0.0,6.0,0.0,0.4,0.4,0.0,0.0,0.0,0.0,1.0,0.0,6.0,0.0,0.4,0.4,1034.5,1034.5,1034.5,1034.5,1.0,0.0,6.0,0.0,0.4,0.4,0.0,0.0,0.0,0.0,1.0,0.0,6.0,0.0,0.4,0.4,0.0,0.0,0.0,0.0,1.0,0.0,6.0,0.0,0.4,0.4,0.0,0.0,0.0,0.0,1.0,0.0,6.0,0.0,0.4,0.4,-0.3,-0.3,-0.3,-0.3,1.0,0.0,6.0,0.0,0.4,0.4,0.0,0.0,0.0,0.0,1.0,0.0,6.0,0.0,0.4,0.4,0.52,0.52,0.52,0.52,1.0,0.0,6.0,0.0,0.4,0.4,0.0,0.0,0.0,0.0,1.0,0.0,6.0,0.0,0.4,0.4,0.0,0.0,0.0,0.0,1.0,0.0,6.0,0.0,0.4,0.4,0.0,0.0,0.0,0.0,1.0,0.0,6.0,0.0,0.4,0.4,0.0,0.0,0.0,0.0,1.0,0.0,6.0,0.0,0.4,0.4,0.0,0.0,0.0,0.0,1.0,0.0,6.0,0.0,0.4,0.4,0.0,0.0,0.0,0.0,1.0,0.0,6.0,0.0,0.4,0.4,0.0,0.0,0.0,0.0,1.0,0.0,6.0,0.0,0.4,0.4,0.0,0.0,0.0,0.0,1.0,0.0,6.0,0.0,0.4,0.4,0.0,0.0,0.0,0.0,1.0,0.0,6.0,0.0,0.4,0.4
1974,2,76.0,-37.0,,,,,,,,,,,,,,,,,,,,,,,,,,,,,,,,,,,,,,,,6.7,6.7,6.7,6.7,1.0,0.0,14.0,1.0,0.5,1.0,-1.16,-1.16,-1.16,-1.16,1.0,0.0,14.0,1.0,0.5,1.0,6.6,6.6,6.6,6.6,1.0,0.0,14.0,1.0,0.5,1.0,1023.3,1023.3,1023.3,1023.3,1.0,0.0,14.0,1.0,0.5,1.0,,,,,,,,,,,,,,,,,,,,,,,,,,,,,,,,,,,,,,,,,,,,,,,,,,,,,,,,,,,,,,,,,,,,,,,,,,,,,,,,,,,,,,,,,,,,,,,,,,,,,,,,,,,,,,,,,,,,,,,,,,,,,,,,,,,,,,,,,,,,,,,,,,,,,,
1974,2,76.0,-34.0,22.9,22.9,22.9,22.9,1.0,0.0,10.0,1.0,0.1,0.8,20.5,20.5,20.5,20.5,1.0,0.0,10.0,1.0,0.1,0.8,11.51,11.51,11.51,11.51,1.0,0.0,10.0,1.0,0.1,0.8,77.8,77.8,77.8,77.8,1.0,0.0,10.0,1.0,0.8,3.1,3.1,3.1,3.1,1.0,0.0,10.0,1.0,0.1,0.8,-3.05,-3.05,-3.05,-3.05,1.0,0.0,10.0,1.0,0.1,0.8,0.54,0.54,0.54,0.54,1.0,0.0,10.0,1.0,0.1,0.8,1025.2,1025.2,1025.2,1025.2,1.0,0.0,10.0,1.0,0.1,0.8,8.0,8.0,8.0,8.0,1.0,0.0,10.0,1.0,0.1,0.8,-9.5,-9.5,-9.5,-9.5,1.0,0.0,10.0,1.0,0.1,0.8,1.7,1.7,1.7,1.7,1.0,0.0,10.0,1.0,0.1,0.8,2.4,2.4,2.4,2.4,1.0,0.0,10.0,1.0,0.1,0.8,7.4,7.4,7.4,7.4,1.0,0.0,10.0,1.0,0.1,0.8,5.68,5.68,5.68,5.68,1.0,0.0,10.0,1.0,0.1,0.8,17.6,17.6,17.6,17.6,1.0,0.0,10.0,1.0,0.1,0.8,-62.6,-62.6,-62.6,-62.6,1.0,0.0,10.0,1.0,0.1,0.8,11.0,11.0,11.0,11.0,1.0,0.0,10.0,1.0,0.1,0.8,-35.1,-35.1,-35.1,-35.1,1.0,0.0,10.0,1.0,0.1,0.8,6.2,6.2,6.2,6.2,1.0,0.0,10.0,1.0,0.1,0.8,-17.3,-17.3,-17.3,-17.3,1.0,0.0,10.0,1.0,0.1,0.8,3.1,3.1,3.1,3.1,1.0,0.0,10.0,1.0,0.1,0.8,30.0,30.0,30.0,30.0,1.0,0.0,10.0,1.0,0.1,0.8,30.0,30.0,30.0,30.0,1.0,0.0,10.0,1.0,0.1,0.8
1974,2,76.0,-33.0,21.9,21.9,21.9,21.9,1.0,0.0,4.0,1.0,0.6,0.4,21.8,21.8,21.8,21.8,1.0,0.0,4.0,1.0,0.6,0.4,10.11,10.11,10.11,10.11,1.0,0.0,4.0,1.0,0.6,0.4,63.2,63.2,63.2,63.2,1.0,0.0,4.0,1.0,0.4,7.7,7.7,7.7,7.7,1.0,0.0,4.0,1.0,0.6,0.4,-7.58,-7.58,-7.58,-7.58,1.0,0.0,4.0,1.0,0.6,0.4,-1.34,-1.34,-1.34,-1.34,1.0,0.0,4.0,1.0,0.6,0.4,1025.6,1025.6,1025.6,1025.6,1.0,0.0,4.0,1.0,0.6,0.4,1.0,1.0,1.0,1.0,1.0,0.0,4.0,1.0,0.6,0.4,-58.4,-58.4,-58.4,-58.4,1.0,0.0,4.0,1.0,0.6,0.4,-10.3,-10.3,-10.3,-10.3,1.0,0.0,4.0,1.0,0.6,0.4,0.1,0.1,0.1,0.1,1.0,0.0,4.0,1.0,0.6,0.4,0.8,0.8,0.8,0.8,1.0,0.0,4.0,1.0,0.6,0.4,6.05,6.05,6.05,6.05,1.0,0.0,4.0,1.0,0.6,0.4,46.6,46.6,46.6,46.6,1.0,0.0,4.0,1.0,0.6,0.4,-165.3,-165.3,-165.3,-165.3,1.0,0.0,4.0,1.0,0.6,0.4,-29.1,-29.1,-29.1,-29.1,1.0,0.0,4.0,1.0,0.6,0.4,-76.7,-76.7,-76.7,-76.7,1.0,0.0,4.0,1.0,0.6,0.4,-13.5,-13.5,-13.5,-13.5,1.0,0.0,4.0,1.0,0.6,0.4,-45.9,-45.9,-45.9,-45.9,1.0,0.0,4.0,1.0,0.6,0.4,-8.1,-8.1,-8.1,-8.1,1.0,0.0,4.0,1.0,0.6,0.4,456.5,456.5,456.5,456.5,1.0,0.0,4.0,1.0,0.6,0.4,455.0,455.0,455.0,455.0,1.0,0.0,4.0,1.0,0.6,0.4
1974,2,76.0,-32.0,24.2,24.2,24.2,24.2,1.0,0.0,18.0,1.0,0.1,0.2,24.4,24.4,24.4,24.4,1.0,0.0,18.0,1.0,0.1,0.2,11.53,11.53,11.53,11.53,1.0,0.0,18.0,1.0,0.1,0.2,61.4,61.4,61.4,61.4,1.0,0.0,18.0,1.0,0.2,1.0,1.0,1.0,1.0,1.0,0.0,18.0,1.0,0.1,0.2,-0.77,-0.77,-0.77,-0.77,1.0,0.0,18.0,1.0,0.1,0.2,-0.64,-0.64,-0.64,-0.64,1.0,0.0,18.0,1.0,0.1,0.2,1023.8,1023.8,1023.8,1023.8,1.0,0.0,18.0,1.0,0.1,0.2,3.0,3.0,3.0,3.0,1.0,0.0,18.0,1.0,0.1,0.2,-0.8,-0.8,-0.8,-0.8,1.0,0.0,18.0,1.0,0.1,0.2,-0.6,-0.6,-0.6,-0.6,1.0,0.0,18.0,1.0,0.1,0.2,-0.2,-0.2,-0.2,-0.2,1.0,0.0,18.0,1.0,0.1,0.2,-0.2,-0.2,-0.2,-0.2,1.0,0.0,18.0,1.0,0.1,0.2,7.11,7.11,7.11,7.11,1.0,0.0,18.0,1.0,0.1,0.2,7.1,7.1,7.1,7.1,1.0,0.0,18.0,1.0,0.1,0.2,-18.7,-18.7,-18.7,-18.7,1.0,0.0,18.0,1.0,0.1,0.2,-15.7,-15.7,-15.7,-15.7,1.0,0.0,18.0,1.0,0.1,0.2,-8.8,-8.8,-8.8,-8.8,1.0,0.0,18.0,1.0,0.1,0.2,-7.4,-7.4,-7.4,-7.4,1.0,0.0,18.0,1.0,0.1,0.2,-5.4,-5.4,-5.4,-5.4,1.0,0.0,18.0,1.0,0.1,0.2,-4.6,-4.6,-4.6,-4.6,1.0,0.0,18.0,1.0,0.1,0.2,1.0,1.0,1.0,1.0,1.0,0.0,18.0,1.0,0.1,0.2,0.0,0.0,0.0,0.0,1.0,0.0,18.0,1.0,0.1,0.2
1974,2,76.0,-31.0,23.2,23.2,23.81,23.5,3.0,0.52,12.0,1.0,0.3,0.7,23.26,23.6,23.87,23.57,3.0,0.45,12.0,1.0,0.3,0.7,14.14,14.23,14.68,14.4,3.0,0.42,12.0,1.0,0.3,0.7,77.7,78.3,83.1,80.3,3.0,4.3,12.0,1.0,0.7,3.6,3.6,4.28,3.93,3.0,0.58,12.0,1.0,0.3,0.7,-3.29,-1.8,-1.0,-2.14,3.0,1.7,12.0,1.0,0.3,0.7,2.56,3.12,3.41,2.99,3.0,0.63,12.0,1.0,0.3,0.7,1020.14,1021.1,1021.85,1021.0,3.0,1.25,12.0,1.0,0.3,0.7,3.3,4.0,4.7,4.0,3.0,1.0,12.0,1.0,0.3,0.7,-14.6,-6.5,-3.6,-9.0,3.0,8.3,12.0,1.0,0.3,0.7,10.8,11.2,12.3,11.5,3.0,1.1,12.0,1.0,0.3,0.7,-0.51,0.1,0.37,-0.07,3.0,0.67,12.0,1.0,0.3,0.7,-2.4,0.4,1.3,-0.5,3.0,2.8,12.0,1.0,0.3,0.7,2.9,3.33,4.14,3.51,3.0,0.92,12.0,1.0,0.3,0.7,11.5,15.3,16.0,13.8,3.0,3.5,12.0,1.0,0.3,0.7,-78.7,-42.5,-23.3,-50.8,3.0,41.2,12.0,1.0,0.3,0.7,61.0,73.6,79.3,70.2,3.0,13.7,12.0,1.0,0.3,0.7,-46.8,-25.4,-14.4,-30.5,3.0,24.1,12.0,1.0,0.3,0.7,36.3,43.9,50.0,43.1,3.0,10.0,12.0,1.0,0.3,0.7,-11.6,-8.1,-3.7,-7.7,3.0,5.8,12.0,1.0,0.3,0.7,8.3,9.6,12.6,10.4,3.0,3.3,12.0,1.0,0.3,0.7,46.5,46.5,81.5,63.5,3.0,29.5,12.0,1.0,0.3,0.7,45.0,45.0,80.0,65.0,3.0,30.0,12.0,1.0,0.3,0.7
1974,2,76.0,-30.0,23.13,23.4,23.67,23.4,2.0,0.57,4.0,0.0,0.3,0.9,21.31,21.55,21.79,21.55,2.0,0.49,4.0,0.0,0.3,0.9,11.17,11.61,12.05,11.61,2.0,0.91,4.0,0.0,0.3,0.9,71.7,73.5,75.3,73.5,2.0,3.7,4.0,0.0,0.9,5.59,6.65,7.71,6.65,2.0,2.19,4.0,0.0,0.3,0.9,-7.71,-6.65,-5.59,-6.65,2.0,2.19,4.0,0.0,0.3,0.9,0.0,0.0,0.0,0.0,2.0,0.0,4.0,0.0,0.3,0.9,1023.13,1024.5,1025.87,1024.5,2.0,2.83,4.0,0.0,0.3,0.9,3.6,5.0,6.4,5.0,2.0,2.8,4.0,0.0,0.3,0.9,-60.7,-46.6,-32.6,-46.6,2.0,29.2,4.0,0.0,0.3,0.9,0.0,0.0,0.0,0.0,2.0,0.0,4.0,0.0,0.3,0.9,1.34,1.85,2.36,1.85,2.0,1.06,4.0,0.0,0.3,0.9,8.1,13.5,18.8,13.5,2.0,11.1,4.0,0.0,0.3,0.9,5.37,6.14,6.9,6.14,2.0,1.58,4.0,0.0,0.3,0.9,31.0,42.5,54.1,42.5,2.0,23.9,4.0,0.0,0.3,0.9,-164.0,-142.8,-121.6,-142.8,2.0,43.9,4.0,0.0,0.3,0.9,0.0,0.0,0.0,0.0,2.0,0.0,4.0,0.0,0.3,0.9,-85.6,-76.2,-66.9,-76.2,2.0,19.4,4.0,0.0,0.3,0.9,0.0,0.0,0.0,0.0,2.0,0.0,4.0,0.0,0.3,0.9,-54.1,-42.5,-31.0,-42.5,2.0,23.9,4.0,0.0,0.3,0.9,0.0,0.0,0.0,0.0,2.0,0.0,4.0,0.0,0.3,0.9,199.0,342.0,485.0,342.0,2.0,296.0,4.0,0.0,0.3,0.9,200.0,340.0,485.0,340.0,2.0,295.0,4.0,0.0,0.3,0.9
1974,2,76.0,-29.0,23.5,23.5,23.5,23.5,1.0,0.0,10.0,1.0,0.5,0.1,22.3,22.3,22.3,22.3,1.0,0.0,10.0,1.0,0.5,0.1,11.16,11.16,11.16,11.16,1.0,0.0,10.0,1.0,0.5,0.1,67.5,67.5,67.5,67.5,1.0,0.0,10.0,1.0,0.1,7.7,7.7,7.7,7.7,1.0,0.0,10.0,1.0,0.5,0.1,-7.58,-7.58,-7.58,-7.58,1.0,0.0,10.0,1.0,0.5,0.1,-1.34,-1.34,-1.34,-1.34,1.0,0.0,10.0,1.0,0.5,0.1,1024.0,1024.0,1024.0,1024.0,1.0,0.0,10.0,1.0,0.5,0.1,8.0,8.0,8.0,8.0,1.0,0.0,10.0,1.0,0.5,0.1,-58.4,-58.4,-58.4,-58.4,1.0,0.0,10.0,1.0,0.5,0.1,-10.3,-10.3,-10.3,-10.3,1.0,0.0,10.0,1.0,0.5,0.1,1.2,1.2,1.2,1.2,1.0,0.0,10.0,1.0,0.5,0.1,9.2,9.2,9.2,9.2,1.0,0.0,10.0,1.0,0.5,0.1,6.7,6.7,6.7,6.7,1.0,0.0,10.0,1.0,0.5,0.1,51.6,51.6,51.6,51.6,1.0,0.0,10.0,1.0,0.5,0.1,-169.1,-169.1,-169.1,-169.1,1.0,0.0,10.0,1.0,0.5,0.1,-29.8,-29.8,-29.8,-29.8,1.0,0.0,10.0,1.0,0.5,0.1,-84.6,-84.6,-84.6,-84.6,1.0,0.0,10.0,1.0,0.5,0.1,-14.9,-14.9,-14.9,-14.9,1.0,0.0,10.0,1.0,0.5,0.1,-50.8,-50.8,-50.8,-50.8,1.0,0.0,10.0,1.0,0.5,0.1,-9.0,-9.0,-9.0,-9.0,1.0,0.0,10.0,1.0,0.5,0.1,456.5,456.5,456.5,456.5,1.0,0.0,10.0,1.0,0.5,0.1,455.0,455.0,455.0,455.0,1.0,0.0,10.0,1.0,0.5,0.1
1974,2,76.0,-27.0,24.0,24.0,24.0,24.0,1.0,0.0,28.0,0.0,0.8,0.5,23.0,23.0,23.0,23.0,1.0,0.0,28.0,0.0,0.8,0.5,14.61,14.61,14.61,14.61,1.0,0.0,28.0,0.0,0.8,0.5,83.7,83.7,83.7,83.7,1.0,0.0,28.0,0.0,0.5,9.3,9.3,9.3,9.3,1.0,0.0,28.0,0.0,0.8,0.5,-9.3,-9.3,-9.3,-9.3,1.0,0.0,28.0,0.0,0.8,0.5,0.0,0.0,0.0,0.0,1.0,0.0,28.0,0.0,0.8,0.5,1014.5,1014.5,1014.5,1014.5,1.0,0.0,28.0,0.0,0.8,0.5,6.0,6.0,6.0,6.0,1.0,0.0,28.0,0.0,0.8,0.5,-86.5,-86.5,-86.5,-86.5,1.0,0.0,28.0,0.0,0.8,0.5,0.0,0.0,0.0,0.0,1.0,0.0,28.0,0.0,0.8,0.5,1.0,1.0,1.0,1.0,1.0,0.0,28.0,0.0,0.8,0.5,9.3,9.3,9.3,9.3,1.0,0.0,28.0,0.0,0.8,0.5,3.97,3.97,3.97,3.97,1.0,0.0,28.0,0.0,0.8,0.5,36.9,36.9,36.9,36.9,1.0,0.0,28.0,0.0,0.8,0.5,-213.9,-213.9,-213.9,-213.9,1.0,0.0,28.0,0.0,0.8,0.5,0.0,0.0,0.0,0.0,1.0,0.0,28.0,0.0,0.8,0.5,-135.9,-135.9,-135.9,-135.9,1.0,0.0,28.0,0.0,0.8,0.5,0.0,0.0,0.0,0.0,1.0,0.0,28.0,0.0,0.8,0.5,-36.9,-36.9,-36.9,-36.9,1.0,0.0,28.0,0.0,0.8,0.5,0.0,0.0,0.0,0.0,1.0,0.0,28.0,0.0,0.8,0.5,804.5,804.5,804.5,804.5,1.0,0.0,28.0,0.0,0.8,0.5,805.0,805.0,805.0,805.0,1.0,0.0,28.0,0.0,0.8,0.5
1974,2,76.0,-25.0,23.5,23.5,23.5,23.5,1.0,0.0,26.0,0.0,0.4,0.7,23.7,23.7,23.7,23.7,1.0,0.0,26.0,0.0,0.4,0.7,15.75,15.75,15.75,15.75,1.0,0.0,26.0,0.0,0.4,0.7,86.4,86.4,86.4,86.4,1.0,0.0,26.0,0.0,0.7,10.8,10.8,10.8,10.8,1.0,0.0,26.0,0.0,0.4,0.7,-10.15,-10.15,-10.15,-10.15,1.0,0.0,26.0,0.0,0.4,0.7,3.69,3.69,3.69,3.69,1.0,0.0,26.0,0.0,0.4,0.7,1014.0,1014.0,1014.0,1014.0,1.0,0.0,26.0,0.0,0.4,0.7,5.0,5.0,5.0,5.0,1.0,0.0,26.0,0.0,0.4,0.7,-109.6,-109.6,-109.6,-109.6,1.0,0.0,26.0,0.0,0.4,0.7,39.9,39.9,39.9,39.9,1.0,0.0,26.0,0.0,0.4,0.7,-0.2,-0.2,-0.2,-0.2,1.0,0.0,26.0,0.0,0.4,0.7,-2.2,-2.2,-2.2,-2.2,1.0,0.0,26.0,0.0,0.4,0.7,2.28,2.28,2.28,2.28,1.0,0.0,26.0,0.0,0.4,0.7,24.6,24.6,24.6,24.6,1.0,0.0,26.0,0.0,0.4,0.7,-240.5,-240.5,-240.5,-240.5,1.0,0.0,26.0,0.0,0.4,0.7,87.5,87.5,87.5,87.5,1.0,0.0,26.0,0.0,0.4,0.7,-159.9,-159.9,-159.9,-159.9,1.0,0.0,26.0,0.0,0.4,0.7,58.2,58.2,58.2,58.2,1.0,0.0,26.0,0.0,0.4,0.7,-23.2,-23.2,-23.2,-23.2,1.0,0.0,26.0,0.0,0.4,0.7,8.4,8.4,8.4,8.4,1.0,0.0,26.0,0.0,0.4,0.7,1259.5,1259.5,1259.5,1259.5,1.0,0.0,26.0,0.0,0.4,0.7,1260.0,1260.0,1260.0,1260.0,1.0,0.0,26.0,0.0,0.4,0.7
1974,2,76.0,-23.0,24.29,24.55,25.07,24.68,4.0,0.59,8.0,0.8,0.2,0.3,24.0,24.0,24.68,24.3,5.0,0.45,10.0,0.6,0.3,0.4,12.68,14.83,15.27,14.17,5.0,1.41,10.0,0.6,0.3,0.4,67.7,76.6,81.8,75.2,5.0,7.6,10.0,0.6,0.4,6.52,7.7,9.15,7.92,5.0,1.79,10.0,0.6,0.3,0.4,-7.61,-6.6,-5.72,-6.63,5.0,1.3,10.0,0.6,0.3,0.4,2.1,3.99,5.88,4.0,5.0,2.25,10.0,0.6,0.3,0.4,1015.0,1015.5,1016.84,1015.96,5.0,1.37,10.0,0.6,0.3,0.4,4.0,5.0,5.7,5.0,5.0,1.2,10.0,0.6,0.3,0.4,-68.0,-51.5,-38.8,-54.0,5.0,22.1,10.0,0.6,0.3,0.4,15.7,24.7,54.8,34.2,5.0,26.1,10.0,0.6,0.3,0.4,-0.4,0.05,1.02,0.3,4.0,0.91,8.0,0.8,0.2,0.3,-3.0,1.4,8.6,2.7,4.0,7.1,8.0,0.8,0.2,0.3,4.79,5.7,6.25,5.53,4.0,0.99,8.0,0.8,0.2,0.3,34.7,45.4,60.1,47.3,4.0,17.6,8.0,0.8,0.2,0.3,-182.7,-165.0,-139.3,-161.0,5.0,31.0,10.0,0.6,0.3,0.4,50.7,95.6,142.8,96.7,5.0,53.9,10.0,0.6,0.3,0.4,-105.6,-99.4,-77.8,-93.1,5.0,15.0,10.0,0.6,0.3,0.4,31.2,62.3,74.5,54.7,5.0,27.0,10.0,0.6,0.3,0.4,-47.0,-38.4,-32.3,-39.6,4.0,10.8,8.0,0.8,0.2,0.3,9.4,22.9,38.7,24.0,4.0,17.9,8.0,0.8,0.2,0.3,278.0,456.5,810.0,561.5,5.0,409.5,10.0,0.6,0.3,0.4,280.0,455.0,810.0,560.0,5.0,410.0,10.0,0.6,0.3,0.4
1974,2,76.0,-18.0,27.5,27.5,27.5,27.5,1.0,0.0,8.0,1.0,0.7,1.0,25.5,25.5,25.5,25.5,1.0,0.0,8.0,1.0,0.7,1.0,16.31,16.31,16.31,16.31,1.0,0.0,8.0,1.0,0.7,1.0,80.0,80.0,80.0,80.0,1.0,0.0,8.0,1.0,1.0,8.7,8.7,8.7,8.7,1.0,0.0,8.0,1.0,0.7,1.0,-8.18,-8.18,-8.18,-8.18,1.0,0.0,8.0,1.0,0.7,1.0,2.98,2.98,2.98,2.98,1.0,0.0,8.0,1.0,0.7,1.0,1010.0,1010.0,1010.0,1010.0,1.0,0.0,8.0,1.0,0.7,1.0,1.0,1.0,1.0,1.0,1.0,0.0,8.0,1.0,0.7,1.0,-71.1,-71.1,-71.1,-71.1,1.0,0.0,8.0,1.0,0.7,1.0,25.9,25.9,25.9,25.9,1.0,0.0,8.0,1.0,0.7,1.0,2.0,2.0,2.0,2.0,1.0,0.0,8.0,1.0,0.7,1.0,17.4,17.4,17.4,17.4,1.0,0.0,8.0,1.0,0.7,1.0,6.73,6.73,6.73,6.73,1.0,0.0,8.0,1.0,0.7,1.0,58.5,58.5,58.5,58.5,1.0,0.0,8.0,1.0,0.7,1.0,-208.5,-208.5,-208.5,-208.5,1.0,0.0,8.0,1.0,0.7,1.0,75.9,75.9,75.9,75.9,1.0,0.0,8.0,1.0,0.7,1.0,-133.4,-133.4,-133.4,-133.4,1.0,0.0,8.0,1.0,0.7,1.0,48.5,48.5,48.5,48.5,1.0,0.0,8.0,1.0,0.7,1.0,-55.0,-55.0,-55.0,-55.0,1.0,0.0,8.0,1.0,0.7,1.0,20.0,20.0,20.0,20.0,1.0,0.0,8.0,1.0,0.7,1.0,658.5,658.5,658.5,658.5,1.0,0.0,8.0,1.0,0.7,1.0,660.0,660.0,660.0,660.0,1.0,0.0,8.0,1.0,0.7,1.0
1974,2,76.0,-17.0,,,,,,,,,,,,,,,,,,,,,,,,,,,,,,,,,,,,,,,,9.0,9.0,9.0,9.0,1.0,0.0,10.0,0.0,0.6,0.6,-5.79,-5.79,-5.79,-5.79,1.0,0.0,10.0,0.0,0.6,0.6,6.89,6.89,6.89,6.89,1.0,0.0,10.0,0.0,0.6,0.6,1013.4,1013.4,1013.4,1013.4,1.0,0.0,10.0,0.0,0.6,0.6,,,,,,,,,,,,,,,,,,,,,,,,,,,,,,,,,,,,,,,,,,,,,,,,,,,,,,,,,,,,,,,,,,,,,,,,,,,,,,,,,,,,,,,,,,,,,,,,,,,,,,,,,,,,,,,,,,,,,,,,,,,,,,,,,,,,,,,,,,,,,,,,,,,,,,
1974,2,76.0,-13.0,29.0,29.0,29.0,29.0,1.0,0.0,24.0,0.0,0.9,0.1,28.0,28.0,28.0,28.0,1.0,0.0,24.0,0.0,0.9,0.1,19.08,19.08,19.08,19.08,1.0,0.0,24.0,0.0,0.9,0.1,80.3,80.3,80.3,80.3,1.0,0.0,24.0,0.0,0.1,,,,,,,,,,,,,,,,,,,,,,,,,,,,,,,,,,,,,,,,,,,,,,,,,,,,,,,,,,,,,,,,,,,,,,,,,,,,,,,,,,,,,,,,,,,,,,,,,,,,,,,,,,,,,,,,,,,,,,,,,,,,,,,,,,,,,,,,,,,,,,,,,,,,,,,,,,,,,,,,,,,,,,,,,,,,,,,,,,,,,,,,,,,,,,
1974,2,76.0,-11.0,,,,,,,,,,,,,,,,,,,,,,,,,,,,,,,,,,,,,,,,7.7,7.7,7.7,7.7,1.0,0.0,24.0,1.0,0.2,0.1,7.58,7.58,7.58,7.58,1.0,0.0,24.0,1.0,0.2,0.1,1.34,1.34,1.34,1.34,1.0,0.0,24.0,1.0,0.2,0.1,1006.0,1006.0,1006.0,1006.0,1.0,0.0,24.0,1.0,0.2,0.1,,,,,,,,,,,,,,,,,,,,,,,,,,,,,,,,,,,,,,,,,,,,,,,,,,,,,,,,,,,,,,,,,,,,,,,,,,,,,,,,,,,,,,,,,,,,,,,,,,,,,,,,,,,,,,,,,,,,,,,,,,,,,,,,,,,,,,,,,,,,,,,,,,,,,,
1974,2,76.0,-10.0,,,,,,,,,,,,,,,,,,,,,,,,,,,,,,,,,,,,,,,,7.0,7.0,7.0,7.0,1.0,0.0,22.0,1.0,0.2,0.7,6.89,6.89,6.89,6.89,1.0,0.0,22.0,1.0,0.2,0.7,-1.22,-1.22,-1.22,-1.22,1.0,0.0,22.0,1.0,0.2,0.7,1005.8,1005.8,1005.8,1005.8,1.0,0.0,22.0,1.0,0.2,0.7,,,,,,,,,,,,,,,,,,,,,,,,,,,,,,,,,,,,,,,,,,,,,,,,,,,,,,,,,,,,,,,,,,,,,,,,,,,,,,,,,,,,,,,,,,,,,,,,,,,,,,,,,,,,,,,,,,,,,,,,,,,,,,,,,,,,,,,,,,,,,,,,,,,,,,
1974,2,76.0,-9.0,27.71,28.0,28.94,28.44,8.0,1.14,16.0,0.8,0.4,0.5,26.63,28.0,29.15,28.0,9.0,1.37,18.0,0.7,0.4,0.5,17.19,18.73,19.09,18.21,5.0,1.11,18.0,0.6,0.5,0.5,69.3,78.1,85.8,77.7,6.0,8.4,18.0,0.7,0.6,1.19,4.85,7.25,4.4,6.0,3.15,18.0,0.7,0.4,0.6,0.91,4.66,6.89,4.19,6.0,3.1,18.0,0.7,0.4,0.6,-0.99,0.48,1.62,0.37,6.0,1.52,18.0,0.7,0.4,0.6,1007.73,1010.15,1011.31,1009.66,8.0,1.78,18.0,0.6,0.4,0.5,3.1,4.5,6.8,4.7,8.0,2.0,16.0,0.6,0.5,0.5,1.4,22.6,50.2,26.5,6.0,25.7,18.0,0.7,0.4,0.6,-4.8,0.7,12.7,2.9,6.0,9.6,18.0,0.7,0.4,0.6,-1.39,0.15,1.94,0.25,8.0,1.77,16.0,0.8,0.4,0.5,-2.9,0.0,4.2,1.0,6.0,6.2,18.0,0.7,0.4,0.6,5.25,6.07,8.8,6.98,4.0,2.58,18.0,0.8,0.5,0.6,15.1,25.9,38.7,26.9,3.0,17.3,20.0,0.7,0.5,0.6,26.4,133.2,187.0,116.1,6.0,84.0,18.0,0.7,0.4,0.6,-28.6,14.0,44.0,9.9,6.0,42.1,18.0,0.7,0.4,0.6,41.5,89.8,133.4,87.5,3.0,67.3,20.0,0.7,0.5,0.6,-17.2,16.0,23.6,3.5,3.0,31.8,20.0,0.7,0.5,0.6,13.0,24.4,37.7,25.3,3.0,18.1,20.0,0.7,0.5,0.6,-4.0,6.5,7.3,1.8,3.0,9.2,20.0,0.7,0.5,0.6,2.5,115.0,386.0,188.0,6.0,217.5,18.0,0.7,0.4,0.6,5.0,115.0,385.0,190.0,6.0,220.0,18.0,0.7,0.4,0.6
1974,2,76.0,-8.0,26.7,27.0,28.99,27.45,20.0,1.0,18.0,0.5,0.5,0.6,26.1,26.6,27.8,26.88,21.0,0.84,18.0,0.5,0.5,0.6,17.36,17.65,18.76,18.03,16.0,0.9,16.0,0.6,0.4,0.6,75.7,80.6,87.4,81.4,16.0,5.9,16.0,0.6,0.6,2.61,4.6,8.98,5.57,20.0,3.07,18.0,0.5,0.5,0.7,2.0,4.19,7.65,4.67,20.0,3.17,18.0,0.5,0.5,0.7,-3.97,-0.71,1.87,-0.81,20.0,2.89,18.0,0.5,0.5,0.7,1006.6,1009.0,1011.33,1009.16,19.0,2.06,16.0,0.5,0.4,0.6,3.0,4.5,5.7,4.3,22.0,1.8,18.0,0.5,0.4,0.6,6.2,20.8,75.8,34.7,20.0,38.2,18.0,0.5,0.5,0.7,-27.6,-3.0,7.3,-8.2,20.0,23.0,18.0,0.5,0.5,0.7,0.0,0.6,1.3,0.64,20.0,0.9,18.0,0.5,0.5,0.6,-0.1,2.7,7.1,3.5,18.0,5.6,16.0,0.4,0.5,0.7,3.19,4.57,7.17,4.88,16.0,1.84,16.0,0.6,0.4,0.6,13.9,18.3,26.3,20.8,14.0,9.5,16.0,0.6,0.5,0.6,49.5,100.7,195.4,116.4,19.0,77.5,16.0,0.5,0.5,0.7,-107.4,-20.8,35.4,-26.2,19.0,78.2,16.0,0.5,0.5,0.7,35.0,61.7,91.1,71.5,14.0,54.1,16.0,0.6,0.5,0.6,-69.1,-14.4,16.1,-20.6,14.0,43.3,16.0,0.6,0.5,0.6,10.0,14.7,23.3,16.6,14.0,10.4,16.0,0.6,0.5,0.6,-17.1,-3.7,5.6,-4.5,14.0,11.3,16.0,0.6,0.5,0.6,18.0,97.5,725.0,338.0,20.0,469.5,18.0,0.5,0.5,0.7,20.0,95.0,725.0,340.0,20.0,470.0,18.0,0.5,0.5,0.7
1974,2,76.0,-7.0,26.12,27.0,27.29,26.85,6.0,0.77,16.0,0.5,0.6,0.4,26.4,26.6,27.12,26.72,6.0,0.54,16.0,0.5,0.6,0.4,16.58,16.89,18.75,17.52,5.0,1.16,14.0,0.4,0.6,0.4,77.5,78.6,84.6,80.6,5.0,4.1,14.0,0.4,0.4,0.0,4.35,7.76,4.07,6.0,3.52,16.0,0.5,0.6,0.4,0.0,3.7,5.22,3.3,6.0,2.99,16.0,0.5,0.6,0.4,-3.0,-1.09,0.0,-1.82,6.0,2.51,16.0,0.5,0.6,0.4,1007.83,1009.2,1011.49,1009.47,6.0,2.1,16.0,0.5,0.6,0.4,1.0,4.5,6.0,3.8,6.0,2.3,16.0,0.5,0.6,0.4,0.0,17.7,36.5,21.3,6.0,23.5,16.0,0.5,0.6,0.4,-19.4,-6.0,0.0,-12.4,6.0,19.6,16.0,0.5,0.6,0.4,-0.44,0.15,0.6,0.13,6.0,0.63,16.0,0.5,0.6,0.4,-2.3,0.0,3.4,0.6,6.0,4.2,16.0,0.5,0.6,0.4,3.66,5.08,5.59,4.65,5.0,1.31,14.0,0.4,0.6,0.4,0.0,10.4,30.1,14.9,5.0,17.0,14.0,0.4,0.6,0.4,0.0,99.2,140.2,89.3,6.0,81.9,16.0,0.5,0.6,0.4,-80.4,-29.8,0.0,-49.0,6.0,67.7,16.0,0.5,0.6,0.4,0.0,66.9,73.7,43.1,5.0,39.5,14.0,0.4,0.6,0.4,-70.1,-13.5,0.0,-35.4,5.0,52.4,14.0,0.4,0.6,0.4,0.0,9.0,21.4,10.6,5.0,11.2,14.0,0.4,0.6,0.4,-15.7,-4.3,0.0,-8.7,5.0,14.3,14.0,0.4,0.6,0.4,0.0,83.0,468.0,189.0,6.0,232.5,16.0,0.5,0.6,0.4,0.0,85.0,470.0,190.0,6.0,230.0,16.0,0.5,0.6,0.4
1974,2,76.0,-6.0,27.6,27.6,27.6,27.6,1.0,0.0,20.0,0.0,0.8,0.4,26.0,26.0,26.0,26.0,1.0,0.0,20.0,0.0,0.8,0.4,19.34,19.34,19.34,19.34,1.0,0.0,20.0,0.0,0.8,0.4,92.0,92.0,92.0,92.0,1.0,0.0,20.0,0.0,0.4,4.6,4.6,4.6,4.6,1.0,0.0,20.0,0.0,0.8,0.4,-0.8,-0.8,-0.8,-0.8,1.0,0.0,20.0,0.0,0.8,0.4,-4.53,-4.53,-4.53,-4.53,1.0,0.0,20.0,0.0,0.8,0.4,1011.2,1011.2,1011.2,1011.2,1.0,0.0,20.0,0.0,0.8,0.4,3.0,3.0,3.0,3.0,1.0,0.0,20.0,0.0,0.8,0.4,-3.7,-3.7,-3.7,-3.7,1.0,0.0,20.0,0.0,0.8,0.4,-20.8,-20.8,-20.8,-20.8,1.0,0.0,20.0,0.0,0.8,0.4,1.6,1.6,1.6,1.6,1.0,0.0,20.0,0.0,0.8,0.4,7.4,7.4,7.4,7.4,1.0,0.0,20.0,0.0,0.8,0.4,3.81,3.81,3.81,3.81,1.0,0.0,20.0,0.0,0.8,0.4,17.5,17.5,17.5,17.5,1.0,0.0,20.0,0.0,0.8,0.4,-20.8,-20.8,-20.8,-20.8,1.0,0.0,20.0,0.0,0.8,0.4,-117.8,-117.8,-117.8,-117.8,1.0,0.0,20.0,0.0,0.8,0.4,-15.4,-15.4,-15.4,-15.4,1.0,0.0,20.0,0.0,0.8,0.4,-87.6,-87.6,-87.6,-87.6,1.0,0.0,20.0,0.0,0.8,0.4,-3.0,-3.0,-3.0,-3.0,1.0,0.0,20.0,0.0,0.8,0.4,-17.3,-17.3,-17.3,-17.3,1.0,0.0,20.0,0.0,0.8,0.4,97.5,97.5,97.5,97.5,1.0,0.0,20.0,0.0,0.8,0.4,95.0,95.0,95.0,95.0,1.0,0.0,20.0,0.0,0.8,0.4
1974,2,76.0,-3.0,26.25,26.8,27.35,26.8,2.0,1.13,14.0,0.0,0.2,0.8,26.24,26.75,27.26,26.75,2.0,1.06,14.0,0.0,0.2,0.8,17.4,17.46,17.52,17.46,2.0,0.13,14.0,0.0,0.2,0.8,76.8,79.6,82.3,79.6,2.0,5.6,14.0,0.0,0.8,2.25,2.8,3.35,2.8,2.0,1.13,14.0,0.0,0.2,0.8,1.33,1.56,1.78,1.56,2.0,0.46,14.0,0.0,0.2,0.8,-2.95,-2.03,-1.11,-2.03,2.0,1.91,14.0,0.0,0.2,0.8,1009.07,1009.65,1010.23,1009.65,2.0,1.2,14.0,0.0,0.2,0.8,4.6,6.0,7.4,6.0,2.0,2.8,14.0,0.0,0.2,0.8,3.9,4.1,4.3,4.1,2.0,0.5,14.0,0.0,0.2,0.8,-10.5,-6.8,-3.1,-6.8,2.0,7.6,14.0,0.0,0.2,0.8,0.02,0.05,0.08,0.05,2.0,0.07,14.0,0.0,0.2,0.8,0.1,0.2,0.3,0.2,2.0,0.3,14.0,0.0,0.2,0.8,3.87,4.67,5.47,4.67,2.0,1.65,14.0,0.0,0.2,0.8,9.2,14.0,18.8,14.0,2.0,9.9,14.0,0.0,0.2,0.8,36.2,41.4,46.5,41.4,2.0,10.6,14.0,0.0,0.2,0.8,-81.1,-55.4,-29.7,-55.4,2.0,53.2,14.0,0.0,0.2,0.8,23.2,27.2,31.1,27.2,2.0,8.2,14.0,0.0,0.2,0.8,-51.3,-35.4,-19.4,-35.4,2.0,33.1,14.0,0.0,0.2,0.8,6.7,6.9,7.1,6.9,2.0,0.4,14.0,0.0,0.2,0.8,-17.0,-11.1,-5.1,-11.1,2.0,12.3,14.0,0.0,0.2,0.8,14.0,27.5,40.5,27.5,2.0,27.5,14.0,0.0,0.2,0.8,15.0,25.0,40.0,25.0,2.0,25.0,14.0,0.0,0.2,0.8
1974,2,76.0,-2.0,27.28,27.45,27.62,27.45,2.0,0.35,20.0,0.5,0.3,0.5,27.36,27.7,28.04,27.7,2.0,0.71,20.0,0.5,0.3,0.5,17.77,17.81,17.84,17.81,2.0,0.07,20.0,0.5,0.3,0.5,75.1,76.8,78.5,76.8,2.0,3.5,20.0,0.5,0.5,4.33,5.9,7.47,5.9,2.0,3.25,20.0,0.5,0.3,0.5,-1.2,-0.71,-0.23,-0.71,2.0,1.01,20.0,0.5,0.3,0.5,-7.37,-5.84,-4.31,-5.84,2.0,3.16,20.0,0.5,0.3,0.5,1011.35,1011.45,1011.55,1011.45,2.0,0.21,20.0,0.5,0.3,0.5,4.3,5.0,5.7,5.0,2.0,1.4,20.0,0.5,0.3,0.5,-9.8,-5.8,-1.9,-5.8,2.0,8.3,20.0,0.5,0.3,0.5,-57.8,-39.6,-21.4,-39.6,2.0,37.7,20.0,0.5,0.3,0.5,-0.42,-0.25,-0.08,-0.25,2.0,0.35,20.0,0.5,0.3,0.5,-3.4,-2.0,-0.7,-2.0,2.0,2.9,20.0,0.5,0.3,0.5,4.86,5.13,5.4,5.13,2.0,0.56,20.0,0.5,0.3,0.5,21.5,31.2,40.9,31.2,2.0,20.0,20.0,0.5,0.3,0.5,-33.8,-20.1,-6.4,-20.1,2.0,28.4,20.0,0.5,0.3,0.5,-207.1,-162.8,-118.5,-162.8,2.0,91.8,20.0,0.5,0.3,0.5,-21.3,-12.6,-4.0,-12.6,2.0,17.9,20.0,0.5,0.3,0.5,-130.8,-103.8,-76.8,-103.8,2.0,55.9,20.0,0.5,0.3,0.5,-6.6,-3.9,-1.2,-3.9,2.0,5.6,20.0,0.5,0.3,0.5,-40.3,-30.9,-21.4,-30.9,2.0,19.5,20.0,0.5,0.3,0.5,127.0,299.0,471.5,299.0,2.0,357.0,20.0,0.5,0.3,0.5,125.0,300.0,470.0,300.0,2.0,355.0,20.0,0.5,0.3,0.5
1974,2,76.0,-1.0,27.68,27.85,28.02,27.85,2.0,0.35,18.0,0.0,0.7,0.4,27.03,27.1,27.17,27.1,2.0,0.14,18.0,0.0,0.7,0.4,17.55,17.55,17.55,17.55,1.0,0.0,10.0,0.0,0.7,0.3,78.8,78.8,78.8,78.8,1.0,0.0,10.0,0.0,0.3,4.98,5.8,6.62,5.8,2.0,1.7,18.0,0.0,0.7,0.4,-0.47,1.89,4.26,1.89,2.0,4.9,18.0,0.0,0.7,0.4,-2.92,0.09,3.1,0.09,2.0,6.24,18.0,0.0,0.7,0.4,1009.29,1009.9,1010.51,1009.9,2.0,1.27,18.0,0.0,0.7,0.4,0.5,1.5,2.5,1.5,2.0,2.1,18.0,0.0,0.7,0.4,-0.1,15.1,30.4,15.1,2.0,31.7,18.0,0.0,0.7,0.4,-11.7,5.8,23.3,5.8,2.0,36.3,18.0,0.0,0.7,0.4,0.65,0.75,0.85,0.75,2.0,0.21,18.0,0.0,0.7,0.4,3.3,4.5,5.7,4.5,2.0,2.5,18.0,0.0,0.7,0.4,5.61,5.61,5.61,5.61,1.0,0.0,10.0,0.0,0.7,0.3,25.8,25.8,25.8,25.8,1.0,0.0,10.0,0.0,0.7,0.3,-12.6,51.7,116.0,51.7,2.0,133.2,18.0,0.0,0.7,0.4,-78.8,2.8,84.4,2.8,2.0,169.1,18.0,0.0,0.7,0.4,-27.6,-27.6,-27.6,-27.6,1.0,0.0,10.0,0.0,0.7,0.3,-75.9,-75.9,-75.9,-75.9,1.0,0.0,10.0,0.0,0.7,0.3,-8.8,-8.8,-8.8,-8.8,1.0,0.0,10.0,0.0,0.7,0.3,-24.3,-24.3,-24.3,-24.3,1.0,0.0,10.0,0.0,0.7,0.3,136.5,220.0,304.0,220.0,2.0,173.5,18.0,0.0,0.7,0.4,135.0,220.0,305.0,220.0,2.0,175.0,18.0,0.0,0.7,0.4
1974,2,76.0,0.0,28.13,28.2,28.46,28.3,5.0,0.35,18.0,0.2,0.4,0.3,26.48,26.8,27.24,26.88,5.0,0.69,18.0,0.2,0.4,0.3,15.81,16.01,16.89,16.32,5.0,0.75,18.0,0.2,0.4,0.3,70.6,72.3,76.8,73.9,5.0,5.3,18.0,0.2,0.3,0.0,2.0,4.4,2.22,5.0,2.31,18.0,0.2,0.4,0.3,0.0,0.0,2.43,1.14,5.0,1.91,18.0,0.2,0.4,0.3,-1.46,0.0,1.9,0.02,5.0,2.49,18.0,0.2,0.4,0.3,1009.83,1010.0,1010.86,1010.36,5.0,0.93,18.0,0.2,0.4,0.3,0.0,0.0,5.1,2.2,5.0,3.2,18.0,0.2,0.4,0.3,0.0,0.0,9.9,5.0,5.0,9.8,18.0,0.2,0.4,0.3,-5.8,0.0,6.7,0.0,5.0,10.4,18.0,0.2,0.4,0.3,0.89,1.4,1.97,1.42,5.0,0.99,18.0,0.2,0.4,0.3,0.0,0.0,7.1,3.5,5.0,6.2,18.0,0.2,0.4,0.3,7.37,8.0,8.21,7.83,5.0,0.49,18.0,0.2,0.4,0.3,0.0,16.0,32.2,16.6,5.0,17.0,18.0,0.2,0.4,0.3,0.0,0.0,63.9,29.9,5.0,50.0,18.0,0.2,0.4,0.3,-40.9,0.0,50.3,-0.9,5.0,68.3,18.0,0.2,0.4,0.3,0.0,0.0,41.3,19.6,5.0,33.5,18.0,0.2,0.4,0.3,-24.1,0.0,31.9,0.6,5.0,41.7,18.0,0.2,0.4,0.3,0.0,0.0,18.6,8.6,5.0,14.3,18.0,0.2,0.4,0.3,-10.5,0.0,14.7,0.5,5.0,18.3,18.0,0.2,0.4,0.3,0.0,8.0,89.0,41.0,5.0,58.0,18.0,0.2,0.4,0.3,0.0,10.0,90.0,40.0,5.0,60.0,18.0,0.2,0.4,0.3
1974,2,76.0,1.0,27.33,28.0,28.11,27.78,5.0,0.46,22.0,0.2,0.7,0.5,26.85,26.95,27.05,26.95,4.0,0.13,24.0,0.0,0.7,0.5,15.9,16.69,17.86,16.87,4.0,1.16,24.0,0.0,0.7,0.5,71.6,75.3,80.3,75.9,4.0,5.2,24.0,0.0,0.5,0.0,3.6,4.28,2.46,5.0,2.27,22.0,0.2,0.7,0.5,-1.97,0.0,0.45,-0.63,5.0,1.6,22.0,0.2,0.7,0.5,-3.64,-3.38,0.0,-2.15,5.0,1.97,22.0,0.2,0.7,0.5,1009.93,1010.5,1011.98,1010.82,5.0,1.26,22.0,0.2,0.7,0.5,1.0,1.0,5.1,2.8,5.0,2.7,22.0,0.2,0.7,0.5,-8.6,0.0,1.6,-3.0,5.0,6.9,22.0,0.2,0.7,0.5,-15.9,-12.2,0.0,-8.8,5.0,8.2,22.0,0.2,0.7,0.5,0.44,0.8,1.1,0.78,4.0,0.4,24.0,0.0,0.7,0.5,0.0,0.7,1.8,0.9,4.0,1.1,24.0,0.0,0.7,0.5,5.3,6.63,7.64,6.48,4.0,1.6,24.0,0.0,0.7,0.5,0.0,10.1,22.8,11.4,4.0,13.3,24.0,0.0,0.7,0.5,-41.7,0.0,17.3,-11.6,4.0,47.9,24.0,0.0,0.7,0.5,-92.8,-45.3,0.0,-46.4,4.0,53.6,24.0,0.0,0.7,0.5,-28.2,0.0,10.2,-8.6,4.0,31.6,24.0,0.0,0.7,0.5,-59.2,-26.9,0.0,-29.5,4.0,34.3,24.0,0.0,0.7,0.5,-6.8,0.0,4.5,-1.1,4.0,8.9,24.0,0.0,0.7,0.5,-19.8,-7.8,0.0,-9.8,4.0,11.8,24.0,0.0,0.7,0.5,0.0,46.5,79.5,42.5,5.0,43.0,22.0,0.2,0.7,0.5,0.0,45.0,80.0,45.0,5.0,45.0,22.0,0.2,0.7,0.5
1974,2,76.0,2.0,27.37,27.7,28.5,27.76,7.0,0.62,14.0,0.7,0.2,0.4,26.49,28.5,29.55,28.16,7.0,1.56,14.0,0.7,0.2,0.4,16.59,17.32,17.77,17.18,6.0,0.72,14.0,0.8,0.2,0.5,65.4,73.8,78.6,72.6,6.0,7.9,14.0,0.8,0.5,4.1,4.55,5.33,4.77,6.0,0.84,14.0,0.7,0.3,0.4,-3.33,-2.8,-1.92,-2.65,6.0,0.82,14.0,0.7,0.3,0.4,-4.54,-3.88,-3.24,-3.84,6.0,1.08,14.0,0.7,0.3,0.4,1008.84,1009.8,1011.62,1010.0,7.0,1.63,14.0,0.7,0.2,0.4,1.9,5.0,6.0,4.1,7.0,2.3,14.0,0.7,0.2,0.4,-17.2,-13.5,-7.9,-12.9,6.0,5.1,14.0,0.7,0.3,0.4,-24.1,-17.9,-13.3,-18.9,6.0,8.4,14.0,0.7,0.3,0.4,-1.14,-0.5,0.61,-0.4,7.0,1.05,14.0,0.7,0.2,0.4,-7.0,-0.6,2.7,-1.9,6.0,5.4,14.0,0.7,0.3,0.4,5.24,5.87,7.39,6.17,6.0,1.12,14.0,0.8,0.2,0.5,22.1,25.0,41.6,30.6,5.0,11.1,16.0,0.8,0.2,0.4,-95.3,-81.3,-50.6,-74.8,6.0,24.8,14.0,0.7,0.3,0.4,-130.6,-112.4,-85.0,-109.0,6.0,34.7,14.0,0.7,0.3,0.4,-58.1,-53.1,-29.9,-45.9,5.0,16.3,16.0,0.8,0.2,0.4,-76.9,-65.4,-49.6,-63.9,5.0,19.9,16.0,0.8,0.2,0.4,-23.6,-17.4,-10.8,-17.2,5.0,7.1,16.0,0.8,0.2,0.4,-33.5,-21.8,-17.4,-24.6,5.0,10.9,16.0,0.8,0.2,0.4,69.0,97.0,154.5,117.0,6.0,66.5,14.0,0.7,0.3,0.4,70.0,95.0,155.0,115.0,6.0,65.0,14.0,0.7,0.3,0.4
1974,2,76.0,3.0,27.6,27.8,29.37,28.47,3.0,1.42,10.0,0.7,0.5,0.5,27.25,27.8,28.07,27.67,3.0,0.61,10.0,0.7,0.5,0.5,16.25,16.73,17.2,16.73,2.0,0.99,6.0,1.0,0.8,0.7,70.1,73.4,76.7,73.4,2.0,6.9,6.0,1.0,0.7,5.4,8.2,8.2,6.83,3.0,2.37,10.0,0.7,0.5,0.5,-3.69,-2.8,-1.85,-2.77,3.0,1.35,10.0,0.7,0.5,0.5,-7.51,-7.1,-4.88,-6.22,3.0,2.07,10.0,0.7,0.5,0.5,1009.23,1009.3,1011.01,1010.1,3.0,1.47,10.0,0.7,0.5,0.5,3.0,5.0,7.0,5.0,3.0,3.0,10.0,0.7,0.5,0.5,-30.2,-23.0,-11.2,-20.8,3.0,14.1,10.0,0.7,0.5,0.5,-61.6,-58.2,-29.3,-45.7,3.0,26.0,10.0,0.7,0.5,0.5,0.16,0.5,1.46,0.8,3.0,0.98,10.0,0.7,0.5,0.5,1.3,4.1,6.6,4.0,3.0,3.9,10.0,0.7,0.5,0.5,5.87,6.51,7.15,6.51,2.0,1.32,6.0,1.0,0.8,0.7,48.2,53.4,58.6,53.4,2.0,10.9,6.0,1.0,0.8,0.7,-100.3,-78.0,-51.7,-76.1,3.0,35.6,10.0,0.7,0.5,0.5,-207.1,-191.7,-135.0,-171.5,3.0,55.6,10.0,0.7,0.5,0.5,-67.2,-58.2,-49.2,-58.2,2.0,18.7,6.0,1.0,0.8,0.7,-123.7,-123.6,-123.5,-123.6,2.0,0.2,6.0,1.0,0.8,0.7,-22.5,-21.9,-21.2,-21.9,2.0,1.4,6.0,1.0,0.8,0.7,-54.6,-48.5,-42.4,-48.5,2.0,12.6,6.0,1.0,0.8,0.7,222.0,551.5,551.5,390.5,3.0,278.5,10.0,0.7,0.5,0.5,220.0,550.0,550.0,390.0,3.0,280.0,10.0,0.7,0.5,0.5
1974,2,76.0,4.0,26.99,27.6,27.87,27.43,3.0,0.67,16.0,0.3,0.4,0.6,25.9,26.1,26.71,26.3,3.0,0.62,16.0,0.3,0.4,0.6,15.49,16.89,19.2,17.33,3.0,2.74,16.0,0.3,0.4,0.6,74.3,80.1,87.1,80.7,3.0,9.4,16.0,0.3,0.6,3.23,4.6,5.69,4.47,3.0,1.8,16.0,0.3,0.4,0.6,-3.08,-2.12,-0.36,-1.73,3.0,2.02,16.0,0.3,0.4,0.6,-4.92,-2.96,-2.69,-3.78,3.0,1.78,16.0,0.3,0.4,0.6,1008.12,1011.6,1012.01,1010.1,3.0,3.13,16.0,0.3,0.4,0.6,3.0,3.0,5.7,4.3,3.0,2.3,16.0,0.3,0.4,0.6,-15.2,-13.1,-3.4,-9.4,3.0,9.3,16.0,0.3,0.4,0.6,-29.0,-13.6,-8.9,-18.8,3.0,15.4,16.0,0.3,0.4,0.6,0.73,1.0,1.55,1.13,3.0,0.61,16.0,0.3,0.4,0.6,2.7,2.8,8.5,5.5,3.0,4.9,16.0,0.3,0.4,0.6,4.02,5.03,7.26,5.63,3.0,2.43,16.0,0.3,0.4,0.6,13.6,23.1,42.5,27.9,3.0,21.5,16.0,0.3,0.4,0.6,-80.1,-54.7,-9.0,-44.8,3.0,52.8,16.0,0.3,0.4,0.6,-127.1,-77.2,-71.7,-98.9,3.0,44.7,16.0,0.3,0.4,0.6,-50.6,-31.5,-3.7,-27.3,3.0,34.5,16.0,0.3,0.4,0.6,-75.5,-51.9,-50.6,-62.8,3.0,20.5,16.0,0.3,0.4,0.6,-17.7,-17.6,-4.5,-11.2,3.0,11.1,16.0,0.3,0.4,0.6,-37.7,-14.9,-10.9,-24.1,3.0,21.2,16.0,0.3,0.4,0.6,43.0,97.5,193.5,117.5,3.0,112.0,16.0,0.3,0.4,0.6,45.0,95.0,195.0,120.0,3.0,110.0,16.0,0.3,0.4,0.6
1974,2,76.0,5.0,26.8,26.8,26.8,26.8,1.0,0.0,2.0,0.0,0.1,0.1,26.0,26.0,26.0,26.0,1.0,0.0,2.0,0.0,0.1,0.1,16.79,16.79,16.79,16.79,1.0,0.0,2.0,0.0,0.1,0.1,80.1,80.1,80.1,80.1,1.0,0.0,2.0,0.0,0.1,6.2,6.2,6.2,6.2,1.0,0.0,2.0,0.0,0.1,0.1,-4.75,-4.75,-4.75,-4.75,1.0,0.0,2.0,0.0,0.1,0.1,-3.99,-3.99,-3.99,-3.99,1.0,0.0,2.0,0.0,0.1,0.1,1011.8,1011.8,1011.8,1011.8,1.0,0.0,2.0,0.0,0.1,0.1,8.0,8.0,8.0,8.0,1.0,0.0,2.0,0.0,0.1,0.1,-29.4,-29.4,-29.4,-29.4,1.0,0.0,2.0,0.0,0.1,0.1,-24.7,-24.7,-24.7,-24.7,1.0,0.0,2.0,0.0,0.1,0.1,0.8,0.8,0.8,0.8,1.0,0.0,2.0,0.0,0.1,0.1,5.0,5.0,5.0,5.0,1.0,0.0,2.0,0.0,0.1,0.1,5.27,5.27,5.27,5.27,1.0,0.0,2.0,0.0,0.1,0.1,32.7,32.7,32.7,32.7,1.0,0.0,2.0,0.0,0.1,0.1,-123.5,-123.5,-123.5,-123.5,1.0,0.0,2.0,0.0,0.1,0.1,-103.6,-103.6,-103.6,-103.6,1.0,0.0,2.0,0.0,0.1,0.1,-79.8,-79.8,-79.8,-79.8,1.0,0.0,2.0,0.0,0.1,0.1,-66.9,-66.9,-66.9,-66.9,1.0,0.0,2.0,0.0,0.1,0.1,-25.0,-25.0,-25.0,-25.0,1.0,0.0,2.0,0.0,0.1,0.1,-21.0,-21.0,-21.0,-21.0,1.0,0.0,2.0,0.0,0.1,0.1,238.5,238.5,238.5,238.5,1.0,0.0,2.0,0.0,0.1,0.1,240.0,240.0,240.0,240.0,1.0,0.0,2.0,0.0,0.1,0.1
1974,2,76.0,6.0,27.38,28.1,28.5,27.95,4.0,0.72,22.0,0.5,0.8,0.6,26.67,28.55,28.81,27.78,4.0,1.86,22.0,0.5,0.8,0.6,15.97,17.33,17.83,16.91,3.0,1.41,24.0,0.3,0.8,0.8,70.9,73.5,76.2,73.6,3.0,3.9,24.0,0.3,0.8,0.0,0.0,7.71,3.77,3.0,6.52,24.0,0.3,0.8,0.8,-3.86,0.0,0.0,-1.88,3.0,3.26,24.0,0.3,0.8,0.8,-6.68,0.0,0.0,-3.26,3.0,5.65,24.0,0.3,0.8,0.8,1008.14,1011.05,1014.91,1011.5,4.0,4.34,22.0,0.5,0.8,0.6,0.5,1.5,5.1,2.8,4.0,3.6,22.0,0.5,0.8,0.6,-43.6,0.0,0.0,-21.3,3.0,36.9,24.0,0.3,0.8,0.8,-75.5,0.0,0.0,-36.9,3.0,63.8,24.0,0.3,0.8,0.8,-1.07,-0.3,1.47,0.18,4.0,1.86,22.0,0.5,0.8,0.6,0.0,0.0,21.6,10.5,3.0,18.3,24.0,0.3,0.8,0.8,6.67,6.8,7.7,7.18,3.0,0.82,24.0,0.3,0.8,0.8,0.0,0.0,62.7,30.6,3.0,53.0,24.0,0.3,0.8,0.8,-96.4,0.0,0.0,-47.1,3.0,81.6,24.0,0.3,0.8,0.8,-167.0,0.0,0.0,-81.6,3.0,141.3,24.0,0.3,0.8,0.8,-59.2,0.0,0.0,-28.9,3.0,50.0,24.0,0.3,0.8,0.8,-102.5,0.0,0.0,-50.0,3.0,86.7,24.0,0.3,0.8,0.8,-31.3,0.0,0.0,-15.3,3.0,26.5,24.0,0.3,0.8,0.8,-54.3,0.0,0.0,-26.5,3.0,45.9,24.0,0.3,0.8,0.8,0.0,0.0,985.0,481.0,3.0,833.0,24.0,0.3,0.8,0.8,0.0,0.0,985.0,480.0,3.0,835.0,24.0,0.3,0.8,0.8
1974,2,76.0,7.0,26.2,27.1,27.52,27.29,7.0,1.29,12.0,0.4,0.5,0.4,25.82,26.1,28.48,27.05,8.0,1.65,10.0,0.4,0.5,0.4,15.49,16.44,17.28,16.38,6.0,0.9,12.0,0.3,0.5,0.4,64.5,72.6,82.1,73.5,7.0,8.7,10.0,0.3,0.4,4.16,5.1,10.23,5.96,8.0,3.89,10.0,0.4,0.5,0.4,-7.9,-3.1,2.04,-2.84,8.0,5.31,10.0,0.4,0.5,0.4,-5.91,-3.35,-0.98,-3.3,8.0,2.43,10.0,0.4,0.5,0.4,1009.64,1011.2,1012.6,1011.23,7.0,3.04,12.0,0.4,0.5,0.4,1.1,2.0,3.9,2.4,8.0,1.2,10.0,0.4,0.5,0.4,-82.6,-15.1,9.4,-30.3,8.0,53.4,10.0,0.4,0.5,0.4,-68.7,-16.0,-5.0,-26.8,8.0,30.6,10.0,0.4,0.5,0.4,-0.97,0.2,1.3,0.11,7.0,1.35,12.0,0.4,0.5,0.4,-4.9,0.0,7.8,1.0,7.0,8.4,12.0,0.4,0.5,0.4,4.73,5.37,7.36,5.74,6.0,1.37,12.0,0.3,0.5,0.4,14.9,28.8,48.6,34.1,6.0,30.5,12.0,0.3,0.5,0.4,-207.9,-84.2,53.2,-74.6,8.0,141.1,10.0,0.4,0.5,0.4,-155.0,-88.3,-27.8,-88.6,8.0,63.7,10.0,0.4,0.5,0.4,-97.9,-39.2,47.6,-33.9,6.0,89.0,12.0,0.3,0.5,0.4,-73.7,-37.8,-10.9,-41.9,6.0,34.9,12.0,0.3,0.5,0.4,-38.5,-11.7,15.1,-13.9,6.0,39.5,12.0,0.3,0.5,0.4,-22.2,-12.4,-5.2,-15.5,6.0,15.8,12.0,0.3,0.5,0.4,72.0,132.5,1140.5,467.0,8.0,695.5,10.0,0.4,0.5,0.4,70.0,135.0,1140.0,465.0,8.0,695.0,10.0,0.4,0.5,0.4
1974,2,76.0,8.0,27.0,27.95,29.0,27.98,20.0,1.14,14.0,0.5,0.4,0.7,26.83,27.6,29.47,27.84,22.0,1.37,14.0,0.5,0.4,0.7,14.91,16.33,18.26,16.49,19.0,1.91,14.0,0.5,0.4,0.7,63.5,72.5,77.2,71.4,19.0,7.3,14.0,0.5,0.7,1.5,4.1,6.2,3.93,21.0,2.53,14.0,0.5,0.4,0.7,-3.95,0.0,1.74,-0.67,21.0,3.19,14.0,0.5,0.4,0.7,-4.79,-1.15,0.68,-1.4,21.0,3.15,14.0,0.5,0.4,0.7,1009.1,1010.8,1012.1,1010.92,22.0,2.15,14.0,0.5,0.4,0.7,0.3,3.0,4.0,2.6,22.0,1.9,14.0,0.5,0.4,0.6,-21.4,0.0,8.9,-6.1,21.0,21.7,14.0,0.5,0.4,0.7,-34.1,-1.7,2.5,-9.0,21.0,19.8,14.0,0.5,0.4,0.7,-1.0,0.15,1.2,0.21,20.0,1.64,14.0,0.5,0.4,0.7,-5.7,0.0,3.3,1.5,19.0,11.0,14.0,0.5,0.4,0.7,5.12,6.7,9.12,7.37,18.0,2.81,14.0,0.4,0.4,0.7,13.4,26.7,60.2,35.7,17.0,31.1,14.0,0.5,0.4,0.7,-106.4,0.0,52.2,-16.8,21.0,85.9,14.0,0.5,0.4,0.7,-143.4,-34.5,18.1,-39.4,21.0,88.0,14.0,0.5,0.4,0.7,-64.3,9.3,35.2,-5.0,18.0,50.7,14.0,0.5,0.4,0.7,-80.9,-12.1,21.3,-22.0,18.0,54.3,14.0,0.5,0.4,0.7,-41.7,0.0,13.3,-8.5,17.0,32.0,14.0,0.5,0.4,0.7,-42.1,-7.3,8.7,-13.3,17.0,32.2,14.0,0.5,0.4,0.7,3.5,69.0,238.5,136.0,21.0,195.0,14.0,0.5,0.4,0.7,5.0,70.0,240.0,135.0,21.0,195.0,14.0,0.5,0.4,0.7
1974,2,76.0,9.0,27.31,27.7,28.8,27.89,8.0,0.68,12.0,0.4,0.1,0.2,26.73,27.7,29.0,27.96,11.0,1.42,12.0,0.5,0.1,0.3,13.86,16.22,18.4,16.09,8.0,2.18,12.0,0.4,0.1,0.2,56.7,71.3,83.4,70.7,8.0,11.7,12.0,0.4,0.2,0.43,3.1,4.39,2.61,10.0,1.86,12.0,0.5,0.1,0.3,-1.8,0.0,3.37,0.42,10.0,2.59,12.0,0.5,0.1,0.3,-2.63,-0.65,0.57,-0.81,10.0,1.85,12.0,0.5,0.1,0.3,1008.49,1011.2,1013.04,1010.73,11.0,2.74,12.0,0.5,0.1,0.3,0.0,1.0,3.8,1.6,11.0,2.2,12.0,0.5,0.1,0.3,-5.6,0.0,12.8,2.1,10.0,11.2,12.0,0.5,0.1,0.3,-11.0,-1.0,1.5,-3.1,10.0,7.5,12.0,0.5,0.1,0.3,-0.89,0.7,1.39,0.44,8.0,1.26,12.0,0.4,0.1,0.2,-3.7,0.0,6.1,0.8,7.0,4.4,14.0,0.4,0.1,0.2,6.18,7.19,9.13,7.48,8.0,1.69,12.0,0.4,0.1,0.2,0.0,28.4,36.1,20.8,7.0,18.4,14.0,0.4,0.1,0.2,-54.4,0.0,96.4,11.7,10.0,72.3,12.0,0.5,0.1,0.3,-75.3,-18.8,16.0,-23.1,10.0,52.0,12.0,0.5,0.1,0.3,-22.1,0.0,50.8,10.7,7.0,42.9,14.0,0.4,0.1,0.2,-41.2,0.0,8.7,-15.0,7.0,24.7,14.0,0.4,0.1,0.2,-15.0,0.0,31.3,3.6,7.0,23.5,14.0,0.4,0.1,0.2,-24.7,0.0,2.7,-8.6,7.0,13.8,14.0,0.4,0.1,0.2,0.5,30.0,85.0,41.0,10.0,46.0,12.0,0.5,0.1,0.3,0.0,30.0,85.0,40.0,10.0,45.0,12.0,0.5,0.1,0.3
1974,2,77.0,-61.0,0.9,0.9,0.9,0.9,1.0,0.0,10.0,1.0,0.3,1.0,1.0,1.0,1.0,1.0,1.0,0.0,10.0,1.0,0.3,1.0,3.98,3.98,3.98,3.98,1.0,0.0,10.0,1.0,0.3,1.0,95.1,95.1,95.1,95.1,1.0,0.0,10.0,1.0,1.0,11.0,11.0,11.0,11.0,1.0,0.0,10.0,1.0,0.3,1.0,9.53,9.53,9.53,9.53,1.0,0.0,10.0,1.0,0.3,1.0,5.5,5.5,5.5,5.5,1.0,0.0,10.0,1.0,0.3,1.0,983.4,983.4,983.4,983.4,1.0,0.0,10.0,1.0,0.3,1.0,6.0,6.0,6.0,6.0,1.0,0.0,10.0,1.0,0.3,1.0,104.8,104.8,104.8,104.8,1.0,0.0,10.0,1.0,0.3,1.0,60.5,60.5,60.5,60.5,1.0,0.0,10.0,1.0,0.3,1.0,-0.1,-0.1,-0.1,-0.1,1.0,0.0,10.0,1.0,0.3,1.0,-1.1,-1.1,-1.1,-1.1,1.0,0.0,10.0,1.0,0.3,1.0,0.18,0.18,0.18,0.18,1.0,0.0,10.0,1.0,0.3,1.0,1.9,1.9,1.9,1.9,1.0,0.0,10.0,1.0,0.3,1.0,9.5,9.5,9.5,9.5,1.0,0.0,10.0,1.0,0.3,1.0,5.5,5.5,5.5,5.5,1.0,0.0,10.0,1.0,0.3,1.0,37.9,37.9,37.9,37.9,1.0,0.0,10.0,1.0,0.3,1.0,21.9,21.9,21.9,21.9,1.0,0.0,10.0,1.0,0.3,1.0,1.7,1.7,1.7,1.7,1.0,0.0,10.0,1.0,0.3,1.0,1.0,1.0,1.0,1.0,1.0,0.0,10.0,1.0,0.3,1.0,1331.0,1331.0,1331.0,1331.0,1.0,0.0,10.0,1.0,0.3,1.0,1330.0,1330.0,1330.0,1330.0,1.0,0.0,10.0,1.0,0.3,1.0
1974,2,77.0,-42.0,13.9,13.9,13.9,13.9,1.0,0.0,4.0,0.0,0.9,0.2,11.7,11.7,11.7,11.7,1.0,0.0,4.0,0.0,0.9,0.2,5.71,5.71,5.71,5.71,1.0,0.0,4.0,0.0,0.9,0.2,68.0,68.0,68.0,68.0,1.0,0.0,4.0,0.0,0.2,4.6,4.6,4.6,4.6,1.0,0.0,4.0,0.0,0.9,0.2,2.96,2.96,2.96,2.96,1.0,0.0,4.0,0.0,0.9,0.2,3.52,3.52,3.52,3.52,1.0,0.0,4.0,0.0,0.9,0.2,1026.8,1026.8,1026.8,1026.8,1.0,0.0,4.0,0.0,0.9,0.2,4.0,4.0,4.0,4.0,1.0,0.0,4.0,0.0,0.9,0.2,13.6,13.6,13.6,13.6,1.0,0.0,4.0,0.0,0.9,0.2,16.2,16.2,16.2,16.2,1.0,0.0,4.0,0.0,0.9,0.2,2.2,2.2,2.2,2.2,1.0,0.0,4.0,0.0,0.9,0.2,10.1,10.1,10.1,10.1,1.0,0.0,4.0,0.0,0.9,0.2,4.01,4.01,4.01,4.01,1.0,0.0,4.0,0.0,0.9,0.2,18.4,18.4,18.4,18.4,1.0,0.0,4.0,0.0,0.9,0.2,34.6,34.6,34.6,34.6,1.0,0.0,4.0,0.0,0.9,0.2,41.2,41.2,41.2,41.2,1.0,0.0,4.0,0.0,0.9,0.2,16.9,16.9,16.9,16.9,1.0,0.0,4.0,0.0,0.9,0.2,20.1,20.1,20.1,20.1,1.0,0.0,4.0,0.0,0.9,0.2,11.8,11.8,11.8,11.8,1.0,0.0,4.0,0.0,0.9,0.2,14.1,14.1,14.1,14.1,1.0,0.0,4.0,0.0,0.9,0.2,97.5,97.5,97.5,97.5,1.0,0.0,4.0,0.0,0.9,0.2,95.0,95.0,95.0,95.0,1.0,0.0,4.0,0.0,0.9,0.2
1974,2,77.0,-40.0,17.0,17.0,17.0,17.0,1.0,0.0,8.0,0.0,0.7,0.7,17.8,17.8,17.8,17.8,1.0,0.0,8.0,0.0,0.7,0.7,10.95,10.95,10.95,10.95,1.0,0.0,8.0,0.0,0.7,0.7,88.1,88.1,88.1,88.1,1.0,0.0,8.0,0.0,0.7,2.6,2.6,2.6,2.6,1.0,0.0,8.0,0.0,0.7,0.7,2.44,2.44,2.44,2.44,1.0,0.0,8.0,0.0,0.7,0.7,-0.89,-0.89,-0.89,-0.89,1.0,0.0,8.0,0.0,0.7,0.7,1031.0,1031.0,1031.0,1031.0,1.0,0.0,8.0,0.0,0.7,0.7,7.0,7.0,7.0,7.0,1.0,0.0,8.0,0.0,0.7,0.7,6.4,6.4,6.4,6.4,1.0,0.0,8.0,0.0,0.7,0.7,-2.3,-2.3,-2.3,-2.3,1.0,0.0,8.0,0.0,0.7,0.7,-0.8,-0.8,-0.8,-0.8,1.0,0.0,8.0,0.0,0.7,0.7,-2.1,-2.1,-2.1,-2.1,1.0,0.0,8.0,0.0,0.7,0.7,0.88,0.88,0.88,0.88,1.0,0.0,8.0,0.0,0.7,0.7,2.3,2.3,2.3,2.3,1.0,0.0,8.0,0.0,0.7,0.7,43.5,43.5,43.5,43.5,1.0,0.0,8.0,0.0,0.7,0.7,-15.8,-15.8,-15.8,-15.8,1.0,0.0,8.0,0.0,0.7,0.7,26.7,26.7,26.7,26.7,1.0,0.0,8.0,0.0,0.7,0.7,-9.7,-9.7,-9.7,-9.7,1.0,0.0,8.0,0.0,0.7,0.7,2.1,2.1,2.1,2.1,1.0,0.0,8.0,0.0,0.7,0.7,-0.8,-0.8,-0.8,-0.8,1.0,0.0,8.0,0.0,0.7,0.7,17.5,17.5,17.5,17.5,1.0,0.0,8.0,0.0,0.7,0.7,20.0,20.0,20.0,20.0,1.0,0.0,8.0,0.0,0.7,0.7
1974,2,77.0,-34.0,22.58,22.75,22.92,22.75,2.0,0.35,10.0,1.0,0.8,0.8,19.89,20.5,23.57,21.7,3.0,2.89,14.0,1.0,0.7,0.5,12.27,12.43,12.59,12.43,2.0,0.33,10.0,1.0,0.8,0.8,67.9,73.8,79.7,73.8,2.0,12.2,10.0,1.0,0.8,2.17,3.6,6.74,4.43,3.0,3.43,14.0,1.0,0.7,0.5,-2.93,-1.48,0.5,-1.22,3.0,2.52,14.0,1.0,0.7,0.5,0.08,0.26,5.59,2.78,3.0,4.59,14.0,1.0,0.7,0.5,1017.66,1024.9,1025.65,1021.73,3.0,6.46,14.0,1.0,0.7,0.5,4.3,7.0,7.7,6.0,3.0,2.6,14.0,1.0,0.7,0.5,-9.5,-2.2,7.3,-1.2,3.0,12.4,14.0,1.0,0.7,0.5,0.1,0.4,45.3,22.2,3.0,38.1,14.0,1.0,0.7,0.5,-1.71,0.0,1.71,0.0,2.0,3.54,10.0,1.0,0.8,0.8,-7.0,-2.6,1.7,-2.6,2.0,9.0,10.0,1.0,0.8,0.8,4.26,4.61,4.95,4.61,2.0,0.71,10.0,1.0,0.8,0.8,8.8,11.2,13.7,11.2,2.0,5.0,10.0,1.0,0.8,0.8,-71.0,-30.3,9.4,-30.8,3.0,59.0,14.0,1.0,0.7,0.5,1.7,5.3,109.7,54.5,3.0,89.9,14.0,1.0,0.7,0.5,-41.2,-31.8,-22.4,-31.8,2.0,19.5,10.0,1.0,0.8,0.8,0.5,1.6,2.7,1.6,2.0,2.2,10.0,1.0,0.8,0.8,-13.6,-11.2,-8.7,-11.2,2.0,5.1,10.0,1.0,0.8,0.8,0.2,0.7,1.1,0.7,2.0,0.9,10.0,1.0,0.8,0.8,17.0,46.5,391.0,200.5,3.0,304.5,14.0,1.0,0.7,0.5,15.0,45.0,390.0,200.0,3.0,305.0,14.0,1.0,0.7,0.5
1974,2,77.0,-33.0,20.2,20.2,20.2,20.2,1.0,0.0,4.0,0.0,0.7,0.5,20.2,20.2,20.2,20.2,1.0,0.0,4.0,0.0,0.7,0.5,10.49,10.49,10.49,10.49,1.0,0.0,4.0,0.0,0.7,0.5,72.5,72.5,72.5,72.5,1.0,0.0,4.0,0.0,0.5,6.7,6.7,6.7,6.7,1.0,0.0,4.0,0.0,0.7,0.5,-5.8,-5.8,-5.8,-5.8,1.0,0.0,4.0,0.0,0.7,0.5,-3.35,-3.35,-3.35,-3.35,1.0,0.0,4.0,0.0,0.7,0.5,1028.0,1028.0,1028.0,1028.0,1.0,0.0,4.0,0.0,0.7,0.5,7.0,7.0,7.0,7.0,1.0,0.0,4.0,0.0,0.7,0.5,-38.9,-38.9,-38.9,-38.9,1.0,0.0,4.0,0.0,0.7,0.5,-22.4,-22.4,-22.4,-22.4,1.0,0.0,4.0,0.0,0.7,0.5,0.0,0.0,0.0,0.0,1.0,0.0,4.0,0.0,0.7,0.5,0.0,0.0,0.0,0.0,1.0,0.0,4.0,0.0,0.7,0.5,4.02,4.02,4.02,4.02,1.0,0.0,4.0,0.0,0.7,0.5,26.9,26.9,26.9,26.9,1.0,0.0,4.0,0.0,0.7,0.5,-117.2,-117.2,-117.2,-117.2,1.0,0.0,4.0,0.0,0.7,0.5,-67.7,-67.7,-67.7,-67.7,1.0,0.0,4.0,0.0,0.7,0.5,-60.9,-60.9,-60.9,-60.9,1.0,0.0,4.0,0.0,0.7,0.5,-35.1,-35.1,-35.1,-35.1,1.0,0.0,4.0,0.0,0.7,0.5,-23.3,-23.3,-23.3,-23.3,1.0,0.0,4.0,0.0,0.7,0.5,-13.5,-13.5,-13.5,-13.5,1.0,0.0,4.0,0.0,0.7,0.5,301.0,301.0,301.0,301.0,1.0,0.0,4.0,0.0,0.7,0.5,300.0,300.0,300.0,300.0,1.0,0.0,4.0,0.0,0.7,0.5
1974,2,77.0,-32.0,20.95,23.0,23.34,22.17,3.0,1.89,20.0,0.3,0.4,0.5,21.66,22.0,24.05,22.83,3.0,1.89,20.0,0.3,0.4,0.5,12.4,12.5,13.29,12.84,3.0,0.71,20.0,0.3,0.4,0.5,68.4,79.0,81.8,75.2,3.0,10.3,20.0,0.3,0.5,2.3,5.1,5.1,3.73,3.0,2.37,20.0,0.3,0.4,0.5,-2.91,-0.77,1.5,-0.71,3.0,3.23,20.0,0.3,0.4,0.5,-4.06,-3.28,-1.48,-2.78,3.0,1.94,20.0,0.3,0.4,0.5,1015.24,1019.2,1023.16,1019.2,3.0,5.8,20.0,0.3,0.4,0.5,2.6,6.0,6.7,4.7,3.0,3.2,20.0,0.3,0.4,0.5,-13.8,-0.8,8.6,-2.6,3.0,16.5,20.0,0.3,0.4,0.5,-20.7,-16.7,-5.7,-13.3,3.0,11.3,20.0,0.3,0.4,0.5,-2.0,-2.0,0.73,-0.67,3.0,2.31,20.0,0.3,0.4,0.5,-7.6,-2.0,6.3,-0.7,3.0,10.3,20.0,0.3,0.4,0.5,2.17,4.95,5.28,3.76,3.0,2.5,20.0,0.3,0.4,0.5,4.6,5.0,20.5,12.4,3.0,13.3,20.0,0.3,0.4,0.5,-63.4,-19.2,32.2,-15.7,3.0,70.1,20.0,0.3,0.4,0.5,-88.7,-70.5,-33.3,-61.2,3.0,41.3,20.0,0.3,0.4,0.5,-36.3,-9.5,20.8,-7.8,3.0,41.9,20.0,0.3,0.4,0.5,-54.2,-41.0,-18.4,-36.4,3.0,26.5,20.0,0.3,0.4,0.5,-15.7,-3.8,0.3,-7.6,3.0,12.2,20.0,0.3,0.4,0.5,-13.4,-3.9,-3.4,-8.3,3.0,8.3,20.0,0.3,0.4,0.5,43.0,132.5,132.5,89.0,3.0,76.0,20.0,0.3,0.4,0.5,45.0,135.0,135.0,90.0,3.0,75.0,20.0,0.3,0.4,0.5
1974,2,77.0,-31.0,22.5,22.5,22.5,22.5,1.0,0.0,12.0,0.0,0.0,0.7,21.5,21.5,21.5,21.5,1.0,0.0,12.0,0.0,0.0,0.7,14.54,14.54,14.54,14.54,1.0,0.0,12.0,0.0,0.0,0.7,91.7,91.7,91.7,91.7,1.0,0.0,12.0,0.0,0.7,3.6,3.6,3.6,3.6,1.0,0.0,12.0,0.0,0.0,0.7,-2.76,-2.76,-2.76,-2.76,1.0,0.0,12.0,0.0,0.0,0.7,-2.31,-2.31,-2.31,-2.31,1.0,0.0,12.0,0.0,0.0,0.7,1019.6,1019.6,1019.6,1019.6,1.0,0.0,12.0,0.0,0.0,0.7,2.0,2.0,2.0,2.0,1.0,0.0,12.0,0.0,0.0,0.7,-9.9,-9.9,-9.9,-9.9,1.0,0.0,12.0,0.0,0.0,0.7,-8.3,-8.3,-8.3,-8.3,1.0,0.0,12.0,0.0,0.0,0.7,1.0,1.0,1.0,1.0,1.0,0.0,12.0,0.0,0.0,0.7,3.6,3.6,3.6,3.6,1.0,0.0,12.0,0.0,0.0,0.7,2.33,2.33,2.33,2.33,1.0,0.0,12.0,0.0,0.0,0.7,8.4,8.4,8.4,8.4,1.0,0.0,12.0,0.0,0.0,0.7,-59.3,-59.3,-59.3,-59.3,1.0,0.0,12.0,0.0,0.0,0.7,-49.8,-49.8,-49.8,-49.8,1.0,0.0,12.0,0.0,0.0,0.7,-40.1,-40.1,-40.1,-40.1,1.0,0.0,12.0,0.0,0.0,0.7,-33.6,-33.6,-33.6,-33.6,1.0,0.0,12.0,0.0,0.0,0.7,-6.4,-6.4,-6.4,-6.4,1.0,0.0,12.0,0.0,0.0,0.7,-5.4,-5.4,-5.4,-5.4,1.0,0.0,12.0,0.0,0.0,0.7,46.5,46.5,46.5,46.5,1.0,0.0,12.0,0.0,0.0,0.7,45.0,45.0,45.0,45.0,1.0,0.0,12.0,0.0,0.0,0.7
1974,2,77.0,-29.0,23.14,23.45,23.76,23.45,2.0,0.64,4.0,0.5,0.6,0.5,22.49,22.9,23.31,22.9,2.0,0.85,4.0,0.5,0.6,0.5,11.15,11.54,11.93,11.54,2.0,0.81,4.0,0.5,0.6,0.5,63.4,67.4,71.5,67.4,2.0,8.3,4.0,0.5,0.5,9.3,9.3,9.3,9.3,2.0,0.0,4.0,0.5,0.6,0.5,-9.28,-9.23,-9.18,-9.23,2.0,0.1,4.0,0.5,0.6,0.5,-1.36,-0.81,-0.26,-0.81,2.0,1.14,4.0,0.5,0.6,0.5,1022.72,1023.85,1024.98,1023.85,2.0,2.33,4.0,0.5,0.6,0.5,4.3,5.0,5.7,5.0,2.0,1.4,4.0,0.5,0.6,0.5,-86.3,-85.8,-85.4,-85.8,2.0,0.9,4.0,0.5,0.6,0.5,-12.6,-7.5,-2.4,-7.5,2.0,10.6,4.0,0.5,0.6,0.5,0.45,0.55,0.65,0.55,2.0,0.21,4.0,0.5,0.6,0.5,4.2,5.1,6.1,5.1,2.0,2.0,4.0,0.5,0.6,0.5,5.53,6.27,7.02,6.27,2.0,1.54,4.0,0.5,0.6,0.5,51.4,58.3,65.3,58.3,2.0,14.3,4.0,0.5,0.6,0.5,-214.0,-211.3,-208.6,-211.3,2.0,5.5,4.0,0.5,0.6,0.5,-31.9,-19.0,-6.0,-19.0,2.0,26.8,4.0,0.5,0.6,0.5,-110.7,-106.6,-102.4,-106.6,2.0,8.6,4.0,0.5,0.6,0.5,-14.9,-8.9,-2.8,-8.9,2.0,12.5,4.0,0.5,0.6,0.5,-64.4,-57.8,-51.2,-57.8,2.0,13.6,4.0,0.5,0.6,0.5,-10.0,-5.9,-1.9,-5.9,2.0,8.4,4.0,0.5,0.6,0.5,804.5,804.5,804.5,804.5,2.0,0.0,4.0,0.5,0.6,0.5,805.0,805.0,805.0,805.0,2.0,0.0,4.0,0.5,0.6,0.5
1974,2,77.0,-27.0,23.16,23.5,23.84,23.5,2.0,0.71,26.0,0.0,0.7,1.0,23.33,23.4,23.47,23.4,2.0,0.14,26.0,0.0,0.7,1.0,14.91,14.94,14.96,14.94,2.0,0.06,26.0,0.0,0.7,1.0,83.0,83.5,84.0,83.5,2.0,1.1,26.0,0.0,1.0,9.46,9.8,10.14,9.8,2.0,0.71,26.0,0.0,0.7,1.0,-9.99,-9.65,-9.31,-9.65,2.0,0.7,26.0,0.0,0.7,1.0,1.64,1.7,1.76,1.7,2.0,0.12,26.0,0.0,0.7,1.0,1014.13,1014.4,1014.67,1014.4,2.0,0.57,26.0,0.0,0.7,1.0,8.0,8.0,8.0,8.0,2.0,0.0,26.0,0.0,0.7,1.0,-101.4,-94.8,-88.2,-94.8,2.0,13.6,26.0,0.0,0.7,1.0,15.6,16.7,17.9,16.7,2.0,2.4,26.0,0.0,0.7,1.0,-0.31,0.1,0.51,0.1,2.0,0.85,26.0,0.0,0.7,1.0,-3.3,0.7,4.7,0.7,2.0,8.2,26.0,0.0,0.7,1.0,2.76,3.1,3.44,3.1,2.0,0.71,26.0,0.0,0.7,1.0,27.8,30.1,32.4,30.1,2.0,4.8,26.0,0.0,0.7,1.0,-234.4,-225.9,-217.4,-225.9,2.0,17.7,26.0,0.0,0.7,1.0,38.3,39.8,41.3,39.8,2.0,3.1,26.0,0.0,0.7,1.0,-148.9,-144.1,-139.4,-144.1,2.0,9.8,26.0,0.0,0.7,1.0,24.6,25.4,26.3,25.4,2.0,1.7,26.0,0.0,0.7,1.0,-31.9,-29.7,-27.4,-29.7,2.0,4.7,26.0,0.0,0.7,1.0,4.8,5.2,5.6,5.2,2.0,0.8,26.0,0.0,0.7,1.0,850.0,948.5,1047.0,948.5,2.0,204.0,26.0,0.0,0.7,1.0,850.0,950.0,1045.0,950.0,2.0,205.0,26.0,0.0,0.7,1.0
1974,2,77.0,-23.0,24.09,24.5,25.18,24.63,3.0,0.81,16.0,0.7,0.6,0.6,23.74,24.05,24.57,24.15,4.0,0.62,14.0,0.8,0.5,0.6,13.66,14.38,14.6,14.14,4.0,0.71,14.0,0.8,0.5,0.6,73.6,75.3,77.4,75.5,4.0,2.3,14.0,0.8,0.6,7.18,8.2,9.97,8.57,3.0,2.07,10.0,0.7,0.5,0.6,-7.64,-6.28,-5.95,-6.79,3.0,1.31,10.0,0.7,0.5,0.6,3.96,5.27,6.41,5.19,3.0,1.8,10.0,0.7,0.5,0.6,1011.07,1015.05,1016.25,1013.73,4.0,3.66,14.0,0.8,0.5,0.6,5.0,6.0,7.5,6.3,4.0,1.5,14.0,0.8,0.5,0.6,-77.3,-51.5,-42.9,-59.9,3.0,26.3,10.0,0.7,0.5,0.6,29.0,43.2,64.9,46.9,3.0,26.5,10.0,0.7,0.5,0.6,0.02,0.5,0.84,0.43,3.0,0.6,16.0,0.7,0.6,0.6,0.3,4.6,8.8,4.6,2.0,8.8,10.0,0.5,0.6,0.8,4.71,5.77,5.94,5.34,3.0,0.97,16.0,0.7,0.6,0.6,39.4,49.8,60.2,49.8,2.0,21.5,10.0,0.5,0.6,0.8,-180.8,-151.4,-143.1,-161.7,3.0,29.0,10.0,0.7,0.5,0.6,95.2,127.0,151.7,123.5,3.0,41.5,10.0,0.7,0.5,0.6,-102.5,-89.6,-85.8,-94.0,3.0,12.8,10.0,0.7,0.5,0.6,57.0,75.2,86.0,71.6,3.0,21.4,10.0,0.7,0.5,0.6,-46.1,-38.1,-30.2,-38.1,2.0,16.4,10.0,0.5,0.6,0.8,25.4,32.0,38.7,32.0,2.0,13.8,10.0,0.5,0.6,0.8,380.5,551.5,1035.0,704.0,3.0,497.5,10.0,0.7,0.5,0.6,380.0,550.0,1035.0,705.0,3.0,495.0,10.0,0.7,0.5,0.6
1974,2,77.0,-22.0,25.05,25.15,25.25,25.15,2.0,0.21,6.0,0.5,0.5,0.3,23.82,24.5,25.18,24.5,2.0,1.41,6.0,0.5,0.5,0.3,13.73,14.01,14.29,14.01,2.0,0.58,6.0,0.5,0.5,0.3,69.3,73.8,78.2,73.8,2.0,9.1,6.0,0.5,0.3,8.8,9.0,9.2,9.0,2.0,0.42,6.0,0.5,0.5,0.3,-9.06,-8.86,-8.66,-8.86,2.0,0.42,6.0,0.5,0.5,0.3,1.53,1.56,1.6,1.56,2.0,0.07,6.0,0.5,0.5,0.3,1015.82,1016.5,1017.18,1016.5,2.0,1.41,6.0,0.5,0.5,0.3,3.6,5.0,6.4,5.0,2.0,2.8,6.0,0.5,0.5,0.3,-83.5,-79.9,-76.2,-79.9,2.0,7.5,6.0,0.5,0.5,0.3,13.4,14.1,14.7,14.1,2.0,1.3,6.0,0.5,0.5,0.3,0.07,0.65,1.23,0.65,2.0,1.2,6.0,0.5,0.5,0.3,0.8,6.1,11.5,6.1,2.0,11.1,6.0,0.5,0.5,0.3,5.49,5.88,6.27,5.88,2.0,0.81,6.0,0.5,0.5,0.3,50.4,52.7,55.0,52.7,2.0,4.8,6.0,0.5,0.5,0.3,-218.0,-216.9,-215.7,-216.9,2.0,2.3,6.0,0.5,0.5,0.3,38.0,38.2,38.4,38.2,2.0,0.4,6.0,0.5,0.5,0.3,-129.6,-124.3,-119.0,-124.3,2.0,11.0,6.0,0.5,0.5,0.3,21.0,21.9,22.8,21.9,2.0,1.9,6.0,0.5,0.5,0.3,-54.2,-51.9,-49.7,-51.9,2.0,4.7,6.0,0.5,0.5,0.3,8.8,9.2,9.6,9.2,2.0,0.8,6.0,0.5,0.5,0.3,681.5,731.5,781.0,731.5,2.0,103.0,6.0,0.5,0.5,0.3,680.0,730.0,780.0,730.0,2.0,105.0,6.0,0.5,0.5,0.3
1974,2,77.0,-21.0,,,,,,,,,,,,,,,,,,,,,,,,,,,,,,,,,,,,,,,,9.8,9.8,9.8,9.8,1.0,0.0,8.0,1.0,0.7,0.3,-8.49,-8.49,-8.49,-8.49,1.0,0.0,8.0,1.0,0.7,0.3,4.9,4.9,4.9,4.9,1.0,0.0,8.0,1.0,0.7,0.3,1015.4,1015.4,1015.4,1015.4,1.0,0.0,8.0,1.0,0.7,0.3,,,,,,,,,,,,,,,,,,,,,,,,,,,,,,,,,,,,,,,,,,,,,,,,,,,,,,,,,,,,,,,,,,,,,,,,,,,,,,,,,,,,,,,,,,,,,,,,,,,,,,,,,,,,,,,,,,,,,,,,,,,,,,,,,,,,,,,,,,,,,,,,,,,,,,
1974,2,77.0,-19.0,28.0,28.0,28.0,28.0,1.0,0.0,28.0,1.0,0.2,0.5,27.6,27.6,27.6,27.6,1.0,0.0,28.0,1.0,0.2,0.5,18.51,18.51,18.51,18.51,1.0,0.0,28.0,1.0,0.2,0.5,80.3,80.3,80.3,80.3,1.0,0.0,28.0,1.0,0.5,1.0,1.0,1.0,1.0,1.0,0.0,28.0,1.0,0.2,0.5,-0.87,-0.87,-0.87,-0.87,1.0,0.0,28.0,1.0,0.2,0.5,-0.5,-0.5,-0.5,-0.5,1.0,0.0,28.0,1.0,0.2,0.5,1012.6,1012.6,1012.6,1012.6,1.0,0.0,28.0,1.0,0.2,0.5,2.0,2.0,2.0,2.0,1.0,0.0,28.0,1.0,0.2,0.5,-0.9,-0.9,-0.9,-0.9,1.0,0.0,28.0,1.0,0.2,0.5,-0.5,-0.5,-0.5,-0.5,1.0,0.0,28.0,1.0,0.2,0.5,0.4,0.4,0.4,0.4,1.0,0.0,28.0,1.0,0.2,0.5,0.4,0.4,0.4,0.4,1.0,0.0,28.0,1.0,0.2,0.5,5.17,5.17,5.17,5.17,1.0,0.0,28.0,1.0,0.2,0.5,5.2,5.2,5.2,5.2,1.0,0.0,28.0,1.0,0.2,0.5,-23.9,-23.9,-23.9,-23.9,1.0,0.0,28.0,1.0,0.2,0.5,-13.8,-13.8,-13.8,-13.8,1.0,0.0,28.0,1.0,0.2,0.5,-16.0,-16.0,-16.0,-16.0,1.0,0.0,28.0,1.0,0.2,0.5,-9.3,-9.3,-9.3,-9.3,1.0,0.0,28.0,1.0,0.2,0.5,-4.5,-4.5,-4.5,-4.5,1.0,0.0,28.0,1.0,0.2,0.5,-2.6,-2.6,-2.6,-2.6,1.0,0.0,28.0,1.0,0.2,0.5,1.0,1.0,1.0,1.0,1.0,0.0,28.0,1.0,0.2,0.5,0.0,0.0,0.0,0.0,1.0,0.0,28.0,1.0,0.2,0.5
1974,2,77.0,-18.0,27.2,27.2,27.2,27.2,1.0,0.0,10.0,0.0,0.9,0.9,27.9,27.9,27.9,27.9,1.0,0.0,10.0,0.0,0.9,0.9,16.6,16.6,16.6,16.6,1.0,0.0,10.0,0.0,0.9,0.9,70.3,70.3,70.3,70.3,1.0,0.0,10.0,0.0,0.9,,,,,,,,,,,,,,,,,,,,,,,,,,,,,,,,,,,,,,,,,,,,,,,,,,,,,,,,,,,,,,,,,,,,,,,,,,,,,,,,,,,,,,,,,,,,,,,,,,,,,,,,,,,,,,,,,,,,,,,,,,,,,,,,,,,,,,,,,,,,,,,,,,,,,,,,,,,,,,,,,,,,,,,,,,,,,,,,,,,,,,,,,,,,,,
1974,2,77.0,-17.0,26.0,26.0,26.0,26.0,1.0,0.0,8.0,1.0,0.6,0.4,26.0,26.0,26.0,26.0,1.0,0.0,8.0,1.0,0.6,0.4,17.48,17.48,17.48,17.48,1.0,0.0,8.0,1.0,0.6,0.4,83.0,83.0,83.0,83.0,1.0,0.0,8.0,1.0,0.4,5.7,5.7,5.7,5.7,1.0,0.0,8.0,1.0,0.6,0.4,-4.37,-4.37,-4.37,-4.37,1.0,0.0,8.0,1.0,0.6,0.4,3.66,3.66,3.66,3.66,1.0,0.0,8.0,1.0,0.6,0.4,1008.5,1008.5,1008.5,1008.5,1.0,0.0,8.0,1.0,0.6,0.4,5.0,5.0,5.0,5.0,1.0,0.0,8.0,1.0,0.6,0.4,-24.9,-24.9,-24.9,-24.9,1.0,0.0,8.0,1.0,0.6,0.4,20.9,20.9,20.9,20.9,1.0,0.0,8.0,1.0,0.6,0.4,0.0,0.0,0.0,0.0,1.0,0.0,8.0,1.0,0.6,0.4,0.0,0.0,0.0,0.0,1.0,0.0,8.0,1.0,0.6,0.4,3.62,3.62,3.62,3.62,1.0,0.0,8.0,1.0,0.6,0.4,20.6,20.6,20.6,20.6,1.0,0.0,8.0,1.0,0.6,0.4,-113.5,-113.5,-113.5,-113.5,1.0,0.0,8.0,1.0,0.6,0.4,95.3,95.3,95.3,95.3,1.0,0.0,8.0,1.0,0.6,0.4,-76.3,-76.3,-76.3,-76.3,1.0,0.0,8.0,1.0,0.6,0.4,64.1,64.1,64.1,64.1,1.0,0.0,8.0,1.0,0.6,0.4,-15.8,-15.8,-15.8,-15.8,1.0,0.0,8.0,1.0,0.6,0.4,13.2,13.2,13.2,13.2,1.0,0.0,8.0,1.0,0.6,0.4,185.0,185.0,185.0,185.0,1.0,0.0,8.0,1.0,0.6,0.4,185.0,185.0,185.0,185.0,1.0,0.0,8.0,1.0,0.6,0.4
1974,2,77.0,-16.0,27.0,27.0,27.0,27.0,1.0,0.0,12.0,1.0,0.3,0.1,26.6,26.6,26.6,26.6,1.0,0.0,12.0,1.0,0.3,0.1,17.0,17.0,17.0,17.0,1.0,0.0,12.0,1.0,0.3,0.1,78.2,78.2,78.2,78.2,1.0,0.0,12.0,1.0,0.1,6.2,6.2,6.2,6.2,1.0,0.0,12.0,1.0,0.3,0.1,-3.1,-3.1,-3.1,-3.1,1.0,0.0,12.0,1.0,0.3,0.1,5.37,5.37,5.37,5.37,1.0,0.0,12.0,1.0,0.3,0.1,1012.1,1012.1,1012.1,1012.1,1.0,0.0,12.0,1.0,0.3,0.1,3.0,3.0,3.0,3.0,1.0,0.0,12.0,1.0,0.3,0.1,-19.2,-19.2,-19.2,-19.2,1.0,0.0,12.0,1.0,0.3,0.1,33.3,33.3,33.3,33.3,1.0,0.0,12.0,1.0,0.3,0.1,0.4,0.4,0.4,0.4,1.0,0.0,12.0,1.0,0.3,0.1,2.5,2.5,2.5,2.5,1.0,0.0,12.0,1.0,0.3,0.1,5.32,5.32,5.32,5.32,1.0,0.0,12.0,1.0,0.3,0.1,33.0,33.0,33.0,33.0,1.0,0.0,12.0,1.0,0.3,0.1,-82.5,-82.5,-82.5,-82.5,1.0,0.0,12.0,1.0,0.3,0.1,142.8,142.8,142.8,142.8,1.0,0.0,12.0,1.0,0.3,0.1,-52.7,-52.7,-52.7,-52.7,1.0,0.0,12.0,1.0,0.3,0.1,91.3,91.3,91.3,91.3,1.0,0.0,12.0,1.0,0.3,0.1,-16.5,-16.5,-16.5,-16.5,1.0,0.0,12.0,1.0,0.3,0.1,28.6,28.6,28.6,28.6,1.0,0.0,12.0,1.0,0.3,0.1,238.5,238.5,238.5,238.5,1.0,0.0,12.0,1.0,0.3,0.1,240.0,240.0,240.0,240.0,1.0,0.0,12.0,1.0,0.3,0.1
1974,2,77.0,-14.0,27.2,27.2,27.2,27.2,1.0,0.0,26.0,0.0,0.0,0.9,27.0,27.0,27.0,27.0,1.0,0.0,26.0,0.0,0.0,0.9,21.09,21.09,21.09,21.09,1.0,0.0,26.0,0.0,0.0,0.9,94.3,94.3,94.3,94.3,1.0,0.0,26.0,0.0,0.9,2.6,2.6,2.6,2.6,1.0,0.0,26.0,0.0,0.0,0.9,0.89,0.89,0.89,0.89,1.0,0.0,26.0,0.0,0.0,0.9,-2.44,-2.44,-2.44,-2.44,1.0,0.0,26.0,0.0,0.0,0.9,1008.9,1008.9,1008.9,1008.9,1.0,0.0,26.0,0.0,0.0,0.9,1.0,1.0,1.0,1.0,1.0,0.0,26.0,0.0,0.0,0.9,2.3,2.3,2.3,2.3,1.0,0.0,26.0,0.0,0.0,0.9,-6.4,-6.4,-6.4,-6.4,1.0,0.0,26.0,0.0,0.0,0.9,0.2,0.2,0.2,0.2,1.0,0.0,26.0,0.0,0.0,0.9,0.5,0.5,0.5,0.5,1.0,0.0,26.0,0.0,0.0,0.9,1.57,1.57,1.57,1.57,1.0,0.0,26.0,0.0,0.0,0.9,4.1,4.1,4.1,4.1,1.0,0.0,26.0,0.0,0.0,0.9,24.0,24.0,24.0,24.0,1.0,0.0,26.0,0.0,0.0,0.9,-66.0,-66.0,-66.0,-66.0,1.0,0.0,26.0,0.0,0.0,0.9,18.8,18.8,18.8,18.8,1.0,0.0,26.0,0.0,0.0,0.9,-51.5,-51.5,-51.5,-51.5,1.0,0.0,26.0,0.0,0.0,0.9,1.4,1.4,1.4,1.4,1.0,0.0,26.0,0.0,0.0,0.9,-3.8,-3.8,-3.8,-3.8,1.0,0.0,26.0,0.0,0.0,0.9,17.5,17.5,17.5,17.5,1.0,0.0,26.0,0.0,0.0,0.9,20.0,20.0,20.0,20.0,1.0,0.0,26.0,0.0,0.0,0.9
1974,2,77.0,-8.0,26.63,27.4,28.29,27.61,10.0,1.09,14.0,0.4,0.3,0.5,25.89,27.5,28.43,27.28,10.0,1.35,14.0,0.4,0.3,0.5,17.86,18.55,19.29,18.73,6.0,1.3,16.0,0.3,0.3,0.4,72.4,86.1,88.8,81.0,7.0,9.3,16.0,0.3,0.5,3.0,5.0,7.66,5.79,9.0,3.63,14.0,0.4,0.3,0.5,2.2,4.7,7.35,5.05,9.0,4.14,14.0,0.4,0.3,0.5,-2.62,0.0,1.6,-0.28,9.0,2.23,14.0,0.4,0.3,0.5,1005.93,1009.0,1010.23,1008.52,9.0,2.2,14.0,0.4,0.3,0.4,0.4,4.0,7.0,3.8,10.0,2.9,14.0,0.4,0.3,0.5,7.2,23.5,57.3,42.4,9.0,59.9,14.0,0.4,0.3,0.5,-16.3,0.0,6.8,-3.5,9.0,11.5,14.0,0.4,0.3,0.5,-1.31,-0.05,2.29,0.33,10.0,1.99,14.0,0.4,0.3,0.5,-3.9,2.5,10.0,2.1,9.0,7.5,14.0,0.4,0.3,0.5,3.39,4.17,6.21,4.82,6.0,1.83,16.0,0.3,0.3,0.4,17.7,25.7,33.1,25.7,6.0,13.6,16.0,0.3,0.3,0.4,56.4,130.6,194.0,137.0,9.0,115.8,14.0,0.4,0.3,0.5,-72.5,0.0,45.1,-7.8,9.0,59.9,14.0,0.4,0.3,0.5,26.3,70.9,178.7,101.2,6.0,109.3,16.0,0.3,0.3,0.4,-31.9,0.0,32.6,1.4,6.0,40.6,16.0,0.3,0.3,0.4,8.8,23.2,31.5,21.7,6.0,16.7,16.0,0.3,0.3,0.4,-6.9,0.0,7.9,0.9,6.0,11.6,16.0,0.3,0.3,0.4,31.5,125.0,467.0,445.0,9.0,856.5,14.0,0.4,0.3,0.5,30.0,125.0,465.0,445.0,9.0,855.0,14.0,0.4,0.3,0.5
1974,2,77.0,-7.0,26.37,27.0,28.58,27.38,18.0,1.12,16.0,0.5,0.5,0.5,25.9,27.0,28.19,27.16,20.0,1.65,16.0,0.5,0.5,0.5,16.81,17.89,18.7,17.79,16.0,0.96,16.0,0.4,0.5,0.5,78.4,80.4,84.4,81.4,16.0,4.4,16.0,0.4,0.5,2.44,4.6,8.27,5.25,19.0,3.03,14.0,0.5,0.5,0.5,1.29,4.53,7.29,4.6,19.0,2.83,14.0,0.5,0.5,0.5,-3.12,-0.8,0.15,-1.03,19.0,2.6,14.0,0.5,0.5,0.5,1008.2,1009.2,1012.08,1009.58,20.0,1.95,16.0,0.5,0.5,0.5,3.0,5.0,7.0,4.7,20.0,2.1,16.0,0.5,0.5,0.5,4.0,20.8,59.5,31.9,19.0,26.7,14.0,0.5,0.5,0.5,-21.3,-3.7,0.7,-6.6,19.0,21.6,14.0,0.5,0.5,0.5,-0.57,0.45,1.06,0.28,18.0,1.23,16.0,0.5,0.5,0.5,-0.1,0.8,7.1,3.2,17.0,7.2,14.0,0.5,0.5,0.5,3.72,4.62,5.67,4.7,15.0,1.25,14.0,0.5,0.5,0.6,14.1,21.6,33.7,23.8,14.0,15.2,14.0,0.5,0.6,0.6,35.1,122.3,197.5,123.9,19.0,77.4,14.0,0.5,0.5,0.5,-85.6,-21.6,4.4,-27.8,19.0,70.7,14.0,0.5,0.5,0.5,24.1,77.6,129.6,77.1,15.0,48.1,14.0,0.5,0.5,0.5,-45.3,-13.7,15.7,-13.1,15.0,49.0,14.0,0.5,0.5,0.5,8.3,17.6,31.5,20.3,14.0,14.9,14.0,0.5,0.6,0.6,-12.0,-4.4,0.0,-3.6,14.0,12.9,14.0,0.5,0.6,0.6,15.5,97.5,566.5,273.5,19.0,279.0,14.0,0.5,0.5,0.5,15.0,95.0,565.0,275.0,19.0,280.0,14.0,0.5,0.5,0.5
1974,2,77.0,-6.0,26.63,28.0,28.68,27.67,3.0,1.53,14.0,0.7,0.8,0.4,26.5,28.0,30.18,28.33,3.0,2.72,14.0,0.7,0.8,0.4,18.38,18.49,18.6,18.49,2.0,0.23,16.0,0.5,0.9,0.5,80.0,83.3,86.6,83.3,2.0,6.9,16.0,0.5,0.5,6.0,9.0,9.2,7.63,3.0,2.63,14.0,0.7,0.8,0.4,-3.27,4.53,6.3,1.59,3.0,7.46,14.0,0.7,0.8,0.4,-4.33,-0.8,3.7,-0.33,3.0,5.9,14.0,0.7,0.8,0.4,1006.49,1009.7,1010.11,1008.33,3.0,2.9,14.0,0.7,0.8,0.4,3.3,4.0,6.0,4.7,3.0,2.1,14.0,0.7,0.8,0.4,-35.7,20.8,51.8,8.3,3.0,65.1,14.0,0.7,0.8,0.4,-39.1,-3.7,34.4,-2.4,3.0,53.8,14.0,0.7,0.8,0.4,-1.5,0.0,0.14,-0.67,3.0,1.33,14.0,0.7,0.8,0.4,-13.5,0.0,0.6,-6.3,3.0,11.7,14.0,0.7,0.8,0.4,3.13,3.97,4.81,3.97,2.0,1.75,16.0,0.5,0.9,0.5,18.3,30.5,42.7,30.5,2.0,25.3,16.0,0.5,0.9,0.5,-109.7,116.9,173.3,33.7,3.0,219.4,14.0,0.7,0.8,0.4,-120.8,-20.6,116.7,-2.5,3.0,174.6,14.0,0.7,0.8,0.4,90.9,107.9,124.9,107.9,2.0,35.2,16.0,0.5,0.9,0.5,-96.1,-63.1,-30.0,-63.1,2.0,68.5,16.0,0.5,0.9,0.5,16.3,24.7,33.2,24.7,2.0,17.5,16.0,0.5,0.9,0.5,-26.5,-16.7,-6.8,-16.7,2.0,20.5,16.0,0.5,0.9,0.5,298.0,729.0,780.5,543.5,3.0,388.5,14.0,0.7,0.8,0.4,300.0,730.0,780.0,545.0,3.0,390.0,14.0,0.7,0.8,0.4
1974,2,77.0,-5.0,26.62,26.65,26.68,26.65,2.0,0.07,16.0,1.0,0.1,0.6,26.76,26.9,29.43,28.07,3.0,2.2,14.0,0.7,0.1,0.6,17.55,17.55,17.55,17.55,2.0,0.01,10.0,0.5,0.1,0.7,79.4,79.7,80.0,79.7,2.0,0.7,10.0,0.5,0.7,3.08,4.1,9.01,6.0,3.0,4.65,14.0,0.7,0.1,0.6,0.84,2.64,4.69,2.76,3.0,2.83,14.0,0.7,0.1,0.6,-7.68,-3.14,-2.77,-5.18,3.0,4.0,14.0,0.7,0.1,0.6,1009.48,1010.5,1010.84,1010.17,3.0,1.04,14.0,0.7,0.1,0.6,5.0,7.0,7.7,6.3,3.0,2.1,14.0,0.7,0.1,0.6,3.4,10.8,47.0,24.9,3.0,34.2,14.0,0.7,0.1,0.6,-79.6,-12.9,-8.7,-43.4,3.0,58.3,14.0,0.7,0.1,0.6,-3.33,-2.1,-0.87,-2.1,2.0,2.55,16.0,1.0,0.1,0.6,-13.6,-8.4,-3.2,-8.4,2.0,10.8,16.0,1.0,0.1,0.6,4.27,4.27,4.27,4.27,1.0,0.0,10.0,1.0,0.0,0.7,11.1,11.1,11.1,11.1,1.0,0.0,10.0,1.0,0.0,0.7,25.6,80.6,128.6,77.2,3.0,75.5,14.0,0.7,0.1,0.6,-208.9,-96.1,-78.2,-142.4,3.0,103.7,14.0,0.7,0.1,0.6,15.7,49.6,83.4,49.6,2.0,70.1,10.0,0.5,0.1,0.7,-151.8,-108.7,-65.6,-108.7,2.0,89.2,10.0,0.5,0.1,0.7,0.0,0.0,0.0,0.0,1.0,0.0,10.0,1.0,0.0,0.7,-11.1,-11.1,-11.1,-11.1,1.0,0.0,10.0,1.0,0.0,0.7,34.0,69.0,1007.0,510.0,3.0,808.5,14.0,0.7,0.1,0.6,35.0,70.0,1005.0,510.0,3.0,810.0,14.0,0.7,0.1,0.6
1974,2,77.0,-4.0,26.7,26.7,26.7,26.7,1.0,0.0,28.0,0.0,0.1,0.6,26.7,26.7,26.7,26.7,1.0,0.0,28.0,0.0,0.1,0.6,17.46,17.46,17.46,17.46,1.0,0.0,28.0,0.0,0.1,0.6,79.7,79.7,79.7,79.7,1.0,0.0,28.0,0.0,0.6,7.7,7.7,7.7,7.7,1.0,0.0,28.0,0.0,0.1,0.6,7.24,7.24,7.24,7.24,1.0,0.0,28.0,0.0,0.1,0.6,2.63,2.63,2.63,2.63,1.0,0.0,28.0,0.0,0.1,0.6,1009.8,1009.8,1009.8,1009.8,1.0,0.0,28.0,0.0,0.1,0.6,3.0,3.0,3.0,3.0,1.0,0.0,28.0,0.0,0.1,0.6,55.7,55.7,55.7,55.7,1.0,0.0,28.0,0.0,0.1,0.6,20.3,20.3,20.3,20.3,1.0,0.0,28.0,0.0,0.1,0.6,0.0,0.0,0.0,0.0,1.0,0.0,28.0,0.0,0.1,0.6,0.0,0.0,0.0,0.0,1.0,0.0,28.0,0.0,0.1,0.6,4.51,4.51,4.51,4.51,1.0,0.0,28.0,0.0,0.1,0.6,34.8,34.8,34.8,34.8,1.0,0.0,28.0,0.0,0.1,0.6,193.2,193.2,193.2,193.2,1.0,0.0,28.0,0.0,0.1,0.6,70.3,70.3,70.3,70.3,1.0,0.0,28.0,0.0,0.1,0.6,126.3,126.3,126.3,126.3,1.0,0.0,28.0,0.0,0.1,0.6,46.0,46.0,46.0,46.0,1.0,0.0,28.0,0.0,0.1,0.6,32.7,32.7,32.7,32.7,1.0,0.0,28.0,0.0,0.1,0.6,11.9,11.9,11.9,11.9,1.0,0.0,28.0,0.0,0.1,0.6,456.5,456.5,456.5,456.5,1.0,0.0,28.0,0.0,0.1,0.6,455.0,455.0,455.0,455.0,1.0,0.0,28.0,0.0,0.1,0.6
1974,2,77.0,-3.0,27.13,27.4,27.4,27.27,3.0,0.23,24.0,0.3,0.6,0.4,27.45,28.0,28.0,27.73,3.0,0.46,24.0,0.3,0.6,0.4,17.11,17.58,17.95,17.53,3.0,0.62,24.0,0.3,0.6,0.4,74.4,74.6,75.9,75.1,3.0,1.2,24.0,0.3,0.4,5.0,8.0,8.14,6.6,3.0,2.6,24.0,0.3,0.6,0.4,2.11,4.0,4.07,3.11,3.0,1.63,24.0,0.3,0.6,0.4,-7.05,-6.93,-4.51,-5.8,3.0,2.1,24.0,0.3,0.6,0.4,1006.92,1009.1,1009.1,1008.03,3.0,1.85,24.0,0.3,0.6,0.4,2.0,2.0,2.7,2.3,3.0,0.6,24.0,0.3,0.6,0.4,13.2,32.0,33.1,23.4,3.0,16.4,24.0,0.3,0.6,0.4,-57.3,-55.4,-25.9,-41.9,3.0,25.8,24.0,0.3,0.6,0.4,-0.6,-0.6,-0.33,-0.47,3.0,0.23,24.0,0.3,0.6,0.4,-4.9,-4.8,-2.0,-3.5,3.0,2.4,24.0,0.3,0.6,0.4,4.97,5.35,5.49,5.24,3.0,0.39,24.0,0.3,0.6,0.4,26.2,39.4,41.7,34.1,3.0,12.3,24.0,0.3,0.6,0.4,58.4,112.0,113.9,86.8,3.0,46.2,24.0,0.3,0.6,0.4,-197.3,-194.0,-124.4,-161.6,3.0,60.3,24.0,0.3,0.6,0.4,36.5,70.3,73.0,55.1,3.0,29.8,24.0,0.3,0.6,0.4,-126.5,-121.8,-77.7,-102.5,3.0,39.5,24.0,0.3,0.6,0.4,10.9,19.7,20.8,16.0,3.0,7.9,24.0,0.3,0.6,0.4,-36.1,-34.1,-23.7,-30.0,3.0,9.8,24.0,0.3,0.6,0.4,194.5,512.0,539.0,370.0,3.0,280.5,24.0,0.3,0.6,0.4,195.0,510.0,540.0,370.0,3.0,280.0,24.0,0.3,0.6,0.4
1974,2,77.0,-1.0,27.55,27.65,27.75,27.65,2.0,0.21,16.0,0.5,0.5,0.6,27.74,28.25,28.76,28.25,2.0,1.06,16.0,0.5,0.5,0.6,17.04,17.54,18.03,17.54,2.0,1.03,16.0,0.5,0.5,0.6,72.8,73.0,73.2,73.0,2.0,0.4,16.0,0.5,0.6,5.17,6.4,7.63,6.4,2.0,2.55,16.0,0.5,0.5,0.6,-1.2,-0.71,-0.23,-0.71,2.0,1.01,16.0,0.5,0.5,0.6,-7.52,-6.34,-5.15,-6.34,2.0,2.46,16.0,0.5,0.5,0.6,1008.04,1009.2,1010.36,1009.2,2.0,2.4,16.0,0.5,0.5,0.6,4.3,5.0,5.7,5.0,2.0,1.4,16.0,0.5,0.5,0.6,-9.8,-5.8,-1.9,-5.8,2.0,8.3,16.0,0.5,0.5,0.6,-59.1,-43.7,-28.3,-43.7,2.0,31.9,16.0,0.5,0.5,0.6,-1.01,-0.6,-0.19,-0.6,2.0,0.85,16.0,0.5,0.5,0.6,-8.3,-4.9,-1.6,-4.9,2.0,7.0,16.0,0.5,0.5,0.6,5.4,5.73,6.06,5.73,2.0,0.68,16.0,0.5,0.5,0.6,30.9,35.8,40.7,35.8,2.0,10.2,16.0,0.5,0.5,0.6,-34.7,-20.6,-6.6,-20.6,2.0,29.2,16.0,0.5,0.5,0.6,-217.1,-180.3,-143.6,-180.3,2.0,76.1,16.0,0.5,0.5,0.6,-21.9,-13.0,-4.1,-13.0,2.0,18.4,16.0,0.5,0.5,0.6,-136.4,-112.4,-88.5,-112.4,2.0,49.6,16.0,0.5,0.5,0.6,-6.3,-3.7,-1.2,-3.7,2.0,5.3,16.0,0.5,0.5,0.6,-40.2,-35.5,-30.8,-35.5,2.0,9.8,16.0,0.5,0.5,0.6,169.5,324.5,479.5,324.5,2.0,321.0,16.0,0.5,0.5,0.6,170.0,325.0,480.0,325.0,2.0,320.0,16.0,0.5,0.5,0.6
1974,2,77.0,0.0,27.38,28.2,28.2,27.98,9.0,0.46,24.0,0.7,0.3,0.2,26.8,27.0,27.52,27.13,9.0,0.59,24.0,0.7,0.3,0.2,16.06,16.38,16.81,16.4,6.0,0.37,26.0,0.8,0.4,0.2,72.2,73.7,79.2,74.4,7.0,3.8,24.0,0.7,0.2,0.0,0.0,0.89,0.64,8.0,1.44,24.0,0.6,0.3,0.2,0.0,0.0,0.57,0.41,8.0,0.93,24.0,0.6,0.3,0.2,0.0,0.0,0.0,-0.3,8.0,1.18,24.0,0.6,0.3,0.2,1009.71,1010.5,1011.66,1010.44,8.0,1.62,24.0,0.8,0.4,0.1,2.0,4.0,7.0,4.1,9.0,2.7,24.0,0.7,0.3,0.2,0.0,0.0,0.6,1.4,8.0,3.8,24.0,0.6,0.3,0.2,0.0,0.0,0.0,-1.5,8.0,4.6,24.0,0.6,0.3,0.2,0.65,1.1,1.27,0.84,9.0,0.74,24.0,0.7,0.3,0.2,0.0,0.0,0.9,0.8,8.0,1.9,24.0,0.6,0.3,0.2,7.24,7.68,7.94,7.48,6.0,0.78,26.0,0.8,0.4,0.2,0.0,0.0,12.6,6.6,6.0,12.7,26.0,0.8,0.4,0.2,0.0,0.0,15.5,11.2,8.0,25.3,24.0,0.6,0.3,0.2,0.0,0.0,0.0,-8.1,8.0,32.2,24.0,0.6,0.3,0.2,0.0,0.0,17.5,9.1,6.0,17.7,26.0,0.8,0.4,0.2,-10.9,0.0,2.6,-6.7,6.0,23.1,26.0,0.8,0.4,0.2,0.0,0.0,8.1,4.2,6.0,8.2,26.0,0.8,0.4,0.2,-5.0,0.0,1.2,-3.1,6.0,10.7,26.0,0.8,0.4,0.2,0.0,0.0,1.0,8.5,8.0,24.5,24.0,0.6,0.3,0.2,0.0,0.0,0.0,10.0,8.0,25.0,24.0,0.6,0.3,0.2
1974,2,77.0,1.0,,,,,,,,,,,,,,,,,,,,,,,,,,,,,,,,,,,,,,,,2.58,3.6,4.62,3.6,2.0,2.12,8.0,0.5,0.5,0.5,1.76,1.78,1.81,1.78,2.0,0.05,8.0,0.5,0.5,0.5,-4.2,-2.92,-1.64,-2.92,2.0,2.65,8.0,0.5,0.5,0.5,1009.43,1010.35,1011.27,1010.35,2.0,1.91,8.0,0.5,0.5,0.5,,,,,,,,,,,,,,,,,,,,,,,,,,,,,,,,,,,,,,,,,,,,,,,,,,,,,,,,,,,,,,,,,,,,,,,,,,,,,,,,,,,,,,,,,,,,,,,,,,,,,,,,,,,,,,,,,,,,,,,,,,,,,,,,,,,,,,,,,,,,,,,,,,,,,,
1974,2,77.0,2.0,27.99,28.5,28.71,28.43,7.0,0.41,16.0,0.4,0.5,0.4,27.38,27.8,30.01,28.53,7.0,1.37,16.0,0.4,0.5,0.4,17.76,18.35,19.25,18.54,7.0,0.98,16.0,0.4,0.5,0.4,69.4,77.5,79.5,76.2,7.0,5.8,16.0,0.4,0.4,2.07,3.6,4.65,3.53,7.0,1.45,16.0,0.4,0.5,0.4,-2.99,-1.8,0.55,-1.5,7.0,1.73,16.0,0.4,0.5,0.4,-3.56,-3.12,-1.82,-2.55,7.0,1.84,16.0,0.4,0.5,0.4,1008.99,1010.8,1012.53,1010.99,7.0,1.69,16.0,0.4,0.5,0.4,1.8,4.0,6.0,3.8,6.0,2.1,16.0,0.5,0.5,0.4,-13.9,-6.5,1.2,-7.2,7.0,8.4,16.0,0.4,0.5,0.4,-16.6,-11.2,-3.9,-11.0,7.0,8.6,16.0,0.4,0.5,0.4,-1.33,0.7,0.91,-0.1,7.0,1.29,16.0,0.4,0.5,0.4,-5.5,1.4,3.4,-0.7,7.0,5.1,16.0,0.4,0.5,0.4,5.13,5.9,6.67,5.79,7.0,1.03,16.0,0.4,0.5,0.4,9.9,21.2,28.6,20.9,7.0,10.4,16.0,0.4,0.5,0.4,-89.3,-48.4,15.0,-43.5,7.0,49.7,16.0,0.4,0.5,0.4,-106.5,-83.9,-53.7,-73.1,7.0,52.1,16.0,0.4,0.5,0.4,-54.9,-31.7,10.5,-27.2,7.0,31.3,16.0,0.4,0.5,0.4,-65.4,-57.6,-37.3,-47.2,7.0,33.1,16.0,0.4,0.5,0.4,-18.4,-10.6,2.9,-9.1,7.0,11.1,16.0,0.4,0.5,0.4,-21.9,-18.4,-7.1,-14.7,7.0,12.1,16.0,0.4,0.5,0.4,9.0,46.5,101.5,63.0,7.0,63.0,16.0,0.4,0.5,0.4,10.0,45.0,100.0,65.0,7.0,65.0,16.0,0.4,0.5,0.4
1974,2,77.0,3.0,26.54,27.25,28.0,27.2,10.0,0.76,14.0,0.6,0.3,0.5,26.0,26.65,28.29,26.9,10.0,1.26,14.0,0.6,0.3,0.5,15.56,17.41,18.37,17.37,9.0,2.05,14.0,0.6,0.3,0.5,71.6,78.3,85.7,79.2,9.0,8.2,14.0,0.6,0.5,2.6,4.1,5.06,4.0,10.0,1.27,14.0,0.6,0.3,0.5,-3.52,-1.99,0.55,-1.65,10.0,2.11,14.0,0.6,0.3,0.5,-4.18,-2.96,-2.3,-3.12,10.0,1.03,14.0,0.6,0.3,0.5,1009.77,1010.45,1011.56,1010.67,10.0,1.05,14.0,0.6,0.3,0.5,0.4,3.0,8.0,3.9,10.0,3.5,14.0,0.6,0.3,0.5,-16.2,-5.7,1.4,-8.2,10.0,10.7,14.0,0.6,0.3,0.5,-23.4,-12.4,-6.2,-13.5,10.0,8.0,14.0,0.6,0.3,0.5,-0.61,0.5,0.87,0.3,10.0,0.96,14.0,0.6,0.3,0.5,-2.2,1.9,3.6,1.0,10.0,3.7,14.0,0.6,0.3,0.5,2.87,4.75,6.98,5.15,9.0,2.2,14.0,0.6,0.3,0.5,9.2,20.1,29.0,20.3,9.0,10.0,14.0,0.6,0.3,0.5,-95.6,-50.6,16.4,-43.8,10.0,57.2,14.0,0.6,0.3,0.5,-115.8,-79.8,-63.2,-84.4,10.0,29.0,14.0,0.6,0.3,0.5,-61.2,-29.4,18.7,-26.1,9.0,40.1,14.0,0.6,0.3,0.5,-66.8,-51.0,-36.3,-51.3,9.0,15.8,14.0,0.6,0.3,0.5,-17.3,-6.2,1.4,-8.1,9.0,10.6,14.0,0.6,0.3,0.5,-20.6,-16.6,-7.3,-16.1,9.0,9.3,14.0,0.6,0.3,0.5,17.5,72.0,129.5,82.0,10.0,71.5,14.0,0.6,0.3,0.5,20.0,70.0,130.0,80.0,10.0,70.0,14.0,0.6,0.3,0.5
1974,2,77.0,4.0,26.71,27.8,28.07,27.4,3.0,1.06,2.0,0.3,0.6,0.3,25.14,26.1,27.74,26.43,3.0,1.92,2.0,0.3,0.6,0.3,16.69,17.56,18.84,17.76,3.0,1.58,2.0,0.3,0.6,0.3,78.1,79.9,87.0,82.5,3.0,6.9,2.0,0.3,0.3,4.22,7.7,7.7,6.0,3.0,2.94,2.0,0.3,0.6,0.3,-4.6,-3.85,-2.89,-3.75,3.0,1.26,2.0,0.3,0.6,0.3,-6.42,-5.9,-2.48,-4.49,3.0,3.14,2.0,0.3,0.6,0.3,1010.7,1012.0,1012.34,1011.53,3.0,1.27,2.0,0.3,0.6,0.3,6.6,8.0,8.0,7.3,3.0,1.2,2.0,0.3,0.6,0.3,-35.4,-29.6,-13.7,-24.7,3.0,16.4,2.0,0.3,0.6,0.3,-49.5,-45.4,-16.0,-33.0,3.0,26.8,2.0,0.3,0.6,0.3,-0.17,0.1,2.15,0.97,3.0,1.86,2.0,0.3,0.6,0.3,-1.5,0.3,16.4,7.3,3.0,14.4,2.0,0.3,0.6,0.3,4.68,5.0,5.61,5.14,3.0,0.69,2.0,0.3,0.6,0.3,19.9,34.9,42.0,31.1,3.0,16.5,2.0,0.3,0.6,0.3,-118.3,-109.7,-78.4,-98.6,3.0,30.8,2.0,0.3,0.6,0.3,-176.0,-145.7,-62.1,-119.7,3.0,86.4,2.0,0.3,0.6,0.3,-83.1,-74.8,-50.9,-67.2,3.0,24.5,2.0,0.3,0.6,0.3,-121.3,-103.6,-42.8,-82.5,3.0,60.4,2.0,0.3,0.6,0.3,-25.4,-17.4,-13.9,-19.6,3.0,8.7,2.0,0.3,0.6,0.3,-33.3,-30.2,-12.6,-23.1,3.0,16.3,2.0,0.3,0.6,0.3,157.0,456.5,456.5,310.0,3.0,253.5,2.0,0.3,0.6,0.3,155.0,455.0,455.0,310.0,3.0,255.0,2.0,0.3,0.6,0.3
1974,2,77.0,5.0,27.1,27.1,27.1,27.1,1.0,0.0,20.0,1.0,0.2,0.5,25.25,25.8,26.35,25.8,2.0,1.13,22.0,1.0,0.2,0.7,17.01,18.16,19.31,18.16,2.0,2.38,22.0,1.0,0.2,0.7,84.6,87.2,89.8,87.2,2.0,5.3,22.0,1.0,0.7,6.7,6.7,6.7,6.7,2.0,0.0,22.0,1.0,0.2,0.7,-5.48,-3.73,-1.98,-3.73,2.0,3.63,22.0,1.0,0.2,0.7,-5.91,-4.44,-2.97,-4.44,2.0,3.05,22.0,1.0,0.2,0.7,1010.06,1011.05,1012.04,1011.05,2.0,2.05,22.0,1.0,0.2,0.7,7.2,7.5,7.8,7.5,2.0,0.7,22.0,1.0,0.2,0.7,-36.7,-25.0,-13.3,-25.0,2.0,24.3,22.0,1.0,0.2,0.7,-39.6,-29.8,-19.9,-29.8,2.0,20.4,22.0,1.0,0.2,0.7,0.5,0.5,0.5,0.5,1.0,0.0,20.0,1.0,0.2,0.5,3.4,3.4,3.4,3.4,1.0,0.0,20.0,1.0,0.2,0.5,2.66,2.66,2.66,2.66,1.0,0.0,20.0,1.0,0.2,0.5,17.9,17.9,17.9,17.9,1.0,0.0,20.0,1.0,0.2,0.5,-137.3,-94.2,-51.0,-94.2,2.0,89.4,22.0,1.0,0.2,0.7,-156.8,-116.4,-76.1,-116.4,2.0,83.6,22.0,1.0,0.2,0.7,-90.9,-63.4,-35.9,-63.4,2.0,57.0,22.0,1.0,0.2,0.7,-116.1,-84.3,-52.5,-84.3,2.0,65.9,22.0,1.0,0.2,0.7,-3.1,-3.1,-3.1,-3.1,1.0,0.0,20.0,1.0,0.2,0.5,-17.6,-17.6,-17.6,-17.6,1.0,0.0,20.0,1.0,0.2,0.5,301.0,301.0,301.0,301.0,2.0,0.0,22.0,1.0,0.2,0.7,300.0,300.0,300.0,300.0,2.0,0.0,22.0,1.0,0.2,0.7
1974,2,77.0,6.0,26.71,27.8,29.43,27.84,9.0,1.33,16.0,0.2,0.6,0.6,26.12,27.0,28.0,27.03,11.0,0.94,16.0,0.4,0.5,0.6,16.45,18.57,20.11,18.45,9.0,2.0,18.0,0.4,0.6,0.6,78.7,80.5,88.3,81.8,9.0,5.7,18.0,0.4,0.6,5.07,6.6,7.99,6.41,10.0,2.45,14.0,0.4,0.6,0.6,-3.71,-0.74,2.72,-0.36,10.0,3.81,14.0,0.4,0.6,0.6,-7.07,-5.11,-3.48,-5.27,10.0,2.48,14.0,0.4,0.6,0.6,1009.16,1010.6,1011.88,1010.54,11.0,1.96,16.0,0.4,0.5,0.6,0.0,2.0,4.0,2.0,11.0,1.9,16.0,0.4,0.5,0.6,-31.7,-3.1,16.8,-2.6,10.0,29.1,14.0,0.4,0.6,0.6,-51.6,-32.8,-20.1,-38.3,10.0,26.9,14.0,0.4,0.6,0.6,0.15,0.8,2.49,1.03,9.0,1.6,16.0,0.2,0.6,0.6,0.5,3.8,19.6,7.1,8.0,10.7,14.0,0.3,0.6,0.5,3.48,5.32,5.53,4.49,7.0,1.9,18.0,0.3,0.7,0.6,5.0,35.0,42.6,27.8,6.0,19.1,16.0,0.3,0.8,0.5,-97.4,-19.8,70.6,-8.7,10.0,102.8,14.0,0.4,0.6,0.6,-195.0,-138.9,-91.3,-142.5,10.0,68.0,14.0,0.4,0.6,0.6,-66.3,-12.9,0.0,-13.3,8.0,67.2,18.0,0.5,0.7,0.6,-141.4,-97.6,-50.9,-96.5,8.0,52.7,18.0,0.5,0.7,0.6,-23.5,-10.7,-2.2,-13.2,6.0,13.1,16.0,0.3,0.8,0.5,-37.6,-24.9,-4.4,-22.9,6.0,16.8,16.0,0.3,0.8,0.5,135.0,290.5,511.0,357.5,10.0,305.5,14.0,0.4,0.6,0.6,135.0,290.0,510.0,360.0,10.0,305.0,14.0,0.4,0.6,0.6
1974,2,77.0,7.0,26.0,26.6,28.0,26.94,19.0,0.95,14.0,0.6,0.5,0.5,26.0,26.5,28.2,26.73,22.0,1.27,14.0,0.6,0.5,0.5,14.58,15.99,17.69,16.26,19.0,1.68,14.0,0.6,0.5,0.5,67.3,73.5,83.1,74.6,19.0,7.1,14.0,0.6,0.5,4.6,6.95,9.78,6.8,20.0,2.68,14.0,0.6,0.5,0.5,-7.49,-4.25,-0.97,-4.11,20.0,2.96,14.0,0.6,0.5,0.5,-7.68,-3.63,0.0,-3.43,20.0,4.11,14.0,0.6,0.5,0.5,1007.75,1010.7,1013.4,1010.6,23.0,2.69,16.0,0.6,0.5,0.5,1.0,2.0,4.7,2.8,22.0,2.0,16.0,0.6,0.5,0.5,-67.2,-29.5,-1.5,-32.8,20.0,27.4,14.0,0.6,0.5,0.5,-61.7,-22.1,0.0,-30.1,20.0,40.0,14.0,0.6,0.5,0.5,-0.43,0.3,1.66,0.3,18.0,1.21,14.0,0.6,0.5,0.5,-3.3,1.5,8.8,2.1,16.0,8.5,14.0,0.6,0.6,0.5,4.02,6.22,7.7,6.14,17.0,1.78,12.0,0.6,0.5,0.5,34.9,44.8,59.6,45.6,15.0,15.1,12.0,0.7,0.6,0.5,-198.6,-110.2,-28.2,-109.6,20.0,79.2,14.0,0.6,0.5,0.5,-204.7,-98.1,0.0,-92.4,20.0,110.2,14.0,0.6,0.5,0.5,-123.1,-67.5,-12.5,-69.9,17.0,51.4,12.0,0.6,0.5,0.5,-133.0,-74.6,0.0,-68.6,17.0,70.4,12.0,0.6,0.5,0.5,-46.6,-31.6,-13.7,-31.6,15.0,17.9,12.0,0.7,0.6,0.5,-38.2,-22.7,0.0,-20.4,15.0,24.9,12.0,0.7,0.6,0.5,97.5,347.5,935.0,456.0,20.0,471.0,14.0,0.6,0.5,0.5,95.0,345.0,935.0,455.0,20.0,470.0,14.0,0.6,0.5,0.5
1974,2,77.0,8.0,26.69,27.6,28.3,27.44,5.0,1.03,18.0,0.2,0.2,0.1,26.29,27.85,28.94,27.75,6.0,2.07,18.0,0.3,0.2,0.1,13.67,16.15,16.47,15.28,5.0,1.49,18.0,0.2,0.2,0.1,64.1,70.6,72.4,68.3,5.0,7.1,18.0,0.2,0.1,3.17,4.6,6.11,4.62,6.0,2.09,18.0,0.3,0.2,0.1,-5.74,-2.67,3.1,-1.79,6.0,4.62,18.0,0.3,0.2,0.1,-2.57,-1.35,-0.09,-1.05,6.0,1.85,18.0,0.3,0.2,0.1,1007.51,1009.8,1012.25,1009.78,6.0,2.77,18.0,0.3,0.2,0.1,0.0,0.5,2.6,1.3,6.0,2.0,18.0,0.3,0.2,0.1,-35.7,-9.3,12.5,-12.0,6.0,28.5,18.0,0.3,0.2,0.1,-14.5,-7.0,0.8,-6.7,6.0,10.1,18.0,0.3,0.2,0.1,-0.63,0.5,1.28,0.34,5.0,1.11,18.0,0.2,0.2,0.1,-2.9,0.8,6.4,1.3,5.0,5.3,18.0,0.2,0.2,0.1,7.1,7.62,8.14,7.69,5.0,0.79,18.0,0.2,0.2,0.1,20.4,31.3,42.5,31.0,5.0,13.5,18.0,0.2,0.2,0.1,-151.3,-72.0,87.0,-49.7,6.0,132.3,18.0,0.3,0.2,0.1,-74.3,-34.5,-1.8,-29.6,6.0,52.8,18.0,0.3,0.2,0.1,-69.0,-21.4,50.3,-11.3,5.0,61.7,18.0,0.2,0.2,0.1,-29.6,-12.3,6.2,-9.6,5.0,28.0,18.0,0.2,0.2,0.1,-33.5,-9.9,27.0,-3.9,5.0,33.1,18.0,0.2,0.2,0.1,-17.2,-5.7,2.5,-6.3,5.0,14.6,18.0,0.2,0.2,0.1,37.5,101.0,241.0,149.0,6.0,164.0,18.0,0.3,0.2,0.1,40.0,100.0,240.0,150.0,6.0,165.0,18.0,0.3,0.2,0.1
1974,2,78.0,-67.0,,,,,,,,,,,,,,,,,,,,,,,,,,,,,,,,,,,,,,,,2.0,2.0,2.0,2.0,1.0,0.0,16.0,1.0,0.0,0.5,-1.97,-1.97,-1.97,-1.97,1.0,0.0,16.0,1.0,0.0,0.5,0.35,0.35,0.35,0.35,1.0,0.0,16.0,1.0,0.0,0.5,975.71,975.95,976.19,975.95,2.0,0.49,16.0,1.0,0.2,0.8,,,,,,,,,,,,,,,,,,,,,,,,,,,,,,,,,,,,,,,,,,,,,,,,,,,,,,,,,,,,,,,,,,,,,,,,,,,,,,,,,,,,,,,,,,,,,,,,,,,,,,,,,,,,,,,,,,,,,,,,,,,,,,,,,,,,,,,,,,,,,,,,,,,,,,
1974,2,78.0,-66.0,,,,,,,,,,,,,,,,,,,,,,,,,,,,,,,,,,,,,,,,11.0,11.0,11.0,11.0,1.0,0.0,18.0,1.0,0.9,0.9,-8.43,-8.43,-8.43,-8.43,1.0,0.0,18.0,1.0,0.9,0.9,7.07,7.07,7.07,7.07,1.0,0.0,18.0,1.0,0.9,0.9,968.5,968.5,968.5,968.5,1.0,0.0,18.0,1.0,0.9,0.9,,,,,,,,,,,,,,,,,,,,,,,,,,,,,,,,,,,,,,,,,,,,,,,,,,,,,,,,,,,,,,,,,,,,,,,,,,,,,,,,,,,,,,,,,,,,,,,,,,,,,,,,,,,,,,,,,,,,,,,,,,,,,,,,,,,,,,,,,,,,,,,,,,,,,,
1974,2,78.0,-60.0,0.9,0.9,0.9,0.9,1.0,0.0,12.0,1.0,0.2,0.5,0.3,0.3,0.3,0.3,1.0,0.0,12.0,1.0,0.2,0.5,3.8,3.8,3.8,3.8,1.0,0.0,12.0,1.0,0.2,0.5,95.0,95.0,95.0,95.0,1.0,0.0,12.0,1.0,0.5,6.7,6.7,6.7,6.7,1.0,0.0,12.0,1.0,0.2,0.5,5.8,5.8,5.8,5.8,1.0,0.0,12.0,1.0,0.2,0.5,3.35,3.35,3.35,3.35,1.0,0.0,12.0,1.0,0.2,0.5,978.0,978.0,978.0,978.0,1.0,0.0,12.0,1.0,0.2,0.5,8.0,8.0,8.0,8.0,1.0,0.0,12.0,1.0,0.2,0.5,38.9,38.9,38.9,38.9,1.0,0.0,12.0,1.0,0.2,0.5,22.4,22.4,22.4,22.4,1.0,0.0,12.0,1.0,0.2,0.5,0.6,0.6,0.6,0.6,1.0,0.0,12.0,1.0,0.2,0.5,4.0,4.0,4.0,4.0,1.0,0.0,12.0,1.0,0.2,0.5,0.38,0.38,0.38,0.38,1.0,0.0,12.0,1.0,0.2,0.5,2.5,2.5,2.5,2.5,1.0,0.0,12.0,1.0,0.2,0.5,1.7,1.7,1.7,1.7,1.0,0.0,12.0,1.0,0.2,0.5,1.0,1.0,1.0,1.0,1.0,0.0,12.0,1.0,0.2,0.5,22.1,22.1,22.1,22.1,1.0,0.0,12.0,1.0,0.2,0.5,12.7,12.7,12.7,12.7,1.0,0.0,12.0,1.0,0.2,0.5,2.2,2.2,2.2,2.2,1.0,0.0,12.0,1.0,0.2,0.5,1.3,1.3,1.3,1.3,1.0,0.0,12.0,1.0,0.2,0.5,301.0,301.0,301.0,301.0,1.0,0.0,12.0,1.0,0.2,0.5,300.0,300.0,300.0,300.0,1.0,0.0,12.0,1.0,0.2,0.5
1974,2,78.0,-48.0,6.5,6.5,6.5,6.5,1.0,0.0,18.0,1.0,0.9,0.6,6.0,6.0,6.0,6.0,1.0,0.0,18.0,1.0,0.9,0.6,4.09,4.09,4.09,4.09,1.0,0.0,18.0,1.0,0.9,0.6,71.3,71.3,71.3,71.3,1.0,0.0,18.0,1.0,0.6,5.1,5.1,5.1,5.1,1.0,0.0,18.0,1.0,0.9,0.6,2.55,2.55,2.55,2.55,1.0,0.0,18.0,1.0,0.9,0.6,4.42,4.42,4.42,4.42,1.0,0.0,18.0,1.0,0.9,0.6,1020.9,1020.9,1020.9,1020.9,1.0,0.0,18.0,1.0,0.9,0.6,8.0,8.0,8.0,8.0,1.0,0.0,18.0,1.0,0.9,0.6,13.0,13.0,13.0,13.0,1.0,0.0,18.0,1.0,0.9,0.6,22.5,22.5,22.5,22.5,1.0,0.0,18.0,1.0,0.9,0.6,0.5,0.5,0.5,0.5,1.0,0.0,18.0,1.0,0.9,0.6,2.6,2.6,2.6,2.6,1.0,0.0,18.0,1.0,0.9,0.6,1.85,1.85,1.85,1.85,1.0,0.0,18.0,1.0,0.9,0.6,9.5,9.5,9.5,9.5,1.0,0.0,18.0,1.0,0.9,0.6,15.3,15.3,15.3,15.3,1.0,0.0,18.0,1.0,0.9,0.6,26.5,26.5,26.5,26.5,1.0,0.0,18.0,1.0,0.9,0.6,10.4,10.4,10.4,10.4,1.0,0.0,18.0,1.0,0.9,0.6,18.1,18.1,18.1,18.1,1.0,0.0,18.0,1.0,0.9,0.6,4.7,4.7,4.7,4.7,1.0,0.0,18.0,1.0,0.9,0.6,8.2,8.2,8.2,8.2,1.0,0.0,18.0,1.0,0.9,0.6,132.5,132.5,132.5,132.5,1.0,0.0,18.0,1.0,0.9,0.6,135.0,135.0,135.0,135.0,1.0,0.0,18.0,1.0,0.9,0.6
1974,2,78.0,-44.0,11.6,11.6,11.6,11.6,1.0,0.0,4.0,0.0,0.0,0.2,9.9,9.9,9.9,9.9,1.0,0.0,4.0,0.0,0.0,0.2,5.72,5.72,5.72,5.72,1.0,0.0,4.0,0.0,0.0,0.2,76.7,76.7,76.7,76.7,1.0,0.0,4.0,0.0,0.2,4.6,4.6,4.6,4.6,1.0,0.0,4.0,0.0,0.0,0.2,3.98,3.98,3.98,3.98,1.0,0.0,4.0,0.0,0.0,0.2,2.3,2.3,2.3,2.3,1.0,0.0,4.0,0.0,0.0,0.2,1024.1,1024.1,1024.1,1024.1,1.0,0.0,4.0,0.0,0.0,0.2,1.0,1.0,1.0,1.0,1.0,0.0,4.0,0.0,0.0,0.2,18.3,18.3,18.3,18.3,1.0,0.0,4.0,0.0,0.0,0.2,10.6,10.6,10.6,10.6,1.0,0.0,4.0,0.0,0.0,0.2,1.7,1.7,1.7,1.7,1.0,0.0,4.0,0.0,0.0,0.2,7.8,7.8,7.8,7.8,1.0,0.0,4.0,0.0,0.0,0.2,2.65,2.65,2.65,2.65,1.0,0.0,4.0,0.0,0.0,0.2,12.2,12.2,12.2,12.2,1.0,0.0,4.0,0.0,0.0,0.2,39.4,39.4,39.4,39.4,1.0,0.0,4.0,0.0,0.0,0.2,22.8,22.8,22.8,22.8,1.0,0.0,4.0,0.0,0.0,0.2,22.8,22.8,22.8,22.8,1.0,0.0,4.0,0.0,0.0,0.2,13.2,13.2,13.2,13.2,1.0,0.0,4.0,0.0,0.0,0.2,10.5,10.5,10.5,10.5,1.0,0.0,4.0,0.0,0.0,0.2,6.1,6.1,6.1,6.1,1.0,0.0,4.0,0.0,0.0,0.2,97.5,97.5,97.5,97.5,1.0,0.0,4.0,0.0,0.0,0.2,95.0,95.0,95.0,95.0,1.0,0.0,4.0,0.0,0.0,0.2
1974,2,78.0,-40.0,17.0,17.0,17.0,17.0,2.0,0.0,12.0,1.0,0.6,0.4,18.24,19.2,20.16,19.2,2.0,1.98,12.0,1.0,0.6,0.4,10.43,10.63,10.82,10.63,2.0,0.4,12.0,1.0,0.6,0.4,72.3,78.7,85.1,78.7,2.0,13.2,12.0,1.0,0.4,1.25,1.8,2.35,1.8,2.0,1.13,12.0,1.0,0.6,0.4,0.1,0.32,0.54,0.32,2.0,0.45,12.0,1.0,0.6,0.4,-2.31,-1.68,-1.06,-1.68,2.0,1.3,12.0,1.0,0.6,0.4,1024.86,1028.65,1032.44,1028.65,2.0,7.85,12.0,1.0,0.6,0.4,1.2,1.5,1.8,1.5,2.0,0.7,12.0,1.0,0.6,0.4,0.1,0.3,0.5,0.3,2.0,0.5,12.0,1.0,0.6,0.4,-5.8,-3.8,-1.7,-3.8,2.0,4.2,12.0,1.0,0.6,0.4,-3.16,-2.2,-1.24,-2.2,2.0,1.98,12.0,1.0,0.6,0.4,-8.0,-5.1,-2.2,-5.1,2.0,6.1,12.0,1.0,0.6,0.4,0.98,1.22,1.46,1.22,2.0,0.5,12.0,1.0,0.6,0.4,1.4,2.5,3.6,2.5,2.0,2.3,12.0,1.0,0.6,0.4,1.8,5.7,9.6,5.7,2.0,8.1,12.0,1.0,0.6,0.4,-47.2,-33.6,-20.0,-33.6,2.0,28.2,12.0,1.0,0.6,0.4,1.1,3.5,5.9,3.5,2.0,5.0,12.0,1.0,0.6,0.4,-23.9,-17.6,-11.3,-17.6,2.0,13.1,12.0,1.0,0.6,0.4,0.1,0.3,0.5,0.3,2.0,0.4,12.0,1.0,0.6,0.4,-3.5,-2.4,-1.2,-2.4,2.0,2.4,12.0,1.0,0.6,0.4,3.5,9.5,15.0,9.5,2.0,11.5,12.0,1.0,0.6,0.4,5.0,10.0,15.0,10.0,2.0,10.0,12.0,1.0,0.6,0.4
1974,2,78.0,-37.0,,,,,,,,,,,,,,,,,,,,,,,,,,,,,,,,,,,,,,,,6.2,6.2,6.2,6.2,1.0,0.0,14.0,0.0,0.5,1.0,5.83,5.83,5.83,5.83,1.0,0.0,14.0,0.0,0.5,1.0,2.12,2.12,2.12,2.12,1.0,0.0,14.0,0.0,0.5,1.0,1023.3,1023.3,1023.3,1023.3,1.0,0.0,14.0,0.0,0.5,1.0,,,,,,,,,,,,,,,,,,,,,,,,,,,,,,,,,,,,,,,,,,,,,,,,,,,,,,,,,,,,,,,,,,,,,,,,,,,,,,,,,,,,,,,,,,,,,,,,,,,,,,,,,,,,,,,,,,,,,,,,,,,,,,,,,,,,,,,,,,,,,,,,,,,,,,
1974,2,78.0,-33.0,21.6,21.6,21.6,21.6,1.0,0.0,4.0,1.0,0.8,0.5,22.0,22.0,22.0,22.0,1.0,0.0,4.0,1.0,0.8,0.5,9.34,9.34,9.34,9.34,1.0,0.0,4.0,1.0,0.8,0.5,57.8,57.8,57.8,57.8,1.0,0.0,4.0,1.0,0.5,8.2,8.2,8.2,8.2,1.0,0.0,4.0,1.0,0.8,0.5,-7.71,-7.71,-7.71,-7.71,1.0,0.0,4.0,1.0,0.8,0.5,-2.8,-2.8,-2.8,-2.8,1.0,0.0,4.0,1.0,0.8,0.5,1027.2,1027.2,1027.2,1027.2,1.0,0.0,4.0,1.0,0.8,0.5,1.0,1.0,1.0,1.0,1.0,0.0,4.0,1.0,0.8,0.5,-63.2,-63.2,-63.2,-63.2,1.0,0.0,4.0,1.0,0.8,0.5,-23.0,-23.0,-23.0,-23.0,1.0,0.0,4.0,1.0,0.8,0.5,-0.4,-0.4,-0.4,-0.4,1.0,0.0,4.0,1.0,0.8,0.5,-3.3,-3.3,-3.3,-3.3,1.0,0.0,4.0,1.0,0.8,0.5,6.5,6.5,6.5,6.5,1.0,0.0,4.0,1.0,0.8,0.5,53.3,53.3,53.3,53.3,1.0,0.0,4.0,1.0,0.8,0.5,-169.5,-169.5,-169.5,-169.5,1.0,0.0,4.0,1.0,0.8,0.5,-61.7,-61.7,-61.7,-61.7,1.0,0.0,4.0,1.0,0.8,0.5,-71.9,-71.9,-71.9,-71.9,1.0,0.0,4.0,1.0,0.8,0.5,-26.2,-26.2,-26.2,-26.2,1.0,0.0,4.0,1.0,0.8,0.5,-50.1,-50.1,-50.1,-50.1,1.0,0.0,4.0,1.0,0.8,0.5,-18.2,-18.2,-18.2,-18.2,1.0,0.0,4.0,1.0,0.8,0.5,551.5,551.5,551.5,551.5,1.0,0.0,4.0,1.0,0.8,0.5,550.0,550.0,550.0,550.0,1.0,0.0,4.0,1.0,0.8,0.5
1974,2,78.0,-31.0,22.06,22.2,22.34,22.2,2.0,0.28,12.0,0.0,0.4,0.8,21.02,21.05,21.08,21.05,2.0,0.07,12.0,0.0,0.4,0.8,13.62,13.95,14.27,13.95,2.0,0.67,12.0,0.0,0.4,0.8,88.7,90.6,92.5,90.6,2.0,4.0,12.0,0.0,0.8,4.6,4.6,4.6,4.6,2.0,0.0,12.0,0.0,0.4,0.8,-3.98,-3.98,-3.98,-3.98,2.0,0.0,12.0,0.0,0.4,0.8,-1.57,0.0,1.57,0.0,2.0,3.25,12.0,0.0,0.4,0.8,1020.66,1021.0,1021.34,1021.0,2.0,0.71,12.0,0.0,0.4,0.8,5.3,6.0,6.7,6.0,2.0,1.4,12.0,0.0,0.4,0.8,-18.3,-18.3,-18.3,-18.3,2.0,0.0,12.0,0.0,0.4,0.8,-7.2,0.0,7.2,0.0,2.0,15.0,12.0,0.0,0.4,0.8,0.98,1.15,1.32,1.15,2.0,0.35,12.0,0.0,0.4,0.8,4.5,5.3,6.1,5.3,2.0,1.6,12.0,0.0,0.4,0.8,2.12,2.59,3.06,2.59,2.0,0.97,12.0,0.0,0.4,0.8,9.8,11.9,14.1,11.9,2.0,4.5,12.0,0.0,0.4,0.8,-84.0,-83.9,-83.7,-83.9,2.0,0.3,12.0,0.0,0.4,0.8,-33.2,-0.1,32.9,-0.1,2.0,68.5,12.0,0.0,0.4,0.8,-56.9,-55.6,-54.3,-55.6,2.0,2.7,12.0,0.0,0.4,0.8,-23.0,-1.1,20.8,-1.1,2.0,45.4,12.0,0.0,0.4,0.8,-12.2,-10.3,-8.5,-10.3,2.0,3.9,12.0,0.0,0.4,0.8,-2.5,1.6,5.7,1.6,2.0,8.4,12.0,0.0,0.4,0.8,97.5,97.5,97.5,97.5,2.0,0.0,12.0,0.0,0.4,0.8,95.0,95.0,95.0,95.0,2.0,0.0,12.0,0.0,0.4,0.8
1974,2,78.0,-29.0,22.0,22.0,22.0,22.0,1.0,0.0,10.0,0.0,0.2,0.7,21.6,21.6,21.6,21.6,1.0,0.0,10.0,0.0,0.2,0.7,12.75,12.75,12.75,12.75,1.0,0.0,10.0,0.0,0.2,0.7,80.5,80.5,80.5,80.5,1.0,0.0,10.0,0.0,0.7,9.3,9.3,9.3,9.3,1.0,0.0,10.0,0.0,0.2,0.7,-9.16,-9.16,-9.16,-9.16,1.0,0.0,10.0,0.0,0.2,0.7,1.61,1.61,1.61,1.61,1.0,0.0,10.0,0.0,0.2,0.7,1025.0,1025.0,1025.0,1025.0,1.0,0.0,10.0,0.0,0.2,0.7,7.0,7.0,7.0,7.0,1.0,0.0,10.0,0.0,0.2,0.7,-85.2,-85.2,-85.2,-85.2,1.0,0.0,10.0,0.0,0.2,0.7,15.0,15.0,15.0,15.0,1.0,0.0,10.0,0.0,0.2,0.7,0.4,0.4,0.4,0.4,1.0,0.0,10.0,0.0,0.2,0.7,3.7,3.7,3.7,3.7,1.0,0.0,10.0,0.0,0.2,0.7,3.52,3.52,3.52,3.52,1.0,0.0,10.0,0.0,0.2,0.7,32.7,32.7,32.7,32.7,1.0,0.0,10.0,0.0,0.2,0.7,-197.8,-197.8,-197.8,-197.8,1.0,0.0,10.0,0.0,0.2,0.7,34.9,34.9,34.9,34.9,1.0,0.0,10.0,0.0,0.2,0.7,-116.8,-116.8,-116.8,-116.8,1.0,0.0,10.0,0.0,0.2,0.7,20.6,20.6,20.6,20.6,1.0,0.0,10.0,0.0,0.2,0.7,-32.2,-32.2,-32.2,-32.2,1.0,0.0,10.0,0.0,0.2,0.7,5.7,5.7,5.7,5.7,1.0,0.0,10.0,0.0,0.2,0.7,804.5,804.5,804.5,804.5,1.0,0.0,10.0,0.0,0.2,0.7,805.0,805.0,805.0,805.0,1.0,0.0,10.0,0.0,0.2,0.7
1974,2,78.0,-26.0,24.0,24.0,24.0,24.0,1.0,0.0,28.0,0.0,0.3,0.8,23.7,23.7,23.7,23.7,1.0,0.0,28.0,0.0,0.3,0.8,14.35,14.35,14.35,14.35,1.0,0.0,28.0,0.0,0.3,0.8,78.8,78.8,78.8,78.8,1.0,0.0,28.0,0.0,0.8,11.3,11.3,11.3,11.3,1.0,0.0,28.0,0.0,0.3,0.8,-11.13,-11.13,-11.13,-11.13,1.0,0.0,28.0,0.0,0.3,0.8,1.96,1.96,1.96,1.96,1.0,0.0,28.0,0.0,0.3,0.8,1013.8,1013.8,1013.8,1013.8,1.0,0.0,28.0,0.0,0.3,0.8,7.0,7.0,7.0,7.0,1.0,0.0,28.0,0.0,0.3,0.8,-125.7,-125.7,-125.7,-125.7,1.0,0.0,28.0,0.0,0.3,0.8,22.2,22.2,22.2,22.2,1.0,0.0,28.0,0.0,0.3,0.8,0.3,0.3,0.3,0.3,1.0,0.0,28.0,0.0,0.3,0.8,3.4,3.4,3.4,3.4,1.0,0.0,28.0,0.0,0.3,0.8,4.25,4.25,4.25,4.25,1.0,0.0,28.0,0.0,0.3,0.8,48.0,48.0,48.0,48.0,1.0,0.0,28.0,0.0,0.3,0.8,-263.7,-263.7,-263.7,-263.7,1.0,0.0,28.0,0.0,0.3,0.8,46.5,46.5,46.5,46.5,1.0,0.0,28.0,0.0,0.3,0.8,-159.7,-159.7,-159.7,-159.7,1.0,0.0,28.0,0.0,0.3,0.8,28.2,28.2,28.2,28.2,1.0,0.0,28.0,0.0,0.3,0.8,-47.3,-47.3,-47.3,-47.3,1.0,0.0,28.0,0.0,0.3,0.8,8.3,8.3,8.3,8.3,1.0,0.0,28.0,0.0,0.3,0.8,1443.0,1443.0,1443.0,1443.0,1.0,0.0,28.0,0.0,0.3,0.8,1445.0,1445.0,1445.0,1445.0,1.0,0.0,28.0,0.0,0.3,0.8
1974,2,78.0,-25.0,23.32,24.0,24.68,24.0,2.0,1.41,26.0,1.0,0.4,0.5,24.08,24.25,24.42,24.25,2.0,0.35,26.0,1.0,0.4,0.5,14.61,14.97,15.32,14.97,2.0,0.74,26.0,1.0,0.4,0.5,76.8,79.4,82.1,79.4,2.0,5.5,26.0,1.0,0.5,9.38,9.55,9.72,9.55,2.0,0.35,26.0,1.0,0.4,0.5,-9.7,-9.48,-9.26,-9.48,2.0,0.45,26.0,1.0,0.4,0.5,0.26,0.81,1.36,0.81,2.0,1.14,26.0,1.0,0.4,0.5,1012.41,1012.85,1013.29,1012.85,2.0,0.92,26.0,1.0,0.4,0.5,5.3,6.0,6.7,6.0,2.0,1.4,26.0,1.0,0.4,0.5,-94.3,-90.6,-86.9,-90.6,2.0,7.7,26.0,1.0,0.4,0.5,2.4,7.5,12.6,7.5,2.0,10.6,26.0,1.0,0.4,0.5,-1.1,-0.25,0.6,-0.25,2.0,1.77,26.0,1.0,0.4,0.5,-10.9,-2.7,5.5,-2.7,2.0,17.0,26.0,1.0,0.4,0.5,3.25,3.68,4.1,3.68,2.0,0.88,26.0,1.0,0.4,0.5,31.5,35.0,38.4,35.0,2.0,7.1,26.0,1.0,0.4,0.5,-236.9,-230.0,-223.0,-230.0,2.0,14.3,26.0,1.0,0.4,0.5,6.2,19.4,32.6,19.4,2.0,27.4,26.0,1.0,0.4,0.5,-141.8,-141.7,-141.6,-141.7,2.0,0.2,26.0,1.0,0.4,0.5,4.0,12.5,21.0,12.5,2.0,17.7,26.0,1.0,0.4,0.5,-37.9,-34.7,-31.4,-34.7,2.0,6.7,26.0,1.0,0.4,0.5,1.1,3.5,5.8,3.5,2.0,4.9,26.0,1.0,0.4,0.5,826.0,873.0,919.5,873.0,2.0,97.0,26.0,1.0,0.4,0.5,825.0,875.0,920.0,875.0,2.0,95.0,26.0,1.0,0.4,0.5
1974,2,78.0,-23.0,24.0,24.0,24.0,24.0,1.0,0.0,2.0,0.0,0.5,1.0,22.0,22.0,22.0,22.0,1.0,0.0,2.0,0.0,0.5,1.0,14.24,14.24,14.24,14.24,1.0,0.0,2.0,0.0,0.5,1.0,86.8,86.8,86.8,86.8,1.0,0.0,2.0,0.0,1.0,10.8,10.8,10.8,10.8,1.0,0.0,2.0,0.0,0.5,1.0,-9.35,-9.35,-9.35,-9.35,1.0,0.0,2.0,0.0,0.5,1.0,5.4,5.4,5.4,5.4,1.0,0.0,2.0,0.0,0.5,1.0,1015.5,1015.5,1015.5,1015.5,1.0,0.0,2.0,0.0,0.5,1.0,8.0,8.0,8.0,8.0,1.0,0.0,2.0,0.0,0.5,1.0,-101.0,-101.0,-101.0,-101.0,1.0,0.0,2.0,0.0,0.5,1.0,58.3,58.3,58.3,58.3,1.0,0.0,2.0,0.0,0.5,1.0,2.0,2.0,2.0,2.0,1.0,0.0,2.0,0.0,0.5,1.0,21.6,21.6,21.6,21.6,1.0,0.0,2.0,0.0,0.5,1.0,4.33,4.33,4.33,4.33,1.0,0.0,2.0,0.0,0.5,1.0,46.8,46.8,46.8,46.8,1.0,0.0,2.0,0.0,0.5,1.0,-205.8,-205.8,-205.8,-205.8,1.0,0.0,2.0,0.0,0.5,1.0,118.8,118.8,118.8,118.8,1.0,0.0,2.0,0.0,0.5,1.0,-133.2,-133.2,-133.2,-133.2,1.0,0.0,2.0,0.0,0.5,1.0,76.9,76.9,76.9,76.9,1.0,0.0,2.0,0.0,0.5,1.0,-40.5,-40.5,-40.5,-40.5,1.0,0.0,2.0,0.0,0.5,1.0,23.4,23.4,23.4,23.4,1.0,0.0,2.0,0.0,0.5,1.0,1259.5,1259.5,1259.5,1259.5,1.0,0.0,2.0,0.0,0.5,1.0,1260.0,1260.0,1260.0,1260.0,1.0,0.0,2.0,0.0,0.5,1.0
1974,2,78.0,-22.0,24.4,25.05,25.7,25.05,2.0,1.34,12.0,0.5,0.6,0.6,24.33,24.6,24.87,24.6,2.0,0.57,12.0,0.5,0.6,0.6,13.92,14.73,15.54,14.73,2.0,1.68,12.0,0.5,0.6,0.6,73.7,76.6,79.6,76.6,2.0,6.1,12.0,0.5,0.6,6.85,8.25,9.65,8.25,2.0,2.9,12.0,0.5,0.6,0.6,-7.56,-6.86,-6.15,-6.86,2.0,1.46,12.0,0.5,0.6,0.6,2.83,4.37,5.91,4.37,2.0,3.18,12.0,0.5,0.6,0.6,1015.58,1015.75,1015.92,1015.75,2.0,0.35,12.0,0.5,0.6,0.6,2.8,4.5,6.2,4.5,2.0,3.5,12.0,0.5,0.6,0.6,-74.1,-58.7,-43.3,-58.7,2.0,31.9,12.0,0.5,0.6,0.6,21.9,40.7,59.5,40.7,2.0,38.9,12.0,0.5,0.6,0.6,0.07,0.45,0.83,0.45,2.0,0.78,12.0,0.5,0.6,0.6,0.1,2.6,5.1,2.6,2.0,5.1,12.0,0.5,0.6,0.6,5.04,5.08,5.12,5.08,2.0,0.08,12.0,0.5,0.6,0.6,34.6,42.0,49.5,42.0,2.0,15.4,12.0,0.5,0.6,0.6,-183.8,-168.3,-152.8,-168.3,2.0,32.0,12.0,0.5,0.6,0.6,70.0,106.6,143.2,106.6,2.0,75.8,12.0,0.5,0.6,0.6,-104.6,-99.8,-95.0,-99.8,2.0,10.0,12.0,0.5,0.6,0.6,42.6,61.7,80.8,61.7,2.0,39.5,12.0,0.5,0.6,0.6,-38.8,-34.9,-31.1,-34.9,2.0,8.0,12.0,0.5,0.6,0.6,14.4,22.3,30.3,22.3,2.0,16.5,12.0,0.5,0.6,0.6,374.0,665.5,957.0,665.5,2.0,604.0,12.0,0.5,0.6,0.6,375.0,665.0,955.0,665.0,2.0,605.0,12.0,0.5,0.6,0.6
1974,2,78.0,-21.0,24.0,24.0,24.0,24.0,1.0,0.0,14.0,1.0,0.3,0.5,27.0,27.0,27.0,27.0,1.0,0.0,14.0,1.0,0.3,0.5,17.35,17.35,17.35,17.35,1.0,0.0,14.0,1.0,0.3,0.5,78.3,78.3,78.3,78.3,1.0,0.0,14.0,1.0,0.5,6.2,6.2,6.2,6.2,1.0,0.0,14.0,1.0,0.3,0.5,-6.11,-6.11,-6.11,-6.11,1.0,0.0,14.0,1.0,0.3,0.5,1.08,1.08,1.08,1.08,1.0,0.0,14.0,1.0,0.3,0.5,1016.0,1016.0,1016.0,1016.0,1.0,0.0,14.0,1.0,0.3,0.5,3.0,3.0,3.0,3.0,1.0,0.0,14.0,1.0,0.3,0.5,-37.9,-37.9,-37.9,-37.9,1.0,0.0,14.0,1.0,0.3,0.5,6.7,6.7,6.7,6.7,1.0,0.0,14.0,1.0,0.3,0.5,-3.0,-3.0,-3.0,-3.0,1.0,0.0,14.0,1.0,0.3,0.5,-18.6,-18.6,-18.6,-18.6,1.0,0.0,14.0,1.0,0.3,0.5,1.21,1.21,1.21,1.21,1.0,0.0,14.0,1.0,0.3,0.5,7.5,7.5,7.5,7.5,1.0,0.0,14.0,1.0,0.3,0.5,-164.9,-164.9,-164.9,-164.9,1.0,0.0,14.0,1.0,0.3,0.5,29.1,29.1,29.1,29.1,1.0,0.0,14.0,1.0,0.3,0.5,-105.9,-105.9,-105.9,-105.9,1.0,0.0,14.0,1.0,0.3,0.5,18.7,18.7,18.7,18.7,1.0,0.0,14.0,1.0,0.3,0.5,-7.4,-7.4,-7.4,-7.4,1.0,0.0,14.0,1.0,0.3,0.5,1.3,1.3,1.3,1.3,1.0,0.0,14.0,1.0,0.3,0.5,238.5,238.5,238.5,238.5,1.0,0.0,14.0,1.0,0.3,0.5,240.0,240.0,240.0,240.0,1.0,0.0,14.0,1.0,0.3,0.5
1974,2,78.0,-17.0,26.67,27.05,27.43,27.05,2.0,0.78,8.0,0.0,0.7,0.9,26.22,26.25,26.28,26.25,2.0,0.07,8.0,0.0,0.7,0.9,17.57,17.57,17.57,17.57,1.0,0.0,8.0,0.0,0.5,0.7,82.6,82.6,82.6,82.6,1.0,0.0,8.0,0.0,0.7,4.86,6.7,11.68,8.23,3.0,5.17,6.0,0.3,0.7,0.9,-10.61,-5.13,-3.99,-7.25,3.0,5.18,6.0,0.3,0.7,0.9,2.73,4.31,4.64,3.7,3.0,1.49,6.0,0.3,0.7,0.9,1009.5,1009.5,1009.5,1009.5,1.0,0.0,8.0,0.0,0.5,0.7,3.6,5.0,6.4,5.0,3.0,2.0,6.0,0.3,0.7,0.9,-136.6,-34.4,-20.4,-77.5,3.0,93.0,6.0,0.3,0.7,0.9,14.6,28.9,54.9,34.6,3.0,29.9,6.0,0.3,0.7,0.9,0.46,0.8,1.14,0.8,2.0,0.71,8.0,0.0,0.7,0.9,4.6,10.1,15.6,10.1,2.0,11.4,8.0,0.0,0.7,0.9,4.15,4.15,4.15,4.15,1.0,0.0,8.0,0.0,0.5,0.7,27.8,27.8,27.8,27.8,1.0,0.0,8.0,0.0,0.5,0.7,-312.4,-240.2,-168.0,-240.2,2.0,149.6,8.0,0.0,0.7,0.9,114.9,119.4,123.9,119.4,2.0,9.3,8.0,0.0,0.7,0.9,-90.2,-90.2,-90.2,-90.2,1.0,0.0,8.0,0.0,0.5,0.7,75.7,75.7,75.7,75.7,1.0,0.0,8.0,0.0,0.5,0.7,-21.3,-21.3,-21.3,-21.3,1.0,0.0,8.0,0.0,0.5,0.7,17.9,17.9,17.9,17.9,1.0,0.0,8.0,0.0,0.5,0.7,139.0,301.0,1968.5,1036.5,3.0,1483.5,6.0,0.3,0.7,0.9,140.0,300.0,1970.0,1035.0,3.0,1485.0,6.0,0.3,0.7,0.9
1974,2,78.0,-16.0,27.0,27.0,27.0,27.0,2.0,0.0,10.0,0.5,0.3,0.5,26.13,26.4,26.67,26.4,2.0,0.57,10.0,0.5,0.3,0.5,17.21,17.21,17.21,17.21,1.0,0.0,12.0,1.0,0.4,0.5,78.3,78.3,78.3,78.3,1.0,0.0,12.0,1.0,0.5,6.2,6.2,6.2,6.2,1.0,0.0,12.0,1.0,0.4,0.5,-4.75,-4.75,-4.75,-4.75,1.0,0.0,12.0,1.0,0.4,0.5,3.99,3.99,3.99,3.99,1.0,0.0,12.0,1.0,0.4,0.5,1010.91,1011.35,1011.79,1011.35,2.0,0.92,10.0,0.5,0.3,0.5,3.8,5.5,7.2,5.5,2.0,3.5,10.0,0.5,0.3,0.5,-29.4,-29.4,-29.4,-29.4,1.0,0.0,12.0,1.0,0.4,0.5,24.7,24.7,24.7,24.7,1.0,0.0,12.0,1.0,0.4,0.5,0.33,0.6,0.87,0.6,2.0,0.57,10.0,0.5,0.3,0.5,1.2,1.2,1.2,1.2,1.0,0.0,12.0,1.0,0.4,0.5,5.11,5.11,5.11,5.11,1.0,0.0,12.0,1.0,0.4,0.5,31.7,31.7,31.7,31.7,1.0,0.0,12.0,1.0,0.4,0.5,-127.3,-127.3,-127.3,-127.3,1.0,0.0,12.0,1.0,0.4,0.5,106.8,106.8,106.8,106.8,1.0,0.0,12.0,1.0,0.4,0.5,-81.7,-81.7,-81.7,-81.7,1.0,0.0,12.0,1.0,0.4,0.5,68.6,68.6,68.6,68.6,1.0,0.0,12.0,1.0,0.4,0.5,-24.3,-24.3,-24.3,-24.3,1.0,0.0,12.0,1.0,0.4,0.5,20.4,20.4,20.4,20.4,1.0,0.0,12.0,1.0,0.4,0.5,238.5,238.5,238.5,238.5,1.0,0.0,12.0,1.0,0.4,0.5,240.0,240.0,240.0,240.0,1.0,0.0,12.0,1.0,0.4,0.5
1974,2,78.0,-13.0,27.32,28.0,28.68,28.0,2.0,1.41,26.0,0.5,0.3,0.5,26.82,27.3,27.78,27.3,2.0,0.99,26.0,0.5,0.3,0.5,20.85,20.85,20.85,20.85,1.0,0.0,28.0,0.0,0.5,0.3,79.5,86.0,92.4,86.0,2.0,13.3,26.0,0.5,0.5,,,,,,,,,,,,,,,,,,,,,,,,,,,,,,,,,,,,,,,,,,,,,,,,,,,,,,,,,,,,,,,,,,,,,,,,,,,,,,,,,,,,,,,,,,,,,,,,,,,,,,,,,,,,,,,,,,,,,,,,,,,,,,,,,,,,,,,,,,,,,,,,,,,,,,,,,,,,,,,,,,,,,,,,,,,,,,,,,,,,,,,,,,,,,,
1974,2,78.0,-11.0,,,,,,,,,,,,,,,,,,,,,,,,,,,,,,,,,,,,,,,,7.7,7.7,7.7,7.7,1.0,0.0,24.0,0.0,0.0,0.4,7.7,7.7,7.7,7.7,1.0,0.0,24.0,0.0,0.0,0.4,0.0,0.0,0.0,0.0,1.0,0.0,24.0,0.0,0.0,0.4,1004.5,1004.5,1004.5,1004.5,1.0,0.0,24.0,0.0,0.0,0.4,,,,,,,,,,,,,,,,,,,,,,,,,,,,,,,,,,,,,,,,,,,,,,,,,,,,,,,,,,,,,,,,,,,,,,,,,,,,,,,,,,,,,,,,,,,,,,,,,,,,,,,,,,,,,,,,,,,,,,,,,,,,,,,,,,,,,,,,,,,,,,,,,,,,,,
1974,2,78.0,-8.0,26.8,27.0,29.73,28.23,3.0,2.4,12.0,0.3,0.6,0.7,26.25,26.8,26.94,26.6,3.0,0.53,12.0,0.3,0.6,0.7,16.53,16.59,16.65,16.59,2.0,0.12,6.0,0.5,0.4,0.9,74.3,74.8,75.2,74.8,2.0,0.9,6.0,0.5,0.9,2.34,5.8,9.42,5.88,4.0,4.09,14.0,0.5,0.6,0.6,0.69,5.05,8.0,4.38,4.0,4.44,14.0,0.5,0.6,0.6,-1.61,0.91,4.17,1.26,4.0,3.92,14.0,0.5,0.6,0.6,1006.02,1006.5,1009.44,1007.7,3.0,2.71,12.0,0.3,0.6,0.7,4.0,5.5,7.0,5.5,4.0,2.1,14.0,0.5,0.6,0.6,2.1,40.2,74.9,38.6,4.0,42.1,14.0,0.5,0.6,0.6,-14.5,1.9,34.2,9.5,4.0,37.6,14.0,0.5,0.6,0.6,0.25,1.0,3.05,1.63,3.0,2.12,12.0,0.3,0.6,0.7,2.7,9.0,10.0,6.4,3.0,5.8,12.0,0.3,0.6,0.7,6.39,8.57,10.76,8.57,2.0,4.53,6.0,0.5,0.4,0.9,14.3,20.9,27.5,20.9,2.0,13.7,6.0,0.5,0.4,0.9,3.1,70.2,172.4,87.3,3.0,124.9,12.0,0.3,0.6,0.7,-54.6,0.0,33.3,-10.4,3.0,65.0,12.0,0.3,0.6,0.7,-7.9,12.7,33.3,12.7,2.0,42.7,6.0,0.5,0.4,0.9,4.8,15.2,25.5,15.2,2.0,21.4,6.0,0.5,0.4,0.9,0.1,12.5,24.9,12.5,2.0,25.6,6.0,0.5,0.4,0.9,1.5,4.9,8.2,4.9,2.0,6.9,6.0,0.5,0.4,0.9,13.0,373.5,840.0,424.5,4.0,482.5,14.0,0.5,0.6,0.6,15.0,375.0,840.0,425.0,4.0,480.0,14.0,0.5,0.6,0.6
1974,2,78.0,-7.0,26.49,27.0,27.91,27.32,13.0,1.07,14.0,0.5,0.5,0.6,25.54,26.4,28.47,26.81,14.0,1.36,14.0,0.5,0.5,0.6,17.52,18.72,19.54,18.64,12.0,0.87,14.0,0.6,0.4,0.6,79.6,83.8,88.5,84.1,13.0,5.6,14.0,0.5,0.6,3.1,4.6,6.84,5.05,13.0,2.3,14.0,0.5,0.5,0.6,1.92,3.55,6.02,4.08,13.0,2.47,14.0,0.5,0.5,0.6,-4.04,-0.8,1.72,-0.87,13.0,2.81,14.0,0.5,0.5,0.6,1007.72,1010.6,1011.5,1009.75,13.0,1.91,14.0,0.5,0.5,0.6,3.0,5.0,7.0,4.9,14.0,2.3,14.0,0.5,0.5,0.6,7.8,16.7,37.6,25.4,13.0,25.3,14.0,0.5,0.5,0.6,-20.8,-3.7,7.0,-4.7,13.0,18.1,14.0,0.5,0.5,0.6,-1.05,0.5,1.63,0.59,13.0,1.61,14.0,0.5,0.5,0.6,-4.1,2.5,5.8,2.4,12.0,7.1,14.0,0.5,0.5,0.6,2.68,3.69,4.72,4.07,11.0,1.89,14.0,0.5,0.4,0.6,10.7,15.4,30.7,19.6,10.0,11.7,14.0,0.6,0.5,0.6,52.8,93.8,159.9,109.0,13.0,63.8,14.0,0.5,0.5,0.6,-112.0,-22.8,47.1,-24.6,13.0,75.5,14.0,0.5,0.5,0.6,28.3,61.1,113.9,71.5,11.0,48.7,14.0,0.6,0.5,0.6,-78.3,-15.5,43.1,-18.4,11.0,56.5,14.0,0.6,0.5,0.6,7.6,12.3,26.9,15.5,10.0,11.4,14.0,0.6,0.5,0.6,-15.8,-4.0,8.6,-3.6,10.0,12.4,14.0,0.6,0.5,0.6,30.0,97.5,324.5,207.0,13.0,265.5,14.0,0.5,0.5,0.6,30.0,95.0,325.0,205.0,13.0,265.0,14.0,0.5,0.5,0.6
1974,2,78.0,-6.0,27.0,27.75,28.2,27.62,12.0,0.73,20.0,0.4,0.6,0.4,26.02,27.5,28.53,27.21,12.0,1.39,20.0,0.4,0.6,0.4,16.97,17.56,18.75,17.76,9.0,0.83,20.0,0.4,0.5,0.4,75.6,82.6,85.1,80.7,9.0,4.6,20.0,0.4,0.4,2.6,4.6,8.0,4.99,13.0,2.14,20.0,0.5,0.6,0.4,1.67,3.28,6.26,3.28,13.0,3.01,20.0,0.5,0.6,0.4,-4.79,-2.05,1.59,-1.86,13.0,2.67,20.0,0.5,0.6,0.4,1009.18,1010.2,1011.64,1010.58,13.0,1.64,20.0,0.5,0.6,0.4,2.0,3.0,6.1,4.1,13.0,2.1,20.0,0.5,0.6,0.4,4.3,14.6,50.1,19.2,13.0,24.6,20.0,0.5,0.6,0.4,-29.6,-8.4,4.8,-11.0,13.0,17.4,20.0,0.5,0.6,0.4,-0.62,0.8,1.54,0.54,11.0,1.19,20.0,0.4,0.6,0.4,-2.8,3.4,6.2,2.0,11.0,5.4,20.0,0.4,0.6,0.4,4.22,4.76,5.98,5.08,9.0,1.16,20.0,0.4,0.5,0.4,14.3,20.6,29.9,21.8,9.0,8.8,20.0,0.4,0.5,0.4,45.9,82.8,129.0,79.6,12.0,79.3,20.0,0.4,0.6,0.4,-133.9,-59.6,-13.4,-61.8,12.0,64.7,20.0,0.4,0.6,0.4,30.5,51.0,71.2,39.2,9.0,44.3,20.0,0.4,0.5,0.4,-80.2,-34.1,15.6,-34.5,9.0,45.2,20.0,0.4,0.5,0.4,9.3,12.7,18.6,10.2,9.0,14.2,20.0,0.4,0.5,0.4,-23.8,-8.0,3.7,-10.0,9.0,13.6,20.0,0.4,0.5,0.4,17.5,97.5,512.0,190.0,13.0,202.5,20.0,0.5,0.6,0.4,20.0,95.0,510.0,190.0,13.0,205.0,20.0,0.5,0.6,0.4
1974,2,78.0,-5.0,27.16,27.5,27.84,27.5,2.0,0.71,24.0,0.0,0.8,0.2,27.0,27.0,27.0,27.0,2.0,0.0,24.0,0.0,0.8,0.2,18.22,18.22,18.22,18.22,1.0,0.0,22.0,0.0,0.9,0.1,81.7,81.7,81.7,81.7,1.0,0.0,22.0,0.0,0.1,5.4,6.05,6.7,6.05,2.0,1.34,24.0,0.0,0.8,0.2,4.4,5.45,6.51,5.45,2.0,2.19,24.0,0.0,0.8,0.2,-2.76,-1.64,-0.52,-1.64,2.0,2.32,24.0,0.0,0.8,0.2,1009.92,1010.4,1010.88,1010.4,2.0,0.99,24.0,0.0,0.8,0.2,3.0,3.0,3.0,3.0,2.0,0.0,24.0,0.0,0.8,0.2,24.5,34.5,44.4,34.5,2.0,20.6,24.0,0.0,0.8,0.2,-14.1,-8.4,-2.7,-8.4,2.0,11.8,24.0,0.0,0.8,0.2,0.16,0.5,0.84,0.5,2.0,0.71,24.0,0.0,0.8,0.2,0.8,2.6,4.3,2.6,2.0,3.6,24.0,0.0,0.8,0.2,5.52,5.52,5.52,5.52,1.0,0.0,22.0,0.0,0.9,0.1,28.1,28.1,28.1,28.1,1.0,0.0,22.0,0.0,0.9,0.1,118.7,147.2,175.7,147.2,2.0,59.1,24.0,0.0,0.8,0.2,-74.5,-44.3,-14.0,-44.3,2.0,62.6,24.0,0.0,0.8,0.2,71.2,71.2,71.2,71.2,1.0,0.0,22.0,0.0,0.9,0.1,-59.7,-59.7,-59.7,-59.7,1.0,0.0,22.0,0.0,0.9,0.1,21.6,21.6,21.6,21.6,1.0,0.0,22.0,0.0,0.9,0.1,-18.1,-18.1,-18.1,-18.1,1.0,0.0,22.0,0.0,0.9,0.1,166.0,238.0,309.5,238.0,2.0,148.5,24.0,0.0,0.8,0.2,165.0,240.0,310.0,240.0,2.0,150.0,24.0,0.0,0.8,0.2
1974,2,78.0,-4.0,26.7,26.7,26.7,26.7,1.0,0.0,24.0,0.0,0.2,0.2,25.77,26.15,26.53,26.15,2.0,0.78,18.0,0.5,0.2,0.2,18.08,18.34,18.61,18.34,2.0,0.54,18.0,0.5,0.2,0.2,85.5,86.1,86.8,86.1,2.0,1.4,18.0,0.5,0.2,4.61,5.7,6.04,5.33,3.0,1.1,16.0,0.7,0.4,0.3,1.87,4.37,5.05,3.48,3.0,2.45,16.0,0.7,0.4,0.3,-3.92,-3.66,-3.28,-3.6,3.0,0.47,16.0,0.7,0.4,0.3,1006.25,1006.8,1009.05,1007.63,3.0,2.17,16.0,0.7,0.4,0.3,6.2,6.5,6.8,6.5,2.0,0.7,12.0,1.0,0.5,0.4,9.9,24.9,30.6,20.4,3.0,15.7,16.0,0.7,0.4,0.3,-20.4,-19.2,-17.4,-18.9,3.0,2.2,16.0,0.7,0.4,0.3,1.1,1.1,1.1,1.1,1.0,0.0,24.0,0.0,0.2,0.2,6.8,6.8,6.8,6.8,1.0,0.0,24.0,0.0,0.2,0.2,4.1,4.1,4.1,4.1,1.0,0.0,24.0,0.0,0.2,0.2,25.4,25.4,25.4,25.4,1.0,0.0,24.0,0.0,0.2,0.2,119.9,127.0,134.1,127.0,2.0,14.8,18.0,0.5,0.2,0.2,-94.9,-88.6,-82.3,-88.6,2.0,13.1,18.0,0.5,0.2,0.2,84.1,89.1,94.1,89.1,2.0,10.4,18.0,0.5,0.2,0.2,-66.6,-62.1,-57.7,-62.1,2.0,9.2,18.0,0.5,0.2,0.2,22.0,22.0,22.0,22.0,1.0,0.0,24.0,0.0,0.2,0.2,-12.7,-12.7,-12.7,-12.7,1.0,0.0,24.0,0.0,0.2,0.2,106.0,185.0,221.5,164.0,3.0,86.5,16.0,0.7,0.4,0.3,105.0,185.0,220.0,165.0,3.0,85.0,16.0,0.7,0.4,0.3
1974,2,78.0,-3.0,26.37,26.75,27.13,26.75,2.0,0.78,10.0,0.0,0.4,0.5,26.4,27.25,28.1,27.25,2.0,1.77,10.0,0.0,0.4,0.5,17.3,17.41,17.51,17.41,2.0,0.23,10.0,0.0,0.4,0.5,73.7,77.1,80.5,77.1,2.0,7.0,10.0,0.0,0.5,2.6,2.6,2.6,2.6,1.0,0.0,2.0,0.0,0.0,0.5,0.0,0.0,0.0,0.0,1.0,0.0,2.0,0.0,0.0,0.5,-2.6,-2.6,-2.6,-2.6,1.0,0.0,2.0,0.0,0.0,0.5,1009.82,1009.85,1009.88,1009.85,2.0,0.07,10.0,0.0,0.4,0.5,3.3,4.0,4.7,4.0,2.0,1.4,10.0,0.0,0.4,0.5,0.0,0.0,0.0,0.0,1.0,0.0,2.0,0.0,0.0,0.5,-6.8,-6.8,-6.8,-6.8,1.0,0.0,2.0,0.0,0.0,0.5,-0.98,-0.5,-0.02,-0.5,2.0,0.99,10.0,0.0,0.4,0.5,0.5,0.5,0.5,0.5,1.0,0.0,2.0,0.0,0.0,0.5,4.26,4.64,5.03,4.64,2.0,0.8,10.0,0.0,0.4,0.5,10.6,10.6,10.6,10.6,1.0,0.0,2.0,0.0,0.0,0.5,0.0,0.0,0.0,0.0,1.0,0.0,2.0,0.0,0.0,0.5,-67.6,-67.6,-67.6,-67.6,1.0,0.0,2.0,0.0,0.0,0.5,0.0,0.0,0.0,0.0,1.0,0.0,2.0,0.0,0.0,0.5,-44.8,-44.8,-44.8,-44.8,1.0,0.0,2.0,0.0,0.0,0.5,0.0,0.0,0.0,0.0,1.0,0.0,2.0,0.0,0.0,0.5,-10.6,-10.6,-10.6,-10.6,1.0,0.0,2.0,0.0,0.0,0.5,17.5,17.5,17.5,17.5,1.0,0.0,2.0,0.0,0.0,0.5,20.0,20.0,20.0,20.0,1.0,0.0,2.0,0.0,0.0,0.5
1974,2,78.0,-2.0,27.19,27.6,28.01,27.6,4.0,0.52,20.0,0.3,0.5,0.5,25.54,27.0,28.05,26.82,5.0,1.69,18.0,0.4,0.5,0.5,16.93,17.47,17.54,17.24,4.0,0.54,20.0,0.3,0.5,0.5,74.7,80.4,87.2,80.9,4.0,8.3,20.0,0.3,0.5,2.52,3.6,4.94,3.73,4.0,1.57,16.0,0.5,0.3,0.6,0.52,1.94,2.87,1.71,4.0,1.81,16.0,0.5,0.3,0.6,-4.21,-3.21,-1.49,-2.87,4.0,1.7,16.0,0.5,0.3,0.6,1008.13,1008.5,1009.68,1008.84,5.0,0.87,18.0,0.4,0.5,0.5,3.0,3.0,5.6,4.3,4.0,2.5,16.0,0.5,0.3,0.6,0.3,5.0,13.9,7.0,4.0,10.0,16.0,0.5,0.3,0.6,-20.9,-12.0,-4.2,-12.5,4.0,10.3,16.0,0.5,0.3,0.6,0.54,0.75,2.16,1.33,4.0,1.39,20.0,0.3,0.5,0.5,1.6,1.6,2.0,1.8,3.0,0.3,16.0,0.3,0.3,0.6,5.12,5.73,6.85,5.97,4.0,1.2,20.0,0.3,0.5,0.5,13.7,22.3,23.2,18.5,3.0,7.7,16.0,0.3,0.3,0.6,13.4,52.0,81.8,47.8,4.0,51.5,16.0,0.5,0.3,0.6,-118.2,-87.2,-40.5,-79.7,4.0,48.6,16.0,0.5,0.3,0.6,1.9,32.8,33.0,17.8,3.0,26.2,16.0,0.3,0.3,0.6,-60.5,-39.0,-20.6,-40.5,3.0,29.2,16.0,0.3,0.3,0.6,0.2,9.0,13.2,6.8,3.0,9.7,16.0,0.3,0.3,0.6,-20.8,-18.1,-8.0,-14.5,3.0,9.9,16.0,0.3,0.3,0.6,18.5,49.5,130.0,73.0,4.0,79.0,16.0,0.5,0.3,0.6,20.0,50.0,130.0,75.0,4.0,80.0,16.0,0.5,0.3,0.6
1974,2,78.0,-1.0,28.0,28.0,28.0,28.0,1.0,0.0,10.0,0.0,0.3,0.9,25.16,25.5,25.84,25.5,2.0,0.71,8.0,0.0,0.3,0.5,17.54,17.56,17.58,17.56,2.0,0.04,8.0,0.0,0.3,0.5,84.4,86.1,87.9,86.1,2.0,3.6,8.0,0.0,0.5,6.11,6.35,6.59,6.35,2.0,0.49,8.0,0.0,0.3,0.5,-0.99,1.81,4.61,1.81,2.0,5.8,8.0,0.0,0.3,0.5,-5.46,-3.67,-1.88,-3.67,2.0,3.72,8.0,0.0,0.3,0.5,1009.29,1010.35,1011.41,1010.35,2.0,2.19,8.0,0.0,0.3,0.5,8.0,8.0,8.0,8.0,2.0,0.0,8.0,0.0,0.3,0.5,-7.3,10.0,27.4,10.0,2.0,35.9,8.0,0.0,0.3,0.5,-36.5,-24.2,-12.0,-24.2,2.0,25.4,8.0,0.0,0.3,0.5,3.0,3.0,3.0,3.0,1.0,0.0,10.0,0.0,0.3,0.9,20.1,20.1,20.1,20.1,1.0,0.0,10.0,0.0,0.3,0.9,6.18,6.18,6.18,6.18,1.0,0.0,10.0,0.0,0.3,0.9,41.4,41.4,41.4,41.4,1.0,0.0,10.0,0.0,0.3,0.9,-23.8,48.2,120.2,48.2,2.0,149.1,8.0,0.0,0.3,0.5,-136.7,-92.2,-47.8,-92.2,2.0,92.1,8.0,0.0,0.3,0.5,-17.5,31.6,80.7,31.6,2.0,101.7,8.0,0.0,0.3,0.5,-96.0,-64.5,-32.9,-64.5,2.0,65.4,8.0,0.0,0.3,0.5,-14.2,-14.2,-14.2,-14.2,1.0,0.0,10.0,0.0,0.3,0.9,-38.9,-38.9,-38.9,-38.9,1.0,0.0,10.0,0.0,0.3,0.9,229.5,258.5,287.5,258.5,2.0,60.0,8.0,0.0,0.3,0.5,230.0,260.0,285.0,260.0,2.0,60.0,8.0,0.0,0.3,0.5
1974,2,78.0,0.0,28.08,28.3,28.36,28.27,6.0,0.21,28.0,0.8,0.4,0.2,27.1,28.2,28.3,27.8,7.0,0.61,26.0,0.7,0.5,0.2,16.42,16.74,16.97,16.76,6.0,0.48,26.0,0.8,0.5,0.1,68.5,70.0,74.4,71.4,6.0,4.1,26.0,0.8,0.1,0.95,1.0,2.05,1.3,7.0,0.98,26.0,0.7,0.5,0.2,-0.07,0.64,0.66,0.3,7.0,0.87,26.0,0.7,0.5,0.2,-1.36,0.77,0.77,-0.16,7.0,1.43,26.0,0.7,0.5,0.2,1010.74,1011.7,1012.22,1011.23,7.0,1.74,26.0,0.7,0.5,0.2,2.8,4.5,6.2,4.5,6.0,2.1,26.0,0.8,0.5,0.1,-0.1,0.6,0.8,0.4,7.0,1.9,26.0,0.7,0.5,0.2,-2.9,0.8,0.8,-1.2,7.0,3.7,26.0,0.7,0.5,0.2,-0.02,0.15,0.9,0.33,6.0,0.45,28.0,0.8,0.4,0.2,0.0,0.1,0.5,0.3,6.0,0.7,28.0,0.8,0.4,0.2,7.39,7.63,7.69,7.56,5.0,0.18,28.0,1.0,0.5,0.1,4.6,7.6,7.7,6.1,5.0,3.4,28.0,1.0,0.5,0.1,-2.0,18.1,18.8,8.5,7.0,23.6,26.0,0.7,0.5,0.2,-36.9,21.6,21.7,-3.8,7.0,39.1,26.0,0.7,0.5,0.2,8.2,10.7,12.4,10.2,6.0,5.9,26.0,0.8,0.5,0.1,-10.6,12.5,12.9,-0.1,6.0,25.6,26.0,0.8,0.5,0.1,3.0,4.9,4.9,3.9,5.0,2.2,28.0,1.0,0.5,0.1,3.6,5.8,5.9,4.7,5.0,2.6,28.0,1.0,0.5,0.1,1.0,1.0,9.0,6.0,7.0,11.0,26.0,0.7,0.5,0.2,0.0,0.0,10.0,5.0,7.0,10.0,26.0,0.7,0.5,0.2
1974,2,78.0,1.0,27.36,28.0,28.93,28.1,5.0,1.07,8.0,0.6,0.5,0.3,27.18,27.4,28.0,27.53,7.0,0.48,8.0,0.4,0.5,0.4,16.65,18.51,19.81,18.31,6.0,1.65,8.0,0.5,0.5,0.4,73.1,81.0,83.8,79.2,6.0,5.4,8.0,0.5,0.4,3.98,4.6,8.03,5.67,7.0,2.01,8.0,0.4,0.5,0.4,-1.41,4.32,4.91,2.63,7.0,3.73,8.0,0.4,0.5,0.4,-4.19,-3.12,-1.57,-3.59,7.0,2.14,8.0,0.4,0.5,0.4,1007.0,1011.3,1011.32,1009.97,7.0,2.09,8.0,0.4,0.5,0.4,4.0,5.0,8.0,5.7,6.0,2.0,10.0,0.5,0.6,0.3,-6.7,19.9,31.4,17.5,7.0,28.1,8.0,0.4,0.5,0.4,-27.7,-16.0,-7.2,-22.2,7.0,19.6,8.0,0.4,0.5,0.4,0.16,1.0,1.37,0.76,5.0,0.83,8.0,0.6,0.5,0.3,-0.2,3.6,7.3,3.2,5.0,5.1,8.0,0.6,0.5,0.3,6.14,6.72,7.64,6.88,4.0,0.91,10.0,0.8,0.4,0.4,25.0,28.5,39.8,32.2,4.0,11.9,10.0,0.8,0.4,0.4,-38.3,121.0,134.4,73.5,7.0,103.6,8.0,0.4,0.5,0.4,-114.6,-83.6,-44.1,-98.2,7.0,57.8,8.0,0.4,0.5,0.4,-6.4,82.4,101.4,63.6,6.0,69.1,8.0,0.5,0.5,0.4,-66.3,-56.3,-31.2,-51.3,6.0,16.3,8.0,0.5,0.5,0.4,-5.8,13.2,32.4,13.3,4.0,22.8,10.0,0.8,0.4,0.4,-30.5,-24.1,-14.2,-22.4,4.0,10.1,10.0,0.8,0.4,0.4,63.0,97.5,519.0,245.0,7.0,244.5,8.0,0.4,0.5,0.4,65.0,95.0,520.0,245.0,7.0,245.0,8.0,0.4,0.5,0.4
1974,2,78.0,2.0,27.35,28.0,28.5,27.86,5.0,0.86,18.0,0.6,0.3,0.2,26.47,27.5,27.77,27.1,5.0,1.09,18.0,0.6,0.3,0.2,16.1,17.23,17.51,16.79,5.0,1.15,18.0,0.6,0.3,0.2,70.4,75.1,80.4,75.1,5.0,7.4,18.0,0.6,0.2,3.1,4.1,5.91,4.62,5.0,2.1,18.0,0.6,0.3,0.2,-3.28,-2.8,0.39,-1.68,5.0,2.07,18.0,0.6,0.3,0.2,-4.69,-2.91,-0.54,-2.62,5.0,3.83,18.0,0.6,0.3,0.2,1008.43,1010.7,1011.35,1010.06,5.0,1.83,18.0,0.6,0.3,0.2,1.5,2.0,2.5,2.0,4.0,0.8,18.0,0.8,0.3,0.2,-18.7,-12.9,1.2,-9.8,5.0,11.1,18.0,0.6,0.3,0.2,-31.7,-10.8,-2.2,-17.4,5.0,27.2,18.0,0.6,0.3,0.2,-0.1,0.6,1.62,0.76,5.0,1.27,18.0,0.6,0.3,0.2,-0.2,2.5,5.7,2.6,5.0,4.3,18.0,0.6,0.3,0.2,5.73,6.99,7.85,6.77,5.0,1.83,18.0,0.6,0.3,0.2,19.9,21.7,45.6,32.8,5.0,23.3,18.0,0.6,0.3,0.2,-89.8,-77.7,9.8,-46.6,5.0,55.9,18.0,0.6,0.3,0.2,-129.0,-73.4,-14.4,-70.7,5.0,106.3,18.0,0.6,0.3,0.2,-57.0,-41.5,6.5,-28.0,5.0,35.1,18.0,0.6,0.3,0.2,-74.8,-49.1,-9.1,-41.3,5.0,60.4,18.0,0.6,0.3,0.2,-23.6,-13.7,2.6,-10.9,5.0,14.1,18.0,0.6,0.3,0.2,-37.8,-19.0,0.6,-19.6,5.0,32.5,18.0,0.6,0.3,0.2,30.0,69.0,263.0,155.5,5.0,223.0,18.0,0.6,0.3,0.2,30.0,70.0,265.0,155.0,5.0,225.0,18.0,0.6,0.3,0.2
1974,2,78.0,3.0,27.1,27.4,28.05,27.58,6.0,0.78,12.0,0.7,0.4,0.2,26.6,28.0,28.72,27.7,5.0,1.27,14.0,0.6,0.4,0.2,16.52,16.64,17.67,17.08,4.0,0.97,10.0,0.5,0.4,0.2,67.6,74.1,78.7,73.2,5.0,5.9,14.0,0.6,0.2,1.98,3.85,5.53,3.93,6.0,2.12,12.0,0.7,0.4,0.2,-1.77,-0.36,1.32,-0.35,6.0,3.18,12.0,0.7,0.4,0.2,-4.55,-2.54,1.65,-1.71,6.0,3.04,12.0,0.7,0.4,0.2,1009.02,1011.3,1011.91,1010.58,5.0,2.0,10.0,0.6,0.4,0.2,1.8,4.0,7.2,4.3,6.0,2.8,12.0,0.7,0.4,0.2,-11.1,-0.8,5.3,-3.6,6.0,20.1,12.0,0.7,0.4,0.2,-23.4,-6.9,4.4,-8.8,6.0,16.5,12.0,0.7,0.4,0.2,-0.76,-0.1,0.42,-0.16,5.0,0.75,14.0,0.6,0.4,0.2,-2.7,-0.1,2.5,-0.1,5.0,4.0,14.0,0.6,0.4,0.2,4.94,5.75,6.09,5.53,4.0,0.76,10.0,0.5,0.4,0.2,14.0,23.4,33.8,23.9,4.0,12.7,10.0,0.5,0.4,0.2,-66.6,-20.1,5.5,-34.2,5.0,62.7,14.0,0.6,0.4,0.2,-123.2,-83.7,-20.1,-69.4,5.0,68.4,14.0,0.6,0.4,0.2,-54.0,-13.3,-6.3,-29.4,4.0,41.5,10.0,0.5,0.4,0.2,-76.1,-63.5,-43.6,-60.0,4.0,19.5,10.0,0.5,0.4,0.2,-18.0,-4.0,-1.5,-9.5,4.0,13.8,10.0,0.5,0.4,0.2,-26.4,-22.1,-13.7,-20.1,4.0,8.3,10.0,0.5,0.4,0.2,8.0,63.5,182.5,107.5,6.0,140.0,12.0,0.7,0.4,0.2,10.0,65.0,180.0,110.0,6.0,140.0,12.0,0.7,0.4,0.2
1974,2,78.0,4.0,26.74,27.0,27.57,27.15,4.0,0.6,16.0,0.5,0.4,0.8,25.79,26.55,27.68,26.73,4.0,1.17,16.0,0.5,0.4,0.8,16.9,17.24,17.25,17.08,3.0,0.29,18.0,0.3,0.2,0.9,77.0,82.0,83.4,80.2,3.0,5.0,18.0,0.3,0.9,3.55,4.85,5.57,4.58,4.0,1.44,16.0,0.5,0.4,0.8,-2.44,-0.84,-0.38,-1.39,4.0,1.7,16.0,0.5,0.4,0.8,-4.82,-4.56,-3.52,-4.19,4.0,1.08,16.0,0.5,0.4,0.8,1008.28,1008.85,1009.58,1008.93,4.0,0.98,16.0,0.5,0.4,0.8,3.6,7.0,7.7,5.7,3.0,3.2,14.0,0.7,0.4,0.8,-14.3,-4.1,-1.7,-7.8,4.0,10.4,16.0,0.5,0.4,0.8,-26.6,-23.2,-13.5,-20.2,4.0,9.4,16.0,0.5,0.4,0.8,-0.2,0.4,1.05,0.43,4.0,0.72,16.0,0.5,0.4,0.8,-1.1,0.9,3.8,1.3,4.0,2.9,16.0,0.5,0.4,0.8,4.81,5.26,5.44,5.12,3.0,0.48,18.0,0.3,0.2,0.9,16.0,21.1,25.9,21.0,3.0,7.2,18.0,0.3,0.2,0.9,-68.4,-22.2,-9.7,-38.3,4.0,48.1,16.0,0.5,0.4,0.8,-133.0,-122.8,-90.6,-112.3,4.0,31.0,16.0,0.5,0.4,0.8,-14.5,-13.8,-4.4,-9.5,3.0,8.3,18.0,0.3,0.2,0.9,-82.2,-78.1,-55.4,-69.0,3.0,21.1,18.0,0.3,0.2,0.9,-4.5,-3.7,-1.2,-2.9,3.0,2.5,18.0,0.3,0.2,0.9,-25.5,-20.8,-15.9,-20.7,3.0,7.0,18.0,0.3,0.2,0.9,55.5,115.0,176.5,116.0,4.0,82.5,16.0,0.5,0.4,0.8,55.0,115.0,175.0,115.0,4.0,80.0,16.0,0.5,0.4,0.8
1974,2,78.0,5.0,26.38,27.2,27.95,27.17,3.0,1.15,12.0,0.3,0.7,0.5,26.06,26.2,27.09,26.57,3.0,0.81,12.0,0.3,0.7,0.5,14.84,19.13,19.49,17.21,3.0,3.79,12.0,0.3,0.7,0.5,68.6,85.7,89.3,79.1,3.0,16.2,12.0,0.3,0.5,3.23,4.6,5.35,4.3,3.0,1.57,12.0,0.3,0.7,0.5,-2.28,-2.25,-1.39,-1.85,3.0,0.74,12.0,0.3,0.7,0.5,-5.1,-3.98,-2.15,-3.63,3.0,2.18,12.0,0.3,0.7,0.5,1010.22,1010.7,1012.2,1011.2,3.0,1.51,12.0,0.3,0.7,0.5,1.0,3.0,4.4,2.7,3.0,2.5,12.0,0.3,0.7,0.5,-9.1,-5.9,-5.7,-7.4,3.0,2.8,12.0,0.3,0.7,0.5,-27.7,-18.3,-8.1,-17.9,3.0,14.3,12.0,0.3,0.7,0.5,0.12,0.8,1.07,0.6,3.0,0.72,12.0,0.3,0.7,0.5,0.4,3.1,4.1,2.3,3.0,2.8,12.0,0.3,0.7,0.5,3.8,4.43,7.0,5.38,3.0,2.49,12.0,0.3,0.7,0.5,14.2,25.3,33.8,24.0,3.0,14.3,12.0,0.3,0.7,0.5,-59.7,-58.5,-37.2,-48.7,3.0,18.6,12.0,0.3,0.7,0.5,-138.5,-104.4,-56.2,-97.5,3.0,60.6,12.0,0.3,0.7,0.5,-38.8,-29.6,-22.7,-30.7,3.0,11.8,12.0,0.3,0.7,0.5,-91.6,-51.2,-33.2,-62.1,3.0,43.8,12.0,0.3,0.7,0.5,-15.4,-7.9,-5.5,-10.4,3.0,7.6,12.0,0.3,0.7,0.5,-30.2,-24.9,-11.0,-20.7,3.0,14.5,12.0,0.3,0.7,0.5,43.0,97.5,157.5,100.0,3.0,84.0,12.0,0.3,0.7,0.5,45.0,95.0,155.0,100.0,3.0,85.0,12.0,0.3,0.7,0.5
1974,2,78.0,6.0,26.07,26.7,28.61,27.09,24.0,1.45,14.0,0.6,0.5,0.6,25.6,26.6,28.42,26.81,25.0,1.14,14.0,0.6,0.5,0.6,15.19,17.07,18.92,16.95,18.0,1.74,14.0,0.7,0.5,0.7,71.3,74.8,85.6,77.2,19.0,8.1,14.0,0.7,0.7,4.55,7.7,10.3,7.2,26.0,3.13,14.0,0.6,0.5,0.6,-6.15,-3.27,0.0,-2.93,26.0,3.13,14.0,0.6,0.5,0.6,-8.74,-6.07,-1.04,-5.45,26.0,3.75,14.0,0.6,0.5,0.6,1008.55,1011.0,1012.84,1010.73,25.0,2.15,14.0,0.6,0.5,0.6,1.0,2.0,7.0,3.0,24.0,2.5,14.0,0.7,0.5,0.6,-53.5,-27.8,0.0,-26.2,26.0,29.4,14.0,0.6,0.5,0.6,-81.3,-44.1,-2.2,-48.8,26.0,39.4,14.0,0.6,0.5,0.6,-0.9,0.3,1.45,0.35,23.0,1.41,14.0,0.6,0.5,0.6,-3.9,2.1,9.7,2.4,23.0,10.0,14.0,0.6,0.5,0.6,3.74,5.84,7.25,5.23,16.0,2.05,14.0,0.7,0.6,0.7,15.4,36.6,61.8,39.3,16.0,25.6,14.0,0.7,0.6,0.7,-164.6,-83.3,0.0,-76.5,25.0,86.1,14.0,0.6,0.5,0.6,-228.5,-159.0,-27.4,-142.7,25.0,101.0,14.0,0.6,0.5,0.6,-96.7,-52.2,0.0,-41.6,18.0,55.0,14.0,0.7,0.5,0.7,-159.1,-116.2,-37.2,-103.3,18.0,62.5,14.0,0.7,0.5,0.7,-33.4,-15.9,0.0,-15.8,16.0,16.7,14.0,0.7,0.6,0.7,-57.4,-32.4,-7.7,-32.5,16.0,25.2,14.0,0.7,0.6,0.7,95.0,456.5,1092.5,559.5,26.0,515.5,14.0,0.6,0.5,0.6,95.0,455.0,1095.0,560.0,26.0,515.0,14.0,0.6,0.5,0.6
1974,2,78.0,7.0,26.31,27.2,27.99,27.27,14.0,1.01,16.0,0.6,0.3,0.2,26.04,27.0,28.0,27.12,16.0,1.03,16.0,0.5,0.3,0.2,14.89,16.3,18.94,16.72,13.0,2.26,18.0,0.6,0.3,0.2,67.3,73.5,82.2,74.1,13.0,9.1,18.0,0.6,0.2,4.1,6.7,10.69,7.36,15.0,3.25,16.0,0.5,0.3,0.2,-6.54,-3.35,0.35,-3.01,15.0,3.68,16.0,0.5,0.3,0.2,-9.77,-5.8,-1.58,-5.5,15.0,3.59,16.0,0.5,0.3,0.2,1008.32,1010.7,1012.26,1010.5,16.0,2.44,16.0,0.5,0.3,0.2,2.0,3.0,6.0,3.8,16.0,2.3,16.0,0.5,0.3,0.2,-54.7,-16.6,0.9,-26.2,15.0,39.4,16.0,0.5,0.3,0.2,-99.2,-44.2,-4.1,-49.6,15.0,44.5,16.0,0.5,0.3,0.2,-0.39,0.0,0.3,0.06,14.0,0.88,16.0,0.6,0.3,0.2,-2.4,0.0,2.6,0.4,14.0,8.0,16.0,0.6,0.3,0.2,3.68,5.92,6.85,5.81,13.0,2.24,18.0,0.6,0.3,0.2,22.1,44.3,63.4,43.1,13.0,24.0,18.0,0.6,0.3,0.2,-181.9,-93.8,9.8,-80.8,15.0,99.0,16.0,0.5,0.3,0.2,-256.5,-162.5,-43.2,-149.4,15.0,98.3,16.0,0.5,0.3,0.2,-129.2,-63.6,-19.9,-64.3,13.0,48.2,18.0,0.6,0.3,0.2,-127.4,-110.2,-22.7,-87.2,13.0,58.5,18.0,0.6,0.3,0.2,-46.3,-24.3,-3.6,-24.7,13.0,19.1,18.0,0.6,0.3,0.2,-54.9,-29.7,-5.7,-30.0,13.0,24.1,18.0,0.6,0.3,0.2,69.0,301.0,1222.5,620.0,15.0,667.5,16.0,0.5,0.3,0.2,70.0,300.0,1225.0,620.0,15.0,670.0,16.0,0.5,0.3,0.2
1974,2,78.0,8.0,25.5,25.5,25.5,25.5,1.0,0.0,4.0,1.0,0.5,0.5,26.5,26.5,26.5,26.5,1.0,0.0,4.0,1.0,0.5,0.5,14.5,14.5,14.5,14.5,1.0,0.0,4.0,1.0,0.5,0.5,67.5,67.5,67.5,67.5,1.0,0.0,4.0,1.0,0.5,9.8,9.8,9.8,9.8,1.0,0.0,4.0,1.0,0.5,0.5,-7.51,-7.51,-7.51,-7.51,1.0,0.0,4.0,1.0,0.5,0.5,-6.3,-6.3,-6.3,-6.3,1.0,0.0,4.0,1.0,0.5,0.5,1016.0,1016.0,1016.0,1016.0,1.0,0.0,4.0,1.0,0.5,0.5,8.0,8.0,8.0,8.0,1.0,0.0,4.0,1.0,0.5,0.5,-73.6,-73.6,-73.6,-73.6,1.0,0.0,4.0,1.0,0.5,0.5,-61.7,-61.7,-61.7,-61.7,1.0,0.0,4.0,1.0,0.5,0.5,-1.0,-1.0,-1.0,-1.0,1.0,0.0,4.0,1.0,0.5,0.5,-9.8,-9.8,-9.8,-9.8,1.0,0.0,4.0,1.0,0.5,0.5,5.82,5.82,5.82,5.82,1.0,0.0,4.0,1.0,0.5,0.5,57.0,57.0,57.0,57.0,1.0,0.0,4.0,1.0,0.5,0.5,-198.9,-198.9,-198.9,-198.9,1.0,0.0,4.0,1.0,0.5,0.5,-166.9,-166.9,-166.9,-166.9,1.0,0.0,4.0,1.0,0.5,0.5,-108.9,-108.9,-108.9,-108.9,1.0,0.0,4.0,1.0,0.5,0.5,-91.3,-91.3,-91.3,-91.3,1.0,0.0,4.0,1.0,0.5,0.5,-43.7,-43.7,-43.7,-43.7,1.0,0.0,4.0,1.0,0.5,0.5,-36.7,-36.7,-36.7,-36.7,1.0,0.0,4.0,1.0,0.5,0.5,941.0,941.0,941.0,941.0,1.0,0.0,4.0,1.0,0.5,0.5,940.0,940.0,940.0,940.0,1.0,0.0,4.0,1.0,0.5,0.5
1974,2,79.0,-66.0,-0.5,-0.5,-0.5,-0.5,1.0,0.0,20.0,1.0,0.8,0.8,0.01,0.25,0.49,0.25,2.0,0.49,18.0,1.0,0.8,0.6,3.93,3.93,3.93,3.93,1.0,0.0,14.0,1.0,0.8,0.3,95.7,95.7,95.7,95.7,1.0,0.0,14.0,1.0,0.3,3.43,6.5,9.57,6.5,2.0,6.36,18.0,1.0,0.8,0.6,-8.22,-5.41,-2.59,-5.41,2.0,5.83,18.0,1.0,0.8,0.6,-4.87,-3.52,-2.16,-3.52,2.0,2.81,18.0,1.0,0.8,0.6,976.42,981.85,987.28,981.85,2.0,11.24,18.0,1.0,0.8,0.6,6.2,6.5,6.8,6.5,2.0,0.7,18.0,1.0,0.8,0.6,-88.6,-53.7,-18.8,-53.7,2.0,72.3,18.0,1.0,0.8,0.6,-51.4,-31.8,-12.2,-31.8,2.0,40.6,18.0,1.0,0.8,0.6,,,,,,,,,,,,,,,,,,,,,,,,,,,,,,,,,,,,,,,,,-0.5,0.1,0.7,0.1,2.0,1.2,18.0,1.0,0.8,0.6,-0.7,-0.2,0.3,-0.2,2.0,1.0,18.0,1.0,0.8,0.6,-5.1,-5.1,-5.1,-5.1,1.0,0.0,14.0,1.0,0.8,0.3,-6.0,-6.0,-6.0,-6.0,1.0,0.0,14.0,1.0,0.8,0.3,,,,,,,,,,,,,,,,,,,,,,,,,,,,,,,,,,,,,,,,
1974,2,79.0,-59.0,0.9,0.9,0.9,0.9,1.0,0.0,12.0,1.0,0.8,0.2,1.0,1.0,1.0,1.0,1.0,0.0,12.0,1.0,0.8,0.2,4.13,4.13,4.13,4.13,1.0,0.0,12.0,1.0,0.8,0.2,98.6,98.6,98.6,98.6,1.0,0.0,12.0,1.0,0.2,4.6,4.6,4.6,4.6,1.0,0.0,12.0,1.0,0.8,0.2,4.6,4.6,4.6,4.6,1.0,0.0,12.0,1.0,0.8,0.2,0.0,0.0,0.0,0.0,1.0,0.0,12.0,1.0,0.8,0.2,983.2,983.2,983.2,983.2,1.0,0.0,12.0,1.0,0.8,0.2,8.0,8.0,8.0,8.0,1.0,0.0,12.0,1.0,0.8,0.2,21.2,21.2,21.2,21.2,1.0,0.0,12.0,1.0,0.8,0.2,0.0,0.0,0.0,0.0,1.0,0.0,12.0,1.0,0.8,0.2,-0.1,-0.1,-0.1,-0.1,1.0,0.0,12.0,1.0,0.8,0.2,-0.5,-0.5,-0.5,-0.5,1.0,0.0,12.0,1.0,0.8,0.2,0.03,0.03,0.03,0.03,1.0,0.0,12.0,1.0,0.8,0.2,0.1,0.1,0.1,0.1,1.0,0.0,12.0,1.0,0.8,0.2,4.6,4.6,4.6,4.6,1.0,0.0,12.0,1.0,0.8,0.2,0.0,0.0,0.0,0.0,1.0,0.0,12.0,1.0,0.8,0.2,19.0,19.0,19.0,19.0,1.0,0.0,12.0,1.0,0.8,0.2,0.0,0.0,0.0,0.0,1.0,0.0,12.0,1.0,0.8,0.2,0.1,0.1,0.1,0.1,1.0,0.0,12.0,1.0,0.8,0.2,0.0,0.0,0.0,0.0,1.0,0.0,12.0,1.0,0.8,0.2,97.5,97.5,97.5,97.5,1.0,0.0,12.0,1.0,0.8,0.2,95.0,95.0,95.0,95.0,1.0,0.0,12.0,1.0,0.8,0.2
1974,2,79.0,-45.0,11.0,11.0,11.0,11.0,1.0,0.0,4.0,1.0,0.2,0.5,11.8,11.8,11.8,11.8,1.0,0.0,4.0,1.0,0.2,0.5,6.09,6.09,6.09,6.09,1.0,0.0,4.0,1.0,0.2,0.5,72.4,72.4,72.4,72.4,1.0,0.0,4.0,1.0,0.5,8.7,8.7,8.7,8.7,1.0,0.0,4.0,1.0,0.2,0.5,8.18,8.18,8.18,8.18,1.0,0.0,4.0,1.0,0.2,0.5,-2.98,-2.98,-2.98,-2.98,1.0,0.0,4.0,1.0,0.2,0.5,1031.9,1031.9,1031.9,1031.9,1.0,0.0,4.0,1.0,0.2,0.5,3.0,3.0,3.0,3.0,1.0,0.0,4.0,1.0,0.2,0.5,71.1,71.1,71.1,71.1,1.0,0.0,4.0,1.0,0.2,0.5,-25.9,-25.9,-25.9,-25.9,1.0,0.0,4.0,1.0,0.2,0.5,-0.8,-0.8,-0.8,-0.8,1.0,0.0,4.0,1.0,0.2,0.5,-7.0,-7.0,-7.0,-7.0,1.0,0.0,4.0,1.0,0.2,0.5,1.9,1.9,1.9,1.9,1.0,0.0,4.0,1.0,0.2,0.5,16.5,16.5,16.5,16.5,1.0,0.0,4.0,1.0,0.2,0.5,96.5,96.5,96.5,96.5,1.0,0.0,4.0,1.0,0.2,0.5,-35.1,-35.1,-35.1,-35.1,1.0,0.0,4.0,1.0,0.2,0.5,49.8,49.8,49.8,49.8,1.0,0.0,4.0,1.0,0.2,0.5,-18.1,-18.1,-18.1,-18.1,1.0,0.0,4.0,1.0,0.2,0.5,15.5,15.5,15.5,15.5,1.0,0.0,4.0,1.0,0.2,0.5,-5.6,-5.6,-5.6,-5.6,1.0,0.0,4.0,1.0,0.2,0.5,658.5,658.5,658.5,658.5,1.0,0.0,4.0,1.0,0.2,0.5,660.0,660.0,660.0,660.0,1.0,0.0,4.0,1.0,0.2,0.5
1974,2,79.0,-34.0,22.8,22.8,22.8,22.8,1.0,0.0,10.0,0.0,0.4,0.5,19.02,19.5,19.98,19.5,2.0,0.99,16.0,0.0,0.2,0.6,12.53,12.53,12.53,12.53,1.0,0.0,10.0,0.0,0.4,0.5,86.1,86.1,86.1,86.1,1.0,0.0,10.0,0.0,0.5,4.88,6.55,8.22,6.55,2.0,3.46,16.0,0.0,0.2,0.6,-3.64,-2.8,-1.96,-2.8,2.0,1.75,16.0,0.0,0.2,0.6,0.81,4.08,7.34,4.08,2.0,6.77,16.0,0.0,0.2,0.6,1017.09,1019.85,1022.61,1019.85,2.0,5.73,16.0,0.0,0.2,0.6,8.0,8.0,8.0,8.0,2.0,0.0,16.0,0.0,0.2,0.6,-16.2,-15.3,-14.5,-15.3,2.0,1.8,16.0,0.0,0.2,0.6,10.2,38.4,66.6,38.4,2.0,58.5,16.0,0.0,0.2,0.6,2.6,2.6,2.6,2.6,1.0,0.0,10.0,0.0,0.4,0.5,10.7,10.7,10.7,10.7,1.0,0.0,10.0,0.0,0.4,0.5,4.59,4.59,4.59,4.59,1.0,0.0,10.0,0.0,0.4,0.5,18.8,18.8,18.8,18.8,1.0,0.0,10.0,0.0,0.4,0.5,-73.3,-55.5,-37.7,-55.5,2.0,36.9,16.0,0.0,0.2,0.6,14.3,76.1,137.9,76.1,2.0,128.0,16.0,0.0,0.2,0.6,-50.6,-50.6,-50.6,-50.6,1.0,0.0,10.0,0.0,0.4,0.5,-8.9,-8.9,-8.9,-8.9,1.0,0.0,10.0,0.0,0.4,0.5,-18.5,-18.5,-18.5,-18.5,1.0,0.0,10.0,0.0,0.4,0.5,-3.3,-3.3,-3.3,-3.3,1.0,0.0,10.0,0.0,0.4,0.5,173.5,399.0,624.0,399.0,2.0,466.5,16.0,0.0,0.2,0.6,175.0,400.0,625.0,400.0,2.0,465.0,16.0,0.0,0.2,0.6
1974,2,79.0,-33.0,21.2,21.2,21.2,21.2,1.0,0.0,4.0,0.0,0.6,0.4,20.3,20.3,20.3,20.3,1.0,0.0,4.0,0.0,0.6,0.4,9.51,9.51,9.51,9.51,1.0,0.0,4.0,0.0,0.6,0.4,65.4,65.4,65.4,65.4,1.0,0.0,4.0,0.0,0.4,7.2,7.2,7.2,7.2,1.0,0.0,4.0,0.0,0.6,0.4,-7.2,-7.2,-7.2,-7.2,1.0,0.0,4.0,0.0,0.6,0.4,0.0,0.0,0.0,0.0,1.0,0.0,4.0,0.0,0.6,0.4,1029.1,1029.1,1029.1,1029.1,1.0,0.0,4.0,0.0,0.6,0.4,4.0,4.0,4.0,4.0,1.0,0.0,4.0,0.0,0.6,0.4,-51.8,-51.8,-51.8,-51.8,1.0,0.0,4.0,0.0,0.6,0.4,0.0,0.0,0.0,0.0,1.0,0.0,4.0,0.0,0.6,0.4,0.9,0.9,0.9,0.9,1.0,0.0,4.0,0.0,0.6,0.4,6.5,6.5,6.5,6.5,1.0,0.0,4.0,0.0,0.6,0.4,5.92,5.92,5.92,5.92,1.0,0.0,4.0,0.0,0.6,0.4,42.6,42.6,42.6,42.6,1.0,0.0,4.0,0.0,0.6,0.4,-146.2,-146.2,-146.2,-146.2,1.0,0.0,4.0,0.0,0.6,0.4,0.0,0.0,0.0,0.0,1.0,0.0,4.0,0.0,0.6,0.4,-68.4,-68.4,-68.4,-68.4,1.0,0.0,4.0,0.0,0.6,0.4,0.0,0.0,0.0,0.0,1.0,0.0,4.0,0.0,0.6,0.4,-42.6,-42.6,-42.6,-42.6,1.0,0.0,4.0,0.0,0.6,0.4,0.0,0.0,0.0,0.0,1.0,0.0,4.0,0.0,0.6,0.4,373.0,373.0,373.0,373.0,1.0,0.0,4.0,0.0,0.6,0.4,375.0,375.0,375.0,375.0,1.0,0.0,4.0,0.0,0.6,0.4
1974,2,79.0,-32.0,19.67,21.1,22.53,21.1,3.0,2.1,20.0,0.3,0.5,0.6,20.99,21.4,21.47,21.23,3.0,0.38,20.0,0.3,0.5,0.6,11.54,11.58,12.39,11.96,3.0,0.7,20.0,0.3,0.5,0.6,74.5,76.4,79.2,76.8,3.0,3.4,20.0,0.3,0.6,5.43,7.2,7.54,6.5,3.0,1.66,20.0,0.3,0.5,0.6,-5.78,-5.52,-4.16,-4.98,3.0,1.27,20.0,0.3,0.5,0.6,-4.85,-4.63,-3.49,-4.18,3.0,1.07,20.0,0.3,0.5,0.6,1018.34,1019.5,1022.44,1020.37,3.0,3.09,20.0,0.3,0.5,0.6,1.3,4.0,6.0,3.7,3.0,3.5,20.0,0.3,0.5,0.6,-43.6,-39.7,-23.7,-33.8,3.0,15.5,20.0,0.3,0.5,0.6,-36.6,-33.3,-19.9,-28.3,3.0,13.0,20.0,0.3,0.5,0.6,-1.61,0.3,1.32,-0.13,3.0,2.18,20.0,0.3,0.5,0.6,-11.8,1.4,9.9,-0.9,3.0,16.1,20.0,0.3,0.5,0.6,1.8,3.88,5.35,3.58,3.0,2.61,20.0,0.3,0.5,0.6,9.8,17.8,37.4,23.4,3.0,20.8,20.0,0.3,0.5,0.6,-123.8,-118.6,-87.7,-106.0,3.0,28.6,20.0,0.3,0.5,0.6,-103.9,-99.5,-73.6,-89.0,3.0,24.0,20.0,0.3,0.5,0.6,-69.7,-68.3,-49.4,-59.8,3.0,16.6,20.0,0.3,0.5,0.6,-58.5,-57.3,-41.5,-50.2,3.0,13.9,20.0,0.3,0.5,0.6,-28.6,-13.7,-7.5,-18.0,3.0,15.9,20.0,0.3,0.5,0.6,-24.0,-11.5,-6.3,-15.1,3.0,13.4,20.0,0.3,0.5,0.6,185.0,373.0,430.0,309.0,3.0,188.0,20.0,0.3,0.5,0.6,185.0,375.0,430.0,310.0,3.0,190.0,20.0,0.3,0.5,0.6
1974,2,79.0,-29.0,22.83,22.9,22.97,22.9,2.0,0.14,4.0,1.0,0.2,0.9,22.02,22.05,22.08,22.05,2.0,0.07,4.0,1.0,0.2,0.9,11.19,11.79,12.4,11.79,2.0,1.26,4.0,1.0,0.2,0.9,68.4,72.3,76.2,72.3,2.0,8.1,4.0,1.0,0.9,9.87,11.1,12.33,11.1,2.0,2.55,4.0,1.0,0.2,0.9,-11.67,-10.71,-9.75,-10.71,2.0,2.0,4.0,1.0,0.2,0.9,0.7,2.21,3.71,2.21,2.0,3.12,4.0,1.0,0.2,0.9,1022.15,1022.9,1023.65,1022.9,2.0,1.56,4.0,1.0,0.2,0.9,2.3,3.0,3.7,3.0,2.0,1.4,4.0,1.0,0.2,0.9,-145.3,-121.4,-97.6,-121.4,2.0,49.4,4.0,1.0,0.2,0.9,9.0,28.5,47.9,28.5,2.0,40.2,4.0,1.0,0.2,0.9,0.75,0.85,0.95,0.85,2.0,0.21,4.0,1.0,0.2,0.9,9.1,9.2,9.3,9.2,2.0,0.2,4.0,1.0,0.2,0.9,4.89,5.44,5.99,5.44,2.0,1.14,4.0,1.0,0.2,0.9,49.1,61.8,74.6,61.8,2.0,26.5,4.0,1.0,0.2,0.9,-257.9,-236.2,-214.6,-236.2,2.0,44.8,4.0,1.0,0.2,0.9,15.5,48.8,82.0,48.8,2.0,68.9,4.0,1.0,0.2,0.9,-129.9,-125.1,-120.2,-125.1,2.0,10.0,4.0,1.0,0.2,0.9,7.6,24.1,40.5,24.1,2.0,34.0,4.0,1.0,0.2,0.9,-70.5,-59.4,-48.3,-59.4,2.0,23.0,4.0,1.0,0.2,0.9,4.4,13.8,23.2,13.8,2.0,19.5,4.0,1.0,0.2,0.9,1017.5,1475.5,1933.5,1475.5,2.0,949.0,4.0,1.0,0.2,0.9,1015.0,1475.0,1935.0,1475.0,2.0,950.0,4.0,1.0,0.2,0.9
1974,2,79.0,-28.0,22.08,22.25,22.42,22.25,2.0,0.35,6.0,0.0,0.6,0.2,20.58,20.75,20.92,20.75,2.0,0.35,6.0,0.0,0.6,0.2,11.28,11.51,11.73,11.51,2.0,0.47,6.0,0.0,0.6,0.2,75.7,76.4,77.1,76.4,2.0,1.4,6.0,0.0,0.2,9.62,10.3,10.98,10.3,2.0,1.41,6.0,0.0,0.6,0.2,-10.82,-10.14,-9.47,-10.14,2.0,1.39,6.0,0.0,0.6,0.2,1.67,1.79,1.91,1.79,2.0,0.25,6.0,0.0,0.6,0.2,1023.02,1023.05,1023.08,1023.05,2.0,0.07,6.0,0.0,0.6,0.2,3.6,5.0,6.4,5.0,2.0,2.8,6.0,0.0,0.6,0.2,-119.3,-105.5,-91.6,-105.5,2.0,28.7,6.0,0.0,0.6,0.2,16.2,18.6,21.0,18.6,2.0,5.1,6.0,0.0,0.6,0.2,1.5,1.5,1.5,1.5,2.0,0.0,6.0,0.0,0.6,0.2,14.4,15.5,16.5,15.5,2.0,2.1,6.0,0.0,0.6,0.2,5.0,5.05,5.11,5.05,2.0,0.11,6.0,0.0,0.6,0.2,49.1,52.0,54.9,52.0,2.0,6.0,6.0,0.0,0.6,0.2,-226.4,-210.7,-195.0,-210.7,2.0,32.5,6.0,0.0,0.6,0.2,34.4,37.2,39.9,37.2,2.0,5.7,6.0,0.0,0.6,0.2,-127.1,-117.0,-107.0,-117.0,2.0,20.8,6.0,0.0,0.6,0.2,18.9,20.6,22.4,20.6,2.0,3.7,6.0,0.0,0.6,0.2,-54.0,-51.2,-48.3,-51.2,2.0,5.9,6.0,0.0,0.6,0.2,8.5,9.0,9.5,9.0,2.0,1.0,6.0,0.0,0.6,0.2,905.5,1123.5,1341.5,1123.5,2.0,451.5,6.0,0.0,0.6,0.2,905.0,1125.0,1340.0,1125.0,2.0,450.0,6.0,0.0,0.6,0.2
1974,2,79.0,-24.0,25.0,25.0,25.0,25.0,1.0,0.0,28.0,1.0,0.5,0.3,24.4,24.4,24.4,24.4,1.0,0.0,28.0,1.0,0.5,0.3,16.39,16.39,16.39,16.39,1.0,0.0,28.0,1.0,0.5,0.3,86.0,86.0,86.0,86.0,1.0,0.0,28.0,1.0,0.3,9.3,9.3,9.3,9.3,1.0,0.0,28.0,1.0,0.5,0.3,-9.16,-9.16,-9.16,-9.16,1.0,0.0,28.0,1.0,0.5,0.3,1.61,1.61,1.61,1.61,1.0,0.0,28.0,1.0,0.5,0.3,1011.5,1011.5,1011.5,1011.5,1.0,0.0,28.0,1.0,0.5,0.3,8.0,8.0,8.0,8.0,1.0,0.0,28.0,1.0,0.5,0.3,-85.2,-85.2,-85.2,-85.2,1.0,0.0,28.0,1.0,0.5,0.3,15.0,15.0,15.0,15.0,1.0,0.0,28.0,1.0,0.5,0.3,0.6,0.6,0.6,0.6,1.0,0.0,28.0,1.0,0.5,0.3,5.6,5.6,5.6,5.6,1.0,0.0,28.0,1.0,0.5,0.3,3.42,3.42,3.42,3.42,1.0,0.0,28.0,1.0,0.5,0.3,31.8,31.8,31.8,31.8,1.0,0.0,28.0,1.0,0.5,0.3,-223.5,-223.5,-223.5,-223.5,1.0,0.0,28.0,1.0,0.5,0.3,39.4,39.4,39.4,39.4,1.0,0.0,28.0,1.0,0.5,0.3,-150.1,-150.1,-150.1,-150.1,1.0,0.0,28.0,1.0,0.5,0.3,26.5,26.5,26.5,26.5,1.0,0.0,28.0,1.0,0.5,0.3,-31.3,-31.3,-31.3,-31.3,1.0,0.0,28.0,1.0,0.5,0.3,5.5,5.5,5.5,5.5,1.0,0.0,28.0,1.0,0.5,0.3,804.5,804.5,804.5,804.5,1.0,0.0,28.0,1.0,0.5,0.3,805.0,805.0,805.0,805.0,1.0,0.0,28.0,1.0,0.5,0.3
1974,2,79.0,-23.0,,,,,,,,,,,,,,,,,,,,,,,,,,,,,,,,,,,,,,,,6.7,6.7,6.7,6.7,1.0,0.0,8.0,0.0,0.3,0.1,-5.8,-5.8,-5.8,-5.8,1.0,0.0,8.0,0.0,0.3,0.1,3.35,3.35,3.35,3.35,1.0,0.0,8.0,0.0,0.3,0.1,1016.5,1016.5,1016.5,1016.5,1.0,0.0,8.0,0.0,0.3,0.1,8.0,8.0,8.0,8.0,1.0,0.0,8.0,0.0,0.3,0.1,-38.9,-38.9,-38.9,-38.9,1.0,0.0,8.0,0.0,0.3,0.1,22.4,22.4,22.4,22.4,1.0,0.0,8.0,0.0,0.3,0.1,,,,,,,,,,,,,,,,,,,,,,,,,,,,,,,,,,,,,,,,,-126.5,-126.5,-126.5,-126.5,1.0,0.0,8.0,0.0,0.3,0.1,73.0,73.0,73.0,73.0,1.0,0.0,8.0,0.0,0.3,0.1,-72.7,-72.7,-72.7,-72.7,1.0,0.0,8.0,0.0,0.3,0.1,42.0,42.0,42.0,42.0,1.0,0.0,8.0,0.0,0.3,0.1,,,,,,,,,,,,,,,,,,,,,,,,,,,,,,,,,,,,,,,,
1974,2,79.0,-22.0,24.83,24.9,24.97,24.9,2.0,0.14,14.0,0.5,0.3,0.4,23.92,24.6,25.28,24.6,2.0,1.41,14.0,0.5,0.3,0.4,14.73,15.93,17.14,15.93,2.0,2.5,14.0,0.5,0.3,0.4,79.5,82.2,84.8,82.2,2.0,5.5,14.0,0.5,0.4,9.3,9.3,9.3,9.3,1.0,0.0,2.0,0.0,0.4,0.5,-8.05,-8.05,-8.05,-8.05,1.0,0.0,2.0,0.0,0.4,0.5,4.65,4.65,4.65,4.65,1.0,0.0,2.0,0.0,0.4,0.5,1009.42,1011.4,1013.38,1011.4,2.0,4.1,14.0,0.5,0.3,0.4,3.0,5.0,7.0,5.0,2.0,4.2,14.0,0.5,0.3,0.4,-74.9,-74.9,-74.9,-74.9,1.0,0.0,2.0,0.0,0.4,0.5,43.2,43.2,43.2,43.2,1.0,0.0,2.0,0.0,0.4,0.5,-0.31,0.3,0.91,0.3,2.0,1.27,14.0,0.5,0.3,0.4,11.2,11.2,11.2,11.2,1.0,0.0,2.0,0.0,0.4,0.5,2.67,3.76,4.84,3.76,2.0,2.25,14.0,0.5,0.3,0.4,49.7,49.7,49.7,49.7,1.0,0.0,2.0,0.0,0.4,0.5,-190.1,-190.1,-190.1,-190.1,1.0,0.0,2.0,0.0,0.4,0.5,109.7,109.7,109.7,109.7,1.0,0.0,2.0,0.0,0.4,0.5,-114.1,-114.1,-114.1,-114.1,1.0,0.0,2.0,0.0,0.4,0.5,65.9,65.9,65.9,65.9,1.0,0.0,2.0,0.0,0.4,0.5,-43.1,-43.1,-43.1,-43.1,1.0,0.0,2.0,0.0,0.4,0.5,24.9,24.9,24.9,24.9,1.0,0.0,2.0,0.0,0.4,0.5,804.5,804.5,804.5,804.5,1.0,0.0,2.0,0.0,0.4,0.5,805.0,805.0,805.0,805.0,1.0,0.0,2.0,0.0,0.4,0.5
1974,2,79.0,-21.0,26.0,26.0,26.0,26.0,3.0,0.0,8.0,0.7,0.5,0.5,23.73,24.0,25.37,24.53,3.0,1.29,8.0,0.7,0.5,0.5,14.86,16.01,17.16,16.01,2.0,2.38,6.0,0.5,0.7,0.4,80.1,81.9,83.7,81.9,2.0,3.8,6.0,0.5,0.4,6.24,8.7,10.82,8.53,3.0,3.35,8.0,0.7,0.5,0.5,-9.74,-8.7,-6.03,-7.9,3.0,2.8,8.0,0.7,0.5,0.5,0.55,1.74,4.58,2.55,3.0,3.03,8.0,0.7,0.5,0.5,1013.91,1015.0,1015.55,1014.73,3.0,1.22,8.0,0.7,0.5,0.5,3.0,5.0,5.7,4.3,3.0,2.1,8.0,0.7,0.5,0.5,-106.3,-75.7,-40.7,-73.6,3.0,48.1,8.0,0.7,0.5,0.5,2.8,8.9,50.3,26.2,3.0,37.9,8.0,0.7,0.5,0.5,0.63,2.0,2.27,1.47,3.0,1.29,8.0,0.7,0.5,0.5,3.9,12.2,20.0,11.9,3.0,11.8,8.0,0.7,0.5,0.5,3.8,4.95,6.09,4.95,2.0,2.37,6.0,0.5,0.7,0.4,29.3,31.1,32.9,31.1,2.0,3.8,6.0,0.5,0.7,0.4,-239.2,-226.2,-149.0,-194.9,3.0,71.4,8.0,0.7,0.5,0.5,13.1,41.2,109.7,60.9,3.0,72.8,8.0,0.7,0.5,0.5,-140.4,-111.3,-82.2,-111.3,2.0,60.3,6.0,0.5,0.7,0.4,4.0,12.5,21.0,12.5,2.0,17.7,6.0,0.5,0.7,0.4,-31.2,-30.1,-29.0,-30.1,2.0,2.3,6.0,0.5,0.7,0.4,1.8,5.8,9.7,5.8,2.0,8.2,6.0,0.5,0.7,0.4,299.5,658.5,1330.5,811.5,3.0,766.5,8.0,0.7,0.5,0.5,300.0,660.0,1330.0,810.0,3.0,765.0,8.0,0.7,0.5,0.5
1974,2,79.0,-20.0,27.0,27.0,27.0,27.0,1.0,0.0,28.0,0.0,0.2,1.0,26.0,26.0,26.0,26.0,1.0,0.0,28.0,0.0,0.2,1.0,19.12,19.12,19.12,19.12,1.0,0.0,28.0,0.0,0.2,1.0,90.9,90.9,90.9,90.9,1.0,0.0,28.0,0.0,1.0,1.06,2.25,3.44,2.25,2.0,2.47,26.0,0.5,0.4,0.8,-1.75,-1.22,-0.68,-1.22,2.0,1.11,26.0,0.5,0.4,0.8,-2.95,-1.86,-0.76,-1.86,2.0,2.27,26.0,0.5,0.4,0.8,1011.55,1014.25,1016.95,1014.25,2.0,5.59,26.0,0.5,0.4,0.8,1.8,3.5,5.2,3.5,2.0,3.5,26.0,0.5,0.4,0.8,-6.8,-4.1,-1.5,-4.1,2.0,5.5,26.0,0.5,0.4,0.8,-11.7,-7.0,-2.3,-7.0,2.0,9.7,26.0,0.5,0.4,0.8,1.0,1.0,1.0,1.0,1.0,0.0,28.0,0.0,0.2,1.0,0.5,0.5,0.5,0.5,1.0,0.0,28.0,0.0,0.2,1.0,3.24,3.24,3.24,3.24,1.0,0.0,28.0,0.0,0.2,1.0,1.6,1.6,1.6,1.6,1.0,0.0,28.0,0.0,0.2,1.0,-11.3,-11.3,-11.3,-11.3,1.0,0.0,28.0,0.0,0.2,1.0,-6.5,-6.5,-6.5,-6.5,1.0,0.0,28.0,0.0,0.2,1.0,-8.3,-8.3,-8.3,-8.3,1.0,0.0,28.0,0.0,0.2,1.0,-4.8,-4.8,-4.8,-4.8,1.0,0.0,28.0,0.0,0.2,1.0,-1.4,-1.4,-1.4,-1.4,1.0,0.0,28.0,0.0,0.2,1.0,-0.8,-0.8,-0.8,-0.8,1.0,0.0,28.0,0.0,0.2,1.0,10.5,32.0,54.0,32.0,2.0,45.0,26.0,0.5,0.4,0.8,10.0,30.0,55.0,30.0,2.0,45.0,26.0,0.5,0.4,0.8
1974,2,79.0,-16.0,26.1,26.1,26.1,26.1,1.0,0.0,8.0,0.0,0.5,0.1,24.5,24.5,24.5,24.5,1.0,0.0,8.0,0.0,0.5,0.1,18.21,18.21,18.21,18.21,1.0,0.0,8.0,0.0,0.5,0.1,94.7,94.7,94.7,94.7,1.0,0.0,8.0,0.0,0.1,6.7,6.7,6.7,6.7,1.0,0.0,8.0,0.0,0.5,0.1,-5.8,-5.8,-5.8,-5.8,1.0,0.0,8.0,0.0,0.5,0.1,3.35,3.35,3.35,3.35,1.0,0.0,8.0,0.0,0.5,0.1,1010.3,1010.3,1010.3,1010.3,1.0,0.0,8.0,0.0,0.5,0.1,8.0,8.0,8.0,8.0,1.0,0.0,8.0,0.0,0.5,0.1,-38.9,-38.9,-38.9,-38.9,1.0,0.0,8.0,0.0,0.5,0.1,22.4,22.4,22.4,22.4,1.0,0.0,8.0,0.0,0.5,0.1,1.6,1.6,1.6,1.6,1.0,0.0,8.0,0.0,0.5,0.1,10.7,10.7,10.7,10.7,1.0,0.0,8.0,0.0,0.5,0.1,2.97,2.97,2.97,2.97,1.0,0.0,8.0,0.0,0.5,0.1,19.9,19.9,19.9,19.9,1.0,0.0,8.0,0.0,0.5,0.1,-142.2,-142.2,-142.2,-142.2,1.0,0.0,8.0,0.0,0.5,0.1,82.1,82.1,82.1,82.1,1.0,0.0,8.0,0.0,0.5,0.1,-105.7,-105.7,-105.7,-105.7,1.0,0.0,8.0,0.0,0.5,0.1,61.0,61.0,61.0,61.0,1.0,0.0,8.0,0.0,0.5,0.1,-17.3,-17.3,-17.3,-17.3,1.0,0.0,8.0,0.0,0.5,0.1,10.0,10.0,10.0,10.0,1.0,0.0,8.0,0.0,0.5,0.1,301.0,301.0,301.0,301.0,1.0,0.0,8.0,0.0,0.5,0.1,300.0,300.0,300.0,300.0,1.0,0.0,8.0,0.0,0.5,0.1
1974,2,79.0,-15.0,,,,,,,,,,,,,,,,,,,,,,,,,,,,,,,,,,,,,,,,6.11,8.5,10.89,8.5,2.0,4.95,6.0,1.0,0.6,0.5,-7.23,-6.21,-5.18,-6.21,2.0,2.13,6.0,1.0,0.6,0.5,2.9,5.45,8.01,5.45,2.0,5.29,6.0,1.0,0.6,0.5,1011.3,1011.3,1011.3,1011.3,1.0,0.0,10.0,1.0,0.6,0.2,,,,,,,,,,,,,,,,,,,,,,,,,,,,,,,,,,,,,,,,,,,,,,,,,,,,,,,,,,,,,,,,,,,,,,,,,,,,,,,,,,,,,,,,,,,,,,,,,,,,,,,,,,,,,,,,,,,,,,,,,,,,,,,,,,,,,,,,,,,,,,,,,,,,,,
1974,2,79.0,-12.0,29.0,29.0,29.0,29.0,1.0,0.0,24.0,1.0,0.5,0.3,29.5,29.5,29.5,29.5,1.0,0.0,24.0,1.0,0.5,0.3,19.83,19.83,19.83,19.83,1.0,0.0,24.0,1.0,0.5,0.3,76.3,76.3,76.3,76.3,1.0,0.0,24.0,1.0,0.3,10.3,10.3,10.3,10.3,1.0,0.0,24.0,1.0,0.5,0.3,8.92,8.92,8.92,8.92,1.0,0.0,24.0,1.0,0.5,0.3,-5.15,-5.15,-5.15,-5.15,1.0,0.0,24.0,1.0,0.5,0.3,1004.0,1004.0,1004.0,1004.0,1.0,0.0,24.0,1.0,0.5,0.3,4.0,4.0,4.0,4.0,1.0,0.0,24.0,1.0,0.5,0.3,91.9,91.9,91.9,91.9,1.0,0.0,24.0,1.0,0.5,0.3,-53.0,-53.0,-53.0,-53.0,1.0,0.0,24.0,1.0,0.5,0.3,-0.5,-0.5,-0.5,-0.5,1.0,0.0,24.0,1.0,0.5,0.3,-5.1,-5.1,-5.1,-5.1,1.0,0.0,24.0,1.0,0.5,0.3,5.5,5.5,5.5,5.5,1.0,0.0,24.0,1.0,0.5,0.3,56.6,56.6,56.6,56.6,1.0,0.0,24.0,1.0,0.5,0.3,263.1,263.1,263.1,263.1,1.0,0.0,24.0,1.0,0.5,0.3,-151.9,-151.9,-151.9,-151.9,1.0,0.0,24.0,1.0,0.5,0.3,176.9,176.9,176.9,176.9,1.0,0.0,24.0,1.0,0.5,0.3,-102.1,-102.1,-102.1,-102.1,1.0,0.0,24.0,1.0,0.5,0.3,49.0,49.0,49.0,49.0,1.0,0.0,24.0,1.0,0.5,0.3,-28.3,-28.3,-28.3,-28.3,1.0,0.0,24.0,1.0,0.5,0.3,1092.5,1092.5,1092.5,1092.5,1.0,0.0,24.0,1.0,0.5,0.3,1095.0,1095.0,1095.0,1095.0,1.0,0.0,24.0,1.0,0.5,0.3
1974,2,79.0,-11.0,,,,,,,,,,,,,,,,,,,,,,,,,,,,,,,,,,,,,,,,10.3,10.3,10.3,10.3,1.0,0.0,24.0,0.0,0.4,0.6,8.92,8.92,8.92,8.92,1.0,0.0,24.0,0.0,0.4,0.6,-5.15,-5.15,-5.15,-5.15,1.0,0.0,24.0,0.0,0.4,0.6,1005.0,1005.0,1005.0,1005.0,1.0,0.0,24.0,0.0,0.4,0.6,,,,,,,,,,,,,,,,,,,,,,,,,,,,,,,,,,,,,,,,,,,,,,,,,,,,,,,,,,,,,,,,,,,,,,,,,,,,,,,,,,,,,,,,,,,,,,,,,,,,,,,,,,,,,,,,,,,,,,,,,,,,,,,,,,,,,,,,,,,,,,,,,,,,,,
1974,2,79.0,-8.0,26.4,26.4,26.4,26.4,1.0,0.0,6.0,0.0,0.2,0.7,24.2,24.2,24.2,24.2,1.0,0.0,6.0,0.0,0.2,0.7,16.83,16.83,16.83,16.83,1.0,0.0,6.0,0.0,0.2,0.7,89.1,89.1,89.1,89.1,1.0,0.0,6.0,0.0,0.7,2.6,2.6,2.6,2.6,1.0,0.0,6.0,0.0,0.2,0.7,-2.25,-2.25,-2.25,-2.25,1.0,0.0,6.0,0.0,0.2,0.7,-1.3,-1.3,-1.3,-1.3,1.0,0.0,6.0,0.0,0.2,0.7,1009.5,1009.5,1009.5,1009.5,1.0,0.0,6.0,0.0,0.2,0.7,5.0,5.0,5.0,5.0,1.0,0.0,6.0,0.0,0.2,0.7,-5.9,-5.9,-5.9,-5.9,1.0,0.0,6.0,0.0,0.2,0.7,-3.4,-3.4,-3.4,-3.4,1.0,0.0,6.0,0.0,0.2,0.7,2.2,2.2,2.2,2.2,1.0,0.0,6.0,0.0,0.2,0.7,5.7,5.7,5.7,5.7,1.0,0.0,6.0,0.0,0.2,0.7,4.76,4.76,4.76,4.76,1.0,0.0,6.0,0.0,0.2,0.7,12.4,12.4,12.4,12.4,1.0,0.0,6.0,0.0,0.2,0.7,-54.5,-54.5,-54.5,-54.5,1.0,0.0,6.0,0.0,0.2,0.7,-31.5,-31.5,-31.5,-31.5,1.0,0.0,6.0,0.0,0.2,0.7,-37.9,-37.9,-37.9,-37.9,1.0,0.0,6.0,0.0,0.2,0.7,-21.9,-21.9,-21.9,-21.9,1.0,0.0,6.0,0.0,0.2,0.7,-10.7,-10.7,-10.7,-10.7,1.0,0.0,6.0,0.0,0.2,0.7,-6.2,-6.2,-6.2,-6.2,1.0,0.0,6.0,0.0,0.2,0.7,17.5,17.5,17.5,17.5,1.0,0.0,6.0,0.0,0.2,0.7,20.0,20.0,20.0,20.0,1.0,0.0,6.0,0.0,0.2,0.7
1974,2,79.0,-7.0,26.94,27.0,29.0,27.62,6.0,1.08,14.0,0.7,0.2,0.5,25.98,26.9,27.14,26.68,6.0,0.77,14.0,0.7,0.2,0.5,16.14,18.1,20.38,18.34,5.0,2.68,14.0,0.8,0.2,0.5,70.6,82.1,94.2,82.8,5.0,12.9,14.0,0.8,0.5,5.33,6.2,8.85,7.05,4.0,2.6,14.0,1.0,0.3,0.6,-3.86,2.99,5.84,1.08,4.0,6.67,14.0,1.0,0.3,0.6,-6.31,-3.39,-0.55,-3.43,4.0,3.37,14.0,1.0,0.3,0.6,1009.43,1010.55,1012.0,1010.48,6.0,1.5,14.0,0.7,0.2,0.5,2.8,3.0,5.2,3.7,6.0,1.5,14.0,0.7,0.2,0.5,-44.1,15.3,35.1,-3.6,4.0,59.3,14.0,1.0,0.3,0.6,-54.5,-19.9,-3.7,-28.7,4.0,33.7,14.0,1.0,0.3,0.6,-0.02,1.1,1.6,0.93,6.0,0.84,14.0,0.7,0.2,0.5,2.9,6.7,14.8,8.8,4.0,9.1,14.0,1.0,0.3,0.6,1.98,3.86,9.01,5.05,5.0,4.02,14.0,0.8,0.2,0.5,9.9,35.1,78.0,43.6,4.0,45.1,14.0,1.0,0.3,0.6,-104.0,81.2,154.5,27.8,4.0,178.4,14.0,1.0,0.3,0.6,-172.2,-92.9,-14.5,-93.3,4.0,92.0,14.0,1.0,0.3,0.6,-59.4,64.2,119.7,31.7,4.0,117.3,14.0,1.0,0.3,0.6,-100.5,-57.5,-10.6,-55.6,4.0,52.5,14.0,1.0,0.3,0.6,-41.8,4.3,14.8,-12.6,4.0,45.5,14.0,1.0,0.3,0.6,-58.2,-26.1,-1.7,-29.8,4.0,33.2,14.0,1.0,0.3,0.6,153.5,243.0,803.0,467.5,4.0,533.0,14.0,1.0,0.3,0.6,155.0,245.0,805.0,470.0,4.0,535.0,14.0,1.0,0.3,0.6
1974,2,79.0,-6.0,26.47,27.0,28.0,27.4,22.0,1.01,14.0,0.5,0.3,0.6,25.27,26.15,27.13,26.36,22.0,1.28,14.0,0.5,0.3,0.6,16.86,17.9,18.82,17.81,16.0,1.08,14.0,0.4,0.3,0.6,79.1,85.1,92.0,85.5,17.0,6.2,14.0,0.5,0.6,4.69,6.7,8.95,6.79,21.0,2.18,14.0,0.6,0.3,0.6,3.32,5.83,8.64,5.83,21.0,2.34,14.0,0.6,0.3,0.6,-4.67,-3.28,1.25,-2.29,21.0,2.52,14.0,0.6,0.3,0.6,1006.62,1008.8,1010.78,1008.85,21.0,2.15,16.0,0.5,0.3,0.6,3.0,7.0,7.8,5.5,21.0,2.4,16.0,0.6,0.3,0.6,16.3,38.9,78.9,44.2,21.0,28.8,14.0,0.6,0.3,0.6,-33.3,-16.7,4.0,-17.6,21.0,19.9,14.0,0.6,0.3,0.6,-0.17,0.9,2.33,1.03,22.0,1.41,14.0,0.5,0.3,0.6,-0.6,5.4,16.3,6.9,21.0,10.5,14.0,0.6,0.3,0.6,3.89,4.76,6.0,4.84,16.0,1.22,14.0,0.4,0.3,0.6,16.4,22.8,45.8,31.0,15.0,17.3,14.0,0.5,0.3,0.6,86.0,156.7,222.3,154.6,21.0,63.2,14.0,0.6,0.3,0.6,-121.6,-87.1,31.4,-60.2,21.0,65.6,14.0,0.6,0.3,0.6,56.3,74.9,136.2,91.9,15.0,40.1,14.0,0.5,0.3,0.6,-78.6,-60.0,14.7,-43.1,15.0,46.2,14.0,0.5,0.3,0.6,13.1,19.8,40.8,26.2,15.0,16.4,14.0,0.5,0.3,0.6,-21.8,-12.8,3.5,-11.7,15.0,13.1,14.0,0.5,0.3,0.6,103.5,301.0,716.5,405.5,21.0,338.5,14.0,0.6,0.3,0.6,105.0,300.0,715.0,405.0,21.0,340.0,14.0,0.6,0.3,0.6
1974,2,79.0,-5.0,26.48,27.0,27.87,27.17,9.0,0.95,16.0,0.3,0.8,0.4,25.82,26.5,27.89,26.75,8.0,1.07,16.0,0.4,0.8,0.5,17.57,17.71,18.18,17.89,5.0,0.52,12.0,0.2,0.7,0.4,81.1,84.6,87.6,84.6,5.0,3.9,12.0,0.2,0.4,4.23,6.0,7.15,6.04,9.0,2.03,16.0,0.3,0.8,0.4,3.46,5.36,6.8,5.13,9.0,1.66,16.0,0.3,0.8,0.4,-4.46,-1.55,0.91,-1.33,9.0,3.29,16.0,0.3,0.8,0.4,1007.5,1008.35,1009.84,1008.54,8.0,2.08,16.0,0.4,0.8,0.5,1.3,3.0,5.0,3.3,9.0,2.4,16.0,0.3,0.8,0.4,15.1,30.5,47.4,33.7,9.0,20.7,16.0,0.3,0.8,0.4,-28.1,-4.8,6.6,-9.4,9.0,27.0,16.0,0.3,0.8,0.4,-0.09,0.45,0.99,0.45,8.0,0.93,16.0,0.4,0.8,0.5,-0.6,2.2,7.0,1.7,8.0,6.1,16.0,0.4,0.8,0.5,3.13,4.02,5.48,4.28,5.0,1.28,12.0,0.2,0.7,0.4,12.7,24.5,30.6,22.3,5.0,10.3,12.0,0.2,0.7,0.4,85.3,130.4,194.5,138.1,8.0,53.1,16.0,0.4,0.8,0.5,-128.5,-19.8,31.1,-34.2,8.0,96.1,16.0,0.4,0.8,0.5,52.9,75.5,89.3,72.0,5.0,19.8,12.0,0.2,0.7,0.4,-62.7,-27.5,28.9,-17.0,5.0,63.0,12.0,0.2,0.7,0.4,12.3,18.8,21.9,17.1,5.0,5.9,12.0,0.2,0.7,0.4,-19.7,-4.7,6.6,-5.8,5.0,16.9,12.0,0.2,0.7,0.4,76.5,216.0,365.0,290.5,9.0,292.5,16.0,0.3,0.8,0.4,75.0,215.0,365.0,290.0,9.0,290.0,16.0,0.3,0.8,0.4
1974,2,79.0,-4.0,27.8,27.8,27.8,27.8,1.0,0.0,22.0,0.0,0.5,1.0,27.8,27.8,27.8,27.8,1.0,0.0,22.0,0.0,0.5,1.0,16.25,16.25,16.25,16.25,1.0,0.0,22.0,0.0,0.5,1.0,69.4,69.4,69.4,69.4,1.0,0.0,22.0,0.0,1.0,7.7,7.7,7.7,7.7,1.0,0.0,22.0,0.0,0.5,1.0,7.24,7.24,7.24,7.24,1.0,0.0,22.0,0.0,0.5,1.0,-2.63,-2.63,-2.63,-2.63,1.0,0.0,22.0,0.0,0.5,1.0,1008.0,1008.0,1008.0,1008.0,1.0,0.0,22.0,0.0,0.5,1.0,0.0,0.0,0.0,0.0,1.0,0.0,22.0,0.0,0.5,1.0,55.7,55.7,55.7,55.7,1.0,0.0,22.0,0.0,0.5,1.0,-20.3,-20.3,-20.3,-20.3,1.0,0.0,22.0,0.0,0.5,1.0,0.0,0.0,0.0,0.0,1.0,0.0,22.0,0.0,0.5,1.0,0.0,0.0,0.0,0.0,1.0,0.0,22.0,0.0,0.5,1.0,7.26,7.26,7.26,7.26,1.0,0.0,22.0,0.0,0.5,1.0,55.9,55.9,55.9,55.9,1.0,0.0,22.0,0.0,0.5,1.0,201.2,201.2,201.2,201.2,1.0,0.0,22.0,0.0,0.5,1.0,-73.2,-73.2,-73.2,-73.2,1.0,0.0,22.0,0.0,0.5,1.0,117.5,117.5,117.5,117.5,1.0,0.0,22.0,0.0,0.5,1.0,-42.8,-42.8,-42.8,-42.8,1.0,0.0,22.0,0.0,0.5,1.0,52.5,52.5,52.5,52.5,1.0,0.0,22.0,0.0,0.5,1.0,-19.1,-19.1,-19.1,-19.1,1.0,0.0,22.0,0.0,0.5,1.0,456.5,456.5,456.5,456.5,1.0,0.0,22.0,0.0,0.5,1.0,455.0,455.0,455.0,455.0,1.0,0.0,22.0,0.0,0.5,1.0
1974,2,79.0,-3.0,26.88,27.05,27.22,27.05,2.0,0.35,12.0,1.0,0.6,0.5,27.72,27.75,27.78,27.75,2.0,0.07,12.0,1.0,0.6,0.5,17.42,17.63,17.84,17.63,2.0,0.44,12.0,1.0,0.6,0.5,75.0,75.6,76.2,75.6,2.0,1.3,12.0,1.0,0.5,1.57,2.8,4.03,2.8,2.0,2.55,12.0,1.0,0.6,0.5,0.47,1.48,2.49,1.48,2.0,2.09,12.0,1.0,0.6,0.5,-3.12,-2.26,-1.4,-2.26,2.0,1.78,12.0,1.0,0.6,0.5,1007.78,1009.45,1011.12,1009.45,2.0,3.46,12.0,1.0,0.6,0.5,3.2,3.5,3.8,3.5,2.0,0.7,12.0,1.0,0.6,0.5,2.2,6.8,11.4,6.8,2.0,9.6,12.0,1.0,0.6,0.5,-13.8,-8.6,-3.4,-8.6,2.0,10.8,12.0,1.0,0.6,0.5,-0.84,-0.7,-0.56,-0.7,2.0,0.28,12.0,1.0,0.6,0.5,-2.1,-1.6,-1.1,-1.6,2.0,1.0,12.0,1.0,0.6,0.5,4.77,4.82,4.87,4.82,2.0,0.11,12.0,1.0,0.6,0.5,7.6,13.6,19.7,13.6,2.0,12.6,12.0,1.0,0.6,0.5,13.0,41.1,69.2,41.1,2.0,58.1,12.0,1.0,0.6,0.5,-86.8,-62.8,-38.9,-62.8,2.0,49.7,12.0,1.0,0.6,0.5,8.4,26.5,44.6,26.5,2.0,37.5,12.0,1.0,0.6,0.5,-55.9,-40.3,-24.6,-40.3,2.0,32.5,12.0,1.0,0.6,0.5,2.3,7.2,12.2,7.2,2.0,10.2,12.0,1.0,0.6,0.5,-15.3,-11.0,-6.7,-11.0,2.0,8.8,12.0,1.0,0.6,0.5,16.5,49.0,82.0,49.0,2.0,68.0,12.0,1.0,0.6,0.5,15.0,50.0,80.0,50.0,2.0,70.0,12.0,1.0,0.6,0.5
1974,2,79.0,-2.0,28.0,28.0,28.0,28.0,1.0,0.0,8.0,1.0,0.8,1.0,26.2,26.2,26.2,26.2,1.0,0.0,8.0,1.0,0.8,1.0,17.56,17.56,17.56,17.56,1.0,0.0,8.0,1.0,0.8,1.0,82.6,82.6,82.6,82.6,1.0,0.0,8.0,1.0,1.0,2.1,2.1,2.1,2.1,1.0,0.0,8.0,1.0,0.8,1.0,1.35,1.35,1.35,1.35,1.0,0.0,8.0,1.0,0.8,1.0,-1.61,-1.61,-1.61,-1.61,1.0,0.0,8.0,1.0,0.8,1.0,1010.0,1010.0,1010.0,1010.0,1.0,0.0,8.0,1.0,0.8,1.0,5.0,5.0,5.0,5.0,1.0,0.0,8.0,1.0,0.8,1.0,2.8,2.8,2.8,2.8,1.0,0.0,8.0,1.0,0.8,1.0,-3.4,-3.4,-3.4,-3.4,1.0,0.0,8.0,1.0,0.8,1.0,1.8,1.8,1.8,1.8,1.0,0.0,8.0,1.0,0.8,1.0,3.8,3.8,3.8,3.8,1.0,0.0,8.0,1.0,0.8,1.0,6.17,6.17,6.17,6.17,1.0,0.0,8.0,1.0,0.8,1.0,13.0,13.0,13.0,13.0,1.0,0.0,8.0,1.0,0.8,1.0,35.4,35.4,35.4,35.4,1.0,0.0,8.0,1.0,0.8,1.0,-42.1,-42.1,-42.1,-42.1,1.0,0.0,8.0,1.0,0.8,1.0,23.7,23.7,23.7,23.7,1.0,0.0,8.0,1.0,0.8,1.0,-28.3,-28.3,-28.3,-28.3,1.0,0.0,8.0,1.0,0.8,1.0,8.3,8.3,8.3,8.3,1.0,0.0,8.0,1.0,0.8,1.0,-9.9,-9.9,-9.9,-9.9,1.0,0.0,8.0,1.0,0.8,1.0,9.5,9.5,9.5,9.5,1.0,0.0,8.0,1.0,0.8,1.0,10.0,10.0,10.0,10.0,1.0,0.0,8.0,1.0,0.8,1.0
1974,2,79.0,-1.0,27.74,28.05,28.36,28.05,2.0,0.64,12.0,1.0,0.7,0.6,25.87,26.65,27.43,26.65,2.0,1.63,12.0,1.0,0.7,0.6,16.53,17.24,17.96,17.24,2.0,1.49,12.0,1.0,0.7,0.6,78.6,79.0,79.3,79.0,2.0,0.8,12.0,1.0,0.6,2.34,2.85,3.36,2.85,2.0,1.06,12.0,1.0,0.7,0.6,-0.6,-0.36,-0.11,-0.36,2.0,0.51,12.0,1.0,0.7,0.6,-1.09,0.81,2.72,0.81,2.0,3.94,12.0,1.0,0.7,0.6,1011.33,1011.6,1011.87,1011.6,2.0,0.57,12.0,1.0,0.7,0.6,6.0,6.0,6.0,6.0,2.0,0.0,12.0,1.0,0.7,0.6,-1.3,-0.8,-0.2,-0.8,2.0,1.1,12.0,1.0,0.7,0.6,-1.4,4.4,10.2,4.4,2.0,12.1,12.0,1.0,0.7,0.6,0.92,1.4,1.88,1.4,2.0,0.99,12.0,1.0,0.7,0.6,2.4,4.5,6.6,4.5,2.0,4.3,12.0,1.0,0.7,0.6,6.24,6.53,6.82,6.53,2.0,0.6,12.0,1.0,0.7,0.6,14.8,18.9,23.1,18.9,2.0,8.6,12.0,1.0,0.7,0.6,-16.8,-10.0,-3.2,-10.0,2.0,14.1,12.0,1.0,0.7,0.6,-31.6,18.5,68.5,18.5,2.0,103.7,12.0,1.0,0.7,0.6,-11.1,-6.6,-2.1,-6.6,2.0,9.3,12.0,1.0,0.7,0.6,-21.1,11.1,43.3,11.1,2.0,66.7,12.0,1.0,0.7,0.6,-3.7,-2.2,-0.7,-2.2,2.0,3.1,12.0,1.0,0.7,0.6,-6.2,6.5,19.2,6.5,2.0,26.2,12.0,1.0,0.7,0.6,15.0,28.0,40.5,28.0,2.0,26.5,12.0,1.0,0.7,0.6,15.0,30.0,40.0,30.0,2.0,25.0,12.0,1.0,0.7,0.6
1974,2,79.0,0.0,27.5,28.9,29.0,28.47,7.0,0.72,20.0,0.7,0.5,0.3,27.36,27.8,28.21,27.7,7.0,0.64,20.0,0.7,0.5,0.3,16.6,17.36,18.46,17.44,7.0,0.88,20.0,0.7,0.5,0.3,68.7,74.2,80.1,75.2,7.0,6.0,20.0,0.7,0.3,0.0,2.1,6.8,3.01,7.0,3.39,20.0,0.7,0.5,0.3,-2.39,-0.72,0.03,-1.15,7.0,1.71,20.0,0.7,0.5,0.3,-6.36,-1.97,0.04,-2.47,7.0,3.25,20.0,0.7,0.5,0.3,1009.3,1010.1,1011.05,1010.24,7.0,1.05,20.0,0.7,0.5,0.3,2.9,5.0,6.0,4.6,7.0,2.4,20.0,0.7,0.5,0.3,-16.4,-1.5,0.0,-8.2,7.0,14.2,20.0,0.7,0.5,0.3,-43.3,-4.1,0.0,-16.7,7.0,26.4,20.0,0.7,0.5,0.3,0.48,0.8,1.02,0.77,7.0,0.41,20.0,0.7,0.5,0.3,0.0,0.9,2.7,2.1,7.0,3.3,20.0,0.7,0.5,0.3,5.32,7.83,8.44,6.98,7.0,1.75,20.0,0.7,0.5,0.3,0.0,11.6,47.0,18.9,7.0,22.0,20.0,0.7,0.5,0.3,-65.7,-20.0,0.9,-31.2,7.0,47.1,20.0,0.7,0.5,0.3,-174.7,-54.9,1.0,-67.5,7.0,89.2,20.0,0.7,0.5,0.3,-40.8,-13.4,0.5,-20.4,7.0,30.0,20.0,0.7,0.5,0.3,-108.4,-36.8,0.6,-43.7,7.0,56.4,20.0,0.7,0.5,0.3,-18.6,-4.1,0.3,-6.6,7.0,10.5,20.0,0.7,0.5,0.3,-40.9,-10.1,0.3,-15.1,7.0,21.8,20.0,0.7,0.5,0.3,0.0,9.5,318.0,141.0,7.0,253.5,20.0,0.7,0.5,0.3,0.0,10.0,320.0,140.0,7.0,255.0,20.0,0.7,0.5,0.3
1974,2,79.0,1.0,26.38,27.6,28.18,27.49,8.0,1.05,14.0,0.5,0.5,0.5,26.16,27.1,27.95,27.23,9.0,0.99,14.0,0.6,0.6,0.5,16.87,17.52,18.93,17.8,6.0,1.29,14.0,0.7,0.5,0.5,74.2,80.6,88.4,80.4,6.0,7.8,14.0,0.7,0.5,2.0,4.0,4.3,3.57,7.0,2.51,14.0,0.6,0.5,0.5,-2.82,-0.36,0.0,-1.09,7.0,1.36,14.0,0.6,0.5,0.5,-4.18,-2.6,-1.97,-3.26,7.0,2.37,14.0,0.6,0.5,0.5,1008.93,1009.7,1011.36,1010.07,9.0,1.3,14.0,0.6,0.6,0.5,2.0,3.0,7.7,4.3,9.0,2.9,14.0,0.6,0.6,0.5,-12.8,-0.8,0.0,-6.0,7.0,8.8,14.0,0.6,0.5,0.5,-18.3,-10.3,-4.1,-16.6,7.0,21.3,14.0,0.6,0.5,0.5,-0.62,0.25,2.03,0.48,8.0,1.38,14.0,0.5,0.5,0.5,-1.7,0.0,2.2,0.0,7.0,3.5,14.0,0.6,0.5,0.5,3.37,5.69,7.7,5.56,6.0,2.34,14.0,0.7,0.5,0.5,6.1,10.1,33.3,19.7,5.0,24.2,12.0,0.8,0.5,0.4,-78.8,-10.1,0.0,-30.2,7.0,37.8,14.0,0.6,0.5,0.5,-109.3,-71.5,-54.5,-88.5,7.0,66.1,14.0,0.6,0.5,0.5,-20.6,0.0,0.0,-10.4,5.0,19.8,12.0,0.8,0.5,0.4,-93.0,-45.4,-23.1,-56.2,5.0,46.7,12.0,0.8,0.5,0.4,-8.8,0.0,0.0,-4.6,5.0,9.3,12.0,0.8,0.5,0.4,-32.0,-9.9,-6.1,-18.9,5.0,22.6,12.0,0.8,0.5,0.4,9.0,64.0,92.0,110.5,7.0,196.5,14.0,0.6,0.5,0.5,10.0,65.0,90.0,110.0,7.0,195.0,14.0,0.6,0.5,0.5
1974,2,79.0,2.0,27.39,28.0,29.05,28.19,7.0,1.0,16.0,0.7,0.4,0.5,26.49,28.1,29.64,28.24,7.0,1.58,16.0,0.7,0.4,0.5,17.34,17.94,18.86,18.01,6.0,1.02,18.0,0.7,0.4,0.5,67.3,78.4,81.6,75.3,7.0,10.0,16.0,0.7,0.5,0.95,2.6,5.75,3.03,7.0,2.41,16.0,0.7,0.4,0.5,-1.46,0.0,0.54,-0.4,7.0,1.82,16.0,0.7,0.4,0.5,-4.46,-1.61,0.12,-1.97,7.0,2.92,16.0,0.7,0.4,0.5,1007.68,1010.15,1010.3,1009.32,6.0,1.42,18.0,0.7,0.4,0.5,1.0,3.0,4.0,2.6,7.0,1.7,16.0,0.7,0.4,0.5,-3.7,0.0,1.9,-1.3,7.0,10.6,16.0,0.7,0.4,0.5,-25.7,-3.4,0.3,-10.6,7.0,17.1,16.0,0.7,0.4,0.5,-1.49,0.9,1.31,-0.06,7.0,1.77,16.0,0.7,0.4,0.5,-3.6,0.0,2.6,-0.1,7.0,5.5,16.0,0.7,0.4,0.5,4.39,6.14,6.47,5.59,6.0,1.17,18.0,0.7,0.4,0.5,4.9,15.6,36.8,19.3,6.0,16.7,18.0,0.7,0.4,0.5,-41.9,0.0,15.3,-10.1,7.0,50.4,16.0,0.7,0.4,0.5,-119.1,-46.7,3.4,-56.0,7.0,83.3,16.0,0.7,0.4,0.5,-21.1,0.0,15.0,-4.3,6.0,34.1,18.0,0.7,0.4,0.5,-83.7,-36.2,9.9,-35.3,6.0,57.1,18.0,0.7,0.4,0.5,-6.6,0.0,5.4,-1.2,6.0,12.1,18.0,0.7,0.4,0.5,-29.8,-10.0,3.5,-11.8,6.0,20.2,18.0,0.7,0.4,0.5,1.0,17.5,190.5,77.5,7.0,118.0,16.0,0.7,0.4,0.5,0.0,20.0,190.0,80.0,7.0,120.0,16.0,0.7,0.4,0.5
1974,2,79.0,3.0,27.0,27.0,27.0,27.0,1.0,0.0,20.0,0.0,0.3,0.8,28.0,28.0,28.0,28.0,1.0,0.0,20.0,0.0,0.3,0.8,23.71,23.71,23.71,23.71,1.0,0.0,20.0,0.0,0.3,0.8,100.0,100.0,100.0,100.0,1.0,0.0,20.0,0.0,0.8,4.6,4.6,4.6,4.6,1.0,0.0,20.0,0.0,0.3,0.8,-1.57,-1.57,-1.57,-1.57,1.0,0.0,20.0,0.0,0.3,0.8,-4.32,-4.32,-4.32,-4.32,1.0,0.0,20.0,0.0,0.3,0.8,1011.2,1011.2,1011.2,1011.2,1.0,0.0,20.0,0.0,0.3,0.8,6.0,6.0,6.0,6.0,1.0,0.0,20.0,0.0,0.3,0.8,-7.2,-7.2,-7.2,-7.2,1.0,0.0,20.0,0.0,0.3,0.8,-19.9,-19.9,-19.9,-19.9,1.0,0.0,20.0,0.0,0.3,0.8,-1.0,-1.0,-1.0,-1.0,1.0,0.0,20.0,0.0,0.3,0.8,-4.6,-4.6,-4.6,-4.6,1.0,0.0,20.0,0.0,0.3,0.8,-1.37,-1.37,-1.37,-1.37,1.0,0.0,20.0,0.0,0.3,0.8,-6.3,-6.3,-6.3,-6.3,1.0,0.0,20.0,0.0,0.3,0.8,-44.1,-44.1,-44.1,-44.1,1.0,0.0,20.0,0.0,0.3,0.8,-121.0,-121.0,-121.0,-121.0,1.0,0.0,20.0,0.0,0.3,0.8,-37.3,-37.3,-37.3,-37.3,1.0,0.0,20.0,0.0,0.3,0.8,-102.5,-102.5,-102.5,-102.5,1.0,0.0,20.0,0.0,0.3,0.8,2.2,2.2,2.2,2.2,1.0,0.0,20.0,0.0,0.3,0.8,5.9,5.9,5.9,5.9,1.0,0.0,20.0,0.0,0.3,0.8,97.5,97.5,97.5,97.5,1.0,0.0,20.0,0.0,0.3,0.8,95.0,95.0,95.0,95.0,1.0,0.0,20.0,0.0,0.3,0.8
1974,2,79.0,4.0,27.72,27.75,27.78,27.75,2.0,0.07,16.0,0.5,0.5,0.2,25.14,26.1,27.06,26.1,3.0,1.4,18.0,0.3,0.5,0.3,17.17,17.54,18.08,17.62,3.0,0.67,18.0,0.3,0.5,0.3,76.7,83.1,90.6,83.7,3.0,10.2,18.0,0.3,0.3,2.13,6.7,7.38,4.8,3.0,4.19,18.0,0.3,0.5,0.3,-3.75,-1.16,-0.37,-2.04,3.0,2.59,18.0,0.3,0.5,0.3,-6.38,-5.9,-1.87,-4.17,3.0,3.62,18.0,0.3,0.5,0.3,1007.1,1010.1,1011.06,1009.1,3.0,3.03,18.0,0.3,0.5,0.3,2.0,4.0,6.7,4.3,3.0,3.5,18.0,0.3,0.5,0.3,-28.5,-7.8,-2.5,-15.3,3.0,20.1,18.0,0.3,0.5,0.3,-45.0,-44.2,-14.0,-29.9,3.0,25.9,18.0,0.3,0.5,0.3,0.66,1.65,2.64,1.65,2.0,2.05,16.0,0.5,0.5,0.2,3.8,11.9,20.1,11.9,2.0,16.9,16.0,0.5,0.5,0.2,5.33,5.77,6.21,5.77,2.0,0.91,16.0,0.5,0.5,0.2,6.3,19.7,33.2,19.7,2.0,27.9,16.0,0.5,0.5,0.2,-93.1,-30.4,-9.6,-50.9,3.0,63.7,18.0,0.3,0.5,0.3,-163.8,-145.7,-46.2,-106.0,3.0,92.7,18.0,0.3,0.5,0.3,-68.4,-20.4,-6.5,-37.0,3.0,47.6,18.0,0.3,0.5,0.3,-113.3,-108.1,-34.3,-74.6,3.0,64.7,18.0,0.3,0.5,0.3,-21.3,-12.7,-4.0,-12.7,2.0,17.9,16.0,0.5,0.5,0.2,-25.4,-15.1,-4.8,-15.1,2.0,21.4,16.0,0.5,0.5,0.2,95.5,301.0,407.0,252.5,3.0,232.0,18.0,0.3,0.5,0.3,95.0,300.0,405.0,250.0,3.0,230.0,18.0,0.3,0.5,0.3
1974,2,79.0,5.0,26.6,26.75,27.28,26.86,8.0,0.54,14.0,0.4,0.5,0.8,26.1,26.4,26.85,26.47,9.0,0.47,16.0,0.3,0.6,0.8,16.32,17.21,19.12,17.45,8.0,1.65,18.0,0.3,0.6,0.8,74.7,82.0,87.2,81.0,9.0,6.0,16.0,0.3,0.8,0.11,3.1,5.1,2.95,8.0,2.48,14.0,0.4,0.5,0.8,-2.83,0.0,0.79,-0.83,8.0,2.45,14.0,0.4,0.5,0.8,-4.55,-0.47,1.87,-1.15,8.0,2.79,14.0,0.4,0.5,0.8,1007.36,1009.35,1011.09,1009.3,8.0,2.14,18.0,0.3,0.6,0.8,2.0,4.0,7.0,4.2,9.0,2.6,16.0,0.3,0.6,0.8,-11.5,0.0,4.0,-4.5,8.0,14.2,14.0,0.4,0.5,0.8,-22.9,-0.5,3.9,-5.5,8.0,13.7,14.0,0.4,0.5,0.8,0.22,0.6,0.7,0.4,8.0,0.57,14.0,0.4,0.5,0.8,0.0,0.8,3.4,0.8,8.0,2.8,14.0,0.4,0.5,0.8,4.26,4.71,6.03,4.94,7.0,1.19,16.0,0.3,0.6,0.8,0.0,6.8,24.5,12.1,7.0,12.3,16.0,0.3,0.6,0.8,-74.7,0.0,21.2,-22.2,8.0,65.3,14.0,0.4,0.5,0.8,-119.4,-12.3,50.3,-30.1,8.0,74.4,14.0,0.4,0.5,0.8,-8.4,0.0,15.1,-2.4,7.0,25.7,16.0,0.3,0.6,0.8,-79.3,-16.7,2.0,-25.8,7.0,45.5,16.0,0.3,0.6,0.8,-2.1,0.0,4.5,-0.2,7.0,7.5,16.0,0.3,0.6,0.8,-24.1,-4.0,0.3,-8.8,7.0,13.3,16.0,0.3,0.6,0.8,0.0,39.0,132.5,73.0,8.0,88.0,14.0,0.4,0.5,0.8,0.0,40.0,135.0,75.0,8.0,90.0,14.0,0.4,0.5,0.8
1974,2,79.0,6.0,26.56,27.3,28.42,27.4,25.0,1.08,14.0,0.7,0.3,0.3,26.11,27.0,29.05,27.3,27.0,1.47,14.0,0.7,0.4,0.3,15.9,17.01,17.58,16.86,20.0,1.52,14.0,0.7,0.3,0.3,71.2,77.9,81.2,76.4,20.0,7.4,14.0,0.7,0.3,1.81,6.2,8.2,5.62,28.0,3.39,14.0,0.8,0.4,0.3,-3.88,0.0,2.04,-0.7,28.0,3.3,14.0,0.8,0.4,0.3,-7.7,-4.87,0.0,-4.57,28.0,3.35,14.0,0.8,0.4,0.3,1008.9,1010.1,1012.94,1010.91,28.0,2.58,14.0,0.8,0.4,0.3,1.4,4.0,7.0,4.1,29.0,2.5,14.0,0.8,0.3,0.3,-27.2,0.0,10.9,-8.7,28.0,31.5,14.0,0.8,0.4,0.3,-62.4,-28.4,0.0,-35.1,28.0,34.2,14.0,0.8,0.4,0.3,-0.47,0.5,1.37,0.25,24.0,1.32,14.0,0.7,0.3,0.3,-1.7,0.7,13.1,2.3,23.0,10.4,14.0,0.7,0.4,0.3,3.92,5.74,6.83,5.62,19.0,2.19,14.0,0.7,0.3,0.3,18.2,28.0,52.5,35.9,18.0,24.0,16.0,0.7,0.3,0.3,-116.6,0.0,62.5,-19.1,26.0,93.6,14.0,0.8,0.4,0.3,-213.2,-144.2,0.0,-131.0,26.0,87.2,14.0,0.8,0.4,0.3,-41.0,0.0,22.0,-13.4,19.0,46.8,16.0,0.7,0.3,0.3,-140.4,-93.0,1.0,-87.8,19.0,63.0,16.0,0.7,0.3,0.3,-29.4,0.0,7.1,-6.9,18.0,19.5,16.0,0.7,0.3,0.3,-51.7,-26.6,-6.2,-29.1,18.0,24.7,16.0,0.7,0.3,0.3,7.5,238.5,551.5,364.0,28.0,483.0,14.0,0.8,0.4,0.3,5.0,240.0,550.0,365.0,28.0,485.0,14.0,0.8,0.4,0.3
1974,2,80.0,-59.0,0.8,0.8,0.8,0.8,2.0,0.0,10.0,1.0,0.5,0.3,1.0,1.0,1.0,1.0,2.0,0.0,10.0,1.0,0.5,0.3,4.18,4.18,4.18,4.18,2.0,0.0,10.0,1.0,0.5,0.3,100.0,100.0,100.0,100.0,2.0,0.0,10.0,1.0,0.3,6.03,6.1,6.17,6.1,2.0,0.14,10.0,1.0,0.5,0.3,5.22,5.28,5.34,5.28,2.0,0.12,10.0,1.0,0.5,0.3,3.02,3.05,3.08,3.05,2.0,0.07,10.0,1.0,0.5,0.3,985.0,985.0,985.0,985.0,2.0,0.0,10.0,1.0,0.5,0.3,8.0,8.0,8.0,8.0,2.0,0.0,10.0,1.0,0.5,0.3,31.5,32.2,33.0,32.2,2.0,1.5,10.0,1.0,0.5,0.3,18.2,18.6,19.0,18.6,2.0,0.9,10.0,1.0,0.5,0.3,-0.2,-0.2,-0.2,-0.2,2.0,0.0,10.0,1.0,0.5,0.3,-1.2,-1.2,-1.2,-1.2,2.0,0.0,10.0,1.0,0.5,0.3,-0.06,-0.06,-0.06,-0.06,2.0,0.0,10.0,1.0,0.5,0.3,-0.4,-0.4,-0.4,-0.4,2.0,0.0,10.0,1.0,0.5,0.3,5.2,5.3,5.3,5.3,2.0,0.1,10.0,1.0,0.5,0.3,3.0,3.1,3.1,3.1,2.0,0.1,10.0,1.0,0.5,0.3,21.8,22.1,22.3,22.1,2.0,0.5,10.0,1.0,0.5,0.3,12.6,12.7,12.9,12.7,2.0,0.3,10.0,1.0,0.5,0.3,-0.3,-0.3,-0.3,-0.3,2.0,0.0,10.0,1.0,0.5,0.3,-0.2,-0.2,-0.2,-0.2,2.0,0.0,10.0,1.0,0.5,0.3,219.5,227.0,235.0,227.0,2.0,16.0,10.0,1.0,0.5,0.3,220.0,225.0,235.0,225.0,2.0,15.0,10.0,1.0,0.5,0.3
1974,2,80.0,-51.0,,,,,,,,,,,,,,,,,,,,,,,,,,,,,,,,,,,,,,,,3.6,3.6,3.6,3.6,1.0,0.0,12.0,1.0,0.0,1.0,3.38,3.38,3.38,3.38,1.0,0.0,12.0,1.0,0.0,1.0,-1.23,-1.23,-1.23,-1.23,1.0,0.0,12.0,1.0,0.0,1.0,1001.5,1001.5,1001.5,1001.5,1.0,0.0,12.0,1.0,0.0,1.0,,,,,,,,,,,,,,,,,,,,,,,,,,,,,,,,,,,,,,,,,,,,,,,,,,,,,,,,,,,,,,,,,,,,,,,,,,,,,,,,,,,,,,,,,,,,,,,,,,,,,,,,,,,,,,,,,,,,,,,,,,,,,,,,,,,,,,,,,,,,,,,,,,,,,,
1974,2,80.0,-44.0,11.0,11.0,11.0,11.0,1.0,0.0,4.0,1.0,0.4,0.5,10.0,10.0,10.0,10.0,1.0,0.0,4.0,1.0,0.4,0.5,5.82,5.82,5.82,5.82,1.0,0.0,4.0,1.0,0.4,0.5,77.8,77.8,77.8,77.8,1.0,0.0,4.0,1.0,0.5,4.6,4.6,4.6,4.6,1.0,0.0,4.0,1.0,0.4,0.5,3.98,3.98,3.98,3.98,1.0,0.0,4.0,1.0,0.4,0.5,2.3,2.3,2.3,2.3,1.0,0.0,4.0,1.0,0.4,0.5,1029.0,1029.0,1029.0,1029.0,1.0,0.0,4.0,1.0,0.4,0.5,3.0,3.0,3.0,3.0,1.0,0.0,4.0,1.0,0.4,0.5,18.3,18.3,18.3,18.3,1.0,0.0,4.0,1.0,0.4,0.5,10.6,10.6,10.6,10.6,1.0,0.0,4.0,1.0,0.4,0.5,1.0,1.0,1.0,1.0,1.0,0.0,4.0,1.0,0.4,0.5,4.6,4.6,4.6,4.6,1.0,0.0,4.0,1.0,0.4,0.5,2.19,2.19,2.19,2.19,1.0,0.0,4.0,1.0,0.4,0.5,10.1,10.1,10.1,10.1,1.0,0.0,4.0,1.0,0.4,0.5,39.8,39.8,39.8,39.8,1.0,0.0,4.0,1.0,0.4,0.5,23.0,23.0,23.0,23.0,1.0,0.0,4.0,1.0,0.4,0.5,23.2,23.2,23.2,23.2,1.0,0.0,4.0,1.0,0.4,0.5,13.4,13.4,13.4,13.4,1.0,0.0,4.0,1.0,0.4,0.5,8.7,8.7,8.7,8.7,1.0,0.0,4.0,1.0,0.4,0.5,5.0,5.0,5.0,5.0,1.0,0.0,4.0,1.0,0.4,0.5,97.5,97.5,97.5,97.5,1.0,0.0,4.0,1.0,0.4,0.5,95.0,95.0,95.0,95.0,1.0,0.0,4.0,1.0,0.4,0.5
1974,2,80.0,-43.0,13.0,13.0,13.0,13.0,1.0,0.0,4.0,1.0,0.8,0.8,11.4,11.4,11.4,11.4,1.0,0.0,4.0,1.0,0.8,0.8,5.97,5.97,5.97,5.97,1.0,0.0,4.0,1.0,0.8,0.8,72.8,72.8,72.8,72.8,1.0,0.0,4.0,1.0,0.8,2.6,2.6,2.6,2.6,1.0,0.0,4.0,1.0,0.8,0.8,1.3,1.3,1.3,1.3,1.0,0.0,4.0,1.0,0.8,0.8,2.25,2.25,2.25,2.25,1.0,0.0,4.0,1.0,0.8,0.8,1030.3,1030.3,1030.3,1030.3,1.0,0.0,4.0,1.0,0.8,0.8,1.0,1.0,1.0,1.0,1.0,0.0,4.0,1.0,0.8,0.8,3.4,3.4,3.4,3.4,1.0,0.0,4.0,1.0,0.8,0.8,5.9,5.9,5.9,5.9,1.0,0.0,4.0,1.0,0.8,0.8,1.6,1.6,1.6,1.6,1.0,0.0,4.0,1.0,0.8,0.8,4.2,4.2,4.2,4.2,1.0,0.0,4.0,1.0,0.8,0.8,3.16,3.16,3.16,3.16,1.0,0.0,4.0,1.0,0.8,0.8,8.2,8.2,8.2,8.2,1.0,0.0,4.0,1.0,0.8,0.8,14.8,14.8,14.8,14.8,1.0,0.0,4.0,1.0,0.8,0.8,25.7,25.7,25.7,25.7,1.0,0.0,4.0,1.0,0.8,0.8,7.8,7.8,7.8,7.8,1.0,0.0,4.0,1.0,0.8,0.8,13.4,13.4,13.4,13.4,1.0,0.0,4.0,1.0,0.8,0.8,4.1,4.1,4.1,4.1,1.0,0.0,4.0,1.0,0.8,0.8,7.1,7.1,7.1,7.1,1.0,0.0,4.0,1.0,0.8,0.8,17.5,17.5,17.5,17.5,1.0,0.0,4.0,1.0,0.8,0.8,20.0,20.0,20.0,20.0,1.0,0.0,4.0,1.0,0.8,0.8
1974,2,80.0,-40.0,15.16,15.5,15.84,15.5,2.0,0.71,6.0,1.0,0.6,0.6,17.49,18.1,18.71,18.1,2.0,1.27,6.0,1.0,0.6,0.6,10.81,11.07,11.34,11.07,2.0,0.55,6.0,1.0,0.6,0.6,86.1,87.6,89.0,87.6,2.0,3.1,6.0,1.0,0.6,1.9,3.85,5.8,3.85,2.0,4.03,6.0,1.0,0.6,0.6,1.59,3.62,5.65,3.62,2.0,4.21,6.0,1.0,0.6,0.6,-0.46,0.2,0.86,0.2,2.0,1.36,6.0,1.0,0.6,0.6,1030.58,1032.7,1034.82,1032.7,2.0,4.38,6.0,1.0,0.6,0.6,2.1,4.5,6.9,4.5,2.0,4.9,6.0,1.0,0.6,0.6,7.6,22.4,37.3,22.4,2.0,30.8,6.0,1.0,0.6,0.6,0.6,3.5,6.4,3.5,2.0,6.1,6.0,1.0,0.6,0.6,-2.87,-2.6,-2.33,-2.6,2.0,0.57,6.0,1.0,0.6,0.6,-17.3,-11.1,-5.0,-11.1,2.0,12.7,6.0,1.0,0.6,0.6,-0.36,-0.35,-0.34,-0.35,2.0,0.02,6.0,1.0,0.6,0.6,-2.1,-1.4,-0.7,-1.4,2.0,1.5,6.0,1.0,0.6,0.6,29.2,68.2,107.2,68.2,2.0,80.8,6.0,1.0,0.6,0.6,-7.6,4.5,16.5,4.5,2.0,24.9,6.0,1.0,0.6,0.6,17.8,41.3,64.7,41.3,2.0,48.6,6.0,1.0,0.6,0.6,-4.8,2.6,9.9,2.6,2.0,15.2,6.0,1.0,0.6,0.6,-2.0,-1.3,-0.6,-1.3,2.0,1.5,6.0,1.0,0.6,0.6,-0.3,-0.1,0.2,-0.1,2.0,0.5,6.0,1.0,0.6,0.6,48.5,151.0,253.0,151.0,2.0,212.0,6.0,1.0,0.6,0.6,50.0,150.0,255.0,150.0,2.0,210.0,6.0,1.0,0.6,0.6
1974,2,80.0,-37.0,,,,,,,,,,,,,,,,,,,,,,,,,,,,,,,,,,,,,,,,6.7,6.7,6.7,6.7,1.0,0.0,12.0,0.0,0.3,1.0,-1.16,-1.16,-1.16,-1.16,1.0,0.0,12.0,0.0,0.3,1.0,-6.6,-6.6,-6.6,-6.6,1.0,0.0,12.0,0.0,0.3,1.0,1024.0,1024.0,1024.0,1024.0,1.0,0.0,12.0,0.0,0.3,1.0,,,,,,,,,,,,,,,,,,,,,,,,,,,,,,,,,,,,,,,,,,,,,,,,,,,,,,,,,,,,,,,,,,,,,,,,,,,,,,,,,,,,,,,,,,,,,,,,,,,,,,,,,,,,,,,,,,,,,,,,,,,,,,,,,,,,,,,,,,,,,,,,,,,,,,
1974,2,80.0,-34.0,,,,,,,,,,,,,,,,,,,,,,,,,,,,,,,,,,,,,,,,4.0,4.0,4.0,4.0,1.0,0.0,24.0,0.0,0.9,0.9,1.37,1.37,1.37,1.37,1.0,0.0,24.0,0.0,0.9,0.9,3.76,3.76,3.76,3.76,1.0,0.0,24.0,0.0,0.9,0.9,1015.2,1015.2,1015.2,1015.2,1.0,0.0,24.0,0.0,0.9,0.9,,,,,,,,,,,,,,,,,,,,,,,,,,,,,,,,,,,,,,,,,,,,,,,,,,,,,,,,,,,,,,,,,,,,,,,,,,,,,,,,,,,,,,,,,,,,,,,,,,,,,,,,,,,,,,,,,,,,,,,,,,,,,,,,,,,,,,,,,,,,,,,,,,,,,,
1974,2,80.0,-31.0,21.92,21.95,21.98,21.95,2.0,0.07,12.0,0.5,0.0,0.8,21.72,21.75,21.78,21.75,2.0,0.07,12.0,0.5,0.0,0.8,12.65,13.02,13.39,13.02,2.0,0.76,12.0,0.5,0.0,0.8,79.0,81.1,83.1,81.1,2.0,4.3,12.0,0.5,0.8,5.27,5.65,6.03,5.65,2.0,0.78,12.0,0.5,0.0,0.8,-5.76,-5.01,-4.26,-5.01,2.0,1.55,12.0,0.5,0.0,0.8,-2.93,-2.18,-1.43,-2.18,2.0,1.56,12.0,0.5,0.0,0.8,1020.72,1020.75,1020.78,1020.75,2.0,0.07,12.0,0.5,0.0,0.8,4.6,6.0,7.4,6.0,2.0,2.8,12.0,0.5,0.0,0.8,-35.0,-28.9,-22.8,-28.9,2.0,12.7,12.0,0.5,0.0,0.8,-15.1,-11.7,-8.3,-11.7,2.0,7.1,12.0,0.5,0.0,0.8,0.13,0.2,0.27,0.2,2.0,0.14,12.0,0.5,0.0,0.8,0.8,1.1,1.4,1.1,2.0,0.6,12.0,0.5,0.0,0.8,2.87,3.27,3.67,3.27,2.0,0.83,12.0,0.5,0.0,0.8,17.1,18.2,19.2,18.2,2.0,2.1,12.0,0.5,0.0,0.8,-125.4,-108.9,-92.4,-108.9,2.0,34.2,12.0,0.5,0.0,0.8,-63.6,-47.3,-31.0,-47.3,2.0,33.7,12.0,0.5,0.0,0.8,-77.4,-65.8,-54.2,-65.8,2.0,24.0,12.0,0.5,0.0,0.8,-36.7,-27.8,-18.8,-27.8,2.0,18.6,12.0,0.5,0.0,0.8,-16.2,-15.7,-15.3,-15.7,2.0,0.9,12.0,0.5,0.0,0.8,-11.1,-7.8,-4.4,-7.8,2.0,6.9,12.0,0.5,0.0,0.8,149.5,185.5,221.5,185.5,2.0,74.5,12.0,0.5,0.0,0.8,150.0,185.0,220.0,185.0,2.0,75.0,12.0,0.5,0.0,0.8
1974,2,80.0,-29.0,23.0,23.0,23.0,23.0,1.0,0.0,4.0,1.0,0.5,0.5,21.8,21.8,21.8,21.8,1.0,0.0,4.0,1.0,0.5,0.5,11.68,11.68,11.68,11.68,1.0,0.0,4.0,1.0,0.5,0.5,72.8,72.8,72.8,72.8,1.0,0.0,4.0,1.0,0.5,8.7,8.7,8.7,8.7,1.0,0.0,4.0,1.0,0.5,0.5,-8.18,-8.18,-8.18,-8.18,1.0,0.0,4.0,1.0,0.5,0.5,2.98,2.98,2.98,2.98,1.0,0.0,4.0,1.0,0.5,0.5,1023.5,1023.5,1023.5,1023.5,1.0,0.0,4.0,1.0,0.5,0.5,4.0,4.0,4.0,4.0,1.0,0.0,4.0,1.0,0.5,0.5,-71.1,-71.1,-71.1,-71.1,1.0,0.0,4.0,1.0,0.5,0.5,25.9,25.9,25.9,25.9,1.0,0.0,4.0,1.0,0.5,0.5,1.2,1.2,1.2,1.2,1.0,0.0,4.0,1.0,0.5,0.5,10.4,10.4,10.4,10.4,1.0,0.0,4.0,1.0,0.5,0.5,5.65,5.65,5.65,5.65,1.0,0.0,4.0,1.0,0.5,0.5,49.1,49.1,49.1,49.1,1.0,0.0,4.0,1.0,0.5,0.5,-178.2,-178.2,-178.2,-178.2,1.0,0.0,4.0,1.0,0.5,0.5,64.9,64.9,64.9,64.9,1.0,0.0,4.0,1.0,0.5,0.5,-95.5,-95.5,-95.5,-95.5,1.0,0.0,4.0,1.0,0.5,0.5,34.8,34.8,34.8,34.8,1.0,0.0,4.0,1.0,0.5,0.5,-46.2,-46.2,-46.2,-46.2,1.0,0.0,4.0,1.0,0.5,0.5,16.8,16.8,16.8,16.8,1.0,0.0,4.0,1.0,0.5,0.5,658.5,658.5,658.5,658.5,1.0,0.0,4.0,1.0,0.5,0.5,660.0,660.0,660.0,660.0,1.0,0.0,4.0,1.0,0.5,0.5
1974,2,80.0,-28.0,22.3,22.3,22.3,22.3,1.0,0.0,4.0,0.0,0.5,0.7,20.7,20.7,20.7,20.7,1.0,0.0,4.0,0.0,0.5,0.7,12.78,12.78,12.78,12.78,1.0,0.0,4.0,0.0,0.5,0.7,85.1,85.1,85.1,85.1,1.0,0.0,4.0,0.0,0.7,13.4,13.4,13.4,13.4,1.0,0.0,4.0,0.0,0.5,0.7,-12.59,-12.59,-12.59,-12.59,1.0,0.0,4.0,0.0,0.5,0.7,4.58,4.58,4.58,4.58,1.0,0.0,4.0,0.0,0.5,0.7,1022.5,1022.5,1022.5,1022.5,1.0,0.0,4.0,0.0,0.5,0.7,7.0,7.0,7.0,7.0,1.0,0.0,4.0,0.0,0.5,0.7,-168.7,-168.7,-168.7,-168.7,1.0,0.0,4.0,0.0,0.5,0.7,61.4,61.4,61.4,61.4,1.0,0.0,4.0,0.0,0.5,0.7,1.6,1.6,1.6,1.6,1.0,0.0,4.0,0.0,0.5,0.7,21.4,21.4,21.4,21.4,1.0,0.0,4.0,0.0,0.5,0.7,3.83,3.83,3.83,3.83,1.0,0.0,4.0,0.0,0.5,0.7,51.4,51.4,51.4,51.4,1.0,0.0,4.0,0.0,0.5,0.7,-260.7,-260.7,-260.7,-260.7,1.0,0.0,4.0,0.0,0.5,0.7,94.9,94.9,94.9,94.9,1.0,0.0,4.0,0.0,0.5,0.7,-161.0,-161.0,-161.0,-161.0,1.0,0.0,4.0,0.0,0.5,0.7,58.6,58.6,58.6,58.6,1.0,0.0,4.0,0.0,0.5,0.7,-48.3,-48.3,-48.3,-48.3,1.0,0.0,4.0,0.0,0.5,0.7,17.6,17.6,17.6,17.6,1.0,0.0,4.0,0.0,0.5,0.7,2406.0,2406.0,2406.0,2406.0,1.0,0.0,4.0,0.0,0.5,0.7,2405.0,2405.0,2405.0,2405.0,1.0,0.0,4.0,0.0,0.5,0.7
1974,2,80.0,-25.0,23.0,23.0,23.0,23.0,1.0,0.0,26.0,1.0,0.1,1.0,24.5,24.5,24.5,24.5,1.0,0.0,26.0,1.0,0.1,1.0,16.0,16.0,16.0,16.0,1.0,0.0,26.0,1.0,0.1,1.0,83.4,83.4,83.4,83.4,1.0,0.0,26.0,1.0,1.0,7.7,7.7,7.7,7.7,1.0,0.0,26.0,1.0,0.1,1.0,-7.24,-7.24,-7.24,-7.24,1.0,0.0,26.0,1.0,0.1,1.0,2.63,2.63,2.63,2.63,1.0,0.0,26.0,1.0,0.1,1.0,1011.0,1011.0,1011.0,1011.0,1.0,0.0,26.0,1.0,0.1,1.0,8.0,8.0,8.0,8.0,1.0,0.0,26.0,1.0,0.1,1.0,-55.7,-55.7,-55.7,-55.7,1.0,0.0,26.0,1.0,0.1,1.0,20.3,20.3,20.3,20.3,1.0,0.0,26.0,1.0,0.1,1.0,-1.5,-1.5,-1.5,-1.5,1.0,0.0,26.0,1.0,0.1,1.0,-11.5,-11.5,-11.5,-11.5,1.0,0.0,26.0,1.0,0.1,1.0,1.55,1.55,1.55,1.55,1.0,0.0,26.0,1.0,0.1,1.0,11.9,11.9,11.9,11.9,1.0,0.0,26.0,1.0,0.1,1.0,-177.3,-177.3,-177.3,-177.3,1.0,0.0,26.0,1.0,0.1,1.0,64.5,64.5,64.5,64.5,1.0,0.0,26.0,1.0,0.1,1.0,-115.8,-115.8,-115.8,-115.8,1.0,0.0,26.0,1.0,0.1,1.0,42.1,42.1,42.1,42.1,1.0,0.0,26.0,1.0,0.1,1.0,-11.2,-11.2,-11.2,-11.2,1.0,0.0,26.0,1.0,0.1,1.0,4.1,4.1,4.1,4.1,1.0,0.0,26.0,1.0,0.1,1.0,456.5,456.5,456.5,456.5,1.0,0.0,26.0,1.0,0.1,1.0,455.0,455.0,455.0,455.0,1.0,0.0,26.0,1.0,0.1,1.0
1974,2,80.0,-24.0,25.0,25.0,25.0,25.0,1.0,0.0,28.0,1.0,0.2,1.0,25.2,25.2,25.2,25.2,1.0,0.0,28.0,1.0,0.2,1.0,16.68,16.68,16.68,16.68,1.0,0.0,28.0,1.0,0.2,1.0,83.5,83.5,83.5,83.5,1.0,0.0,28.0,1.0,1.0,7.7,7.7,7.7,7.7,1.0,0.0,28.0,1.0,0.2,1.0,-7.58,-7.58,-7.58,-7.58,1.0,0.0,28.0,1.0,0.2,1.0,1.34,1.34,1.34,1.34,1.0,0.0,28.0,1.0,0.2,1.0,1012.3,1012.3,1012.3,1012.3,1.0,0.0,28.0,1.0,0.2,1.0,8.0,8.0,8.0,8.0,1.0,0.0,28.0,1.0,0.2,1.0,-58.4,-58.4,-58.4,-58.4,1.0,0.0,28.0,1.0,0.2,1.0,10.3,10.3,10.3,10.3,1.0,0.0,28.0,1.0,0.2,1.0,-0.2,-0.2,-0.2,-0.2,1.0,0.0,28.0,1.0,0.2,1.0,-1.5,-1.5,-1.5,-1.5,1.0,0.0,28.0,1.0,0.2,1.0,3.11,3.11,3.11,3.11,1.0,0.0,28.0,1.0,0.2,1.0,23.9,23.9,23.9,23.9,1.0,0.0,28.0,1.0,0.2,1.0,-191.1,-191.1,-191.1,-191.1,1.0,0.0,28.0,1.0,0.2,1.0,33.7,33.7,33.7,33.7,1.0,0.0,28.0,1.0,0.2,1.0,-126.5,-126.5,-126.5,-126.5,1.0,0.0,28.0,1.0,0.2,1.0,22.3,22.3,22.3,22.3,1.0,0.0,28.0,1.0,0.2,1.0,-23.6,-23.6,-23.6,-23.6,1.0,0.0,28.0,1.0,0.2,1.0,4.2,4.2,4.2,4.2,1.0,0.0,28.0,1.0,0.2,1.0,456.5,456.5,456.5,456.5,1.0,0.0,28.0,1.0,0.2,1.0,455.0,455.0,455.0,455.0,1.0,0.0,28.0,1.0,0.2,1.0
1974,2,80.0,-22.0,24.56,24.7,24.77,24.67,3.0,0.15,10.0,0.3,0.1,0.9,22.82,23.5,23.84,23.33,3.0,0.76,10.0,0.3,0.1,0.9,11.67,12.83,13.99,12.83,2.0,2.4,12.0,0.0,0.0,0.9,64.6,70.2,75.7,70.2,2.0,11.6,12.0,0.0,0.9,7.53,9.3,12.78,10.13,3.0,3.92,10.0,0.3,0.1,0.9,-11.5,-7.12,-6.22,-8.82,3.0,4.13,10.0,0.3,0.1,0.9,3.85,4.93,5.64,4.75,3.0,1.32,10.0,0.3,0.1,0.9,1013.53,1013.6,1013.74,1013.63,3.0,0.15,10.0,0.3,0.1,0.9,4.6,8.0,8.0,6.3,3.0,2.9,10.0,0.3,0.1,0.9,-154.0,-66.3,-47.6,-100.0,3.0,83.3,10.0,0.3,0.1,0.9,33.0,55.6,66.1,49.7,3.0,24.8,10.0,0.3,0.1,0.9,0.89,1.3,1.78,1.33,3.0,0.65,10.0,0.3,0.1,0.9,7.2,8.7,22.4,14.7,3.0,12.3,10.0,0.3,0.1,0.9,5.43,6.63,7.84,6.63,2.0,2.49,12.0,0.0,0.0,0.9,47.1,50.8,54.5,50.8,2.0,7.7,12.0,0.0,0.0,0.9,-262.1,-171.0,-147.3,-203.9,3.0,88.8,10.0,0.3,0.1,0.9,88.9,110.8,133.1,111.0,3.0,32.4,10.0,0.3,0.1,0.9,-97.4,-84.1,-70.8,-84.1,2.0,27.5,12.0,0.0,0.0,0.9,45.2,62.1,79.0,62.1,2.0,35.1,12.0,0.0,0.0,0.9,-46.5,-41.7,-36.9,-41.7,2.0,9.9,12.0,0.0,0.0,0.9,28.3,28.6,29.0,28.6,2.0,0.7,12.0,0.0,0.0,0.9,460.5,804.5,2293.5,1363.5,3.0,1427.5,10.0,0.3,0.1,0.9,460.0,805.0,2295.0,1365.0,3.0,1425.0,10.0,0.3,0.1,0.9
1974,2,80.0,-21.0,26.0,26.0,26.0,26.0,1.0,0.0,6.0,1.0,0.6,0.3,25.6,25.6,25.6,25.6,1.0,0.0,6.0,1.0,0.6,0.3,16.47,16.47,16.47,16.47,1.0,0.0,6.0,1.0,0.6,0.3,80.5,80.5,80.5,80.5,1.0,0.0,6.0,1.0,0.3,14.4,14.4,14.4,14.4,1.0,0.0,6.0,1.0,0.6,0.3,-14.18,-14.18,-14.18,-14.18,1.0,0.0,6.0,1.0,0.6,0.3,2.5,2.5,2.5,2.5,1.0,0.0,6.0,1.0,0.6,0.3,1013.0,1013.0,1013.0,1013.0,1.0,0.0,6.0,1.0,0.6,0.3,3.0,3.0,3.0,3.0,1.0,0.0,6.0,1.0,0.6,0.3,-204.2,-204.2,-204.2,-204.2,1.0,0.0,6.0,1.0,0.6,0.3,36.0,36.0,36.0,36.0,1.0,0.0,6.0,1.0,0.6,0.3,0.4,0.4,0.4,0.4,1.0,0.0,6.0,1.0,0.6,0.3,5.8,5.8,5.8,5.8,1.0,0.0,6.0,1.0,0.6,0.3,4.54,4.54,4.54,4.54,1.0,0.0,6.0,1.0,0.6,0.3,65.3,65.3,65.3,65.3,1.0,0.0,6.0,1.0,0.6,0.3,-363.0,-363.0,-363.0,-363.0,1.0,0.0,6.0,1.0,0.6,0.3,64.0,64.0,64.0,64.0,1.0,0.0,6.0,1.0,0.6,0.3,-233.5,-233.5,-233.5,-233.5,1.0,0.0,6.0,1.0,0.6,0.3,41.2,41.2,41.2,41.2,1.0,0.0,6.0,1.0,0.6,0.3,-64.3,-64.3,-64.3,-64.3,1.0,0.0,6.0,1.0,0.6,0.3,11.3,11.3,11.3,11.3,1.0,0.0,6.0,1.0,0.6,0.3,2986.0,2986.0,2986.0,2986.0,1.0,0.0,6.0,1.0,0.6,0.3,2985.0,2985.0,2985.0,2985.0,1.0,0.0,6.0,1.0,0.6,0.3
1974,2,80.0,-20.0,,,,,,,,,,,,,,,,,,,,,,,,,,,,,,,,,,,,,,,,6.2,6.2,6.2,6.2,1.0,0.0,14.0,1.0,0.4,0.3,-5.37,-5.37,-5.37,-5.37,1.0,0.0,14.0,1.0,0.4,0.3,3.1,3.1,3.1,3.1,1.0,0.0,14.0,1.0,0.4,0.3,1015.0,1015.0,1015.0,1015.0,1.0,0.0,14.0,1.0,0.4,0.3,2.0,2.0,2.0,2.0,1.0,0.0,14.0,1.0,0.4,0.3,-33.3,-33.3,-33.3,-33.3,1.0,0.0,14.0,1.0,0.4,0.3,19.2,19.2,19.2,19.2,1.0,0.0,14.0,1.0,0.4,0.3,,,,,,,,,,,,,,,,,,,,,,,,,,,,,,,,,,,,,,,,,-139.6,-139.6,-139.6,-139.6,1.0,0.0,14.0,1.0,0.4,0.3,80.6,80.6,80.6,80.6,1.0,0.0,14.0,1.0,0.4,0.3,-86.6,-86.6,-86.6,-86.6,1.0,0.0,14.0,1.0,0.4,0.3,50.0,50.0,50.0,50.0,1.0,0.0,14.0,1.0,0.4,0.3,,,,,,,,,,,,,,,,,,,,,,,,,,,,,,,,,,,,,,,,
1974,2,80.0,-19.0,25.5,25.5,25.5,25.5,1.0,0.0,20.0,1.0,0.2,0.3,28.5,28.5,28.5,28.5,1.0,0.0,20.0,1.0,0.2,0.3,17.56,17.56,17.56,17.56,1.0,0.0,20.0,1.0,0.2,0.3,72.1,72.1,72.1,72.1,1.0,0.0,20.0,1.0,0.3,11.8,11.8,11.8,11.8,1.0,0.0,20.0,1.0,0.2,0.3,-7.58,-7.58,-7.58,-7.58,1.0,0.0,20.0,1.0,0.2,0.3,9.04,9.04,9.04,9.04,1.0,0.0,20.0,1.0,0.2,0.3,1010.2,1010.2,1010.2,1010.2,1.0,0.0,20.0,1.0,0.2,0.3,5.0,5.0,5.0,5.0,1.0,0.0,20.0,1.0,0.2,0.3,-89.5,-89.5,-89.5,-89.5,1.0,0.0,20.0,1.0,0.2,0.3,106.7,106.7,106.7,106.7,1.0,0.0,20.0,1.0,0.2,0.3,-3.0,-3.0,-3.0,-3.0,1.0,0.0,20.0,1.0,0.2,0.3,-35.4,-35.4,-35.4,-35.4,1.0,0.0,20.0,1.0,0.2,0.3,2.88,2.88,2.88,2.88,1.0,0.0,20.0,1.0,0.2,0.3,34.0,34.0,34.0,34.0,1.0,0.0,20.0,1.0,0.2,0.3,-216.2,-216.2,-216.2,-216.2,1.0,0.0,20.0,1.0,0.2,0.3,257.6,257.6,257.6,257.6,1.0,0.0,20.0,1.0,0.2,0.3,-133.2,-133.2,-133.2,-133.2,1.0,0.0,20.0,1.0,0.2,0.3,158.7,158.7,158.7,158.7,1.0,0.0,20.0,1.0,0.2,0.3,-21.8,-21.8,-21.8,-21.8,1.0,0.0,20.0,1.0,0.2,0.3,26.0,26.0,26.0,26.0,1.0,0.0,20.0,1.0,0.2,0.3,1643.0,1643.0,1643.0,1643.0,1.0,0.0,20.0,1.0,0.2,0.3,1645.0,1645.0,1645.0,1645.0,1.0,0.0,20.0,1.0,0.2,0.3
1974,2,80.0,-16.0,26.5,26.5,26.5,26.5,1.0,0.0,8.0,0.0,0.5,0.3,26.5,26.5,26.5,26.5,1.0,0.0,8.0,0.0,0.5,0.3,18.24,18.24,18.24,18.24,1.0,0.0,8.0,0.0,0.5,0.3,84.1,84.1,84.1,84.1,1.0,0.0,8.0,0.0,0.3,7.7,7.7,7.7,7.7,1.0,0.0,8.0,0.0,0.5,0.3,-6.67,-6.67,-6.67,-6.67,1.0,0.0,8.0,0.0,0.5,0.3,3.85,3.85,3.85,3.85,1.0,0.0,8.0,0.0,0.5,0.3,1009.0,1009.0,1009.0,1009.0,1.0,0.0,8.0,0.0,0.5,0.3,4.0,4.0,4.0,4.0,1.0,0.0,8.0,0.0,0.5,0.3,-51.3,-51.3,-51.3,-51.3,1.0,0.0,8.0,0.0,0.5,0.3,29.6,29.6,29.6,29.6,1.0,0.0,8.0,0.0,0.5,0.3,0.0,0.0,0.0,0.0,1.0,0.0,8.0,0.0,0.5,0.3,0.0,0.0,0.0,0.0,1.0,0.0,8.0,0.0,0.5,0.3,3.49,3.49,3.49,3.49,1.0,0.0,8.0,0.0,0.5,0.3,26.9,26.9,26.9,26.9,1.0,0.0,8.0,0.0,0.5,0.3,-176.7,-176.7,-176.7,-176.7,1.0,0.0,8.0,0.0,0.5,0.3,102.0,102.0,102.0,102.0,1.0,0.0,8.0,0.0,0.5,0.3,-121.6,-121.6,-121.6,-121.6,1.0,0.0,8.0,0.0,0.5,0.3,70.2,70.2,70.2,70.2,1.0,0.0,8.0,0.0,0.5,0.3,-23.3,-23.3,-23.3,-23.3,1.0,0.0,8.0,0.0,0.5,0.3,13.4,13.4,13.4,13.4,1.0,0.0,8.0,0.0,0.5,0.3,456.5,456.5,456.5,456.5,1.0,0.0,8.0,0.0,0.5,0.3,455.0,455.0,455.0,455.0,1.0,0.0,8.0,0.0,0.5,0.3
1974,2,80.0,-13.0,27.2,27.2,27.2,27.2,1.0,0.0,28.0,1.0,0.2,0.7,28.9,28.9,28.9,28.9,1.0,0.0,28.0,1.0,0.2,0.7,22.37,22.37,22.37,22.37,1.0,0.0,28.0,1.0,0.2,0.7,89.5,89.5,89.5,89.5,1.0,0.0,28.0,1.0,0.7,,,,,,,,,,,,,,,,,,,,,,,,,,,,,,,,,,,,,,,,,,,,,,,,,,,,,,,,,,,,,,,,,,,,,,,,,,,,,,,,,,,,,,,,,,,,,,,,,,,,,,,,,,,,,,,,,,,,,,,,,,,,,,,,,,,,,,,,,,,,,,,,,,,,,,,,,,,,,,,,,,,,,,,,,,,,,,,,,,,,,,,,,,,,,,
1974,2,80.0,-12.0,27.82,28.3,28.78,28.3,2.0,0.99,14.0,0.5,0.8,0.5,24.88,26.2,27.42,26.15,4.0,1.54,12.0,0.8,0.5,0.6,16.09,17.28,18.23,17.16,3.0,1.57,14.0,0.7,0.6,0.6,71.8,83.2,88.4,80.2,3.0,12.4,14.0,0.7,0.6,5.1,7.45,9.01,7.08,4.0,2.39,12.0,0.8,0.5,0.6,-5.63,-1.29,3.6,-1.03,4.0,5.65,12.0,0.8,0.5,0.6,-5.75,-0.45,4.97,-0.4,4.0,6.24,12.0,0.8,0.5,0.6,1006.18,1009.95,1012.72,1009.48,4.0,4.38,12.0,0.8,0.5,0.6,4.0,5.5,7.0,5.5,4.0,1.7,12.0,0.8,0.5,0.6,-46.5,-9.5,28.2,-9.1,4.0,48.5,12.0,0.8,0.5,0.6,-44.4,-6.8,36.6,-4.0,4.0,50.0,12.0,0.8,0.5,0.6,0.15,0.9,1.65,0.9,2.0,1.56,14.0,0.5,0.8,0.5,1.2,7.8,14.3,7.8,2.0,13.6,14.0,0.5,0.8,0.5,6.82,7.16,7.5,7.16,2.0,0.71,14.0,0.5,0.8,0.5,60.1,64.6,69.2,64.6,2.0,9.4,14.0,0.5,0.8,0.5,-150.1,-30.8,96.1,-27.2,4.0,152.5,12.0,0.8,0.5,0.6,-149.4,-9.0,133.7,-7.9,4.0,166.1,12.0,0.8,0.5,0.6,-97.4,-68.9,49.4,-25.1,3.0,114.1,14.0,0.7,0.6,0.6,-111.0,-82.1,37.4,-37.9,3.0,115.2,14.0,0.7,0.6,0.6,-40.0,-8.7,22.7,-8.7,2.0,65.0,14.0,0.5,0.8,0.5,-30.1,0.7,31.5,0.7,2.0,63.8,14.0,0.5,0.8,0.5,149.5,448.5,735.0,442.5,4.0,346.0,12.0,0.8,0.5,0.6,150.0,450.0,735.0,445.0,4.0,345.0,12.0,0.8,0.5,0.6
1974,2,80.0,-8.0,26.7,26.7,26.7,26.7,1.0,0.0,8.0,0.0,0.8,0.8,25.74,26.25,26.76,26.25,2.0,1.06,16.0,0.0,0.8,0.9,17.43,17.5,17.57,17.5,2.0,0.14,16.0,0.0,0.8,0.9,79.8,81.9,84.0,81.9,2.0,4.4,16.0,0.0,0.9,2.42,3.1,3.78,3.1,2.0,1.41,16.0,0.0,0.8,0.9,-1.27,0.52,2.31,0.52,2.0,3.71,16.0,0.0,0.8,0.9,0.42,1.32,2.22,1.32,2.0,1.86,16.0,0.0,0.8,0.9,1007.16,1007.5,1007.84,1007.5,2.0,0.71,16.0,0.0,0.8,0.9,0.8,2.5,4.2,2.5,2.0,3.5,16.0,0.0,0.8,0.9,-1.7,4.2,10.1,4.2,2.0,12.2,16.0,0.0,0.8,0.9,1.7,5.4,9.1,5.4,2.0,7.6,16.0,0.0,0.8,0.9,1.2,1.2,1.2,1.2,1.0,0.0,8.0,0.0,0.8,0.8,2.5,2.5,2.5,2.5,1.0,0.0,8.0,0.0,0.8,0.8,4.63,4.63,4.63,4.63,1.0,0.0,8.0,0.0,0.8,0.8,9.7,9.7,9.7,9.7,1.0,0.0,8.0,0.0,0.8,0.8,-31.6,15.6,62.8,15.6,2.0,97.8,16.0,0.0,0.8,0.9,11.3,35.6,59.9,35.6,2.0,50.3,16.0,0.0,0.8,0.9,-22.0,9.4,40.7,9.4,2.0,64.9,16.0,0.0,0.8,0.9,7.4,23.2,39.0,23.2,2.0,32.8,16.0,0.0,0.8,0.9,-9.7,-9.7,-9.7,-9.7,1.0,0.0,8.0,0.0,0.8,0.8,0.0,0.0,0.0,0.0,1.0,0.0,8.0,0.0,0.8,0.8,18.5,39.0,59.5,39.0,2.0,42.0,16.0,0.0,0.8,0.9,20.0,40.0,60.0,40.0,2.0,40.0,16.0,0.0,0.8,0.9
1974,2,80.0,-6.0,26.76,26.9,28.33,27.53,3.0,1.27,20.0,0.7,0.3,0.6,25.5,25.7,27.61,26.53,3.0,1.71,20.0,0.7,0.3,0.6,17.4,18.86,20.2,18.8,3.0,2.05,20.0,0.7,0.3,0.6,82.4,85.3,90.2,86.3,3.0,5.8,20.0,0.7,0.6,7.02,7.7,8.04,7.53,3.0,0.76,20.0,0.7,0.3,0.6,6.21,7.1,7.43,6.83,3.0,0.92,20.0,0.7,0.3,0.6,-3.86,-3.35,-0.15,-2.04,3.0,2.95,20.0,0.7,0.3,0.6,1007.11,1009.5,1009.64,1008.4,3.0,2.08,20.0,0.7,0.3,0.6,6.3,7.0,7.0,6.7,3.0,0.6,20.0,0.7,0.3,0.6,45.0,58.2,58.3,51.8,3.0,11.2,20.0,0.7,0.3,0.6,-30.1,-22.4,-0.1,-15.3,3.0,22.8,20.0,0.7,0.3,0.6,0.72,1.2,1.27,1.0,3.0,0.44,20.0,0.7,0.3,0.6,5.4,8.0,9.4,7.4,3.0,3.0,20.0,0.7,0.3,0.6,3.57,4.37,5.15,4.36,3.0,1.16,20.0,0.7,0.3,0.6,28.2,35.8,36.6,32.5,3.0,6.8,20.0,0.7,0.3,0.6,162.9,192.6,199.3,181.4,3.0,28.4,20.0,0.7,0.3,0.6,-107.1,-86.1,-4.1,-56.3,3.0,79.7,20.0,0.7,0.3,0.6,111.6,143.0,146.3,129.3,3.0,28.0,20.0,0.7,0.3,0.6,-76.1,-56.0,-0.6,-38.7,3.0,57.3,20.0,0.7,0.3,0.6,26.4,31.0,31.7,29.1,3.0,4.2,20.0,0.7,0.3,0.6,-18.3,-17.9,-2.8,-10.7,3.0,13.0,20.0,0.7,0.3,0.6,350.0,456.5,521.5,436.0,3.0,126.5,20.0,0.7,0.3,0.6,350.0,455.0,520.0,435.0,3.0,125.0,20.0,0.7,0.3,0.6
1974,2,80.0,-5.0,27.0,27.8,28.97,27.79,21.0,0.95,18.0,0.7,0.4,0.5,25.87,26.7,28.13,26.85,22.0,1.15,18.0,0.7,0.4,0.6,16.67,17.68,18.96,17.81,15.0,1.13,18.0,0.8,0.4,0.5,74.2,81.2,85.7,80.8,15.0,6.1,18.0,0.8,0.5,3.09,5.1,7.1,5.14,23.0,2.38,18.0,0.7,0.4,0.6,2.06,4.37,6.06,4.07,23.0,2.48,18.0,0.7,0.4,0.6,-4.3,-2.3,0.79,-1.67,23.0,2.63,18.0,0.7,0.4,0.6,1007.07,1009.25,1010.57,1009.0,22.0,1.64,18.0,0.7,0.4,0.6,3.0,5.0,7.0,5.0,23.0,1.9,18.0,0.7,0.4,0.6,6.3,24.4,42.9,25.9,23.0,24.5,18.0,0.7,0.4,0.6,-28.0,-10.6,2.8,-11.3,23.0,18.4,18.0,0.7,0.4,0.6,-0.45,0.7,1.78,0.89,21.0,1.22,18.0,0.7,0.4,0.5,-2.0,3.0,12.3,5.3,21.0,8.5,18.0,0.7,0.4,0.5,3.9,5.14,5.73,5.27,15.0,1.45,18.0,0.8,0.4,0.5,15.3,20.7,36.5,27.4,15.0,17.4,18.0,0.8,0.4,0.5,61.0,120.5,161.4,114.4,22.0,63.8,18.0,0.7,0.4,0.6,-114.0,-60.4,22.6,-47.2,22.0,70.4,18.0,0.7,0.4,0.6,38.2,70.5,94.1,66.4,15.0,41.6,18.0,0.8,0.4,0.5,-72.6,-31.2,20.1,-23.1,15.0,51.5,18.0,0.8,0.4,0.5,10.5,15.6,33.6,21.0,15.0,17.8,18.0,0.8,0.4,0.5,-20.0,-9.0,6.7,-7.9,15.0,16.0,18.0,0.8,0.4,0.5,32.0,132.5,358.5,222.0,23.0,278.0,18.0,0.7,0.4,0.6,30.0,135.0,360.0,220.0,23.0,280.0,18.0,0.7,0.4,0.6
1974,2,80.0,-4.0,26.83,26.9,26.97,26.9,2.0,0.14,20.0,1.0,0.7,0.2,26.93,27.2,27.47,27.2,2.0,0.57,20.0,1.0,0.7,0.2,18.06,18.2,18.33,18.2,2.0,0.28,20.0,1.0,0.7,0.2,78.7,80.5,82.3,80.5,2.0,3.7,20.0,1.0,0.2,3.42,4.1,4.78,4.1,2.0,1.41,20.0,1.0,0.7,0.2,2.79,3.7,4.6,3.7,2.0,1.87,20.0,1.0,0.7,0.2,-1.82,-1.44,-1.06,-1.44,2.0,0.78,20.0,1.0,0.7,0.2,1007.09,1008.15,1009.21,1008.15,2.0,2.19,20.0,1.0,0.7,0.2,2.6,4.0,5.4,4.0,2.0,2.8,20.0,1.0,0.7,0.2,10.3,16.5,22.7,16.5,2.0,12.9,20.0,1.0,0.7,0.2,-5.9,-5.3,-4.8,-5.3,2.0,1.2,20.0,1.0,0.7,0.2,-0.5,-0.3,-0.1,-0.3,2.0,0.42,20.0,1.0,0.7,0.2,-1.6,-0.9,-0.3,-0.9,2.0,1.3,20.0,1.0,0.7,0.2,3.88,4.08,4.28,4.08,2.0,0.41,20.0,1.0,0.7,0.2,14.5,16.4,18.4,16.4,2.0,4.1,20.0,1.0,0.7,0.2,76.5,100.1,123.6,100.1,2.0,48.8,20.0,1.0,0.7,0.2,-50.0,-39.4,-28.7,-39.4,2.0,22.1,20.0,1.0,0.7,0.2,50.6,67.6,84.5,67.6,2.0,35.1,20.0,1.0,0.7,0.2,-32.8,-26.1,-19.4,-26.1,2.0,13.8,20.0,1.0,0.7,0.2,11.7,14.7,17.6,14.7,2.0,6.1,20.0,1.0,0.7,0.2,-7.9,-6.0,-4.2,-6.0,2.0,3.8,20.0,1.0,0.7,0.2,46.0,81.0,116.5,81.0,2.0,72.5,20.0,1.0,0.7,0.2,45.0,80.0,115.0,80.0,2.0,75.0,20.0,1.0,0.7,0.2
1974,2,80.0,-3.0,26.86,27.2,27.54,27.2,2.0,0.71,24.0,0.5,0.8,0.6,28.22,28.25,28.28,28.25,2.0,0.07,24.0,0.5,0.8,0.6,17.24,17.77,18.3,17.77,2.0,1.1,24.0,0.5,0.8,0.6,71.5,73.9,76.4,73.9,2.0,5.0,24.0,0.5,0.6,4.6,4.6,4.6,4.6,2.0,0.0,24.0,0.5,0.8,0.6,3.6,3.75,3.91,3.75,2.0,0.33,24.0,0.5,0.8,0.6,-2.85,-2.63,-2.4,-2.63,2.0,0.46,24.0,0.5,0.8,0.6,1006.68,1008.15,1009.62,1008.15,2.0,3.04,24.0,0.5,0.8,0.6,1.3,2.0,2.7,2.0,2.0,1.4,24.0,0.5,0.8,0.6,16.5,17.3,18.0,17.3,2.0,1.5,24.0,0.5,0.8,0.6,-13.1,-12.1,-11.1,-12.1,2.0,2.1,24.0,0.5,0.8,0.6,-1.43,-1.05,-0.67,-1.05,2.0,0.78,24.0,0.5,0.8,0.6,-6.6,-4.8,-3.1,-4.8,2.0,3.6,24.0,0.5,0.8,0.6,4.81,4.91,5.01,4.91,2.0,0.21,24.0,0.5,0.8,0.6,22.1,22.6,23.1,22.6,2.0,1.0,24.0,0.5,0.8,0.6,101.7,106.0,110.3,106.0,2.0,8.9,24.0,0.5,0.8,0.6,-80.7,-74.3,-67.8,-74.3,2.0,13.3,24.0,0.5,0.8,0.6,62.1,66.9,71.7,66.9,2.0,9.9,24.0,0.5,0.8,0.6,-49.0,-46.5,-43.9,-46.5,2.0,5.4,24.0,0.5,0.8,0.6,18.0,18.4,18.8,18.4,2.0,0.8,24.0,0.5,0.8,0.6,-14.3,-13.0,-11.6,-13.0,2.0,2.8,24.0,0.5,0.8,0.6,97.5,97.5,97.5,97.5,2.0,0.0,24.0,0.5,0.8,0.6,95.0,95.0,95.0,95.0,2.0,0.0,24.0,0.5,0.8,0.6
1974,2,80.0,-2.0,27.86,28.0,28.48,28.17,3.0,0.47,10.0,1.0,0.6,0.6,27.56,27.7,28.86,28.2,3.0,1.04,10.0,1.0,0.6,0.6,16.91,17.03,17.42,17.16,3.0,0.39,10.0,1.0,0.6,0.6,70.0,73.3,73.3,71.7,3.0,2.8,10.0,1.0,0.6,1.52,2.35,4.75,3.1,4.0,2.49,12.0,0.8,0.6,0.6,-3.51,0.8,1.95,-0.71,4.0,4.1,12.0,0.8,0.6,0.6,-1.16,-0.5,0.71,-0.24,4.0,1.2,12.0,0.8,0.6,0.6,1008.05,1008.6,1009.49,1008.77,3.0,1.06,10.0,1.0,0.6,0.6,4.4,7.0,8.0,6.3,4.0,2.4,12.0,0.8,0.6,0.6,-23.5,1.7,4.7,-8.9,4.0,24.1,12.0,0.8,0.6,0.6,-2.2,-0.5,1.5,-0.4,4.0,2.6,12.0,0.8,0.6,0.6,-1.0,0.3,0.91,-0.03,3.0,1.43,10.0,1.0,0.6,0.6,-2.7,0.3,1.8,-0.4,3.0,3.4,10.0,1.0,0.6,0.6,6.16,6.7,7.54,6.84,3.0,1.02,10.0,1.0,0.6,0.6,9.4,15.4,16.2,12.9,3.0,5.4,10.0,1.0,0.6,0.6,14.0,44.2,59.2,36.8,3.0,33.7,10.0,1.0,0.6,0.6,-34.9,-27.7,16.5,-9.6,3.0,40.8,10.0,1.0,0.6,0.6,8.6,27.1,35.7,22.2,3.0,20.3,10.0,1.0,0.6,0.6,-21.0,-17.0,10.1,-5.7,3.0,24.8,10.0,1.0,0.6,0.6,4.0,12.7,13.1,8.7,3.0,7.5,10.0,1.0,0.6,0.6,-7.4,-6.7,5.2,-1.2,3.0,10.3,10.0,1.0,0.6,0.6,5.0,13.5,166.0,82.0,4.0,146.0,12.0,0.8,0.6,0.6,5.0,15.0,165.0,80.0,4.0,145.0,12.0,0.8,0.6,0.6
1974,2,80.0,-1.0,27.86,28.0,28.14,28.0,2.0,0.28,26.0,1.0,0.5,0.5,28.05,28.6,29.15,28.6,2.0,1.13,26.0,1.0,0.5,0.5,16.43,17.15,17.87,17.15,2.0,1.5,26.0,1.0,0.5,0.5,69.0,69.8,70.6,69.8,2.0,1.7,26.0,1.0,0.5,0.57,1.8,3.03,1.8,2.0,2.55,26.0,1.0,0.5,0.5,-1.51,-0.9,-0.29,-0.9,2.0,1.27,26.0,1.0,0.5,0.5,0.49,1.56,2.62,1.56,2.0,2.2,26.0,1.0,0.5,0.5,1005.79,1007.7,1009.61,1007.7,2.0,3.96,26.0,1.0,0.5,0.5,3.0,5.0,7.0,5.0,2.0,4.2,26.0,1.0,0.5,0.5,-5.5,-3.2,-1.0,-3.2,2.0,4.6,26.0,1.0,0.5,0.5,1.8,5.6,9.4,5.6,2.0,7.9,26.0,1.0,0.5,0.5,-1.28,-0.6,0.08,-0.6,2.0,1.41,26.0,1.0,0.5,0.5,-4.8,-2.9,-0.9,-2.9,2.0,4.1,26.0,1.0,0.5,0.5,5.68,6.64,7.6,6.64,2.0,1.99,26.0,1.0,0.5,0.5,3.0,9.4,15.9,9.4,2.0,13.3,26.0,1.0,0.5,0.5,-44.5,-26.5,-8.4,-26.5,2.0,37.4,26.0,1.0,0.5,0.5,14.5,45.8,77.1,45.8,2.0,64.8,26.0,1.0,0.5,0.5,-27.6,-16.4,-5.2,-16.4,2.0,23.2,26.0,1.0,0.5,0.5,9.0,28.4,47.8,28.4,2.0,40.1,26.0,1.0,0.5,0.5,-7.9,-4.7,-1.5,-4.7,2.0,6.7,26.0,1.0,0.5,0.5,2.6,8.2,13.7,8.2,2.0,11.5,26.0,1.0,0.5,0.5,7.5,23.5,39.5,23.5,2.0,33.0,26.0,1.0,0.5,0.5,5.0,25.0,40.0,25.0,2.0,35.0,26.0,1.0,0.5,0.5
1974,2,80.0,0.0,28.0,28.7,29.15,28.49,9.0,0.62,18.0,0.3,0.3,0.3,26.22,28.0,28.42,27.67,9.0,1.72,18.0,0.3,0.3,0.3,17.46,18.03,18.64,17.77,8.0,1.11,20.0,0.3,0.3,0.3,72.8,78.0,83.1,78.7,8.0,6.7,20.0,0.3,0.3,0.27,2.0,4.56,2.5,9.0,2.13,18.0,0.3,0.3,0.3,-0.49,0.0,0.96,-0.27,9.0,2.04,18.0,0.3,0.3,0.3,-3.05,0.0,1.95,-0.33,9.0,2.69,18.0,0.3,0.3,0.3,1009.9,1011.0,1011.62,1010.61,9.0,1.11,18.0,0.3,0.3,0.3,2.0,3.0,5.7,3.6,9.0,2.0,18.0,0.3,0.3,0.3,-1.4,0.0,2.8,-2.4,9.0,12.0,18.0,0.3,0.3,0.3,-16.5,0.0,3.9,-3.8,9.0,11.4,18.0,0.3,0.3,0.3,-0.1,1.0,1.97,0.82,9.0,1.68,18.0,0.3,0.3,0.3,-1.9,1.4,5.6,0.0,9.0,7.7,18.0,0.3,0.3,0.3,6.27,6.81,7.45,6.75,8.0,1.06,20.0,0.3,0.3,0.3,0.8,13.7,25.1,13.5,8.0,11.5,20.0,0.3,0.3,0.3,-12.3,0.0,25.3,-9.3,9.0,62.1,18.0,0.3,0.3,0.3,-90.6,0.0,52.7,-11.2,9.0,74.6,18.0,0.3,0.3,0.3,-5.7,3.1,15.7,6.1,8.0,13.2,20.0,0.3,0.3,0.3,-39.5,8.4,35.9,1.7,8.0,45.9,20.0,0.3,0.3,0.3,-1.9,1.2,8.6,2.8,8.0,5.1,20.0,0.3,0.3,0.3,-22.0,3.3,13.9,-0.9,8.0,17.4,20.0,0.3,0.3,0.3,0.5,8.0,105.0,49.5,9.0,82.0,18.0,0.3,0.3,0.3,0.0,10.0,105.0,50.0,9.0,80.0,18.0,0.3,0.3,0.3
1974,2,80.0,1.0,27.39,27.8,28.07,27.73,3.0,0.5,18.0,0.7,0.7,0.4,26.75,27.5,28.8,27.77,3.0,1.52,18.0,0.7,0.7,0.4,17.8,18.26,19.81,18.79,3.0,1.54,18.0,0.7,0.7,0.4,74.4,81.6,86.6,80.5,3.0,9.0,18.0,0.7,0.4,2.6,2.6,5.4,3.97,3.0,2.37,18.0,0.7,0.7,0.4,-1.56,0.0,1.54,-0.01,3.0,2.27,18.0,0.7,0.7,0.4,-5.12,-2.6,-1.71,-3.4,3.0,2.59,18.0,0.7,0.7,0.4,1006.43,1007.8,1008.48,1007.47,3.0,1.53,18.0,0.7,0.7,0.4,4.0,4.0,6.7,5.3,3.0,2.3,18.0,0.7,0.7,0.4,-10.5,0.0,4.0,-3.2,3.0,11.0,18.0,0.7,0.7,0.4,-30.9,-6.8,-4.5,-17.4,3.0,21.5,18.0,0.7,0.7,0.4,-0.87,0.7,0.77,-0.03,3.0,1.36,18.0,0.7,0.7,0.4,-2.2,2.1,3.9,0.9,3.0,4.5,18.0,0.7,0.7,0.4,4.06,5.08,5.19,4.64,3.0,0.91,18.0,0.7,0.7,0.4,13.3,13.6,20.7,17.0,3.0,6.1,18.0,0.7,0.7,0.4,-43.0,0.0,45.2,1.1,3.0,64.6,18.0,0.7,0.7,0.4,-140.0,-68.6,-47.9,-93.3,3.0,70.8,18.0,0.7,0.7,0.4,-32.1,0.0,28.1,-2.0,3.0,44.1,18.0,0.7,0.7,0.4,-102.7,-45.7,-30.7,-66.2,3.0,55.7,18.0,0.7,0.7,0.4,-5.6,0.0,8.1,1.2,3.0,10.1,18.0,0.7,0.7,0.4,-19.6,-13.2,-8.8,-14.2,3.0,7.9,18.0,0.7,0.7,0.4,17.5,17.5,211.0,112.0,3.0,163.5,18.0,0.7,0.7,0.4,20.0,20.0,210.0,110.0,3.0,165.0,18.0,0.7,0.7,0.4
1974,2,80.0,2.0,27.73,28.0,28.0,27.87,3.0,0.23,18.0,0.7,0.5,0.8,27.33,27.6,29.24,28.27,3.0,1.51,18.0,0.7,0.5,0.8,17.31,17.49,18.2,17.75,3.0,0.69,18.0,0.7,0.5,0.8,71.4,74.7,76.5,74.0,3.0,3.8,18.0,0.7,0.8,5.86,6.2,6.54,6.2,3.0,0.5,18.0,0.7,0.5,0.8,-3.17,-2.12,0.89,-1.16,3.0,3.09,18.0,0.7,0.5,0.8,-6.15,-5.83,-4.83,-5.5,3.0,1.01,18.0,0.7,0.5,0.8,1008.85,1011.1,1011.1,1010.0,3.0,1.91,18.0,0.7,0.5,0.8,2.3,3.0,3.0,2.7,3.0,0.6,18.0,0.7,0.5,0.8,-18.4,-13.1,6.3,-6.2,3.0,19.1,18.0,0.7,0.5,0.8,-40.3,-36.1,-28.5,-34.4,3.0,8.8,18.0,0.7,0.5,0.8,-1.24,0.4,0.4,-0.4,3.0,1.39,18.0,0.7,0.5,0.8,-7.7,2.3,2.6,-2.5,3.0,8.6,18.0,0.7,0.5,0.8,5.35,5.74,6.25,5.8,3.0,0.66,18.0,0.7,0.5,0.8,33.6,37.0,38.0,35.8,3.0,3.3,18.0,0.7,0.5,0.8,-89.2,-63.6,22.4,-34.1,3.0,85.6,18.0,0.7,0.5,0.8,-173.7,-171.2,-136.6,-155.5,3.0,30.4,18.0,0.7,0.5,0.8,-55.6,-39.3,14.9,-20.8,3.0,54.0,18.0,0.7,0.5,0.8,-109.5,-108.0,-85.6,-97.8,3.0,19.6,18.0,0.7,0.5,0.8,-19.7,-11.0,5.5,-7.2,3.0,18.7,18.0,0.7,0.5,0.8,-34.2,-30.1,-28.9,-31.5,3.0,4.1,18.0,0.7,0.5,0.8,202.0,238.5,281.0,241.5,3.0,58.0,18.0,0.7,0.5,0.8,200.0,240.0,280.0,240.0,3.0,60.0,18.0,0.7,0.5,0.8
1974,2,80.0,3.0,,,,,,,,,,,,,,,,,,,,,,,,,,,,,,,,,,,,,,,,8.7,8.7,8.7,8.7,1.0,0.0,14.0,1.0,0.2,0.1,-2.98,-2.98,-2.98,-2.98,1.0,0.0,14.0,1.0,0.2,0.1,-8.18,-8.18,-8.18,-8.18,1.0,0.0,14.0,1.0,0.2,0.1,1009.5,1009.5,1009.5,1009.5,1.0,0.0,14.0,1.0,0.2,0.1,,,,,,,,,,,,,,,,,,,,,,,,,,,,,,,,,,,,,,,,,,,,,,,,,,,,,,,,,,,,,,,,,,,,,,,,,,,,,,,,,,,,,,,,,,,,,,,,,,,,,,,,,,,,,,,,,,,,,,,,,,,,,,,,,,,,,,,,,,,,,,,,,,,,,,
1974,2,80.0,4.0,26.86,27.0,27.14,27.0,2.0,0.28,20.0,0.5,0.2,0.6,26.27,27.0,27.1,26.7,4.0,0.74,18.0,0.5,0.4,0.6,16.54,17.38,17.53,17.04,3.0,0.78,22.0,0.3,0.4,0.6,73.5,77.8,83.1,78.3,3.0,7.1,22.0,0.3,0.6,3.58,4.1,4.62,4.1,4.0,0.82,18.0,0.5,0.4,0.6,-3.57,-2.84,-1.72,-2.65,4.0,1.32,18.0,0.5,0.4,0.6,-4.13,-1.93,-0.62,-2.35,4.0,2.14,18.0,0.5,0.4,0.6,1008.0,1008.25,1013.12,1010.45,4.0,4.64,18.0,0.5,0.4,0.6,1.5,4.0,6.0,3.8,4.0,2.6,18.0,0.5,0.4,0.6,-13.8,-10.1,-6.9,-10.3,4.0,5.0,18.0,0.5,0.4,0.6,-19.6,-7.9,-2.3,-10.8,4.0,11.1,18.0,0.5,0.4,0.6,-0.17,-0.1,-0.03,-0.1,2.0,0.14,20.0,0.5,0.2,0.6,-0.9,-0.5,-0.2,-0.5,2.0,0.7,20.0,0.5,0.2,0.6,5.04,5.65,6.25,5.65,2.0,1.26,20.0,0.5,0.2,0.6,24.7,25.5,26.4,25.5,2.0,1.8,20.0,0.5,0.2,0.6,-94.7,-74.7,-46.4,-70.8,4.0,35.5,18.0,0.5,0.4,0.6,-111.4,-52.1,-16.4,-63.4,4.0,57.9,18.0,0.5,0.4,0.6,-61.6,-53.7,-27.6,-44.8,3.0,26.1,22.0,0.3,0.4,0.6,-63.2,-11.5,-10.1,-36.1,3.0,44.3,22.0,0.3,0.4,0.6,-22.9,-15.3,-7.7,-15.3,2.0,15.7,20.0,0.5,0.2,0.6,-20.8,-14.3,-7.7,-14.3,2.0,13.6,20.0,0.5,0.2,0.6,48.5,69.0,102.5,75.0,4.0,42.5,18.0,0.5,0.4,0.6,50.0,70.0,100.0,75.0,4.0,45.0,18.0,0.5,0.4,0.6
1974,2,80.0,5.0,26.3,27.4,28.01,27.22,26.0,0.84,16.0,0.3,0.4,0.7,25.48,26.15,27.42,26.5,26.0,1.51,16.0,0.3,0.4,0.7,15.81,17.49,18.74,17.3,24.0,1.49,16.0,0.3,0.4,0.7,73.0,82.2,86.5,80.8,24.0,6.6,16.0,0.3,0.7,0.98,4.6,7.7,4.33,26.0,2.84,16.0,0.3,0.4,0.7,-5.91,-2.59,0.0,-2.82,26.0,2.51,16.0,0.3,0.4,0.7,-4.43,-2.14,0.67,-2.0,26.0,2.97,16.0,0.3,0.4,0.7,1008.74,1010.5,1012.56,1010.71,30.0,2.04,16.0,0.4,0.4,0.7,2.3,6.0,7.7,5.3,28.0,2.4,16.0,0.4,0.4,0.7,-42.2,-11.7,0.0,-17.9,26.0,18.7,16.0,0.3,0.4,0.7,-33.8,-7.9,0.7,-13.4,26.0,20.3,16.0,0.3,0.4,0.7,-0.31,0.7,1.95,0.76,23.0,1.61,16.0,0.3,0.4,0.7,-2.8,1.9,6.1,2.4,20.0,5.9,16.0,0.3,0.4,0.7,3.81,5.21,6.67,5.37,22.0,1.52,16.0,0.3,0.4,0.7,2.9,25.6,36.4,21.7,19.0,16.4,14.0,0.2,0.4,0.7,-160.5,-71.8,-2.2,-79.6,22.0,70.0,16.0,0.2,0.4,0.7,-114.7,-59.4,13.6,-55.4,22.0,76.0,16.0,0.2,0.4,0.7,-107.1,-48.8,-0.9,-51.8,21.0,48.0,14.0,0.2,0.4,0.7,-83.7,-39.0,0.0,-40.4,21.0,47.2,14.0,0.2,0.4,0.7,-30.2,-11.4,0.0,-13.4,19.0,13.8,14.0,0.2,0.4,0.7,-23.3,-8.8,0.3,-11.5,19.0,15.6,14.0,0.2,0.4,0.7,1.0,97.5,456.5,176.5,26.0,185.5,16.0,0.3,0.4,0.7,0.0,95.0,455.0,175.0,26.0,185.0,16.0,0.3,0.4,0.7
1974,2,80.0,6.0,26.21,27.3,27.91,27.08,4.0,1.16,18.0,0.3,0.1,0.0,25.85,27.0,28.37,27.12,5.0,1.4,18.0,0.4,0.1,0.0,16.79,18.35,19.22,18.02,4.0,1.57,18.0,0.3,0.1,0.0,73.3,80.0,89.9,81.5,4.0,10.4,18.0,0.3,0.0,1.33,2.6,5.1,2.98,5.0,2.17,18.0,0.4,0.1,0.0,-0.95,0.89,2.87,0.94,5.0,2.58,18.0,0.4,0.1,0.0,-1.39,0.0,1.83,0.35,5.0,2.81,18.0,0.4,0.1,0.0,1007.95,1010.15,1011.67,1009.83,4.0,2.28,18.0,0.3,0.1,0.0,2.6,4.0,6.7,4.6,5.0,2.4,18.0,0.4,0.1,0.0,-2.5,4.1,11.1,4.9,5.0,10.9,18.0,0.4,0.1,0.0,-5.7,0.0,9.4,2.2,5.0,14.2,18.0,0.4,0.1,0.0,-0.97,-0.25,1.36,0.18,4.0,1.72,18.0,0.3,0.1,0.0,-4.2,-0.5,3.5,-0.4,4.0,5.7,18.0,0.3,0.1,0.0,3.44,4.41,5.54,4.49,4.0,1.56,18.0,0.3,0.1,0.0,2.7,8.7,17.1,9.8,4.0,9.4,18.0,0.3,0.1,0.0,-24.3,25.7,77.7,26.8,5.0,69.7,18.0,0.4,0.1,0.0,-37.9,0.0,53.2,11.1,5.0,80.7,18.0,0.4,0.1,0.0,-26.5,8.4,26.3,0.3,4.0,36.8,18.0,0.3,0.1,0.0,-6.7,0.0,49.9,20.6,4.0,50.1,18.0,0.3,0.1,0.0,-6.2,1.9,4.6,-0.7,4.0,7.7,18.0,0.3,0.1,0.0,-1.0,0.0,11.3,4.9,4.0,11.1,18.0,0.3,0.1,0.0,6.0,17.5,132.5,58.5,5.0,68.0,18.0,0.4,0.1,0.0,5.0,20.0,135.0,60.0,5.0,70.0,18.0,0.4,0.1,0.0
1974,2,80.0,11.0,,,,,,,,,,,,,,,,,,,,,,,,,,,,,,,,,,,,,,,,5.1,5.1,5.1,5.1,1.0,0.0,26.0,1.0,0.6,0.9,-3.28,-3.28,-3.28,-3.28,1.0,0.0,26.0,1.0,0.6,0.9,-3.91,-3.91,-3.91,-3.91,1.0,0.0,26.0,1.0,0.6,0.9,1013.6,1013.6,1013.6,1013.6,1.0,0.0,26.0,1.0,0.6,0.9,,,,,,,,,,,,,,,,,,,,,,,,,,,,,,,,,,,,,,,,,,,,,,,,,,,,,,,,,,,,,,,,,,,,,,,,,,,,,,,,,,,,,,,,,,,,,,,,,,,,,,,,,,,,,,,,,,,,,,,,,,,,,,,,,,,,,,,,,,,,,,,,,,,,,,
1974,2,80.0,12.0,26.74,27.25,27.76,27.25,4.0,0.65,4.0,0.3,0.6,0.2,26.0,26.15,27.19,26.58,4.0,0.96,4.0,0.3,0.6,0.2,14.29,17.53,17.53,15.95,3.0,2.74,6.0,0.3,0.6,0.2,63.8,83.6,83.6,73.9,3.0,16.7,6.0,0.3,0.2,2.81,3.8,4.05,3.45,4.0,0.93,4.0,0.3,0.6,0.2,-3.46,-2.66,-2.18,-2.81,4.0,0.95,4.0,0.3,0.6,0.2,-2.71,-1.68,-0.5,-1.61,4.0,1.36,4.0,0.3,0.6,0.2,1011.94,1013.1,1014.94,1013.43,4.0,1.83,4.0,0.3,0.6,0.2,1.0,2.0,3.0,2.0,4.0,1.2,4.0,0.3,0.6,0.2,-13.7,-10.1,-6.7,-10.2,4.0,5.3,4.0,0.3,0.6,0.2,-10.4,-5.3,-1.0,-5.7,4.0,5.6,4.0,0.3,0.6,0.2,-0.45,1.1,1.76,0.68,4.0,1.55,4.0,0.3,0.6,0.2,-1.9,3.5,4.8,1.6,4.0,5.3,4.0,0.3,0.6,0.2,5.69,6.16,7.96,6.81,3.0,1.76,6.0,0.3,0.6,0.2,15.1,19.7,30.9,22.9,3.0,11.9,6.0,0.3,0.6,0.2,-94.3,-69.7,-57.0,-75.4,4.0,28.4,4.0,0.3,0.6,0.2,-70.9,-43.7,-13.0,-42.0,4.0,35.6,4.0,0.3,0.6,0.2,-51.1,-48.3,-37.1,-44.2,3.0,10.9,6.0,0.3,0.6,0.2,-33.5,-18.4,-5.8,-19.7,3.0,20.3,6.0,0.3,0.6,0.2,-29.4,-15.1,-12.4,-20.8,3.0,13.4,6.0,0.3,0.6,0.2,-10.7,-6.5,-2.1,-6.4,3.0,6.3,6.0,0.3,0.6,0.2,27.0,55.5,66.5,47.0,4.0,27.0,4.0,0.3,0.6,0.2,25.0,55.0,65.0,45.0,4.0,25.0,4.0,0.3,0.6,0.2
1974,2,81.0,-48.0,8.0,8.0,8.0,8.0,1.0,0.0,18.0,0.0,0.7,0.4,4.5,4.5,4.5,4.5,1.0,0.0,18.0,0.0,0.7,0.4,3.75,3.75,3.75,3.75,1.0,0.0,18.0,0.0,0.7,0.4,72.6,72.6,72.6,72.6,1.0,0.0,18.0,0.0,0.4,6.2,6.2,6.2,6.2,1.0,0.0,18.0,0.0,0.7,0.4,3.1,3.1,3.1,3.1,1.0,0.0,18.0,0.0,0.7,0.4,5.37,5.37,5.37,5.37,1.0,0.0,18.0,0.0,0.7,0.4,1021.7,1021.7,1021.7,1021.7,1.0,0.0,18.0,0.0,0.7,0.4,0.0,0.0,0.0,0.0,1.0,0.0,18.0,0.0,0.7,0.4,19.2,19.2,19.2,19.2,1.0,0.0,18.0,0.0,0.7,0.4,33.3,33.3,33.3,33.3,1.0,0.0,18.0,0.0,0.7,0.4,3.5,3.5,3.5,3.5,1.0,0.0,18.0,0.0,0.7,0.4,21.7,21.7,21.7,21.7,1.0,0.0,18.0,0.0,0.7,0.4,2.84,2.84,2.84,2.84,1.0,0.0,18.0,0.0,0.7,0.4,17.6,17.6,17.6,17.6,1.0,0.0,18.0,0.0,0.7,0.4,14.0,14.0,14.0,14.0,1.0,0.0,18.0,0.0,0.7,0.4,24.2,24.2,24.2,24.2,1.0,0.0,18.0,0.0,0.7,0.4,11.6,11.6,11.6,11.6,1.0,0.0,18.0,0.0,0.7,0.4,20.1,20.1,20.1,20.1,1.0,0.0,18.0,0.0,0.7,0.4,8.8,8.8,8.8,8.8,1.0,0.0,18.0,0.0,0.7,0.4,15.2,15.2,15.2,15.2,1.0,0.0,18.0,0.0,0.7,0.4,238.5,238.5,238.5,238.5,1.0,0.0,18.0,0.0,0.7,0.4,240.0,240.0,240.0,240.0,1.0,0.0,18.0,0.0,0.7,0.4
1974,2,81.0,-43.0,15.0,15.0,15.0,15.0,1.0,0.0,14.0,1.0,0.1,0.9,12.5,12.5,12.5,12.5,1.0,0.0,14.0,1.0,0.1,0.9,5.74,5.74,5.74,5.74,1.0,0.0,14.0,1.0,0.1,0.9,64.5,64.5,64.5,64.5,1.0,0.0,14.0,1.0,0.9,7.7,7.7,7.7,7.7,1.0,0.0,14.0,1.0,0.1,0.9,5.9,5.9,5.9,5.9,1.0,0.0,14.0,1.0,0.1,0.9,4.95,4.95,4.95,4.95,1.0,0.0,14.0,1.0,0.1,0.9,1021.0,1021.0,1021.0,1021.0,1.0,0.0,14.0,1.0,0.1,0.9,8.0,8.0,8.0,8.0,1.0,0.0,14.0,1.0,0.1,0.9,45.4,45.4,45.4,45.4,1.0,0.0,14.0,1.0,0.1,0.9,38.1,38.1,38.1,38.1,1.0,0.0,14.0,1.0,0.1,0.9,2.5,2.5,2.5,2.5,1.0,0.0,14.0,1.0,0.1,0.9,19.3,19.3,19.3,19.3,1.0,0.0,14.0,1.0,0.1,0.9,4.75,4.75,4.75,4.75,1.0,0.0,14.0,1.0,0.1,0.9,36.6,36.6,36.6,36.6,1.0,0.0,14.0,1.0,0.1,0.9,73.7,73.7,73.7,73.7,1.0,0.0,14.0,1.0,0.1,0.9,61.9,61.9,61.9,61.9,1.0,0.0,14.0,1.0,0.1,0.9,33.9,33.9,33.9,33.9,1.0,0.0,14.0,1.0,0.1,0.9,28.4,28.4,28.4,28.4,1.0,0.0,14.0,1.0,0.1,0.9,28.0,28.0,28.0,28.0,1.0,0.0,14.0,1.0,0.1,0.9,23.5,23.5,23.5,23.5,1.0,0.0,14.0,1.0,0.1,0.9,456.5,456.5,456.5,456.5,1.0,0.0,14.0,1.0,0.1,0.9,455.0,455.0,455.0,455.0,1.0,0.0,14.0,1.0,0.1,0.9
1974,2,81.0,-40.0,15.0,15.0,15.0,15.0,1.0,0.0,18.0,1.0,0.2,0.3,18.7,18.7,18.7,18.7,1.0,0.0,18.0,1.0,0.2,0.3,10.82,10.82,10.82,10.82,1.0,0.0,18.0,1.0,0.2,0.3,81.6,81.6,81.6,81.6,1.0,0.0,18.0,1.0,0.3,0.0,0.0,0.0,0.0,1.0,0.0,18.0,1.0,0.2,0.3,0.0,0.0,0.0,0.0,1.0,0.0,18.0,1.0,0.2,0.3,0.0,0.0,0.0,0.0,1.0,0.0,18.0,1.0,0.2,0.3,1022.6,1022.6,1022.6,1022.6,1.0,0.0,18.0,1.0,0.2,0.3,1.0,1.0,1.0,1.0,1.0,0.0,18.0,1.0,0.2,0.3,0.0,0.0,0.0,0.0,1.0,0.0,18.0,1.0,0.2,0.3,0.0,0.0,0.0,0.0,1.0,0.0,18.0,1.0,0.2,0.3,-3.7,-3.7,-3.7,-3.7,1.0,0.0,18.0,1.0,0.2,0.3,0.0,0.0,0.0,0.0,1.0,0.0,18.0,1.0,0.2,0.3,-0.34,-0.34,-0.34,-0.34,1.0,0.0,18.0,1.0,0.2,0.3,0.0,0.0,0.0,0.0,1.0,0.0,18.0,1.0,0.2,0.3,0.0,0.0,0.0,0.0,1.0,0.0,18.0,1.0,0.2,0.3,0.0,0.0,0.0,0.0,1.0,0.0,18.0,1.0,0.2,0.3,0.0,0.0,0.0,0.0,1.0,0.0,18.0,1.0,0.2,0.3,0.0,0.0,0.0,0.0,1.0,0.0,18.0,1.0,0.2,0.3,0.0,0.0,0.0,0.0,1.0,0.0,18.0,1.0,0.2,0.3,0.0,0.0,0.0,0.0,1.0,0.0,18.0,1.0,0.2,0.3,0.0,0.0,0.0,0.0,1.0,0.0,18.0,1.0,0.2,0.3,0.0,0.0,0.0,0.0,1.0,0.0,18.0,1.0,0.2,0.3
1974,2,81.0,-34.0,22.8,22.8,22.8,22.8,1.0,0.0,12.0,1.0,0.4,0.4,19.4,19.4,19.4,19.4,1.0,0.0,12.0,1.0,0.4,0.4,12.59,12.59,12.59,12.59,1.0,0.0,12.0,1.0,0.4,0.4,91.0,91.0,91.0,91.0,1.0,0.0,12.0,1.0,0.4,4.6,4.6,4.6,4.6,1.0,0.0,12.0,1.0,0.4,0.4,-4.6,-4.6,-4.6,-4.6,1.0,0.0,12.0,1.0,0.4,0.4,0.0,0.0,0.0,0.0,1.0,0.0,12.0,1.0,0.4,0.4,1025.1,1025.1,1025.1,1025.1,1.0,0.0,12.0,1.0,0.4,0.4,8.0,8.0,8.0,8.0,1.0,0.0,12.0,1.0,0.4,0.4,-21.2,-21.2,-21.2,-21.2,1.0,0.0,12.0,1.0,0.4,0.4,0.0,0.0,0.0,0.0,1.0,0.0,12.0,1.0,0.4,0.4,3.4,3.4,3.4,3.4,1.0,0.0,12.0,1.0,0.4,0.4,15.6,15.6,15.6,15.6,1.0,0.0,12.0,1.0,0.4,0.4,4.5,4.5,4.5,4.5,1.0,0.0,12.0,1.0,0.4,0.4,20.7,20.7,20.7,20.7,1.0,0.0,12.0,1.0,0.4,0.4,-89.2,-89.2,-89.2,-89.2,1.0,0.0,12.0,1.0,0.4,0.4,0.0,0.0,0.0,0.0,1.0,0.0,12.0,1.0,0.4,0.4,-57.9,-57.9,-57.9,-57.9,1.0,0.0,12.0,1.0,0.4,0.4,0.0,0.0,0.0,0.0,1.0,0.0,12.0,1.0,0.4,0.4,-20.7,-20.7,-20.7,-20.7,1.0,0.0,12.0,1.0,0.4,0.4,0.0,0.0,0.0,0.0,1.0,0.0,12.0,1.0,0.4,0.4,97.5,97.5,97.5,97.5,1.0,0.0,12.0,1.0,0.4,0.4,95.0,95.0,95.0,95.0,1.0,0.0,12.0,1.0,0.4,0.4
1974,2,81.0,-33.0,21.03,21.1,21.17,21.1,2.0,0.14,4.0,1.0,0.3,0.5,18.9,19.75,20.6,19.75,2.0,1.77,4.0,1.0,0.3,0.5,8.1,8.6,9.1,8.6,2.0,1.04,4.0,1.0,0.3,0.5,60.6,60.9,61.2,60.9,2.0,0.7,4.0,1.0,0.5,8.2,8.2,8.2,8.2,2.0,0.0,4.0,1.0,0.3,0.5,-8.2,-8.2,-8.2,-8.2,2.0,0.0,4.0,1.0,0.3,0.5,0.0,0.0,0.0,0.0,2.0,0.0,4.0,1.0,0.3,0.5,1026.76,1027.1,1027.44,1027.1,2.0,0.71,4.0,1.0,0.3,0.5,5.3,6.0,6.7,6.0,2.0,1.4,4.0,1.0,0.3,0.5,-67.2,-67.2,-67.2,-67.2,2.0,0.0,4.0,1.0,0.3,0.5,0.0,0.0,0.0,0.0,2.0,0.0,4.0,1.0,0.3,0.5,0.57,1.35,2.13,1.35,2.0,1.63,4.0,1.0,0.3,0.5,4.6,11.1,17.5,11.1,2.0,13.3,4.0,1.0,0.3,0.5,6.32,6.76,7.2,6.76,2.0,0.91,4.0,1.0,0.3,0.5,51.8,55.4,59.1,55.4,2.0,7.5,4.0,1.0,0.3,0.5,-168.9,-161.9,-155.0,-161.9,2.0,14.5,4.0,1.0,0.3,0.5,0.0,0.0,0.0,0.0,2.0,0.0,4.0,1.0,0.3,0.5,-74.6,-70.5,-66.4,-70.5,2.0,8.5,4.0,1.0,0.3,0.5,0.0,0.0,0.0,0.0,2.0,0.0,4.0,1.0,0.3,0.5,-59.1,-55.4,-51.8,-55.4,2.0,7.5,4.0,1.0,0.3,0.5,0.0,0.0,0.0,0.0,2.0,0.0,4.0,1.0,0.3,0.5,551.5,551.5,551.5,551.5,2.0,0.0,4.0,1.0,0.3,0.5,550.0,550.0,550.0,550.0,2.0,0.0,4.0,1.0,0.3,0.5
1974,2,81.0,-32.0,19.64,20.8,21.96,20.8,2.0,2.4,18.0,0.5,0.3,0.4,21.61,21.85,22.09,21.85,2.0,0.49,18.0,0.5,0.3,0.4,11.67,11.82,11.98,11.82,2.0,0.32,18.0,0.5,0.3,0.4,71.4,73.3,75.2,73.3,2.0,3.9,18.0,0.5,0.4,3.91,5.65,7.39,5.65,2.0,3.61,18.0,0.5,0.3,0.4,-4.81,-3.82,-2.83,-3.82,2.0,2.05,18.0,0.5,0.3,0.4,-5.6,-4.14,-2.67,-4.14,2.0,3.03,18.0,0.5,0.3,0.4,1018.78,1021.1,1023.42,1021.1,2.0,4.81,18.0,0.5,0.3,0.4,1.5,2.5,3.5,2.5,2.0,2.1,18.0,0.5,0.3,0.4,-37.5,-25.3,-13.1,-25.3,2.0,25.4,18.0,0.5,0.3,0.4,-44.3,-28.8,-13.4,-28.8,2.0,32.1,18.0,0.5,0.3,0.4,-2.45,-1.05,0.35,-1.05,2.0,2.9,18.0,0.5,0.3,0.4,-6.8,-0.7,5.4,-0.7,2.0,12.6,18.0,0.5,0.3,0.4,2.45,3.42,4.4,3.42,2.0,2.02,18.0,0.5,0.3,0.4,11.5,23.0,34.4,23.0,2.0,23.7,18.0,0.5,0.3,0.4,-103.7,-83.0,-62.3,-83.0,2.0,42.9,18.0,0.5,0.3,0.4,-120.6,-89.6,-58.6,-89.6,2.0,64.2,18.0,0.5,0.3,0.4,-57.8,-45.5,-33.2,-45.5,2.0,25.4,18.0,0.5,0.3,0.4,-67.4,-49.4,-31.5,-49.4,2.0,37.2,18.0,0.5,0.3,0.4,-22.3,-15.2,-8.0,-15.2,2.0,14.7,18.0,0.5,0.3,0.4,-26.3,-17.2,-8.2,-17.2,2.0,18.7,18.0,0.5,0.3,0.4,112.5,290.5,468.5,290.5,2.0,369.0,18.0,0.5,0.3,0.4,115.0,290.0,470.0,290.0,2.0,370.0,18.0,0.5,0.3,0.4
1974,2,81.0,-31.0,20.98,22.0,22.14,21.57,3.0,0.93,10.0,1.0,0.5,0.7,21.22,21.7,22.45,21.83,3.0,0.91,10.0,1.0,0.5,0.7,13.12,13.6,13.67,13.4,3.0,0.44,10.0,1.0,0.5,0.7,78.6,85.7,87.5,83.1,3.0,6.9,10.0,1.0,0.7,2.3,5.1,6.53,4.43,3.0,3.15,10.0,1.0,0.5,0.7,-5.86,-3.91,-1.24,-3.56,3.0,3.4,10.0,1.0,0.5,0.7,-3.02,-2.46,-0.1,-1.58,3.0,2.27,10.0,1.0,0.5,0.7,1018.02,1020.2,1021.91,1019.97,3.0,2.86,10.0,1.0,0.5,0.7,7.0,7.0,7.7,7.3,3.0,0.6,10.0,1.0,0.5,0.7,-39.6,-19.9,-6.3,-22.9,3.0,24.5,10.0,1.0,0.5,0.7,-17.4,-16.7,-4.6,-11.1,3.0,10.5,10.0,1.0,0.5,0.7,-0.57,-0.5,0.05,-0.27,3.0,0.49,10.0,1.0,0.5,0.7,-2.2,-0.5,1.3,-0.5,3.0,2.6,10.0,1.0,0.5,0.7,1.74,2.61,3.33,2.54,3.0,1.16,10.0,1.0,0.5,0.7,6.8,18.7,18.7,12.9,3.0,10.0,10.0,1.0,0.5,0.7,-128.5,-89.1,-28.3,-78.6,3.0,74.0,10.0,1.0,0.5,0.7,-68.0,-53.4,-2.6,-35.7,3.0,50.3,10.0,1.0,0.5,0.7,-79.3,-50.4,-16.0,-47.7,3.0,46.4,10.0,1.0,0.5,0.7,-39.6,-33.7,-1.4,-20.8,3.0,30.1,10.0,1.0,0.5,0.7,-16.6,-14.3,-4.5,-10.6,3.0,9.4,10.0,1.0,0.5,0.7,-10.2,-6.4,-1.1,-5.7,3.0,6.7,10.0,1.0,0.5,0.7,43.0,132.5,297.0,169.0,3.0,189.0,10.0,1.0,0.5,0.7,45.0,135.0,295.0,170.0,3.0,190.0,10.0,1.0,0.5,0.7
1974,2,81.0,-28.0,22.0,22.25,22.68,22.35,6.0,0.39,6.0,0.7,0.5,0.8,20.48,21.45,22.32,21.42,6.0,1.02,6.0,0.7,0.5,0.8,11.51,11.76,12.39,11.85,6.0,0.51,6.0,0.7,0.5,0.8,67.9,77.0,81.7,75.7,6.0,6.8,6.0,0.7,0.8,9.7,10.55,11.4,10.55,6.0,0.94,6.0,0.7,0.5,0.8,-11.23,-10.39,-9.55,-10.39,6.0,0.92,6.0,0.7,0.5,0.8,1.68,1.83,1.98,1.83,6.0,0.16,6.0,0.7,0.5,0.8,1022.44,1023.0,1023.4,1022.97,6.0,0.57,6.0,0.7,0.5,0.8,2.8,6.0,7.2,5.3,6.0,2.3,6.0,0.7,0.5,0.8,-128.1,-109.7,-92.6,-110.3,6.0,19.4,6.0,0.7,0.5,0.8,16.3,19.3,22.6,19.5,6.0,3.4,6.0,0.7,0.5,0.8,0.36,0.55,1.74,0.93,6.0,0.83,6.0,0.7,0.5,0.8,3.4,5.6,20.0,10.4,6.0,10.0,6.0,0.7,0.5,0.8,4.03,4.69,5.74,4.82,6.0,0.82,6.0,0.7,0.5,0.8,43.1,50.0,58.8,50.7,6.0,8.6,6.0,0.7,0.5,0.8,-234.5,-222.7,-207.4,-222.0,6.0,15.2,6.0,0.7,0.5,0.8,36.6,39.3,41.3,39.1,6.0,2.7,6.0,0.7,0.5,0.8,-136.4,-124.5,-111.7,-123.2,6.0,13.7,6.0,0.7,0.5,0.8,19.7,21.9,24.1,21.7,6.0,2.4,6.0,0.7,0.5,0.8,-57.9,-49.2,-42.4,-49.9,6.0,8.4,6.0,0.7,0.5,0.8,7.5,8.7,10.2,8.8,6.0,1.5,6.0,0.7,0.5,0.8,913.0,1176.0,1484.0,1197.5,6.0,314.5,6.0,0.7,0.5,0.8,915.0,1175.0,1485.0,1195.0,6.0,315.0,6.0,0.7,0.5,0.8
1974,2,81.0,-27.0,22.43,22.7,22.97,22.7,3.0,0.4,6.0,0.3,0.5,0.5,21.6,21.8,21.8,21.7,3.0,0.17,6.0,0.3,0.5,0.5,12.34,12.54,12.7,12.52,3.0,0.27,6.0,0.3,0.5,0.5,76.7,78.0,80.0,78.4,3.0,2.5,6.0,0.3,0.5,8.71,9.8,10.14,9.43,3.0,1.1,6.0,0.3,0.5,0.5,-10.03,-9.8,-8.62,-9.34,3.0,1.11,6.0,0.3,0.5,0.5,0.45,1.42,1.67,1.07,3.0,0.95,6.0,0.3,0.5,0.5,1021.71,1022.6,1023.08,1022.4,3.0,1.01,6.0,0.3,0.5,0.5,3.3,4.0,5.4,4.3,3.0,1.5,6.0,0.3,0.5,0.5,-101.8,-96.0,-75.7,-88.9,3.0,20.1,6.0,0.3,0.5,0.5,3.7,11.7,16.3,10.0,3.0,9.3,6.0,0.3,0.5,0.5,0.83,0.9,1.17,1.0,3.0,0.26,6.0,0.3,0.5,0.5,7.3,8.8,11.9,9.6,3.0,3.5,6.0,0.3,0.5,0.5,4.04,4.49,5.0,4.52,3.0,0.7,6.0,0.3,0.5,0.5,35.4,44.0,50.7,43.1,3.0,11.3,6.0,0.3,0.5,0.5,-218.8,-213.6,-186.3,-202.8,3.0,25.5,6.0,0.3,0.5,0.5,9.7,30.6,36.3,23.2,3.0,20.5,6.0,0.3,0.5,0.5,-123.8,-122.9,-109.4,-116.7,3.0,11.8,6.0,0.3,0.5,0.5,5.8,18.2,20.7,13.4,3.0,11.7,6.0,0.3,0.5,0.5,-50.2,-44.0,-35.1,-42.7,3.0,11.1,6.0,0.3,0.5,0.5,1.7,5.5,8.1,4.9,3.0,4.7,6.0,0.3,0.5,0.5,675.0,941.0,1044.5,862.0,3.0,279.5,6.0,0.3,0.5,0.5,675.0,940.0,1045.0,860.0,3.0,280.0,6.0,0.3,0.5,0.5
1974,2,81.0,-24.0,23.0,23.0,23.0,23.0,1.0,0.0,26.0,0.0,0.5,0.7,23.25,23.8,24.35,23.8,2.0,1.13,16.0,0.0,0.4,0.8,13.52,14.8,16.08,14.8,2.0,2.65,16.0,0.0,0.4,0.8,76.3,80.4,84.6,80.4,2.0,8.6,16.0,0.0,0.8,8.28,8.45,8.62,8.45,2.0,0.35,16.0,0.0,0.4,0.8,-7.99,-7.8,-7.62,-7.8,2.0,0.38,16.0,0.0,0.4,0.8,1.89,2.89,3.89,2.89,2.0,2.07,16.0,0.0,0.4,0.8,1013.83,1015.4,1016.97,1015.4,2.0,3.25,16.0,0.0,0.4,0.8,5.5,6.5,7.5,6.5,2.0,2.1,16.0,0.0,0.4,0.8,-66.1,-65.9,-65.7,-65.9,2.0,0.5,16.0,0.0,0.4,0.8,15.8,24.8,33.7,24.8,2.0,18.5,16.0,0.0,0.4,0.8,-1.6,-1.6,-1.6,-1.6,1.0,0.0,26.0,0.0,0.5,0.7,-13.1,-13.1,-13.1,-13.1,1.0,0.0,26.0,0.0,0.5,0.7,0.84,0.84,0.84,0.84,1.0,0.0,26.0,0.0,0.5,0.7,6.9,6.9,6.9,6.9,1.0,0.0,26.0,0.0,0.5,0.7,-194.6,-186.0,-177.3,-186.0,2.0,17.9,16.0,0.0,0.4,0.8,45.3,67.5,89.7,67.5,2.0,46.0,16.0,0.0,0.4,0.8,-128.7,-116.0,-103.3,-116.0,2.0,26.3,16.0,0.0,0.4,0.8,28.9,40.0,51.1,40.0,2.0,23.0,16.0,0.0,0.4,0.8,-6.8,-6.8,-6.8,-6.8,1.0,0.0,26.0,0.0,0.5,0.7,1.2,1.2,1.2,1.2,1.0,0.0,26.0,0.0,0.5,0.7,568.5,605.0,641.5,605.0,2.0,76.0,16.0,0.0,0.4,0.8,570.0,605.0,640.0,605.0,2.0,75.0,16.0,0.0,0.4,0.8
1974,2,81.0,-22.0,25.32,26.0,26.68,26.0,2.0,1.41,28.0,0.5,0.4,0.6,24.71,25.15,25.59,25.15,2.0,0.92,28.0,0.5,0.4,0.6,18.12,18.15,18.17,18.15,2.0,0.05,28.0,0.5,0.4,0.6,88.7,90.9,93.1,90.9,2.0,4.6,28.0,0.5,0.6,6.28,6.45,6.62,6.45,2.0,0.35,28.0,0.5,0.4,0.6,-6.52,-6.35,-6.18,-6.35,2.0,0.35,28.0,0.5,0.4,0.6,-1.15,-1.12,-1.09,-1.12,2.0,0.06,28.0,0.5,0.4,0.6,1010.15,1010.9,1011.65,1010.9,2.0,1.56,28.0,0.5,0.4,0.6,7.0,7.0,7.0,7.0,2.0,0.0,28.0,0.5,0.4,0.6,-43.2,-41.0,-38.9,-41.0,2.0,4.5,28.0,0.5,0.4,0.6,-7.6,-7.2,-6.9,-7.2,2.0,0.8,28.0,0.5,0.4,0.6,-0.28,0.85,1.98,0.85,2.0,2.33,28.0,0.5,0.4,0.6,-2.0,5.1,12.2,5.1,2.0,14.8,28.0,0.5,0.4,0.6,2.03,2.94,3.84,2.94,2.0,1.87,28.0,0.5,0.4,0.6,13.3,18.6,23.9,18.6,2.0,11.0,28.0,0.5,0.4,0.6,-167.0,-159.9,-152.9,-159.9,2.0,14.6,28.0,0.5,0.4,0.6,-29.4,-28.2,-27.0,-28.2,2.0,2.6,28.0,0.5,0.4,0.6,-118.5,-115.3,-112.1,-115.3,2.0,6.6,28.0,0.5,0.4,0.6,-20.9,-20.3,-19.8,-20.3,2.0,1.2,28.0,0.5,0.4,0.6,-23.6,-18.3,-13.1,-18.3,2.0,10.9,28.0,0.5,0.4,0.6,-4.2,-3.2,-2.3,-3.2,2.0,1.9,28.0,0.5,0.4,0.6,248.0,269.5,291.0,269.5,2.0,44.0,28.0,0.5,0.4,0.6,250.0,270.0,290.0,270.0,2.0,45.0,28.0,0.5,0.4,0.6
1974,2,81.0,-21.0,24.0,24.2,24.75,24.36,5.0,0.43,10.0,0.8,0.2,0.4,24.43,24.6,25.18,24.78,5.0,0.48,10.0,0.8,0.2,0.4,12.3,13.4,14.94,13.61,3.0,1.94,8.0,1.0,0.3,0.6,66.0,81.4,86.8,77.2,5.0,11.3,10.0,0.8,0.4,8.17,10.3,14.0,10.92,5.0,3.67,10.0,0.8,0.2,0.4,-12.55,-8.92,-5.53,-9.15,5.0,4.1,10.0,0.8,0.2,0.4,4.72,5.44,6.7,5.63,5.0,1.21,10.0,0.8,0.2,0.4,1013.6,1013.8,1014.07,1013.83,3.0,0.35,8.0,1.0,0.3,0.6,2.0,6.0,7.4,5.0,5.0,2.8,10.0,0.8,0.2,0.4,-178.2,-91.9,-46.0,-111.7,5.0,82.5,10.0,0.8,0.2,0.4,42.7,66.3,84.4,62.7,5.0,25.2,10.0,0.8,0.2,0.4,-0.68,-0.3,-0.19,-0.42,5.0,0.37,10.0,0.8,0.2,0.4,-6.7,-4.8,-1.2,-4.2,5.0,3.5,10.0,0.8,0.2,0.4,4.13,5.21,6.3,5.21,3.0,1.59,8.0,1.0,0.3,0.6,43.6,46.8,47.9,45.8,3.0,3.2,8.0,1.0,0.3,0.6,-308.1,-227.5,-137.0,-226.6,5.0,100.1,10.0,0.8,0.2,0.4,118.7,133.2,165.8,139.6,5.0,30.8,10.0,0.8,0.2,0.4,-144.8,-80.1,-63.6,-103.7,3.0,62.9,8.0,1.0,0.3,0.6,62.4,95.4,99.2,81.1,3.0,29.7,8.0,1.0,0.3,0.6,-37.9,-32.3,-31.5,-34.7,3.0,5.1,8.0,1.0,0.3,0.6,24.6,27.1,33.9,29.2,3.0,7.1,8.0,1.0,0.3,0.6,597.5,1092.5,2830.5,1660.5,5.0,1490.0,10.0,0.8,0.2,0.4,600.0,1095.0,2830.0,1660.0,5.0,1490.0,10.0,0.8,0.2,0.4
1974,2,81.0,-20.0,25.8,26.0,26.14,25.97,3.0,0.25,14.0,0.0,0.2,0.4,24.29,24.9,25.99,25.13,3.0,1.27,14.0,0.0,0.2,0.4,14.97,15.15,17.37,16.15,3.0,1.96,14.0,0.0,0.2,0.4,78.4,80.3,83.6,81.0,3.0,3.9,14.0,0.0,0.4,4.6,4.6,8.15,6.33,3.0,3.0,14.0,0.0,0.2,0.4,-7.72,-4.53,-4.16,-5.91,3.0,2.87,14.0,0.0,0.2,0.4,-1.32,0.8,2.54,0.62,3.0,2.83,14.0,0.0,0.2,0.4,1013.12,1015.3,1015.44,1014.3,3.0,1.91,14.0,0.0,0.2,0.4,3.6,5.0,7.0,5.3,3.0,2.5,14.0,0.0,0.2,0.4,-68.2,-20.8,-19.1,-43.1,3.0,40.8,14.0,0.0,0.2,0.4,-6.1,3.7,23.6,8.6,3.0,22.1,14.0,0.0,0.2,0.4,-0.13,1.3,1.78,0.83,3.0,1.46,14.0,0.0,0.2,0.4,-0.6,6.0,15.3,7.3,3.0,11.7,14.0,0.0,0.2,0.4,3.45,6.05,6.07,4.79,3.0,2.21,14.0,0.0,0.2,0.4,15.9,27.8,49.5,32.6,3.0,25.0,14.0,0.0,0.2,0.4,-186.7,-112.8,-107.9,-146.5,3.0,64.7,14.0,0.0,0.2,0.4,-35.3,19.9,61.2,13.1,3.0,70.9,14.0,0.0,0.2,0.4,-116.8,-73.3,-70.1,-93.0,3.0,38.2,14.0,0.0,0.2,0.4,-25.1,12.1,37.9,6.5,3.0,46.3,14.0,0.0,0.2,0.4,-46.9,-27.4,-14.8,-30.8,3.0,23.7,14.0,0.0,0.2,0.4,-2.0,4.8,15.4,6.7,3.0,12.9,14.0,0.0,0.2,0.4,97.5,97.5,673.5,378.5,3.0,487.0,14.0,0.0,0.2,0.4,95.0,95.0,675.0,380.0,3.0,485.0,14.0,0.0,0.2,0.4
1974,2,81.0,-9.0,27.8,27.8,27.8,27.8,1.0,0.0,8.0,1.0,0.7,0.7,28.0,28.0,28.0,28.0,1.0,0.0,8.0,1.0,0.7,0.7,16.54,16.54,16.54,16.54,1.0,0.0,8.0,1.0,0.7,0.7,69.9,69.9,69.9,69.9,1.0,0.0,8.0,1.0,0.7,1.0,1.0,1.0,1.0,1.0,0.0,8.0,1.0,0.7,0.7,-0.87,-0.87,-0.87,-0.87,1.0,0.0,8.0,1.0,0.7,0.7,-0.5,-0.5,-0.5,-0.5,1.0,0.0,8.0,1.0,0.7,0.7,1008.5,1008.5,1008.5,1008.5,1.0,0.0,8.0,1.0,0.7,0.7,5.0,5.0,5.0,5.0,1.0,0.0,8.0,1.0,0.7,0.7,-0.9,-0.9,-0.9,-0.9,1.0,0.0,8.0,1.0,0.7,0.7,-0.5,-0.5,-0.5,-0.5,1.0,0.0,8.0,1.0,0.7,0.7,-0.2,-0.2,-0.2,-0.2,1.0,0.0,8.0,1.0,0.7,0.7,-0.2,-0.2,-0.2,-0.2,1.0,0.0,8.0,1.0,0.7,0.7,6.95,6.95,6.95,6.95,1.0,0.0,8.0,1.0,0.7,0.7,6.9,6.9,6.9,6.9,1.0,0.0,8.0,1.0,0.7,0.7,-24.2,-24.2,-24.2,-24.2,1.0,0.0,8.0,1.0,0.7,0.7,-14.0,-14.0,-14.0,-14.0,1.0,0.0,8.0,1.0,0.7,0.7,-14.3,-14.3,-14.3,-14.3,1.0,0.0,8.0,1.0,0.7,0.7,-8.3,-8.3,-8.3,-8.3,1.0,0.0,8.0,1.0,0.7,0.7,-6.0,-6.0,-6.0,-6.0,1.0,0.0,8.0,1.0,0.7,0.7,-3.5,-3.5,-3.5,-3.5,1.0,0.0,8.0,1.0,0.7,0.7,1.0,1.0,1.0,1.0,1.0,0.0,8.0,1.0,0.7,0.7,0.0,0.0,0.0,0.0,1.0,0.0,8.0,1.0,0.7,0.7
1974,2,81.0,-6.0,27.32,27.8,27.94,27.63,3.0,0.47,18.0,1.0,0.6,0.5,26.79,27.4,29.52,28.13,3.0,2.1,18.0,1.0,0.6,0.5,18.3,18.48,18.66,18.48,2.0,0.37,18.0,1.0,0.5,0.5,82.1,82.9,83.7,82.9,2.0,1.7,18.0,1.0,0.5,6.52,7.2,7.88,7.2,2.0,1.41,18.0,1.0,0.5,0.5,6.26,6.6,6.94,6.6,2.0,0.7,18.0,1.0,0.5,0.5,-3.28,-1.51,0.26,-1.51,2.0,3.66,18.0,1.0,0.5,0.5,1007.13,1010.0,1010.07,1008.63,3.0,2.45,18.0,1.0,0.6,0.5,7.0,7.0,7.0,7.0,3.0,0.0,18.0,1.0,0.6,0.5,41.1,48.0,55.0,48.0,2.0,14.4,18.0,1.0,0.5,0.5,-27.2,-13.5,0.3,-13.5,2.0,28.5,18.0,1.0,0.5,0.5,-1.58,0.4,0.54,-0.5,3.0,1.73,18.0,1.0,0.6,0.5,2.9,3.7,4.5,3.7,2.0,1.7,18.0,1.0,0.5,0.5,4.36,4.54,4.72,4.54,2.0,0.37,18.0,1.0,0.5,0.5,30.6,32.4,34.3,32.4,2.0,3.7,18.0,1.0,0.5,0.5,170.6,177.7,184.9,177.7,2.0,14.8,18.0,1.0,0.5,0.5,-86.7,-39.6,7.6,-39.6,2.0,97.7,18.0,1.0,0.5,0.5,116.8,121.9,127.0,121.9,2.0,10.5,18.0,1.0,0.5,0.5,-59.6,-27.3,5.1,-27.3,2.0,67.1,18.0,1.0,0.5,0.5,29.5,29.9,30.2,29.9,2.0,0.7,18.0,1.0,0.5,0.5,-13.9,-6.2,1.6,-6.2,2.0,16.1,18.0,1.0,0.5,0.5,288.0,395.0,501.5,395.0,2.0,221.5,18.0,1.0,0.5,0.5,290.0,395.0,500.0,395.0,2.0,220.0,18.0,1.0,0.5,0.5
1974,2,81.0,-5.0,27.49,28.5,29.0,28.18,6.0,1.07,14.0,0.8,0.3,0.8,26.2,27.1,28.58,27.43,7.0,1.46,14.0,0.7,0.3,0.8,17.59,18.53,19.5,18.65,5.0,1.36,14.0,0.6,0.2,0.8,80.2,82.9,85.9,83.3,6.0,3.1,14.0,0.7,0.7,4.96,5.7,6.77,5.94,7.0,1.3,14.0,0.7,0.3,0.8,3.66,5.36,5.86,4.95,7.0,1.33,14.0,0.7,0.3,0.8,-4.11,-3.21,-2.05,-3.16,7.0,0.92,14.0,0.7,0.3,0.8,1008.01,1011.45,1012.38,1010.47,6.0,2.47,14.0,0.7,0.3,0.8,2.0,3.0,7.0,4.1,7.0,2.5,14.0,0.7,0.3,0.8,18.9,30.5,39.8,30.8,7.0,14.8,14.0,0.7,0.3,0.8,-25.3,-19.2,-11.0,-19.4,7.0,8.6,14.0,0.7,0.3,0.8,-0.57,0.55,1.9,0.55,6.0,1.23,14.0,0.8,0.3,0.8,-2.5,3.8,11.0,3.7,6.0,6.9,14.0,0.8,0.3,0.8,4.12,4.73,5.88,4.99,4.0,1.19,16.0,0.8,0.2,0.9,23.3,33.7,36.8,30.2,4.0,9.9,16.0,0.8,0.2,0.9,99.1,140.1,154.4,135.7,7.0,37.0,14.0,0.7,0.3,0.8,-116.9,-87.8,-54.7,-87.0,7.0,26.5,14.0,0.7,0.3,0.8,65.8,100.4,119.1,96.2,5.0,34.4,14.0,0.6,0.2,0.8,-82.6,-59.0,-49.9,-63.9,5.0,20.0,14.0,0.6,0.2,0.8,18.8,25.7,29.3,24.1,4.0,7.4,16.0,0.8,0.2,0.9,-23.7,-16.8,-11.7,-17.6,4.0,8.6,16.0,0.8,0.2,0.9,122.5,185.0,312.5,236.5,7.0,157.5,14.0,0.7,0.3,0.8,120.0,185.0,315.0,235.0,7.0,160.0,14.0,0.7,0.3,0.8
1974,2,81.0,-4.0,27.0,28.0,28.05,27.69,17.0,0.81,18.0,0.6,0.5,0.5,26.34,27.35,28.72,27.54,18.0,1.27,18.0,0.6,0.5,0.5,17.06,18.06,18.61,17.69,10.0,1.34,16.0,0.8,0.5,0.5,72.7,79.2,82.8,78.3,11.0,5.2,16.0,0.7,0.5,3.23,4.6,8.24,5.26,16.0,2.39,18.0,0.6,0.5,0.5,2.96,4.15,7.15,4.72,16.0,2.27,18.0,0.6,0.5,0.5,-2.83,-1.04,0.92,-1.06,16.0,2.24,18.0,0.6,0.5,0.5,1008.2,1009.55,1011.0,1009.64,16.0,1.56,18.0,0.7,0.5,0.5,2.7,6.0,7.0,5.3,18.0,1.9,18.0,0.6,0.5,0.5,9.8,19.1,63.1,29.7,16.0,27.1,18.0,0.6,0.5,0.5,-16.5,-4.0,2.9,-8.2,16.0,16.9,18.0,0.6,0.5,0.5,-0.68,0.5,0.98,0.06,17.0,1.3,18.0,0.6,0.5,0.5,-3.4,1.6,2.7,0.2,15.0,8.2,18.0,0.7,0.5,0.5,4.44,5.4,6.89,5.47,10.0,1.63,16.0,0.8,0.5,0.5,13.8,22.8,51.0,30.7,8.0,23.6,16.0,0.9,0.5,0.5,78.9,114.7,188.9,130.5,16.0,63.4,18.0,0.6,0.5,0.5,-82.4,-29.5,25.1,-28.9,16.0,59.6,18.0,0.6,0.5,0.5,65.3,75.4,104.7,85.1,8.0,37.6,16.0,0.9,0.5,0.5,-39.5,0.0,23.2,-8.4,8.0,44.5,16.0,0.9,0.5,0.5,11.7,21.1,51.0,27.1,8.0,19.4,16.0,0.9,0.5,0.5,-10.6,0.0,6.3,-5.4,8.0,19.6,16.0,0.9,0.5,0.5,34.5,97.5,582.0,238.5,16.0,305.5,18.0,0.6,0.5,0.5,35.0,95.0,580.0,240.0,16.0,305.0,18.0,0.6,0.5,0.5
1974,2,81.0,-3.0,27.8,27.8,27.8,27.8,1.0,0.0,2.0,0.0,0.4,0.9,26.72,26.75,26.78,26.75,2.0,0.07,6.0,0.0,0.3,0.9,17.44,17.96,18.47,17.96,2.0,1.06,6.0,0.0,0.3,0.9,79.4,81.7,84.1,81.7,2.0,4.9,6.0,0.0,0.9,5.43,7.2,8.97,7.2,2.0,3.68,6.0,0.0,0.3,0.9,2.32,3.94,5.55,3.94,2.0,3.34,6.0,0.0,0.3,0.9,-5.63,-1.59,2.45,-1.59,2.0,8.36,6.0,0.0,0.3,0.9,1008.5,1010.0,1011.5,1010.0,2.0,3.11,6.0,0.0,0.3,0.9,3.3,4.0,4.7,4.0,2.0,1.4,6.0,0.0,0.3,0.9,15.9,34.5,53.1,34.5,2.0,38.5,6.0,0.0,0.3,0.9,-58.7,-26.8,5.1,-26.8,2.0,66.1,6.0,0.0,0.3,0.9,1.0,1.0,1.0,1.0,1.0,0.0,2.0,0.0,0.4,0.9,4.6,4.6,4.6,4.6,1.0,0.0,2.0,0.0,0.4,0.9,6.2,6.2,6.2,6.2,1.0,0.0,2.0,0.0,0.4,0.9,28.5,28.5,28.5,28.5,1.0,0.0,2.0,0.0,0.4,0.9,62.2,105.2,148.2,105.2,2.0,89.1,6.0,0.0,0.3,0.9,-150.2,-42.3,65.7,-42.3,2.0,223.6,6.0,0.0,0.3,0.9,41.5,72.5,103.4,72.5,2.0,64.2,6.0,0.0,0.3,0.9,-106.4,-33.0,40.3,-33.0,2.0,151.9,6.0,0.0,0.3,0.9,9.8,9.8,9.8,9.8,1.0,0.0,2.0,0.0,0.4,0.9,26.8,26.8,26.8,26.8,1.0,0.0,2.0,0.0,0.4,0.9,231.5,519.5,807.5,519.5,2.0,596.5,6.0,0.0,0.3,0.9,230.0,520.0,805.0,520.0,2.0,595.0,6.0,0.0,0.3,0.9
1974,2,81.0,-2.0,27.0,27.0,27.0,27.0,1.0,0.0,20.0,0.0,0.6,0.9,24.81,25.7,26.59,25.7,2.0,1.84,14.0,0.0,0.4,0.5,18.66,18.66,18.66,18.66,2.0,0.01,14.0,0.0,0.4,0.5,85.9,90.6,95.4,90.6,2.0,9.9,14.0,0.0,0.5,3.17,4.4,5.63,4.4,2.0,2.55,14.0,0.0,0.4,0.5,-0.91,0.71,2.34,0.71,2.0,3.37,14.0,0.0,0.4,0.5,-4.83,-3.68,-2.53,-3.68,2.0,2.39,14.0,0.0,0.4,0.5,1010.3,1010.5,1010.7,1010.5,2.0,0.42,14.0,0.0,0.4,0.5,6.2,6.5,6.8,6.5,2.0,0.7,14.0,0.0,0.4,0.5,-0.6,7.4,15.5,7.4,2.0,16.7,14.0,0.0,0.4,0.5,-28.8,-19.2,-9.6,-19.2,2.0,19.9,14.0,0.0,0.4,0.5,0.0,0.0,0.0,0.0,1.0,0.0,20.0,0.0,0.6,0.9,0.0,0.0,0.0,0.0,1.0,0.0,20.0,0.0,0.6,0.9,3.7,3.7,3.7,3.7,1.0,0.0,20.0,0.0,0.6,0.9,9.6,9.6,9.6,9.6,1.0,0.0,20.0,0.0,0.6,0.9,-26.0,15.3,56.5,15.3,2.0,85.4,14.0,0.0,0.4,0.5,-118.8,-92.4,-66.0,-92.4,2.0,54.6,14.0,0.0,0.4,0.5,-17.1,13.3,43.7,13.3,2.0,62.9,14.0,0.0,0.4,0.5,-90.2,-68.7,-47.2,-68.7,2.0,44.5,14.0,0.0,0.4,0.5,-6.2,-6.2,-6.2,-6.2,1.0,0.0,20.0,0.0,0.6,0.9,-7.4,-7.4,-7.4,-7.4,1.0,0.0,20.0,0.0,0.6,0.9,52.5,128.0,203.5,128.0,2.0,156.0,14.0,0.0,0.4,0.5,55.0,130.0,205.0,130.0,2.0,155.0,14.0,0.0,0.4,0.5
1974,2,81.0,-1.0,27.09,27.45,27.76,27.43,4.0,0.49,14.0,0.3,0.3,0.6,26.19,26.7,27.69,26.92,5.0,0.89,16.0,0.4,0.2,0.5,15.93,16.75,18.14,16.97,5.0,1.19,16.0,0.4,0.2,0.5,73.5,73.9,79.3,76.3,5.0,4.5,16.0,0.4,0.5,1.65,2.6,2.78,2.18,5.0,1.24,16.0,0.4,0.2,0.5,-0.32,0.54,1.44,0.52,5.0,1.02,16.0,0.4,0.2,0.5,-2.67,-1.99,0.82,-1.05,5.0,2.17,16.0,0.4,0.2,0.5,1006.77,1008.4,1009.76,1008.16,5.0,2.08,16.0,0.4,0.2,0.5,2.0,3.0,4.5,3.3,4.0,1.5,14.0,0.3,0.2,0.5,-0.8,1.7,3.7,1.4,5.0,2.7,16.0,0.4,0.2,0.5,-7.5,-5.2,2.1,-3.0,5.0,6.0,16.0,0.4,0.2,0.5,-0.41,0.3,0.96,0.28,4.0,0.81,14.0,0.3,0.3,0.6,-1.1,1.0,2.7,0.8,4.0,2.2,14.0,0.3,0.3,0.6,5.14,5.4,6.21,5.66,4.0,0.88,14.0,0.3,0.3,0.6,13.4,14.0,18.0,15.6,4.0,4.0,14.0,0.3,0.3,0.6,-9.2,14.4,38.4,13.9,5.0,28.0,16.0,0.4,0.2,0.5,-73.5,-54.6,21.6,-29.2,5.0,58.4,16.0,0.4,0.2,0.5,-6.0,8.7,25.1,8.7,5.0,18.0,16.0,0.4,0.2,0.5,-46.4,-33.4,14.8,-17.4,5.0,37.7,16.0,0.4,0.2,0.5,-0.7,5.1,7.8,3.6,4.0,6.0,14.0,0.3,0.3,0.6,-17.4,-12.0,0.7,-8.5,4.0,13.8,14.0,0.3,0.3,0.6,11.0,17.5,22.0,16.5,5.0,10.5,16.0,0.4,0.2,0.5,10.0,20.0,20.0,15.0,5.0,10.0,16.0,0.4,0.2,0.5
1974,2,81.0,0.0,28.18,29.0,29.0,28.63,9.0,0.54,24.0,0.2,0.5,0.2,27.03,27.2,27.4,27.39,9.0,0.62,24.0,0.2,0.5,0.2,17.51,17.87,18.23,18.15,9.0,1.1,24.0,0.2,0.5,0.2,77.5,79.3,81.8,79.5,9.0,2.2,24.0,0.2,0.2,1.63,2.0,5.46,2.89,9.0,2.19,24.0,0.2,0.5,0.2,-0.32,0.0,0.36,0.55,9.0,2.42,24.0,0.2,0.5,0.2,-1.08,0.98,1.97,0.09,9.0,2.83,24.0,0.2,0.5,0.2,1008.11,1011.1,1012.1,1010.44,9.0,2.0,24.0,0.2,0.5,0.2,1.3,2.0,4.0,2.6,9.0,1.4,24.0,0.2,0.5,0.2,-0.6,0.0,0.7,4.6,9.0,15.2,24.0,0.2,0.5,0.2,-1.6,1.0,3.9,-3.3,9.0,15.8,24.0,0.2,0.5,0.2,0.49,1.6,1.8,1.24,9.0,0.87,24.0,0.2,0.5,0.2,0.9,3.4,3.6,2.5,9.0,2.9,24.0,0.2,0.5,0.2,5.82,6.83,7.44,6.49,9.0,1.32,24.0,0.2,0.5,0.2,9.8,14.6,20.8,17.1,9.0,10.7,24.0,0.2,0.5,0.2,-8.8,0.0,9.9,16.4,9.0,69.6,24.0,0.2,0.5,0.2,-29.3,26.6,53.9,2.5,9.0,76.7,24.0,0.2,0.5,0.2,-5.8,0.0,6.4,12.2,9.0,49.8,24.0,0.2,0.5,0.2,-18.9,18.0,35.5,1.9,9.0,49.7,24.0,0.2,0.5,0.2,-2.1,0.0,2.7,1.1,9.0,9.7,24.0,0.2,0.5,0.2,-6.0,6.7,14.2,1.4,9.0,18.6,24.0,0.2,0.5,0.2,4.5,8.0,222.0,72.0,9.0,130.0,24.0,0.2,0.5,0.2,5.0,10.0,220.0,70.0,9.0,130.0,24.0,0.2,0.5,0.2
1974,2,81.0,1.0,27.92,27.95,27.98,27.95,2.0,0.07,20.0,0.5,0.5,0.3,27.3,27.95,28.6,27.95,2.0,1.34,20.0,0.5,0.5,0.3,16.86,17.47,18.08,17.47,2.0,1.26,20.0,0.5,0.5,0.3,73.7,74.1,74.4,74.1,2.0,0.7,20.0,0.5,0.3,0.81,2.55,4.29,2.55,2.0,3.61,20.0,0.5,0.5,0.3,0.28,0.87,1.47,0.87,2.0,1.23,20.0,0.5,0.5,0.3,-4.03,-2.4,-0.76,-2.4,2.0,3.39,20.0,0.5,0.5,0.3,1009.1,1010.4,1011.7,1010.4,2.0,2.69,20.0,0.5,0.5,0.3,0.5,1.5,2.5,1.5,2.0,2.1,20.0,0.5,0.5,0.3,1.4,4.4,7.5,4.4,2.0,6.3,20.0,0.5,0.5,0.3,-20.6,-12.2,-3.9,-12.2,2.0,17.3,20.0,0.5,0.5,0.3,-0.61,0.0,0.61,0.0,2.0,1.27,20.0,0.5,0.5,0.3,-3.9,-2.3,-0.7,-2.3,2.0,3.2,20.0,0.5,0.5,0.3,5.66,6.19,6.71,6.19,2.0,1.09,20.0,0.5,0.5,0.3,4.4,13.8,23.2,13.8,2.0,19.5,20.0,0.5,0.5,0.3,8.0,25.2,42.4,25.2,2.0,35.6,20.0,0.5,0.5,0.3,-116.5,-69.3,-22.0,-69.3,2.0,97.9,20.0,0.5,0.5,0.3,5.1,16.0,26.9,16.0,2.0,22.6,20.0,0.5,0.5,0.3,-74.0,-44.0,-14.0,-44.0,2.0,62.2,20.0,0.5,0.5,0.3,1.5,4.7,7.9,4.7,2.0,6.7,20.0,0.5,0.5,0.3,-21.8,-13.0,-4.1,-13.0,2.0,18.3,20.0,0.5,0.5,0.3,21.0,66.5,111.5,66.5,2.0,94.0,20.0,0.5,0.5,0.3,20.0,65.0,110.0,65.0,2.0,95.0,20.0,0.5,0.5,0.3
1974,2,81.0,2.0,,,,,,,,,,,,,,,,,,,,,,,,,,,,,,,,,,,,,,,,4.0,4.0,4.0,4.0,1.0,0.0,12.0,1.0,0.0,0.2,-1.37,-1.37,-1.37,-1.37,1.0,0.0,12.0,1.0,0.0,0.2,-3.76,-3.76,-3.76,-3.76,1.0,0.0,12.0,1.0,0.0,0.2,1012.3,1012.3,1012.3,1012.3,1.0,0.0,12.0,1.0,0.0,0.2,,,,,,,,,,,,,,,,,,,,,,,,,,,,,,,,,,,,,,,,,,,,,,,,,,,,,,,,,,,,,,,,,,,,,,,,,,,,,,,,,,,,,,,,,,,,,,,,,,,,,,,,,,,,,,,,,,,,,,,,,,,,,,,,,,,,,,,,,,,,,,,,,,,,,,
1974,2,81.0,3.0,27.16,27.75,28.0,27.62,6.0,0.43,20.0,0.7,0.5,0.2,27.16,27.65,29.15,28.13,6.0,1.35,20.0,0.7,0.5,0.2,17.39,17.78,18.24,17.8,6.0,0.48,20.0,0.7,0.5,0.2,71.8,77.0,77.4,74.8,6.0,4.1,20.0,0.7,0.2,2.67,5.1,6.3,4.53,6.0,2.13,20.0,0.7,0.5,0.2,-1.36,-0.27,0.1,-0.55,6.0,0.95,20.0,0.7,0.5,0.2,-5.99,-5.1,-2.6,-4.42,6.0,2.1,20.0,0.7,0.5,0.2,1008.9,1009.75,1011.27,1010.05,6.0,1.42,20.0,0.7,0.5,0.2,3.0,7.0,8.0,5.8,5.0,2.6,20.0,0.8,0.5,0.1,-8.9,-0.8,0.1,-3.7,6.0,5.6,20.0,0.7,0.5,0.2,-37.8,-26.0,-7.7,-23.8,6.0,16.2,20.0,0.7,0.5,0.2,-1.15,-0.2,0.24,-0.52,6.0,1.06,20.0,0.7,0.5,0.2,-7.5,-0.6,1.1,-3.3,6.0,6.4,20.0,0.7,0.5,0.2,5.28,5.4,5.65,5.4,6.0,0.28,20.0,0.7,0.5,0.2,15.2,26.3,34.4,24.5,6.0,11.6,20.0,0.7,0.5,0.2,-39.9,-7.3,2.9,-16.5,6.0,28.6,20.0,0.7,0.5,0.2,-180.2,-138.2,-70.9,-125.3,6.0,62.0,20.0,0.7,0.5,0.2,-24.8,-4.7,1.9,-10.0,6.0,17.5,20.0,0.7,0.5,0.2,-109.5,-88.5,-45.4,-78.7,6.0,38.1,20.0,0.7,0.5,0.2,-7.6,-1.5,0.6,-3.1,6.0,5.2,20.0,0.7,0.5,0.2,-32.7,-26.3,-14.8,-23.9,6.0,11.5,20.0,0.7,0.5,0.2,24.0,132.5,251.0,139.0,6.0,116.0,20.0,0.7,0.5,0.2,25.0,135.0,250.0,140.0,6.0,115.0,20.0,0.7,0.5,0.2
1974,2,81.0,4.0,26.82,27.5,27.57,27.2,3.0,0.61,16.0,0.7,0.2,0.3,26.0,26.0,27.09,26.53,3.0,0.92,16.0,0.7,0.2,0.3,16.53,17.22,17.69,17.12,3.0,0.85,16.0,0.7,0.2,0.3,75.5,77.2,82.6,79.0,3.0,5.4,16.0,0.7,0.3,4.08,5.1,6.87,5.47,3.0,2.07,16.0,0.7,0.2,0.3,-2.35,-1.74,-1.39,-1.87,3.0,0.71,16.0,0.7,0.2,0.3,-6.46,-4.79,-3.83,-5.14,3.0,1.95,16.0,0.7,0.2,0.3,1008.91,1009.8,1010.96,1009.93,3.0,1.5,16.0,0.7,0.2,0.3,4.6,8.0,8.0,6.3,3.0,2.9,16.0,0.7,0.2,0.3,-16.7,-8.9,-5.8,-11.2,3.0,8.2,16.0,0.7,0.2,0.3,-45.8,-24.4,-16.1,-30.8,3.0,22.4,16.0,0.7,0.2,0.3,0.09,0.5,1.25,0.67,3.0,0.86,16.0,0.7,0.2,0.3,0.9,3.9,5.2,3.0,3.0,3.2,16.0,0.7,0.2,0.3,5.36,5.5,5.7,5.53,3.0,0.25,16.0,0.7,0.2,0.3,22.4,29.5,38.3,30.3,3.0,11.6,16.0,0.7,0.2,0.3,-62.0,-48.1,-37.1,-49.5,3.0,18.3,16.0,0.7,0.2,0.3,-170.4,-132.3,-102.0,-136.1,3.0,50.2,16.0,0.7,0.2,0.3,-38.7,-30.0,-24.6,-31.6,3.0,10.4,16.0,0.7,0.2,0.3,-106.3,-82.5,-67.6,-86.8,3.0,28.6,16.0,0.7,0.2,0.3,-13.1,-10.1,-7.7,-10.4,3.0,4.0,16.0,0.7,0.2,0.3,-35.9,-27.7,-21.0,-28.5,3.0,10.9,16.0,0.7,0.2,0.3,74.0,132.5,353.5,212.0,3.0,216.0,16.0,0.7,0.2,0.3,75.0,135.0,355.0,210.0,3.0,215.0,16.0,0.7,0.2,0.3
1974,2,81.0,5.0,26.8,27.0,27.86,27.16,18.0,0.63,14.0,0.5,0.4,0.7,25.73,26.65,28.43,26.91,22.0,1.46,14.0,0.5,0.5,0.7,15.52,17.55,19.24,17.47,21.0,1.66,14.0,0.5,0.5,0.7,68.7,82.1,87.2,79.1,21.0,9.5,14.0,0.5,0.7,4.12,6.45,9.3,6.63,20.0,2.79,14.0,0.5,0.5,0.7,-7.23,-4.56,-1.1,-4.43,20.0,2.93,14.0,0.5,0.5,0.7,-6.28,-4.04,-1.75,-3.88,20.0,3.0,14.0,0.5,0.5,0.7,1008.37,1009.65,1011.33,1009.76,22.0,1.49,14.0,0.5,0.5,0.7,3.0,4.5,7.0,4.7,22.0,2.1,14.0,0.5,0.5,0.7,-58.2,-27.7,-6.7,-35.5,20.0,27.6,14.0,0.5,0.5,0.7,-51.5,-27.1,-9.0,-31.8,20.0,28.0,14.0,0.5,0.5,0.7,-1.18,0.7,1.8,0.44,18.0,1.47,14.0,0.5,0.4,0.7,-3.0,6.6,15.7,5.5,16.0,9.0,14.0,0.5,0.4,0.7,3.92,4.85,6.55,5.12,17.0,1.46,14.0,0.5,0.5,0.7,17.9,37.2,50.3,34.8,15.0,19.1,14.0,0.5,0.5,0.7,-204.4,-116.4,-31.7,-118.3,20.0,81.2,14.0,0.5,0.5,0.7,-176.9,-102.3,-49.0,-101.8,20.0,78.2,14.0,0.5,0.5,0.7,-125.9,-80.4,-14.5,-73.8,19.0,52.0,14.0,0.5,0.5,0.7,-107.9,-72.1,-25.6,-65.8,19.0,49.7,14.0,0.5,0.5,0.7,-33.0,-22.6,-8.4,-21.5,15.0,14.7,14.0,0.5,0.5,0.7,-40.3,-27.2,-8.0,-24.0,15.0,18.1,14.0,0.5,0.5,0.7,70.0,269.5,804.5,427.0,20.0,380.0,14.0,0.5,0.5,0.7,70.0,270.0,805.0,425.0,20.0,380.0,14.0,0.5,0.5,0.7
1974,2,81.0,6.0,26.55,27.55,29.03,27.73,12.0,1.32,18.0,0.6,0.6,0.3,26.36,27.8,29.62,27.88,13.0,1.6,16.0,0.6,0.5,0.2,16.29,16.64,18.94,17.7,9.0,2.21,20.0,0.7,0.6,0.3,69.6,72.8,83.6,75.3,9.0,7.5,20.0,0.7,0.3,3.6,5.65,9.55,6.61,12.0,2.97,18.0,0.6,0.5,0.1,-7.16,-1.85,-0.92,-3.46,12.0,3.44,18.0,0.6,0.5,0.1,-7.29,-3.85,-1.36,-3.92,12.0,3.85,18.0,0.6,0.5,0.1,1007.62,1009.65,1011.79,1009.81,14.0,2.3,18.0,0.6,0.5,0.2,1.0,3.5,5.0,3.5,14.0,2.3,18.0,0.6,0.5,0.2,-74.4,-8.8,-3.3,-30.0,12.0,35.3,18.0,0.6,0.5,0.1,-58.7,-21.7,-2.4,-31.1,12.0,39.5,18.0,0.6,0.5,0.1,-2.46,0.35,1.45,-0.13,12.0,2.3,18.0,0.6,0.6,0.3,-13.1,1.7,7.6,-0.1,10.0,14.1,18.0,0.5,0.6,0.2,2.32,6.47,8.34,5.28,9.0,3.41,20.0,0.7,0.6,0.3,7.1,24.6,54.2,28.7,7.0,25.6,20.0,0.6,0.6,0.2,-209.1,-53.4,-19.1,-93.1,11.0,97.1,16.0,0.5,0.6,0.2,-199.5,-128.8,-20.9,-111.6,11.0,110.0,16.0,0.5,0.6,0.2,-106.2,-30.2,1.0,-49.1,7.0,64.9,20.0,0.6,0.6,0.2,-103.1,-56.3,31.9,-42.8,7.0,72.3,20.0,0.6,0.6,0.2,-37.2,-2.7,2.3,-11.8,7.0,20.1,20.0,0.6,0.6,0.2,-51.1,-12.4,-4.8,-20.9,7.0,23.2,20.0,0.6,0.6,0.2,46.5,185.5,877.5,460.0,12.0,537.5,18.0,0.6,0.5,0.1,45.0,185.0,880.0,460.0,12.0,540.0,18.0,0.6,0.5,0.1
1974,2,81.0,7.0,,,,,,,,,,,,,,,,,,,,,,,,,,,,,,,,,,,,,,,,5.1,5.1,5.1,5.1,2.0,0.0,26.0,0.5,0.3,0.4,-4.99,-4.76,-4.53,-4.76,2.0,0.48,26.0,0.5,0.3,0.4,-2.15,-1.27,-0.4,-1.27,2.0,1.8,26.0,0.5,0.3,0.4,1011.6,1011.6,1011.6,1011.6,1.0,0.0,24.0,1.0,0.3,0.1,,,,,,,,,,,,,,,,,,,,,,,,,,,,,,,,,,,,,,,,,,,,,,,,,,,,,,,,,,,,,,,,,,,,,,,,,,,,,,,,,,,,,,,,,,,,,,,,,,,,,,,,,,,,,,,,,,,,,,,,,,,,,,,,,,,,,,,,,,,,,,,,,,,,,,
1974,2,81.0,8.0,27.03,27.1,27.17,27.1,3.0,0.1,18.0,1.0,0.7,0.6,25.9,28.05,30.41,28.08,6.0,2.78,14.0,0.8,0.7,0.6,17.64,17.86,18.09,17.86,2.0,0.46,26.0,1.0,0.8,0.4,76.3,79.7,83.0,79.7,2.0,7.0,26.0,1.0,0.4,2.06,3.3,5.03,3.42,6.0,2.26,14.0,0.8,0.7,0.6,-3.54,-2.12,-0.71,-2.32,6.0,2.02,14.0,0.8,0.7,0.6,-3.39,-2.75,-1.58,-2.4,6.0,1.31,14.0,0.8,0.7,0.6,1011.58,1012.8,1013.56,1012.67,6.0,1.0,14.0,0.8,0.7,0.6,1.8,3.5,6.2,3.8,6.0,2.3,14.0,0.8,0.7,0.6,-18.8,-7.3,-1.8,-11.6,6.0,14.3,14.0,0.8,0.7,0.6,-17.5,-9.3,-4.1,-10.4,6.0,8.2,14.0,0.8,0.7,0.6,-1.04,-0.9,0.26,-0.4,3.0,1.04,18.0,1.0,0.7,0.6,-3.7,-2.3,-0.7,-2.2,3.0,2.2,18.0,1.0,0.7,0.6,4.47,4.6,4.73,4.6,2.0,0.27,26.0,1.0,0.8,0.4,2.0,6.2,10.5,6.2,2.0,8.8,26.0,1.0,0.8,0.4,-103.8,-61.3,-19.7,-63.6,6.0,50.0,14.0,0.8,0.7,0.6,-91.9,-74.3,-47.4,-67.9,6.0,37.9,14.0,0.8,0.7,0.6,-13.1,-7.8,-2.5,-7.8,2.0,11.0,26.0,1.0,0.8,0.4,-36.0,-21.4,-6.8,-21.4,2.0,30.3,26.0,1.0,0.8,0.4,-3.6,-2.1,-0.7,-2.1,2.0,3.0,26.0,1.0,0.8,0.4,-9.9,-5.9,-1.9,-5.9,2.0,8.3,26.0,1.0,0.8,0.4,14.0,41.0,139.5,83.0,6.0,112.5,14.0,0.8,0.7,0.6,15.0,40.0,140.0,85.0,6.0,115.0,14.0,0.8,0.7,0.6
1974,2,81.0,9.0,26.32,26.8,27.28,26.8,2.0,0.99,14.0,1.0,0.4,0.8,26.0,26.2,28.73,27.24,5.0,1.76,12.0,0.8,0.4,0.7,17.13,18.22,19.32,18.22,2.0,2.27,14.0,1.0,0.4,0.8,80.7,86.2,91.7,86.2,2.0,11.4,14.0,1.0,0.8,1.83,4.1,6.93,4.32,5.0,3.01,12.0,0.8,0.4,0.7,-4.82,-3.55,-0.86,-3.04,5.0,2.42,12.0,0.8,0.4,0.7,-4.94,-2.25,-1.48,-2.96,5.0,2.0,12.0,0.8,0.4,0.7,1010.13,1010.4,1010.47,1010.3,3.0,0.26,18.0,1.0,0.4,0.6,0.6,2.0,4.1,2.4,5.0,2.3,12.0,0.8,0.4,0.7,-34.5,-14.6,-2.2,-18.8,5.0,20.7,12.0,0.8,0.4,0.7,-34.5,-8.4,-3.8,-17.4,5.0,18.2,12.0,0.8,0.4,0.7,0.15,0.7,1.25,0.7,2.0,1.13,14.0,1.0,0.4,0.8,0.8,4.2,7.7,4.2,2.0,7.2,14.0,1.0,0.4,0.8,3.42,3.89,4.36,3.89,2.0,0.97,14.0,1.0,0.4,0.8,22.7,28.7,34.7,28.7,2.0,12.5,14.0,1.0,0.4,0.8,-127.7,-103.6,-23.9,-82.7,5.0,63.9,12.0,0.8,0.4,0.7,-128.8,-63.0,-43.7,-79.8,5.0,51.0,12.0,0.8,0.4,0.7,-100.4,-91.7,-83.0,-91.7,2.0,17.9,14.0,1.0,0.4,0.8,-93.1,-90.9,-88.6,-90.9,2.0,4.7,14.0,1.0,0.4,0.8,-26.2,-20.8,-15.3,-20.8,2.0,11.3,14.0,1.0,0.4,0.8,-22.7,-19.7,-16.6,-19.7,2.0,6.3,14.0,1.0,0.4,0.8,11.0,69.0,352.5,175.5,5.0,230.5,12.0,0.8,0.4,0.7,10.0,70.0,355.0,175.0,5.0,230.0,12.0,0.8,0.4,0.7
1974,2,81.0,10.0,27.0,27.0,27.0,27.0,2.0,0.0,14.0,1.0,0.1,0.5,27.56,27.7,27.84,27.7,2.0,0.28,14.0,1.0,0.1,0.5,15.53,15.53,15.53,15.53,1.0,0.0,26.0,1.0,0.0,0.5,67.7,67.7,67.7,67.7,1.0,0.0,26.0,1.0,0.5,2.82,3.3,3.78,3.3,2.0,0.99,14.0,1.0,0.1,0.5,-2.0,-2.0,-1.99,-2.0,2.0,0.01,14.0,1.0,0.1,0.5,-3.18,-2.57,-1.96,-2.57,2.0,1.27,14.0,1.0,0.1,0.5,1009.69,1010.1,1010.51,1010.1,2.0,0.85,14.0,1.0,0.1,0.5,2.1,4.5,6.9,4.5,2.0,4.9,14.0,1.0,0.1,0.5,-7.6,-6.6,-5.6,-6.6,2.0,2.0,14.0,1.0,0.1,0.5,-12.3,-9.1,-5.9,-9.1,2.0,6.7,14.0,1.0,0.1,0.5,-0.84,-0.7,-0.56,-0.7,2.0,0.28,14.0,1.0,0.1,0.5,-3.2,-2.4,-1.7,-2.4,2.0,1.6,14.0,1.0,0.1,0.5,6.84,6.84,6.84,6.84,1.0,0.0,26.0,1.0,0.0,0.5,17.8,17.8,17.8,17.8,1.0,0.0,26.0,1.0,0.0,0.5,-55.6,-55.3,-54.9,-55.3,2.0,0.7,14.0,1.0,0.1,0.5,-88.6,-71.3,-54.0,-71.3,2.0,35.8,14.0,1.0,0.1,0.5,-30.9,-30.9,-30.9,-30.9,1.0,0.0,26.0,1.0,0.0,0.5,-26.0,-26.0,-26.0,-26.0,1.0,0.0,26.0,1.0,0.0,0.5,-13.6,-13.6,-13.6,-13.6,1.0,0.0,26.0,1.0,0.0,0.5,-11.4,-11.4,-11.4,-11.4,1.0,0.0,26.0,1.0,0.0,0.5,25.0,41.0,56.5,41.0,2.0,33.0,14.0,1.0,0.1,0.5,25.0,40.0,55.0,40.0,2.0,35.0,14.0,1.0,0.1,0.5
1974,2,81.0,11.0,,,,,,,,,,,,,,,,,,,,,,,,,,,,,,,,,,,,,,,,6.7,6.7,6.7,6.7,1.0,0.0,10.0,1.0,0.8,0.4,-6.3,-6.3,-6.3,-6.3,1.0,0.0,10.0,1.0,0.8,0.4,-2.29,-2.29,-2.29,-2.29,1.0,0.0,10.0,1.0,0.8,0.4,1012.0,1012.0,1012.0,1012.0,1.0,0.0,10.0,1.0,0.8,0.4,,,,,,,,,,,,,,,,,,,,,,,,,,,,,,,,,,,,,,,,,,,,,,,,,,,,,,,,,,,,,,,,,,,,,,,,,,,,,,,,,,,,,,,,,,,,,,,,,,,,,,,,,,,,,,,,,,,,,,,,,,,,,,,,,,,,,,,,,,,,,,,,,,,,,,
1974,2,81.0,14.0,26.91,27.35,27.79,27.35,2.0,0.92,8.0,1.0,0.3,0.0,25.29,25.8,27.0,26.13,4.0,1.25,10.0,0.5,0.4,0.4,14.36,14.36,14.36,14.36,1.0,0.0,10.0,1.0,0.5,0.0,70.3,70.3,70.3,70.3,1.0,0.0,10.0,1.0,0.0,2.73,3.0,4.43,3.57,3.0,1.34,8.0,0.7,0.4,0.2,-3.49,-2.6,-2.18,-2.83,3.0,0.98,8.0,0.7,0.4,0.2,-0.66,1.5,2.71,1.04,3.0,2.51,8.0,0.7,0.4,0.2,1008.75,1012.5,1012.98,1010.9,3.0,3.4,8.0,0.7,0.4,0.2,0.5,2.0,4.0,2.3,4.0,2.2,10.0,0.5,0.4,0.4,-16.1,-7.8,-6.0,-11.0,3.0,7.9,8.0,0.7,0.4,0.2,-1.5,4.5,12.8,5.6,3.0,10.6,8.0,0.7,0.4,0.2,0.26,0.6,0.94,0.6,2.0,0.71,8.0,1.0,0.3,0.0,0.7,1.6,2.5,1.6,2.0,1.8,8.0,1.0,0.3,0.0,7.54,7.54,7.54,7.54,1.0,0.0,10.0,1.0,0.5,0.0,19.6,19.6,19.6,19.6,1.0,0.0,10.0,1.0,0.5,0.0,-92.3,-72.5,-57.8,-75.0,3.0,25.4,8.0,0.7,0.4,0.2,-15.9,41.9,71.5,28.1,3.0,65.1,8.0,0.7,0.4,0.2,-28.6,-28.6,-28.6,-28.6,1.0,0.0,10.0,1.0,0.5,0.0,-24.0,-24.0,-24.0,-24.0,1.0,0.0,10.0,1.0,0.5,0.0,-15.0,-15.0,-15.0,-15.0,1.0,0.0,10.0,1.0,0.5,0.0,-12.6,-12.6,-12.6,-12.6,1.0,0.0,10.0,1.0,0.5,0.0,20.5,27.0,99.0,59.0,3.0,64.0,8.0,0.7,0.4,0.2,20.0,25.0,100.0,60.0,3.0,65.0,8.0,0.7,0.4,0.2
1974,2,81.0,15.0,,,,,,,,,,,,,,,,,,,,,,,,,,,,,,,,,,,,,,,,3.0,3.0,3.0,3.0,1.0,0.0,8.0,1.0,0.9,0.5,-2.3,-2.3,-2.3,-2.3,1.0,0.0,8.0,1.0,0.9,0.5,1.93,1.93,1.93,1.93,1.0,0.0,8.0,1.0,0.9,0.5,1010.2,1010.2,1010.2,1010.2,1.0,0.0,8.0,1.0,0.9,0.5,,,,,,,,,,,,,,,,,,,,,,,,,,,,,,,,,,,,,,,,,,,,,,,,,,,,,,,,,,,,,,,,,,,,,,,,,,,,,,,,,,,,,,,,,,,,,,,,,,,,,,,,,,,,,,,,,,,,,,,,,,,,,,,,,,,,,,,,,,,,,,,,,,,,,,
1974,2,82.0,-59.0,1.0,1.0,1.0,1.0,1.0,0.0,10.0,0.0,0.0,0.8,1.5,1.5,1.5,1.5,1.0,0.0,10.0,0.0,0.0,0.8,4.1,4.1,4.1,4.1,1.0,0.0,10.0,0.0,0.0,0.8,95.1,95.1,95.1,95.1,1.0,0.0,10.0,0.0,0.8,8.2,8.2,8.2,8.2,1.0,0.0,10.0,0.0,0.0,0.8,8.08,8.08,8.08,8.08,1.0,0.0,10.0,0.0,0.0,0.8,1.42,1.42,1.42,1.42,1.0,0.0,10.0,0.0,0.0,0.8,988.5,988.5,988.5,988.5,1.0,0.0,10.0,0.0,0.0,0.8,8.0,8.0,8.0,8.0,1.0,0.0,10.0,0.0,0.0,0.8,66.2,66.2,66.2,66.2,1.0,0.0,10.0,0.0,0.0,0.8,11.7,11.7,11.7,11.7,1.0,0.0,10.0,0.0,0.0,0.8,-0.5,-0.5,-0.5,-0.5,1.0,0.0,10.0,0.0,0.0,0.8,-4.1,-4.1,-4.1,-4.1,1.0,0.0,10.0,0.0,0.0,0.8,0.06,0.06,0.06,0.06,1.0,0.0,10.0,0.0,0.0,0.8,0.5,0.5,0.5,0.5,1.0,0.0,10.0,0.0,0.0,0.8,12.1,12.1,12.1,12.1,1.0,0.0,10.0,0.0,0.0,0.8,2.1,2.1,2.1,2.1,1.0,0.0,10.0,0.0,0.0,0.8,33.1,33.1,33.1,33.1,1.0,0.0,10.0,0.0,0.0,0.8,5.8,5.8,5.8,5.8,1.0,0.0,10.0,0.0,0.0,0.8,0.5,0.5,0.5,0.5,1.0,0.0,10.0,0.0,0.0,0.8,0.1,0.1,0.1,0.1,1.0,0.0,10.0,0.0,0.0,0.8,551.5,551.5,551.5,551.5,1.0,0.0,10.0,0.0,0.0,0.8,550.0,550.0,550.0,550.0,1.0,0.0,10.0,0.0,0.0,0.8
1974,2,82.0,-58.0,1.1,1.1,1.1,1.1,1.0,0.0,10.0,1.0,0.9,0.1,1.5,1.5,1.5,1.5,1.0,0.0,10.0,1.0,0.9,0.1,4.15,4.15,4.15,4.15,1.0,0.0,10.0,1.0,0.9,0.1,96.5,96.5,96.5,96.5,1.0,0.0,10.0,1.0,0.1,12.9,12.9,12.9,12.9,1.0,0.0,10.0,1.0,0.9,0.1,12.7,12.7,12.7,12.7,1.0,0.0,10.0,1.0,0.9,0.1,2.24,2.24,2.24,2.24,1.0,0.0,10.0,1.0,0.9,0.1,992.0,992.0,992.0,992.0,1.0,0.0,10.0,1.0,0.9,0.1,8.0,8.0,8.0,8.0,1.0,0.0,10.0,1.0,0.9,0.1,163.9,163.9,163.9,163.9,1.0,0.0,10.0,1.0,0.9,0.1,28.9,28.9,28.9,28.9,1.0,0.0,10.0,1.0,0.9,0.1,-0.4,-0.4,-0.4,-0.4,1.0,0.0,10.0,1.0,0.9,0.1,-5.2,-5.2,-5.2,-5.2,1.0,0.0,10.0,1.0,0.9,0.1,0.03,0.03,0.03,0.03,1.0,0.0,10.0,1.0,0.9,0.1,0.4,0.4,0.4,0.4,1.0,0.0,10.0,1.0,0.9,0.1,19.1,19.1,19.1,19.1,1.0,0.0,10.0,1.0,0.9,0.1,3.4,3.4,3.4,3.4,1.0,0.0,10.0,1.0,0.9,0.1,52.7,52.7,52.7,52.7,1.0,0.0,10.0,1.0,0.9,0.1,9.3,9.3,9.3,9.3,1.0,0.0,10.0,1.0,0.9,0.1,0.4,0.4,0.4,0.4,1.0,0.0,10.0,1.0,0.9,0.1,0.1,0.1,0.1,0.1,1.0,0.0,10.0,1.0,0.9,0.1,2146.5,2146.5,2146.5,2146.5,1.0,0.0,10.0,1.0,0.9,0.1,2145.0,2145.0,2145.0,2145.0,1.0,0.0,10.0,1.0,0.9,0.1
1974,2,82.0,-45.0,,,,,,,,,,,,,,,,,,,,,,,,,,,,,,,,,,,,,,,,3.0,3.0,3.0,3.0,1.0,0.0,18.0,1.0,0.0,0.8,-2.3,-2.3,-2.3,-2.3,1.0,0.0,18.0,1.0,0.0,0.8,1.93,1.93,1.93,1.93,1.0,0.0,18.0,1.0,0.0,0.8,1028.6,1028.6,1028.6,1028.6,1.0,0.0,18.0,1.0,0.0,0.8,,,,,,,,,,,,,,,,,,,,,,,,,,,,,,,,,,,,,,,,,,,,,,,,,,,,,,,,,,,,,,,,,,,,,,,,,,,,,,,,,,,,,,,,,,,,,,,,,,,,,,,,,,,,,,,,,,,,,,,,,,,,,,,,,,,,,,,,,,,,,,,,,,,,,,
1974,2,82.0,-44.0,11.5,11.5,11.5,11.5,1.0,0.0,4.0,1.0,0.9,1.0,12.4,12.4,12.4,12.4,1.0,0.0,4.0,1.0,0.9,1.0,6.25,6.25,6.25,6.25,1.0,0.0,4.0,1.0,0.9,1.0,71.5,71.5,71.5,71.5,1.0,0.0,4.0,1.0,1.0,2.1,2.1,2.1,2.1,1.0,0.0,4.0,1.0,0.9,1.0,1.82,1.82,1.82,1.82,1.0,0.0,4.0,1.0,0.9,1.0,1.05,1.05,1.05,1.05,1.0,0.0,4.0,1.0,0.9,1.0,1032.6,1032.6,1032.6,1032.6,1.0,0.0,4.0,1.0,0.9,1.0,5.0,5.0,5.0,5.0,1.0,0.0,4.0,1.0,0.9,1.0,3.8,3.8,3.8,3.8,1.0,0.0,4.0,1.0,0.9,1.0,2.2,2.2,2.2,2.2,1.0,0.0,4.0,1.0,0.9,1.0,-0.9,-0.9,-0.9,-0.9,1.0,0.0,4.0,1.0,0.9,1.0,-1.9,-1.9,-1.9,-1.9,1.0,0.0,4.0,1.0,0.9,1.0,2.0,2.0,2.0,2.0,1.0,0.0,4.0,1.0,0.9,1.0,4.2,4.2,4.2,4.2,1.0,0.0,4.0,1.0,0.9,1.0,22.6,22.6,22.6,22.6,1.0,0.0,4.0,1.0,0.9,1.0,13.0,13.0,13.0,13.0,1.0,0.0,4.0,1.0,0.9,1.0,11.4,11.4,11.4,11.4,1.0,0.0,4.0,1.0,0.9,1.0,6.6,6.6,6.6,6.6,1.0,0.0,4.0,1.0,0.9,1.0,3.6,3.6,3.6,3.6,1.0,0.0,4.0,1.0,0.9,1.0,2.1,2.1,2.1,2.1,1.0,0.0,4.0,1.0,0.9,1.0,9.5,9.5,9.5,9.5,1.0,0.0,4.0,1.0,0.9,1.0,10.0,10.0,10.0,10.0,1.0,0.0,4.0,1.0,0.9,1.0
1974,2,82.0,-40.0,15.16,15.5,15.84,15.5,2.0,0.71,6.0,1.0,0.8,0.6,14.8,15.0,15.2,15.0,2.0,0.42,6.0,1.0,0.8,0.6,9.55,9.87,10.2,9.87,2.0,0.67,6.0,1.0,0.8,0.6,92.9,95.0,97.1,95.0,2.0,4.4,6.0,1.0,0.6,1.72,4.35,6.98,4.35,2.0,5.44,6.0,1.0,0.8,0.6,0.07,0.23,0.4,0.23,2.0,0.33,6.0,1.0,0.8,0.6,1.16,4.01,6.87,4.01,2.0,5.92,6.0,1.0,0.8,0.6,1028.21,1031.25,1034.29,1031.25,2.0,6.29,6.0,1.0,0.8,0.6,4.6,6.0,7.4,6.0,2.0,2.8,6.0,1.0,0.8,0.6,0.0,0.1,0.2,0.1,2.0,0.2,6.0,1.0,0.8,0.6,10.6,33.6,56.6,33.6,2.0,47.6,6.0,1.0,0.8,0.6,-0.05,0.5,1.05,0.5,2.0,1.13,6.0,1.0,0.8,0.6,1.6,5.3,8.9,5.3,2.0,7.6,6.0,1.0,0.8,0.6,0.27,0.86,1.46,0.86,2.0,1.22,6.0,1.0,0.8,0.6,2.3,7.1,11.9,7.1,2.0,10.0,6.0,1.0,0.8,0.6,1.1,3.6,6.0,3.6,2.0,5.1,6.0,1.0,0.8,0.6,16.9,59.0,101.0,59.0,2.0,87.1,6.0,1.0,0.8,0.6,0.8,2.4,4.1,2.4,2.0,3.4,6.0,1.0,0.8,0.6,10.7,37.7,64.6,37.7,2.0,55.8,6.0,1.0,0.8,0.6,0.0,0.0,0.0,0.0,2.0,0.0,6.0,1.0,0.8,0.6,2.3,7.1,11.9,7.1,2.0,10.0,6.0,1.0,0.8,0.6,87.5,275.5,464.0,275.5,2.0,390.0,6.0,1.0,0.8,0.6,90.0,275.0,465.0,275.0,2.0,390.0,6.0,1.0,0.8,0.6
1974,2,82.0,-37.0,,,,,,,,,,,,,,,,,,,,,,,,,,,,,,,,,,,,,,,,5.1,5.1,5.1,5.1,1.0,0.0,12.0,1.0,0.5,1.0,-3.91,-3.91,-3.91,-3.91,1.0,0.0,12.0,1.0,0.5,1.0,-3.28,-3.28,-3.28,-3.28,1.0,0.0,12.0,1.0,0.5,1.0,1028.5,1028.5,1028.5,1028.5,1.0,0.0,12.0,1.0,0.5,1.0,,,,,,,,,,,,,,,,,,,,,,,,,,,,,,,,,,,,,,,,,,,,,,,,,,,,,,,,,,,,,,,,,,,,,,,,,,,,,,,,,,,,,,,,,,,,,,,,,,,,,,,,,,,,,,,,,,,,,,,,,,,,,,,,,,,,,,,,,,,,,,,,,,,,,,
1974,2,82.0,-34.0,21.0,21.0,21.0,21.0,1.0,0.0,12.0,1.0,0.5,0.3,19.5,19.5,19.5,19.5,1.0,0.0,12.0,1.0,0.5,0.3,12.03,12.03,12.03,12.03,1.0,0.0,12.0,1.0,0.5,0.3,86.6,86.6,86.6,86.6,1.0,0.0,12.0,1.0,0.3,4.6,4.6,4.6,4.6,1.0,0.0,12.0,1.0,0.5,0.3,-4.32,-4.32,-4.32,-4.32,1.0,0.0,12.0,1.0,0.5,0.3,-1.57,-1.57,-1.57,-1.57,1.0,0.0,12.0,1.0,0.5,0.3,1025.7,1025.7,1025.7,1025.7,1.0,0.0,12.0,1.0,0.5,0.3,6.0,6.0,6.0,6.0,1.0,0.0,12.0,1.0,0.5,0.3,-19.9,-19.9,-19.9,-19.9,1.0,0.0,12.0,1.0,0.5,0.3,-7.2,-7.2,-7.2,-7.2,1.0,0.0,12.0,1.0,0.5,0.3,1.5,1.5,1.5,1.5,1.0,0.0,12.0,1.0,0.5,0.3,6.9,6.9,6.9,6.9,1.0,0.0,12.0,1.0,0.5,0.3,3.25,3.25,3.25,3.25,1.0,0.0,12.0,1.0,0.5,0.3,15.0,15.0,15.0,15.0,1.0,0.0,12.0,1.0,0.5,0.3,-84.3,-84.3,-84.3,-84.3,1.0,0.0,12.0,1.0,0.5,0.3,-30.7,-30.7,-30.7,-30.7,1.0,0.0,12.0,1.0,0.5,0.3,-52.0,-52.0,-52.0,-52.0,1.0,0.0,12.0,1.0,0.5,0.3,-18.9,-18.9,-18.9,-18.9,1.0,0.0,12.0,1.0,0.5,0.3,-14.1,-14.1,-14.1,-14.1,1.0,0.0,12.0,1.0,0.5,0.3,-5.1,-5.1,-5.1,-5.1,1.0,0.0,12.0,1.0,0.5,0.3,97.5,97.5,97.5,97.5,1.0,0.0,12.0,1.0,0.5,0.3,95.0,95.0,95.0,95.0,1.0,0.0,12.0,1.0,0.5,0.3
1974,2,82.0,-33.0,22.0,22.0,22.0,22.0,1.0,0.0,10.0,1.0,0.5,0.2,18.7,20.2,21.7,20.2,2.0,3.11,16.0,1.0,0.4,0.3,9.77,9.77,9.77,9.77,1.0,0.0,10.0,1.0,0.5,0.2,77.4,77.4,77.4,77.4,1.0,0.0,10.0,1.0,0.2,4.17,5.4,6.63,5.4,2.0,2.55,16.0,1.0,0.4,0.3,-2.27,0.11,2.49,0.11,2.0,4.94,16.0,1.0,0.4,0.3,-5.44,-3.73,-2.03,-3.73,2.0,3.54,16.0,1.0,0.4,0.3,1017.74,1021.9,1026.06,1021.9,2.0,8.63,16.0,1.0,0.4,0.3,6.2,6.5,6.8,6.5,2.0,0.7,16.0,1.0,0.4,0.3,-6.1,6.9,19.9,6.9,2.0,26.9,16.0,1.0,0.4,0.3,-38.5,-24.7,-10.9,-24.7,2.0,28.6,16.0,1.0,0.4,0.3,4.0,4.0,4.0,4.0,1.0,0.0,10.0,1.0,0.5,0.2,14.4,14.4,14.4,14.4,1.0,0.0,10.0,1.0,0.5,0.2,6.46,6.46,6.46,6.46,1.0,0.0,10.0,1.0,0.5,0.2,23.2,23.2,23.2,23.2,1.0,0.0,10.0,1.0,0.5,0.2,-38.4,9.9,58.2,9.9,2.0,100.1,16.0,1.0,0.4,0.3,-121.0,-80.9,-40.8,-80.9,2.0,83.1,16.0,1.0,0.4,0.3,-33.0,-33.0,-33.0,-33.0,1.0,0.0,10.0,1.0,0.5,0.2,-12.0,-12.0,-12.0,-12.0,1.0,0.0,10.0,1.0,0.5,0.2,-21.8,-21.8,-21.8,-21.8,1.0,0.0,10.0,1.0,0.5,0.2,-8.0,-8.0,-8.0,-8.0,1.0,0.0,10.0,1.0,0.5,0.2,98.5,210.0,321.5,210.0,2.0,231.0,16.0,1.0,0.4,0.3,100.0,210.0,320.0,210.0,2.0,230.0,16.0,1.0,0.4,0.3
1974,2,82.0,-32.0,19.03,19.1,19.17,19.1,2.0,0.14,18.0,1.0,0.6,0.6,21.85,21.95,22.05,21.95,2.0,0.21,18.0,1.0,0.6,0.6,11.31,11.6,11.9,11.6,2.0,0.61,18.0,1.0,0.6,0.6,70.2,71.4,72.7,71.4,2.0,2.6,18.0,1.0,0.6,5.17,6.4,7.63,6.4,2.0,2.55,18.0,1.0,0.6,0.6,-4.99,-4.4,-3.8,-4.4,2.0,1.24,18.0,1.0,0.6,0.6,-5.75,-4.62,-3.48,-4.62,2.0,2.35,18.0,1.0,0.6,0.6,1019.83,1021.2,1022.57,1021.2,2.0,2.83,18.0,1.0,0.6,0.6,1.2,1.5,1.8,1.5,2.0,0.7,18.0,1.0,0.6,0.6,-38.9,-29.7,-20.5,-29.7,2.0,19.1,18.0,1.0,0.6,0.6,-45.5,-32.6,-19.6,-32.6,2.0,26.8,18.0,1.0,0.6,0.6,-3.02,-2.85,-2.68,-2.85,2.0,0.35,18.0,1.0,0.6,0.6,-23.3,-18.7,-14.1,-18.7,2.0,9.5,18.0,1.0,0.6,0.6,1.7,2.03,2.37,2.03,2.0,0.69,18.0,1.0,0.6,0.6,11.8,12.1,12.5,12.1,2.0,0.7,18.0,1.0,0.6,0.6,-110.2,-96.7,-83.1,-96.7,2.0,28.0,18.0,1.0,0.6,0.6,-127.0,-101.6,-76.3,-101.6,2.0,52.6,18.0,1.0,0.6,0.6,-59.6,-51.4,-43.2,-51.4,2.0,17.0,18.0,1.0,0.6,0.6,-68.8,-54.3,-39.8,-54.3,2.0,30.1,18.0,1.0,0.6,0.6,-8.8,-8.5,-8.2,-8.5,2.0,0.5,18.0,1.0,0.6,0.6,-9.3,-8.6,-7.8,-8.6,2.0,1.6,18.0,1.0,0.6,0.6,169.5,324.5,479.5,324.5,2.0,321.0,18.0,1.0,0.6,0.6,170.0,325.0,480.0,325.0,2.0,320.0,18.0,1.0,0.6,0.6
1974,2,82.0,-31.0,21.4,21.4,21.4,21.4,1.0,0.0,12.0,0.0,0.2,0.7,20.88,22.55,24.22,22.55,2.0,3.46,10.0,0.5,0.4,0.9,13.26,13.26,13.26,13.26,1.0,0.0,12.0,0.0,0.2,0.7,91.0,91.2,91.5,91.2,2.0,0.6,10.0,0.5,0.9,4.18,4.35,4.52,4.35,2.0,0.35,10.0,0.5,0.4,0.9,-3.2,-0.34,2.52,-0.34,2.0,5.93,10.0,0.5,0.4,0.9,-1.31,-1.1,-0.89,-1.1,2.0,0.43,10.0,0.5,0.4,0.9,1023.5,1023.5,1023.5,1023.5,1.0,0.0,12.0,0.0,0.2,0.7,8.0,8.0,8.0,8.0,2.0,0.0,10.0,0.5,0.4,0.9,-15.0,-2.5,10.0,-2.5,2.0,25.9,10.0,0.5,0.4,0.9,-5.4,-4.7,-4.0,-4.7,2.0,1.5,10.0,0.5,0.4,0.9,1.3,1.3,1.3,1.3,1.0,0.0,12.0,0.0,0.2,0.7,6.0,6.0,6.0,6.0,1.0,0.0,12.0,0.0,0.2,0.7,2.44,2.44,2.44,2.44,1.0,0.0,12.0,0.0,0.2,0.7,11.2,11.2,11.2,11.2,1.0,0.0,12.0,0.0,0.2,0.7,-61.3,2.6,66.6,2.6,2.0,132.5,10.0,0.5,0.4,0.9,-32.0,-25.6,-19.1,-25.6,2.0,13.4,10.0,0.5,0.4,0.9,-60.1,-60.1,-60.1,-60.1,1.0,0.0,12.0,0.0,0.2,0.7,-10.6,-10.6,-10.6,-10.6,1.0,0.0,12.0,0.0,0.2,0.7,-11.0,-11.0,-11.0,-11.0,1.0,0.0,12.0,0.0,0.2,0.7,-1.9,-1.9,-1.9,-1.9,1.0,0.0,12.0,0.0,0.2,0.7,73.5,83.0,93.0,83.0,2.0,20.0,10.0,0.5,0.4,0.9,75.0,85.0,95.0,85.0,2.0,20.0,10.0,0.5,0.4,0.9
1974,2,82.0,-28.0,23.0,23.0,23.0,23.0,1.0,0.0,4.0,0.0,0.2,0.9,20.9,20.9,20.9,20.9,1.0,0.0,4.0,0.0,0.2,0.9,11.91,11.91,11.91,11.91,1.0,0.0,4.0,0.0,0.2,0.9,78.4,78.4,78.4,78.4,1.0,0.0,4.0,0.0,0.9,9.3,9.3,9.3,9.3,1.0,0.0,4.0,0.0,0.2,0.9,-8.74,-8.74,-8.74,-8.74,1.0,0.0,4.0,0.0,0.2,0.9,3.18,3.18,3.18,3.18,1.0,0.0,4.0,0.0,0.2,0.9,1023.0,1023.0,1023.0,1023.0,1.0,0.0,4.0,0.0,0.2,0.9,7.0,7.0,7.0,7.0,1.0,0.0,4.0,0.0,0.2,0.9,-81.3,-81.3,-81.3,-81.3,1.0,0.0,4.0,0.0,0.2,0.9,29.6,29.6,29.6,29.6,1.0,0.0,4.0,0.0,0.2,0.9,2.1,2.1,2.1,2.1,1.0,0.0,4.0,0.0,0.2,0.9,19.5,19.5,19.5,19.5,1.0,0.0,4.0,0.0,0.2,0.9,5.42,5.42,5.42,5.42,1.0,0.0,4.0,0.0,0.2,0.9,50.4,50.4,50.4,50.4,1.0,0.0,4.0,0.0,0.2,0.9,-182.6,-182.6,-182.6,-182.6,1.0,0.0,4.0,0.0,0.2,0.9,66.5,66.5,66.5,66.5,1.0,0.0,4.0,0.0,0.2,0.9,-104.1,-104.1,-104.1,-104.1,1.0,0.0,4.0,0.0,0.2,0.9,37.9,37.9,37.9,37.9,1.0,0.0,4.0,0.0,0.2,0.9,-47.4,-47.4,-47.4,-47.4,1.0,0.0,4.0,0.0,0.2,0.9,17.3,17.3,17.3,17.3,1.0,0.0,4.0,0.0,0.2,0.9,804.5,804.5,804.5,804.5,1.0,0.0,4.0,0.0,0.2,0.9,805.0,805.0,805.0,805.0,1.0,0.0,4.0,0.0,0.2,0.9
1974,2,82.0,-27.0,22.5,22.5,22.5,22.5,1.0,0.0,8.0,1.0,0.5,0.1,21.7,21.7,21.7,21.7,1.0,0.0,8.0,1.0,0.5,0.1,9.58,9.58,9.58,9.58,1.0,0.0,8.0,1.0,0.5,0.1,60.0,60.0,60.0,60.0,1.0,0.0,8.0,1.0,0.1,11.3,11.3,11.3,11.3,1.0,0.0,8.0,1.0,0.5,0.1,-9.79,-9.79,-9.79,-9.79,1.0,0.0,8.0,1.0,0.5,0.1,5.65,5.65,5.65,5.65,1.0,0.0,8.0,1.0,0.5,0.1,1021.0,1021.0,1021.0,1021.0,1.0,0.0,8.0,1.0,0.5,0.1,7.0,7.0,7.0,7.0,1.0,0.0,8.0,1.0,0.5,0.1,-110.6,-110.6,-110.6,-110.6,1.0,0.0,8.0,1.0,0.5,0.1,63.8,63.8,63.8,63.8,1.0,0.0,8.0,1.0,0.5,0.1,0.8,0.8,0.8,0.8,1.0,0.0,8.0,1.0,0.5,0.1,9.0,9.0,9.0,9.0,1.0,0.0,8.0,1.0,0.5,0.1,7.27,7.27,7.27,7.27,1.0,0.0,8.0,1.0,0.5,0.1,82.1,82.1,82.1,82.1,1.0,0.0,8.0,1.0,0.5,0.1,-212.4,-212.4,-212.4,-212.4,1.0,0.0,8.0,1.0,0.5,0.1,122.6,122.6,122.6,122.6,1.0,0.0,8.0,1.0,0.5,0.1,-93.8,-93.8,-93.8,-93.8,1.0,0.0,8.0,1.0,0.5,0.1,54.1,54.1,54.1,54.1,1.0,0.0,8.0,1.0,0.5,0.1,-71.1,-71.1,-71.1,-71.1,1.0,0.0,8.0,1.0,0.5,0.1,41.1,41.1,41.1,41.1,1.0,0.0,8.0,1.0,0.5,0.1,1443.0,1443.0,1443.0,1443.0,1.0,0.0,8.0,1.0,0.5,0.1,1445.0,1445.0,1445.0,1445.0,1.0,0.0,8.0,1.0,0.5,0.1
1974,2,82.0,-26.0,23.1,23.1,23.1,23.1,1.0,0.0,6.0,1.0,0.8,0.3,23.0,23.0,23.0,23.0,1.0,0.0,6.0,1.0,0.8,0.3,12.09,12.09,12.09,12.09,1.0,0.0,6.0,1.0,0.8,0.3,69.8,69.8,69.8,69.8,1.0,0.0,6.0,1.0,0.3,11.8,11.8,11.8,11.8,1.0,0.0,6.0,1.0,0.8,0.3,-11.62,-11.62,-11.62,-11.62,1.0,0.0,6.0,1.0,0.8,0.3,2.05,2.05,2.05,2.05,1.0,0.0,6.0,1.0,0.8,0.3,1020.7,1020.7,1020.7,1020.7,1.0,0.0,6.0,1.0,0.8,0.3,5.0,5.0,5.0,5.0,1.0,0.0,6.0,1.0,0.8,0.3,-137.1,-137.1,-137.1,-137.1,1.0,0.0,6.0,1.0,0.8,0.3,24.2,24.2,24.2,24.2,1.0,0.0,6.0,1.0,0.8,0.3,0.1,0.1,0.1,0.1,1.0,0.0,6.0,1.0,0.8,0.3,1.2,1.2,1.2,1.2,1.0,0.0,6.0,1.0,0.8,0.3,5.39,5.39,5.39,5.39,1.0,0.0,6.0,1.0,0.8,0.3,63.6,63.6,63.6,63.6,1.0,0.0,6.0,1.0,0.8,0.3,-267.3,-267.3,-267.3,-267.3,1.0,0.0,6.0,1.0,0.8,0.3,47.1,47.1,47.1,47.1,1.0,0.0,6.0,1.0,0.8,0.3,-140.5,-140.5,-140.5,-140.5,1.0,0.0,6.0,1.0,0.8,0.3,24.8,24.8,24.8,24.8,1.0,0.0,6.0,1.0,0.8,0.3,-62.6,-62.6,-62.6,-62.6,1.0,0.0,6.0,1.0,0.8,0.3,11.0,11.0,11.0,11.0,1.0,0.0,6.0,1.0,0.8,0.3,1643.0,1643.0,1643.0,1643.0,1.0,0.0,6.0,1.0,0.8,0.3,1645.0,1645.0,1645.0,1645.0,1.0,0.0,6.0,1.0,0.8,0.3
1974,2,82.0,-23.0,23.0,23.0,23.0,23.0,1.0,0.0,28.0,0.0,0.7,0.4,24.5,24.5,24.5,24.5,1.0,0.0,28.0,0.0,0.7,0.4,16.5,16.5,16.5,16.5,1.0,0.0,28.0,0.0,0.7,0.4,86.0,86.0,86.0,86.0,1.0,0.0,28.0,0.0,0.4,8.2,8.2,8.2,8.2,1.0,0.0,28.0,0.0,0.7,0.4,-8.08,-8.08,-8.08,-8.08,1.0,0.0,28.0,0.0,0.7,0.4,1.42,1.42,1.42,1.42,1.0,0.0,28.0,0.0,0.7,0.4,1011.0,1011.0,1011.0,1011.0,1.0,0.0,28.0,0.0,0.7,0.4,8.0,8.0,8.0,8.0,1.0,0.0,28.0,0.0,0.7,0.4,-66.2,-66.2,-66.2,-66.2,1.0,0.0,28.0,0.0,0.7,0.4,11.7,11.7,11.7,11.7,1.0,0.0,28.0,0.0,0.7,0.4,-1.5,-1.5,-1.5,-1.5,1.0,0.0,28.0,0.0,0.7,0.4,-12.3,-12.3,-12.3,-12.3,1.0,0.0,28.0,0.0,0.7,0.4,1.05,1.05,1.05,1.05,1.0,0.0,28.0,0.0,0.7,0.4,8.6,8.6,8.6,8.6,1.0,0.0,28.0,0.0,0.7,0.4,-197.8,-197.8,-197.8,-197.8,1.0,0.0,28.0,0.0,0.7,0.4,34.9,34.9,34.9,34.9,1.0,0.0,28.0,0.0,0.7,0.4,-133.2,-133.2,-133.2,-133.2,1.0,0.0,28.0,0.0,0.7,0.4,23.5,23.5,23.5,23.5,1.0,0.0,28.0,0.0,0.7,0.4,-8.4,-8.4,-8.4,-8.4,1.0,0.0,28.0,0.0,0.7,0.4,1.5,1.5,1.5,1.5,1.0,0.0,28.0,0.0,0.7,0.4,551.5,551.5,551.5,551.5,1.0,0.0,28.0,0.0,0.7,0.4,550.0,550.0,550.0,550.0,1.0,0.0,28.0,0.0,0.7,0.4
1974,2,82.0,-21.0,25.93,26.0,26.55,26.23,3.0,0.49,24.0,0.3,0.4,0.9,25.1,25.3,25.98,25.53,3.0,0.68,24.0,0.3,0.4,0.9,15.85,17.84,18.73,17.3,3.0,2.16,24.0,0.3,0.4,0.9,79.1,89.3,89.6,84.4,3.0,8.8,24.0,0.3,0.9,8.89,9.3,12.1,10.47,3.0,2.56,24.0,0.3,0.4,0.9,-12.05,-9.16,-7.46,-9.74,3.0,3.41,24.0,0.3,0.4,0.9,-1.1,0.0,3.82,1.33,3.0,3.78,24.0,0.3,0.4,0.9,1007.45,1009.5,1011.07,1009.27,3.0,2.66,24.0,0.3,0.4,0.9,6.3,7.0,7.7,7.0,2.0,1.4,24.0,0.0,0.5,0.9,-149.6,-85.2,-66.6,-107.6,3.0,63.8,24.0,0.3,0.4,0.9,-10.3,0.0,33.2,11.2,3.0,33.3,24.0,0.3,0.4,0.9,0.53,0.6,0.87,0.7,3.0,0.26,24.0,0.3,0.4,0.9,4.8,5.2,10.8,7.8,3.0,4.9,24.0,0.3,0.4,0.9,3.08,3.3,5.12,4.08,3.0,1.65,24.0,0.3,0.4,0.9,32.9,44.2,49.5,41.3,3.0,12.4,24.0,0.3,0.4,0.9,-305.1,-240.9,-191.5,-248.2,3.0,83.4,24.0,0.3,0.4,0.9,-29.0,0.0,96.6,33.0,3.0,96.3,24.0,0.3,0.4,0.9,-218.8,-175.3,-123.5,-171.3,3.0,69.9,24.0,0.3,0.4,0.9,-21.1,0.0,57.0,17.5,3.0,59.2,24.0,0.3,0.4,0.9,-42.8,-39.8,-31.2,-37.1,3.0,8.8,24.0,0.3,0.4,0.9,-3.3,0.0,22.8,9.5,3.0,20.8,24.0,0.3,0.4,0.9,705.0,804.5,1897.5,1289.5,3.0,969.5,24.0,0.3,0.4,0.9,705.0,805.0,1900.0,1290.0,3.0,970.0,24.0,0.3,0.4,0.9
1974,2,82.0,-20.0,25.13,25.75,26.84,25.98,4.0,1.19,16.0,0.5,0.7,0.6,23.95,25.0,26.66,25.26,5.0,1.79,12.0,0.4,0.6,0.5,14.7,17.3,18.49,16.63,4.0,2.43,16.0,0.5,0.7,0.6,73.4,81.9,86.1,79.9,4.0,8.6,16.0,0.5,0.6,4.92,7.7,10.03,7.6,5.0,2.82,12.0,0.4,0.6,0.5,-8.66,-7.12,-4.84,-7.01,5.0,2.6,12.0,0.4,0.6,0.5,0.27,1.96,3.85,2.13,5.0,2.51,12.0,0.4,0.6,0.5,1010.82,1012.0,1013.84,1012.42,5.0,2.16,12.0,0.4,0.6,0.5,3.9,6.0,8.0,5.8,5.0,2.5,12.0,0.4,0.6,0.5,-88.0,-55.7,-23.9,-58.8,5.0,42.1,12.0,0.4,0.6,0.5,1.5,20.3,34.4,19.8,5.0,22.8,12.0,0.4,0.6,0.5,-0.2,-0.1,0.52,0.15,4.0,0.57,16.0,0.5,0.7,0.6,-1.5,-0.5,4.0,1.2,4.0,4.4,16.0,0.5,0.7,0.6,3.38,4.42,5.4,4.39,4.0,1.44,16.0,0.5,0.7,0.6,17.5,28.0,45.3,31.3,4.0,19.0,16.0,0.5,0.7,0.6,-206.5,-177.3,-131.6,-173.7,5.0,52.6,12.0,0.4,0.6,0.5,8.0,45.1,95.5,52.6,5.0,62.7,12.0,0.4,0.6,0.5,-106.7,-94.2,-88.1,-97.2,4.0,14.2,16.0,0.5,0.7,0.6,0.1,29.5,62.1,31.1,4.0,40.1,16.0,0.5,0.7,0.6,-37.4,-26.9,-17.3,-27.3,4.0,13.3,16.0,0.5,0.7,0.6,0.9,7.6,24.4,12.4,4.0,17.0,16.0,0.5,0.7,0.6,120.0,456.5,1037.5,587.0,5.0,557.5,12.0,0.4,0.6,0.5,120.0,455.0,1040.0,585.0,5.0,555.0,12.0,0.4,0.6,0.5
1974,2,82.0,-19.0,,,,,,,,,,,,,,,,,,,,,,,,,,,,,,,,,,,,,,,,5.1,5.1,5.1,5.1,1.0,0.0,14.0,0.0,0.3,0.1,-4.79,-4.79,-4.79,-4.79,1.0,0.0,14.0,0.0,0.3,0.1,1.74,1.74,1.74,1.74,1.0,0.0,14.0,0.0,0.3,0.1,1015.0,1015.0,1015.0,1015.0,1.0,0.0,14.0,0.0,0.3,0.1,6.0,6.0,6.0,6.0,1.0,0.0,14.0,0.0,0.3,0.1,-24.4,-24.4,-24.4,-24.4,1.0,0.0,14.0,0.0,0.3,0.1,8.9,8.9,8.9,8.9,1.0,0.0,14.0,0.0,0.3,0.1,,,,,,,,,,,,,,,,,,,,,,,,,,,,,,,,,,,,,,,,,-117.4,-117.4,-117.4,-117.4,1.0,0.0,14.0,0.0,0.3,0.1,42.7,42.7,42.7,42.7,1.0,0.0,14.0,0.0,0.3,0.1,-73.6,-73.6,-73.6,-73.6,1.0,0.0,14.0,0.0,0.3,0.1,26.8,26.8,26.8,26.8,1.0,0.0,14.0,0.0,0.3,0.1,,,,,,,,,,,,,,,,,,,,,,,,,,,,,,,,,,,,,,,,
1974,2,82.0,-11.0,28.0,28.0,28.0,28.0,1.0,0.0,24.0,0.0,0.2,0.5,26.0,26.0,26.0,26.0,1.0,0.0,24.0,0.0,0.2,0.5,17.98,17.98,17.98,17.98,1.0,0.0,24.0,0.0,0.2,0.5,85.1,85.1,85.1,85.1,1.0,0.0,24.0,0.0,0.5,,,,,,,,,,,,,,,,,,,,,,,,,,,,,,,,,,,,,,,,,,,,,,,,,,,,,,,,,,,,,,,,,,,,,,,,,,,,,,,,,,,,,,,,,,,,,,,,,,,,,,,,,,,,,,,,,,,,,,,,,,,,,,,,,,,,,,,,,,,,,,,,,,,,,,,,,,,,,,,,,,,,,,,,,,,,,,,,,,,,,,,,,,,,,,
1974,2,82.0,-8.0,27.8,27.8,27.8,27.8,1.0,0.0,8.0,1.0,0.2,0.7,28.0,28.0,28.0,28.0,1.0,0.0,8.0,1.0,0.2,0.7,17.16,17.16,17.16,17.16,1.0,0.0,8.0,1.0,0.2,0.7,72.5,72.5,72.5,72.5,1.0,0.0,8.0,1.0,0.7,1.0,1.0,1.0,1.0,1.0,0.0,8.0,1.0,0.2,0.7,-0.87,-0.87,-0.87,-0.87,1.0,0.0,8.0,1.0,0.2,0.7,-0.5,-0.5,-0.5,-0.5,1.0,0.0,8.0,1.0,0.2,0.7,1008.5,1008.5,1008.5,1008.5,1.0,0.0,8.0,1.0,0.2,0.7,5.0,5.0,5.0,5.0,1.0,0.0,8.0,1.0,0.2,0.7,-0.9,-0.9,-0.9,-0.9,1.0,0.0,8.0,1.0,0.2,0.7,-0.5,-0.5,-0.5,-0.5,1.0,0.0,8.0,1.0,0.2,0.7,-0.2,-0.2,-0.2,-0.2,1.0,0.0,8.0,1.0,0.2,0.7,-0.2,-0.2,-0.2,-0.2,1.0,0.0,8.0,1.0,0.2,0.7,6.33,6.33,6.33,6.33,1.0,0.0,8.0,1.0,0.2,0.7,6.3,6.3,6.3,6.3,1.0,0.0,8.0,1.0,0.2,0.7,-24.2,-24.2,-24.2,-24.2,1.0,0.0,8.0,1.0,0.2,0.7,-14.0,-14.0,-14.0,-14.0,1.0,0.0,8.0,1.0,0.2,0.7,-14.9,-14.9,-14.9,-14.9,1.0,0.0,8.0,1.0,0.2,0.7,-8.6,-8.6,-8.6,-8.6,1.0,0.0,8.0,1.0,0.2,0.7,-5.5,-5.5,-5.5,-5.5,1.0,0.0,8.0,1.0,0.2,0.7,-3.2,-3.2,-3.2,-3.2,1.0,0.0,8.0,1.0,0.2,0.7,1.0,1.0,1.0,1.0,1.0,0.0,8.0,1.0,0.2,0.7,0.0,0.0,0.0,0.0,1.0,0.0,8.0,1.0,0.2,0.7
1974,2,82.0,-5.0,26.21,26.45,26.69,26.45,2.0,0.49,20.0,0.0,0.4,0.6,26.7,26.7,26.7,26.7,1.0,0.0,24.0,0.0,0.2,0.3,18.12,18.12,18.12,18.12,1.0,0.0,24.0,0.0,0.2,0.3,82.6,82.6,82.6,82.6,1.0,0.0,24.0,0.0,0.3,8.2,8.2,8.2,8.2,2.0,0.0,20.0,0.0,0.4,0.6,7.76,7.89,8.02,7.89,2.0,0.26,20.0,0.0,0.4,0.6,1.64,2.11,2.59,2.11,2.0,0.98,20.0,0.0,0.4,0.6,1008.6,1008.8,1009.0,1008.8,2.0,0.42,20.0,0.0,0.4,0.6,4.5,5.5,6.5,5.5,2.0,2.1,20.0,0.0,0.4,0.6,63.7,64.7,65.7,64.7,2.0,2.1,20.0,0.0,0.4,0.6,13.5,17.3,21.2,17.3,2.0,8.0,20.0,0.0,0.4,0.6,-0.6,-0.6,-0.6,-0.6,1.0,0.0,24.0,0.0,0.2,0.3,-4.9,-4.9,-4.9,-4.9,1.0,0.0,24.0,0.0,0.2,0.3,3.09,3.09,3.09,3.09,1.0,0.0,24.0,0.0,0.2,0.3,25.3,25.3,25.3,25.3,1.0,0.0,24.0,0.0,0.2,0.3,205.7,205.7,205.7,205.7,1.0,0.0,24.0,0.0,0.2,0.3,74.9,74.9,74.9,74.9,1.0,0.0,24.0,0.0,0.2,0.3,139.7,139.7,139.7,139.7,1.0,0.0,24.0,0.0,0.2,0.3,50.8,50.8,50.8,50.8,1.0,0.0,24.0,0.0,0.2,0.3,23.8,23.8,23.8,23.8,1.0,0.0,24.0,0.0,0.2,0.3,8.7,8.7,8.7,8.7,1.0,0.0,24.0,0.0,0.2,0.3,551.5,551.5,551.5,551.5,2.0,0.0,20.0,0.0,0.4,0.6,550.0,550.0,550.0,550.0,2.0,0.0,20.0,0.0,0.4,0.6
1974,2,82.0,-4.0,27.0,27.35,27.8,27.35,14.0,0.78,14.0,0.4,0.4,0.8,26.09,27.0,28.16,27.15,15.0,1.4,14.0,0.3,0.4,0.8,16.75,18.12,19.08,17.98,12.0,1.13,14.0,0.4,0.4,0.8,76.0,80.8,85.3,80.1,13.0,5.5,14.0,0.4,0.8,3.63,5.1,7.7,5.53,14.0,1.71,14.0,0.4,0.4,0.8,2.58,4.23,5.85,4.35,14.0,1.87,14.0,0.4,0.4,0.8,-4.35,-1.94,0.83,-1.53,14.0,3.08,14.0,0.4,0.4,0.8,1006.96,1010.0,1010.72,1009.12,13.0,1.82,16.0,0.4,0.4,0.8,3.0,5.0,6.8,4.7,15.0,1.9,14.0,0.3,0.4,0.8,12.8,21.8,44.7,26.4,14.0,18.2,14.0,0.4,0.4,0.8,-23.0,-10.1,4.2,-9.7,14.0,20.5,14.0,0.4,0.4,0.8,-0.87,0.5,1.75,0.19,14.0,1.45,14.0,0.4,0.4,0.8,-3.7,2.0,7.3,1.3,13.0,9.0,14.0,0.4,0.4,0.8,3.9,5.0,5.64,4.8,12.0,0.87,14.0,0.4,0.4,0.8,17.7,24.4,43.4,29.0,12.0,12.5,14.0,0.4,0.4,0.8,70.6,109.6,164.4,118.9,14.0,53.8,14.0,0.4,0.4,0.8,-119.3,-51.5,25.3,-40.7,14.0,81.5,14.0,0.4,0.4,0.8,61.6,78.5,114.6,86.2,12.0,31.7,14.0,0.4,0.4,0.8,-83.9,-18.1,28.6,-22.3,12.0,57.8,14.0,0.4,0.4,0.8,14.8,21.0,33.8,23.6,12.0,11.5,14.0,0.4,0.4,0.8,-19.5,-5.5,6.6,-6.9,12.0,16.7,14.0,0.4,0.4,0.8,48.0,132.5,456.5,216.0,14.0,186.0,14.0,0.4,0.4,0.8,50.0,135.0,455.0,215.0,14.0,185.0,14.0,0.4,0.4,0.8
1974,2,82.0,-3.0,26.97,28.0,28.65,27.91,18.0,0.75,18.0,0.5,0.6,0.4,26.47,27.35,28.87,27.57,18.0,1.46,18.0,0.5,0.6,0.4,17.97,18.54,19.06,18.51,13.0,0.7,18.0,0.5,0.6,0.4,78.9,81.2,89.1,83.1,13.0,6.1,18.0,0.5,0.4,3.04,4.1,7.62,4.79,16.0,2.26,18.0,0.6,0.6,0.4,1.56,3.14,6.76,3.64,16.0,2.6,18.0,0.6,0.6,0.4,-3.87,-2.64,-0.4,-2.34,16.0,1.69,18.0,0.6,0.6,0.4,1006.94,1009.15,1011.13,1009.05,18.0,1.89,18.0,0.5,0.6,0.4,2.0,4.0,7.0,4.6,18.0,2.2,18.0,0.5,0.6,0.4,4.6,12.5,52.2,22.4,16.0,23.4,18.0,0.6,0.6,0.4,-22.7,-9.6,-1.3,-12.9,16.0,14.7,18.0,0.6,0.6,0.4,-1.53,0.45,1.8,0.33,18.0,1.48,18.0,0.5,0.6,0.4,-6.0,1.0,11.3,1.8,16.0,8.4,18.0,0.6,0.6,0.4,3.66,4.91,6.4,5.07,13.0,1.15,18.0,0.5,0.6,0.4,12.6,19.2,34.0,23.9,11.0,15.9,16.0,0.5,0.6,0.4,41.0,87.2,190.4,101.1,16.0,73.5,18.0,0.6,0.6,0.4,-105.7,-73.1,-10.7,-64.8,16.0,46.7,18.0,0.6,0.6,0.4,30.7,57.8,105.1,64.3,11.0,40.6,16.0,0.5,0.6,0.4,-78.7,-48.5,-11.6,-45.8,11.0,35.0,16.0,0.5,0.6,0.4,7.5,14.5,28.8,17.9,11.0,13.7,16.0,0.5,0.6,0.4,-22.1,-12.6,-2.3,-13.7,11.0,11.6,16.0,0.5,0.6,0.4,28.0,69.0,447.5,186.0,16.0,240.5,18.0,0.6,0.6,0.4,30.0,70.0,450.0,185.0,16.0,240.0,18.0,0.6,0.6,0.4
1974,2,82.0,-2.0,26.63,27.5,27.79,27.3,5.0,0.72,12.0,0.6,0.1,0.5,27.08,28.7,31.38,29.08,6.0,2.18,12.0,0.7,0.1,0.5,16.58,17.27,18.79,17.61,5.0,1.13,10.0,0.6,0.1,0.5,68.7,73.7,74.9,72.0,5.0,3.9,10.0,0.6,0.5,2.17,6.45,7.2,5.07,6.0,2.83,12.0,0.7,0.1,0.5,0.36,2.78,6.09,3.15,6.0,2.99,12.0,0.7,0.1,0.5,-3.5,-1.69,0.66,-1.4,6.0,3.94,12.0,0.7,0.1,0.5,1006.48,1007.65,1011.09,1008.53,6.0,2.44,12.0,0.7,0.1,0.5,1.8,3.5,6.0,3.7,6.0,2.3,12.0,0.7,0.1,0.5,0.9,18.9,39.2,21.0,6.0,20.8,12.0,0.7,0.1,0.5,-21.0,-7.8,6.9,-7.6,6.0,27.3,12.0,0.7,0.1,0.5,-3.73,-0.5,0.21,-1.6,5.0,2.32,12.0,0.6,0.1,0.5,-24.1,-0.2,0.8,-9.9,5.0,14.8,12.0,0.6,0.1,0.5,5.16,5.53,6.2,5.67,4.0,0.66,10.0,0.5,0.1,0.5,9.4,26.1,38.7,24.2,4.0,17.8,10.0,0.5,0.1,0.5,9.7,86.2,186.7,93.9,6.0,87.9,12.0,0.7,0.1,0.5,-99.0,-50.7,22.5,-39.4,6.0,120.4,12.0,0.7,0.1,0.5,4.8,23.4,96.3,46.9,5.0,52.9,10.0,0.6,0.1,0.5,-75.5,-21.6,30.1,-21.7,5.0,82.2,10.0,0.6,0.1,0.5,1.4,12.8,32.4,16.7,4.0,19.2,10.0,0.5,0.1,0.5,-12.2,-4.9,12.9,0.1,4.0,18.9,10.0,0.5,0.1,0.5,14.0,269.5,373.0,217.0,6.0,169.0,12.0,0.7,0.1,0.5,15.0,270.0,375.0,215.0,6.0,170.0,12.0,0.7,0.1,0.5
1974,2,82.0,-1.0,27.22,27.25,27.28,27.25,2.0,0.07,14.0,0.0,0.5,0.8,25.37,26.15,26.93,26.15,2.0,1.63,14.0,0.0,0.5,0.8,17.14,18.51,19.88,18.51,2.0,2.84,14.0,0.0,0.5,0.8,84.5,86.7,88.9,86.7,2.0,4.6,14.0,0.0,0.8,6.7,6.7,6.7,6.7,1.0,0.0,22.0,0.0,0.7,0.7,6.6,6.6,6.6,6.6,1.0,0.0,22.0,0.0,0.7,0.7,1.16,1.16,1.16,1.16,1.0,0.0,22.0,0.0,0.7,0.7,1006.88,1008.35,1009.82,1008.35,2.0,3.04,14.0,0.0,0.5,0.8,3.8,5.5,7.2,5.5,2.0,3.5,14.0,0.0,0.5,0.8,44.2,44.2,44.2,44.2,1.0,0.0,22.0,0.0,0.7,0.7,7.8,7.8,7.8,7.8,1.0,0.0,22.0,0.0,0.7,0.7,0.35,1.1,1.85,1.1,2.0,1.56,14.0,0.0,0.5,0.8,0.0,0.0,0.0,0.0,1.0,0.0,22.0,0.0,0.7,0.7,2.93,4.22,5.51,4.22,2.0,2.67,14.0,0.0,0.5,0.8,15.6,15.6,15.6,15.6,1.0,0.0,22.0,0.0,0.7,0.7,180.1,180.1,180.1,180.1,1.0,0.0,22.0,0.0,0.7,0.7,31.8,31.8,31.8,31.8,1.0,0.0,22.0,0.0,0.7,0.7,135.4,135.4,135.4,135.4,1.0,0.0,22.0,0.0,0.7,0.7,23.9,23.9,23.9,23.9,1.0,0.0,22.0,0.0,0.7,0.7,15.4,15.4,15.4,15.4,1.0,0.0,22.0,0.0,0.7,0.7,2.7,2.7,2.7,2.7,1.0,0.0,22.0,0.0,0.7,0.7,301.0,301.0,301.0,301.0,1.0,0.0,22.0,0.0,0.7,0.7,300.0,300.0,300.0,300.0,1.0,0.0,22.0,0.0,0.7,0.7
1974,2,82.0,0.0,27.18,27.95,28.35,27.78,4.0,0.74,26.0,0.0,0.5,0.1,27.1,27.2,27.3,27.2,4.0,0.16,26.0,0.0,0.5,0.1,17.61,17.76,18.25,17.92,4.0,0.48,26.0,0.0,0.5,0.1,78.1,78.8,80.8,79.4,4.0,1.9,26.0,0.0,0.1,0.95,2.0,2.58,1.78,4.0,1.29,26.0,0.0,0.5,0.1,-2.0,-1.0,0.0,-1.0,4.0,1.15,26.0,0.0,0.5,0.1,-1.62,0.0,0.0,-0.77,4.0,1.55,26.0,0.0,0.5,0.1,1008.26,1010.35,1011.34,1009.83,4.0,2.37,26.0,0.0,0.5,0.1,1.5,2.0,2.5,2.0,4.0,0.8,26.0,0.0,0.5,0.1,-4.0,-2.0,0.0,-2.0,4.0,2.3,26.0,0.0,0.5,0.1,-5.0,0.0,0.0,-2.4,4.0,4.8,26.0,0.0,0.5,0.1,-0.11,0.7,1.25,0.58,4.0,0.82,26.0,0.0,0.5,0.1,0.3,1.5,2.5,1.4,4.0,1.3,26.0,0.0,0.5,0.1,4.38,5.88,6.62,5.52,4.0,1.45,26.0,0.0,0.5,0.1,6.2,13.2,15.0,10.7,4.0,7.3,26.0,0.0,0.5,0.1,-54.2,-27.0,0.0,-27.1,4.0,31.3,26.0,0.0,0.5,0.1,-44.5,0.0,0.0,-21.2,4.0,42.5,26.0,0.0,0.5,0.1,-35.2,-17.6,0.0,-17.6,4.0,20.3,26.0,0.0,0.5,0.1,-29.0,0.0,0.0,-13.8,4.0,27.7,26.0,0.0,0.5,0.1,-13.2,-6.5,0.0,-6.6,4.0,7.6,26.0,0.0,0.5,0.1,-8.6,0.0,0.0,-4.1,4.0,8.2,26.0,0.0,0.5,0.1,4.0,8.0,19.5,11.5,4.0,13.0,26.0,0.0,0.5,0.1,5.0,10.0,20.0,10.0,4.0,15.0,26.0,0.0,0.5,0.1
1974,2,82.0,1.0,27.12,27.8,27.8,27.47,3.0,0.58,14.0,0.3,0.4,0.4,26.25,26.8,27.62,26.93,3.0,1.01,14.0,0.3,0.4,0.4,16.52,17.12,17.31,16.92,3.0,0.61,14.0,0.3,0.4,0.4,74.0,77.2,78.2,76.1,3.0,3.2,14.0,0.3,0.4,3.74,6.2,7.57,5.67,3.0,2.84,14.0,0.3,0.4,0.4,-1.12,-0.45,2.58,0.7,3.0,2.88,14.0,0.3,0.4,0.4,-7.02,-4.75,-3.26,-5.13,3.0,2.78,14.0,0.3,0.4,0.4,1007.41,1008.3,1010.07,1008.73,3.0,1.99,14.0,0.3,0.4,0.4,1.6,3.0,3.0,2.3,3.0,1.2,14.0,0.3,0.4,0.4,-8.3,-1.2,16.5,4.0,3.0,18.7,14.0,0.3,0.4,0.4,-54.5,-29.4,-13.9,-34.1,3.0,30.1,14.0,0.3,0.4,0.4,0.12,0.8,0.94,0.53,3.0,0.64,14.0,0.3,0.4,0.4,-0.5,2.1,4.9,2.2,3.0,3.9,14.0,0.3,0.4,0.4,5.97,6.12,6.25,6.11,3.0,0.21,14.0,0.3,0.4,0.4,22.5,38.0,47.4,35.0,3.0,18.4,14.0,0.3,0.4,0.4,-30.9,-11.7,69.2,18.4,3.0,77.8,14.0,0.3,0.4,0.4,-194.7,-127.3,-85.8,-140.0,3.0,80.5,14.0,0.3,0.4,0.4,-19.0,-7.3,45.0,12.5,3.0,49.9,14.0,0.3,0.4,0.4,-120.6,-82.6,-54.6,-87.5,3.0,48.5,14.0,0.3,0.4,0.4,-7.0,-2.7,15.8,4.3,3.0,17.7,14.0,0.3,0.4,0.4,-44.0,-29.1,-19.5,-31.7,3.0,18.1,14.0,0.3,0.4,0.4,87.5,238.5,452.0,269.0,3.0,268.0,14.0,0.3,0.4,0.4,90.0,240.0,450.0,270.0,3.0,270.0,14.0,0.3,0.4,0.4
1974,2,82.0,2.0,27.53,27.8,28.04,27.78,5.0,0.29,20.0,0.2,0.5,0.4,26.07,27.2,27.8,26.94,5.0,0.99,20.0,0.2,0.5,0.4,16.88,17.02,17.03,16.96,3.0,0.13,24.0,0.0,0.4,0.5,73.7,75.5,77.3,75.5,3.0,2.6,24.0,0.0,0.5,1.43,4.05,6.46,3.95,4.0,3.26,18.0,0.3,0.5,0.4,-1.38,0.0,0.54,-0.4,4.0,1.56,18.0,0.3,0.5,0.4,-6.22,-3.96,-1.34,-3.79,4.0,3.1,18.0,0.3,0.5,0.4,1009.02,1009.7,1010.84,1009.8,5.0,1.17,20.0,0.2,0.5,0.4,0.5,2.0,5.1,2.8,4.0,3.1,18.0,0.3,0.5,0.4,-10.6,0.0,1.6,-4.3,4.0,10.8,18.0,0.3,0.5,0.4,-41.6,-17.2,-4.0,-22.5,4.0,24.6,18.0,0.3,0.5,0.4,-0.07,0.2,1.99,0.84,5.0,1.19,20.0,0.2,0.5,0.4,-0.5,0.8,4.7,2.0,4.0,3.8,18.0,0.3,0.5,0.4,6.05,6.42,6.85,6.45,3.0,0.59,24.0,0.0,0.4,0.5,7.2,22.6,38.1,22.6,2.0,32.0,22.0,0.0,0.3,0.4,-37.5,0.0,13.7,-11.4,4.0,42.0,18.0,0.3,0.5,0.4,-170.6,-106.8,-34.2,-102.6,4.0,85.4,18.0,0.3,0.5,0.4,-37.8,-22.4,-7.1,-22.4,2.0,31.7,22.0,0.0,0.3,0.4,-103.7,-61.6,-19.6,-61.6,2.0,87.2,22.0,0.0,0.3,0.4,-13.0,-7.7,-2.5,-7.7,2.0,10.9,22.0,0.0,0.3,0.4,-35.8,-21.3,-6.7,-21.3,2.0,30.1,22.0,0.0,0.3,0.4,13.0,80.0,302.5,154.0,4.0,209.5,18.0,0.3,0.5,0.4,15.0,80.0,300.0,155.0,4.0,210.0,18.0,0.3,0.5,0.4
1974,2,82.0,3.0,26.32,26.8,27.41,26.87,3.0,0.8,10.0,0.3,0.6,0.2,25.62,26.1,26.71,26.17,3.0,0.8,10.0,0.3,0.6,0.2,17.98,18.72,20.45,19.2,3.0,1.86,10.0,0.3,0.6,0.2,87.5,88.2,93.1,90.2,3.0,4.5,10.0,0.3,0.2,1.14,3.6,4.62,2.9,3.0,2.62,10.0,0.3,0.6,0.2,-2.86,-1.74,-0.55,-1.71,3.0,1.69,10.0,0.3,0.6,0.2,-3.27,0.0,0.84,-1.19,3.0,3.18,10.0,0.3,0.6,0.2,1008.89,1012.1,1012.65,1010.8,3.0,2.97,10.0,0.3,0.6,0.2,2.6,6.0,7.4,5.0,3.0,3.6,10.0,0.3,0.6,0.2,-11.1,-8.9,-2.8,-7.0,3.0,6.3,10.0,0.3,0.6,0.2,-16.7,0.0,3.0,-6.7,3.0,15.5,10.0,0.3,0.6,0.2,-0.17,1.4,1.54,0.7,3.0,1.39,10.0,0.3,0.6,0.2,-2.2,0.0,4.9,1.3,3.0,5.3,10.0,0.3,0.6,0.2,1.32,4.42,4.58,2.98,3.0,2.7,10.0,0.3,0.6,0.2,-0.3,0.0,15.4,7.4,3.0,13.1,10.0,0.3,0.6,0.2,-76.4,-44.3,-14.1,-45.2,3.0,45.7,10.0,0.3,0.6,0.2,-83.1,0.0,22.7,-29.5,3.0,81.6,10.0,0.3,0.6,0.2,-58.9,-30.8,-9.8,-34.2,3.0,36.1,10.0,0.3,0.6,0.2,-57.7,0.0,17.9,-19.4,3.0,57.8,10.0,0.3,0.6,0.2,-5.3,0.0,0.3,-2.4,3.0,4.6,10.0,0.3,0.6,0.2,-14.5,-0.2,0.0,-7.1,3.0,12.2,10.0,0.3,0.6,0.2,15.0,46.5,105.5,60.0,3.0,67.5,10.0,0.3,0.6,0.2,15.0,45.0,105.0,60.0,3.0,65.0,10.0,0.3,0.6,0.2
1974,2,82.0,4.0,28.06,28.2,28.34,28.2,2.0,0.28,20.0,1.0,0.3,0.7,27.73,28.0,28.2,27.97,3.0,0.35,22.0,1.0,0.2,0.6,17.57,18.55,18.62,18.11,3.0,0.86,22.0,1.0,0.2,0.6,74.1,77.5,79.4,76.8,3.0,3.9,22.0,1.0,0.6,2.65,6.2,6.88,4.8,3.0,3.33,22.0,1.0,0.2,0.6,-4.76,-2.46,-0.55,-2.65,3.0,3.09,22.0,1.0,0.2,0.6,-5.29,-2.12,-1.31,-3.28,3.0,3.08,22.0,1.0,0.2,0.6,1010.53,1010.8,1010.94,1010.73,3.0,0.31,22.0,1.0,0.2,0.6,3.6,5.0,5.0,4.3,3.0,1.2,22.0,1.0,0.2,0.6,-30.3,-17.7,-5.4,-17.8,3.0,18.2,22.0,1.0,0.2,0.6,-37.4,-13.1,-4.8,-20.9,3.0,24.8,22.0,1.0,0.2,0.6,0.13,0.4,0.67,0.4,2.0,0.57,20.0,1.0,0.3,0.7,0.1,0.4,0.7,0.4,2.0,0.6,20.0,1.0,0.3,0.7,5.88,6.17,6.46,6.17,2.0,0.6,20.0,1.0,0.3,0.7,11.3,23.3,35.3,23.3,2.0,24.8,20.0,1.0,0.3,0.7,-133.5,-69.7,-15.7,-74.5,3.0,86.4,22.0,1.0,0.2,0.6,-149.5,-59.4,-36.5,-92.3,3.0,87.5,22.0,1.0,0.2,0.6,-82.7,-45.9,-10.2,-46.4,3.0,53.0,22.0,1.0,0.2,0.6,-97.7,-36.3,-23.4,-60.0,3.0,58.1,22.0,1.0,0.2,0.6,-32.0,-18.2,-4.4,-18.2,2.0,28.5,20.0,1.0,0.3,0.7,-12.6,-9.7,-6.8,-9.7,2.0,6.1,20.0,1.0,0.3,0.7,76.5,238.5,330.5,204.0,3.0,188.5,22.0,1.0,0.2,0.6,75.0,240.0,330.0,205.0,3.0,190.0,22.0,1.0,0.2,0.6
1974,2,82.0,5.0,26.91,27.15,27.78,27.25,14.0,0.63,16.0,0.4,0.5,0.7,26.14,26.65,28.62,27.13,16.0,1.3,16.0,0.4,0.5,0.8,16.44,17.62,19.07,17.57,14.0,1.61,16.0,0.4,0.6,0.8,72.6,79.4,85.0,79.8,14.0,6.2,16.0,0.4,0.8,3.1,7.7,9.3,6.43,15.0,3.03,16.0,0.3,0.5,0.8,-5.89,-2.96,-0.74,-3.35,15.0,3.02,16.0,0.3,0.5,0.8,-7.21,-5.15,-2.49,-4.78,15.0,2.81,16.0,0.3,0.5,0.8,1009.14,1011.25,1012.73,1010.93,16.0,2.34,16.0,0.4,0.5,0.8,3.4,6.0,7.6,5.7,16.0,2.2,16.0,0.4,0.5,0.7,-54.1,-20.3,-1.2,-28.6,15.0,30.0,16.0,0.3,0.5,0.8,-65.6,-51.3,-7.7,-37.5,15.0,27.9,16.0,0.3,0.5,0.8,-0.91,0.7,0.91,0.2,13.0,1.14,18.0,0.4,0.5,0.7,-6.1,2.8,8.2,1.1,13.0,7.9,18.0,0.4,0.5,0.7,4.1,4.84,6.56,5.11,12.0,1.46,16.0,0.4,0.6,0.8,20.9,32.0,50.0,34.4,12.0,20.1,16.0,0.4,0.6,0.8,-149.1,-75.0,-17.9,-81.4,14.0,78.5,16.0,0.4,0.6,0.7,-201.1,-138.1,-62.8,-125.3,14.0,79.7,16.0,0.4,0.6,0.7,-97.2,-48.7,-19.7,-60.6,13.0,41.5,16.0,0.4,0.6,0.8,-127.9,-90.1,-50.4,-90.9,13.0,43.6,16.0,0.4,0.6,0.8,-25.4,-16.3,-7.9,-19.8,12.0,18.3,16.0,0.4,0.6,0.8,-41.0,-24.5,-15.2,-26.5,12.0,12.9,16.0,0.4,0.6,0.8,30.0,456.5,804.5,424.5,15.0,394.5,16.0,0.3,0.5,0.8,30.0,455.0,805.0,425.0,15.0,395.0,16.0,0.3,0.5,0.8
1974,2,82.0,6.0,27.2,27.4,28.01,27.6,3.0,0.62,16.0,0.7,0.5,0.3,25.0,26.3,26.76,25.9,4.0,1.32,18.0,0.8,0.4,0.2,17.17,17.6,18.32,17.74,3.0,0.85,18.0,1.0,0.6,0.1,78.4,78.8,85.2,81.7,3.0,5.6,18.0,1.0,0.1,5.34,6.85,8.47,6.9,4.0,2.33,18.0,0.8,0.4,0.2,-7.59,-4.62,-1.89,-4.73,4.0,3.38,18.0,0.8,0.4,0.2,-5.94,-4.02,-2.1,-4.02,4.0,2.45,18.0,0.8,0.4,0.2,1007.64,1009.35,1012.0,1009.8,4.0,2.63,18.0,0.8,0.4,0.2,2.3,4.0,8.0,4.8,5.0,3.1,20.0,0.8,0.4,0.3,-64.6,-27.5,-9.6,-36.7,4.0,35.0,18.0,0.8,0.4,0.2,-48.1,-30.4,-10.2,-29.2,4.0,21.9,18.0,0.8,0.4,0.2,0.82,1.3,3.35,2.07,3.0,1.97,16.0,0.7,0.5,0.3,6.8,8.7,23.3,14.9,3.0,13.2,16.0,0.7,0.5,0.3,4.45,4.91,5.37,4.91,2.0,0.96,14.0,1.0,0.7,0.0,32.5,41.5,50.5,41.5,2.0,18.7,14.0,1.0,0.7,0.0,-199.8,-121.7,-49.2,-124.4,4.0,90.0,18.0,0.8,0.4,0.2,-148.5,-107.3,-56.3,-102.6,4.0,58.4,18.0,0.8,0.4,0.2,-137.4,-123.1,-70.7,-104.5,3.0,51.4,18.0,1.0,0.6,0.1,-74.3,-55.3,-32.4,-53.4,3.0,30.8,18.0,1.0,0.6,0.1,-44.3,-37.7,-31.0,-37.7,2.0,13.8,14.0,1.0,0.7,0.0,-23.8,-16.1,-8.5,-16.1,2.0,15.9,14.0,1.0,0.7,0.0,179.5,322.0,656.5,413.5,4.0,372.0,18.0,0.8,0.4,0.2,180.0,320.0,655.0,415.0,4.0,370.0,18.0,0.8,0.4,0.2
1974,2,82.0,7.0,26.89,27.6,27.76,27.42,10.0,0.57,22.0,0.6,0.3,0.4,25.49,27.3,28.0,27.03,13.0,1.22,20.0,0.6,0.2,0.4,17.49,18.66,19.67,18.6,9.0,1.01,20.0,0.7,0.3,0.4,78.7,83.8,91.8,85.4,9.0,7.0,20.0,0.7,0.4,1.95,5.7,8.31,5.48,13.0,3.16,20.0,0.6,0.2,0.4,-6.31,-1.48,2.13,-1.62,13.0,3.72,20.0,0.6,0.2,0.4,-7.72,-4.65,-0.81,-3.96,13.0,2.97,20.0,0.6,0.2,0.4,1008.26,1009.8,1012.34,1010.08,13.0,1.76,20.0,0.6,0.2,0.4,2.0,7.0,8.0,5.2,13.0,2.8,20.0,0.6,0.2,0.4,-53.1,-3.8,5.5,-14.4,13.0,31.0,20.0,0.6,0.2,0.4,-59.6,-30.5,-0.8,-29.5,13.0,27.7,20.0,0.6,0.2,0.4,-0.84,0.4,2.06,0.58,10.0,1.41,22.0,0.6,0.3,0.4,-2.5,3.1,9.3,3.2,10.0,6.3,22.0,0.6,0.3,0.4,3.53,4.5,5.48,4.56,8.0,1.0,22.0,0.6,0.3,0.4,20.5,27.0,44.7,30.3,8.0,15.1,22.0,0.6,0.3,0.4,-172.2,-37.5,61.3,-44.9,13.0,99.7,20.0,0.6,0.2,0.4,-208.4,-126.9,-22.6,-106.7,13.0,80.3,20.0,0.6,0.2,0.4,-112.9,-29.0,45.8,-35.6,9.0,78.4,20.0,0.7,0.3,0.4,-129.3,-86.8,-20.1,-75.9,9.0,52.3,20.0,0.7,0.3,0.4,-36.5,-9.0,12.6,-10.6,8.0,23.3,22.0,0.6,0.3,0.4,-31.7,-23.1,-9.5,-20.3,8.0,11.5,22.0,0.6,0.3,0.4,7.5,185.0,575.5,314.5,13.0,349.5,20.0,0.6,0.2,0.4,10.0,185.0,575.0,315.0,13.0,350.0,20.0,0.6,0.2,0.4
1974,2,82.0,8.0,26.91,27.0,27.61,26.96,7.0,0.84,18.0,0.7,0.5,0.3,25.77,27.2,28.1,27.23,7.0,1.58,18.0,0.7,0.5,0.3,14.97,16.55,19.07,16.9,6.0,2.1,16.0,0.7,0.4,0.2,71.1,75.0,79.3,74.7,6.0,6.1,16.0,0.7,0.2,4.45,6.0,8.73,6.0,7.0,2.6,18.0,0.7,0.5,0.3,-4.79,-1.95,-1.03,-3.04,7.0,2.48,18.0,0.7,0.5,0.3,-6.01,-4.75,-4.18,-4.81,7.0,2.19,18.0,0.7,0.5,0.3,1008.38,1010.9,1013.03,1010.9,7.0,2.13,18.0,0.7,0.5,0.3,4.0,6.0,7.0,5.6,7.0,1.9,18.0,0.7,0.5,0.3,-44.3,-11.1,-3.6,-22.4,7.0,24.0,18.0,0.7,0.5,0.3,-39.6,-30.5,-19.9,-32.9,7.0,22.2,18.0,0.7,0.5,0.3,-1.1,-0.2,0.86,-0.27,7.0,1.56,18.0,0.7,0.5,0.3,-9.1,-1.2,7.7,-1.4,7.0,9.8,18.0,0.7,0.5,0.3,3.52,5.44,7.36,5.4,6.0,2.17,16.0,0.7,0.4,0.2,12.8,33.5,61.7,35.3,6.0,25.4,16.0,0.7,0.4,0.2,-129.6,-58.5,-28.0,-82.8,7.0,68.5,18.0,0.7,0.5,0.3,-163.4,-121.8,-112.3,-131.1,7.0,60.3,18.0,0.7,0.5,0.3,-85.3,-48.2,-22.1,-54.3,6.0,37.2,16.0,0.7,0.4,0.2,-112.3,-71.4,-55.0,-77.4,6.0,41.0,16.0,0.7,0.4,0.2,-36.5,-18.1,-4.5,-21.7,6.0,20.7,16.0,0.7,0.4,0.2,-41.1,-24.2,-11.4,-26.1,6.0,18.3,16.0,0.7,0.4,0.2,93.0,216.0,665.5,314.5,7.0,298.5,18.0,0.7,0.5,0.3,95.0,215.0,665.0,315.0,7.0,300.0,18.0,0.7,0.5,0.3
1974,2,82.0,9.0,26.29,27.25,27.95,27.13,4.0,0.98,20.0,0.5,0.4,0.4,26.64,27.4,28.42,27.53,4.0,1.07,20.0,0.5,0.4,0.4,17.01,17.84,18.68,17.84,2.0,1.73,20.0,1.0,0.4,0.4,71.4,73.7,76.1,73.7,2.0,4.8,20.0,1.0,0.4,5.58,7.7,7.9,6.77,3.0,1.88,22.0,0.7,0.4,0.5,-4.73,-3.85,-1.77,-3.26,3.0,2.23,22.0,0.7,0.4,0.5,-6.5,-6.13,-5.04,-5.78,3.0,1.11,22.0,0.7,0.4,0.5,1010.62,1011.75,1012.72,1011.68,4.0,1.36,20.0,0.5,0.4,0.4,2.5,5.0,7.5,5.0,4.0,2.9,20.0,0.5,0.4,0.4,-37.5,-29.6,-11.9,-24.8,3.0,19.2,22.0,0.7,0.4,0.5,-50.6,-49.0,-29.8,-40.4,3.0,17.0,22.0,0.7,0.4,0.5,-2.1,-0.45,1.31,-0.4,4.0,1.97,20.0,0.5,0.4,0.4,-14.5,-9.2,3.1,-5.8,3.0,13.2,22.0,0.7,0.4,0.5,2.98,3.57,4.17,3.57,2.0,1.24,20.0,1.0,0.4,0.4,20.5,20.6,20.7,20.6,2.0,0.2,20.0,1.0,0.4,0.4,-129.3,-110.9,-50.5,-90.4,3.0,60.4,22.0,0.7,0.4,0.5,-183.2,-164.2,-138.7,-161.0,3.0,32.7,22.0,0.7,0.4,0.5,-63.9,-43.3,-22.8,-43.3,2.0,42.5,20.0,1.0,0.4,0.4,-118.9,-101.2,-83.5,-101.2,2.0,36.7,20.0,1.0,0.4,0.4,-9.3,-7.0,-4.6,-7.0,2.0,4.8,20.0,1.0,0.4,0.4,-19.8,-19.1,-18.4,-19.1,2.0,1.5,20.0,1.0,0.4,0.4,211.5,456.5,494.5,355.5,3.0,225.0,22.0,0.7,0.4,0.5,210.0,455.0,495.0,355.0,3.0,225.0,22.0,0.7,0.4,0.5
1974,2,82.0,10.0,27.13,27.5,27.87,27.5,4.0,0.57,18.0,0.5,0.3,0.3,25.62,26.4,26.66,26.15,4.0,0.79,18.0,0.5,0.3,0.3,16.47,18.57,18.7,17.61,3.0,1.83,18.0,0.7,0.3,0.1,80.3,84.1,85.9,83.1,3.0,4.2,18.0,0.7,0.1,4.53,6.35,8.54,6.53,4.0,2.4,18.0,0.5,0.3,0.3,-5.37,-4.27,-3.21,-4.29,4.0,1.41,18.0,0.5,0.3,0.3,-6.91,-4.9,-2.39,-4.66,4.0,2.65,18.0,0.5,0.3,0.3,1009.87,1010.75,1011.32,1010.6,4.0,1.04,18.0,0.5,0.3,0.3,1.4,3.0,4.6,3.0,4.0,2.4,18.0,0.5,0.3,0.3,-43.2,-26.6,-16.8,-29.9,4.0,18.8,18.0,0.5,0.3,0.3,-59.2,-32.1,-10.6,-34.8,4.0,28.5,18.0,0.5,0.3,0.3,0.48,1.45,2.21,1.35,4.0,1.09,18.0,0.5,0.3,0.3,3.7,8.6,16.7,10.1,4.0,9.7,18.0,0.5,0.3,0.3,3.77,4.25,6.47,5.1,3.0,2.11,18.0,0.7,0.3,0.1,20.3,32.8,58.0,39.0,3.0,28.1,18.0,0.7,0.3,0.1,-137.1,-112.8,-85.6,-111.4,4.0,33.4,18.0,0.5,0.3,0.3,-177.4,-130.4,-63.6,-121.0,4.0,67.1,18.0,0.5,0.3,0.3,-86.2,-72.2,-56.3,-71.3,3.0,21.9,18.0,0.7,0.3,0.1,-120.5,-110.4,-74.9,-98.0,3.0,35.1,18.0,0.7,0.3,0.1,-35.8,-16.4,-11.6,-23.5,3.0,18.8,18.0,0.7,0.3,0.1,-45.5,-28.4,-16.6,-31.0,3.0,21.3,18.0,0.7,0.3,0.1,95.5,291.0,639.0,363.5,4.0,340.0,18.0,0.5,0.3,0.3,95.0,290.0,640.0,365.0,4.0,340.0,18.0,0.5,0.3,0.3
1974,2,82.0,11.0,26.91,27.8,28.07,27.5,3.0,0.89,24.0,0.7,0.4,0.2,25.4,25.9,26.93,26.15,4.0,1.0,22.0,0.5,0.5,0.2,15.13,17.39,18.01,16.59,3.0,2.22,20.0,0.3,0.4,0.2,72.1,85.5,89.2,80.7,3.0,13.2,20.0,0.3,0.2,5.0,6.1,7.82,6.4,4.0,2.15,22.0,0.5,0.5,0.2,-6.21,-4.59,-2.97,-4.59,4.0,2.13,22.0,0.5,0.5,0.2,-5.39,-4.15,-3.26,-4.32,4.0,1.33,22.0,0.5,0.5,0.2,1008.86,1010.9,1013.0,1010.93,4.0,2.57,22.0,0.5,0.5,0.2,0.5,1.5,3.0,1.8,4.0,1.7,22.0,0.5,0.5,0.2,-49.6,-27.9,-16.2,-32.6,4.0,24.4,22.0,0.5,0.5,0.2,-43.1,-23.7,-16.2,-29.4,4.0,18.6,22.0,0.5,0.5,0.2,0.86,1.2,1.4,1.13,3.0,0.4,24.0,0.7,0.4,0.2,4.4,4.9,7.9,6.1,3.0,2.8,24.0,0.7,0.4,0.2,4.33,6.4,8.46,6.4,2.0,4.28,24.0,0.5,0.4,0.2,20.9,36.1,51.4,36.1,2.0,31.6,24.0,0.5,0.4,0.2,-163.2,-123.9,-77.1,-120.3,4.0,55.4,22.0,0.5,0.5,0.2,-139.3,-107.4,-86.0,-112.4,4.0,32.5,22.0,0.5,0.5,0.2,-102.4,-56.1,-43.4,-72.5,3.0,45.5,20.0,0.3,0.4,0.2,-92.2,-66.9,-65.6,-78.6,3.0,22.0,20.0,0.3,0.4,0.2,-32.7,-22.2,-11.8,-22.2,2.0,21.7,24.0,0.5,0.4,0.2,-39.6,-28.4,-17.2,-28.4,2.0,23.2,24.0,0.5,0.4,0.2,139.0,227.0,535.0,332.0,4.0,324.0,22.0,0.5,0.5,0.2,140.0,225.0,535.0,330.0,4.0,325.0,22.0,0.5,0.5,0.2
1974,2,82.0,12.0,26.98,28.0,28.07,27.53,3.0,0.9,22.0,0.7,0.6,0.4,25.48,26.4,28.32,26.88,4.0,2.02,20.0,0.5,0.6,0.3,16.0,16.0,16.0,16.0,1.0,0.0,22.0,0.0,0.5,0.1,76.3,76.3,76.3,76.3,1.0,0.0,22.0,0.0,0.1,4.81,5.95,7.14,5.98,4.0,1.65,20.0,0.5,0.6,0.3,-3.55,-2.51,1.17,-1.25,4.0,3.6,20.0,0.5,0.6,0.3,-6.18,-5.05,-3.61,-4.9,4.0,1.8,20.0,0.5,0.6,0.3,1010.54,1011.65,1013.6,1012.05,4.0,1.94,20.0,0.5,0.6,0.3,1.0,2.5,3.5,2.3,4.0,1.7,20.0,0.5,0.6,0.3,-18.8,-11.7,11.5,-4.0,4.0,24.8,20.0,0.5,0.6,0.3,-43.6,-30.0,-19.4,-31.4,4.0,18.5,20.0,0.5,0.6,0.3,-0.93,0.5,0.98,0.03,3.0,1.46,22.0,0.7,0.6,0.4,-3.4,3.1,7.5,2.1,3.0,8.0,22.0,0.7,0.6,0.4,5.69,5.69,5.69,5.69,1.0,0.0,22.0,0.0,0.5,0.1,35.3,35.3,35.3,35.3,1.0,0.0,22.0,0.0,0.5,0.1,-97.6,-69.9,33.0,-34.0,4.0,97.0,20.0,0.5,0.6,0.3,-161.0,-128.7,-98.8,-129.9,4.0,44.8,20.0,0.5,0.6,0.3,-63.8,-63.8,-63.8,-63.8,1.0,0.0,22.0,0.0,0.5,0.1,-76.0,-76.0,-76.0,-76.0,1.0,0.0,22.0,0.0,0.5,0.1,-22.7,-22.7,-22.7,-22.7,1.0,0.0,22.0,0.0,0.5,0.1,-27.0,-27.0,-27.0,-27.0,1.0,0.0,22.0,0.0,0.5,0.1,121.5,212.0,381.5,250.0,4.0,189.5,20.0,0.5,0.6,0.3,120.0,210.0,380.0,250.0,4.0,190.0,20.0,0.5,0.6,0.3
1974,2,82.0,13.0,25.89,26.5,27.52,26.7,3.0,1.21,22.0,0.3,0.5,0.4,24.98,25.8,27.57,26.27,3.0,1.94,22.0,0.3,0.5,0.4,15.05,16.01,16.98,16.01,2.0,2.0,26.0,0.0,0.5,0.3,76.9,79.8,82.7,79.8,2.0,6.0,26.0,0.0,0.3,3.42,4.1,6.08,4.73,3.0,2.03,22.0,0.3,0.5,0.4,-3.23,-2.64,-2.2,-2.71,3.0,0.76,22.0,0.3,0.5,0.4,-5.13,-3.14,-2.62,-3.86,3.0,1.95,22.0,0.3,0.5,0.4,1009.74,1010.9,1011.24,1010.5,3.0,1.15,22.0,0.3,0.5,0.4,1.0,3.0,5.0,3.0,3.0,3.0,22.0,0.3,0.5,0.4,-20.2,-10.8,-7.6,-13.8,3.0,9.5,22.0,0.3,0.5,0.4,-33.1,-12.9,-9.1,-20.9,3.0,18.9,22.0,0.3,0.5,0.4,-0.05,0.7,0.9,0.43,3.0,0.74,22.0,0.3,0.5,0.4,-1.2,2.2,3.5,1.2,3.0,3.6,22.0,0.3,0.5,0.4,4.52,5.11,5.71,5.11,2.0,1.23,26.0,0.0,0.5,0.3,15.0,18.8,22.7,18.8,2.0,8.0,26.0,0.0,0.5,0.3,-88.4,-64.8,-55.7,-71.9,3.0,24.8,22.0,0.3,0.5,0.4,-142.0,-77.3,-66.3,-103.6,3.0,59.9,22.0,0.3,0.5,0.4,-37.9,-36.6,-35.3,-36.6,2.0,2.6,26.0,0.0,0.5,0.3,-45.1,-43.6,-42.1,-43.6,2.0,3.2,26.0,0.0,0.5,0.3,-14.6,-12.1,-9.6,-12.1,2.0,5.2,26.0,0.0,0.5,0.3,-17.4,-14.4,-11.5,-14.4,2.0,6.2,26.0,0.0,0.5,0.3,42.0,69.0,256.0,147.0,3.0,170.5,22.0,0.3,0.5,0.4,40.0,70.0,255.0,145.0,3.0,170.0,22.0,0.3,0.5,0.4
1974,2,82.0,14.0,27.03,27.1,27.58,27.3,3.0,0.44,26.0,1.0,0.6,0.7,26.39,27.0,27.27,26.83,3.0,0.67,26.0,1.0,0.6,0.7,16.01,17.13,17.97,16.99,3.0,1.44,26.0,1.0,0.6,0.7,70.9,76.9,83.9,77.4,3.0,9.5,26.0,1.0,0.7,2.76,3.1,3.78,3.27,3.0,0.76,26.0,1.0,0.6,0.7,-2.82,-2.64,-2.58,-2.7,3.0,0.19,26.0,1.0,0.6,0.7,-2.48,-1.06,-0.03,-1.25,3.0,1.8,26.0,1.0,0.6,0.7,1011.14,1012.3,1013.87,1012.5,3.0,2.01,26.0,1.0,0.6,0.7,1.3,4.0,5.4,3.3,3.0,3.1,26.0,1.0,0.6,0.7,-10.2,-9.0,-7.4,-8.8,3.0,2.1,26.0,1.0,0.6,0.7,-9.8,-3.3,-0.2,-5.0,3.0,7.2,26.0,1.0,0.6,0.7,-0.2,0.0,1.16,0.47,3.0,1.08,26.0,1.0,0.6,0.7,-0.6,0.0,3.0,1.2,3.0,2.9,26.0,1.0,0.6,0.7,5.06,5.22,6.41,5.72,3.0,1.08,26.0,1.0,0.6,0.7,15.7,21.4,21.5,18.7,3.0,4.9,26.0,1.0,0.6,0.7,-77.1,-71.2,-68.2,-72.6,3.0,6.6,26.0,1.0,0.6,0.7,-67.1,-29.1,-1.2,-34.0,3.0,48.5,26.0,1.0,0.6,0.7,-46.4,-45.1,-45.1,-45.8,3.0,1.1,26.0,1.0,0.6,0.7,-41.9,-16.4,0.4,-20.6,3.0,31.3,26.0,1.0,0.6,0.7,-18.2,-13.8,-13.1,-15.6,3.0,4.1,26.0,1.0,0.6,0.7,-13.5,-7.4,-0.8,-7.2,3.0,9.3,26.0,1.0,0.6,0.7,21.5,30.0,56.5,39.0,3.0,27.0,26.0,1.0,0.6,0.7,20.0,30.0,55.0,40.0,3.0,25.0,26.0,1.0,0.6,0.7
1974,2,82.0,15.0,,,,,,,,,,,,,,,,,,,,,,,,,,,,,,,,,,,,,,,,5.1,5.1,5.1,5.1,1.0,0.0,8.0,1.0,0.7,0.4,-4.79,-4.79,-4.79,-4.79,1.0,0.0,8.0,1.0,0.7,0.4,-1.74,-1.74,-1.74,-1.74,1.0,0.0,8.0,1.0,0.7,0.4,1008.5,1008.5,1008.5,1008.5,1.0,0.0,8.0,1.0,0.7,0.4,,,,,,,,,,,,,,,,,,,,,,,,,,,,,,,,,,,,,,,,,,,,,,,,,,,,,,,,,,,,,,,,,,,,,,,,,,,,,,,,,,,,,,,,,,,,,,,,,,,,,,,,,,,,,,,,,,,,,,,,,,,,,,,,,,,,,,,,,,,,,,,,,,,,,,
1974,2,82.0,16.0,,,,,,,,,,,,,,,,,,,,,,,,,,,,,,,,,,,,,,,,3.0,3.0,3.0,3.0,1.0,0.0,8.0,0.0,0.9,0.9,-2.3,-2.3,-2.3,-2.3,1.0,0.0,8.0,0.0,0.9,0.9,1.93,1.93,1.93,1.93,1.0,0.0,8.0,0.0,0.9,0.9,1011.2,1011.2,1011.2,1011.2,1.0,0.0,8.0,0.0,0.9,0.9,,,,,,,,,,,,,,,,,,,,,,,,,,,,,,,,,,,,,,,,,,,,,,,,,,,,,,,,,,,,,,,,,,,,,,,,,,,,,,,,,,,,,,,,,,,,,,,,,,,,,,,,,,,,,,,,,,,,,,,,,,,,,,,,,,,,,,,,,,,,,,,,,,,,,,
1974,2,83.0,-66.0,,,,,,,,,,,,,,,,,,,,,,,,,,,,,,,,,,,,,,,,3.0,3.0,3.0,3.0,1.0,0.0,20.0,1.0,0.0,1.0,-2.6,-2.6,-2.6,-2.6,1.0,0.0,20.0,1.0,0.0,1.0,1.5,1.5,1.5,1.5,1.0,0.0,20.0,1.0,0.0,1.0,995.1,995.1,995.1,995.1,1.0,0.0,20.0,1.0,0.0,1.0,,,,,,,,,,,,,,,,,,,,,,,,,,,,,,,,,,,,,,,,,,,,,,,,,,,,,,,,,,,,,,,,,,,,,,,,,,,,,,,,,,,,,,,,,,,,,,,,,,,,,,,,,,,,,,,,,,,,,,,,,,,,,,,,,,,,,,,,,,,,,,,,,,,,,,
1974,2,83.0,-43.0,,,,,,,,,,,,,,,,,,,,,,,,,,,,,,,,,,,,,,,,,,,,,,,,,,,,,,,,,,,,,,,,,,,,,,,,,,,,,,,,3.0,3.0,3.0,3.0,1.0,0.0,4.0,1.0,0.4,0.8,0.0,0.0,0.0,0.0,1.0,0.0,4.0,1.0,0.4,0.8,6.8,6.8,6.8,6.8,1.0,0.0,4.0,1.0,0.4,0.8,,,,,,,,,,,,,,,,,,,,,,,,,,,,,,,,,,,,,,,,,,,,,,,,,,,,,,,,,,,,,,,,,,,,,,,,,,,,,,,,,,,,,,,,,,,,,,,,,,,,,,,,,,,,,,,,,,,,,,,,
1974,2,83.0,-42.0,15.0,15.0,15.0,15.0,1.0,0.0,14.0,1.0,0.0,0.3,11.5,11.5,11.5,11.5,1.0,0.0,14.0,1.0,0.0,0.3,5.89,5.89,5.89,5.89,1.0,0.0,14.0,1.0,0.0,0.3,70.9,70.9,70.9,70.9,1.0,0.0,14.0,1.0,0.3,7.7,7.7,7.7,7.7,1.0,0.0,14.0,1.0,0.0,0.3,2.63,2.63,2.63,2.63,1.0,0.0,14.0,1.0,0.0,0.3,7.24,7.24,7.24,7.24,1.0,0.0,14.0,1.0,0.0,0.3,1023.2,1023.2,1023.2,1023.2,1.0,0.0,14.0,1.0,0.0,0.3,8.0,8.0,8.0,8.0,1.0,0.0,14.0,1.0,0.0,0.3,20.3,20.3,20.3,20.3,1.0,0.0,14.0,1.0,0.0,0.3,55.7,55.7,55.7,55.7,1.0,0.0,14.0,1.0,0.0,0.3,3.5,3.5,3.5,3.5,1.0,0.0,14.0,1.0,0.0,0.3,27.0,27.0,27.0,27.0,1.0,0.0,14.0,1.0,0.0,0.3,4.58,4.58,4.58,4.58,1.0,0.0,14.0,1.0,0.0,0.3,35.3,35.3,35.3,35.3,1.0,0.0,14.0,1.0,0.0,0.3,30.3,30.3,30.3,30.3,1.0,0.0,14.0,1.0,0.0,0.3,83.2,83.2,83.2,83.2,1.0,0.0,14.0,1.0,0.0,0.3,15.5,15.5,15.5,15.5,1.0,0.0,14.0,1.0,0.0,0.3,42.6,42.6,42.6,42.6,1.0,0.0,14.0,1.0,0.0,0.3,12.1,12.1,12.1,12.1,1.0,0.0,14.0,1.0,0.0,0.3,33.2,33.2,33.2,33.2,1.0,0.0,14.0,1.0,0.0,0.3,456.5,456.5,456.5,456.5,1.0,0.0,14.0,1.0,0.0,0.3,455.0,455.0,455.0,455.0,1.0,0.0,14.0,1.0,0.0,0.3
1974,2,83.0,-33.0,21.06,21.2,21.34,21.2,2.0,0.28,2.0,0.5,0.5,0.4,18.92,20.05,21.18,20.05,2.0,2.33,2.0,0.5,0.5,0.4,8.12,8.32,8.52,8.32,2.0,0.42,2.0,0.5,0.5,0.4,55.6,58.2,60.8,58.2,2.0,5.4,2.0,0.5,0.4,5.08,7.2,9.32,7.2,2.0,4.38,2.0,0.5,0.5,0.4,-8.89,-5.85,-2.81,-5.85,2.0,6.29,2.0,0.5,0.5,0.4,0.61,1.93,3.24,1.93,2.0,2.72,2.0,0.5,0.5,0.4,1027.09,1027.7,1028.31,1027.7,2.0,1.27,2.0,0.5,0.5,0.4,3.0,5.0,7.0,5.0,2.0,4.2,2.0,0.5,0.5,0.4,-90.2,-55.9,-21.7,-55.9,2.0,71.0,2.0,0.5,0.5,0.4,2.5,7.9,13.3,7.9,2.0,11.2,2.0,0.5,0.5,0.4,-0.11,1.15,2.41,1.15,2.0,2.62,2.0,0.5,0.5,0.4,-4.1,2.5,9.2,2.5,2.0,13.8,2.0,0.5,0.5,0.4,6.79,7.13,7.47,7.13,2.0,0.71,2.0,0.5,0.5,0.4,37.2,49.8,62.4,49.8,2.0,26.1,2.0,0.5,0.5,0.4,-192.1,-124.7,-57.2,-124.7,2.0,139.8,2.0,0.5,0.5,0.4,11.3,35.4,59.6,35.4,2.0,50.1,2.0,0.5,0.5,0.4,-76.4,-50.0,-23.5,-50.0,2.0,54.8,2.0,0.5,0.5,0.4,4.9,15.5,26.0,15.5,2.0,21.9,2.0,0.5,0.5,0.4,-59.1,-39.5,-19.8,-39.5,2.0,40.7,2.0,0.5,0.5,0.4,4.7,14.7,24.7,14.7,2.0,20.8,2.0,0.5,0.5,0.4,231.5,581.0,930.0,581.0,2.0,724.0,2.0,0.5,0.5,0.4,230.0,580.0,930.0,580.0,2.0,725.0,2.0,0.5,0.5,0.4
1974,2,83.0,-31.0,21.41,21.65,21.89,21.65,2.0,0.49,12.0,0.5,0.6,0.8,19.91,20.8,21.69,20.8,2.0,1.84,12.0,0.5,0.6,0.8,13.09,13.3,13.52,13.3,2.0,0.44,12.0,0.5,0.6,0.8,84.7,88.2,91.7,88.2,2.0,7.3,12.0,0.5,0.8,5.01,5.9,6.79,5.9,2.0,1.84,12.0,0.5,0.6,0.8,-5.88,-5.11,-4.34,-5.11,2.0,1.59,12.0,0.5,0.6,0.8,-2.66,-0.65,1.36,-0.65,2.0,4.17,12.0,0.5,0.6,0.8,1023.03,1023.95,1024.87,1023.95,2.0,1.91,12.0,0.5,0.6,0.8,7.2,7.5,7.8,7.5,2.0,0.7,12.0,0.5,0.6,0.8,-40.7,-31.6,-22.5,-31.6,2.0,18.8,12.0,0.5,0.6,0.8,-20.1,-7.7,4.8,-7.7,2.0,25.8,12.0,0.5,0.6,0.8,0.2,0.85,1.5,0.85,2.0,1.34,12.0,0.5,0.6,0.8,0.7,3.8,6.9,3.8,2.0,6.4,12.0,0.5,0.6,0.8,2.6,2.64,2.68,2.64,2.0,0.08,12.0,0.5,0.6,0.8,13.1,15.7,18.2,15.7,2.0,5.3,12.0,0.5,0.6,0.8,-128.3,-107.7,-87.2,-107.7,2.0,42.5,12.0,0.5,0.6,0.8,-59.8,-17.4,25.1,-17.4,2.0,88.0,12.0,0.5,0.6,0.8,-79.6,-68.3,-57.0,-68.3,2.0,23.4,12.0,0.5,0.6,0.8,-36.5,-9.6,17.4,-9.6,2.0,55.8,12.0,0.5,0.6,0.8,-15.8,-13.6,-11.3,-13.6,2.0,4.6,12.0,0.5,0.6,0.8,-7.2,-1.9,3.5,-1.9,2.0,11.1,12.0,0.5,0.6,0.8,141.0,235.5,329.5,235.5,2.0,195.0,12.0,0.5,0.6,0.8,140.0,235.0,330.0,235.0,2.0,195.0,12.0,0.5,0.6,0.8
1974,2,83.0,-27.0,23.0,23.0,23.0,23.0,1.0,0.0,2.0,0.0,0.3,0.7,22.39,23.45,24.51,23.45,2.0,2.19,14.0,0.5,0.1,0.5,11.78,11.78,11.78,11.78,1.0,0.0,2.0,0.0,0.3,0.7,72.8,72.8,72.8,72.8,1.0,0.0,2.0,0.0,0.7,1.98,4.1,6.22,4.1,2.0,4.38,14.0,0.5,0.1,0.5,-4.03,-2.75,-1.46,-2.75,2.0,2.66,14.0,0.5,0.1,0.5,1.3,3.01,4.72,3.01,2.0,3.55,14.0,0.5,0.1,0.5,1015.41,1018.0,1020.59,1018.0,2.0,5.37,14.0,0.5,0.1,0.5,0.5,1.5,2.5,1.5,2.0,2.1,14.0,0.5,0.1,0.5,-28.2,-17.1,-6.0,-17.1,2.0,22.9,14.0,0.5,0.1,0.5,6.7,20.1,33.5,20.1,2.0,27.7,14.0,0.5,0.1,0.5,1.1,1.1,1.1,1.1,1.0,0.0,2.0,0.0,0.3,0.7,7.9,7.9,7.9,7.9,1.0,0.0,2.0,0.0,0.3,0.7,5.58,5.58,5.58,5.58,1.0,0.0,2.0,0.0,0.3,0.7,40.2,40.2,40.2,40.2,1.0,0.0,2.0,0.0,0.3,0.7,-88.7,-61.5,-34.3,-61.5,2.0,56.4,14.0,0.5,0.1,0.5,29.7,66.6,103.6,66.6,2.0,76.6,14.0,0.5,0.1,0.5,-54.5,-54.5,-54.5,-54.5,1.0,0.0,2.0,0.0,0.3,0.7,65.0,65.0,65.0,65.0,1.0,0.0,2.0,0.0,0.3,0.7,-25.8,-25.8,-25.8,-25.8,1.0,0.0,2.0,0.0,0.3,0.7,30.8,30.8,30.8,30.8,1.0,0.0,2.0,0.0,0.3,0.7,60.0,187.0,314.0,187.0,2.0,263.0,14.0,0.5,0.1,0.5,60.0,185.0,315.0,185.0,2.0,265.0,14.0,0.5,0.1,0.5
1974,2,83.0,-24.0,,,,,,,,,,,,,,,,,,,,,,,,,,,,,,,,,,,,,,,,12.3,12.3,12.3,12.3,1.0,0.0,6.0,1.0,0.2,0.6,-10.65,-10.65,-10.65,-10.65,1.0,0.0,6.0,1.0,0.2,0.6,6.15,6.15,6.15,6.15,1.0,0.0,6.0,1.0,0.2,0.6,1016.6,1016.6,1016.6,1016.6,1.0,0.0,6.0,1.0,0.2,0.6,7.0,7.0,7.0,7.0,1.0,0.0,6.0,1.0,0.2,0.6,-131.0,-131.0,-131.0,-131.0,1.0,0.0,6.0,1.0,0.2,0.6,75.6,75.6,75.6,75.6,1.0,0.0,6.0,1.0,0.2,0.6,,,,,,,,,,,,,,,,,,,,,,,,,,,,,,,,,,,,,,,,,-245.0,-245.0,-245.0,-245.0,1.0,0.0,6.0,1.0,0.2,0.6,141.5,141.5,141.5,141.5,1.0,0.0,6.0,1.0,0.2,0.6,-141.4,-141.4,-141.4,-141.4,1.0,0.0,6.0,1.0,0.2,0.6,81.6,81.6,81.6,81.6,1.0,0.0,6.0,1.0,0.2,0.6,,,,,,,,,,,,,,,,,,,,,,,,,,,,,,,,,,,,,,,,
1974,2,83.0,-23.0,26.9,26.9,26.9,26.9,1.0,0.0,22.0,0.0,0.4,0.3,25.8,25.8,25.8,25.8,1.0,0.0,22.0,0.0,0.4,0.3,16.45,16.45,16.45,16.45,1.0,0.0,22.0,0.0,0.4,0.3,79.6,79.6,79.6,79.6,1.0,0.0,22.0,0.0,0.3,3.6,3.6,3.6,3.6,1.0,0.0,22.0,0.0,0.4,0.3,-3.55,-3.55,-3.55,-3.55,1.0,0.0,22.0,0.0,0.4,0.3,0.63,0.63,0.63,0.63,1.0,0.0,22.0,0.0,0.4,0.3,1014.0,1014.0,1014.0,1014.0,1.0,0.0,22.0,0.0,0.4,0.3,5.0,5.0,5.0,5.0,1.0,0.0,22.0,0.0,0.4,0.3,-12.8,-12.8,-12.8,-12.8,1.0,0.0,22.0,0.0,0.4,0.3,2.3,2.3,2.3,2.3,1.0,0.0,22.0,0.0,0.4,0.3,1.1,1.1,1.1,1.1,1.0,0.0,22.0,0.0,0.4,0.3,4.0,4.0,4.0,4.0,1.0,0.0,22.0,0.0,0.4,0.3,5.69,5.69,5.69,5.69,1.0,0.0,22.0,0.0,0.4,0.3,20.5,20.5,20.5,20.5,1.0,0.0,22.0,0.0,0.4,0.3,-91.5,-91.5,-91.5,-91.5,1.0,0.0,22.0,0.0,0.4,0.3,16.1,16.1,16.1,16.1,1.0,0.0,22.0,0.0,0.4,0.3,-58.3,-58.3,-58.3,-58.3,1.0,0.0,22.0,0.0,0.4,0.3,10.3,10.3,10.3,10.3,1.0,0.0,22.0,0.0,0.4,0.3,-20.2,-20.2,-20.2,-20.2,1.0,0.0,22.0,0.0,0.4,0.3,3.6,3.6,3.6,3.6,1.0,0.0,22.0,0.0,0.4,0.3,46.5,46.5,46.5,46.5,1.0,0.0,22.0,0.0,0.4,0.3,45.0,45.0,45.0,45.0,1.0,0.0,22.0,0.0,0.4,0.3
1974,2,83.0,-20.0,25.78,25.95,26.12,25.95,2.0,0.35,12.0,0.0,0.6,0.8,24.91,25.15,25.39,25.15,2.0,0.49,12.0,0.0,0.6,0.8,15.91,16.15,16.39,16.15,2.0,0.51,12.0,0.0,0.6,0.8,78.7,81.0,83.4,81.0,2.0,4.8,12.0,0.0,0.8,9.62,10.3,10.98,10.3,2.0,1.41,12.0,0.0,0.6,0.8,-10.46,-8.64,-6.82,-8.64,2.0,3.76,12.0,0.0,0.6,0.8,1.13,3.56,5.99,3.56,2.0,5.04,12.0,0.0,0.6,0.8,1010.66,1011.0,1011.34,1011.0,2.0,0.71,12.0,0.0,0.6,0.8,5.5,6.5,7.5,6.5,2.0,2.1,12.0,0.0,0.6,0.8,-116.2,-91.6,-67.0,-91.6,2.0,51.0,12.0,0.0,0.6,0.8,10.5,33.1,55.7,33.1,2.0,46.8,12.0,0.0,0.6,0.8,0.73,0.8,0.87,0.8,2.0,0.14,12.0,0.0,0.6,0.8,7.1,8.3,9.6,8.3,2.0,2.6,12.0,0.0,0.6,0.8,4.38,4.83,5.29,4.83,2.0,0.94,12.0,0.0,0.6,0.8,47.8,49.1,50.5,49.1,2.0,2.8,12.0,0.0,0.6,0.8,-260.0,-216.3,-172.7,-216.3,2.0,90.4,12.0,0.0,0.6,0.8,28.8,90.8,152.8,90.8,2.0,128.5,12.0,0.0,0.6,0.8,-171.9,-140.5,-109.0,-140.5,2.0,65.1,12.0,0.0,0.6,0.8,17.9,56.3,94.7,56.3,2.0,79.6,12.0,0.0,0.6,0.8,-44.9,-40.0,-35.1,-40.0,2.0,10.1,12.0,0.0,0.6,0.8,6.2,19.6,32.9,19.6,2.0,27.7,12.0,0.0,0.6,0.8,905.5,1123.5,1341.5,1123.5,2.0,451.5,12.0,0.0,0.6,0.8,905.0,1125.0,1340.0,1125.0,2.0,450.0,12.0,0.0,0.6,0.8
1974,2,83.0,-19.0,25.32,26.0,26.14,25.73,3.0,0.64,6.0,1.0,0.4,0.2,24.42,26.4,26.47,25.47,3.0,1.7,6.0,1.0,0.4,0.2,13.99,15.57,16.9,15.45,3.0,2.14,6.0,1.0,0.4,0.2,72.9,73.5,78.7,75.8,3.0,4.7,6.0,1.0,0.2,9.96,10.3,11.67,10.8,3.0,1.32,6.0,1.0,0.4,0.2,-11.67,-10.3,-9.56,-10.6,3.0,1.57,6.0,1.0,0.4,0.2,0.0,0.0,2.29,1.12,3.0,1.94,6.0,1.0,0.4,0.2,1011.82,1012.5,1012.84,1012.33,3.0,0.76,6.0,1.0,0.4,0.2,6.3,7.0,7.0,6.7,3.0,0.6,6.0,1.0,0.4,0.2,-136.9,-106.1,-95.3,-115.9,3.0,31.7,6.0,1.0,0.4,0.2,0.0,0.0,22.4,10.9,3.0,19.0,6.0,1.0,0.4,0.2,-0.4,-0.2,0.96,0.27,3.0,1.08,6.0,1.0,0.4,0.2,-4.0,-2.1,11.9,3.8,3.0,12.7,6.0,1.0,0.4,0.2,4.19,5.68,6.28,5.24,3.0,1.57,6.0,1.0,0.4,0.2,42.0,58.5,73.6,57.8,3.0,23.2,6.0,1.0,0.4,0.2,-283.6,-271.9,-252.9,-268.3,3.0,22.7,6.0,1.0,0.4,0.2,0.0,0.0,60.6,29.6,3.0,51.3,6.0,1.0,0.4,0.2,-162.5,-161.3,-160.7,-161.6,3.0,1.3,6.0,1.0,0.4,0.2,0.0,0.0,40.1,19.6,3.0,33.9,6.0,1.0,0.4,0.2,-73.6,-58.5,-40.5,-57.1,3.0,24.2,6.0,1.0,0.4,0.2,0.0,0.0,8.0,3.9,3.0,6.8,6.0,1.0,0.4,0.2,989.5,1092.5,1617.0,1298.5,3.0,493.0,6.0,1.0,0.4,0.2,990.0,1095.0,1615.0,1300.0,3.0,495.0,6.0,1.0,0.4,0.2
1974,2,83.0,-14.0,27.9,27.9,27.9,27.9,1.0,0.0,10.0,1.0,0.2,0.1,27.8,27.8,27.8,27.8,1.0,0.0,10.0,1.0,0.2,0.1,17.56,17.56,17.56,17.56,1.0,0.0,10.0,1.0,0.2,0.1,75.2,75.2,75.2,75.2,1.0,0.0,10.0,1.0,0.1,6.2,6.2,6.2,6.2,1.0,0.0,10.0,1.0,0.2,0.1,-4.75,-4.75,-4.75,-4.75,1.0,0.0,10.0,1.0,0.2,0.1,3.99,3.99,3.99,3.99,1.0,0.0,10.0,1.0,0.2,0.1,1010.0,1010.0,1010.0,1010.0,1.0,0.0,10.0,1.0,0.2,0.1,7.0,7.0,7.0,7.0,1.0,0.0,10.0,1.0,0.2,0.1,-29.4,-29.4,-29.4,-29.4,1.0,0.0,10.0,1.0,0.2,0.1,24.7,24.7,24.7,24.7,1.0,0.0,10.0,1.0,0.2,0.1,0.1,0.1,0.1,0.1,1.0,0.0,10.0,1.0,0.2,0.1,0.6,0.6,0.6,0.6,1.0,0.0,10.0,1.0,0.2,0.1,6.03,6.03,6.03,6.03,1.0,0.0,10.0,1.0,0.2,0.1,37.4,37.4,37.4,37.4,1.0,0.0,10.0,1.0,0.2,0.1,-132.0,-132.0,-132.0,-132.0,1.0,0.0,10.0,1.0,0.2,0.1,110.8,110.8,110.8,110.8,1.0,0.0,10.0,1.0,0.2,0.1,-83.4,-83.4,-83.4,-83.4,1.0,0.0,10.0,1.0,0.2,0.1,70.0,70.0,70.0,70.0,1.0,0.0,10.0,1.0,0.2,0.1,-28.6,-28.6,-28.6,-28.6,1.0,0.0,10.0,1.0,0.2,0.1,24.0,24.0,24.0,24.0,1.0,0.0,10.0,1.0,0.2,0.1,238.5,238.5,238.5,238.5,1.0,0.0,10.0,1.0,0.2,0.1,240.0,240.0,240.0,240.0,1.0,0.0,10.0,1.0,0.2,0.1
1974,2,83.0,-12.0,27.8,27.8,27.8,27.8,1.0,0.0,28.0,0.0,0.3,0.4,27.9,27.9,27.9,27.9,1.0,0.0,28.0,0.0,0.3,0.4,22.22,22.22,22.22,22.22,1.0,0.0,28.0,0.0,0.3,0.4,94.3,94.3,94.3,94.3,1.0,0.0,28.0,0.0,0.4,,,,,,,,,,,,,,,,,,,,,,,,,,,,,,,,,,,,,,,,,,,,,,,,,,,,,,,,,,,,,,,,,,,,,,,,,,,,,,,,,,,,,,,,,,,,,,,,,,,,,,,,,,,,,,,,,,,,,,,,,,,,,,,,,,,,,,,,,,,,,,,,,,,,,,,,,,,,,,,,,,,,,,,,,,,,,,,,,,,,,,,,,,,,,,
1974,2,83.0,-10.0,29.0,29.0,29.0,29.0,1.0,0.0,24.0,1.0,0.4,0.1,28.5,28.5,28.5,28.5,1.0,0.0,24.0,1.0,0.4,0.1,19.71,19.71,19.71,19.71,1.0,0.0,24.0,1.0,0.4,0.1,80.4,80.4,80.4,80.4,1.0,0.0,24.0,1.0,0.1,,,,,,,,,,,,,,,,,,,,,,,,,,,,,,,,,,,,,,,,,,,,,,,,,,,,,,,,,,,,,,,,,,,,,,,,,,,,,,,,,,,,,,,,,,,,,,,,,,,,,,,,,,,,,,,,,,,,,,,,,,,,,,,,,,,,,,,,,,,,,,,,,,,,,,,,,,,,,,,,,,,,,,,,,,,,,,,,,,,,,,,,,,,,,,
1974,2,83.0,-8.0,27.4,27.4,27.4,27.4,1.0,0.0,8.0,1.0,0.7,0.7,26.1,26.1,26.1,26.1,1.0,0.0,8.0,1.0,0.7,0.7,17.64,17.64,17.64,17.64,1.0,0.0,8.0,1.0,0.7,0.7,83.1,83.1,83.1,83.1,1.0,0.0,8.0,1.0,0.7,5.1,5.1,5.1,5.1,1.0,0.0,8.0,1.0,0.7,0.7,2.55,2.55,2.55,2.55,1.0,0.0,8.0,1.0,0.7,0.7,-4.42,-4.42,-4.42,-4.42,1.0,0.0,8.0,1.0,0.7,0.7,1005.5,1005.5,1005.5,1005.5,1.0,0.0,8.0,1.0,0.7,0.7,6.0,6.0,6.0,6.0,1.0,0.0,8.0,1.0,0.7,0.7,13.0,13.0,13.0,13.0,1.0,0.0,8.0,1.0,0.7,0.7,-22.5,-22.5,-22.5,-22.5,1.0,0.0,8.0,1.0,0.7,0.7,1.3,1.3,1.3,1.3,1.0,0.0,8.0,1.0,0.7,0.7,6.6,6.6,6.6,6.6,1.0,0.0,8.0,1.0,0.7,0.7,5.37,5.37,5.37,5.37,1.0,0.0,8.0,1.0,0.7,0.7,27.4,27.4,27.4,27.4,1.0,0.0,8.0,1.0,0.7,0.7,66.6,66.6,66.6,66.6,1.0,0.0,8.0,1.0,0.7,0.7,-115.3,-115.3,-115.3,-115.3,1.0,0.0,8.0,1.0,0.7,0.7,45.0,45.0,45.0,45.0,1.0,0.0,8.0,1.0,0.7,0.7,-77.9,-77.9,-77.9,-77.9,1.0,0.0,8.0,1.0,0.7,0.7,13.7,13.7,13.7,13.7,1.0,0.0,8.0,1.0,0.7,0.7,-23.7,-23.7,-23.7,-23.7,1.0,0.0,8.0,1.0,0.7,0.7,132.5,132.5,132.5,132.5,1.0,0.0,8.0,1.0,0.7,0.7,135.0,135.0,135.0,135.0,1.0,0.0,8.0,1.0,0.7,0.7
1974,2,83.0,-6.0,,,,,,,,,,,,,,,,,,,,,,,,,,,,,,,,,,,,,,,,5.0,5.0,5.0,5.0,1.0,0.0,22.0,0.0,0.5,1.0,2.5,2.5,2.5,2.5,1.0,0.0,22.0,0.0,0.5,1.0,-4.33,-4.33,-4.33,-4.33,1.0,0.0,22.0,0.0,0.5,1.0,1008.2,1008.2,1008.2,1008.2,1.0,0.0,22.0,0.0,0.5,1.0,,,,,,,,,,,,,,,,,,,,,,,,,,,,,,,,,,,,,,,,,,,,,,,,,,,,,,,,,,,,,,,,,,,,,,,,,,,,,,,,,,,,,,,,,,,,,,,,,,,,,,,,,,,,,,,,,,,,,,,,,,,,,,,,,,,,,,,,,,,,,,,,,,,,,,
1974,2,83.0,-5.0,27.83,27.9,27.97,27.9,2.0,0.14,10.0,0.5,0.3,0.6,27.13,27.4,27.67,27.4,2.0,0.57,10.0,0.5,0.3,0.6,16.91,16.91,16.91,16.91,1.0,0.0,4.0,1.0,0.2,0.9,72.5,72.5,72.5,72.5,1.0,0.0,4.0,1.0,0.9,6.7,6.7,6.7,6.7,1.0,0.0,4.0,1.0,0.2,0.9,5.13,5.13,5.13,5.13,1.0,0.0,4.0,1.0,0.2,0.9,4.31,4.31,4.31,4.31,1.0,0.0,4.0,1.0,0.2,0.9,1011.27,1011.85,1012.43,1011.85,2.0,1.2,10.0,0.5,0.3,0.6,3.5,4.5,5.5,4.5,2.0,2.1,10.0,0.5,0.3,0.6,34.4,34.4,34.4,34.4,1.0,0.0,4.0,1.0,0.2,0.9,28.9,28.9,28.9,28.9,1.0,0.0,4.0,1.0,0.2,0.9,0.16,0.5,0.84,0.5,2.0,0.71,10.0,0.5,0.3,0.6,0.0,0.0,0.0,0.0,1.0,0.0,4.0,1.0,0.2,0.9,6.52,6.52,6.52,6.52,1.0,0.0,4.0,1.0,0.2,0.9,43.7,43.7,43.7,43.7,1.0,0.0,4.0,1.0,0.2,0.9,142.7,142.7,142.7,142.7,1.0,0.0,4.0,1.0,0.2,0.9,119.7,119.7,119.7,119.7,1.0,0.0,4.0,1.0,0.2,0.9,86.8,86.8,86.8,86.8,1.0,0.0,4.0,1.0,0.2,0.9,72.8,72.8,72.8,72.8,1.0,0.0,4.0,1.0,0.2,0.9,33.5,33.5,33.5,33.5,1.0,0.0,4.0,1.0,0.2,0.9,28.1,28.1,28.1,28.1,1.0,0.0,4.0,1.0,0.2,0.9,301.0,301.0,301.0,301.0,1.0,0.0,4.0,1.0,0.2,0.9,300.0,300.0,300.0,300.0,1.0,0.0,4.0,1.0,0.2,0.9
1974,2,83.0,-4.0,26.5,27.0,28.24,27.36,5.0,1.06,16.0,0.4,0.4,0.6,26.53,27.3,27.85,27.22,5.0,0.72,16.0,0.4,0.4,0.6,16.88,17.64,18.71,17.79,4.0,1.39,16.0,0.3,0.3,0.5,75.5,78.4,83.8,79.6,4.0,5.2,16.0,0.3,0.5,2.42,4.1,5.44,4.0,5.0,1.69,16.0,0.4,0.4,0.6,1.32,3.21,4.83,3.17,5.0,2.13,16.0,0.4,0.4,0.6,-2.66,-1.97,-0.45,-1.7,5.0,1.46,16.0,0.4,0.4,0.6,1007.53,1008.2,1009.3,1008.42,5.0,1.06,16.0,0.4,0.4,0.6,4.6,6.0,7.4,6.0,5.0,1.6,16.0,0.4,0.4,0.6,3.3,16.1,24.5,15.4,5.0,14.6,16.0,0.4,0.4,0.6,-10.3,-4.1,-1.9,-6.3,5.0,7.5,16.0,0.4,0.4,0.6,-0.95,0.6,1.01,0.14,5.0,1.07,16.0,0.4,0.4,0.6,-3.1,1.3,5.6,1.2,5.0,5.0,16.0,0.4,0.4,0.6,3.08,4.97,5.99,4.56,4.0,1.85,16.0,0.3,0.3,0.5,9.0,15.0,26.9,17.8,4.0,13.0,16.0,0.3,0.3,0.5,35.9,90.3,131.2,86.3,5.0,57.1,16.0,0.4,0.4,0.6,-73.8,-52.1,-12.5,-46.8,5.0,41.0,16.0,0.4,0.4,0.6,21.7,51.9,91.3,56.3,4.0,43.3,16.0,0.3,0.3,0.5,-35.7,-22.3,-6.0,-20.9,4.0,17.9,16.0,0.3,0.3,0.5,4.0,10.6,26.8,15.2,4.0,15.1,16.0,0.3,0.3,0.5,-8.4,-3.6,-1.4,-4.8,4.0,5.2,16.0,0.3,0.3,0.5,14.5,69.0,166.5,92.0,5.0,94.0,16.0,0.4,0.4,0.6,15.0,70.0,165.0,90.0,5.0,95.0,16.0,0.4,0.4,0.6
1974,2,83.0,-3.0,27.22,27.6,29.0,28.01,15.0,0.9,14.0,0.5,0.4,0.7,26.64,27.25,28.19,27.47,16.0,1.34,14.0,0.6,0.4,0.7,17.52,18.02,18.63,17.92,13.0,0.82,14.0,0.6,0.4,0.7,73.8,80.7,83.3,79.4,13.0,5.0,14.0,0.6,0.7,3.87,5.1,7.84,5.66,17.0,2.17,14.0,0.5,0.4,0.7,2.58,4.6,7.02,4.76,17.0,2.13,14.0,0.5,0.4,0.7,-4.51,-1.71,0.0,-1.97,17.0,2.47,14.0,0.5,0.4,0.7,1008.35,1009.2,1010.5,1009.24,17.0,1.4,14.0,0.5,0.4,0.7,2.5,4.0,6.0,4.0,17.0,1.8,14.0,0.5,0.4,0.7,10.2,22.5,53.5,30.8,17.0,25.3,14.0,0.5,0.4,0.7,-32.6,-5.8,0.0,-13.2,17.0,18.7,14.0,0.5,0.4,0.7,0.0,0.5,1.94,0.6,14.0,1.22,14.0,0.5,0.4,0.7,0.0,1.8,10.2,2.8,14.0,8.3,14.0,0.5,0.4,0.7,4.72,5.26,6.91,5.83,11.0,1.25,14.0,0.5,0.3,0.7,18.9,26.8,45.5,31.7,11.0,15.2,14.0,0.5,0.3,0.7,69.5,125.3,197.1,130.9,16.0,63.9,14.0,0.6,0.4,0.7,-124.3,-33.2,0.0,-49.6,16.0,68.3,14.0,0.6,0.4,0.7,44.9,79.6,95.9,78.0,13.0,30.6,14.0,0.6,0.4,0.7,-81.5,-12.0,0.0,-31.9,13.0,47.7,14.0,0.6,0.4,0.7,15.5,20.1,43.5,26.0,11.0,14.2,14.0,0.5,0.3,0.7,-24.9,-3.1,0.0,-10.4,11.0,16.6,14.0,0.5,0.3,0.7,58.5,132.5,482.0,262.5,17.0,287.5,14.0,0.5,0.4,0.7,60.0,135.0,480.0,265.0,17.0,290.0,14.0,0.5,0.4,0.7
1974,2,83.0,-2.0,26.93,27.4,27.87,27.4,5.0,0.51,16.0,0.0,0.7,0.6,26.6,27.0,27.28,26.95,6.0,0.47,18.0,0.2,0.7,0.5,17.84,18.29,20.1,18.94,4.0,1.9,14.0,0.0,0.8,0.6,80.6,84.6,90.1,85.3,4.0,6.5,14.0,0.0,0.6,3.0,4.6,6.75,4.6,7.0,2.23,16.0,0.1,0.6,0.6,1.9,3.91,4.35,3.2,7.0,1.72,16.0,0.1,0.6,0.6,-5.17,-3.28,-0.88,-2.61,7.0,2.61,16.0,0.1,0.6,0.6,1008.35,1010.55,1010.86,1009.78,6.0,1.61,18.0,0.2,0.7,0.5,2.0,5.0,7.0,4.3,7.0,2.4,16.0,0.1,0.6,0.6,7.6,19.9,29.3,17.7,7.0,13.1,16.0,0.1,0.6,0.6,-34.9,-13.9,-0.6,-15.3,7.0,18.9,16.0,0.1,0.6,0.6,-0.07,0.6,1.04,0.5,5.0,0.58,16.0,0.0,0.7,0.6,-0.3,1.9,4.6,2.1,5.0,2.7,16.0,0.0,0.7,0.6,2.42,4.34,5.09,3.78,4.0,1.83,14.0,0.0,0.8,0.6,5.2,8.6,19.6,12.2,4.0,10.2,14.0,0.0,0.8,0.6,42.8,90.3,117.6,78.5,6.0,46.0,18.0,0.2,0.7,0.5,-103.0,-57.7,-12.5,-55.3,6.0,64.7,18.0,0.2,0.7,0.5,25.4,62.4,83.2,54.7,4.0,40.1,14.0,0.0,0.8,0.6,-40.6,-18.4,9.6,-15.6,4.0,38.6,14.0,0.0,0.8,0.6,2.5,8.1,16.0,9.2,4.0,8.8,14.0,0.0,0.8,0.6,-11.4,-4.4,-0.9,-6.1,4.0,8.0,14.0,0.0,0.8,0.6,28.5,97.5,308.0,154.5,7.0,165.0,16.0,0.1,0.6,0.6,30.0,95.0,310.0,155.0,7.0,165.0,16.0,0.1,0.6,0.6
1974,2,83.0,-1.0,28.0,28.0,28.0,28.0,1.0,0.0,26.0,1.0,0.7,0.2,28.0,28.0,28.0,28.0,1.0,0.0,26.0,1.0,0.7,0.2,19.0,19.0,19.0,19.0,1.0,0.0,26.0,1.0,0.7,0.2,80.3,80.3,80.3,80.3,1.0,0.0,26.0,1.0,0.2,7.86,8.2,8.54,8.2,2.0,0.71,18.0,1.0,0.8,0.2,2.42,4.76,7.09,4.76,2.0,4.84,18.0,1.0,0.8,0.2,-6.85,-5.28,-3.71,-5.28,2.0,3.26,18.0,1.0,0.8,0.2,1010.3,1010.5,1010.7,1010.5,2.0,0.42,18.0,1.0,0.8,0.2,2.8,4.5,6.2,4.5,2.0,3.5,18.0,1.0,0.8,0.2,19.9,40.7,61.5,40.7,2.0,43.0,18.0,1.0,0.8,0.2,-53.2,-42.1,-31.0,-42.1,2.0,23.0,18.0,1.0,0.8,0.2,0.0,0.0,0.0,0.0,1.0,0.0,26.0,1.0,0.7,0.2,0.0,0.0,0.0,0.0,1.0,0.0,26.0,1.0,0.7,0.2,4.72,4.72,4.72,4.72,1.0,0.0,26.0,1.0,0.7,0.2,41.1,41.1,41.1,41.1,1.0,0.0,26.0,1.0,0.7,0.2,228.9,228.9,228.9,228.9,1.0,0.0,26.0,1.0,0.7,0.2,-83.3,-83.3,-83.3,-83.3,1.0,0.0,26.0,1.0,0.7,0.2,155.3,155.3,155.3,155.3,1.0,0.0,26.0,1.0,0.7,0.2,-56.5,-56.5,-56.5,-56.5,1.0,0.0,26.0,1.0,0.7,0.2,38.6,38.6,38.6,38.6,1.0,0.0,26.0,1.0,0.7,0.2,-14.0,-14.0,-14.0,-14.0,1.0,0.0,26.0,1.0,0.7,0.2,488.5,557.5,626.5,557.5,2.0,143.0,18.0,1.0,0.8,0.2,490.0,560.0,625.0,560.0,2.0,145.0,18.0,1.0,0.8,0.2
1974,2,83.0,0.0,27.3,27.5,27.7,27.5,2.0,0.42,12.0,0.5,0.4,0.8,26.2,26.2,26.2,26.2,1.0,0.0,18.0,0.0,0.2,0.8,17.6,17.6,17.6,17.6,1.0,0.0,18.0,0.0,0.2,0.8,82.6,82.6,82.6,82.6,1.0,0.0,18.0,0.0,0.8,2.91,4.65,6.39,4.65,2.0,3.61,12.0,0.5,0.4,0.8,-3.2,-2.32,-1.45,-2.32,2.0,1.8,12.0,0.5,0.4,0.8,-5.53,-4.03,-2.52,-4.03,2.0,3.12,12.0,0.5,0.4,0.8,1009.25,1011.95,1014.65,1011.95,2.0,5.59,12.0,0.5,0.4,0.8,6.2,6.5,6.8,6.5,2.0,0.7,12.0,0.5,0.4,0.8,-22.2,-14.1,-6.0,-14.1,2.0,16.8,12.0,0.5,0.4,0.8,-38.4,-24.4,-10.3,-24.4,2.0,29.0,12.0,0.5,0.4,0.8,1.0,1.0,1.0,1.0,1.0,0.0,18.0,0.0,0.2,0.8,2.1,2.1,2.1,2.1,1.0,0.0,18.0,0.0,0.2,0.8,5.08,5.08,5.08,5.08,1.0,0.0,18.0,0.0,0.2,0.8,10.7,10.7,10.7,10.7,1.0,0.0,18.0,0.0,0.2,0.8,-27.5,-27.5,-27.5,-27.5,1.0,0.0,18.0,0.0,0.2,0.8,-47.6,-47.6,-47.6,-47.6,1.0,0.0,18.0,0.0,0.2,0.8,-18.5,-18.5,-18.5,-18.5,1.0,0.0,18.0,0.0,0.2,0.8,-32.0,-32.0,-32.0,-32.0,1.0,0.0,18.0,0.0,0.2,0.8,-5.3,-5.3,-5.3,-5.3,1.0,0.0,18.0,0.0,0.2,0.8,-9.2,-9.2,-9.2,-9.2,1.0,0.0,18.0,0.0,0.2,0.8,67.0,191.5,315.5,191.5,2.0,257.5,12.0,0.5,0.4,0.8,65.0,190.0,315.0,190.0,2.0,255.0,12.0,0.5,0.4,0.8
1974,2,83.0,1.0,27.5,27.7,28.27,27.88,4.0,0.57,10.0,0.5,0.4,0.5,26.2,26.75,27.46,26.83,4.0,0.75,10.0,0.5,0.4,0.5,17.39,17.61,18.23,17.8,4.0,0.59,10.0,0.5,0.4,0.5,78.8,81.2,82.6,80.7,4.0,2.5,10.0,0.5,0.5,1.71,4.1,5.7,3.73,4.0,2.8,10.0,0.5,0.4,0.5,-0.33,0.58,1.38,0.53,4.0,1.02,10.0,0.5,0.4,0.5,-5.51,-3.93,-1.69,-3.62,4.0,2.74,10.0,0.5,0.4,0.5,1010.14,1010.75,1011.31,1010.73,4.0,0.71,10.0,0.5,0.4,0.5,5.0,6.5,7.0,6.0,4.0,1.4,10.0,0.5,0.4,0.5,-1.2,3.6,7.5,3.2,4.0,5.1,10.0,0.5,0.4,0.5,-32.6,-16.3,-6.1,-19.2,4.0,18.6,10.0,0.5,0.4,0.5,0.13,1.05,1.97,1.05,4.0,1.16,10.0,0.5,0.4,0.5,-1.1,3.5,7.8,3.4,4.0,5.2,10.0,0.5,0.4,0.5,4.99,5.91,6.5,5.75,4.0,1.13,10.0,0.5,0.4,0.5,11.9,25.9,27.6,20.0,4.0,13.4,10.0,0.5,0.4,0.5,-8.6,16.1,36.9,14.2,4.0,27.0,10.0,0.5,0.4,0.5,-149.5,-103.0,-44.4,-97.2,4.0,75.3,10.0,0.5,0.4,0.5,-5.8,10.8,24.6,9.5,4.0,18.1,10.0,0.5,0.4,0.5,-100.1,-69.0,-30.0,-65.2,4.0,50.6,10.0,0.5,0.4,0.5,-2.3,2.5,7.1,2.4,4.0,5.9,10.0,0.5,0.4,0.5,-26.6,-24.9,-11.7,-19.4,4.0,13.0,10.0,0.5,0.4,0.5,22.0,72.0,204.0,111.0,4.0,132.5,10.0,0.5,0.4,0.5,20.0,70.0,205.0,110.0,4.0,130.0,10.0,0.5,0.4,0.5
1974,2,83.0,2.0,27.76,27.9,28.31,28.03,3.0,0.42,18.0,1.0,0.5,0.4,26.15,26.9,27.65,26.9,3.0,1.1,18.0,1.0,0.5,0.4,16.58,16.62,17.43,17.0,3.0,0.71,18.0,1.0,0.5,0.4,73.4,80.0,80.1,76.9,3.0,5.7,18.0,1.0,0.4,2.3,5.1,5.85,4.1,3.0,2.74,18.0,1.0,0.5,0.4,-0.71,-0.34,3.13,1.17,3.0,3.11,18.0,1.0,0.5,0.4,-4.69,-3.99,-0.62,-2.69,3.0,3.19,18.0,1.0,0.5,0.4,1008.7,1010.0,1012.18,1010.43,3.0,2.58,18.0,1.0,0.5,0.4,3.6,7.0,7.7,5.7,3.0,3.2,18.0,1.0,0.5,0.4,-3.2,-0.3,20.0,8.2,3.0,18.5,18.0,1.0,0.5,0.4,-25.3,-24.7,-7.2,-16.5,3.0,15.1,18.0,1.0,0.5,0.4,0.66,1.0,1.61,1.13,3.0,0.71,18.0,1.0,0.5,0.4,2.3,6.2,8.6,5.5,3.0,4.6,18.0,1.0,0.5,0.4,6.1,6.7,7.45,6.78,3.0,0.99,18.0,1.0,0.5,0.4,16.2,34.2,35.5,26.0,3.0,15.8,18.0,1.0,0.5,0.4,-18.6,-9.6,84.2,31.8,3.0,83.4,18.0,1.0,0.5,0.4,-122.5,-107.2,-16.1,-70.2,3.0,84.3,18.0,1.0,0.5,0.4,-11.8,-5.7,56.0,21.4,3.0,54.9,18.0,1.0,0.5,0.4,-79.5,-71.0,-11.9,-46.3,3.0,53.9,18.0,1.0,0.5,0.4,-4.9,-2.7,18.0,6.4,3.0,18.5,18.0,1.0,0.5,0.4,-30.3,-23.2,-2.4,-16.5,3.0,21.3,18.0,1.0,0.5,0.4,43.0,132.5,205.0,124.0,3.0,119.0,18.0,1.0,0.5,0.4,45.0,135.0,205.0,125.0,3.0,120.0,18.0,1.0,0.5,0.4
1974,2,83.0,3.0,27.26,28.0,28.18,27.8,5.0,0.54,18.0,0.2,0.2,0.5,26.51,27.0,27.65,27.04,5.0,0.72,18.0,0.2,0.2,0.5,17.6,17.98,18.37,17.96,5.0,0.56,18.0,0.2,0.2,0.5,76.2,81.2,84.1,80.4,5.0,5.7,18.0,0.2,0.5,3.94,7.2,8.28,6.08,5.0,3.58,18.0,0.2,0.2,0.5,-2.72,-2.12,0.96,-1.03,5.0,2.36,18.0,0.2,0.2,0.5,-7.78,-6.77,-3.7,-5.71,5.0,3.36,18.0,0.2,0.2,0.5,1007.13,1009.2,1010.04,1008.76,5.0,1.63,18.0,0.2,0.2,0.5,4.9,7.0,7.5,6.3,4.0,2.2,20.0,0.3,0.3,0.5,-22.1,-13.1,7.4,-8.0,5.0,19.0,18.0,0.2,0.2,0.5,-65.0,-48.7,-22.9,-44.4,5.0,29.8,18.0,0.2,0.2,0.5,0.35,1.0,1.07,0.76,5.0,0.45,18.0,0.2,0.2,0.5,0.5,3.6,7.3,4.0,5.0,3.9,18.0,0.2,0.2,0.5,4.59,5.52,6.55,5.53,5.0,1.09,18.0,0.2,0.2,0.5,22.3,40.0,51.5,35.6,5.0,21.2,18.0,0.2,0.2,0.5,-73.3,-58.3,26.8,-27.3,5.0,64.8,18.0,0.2,0.2,0.5,-214.3,-181.3,-101.7,-155.9,5.0,91.5,18.0,0.2,0.2,0.5,-49.2,-38.1,16.4,-19.0,5.0,41.7,18.0,0.2,0.2,0.5,-136.6,-121.1,-66.5,-101.8,5.0,60.3,18.0,0.2,0.2,0.5,-15.1,-12.0,6.5,-5.1,5.0,14.3,18.0,0.2,0.2,0.5,-48.4,-37.5,-21.0,-33.5,5.0,19.9,18.0,0.2,0.2,0.5,151.5,373.0,583.5,374.5,5.0,296.0,18.0,0.2,0.2,0.5,150.0,375.0,585.0,375.0,5.0,295.0,18.0,0.2,0.2,0.5
1974,2,83.0,4.0,27.83,27.9,27.97,27.9,2.0,0.14,8.0,0.5,0.3,0.5,26.84,27.4,28.74,27.78,4.0,1.3,16.0,0.8,0.4,0.5,17.59,18.15,18.69,18.14,4.0,0.63,16.0,0.8,0.4,0.5,73.5,77.7,82.0,77.7,4.0,5.2,16.0,0.8,0.5,3.74,6.2,6.54,5.17,3.0,2.24,14.0,0.7,0.4,0.4,-5.29,-5.13,-1.63,-3.5,3.0,3.03,14.0,0.7,0.4,0.4,-3.92,-3.1,-2.76,-3.34,3.0,0.88,14.0,0.7,0.4,0.4,1008.12,1008.9,1009.1,1008.63,4.0,0.77,16.0,0.8,0.4,0.5,3.0,3.5,6.1,4.5,4.0,2.4,16.0,0.8,0.4,0.5,-34.0,-33.3,-10.6,-22.6,3.0,19.5,14.0,0.7,0.4,0.4,-25.8,-19.2,-10.7,-18.3,3.0,11.1,14.0,0.7,0.4,0.4,-1.31,-0.25,0.81,-0.25,2.0,2.19,8.0,0.5,0.3,0.5,-8.9,-3.9,1.1,-3.9,2.0,10.3,8.0,0.5,0.3,0.5,5.01,5.48,5.96,5.48,2.0,0.98,8.0,0.5,0.3,0.5,18.2,22.9,27.5,22.9,2.0,9.7,8.0,0.5,0.3,0.5,-153.8,-142.7,-45.3,-100.5,3.0,87.4,14.0,0.7,0.4,0.4,-110.8,-91.8,-76.5,-93.6,3.0,25.2,14.0,0.7,0.4,0.4,-97.2,-90.4,-28.7,-63.6,3.0,55.3,14.0,0.7,0.4,0.4,-70.1,-57.9,-49.6,-59.8,3.0,15.2,14.0,0.7,0.4,0.4,-21.6,-12.9,-4.1,-12.9,2.0,18.2,8.0,0.5,0.3,0.5,-15.9,-15.5,-15.0,-15.5,2.0,0.9,8.0,0.5,0.3,0.5,87.5,238.5,281.0,185.5,3.0,149.0,14.0,0.7,0.4,0.4,90.0,240.0,280.0,185.0,3.0,150.0,14.0,0.7,0.4,0.4
1974,2,83.0,5.0,26.0,27.0,28.0,27.02,25.0,0.89,16.0,0.6,0.4,0.8,26.0,26.9,28.0,26.97,26.0,1.16,16.0,0.6,0.3,0.8,16.95,18.21,19.72,18.14,26.0,1.56,16.0,0.6,0.3,0.8,74.2,80.5,92.0,81.6,26.0,8.0,16.0,0.6,0.8,2.1,5.1,7.64,4.91,27.0,2.62,16.0,0.6,0.3,0.8,-4.36,-2.3,0.0,-2.3,27.0,2.19,16.0,0.6,0.3,0.8,-6.61,-3.98,-1.01,-3.69,27.0,2.72,16.0,0.6,0.3,0.8,1008.54,1010.5,1013.27,1010.81,27.0,2.49,16.0,0.6,0.3,0.8,4.0,6.0,8.0,5.8,27.0,1.9,16.0,0.6,0.3,0.8,-31.7,-9.9,0.0,-14.1,27.0,14.8,16.0,0.6,0.3,0.8,-48.2,-18.3,-3.4,-23.9,27.0,22.7,16.0,0.6,0.3,0.8,-1.33,0.0,1.0,-0.07,24.0,1.27,16.0,0.6,0.3,0.8,-7.6,0.0,3.4,-0.8,24.0,7.8,16.0,0.6,0.3,0.8,2.72,4.04,5.31,4.14,24.0,1.64,16.0,0.6,0.3,0.8,8.5,19.1,32.9,20.8,24.0,15.1,16.0,0.6,0.3,0.8,-117.1,-61.2,0.0,-59.4,26.0,57.8,16.0,0.6,0.3,0.8,-185.4,-102.2,-24.9,-97.6,26.0,76.9,16.0,0.6,0.3,0.8,-82.0,-43.9,0.0,-40.6,26.0,39.5,16.0,0.6,0.3,0.8,-115.9,-64.1,-18.5,-65.1,26.0,50.1,16.0,0.6,0.3,0.8,-16.3,-5.2,0.0,-9.4,24.0,12.7,16.0,0.6,0.3,0.8,-30.1,-13.6,-4.2,-15.5,24.0,13.2,16.0,0.6,0.3,0.8,9.5,132.5,446.0,207.0,27.0,203.0,16.0,0.6,0.3,0.8,10.0,135.0,445.0,205.0,27.0,205.0,16.0,0.6,0.3,0.8
1974,2,83.0,6.0,,,,,,,,,,,,,,,,,,,,,,,,,,,,,,,,,,,,,,,,6.2,6.2,6.2,6.2,1.0,0.0,24.0,1.0,0.2,0.9,-3.99,-3.99,-3.99,-3.99,1.0,0.0,24.0,1.0,0.2,0.9,-4.75,-4.75,-4.75,-4.75,1.0,0.0,24.0,1.0,0.2,0.9,1004.0,1004.0,1004.0,1004.0,1.0,0.0,24.0,1.0,0.2,0.9,,,,,,,,,,,,,,,,,,,,,,,,,,,,,,,,,,,,,,,,,,,,,,,,,,,,,,,,,,,,,,,,,,,,,,,,,,,,,,,,,,,,,,,,,,,,,,,,,,,,,,,,,,,,,,,,,,,,,,,,,,,,,,,,,,,,,,,,,,,,,,,,,,,,,,
1974,2,83.0,8.0,28.06,28.2,28.68,28.37,3.0,0.47,22.0,0.7,0.2,0.5,26.63,27.2,28.73,27.64,5.0,1.5,22.0,0.8,0.3,0.6,18.59,18.66,18.86,18.72,4.0,0.19,20.0,0.8,0.4,0.5,80.5,83.7,87.1,83.8,4.0,4.2,20.0,0.8,0.5,2.19,5.65,6.7,4.5,4.0,3.16,20.0,0.8,0.4,0.5,-5.1,-4.31,-2.05,-3.61,4.0,2.51,20.0,0.8,0.4,0.5,-4.28,-2.46,-0.75,-2.51,4.0,2.22,20.0,0.8,0.4,0.5,1007.58,1008.9,1011.89,1009.68,5.0,2.61,22.0,0.8,0.3,0.6,3.6,5.0,6.7,5.2,5.0,1.9,22.0,0.8,0.3,0.6,-34.1,-24.4,-9.5,-21.9,4.0,16.5,20.0,0.8,0.4,0.5,-28.7,-14.8,-3.4,-16.0,4.0,15.4,20.0,0.8,0.4,0.5,1.22,1.7,2.04,1.63,3.0,0.6,22.0,0.7,0.2,0.5,2.1,6.7,7.5,4.8,3.0,4.2,22.0,0.7,0.2,0.5,4.92,5.36,6.13,5.52,3.0,0.89,22.0,0.7,0.2,0.5,9.5,29.8,31.0,20.5,3.0,17.8,22.0,0.7,0.2,0.5,-139.5,-119.1,-56.0,-98.7,4.0,68.2,20.0,0.8,0.4,0.5,-118.4,-66.6,-20.4,-69.2,4.0,61.9,20.0,0.8,0.4,0.5,-96.0,-80.2,-38.1,-67.7,4.0,47.3,20.0,0.8,0.4,0.5,-80.3,-46.4,-13.9,-47.1,4.0,41.4,20.0,0.8,0.4,0.5,-27.8,-27.4,-8.7,-18.5,3.0,16.0,22.0,0.7,0.2,0.5,-14.0,-10.2,-3.2,-8.7,3.0,8.0,22.0,0.7,0.2,0.5,46.5,199.0,301.0,174.5,4.0,151.0,20.0,0.8,0.4,0.5,45.0,200.0,300.0,175.0,4.0,150.0,20.0,0.8,0.4,0.5
1974,2,83.0,9.0,26.16,27.1,27.36,26.78,4.0,0.94,12.0,0.8,0.4,0.6,25.71,27.35,28.88,27.3,4.0,1.96,12.0,0.8,0.4,0.6,15.51,16.71,18.55,17.02,3.0,2.25,10.0,0.7,0.5,0.6,75.5,75.6,76.7,76.1,3.0,1.0,10.0,0.7,0.6,6.33,7.2,8.54,7.43,4.0,1.43,12.0,0.8,0.4,0.6,-5.3,-4.48,-2.6,-3.97,4.0,2.07,12.0,0.8,0.4,0.6,-7.03,-5.52,-5.04,-6.01,4.0,1.42,12.0,0.8,0.4,0.6,1010.7,1012.15,1014.07,1012.38,4.0,1.97,12.0,0.8,0.4,0.6,2.0,3.0,4.6,3.3,4.0,2.1,12.0,0.8,0.4,0.6,-44.4,-36.0,-17.0,-30.9,4.0,18.0,12.0,0.8,0.4,0.6,-57.4,-36.8,-34.9,-45.7,4.0,19.5,12.0,0.8,0.4,0.6,-1.64,-0.15,0.56,-0.52,4.0,1.45,12.0,0.8,0.4,0.6,-10.8,-0.6,4.9,-2.8,4.0,10.3,12.0,0.8,0.4,0.6,3.66,5.36,5.73,4.71,3.0,1.62,10.0,0.7,0.5,0.6,26.3,41.3,50.6,38.5,3.0,18.0,10.0,0.7,0.5,0.6,-137.7,-125.1,-74.1,-106.8,4.0,52.7,12.0,0.8,0.4,0.6,-191.1,-159.0,-136.9,-163.8,4.0,37.5,12.0,0.8,0.4,0.6,-86.7,-83.6,-79.6,-83.1,3.0,5.2,10.0,0.7,0.5,0.6,-123.5,-99.6,-82.1,-102.7,3.0,30.4,10.0,0.7,0.5,0.6,-30.3,-27.5,-17.2,-23.8,3.0,10.1,10.0,0.7,0.5,0.6,-40.9,-26.5,-18.5,-29.6,3.0,16.6,10.0,0.7,0.5,0.6,256.5,378.5,639.0,444.5,4.0,260.0,12.0,0.8,0.4,0.6,255.0,380.0,640.0,445.0,4.0,260.0,12.0,0.8,0.4,0.6
1974,2,83.0,10.0,25.38,26.2,26.95,26.17,3.0,1.15,16.0,0.3,0.5,0.5,25.54,26.7,28.95,27.23,3.0,2.54,16.0,0.3,0.5,0.5,16.77,17.33,18.21,17.49,3.0,1.06,16.0,0.3,0.5,0.5,71.9,75.4,83.7,77.8,3.0,8.9,16.0,0.3,0.5,6.68,7.7,8.04,7.37,3.0,1.04,16.0,0.3,0.5,0.5,-5.86,-4.95,-4.81,-5.33,3.0,0.83,16.0,0.3,0.5,0.5,-5.7,-5.27,-4.39,-5.05,3.0,0.98,16.0,0.3,0.5,0.5,1010.45,1011.0,1012.16,1011.3,3.0,1.28,16.0,0.3,0.5,0.5,1.6,3.0,4.4,3.0,3.0,2.0,16.0,0.3,0.5,0.5,-47.3,-38.1,-32.2,-39.7,3.0,11.1,16.0,0.3,0.5,0.5,-44.7,-43.2,-30.6,-37.8,3.0,11.4,16.0,0.3,0.5,0.5,-3.22,0.6,1.01,-1.07,3.0,3.42,16.0,0.3,0.5,0.5,-19.6,4.9,7.9,-5.6,3.0,22.1,16.0,0.3,0.5,0.5,2.05,3.97,5.53,3.79,3.0,2.55,16.0,0.3,0.5,0.5,14.6,30.6,44.7,29.7,3.0,22.0,16.0,0.3,0.5,0.5,-159.7,-142.5,-129.7,-144.6,3.0,22.1,16.0,0.3,0.5,0.5,-145.3,-140.7,-126.3,-135.9,3.0,14.6,16.0,0.3,0.5,0.5,-98.9,-88.4,-86.6,-92.6,3.0,9.7,16.0,0.3,0.5,0.5,-97.4,-87.0,-78.3,-87.8,3.0,14.0,16.0,0.3,0.5,0.5,-33.0,-19.6,-10.0,-21.5,3.0,16.9,16.0,0.3,0.5,0.5,-29.9,-23.4,-10.6,-20.3,3.0,14.4,16.0,0.3,0.5,0.5,307.5,456.5,521.5,415.5,3.0,160.5,16.0,0.3,0.5,0.5,310.0,455.0,520.0,415.0,3.0,160.0,16.0,0.3,0.5,0.5
1974,2,83.0,12.0,26.29,27.0,27.76,27.03,4.0,0.88,8.0,0.3,0.3,0.3,24.57,25.6,26.52,25.55,4.0,1.27,8.0,0.3,0.3,0.3,15.5,16.27,17.28,16.39,4.0,1.04,8.0,0.3,0.3,0.3,76.2,83.4,84.3,80.4,4.0,7.2,8.0,0.3,0.3,3.05,5.1,6.87,4.97,3.0,2.8,8.0,0.0,0.1,0.4,-5.79,-3.91,-2.48,-4.13,3.0,2.43,8.0,0.0,0.1,0.4,-3.67,-3.28,-1.76,-2.73,3.0,1.48,8.0,0.0,0.1,0.4,1010.79,1011.55,1012.05,1011.43,4.0,0.76,8.0,0.3,0.3,0.3,1.0,1.5,3.0,2.0,4.0,1.4,8.0,0.3,0.3,0.3,-41.4,-19.9,-8.9,-25.0,3.0,24.2,8.0,0.0,0.1,0.4,-25.5,-16.7,-6.8,-16.2,3.0,13.7,8.0,0.0,0.1,0.4,0.69,1.45,2.26,1.48,4.0,0.93,8.0,0.3,0.3,0.3,5.1,6.9,10.9,8.0,3.0,4.4,8.0,0.0,0.1,0.4,5.11,6.16,6.87,6.0,4.0,1.38,8.0,0.3,0.3,0.3,18.8,31.5,31.8,25.5,3.0,10.9,8.0,0.0,0.1,0.4,-144.5,-93.8,-62.0,-103.0,3.0,60.9,8.0,0.0,0.1,0.4,-91.2,-78.7,-43.6,-67.7,3.0,36.1,8.0,0.0,0.1,0.4,-96.7,-60.5,-41.0,-68.6,3.0,41.4,8.0,0.0,0.1,0.4,-60.8,-50.8,-28.7,-44.9,3.0,24.1,8.0,0.0,0.1,0.4,-26.6,-24.1,-15.3,-21.0,3.0,8.7,8.0,0.0,0.1,0.4,-18.9,-16.0,-9.5,-14.2,3.0,7.0,8.0,0.0,0.1,0.4,48.5,132.5,353.5,199.5,3.0,231.0,8.0,0.0,0.1,0.4,50.0,135.0,355.0,200.0,3.0,230.0,8.0,0.0,0.1,0.4
1974,2,83.0,15.0,27.11,28.0,28.0,27.57,3.0,0.75,16.0,0.3,0.1,0.3,25.85,26.4,26.47,26.17,3.0,0.49,16.0,0.3,0.1,0.3,14.42,14.61,14.79,14.61,2.0,0.38,16.0,0.5,0.1,0.4,69.4,69.7,70.1,69.7,2.0,0.8,16.0,0.5,0.4,1.14,3.6,6.06,3.6,2.0,5.09,16.0,0.5,0.1,0.4,-5.69,-3.38,-1.07,-3.38,2.0,4.78,16.0,0.5,0.1,0.4,-2.07,-1.23,-0.39,-1.23,2.0,1.74,16.0,0.5,0.1,0.4,1010.63,1013.5,1014.32,1012.5,3.0,2.84,16.0,0.3,0.1,0.3,0.0,0.0,0.7,0.3,3.0,0.6,16.0,0.3,0.1,0.3,-41.0,-24.4,-7.7,-24.4,2.0,34.4,16.0,0.5,0.1,0.4,-14.9,-8.9,-2.8,-8.9,2.0,12.5,16.0,0.5,0.1,0.4,1.23,1.5,1.57,1.4,3.0,0.26,16.0,0.3,0.1,0.3,1.3,4.0,6.7,4.0,2.0,5.6,16.0,0.5,0.1,0.4,7.74,8.2,8.66,8.2,2.0,0.96,16.0,0.5,0.1,0.4,8.6,27.1,45.6,27.1,2.0,38.3,16.0,0.5,0.1,0.4,-145.7,-86.6,-27.5,-86.6,2.0,122.5,16.0,0.5,0.1,0.4,-53.0,-31.5,-10.0,-31.5,2.0,44.6,16.0,0.5,0.1,0.4,-81.6,-48.5,-15.4,-48.5,2.0,68.6,16.0,0.5,0.1,0.4,-29.7,-17.7,-5.6,-17.7,2.0,25.0,16.0,0.5,0.1,0.4,-42.8,-25.5,-8.1,-25.5,2.0,36.0,16.0,0.5,0.1,0.4,-15.6,-9.3,-2.9,-9.3,2.0,13.1,16.0,0.5,0.1,0.4,59.0,186.5,314.0,186.5,2.0,264.0,16.0,0.5,0.1,0.4,60.0,185.0,315.0,185.0,2.0,265.0,16.0,0.5,0.1,0.4
1974,2,83.0,16.0,,,,,,,,,,,,,,,,,,,,,,,,,,,,,,,,,,,,,,,,4.0,4.0,4.75,4.37,3.0,0.64,16.0,0.3,0.4,0.3,-4.7,-4.0,-1.74,-3.24,3.0,2.26,16.0,0.3,0.4,0.3,0.28,0.89,2.97,1.61,3.0,2.07,16.0,0.3,0.4,0.3,1009.18,1011.3,1012.39,1010.8,3.0,2.39,16.0,0.3,0.4,0.3,,,,,,,,,,,,,,,,,,,,,,,,,,,,,,,,,,,,,,,,,,,,,,,,,,,,,,,,,,,,,,,,,,,,,,,,,,,,,,,,,,,,,,,,,,,,,,,,,,,,,,,,,,,,,,,,,,,,,,,,,,,,,,,,,,,,,,,,,,,,,,,,,,,,,,
1974,2,83.0,17.0,,,,,,,,,,,,,,,,,,,,,,,,,,,,,,,,,,,,,,,,2.6,2.6,2.6,2.6,1.0,0.0,20.0,1.0,0.9,0.9,0.0,0.0,0.0,0.0,1.0,0.0,20.0,1.0,0.9,0.9,2.6,2.6,2.6,2.6,1.0,0.0,20.0,1.0,0.9,0.9,1008.31,1009.2,1010.09,1009.2,2.0,1.84,22.0,1.0,0.6,0.7,,,,,,,,,,,,,,,,,,,,,,,,,,,,,,,,,,,,,,,,,,,,,,,,,,,,,,,,,,,,,,,,,,,,,,,,,,,,,,,,,,,,,,,,,,,,,,,,,,,,,,,,,,,,,,,,,,,,,,,,,,,,,,,,,,,,,,,,,,,,,,,,,,,,,,
1974,2,84.0,-66.0,,,,,,,,,,,,,,,,,,,,,,,,,,,,,,,,,,,,,,,,2.0,2.0,2.0,2.0,1.0,0.0,20.0,0.0,0.0,1.0,0.0,0.0,0.0,0.0,1.0,0.0,20.0,0.0,0.0,1.0,2.0,2.0,2.0,2.0,1.0,0.0,20.0,0.0,0.0,1.0,997.8,997.8,997.8,997.8,1.0,0.0,20.0,0.0,0.0,1.0,,,,,,,,,,,,,,,,,,,,,,,,,,,,,,,,,,,,,,,,,,,,,,,,,,,,,,,,,,,,,,,,,,,,,,,,,,,,,,,,,,,,,,,,,,,,,,,,,,,,,,,,,,,,,,,,,,,,,,,,,,,,,,,,,,,,,,,,,,,,,,,,,,,,,,
1974,2,84.0,-64.0,1.5,1.5,1.5,1.5,1.0,0.0,12.0,1.0,0.2,0.7,1.1,1.1,1.1,1.1,1.0,0.0,12.0,1.0,0.2,0.7,3.38,3.38,3.38,3.38,1.0,0.0,12.0,1.0,0.2,0.7,79.8,79.8,79.8,79.8,1.0,0.0,12.0,1.0,0.7,6.2,6.2,6.2,6.2,1.0,0.0,12.0,1.0,0.2,0.7,0.0,0.0,0.0,0.0,1.0,0.0,12.0,1.0,0.2,0.7,-6.2,-6.2,-6.2,-6.2,1.0,0.0,12.0,1.0,0.2,0.7,977.8,977.8,977.8,977.8,1.0,0.0,12.0,1.0,0.2,0.7,7.0,7.0,7.0,7.0,1.0,0.0,12.0,1.0,0.2,0.7,0.0,0.0,0.0,0.0,1.0,0.0,12.0,1.0,0.2,0.7,-38.4,-38.4,-38.4,-38.4,1.0,0.0,12.0,1.0,0.2,0.7,0.4,0.4,0.4,0.4,1.0,0.0,12.0,1.0,0.2,0.7,2.5,2.5,2.5,2.5,1.0,0.0,12.0,1.0,0.2,0.7,0.98,0.98,0.98,0.98,1.0,0.0,12.0,1.0,0.2,0.7,6.1,6.1,6.1,6.1,1.0,0.0,12.0,1.0,0.2,0.7,0.0,0.0,0.0,0.0,1.0,0.0,12.0,1.0,0.2,0.7,-6.8,-6.8,-6.8,-6.8,1.0,0.0,12.0,1.0,0.2,0.7,0.0,0.0,0.0,0.0,1.0,0.0,12.0,1.0,0.2,0.7,-21.0,-21.0,-21.0,-21.0,1.0,0.0,12.0,1.0,0.2,0.7,0.0,0.0,0.0,0.0,1.0,0.0,12.0,1.0,0.2,0.7,-6.1,-6.1,-6.1,-6.1,1.0,0.0,12.0,1.0,0.2,0.7,238.5,238.5,238.5,238.5,1.0,0.0,12.0,1.0,0.2,0.7,240.0,240.0,240.0,240.0,1.0,0.0,12.0,1.0,0.2,0.7
1974,2,84.0,-58.0,0.92,0.95,0.98,0.95,2.0,0.07,10.0,1.0,0.4,0.5,1.5,1.5,1.5,1.5,2.0,0.0,10.0,1.0,0.4,0.5,4.14,4.18,4.21,4.18,2.0,0.08,10.0,1.0,0.4,0.5,96.8,97.5,98.2,97.5,2.0,1.5,10.0,1.0,0.5,13.3,14.15,15.0,14.15,2.0,1.77,10.0,1.0,0.4,0.5,13.13,14.05,14.97,14.05,2.0,1.91,10.0,1.0,0.4,0.5,0.36,1.12,1.88,1.12,2.0,1.58,10.0,1.0,0.4,0.5,994.63,996.0,997.37,996.0,2.0,2.83,10.0,1.0,0.4,0.5,8.0,8.0,8.0,8.0,2.0,0.0,10.0,1.0,0.4,0.5,175.5,200.5,225.5,200.5,2.0,51.8,10.0,1.0,0.4,0.5,4.6,14.4,24.3,14.4,2.0,20.4,10.0,1.0,0.4,0.5,-0.58,-0.55,-0.52,-0.55,2.0,0.07,10.0,1.0,0.4,0.5,-7.7,-7.7,-7.7,-7.7,2.0,0.0,10.0,1.0,0.4,0.5,-0.1,-0.06,-0.02,-0.06,2.0,0.09,10.0,1.0,0.4,0.5,-1.3,-0.8,-0.2,-0.8,2.0,1.1,10.0,1.0,0.4,0.5,19.7,21.1,22.5,21.1,2.0,2.9,10.0,1.0,0.4,0.5,0.5,1.7,2.8,1.7,2.0,2.4,10.0,1.0,0.4,0.5,55.3,58.6,62.0,58.6,2.0,6.9,10.0,1.0,0.4,0.5,1.5,4.7,8.0,4.7,2.0,6.7,10.0,1.0,0.4,0.5,-1.3,-0.8,-0.2,-0.8,2.0,1.1,10.0,1.0,0.4,0.5,-0.2,-0.1,0.0,-0.1,2.0,0.2,10.0,1.0,0.4,0.5,2385.5,2899.5,3413.5,2899.5,2.0,1064.5,10.0,1.0,0.4,0.5,2385.0,2900.0,3415.0,2900.0,2.0,1065.0,10.0,1.0,0.4,0.5
1974,2,84.0,-49.0,6.0,6.0,6.0,6.0,1.0,0.0,20.0,1.0,0.7,1.0,3.8,3.8,3.8,3.8,1.0,0.0,20.0,1.0,0.7,1.0,4.24,4.24,4.24,4.24,1.0,0.0,20.0,1.0,0.7,1.0,86.2,86.2,86.2,86.2,1.0,0.0,20.0,1.0,1.0,3.1,3.1,3.1,3.1,1.0,0.0,20.0,1.0,0.7,1.0,1.06,1.06,1.06,1.06,1.0,0.0,20.0,1.0,0.7,1.0,2.91,2.91,2.91,2.91,1.0,0.0,20.0,1.0,0.7,1.0,1020.8,1020.8,1020.8,1020.8,1.0,0.0,20.0,1.0,0.7,1.0,2.0,2.0,2.0,2.0,1.0,0.0,20.0,1.0,0.7,1.0,3.3,3.3,3.3,3.3,1.0,0.0,20.0,1.0,0.7,1.0,9.0,9.0,9.0,9.0,1.0,0.0,20.0,1.0,0.7,1.0,2.2,2.2,2.2,2.2,1.0,0.0,20.0,1.0,0.7,1.0,6.8,6.8,6.8,6.8,1.0,0.0,20.0,1.0,0.7,1.0,1.5,1.5,1.5,1.5,1.0,0.0,20.0,1.0,0.7,1.0,4.7,4.7,4.7,4.7,1.0,0.0,20.0,1.0,0.7,1.0,4.0,4.0,4.0,4.0,1.0,0.0,20.0,1.0,0.7,1.0,11.1,11.1,11.1,11.1,1.0,0.0,20.0,1.0,0.7,1.0,4.5,4.5,4.5,4.5,1.0,0.0,20.0,1.0,0.7,1.0,12.4,12.4,12.4,12.4,1.0,0.0,20.0,1.0,0.7,1.0,1.6,1.6,1.6,1.6,1.0,0.0,20.0,1.0,0.7,1.0,4.4,4.4,4.4,4.4,1.0,0.0,20.0,1.0,0.7,1.0,30.0,30.0,30.0,30.0,1.0,0.0,20.0,1.0,0.7,1.0,30.0,30.0,30.0,30.0,1.0,0.0,20.0,1.0,0.7,1.0
1974,2,84.0,-41.0,,,,,,,,,,,,,,,,,,,,,,,,,,,,,,,,,,,,,,,,5.0,5.0,5.0,5.0,1.0,0.0,6.0,1.0,0.2,0.7,4.33,4.33,4.33,4.33,1.0,0.0,6.0,1.0,0.2,0.7,-2.5,-2.5,-2.5,-2.5,1.0,0.0,6.0,1.0,0.2,0.7,1010.1,1010.1,1010.1,1010.1,1.0,0.0,6.0,1.0,0.2,0.7,,,,,,,,,,,,,,,,,,,,,,,,,,,,,,,,,,,,,,,,,,,,,,,,,,,,,,,,,,,,,,,,,,,,,,,,,,,,,,,,,,,,,,,,,,,,,,,,,,,,,,,,,,,,,,,,,,,,,,,,,,,,,,,,,,,,,,,,,,,,,,,,,,,,,,
1974,2,84.0,-40.0,15.3,15.3,15.3,15.3,1.0,0.0,18.0,0.0,0.3,0.3,16.7,16.7,16.7,16.7,1.0,0.0,18.0,0.0,0.3,0.3,10.68,10.68,10.68,10.68,1.0,0.0,18.0,0.0,0.3,0.3,91.4,91.4,91.4,91.4,1.0,0.0,18.0,0.0,0.3,1.0,1.0,1.0,1.0,1.0,0.0,18.0,0.0,0.3,0.3,0.0,0.0,0.0,0.0,1.0,0.0,18.0,0.0,0.3,0.3,-1.0,-1.0,-1.0,-1.0,1.0,0.0,18.0,0.0,0.3,0.3,1023.5,1023.5,1023.5,1023.5,1.0,0.0,18.0,0.0,0.3,0.3,0.0,0.0,0.0,0.0,1.0,0.0,18.0,0.0,0.3,0.3,0.0,0.0,0.0,0.0,1.0,0.0,18.0,0.0,0.3,0.3,-1.0,-1.0,-1.0,-1.0,1.0,0.0,18.0,0.0,0.3,0.3,-1.4,-1.4,-1.4,-1.4,1.0,0.0,18.0,0.0,0.3,0.3,-1.4,-1.4,-1.4,-1.4,1.0,0.0,18.0,0.0,0.3,0.3,0.0,0.0,0.0,0.0,1.0,0.0,18.0,0.0,0.3,0.3,0.0,0.0,0.0,0.0,1.0,0.0,18.0,0.0,0.3,0.3,0.0,0.0,0.0,0.0,1.0,0.0,18.0,0.0,0.3,0.3,-16.7,-16.7,-16.7,-16.7,1.0,0.0,18.0,0.0,0.3,0.3,0.0,0.0,0.0,0.0,1.0,0.0,18.0,0.0,0.3,0.3,-10.7,-10.7,-10.7,-10.7,1.0,0.0,18.0,0.0,0.3,0.3,0.0,0.0,0.0,0.0,1.0,0.0,18.0,0.0,0.3,0.3,0.0,0.0,0.0,0.0,1.0,0.0,18.0,0.0,0.3,0.3,1.0,1.0,1.0,1.0,1.0,0.0,18.0,0.0,0.3,0.3,0.0,0.0,0.0,0.0,1.0,0.0,18.0,0.0,0.3,0.3
1974,2,84.0,-37.0,,,,,,,,,,,,,,,,,,,,,,,,,,,,,,,,,,,,,,,,5.1,5.1,5.1,5.1,1.0,0.0,12.0,1.0,0.7,0.9,-4.79,-4.79,-4.79,-4.79,1.0,0.0,12.0,1.0,0.7,0.9,-1.74,-1.74,-1.74,-1.74,1.0,0.0,12.0,1.0,0.7,0.9,1029.5,1029.5,1029.5,1029.5,1.0,0.0,12.0,1.0,0.7,0.9,,,,,,,,,,,,,,,,,,,,,,,,,,,,,,,,,,,,,,,,,,,,,,,,,,,,,,,,,,,,,,,,,,,,,,,,,,,,,,,,,,,,,,,,,,,,,,,,,,,,,,,,,,,,,,,,,,,,,,,,,,,,,,,,,,,,,,,,,,,,,,,,,,,,,,
1974,2,84.0,-35.0,21.1,21.1,21.1,21.1,1.0,0.0,12.0,1.0,0.9,0.9,18.0,18.0,18.0,18.0,1.0,0.0,12.0,1.0,0.9,0.9,11.89,11.89,11.89,11.89,1.0,0.0,12.0,1.0,0.9,0.9,93.9,93.9,93.9,93.9,1.0,0.0,12.0,1.0,0.9,2.6,2.6,2.6,2.6,1.0,0.0,12.0,1.0,0.9,0.9,-2.44,-2.44,-2.44,-2.44,1.0,0.0,12.0,1.0,0.9,0.9,-0.89,-0.89,-0.89,-0.89,1.0,0.0,12.0,1.0,0.9,0.9,1024.9,1024.9,1024.9,1024.9,1.0,0.0,12.0,1.0,0.9,0.9,8.0,8.0,8.0,8.0,1.0,0.0,12.0,1.0,0.9,0.9,-6.4,-6.4,-6.4,-6.4,1.0,0.0,12.0,1.0,0.9,0.9,-2.3,-2.3,-2.3,-2.3,1.0,0.0,12.0,1.0,0.9,0.9,3.1,3.1,3.1,3.1,1.0,0.0,12.0,1.0,0.9,0.9,8.1,8.1,8.1,8.1,1.0,0.0,12.0,1.0,0.9,0.9,3.5,3.5,3.5,3.5,1.0,0.0,12.0,1.0,0.9,0.9,9.1,9.1,9.1,9.1,1.0,0.0,12.0,1.0,0.9,0.9,-44.0,-44.0,-44.0,-44.0,1.0,0.0,12.0,1.0,0.9,0.9,-16.0,-16.0,-16.0,-16.0,1.0,0.0,12.0,1.0,0.9,0.9,-29.1,-29.1,-29.1,-29.1,1.0,0.0,12.0,1.0,0.9,0.9,-10.6,-10.6,-10.6,-10.6,1.0,0.0,12.0,1.0,0.9,0.9,-8.6,-8.6,-8.6,-8.6,1.0,0.0,12.0,1.0,0.9,0.9,-3.1,-3.1,-3.1,-3.1,1.0,0.0,12.0,1.0,0.9,0.9,17.5,17.5,17.5,17.5,1.0,0.0,12.0,1.0,0.9,0.9,20.0,20.0,20.0,20.0,1.0,0.0,12.0,1.0,0.9,0.9
1974,2,84.0,-33.0,21.0,21.0,21.0,21.0,1.0,0.0,10.0,0.0,0.8,0.4,19.38,20.2,21.02,20.2,2.0,1.7,16.0,0.5,0.8,0.4,10.4,10.4,10.4,10.4,1.0,0.0,10.0,0.0,0.8,0.4,77.6,77.6,77.6,77.6,1.0,0.0,10.0,0.0,0.4,6.03,6.1,6.17,6.1,2.0,0.14,16.0,0.5,0.8,0.4,-4.52,-1.12,2.28,-1.12,2.0,7.04,16.0,0.5,0.8,0.4,-3.7,-1.76,0.18,-1.76,2.0,4.01,16.0,0.5,0.8,0.4,1017.8,1022.75,1027.7,1022.75,2.0,10.25,16.0,0.5,0.8,0.4,6.3,7.0,7.7,7.0,2.0,1.4,16.0,0.5,0.8,0.4,-28.2,-7.4,13.5,-7.4,2.0,43.1,16.0,0.5,0.8,0.4,-22.1,-10.5,1.2,-10.5,2.0,24.2,16.0,0.5,0.8,0.4,2.0,2.0,2.0,2.0,1.0,0.0,10.0,0.0,0.8,0.4,12.4,12.4,12.4,12.4,1.0,0.0,10.0,0.0,0.8,0.4,4.82,4.82,4.82,4.82,1.0,0.0,10.0,0.0,0.8,0.4,29.9,29.9,29.9,29.9,1.0,0.0,10.0,0.0,0.8,0.4,-84.5,-16.7,51.0,-16.7,2.0,140.4,16.0,0.5,0.8,0.4,-79.5,-39.0,1.6,-39.0,2.0,84.0,16.0,0.5,0.8,0.4,-63.5,-63.5,-63.5,-63.5,1.0,0.0,10.0,0.0,0.8,0.4,11.2,11.2,11.2,11.2,1.0,0.0,10.0,0.0,0.8,0.4,-29.4,-29.4,-29.4,-29.4,1.0,0.0,10.0,0.0,0.8,0.4,5.2,5.2,5.2,5.2,1.0,0.0,10.0,0.0,0.8,0.4,219.5,227.0,235.0,227.0,2.0,16.0,16.0,0.5,0.8,0.4,220.0,225.0,235.0,225.0,2.0,15.0,16.0,0.5,0.8,0.4
1974,2,84.0,-32.0,19.3,19.3,19.3,19.3,1.0,0.0,16.0,1.0,0.3,0.1,20.5,20.5,20.5,20.5,1.0,0.0,16.0,1.0,0.3,0.1,10.74,10.74,10.74,10.74,1.0,0.0,16.0,1.0,0.3,0.1,72.5,72.5,72.5,72.5,1.0,0.0,16.0,1.0,0.1,3.1,3.1,3.1,3.1,1.0,0.0,16.0,1.0,0.3,0.1,-2.37,-2.37,-2.37,-2.37,1.0,0.0,16.0,1.0,0.3,0.1,-1.99,-1.99,-1.99,-1.99,1.0,0.0,16.0,1.0,0.3,0.1,1024.0,1024.0,1024.0,1024.0,1.0,0.0,16.0,1.0,0.3,0.1,3.0,3.0,3.0,3.0,1.0,0.0,16.0,1.0,0.3,0.1,-7.4,-7.4,-7.4,-7.4,1.0,0.0,16.0,1.0,0.3,0.1,-6.2,-6.2,-6.2,-6.2,1.0,0.0,16.0,1.0,0.3,0.1,-1.2,-1.2,-1.2,-1.2,1.0,0.0,16.0,1.0,0.3,0.1,-3.7,-3.7,-3.7,-3.7,1.0,0.0,16.0,1.0,0.3,0.1,3.03,3.03,3.03,3.03,1.0,0.0,16.0,1.0,0.3,0.1,9.4,9.4,9.4,9.4,1.0,0.0,16.0,1.0,0.3,0.1,-48.7,-48.7,-48.7,-48.7,1.0,0.0,16.0,1.0,0.3,0.1,-40.8,-40.8,-40.8,-40.8,1.0,0.0,16.0,1.0,0.3,0.1,-25.5,-25.5,-25.5,-25.5,1.0,0.0,16.0,1.0,0.3,0.1,-21.4,-21.4,-21.4,-21.4,1.0,0.0,16.0,1.0,0.3,0.1,-7.2,-7.2,-7.2,-7.2,1.0,0.0,16.0,1.0,0.3,0.1,-6.0,-6.0,-6.0,-6.0,1.0,0.0,16.0,1.0,0.3,0.1,30.0,30.0,30.0,30.0,1.0,0.0,16.0,1.0,0.3,0.1,30.0,30.0,30.0,30.0,1.0,0.0,16.0,1.0,0.3,0.1
1974,2,84.0,-27.0,22.3,22.3,22.3,22.3,1.0,0.0,8.0,1.0,0.1,0.7,22.0,22.0,22.0,22.0,1.0,0.0,8.0,1.0,0.1,0.7,10.7,10.7,10.7,10.7,1.0,0.0,8.0,1.0,0.1,0.7,65.7,65.7,65.7,65.7,1.0,0.0,8.0,1.0,0.7,9.3,9.3,9.3,9.3,1.0,0.0,8.0,1.0,0.1,0.7,-8.74,-8.74,-8.74,-8.74,1.0,0.0,8.0,1.0,0.1,0.7,3.18,3.18,3.18,3.18,1.0,0.0,8.0,1.0,0.1,0.7,1021.2,1021.2,1021.2,1021.2,1.0,0.0,8.0,1.0,0.1,0.7,8.0,8.0,8.0,8.0,1.0,0.0,8.0,1.0,0.1,0.7,-81.3,-81.3,-81.3,-81.3,1.0,0.0,8.0,1.0,0.1,0.7,29.6,29.6,29.6,29.6,1.0,0.0,8.0,1.0,0.1,0.7,0.3,0.3,0.3,0.3,1.0,0.0,8.0,1.0,0.1,0.7,2.8,2.8,2.8,2.8,1.0,0.0,8.0,1.0,0.1,0.7,5.94,5.94,5.94,5.94,1.0,0.0,8.0,1.0,0.1,0.7,55.2,55.2,55.2,55.2,1.0,0.0,8.0,1.0,0.1,0.7,-192.3,-192.3,-192.3,-192.3,1.0,0.0,8.0,1.0,0.1,0.7,70.0,70.0,70.0,70.0,1.0,0.0,8.0,1.0,0.1,0.7,-93.5,-93.5,-93.5,-93.5,1.0,0.0,8.0,1.0,0.1,0.7,34.0,34.0,34.0,34.0,1.0,0.0,8.0,1.0,0.1,0.7,-51.9,-51.9,-51.9,-51.9,1.0,0.0,8.0,1.0,0.1,0.7,18.9,18.9,18.9,18.9,1.0,0.0,8.0,1.0,0.1,0.7,804.5,804.5,804.5,804.5,1.0,0.0,8.0,1.0,0.1,0.7,805.0,805.0,805.0,805.0,1.0,0.0,8.0,1.0,0.1,0.7
1974,2,84.0,-26.0,22.8,22.8,22.8,22.8,1.0,0.0,6.0,1.0,0.3,0.9,21.8,21.8,21.8,21.8,1.0,0.0,6.0,1.0,0.3,0.9,12.44,12.44,12.44,12.44,1.0,0.0,6.0,1.0,0.3,0.9,77.0,77.0,77.0,77.0,1.0,0.0,6.0,1.0,0.9,13.9,13.9,13.9,13.9,1.0,0.0,6.0,1.0,0.3,0.9,-12.04,-12.04,-12.04,-12.04,1.0,0.0,6.0,1.0,0.3,0.9,6.95,6.95,6.95,6.95,1.0,0.0,6.0,1.0,0.3,0.9,1018.2,1018.2,1018.2,1018.2,1.0,0.0,6.0,1.0,0.3,0.9,5.0,5.0,5.0,5.0,1.0,0.0,6.0,1.0,0.3,0.9,-167.3,-167.3,-167.3,-167.3,1.0,0.0,6.0,1.0,0.3,0.9,96.6,96.6,96.6,96.6,1.0,0.0,6.0,1.0,0.3,0.9,1.0,1.0,1.0,1.0,1.0,0.0,6.0,1.0,0.3,0.9,13.9,13.9,13.9,13.9,1.0,0.0,6.0,1.0,0.3,0.9,4.77,4.77,4.77,4.77,1.0,0.0,6.0,1.0,0.3,0.9,66.3,66.3,66.3,66.3,1.0,0.0,6.0,1.0,0.3,0.9,-262.4,-262.4,-262.4,-262.4,1.0,0.0,6.0,1.0,0.3,0.9,151.5,151.5,151.5,151.5,1.0,0.0,6.0,1.0,0.3,0.9,-149.7,-149.7,-149.7,-149.7,1.0,0.0,6.0,1.0,0.3,0.9,86.4,86.4,86.4,86.4,1.0,0.0,6.0,1.0,0.3,0.9,-57.4,-57.4,-57.4,-57.4,1.0,0.0,6.0,1.0,0.3,0.9,33.2,33.2,33.2,33.2,1.0,0.0,6.0,1.0,0.3,0.9,2685.5,2685.5,2685.5,2685.5,1.0,0.0,6.0,1.0,0.3,0.9,2685.0,2685.0,2685.0,2685.0,1.0,0.0,6.0,1.0,0.3,0.9
1974,2,84.0,-22.0,24.5,24.5,24.5,24.5,1.0,0.0,28.0,1.0,0.0,0.2,26.0,26.0,26.0,26.0,1.0,0.0,28.0,1.0,0.0,0.2,15.49,15.49,15.49,15.49,1.0,0.0,28.0,1.0,0.0,0.2,73.9,73.9,73.9,73.9,1.0,0.0,28.0,1.0,0.2,8.2,8.2,8.2,8.2,1.0,0.0,28.0,1.0,0.0,0.2,-8.2,-8.2,-8.2,-8.2,1.0,0.0,28.0,1.0,0.0,0.2,0.0,0.0,0.0,0.0,1.0,0.0,28.0,1.0,0.0,0.2,1012.4,1012.4,1012.4,1012.4,1.0,0.0,28.0,1.0,0.0,0.2,4.0,4.0,4.0,4.0,1.0,0.0,28.0,1.0,0.0,0.2,-67.2,-67.2,-67.2,-67.2,1.0,0.0,28.0,1.0,0.0,0.2,0.0,0.0,0.0,0.0,1.0,0.0,28.0,1.0,0.0,0.2,-1.5,-1.5,-1.5,-1.5,1.0,0.0,28.0,1.0,0.0,0.2,-12.3,-12.3,-12.3,-12.3,1.0,0.0,28.0,1.0,0.0,0.2,3.71,3.71,3.71,3.71,1.0,0.0,28.0,1.0,0.0,0.2,30.4,30.4,30.4,30.4,1.0,0.0,28.0,1.0,0.0,0.2,-213.2,-213.2,-213.2,-213.2,1.0,0.0,28.0,1.0,0.0,0.2,0.0,0.0,0.0,0.0,1.0,0.0,28.0,1.0,0.0,0.2,-127.0,-127.0,-127.0,-127.0,1.0,0.0,28.0,1.0,0.0,0.2,0.0,0.0,0.0,0.0,1.0,0.0,28.0,1.0,0.0,0.2,-30.4,-30.4,-30.4,-30.4,1.0,0.0,28.0,1.0,0.0,0.2,0.0,0.0,0.0,0.0,1.0,0.0,28.0,1.0,0.0,0.2,551.5,551.5,551.5,551.5,1.0,0.0,28.0,1.0,0.0,0.2,550.0,550.0,550.0,550.0,1.0,0.0,28.0,1.0,0.0,0.2
1974,2,84.0,-20.0,26.16,26.5,26.84,26.5,2.0,0.71,26.0,1.0,0.6,0.7,28.02,28.5,28.98,28.5,2.0,0.99,26.0,1.0,0.6,0.7,16.94,17.72,18.5,17.72,2.0,1.62,26.0,1.0,0.6,0.7,67.9,72.9,78.0,72.9,2.0,10.4,26.0,1.0,0.7,7.76,10.05,12.34,10.05,2.0,4.74,26.0,1.0,0.6,0.7,-12.27,-9.85,-7.42,-9.85,2.0,5.02,26.0,1.0,0.6,0.7,0.36,1.15,1.93,1.15,2.0,1.62,26.0,1.0,0.6,0.7,1006.61,1009.0,1011.39,1009.0,2.0,4.95,26.0,1.0,0.6,0.7,4.6,6.0,7.4,6.0,2.0,2.8,26.0,1.0,0.6,0.7,-157.8,-110.9,-64.0,-110.9,2.0,97.1,26.0,1.0,0.6,0.7,2.4,7.7,12.9,7.7,2.0,10.9,26.0,1.0,0.6,0.7,-2.14,-2.0,-1.86,-2.0,2.0,0.28,26.0,1.0,0.6,0.7,-22.6,-19.4,-16.2,-19.4,2.0,6.6,26.0,1.0,0.6,0.7,2.84,4.01,5.19,4.01,2.0,2.43,26.0,1.0,0.6,0.7,32.0,34.6,37.2,34.6,2.0,5.4,26.0,1.0,0.6,0.7,-342.6,-278.2,-213.8,-278.2,2.0,133.4,26.0,1.0,0.6,0.7,10.6,33.5,56.3,33.5,2.0,47.3,26.0,1.0,0.6,0.7,-229.3,-178.6,-127.9,-178.6,2.0,105.0,26.0,1.0,0.6,0.7,6.0,19.0,32.0,19.0,2.0,26.9,26.0,1.0,0.6,0.7,-35.2,-33.4,-31.6,-33.4,2.0,3.8,26.0,1.0,0.6,0.7,2.1,6.6,11.1,6.6,2.0,9.3,26.0,1.0,0.6,0.7,635.0,1353.5,2072.0,1353.5,2.0,1488.5,26.0,1.0,0.6,0.7,635.0,1355.0,2070.0,1355.0,2.0,1490.0,26.0,1.0,0.6,0.7
1974,2,84.0,-19.0,25.19,26.2,27.26,26.23,4.0,1.21,14.0,0.5,0.5,0.5,25.04,25.55,25.9,25.48,4.0,0.54,14.0,0.5,0.5,0.5,15.48,17.86,18.78,17.16,4.0,2.24,14.0,0.5,0.5,0.5,78.0,87.9,89.9,84.1,4.0,9.7,14.0,0.5,0.5,7.08,10.3,11.59,9.38,4.0,3.35,14.0,0.5,0.5,0.5,-10.44,-8.08,-5.68,-8.06,4.0,3.01,14.0,0.5,0.5,0.5,1.18,3.78,6.34,3.76,4.0,3.72,14.0,0.5,0.5,0.5,1008.57,1010.15,1011.16,1009.88,4.0,1.58,14.0,0.5,0.5,0.5,6.5,7.0,7.5,7.0,4.0,0.8,14.0,0.5,0.5,0.5,-117.4,-82.6,-46.6,-82.1,4.0,49.9,14.0,0.5,0.5,0.5,13.7,42.3,71.4,42.6,4.0,38.8,14.0,0.5,0.5,0.5,0.13,0.9,1.36,0.75,4.0,0.79,14.0,0.5,0.5,0.5,0.7,6.0,10.8,5.8,4.0,7.5,14.0,0.5,0.5,0.5,3.38,3.92,5.11,4.23,4.0,1.14,14.0,0.5,0.5,0.5,25.3,39.2,57.6,41.4,4.0,22.8,14.0,0.5,0.5,0.5,-267.2,-205.8,-143.2,-205.2,4.0,76.8,14.0,0.5,0.5,0.5,30.7,96.8,158.2,94.5,4.0,92.5,14.0,0.5,0.5,0.5,-167.2,-140.4,-101.3,-134.5,4.0,40.0,14.0,0.5,0.5,0.5,20.2,60.8,103.7,61.9,4.0,63.8,14.0,0.5,0.5,0.5,-54.1,-31.5,-19.1,-36.4,4.0,22.7,14.0,0.5,0.5,0.5,5.5,19.5,25.9,15.9,4.0,13.5,14.0,0.5,0.5,0.5,499.0,1100.5,1574.5,1040.0,4.0,735.0,14.0,0.5,0.5,0.5,500.0,1100.0,1575.0,1040.0,4.0,735.0,14.0,0.5,0.5,0.5
1974,2,84.0,-12.0,28.0,28.0,28.0,28.0,1.0,0.0,28.0,0.0,0.8,0.7,27.5,27.5,27.5,27.5,1.0,0.0,28.0,0.0,0.8,0.7,22.1,22.1,22.1,22.1,1.0,0.0,28.0,0.0,0.8,0.7,96.0,96.0,96.0,96.0,1.0,0.0,28.0,0.0,0.7,,,,,,,,,,,,,,,,,,,,,,,,,,,,,,,,,,,,,,,,,,,,,,,,,,,,,,,,,,,,,,,,,,,,,,,,,,,,,,,,,,,,,,,,,,,,,,,,,,,,,,,,,,,,,,,,,,,,,,,,,,,,,,,,,,,,,,,,,,,,,,,,,,,,,,,,,,,,,,,,,,,,,,,,,,,,,,,,,,,,,,,,,,,,,,
1974,2,84.0,-10.0,28.16,28.5,28.84,28.5,2.0,0.71,22.0,0.5,0.5,0.4,27.0,27.0,27.0,27.0,2.0,0.0,22.0,0.5,0.5,0.4,19.13,19.13,19.13,19.13,1.0,0.0,24.0,1.0,0.7,0.7,85.2,85.2,85.2,85.2,1.0,0.0,24.0,1.0,0.7,10.71,11.6,12.49,11.6,2.0,1.84,22.0,0.5,0.5,0.4,7.34,8.9,10.45,8.9,2.0,3.22,22.0,0.5,0.5,0.4,-7.66,-7.17,-6.68,-7.17,2.0,1.02,22.0,0.5,0.5,0.4,1004.16,1004.5,1004.84,1004.5,2.0,0.71,22.0,0.5,0.5,0.4,4.2,4.5,4.8,4.5,2.0,0.7,22.0,0.5,0.5,0.4,80.2,106.2,132.1,106.2,2.0,53.7,22.0,0.5,0.5,0.4,-82.9,-82.2,-81.6,-82.2,2.0,1.4,22.0,0.5,0.5,0.4,1.16,1.5,1.84,1.5,2.0,0.71,22.0,0.5,0.5,0.4,14.1,16.8,19.4,16.8,2.0,5.4,22.0,0.5,0.5,0.4,6.2,6.2,6.2,6.2,1.0,0.0,24.0,1.0,0.7,0.7,63.9,63.9,63.9,63.9,1.0,0.0,24.0,1.0,0.7,0.7,198.3,240.2,282.1,240.2,2.0,86.9,22.0,0.5,0.5,0.4,-206.9,-193.6,-180.3,-193.6,2.0,27.5,22.0,0.5,0.5,0.4,126.6,126.6,126.6,126.6,1.0,0.0,24.0,1.0,0.7,0.7,-150.9,-150.9,-150.9,-150.9,1.0,0.0,24.0,1.0,0.7,0.7,41.1,41.1,41.1,41.1,1.0,0.0,24.0,1.0,0.7,0.7,-49.0,-49.0,-49.0,-49.0,1.0,0.0,24.0,1.0,0.7,0.7,1260.0,1619.5,1979.5,1619.5,2.0,745.5,22.0,0.5,0.5,0.4,1260.0,1620.0,1980.0,1620.0,2.0,745.0,22.0,0.5,0.5,0.4
1974,2,84.0,-6.0,27.3,27.3,27.3,27.3,1.0,0.0,4.0,1.0,0.2,0.9,27.3,27.3,27.3,27.3,1.0,0.0,4.0,1.0,0.2,0.9,17.17,17.17,17.17,17.17,1.0,0.0,4.0,1.0,0.2,0.9,75.5,75.5,75.5,75.5,1.0,0.0,4.0,1.0,0.9,4.6,4.6,4.6,4.6,1.0,0.0,4.0,1.0,0.2,0.9,4.32,4.32,4.32,4.32,1.0,0.0,4.0,1.0,0.2,0.9,1.57,1.57,1.57,1.57,1.0,0.0,4.0,1.0,0.2,0.9,1007.9,1007.9,1007.9,1007.9,1.0,0.0,4.0,1.0,0.2,0.9,4.0,4.0,4.0,4.0,1.0,0.0,4.0,1.0,0.2,0.9,19.9,19.9,19.9,19.9,1.0,0.0,4.0,1.0,0.2,0.9,7.2,7.2,7.2,7.2,1.0,0.0,4.0,1.0,0.2,0.9,0.0,0.0,0.0,0.0,1.0,0.0,4.0,1.0,0.2,0.9,0.0,0.0,0.0,0.0,1.0,0.0,4.0,1.0,0.2,0.9,5.64,5.64,5.64,5.64,1.0,0.0,4.0,1.0,0.2,0.9,26.0,26.0,26.0,26.0,1.0,0.0,4.0,1.0,0.2,0.9,118.0,118.0,118.0,118.0,1.0,0.0,4.0,1.0,0.2,0.9,43.0,43.0,43.0,43.0,1.0,0.0,4.0,1.0,0.2,0.9,74.2,74.2,74.2,74.2,1.0,0.0,4.0,1.0,0.2,0.9,27.0,27.0,27.0,27.0,1.0,0.0,4.0,1.0,0.2,0.9,24.4,24.4,24.4,24.4,1.0,0.0,4.0,1.0,0.2,0.9,8.9,8.9,8.9,8.9,1.0,0.0,4.0,1.0,0.2,0.9,97.5,97.5,97.5,97.5,1.0,0.0,4.0,1.0,0.2,0.9,95.0,95.0,95.0,95.0,1.0,0.0,4.0,1.0,0.2,0.9
1974,2,84.0,-5.0,26.06,26.2,27.09,26.57,3.0,0.81,16.0,0.0,0.6,0.7,25.5,25.5,25.84,25.67,3.0,0.29,16.0,0.0,0.6,0.7,17.82,17.88,17.94,17.88,2.0,0.12,14.0,0.0,0.6,0.6,87.3,87.6,88.0,87.6,2.0,0.7,14.0,0.0,0.6,2.76,3.1,4.4,3.57,3.0,1.27,16.0,0.0,0.6,0.7,1.77,2.25,3.67,2.71,3.0,1.45,16.0,0.0,0.6,0.7,-2.25,-1.3,1.29,-0.49,3.0,2.68,16.0,0.0,0.6,0.7,1007.43,1009.2,1011.11,1009.27,3.0,2.7,16.0,0.0,0.6,0.7,4.3,7.0,7.7,6.0,3.0,2.6,16.0,0.0,0.6,0.7,5.1,5.9,16.6,10.8,3.0,9.4,16.0,0.0,0.6,0.7,-6.8,-3.4,7.5,0.3,3.0,10.9,16.0,0.0,0.6,0.7,0.22,0.7,1.59,0.9,3.0,1.01,16.0,0.0,0.6,0.7,0.6,1.8,4.8,2.7,3.0,3.2,16.0,0.0,0.6,0.7,3.63,4.29,4.96,4.29,2.0,1.38,14.0,0.0,0.6,0.6,9.8,12.5,15.1,12.5,2.0,5.4,14.0,0.0,0.6,0.6,45.2,57.4,95.1,69.8,3.0,38.1,16.0,0.0,0.6,0.7,-57.3,-33.1,33.8,-12.2,3.0,69.2,16.0,0.0,0.6,0.7,29.6,34.0,38.4,34.0,2.0,9.1,14.0,0.0,0.6,0.6,-43.9,-35.6,-27.2,-35.6,2.0,17.3,14.0,0.0,0.6,0.6,7.6,7.8,8.1,7.8,2.0,0.5,14.0,0.0,0.6,0.6,-12.6,-9.2,-5.9,-9.2,2.0,6.9,14.0,0.0,0.6,0.6,21.5,30.0,95.0,57.5,3.0,59.0,16.0,0.0,0.6,0.7,20.0,30.0,95.0,55.0,3.0,60.0,16.0,0.0,0.6,0.7
1974,2,84.0,-4.0,27.05,27.65,28.67,27.85,4.0,0.99,14.0,0.3,0.3,0.8,26.38,27.15,27.66,27.03,4.0,0.8,14.0,0.3,0.3,0.8,17.68,17.85,18.88,18.27,3.0,0.96,14.0,0.3,0.3,0.9,77.1,81.2,83.2,80.2,3.0,4.6,14.0,0.3,0.9,2.89,4.6,4.94,3.93,3.0,1.61,14.0,0.3,0.3,0.9,2.22,3.52,4.55,3.39,3.0,1.71,14.0,0.3,0.3,0.9,-1.2,-0.89,1.74,0.24,3.0,2.36,14.0,0.3,0.3,0.9,1009.01,1009.85,1011.0,1010.0,4.0,1.52,14.0,0.3,0.3,0.8,2.5,3.5,4.5,3.5,4.0,1.3,14.0,0.3,0.3,0.8,7.5,16.2,22.6,15.1,3.0,11.2,14.0,0.3,0.3,0.9,-4.0,-2.8,8.4,2.1,3.0,10.0,14.0,0.3,0.3,0.9,0.49,0.85,1.16,0.83,4.0,0.43,14.0,0.3,0.3,0.8,1.8,2.7,3.3,2.6,3.0,1.1,14.0,0.3,0.3,0.9,4.62,4.66,6.79,5.68,3.0,1.82,14.0,0.3,0.3,0.9,17.9,21.2,22.9,20.4,3.0,3.8,14.0,0.3,0.3,0.9,60.5,94.4,124.3,92.4,3.0,46.7,14.0,0.3,0.3,0.9,-33.3,-24.4,46.4,5.8,3.0,64.0,14.0,0.3,0.3,0.9,39.3,62.9,86.4,62.8,3.0,34.5,14.0,0.3,0.3,0.9,-21.7,-17.1,30.6,4.0,3.0,42.4,14.0,0.3,0.3,0.9,13.7,16.2,21.1,17.4,3.0,5.5,14.0,0.3,0.3,0.9,-8.5,-4.1,8.0,-0.3,3.0,12.5,14.0,0.3,0.3,0.9,37.0,97.5,121.5,79.5,3.0,63.5,14.0,0.3,0.3,0.9,35.0,95.0,120.0,80.0,3.0,65.0,14.0,0.3,0.3,0.9
1974,2,84.0,-3.0,27.29,28.15,28.94,28.19,8.0,0.84,18.0,0.4,0.4,0.7,26.02,27.0,29.78,27.54,8.0,1.69,18.0,0.4,0.4,0.7,18.43,19.01,20.4,19.26,6.0,1.24,18.0,0.3,0.4,0.7,75.6,83.7,89.3,83.4,7.0,9.4,16.0,0.3,0.7,4.53,5.0,8.2,5.6,7.0,1.9,16.0,0.3,0.4,0.7,1.63,3.91,6.35,3.89,7.0,2.64,16.0,0.3,0.4,0.7,-4.73,-3.28,-2.75,-3.48,7.0,1.19,16.0,0.3,0.4,0.7,1007.3,1009.2,1010.52,1009.3,7.0,2.04,18.0,0.4,0.4,0.7,4.1,6.0,7.9,5.9,8.0,1.8,18.0,0.4,0.4,0.7,8.1,19.9,52.1,25.8,7.0,23.1,16.0,0.3,0.4,0.7,-24.4,-16.7,-9.6,-20.1,7.0,11.7,16.0,0.3,0.4,0.7,-1.42,0.85,2.27,0.65,8.0,1.8,18.0,0.4,0.4,0.7,-0.5,7.1,12.8,6.1,7.0,10.5,16.0,0.3,0.4,0.7,3.48,5.19,5.85,4.8,6.0,1.36,18.0,0.3,0.4,0.7,16.5,25.4,48.7,31.0,5.0,17.4,16.0,0.2,0.5,0.6,48.9,105.5,167.0,105.8,7.0,71.9,16.0,0.3,0.4,0.7,-138.2,-88.5,-77.0,-94.9,7.0,33.9,16.0,0.3,0.4,0.7,69.1,82.5,132.4,98.5,5.0,38.4,16.0,0.2,0.5,0.6,-83.7,-61.2,-47.0,-64.4,5.0,25.5,16.0,0.2,0.5,0.6,12.1,23.8,41.3,26.0,5.0,15.7,16.0,0.2,0.5,0.6,-22.3,-12.1,-9.1,-15.9,5.0,10.1,16.0,0.2,0.5,0.6,94.0,125.0,551.5,230.5,7.0,222.0,16.0,0.3,0.4,0.7,95.0,125.0,550.0,230.0,7.0,220.0,16.0,0.3,0.4,0.7
1974,2,84.0,-2.0,27.17,27.9,29.0,27.94,19.0,0.77,18.0,0.4,0.4,0.5,26.67,27.4,28.5,27.58,21.0,1.29,16.0,0.5,0.4,0.5,17.64,18.34,19.04,18.32,15.0,0.63,16.0,0.3,0.3,0.5,77.0,81.1,85.2,81.1,15.0,4.5,16.0,0.3,0.5,3.6,4.6,6.95,5.13,21.0,1.81,18.0,0.5,0.4,0.5,2.31,3.52,6.23,3.93,21.0,2.1,18.0,0.5,0.4,0.5,-4.57,-2.31,1.65,-1.81,21.0,2.6,18.0,0.5,0.4,0.5,1006.5,1008.7,1010.63,1008.44,19.0,1.98,18.0,0.4,0.4,0.5,2.0,4.5,7.0,4.6,22.0,2.2,18.0,0.5,0.4,0.5,7.8,16.2,44.9,23.2,21.0,19.7,18.0,0.5,0.4,0.5,-22.3,-11.1,4.8,-10.3,21.0,15.3,18.0,0.5,0.4,0.5,-0.5,0.0,1.24,0.46,19.0,1.28,18.0,0.4,0.4,0.5,-2.6,0.9,4.4,1.4,18.0,6.0,16.0,0.4,0.3,0.5,3.9,5.09,6.22,5.19,15.0,1.15,16.0,0.3,0.3,0.5,15.8,23.1,31.1,23.6,15.0,8.8,16.0,0.3,0.3,0.5,63.0,96.2,180.0,109.7,20.0,64.2,16.0,0.5,0.3,0.5,-130.9,-63.1,0.0,-56.0,20.0,66.6,16.0,0.5,0.3,0.5,32.0,59.1,93.4,59.8,15.0,32.3,16.0,0.3,0.3,0.5,-85.5,-40.8,-4.8,-41.3,15.0,43.9,16.0,0.3,0.3,0.5,7.9,15.7,25.9,17.0,15.0,10.2,16.0,0.3,0.3,0.5,-20.7,-10.9,-1.1,-10.4,15.0,12.0,16.0,0.3,0.3,0.5,46.5,97.5,335.5,184.5,21.0,180.5,18.0,0.5,0.4,0.5,45.0,95.0,335.0,185.0,21.0,180.0,18.0,0.5,0.4,0.5
1974,2,84.0,-1.0,28.0,28.0,28.0,28.0,2.0,0.0,26.0,0.5,0.7,0.2,28.16,28.5,28.84,28.5,2.0,0.71,26.0,0.5,0.7,0.2,19.84,19.84,19.84,19.84,1.0,0.0,24.0,1.0,0.6,0.2,79.0,79.0,79.0,79.0,1.0,0.0,24.0,1.0,0.2,2.4,3.05,3.7,3.05,2.0,1.34,26.0,0.5,0.7,0.2,2.39,3.02,3.65,3.02,2.0,1.3,26.0,0.5,0.7,0.2,0.11,0.35,0.58,0.35,2.0,0.49,26.0,0.5,0.7,0.2,1008.69,1009.1,1009.51,1009.1,2.0,0.85,26.0,0.5,0.7,0.2,2.6,4.0,5.4,4.0,2.0,2.8,26.0,0.5,0.7,0.2,6.2,10.1,14.0,10.1,2.0,8.0,26.0,0.5,0.7,0.2,0.4,1.4,2.3,1.4,2.0,2.0,26.0,0.5,0.7,0.2,-0.84,-0.5,-0.16,-0.5,2.0,0.71,26.0,0.5,0.7,0.2,-1.8,-1.0,-0.3,-1.0,2.0,1.5,26.0,0.5,0.7,0.2,3.9,3.9,3.9,3.9,1.0,0.0,24.0,1.0,0.6,0.2,8.2,8.2,8.2,8.2,1.0,0.0,24.0,1.0,0.6,0.2,68.7,85.6,102.5,85.6,2.0,34.9,26.0,0.5,0.7,0.2,3.1,9.7,16.4,9.7,2.0,13.8,26.0,0.5,0.7,0.2,41.7,41.7,41.7,41.7,1.0,0.0,24.0,1.0,0.6,0.2,0.0,0.0,0.0,0.0,1.0,0.0,24.0,1.0,0.6,0.2,8.2,8.2,8.2,8.2,1.0,0.0,24.0,1.0,0.6,0.2,0.0,0.0,0.0,0.0,1.0,0.0,24.0,1.0,0.6,0.2,18.0,36.5,55.5,36.5,2.0,38.5,26.0,0.5,0.7,0.2,20.0,35.0,55.0,35.0,2.0,40.0,26.0,0.5,0.7,0.2
1974,2,84.0,0.0,27.09,27.5,28.09,27.6,5.0,0.65,16.0,0.2,0.5,0.5,26.67,27.0,27.81,27.07,7.0,0.66,14.0,0.1,0.5,0.4,17.29,18.5,18.87,18.11,6.0,1.12,14.0,0.2,0.4,0.5,77.2,80.2,84.3,80.5,7.0,5.1,14.0,0.1,0.4,2.55,3.6,8.3,4.84,7.0,3.26,14.0,0.1,0.5,0.4,0.85,1.41,2.82,1.62,7.0,1.08,14.0,0.1,0.5,0.4,-7.82,-2.44,-1.74,-4.28,7.0,3.53,14.0,0.1,0.5,0.4,1008.0,1008.95,1010.56,1009.15,6.0,1.28,14.0,0.2,0.4,0.5,3.8,4.0,6.2,4.7,6.0,1.5,14.0,0.2,0.4,0.5,2.0,3.4,18.6,8.6,7.0,9.1,14.0,0.1,0.5,0.4,-65.2,-6.5,-5.6,-30.4,7.0,39.2,14.0,0.1,0.5,0.4,0.2,0.3,0.78,0.48,5.0,0.38,16.0,0.2,0.5,0.5,0.5,0.9,2.4,1.5,5.0,1.4,16.0,0.2,0.5,0.5,3.47,5.06,6.61,5.04,4.0,1.84,16.0,0.3,0.4,0.6,8.7,9.7,23.3,15.7,4.0,13.1,16.0,0.3,0.4,0.6,22.6,39.5,78.2,43.7,7.0,29.3,14.0,0.1,0.5,0.4,-216.6,-65.2,-46.4,-115.2,7.0,93.9,14.0,0.1,0.5,0.4,13.5,25.2,35.8,25.2,6.0,17.2,14.0,0.2,0.4,0.5,-150.9,-64.5,-35.5,-83.8,6.0,65.1,14.0,0.2,0.4,0.5,1.3,3.9,7.0,4.2,4.0,3.7,16.0,0.3,0.4,0.6,-22.6,-8.1,-5.3,-13.7,4.0,14.6,16.0,0.3,0.4,0.6,17.0,46.5,577.0,266.0,7.0,413.0,14.0,0.1,0.5,0.4,15.0,45.0,575.0,265.0,7.0,415.0,14.0,0.1,0.5,0.4
1974,2,84.0,1.0,,,,,,,,,,,,,,,,,,,,,,,,,,,,,,,,,,,,,,,,,,,,,,,,,,,,,,,,,,,,,,,,,,,,,,,,,,,,,,,,4.0,4.0,4.0,4.0,1.0,0.0,2.0,1.0,0.0,0.4,3.4,3.4,3.4,3.4,1.0,0.0,2.0,1.0,0.0,0.4,-5.9,-5.9,-5.9,-5.9,1.0,0.0,2.0,1.0,0.0,0.4,,,,,,,,,,,,,,,,,,,,,,,,,,,,,,,,,,,,,,,,,,,,,,,,,,,,,,,,,,,,,,,,,,,,,,,,,,,,,,,,,,,,,,,,,,,,,,,,,,,,,,,,,,,,,,,,,,,,,,,,
1974,2,84.0,2.0,27.19,27.6,27.94,27.57,3.0,0.55,10.0,0.3,0.3,0.1,26.5,27.0,30.37,28.2,5.0,2.14,12.0,0.6,0.4,0.3,16.88,17.69,18.01,17.45,3.0,0.86,10.0,0.3,0.3,0.1,77.9,81.2,81.5,79.7,3.0,2.9,10.0,0.3,0.1,1.0,3.6,5.37,3.38,5.0,2.44,12.0,0.6,0.4,0.3,-1.68,0.0,1.06,-0.4,5.0,1.9,12.0,0.6,0.4,0.3,-4.66,-2.96,-0.63,-2.82,5.0,2.55,12.0,0.6,0.4,0.3,1007.5,1009.0,1010.23,1008.87,3.0,2.0,10.0,0.3,0.3,0.1,4.0,4.0,6.4,5.0,5.0,1.4,12.0,0.6,0.4,0.3,-7.3,0.0,3.5,-1.9,5.0,8.8,12.0,0.6,0.4,0.3,-24.8,-12.8,-0.6,-14.3,5.0,17.9,12.0,0.6,0.4,0.3,0.53,0.6,1.28,0.9,3.0,0.61,10.0,0.3,0.3,0.1,2.8,4.0,5.2,4.0,3.0,1.7,10.0,0.3,0.3,0.1,5.33,5.84,6.09,5.71,3.0,0.57,10.0,0.3,0.3,0.1,23.8,26.9,31.8,27.8,3.0,5.9,10.0,0.3,0.3,0.1,-44.6,0.0,31.2,-9.5,5.0,51.2,12.0,0.6,0.4,0.3,-124.7,-78.4,-19.0,-76.1,5.0,68.3,12.0,0.6,0.4,0.3,-43.2,-11.1,10.9,-16.0,3.0,39.9,10.0,0.3,0.3,0.1,-101.7,-62.7,-53.2,-77.1,3.0,37.7,10.0,0.3,0.3,0.1,-15.3,-3.9,2.8,-6.2,3.0,13.4,10.0,0.3,0.3,0.1,-29.9,-22.0,-18.8,-24.3,3.0,8.4,10.0,0.3,0.3,0.1,1.0,46.5,171.5,89.5,5.0,124.5,12.0,0.6,0.4,0.3,0.0,45.0,170.0,90.0,5.0,125.0,12.0,0.6,0.4,0.3
1974,2,84.0,3.0,28.19,28.6,28.74,28.47,3.0,0.42,20.0,0.0,0.3,0.4,25.63,27.0,27.27,26.47,3.0,1.29,20.0,0.0,0.3,0.4,18.16,18.23,18.31,18.23,2.0,0.15,26.0,0.0,0.5,0.5,79.8,80.7,81.7,80.7,2.0,2.0,26.0,0.0,0.5,1.0,1.0,1.75,1.37,3.0,0.64,20.0,0.0,0.3,0.4,-1.24,0.34,0.55,-0.33,3.0,1.43,20.0,0.0,0.3,0.4,-0.87,-0.72,0.29,-0.3,3.0,0.93,20.0,0.0,0.3,0.4,1009.13,1009.4,1010.83,1009.97,3.0,1.34,20.0,0.0,0.3,0.4,0.6,2.0,4.7,2.7,3.0,3.1,20.0,0.0,0.3,0.4,-2.7,0.3,0.5,-1.1,3.0,2.7,20.0,0.0,0.3,0.4,-1.3,-0.9,0.2,-0.6,3.0,1.2,20.0,0.0,0.3,0.4,1.39,1.8,2.62,2.0,3.0,0.92,20.0,0.0,0.3,0.4,1.4,1.8,4.9,3.1,3.0,2.8,20.0,0.0,0.3,0.4,6.5,6.52,6.55,6.52,2.0,0.05,26.0,0.0,0.5,0.5,6.5,6.5,6.5,6.5,2.0,0.0,26.0,0.0,0.5,0.5,-30.7,9.2,15.0,-7.5,3.0,36.5,20.0,0.0,0.3,0.4,-23.0,-18.0,8.6,-7.4,3.0,24.9,20.0,0.0,0.3,0.4,7.1,9.0,10.8,9.0,2.0,3.8,26.0,0.0,0.5,0.5,-12.3,-1.7,8.9,-1.7,2.0,22.0,26.0,0.0,0.5,0.5,2.5,3.2,3.9,3.2,2.0,1.4,26.0,0.0,0.5,0.5,-4.4,-0.6,3.2,-0.6,2.0,7.9,26.0,0.0,0.5,0.5,1.0,1.0,6.5,4.0,3.0,5.0,20.0,0.0,0.3,0.4,0.0,0.0,5.0,5.0,3.0,5.0,20.0,0.0,0.3,0.4
1974,2,84.0,4.0,28.0,28.0,28.0,28.0,1.0,0.0,14.0,0.0,0.1,0.4,24.51,25.6,26.69,25.6,2.0,2.26,20.0,0.0,0.4,0.5,16.01,16.64,17.27,16.64,2.0,1.3,20.0,0.0,0.4,0.5,78.9,81.1,83.3,81.1,2.0,4.6,20.0,0.0,0.5,6.44,6.95,7.46,6.95,2.0,1.06,20.0,0.0,0.4,0.5,-7.4,-6.76,-6.12,-6.76,2.0,1.33,20.0,0.0,0.4,0.5,0.34,1.06,1.78,1.06,2.0,1.5,20.0,0.0,0.4,0.5,1010.03,1010.1,1010.17,1010.1,2.0,0.14,20.0,0.0,0.4,0.5,2.6,4.0,5.4,4.0,2.0,2.8,20.0,0.0,0.4,0.5,-55.6,-47.7,-39.8,-47.7,2.0,16.4,20.0,0.0,0.4,0.5,2.1,6.6,11.1,6.6,2.0,9.3,20.0,0.0,0.4,0.5,4.0,4.0,4.0,4.0,1.0,0.0,14.0,0.0,0.1,0.4,30.8,30.8,30.8,30.8,1.0,0.0,14.0,0.0,0.1,0.4,8.02,8.02,8.02,8.02,1.0,0.0,14.0,0.0,0.1,0.4,61.7,61.7,61.7,61.7,1.0,0.0,14.0,0.0,0.1,0.4,-180.6,-171.6,-162.6,-171.6,2.0,18.6,20.0,0.0,0.4,0.5,9.2,28.8,48.5,28.8,2.0,40.8,20.0,0.0,0.4,0.5,-118.1,-111.7,-105.3,-111.7,2.0,13.2,20.0,0.0,0.4,0.5,5.9,18.6,31.3,18.6,2.0,26.3,20.0,0.0,0.4,0.5,-61.7,-61.7,-61.7,-61.7,1.0,0.0,14.0,0.0,0.1,0.4,0.0,0.0,0.0,0.0,1.0,0.0,14.0,0.0,0.1,0.4,273.0,347.5,422.0,347.5,2.0,154.5,20.0,0.0,0.4,0.5,275.0,345.0,420.0,345.0,2.0,155.0,20.0,0.0,0.4,0.5
1974,2,84.0,5.0,26.99,27.5,28.07,27.69,19.0,1.01,16.0,0.6,0.4,0.8,26.17,27.05,28.2,27.22,22.0,1.05,16.0,0.6,0.3,0.8,16.66,18.07,19.69,18.19,20.0,1.32,16.0,0.6,0.4,0.8,74.9,79.0,84.9,80.6,21.0,6.1,16.0,0.6,0.8,3.77,5.7,8.2,5.8,21.0,2.55,16.0,0.6,0.3,0.8,-5.58,-2.76,-0.8,-3.1,21.0,2.6,16.0,0.6,0.3,0.8,-6.66,-4.53,-1.48,-4.15,21.0,2.62,16.0,0.6,0.3,0.8,1008.16,1010.6,1011.87,1010.25,21.0,2.11,16.0,0.6,0.4,0.8,3.3,6.0,7.0,5.5,22.0,2.1,16.0,0.6,0.3,0.8,-44.6,-13.6,-3.7,-22.3,21.0,23.3,16.0,0.6,0.3,0.8,-57.6,-20.8,-4.2,-28.6,21.0,23.2,16.0,0.6,0.3,0.8,-0.56,0.0,1.27,0.39,19.0,1.47,16.0,0.6,0.4,0.8,-4.3,0.0,7.5,1.5,19.0,9.2,16.0,0.6,0.4,0.8,3.76,4.71,6.97,5.27,18.0,2.14,16.0,0.6,0.4,0.8,11.1,28.2,45.7,30.1,18.0,18.8,16.0,0.6,0.4,0.8,-161.6,-73.2,-21.7,-84.9,21.0,71.2,16.0,0.6,0.3,0.8,-193.2,-122.3,-41.6,-113.4,21.0,71.6,16.0,0.6,0.3,0.8,-101.7,-49.2,-12.7,-52.5,19.0,45.5,16.0,0.6,0.4,0.8,-121.7,-81.4,-22.1,-74.5,19.0,47.5,16.0,0.6,0.4,0.8,-28.8,-13.1,-2.5,-15.6,18.0,14.7,16.0,0.6,0.4,0.8,-34.7,-21.2,-4.2,-22.0,18.0,18.1,16.0,0.6,0.4,0.8,55.5,185.0,551.5,297.0,21.0,285.0,16.0,0.6,0.3,0.8,55.0,185.0,550.0,295.0,21.0,285.0,16.0,0.6,0.3,0.8
1974,2,84.0,6.0,27.19,27.8,28.6,27.98,5.0,1.18,12.0,0.6,0.4,0.1,26.41,26.9,28.0,27.1,5.0,0.9,12.0,0.6,0.4,0.1,17.41,18.28,19.8,18.59,4.0,1.8,14.0,0.5,0.4,0.0,81.5,83.1,86.2,83.8,4.0,3.7,14.0,0.5,0.0,6.7,7.2,8.15,7.52,5.0,1.3,12.0,0.6,0.4,0.1,-7.36,-6.3,-5.27,-6.33,5.0,1.98,12.0,0.6,0.4,0.1,-4.56,-3.35,-2.29,-3.55,5.0,1.61,12.0,0.6,0.4,0.1,1009.03,1011.0,1012.16,1010.82,5.0,2.05,12.0,0.6,0.4,0.1,5.3,6.0,8.0,6.4,5.0,1.7,12.0,0.6,0.4,0.1,-61.5,-42.2,-36.2,-49.1,5.0,24.2,12.0,0.6,0.4,0.1,-37.2,-25.9,-15.4,-26.9,5.0,12.5,12.0,0.6,0.4,0.1,0.18,1.1,1.43,0.88,5.0,0.83,12.0,0.6,0.4,0.1,1.2,7.4,12.2,7.2,5.0,7.9,12.0,0.6,0.4,0.1,3.31,4.77,5.44,4.39,4.0,1.45,14.0,0.5,0.4,0.0,22.8,33.2,37.7,30.4,4.0,9.7,14.0,0.5,0.4,0.0,-205.0,-169.4,-138.6,-172.2,5.0,57.5,12.0,0.6,0.4,0.1,-124.8,-93.9,-60.8,-96.4,5.0,43.4,12.0,0.6,0.4,0.1,-124.0,-110.7,-84.4,-104.5,4.0,28.2,14.0,0.5,0.4,0.0,-95.3,-59.0,-40.2,-67.4,4.0,34.8,14.0,0.5,0.4,0.0,-31.6,-23.0,-16.7,-24.1,4.0,9.2,14.0,0.5,0.4,0.0,-23.2,-11.4,-9.2,-16.0,4.0,11.2,14.0,0.5,0.4,0.0,301.0,373.0,580.5,458.0,5.0,272.5,12.0,0.6,0.4,0.1,300.0,375.0,580.0,460.0,5.0,275.0,12.0,0.6,0.4,0.1
1974,2,84.0,7.0,28.35,28.45,28.55,28.45,2.0,0.21,26.0,0.5,0.3,0.8,26.64,27.6,28.56,27.6,2.0,1.98,26.0,0.5,0.3,0.8,17.55,18.48,19.41,18.48,2.0,1.93,26.0,0.5,0.3,0.8,79.3,79.8,80.3,79.8,2.0,1.1,26.0,0.5,0.8,3.0,3.85,4.7,3.85,2.0,1.77,26.0,0.5,0.3,0.8,-3.33,-0.99,1.35,-0.99,2.0,4.85,26.0,0.5,0.3,0.8,1.15,1.72,2.29,1.72,2.0,1.17,26.0,0.5,0.3,0.8,1009.79,1010.4,1011.01,1010.4,2.0,1.27,26.0,0.5,0.3,0.8,6.3,7.0,7.7,7.0,2.0,1.4,26.0,0.5,0.3,0.8,-17.9,-8.1,1.8,-8.1,2.0,20.4,26.0,0.5,0.3,0.8,4.0,7.7,11.3,7.7,2.0,7.6,26.0,0.5,0.3,0.8,0.0,0.85,1.7,0.85,2.0,1.77,26.0,0.5,0.3,0.8,0.8,4.8,8.8,4.8,2.0,8.3,26.0,0.5,0.3,0.8,5.12,5.89,6.66,5.89,2.0,1.59,26.0,0.5,0.3,0.8,16.1,24.1,32.1,24.1,2.0,16.5,26.0,0.5,0.3,0.8,-86.1,-22.4,41.2,-22.4,2.0,131.9,26.0,0.5,0.3,0.8,32.3,46.3,60.3,46.3,2.0,29.0,26.0,0.5,0.3,0.8,-55.9,-13.6,28.8,-13.6,2.0,87.7,26.0,0.5,0.3,0.8,21.8,30.6,39.5,30.6,2.0,18.4,26.0,0.5,0.3,0.8,-24.2,-9.7,4.9,-9.7,2.0,30.1,26.0,0.5,0.3,0.8,6.4,11.1,15.7,11.1,2.0,9.7,26.0,0.5,0.3,0.8,36.0,75.0,114.5,75.0,2.0,81.5,26.0,0.5,0.3,0.8,35.0,75.0,115.0,75.0,2.0,80.0,26.0,0.5,0.3,0.8
1974,2,84.0,9.0,,,,,,,,,,,,,,,,,,,,,,,,,,,,,,,,,,,,,,,,5.1,5.1,5.1,5.1,1.0,0.0,26.0,1.0,0.8,0.3,-5.1,-5.1,-5.1,-5.1,1.0,0.0,26.0,1.0,0.8,0.3,0.0,0.0,0.0,0.0,1.0,0.0,26.0,1.0,0.8,0.3,1007.9,1007.9,1007.9,1007.9,1.0,0.0,26.0,1.0,0.8,0.3,5.0,5.0,5.0,5.0,1.0,0.0,26.0,1.0,0.8,0.3,-26.0,-26.0,-26.0,-26.0,1.0,0.0,26.0,1.0,0.8,0.3,0.0,0.0,0.0,0.0,1.0,0.0,26.0,1.0,0.8,0.3,,,,,,,,,,,,,,,,,,,,,,,,,,,,,,,,,,,,,,,,,-142.8,-142.8,-142.8,-142.8,1.0,0.0,26.0,1.0,0.8,0.3,0.0,0.0,0.0,0.0,1.0,0.0,26.0,1.0,0.8,0.3,-89.8,-89.8,-89.8,-89.8,1.0,0.0,26.0,1.0,0.8,0.3,0.0,0.0,0.0,0.0,1.0,0.0,26.0,1.0,0.8,0.3,,,,,,,,,,,,,,,,,,,,,,,,,,,,,,,,,,,,,,,,
1974,2,84.0,10.0,26.36,26.5,26.84,26.6,3.0,0.36,16.0,0.0,0.4,0.6,25.66,26.0,26.41,26.03,3.0,0.55,16.0,0.0,0.4,0.6,16.54,17.75,18.04,17.3,3.0,1.17,16.0,0.0,0.4,0.6,80.2,83.6,84.3,82.2,3.0,3.2,16.0,0.0,0.6,5.1,5.1,6.87,5.97,3.0,1.5,16.0,0.0,0.4,0.6,-6.22,-3.28,-3.28,-4.71,3.0,2.49,16.0,0.0,0.4,0.6,-3.91,-3.91,-2.15,-3.05,3.0,1.48,16.0,0.0,0.4,0.6,1011.86,1012.2,1012.27,1012.07,3.0,0.32,16.0,0.0,0.4,0.6,4.3,7.0,7.7,6.0,3.0,2.6,16.0,0.0,0.4,0.6,-45.2,-16.7,-16.7,-30.6,3.0,24.1,16.0,0.0,0.4,0.6,-19.9,-19.9,-13.4,-16.7,3.0,5.6,16.0,0.0,0.4,0.6,0.43,0.5,0.7,0.57,3.0,0.21,16.0,0.0,0.4,0.6,2.2,2.6,5.0,3.6,3.0,2.2,16.0,0.0,0.4,0.6,3.99,4.14,5.01,4.49,3.0,0.81,16.0,0.0,0.4,0.6,20.3,21.1,35.2,27.6,3.0,12.3,16.0,0.0,0.4,0.6,-159.7,-87.2,-85.9,-121.9,3.0,61.9,16.0,0.0,0.4,0.6,-103.2,-101.6,-55.5,-79.9,3.0,39.7,16.0,0.0,0.4,0.6,-101.6,-59.6,-58.6,-79.6,3.0,36.0,16.0,0.0,0.4,0.6,-70.5,-69.3,-36.6,-53.9,3.0,28.2,16.0,0.0,0.4,0.6,-32.4,-13.6,-13.1,-22.5,3.0,16.1,16.0,0.0,0.4,0.6,-15.9,-15.3,-9.8,-12.9,3.0,4.9,16.0,0.0,0.4,0.6,132.5,132.5,353.5,240.5,3.0,187.0,16.0,0.0,0.4,0.6,135.0,135.0,355.0,240.0,3.0,185.0,16.0,0.0,0.4,0.6
1974,2,84.0,11.0,26.81,27.05,27.29,27.05,2.0,0.49,14.0,0.0,0.1,0.3,25.33,25.4,25.47,25.4,2.0,0.14,14.0,0.0,0.1,0.3,16.97,16.97,16.97,16.97,1.0,0.0,10.0,0.0,0.3,0.4,83.5,83.5,83.5,83.5,1.0,0.0,10.0,0.0,0.4,5.68,7.15,8.62,7.15,2.0,3.04,14.0,0.0,0.1,0.3,-3.91,-2.32,-0.74,-2.32,2.0,3.29,14.0,0.0,0.1,0.3,-7.57,-6.53,-5.48,-6.53,2.0,2.16,14.0,0.0,0.1,0.3,1012.0,1012.65,1013.3,1012.65,2.0,1.34,14.0,0.0,0.1,0.3,1.5,2.5,3.5,2.5,2.0,2.1,14.0,0.0,0.1,0.3,-36.4,-21.6,-6.9,-21.6,2.0,30.6,14.0,0.0,0.1,0.3,-67.0,-50.0,-32.9,-50.0,2.0,35.3,14.0,0.0,0.1,0.3,1.34,1.65,1.96,1.65,2.0,0.64,14.0,0.0,0.1,0.3,10.6,10.8,11.1,10.8,2.0,0.5,14.0,0.0,0.1,0.3,4.92,4.92,4.92,4.92,1.0,0.0,10.0,0.0,0.3,0.4,45.7,45.7,45.7,45.7,1.0,0.0,10.0,0.0,0.3,0.4,-99.8,-59.3,-18.8,-59.3,2.0,83.8,14.0,0.0,0.1,0.3,-192.9,-165.9,-139.0,-165.9,2.0,55.8,14.0,0.0,0.1,0.3,-78.9,-78.9,-78.9,-78.9,1.0,0.0,10.0,0.0,0.3,0.4,-136.7,-136.7,-136.7,-136.7,1.0,0.0,10.0,0.0,0.3,0.4,-22.9,-22.9,-22.9,-22.9,1.0,0.0,10.0,0.0,0.3,0.4,-39.6,-39.6,-39.6,-39.6,1.0,0.0,10.0,0.0,0.3,0.4,233.0,464.5,696.5,464.5,2.0,480.5,14.0,0.0,0.1,0.3,235.0,465.0,695.0,465.0,2.0,480.0,14.0,0.0,0.1,0.3
1974,2,84.0,12.0,26.43,27.15,27.76,27.1,4.0,0.83,16.0,0.3,0.5,0.3,25.48,26.2,26.4,25.95,4.0,0.66,16.0,0.3,0.5,0.3,15.59,15.82,17.72,16.63,3.0,1.72,14.0,0.3,0.4,0.2,73.7,73.9,87.8,80.6,3.0,11.8,14.0,0.3,0.2,6.05,7.45,7.7,6.9,4.0,1.29,16.0,0.3,0.5,0.3,-5.33,-3.84,-3.71,-4.49,4.0,1.46,16.0,0.3,0.5,0.3,-6.46,-5.04,-3.52,-4.99,4.0,1.71,16.0,0.3,0.5,0.3,1011.33,1013.05,1013.82,1012.6,4.0,1.84,16.0,0.3,0.5,0.3,1.4,4.0,5.5,3.5,4.0,2.6,16.0,0.3,0.5,0.3,-41.0,-27.8,-22.4,-31.5,4.0,13.9,16.0,0.3,0.5,0.3,-48.3,-37.3,-22.5,-35.5,4.0,15.8,16.0,0.3,0.5,0.3,0.73,1.1,1.57,1.15,4.0,0.66,16.0,0.3,0.5,0.3,4.2,6.7,11.8,8.0,4.0,5.3,16.0,0.3,0.5,0.3,3.71,6.28,7.58,5.66,3.0,2.89,14.0,0.3,0.4,0.2,27.7,48.4,58.4,43.2,3.0,22.9,14.0,0.3,0.4,0.2,-140.4,-100.6,-94.8,-116.8,4.0,39.8,16.0,0.3,0.5,0.3,-165.0,-128.8,-92.8,-128.9,4.0,42.4,16.0,0.3,0.5,0.3,-93.3,-67.0,-61.9,-77.4,3.0,24.6,14.0,0.3,0.4,0.2,-112.0,-103.2,-74.3,-93.4,3.0,28.9,14.0,0.3,0.4,0.2,-38.6,-31.5,-16.2,-27.5,3.0,16.8,14.0,0.3,0.4,0.2,-44.9,-24.2,-18.4,-31.5,3.0,20.5,14.0,0.3,0.4,0.2,243.0,415.0,456.5,353.0,4.0,157.0,16.0,0.3,0.5,0.3,245.0,415.0,455.0,355.0,4.0,155.0,16.0,0.3,0.5,0.3
1974,2,84.0,13.0,26.4,26.4,26.4,26.4,2.0,0.0,16.0,1.0,0.5,0.5,26.63,26.7,26.77,26.7,2.0,0.14,16.0,1.0,0.5,0.5,17.49,17.84,18.19,17.84,2.0,0.72,16.0,1.0,0.5,0.5,80.3,81.7,83.0,81.7,2.0,2.8,16.0,1.0,0.5,7.53,8.25,8.97,8.25,2.0,1.48,16.0,1.0,0.5,0.5,-6.98,-6.68,-6.38,-6.68,2.0,0.63,16.0,1.0,0.5,0.5,-5.6,-4.79,-3.98,-4.79,2.0,1.68,16.0,1.0,0.5,0.5,1011.8,1013.1,1014.4,1013.1,2.0,2.69,16.0,1.0,0.5,0.5,6.0,6.0,6.0,6.0,2.0,0.0,16.0,1.0,0.5,0.5,-62.9,-55.6,-48.3,-55.6,2.0,15.1,16.0,1.0,0.5,0.5,-50.9,-40.8,-30.6,-40.8,2.0,21.0,16.0,1.0,0.5,0.5,-0.37,-0.3,-0.23,-0.3,2.0,0.14,16.0,1.0,0.5,0.5,-3.4,-2.6,-1.8,-2.6,2.0,1.6,16.0,1.0,0.5,0.5,3.29,3.67,4.05,3.67,2.0,0.78,16.0,1.0,0.5,0.5,29.2,29.7,30.2,29.7,2.0,1.0,16.0,1.0,0.5,0.5,-187.0,-178.4,-169.8,-178.4,2.0,17.7,16.0,1.0,0.5,0.5,-150.0,-128.0,-106.0,-128.0,2.0,45.6,16.0,1.0,0.5,0.5,-127.1,-119.4,-111.6,-119.4,2.0,16.0,16.0,1.0,0.5,0.5,-102.2,-86.0,-69.9,-86.0,2.0,33.5,16.0,1.0,0.5,0.5,-25.7,-24.3,-22.9,-24.3,2.0,2.9,16.0,1.0,0.5,0.5,-18.1,-16.9,-15.8,-16.9,2.0,2.4,16.0,1.0,0.5,0.5,441.5,589.0,736.0,589.0,2.0,305.0,16.0,1.0,0.5,0.5,440.0,590.0,735.0,590.0,2.0,305.0,16.0,1.0,0.5,0.5
1974,2,84.0,15.0,26.38,26.55,26.72,26.55,2.0,0.35,20.0,1.0,0.5,0.2,26.04,26.55,27.06,26.55,2.0,1.06,20.0,1.0,0.5,0.2,16.45,16.97,17.49,16.97,2.0,1.08,20.0,1.0,0.5,0.2,73.7,78.5,83.3,78.5,2.0,10.0,20.0,1.0,0.2,0.73,2.3,3.87,2.3,2.0,3.25,20.0,1.0,0.5,0.2,-2.96,-1.76,-0.56,-1.76,2.0,2.49,20.0,1.0,0.5,0.2,-2.49,-1.48,-0.47,-1.48,2.0,2.09,20.0,1.0,0.5,0.2,1010.38,1011.2,1012.02,1011.2,2.0,1.7,20.0,1.0,0.5,0.2,3.5,4.5,5.5,4.5,2.0,2.1,20.0,1.0,0.5,0.2,-13.6,-8.1,-2.6,-8.1,2.0,11.5,20.0,1.0,0.5,0.2,-11.4,-6.8,-2.2,-6.8,2.0,9.6,20.0,1.0,0.5,0.2,-0.34,0.0,0.34,0.0,2.0,0.71,20.0,1.0,0.5,0.2,0.4,1.2,1.9,1.2,2.0,1.6,20.0,1.0,0.5,0.2,4.01,4.77,5.53,4.77,2.0,1.57,20.0,1.0,0.5,0.2,2.7,8.4,14.2,8.4,2.0,11.9,20.0,1.0,0.5,0.2,-76.5,-45.5,-14.4,-45.5,2.0,64.3,20.0,1.0,0.5,0.2,-64.2,-38.1,-12.1,-38.1,2.0,53.9,20.0,1.0,0.5,0.2,-52.6,-31.3,-9.9,-31.3,2.0,44.2,20.0,1.0,0.5,0.2,-44.1,-26.2,-8.3,-26.2,2.0,37.1,20.0,1.0,0.5,0.2,-10.9,-6.4,-2.0,-6.4,2.0,9.1,20.0,1.0,0.5,0.2,-9.1,-5.4,-1.7,-5.4,2.0,7.7,20.0,1.0,0.5,0.2,15.5,48.5,82.0,48.5,2.0,69.0,20.0,1.0,0.5,0.2,15.0,50.0,80.0,50.0,2.0,70.0,20.0,1.0,0.5,0.2
1974,2,84.0,17.0,,,,,,,,,,,,,,,,,,,,,,,,,,,,,,,,,,,,,,,,1.5,1.5,1.5,1.5,1.0,0.0,2.0,0.0,0.9,0.5,-1.15,-1.15,-1.15,-1.15,1.0,0.0,2.0,0.0,0.9,0.5,-0.96,-0.96,-0.96,-0.96,1.0,0.0,2.0,0.0,0.9,0.5,1013.0,1013.0,1013.0,1013.0,1.0,0.0,2.0,0.0,0.9,0.5,,,,,,,,,,,,,,,,,,,,,,,,,,,,,,,,,,,,,,,,,,,,,,,,,,,,,,,,,,,,,,,,,,,,,,,,,,,,,,,,,,,,,,,,,,,,,,,,,,,,,,,,,,,,,,,,,,,,,,,,,,,,,,,,,,,,,,,,,,,,,,,,,,,,,,
1974,2,85.0,-65.0,,,,,,,,,,,,,,,,,,,,,,,,,,,,,,,,,,,,,,,,6.0,6.0,6.0,6.0,1.0,0.0,20.0,1.0,0.8,0.4,-5.91,-5.91,-5.91,-5.91,1.0,0.0,20.0,1.0,0.8,0.4,-1.04,-1.04,-1.04,-1.04,1.0,0.0,20.0,1.0,0.8,0.4,971.2,971.2,971.2,971.2,1.0,0.0,20.0,1.0,0.8,0.4,,,,,,,,,,,,,,,,,,,,,,,,,,,,,,,,,,,,,,,,,,,,,,,,,,,,,,,,,,,,,,,,,,,,,,,,,,,,,,,,,,,,,,,,,,,,,,,,,,,,,,,,,,,,,,,,,,,,,,,,,,,,,,,,,,,,,,,,,,,,,,,,,,,,,,
1974,2,85.0,-58.0,1.9,1.9,1.9,1.9,1.0,0.0,10.0,0.0,0.1,0.8,2.1,2.1,2.1,2.1,1.0,0.0,10.0,0.0,0.1,0.8,3.81,3.81,3.81,3.81,1.0,0.0,10.0,0.0,0.1,0.8,85.4,85.4,85.4,85.4,1.0,0.0,10.0,0.0,0.8,16.5,16.5,16.5,16.5,1.0,0.0,10.0,0.0,0.1,0.8,16.25,16.25,16.25,16.25,1.0,0.0,10.0,0.0,0.1,0.8,2.87,2.87,2.87,2.87,1.0,0.0,10.0,0.0,0.1,0.8,997.9,997.9,997.9,997.9,1.0,0.0,10.0,0.0,0.1,0.8,7.0,7.0,7.0,7.0,1.0,0.0,10.0,0.0,0.1,0.8,268.1,268.1,268.1,268.1,1.0,0.0,10.0,0.0,0.1,0.8,47.3,47.3,47.3,47.3,1.0,0.0,10.0,0.0,0.1,0.8,-0.2,-0.2,-0.2,-0.2,1.0,0.0,10.0,0.0,0.1,0.8,-3.3,-3.3,-3.3,-3.3,1.0,0.0,10.0,0.0,0.1,0.8,0.59,0.59,0.59,0.59,1.0,0.0,10.0,0.0,0.1,0.8,9.8,9.8,9.8,9.8,1.0,0.0,10.0,0.0,0.1,0.8,34.1,34.1,34.1,34.1,1.0,0.0,10.0,0.0,0.1,0.8,6.0,6.0,6.0,6.0,1.0,0.0,10.0,0.0,0.1,0.8,61.9,61.9,61.9,61.9,1.0,0.0,10.0,0.0,0.1,0.8,10.9,10.9,10.9,10.9,1.0,0.0,10.0,0.0,0.1,0.8,9.6,9.6,9.6,9.6,1.0,0.0,10.0,0.0,0.1,0.8,1.7,1.7,1.7,1.7,1.0,0.0,10.0,0.0,0.1,0.8,4492.0,4492.0,4492.0,4492.0,1.0,0.0,10.0,0.0,0.1,0.8,4490.0,4490.0,4490.0,4490.0,1.0,0.0,10.0,0.0,0.1,0.8
1974,2,85.0,-43.0,,,,,,,,,,,,,,,,,,,,,,,,,,,,,,,,,,,,,,,,,,,,,,,,,,,,,,,,,,,,,,,,,,,,,,,,,,,,,,,,1.0,1.0,1.0,1.0,1.0,0.0,4.0,1.0,0.5,0.4,3.4,3.4,3.4,3.4,1.0,0.0,4.0,1.0,0.5,0.4,5.9,5.9,5.9,5.9,1.0,0.0,4.0,1.0,0.5,0.4,,,,,,,,,,,,,,,,,,,,,,,,,,,,,,,,,,,,,,,,,,,,,,,,,,,,,,,,,,,,,,,,,,,,,,,,,,,,,,,,,,,,,,,,,,,,,,,,,,,,,,,,,,,,,,,,,,,,,,,,
1974,2,85.0,-42.0,14.0,14.0,14.0,14.0,1.0,0.0,14.0,0.0,0.6,0.5,11.5,11.5,11.5,11.5,1.0,0.0,14.0,0.0,0.6,0.5,5.71,5.71,5.71,5.71,1.0,0.0,14.0,0.0,0.6,0.5,68.9,68.9,68.9,68.9,1.0,0.0,14.0,0.0,0.5,7.7,7.7,7.7,7.7,1.0,0.0,14.0,0.0,0.6,0.5,3.85,3.85,3.85,3.85,1.0,0.0,14.0,0.0,0.6,0.5,6.67,6.67,6.67,6.67,1.0,0.0,14.0,0.0,0.6,0.5,1025.8,1025.8,1025.8,1025.8,1.0,0.0,14.0,0.0,0.6,0.5,8.0,8.0,8.0,8.0,1.0,0.0,14.0,0.0,0.6,0.5,29.6,29.6,29.6,29.6,1.0,0.0,14.0,0.0,0.6,0.5,51.3,51.3,51.3,51.3,1.0,0.0,14.0,0.0,0.6,0.5,2.5,2.5,2.5,2.5,1.0,0.0,14.0,0.0,0.6,0.5,19.3,19.3,19.3,19.3,1.0,0.0,14.0,0.0,0.6,0.5,4.07,4.07,4.07,4.07,1.0,0.0,14.0,0.0,0.6,0.5,31.4,31.4,31.4,31.4,1.0,0.0,14.0,0.0,0.6,0.5,44.3,44.3,44.3,44.3,1.0,0.0,14.0,0.0,0.6,0.5,76.7,76.7,76.7,76.7,1.0,0.0,14.0,0.0,0.6,0.5,22.0,22.0,22.0,22.0,1.0,0.0,14.0,0.0,0.6,0.5,38.1,38.1,38.1,38.1,1.0,0.0,14.0,0.0,0.6,0.5,15.7,15.7,15.7,15.7,1.0,0.0,14.0,0.0,0.6,0.5,27.2,27.2,27.2,27.2,1.0,0.0,14.0,0.0,0.6,0.5,456.5,456.5,456.5,456.5,1.0,0.0,14.0,0.0,0.6,0.5,455.0,455.0,455.0,455.0,1.0,0.0,14.0,0.0,0.6,0.5
1974,2,85.0,-40.0,16.0,16.0,16.0,16.0,2.0,0.0,6.0,0.0,0.2,0.6,13.15,14.55,15.95,14.55,2.0,2.9,6.0,0.0,0.2,0.6,7.2,8.42,9.65,8.42,2.0,2.54,6.0,0.0,0.2,0.6,77.3,82.1,86.9,82.1,2.0,9.9,6.0,0.0,0.6,1.9,3.85,5.8,3.85,2.0,4.03,6.0,0.0,0.2,0.6,-1.83,-0.82,0.18,-0.82,2.0,2.07,6.0,0.0,0.2,0.6,0.35,2.76,5.18,2.76,2.0,4.99,6.0,0.0,0.2,0.6,1029.62,1031.8,1033.98,1031.8,2.0,4.53,6.0,0.0,0.2,0.6,6.3,7.0,7.7,7.0,2.0,1.4,6.0,0.0,0.2,0.6,-12.8,-7.4,-1.9,-7.4,2.0,11.3,6.0,0.0,0.2,0.6,6.1,20.7,35.4,20.7,2.0,30.4,6.0,0.0,0.2,0.6,0.05,1.45,2.85,1.45,2.0,2.9,6.0,0.0,0.2,0.6,3.2,11.4,19.6,11.4,2.0,17.0,6.0,0.0,0.2,0.6,1.4,2.65,3.9,2.65,2.0,2.59,6.0,0.0,0.2,0.6,5.5,15.4,25.4,15.4,2.0,20.7,6.0,0.0,0.2,0.6,-22.4,-9.0,4.4,-9.0,2.0,27.8,6.0,0.0,0.2,0.6,1.8,33.0,64.2,33.0,2.0,64.6,6.0,0.0,0.2,0.6,-11.7,-4.3,3.1,-4.3,2.0,15.4,6.0,0.0,0.2,0.6,0.0,17.0,33.9,17.0,2.0,35.0,6.0,0.0,0.2,0.6,-8.6,-4.9,-1.2,-4.9,2.0,7.6,6.0,0.0,0.2,0.6,3.9,13.8,23.6,13.8,2.0,20.4,6.0,0.0,0.2,0.6,48.5,151.0,253.0,151.0,2.0,212.0,6.0,0.0,0.2,0.6,50.0,150.0,255.0,150.0,2.0,210.0,6.0,0.0,0.2,0.6
1974,2,85.0,-34.0,22.8,22.8,22.8,22.8,1.0,0.0,2.0,1.0,0.8,0.9,19.5,19.5,19.5,19.5,1.0,0.0,2.0,1.0,0.8,0.9,12.74,12.74,12.74,12.74,1.0,0.0,2.0,1.0,0.8,0.9,91.0,91.0,91.0,91.0,1.0,0.0,2.0,1.0,0.9,4.1,4.1,4.1,4.1,1.0,0.0,2.0,1.0,0.8,0.9,4.04,4.04,4.04,4.04,1.0,0.0,2.0,1.0,0.8,0.9,0.71,0.71,0.71,0.71,1.0,0.0,2.0,1.0,0.8,0.9,1019.6,1019.6,1019.6,1019.6,1.0,0.0,2.0,1.0,0.8,0.9,8.0,8.0,8.0,8.0,1.0,0.0,2.0,1.0,0.8,0.9,16.6,16.6,16.6,16.6,1.0,0.0,2.0,1.0,0.8,0.9,2.9,2.9,2.9,2.9,1.0,0.0,2.0,1.0,0.8,0.9,3.3,3.3,3.3,3.3,1.0,0.0,2.0,1.0,0.8,0.9,13.5,13.5,13.5,13.5,1.0,0.0,2.0,1.0,0.8,0.9,4.45,4.45,4.45,4.45,1.0,0.0,2.0,1.0,0.8,0.9,18.2,18.2,18.2,18.2,1.0,0.0,2.0,1.0,0.8,0.9,78.7,78.7,78.7,78.7,1.0,0.0,2.0,1.0,0.8,0.9,13.9,13.9,13.9,13.9,1.0,0.0,2.0,1.0,0.8,0.9,51.4,51.4,51.4,51.4,1.0,0.0,2.0,1.0,0.8,0.9,9.1,9.1,9.1,9.1,1.0,0.0,2.0,1.0,0.8,0.9,17.9,17.9,17.9,17.9,1.0,0.0,2.0,1.0,0.8,0.9,3.2,3.2,3.2,3.2,1.0,0.0,2.0,1.0,0.8,0.9,69.0,69.0,69.0,69.0,1.0,0.0,2.0,1.0,0.8,0.9,70.0,70.0,70.0,70.0,1.0,0.0,2.0,1.0,0.8,0.9
1974,2,85.0,-33.0,19.52,20.2,20.88,20.2,2.0,1.41,2.0,1.0,0.6,0.4,17.73,18.0,18.27,18.0,2.0,0.57,2.0,1.0,0.6,0.4,7.81,8.15,8.49,8.15,2.0,0.71,2.0,1.0,0.6,0.4,60.9,64.7,68.4,64.7,2.0,7.7,2.0,1.0,0.4,8.8,9.0,9.2,9.0,2.0,0.42,2.0,1.0,0.6,0.4,-6.84,-5.36,-3.87,-5.36,2.0,3.08,2.0,1.0,0.6,0.4,5.05,6.54,8.04,6.54,2.0,3.1,2.0,1.0,0.6,0.4,1024.81,1025.9,1026.99,1025.9,2.0,2.26,2.0,1.0,0.6,0.4,3.8,5.5,7.2,5.5,2.0,3.5,2.0,1.0,0.6,0.4,-59.8,-47.6,-35.3,-47.6,2.0,25.4,2.0,1.0,0.6,0.4,44.7,59.6,74.4,59.6,2.0,30.7,2.0,1.0,0.6,0.4,1.24,2.2,3.16,2.2,2.0,1.98,2.0,1.0,0.6,0.4,11.2,20.2,29.3,20.2,2.0,18.8,2.0,1.0,0.6,0.4,6.12,6.42,6.71,6.42,2.0,0.61,2.0,1.0,0.6,0.4,53.9,57.9,61.8,57.9,2.0,8.2,2.0,1.0,0.6,0.4,-125.5,-97.3,-69.1,-97.3,2.0,58.4,2.0,1.0,0.6,0.4,91.7,116.9,142.1,116.9,2.0,52.2,2.0,1.0,0.6,0.4,-52.9,-42.6,-32.3,-42.6,2.0,21.3,2.0,1.0,0.6,0.4,40.0,54.4,68.9,54.4,2.0,29.9,2.0,1.0,0.6,0.4,-41.4,-33.4,-25.5,-33.4,2.0,16.5,2.0,1.0,0.6,0.4,31.4,42.9,54.5,42.9,2.0,23.9,2.0,1.0,0.6,0.4,681.5,731.5,781.0,731.5,2.0,103.0,2.0,1.0,0.6,0.4,680.0,730.0,780.0,730.0,2.0,105.0,2.0,1.0,0.6,0.4
1974,2,85.0,-32.0,22.0,22.0,22.0,22.0,1.0,0.0,22.0,1.0,0.8,0.6,20.0,20.0,20.0,20.0,1.0,0.0,22.0,1.0,0.8,0.6,11.9,11.9,11.9,11.9,1.0,0.0,22.0,1.0,0.8,0.6,82.3,82.3,82.3,82.3,1.0,0.0,22.0,1.0,0.6,8.2,8.2,8.2,8.2,1.0,0.0,22.0,1.0,0.8,0.6,-5.27,-5.27,-5.27,-5.27,1.0,0.0,22.0,1.0,0.8,0.6,-6.28,-6.28,-6.28,-6.28,1.0,0.0,22.0,1.0,0.8,0.6,1017.5,1017.5,1017.5,1017.5,1.0,0.0,22.0,1.0,0.8,0.6,3.0,3.0,3.0,3.0,1.0,0.0,22.0,1.0,0.8,0.6,-43.2,-43.2,-43.2,-43.2,1.0,0.0,22.0,1.0,0.8,0.6,-51.5,-51.5,-51.5,-51.5,1.0,0.0,22.0,1.0,0.8,0.6,2.0,2.0,2.0,2.0,1.0,0.0,22.0,1.0,0.8,0.6,16.4,16.4,16.4,16.4,1.0,0.0,22.0,1.0,0.8,0.6,4.49,4.49,4.49,4.49,1.0,0.0,22.0,1.0,0.8,0.6,36.8,36.8,36.8,36.8,1.0,0.0,22.0,1.0,0.8,0.6,-105.4,-105.4,-105.4,-105.4,1.0,0.0,22.0,1.0,0.8,0.6,-125.6,-125.6,-125.6,-125.6,1.0,0.0,22.0,1.0,0.8,0.6,-62.7,-62.7,-62.7,-62.7,1.0,0.0,22.0,1.0,0.8,0.6,-74.8,-74.8,-74.8,-74.8,1.0,0.0,22.0,1.0,0.8,0.6,-23.7,-23.7,-23.7,-23.7,1.0,0.0,22.0,1.0,0.8,0.6,-28.2,-28.2,-28.2,-28.2,1.0,0.0,22.0,1.0,0.8,0.6,551.5,551.5,551.5,551.5,1.0,0.0,22.0,1.0,0.8,0.6,550.0,550.0,550.0,550.0,1.0,0.0,22.0,1.0,0.8,0.6
1974,2,85.0,-31.0,18.95,21.0,21.0,20.0,3.0,1.73,14.0,1.0,0.2,0.6,18.98,20.0,21.43,20.2,3.0,1.81,14.0,1.0,0.2,0.6,12.14,12.46,12.72,12.43,3.0,0.42,14.0,1.0,0.2,0.6,78.4,89.4,93.3,85.9,3.0,11.3,14.0,1.0,0.6,6.52,7.2,9.66,8.07,3.0,2.42,14.0,1.0,0.2,0.6,-9.66,-7.2,-6.52,-8.07,3.0,2.42,14.0,1.0,0.2,0.6,0.0,0.0,0.0,0.0,3.0,0.0,14.0,1.0,0.2,0.6,1022.43,1022.7,1023.72,1023.07,3.0,1.0,14.0,1.0,0.2,0.6,4.6,8.0,8.0,6.3,3.0,2.9,14.0,1.0,0.2,0.6,-96.1,-51.8,-42.7,-69.0,3.0,41.8,14.0,1.0,0.2,0.6,0.0,0.0,0.0,0.0,3.0,0.0,14.0,1.0,0.2,0.6,-2.48,1.0,2.02,-0.2,3.0,3.46,14.0,1.0,0.2,0.6,-13.9,10.8,15.7,1.1,3.0,23.3,14.0,1.0,0.2,0.6,1.27,2.47,2.74,2.01,3.0,1.15,14.0,1.0,0.2,0.6,9.6,20.7,24.7,17.2,3.0,11.5,14.0,1.0,0.2,0.6,-190.9,-137.0,-134.4,-162.1,3.0,46.7,14.0,1.0,0.2,0.6,0.0,0.0,0.0,0.0,3.0,0.0,14.0,1.0,0.2,0.6,-123.2,-89.7,-79.3,-100.9,3.0,33.6,14.0,1.0,0.2,0.6,0.0,0.0,0.0,0.0,3.0,0.0,14.0,1.0,0.2,0.6,-24.7,-20.7,-9.6,-17.2,3.0,11.5,14.0,1.0,0.2,0.6,0.0,0.0,0.0,0.0,3.0,0.0,14.0,1.0,0.2,0.6,281.0,373.0,978.5,624.0,3.0,555.0,14.0,1.0,0.2,0.6,280.0,375.0,980.0,625.0,3.0,555.0,14.0,1.0,0.2,0.6
1974,2,85.0,-26.0,22.16,22.5,22.84,22.5,2.0,0.71,4.0,0.5,0.4,0.1,20.9,21.75,22.6,21.75,2.0,1.77,4.0,0.5,0.4,0.1,11.74,12.21,12.69,12.21,2.0,0.99,4.0,0.5,0.4,0.1,74.4,75.6,76.8,75.6,2.0,2.4,4.0,0.5,0.1,7.85,9.25,10.65,9.25,2.0,2.9,4.0,0.5,0.4,0.1,-6.85,-5.95,-5.05,-5.95,2.0,1.86,4.0,0.5,0.4,0.1,6.01,7.09,8.16,7.09,2.0,2.22,4.0,0.5,0.4,0.1,1013.45,1015.5,1017.55,1015.5,2.0,4.24,4.0,0.5,0.4,0.1,4.5,5.5,6.5,5.5,2.0,2.1,4.0,0.5,0.4,0.1,-74.3,-57.7,-41.1,-57.7,2.0,34.5,4.0,0.5,0.4,0.1,48.9,68.8,88.6,68.8,2.0,41.1,4.0,0.5,0.4,0.1,0.24,0.75,1.26,0.75,2.0,1.06,4.0,0.5,0.4,0.1,2.7,8.5,14.3,8.5,2.0,12.0,4.0,0.5,0.4,0.1,4.65,4.74,4.82,4.74,2.0,0.18,4.0,0.5,0.4,0.1,36.6,44.1,51.5,44.1,2.0,15.4,4.0,0.5,0.4,0.1,-142.2,-127.7,-113.2,-127.7,2.0,30.0,4.0,0.5,0.4,0.1,134.9,152.2,169.4,152.2,2.0,35.8,4.0,0.5,0.4,0.1,-79.9,-71.7,-63.5,-71.7,2.0,16.9,4.0,0.5,0.4,0.1,75.7,85.4,95.2,85.4,2.0,20.1,4.0,0.5,0.4,0.1,-33.1,-28.3,-23.5,-28.3,2.0,9.9,4.0,0.5,0.4,0.1,28.1,33.8,39.4,33.8,2.0,11.8,4.0,0.5,0.4,0.1,543.0,908.0,1273.0,908.0,2.0,756.5,4.0,0.5,0.4,0.1,545.0,910.0,1275.0,910.0,2.0,755.0,4.0,0.5,0.4,0.1
1974,2,85.0,-25.0,22.3,22.3,22.3,22.3,1.0,0.0,6.0,0.0,0.5,0.2,21.8,21.8,21.8,21.8,1.0,0.0,6.0,0.0,0.5,0.2,12.19,12.19,12.19,12.19,1.0,0.0,6.0,0.0,0.5,0.2,75.6,75.6,75.6,75.6,1.0,0.0,6.0,0.0,0.2,9.3,9.3,9.3,9.3,1.0,0.0,6.0,0.0,0.5,0.2,-8.05,-8.05,-8.05,-8.05,1.0,0.0,6.0,0.0,0.5,0.2,4.65,4.65,4.65,4.65,1.0,0.0,6.0,0.0,0.5,0.2,1018.8,1018.8,1018.8,1018.8,1.0,0.0,6.0,0.0,0.5,0.2,7.0,7.0,7.0,7.0,1.0,0.0,6.0,0.0,0.5,0.2,-74.9,-74.9,-74.9,-74.9,1.0,0.0,6.0,0.0,0.5,0.2,43.2,43.2,43.2,43.2,1.0,0.0,6.0,0.0,0.5,0.2,0.5,0.5,0.5,0.5,1.0,0.0,6.0,0.0,0.5,0.2,4.7,4.7,4.7,4.7,1.0,0.0,6.0,0.0,0.5,0.2,4.48,4.48,4.48,4.48,1.0,0.0,6.0,0.0,0.5,0.2,41.7,41.7,41.7,41.7,1.0,0.0,6.0,0.0,0.5,0.2,-175.6,-175.6,-175.6,-175.6,1.0,0.0,6.0,0.0,0.5,0.2,101.4,101.4,101.4,101.4,1.0,0.0,6.0,0.0,0.5,0.2,-98.2,-98.2,-98.2,-98.2,1.0,0.0,6.0,0.0,0.5,0.2,56.7,56.7,56.7,56.7,1.0,0.0,6.0,0.0,0.5,0.2,-36.1,-36.1,-36.1,-36.1,1.0,0.0,6.0,0.0,0.5,0.2,20.8,20.8,20.8,20.8,1.0,0.0,6.0,0.0,0.5,0.2,804.5,804.5,804.5,804.5,1.0,0.0,6.0,0.0,0.5,0.2,805.0,805.0,805.0,805.0,1.0,0.0,6.0,0.0,0.5,0.2
1974,2,85.0,-24.0,24.0,24.0,24.0,24.0,1.0,0.0,26.0,1.0,0.3,1.0,23.51,23.75,23.99,23.75,2.0,0.49,16.0,1.0,0.2,0.6,13.28,13.68,14.09,13.68,2.0,0.84,16.0,1.0,0.2,0.6,74.0,75.0,76.0,75.0,2.0,2.1,16.0,1.0,0.6,7.44,7.95,8.46,7.95,2.0,1.06,16.0,1.0,0.2,0.6,-7.02,-6.88,-6.73,-6.88,2.0,0.3,16.0,1.0,0.2,0.6,1.94,3.42,4.9,3.42,2.0,3.07,16.0,1.0,0.2,0.6,1013.55,1015.15,1016.75,1015.15,2.0,3.32,16.0,1.0,0.2,0.6,4.5,5.5,6.5,5.5,2.0,2.1,16.0,1.0,0.2,0.6,-56.9,-54.5,-52.2,-54.5,2.0,4.9,16.0,1.0,0.2,0.6,15.3,28.8,42.4,28.8,2.0,28.0,16.0,1.0,0.2,0.6,-0.1,-0.1,-0.1,-0.1,1.0,0.0,26.0,1.0,0.3,1.0,-0.7,-0.7,-0.7,-0.7,1.0,0.0,26.0,1.0,0.3,1.0,4.34,4.34,4.34,4.34,1.0,0.0,26.0,1.0,0.3,1.0,31.3,31.3,31.3,31.3,1.0,0.0,26.0,1.0,0.3,1.0,-168.5,-163.4,-158.3,-163.4,2.0,10.6,16.0,1.0,0.2,0.6,46.1,80.5,114.9,80.5,2.0,71.2,16.0,1.0,0.2,0.6,-99.0,-94.2,-89.5,-94.2,2.0,9.9,16.0,1.0,0.2,0.6,26.6,45.5,64.4,45.5,2.0,39.2,16.0,1.0,0.2,0.6,-30.8,-30.8,-30.8,-30.8,1.0,0.0,26.0,1.0,0.3,1.0,5.4,5.4,5.4,5.4,1.0,0.0,26.0,1.0,0.3,1.0,418.5,516.0,613.0,516.0,2.0,201.5,16.0,1.0,0.2,0.6,420.0,515.0,615.0,515.0,2.0,200.0,16.0,1.0,0.2,0.6
1974,2,85.0,-22.0,25.0,25.0,25.0,25.0,1.0,0.0,28.0,1.0,0.3,1.0,24.48,25.5,26.52,25.5,2.0,2.12,22.0,1.0,0.3,0.9,14.76,14.76,14.76,14.76,1.0,0.0,28.0,1.0,0.3,1.0,79.3,79.3,79.3,79.3,1.0,0.0,28.0,1.0,1.0,5.11,5.35,5.59,5.35,2.0,0.49,22.0,1.0,0.3,0.9,-5.54,-5.2,-4.86,-5.2,2.0,0.71,22.0,1.0,0.3,0.9,-1.44,-0.86,-0.27,-0.86,2.0,1.21,22.0,1.0,0.3,0.9,1011.32,1012.0,1012.68,1012.0,2.0,1.41,22.0,1.0,0.3,0.9,3.2,3.5,3.8,3.5,2.0,0.7,22.0,1.0,0.3,0.9,-31.1,-28.0,-24.9,-28.0,2.0,6.4,22.0,1.0,0.3,0.9,-7.2,-4.3,-1.4,-4.3,2.0,6.0,22.0,1.0,0.3,0.9,1.0,1.0,1.0,1.0,1.0,0.0,28.0,1.0,0.3,1.0,5.7,5.7,5.7,5.7,1.0,0.0,28.0,1.0,0.3,1.0,5.06,5.06,5.06,5.06,1.0,0.0,28.0,1.0,0.3,1.0,28.8,28.8,28.8,28.8,1.0,0.0,28.0,1.0,0.3,1.0,-135.2,-131.8,-128.4,-131.8,2.0,7.0,22.0,1.0,0.3,0.9,-38.8,-23.1,-7.3,-23.1,2.0,32.6,22.0,1.0,0.3,0.9,-84.1,-84.1,-84.1,-84.1,1.0,0.0,28.0,1.0,0.3,1.0,0.0,0.0,0.0,0.0,1.0,0.0,28.0,1.0,0.3,1.0,-28.8,-28.8,-28.8,-28.8,1.0,0.0,28.0,1.0,0.3,1.0,0.0,0.0,0.0,0.0,1.0,0.0,28.0,1.0,0.3,1.0,134.5,155.0,175.5,155.0,2.0,42.5,22.0,1.0,0.3,0.9,135.0,155.0,175.0,155.0,2.0,45.0,22.0,1.0,0.3,0.9
1974,2,85.0,-19.0,24.9,26.05,26.76,25.88,6.0,0.97,12.0,0.8,0.3,0.8,25.4,25.55,26.24,25.7,6.0,0.51,12.0,0.8,0.3,0.8,16.36,17.15,18.64,17.32,6.0,1.22,12.0,0.8,0.3,0.8,79.4,83.3,87.4,83.9,6.0,5.1,12.0,0.8,0.8,10.09,12.3,12.53,11.65,6.0,1.53,12.0,0.8,0.3,0.8,-12.34,-9.91,-8.71,-10.32,6.0,2.04,12.0,0.8,0.3,0.8,1.36,3.74,6.83,3.93,6.0,3.82,12.0,0.8,0.3,0.8,1008.63,1010.25,1012.18,1010.5,6.0,2.28,12.0,0.8,0.3,0.8,4.6,6.0,8.0,6.0,6.0,2.0,12.0,0.8,0.3,0.8,-154.7,-114.1,-90.5,-121.9,6.0,36.6,12.0,0.8,0.3,0.8,17.7,42.1,84.0,47.8,6.0,45.0,12.0,0.8,0.3,0.8,-0.52,0.25,0.77,0.18,6.0,0.84,12.0,0.8,0.3,0.8,-6.7,2.8,7.9,1.3,6.0,9.7,12.0,0.8,0.3,0.8,2.26,3.31,5.27,3.62,6.0,1.67,12.0,0.8,0.3,0.8,22.5,40.8,60.9,41.6,6.0,18.6,12.0,0.8,0.3,0.8,-321.3,-249.9,-224.3,-265.1,6.0,51.7,12.0,0.8,0.3,0.8,35.9,95.6,173.4,101.4,6.0,99.5,12.0,0.8,0.3,0.8,-208.8,-169.7,-147.4,-178.0,6.0,33.2,12.0,0.8,0.3,0.8,22.1,63.0,112.8,67.2,6.0,69.3,12.0,0.8,0.3,0.8,-54.3,-33.0,-21.7,-37.0,6.0,18.1,12.0,0.8,0.3,0.8,2.3,17.3,26.3,15.0,6.0,13.5,12.0,0.8,0.3,0.8,1033.0,1861.0,1973.5,1647.5,6.0,588.5,12.0,0.8,0.3,0.8,1035.0,1860.0,1975.0,1650.0,6.0,590.0,12.0,0.8,0.3,0.8
1974,2,85.0,-18.0,28.0,28.0,28.0,28.0,1.0,0.0,4.0,0.0,0.6,0.5,25.0,25.0,25.0,25.0,1.0,0.0,4.0,0.0,0.6,0.5,18.16,18.16,18.16,18.16,1.0,0.0,4.0,0.0,0.6,0.5,91.9,91.9,91.9,91.9,1.0,0.0,4.0,0.0,0.5,10.3,10.3,10.3,10.3,1.0,0.0,4.0,0.0,0.6,0.5,-10.3,-10.3,-10.3,-10.3,1.0,0.0,4.0,0.0,0.6,0.5,0.0,0.0,0.0,0.0,1.0,0.0,4.0,0.0,0.6,0.5,1013.0,1013.0,1013.0,1013.0,1.0,0.0,4.0,0.0,0.6,0.5,8.0,8.0,8.0,8.0,1.0,0.0,4.0,0.0,0.6,0.5,-106.1,-106.1,-106.1,-106.1,1.0,0.0,4.0,0.0,0.6,0.5,0.0,0.0,0.0,0.0,1.0,0.0,4.0,0.0,0.6,0.5,3.0,3.0,3.0,3.0,1.0,0.0,4.0,0.0,0.6,0.5,30.9,30.9,30.9,30.9,1.0,0.0,4.0,0.0,0.6,0.5,5.5,5.5,5.5,5.5,1.0,0.0,4.0,0.0,0.6,0.5,56.6,56.6,56.6,56.6,1.0,0.0,4.0,0.0,0.6,0.5,-257.5,-257.5,-257.5,-257.5,1.0,0.0,4.0,0.0,0.6,0.5,0.0,0.0,0.0,0.0,1.0,0.0,4.0,0.0,0.6,0.5,-187.1,-187.1,-187.1,-187.1,1.0,0.0,4.0,0.0,0.6,0.5,0.0,0.0,0.0,0.0,1.0,0.0,4.0,0.0,0.6,0.5,-56.6,-56.6,-56.6,-56.6,1.0,0.0,4.0,0.0,0.6,0.5,0.0,0.0,0.0,0.0,1.0,0.0,4.0,0.0,0.6,0.5,1092.5,1092.5,1092.5,1092.5,1.0,0.0,4.0,0.0,0.6,0.5,1095.0,1095.0,1095.0,1095.0,1.0,0.0,4.0,0.0,0.6,0.5
1974,2,85.0,-16.0,,,,,,,,,,,,,,,,,,,,,,,,,,,,,,,,,,,,,,,,4.6,4.6,4.6,4.6,1.0,0.0,16.0,1.0,0.0,1.0,-4.32,-4.32,-4.32,-4.32,1.0,0.0,16.0,1.0,0.0,1.0,1.57,1.57,1.57,1.57,1.0,0.0,16.0,1.0,0.0,1.0,1013.0,1013.0,1013.0,1013.0,1.0,0.0,16.0,1.0,0.0,1.0,,,,,,,,,,,,,,,,,,,,,,,,,,,,,,,,,,,,,,,,,,,,,,,,,,,,,,,,,,,,,,,,,,,,,,,,,,,,,,,,,,,,,,,,,,,,,,,,,,,,,,,,,,,,,,,,,,,,,,,,,,,,,,,,,,,,,,,,,,,,,,,,,,,,,,
1974,2,85.0,-9.0,29.0,29.0,29.0,29.0,1.0,0.0,24.0,0.0,0.9,0.3,27.5,27.5,27.5,27.5,1.0,0.0,24.0,0.0,0.9,0.3,20.53,20.53,20.53,20.53,1.0,0.0,24.0,0.0,0.9,0.3,88.9,88.9,88.9,88.9,1.0,0.0,24.0,0.0,0.3,8.2,8.2,8.2,8.2,1.0,0.0,24.0,0.0,0.9,0.3,5.27,5.27,5.27,5.27,1.0,0.0,24.0,0.0,0.9,0.3,-6.28,-6.28,-6.28,-6.28,1.0,0.0,24.0,0.0,0.9,0.3,1005.8,1005.8,1005.8,1005.8,1.0,0.0,24.0,0.0,0.9,0.3,4.0,4.0,4.0,4.0,1.0,0.0,24.0,0.0,0.9,0.3,43.2,43.2,43.2,43.2,1.0,0.0,24.0,0.0,0.9,0.3,-51.5,-51.5,-51.5,-51.5,1.0,0.0,24.0,0.0,0.9,0.3,1.5,1.5,1.5,1.5,1.0,0.0,24.0,0.0,0.9,0.3,12.3,12.3,12.3,12.3,1.0,0.0,24.0,0.0,0.9,0.3,4.76,4.76,4.76,4.76,1.0,0.0,24.0,0.0,0.9,0.3,39.0,39.0,39.0,39.0,1.0,0.0,24.0,0.0,0.9,0.3,144.9,144.9,144.9,144.9,1.0,0.0,24.0,0.0,0.9,0.3,-172.7,-172.7,-172.7,-172.7,1.0,0.0,24.0,0.0,0.9,0.3,108.2,108.2,108.2,108.2,1.0,0.0,24.0,0.0,0.9,0.3,-129.0,-129.0,-129.0,-129.0,1.0,0.0,24.0,0.0,0.9,0.3,25.1,25.1,25.1,25.1,1.0,0.0,24.0,0.0,0.9,0.3,-29.9,-29.9,-29.9,-29.9,1.0,0.0,24.0,0.0,0.9,0.3,551.5,551.5,551.5,551.5,1.0,0.0,24.0,0.0,0.9,0.3,550.0,550.0,550.0,550.0,1.0,0.0,24.0,0.0,0.9,0.3
1974,2,85.0,-8.0,26.4,26.4,26.4,26.4,1.0,0.0,8.0,0.0,0.2,0.9,25.0,25.0,25.0,25.0,1.0,0.0,8.0,0.0,0.2,0.9,17.05,17.05,17.05,17.05,1.0,0.0,8.0,0.0,0.2,0.9,86.0,86.0,86.0,86.0,1.0,0.0,8.0,0.0,0.9,5.1,5.1,5.1,5.1,1.0,0.0,8.0,0.0,0.2,0.9,2.55,2.55,2.55,2.55,1.0,0.0,8.0,0.0,0.2,0.9,-4.42,-4.42,-4.42,-4.42,1.0,0.0,8.0,0.0,0.2,0.9,1009.0,1009.0,1009.0,1009.0,1.0,0.0,8.0,0.0,0.2,0.9,7.0,7.0,7.0,7.0,1.0,0.0,8.0,0.0,0.2,0.9,13.0,13.0,13.0,13.0,1.0,0.0,8.0,0.0,0.2,0.9,-22.5,-22.5,-22.5,-22.5,1.0,0.0,8.0,0.0,0.2,0.9,1.4,1.4,1.4,1.4,1.0,0.0,8.0,0.0,0.2,0.9,7.1,7.1,7.1,7.1,1.0,0.0,8.0,0.0,0.2,0.9,4.55,4.55,4.55,4.55,1.0,0.0,8.0,0.0,0.2,0.9,23.2,23.2,23.2,23.2,1.0,0.0,8.0,0.0,0.2,0.9,63.8,63.8,63.8,63.8,1.0,0.0,8.0,0.0,0.2,0.9,-110.4,-110.4,-110.4,-110.4,1.0,0.0,8.0,0.0,0.2,0.9,43.5,43.5,43.5,43.5,1.0,0.0,8.0,0.0,0.2,0.9,-75.3,-75.3,-75.3,-75.3,1.0,0.0,8.0,0.0,0.2,0.9,11.6,11.6,11.6,11.6,1.0,0.0,8.0,0.0,0.2,0.9,-20.1,-20.1,-20.1,-20.1,1.0,0.0,8.0,0.0,0.2,0.9,132.5,132.5,132.5,132.5,1.0,0.0,8.0,0.0,0.2,0.9,135.0,135.0,135.0,135.0,1.0,0.0,8.0,0.0,0.2,0.9
1974,2,85.0,-7.0,27.5,27.5,27.5,27.5,1.0,0.0,8.0,1.0,0.6,0.9,25.32,26.0,26.68,26.0,2.0,1.41,10.0,1.0,0.3,0.8,17.49,17.49,17.49,17.49,1.0,0.0,8.0,1.0,0.6,0.9,88.1,88.1,88.1,88.1,1.0,0.0,8.0,1.0,0.9,5.59,6.65,7.71,6.65,2.0,2.19,10.0,1.0,0.3,0.8,-3.64,-0.5,2.64,-0.5,2.0,6.51,10.0,1.0,0.3,0.8,-5.97,-3.55,-1.13,-3.55,2.0,5.02,10.0,1.0,0.3,0.8,1008.3,1008.3,1008.3,1008.3,1.0,0.0,8.0,1.0,0.6,0.9,8.0,8.0,8.0,8.0,2.0,0.0,10.0,1.0,0.3,0.8,-16.5,3.8,24.2,3.8,2.0,42.2,10.0,1.0,0.3,0.8,-49.0,-29.1,-9.2,-29.1,2.0,41.2,10.0,1.0,0.3,0.8,2.5,2.5,2.5,2.5,1.0,0.0,8.0,1.0,0.6,0.9,20.5,20.5,20.5,20.5,1.0,0.0,8.0,1.0,0.6,0.9,5.59,5.59,5.59,5.59,1.0,0.0,8.0,1.0,0.6,0.9,45.9,45.9,45.9,45.9,1.0,0.0,8.0,1.0,0.6,0.9,-99.6,-17.6,64.4,-17.6,2.0,169.8,10.0,1.0,0.3,0.8,-149.4,-88.8,-28.2,-88.8,2.0,125.5,10.0,1.0,0.3,0.8,71.7,71.7,71.7,71.7,1.0,0.0,8.0,1.0,0.6,0.9,-124.2,-124.2,-124.2,-124.2,1.0,0.0,8.0,1.0,0.6,0.9,22.9,22.9,22.9,22.9,1.0,0.0,8.0,1.0,0.6,0.9,-39.7,-39.7,-39.7,-39.7,1.0,0.0,8.0,1.0,0.6,0.9,199.0,342.0,485.0,342.0,2.0,296.0,10.0,1.0,0.3,0.8,200.0,340.0,485.0,340.0,2.0,295.0,10.0,1.0,0.3,0.8
1974,2,85.0,-6.0,26.36,26.7,27.25,26.8,3.0,0.66,10.0,0.3,0.4,0.6,25.53,26.1,26.51,26.03,4.0,0.7,12.0,0.3,0.5,0.6,17.07,17.65,19.2,18.12,3.0,1.61,10.0,0.3,0.4,0.6,83.4,84.0,88.0,85.6,3.0,3.7,10.0,0.3,0.6,3.55,5.65,8.59,6.05,4.0,3.29,12.0,0.3,0.5,0.6,2.93,4.74,5.75,4.36,4.0,1.97,12.0,0.3,0.5,0.6,-5.76,-2.14,-0.12,-2.91,4.0,4.38,12.0,0.3,0.5,0.6,1005.54,1007.8,1010.43,1007.98,4.0,2.85,12.0,0.3,0.5,0.6,5.4,7.5,8.0,6.8,4.0,1.9,12.0,0.3,0.5,0.6,11.7,31.0,47.9,29.9,4.0,21.9,12.0,0.3,0.5,0.6,-55.4,-10.3,1.3,-26.3,4.0,44.7,12.0,0.3,0.5,0.6,-0.25,0.5,1.8,0.77,3.0,1.52,10.0,0.3,0.4,0.6,-2.0,2.3,17.6,7.7,3.0,15.1,10.0,0.3,0.4,0.6,2.38,4.29,5.7,4.05,3.0,2.44,10.0,0.3,0.4,0.6,13.1,19.7,50.9,31.7,3.0,29.6,10.0,0.3,0.4,0.6,76.7,121.3,149.9,113.7,4.0,52.3,12.0,0.3,0.5,0.6,-146.5,-56.6,-3.1,-74.0,4.0,110.1,12.0,0.3,0.5,0.6,79.5,86.5,113.1,96.1,3.0,25.9,10.0,0.3,0.4,0.6,-116.8,-45.6,4.5,-55.9,3.0,89.3,10.0,0.3,0.4,0.6,12.3,18.6,28.2,20.2,3.0,11.7,10.0,0.3,0.4,0.6,-39.7,-3.4,3.5,-17.8,3.0,34.0,10.0,0.3,0.4,0.6,55.5,199.0,715.5,377.0,4.0,492.0,12.0,0.3,0.5,0.6,55.0,200.0,715.0,375.0,4.0,490.0,12.0,0.3,0.5,0.6
1974,2,85.0,-5.0,27.14,27.45,27.76,27.45,2.0,0.64,12.0,0.5,0.5,0.5,26.91,28.0,28.75,27.83,3.0,1.36,16.0,0.7,0.6,0.6,18.94,19.92,20.91,19.92,2.0,2.04,12.0,0.5,0.5,0.5,84.6,85.0,85.4,85.0,2.0,0.9,12.0,0.5,0.5,5.74,8.2,8.95,7.37,3.0,2.46,16.0,0.7,0.6,0.6,5.69,8.2,8.57,7.16,3.0,2.29,16.0,0.7,0.6,0.6,-0.55,0.0,2.17,0.79,3.0,2.11,16.0,0.7,0.6,0.6,1008.0,1008.0,1008.82,1008.4,3.0,0.69,16.0,0.7,0.6,0.6,4.0,6.0,7.4,5.7,3.0,2.5,16.0,0.7,0.6,0.6,35.6,67.2,76.8,56.5,3.0,31.6,16.0,0.7,0.6,0.6,-2.5,0.0,20.2,8.6,3.0,18.2,16.0,0.7,0.6,0.6,-0.91,-0.3,0.31,-0.3,2.0,1.27,12.0,0.5,0.5,0.5,-9.0,-4.2,0.6,-4.2,2.0,9.8,12.0,0.5,0.5,0.5,2.54,3.1,3.67,3.1,2.0,1.17,12.0,0.5,0.5,0.5,18.6,19.6,20.7,19.6,2.0,2.2,12.0,0.5,0.5,0.5,154.5,229.6,246.5,201.2,3.0,71.7,16.0,0.7,0.6,0.6,-14.4,0.0,63.2,23.8,3.0,60.5,16.0,0.7,0.6,0.6,100.1,135.2,170.4,135.2,2.0,72.8,12.0,0.5,0.5,0.5,-1.6,26.6,54.8,26.6,2.0,58.5,12.0,0.5,0.5,0.5,18.1,18.9,19.6,18.9,2.0,1.5,12.0,0.5,0.5,0.5,-1.5,2.1,5.6,2.1,2.0,7.3,12.0,0.5,0.5,0.5,241.5,551.5,724.0,484.5,3.0,358.0,16.0,0.7,0.6,0.6,240.0,550.0,725.0,485.0,3.0,360.0,16.0,0.7,0.6,0.6
1974,2,85.0,-4.0,27.3,27.5,27.7,27.5,2.0,0.42,14.0,0.5,0.4,0.7,27.21,27.45,27.69,27.45,2.0,0.49,14.0,0.5,0.4,0.7,18.38,20.03,21.69,20.03,2.0,3.43,14.0,0.5,0.4,0.7,81.0,86.9,92.7,86.9,2.0,12.1,14.0,0.5,0.7,4.93,5.65,6.37,5.65,2.0,1.48,14.0,0.5,0.4,0.7,4.64,5.31,5.98,5.31,2.0,1.4,14.0,0.5,0.4,0.7,-0.96,0.36,1.68,0.36,2.0,2.73,14.0,0.5,0.4,0.7,1006.0,1006.65,1007.3,1006.65,2.0,1.34,14.0,0.5,0.4,0.7,3.8,5.5,7.2,5.5,2.0,3.5,14.0,0.5,0.4,0.7,23.4,31.0,38.6,31.0,2.0,15.8,14.0,0.5,0.4,0.7,-3.7,4.1,11.8,4.1,2.0,16.0,14.0,0.5,0.4,0.7,0.02,0.05,0.08,0.05,2.0,0.07,14.0,0.5,0.4,0.7,0.1,0.2,0.4,0.2,2.0,0.3,14.0,0.5,0.4,0.7,1.73,3.09,4.45,3.09,2.0,2.82,14.0,0.5,0.4,0.7,9.9,15.4,20.8,15.4,2.0,11.3,14.0,0.5,0.4,0.7,126.3,146.1,165.8,146.1,2.0,40.9,14.0,0.5,0.4,0.7,-25.8,10.5,46.8,10.5,2.0,75.2,14.0,0.5,0.4,0.7,86.5,108.8,131.1,108.8,2.0,46.2,14.0,0.5,0.4,0.7,-15.1,11.9,38.9,11.9,2.0,56.0,14.0,0.5,0.4,0.7,9.3,14.4,19.6,14.4,2.0,10.7,14.0,0.5,0.4,0.7,-6.3,-2.7,0.8,-2.7,2.0,7.4,14.0,0.5,0.4,0.7,129.5,199.0,268.5,199.0,2.0,144.0,14.0,0.5,0.4,0.7,130.0,200.0,270.0,200.0,2.0,145.0,14.0,0.5,0.4,0.7
1974,2,85.0,-3.0,27.24,27.65,28.43,27.83,4.0,0.85,16.0,0.8,0.3,0.8,28.19,28.4,29.55,28.85,4.0,1.18,16.0,0.8,0.3,0.8,17.83,18.52,19.22,18.52,2.0,1.44,20.0,1.0,0.3,1.0,73.7,77.2,80.7,77.2,2.0,7.2,20.0,1.0,1.0,5.4,8.2,8.2,6.83,3.0,2.37,16.0,0.7,0.2,1.0,0.31,4.04,6.79,3.56,3.0,4.77,16.0,0.7,0.2,1.0,-5.96,-1.42,-0.94,-3.4,3.0,4.06,16.0,0.7,0.2,1.0,1006.94,1009.35,1011.71,1009.33,4.0,2.75,16.0,0.8,0.3,0.8,3.9,6.0,6.5,5.3,4.0,2.2,16.0,0.8,0.3,0.8,-2.7,16.6,50.5,23.7,3.0,39.4,16.0,0.7,0.2,1.0,-48.9,-11.7,-5.7,-26.9,3.0,34.3,16.0,0.7,0.2,1.0,-2.31,-0.55,0.22,-1.02,4.0,1.82,16.0,0.8,0.3,0.8,-3.0,-1.6,2.8,-0.1,3.0,4.5,16.0,0.7,0.2,1.0,4.25,4.8,5.35,4.8,2.0,1.14,20.0,1.0,0.3,1.0,24.5,27.8,31.2,27.8,2.0,6.9,20.0,1.0,0.3,1.0,8.8,114.7,190.7,100.1,3.0,133.9,16.0,0.7,0.2,1.0,-169.2,-39.9,-26.5,-96.5,3.0,115.5,16.0,0.7,0.2,1.0,84.5,114.2,144.0,114.2,2.0,61.6,20.0,1.0,0.3,1.0,-25.4,-20.1,-14.9,-20.1,2.0,10.9,20.0,1.0,0.3,1.0,24.1,27.4,30.7,27.4,2.0,6.8,20.0,1.0,0.3,1.0,-5.4,-4.8,-4.3,-4.8,2.0,1.2,20.0,1.0,0.3,1.0,222.0,551.5,551.5,390.5,3.0,278.5,16.0,0.7,0.2,1.0,220.0,550.0,550.0,390.0,3.0,280.0,16.0,0.7,0.2,1.0
1974,2,85.0,-2.0,27.57,28.0,29.63,28.48,12.0,0.94,12.0,0.5,0.3,0.7,27.21,27.8,28.39,27.89,14.0,1.1,14.0,0.6,0.3,0.8,17.17,18.57,20.6,18.69,11.0,1.61,12.0,0.5,0.3,0.7,72.6,79.3,84.1,79.7,11.0,8.3,12.0,0.5,0.7,2.96,4.1,6.8,4.58,13.0,1.97,12.0,0.5,0.3,0.7,1.3,2.64,6.25,3.49,13.0,2.29,12.0,0.5,0.3,0.7,-3.16,-1.5,1.19,-1.38,13.0,2.47,12.0,0.5,0.3,0.7,1007.9,1010.0,1011.29,1009.49,15.0,1.8,12.0,0.6,0.3,0.7,2.2,6.0,7.0,4.8,15.0,2.5,12.0,0.6,0.3,0.7,4.3,10.8,39.8,19.5,13.0,20.6,12.0,0.5,0.3,0.7,-13.8,-5.9,5.9,-8.0,13.0,13.6,12.0,0.5,0.3,0.7,-0.17,0.9,2.62,1.03,11.0,1.31,14.0,0.5,0.3,0.7,-0.7,2.1,15.2,6.1,10.0,8.3,12.0,0.4,0.3,0.7,4.74,5.76,7.54,6.1,9.0,1.48,12.0,0.4,0.3,0.7,17.1,21.6,51.9,31.6,8.0,17.8,10.0,0.4,0.3,0.7,50.9,76.9,176.9,101.6,12.0,63.0,12.0,0.5,0.3,0.8,-79.3,-39.7,37.5,-33.9,12.0,69.7,12.0,0.5,0.3,0.8,25.7,55.5,136.1,76.4,9.0,51.1,10.0,0.4,0.3,0.7,-54.1,-25.6,32.1,-16.3,9.0,40.8,10.0,0.4,0.3,0.7,10.2,18.9,50.9,27.7,8.0,20.1,10.0,0.4,0.3,0.7,-14.0,-6.9,11.7,-2.4,8.0,13.1,10.0,0.4,0.3,0.7,26.0,69.0,315.5,150.0,13.0,180.5,12.0,0.5,0.3,0.7,25.0,70.0,315.0,150.0,13.0,180.0,12.0,0.5,0.3,0.7
1974,2,85.0,-1.0,27.55,28.0,29.0,28.13,16.0,0.66,18.0,0.6,0.4,0.5,26.91,27.8,29.0,28.01,18.0,1.13,18.0,0.7,0.4,0.5,17.42,18.15,19.45,18.56,13.0,1.55,16.0,0.6,0.5,0.5,75.1,80.3,83.1,79.6,13.0,5.1,16.0,0.6,0.5,2.42,3.85,6.0,4.11,18.0,2.18,18.0,0.7,0.4,0.5,0.52,2.77,5.82,2.94,18.0,2.81,18.0,0.7,0.4,0.5,-3.24,-0.94,1.04,-1.12,18.0,2.06,18.0,0.7,0.4,0.5,1007.94,1009.35,1011.43,1009.41,16.0,2.24,18.0,0.7,0.4,0.5,2.7,4.0,5.6,4.2,18.0,1.7,18.0,0.7,0.4,0.5,1.3,9.3,35.1,16.4,18.0,20.4,18.0,0.7,0.4,0.5,-17.0,-3.7,1.4,-6.3,18.0,11.9,18.0,0.7,0.4,0.5,-0.16,0.2,1.11,0.24,16.0,1.26,18.0,0.6,0.4,0.5,-0.5,0.7,3.2,1.3,16.0,5.1,18.0,0.6,0.4,0.5,4.16,5.46,6.93,5.33,13.0,1.82,16.0,0.6,0.5,0.5,10.4,18.8,43.7,23.2,13.0,15.5,16.0,0.6,0.5,0.5,14.0,76.4,163.1,82.6,18.0,79.7,18.0,0.7,0.4,0.5,-87.3,-25.8,29.2,-30.9,18.0,57.1,18.0,0.7,0.4,0.5,21.5,53.2,106.5,64.2,13.0,43.3,16.0,0.6,0.5,0.5,-75.3,-36.0,0.3,-31.9,13.0,36.5,16.0,0.6,0.5,0.5,4.4,10.8,41.1,18.4,13.0,15.7,16.0,0.6,0.5,0.5,-18.5,-8.5,0.1,-8.5,13.0,11.4,16.0,0.6,0.5,0.5,14.5,58.0,220.0,127.5,18.0,168.5,18.0,0.7,0.4,0.5,15.0,60.0,220.0,130.0,18.0,170.0,18.0,0.7,0.4,0.5
1974,2,85.0,0.0,28.05,28.15,28.25,28.15,2.0,0.21,14.0,0.5,0.4,0.2,26.72,28.05,29.38,28.05,2.0,2.76,14.0,0.5,0.4,0.2,19.35,20.07,20.79,20.07,2.0,1.48,14.0,0.5,0.4,0.2,80.9,84.5,88.1,84.5,2.0,7.5,14.0,0.5,0.2,2.6,2.6,2.6,2.6,2.0,0.0,14.0,0.5,0.4,0.2,-1.74,0.02,1.78,0.02,2.0,3.65,14.0,0.5,0.4,0.2,0.07,0.23,0.38,0.23,2.0,0.32,14.0,0.5,0.4,0.2,1007.73,1008.45,1009.17,1008.45,2.0,1.48,14.0,0.5,0.4,0.2,4.3,5.0,5.7,5.0,2.0,1.4,14.0,0.5,0.4,0.2,-4.5,0.1,4.6,0.1,2.0,9.5,14.0,0.5,0.4,0.2,0.2,0.6,1.0,0.6,2.0,0.8,14.0,0.5,0.4,0.2,-1.33,0.1,1.53,0.1,2.0,2.97,14.0,0.5,0.4,0.2,-3.5,0.3,4.0,0.3,2.0,7.7,14.0,0.5,0.4,0.2,3.07,3.91,4.76,3.91,2.0,1.75,14.0,0.5,0.4,0.2,8.0,10.2,12.4,10.2,2.0,4.6,14.0,0.5,0.4,0.2,-43.8,5.6,55.0,5.6,2.0,102.4,14.0,0.5,0.4,0.2,1.9,5.9,9.9,5.9,2.0,8.3,14.0,0.5,0.4,0.2,-32.3,3.1,38.5,3.1,2.0,73.3,14.0,0.5,0.4,0.2,1.4,4.3,7.2,4.3,2.0,6.1,14.0,0.5,0.4,0.2,-10.0,-3.1,3.8,-3.1,2.0,14.2,14.0,0.5,0.4,0.2,0.4,1.2,2.0,1.2,2.0,1.6,14.0,0.5,0.4,0.2,17.5,17.5,17.5,17.5,2.0,0.0,14.0,0.5,0.4,0.2,20.0,20.0,20.0,20.0,2.0,0.0,14.0,0.5,0.4,0.2
1974,2,85.0,1.0,27.78,27.95,28.12,27.95,2.0,0.35,22.0,1.0,0.4,0.3,27.36,27.7,28.04,27.7,2.0,0.71,22.0,1.0,0.4,0.3,18.2,18.37,18.54,18.37,2.0,0.35,22.0,1.0,0.4,0.3,77.9,78.9,79.8,78.9,2.0,1.9,22.0,1.0,0.3,0.65,2.05,3.45,2.05,2.0,2.9,22.0,1.0,0.4,0.3,0.0,0.0,0.0,0.0,2.0,0.0,22.0,1.0,0.4,0.3,-3.45,-2.05,-0.65,-2.05,2.0,2.9,22.0,1.0,0.4,0.3,1006.96,1007.95,1008.94,1007.95,2.0,2.05,22.0,1.0,0.4,0.3,5.3,6.0,6.7,6.0,2.0,1.4,22.0,1.0,0.4,0.3,0.0,0.0,0.0,0.0,2.0,0.0,22.0,1.0,0.4,0.3,-14.1,-8.4,-2.7,-8.4,2.0,11.9,22.0,1.0,0.4,0.3,0.08,0.25,0.42,0.25,2.0,0.35,22.0,1.0,0.4,0.3,0.3,1.0,1.7,1.0,2.0,1.4,22.0,1.0,0.4,0.3,5.25,5.35,5.44,5.35,2.0,0.19,22.0,1.0,0.4,0.3,3.4,10.7,18.0,10.7,2.0,15.1,22.0,1.0,0.4,0.3,0.0,0.0,0.0,0.0,2.0,0.0,22.0,1.0,0.4,0.3,-93.8,-55.8,-17.7,-55.8,2.0,78.9,22.0,1.0,0.4,0.3,0.0,0.0,0.0,0.0,2.0,0.0,22.0,1.0,0.4,0.3,-62.5,-37.1,-11.8,-37.1,2.0,52.5,22.0,1.0,0.4,0.3,0.0,0.0,0.0,0.0,2.0,0.0,22.0,1.0,0.4,0.3,-18.0,-10.7,-3.4,-10.7,2.0,15.1,22.0,1.0,0.4,0.3,11.0,34.5,58.0,34.5,2.0,48.5,22.0,1.0,0.4,0.3,10.0,35.0,60.0,35.0,2.0,50.0,22.0,1.0,0.4,0.3
1974,2,85.0,2.0,27.59,27.8,28.51,28.0,5.0,0.53,18.0,0.8,0.3,0.5,26.58,26.8,27.6,27.0,5.0,0.6,18.0,0.8,0.3,0.5,18.04,18.59,18.77,18.42,5.0,0.52,18.0,0.8,0.3,0.5,81.5,82.6,83.2,82.4,5.0,1.4,18.0,0.8,0.5,0.63,2.1,3.33,2.06,5.0,1.74,18.0,0.8,0.3,0.5,-1.93,-0.17,0.26,-0.72,5.0,1.32,18.0,0.8,0.3,0.5,-2.83,0.0,0.65,-0.97,5.0,2.18,18.0,0.8,0.3,0.5,1005.75,1008.1,1009.31,1007.8,5.0,2.35,18.0,0.8,0.3,0.5,5.0,6.0,7.0,6.0,5.0,1.0,18.0,0.8,0.3,0.5,-6.9,-0.2,0.6,-2.5,5.0,4.1,18.0,0.8,0.3,0.5,-9.9,0.0,1.1,-4.4,5.0,8.9,18.0,0.8,0.3,0.5,0.73,1.0,1.25,1.0,5.0,0.34,18.0,0.8,0.3,0.5,0.5,1.6,3.7,2.0,5.0,1.9,18.0,0.8,0.3,0.5,4.93,5.28,5.93,5.37,5.0,0.69,18.0,0.8,0.3,0.5,3.4,11.3,16.5,10.6,5.0,9.1,18.0,0.8,0.3,0.5,-51.8,-4.8,6.9,-19.4,5.0,35.3,18.0,0.8,0.3,0.5,-75.1,0.0,17.6,-25.7,5.0,58.5,18.0,0.8,0.3,0.5,-35.7,-3.3,4.6,-13.4,5.0,24.3,18.0,0.8,0.3,0.5,-50.9,0.0,12.2,-17.3,5.0,39.9,18.0,0.8,0.3,0.5,-9.3,-0.9,1.5,-3.2,5.0,6.3,18.0,0.8,0.3,0.5,-15.5,0.0,3.1,-5.4,5.0,11.5,18.0,0.8,0.3,0.5,0.5,9.5,46.5,25.0,5.0,41.0,18.0,0.8,0.3,0.5,0.0,10.0,45.0,25.0,5.0,40.0,18.0,0.8,0.3,0.5
1974,2,85.0,3.0,27.96,28.0,28.81,28.32,5.0,0.5,16.0,0.6,0.3,0.7,27.3,27.7,28.52,27.9,4.0,0.81,16.0,0.8,0.2,0.7,18.1,18.53,18.84,18.47,3.0,0.55,18.0,0.7,0.1,0.8,76.6,78.3,81.0,78.8,3.0,3.2,18.0,0.7,0.8,4.73,7.2,7.88,6.46,5.0,1.77,16.0,0.6,0.3,0.7,-5.41,-3.14,-1.12,-3.42,5.0,2.74,16.0,0.6,0.3,0.7,-7.09,-5.02,-1.67,-4.37,5.0,3.06,16.0,0.6,0.3,0.7,1008.26,1009.1,1011.18,1009.62,5.0,1.54,16.0,0.6,0.3,0.7,5.0,5.5,6.5,5.8,4.0,1.0,14.0,0.8,0.3,0.7,-43.0,-12.9,-7.4,-23.9,5.0,22.7,16.0,0.6,0.3,0.7,-53.7,-25.6,-6.9,-29.1,5.0,25.1,16.0,0.6,0.3,0.7,0.0,0.25,1.02,0.5,4.0,0.71,16.0,0.8,0.2,0.7,0.0,1.8,5.7,2.8,4.0,3.6,16.0,0.8,0.2,0.7,5.85,6.16,6.17,6.01,3.0,0.26,18.0,0.7,0.1,0.8,34.5,41.1,47.5,41.0,3.0,9.5,18.0,0.7,0.1,0.8,-104.2,-61.1,-28.9,-66.3,4.0,44.9,16.0,0.8,0.2,0.7,-200.4,-165.4,-103.7,-152.7,4.0,60.7,16.0,0.8,0.2,0.7,-60.3,-22.4,-18.3,-38.9,3.0,33.9,18.0,0.7,0.1,0.8,-132.4,-127.0,-103.8,-118.3,3.0,22.2,18.0,0.7,0.1,0.8,-19.5,-7.1,-6.0,-12.6,3.0,11.0,18.0,0.7,0.1,0.8,-42.7,-40.5,-34.0,-38.4,3.0,6.6,18.0,0.7,0.1,0.8,109.5,373.0,491.0,316.5,5.0,208.0,16.0,0.6,0.3,0.7,110.0,375.0,490.0,315.0,5.0,210.0,16.0,0.6,0.3,0.7
1974,2,85.0,5.0,26.2,27.1,28.0,27.18,20.0,0.89,16.0,0.6,0.5,0.8,25.5,27.0,29.0,27.3,23.0,1.57,16.0,0.6,0.4,0.8,17.33,18.44,18.83,18.12,20.0,1.19,14.0,0.6,0.4,0.8,72.3,82.2,90.9,81.5,20.0,9.1,14.0,0.6,0.8,2.85,6.2,9.01,6.04,23.0,2.74,16.0,0.6,0.4,0.8,-6.03,-3.86,-0.35,-3.12,23.0,3.71,16.0,0.6,0.4,0.8,-6.89,-3.1,0.0,-3.11,23.0,3.41,16.0,0.6,0.4,0.8,1007.4,1009.4,1011.87,1009.73,24.0,2.69,16.0,0.6,0.4,0.8,4.0,7.0,8.0,6.2,24.0,1.8,16.0,0.6,0.4,0.8,-46.8,-24.4,-0.7,-24.2,23.0,30.1,16.0,0.6,0.4,0.8,-58.1,-13.0,0.0,-23.3,23.0,32.5,16.0,0.6,0.4,0.8,-1.8,0.2,2.11,0.05,19.0,1.9,16.0,0.6,0.4,0.8,-8.6,0.7,10.3,-0.3,19.0,12.8,16.0,0.6,0.4,0.8,3.18,4.57,5.85,4.5,18.0,1.53,16.0,0.6,0.5,0.8,12.6,29.0,35.4,27.1,18.0,15.1,16.0,0.6,0.5,0.8,-163.6,-107.3,-6.6,-86.2,22.0,103.2,14.0,0.6,0.4,0.8,-183.6,-87.8,0.0,-87.9,22.0,95.4,14.0,0.6,0.4,0.8,-114.6,-70.9,-0.2,-54.5,20.0,71.4,14.0,0.6,0.4,0.8,-124.3,-61.3,-0.5,-59.3,20.0,61.1,14.0,0.6,0.4,0.8,-26.6,-13.5,-1.9,-14.2,18.0,19.2,16.0,0.6,0.5,0.8,-28.4,-14.1,-1.4,-13.0,18.0,15.7,16.0,0.6,0.5,0.8,23.5,238.5,732.5,350.5,23.0,364.5,16.0,0.6,0.4,0.8,25.0,240.0,735.0,350.0,23.0,365.0,16.0,0.6,0.4,0.8
1974,2,85.0,6.0,27.03,27.1,27.17,27.1,2.0,0.14,8.0,0.5,0.4,0.0,25.94,26.25,26.56,26.25,2.0,0.64,8.0,0.5,0.4,0.0,18.2,18.35,18.51,18.35,2.0,0.32,8.0,0.5,0.4,0.0,84.1,86.2,88.3,86.2,2.0,4.3,8.0,0.5,0.0,5.59,6.65,7.71,6.65,2.0,2.19,8.0,0.5,0.4,0.0,-7.41,-5.99,-4.57,-5.99,2.0,2.95,8.0,0.5,0.4,0.0,-2.53,-0.93,0.68,-0.93,2.0,3.32,8.0,0.5,0.4,0.0,1009.83,1012.05,1014.27,1012.05,2.0,4.6,8.0,0.5,0.4,0.0,8.0,8.0,8.0,8.0,2.0,0.0,8.0,0.5,0.4,0.0,-58.9,-43.1,-27.3,-43.1,2.0,32.7,8.0,0.5,0.4,0.0,-12.2,-2.5,7.2,-2.5,2.0,20.1,8.0,0.5,0.4,0.0,0.47,0.85,1.23,0.85,2.0,0.78,8.0,0.5,0.4,0.0,3.1,6.5,9.9,6.5,2.0,7.0,8.0,0.5,0.4,0.0,4.09,4.1,4.12,4.1,2.0,0.03,8.0,0.5,0.4,0.0,23.0,27.3,31.5,27.3,2.0,8.8,8.0,0.5,0.4,0.0,-191.8,-156.3,-120.8,-156.3,2.0,73.6,8.0,0.5,0.4,0.0,-67.8,-25.4,17.0,-25.4,2.0,87.9,8.0,0.5,0.4,0.0,-137.4,-110.4,-83.4,-110.4,2.0,56.0,8.0,0.5,0.4,0.0,-45.8,-16.5,12.8,-16.5,2.0,60.7,8.0,0.5,0.4,0.0,-30.3,-24.5,-18.8,-24.5,2.0,11.9,8.0,0.5,0.4,0.0,-10.5,-3.9,2.7,-3.9,2.0,13.7,8.0,0.5,0.4,0.0,199.0,342.0,485.0,342.0,2.0,296.0,8.0,0.5,0.4,0.0,200.0,340.0,485.0,340.0,2.0,295.0,8.0,0.5,0.4,0.0
1974,2,85.0,7.0,27.1,27.1,27.1,27.1,1.0,0.0,10.0,0.0,0.0,0.9,25.7,25.7,25.7,25.7,1.0,0.0,10.0,0.0,0.0,0.9,15.76,15.76,15.76,15.76,1.0,0.0,10.0,0.0,0.0,0.9,76.7,76.7,76.7,76.7,1.0,0.0,10.0,0.0,0.9,5.1,5.1,5.1,5.1,1.0,0.0,10.0,0.0,0.0,0.9,-3.28,-3.28,-3.28,-3.28,1.0,0.0,10.0,0.0,0.0,0.9,-3.91,-3.91,-3.91,-3.91,1.0,0.0,10.0,0.0,0.0,0.9,1013.6,1013.6,1013.6,1013.6,1.0,0.0,10.0,0.0,0.0,0.9,7.0,7.0,7.0,7.0,1.0,0.0,10.0,0.0,0.0,0.9,-16.7,-16.7,-16.7,-16.7,1.0,0.0,10.0,0.0,0.0,0.9,-19.9,-19.9,-19.9,-19.9,1.0,0.0,10.0,0.0,0.0,0.9,1.4,1.4,1.4,1.4,1.0,0.0,10.0,0.0,0.0,0.9,7.1,7.1,7.1,7.1,1.0,0.0,10.0,0.0,0.0,0.9,6.66,6.66,6.66,6.66,1.0,0.0,10.0,0.0,0.0,0.9,34.0,34.0,34.0,34.0,1.0,0.0,10.0,0.0,0.0,0.9,-84.3,-84.3,-84.3,-84.3,1.0,0.0,10.0,0.0,0.0,0.9,-100.4,-100.4,-100.4,-100.4,1.0,0.0,10.0,0.0,0.0,0.9,-51.7,-51.7,-51.7,-51.7,1.0,0.0,10.0,0.0,0.0,0.9,-61.6,-61.6,-61.6,-61.6,1.0,0.0,10.0,0.0,0.0,0.9,-21.8,-21.8,-21.8,-21.8,1.0,0.0,10.0,0.0,0.0,0.9,-26.0,-26.0,-26.0,-26.0,1.0,0.0,10.0,0.0,0.0,0.9,132.5,132.5,132.5,132.5,1.0,0.0,10.0,0.0,0.0,0.9,135.0,135.0,135.0,135.0,1.0,0.0,10.0,0.0,0.0,0.9
1974,2,85.0,10.0,27.06,28.25,29.44,28.25,2.0,2.47,4.0,1.0,0.1,0.6,24.56,25.75,26.94,25.75,2.0,2.47,4.0,1.0,0.1,0.6,15.66,16.01,16.36,16.01,2.0,0.72,4.0,1.0,0.1,0.6,73.8,77.6,81.5,77.6,2.0,8.0,4.0,1.0,0.6,5.27,5.65,6.03,5.65,2.0,0.78,4.0,1.0,0.1,0.6,-3.97,-3.95,-3.92,-3.95,2.0,0.06,4.0,1.0,0.1,0.6,-4.52,-4.01,-3.51,-4.01,2.0,1.04,4.0,1.0,0.1,0.6,1009.93,1010.65,1011.37,1010.65,2.0,1.48,4.0,1.0,0.1,0.6,1.6,3.0,4.4,3.0,2.0,2.8,4.0,1.0,0.1,0.6,-23.9,-22.3,-20.7,-22.3,2.0,3.4,4.0,1.0,0.1,0.6,-27.4,-23.1,-18.7,-23.1,2.0,9.0,4.0,1.0,0.1,0.6,2.5,2.5,2.5,2.5,2.0,0.0,4.0,1.0,0.1,0.6,13.2,14.1,15.1,14.1,2.0,1.9,4.0,1.0,0.1,0.6,6.81,8.18,9.55,8.18,2.0,2.84,4.0,1.0,0.1,0.6,36.5,47.3,58.1,47.3,2.0,22.4,4.0,1.0,0.1,0.6,-107.1,-101.7,-96.3,-101.7,2.0,11.2,4.0,1.0,0.1,0.6,-122.4,-104.6,-86.9,-104.6,2.0,36.7,4.0,1.0,0.1,0.6,-65.0,-63.2,-61.4,-63.2,2.0,3.7,4.0,1.0,0.1,0.6,-74.1,-64.6,-55.2,-64.6,2.0,19.6,4.0,1.0,0.1,0.6,-38.0,-32.4,-26.7,-32.4,2.0,11.7,4.0,1.0,0.1,0.6,-43.9,-34.3,-24.7,-34.3,2.0,19.9,4.0,1.0,0.1,0.6,149.5,185.5,221.5,185.5,2.0,74.5,4.0,1.0,0.1,0.6,150.0,185.0,220.0,185.0,2.0,75.0,4.0,1.0,0.1,0.6
1974,2,85.0,11.0,26.32,27.0,27.0,26.67,3.0,0.58,16.0,0.3,0.4,0.6,24.63,26.0,27.98,26.3,3.0,2.46,16.0,0.3,0.4,0.6,16.04,17.15,17.53,16.79,3.0,1.14,16.0,0.3,0.4,0.6,73.4,83.3,84.2,78.9,3.0,8.8,16.0,0.3,0.6,5.29,5.7,8.5,6.87,3.0,2.56,16.0,0.3,0.4,0.6,-7.45,-3.66,-3.4,-5.38,3.0,3.32,16.0,0.3,0.4,0.6,-4.22,-3.91,-3.53,-3.88,3.0,0.51,16.0,0.3,0.4,0.6,1009.55,1010.1,1012.76,1011.13,3.0,2.51,16.0,0.3,0.4,0.6,1.3,2.0,2.7,2.0,3.0,1.0,16.0,0.3,0.4,0.6,-68.2,-20.9,-18.0,-42.6,3.0,41.3,16.0,0.3,0.4,0.6,-30.3,-24.9,-21.5,-25.9,3.0,6.5,16.0,0.3,0.4,0.6,-0.98,1.0,1.68,0.37,3.0,2.03,16.0,0.3,0.4,0.6,-5.8,5.1,15.0,4.6,3.0,15.2,16.0,0.3,0.4,0.6,4.78,5.23,5.44,5.11,3.0,0.5,16.0,0.3,0.4,0.6,25.4,29.8,46.5,35.8,3.0,16.3,16.0,0.3,0.4,0.6,-184.5,-105.9,-91.8,-137.4,3.0,73.2,16.0,0.3,0.4,0.6,-118.4,-101.6,-87.2,-102.7,3.0,22.9,16.0,0.3,0.4,0.6,-117.5,-62.8,-59.6,-87.9,3.0,47.7,16.0,0.3,0.4,0.6,-73.1,-69.2,-57.5,-65.4,3.0,11.9,16.0,0.3,0.4,0.6,-40.9,-19.2,-16.3,-28.4,3.0,19.7,16.0,0.3,0.4,0.6,-21.5,-18.6,-18.1,-19.8,3.0,2.7,16.0,0.3,0.4,0.6,149.5,185.0,701.0,419.5,3.0,452.5,16.0,0.3,0.4,0.6,150.0,185.0,700.0,420.0,3.0,450.0,16.0,0.3,0.4,0.6
1974,2,85.0,12.0,27.0,27.0,27.0,27.0,1.0,0.0,14.0,1.0,0.7,0.8,27.0,27.0,27.0,27.0,1.0,0.0,14.0,1.0,0.7,0.8,15.78,15.78,15.78,15.78,1.0,0.0,14.0,1.0,0.7,0.8,71.0,71.0,71.0,71.0,1.0,0.0,14.0,1.0,0.8,6.2,6.2,6.2,6.2,1.0,0.0,14.0,1.0,0.7,0.8,-3.99,-3.99,-3.99,-3.99,1.0,0.0,14.0,1.0,0.7,0.8,-4.75,-4.75,-4.75,-4.75,1.0,0.0,14.0,1.0,0.7,0.8,1012.4,1012.4,1012.4,1012.4,1.0,0.0,14.0,1.0,0.7,0.8,2.0,2.0,2.0,2.0,1.0,0.0,14.0,1.0,0.7,0.8,-24.7,-24.7,-24.7,-24.7,1.0,0.0,14.0,1.0,0.7,0.8,-29.4,-29.4,-29.4,-29.4,1.0,0.0,14.0,1.0,0.7,0.8,0.0,0.0,0.0,0.0,1.0,0.0,14.0,1.0,0.7,0.8,0.0,0.0,0.0,0.0,1.0,0.0,14.0,1.0,0.7,0.8,6.53,6.53,6.53,6.53,1.0,0.0,14.0,1.0,0.7,0.8,40.5,40.5,40.5,40.5,1.0,0.0,14.0,1.0,0.7,0.8,-107.6,-107.6,-107.6,-107.6,1.0,0.0,14.0,1.0,0.7,0.8,-128.2,-128.2,-128.2,-128.2,1.0,0.0,14.0,1.0,0.7,0.8,-62.9,-62.9,-62.9,-62.9,1.0,0.0,14.0,1.0,0.7,0.8,-74.9,-74.9,-74.9,-74.9,1.0,0.0,14.0,1.0,0.7,0.8,-26.0,-26.0,-26.0,-26.0,1.0,0.0,14.0,1.0,0.7,0.8,-31.0,-31.0,-31.0,-31.0,1.0,0.0,14.0,1.0,0.7,0.8,238.5,238.5,238.5,238.5,1.0,0.0,14.0,1.0,0.7,0.8,240.0,240.0,240.0,240.0,1.0,0.0,14.0,1.0,0.7,0.8
1974,2,85.0,13.0,24.7,26.2,26.54,25.63,3.0,1.44,12.0,0.7,0.2,0.3,24.38,24.9,26.05,25.2,4.0,1.28,10.0,0.5,0.2,0.4,16.44,18.08,18.43,17.45,3.0,1.56,12.0,0.7,0.2,0.3,77.5,92.5,93.6,85.7,3.0,13.2,12.0,0.7,0.3,7.2,7.7,8.46,7.83,4.0,0.75,10.0,0.5,0.2,0.4,-5.44,-4.44,-3.6,-4.52,4.0,1.07,10.0,0.5,0.2,0.4,-6.48,-6.26,-6.24,-6.35,4.0,0.21,10.0,0.5,0.2,0.4,1012.11,1013.5,1014.37,1013.25,4.0,1.48,10.0,0.5,0.2,0.4,1.5,2.0,4.1,2.8,4.0,2.2,10.0,0.5,0.2,0.4,-46.1,-34.6,-25.9,-35.9,4.0,11.8,10.0,0.5,0.2,0.4,-54.9,-48.2,-44.9,-49.8,4.0,6.3,10.0,0.5,0.2,0.4,-0.94,-0.8,1.04,0.03,3.0,1.62,12.0,0.7,0.2,0.3,-7.0,-6.6,7.3,0.0,3.0,11.9,12.0,0.7,0.2,0.3,1.22,3.86,5.04,3.15,3.0,2.86,12.0,0.7,0.2,0.3,8.8,27.8,40.1,24.5,3.0,23.1,12.0,0.7,0.2,0.3,-138.5,-112.1,-89.6,-114.0,4.0,28.3,10.0,0.5,0.2,0.4,-165.0,-157.9,-155.2,-160.0,4.0,6.8,10.0,0.5,0.2,0.4,-77.6,-66.9,-65.7,-71.5,3.0,9.6,12.0,0.7,0.2,0.3,-114.9,-112.8,-103.0,-109.0,3.0,9.3,12.0,0.7,0.2,0.3,-24.5,-13.9,-4.4,-14.4,3.0,14.7,12.0,0.7,0.2,0.3,-31.6,-24.0,-7.6,-19.7,3.0,17.9,12.0,0.7,0.2,0.3,373.0,462.5,607.5,489.0,4.0,140.5,10.0,0.5,0.2,0.4,375.0,460.0,605.0,490.0,4.0,140.0,10.0,0.5,0.2,0.4
1974,2,85.0,14.0,26.78,26.95,27.12,26.95,2.0,0.35,20.0,1.0,0.3,0.4,25.57,26.8,27.28,26.43,3.0,1.29,16.0,0.7,0.4,0.5,16.41,16.41,16.41,16.41,1.0,0.0,22.0,1.0,0.1,0.5,74.5,74.5,74.5,74.5,1.0,0.0,22.0,1.0,0.5,1.01,2.1,5.44,3.2,3.0,3.39,16.0,0.7,0.4,0.5,-2.14,-1.61,-0.85,-1.5,3.0,0.95,16.0,0.7,0.4,0.5,-4.92,-1.35,-0.43,-2.64,3.0,3.47,16.0,0.7,0.4,0.5,1010.61,1011.5,1011.98,1011.3,3.0,1.01,16.0,0.7,0.4,0.5,1.3,4.0,5.4,3.3,3.0,3.1,16.0,0.7,0.4,0.5,-12.5,-3.4,-1.2,-6.8,3.0,8.8,16.0,0.7,0.4,0.5,-32.3,-2.8,-0.9,-16.3,3.0,25.8,16.0,0.7,0.4,0.5,-0.27,-0.2,-0.13,-0.2,2.0,0.14,20.0,1.0,0.3,0.4,-1.8,-1.2,-0.5,-1.2,2.0,1.3,20.0,1.0,0.3,0.4,5.55,5.55,5.55,5.55,1.0,0.0,22.0,1.0,0.1,0.5,11.7,11.7,11.7,11.7,1.0,0.0,22.0,1.0,0.1,0.5,-58.6,-43.1,-22.2,-40.5,3.0,26.8,16.0,0.7,0.4,0.5,-135.0,-36.2,-11.5,-72.4,3.0,95.7,16.0,0.7,0.4,0.5,-26.4,-26.4,-26.4,-26.4,1.0,0.0,22.0,1.0,0.1,0.5,-22.2,-22.2,-22.2,-22.2,1.0,0.0,22.0,1.0,0.1,0.5,-8.9,-8.9,-8.9,-8.9,1.0,0.0,22.0,1.0,0.1,0.5,-7.5,-7.5,-7.5,-7.5,1.0,0.0,22.0,1.0,0.1,0.5,3.0,9.5,237.0,117.5,3.0,195.5,16.0,0.7,0.4,0.5,5.0,10.0,235.0,115.0,3.0,195.0,16.0,0.7,0.4,0.5
1974,2,85.0,15.0,26.53,27.0,27.21,26.88,4.0,0.55,14.0,0.5,0.6,0.7,24.71,27.0,28.16,26.6,5.0,2.04,14.0,0.4,0.6,0.7,16.14,16.48,17.23,16.68,3.0,0.82,12.0,0.3,0.5,0.7,75.0,76.9,82.4,78.7,3.0,5.6,12.0,0.3,0.7,4.38,6.2,7.2,5.84,5.0,1.48,14.0,0.4,0.6,0.7,-4.26,-3.6,-3.55,-3.88,5.0,0.52,14.0,0.4,0.6,0.7,-6.24,-3.99,-2.19,-4.15,5.0,2.05,14.0,0.4,0.6,0.7,1012.05,1014.9,1014.94,1013.76,5.0,1.61,14.0,0.4,0.6,0.7,1.6,3.0,4.0,2.8,5.0,1.3,14.0,0.4,0.6,0.7,-27.2,-25.9,-16.7,-22.7,5.0,6.4,14.0,0.4,0.6,0.7,-44.9,-24.7,-9.6,-26.6,5.0,17.9,14.0,0.4,0.6,0.7,-1.23,-0.25,1.0,-0.12,4.0,1.57,14.0,0.5,0.6,0.7,-5.7,-1.8,7.2,0.6,4.0,9.2,14.0,0.5,0.6,0.7,4.83,5.17,5.62,5.23,3.0,0.58,12.0,0.3,0.5,0.7,29.0,33.6,36.1,32.6,3.0,5.3,12.0,0.3,0.5,0.7,-111.6,-101.5,-94.7,-102.8,5.0,11.6,14.0,0.4,0.6,0.7,-158.4,-99.6,-60.8,-108.5,5.0,51.2,14.0,0.4,0.6,0.7,-64.9,-63.3,-59.4,-62.2,3.0,4.2,12.0,0.3,0.5,0.7,-106.5,-99.7,-57.5,-82.4,3.0,38.9,12.0,0.3,0.5,0.7,-21.8,-18.6,-17.4,-19.6,3.0,3.3,12.0,0.3,0.5,0.7,-31.3,-29.1,-18.4,-24.9,3.0,10.1,12.0,0.3,0.5,0.7,85.0,238.5,373.0,229.0,5.0,147.0,14.0,0.4,0.6,0.7,85.0,240.0,375.0,230.0,5.0,145.0,14.0,0.4,0.6,0.7
1974,2,85.0,16.0,25.93,26.2,26.47,26.2,2.0,0.57,8.0,0.0,0.6,0.4,24.25,24.8,29.03,26.6,3.0,3.83,14.0,0.3,0.4,0.6,16.03,16.03,16.03,16.03,1.0,0.0,14.0,0.0,0.5,0.4,86.4,86.4,86.4,86.4,1.0,0.0,14.0,0.0,0.4,1.27,4.0,5.5,3.4,3.0,3.14,14.0,0.3,0.4,0.6,-3.68,-1.37,-0.43,-2.04,3.0,2.44,14.0,0.3,0.4,0.6,-3.91,-3.76,-1.19,-2.58,3.0,2.24,14.0,0.3,0.4,0.6,1010.45,1012.5,1014.14,1012.3,3.0,2.71,14.0,0.3,0.4,0.6,0.6,2.0,5.4,3.0,3.0,3.6,14.0,0.3,0.4,0.6,-21.8,-5.5,-1.7,-11.6,3.0,15.7,14.0,0.3,0.4,0.6,-21.6,-15.0,-4.8,-13.2,3.0,12.5,14.0,0.3,0.4,0.6,1.8,1.8,1.8,1.8,2.0,0.0,8.0,0.0,0.6,0.4,7.8,9.2,10.5,9.2,2.0,2.8,8.0,0.0,0.6,0.4,4.68,4.68,4.68,4.68,1.0,0.0,14.0,0.0,0.5,0.4,29.0,29.0,29.0,29.0,1.0,0.0,14.0,0.0,0.5,0.4,-88.6,-33.9,-10.8,-49.3,3.0,58.5,14.0,0.3,0.4,0.6,-94.9,-93.2,-29.6,-63.0,3.0,54.5,14.0,0.3,0.4,0.6,-76.2,-76.2,-76.2,-76.2,1.0,0.0,14.0,0.0,0.5,0.4,-63.9,-63.9,-63.9,-63.9,1.0,0.0,14.0,0.0,0.5,0.4,-22.2,-22.2,-22.2,-22.2,1.0,0.0,14.0,0.0,0.5,0.4,-18.6,-18.6,-18.6,-18.6,1.0,0.0,14.0,0.0,0.5,0.4,20.5,64.0,183.0,101.0,3.0,123.5,14.0,0.3,0.4,0.6,20.0,65.0,185.0,100.0,3.0,125.0,14.0,0.3,0.4,0.6
1974,2,85.0,17.0,26.6,26.6,26.6,26.6,1.0,0.0,28.0,0.0,0.6,0.1,26.3,26.3,26.3,26.3,1.0,0.0,28.0,0.0,0.6,0.1,15.49,15.49,15.49,15.49,1.0,0.0,28.0,0.0,0.6,0.1,72.6,72.6,72.6,72.6,1.0,0.0,28.0,0.0,0.1,0.0,0.0,0.0,0.0,1.0,0.0,28.0,0.0,0.6,0.1,0.0,0.0,0.0,0.0,1.0,0.0,28.0,0.0,0.6,0.1,0.0,0.0,0.0,0.0,1.0,0.0,28.0,0.0,0.6,0.1,1012.2,1012.2,1012.2,1012.2,1.0,0.0,28.0,0.0,0.6,0.1,5.0,5.0,5.0,5.0,1.0,0.0,28.0,0.0,0.6,0.1,0.0,0.0,0.0,0.0,1.0,0.0,28.0,0.0,0.6,0.1,0.0,0.0,0.0,0.0,1.0,0.0,28.0,0.0,0.6,0.1,0.3,0.3,0.3,0.3,1.0,0.0,28.0,0.0,0.6,0.1,0.0,0.0,0.0,0.0,1.0,0.0,28.0,0.0,0.6,0.1,6.3,6.3,6.3,6.3,1.0,0.0,28.0,0.0,0.6,0.1,0.0,0.0,0.0,0.0,1.0,0.0,28.0,0.0,0.6,0.1,0.0,0.0,0.0,0.0,1.0,0.0,28.0,0.0,0.6,0.1,0.0,0.0,0.0,0.0,1.0,0.0,28.0,0.0,0.6,0.1,0.0,0.0,0.0,0.0,1.0,0.0,28.0,0.0,0.6,0.1,0.0,0.0,0.0,0.0,1.0,0.0,28.0,0.0,0.6,0.1,0.0,0.0,0.0,0.0,1.0,0.0,28.0,0.0,0.6,0.1,0.0,0.0,0.0,0.0,1.0,0.0,28.0,0.0,0.6,0.1,0.0,0.0,0.0,0.0,1.0,0.0,28.0,0.0,0.6,0.1,0.0,0.0,0.0,0.0,1.0,0.0,28.0,0.0,0.6,0.1
1974,2,85.0,18.0,,,,,,,,,,,,,,,,,,,,,,,,,,,,,,,,,,,,,,,,6.2,6.2,6.2,6.2,1.0,0.0,8.0,0.0,0.7,0.6,-4.75,-4.75,-4.75,-4.75,1.0,0.0,8.0,0.0,0.7,0.6,-3.99,-3.99,-3.99,-3.99,1.0,0.0,8.0,0.0,0.7,0.6,1009.5,1009.5,1009.5,1009.5,1.0,0.0,8.0,0.0,0.7,0.6,,,,,,,,,,,,,,,,,,,,,,,,,,,,,,,,,,,,,,,,,,,,,,,,,,,,,,,,,,,,,,,,,,,,,,,,,,,,,,,,,,,,,,,,,,,,,,,,,,,,,,,,,,,,,,,,,,,,,,,,,,,,,,,,,,,,,,,,,,,,,,,,,,,,,,
1974,2,86.0,-64.0,1.5,1.5,1.5,1.5,1.0,0.0,12.0,0.0,0.3,0.6,1.1,1.1,1.1,1.1,1.0,0.0,12.0,0.0,0.3,0.6,3.39,3.39,3.39,3.39,1.0,0.0,12.0,0.0,0.3,0.6,79.8,79.8,79.8,79.8,1.0,0.0,12.0,0.0,0.6,6.2,6.2,6.2,6.2,1.0,0.0,12.0,0.0,0.3,0.6,-3.99,-3.99,-3.99,-3.99,1.0,0.0,12.0,0.0,0.3,0.6,-4.75,-4.75,-4.75,-4.75,1.0,0.0,12.0,0.0,0.3,0.6,975.1,975.1,975.1,975.1,1.0,0.0,12.0,0.0,0.3,0.6,8.0,8.0,8.0,8.0,1.0,0.0,12.0,0.0,0.3,0.6,-24.7,-24.7,-24.7,-24.7,1.0,0.0,12.0,0.0,0.3,0.6,-29.4,-29.4,-29.4,-29.4,1.0,0.0,12.0,0.0,0.3,0.6,0.4,0.4,0.4,0.4,1.0,0.0,12.0,0.0,0.3,0.6,2.5,2.5,2.5,2.5,1.0,0.0,12.0,0.0,0.3,0.6,0.99,0.99,0.99,0.99,1.0,0.0,12.0,0.0,0.3,0.6,6.1,6.1,6.1,6.1,1.0,0.0,12.0,0.0,0.3,0.6,-4.4,-4.4,-4.4,-4.4,1.0,0.0,12.0,0.0,0.3,0.6,-5.2,-5.2,-5.2,-5.2,1.0,0.0,12.0,0.0,0.3,0.6,-13.5,-13.5,-13.5,-13.5,1.0,0.0,12.0,0.0,0.3,0.6,-16.1,-16.1,-16.1,-16.1,1.0,0.0,12.0,0.0,0.3,0.6,-3.9,-3.9,-3.9,-3.9,1.0,0.0,12.0,0.0,0.3,0.6,-4.7,-4.7,-4.7,-4.7,1.0,0.0,12.0,0.0,0.3,0.6,238.5,238.5,238.5,238.5,1.0,0.0,12.0,0.0,0.3,0.6,240.0,240.0,240.0,240.0,1.0,0.0,12.0,0.0,0.3,0.6
1974,2,86.0,-58.0,2.36,2.7,3.04,2.7,2.0,0.71,10.0,1.0,0.4,1.0,2.28,2.45,2.62,2.45,2.0,0.35,10.0,1.0,0.4,1.0,3.83,3.86,3.9,3.86,2.0,0.08,10.0,1.0,0.4,1.0,83.2,83.6,84.0,83.6,2.0,0.8,10.0,1.0,1.0,,,,,,,,,,,,,,,,,,,,,,,,,,,,,,,,,,,,,,,,,,,,,,,,,,,,,,,,,,,,,,,,,,,,,,,,,,,,,,,,,,,,,,,,,,,,,,,,,,,,,,,,,,,,,,,,,,,,,,,,,,,,,,,,,,,,,,,,,,,,,,,,,,,,,,,,,,,,,,,,,,,,,,,,,,,,,,,,,,,,,,,,,,,,,,
1974,2,86.0,-57.0,2.42,2.9,3.38,2.9,2.0,0.99,8.0,0.5,0.7,0.1,2.76,2.9,3.04,2.9,2.0,0.28,8.0,0.5,0.7,0.1,4.25,4.41,4.58,4.41,2.0,0.35,8.0,0.5,0.7,0.1,88.1,92.3,96.6,92.3,2.0,8.8,8.0,0.5,0.1,17.0,17.0,17.0,17.0,1.0,0.0,8.0,0.0,0.9,0.1,15.97,15.97,15.97,15.97,1.0,0.0,8.0,0.0,0.9,0.1,5.81,5.81,5.81,5.81,1.0,0.0,8.0,0.0,0.9,0.1,984.22,985.35,986.48,985.35,2.0,2.33,8.0,0.5,0.7,0.1,8.0,8.0,8.0,8.0,2.0,0.0,8.0,0.5,0.7,0.1,271.6,271.6,271.6,271.6,1.0,0.0,8.0,0.0,0.9,0.1,98.8,98.8,98.8,98.8,1.0,0.0,8.0,0.0,0.9,0.1,-0.34,0.0,0.34,0.0,2.0,0.71,8.0,0.5,0.7,0.1,8.5,8.5,8.5,8.5,1.0,0.0,8.0,0.0,0.9,0.1,0.05,0.38,0.7,0.38,2.0,0.67,8.0,0.5,0.7,0.1,14.5,14.5,14.5,14.5,1.0,0.0,8.0,0.0,0.9,0.1,49.5,49.5,49.5,49.5,1.0,0.0,8.0,0.0,0.9,0.1,18.0,18.0,18.0,18.0,1.0,0.0,8.0,0.0,0.9,0.1,66.6,66.6,66.6,66.6,1.0,0.0,8.0,0.0,0.9,0.1,24.2,24.2,24.2,24.2,1.0,0.0,8.0,0.0,0.9,0.1,13.6,13.6,13.6,13.6,1.0,0.0,8.0,0.0,0.9,0.1,4.9,4.9,4.9,4.9,1.0,0.0,8.0,0.0,0.9,0.1,4913.0,4913.0,4913.0,4913.0,1.0,0.0,8.0,0.0,0.9,0.1,4915.0,4915.0,4915.0,4915.0,1.0,0.0,8.0,0.0,0.9,0.1
1974,2,86.0,-43.0,,,,,,,,,,,,,,,,,,,,,,,,,,,,,,,,,,,,,,,,,,,,,,,,,,,,,,,,,,,,,,,,,,,,,,,,,,,,,,,,4.0,4.0,4.0,4.0,1.0,0.0,4.0,1.0,0.2,0.8,-13.6,-13.6,-13.6,-13.6,1.0,0.0,4.0,1.0,0.2,0.8,16.2,16.2,16.2,16.2,1.0,0.0,4.0,1.0,0.2,0.8,,,,,,,,,,,,,,,,,,,,,,,,,,,,,,,,,,,,,,,,,,,,,,,,,,,,,,,,,,,,,,,,,,,,,,,,,,,,,,,,,,,,,,,,,,,,,,,,,,,,,,,,,,,,,,,,,,,,,,,,
1974,2,86.0,-40.0,15.0,15.0,15.0,15.0,1.0,0.0,20.0,1.0,0.6,0.3,16.1,16.1,16.1,16.1,1.0,0.0,20.0,1.0,0.6,0.3,10.62,10.62,10.62,10.62,1.0,0.0,20.0,1.0,0.6,0.3,94.4,94.4,94.4,94.4,1.0,0.0,20.0,1.0,0.3,2.1,2.1,2.1,2.1,1.0,0.0,20.0,1.0,0.6,0.3,2.1,2.1,2.1,2.1,1.0,0.0,20.0,1.0,0.6,0.3,0.0,0.0,0.0,0.0,1.0,0.0,20.0,1.0,0.6,0.3,1022.5,1022.5,1022.5,1022.5,1.0,0.0,20.0,1.0,0.6,0.3,5.0,5.0,5.0,5.0,1.0,0.0,20.0,1.0,0.6,0.3,4.4,4.4,4.4,4.4,1.0,0.0,20.0,1.0,0.6,0.3,0.0,0.0,0.0,0.0,1.0,0.0,20.0,1.0,0.6,0.3,-1.1,-1.1,-1.1,-1.1,1.0,0.0,20.0,1.0,0.6,0.3,-2.3,-2.3,-2.3,-2.3,1.0,0.0,20.0,1.0,0.6,0.3,-0.14,-0.14,-0.14,-0.14,1.0,0.0,20.0,1.0,0.6,0.3,-0.3,-0.3,-0.3,-0.3,1.0,0.0,20.0,1.0,0.6,0.3,33.8,33.8,33.8,33.8,1.0,0.0,20.0,1.0,0.6,0.3,0.0,0.0,0.0,0.0,1.0,0.0,20.0,1.0,0.6,0.3,22.3,22.3,22.3,22.3,1.0,0.0,20.0,1.0,0.6,0.3,0.0,0.0,0.0,0.0,1.0,0.0,20.0,1.0,0.6,0.3,-0.3,-0.3,-0.3,-0.3,1.0,0.0,20.0,1.0,0.6,0.3,0.0,0.0,0.0,0.0,1.0,0.0,20.0,1.0,0.6,0.3,9.5,9.5,9.5,9.5,1.0,0.0,20.0,1.0,0.6,0.3,10.0,10.0,10.0,10.0,1.0,0.0,20.0,1.0,0.6,0.3
1974,2,86.0,-37.0,,,,,,,,,,,,,,,,,,,,,,,,,,,,,,,,,,,,,,,,5.1,5.1,5.1,5.1,1.0,0.0,12.0,1.0,0.8,0.9,-4.79,-4.79,-4.79,-4.79,1.0,0.0,12.0,1.0,0.8,0.9,-1.74,-1.74,-1.74,-1.74,1.0,0.0,12.0,1.0,0.8,0.9,1029.5,1029.5,1029.5,1029.5,1.0,0.0,12.0,1.0,0.8,0.9,,,,,,,,,,,,,,,,,,,,,,,,,,,,,,,,,,,,,,,,,,,,,,,,,,,,,,,,,,,,,,,,,,,,,,,,,,,,,,,,,,,,,,,,,,,,,,,,,,,,,,,,,,,,,,,,,,,,,,,,,,,,,,,,,,,,,,,,,,,,,,,,,,,,,,
1974,2,86.0,-35.0,21.1,21.1,21.1,21.1,1.0,0.0,12.0,0.0,0.5,0.7,18.0,18.0,18.0,18.0,1.0,0.0,12.0,0.0,0.5,0.7,11.66,11.66,11.66,11.66,1.0,0.0,12.0,0.0,0.5,0.7,92.1,92.1,92.1,92.1,1.0,0.0,12.0,0.0,0.7,2.6,2.6,2.6,2.6,1.0,0.0,12.0,0.0,0.5,0.7,-2.44,-2.44,-2.44,-2.44,1.0,0.0,12.0,0.0,0.5,0.7,-0.89,-0.89,-0.89,-0.89,1.0,0.0,12.0,0.0,0.5,0.7,1025.7,1025.7,1025.7,1025.7,1.0,0.0,12.0,0.0,0.5,0.7,8.0,8.0,8.0,8.0,1.0,0.0,12.0,0.0,0.5,0.7,-6.4,-6.4,-6.4,-6.4,1.0,0.0,12.0,0.0,0.5,0.7,-2.3,-2.3,-2.3,-2.3,1.0,0.0,12.0,0.0,0.5,0.7,3.1,3.1,3.1,3.1,1.0,0.0,12.0,0.0,0.5,0.7,8.1,8.1,8.1,8.1,1.0,0.0,12.0,0.0,0.5,0.7,3.72,3.72,3.72,3.72,1.0,0.0,12.0,0.0,0.5,0.7,9.7,9.7,9.7,9.7,1.0,0.0,12.0,0.0,0.5,0.7,-44.0,-44.0,-44.0,-44.0,1.0,0.0,12.0,0.0,0.5,0.7,-16.0,-16.0,-16.0,-16.0,1.0,0.0,12.0,0.0,0.5,0.7,-28.5,-28.5,-28.5,-28.5,1.0,0.0,12.0,0.0,0.5,0.7,-10.4,-10.4,-10.4,-10.4,1.0,0.0,12.0,0.0,0.5,0.7,-9.1,-9.1,-9.1,-9.1,1.0,0.0,12.0,0.0,0.5,0.7,-3.3,-3.3,-3.3,-3.3,1.0,0.0,12.0,0.0,0.5,0.7,17.5,17.5,17.5,17.5,1.0,0.0,12.0,0.0,0.5,0.7,20.0,20.0,20.0,20.0,1.0,0.0,12.0,0.0,0.5,0.7
1974,2,86.0,-34.0,22.8,22.8,22.8,22.8,1.0,0.0,2.0,1.0,0.8,0.9,19.5,19.5,19.5,19.5,1.0,0.0,2.0,1.0,0.8,0.9,13.48,13.48,13.48,13.48,1.0,0.0,2.0,1.0,0.8,0.9,96.3,96.3,96.3,96.3,1.0,0.0,2.0,1.0,0.9,4.1,4.1,4.1,4.1,1.0,0.0,2.0,1.0,0.8,0.9,4.04,4.04,4.04,4.04,1.0,0.0,2.0,1.0,0.8,0.9,0.71,0.71,0.71,0.71,1.0,0.0,2.0,1.0,0.8,0.9,1019.6,1019.6,1019.6,1019.6,1.0,0.0,2.0,1.0,0.8,0.9,8.0,8.0,8.0,8.0,1.0,0.0,2.0,1.0,0.8,0.9,16.6,16.6,16.6,16.6,1.0,0.0,2.0,1.0,0.8,0.9,2.9,2.9,2.9,2.9,1.0,0.0,2.0,1.0,0.8,0.9,3.3,3.3,3.3,3.3,1.0,0.0,2.0,1.0,0.8,0.9,13.5,13.5,13.5,13.5,1.0,0.0,2.0,1.0,0.8,0.9,3.7,3.7,3.7,3.7,1.0,0.0,2.0,1.0,0.8,0.9,15.2,15.2,15.2,15.2,1.0,0.0,2.0,1.0,0.8,0.9,78.7,78.7,78.7,78.7,1.0,0.0,2.0,1.0,0.8,0.9,13.9,13.9,13.9,13.9,1.0,0.0,2.0,1.0,0.8,0.9,54.4,54.4,54.4,54.4,1.0,0.0,2.0,1.0,0.8,0.9,9.6,9.6,9.6,9.6,1.0,0.0,2.0,1.0,0.8,0.9,14.9,14.9,14.9,14.9,1.0,0.0,2.0,1.0,0.8,0.9,2.6,2.6,2.6,2.6,1.0,0.0,2.0,1.0,0.8,0.9,69.0,69.0,69.0,69.0,1.0,0.0,2.0,1.0,0.8,0.9,70.0,70.0,70.0,70.0,1.0,0.0,2.0,1.0,0.8,0.9
1974,2,86.0,-33.0,,,,,,,,,,,,,,,,,,,,,,,,,,,,,,,,,,,,,,,,3.87,7.0,8.04,6.22,6.0,2.15,24.0,0.7,0.6,0.5,-6.33,-4.25,0.4,-3.3,6.0,3.6,24.0,0.7,0.6,0.5,1.62,4.3,5.53,3.51,6.0,3.18,24.0,0.7,0.6,0.5,1016.19,1017.8,1018.32,1017.58,6.0,1.65,24.0,0.7,0.6,0.5,,,,,,,,,,,,,,,,,,,,,,,,,,,,,,,,,,,,,,,,,,,,,,,,,,,,,,,,,,,,,,,,,,,,,,,,,,,,,,,,,,,,,,,,,,,,,,,,,,,,,,,,,,,,,,,,,,,,,,,,,,,,,,,,,,,,,,,,,,,,,,,,,,,,,,
1974,2,86.0,-32.0,19.2,19.2,19.2,19.2,1.0,0.0,16.0,1.0,0.0,0.1,20.0,20.0,20.0,20.0,1.0,0.0,16.0,1.0,0.0,0.1,11.17,11.17,11.17,11.17,1.0,0.0,16.0,1.0,0.0,0.1,77.7,77.7,77.7,77.7,1.0,0.0,16.0,1.0,0.1,6.7,6.7,6.7,6.7,1.0,0.0,16.0,1.0,0.0,0.1,-6.7,-6.7,-6.7,-6.7,1.0,0.0,16.0,1.0,0.0,0.1,0.0,0.0,0.0,0.0,1.0,0.0,16.0,1.0,0.0,0.1,1022.9,1022.9,1022.9,1022.9,1.0,0.0,16.0,1.0,0.0,0.1,8.0,8.0,8.0,8.0,1.0,0.0,16.0,1.0,0.0,0.1,-44.9,-44.9,-44.9,-44.9,1.0,0.0,16.0,1.0,0.0,0.1,0.0,0.0,0.0,0.0,1.0,0.0,16.0,1.0,0.0,0.1,-0.8,-0.8,-0.8,-0.8,1.0,0.0,16.0,1.0,0.0,0.1,-5.4,-5.4,-5.4,-5.4,1.0,0.0,16.0,1.0,0.0,0.1,2.52,2.52,2.52,2.52,1.0,0.0,16.0,1.0,0.0,0.1,16.9,16.9,16.9,16.9,1.0,0.0,16.0,1.0,0.0,0.1,-134.0,-134.0,-134.0,-134.0,1.0,0.0,16.0,1.0,0.0,0.1,0.0,0.0,0.0,0.0,1.0,0.0,16.0,1.0,0.0,0.1,-74.9,-74.9,-74.9,-74.9,1.0,0.0,16.0,1.0,0.0,0.1,0.0,0.0,0.0,0.0,1.0,0.0,16.0,1.0,0.0,0.1,-16.9,-16.9,-16.9,-16.9,1.0,0.0,16.0,1.0,0.0,0.1,0.0,0.0,0.0,0.0,1.0,0.0,16.0,1.0,0.0,0.1,301.0,301.0,301.0,301.0,1.0,0.0,16.0,1.0,0.0,0.1,300.0,300.0,300.0,300.0,1.0,0.0,16.0,1.0,0.0,0.1
1974,2,86.0,-31.0,21.3,21.3,21.3,21.3,1.0,0.0,10.0,1.0,0.3,0.7,19.0,19.0,19.0,19.0,1.0,0.0,10.0,1.0,0.3,0.7,12.8,12.8,12.8,12.8,1.0,0.0,10.0,1.0,0.3,0.7,95.1,95.1,95.1,95.1,1.0,0.0,10.0,1.0,0.7,7.7,7.7,7.7,7.7,1.0,0.0,10.0,1.0,0.3,0.7,-7.7,-7.7,-7.7,-7.7,1.0,0.0,10.0,1.0,0.3,0.7,0.0,0.0,0.0,0.0,1.0,0.0,10.0,1.0,0.3,0.7,1027.6,1027.6,1027.6,1027.6,1.0,0.0,10.0,1.0,0.3,0.7,7.0,7.0,7.0,7.0,1.0,0.0,10.0,1.0,0.3,0.7,-59.3,-59.3,-59.3,-59.3,1.0,0.0,10.0,1.0,0.3,0.7,0.0,0.0,0.0,0.0,1.0,0.0,10.0,1.0,0.3,0.7,2.3,2.3,2.3,2.3,1.0,0.0,10.0,1.0,0.3,0.7,17.7,17.7,17.7,17.7,1.0,0.0,10.0,1.0,0.3,0.7,2.74,2.74,2.74,2.74,1.0,0.0,10.0,1.0,0.3,0.7,21.1,21.1,21.1,21.1,1.0,0.0,10.0,1.0,0.3,0.7,-146.3,-146.3,-146.3,-146.3,1.0,0.0,10.0,1.0,0.3,0.7,0.0,0.0,0.0,0.0,1.0,0.0,10.0,1.0,0.3,0.7,-98.6,-98.6,-98.6,-98.6,1.0,0.0,10.0,1.0,0.3,0.7,0.0,0.0,0.0,0.0,1.0,0.0,10.0,1.0,0.3,0.7,-21.1,-21.1,-21.1,-21.1,1.0,0.0,10.0,1.0,0.3,0.7,0.0,0.0,0.0,0.0,1.0,0.0,10.0,1.0,0.3,0.7,456.5,456.5,456.5,456.5,1.0,0.0,10.0,1.0,0.3,0.7,455.0,455.0,455.0,455.0,1.0,0.0,10.0,1.0,0.3,0.7
1974,2,86.0,-26.0,23.0,23.0,23.0,23.0,1.0,0.0,2.0,1.0,0.2,0.7,23.2,23.2,23.2,23.2,1.0,0.0,2.0,1.0,0.2,0.7,11.74,11.74,11.74,11.74,1.0,0.0,2.0,1.0,0.2,0.7,66.8,66.8,66.8,66.8,1.0,0.0,2.0,1.0,0.7,7.2,7.2,7.2,7.2,1.0,0.0,2.0,1.0,0.2,0.7,0.0,0.0,0.0,0.0,1.0,0.0,2.0,1.0,0.2,0.7,7.2,7.2,7.2,7.2,1.0,0.0,2.0,1.0,0.2,0.7,1018.8,1018.8,1018.8,1018.8,1.0,0.0,2.0,1.0,0.2,0.7,3.0,3.0,3.0,3.0,1.0,0.0,2.0,1.0,0.2,0.7,0.0,0.0,0.0,0.0,1.0,0.0,2.0,1.0,0.2,0.7,51.8,51.8,51.8,51.8,1.0,0.0,2.0,1.0,0.2,0.7,-0.2,-0.2,-0.2,-0.2,1.0,0.0,2.0,1.0,0.2,0.7,-1.4,-1.4,-1.4,-1.4,1.0,0.0,2.0,1.0,0.2,0.7,5.67,5.67,5.67,5.67,1.0,0.0,2.0,1.0,0.2,0.7,40.9,40.9,40.9,40.9,1.0,0.0,2.0,1.0,0.2,0.7,0.0,0.0,0.0,0.0,1.0,0.0,2.0,1.0,0.2,0.7,167.0,167.0,167.0,167.0,1.0,0.0,2.0,1.0,0.2,0.7,0.0,0.0,0.0,0.0,1.0,0.0,2.0,1.0,0.2,0.7,84.5,84.5,84.5,84.5,1.0,0.0,2.0,1.0,0.2,0.7,0.0,0.0,0.0,0.0,1.0,0.0,2.0,1.0,0.2,0.7,40.9,40.9,40.9,40.9,1.0,0.0,2.0,1.0,0.2,0.7,373.0,373.0,373.0,373.0,1.0,0.0,2.0,1.0,0.2,0.7,375.0,375.0,375.0,375.0,1.0,0.0,2.0,1.0,0.2,0.7
1974,2,86.0,-25.0,23.05,23.15,23.25,23.15,2.0,0.21,16.0,1.0,0.5,0.6,22.12,24.1,26.08,24.1,2.0,4.1,16.0,1.0,0.5,0.6,13.35,13.71,14.08,13.71,2.0,0.75,16.0,1.0,0.5,0.6,67.5,74.5,81.4,74.5,2.0,14.3,16.0,1.0,0.6,7.34,9.8,12.26,9.8,2.0,5.09,16.0,1.0,0.5,0.6,-9.56,-8.05,-6.53,-8.05,2.0,3.14,16.0,1.0,0.5,0.6,3.15,5.37,7.58,5.37,2.0,4.59,16.0,1.0,0.5,0.6,1015.39,1016.0,1016.61,1016.0,2.0,1.27,16.0,1.0,0.5,0.6,7.0,7.0,7.0,7.0,2.0,0.0,16.0,1.0,0.5,0.6,-121.5,-86.8,-52.2,-86.8,2.0,71.7,16.0,1.0,0.5,0.6,29.4,64.3,99.2,64.3,2.0,72.3,16.0,1.0,0.5,0.6,-3.03,-0.95,1.13,-0.95,2.0,4.31,16.0,1.0,0.5,0.6,-16.4,1.7,19.7,1.7,2.0,37.4,16.0,1.0,0.5,0.6,3.45,3.91,4.37,3.91,2.0,0.96,16.0,1.0,0.5,0.6,26.6,40.7,54.8,40.7,2.0,29.3,16.0,1.0,0.5,0.6,-208.0,-187.5,-166.9,-187.5,2.0,42.6,16.0,1.0,0.5,0.6,77.1,119.9,162.7,119.9,2.0,88.6,16.0,1.0,0.5,0.6,-127.0,-109.2,-91.3,-109.2,2.0,37.0,16.0,1.0,0.5,0.6,43.4,71.9,100.3,71.9,2.0,58.9,16.0,1.0,0.5,0.6,-42.6,-32.9,-23.3,-32.9,2.0,19.9,16.0,1.0,0.5,0.6,12.0,23.2,34.3,23.2,2.0,23.1,16.0,1.0,0.5,0.6,582.5,1322.0,2062.0,1322.0,2.0,1533.0,16.0,1.0,0.5,0.6,580.0,1320.0,2060.0,1320.0,2.0,1535.0,16.0,1.0,0.5,0.6
1974,2,86.0,-22.0,24.3,24.3,24.3,24.3,1.0,0.0,26.0,0.0,0.4,0.3,23.9,23.9,23.9,23.9,1.0,0.0,26.0,0.0,0.4,0.3,13.9,13.9,13.9,13.9,1.0,0.0,26.0,0.0,0.4,0.3,75.5,75.5,75.5,75.5,1.0,0.0,26.0,0.0,0.3,7.2,7.2,7.2,7.2,1.0,0.0,26.0,0.0,0.4,0.3,-7.09,-7.09,-7.09,-7.09,1.0,0.0,26.0,0.0,0.4,0.3,1.25,1.25,1.25,1.25,1.0,0.0,26.0,0.0,0.4,0.3,1014.1,1014.1,1014.1,1014.1,1.0,0.0,26.0,0.0,0.4,0.3,2.0,2.0,2.0,2.0,1.0,0.0,26.0,0.0,0.4,0.3,-51.1,-51.1,-51.1,-51.1,1.0,0.0,26.0,0.0,0.4,0.3,9.0,9.0,9.0,9.0,1.0,0.0,26.0,0.0,0.4,0.3,0.4,0.4,0.4,0.4,1.0,0.0,26.0,0.0,0.4,0.3,2.9,2.9,2.9,2.9,1.0,0.0,26.0,0.0,0.4,0.3,5.03,5.03,5.03,5.03,1.0,0.0,26.0,0.0,0.4,0.3,36.2,36.2,36.2,36.2,1.0,0.0,26.0,0.0,0.4,0.3,-169.5,-169.5,-169.5,-169.5,1.0,0.0,26.0,0.0,0.4,0.3,29.9,29.9,29.9,29.9,1.0,0.0,26.0,0.0,0.4,0.3,-98.6,-98.6,-98.6,-98.6,1.0,0.0,26.0,0.0,0.4,0.3,17.4,17.4,17.4,17.4,1.0,0.0,26.0,0.0,0.4,0.3,-35.7,-35.7,-35.7,-35.7,1.0,0.0,26.0,0.0,0.4,0.3,6.3,6.3,6.3,6.3,1.0,0.0,26.0,0.0,0.4,0.3,373.0,373.0,373.0,373.0,1.0,0.0,26.0,0.0,0.4,0.3,375.0,375.0,375.0,375.0,1.0,0.0,26.0,0.0,0.4,0.3
1974,2,86.0,-21.0,25.16,25.5,25.84,25.5,2.0,0.71,28.0,0.5,0.3,0.8,24.33,24.4,24.47,24.4,2.0,0.14,28.0,0.5,0.3,0.8,14.27,14.81,15.35,14.81,2.0,1.12,28.0,0.5,0.3,0.8,74.7,77.8,80.9,77.8,2.0,6.4,28.0,0.5,0.8,3.75,5.15,6.55,5.15,2.0,2.9,28.0,0.5,0.3,0.8,-5.73,-4.64,-3.56,-4.64,2.0,2.25,28.0,0.5,0.3,0.8,1.02,2.07,3.11,2.07,2.0,2.16,28.0,0.5,0.3,0.8,1011.43,1011.7,1011.97,1011.7,2.0,0.57,28.0,0.5,0.3,0.8,1.6,3.0,4.4,3.0,2.0,2.8,28.0,0.5,0.3,0.8,-39.3,-27.2,-15.1,-27.2,2.0,25.1,28.0,0.5,0.3,0.8,5.5,13.8,22.1,13.8,2.0,17.1,28.0,0.5,0.3,0.8,0.69,1.1,1.51,1.1,2.0,0.85,28.0,0.5,0.3,0.8,3.9,4.4,5.0,4.4,2.0,1.2,28.0,0.5,0.3,0.8,5.49,5.61,5.72,5.61,2.0,0.24,28.0,0.5,0.3,0.8,20.8,29.2,37.7,29.2,2.0,17.5,28.0,0.5,0.3,0.8,-140.3,-113.5,-86.7,-113.5,2.0,55.6,28.0,0.5,0.3,0.8,25.0,50.6,76.3,50.6,2.0,53.1,28.0,0.5,0.3,0.8,-81.1,-67.5,-53.9,-67.5,2.0,28.1,28.0,0.5,0.3,0.8,15.1,29.4,43.8,29.4,2.0,29.7,28.0,0.5,0.3,0.8,-32.9,-26.3,-19.7,-26.3,2.0,13.7,28.0,0.5,0.3,0.8,5.8,11.9,18.0,11.9,2.0,12.6,28.0,0.5,0.3,0.8,84.5,201.5,318.5,201.5,2.0,243.0,28.0,0.5,0.3,0.8,85.0,200.0,320.0,200.0,2.0,245.0,28.0,0.5,0.3,0.8
1974,2,86.0,-19.0,27.0,27.0,27.0,27.0,1.0,0.0,24.0,1.0,0.1,0.9,30.0,30.0,30.0,30.0,1.0,0.0,24.0,1.0,0.1,0.9,20.62,20.62,20.62,20.62,1.0,0.0,24.0,1.0,0.1,0.9,77.3,77.3,77.3,77.3,1.0,0.0,24.0,1.0,0.9,10.8,10.8,10.8,10.8,1.0,0.0,24.0,1.0,0.1,0.9,-9.35,-9.35,-9.35,-9.35,1.0,0.0,24.0,1.0,0.1,0.9,-5.4,-5.4,-5.4,-5.4,1.0,0.0,24.0,1.0,0.1,0.9,1007.5,1007.5,1007.5,1007.5,1.0,0.0,24.0,1.0,0.1,0.9,4.0,4.0,4.0,4.0,1.0,0.0,24.0,1.0,0.1,0.9,-101.0,-101.0,-101.0,-101.0,1.0,0.0,24.0,1.0,0.1,0.9,-58.3,-58.3,-58.3,-58.3,1.0,0.0,24.0,1.0,0.1,0.9,-3.0,-3.0,-3.0,-3.0,1.0,0.0,24.0,1.0,0.1,0.9,-32.4,-32.4,-32.4,-32.4,1.0,0.0,24.0,1.0,0.1,0.9,1.8,1.8,1.8,1.8,1.0,0.0,24.0,1.0,0.1,0.9,19.5,19.5,19.5,19.5,1.0,0.0,24.0,1.0,0.1,0.9,-280.6,-280.6,-280.6,-280.6,1.0,0.0,24.0,1.0,0.1,0.9,-162.0,-162.0,-162.0,-162.0,1.0,0.0,24.0,1.0,0.1,0.9,-192.8,-192.8,-192.8,-192.8,1.0,0.0,24.0,1.0,0.1,0.9,-111.3,-111.3,-111.3,-111.3,1.0,0.0,24.0,1.0,0.1,0.9,-16.9,-16.9,-16.9,-16.9,1.0,0.0,24.0,1.0,0.1,0.9,-9.7,-9.7,-9.7,-9.7,1.0,0.0,24.0,1.0,0.1,0.9,1259.5,1259.5,1259.5,1259.5,1.0,0.0,24.0,1.0,0.1,0.9,1260.0,1260.0,1260.0,1260.0,1.0,0.0,24.0,1.0,0.1,0.9
1974,2,86.0,-18.0,26.32,27.0,28.05,27.2,5.0,1.15,12.0,0.8,0.3,0.5,25.63,26.1,26.48,26.04,5.0,0.66,12.0,0.8,0.3,0.5,16.81,17.78,18.45,17.59,5.0,1.14,12.0,0.8,0.3,0.5,80.2,83.0,86.5,83.3,5.0,3.4,12.0,0.8,0.5,7.33,10.3,11.17,9.46,5.0,2.16,12.0,0.8,0.3,0.5,-10.25,-8.27,-6.69,-8.3,5.0,2.13,12.0,0.8,0.3,0.5,0.85,4.31,6.28,3.7,5.0,2.96,12.0,0.8,0.3,0.5,1007.41,1009.4,1010.47,1008.84,5.0,2.67,12.0,0.8,0.3,0.5,5.5,7.0,8.0,6.6,5.0,2.1,12.0,0.8,0.3,0.5,-111.4,-89.4,-49.6,-81.8,5.0,35.2,12.0,0.8,0.3,0.5,6.5,28.9,71.6,36.7,5.0,34.1,12.0,0.8,0.3,0.5,-0.17,0.7,2.68,1.16,5.0,1.51,12.0,0.8,0.3,0.5,-1.5,8.3,22.2,10.1,5.0,12.5,12.0,0.8,0.3,0.5,3.39,3.93,7.47,5.11,5.0,2.24,12.0,0.8,0.3,0.5,30.7,43.6,60.4,46.4,5.0,18.6,12.0,0.8,0.3,0.5,-261.6,-215.9,-177.7,-215.8,5.0,53.6,12.0,0.8,0.3,0.5,22.7,112.0,164.7,96.8,5.0,77.2,12.0,0.8,0.3,0.5,-172.6,-151.6,-118.3,-145.8,5.0,37.5,12.0,0.8,0.3,0.5,15.1,75.1,116.4,67.3,5.0,54.6,12.0,0.8,0.3,0.5,-52.7,-37.8,-27.6,-41.3,5.0,20.2,12.0,0.8,0.3,0.5,3.3,19.9,26.0,16.0,5.0,13.4,12.0,0.8,0.3,0.5,399.5,1092.5,1399.5,950.5,5.0,561.5,12.0,0.8,0.3,0.5,400.0,1095.0,1400.0,950.0,5.0,560.0,12.0,0.8,0.3,0.5
1974,2,86.0,-17.0,28.5,28.5,28.5,28.5,1.0,0.0,6.0,1.0,0.8,0.1,25.5,25.5,25.5,25.5,1.0,0.0,6.0,1.0,0.8,0.1,17.22,17.22,17.22,17.22,1.0,0.0,6.0,1.0,0.8,0.1,84.5,84.5,84.5,84.5,1.0,0.0,6.0,1.0,0.1,9.3,9.3,9.3,9.3,1.0,0.0,6.0,1.0,0.8,0.1,-9.3,-9.3,-9.3,-9.3,1.0,0.0,6.0,1.0,0.8,0.1,0.0,0.0,0.0,0.0,1.0,0.0,6.0,1.0,0.8,0.1,1011.3,1011.3,1011.3,1011.3,1.0,0.0,6.0,1.0,0.8,0.1,2.0,2.0,2.0,2.0,1.0,0.0,6.0,1.0,0.8,0.1,-86.5,-86.5,-86.5,-86.5,1.0,0.0,6.0,1.0,0.8,0.1,0.0,0.0,0.0,0.0,1.0,0.0,6.0,1.0,0.8,0.1,3.0,3.0,3.0,3.0,1.0,0.0,6.0,1.0,0.8,0.1,27.9,27.9,27.9,27.9,1.0,0.0,6.0,1.0,0.8,0.1,7.19,7.19,7.19,7.19,1.0,0.0,6.0,1.0,0.8,0.1,66.9,66.9,66.9,66.9,1.0,0.0,6.0,1.0,0.8,0.1,-237.1,-237.1,-237.1,-237.1,1.0,0.0,6.0,1.0,0.8,0.1,0.0,0.0,0.0,0.0,1.0,0.0,6.0,1.0,0.8,0.1,-160.1,-160.1,-160.1,-160.1,1.0,0.0,6.0,1.0,0.8,0.1,0.0,0.0,0.0,0.0,1.0,0.0,6.0,1.0,0.8,0.1,-66.9,-66.9,-66.9,-66.9,1.0,0.0,6.0,1.0,0.8,0.1,0.0,0.0,0.0,0.0,1.0,0.0,6.0,1.0,0.8,0.1,804.5,804.5,804.5,804.5,1.0,0.0,6.0,1.0,0.8,0.1,805.0,805.0,805.0,805.0,1.0,0.0,6.0,1.0,0.8,0.1
1974,2,86.0,-13.0,28.5,28.5,28.5,28.5,1.0,0.0,8.0,1.0,0.6,0.3,27.9,27.9,27.9,27.9,1.0,0.0,8.0,1.0,0.6,0.3,18.76,18.76,18.76,18.76,1.0,0.0,8.0,1.0,0.6,0.3,79.4,79.4,79.4,79.4,1.0,0.0,8.0,1.0,0.3,6.7,6.7,6.7,6.7,1.0,0.0,8.0,1.0,0.6,0.3,-6.3,-6.3,-6.3,-6.3,1.0,0.0,8.0,1.0,0.6,0.3,2.29,2.29,2.29,2.29,1.0,0.0,8.0,1.0,0.6,0.3,1005.2,1005.2,1005.2,1005.2,1.0,0.0,8.0,1.0,0.6,0.3,3.0,3.0,3.0,3.0,1.0,0.0,8.0,1.0,0.6,0.3,-42.2,-42.2,-42.2,-42.2,1.0,0.0,8.0,1.0,0.6,0.3,15.4,15.4,15.4,15.4,1.0,0.0,8.0,1.0,0.6,0.3,0.6,0.6,0.6,0.6,1.0,0.0,8.0,1.0,0.6,0.3,4.0,4.0,4.0,4.0,1.0,0.0,8.0,1.0,0.6,0.3,5.81,5.81,5.81,5.81,1.0,0.0,8.0,1.0,0.6,0.3,38.9,38.9,38.9,38.9,1.0,0.0,8.0,1.0,0.6,0.3,-175.7,-175.7,-175.7,-175.7,1.0,0.0,8.0,1.0,0.6,0.3,63.9,63.9,63.9,63.9,1.0,0.0,8.0,1.0,0.6,0.3,-118.1,-118.1,-118.1,-118.1,1.0,0.0,8.0,1.0,0.6,0.3,43.0,43.0,43.0,43.0,1.0,0.0,8.0,1.0,0.6,0.3,-36.6,-36.6,-36.6,-36.6,1.0,0.0,8.0,1.0,0.6,0.3,13.3,13.3,13.3,13.3,1.0,0.0,8.0,1.0,0.6,0.3,301.0,301.0,301.0,301.0,1.0,0.0,8.0,1.0,0.6,0.3,300.0,300.0,300.0,300.0,1.0,0.0,8.0,1.0,0.6,0.3
1974,2,86.0,-12.0,27.2,27.2,27.2,27.2,1.0,0.0,28.0,1.0,0.0,1.0,30.5,30.5,30.5,30.5,1.0,0.0,28.0,1.0,0.0,1.0,24.0,24.0,24.0,24.0,1.0,0.0,28.0,1.0,0.0,1.0,87.6,87.6,87.6,87.6,1.0,0.0,28.0,1.0,1.0,1.5,1.5,1.5,1.5,1.0,0.0,28.0,1.0,0.0,1.0,-1.15,-1.15,-1.15,-1.15,1.0,0.0,28.0,1.0,0.0,1.0,-0.96,-0.96,-0.96,-0.96,1.0,0.0,28.0,1.0,0.0,1.0,1010.6,1010.6,1010.6,1010.6,1.0,0.0,28.0,1.0,0.0,1.0,4.0,4.0,4.0,4.0,1.0,0.0,28.0,1.0,0.0,1.0,-1.7,-1.7,-1.7,-1.7,1.0,0.0,28.0,1.0,0.0,1.0,-1.4,-1.4,-1.4,-1.4,1.0,0.0,28.0,1.0,0.0,1.0,-3.3,-3.3,-3.3,-3.3,1.0,0.0,28.0,1.0,0.0,1.0,-4.9,-4.9,-4.9,-4.9,1.0,0.0,28.0,1.0,0.0,1.0,-1.38,-1.38,-1.38,-1.38,1.0,0.0,28.0,1.0,0.0,1.0,-2.1,-2.1,-2.1,-2.1,1.0,0.0,28.0,1.0,0.0,1.0,-35.0,-35.0,-35.0,-35.0,1.0,0.0,28.0,1.0,0.0,1.0,-29.4,-29.4,-29.4,-29.4,1.0,0.0,28.0,1.0,0.0,1.0,-27.6,-27.6,-27.6,-27.6,1.0,0.0,28.0,1.0,0.0,1.0,-23.1,-23.1,-23.1,-23.1,1.0,0.0,28.0,1.0,0.0,1.0,1.6,1.6,1.6,1.6,1.0,0.0,28.0,1.0,0.0,1.0,1.3,1.3,1.3,1.3,1.0,0.0,28.0,1.0,0.0,1.0,3.5,3.5,3.5,3.5,1.0,0.0,28.0,1.0,0.0,1.0,5.0,5.0,5.0,5.0,1.0,0.0,28.0,1.0,0.0,1.0
1974,2,86.0,-10.0,,,,,,,,,,,,,,,,,,,,,,,,,,,,,,,,,,,,,,,,12.9,12.9,12.9,12.9,1.0,0.0,22.0,1.0,0.8,0.8,11.17,11.17,11.17,11.17,1.0,0.0,22.0,1.0,0.8,0.8,-6.45,-6.45,-6.45,-6.45,1.0,0.0,22.0,1.0,0.8,0.8,1004.0,1004.0,1004.0,1004.0,1.0,0.0,22.0,1.0,0.8,0.8,,,,,,,,,,,,,,,,,,,,,,,,,,,,,,,,,,,,,,,,,,,,,,,,,,,,,,,,,,,,,,,,,,,,,,,,,,,,,,,,,,,,,,,,,,,,,,,,,,,,,,,,,,,,,,,,,,,,,,,,,,,,,,,,,,,,,,,,,,,,,,,,,,,,,,
1974,2,86.0,-8.0,26.0,26.0,27.02,26.5,3.0,0.87,8.0,0.3,0.5,0.9,25.1,25.1,25.17,25.13,3.0,0.06,8.0,0.3,0.5,0.9,17.68,17.83,17.92,17.8,3.0,0.17,8.0,0.3,0.5,0.9,88.5,89.2,89.2,88.9,3.0,0.6,8.0,0.3,0.9,3.05,5.1,5.1,4.1,3.0,1.73,8.0,0.3,0.5,0.9,2.22,2.55,2.55,2.39,3.0,0.28,8.0,0.3,0.5,0.9,-4.42,-4.42,-1.15,-2.82,3.0,2.76,8.0,0.3,0.5,0.9,1006.39,1007.0,1007.0,1006.7,3.0,0.52,8.0,0.3,0.5,0.9,7.0,7.0,7.0,7.0,3.0,0.0,8.0,0.3,0.5,0.9,7.1,13.0,13.0,10.1,3.0,5.0,8.0,0.3,0.5,0.9,-22.5,-22.5,-6.6,-14.8,3.0,13.4,8.0,0.3,0.5,0.9,0.9,0.9,1.86,1.37,3.0,0.81,8.0,0.3,0.5,0.9,4.6,4.6,4.8,4.7,3.0,0.1,8.0,0.3,0.5,0.9,3.37,3.51,4.65,3.99,3.0,1.03,8.0,0.3,0.5,0.9,12.8,16.8,17.6,15.2,3.0,3.8,8.0,0.3,0.5,0.9,55.9,64.0,64.0,60.0,3.0,6.9,8.0,0.3,0.5,0.9,-110.9,-110.9,-28.9,-70.8,3.0,69.3,8.0,0.3,0.5,0.9,39.6,44.9,45.3,42.5,3.0,4.7,8.0,0.3,0.5,0.9,-78.5,-77.8,-20.2,-50.0,3.0,49.0,8.0,0.3,0.5,0.9,8.6,9.0,10.1,9.4,3.0,1.2,8.0,0.3,0.5,0.9,-15.2,-14.6,-3.3,-9.4,3.0,9.8,8.0,0.3,0.5,0.9,48.5,132.5,132.5,91.5,3.0,71.0,8.0,0.3,0.5,0.9,50.0,135.0,135.0,90.0,3.0,70.0,8.0,0.3,0.5,0.9
1974,2,86.0,-7.0,26.01,26.25,26.49,26.25,2.0,0.49,12.0,0.5,0.5,0.3,25.86,26.0,26.82,26.33,3.0,0.76,12.0,0.3,0.5,0.3,18.61,18.63,18.65,18.63,2.0,0.04,12.0,0.5,0.5,0.3,83.7,86.0,88.2,86.0,2.0,4.7,12.0,0.5,0.3,1.67,3.1,4.87,3.27,3.0,2.35,12.0,0.3,0.5,0.3,1.66,3.1,4.64,3.15,3.0,2.19,12.0,0.3,0.5,0.3,-0.12,0.0,1.33,0.59,3.0,1.18,12.0,0.3,0.5,0.3,1008.08,1009.1,1010.12,1009.1,2.0,2.12,12.0,0.5,0.5,0.3,3.6,5.0,6.4,5.0,3.0,2.0,12.0,0.3,0.5,0.3,3.7,9.6,23.9,13.7,3.0,15.2,12.0,0.3,0.5,0.3,-0.1,0.0,7.6,3.6,3.0,6.5,12.0,0.3,0.5,0.3,-0.97,-0.25,0.47,-0.25,2.0,1.48,12.0,0.5,0.5,0.3,-6.1,-3.3,-0.5,-3.3,2.0,5.8,12.0,0.5,0.5,0.3,2.43,2.78,3.13,2.78,2.0,0.72,12.0,0.5,0.5,0.3,4.8,8.1,11.4,8.1,2.0,6.8,12.0,0.5,0.5,0.3,42.9,80.6,125.0,83.9,3.0,60.2,12.0,0.3,0.5,0.3,-3.1,0.0,36.2,16.2,3.0,32.0,12.0,0.3,0.5,0.3,31.3,59.1,87.0,59.1,2.0,57.7,12.0,0.5,0.5,0.3,3.1,16.6,30.1,16.6,2.0,28.0,12.0,0.5,0.5,0.3,4.7,7.7,10.7,7.7,2.0,6.3,12.0,0.5,0.5,0.3,0.2,1.9,3.6,1.9,2.0,3.5,12.0,0.5,0.5,0.3,10.0,30.0,136.0,72.0,3.0,99.0,12.0,0.3,0.5,0.3,10.0,30.0,135.0,70.0,3.0,100.0,12.0,0.3,0.5,0.3
1974,2,86.0,-6.0,27.1,27.1,27.1,27.1,1.0,0.0,4.0,1.0,0.7,0.6,29.7,29.7,29.7,29.7,1.0,0.0,4.0,1.0,0.7,0.6,19.01,19.01,19.01,19.01,1.0,0.0,4.0,1.0,0.7,0.6,72.8,72.8,72.8,72.8,1.0,0.0,4.0,1.0,0.6,7.2,7.2,7.2,7.2,1.0,0.0,4.0,1.0,0.7,0.6,6.24,6.24,6.24,6.24,1.0,0.0,4.0,1.0,0.7,0.6,-3.6,-3.6,-3.6,-3.6,1.0,0.0,4.0,1.0,0.7,0.6,1010.3,1010.3,1010.3,1010.3,1.0,0.0,4.0,1.0,0.7,0.6,8.0,8.0,8.0,8.0,1.0,0.0,4.0,1.0,0.7,0.6,44.9,44.9,44.9,44.9,1.0,0.0,4.0,1.0,0.7,0.6,-25.9,-25.9,-25.9,-25.9,1.0,0.0,4.0,1.0,0.7,0.6,-2.6,-2.6,-2.6,-2.6,1.0,0.0,4.0,1.0,0.7,0.6,-18.7,-18.7,-18.7,-18.7,1.0,0.0,4.0,1.0,0.7,0.6,3.49,3.49,3.49,3.49,1.0,0.0,4.0,1.0,0.7,0.6,25.1,25.1,25.1,25.1,1.0,0.0,4.0,1.0,0.7,0.6,185.2,185.2,185.2,185.2,1.0,0.0,4.0,1.0,0.7,0.6,-106.9,-106.9,-106.9,-106.9,1.0,0.0,4.0,1.0,0.7,0.6,118.5,118.5,118.5,118.5,1.0,0.0,4.0,1.0,0.7,0.6,-68.4,-68.4,-68.4,-68.4,1.0,0.0,4.0,1.0,0.7,0.6,21.7,21.7,21.7,21.7,1.0,0.0,4.0,1.0,0.7,0.6,-12.5,-12.5,-12.5,-12.5,1.0,0.0,4.0,1.0,0.7,0.6,373.0,373.0,373.0,373.0,1.0,0.0,4.0,1.0,0.7,0.6,375.0,375.0,375.0,375.0,1.0,0.0,4.0,1.0,0.7,0.6
1974,2,86.0,-5.0,,,,,,,,,,,,,,,,,,,,,,,,,,,,,,,,,,,,,,,,2.6,2.6,2.6,2.6,1.0,0.0,6.0,0.0,0.0,0.1,2.25,2.25,2.25,2.25,1.0,0.0,6.0,0.0,0.0,0.1,-1.3,-1.3,-1.3,-1.3,1.0,0.0,6.0,0.0,0.0,0.1,1006.9,1006.9,1006.9,1006.9,1.0,0.0,6.0,0.0,0.0,0.1,8.0,8.0,8.0,8.0,1.0,0.0,6.0,0.0,0.0,0.1,5.9,5.9,5.9,5.9,1.0,0.0,6.0,0.0,0.0,0.1,-3.4,-3.4,-3.4,-3.4,1.0,0.0,6.0,0.0,0.0,0.1,,,,,,,,,,,,,,,,,,,,,,,,,,,,,,,,,,,,,,,,,55.2,55.2,55.2,55.2,1.0,0.0,6.0,0.0,0.0,0.1,-31.8,-31.8,-31.8,-31.8,1.0,0.0,6.0,0.0,0.0,0.1,41.7,41.7,41.7,41.7,1.0,0.0,6.0,0.0,0.0,0.1,-24.0,-24.0,-24.0,-24.0,1.0,0.0,6.0,0.0,0.0,0.1,,,,,,,,,,,,,,,,,,,,,,,,,,,,,,,,,,,,,,,,
1974,2,86.0,-4.0,27.2,27.2,27.2,27.2,1.0,0.0,4.0,0.0,0.4,0.5,27.0,27.0,27.0,27.0,1.0,0.0,4.0,0.0,0.4,0.5,17.56,17.56,17.56,17.56,1.0,0.0,4.0,0.0,0.4,0.5,78.8,78.8,78.8,78.8,1.0,0.0,4.0,0.0,0.5,4.6,4.6,4.6,4.6,1.0,0.0,4.0,0.0,0.4,0.5,4.32,4.32,4.32,4.32,1.0,0.0,4.0,0.0,0.4,0.5,-1.57,-1.57,-1.57,-1.57,1.0,0.0,4.0,0.0,0.4,0.5,1010.3,1010.3,1010.3,1010.3,1.0,0.0,4.0,0.0,0.4,0.5,6.0,6.0,6.0,6.0,1.0,0.0,4.0,0.0,0.4,0.5,19.9,19.9,19.9,19.9,1.0,0.0,4.0,0.0,0.4,0.5,-7.2,-7.2,-7.2,-7.2,1.0,0.0,4.0,0.0,0.4,0.5,0.2,0.2,0.2,0.2,1.0,0.0,4.0,0.0,0.4,0.5,0.9,0.9,0.9,0.9,1.0,0.0,4.0,0.0,0.4,0.5,5.07,5.07,5.07,5.07,1.0,0.0,4.0,0.0,0.4,0.5,23.3,23.3,23.3,23.3,1.0,0.0,4.0,0.0,0.4,0.5,116.7,116.7,116.7,116.7,1.0,0.0,4.0,0.0,0.4,0.5,-42.5,-42.5,-42.5,-42.5,1.0,0.0,4.0,0.0,0.4,0.5,75.9,75.9,75.9,75.9,1.0,0.0,4.0,0.0,0.4,0.5,-27.6,-27.6,-27.6,-27.6,1.0,0.0,4.0,0.0,0.4,0.5,21.9,21.9,21.9,21.9,1.0,0.0,4.0,0.0,0.4,0.5,-8.0,-8.0,-8.0,-8.0,1.0,0.0,4.0,0.0,0.4,0.5,97.5,97.5,97.5,97.5,1.0,0.0,4.0,0.0,0.4,0.5,95.0,95.0,95.0,95.0,1.0,0.0,4.0,0.0,0.4,0.5
1974,2,86.0,-3.0,28.0,28.0,28.0,28.0,1.0,0.0,2.0,0.0,0.2,0.5,27.16,27.5,27.84,27.5,2.0,0.71,12.0,0.5,0.3,0.4,18.65,18.65,18.65,18.65,1.0,0.0,2.0,0.0,0.2,0.5,83.7,83.7,83.7,83.7,1.0,0.0,2.0,0.0,0.5,4.26,4.6,4.94,4.6,2.0,0.71,12.0,0.5,0.3,0.4,-2.26,-0.07,2.12,-0.07,2.0,4.54,12.0,0.5,0.3,0.4,-1.6,0.64,2.87,0.64,2.0,4.63,12.0,0.5,0.3,0.4,1008.36,1009.35,1010.34,1009.35,2.0,2.05,12.0,0.5,0.3,0.4,4.5,5.5,6.5,5.5,2.0,2.1,12.0,0.5,0.3,0.4,-12.0,-1.9,8.2,-1.9,2.0,20.9,12.0,0.5,0.3,0.4,-5.9,4.6,15.0,4.6,2.0,21.7,12.0,0.5,0.3,0.4,1.0,1.0,1.0,1.0,1.0,0.0,2.0,0.0,0.2,0.5,5.1,5.1,5.1,5.1,1.0,0.0,2.0,0.0,0.2,0.5,5.06,5.06,5.06,5.06,1.0,0.0,2.0,0.0,0.2,0.5,25.8,25.8,25.8,25.8,1.0,0.0,2.0,0.0,0.2,0.5,-60.5,-0.3,59.9,-0.3,2.0,124.8,12.0,0.5,0.3,0.4,-45.3,15.8,77.0,15.8,2.0,126.8,12.0,0.5,0.3,0.4,-61.1,-61.1,-61.1,-61.1,1.0,0.0,2.0,0.0,0.2,0.5,72.9,72.9,72.9,72.9,1.0,0.0,2.0,0.0,0.2,0.5,-16.6,-16.6,-16.6,-16.6,1.0,0.0,2.0,0.0,0.2,0.5,19.8,19.8,19.8,19.8,1.0,0.0,2.0,0.0,0.2,0.5,79.0,101.0,122.5,101.0,2.0,45.0,12.0,0.5,0.3,0.4,80.0,100.0,125.0,100.0,2.0,45.0,12.0,0.5,0.3,0.4
1974,2,86.0,-2.0,27.49,28.05,28.4,27.95,4.0,0.58,18.0,0.5,0.3,0.8,26.79,27.15,27.56,27.18,4.0,0.51,18.0,0.5,0.3,0.8,17.33,17.48,18.69,18.0,3.0,1.09,20.0,0.7,0.3,0.7,78.2,80.2,81.6,79.9,3.0,2.5,20.0,0.7,0.7,2.3,5.1,5.51,3.93,3.0,2.56,14.0,0.7,0.3,0.8,1.92,4.42,5.23,3.6,3.0,2.53,14.0,0.7,0.3,0.8,-2.05,-0.99,0.12,-0.97,3.0,1.6,14.0,0.7,0.3,0.8,1008.34,1008.65,1009.07,1008.7,4.0,0.54,18.0,0.5,0.3,0.8,2.5,5.0,7.0,4.8,4.0,2.6,18.0,0.5,0.3,0.8,7.7,22.5,29.0,18.4,3.0,16.0,14.0,0.7,0.3,0.8,-10.7,-5.6,-1.4,-6.0,3.0,6.8,14.0,0.7,0.3,0.8,0.34,0.85,1.2,0.78,4.0,0.51,18.0,0.5,0.3,0.8,1.1,1.2,2.3,1.7,3.0,1.0,14.0,0.7,0.3,0.8,5.07,5.4,5.81,5.44,3.0,0.55,20.0,0.7,0.3,0.7,27.6,27.8,28.0,27.8,2.0,0.4,16.0,1.0,0.3,0.7,52.1,119.3,144.4,98.7,3.0,69.9,14.0,0.7,0.3,0.8,-55.7,-27.5,3.2,-26.3,3.0,43.2,14.0,0.7,0.3,0.8,81.3,92.2,103.0,92.2,2.0,22.5,16.0,1.0,0.3,0.7,-40.1,-31.5,-23.0,-31.5,2.0,17.7,16.0,1.0,0.3,0.7,24.4,25.7,27.0,25.7,2.0,2.7,16.0,1.0,0.3,0.7,-12.4,-9.3,-6.3,-9.3,2.0,6.3,16.0,1.0,0.3,0.7,43.0,132.5,168.5,106.5,3.0,95.0,14.0,0.7,0.3,0.8,45.0,135.0,170.0,105.0,3.0,95.0,14.0,0.7,0.3,0.8
1974,2,86.0,-1.0,27.8,28.2,29.0,28.3,21.0,0.73,16.0,0.6,0.3,0.7,27.02,27.5,29.0,27.77,21.0,1.29,16.0,0.5,0.4,0.7,17.46,18.66,19.05,18.29,15.0,1.13,16.0,0.5,0.3,0.6,75.4,81.3,82.5,79.8,16.0,4.1,16.0,0.6,0.6,4.51,5.1,7.27,5.47,19.0,1.91,14.0,0.6,0.4,0.7,0.53,3.46,6.35,3.48,19.0,2.68,14.0,0.6,0.4,0.7,-4.57,-2.8,-0.87,-2.8,19.0,2.63,14.0,0.6,0.4,0.7,1007.91,1010.05,1011.3,1009.75,20.0,1.66,16.0,0.6,0.3,0.7,2.0,4.0,7.7,4.3,22.0,2.6,16.0,0.5,0.4,0.7,1.5,13.9,43.3,21.7,19.0,20.5,14.0,0.6,0.4,0.7,-24.7,-17.7,-4.4,-17.6,19.0,19.1,14.0,0.6,0.4,0.7,-1.0,0.6,1.7,0.47,20.0,1.47,18.0,0.6,0.3,0.7,-7.0,4.0,10.2,2.3,17.0,11.1,16.0,0.6,0.4,0.7,5.05,5.59,7.06,5.8,14.0,1.36,16.0,0.6,0.2,0.6,21.7,29.6,50.7,33.4,12.0,16.8,14.0,0.7,0.3,0.6,14.2,105.4,176.5,98.2,18.0,76.5,16.0,0.6,0.4,0.7,-133.0,-80.6,-44.2,-89.3,18.0,62.8,16.0,0.6,0.4,0.7,15.9,83.9,121.6,72.4,13.0,51.3,14.0,0.6,0.3,0.6,-80.2,-53.8,-16.5,-50.4,13.0,31.1,14.0,0.6,0.3,0.6,7.5,19.7,47.7,25.4,12.0,19.1,14.0,0.7,0.3,0.6,-26.4,-17.9,-3.8,-16.4,12.0,11.8,14.0,0.7,0.3,0.6,92.5,132.5,385.0,219.0,19.0,196.0,14.0,0.6,0.4,0.7,95.0,135.0,385.0,220.0,19.0,195.0,14.0,0.6,0.4,0.7
1974,2,86.0,0.0,27.65,28.2,28.78,28.24,9.0,0.82,14.0,0.7,0.6,0.4,27.17,27.6,28.0,27.51,10.0,1.27,14.0,0.6,0.6,0.4,17.0,17.78,18.53,17.71,6.0,0.88,14.0,0.7,0.6,0.4,71.4,76.9,78.5,75.2,7.0,3.9,14.0,0.7,0.5,2.31,3.6,6.7,3.92,10.0,2.08,14.0,0.6,0.6,0.4,0.82,2.38,4.38,2.73,10.0,2.04,14.0,0.6,0.6,0.4,-2.76,-0.62,1.78,-0.64,10.0,2.91,14.0,0.6,0.6,0.4,1007.9,1010.15,1010.76,1009.5,8.0,1.69,14.0,0.6,0.6,0.4,2.0,4.5,7.1,4.6,10.0,2.5,14.0,0.6,0.6,0.4,1.4,8.3,29.3,14.0,10.0,15.2,14.0,0.6,0.6,0.4,-9.9,-2.2,4.6,-2.9,10.0,16.8,14.0,0.6,0.6,0.4,-0.29,0.4,2.41,0.77,9.0,1.98,14.0,0.7,0.6,0.4,-0.8,0.8,15.5,5.1,9.0,12.1,14.0,0.7,0.6,0.4,4.51,6.29,7.71,6.34,6.0,2.0,14.0,0.7,0.6,0.4,14.1,16.5,29.6,24.1,6.0,19.9,14.0,0.7,0.6,0.4,22.7,65.9,114.8,74.1,10.0,53.9,14.0,0.6,0.6,0.4,-75.6,-18.2,49.8,-19.1,10.0,78.4,14.0,0.6,0.6,0.4,12.1,43.9,73.5,46.8,6.0,40.3,14.0,0.7,0.6,0.4,-38.0,-11.4,21.7,-8.3,6.0,34.4,14.0,0.7,0.6,0.4,4.9,12.2,24.2,18.1,6.0,23.2,14.0,0.7,0.6,0.4,-15.3,-2.5,6.7,-2.5,6.0,12.4,14.0,0.7,0.6,0.4,13.0,46.5,301.0,109.0,10.0,133.5,14.0,0.6,0.6,0.4,15.0,45.0,300.0,110.0,10.0,135.0,14.0,0.6,0.6,0.4
1974,2,86.0,1.0,27.59,28.2,28.81,28.2,4.0,0.73,24.0,0.5,0.8,0.7,27.45,27.9,28.58,28.0,5.0,0.67,20.0,0.6,0.8,0.6,17.97,18.65,18.86,18.44,5.0,0.62,20.0,0.6,0.8,0.6,75.3,77.5,80.1,77.8,5.0,2.9,20.0,0.6,0.6,0.95,2.1,4.1,2.58,5.0,2.5,20.0,0.6,0.8,0.6,0.56,1.15,1.51,1.06,5.0,0.75,20.0,0.6,0.8,0.6,-3.96,0.0,0.35,-1.62,5.0,3.06,20.0,0.6,0.8,0.6,1006.78,1008.2,1009.62,1008.14,5.0,2.08,20.0,0.6,0.8,0.6,4.3,6.0,6.0,5.2,5.0,1.3,20.0,0.6,0.8,0.6,1.1,2.3,5.6,3.2,5.0,3.0,20.0,0.6,0.8,0.6,-20.2,0.0,0.5,-9.8,5.0,19.5,20.0,0.6,0.8,0.6,0.18,0.6,0.65,0.43,4.0,0.42,24.0,0.5,0.8,0.7,0.5,1.2,1.4,1.0,4.0,0.7,24.0,0.5,0.8,0.7,5.18,5.75,6.22,5.7,4.0,0.65,24.0,0.5,0.8,0.7,4.6,11.1,12.8,8.8,4.0,6.0,24.0,0.5,0.8,0.7,15.4,32.1,43.1,29.9,5.0,21.4,20.0,0.6,0.8,0.6,-111.8,0.0,9.8,-46.0,5.0,87.9,20.0,0.6,0.8,0.6,10.5,21.0,28.5,19.9,5.0,14.3,20.0,0.6,0.8,0.6,-74.0,0.0,6.4,-30.3,5.0,57.1,20.0,0.6,0.8,0.6,2.1,5.9,10.1,6.1,4.0,5.3,24.0,0.5,0.8,0.7,-6.3,0.0,3.2,-1.5,4.0,7.6,24.0,0.5,0.8,0.7,2.0,9.5,121.0,66.0,5.0,131.5,20.0,0.6,0.8,0.6,0.0,10.0,120.0,65.0,5.0,130.0,20.0,0.6,0.8,0.6
1974,2,86.0,2.0,27.53,27.8,27.94,27.73,3.0,0.31,14.0,0.7,0.3,0.7,26.9,27.1,28.26,27.57,3.0,1.08,14.0,0.7,0.3,0.7,18.25,18.35,18.57,18.41,3.0,0.24,14.0,0.7,0.3,0.7,76.6,83.1,83.2,79.9,3.0,5.6,14.0,0.7,0.7,1.3,4.1,6.9,4.1,3.0,4.1,14.0,0.7,0.3,0.7,0.0,0.0,0.0,0.0,3.0,0.0,14.0,0.7,0.3,0.7,-6.9,-4.1,-1.3,-4.1,3.0,4.1,14.0,0.7,0.3,0.7,1009.13,1009.4,1010.42,1009.77,3.0,1.0,14.0,0.7,0.3,0.7,3.2,3.5,3.8,3.5,2.0,0.7,12.0,1.0,0.4,0.7,0.0,0.0,0.0,0.0,3.0,0.0,14.0,0.7,0.3,0.7,-51.2,-16.8,-5.3,-28.0,3.0,35.0,14.0,0.7,0.3,0.7,-0.49,0.6,0.8,0.17,3.0,1.02,14.0,0.7,0.3,0.7,1.2,3.7,4.5,2.9,3.0,2.6,14.0,0.7,0.3,0.7,4.73,5.07,5.18,4.96,3.0,0.34,14.0,0.7,0.3,0.7,6.6,20.8,32.2,19.4,3.0,18.8,14.0,0.7,0.3,0.7,0.0,0.0,0.0,0.0,3.0,0.0,14.0,0.7,0.3,0.7,-185.3,-111.1,-35.3,-110.3,3.0,109.9,14.0,0.7,0.3,0.7,0.0,0.0,0.0,0.0,3.0,0.0,14.0,0.7,0.3,0.7,-127.0,-76.6,-24.3,-75.7,3.0,75.2,14.0,0.7,0.3,0.7,0.0,0.0,0.0,0.0,3.0,0.0,14.0,0.7,0.3,0.7,-32.2,-20.8,-6.6,-19.4,3.0,18.8,14.0,0.7,0.3,0.7,22.0,69.0,398.0,207.0,3.0,300.5,14.0,0.7,0.3,0.7,20.0,70.0,400.0,205.0,3.0,300.0,14.0,0.7,0.3,0.7
1974,2,86.0,3.0,28.0,28.0,28.0,28.0,2.0,0.0,12.0,1.0,0.4,0.6,28.83,28.9,28.97,28.9,2.0,0.14,12.0,1.0,0.4,0.6,21.22,21.22,21.22,21.22,1.0,0.0,14.0,1.0,0.0,0.4,85.4,85.4,85.4,85.4,1.0,0.0,14.0,1.0,0.4,5.24,5.55,5.86,5.55,2.0,0.64,12.0,1.0,0.4,0.6,-4.04,-3.23,-2.43,-3.23,2.0,1.67,12.0,1.0,0.4,0.6,-4.34,-1.54,1.25,-1.54,2.0,5.79,12.0,1.0,0.4,0.6,1008.85,1009.6,1010.35,1009.6,2.0,1.56,12.0,1.0,0.4,0.6,4.2,4.5,4.8,4.5,2.0,0.7,12.0,1.0,0.4,0.6,-20.9,-17.4,-13.9,-17.4,2.0,7.2,12.0,1.0,0.4,0.6,-26.4,-10.4,5.6,-10.4,2.0,33.1,12.0,1.0,0.4,0.6,-0.97,-0.9,-0.83,-0.9,2.0,0.14,12.0,1.0,0.4,0.6,-5.7,-5.0,-4.4,-5.0,2.0,1.4,12.0,1.0,0.4,0.6,2.55,2.55,2.55,2.55,1.0,0.0,14.0,1.0,0.0,0.4,13.0,13.0,13.0,13.0,1.0,0.0,14.0,1.0,0.0,0.4,-116.5,-93.4,-70.3,-93.4,2.0,47.9,12.0,1.0,0.4,0.6,-125.9,-45.0,35.8,-45.0,2.0,167.5,12.0,1.0,0.4,0.6,-93.7,-93.7,-93.7,-93.7,1.0,0.0,14.0,1.0,0.0,0.4,54.1,54.1,54.1,54.1,1.0,0.0,14.0,1.0,0.0,0.4,-11.2,-11.2,-11.2,-11.2,1.0,0.0,14.0,1.0,0.0,0.4,6.5,6.5,6.5,6.5,1.0,0.0,14.0,1.0,0.0,0.4,146.0,174.5,203.0,174.5,2.0,59.0,12.0,1.0,0.4,0.6,145.0,175.0,205.0,175.0,2.0,60.0,12.0,1.0,0.4,0.6
1974,2,86.0,4.0,28.08,28.9,28.97,28.53,3.0,0.72,20.0,0.7,0.3,0.1,26.26,27.9,28.18,27.32,5.0,1.21,22.0,0.6,0.3,0.2,17.42,18.7,18.71,18.14,5.0,0.87,22.0,0.6,0.3,0.2,76.1,79.4,83.1,79.7,5.0,4.0,22.0,0.6,0.2,0.63,7.7,8.28,5.14,5.0,4.3,22.0,0.6,0.3,0.2,-5.39,-2.63,0.12,-2.72,5.0,3.0,22.0,0.6,0.3,0.2,-7.53,-0.94,1.41,-2.48,5.0,5.06,22.0,0.6,0.3,0.2,1007.62,1007.8,1008.61,1008.04,5.0,0.6,22.0,0.6,0.3,0.2,5.0,6.5,8.0,6.5,4.0,1.7,20.0,0.5,0.3,0.3,-46.2,-20.3,0.1,-22.9,5.0,24.0,22.0,0.6,0.3,0.2,-62.7,-0.9,10.8,-20.4,5.0,43.4,22.0,0.6,0.3,0.2,1.0,1.0,1.82,1.4,3.0,0.69,20.0,0.7,0.3,0.1,0.3,1.0,5.6,2.9,3.0,4.2,20.0,0.7,0.3,0.1,6.45,6.6,7.16,6.8,3.0,0.55,20.0,0.7,0.3,0.1,2.0,6.4,41.0,21.2,3.0,31.3,20.0,0.7,0.3,0.1,-149.1,-73.7,3.5,-75.0,5.0,81.7,22.0,0.6,0.3,0.2,-212.4,-26.2,37.5,-71.1,5.0,141.2,22.0,0.6,0.3,0.2,-100.8,-46.9,2.3,-50.4,5.0,56.2,22.0,0.6,0.3,0.2,-136.9,-17.6,26.3,-45.0,5.0,93.1,22.0,0.6,0.3,0.2,-13.3,0.0,1.5,-5.8,3.0,12.0,20.0,0.7,0.3,0.1,-38.5,-6.0,-1.9,-19.9,3.0,29.4,20.0,0.7,0.3,0.1,0.5,456.5,583.5,343.5,5.0,344.0,22.0,0.6,0.3,0.2,0.0,455.0,585.0,345.0,5.0,345.0,22.0,0.6,0.3,0.2
1974,2,86.0,5.0,26.43,27.5,28.3,27.51,22.0,1.08,16.0,0.5,0.5,0.8,25.5,26.7,27.84,26.73,25.0,1.17,16.0,0.5,0.5,0.8,17.21,17.98,19.42,18.09,24.0,1.32,18.0,0.5,0.5,0.8,76.0,82.1,91.1,82.7,25.0,7.2,16.0,0.5,0.8,4.6,6.45,7.7,6.12,24.0,1.96,16.0,0.5,0.5,0.8,-4.98,-3.15,0.0,-2.93,24.0,2.32,16.0,0.5,0.5,0.8,-7.25,-4.77,-2.52,-4.45,24.0,2.82,16.0,0.5,0.5,0.8,1008.1,1009.3,1012.35,1010.08,24.0,2.16,18.0,0.5,0.5,0.8,4.5,6.0,8.0,6.1,23.0,1.7,16.0,0.6,0.5,0.8,-37.9,-16.8,0.0,-19.5,24.0,17.5,16.0,0.5,0.5,0.8,-53.8,-26.8,-10.8,-31.2,24.0,23.5,16.0,0.5,0.5,0.8,-0.43,0.95,2.2,0.81,22.0,1.52,16.0,0.5,0.5,0.8,-2.3,5.2,15.9,5.2,22.0,11.3,16.0,0.5,0.5,0.8,3.65,4.92,6.18,5.09,21.0,1.49,16.0,0.5,0.5,0.8,17.2,27.8,46.2,31.5,21.0,12.7,16.0,0.5,0.5,0.8,-138.4,-86.1,0.0,-78.2,24.0,60.9,16.0,0.5,0.5,0.8,-189.4,-124.5,-65.9,-118.5,24.0,74.6,16.0,0.5,0.5,0.8,-82.4,-59.8,0.0,-50.5,23.0,41.5,16.0,0.5,0.5,0.8,-126.1,-82.7,-43.5,-79.0,23.0,51.9,16.0,0.5,0.5,0.8,-21.0,-13.2,-1.4,-13.9,21.0,11.5,16.0,0.5,0.5,0.8,-44.7,-22.9,-10.0,-23.7,21.0,16.8,16.0,0.5,0.5,0.8,97.5,269.5,456.5,293.5,24.0,215.5,16.0,0.5,0.5,0.8,95.0,270.0,455.0,295.0,24.0,215.0,16.0,0.5,0.5,0.8
1974,2,86.0,6.0,26.51,27.6,28.42,27.47,3.0,1.4,8.0,1.0,0.8,0.0,25.84,27.0,28.37,27.1,3.0,1.85,8.0,1.0,0.8,0.0,19.24,19.88,20.47,19.86,3.0,0.9,8.0,1.0,0.8,0.0,83.3,85.2,94.1,88.6,3.0,8.4,8.0,1.0,0.0,4.61,5.7,6.38,5.5,3.0,1.31,8.0,1.0,0.8,0.0,-4.43,-3.35,-2.46,-3.45,3.0,1.45,8.0,1.0,0.8,0.0,-5.09,-3.55,-3.07,-4.07,3.0,1.54,8.0,1.0,0.8,0.0,1007.25,1007.8,1011.62,1009.4,3.0,3.49,8.0,1.0,0.8,0.0,6.0,6.0,6.0,6.0,2.0,0.0,6.0,1.0,0.7,0.0,-26.3,-22.4,-12.9,-19.7,3.0,10.2,8.0,1.0,0.8,0.0,-31.7,-16.2,-15.1,-23.2,3.0,13.6,8.0,1.0,0.8,0.0,0.05,0.6,0.67,0.37,3.0,0.49,8.0,1.0,0.8,0.0,0.0,2.5,4.0,2.0,3.0,2.9,8.0,1.0,0.8,0.0,2.16,4.15,4.19,3.2,3.0,1.7,8.0,1.0,0.8,0.0,11.0,17.0,21.8,16.4,3.0,7.9,8.0,1.0,0.8,0.0,-124.6,-84.8,-64.7,-94.4,3.0,44.7,8.0,1.0,0.8,0.0,-130.6,-95.9,-86.8,-108.4,3.0,33.9,8.0,1.0,0.8,0.0,-91.1,-66.6,-47.7,-69.3,3.0,31.9,8.0,1.0,0.8,0.0,-100.1,-67.3,-61.7,-80.6,3.0,30.4,8.0,1.0,0.8,0.0,-16.9,-8.5,-5.5,-11.1,3.0,8.6,8.0,1.0,0.8,0.0,-13.9,-12.0,-8.7,-11.3,3.0,3.8,8.0,1.0,0.8,0.0,106.0,185.0,264.0,185.0,3.0,116.0,8.0,1.0,0.8,0.0,105.0,185.0,265.0,185.0,3.0,115.0,8.0,1.0,0.8,0.0
1974,2,86.0,7.0,27.39,28.0,28.61,28.0,2.0,1.27,18.0,0.5,0.4,0.7,26.1,26.3,26.5,26.3,2.0,0.42,18.0,0.5,0.4,0.7,17.34,18.11,18.87,18.11,2.0,1.58,18.0,0.5,0.4,0.7,82.2,84.7,87.1,84.7,2.0,5.1,18.0,0.5,0.7,5.67,6.9,8.13,6.9,2.0,2.55,18.0,0.5,0.4,0.7,-5.51,-5.35,-5.18,-5.35,2.0,0.35,18.0,0.5,0.4,0.7,-5.61,-3.33,-1.06,-3.33,2.0,4.71,18.0,0.5,0.4,0.7,1011.27,1011.85,1012.43,1011.85,2.0,1.2,18.0,0.5,0.4,0.7,7.0,7.0,7.0,7.0,2.0,0.0,18.0,0.5,0.4,0.7,-45.1,-37.3,-29.6,-37.3,2.0,16.0,18.0,0.5,0.4,0.7,-48.8,-29.0,-9.2,-29.0,2.0,41.0,18.0,0.5,0.4,0.7,1.29,1.7,2.11,1.7,2.0,0.85,18.0,0.5,0.4,0.7,9.9,10.7,11.4,10.7,2.0,1.5,18.0,0.5,0.4,0.7,5.5,5.62,5.73,5.62,2.0,0.23,18.0,0.5,0.4,0.7,32.3,38.5,44.6,38.5,2.0,12.7,18.0,0.5,0.4,0.7,-143.9,-140.5,-137.2,-140.5,2.0,6.9,18.0,0.5,0.4,0.7,-145.8,-86.6,-27.5,-86.6,2.0,122.5,18.0,0.5,0.4,0.7,-97.6,-96.5,-95.5,-96.5,2.0,2.2,18.0,0.5,0.4,0.7,-95.2,-56.6,-18.0,-56.6,2.0,80.0,18.0,0.5,0.4,0.7,-30.3,-30.0,-29.6,-30.0,2.0,0.7,18.0,0.5,0.4,0.7,-30.6,-18.2,-5.8,-18.2,2.0,25.7,18.0,0.5,0.4,0.7,216.0,395.5,575.0,395.5,2.0,372.0,18.0,0.5,0.4,0.7,215.0,395.0,575.0,395.0,2.0,370.0,18.0,0.5,0.4,0.7
1974,2,86.0,12.0,26.5,26.5,26.5,26.5,1.0,0.0,26.0,1.0,0.2,0.9,27.0,27.0,27.0,27.0,1.0,0.0,26.0,1.0,0.2,0.9,17.09,17.09,17.09,17.09,1.0,0.0,26.0,1.0,0.2,0.9,76.9,76.9,76.9,76.9,1.0,0.0,26.0,1.0,0.9,3.1,3.1,3.1,3.1,1.0,0.0,26.0,1.0,0.2,0.9,-2.91,-2.91,-2.91,-2.91,1.0,0.0,26.0,1.0,0.2,0.9,-1.06,-1.06,-1.06,-1.06,1.0,0.0,26.0,1.0,0.2,0.9,1012.5,1012.5,1012.5,1012.5,1.0,0.0,26.0,1.0,0.2,0.9,2.0,2.0,2.0,2.0,1.0,0.0,26.0,1.0,0.2,0.9,-9.0,-9.0,-9.0,-9.0,1.0,0.0,26.0,1.0,0.2,0.9,-3.3,-3.3,-3.3,-3.3,1.0,0.0,26.0,1.0,0.2,0.9,-0.5,-0.5,-0.5,-0.5,1.0,0.0,26.0,1.0,0.2,0.9,-1.5,-1.5,-1.5,-1.5,1.0,0.0,26.0,1.0,0.2,0.9,4.56,4.56,4.56,4.56,1.0,0.0,26.0,1.0,0.2,0.9,14.1,14.1,14.1,14.1,1.0,0.0,26.0,1.0,0.2,0.9,-78.7,-78.7,-78.7,-78.7,1.0,0.0,26.0,1.0,0.2,0.9,-28.6,-28.6,-28.6,-28.6,1.0,0.0,26.0,1.0,0.2,0.9,-49.8,-49.8,-49.8,-49.8,1.0,0.0,26.0,1.0,0.2,0.9,-18.1,-18.1,-18.1,-18.1,1.0,0.0,26.0,1.0,0.2,0.9,-13.3,-13.3,-13.3,-13.3,1.0,0.0,26.0,1.0,0.2,0.9,-4.8,-4.8,-4.8,-4.8,1.0,0.0,26.0,1.0,0.2,0.9,30.0,30.0,30.0,30.0,1.0,0.0,26.0,1.0,0.2,0.9,30.0,30.0,30.0,30.0,1.0,0.0,26.0,1.0,0.2,0.9
1974,2,86.0,14.0,25.81,26.7,27.25,26.53,3.0,1.06,10.0,0.7,0.2,0.5,25.21,26.5,28.05,26.63,4.0,1.89,6.0,0.8,0.3,0.6,14.93,15.88,16.83,15.88,2.0,1.97,10.0,0.5,0.0,0.7,76.7,79.0,81.4,79.0,2.0,4.9,10.0,0.5,0.7,4.89,6.2,6.57,5.68,5.0,1.78,8.0,0.8,0.4,0.5,-4.66,-3.6,-2.92,-3.82,5.0,1.24,8.0,0.8,0.4,0.5,-5.69,-4.75,-1.35,-3.69,5.0,2.57,8.0,0.8,0.4,0.5,1010.82,1014.6,1015.32,1013.38,5.0,2.44,8.0,0.8,0.4,0.5,1.3,3.0,5.1,3.2,5.0,2.6,8.0,0.8,0.4,0.5,-29.6,-24.7,-14.7,-22.5,5.0,10.7,8.0,0.8,0.4,0.5,-37.5,-29.4,-8.3,-24.2,5.0,17.7,8.0,0.8,0.4,0.5,0.73,0.8,0.87,0.8,2.0,0.14,10.0,0.5,0.0,0.7,5.1,5.3,5.5,5.3,2.0,0.4,10.0,0.5,0.0,0.7,4.79,5.21,5.63,5.21,2.0,0.86,10.0,0.5,0.0,0.7,33.6,34.6,35.6,34.6,2.0,2.1,10.0,0.5,0.0,0.7,-100.9,-84.8,-75.7,-88.1,4.0,15.5,6.0,0.8,0.3,0.6,-147.6,-129.9,-61.1,-105.5,4.0,72.0,6.0,0.8,0.3,0.6,-59.4,-53.5,-47.7,-53.5,2.0,12.2,10.0,0.5,0.0,0.7,-102.9,-92.7,-82.5,-92.7,2.0,21.1,10.0,0.5,0.0,0.7,-17.8,-17.3,-16.8,-17.3,2.0,1.1,10.0,0.5,0.0,0.7,-30.8,-30.0,-29.1,-30.0,2.0,1.8,10.0,0.5,0.0,0.7,157.5,238.5,287.5,221.0,5.0,128.0,8.0,0.8,0.4,0.5,160.0,240.0,290.0,220.0,5.0,130.0,8.0,0.8,0.4,0.5
1974,2,86.0,15.0,,,,,,,,,,,,,,,,,,,,,,,,,,,,,,,,,,,,,,,,3.33,4.9,6.47,4.9,2.0,3.25,12.0,1.0,0.3,0.0,-4.21,-3.31,-2.41,-3.31,2.0,1.86,12.0,1.0,0.3,0.0,-4.91,-3.59,-2.28,-3.59,2.0,2.72,12.0,1.0,0.3,0.0,1009.72,1012.35,1014.98,1012.35,2.0,5.44,12.0,1.0,0.3,0.0,,,,,,,,,,,,,,,,,,,,,,,,,,,,,,,,,,,,,,,,,,,,,,,,,,,,,,,,,,,,,,,,,,,,,,,,,,,,,,,,,,,,,,,,,,,,,,,,,,,,,,,,,,,,,,,,,,,,,,,,,,,,,,,,,,,,,,,,,,,,,,,,,,,,,,
1974,2,86.0,16.0,26.0,26.0,26.0,26.0,1.0,0.0,8.0,0.0,0.8,0.1,24.6,24.6,24.6,24.6,1.0,0.0,8.0,0.0,0.8,0.1,13.94,13.94,13.94,13.94,1.0,0.0,8.0,0.0,0.8,0.1,72.3,72.3,72.3,72.3,1.0,0.0,8.0,0.0,0.1,2.6,2.6,2.6,2.6,1.0,0.0,8.0,0.0,0.8,0.1,-1.3,-1.3,-1.3,-1.3,1.0,0.0,8.0,0.0,0.8,0.1,-2.25,-2.25,-2.25,-2.25,1.0,0.0,8.0,0.0,0.8,0.1,1011.3,1011.3,1011.3,1011.3,1.0,0.0,8.0,0.0,0.8,0.1,1.0,1.0,1.0,1.0,1.0,0.0,8.0,0.0,0.8,0.1,-3.4,-3.4,-3.4,-3.4,1.0,0.0,8.0,0.0,0.8,0.1,-5.9,-5.9,-5.9,-5.9,1.0,0.0,8.0,0.0,0.8,0.1,1.4,1.4,1.4,1.4,1.0,0.0,8.0,0.0,0.8,0.1,3.6,3.6,3.6,3.6,1.0,0.0,8.0,0.0,0.8,0.1,7.1,7.1,7.1,7.1,1.0,0.0,8.0,0.0,0.8,0.1,18.5,18.5,18.5,18.5,1.0,0.0,8.0,0.0,0.8,0.1,-32.0,-32.0,-32.0,-32.0,1.0,0.0,8.0,0.0,0.8,0.1,-55.4,-55.4,-55.4,-55.4,1.0,0.0,8.0,0.0,0.8,0.1,-18.1,-18.1,-18.1,-18.1,1.0,0.0,8.0,0.0,0.8,0.1,-31.4,-31.4,-31.4,-31.4,1.0,0.0,8.0,0.0,0.8,0.1,-9.2,-9.2,-9.2,-9.2,1.0,0.0,8.0,0.0,0.8,0.1,-16.0,-16.0,-16.0,-16.0,1.0,0.0,8.0,0.0,0.8,0.1,17.5,17.5,17.5,17.5,1.0,0.0,8.0,0.0,0.8,0.1,20.0,20.0,20.0,20.0,1.0,0.0,8.0,0.0,0.8,0.1
1974,2,86.0,17.0,25.95,26.1,26.99,26.45,4.0,0.84,18.0,0.0,0.5,0.5,23.69,24.3,25.0,24.32,5.0,0.68,18.0,0.0,0.4,0.5,15.68,16.3,16.68,16.18,3.0,0.74,18.0,0.0,0.5,0.6,83.4,85.3,87.9,85.6,3.0,3.4,18.0,0.0,0.6,0.95,3.0,4.43,2.7,3.0,2.56,18.0,0.0,0.5,0.4,-0.7,0.0,0.0,-0.34,3.0,0.59,18.0,0.0,0.5,0.4,-4.38,-2.82,-0.89,-2.64,3.0,2.55,18.0,0.0,0.5,0.4,1011.69,1012.7,1014.37,1012.9,5.0,1.54,18.0,0.0,0.4,0.5,0.0,0.0,0.7,0.4,5.0,0.9,18.0,0.0,0.4,0.5,-2.1,0.0,0.0,-1.0,3.0,1.8,18.0,0.0,0.5,0.4,-20.4,-8.5,-2.7,-11.5,3.0,13.3,18.0,0.0,0.5,0.4,1.98,2.45,2.6,2.3,4.0,0.48,18.0,0.0,0.5,0.5,2.3,7.2,7.9,5.1,3.0,4.5,18.0,0.0,0.5,0.4,4.51,5.63,6.56,5.54,3.0,1.5,18.0,0.0,0.5,0.6,3.2,10.2,17.1,10.2,2.0,14.4,20.0,0.0,0.5,0.4,-16.7,0.0,0.0,-8.1,3.0,14.1,18.0,0.0,0.5,0.4,-105.9,-67.1,-21.3,-63.7,3.0,62.0,18.0,0.0,0.5,0.4,0.0,0.0,0.0,0.0,2.0,0.0,20.0,0.0,0.5,0.4,-72.3,-43.0,-13.6,-43.0,2.0,60.8,20.0,0.0,0.5,0.4,0.0,0.0,0.0,0.0,2.0,0.0,20.0,0.0,0.5,0.4,-17.1,-10.2,-3.2,-10.2,2.0,14.4,20.0,0.0,0.5,0.4,8.5,27.0,99.0,53.0,3.0,70.0,18.0,0.0,0.5,0.4,10.0,25.0,100.0,55.0,3.0,70.0,18.0,0.0,0.5,0.4
1974,2,86.0,18.0,,,,,,,,,,,,,,,,,,,,,,,,,,,,,,,,,,,,,,,,0.79,2.5,4.21,2.5,2.0,3.54,12.0,0.5,0.5,0.0,-3.22,-1.92,-0.61,-1.92,2.0,2.71,12.0,0.5,0.5,0.0,-2.7,-1.61,-0.51,-1.61,2.0,2.27,12.0,0.5,0.5,0.0,1009.75,1012.45,1015.15,1012.45,2.0,5.59,12.0,0.5,0.5,0.0,,,,,,,,,,,,,,,,,,,,,,,,,,,,,,,,,,,,,,,,,,,,,,,,,,,,,,,,,,,,,,,,,,,,,,,,,,,,,,,,,,,,,,,,,,,,,,,,,,,,,,,,,,,,,,,,,,,,,,,,,,,,,,,,,,,,,,,,,,,,,,,,,,,,,,
1974,2,86.0,19.0,,,,,,,,,,,,,,,,,,,,,,,,,,,,,,,,,,,,,,,,5.51,6.4,7.29,6.4,2.0,1.84,4.0,0.5,0.7,0.4,-5.58,-4.9,-4.22,-4.9,2.0,1.41,4.0,0.5,0.7,0.4,-4.68,-4.11,-3.54,-4.11,2.0,1.18,4.0,0.5,0.7,0.4,1011.81,1012.7,1013.52,1012.67,3.0,1.25,10.0,0.3,0.6,0.5,,,,,,,,,,,,,,,,,,,,,,,,,,,,,,,,,,,,,,,,,,,,,,,,,,,,,,,,,,,,,,,,,,,,,,,,,,,,,,,,,,,,,,,,,,,,,,,,,,,,,,,,,,,,,,,,,,,,,,,,,,,,,,,,,,,,,,,,,,,,,,,,,,,,,,
1974,2,87.0,-64.0,,,,,,,,,,,,,,,,,,,,,,,,,,,,,,,,,,,,,,,,4.0,4.0,4.0,4.0,1.0,0.0,20.0,1.0,0.4,0.2,-2.57,-2.57,-2.57,-2.57,1.0,0.0,20.0,1.0,0.4,0.2,3.06,3.06,3.06,3.06,1.0,0.0,20.0,1.0,0.4,0.2,972.6,972.6,972.6,972.6,1.0,0.0,20.0,1.0,0.4,0.2,,,,,,,,,,,,,,,,,,,,,,,,,,,,,,,,,,,,,,,,,,,,,,,,,,,,,,,,,,,,,,,,,,,,,,,,,,,,,,,,,,,,,,,,,,,,,,,,,,,,,,,,,,,,,,,,,,,,,,,,,,,,,,,,,,,,,,,,,,,,,,,,,,,,,,
1974,2,87.0,-56.0,2.1,2.1,2.1,2.1,1.0,0.0,8.0,1.0,0.4,0.1,3.0,3.0,3.0,3.0,1.0,0.0,8.0,1.0,0.4,0.1,4.74,4.74,4.74,4.74,1.0,0.0,8.0,1.0,0.4,0.1,98.6,98.6,98.6,98.6,1.0,0.0,8.0,1.0,0.1,12.3,12.3,12.3,12.3,1.0,0.0,8.0,1.0,0.4,0.1,12.3,12.3,12.3,12.3,1.0,0.0,8.0,1.0,0.4,0.1,0.0,0.0,0.0,0.0,1.0,0.0,8.0,1.0,0.4,0.1,988.2,988.2,988.2,988.2,1.0,0.0,8.0,1.0,0.4,0.1,7.0,7.0,7.0,7.0,1.0,0.0,8.0,1.0,0.4,0.1,151.3,151.3,151.3,151.3,1.0,0.0,8.0,1.0,0.4,0.1,0.0,0.0,0.0,0.0,1.0,0.0,8.0,1.0,0.4,0.1,-0.9,-0.9,-0.9,-0.9,1.0,0.0,8.0,1.0,0.4,0.1,-11.1,-11.1,-11.1,-11.1,1.0,0.0,8.0,1.0,0.4,0.1,-0.23,-0.23,-0.23,-0.23,1.0,0.0,8.0,1.0,0.4,0.1,-2.8,-2.8,-2.8,-2.8,1.0,0.0,8.0,1.0,0.4,0.1,36.9,36.9,36.9,36.9,1.0,0.0,8.0,1.0,0.4,0.1,0.0,0.0,0.0,0.0,1.0,0.0,8.0,1.0,0.4,0.1,58.3,58.3,58.3,58.3,1.0,0.0,8.0,1.0,0.4,0.1,0.0,0.0,0.0,0.0,1.0,0.0,8.0,1.0,0.4,0.1,-2.8,-2.8,-2.8,-2.8,1.0,0.0,8.0,1.0,0.4,0.1,0.0,0.0,0.0,0.0,1.0,0.0,8.0,1.0,0.4,0.1,1861.0,1861.0,1861.0,1861.0,1.0,0.0,8.0,1.0,0.4,0.1,1860.0,1860.0,1860.0,1860.0,1.0,0.0,8.0,1.0,0.4,0.1
1974,2,87.0,-55.0,2.13,2.2,2.27,2.2,2.0,0.14,8.0,1.0,0.6,0.6,2.33,2.4,2.47,2.4,2.0,0.14,8.0,1.0,0.6,0.6,4.0,4.22,4.44,4.22,2.0,0.45,8.0,1.0,0.6,0.6,89.1,92.9,96.8,92.9,2.0,8.0,8.0,1.0,0.6,8.27,9.5,10.73,9.5,2.0,2.55,8.0,1.0,0.6,0.6,8.06,9.1,10.14,9.1,2.0,2.15,8.0,1.0,0.6,0.6,-0.51,1.26,3.04,1.26,2.0,3.68,8.0,1.0,0.6,0.6,997.63,1002.65,1007.67,1002.65,2.0,10.39,8.0,1.0,0.6,0.6,8.0,8.0,8.0,8.0,2.0,0.0,8.0,1.0,0.6,0.6,68.2,89.2,110.2,89.2,2.0,43.6,8.0,1.0,0.6,0.6,-1.7,16.7,35.1,16.7,2.0,38.2,8.0,1.0,0.6,0.6,-0.34,-0.2,-0.06,-0.2,2.0,0.28,8.0,1.0,0.6,0.6,-2.6,-1.5,-0.5,-1.5,2.0,2.2,8.0,1.0,0.6,0.6,0.04,0.25,0.47,0.25,2.0,0.45,8.0,1.0,0.6,0.6,0.6,3.0,5.4,3.0,2.0,4.9,8.0,1.0,0.6,0.6,19.8,21.7,23.6,21.7,2.0,3.9,8.0,1.0,0.6,0.6,-1.4,2.8,6.9,2.8,2.0,8.6,8.0,1.0,0.6,0.6,35.5,37.9,40.3,37.9,2.0,5.0,8.0,1.0,0.6,0.6,-2.7,4.5,11.7,4.5,2.0,15.0,8.0,1.0,0.6,0.6,0.6,2.8,5.0,2.8,2.0,4.6,8.0,1.0,0.6,0.6,0.4,1.1,1.9,1.1,2.0,1.5,8.0,1.0,0.6,0.6,613.0,949.5,1286.5,949.5,2.0,697.5,8.0,1.0,0.6,0.6,615.0,950.0,1285.0,950.0,2.0,695.0,8.0,1.0,0.6,0.6
1974,2,87.0,-49.0,,,,,,,,,,,,,,,,,,,,,,,,,,,,,,,,,,,,,,,,,,,,,,,,,,,,,,,,,,,,,,,,,,,,,,,,,,,,,,,,3.0,3.0,3.0,3.0,1.0,0.0,20.0,1.0,0.6,0.7,19.9,19.9,19.9,19.9,1.0,0.0,20.0,1.0,0.6,0.7,7.2,7.2,7.2,7.2,1.0,0.0,20.0,1.0,0.6,0.7,,,,,,,,,,,,,,,,,,,,,,,,,,,,,,,,,,,,,,,,,,,,,,,,,,,,,,,,,,,,,,,,,,,,,,,,,,,,,,,,,,,,,,,,,,,,,,,,,,,,,,,,,,,,,,,,,,,,,,,,
1974,2,87.0,-43.0,,,,,,,,,,,,,,,,,,,,,,,,,,,,,,,,,,,,,,,,,,,,,,,,,,,,,,,,,,,,,,,,,,,,,,,,,,,,,,,,6.0,6.0,6.0,6.0,1.0,0.0,4.0,0.0,0.9,1.0,2.2,2.2,2.2,2.2,1.0,0.0,4.0,0.0,0.9,1.0,3.8,3.8,3.8,3.8,1.0,0.0,4.0,0.0,0.9,1.0,,,,,,,,,,,,,,,,,,,,,,,,,,,,,,,,,,,,,,,,,,,,,,,,,,,,,,,,,,,,,,,,,,,,,,,,,,,,,,,,,,,,,,,,,,,,,,,,,,,,,,,,,,,,,,,,,,,,,,,,
1974,2,87.0,-42.0,13.0,13.0,13.0,13.0,1.0,0.0,14.0,1.0,0.5,0.9,11.3,11.3,11.3,11.3,1.0,0.0,14.0,1.0,0.5,0.9,5.47,5.47,5.47,5.47,1.0,0.0,14.0,1.0,0.5,0.9,67.0,67.0,67.0,67.0,1.0,0.0,14.0,1.0,0.9,5.1,5.1,5.1,5.1,1.0,0.0,14.0,1.0,0.5,0.9,0.89,0.89,0.89,0.89,1.0,0.0,14.0,1.0,0.5,0.9,5.02,5.02,5.02,5.02,1.0,0.0,14.0,1.0,0.5,0.9,1027.1,1027.1,1027.1,1027.1,1.0,0.0,14.0,1.0,0.5,0.9,7.0,7.0,7.0,7.0,1.0,0.0,14.0,1.0,0.5,0.9,4.5,4.5,4.5,4.5,1.0,0.0,14.0,1.0,0.5,0.9,25.6,25.6,25.6,25.6,1.0,0.0,14.0,1.0,0.5,0.9,1.7,1.7,1.7,1.7,1.0,0.0,14.0,1.0,0.5,0.9,8.7,8.7,8.7,8.7,1.0,0.0,14.0,1.0,0.5,0.9,3.68,3.68,3.68,3.68,1.0,0.0,14.0,1.0,0.5,0.9,18.8,18.8,18.8,18.8,1.0,0.0,14.0,1.0,0.5,0.9,10.0,10.0,10.0,10.0,1.0,0.0,14.0,1.0,0.5,0.9,56.8,56.8,56.8,56.8,1.0,0.0,14.0,1.0,0.5,0.9,4.8,4.8,4.8,4.8,1.0,0.0,14.0,1.0,0.5,0.9,27.5,27.5,27.5,27.5,1.0,0.0,14.0,1.0,0.5,0.9,3.3,3.3,3.3,3.3,1.0,0.0,14.0,1.0,0.5,0.9,18.5,18.5,18.5,18.5,1.0,0.0,14.0,1.0,0.5,0.9,132.5,132.5,132.5,132.5,1.0,0.0,14.0,1.0,0.5,0.9,135.0,135.0,135.0,135.0,1.0,0.0,14.0,1.0,0.5,0.9
1974,2,87.0,-40.0,15.16,15.5,15.84,15.5,2.0,0.71,6.0,1.0,0.4,0.6,12.38,13.85,15.32,13.85,2.0,3.04,6.0,1.0,0.4,0.6,6.49,7.67,8.85,7.67,2.0,2.45,6.0,1.0,0.4,0.6,73.2,78.0,82.9,78.0,2.0,10.0,6.0,1.0,0.6,2.58,3.6,4.62,3.6,2.0,2.12,6.0,1.0,0.4,0.6,-0.58,0.08,0.74,0.08,2.0,1.37,6.0,1.0,0.4,0.6,-0.73,1.6,3.94,1.6,2.0,4.84,6.0,1.0,0.4,0.6,1029.78,1031.45,1033.12,1031.45,2.0,3.46,6.0,1.0,0.4,0.6,3.5,4.5,5.5,4.5,2.0,2.1,6.0,1.0,0.4,0.6,-3.4,-1.2,1.1,-1.2,2.0,4.8,6.0,1.0,0.4,0.6,0.9,10.9,20.9,10.9,2.0,20.8,6.0,1.0,0.4,0.6,-0.16,1.65,3.46,1.65,2.0,3.75,6.0,1.0,0.4,0.6,1.7,9.9,18.1,9.9,2.0,17.0,6.0,1.0,0.4,0.6,1.63,3.07,4.5,3.07,2.0,2.97,6.0,1.0,0.4,0.6,5.9,14.2,22.5,14.2,2.0,17.2,6.0,1.0,0.4,0.6,-6.1,3.2,12.5,3.2,2.0,19.2,6.0,1.0,0.4,0.6,-15.2,14.8,44.8,14.8,2.0,62.1,6.0,1.0,0.4,0.6,-2.9,2.3,7.5,2.3,2.0,10.7,6.0,1.0,0.4,0.6,-9.6,6.4,22.4,6.4,2.0,33.2,6.0,1.0,0.4,0.6,-3.7,-1.8,0.1,-1.8,2.0,4.0,6.0,1.0,0.4,0.6,2.6,12.1,21.6,12.1,2.0,19.6,6.0,1.0,0.4,0.6,29.0,71.0,113.0,71.0,2.0,87.0,6.0,1.0,0.4,0.6,30.0,70.0,115.0,70.0,2.0,85.0,6.0,1.0,0.4,0.6
1974,2,87.0,-33.0,19.9,20.75,21.6,20.75,2.0,1.77,6.0,0.5,0.1,0.2,18.23,18.95,19.67,18.95,2.0,1.48,6.0,0.5,0.1,0.2,7.82,8.6,9.39,8.6,2.0,1.63,6.0,0.5,0.1,0.2,60.9,63.9,66.9,63.9,2.0,6.3,6.0,0.5,0.2,4.51,5.4,6.29,5.4,2.0,1.84,6.0,0.5,0.1,0.2,-4.96,-4.59,-4.21,-4.59,2.0,0.77,6.0,0.5,0.1,0.2,1.28,2.51,3.74,2.51,2.0,2.54,6.0,0.5,0.1,0.2,1027.15,1027.9,1028.65,1027.9,2.0,1.56,6.0,0.5,0.1,0.2,5.3,6.0,6.7,6.0,2.0,1.4,6.0,0.5,0.1,0.2,-31.6,-25.5,-19.4,-25.5,2.0,12.6,6.0,0.5,0.1,0.2,7.0,15.9,24.7,15.9,2.0,18.3,6.0,0.5,0.1,0.2,1.66,1.8,1.94,1.8,2.0,0.28,6.0,0.5,0.1,0.2,8.6,9.5,10.3,9.5,2.0,1.8,6.0,0.5,0.1,0.2,6.45,6.45,6.45,6.45,2.0,0.0,6.0,0.5,0.1,0.2,29.1,34.8,40.6,34.8,2.0,11.9,6.0,0.5,0.1,0.2,-90.1,-86.3,-82.5,-86.3,2.0,7.9,6.0,0.5,0.1,0.2,24.2,45.7,67.1,45.7,2.0,44.4,6.0,0.5,0.1,0.2,-39.2,-38.8,-38.4,-38.8,2.0,0.8,6.0,0.5,0.1,0.2,10.9,19.5,28.1,19.5,2.0,17.8,6.0,0.5,0.1,0.2,-32.0,-29.6,-27.2,-29.6,2.0,5.0,6.0,0.5,0.1,0.2,8.3,16.2,24.1,16.2,2.0,16.4,6.0,0.5,0.1,0.2,105.5,185.0,264.0,185.0,2.0,164.0,6.0,0.5,0.1,0.2,105.0,185.0,265.0,185.0,2.0,165.0,6.0,0.5,0.1,0.2
1974,2,87.0,-32.0,19.1,19.1,19.1,19.1,1.0,0.0,16.0,0.0,0.7,0.1,21.5,21.5,21.5,21.5,1.0,0.0,16.0,0.0,0.7,0.1,11.25,11.25,11.25,11.25,1.0,0.0,16.0,0.0,0.7,0.1,71.3,71.3,71.3,71.3,1.0,0.0,16.0,0.0,0.1,6.7,6.7,6.7,6.7,1.0,0.0,16.0,0.0,0.7,0.1,-6.7,-6.7,-6.7,-6.7,1.0,0.0,16.0,0.0,0.7,0.1,0.0,0.0,0.0,0.0,1.0,0.0,16.0,0.0,0.7,0.1,1023.0,1023.0,1023.0,1023.0,1.0,0.0,16.0,0.0,0.7,0.1,1.0,1.0,1.0,1.0,1.0,0.0,16.0,0.0,0.7,0.1,-44.9,-44.9,-44.9,-44.9,1.0,0.0,16.0,0.0,0.7,0.1,0.0,0.0,0.0,0.0,1.0,0.0,16.0,0.0,0.7,0.1,-2.4,-2.4,-2.4,-2.4,1.0,0.0,16.0,0.0,0.7,0.1,-16.1,-16.1,-16.1,-16.1,1.0,0.0,16.0,0.0,0.7,0.1,2.36,2.36,2.36,2.36,1.0,0.0,16.0,0.0,0.7,0.1,15.8,15.8,15.8,15.8,1.0,0.0,16.0,0.0,0.7,0.1,-144.0,-144.0,-144.0,-144.0,1.0,0.0,16.0,0.0,0.7,0.1,0.0,0.0,0.0,0.0,1.0,0.0,16.0,0.0,0.7,0.1,-75.3,-75.3,-75.3,-75.3,1.0,0.0,16.0,0.0,0.7,0.1,0.0,0.0,0.0,0.0,1.0,0.0,16.0,0.0,0.7,0.1,-15.8,-15.8,-15.8,-15.8,1.0,0.0,16.0,0.0,0.7,0.1,0.0,0.0,0.0,0.0,1.0,0.0,16.0,0.0,0.7,0.1,301.0,301.0,301.0,301.0,1.0,0.0,16.0,0.0,0.7,0.1,300.0,300.0,300.0,300.0,1.0,0.0,16.0,0.0,0.7,0.1
1974,2,87.0,-31.0,18.73,20.3,20.78,19.77,3.0,1.57,14.0,0.7,0.3,0.6,18.58,19.6,19.67,19.13,3.0,0.9,14.0,0.7,0.3,0.6,12.0,12.18,12.36,12.18,2.0,0.37,16.0,0.5,0.4,0.6,85.5,86.6,87.7,86.6,2.0,2.3,16.0,0.5,0.6,6.68,7.7,8.79,7.73,3.0,1.55,14.0,0.7,0.3,0.6,-8.55,-7.24,-5.54,-7.05,3.0,2.21,14.0,0.7,0.3,0.6,-2.21,1.61,2.31,0.09,3.0,3.56,14.0,0.7,0.3,0.6,1023.31,1024.2,1025.84,1024.57,3.0,1.88,14.0,0.7,0.3,0.6,8.0,8.0,8.0,8.0,3.0,0.0,14.0,0.7,0.3,0.6,-75.8,-55.7,-37.8,-56.8,3.0,27.9,14.0,0.7,0.3,0.6,-12.1,15.0,18.6,3.5,3.0,24.6,14.0,0.7,0.3,0.6,-0.68,1.3,1.91,0.63,3.0,1.99,14.0,0.7,0.3,0.6,-3.6,10.0,17.1,6.9,3.0,15.4,14.0,0.7,0.3,0.6,1.11,1.82,2.54,1.82,2.0,1.47,16.0,0.5,0.4,0.6,7.6,13.5,19.3,13.5,2.0,12.2,16.0,0.5,0.4,0.6,-158.4,-142.5,-108.8,-133.8,3.0,37.1,14.0,0.7,0.3,0.6,-44.0,29.2,44.7,1.0,3.0,69.4,14.0,0.7,0.3,0.6,-84.7,-73.3,-61.9,-73.3,2.0,23.6,16.0,0.5,0.4,0.6,-34.7,-7.4,20.0,-7.4,2.0,56.7,16.0,0.5,0.4,0.6,-18.0,-12.2,-6.4,-12.2,2.0,12.0,16.0,0.5,0.4,0.6,-1.4,2.2,5.9,2.2,2.0,7.5,16.0,0.5,0.4,0.6,307.5,456.5,694.0,499.5,3.0,285.5,14.0,0.7,0.3,0.6,310.0,455.0,695.0,500.0,3.0,285.0,14.0,0.7,0.3,0.6
1974,2,87.0,-28.0,21.8,21.8,21.8,21.8,1.0,0.0,2.0,1.0,0.0,0.4,23.8,23.8,23.8,23.8,1.0,0.0,2.0,1.0,0.0,0.4,11.65,11.65,11.65,11.65,1.0,0.0,2.0,1.0,0.0,0.4,63.6,63.6,63.6,63.6,1.0,0.0,2.0,1.0,0.4,3.1,3.1,3.1,3.1,1.0,0.0,2.0,1.0,0.0,0.4,-2.37,-2.37,-2.37,-2.37,1.0,0.0,2.0,1.0,0.0,0.4,1.99,1.99,1.99,1.99,1.0,0.0,2.0,1.0,0.0,0.4,1013.4,1013.4,1013.4,1013.4,1.0,0.0,2.0,1.0,0.0,0.4,7.0,7.0,7.0,7.0,1.0,0.0,2.0,1.0,0.0,0.4,-7.4,-7.4,-7.4,-7.4,1.0,0.0,2.0,1.0,0.0,0.4,6.2,6.2,6.2,6.2,1.0,0.0,2.0,1.0,0.0,0.4,-2.0,-2.0,-2.0,-2.0,1.0,0.0,2.0,1.0,0.0,0.4,-6.2,-6.2,-6.2,-6.2,1.0,0.0,2.0,1.0,0.0,0.4,4.61,4.61,4.61,4.61,1.0,0.0,2.0,1.0,0.0,0.4,14.3,14.3,14.3,14.3,1.0,0.0,2.0,1.0,0.0,0.4,-56.5,-56.5,-56.5,-56.5,1.0,0.0,2.0,1.0,0.0,0.4,47.4,47.4,47.4,47.4,1.0,0.0,2.0,1.0,0.0,0.4,-27.7,-27.7,-27.7,-27.7,1.0,0.0,2.0,1.0,0.0,0.4,23.2,23.2,23.2,23.2,1.0,0.0,2.0,1.0,0.0,0.4,-10.9,-10.9,-10.9,-10.9,1.0,0.0,2.0,1.0,0.0,0.4,9.2,9.2,9.2,9.2,1.0,0.0,2.0,1.0,0.0,0.4,30.0,30.0,30.0,30.0,1.0,0.0,2.0,1.0,0.0,0.4,30.0,30.0,30.0,30.0,1.0,0.0,2.0,1.0,0.0,0.4
1974,2,87.0,-27.0,22.3,22.3,22.3,22.3,1.0,0.0,6.0,0.0,0.5,0.3,21.5,21.5,21.5,21.5,1.0,0.0,6.0,0.0,0.5,0.3,13.52,13.52,13.52,13.52,1.0,0.0,6.0,0.0,0.5,0.3,85.7,85.7,85.7,85.7,1.0,0.0,6.0,0.0,0.3,8.2,8.2,8.2,8.2,1.0,0.0,6.0,0.0,0.5,0.3,-8.08,-8.08,-8.08,-8.08,1.0,0.0,6.0,0.0,0.5,0.3,1.42,1.42,1.42,1.42,1.0,0.0,6.0,0.0,0.5,0.3,1023.3,1023.3,1023.3,1023.3,1.0,0.0,6.0,0.0,0.5,0.3,3.0,3.0,3.0,3.0,1.0,0.0,6.0,0.0,0.5,0.3,-66.2,-66.2,-66.2,-66.2,1.0,0.0,6.0,0.0,0.5,0.3,11.7,11.7,11.7,11.7,1.0,0.0,6.0,0.0,0.5,0.3,0.8,0.8,0.8,0.8,1.0,0.0,6.0,0.0,0.5,0.3,6.6,6.6,6.6,6.6,1.0,0.0,6.0,0.0,0.5,0.3,3.08,3.08,3.08,3.08,1.0,0.0,6.0,0.0,0.5,0.3,25.3,25.3,25.3,25.3,1.0,0.0,6.0,0.0,0.5,0.3,-173.6,-173.6,-173.6,-173.6,1.0,0.0,6.0,0.0,0.5,0.3,30.6,30.6,30.6,30.6,1.0,0.0,6.0,0.0,0.5,0.3,-109.2,-109.2,-109.2,-109.2,1.0,0.0,6.0,0.0,0.5,0.3,19.3,19.3,19.3,19.3,1.0,0.0,6.0,0.0,0.5,0.3,-24.9,-24.9,-24.9,-24.9,1.0,0.0,6.0,0.0,0.5,0.3,4.4,4.4,4.4,4.4,1.0,0.0,6.0,0.0,0.5,0.3,551.5,551.5,551.5,551.5,1.0,0.0,6.0,0.0,0.5,0.3,550.0,550.0,550.0,550.0,1.0,0.0,6.0,0.0,0.5,0.3
1974,2,87.0,-26.0,22.8,22.8,22.8,22.8,1.0,0.0,8.0,1.0,0.2,0.8,21.8,21.8,21.8,21.8,1.0,0.0,8.0,1.0,0.2,0.8,12.22,12.22,12.22,12.22,1.0,0.0,8.0,1.0,0.2,0.8,75.6,75.6,75.6,75.6,1.0,0.0,8.0,1.0,0.8,,,,,,,,,,,,,,,,,,,,,,,,,,,,,,,,,,,,,,,,,,,,,,,,,,,,,,,,,,,,,,,,,,,,,,,,,,,,,,,,,,,,,,,,,,,,,,,,,,,,,,,,,,,,,,,,,,,,,,,,,,,,,,,,,,,,,,,,,,,,,,,,,,,,,,,,,,,,,,,,,,,,,,,,,,,,,,,,,,,,,,,,,,,,,,
1974,2,87.0,-25.0,23.33,23.6,23.87,23.6,2.0,0.57,4.0,1.0,0.6,0.7,21.8,21.8,21.94,21.87,3.0,0.12,6.0,1.0,0.4,0.8,12.3,12.52,13.14,12.72,3.0,0.64,6.0,1.0,0.4,0.8,76.2,77.5,80.6,78.4,3.0,3.3,6.0,1.0,0.8,6.86,7.2,7.54,7.2,3.0,0.5,6.0,1.0,0.4,0.8,-4.97,-4.63,-0.56,-2.81,3.0,3.6,6.0,1.0,0.4,0.8,4.69,5.52,6.93,5.8,3.0,1.66,6.0,1.0,0.4,0.8,1017.25,1017.8,1018.28,1017.77,3.0,0.75,6.0,1.0,0.4,0.8,5.0,7.0,7.0,6.0,3.0,1.7,6.0,1.0,0.4,0.8,-34.0,-33.3,-3.5,-19.1,3.0,25.5,6.0,1.0,0.4,0.8,32.3,39.7,52.5,42.3,3.0,14.9,6.0,1.0,0.4,0.8,1.36,1.7,2.04,1.7,2.0,0.71,4.0,1.0,0.6,0.7,10.0,12.8,15.6,12.8,2.0,5.9,4.0,1.0,0.6,0.7,4.55,5.27,5.98,5.27,2.0,1.48,4.0,1.0,0.6,0.7,33.3,39.5,45.7,39.5,2.0,12.9,4.0,1.0,0.6,0.7,-108.7,-101.8,-12.4,-61.5,3.0,78.7,6.0,1.0,0.4,0.8,102.6,121.3,151.4,126.8,3.0,36.0,6.0,1.0,0.4,0.8,-63.6,-62.2,-8.6,-36.7,3.0,45.9,6.0,1.0,0.4,0.8,60.3,74.1,86.7,73.5,3.0,19.3,6.0,1.0,0.4,0.8,-15.1,-5.5,4.0,-5.5,2.0,19.8,4.0,1.0,0.6,0.7,27.2,35.6,44.0,35.6,2.0,17.4,4.0,1.0,0.6,0.7,324.0,373.0,430.0,377.0,3.0,78.0,6.0,1.0,0.4,0.8,325.0,375.0,430.0,375.0,3.0,80.0,6.0,1.0,0.4,0.8
1974,2,87.0,-20.0,25.0,25.0,25.0,25.0,1.0,0.0,28.0,1.0,0.8,0.6,25.0,25.0,25.0,25.0,1.0,0.0,28.0,1.0,0.8,0.6,13.67,13.67,13.67,13.67,1.0,0.0,28.0,1.0,0.8,0.6,69.3,69.3,69.3,69.3,1.0,0.0,28.0,1.0,0.6,,,,,,,,,,,,,,,,,,,,,,,,,,,,,,,,,,,,,,,,,,,,,,,,,,,,,,,,,,,,,,,,,,,,,,,,,,,,,,,,,,,,,,,,,,,,,,,,,,,,,,,,,,,,,,,,,,,,,,,,,,,,,,,,,,,,,,,,,,,,,,,,,,,,,,,,,,,,,,,,,,,,,,,,,,,,,,,,,,,,,,,,,,,,,,
1974,2,87.0,-18.0,26.78,27.2,27.68,27.22,5.0,0.59,16.0,0.6,0.4,0.8,25.32,26.8,27.24,26.36,5.0,1.05,16.0,0.6,0.4,0.8,17.58,18.87,19.09,18.29,5.0,1.45,16.0,0.6,0.4,0.8,81.2,84.2,88.3,84.8,5.0,4.7,16.0,0.6,0.8,7.53,9.3,9.98,8.77,3.0,1.86,12.0,0.7,0.1,0.8,-9.8,-8.74,-7.28,-8.55,3.0,1.86,12.0,0.7,0.1,0.8,0.37,1.16,2.54,1.45,3.0,1.61,12.0,0.7,0.1,0.8,1004.97,1006.5,1010.24,1007.4,5.0,2.87,16.0,0.6,0.4,0.8,3.3,4.0,5.7,4.4,5.0,1.8,16.0,0.6,0.4,0.8,-98.2,-81.3,-56.0,-77.2,3.0,31.1,12.0,0.7,0.1,0.8,2.5,7.8,22.7,12.5,3.0,15.3,12.0,0.7,0.1,0.8,-0.34,0.0,2.5,0.86,5.0,1.5,16.0,0.6,0.4,0.8,6.0,23.3,25.0,15.7,3.0,15.4,12.0,0.7,0.1,0.8,3.25,3.69,5.83,4.44,5.0,1.82,16.0,0.6,0.4,0.8,31.6,46.3,66.2,48.8,3.0,25.4,12.0,0.7,0.1,0.8,-246.5,-222.8,-193.7,-220.2,3.0,38.8,12.0,0.7,0.1,0.8,10.1,31.8,65.4,37.6,3.0,40.9,12.0,0.7,0.1,0.8,-164.0,-161.9,-135.4,-150.0,3.0,23.4,12.0,0.7,0.1,0.8,6.9,21.7,47.9,27.2,3.0,30.4,12.0,0.7,0.1,0.8,-65.3,-43.5,-30.4,-47.8,3.0,25.8,12.0,0.7,0.1,0.8,1.4,4.3,12.2,6.7,3.0,8.2,12.0,0.7,0.1,0.8,460.5,804.5,1001.0,732.5,3.0,401.0,12.0,0.7,0.1,0.8,460.0,805.0,1000.0,735.0,3.0,400.0,12.0,0.7,0.1,0.8
1974,2,87.0,-17.0,26.66,27.0,28.02,27.33,3.0,1.04,4.0,0.7,0.7,0.4,24.25,24.8,25.62,24.93,3.0,1.01,4.0,0.7,0.7,0.4,16.36,17.57,18.77,17.57,3.0,1.76,4.0,0.7,0.7,0.4,84.4,92.0,93.5,89.0,3.0,7.1,4.0,0.7,0.4,9.3,9.3,12.1,10.67,3.0,2.37,4.0,0.7,0.7,0.4,-11.96,-9.3,-8.92,-10.41,3.0,2.43,4.0,0.7,0.7,0.4,0.74,2.33,2.91,1.84,3.0,1.65,4.0,0.7,0.7,0.4,1009.98,1011.0,1011.55,1010.77,3.0,1.17,4.0,0.7,0.7,0.4,7.0,7.0,7.0,7.0,3.0,0.0,4.0,0.7,0.7,0.4,-148.2,-86.5,-82.9,-114.9,3.0,53.7,4.0,0.7,0.7,0.4,9.4,29.6,30.7,20.3,3.0,17.6,4.0,0.7,0.7,0.4,2.3,2.5,2.5,2.4,3.0,0.17,4.0,0.7,0.7,0.4,21.3,23.3,30.2,25.7,3.0,6.9,4.0,0.7,0.7,0.4,4.44,5.08,6.08,5.26,3.0,1.21,4.0,0.7,0.7,0.4,49.9,55.6,59.2,54.5,3.0,6.9,4.0,0.7,0.7,0.4,-289.4,-230.6,-228.3,-258.2,3.0,50.7,4.0,0.7,0.7,0.4,17.7,55.8,74.2,46.2,3.0,42.2,4.0,0.7,0.7,0.4,-211.9,-168.9,-153.9,-182.6,3.0,44.1,4.0,0.7,0.7,0.4,13.0,40.9,54.9,34.1,3.0,31.3,4.0,0.7,0.7,0.4,-58.9,-54.7,-47.7,-53.3,3.0,8.3,4.0,0.7,0.7,0.4,3.1,9.6,14.1,8.6,3.0,8.1,4.0,0.7,0.7,0.4,804.5,804.5,1897.5,1338.5,3.0,925.0,4.0,0.7,0.7,0.4,805.0,805.0,1900.0,1340.0,3.0,925.0,4.0,0.7,0.7,0.4
1974,2,87.0,-11.0,27.2,27.2,27.2,27.2,1.0,0.0,28.0,1.0,0.5,0.5,29.7,29.7,29.7,29.7,1.0,0.0,28.0,1.0,0.5,0.5,21.24,21.24,21.24,21.24,1.0,0.0,28.0,1.0,0.5,0.5,81.0,81.0,81.0,81.0,1.0,0.0,28.0,1.0,0.5,1.5,1.5,1.5,1.5,1.0,0.0,28.0,1.0,0.5,0.5,-1.15,-1.15,-1.15,-1.15,1.0,0.0,28.0,1.0,0.5,0.5,-0.96,-0.96,-0.96,-0.96,1.0,0.0,28.0,1.0,0.5,0.5,1008.0,1008.0,1008.0,1008.0,1.0,0.0,28.0,1.0,0.5,0.5,3.0,3.0,3.0,3.0,1.0,0.0,28.0,1.0,0.5,0.5,-1.7,-1.7,-1.7,-1.7,1.0,0.0,28.0,1.0,0.5,0.5,-1.4,-1.4,-1.4,-1.4,1.0,0.0,28.0,1.0,0.5,0.5,-2.5,-2.5,-2.5,-2.5,1.0,0.0,28.0,1.0,0.5,0.5,-3.7,-3.7,-3.7,-3.7,1.0,0.0,28.0,1.0,0.5,0.5,1.44,1.44,1.44,1.44,1.0,0.0,28.0,1.0,0.5,0.5,2.2,2.2,2.2,2.2,1.0,0.0,28.0,1.0,0.5,0.5,-34.1,-34.1,-34.1,-34.1,1.0,0.0,28.0,1.0,0.5,0.5,-28.6,-28.6,-28.6,-28.6,1.0,0.0,28.0,1.0,0.5,0.5,-24.4,-24.4,-24.4,-24.4,1.0,0.0,28.0,1.0,0.5,0.5,-20.5,-20.5,-20.5,-20.5,1.0,0.0,28.0,1.0,0.5,0.5,-1.7,-1.7,-1.7,-1.7,1.0,0.0,28.0,1.0,0.5,0.5,-1.4,-1.4,-1.4,-1.4,1.0,0.0,28.0,1.0,0.5,0.5,3.5,3.5,3.5,3.5,1.0,0.0,28.0,1.0,0.5,0.5,5.0,5.0,5.0,5.0,1.0,0.0,28.0,1.0,0.5,0.5
1974,2,87.0,-9.0,26.91,28.0,28.68,27.8,3.0,1.31,10.0,0.3,0.5,0.7,25.79,26.4,26.81,26.3,3.0,0.75,10.0,0.3,0.5,0.7,16.58,16.88,17.23,16.9,3.0,0.47,10.0,0.3,0.5,0.7,75.7,76.3,82.3,78.9,3.0,5.3,10.0,0.3,0.7,6.28,6.45,6.62,6.45,2.0,0.35,14.0,0.5,0.5,0.6,-3.96,0.01,3.98,0.01,2.0,8.22,14.0,0.5,0.5,0.6,-1.25,0.61,2.48,0.61,2.0,3.87,14.0,0.5,0.5,0.6,1007.12,1007.8,1008.07,1007.6,3.0,0.72,10.0,0.3,0.5,0.7,0.6,2.0,5.4,3.0,3.0,3.6,10.0,0.3,0.5,0.7,-27.0,-1.4,24.2,-1.4,2.0,53.0,14.0,0.5,0.5,0.6,-7.5,4.6,16.8,4.6,2.0,25.2,14.0,0.5,0.5,0.6,0.1,1.6,2.9,1.5,3.0,2.05,10.0,0.3,0.5,0.7,0.1,8.8,17.6,8.8,2.0,18.2,14.0,0.5,0.5,0.6,5.58,7.33,7.68,6.65,3.0,1.65,10.0,0.3,0.5,0.7,34.6,40.3,46.0,40.3,2.0,11.8,14.0,0.5,0.5,0.6,-108.2,-4.0,100.1,-4.0,2.0,215.8,14.0,0.5,0.5,0.6,-31.1,18.2,67.5,18.2,2.0,102.2,14.0,0.5,0.5,0.6,-66.3,1.7,69.7,1.7,2.0,140.9,14.0,0.5,0.5,0.6,-22.0,9.8,41.7,9.8,2.0,66.1,14.0,0.5,0.5,0.6,-16.0,9.0,34.1,9.0,2.0,51.9,14.0,0.5,0.5,0.6,-11.5,-0.3,10.8,-0.3,2.0,23.1,14.0,0.5,0.5,0.6,248.0,269.5,291.0,269.5,2.0,44.0,14.0,0.5,0.5,0.6,250.0,270.0,290.0,270.0,2.0,45.0,14.0,0.5,0.5,0.6
1974,2,87.0,-8.0,26.7,26.7,26.7,26.7,1.0,0.0,4.0,1.0,0.2,0.2,27.1,27.3,27.5,27.3,2.0,0.42,4.0,1.0,0.2,0.3,17.71,18.06,18.41,18.06,2.0,0.73,4.0,1.0,0.2,0.3,79.0,79.5,80.0,79.5,2.0,1.1,4.0,1.0,0.3,1.6,1.8,2.0,1.8,2.0,0.42,4.0,1.0,0.2,0.3,-0.35,-0.31,-0.28,-0.31,2.0,0.07,4.0,1.0,0.2,0.3,1.57,1.77,1.97,1.77,2.0,0.42,4.0,1.0,0.2,0.3,1009.3,1009.95,1010.6,1009.95,2.0,1.34,4.0,1.0,0.2,0.3,4.0,4.0,4.0,4.0,2.0,0.0,4.0,1.0,0.2,0.3,-0.7,-0.6,-0.5,-0.6,2.0,0.3,4.0,1.0,0.2,0.3,2.6,3.3,4.0,3.3,2.0,1.5,4.0,1.0,0.2,0.3,-0.9,-0.9,-0.9,-0.9,1.0,0.0,4.0,1.0,0.2,0.2,-1.3,-1.3,-1.3,-1.3,1.0,0.0,4.0,1.0,0.2,0.2,3.42,3.42,3.42,3.42,1.0,0.0,4.0,1.0,0.2,0.2,5.1,5.1,5.1,5.1,1.0,0.0,4.0,1.0,0.2,0.2,-9.4,-8.5,-7.6,-8.5,2.0,1.9,4.0,1.0,0.2,0.3,43.2,48.3,53.4,48.3,2.0,10.7,4.0,1.0,0.2,0.3,-6.2,-5.6,-5.1,-5.6,2.0,1.1,4.0,1.0,0.2,0.3,28.8,31.9,34.9,31.9,2.0,6.3,4.0,1.0,0.2,0.3,-0.9,-0.9,-0.9,-0.9,1.0,0.0,4.0,1.0,0.2,0.2,5.0,5.0,5.0,5.0,1.0,0.0,4.0,1.0,0.2,0.2,4.5,6.5,8.5,6.5,2.0,4.0,4.0,1.0,0.2,0.3,5.0,5.0,10.0,5.0,2.0,5.0,4.0,1.0,0.2,0.3
1974,2,87.0,-7.0,26.24,26.55,26.86,26.55,2.0,0.64,12.0,0.5,0.4,0.6,25.27,25.85,26.43,25.85,2.0,1.2,12.0,0.5,0.4,0.6,18.73,19.53,20.34,19.53,2.0,1.67,12.0,0.5,0.4,0.6,92.8,93.4,94.0,93.4,2.0,1.2,12.0,0.5,0.6,5.35,5.9,6.45,5.9,2.0,1.13,12.0,0.5,0.4,0.6,5.22,5.66,6.09,5.66,2.0,0.9,12.0,0.5,0.4,0.6,-2.07,-1.59,-1.11,-1.59,2.0,0.99,12.0,0.5,0.4,0.6,1008.73,1008.8,1008.87,1008.8,2.0,0.14,12.0,0.5,0.4,0.6,3.8,5.5,7.2,5.5,2.0,3.5,12.0,0.5,0.4,0.6,28.2,33.9,39.6,33.9,2.0,11.7,12.0,0.5,0.4,0.6,-13.6,-9.9,-6.2,-9.9,2.0,7.7,12.0,0.5,0.4,0.6,-0.19,0.7,1.59,0.7,2.0,1.84,12.0,0.5,0.4,0.6,-1.8,3.1,7.9,3.1,2.0,10.1,12.0,0.5,0.4,0.6,1.06,2.27,3.48,2.27,2.0,2.5,12.0,0.5,0.4,0.6,6.1,12.0,17.9,12.0,2.0,12.2,12.0,0.5,0.4,0.6,132.3,146.8,161.4,146.8,2.0,30.1,12.0,0.5,0.4,0.6,-55.0,-41.7,-28.3,-41.7,2.0,27.6,12.0,0.5,0.4,0.6,98.2,111.3,124.4,111.3,2.0,27.1,12.0,0.5,0.4,0.6,-42.5,-31.9,-21.2,-31.9,2.0,22.1,12.0,0.5,0.4,0.6,5.9,11.7,17.6,11.7,2.0,12.1,12.0,0.5,0.4,0.6,-3.2,-2.4,-1.5,-2.4,2.0,1.7,12.0,0.5,0.4,0.6,159.5,216.5,274.0,216.5,2.0,119.0,12.0,0.5,0.4,0.6,160.0,215.0,275.0,215.0,2.0,120.0,12.0,0.5,0.4,0.6
1974,2,87.0,-4.0,28.0,28.0,28.0,28.0,1.0,0.0,2.0,1.0,0.2,1.0,27.8,27.8,27.8,27.8,1.0,0.0,2.0,1.0,0.2,1.0,18.65,18.65,18.65,18.65,1.0,0.0,2.0,1.0,0.2,1.0,79.8,79.8,79.8,79.8,1.0,0.0,2.0,1.0,1.0,4.6,4.6,4.6,4.6,1.0,0.0,2.0,1.0,0.2,1.0,3.98,3.98,3.98,3.98,1.0,0.0,2.0,1.0,0.2,1.0,2.3,2.3,2.3,2.3,1.0,0.0,2.0,1.0,0.2,1.0,1010.9,1010.9,1010.9,1010.9,1.0,0.0,2.0,1.0,0.2,1.0,4.0,4.0,4.0,4.0,1.0,0.0,2.0,1.0,0.2,1.0,18.3,18.3,18.3,18.3,1.0,0.0,2.0,1.0,0.2,1.0,10.6,10.6,10.6,10.6,1.0,0.0,2.0,1.0,0.2,1.0,0.2,0.2,0.2,0.2,1.0,0.0,2.0,1.0,0.2,1.0,0.9,0.9,0.9,0.9,1.0,0.0,2.0,1.0,0.2,1.0,5.06,5.06,5.06,5.06,1.0,0.0,2.0,1.0,0.2,1.0,23.3,23.3,23.3,23.3,1.0,0.0,2.0,1.0,0.2,1.0,110.7,110.7,110.7,110.7,1.0,0.0,2.0,1.0,0.2,1.0,63.9,63.9,63.9,63.9,1.0,0.0,2.0,1.0,0.2,1.0,74.3,74.3,74.3,74.3,1.0,0.0,2.0,1.0,0.2,1.0,42.9,42.9,42.9,42.9,1.0,0.0,2.0,1.0,0.2,1.0,20.2,20.2,20.2,20.2,1.0,0.0,2.0,1.0,0.2,1.0,11.6,11.6,11.6,11.6,1.0,0.0,2.0,1.0,0.2,1.0,97.5,97.5,97.5,97.5,1.0,0.0,2.0,1.0,0.2,1.0,95.0,95.0,95.0,95.0,1.0,0.0,2.0,1.0,0.2,1.0
1974,2,87.0,-3.0,27.34,27.65,27.96,27.65,2.0,0.64,12.0,1.0,0.2,0.4,26.55,26.65,26.75,26.65,2.0,0.21,12.0,1.0,0.2,0.4,18.46,18.73,19.0,18.73,2.0,0.56,12.0,1.0,0.2,0.4,83.9,85.7,87.4,85.7,2.0,3.6,12.0,1.0,0.4,5.27,5.65,6.03,5.65,2.0,0.78,12.0,1.0,0.2,0.4,0.97,3.05,5.14,3.05,2.0,4.32,12.0,1.0,0.2,0.4,-0.1,2.01,4.12,2.01,2.0,4.37,12.0,1.0,0.2,0.4,1010.02,1010.05,1010.08,1010.05,2.0,0.07,12.0,1.0,0.2,0.4,6.2,6.5,6.8,6.5,2.0,0.7,12.0,1.0,0.2,0.4,6.0,18.9,31.8,18.9,2.0,26.8,12.0,1.0,0.2,0.4,-1.5,9.7,20.8,9.7,2.0,23.1,12.0,1.0,0.2,0.4,0.59,1.0,1.41,1.0,2.0,0.85,12.0,1.0,0.2,0.4,3.4,5.3,7.3,5.3,2.0,4.0,12.0,1.0,0.2,0.4,4.37,4.53,4.68,4.53,2.0,0.31,12.0,1.0,0.2,0.4,24.6,25.4,26.3,25.4,2.0,1.7,12.0,1.0,0.2,0.4,26.0,81.8,137.7,81.8,2.0,115.7,12.0,1.0,0.2,0.4,-2.8,53.1,109.1,53.1,2.0,116.0,12.0,1.0,0.2,0.4,17.8,56.0,94.2,56.0,2.0,79.1,12.0,1.0,0.2,0.4,-1.1,38.9,78.9,38.9,2.0,82.9,12.0,1.0,0.2,0.4,4.2,13.1,22.1,13.1,2.0,18.6,12.0,1.0,0.2,0.4,-0.1,9.8,19.6,9.8,2.0,20.4,12.0,1.0,0.2,0.4,149.5,185.5,221.5,185.5,2.0,74.5,12.0,1.0,0.2,0.4,150.0,185.0,220.0,185.0,2.0,75.0,12.0,1.0,0.2,0.4
1974,2,87.0,-2.0,,,,,,,,,,,,,,,,,,,,,,,,,,,,,,,,,,,,,,,,6.0,6.0,6.0,6.0,1.0,0.0,24.0,1.0,0.6,0.5,6.0,6.0,6.0,6.0,1.0,0.0,24.0,1.0,0.6,0.5,0.0,0.0,0.0,0.0,1.0,0.0,24.0,1.0,0.6,0.5,1006.36,1007.55,1008.74,1007.55,2.0,2.47,20.0,1.0,0.3,0.5,,,,,,,,,,,,,,,,,,,,,,,,,,,,,,,,,,,,,,,,,,,,,,,,,,,,,,,,,,,,,,,,,,,,,,,,,,,,,,,,,,,,,,,,,,,,,,,,,,,,,,,,,,,,,,,,,,,,,,,,,,,,,,,,,,,,,,,,,,,,,,,,,,,,,,
1974,2,87.0,-1.0,27.38,28.1,28.74,28.1,5.0,0.93,22.0,0.2,0.4,0.8,26.82,27.25,27.8,27.25,6.0,0.53,22.0,0.2,0.4,0.8,17.58,18.71,19.13,18.61,6.0,0.99,22.0,0.2,0.4,0.8,79.6,81.4,84.6,82.0,6.0,2.8,22.0,0.2,0.8,2.06,3.05,4.31,2.98,6.0,1.72,22.0,0.2,0.4,0.8,0.81,2.62,3.73,2.37,6.0,1.62,22.0,0.2,0.4,0.8,-2.61,-0.23,1.65,-0.37,6.0,2.02,22.0,0.2,0.4,0.8,1006.68,1008.2,1008.93,1008.13,6.0,1.46,22.0,0.2,0.4,0.8,2.8,4.0,4.2,3.7,6.0,1.0,22.0,0.2,0.4,0.8,2.4,7.5,16.2,9.2,6.0,8.2,22.0,0.2,0.4,0.8,-9.4,-0.6,5.5,-1.6,6.0,8.0,22.0,0.2,0.4,0.8,0.19,0.5,1.43,0.78,5.0,0.79,22.0,0.2,0.4,0.8,0.6,2.1,5.9,3.3,5.0,4.1,22.0,0.2,0.4,0.8,4.5,5.23,6.19,5.36,5.0,1.18,22.0,0.2,0.4,0.8,10.0,16.3,24.4,17.2,5.0,13.0,22.0,0.2,0.4,0.8,22.6,70.0,103.4,64.8,6.0,44.6,22.0,0.2,0.4,0.8,-71.8,-6.1,44.4,-10.4,6.0,55.7,22.0,0.2,0.4,0.8,15.3,47.5,74.2,44.9,6.0,31.3,22.0,0.2,0.4,0.8,-49.0,-4.2,30.2,-6.8,6.0,38.4,22.0,0.2,0.4,0.8,3.4,14.1,21.2,13.2,5.0,12.1,22.0,0.2,0.4,0.8,-16.0,0.0,8.3,-3.2,5.0,12.7,22.0,0.2,0.4,0.8,14.0,28.5,82.0,46.0,6.0,48.0,22.0,0.2,0.4,0.8,15.0,30.0,80.0,45.0,6.0,50.0,22.0,0.2,0.4,0.8
1974,2,87.0,0.0,27.6,28.15,29.5,28.39,20.0,1.22,16.0,0.4,0.5,0.5,26.8,27.6,28.49,27.62,20.0,1.46,16.0,0.4,0.5,0.5,17.51,18.28,19.0,18.26,14.0,0.91,16.0,0.4,0.5,0.5,77.5,79.9,84.0,79.8,14.0,4.7,16.0,0.4,0.5,2.37,3.6,6.78,4.21,17.0,2.71,16.0,0.4,0.5,0.5,0.0,2.44,5.08,2.64,17.0,3.13,16.0,0.4,0.5,0.5,-2.59,-1.3,1.55,-0.98,17.0,2.82,16.0,0.4,0.5,0.5,1006.6,1007.95,1008.5,1007.85,20.0,1.61,16.0,0.4,0.5,0.5,3.0,4.0,6.0,4.4,20.0,1.8,16.0,0.4,0.5,0.5,0.0,6.4,29.8,15.7,17.0,27.5,16.0,0.4,0.5,0.5,-8.5,-3.4,6.4,-4.6,17.0,22.7,16.0,0.4,0.5,0.5,-0.7,0.7,2.98,0.78,20.0,1.62,16.0,0.4,0.5,0.5,-3.0,2.2,11.8,4.6,17.0,9.6,16.0,0.4,0.5,0.5,4.84,5.74,8.61,6.21,14.0,1.68,16.0,0.4,0.5,0.5,14.4,16.2,37.1,25.9,13.0,23.6,16.0,0.4,0.5,0.5,0.0,65.5,139.9,73.7,17.0,87.1,16.0,0.4,0.5,0.5,-70.7,-36.4,44.6,-25.4,17.0,76.0,16.0,0.4,0.5,0.5,6.0,45.6,85.8,54.1,13.0,59.3,16.0,0.4,0.5,0.5,-45.3,-26.3,25.5,-12.8,13.0,37.5,16.0,0.4,0.5,0.5,2.9,14.2,30.4,20.0,13.0,24.6,16.0,0.4,0.5,0.5,-14.0,-7.5,7.3,-3.2,13.0,15.2,16.0,0.4,0.5,0.5,13.5,46.5,327.0,178.5,17.0,305.5,16.0,0.4,0.5,0.5,15.0,45.0,325.0,180.0,17.0,305.0,16.0,0.4,0.5,0.5
1974,2,87.0,1.0,27.66,28.4,29.0,28.33,6.0,0.74,18.0,0.7,0.7,0.4,27.14,27.65,28.19,27.72,6.0,0.7,18.0,0.7,0.7,0.4,17.86,18.35,18.54,18.24,5.0,0.38,18.0,0.6,0.8,0.3,74.2,78.8,81.6,78.0,6.0,4.5,18.0,0.7,0.4,2.6,3.1,4.15,3.53,7.0,0.93,16.0,0.7,0.7,0.4,0.43,2.37,3.17,1.85,7.0,1.88,16.0,0.7,0.7,0.4,-3.14,-0.45,2.02,-0.51,7.0,2.75,16.0,0.7,0.7,0.4,1008.7,1009.0,1009.69,1009.27,6.0,0.82,16.0,0.7,0.8,0.4,3.0,4.0,5.0,4.1,7.0,1.3,16.0,0.7,0.7,0.4,1.2,6.7,13.0,5.9,7.0,8.0,16.0,0.7,0.7,0.4,-10.2,-1.2,6.4,-2.2,7.0,11.9,16.0,0.7,0.7,0.4,-0.31,0.8,1.56,0.62,6.0,1.08,18.0,0.7,0.7,0.4,-0.8,3.3,4.8,2.3,6.0,3.2,18.0,0.7,0.7,0.4,4.85,6.52,7.34,6.16,5.0,1.3,18.0,0.6,0.8,0.3,16.7,20.2,25.4,21.0,5.0,6.3,18.0,0.6,0.8,0.3,54.7,68.2,91.2,68.0,6.0,30.1,18.0,0.7,0.7,0.4,-47.0,12.6,58.7,5.5,6.0,60.3,18.0,0.7,0.7,0.4,31.7,47.0,61.5,45.6,5.0,22.7,18.0,0.6,0.8,0.3,-25.2,25.9,40.8,9.4,5.0,41.4,18.0,0.6,0.8,0.3,9.5,15.5,19.8,14.6,5.0,7.1,18.0,0.6,0.8,0.3,-9.6,6.5,15.4,2.9,5.0,16.2,18.0,0.6,0.8,0.3,17.5,30.0,72.0,52.0,7.0,41.5,16.0,0.7,0.7,0.4,20.0,30.0,70.0,50.0,7.0,40.0,16.0,0.7,0.7,0.4
1974,2,87.0,2.0,27.4,27.4,27.4,27.4,1.0,0.0,2.0,0.0,0.0,0.7,27.2,27.2,27.2,27.2,1.0,0.0,2.0,0.0,0.0,0.7,18.32,18.32,18.32,18.32,1.0,0.0,2.0,0.0,0.0,0.7,81.2,81.2,81.2,81.2,1.0,0.0,2.0,0.0,0.7,3.1,3.1,3.1,3.1,1.0,0.0,2.0,0.0,0.0,0.7,-2.68,-2.68,-2.68,-2.68,1.0,0.0,2.0,0.0,0.0,0.7,1.55,1.55,1.55,1.55,1.0,0.0,2.0,0.0,0.0,0.7,1010.8,1010.8,1010.8,1010.8,1.0,0.0,2.0,0.0,0.0,0.7,5.0,5.0,5.0,5.0,1.0,0.0,2.0,0.0,0.0,0.7,-8.3,-8.3,-8.3,-8.3,1.0,0.0,2.0,0.0,0.0,0.7,4.8,4.8,4.8,4.8,1.0,0.0,2.0,0.0,0.0,0.7,0.2,0.2,0.2,0.2,1.0,0.0,2.0,0.0,0.0,0.7,0.6,0.6,0.6,0.6,1.0,0.0,2.0,0.0,0.0,0.7,4.57,4.57,4.57,4.57,1.0,0.0,2.0,0.0,0.0,0.7,14.2,14.2,14.2,14.2,1.0,0.0,2.0,0.0,0.0,0.7,-73.0,-73.0,-73.0,-73.0,1.0,0.0,2.0,0.0,0.0,0.7,42.2,42.2,42.2,42.2,1.0,0.0,2.0,0.0,0.0,0.7,-49.2,-49.2,-49.2,-49.2,1.0,0.0,2.0,0.0,0.0,0.7,28.4,28.4,28.4,28.4,1.0,0.0,2.0,0.0,0.0,0.7,-12.3,-12.3,-12.3,-12.3,1.0,0.0,2.0,0.0,0.0,0.7,7.1,7.1,7.1,7.1,1.0,0.0,2.0,0.0,0.0,0.7,30.0,30.0,30.0,30.0,1.0,0.0,2.0,0.0,0.0,0.7,30.0,30.0,30.0,30.0,1.0,0.0,2.0,0.0,0.0,0.7
1974,2,87.0,3.0,28.22,28.25,28.28,28.25,2.0,0.07,20.0,0.5,0.7,0.3,26.29,26.9,26.97,26.63,3.0,0.55,20.0,0.7,0.7,0.5,17.38,17.79,18.2,17.79,2.0,0.85,20.0,0.5,0.7,0.3,77.9,80.0,82.2,80.0,2.0,4.4,20.0,0.5,0.3,0.83,2.6,3.28,2.07,3.0,1.86,20.0,0.7,0.7,0.5,0.0,0.0,1.36,0.66,3.0,1.15,20.0,0.7,0.7,0.5,-2.46,0.0,1.14,-0.64,3.0,2.69,20.0,0.7,0.7,0.5,1007.95,1010.0,1012.05,1010.0,2.0,4.24,20.0,0.5,0.7,0.3,1.3,4.0,6.0,3.7,3.0,3.5,20.0,0.7,0.7,0.5,0.0,0.0,3.5,1.7,3.0,3.0,20.0,0.7,0.7,0.5,-8.8,0.0,3.0,-2.9,3.0,9.0,20.0,0.7,0.7,0.5,1.23,1.3,1.37,1.3,2.0,0.14,20.0,0.5,0.7,0.3,0.7,2.2,3.6,2.2,2.0,3.1,20.0,0.5,0.7,0.3,5.89,6.3,6.71,6.3,2.0,0.85,20.0,0.5,0.7,0.3,3.9,12.4,20.9,12.4,2.0,17.6,20.0,0.5,0.7,0.3,0.0,0.0,35.3,17.3,3.0,29.9,20.0,0.7,0.7,0.5,-66.3,0.0,29.7,-17.9,3.0,72.0,20.0,0.7,0.7,0.5,0.0,0.0,0.0,0.0,2.0,0.0,20.0,0.5,0.7,0.3,-52.1,-30.9,-9.8,-30.9,2.0,43.8,20.0,0.5,0.7,0.3,0.0,0.0,0.0,0.0,2.0,0.0,20.0,0.5,0.7,0.3,-20.9,-12.4,-3.9,-12.4,2.0,17.6,20.0,0.5,0.7,0.3,5.5,17.5,37.5,21.5,3.0,23.5,20.0,0.7,0.7,0.5,5.0,20.0,35.0,20.0,3.0,25.0,20.0,0.7,0.7,0.5
1974,2,87.0,4.0,27.1,27.3,28.46,27.77,3.0,1.08,16.0,0.3,0.6,0.3,27.05,27.15,27.25,27.15,2.0,0.21,18.0,0.5,0.4,0.4,18.3,18.46,18.63,18.46,2.0,0.34,18.0,0.5,0.4,0.4,81.8,81.9,82.1,81.9,2.0,0.4,18.0,0.5,0.4,7.36,7.7,8.04,7.7,2.0,0.71,18.0,0.5,0.4,0.4,-3.65,-2.68,-1.7,-2.68,2.0,2.02,18.0,0.5,0.4,0.4,-7.1,-7.1,-7.09,-7.1,2.0,0.01,18.0,0.5,0.4,0.4,1008.71,1009.8,1009.94,1009.33,3.0,0.99,16.0,0.3,0.6,0.3,7.0,7.0,7.0,7.0,2.0,0.0,16.0,0.5,0.4,0.3,-29.7,-21.3,-12.9,-21.3,2.0,17.4,18.0,0.5,0.4,0.4,-57.1,-54.6,-52.2,-54.6,2.0,5.1,18.0,0.5,0.4,0.4,0.32,1.0,1.68,1.0,2.0,1.41,18.0,0.5,0.4,0.4,2.6,8.2,13.8,8.2,2.0,11.6,18.0,0.5,0.4,0.4,4.56,5.53,6.51,5.53,2.0,2.02,18.0,0.5,0.4,0.4,33.9,43.3,52.7,43.3,2.0,19.4,18.0,0.5,0.4,0.4,-98.5,-72.4,-46.3,-72.4,2.0,54.1,18.0,0.5,0.4,0.4,-193.3,-192.7,-192.0,-192.7,2.0,1.3,18.0,0.5,0.4,0.4,-66.6,-49.0,-31.5,-49.0,2.0,36.3,18.0,0.5,0.4,0.4,-132.1,-131.0,-129.9,-131.0,2.0,2.3,18.0,0.5,0.4,0.4,-24.8,-16.8,-8.8,-16.8,2.0,16.5,18.0,0.5,0.4,0.4,-46.2,-39.3,-32.3,-39.3,2.0,14.4,18.0,0.5,0.4,0.4,401.5,462.5,523.0,462.5,2.0,126.0,18.0,0.5,0.4,0.4,400.0,460.0,525.0,460.0,2.0,125.0,18.0,0.5,0.4,0.4
1974,2,87.0,5.0,26.56,27.75,28.0,27.36,18.0,0.88,16.0,0.4,0.4,0.7,25.0,27.0,29.45,27.32,17.0,1.88,18.0,0.4,0.5,0.7,17.47,18.11,19.12,18.19,16.0,1.23,18.0,0.4,0.4,0.8,76.0,78.3,87.6,80.3,17.0,7.1,18.0,0.4,0.7,4.1,6.2,7.2,5.64,20.0,2.17,16.0,0.5,0.4,0.7,-5.26,-3.35,-0.89,-2.89,20.0,2.05,16.0,0.5,0.4,0.7,-6.28,-4.94,-1.41,-4.04,20.0,2.82,16.0,0.5,0.4,0.7,1008.88,1010.1,1012.15,1010.38,18.0,1.76,18.0,0.4,0.4,0.8,3.0,6.0,7.3,5.4,18.0,2.2,16.0,0.5,0.5,0.7,-33.2,-16.4,-2.9,-17.9,20.0,15.4,16.0,0.5,0.4,0.7,-51.0,-30.1,-3.4,-26.7,20.0,21.8,16.0,0.5,0.4,0.7,-2.03,0.35,3.0,0.1,16.0,2.56,18.0,0.4,0.4,0.7,-6.6,1.2,17.1,2.2,16.0,13.7,18.0,0.4,0.4,0.7,2.28,5.01,6.17,4.66,15.0,1.91,18.0,0.3,0.4,0.8,12.4,22.7,39.4,25.3,15.0,15.3,18.0,0.3,0.4,0.8,-119.5,-82.7,-13.0,-69.7,17.0,54.3,18.0,0.4,0.5,0.7,-171.5,-133.3,-30.4,-102.0,17.0,81.9,18.0,0.4,0.5,0.7,-85.4,-55.0,-5.9,-45.5,16.0,37.3,18.0,0.4,0.4,0.8,-109.6,-82.1,-18.6,-66.6,16.0,56.0,18.0,0.4,0.4,0.8,-22.0,-10.2,-0.9,-10.4,15.0,9.6,18.0,0.3,0.4,0.8,-34.5,-20.1,-4.2,-19.7,15.0,17.3,18.0,0.3,0.4,0.8,69.0,238.5,373.0,245.0,20.0,174.0,16.0,0.5,0.4,0.7,70.0,240.0,375.0,245.0,20.0,175.0,16.0,0.5,0.4,0.7
1974,2,87.0,6.0,26.69,27.4,28.48,27.66,5.0,1.38,14.0,0.6,0.3,0.0,24.33,26.2,27.77,26.18,5.0,2.02,14.0,0.6,0.3,0.0,15.81,17.57,18.64,17.24,4.0,2.22,18.0,0.8,0.4,0.0,76.5,80.1,87.5,81.9,4.0,7.3,18.0,0.8,0.0,3.69,5.1,7.57,5.44,5.0,2.38,14.0,0.6,0.3,0.0,-6.19,-4.53,-0.21,-3.47,5.0,3.73,14.0,0.6,0.3,0.0,-3.49,-0.8,0.49,-1.59,5.0,3.24,14.0,0.6,0.3,0.0,1009.36,1010.0,1010.85,1010.1,5.0,1.15,14.0,0.6,0.3,0.0,5.3,8.0,8.0,6.8,5.0,1.8,14.0,0.6,0.3,0.0,-40.7,-20.8,-4.5,-23.7,5.0,26.3,14.0,0.6,0.3,0.0,-26.1,-3.7,1.0,-12.7,5.0,22.1,14.0,0.6,0.3,0.0,0.21,2.1,2.75,1.48,5.0,1.8,14.0,0.6,0.3,0.0,5.0,9.8,16.3,10.2,5.0,8.9,14.0,0.6,0.3,0.0,3.85,4.74,6.67,5.24,4.0,1.91,18.0,0.8,0.4,0.0,13.0,29.6,42.1,27.6,4.0,17.3,18.0,0.8,0.4,0.0,-155.6,-110.5,-4.3,-86.5,5.0,97.6,14.0,0.6,0.3,0.0,-93.6,-19.5,14.3,-41.8,5.0,88.4,14.0,0.6,0.3,0.0,-112.2,-76.1,-18.0,-65.6,4.0,71.8,18.0,0.8,0.4,0.0,-19.8,-7.0,13.9,-3.1,4.0,22.2,18.0,0.8,0.4,0.0,-41.7,-29.5,-5.9,-24.1,4.0,22.7,18.0,0.8,0.4,0.0,-5.6,-1.7,2.5,-1.5,4.0,5.3,18.0,0.8,0.4,0.0,65.0,132.5,438.5,233.0,5.0,223.5,14.0,0.6,0.3,0.0,65.0,135.0,440.0,235.0,5.0,225.0,14.0,0.6,0.3,0.0
1974,2,87.0,7.0,28.3,28.3,28.3,28.3,1.0,0.0,28.0,1.0,0.3,0.4,27.4,27.4,27.4,27.4,1.0,0.0,28.0,1.0,0.3,0.4,19.19,19.19,19.19,19.19,1.0,0.0,28.0,1.0,0.3,0.4,84.2,84.2,84.2,84.2,1.0,0.0,28.0,1.0,0.4,4.1,4.1,4.1,4.1,1.0,0.0,28.0,1.0,0.3,0.4,-4.04,-4.04,-4.04,-4.04,1.0,0.0,28.0,1.0,0.3,0.4,-0.71,-0.71,-0.71,-0.71,1.0,0.0,28.0,1.0,0.3,0.4,1012.7,1012.7,1012.7,1012.7,1.0,0.0,28.0,1.0,0.3,0.4,5.0,5.0,5.0,5.0,1.0,0.0,28.0,1.0,0.3,0.4,-16.6,-16.6,-16.6,-16.6,1.0,0.0,28.0,1.0,0.3,0.4,-2.9,-2.9,-2.9,-2.9,1.0,0.0,28.0,1.0,0.3,0.4,0.9,0.9,0.9,0.9,1.0,0.0,28.0,1.0,0.3,0.4,3.7,3.7,3.7,3.7,1.0,0.0,28.0,1.0,0.3,0.4,4.9,4.9,4.9,4.9,1.0,0.0,28.0,1.0,0.3,0.4,20.1,20.1,20.1,20.1,1.0,0.0,28.0,1.0,0.3,0.4,-110.6,-110.6,-110.6,-110.6,1.0,0.0,28.0,1.0,0.3,0.4,-19.5,-19.5,-19.5,-19.5,1.0,0.0,28.0,1.0,0.3,0.4,-77.5,-77.5,-77.5,-77.5,1.0,0.0,28.0,1.0,0.3,0.4,-13.7,-13.7,-13.7,-13.7,1.0,0.0,28.0,1.0,0.3,0.4,-19.8,-19.8,-19.8,-19.8,1.0,0.0,28.0,1.0,0.3,0.4,-3.5,-3.5,-3.5,-3.5,1.0,0.0,28.0,1.0,0.3,0.4,69.0,69.0,69.0,69.0,1.0,0.0,28.0,1.0,0.3,0.4,70.0,70.0,70.0,70.0,1.0,0.0,28.0,1.0,0.3,0.4
1974,2,87.0,13.0,,,,,,,,,,,,,,,,,,,,,,,,,,,,,,,,,,,,,,,,1.5,1.5,1.5,1.5,1.0,0.0,8.0,0.0,0.7,0.3,1.41,1.41,1.41,1.41,1.0,0.0,8.0,0.0,0.7,0.3,0.51,0.51,0.51,0.51,1.0,0.0,8.0,0.0,0.7,0.3,1011.0,1011.0,1011.0,1011.0,1.0,0.0,8.0,0.0,0.7,0.3,,,,,,,,,,,,,,,,,,,,,,,,,,,,,,,,,,,,,,,,,,,,,,,,,,,,,,,,,,,,,,,,,,,,,,,,,,,,,,,,,,,,,,,,,,,,,,,,,,,,,,,,,,,,,,,,,,,,,,,,,,,,,,,,,,,,,,,,,,,,,,,,,,,,,,
1974,2,87.0,14.0,26.42,26.45,26.48,26.45,2.0,0.07,20.0,0.0,0.2,0.5,24.86,25.0,25.68,25.27,3.0,0.64,18.0,0.0,0.4,0.3,15.92,16.07,16.22,16.07,2.0,0.3,20.0,0.0,0.2,0.5,80.9,81.9,82.9,81.9,2.0,2.1,20.0,0.0,0.5,2.34,3.85,5.1,3.73,4.0,1.6,14.0,0.0,0.3,0.3,-3.85,-2.08,-1.45,-2.62,4.0,1.69,14.0,0.0,0.3,0.3,-3.39,-1.8,-1.11,-2.23,4.0,1.57,14.0,0.0,0.3,0.3,1012.11,1013.0,1013.55,1012.83,3.0,1.06,18.0,0.0,0.4,0.3,3.9,6.5,7.0,5.5,4.0,2.4,14.0,0.0,0.3,0.3,-19.6,-8.2,-3.4,-11.3,4.0,10.5,14.0,0.0,0.3,0.3,-14.6,-5.2,-3.6,-8.9,4.0,9.1,14.0,0.0,0.3,0.3,1.52,1.55,1.58,1.55,2.0,0.07,20.0,0.0,0.2,0.5,3.4,3.6,3.8,3.6,2.0,0.4,20.0,0.0,0.2,0.5,5.34,5.51,5.69,5.51,2.0,0.36,20.0,0.0,0.2,0.5,11.7,13.0,14.4,13.0,2.0,2.8,20.0,0.0,0.2,0.5,-101.8,-39.9,-34.8,-67.7,3.0,54.6,18.0,0.0,0.4,0.3,-49.0,-33.5,-26.3,-37.6,3.0,17.0,18.0,0.0,0.4,0.3,-25.3,-23.4,-21.5,-23.4,2.0,4.0,20.0,0.0,0.2,0.5,-33.5,-28.8,-24.2,-28.8,2.0,9.7,20.0,0.0,0.2,0.5,-8.3,-8.0,-7.7,-8.0,2.0,0.7,20.0,0.0,0.2,0.5,-12.1,-10.0,-8.0,-10.0,2.0,4.2,20.0,0.0,0.2,0.5,13.0,75.0,132.5,73.0,4.0,69.0,14.0,0.0,0.3,0.3,15.0,75.0,135.0,75.0,4.0,70.0,14.0,0.0,0.3,0.3
1974,2,87.0,15.0,,,,,,,,,,,,,,,,,,,,,,,,,,,,,,,,,,,,,,,,4.6,4.6,4.6,4.6,1.0,0.0,24.0,0.0,0.6,0.2,-0.8,-0.8,-0.8,-0.8,1.0,0.0,24.0,0.0,0.6,0.2,-4.53,-4.53,-4.53,-4.53,1.0,0.0,24.0,0.0,0.6,0.2,1012.0,1012.0,1012.0,1012.0,1.0,0.0,24.0,0.0,0.6,0.2,0.0,0.0,0.0,0.0,1.0,0.0,24.0,0.0,0.6,0.2,-3.7,-3.7,-3.7,-3.7,1.0,0.0,24.0,0.0,0.6,0.2,-20.8,-20.8,-20.8,-20.8,1.0,0.0,24.0,0.0,0.6,0.2,,,,,,,,,,,,,,,,,,,,,,,,,,,,,,,,,,,,,,,,,-20.1,-20.1,-20.1,-20.1,1.0,0.0,24.0,0.0,0.6,0.2,-114.2,-114.2,-114.2,-114.2,1.0,0.0,24.0,0.0,0.6,0.2,-13.6,-13.6,-13.6,-13.6,1.0,0.0,24.0,0.0,0.6,0.2,-77.0,-77.0,-77.0,-77.0,1.0,0.0,24.0,0.0,0.6,0.2,,,,,,,,,,,,,,,,,,,,,,,,,,,,,,,,,,,,,,,,
1974,2,87.0,17.0,26.6,26.6,26.6,26.6,1.0,0.0,8.0,0.0,0.4,0.4,25.2,25.2,25.2,25.2,1.0,0.0,8.0,0.0,0.4,0.4,13.7,13.7,13.7,13.7,1.0,0.0,8.0,0.0,0.4,0.4,68.5,68.5,68.5,68.5,1.0,0.0,8.0,0.0,0.4,7.7,7.7,7.7,7.7,1.0,0.0,8.0,0.0,0.4,0.4,-3.85,-3.85,-3.85,-3.85,1.0,0.0,8.0,0.0,0.4,0.4,-6.67,-6.67,-6.67,-6.67,1.0,0.0,8.0,0.0,0.4,0.4,1009.9,1009.9,1009.9,1009.9,1.0,0.0,8.0,0.0,0.4,0.4,3.0,3.0,3.0,3.0,1.0,0.0,8.0,0.0,0.4,0.4,-29.6,-29.6,-29.6,-29.6,1.0,0.0,8.0,0.0,0.4,0.4,-51.3,-51.3,-51.3,-51.3,1.0,0.0,8.0,0.0,0.4,0.4,1.4,1.4,1.4,1.4,1.0,0.0,8.0,0.0,0.4,0.4,10.8,10.8,10.8,10.8,1.0,0.0,8.0,0.0,0.4,0.4,8.14,8.14,8.14,8.14,1.0,0.0,8.0,0.0,0.4,0.4,62.7,62.7,62.7,62.7,1.0,0.0,8.0,0.0,0.4,0.4,-97.0,-97.0,-97.0,-97.0,1.0,0.0,8.0,0.0,0.4,0.4,-168.0,-168.0,-168.0,-168.0,1.0,0.0,8.0,0.0,0.4,0.4,-52.7,-52.7,-52.7,-52.7,1.0,0.0,8.0,0.0,0.4,0.4,-91.4,-91.4,-91.4,-91.4,1.0,0.0,8.0,0.0,0.4,0.4,-31.3,-31.3,-31.3,-31.3,1.0,0.0,8.0,0.0,0.4,0.4,-54.3,-54.3,-54.3,-54.3,1.0,0.0,8.0,0.0,0.4,0.4,456.5,456.5,456.5,456.5,1.0,0.0,8.0,0.0,0.4,0.4,455.0,455.0,455.0,455.0,1.0,0.0,8.0,0.0,0.4,0.4
1974,2,87.0,18.0,25.86,26.0,26.48,26.17,3.0,0.47,20.0,0.0,0.2,0.5,25.39,26.0,26.2,25.8,3.0,0.62,20.0,0.0,0.2,0.5,15.12,15.92,16.72,15.92,2.0,1.66,22.0,0.0,0.2,0.4,71.9,75.2,78.6,75.2,2.0,6.9,22.0,0.0,0.4,1.51,2.6,3.97,2.73,3.0,1.8,20.0,0.0,0.2,0.5,-0.72,-0.34,-0.11,-0.41,3.0,0.45,20.0,0.0,0.2,0.5,-3.44,-0.94,1.37,-1.03,3.0,3.52,20.0,0.0,0.2,0.5,1011.68,1012.5,1013.66,1012.67,3.0,1.46,20.0,0.0,0.2,0.5,0.6,2.0,5.4,3.0,3.0,3.6,20.0,0.0,0.2,0.5,-1.7,-0.3,-0.1,-0.9,3.0,1.2,20.0,0.0,0.2,0.5,-14.7,-0.9,4.0,-5.2,3.0,14.3,20.0,0.0,0.2,0.5,-0.34,0.0,1.09,0.37,3.0,1.1,20.0,0.0,0.2,0.5,-1.6,0.0,1.1,-0.2,3.0,2.0,20.0,0.0,0.2,0.5,4.08,4.98,5.87,4.98,2.0,1.85,22.0,0.0,0.2,0.4,16.4,16.6,16.8,16.6,2.0,0.4,22.0,0.0,0.2,0.4,-18.5,-8.6,-2.7,-10.6,3.0,11.7,20.0,0.0,0.2,0.5,-90.1,-23.6,35.9,-27.0,3.0,92.3,20.0,0.0,0.2,0.5,-11.0,-6.6,-2.1,-6.6,2.0,9.3,22.0,0.0,0.2,0.4,-60.4,-21.3,17.8,-21.3,2.0,81.1,22.0,0.0,0.2,0.4,-4.7,-2.8,-0.9,-2.8,2.0,4.0,22.0,0.0,0.2,0.4,-11.8,-0.8,10.2,-0.8,2.0,22.8,22.0,0.0,0.2,0.4,6.5,17.5,72.0,38.5,3.0,51.5,20.0,0.0,0.2,0.5,5.0,20.0,70.0,40.0,3.0,50.0,20.0,0.0,0.2,0.5
1974,2,87.0,19.0,26.5,26.5,26.5,26.5,1.0,0.0,16.0,1.0,0.2,0.3,25.63,26.35,27.07,26.35,2.0,1.48,16.0,0.5,0.4,0.3,17.36,17.36,17.36,17.36,1.0,0.0,16.0,1.0,0.2,0.3,86.6,86.6,86.6,86.6,1.0,0.0,16.0,1.0,0.3,1.5,1.5,1.5,1.5,1.0,0.0,16.0,1.0,0.2,0.3,-0.51,-0.51,-0.51,-0.51,1.0,0.0,16.0,1.0,0.2,0.3,-1.41,-1.41,-1.41,-1.41,1.0,0.0,16.0,1.0,0.2,0.3,1015.52,1015.55,1015.58,1015.55,2.0,0.07,16.0,0.5,0.4,0.3,0.2,0.5,0.8,0.5,2.0,0.7,16.0,0.5,0.4,0.3,-0.8,-0.8,-0.8,-0.8,1.0,0.0,16.0,1.0,0.2,0.3,-2.1,-2.1,-2.1,-2.1,1.0,0.0,16.0,1.0,0.2,0.3,1.2,1.2,1.2,1.2,1.0,0.0,16.0,1.0,0.2,0.3,1.8,1.8,1.8,1.8,1.0,0.0,16.0,1.0,0.2,0.3,4.23,4.23,4.23,4.23,1.0,0.0,16.0,1.0,0.2,0.3,6.3,6.3,6.3,6.3,1.0,0.0,16.0,1.0,0.2,0.3,-13.0,-13.0,-13.0,-13.0,1.0,0.0,16.0,1.0,0.2,0.3,-35.7,-35.7,-35.7,-35.7,1.0,0.0,16.0,1.0,0.2,0.3,-8.9,-8.9,-8.9,-8.9,1.0,0.0,16.0,1.0,0.2,0.3,-24.5,-24.5,-24.5,-24.5,1.0,0.0,16.0,1.0,0.2,0.3,-2.2,-2.2,-2.2,-2.2,1.0,0.0,16.0,1.0,0.2,0.3,-6.0,-6.0,-6.0,-6.0,1.0,0.0,16.0,1.0,0.2,0.3,3.5,3.5,3.5,3.5,1.0,0.0,16.0,1.0,0.2,0.3,5.0,5.0,5.0,5.0,1.0,0.0,16.0,1.0,0.2,0.3
1974,2,87.0,20.0,26.3,26.3,26.3,26.3,1.0,0.0,16.0,1.0,0.8,0.1,26.22,26.7,27.18,26.7,2.0,0.99,18.0,1.0,0.6,0.3,16.03,16.03,16.03,16.03,1.0,0.0,16.0,1.0,0.8,0.1,70.6,70.6,70.6,70.6,1.0,0.0,16.0,1.0,0.1,1.06,3.35,5.64,3.35,2.0,4.74,18.0,1.0,0.6,0.3,0.0,0.0,0.0,0.0,2.0,0.0,18.0,1.0,0.6,0.3,-5.64,-3.35,-1.06,-3.35,2.0,4.74,18.0,1.0,0.6,0.3,1013.95,1014.5,1015.05,1014.5,2.0,1.13,18.0,1.0,0.6,0.3,0.0,0.0,0.0,0.0,2.0,0.0,18.0,1.0,0.6,0.3,0.0,0.0,0.0,0.0,2.0,0.0,18.0,1.0,0.6,0.3,-37.8,-22.4,-7.1,-22.4,2.0,31.7,18.0,1.0,0.6,0.3,-1.1,-1.1,-1.1,-1.1,1.0,0.0,16.0,1.0,0.8,0.1,-7.4,-7.4,-7.4,-7.4,1.0,0.0,16.0,1.0,0.8,0.1,5.31,5.31,5.31,5.31,1.0,0.0,16.0,1.0,0.8,0.1,35.6,35.6,35.6,35.6,1.0,0.0,16.0,1.0,0.8,0.1,0.0,0.0,0.0,0.0,2.0,0.0,18.0,1.0,0.6,0.3,-154.4,-91.8,-29.1,-91.8,2.0,129.8,18.0,1.0,0.6,0.3,0.0,0.0,0.0,0.0,1.0,0.0,16.0,1.0,0.8,0.1,-107.4,-107.4,-107.4,-107.4,1.0,0.0,16.0,1.0,0.8,0.1,0.0,0.0,0.0,0.0,1.0,0.0,16.0,1.0,0.8,0.1,-35.6,-35.6,-35.6,-35.6,1.0,0.0,16.0,1.0,0.8,0.1,47.5,150.5,253.0,150.5,2.0,212.5,18.0,1.0,0.6,0.3,50.0,150.0,255.0,150.0,2.0,215.0,18.0,1.0,0.6,0.3
1974,2,88.0,-64.0,,,,,,,,,,,,,,,,,,,,,,,,,,,,,,,,,,,,,,,,1.0,1.0,1.0,1.0,1.0,0.0,22.0,1.0,0.9,0.5,-0.98,-0.98,-0.98,-0.98,1.0,0.0,22.0,1.0,0.9,0.5,-0.17,-0.17,-0.17,-0.17,1.0,0.0,22.0,1.0,0.9,0.5,976.0,976.0,976.0,976.0,1.0,0.0,22.0,1.0,0.9,0.5,,,,,,,,,,,,,,,,,,,,,,,,,,,,,,,,,,,,,,,,,,,,,,,,,,,,,,,,,,,,,,,,,,,,,,,,,,,,,,,,,,,,,,,,,,,,,,,,,,,,,,,,,,,,,,,,,,,,,,,,,,,,,,,,,,,,,,,,,,,,,,,,,,,,,,
1974,2,88.0,-54.0,2.85,2.95,3.05,2.95,2.0,0.21,8.0,0.5,0.6,0.4,2.83,2.9,2.97,2.9,2.0,0.14,8.0,0.5,0.6,0.4,3.44,3.55,3.65,3.55,2.0,0.22,8.0,0.5,0.6,0.4,73.4,75.9,78.3,75.9,2.0,5.1,8.0,0.5,0.4,,,,,,,,,,,,,,,,,,,,,,,,,,,,,,,,,,,,,,,,,,,,,,,,,,,,,,,,,,,,,,,,,,,,,,,,,,,,,,,,,,,,,,,,,,,,,,,,,,,,,,,,,,,,,,,,,,,,,,,,,,,,,,,,,,,,,,,,,,,,,,,,,,,,,,,,,,,,,,,,,,,,,,,,,,,,,,,,,,,,,,,,,,,,,,
1974,2,88.0,-43.0,,,,,,,,,,,,,,,,,,,,,,,,,,,,,,,,,,,,,,,,,,,,,,,,,,,,,,,,,,,,,,,,,,,,,,,,,,,,,,,,2.0,2.0,2.0,2.0,1.0,0.0,4.0,0.0,0.9,0.8,-13.6,-13.6,-13.6,-13.6,1.0,0.0,4.0,0.0,0.9,0.8,16.2,16.2,16.2,16.2,1.0,0.0,4.0,0.0,0.9,0.8,,,,,,,,,,,,,,,,,,,,,,,,,,,,,,,,,,,,,,,,,,,,,,,,,,,,,,,,,,,,,,,,,,,,,,,,,,,,,,,,,,,,,,,,,,,,,,,,,,,,,,,,,,,,,,,,,,,,,,,,
1974,2,88.0,-40.0,,,,,,,,,,,,,,,,,,,,,,,,,,,,,,,,,,,,,,,,7.0,7.0,7.0,7.0,1.0,0.0,2.0,1.0,0.7,0.9,6.89,6.89,6.89,6.89,1.0,0.0,2.0,1.0,0.7,0.9,1.22,1.22,1.22,1.22,1.0,0.0,2.0,1.0,0.7,0.9,1018.4,1018.4,1018.4,1018.4,1.0,0.0,2.0,1.0,0.7,0.9,,,,,,,,,,,,,,,,,,,,,,,,,,,,,,,,,,,,,,,,,,,,,,,,,,,,,,,,,,,,,,,,,,,,,,,,,,,,,,,,,,,,,,,,,,,,,,,,,,,,,,,,,,,,,,,,,,,,,,,,,,,,,,,,,,,,,,,,,,,,,,,,,,,,,,
1974,2,88.0,-38.0,21.0,21.0,21.0,21.0,1.0,0.0,2.0,1.0,0.7,0.9,20.8,20.8,20.8,20.8,1.0,0.0,2.0,1.0,0.7,0.9,12.75,12.75,12.75,12.75,1.0,0.0,2.0,1.0,0.7,0.9,84.0,84.0,84.0,84.0,1.0,0.0,2.0,1.0,0.9,7.0,7.0,7.0,7.0,1.0,0.0,2.0,1.0,0.7,0.9,6.89,6.89,6.89,6.89,1.0,0.0,2.0,1.0,0.7,0.9,1.22,1.22,1.22,1.22,1.0,0.0,2.0,1.0,0.7,0.9,1018.4,1018.4,1018.4,1018.4,1.0,0.0,2.0,1.0,0.7,0.9,7.0,7.0,7.0,7.0,1.0,0.0,2.0,1.0,0.7,0.9,48.3,48.3,48.3,48.3,1.0,0.0,2.0,1.0,0.7,0.9,8.5,8.5,8.5,8.5,1.0,0.0,2.0,1.0,0.7,0.9,0.2,0.2,0.2,0.2,1.0,0.0,2.0,1.0,0.7,0.9,1.4,1.4,1.4,1.4,1.0,0.0,2.0,1.0,0.7,0.9,2.64,2.64,2.64,2.64,1.0,0.0,2.0,1.0,0.7,0.9,18.5,18.5,18.5,18.5,1.0,0.0,2.0,1.0,0.7,0.9,143.4,143.4,143.4,143.4,1.0,0.0,2.0,1.0,0.7,0.9,25.3,25.3,25.3,25.3,1.0,0.0,2.0,1.0,0.7,0.9,87.9,87.9,87.9,87.9,1.0,0.0,2.0,1.0,0.7,0.9,15.5,15.5,15.5,15.5,1.0,0.0,2.0,1.0,0.7,0.9,18.2,18.2,18.2,18.2,1.0,0.0,2.0,1.0,0.7,0.9,3.2,3.2,3.2,3.2,1.0,0.0,2.0,1.0,0.7,0.9,343.0,343.0,343.0,343.0,1.0,0.0,2.0,1.0,0.7,0.9,345.0,345.0,345.0,345.0,1.0,0.0,2.0,1.0,0.7,0.9
1974,2,88.0,-34.0,21.0,21.0,21.0,21.0,1.0,0.0,2.0,1.0,0.7,0.9,20.8,20.8,20.8,20.8,1.0,0.0,2.0,1.0,0.7,0.9,12.75,12.75,12.75,12.75,1.0,0.0,2.0,1.0,0.7,0.9,84.0,84.0,84.0,84.0,1.0,0.0,2.0,1.0,0.9,6.7,6.7,6.7,6.7,1.0,0.0,2.0,1.0,0.7,0.9,6.6,6.6,6.6,6.6,1.0,0.0,2.0,1.0,0.7,0.9,1.16,1.16,1.16,1.16,1.0,0.0,2.0,1.0,0.7,0.9,1018.4,1018.4,1018.4,1018.4,1.0,0.0,2.0,1.0,0.7,0.9,7.0,7.0,7.0,7.0,1.0,0.0,2.0,1.0,0.7,0.9,44.2,44.2,44.2,44.2,1.0,0.0,2.0,1.0,0.7,0.9,7.8,7.8,7.8,7.8,1.0,0.0,2.0,1.0,0.7,0.9,0.2,0.2,0.2,0.2,1.0,0.0,2.0,1.0,0.7,0.9,1.3,1.3,1.3,1.3,1.0,0.0,2.0,1.0,0.7,0.9,2.64,2.64,2.64,2.64,1.0,0.0,2.0,1.0,0.7,0.9,17.7,17.7,17.7,17.7,1.0,0.0,2.0,1.0,0.7,0.9,137.2,137.2,137.2,137.2,1.0,0.0,2.0,1.0,0.7,0.9,24.2,24.2,24.2,24.2,1.0,0.0,2.0,1.0,0.7,0.9,84.2,84.2,84.2,84.2,1.0,0.0,2.0,1.0,0.7,0.9,14.8,14.8,14.8,14.8,1.0,0.0,2.0,1.0,0.7,0.9,17.4,17.4,17.4,17.4,1.0,0.0,2.0,1.0,0.7,0.9,3.1,3.1,3.1,3.1,1.0,0.0,2.0,1.0,0.7,0.9,301.0,301.0,301.0,301.0,1.0,0.0,2.0,1.0,0.7,0.9,300.0,300.0,300.0,300.0,1.0,0.0,2.0,1.0,0.7,0.9
1974,2,88.0,-33.0,20.6,20.6,20.6,20.6,1.0,0.0,2.0,1.0,0.1,0.9,19.03,19.1,19.17,19.1,2.0,0.14,14.0,1.0,0.1,0.8,7.53,7.53,7.53,7.53,1.0,0.0,2.0,1.0,0.1,0.9,55.9,55.9,55.9,55.9,1.0,0.0,2.0,1.0,0.9,8.21,8.65,9.09,8.65,2.0,0.92,14.0,1.0,0.1,0.8,-6.99,-4.81,-2.63,-4.81,2.0,4.51,14.0,1.0,0.1,0.8,1.45,4.58,7.71,4.58,2.0,6.48,14.0,1.0,0.1,0.8,1020.48,1021.5,1022.52,1021.5,2.0,2.12,14.0,1.0,0.1,0.8,5.2,5.5,5.8,5.5,2.0,0.7,14.0,1.0,0.1,0.8,-56.2,-39.5,-22.8,-39.5,2.0,34.6,14.0,1.0,0.1,0.8,13.5,42.6,71.7,42.6,2.0,60.2,14.0,1.0,0.1,0.8,1.6,1.6,1.6,1.6,1.0,0.0,2.0,1.0,0.1,0.9,14.9,14.9,14.9,14.9,1.0,0.0,2.0,1.0,0.1,0.9,7.42,7.42,7.42,7.42,1.0,0.0,2.0,1.0,0.1,0.9,69.0,69.0,69.0,69.0,1.0,0.0,2.0,1.0,0.1,0.9,-134.1,-92.1,-50.2,-92.1,2.0,86.9,14.0,1.0,0.1,0.8,27.6,87.0,146.4,87.0,2.0,123.0,14.0,1.0,0.1,0.8,-12.2,-12.2,-12.2,-12.2,1.0,0.0,2.0,1.0,0.1,0.9,69.0,69.0,69.0,69.0,1.0,0.0,2.0,1.0,0.1,0.9,-12.0,-12.0,-12.0,-12.0,1.0,0.0,2.0,1.0,0.1,0.9,68.0,68.0,68.0,68.0,1.0,0.0,2.0,1.0,0.1,0.9,558.5,658.0,758.0,658.0,2.0,206.5,14.0,1.0,0.1,0.8,560.0,660.0,760.0,660.0,2.0,205.0,14.0,1.0,0.1,0.8
1974,2,88.0,-31.0,21.3,21.3,21.3,21.3,1.0,0.0,10.0,0.0,0.7,0.7,19.1,19.1,19.1,19.1,1.0,0.0,10.0,0.0,0.7,0.7,11.79,11.79,11.79,11.79,1.0,0.0,10.0,0.0,0.7,0.7,87.1,87.1,87.1,87.1,1.0,0.0,10.0,0.0,0.7,7.2,7.2,7.2,7.2,1.0,0.0,10.0,0.0,0.7,0.7,-3.6,-3.6,-3.6,-3.6,1.0,0.0,10.0,0.0,0.7,0.7,6.24,6.24,6.24,6.24,1.0,0.0,10.0,0.0,0.7,0.7,1026.9,1026.9,1026.9,1026.9,1.0,0.0,10.0,0.0,0.7,0.7,7.0,7.0,7.0,7.0,1.0,0.0,10.0,0.0,0.7,0.7,-25.9,-25.9,-25.9,-25.9,1.0,0.0,10.0,0.0,0.7,0.7,44.9,44.9,44.9,44.9,1.0,0.0,10.0,0.0,0.7,0.7,2.2,2.2,2.2,2.2,1.0,0.0,10.0,0.0,0.7,0.7,15.8,15.8,15.8,15.8,1.0,0.0,10.0,0.0,0.7,0.7,3.76,3.76,3.76,3.76,1.0,0.0,10.0,0.0,0.7,0.7,27.1,27.1,27.1,27.1,1.0,0.0,10.0,0.0,0.7,0.7,-68.8,-68.8,-68.8,-68.8,1.0,0.0,10.0,0.0,0.7,0.7,119.1,119.1,119.1,119.1,1.0,0.0,10.0,0.0,0.7,0.7,-42.5,-42.5,-42.5,-42.5,1.0,0.0,10.0,0.0,0.7,0.7,73.5,73.5,73.5,73.5,1.0,0.0,10.0,0.0,0.7,0.7,-13.5,-13.5,-13.5,-13.5,1.0,0.0,10.0,0.0,0.7,0.7,23.5,23.5,23.5,23.5,1.0,0.0,10.0,0.0,0.7,0.7,373.0,373.0,373.0,373.0,1.0,0.0,10.0,0.0,0.7,0.7,375.0,375.0,375.0,375.0,1.0,0.0,10.0,0.0,0.7,0.7
1974,2,88.0,-25.0,23.32,24.0,24.68,24.0,2.0,1.41,14.0,0.5,0.6,0.7,20.63,22.0,23.02,21.83,3.0,1.76,10.0,0.3,0.7,0.7,12.9,13.09,13.46,13.18,3.0,0.41,10.0,0.3,0.7,0.7,75.9,83.1,87.0,81.5,3.0,8.2,10.0,0.3,0.7,5.58,7.7,9.47,7.53,3.0,2.85,10.0,0.3,0.7,0.7,-6.82,-4.53,-3.24,-5.02,3.0,2.66,10.0,0.3,0.7,0.7,2.65,6.62,7.04,4.89,3.0,3.55,10.0,0.3,0.7,0.7,1012.68,1015.0,1018.14,1015.4,3.0,4.01,10.0,0.3,0.7,0.7,5.3,6.0,6.7,6.0,2.0,1.4,16.0,0.5,0.6,0.6,-62.1,-20.8,-20.5,-40.8,3.0,35.1,10.0,0.3,0.7,0.7,20.2,55.7,64.2,42.5,3.0,34.2,10.0,0.3,0.7,0.7,1.08,1.25,1.42,1.25,2.0,0.35,14.0,0.5,0.6,0.7,5.7,8.1,10.4,8.1,2.0,4.9,14.0,0.5,0.6,0.7,4.3,5.28,6.26,5.28,2.0,2.03,14.0,0.5,0.6,0.7,23.1,34.7,46.3,34.7,2.0,24.1,14.0,0.5,0.6,0.7,-139.4,-99.7,-73.9,-106.5,3.0,48.3,10.0,0.3,0.7,0.7,54.0,132.4,158.1,106.7,3.0,79.4,10.0,0.3,0.7,0.7,-88.6,-61.8,-43.1,-65.8,3.0,33.5,10.0,0.3,0.7,0.7,34.4,84.9,91.6,63.5,3.0,45.8,10.0,0.3,0.7,0.7,-17.6,-17.6,-17.5,-17.6,2.0,0.2,14.0,0.5,0.6,0.7,10.3,25.8,41.4,25.8,2.0,32.2,14.0,0.5,0.6,0.7,211.5,456.5,891.0,549.0,3.0,504.0,10.0,0.3,0.7,0.7,210.0,455.0,890.0,550.0,3.0,505.0,10.0,0.3,0.7,0.7
1974,2,88.0,-24.0,23.5,23.5,23.5,23.5,1.0,0.0,8.0,1.0,0.6,0.5,22.2,22.2,22.2,22.2,1.0,0.0,8.0,1.0,0.6,0.5,12.41,12.41,12.41,12.41,1.0,0.0,8.0,1.0,0.6,0.5,74.7,74.7,74.7,74.7,1.0,0.0,8.0,1.0,0.5,12.4,12.4,12.4,12.4,1.0,0.0,8.0,1.0,0.6,0.5,-7.97,-7.97,-7.97,-7.97,1.0,0.0,8.0,1.0,0.6,0.5,9.5,9.5,9.5,9.5,1.0,0.0,8.0,1.0,0.6,0.5,1014.0,1014.0,1014.0,1014.0,1.0,0.0,8.0,1.0,0.6,0.5,7.0,7.0,7.0,7.0,1.0,0.0,8.0,1.0,0.6,0.5,-98.8,-98.8,-98.8,-98.8,1.0,0.0,8.0,1.0,0.6,0.5,117.8,117.8,117.8,117.8,1.0,0.0,8.0,1.0,0.6,0.5,1.3,1.3,1.3,1.3,1.0,0.0,8.0,1.0,0.6,0.5,16.1,16.1,16.1,16.1,1.0,0.0,8.0,1.0,0.6,0.5,5.63,5.63,5.63,5.63,1.0,0.0,8.0,1.0,0.6,0.5,69.8,69.8,69.8,69.8,1.0,0.0,8.0,1.0,0.6,0.5,-176.9,-176.9,-176.9,-176.9,1.0,0.0,8.0,1.0,0.6,0.5,210.9,210.9,210.9,210.9,1.0,0.0,8.0,1.0,0.6,0.5,-98.9,-98.9,-98.9,-98.9,1.0,0.0,8.0,1.0,0.6,0.5,117.9,117.9,117.9,117.9,1.0,0.0,8.0,1.0,0.6,0.5,-44.9,-44.9,-44.9,-44.9,1.0,0.0,8.0,1.0,0.6,0.5,53.5,53.5,53.5,53.5,1.0,0.0,8.0,1.0,0.6,0.5,1906.5,1906.5,1906.5,1906.5,1.0,0.0,8.0,1.0,0.6,0.5,1905.0,1905.0,1905.0,1905.0,1.0,0.0,8.0,1.0,0.6,0.5
1974,2,88.0,-17.0,26.85,27.0,27.97,27.38,5.0,0.86,14.0,0.8,0.6,0.7,26.36,26.5,26.87,26.64,5.0,0.49,14.0,0.8,0.6,0.7,15.86,17.4,18.11,17.0,4.0,1.78,12.0,0.8,0.6,0.8,74.0,81.1,87.8,80.1,5.0,10.1,14.0,0.8,0.7,4.6,6.95,11.97,8.23,4.0,4.68,12.0,0.8,0.6,0.8,-11.52,-6.81,-3.9,-7.67,4.0,4.67,12.0,0.8,0.6,0.8,0.75,2.27,3.99,2.36,4.0,2.09,12.0,0.8,0.6,0.8,1008.35,1009.75,1010.42,1009.4,4.0,1.5,12.0,0.8,0.6,0.8,3.0,4.0,6.7,4.8,5.0,2.2,14.0,0.8,0.6,0.7,-143.3,-53.2,-18.0,-79.4,4.0,83.5,12.0,0.8,0.6,0.8,3.4,10.4,43.6,22.9,4.0,32.5,12.0,0.8,0.6,0.8,0.06,0.5,1.32,0.74,5.0,0.97,14.0,0.8,0.6,0.7,1.1,6.2,10.6,5.9,4.0,5.5,12.0,0.8,0.6,0.8,4.33,6.22,8.01,6.17,4.0,2.21,12.0,0.8,0.6,0.8,28.3,43.8,67.1,47.5,4.0,24.7,12.0,0.8,0.6,0.8,-308.2,-185.1,-103.3,-204.8,4.0,123.9,12.0,0.8,0.6,0.8,19.8,59.9,105.0,62.3,4.0,55.0,12.0,0.8,0.6,0.8,-196.9,-104.9,-67.9,-131.2,4.0,87.5,12.0,0.8,0.6,0.8,13.0,39.4,72.9,42.8,4.0,39.1,12.0,0.8,0.6,0.8,-65.5,-38.2,-23.8,-44.4,4.0,26.5,12.0,0.8,0.6,0.8,3.8,13.1,20.2,12.0,4.0,10.0,12.0,0.8,0.6,0.8,97.5,451.0,1947.5,996.5,4.0,1367.5,12.0,0.8,0.6,0.8,95.0,450.0,1945.0,995.0,4.0,1370.0,12.0,0.8,0.6,0.8
1974,2,88.0,-16.0,28.0,28.0,28.0,28.0,1.0,0.0,6.0,1.0,0.8,0.3,26.91,27.35,27.79,27.35,2.0,0.92,4.0,1.0,0.4,0.7,16.42,18.32,20.22,18.32,2.0,3.93,4.0,1.0,0.4,0.7,73.8,79.9,86.1,79.9,2.0,12.7,4.0,1.0,0.7,5.35,6.95,8.55,6.95,2.0,3.32,4.0,1.0,0.4,0.7,-7.98,-6.36,-4.74,-6.36,2.0,3.36,4.0,1.0,0.4,0.7,2.44,2.74,3.04,2.74,2.0,0.62,4.0,1.0,0.4,0.7,1008.56,1008.7,1008.84,1008.7,2.0,0.28,4.0,1.0,0.4,0.7,3.5,4.5,5.5,4.5,2.0,2.1,4.0,1.0,0.4,0.7,-71.3,-49.8,-28.3,-49.8,2.0,44.5,4.0,1.0,0.4,0.7,13.6,20.1,26.6,20.1,2.0,13.4,4.0,1.0,0.4,0.7,0.0,0.0,0.0,0.0,1.0,0.0,6.0,1.0,0.8,0.3,0.0,0.0,0.0,0.0,1.0,0.0,6.0,1.0,0.8,0.3,2.67,2.67,2.67,2.67,1.0,0.0,6.0,1.0,0.8,0.3,24.9,24.9,24.9,24.9,1.0,0.0,6.0,1.0,0.8,0.3,-222.7,-175.5,-128.3,-175.5,2.0,97.8,4.0,1.0,0.4,0.7,65.8,75.2,84.7,75.2,2.0,19.6,4.0,1.0,0.4,0.7,-164.9,-123.1,-81.3,-123.1,2.0,86.6,4.0,1.0,0.4,0.7,40.7,51.4,62.1,51.4,2.0,22.2,4.0,1.0,0.4,0.7,-23.4,-23.4,-23.4,-23.4,1.0,0.0,6.0,1.0,0.8,0.3,8.5,8.5,8.5,8.5,1.0,0.0,6.0,1.0,0.8,0.3,209.5,451.0,692.0,451.0,2.0,500.0,4.0,1.0,0.4,0.7,210.0,450.0,690.0,450.0,2.0,500.0,4.0,1.0,0.4,0.7
1974,2,88.0,-11.0,27.2,27.2,27.2,27.2,1.0,0.0,28.0,0.0,0.9,0.9,27.9,27.9,27.9,27.9,1.0,0.0,28.0,0.0,0.9,0.9,21.18,21.18,21.18,21.18,1.0,0.0,28.0,0.0,0.9,0.9,90.0,90.0,90.0,90.0,1.0,0.0,28.0,0.0,0.9,0.0,0.0,0.0,0.0,1.0,0.0,28.0,0.0,0.9,0.9,0.0,0.0,0.0,0.0,1.0,0.0,28.0,0.0,0.9,0.9,0.0,0.0,0.0,0.0,1.0,0.0,28.0,0.0,0.9,0.9,1010.7,1010.7,1010.7,1010.7,1.0,0.0,28.0,0.0,0.9,0.9,2.0,2.0,2.0,2.0,1.0,0.0,28.0,0.0,0.9,0.9,0.0,0.0,0.0,0.0,1.0,0.0,28.0,0.0,0.9,0.9,0.0,0.0,0.0,0.0,1.0,0.0,28.0,0.0,0.9,0.9,-0.7,-0.7,-0.7,-0.7,1.0,0.0,28.0,0.0,0.9,0.9,0.0,0.0,0.0,0.0,1.0,0.0,28.0,0.0,0.9,0.9,1.44,1.44,1.44,1.44,1.0,0.0,28.0,0.0,0.9,0.9,0.0,0.0,0.0,0.0,1.0,0.0,28.0,0.0,0.9,0.9,0.0,0.0,0.0,0.0,1.0,0.0,28.0,0.0,0.9,0.9,0.0,0.0,0.0,0.0,1.0,0.0,28.0,0.0,0.9,0.9,0.0,0.0,0.0,0.0,1.0,0.0,28.0,0.0,0.9,0.9,0.0,0.0,0.0,0.0,1.0,0.0,28.0,0.0,0.9,0.9,0.0,0.0,0.0,0.0,1.0,0.0,28.0,0.0,0.9,0.9,0.0,0.0,0.0,0.0,1.0,0.0,28.0,0.0,0.9,0.9,0.0,0.0,0.0,0.0,1.0,0.0,28.0,0.0,0.9,0.9,0.0,0.0,0.0,0.0,1.0,0.0,28.0,0.0,0.9,0.9
1974,2,88.0,-10.0,27.06,27.2,27.4,27.23,3.0,0.25,10.0,0.3,0.3,0.7,25.3,25.5,26.87,26.07,3.0,1.25,10.0,0.3,0.3,0.7,16.3,16.95,17.6,16.95,2.0,1.34,6.0,0.5,0.4,0.6,72.5,79.3,86.1,79.3,2.0,14.0,6.0,0.5,0.6,7.68,9.8,11.92,9.8,2.0,4.38,14.0,0.0,0.3,0.6,-2.05,2.79,7.63,2.79,2.0,10.03,14.0,0.0,0.3,0.6,-6.16,-1.58,3.0,-1.58,2.0,9.49,14.0,0.0,0.3,0.6,1004.25,1004.8,1008.01,1006.1,3.0,2.97,10.0,0.3,0.3,0.7,5.3,6.0,6.7,6.0,3.0,1.0,10.0,0.3,0.3,0.7,-4.0,49.3,102.7,49.3,2.0,110.5,14.0,0.0,0.3,0.6,-84.5,-36.3,12.0,-36.3,2.0,100.0,14.0,0.0,0.3,0.6,0.48,1.5,1.84,1.17,3.0,1.04,10.0,0.3,0.3,0.7,14.3,16.4,18.4,16.4,2.0,4.2,14.0,0.0,0.3,0.6,5.13,5.96,6.78,5.96,2.0,1.71,6.0,0.5,0.4,0.6,31.8,31.8,31.8,31.8,1.0,0.0,4.0,0.0,0.5,0.1,-51.3,71.7,194.8,71.7,2.0,254.9,14.0,0.0,0.3,0.6,-157.4,-41.1,75.3,-41.1,2.0,241.0,14.0,0.0,0.3,0.6,-77.1,-77.1,-77.1,-77.1,1.0,0.0,4.0,0.0,0.5,0.1,91.9,91.9,91.9,91.9,1.0,0.0,4.0,0.0,0.5,0.1,-20.4,-20.4,-20.4,-20.4,1.0,0.0,4.0,0.0,0.5,0.1,24.4,24.4,24.4,24.4,1.0,0.0,4.0,0.0,0.5,0.1,593.5,1223.5,1853.5,1223.5,2.0,1305.5,14.0,0.0,0.3,0.6,595.0,1225.0,1855.0,1225.0,2.0,1305.0,14.0,0.0,0.3,0.6
1974,2,88.0,-9.0,26.0,26.0,26.0,26.0,1.0,0.0,20.0,1.0,0.3,0.9,26.1,26.1,26.1,26.1,1.0,0.0,20.0,1.0,0.3,0.9,18.83,18.83,18.83,18.83,1.0,0.0,20.0,1.0,0.3,0.9,88.8,88.8,88.8,88.8,1.0,0.0,20.0,1.0,0.9,6.7,6.7,6.7,6.7,1.0,0.0,20.0,1.0,0.3,0.9,6.6,6.6,6.6,6.6,1.0,0.0,20.0,1.0,0.3,0.9,1.16,1.16,1.16,1.16,1.0,0.0,20.0,1.0,0.3,0.9,1007.3,1007.3,1007.3,1007.3,1.0,0.0,20.0,1.0,0.3,0.9,7.0,7.0,7.0,7.0,1.0,0.0,20.0,1.0,0.3,0.9,44.2,44.2,44.2,44.2,1.0,0.0,20.0,1.0,0.3,0.9,7.8,7.8,7.8,7.8,1.0,0.0,20.0,1.0,0.3,0.9,-0.1,-0.1,-0.1,-0.1,1.0,0.0,20.0,1.0,0.3,0.9,-0.7,-0.7,-0.7,-0.7,1.0,0.0,20.0,1.0,0.3,0.9,2.29,2.29,2.29,2.29,1.0,0.0,20.0,1.0,0.3,0.9,15.3,15.3,15.3,15.3,1.0,0.0,20.0,1.0,0.3,0.9,172.2,172.2,172.2,172.2,1.0,0.0,20.0,1.0,0.3,0.9,30.4,30.4,30.4,30.4,1.0,0.0,20.0,1.0,0.3,0.9,124.3,124.3,124.3,124.3,1.0,0.0,20.0,1.0,0.3,0.9,21.9,21.9,21.9,21.9,1.0,0.0,20.0,1.0,0.3,0.9,15.1,15.1,15.1,15.1,1.0,0.0,20.0,1.0,0.3,0.9,2.7,2.7,2.7,2.7,1.0,0.0,20.0,1.0,0.3,0.9,301.0,301.0,301.0,301.0,1.0,0.0,20.0,1.0,0.3,0.9,300.0,300.0,300.0,300.0,1.0,0.0,20.0,1.0,0.3,0.9
1974,2,88.0,-8.0,26.4,26.5,27.48,26.98,5.0,1.13,14.0,0.8,0.4,0.7,25.78,27.1,28.26,27.03,4.0,1.47,14.0,0.8,0.4,0.7,17.24,17.45,17.66,17.45,3.0,0.31,12.0,0.7,0.6,0.8,72.5,72.6,81.8,77.0,3.0,7.8,12.0,0.7,0.8,5.62,6.45,9.95,7.73,4.0,3.51,18.0,1.0,0.3,0.8,4.11,6.06,9.35,6.7,4.0,3.98,18.0,1.0,0.3,0.8,-4.41,-3.35,-2.2,-3.31,4.0,1.28,18.0,1.0,0.3,0.8,1005.63,1009.8,1010.07,1008.18,5.0,2.54,14.0,0.8,0.4,0.7,4.2,8.0,8.0,6.2,5.0,3.0,14.0,0.8,0.4,0.7,24.0,39.2,102.0,61.9,4.0,64.2,18.0,1.0,0.3,0.8,-40.5,-18.9,-14.2,-27.0,4.0,20.4,18.0,1.0,0.3,0.8,-0.64,0.35,0.81,0.1,4.0,1.07,14.0,0.8,0.4,0.7,-4.4,1.3,2.5,-0.9,3.0,5.5,16.0,1.0,0.3,0.8,4.39,4.7,6.64,5.5,3.0,1.79,12.0,0.7,0.6,0.8,27.6,35.4,43.2,35.4,2.0,16.1,16.0,1.0,0.4,0.9,101.1,165.0,165.7,134.1,3.0,54.3,16.0,1.0,0.3,0.8,-103.6,-60.4,-60.2,-81.4,3.0,36.6,16.0,1.0,0.3,0.8,53.2,73.6,94.0,73.6,2.0,42.3,16.0,1.0,0.4,0.9,-69.7,-56.7,-43.7,-56.7,2.0,26.9,16.0,1.0,0.4,0.9,17.1,28.0,38.9,28.0,2.0,22.6,16.0,1.0,0.4,0.9,-20.0,-18.4,-16.8,-18.4,2.0,3.4,16.0,1.0,0.4,0.9,183.0,269.5,1268.0,704.5,4.0,964.0,18.0,1.0,0.3,0.8,185.0,270.0,1270.0,705.0,4.0,965.0,18.0,1.0,0.3,0.8
1974,2,88.0,-7.0,26.5,26.5,26.5,26.5,1.0,0.0,6.0,1.0,0.0,0.1,25.0,25.0,25.0,25.0,1.0,0.0,6.0,1.0,0.0,0.1,17.83,17.83,17.83,17.83,1.0,0.0,6.0,1.0,0.0,0.1,89.7,89.7,89.7,89.7,1.0,0.0,6.0,1.0,0.1,2.6,2.6,2.6,2.6,1.0,0.0,6.0,1.0,0.0,0.1,-0.45,-0.45,-0.45,-0.45,1.0,0.0,6.0,1.0,0.0,0.1,2.56,2.56,2.56,2.56,1.0,0.0,6.0,1.0,0.0,0.1,1007.1,1007.1,1007.1,1007.1,1.0,0.0,6.0,1.0,0.0,0.1,8.0,8.0,8.0,8.0,1.0,0.0,6.0,1.0,0.0,0.1,-1.2,-1.2,-1.2,-1.2,1.0,0.0,6.0,1.0,0.0,0.1,6.7,6.7,6.7,6.7,1.0,0.0,6.0,1.0,0.0,0.1,1.5,1.5,1.5,1.5,1.0,0.0,6.0,1.0,0.0,0.1,3.9,3.9,3.9,3.9,1.0,0.0,6.0,1.0,0.0,0.1,3.94,3.94,3.94,3.94,1.0,0.0,6.0,1.0,0.0,0.1,10.2,10.2,10.2,10.2,1.0,0.0,6.0,1.0,0.0,0.1,-11.3,-11.3,-11.3,-11.3,1.0,0.0,6.0,1.0,0.0,0.1,64.0,64.0,64.0,64.0,1.0,0.0,6.0,1.0,0.0,0.1,-8.1,-8.1,-8.1,-8.1,1.0,0.0,6.0,1.0,0.0,0.1,45.7,45.7,45.7,45.7,1.0,0.0,6.0,1.0,0.0,0.1,-1.8,-1.8,-1.8,-1.8,1.0,0.0,6.0,1.0,0.0,0.1,10.1,10.1,10.1,10.1,1.0,0.0,6.0,1.0,0.0,0.1,17.5,17.5,17.5,17.5,1.0,0.0,6.0,1.0,0.0,0.1,20.0,20.0,20.0,20.0,1.0,0.0,6.0,1.0,0.0,0.1
1974,2,88.0,-5.0,26.77,28.0,28.2,27.5,3.0,1.14,8.0,0.3,0.6,0.6,26.73,26.8,27.28,27.0,3.0,0.44,8.0,0.3,0.6,0.6,18.69,18.79,19.36,19.02,3.0,0.53,8.0,0.3,0.6,0.6,85.2,85.2,85.2,85.2,3.0,0.0,8.0,0.3,0.6,4.76,5.1,7.97,6.33,3.0,2.58,8.0,0.3,0.6,0.6,4.0,5.02,7.09,5.53,3.0,2.31,8.0,0.3,0.6,0.6,-2.89,0.89,2.3,-0.27,3.0,3.93,8.0,0.3,0.6,0.6,1008.95,1009.7,1010.79,1009.87,3.0,1.36,8.0,0.3,0.6,0.6,4.0,6.0,7.4,5.7,3.0,2.5,8.0,0.3,0.6,0.6,19.2,25.6,59.3,38.9,3.0,31.5,8.0,0.3,0.6,0.6,-28.1,4.5,10.7,-8.4,3.0,30.5,8.0,0.3,0.6,0.6,-0.16,0.8,1.14,0.5,3.0,0.98,8.0,0.3,0.6,0.6,-2.5,4.1,5.4,1.5,3.0,6.2,8.0,0.3,0.6,0.6,3.18,4.57,4.9,4.06,3.0,1.34,8.0,0.3,0.6,0.6,23.3,23.3,23.5,23.4,3.0,0.2,8.0,0.3,0.6,0.6,108.1,138.1,191.2,149.4,3.0,61.7,8.0,0.3,0.6,0.6,-77.3,24.4,61.6,-7.1,3.0,105.4,8.0,0.3,0.6,0.6,76.1,98.6,134.6,105.2,3.0,43.2,8.0,0.3,0.6,0.6,-54.1,17.4,43.1,-5.0,3.0,73.8,8.0,0.3,0.6,0.6,18.7,20.5,22.2,20.4,3.0,2.6,8.0,0.3,0.6,0.6,-6.8,4.0,11.5,2.4,3.0,13.5,8.0,0.3,0.6,0.6,108.5,132.5,591.0,345.0,3.0,398.5,8.0,0.3,0.6,0.6,110.0,135.0,590.0,345.0,3.0,400.0,8.0,0.3,0.6,0.6
1974,2,88.0,-4.0,26.5,26.5,26.5,26.5,1.0,0.0,18.0,0.0,0.0,0.3,26.0,26.0,26.0,26.0,1.0,0.0,18.0,0.0,0.0,0.3,17.92,17.92,17.92,17.92,1.0,0.0,18.0,0.0,0.0,0.3,85.1,85.1,85.1,85.1,1.0,0.0,18.0,0.0,0.3,8.2,8.2,8.2,8.2,1.0,0.0,18.0,0.0,0.0,0.3,7.1,7.1,7.1,7.1,1.0,0.0,18.0,0.0,0.0,0.3,-4.1,-4.1,-4.1,-4.1,1.0,0.0,18.0,0.0,0.0,0.3,1008.0,1008.0,1008.0,1008.0,1.0,0.0,18.0,0.0,0.0,0.3,8.0,8.0,8.0,8.0,1.0,0.0,18.0,0.0,0.0,0.3,58.2,58.2,58.2,58.2,1.0,0.0,18.0,0.0,0.0,0.3,-33.6,-33.6,-33.6,-33.6,1.0,0.0,18.0,0.0,0.0,0.3,0.5,0.5,0.5,0.5,1.0,0.0,18.0,0.0,0.0,0.3,4.1,4.1,4.1,4.1,1.0,0.0,18.0,0.0,0.0,0.3,3.83,3.83,3.83,3.83,1.0,0.0,18.0,0.0,0.0,0.3,31.4,31.4,31.4,31.4,1.0,0.0,18.0,0.0,0.0,0.3,184.6,184.6,184.6,184.6,1.0,0.0,18.0,0.0,0.0,0.3,-106.6,-106.6,-106.6,-106.6,1.0,0.0,18.0,0.0,0.0,0.3,127.3,127.3,127.3,127.3,1.0,0.0,18.0,0.0,0.0,0.3,-73.5,-73.5,-73.5,-73.5,1.0,0.0,18.0,0.0,0.0,0.3,27.2,27.2,27.2,27.2,1.0,0.0,18.0,0.0,0.0,0.3,-15.7,-15.7,-15.7,-15.7,1.0,0.0,18.0,0.0,0.0,0.3,551.5,551.5,551.5,551.5,1.0,0.0,18.0,0.0,0.0,0.3,550.0,550.0,550.0,550.0,1.0,0.0,18.0,0.0,0.0,0.3
1974,2,88.0,0.0,27.97,28.7,29.51,28.66,7.0,0.88,18.0,0.7,0.3,0.8,27.08,27.8,30.04,28.24,7.0,1.59,18.0,0.7,0.3,0.8,16.97,18.44,19.36,18.22,6.0,1.56,18.0,0.7,0.3,0.8,71.4,79.1,84.0,77.9,6.0,6.8,18.0,0.7,0.8,2.1,2.1,3.08,2.66,7.0,0.93,18.0,0.7,0.3,0.8,1.25,1.82,2.25,1.51,7.0,1.04,18.0,0.7,0.3,0.8,-1.44,0.72,1.93,-0.06,7.0,2.32,18.0,0.7,0.3,0.8,1007.72,1010.1,1010.89,1009.63,7.0,2.08,18.0,0.7,0.3,0.8,2.0,4.0,6.0,4.0,7.0,2.2,18.0,0.7,0.3,0.8,2.6,4.1,6.9,4.2,7.0,3.0,18.0,0.7,0.3,0.8,-4.2,1.5,4.2,-1.5,7.0,8.8,18.0,0.7,0.3,0.8,-0.42,0.8,1.53,0.41,7.0,1.65,18.0,0.7,0.3,0.8,-1.0,1.9,3.8,0.9,7.0,4.7,18.0,0.7,0.3,0.8,5.72,6.68,7.29,6.65,6.0,0.93,18.0,0.7,0.3,0.8,12.0,15.9,20.3,17.2,6.0,6.7,18.0,0.7,0.3,0.8,37.6,50.9,61.5,43.1,7.0,29.4,18.0,0.7,0.3,0.8,-39.2,20.0,53.0,-0.2,7.0,64.5,18.0,0.7,0.3,0.8,17.0,32.0,38.7,26.2,6.0,19.6,18.0,0.7,0.3,0.8,-34.8,-3.8,29.5,-7.7,6.0,40.7,18.0,0.7,0.3,0.8,7.1,10.7,12.0,8.8,6.0,7.1,18.0,0.7,0.3,0.8,-12.9,-1.0,13.2,-2.0,6.0,15.9,18.0,0.7,0.3,0.8,9.5,9.5,30.5,25.5,7.0,32.5,18.0,0.7,0.3,0.8,10.0,10.0,30.0,25.0,7.0,30.0,18.0,0.7,0.3,0.8
1974,2,88.0,1.0,27.87,28.0,28.7,28.25,22.0,0.62,14.0,0.4,0.4,0.3,26.0,27.15,28.0,27.22,20.0,1.22,16.0,0.4,0.4,0.3,17.73,18.13,18.45,18.12,14.0,0.48,16.0,0.4,0.4,0.2,76.7,81.2,86.2,81.4,15.0,5.3,16.0,0.4,0.2,2.6,3.8,4.6,3.7,22.0,1.69,16.0,0.4,0.4,0.3,-0.93,1.7,3.11,1.24,22.0,2.53,16.0,0.4,0.4,0.3,-3.94,-0.52,1.59,-1.04,22.0,2.83,16.0,0.4,0.4,0.3,1006.9,1008.8,1010.4,1008.68,20.0,1.74,16.0,0.4,0.4,0.3,2.0,4.0,7.3,4.2,22.0,2.3,16.0,0.4,0.4,0.3,-4.8,5.5,11.9,4.0,22.0,12.7,16.0,0.4,0.4,0.3,-16.5,-2.2,4.4,-5.9,22.0,16.3,16.0,0.4,0.4,0.3,0.0,1.0,2.31,1.03,19.0,1.22,16.0,0.4,0.4,0.3,0.0,4.0,7.9,3.8,19.0,6.6,16.0,0.4,0.4,0.3,5.25,5.96,6.92,6.09,14.0,0.94,16.0,0.4,0.4,0.2,13.9,19.2,27.3,21.3,14.0,11.0,16.0,0.4,0.4,0.2,-34.3,46.8,84.1,29.1,20.0,72.0,16.0,0.4,0.4,0.3,-109.1,-37.1,42.2,-33.1,20.0,76.6,16.0,0.4,0.4,0.3,1.5,39.4,59.2,33.9,14.0,35.1,16.0,0.4,0.4,0.2,-71.6,-14.3,26.8,-15.8,14.0,45.0,16.0,0.4,0.4,0.2,0.4,13.9,21.3,11.7,14.0,12.9,16.0,0.4,0.4,0.2,-23.4,-4.4,8.0,-5.0,14.0,16.3,16.0,0.4,0.4,0.2,17.5,55.5,97.5,82.0,22.0,111.0,16.0,0.4,0.4,0.3,20.0,55.0,95.0,80.0,22.0,110.0,16.0,0.4,0.4,0.3
1974,2,88.0,2.0,27.03,27.7,28.52,27.78,4.0,0.97,20.0,0.5,0.5,0.4,25.85,26.1,27.73,26.74,5.0,1.36,18.0,0.4,0.4,0.4,16.73,18.12,19.04,17.9,4.0,1.5,18.0,0.5,0.4,0.4,71.4,74.4,86.3,78.4,5.0,9.0,18.0,0.4,0.4,0.71,3.3,6.99,3.82,4.0,3.89,18.0,0.5,0.5,0.4,-3.49,-1.27,0.27,-1.6,4.0,2.27,18.0,0.5,0.5,0.4,-3.95,0.7,2.99,-0.43,4.0,5.08,18.0,0.5,0.5,0.4,1007.64,1008.15,1010.18,1008.88,4.0,1.93,18.0,0.5,0.4,0.4,6.0,6.0,7.4,6.6,5.0,0.9,18.0,0.4,0.4,0.4,-26.0,-6.5,0.4,-12.5,4.0,18.0,18.0,0.5,0.5,0.4,-34.3,1.1,12.8,-10.2,4.0,38.3,18.0,0.5,0.5,0.4,0.48,1.05,1.26,0.88,4.0,0.61,20.0,0.5,0.5,0.4,0.0,0.0,3.5,1.7,3.0,2.9,20.0,0.7,0.6,0.5,4.49,6.5,7.41,5.96,3.0,2.19,20.0,0.7,0.6,0.5,14.5,24.8,35.1,24.8,2.0,21.3,20.0,1.0,0.7,0.5,-92.3,-34.4,7.8,-41.9,4.0,60.1,18.0,0.5,0.5,0.4,-103.0,20.4,81.9,-9.1,4.0,134.4,18.0,0.5,0.5,0.4,-65.2,-40.6,-6.4,-35.9,3.0,43.3,16.0,0.7,0.5,0.4,-82.2,26.3,56.4,-12.0,3.0,106.8,16.0,0.7,0.5,0.4,-16.3,-8.3,-0.4,-8.3,2.0,16.5,20.0,1.0,0.7,0.5,13.2,21.9,30.6,21.9,2.0,18.0,20.0,1.0,0.7,0.5,1.5,68.0,408.0,198.5,4.0,312.5,18.0,0.5,0.5,0.4,0.0,70.0,410.0,200.0,4.0,315.0,18.0,0.5,0.5,0.4
1974,2,88.0,3.0,26.66,27.0,27.55,27.1,3.0,0.66,12.0,0.3,0.3,0.4,25.63,27.0,27.68,26.67,3.0,1.53,12.0,0.3,0.3,0.4,16.9,17.37,17.44,17.18,3.0,0.43,12.0,0.3,0.3,0.4,74.9,78.3,82.2,78.5,3.0,5.3,12.0,0.3,0.4,0.0,0.0,1.77,0.87,3.0,1.5,12.0,0.3,0.3,0.4,-1.75,0.0,0.0,-0.85,3.0,1.48,12.0,0.3,0.3,0.4,-0.31,0.0,0.0,-0.15,3.0,0.26,12.0,0.3,0.3,0.4,1007.0,1008.5,1008.77,1007.9,3.0,1.4,12.0,0.3,0.3,0.4,5.0,5.0,6.4,5.7,3.0,1.2,12.0,0.3,0.3,0.4,-4.5,0.0,0.0,-2.2,3.0,3.8,12.0,0.3,0.3,0.4,-0.8,0.0,0.0,-0.4,3.0,0.7,12.0,0.3,0.3,0.4,-0.4,-0.2,1.3,0.43,3.0,1.37,12.0,0.3,0.3,0.4,-0.9,0.0,0.0,-0.4,3.0,0.8,12.0,0.3,0.3,0.4,4.74,5.77,6.01,5.38,3.0,0.99,12.0,0.3,0.3,0.4,0.0,0.0,7.6,3.7,3.0,6.4,12.0,0.3,0.3,0.4,-47.2,0.0,0.0,-23.0,3.0,39.9,12.0,0.3,0.3,0.4,-8.3,0.0,0.0,-4.1,3.0,7.0,12.0,0.3,0.3,0.4,-30.5,0.0,0.0,-14.9,3.0,25.8,12.0,0.3,0.3,0.4,-5.4,0.0,0.0,-2.6,3.0,4.6,12.0,0.3,0.3,0.4,-7.4,0.0,0.0,-3.6,3.0,6.3,12.0,0.3,0.3,0.4,-1.3,0.0,0.0,-0.6,3.0,1.1,12.0,0.3,0.3,0.4,0.0,0.0,12.0,6.0,3.0,10.0,12.0,0.3,0.3,0.4,0.0,0.0,10.0,5.0,3.0,10.0,12.0,0.3,0.3,0.4
1974,2,88.0,4.0,27.71,28.3,28.81,28.24,5.0,0.69,20.0,0.4,0.4,0.4,26.63,27.1,27.38,27.0,5.0,0.62,20.0,0.4,0.4,0.4,17.41,17.5,18.31,17.85,4.0,0.8,24.0,0.5,0.3,0.5,76.2,78.3,81.6,78.9,4.0,4.0,24.0,0.5,0.5,2.92,4.1,7.22,5.0,5.0,2.63,20.0,0.4,0.4,0.4,-5.25,-1.55,0.0,-2.52,5.0,4.16,20.0,0.4,0.4,0.4,-1.96,0.89,3.11,0.41,5.0,3.56,20.0,0.4,0.4,0.4,1007.94,1009.0,1011.65,1009.74,5.0,2.69,20.0,0.4,0.4,0.4,3.3,6.0,7.4,5.4,5.0,2.4,20.0,0.4,0.4,0.4,-41.8,-5.7,-0.7,-20.9,5.0,34.8,20.0,0.4,0.4,0.4,-12.2,2.3,11.1,-1.4,5.0,18.9,20.0,0.4,0.4,0.4,0.64,1.6,1.87,1.24,5.0,1.01,20.0,0.4,0.4,0.4,2.7,5.3,13.7,7.6,5.0,7.3,20.0,0.4,0.4,0.4,5.71,6.37,6.96,6.33,4.0,0.84,24.0,0.5,0.3,0.5,18.0,24.8,32.9,25.4,4.0,10.2,24.0,0.5,0.3,0.5,-139.0,-42.0,0.7,-66.1,5.0,109.3,20.0,0.4,0.4,0.4,-53.3,24.6,84.2,11.1,5.0,96.7,20.0,0.4,0.4,0.4,-43.8,-25.8,10.5,-17.1,4.0,42.6,24.0,0.5,0.3,0.5,-46.2,31.2,57.7,6.9,4.0,75.8,24.0,0.5,0.3,0.5,-15.4,-10.3,2.4,-6.7,4.0,13.7,24.0,0.5,0.3,0.5,-15.1,12.2,22.6,4.1,4.0,26.3,24.0,0.5,0.3,0.5,25.5,69.0,417.5,216.5,5.0,299.5,20.0,0.4,0.4,0.4,25.0,70.0,420.0,215.0,5.0,300.0,20.0,0.4,0.4,0.4
1974,2,88.0,5.0,27.0,27.65,28.0,27.66,22.0,0.94,16.0,0.5,0.5,0.8,26.65,27.0,27.9,27.22,23.0,1.13,16.0,0.5,0.5,0.8,17.48,18.44,19.81,18.54,22.0,1.25,18.0,0.5,0.5,0.8,74.8,83.1,85.9,81.7,23.0,6.3,16.0,0.5,0.8,4.1,5.1,7.7,5.89,23.0,2.05,16.0,0.4,0.5,0.8,-5.47,-2.8,-0.88,-3.13,23.0,2.14,16.0,0.4,0.5,0.8,-7.24,-3.98,1.03,-3.4,23.0,3.69,16.0,0.4,0.5,0.8,1006.55,1010.0,1012.02,1009.66,23.0,2.54,18.0,0.5,0.5,0.8,4.7,7.0,8.0,6.5,24.0,1.7,16.0,0.5,0.5,0.8,-41.2,-19.9,-3.1,-20.2,23.0,17.1,16.0,0.4,0.5,0.8,-55.7,-16.7,5.5,-25.2,23.0,28.2,16.0,0.4,0.5,0.8,-0.33,0.4,1.3,0.49,21.0,1.35,16.0,0.5,0.5,0.8,-1.8,2.3,5.9,1.8,20.0,8.8,16.0,0.5,0.5,0.8,3.65,4.86,5.82,4.83,20.0,1.83,16.0,0.6,0.5,0.8,13.4,27.4,42.4,28.8,19.0,15.5,16.0,0.5,0.5,0.8,-144.5,-77.8,-31.7,-88.9,22.0,56.7,16.0,0.5,0.5,0.8,-198.7,-101.5,30.4,-90.6,22.0,103.8,16.0,0.5,0.5,0.8,-90.9,-52.0,-20.6,-58.3,21.0,37.4,18.0,0.5,0.5,0.8,-130.2,-68.2,20.7,-59.2,21.0,69.2,18.0,0.5,0.5,0.8,-23.0,-13.8,-3.6,-14.4,19.0,11.7,16.0,0.5,0.5,0.8,-38.0,-19.0,5.5,-16.8,19.0,21.5,16.0,0.5,0.5,0.8,69.0,132.5,456.5,276.0,23.0,244.0,16.0,0.4,0.5,0.8,70.0,135.0,455.0,275.0,23.0,245.0,16.0,0.4,0.5,0.8
1974,2,88.0,6.0,27.14,27.95,28.81,28.08,6.0,1.12,8.0,0.3,0.4,0.1,26.06,26.7,27.5,26.76,5.0,0.73,6.0,0.4,0.4,0.1,18.5,19.48,20.32,19.42,4.0,1.07,8.0,0.5,0.3,0.0,84.1,87.5,90.5,87.3,4.0,4.2,8.0,0.5,0.0,4.05,5.1,6.25,5.14,7.0,1.46,10.0,0.4,0.4,0.1,-5.45,-3.14,-0.88,-3.0,7.0,3.38,10.0,0.4,0.4,0.1,-3.24,-2.64,-1.19,-2.53,7.0,1.89,10.0,0.4,0.4,0.1,1008.66,1010.45,1012.58,1010.87,6.0,2.59,8.0,0.3,0.4,0.1,5.0,7.0,8.0,6.6,7.0,1.6,10.0,0.4,0.4,0.1,-34.1,-12.9,-5.7,-17.8,7.0,20.9,10.0,0.4,0.4,0.1,-20.1,-10.8,-5.9,-13.4,7.0,12.2,10.0,0.4,0.4,0.1,0.67,1.1,2.48,1.56,5.0,1.47,6.0,0.4,0.4,0.1,2.8,7.9,15.4,9.4,5.0,9.3,6.0,0.4,0.4,0.1,3.98,4.13,4.34,4.16,4.0,0.22,8.0,0.5,0.3,0.0,16.9,21.0,28.3,22.6,4.0,7.1,8.0,0.5,0.3,0.0,-158.6,-86.4,13.8,-71.3,5.0,106.2,6.0,0.4,0.4,0.1,-110.5,-72.5,-57.9,-83.8,5.0,46.1,6.0,0.4,0.4,0.1,-119.3,-83.6,5.6,-58.1,4.0,86.7,8.0,0.5,0.3,0.0,-58.4,-51.7,-35.5,-47.2,4.0,17.1,8.0,0.5,0.3,0.0,-26.5,-17.3,0.2,-13.3,4.0,18.8,8.0,0.5,0.3,0.0,-11.8,-10.9,-7.9,-9.9,4.0,3.0,8.0,0.5,0.3,0.0,67.0,132.5,245.0,164.5,7.0,124.0,10.0,0.4,0.4,0.1,65.0,135.0,245.0,165.0,7.0,125.0,10.0,0.4,0.4,0.1
1974,2,88.0,7.0,27.5,27.5,27.5,27.5,1.0,0.0,10.0,1.0,0.3,0.4,27.0,27.0,27.0,27.0,1.0,0.0,10.0,1.0,0.3,0.4,17.1,17.1,17.1,17.1,1.0,0.0,10.0,1.0,0.3,0.4,76.9,76.9,76.9,76.9,1.0,0.0,10.0,1.0,0.4,9.3,9.3,9.3,9.3,1.0,0.0,10.0,1.0,0.3,0.4,-5.98,-5.98,-5.98,-5.98,1.0,0.0,10.0,1.0,0.3,0.4,-7.12,-7.12,-7.12,-7.12,1.0,0.0,10.0,1.0,0.3,0.4,1012.4,1012.4,1012.4,1012.4,1.0,0.0,10.0,1.0,0.3,0.4,7.0,7.0,7.0,7.0,1.0,0.0,10.0,1.0,0.3,0.4,-55.6,-55.6,-55.6,-55.6,1.0,0.0,10.0,1.0,0.3,0.4,-66.3,-66.3,-66.3,-66.3,1.0,0.0,10.0,1.0,0.3,0.4,0.5,0.5,0.5,0.5,1.0,0.0,10.0,1.0,0.3,0.4,4.7,4.7,4.7,4.7,1.0,0.0,10.0,1.0,0.3,0.4,5.89,5.89,5.89,5.89,1.0,0.0,10.0,1.0,0.3,0.4,54.8,54.8,54.8,54.8,1.0,0.0,10.0,1.0,0.3,0.4,-161.4,-161.4,-161.4,-161.4,1.0,0.0,10.0,1.0,0.3,0.4,-192.4,-192.4,-192.4,-192.4,1.0,0.0,10.0,1.0,0.3,0.4,-102.2,-102.2,-102.2,-102.2,1.0,0.0,10.0,1.0,0.3,0.4,-121.8,-121.8,-121.8,-121.8,1.0,0.0,10.0,1.0,0.3,0.4,-35.2,-35.2,-35.2,-35.2,1.0,0.0,10.0,1.0,0.3,0.4,-42.0,-42.0,-42.0,-42.0,1.0,0.0,10.0,1.0,0.3,0.4,804.5,804.5,804.5,804.5,1.0,0.0,10.0,1.0,0.3,0.4,805.0,805.0,805.0,805.0,1.0,0.0,10.0,1.0,0.3,0.4
1974,2,88.0,8.0,27.6,27.6,27.6,27.6,1.0,0.0,26.0,0.0,0.7,0.1,28.0,28.0,28.0,28.0,1.0,0.0,26.0,0.0,0.7,0.1,23.75,23.75,23.75,23.75,1.0,0.0,26.0,0.0,0.7,0.1,100.0,100.0,100.0,100.0,1.0,0.0,26.0,0.0,0.1,3.1,3.1,3.1,3.1,1.0,0.0,26.0,0.0,0.7,0.1,2.37,2.37,2.37,2.37,1.0,0.0,26.0,0.0,0.7,0.1,1.99,1.99,1.99,1.99,1.0,0.0,26.0,0.0,0.7,0.1,1009.4,1009.4,1009.4,1009.4,1.0,0.0,26.0,0.0,0.7,0.1,6.0,6.0,6.0,6.0,1.0,0.0,26.0,0.0,0.7,0.1,7.4,7.4,7.4,7.4,1.0,0.0,26.0,0.0,0.7,0.1,6.2,6.2,6.2,6.2,1.0,0.0,26.0,0.0,0.7,0.1,-0.4,-0.4,-0.4,-0.4,1.0,0.0,26.0,0.0,0.7,0.1,-1.2,-1.2,-1.2,-1.2,1.0,0.0,26.0,0.0,0.7,0.1,-0.56,-0.56,-0.56,-0.56,1.0,0.0,26.0,0.0,0.7,0.1,-1.7,-1.7,-1.7,-1.7,1.0,0.0,26.0,0.0,0.7,0.1,66.5,66.5,66.5,66.5,1.0,0.0,26.0,0.0,0.7,0.1,55.8,55.8,55.8,55.8,1.0,0.0,26.0,0.0,0.7,0.1,56.4,56.4,56.4,56.4,1.0,0.0,26.0,0.0,0.7,0.1,47.3,47.3,47.3,47.3,1.0,0.0,26.0,0.0,0.7,0.1,-1.3,-1.3,-1.3,-1.3,1.0,0.0,26.0,0.0,0.7,0.1,-1.1,-1.1,-1.1,-1.1,1.0,0.0,26.0,0.0,0.7,0.1,30.0,30.0,30.0,30.0,1.0,0.0,26.0,0.0,0.7,0.1,30.0,30.0,30.0,30.0,1.0,0.0,26.0,0.0,0.7,0.1
1974,2,88.0,16.0,25.64,25.95,26.26,25.95,2.0,0.64,18.0,0.0,0.3,0.2,25.38,26.2,27.02,26.2,2.0,1.7,18.0,0.0,0.3,0.2,15.57,16.48,17.39,16.48,2.0,1.88,18.0,0.0,0.3,0.2,77.2,77.5,77.7,77.5,2.0,0.6,18.0,0.0,0.2,4.85,5.4,5.95,5.4,2.0,1.13,18.0,0.0,0.3,0.2,-5.03,-3.31,-1.6,-3.31,2.0,3.55,18.0,0.0,0.3,0.2,-4.15,-3.33,-2.5,-3.33,2.0,1.7,18.0,0.0,0.3,0.2,1009.54,1012.0,1014.46,1012.0,2.0,5.09,18.0,0.0,0.3,0.2,0.3,1.0,1.7,1.0,2.0,1.4,18.0,0.0,0.3,0.2,-31.0,-19.9,-8.8,-19.9,2.0,22.9,18.0,0.0,0.3,0.2,-19.6,-17.0,-14.4,-17.0,2.0,5.4,18.0,0.0,0.3,0.2,-0.76,-0.25,0.26,-0.25,2.0,1.06,18.0,0.0,0.3,0.2,-3.4,-0.7,1.9,-0.7,2.0,5.4,18.0,0.0,0.3,0.2,4.02,4.49,4.96,4.49,2.0,0.97,18.0,0.0,0.3,0.2,19.8,24.8,29.8,24.8,2.0,10.3,18.0,0.0,0.3,0.2,-126.0,-83.8,-41.5,-83.8,2.0,87.5,18.0,0.0,0.3,0.2,-112.8,-88.6,-64.3,-88.6,2.0,50.3,18.0,0.0,0.3,0.2,-76.5,-51.3,-26.0,-51.3,2.0,52.4,18.0,0.0,0.3,0.2,-73.0,-56.4,-39.8,-56.4,2.0,34.3,18.0,0.0,0.3,0.2,-25.8,-16.6,-7.3,-16.6,2.0,19.2,18.0,0.0,0.3,0.2,-16.2,-14.1,-12.0,-14.1,2.0,4.4,18.0,0.0,0.3,0.2,119.5,168.0,216.0,168.0,2.0,99.5,18.0,0.0,0.3,0.2,120.0,170.0,215.0,170.0,2.0,100.0,18.0,0.0,0.3,0.2
1974,2,88.0,17.0,25.5,25.5,25.5,25.5,1.0,0.0,12.0,0.0,0.6,0.0,27.0,27.0,27.0,27.0,1.0,0.0,12.0,0.0,0.6,0.0,17.27,17.27,17.27,17.27,1.0,0.0,12.0,0.0,0.6,0.0,77.8,77.8,77.8,77.8,1.0,0.0,12.0,0.0,0.0,5.1,5.1,5.1,5.1,1.0,0.0,12.0,0.0,0.6,0.0,-1.74,-1.74,-1.74,-1.74,1.0,0.0,12.0,0.0,0.6,0.0,-4.79,-4.79,-4.79,-4.79,1.0,0.0,12.0,0.0,0.6,0.0,1014.3,1014.3,1014.3,1014.3,1.0,0.0,12.0,0.0,0.6,0.0,7.0,7.0,7.0,7.0,1.0,0.0,12.0,0.0,0.6,0.0,-8.9,-8.9,-8.9,-8.9,1.0,0.0,12.0,0.0,0.6,0.0,-24.4,-24.4,-24.4,-24.4,1.0,0.0,12.0,0.0,0.6,0.0,-1.5,-1.5,-1.5,-1.5,1.0,0.0,12.0,0.0,0.6,0.0,-7.6,-7.6,-7.6,-7.6,1.0,0.0,12.0,0.0,0.6,0.0,3.08,3.08,3.08,3.08,1.0,0.0,12.0,0.0,0.6,0.0,15.7,15.7,15.7,15.7,1.0,0.0,12.0,0.0,0.6,0.0,-47.1,-47.1,-47.1,-47.1,1.0,0.0,12.0,0.0,0.6,0.0,-129.4,-129.4,-129.4,-129.4,1.0,0.0,12.0,0.0,0.6,0.0,-30.1,-30.1,-30.1,-30.1,1.0,0.0,12.0,0.0,0.6,0.0,-82.8,-82.8,-82.8,-82.8,1.0,0.0,12.0,0.0,0.6,0.0,-5.4,-5.4,-5.4,-5.4,1.0,0.0,12.0,0.0,0.6,0.0,-14.8,-14.8,-14.8,-14.8,1.0,0.0,12.0,0.0,0.6,0.0,132.5,132.5,132.5,132.5,1.0,0.0,12.0,0.0,0.6,0.0,135.0,135.0,135.0,135.0,1.0,0.0,12.0,0.0,0.6,0.0
1974,2,88.0,18.0,23.12,24.8,26.27,24.7,4.0,1.9,14.0,0.3,0.1,0.4,23.61,24.95,25.66,24.65,4.0,1.36,14.0,0.3,0.1,0.4,10.22,11.58,12.94,11.58,2.0,2.82,8.0,0.5,0.0,0.6,57.2,60.5,63.8,60.5,2.0,6.8,8.0,0.5,0.6,7.28,7.45,7.62,7.45,2.0,0.35,8.0,0.5,0.0,0.6,-3.81,-3.72,-3.64,-3.72,2.0,0.18,8.0,0.5,0.0,0.6,-6.6,-6.45,-6.3,-6.45,2.0,0.31,8.0,0.5,0.0,0.6,1013.53,1014.7,1016.5,1015.0,4.0,1.87,14.0,0.3,0.1,0.4,0.0,0.5,1.0,0.5,4.0,0.6,14.0,0.3,0.1,0.4,-29.1,-27.8,-26.5,-27.8,2.0,2.6,8.0,0.5,0.0,0.6,-50.3,-48.1,-45.9,-48.1,2.0,4.6,8.0,0.5,0.0,0.6,-1.85,-0.4,2.0,0.05,4.0,2.83,14.0,0.3,0.1,0.4,3.8,13.7,23.5,13.7,2.0,20.4,8.0,0.5,0.0,0.6,7.99,9.74,11.49,9.74,2.0,3.62,8.0,0.5,0.0,0.6,60.6,71.9,83.3,71.9,2.0,23.5,8.0,0.5,0.0,0.6,-96.9,-90.9,-84.9,-90.9,2.0,12.5,8.0,0.5,0.0,0.6,-167.9,-157.4,-147.0,-157.4,2.0,21.6,8.0,0.5,0.0,0.6,-49.4,-43.4,-37.3,-43.4,2.0,12.5,8.0,0.5,0.0,0.6,-85.6,-75.1,-64.6,-75.1,2.0,21.7,8.0,0.5,0.0,0.6,-41.6,-36.0,-30.3,-36.0,2.0,11.8,8.0,0.5,0.0,0.6,-72.1,-62.3,-52.4,-62.3,2.0,20.4,8.0,0.5,0.0,0.6,386.5,415.0,443.5,415.0,2.0,59.0,8.0,0.5,0.0,0.6,385.0,415.0,445.0,415.0,2.0,60.0,8.0,0.5,0.0,0.6
1974,2,88.0,19.0,24.99,25.6,26.62,25.8,3.0,1.21,16.0,0.3,0.6,0.2,21.99,23.65,26.57,24.25,4.0,2.88,12.0,0.5,0.5,0.4,9.52,11.31,13.44,11.48,3.0,2.88,16.0,0.3,0.6,0.2,56.4,61.4,65.6,61.0,3.0,6.8,16.0,0.3,0.2,3.23,4.6,5.69,4.47,3.0,1.8,6.0,0.3,0.6,0.4,-4.6,-2.96,-2.08,-3.33,3.0,1.88,6.0,0.3,0.6,0.4,-3.39,-3.1,-2.34,-2.87,3.0,0.79,6.0,0.3,0.6,0.4,1012.06,1014.15,1015.98,1014.03,4.0,2.95,12.0,0.5,0.5,0.4,0.0,1.5,5.1,2.5,4.0,3.3,12.0,0.5,0.5,0.4,-27.0,-13.6,-7.3,-17.1,3.0,14.8,6.0,0.3,0.6,0.4,-18.3,-16.2,-8.7,-13.5,3.0,7.4,6.0,0.3,0.6,0.4,0.15,2.4,3.42,1.8,3.0,2.46,16.0,0.3,0.6,0.2,9.1,15.2,21.3,15.2,2.0,12.7,8.0,0.0,0.7,0.3,8.03,8.16,10.65,9.31,3.0,2.16,16.0,0.3,0.6,0.2,29.5,47.2,64.9,47.2,2.0,36.7,8.0,0.0,0.7,0.3,-103.0,-73.9,-48.9,-75.9,3.0,39.7,6.0,0.3,0.6,0.4,-81.5,-67.3,-51.7,-66.6,3.0,21.8,6.0,0.3,0.6,0.4,-42.2,-32.8,-23.3,-32.8,2.0,19.6,8.0,0.0,0.7,0.3,-26.2,-24.7,-23.2,-24.7,2.0,3.1,8.0,0.0,0.7,0.3,-55.5,-38.5,-21.5,-38.5,2.0,35.2,8.0,0.0,0.7,0.3,-33.4,-26.4,-19.5,-26.4,2.0,14.4,8.0,0.0,0.7,0.3,43.0,97.5,193.5,117.5,3.0,112.0,6.0,0.3,0.6,0.4,45.0,95.0,195.0,120.0,3.0,110.0,6.0,0.3,0.6,0.4
1974,2,88.0,20.0,,,,,,,,,,,,,,,,,,,,,,,,,,,,,,,,,,,,,,,,0.0,0.0,0.0,0.0,1.0,0.0,22.0,0.0,0.1,0.8,0.0,0.0,0.0,0.0,1.0,0.0,22.0,0.0,0.1,0.8,0.0,0.0,0.0,0.0,1.0,0.0,22.0,0.0,0.1,0.8,1009.0,1009.0,1009.0,1009.0,1.0,0.0,22.0,0.0,0.1,0.8,,,,,,,,,,,,,,,,,,,,,,,,,,,,,,,,,,,,,,,,,,,,,,,,,,,,,,,,,,,,,,,,,,,,,,,,,,,,,,,,,,,,,,,,,,,,,,,,,,,,,,,,,,,,,,,,,,,,,,,,,,,,,,,,,,,,,,,,,,,,,,,,,,,,,,
1974,2,89.0,-54.0,3.45,3.55,3.65,3.55,2.0,0.21,8.0,1.0,0.4,0.9,3.24,3.55,3.86,3.55,2.0,0.64,8.0,1.0,0.4,0.9,4.53,4.58,4.63,4.58,2.0,0.1,8.0,1.0,0.4,0.9,91.6,92.5,93.4,92.5,2.0,1.8,8.0,1.0,0.9,,,,,,,,,,,,,,,,,,,,,,,,,,,,,,,,,,,,,,,,,,,,,,,,,,,,,,,,,,,,,,,,,,,,,,,,,,,,,,,,,,,,,,,,,,,,,,,,,,,,,,,,,,,,,,,,,,,,,,,,,,,,,,,,,,,,,,,,,,,,,,,,,,,,,,,,,,,,,,,,,,,,,,,,,,,,,,,,,,,,,,,,,,,,,,
1974,2,89.0,-53.0,3.8,3.8,3.8,3.8,1.0,0.0,6.0,1.0,0.8,0.1,4.0,4.0,4.0,4.0,1.0,0.0,6.0,1.0,0.8,0.1,4.27,4.27,4.27,4.27,1.0,0.0,6.0,1.0,0.8,0.1,83.7,83.7,83.7,83.7,1.0,0.0,6.0,1.0,0.1,,,,,,,,,,,,,,,,,,,,,,,,,,,,,,,,,,,,,,,,,,,,,,,,,,,,,,,,,,,,,,,,,,,,,,,,,,,,,,,,,,,,,,,,,,,,,,,,,,,,,,,,,,,,,,,,,,,,,,,,,,,,,,,,,,,,,,,,,,,,,,,,,,,,,,,,,,,,,,,,,,,,,,,,,,,,,,,,,,,,,,,,,,,,,,
1974,2,89.0,-40.0,13.16,13.5,13.84,13.5,2.0,0.71,12.0,1.0,0.6,0.3,15.16,15.5,15.84,15.5,2.0,0.71,12.0,1.0,0.6,0.3,8.68,9.04,9.4,9.04,2.0,0.74,12.0,1.0,0.6,0.3,79.4,84.2,89.1,84.2,2.0,10.0,12.0,1.0,0.3,2.26,2.6,2.94,2.6,2.0,0.71,12.0,1.0,0.6,0.3,1.03,1.7,2.37,1.7,2.0,1.39,12.0,1.0,0.6,0.3,-0.99,0.21,1.41,0.21,2.0,2.49,12.0,1.0,0.6,0.3,1024.31,1028.2,1032.09,1028.2,2.0,8.06,12.0,1.0,0.6,0.3,3.0,5.0,7.0,5.0,2.0,4.2,12.0,1.0,0.6,0.3,2.6,4.9,7.2,4.9,2.0,4.8,12.0,1.0,0.6,0.3,-3.4,-0.3,2.7,-0.3,2.0,6.3,12.0,1.0,0.6,0.3,-2.0,-2.0,-2.0,-2.0,2.0,0.0,12.0,1.0,0.6,0.3,-5.9,-5.2,-4.5,-5.2,2.0,1.4,12.0,1.0,0.6,0.3,-0.12,0.41,0.95,0.41,2.0,1.11,12.0,1.0,0.6,0.3,-0.1,1.5,3.0,1.5,2.0,3.2,12.0,1.0,0.6,0.3,15.9,26.9,37.8,26.9,2.0,22.8,12.0,1.0,0.6,0.3,-16.2,2.4,21.0,2.4,2.0,38.5,12.0,1.0,0.6,0.3,9.4,14.9,20.3,14.9,2.0,11.3,12.0,1.0,0.6,0.3,-8.1,2.8,13.8,2.8,2.0,22.7,12.0,1.0,0.6,0.3,0.3,1.5,2.7,1.5,2.0,2.5,12.0,1.0,0.6,0.3,-1.7,-1.3,-0.9,-1.3,2.0,0.8,12.0,1.0,0.6,0.3,12.5,19.5,26.5,19.5,2.0,14.5,12.0,1.0,0.6,0.3,15.0,20.0,25.0,20.0,2.0,15.0,12.0,1.0,0.6,0.3
1974,2,89.0,-37.0,18.3,18.3,18.3,18.3,1.0,0.0,16.0,1.0,0.1,0.4,16.6,16.6,16.6,16.6,1.0,0.0,16.0,1.0,0.1,0.4,7.0,7.0,7.0,7.0,1.0,0.0,16.0,1.0,0.1,0.4,60.8,60.8,60.8,60.8,1.0,0.0,16.0,1.0,0.4,5.1,5.1,5.1,5.1,1.0,0.0,16.0,1.0,0.1,0.4,-5.1,-5.1,-5.1,-5.1,1.0,0.0,16.0,1.0,0.1,0.4,0.0,0.0,0.0,0.0,1.0,0.0,16.0,1.0,0.1,0.4,1028.2,1028.2,1028.2,1028.2,1.0,0.0,16.0,1.0,0.1,0.4,8.0,8.0,8.0,8.0,1.0,0.0,16.0,1.0,0.1,0.4,-26.0,-26.0,-26.0,-26.0,1.0,0.0,16.0,1.0,0.1,0.4,0.0,0.0,0.0,0.0,1.0,0.0,16.0,1.0,0.1,0.4,1.7,1.7,1.7,1.7,1.0,0.0,16.0,1.0,0.1,0.4,8.7,8.7,8.7,8.7,1.0,0.0,16.0,1.0,0.1,0.4,5.87,5.87,5.87,5.87,1.0,0.0,16.0,1.0,0.1,0.4,29.9,29.9,29.9,29.9,1.0,0.0,16.0,1.0,0.1,0.4,-84.7,-84.7,-84.7,-84.7,1.0,0.0,16.0,1.0,0.1,0.4,0.0,0.0,0.0,0.0,1.0,0.0,16.0,1.0,0.1,0.4,-35.7,-35.7,-35.7,-35.7,1.0,0.0,16.0,1.0,0.1,0.4,0.0,0.0,0.0,0.0,1.0,0.0,16.0,1.0,0.1,0.4,-29.9,-29.9,-29.9,-29.9,1.0,0.0,16.0,1.0,0.1,0.4,0.0,0.0,0.0,0.0,1.0,0.0,16.0,1.0,0.1,0.4,132.5,132.5,132.5,132.5,1.0,0.0,16.0,1.0,0.1,0.4,135.0,135.0,135.0,135.0,1.0,0.0,16.0,1.0,0.1,0.4
1974,2,89.0,-35.0,20.0,20.0,20.0,20.0,1.0,0.0,12.0,1.0,0.0,0.5,18.0,18.0,18.0,18.0,1.0,0.0,12.0,1.0,0.0,0.5,9.73,9.73,9.73,9.73,1.0,0.0,12.0,1.0,0.0,0.5,76.9,76.9,76.9,76.9,1.0,0.0,12.0,1.0,0.5,2.6,2.6,2.6,2.6,1.0,0.0,12.0,1.0,0.0,0.5,-2.44,-2.44,-2.44,-2.44,1.0,0.0,12.0,1.0,0.0,0.5,-0.89,-0.89,-0.89,-0.89,1.0,0.0,12.0,1.0,0.0,0.5,1025.5,1025.5,1025.5,1025.5,1.0,0.0,12.0,1.0,0.0,0.5,7.0,7.0,7.0,7.0,1.0,0.0,12.0,1.0,0.0,0.5,-6.4,-6.4,-6.4,-6.4,1.0,0.0,12.0,1.0,0.0,0.5,-2.3,-2.3,-2.3,-2.3,1.0,0.0,12.0,1.0,0.0,0.5,2.0,2.0,2.0,2.0,1.0,0.0,12.0,1.0,0.0,0.5,5.2,5.2,5.2,5.2,1.0,0.0,12.0,1.0,0.0,0.5,4.64,4.64,4.64,4.64,1.0,0.0,12.0,1.0,0.0,0.5,12.1,12.1,12.1,12.1,1.0,0.0,12.0,1.0,0.0,0.5,-44.0,-44.0,-44.0,-44.0,1.0,0.0,12.0,1.0,0.0,0.5,-16.0,-16.0,-16.0,-16.0,1.0,0.0,12.0,1.0,0.0,0.5,-23.8,-23.8,-23.8,-23.8,1.0,0.0,12.0,1.0,0.0,0.5,-8.7,-8.7,-8.7,-8.7,1.0,0.0,12.0,1.0,0.0,0.5,-11.3,-11.3,-11.3,-11.3,1.0,0.0,12.0,1.0,0.0,0.5,-4.1,-4.1,-4.1,-4.1,1.0,0.0,12.0,1.0,0.0,0.5,17.5,17.5,17.5,17.5,1.0,0.0,12.0,1.0,0.0,0.5,20.0,20.0,20.0,20.0,1.0,0.0,12.0,1.0,0.0,0.5
1974,2,89.0,-33.0,18.8,18.8,18.8,18.8,1.0,0.0,2.0,1.0,0.3,0.1,17.3,17.3,17.3,17.3,1.0,0.0,2.0,1.0,0.3,0.1,7.67,7.67,7.67,7.67,1.0,0.0,2.0,1.0,0.3,0.1,63.4,63.4,63.4,63.4,1.0,0.0,2.0,1.0,0.1,8.7,8.7,8.7,8.7,1.0,0.0,2.0,1.0,0.3,0.1,-4.35,-4.35,-4.35,-4.35,1.0,0.0,2.0,1.0,0.3,0.1,7.53,7.53,7.53,7.53,1.0,0.0,2.0,1.0,0.3,0.1,1024.1,1024.1,1024.1,1024.1,1.0,0.0,2.0,1.0,0.3,0.1,6.0,6.0,6.0,6.0,1.0,0.0,2.0,1.0,0.3,0.1,-37.8,-37.8,-37.8,-37.8,1.0,0.0,2.0,1.0,0.3,0.1,65.5,65.5,65.5,65.5,1.0,0.0,2.0,1.0,0.3,0.1,1.5,1.5,1.5,1.5,1.0,0.0,2.0,1.0,0.3,0.1,13.1,13.1,13.1,13.1,1.0,0.0,2.0,1.0,0.3,0.1,5.67,5.67,5.67,5.67,1.0,0.0,2.0,1.0,0.3,0.1,49.3,49.3,49.3,49.3,1.0,0.0,2.0,1.0,0.3,0.1,-75.3,-75.3,-75.3,-75.3,1.0,0.0,2.0,1.0,0.3,0.1,130.3,130.3,130.3,130.3,1.0,0.0,2.0,1.0,0.3,0.1,-33.4,-33.4,-33.4,-33.4,1.0,0.0,2.0,1.0,0.3,0.1,57.8,57.8,57.8,57.8,1.0,0.0,2.0,1.0,0.3,0.1,-24.6,-24.6,-24.6,-24.6,1.0,0.0,2.0,1.0,0.3,0.1,42.7,42.7,42.7,42.7,1.0,0.0,2.0,1.0,0.3,0.1,658.5,658.5,658.5,658.5,1.0,0.0,2.0,1.0,0.3,0.1,660.0,660.0,660.0,660.0,1.0,0.0,2.0,1.0,0.3,0.1
1974,2,89.0,-32.0,19.2,19.2,19.2,19.2,1.0,0.0,16.0,1.0,0.2,0.1,22.0,22.0,22.0,22.0,1.0,0.0,16.0,1.0,0.2,0.1,10.6,10.6,10.6,10.6,1.0,0.0,16.0,1.0,0.2,0.1,65.3,65.3,65.3,65.3,1.0,0.0,16.0,1.0,0.1,9.3,9.3,9.3,9.3,1.0,0.0,16.0,1.0,0.2,0.1,-9.3,-9.3,-9.3,-9.3,1.0,0.0,16.0,1.0,0.2,0.1,0.0,0.0,0.0,0.0,1.0,0.0,16.0,1.0,0.2,0.1,1023.9,1023.9,1023.9,1023.9,1.0,0.0,16.0,1.0,0.2,0.1,8.0,8.0,8.0,8.0,1.0,0.0,16.0,1.0,0.2,0.1,-86.5,-86.5,-86.5,-86.5,1.0,0.0,16.0,1.0,0.2,0.1,0.0,0.0,0.0,0.0,1.0,0.0,16.0,1.0,0.2,0.1,-2.8,-2.8,-2.8,-2.8,1.0,0.0,16.0,1.0,0.2,0.1,-26.0,-26.0,-26.0,-26.0,1.0,0.0,16.0,1.0,0.2,0.1,3.08,3.08,3.08,3.08,1.0,0.0,16.0,1.0,0.2,0.1,28.7,28.7,28.7,28.7,1.0,0.0,16.0,1.0,0.2,0.1,-204.6,-204.6,-204.6,-204.6,1.0,0.0,16.0,1.0,0.2,0.1,0.0,0.0,0.0,0.0,1.0,0.0,16.0,1.0,0.2,0.1,-98.6,-98.6,-98.6,-98.6,1.0,0.0,16.0,1.0,0.2,0.1,0.0,0.0,0.0,0.0,1.0,0.0,16.0,1.0,0.2,0.1,-28.7,-28.7,-28.7,-28.7,1.0,0.0,16.0,1.0,0.2,0.1,0.0,0.0,0.0,0.0,1.0,0.0,16.0,1.0,0.2,0.1,804.5,804.5,804.5,804.5,1.0,0.0,16.0,1.0,0.2,0.1,805.0,805.0,805.0,805.0,1.0,0.0,16.0,1.0,0.2,0.1
1974,2,89.0,-31.0,21.2,21.2,21.2,21.2,1.0,0.0,12.0,1.0,0.0,1.0,20.5,20.5,20.5,20.5,1.0,0.0,12.0,1.0,0.0,1.0,12.45,12.45,12.45,12.45,1.0,0.0,12.0,1.0,0.0,1.0,84.0,84.0,84.0,84.0,1.0,0.0,12.0,1.0,1.0,8.2,8.2,8.2,8.2,1.0,0.0,12.0,1.0,0.0,1.0,-7.71,-7.71,-7.71,-7.71,1.0,0.0,12.0,1.0,0.0,1.0,2.8,2.8,2.8,2.8,1.0,0.0,12.0,1.0,0.0,1.0,1023.9,1023.9,1023.9,1023.9,1.0,0.0,12.0,1.0,0.0,1.0,7.0,7.0,7.0,7.0,1.0,0.0,12.0,1.0,0.0,1.0,-63.2,-63.2,-63.2,-63.2,1.0,0.0,12.0,1.0,0.0,1.0,23.0,23.0,23.0,23.0,1.0,0.0,12.0,1.0,0.0,1.0,0.7,0.7,0.7,0.7,1.0,0.0,12.0,1.0,0.0,1.0,5.7,5.7,5.7,5.7,1.0,0.0,12.0,1.0,0.0,1.0,3.06,3.06,3.06,3.06,1.0,0.0,12.0,1.0,0.0,1.0,25.1,25.1,25.1,25.1,1.0,0.0,12.0,1.0,0.0,1.0,-158.0,-158.0,-158.0,-158.0,1.0,0.0,12.0,1.0,0.0,1.0,57.5,57.5,57.5,57.5,1.0,0.0,12.0,1.0,0.0,1.0,-95.9,-95.9,-95.9,-95.9,1.0,0.0,12.0,1.0,0.0,1.0,34.9,34.9,34.9,34.9,1.0,0.0,12.0,1.0,0.0,1.0,-23.6,-23.6,-23.6,-23.6,1.0,0.0,12.0,1.0,0.0,1.0,8.6,8.6,8.6,8.6,1.0,0.0,12.0,1.0,0.0,1.0,551.5,551.5,551.5,551.5,1.0,0.0,12.0,1.0,0.0,1.0,550.0,550.0,550.0,550.0,1.0,0.0,12.0,1.0,0.0,1.0
1974,2,89.0,-19.0,25.5,25.5,25.5,25.5,1.0,0.0,28.0,1.0,0.1,0.5,26.4,26.4,26.4,26.4,1.0,0.0,28.0,1.0,0.1,0.5,14.55,14.55,14.55,14.55,1.0,0.0,28.0,1.0,0.1,0.5,67.9,67.9,67.9,67.9,1.0,0.0,28.0,1.0,0.5,6.7,6.7,6.7,6.7,1.0,0.0,28.0,1.0,0.1,0.5,-5.8,-5.8,-5.8,-5.8,1.0,0.0,28.0,1.0,0.1,0.5,3.35,3.35,3.35,3.35,1.0,0.0,28.0,1.0,0.1,0.5,1012.8,1012.8,1012.8,1012.8,1.0,0.0,28.0,1.0,0.1,0.5,2.0,2.0,2.0,2.0,1.0,0.0,28.0,1.0,0.1,0.5,-38.9,-38.9,-38.9,-38.9,1.0,0.0,28.0,1.0,0.1,0.5,22.4,22.4,22.4,22.4,1.0,0.0,28.0,1.0,0.1,0.5,-0.9,-0.9,-0.9,-0.9,1.0,0.0,28.0,1.0,0.1,0.5,-6.0,-6.0,-6.0,-6.0,1.0,0.0,28.0,1.0,0.1,0.5,5.84,5.84,5.84,5.84,1.0,0.0,28.0,1.0,0.1,0.5,39.1,39.1,39.1,39.1,1.0,0.0,28.0,1.0,0.1,0.5,-153.2,-153.2,-153.2,-153.2,1.0,0.0,28.0,1.0,0.1,0.5,88.4,88.4,88.4,88.4,1.0,0.0,28.0,1.0,0.1,0.5,-84.4,-84.4,-84.4,-84.4,1.0,0.0,28.0,1.0,0.1,0.5,48.7,48.7,48.7,48.7,1.0,0.0,28.0,1.0,0.1,0.5,-33.9,-33.9,-33.9,-33.9,1.0,0.0,28.0,1.0,0.1,0.5,19.6,19.6,19.6,19.6,1.0,0.0,28.0,1.0,0.1,0.5,301.0,301.0,301.0,301.0,1.0,0.0,28.0,1.0,0.1,0.5,300.0,300.0,300.0,300.0,1.0,0.0,28.0,1.0,0.1,0.5
1974,2,89.0,-17.0,27.06,27.2,27.75,27.4,3.0,0.53,24.0,0.3,0.4,0.9,26.56,26.7,27.31,26.93,3.0,0.59,24.0,0.3,0.4,0.9,17.65,18.27,18.88,18.27,2.0,1.27,24.0,0.0,0.3,0.9,81.4,84.2,86.3,83.9,3.0,3.6,24.0,0.3,0.9,4.6,4.6,4.6,4.6,1.0,0.0,26.0,0.0,0.3,1.0,-4.32,-4.32,-4.32,-4.32,1.0,0.0,26.0,0.0,0.3,1.0,1.57,1.57,1.57,1.57,1.0,0.0,26.0,0.0,0.3,1.0,1008.16,1008.5,1008.84,1008.5,2.0,0.71,24.0,0.0,0.3,0.9,3.6,5.0,6.4,5.0,3.0,2.0,24.0,0.3,0.4,0.9,-19.9,-19.9,-19.9,-19.9,1.0,0.0,26.0,0.0,0.3,1.0,7.2,7.2,7.2,7.2,1.0,0.0,26.0,0.0,0.3,1.0,-0.11,0.5,1.05,0.47,3.0,0.85,24.0,0.3,0.4,0.9,2.3,2.3,2.3,2.3,1.0,0.0,26.0,0.0,0.3,1.0,4.68,4.82,4.96,4.82,2.0,0.29,24.0,0.0,0.3,0.9,23.1,23.1,23.1,23.1,1.0,0.0,26.0,0.0,0.3,1.0,-114.5,-114.5,-114.5,-114.5,1.0,0.0,26.0,0.0,0.3,1.0,41.7,41.7,41.7,41.7,1.0,0.0,26.0,0.0,0.3,1.0,-75.1,-75.1,-75.1,-75.1,1.0,0.0,26.0,0.0,0.3,1.0,27.3,27.3,27.3,27.3,1.0,0.0,26.0,0.0,0.3,1.0,-21.7,-21.7,-21.7,-21.7,1.0,0.0,26.0,0.0,0.3,1.0,7.9,7.9,7.9,7.9,1.0,0.0,26.0,0.0,0.3,1.0,97.5,97.5,97.5,97.5,1.0,0.0,26.0,0.0,0.3,1.0,95.0,95.0,95.0,95.0,1.0,0.0,26.0,0.0,0.3,1.0
1974,2,89.0,-16.0,27.66,28.0,28.34,28.0,3.0,0.5,6.0,0.7,0.5,0.6,27.0,27.0,27.34,27.17,3.0,0.29,6.0,0.7,0.5,0.6,16.2,17.61,19.12,17.66,3.0,2.14,6.0,0.7,0.5,0.6,71.9,76.5,84.9,78.3,3.0,9.7,6.0,0.7,0.6,8.89,9.3,11.35,10.1,3.0,1.93,6.0,0.7,0.5,0.6,-11.04,-8.74,-8.71,-9.85,3.0,1.96,6.0,0.7,0.5,0.6,0.68,2.14,2.85,1.77,3.0,1.62,6.0,0.7,0.5,0.6,1007.71,1008.8,1009.96,1008.83,3.0,1.65,6.0,0.7,0.5,0.6,3.0,3.0,5.0,4.0,3.0,1.7,6.0,0.7,0.5,0.6,-127.5,-81.3,-77.5,-102.0,3.0,40.8,6.0,0.7,0.5,0.6,8.3,26.3,28.5,18.6,3.0,16.2,6.0,0.7,0.5,0.6,0.32,1.0,1.34,0.83,3.0,0.76,6.0,0.7,0.5,0.6,2.8,8.7,12.3,7.6,3.0,7.0,6.0,0.7,0.5,0.6,4.89,5.49,7.35,6.11,3.0,1.88,6.0,0.7,0.5,0.6,50.7,67.6,70.3,60.6,3.0,15.5,6.0,0.7,0.5,0.6,-302.3,-236.0,-235.2,-268.0,3.0,56.4,6.0,0.7,0.5,0.6,18.6,58.7,77.3,48.2,3.0,43.9,6.0,0.7,0.5,0.6,-200.6,-173.3,-147.3,-173.9,3.0,39.1,6.0,0.7,0.5,0.6,11.9,37.6,55.0,33.6,3.0,31.7,6.0,0.7,0.5,0.6,-69.9,-66.5,-48.6,-59.4,3.0,16.8,6.0,0.7,0.5,0.6,3.7,11.7,13.7,8.8,3.0,7.8,6.0,0.7,0.5,0.6,705.0,804.5,1525.5,1108.0,3.0,656.0,6.0,0.7,0.5,0.6,705.0,805.0,1525.0,1110.0,3.0,655.0,6.0,0.7,0.5,0.6
1974,2,89.0,-15.0,28.0,28.0,28.0,28.0,1.0,0.0,2.0,1.0,0.6,0.7,27.2,27.2,27.2,27.2,1.0,0.0,2.0,1.0,0.6,0.7,14.58,14.58,14.58,14.58,1.0,0.0,2.0,1.0,0.6,0.7,64.8,64.8,64.8,64.8,1.0,0.0,2.0,1.0,0.7,5.0,5.0,5.0,5.0,1.0,0.0,2.0,1.0,0.6,0.7,-4.7,-4.7,-4.7,-4.7,1.0,0.0,2.0,1.0,0.6,0.7,1.71,1.71,1.71,1.71,1.0,0.0,2.0,1.0,0.6,0.7,1010.5,1010.5,1010.5,1010.5,1.0,0.0,2.0,1.0,0.6,0.7,2.0,2.0,2.0,2.0,1.0,0.0,2.0,1.0,0.6,0.7,-23.5,-23.5,-23.5,-23.5,1.0,0.0,2.0,1.0,0.6,0.7,8.6,8.6,8.6,8.6,1.0,0.0,2.0,1.0,0.6,0.7,0.8,0.8,0.8,0.8,1.0,0.0,2.0,1.0,0.6,0.7,4.0,4.0,4.0,4.0,1.0,0.0,2.0,1.0,0.6,0.7,9.14,9.14,9.14,9.14,1.0,0.0,2.0,1.0,0.6,0.7,45.7,45.7,45.7,45.7,1.0,0.0,2.0,1.0,0.6,0.7,-127.8,-127.8,-127.8,-127.8,1.0,0.0,2.0,1.0,0.6,0.7,46.5,46.5,46.5,46.5,1.0,0.0,2.0,1.0,0.6,0.7,-68.5,-68.5,-68.5,-68.5,1.0,0.0,2.0,1.0,0.6,0.7,24.9,24.9,24.9,24.9,1.0,0.0,2.0,1.0,0.6,0.7,-43.0,-43.0,-43.0,-43.0,1.0,0.0,2.0,1.0,0.6,0.7,15.6,15.6,15.6,15.6,1.0,0.0,2.0,1.0,0.6,0.7,125.0,125.0,125.0,125.0,1.0,0.0,2.0,1.0,0.6,0.7,125.0,125.0,125.0,125.0,1.0,0.0,2.0,1.0,0.6,0.7
1974,2,89.0,-12.0,28.0,28.0,28.0,28.0,1.0,0.0,10.0,1.0,0.9,0.4,28.0,28.0,28.0,28.0,1.0,0.0,10.0,1.0,0.9,0.4,18.7,18.7,18.7,18.7,1.0,0.0,10.0,1.0,0.9,0.4,78.9,78.9,78.9,78.9,1.0,0.0,10.0,1.0,0.4,4.6,4.6,4.6,4.6,1.0,0.0,10.0,1.0,0.9,0.4,-3.52,-3.52,-3.52,-3.52,1.0,0.0,10.0,1.0,0.9,0.4,2.96,2.96,2.96,2.96,1.0,0.0,10.0,1.0,0.9,0.4,1008.3,1008.3,1008.3,1008.3,1.0,0.0,10.0,1.0,0.9,0.4,5.0,5.0,5.0,5.0,1.0,0.0,10.0,1.0,0.9,0.4,-16.2,-16.2,-16.2,-16.2,1.0,0.0,10.0,1.0,0.9,0.4,13.6,13.6,13.6,13.6,1.0,0.0,10.0,1.0,0.9,0.4,0.0,0.0,0.0,0.0,1.0,0.0,10.0,1.0,0.9,0.4,0.0,0.0,0.0,0.0,1.0,0.0,10.0,1.0,0.9,0.4,5.08,5.08,5.08,5.08,1.0,0.0,10.0,1.0,0.9,0.4,23.3,23.3,23.3,23.3,1.0,0.0,10.0,1.0,0.9,0.4,-98.7,-98.7,-98.7,-98.7,1.0,0.0,10.0,1.0,0.9,0.4,82.8,82.8,82.8,82.8,1.0,0.0,10.0,1.0,0.9,0.4,-65.9,-65.9,-65.9,-65.9,1.0,0.0,10.0,1.0,0.9,0.4,55.3,55.3,55.3,55.3,1.0,0.0,10.0,1.0,0.9,0.4,-17.9,-17.9,-17.9,-17.9,1.0,0.0,10.0,1.0,0.9,0.4,15.0,15.0,15.0,15.0,1.0,0.0,10.0,1.0,0.9,0.4,97.5,97.5,97.5,97.5,1.0,0.0,10.0,1.0,0.9,0.4,95.0,95.0,95.0,95.0,1.0,0.0,10.0,1.0,0.9,0.4
1974,2,89.0,-11.0,27.58,27.75,27.92,27.75,2.0,0.35,6.0,1.0,0.3,0.6,26.85,26.95,27.05,26.95,2.0,0.21,6.0,1.0,0.3,0.6,15.48,16.35,17.22,16.35,2.0,1.8,6.0,1.0,0.3,0.6,70.0,73.3,76.7,73.3,2.0,7.0,6.0,1.0,0.6,3.07,5.15,7.23,5.15,2.0,4.31,6.0,1.0,0.3,0.6,-4.76,-3.67,-2.58,-3.67,2.0,2.26,6.0,1.0,0.3,0.6,1.3,3.32,5.34,3.32,2.0,4.18,6.0,1.0,0.3,0.6,1006.87,1007.45,1008.03,1007.45,2.0,1.2,6.0,1.0,0.3,0.6,4.0,4.0,4.0,4.0,2.0,0.0,6.0,1.0,0.3,0.6,-37.1,-23.8,-10.5,-23.8,2.0,27.5,6.0,1.0,0.3,0.6,8.8,26.1,43.5,26.1,2.0,35.9,6.0,1.0,0.3,0.6,0.73,0.8,0.87,0.8,2.0,0.14,6.0,1.0,0.3,0.6,2.5,3.8,5.1,3.8,2.0,2.7,6.0,1.0,0.3,0.6,6.48,7.1,7.72,7.1,2.0,1.28,6.0,1.0,0.3,0.6,21.4,39.3,57.3,39.3,2.0,37.2,6.0,1.0,0.3,0.6,-127.7,-98.7,-69.6,-98.7,2.0,60.3,6.0,1.0,0.3,0.6,35.0,89.1,143.2,89.1,2.0,112.1,6.0,1.0,0.3,0.6,-72.6,-58.0,-43.3,-58.0,2.0,30.4,6.0,1.0,0.3,0.6,20.4,50.6,80.7,50.6,2.0,62.4,6.0,1.0,0.3,0.6,-37.5,-27.5,-17.5,-27.5,2.0,20.8,6.0,1.0,0.3,0.6,9.9,26.3,42.7,26.3,2.0,34.0,6.0,1.0,0.3,0.6,95.5,280.5,465.5,280.5,2.0,383.5,6.0,1.0,0.3,0.6,95.0,280.0,465.0,280.0,2.0,385.0,6.0,1.0,0.3,0.6
1974,2,89.0,-10.0,,,,,,,,,,,,,,,,,,,,,,,,,,,,,,,,,,,,,,,,6.2,6.2,6.2,6.2,1.0,0.0,20.0,0.0,0.5,0.7,5.83,5.83,5.83,5.83,1.0,0.0,20.0,0.0,0.5,0.7,2.12,2.12,2.12,2.12,1.0,0.0,20.0,0.0,0.5,0.7,1007.6,1007.6,1007.6,1007.6,1.0,0.0,20.0,0.0,0.5,0.7,6.0,6.0,6.0,6.0,1.0,0.0,20.0,0.0,0.5,0.7,36.1,36.1,36.1,36.1,1.0,0.0,20.0,0.0,0.5,0.7,13.1,13.1,13.1,13.1,1.0,0.0,20.0,0.0,0.5,0.7,,,,,,,,,,,,,,,,,,,,,,,,,,,,,,,,,,,,,,,,,151.5,151.5,151.5,151.5,1.0,0.0,20.0,0.0,0.5,0.7,55.1,55.1,55.1,55.1,1.0,0.0,20.0,0.0,0.5,0.7,113.1,113.1,113.1,113.1,1.0,0.0,20.0,0.0,0.5,0.7,41.2,41.2,41.2,41.2,1.0,0.0,20.0,0.0,0.5,0.7,,,,,,,,,,,,,,,,,,,,,,,,,,,,,,,,,,,,,,,,
1974,2,89.0,-9.0,26.25,26.8,26.94,26.6,3.0,0.53,16.0,0.7,0.5,0.3,25.48,26.5,27.52,26.5,3.0,1.5,16.0,0.7,0.5,0.3,18.84,19.87,20.89,19.87,2.0,2.12,12.0,1.0,0.5,0.3,85.5,87.3,89.1,87.3,2.0,3.8,12.0,1.0,0.3,6.09,9.3,11.76,8.93,3.0,4.16,16.0,0.7,0.5,0.3,-0.37,8.74,11.45,5.61,3.0,9.07,16.0,0.7,0.5,0.3,-2.88,-2.24,-0.71,-1.81,3.0,1.63,16.0,0.7,0.5,0.3,1005.86,1007.7,1007.9,1006.9,3.0,1.65,16.0,0.7,0.5,0.3,6.0,6.0,6.7,6.3,3.0,0.6,16.0,0.7,0.5,0.3,11.4,81.3,137.7,74.7,3.0,92.7,16.0,0.7,0.5,0.3,-29.4,-28.9,-9.2,-19.5,3.0,16.9,16.0,0.7,0.5,0.3,-0.98,-0.5,1.21,0.1,3.0,1.68,16.0,0.7,0.5,0.3,-8.3,-2.3,16.9,4.1,3.0,19.3,16.0,0.7,0.5,0.3,1.09,1.76,2.43,1.76,2.0,1.39,12.0,1.0,0.5,0.3,8.1,9.9,11.8,9.9,2.0,3.8,12.0,1.0,0.5,0.3,-5.5,244.7,294.5,146.8,3.0,235.5,16.0,0.7,0.5,0.3,-78.6,-56.0,-17.8,-48.4,3.0,45.0,16.0,0.7,0.5,0.3,-41.4,51.1,143.7,51.1,2.0,191.8,12.0,1.0,0.5,0.3,-57.2,-34.0,-10.8,-34.0,2.0,48.1,12.0,1.0,0.5,0.3,-9.5,-2.9,3.7,-2.9,2.0,13.7,12.0,1.0,0.5,0.3,-2.1,-1.2,-0.4,-1.2,2.0,1.8,12.0,1.0,0.5,0.3,321.5,804.5,1720.5,1016.0,3.0,1041.0,16.0,0.7,0.5,0.3,320.0,805.0,1720.0,1015.0,3.0,1040.0,16.0,0.7,0.5,0.3
1974,2,89.0,-8.0,27.2,27.2,27.2,27.2,1.0,0.0,8.0,1.0,0.8,1.0,27.1,27.1,27.1,27.1,1.0,0.0,8.0,1.0,0.8,1.0,18.26,18.26,18.26,18.26,1.0,0.0,8.0,1.0,0.8,1.0,81.2,81.2,81.2,81.2,1.0,0.0,8.0,1.0,1.0,3.6,3.6,3.6,3.6,1.0,0.0,8.0,1.0,0.8,1.0,3.6,3.6,3.6,3.6,1.0,0.0,8.0,1.0,0.8,1.0,0.0,0.0,0.0,0.0,1.0,0.0,8.0,1.0,0.8,1.0,1007.5,1007.5,1007.5,1007.5,1.0,0.0,8.0,1.0,0.8,1.0,3.0,3.0,3.0,3.0,1.0,0.0,8.0,1.0,0.8,1.0,13.0,13.0,13.0,13.0,1.0,0.0,8.0,1.0,0.8,1.0,0.0,0.0,0.0,0.0,1.0,0.0,8.0,1.0,0.8,1.0,0.1,0.1,0.1,0.1,1.0,0.0,8.0,1.0,0.8,1.0,0.4,0.4,0.4,0.4,1.0,0.0,8.0,1.0,0.8,1.0,4.43,4.43,4.43,4.43,1.0,0.0,8.0,1.0,0.8,1.0,15.9,15.9,15.9,15.9,1.0,0.0,8.0,1.0,0.8,1.0,97.6,97.6,97.6,97.6,1.0,0.0,8.0,1.0,0.8,1.0,0.0,0.0,0.0,0.0,1.0,0.0,8.0,1.0,0.8,1.0,65.8,65.8,65.8,65.8,1.0,0.0,8.0,1.0,0.8,1.0,0.0,0.0,0.0,0.0,1.0,0.0,8.0,1.0,0.8,1.0,15.9,15.9,15.9,15.9,1.0,0.0,8.0,1.0,0.8,1.0,0.0,0.0,0.0,0.0,1.0,0.0,8.0,1.0,0.8,1.0,46.5,46.5,46.5,46.5,1.0,0.0,8.0,1.0,0.8,1.0,45.0,45.0,45.0,45.0,1.0,0.0,8.0,1.0,0.8,1.0
1974,2,89.0,-7.0,29.0,29.0,29.0,29.0,1.0,0.0,22.0,1.0,0.8,0.4,28.5,28.5,28.5,28.5,1.0,0.0,22.0,1.0,0.8,0.4,18.41,18.41,18.41,18.41,1.0,0.0,22.0,1.0,0.8,0.4,75.3,75.3,75.3,75.3,1.0,0.0,22.0,1.0,0.4,8.2,8.2,8.2,8.2,1.0,0.0,22.0,1.0,0.8,0.4,8.2,8.2,8.2,8.2,1.0,0.0,22.0,1.0,0.8,0.4,0.0,0.0,0.0,0.0,1.0,0.0,22.0,1.0,0.8,0.4,1005.5,1005.5,1005.5,1005.5,1.0,0.0,22.0,1.0,0.8,0.4,3.0,3.0,3.0,3.0,1.0,0.0,22.0,1.0,0.8,0.4,67.2,67.2,67.2,67.2,1.0,0.0,22.0,1.0,0.8,0.4,0.0,0.0,0.0,0.0,1.0,0.0,22.0,1.0,0.8,0.4,0.5,0.5,0.5,0.5,1.0,0.0,22.0,1.0,0.8,0.4,4.1,4.1,4.1,4.1,1.0,0.0,22.0,1.0,0.8,0.4,6.88,6.88,6.88,6.88,1.0,0.0,22.0,1.0,0.8,0.4,56.4,56.4,56.4,56.4,1.0,0.0,22.0,1.0,0.8,0.4,233.7,233.7,233.7,233.7,1.0,0.0,22.0,1.0,0.8,0.4,0.0,0.0,0.0,0.0,1.0,0.0,22.0,1.0,0.8,0.4,151.0,151.0,151.0,151.0,1.0,0.0,22.0,1.0,0.8,0.4,0.0,0.0,0.0,0.0,1.0,0.0,22.0,1.0,0.8,0.4,56.4,56.4,56.4,56.4,1.0,0.0,22.0,1.0,0.8,0.4,0.0,0.0,0.0,0.0,1.0,0.0,22.0,1.0,0.8,0.4,551.5,551.5,551.5,551.5,1.0,0.0,22.0,1.0,0.8,0.4,550.0,550.0,550.0,550.0,1.0,0.0,22.0,1.0,0.8,0.4
1974,2,89.0,-6.0,26.96,27.3,27.64,27.3,2.0,0.71,10.0,0.5,0.7,0.8,26.66,27.0,27.34,27.0,2.0,0.71,10.0,0.5,0.7,0.8,19.29,19.51,19.73,19.51,2.0,0.46,10.0,0.5,0.7,0.8,84.5,87.3,90.2,87.3,2.0,5.8,10.0,0.5,0.8,3.91,5.65,7.39,5.65,2.0,3.61,10.0,0.5,0.7,0.8,3.7,5.08,6.46,5.08,2.0,2.86,10.0,0.5,0.7,0.8,-3.36,-1.78,-0.2,-1.78,2.0,3.28,10.0,0.5,0.7,0.8,1007.32,1008.45,1009.58,1008.45,2.0,2.33,10.0,0.5,0.7,0.8,6.0,6.0,6.0,6.0,2.0,0.0,10.0,0.5,0.7,0.8,17.2,33.8,50.5,33.8,2.0,34.5,10.0,0.5,0.7,0.8,-28.0,-16.0,-3.9,-16.0,2.0,25.0,10.0,0.5,0.7,0.8,-0.38,0.3,0.98,0.3,2.0,1.41,10.0,0.5,0.7,0.8,-4.2,-0.9,2.5,-0.9,2.0,6.9,10.0,0.5,0.7,0.8,3.08,3.3,3.52,3.3,2.0,0.45,10.0,0.5,0.7,0.8,13.3,17.8,22.4,17.8,2.0,9.4,10.0,0.5,0.7,0.8,99.1,138.1,177.1,138.1,2.0,80.9,10.0,0.5,0.7,0.8,-92.6,-49.2,-5.9,-49.2,2.0,89.8,10.0,0.5,0.7,0.8,72.6,98.4,124.2,98.4,2.0,53.5,10.0,0.5,0.7,0.8,-64.5,-34.0,-3.5,-34.0,2.0,63.2,10.0,0.5,0.7,0.8,12.7,16.1,19.6,16.1,2.0,7.2,10.0,0.5,0.7,0.8,-10.0,-5.1,-0.3,-5.1,2.0,10.0,10.0,0.5,0.7,0.8,112.5,290.5,468.5,290.5,2.0,369.0,10.0,0.5,0.7,0.8,115.0,290.0,470.0,290.0,2.0,370.0,10.0,0.5,0.7,0.8
1974,2,89.0,-4.0,,,,,,,,,,,,,,,,,,,,,,,,,,,,,,,,,,,,,,,,4.6,4.6,4.6,4.6,1.0,0.0,8.0,0.0,0.1,0.1,4.6,4.6,4.6,4.6,1.0,0.0,8.0,0.0,0.1,0.1,0.0,0.0,0.0,0.0,1.0,0.0,8.0,0.0,0.1,0.1,1010.0,1010.0,1010.0,1010.0,1.0,0.0,8.0,0.0,0.1,0.1,,,,,,,,,,,,,,,,,,,,,,,,,,,,,,,,,,,,,,,,,,,,,,,,,,,,,,,,,,,,,,,,,,,,,,,,,,,,,,,,,,,,,,,,,,,,,,,,,,,,,,,,,,,,,,,,,,,,,,,,,,,,,,,,,,,,,,,,,,,,,,,,,,,,,,
1974,2,89.0,-1.0,27.2,27.2,27.2,27.2,1.0,0.0,8.0,1.0,0.8,0.3,27.1,27.1,27.1,27.1,1.0,0.0,8.0,1.0,0.8,0.3,18.71,18.71,18.71,18.71,1.0,0.0,8.0,1.0,0.8,0.3,83.2,83.2,83.2,83.2,1.0,0.0,8.0,1.0,0.3,4.0,4.0,4.0,4.0,1.0,0.0,8.0,1.0,0.8,0.3,4.0,4.0,4.0,4.0,1.0,0.0,8.0,1.0,0.8,0.3,0.0,0.0,0.0,0.0,1.0,0.0,8.0,1.0,0.8,0.3,1007.5,1007.5,1007.5,1007.5,1.0,0.0,8.0,1.0,0.8,0.3,3.0,3.0,3.0,3.0,1.0,0.0,8.0,1.0,0.8,0.3,16.0,16.0,16.0,16.0,1.0,0.0,8.0,1.0,0.8,0.3,0.0,0.0,0.0,0.0,1.0,0.0,8.0,1.0,0.8,0.3,0.1,0.1,0.1,0.1,1.0,0.0,8.0,1.0,0.8,0.3,0.4,0.4,0.4,0.4,1.0,0.0,8.0,1.0,0.8,0.3,3.97,3.97,3.97,3.97,1.0,0.0,8.0,1.0,0.8,0.3,15.9,15.9,15.9,15.9,1.0,0.0,8.0,1.0,0.8,0.3,108.4,108.4,108.4,108.4,1.0,0.0,8.0,1.0,0.8,0.3,0.0,0.0,0.0,0.0,1.0,0.0,8.0,1.0,0.8,0.3,74.9,74.9,74.9,74.9,1.0,0.0,8.0,1.0,0.8,0.3,0.0,0.0,0.0,0.0,1.0,0.0,8.0,1.0,0.8,0.3,15.9,15.9,15.9,15.9,1.0,0.0,8.0,1.0,0.8,0.3,0.0,0.0,0.0,0.0,1.0,0.0,8.0,1.0,0.8,0.3,64.0,64.0,64.0,64.0,1.0,0.0,8.0,1.0,0.8,0.3,65.0,65.0,65.0,65.0,1.0,0.0,8.0,1.0,0.8,0.3
1974,2,89.0,0.0,27.32,28.0,28.0,27.67,3.0,0.58,22.0,0.0,0.6,0.6,26.38,27.2,27.75,27.07,3.0,1.01,22.0,0.0,0.6,0.6,18.59,18.59,18.59,18.59,1.0,0.0,24.0,0.0,0.8,0.4,82.2,82.2,82.2,82.2,1.0,0.0,24.0,0.0,0.4,3.14,4.3,5.46,4.3,2.0,2.4,24.0,0.0,0.8,0.5,1.07,1.47,1.87,1.47,2.0,0.82,24.0,0.0,0.8,0.5,2.95,4.04,5.13,4.04,2.0,2.26,24.0,0.0,0.8,0.5,1007.66,1008.0,1009.3,1008.47,3.0,1.27,22.0,0.0,0.6,0.6,7.3,8.0,8.0,7.7,3.0,0.6,22.0,0.0,0.6,0.6,3.9,7.3,10.7,7.3,2.0,7.1,24.0,0.0,0.8,0.5,10.7,20.1,29.5,20.1,2.0,19.4,24.0,0.0,0.8,0.5,-0.43,0.8,1.62,0.6,3.0,1.51,22.0,0.0,0.6,0.6,-4.7,-2.0,0.8,-2.0,2.0,5.7,24.0,0.0,0.8,0.5,5.19,5.19,5.19,5.19,1.0,0.0,24.0,0.0,0.8,0.4,13.5,13.5,13.5,13.5,1.0,0.0,24.0,0.0,0.8,0.4,29.5,40.8,52.2,40.8,2.0,23.5,24.0,0.0,0.8,0.5,81.0,112.2,143.4,112.2,2.0,64.6,24.0,0.0,0.8,0.5,16.5,16.5,16.5,16.5,1.0,0.0,24.0,0.0,0.8,0.4,45.4,45.4,45.4,45.4,1.0,0.0,24.0,0.0,0.8,0.4,4.6,4.6,4.6,4.6,1.0,0.0,24.0,0.0,0.8,0.4,12.7,12.7,12.7,12.7,1.0,0.0,24.0,0.0,0.8,0.4,49.0,117.0,184.5,117.0,2.0,140.5,24.0,0.0,0.8,0.5,50.0,115.0,185.0,115.0,2.0,140.0,24.0,0.0,0.8,0.5
1974,2,89.0,1.0,27.55,28.0,29.0,28.21,16.0,0.68,18.0,0.6,0.3,0.6,26.95,27.3,29.46,27.99,17.0,1.42,18.0,0.6,0.3,0.6,17.67,18.26,18.65,18.18,14.0,0.85,18.0,0.5,0.3,0.7,74.5,78.8,83.1,78.5,14.0,4.8,18.0,0.5,0.7,1.03,2.8,4.07,2.71,14.0,1.71,16.0,0.6,0.3,0.6,-0.34,1.71,3.03,1.37,14.0,2.27,16.0,0.6,0.3,0.6,-1.46,0.13,2.29,0.44,14.0,1.85,16.0,0.6,0.3,0.6,1007.6,1009.05,1010.26,1008.95,16.0,1.4,18.0,0.6,0.3,0.6,2.5,4.0,6.4,4.1,17.0,2.1,18.0,0.6,0.3,0.6,-0.7,4.3,9.9,5.3,14.0,11.0,16.0,0.6,0.3,0.6,-3.7,0.2,8.2,3.1,14.0,7.9,16.0,0.6,0.3,0.6,-1.58,0.35,1.62,0.15,16.0,1.51,18.0,0.6,0.3,0.6,-1.9,0.4,7.3,1.8,13.0,4.8,16.0,0.6,0.2,0.6,4.97,5.54,6.56,5.77,13.0,0.95,16.0,0.5,0.3,0.7,6.7,16.8,25.5,16.2,11.0,10.2,16.0,0.5,0.3,0.7,-9.4,48.0,86.6,38.8,14.0,62.4,16.0,0.6,0.3,0.6,-45.4,3.5,62.6,11.9,14.0,51.1,16.0,0.6,0.3,0.6,-1.6,30.6,59.7,30.3,12.0,36.3,16.0,0.5,0.3,0.7,-19.8,2.4,38.0,6.4,12.0,29.6,16.0,0.5,0.3,0.7,-0.8,15.5,22.2,11.1,11.0,12.5,16.0,0.5,0.3,0.7,-7.0,1.4,13.3,2.5,11.0,9.7,16.0,0.5,0.3,0.7,1.0,22.5,67.5,43.5,14.0,65.5,16.0,0.6,0.3,0.6,0.0,20.0,70.0,45.0,14.0,65.0,16.0,0.6,0.3,0.6
1974,2,89.0,2.0,27.2,28.0,28.72,28.01,18.0,0.84,16.0,0.4,0.6,0.2,26.36,27.0,28.34,27.15,17.0,1.17,16.0,0.4,0.6,0.2,17.41,17.94,18.97,17.95,13.0,0.86,16.0,0.4,0.6,0.2,76.7,79.9,86.2,81.4,14.0,5.9,16.0,0.4,0.2,2.1,3.6,5.43,3.86,18.0,2.16,16.0,0.5,0.6,0.2,-3.5,0.72,2.58,-0.36,18.0,3.0,16.0,0.5,0.6,0.2,-3.47,-1.32,1.8,-1.21,18.0,3.11,16.0,0.5,0.6,0.2,1007.5,1009.6,1011.1,1009.26,16.0,1.76,16.0,0.4,0.6,0.2,3.0,5.0,7.1,5.1,19.0,2.0,16.0,0.5,0.6,0.2,-20.8,1.5,7.8,-4.9,18.0,16.3,16.0,0.5,0.6,0.2,-19.4,-3.7,6.2,-7.8,18.0,20.9,16.0,0.5,0.6,0.2,-0.34,0.6,2.19,0.86,17.0,1.24,16.0,0.4,0.6,0.2,-0.4,1.5,7.4,2.8,16.0,4.5,16.0,0.4,0.6,0.2,4.36,5.68,6.34,5.6,13.0,1.34,16.0,0.4,0.6,0.2,10.3,14.9,25.4,18.5,12.0,10.6,16.0,0.4,0.6,0.1,-84.5,28.1,74.5,3.1,16.0,76.9,16.0,0.4,0.6,0.2,-64.2,-29.5,64.3,-12.4,16.0,66.5,16.0,0.4,0.6,0.2,-44.3,26.5,47.3,11.8,12.0,44.7,16.0,0.4,0.6,0.1,-35.9,-20.1,31.2,-8.7,12.0,41.5,16.0,0.4,0.6,0.1,-17.5,7.1,13.3,1.0,12.0,16.6,16.0,0.4,0.6,0.1,-11.9,-5.2,8.9,-1.5,12.0,14.5,16.0,0.4,0.6,0.1,9.5,49.5,164.5,113.0,18.0,170.0,16.0,0.5,0.6,0.2,10.0,50.0,165.0,115.0,18.0,170.0,16.0,0.5,0.6,0.2
1974,2,89.0,3.0,27.45,27.7,28.05,27.74,5.0,0.4,16.0,0.4,0.6,0.5,26.89,27.2,28.57,27.68,5.0,1.09,16.0,0.4,0.6,0.5,17.4,17.97,18.52,18.0,5.0,0.69,16.0,0.4,0.6,0.5,73.2,77.4,82.6,77.6,5.0,7.0,16.0,0.4,0.5,2.06,3.1,6.3,3.62,6.0,2.5,16.0,0.5,0.6,0.5,-3.36,-2.43,-0.85,-2.11,6.0,1.34,16.0,0.5,0.6,0.5,-2.23,-0.62,1.26,-0.37,6.0,3.83,16.0,0.5,0.6,0.5,1007.09,1008.7,1009.2,1008.18,5.0,1.65,16.0,0.4,0.6,0.5,6.0,6.0,6.0,6.0,5.0,0.0,16.0,0.6,0.7,0.7,-14.3,-6.7,-4.6,-9.0,6.0,7.6,16.0,0.5,0.6,0.5,-11.5,-1.7,7.8,-1.5,6.0,24.3,16.0,0.5,0.6,0.5,-1.06,0.6,1.03,0.06,5.0,1.45,16.0,0.4,0.6,0.5,-6.7,0.0,3.1,-1.8,5.0,7.3,16.0,0.4,0.6,0.5,5.13,5.31,5.67,5.42,5.0,0.42,16.0,0.4,0.6,0.5,8.8,18.6,33.7,20.0,5.0,14.3,16.0,0.4,0.6,0.5,-91.7,-60.8,-20.1,-55.4,5.0,39.9,16.0,0.4,0.6,0.5,-81.8,-32.9,65.6,-10.3,5.0,123.1,16.0,0.4,0.6,0.5,-62.3,-40.5,-11.8,-36.9,5.0,27.6,16.0,0.4,0.6,0.5,-53.5,-23.4,38.5,-9.4,5.0,75.8,16.0,0.4,0.6,0.5,-17.2,-12.0,-3.7,-10.5,5.0,7.5,16.0,0.4,0.6,0.5,-15.2,-6.3,12.0,-2.0,5.0,22.5,16.0,0.4,0.6,0.5,14.0,32.0,251.0,103.5,6.0,131.0,16.0,0.5,0.6,0.5,15.0,30.0,250.0,105.0,6.0,130.0,16.0,0.5,0.6,0.5
1974,2,89.0,4.0,26.9,27.3,28.1,27.37,7.0,0.53,18.0,0.3,0.4,0.5,26.92,27.3,28.21,27.24,7.0,1.0,18.0,0.3,0.4,0.5,17.36,17.91,18.94,18.16,7.0,0.99,18.0,0.3,0.4,0.5,77.3,78.8,84.2,80.3,7.0,5.1,18.0,0.3,0.5,2.16,3.35,6.97,4.05,8.0,2.25,20.0,0.4,0.5,0.6,-2.34,-1.25,-0.73,-1.26,8.0,0.92,20.0,0.4,0.5,0.6,-6.86,-0.44,1.94,-1.64,8.0,4.25,20.0,0.4,0.5,0.6,1008.31,1008.8,1010.0,1009.76,8.0,2.46,20.0,0.4,0.5,0.6,6.0,6.0,7.0,5.8,8.0,2.0,20.0,0.4,0.5,0.6,-8.7,-5.4,-2.3,-5.0,8.0,3.4,20.0,0.4,0.5,0.6,-48.2,-1.2,4.1,-13.4,8.0,26.0,20.0,0.4,0.5,0.6,-0.25,0.0,0.83,0.13,7.0,0.84,18.0,0.3,0.4,0.5,-1.4,0.0,3.3,-0.4,7.0,4.1,18.0,0.3,0.4,0.5,3.82,4.54,6.02,4.72,7.0,1.29,18.0,0.3,0.4,0.5,13.1,23.2,28.0,20.2,7.0,8.5,18.0,0.3,0.4,0.5,-62.4,-34.1,-18.0,-33.5,7.0,26.6,18.0,0.3,0.4,0.5,-194.0,-22.6,58.4,-51.8,7.0,125.4,18.0,0.3,0.4,0.5,-41.4,-23.4,-11.8,-21.7,7.0,17.2,18.0,0.3,0.4,0.5,-132.7,-15.1,42.3,-34.5,7.0,84.0,18.0,0.3,0.4,0.5,-12.8,-4.8,-3.8,-6.6,7.0,5.8,18.0,0.3,0.4,0.5,-27.5,-4.6,6.7,-6.9,7.0,20.3,18.0,0.3,0.4,0.5,10.0,43.0,346.5,124.5,8.0,159.5,20.0,0.4,0.5,0.6,10.0,45.0,345.0,125.0,8.0,160.0,20.0,0.4,0.5,0.6
1974,2,89.0,5.0,26.7,27.35,28.0,27.34,20.0,0.67,14.0,0.3,0.5,0.8,26.23,27.0,27.75,27.11,21.0,1.19,16.0,0.2,0.5,0.8,17.28,17.87,18.72,17.91,18.0,1.0,18.0,0.2,0.5,0.8,75.2,80.9,84.1,80.0,20.0,4.4,16.0,0.3,0.8,3.6,6.95,8.2,6.3,20.0,2.36,16.0,0.3,0.5,0.8,-6.29,-2.83,-1.17,-3.42,20.0,2.68,16.0,0.3,0.5,0.8,-7.53,-4.64,-0.45,-3.86,20.0,3.49,16.0,0.3,0.5,0.8,1007.5,1009.05,1011.99,1009.46,20.0,1.8,18.0,0.2,0.5,0.8,4.2,7.0,8.0,6.0,21.0,1.9,16.0,0.2,0.5,0.8,-45.4,-18.3,-2.3,-24.3,20.0,23.8,16.0,0.3,0.5,0.8,-59.2,-32.9,-1.2,-29.6,20.0,26.3,16.0,0.3,0.5,0.8,-0.47,0.5,1.0,0.17,19.0,1.42,14.0,0.3,0.5,0.8,-2.8,1.3,6.7,0.4,18.0,10.4,14.0,0.3,0.5,0.8,3.38,4.73,5.84,4.73,16.0,1.29,16.0,0.2,0.5,0.8,13.3,28.6,37.5,29.3,15.0,14.5,16.0,0.2,0.5,0.8,-170.6,-78.5,-39.3,-97.6,19.0,71.4,14.0,0.3,0.5,0.8,-196.7,-123.7,-10.2,-100.4,19.0,95.3,14.0,0.3,0.5,0.8,-118.0,-54.2,-27.9,-65.6,16.0,46.5,16.0,0.2,0.5,0.8,-125.4,-65.3,-3.1,-57.5,16.0,64.8,16.0,0.2,0.5,0.8,-32.5,-12.9,-9.2,-18.3,15.0,15.8,16.0,0.2,0.5,0.8,-32.1,-22.4,-0.4,-14.8,15.0,16.9,16.0,0.2,0.5,0.8,46.5,337.0,551.5,340.5,20.0,241.5,16.0,0.3,0.5,0.8,45.0,335.0,550.0,340.0,20.0,240.0,16.0,0.3,0.5,0.8
1974,2,89.0,6.0,27.0,27.5,28.92,27.96,5.0,1.26,10.0,0.4,0.7,0.1,26.63,27.5,28.44,27.52,6.0,1.11,10.0,0.3,0.6,0.1,18.01,21.14,21.62,20.13,5.0,2.03,12.0,0.4,0.6,0.1,83.7,87.9,91.3,87.7,5.0,5.2,12.0,0.4,0.1,6.37,7.95,10.9,8.3,6.0,2.38,10.0,0.3,0.6,0.1,-9.72,-7.25,-4.29,-6.95,6.0,3.36,10.0,0.3,0.6,0.1,-5.5,-2.13,0.99,-1.79,6.0,3.92,10.0,0.3,0.6,0.1,1008.4,1009.65,1010.83,1009.78,6.0,2.43,10.0,0.3,0.6,0.1,4.6,6.5,7.0,5.8,6.0,1.6,10.0,0.3,0.6,0.1,-106.1,-54.7,-32.1,-63.9,6.0,43.3,10.0,0.3,0.6,0.1,-48.1,-18.8,5.0,-19.5,6.0,30.0,10.0,0.3,0.6,0.1,-0.73,0.2,1.68,0.34,5.0,1.56,10.0,0.4,0.7,0.1,-8.3,1.3,12.7,1.6,5.0,16.0,10.0,0.4,0.7,0.1,0.62,2.14,4.1,2.35,4.0,2.22,12.0,0.5,0.7,0.1,4.2,15.8,24.6,14.4,4.0,12.2,12.0,0.5,0.7,0.1,-274.4,-195.1,-120.5,-193.4,6.0,97.5,10.0,0.3,0.6,0.1,-154.4,-59.2,25.7,-52.0,6.0,106.8,10.0,0.3,0.6,0.1,-185.2,-133.1,-77.9,-133.3,5.0,78.8,12.0,0.4,0.6,0.1,-76.4,-43.9,31.2,-26.4,5.0,77.0,12.0,0.4,0.6,0.1,-12.0,-8.6,-3.9,-8.0,4.0,6.0,12.0,0.5,0.7,0.1,-10.6,-1.5,12.9,1.0,4.0,17.5,12.0,0.5,0.7,0.1,266.0,504.0,1297.5,690.5,6.0,534.5,10.0,0.3,0.6,0.1,265.0,505.0,1300.0,690.0,6.0,535.0,10.0,0.3,0.6,0.1
1974,2,89.0,7.0,28.08,28.25,28.42,28.25,2.0,0.35,22.0,0.0,0.8,0.6,25.41,26.3,27.19,26.3,2.0,1.84,22.0,0.0,0.8,0.6,14.49,16.13,17.78,16.13,2.0,3.41,22.0,0.0,0.8,0.6,71.1,74.8,78.5,74.8,2.0,7.7,22.0,0.0,0.6,4.75,6.15,7.55,6.15,2.0,2.9,22.0,0.0,0.8,0.6,-6.59,-5.48,-4.37,-5.48,2.0,2.3,22.0,0.0,0.8,0.6,-3.67,-2.75,-1.83,-2.75,2.0,1.91,22.0,0.0,0.8,0.6,1008.78,1009.6,1010.42,1009.6,2.0,1.7,22.0,0.0,0.8,0.6,3.3,4.0,4.7,4.0,2.0,1.4,22.0,0.0,0.8,0.6,-51.5,-37.0,-22.5,-37.0,2.0,30.0,22.0,0.0,0.8,0.6,-29.2,-19.7,-10.2,-19.7,2.0,19.7,22.0,0.0,0.8,0.6,1.23,1.95,2.67,1.95,2.0,1.48,22.0,0.0,0.8,0.6,7.0,14.1,21.3,14.1,2.0,14.8,22.0,0.0,0.8,0.6,6.55,7.97,9.39,7.97,2.0,2.94,22.0,0.0,0.8,0.6,33.4,53.3,73.2,53.3,2.0,41.2,22.0,0.0,0.8,0.6,-166.2,-141.9,-117.6,-141.9,2.0,50.3,22.0,0.0,0.8,0.6,-92.4,-70.6,-48.8,-70.6,2.0,45.1,22.0,0.0,0.8,0.6,-93.3,-84.4,-75.6,-84.4,2.0,18.4,22.0,0.0,0.8,0.6,-51.5,-41.1,-30.8,-41.1,2.0,21.4,22.0,0.0,0.8,0.6,-63.6,-47.0,-30.4,-47.0,2.0,34.4,22.0,0.0,0.8,0.6,-36.0,-24.7,-13.5,-24.7,2.0,23.3,22.0,0.0,0.8,0.6,145.5,310.0,475.0,310.0,2.0,341.0,22.0,0.0,0.8,0.6,145.0,310.0,475.0,310.0,2.0,340.0,22.0,0.0,0.8,0.6
1974,2,89.0,9.0,,,,,,,,,,,,,,,,,,,,,,,,,,,,,,,,,,,,,,,,4.0,4.0,4.0,4.0,1.0,0.0,20.0,0.0,0.5,0.3,-3.06,-3.06,-3.06,-3.06,1.0,0.0,20.0,0.0,0.5,0.3,-2.57,-2.57,-2.57,-2.57,1.0,0.0,20.0,0.0,0.5,0.3,1009.4,1009.4,1009.4,1009.4,1.0,0.0,20.0,0.0,0.5,0.3,,,,,,,,,,,,,,,,,,,,,,,,,,,,,,,,,,,,,,,,,,,,,,,,,,,,,,,,,,,,,,,,,,,,,,,,,,,,,,,,,,,,,,,,,,,,,,,,,,,,,,,,,,,,,,,,,,,,,,,,,,,,,,,,,,,,,,,,,,,,,,,,,,,,,,
1974,2,89.0,10.0,,,,,,,,,,,,,,,,,,,,,,,,,,,,,,,,,,,,,,,,6.7,6.7,6.7,6.7,1.0,0.0,8.0,0.0,0.6,0.0,-5.13,-5.13,-5.13,-5.13,1.0,0.0,8.0,0.0,0.6,0.0,-4.31,-4.31,-4.31,-4.31,1.0,0.0,8.0,0.0,0.6,0.0,1007.3,1007.3,1007.3,1007.3,1.0,0.0,8.0,0.0,0.6,0.0,,,,,,,,,,,,,,,,,,,,,,,,,,,,,,,,,,,,,,,,,,,,,,,,,,,,,,,,,,,,,,,,,,,,,,,,,,,,,,,,,,,,,,,,,,,,,,,,,,,,,,,,,,,,,,,,,,,,,,,,,,,,,,,,,,,,,,,,,,,,,,,,,,,,,,
1974,2,89.0,16.0,,,,,,,,,,,,,,,,,,,,,,,,,,,,,,,,,,,,,,,,7.0,7.0,7.0,7.0,1.0,0.0,20.0,0.0,0.5,0.1,-2.39,-2.39,-2.39,-2.39,1.0,0.0,20.0,0.0,0.5,0.1,-6.58,-6.58,-6.58,-6.58,1.0,0.0,20.0,0.0,0.5,0.1,1015.0,1015.0,1015.0,1015.0,1.0,0.0,20.0,0.0,0.5,0.1,,,,,,,,,,,,,,,,,,,,,,,,,,,,,,,,,,,,,,,,,,,,,,,,,,,,,,,,,,,,,,,,,,,,,,,,,,,,,,,,,,,,,,,,,,,,,,,,,,,,,,,,,,,,,,,,,,,,,,,,,,,,,,,,,,,,,,,,,,,,,,,,,,,,,,
1974,2,89.0,17.0,25.7,25.7,25.7,25.7,1.0,0.0,24.0,1.0,0.2,0.6,25.58,25.75,25.92,25.75,2.0,0.35,22.0,1.0,0.1,0.3,18.08,18.08,18.08,18.08,1.0,0.0,24.0,1.0,0.2,0.6,88.7,88.7,88.7,88.7,1.0,0.0,24.0,1.0,0.6,2.98,3.8,4.62,3.8,2.0,1.7,22.0,1.0,0.1,0.3,-0.37,0.69,1.76,0.69,2.0,2.21,22.0,1.0,0.1,0.3,-4.35,-3.11,-1.88,-3.11,2.0,2.56,22.0,1.0,0.1,0.3,1012.55,1014.6,1016.65,1014.6,2.0,4.24,22.0,1.0,0.1,0.3,2.3,3.0,3.7,3.0,2.0,1.4,22.0,1.0,0.1,0.3,-2.7,0.8,4.2,0.8,2.0,7.2,22.0,1.0,0.1,0.3,-21.2,-14.0,-6.8,-14.0,2.0,15.0,22.0,1.0,0.1,0.3,0.2,0.2,0.2,0.2,1.0,0.0,24.0,1.0,0.2,0.6,0.5,0.5,0.5,0.5,1.0,0.0,24.0,1.0,0.2,0.6,2.58,2.58,2.58,2.58,1.0,0.0,24.0,1.0,0.2,0.6,6.7,6.7,6.7,6.7,1.0,0.0,24.0,1.0,0.2,0.6,-9.9,17.4,44.7,17.4,2.0,56.6,22.0,1.0,0.1,0.3,-113.0,-80.6,-48.2,-80.6,2.0,67.1,22.0,1.0,0.1,0.3,40.7,40.7,40.7,40.7,1.0,0.0,24.0,1.0,0.2,0.6,-23.5,-23.5,-23.5,-23.5,1.0,0.0,24.0,1.0,0.2,0.6,5.8,5.8,5.8,5.8,1.0,0.0,24.0,1.0,0.2,0.6,-3.4,-3.4,-3.4,-3.4,1.0,0.0,24.0,1.0,0.2,0.6,34.5,71.5,108.0,71.5,2.0,76.0,22.0,1.0,0.1,0.3,35.0,70.0,110.0,70.0,2.0,75.0,22.0,1.0,0.1,0.3
1974,2,89.0,18.0,,,,,,,,,,,,,,,,,,,,,,,,,,,,,,,,,,,,,,,,2.6,2.6,2.6,2.6,1.0,0.0,12.0,1.0,0.4,0.3,-1.99,-1.99,-1.99,-1.99,1.0,0.0,12.0,1.0,0.4,0.3,-1.67,-1.67,-1.67,-1.67,1.0,0.0,12.0,1.0,0.4,0.3,1017.0,1017.0,1017.0,1017.0,1.0,0.0,12.0,1.0,0.4,0.3,,,,,,,,,,,,,,,,,,,,,,,,,,,,,,,,,,,,,,,,,,,,,,,,,,,,,,,,,,,,,,,,,,,,,,,,,,,,,,,,,,,,,,,,,,,,,,,,,,,,,,,,,,,,,,,,,,,,,,,,,,,,,,,,,,,,,,,,,,,,,,,,,,,,,,
1974,2,89.0,20.0,26.8,26.8,26.8,26.8,1.0,0.0,28.0,0.0,0.7,0.1,27.0,27.0,27.0,27.0,1.0,0.0,28.0,0.0,0.7,0.1,17.43,17.43,17.43,17.43,1.0,0.0,28.0,0.0,0.7,0.1,78.3,78.3,78.3,78.3,1.0,0.0,28.0,0.0,0.1,,,,,,,,,,,,,,,,,,,,,,,,,,,,,,,,,,,,,,,,,,,,,,,,,,,,,,,,,,,,,,,,,,,,,,,,,,,,,,,,,,,,,,,,,,,,,,,,,,,,,,,,,,,,,,,,,,,,,,,,,,,,,,,,,,,,,,,,,,,,,,,,,,,,,,,,,,,,,,,,,,,,,,,,,,,,,,,,,,,,,,,,,,,,,,
1974,2,89.0,21.0,23.71,24.5,25.18,24.45,4.0,1.14,18.0,0.3,0.5,0.2,24.09,25.5,27.41,25.7,5.0,2.36,18.0,0.4,0.5,0.2,7.31,7.31,7.31,7.31,1.0,0.0,6.0,0.0,0.4,0.1,43.3,43.3,43.3,43.3,1.0,0.0,6.0,0.0,0.1,0.0,0.0,0.0,0.0,5.0,0.0,18.0,0.4,0.5,0.2,0.0,0.0,0.0,0.0,5.0,0.0,18.0,0.4,0.5,0.2,0.0,0.0,0.0,0.0,5.0,0.0,18.0,0.4,0.5,0.2,1011.94,1013.3,1014.67,1013.44,5.0,2.0,18.0,0.4,0.5,0.2,0.0,1.0,2.0,1.0,5.0,1.0,18.0,0.4,0.5,0.2,0.0,0.0,0.0,0.0,5.0,0.0,18.0,0.4,0.5,0.2,0.0,0.0,0.0,0.0,5.0,0.0,18.0,0.4,0.5,0.2,-2.83,-0.85,-0.07,-1.42,4.0,2.15,18.0,0.3,0.5,0.2,0.0,0.0,0.0,0.0,4.0,0.0,18.0,0.3,0.5,0.2,10.22,10.22,10.22,10.22,1.0,0.0,6.0,0.0,0.4,0.1,0.0,0.0,0.0,0.0,1.0,0.0,6.0,0.0,0.4,0.1,0.0,0.0,0.0,0.0,5.0,0.0,18.0,0.4,0.5,0.2,0.0,0.0,0.0,0.0,5.0,0.0,18.0,0.4,0.5,0.2,0.0,0.0,0.0,0.0,1.0,0.0,6.0,0.0,0.4,0.1,0.0,0.0,0.0,0.0,1.0,0.0,6.0,0.0,0.4,0.1,0.0,0.0,0.0,0.0,1.0,0.0,6.0,0.0,0.4,0.1,0.0,0.0,0.0,0.0,1.0,0.0,6.0,0.0,0.4,0.1,0.0,0.0,0.0,0.0,5.0,0.0,18.0,0.4,0.5,0.2,0.0,0.0,0.0,0.0,5.0,0.0,18.0,0.4,0.5,0.2
1974,2,90.0,-66.0,-0.5,-0.5,-0.5,-0.5,3.0,0.0,12.0,0.7,0.1,0.8,-2.59,-1.7,-1.22,-1.9,3.0,1.01,12.0,0.7,0.1,0.8,2.5,2.5,2.51,2.5,3.0,0.01,12.0,0.7,0.1,0.8,70.0,72.5,77.5,73.7,3.0,5.6,12.0,0.7,0.8,5.1,5.1,8.31,6.67,3.0,2.71,12.0,0.7,0.1,0.8,-5.04,-4.9,1.11,-2.03,3.0,5.14,12.0,0.7,0.1,0.8,1.04,3.28,6.83,3.92,3.0,4.28,12.0,0.7,0.1,0.8,975.17,977.9,980.63,977.9,3.0,4.0,12.0,0.7,0.1,0.8,1.0,1.0,5.8,3.3,3.0,4.0,12.0,0.7,0.1,0.8,-41.0,-26.0,5.3,-18.0,3.0,34.7,12.0,0.7,0.1,0.8,5.3,16.7,62.1,33.3,3.0,44.0,12.0,0.7,0.1,0.8,0.72,1.2,2.09,1.4,3.0,1.01,12.0,0.7,0.1,0.8,5.5,11.8,12.4,9.0,3.0,5.6,12.0,0.7,0.1,0.8,1.27,1.27,1.27,1.27,3.0,0.01,12.0,0.7,0.1,0.8,6.5,6.5,10.6,8.5,3.0,3.5,12.0,0.7,0.1,0.8,-6.4,5.1,7.3,0.6,3.0,10.8,12.0,0.7,0.1,0.8,-13.0,-9.8,-3.1,-8.1,3.0,7.4,12.0,0.7,0.1,0.8,-12.6,-12.3,2.7,-5.1,3.0,12.9,12.0,0.7,0.1,0.8,2.6,8.2,17.2,9.8,3.0,10.8,12.0,0.7,0.1,0.8,-6.4,-6.3,1.4,-2.6,3.0,6.5,12.0,0.7,0.1,0.8,1.3,4.2,8.7,5.0,3.0,5.5,12.0,0.7,0.1,0.8,132.5,132.5,684.5,402.0,3.0,467.0,12.0,0.7,0.1,0.8,135.0,135.0,685.0,400.0,3.0,465.0,12.0,0.7,0.1,0.8
1974,2,90.0,-53.0,3.56,3.7,3.84,3.7,2.0,0.28,6.0,0.5,0.4,0.3,3.91,4.35,4.79,4.35,2.0,0.92,6.0,0.5,0.4,0.3,4.53,4.67,4.8,4.67,2.0,0.28,6.0,0.5,0.4,0.3,88.8,89.0,89.2,89.0,2.0,0.4,6.0,0.5,0.3,,,,,,,,,,,,,,,,,,,,,,,,,,,,,,,,,,,,,,,,,,,,,,,,,,,,,,,,,,,,,,,,,,,,,,,,,,,,,,,,,,,,,,,,,,,,,,,,,,,,,,,,,,,,,,,,,,,,,,,,,,,,,,,,,,,,,,,,,,,,,,,,,,,,,,,,,,,,,,,,,,,,,,,,,,,,,,,,,,,,,,,,,,,,,,
1974,2,90.0,-49.0,8.0,8.0,8.0,8.0,1.0,0.0,20.0,1.0,0.1,0.4,5.5,5.5,5.5,5.5,1.0,0.0,20.0,1.0,0.1,0.4,3.76,3.76,3.76,3.76,1.0,0.0,20.0,1.0,0.1,0.4,67.7,67.7,67.7,67.7,1.0,0.0,20.0,1.0,0.4,8.2,8.2,8.2,8.2,1.0,0.0,20.0,1.0,0.1,0.4,7.1,7.1,7.1,7.1,1.0,0.0,20.0,1.0,0.1,0.4,4.1,4.1,4.1,4.1,1.0,0.0,20.0,1.0,0.1,0.4,1017.3,1017.3,1017.3,1017.3,1.0,0.0,20.0,1.0,0.1,0.4,7.0,7.0,7.0,7.0,1.0,0.0,20.0,1.0,0.1,0.4,58.2,58.2,58.2,58.2,1.0,0.0,20.0,1.0,0.1,0.4,33.6,33.6,33.6,33.6,1.0,0.0,20.0,1.0,0.1,0.4,2.5,2.5,2.5,2.5,1.0,0.0,20.0,1.0,0.1,0.4,20.5,20.5,20.5,20.5,1.0,0.0,20.0,1.0,0.1,0.4,2.85,2.85,2.85,2.85,1.0,0.0,20.0,1.0,0.1,0.4,23.4,23.4,23.4,23.4,1.0,0.0,20.0,1.0,0.1,0.4,39.1,39.1,39.1,39.1,1.0,0.0,20.0,1.0,0.1,0.4,22.6,22.6,22.6,22.6,1.0,0.0,20.0,1.0,0.1,0.4,26.7,26.7,26.7,26.7,1.0,0.0,20.0,1.0,0.1,0.4,15.4,15.4,15.4,15.4,1.0,0.0,20.0,1.0,0.1,0.4,20.2,20.2,20.2,20.2,1.0,0.0,20.0,1.0,0.1,0.4,11.7,11.7,11.7,11.7,1.0,0.0,20.0,1.0,0.1,0.4,551.5,551.5,551.5,551.5,1.0,0.0,20.0,1.0,0.1,0.4,550.0,550.0,550.0,550.0,1.0,0.0,20.0,1.0,0.1,0.4
1974,2,90.0,-42.0,,,,,,,,,,,,,,,,,,,,,,,,,,,,,,,,,,,,,,,,,,,,,,,,,,,,,,,,,,,,,,,,,,,,,,,,,,,,,,,,7.0,7.0,7.0,7.0,1.0,0.0,6.0,1.0,0.0,0.4,-15.8,-15.8,-15.8,-15.8,1.0,0.0,6.0,1.0,0.0,0.4,5.7,5.7,5.7,5.7,1.0,0.0,6.0,1.0,0.0,0.4,,,,,,,,,,,,,,,,,,,,,,,,,,,,,,,,,,,,,,,,,,,,,,,,,,,,,,,,,,,,,,,,,,,,,,,,,,,,,,,,,,,,,,,,,,,,,,,,,,,,,,,,,,,,,,,,,,,,,,,,
1974,2,90.0,-40.0,14.0,14.0,14.0,14.0,1.0,0.0,8.0,1.0,0.2,0.8,13.2,13.2,13.2,13.2,1.0,0.0,8.0,1.0,0.2,0.8,5.9,5.9,5.9,5.9,1.0,0.0,8.0,1.0,0.2,0.8,63.8,63.8,63.8,63.8,1.0,0.0,8.0,1.0,0.8,8.2,8.2,8.2,8.2,1.0,0.0,8.0,1.0,0.2,0.8,0.0,0.0,0.0,0.0,1.0,0.0,8.0,1.0,0.2,0.8,8.2,8.2,8.2,8.2,1.0,0.0,8.0,1.0,0.2,0.8,1029.3,1029.3,1029.3,1029.3,1.0,0.0,8.0,1.0,0.2,0.8,6.0,6.0,6.0,6.0,1.0,0.0,8.0,1.0,0.2,0.8,0.0,0.0,0.0,0.0,1.0,0.0,8.0,1.0,0.2,0.8,67.2,67.2,67.2,67.2,1.0,0.0,8.0,1.0,0.2,0.8,0.8,0.8,0.8,0.8,1.0,0.0,8.0,1.0,0.2,0.8,6.6,6.6,6.6,6.6,1.0,0.0,8.0,1.0,0.2,0.8,3.86,3.86,3.86,3.86,1.0,0.0,8.0,1.0,0.2,0.8,31.7,31.7,31.7,31.7,1.0,0.0,8.0,1.0,0.2,0.8,0.0,0.0,0.0,0.0,1.0,0.0,8.0,1.0,0.2,0.8,108.2,108.2,108.2,108.2,1.0,0.0,8.0,1.0,0.2,0.8,0.0,0.0,0.0,0.0,1.0,0.0,8.0,1.0,0.2,0.8,48.3,48.3,48.3,48.3,1.0,0.0,8.0,1.0,0.2,0.8,0.0,0.0,0.0,0.0,1.0,0.0,8.0,1.0,0.2,0.8,31.7,31.7,31.7,31.7,1.0,0.0,8.0,1.0,0.2,0.8,551.5,551.5,551.5,551.5,1.0,0.0,8.0,1.0,0.2,0.8,550.0,550.0,550.0,550.0,1.0,0.0,8.0,1.0,0.2,0.8
1974,2,90.0,-37.0,18.0,18.0,18.0,18.0,1.0,0.0,16.0,1.0,0.9,0.5,16.3,16.3,16.3,16.3,1.0,0.0,16.0,1.0,0.9,0.5,7.01,7.01,7.01,7.01,1.0,0.0,16.0,1.0,0.9,0.5,62.0,62.0,62.0,62.0,1.0,0.0,16.0,1.0,0.5,5.1,5.1,5.1,5.1,1.0,0.0,16.0,1.0,0.9,0.5,-5.1,-5.1,-5.1,-5.1,1.0,0.0,16.0,1.0,0.9,0.5,0.0,0.0,0.0,0.0,1.0,0.0,16.0,1.0,0.9,0.5,1026.8,1026.8,1026.8,1026.8,1.0,0.0,16.0,1.0,0.9,0.5,8.0,8.0,8.0,8.0,1.0,0.0,16.0,1.0,0.9,0.5,-26.0,-26.0,-26.0,-26.0,1.0,0.0,16.0,1.0,0.9,0.5,0.0,0.0,0.0,0.0,1.0,0.0,16.0,1.0,0.9,0.5,1.7,1.7,1.7,1.7,1.0,0.0,16.0,1.0,0.9,0.5,8.7,8.7,8.7,8.7,1.0,0.0,16.0,1.0,0.9,0.5,5.64,5.64,5.64,5.64,1.0,0.0,16.0,1.0,0.9,0.5,28.7,28.7,28.7,28.7,1.0,0.0,16.0,1.0,0.9,0.5,-83.1,-83.1,-83.1,-83.1,1.0,0.0,16.0,1.0,0.9,0.5,0.0,0.0,0.0,0.0,1.0,0.0,16.0,1.0,0.9,0.5,-35.8,-35.8,-35.8,-35.8,1.0,0.0,16.0,1.0,0.9,0.5,0.0,0.0,0.0,0.0,1.0,0.0,16.0,1.0,0.9,0.5,-28.7,-28.7,-28.7,-28.7,1.0,0.0,16.0,1.0,0.9,0.5,0.0,0.0,0.0,0.0,1.0,0.0,16.0,1.0,0.9,0.5,132.5,132.5,132.5,132.5,1.0,0.0,16.0,1.0,0.9,0.5,135.0,135.0,135.0,135.0,1.0,0.0,16.0,1.0,0.9,0.5
1974,2,90.0,-35.0,19.4,19.4,19.4,19.4,1.0,0.0,12.0,1.0,0.5,0.4,18.5,18.5,18.5,18.5,1.0,0.0,12.0,1.0,0.5,0.4,8.93,8.93,8.93,8.93,1.0,0.0,12.0,1.0,0.5,0.4,68.5,68.5,68.5,68.5,1.0,0.0,12.0,1.0,0.4,2.6,2.6,2.6,2.6,1.0,0.0,12.0,1.0,0.5,0.4,-2.44,-2.44,-2.44,-2.44,1.0,0.0,12.0,1.0,0.5,0.4,-0.89,-0.89,-0.89,-0.89,1.0,0.0,12.0,1.0,0.5,0.4,1025.8,1025.8,1025.8,1025.8,1.0,0.0,12.0,1.0,0.5,0.4,7.0,7.0,7.0,7.0,1.0,0.0,12.0,1.0,0.5,0.4,-6.4,-6.4,-6.4,-6.4,1.0,0.0,12.0,1.0,0.5,0.4,-2.3,-2.3,-2.3,-2.3,1.0,0.0,12.0,1.0,0.5,0.4,0.9,0.9,0.9,0.9,1.0,0.0,12.0,1.0,0.5,0.4,2.3,2.3,2.3,2.3,1.0,0.0,12.0,1.0,0.5,0.4,4.9,4.9,4.9,4.9,1.0,0.0,12.0,1.0,0.5,0.4,12.7,12.7,12.7,12.7,1.0,0.0,12.0,1.0,0.5,0.4,-45.2,-45.2,-45.2,-45.2,1.0,0.0,12.0,1.0,0.5,0.4,-16.5,-16.5,-16.5,-16.5,1.0,0.0,12.0,1.0,0.5,0.4,-21.8,-21.8,-21.8,-21.8,1.0,0.0,12.0,1.0,0.5,0.4,-7.9,-7.9,-7.9,-7.9,1.0,0.0,12.0,1.0,0.5,0.4,-12.0,-12.0,-12.0,-12.0,1.0,0.0,12.0,1.0,0.5,0.4,-4.4,-4.4,-4.4,-4.4,1.0,0.0,12.0,1.0,0.5,0.4,17.5,17.5,17.5,17.5,1.0,0.0,12.0,1.0,0.5,0.4,20.0,20.0,20.0,20.0,1.0,0.0,12.0,1.0,0.5,0.4
1974,2,90.0,-33.0,20.6,20.6,20.6,20.6,2.0,0.0,2.0,1.0,0.4,0.4,17.06,17.2,20.07,18.53,3.0,2.48,10.0,1.0,0.3,0.5,8.5,9.33,10.16,9.33,2.0,1.72,2.0,1.0,0.4,0.4,70.6,77.7,84.7,77.7,2.0,14.6,2.0,1.0,0.4,7.68,9.8,11.51,9.6,3.0,2.81,10.0,1.0,0.3,0.5,-3.94,-3.35,-1.86,-2.91,3.0,1.57,10.0,1.0,0.3,0.5,7.43,9.21,10.81,9.12,3.0,2.48,10.0,1.0,0.3,0.5,1017.59,1020.8,1021.62,1019.63,3.0,3.12,10.0,1.0,0.3,0.5,5.3,8.0,8.0,6.7,3.0,2.3,10.0,1.0,0.3,0.5,-45.7,-32.8,-15.7,-30.8,3.0,22.0,10.0,1.0,0.3,0.5,58.8,90.2,125.7,92.2,3.0,49.0,10.0,1.0,0.3,0.5,3.43,3.5,3.57,3.5,2.0,0.14,2.0,1.0,0.4,0.4,26.9,33.0,39.0,33.0,2.0,12.5,2.0,1.0,0.4,0.4,4.88,5.68,6.48,5.68,2.0,1.66,2.0,1.0,0.4,0.4,38.8,57.2,75.7,57.2,2.0,38.2,2.0,1.0,0.4,0.4,-72.2,-71.7,-36.3,-54.6,3.0,30.2,10.0,1.0,0.3,0.5,139.1,197.1,198.3,169.3,3.0,49.5,10.0,1.0,0.3,0.5,-30.7,-23.2,-15.7,-23.2,2.0,15.5,2.0,1.0,0.4,0.4,73.4,81.7,89.9,81.7,2.0,17.1,2.0,1.0,0.4,0.4,-25.1,-17.0,-9.0,-17.0,2.0,16.7,2.0,1.0,0.4,0.4,37.6,54.5,71.3,54.5,2.0,35.0,2.0,1.0,0.4,0.4,504.0,941.0,1569.0,1034.5,3.0,784.0,10.0,1.0,0.3,0.5,505.0,940.0,1570.0,1035.0,3.0,785.0,10.0,1.0,0.3,0.5
1974,2,90.0,-32.0,19.57,20.15,20.73,20.15,2.0,1.2,18.0,1.0,0.4,0.3,20.16,20.5,20.84,20.5,2.0,0.71,18.0,1.0,0.4,0.3,10.02,10.78,11.54,10.78,2.0,1.58,18.0,1.0,0.4,0.3,66.4,72.9,79.3,72.9,2.0,13.4,18.0,1.0,0.3,6.2,6.2,6.2,6.2,1.0,0.0,22.0,1.0,0.0,0.5,-3.99,-3.99,-3.99,-3.99,1.0,0.0,22.0,1.0,0.0,0.5,-4.75,-4.75,-4.75,-4.75,1.0,0.0,22.0,1.0,0.0,0.5,1019.44,1021.9,1024.36,1021.9,2.0,5.09,18.0,1.0,0.4,0.3,7.2,7.5,7.8,7.5,2.0,0.7,18.0,1.0,0.4,0.3,-24.7,-24.7,-24.7,-24.7,1.0,0.0,22.0,1.0,0.0,0.5,-29.4,-29.4,-29.4,-29.4,1.0,0.0,22.0,1.0,0.0,0.5,-1.27,-0.35,0.57,-0.35,2.0,1.91,18.0,1.0,0.4,0.3,6.2,6.2,6.2,6.2,1.0,0.0,22.0,1.0,0.0,0.5,3.6,3.79,3.99,3.79,2.0,0.41,18.0,1.0,0.4,0.3,21.7,21.7,21.7,21.7,1.0,0.0,22.0,1.0,0.0,0.5,-79.7,-79.7,-79.7,-79.7,1.0,0.0,22.0,1.0,0.0,0.5,-95.0,-95.0,-95.0,-95.0,1.0,0.0,22.0,1.0,0.0,0.5,-47.4,-47.4,-47.4,-47.4,1.0,0.0,22.0,1.0,0.0,0.5,-56.5,-56.5,-56.5,-56.5,1.0,0.0,22.0,1.0,0.0,0.5,-14.0,-14.0,-14.0,-14.0,1.0,0.0,22.0,1.0,0.0,0.5,-16.6,-16.6,-16.6,-16.6,1.0,0.0,22.0,1.0,0.0,0.5,238.5,238.5,238.5,238.5,1.0,0.0,22.0,1.0,0.0,0.5,240.0,240.0,240.0,240.0,1.0,0.0,22.0,1.0,0.0,0.5
1974,2,90.0,-31.0,18.79,20.5,21.59,20.2,3.0,2.07,14.0,0.7,0.4,0.7,19.29,19.9,21.4,20.33,3.0,1.59,14.0,0.7,0.4,0.7,11.43,11.88,11.99,11.71,3.0,0.43,14.0,0.7,0.4,0.7,74.7,78.7,85.9,80.3,3.0,8.3,14.0,0.7,0.7,6.36,6.7,8.82,7.57,3.0,1.95,14.0,0.7,0.4,0.7,-6.44,-6.11,2.36,-2.13,3.0,7.31,14.0,0.7,0.4,0.7,1.1,1.16,5.49,3.25,3.0,3.69,14.0,0.7,0.4,0.7,1025.05,1025.6,1025.8,1025.43,3.0,0.57,14.0,0.7,0.4,0.7,5.6,7.0,7.0,6.3,3.0,1.2,14.0,0.7,0.4,0.7,-42.2,-37.9,30.1,-6.8,3.0,59.4,14.0,0.7,0.4,0.7,7.0,7.8,52.7,29.3,3.0,38.3,14.0,0.7,0.4,0.7,-1.3,0.0,1.02,-0.13,3.0,1.7,14.0,0.7,0.4,0.7,-8.0,0.0,10.0,1.0,3.0,13.3,14.0,0.7,0.4,0.7,1.87,2.78,3.94,2.9,3.0,1.52,14.0,0.7,0.4,0.7,14.8,27.3,29.1,22.1,3.0,11.4,14.0,0.7,0.4,0.7,-138.1,-121.5,43.1,-49.2,3.0,146.8,14.0,0.7,0.4,0.7,22.8,25.7,105.5,63.3,3.0,68.8,14.0,0.7,0.4,0.7,-75.3,-68.5,30.0,-23.7,3.0,86.3,14.0,0.7,0.4,0.7,12.6,13.8,66.0,38.7,3.0,44.7,14.0,0.7,0.4,0.7,-23.0,-8.8,9.2,-7.0,3.0,23.6,14.0,0.7,0.4,0.7,2.7,5.2,15.9,9.2,3.0,10.3,14.0,0.7,0.4,0.7,258.0,301.0,738.0,493.5,3.0,389.0,14.0,0.7,0.4,0.7,260.0,300.0,740.0,495.0,3.0,390.0,14.0,0.7,0.4,0.7
1974,2,90.0,-25.0,23.33,23.6,23.87,23.6,2.0,0.57,16.0,0.5,0.1,0.7,21.69,22.3,22.6,22.15,4.0,0.57,16.0,0.8,0.3,0.5,12.54,13.12,13.15,12.85,3.0,0.5,12.0,0.7,0.3,0.6,75.8,77.2,77.5,76.7,3.0,1.3,12.0,0.7,0.6,5.29,10.55,14.92,10.13,4.0,5.64,16.0,0.8,0.3,0.5,-10.49,-7.85,-4.73,-7.62,4.0,3.42,16.0,0.8,0.3,0.5,2.31,6.3,10.59,6.44,4.0,4.9,16.0,0.8,0.3,0.5,1015.97,1017.35,1018.37,1017.18,4.0,1.5,16.0,0.8,0.3,0.5,2.3,3.0,6.4,4.3,3.0,3.2,12.0,0.7,0.3,0.6,-155.8,-95.7,-26.4,-91.3,4.0,75.0,16.0,0.8,0.3,0.5,13.6,77.9,158.6,85.7,4.0,85.5,16.0,0.8,0.3,0.5,0.73,1.0,1.27,1.0,2.0,0.57,16.0,0.5,0.1,0.7,9.3,9.3,9.4,9.3,2.0,0.1,16.0,0.5,0.1,0.7,4.62,4.96,5.29,4.96,2.0,0.69,16.0,0.5,0.1,0.7,41.6,52.7,63.7,52.7,2.0,22.9,16.0,0.5,0.1,0.7,-233.7,-177.4,-104.6,-169.5,4.0,76.8,16.0,0.8,0.3,0.5,51.4,139.7,236.6,143.8,4.0,110.2,16.0,0.8,0.3,0.5,-133.8,-130.4,-93.3,-114.0,3.0,32.9,12.0,0.7,0.3,0.6,66.1,113.6,142.1,104.3,3.0,56.3,12.0,0.7,0.3,0.6,-42.2,-37.9,-33.6,-37.9,2.0,8.9,16.0,0.5,0.1,0.7,23.7,35.5,47.3,35.5,2.0,24.4,16.0,0.5,0.1,0.7,176.5,1643.5,3335.0,1751.0,4.0,1834.0,16.0,0.8,0.3,0.5,175.0,1645.0,3335.0,1750.0,4.0,1835.0,16.0,0.8,0.3,0.5
1974,2,90.0,-24.0,24.41,24.65,24.89,24.65,2.0,0.49,4.0,0.5,0.1,0.8,22.08,22.25,22.42,22.25,2.0,0.35,4.0,0.5,0.1,0.8,12.27,12.67,13.07,12.67,2.0,0.82,4.0,0.5,0.1,0.8,74.4,75.9,77.4,75.9,2.0,3.1,4.0,0.5,0.8,8.77,10.0,11.23,10.0,2.0,2.55,4.0,0.5,0.1,0.8,-6.83,-5.19,-3.56,-5.19,2.0,3.38,4.0,0.5,0.1,0.8,7.92,8.37,8.83,8.37,2.0,0.94,4.0,0.5,0.1,0.8,1012.14,1013.1,1014.06,1013.1,2.0,1.98,4.0,0.5,0.1,0.8,3.8,5.5,7.2,5.5,2.0,3.5,4.0,0.5,0.1,0.8,-78.9,-56.2,-33.6,-56.2,2.0,47.0,4.0,0.5,0.1,0.8,70.1,84.9,99.8,84.9,2.0,30.7,4.0,0.5,0.1,0.8,2.33,2.4,2.47,2.4,2.0,0.14,4.0,0.5,0.1,0.8,21.6,23.8,26.1,23.8,2.0,4.7,4.0,0.5,0.1,0.8,6.6,6.69,6.79,6.69,2.0,0.2,4.0,0.5,0.1,0.8,58.0,67.2,76.4,67.2,2.0,19.1,4.0,0.5,0.1,0.8,-150.4,-115.0,-79.6,-115.0,2.0,73.4,4.0,0.5,0.1,0.8,177.4,186.1,194.8,186.1,2.0,18.0,4.0,0.5,0.1,0.8,-83.1,-64.4,-45.8,-64.4,2.0,38.6,4.0,0.5,0.1,0.8,103.3,105.7,108.2,105.7,2.0,5.1,4.0,0.5,0.1,0.8,-46.5,-35.1,-23.7,-35.1,2.0,23.7,4.0,0.5,0.1,0.8,52.3,56.1,60.0,56.1,2.0,8.0,4.0,0.5,0.1,0.8,724.5,1097.0,1470.0,1097.0,2.0,772.0,4.0,0.5,0.1,0.8,725.0,1095.0,1470.0,1095.0,2.0,770.0,4.0,0.5,0.1,0.8
1974,2,90.0,-18.0,26.0,26.0,26.0,26.0,1.0,0.0,28.0,1.0,0.4,0.3,25.5,25.5,25.5,25.5,1.0,0.0,28.0,1.0,0.4,0.3,14.58,14.58,14.58,14.58,1.0,0.0,28.0,1.0,0.4,0.3,71.6,71.6,71.6,71.6,1.0,0.0,28.0,1.0,0.3,6.7,6.7,6.7,6.7,1.0,0.0,28.0,1.0,0.4,0.3,-2.29,-2.29,-2.29,-2.29,1.0,0.0,28.0,1.0,0.4,0.3,6.3,6.3,6.3,6.3,1.0,0.0,28.0,1.0,0.4,0.3,1010.5,1010.5,1010.5,1010.5,1.0,0.0,28.0,1.0,0.4,0.3,3.0,3.0,3.0,3.0,1.0,0.0,28.0,1.0,0.4,0.3,-15.4,-15.4,-15.4,-15.4,1.0,0.0,28.0,1.0,0.4,0.3,42.2,42.2,42.2,42.2,1.0,0.0,28.0,1.0,0.4,0.3,0.5,0.5,0.5,0.5,1.0,0.0,28.0,1.0,0.4,0.3,3.4,3.4,3.4,3.4,1.0,0.0,28.0,1.0,0.4,0.3,6.48,6.48,6.48,6.48,1.0,0.0,28.0,1.0,0.4,0.3,43.4,43.4,43.4,43.4,1.0,0.0,28.0,1.0,0.4,0.3,-58.4,-58.4,-58.4,-58.4,1.0,0.0,28.0,1.0,0.4,0.3,160.5,160.5,160.5,160.5,1.0,0.0,28.0,1.0,0.4,0.3,-33.4,-33.4,-33.4,-33.4,1.0,0.0,28.0,1.0,0.4,0.3,91.8,91.8,91.8,91.8,1.0,0.0,28.0,1.0,0.4,0.3,-14.8,-14.8,-14.8,-14.8,1.0,0.0,28.0,1.0,0.4,0.3,40.8,40.8,40.8,40.8,1.0,0.0,28.0,1.0,0.4,0.3,301.0,301.0,301.0,301.0,1.0,0.0,28.0,1.0,0.4,0.3,300.0,300.0,300.0,300.0,1.0,0.0,28.0,1.0,0.4,0.3
1974,2,90.0,-16.0,27.29,27.8,28.52,27.9,4.0,0.84,14.0,0.8,0.3,0.6,26.4,26.55,27.12,26.75,4.0,0.58,14.0,0.8,0.3,0.6,15.51,17.24,18.58,17.05,4.0,2.24,14.0,0.8,0.3,0.6,70.1,77.1,85.1,77.6,4.0,10.7,14.0,0.8,0.6,5.6,7.7,10.32,7.95,4.0,3.06,14.0,0.8,0.3,0.6,-9.5,-7.25,-5.03,-7.26,4.0,2.68,14.0,0.8,0.3,0.6,-3.09,0.79,2.5,-0.24,4.0,4.01,14.0,0.8,0.3,0.6,1006.8,1009.5,1010.52,1008.7,4.0,2.73,14.0,0.8,0.3,0.6,1.0,2.5,5.6,3.3,4.0,3.4,14.0,0.8,0.3,0.6,-99.2,-57.3,-28.9,-63.8,4.0,44.4,14.0,0.8,0.3,0.6,-36.5,3.6,15.2,-10.0,4.0,40.8,14.0,0.8,0.3,0.6,0.88,1.35,1.4,1.15,4.0,0.44,14.0,0.8,0.3,0.6,5.7,10.8,13.8,9.8,4.0,5.6,14.0,0.8,0.3,0.6,4.48,6.53,8.71,6.59,4.0,2.59,14.0,0.8,0.3,0.6,33.7,47.8,68.4,50.9,4.0,24.6,14.0,0.8,0.3,0.6,-251.0,-195.8,-136.3,-193.7,4.0,69.4,14.0,0.8,0.3,0.6,-81.3,20.8,68.3,-5.3,4.0,106.9,14.0,0.8,0.3,0.6,-163.4,-112.2,-86.8,-124.5,4.0,54.3,14.0,0.8,0.3,0.6,-60.5,13.4,43.4,-7.6,4.0,75.9,14.0,0.8,0.3,0.6,-65.1,-41.4,-30.2,-47.3,4.0,25.8,14.0,0.8,0.3,0.6,-11.5,4.2,17.6,3.1,4.0,19.9,14.0,0.8,0.3,0.6,194.0,479.5,1174.5,675.0,4.0,686.0,14.0,0.8,0.3,0.6,195.0,480.0,1175.0,675.0,4.0,685.0,14.0,0.8,0.3,0.6
1974,2,90.0,-15.0,28.2,28.2,28.2,28.2,1.0,0.0,2.0,1.0,0.1,1.0,27.5,27.5,27.5,27.5,1.0,0.0,2.0,1.0,0.1,1.0,16.55,16.55,16.55,16.55,1.0,0.0,2.0,1.0,0.1,1.0,72.0,72.0,72.0,72.0,1.0,0.0,2.0,1.0,1.0,6.2,6.2,6.2,6.2,1.0,0.0,2.0,1.0,0.1,1.0,-3.99,-3.99,-3.99,-3.99,1.0,0.0,2.0,1.0,0.1,1.0,4.75,4.75,4.75,4.75,1.0,0.0,2.0,1.0,0.1,1.0,1008.2,1008.2,1008.2,1008.2,1.0,0.0,2.0,1.0,0.1,1.0,2.0,2.0,2.0,2.0,1.0,0.0,2.0,1.0,0.1,1.0,-24.7,-24.7,-24.7,-24.7,1.0,0.0,2.0,1.0,0.1,1.0,29.4,29.4,29.4,29.4,1.0,0.0,2.0,1.0,0.1,1.0,0.7,0.7,0.7,0.7,1.0,0.0,2.0,1.0,0.1,1.0,4.3,4.3,4.3,4.3,1.0,0.0,2.0,1.0,0.1,1.0,7.51,7.51,7.51,7.51,1.0,0.0,2.0,1.0,0.1,1.0,46.6,46.6,46.6,46.6,1.0,0.0,2.0,1.0,0.1,1.0,-109.6,-109.6,-109.6,-109.6,1.0,0.0,2.0,1.0,0.1,1.0,130.6,130.6,130.6,130.6,1.0,0.0,2.0,1.0,0.1,1.0,-65.9,-65.9,-65.9,-65.9,1.0,0.0,2.0,1.0,0.1,1.0,78.6,78.6,78.6,78.6,1.0,0.0,2.0,1.0,0.1,1.0,-29.9,-29.9,-29.9,-29.9,1.0,0.0,2.0,1.0,0.1,1.0,35.7,35.7,35.7,35.7,1.0,0.0,2.0,1.0,0.1,1.0,238.5,238.5,238.5,238.5,1.0,0.0,2.0,1.0,0.1,1.0,240.0,240.0,240.0,240.0,1.0,0.0,2.0,1.0,0.1,1.0
1974,2,90.0,-12.0,27.6,27.6,27.6,27.6,1.0,0.0,6.0,1.0,0.3,0.2,27.83,27.9,27.97,27.9,2.0,0.14,4.0,0.5,0.4,0.3,15.74,15.74,15.74,15.74,1.0,0.0,6.0,1.0,0.3,0.2,67.3,67.3,67.3,67.3,1.0,0.0,6.0,1.0,0.2,6.52,7.65,8.78,7.65,2.0,2.33,4.0,0.5,0.4,0.3,-6.89,-6.38,-5.87,-6.38,2.0,1.05,4.0,0.5,0.4,0.3,-0.78,1.96,4.7,1.96,2.0,5.68,4.0,0.5,0.4,0.3,1009.15,1009.9,1010.65,1009.9,2.0,1.56,4.0,0.5,0.4,0.3,4.0,4.0,4.0,4.0,2.0,0.0,4.0,0.5,0.4,0.3,-61.1,-50.0,-39.0,-50.0,2.0,22.9,4.0,0.5,0.4,0.3,-1.5,21.6,44.8,21.6,2.0,48.0,4.0,0.5,0.4,0.3,-0.2,-0.2,-0.2,-0.2,1.0,0.0,6.0,1.0,0.3,0.2,-1.9,-1.9,-1.9,-1.9,1.0,0.0,6.0,1.0,0.3,0.2,7.47,7.47,7.47,7.47,1.0,0.0,6.0,1.0,0.3,0.2,69.5,69.5,69.5,69.5,1.0,0.0,6.0,1.0,0.3,0.2,-191.7,-178.0,-164.2,-178.0,2.0,28.4,4.0,0.5,0.4,0.3,-22.0,54.4,130.7,54.4,2.0,158.1,4.0,0.5,0.4,0.3,-112.1,-112.1,-112.1,-112.1,1.0,0.0,6.0,1.0,0.3,0.2,94.1,94.1,94.1,94.1,1.0,0.0,6.0,1.0,0.3,0.2,-53.2,-53.2,-53.2,-53.2,1.0,0.0,6.0,1.0,0.3,0.2,44.6,44.6,44.6,44.6,1.0,0.0,6.0,1.0,0.3,0.2,309.5,510.0,711.0,510.0,2.0,416.0,4.0,0.5,0.4,0.3,310.0,510.0,710.0,510.0,2.0,415.0,4.0,0.5,0.4,0.3
1974,2,90.0,-11.0,27.5,27.5,27.5,27.5,1.0,0.0,6.0,1.0,0.5,0.5,24.0,24.0,24.0,24.0,1.0,0.0,6.0,1.0,0.5,0.5,18.17,18.17,18.17,18.17,1.0,0.0,6.0,1.0,0.5,0.5,97.0,97.0,97.0,97.0,1.0,0.0,6.0,1.0,0.5,,,,,,,,,,,,,,,,,,,,,,,,,,,,,,,,,,,,,,,,,,,,,,,,,,,,,,,,,,,,,,,,,,,,,,,,,,,,,,,,,,,,,,,,,,,,,,,,,,,,,,,,,,,,,,,,,,,,,,,,,,,,,,,,,,,,,,,,,,,,,,,,,,,,,,,,,,,,,,,,,,,,,,,,,,,,,,,,,,,,,,,,,,,,,,
1974,2,90.0,-9.0,26.75,26.85,26.95,26.85,2.0,0.21,14.0,1.0,0.4,0.4,26.05,26.15,26.25,26.15,2.0,0.21,14.0,1.0,0.4,0.4,17.49,17.49,17.49,17.49,1.0,0.0,6.0,1.0,0.1,0.3,81.6,81.6,81.6,81.6,1.0,0.0,6.0,1.0,0.3,3.9,6.7,9.5,6.7,2.0,5.8,14.0,1.0,0.4,0.4,-0.41,3.55,7.51,3.55,2.0,8.21,14.0,1.0,0.4,0.4,-4.34,-2.05,0.24,-2.05,2.0,4.74,14.0,1.0,0.4,0.4,1003.79,1005.5,1007.21,1005.5,2.0,3.54,14.0,1.0,0.4,0.4,6.2,6.5,6.8,6.5,2.0,0.7,14.0,1.0,0.4,0.4,11.1,47.6,84.1,47.6,2.0,75.6,14.0,1.0,0.4,0.4,-48.5,-27.5,-6.4,-27.5,2.0,43.6,14.0,1.0,0.4,0.4,0.5,0.7,0.9,0.7,2.0,0.42,14.0,1.0,0.4,0.4,2.6,5.9,9.3,5.9,2.0,6.9,14.0,1.0,0.4,0.4,4.52,4.52,4.52,4.52,1.0,0.0,6.0,1.0,0.1,0.3,11.8,11.8,11.8,11.8,1.0,0.0,6.0,1.0,0.1,0.3,-11.2,92.0,195.2,92.0,2.0,213.8,14.0,1.0,0.4,0.4,-112.7,-53.1,6.5,-53.1,2.0,123.5,14.0,1.0,0.4,0.4,-39.4,-39.4,-39.4,-39.4,1.0,0.0,6.0,1.0,0.1,0.3,22.7,22.7,22.7,22.7,1.0,0.0,6.0,1.0,0.1,0.3,-10.2,-10.2,-10.2,-10.2,1.0,0.0,6.0,1.0,0.1,0.3,5.9,5.9,5.9,5.9,1.0,0.0,6.0,1.0,0.1,0.3,214.5,638.5,1062.5,638.5,2.0,878.5,14.0,1.0,0.4,0.4,215.0,640.0,1065.0,640.0,2.0,880.0,14.0,1.0,0.4,0.4
1974,2,90.0,-8.0,26.53,26.8,27.07,26.8,2.0,0.57,10.0,1.0,0.4,0.9,25.21,25.65,26.09,25.65,2.0,0.92,10.0,1.0,0.4,0.9,17.79,18.62,19.46,18.62,2.0,1.73,10.0,1.0,0.4,0.9,84.1,90.5,97.0,90.5,2.0,13.4,10.0,1.0,0.9,7.7,7.7,7.7,7.7,1.0,0.0,18.0,1.0,0.7,0.8,6.67,6.67,6.67,6.67,1.0,0.0,18.0,1.0,0.7,0.8,-3.85,-3.85,-3.85,-3.85,1.0,0.0,18.0,1.0,0.7,0.8,1007.38,1008.2,1009.02,1008.2,2.0,1.7,10.0,1.0,0.4,0.9,6.3,7.0,7.7,7.0,2.0,1.4,10.0,1.0,0.4,0.9,51.3,51.3,51.3,51.3,1.0,0.0,18.0,1.0,0.7,0.8,-29.6,-29.6,-29.6,-29.6,1.0,0.0,18.0,1.0,0.7,0.8,0.43,1.15,1.87,1.15,2.0,1.48,10.0,1.0,0.4,0.9,0.8,0.8,0.8,0.8,1.0,0.0,18.0,1.0,0.7,0.8,3.03,3.52,4.01,3.52,2.0,1.02,10.0,1.0,0.4,0.9,32.7,32.7,32.7,32.7,1.0,0.0,18.0,1.0,0.7,0.8,175.4,175.4,175.4,175.4,1.0,0.0,18.0,1.0,0.7,0.8,-101.3,-101.3,-101.3,-101.3,1.0,0.0,18.0,1.0,0.7,0.8,116.0,116.0,116.0,116.0,1.0,0.0,18.0,1.0,0.7,0.8,-67.0,-67.0,-67.0,-67.0,1.0,0.0,18.0,1.0,0.7,0.8,28.3,28.3,28.3,28.3,1.0,0.0,18.0,1.0,0.7,0.8,-16.3,-16.3,-16.3,-16.3,1.0,0.0,18.0,1.0,0.7,0.8,456.5,456.5,456.5,456.5,1.0,0.0,18.0,1.0,0.7,0.8,455.0,455.0,455.0,455.0,1.0,0.0,18.0,1.0,0.7,0.8
1974,2,90.0,-7.0,27.04,28.0,28.68,27.87,3.0,1.21,14.0,1.0,0.4,0.9,27.0,27.0,27.14,27.07,3.0,0.12,14.0,1.0,0.4,0.9,17.31,18.65,18.92,18.13,3.0,1.26,14.0,1.0,0.4,0.9,77.5,83.7,84.0,80.8,3.0,5.4,14.0,1.0,0.9,5.77,7.2,7.88,6.83,3.0,1.58,14.0,1.0,0.4,0.9,5.27,7.1,7.17,6.24,3.0,1.58,14.0,1.0,0.4,0.9,-2.8,0.0,1.74,-0.52,3.0,3.35,14.0,1.0,0.4,0.9,1006.23,1007.8,1010.05,1008.13,3.0,2.81,14.0,1.0,0.4,0.9,4.0,4.0,4.0,4.0,3.0,0.0,14.0,1.0,0.4,0.9,31.8,51.8,56.2,44.2,3.0,19.0,14.0,1.0,0.4,0.9,-22.9,0.0,8.9,-6.9,3.0,24.1,14.0,1.0,0.4,0.9,-0.09,1.0,1.68,0.8,3.0,1.31,14.0,1.0,0.4,0.9,-1.7,5.1,11.4,4.9,3.0,9.7,14.0,1.0,0.4,0.9,3.54,5.06,7.48,5.5,3.0,2.91,14.0,1.0,0.4,0.9,24.0,25.8,50.5,37.0,3.0,21.6,14.0,1.0,0.4,0.9,142.7,193.2,194.0,168.9,3.0,43.0,14.0,1.0,0.4,0.9,-76.1,0.0,47.0,-14.2,3.0,91.0,14.0,1.0,0.4,0.9,94.4,120.2,130.5,112.6,3.0,27.3,14.0,1.0,0.4,0.9,-53.3,0.0,32.5,-10.2,3.0,63.5,14.0,1.0,0.4,0.9,20.8,22.4,49.4,34.8,3.0,23.5,14.0,1.0,0.4,0.9,-7.9,0.0,8.8,0.4,3.0,12.3,14.0,1.0,0.4,0.9,209.0,373.0,495.0,352.5,3.0,210.0,14.0,1.0,0.4,0.9,210.0,375.0,495.0,350.0,3.0,210.0,14.0,1.0,0.4,0.9
1974,2,90.0,-3.0,29.4,29.4,29.4,29.4,1.0,0.0,20.0,0.0,0.4,0.4,28.0,28.0,28.0,28.0,1.0,0.0,20.0,0.0,0.4,0.4,18.71,18.71,18.71,18.71,1.0,0.0,20.0,0.0,0.4,0.4,78.9,78.9,78.9,78.9,1.0,0.0,20.0,0.0,0.4,,,,,,,,,,,,,,,,,,,,,,,,,,,,,,,,,,,,,,,,,,,,,,,,,,,,,,,,,,,,,,,,,,,,,,,,,,,,,,,,,,,,,,,,,,,,,,,,,,,,,,,,,,,,,,,,,,,,,,,,,,,,,,,,,,,,,,,,,,,,,,,,,,,,,,,,,,,,,,,,,,,,,,,,,,,,,,,,,,,,,,,,,,,,,,
1974,2,90.0,1.0,28.9,29.55,30.2,29.55,2.0,1.34,14.0,0.5,0.3,0.9,27.76,28.1,28.44,28.1,2.0,0.71,14.0,0.5,0.3,0.9,18.69,18.69,18.69,18.69,1.0,0.0,14.0,1.0,0.0,0.9,76.2,76.2,76.2,76.2,1.0,0.0,14.0,1.0,0.9,3.18,3.35,3.52,3.35,2.0,0.35,14.0,0.5,0.3,0.9,0.89,1.65,2.41,1.65,2.0,1.57,14.0,0.5,0.3,0.9,2.43,2.68,2.94,2.68,2.0,0.52,14.0,0.5,0.3,0.9,1008.85,1008.95,1009.05,1008.95,2.0,0.21,14.0,0.5,0.3,0.9,4.6,6.0,7.4,6.0,2.0,2.8,14.0,0.5,0.3,0.9,3.0,5.8,8.6,5.8,2.0,5.8,14.0,0.5,0.3,0.9,8.5,8.9,9.3,8.9,2.0,0.8,14.0,0.5,0.3,0.9,0.46,1.45,2.44,1.45,2.0,2.05,14.0,0.5,0.3,0.9,1.4,4.5,7.6,4.5,2.0,6.4,14.0,0.5,0.3,0.9,5.93,5.93,5.93,5.93,1.0,0.0,14.0,1.0,0.0,0.9,21.4,21.4,21.4,21.4,1.0,0.0,14.0,1.0,0.0,0.9,25.0,46.9,68.7,46.9,2.0,45.3,14.0,0.5,0.3,0.9,69.1,75.2,81.4,75.2,2.0,12.8,14.0,0.5,0.3,0.9,51.5,51.5,51.5,51.5,1.0,0.0,14.0,1.0,0.0,0.9,43.3,43.3,43.3,43.3,1.0,0.0,14.0,1.0,0.0,0.9,16.4,16.4,16.4,16.4,1.0,0.0,14.0,1.0,0.0,0.9,13.7,13.7,13.7,13.7,1.0,0.0,14.0,1.0,0.0,0.9,32.5,38.0,44.0,38.0,2.0,12.0,14.0,0.5,0.3,0.9,30.0,40.0,45.0,40.0,2.0,10.0,14.0,0.5,0.3,0.9
1974,2,90.0,2.0,27.78,28.5,29.05,28.42,13.0,0.8,16.0,0.4,0.5,0.6,26.81,27.9,28.47,27.64,14.0,0.95,16.0,0.4,0.4,0.6,17.59,17.91,18.49,18.14,13.0,0.73,16.0,0.4,0.5,0.6,75.0,79.0,81.2,78.2,13.0,3.8,16.0,0.4,0.6,1.37,2.6,4.6,2.82,12.0,2.01,14.0,0.4,0.5,0.5,-2.49,-0.65,2.32,-0.49,12.0,2.22,14.0,0.4,0.5,0.5,-1.13,0.44,1.48,-0.06,12.0,2.74,14.0,0.4,0.5,0.5,1007.22,1009.65,1010.49,1009.11,14.0,1.56,16.0,0.4,0.4,0.6,4.0,6.0,7.0,5.7,14.0,1.5,16.0,0.4,0.4,0.6,-9.9,-1.0,6.6,-2.5,12.0,9.8,14.0,0.4,0.5,0.5,-2.3,0.5,3.3,-2.6,12.0,17.7,14.0,0.4,0.5,0.5,-0.28,0.8,2.0,0.77,13.0,1.16,16.0,0.4,0.5,0.6,-0.5,1.7,4.3,1.7,12.0,4.1,14.0,0.4,0.5,0.5,5.46,6.5,7.08,6.24,13.0,1.17,16.0,0.4,0.5,0.6,8.0,15.3,30.6,17.1,12.0,10.6,14.0,0.4,0.5,0.5,-70.1,-16.6,64.4,-13.4,12.0,61.2,14.0,0.4,0.5,0.5,-30.6,12.4,40.9,-2.4,12.0,78.2,14.0,0.4,0.5,0.5,-45.4,-11.2,40.8,-9.2,12.0,40.3,14.0,0.4,0.5,0.5,-20.2,7.8,26.4,-2.4,12.0,52.2,14.0,0.4,0.5,0.5,-11.2,-4.0,15.9,-2.0,12.0,15.0,14.0,0.4,0.5,0.5,-7.1,2.2,10.1,1.5,12.0,14.1,14.0,0.4,0.5,0.5,3.0,17.5,97.5,62.0,12.0,129.0,14.0,0.4,0.5,0.5,5.0,20.0,95.0,60.0,12.0,130.0,14.0,0.4,0.5,0.5
1974,2,90.0,3.0,27.95,28.4,28.88,28.51,7.0,1.05,14.0,0.4,0.6,0.1,26.89,27.6,28.02,27.51,7.0,0.65,14.0,0.3,0.6,0.2,16.79,17.55,17.95,17.36,5.0,1.1,16.0,0.2,0.5,0.2,73.5,77.9,83.8,79.2,6.0,10.4,14.0,0.2,0.1,2.92,5.7,6.2,4.76,5.0,1.76,14.0,0.2,0.7,0.2,-5.64,-5.36,1.16,-2.81,5.0,3.9,14.0,0.2,0.7,0.2,-2.37,-1.08,1.94,-0.35,5.0,2.5,14.0,0.2,0.7,0.2,1007.17,1008.15,1008.99,1008.13,6.0,1.5,16.0,0.3,0.6,0.2,3.1,6.0,7.8,5.5,8.0,2.0,12.0,0.4,0.6,0.1,-35.0,-30.5,3.2,-18.8,5.0,20.8,14.0,0.2,0.7,0.2,-14.1,-6.7,5.6,-4.8,5.0,11.4,14.0,0.2,0.7,0.2,0.08,0.5,1.63,0.88,6.0,1.11,16.0,0.3,0.7,0.1,0.2,4.0,8.2,4.2,4.0,4.6,16.0,0.3,0.8,0.2,5.4,7.71,9.73,7.57,4.0,2.54,18.0,0.3,0.6,0.1,18.2,23.4,28.7,23.4,2.0,10.9,20.0,0.0,0.7,0.2,-155.0,-144.6,32.8,-75.8,5.0,106.8,14.0,0.2,0.7,0.2,-65.1,-28.7,54.2,-9.4,5.0,69.2,14.0,0.2,0.7,0.2,-70.2,9.4,31.6,-18.6,3.0,78.4,16.0,0.0,0.5,0.2,-5.2,24.2,44.1,19.6,3.0,36.4,16.0,0.0,0.5,0.2,6.7,9.5,12.3,9.5,2.0,5.8,20.0,0.0,0.7,0.2,11.5,19.3,27.1,19.3,2.0,16.1,20.0,0.0,0.7,0.2,25.5,185.0,238.5,142.0,5.0,110.0,14.0,0.2,0.7,0.2,25.0,185.0,240.0,140.0,5.0,110.0,14.0,0.2,0.7,0.2
1974,2,90.0,4.0,27.64,27.95,28.16,27.9,4.0,0.37,18.0,0.5,0.6,0.5,26.13,26.5,28.17,27.12,5.0,1.43,18.0,0.4,0.5,0.5,17.41,17.65,18.81,18.09,4.0,1.18,18.0,0.5,0.6,0.5,76.1,79.0,82.1,79.1,4.0,3.5,18.0,0.5,0.5,0.95,3.1,4.87,2.98,5.0,2.38,18.0,0.4,0.5,0.5,-3.44,-3.1,-0.61,-2.24,5.0,1.68,18.0,0.4,0.5,0.5,-2.69,-0.71,0.0,-1.45,5.0,2.25,18.0,0.4,0.5,0.5,1008.1,1009.1,1010.11,1009.06,5.0,1.17,18.0,0.4,0.5,0.5,5.6,6.0,7.4,6.4,5.0,1.1,18.0,0.4,0.5,0.5,-17.5,-9.6,-0.9,-9.4,5.0,8.6,18.0,0.4,0.5,0.5,-14.0,-1.7,0.0,-7.6,5.0,14.4,18.0,0.4,0.5,0.5,-0.55,0.85,1.51,0.5,4.0,1.44,18.0,0.5,0.6,0.5,-4.9,1.0,3.9,-0.4,4.0,6.4,18.0,0.5,0.6,0.5,4.54,5.79,6.49,5.53,4.0,1.24,18.0,0.5,0.6,0.5,9.8,22.3,25.1,17.7,4.0,12.0,18.0,0.5,0.6,0.5,-98.5,-82.1,-15.9,-61.9,5.0,47.0,18.0,0.4,0.5,0.5,-76.8,-19.5,0.0,-41.6,5.0,66.6,18.0,0.4,0.5,0.5,-65.7,-58.0,-26.0,-46.4,4.0,31.5,18.0,0.5,0.6,0.5,-61.6,-6.1,0.0,-29.7,4.0,51.5,18.0,0.5,0.6,0.5,-23.2,-16.3,-5.8,-14.6,4.0,11.2,18.0,0.5,0.6,0.5,-13.1,-2.3,0.0,-6.4,4.0,9.9,18.0,0.5,0.6,0.5,2.0,30.0,131.0,68.0,5.0,99.0,18.0,0.4,0.5,0.5,0.0,30.0,130.0,70.0,5.0,100.0,18.0,0.4,0.5,0.5
1974,2,90.0,5.0,27.0,27.9,28.3,27.87,15.0,1.13,12.0,0.5,0.4,0.7,26.19,27.15,27.92,27.11,16.0,1.14,14.0,0.4,0.4,0.7,17.55,18.48,19.41,18.35,16.0,1.41,14.0,0.4,0.4,0.7,75.5,80.5,92.0,81.8,16.0,7.7,14.0,0.4,0.7,3.21,4.6,9.06,5.79,15.0,2.67,12.0,0.4,0.4,0.7,-5.23,-2.31,-1.45,-3.12,15.0,2.3,12.0,0.4,0.4,0.7,-6.27,-3.85,1.6,-3.24,15.0,4.02,12.0,0.4,0.4,0.7,1007.5,1009.45,1011.97,1009.73,16.0,2.38,14.0,0.4,0.4,0.7,3.0,5.5,7.6,5.4,16.0,2.1,14.0,0.4,0.4,0.7,-41.7,-14.6,-5.8,-21.7,15.0,20.8,12.0,0.4,0.4,0.7,-54.7,-15.8,4.6,-26.4,15.0,34.7,12.0,0.4,0.4,0.7,0.0,0.5,1.0,0.73,15.0,1.48,12.0,0.5,0.4,0.7,0.0,3.0,10.0,4.4,14.0,6.3,12.0,0.4,0.4,0.7,3.25,5.2,7.48,5.2,15.0,2.03,12.0,0.5,0.4,0.7,13.0,29.2,51.5,32.2,14.0,22.8,12.0,0.4,0.4,0.7,-143.0,-63.9,-38.2,-85.2,15.0,64.5,12.0,0.4,0.4,0.7,-173.9,-100.2,42.6,-89.9,15.0,108.4,12.0,0.4,0.4,0.7,-97.7,-46.3,-28.0,-57.2,15.0,42.8,12.0,0.4,0.4,0.7,-124.0,-65.0,28.1,-59.6,15.0,72.0,12.0,0.4,0.4,0.7,-29.3,-11.7,-4.5,-16.4,14.0,15.9,12.0,0.4,0.4,0.7,-38.2,-18.5,-0.4,-20.7,14.0,25.1,12.0,0.4,0.4,0.7,33.5,97.5,748.0,317.0,15.0,356.5,12.0,0.4,0.4,0.7,35.0,95.0,750.0,315.0,15.0,355.0,12.0,0.4,0.4,0.7
1974,2,90.0,6.0,26.8,27.6,29.23,28.06,9.0,1.47,16.0,0.2,0.4,0.0,25.94,27.0,28.29,27.21,10.0,1.7,16.0,0.2,0.4,0.0,17.87,19.04,19.82,18.99,9.0,1.01,18.0,0.1,0.4,0.0,81.5,85.1,91.1,86.1,9.0,4.7,18.0,0.1,0.0,3.31,4.35,7.2,5.01,10.0,2.11,16.0,0.2,0.4,0.0,-6.35,-3.54,0.98,-3.02,10.0,3.53,16.0,0.2,0.4,0.0,-2.85,-0.85,1.32,-1.08,10.0,2.9,16.0,0.2,0.4,0.0,1007.3,1008.95,1010.64,1009.19,10.0,2.21,16.0,0.2,0.4,0.0,3.1,7.0,8.0,5.9,10.0,3.0,16.0,0.2,0.4,0.0,-50.1,-14.0,3.8,-19.6,10.0,24.1,16.0,0.2,0.4,0.0,-15.7,-5.1,4.8,-9.3,10.0,20.8,16.0,0.2,0.4,0.0,-0.15,0.4,2.31,0.83,9.0,1.15,16.0,0.2,0.4,0.0,-0.7,1.2,8.3,4.1,9.0,6.3,16.0,0.2,0.4,0.0,3.86,4.25,6.01,4.58,8.0,1.34,18.0,0.1,0.4,0.0,12.2,19.3,30.4,21.6,8.0,11.7,18.0,0.1,0.4,0.0,-181.2,-98.3,27.1,-82.7,10.0,97.6,16.0,0.2,0.4,0.0,-77.1,-21.8,37.0,-32.2,10.0,84.6,16.0,0.2,0.4,0.0,-119.3,-58.1,32.4,-50.7,9.0,69.4,18.0,0.1,0.4,0.0,-47.6,-8.1,32.2,-9.4,9.0,41.7,18.0,0.1,0.4,0.0,-29.6,-12.3,-8.2,-15.5,8.0,15.9,18.0,0.1,0.4,0.0,-11.5,-0.9,8.6,-0.3,8.0,11.9,18.0,0.1,0.4,0.0,37.0,83.0,373.0,191.5,10.0,231.0,16.0,0.2,0.4,0.0,35.0,85.0,375.0,190.0,10.0,230.0,16.0,0.2,0.4,0.0
1974,2,90.0,7.0,27.8,27.8,27.8,27.8,1.0,0.0,10.0,0.0,0.2,0.1,26.0,26.0,26.0,26.0,1.0,0.0,10.0,0.0,0.2,0.1,17.04,17.04,17.04,17.04,1.0,0.0,10.0,0.0,0.2,0.1,81.1,81.1,81.1,81.1,1.0,0.0,10.0,0.0,0.1,8.2,8.2,8.2,8.2,1.0,0.0,10.0,0.0,0.2,0.1,-6.28,-6.28,-6.28,-6.28,1.0,0.0,10.0,0.0,0.2,0.1,-5.27,-5.27,-5.27,-5.27,1.0,0.0,10.0,0.0,0.2,0.1,1009.4,1009.4,1009.4,1009.4,1.0,0.0,10.0,0.0,0.2,0.1,8.0,8.0,8.0,8.0,1.0,0.0,10.0,0.0,0.2,0.1,-51.5,-51.5,-51.5,-51.5,1.0,0.0,10.0,0.0,0.2,0.1,-43.2,-43.2,-43.2,-43.2,1.0,0.0,10.0,0.0,0.2,0.1,1.8,1.8,1.8,1.8,1.0,0.0,10.0,0.0,0.2,0.1,14.8,14.8,14.8,14.8,1.0,0.0,10.0,0.0,0.2,0.1,6.43,6.43,6.43,6.43,1.0,0.0,10.0,0.0,0.2,0.1,52.7,52.7,52.7,52.7,1.0,0.0,10.0,0.0,0.2,0.1,-163.3,-163.3,-163.3,-163.3,1.0,0.0,10.0,0.0,0.2,0.1,-137.0,-137.0,-137.0,-137.0,1.0,0.0,10.0,0.0,0.2,0.1,-107.1,-107.1,-107.1,-107.1,1.0,0.0,10.0,0.0,0.2,0.1,-89.8,-89.8,-89.8,-89.8,1.0,0.0,10.0,0.0,0.2,0.1,-40.4,-40.4,-40.4,-40.4,1.0,0.0,10.0,0.0,0.2,0.1,-33.9,-33.9,-33.9,-33.9,1.0,0.0,10.0,0.0,0.2,0.1,551.5,551.5,551.5,551.5,1.0,0.0,10.0,0.0,0.2,0.1,550.0,550.0,550.0,550.0,1.0,0.0,10.0,0.0,0.2,0.1
1974,2,90.0,9.0,27.0,27.0,27.0,27.0,1.0,0.0,8.0,0.0,0.3,0.0,26.0,26.0,26.0,26.0,1.0,0.0,8.0,0.0,0.3,0.0,14.6,14.6,14.6,14.6,1.0,0.0,8.0,0.0,0.3,0.0,69.5,69.5,69.5,69.5,1.0,0.0,8.0,0.0,0.0,9.3,9.3,9.3,9.3,1.0,0.0,8.0,0.0,0.3,0.0,-3.18,-3.18,-3.18,-3.18,1.0,0.0,8.0,0.0,0.3,0.0,-8.74,-8.74,-8.74,-8.74,1.0,0.0,8.0,0.0,0.3,0.0,1008.8,1008.8,1008.8,1008.8,1.0,0.0,8.0,0.0,0.3,0.0,0.0,0.0,0.0,0.0,1.0,0.0,8.0,0.0,0.3,0.0,-29.6,-29.6,-29.6,-29.6,1.0,0.0,8.0,0.0,0.3,0.0,-81.3,-81.3,-81.3,-81.3,1.0,0.0,8.0,0.0,0.3,0.0,1.0,1.0,1.0,1.0,1.0,0.0,8.0,0.0,0.3,0.0,9.3,9.3,9.3,9.3,1.0,0.0,8.0,0.0,0.3,0.0,7.79,7.79,7.79,7.79,1.0,0.0,8.0,0.0,0.3,0.0,72.4,72.4,72.4,72.4,1.0,0.0,8.0,0.0,0.3,0.0,-82.7,-82.7,-82.7,-82.7,1.0,0.0,8.0,0.0,0.3,0.0,-227.2,-227.2,-227.2,-227.2,1.0,0.0,8.0,0.0,0.3,0.0,-46.5,-46.5,-46.5,-46.5,1.0,0.0,8.0,0.0,0.3,0.0,-127.6,-127.6,-127.6,-127.6,1.0,0.0,8.0,0.0,0.3,0.0,-24.8,-24.8,-24.8,-24.8,1.0,0.0,8.0,0.0,0.3,0.0,-68.1,-68.1,-68.1,-68.1,1.0,0.0,8.0,0.0,0.3,0.0,804.5,804.5,804.5,804.5,1.0,0.0,8.0,0.0,0.3,0.0,805.0,805.0,805.0,805.0,1.0,0.0,8.0,0.0,0.3,0.0
1974,2,90.0,10.0,26.5,26.5,26.5,26.5,1.0,0.0,12.0,0.0,0.3,0.0,26.0,26.0,26.0,26.0,1.0,0.0,12.0,0.0,0.3,0.0,15.52,15.52,15.52,15.52,1.0,0.0,12.0,0.0,0.3,0.0,73.9,73.9,73.9,73.9,1.0,0.0,12.0,0.0,0.0,8.2,8.2,8.2,8.2,1.0,0.0,12.0,0.0,0.3,0.0,-7.71,-7.71,-7.71,-7.71,1.0,0.0,12.0,0.0,0.3,0.0,-2.8,-2.8,-2.8,-2.8,1.0,0.0,12.0,0.0,0.3,0.0,1010.0,1010.0,1010.0,1010.0,1.0,0.0,12.0,0.0,0.3,0.0,2.0,2.0,2.0,2.0,1.0,0.0,12.0,0.0,0.3,0.0,-63.2,-63.2,-63.2,-63.2,1.0,0.0,12.0,0.0,0.3,0.0,-23.0,-23.0,-23.0,-23.0,1.0,0.0,12.0,0.0,0.3,0.0,0.5,0.5,0.5,0.5,1.0,0.0,12.0,0.0,0.3,0.0,4.1,4.1,4.1,4.1,1.0,0.0,12.0,0.0,0.3,0.0,6.18,6.18,6.18,6.18,1.0,0.0,12.0,0.0,0.3,0.0,50.7,50.7,50.7,50.7,1.0,0.0,12.0,0.0,0.3,0.0,-200.3,-200.3,-200.3,-200.3,1.0,0.0,12.0,0.0,0.3,0.0,-72.9,-72.9,-72.9,-72.9,1.0,0.0,12.0,0.0,0.3,0.0,-119.6,-119.6,-119.6,-119.6,1.0,0.0,12.0,0.0,0.3,0.0,-43.5,-43.5,-43.5,-43.5,1.0,0.0,12.0,0.0,0.3,0.0,-47.6,-47.6,-47.6,-47.6,1.0,0.0,12.0,0.0,0.3,0.0,-17.3,-17.3,-17.3,-17.3,1.0,0.0,12.0,0.0,0.3,0.0,551.5,551.5,551.5,551.5,1.0,0.0,12.0,0.0,0.3,0.0,550.0,550.0,550.0,550.0,1.0,0.0,12.0,0.0,0.3,0.0
1974,2,90.0,11.0,,,,,,,,,,,,,,,,,,,,,,,,,,,,,,,,,,,,,,,,5.1,5.1,5.1,5.1,1.0,0.0,24.0,0.0,0.4,0.8,-3.28,-3.28,-3.28,-3.28,1.0,0.0,24.0,0.0,0.4,0.8,-3.91,-3.91,-3.91,-3.91,1.0,0.0,24.0,0.0,0.4,0.8,1008.2,1008.2,1008.2,1008.2,1.0,0.0,24.0,0.0,0.4,0.8,,,,,,,,,,,,,,,,,,,,,,,,,,,,,,,,,,,,,,,,,,,,,,,,,,,,,,,,,,,,,,,,,,,,,,,,,,,,,,,,,,,,,,,,,,,,,,,,,,,,,,,,,,,,,,,,,,,,,,,,,,,,,,,,,,,,,,,,,,,,,,,,,,,,,,
1974,2,90.0,14.0,,,,,,,,,,,,,,,,,,,,,,,,,,,,,,,,,,,,,,,,5.0,5.0,5.0,5.0,1.0,0.0,20.0,0.0,0.5,0.5,-0.87,-0.87,-0.87,-0.87,1.0,0.0,20.0,0.0,0.5,0.5,-4.92,-4.92,-4.92,-4.92,1.0,0.0,20.0,0.0,0.5,0.5,1012.7,1012.7,1012.7,1012.7,1.0,0.0,20.0,0.0,0.5,0.5,,,,,,,,,,,,,,,,,,,,,,,,,,,,,,,,,,,,,,,,,,,,,,,,,,,,,,,,,,,,,,,,,,,,,,,,,,,,,,,,,,,,,,,,,,,,,,,,,,,,,,,,,,,,,,,,,,,,,,,,,,,,,,,,,,,,,,,,,,,,,,,,,,,,,,
1974,2,90.0,15.0,,,,,,,,,,,,,,,,,,,,,,,,,,,,,,,,,,,,,,,,5.11,5.35,5.59,5.35,2.0,0.49,14.0,0.5,0.3,0.4,-2.54,-1.86,-1.18,-1.86,2.0,1.4,14.0,0.5,0.3,0.4,-4.93,-4.93,-4.93,-4.93,2.0,0.01,14.0,0.5,0.3,0.4,1014.39,1015.65,1016.91,1015.65,2.0,2.62,14.0,0.5,0.3,0.4,,,,,,,,,,,,,,,,,,,,,,,,,,,,,,,,,,,,,,,,,,,,,,,,,,,,,,,,,,,,,,,,,,,,,,,,,,,,,,,,,,,,,,,,,,,,,,,,,,,,,,,,,,,,,,,,,,,,,,,,,,,,,,,,,,,,,,,,,,,,,,,,,,,,,,
1974,2,90.0,20.0,24.4,24.4,24.4,24.4,1.0,0.0,12.0,0.0,0.0,0.0,21.2,21.2,21.2,21.2,1.0,0.0,12.0,0.0,0.0,0.0,8.13,8.13,8.13,8.13,1.0,0.0,12.0,0.0,0.0,0.0,52.1,52.1,52.1,52.1,1.0,0.0,12.0,0.0,0.0,0.5,0.5,0.5,0.5,1.0,0.0,12.0,0.0,0.0,0.0,-0.25,-0.25,-0.25,-0.25,1.0,0.0,12.0,0.0,0.0,0.0,-0.43,-0.43,-0.43,-0.43,1.0,0.0,12.0,0.0,0.0,0.0,1013.3,1013.3,1013.3,1013.3,1.0,0.0,12.0,0.0,0.0,0.0,3.0,3.0,3.0,3.0,1.0,0.0,12.0,0.0,0.0,0.0,-0.1,-0.1,-0.1,-0.1,1.0,0.0,12.0,0.0,0.0,0.0,-0.2,-0.2,-0.2,-0.2,1.0,0.0,12.0,0.0,0.0,0.0,3.2,3.2,3.2,3.2,1.0,0.0,12.0,0.0,0.0,0.0,1.6,1.6,1.6,1.6,1.0,0.0,12.0,0.0,0.0,0.0,10.94,10.94,10.94,10.94,1.0,0.0,12.0,0.0,0.0,0.0,5.5,5.5,5.5,5.5,1.0,0.0,12.0,0.0,0.0,0.0,-5.3,-5.3,-5.3,-5.3,1.0,0.0,12.0,0.0,0.0,0.0,-9.2,-9.2,-9.2,-9.2,1.0,0.0,12.0,0.0,0.0,0.0,-2.0,-2.0,-2.0,-2.0,1.0,0.0,12.0,0.0,0.0,0.0,-3.5,-3.5,-3.5,-3.5,1.0,0.0,12.0,0.0,0.0,0.0,-2.7,-2.7,-2.7,-2.7,1.0,0.0,12.0,0.0,0.0,0.0,-4.7,-4.7,-4.7,-4.7,1.0,0.0,12.0,0.0,0.0,0.0,0.0,0.0,0.0,0.0,1.0,0.0,12.0,0.0,0.0,0.0,0.0,0.0,0.0,0.0,1.0,0.0,12.0,0.0,0.0,0.0
1974,2,90.0,21.0,,,,,,,,,,,,,,,,,,,,,,,,,,,,,,,,,,,,,,,,0.0,0.0,0.0,0.0,1.0,0.0,18.0,1.0,0.6,0.1,0.0,0.0,0.0,0.0,1.0,0.0,18.0,1.0,0.6,0.1,0.0,0.0,0.0,0.0,1.0,0.0,18.0,1.0,0.6,0.1,1016.8,1016.8,1016.8,1016.8,1.0,0.0,18.0,1.0,0.6,0.1,,,,,,,,,,,,,,,,,,,,,,,,,,,,,,,,,,,,,,,,,,,,,,,,,,,,,,,,,,,,,,,,,,,,,,,,,,,,,,,,,,,,,,,,,,,,,,,,,,,,,,,,,,,,,,,,,,,,,,,,,,,,,,,,,,,,,,,,,,,,,,,,,,,,,,
1974,2,91.0,-65.0,0.0,0.0,0.0,0.0,1.0,0.0,12.0,1.0,0.0,0.1,-2.9,-2.9,-2.9,-2.9,1.0,0.0,12.0,1.0,0.0,0.1,3.16,3.16,3.16,3.16,1.0,0.0,12.0,1.0,0.0,0.1,99.3,99.3,99.3,99.3,1.0,0.0,12.0,1.0,0.1,,,,,,,,,,,,,,,,,,,,,,,,,,,,,,,,,,,,,,,,,,,,,,,,,,,,,,,,,,,,,,,,,,,,,,,,,,,,,,,,,,,,,,,,,,,,,,,,,,,,,,,,,,,,,,,,,,,,,,,,,,,,,,,,,,,,,,,,,,,,,,,,,,,,,,,,,,,,,,,,,,,,,,,,,,,,,,,,,,,,,,,,,,,,,,
1974,2,91.0,-64.0,0.6,0.6,0.6,0.6,1.0,0.0,22.0,1.0,0.2,0.5,0.2,0.2,0.2,0.2,1.0,0.0,22.0,1.0,0.2,0.5,3.93,3.93,3.93,3.93,1.0,0.0,22.0,1.0,0.2,0.5,99.3,99.3,99.3,99.3,1.0,0.0,22.0,1.0,0.5,1.0,1.0,1.0,1.0,1.0,0.0,22.0,1.0,0.2,0.5,0.98,0.98,0.98,0.98,1.0,0.0,22.0,1.0,0.2,0.5,0.17,0.17,0.17,0.17,1.0,0.0,22.0,1.0,0.2,0.5,981.4,981.4,981.4,981.4,1.0,0.0,22.0,1.0,0.2,0.5,6.0,6.0,6.0,6.0,1.0,0.0,22.0,1.0,0.2,0.5,1.0,1.0,1.0,1.0,1.0,0.0,22.0,1.0,0.2,0.5,0.2,0.2,0.2,0.2,1.0,0.0,22.0,1.0,0.2,0.5,0.4,0.4,0.4,0.4,1.0,0.0,22.0,1.0,0.2,0.5,0.4,0.4,0.4,0.4,1.0,0.0,22.0,1.0,0.2,0.5,0.15,0.15,0.15,0.15,1.0,0.0,22.0,1.0,0.2,0.5,0.1,0.1,0.1,0.1,1.0,0.0,22.0,1.0,0.2,0.5,0.2,0.2,0.2,0.2,1.0,0.0,22.0,1.0,0.2,0.5,0.0,0.0,0.0,0.0,1.0,0.0,22.0,1.0,0.2,0.5,3.9,3.9,3.9,3.9,1.0,0.0,22.0,1.0,0.2,0.5,0.7,0.7,0.7,0.7,1.0,0.0,22.0,1.0,0.2,0.5,0.1,0.1,0.1,0.1,1.0,0.0,22.0,1.0,0.2,0.5,0.0,0.0,0.0,0.0,1.0,0.0,22.0,1.0,0.2,0.5,1.0,1.0,1.0,1.0,1.0,0.0,22.0,1.0,0.2,0.5,0.0,0.0,0.0,0.0,1.0,0.0,22.0,1.0,0.2,0.5
1974,2,91.0,-53.0,3.2,3.2,3.2,3.2,1.0,0.0,6.0,1.0,0.4,0.5,5.9,5.9,5.9,5.9,1.0,0.0,6.0,1.0,0.4,0.5,5.43,5.43,5.43,5.43,1.0,0.0,6.0,1.0,0.4,0.5,93.3,93.3,93.3,93.3,1.0,0.0,6.0,1.0,0.5,19.5,19.5,19.5,19.5,1.0,0.0,6.0,1.0,0.4,0.5,12.53,12.53,12.53,12.53,1.0,0.0,6.0,1.0,0.4,0.5,-14.94,-14.94,-14.94,-14.94,1.0,0.0,6.0,1.0,0.4,0.5,1000.6,1000.6,1000.6,1000.6,1.0,0.0,6.0,1.0,0.4,0.5,8.0,8.0,8.0,8.0,1.0,0.0,6.0,1.0,0.4,0.5,244.4,244.4,244.4,244.4,1.0,0.0,6.0,1.0,0.4,0.5,-291.3,-291.3,-291.3,-291.3,1.0,0.0,6.0,1.0,0.4,0.5,-2.7,-2.7,-2.7,-2.7,1.0,0.0,6.0,1.0,0.4,0.5,-52.6,-52.6,-52.6,-52.6,1.0,0.0,6.0,1.0,0.4,0.5,-0.61,-0.61,-0.61,-0.61,1.0,0.0,6.0,1.0,0.4,0.5,-11.9,-11.9,-11.9,-11.9,1.0,0.0,6.0,1.0,0.4,0.5,74.0,74.0,74.0,74.0,1.0,0.0,6.0,1.0,0.4,0.5,-88.1,-88.1,-88.1,-88.1,1.0,0.0,6.0,1.0,0.4,0.5,68.0,68.0,68.0,68.0,1.0,0.0,6.0,1.0,0.4,0.5,-81.0,-81.0,-81.0,-81.0,1.0,0.0,6.0,1.0,0.4,0.5,-7.7,-7.7,-7.7,-7.7,1.0,0.0,6.0,1.0,0.4,0.5,9.1,9.1,9.1,9.1,1.0,0.0,6.0,1.0,0.4,0.5,7415.0,7415.0,7415.0,7415.0,1.0,0.0,6.0,1.0,0.4,0.5,7415.0,7415.0,7415.0,7415.0,1.0,0.0,6.0,1.0,0.4,0.5
1974,2,91.0,-43.0,,,,,,,,,,,,,,,,,,,,,,,,,,,,,,,,,,,,,,,,,,,,,,,,,,,,,,,,,,,,,,,,,,,,,,,,,,,,,,,,1.0,1.0,1.0,1.0,1.0,0.0,6.0,1.0,0.6,0.8,-5.2,-5.2,-5.2,-5.2,1.0,0.0,6.0,1.0,0.6,0.8,4.3,4.3,4.3,4.3,1.0,0.0,6.0,1.0,0.6,0.8,,,,,,,,,,,,,,,,,,,,,,,,,,,,,,,,,,,,,,,,,,,,,,,,,,,,,,,,,,,,,,,,,,,,,,,,,,,,,,,,,,,,,,,,,,,,,,,,,,,,,,,,,,,,,,,,,,,,,,,,
1974,2,91.0,-42.0,12.6,12.6,12.6,12.6,1.0,0.0,2.0,1.0,0.2,0.4,10.5,10.5,10.5,10.5,1.0,0.0,2.0,1.0,0.2,0.4,4.06,4.06,4.06,4.06,1.0,0.0,2.0,1.0,0.2,0.4,51.8,51.8,51.8,51.8,1.0,0.0,2.0,1.0,0.4,,,,,,,,,,,,,,,,,,,,,,,,,,,,,,,,,,,,,,,,,,,,,,,,,,,,,,,,,,,,,,,,,,,,,,,,,,,,,,,,,,,,,,,,,,,,,,,,,,,,,,,,,,,,,,,,,,,,,,,,,,,,,,,,,,,,,,,,,,,,,,,,,,,,,,,,,,,,,,,,,,,,,,,,,,,,,,,,,,,,,,,,,,,,,,
1974,2,91.0,-40.0,15.0,15.0,15.0,15.0,2.0,0.0,10.0,1.0,0.7,0.2,12.82,13.5,14.18,13.5,2.0,1.41,10.0,1.0,0.7,0.2,5.54,6.2,6.86,6.2,2.0,1.36,10.0,1.0,0.7,0.2,61.3,65.4,69.5,65.4,2.0,8.5,10.0,1.0,0.2,3.0,3.85,4.7,3.85,2.0,1.77,10.0,1.0,0.7,0.2,1.15,1.72,2.29,1.72,2.0,1.18,10.0,1.0,0.7,0.2,0.42,2.29,4.15,2.29,2.0,3.87,10.0,1.0,0.7,0.2,1030.11,1031.2,1032.29,1031.2,2.0,2.26,10.0,1.0,0.7,0.2,4.6,6.0,7.4,6.0,2.0,2.8,10.0,1.0,0.7,0.2,4.9,5.6,6.3,5.6,2.0,1.5,10.0,1.0,0.7,0.2,3.1,12.2,21.4,12.2,2.0,18.9,10.0,1.0,0.7,0.2,0.82,1.5,2.18,1.5,2.0,1.41,10.0,1.0,0.7,0.2,3.1,7.0,10.9,7.0,2.0,8.1,10.0,1.0,0.7,0.2,3.52,4.19,4.86,4.19,2.0,1.39,10.0,1.0,0.7,0.2,11.2,17.4,23.5,17.4,2.0,12.7,10.0,1.0,0.7,0.2,15.2,24.1,33.0,24.1,2.0,18.4,10.0,1.0,0.7,0.2,4.5,28.1,51.8,28.1,2.0,49.0,10.0,1.0,0.7,0.2,6.8,11.5,16.2,11.5,2.0,9.7,10.0,1.0,0.7,0.2,1.5,11.5,21.6,11.5,2.0,20.9,10.0,1.0,0.7,0.2,5.2,6.4,7.6,6.4,2.0,2.6,10.0,1.0,0.7,0.2,2.9,12.3,21.6,12.3,2.0,19.4,10.0,1.0,0.7,0.2,36.0,75.0,114.5,75.0,2.0,81.5,10.0,1.0,0.7,0.2,35.0,75.0,115.0,75.0,2.0,80.0,10.0,1.0,0.7,0.2
1974,2,91.0,-34.0,19.3,19.3,19.3,19.3,1.0,0.0,2.0,1.0,0.3,0.7,17.1,17.1,17.1,17.1,1.0,0.0,2.0,1.0,0.3,0.7,7.18,7.18,7.18,7.18,1.0,0.0,2.0,1.0,0.3,0.7,60.1,60.1,60.1,60.1,1.0,0.0,2.0,1.0,0.7,12.3,12.3,12.3,12.3,1.0,0.0,2.0,1.0,0.3,0.7,-7.91,-7.91,-7.91,-7.91,1.0,0.0,2.0,1.0,0.3,0.7,9.42,9.42,9.42,9.42,1.0,0.0,2.0,1.0,0.3,0.7,1022.8,1022.8,1022.8,1022.8,1.0,0.0,2.0,1.0,0.3,0.7,5.0,5.0,5.0,5.0,1.0,0.0,2.0,1.0,0.3,0.7,-97.2,-97.2,-97.2,-97.2,1.0,0.0,2.0,1.0,0.3,0.7,115.9,115.9,115.9,115.9,1.0,0.0,2.0,1.0,0.3,0.7,2.2,2.2,2.2,2.2,1.0,0.0,2.0,1.0,0.3,0.7,27.1,27.1,27.1,27.1,1.0,0.0,2.0,1.0,0.3,0.7,6.6,6.6,6.6,6.6,1.0,0.0,2.0,1.0,0.3,0.7,81.2,81.2,81.2,81.2,1.0,0.0,2.0,1.0,0.3,0.7,-135.2,-135.2,-135.2,-135.2,1.0,0.0,2.0,1.0,0.3,0.7,161.1,161.1,161.1,161.1,1.0,0.0,2.0,1.0,0.3,0.7,-56.8,-56.8,-56.8,-56.8,1.0,0.0,2.0,1.0,0.3,0.7,67.7,67.7,67.7,67.7,1.0,0.0,2.0,1.0,0.3,0.7,-52.2,-52.2,-52.2,-52.2,1.0,0.0,2.0,1.0,0.3,0.7,62.2,62.2,62.2,62.2,1.0,0.0,2.0,1.0,0.3,0.7,1861.0,1861.0,1861.0,1861.0,1.0,0.0,2.0,1.0,0.3,0.7,1860.0,1860.0,1860.0,1860.0,1.0,0.0,2.0,1.0,0.3,0.7
1974,2,91.0,-33.0,,,,,,,,,,,,,,,,,,,,,,,,,,,,,,,,,,,,,,,,4.6,4.6,4.6,4.6,1.0,0.0,10.0,1.0,0.7,0.5,-0.8,-0.8,-0.8,-0.8,1.0,0.0,10.0,1.0,0.7,0.5,4.53,4.53,4.53,4.53,1.0,0.0,10.0,1.0,0.7,0.5,1027.0,1027.0,1027.0,1027.0,1.0,0.0,10.0,1.0,0.7,0.5,7.0,7.0,7.0,7.0,1.0,0.0,10.0,1.0,0.7,0.5,-3.7,-3.7,-3.7,-3.7,1.0,0.0,10.0,1.0,0.7,0.5,20.8,20.8,20.8,20.8,1.0,0.0,10.0,1.0,0.7,0.5,,,,,,,,,,,,,,,,,,,,,,,,,,,,,,,,,,,,,,,,,-13.6,-13.6,-13.6,-13.6,1.0,0.0,10.0,1.0,0.7,0.5,77.0,77.0,77.0,77.0,1.0,0.0,10.0,1.0,0.7,0.5,-6.0,-6.0,-6.0,-6.0,1.0,0.0,10.0,1.0,0.7,0.5,34.0,34.0,34.0,34.0,1.0,0.0,10.0,1.0,0.7,0.5,,,,,,,,,,,,,,,,,,,,,,,,,,,,,,,,,,,,,,,,
1974,2,91.0,-31.0,21.21,22.75,24.29,22.75,2.0,3.18,16.0,1.0,0.6,0.7,19.87,21.75,23.63,21.75,2.0,3.89,16.0,1.0,0.6,0.7,10.91,12.36,13.81,12.36,2.0,3.01,16.0,1.0,0.6,0.7,76.0,76.1,76.1,76.1,2.0,0.1,16.0,1.0,0.7,9.38,9.55,9.72,9.55,2.0,0.35,16.0,1.0,0.6,0.7,-2.95,-2.44,-1.94,-2.44,2.0,1.05,16.0,1.0,0.6,0.7,8.88,9.2,9.51,9.2,2.0,0.64,16.0,1.0,0.6,0.7,1018.49,1021.9,1025.31,1021.9,2.0,7.07,16.0,1.0,0.6,0.7,5.3,6.0,6.7,6.0,2.0,1.4,16.0,1.0,0.6,0.7,-27.5,-23.1,-18.7,-23.1,2.0,9.1,16.0,1.0,0.6,0.7,83.4,87.9,92.5,87.9,2.0,9.4,16.0,1.0,0.6,0.7,0.66,1.0,1.34,1.0,2.0,0.71,16.0,1.0,0.6,0.7,6.2,9.7,13.1,9.7,2.0,7.1,16.0,1.0,0.6,0.7,4.67,4.89,5.11,4.89,2.0,0.46,16.0,1.0,0.6,0.7,45.3,46.6,47.9,46.6,2.0,2.6,16.0,1.0,0.6,0.7,-70.7,-55.1,-39.6,-55.1,2.0,32.2,16.0,1.0,0.6,0.7,188.2,198.7,209.2,198.7,2.0,21.7,16.0,1.0,0.6,0.7,-41.5,-31.7,-22.0,-31.7,2.0,20.3,16.0,1.0,0.6,0.7,103.2,112.7,122.2,112.7,2.0,19.7,16.0,1.0,0.6,0.7,-15.2,-12.2,-9.2,-12.2,2.0,6.2,16.0,1.0,0.6,0.7,44.3,44.8,45.3,44.8,2.0,1.0,16.0,1.0,0.6,0.7,826.0,873.0,919.5,873.0,2.0,97.0,16.0,1.0,0.6,0.7,825.0,875.0,920.0,875.0,2.0,95.0,16.0,1.0,0.6,0.7
1974,2,91.0,-25.0,23.4,23.4,23.4,23.4,1.0,0.0,26.0,1.0,0.9,0.3,23.1,23.1,23.1,23.1,1.0,0.0,26.0,1.0,0.9,0.3,13.06,13.06,13.06,13.06,1.0,0.0,26.0,1.0,0.9,0.3,74.4,74.4,74.4,74.4,1.0,0.0,26.0,1.0,0.3,4.6,4.6,4.6,4.6,1.0,0.0,26.0,1.0,0.9,0.3,-3.98,-3.98,-3.98,-3.98,1.0,0.0,26.0,1.0,0.9,0.3,2.3,2.3,2.3,2.3,1.0,0.0,26.0,1.0,0.9,0.3,1014.0,1014.0,1014.0,1014.0,1.0,0.0,26.0,1.0,0.9,0.3,5.0,5.0,5.0,5.0,1.0,0.0,26.0,1.0,0.9,0.3,-18.3,-18.3,-18.3,-18.3,1.0,0.0,26.0,1.0,0.9,0.3,10.6,10.6,10.6,10.6,1.0,0.0,26.0,1.0,0.9,0.3,0.3,0.3,0.3,0.3,1.0,0.0,26.0,1.0,0.9,0.3,1.4,1.4,1.4,1.4,1.0,0.0,26.0,1.0,0.9,0.3,4.87,4.87,4.87,4.87,1.0,0.0,26.0,1.0,0.9,0.3,22.4,22.4,22.4,22.4,1.0,0.0,26.0,1.0,0.9,0.3,-92.0,-92.0,-92.0,-92.0,1.0,0.0,26.0,1.0,0.9,0.3,53.1,53.1,53.1,53.1,1.0,0.0,26.0,1.0,0.9,0.3,-52.0,-52.0,-52.0,-52.0,1.0,0.0,26.0,1.0,0.9,0.3,30.0,30.0,30.0,30.0,1.0,0.0,26.0,1.0,0.9,0.3,-19.4,-19.4,-19.4,-19.4,1.0,0.0,26.0,1.0,0.9,0.3,11.2,11.2,11.2,11.2,1.0,0.0,26.0,1.0,0.9,0.3,97.5,97.5,97.5,97.5,1.0,0.0,26.0,1.0,0.9,0.3,95.0,95.0,95.0,95.0,1.0,0.0,26.0,1.0,0.9,0.3
1974,2,91.0,-24.0,23.32,24.0,24.68,24.0,2.0,1.41,6.0,0.5,0.6,0.7,22.93,23.85,24.77,23.85,2.0,1.91,6.0,0.5,0.6,0.7,13.12,13.15,13.17,13.15,2.0,0.05,6.0,0.5,0.6,0.7,67.9,72.1,76.2,72.1,2.0,8.6,6.0,0.5,0.7,8.2,8.2,8.2,8.2,1.0,0.0,8.0,1.0,0.8,0.6,-2.8,-2.8,-2.8,-2.8,1.0,0.0,8.0,1.0,0.8,0.6,7.71,7.71,7.71,7.71,1.0,0.0,8.0,1.0,0.8,0.6,1016.16,1016.5,1016.84,1016.5,2.0,0.71,6.0,0.5,0.6,0.7,5.0,5.0,7.0,6.0,3.0,1.7,4.0,0.7,0.7,0.6,-23.0,-23.0,-23.0,-23.0,1.0,0.0,8.0,1.0,0.8,0.6,63.2,63.2,63.2,63.2,1.0,0.0,8.0,1.0,0.8,0.6,-0.09,0.15,0.39,0.15,2.0,0.49,6.0,0.5,0.6,0.7,-1.6,-1.6,-1.6,-1.6,1.0,0.0,8.0,1.0,0.8,0.6,4.63,5.43,6.23,5.43,2.0,1.66,6.0,0.5,0.6,0.7,54.2,54.2,54.2,54.2,1.0,0.0,8.0,1.0,0.8,0.6,-70.7,-70.7,-70.7,-70.7,1.0,0.0,8.0,1.0,0.8,0.6,194.2,194.2,194.2,194.2,1.0,0.0,8.0,1.0,0.8,0.6,-36.8,-36.8,-36.8,-36.8,1.0,0.0,8.0,1.0,0.8,0.6,101.0,101.0,101.0,101.0,1.0,0.0,8.0,1.0,0.8,0.6,-18.5,-18.5,-18.5,-18.5,1.0,0.0,8.0,1.0,0.8,0.6,50.9,50.9,50.9,50.9,1.0,0.0,8.0,1.0,0.8,0.6,551.5,551.5,551.5,551.5,1.0,0.0,8.0,1.0,0.8,0.6,550.0,550.0,550.0,550.0,1.0,0.0,8.0,1.0,0.8,0.6
1974,2,91.0,-23.0,25.2,25.2,25.2,25.2,1.0,0.0,8.0,1.0,0.2,0.4,23.1,23.1,23.1,23.1,1.0,0.0,8.0,1.0,0.2,0.4,11.41,11.41,11.41,11.41,1.0,0.0,8.0,1.0,0.2,0.4,65.1,65.1,65.1,65.1,1.0,0.0,8.0,1.0,0.4,10.3,10.3,10.3,10.3,1.0,0.0,8.0,1.0,0.2,0.4,-5.15,-5.15,-5.15,-5.15,1.0,0.0,8.0,1.0,0.2,0.4,8.92,8.92,8.92,8.92,1.0,0.0,8.0,1.0,0.2,0.4,1015.1,1015.1,1015.1,1015.1,1.0,0.0,8.0,1.0,0.2,0.4,8.0,8.0,8.0,8.0,1.0,0.0,8.0,1.0,0.2,0.4,-53.0,-53.0,-53.0,-53.0,1.0,0.0,8.0,1.0,0.2,0.4,91.9,91.9,91.9,91.9,1.0,0.0,8.0,1.0,0.2,0.4,2.1,2.1,2.1,2.1,1.0,0.0,8.0,1.0,0.2,0.4,21.6,21.6,21.6,21.6,1.0,0.0,8.0,1.0,0.2,0.4,8.57,8.57,8.57,8.57,1.0,0.0,8.0,1.0,0.2,0.4,88.2,88.2,88.2,88.2,1.0,0.0,8.0,1.0,0.2,0.4,-119.0,-119.0,-119.0,-119.0,1.0,0.0,8.0,1.0,0.2,0.4,206.1,206.1,206.1,206.1,1.0,0.0,8.0,1.0,0.2,0.4,-58.7,-58.7,-58.7,-58.7,1.0,0.0,8.0,1.0,0.2,0.4,101.7,101.7,101.7,101.7,1.0,0.0,8.0,1.0,0.2,0.4,-44.1,-44.1,-44.1,-44.1,1.0,0.0,8.0,1.0,0.2,0.4,76.4,76.4,76.4,76.4,1.0,0.0,8.0,1.0,0.2,0.4,1092.5,1092.5,1092.5,1092.5,1.0,0.0,8.0,1.0,0.2,0.4,1095.0,1095.0,1095.0,1095.0,1.0,0.0,8.0,1.0,0.2,0.4
1974,2,91.0,-17.0,26.0,26.0,26.0,26.0,1.0,0.0,28.0,0.0,0.5,0.1,24.2,24.2,24.2,24.2,1.0,0.0,28.0,0.0,0.5,0.1,15.51,15.51,15.51,15.51,1.0,0.0,28.0,0.0,0.5,0.1,82.3,82.3,82.3,82.3,1.0,0.0,28.0,0.0,0.1,8.7,8.7,8.7,8.7,1.0,0.0,28.0,0.0,0.5,0.1,-6.66,-6.66,-6.66,-6.66,1.0,0.0,28.0,0.0,0.5,0.1,5.59,5.59,5.59,5.59,1.0,0.0,28.0,0.0,0.5,0.1,1011.1,1011.1,1011.1,1011.1,1.0,0.0,28.0,0.0,0.5,0.1,6.0,6.0,6.0,6.0,1.0,0.0,28.0,0.0,0.5,0.1,-58.0,-58.0,-58.0,-58.0,1.0,0.0,28.0,0.0,0.5,0.1,48.7,48.7,48.7,48.7,1.0,0.0,28.0,0.0,0.5,0.1,1.8,1.8,1.8,1.8,1.0,0.0,28.0,0.0,0.5,0.1,15.7,15.7,15.7,15.7,1.0,0.0,28.0,0.0,0.5,0.1,5.54,5.54,5.54,5.54,1.0,0.0,28.0,0.0,0.5,0.1,48.2,48.2,48.2,48.2,1.0,0.0,28.0,0.0,0.5,0.1,-161.3,-161.3,-161.3,-161.3,1.0,0.0,28.0,0.0,0.5,0.1,135.3,135.3,135.3,135.3,1.0,0.0,28.0,0.0,0.5,0.1,-103.4,-103.4,-103.4,-103.4,1.0,0.0,28.0,0.0,0.5,0.1,86.7,86.7,86.7,86.7,1.0,0.0,28.0,0.0,0.5,0.1,-36.9,-36.9,-36.9,-36.9,1.0,0.0,28.0,0.0,0.5,0.1,31.0,31.0,31.0,31.0,1.0,0.0,28.0,0.0,0.5,0.1,658.5,658.5,658.5,658.5,1.0,0.0,28.0,0.0,0.5,0.1,660.0,660.0,660.0,660.0,1.0,0.0,28.0,0.0,0.5,0.1
1974,2,91.0,-16.0,27.08,27.25,27.42,27.25,2.0,0.35,24.0,0.5,0.0,0.8,26.71,27.15,27.59,27.15,2.0,0.92,24.0,0.5,0.0,0.8,17.58,18.1,18.62,18.1,2.0,1.07,24.0,0.5,0.0,0.8,80.2,80.2,80.3,80.2,2.0,0.1,24.0,0.5,0.8,4.6,4.6,4.6,4.6,1.0,0.0,26.0,0.0,0.0,1.0,-4.32,-4.32,-4.32,-4.32,1.0,0.0,26.0,0.0,0.0,1.0,1.57,1.57,1.57,1.57,1.0,0.0,26.0,0.0,0.0,1.0,1006.71,1008.25,1009.79,1008.25,2.0,3.18,24.0,0.5,0.0,0.8,2.8,4.5,6.2,4.5,2.0,3.5,24.0,0.5,0.0,0.8,-19.9,-19.9,-19.9,-19.9,1.0,0.0,26.0,0.0,0.0,1.0,7.2,7.2,7.2,7.2,1.0,0.0,26.0,0.0,0.0,1.0,-0.51,0.1,0.71,0.1,2.0,1.27,24.0,0.5,0.0,0.8,4.6,4.6,4.6,4.6,1.0,0.0,26.0,0.0,0.0,1.0,3.93,4.64,5.36,4.64,2.0,1.48,24.0,0.5,0.0,0.8,26.2,26.2,26.2,26.2,1.0,0.0,26.0,0.0,0.0,1.0,-114.5,-114.5,-114.5,-114.5,1.0,0.0,26.0,0.0,0.0,1.0,41.7,41.7,41.7,41.7,1.0,0.0,26.0,0.0,0.0,1.0,-75.0,-75.0,-75.0,-75.0,1.0,0.0,26.0,0.0,0.0,1.0,27.3,27.3,27.3,27.3,1.0,0.0,26.0,0.0,0.0,1.0,-24.6,-24.6,-24.6,-24.6,1.0,0.0,26.0,0.0,0.0,1.0,9.0,9.0,9.0,9.0,1.0,0.0,26.0,0.0,0.0,1.0,97.5,97.5,97.5,97.5,1.0,0.0,26.0,0.0,0.0,1.0,95.0,95.0,95.0,95.0,1.0,0.0,26.0,0.0,0.0,1.0
1974,2,91.0,-15.0,27.76,28.1,28.37,28.07,3.0,0.45,12.0,0.7,0.4,0.5,26.4,26.6,27.21,26.8,3.0,0.62,12.0,0.7,0.4,0.5,18.71,19.28,19.52,19.12,3.0,0.61,12.0,0.7,0.4,0.5,85.5,86.1,87.6,86.5,3.0,1.6,12.0,0.7,0.5,5.74,8.2,9.29,7.53,3.0,2.66,12.0,0.7,0.4,0.5,-8.73,-7.71,-3.52,-6.16,3.0,4.04,12.0,0.7,0.4,0.5,-0.85,3.35,4.01,1.62,3.0,3.87,12.0,0.7,0.4,0.5,1008.0,1008.0,1009.37,1008.67,3.0,1.15,12.0,0.7,0.4,0.5,4.0,6.0,6.7,5.3,3.0,2.1,12.0,0.7,0.4,0.5,-81.7,-63.2,-25.0,-53.6,3.0,42.3,12.0,0.7,0.4,0.5,-9.4,19.9,28.7,9.9,3.0,29.2,12.0,0.7,0.4,0.5,1.0,1.0,1.55,1.27,3.0,0.46,12.0,0.7,0.4,0.5,8.2,8.3,9.3,8.8,3.0,0.9,12.0,0.7,0.4,0.5,4.23,4.86,5.25,4.75,3.0,0.75,12.0,0.7,0.4,0.5,27.3,32.3,42.8,35.0,3.0,11.5,12.0,0.7,0.4,0.5,-237.9,-205.0,-93.3,-166.5,3.0,111.0,12.0,0.7,0.4,0.5,-21.7,92.2,106.9,43.8,3.0,103.1,12.0,0.7,0.4,0.5,-170.6,-148.6,-67.0,-119.5,3.0,80.0,12.0,0.7,0.4,0.5,-16.0,65.8,75.3,30.5,3.0,73.6,12.0,0.7,0.4,0.5,-40.2,-30.4,-15.5,-27.9,3.0,18.2,12.0,0.7,0.4,0.5,-2.4,16.3,21.2,9.6,3.0,18.2,12.0,0.7,0.4,0.5,241.5,551.5,817.5,530.0,3.0,422.5,12.0,0.7,0.4,0.5,240.0,550.0,815.0,530.0,3.0,420.0,12.0,0.7,0.4,0.5
1974,2,91.0,-14.0,27.8,27.8,27.8,27.8,1.0,0.0,6.0,0.0,0.7,0.5,27.0,27.0,27.0,27.0,1.0,0.0,6.0,0.0,0.7,0.5,15.92,15.92,15.92,15.92,1.0,0.0,6.0,0.0,0.7,0.5,71.4,71.4,71.4,71.4,1.0,0.0,6.0,0.0,0.5,5.1,5.1,5.1,5.1,1.0,0.0,6.0,0.0,0.7,0.5,-4.79,-4.79,-4.79,-4.79,1.0,0.0,6.0,0.0,0.7,0.5,1.74,1.74,1.74,1.74,1.0,0.0,6.0,0.0,0.7,0.5,1009.4,1009.4,1009.4,1009.4,1.0,0.0,6.0,0.0,0.7,0.5,6.0,6.0,6.0,6.0,1.0,0.0,6.0,0.0,0.7,0.5,-24.4,-24.4,-24.4,-24.4,1.0,0.0,6.0,0.0,0.7,0.5,8.9,8.9,8.9,8.9,1.0,0.0,6.0,0.0,0.7,0.5,0.8,0.8,0.8,0.8,1.0,0.0,6.0,0.0,0.7,0.5,4.1,4.1,4.1,4.1,1.0,0.0,6.0,0.0,0.7,0.5,7.54,7.54,7.54,7.54,1.0,0.0,6.0,0.0,0.7,0.5,38.5,38.5,38.5,38.5,1.0,0.0,6.0,0.0,0.7,0.5,-129.4,-129.4,-129.4,-129.4,1.0,0.0,6.0,0.0,0.7,0.5,47.1,47.1,47.1,47.1,1.0,0.0,6.0,0.0,0.7,0.5,-76.3,-76.3,-76.3,-76.3,1.0,0.0,6.0,0.0,0.7,0.5,27.8,27.8,27.8,27.8,1.0,0.0,6.0,0.0,0.7,0.5,-36.2,-36.2,-36.2,-36.2,1.0,0.0,6.0,0.0,0.7,0.5,13.2,13.2,13.2,13.2,1.0,0.0,6.0,0.0,0.7,0.5,132.5,132.5,132.5,132.5,1.0,0.0,6.0,0.0,0.7,0.5,135.0,135.0,135.0,135.0,1.0,0.0,6.0,0.0,0.7,0.5
1974,2,91.0,-13.0,27.9,27.9,27.9,27.9,1.0,0.0,6.0,1.0,0.0,0.3,28.0,28.0,28.0,28.0,1.0,0.0,6.0,1.0,0.0,0.3,16.26,16.26,16.26,16.26,1.0,0.0,6.0,1.0,0.0,0.3,68.6,68.6,68.6,68.6,1.0,0.0,6.0,1.0,0.3,8.2,8.2,8.2,8.2,1.0,0.0,6.0,1.0,0.0,0.3,-7.1,-7.1,-7.1,-7.1,1.0,0.0,6.0,1.0,0.0,0.3,4.1,4.1,4.1,4.1,1.0,0.0,6.0,1.0,0.0,0.3,1007.2,1007.2,1007.2,1007.2,1.0,0.0,6.0,1.0,0.0,0.3,7.0,7.0,7.0,7.0,1.0,0.0,6.0,1.0,0.0,0.3,-58.2,-58.2,-58.2,-58.2,1.0,0.0,6.0,1.0,0.0,0.3,33.6,33.6,33.6,33.6,1.0,0.0,6.0,1.0,0.0,0.3,-0.1,-0.1,-0.1,-0.1,1.0,0.0,6.0,1.0,0.0,0.3,-0.8,-0.8,-0.8,-0.8,1.0,0.0,6.0,1.0,0.0,0.3,7.4,7.4,7.4,7.4,1.0,0.0,6.0,1.0,0.0,0.3,60.7,60.7,60.7,60.7,1.0,0.0,6.0,1.0,0.0,0.3,-198.8,-198.8,-198.8,-198.8,1.0,0.0,6.0,1.0,0.0,0.3,114.8,114.8,114.8,114.8,1.0,0.0,6.0,1.0,0.0,0.3,-115.5,-115.5,-115.5,-115.5,1.0,0.0,6.0,1.0,0.0,0.3,66.7,66.7,66.7,66.7,1.0,0.0,6.0,1.0,0.0,0.3,-52.6,-52.6,-52.6,-52.6,1.0,0.0,6.0,1.0,0.0,0.3,30.3,30.3,30.3,30.3,1.0,0.0,6.0,1.0,0.0,0.3,551.5,551.5,551.5,551.5,1.0,0.0,6.0,1.0,0.0,0.3,550.0,550.0,550.0,550.0,1.0,0.0,6.0,1.0,0.0,0.3
1974,2,91.0,-12.0,26.8,27.0,27.14,26.97,3.0,0.25,12.0,0.7,0.5,0.7,25.12,25.6,26.42,25.77,3.0,0.96,12.0,0.7,0.5,0.7,17.73,17.92,18.46,18.09,3.0,0.55,12.0,0.7,0.5,0.7,84.9,85.6,89.2,87.0,3.0,3.3,12.0,0.7,0.7,2.92,3.6,4.28,3.6,2.0,1.41,8.0,0.5,0.4,0.6,-4.08,-2.95,-1.82,-2.95,2.0,2.33,8.0,0.5,0.4,0.6,0.36,1.13,1.89,1.13,2.0,1.59,8.0,0.5,0.4,0.6,1006.09,1008.0,1008.27,1007.2,3.0,1.74,12.0,0.7,0.5,0.7,5.3,8.0,8.0,6.7,3.0,2.3,12.0,0.7,0.5,0.7,-18.3,-12.3,-6.2,-12.3,2.0,12.6,8.0,0.5,0.4,0.6,0.9,2.9,4.9,2.9,2.0,4.1,8.0,0.5,0.4,0.6,0.62,1.1,1.78,1.2,3.0,0.85,12.0,0.7,0.5,0.7,2.4,5.4,8.3,5.4,2.0,6.1,8.0,0.5,0.4,0.6,4.12,4.43,4.47,4.29,3.0,0.28,12.0,0.7,0.5,0.7,12.0,15.5,19.0,15.5,2.0,7.3,8.0,0.5,0.4,0.6,-101.9,-74.7,-47.5,-74.7,2.0,56.4,8.0,0.5,0.4,0.6,9.6,30.2,50.8,30.2,2.0,42.7,8.0,0.5,0.4,0.6,-73.2,-53.4,-33.5,-53.4,2.0,41.1,8.0,0.5,0.4,0.6,6.7,21.1,35.4,21.1,2.0,29.8,8.0,0.5,0.4,0.6,-18.2,-12.9,-7.6,-12.9,2.0,10.9,8.0,0.5,0.4,0.6,1.4,4.5,7.5,4.5,2.0,6.3,8.0,0.5,0.4,0.6,30.0,57.5,84.5,57.5,2.0,56.5,8.0,0.5,0.4,0.6,30.0,55.0,85.0,55.0,2.0,55.0,8.0,0.5,0.4,0.6
1974,2,91.0,-11.0,27.3,27.3,27.3,27.3,1.0,0.0,20.0,0.0,0.0,0.1,27.2,27.2,27.2,27.2,1.0,0.0,20.0,0.0,0.0,0.1,21.92,21.92,21.92,21.92,1.0,0.0,20.0,0.0,0.0,0.1,96.5,96.5,96.5,96.5,1.0,0.0,20.0,0.0,0.1,9.3,9.3,9.3,9.3,1.0,0.0,20.0,0.0,0.0,0.1,8.05,8.05,8.05,8.05,1.0,0.0,20.0,0.0,0.0,0.1,-4.65,-4.65,-4.65,-4.65,1.0,0.0,20.0,0.0,0.0,0.1,1006.3,1006.3,1006.3,1006.3,1.0,0.0,20.0,0.0,0.0,0.1,6.0,6.0,6.0,6.0,1.0,0.0,20.0,0.0,0.0,0.1,74.9,74.9,74.9,74.9,1.0,0.0,20.0,0.0,0.0,0.1,-43.2,-43.2,-43.2,-43.2,1.0,0.0,20.0,0.0,0.0,0.1,0.1,0.1,0.1,0.1,1.0,0.0,20.0,0.0,0.0,0.1,0.9,0.9,0.9,0.9,1.0,0.0,20.0,0.0,0.0,0.1,0.93,0.93,0.93,0.93,1.0,0.0,20.0,0.0,0.0,0.1,8.7,8.7,8.7,8.7,1.0,0.0,20.0,0.0,0.0,0.1,219.1,219.1,219.1,219.1,1.0,0.0,20.0,0.0,0.0,0.1,-126.5,-126.5,-126.5,-126.5,1.0,0.0,20.0,0.0,0.0,0.1,176.5,176.5,176.5,176.5,1.0,0.0,20.0,0.0,0.0,0.1,-101.9,-101.9,-101.9,-101.9,1.0,0.0,20.0,0.0,0.0,0.1,7.5,7.5,7.5,7.5,1.0,0.0,20.0,0.0,0.0,0.1,-4.3,-4.3,-4.3,-4.3,1.0,0.0,20.0,0.0,0.0,0.1,804.5,804.5,804.5,804.5,1.0,0.0,20.0,0.0,0.0,0.1,805.0,805.0,805.0,805.0,1.0,0.0,20.0,0.0,0.0,0.1
1974,2,91.0,-10.0,27.7,27.7,27.7,27.7,1.0,0.0,6.0,1.0,0.2,0.2,29.0,29.0,29.0,29.0,1.0,0.0,6.0,1.0,0.2,0.2,16.95,16.95,16.95,16.95,1.0,0.0,6.0,1.0,0.2,0.2,67.6,67.6,67.6,67.6,1.0,0.0,6.0,1.0,0.2,6.2,6.2,6.2,6.2,1.0,0.0,6.0,1.0,0.2,0.2,-3.99,-3.99,-3.99,-3.99,1.0,0.0,6.0,1.0,0.2,0.2,4.75,4.75,4.75,4.75,1.0,0.0,6.0,1.0,0.2,0.2,1008.5,1008.5,1008.5,1008.5,1.0,0.0,6.0,1.0,0.2,0.2,5.0,5.0,5.0,5.0,1.0,0.0,6.0,1.0,0.2,0.2,-24.7,-24.7,-24.7,-24.7,1.0,0.0,6.0,1.0,0.2,0.2,29.4,29.4,29.4,29.4,1.0,0.0,6.0,1.0,0.2,0.2,-1.3,-1.3,-1.3,-1.3,1.0,0.0,6.0,1.0,0.2,0.2,-8.1,-8.1,-8.1,-8.1,1.0,0.0,6.0,1.0,0.2,0.2,6.4,6.4,6.4,6.4,1.0,0.0,6.0,1.0,0.2,0.2,39.7,39.7,39.7,39.7,1.0,0.0,6.0,1.0,0.2,0.2,-115.6,-115.6,-115.6,-115.6,1.0,0.0,6.0,1.0,0.2,0.2,137.7,137.7,137.7,137.7,1.0,0.0,6.0,1.0,0.2,0.2,-67.6,-67.6,-67.6,-67.6,1.0,0.0,6.0,1.0,0.2,0.2,80.5,80.5,80.5,80.5,1.0,0.0,6.0,1.0,0.2,0.2,-25.5,-25.5,-25.5,-25.5,1.0,0.0,6.0,1.0,0.2,0.2,30.4,30.4,30.4,30.4,1.0,0.0,6.0,1.0,0.2,0.2,238.5,238.5,238.5,238.5,1.0,0.0,6.0,1.0,0.2,0.2,240.0,240.0,240.0,240.0,1.0,0.0,6.0,1.0,0.2,0.2
1974,2,91.0,-9.0,26.61,26.85,27.09,26.85,2.0,0.49,10.0,0.5,0.4,0.9,26.16,26.5,26.84,26.5,2.0,0.71,10.0,0.5,0.4,0.9,17.82,18.31,18.8,18.31,2.0,1.02,10.0,0.5,0.4,0.9,83.8,84.4,84.9,84.4,2.0,1.2,10.0,0.5,0.9,2.42,3.1,3.78,3.1,2.0,1.41,10.0,0.5,0.4,0.9,-1.1,0.79,2.67,0.79,2.0,3.91,10.0,0.5,0.4,0.9,-1.84,-1.38,-0.93,-1.38,2.0,0.94,10.0,0.5,0.4,0.9,1008.65,1008.75,1008.85,1008.75,2.0,0.21,10.0,0.5,0.4,0.9,3.0,5.0,7.0,5.0,2.0,4.2,10.0,0.5,0.4,0.9,-1.2,5.2,11.6,5.2,2.0,13.2,10.0,0.5,0.4,0.9,-7.3,-5.0,-2.6,-5.0,2.0,4.9,10.0,0.5,0.4,0.9,-0.23,0.35,0.93,0.35,2.0,1.2,10.0,0.5,0.4,0.9,-1.3,0.2,1.8,0.2,2.0,3.2,10.0,0.5,0.4,0.9,3.08,3.89,4.7,3.89,2.0,1.68,10.0,0.5,0.4,0.9,10.7,10.9,11.0,10.9,2.0,0.3,10.0,0.5,0.4,0.9,-28.0,22.3,72.5,22.3,2.0,104.1,10.0,0.5,0.4,0.9,-49.5,-37.0,-24.5,-37.0,2.0,25.9,10.0,0.5,0.4,0.9,-18.5,16.4,51.3,16.4,2.0,72.3,10.0,0.5,0.4,0.9,-34.8,-25.8,-16.8,-25.8,2.0,18.7,10.0,0.5,0.4,0.9,-6.9,-0.2,6.5,-0.2,2.0,13.9,10.0,0.5,0.4,0.9,-5.2,-4.6,-3.9,-4.6,2.0,1.3,10.0,0.5,0.4,0.9,18.5,39.0,59.5,39.0,2.0,42.0,10.0,0.5,0.4,0.9,20.0,40.0,60.0,40.0,2.0,40.0,10.0,0.5,0.4,0.9
1974,2,91.0,-8.0,29.0,29.0,29.0,29.0,1.0,0.0,4.0,0.0,0.5,0.7,26.3,26.3,26.3,26.3,1.0,0.0,4.0,0.0,0.5,0.7,17.57,17.57,17.57,17.57,1.0,0.0,4.0,0.0,0.5,0.7,82.1,82.1,82.1,82.1,1.0,0.0,4.0,0.0,0.7,,,,,,,,,,,,,,,,,,,,,,,,,,,,,,,,,,,,,,,,,,,,,,,,,,,,,,,,,,,,,,,,,,,,,,,,,,,,,,,,,,,,,,,,,,,,,,,,,,,,,,,,,,,,,,,,,,,,,,,,,,,,,,,,,,,,,,,,,,,,,,,,,,,,,,,,,,,,,,,,,,,,,,,,,,,,,,,,,,,,,,,,,,,,,,
1974,2,91.0,-7.0,26.59,27.0,27.41,27.0,2.0,0.85,6.0,0.5,0.3,0.4,26.13,26.4,26.67,26.4,2.0,0.57,6.0,0.5,0.3,0.4,17.76,18.42,19.09,18.42,2.0,1.37,6.0,0.5,0.3,0.4,81.2,85.6,90.0,85.6,2.0,9.0,6.0,0.5,0.4,3.84,4.35,4.86,4.35,2.0,1.06,6.0,0.5,0.3,0.4,3.83,4.31,4.8,4.31,2.0,1.01,6.0,0.5,0.3,0.4,0.14,0.44,0.75,0.44,2.0,0.63,6.0,0.5,0.3,0.4,1008.52,1009.2,1009.88,1009.2,2.0,1.41,6.0,0.5,0.3,0.4,8.0,8.0,8.0,8.0,2.0,0.0,6.0,0.5,0.3,0.4,15.0,19.3,23.6,19.3,2.0,8.9,6.0,0.5,0.3,0.4,0.7,2.3,3.8,2.3,2.0,3.2,6.0,0.5,0.3,0.4,-0.08,0.6,1.28,0.6,2.0,1.41,6.0,0.5,0.3,0.4,0.1,3.4,6.6,3.4,2.0,6.8,6.0,0.5,0.3,0.4,3.87,3.97,4.07,3.97,2.0,0.21,6.0,0.5,0.3,0.4,15.6,17.2,18.8,17.2,2.0,3.3,6.0,0.5,0.3,0.4,101.9,113.5,125.2,113.5,2.0,24.1,6.0,0.5,0.3,0.4,3.7,11.5,19.4,11.5,2.0,16.3,6.0,0.5,0.3,0.4,68.3,80.1,91.9,80.1,2.0,24.5,6.0,0.5,0.3,0.4,2.7,8.6,14.5,8.6,2.0,12.1,6.0,0.5,0.3,0.4,15.5,17.0,18.5,17.0,2.0,3.1,6.0,0.5,0.3,0.4,0.5,1.7,2.8,1.7,2.0,2.4,6.0,0.5,0.3,0.4,60.5,89.5,119.0,89.5,2.0,61.0,6.0,0.5,0.3,0.4,60.0,90.0,120.0,90.0,2.0,60.0,6.0,0.5,0.3,0.4
1974,2,91.0,-4.0,,,,,,,,,,,,,,,,,,,,,,,,,,,,,,,,,,,,,,,,3.0,3.0,3.0,3.0,1.0,0.0,20.0,1.0,0.6,0.7,2.3,2.3,2.3,2.3,1.0,0.0,20.0,1.0,0.6,0.7,-1.93,-1.93,-1.93,-1.93,1.0,0.0,20.0,1.0,0.6,0.7,1009.3,1009.3,1009.3,1009.3,1.0,0.0,20.0,1.0,0.6,0.7,,,,,,,,,,,,,,,,,,,,,,,,,,,,,,,,,,,,,,,,,,,,,,,,,,,,,,,,,,,,,,,,,,,,,,,,,,,,,,,,,,,,,,,,,,,,,,,,,,,,,,,,,,,,,,,,,,,,,,,,,,,,,,,,,,,,,,,,,,,,,,,,,,,,,,
1974,2,91.0,-2.0,,,,,,,,,,,,,,,,,,,,,,,,,,,,,,,,,,,,,,,,5.1,5.1,5.1,5.1,1.0,0.0,6.0,1.0,0.0,0.6,5.02,5.02,5.02,5.02,1.0,0.0,6.0,1.0,0.0,0.6,0.89,0.89,0.89,0.89,1.0,0.0,6.0,1.0,0.0,0.6,1008.2,1008.2,1008.2,1008.2,1.0,0.0,6.0,1.0,0.0,0.6,8.0,8.0,8.0,8.0,1.0,0.0,6.0,1.0,0.0,0.6,25.6,25.6,25.6,25.6,1.0,0.0,6.0,1.0,0.0,0.6,4.5,4.5,4.5,4.5,1.0,0.0,6.0,1.0,0.0,0.6,,,,,,,,,,,,,,,,,,,,,,,,,,,,,,,,,,,,,,,,,131.1,131.1,131.1,131.1,1.0,0.0,6.0,1.0,0.0,0.6,23.1,23.1,23.1,23.1,1.0,0.0,6.0,1.0,0.0,0.6,99.8,99.8,99.8,99.8,1.0,0.0,6.0,1.0,0.0,0.6,17.6,17.6,17.6,17.6,1.0,0.0,6.0,1.0,0.0,0.6,,,,,,,,,,,,,,,,,,,,,,,,,,,,,,,,,,,,,,,,
1974,2,91.0,-1.0,27.8,27.8,27.8,27.8,1.0,0.0,24.0,0.0,0.4,0.7,27.8,27.8,27.8,27.8,1.0,0.0,24.0,0.0,0.4,0.7,18.4,18.4,18.4,18.4,1.0,0.0,24.0,0.0,0.4,0.7,78.4,78.4,78.4,78.4,1.0,0.0,24.0,0.0,0.7,2.1,2.1,2.1,2.1,1.0,0.0,24.0,0.0,0.4,0.7,1.61,1.61,1.61,1.61,1.0,0.0,24.0,0.0,0.4,0.7,1.35,1.35,1.35,1.35,1.0,0.0,24.0,0.0,0.4,0.7,1006.2,1006.2,1006.2,1006.2,1.0,0.0,24.0,0.0,0.4,0.7,5.0,5.0,5.0,5.0,1.0,0.0,24.0,0.0,0.4,0.7,3.4,3.4,3.4,3.4,1.0,0.0,24.0,0.0,0.4,0.7,2.8,2.8,2.8,2.8,1.0,0.0,24.0,0.0,0.4,0.7,0.0,0.0,0.0,0.0,1.0,0.0,24.0,0.0,0.4,0.7,0.0,0.0,0.0,0.0,1.0,0.0,24.0,0.0,0.4,0.7,5.14,5.14,5.14,5.14,1.0,0.0,24.0,0.0,0.4,0.7,10.8,10.8,10.8,10.8,1.0,0.0,24.0,0.0,0.4,0.7,44.7,44.7,44.7,44.7,1.0,0.0,24.0,0.0,0.4,0.7,37.5,37.5,37.5,37.5,1.0,0.0,24.0,0.0,0.4,0.7,29.6,29.6,29.6,29.6,1.0,0.0,24.0,0.0,0.4,0.7,24.8,24.8,24.8,24.8,1.0,0.0,24.0,0.0,0.4,0.7,8.3,8.3,8.3,8.3,1.0,0.0,24.0,0.0,0.4,0.7,6.9,6.9,6.9,6.9,1.0,0.0,24.0,0.0,0.4,0.7,9.5,9.5,9.5,9.5,1.0,0.0,24.0,0.0,0.4,0.7,10.0,10.0,10.0,10.0,1.0,0.0,24.0,0.0,0.4,0.7
1974,2,91.0,2.0,27.32,28.0,29.37,28.33,3.0,1.53,12.0,0.7,0.3,0.3,26.18,27.0,28.23,27.2,3.0,1.51,12.0,0.7,0.3,0.3,17.91,18.58,18.65,18.29,3.0,0.6,12.0,0.7,0.3,0.3,77.8,83.2,84.1,81.0,3.0,5.0,12.0,0.7,0.3,0.67,2.1,3.4,2.03,3.0,2.0,12.0,0.7,0.3,0.3,0.0,0.0,0.0,0.0,3.0,0.0,12.0,0.7,0.3,0.3,-2.73,0.0,1.43,-0.63,3.0,3.1,12.0,0.7,0.3,0.3,1008.16,1008.5,1009.11,1008.63,3.0,0.71,12.0,0.7,0.3,0.3,5.3,6.0,6.7,6.0,3.0,1.0,12.0,0.7,0.3,0.3,0.0,0.0,0.0,0.0,3.0,0.0,12.0,0.7,0.3,0.3,-10.9,0.0,3.0,-3.9,3.0,10.7,12.0,0.7,0.3,0.3,1.06,1.2,1.2,1.13,3.0,0.12,12.0,0.7,0.3,0.3,0.7,2.1,3.9,2.3,3.0,2.4,12.0,0.7,0.3,0.3,4.93,5.19,7.13,6.01,3.0,1.76,12.0,0.7,0.3,0.3,3.5,10.9,16.6,10.0,3.0,9.7,12.0,0.7,0.3,0.3,0.0,0.0,0.0,0.0,3.0,0.0,12.0,0.7,0.3,0.3,-70.4,0.0,38.7,-15.5,3.0,81.1,12.0,0.7,0.3,0.3,0.0,0.0,0.0,0.0,3.0,0.0,12.0,0.7,0.3,0.3,-48.0,0.0,26.6,-10.5,3.0,55.5,12.0,0.7,0.3,0.3,0.0,0.0,0.0,0.0,3.0,0.0,12.0,0.7,0.3,0.3,-13.1,0.0,7.4,-2.8,3.0,15.3,12.0,0.7,0.3,0.3,3.0,9.5,46.5,24.5,3.0,34.5,12.0,0.7,0.3,0.3,5.0,10.0,45.0,25.0,3.0,35.0,12.0,0.7,0.3,0.3
1974,2,91.0,3.0,27.5,28.2,29.0,28.3,23.0,0.87,18.0,0.7,0.5,0.4,26.35,27.1,28.36,27.31,23.0,1.13,18.0,0.6,0.5,0.4,17.47,17.76,18.79,18.1,18.0,0.76,16.0,0.7,0.5,0.4,77.5,79.2,83.9,80.7,19.0,5.3,16.0,0.6,0.4,0.52,2.6,5.09,3.09,20.0,2.38,16.0,0.6,0.5,0.4,-4.53,-0.88,1.96,-1.18,20.0,2.74,16.0,0.6,0.5,0.4,-2.55,-0.62,1.38,-1.03,20.0,2.36,16.0,0.6,0.5,0.4,1006.45,1008.6,1009.65,1008.34,23.0,1.46,16.0,0.6,0.5,0.4,3.0,7.0,8.0,6.3,25.0,1.9,16.0,0.6,0.5,0.4,-20.8,-1.6,4.3,-6.5,20.0,15.5,16.0,0.6,0.5,0.4,-8.9,-0.9,4.7,-6.4,20.0,19.3,16.0,0.6,0.5,0.4,0.4,1.1,1.93,0.95,21.0,1.3,18.0,0.7,0.5,0.4,0.0,1.3,9.2,3.1,17.0,6.0,16.0,0.6,0.5,0.4,5.27,6.11,7.24,6.26,18.0,1.08,16.0,0.7,0.5,0.4,0.2,15.8,35.2,18.7,14.0,17.3,16.0,0.6,0.5,0.3,-127.5,-24.2,20.4,-36.3,18.0,76.0,16.0,0.6,0.5,0.4,-60.6,-11.5,41.9,-23.0,18.0,65.1,16.0,0.6,0.5,0.4,-85.1,-7.3,1.4,-21.2,14.0,50.6,16.0,0.6,0.5,0.3,-43.3,-11.6,0.0,-23.3,14.0,45.2,16.0,0.6,0.5,0.3,-25.1,-2.7,0.5,-6.8,14.0,17.3,16.0,0.6,0.5,0.3,-18.8,-4.6,0.0,-8.2,14.0,15.8,16.0,0.6,0.5,0.3,0.0,17.5,132.0,91.0,20.0,207.5,16.0,0.6,0.5,0.4,0.0,20.0,130.0,90.0,20.0,210.0,16.0,0.6,0.5,0.4
1974,2,91.0,4.0,27.38,28.0,28.07,27.76,5.0,0.48,14.0,0.2,0.4,0.6,26.7,27.5,28.01,27.4,5.0,1.04,14.0,0.2,0.4,0.6,17.42,17.76,18.07,17.75,4.0,0.38,16.0,0.3,0.5,0.6,76.9,79.3,81.7,79.3,4.0,3.1,16.0,0.3,0.6,2.02,4.1,5.37,3.8,5.0,2.15,14.0,0.2,0.4,0.6,-3.22,-2.44,0.0,-1.79,5.0,1.67,14.0,0.2,0.4,0.6,-3.79,-1.0,1.12,-1.15,5.0,3.78,14.0,0.2,0.4,0.6,1006.14,1008.9,1009.24,1007.84,5.0,1.89,14.0,0.2,0.4,0.6,3.0,7.0,7.4,5.6,5.0,2.4,14.0,0.2,0.4,0.6,-16.4,-6.4,0.0,-8.3,5.0,9.5,14.0,0.2,0.4,0.6,-21.1,-2.3,7.1,-6.4,5.0,21.7,14.0,0.2,0.4,0.6,-0.27,0.7,0.94,0.36,5.0,0.79,14.0,0.2,0.4,0.6,-0.9,0.7,3.2,0.9,5.0,2.9,14.0,0.2,0.4,0.6,5.31,5.8,5.95,5.64,4.0,0.5,16.0,0.3,0.5,0.6,9.3,19.6,33.1,21.1,4.0,14.7,16.0,0.3,0.5,0.6,-91.3,-63.5,0.0,-49.3,5.0,46.4,14.0,0.2,0.4,0.6,-106.6,-27.5,30.8,-32.3,5.0,103.5,14.0,0.2,0.4,0.6,-50.8,-21.3,0.0,-25.2,4.0,29.8,16.0,0.3,0.5,0.6,-61.4,-16.8,36.1,-12.8,4.0,75.2,16.0,0.3,0.5,0.6,-16.0,-6.0,0.0,-7.9,4.0,9.6,16.0,0.3,0.5,0.6,-20.6,-5.2,11.8,-4.5,4.0,24.7,16.0,0.3,0.5,0.6,11.5,69.0,171.5,97.0,5.0,120.0,14.0,0.2,0.4,0.6,10.0,70.0,170.0,95.0,5.0,120.0,14.0,0.2,0.4,0.6
1974,2,91.0,5.0,27.2,27.75,28.3,27.71,16.0,0.49,20.0,0.3,0.3,0.7,26.36,27.0,28.0,27.12,17.0,1.11,20.0,0.3,0.3,0.7,17.32,17.83,19.53,18.16,15.0,1.21,20.0,0.3,0.3,0.7,78.3,81.9,88.1,82.2,16.0,6.3,20.0,0.3,0.7,2.6,4.55,7.2,4.74,18.0,2.02,20.0,0.3,0.3,0.7,-4.84,-2.47,-0.5,-2.54,18.0,2.41,20.0,0.3,0.3,0.7,-4.4,-2.65,2.53,-1.77,18.0,3.45,20.0,0.3,0.3,0.7,1008.38,1009.3,1013.35,1010.36,16.0,2.75,20.0,0.3,0.3,0.7,3.0,7.0,8.0,6.0,18.0,2.4,20.0,0.3,0.3,0.7,-29.8,-13.1,-1.1,-15.6,18.0,15.8,20.0,0.3,0.3,0.7,-30.8,-10.6,7.4,-13.0,18.0,21.4,20.0,0.3,0.3,0.7,-0.02,0.6,1.49,0.57,16.0,1.18,20.0,0.3,0.3,0.7,-0.3,2.7,5.6,2.5,16.0,6.0,20.0,0.3,0.3,0.7,4.34,4.97,5.78,5.13,14.0,0.99,20.0,0.3,0.3,0.7,14.1,19.2,34.5,23.4,14.0,10.4,20.0,0.3,0.3,0.7,-142.2,-61.9,-10.5,-66.1,17.0,66.5,20.0,0.3,0.3,0.7,-130.9,-69.4,71.0,-46.0,17.0,96.4,20.0,0.3,0.3,0.7,-96.3,-41.7,-3.0,-44.6,15.0,44.3,20.0,0.3,0.3,0.7,-101.8,-55.2,43.4,-36.5,15.0,67.2,20.0,0.3,0.3,0.7,-19.7,-11.1,-0.2,-9.8,14.0,12.9,20.0,0.3,0.3,0.7,-31.6,-12.3,13.5,-8.6,14.0,18.7,20.0,0.3,0.3,0.7,17.5,97.0,373.0,163.0,18.0,169.0,20.0,0.3,0.3,0.7,20.0,95.0,375.0,165.0,18.0,170.0,20.0,0.3,0.3,0.7
1974,2,91.0,6.0,27.13,27.75,28.91,27.99,10.0,1.06,10.0,0.3,0.5,0.0,26.29,27.0,27.59,27.03,10.0,1.04,10.0,0.3,0.5,0.0,18.06,18.81,19.65,18.91,9.0,0.91,10.0,0.2,0.4,0.0,78.3,87.2,91.1,84.7,9.0,6.1,10.0,0.2,0.0,6.2,7.45,9.23,7.73,10.0,2.09,10.0,0.3,0.5,0.0,-8.05,-4.75,-3.01,-5.02,10.0,4.26,10.0,0.3,0.5,0.0,-5.95,-4.69,-2.35,-4.22,10.0,2.22,10.0,0.3,0.5,0.0,1008.44,1009.55,1011.2,1010.13,10.0,2.73,10.0,0.3,0.5,0.0,3.8,6.0,7.7,5.9,9.0,1.8,8.0,0.3,0.5,0.0,-73.4,-34.7,-19.4,-44.5,10.0,46.5,10.0,0.3,0.5,0.0,-50.8,-29.4,-20.1,-32.3,10.0,18.3,10.0,0.3,0.5,0.0,-0.63,1.35,2.09,0.96,10.0,1.44,10.0,0.3,0.5,0.0,-3.9,10.0,21.7,9.2,10.0,12.7,10.0,0.3,0.5,0.0,4.05,4.32,5.47,4.52,9.0,0.96,10.0,0.2,0.4,0.0,25.3,30.9,42.1,35.2,9.0,16.9,10.0,0.2,0.4,0.0,-218.3,-133.0,-81.4,-136.4,10.0,112.5,10.0,0.3,0.5,0.0,-162.7,-123.0,-63.4,-114.2,10.0,59.3,10.0,0.3,0.5,0.0,-128.0,-79.0,-55.9,-87.3,9.0,81.6,10.0,0.2,0.4,0.0,-110.5,-89.2,-42.5,-78.2,9.0,44.0,10.0,0.2,0.4,0.0,-38.0,-18.9,-9.9,-23.2,9.0,24.5,10.0,0.2,0.4,0.0,-29.2,-18.9,-11.5,-18.1,9.0,10.3,10.0,0.2,0.4,0.0,238.5,415.0,808.0,561.0,10.0,516.5,10.0,0.3,0.5,0.0,240.0,415.0,810.0,560.0,10.0,515.0,10.0,0.3,0.5,0.0
1974,2,91.0,10.0,,,,,,,,,,,,,,,,,,,,,,,,,,,,,,,,,,,,,,,,9.3,9.3,9.3,9.3,1.0,0.0,8.0,1.0,0.2,0.8,-7.12,-7.12,-7.12,-7.12,1.0,0.0,8.0,1.0,0.2,0.8,-5.98,-5.98,-5.98,-5.98,1.0,0.0,8.0,1.0,0.2,0.8,1010.43,1010.7,1010.97,1010.7,2.0,0.57,18.0,0.5,0.6,0.8,,,,,,,,,,,,,,,,,,,,,,,,,,,,,,,,,,,,,,,,,,,,,,,,,,,,,,,,,,,,,,,,,,,,,,,,,,,,,,,,,,,,,,,,,,,,,,,,,,,,,,,,,,,,,,,,,,,,,,,,,,,,,,,,,,,,,,,,,,,,,,,,,,,,,,
1974,2,91.0,11.0,,,,,,,,,,,,,,,,,,,,,,,,,,,,,,,,,,,,,,,,6.0,6.0,6.0,6.0,1.0,0.0,22.0,0.0,0.9,0.2,-2.05,-2.05,-2.05,-2.05,1.0,0.0,22.0,0.0,0.9,0.2,-5.64,-5.64,-5.64,-5.64,1.0,0.0,22.0,0.0,0.9,0.2,1009.5,1009.5,1009.5,1009.5,1.0,0.0,22.0,0.0,0.9,0.2,,,,,,,,,,,,,,,,,,,,,,,,,,,,,,,,,,,,,,,,,,,,,,,,,,,,,,,,,,,,,,,,,,,,,,,,,,,,,,,,,,,,,,,,,,,,,,,,,,,,,,,,,,,,,,,,,,,,,,,,,,,,,,,,,,,,,,,,,,,,,,,,,,,,,,
1974,2,91.0,12.0,,,,,,,,,,,,,,,,,,,,,,,,,,,,,,,,,,,,,,,,7.48,8.5,9.52,8.5,2.0,2.12,20.0,0.0,0.4,0.4,-4.76,-4.25,-3.74,-4.25,2.0,1.06,20.0,0.0,0.4,0.4,-8.25,-7.36,-6.47,-7.36,2.0,1.84,20.0,0.0,0.4,0.4,1009.69,1010.3,1011.12,1010.4,3.0,1.05,22.0,0.3,0.6,0.4,,,,,,,,,,,,,,,,,,,,,,,,,,,,,,,,,,,,,,,,,,,,,,,,,,,,,,,,,,,,,,,,,,,,,,,,,,,,,,,,,,,,,,,,,,,,,,,,,,,,,,,,,,,,,,,,,,,,,,,,,,,,,,,,,,,,,,,,,,,,,,,,,,,,,,
1974,2,91.0,14.0,,,,,,,,,,,,,,,,,,,,,,,,,,,,,,,,,,,,,,,,6.2,6.2,6.2,6.2,1.0,0.0,18.0,0.0,0.9,0.3,-3.99,-3.99,-3.99,-3.99,1.0,0.0,18.0,0.0,0.9,0.3,-4.75,-4.75,-4.75,-4.75,1.0,0.0,18.0,0.0,0.9,0.3,1009.8,1009.8,1009.8,1009.8,1.0,0.0,18.0,0.0,0.9,0.3,,,,,,,,,,,,,,,,,,,,,,,,,,,,,,,,,,,,,,,,,,,,,,,,,,,,,,,,,,,,,,,,,,,,,,,,,,,,,,,,,,,,,,,,,,,,,,,,,,,,,,,,,,,,,,,,,,,,,,,,,,,,,,,,,,,,,,,,,,,,,,,,,,,,,,
1974,2,91.0,15.0,,,,,,,,,,,,,,,,,,,,,,,,,,,,,,,,,,,,,,,,3.98,4.8,5.62,4.8,2.0,1.7,18.0,0.5,0.4,0.6,-2.89,-2.66,-2.42,-2.66,2.0,0.49,18.0,0.5,0.4,0.6,-4.81,-3.98,-3.14,-3.98,2.0,1.72,18.0,0.5,0.4,0.6,1009.43,1009.5,1010.87,1010.13,3.0,1.18,22.0,0.3,0.6,0.5,,,,,,,,,,,,,,,,,,,,,,,,,,,,,,,,,,,,,,,,,,,,,,,,,,,,,,,,,,,,,,,,,,,,,,,,,,,,,,,,,,,,,,,,,,,,,,,,,,,,,,,,,,,,,,,,,,,,,,,,,,,,,,,,,,,,,,,,,,,,,,,,,,,,,,
1974,2,91.0,16.0,,,,,,,,,,,,,,,,,,,,,,,,,,,,,,,,,,,,,,,,6.0,6.0,6.0,6.0,1.0,0.0,20.0,0.0,0.8,0.9,-3.0,-3.0,-3.0,-3.0,1.0,0.0,20.0,0.0,0.8,0.9,-5.2,-5.2,-5.2,-5.2,1.0,0.0,20.0,0.0,0.8,0.9,1008.68,1009.5,1010.32,1009.5,2.0,1.7,22.0,0.0,0.8,0.6,,,,,,,,,,,,,,,,,,,,,,,,,,,,,,,,,,,,,,,,,,,,,,,,,,,,,,,,,,,,,,,,,,,,,,,,,,,,,,,,,,,,,,,,,,,,,,,,,,,,,,,,,,,,,,,,,,,,,,,,,,,,,,,,,,,,,,,,,,,,,,,,,,,,,,
1974,2,91.0,17.0,,,,,,,,,,,,,,,,,,,,,,,,,,,,,,,,,,,,,,,,0.0,0.0,0.0,0.0,1.0,0.0,26.0,1.0,0.5,0.1,0.0,0.0,0.0,0.0,1.0,0.0,26.0,1.0,0.5,0.1,0.0,0.0,0.0,0.0,1.0,0.0,26.0,1.0,0.5,0.1,1009.0,1009.0,1009.0,1009.0,1.0,0.0,26.0,1.0,0.5,0.1,,,,,,,,,,,,,,,,,,,,,,,,,,,,,,,,,,,,,,,,,,,,,,,,,,,,,,,,,,,,,,,,,,,,,,,,,,,,,,,,,,,,,,,,,,,,,,,,,,,,,,,,,,,,,,,,,,,,,,,,,,,,,,,,,,,,,,,,,,,,,,,,,,,,,,
1974,2,91.0,18.0,,,,,,,,,,,,,,,,,,,,,,,,,,,,,,,,,,,,,,,,4.0,4.0,4.0,4.0,1.0,0.0,20.0,1.0,0.7,0.2,-2.0,-2.0,-2.0,-2.0,1.0,0.0,20.0,1.0,0.7,0.2,-3.46,-3.46,-3.46,-3.46,1.0,0.0,20.0,1.0,0.7,0.2,1009.63,1011.0,1012.37,1011.0,2.0,2.83,22.0,0.5,0.8,0.1,,,,,,,,,,,,,,,,,,,,,,,,,,,,,,,,,,,,,,,,,,,,,,,,,,,,,,,,,,,,,,,,,,,,,,,,,,,,,,,,,,,,,,,,,,,,,,,,,,,,,,,,,,,,,,,,,,,,,,,,,,,,,,,,,,,,,,,,,,,,,,,,,,,,,,
1974,2,91.0,19.0,,,,,,,,,,,,,,,,,,,,,,,,,,,,,,,,,,,,,,,,1.95,4.0,4.07,3.03,3.0,1.76,18.0,0.0,0.8,0.5,-1.37,0.0,0.23,-0.55,3.0,1.27,18.0,0.0,0.8,0.5,-2.66,-0.94,2.5,-0.1,3.0,3.85,18.0,0.0,0.8,0.5,1009.18,1010.2,1012.45,1010.8,3.0,2.46,18.0,0.0,0.8,0.5,,,,,,,,,,,,,,,,,,,,,,,,,,,,,,,,,,,,,,,,,,,,,,,,,,,,,,,,,,,,,,,,,,,,,,,,,,,,,,,,,,,,,,,,,,,,,,,,,,,,,,,,,,,,,,,,,,,,,,,,,,,,,,,,,,,,,,,,,,,,,,,,,,,,,,
1974,2,91.0,21.0,,,,,,,,,,,,,,,,,,,,,,,,,,,,,,,,,,,,,,,,1.27,4.0,5.5,3.4,3.0,3.14,20.0,0.3,0.6,0.2,0.0,0.0,0.93,0.46,3.0,0.79,20.0,0.3,0.6,0.2,-5.43,-3.76,-1.19,-3.32,3.0,3.12,20.0,0.3,0.6,0.2,1010.7,1012.65,1014.6,1012.65,2.0,4.03,22.0,0.5,0.5,0.2,,,,,,,,,,,,,,,,,,,,,,,,,,,,,,,,,,,,,,,,,,,,,,,,,,,,,,,,,,,,,,,,,,,,,,,,,,,,,,,,,,,,,,,,,,,,,,,,,,,,,,,,,,,,,,,,,,,,,,,,,,,,,,,,,,,,,,,,,,,,,,,,,,,,,,
1974,2,92.0,-67.0,,,,,,,,,,,,,,,,,,,,,,,,,,,,,,,,,,,,,,,,6.2,6.2,6.2,6.2,1.0,0.0,14.0,1.0,0.2,1.0,5.37,5.37,5.37,5.37,1.0,0.0,14.0,1.0,0.2,1.0,3.1,3.1,3.1,3.1,1.0,0.0,14.0,1.0,0.2,1.0,983.1,983.1,983.1,983.1,1.0,0.0,14.0,1.0,0.2,1.0,,,,,,,,,,,,,,,,,,,,,,,,,,,,,,,,,,,,,,,,,,,,,,,,,,,,,,,,,,,,,,,,,,,,,,,,,,,,,,,,,,,,,,,,,,,,,,,,,,,,,,,,,,,,,,,,,,,,,,,,,,,,,,,,,,,,,,,,,,,,,,,,,,,,,,
1974,2,92.0,-53.0,4.8,4.8,4.8,4.8,1.0,0.0,6.0,0.0,0.2,0.8,6.5,6.5,6.5,6.5,1.0,0.0,6.0,0.0,0.2,0.8,5.6,5.6,5.6,5.6,1.0,0.0,6.0,0.0,0.2,0.8,93.3,93.3,93.3,93.3,1.0,0.0,6.0,0.0,0.8,13.4,13.4,13.4,13.4,1.0,0.0,6.0,0.0,0.2,0.8,10.27,10.27,10.27,10.27,1.0,0.0,6.0,0.0,0.2,0.8,-8.61,-8.61,-8.61,-8.61,1.0,0.0,6.0,0.0,0.2,0.8,1011.2,1011.2,1011.2,1011.2,1.0,0.0,6.0,0.0,0.2,0.8,8.0,8.0,8.0,8.0,1.0,0.0,6.0,0.0,0.2,0.8,137.6,137.6,137.6,137.6,1.0,0.0,6.0,0.0,0.2,0.8,-115.4,-115.4,-115.4,-115.4,1.0,0.0,6.0,0.0,0.2,0.8,-1.7,-1.7,-1.7,-1.7,1.0,0.0,6.0,0.0,0.2,0.8,-22.8,-22.8,-22.8,-22.8,1.0,0.0,6.0,0.0,0.2,0.8,-0.27,-0.27,-0.27,-0.27,1.0,0.0,6.0,0.0,0.2,0.8,-3.6,-3.6,-3.6,-3.6,1.0,0.0,6.0,0.0,0.2,0.8,66.7,66.7,66.7,66.7,1.0,0.0,6.0,0.0,0.2,0.8,-56.0,-56.0,-56.0,-56.0,1.0,0.0,6.0,0.0,0.2,0.8,57.5,57.5,57.5,57.5,1.0,0.0,6.0,0.0,0.2,0.8,-48.2,-48.2,-48.2,-48.2,1.0,0.0,6.0,0.0,0.2,0.8,-2.7,-2.7,-2.7,-2.7,1.0,0.0,6.0,0.0,0.2,0.8,2.3,2.3,2.3,2.3,1.0,0.0,6.0,0.0,0.2,0.8,2406.0,2406.0,2406.0,2406.0,1.0,0.0,6.0,0.0,0.2,0.8,2405.0,2405.0,2405.0,2405.0,1.0,0.0,6.0,0.0,0.2,0.8
1974,2,92.0,-42.0,,,,,,,,,,,,,,,,,,,,,,,,,,,,,,,,,,,,,,,,,,,,,,,,,,,,,,,,,,,,,,,,,,,,,,,,,,,,,,,,7.0,7.0,7.0,7.0,1.0,0.0,6.0,1.0,0.1,0.9,-11.2,-11.2,-11.2,-11.2,1.0,0.0,6.0,1.0,0.1,0.9,6.5,6.5,6.5,6.5,1.0,0.0,6.0,1.0,0.1,0.9,,,,,,,,,,,,,,,,,,,,,,,,,,,,,,,,,,,,,,,,,,,,,,,,,,,,,,,,,,,,,,,,,,,,,,,,,,,,,,,,,,,,,,,,,,,,,,,,,,,,,,,,,,,,,,,,,,,,,,,,
1974,2,92.0,-40.0,14.0,14.0,14.0,14.0,2.0,0.0,14.0,1.0,0.7,0.5,12.71,12.95,13.19,12.95,2.0,0.49,14.0,1.0,0.7,0.5,6.19,6.19,6.19,6.19,2.0,0.01,14.0,1.0,0.7,0.5,66.6,67.9,69.1,67.9,2.0,2.5,14.0,1.0,0.5,3.91,5.65,7.39,5.65,2.0,3.61,14.0,1.0,0.7,0.5,0.17,0.53,0.89,0.53,2.0,0.75,14.0,1.0,0.7,0.5,3.75,5.56,7.36,5.56,2.0,3.74,14.0,1.0,0.7,0.5,1022.99,1024.9,1026.81,1024.9,2.0,3.96,14.0,1.0,0.7,0.5,5.5,6.5,7.5,6.5,2.0,2.1,14.0,1.0,0.7,0.5,0.5,1.6,2.8,1.6,2.0,2.3,14.0,1.0,0.7,0.5,18.3,38.1,58.0,38.1,2.0,41.2,14.0,1.0,0.7,0.5,0.81,1.05,1.29,1.05,2.0,0.49,14.0,1.0,0.7,0.5,3.6,6.8,10.0,6.8,2.0,6.6,14.0,1.0,0.7,0.5,3.58,3.61,3.63,3.61,2.0,0.04,14.0,1.0,0.7,0.5,14.1,20.3,26.4,20.3,2.0,12.8,14.0,1.0,0.7,0.5,2.2,7.1,11.9,7.1,2.0,10.0,14.0,1.0,0.7,0.5,49.0,71.0,93.1,71.0,2.0,45.7,14.0,1.0,0.7,0.5,1.0,3.3,5.5,3.3,2.0,4.6,14.0,1.0,0.7,0.5,23.2,34.4,45.6,34.4,2.0,23.2,14.0,1.0,0.7,0.5,0.6,1.9,3.2,1.9,2.0,2.7,14.0,1.0,0.7,0.5,13.6,20.0,26.3,20.0,2.0,13.2,14.0,1.0,0.7,0.5,112.5,290.5,468.5,290.5,2.0,369.0,14.0,1.0,0.7,0.5,115.0,290.0,470.0,290.0,2.0,370.0,14.0,1.0,0.7,0.5
1974,2,92.0,-35.0,20.0,20.0,20.0,20.0,1.0,0.0,12.0,1.0,0.6,0.2,18.5,18.5,18.5,18.5,1.0,0.0,12.0,1.0,0.6,0.2,10.12,10.12,10.12,10.12,1.0,0.0,12.0,1.0,0.6,0.2,77.5,77.5,77.5,77.5,1.0,0.0,12.0,1.0,0.2,1.0,1.0,1.0,1.0,1.0,0.0,12.0,1.0,0.6,0.2,-0.5,-0.5,-0.5,-0.5,1.0,0.0,12.0,1.0,0.6,0.2,-0.87,-0.87,-0.87,-0.87,1.0,0.0,12.0,1.0,0.6,0.2,1025.1,1025.1,1025.1,1025.1,1.0,0.0,12.0,1.0,0.6,0.2,8.0,8.0,8.0,8.0,1.0,0.0,12.0,1.0,0.6,0.2,-0.5,-0.5,-0.5,-0.5,1.0,0.0,12.0,1.0,0.6,0.2,-0.9,-0.9,-0.9,-0.9,1.0,0.0,12.0,1.0,0.6,0.2,1.5,1.5,1.5,1.5,1.0,0.0,12.0,1.0,0.6,0.2,1.5,1.5,1.5,1.5,1.0,0.0,12.0,1.0,0.6,0.2,4.25,4.25,4.25,4.25,1.0,0.0,12.0,1.0,0.6,0.2,4.3,4.3,4.3,4.3,1.0,0.0,12.0,1.0,0.6,0.2,-9.2,-9.2,-9.2,-9.2,1.0,0.0,12.0,1.0,0.6,0.2,-16.0,-16.0,-16.0,-16.0,1.0,0.0,12.0,1.0,0.6,0.2,-5.1,-5.1,-5.1,-5.1,1.0,0.0,12.0,1.0,0.6,0.2,-8.8,-8.8,-8.8,-8.8,1.0,0.0,12.0,1.0,0.6,0.2,-2.1,-2.1,-2.1,-2.1,1.0,0.0,12.0,1.0,0.6,0.2,-3.7,-3.7,-3.7,-3.7,1.0,0.0,12.0,1.0,0.6,0.2,1.0,1.0,1.0,1.0,1.0,0.0,12.0,1.0,0.6,0.2,0.0,0.0,0.0,0.0,1.0,0.0,12.0,1.0,0.6,0.2
1974,2,92.0,-33.0,20.11,20.35,20.59,20.35,2.0,0.49,2.0,0.0,0.6,0.5,16.83,16.9,16.97,16.9,2.0,0.14,2.0,0.0,0.6,0.5,9.72,10.08,10.44,10.08,2.0,0.74,2.0,0.0,0.6,0.5,81.4,84.8,88.1,84.8,2.0,7.0,2.0,0.0,0.5,6.24,8.7,11.16,8.7,2.0,5.09,2.0,0.0,0.6,0.5,-7.17,-5.59,-4.01,-5.59,2.0,3.27,2.0,0.0,0.6,0.5,4.78,6.66,8.55,6.66,2.0,3.9,2.0,0.0,0.6,0.5,1017.26,1017.4,1017.54,1017.4,2.0,0.28,2.0,0.0,0.6,0.5,7.2,7.5,7.8,7.5,2.0,0.7,2.0,0.0,0.6,0.5,-84.5,-57.0,-29.5,-57.0,2.0,56.9,2.0,0.0,0.6,0.5,35.2,67.9,100.7,67.9,2.0,67.9,2.0,0.0,0.6,0.5,3.14,3.45,3.76,3.45,2.0,0.64,2.0,0.0,0.6,0.5,22.6,28.4,34.2,28.4,2.0,12.0,2.0,0.0,0.6,0.5,4.59,4.73,4.86,4.73,2.0,0.28,2.0,0.0,0.6,0.5,29.0,41.8,54.7,41.8,2.0,26.5,2.0,0.0,0.6,0.5,-121.8,-94.7,-67.7,-94.7,2.0,56.1,2.0,0.0,0.6,0.5,80.6,112.9,145.2,112.9,2.0,66.9,2.0,0.0,0.6,0.5,-69.0,-55.1,-41.2,-55.1,2.0,28.8,2.0,0.0,0.6,0.5,49.1,65.7,82.3,65.7,2.0,34.3,2.0,0.0,0.6,0.5,-35.1,-26.9,-18.7,-26.9,2.0,17.1,2.0,0.0,0.6,0.5,22.2,32.1,41.9,32.1,2.0,20.3,2.0,0.0,0.6,0.5,407.0,997.0,1586.5,997.0,2.0,1222.0,2.0,0.0,0.6,0.5,405.0,995.0,1585.0,995.0,2.0,1220.0,2.0,0.0,0.6,0.5
1974,2,92.0,-32.0,19.2,19.2,19.2,19.2,1.0,0.0,16.0,1.0,0.7,0.2,20.0,20.0,20.0,20.0,1.0,0.0,16.0,1.0,0.7,0.2,10.4,10.4,10.4,10.4,1.0,0.0,16.0,1.0,0.7,0.2,72.4,72.4,72.4,72.4,1.0,0.0,16.0,1.0,0.2,6.7,6.7,6.7,6.7,1.0,0.0,16.0,1.0,0.7,0.2,-4.31,-4.31,-4.31,-4.31,1.0,0.0,16.0,1.0,0.7,0.2,5.13,5.13,5.13,5.13,1.0,0.0,16.0,1.0,0.7,0.2,1023.9,1023.9,1023.9,1023.9,1.0,0.0,16.0,1.0,0.7,0.2,8.0,8.0,8.0,8.0,1.0,0.0,16.0,1.0,0.7,0.2,-28.9,-28.9,-28.9,-28.9,1.0,0.0,16.0,1.0,0.7,0.2,34.4,34.4,34.4,34.4,1.0,0.0,16.0,1.0,0.7,0.2,-0.8,-0.8,-0.8,-0.8,1.0,0.0,16.0,1.0,0.7,0.2,-5.4,-5.4,-5.4,-5.4,1.0,0.0,16.0,1.0,0.7,0.2,3.29,3.29,3.29,3.29,1.0,0.0,16.0,1.0,0.7,0.2,22.0,22.0,22.0,22.0,1.0,0.0,16.0,1.0,0.7,0.2,-86.1,-86.1,-86.1,-86.1,1.0,0.0,16.0,1.0,0.7,0.2,102.7,102.7,102.7,102.7,1.0,0.0,16.0,1.0,0.7,0.2,-44.8,-44.8,-44.8,-44.8,1.0,0.0,16.0,1.0,0.7,0.2,53.4,53.4,53.4,53.4,1.0,0.0,16.0,1.0,0.7,0.2,-14.2,-14.2,-14.2,-14.2,1.0,0.0,16.0,1.0,0.7,0.2,16.9,16.9,16.9,16.9,1.0,0.0,16.0,1.0,0.7,0.2,301.0,301.0,301.0,301.0,1.0,0.0,16.0,1.0,0.7,0.2,300.0,300.0,300.0,300.0,1.0,0.0,16.0,1.0,0.7,0.2
1974,2,92.0,-31.0,20.1,20.1,20.1,20.1,2.0,0.0,10.0,1.0,0.7,0.9,18.59,19.0,19.55,19.07,3.0,0.7,14.0,1.0,0.8,0.8,10.7,11.22,11.23,10.97,3.0,0.45,14.0,1.0,0.8,0.8,79.6,80.6,82.4,81.0,3.0,2.1,14.0,1.0,0.8,7.68,8.7,9.11,8.4,3.0,1.08,14.0,1.0,0.8,0.8,-8.1,-7.09,-6.33,-7.21,3.0,1.3,14.0,1.0,0.8,0.8,1.33,1.51,5.34,3.3,3.0,3.32,14.0,1.0,0.8,0.8,1023.94,1025.1,1025.3,1024.63,3.0,1.08,14.0,1.0,0.8,0.8,5.3,6.0,6.0,5.7,3.0,0.6,14.0,1.0,0.8,0.8,-68.5,-55.6,-52.5,-60.4,3.0,12.5,14.0,1.0,0.8,0.8,10.3,13.1,49.4,29.5,3.0,31.9,14.0,1.0,0.8,0.8,1.2,1.4,1.6,1.4,2.0,0.42,10.0,1.0,0.7,0.9,10.6,12.7,14.8,12.7,2.0,4.4,10.0,1.0,0.7,0.9,3.36,3.62,3.89,3.62,2.0,0.54,10.0,1.0,0.7,0.9,29.6,32.7,35.8,32.7,2.0,6.4,10.0,1.0,0.7,0.9,-155.7,-140.4,-119.6,-137.7,3.0,26.5,14.0,1.0,0.8,0.8,26.0,28.7,98.6,61.5,3.0,60.3,14.0,1.0,0.8,0.8,-90.9,-79.7,-68.0,-79.4,3.0,16.8,14.0,1.0,0.8,0.8,15.0,16.9,56.2,35.2,3.0,34.1,14.0,1.0,0.8,0.8,-27.1,-25.8,-24.6,-25.8,2.0,2.7,10.0,1.0,0.7,0.9,8.6,16.7,24.8,16.7,2.0,16.7,10.0,1.0,0.7,0.9,464.0,658.5,758.0,612.0,3.0,219.5,14.0,1.0,0.8,0.8,465.0,660.0,760.0,610.0,3.0,220.0,14.0,1.0,0.8,0.8
1974,2,92.0,-25.0,,,,,,,,,,,,,,,,,,,,,,,,,,,,,,,,,,,,,,,,12.3,12.3,12.3,12.3,1.0,0.0,6.0,1.0,0.7,0.2,-9.42,-9.42,-9.42,-9.42,1.0,0.0,6.0,1.0,0.7,0.2,7.91,7.91,7.91,7.91,1.0,0.0,6.0,1.0,0.7,0.2,1020.2,1020.2,1020.2,1020.2,1.0,0.0,6.0,1.0,0.7,0.2,8.0,8.0,8.0,8.0,1.0,0.0,6.0,1.0,0.7,0.2,-115.9,-115.9,-115.9,-115.9,1.0,0.0,6.0,1.0,0.7,0.2,97.2,97.2,97.2,97.2,1.0,0.0,6.0,1.0,0.7,0.2,,,,,,,,,,,,,,,,,,,,,,,,,,,,,,,,,,,,,,,,,-205.4,-205.4,-205.4,-205.4,1.0,0.0,6.0,1.0,0.7,0.2,172.4,172.4,172.4,172.4,1.0,0.0,6.0,1.0,0.7,0.2,-109.7,-109.7,-109.7,-109.7,1.0,0.0,6.0,1.0,0.7,0.2,92.1,92.1,92.1,92.1,1.0,0.0,6.0,1.0,0.7,0.2,,,,,,,,,,,,,,,,,,,,,,,,,,,,,,,,,,,,,,,,
1974,2,92.0,-24.0,,,,,,,,,,,,,,,,,,,,,,,,,,,,,,,,,,,,,,,,8.0,8.0,8.0,8.0,1.0,0.0,2.0,1.0,0.8,0.6,-4.0,-4.0,-4.0,-4.0,1.0,0.0,2.0,1.0,0.8,0.6,6.93,6.93,6.93,6.93,1.0,0.0,2.0,1.0,0.8,0.6,1016.0,1016.0,1016.0,1016.0,1.0,0.0,2.0,1.0,0.8,0.6,,,,,,,,,,,,,,,,,,,,,,,,,,,,,,,,,,,,,,,,,,,,,,,,,,,,,,,,,,,,,,,,,,,,,,,,,,,,,,,,,,,,,,,,,,,,,,,,,,,,,,,,,,,,,,,,,,,,,,,,,,,,,,,,,,,,,,,,,,,,,,,,,,,,,,
1974,2,92.0,-23.0,23.63,25.0,25.07,24.37,3.0,1.18,6.0,1.0,0.5,0.6,22.13,22.4,23.83,22.97,3.0,1.34,6.0,1.0,0.5,0.6,13.2,13.54,14.55,13.87,3.0,1.03,6.0,1.0,0.5,0.6,73.1,77.6,86.9,79.9,3.0,10.3,6.0,1.0,0.6,8.87,10.3,13.78,11.3,3.0,3.7,6.0,1.0,0.5,0.6,-9.59,-8.92,-2.83,-6.27,3.0,5.45,6.0,1.0,0.5,0.6,6.12,8.2,10.66,8.38,3.0,3.33,6.0,1.0,0.5,0.6,1012.68,1015.0,1015.34,1014.03,3.0,2.12,6.0,1.0,0.5,0.6,5.0,7.0,7.7,6.3,3.0,2.1,6.0,1.0,0.5,0.6,-133.2,-91.9,-29.2,-81.4,3.0,76.8,6.0,1.0,0.5,0.6,57.6,67.2,145.4,100.7,3.0,70.5,6.0,1.0,0.5,0.6,0.6,0.6,2.24,1.4,3.0,1.39,6.0,1.0,0.5,0.6,7.2,9.2,19.7,13.3,3.0,9.9,6.0,1.0,0.5,0.6,4.54,4.78,5.82,5.17,3.0,1.0,6.0,1.0,0.5,0.6,47.4,65.0,67.2,57.5,3.0,15.9,6.0,1.0,0.5,0.6,-220.7,-218.5,-69.4,-146.8,3.0,127.1,6.0,1.0,0.5,0.6,143.4,180.4,237.6,190.3,3.0,69.6,6.0,1.0,0.5,0.6,-126.5,-120.8,-38.3,-83.3,3.0,72.3,6.0,1.0,0.5,0.6,86.7,123.2,144.1,115.6,3.0,42.6,6.0,1.0,0.5,0.6,-52.3,-43.9,-13.9,-33.4,3.0,29.6,6.0,1.0,0.5,0.6,34.6,39.2,48.1,41.3,3.0,10.1,6.0,1.0,0.5,0.6,723.0,1092.5,2840.0,1765.5,3.0,1656.5,6.0,1.0,0.5,0.6,725.0,1095.0,2840.0,1765.0,3.0,1655.0,6.0,1.0,0.5,0.6
1974,2,92.0,-15.0,26.82,26.85,26.88,26.85,2.0,0.07,14.0,1.0,0.7,0.7,26.0,26.0,29.21,27.57,3.0,2.71,18.0,1.0,0.6,0.6,16.58,18.16,19.09,17.84,3.0,1.85,18.0,1.0,0.6,0.6,72.0,75.3,82.7,77.3,3.0,8.0,18.0,1.0,0.6,4.42,5.1,5.51,4.97,3.0,0.81,18.0,1.0,0.6,0.6,-5.02,-3.55,-2.32,-3.66,3.0,1.98,18.0,1.0,0.6,0.6,-3.92,-2.05,-0.65,-2.28,3.0,2.4,18.0,1.0,0.6,0.6,1007.39,1007.8,1007.94,1007.67,3.0,0.42,18.0,1.0,0.6,0.6,2.3,3.0,5.0,3.7,3.0,2.1,18.0,1.0,0.6,0.6,-26.8,-14.6,-10.7,-18.6,3.0,12.3,18.0,1.0,0.6,0.6,-19.4,-8.4,-2.7,-10.9,3.0,12.4,18.0,1.0,0.6,0.6,0.82,0.85,0.88,0.85,2.0,0.07,14.0,1.0,0.7,0.7,3.8,4.1,4.4,4.1,2.0,0.6,14.0,1.0,0.7,0.7,4.48,5.22,5.95,5.22,2.0,1.53,14.0,1.0,0.7,0.7,20.0,26.4,32.9,26.4,2.0,13.4,14.0,1.0,0.7,0.7,-130.5,-92.3,-65.9,-98.0,3.0,47.6,18.0,1.0,0.6,0.6,-117.3,-53.3,-16.9,-66.8,3.0,74.5,18.0,1.0,0.6,0.6,-82.1,-64.5,-43.7,-63.0,3.0,28.2,18.0,1.0,0.6,0.6,-75.7,-37.2,-11.8,-43.6,3.0,47.1,18.0,1.0,0.6,0.6,-32.5,-25.3,-18.1,-25.3,2.0,15.0,14.0,1.0,0.7,0.7,-7.1,-4.2,-1.3,-4.2,2.0,6.0,14.0,1.0,0.7,0.7,89.0,132.5,168.5,129.0,3.0,58.0,18.0,1.0,0.6,0.6,90.0,135.0,170.0,130.0,3.0,60.0,18.0,1.0,0.6,0.6
1974,2,92.0,-14.0,27.74,28.25,28.76,28.25,2.0,1.06,6.0,0.5,0.4,0.2,26.98,28.0,29.02,28.0,2.0,2.12,6.0,0.5,0.4,0.2,20.13,20.62,21.11,20.62,2.0,1.02,6.0,0.5,0.4,0.2,83.9,87.0,90.1,87.0,2.0,6.4,6.0,0.5,0.2,7.27,8.5,9.73,8.5,2.0,2.55,6.0,0.5,0.4,0.2,-9.19,-8.14,-7.09,-8.14,2.0,2.18,6.0,0.5,0.4,0.2,1.54,2.34,3.15,2.34,2.0,1.67,6.0,0.5,0.4,0.2,1006.9,1007.75,1008.6,1007.75,2.0,1.77,6.0,0.5,0.4,0.2,4.2,4.5,4.8,4.5,2.0,0.7,6.0,0.5,0.4,0.2,-90.9,-71.9,-53.0,-71.9,2.0,39.2,6.0,0.5,0.4,0.2,12.3,22.0,31.8,22.0,2.0,20.1,6.0,0.5,0.4,0.2,-0.26,0.25,0.76,0.25,2.0,1.06,6.0,0.5,0.4,0.2,-1.2,3.5,8.1,3.5,2.0,9.7,6.0,0.5,0.4,0.2,3.32,3.54,3.76,3.54,2.0,0.46,6.0,0.5,0.4,0.2,27.0,29.5,32.0,29.5,2.0,5.1,6.0,0.5,0.4,0.2,-246.7,-225.6,-204.5,-225.6,2.0,43.7,6.0,0.5,0.4,0.2,43.7,63.8,84.0,63.8,2.0,41.7,6.0,0.5,0.4,0.2,-184.4,-166.7,-149.0,-166.7,2.0,36.7,6.0,0.5,0.4,0.2,32.0,47.5,62.9,47.5,2.0,32.0,6.0,0.5,0.4,0.2,-30.2,-28.3,-26.4,-28.3,2.0,4.0,6.0,0.5,0.4,0.2,5.6,7.9,10.2,7.9,2.0,4.8,6.0,0.5,0.4,0.2,426.5,696.5,967.0,696.5,2.0,560.0,6.0,0.5,0.4,0.2,425.0,695.0,965.0,695.0,2.0,560.0,6.0,0.5,0.4,0.2
1974,2,92.0,-13.0,26.58,26.75,26.92,26.75,2.0,0.35,14.0,1.0,0.5,0.6,25.38,26.2,27.02,26.2,3.0,1.2,18.0,1.0,0.5,0.5,16.51,17.48,18.45,17.48,2.0,2.01,14.0,1.0,0.5,0.6,76.4,78.8,81.1,78.8,2.0,4.8,14.0,1.0,0.6,2.64,5.1,7.22,4.93,3.0,3.35,18.0,1.0,0.5,0.5,-5.26,0.0,0.35,-2.4,3.0,4.6,18.0,1.0,0.5,0.5,-4.37,-2.8,0.07,-2.17,3.0,3.3,18.0,1.0,0.5,0.5,1004.37,1005.6,1006.83,1005.6,2.0,2.55,14.0,1.0,0.5,0.6,7.0,7.0,7.7,7.3,3.0,0.6,18.0,1.0,0.5,0.5,-43.1,0.0,0.5,-20.8,3.0,36.7,18.0,1.0,0.5,0.5,-25.1,-23.0,-5.9,-15.6,3.0,15.4,18.0,1.0,0.5,0.5,-0.29,-0.05,0.19,-0.05,2.0,0.49,14.0,1.0,0.5,0.6,-1.3,0.2,1.7,0.2,2.0,3.2,14.0,1.0,0.5,0.6,3.94,4.66,5.37,4.66,2.0,1.49,14.0,1.0,0.5,0.6,22.9,32.6,42.3,32.6,2.0,20.1,14.0,1.0,0.5,0.6,-137.8,0.0,8.8,-63.0,3.0,120.4,18.0,1.0,0.5,0.5,-118.7,-73.5,0.7,-59.3,3.0,88.3,18.0,1.0,0.5,0.5,-104.1,-61.9,-19.6,-61.9,2.0,87.5,14.0,1.0,0.5,0.6,-88.2,-70.7,-53.2,-70.7,2.0,36.3,14.0,1.0,0.5,0.6,-37.0,-22.0,-7.0,-22.0,2.0,31.1,14.0,1.0,0.5,0.6,-18.0,-17.2,-16.4,-17.2,2.0,1.7,14.0,1.0,0.5,0.6,44.5,132.5,418.5,229.0,3.0,286.5,18.0,1.0,0.5,0.5,45.0,135.0,420.0,230.0,3.0,285.0,18.0,1.0,0.5,0.5
1974,2,92.0,-12.0,27.6,27.6,27.6,27.6,1.0,0.0,20.0,1.0,0.0,0.2,27.2,27.2,27.2,27.2,1.0,0.0,20.0,1.0,0.0,0.2,22.36,22.36,22.36,22.36,1.0,0.0,20.0,1.0,0.0,0.2,98.3,98.3,98.3,98.3,1.0,0.0,20.0,1.0,0.2,9.3,9.3,9.3,9.3,1.0,0.0,20.0,1.0,0.0,0.2,8.05,8.05,8.05,8.05,1.0,0.0,20.0,1.0,0.0,0.2,-4.65,-4.65,-4.65,-4.65,1.0,0.0,20.0,1.0,0.0,0.2,1004.1,1004.1,1004.1,1004.1,1.0,0.0,20.0,1.0,0.0,0.2,7.0,7.0,7.0,7.0,1.0,0.0,20.0,1.0,0.0,0.2,74.9,74.9,74.9,74.9,1.0,0.0,20.0,1.0,0.0,0.2,-43.2,-43.2,-43.2,-43.2,1.0,0.0,20.0,1.0,0.0,0.2,0.4,0.4,0.4,0.4,1.0,0.0,20.0,1.0,0.0,0.2,3.7,3.7,3.7,3.7,1.0,0.0,20.0,1.0,0.0,0.2,0.95,0.95,0.95,0.95,1.0,0.0,20.0,1.0,0.0,0.2,8.9,8.9,8.9,8.9,1.0,0.0,20.0,1.0,0.0,0.2,219.1,219.1,219.1,219.1,1.0,0.0,20.0,1.0,0.0,0.2,-126.5,-126.5,-126.5,-126.5,1.0,0.0,20.0,1.0,0.0,0.2,180.1,180.1,180.1,180.1,1.0,0.0,20.0,1.0,0.0,0.2,-104.0,-104.0,-104.0,-104.0,1.0,0.0,20.0,1.0,0.0,0.2,7.7,7.7,7.7,7.7,1.0,0.0,20.0,1.0,0.0,0.2,-4.4,-4.4,-4.4,-4.4,1.0,0.0,20.0,1.0,0.0,0.2,804.5,804.5,804.5,804.5,1.0,0.0,20.0,1.0,0.0,0.2,805.0,805.0,805.0,805.0,1.0,0.0,20.0,1.0,0.0,0.2
1974,2,92.0,-11.0,27.08,27.25,27.42,27.25,2.0,0.35,4.0,1.0,0.1,0.2,27.24,27.75,28.26,27.75,2.0,1.06,4.0,1.0,0.1,0.2,16.3,16.83,17.35,16.83,2.0,1.09,4.0,1.0,0.1,0.2,71.9,72.0,72.1,72.0,2.0,0.2,4.0,1.0,0.2,3.09,4.15,5.21,4.15,2.0,2.19,4.0,1.0,0.1,0.2,-4.77,-3.51,-2.26,-3.51,2.0,2.61,4.0,1.0,0.1,0.2,1.96,1.97,1.99,1.97,2.0,0.03,4.0,1.0,0.1,0.2,1007.41,1007.65,1007.89,1007.65,2.0,0.5,4.0,1.0,0.1,0.2,4.2,4.5,4.8,4.5,2.0,0.7,4.0,1.0,0.1,0.2,-26.4,-17.4,-8.5,-17.4,2.0,18.5,4.0,1.0,0.1,0.2,6.1,8.1,10.2,8.1,2.0,4.2,4.0,1.0,0.1,0.2,-1.18,-0.5,0.18,-0.5,2.0,1.41,4.0,1.0,0.1,0.2,-7.0,-3.6,-0.3,-3.6,2.0,7.0,4.0,1.0,0.1,0.2,5.17,5.93,6.69,5.93,2.0,1.58,4.0,1.0,0.1,0.2,19.8,22.9,26.0,22.9,2.0,6.4,4.0,1.0,0.1,0.2,-135.6,-98.9,-62.2,-98.9,2.0,76.0,4.0,1.0,0.1,0.2,54.1,54.7,55.3,54.7,2.0,1.3,4.0,1.0,0.1,0.2,-83.6,-60.5,-37.5,-60.5,2.0,47.7,4.0,1.0,0.1,0.2,32.3,33.1,33.9,33.1,2.0,1.6,4.0,1.0,0.1,0.2,-23.6,-18.8,-14.0,-18.8,2.0,9.9,4.0,1.0,0.1,0.2,10.1,11.7,13.3,11.7,2.0,3.3,4.0,1.0,0.1,0.2,44.0,101.5,158.5,101.5,2.0,118.5,4.0,1.0,0.1,0.2,45.0,100.0,160.0,100.0,2.0,120.0,4.0,1.0,0.1,0.2
1974,2,92.0,-10.0,26.95,27.7,28.45,27.7,2.0,1.56,10.0,0.0,0.2,1.0,26.58,26.75,26.92,26.75,2.0,0.35,10.0,0.0,0.2,1.0,16.79,17.35,17.9,17.35,2.0,1.15,10.0,0.0,0.2,1.0,77.1,78.8,80.4,78.8,2.0,3.4,10.0,0.0,1.0,2.84,3.35,3.86,3.35,2.0,1.06,10.0,0.0,0.2,1.0,1.36,2.37,3.38,2.37,2.0,2.1,10.0,0.0,0.2,1.0,1.57,1.92,2.28,1.92,2.0,0.74,10.0,0.0,0.2,1.0,1007.32,1008.0,1008.68,1008.0,2.0,1.41,10.0,0.0,0.2,1.0,6.3,7.0,7.7,7.0,2.0,1.4,10.0,0.0,0.2,1.0,4.5,9.1,13.7,9.1,2.0,9.5,10.0,0.0,0.2,1.0,5.8,6.1,6.3,6.1,2.0,0.4,10.0,0.0,0.2,1.0,0.03,0.95,1.87,0.95,2.0,1.91,10.0,0.0,0.2,1.0,-0.4,2.2,4.8,2.2,2.0,5.4,10.0,0.0,0.2,1.0,4.48,6.06,7.64,6.06,2.0,3.28,10.0,0.0,0.2,1.0,16.4,18.6,20.8,18.6,2.0,4.6,10.0,0.0,0.2,1.0,36.3,63.8,91.3,63.8,2.0,56.9,10.0,0.0,0.2,1.0,42.1,51.3,60.5,51.3,2.0,19.0,10.0,0.0,0.2,1.0,23.5,42.3,61.2,42.3,2.0,39.1,10.0,0.0,0.2,1.0,27.8,32.9,38.0,32.9,2.0,10.6,10.0,0.0,0.2,1.0,8.6,10.9,13.3,10.9,2.0,4.9,10.0,0.0,0.2,1.0,7.7,12.9,18.0,12.9,2.0,10.8,10.0,0.0,0.2,1.0,25.5,43.0,61.0,43.0,2.0,36.5,10.0,0.0,0.2,1.0,25.0,45.0,60.0,45.0,2.0,35.0,10.0,0.0,0.2,1.0
1974,2,92.0,-9.0,29.0,29.0,29.0,29.0,1.0,0.0,4.0,1.0,0.3,0.9,27.16,27.5,27.84,27.5,2.0,0.71,12.0,1.0,0.2,0.8,18.67,18.67,18.67,18.67,1.0,0.0,4.0,1.0,0.3,0.9,83.7,83.7,83.7,83.7,1.0,0.0,4.0,1.0,0.9,3.82,6.45,9.08,6.45,2.0,5.44,12.0,1.0,0.2,0.8,-0.54,3.79,8.13,3.79,2.0,8.98,12.0,1.0,0.2,0.8,-1.58,-1.12,-0.66,-1.12,2.0,0.95,12.0,1.0,0.2,0.8,1005.76,1007.4,1009.04,1007.4,2.0,3.39,12.0,1.0,0.2,0.8,5.2,5.5,5.8,5.5,2.0,0.7,12.0,1.0,0.2,0.8,11.0,48.9,86.8,48.9,2.0,78.6,12.0,1.0,0.2,0.8,-15.7,-9.8,-3.9,-9.8,2.0,12.2,12.0,1.0,0.2,0.8,2.0,2.0,2.0,2.0,1.0,0.0,4.0,1.0,0.3,0.9,5.2,5.2,5.2,5.2,1.0,0.0,4.0,1.0,0.3,0.9,6.51,6.51,6.51,6.51,1.0,0.0,4.0,1.0,0.3,0.9,16.9,16.9,16.9,16.9,1.0,0.0,4.0,1.0,0.3,0.9,-13.1,107.4,228.0,107.4,2.0,249.7,12.0,1.0,0.2,0.8,-44.1,-31.1,-18.2,-31.1,2.0,26.8,12.0,1.0,0.2,0.8,-47.8,-47.8,-47.8,-47.8,1.0,0.0,4.0,1.0,0.3,0.9,-8.4,-8.4,-8.4,-8.4,1.0,0.0,4.0,1.0,0.3,0.9,-16.7,-16.7,-16.7,-16.7,1.0,0.0,4.0,1.0,0.3,0.9,-2.9,-2.9,-2.9,-2.9,1.0,0.0,4.0,1.0,0.3,0.9,188.0,555.0,922.0,555.0,2.0,760.0,12.0,1.0,0.2,0.8,190.0,555.0,920.0,555.0,2.0,760.0,12.0,1.0,0.2,0.8
1974,2,92.0,-8.0,27.2,27.2,27.2,27.2,1.0,0.0,6.0,1.0,0.3,0.1,28.3,28.3,28.3,28.3,1.0,0.0,6.0,1.0,0.3,0.1,19.03,19.03,19.03,19.03,1.0,0.0,6.0,1.0,0.3,0.1,78.9,78.9,78.9,78.9,1.0,0.0,6.0,1.0,0.1,2.6,2.6,2.6,2.6,1.0,0.0,6.0,1.0,0.3,0.1,2.56,2.56,2.56,2.56,1.0,0.0,6.0,1.0,0.3,0.1,0.45,0.45,0.45,0.45,1.0,0.0,6.0,1.0,0.3,0.1,1008.9,1008.9,1008.9,1008.9,1.0,0.0,6.0,1.0,0.3,0.1,5.0,5.0,5.0,5.0,1.0,0.0,6.0,1.0,0.3,0.1,6.7,6.7,6.7,6.7,1.0,0.0,6.0,1.0,0.3,0.1,1.2,1.2,1.2,1.2,1.0,0.0,6.0,1.0,0.3,0.1,-1.1,-1.1,-1.1,-1.1,1.0,0.0,6.0,1.0,0.3,0.1,-2.9,-2.9,-2.9,-2.9,1.0,0.0,6.0,1.0,0.3,0.1,3.63,3.63,3.63,3.63,1.0,0.0,6.0,1.0,0.3,0.1,9.4,9.4,9.4,9.4,1.0,0.0,6.0,1.0,0.3,0.1,72.5,72.5,72.5,72.5,1.0,0.0,6.0,1.0,0.3,0.1,12.8,12.8,12.8,12.8,1.0,0.0,6.0,1.0,0.3,0.1,48.7,48.7,48.7,48.7,1.0,0.0,6.0,1.0,0.3,0.1,8.6,8.6,8.6,8.6,1.0,0.0,6.0,1.0,0.3,0.1,9.3,9.3,9.3,9.3,1.0,0.0,6.0,1.0,0.3,0.1,1.6,1.6,1.6,1.6,1.0,0.0,6.0,1.0,0.3,0.1,17.5,17.5,17.5,17.5,1.0,0.0,6.0,1.0,0.3,0.1,20.0,20.0,20.0,20.0,1.0,0.0,6.0,1.0,0.3,0.1
1974,2,92.0,-6.0,29.0,29.0,29.0,29.0,1.0,0.0,22.0,0.0,0.2,0.5,27.5,27.5,27.5,27.5,1.0,0.0,22.0,0.0,0.2,0.5,17.62,17.62,17.62,17.62,1.0,0.0,22.0,0.0,0.2,0.5,76.5,76.5,76.5,76.5,1.0,0.0,22.0,0.0,0.5,5.1,5.1,5.1,5.1,1.0,0.0,22.0,0.0,0.2,0.5,5.1,5.1,5.1,5.1,1.0,0.0,22.0,0.0,0.2,0.5,0.0,0.0,0.0,0.0,1.0,0.0,22.0,0.0,0.2,0.5,1007.0,1007.0,1007.0,1007.0,1.0,0.0,22.0,0.0,0.2,0.5,1.0,1.0,1.0,1.0,1.0,0.0,22.0,0.0,0.2,0.5,26.0,26.0,26.0,26.0,1.0,0.0,22.0,0.0,0.2,0.5,0.0,0.0,0.0,0.0,1.0,0.0,22.0,0.0,0.2,0.5,1.5,1.5,1.5,1.5,1.0,0.0,22.0,0.0,0.2,0.5,7.7,7.7,7.7,7.7,1.0,0.0,22.0,0.0,0.2,0.5,7.64,7.64,7.64,7.64,1.0,0.0,22.0,0.0,0.2,0.5,39.0,39.0,39.0,39.0,1.0,0.0,22.0,0.0,0.2,0.5,140.3,140.3,140.3,140.3,1.0,0.0,22.0,0.0,0.2,0.5,0.0,0.0,0.0,0.0,1.0,0.0,22.0,0.0,0.2,0.5,89.8,89.8,89.8,89.8,1.0,0.0,22.0,0.0,0.2,0.5,0.0,0.0,0.0,0.0,1.0,0.0,22.0,0.0,0.2,0.5,39.0,39.0,39.0,39.0,1.0,0.0,22.0,0.0,0.2,0.5,0.0,0.0,0.0,0.0,1.0,0.0,22.0,0.0,0.2,0.5,132.5,132.5,132.5,132.5,1.0,0.0,22.0,0.0,0.2,0.5,135.0,135.0,135.0,135.0,1.0,0.0,22.0,0.0,0.2,0.5
1974,2,92.0,1.0,28.0,28.0,28.0,28.0,1.0,0.0,16.0,1.0,0.7,0.8,28.5,28.5,28.5,28.5,1.0,0.0,16.0,1.0,0.7,0.8,17.67,17.67,17.67,17.67,1.0,0.0,16.0,1.0,0.7,0.8,72.6,72.6,72.6,72.6,1.0,0.0,16.0,1.0,0.8,2.6,2.6,2.6,2.6,1.0,0.0,16.0,1.0,0.7,0.8,-1.67,-1.67,-1.67,-1.67,1.0,0.0,16.0,1.0,0.7,0.8,-1.99,-1.99,-1.99,-1.99,1.0,0.0,16.0,1.0,0.7,0.8,1010.0,1010.0,1010.0,1010.0,1.0,0.0,16.0,1.0,0.7,0.8,3.0,3.0,3.0,3.0,1.0,0.0,16.0,1.0,0.7,0.8,-4.3,-4.3,-4.3,-4.3,1.0,0.0,16.0,1.0,0.7,0.8,-5.2,-5.2,-5.2,-5.2,1.0,0.0,16.0,1.0,0.7,0.8,-0.5,-0.5,-0.5,-0.5,1.0,0.0,16.0,1.0,0.7,0.8,-1.3,-1.3,-1.3,-1.3,1.0,0.0,16.0,1.0,0.7,0.8,6.06,6.06,6.06,6.06,1.0,0.0,16.0,1.0,0.7,0.8,15.8,15.8,15.8,15.8,1.0,0.0,16.0,1.0,0.7,0.8,-47.6,-47.6,-47.6,-47.6,1.0,0.0,16.0,1.0,0.7,0.8,-56.8,-56.8,-56.8,-56.8,1.0,0.0,16.0,1.0,0.7,0.8,-29.5,-29.5,-29.5,-29.5,1.0,0.0,16.0,1.0,0.7,0.8,-35.2,-35.2,-35.2,-35.2,1.0,0.0,16.0,1.0,0.7,0.8,-10.1,-10.1,-10.1,-10.1,1.0,0.0,16.0,1.0,0.7,0.8,-12.1,-12.1,-12.1,-12.1,1.0,0.0,16.0,1.0,0.7,0.8,17.5,17.5,17.5,17.5,1.0,0.0,16.0,1.0,0.7,0.8,20.0,20.0,20.0,20.0,1.0,0.0,16.0,1.0,0.7,0.8
1974,2,92.0,3.0,26.98,27.7,28.3,27.67,7.0,0.69,14.0,0.7,0.3,0.7,27.19,27.6,28.21,27.69,7.0,0.56,14.0,0.7,0.3,0.7,18.14,18.66,18.77,18.49,6.0,0.51,14.0,0.8,0.3,0.8,76.1,79.1,83.8,79.5,6.0,3.9,14.0,0.8,0.8,3.0,4.1,5.06,4.0,7.0,1.63,14.0,0.7,0.3,0.7,-4.77,-3.06,-2.55,-3.31,7.0,1.95,14.0,0.7,0.3,0.7,-2.62,-1.55,-0.98,-1.55,7.0,1.39,14.0,0.7,0.3,0.7,1008.09,1008.7,1010.05,1008.86,7.0,1.63,14.0,0.7,0.3,0.7,6.0,7.0,8.0,7.1,7.0,0.9,14.0,0.7,0.3,0.7,-24.2,-13.6,-7.9,-15.9,7.0,12.1,14.0,0.7,0.3,0.7,-10.6,-6.7,-4.5,-7.3,7.0,5.3,14.0,0.7,0.3,0.7,-0.24,0.1,0.4,-0.01,7.0,0.53,14.0,0.7,0.3,0.7,-0.5,0.4,1.6,-0.1,7.0,2.5,14.0,0.7,0.3,0.7,4.18,5.3,5.7,5.1,6.0,0.97,14.0,0.8,0.3,0.8,11.7,18.6,26.9,20.0,6.0,11.8,14.0,0.8,0.3,0.8,-131.7,-82.7,-69.3,-91.5,7.0,54.6,14.0,0.7,0.3,0.7,-70.7,-42.2,-27.4,-42.4,7.0,38.2,14.0,0.7,0.3,0.7,-79.2,-55.6,-39.9,-56.4,6.0,35.8,14.0,0.8,0.3,0.8,-51.4,-27.9,-11.2,-28.1,6.0,28.2,14.0,0.8,0.3,0.8,-24.9,-13.4,-8.8,-16.3,6.0,13.4,14.0,0.8,0.3,0.8,-11.3,-7.3,-4.2,-7.2,6.0,7.5,14.0,0.8,0.3,0.8,28.5,69.0,130.5,89.0,7.0,77.5,14.0,0.7,0.3,0.7,30.0,70.0,130.0,90.0,7.0,75.0,14.0,0.7,0.3,0.7
1974,2,92.0,4.0,27.0,27.75,29.0,27.86,18.0,0.9,16.0,0.5,0.5,0.3,26.45,26.9,27.24,26.86,17.0,0.85,16.0,0.5,0.5,0.2,17.32,18.05,19.05,18.13,16.0,0.85,16.0,0.4,0.5,0.2,77.7,82.1,85.8,82.1,16.0,4.7,16.0,0.4,0.2,2.1,3.85,6.51,4.09,16.0,2.47,16.0,0.6,0.5,0.2,-4.72,-3.14,-0.69,-3.11,16.0,2.24,16.0,0.6,0.5,0.2,-3.55,0.0,2.5,-0.38,16.0,2.9,16.0,0.6,0.5,0.2,1008.14,1009.5,1010.74,1009.42,18.0,1.47,16.0,0.5,0.5,0.3,4.0,7.0,8.0,6.1,18.0,2.0,16.0,0.5,0.5,0.3,-27.3,-11.8,-1.5,-17.6,16.0,20.6,16.0,0.6,0.5,0.2,-21.0,0.0,11.4,-3.2,16.0,19.3,16.0,0.6,0.5,0.2,0.0,1.3,2.2,1.07,17.0,1.19,16.0,0.5,0.5,0.2,0.0,4.2,8.2,4.0,15.0,6.0,16.0,0.5,0.5,0.2,4.23,5.62,6.17,5.54,16.0,1.49,16.0,0.4,0.5,0.2,11.9,15.6,28.8,20.1,14.0,14.1,14.0,0.5,0.5,0.2,-121.5,-77.2,-10.9,-80.4,15.0,61.3,16.0,0.5,0.5,0.2,-102.7,0.0,66.7,-14.1,15.0,79.3,16.0,0.5,0.5,0.2,-73.3,-49.3,-2.2,-47.2,14.0,31.5,14.0,0.5,0.5,0.2,-42.0,0.0,54.1,-3.8,14.0,49.4,14.0,0.5,0.5,0.2,-20.6,-15.1,-0.7,-14.3,14.0,10.7,14.0,0.5,0.5,0.2,-11.6,0.0,12.0,-0.1,14.0,17.3,14.0,0.5,0.5,0.2,9.5,58.0,277.0,145.5,16.0,235.5,16.0,0.6,0.5,0.2,10.0,60.0,275.0,145.0,16.0,235.0,16.0,0.6,0.5,0.2
1974,2,92.0,5.0,27.11,27.5,28.04,27.63,19.0,1.01,20.0,0.5,0.5,0.7,25.96,27.0,28.16,27.12,25.0,1.4,20.0,0.5,0.5,0.8,17.41,18.12,19.37,18.24,23.0,1.14,20.0,0.5,0.5,0.8,73.7,81.2,87.5,80.6,23.0,6.8,20.0,0.5,0.8,1.89,3.6,5.48,3.69,24.0,2.04,20.0,0.5,0.5,0.7,-3.9,-2.03,-0.22,-2.14,24.0,2.51,20.0,0.5,0.5,0.7,-3.27,-0.23,2.07,-0.63,24.0,2.62,20.0,0.5,0.5,0.7,1007.74,1009.4,1010.2,1009.14,25.0,1.54,20.0,0.5,0.5,0.8,2.0,6.0,7.0,4.9,25.0,2.5,20.0,0.5,0.5,0.8,-17.9,-5.8,-0.2,-10.7,24.0,19.4,20.0,0.5,0.5,0.7,-14.0,-0.4,5.8,-4.0,24.0,13.5,20.0,0.5,0.5,0.7,-0.03,0.6,2.0,0.79,19.0,1.19,20.0,0.5,0.5,0.7,-0.1,1.2,6.9,2.4,19.0,3.9,20.0,0.5,0.5,0.7,4.28,4.97,6.48,5.19,19.0,1.56,20.0,0.5,0.5,0.7,8.2,14.2,28.7,17.3,19.0,11.0,20.0,0.5,0.5,0.7,-107.5,-53.5,-5.9,-58.9,24.0,73.4,20.0,0.5,0.5,0.7,-89.0,-6.0,56.0,-16.5,24.0,70.7,20.0,0.5,0.5,0.7,-68.9,-32.6,-2.0,-34.9,22.0,46.8,20.0,0.5,0.5,0.8,-60.4,-3.9,39.2,-11.4,22.0,50.9,20.0,0.5,0.5,0.8,-18.5,-9.0,0.0,-9.3,19.0,11.3,20.0,0.5,0.5,0.7,-22.0,-4.4,10.7,-4.9,19.0,13.9,20.0,0.5,0.5,0.7,7.0,46.5,169.5,101.0,24.0,171.0,20.0,0.5,0.5,0.7,5.0,45.0,170.0,100.0,24.0,170.0,20.0,0.5,0.5,0.7
1974,2,92.0,6.0,27.32,27.9,28.44,27.86,8.0,0.6,14.0,0.1,0.3,0.0,26.56,27.9,29.07,27.81,8.0,1.79,14.0,0.1,0.3,0.0,17.7,18.53,20.07,18.86,8.0,1.13,14.0,0.1,0.3,0.0,71.0,78.4,92.0,81.1,8.0,9.8,14.0,0.1,0.0,4.05,5.1,8.78,6.23,7.0,2.68,14.0,0.1,0.3,0.0,-8.25,-4.53,-1.39,-4.64,7.0,3.44,14.0,0.1,0.3,0.0,-3.91,-2.98,-0.53,-2.03,7.0,3.26,14.0,0.1,0.3,0.0,1008.42,1010.9,1013.8,1011.28,8.0,3.15,14.0,0.1,0.3,0.0,4.1,6.0,8.0,5.9,8.0,2.2,14.0,0.1,0.3,0.0,-72.5,-20.8,-5.6,-36.4,7.0,37.3,14.0,0.1,0.3,0.0,-36.4,-15.8,-2.3,-14.9,7.0,21.7,14.0,0.1,0.3,0.0,-1.18,0.1,1.77,0.05,8.0,2.06,14.0,0.1,0.3,0.0,-5.7,-1.4,13.1,-2.5,7.0,17.4,14.0,0.1,0.3,0.0,3.68,4.76,5.81,4.67,8.0,1.15,14.0,0.1,0.3,0.0,18.9,29.9,31.9,26.4,7.0,6.7,14.0,0.1,0.3,0.0,-220.6,-125.9,-38.9,-131.6,7.0,101.6,14.0,0.1,0.3,0.0,-110.4,-85.1,-14.7,-57.5,7.0,91.5,14.0,0.1,0.3,0.0,-165.6,-79.9,-25.7,-90.6,7.0,70.2,14.0,0.1,0.3,0.0,-73.0,-59.8,-9.2,-39.9,7.0,62.4,14.0,0.1,0.3,0.0,-28.5,-24.3,-6.5,-18.6,7.0,10.8,14.0,0.1,0.3,0.0,-18.1,-10.9,-2.7,-7.3,7.0,16.6,14.0,0.1,0.3,0.0,67.0,132.5,679.5,362.5,7.0,398.0,14.0,0.1,0.3,0.0,65.0,135.0,680.0,360.0,7.0,400.0,14.0,0.1,0.3,0.0
1974,2,92.0,10.0,,,,,,,,,,,,,,,,,,,,,,,,,,,,,,,,,,,,,,,,3.05,4.0,4.62,3.88,5.0,1.28,20.0,0.2,0.3,0.2,-3.78,-3.06,1.21,-1.51,5.0,3.45,20.0,0.2,0.3,0.2,-2.67,-2.07,-1.4,-2.0,5.0,0.84,20.0,0.2,0.3,0.2,1008.07,1010.3,1011.19,1009.76,5.0,1.75,20.0,0.2,0.3,0.2,,,,,,,,,,,,,,,,,,,,,,,,,,,,,,,,,,,,,,,,,,,,,,,,,,,,,,,,,,,,,,,,,,,,,,,,,,,,,,,,,,,,,,,,,,,,,,,,,,,,,,,,,,,,,,,,,,,,,,,,,,,,,,,,,,,,,,,,,,,,,,,,,,,,,,
1974,2,92.0,11.0,,,,,,,,,,,,,,,,,,,,,,,,,,,,,,,,,,,,,,,,3.0,3.0,3.0,3.0,1.0,0.0,18.0,0.0,0.0,0.6,0.0,0.0,0.0,0.0,1.0,0.0,18.0,0.0,0.0,0.6,-3.0,-3.0,-3.0,-3.0,1.0,0.0,18.0,0.0,0.0,0.6,1007.11,1008.0,1008.89,1008.0,2.0,1.84,22.0,0.0,0.0,0.3,,,,,,,,,,,,,,,,,,,,,,,,,,,,,,,,,,,,,,,,,,,,,,,,,,,,,,,,,,,,,,,,,,,,,,,,,,,,,,,,,,,,,,,,,,,,,,,,,,,,,,,,,,,,,,,,,,,,,,,,,,,,,,,,,,,,,,,,,,,,,,,,,,,,,,
1974,2,92.0,12.0,,,,,,,,,,,,,,,,,,,,,,,,,,,,,,,,,,,,,,,,5.1,5.1,5.1,5.1,1.0,0.0,24.0,1.0,0.0,0.5,-5.02,-5.02,-5.02,-5.02,1.0,0.0,24.0,1.0,0.0,0.5,0.89,0.89,0.89,0.89,1.0,0.0,24.0,1.0,0.0,0.5,1009.1,1009.1,1009.1,1009.1,1.0,0.0,24.0,1.0,0.0,0.5,,,,,,,,,,,,,,,,,,,,,,,,,,,,,,,,,,,,,,,,,,,,,,,,,,,,,,,,,,,,,,,,,,,,,,,,,,,,,,,,,,,,,,,,,,,,,,,,,,,,,,,,,,,,,,,,,,,,,,,,,,,,,,,,,,,,,,,,,,,,,,,,,,,,,,
1974,2,92.0,13.0,,,,,,,,,,,,,,,,,,,,,,,,,,,,,,,,,,,,,,,,8.0,8.0,8.0,8.0,1.0,0.0,18.0,1.0,0.0,0.0,-2.74,-2.74,-2.74,-2.74,1.0,0.0,18.0,1.0,0.0,0.0,-7.52,-7.52,-7.52,-7.52,1.0,0.0,18.0,1.0,0.0,0.0,1009.13,1010.05,1010.97,1010.05,2.0,1.91,22.0,0.5,0.0,0.4,,,,,,,,,,,,,,,,,,,,,,,,,,,,,,,,,,,,,,,,,,,,,,,,,,,,,,,,,,,,,,,,,,,,,,,,,,,,,,,,,,,,,,,,,,,,,,,,,,,,,,,,,,,,,,,,,,,,,,,,,,,,,,,,,,,,,,,,,,,,,,,,,,,,,,
1974,2,92.0,15.0,,,,,,,,,,,,,,,,,,,,,,,,,,,,,,,,,,,,,,,,0.57,1.8,3.03,1.8,2.0,2.55,16.0,0.0,0.3,0.3,0.0,0.0,0.0,0.0,2.0,0.0,16.0,0.0,0.3,0.3,-3.03,-1.8,-0.57,-1.8,2.0,2.55,16.0,0.0,0.3,0.3,1008.99,1009.6,1010.21,1009.6,2.0,1.27,16.0,0.0,0.3,0.3,,,,,,,,,,,,,,,,,,,,,,,,,,,,,,,,,,,,,,,,,,,,,,,,,,,,,,,,,,,,,,,,,,,,,,,,,,,,,,,,,,,,,,,,,,,,,,,,,,,,,,,,,,,,,,,,,,,,,,,,,,,,,,,,,,,,,,,,,,,,,,,,,,,,,,
1974,2,92.0,16.0,,,,,,,,,,,,,,,,,,,,,,,,,,,,,,,,,,,,,,,,2.0,2.0,2.0,2.0,1.0,0.0,26.0,0.0,0.0,0.6,2.0,2.0,2.0,2.0,1.0,0.0,26.0,0.0,0.0,0.6,0.0,0.0,0.0,0.0,1.0,0.0,26.0,0.0,0.0,0.6,1008.3,1008.3,1008.3,1008.3,1.0,0.0,26.0,0.0,0.0,0.6,,,,,,,,,,,,,,,,,,,,,,,,,,,,,,,,,,,,,,,,,,,,,,,,,,,,,,,,,,,,,,,,,,,,,,,,,,,,,,,,,,,,,,,,,,,,,,,,,,,,,,,,,,,,,,,,,,,,,,,,,,,,,,,,,,,,,,,,,,,,,,,,,,,,,,
1974,2,92.0,17.0,,,,,,,,,,,,,,,,,,,,,,,,,,,,,,,,,,,,,,,,5.0,5.0,5.0,5.0,1.0,0.0,26.0,1.0,0.0,0.9,4.92,4.92,4.92,4.92,1.0,0.0,26.0,1.0,0.0,0.9,-0.87,-0.87,-0.87,-0.87,1.0,0.0,26.0,1.0,0.0,0.9,1012.5,1012.5,1012.5,1012.5,1.0,0.0,26.0,1.0,0.0,0.9,,,,,,,,,,,,,,,,,,,,,,,,,,,,,,,,,,,,,,,,,,,,,,,,,,,,,,,,,,,,,,,,,,,,,,,,,,,,,,,,,,,,,,,,,,,,,,,,,,,,,,,,,,,,,,,,,,,,,,,,,,,,,,,,,,,,,,,,,,,,,,,,,,,,,,
1974,2,92.0,18.0,,,,,,,,,,,,,,,,,,,,,,,,,,,,,,,,,,,,,,,,3.0,3.0,3.0,3.0,1.0,0.0,26.0,0.0,0.0,0.9,1.5,1.5,1.5,1.5,1.0,0.0,26.0,0.0,0.0,0.9,-2.6,-2.6,-2.6,-2.6,1.0,0.0,26.0,0.0,0.0,0.9,1008.7,1008.7,1008.7,1008.7,1.0,0.0,26.0,0.0,0.0,0.9,,,,,,,,,,,,,,,,,,,,,,,,,,,,,,,,,,,,,,,,,,,,,,,,,,,,,,,,,,,,,,,,,,,,,,,,,,,,,,,,,,,,,,,,,,,,,,,,,,,,,,,,,,,,,,,,,,,,,,,,,,,,,,,,,,,,,,,,,,,,,,,,,,,,,,
1974,2,92.0,19.0,,,,,,,,,,,,,,,,,,,,,,,,,,,,,,,,,,,,,,,,4.0,4.0,4.0,4.0,1.0,0.0,26.0,0.0,0.0,0.8,0.0,0.0,0.0,0.0,1.0,0.0,26.0,0.0,0.0,0.8,-4.0,-4.0,-4.0,-4.0,1.0,0.0,26.0,0.0,0.0,0.8,1008.7,1008.7,1008.7,1008.7,1.0,0.0,26.0,0.0,0.0,0.8,,,,,,,,,,,,,,,,,,,,,,,,,,,,,,,,,,,,,,,,,,,,,,,,,,,,,,,,,,,,,,,,,,,,,,,,,,,,,,,,,,,,,,,,,,,,,,,,,,,,,,,,,,,,,,,,,,,,,,,,,,,,,,,,,,,,,,,,,,,,,,,,,,,,,,
1974,2,93.0,-65.0,0.3,0.3,0.3,0.3,1.0,0.0,24.0,1.0,0.4,0.7,0.2,0.2,0.2,0.2,1.0,0.0,24.0,1.0,0.4,0.7,3.25,3.25,3.25,3.25,1.0,0.0,24.0,1.0,0.4,0.7,82.7,82.7,82.7,82.7,1.0,0.0,24.0,1.0,0.7,1.0,1.0,1.0,1.0,1.0,0.0,24.0,1.0,0.4,0.7,1.0,1.0,1.0,1.0,1.0,0.0,24.0,1.0,0.4,0.7,0.0,0.0,0.0,0.0,1.0,0.0,24.0,1.0,0.4,0.7,987.5,987.5,987.5,987.5,1.0,0.0,24.0,1.0,0.4,0.7,6.0,6.0,6.0,6.0,1.0,0.0,24.0,1.0,0.4,0.7,1.0,1.0,1.0,1.0,1.0,0.0,24.0,1.0,0.4,0.7,0.0,0.0,0.0,0.0,1.0,0.0,24.0,1.0,0.4,0.7,0.1,0.1,0.1,0.1,1.0,0.0,24.0,1.0,0.4,0.7,0.1,0.1,0.1,0.1,1.0,0.0,24.0,1.0,0.4,0.7,0.71,0.71,0.71,0.71,1.0,0.0,24.0,1.0,0.4,0.7,0.7,0.7,0.7,0.7,1.0,0.0,24.0,1.0,0.4,0.7,0.2,0.2,0.2,0.2,1.0,0.0,24.0,1.0,0.4,0.7,0.0,0.0,0.0,0.0,1.0,0.0,24.0,1.0,0.4,0.7,3.2,3.2,3.2,3.2,1.0,0.0,24.0,1.0,0.4,0.7,0.0,0.0,0.0,0.0,1.0,0.0,24.0,1.0,0.4,0.7,0.7,0.7,0.7,0.7,1.0,0.0,24.0,1.0,0.4,0.7,0.0,0.0,0.0,0.0,1.0,0.0,24.0,1.0,0.4,0.7,1.0,1.0,1.0,1.0,1.0,0.0,24.0,1.0,0.4,0.7,0.0,0.0,0.0,0.0,1.0,0.0,24.0,1.0,0.4,0.7
1974,2,93.0,-52.0,,,,,,,,,,,,,,,,,,,,,,,,,,,,,,,,,,,,,,,,,,,,,,,,,,,,,,,,,,,,,,,,,,,,,,,,,,,,,,,,6.3,7.0,7.7,7.0,2.0,1.4,6.0,1.0,0.8,0.4,205.9,239.6,273.3,239.6,2.0,69.8,6.0,1.0,0.8,0.4,-28.2,-16.8,-5.3,-16.8,2.0,23.7,6.0,1.0,0.8,0.4,,,,,,,,,,,,,,,,,,,,,,,,,,,,,,,,,,,,,,,,,,,,,,,,,,,,,,,,,,,,,,,,,,,,,,,,,,,,,,,,,,,,,,,,,,,,,,,,,,,,,,,,,,,,,,,,,,,,,,,,
1974,2,93.0,-50.0,5.5,5.5,5.5,5.5,1.0,0.0,20.0,0.0,0.6,0.5,5.5,5.5,5.5,5.5,1.0,0.0,20.0,0.0,0.6,0.5,3.77,3.77,3.77,3.77,1.0,0.0,20.0,0.0,0.6,0.5,67.7,67.7,67.7,67.7,1.0,0.0,20.0,0.0,0.5,2.6,2.6,2.6,2.6,1.0,0.0,20.0,0.0,0.6,0.5,2.6,2.6,2.6,2.6,1.0,0.0,20.0,0.0,0.6,0.5,0.0,0.0,0.0,0.0,1.0,0.0,20.0,0.0,0.6,0.5,1014.8,1014.8,1014.8,1014.8,1.0,0.0,20.0,0.0,0.6,0.5,5.0,5.0,5.0,5.0,1.0,0.0,20.0,0.0,0.6,0.5,6.8,6.8,6.8,6.8,1.0,0.0,20.0,0.0,0.6,0.5,0.0,0.0,0.0,0.0,1.0,0.0,20.0,0.0,0.6,0.5,0.0,0.0,0.0,0.0,1.0,0.0,20.0,0.0,0.6,0.5,0.0,0.0,0.0,0.0,1.0,0.0,20.0,0.0,0.6,0.5,1.81,1.81,1.81,1.81,1.0,0.0,20.0,0.0,0.6,0.5,4.7,4.7,4.7,4.7,1.0,0.0,20.0,0.0,0.6,0.5,14.3,14.3,14.3,14.3,1.0,0.0,20.0,0.0,0.6,0.5,0.0,0.0,0.0,0.0,1.0,0.0,20.0,0.0,0.6,0.5,9.8,9.8,9.8,9.8,1.0,0.0,20.0,0.0,0.6,0.5,0.0,0.0,0.0,0.0,1.0,0.0,20.0,0.0,0.6,0.5,4.7,4.7,4.7,4.7,1.0,0.0,20.0,0.0,0.6,0.5,0.0,0.0,0.0,0.0,1.0,0.0,20.0,0.0,0.6,0.5,17.5,17.5,17.5,17.5,1.0,0.0,20.0,0.0,0.6,0.5,20.0,20.0,20.0,20.0,1.0,0.0,20.0,0.0,0.6,0.5
1974,2,93.0,-49.0,5.5,5.5,5.5,5.5,1.0,0.0,20.0,0.0,0.6,0.5,5.5,5.5,5.5,5.5,1.0,0.0,20.0,0.0,0.6,0.5,3.85,3.85,3.85,3.85,1.0,0.0,20.0,0.0,0.6,0.5,69.2,69.2,69.2,69.2,1.0,0.0,20.0,0.0,0.5,2.6,2.6,2.6,2.6,1.0,0.0,20.0,0.0,0.6,0.5,2.6,2.6,2.6,2.6,1.0,0.0,20.0,0.0,0.6,0.5,0.0,0.0,0.0,0.0,1.0,0.0,20.0,0.0,0.6,0.5,1014.8,1014.8,1014.8,1014.8,1.0,0.0,20.0,0.0,0.6,0.5,5.0,5.0,5.0,5.0,1.0,0.0,20.0,0.0,0.6,0.5,6.8,6.8,6.8,6.8,1.0,0.0,20.0,0.0,0.6,0.5,0.0,0.0,0.0,0.0,1.0,0.0,20.0,0.0,0.6,0.5,0.0,0.0,0.0,0.0,1.0,0.0,20.0,0.0,0.6,0.5,0.0,0.0,0.0,0.0,1.0,0.0,20.0,0.0,0.6,0.5,1.72,1.72,1.72,1.72,1.0,0.0,20.0,0.0,0.6,0.5,4.5,4.5,4.5,4.5,1.0,0.0,20.0,0.0,0.6,0.5,14.3,14.3,14.3,14.3,1.0,0.0,20.0,0.0,0.6,0.5,0.0,0.0,0.0,0.0,1.0,0.0,20.0,0.0,0.6,0.5,10.0,10.0,10.0,10.0,1.0,0.0,20.0,0.0,0.6,0.5,0.0,0.0,0.0,0.0,1.0,0.0,20.0,0.0,0.6,0.5,4.5,4.5,4.5,4.5,1.0,0.0,20.0,0.0,0.6,0.5,0.0,0.0,0.0,0.0,1.0,0.0,20.0,0.0,0.6,0.5,17.5,17.5,17.5,17.5,1.0,0.0,20.0,0.0,0.6,0.5,20.0,20.0,20.0,20.0,1.0,0.0,20.0,0.0,0.6,0.5
1974,2,93.0,-42.0,13.6,13.6,13.6,13.6,1.0,0.0,2.0,1.0,0.1,0.6,10.5,10.5,10.5,10.5,1.0,0.0,2.0,1.0,0.1,0.6,4.62,4.62,4.62,4.62,1.0,0.0,2.0,1.0,0.1,0.6,58.9,58.9,58.9,58.9,1.0,0.0,2.0,1.0,0.6,,,,,,,,,,,,,,,,,,,,,,,,,,,,,,,,,,,,,,,,,,,,,,,,,,,,,,,,,,,,,,,,,,,,,,,,,,,,,,,,,,,,,,,,,,,,,,,,,,,,,,,,,,,,,,,,,,,,,,,,,,,,,,,,,,,,,,,,,,,,,,,,,,,,,,,,,,,,,,,,,,,,,,,,,,,,,,,,,,,,,,,,,,,,,,
1974,2,93.0,-40.0,15.16,15.5,15.84,15.5,2.0,0.71,8.0,0.0,0.4,0.4,12.29,12.9,13.51,12.9,2.0,1.27,8.0,0.0,0.4,0.4,5.06,5.26,5.47,5.26,2.0,0.42,8.0,0.0,0.4,0.4,58.1,58.3,58.4,58.3,2.0,0.3,8.0,0.0,0.4,3.41,5.15,6.89,5.15,2.0,3.61,8.0,0.0,0.4,0.4,1.54,1.97,2.4,1.97,2.0,0.89,8.0,0.0,0.4,0.4,1.2,3.79,6.38,3.79,2.0,5.36,8.0,0.0,0.4,0.4,1032.56,1032.9,1033.24,1032.9,2.0,0.71,8.0,0.0,0.4,0.4,8.0,8.0,8.0,8.0,2.0,0.0,8.0,0.0,0.4,0.4,7.3,8.5,9.7,8.5,2.0,2.5,8.0,0.0,0.4,0.4,9.3,29.2,49.1,29.2,2.0,41.3,8.0,0.0,0.4,0.4,2.33,2.6,2.87,2.6,2.0,0.57,8.0,0.0,0.4,0.4,8.5,14.4,20.3,14.4,2.0,12.3,8.0,0.0,0.4,0.4,5.42,5.46,5.49,5.46,2.0,0.08,8.0,0.0,0.4,0.4,18.7,28.0,37.3,28.0,2.0,19.3,8.0,0.0,0.4,0.4,19.2,26.0,32.7,26.0,2.0,14.0,8.0,0.0,0.4,0.4,14.4,45.5,76.6,45.5,2.0,64.3,8.0,0.0,0.4,0.4,7.9,10.5,13.2,10.5,2.0,5.5,8.0,0.0,0.4,0.4,6.0,18.8,31.7,18.8,2.0,26.6,8.0,0.0,0.4,0.4,8.4,10.8,13.2,10.8,2.0,5.0,8.0,0.0,0.4,0.4,6.5,20.5,34.5,20.5,2.0,29.0,8.0,0.0,0.4,0.4,87.0,237.0,387.0,237.0,2.0,310.5,8.0,0.0,0.4,0.4,85.0,235.0,385.0,235.0,2.0,310.0,8.0,0.0,0.4,0.4
1974,2,93.0,-34.0,18.2,18.2,18.2,18.2,1.0,0.0,2.0,1.0,0.2,0.5,17.0,17.0,17.0,17.0,1.0,0.0,2.0,1.0,0.2,0.5,5.48,5.48,5.48,5.48,1.0,0.0,2.0,1.0,0.2,0.5,46.0,46.0,46.0,46.0,1.0,0.0,2.0,1.0,0.5,8.7,8.7,8.7,8.7,1.0,0.0,2.0,1.0,0.2,0.5,-1.51,-1.51,-1.51,-1.51,1.0,0.0,2.0,1.0,0.2,0.5,8.57,8.57,8.57,8.57,1.0,0.0,2.0,1.0,0.2,0.5,1019.6,1019.6,1019.6,1019.6,1.0,0.0,2.0,1.0,0.2,0.5,7.0,7.0,7.0,7.0,1.0,0.0,2.0,1.0,0.2,0.5,-13.1,-13.1,-13.1,-13.1,1.0,0.0,2.0,1.0,0.2,0.5,74.5,74.5,74.5,74.5,1.0,0.0,2.0,1.0,0.2,0.5,1.2,1.2,1.2,1.2,1.0,0.0,2.0,1.0,0.2,0.5,10.4,10.4,10.4,10.4,1.0,0.0,2.0,1.0,0.2,0.5,7.43,7.43,7.43,7.43,1.0,0.0,2.0,1.0,0.2,0.5,64.6,64.6,64.6,64.6,1.0,0.0,2.0,1.0,0.2,0.5,-25.7,-25.7,-25.7,-25.7,1.0,0.0,2.0,1.0,0.2,0.5,145.7,145.7,145.7,145.7,1.0,0.0,2.0,1.0,0.2,0.5,-8.3,-8.3,-8.3,-8.3,1.0,0.0,2.0,1.0,0.2,0.5,46.9,46.9,46.9,46.9,1.0,0.0,2.0,1.0,0.2,0.5,-11.2,-11.2,-11.2,-11.2,1.0,0.0,2.0,1.0,0.2,0.5,63.6,63.6,63.6,63.6,1.0,0.0,2.0,1.0,0.2,0.5,658.5,658.5,658.5,658.5,1.0,0.0,2.0,1.0,0.2,0.5,660.0,660.0,660.0,660.0,1.0,0.0,2.0,1.0,0.2,0.5
1974,2,93.0,-32.0,21.0,21.0,21.0,21.0,1.0,0.0,22.0,0.0,0.1,0.3,19.5,19.5,19.5,19.5,1.0,0.0,22.0,0.0,0.1,0.3,12.12,12.12,12.12,12.12,1.0,0.0,22.0,0.0,0.1,0.3,86.6,86.6,86.6,86.6,1.0,0.0,22.0,0.0,0.3,6.2,6.2,6.2,6.2,1.0,0.0,22.0,0.0,0.1,0.3,-4.75,-4.75,-4.75,-4.75,1.0,0.0,22.0,0.0,0.1,0.3,-3.99,-3.99,-3.99,-3.99,1.0,0.0,22.0,0.0,0.1,0.3,1018.9,1018.9,1018.9,1018.9,1.0,0.0,22.0,0.0,0.1,0.3,8.0,8.0,8.0,8.0,1.0,0.0,22.0,0.0,0.1,0.3,-29.4,-29.4,-29.4,-29.4,1.0,0.0,22.0,0.0,0.1,0.3,-24.7,-24.7,-24.7,-24.7,1.0,0.0,22.0,0.0,0.1,0.3,1.5,1.5,1.5,1.5,1.0,0.0,22.0,0.0,0.1,0.3,9.3,9.3,9.3,9.3,1.0,0.0,22.0,0.0,0.1,0.3,3.27,3.27,3.27,3.27,1.0,0.0,22.0,0.0,0.1,0.3,20.3,20.3,20.3,20.3,1.0,0.0,22.0,0.0,0.1,0.3,-92.6,-92.6,-92.6,-92.6,1.0,0.0,22.0,0.0,0.1,0.3,-77.7,-77.7,-77.7,-77.7,1.0,0.0,22.0,0.0,0.1,0.3,-57.5,-57.5,-57.5,-57.5,1.0,0.0,22.0,0.0,0.1,0.3,-48.3,-48.3,-48.3,-48.3,1.0,0.0,22.0,0.0,0.1,0.3,-15.5,-15.5,-15.5,-15.5,1.0,0.0,22.0,0.0,0.1,0.3,-13.0,-13.0,-13.0,-13.0,1.0,0.0,22.0,0.0,0.1,0.3,238.5,238.5,238.5,238.5,1.0,0.0,22.0,0.0,0.1,0.3,240.0,240.0,240.0,240.0,1.0,0.0,22.0,0.0,0.1,0.3
1974,2,93.0,-25.0,23.1,23.1,23.1,23.1,1.0,0.0,26.0,1.0,0.9,0.3,24.2,24.2,24.2,24.2,1.0,0.0,26.0,1.0,0.9,0.3,12.24,12.24,12.24,12.24,1.0,0.0,26.0,1.0,0.9,0.3,65.4,65.4,65.4,65.4,1.0,0.0,26.0,1.0,0.3,5.1,5.1,5.1,5.1,1.0,0.0,26.0,1.0,0.9,0.3,-3.91,-3.91,-3.91,-3.91,1.0,0.0,26.0,1.0,0.9,0.3,3.28,3.28,3.28,3.28,1.0,0.0,26.0,1.0,0.9,0.3,1014.6,1014.6,1014.6,1014.6,1.0,0.0,26.0,1.0,0.9,0.3,5.0,5.0,5.0,5.0,1.0,0.0,26.0,1.0,0.9,0.3,-19.9,-19.9,-19.9,-19.9,1.0,0.0,26.0,1.0,0.9,0.3,16.7,16.7,16.7,16.7,1.0,0.0,26.0,1.0,0.9,0.3,-1.1,-1.1,-1.1,-1.1,1.0,0.0,26.0,1.0,0.9,0.3,-5.6,-5.6,-5.6,-5.6,1.0,0.0,26.0,1.0,0.9,0.3,5.35,5.35,5.35,5.35,1.0,0.0,26.0,1.0,0.9,0.3,27.3,27.3,27.3,27.3,1.0,0.0,26.0,1.0,0.9,0.3,-94.5,-94.5,-94.5,-94.5,1.0,0.0,26.0,1.0,0.9,0.3,79.3,79.3,79.3,79.3,1.0,0.0,26.0,1.0,0.9,0.3,-47.8,-47.8,-47.8,-47.8,1.0,0.0,26.0,1.0,0.9,0.3,40.1,40.1,40.1,40.1,1.0,0.0,26.0,1.0,0.9,0.3,-20.9,-20.9,-20.9,-20.9,1.0,0.0,26.0,1.0,0.9,0.3,17.5,17.5,17.5,17.5,1.0,0.0,26.0,1.0,0.9,0.3,132.5,132.5,132.5,132.5,1.0,0.0,26.0,1.0,0.9,0.3,135.0,135.0,135.0,135.0,1.0,0.0,26.0,1.0,0.9,0.3
1974,2,93.0,-22.0,25.2,25.2,25.2,25.2,1.0,0.0,8.0,1.0,0.2,0.4,23.5,23.5,23.5,23.5,1.0,0.0,8.0,1.0,0.2,0.4,14.17,14.17,14.17,14.17,1.0,0.0,8.0,1.0,0.2,0.4,78.8,78.8,78.8,78.8,1.0,0.0,8.0,1.0,0.4,12.4,12.4,12.4,12.4,1.0,0.0,8.0,1.0,0.2,0.4,-9.5,-9.5,-9.5,-9.5,1.0,0.0,8.0,1.0,0.2,0.4,7.97,7.97,7.97,7.97,1.0,0.0,8.0,1.0,0.2,0.4,1013.8,1013.8,1013.8,1013.8,1.0,0.0,8.0,1.0,0.2,0.4,7.0,7.0,7.0,7.0,1.0,0.0,8.0,1.0,0.2,0.4,-117.8,-117.8,-117.8,-117.8,1.0,0.0,8.0,1.0,0.2,0.4,98.8,98.8,98.8,98.8,1.0,0.0,8.0,1.0,0.2,0.4,1.7,1.7,1.7,1.7,1.0,0.0,8.0,1.0,0.2,0.4,21.1,21.1,21.1,21.1,1.0,0.0,8.0,1.0,0.2,0.4,5.83,5.83,5.83,5.83,1.0,0.0,8.0,1.0,0.2,0.4,72.3,72.3,72.3,72.3,1.0,0.0,8.0,1.0,0.2,0.4,-223.2,-223.2,-223.2,-223.2,1.0,0.0,8.0,1.0,0.2,0.4,187.3,187.3,187.3,187.3,1.0,0.0,8.0,1.0,0.2,0.4,-134.6,-134.6,-134.6,-134.6,1.0,0.0,8.0,1.0,0.2,0.4,113.0,113.0,113.0,113.0,1.0,0.0,8.0,1.0,0.2,0.4,-55.4,-55.4,-55.4,-55.4,1.0,0.0,8.0,1.0,0.2,0.4,46.5,46.5,46.5,46.5,1.0,0.0,8.0,1.0,0.2,0.4,1906.5,1906.5,1906.5,1906.5,1.0,0.0,8.0,1.0,0.2,0.4,1905.0,1905.0,1905.0,1905.0,1.0,0.0,8.0,1.0,0.2,0.4
1974,2,93.0,-16.0,27.0,27.0,27.0,27.0,1.0,0.0,6.0,1.0,0.4,0.5,26.4,26.4,26.4,26.4,1.0,0.0,6.0,1.0,0.4,0.5,15.84,15.84,15.84,15.84,1.0,0.0,6.0,1.0,0.4,0.5,73.6,73.6,73.6,73.6,1.0,0.0,6.0,1.0,0.5,6.7,6.7,6.7,6.7,1.0,0.0,6.0,1.0,0.4,0.5,-5.13,-5.13,-5.13,-5.13,1.0,0.0,6.0,1.0,0.4,0.5,4.31,4.31,4.31,4.31,1.0,0.0,6.0,1.0,0.4,0.5,1008.8,1008.8,1008.8,1008.8,1.0,0.0,6.0,1.0,0.4,0.5,6.0,6.0,6.0,6.0,1.0,0.0,6.0,1.0,0.4,0.5,-34.4,-34.4,-34.4,-34.4,1.0,0.0,6.0,1.0,0.4,0.5,28.9,28.9,28.9,28.9,1.0,0.0,6.0,1.0,0.4,0.5,0.6,0.6,0.6,0.6,1.0,0.0,6.0,1.0,0.4,0.5,4.0,4.0,4.0,4.0,1.0,0.0,6.0,1.0,0.4,0.5,6.56,6.56,6.56,6.56,1.0,0.0,6.0,1.0,0.4,0.5,43.9,43.9,43.9,43.9,1.0,0.0,6.0,1.0,0.4,0.5,-135.5,-135.5,-135.5,-135.5,1.0,0.0,6.0,1.0,0.4,0.5,113.7,113.7,113.7,113.7,1.0,0.0,6.0,1.0,0.4,0.5,-81.3,-81.3,-81.3,-81.3,1.0,0.0,6.0,1.0,0.4,0.5,68.2,68.2,68.2,68.2,1.0,0.0,6.0,1.0,0.4,0.5,-33.7,-33.7,-33.7,-33.7,1.0,0.0,6.0,1.0,0.4,0.5,28.2,28.2,28.2,28.2,1.0,0.0,6.0,1.0,0.4,0.5,301.0,301.0,301.0,301.0,1.0,0.0,6.0,1.0,0.4,0.5,300.0,300.0,300.0,300.0,1.0,0.0,6.0,1.0,0.4,0.5
1974,2,93.0,-14.0,26.94,27.5,28.62,27.72,5.0,0.99,12.0,0.6,0.4,0.6,26.4,26.8,27.8,27.1,5.0,0.88,12.0,0.6,0.4,0.6,16.45,18.58,19.8,18.23,5.0,1.72,12.0,0.6,0.4,0.6,76.3,81.2,84.4,80.9,5.0,5.1,12.0,0.6,0.6,2.2,6.2,6.93,4.94,5.0,2.79,12.0,0.6,0.4,0.6,-5.96,-2.44,-1.86,-3.76,5.0,2.72,12.0,0.6,0.4,0.6,-2.45,0.89,2.36,-0.01,5.0,3.64,12.0,0.6,0.4,0.6,1006.13,1007.2,1008.98,1007.5,5.0,1.5,12.0,0.6,0.4,0.6,2.6,4.0,6.7,4.6,5.0,2.4,12.0,0.6,0.4,0.6,-42.9,-13.1,-4.8,-23.5,5.0,26.1,12.0,0.6,0.4,0.6,-13.7,2.3,16.4,0.4,5.0,22.7,12.0,0.6,0.4,0.6,0.29,0.5,1.04,0.62,5.0,0.42,12.0,0.6,0.4,0.6,1.3,2.5,2.9,2.2,5.0,1.0,12.0,0.6,0.4,0.6,4.44,5.3,6.08,5.2,5.0,1.33,12.0,0.6,0.4,0.6,14.1,18.9,36.5,24.2,5.0,13.8,12.0,0.6,0.4,0.6,-163.8,-64.5,-50.2,-101.7,5.0,72.4,12.0,0.6,0.4,0.6,-65.9,23.5,65.3,0.9,5.0,99.3,12.0,0.6,0.4,0.6,-108.8,-41.7,-35.1,-67.2,5.0,45.1,12.0,0.6,0.4,0.6,-47.9,14.6,44.0,-1.3,5.0,71.3,12.0,0.6,0.4,0.6,-31.4,-16.2,-7.5,-19.7,5.0,14.8,12.0,0.6,0.4,0.6,-8.4,5.9,12.4,2.7,5.0,14.3,12.0,0.6,0.4,0.6,12.5,238.5,352.5,210.0,5.0,222.5,12.0,0.6,0.4,0.6,10.0,240.0,355.0,210.0,5.0,220.0,12.0,0.6,0.4,0.6
1974,2,93.0,-13.0,27.03,27.3,27.78,27.4,3.0,0.56,10.0,0.7,0.5,0.4,24.49,26.2,27.77,26.13,3.0,2.4,10.0,0.7,0.5,0.4,16.38,17.36,21.33,18.82,3.0,3.84,10.0,0.7,0.5,0.4,81.1,94.3,94.6,88.0,3.0,11.3,10.0,0.7,0.4,5.1,5.1,5.1,5.1,2.0,0.0,4.0,0.5,0.6,0.6,-4.24,-3.85,-3.46,-3.85,2.0,0.81,4.0,0.5,0.6,0.6,2.77,3.23,3.69,3.23,2.0,0.96,4.0,0.5,0.6,0.6,1005.65,1009.4,1009.47,1007.6,3.0,3.2,10.0,0.7,0.5,0.4,5.3,6.0,7.4,6.3,3.0,1.5,10.0,0.7,0.5,0.4,-21.6,-19.6,-17.6,-19.6,2.0,4.1,4.0,0.5,0.6,0.6,14.1,16.5,18.8,16.5,2.0,4.9,4.0,0.5,0.6,0.6,-0.12,0.7,2.68,1.27,3.0,2.11,10.0,0.7,0.5,0.4,5.9,11.0,16.0,11.0,2.0,10.5,4.0,0.5,0.6,0.6,2.2,5.42,6.04,4.15,3.0,3.02,10.0,0.7,0.5,0.4,28.4,29.9,31.5,29.9,2.0,3.2,4.0,0.5,0.6,0.6,-109.7,-96.7,-83.7,-96.7,2.0,26.9,4.0,0.5,0.6,0.6,70.9,79.7,88.5,79.7,2.0,18.2,4.0,0.5,0.6,0.6,-68.2,-63.6,-59.0,-63.6,2.0,9.5,4.0,0.5,0.6,0.6,44.9,54.2,63.5,54.2,2.0,19.2,4.0,0.5,0.6,0.6,-26.3,-22.8,-19.4,-22.8,2.0,7.2,4.0,0.5,0.6,0.6,16.9,18.7,20.4,18.7,2.0,3.6,4.0,0.5,0.6,0.6,132.5,132.5,132.5,132.5,2.0,0.0,4.0,0.5,0.6,0.6,135.0,135.0,135.0,135.0,2.0,0.0,4.0,0.5,0.6,0.6
1974,2,93.0,-11.0,27.6,27.6,27.6,27.6,1.0,0.0,10.0,1.0,0.3,0.3,27.8,27.8,27.8,27.8,1.0,0.0,10.0,1.0,0.3,0.3,18.67,18.67,18.67,18.67,1.0,0.0,10.0,1.0,0.3,0.3,79.8,79.8,79.8,79.8,1.0,0.0,10.0,1.0,0.3,6.7,6.7,6.7,6.7,1.0,0.0,10.0,1.0,0.3,0.3,-1.16,-1.16,-1.16,-1.16,1.0,0.0,10.0,1.0,0.3,0.3,6.6,6.6,6.6,6.6,1.0,0.0,10.0,1.0,0.3,0.3,1009.9,1009.9,1009.9,1009.9,1.0,0.0,10.0,1.0,0.3,0.3,3.0,3.0,3.0,3.0,1.0,0.0,10.0,1.0,0.3,0.3,-7.8,-7.8,-7.8,-7.8,1.0,0.0,10.0,1.0,0.3,0.3,44.2,44.2,44.2,44.2,1.0,0.0,10.0,1.0,0.3,0.3,-0.2,-0.2,-0.2,-0.2,1.0,0.0,10.0,1.0,0.3,0.3,-1.3,-1.3,-1.3,-1.3,1.0,0.0,10.0,1.0,0.3,0.3,4.51,4.51,4.51,4.51,1.0,0.0,10.0,1.0,0.3,0.3,30.2,30.2,30.2,30.2,1.0,0.0,10.0,1.0,0.3,0.3,-32.3,-32.3,-32.3,-32.3,1.0,0.0,10.0,1.0,0.3,0.3,183.4,183.4,183.4,183.4,1.0,0.0,10.0,1.0,0.3,0.3,-21.7,-21.7,-21.7,-21.7,1.0,0.0,10.0,1.0,0.3,0.3,123.2,123.2,123.2,123.2,1.0,0.0,10.0,1.0,0.3,0.3,-5.2,-5.2,-5.2,-5.2,1.0,0.0,10.0,1.0,0.3,0.3,29.8,29.8,29.8,29.8,1.0,0.0,10.0,1.0,0.3,0.3,301.0,301.0,301.0,301.0,1.0,0.0,10.0,1.0,0.3,0.3,300.0,300.0,300.0,300.0,1.0,0.0,10.0,1.0,0.3,0.3
1974,2,93.0,-10.0,27.2,27.2,27.2,27.2,1.0,0.0,6.0,0.0,0.4,0.8,26.64,27.6,28.56,27.6,2.0,1.98,10.0,0.5,0.3,0.5,17.38,18.02,18.66,18.02,2.0,1.32,10.0,0.5,0.3,0.5,76.1,77.7,79.3,77.7,2.0,3.4,10.0,0.5,0.5,0.65,2.05,3.45,2.05,2.0,2.9,10.0,0.5,0.3,0.5,0.42,1.32,2.22,1.32,2.0,1.86,10.0,0.5,0.3,0.5,0.5,1.57,2.64,1.57,2.0,2.22,10.0,0.5,0.3,0.5,1006.92,1006.95,1006.98,1006.95,2.0,0.07,10.0,0.5,0.3,0.5,8.0,8.0,8.0,8.0,2.0,0.0,10.0,0.5,0.3,0.5,1.7,5.4,9.1,5.4,2.0,7.6,10.0,0.5,0.3,0.5,2.0,6.4,10.8,6.4,2.0,9.1,10.0,0.5,0.3,0.5,-1.8,-1.8,-1.8,-1.8,1.0,0.0,6.0,0.0,0.4,0.8,0.0,0.0,0.0,0.0,1.0,0.0,6.0,0.0,0.4,0.8,3.75,3.75,3.75,3.75,1.0,0.0,6.0,0.0,0.4,0.8,0.0,0.0,0.0,0.0,1.0,0.0,6.0,0.0,0.4,0.8,11.0,34.5,58.1,34.5,2.0,48.8,10.0,0.5,0.3,0.5,13.1,41.1,69.2,41.1,2.0,58.2,10.0,0.5,0.3,0.5,7.1,22.5,37.9,22.5,2.0,31.8,10.0,0.5,0.3,0.5,8.5,26.8,45.1,26.8,2.0,37.9,10.0,0.5,0.3,0.5,0.0,0.0,0.0,0.0,1.0,0.0,6.0,0.0,0.4,0.8,0.0,0.0,0.0,0.0,1.0,0.0,6.0,0.0,0.4,0.8,11.0,34.5,58.0,34.5,2.0,48.5,10.0,0.5,0.3,0.5,10.0,35.0,60.0,35.0,2.0,50.0,10.0,0.5,0.3,0.5
1974,2,93.0,-9.0,,,,,,,,,,,,,,,,,,,,,,,,,,,,,,,,,,,,,,,,10.3,10.3,10.3,10.3,1.0,0.0,22.0,1.0,0.3,0.8,10.14,10.14,10.14,10.14,1.0,0.0,22.0,1.0,0.3,0.8,-1.79,-1.79,-1.79,-1.79,1.0,0.0,22.0,1.0,0.3,0.8,1005.0,1005.0,1005.0,1005.0,1.0,0.0,22.0,1.0,0.3,0.8,,,,,,,,,,,,,,,,,,,,,,,,,,,,,,,,,,,,,,,,,,,,,,,,,,,,,,,,,,,,,,,,,,,,,,,,,,,,,,,,,,,,,,,,,,,,,,,,,,,,,,,,,,,,,,,,,,,,,,,,,,,,,,,,,,,,,,,,,,,,,,,,,,,,,,
1974,2,93.0,-7.0,26.3,26.3,26.3,26.3,1.0,0.0,10.0,1.0,0.1,0.4,25.7,25.7,25.7,25.7,1.0,0.0,10.0,1.0,0.1,0.4,17.6,17.6,17.6,17.6,1.0,0.0,10.0,1.0,0.1,0.4,85.1,85.1,85.1,85.1,1.0,0.0,10.0,1.0,0.4,6.7,6.7,6.7,6.7,1.0,0.0,10.0,1.0,0.1,0.4,6.7,6.7,6.7,6.7,1.0,0.0,10.0,1.0,0.1,0.4,0.0,0.0,0.0,0.0,1.0,0.0,10.0,1.0,0.1,0.4,1008.0,1008.0,1008.0,1008.0,1.0,0.0,10.0,1.0,0.1,0.4,8.0,8.0,8.0,8.0,1.0,0.0,10.0,1.0,0.1,0.4,44.9,44.9,44.9,44.9,1.0,0.0,10.0,1.0,0.1,0.4,0.0,0.0,0.0,0.0,1.0,0.0,10.0,1.0,0.1,0.4,0.6,0.6,0.6,0.6,1.0,0.0,10.0,1.0,0.1,0.4,4.0,4.0,4.0,4.0,1.0,0.0,10.0,1.0,0.1,0.4,3.89,3.89,3.89,3.89,1.0,0.0,10.0,1.0,0.1,0.4,26.1,26.1,26.1,26.1,1.0,0.0,10.0,1.0,0.1,0.4,172.2,172.2,172.2,172.2,1.0,0.0,10.0,1.0,0.1,0.4,0.0,0.0,0.0,0.0,1.0,0.0,10.0,1.0,0.1,0.4,117.9,117.9,117.9,117.9,1.0,0.0,10.0,1.0,0.1,0.4,0.0,0.0,0.0,0.0,1.0,0.0,10.0,1.0,0.1,0.4,26.1,26.1,26.1,26.1,1.0,0.0,10.0,1.0,0.1,0.4,0.0,0.0,0.0,0.0,1.0,0.0,10.0,1.0,0.1,0.4,301.0,301.0,301.0,301.0,1.0,0.0,10.0,1.0,0.1,0.4,300.0,300.0,300.0,300.0,1.0,0.0,10.0,1.0,0.1,0.4
1974,2,93.0,-5.0,29.0,29.0,29.0,29.0,1.0,0.0,22.0,0.0,0.6,0.2,29.0,29.0,29.0,29.0,1.0,0.0,22.0,0.0,0.6,0.2,19.56,19.56,19.56,19.56,1.0,0.0,22.0,0.0,0.6,0.2,77.6,77.6,77.6,77.6,1.0,0.0,22.0,0.0,0.2,8.2,8.2,8.2,8.2,1.0,0.0,22.0,0.0,0.6,0.2,8.2,8.2,8.2,8.2,1.0,0.0,22.0,0.0,0.6,0.2,0.0,0.0,0.0,0.0,1.0,0.0,22.0,0.0,0.6,0.2,1006.0,1006.0,1006.0,1006.0,1.0,0.0,22.0,0.0,0.6,0.2,4.0,4.0,4.0,4.0,1.0,0.0,22.0,0.0,0.6,0.2,67.2,67.2,67.2,67.2,1.0,0.0,22.0,0.0,0.6,0.2,0.0,0.0,0.0,0.0,1.0,0.0,22.0,0.0,0.6,0.2,0.0,0.0,0.0,0.0,1.0,0.0,22.0,0.0,0.6,0.2,0.0,0.0,0.0,0.0,1.0,0.0,22.0,0.0,0.6,0.2,5.72,5.72,5.72,5.72,1.0,0.0,22.0,0.0,0.6,0.2,46.9,46.9,46.9,46.9,1.0,0.0,22.0,0.0,0.6,0.2,237.8,237.8,237.8,237.8,1.0,0.0,22.0,0.0,0.6,0.2,0.0,0.0,0.0,0.0,1.0,0.0,22.0,0.0,0.6,0.2,160.4,160.4,160.4,160.4,1.0,0.0,22.0,0.0,0.6,0.2,0.0,0.0,0.0,0.0,1.0,0.0,22.0,0.0,0.6,0.2,46.9,46.9,46.9,46.9,1.0,0.0,22.0,0.0,0.6,0.2,0.0,0.0,0.0,0.0,1.0,0.0,22.0,0.0,0.6,0.2,551.5,551.5,551.5,551.5,1.0,0.0,22.0,0.0,0.6,0.2,550.0,550.0,550.0,550.0,1.0,0.0,22.0,0.0,0.6,0.2
1974,2,93.0,-2.0,28.0,28.0,28.0,28.0,1.0,0.0,24.0,1.0,0.0,1.0,27.7,27.7,27.7,27.7,1.0,0.0,24.0,1.0,0.0,1.0,18.7,18.7,18.7,18.7,1.0,0.0,24.0,1.0,0.0,1.0,80.3,80.3,80.3,80.3,1.0,0.0,24.0,1.0,1.0,2.6,2.6,2.6,2.6,1.0,0.0,24.0,1.0,0.0,1.0,1.99,1.99,1.99,1.99,1.0,0.0,24.0,1.0,0.0,1.0,1.67,1.67,1.67,1.67,1.0,0.0,24.0,1.0,0.0,1.0,1008.3,1008.3,1008.3,1008.3,1.0,0.0,24.0,1.0,0.0,1.0,6.0,6.0,6.0,6.0,1.0,0.0,24.0,1.0,0.0,1.0,5.2,5.2,5.2,5.2,1.0,0.0,24.0,1.0,0.0,1.0,4.3,4.3,4.3,4.3,1.0,0.0,24.0,1.0,0.0,1.0,0.3,0.3,0.3,0.3,1.0,0.0,24.0,1.0,0.0,1.0,0.8,0.8,0.8,0.8,1.0,0.0,24.0,1.0,0.0,1.0,5.08,5.08,5.08,5.08,1.0,0.0,24.0,1.0,0.0,1.0,13.2,13.2,13.2,13.2,1.0,0.0,24.0,1.0,0.0,1.0,55.2,55.2,55.2,55.2,1.0,0.0,24.0,1.0,0.0,1.0,46.3,46.3,46.3,46.3,1.0,0.0,24.0,1.0,0.0,1.0,37.2,37.2,37.2,37.2,1.0,0.0,24.0,1.0,0.0,1.0,31.3,31.3,31.3,31.3,1.0,0.0,24.0,1.0,0.0,1.0,10.1,10.1,10.1,10.1,1.0,0.0,24.0,1.0,0.0,1.0,8.5,8.5,8.5,8.5,1.0,0.0,24.0,1.0,0.0,1.0,17.5,17.5,17.5,17.5,1.0,0.0,24.0,1.0,0.0,1.0,20.0,20.0,20.0,20.0,1.0,0.0,24.0,1.0,0.0,1.0
1974,2,93.0,4.0,27.15,27.9,28.89,28.03,16.0,1.02,16.0,0.6,0.3,0.6,26.41,27.2,28.76,27.52,17.0,1.29,16.0,0.5,0.3,0.6,17.49,17.81,18.68,17.95,15.0,0.75,16.0,0.6,0.3,0.6,70.8,79.2,82.5,77.8,15.0,6.1,16.0,0.6,0.6,1.11,3.1,5.96,3.52,15.0,2.0,16.0,0.5,0.3,0.6,-5.13,-2.64,-0.58,-2.6,15.0,2.12,16.0,0.5,0.3,0.6,-2.78,-0.87,2.21,-0.6,15.0,2.28,16.0,0.5,0.3,0.6,1008.09,1009.1,1010.25,1009.15,17.0,1.06,16.0,0.5,0.3,0.6,4.5,7.0,8.0,6.4,17.0,1.8,16.0,0.5,0.3,0.6,-31.7,-9.5,-0.6,-12.5,15.0,13.4,16.0,0.5,0.3,0.6,-16.2,-0.9,6.8,-2.7,15.0,12.3,16.0,0.5,0.3,0.6,-0.92,0.85,1.76,0.44,16.0,1.43,16.0,0.6,0.3,0.6,-4.1,0.7,7.3,1.5,14.0,7.4,16.0,0.6,0.3,0.6,4.75,5.74,7.72,6.02,15.0,1.38,16.0,0.6,0.3,0.6,5.9,17.9,30.4,21.7,13.0,15.0,16.0,0.6,0.3,0.6,-140.0,-77.2,-16.0,-71.0,15.0,59.4,16.0,0.5,0.3,0.6,-81.3,-23.6,65.9,-15.8,15.0,64.0,16.0,0.5,0.3,0.6,-95.6,-46.3,-8.9,-48.1,13.0,41.0,16.0,0.6,0.3,0.6,-32.8,-12.6,50.6,-5.8,13.0,41.2,16.0,0.6,0.3,0.6,-26.7,-17.4,-2.9,-16.6,13.0,15.2,16.0,0.6,0.3,0.6,-10.1,-3.1,14.0,-2.4,13.0,14.2,16.0,0.6,0.3,0.6,1.5,30.0,215.0,84.5,15.0,101.0,16.0,0.5,0.3,0.6,0.0,30.0,215.0,85.0,15.0,100.0,16.0,0.5,0.3,0.6
1974,2,93.0,5.0,26.97,27.5,28.01,27.51,13.0,0.59,18.0,0.4,0.6,0.4,25.21,26.5,27.69,26.53,14.0,1.36,18.0,0.4,0.6,0.4,16.99,18.0,18.46,17.7,12.0,1.11,18.0,0.3,0.6,0.4,75.4,82.7,89.9,82.3,13.0,6.9,18.0,0.4,0.4,4.1,6.2,7.59,5.62,15.0,2.24,18.0,0.5,0.6,0.4,-5.37,-4.42,-2.78,-4.18,15.0,1.7,18.0,0.5,0.6,0.4,-4.72,-3.1,-1.35,-3.27,15.0,2.4,18.0,0.5,0.6,0.4,1008.16,1009.8,1011.17,1009.82,14.0,1.81,16.0,0.4,0.5,0.4,3.2,6.0,7.8,5.4,15.0,2.3,18.0,0.5,0.6,0.4,-38.3,-22.5,-15.8,-26.0,15.0,14.9,18.0,0.5,0.6,0.4,-32.5,-19.2,-5.7,-22.2,15.0,22.2,18.0,0.5,0.6,0.4,-0.37,1.5,2.21,1.09,13.0,1.36,18.0,0.4,0.6,0.4,-1.6,3.6,15.4,5.6,13.0,7.8,18.0,0.4,0.6,0.4,4.75,5.45,6.34,5.45,12.0,1.26,18.0,0.3,0.6,0.4,20.3,28.2,39.7,29.6,12.0,15.4,18.0,0.3,0.6,0.4,-147.6,-111.7,-69.7,-109.9,14.0,46.0,18.0,0.4,0.6,0.4,-116.2,-81.1,-33.6,-76.6,14.0,52.3,18.0,0.4,0.6,0.4,-97.0,-76.5,-56.6,-73.1,12.0,30.4,18.0,0.3,0.6,0.4,-84.1,-51.1,-15.5,-50.4,12.0,36.6,18.0,0.3,0.6,0.4,-27.8,-23.2,-13.6,-22.8,12.0,12.3,18.0,0.3,0.6,0.4,-23.3,-12.9,-6.1,-15.6,12.0,14.5,18.0,0.3,0.6,0.4,69.0,238.5,438.0,250.0,15.0,237.5,18.0,0.5,0.6,0.4,70.0,240.0,440.0,250.0,15.0,240.0,18.0,0.5,0.6,0.4
1974,2,93.0,6.0,27.0,28.3,29.55,28.48,13.0,1.37,12.0,0.4,0.4,0.0,26.72,27.6,28.1,27.48,13.0,1.34,14.0,0.3,0.4,0.0,17.41,18.08,18.9,18.16,12.0,0.9,14.0,0.3,0.4,0.0,75.0,78.4,84.0,79.2,12.0,6.5,14.0,0.3,0.0,3.21,7.2,9.45,5.97,15.0,3.42,14.0,0.4,0.5,0.0,-8.56,-4.53,-1.54,-5.28,15.0,3.58,14.0,0.4,0.5,0.0,-2.24,-0.63,0.0,-1.1,15.0,2.46,14.0,0.4,0.5,0.0,1009.34,1009.5,1011.89,1010.39,15.0,1.7,14.0,0.4,0.5,0.0,3.1,5.0,6.0,4.9,14.0,1.5,14.0,0.4,0.4,0.0,-82.3,-20.8,-5.5,-42.1,15.0,39.8,14.0,0.4,0.5,0.0,-21.0,-0.8,0.0,-9.7,15.0,19.3,14.0,0.4,0.5,0.0,-0.35,1.4,2.83,1.15,12.0,1.98,12.0,0.3,0.4,0.0,-2.5,2.9,23.3,8.4,12.0,14.1,12.0,0.3,0.4,0.0,4.78,6.35,7.51,6.11,11.0,1.41,14.0,0.4,0.4,0.0,12.4,34.9,50.5,31.9,11.0,20.7,14.0,0.4,0.4,0.0,-236.2,-125.0,-33.0,-142.6,13.0,100.5,14.0,0.3,0.4,0.0,-69.4,-22.0,1.5,-33.2,13.0,72.9,14.0,0.3,0.4,0.0,-159.5,-71.0,-19.8,-90.5,12.0,70.3,14.0,0.3,0.4,0.0,-38.5,-6.7,2.7,-16.5,12.0,46.0,14.0,0.3,0.4,0.0,-50.2,-25.5,-6.0,-27.5,11.0,22.4,14.0,0.4,0.4,0.0,-11.6,-3.7,1.9,-4.6,11.0,13.8,14.0,0.4,0.4,0.0,33.5,373.0,854.5,402.5,15.0,440.5,14.0,0.4,0.5,0.0,35.0,375.0,855.0,405.0,15.0,440.0,14.0,0.4,0.5,0.0
1974,2,93.0,8.0,,,,,,,,,,,,,,,,,,,,,,,,,,,,,,,,,,,,,,,,2.56,4.85,7.14,4.85,2.0,4.74,26.0,0.5,0.7,0.5,-5.49,-3.79,-2.09,-3.79,2.0,3.52,26.0,0.5,0.7,0.5,-4.55,-3.01,-1.47,-3.01,2.0,3.2,26.0,0.5,0.7,0.5,1009.46,1009.8,1010.14,1009.8,2.0,0.71,26.0,0.5,0.7,0.5,,,,,,,,,,,,,,,,,,,,,,,,,,,,,,,,,,,,,,,,,,,,,,,,,,,,,,,,,,,,,,,,,,,,,,,,,,,,,,,,,,,,,,,,,,,,,,,,,,,,,,,,,,,,,,,,,,,,,,,,,,,,,,,,,,,,,,,,,,,,,,,,,,,,,,
1974,2,93.0,13.0,,,,,,,,,,,,,,,,,,,,,,,,,,,,,,,,,,,,,,,,3.6,3.6,3.6,3.6,1.0,0.0,6.0,1.0,0.9,0.5,1.8,1.8,1.8,1.8,1.0,0.0,6.0,1.0,0.9,0.5,-3.12,-3.12,-3.12,-3.12,1.0,0.0,6.0,1.0,0.9,0.5,1010.7,1010.7,1010.7,1010.7,1.0,0.0,6.0,1.0,0.9,0.5,,,,,,,,,,,,,,,,,,,,,,,,,,,,,,,,,,,,,,,,,,,,,,,,,,,,,,,,,,,,,,,,,,,,,,,,,,,,,,,,,,,,,,,,,,,,,,,,,,,,,,,,,,,,,,,,,,,,,,,,,,,,,,,,,,,,,,,,,,,,,,,,,,,,,,
1974,2,93.0,15.0,,,,,,,,,,,,,,,,,,,,,,,,,,,,,,,,,,,,,,,,7.0,7.0,7.0,7.0,1.0,0.0,16.0,0.0,0.1,0.7,-3.5,-3.5,-3.5,-3.5,1.0,0.0,16.0,0.0,0.1,0.7,-6.06,-6.06,-6.06,-6.06,1.0,0.0,16.0,0.0,0.1,0.7,1011.7,1011.7,1011.7,1011.7,1.0,0.0,16.0,0.0,0.1,0.7,,,,,,,,,,,,,,,,,,,,,,,,,,,,,,,,,,,,,,,,,,,,,,,,,,,,,,,,,,,,,,,,,,,,,,,,,,,,,,,,,,,,,,,,,,,,,,,,,,,,,,,,,,,,,,,,,,,,,,,,,,,,,,,,,,,,,,,,,,,,,,,,,,,,,,
1974,2,94.0,-67.0,,,,,,,,,,,,,,,,,,,,,,,,,,,,,,,,,,,,,,,,11.13,11.85,12.57,11.85,2.0,1.48,16.0,0.5,0.2,0.8,-12.3,-11.43,-10.55,-11.43,2.0,1.81,16.0,0.5,0.2,0.8,-1.3,0.73,2.75,0.73,2.0,4.2,16.0,0.5,0.2,0.8,983.21,983.65,984.09,983.65,2.0,0.92,16.0,0.5,0.2,0.8,,,,,,,,,,,,,,,,,,,,,,,,,,,,,,,,,,,,,,,,,,,,,,,,,,,,,,,,,,,,,,,,,,,,,,,,,,,,,,,,,,,,,,,,,,,,,,,,,,,,,,,,,,,,,,,,,,,,,,,,,,,,,,,,,,,,,,,,,,,,,,,,,,,,,,
1974,2,94.0,-64.0,,,,,,,,,,,,,,,,,,,,,,,,,,,,,,,,,,,,,,,,4.0,4.0,4.0,4.0,1.0,0.0,26.0,1.0,0.9,0.2,1.37,1.37,1.37,1.37,1.0,0.0,26.0,1.0,0.9,0.2,3.76,3.76,3.76,3.76,1.0,0.0,26.0,1.0,0.9,0.2,973.2,973.2,973.2,973.2,1.0,0.0,26.0,1.0,0.9,0.2,,,,,,,,,,,,,,,,,,,,,,,,,,,,,,,,,,,,,,,,,,,,,,,,,,,,,,,,,,,,,,,,,,,,,,,,,,,,,,,,,,,,,,,,,,,,,,,,,,,,,,,,,,,,,,,,,,,,,,,,,,,,,,,,,,,,,,,,,,,,,,,,,,,,,,
1974,2,94.0,-51.0,,,,,,,,,,,,,,,,,,,,,,,,,,,,,,,,,,,,,,,,,,,,,,,,,,,,,,,,,,,,,,,,,,,,,,,,,,,,,,,,7.0,7.0,7.0,7.0,1.0,0.0,6.0,1.0,0.9,0.1,207.4,207.4,207.4,207.4,1.0,0.0,6.0,1.0,0.9,0.1,0.0,0.0,0.0,0.0,1.0,0.0,6.0,1.0,0.9,0.1,,,,,,,,,,,,,,,,,,,,,,,,,,,,,,,,,,,,,,,,,,,,,,,,,,,,,,,,,,,,,,,,,,,,,,,,,,,,,,,,,,,,,,,,,,,,,,,,,,,,,,,,,,,,,,,,,,,,,,,,
1974,2,94.0,-43.0,,,,,,,,,,,,,,,,,,,,,,,,,,,,,,,,,,,,,,,,,,,,,,,,,,,,,,,,,,,,,,,,,,,,,,,,,,,,,,,,4.0,4.0,4.0,4.0,1.0,0.0,6.0,1.0,0.4,0.9,-10.6,-10.6,-10.6,-10.6,1.0,0.0,6.0,1.0,0.4,0.9,18.3,18.3,18.3,18.3,1.0,0.0,6.0,1.0,0.4,0.9,,,,,,,,,,,,,,,,,,,,,,,,,,,,,,,,,,,,,,,,,,,,,,,,,,,,,,,,,,,,,,,,,,,,,,,,,,,,,,,,,,,,,,,,,,,,,,,,,,,,,,,,,,,,,,,,,,,,,,,,
1974,2,94.0,-41.0,14.5,14.5,14.5,14.5,1.0,0.0,6.0,1.0,0.6,0.4,13.7,13.7,13.7,13.7,1.0,0.0,6.0,1.0,0.6,0.4,8.17,8.17,8.17,8.17,1.0,0.0,6.0,1.0,0.6,0.4,86.0,86.0,86.0,86.0,1.0,0.0,6.0,1.0,0.4,3.6,3.6,3.6,3.6,1.0,0.0,6.0,1.0,0.6,0.4,-2.31,-2.31,-2.31,-2.31,1.0,0.0,6.0,1.0,0.6,0.4,2.76,2.76,2.76,2.76,1.0,0.0,6.0,1.0,0.6,0.4,1035.5,1035.5,1035.5,1035.5,1.0,0.0,6.0,1.0,0.6,0.4,6.0,6.0,6.0,6.0,1.0,0.0,6.0,1.0,0.6,0.4,-8.3,-8.3,-8.3,-8.3,1.0,0.0,6.0,1.0,0.6,0.4,9.9,9.9,9.9,9.9,1.0,0.0,6.0,1.0,0.6,0.4,0.8,0.8,0.8,0.8,1.0,0.0,6.0,1.0,0.6,0.4,2.9,2.9,2.9,2.9,1.0,0.0,6.0,1.0,0.6,0.4,1.85,1.85,1.85,1.85,1.0,0.0,6.0,1.0,0.6,0.4,6.7,6.7,6.7,6.7,1.0,0.0,6.0,1.0,0.6,0.4,-31.7,-31.7,-31.7,-31.7,1.0,0.0,6.0,1.0,0.6,0.4,37.8,37.8,37.8,37.8,1.0,0.0,6.0,1.0,0.6,0.4,-18.9,-18.9,-18.9,-18.9,1.0,0.0,6.0,1.0,0.6,0.4,22.5,22.5,22.5,22.5,1.0,0.0,6.0,1.0,0.6,0.4,-4.3,-4.3,-4.3,-4.3,1.0,0.0,6.0,1.0,0.6,0.4,5.1,5.1,5.1,5.1,1.0,0.0,6.0,1.0,0.6,0.4,46.5,46.5,46.5,46.5,1.0,0.0,6.0,1.0,0.6,0.4,45.0,45.0,45.0,45.0,1.0,0.0,6.0,1.0,0.6,0.4
1974,2,94.0,-35.0,20.0,20.0,20.0,20.0,1.0,0.0,12.0,0.0,0.3,0.1,16.5,16.5,16.5,16.5,1.0,0.0,12.0,0.0,0.3,0.1,10.39,10.39,10.39,10.39,1.0,0.0,12.0,0.0,0.3,0.1,90.3,90.3,90.3,90.3,1.0,0.0,12.0,0.0,0.1,1.0,1.0,1.0,1.0,1.0,0.0,12.0,0.0,0.3,0.1,-0.94,-0.94,-0.94,-0.94,1.0,0.0,12.0,0.0,0.3,0.1,-0.34,-0.34,-0.34,-0.34,1.0,0.0,12.0,0.0,0.3,0.1,1025.0,1025.0,1025.0,1025.0,1.0,0.0,12.0,0.0,0.3,0.1,8.0,8.0,8.0,8.0,1.0,0.0,12.0,0.0,0.3,0.1,-0.9,-0.9,-0.9,-0.9,1.0,0.0,12.0,0.0,0.3,0.1,-0.3,-0.3,-0.3,-0.3,1.0,0.0,12.0,0.0,0.3,0.1,3.5,3.5,3.5,3.5,1.0,0.0,12.0,0.0,0.3,0.1,3.5,3.5,3.5,3.5,1.0,0.0,12.0,0.0,0.3,0.1,3.99,3.99,3.99,3.99,1.0,0.0,12.0,0.0,0.3,0.1,4.0,4.0,4.0,4.0,1.0,0.0,12.0,0.0,0.3,0.1,-15.5,-15.5,-15.5,-15.5,1.0,0.0,12.0,0.0,0.3,0.1,-5.6,-5.6,-5.6,-5.6,1.0,0.0,12.0,0.0,0.3,0.1,-9.8,-9.8,-9.8,-9.8,1.0,0.0,12.0,0.0,0.3,0.1,-3.6,-3.6,-3.6,-3.6,1.0,0.0,12.0,0.0,0.3,0.1,-3.7,-3.7,-3.7,-3.7,1.0,0.0,12.0,0.0,0.3,0.1,-1.4,-1.4,-1.4,-1.4,1.0,0.0,12.0,0.0,0.3,0.1,1.0,1.0,1.0,1.0,1.0,0.0,12.0,0.0,0.3,0.1,0.0,0.0,0.0,0.0,1.0,0.0,12.0,0.0,0.3,0.1
1974,2,94.0,-33.0,20.33,20.6,20.87,20.6,3.0,0.4,4.0,0.7,0.4,0.6,17.96,19.8,20.96,19.47,3.0,2.22,4.0,0.7,0.4,0.6,9.04,9.17,9.22,9.13,3.0,0.14,4.0,0.7,0.4,0.6,59.8,62.8,72.3,66.0,3.0,9.6,4.0,0.7,0.6,4.76,5.1,10.42,7.53,3.0,4.65,4.0,0.7,0.4,0.6,-2.03,-1.57,2.93,0.4,3.0,4.01,4.0,0.7,0.4,0.6,1.98,4.32,10.04,5.97,3.0,6.08,4.0,0.7,0.4,0.6,1015.15,1017.4,1023.07,1019.07,3.0,5.98,4.0,0.7,0.4,0.6,3.9,8.0,8.0,6.0,3.0,3.5,4.0,0.7,0.4,0.6,-22.0,-7.2,15.2,-3.5,3.0,27.4,4.0,0.7,0.4,0.6,9.4,19.9,118.2,62.8,3.0,87.9,4.0,0.7,0.4,0.6,-0.09,0.8,2.37,1.13,3.0,1.82,4.0,0.7,0.4,0.6,-0.3,4.1,28.6,13.9,3.0,22.8,4.0,0.7,0.4,0.6,5.64,6.11,6.11,5.88,3.0,0.4,4.0,0.7,0.4,0.6,29.1,31.2,57.6,43.1,3.0,23.3,4.0,0.7,0.4,0.6,-36.9,-33.8,57.1,9.1,3.0,78.3,4.0,0.7,0.4,0.6,41.5,92.9,177.8,109.2,3.0,100.8,4.0,0.7,0.4,0.6,-18.7,-14.4,26.2,3.3,3.0,36.3,4.0,0.7,0.4,0.6,18.0,39.6,92.7,55.0,3.0,56.3,4.0,0.7,0.4,0.6,-11.3,-9.6,17.9,3.0,3.0,24.0,4.0,0.7,0.4,0.6,12.1,26.4,55.4,33.6,3.0,32.3,4.0,0.7,0.4,0.6,108.5,132.5,1507.5,792.0,3.0,1173.0,4.0,0.7,0.4,0.6,110.0,135.0,1505.0,790.0,3.0,1175.0,4.0,0.7,0.4,0.6
1974,2,94.0,-32.0,19.82,20.3,20.78,20.3,2.0,0.99,18.0,0.5,0.2,0.3,18.55,18.65,18.75,18.65,2.0,0.21,18.0,0.5,0.2,0.3,11.13,11.2,11.26,11.2,2.0,0.14,18.0,0.5,0.2,0.3,83.7,84.6,85.5,84.6,2.0,1.9,18.0,0.5,0.3,5.35,5.9,6.45,5.9,2.0,1.13,18.0,0.5,0.2,0.3,-4.91,-4.66,-4.42,-4.66,2.0,0.51,18.0,0.5,0.2,0.3,0.07,2.12,4.18,2.12,2.0,4.26,18.0,0.5,0.2,0.3,1019.26,1021.1,1022.94,1021.1,2.0,3.82,18.0,0.5,0.2,0.3,4.6,6.0,7.4,6.0,2.0,2.8,18.0,0.5,0.2,0.3,-28.3,-27.2,-26.1,-27.2,2.0,2.3,18.0,0.5,0.2,0.3,1.7,14.9,28.2,14.9,2.0,27.5,18.0,0.5,0.2,0.3,1.07,1.65,2.23,1.65,2.0,1.2,18.0,0.5,0.2,0.3,6.5,9.1,11.6,9.1,2.0,5.2,18.0,0.5,0.2,0.3,3.12,3.52,3.92,3.52,2.0,0.82,18.0,0.5,0.2,0.3,19.9,20.3,20.7,20.3,2.0,0.9,18.0,0.5,0.2,0.3,-91.0,-86.9,-82.9,-86.9,2.0,8.5,18.0,0.5,0.2,0.3,1.5,40.1,78.6,40.1,2.0,79.8,18.0,0.5,0.2,0.3,-55.3,-52.3,-49.2,-52.3,2.0,6.3,18.0,0.5,0.2,0.3,0.6,23.5,46.3,23.5,2.0,47.3,18.0,0.5,0.2,0.3,-19.3,-16.6,-13.9,-16.6,2.0,5.6,18.0,0.5,0.2,0.3,-0.7,5.7,12.1,5.7,2.0,13.2,18.0,0.5,0.2,0.3,159.5,216.5,274.0,216.5,2.0,119.0,18.0,0.5,0.2,0.3,160.0,215.0,275.0,215.0,2.0,120.0,18.0,0.5,0.2,0.3
1974,2,94.0,-31.0,19.91,20.15,20.39,20.15,2.0,0.49,10.0,0.0,0.2,0.9,18.52,18.55,18.58,18.55,2.0,0.07,10.0,0.0,0.2,0.9,10.54,11.19,11.84,11.19,2.0,1.34,10.0,0.0,0.2,0.9,80.7,85.3,90.0,85.3,2.0,9.6,10.0,0.0,0.9,7.11,8.0,8.89,8.0,2.0,1.84,10.0,0.0,0.2,0.9,-5.81,-4.11,-2.41,-4.11,2.0,3.52,10.0,0.0,0.2,0.9,2.43,5.16,7.89,5.16,2.0,5.65,10.0,0.0,0.2,0.9,1023.96,1024.95,1025.94,1024.95,2.0,2.05,10.0,0.0,0.2,0.9,8.0,8.0,8.0,8.0,2.0,0.0,10.0,0.0,0.2,0.9,-39.6,-29.6,-19.7,-29.6,2.0,20.6,10.0,0.0,0.2,0.9,20.1,46.5,72.9,46.5,2.0,54.7,10.0,0.0,0.2,0.9,1.33,1.6,1.87,1.6,2.0,0.57,10.0,0.0,0.2,0.9,11.5,12.3,13.0,12.3,2.0,1.6,10.0,0.0,0.2,0.9,2.47,3.32,4.17,3.32,2.0,1.76,10.0,0.0,0.2,0.9,21.1,25.0,28.8,25.0,2.0,8.0,10.0,0.0,0.2,0.9,-107.5,-76.1,-44.6,-76.1,2.0,65.1,10.0,0.0,0.2,0.9,45.1,95.9,146.7,95.9,2.0,105.2,10.0,0.0,0.2,0.9,-59.9,-43.6,-27.2,-43.6,2.0,33.9,10.0,0.0,0.2,0.9,27.7,61.5,95.4,61.5,2.0,70.2,10.0,0.0,0.2,0.9,-25.9,-16.7,-7.6,-16.7,2.0,18.9,10.0,0.0,0.2,0.9,7.5,12.2,16.8,12.2,2.0,9.7,10.0,0.0,0.2,0.9,380.5,552.5,724.5,552.5,2.0,356.0,10.0,0.0,0.2,0.9,380.0,555.0,725.0,555.0,2.0,355.0,10.0,0.0,0.2,0.9
1974,2,94.0,-26.0,,,,,,,,,,,,,,,,,,,,,,,,,,,,,,,,,,,,,,,,12.3,12.3,12.3,12.3,1.0,0.0,6.0,1.0,0.7,0.9,-9.42,-9.42,-9.42,-9.42,1.0,0.0,6.0,1.0,0.7,0.9,7.91,7.91,7.91,7.91,1.0,0.0,6.0,1.0,0.7,0.9,1020.7,1020.7,1020.7,1020.7,1.0,0.0,6.0,1.0,0.7,0.9,7.0,7.0,7.0,7.0,1.0,0.0,6.0,1.0,0.7,0.9,-115.9,-115.9,-115.9,-115.9,1.0,0.0,6.0,1.0,0.7,0.9,97.2,97.2,97.2,97.2,1.0,0.0,6.0,1.0,0.7,0.9,,,,,,,,,,,,,,,,,,,,,,,,,,,,,,,,,,,,,,,,,-198.8,-198.8,-198.8,-198.8,1.0,0.0,6.0,1.0,0.7,0.9,166.8,166.8,166.8,166.8,1.0,0.0,6.0,1.0,0.7,0.9,-109.7,-109.7,-109.7,-109.7,1.0,0.0,6.0,1.0,0.7,0.9,92.0,92.0,92.0,92.0,1.0,0.0,6.0,1.0,0.7,0.9,,,,,,,,,,,,,,,,,,,,,,,,,,,,,,,,,,,,,,,,
1974,2,94.0,-22.0,25.0,25.0,25.0,25.0,1.0,0.0,8.0,0.0,0.2,0.9,23.3,23.3,23.3,23.3,1.0,0.0,8.0,0.0,0.2,0.9,14.98,14.98,14.98,14.98,1.0,0.0,8.0,0.0,0.2,0.9,84.3,84.3,84.3,84.3,1.0,0.0,8.0,0.0,0.9,10.8,10.8,10.8,10.8,1.0,0.0,8.0,0.0,0.2,0.9,-9.35,-9.35,-9.35,-9.35,1.0,0.0,8.0,0.0,0.2,0.9,5.4,5.4,5.4,5.4,1.0,0.0,8.0,0.0,0.2,0.9,1014.6,1014.6,1014.6,1014.6,1.0,0.0,8.0,0.0,0.2,0.9,7.0,7.0,7.0,7.0,1.0,0.0,8.0,0.0,0.2,0.9,-101.0,-101.0,-101.0,-101.0,1.0,0.0,8.0,0.0,0.2,0.9,58.3,58.3,58.3,58.3,1.0,0.0,8.0,0.0,0.2,0.9,1.7,1.7,1.7,1.7,1.0,0.0,8.0,0.0,0.2,0.9,18.4,18.4,18.4,18.4,1.0,0.0,8.0,0.0,0.2,0.9,4.76,4.76,4.76,4.76,1.0,0.0,8.0,0.0,0.2,0.9,51.4,51.4,51.4,51.4,1.0,0.0,8.0,0.0,0.2,0.9,-217.9,-217.9,-217.9,-217.9,1.0,0.0,8.0,0.0,0.2,0.9,125.8,125.8,125.8,125.8,1.0,0.0,8.0,0.0,0.2,0.9,-140.1,-140.1,-140.1,-140.1,1.0,0.0,8.0,0.0,0.2,0.9,80.9,80.9,80.9,80.9,1.0,0.0,8.0,0.0,0.2,0.9,-44.6,-44.6,-44.6,-44.6,1.0,0.0,8.0,0.0,0.2,0.9,25.7,25.7,25.7,25.7,1.0,0.0,8.0,0.0,0.2,0.9,1259.5,1259.5,1259.5,1259.5,1.0,0.0,8.0,0.0,0.2,0.9,1260.0,1260.0,1260.0,1260.0,1.0,0.0,8.0,0.0,0.2,0.9
1974,2,94.0,-17.0,26.2,26.2,26.2,26.2,1.0,0.0,6.0,1.0,0.2,0.6,26.0,26.0,26.0,26.0,1.0,0.0,6.0,1.0,0.2,0.6,16.66,16.66,16.66,16.66,1.0,0.0,6.0,1.0,0.2,0.6,79.1,79.1,79.1,79.1,1.0,0.0,6.0,1.0,0.6,9.3,9.3,9.3,9.3,1.0,0.0,6.0,1.0,0.2,0.6,-8.74,-8.74,-8.74,-8.74,1.0,0.0,6.0,1.0,0.2,0.6,3.18,3.18,3.18,3.18,1.0,0.0,6.0,1.0,0.2,0.6,1007.3,1007.3,1007.3,1007.3,1.0,0.0,6.0,1.0,0.2,0.6,6.0,6.0,6.0,6.0,1.0,0.0,6.0,1.0,0.2,0.6,-81.3,-81.3,-81.3,-81.3,1.0,0.0,6.0,1.0,0.2,0.6,29.6,29.6,29.6,29.6,1.0,0.0,6.0,1.0,0.2,0.6,0.2,0.2,0.2,0.2,1.0,0.0,6.0,1.0,0.2,0.6,1.9,1.9,1.9,1.9,1.0,0.0,6.0,1.0,0.2,0.6,4.72,4.72,4.72,4.72,1.0,0.0,6.0,1.0,0.2,0.6,43.9,43.9,43.9,43.9,1.0,0.0,6.0,1.0,0.2,0.6,-227.2,-227.2,-227.2,-227.2,1.0,0.0,6.0,1.0,0.2,0.6,82.7,82.7,82.7,82.7,1.0,0.0,6.0,1.0,0.2,0.6,-145.6,-145.6,-145.6,-145.6,1.0,0.0,6.0,1.0,0.2,0.6,53.0,53.0,53.0,53.0,1.0,0.0,6.0,1.0,0.2,0.6,-41.2,-41.2,-41.2,-41.2,1.0,0.0,6.0,1.0,0.2,0.6,15.0,15.0,15.0,15.0,1.0,0.0,6.0,1.0,0.2,0.6,804.5,804.5,804.5,804.5,1.0,0.0,6.0,1.0,0.2,0.6,805.0,805.0,805.0,805.0,1.0,0.0,6.0,1.0,0.2,0.6
1974,2,94.0,-15.0,25.66,26.0,26.68,26.17,3.0,0.76,16.0,1.0,0.4,0.7,25.31,26.4,26.47,25.9,3.0,0.95,16.0,1.0,0.4,0.7,16.92,19.07,20.0,18.47,3.0,2.31,16.0,1.0,0.4,0.7,83.6,88.2,92.0,87.8,3.0,6.2,16.0,1.0,0.7,3.08,4.1,6.9,4.97,3.0,2.9,16.0,1.0,0.4,0.7,-5.97,-3.55,-2.27,-4.11,3.0,2.76,16.0,1.0,0.4,0.7,-0.71,2.05,3.45,1.39,3.0,3.1,16.0,1.0,0.4,0.7,1005.26,1006.9,1008.67,1006.97,3.0,2.5,16.0,1.0,0.4,0.7,3.6,7.0,7.7,5.7,3.0,3.2,16.0,1.0,0.4,0.7,-44.4,-14.6,-7.6,-25.7,3.0,28.6,16.0,1.0,0.4,0.7,-0.9,8.4,25.6,12.3,3.0,19.7,16.0,1.0,0.4,0.7,-0.11,0.5,0.64,0.27,3.0,0.59,16.0,1.0,0.4,0.7,-0.1,2.1,4.6,2.3,3.0,3.4,16.0,1.0,0.4,0.7,2.06,2.06,3.75,2.88,3.0,1.43,16.0,1.0,0.4,0.7,6.3,8.4,28.0,17.0,3.0,17.5,16.0,1.0,0.4,0.7,-150.1,-94.1,-60.0,-104.8,3.0,66.6,16.0,1.0,0.4,0.7,-18.6,54.3,86.6,34.5,3.0,79.0,16.0,1.0,0.4,0.7,-100.2,-72.5,-44.8,-72.5,3.0,40.6,16.0,1.0,0.4,0.7,-12.6,41.9,57.9,23.1,3.0,54.1,16.0,1.0,0.4,0.7,-24.3,-7.3,-4.7,-14.3,3.0,15.6,16.0,1.0,0.4,0.7,-1.5,4.2,14.0,6.2,3.0,11.5,16.0,1.0,0.4,0.7,34.0,69.0,398.0,212.5,3.0,294.5,16.0,1.0,0.4,0.7,35.0,70.0,400.0,215.0,3.0,295.0,16.0,1.0,0.4,0.7
1974,2,94.0,-14.0,27.23,27.5,28.05,27.63,3.0,0.61,12.0,1.0,0.2,0.8,26.3,26.5,26.64,26.47,3.0,0.25,12.0,1.0,0.2,0.8,16.41,17.38,19.13,17.76,3.0,2.02,12.0,1.0,0.2,0.8,76.3,79.2,87.6,81.9,3.0,8.6,12.0,1.0,0.8,5.1,5.1,7.22,6.13,3.0,1.79,12.0,1.0,0.2,0.8,-5.89,-3.28,-2.23,-4.04,3.0,2.76,12.0,1.0,0.2,0.8,-2.03,3.91,4.04,1.07,3.0,5.08,12.0,1.0,0.2,0.8,1005.46,1007.1,1007.71,1006.6,3.0,1.71,12.0,1.0,0.2,0.8,1.3,2.0,4.0,2.7,3.0,2.1,12.0,1.0,0.2,0.8,-45.1,-16.7,-11.4,-27.9,3.0,26.5,12.0,1.0,0.2,0.8,-10.4,19.9,29.3,9.7,3.0,30.4,12.0,1.0,0.2,0.8,0.93,1.0,1.41,1.17,3.0,0.38,12.0,1.0,0.2,0.8,5.7,8.2,8.2,7.0,3.0,2.1,12.0,1.0,0.2,0.8,4.3,6.6,6.75,5.55,3.0,2.02,12.0,1.0,0.2,0.8,28.7,33.7,34.4,31.6,3.0,4.5,12.0,1.0,0.2,0.8,-155.7,-85.9,-59.1,-106.9,3.0,73.1,12.0,1.0,0.2,0.8,-54.9,102.4,106.7,27.7,3.0,134.8,12.0,1.0,0.2,0.8,-113.3,-52.3,-37.3,-74.7,3.0,58.9,12.0,1.0,0.2,0.8,-37.1,62.4,75.6,20.3,3.0,90.2,12.0,1.0,0.2,0.8,-22.5,-21.6,-15.0,-18.8,3.0,6.0,12.0,1.0,0.2,0.8,-18.1,13.2,21.8,2.1,3.0,30.8,12.0,1.0,0.2,0.8,132.5,132.5,418.5,272.0,3.0,241.5,12.0,1.0,0.2,0.8,135.0,135.0,420.0,270.0,3.0,240.0,12.0,1.0,0.2,0.8
1974,2,94.0,-13.0,29.0,29.0,29.0,29.0,1.0,0.0,6.0,0.0,0.4,0.5,27.0,27.0,27.0,27.0,1.0,0.0,6.0,0.0,0.4,0.5,17.48,17.48,17.48,17.48,1.0,0.0,6.0,0.0,0.4,0.5,78.3,78.3,78.3,78.3,1.0,0.0,6.0,0.0,0.5,4.1,4.1,4.1,4.1,1.0,0.0,6.0,0.0,0.4,0.5,-4.04,-4.04,-4.04,-4.04,1.0,0.0,6.0,0.0,0.4,0.5,0.71,0.71,0.71,0.71,1.0,0.0,6.0,0.0,0.4,0.5,1008.5,1008.5,1008.5,1008.5,1.0,0.0,6.0,0.0,0.4,0.5,2.0,2.0,2.0,2.0,1.0,0.0,6.0,0.0,0.4,0.5,-16.6,-16.6,-16.6,-16.6,1.0,0.0,6.0,0.0,0.4,0.5,2.9,2.9,2.9,2.9,1.0,0.0,6.0,0.0,0.4,0.5,2.0,2.0,2.0,2.0,1.0,0.0,6.0,0.0,0.4,0.5,8.2,8.2,8.2,8.2,1.0,0.0,6.0,0.0,0.4,0.5,7.73,7.73,7.73,7.73,1.0,0.0,6.0,0.0,0.4,0.5,31.7,31.7,31.7,31.7,1.0,0.0,6.0,0.0,0.4,0.5,-109.0,-109.0,-109.0,-109.0,1.0,0.0,6.0,0.0,0.4,0.5,19.2,19.2,19.2,19.2,1.0,0.0,6.0,0.0,0.4,0.5,-70.6,-70.6,-70.6,-70.6,1.0,0.0,6.0,0.0,0.4,0.5,12.4,12.4,12.4,12.4,1.0,0.0,6.0,0.0,0.4,0.5,-31.2,-31.2,-31.2,-31.2,1.0,0.0,6.0,0.0,0.4,0.5,5.5,5.5,5.5,5.5,1.0,0.0,6.0,0.0,0.4,0.5,69.0,69.0,69.0,69.0,1.0,0.0,6.0,0.0,0.4,0.5,70.0,70.0,70.0,70.0,1.0,0.0,6.0,0.0,0.4,0.5
1974,2,94.0,-11.0,27.4,27.4,27.4,27.4,1.0,0.0,16.0,1.0,0.2,0.1,26.16,26.5,26.84,26.5,2.0,0.71,10.0,0.5,0.3,0.4,17.83,18.39,18.95,18.39,2.0,1.17,10.0,0.5,0.3,0.4,80.7,84.8,89.0,84.8,2.0,8.6,10.0,0.5,0.4,1.6,1.8,2.0,1.8,2.0,0.42,10.0,0.5,0.3,0.4,-1.02,-0.76,-0.49,-0.76,2.0,0.55,10.0,0.5,0.3,0.4,1.14,1.52,1.89,1.52,2.0,0.78,10.0,0.5,0.3,0.4,1006.2,1007.7,1009.2,1007.7,2.0,3.11,10.0,0.5,0.3,0.4,3.8,5.5,7.2,5.5,2.0,3.5,10.0,0.5,0.3,0.4,-1.6,-1.2,-0.9,-1.2,2.0,0.7,10.0,0.5,0.3,0.4,1.9,2.9,3.9,2.9,2.0,2.0,10.0,0.5,0.3,0.4,1.4,1.4,1.4,1.4,1.0,0.0,16.0,1.0,0.2,0.1,2.9,2.9,2.9,2.9,1.0,0.0,16.0,1.0,0.2,0.1,3.79,3.79,3.79,3.79,1.0,0.0,16.0,1.0,0.2,0.1,8.0,8.0,8.0,8.0,1.0,0.0,16.0,1.0,0.2,0.1,-27.6,-20.3,-12.9,-20.3,2.0,15.2,10.0,0.5,0.3,0.4,30.4,39.9,49.4,39.9,2.0,19.6,10.0,0.5,0.3,0.4,-18.1,-13.6,-9.1,-13.6,2.0,9.3,10.0,0.5,0.3,0.4,20.6,28.3,36.1,28.3,2.0,16.1,10.0,0.5,0.3,0.4,-1.4,-1.4,-1.4,-1.4,1.0,0.0,16.0,1.0,0.2,0.1,7.8,7.8,7.8,7.8,1.0,0.0,16.0,1.0,0.2,0.1,4.5,6.5,8.5,6.5,2.0,4.0,10.0,0.5,0.3,0.4,5.0,5.0,10.0,5.0,2.0,5.0,10.0,0.5,0.3,0.4
1974,2,94.0,-9.0,,,,,,,,,,,,,,,,,,,,,,,,,,,,,,,,,,,,,,,,10.3,10.3,10.3,10.3,1.0,0.0,20.0,0.0,0.7,1.0,10.14,10.14,10.14,10.14,1.0,0.0,20.0,0.0,0.7,1.0,-1.79,-1.79,-1.79,-1.79,1.0,0.0,20.0,0.0,0.7,1.0,1007.0,1007.0,1007.0,1007.0,1.0,0.0,20.0,0.0,0.7,1.0,,,,,,,,,,,,,,,,,,,,,,,,,,,,,,,,,,,,,,,,,,,,,,,,,,,,,,,,,,,,,,,,,,,,,,,,,,,,,,,,,,,,,,,,,,,,,,,,,,,,,,,,,,,,,,,,,,,,,,,,,,,,,,,,,,,,,,,,,,,,,,,,,,,,,,
1974,2,94.0,-7.0,27.2,27.2,27.2,27.2,1.0,0.0,10.0,1.0,0.7,0.6,28.0,28.0,28.0,28.0,1.0,0.0,10.0,1.0,0.7,0.6,18.56,18.56,18.56,18.56,1.0,0.0,10.0,1.0,0.7,0.6,78.4,78.4,78.4,78.4,1.0,0.0,10.0,1.0,0.6,3.6,3.6,3.6,3.6,1.0,0.0,10.0,1.0,0.7,0.6,2.76,2.76,2.76,2.76,1.0,0.0,10.0,1.0,0.7,0.6,2.31,2.31,2.31,2.31,1.0,0.0,10.0,1.0,0.7,0.6,1009.5,1009.5,1009.5,1009.5,1.0,0.0,10.0,1.0,0.7,0.6,5.0,5.0,5.0,5.0,1.0,0.0,10.0,1.0,0.7,0.6,9.9,9.9,9.9,9.9,1.0,0.0,10.0,1.0,0.7,0.6,8.3,8.3,8.3,8.3,1.0,0.0,10.0,1.0,0.7,0.6,-0.8,-0.8,-0.8,-0.8,1.0,0.0,10.0,1.0,0.7,0.6,-2.9,-2.9,-2.9,-2.9,1.0,0.0,10.0,1.0,0.7,0.6,4.08,4.08,4.08,4.08,1.0,0.0,10.0,1.0,0.7,0.6,14.7,14.7,14.7,14.7,1.0,0.0,10.0,1.0,0.7,0.6,77.2,77.2,77.2,77.2,1.0,0.0,10.0,1.0,0.7,0.6,64.8,64.8,64.8,64.8,1.0,0.0,10.0,1.0,0.7,0.6,51.2,51.2,51.2,51.2,1.0,0.0,10.0,1.0,0.7,0.6,43.0,43.0,43.0,43.0,1.0,0.0,10.0,1.0,0.7,0.6,11.3,11.3,11.3,11.3,1.0,0.0,10.0,1.0,0.7,0.6,9.4,9.4,9.4,9.4,1.0,0.0,10.0,1.0,0.7,0.6,46.5,46.5,46.5,46.5,1.0,0.0,10.0,1.0,0.7,0.6,45.0,45.0,45.0,45.0,1.0,0.0,10.0,1.0,0.7,0.6
1974,2,94.0,-2.0,27.7,27.7,27.7,27.7,1.0,0.0,24.0,1.0,0.3,0.3,27.0,27.0,27.0,27.0,1.0,0.0,24.0,1.0,0.3,0.3,18.84,18.84,18.84,18.84,1.0,0.0,24.0,1.0,0.3,0.3,84.2,84.2,84.2,84.2,1.0,0.0,24.0,1.0,0.3,2.6,2.6,2.6,2.6,1.0,0.0,24.0,1.0,0.3,0.3,2.6,2.6,2.6,2.6,1.0,0.0,24.0,1.0,0.3,0.3,0.0,0.0,0.0,0.0,1.0,0.0,24.0,1.0,0.3,0.3,1006.8,1006.8,1006.8,1006.8,1.0,0.0,24.0,1.0,0.3,0.3,8.0,8.0,8.0,8.0,1.0,0.0,24.0,1.0,0.3,0.3,6.8,6.8,6.8,6.8,1.0,0.0,24.0,1.0,0.3,0.3,0.0,0.0,0.0,0.0,1.0,0.0,24.0,1.0,0.3,0.3,0.7,0.7,0.7,0.7,1.0,0.0,24.0,1.0,0.3,0.3,1.8,1.8,1.8,1.8,1.0,0.0,24.0,1.0,0.3,0.3,4.55,4.55,4.55,4.55,1.0,0.0,24.0,1.0,0.3,0.3,11.8,11.8,11.8,11.8,1.0,0.0,24.0,1.0,0.3,0.3,70.2,70.2,70.2,70.2,1.0,0.0,24.0,1.0,0.3,0.3,0.0,0.0,0.0,0.0,1.0,0.0,24.0,1.0,0.3,0.3,49.0,49.0,49.0,49.0,1.0,0.0,24.0,1.0,0.3,0.3,0.0,0.0,0.0,0.0,1.0,0.0,24.0,1.0,0.3,0.3,11.8,11.8,11.8,11.8,1.0,0.0,24.0,1.0,0.3,0.3,0.0,0.0,0.0,0.0,1.0,0.0,24.0,1.0,0.3,0.3,17.5,17.5,17.5,17.5,1.0,0.0,24.0,1.0,0.3,0.3,20.0,20.0,20.0,20.0,1.0,0.0,24.0,1.0,0.3,0.3
1974,2,94.0,0.0,,,,,,,,,,,,,,,,,,,,,,,,,,,,,,,,,,,,,,,,4.1,4.1,4.1,4.1,1.0,0.0,22.0,1.0,0.9,0.7,-2.64,-2.64,-2.64,-2.64,1.0,0.0,22.0,1.0,0.9,0.7,-3.14,-3.14,-3.14,-3.14,1.0,0.0,22.0,1.0,0.9,0.7,1009.4,1009.4,1009.4,1009.4,1.0,0.0,22.0,1.0,0.9,0.7,,,,,,,,,,,,,,,,,,,,,,,,,,,,,,,,,,,,,,,,,,,,,,,,,,,,,,,,,,,,,,,,,,,,,,,,,,,,,,,,,,,,,,,,,,,,,,,,,,,,,,,,,,,,,,,,,,,,,,,,,,,,,,,,,,,,,,,,,,,,,,,,,,,,,,
1974,2,94.0,1.0,28.0,28.0,28.0,28.0,1.0,0.0,16.0,0.0,0.1,0.2,28.5,28.5,28.5,28.5,1.0,0.0,16.0,0.0,0.1,0.2,17.72,17.72,17.72,17.72,1.0,0.0,16.0,0.0,0.1,0.2,72.6,72.6,72.6,72.6,1.0,0.0,16.0,0.0,0.2,2.6,2.6,2.6,2.6,1.0,0.0,16.0,0.0,0.1,0.2,1.99,1.99,1.99,1.99,1.0,0.0,16.0,0.0,0.1,0.2,-1.67,-1.67,-1.67,-1.67,1.0,0.0,16.0,0.0,0.1,0.2,1007.0,1007.0,1007.0,1007.0,1.0,0.0,16.0,0.0,0.1,0.2,4.0,4.0,4.0,4.0,1.0,0.0,16.0,0.0,0.1,0.2,5.2,5.2,5.2,5.2,1.0,0.0,16.0,0.0,0.1,0.2,-4.3,-4.3,-4.3,-4.3,1.0,0.0,16.0,0.0,0.1,0.2,-0.5,-0.5,-0.5,-0.5,1.0,0.0,16.0,0.0,0.1,0.2,-1.3,-1.3,-1.3,-1.3,1.0,0.0,16.0,0.0,0.1,0.2,6.08,6.08,6.08,6.08,1.0,0.0,16.0,0.0,0.1,0.2,15.8,15.8,15.8,15.8,1.0,0.0,16.0,0.0,0.1,0.2,56.8,56.8,56.8,56.8,1.0,0.0,16.0,0.0,0.1,0.2,-47.6,-47.6,-47.6,-47.6,1.0,0.0,16.0,0.0,0.1,0.2,35.3,35.3,35.3,35.3,1.0,0.0,16.0,0.0,0.1,0.2,-29.6,-29.6,-29.6,-29.6,1.0,0.0,16.0,0.0,0.1,0.2,12.1,12.1,12.1,12.1,1.0,0.0,16.0,0.0,0.1,0.2,-10.2,-10.2,-10.2,-10.2,1.0,0.0,16.0,0.0,0.1,0.2,17.5,17.5,17.5,17.5,1.0,0.0,16.0,0.0,0.1,0.2,20.0,20.0,20.0,20.0,1.0,0.0,16.0,0.0,0.1,0.2
1974,2,94.0,4.0,28.5,28.5,28.5,28.5,1.0,0.0,8.0,1.0,0.0,0.8,25.52,26.65,27.78,26.65,2.0,2.33,10.0,1.0,0.2,0.5,18.7,18.7,18.7,18.7,1.0,0.0,8.0,1.0,0.0,0.8,77.5,77.5,77.5,77.5,1.0,0.0,8.0,1.0,0.8,9.38,9.55,9.72,9.55,2.0,0.35,10.0,1.0,0.2,0.5,-9.19,-7.89,-6.58,-7.89,2.0,2.7,10.0,1.0,0.2,0.5,-5.99,-3.56,-1.13,-3.56,2.0,5.04,10.0,1.0,0.2,0.5,1008.2,1008.2,1008.2,1008.2,1.0,0.0,8.0,1.0,0.0,0.8,3.0,5.0,7.0,5.0,2.0,4.2,10.0,1.0,0.2,0.5,-89.6,-75.8,-62.0,-75.8,2.0,28.6,10.0,1.0,0.2,0.5,-55.7,-33.1,-10.5,-33.1,2.0,46.8,10.0,1.0,0.2,0.5,0.2,0.2,0.2,0.2,1.0,0.0,8.0,1.0,0.0,0.8,1.9,1.9,1.9,1.9,1.0,0.0,8.0,1.0,0.0,0.8,5.79,5.79,5.79,5.79,1.0,0.0,8.0,1.0,0.0,0.8,53.8,53.8,53.8,53.8,1.0,0.0,8.0,1.0,0.0,0.8,-233.0,-207.1,-181.2,-207.1,2.0,53.6,10.0,1.0,0.2,0.5,-169.6,-100.8,-32.0,-100.8,2.0,142.6,10.0,1.0,0.2,0.5,-111.8,-111.8,-111.8,-111.8,1.0,0.0,8.0,1.0,0.0,0.8,-133.2,-133.2,-133.2,-133.2,1.0,0.0,8.0,1.0,0.0,0.8,-34.6,-34.6,-34.6,-34.6,1.0,0.0,8.0,1.0,0.0,0.8,-41.2,-41.2,-41.2,-41.2,1.0,0.0,8.0,1.0,0.0,0.8,826.0,873.0,919.5,873.0,2.0,97.0,10.0,1.0,0.2,0.5,825.0,875.0,920.0,875.0,2.0,95.0,10.0,1.0,0.2,0.5
1974,2,94.0,5.0,27.6,28.15,29.14,28.32,24.0,0.8,16.0,0.3,0.5,0.6,26.03,27.0,28.0,27.09,27.0,1.21,16.0,0.4,0.5,0.6,17.3,17.99,19.52,18.23,24.0,1.16,16.0,0.3,0.5,0.6,76.5,78.9,88.4,81.4,25.0,6.9,16.0,0.3,0.6,2.6,4.6,7.55,5.1,24.0,2.34,16.0,0.4,0.5,0.6,-6.88,-3.36,0.79,-2.91,24.0,3.78,16.0,0.4,0.5,0.6,-2.69,-0.31,2.33,-0.43,24.0,3.05,16.0,0.4,0.5,0.6,1007.69,1009.0,1010.4,1008.97,26.0,1.44,16.0,0.4,0.5,0.6,5.0,7.0,8.0,6.5,26.0,1.7,16.0,0.3,0.5,0.6,-49.5,-15.5,2.7,-19.2,24.0,28.7,16.0,0.4,0.5,0.6,-18.3,-0.7,10.8,-6.0,24.0,22.9,16.0,0.4,0.5,0.6,-0.03,1.2,2.37,1.27,24.0,1.44,16.0,0.3,0.5,0.6,0.0,5.6,11.1,6.5,22.0,7.2,16.0,0.3,0.5,0.6,4.65,5.91,6.98,5.96,23.0,1.42,16.0,0.3,0.5,0.6,14.7,26.2,44.8,28.3,21.0,13.1,16.0,0.3,0.5,0.6,-188.5,-86.2,21.4,-79.2,24.0,102.3,16.0,0.4,0.5,0.6,-74.9,-7.6,60.1,-12.7,24.0,82.5,16.0,0.4,0.5,0.6,-114.3,-61.7,23.1,-48.0,22.0,67.5,16.0,0.4,0.5,0.6,-48.1,-5.3,40.1,-6.6,22.0,56.7,16.0,0.4,0.5,0.6,-40.7,-15.4,8.3,-14.8,21.0,23.0,16.0,0.3,0.5,0.6,-11.3,-3.4,15.0,-1.2,21.0,15.8,16.0,0.3,0.5,0.6,17.5,97.5,435.5,220.0,24.0,278.5,16.0,0.4,0.5,0.6,20.0,95.0,435.0,220.0,24.0,280.0,16.0,0.4,0.5,0.6
1974,2,94.0,6.0,27.4,28.05,28.93,28.25,12.0,0.81,12.0,0.7,0.4,0.1,26.0,27.1,28.91,27.4,15.0,1.57,16.0,0.6,0.5,0.1,16.49,18.46,19.16,18.22,12.0,1.4,16.0,0.7,0.6,0.1,74.4,79.4,88.3,80.5,13.0,6.7,16.0,0.7,0.1,3.16,5.4,11.1,6.57,14.0,3.58,14.0,0.6,0.5,0.1,-10.84,-4.73,-2.39,-5.5,14.0,3.9,14.0,0.6,0.5,0.1,-4.55,-1.98,2.26,-1.58,14.0,2.96,14.0,0.6,0.5,0.1,1008.01,1009.1,1011.15,1009.37,14.0,1.32,16.0,0.6,0.5,0.1,4.0,5.0,6.8,5.2,15.0,2.0,16.0,0.6,0.5,0.1,-121.5,-25.4,-7.6,-48.8,14.0,53.9,14.0,0.6,0.5,0.1,-42.6,-13.5,10.1,-16.7,14.0,24.2,14.0,0.6,0.5,0.1,-0.15,1.15,2.33,1.18,12.0,1.35,12.0,0.7,0.4,0.1,-1.2,3.9,17.0,6.4,12.0,10.5,12.0,0.7,0.4,0.1,4.73,5.98,6.44,5.69,10.0,0.82,14.0,0.7,0.5,0.1,17.4,29.6,53.3,35.8,10.0,22.8,14.0,0.7,0.5,0.1,-294.7,-123.8,-65.6,-152.1,14.0,113.5,14.0,0.6,0.5,0.1,-117.6,-53.8,60.5,-43.4,14.0,80.5,14.0,0.6,0.5,0.1,-196.9,-77.2,-46.6,-103.9,11.0,79.9,16.0,0.6,0.5,0.1,-71.3,-37.3,37.8,-19.0,11.0,52.8,16.0,0.6,0.5,0.1,-50.0,-25.3,-12.5,-29.7,10.0,25.1,14.0,0.7,0.5,0.1,-23.2,-4.2,14.8,-3.6,10.0,17.9,14.0,0.7,0.5,0.1,32.5,159.0,1386.5,543.5,14.0,747.5,14.0,0.6,0.5,0.1,30.0,160.0,1385.0,545.0,14.0,745.0,14.0,0.6,0.5,0.1
1974,2,94.0,7.0,,,,,,,,,,,,,,,,,,,,,,,,,,,,,,,,,,,,,,,,8.7,8.7,8.7,8.7,1.0,0.0,28.0,1.0,0.7,0.9,-8.57,-8.57,-8.57,-8.57,1.0,0.0,28.0,1.0,0.7,0.9,-1.51,-1.51,-1.51,-1.51,1.0,0.0,28.0,1.0,0.7,0.9,1010.7,1010.7,1010.7,1010.7,1.0,0.0,28.0,1.0,0.7,0.9,,,,,,,,,,,,,,,,,,,,,,,,,,,,,,,,,,,,,,,,,,,,,,,,,,,,,,,,,,,,,,,,,,,,,,,,,,,,,,,,,,,,,,,,,,,,,,,,,,,,,,,,,,,,,,,,,,,,,,,,,,,,,,,,,,,,,,,,,,,,,,,,,,,,,,
1974,2,94.0,8.0,27.07,27.85,28.63,27.85,2.0,1.63,14.0,1.0,0.1,0.6,25.73,26.0,29.07,27.37,3.0,2.72,12.0,1.0,0.1,0.5,16.5,16.5,16.5,16.5,1.0,0.0,10.0,1.0,0.1,0.7,80.5,80.5,80.5,80.5,1.0,0.0,10.0,1.0,0.7,5.1,5.1,6.87,5.97,3.0,1.5,12.0,1.0,0.1,0.5,-5.27,-3.91,-3.48,-4.36,3.0,1.37,12.0,1.0,0.1,0.5,-4.62,-3.91,-3.48,-4.04,3.0,0.84,12.0,1.0,0.1,0.5,1010.2,1010.4,1010.95,1010.57,3.0,0.57,12.0,1.0,0.1,0.5,2.3,3.0,3.0,2.7,3.0,0.6,12.0,1.0,0.1,0.5,-37.3,-19.9,-17.7,-27.4,3.0,15.7,12.0,1.0,0.1,0.5,-32.3,-19.9,-17.7,-24.9,3.0,11.5,12.0,1.0,0.1,0.5,-1.09,-0.2,0.69,-0.2,2.0,1.84,14.0,1.0,0.1,0.6,-5.1,0.4,5.9,0.4,2.0,11.4,14.0,1.0,0.1,0.6,5.45,5.45,5.45,5.45,1.0,0.0,10.0,1.0,0.1,0.7,41.9,41.9,41.9,41.9,1.0,0.0,10.0,1.0,0.1,0.7,-135.3,-101.6,-100.5,-117.5,3.0,29.0,12.0,1.0,0.1,0.5,-124.3,-119.2,-96.0,-110.4,3.0,22.1,12.0,1.0,0.1,0.5,-97.3,-97.3,-97.3,-97.3,1.0,0.0,10.0,1.0,0.1,0.7,-81.6,-81.6,-81.6,-81.6,1.0,0.0,10.0,1.0,0.1,0.7,-32.1,-32.1,-32.1,-32.1,1.0,0.0,10.0,1.0,0.1,0.7,-27.0,-27.0,-27.0,-27.0,1.0,0.0,10.0,1.0,0.1,0.7,132.5,132.5,353.5,240.5,3.0,187.0,12.0,1.0,0.1,0.5,135.0,135.0,355.0,240.0,3.0,185.0,12.0,1.0,0.1,0.5
1974,2,94.0,12.0,,,,,,,,,,,,,,,,,,,,,,,,,,,,,,,,,,,,,,,,3.1,3.1,3.1,3.1,1.0,0.0,16.0,0.0,0.7,0.9,-1.06,-1.06,-1.06,-1.06,1.0,0.0,16.0,0.0,0.7,0.9,-2.91,-2.91,-2.91,-2.91,1.0,0.0,16.0,0.0,0.7,0.9,1014.1,1014.1,1014.1,1014.1,1.0,0.0,16.0,0.0,0.7,0.9,,,,,,,,,,,,,,,,,,,,,,,,,,,,,,,,,,,,,,,,,,,,,,,,,,,,,,,,,,,,,,,,,,,,,,,,,,,,,,,,,,,,,,,,,,,,,,,,,,,,,,,,,,,,,,,,,,,,,,,,,,,,,,,,,,,,,,,,,,,,,,,,,,,,,,
1974,2,94.0,14.0,26.0,26.0,26.0,26.0,1.0,0.0,22.0,1.0,0.7,0.3,26.4,26.4,26.4,26.4,1.0,0.0,22.0,1.0,0.7,0.3,18.73,18.73,18.73,18.73,1.0,0.0,22.0,1.0,0.7,0.3,86.7,86.7,86.7,86.7,1.0,0.0,22.0,1.0,0.3,2.6,2.6,2.6,2.6,1.0,0.0,22.0,1.0,0.7,0.3,-1.67,-1.67,-1.67,-1.67,1.0,0.0,22.0,1.0,0.7,0.3,-1.99,-1.99,-1.99,-1.99,1.0,0.0,22.0,1.0,0.7,0.3,1006.9,1006.9,1006.9,1006.9,1.0,0.0,22.0,1.0,0.7,0.3,7.0,7.0,7.0,7.0,1.0,0.0,22.0,1.0,0.7,0.3,-4.3,-4.3,-4.3,-4.3,1.0,0.0,22.0,1.0,0.7,0.3,-5.2,-5.2,-5.2,-5.2,1.0,0.0,22.0,1.0,0.7,0.3,-0.4,-0.4,-0.4,-0.4,1.0,0.0,22.0,1.0,0.7,0.3,-1.0,-1.0,-1.0,-1.0,1.0,0.0,22.0,1.0,0.7,0.3,2.41,2.41,2.41,2.41,1.0,0.0,22.0,1.0,0.7,0.3,6.3,6.3,6.3,6.3,1.0,0.0,22.0,1.0,0.7,0.3,-44.1,-44.1,-44.1,-44.1,1.0,0.0,22.0,1.0,0.7,0.3,-52.6,-52.6,-52.6,-52.6,1.0,0.0,22.0,1.0,0.7,0.3,-31.3,-31.3,-31.3,-31.3,1.0,0.0,22.0,1.0,0.7,0.3,-37.3,-37.3,-37.3,-37.3,1.0,0.0,22.0,1.0,0.7,0.3,-4.0,-4.0,-4.0,-4.0,1.0,0.0,22.0,1.0,0.7,0.3,-4.8,-4.8,-4.8,-4.8,1.0,0.0,22.0,1.0,0.7,0.3,17.5,17.5,17.5,17.5,1.0,0.0,22.0,1.0,0.7,0.3,20.0,20.0,20.0,20.0,1.0,0.0,22.0,1.0,0.7,0.3
1974,2,94.0,15.0,,,,,,,,,,,,,,,,,,,,,,,,,,,,,,,,,,,,,,,,2.1,2.1,2.1,2.1,1.0,0.0,10.0,1.0,0.5,0.2,0.72,0.72,0.72,0.72,1.0,0.0,10.0,1.0,0.5,0.2,-1.97,-1.97,-1.97,-1.97,1.0,0.0,10.0,1.0,0.5,0.2,1015.5,1015.5,1015.5,1015.5,1.0,0.0,10.0,1.0,0.5,0.2,,,,,,,,,,,,,,,,,,,,,,,,,,,,,,,,,,,,,,,,,,,,,,,,,,,,,,,,,,,,,,,,,,,,,,,,,,,,,,,,,,,,,,,,,,,,,,,,,,,,,,,,,,,,,,,,,,,,,,,,,,,,,,,,,,,,,,,,,,,,,,,,,,,,,,
1974,2,95.0,-64.0,,,,,,,,,,,,,,,,,,,,,,,,,,,,,,,,,,,,,,,,8.7,8.7,8.7,8.7,1.0,0.0,28.0,0.0,0.0,0.7,8.7,8.7,8.7,8.7,1.0,0.0,28.0,0.0,0.0,0.7,0.0,0.0,0.0,0.0,1.0,0.0,28.0,0.0,0.0,0.7,991.3,991.3,991.3,991.3,1.0,0.0,28.0,0.0,0.0,0.7,,,,,,,,,,,,,,,,,,,,,,,,,,,,,,,,,,,,,,,,,,,,,,,,,,,,,,,,,,,,,,,,,,,,,,,,,,,,,,,,,,,,,,,,,,,,,,,,,,,,,,,,,,,,,,,,,,,,,,,,,,,,,,,,,,,,,,,,,,,,,,,,,,,,,,
1974,2,95.0,-63.0,,,,,,,,,,,,,,,,,,,,,,,,,,,,,,,,,,,,,,,,4.0,4.0,4.0,4.0,1.0,0.0,26.0,1.0,0.7,0.6,2.57,2.57,2.57,2.57,1.0,0.0,26.0,1.0,0.7,0.6,-3.06,-3.06,-3.06,-3.06,1.0,0.0,26.0,1.0,0.7,0.6,988.2,988.2,988.2,988.2,1.0,0.0,26.0,1.0,0.7,0.6,8.0,8.0,8.0,8.0,1.0,0.0,26.0,1.0,0.7,0.6,10.3,10.3,10.3,10.3,1.0,0.0,26.0,1.0,0.7,0.6,-12.3,-12.3,-12.3,-12.3,1.0,0.0,26.0,1.0,0.7,0.6,,,,,,,,,,,,,,,,,,,,,,,,,,,,,,,,,,,,,,,,,4.1,4.1,4.1,4.1,1.0,0.0,26.0,1.0,0.7,0.6,-4.9,-4.9,-4.9,-4.9,1.0,0.0,26.0,1.0,0.7,0.6,10.2,10.2,10.2,10.2,1.0,0.0,26.0,1.0,0.7,0.6,-12.1,-12.1,-12.1,-12.1,1.0,0.0,26.0,1.0,0.7,0.6,,,,,,,,,,,,,,,,,,,,,,,,,,,,,,,,,,,,,,,,
1974,2,95.0,-51.0,,,,,,,,,,,,,,,,,,,,,,,,,,,,,,,,,,,,,,,,,,,,,,,,,,,,,,,,,,,,,,,,,,,,,,,,,,,,,,,,8.0,8.0,8.0,8.0,1.0,0.0,4.0,0.0,0.5,0.5,255.8,255.8,255.8,255.8,1.0,0.0,4.0,0.0,0.5,0.5,93.1,93.1,93.1,93.1,1.0,0.0,4.0,0.0,0.5,0.5,,,,,,,,,,,,,,,,,,,,,,,,,,,,,,,,,,,,,,,,,,,,,,,,,,,,,,,,,,,,,,,,,,,,,,,,,,,,,,,,,,,,,,,,,,,,,,,,,,,,,,,,,,,,,,,,,,,,,,,,
1974,2,95.0,-40.0,15.0,15.0,16.05,15.5,4.0,1.0,12.0,0.5,0.4,0.6,11.53,12.35,13.43,12.48,4.0,1.21,12.0,0.5,0.4,0.6,5.3,5.75,6.42,5.85,4.0,0.87,12.0,0.5,0.4,0.6,60.0,63.9,72.7,66.2,4.0,8.4,12.0,0.5,0.6,1.76,3.6,6.49,4.1,4.0,3.1,12.0,0.5,0.4,0.6,0.18,1.14,1.5,0.85,4.0,0.92,12.0,0.5,0.4,0.6,1.48,3.44,6.29,3.86,4.0,3.21,12.0,0.5,0.4,0.6,1025.05,1029.15,1031.1,1028.13,4.0,3.82,12.0,0.5,0.4,0.6,3.8,8.0,8.0,6.0,4.0,4.0,12.0,0.5,0.4,0.6,-0.2,4.1,9.6,4.7,4.0,5.9,12.0,0.5,0.4,0.6,3.4,13.3,44.2,23.3,4.0,29.7,12.0,0.5,0.4,0.6,1.57,2.65,4.51,3.03,4.0,2.04,12.0,0.5,0.4,0.6,7.3,14.7,16.6,12.1,4.0,7.6,12.0,0.5,0.4,0.6,4.0,4.69,5.88,4.93,4.0,1.45,12.0,0.5,0.4,0.6,11.0,19.9,25.1,18.1,4.0,9.9,12.0,0.5,0.4,0.6,3.1,15.2,18.5,11.0,4.0,11.1,12.0,0.5,0.4,0.6,17.3,40.1,78.6,47.6,4.0,41.4,12.0,0.5,0.4,0.6,1.2,7.0,9.5,5.4,4.0,5.5,12.0,0.5,0.4,0.6,7.5,18.7,41.4,24.2,4.0,23.4,12.0,0.5,0.4,0.6,0.3,4.4,6.2,3.3,4.0,4.5,12.0,0.5,0.4,0.6,9.6,19.1,24.2,17.0,4.0,10.7,12.0,0.5,0.4,0.6,9.0,57.5,335.0,167.0,4.0,260.0,12.0,0.5,0.4,0.6,10.0,55.0,335.0,165.0,4.0,260.0,12.0,0.5,0.4,0.6
1974,2,95.0,-34.0,19.3,19.3,19.3,19.3,1.0,0.0,2.0,0.0,0.1,0.4,17.6,17.6,17.6,17.6,1.0,0.0,2.0,0.0,0.1,0.4,9.01,9.01,9.01,9.01,1.0,0.0,2.0,0.0,0.1,0.4,72.5,72.5,72.5,72.5,1.0,0.0,2.0,0.0,0.4,8.7,8.7,8.7,8.7,1.0,0.0,2.0,0.0,0.1,0.4,-2.98,-2.98,-2.98,-2.98,1.0,0.0,2.0,0.0,0.1,0.4,8.18,8.18,8.18,8.18,1.0,0.0,2.0,0.0,0.1,0.4,1016.8,1016.8,1016.8,1016.8,1.0,0.0,2.0,0.0,0.1,0.4,8.0,8.0,8.0,8.0,1.0,0.0,2.0,0.0,0.1,0.4,-25.9,-25.9,-25.9,-25.9,1.0,0.0,2.0,0.0,0.1,0.4,71.1,71.1,71.1,71.1,1.0,0.0,2.0,0.0,0.1,0.4,1.7,1.7,1.7,1.7,1.0,0.0,2.0,0.0,0.1,0.4,14.8,14.8,14.8,14.8,1.0,0.0,2.0,0.0,0.1,0.4,4.86,4.86,4.86,4.86,1.0,0.0,2.0,0.0,0.1,0.4,42.3,42.3,42.3,42.3,1.0,0.0,2.0,0.0,0.1,0.4,-52.4,-52.4,-52.4,-52.4,1.0,0.0,2.0,0.0,0.1,0.4,143.9,143.9,143.9,143.9,1.0,0.0,2.0,0.0,0.1,0.4,-26.8,-26.8,-26.8,-26.8,1.0,0.0,2.0,0.0,0.1,0.4,73.6,73.6,73.6,73.6,1.0,0.0,2.0,0.0,0.1,0.4,-14.5,-14.5,-14.5,-14.5,1.0,0.0,2.0,0.0,0.1,0.4,39.7,39.7,39.7,39.7,1.0,0.0,2.0,0.0,0.1,0.4,658.5,658.5,658.5,658.5,1.0,0.0,2.0,0.0,0.1,0.4,660.0,660.0,660.0,660.0,1.0,0.0,2.0,0.0,0.1,0.4
1974,2,95.0,-33.0,20.0,20.0,20.0,20.0,1.0,0.0,2.0,1.0,0.8,0.4,18.2,18.2,18.2,18.2,1.0,0.0,2.0,1.0,0.8,0.4,9.86,9.86,9.86,9.86,1.0,0.0,2.0,1.0,0.8,0.4,76.5,76.5,76.5,76.5,1.0,0.0,2.0,1.0,0.4,12.9,12.9,12.9,12.9,1.0,0.0,2.0,1.0,0.8,0.4,-6.45,-6.45,-6.45,-6.45,1.0,0.0,2.0,1.0,0.8,0.4,11.17,11.17,11.17,11.17,1.0,0.0,2.0,1.0,0.8,0.4,1018.5,1018.5,1018.5,1018.5,1.0,0.0,2.0,1.0,0.8,0.4,6.0,6.0,6.0,6.0,1.0,0.0,2.0,1.0,0.8,0.4,-83.2,-83.2,-83.2,-83.2,1.0,0.0,2.0,1.0,0.8,0.4,144.1,144.1,144.1,144.1,1.0,0.0,2.0,1.0,0.8,0.4,1.8,1.8,1.8,1.8,1.0,0.0,2.0,1.0,0.8,0.4,23.2,23.2,23.2,23.2,1.0,0.0,2.0,1.0,0.8,0.4,4.61,4.61,4.61,4.61,1.0,0.0,2.0,1.0,0.8,0.4,59.4,59.4,59.4,59.4,1.0,0.0,2.0,1.0,0.8,0.4,-117.4,-117.4,-117.4,-117.4,1.0,0.0,2.0,1.0,0.8,0.4,203.3,203.3,203.3,203.3,1.0,0.0,2.0,1.0,0.8,0.4,-63.6,-63.6,-63.6,-63.6,1.0,0.0,2.0,1.0,0.8,0.4,110.1,110.1,110.1,110.1,1.0,0.0,2.0,1.0,0.8,0.4,-29.7,-29.7,-29.7,-29.7,1.0,0.0,2.0,1.0,0.8,0.4,51.5,51.5,51.5,51.5,1.0,0.0,2.0,1.0,0.8,0.4,2146.5,2146.5,2146.5,2146.5,1.0,0.0,2.0,1.0,0.8,0.4,2145.0,2145.0,2145.0,2145.0,1.0,0.0,2.0,1.0,0.8,0.4
1974,2,95.0,-31.0,20.8,20.8,20.8,20.8,1.0,0.0,8.0,1.0,0.6,0.7,19.66,20.0,20.34,20.0,2.0,0.71,14.0,1.0,0.5,0.8,11.06,11.73,12.4,11.73,2.0,1.39,14.0,1.0,0.5,0.8,75.5,81.8,88.1,81.8,2.0,13.1,14.0,1.0,0.8,6.28,6.45,6.62,6.45,2.0,0.35,14.0,1.0,0.5,0.8,-3.54,-2.57,-1.61,-2.57,2.0,2.0,14.0,1.0,0.5,0.8,5.04,5.67,6.3,5.67,2.0,1.31,14.0,1.0,0.5,0.8,1021.77,1022.35,1022.93,1022.35,2.0,1.2,14.0,1.0,0.5,0.8,3.2,3.5,3.8,3.5,2.0,0.7,14.0,1.0,0.5,0.8,-22.0,-16.3,-10.5,-16.3,2.0,12.0,14.0,1.0,0.5,0.8,31.8,36.8,41.9,36.8,2.0,10.4,14.0,1.0,0.5,0.8,1.3,1.3,1.3,1.3,1.0,0.0,8.0,1.0,0.6,0.7,8.7,8.7,8.7,8.7,1.0,0.0,8.0,1.0,0.6,0.7,2.44,2.44,2.44,2.44,1.0,0.0,8.0,1.0,0.6,0.7,16.4,16.4,16.4,16.4,1.0,0.0,8.0,1.0,0.6,0.7,-72.3,-52.2,-32.1,-52.2,2.0,41.7,14.0,1.0,0.5,0.8,102.3,113.0,123.7,113.0,2.0,22.1,14.0,1.0,0.5,0.8,-38.4,-28.8,-19.2,-28.8,2.0,19.8,14.0,1.0,0.5,0.8,56.3,67.5,78.7,67.5,2.0,23.2,14.0,1.0,0.5,0.8,-2.8,-2.8,-2.8,-2.8,1.0,0.0,8.0,1.0,0.6,0.7,16.1,16.1,16.1,16.1,1.0,0.0,8.0,1.0,0.6,0.7,248.0,269.5,291.0,269.5,2.0,44.0,14.0,1.0,0.5,0.8,250.0,270.0,290.0,270.0,2.0,45.0,14.0,1.0,0.5,0.8
1974,2,95.0,-25.0,23.0,23.0,23.0,23.0,1.0,0.0,26.0,1.0,0.9,0.2,21.4,21.4,21.4,21.4,1.0,0.0,26.0,1.0,0.9,0.2,12.41,12.41,12.41,12.41,1.0,0.0,26.0,1.0,0.9,0.2,78.5,78.5,78.5,78.5,1.0,0.0,26.0,1.0,0.2,3.6,3.6,3.6,3.6,1.0,0.0,26.0,1.0,0.9,0.2,-1.8,-1.8,-1.8,-1.8,1.0,0.0,26.0,1.0,0.9,0.2,3.12,3.12,3.12,3.12,1.0,0.0,26.0,1.0,0.9,0.2,1013.7,1013.7,1013.7,1013.7,1.0,0.0,26.0,1.0,0.9,0.2,2.0,2.0,2.0,2.0,1.0,0.0,26.0,1.0,0.9,0.2,-6.5,-6.5,-6.5,-6.5,1.0,0.0,26.0,1.0,0.9,0.2,11.2,11.2,11.2,11.2,1.0,0.0,26.0,1.0,0.9,0.2,1.6,1.6,1.6,1.6,1.0,0.0,26.0,1.0,0.9,0.2,5.8,5.8,5.8,5.8,1.0,0.0,26.0,1.0,0.9,0.2,5.09,5.09,5.09,5.09,1.0,0.0,26.0,1.0,0.9,0.2,18.3,18.3,18.3,18.3,1.0,0.0,26.0,1.0,0.9,0.2,-38.5,-38.5,-38.5,-38.5,1.0,0.0,26.0,1.0,0.9,0.2,66.7,66.7,66.7,66.7,1.0,0.0,26.0,1.0,0.9,0.2,-22.3,-22.3,-22.3,-22.3,1.0,0.0,26.0,1.0,0.9,0.2,38.7,38.7,38.7,38.7,1.0,0.0,26.0,1.0,0.9,0.2,-9.2,-9.2,-9.2,-9.2,1.0,0.0,26.0,1.0,0.9,0.2,15.9,15.9,15.9,15.9,1.0,0.0,26.0,1.0,0.9,0.2,46.5,46.5,46.5,46.5,1.0,0.0,26.0,1.0,0.9,0.2,45.0,45.0,45.0,45.0,1.0,0.0,26.0,1.0,0.9,0.2
1974,2,95.0,-21.0,25.0,25.0,25.0,25.0,1.0,0.0,10.0,1.0,0.5,0.4,22.8,22.8,22.8,22.8,1.0,0.0,10.0,1.0,0.5,0.4,13.98,13.98,13.98,13.98,1.0,0.0,10.0,1.0,0.5,0.4,81.1,81.1,81.1,81.1,1.0,0.0,10.0,1.0,0.4,13.4,13.4,13.4,13.4,1.0,0.0,10.0,1.0,0.5,0.4,-6.7,-6.7,-6.7,-6.7,1.0,0.0,10.0,1.0,0.5,0.4,11.6,11.6,11.6,11.6,1.0,0.0,10.0,1.0,0.5,0.4,1015.1,1015.1,1015.1,1015.1,1.0,0.0,10.0,1.0,0.5,0.4,8.0,8.0,8.0,8.0,1.0,0.0,10.0,1.0,0.5,0.4,-89.8,-89.8,-89.8,-89.8,1.0,0.0,10.0,1.0,0.5,0.4,155.5,155.5,155.5,155.5,1.0,0.0,10.0,1.0,0.5,0.4,2.2,2.2,2.2,2.2,1.0,0.0,10.0,1.0,0.5,0.4,29.5,29.5,29.5,29.5,1.0,0.0,10.0,1.0,0.5,0.4,5.76,5.76,5.76,5.76,1.0,0.0,10.0,1.0,0.5,0.4,77.1,77.1,77.1,77.1,1.0,0.0,10.0,1.0,0.5,0.4,-152.8,-152.8,-152.8,-152.8,1.0,0.0,10.0,1.0,0.5,0.4,264.6,264.6,264.6,264.6,1.0,0.0,10.0,1.0,0.5,0.4,-93.7,-93.7,-93.7,-93.7,1.0,0.0,10.0,1.0,0.5,0.4,162.2,162.2,162.2,162.2,1.0,0.0,10.0,1.0,0.5,0.4,-38.6,-38.6,-38.6,-38.6,1.0,0.0,10.0,1.0,0.5,0.4,66.8,66.8,66.8,66.8,1.0,0.0,10.0,1.0,0.5,0.4,2406.0,2406.0,2406.0,2406.0,1.0,0.0,10.0,1.0,0.5,0.4,2405.0,2405.0,2405.0,2405.0,1.0,0.0,10.0,1.0,0.5,0.4
1974,2,95.0,-19.0,25.2,25.2,25.2,25.2,1.0,0.0,8.0,1.0,0.8,1.0,24.5,24.5,24.5,24.5,1.0,0.0,8.0,1.0,0.8,1.0,15.45,15.45,15.45,15.45,1.0,0.0,8.0,1.0,0.8,1.0,80.4,80.4,80.4,80.4,1.0,0.0,8.0,1.0,1.0,8.2,8.2,8.2,8.2,1.0,0.0,8.0,1.0,0.8,1.0,-5.27,-5.27,-5.27,-5.27,1.0,0.0,8.0,1.0,0.8,1.0,6.28,6.28,6.28,6.28,1.0,0.0,8.0,1.0,0.8,1.0,1008.7,1008.7,1008.7,1008.7,1.0,0.0,8.0,1.0,0.8,1.0,7.0,7.0,7.0,7.0,1.0,0.0,8.0,1.0,0.8,1.0,-43.2,-43.2,-43.2,-43.2,1.0,0.0,8.0,1.0,0.8,1.0,51.5,51.5,51.5,51.5,1.0,0.0,8.0,1.0,0.8,1.0,0.7,0.7,0.7,0.7,1.0,0.0,8.0,1.0,0.8,1.0,5.7,5.7,5.7,5.7,1.0,0.0,8.0,1.0,0.8,1.0,4.65,4.65,4.65,4.65,1.0,0.0,8.0,1.0,0.8,1.0,38.2,38.2,38.2,38.2,1.0,0.0,8.0,1.0,0.8,1.0,-129.1,-129.1,-129.1,-129.1,1.0,0.0,8.0,1.0,0.8,1.0,153.9,153.9,153.9,153.9,1.0,0.0,8.0,1.0,0.8,1.0,-81.4,-81.4,-81.4,-81.4,1.0,0.0,8.0,1.0,0.8,1.0,97.0,97.0,97.0,97.0,1.0,0.0,8.0,1.0,0.8,1.0,-24.5,-24.5,-24.5,-24.5,1.0,0.0,8.0,1.0,0.8,1.0,29.2,29.2,29.2,29.2,1.0,0.0,8.0,1.0,0.8,1.0,551.5,551.5,551.5,551.5,1.0,0.0,8.0,1.0,0.8,1.0,550.0,550.0,550.0,550.0,1.0,0.0,8.0,1.0,0.8,1.0
1974,2,95.0,-18.0,25.17,25.55,25.93,25.55,2.0,0.78,6.0,0.5,0.0,0.8,25.49,25.9,26.31,25.9,2.0,0.85,6.0,0.5,0.0,0.8,16.28,16.39,16.49,16.39,2.0,0.22,6.0,0.5,0.0,0.8,77.0,78.4,79.8,78.4,2.0,2.9,6.0,0.5,0.8,5.1,5.1,5.1,5.1,2.0,0.0,6.0,0.5,0.0,0.8,-4.31,-3.27,-2.23,-3.27,2.0,2.16,6.0,0.5,0.0,0.8,2.23,3.27,4.31,3.27,2.0,2.16,6.0,0.5,0.0,0.8,1008.43,1008.7,1008.97,1008.7,2.0,0.57,6.0,0.5,0.0,0.8,6.0,6.0,6.0,6.0,2.0,0.0,6.0,0.5,0.0,0.8,-22.0,-16.7,-11.4,-16.7,2.0,11.0,6.0,0.5,0.0,0.8,11.4,16.7,22.0,16.7,2.0,11.0,6.0,0.5,0.0,0.8,-1.13,-0.35,0.43,-0.35,2.0,1.63,6.0,0.5,0.0,0.8,-5.8,-1.8,2.2,-1.8,2.0,8.3,6.0,0.5,0.0,0.8,3.59,4.15,4.72,4.15,2.0,1.17,6.0,0.5,0.0,0.8,18.3,21.2,24.1,21.2,2.0,6.0,6.0,0.5,0.0,0.8,-109.3,-83.7,-58.1,-83.7,2.0,53.1,6.0,0.5,0.0,0.8,57.3,85.6,113.8,85.6,2.0,58.6,6.0,0.5,0.0,0.8,-70.0,-53.3,-36.6,-53.3,2.0,34.6,6.0,0.5,0.0,0.8,36.4,53.8,71.2,53.8,2.0,36.0,6.0,0.5,0.0,0.8,-21.0,-14.8,-8.7,-14.8,2.0,12.8,6.0,0.5,0.0,0.8,9.8,12.3,14.8,12.3,2.0,5.1,6.0,0.5,0.0,0.8,132.5,132.5,132.5,132.5,2.0,0.0,6.0,0.5,0.0,0.8,135.0,135.0,135.0,135.0,2.0,0.0,6.0,0.5,0.0,0.8
1974,2,95.0,-16.0,25.72,26.2,26.68,26.2,3.0,0.7,14.0,0.3,0.4,0.6,25.59,26.0,26.14,25.87,3.0,0.42,14.0,0.3,0.4,0.6,14.77,16.36,17.95,16.36,2.0,3.29,14.0,0.5,0.4,0.6,72.5,79.1,85.7,79.1,2.0,13.7,14.0,0.5,0.6,4.26,4.6,6.03,5.13,3.0,1.38,14.0,0.3,0.4,0.6,-5.73,-3.85,-1.22,-3.48,3.0,3.31,14.0,0.3,0.4,0.6,1.24,1.4,3.59,2.39,3.0,1.92,14.0,0.3,0.4,0.6,1006.44,1008.9,1010.4,1008.43,3.0,2.93,14.0,0.3,0.4,0.6,3.6,5.0,7.0,5.3,3.0,2.5,14.0,0.3,0.4,0.6,-35.2,-15.8,-5.0,-20.0,3.0,22.4,14.0,0.3,0.4,0.6,6.4,7.8,16.9,11.6,3.0,8.4,14.0,0.3,0.4,0.6,0.03,0.1,0.65,0.33,3.0,0.49,14.0,0.3,0.4,0.6,0.1,0.5,4.3,2.2,3.0,3.4,14.0,0.3,0.4,0.6,4.02,4.98,5.94,4.98,2.0,1.99,14.0,0.5,0.4,0.6,24.8,26.6,28.5,26.6,2.0,3.9,14.0,0.5,0.4,0.6,-149.1,-100.9,-32.0,-90.8,3.0,86.2,14.0,0.3,0.4,0.6,32.3,36.7,91.4,61.3,3.0,48.2,14.0,0.3,0.4,0.6,-103.7,-61.7,-19.6,-61.7,2.0,87.2,14.0,0.5,0.4,0.6,28.5,43.1,57.8,43.1,2.0,30.3,14.0,0.5,0.4,0.6,-19.8,-11.8,-3.7,-11.8,2.0,16.6,14.0,0.5,0.4,0.6,8.2,16.8,25.4,16.8,2.0,17.8,14.0,0.5,0.4,0.6,78.0,97.5,236.0,155.5,3.0,126.5,14.0,0.3,0.4,0.6,80.0,95.0,235.0,155.0,3.0,125.0,14.0,0.3,0.4,0.6
1974,2,95.0,-15.0,26.9,26.9,26.9,26.9,1.0,0.0,6.0,1.0,0.3,0.9,27.8,27.8,27.8,27.8,1.0,0.0,6.0,1.0,0.3,0.9,15.66,15.66,15.66,15.66,1.0,0.0,6.0,1.0,0.3,0.9,66.9,66.9,66.9,66.9,1.0,0.0,6.0,1.0,0.9,5.7,5.7,5.7,5.7,1.0,0.0,6.0,1.0,0.3,0.9,-3.66,-3.66,-3.66,-3.66,1.0,0.0,6.0,1.0,0.3,0.9,4.37,4.37,4.37,4.37,1.0,0.0,6.0,1.0,0.3,0.9,1007.6,1007.6,1007.6,1007.6,1.0,0.0,6.0,1.0,0.3,0.9,7.0,7.0,7.0,7.0,1.0,0.0,6.0,1.0,0.3,0.9,-20.9,-20.9,-20.9,-20.9,1.0,0.0,6.0,1.0,0.3,0.9,24.9,24.9,24.9,24.9,1.0,0.0,6.0,1.0,0.3,0.9,-0.9,-0.9,-0.9,-0.9,1.0,0.0,6.0,1.0,0.3,0.9,-5.1,-5.1,-5.1,-5.1,1.0,0.0,6.0,1.0,0.3,0.9,6.63,6.63,6.63,6.63,1.0,0.0,6.0,1.0,0.3,0.9,37.8,37.8,37.8,37.8,1.0,0.0,6.0,1.0,0.3,0.9,-101.9,-101.9,-101.9,-101.9,1.0,0.0,6.0,1.0,0.3,0.9,121.4,121.4,121.4,121.4,1.0,0.0,6.0,1.0,0.3,0.9,-57.4,-57.4,-57.4,-57.4,1.0,0.0,6.0,1.0,0.3,0.9,68.4,68.4,68.4,68.4,1.0,0.0,6.0,1.0,0.3,0.9,-24.3,-24.3,-24.3,-24.3,1.0,0.0,6.0,1.0,0.3,0.9,28.9,28.9,28.9,28.9,1.0,0.0,6.0,1.0,0.3,0.9,185.0,185.0,185.0,185.0,1.0,0.0,6.0,1.0,0.3,0.9,185.0,185.0,185.0,185.0,1.0,0.0,6.0,1.0,0.3,0.9
1974,2,95.0,-13.0,27.69,28.0,29.37,28.46,5.0,1.03,10.0,0.4,0.4,0.7,27.0,27.3,27.87,27.42,5.0,0.46,10.0,0.4,0.4,0.7,17.13,17.62,19.15,18.05,5.0,1.3,10.0,0.4,0.4,0.7,74.7,78.3,84.1,78.8,5.0,5.9,10.0,0.4,0.7,2.02,3.1,6.2,3.82,5.0,2.31,10.0,0.4,0.4,0.7,-3.31,-1.99,-1.3,-2.38,5.0,1.74,10.0,0.4,0.4,0.7,1.24,2.68,4.1,2.76,5.0,1.99,10.0,0.4,0.4,0.7,1006.2,1008.0,1009.17,1007.8,5.0,1.9,10.0,0.4,0.4,0.7,3.0,5.0,5.4,4.4,5.0,1.3,10.0,0.4,0.4,0.7,-20.5,-5.2,-3.4,-11.5,5.0,13.0,10.0,0.4,0.4,0.7,2.9,8.3,25.4,13.7,5.0,14.4,10.0,0.4,0.4,0.7,0.05,0.5,2.17,1.04,5.0,1.3,10.0,0.4,0.4,0.7,0.6,1.3,7.9,4.4,5.0,8.0,10.0,0.4,0.4,0.7,4.98,6.94,7.79,6.43,5.0,1.68,10.0,0.4,0.4,0.7,12.0,21.5,33.6,23.6,5.0,16.1,10.0,0.4,0.4,0.7,-90.9,-53.8,-36.2,-65.5,5.0,48.6,10.0,0.4,0.4,0.7,33.6,75.2,112.2,75.5,5.0,53.7,10.0,0.4,0.4,0.7,-64.2,-34.8,-21.8,-44.5,5.0,36.2,10.0,0.4,0.4,0.7,21.8,44.3,79.0,50.6,5.0,38.0,10.0,0.4,0.4,0.7,-18.5,-11.1,-9.2,-13.3,5.0,5.7,10.0,0.4,0.4,0.7,7.3,12.1,28.9,18.2,5.0,16.9,10.0,0.4,0.4,0.7,11.5,30.0,238.5,105.0,5.0,122.0,10.0,0.4,0.4,0.7,10.0,30.0,240.0,105.0,5.0,120.0,10.0,0.4,0.4,0.7
1974,2,95.0,-12.0,27.65,28.2,28.75,28.2,2.0,1.13,12.0,0.5,0.3,0.2,26.48,27.5,27.98,27.23,3.0,1.12,10.0,0.7,0.2,0.4,18.23,18.58,18.92,18.58,2.0,0.72,12.0,0.5,0.3,0.2,78.5,78.9,79.2,78.9,2.0,0.7,12.0,0.5,0.2,5.1,5.1,6.19,5.63,3.0,0.92,10.0,0.7,0.2,0.4,-3.98,-1.74,-1.35,-2.64,3.0,2.08,10.0,0.7,0.2,0.4,2.13,4.79,6.03,4.09,3.0,2.92,10.0,0.7,0.2,0.4,1006.06,1006.2,1007.63,1006.83,3.0,1.27,10.0,0.7,0.2,0.4,2.3,3.0,5.0,3.7,3.0,2.1,10.0,0.7,0.2,0.4,-20.3,-8.9,-8.1,-14.1,3.0,10.0,10.0,0.7,0.2,0.4,10.8,24.4,37.9,24.4,3.0,19.8,10.0,0.7,0.2,0.4,-0.43,0.35,1.13,0.35,2.0,1.63,12.0,0.5,0.3,0.2,-3.3,1.1,5.6,1.1,2.0,9.2,12.0,0.5,0.3,0.2,4.43,5.56,6.69,5.56,2.0,2.33,12.0,0.5,0.3,0.2,27.9,31.5,35.1,31.5,2.0,7.5,12.0,0.5,0.3,0.2,-108.7,-45.4,-36.8,-72.1,3.0,57.5,10.0,0.7,0.2,0.4,56.2,124.6,166.6,111.7,3.0,81.6,10.0,0.7,0.2,0.4,-79.9,-56.5,-33.1,-56.5,2.0,48.5,12.0,0.5,0.3,0.2,33.4,71.0,108.5,71.0,2.0,77.7,12.0,0.5,0.3,0.2,-31.2,-20.4,-9.6,-20.4,2.0,22.4,12.0,0.5,0.3,0.2,9.5,16.1,22.7,16.1,2.0,13.7,12.0,0.5,0.3,0.2,132.5,132.5,247.5,188.5,3.0,97.0,10.0,0.7,0.2,0.4,135.0,135.0,245.0,190.0,3.0,95.0,10.0,0.7,0.2,0.4
1974,2,95.0,-11.0,25.78,26.6,27.42,26.6,2.0,1.7,8.0,0.5,0.1,0.6,26.24,26.55,26.86,26.55,2.0,0.64,8.0,0.5,0.1,0.6,17.83,18.32,18.81,18.32,2.0,1.01,8.0,0.5,0.1,0.6,80.5,84.3,88.1,84.3,2.0,7.8,8.0,0.5,0.6,1.67,2.05,2.43,2.05,2.0,0.78,8.0,0.5,0.1,0.6,-1.17,-0.1,0.98,-0.1,2.0,2.23,8.0,0.5,0.1,0.6,0.54,1.13,1.72,1.13,2.0,1.22,8.0,0.5,0.1,0.6,1007.96,1008.3,1008.64,1008.3,2.0,0.71,8.0,0.5,0.1,0.6,4.2,4.5,4.8,4.5,2.0,0.7,8.0,0.5,0.1,0.6,-3.3,-1.1,1.2,-1.1,2.0,4.6,8.0,0.5,0.1,0.6,1.2,2.8,4.4,2.8,2.0,3.4,8.0,0.5,0.1,0.6,-1.08,0.05,1.18,0.05,2.0,2.33,8.0,0.5,0.1,0.6,-3.1,-0.8,1.5,-0.8,2.0,4.7,8.0,0.5,0.1,0.6,3.03,3.61,4.18,3.61,2.0,1.19,8.0,0.5,0.1,0.6,6.8,6.9,7.1,6.9,2.0,0.4,8.0,0.5,0.1,0.6,-31.8,-3.3,25.3,-3.3,2.0,59.2,8.0,0.5,0.1,0.6,14.3,30.3,46.3,30.3,2.0,33.2,8.0,0.5,0.1,0.6,-20.3,-0.6,19.0,-0.6,2.0,40.7,8.0,0.5,0.1,0.6,9.7,20.0,30.3,20.0,2.0,21.3,8.0,0.5,0.1,0.6,-2.8,1.0,4.8,1.0,2.0,7.9,8.0,0.5,0.1,0.6,1.8,3.3,4.8,3.3,2.0,3.1,8.0,0.5,0.1,0.6,5.5,10.5,15.5,10.5,2.0,10.0,8.0,0.5,0.1,0.6,5.0,10.0,15.0,10.0,2.0,10.0,8.0,0.5,0.1,0.6
1974,2,95.0,-9.0,,,,,,,,,,,,,,,,,,,,,,,,,,,,,,,,,,,,,,,,0.0,0.0,0.0,0.0,1.0,0.0,28.0,0.0,0.2,0.2,0.0,0.0,0.0,0.0,1.0,0.0,28.0,0.0,0.2,0.2,0.0,0.0,0.0,0.0,1.0,0.0,28.0,0.0,0.2,0.2,1009.5,1009.5,1009.5,1009.5,1.0,0.0,28.0,0.0,0.2,0.2,,,,,,,,,,,,,,,,,,,,,,,,,,,,,,,,,,,,,,,,,,,,,,,,,,,,,,,,,,,,,,,,,,,,,,,,,,,,,,,,,,,,,,,,,,,,,,,,,,,,,,,,,,,,,,,,,,,,,,,,,,,,,,,,,,,,,,,,,,,,,,,,,,,,,,
1974,2,95.0,-5.0,29.0,29.0,29.0,29.0,1.0,0.0,22.0,1.0,0.0,1.0,29.0,29.0,29.0,29.0,1.0,0.0,22.0,1.0,0.0,1.0,18.29,18.29,18.29,18.29,1.0,0.0,22.0,1.0,0.0,1.0,72.7,72.7,72.7,72.7,1.0,0.0,22.0,1.0,1.0,5.1,5.1,5.1,5.1,1.0,0.0,22.0,1.0,0.0,1.0,5.1,5.1,5.1,5.1,1.0,0.0,22.0,1.0,0.0,1.0,0.0,0.0,0.0,0.0,1.0,0.0,22.0,1.0,0.0,1.0,1006.0,1006.0,1006.0,1006.0,1.0,0.0,22.0,1.0,0.0,1.0,4.0,4.0,4.0,4.0,1.0,0.0,22.0,1.0,0.0,1.0,26.0,26.0,26.0,26.0,1.0,0.0,22.0,1.0,0.0,1.0,0.0,0.0,0.0,0.0,1.0,0.0,22.0,1.0,0.0,1.0,0.0,0.0,0.0,0.0,1.0,0.0,22.0,1.0,0.0,1.0,0.0,0.0,0.0,0.0,1.0,0.0,22.0,1.0,0.0,1.0,6.99,6.99,6.99,6.99,1.0,0.0,22.0,1.0,0.0,1.0,35.6,35.6,35.6,35.6,1.0,0.0,22.0,1.0,0.0,1.0,147.9,147.9,147.9,147.9,1.0,0.0,22.0,1.0,0.0,1.0,0.0,0.0,0.0,0.0,1.0,0.0,22.0,1.0,0.0,1.0,93.3,93.3,93.3,93.3,1.0,0.0,22.0,1.0,0.0,1.0,0.0,0.0,0.0,0.0,1.0,0.0,22.0,1.0,0.0,1.0,35.6,35.6,35.6,35.6,1.0,0.0,22.0,1.0,0.0,1.0,0.0,0.0,0.0,0.0,1.0,0.0,22.0,1.0,0.0,1.0,132.5,132.5,132.5,132.5,1.0,0.0,22.0,1.0,0.0,1.0,135.0,135.0,135.0,135.0,1.0,0.0,22.0,1.0,0.0,1.0
1974,2,95.0,-3.0,27.6,27.6,27.6,27.6,1.0,0.0,22.0,0.0,0.9,0.6,27.0,27.0,27.0,27.0,1.0,0.0,22.0,0.0,0.9,0.6,17.7,17.7,17.7,17.7,1.0,0.0,22.0,0.0,0.9,0.6,79.2,79.2,79.2,79.2,1.0,0.0,22.0,0.0,0.6,1.0,1.0,1.0,1.0,1.0,0.0,22.0,0.0,0.9,0.6,0.98,0.98,0.98,0.98,1.0,0.0,22.0,0.0,0.9,0.6,0.17,0.17,0.17,0.17,1.0,0.0,22.0,0.0,0.9,0.6,1008.2,1008.2,1008.2,1008.2,1.0,0.0,22.0,0.0,0.9,0.6,,,,,,,,,,,,,,,,,,,,,,,,,,,,,,,0.6,0.6,0.6,0.6,1.0,0.0,22.0,0.0,0.9,0.6,0.6,0.6,0.6,0.6,1.0,0.0,22.0,0.0,0.9,0.6,5.52,5.52,5.52,5.52,1.0,0.0,22.0,0.0,0.9,0.6,5.5,5.5,5.5,5.5,1.0,0.0,22.0,0.0,0.9,0.6,26.6,26.6,26.6,26.6,1.0,0.0,22.0,0.0,0.9,0.6,4.7,4.7,4.7,4.7,1.0,0.0,22.0,0.0,0.9,0.6,17.4,17.4,17.4,17.4,1.0,0.0,22.0,0.0,0.9,0.6,3.1,3.1,3.1,3.1,1.0,0.0,22.0,0.0,0.9,0.6,5.4,5.4,5.4,5.4,1.0,0.0,22.0,0.0,0.9,0.6,1.0,1.0,1.0,1.0,1.0,0.0,22.0,0.0,0.9,0.6,1.0,1.0,1.0,1.0,1.0,0.0,22.0,0.0,0.9,0.6,0.0,0.0,0.0,0.0,1.0,0.0,22.0,0.0,0.9,0.6
1974,2,95.0,0.0,28.0,28.0,28.0,28.0,1.0,0.0,16.0,0.0,0.4,0.7,29.0,29.0,29.0,29.0,1.0,0.0,16.0,0.0,0.4,0.7,19.52,19.52,19.52,19.52,1.0,0.0,16.0,0.0,0.4,0.7,77.6,77.6,77.6,77.6,1.0,0.0,16.0,0.0,0.7,2.6,2.6,2.6,2.6,1.0,0.0,16.0,0.0,0.4,0.7,1.99,1.99,1.99,1.99,1.0,0.0,16.0,0.0,0.4,0.7,-1.67,-1.67,-1.67,-1.67,1.0,0.0,16.0,0.0,0.4,0.7,1008.0,1008.0,1008.0,1008.0,1.0,0.0,16.0,0.0,0.4,0.7,7.0,7.0,7.0,7.0,1.0,0.0,16.0,0.0,0.4,0.7,5.2,5.2,5.2,5.2,1.0,0.0,16.0,0.0,0.4,0.7,-4.3,-4.3,-4.3,-4.3,1.0,0.0,16.0,0.0,0.4,0.7,-1.0,-1.0,-1.0,-1.0,1.0,0.0,16.0,0.0,0.4,0.7,-2.6,-2.6,-2.6,-2.6,1.0,0.0,16.0,0.0,0.4,0.7,4.26,4.26,4.26,4.26,1.0,0.0,16.0,0.0,0.4,0.7,11.1,11.1,11.1,11.1,1.0,0.0,16.0,0.0,0.4,0.7,57.8,57.8,57.8,57.8,1.0,0.0,16.0,0.0,0.4,0.7,-48.5,-48.5,-48.5,-48.5,1.0,0.0,16.0,0.0,0.4,0.7,38.9,38.9,38.9,38.9,1.0,0.0,16.0,0.0,0.4,0.7,-32.6,-32.6,-32.6,-32.6,1.0,0.0,16.0,0.0,0.4,0.7,8.5,8.5,8.5,8.5,1.0,0.0,16.0,0.0,0.4,0.7,-7.1,-7.1,-7.1,-7.1,1.0,0.0,16.0,0.0,0.4,0.7,17.5,17.5,17.5,17.5,1.0,0.0,16.0,0.0,0.4,0.7,20.0,20.0,20.0,20.0,1.0,0.0,16.0,0.0,0.4,0.7
1974,2,95.0,3.0,28.75,28.85,28.95,28.85,2.0,0.21,22.0,0.0,0.7,0.9,26.57,27.8,28.48,27.53,3.0,1.42,24.0,0.0,0.5,0.6,17.47,17.68,17.9,17.68,2.0,0.45,22.0,0.0,0.7,0.9,72.9,73.4,74.0,73.4,2.0,1.1,22.0,0.0,0.9,3.1,3.1,3.1,3.1,1.0,0.0,28.0,0.0,0.7,0.9,3.05,3.05,3.05,3.05,1.0,0.0,28.0,0.0,0.7,0.9,0.54,0.54,0.54,0.54,1.0,0.0,28.0,0.0,0.7,0.9,1009.32,1010.0,1010.68,1010.0,3.0,1.0,24.0,0.0,0.5,0.6,6.3,7.0,7.7,7.0,3.0,1.0,24.0,0.0,0.5,0.6,9.5,9.5,9.5,9.5,1.0,0.0,28.0,0.0,0.7,0.9,1.7,1.7,1.7,1.7,1.0,0.0,28.0,0.0,0.7,0.9,0.31,0.55,0.79,0.55,2.0,0.49,22.0,0.0,0.7,0.9,0.6,0.6,0.6,0.6,1.0,0.0,28.0,0.0,0.7,0.9,7.21,7.29,7.36,7.29,2.0,0.15,22.0,0.0,0.7,0.9,22.3,22.3,22.3,22.3,1.0,0.0,28.0,0.0,0.7,0.9,87.9,87.9,87.9,87.9,1.0,0.0,28.0,0.0,0.7,0.9,15.5,15.5,15.5,15.5,1.0,0.0,28.0,0.0,0.7,0.9,54.9,54.9,54.9,54.9,1.0,0.0,28.0,0.0,0.7,0.9,9.7,9.7,9.7,9.7,1.0,0.0,28.0,0.0,0.7,0.9,21.9,21.9,21.9,21.9,1.0,0.0,28.0,0.0,0.7,0.9,3.9,3.9,3.9,3.9,1.0,0.0,28.0,0.0,0.7,0.9,30.0,30.0,30.0,30.0,1.0,0.0,28.0,0.0,0.7,0.9,30.0,30.0,30.0,30.0,1.0,0.0,28.0,0.0,0.7,0.9
1974,2,95.0,4.0,27.0,27.0,27.0,27.0,1.0,0.0,18.0,0.0,0.1,0.7,26.73,27.45,28.17,27.45,2.0,1.48,24.0,0.5,0.1,0.3,17.59,17.59,17.59,17.59,1.0,0.0,18.0,0.0,0.1,0.7,81.6,81.6,81.6,81.6,1.0,0.0,18.0,0.0,0.7,0.0,0.0,0.0,0.0,1.0,0.0,18.0,0.0,0.1,0.7,0.0,0.0,0.0,0.0,1.0,0.0,18.0,0.0,0.1,0.7,0.0,0.0,0.0,0.0,1.0,0.0,18.0,0.0,0.1,0.7,1008.85,1009.6,1010.35,1009.6,2.0,1.56,24.0,0.5,0.1,0.3,5.5,6.5,7.5,6.5,2.0,2.1,24.0,0.5,0.1,0.3,0.0,0.0,0.0,0.0,1.0,0.0,18.0,0.0,0.1,0.7,0.0,0.0,0.0,0.0,1.0,0.0,18.0,0.0,0.1,0.7,0.6,0.6,0.6,0.6,1.0,0.0,18.0,0.0,0.1,0.7,0.0,0.0,0.0,0.0,1.0,0.0,18.0,0.0,0.1,0.7,4.81,4.81,4.81,4.81,1.0,0.0,18.0,0.0,0.1,0.7,0.0,0.0,0.0,0.0,1.0,0.0,18.0,0.0,0.1,0.7,0.0,0.0,0.0,0.0,1.0,0.0,18.0,0.0,0.1,0.7,0.0,0.0,0.0,0.0,1.0,0.0,18.0,0.0,0.1,0.7,0.0,0.0,0.0,0.0,1.0,0.0,18.0,0.0,0.1,0.7,0.0,0.0,0.0,0.0,1.0,0.0,18.0,0.0,0.1,0.7,0.0,0.0,0.0,0.0,1.0,0.0,18.0,0.0,0.1,0.7,0.0,0.0,0.0,0.0,1.0,0.0,18.0,0.0,0.1,0.7,0.0,0.0,0.0,0.0,1.0,0.0,18.0,0.0,0.1,0.7,0.0,0.0,0.0,0.0,1.0,0.0,18.0,0.0,0.1,0.7
1974,2,95.0,5.0,26.75,27.65,28.45,27.6,16.0,0.82,18.0,0.6,0.6,0.7,26.0,27.1,27.86,27.04,18.0,1.0,18.0,0.6,0.5,0.7,17.28,17.96,18.99,18.15,16.0,1.1,20.0,0.6,0.5,0.7,74.0,81.2,86.4,80.7,16.0,6.3,20.0,0.6,0.7,0.0,2.85,5.78,3.18,16.0,2.74,18.0,0.5,0.6,0.7,-5.24,0.0,1.82,-1.3,16.0,3.75,18.0,0.5,0.6,0.7,-1.38,0.0,1.19,0.01,16.0,1.55,18.0,0.5,0.6,0.7,1007.33,1009.5,1010.49,1009.14,19.0,1.93,18.0,0.6,0.6,0.7,5.0,6.0,7.0,5.8,19.0,1.5,18.0,0.6,0.6,0.7,-30.4,0.0,5.5,-10.3,16.0,24.8,18.0,0.5,0.6,0.7,-6.6,0.0,4.1,-1.0,16.0,6.5,18.0,0.5,0.6,0.7,-0.29,0.5,1.11,0.34,15.0,0.81,18.0,0.5,0.6,0.7,0.0,0.6,2.5,0.3,14.0,3.4,18.0,0.5,0.5,0.7,4.1,4.69,6.38,4.88,14.0,1.46,20.0,0.6,0.5,0.7,0.0,11.2,21.5,12.9,13.0,11.3,20.0,0.5,0.5,0.6,-139.2,0.0,49.4,-35.9,16.0,103.1,18.0,0.5,0.6,0.7,-38.0,0.0,30.8,0.2,16.0,41.9,18.0,0.5,0.6,0.7,-101.6,0.0,26.1,-33.6,14.0,65.8,18.0,0.5,0.5,0.7,-14.2,0.0,22.5,2.6,14.0,29.3,18.0,0.5,0.5,0.7,-19.6,0.0,6.5,-5.1,13.0,14.5,20.0,0.5,0.5,0.6,-3.7,0.0,6.3,0.9,13.0,8.4,20.0,0.5,0.5,0.6,0.0,23.5,198.0,106.5,16.0,170.0,18.0,0.5,0.6,0.7,0.0,25.0,200.0,105.0,16.0,170.0,18.0,0.5,0.6,0.7
1974,2,95.0,6.0,27.02,28.85,29.47,28.49,14.0,1.49,12.0,0.6,0.2,0.0,25.52,26.55,26.99,26.45,14.0,0.83,14.0,0.6,0.3,0.0,17.04,17.9,18.25,17.63,13.0,0.79,14.0,0.5,0.3,0.0,72.9,83.6,88.0,81.9,14.0,6.4,14.0,0.6,0.0,2.35,4.1,6.28,4.22,13.0,2.62,10.0,0.6,0.3,0.0,-5.93,-2.56,0.0,-2.81,13.0,3.39,10.0,0.6,0.3,0.0,-3.19,-1.74,0.0,-1.54,13.0,1.89,10.0,0.6,0.3,0.0,1008.21,1008.85,1010.54,1009.21,14.0,1.93,12.0,0.6,0.3,0.0,3.2,5.0,6.8,5.0,15.0,1.6,12.0,0.6,0.3,0.0,-37.3,-11.1,0.0,-16.9,13.0,26.0,10.0,0.6,0.3,0.0,-17.9,-8.5,0.0,-9.2,13.0,11.2,10.0,0.6,0.3,0.0,0.77,1.5,3.34,1.86,13.0,1.35,14.0,0.6,0.3,0.0,0.0,5.7,14.1,6.7,11.0,6.0,12.0,0.6,0.3,0.0,4.35,6.17,8.3,6.38,12.0,2.17,14.0,0.6,0.2,0.0,4.9,20.8,42.8,26.3,10.0,24.9,12.0,0.6,0.2,0.0,-115.5,-66.4,0.0,-66.8,12.0,90.4,12.0,0.6,0.3,0.0,-85.0,-50.2,0.0,-41.9,12.0,52.6,12.0,0.6,0.3,0.0,-78.5,-42.0,0.0,-40.2,11.0,59.8,12.0,0.5,0.3,0.0,-50.1,-31.8,0.0,-23.7,11.0,32.8,12.0,0.5,0.3,0.0,-37.8,-15.5,0.0,-18.5,10.0,28.0,12.0,0.6,0.2,0.0,-16.2,-6.1,0.0,-6.3,10.0,13.3,12.0,0.6,0.2,0.0,16.0,69.0,248.5,156.0,13.0,220.5,10.0,0.6,0.3,0.0,15.0,70.0,250.0,155.0,13.0,220.0,10.0,0.6,0.3,0.0
1974,2,95.0,7.0,,,,,,,,,,,,,,,,,,,,,,,,,,,,,,,,,,,,,,,,1.35,2.1,5.58,3.43,3.0,3.31,18.0,0.7,0.6,0.2,-5.43,-1.61,-1.1,-3.22,3.0,3.46,18.0,0.7,0.6,0.2,-0.34,0.0,0.92,0.28,3.0,0.96,18.0,0.7,0.6,0.2,1007.73,1008.45,1009.17,1008.45,2.0,1.48,24.0,0.5,0.7,0.1,,,,,,,,,,,,,,,,,,,,,,,,,,,,,,,,,,,,,,,,,,,,,,,,,,,,,,,,,,,,,,,,,,,,,,,,,,,,,,,,,,,,,,,,,,,,,,,,,,,,,,,,,,,,,,,,,,,,,,,,,,,,,,,,,,,,,,,,,,,,,,,,,,,,,,
1974,2,95.0,10.0,,,,,,,,,,,,,,,,,,,,,,,,,,,,,,,,,,,,,,,,3.1,3.1,3.1,3.1,1.0,0.0,16.0,1.0,0.6,0.9,-2.68,-2.68,-2.68,-2.68,1.0,0.0,16.0,1.0,0.6,0.9,-1.55,-1.55,-1.55,-1.55,1.0,0.0,16.0,1.0,0.6,0.9,1014.1,1014.1,1014.1,1014.1,1.0,0.0,16.0,1.0,0.6,0.9,,,,,,,,,,,,,,,,,,,,,,,,,,,,,,,,,,,,,,,,,,,,,,,,,,,,,,,,,,,,,,,,,,,,,,,,,,,,,,,,,,,,,,,,,,,,,,,,,,,,,,,,,,,,,,,,,,,,,,,,,,,,,,,,,,,,,,,,,,,,,,,,,,,,,,
1974,2,95.0,11.0,,,,,,,,,,,,,,,,,,,,,,,,,,,,,,,,,,,,,,,,5.0,5.0,5.0,5.0,1.0,0.0,16.0,0.0,0.2,0.8,-3.83,-3.83,-3.83,-3.83,1.0,0.0,16.0,0.0,0.2,0.8,-3.21,-3.21,-3.21,-3.21,1.0,0.0,16.0,0.0,0.2,0.8,1010.9,1010.9,1010.9,1010.9,1.0,0.0,16.0,0.0,0.2,0.8,,,,,,,,,,,,,,,,,,,,,,,,,,,,,,,,,,,,,,,,,,,,,,,,,,,,,,,,,,,,,,,,,,,,,,,,,,,,,,,,,,,,,,,,,,,,,,,,,,,,,,,,,,,,,,,,,,,,,,,,,,,,,,,,,,,,,,,,,,,,,,,,,,,,,,
1974,2,96.0,-51.0,,,,,,,,,,,,,,,,,,,,,,,,,,,,,,,,,,,,,,,,,,,,,,,,,,,,,,,,,,,,,,,,,,,,,,,,,,,,,,,,3.0,3.0,3.0,3.0,1.0,0.0,4.0,1.0,0.5,0.7,168.7,168.7,168.7,168.7,1.0,0.0,4.0,1.0,0.5,0.7,-61.4,-61.4,-61.4,-61.4,1.0,0.0,4.0,1.0,0.5,0.7,,,,,,,,,,,,,,,,,,,,,,,,,,,,,,,,,,,,,,,,,,,,,,,,,,,,,,,,,,,,,,,,,,,,,,,,,,,,,,,,,,,,,,,,,,,,,,,,,,,,,,,,,,,,,,,,,,,,,,,,
1974,2,96.0,-49.0,6.0,6.0,6.0,6.0,1.0,0.0,20.0,1.0,0.7,0.3,5.5,5.5,5.5,5.5,1.0,0.0,20.0,1.0,0.7,0.3,4.28,4.28,4.28,4.28,1.0,0.0,20.0,1.0,0.7,0.3,76.5,76.5,76.5,76.5,1.0,0.0,20.0,1.0,0.3,6.7,6.7,6.7,6.7,1.0,0.0,20.0,1.0,0.7,0.3,6.3,6.3,6.3,6.3,1.0,0.0,20.0,1.0,0.7,0.3,-2.29,-2.29,-2.29,-2.29,1.0,0.0,20.0,1.0,0.7,0.3,1010.8,1010.8,1010.8,1010.8,1.0,0.0,20.0,1.0,0.7,0.3,8.0,8.0,8.0,8.0,1.0,0.0,20.0,1.0,0.7,0.3,42.2,42.2,42.2,42.2,1.0,0.0,20.0,1.0,0.7,0.3,-15.4,-15.4,-15.4,-15.4,1.0,0.0,20.0,1.0,0.7,0.3,0.5,0.5,0.5,0.5,1.0,0.0,20.0,1.0,0.7,0.3,3.4,3.4,3.4,3.4,1.0,0.0,20.0,1.0,0.7,0.3,1.52,1.52,1.52,1.52,1.0,0.0,20.0,1.0,0.7,0.3,10.2,10.2,10.2,10.2,1.0,0.0,20.0,1.0,0.7,0.3,34.6,34.6,34.6,34.6,1.0,0.0,20.0,1.0,0.7,0.3,-12.6,-12.6,-12.6,-12.6,1.0,0.0,20.0,1.0,0.7,0.3,27.0,27.0,27.0,27.0,1.0,0.0,20.0,1.0,0.7,0.3,-9.8,-9.8,-9.8,-9.8,1.0,0.0,20.0,1.0,0.7,0.3,9.6,9.6,9.6,9.6,1.0,0.0,20.0,1.0,0.7,0.3,-3.5,-3.5,-3.5,-3.5,1.0,0.0,20.0,1.0,0.7,0.3,301.0,301.0,301.0,301.0,1.0,0.0,20.0,1.0,0.7,0.3,300.0,300.0,300.0,300.0,1.0,0.0,20.0,1.0,0.7,0.3
1974,2,96.0,-41.0,13.4,13.4,13.4,13.4,1.0,0.0,6.0,0.0,0.7,1.0,12.0,12.0,12.0,12.0,1.0,0.0,6.0,0.0,0.7,1.0,7.05,7.05,7.05,7.05,1.0,0.0,6.0,0.0,0.7,1.0,83.0,83.0,83.0,83.0,1.0,0.0,6.0,0.0,1.0,4.1,4.1,4.1,4.1,1.0,0.0,6.0,0.0,0.7,1.0,-2.64,-2.64,-2.64,-2.64,1.0,0.0,6.0,0.0,0.7,1.0,3.14,3.14,3.14,3.14,1.0,0.0,6.0,0.0,0.7,1.0,1034.5,1034.5,1034.5,1034.5,1.0,0.0,6.0,0.0,0.7,1.0,2.0,2.0,2.0,2.0,1.0,0.0,6.0,0.0,0.7,1.0,-10.8,-10.8,-10.8,-10.8,1.0,0.0,6.0,0.0,0.7,1.0,12.9,12.9,12.9,12.9,1.0,0.0,6.0,0.0,0.7,1.0,1.4,1.4,1.4,1.4,1.0,0.0,6.0,0.0,0.7,1.0,5.7,5.7,5.7,5.7,1.0,0.0,6.0,0.0,0.7,1.0,2.28,2.28,2.28,2.28,1.0,0.0,6.0,0.0,0.7,1.0,9.3,9.3,9.3,9.3,1.0,0.0,6.0,0.0,0.7,1.0,-31.6,-31.6,-31.6,-31.6,1.0,0.0,6.0,0.0,0.7,1.0,37.7,37.7,37.7,37.7,1.0,0.0,6.0,0.0,0.7,1.0,-18.6,-18.6,-18.6,-18.6,1.0,0.0,6.0,0.0,0.7,1.0,22.2,22.2,22.2,22.2,1.0,0.0,6.0,0.0,0.7,1.0,-6.0,-6.0,-6.0,-6.0,1.0,0.0,6.0,0.0,0.7,1.0,7.2,7.2,7.2,7.2,1.0,0.0,6.0,0.0,0.7,1.0,69.0,69.0,69.0,69.0,1.0,0.0,6.0,0.0,0.7,1.0,70.0,70.0,70.0,70.0,1.0,0.0,6.0,0.0,0.7,1.0
1974,2,96.0,-40.0,14.0,14.0,14.0,14.0,1.0,0.0,4.0,1.0,0.8,0.2,13.0,13.0,13.0,13.0,1.0,0.0,4.0,1.0,0.8,0.2,5.78,5.78,5.78,5.78,1.0,0.0,4.0,1.0,0.8,0.2,63.3,63.3,63.3,63.3,1.0,0.0,4.0,1.0,0.2,5.1,5.1,5.1,5.1,1.0,0.0,4.0,1.0,0.8,0.2,3.28,3.28,3.28,3.28,1.0,0.0,4.0,1.0,0.8,0.2,3.91,3.91,3.91,3.91,1.0,0.0,4.0,1.0,0.8,0.2,1028.2,1028.2,1028.2,1028.2,1.0,0.0,4.0,1.0,0.8,0.2,8.0,8.0,8.0,8.0,1.0,0.0,4.0,1.0,0.8,0.2,16.7,16.7,16.7,16.7,1.0,0.0,4.0,1.0,0.8,0.2,19.9,19.9,19.9,19.9,1.0,0.0,4.0,1.0,0.8,0.2,1.0,1.0,1.0,1.0,1.0,0.0,4.0,1.0,0.8,0.2,5.1,5.1,5.1,5.1,1.0,0.0,4.0,1.0,0.8,0.2,3.99,3.99,3.99,3.99,1.0,0.0,4.0,1.0,0.8,0.2,20.3,20.3,20.3,20.3,1.0,0.0,4.0,1.0,0.8,0.2,42.6,42.6,42.6,42.6,1.0,0.0,4.0,1.0,0.8,0.2,50.8,50.8,50.8,50.8,1.0,0.0,4.0,1.0,0.8,0.2,18.9,18.9,18.9,18.9,1.0,0.0,4.0,1.0,0.8,0.2,22.6,22.6,22.6,22.6,1.0,0.0,4.0,1.0,0.8,0.2,13.1,13.1,13.1,13.1,1.0,0.0,4.0,1.0,0.8,0.2,15.6,15.6,15.6,15.6,1.0,0.0,4.0,1.0,0.8,0.2,132.5,132.5,132.5,132.5,1.0,0.0,4.0,1.0,0.8,0.2,135.0,135.0,135.0,135.0,1.0,0.0,4.0,1.0,0.8,0.2
1974,2,96.0,-39.0,15.0,15.0,15.0,15.0,1.0,0.0,16.0,1.0,0.5,0.2,13.0,13.0,13.0,13.0,1.0,0.0,16.0,1.0,0.5,0.2,5.45,5.45,5.45,5.45,1.0,0.0,16.0,1.0,0.5,0.2,59.9,59.9,59.9,59.9,1.0,0.0,16.0,1.0,0.2,,,,,,,,,,,,,,,,,,,,,,,,,,,,,,,,,,,,,,,,,,,,,,,,,,,,,,,,,,,,,,,,,,,,,,,,,,,,,,,,,,,,,,,,,,,,,,,,,,,,,,,,,,,,,,,,,,,,,,,,,,,,,,,,,,,,,,,,,,,,,,,,,,,,,,,,,,,,,,,,,,,,,,,,,,,,,,,,,,,,,,,,,,,,,,
1974,2,96.0,-37.0,18.4,18.4,18.4,18.4,1.0,0.0,4.0,0.0,0.5,1.0,20.7,20.7,20.7,20.7,1.0,0.0,4.0,0.0,0.5,1.0,11.92,11.92,11.92,11.92,1.0,0.0,4.0,0.0,0.5,1.0,79.3,79.3,79.3,79.3,1.0,0.0,4.0,0.0,1.0,10.3,10.3,10.3,10.3,1.0,0.0,4.0,0.0,0.5,1.0,-10.14,-10.14,-10.14,-10.14,1.0,0.0,4.0,0.0,0.5,1.0,1.79,1.79,1.79,1.79,1.0,0.0,4.0,0.0,0.5,1.0,1022.6,1022.6,1022.6,1022.6,1.0,0.0,4.0,0.0,0.5,1.0,8.0,8.0,8.0,8.0,1.0,0.0,4.0,0.0,0.5,1.0,-104.5,-104.5,-104.5,-104.5,1.0,0.0,4.0,0.0,0.5,1.0,18.4,18.4,18.4,18.4,1.0,0.0,4.0,0.0,0.5,1.0,-2.3,-2.3,-2.3,-2.3,1.0,0.0,4.0,0.0,0.5,1.0,-23.7,-23.7,-23.7,-23.7,1.0,0.0,4.0,0.0,0.5,1.0,1.11,1.11,1.11,1.11,1.0,0.0,4.0,0.0,0.5,1.0,11.4,11.4,11.4,11.4,1.0,0.0,4.0,0.0,0.5,1.0,-210.0,-210.0,-210.0,-210.0,1.0,0.0,4.0,0.0,0.5,1.0,37.0,37.0,37.0,37.0,1.0,0.0,4.0,0.0,0.5,1.0,-120.9,-120.9,-120.9,-120.9,1.0,0.0,4.0,0.0,0.5,1.0,21.3,21.3,21.3,21.3,1.0,0.0,4.0,0.0,0.5,1.0,-11.3,-11.3,-11.3,-11.3,1.0,0.0,4.0,0.0,0.5,1.0,2.0,2.0,2.0,2.0,1.0,0.0,4.0,0.0,0.5,1.0,1092.5,1092.5,1092.5,1092.5,1.0,0.0,4.0,0.0,0.5,1.0,1095.0,1095.0,1095.0,1095.0,1.0,0.0,4.0,0.0,0.5,1.0
1974,2,96.0,-36.0,19.4,19.4,19.4,19.4,1.0,0.0,14.0,1.0,0.7,0.9,16.6,16.6,16.6,16.6,1.0,0.0,14.0,1.0,0.7,0.9,8.49,8.49,8.49,8.49,1.0,0.0,14.0,1.0,0.7,0.9,73.3,73.3,73.3,73.3,1.0,0.0,14.0,1.0,0.9,0.0,0.0,0.0,0.0,1.0,0.0,14.0,1.0,0.7,0.9,0.0,0.0,0.0,0.0,1.0,0.0,14.0,1.0,0.7,0.9,0.0,0.0,0.0,0.0,1.0,0.0,14.0,1.0,0.7,0.9,1023.6,1023.6,1023.6,1023.6,1.0,0.0,14.0,1.0,0.7,0.9,8.0,8.0,8.0,8.0,1.0,0.0,14.0,1.0,0.7,0.9,0.0,0.0,0.0,0.0,1.0,0.0,14.0,1.0,0.7,0.9,0.0,0.0,0.0,0.0,1.0,0.0,14.0,1.0,0.7,0.9,2.8,2.8,2.8,2.8,1.0,0.0,14.0,1.0,0.7,0.9,0.0,0.0,0.0,0.0,1.0,0.0,14.0,1.0,0.7,0.9,5.37,5.37,5.37,5.37,1.0,0.0,14.0,1.0,0.7,0.9,0.0,0.0,0.0,0.0,1.0,0.0,14.0,1.0,0.7,0.9,0.0,0.0,0.0,0.0,1.0,0.0,14.0,1.0,0.7,0.9,0.0,0.0,0.0,0.0,1.0,0.0,14.0,1.0,0.7,0.9,0.0,0.0,0.0,0.0,1.0,0.0,14.0,1.0,0.7,0.9,0.0,0.0,0.0,0.0,1.0,0.0,14.0,1.0,0.7,0.9,0.0,0.0,0.0,0.0,1.0,0.0,14.0,1.0,0.7,0.9,0.0,0.0,0.0,0.0,1.0,0.0,14.0,1.0,0.7,0.9,0.0,0.0,0.0,0.0,1.0,0.0,14.0,1.0,0.7,0.9,0.0,0.0,0.0,0.0,1.0,0.0,14.0,1.0,0.7,0.9
1974,2,96.0,-32.0,19.4,19.4,19.4,19.4,1.0,0.0,14.0,1.0,0.0,0.2,19.6,19.6,19.6,19.6,1.0,0.0,14.0,1.0,0.0,0.2,10.43,10.43,10.43,10.43,1.0,0.0,14.0,1.0,0.0,0.2,74.3,74.3,74.3,74.3,1.0,0.0,14.0,1.0,0.2,6.7,6.7,6.7,6.7,1.0,0.0,14.0,1.0,0.0,0.2,-2.29,-2.29,-2.29,-2.29,1.0,0.0,14.0,1.0,0.0,0.2,6.3,6.3,6.3,6.3,1.0,0.0,14.0,1.0,0.0,0.2,1021.2,1021.2,1021.2,1021.2,1.0,0.0,14.0,1.0,0.0,0.2,6.0,6.0,6.0,6.0,1.0,0.0,14.0,1.0,0.0,0.2,-15.4,-15.4,-15.4,-15.4,1.0,0.0,14.0,1.0,0.0,0.2,42.2,42.2,42.2,42.2,1.0,0.0,14.0,1.0,0.0,0.2,-0.2,-0.2,-0.2,-0.2,1.0,0.0,14.0,1.0,0.0,0.2,-1.3,-1.3,-1.3,-1.3,1.0,0.0,14.0,1.0,0.0,0.2,3.47,3.47,3.47,3.47,1.0,0.0,14.0,1.0,0.0,0.2,23.2,23.2,23.2,23.2,1.0,0.0,14.0,1.0,0.0,0.2,-44.9,-44.9,-44.9,-44.9,1.0,0.0,14.0,1.0,0.0,0.2,123.4,123.4,123.4,123.4,1.0,0.0,14.0,1.0,0.0,0.2,-23.9,-23.9,-23.9,-23.9,1.0,0.0,14.0,1.0,0.0,0.2,65.6,65.6,65.6,65.6,1.0,0.0,14.0,1.0,0.0,0.2,-7.9,-7.9,-7.9,-7.9,1.0,0.0,14.0,1.0,0.0,0.2,21.8,21.8,21.8,21.8,1.0,0.0,14.0,1.0,0.0,0.2,301.0,301.0,301.0,301.0,1.0,0.0,14.0,1.0,0.0,0.2,300.0,300.0,300.0,300.0,1.0,0.0,14.0,1.0,0.0,0.2
1974,2,96.0,-31.0,19.5,19.5,19.5,19.5,1.0,0.0,10.0,1.0,0.1,0.5,18.7,18.7,18.7,18.7,1.0,0.0,10.0,1.0,0.1,0.5,9.66,9.66,9.66,9.66,1.0,0.0,10.0,1.0,0.1,0.5,73.2,73.2,73.2,73.2,1.0,0.0,10.0,1.0,0.5,9.3,9.3,9.3,9.3,1.0,0.0,10.0,1.0,0.1,0.5,-9.16,-9.16,-9.16,-9.16,1.0,0.0,10.0,1.0,0.1,0.5,1.61,1.61,1.61,1.61,1.0,0.0,10.0,1.0,0.1,0.5,1025.7,1025.7,1025.7,1025.7,1.0,0.0,10.0,1.0,0.1,0.5,8.0,8.0,8.0,8.0,1.0,0.0,10.0,1.0,0.1,0.5,-85.2,-85.2,-85.2,-85.2,1.0,0.0,10.0,1.0,0.1,0.5,15.0,15.0,15.0,15.0,1.0,0.0,10.0,1.0,0.1,0.5,0.8,0.8,0.8,0.8,1.0,0.0,10.0,1.0,0.1,0.5,7.4,7.4,7.4,7.4,1.0,0.0,10.0,1.0,0.1,0.5,4.26,4.26,4.26,4.26,1.0,0.0,10.0,1.0,0.1,0.5,39.6,39.6,39.6,39.6,1.0,0.0,10.0,1.0,0.1,0.5,-171.3,-171.3,-171.3,-171.3,1.0,0.0,10.0,1.0,0.1,0.5,30.2,30.2,30.2,30.2,1.0,0.0,10.0,1.0,0.1,0.5,-88.5,-88.5,-88.5,-88.5,1.0,0.0,10.0,1.0,0.1,0.5,15.6,15.6,15.6,15.6,1.0,0.0,10.0,1.0,0.1,0.5,-39.0,-39.0,-39.0,-39.0,1.0,0.0,10.0,1.0,0.1,0.5,6.9,6.9,6.9,6.9,1.0,0.0,10.0,1.0,0.1,0.5,804.5,804.5,804.5,804.5,1.0,0.0,10.0,1.0,0.1,0.5,805.0,805.0,805.0,805.0,1.0,0.0,10.0,1.0,0.1,0.5
1974,2,96.0,-27.0,,,,,,,,,,,,,,,,,,,,,,,,,,,,,,,,,,,,,,,,10.3,10.3,10.3,10.3,1.0,0.0,4.0,0.0,0.5,1.0,-10.14,-10.14,-10.14,-10.14,1.0,0.0,4.0,0.0,0.5,1.0,1.79,1.79,1.79,1.79,1.0,0.0,4.0,0.0,0.5,1.0,1022.6,1022.6,1022.6,1022.6,1.0,0.0,4.0,0.0,0.5,1.0,8.0,8.0,8.0,8.0,1.0,0.0,4.0,0.0,0.5,1.0,-104.5,-104.5,-104.5,-104.5,1.0,0.0,4.0,0.0,0.5,1.0,18.4,18.4,18.4,18.4,1.0,0.0,4.0,0.0,0.5,1.0,,,,,,,,,,,,,,,,,,,,,,,,,,,,,,,,,,,,,,,,,-210.0,-210.0,-210.0,-210.0,1.0,0.0,4.0,0.0,0.5,1.0,37.0,37.0,37.0,37.0,1.0,0.0,4.0,0.0,0.5,1.0,-128.0,-128.0,-128.0,-128.0,1.0,0.0,4.0,0.0,0.5,1.0,22.6,22.6,22.6,22.6,1.0,0.0,4.0,0.0,0.5,1.0,,,,,,,,,,,,,,,,,,,,,,,,,,,,,,,,,,,,,,,,
1974,2,96.0,-21.0,25.3,25.3,25.3,25.3,1.0,0.0,10.0,1.0,0.6,0.9,24.8,24.8,24.8,24.8,1.0,0.0,10.0,1.0,0.6,0.9,14.52,14.52,14.52,14.52,1.0,0.0,10.0,1.0,0.6,0.9,74.7,74.7,74.7,74.7,1.0,0.0,10.0,1.0,0.9,10.8,10.8,10.8,10.8,1.0,0.0,10.0,1.0,0.6,0.9,-6.94,-6.94,-6.94,-6.94,1.0,0.0,10.0,1.0,0.6,0.9,8.27,8.27,8.27,8.27,1.0,0.0,10.0,1.0,0.6,0.9,1014.3,1014.3,1014.3,1014.3,1.0,0.0,10.0,1.0,0.6,0.9,8.0,8.0,8.0,8.0,1.0,0.0,10.0,1.0,0.6,0.9,-75.0,-75.0,-75.0,-75.0,1.0,0.0,10.0,1.0,0.6,0.9,89.4,89.4,89.4,89.4,1.0,0.0,10.0,1.0,0.6,0.9,0.5,0.5,0.5,0.5,1.0,0.0,10.0,1.0,0.6,0.9,5.4,5.4,5.4,5.4,1.0,0.0,10.0,1.0,0.6,0.9,5.59,5.59,5.59,5.59,1.0,0.0,10.0,1.0,0.6,0.9,60.3,60.3,60.3,60.3,1.0,0.0,10.0,1.0,0.6,0.9,-172.2,-172.2,-172.2,-172.2,1.0,0.0,10.0,1.0,0.6,0.9,205.2,205.2,205.2,205.2,1.0,0.0,10.0,1.0,0.6,0.9,-100.8,-100.8,-100.8,-100.8,1.0,0.0,10.0,1.0,0.6,0.9,120.2,120.2,120.2,120.2,1.0,0.0,10.0,1.0,0.6,0.9,-38.8,-38.8,-38.8,-38.8,1.0,0.0,10.0,1.0,0.6,0.9,46.2,46.2,46.2,46.2,1.0,0.0,10.0,1.0,0.6,0.9,1259.5,1259.5,1259.5,1259.5,1.0,0.0,10.0,1.0,0.6,0.9,1260.0,1260.0,1260.0,1260.0,1.0,0.0,10.0,1.0,0.6,0.9
1974,2,96.0,-19.0,25.5,25.5,25.5,25.5,1.0,0.0,8.0,1.0,0.6,0.1,24.2,24.2,24.2,24.2,1.0,0.0,8.0,1.0,0.6,0.1,14.97,14.97,14.97,14.97,1.0,0.0,8.0,1.0,0.6,0.1,79.3,79.3,79.3,79.3,1.0,0.0,8.0,1.0,0.1,8.2,8.2,8.2,8.2,1.0,0.0,8.0,1.0,0.6,0.1,-6.28,-6.28,-6.28,-6.28,1.0,0.0,8.0,1.0,0.6,0.1,5.27,5.27,5.27,5.27,1.0,0.0,8.0,1.0,0.6,0.1,1009.0,1009.0,1009.0,1009.0,1.0,0.0,8.0,1.0,0.6,0.1,6.0,6.0,6.0,6.0,1.0,0.0,8.0,1.0,0.6,0.1,-51.5,-51.5,-51.5,-51.5,1.0,0.0,8.0,1.0,0.6,0.1,43.2,43.2,43.2,43.2,1.0,0.0,8.0,1.0,0.6,0.1,1.3,1.3,1.3,1.3,1.0,0.0,8.0,1.0,0.6,0.1,10.7,10.7,10.7,10.7,1.0,0.0,8.0,1.0,0.6,0.1,5.49,5.49,5.49,5.49,1.0,0.0,8.0,1.0,0.6,0.1,45.0,45.0,45.0,45.0,1.0,0.0,8.0,1.0,0.6,0.1,-152.0,-152.0,-152.0,-152.0,1.0,0.0,8.0,1.0,0.6,0.1,127.6,127.6,127.6,127.6,1.0,0.0,8.0,1.0,0.6,0.1,-94.0,-94.0,-94.0,-94.0,1.0,0.0,8.0,1.0,0.6,0.1,78.9,78.9,78.9,78.9,1.0,0.0,8.0,1.0,0.6,0.1,-34.5,-34.5,-34.5,-34.5,1.0,0.0,8.0,1.0,0.6,0.1,28.9,28.9,28.9,28.9,1.0,0.0,8.0,1.0,0.6,0.1,551.5,551.5,551.5,551.5,1.0,0.0,8.0,1.0,0.6,0.1,550.0,550.0,550.0,550.0,1.0,0.0,8.0,1.0,0.6,0.1
1974,2,96.0,-17.0,24.98,26.0,26.34,25.67,3.0,1.04,14.0,0.0,0.3,0.5,26.16,26.5,26.84,26.5,3.0,0.5,14.0,0.0,0.3,0.5,16.19,17.6,19.53,17.85,3.0,2.45,14.0,0.0,0.3,0.5,75.5,78.8,89.0,82.1,3.0,10.3,14.0,0.0,0.5,4.76,5.1,6.19,5.47,3.0,1.1,14.0,0.0,0.3,0.5,-5.92,-5.1,-4.34,-5.13,3.0,1.16,14.0,0.0,0.3,0.5,0.73,2.29,2.3,1.53,3.0,1.33,14.0,0.0,0.3,0.5,1005.78,1007.9,1008.72,1007.27,3.0,2.22,14.0,0.0,0.3,0.5,2.0,2.0,6.1,4.0,3.0,3.5,14.0,0.0,0.3,0.5,-37.0,-26.0,-20.8,-28.8,3.0,12.2,14.0,0.0,0.3,0.5,3.4,10.6,13.8,8.6,3.0,7.9,14.0,0.0,0.3,0.5,-1.34,-1.0,-0.32,-0.83,3.0,0.76,14.0,0.0,0.3,0.5,-7.3,-6.7,-2.1,-4.8,3.0,4.2,14.0,0.0,0.3,0.5,2.07,3.51,3.66,2.88,3.0,1.29,14.0,0.0,0.3,0.5,10.4,19.0,22.1,16.3,3.0,8.9,14.0,0.0,0.3,0.5,-158.1,-132.6,-114.1,-136.1,3.0,32.3,14.0,0.0,0.3,0.5,19.3,61.0,61.6,40.9,3.0,35.5,14.0,0.0,0.3,0.5,-101.5,-81.4,-79.9,-90.5,3.0,17.6,14.0,0.0,0.3,0.5,12.8,40.3,44.9,29.1,3.0,25.4,14.0,0.0,0.3,0.5,-21.1,-19.0,-9.8,-15.5,3.0,8.8,14.0,0.0,0.3,0.5,1.0,3.2,6.5,3.8,3.0,4.1,14.0,0.0,0.3,0.5,108.5,132.5,247.5,177.0,3.0,108.5,14.0,0.0,0.3,0.5,110.0,135.0,245.0,175.0,3.0,110.0,14.0,0.0,0.3,0.5
1974,2,96.0,-16.0,26.5,26.5,26.5,26.5,1.0,0.0,6.0,0.0,0.5,0.8,26.0,26.0,26.0,26.0,1.0,0.0,6.0,0.0,0.5,0.8,17.73,17.73,17.73,17.73,1.0,0.0,6.0,0.0,0.5,0.8,84.1,84.1,84.1,84.1,1.0,0.0,6.0,0.0,0.8,5.1,5.1,5.1,5.1,1.0,0.0,6.0,0.0,0.5,0.8,-3.28,-3.28,-3.28,-3.28,1.0,0.0,6.0,0.0,0.5,0.8,3.91,3.91,3.91,3.91,1.0,0.0,6.0,0.0,0.5,0.8,1006.9,1006.9,1006.9,1006.9,1.0,0.0,6.0,0.0,0.5,0.8,7.0,7.0,7.0,7.0,1.0,0.0,6.0,0.0,0.5,0.8,-16.7,-16.7,-16.7,-16.7,1.0,0.0,6.0,0.0,0.5,0.8,19.9,19.9,19.9,19.9,1.0,0.0,6.0,0.0,0.5,0.8,0.5,0.5,0.5,0.5,1.0,0.0,6.0,0.0,0.5,0.8,2.6,2.6,2.6,2.6,1.0,0.0,6.0,0.0,0.5,0.8,4.05,4.05,4.05,4.05,1.0,0.0,6.0,0.0,0.5,0.8,20.7,20.7,20.7,20.7,1.0,0.0,6.0,0.0,0.5,0.8,-85.2,-85.2,-85.2,-85.2,1.0,0.0,6.0,0.0,0.5,0.8,101.6,101.6,101.6,101.6,1.0,0.0,6.0,0.0,0.5,0.8,-58.1,-58.1,-58.1,-58.1,1.0,0.0,6.0,0.0,0.5,0.8,69.2,69.2,69.2,69.2,1.0,0.0,6.0,0.0,0.5,0.8,-13.3,-13.3,-13.3,-13.3,1.0,0.0,6.0,0.0,0.5,0.8,15.8,15.8,15.8,15.8,1.0,0.0,6.0,0.0,0.5,0.8,132.5,132.5,132.5,132.5,1.0,0.0,6.0,0.0,0.5,0.8,135.0,135.0,135.0,135.0,1.0,0.0,6.0,0.0,0.5,0.8
1974,2,96.0,-15.0,26.0,26.0,26.0,26.0,1.0,0.0,4.0,0.0,0.2,0.2,27.5,27.5,27.5,27.5,1.0,0.0,4.0,0.0,0.2,0.2,15.62,15.62,15.62,15.62,1.0,0.0,4.0,0.0,0.2,0.2,68.1,68.1,68.1,68.1,1.0,0.0,4.0,0.0,0.2,6.2,6.2,6.2,6.2,1.0,0.0,4.0,0.0,0.2,0.2,-4.75,-4.75,-4.75,-4.75,1.0,0.0,4.0,0.0,0.2,0.2,3.99,3.99,3.99,3.99,1.0,0.0,4.0,0.0,0.2,0.2,1009.9,1009.9,1009.9,1009.9,1.0,0.0,4.0,0.0,0.2,0.2,4.0,4.0,4.0,4.0,1.0,0.0,4.0,0.0,0.2,0.2,-29.4,-29.4,-29.4,-29.4,1.0,0.0,4.0,0.0,0.2,0.2,24.7,24.7,24.7,24.7,1.0,0.0,4.0,0.0,0.2,0.2,-1.5,-1.5,-1.5,-1.5,1.0,0.0,4.0,0.0,0.2,0.2,-9.3,-9.3,-9.3,-9.3,1.0,0.0,4.0,0.0,0.2,0.2,5.45,5.45,5.45,5.45,1.0,0.0,4.0,0.0,0.2,0.2,33.8,33.8,33.8,33.8,1.0,0.0,4.0,0.0,0.2,0.2,-130.6,-130.6,-130.6,-130.6,1.0,0.0,4.0,0.0,0.2,0.2,109.6,109.6,109.6,109.6,1.0,0.0,4.0,0.0,0.2,0.2,-74.2,-74.2,-74.2,-74.2,1.0,0.0,4.0,0.0,0.2,0.2,62.3,62.3,62.3,62.3,1.0,0.0,4.0,0.0,0.2,0.2,-25.9,-25.9,-25.9,-25.9,1.0,0.0,4.0,0.0,0.2,0.2,21.7,21.7,21.7,21.7,1.0,0.0,4.0,0.0,0.2,0.2,238.5,238.5,238.5,238.5,1.0,0.0,4.0,0.0,0.2,0.2,240.0,240.0,240.0,240.0,1.0,0.0,4.0,0.0,0.2,0.2
1974,2,96.0,-14.0,27.4,27.4,27.4,27.4,1.0,0.0,16.0,1.0,0.7,0.4,25.95,27.0,27.89,26.93,4.0,1.51,8.0,0.8,0.6,0.6,15.13,16.27,17.41,16.27,2.0,2.36,10.0,1.0,0.8,0.5,72.8,73.2,73.6,73.2,2.0,0.8,10.0,1.0,0.5,4.08,4.85,7.3,5.65,4.0,2.51,8.0,0.8,0.6,0.6,-4.99,-3.43,-1.41,-3.21,4.0,2.48,8.0,0.8,0.6,0.6,3.4,3.56,5.45,4.38,4.0,1.83,8.0,0.8,0.6,0.6,1008.15,1009.2,1009.3,1008.75,4.0,1.04,8.0,0.8,0.6,0.6,3.0,5.0,6.0,4.5,4.0,1.9,8.0,0.8,0.6,0.6,-38.6,-16.8,-6.5,-22.3,4.0,23.7,8.0,0.8,0.6,0.6,14.5,16.5,42.7,28.0,4.0,25.5,8.0,0.8,0.6,0.6,-1.3,-1.3,-1.3,-1.3,1.0,0.0,16.0,1.0,0.7,0.4,-12.1,-12.1,-12.1,-12.1,1.0,0.0,16.0,1.0,0.7,0.4,5.03,5.03,5.03,5.03,1.0,0.0,16.0,1.0,0.7,0.4,46.8,46.8,46.8,46.8,1.0,0.0,16.0,1.0,0.7,0.4,-140.1,-92.7,-38.0,-89.2,4.0,70.9,8.0,0.8,0.6,0.6,89.2,92.6,152.4,119.5,4.0,56.7,8.0,0.8,0.6,0.6,-90.2,-53.6,-17.0,-53.6,2.0,75.8,10.0,1.0,0.8,0.5,64.5,90.2,115.9,90.2,2.0,53.2,10.0,1.0,0.8,0.5,-30.1,-30.1,-30.1,-30.1,1.0,0.0,16.0,1.0,0.7,0.4,35.8,35.8,35.8,35.8,1.0,0.0,16.0,1.0,0.7,0.4,71.0,115.0,484.5,270.5,4.0,358.0,8.0,0.8,0.6,0.6,70.0,115.0,485.0,270.0,4.0,360.0,8.0,0.8,0.6,0.6
1974,2,96.0,-13.0,27.6,27.6,27.74,27.67,3.0,0.12,14.0,0.3,0.3,0.6,26.23,26.5,27.25,26.73,3.0,0.78,14.0,0.3,0.3,0.6,17.6,17.61,17.85,17.72,3.0,0.21,14.0,0.3,0.3,0.6,78.6,81.1,82.4,80.5,3.0,2.9,14.0,0.3,0.6,4.42,5.1,6.53,5.47,3.0,1.58,14.0,0.3,0.3,0.6,-3.5,-3.28,1.59,-1.01,3.0,4.21,14.0,0.3,0.3,0.6,0.28,3.91,5.5,2.91,3.0,3.91,14.0,0.3,0.3,0.6,1006.5,1007.75,1010.57,1008.5,4.0,3.11,14.0,0.3,0.3,0.5,4.6,8.0,8.0,6.3,3.0,2.9,14.0,0.3,0.3,0.6,-23.0,-16.7,5.5,-8.9,3.0,21.9,14.0,0.3,0.3,0.6,2.4,19.9,37.0,19.7,3.0,25.3,14.0,0.3,0.3,0.6,0.35,1.1,1.51,0.93,3.0,0.86,14.0,0.3,0.3,0.6,1.8,5.6,6.5,4.2,3.0,3.7,14.0,0.3,0.3,0.6,5.41,5.63,5.82,5.62,3.0,0.3,14.0,0.3,0.3,0.6,25.6,28.7,35.2,30.4,3.0,7.2,14.0,0.3,0.3,0.6,-95.4,-86.9,41.1,-28.6,3.0,112.0,14.0,0.3,0.3,0.6,7.9,103.5,150.3,79.7,3.0,106.4,14.0,0.3,0.3,0.6,-62.5,-57.7,28.0,-18.2,3.0,74.6,14.0,0.3,0.3,0.6,5.0,68.8,98.3,52.0,3.0,69.9,14.0,0.3,0.3,0.6,-18.9,-18.5,9.7,-4.9,3.0,24.0,14.0,0.3,0.3,0.6,1.3,22.0,29.6,15.6,3.0,21.4,14.0,0.3,0.3,0.6,89.0,132.5,297.0,191.5,3.0,160.5,14.0,0.3,0.3,0.6,90.0,135.0,295.0,190.0,3.0,160.0,14.0,0.3,0.3,0.6
1974,2,96.0,-12.0,27.44,27.75,28.43,27.93,4.0,0.76,12.0,0.3,0.5,0.5,27.13,27.55,28.86,27.98,4.0,1.4,12.0,0.3,0.5,0.5,18.15,19.31,21.43,19.77,4.0,2.08,12.0,0.3,0.5,0.5,76.7,80.3,90.5,83.4,4.0,9.6,12.0,0.3,0.5,2.34,2.85,4.15,3.23,4.0,1.31,12.0,0.3,0.5,0.5,-3.73,-2.47,-1.97,-2.83,4.0,1.37,12.0,0.3,0.5,0.5,-1.26,0.45,1.56,0.16,4.0,1.73,12.0,0.3,0.5,0.5,1004.95,1006.4,1007.48,1006.23,4.0,1.72,12.0,0.3,0.5,0.5,3.5,4.5,5.5,4.5,4.0,1.3,12.0,0.3,0.5,0.5,-16.3,-7.0,-4.9,-10.5,4.0,9.5,12.0,0.3,0.5,0.5,-3.8,0.8,6.0,1.1,4.0,6.4,12.0,0.3,0.5,0.5,-0.48,0.2,0.35,-0.05,4.0,0.65,12.0,0.3,0.5,0.5,-2.5,0.6,0.9,-0.8,4.0,2.9,12.0,0.3,0.5,0.5,2.63,4.65,5.23,3.96,4.0,1.97,12.0,0.3,0.5,0.5,6.1,11.6,20.1,13.0,4.0,9.4,12.0,0.3,0.5,0.5,-109.0,-68.0,-53.7,-80.7,4.0,43.7,12.0,0.3,0.5,0.5,-34.6,11.9,44.6,5.3,4.0,48.6,12.0,0.3,0.5,0.5,-76.3,-49.7,-37.4,-56.5,4.0,28.8,12.0,0.3,0.5,0.5,-27.3,8.3,30.3,1.8,4.0,36.2,12.0,0.3,0.5,0.5,-19.2,-10.4,-4.7,-11.9,4.0,9.3,12.0,0.3,0.5,0.5,-2.3,1.8,7.3,2.5,4.0,5.7,12.0,0.3,0.5,0.5,13.0,23.5,83.5,47.5,4.0,57.5,12.0,0.3,0.5,0.5,15.0,25.0,85.0,45.0,4.0,60.0,12.0,0.3,0.5,0.5
1974,2,96.0,-11.0,,,,,,,,,,,,,,,,,,,,,,,,,,,,,,,,,,,,,,,,1.5,1.5,1.5,1.5,1.0,0.0,28.0,1.0,0.6,0.2,0.26,0.26,0.26,0.26,1.0,0.0,28.0,1.0,0.6,0.2,1.48,1.48,1.48,1.48,1.0,0.0,28.0,1.0,0.6,0.2,1010.7,1010.7,1010.7,1010.7,1.0,0.0,28.0,1.0,0.6,0.2,,,,,,,,,,,,,,,,,,,,,,,,,,,,,,,,,,,,,,,,,,,,,,,,,,,,,,,,,,,,,,,,,,,,,,,,,,,,,,,,,,,,,,,,,,,,,,,,,,,,,,,,,,,,,,,,,,,,,,,,,,,,,,,,,,,,,,,,,,,,,,,,,,,,,,
1974,2,96.0,-8.0,,,,,,,,,,,,,,,,,,,,,,,,,,,,,,,,,,,,,,,,9.3,9.3,9.3,9.3,1.0,0.0,20.0,0.0,0.0,0.2,8.74,8.74,8.74,8.74,1.0,0.0,20.0,0.0,0.0,0.2,-3.18,-3.18,-3.18,-3.18,1.0,0.0,20.0,0.0,0.0,0.2,1005.5,1005.5,1005.5,1005.5,1.0,0.0,20.0,0.0,0.0,0.2,,,,,,,,,,,,,,,,,,,,,,,,,,,,,,,,,,,,,,,,,,,,,,,,,,,,,,,,,,,,,,,,,,,,,,,,,,,,,,,,,,,,,,,,,,,,,,,,,,,,,,,,,,,,,,,,,,,,,,,,,,,,,,,,,,,,,,,,,,,,,,,,,,,,,,
1974,2,96.0,-7.0,27.3,27.3,27.3,27.3,1.0,0.0,10.0,0.0,0.3,0.7,26.0,26.0,26.0,26.0,1.0,0.0,10.0,0.0,0.3,0.7,18.16,18.16,18.16,18.16,1.0,0.0,10.0,0.0,0.3,0.7,86.1,86.1,86.1,86.1,1.0,0.0,10.0,0.0,0.7,4.6,4.6,4.6,4.6,1.0,0.0,10.0,0.0,0.3,0.7,3.52,3.52,3.52,3.52,1.0,0.0,10.0,0.0,0.3,0.7,2.96,2.96,2.96,2.96,1.0,0.0,10.0,0.0,0.3,0.7,1007.0,1007.0,1007.0,1007.0,1.0,0.0,10.0,0.0,0.3,0.7,6.0,6.0,6.0,6.0,1.0,0.0,10.0,0.0,0.3,0.7,16.2,16.2,16.2,16.2,1.0,0.0,10.0,0.0,0.3,0.7,13.6,13.6,13.6,13.6,1.0,0.0,10.0,0.0,0.3,0.7,1.3,1.3,1.3,1.3,1.0,0.0,10.0,0.0,0.3,0.7,6.0,6.0,6.0,6.0,1.0,0.0,10.0,0.0,0.3,0.7,4.67,4.67,4.67,4.67,1.0,0.0,10.0,0.0,0.3,0.7,21.5,21.5,21.5,21.5,1.0,0.0,10.0,0.0,0.3,0.7,91.6,91.6,91.6,91.6,1.0,0.0,10.0,0.0,0.3,0.7,76.9,76.9,76.9,76.9,1.0,0.0,10.0,0.0,0.3,0.7,64.0,64.0,64.0,64.0,1.0,0.0,10.0,0.0,0.3,0.7,53.7,53.7,53.7,53.7,1.0,0.0,10.0,0.0,0.3,0.7,16.5,16.5,16.5,16.5,1.0,0.0,10.0,0.0,0.3,0.7,13.8,13.8,13.8,13.8,1.0,0.0,10.0,0.0,0.3,0.7,97.5,97.5,97.5,97.5,1.0,0.0,10.0,0.0,0.3,0.7,95.0,95.0,95.0,95.0,1.0,0.0,10.0,0.0,0.3,0.7
1974,2,96.0,-4.0,29.0,29.0,29.0,29.0,1.0,0.0,22.0,1.0,0.5,0.5,27.0,27.0,27.0,27.0,1.0,0.0,22.0,1.0,0.5,0.5,15.96,15.96,15.96,15.96,1.0,0.0,22.0,1.0,0.5,0.5,71.4,71.4,71.4,71.4,1.0,0.0,22.0,1.0,0.5,4.1,4.1,4.1,4.1,1.0,0.0,22.0,1.0,0.5,0.5,4.1,4.1,4.1,4.1,1.0,0.0,22.0,1.0,0.5,0.5,0.0,0.0,0.0,0.0,1.0,0.0,22.0,1.0,0.5,0.5,1007.0,1007.0,1007.0,1007.0,1.0,0.0,22.0,1.0,0.5,0.5,4.0,4.0,4.0,4.0,1.0,0.0,22.0,1.0,0.5,0.5,16.8,16.8,16.8,16.8,1.0,0.0,22.0,1.0,0.5,0.5,0.0,0.0,0.0,0.0,1.0,0.0,22.0,1.0,0.5,0.5,2.0,2.0,2.0,2.0,1.0,0.0,22.0,1.0,0.5,0.5,8.2,8.2,8.2,8.2,1.0,0.0,22.0,1.0,0.5,0.5,9.29,9.29,9.29,9.29,1.0,0.0,22.0,1.0,0.5,0.5,38.1,38.1,38.1,38.1,1.0,0.0,22.0,1.0,0.5,0.5,110.7,110.7,110.7,110.7,1.0,0.0,22.0,1.0,0.5,0.5,0.0,0.0,0.0,0.0,1.0,0.0,22.0,1.0,0.5,0.5,65.4,65.4,65.4,65.4,1.0,0.0,22.0,1.0,0.5,0.5,0.0,0.0,0.0,0.0,1.0,0.0,22.0,1.0,0.5,0.5,38.1,38.1,38.1,38.1,1.0,0.0,22.0,1.0,0.5,0.5,0.0,0.0,0.0,0.0,1.0,0.0,22.0,1.0,0.5,0.5,69.0,69.0,69.0,69.0,1.0,0.0,22.0,1.0,0.5,0.5,70.0,70.0,70.0,70.0,1.0,0.0,22.0,1.0,0.5,0.5
1974,2,96.0,-1.0,,,,,,,,,,,,,,,,,,,,,,,,,,,,,,,,,,,,,,,,2.6,2.6,2.6,2.6,1.0,0.0,28.0,1.0,0.6,0.8,1.99,1.99,1.99,1.99,1.0,0.0,28.0,1.0,0.6,0.8,-1.67,-1.67,-1.67,-1.67,1.0,0.0,28.0,1.0,0.6,0.8,1010.5,1010.5,1010.5,1010.5,1.0,0.0,28.0,1.0,0.6,0.8,,,,,,,,,,,,,,,,,,,,,,,,,,,,,,,,,,,,,,,,,,,,,,,,,,,,,,,,,,,,,,,,,,,,,,,,,,,,,,,,,,,,,,,,,,,,,,,,,,,,,,,,,,,,,,,,,,,,,,,,,,,,,,,,,,,,,,,,,,,,,,,,,,,,,,
1974,2,96.0,0.0,28.0,28.0,28.0,28.0,1.0,0.0,16.0,1.0,0.5,0.2,29.0,29.0,29.0,29.0,1.0,0.0,16.0,1.0,0.5,0.2,18.48,18.48,18.48,18.48,1.0,0.0,16.0,1.0,0.5,0.2,73.6,73.6,73.6,73.6,1.0,0.0,16.0,1.0,0.2,2.6,2.6,2.6,2.6,1.0,0.0,16.0,1.0,0.5,0.2,1.99,1.99,1.99,1.99,1.0,0.0,16.0,1.0,0.5,0.2,-1.67,-1.67,-1.67,-1.67,1.0,0.0,16.0,1.0,0.5,0.2,1008.0,1008.0,1008.0,1008.0,1.0,0.0,16.0,1.0,0.5,0.2,4.0,4.0,4.0,4.0,1.0,0.0,16.0,1.0,0.5,0.2,5.2,5.2,5.2,5.2,1.0,0.0,16.0,1.0,0.5,0.2,-4.3,-4.3,-4.3,-4.3,1.0,0.0,16.0,1.0,0.5,0.2,-1.0,-1.0,-1.0,-1.0,1.0,0.0,16.0,1.0,0.5,0.2,-2.6,-2.6,-2.6,-2.6,1.0,0.0,16.0,1.0,0.5,0.2,5.3,5.3,5.3,5.3,1.0,0.0,16.0,1.0,0.5,0.2,13.8,13.8,13.8,13.8,1.0,0.0,16.0,1.0,0.5,0.2,57.8,57.8,57.8,57.8,1.0,0.0,16.0,1.0,0.5,0.2,-48.5,-48.5,-48.5,-48.5,1.0,0.0,16.0,1.0,0.5,0.2,36.8,36.8,36.8,36.8,1.0,0.0,16.0,1.0,0.5,0.2,-30.9,-30.9,-30.9,-30.9,1.0,0.0,16.0,1.0,0.5,0.2,10.6,10.6,10.6,10.6,1.0,0.0,16.0,1.0,0.5,0.2,-8.9,-8.9,-8.9,-8.9,1.0,0.0,16.0,1.0,0.5,0.2,17.5,17.5,17.5,17.5,1.0,0.0,16.0,1.0,0.5,0.2,20.0,20.0,20.0,20.0,1.0,0.0,16.0,1.0,0.5,0.2
1974,2,96.0,2.0,28.06,28.2,28.34,28.2,2.0,0.28,22.0,0.0,0.6,0.4,27.22,27.25,27.28,27.25,2.0,0.07,22.0,0.0,0.6,0.4,18.38,19.71,21.05,19.71,2.0,2.76,22.0,0.0,0.6,0.4,81.1,87.1,93.2,87.1,2.0,12.5,22.0,0.0,0.4,0.0,0.0,0.0,0.0,2.0,0.0,22.0,0.0,0.6,0.4,0.0,0.0,0.0,0.0,2.0,0.0,22.0,0.0,0.6,0.4,0.0,0.0,0.0,0.0,2.0,0.0,22.0,0.0,0.6,0.4,1011.13,1011.4,1011.67,1011.4,2.0,0.57,22.0,0.0,0.6,0.4,8.0,8.0,8.0,8.0,1.0,0.0,28.0,0.0,0.6,0.5,0.0,0.0,0.0,0.0,2.0,0.0,22.0,0.0,0.6,0.4,0.0,0.0,0.0,0.0,2.0,0.0,22.0,0.0,0.6,0.4,0.78,0.95,1.12,0.95,2.0,0.35,22.0,0.0,0.6,0.4,0.0,0.0,0.0,0.0,2.0,0.0,22.0,0.0,0.6,0.4,3.12,4.27,5.42,4.27,2.0,2.37,22.0,0.0,0.6,0.4,0.0,0.0,0.0,0.0,2.0,0.0,22.0,0.0,0.6,0.4,0.0,0.0,0.0,0.0,2.0,0.0,22.0,0.0,0.6,0.4,0.0,0.0,0.0,0.0,2.0,0.0,22.0,0.0,0.6,0.4,0.0,0.0,0.0,0.0,2.0,0.0,22.0,0.0,0.6,0.4,0.0,0.0,0.0,0.0,2.0,0.0,22.0,0.0,0.6,0.4,0.0,0.0,0.0,0.0,2.0,0.0,22.0,0.0,0.6,0.4,0.0,0.0,0.0,0.0,2.0,0.0,22.0,0.0,0.6,0.4,0.0,0.0,0.0,0.0,2.0,0.0,22.0,0.0,0.6,0.4,0.0,0.0,0.0,0.0,2.0,0.0,22.0,0.0,0.6,0.4
1974,2,96.0,5.0,27.0,27.5,28.51,27.74,25.0,0.98,14.0,0.6,0.4,0.7,26.0,26.6,28.49,26.93,27.0,1.37,16.0,0.6,0.5,0.7,16.5,17.55,18.46,17.42,26.0,1.01,14.0,0.6,0.5,0.7,73.0,78.4,84.1,78.7,26.0,6.2,14.0,0.6,0.7,0.0,3.6,6.64,3.7,27.0,2.79,16.0,0.6,0.5,0.7,-6.15,-1.82,0.0,-2.08,27.0,3.59,16.0,0.6,0.5,0.7,-2.6,0.0,1.27,-0.22,27.0,2.13,16.0,0.6,0.5,0.7,1008.14,1009.8,1011.5,1010.01,28.0,2.02,14.0,0.6,0.5,0.7,4.0,7.0,7.0,5.9,28.0,1.9,14.0,0.6,0.5,0.7,-38.8,-4.5,0.0,-13.3,27.0,27.6,16.0,0.6,0.5,0.7,-10.6,0.0,3.2,-1.8,27.0,10.6,16.0,0.6,0.5,0.7,-0.24,1.05,1.93,0.81,24.0,1.41,16.0,0.6,0.5,0.7,-1.6,1.6,6.2,1.8,23.0,5.0,16.0,0.6,0.5,0.7,4.79,5.74,7.27,5.92,24.0,1.37,16.0,0.6,0.5,0.7,0.0,25.6,40.7,21.8,23.0,16.5,16.0,0.6,0.5,0.7,-162.9,-40.5,0.9,-56.3,26.0,99.2,16.0,0.6,0.5,0.7,-76.5,0.0,36.0,-4.3,26.0,56.8,16.0,0.6,0.5,0.7,-100.1,-34.3,3.4,-36.1,25.0,64.3,16.0,0.6,0.5,0.7,-33.9,0.0,24.3,-0.7,25.0,36.6,16.0,0.6,0.5,0.7,-38.4,-12.0,0.0,-14.9,23.0,19.8,16.0,0.6,0.5,0.7,-6.7,0.0,10.5,0.3,23.0,12.0,16.0,0.6,0.5,0.7,0.0,46.5,293.0,139.5,27.0,229.5,16.0,0.6,0.5,0.7,0.0,45.0,295.0,140.0,27.0,230.0,16.0,0.6,0.5,0.7
1974,2,96.0,6.0,26.92,27.8,28.26,27.6,4.0,0.94,18.0,0.8,0.1,0.1,26.21,27.25,27.81,27.15,6.0,1.18,16.0,0.7,0.2,0.3,17.6,17.92,18.74,18.17,3.0,0.86,20.0,0.7,0.1,0.1,81.8,83.2,86.6,84.2,3.0,3.6,20.0,0.7,0.1,3.56,5.65,8.27,5.7,6.0,2.79,16.0,0.7,0.2,0.3,-6.32,-1.25,4.01,-1.28,6.0,4.78,16.0,0.7,0.2,0.3,-6.17,0.89,2.02,-0.84,6.0,4.6,16.0,0.7,0.2,0.3,1009.72,1010.0,1014.54,1011.68,5.0,2.63,16.0,0.6,0.1,0.2,4.8,6.5,7.2,6.2,6.0,1.5,16.0,0.7,0.2,0.3,-43.7,-5.0,19.7,-10.9,6.0,36.0,16.0,0.7,0.2,0.3,-55.5,2.4,10.3,-12.5,6.0,34.3,16.0,0.7,0.2,0.3,-0.58,0.85,2.33,0.88,4.0,1.82,18.0,0.8,0.1,0.1,-4.8,1.4,9.2,2.1,4.0,10.2,18.0,0.8,0.1,0.1,4.76,6.28,6.38,5.58,3.0,1.33,20.0,0.7,0.1,0.1,11.7,16.6,27.6,19.6,3.0,11.9,20.0,0.7,0.1,0.1,-180.2,-32.1,110.2,-35.4,6.0,132.4,16.0,0.7,0.2,0.3,-167.4,25.4,52.4,-24.1,6.0,123.6,16.0,0.7,0.2,0.3,-25.5,-13.1,48.6,11.0,3.0,58.1,20.0,0.7,0.1,0.1,16.5,22.7,65.8,40.7,3.0,39.4,20.0,0.7,0.1,0.1,-9.1,-4.7,9.7,0.1,3.0,14.4,20.0,0.7,0.1,0.1,4.6,8.2,23.6,13.9,3.0,14.8,20.0,0.7,0.1,0.1,55.5,185.5,572.5,293.5,6.0,307.5,16.0,0.7,0.2,0.3,55.0,185.0,570.0,295.0,6.0,305.0,16.0,0.7,0.2,0.3
1974,2,97.0,-63.0,1.1,1.1,1.1,1.1,1.0,0.0,28.0,1.0,0.1,1.0,1.3,1.3,1.3,1.3,1.0,0.0,28.0,1.0,0.1,1.0,3.76,3.76,3.76,3.76,1.0,0.0,28.0,1.0,0.1,1.0,87.8,87.8,87.8,87.8,1.0,0.0,28.0,1.0,1.0,,,,,,,,,,,,,,,,,,,,,,,,,,,,,,,,,,,,,,,,,,,,,,,,,,,,,,,,,,,,,,,,,,,,,,,,,,,,,,,,,,,,,,,,,,,,,,,,,,,,,,,,,,,,,,,,,,,,,,,,,,,,,,,,,,,,,,,,,,,,,,,,,,,,,,,,,,,,,,,,,,,,,,,,,,,,,,,,,,,,,,,,,,,,,,
1974,2,97.0,-55.0,,,,,,,,,,,,,,,,,,,,,,,,,,,,,,,,,,,,,,,,7.7,7.7,7.7,7.7,1.0,0.0,8.0,1.0,0.4,0.2,7.58,7.58,7.58,7.58,1.0,0.0,8.0,1.0,0.4,0.2,-1.34,-1.34,-1.34,-1.34,1.0,0.0,8.0,1.0,0.4,0.2,995.3,995.3,995.3,995.3,1.0,0.0,8.0,1.0,0.4,0.2,,,,,,,,,,,,,,,,,,,,,,,,,,,,,,,,,,,,,,,,,,,,,,,,,,,,,,,,,,,,,,,,,,,,,,,,,,,,,,,,,,,,,,,,,,,,,,,,,,,,,,,,,,,,,,,,,,,,,,,,,,,,,,,,,,,,,,,,,,,,,,,,,,,,,,
1974,2,97.0,-50.0,5.8,5.8,5.8,5.8,1.0,0.0,4.0,1.0,0.4,0.2,7.4,7.4,7.4,7.4,1.0,0.0,4.0,1.0,0.4,0.2,5.01,5.01,5.01,5.01,1.0,0.0,4.0,1.0,0.4,0.2,79.0,79.0,79.0,79.0,1.0,0.0,4.0,1.0,0.2,9.3,9.3,9.3,9.3,1.0,0.0,4.0,1.0,0.4,0.2,9.16,9.16,9.16,9.16,1.0,0.0,4.0,1.0,0.4,0.2,1.61,1.61,1.61,1.61,1.0,0.0,4.0,1.0,0.4,0.2,1017.6,1017.6,1017.6,1017.6,1.0,0.0,4.0,1.0,0.4,0.2,2.0,2.0,2.0,2.0,1.0,0.0,4.0,1.0,0.4,0.2,85.2,85.2,85.2,85.2,1.0,0.0,4.0,1.0,0.4,0.2,15.0,15.0,15.0,15.0,1.0,0.0,4.0,1.0,0.4,0.2,-1.6,-1.6,-1.6,-1.6,1.0,0.0,4.0,1.0,0.4,0.2,-14.9,-14.9,-14.9,-14.9,1.0,0.0,4.0,1.0,0.4,0.2,0.67,0.67,0.67,0.67,1.0,0.0,4.0,1.0,0.4,0.2,6.3,6.3,6.3,6.3,1.0,0.0,4.0,1.0,0.4,0.2,67.8,67.8,67.8,67.8,1.0,0.0,4.0,1.0,0.4,0.2,12.0,12.0,12.0,12.0,1.0,0.0,4.0,1.0,0.4,0.2,45.9,45.9,45.9,45.9,1.0,0.0,4.0,1.0,0.4,0.2,8.1,8.1,8.1,8.1,1.0,0.0,4.0,1.0,0.4,0.2,6.2,6.2,6.2,6.2,1.0,0.0,4.0,1.0,0.4,0.2,1.1,1.1,1.1,1.1,1.0,0.0,4.0,1.0,0.4,0.2,804.5,804.5,804.5,804.5,1.0,0.0,4.0,1.0,0.4,0.2,805.0,805.0,805.0,805.0,1.0,0.0,4.0,1.0,0.4,0.2
1974,2,97.0,-43.0,,,,,,,,,,,,,,,,,,,,,,,,,,,,,,,,,,,,,,,,,,,,,,,,,,,,,,,,,,,,,,,,,,,,,,,,,,,,,,,,4.0,4.0,4.0,4.0,1.0,0.0,6.0,1.0,0.1,0.9,-7.2,-7.2,-7.2,-7.2,1.0,0.0,6.0,1.0,0.1,0.9,19.9,19.9,19.9,19.9,1.0,0.0,6.0,1.0,0.1,0.9,,,,,,,,,,,,,,,,,,,,,,,,,,,,,,,,,,,,,,,,,,,,,,,,,,,,,,,,,,,,,,,,,,,,,,,,,,,,,,,,,,,,,,,,,,,,,,,,,,,,,,,,,,,,,,,,,,,,,,,,
1974,2,97.0,-40.0,14.0,14.0,14.0,14.0,1.0,0.0,10.0,1.0,0.8,0.5,12.0,12.0,12.0,12.0,1.0,0.0,10.0,1.0,0.8,0.5,7.02,7.02,7.02,7.02,1.0,0.0,10.0,1.0,0.8,0.5,81.9,81.9,81.9,81.9,1.0,0.0,10.0,1.0,0.5,3.1,3.1,3.1,3.1,1.0,0.0,10.0,1.0,0.8,0.5,0.54,0.54,0.54,0.54,1.0,0.0,10.0,1.0,0.8,0.5,3.05,3.05,3.05,3.05,1.0,0.0,10.0,1.0,0.8,0.5,1026.2,1026.2,1026.2,1026.2,1.0,0.0,10.0,1.0,0.8,0.5,8.0,8.0,8.0,8.0,1.0,0.0,10.0,1.0,0.8,0.5,1.7,1.7,1.7,1.7,1.0,0.0,10.0,1.0,0.8,0.5,9.5,9.5,9.5,9.5,1.0,0.0,10.0,1.0,0.8,0.5,2.0,2.0,2.0,2.0,1.0,0.0,10.0,1.0,0.8,0.5,6.2,6.2,6.2,6.2,1.0,0.0,10.0,1.0,0.8,0.5,2.77,2.77,2.77,2.77,1.0,0.0,10.0,1.0,0.8,0.5,8.6,8.6,8.6,8.6,1.0,0.0,10.0,1.0,0.8,0.5,6.5,6.5,6.5,6.5,1.0,0.0,10.0,1.0,0.8,0.5,36.6,36.6,36.6,36.6,1.0,0.0,10.0,1.0,0.8,0.5,3.8,3.8,3.8,3.8,1.0,0.0,10.0,1.0,0.8,0.5,21.4,21.4,21.4,21.4,1.0,0.0,10.0,1.0,0.8,0.5,1.5,1.5,1.5,1.5,1.0,0.0,10.0,1.0,0.8,0.5,8.5,8.5,8.5,8.5,1.0,0.0,10.0,1.0,0.8,0.5,30.0,30.0,30.0,30.0,1.0,0.0,10.0,1.0,0.8,0.5,30.0,30.0,30.0,30.0,1.0,0.0,10.0,1.0,0.8,0.5
1974,2,97.0,-34.0,19.2,19.2,19.2,19.2,1.0,0.0,2.0,1.0,0.3,0.3,19.4,19.4,19.4,19.4,1.0,0.0,2.0,1.0,0.3,0.3,8.68,8.68,8.68,8.68,1.0,0.0,2.0,1.0,0.3,0.3,62.3,62.3,62.3,62.3,1.0,0.0,2.0,1.0,0.3,5.1,5.1,5.1,5.1,1.0,0.0,2.0,1.0,0.3,0.3,5.1,5.1,5.1,5.1,1.0,0.0,2.0,1.0,0.3,0.3,0.0,0.0,0.0,0.0,1.0,0.0,2.0,1.0,0.3,0.3,1013.8,1013.8,1013.8,1013.8,1.0,0.0,2.0,1.0,0.3,0.3,6.0,6.0,6.0,6.0,1.0,0.0,2.0,1.0,0.3,0.3,26.0,26.0,26.0,26.0,1.0,0.0,2.0,1.0,0.3,0.3,0.0,0.0,0.0,0.0,1.0,0.0,2.0,1.0,0.3,0.3,-0.2,-0.2,-0.2,-0.2,1.0,0.0,2.0,1.0,0.3,0.3,-1.0,-1.0,-1.0,-1.0,1.0,0.0,2.0,1.0,0.3,0.3,5.14,5.14,5.14,5.14,1.0,0.0,2.0,1.0,0.3,0.3,26.2,26.2,26.2,26.2,1.0,0.0,2.0,1.0,0.3,0.3,98.9,98.9,98.9,98.9,1.0,0.0,2.0,1.0,0.3,0.3,0.0,0.0,0.0,0.0,1.0,0.0,2.0,1.0,0.3,0.3,44.3,44.3,44.3,44.3,1.0,0.0,2.0,1.0,0.3,0.3,0.0,0.0,0.0,0.0,1.0,0.0,2.0,1.0,0.3,0.3,26.2,26.2,26.2,26.2,1.0,0.0,2.0,1.0,0.3,0.3,0.0,0.0,0.0,0.0,1.0,0.0,2.0,1.0,0.3,0.3,132.5,132.5,132.5,132.5,1.0,0.0,2.0,1.0,0.3,0.3,135.0,135.0,135.0,135.0,1.0,0.0,2.0,1.0,0.3,0.3
1974,2,97.0,-33.0,19.83,19.9,19.97,19.9,2.0,0.14,2.0,1.0,0.2,0.7,17.63,19.4,20.22,18.93,3.0,1.94,10.0,1.0,0.2,0.8,8.38,8.98,9.57,8.98,2.0,1.23,2.0,1.0,0.2,0.7,62.3,70.9,79.5,70.9,2.0,17.9,2.0,1.0,0.7,2.05,6.45,10.85,6.45,2.0,9.12,14.0,1.0,0.3,0.8,-5.43,-3.22,-1.02,-3.22,2.0,4.56,14.0,1.0,0.3,0.8,1.77,5.59,9.4,5.59,2.0,7.9,14.0,1.0,0.3,0.8,1016.31,1017.4,1018.9,1017.6,3.0,1.91,10.0,1.0,0.2,0.8,5.6,7.0,7.7,6.7,3.0,1.5,10.0,1.0,0.2,0.8,-70.0,-41.6,-13.2,-41.6,2.0,58.8,14.0,1.0,0.3,0.8,22.9,72.1,121.2,72.1,2.0,101.9,14.0,1.0,0.3,0.8,0.98,1.8,2.62,1.8,2.0,1.7,2.0,1.0,0.2,0.7,38.7,38.7,38.7,38.7,1.0,0.0,2.0,1.0,0.2,0.6,4.73,5.41,6.08,5.41,2.0,1.4,2.0,1.0,0.2,0.7,57.0,57.0,57.0,57.0,1.0,0.0,2.0,1.0,0.2,0.6,-91.2,-54.2,-17.2,-54.2,2.0,76.6,14.0,1.0,0.3,0.8,29.8,93.8,157.9,93.8,2.0,132.7,14.0,1.0,0.3,0.8,-63.5,-63.5,-63.5,-63.5,1.0,0.0,2.0,1.0,0.2,0.6,110.0,110.0,110.0,110.0,1.0,0.0,2.0,1.0,0.2,0.6,-28.5,-28.5,-28.5,-28.5,1.0,0.0,2.0,1.0,0.2,0.6,49.4,49.4,49.4,49.4,1.0,0.0,2.0,1.0,0.2,0.6,340.5,1073.5,1806.0,1073.5,2.0,1518.0,14.0,1.0,0.3,0.8,340.0,1075.0,1805.0,1075.0,2.0,1520.0,14.0,1.0,0.3,0.8
1974,2,97.0,-32.0,19.6,19.6,19.6,19.6,1.0,0.0,14.0,1.0,0.6,0.2,19.0,19.0,19.0,19.0,1.0,0.0,14.0,1.0,0.6,0.2,8.56,8.56,8.56,8.56,1.0,0.0,14.0,1.0,0.6,0.2,63.4,63.4,63.4,63.4,1.0,0.0,14.0,1.0,0.2,4.6,4.6,4.6,4.6,1.0,0.0,14.0,1.0,0.6,0.2,-1.57,-1.57,-1.57,-1.57,1.0,0.0,14.0,1.0,0.6,0.2,4.32,4.32,4.32,4.32,1.0,0.0,14.0,1.0,0.6,0.2,1021.8,1021.8,1021.8,1021.8,1.0,0.0,14.0,1.0,0.6,0.2,7.0,7.0,7.0,7.0,1.0,0.0,14.0,1.0,0.6,0.2,-7.2,-7.2,-7.2,-7.2,1.0,0.0,14.0,1.0,0.6,0.2,19.9,19.9,19.9,19.9,1.0,0.0,14.0,1.0,0.6,0.2,0.6,0.6,0.6,0.6,1.0,0.0,14.0,1.0,0.6,0.2,2.8,2.8,2.8,2.8,1.0,0.0,14.0,1.0,0.6,0.2,5.5,5.5,5.5,5.5,1.0,0.0,14.0,1.0,0.6,0.2,25.3,25.3,25.3,25.3,1.0,0.0,14.0,1.0,0.6,0.2,-29.9,-29.9,-29.9,-29.9,1.0,0.0,14.0,1.0,0.6,0.2,82.1,82.1,82.1,82.1,1.0,0.0,14.0,1.0,0.6,0.2,-13.5,-13.5,-13.5,-13.5,1.0,0.0,14.0,1.0,0.6,0.2,37.0,37.0,37.0,37.0,1.0,0.0,14.0,1.0,0.6,0.2,-8.7,-8.7,-8.7,-8.7,1.0,0.0,14.0,1.0,0.6,0.2,23.8,23.8,23.8,23.8,1.0,0.0,14.0,1.0,0.6,0.2,97.5,97.5,97.5,97.5,1.0,0.0,14.0,1.0,0.6,0.2,95.0,95.0,95.0,95.0,1.0,0.0,14.0,1.0,0.6,0.2
1974,2,97.0,-31.0,19.3,19.3,19.3,19.3,1.0,0.0,8.0,1.0,0.1,0.7,19.0,19.0,19.0,19.0,1.0,0.0,8.0,1.0,0.1,0.7,11.41,11.41,11.41,11.41,1.0,0.0,8.0,1.0,0.1,0.7,84.3,84.3,84.3,84.3,1.0,0.0,8.0,1.0,0.7,6.7,6.7,6.7,6.7,1.0,0.0,8.0,1.0,0.1,0.7,-1.16,-1.16,-1.16,-1.16,1.0,0.0,8.0,1.0,0.1,0.7,6.6,6.6,6.6,6.6,1.0,0.0,8.0,1.0,0.1,0.7,1021.6,1021.6,1021.6,1021.6,1.0,0.0,8.0,1.0,0.1,0.7,1.0,1.0,1.0,1.0,1.0,0.0,8.0,1.0,0.1,0.7,-7.8,-7.8,-7.8,-7.8,1.0,0.0,8.0,1.0,0.1,0.7,44.2,44.2,44.2,44.2,1.0,0.0,8.0,1.0,0.1,0.7,0.3,0.3,0.3,0.3,1.0,0.0,8.0,1.0,0.1,0.7,2.0,2.0,2.0,2.0,1.0,0.0,8.0,1.0,0.1,0.7,2.39,2.39,2.39,2.39,1.0,0.0,8.0,1.0,0.1,0.7,16.0,16.0,16.0,16.0,1.0,0.0,8.0,1.0,0.1,0.7,-22.1,-22.1,-22.1,-22.1,1.0,0.0,8.0,1.0,0.1,0.7,125.4,125.4,125.4,125.4,1.0,0.0,8.0,1.0,0.1,0.7,-13.3,-13.3,-13.3,-13.3,1.0,0.0,8.0,1.0,0.1,0.7,75.3,75.3,75.3,75.3,1.0,0.0,8.0,1.0,0.1,0.7,-2.8,-2.8,-2.8,-2.8,1.0,0.0,8.0,1.0,0.1,0.7,15.8,15.8,15.8,15.8,1.0,0.0,8.0,1.0,0.1,0.7,301.0,301.0,301.0,301.0,1.0,0.0,8.0,1.0,0.1,0.7,300.0,300.0,300.0,300.0,1.0,0.0,8.0,1.0,0.1,0.7
1974,2,97.0,-26.0,23.0,23.0,23.0,23.0,1.0,0.0,24.0,0.0,0.7,0.8,22.0,22.0,22.0,22.0,1.0,0.0,24.0,0.0,0.7,0.8,12.33,12.33,12.33,12.33,1.0,0.0,24.0,0.0,0.7,0.8,75.1,75.1,75.1,75.1,1.0,0.0,24.0,0.0,0.8,6.2,6.2,6.2,6.2,1.0,0.0,24.0,0.0,0.7,0.8,-3.1,-3.1,-3.1,-3.1,1.0,0.0,24.0,0.0,0.7,0.8,5.37,5.37,5.37,5.37,1.0,0.0,24.0,0.0,0.7,0.8,1013.9,1013.9,1013.9,1013.9,1.0,0.0,24.0,0.0,0.7,0.8,8.0,8.0,8.0,8.0,1.0,0.0,24.0,0.0,0.7,0.8,-19.2,-19.2,-19.2,-19.2,1.0,0.0,24.0,0.0,0.7,0.8,33.3,33.3,33.3,33.3,1.0,0.0,24.0,0.0,0.7,0.8,1.0,1.0,1.0,1.0,1.0,0.0,24.0,0.0,0.7,0.8,6.2,6.2,6.2,6.2,1.0,0.0,24.0,0.0,0.7,0.8,5.16,5.16,5.16,5.16,1.0,0.0,24.0,0.0,0.7,0.8,32.0,32.0,32.0,32.0,1.0,0.0,24.0,0.0,0.7,0.8,-68.2,-68.2,-68.2,-68.2,1.0,0.0,24.0,0.0,0.7,0.8,118.1,118.1,118.1,118.1,1.0,0.0,24.0,0.0,0.7,0.8,-38.2,-38.2,-38.2,-38.2,1.0,0.0,24.0,0.0,0.7,0.8,66.2,66.2,66.2,66.2,1.0,0.0,24.0,0.0,0.7,0.8,-16.0,-16.0,-16.0,-16.0,1.0,0.0,24.0,0.0,0.7,0.8,27.7,27.7,27.7,27.7,1.0,0.0,24.0,0.0,0.7,0.8,238.5,238.5,238.5,238.5,1.0,0.0,24.0,0.0,0.7,0.8,240.0,240.0,240.0,240.0,1.0,0.0,24.0,0.0,0.7,0.8
1974,2,97.0,-20.0,24.63,24.7,24.77,24.7,2.0,0.14,8.0,0.0,0.5,0.4,23.66,23.8,23.94,23.8,2.0,0.28,8.0,0.0,0.5,0.4,14.95,15.68,16.42,15.68,2.0,1.53,8.0,0.0,0.5,0.4,80.6,85.4,90.2,85.4,2.0,10.0,8.0,0.0,0.4,9.11,10.0,10.89,10.0,2.0,1.84,8.0,0.0,0.5,0.4,-6.5,-6.16,-5.81,-6.16,2.0,0.72,8.0,0.0,0.5,0.4,6.26,7.69,9.12,7.69,2.0,2.97,8.0,0.0,0.5,0.4,1009.55,1011.15,1012.75,1011.15,2.0,3.32,8.0,0.0,0.5,0.4,7.0,7.0,7.0,7.0,2.0,0.0,8.0,0.0,0.5,0.4,-62.9,-60.9,-58.9,-60.9,2.0,4.1,8.0,0.0,0.5,0.4,58.5,79.6,100.8,79.6,2.0,43.8,8.0,0.0,0.5,0.4,0.83,0.9,0.97,0.9,2.0,0.14,8.0,0.0,0.5,0.4,7.6,9.1,10.6,9.1,2.0,3.1,8.0,0.0,0.5,0.4,2.92,3.77,4.62,3.77,2.0,1.76,8.0,0.0,0.5,0.4,31.0,36.1,41.2,36.1,2.0,10.7,8.0,0.0,0.5,0.4,-155.7,-146.6,-137.6,-146.6,2.0,18.8,8.0,0.0,0.5,0.4,149.6,182.6,215.6,182.6,2.0,68.4,8.0,0.0,0.5,0.4,-96.9,-96.0,-95.1,-96.0,2.0,1.8,8.0,0.0,0.5,0.4,94.7,122.9,151.0,122.9,2.0,58.3,8.0,0.0,0.5,0.4,-30.4,-23.9,-17.3,-23.9,2.0,13.5,8.0,0.0,0.5,0.4,25.3,26.4,27.5,26.4,2.0,2.3,8.0,0.0,0.5,0.4,783.0,1050.5,1318.5,1050.5,2.0,554.5,8.0,0.0,0.5,0.4,785.0,1050.0,1320.0,1050.0,2.0,555.0,8.0,0.0,0.5,0.4
1974,2,97.0,-18.0,26.41,26.65,26.89,26.65,2.0,0.49,20.0,0.5,0.5,0.6,25.74,26.05,26.36,26.05,2.0,0.64,20.0,0.5,0.5,0.6,20.18,20.18,20.18,20.18,1.0,0.0,18.0,1.0,0.2,0.7,83.7,87.3,90.9,87.3,2.0,7.5,20.0,0.5,0.6,6.44,6.95,7.46,6.95,2.0,1.06,20.0,0.5,0.5,0.6,-6.94,-6.3,-5.67,-6.3,2.0,1.32,20.0,0.5,0.5,0.6,2.71,2.87,3.03,2.87,2.0,0.33,20.0,0.5,0.5,0.6,1004.8,1004.8,1004.8,1004.8,1.0,0.0,18.0,1.0,0.2,0.7,4.6,6.0,7.4,6.0,2.0,2.8,20.0,0.5,0.5,0.6,-52.2,-44.5,-36.8,-44.5,2.0,15.9,20.0,0.5,0.5,0.6,19.4,19.7,20.1,19.7,2.0,0.7,20.0,0.5,0.5,0.6,0.53,0.6,0.67,0.6,2.0,0.14,20.0,0.5,0.5,0.6,3.5,4.2,5.0,4.2,2.0,1.6,20.0,0.5,0.5,0.6,2.3,2.3,2.3,2.3,1.0,0.0,18.0,1.0,0.2,0.7,14.3,14.3,14.3,14.3,1.0,0.0,18.0,1.0,0.2,0.7,-178.4,-163.8,-149.1,-163.8,2.0,30.4,20.0,0.5,0.5,0.6,69.8,74.8,79.8,74.8,2.0,10.4,20.0,0.5,0.5,0.6,-108.4,-108.4,-108.4,-108.4,1.0,0.0,18.0,1.0,0.2,0.7,62.6,62.6,62.6,62.6,1.0,0.0,18.0,1.0,0.2,0.7,-12.4,-12.4,-12.4,-12.4,1.0,0.0,18.0,1.0,0.2,0.7,7.1,7.1,7.1,7.1,1.0,0.0,18.0,1.0,0.2,0.7,273.0,347.5,422.0,347.5,2.0,154.5,20.0,0.5,0.5,0.6,275.0,345.0,420.0,345.0,2.0,155.0,20.0,0.5,0.5,0.6
1974,2,97.0,-17.0,26.5,26.5,26.5,26.5,1.0,0.0,6.0,0.0,0.4,1.0,25.0,25.0,25.0,25.0,1.0,0.0,6.0,0.0,0.4,1.0,18.48,18.48,18.48,18.48,1.0,0.0,6.0,0.0,0.4,1.0,93.1,93.1,93.1,93.1,1.0,0.0,6.0,0.0,1.0,7.2,7.2,7.2,7.2,1.0,0.0,6.0,0.0,0.4,1.0,-4.63,-4.63,-4.63,-4.63,1.0,0.0,6.0,0.0,0.4,1.0,5.52,5.52,5.52,5.52,1.0,0.0,6.0,0.0,0.4,1.0,1008.1,1008.1,1008.1,1008.1,1.0,0.0,6.0,0.0,0.4,1.0,7.0,7.0,7.0,7.0,1.0,0.0,6.0,0.0,0.4,1.0,-33.3,-33.3,-33.3,-33.3,1.0,0.0,6.0,0.0,0.4,1.0,39.7,39.7,39.7,39.7,1.0,0.0,6.0,0.0,0.4,1.0,1.5,1.5,1.5,1.5,1.0,0.0,6.0,0.0,0.4,1.0,10.8,10.8,10.8,10.8,1.0,0.0,6.0,0.0,0.4,1.0,3.27,3.27,3.27,3.27,1.0,0.0,6.0,0.0,0.4,1.0,23.6,23.6,23.6,23.6,1.0,0.0,6.0,0.0,0.4,1.0,-115.7,-115.7,-115.7,-115.7,1.0,0.0,6.0,0.0,0.4,1.0,137.9,137.9,137.9,137.9,1.0,0.0,6.0,0.0,0.4,1.0,-85.5,-85.5,-85.5,-85.5,1.0,0.0,6.0,0.0,0.4,1.0,101.9,101.9,101.9,101.9,1.0,0.0,6.0,0.0,0.4,1.0,-15.1,-15.1,-15.1,-15.1,1.0,0.0,6.0,0.0,0.4,1.0,18.0,18.0,18.0,18.0,1.0,0.0,6.0,0.0,0.4,1.0,373.0,373.0,373.0,373.0,1.0,0.0,6.0,0.0,0.4,1.0,375.0,375.0,375.0,375.0,1.0,0.0,6.0,0.0,0.4,1.0
1974,2,97.0,-15.0,27.2,27.2,27.2,27.2,1.0,0.0,16.0,1.0,0.6,0.4,27.5,27.5,27.5,27.5,1.0,0.0,16.0,1.0,0.6,0.4,18.27,18.27,18.27,18.27,1.0,0.0,16.0,1.0,0.6,0.4,79.3,79.3,79.3,79.3,1.0,0.0,16.0,1.0,0.4,5.7,5.7,5.7,5.7,1.0,0.0,16.0,1.0,0.6,0.4,-0.99,-0.99,-0.99,-0.99,1.0,0.0,16.0,1.0,0.6,0.4,5.61,5.61,5.61,5.61,1.0,0.0,16.0,1.0,0.6,0.4,1007.0,1007.0,1007.0,1007.0,1.0,0.0,16.0,1.0,0.6,0.4,6.0,6.0,6.0,6.0,1.0,0.0,16.0,1.0,0.6,0.4,-5.6,-5.6,-5.6,-5.6,1.0,0.0,16.0,1.0,0.6,0.4,32.0,32.0,32.0,32.0,1.0,0.0,16.0,1.0,0.6,0.4,-0.3,-0.3,-0.3,-0.3,1.0,0.0,16.0,1.0,0.6,0.4,-1.7,-1.7,-1.7,-1.7,1.0,0.0,16.0,1.0,0.6,0.4,4.43,4.43,4.43,4.43,1.0,0.0,16.0,1.0,0.6,0.4,25.2,25.2,25.2,25.2,1.0,0.0,16.0,1.0,0.6,0.4,-27.2,-27.2,-27.2,-27.2,1.0,0.0,16.0,1.0,0.6,0.4,154.4,154.4,154.4,154.4,1.0,0.0,16.0,1.0,0.6,0.4,-18.1,-18.1,-18.1,-18.1,1.0,0.0,16.0,1.0,0.6,0.4,102.6,102.6,102.6,102.6,1.0,0.0,16.0,1.0,0.6,0.4,-4.4,-4.4,-4.4,-4.4,1.0,0.0,16.0,1.0,0.6,0.4,24.9,24.9,24.9,24.9,1.0,0.0,16.0,1.0,0.6,0.4,185.0,185.0,185.0,185.0,1.0,0.0,16.0,1.0,0.6,0.4,185.0,185.0,185.0,185.0,1.0,0.0,16.0,1.0,0.6,0.4
1974,2,97.0,-14.0,27.8,27.8,27.8,27.8,1.0,0.0,6.0,1.0,0.2,0.7,28.5,28.5,28.5,28.5,1.0,0.0,6.0,1.0,0.2,0.7,18.17,18.17,18.17,18.17,1.0,0.0,6.0,1.0,0.2,0.7,74.4,74.4,74.4,74.4,1.0,0.0,6.0,1.0,0.7,3.1,3.1,3.1,3.1,1.0,0.0,6.0,1.0,0.2,0.7,-2.68,-2.68,-2.68,-2.68,1.0,0.0,6.0,1.0,0.2,0.7,1.55,1.55,1.55,1.55,1.0,0.0,6.0,1.0,0.2,0.7,1006.8,1006.8,1006.8,1006.8,1.0,0.0,6.0,1.0,0.2,0.7,2.0,2.0,2.0,2.0,1.0,0.0,6.0,1.0,0.2,0.7,-8.3,-8.3,-8.3,-8.3,1.0,0.0,6.0,1.0,0.2,0.7,4.8,4.8,4.8,4.8,1.0,0.0,6.0,1.0,0.2,0.7,-0.7,-0.7,-0.7,-0.7,1.0,0.0,6.0,1.0,0.2,0.7,-2.2,-2.2,-2.2,-2.2,1.0,0.0,6.0,1.0,0.2,0.7,5.36,5.36,5.36,5.36,1.0,0.0,6.0,1.0,0.2,0.7,16.6,16.6,16.6,16.6,1.0,0.0,6.0,1.0,0.2,0.7,-76.5,-76.5,-76.5,-76.5,1.0,0.0,6.0,1.0,0.2,0.7,44.2,44.2,44.2,44.2,1.0,0.0,6.0,1.0,0.2,0.7,-48.8,-48.8,-48.8,-48.8,1.0,0.0,6.0,1.0,0.2,0.7,28.2,28.2,28.2,28.2,1.0,0.0,6.0,1.0,0.2,0.7,-14.4,-14.4,-14.4,-14.4,1.0,0.0,6.0,1.0,0.2,0.7,8.3,8.3,8.3,8.3,1.0,0.0,6.0,1.0,0.2,0.7,30.0,30.0,30.0,30.0,1.0,0.0,6.0,1.0,0.2,0.7,30.0,30.0,30.0,30.0,1.0,0.0,6.0,1.0,0.2,0.7
1974,2,97.0,-12.0,27.8,27.8,27.8,27.8,1.0,0.0,22.0,0.0,0.3,0.3,26.6,26.6,26.6,26.6,1.0,0.0,22.0,0.0,0.3,0.3,17.52,17.52,17.52,17.52,1.0,0.0,22.0,0.0,0.3,0.3,80.2,80.2,80.2,80.2,1.0,0.0,22.0,0.0,0.3,5.7,5.7,5.7,5.7,1.0,0.0,22.0,0.0,0.3,0.3,5.36,5.36,5.36,5.36,1.0,0.0,22.0,0.0,0.3,0.3,-1.95,-1.95,-1.95,-1.95,1.0,0.0,22.0,0.0,0.3,0.3,1006.5,1006.5,1006.5,1006.5,1.0,0.0,22.0,0.0,0.3,0.3,8.0,8.0,8.0,8.0,1.0,0.0,22.0,0.0,0.3,0.3,30.5,30.5,30.5,30.5,1.0,0.0,22.0,0.0,0.3,0.3,-11.1,-11.1,-11.1,-11.1,1.0,0.0,22.0,0.0,0.3,0.3,1.2,1.2,1.2,1.2,1.0,0.0,22.0,0.0,0.3,0.3,6.8,6.8,6.8,6.8,1.0,0.0,22.0,0.0,0.3,0.3,6.02,6.02,6.02,6.02,1.0,0.0,22.0,0.0,0.3,0.3,34.3,34.3,34.3,34.3,1.0,0.0,22.0,0.0,0.3,0.3,142.5,142.5,142.5,142.5,1.0,0.0,22.0,0.0,0.3,0.3,-51.9,-51.9,-51.9,-51.9,1.0,0.0,22.0,0.0,0.3,0.3,93.8,93.8,93.8,93.8,1.0,0.0,22.0,0.0,0.3,0.3,-34.1,-34.1,-34.1,-34.1,1.0,0.0,22.0,0.0,0.3,0.3,32.2,32.2,32.2,32.2,1.0,0.0,22.0,0.0,0.3,0.3,-11.7,-11.7,-11.7,-11.7,1.0,0.0,22.0,0.0,0.3,0.3,185.0,185.0,185.0,185.0,1.0,0.0,22.0,0.0,0.3,0.3,185.0,185.0,185.0,185.0,1.0,0.0,22.0,0.0,0.3,0.3
1974,2,97.0,-11.0,27.08,27.25,27.42,27.25,2.0,0.35,16.0,0.5,0.5,0.2,27.03,27.1,27.17,27.1,2.0,0.14,16.0,0.5,0.5,0.2,18.44,18.56,18.68,18.56,2.0,0.24,16.0,0.5,0.5,0.2,81.6,82.4,83.3,82.4,2.0,1.7,16.0,0.5,0.2,3.42,4.1,4.78,4.1,2.0,1.41,16.0,0.5,0.5,0.2,-3.18,-2.98,-2.78,-2.98,2.0,0.42,16.0,0.5,0.5,0.2,-0.68,1.18,3.04,1.18,2.0,3.86,16.0,0.5,0.5,0.2,1006.63,1006.7,1006.77,1006.7,2.0,0.14,16.0,0.5,0.5,0.2,3.5,4.5,5.5,4.5,2.0,2.1,16.0,0.5,0.5,0.2,-15.4,-12.5,-9.7,-12.5,2.0,5.9,16.0,0.5,0.5,0.2,-0.9,7.6,16.0,7.6,2.0,17.5,16.0,0.5,0.5,0.2,-0.09,0.15,0.39,0.15,2.0,0.49,16.0,0.5,0.5,0.2,-0.6,0.3,1.1,0.3,2.0,1.8,16.0,0.5,0.5,0.2,4.1,4.22,4.33,4.22,2.0,0.24,16.0,0.5,0.5,0.2,14.7,17.1,19.5,17.1,2.0,5.0,16.0,0.5,0.5,0.2,-86.5,-80.8,-75.1,-80.8,2.0,11.8,16.0,0.5,0.5,0.2,-18.3,32.2,82.8,32.2,2.0,104.7,16.0,0.5,0.5,0.2,-58.7,-55.3,-51.9,-55.3,2.0,7.1,16.0,0.5,0.5,0.2,-13.0,21.4,55.8,21.4,2.0,71.3,16.0,0.5,0.5,0.2,-13.0,-12.5,-12.0,-12.5,2.0,1.1,16.0,0.5,0.5,0.2,-3.2,4.5,12.2,4.5,2.0,16.0,16.0,0.5,0.5,0.2,46.0,81.0,116.5,81.0,2.0,72.5,16.0,0.5,0.5,0.2,45.0,80.0,115.0,80.0,2.0,75.0,16.0,0.5,0.5,0.2
1974,2,97.0,-7.0,27.3,27.3,27.3,27.3,1.0,0.0,10.0,0.0,0.8,0.9,25.2,25.2,25.2,25.2,1.0,0.0,10.0,0.0,0.8,0.9,18.04,18.04,18.04,18.04,1.0,0.0,10.0,0.0,0.8,0.9,89.8,89.8,89.8,89.8,1.0,0.0,10.0,0.0,0.9,4.6,4.6,4.6,4.6,1.0,0.0,10.0,0.0,0.8,0.9,-4.53,-4.53,-4.53,-4.53,1.0,0.0,10.0,0.0,0.8,0.9,-0.8,-0.8,-0.8,-0.8,1.0,0.0,10.0,0.0,0.8,0.9,1007.9,1007.9,1007.9,1007.9,1.0,0.0,10.0,0.0,0.8,0.9,8.0,8.0,8.0,8.0,1.0,0.0,10.0,0.0,0.8,0.9,-20.8,-20.8,-20.8,-20.8,1.0,0.0,10.0,0.0,0.8,0.9,-3.7,-3.7,-3.7,-3.7,1.0,0.0,10.0,0.0,0.8,0.9,2.1,2.1,2.1,2.1,1.0,0.0,10.0,0.0,0.8,0.9,9.7,9.7,9.7,9.7,1.0,0.0,10.0,0.0,0.8,0.9,4.78,4.78,4.78,4.78,1.0,0.0,10.0,0.0,0.8,0.9,22.0,22.0,22.0,22.0,1.0,0.0,10.0,0.0,0.8,0.9,-114.2,-114.2,-114.2,-114.2,1.0,0.0,10.0,0.0,0.8,0.9,-20.1,-20.1,-20.1,-20.1,1.0,0.0,10.0,0.0,0.8,0.9,-81.7,-81.7,-81.7,-81.7,1.0,0.0,10.0,0.0,0.8,0.9,-14.4,-14.4,-14.4,-14.4,1.0,0.0,10.0,0.0,0.8,0.9,-21.7,-21.7,-21.7,-21.7,1.0,0.0,10.0,0.0,0.8,0.9,-3.8,-3.8,-3.8,-3.8,1.0,0.0,10.0,0.0,0.8,0.9,97.5,97.5,97.5,97.5,1.0,0.0,10.0,0.0,0.8,0.9,95.0,95.0,95.0,95.0,1.0,0.0,10.0,0.0,0.8,0.9
1974,2,97.0,-4.0,27.8,27.8,27.8,27.8,1.0,0.0,22.0,0.0,0.5,0.8,28.0,28.0,28.0,28.0,1.0,0.0,22.0,0.0,0.5,0.8,17.42,17.42,17.42,17.42,1.0,0.0,22.0,0.0,0.5,0.8,73.4,73.4,73.4,73.4,1.0,0.0,22.0,0.0,0.8,1.0,1.0,1.0,1.0,1.0,0.0,22.0,0.0,0.5,0.8,0.87,0.87,0.87,0.87,1.0,0.0,22.0,0.0,0.5,0.8,-0.5,-0.5,-0.5,-0.5,1.0,0.0,22.0,0.0,0.5,0.8,1006.0,1006.0,1006.0,1006.0,1.0,0.0,22.0,0.0,0.5,0.8,5.0,5.0,5.0,5.0,1.0,0.0,22.0,0.0,0.5,0.8,0.9,0.9,0.9,0.9,1.0,0.0,22.0,0.0,0.5,0.8,-0.5,-0.5,-0.5,-0.5,1.0,0.0,22.0,0.0,0.5,0.8,-0.2,-0.2,-0.2,-0.2,1.0,0.0,22.0,0.0,0.5,0.8,-0.2,-0.2,-0.2,-0.2,1.0,0.0,22.0,0.0,0.5,0.8,6.13,6.13,6.13,6.13,1.0,0.0,22.0,0.0,0.5,0.8,6.1,6.1,6.1,6.1,1.0,0.0,22.0,0.0,0.5,0.8,24.2,24.2,24.2,24.2,1.0,0.0,22.0,0.0,0.5,0.8,-14.0,-14.0,-14.0,-14.0,1.0,0.0,22.0,0.0,0.5,0.8,15.1,15.1,15.1,15.1,1.0,0.0,22.0,0.0,0.5,0.8,-8.7,-8.7,-8.7,-8.7,1.0,0.0,22.0,0.0,0.5,0.8,5.3,5.3,5.3,5.3,1.0,0.0,22.0,0.0,0.5,0.8,-3.1,-3.1,-3.1,-3.1,1.0,0.0,22.0,0.0,0.5,0.8,1.0,1.0,1.0,1.0,1.0,0.0,22.0,0.0,0.5,0.8,0.0,0.0,0.0,0.0,1.0,0.0,22.0,0.0,0.5,0.8
1974,2,97.0,-3.0,29.0,29.0,29.0,29.0,1.0,0.0,20.0,0.0,0.8,0.3,26.0,26.0,26.0,26.0,1.0,0.0,20.0,0.0,0.8,0.3,17.5,17.5,17.5,17.5,1.0,0.0,20.0,0.0,0.8,0.3,83.0,83.0,83.0,83.0,1.0,0.0,20.0,0.0,0.3,5.1,5.1,5.1,5.1,1.0,0.0,20.0,0.0,0.8,0.3,5.1,5.1,5.1,5.1,1.0,0.0,20.0,0.0,0.8,0.3,0.0,0.0,0.0,0.0,1.0,0.0,20.0,0.0,0.8,0.3,1007.5,1007.5,1007.5,1007.5,1.0,0.0,20.0,0.0,0.8,0.3,3.0,3.0,3.0,3.0,1.0,0.0,20.0,0.0,0.8,0.3,26.0,26.0,26.0,26.0,1.0,0.0,20.0,0.0,0.8,0.3,0.0,0.0,0.0,0.0,1.0,0.0,20.0,0.0,0.8,0.3,3.0,3.0,3.0,3.0,1.0,0.0,20.0,0.0,0.8,0.3,15.3,15.3,15.3,15.3,1.0,0.0,20.0,0.0,0.8,0.3,7.74,7.74,7.74,7.74,1.0,0.0,20.0,0.0,0.8,0.3,39.5,39.5,39.5,39.5,1.0,0.0,20.0,0.0,0.8,0.3,132.6,132.6,132.6,132.6,1.0,0.0,20.0,0.0,0.8,0.3,0.0,0.0,0.0,0.0,1.0,0.0,20.0,0.0,0.8,0.3,89.2,89.2,89.2,89.2,1.0,0.0,20.0,0.0,0.8,0.3,0.0,0.0,0.0,0.0,1.0,0.0,20.0,0.0,0.8,0.3,39.5,39.5,39.5,39.5,1.0,0.0,20.0,0.0,0.8,0.3,0.0,0.0,0.0,0.0,1.0,0.0,20.0,0.0,0.8,0.3,132.5,132.5,132.5,132.5,1.0,0.0,20.0,0.0,0.8,0.3,135.0,135.0,135.0,135.0,1.0,0.0,20.0,0.0,0.8,0.3
1974,2,97.0,-2.0,,,,,,,,,,,,,,,,,,,,,,,,,,,,,,,,,,,,,,,,2.6,2.6,2.6,2.6,2.0,0.0,26.0,0.0,0.3,0.7,1.99,1.99,1.99,1.99,2.0,0.0,26.0,0.0,0.3,0.7,-1.67,-1.67,-1.67,-1.67,2.0,0.0,26.0,0.0,0.3,0.7,1010.4,1010.4,1010.4,1010.4,1.0,0.0,26.0,0.0,0.2,0.9,,,,,,,,,,,,,,,,,,,,,,,,,,,,,,,,,,,,,,,,,,,,,,,,,,,,,,,,,,,,,,,,,,,,,,,,,,,,,,,,,,,,,,,,,,,,,,,,,,,,,,,,,,,,,,,,,,,,,,,,,,,,,,,,,,,,,,,,,,,,,,,,,,,,,,
1974,2,97.0,1.0,28.1,28.1,28.1,28.1,1.0,0.0,2.0,1.0,0.8,0.6,26.2,26.2,26.2,26.2,1.0,0.0,2.0,1.0,0.8,0.6,17.66,17.66,17.66,17.66,1.0,0.0,2.0,1.0,0.8,0.6,83.1,83.1,83.1,83.1,1.0,0.0,2.0,1.0,0.6,,,,,,,,,,,,,,,,,,,,,,,,,,,,,,,,,,,,,,,,,,,,,,,,,,,,,,,,,,,,,,,,,,,,,,,,,,,,,,,,,,,,,,,,,,,,,,,,,,,,,,,,,,,,,,,,,,,,,,,,,,,,,,,,,,,,,,,,,,,,,,,,,,,,,,,,,,,,,,,,,,,,,,,,,,,,,,,,,,,,,,,,,,,,,,
1974,2,97.0,5.0,26.8,27.7,29.0,27.92,35.0,1.25,16.0,0.5,0.5,0.3,26.0,27.1,30.0,27.5,36.0,1.71,16.0,0.5,0.5,0.3,16.21,17.57,18.37,17.37,26.0,1.07,18.0,0.5,0.5,0.4,71.9,77.8,86.9,78.4,28.0,7.7,16.0,0.5,0.4,1.0,3.1,5.88,3.3,35.0,2.51,16.0,0.5,0.5,0.3,-4.2,-0.98,1.88,-1.37,35.0,3.3,16.0,0.5,0.5,0.3,-2.38,0.0,0.34,-0.56,35.0,2.09,16.0,0.5,0.5,0.3,1006.77,1009.95,1011.65,1009.55,34.0,2.29,16.0,0.5,0.5,0.3,4.0,6.0,7.4,5.8,36.0,1.9,16.0,0.5,0.5,0.3,-23.5,-1.0,4.6,-8.9,35.0,22.6,16.0,0.5,0.5,0.3,-9.0,0.0,0.8,-3.0,35.0,13.5,16.0,0.5,0.5,0.3,-1.42,0.8,2.16,0.49,35.0,1.94,16.0,0.5,0.5,0.3,-3.9,1.5,5.9,1.5,34.0,6.7,16.0,0.5,0.5,0.3,4.42,5.8,7.25,5.88,26.0,1.39,18.0,0.5,0.5,0.4,5.7,20.5,36.5,20.2,25.0,15.2,18.0,0.5,0.5,0.4,-126.0,-27.2,54.9,-37.9,35.0,90.2,16.0,0.5,0.5,0.3,-67.0,0.0,9.6,-15.2,35.0,57.4,16.0,0.5,0.5,0.3,-68.8,-6.2,43.3,-17.6,25.0,61.0,18.0,0.5,0.5,0.4,-38.3,-9.0,3.8,-11.8,25.0,34.6,18.0,0.5,0.5,0.4,-26.2,-1.9,9.8,-7.2,25.0,21.0,18.0,0.5,0.5,0.4,-14.4,-2.7,1.7,-4.1,25.0,11.9,18.0,0.5,0.5,0.4,1.0,30.0,204.0,106.0,35.0,205.0,16.0,0.5,0.5,0.3,0.0,30.0,205.0,105.0,35.0,205.0,16.0,0.5,0.5,0.3
1974,2,97.0,6.0,,,,,,,,,,,,,,,,,,,,,,,,,,,,,,,,,,,,,,,,3.1,3.1,3.1,3.1,1.0,0.0,24.0,1.0,0.1,0.1,1.06,1.06,1.06,1.06,1.0,0.0,24.0,1.0,0.1,0.1,2.91,2.91,2.91,2.91,1.0,0.0,24.0,1.0,0.1,0.1,1010.5,1010.5,1010.5,1010.5,1.0,0.0,24.0,1.0,0.1,0.1,,,,,,,,,,,,,,,,,,,,,,,,,,,,,,,,,,,,,,,,,,,,,,,,,,,,,,,,,,,,,,,,,,,,,,,,,,,,,,,,,,,,,,,,,,,,,,,,,,,,,,,,,,,,,,,,,,,,,,,,,,,,,,,,,,,,,,,,,,,,,,,,,,,,,,
1974,2,97.0,9.0,,,,,,,,,,,,,,,,,,,,,,,,,,,,,,,,,,,,,,,,3.1,3.1,3.1,3.1,1.0,0.0,8.0,1.0,0.4,0.2,-2.37,-2.37,-2.37,-2.37,1.0,0.0,8.0,1.0,0.4,0.2,-1.99,-1.99,-1.99,-1.99,1.0,0.0,8.0,1.0,0.4,0.2,1012.2,1012.2,1012.2,1012.2,1.0,0.0,8.0,1.0,0.4,0.2,,,,,,,,,,,,,,,,,,,,,,,,,,,,,,,,,,,,,,,,,,,,,,,,,,,,,,,,,,,,,,,,,,,,,,,,,,,,,,,,,,,,,,,,,,,,,,,,,,,,,,,,,,,,,,,,,,,,,,,,,,,,,,,,,,,,,,,,,,,,,,,,,,,,,,
1974,2,98.0,-64.0,,,,,,,,,,,,,,,,,,,,,,,,,,,,,,,,,,,,,,,,4.1,4.1,4.1,4.1,1.0,0.0,28.0,1.0,0.0,0.2,3.55,3.55,3.55,3.55,1.0,0.0,28.0,1.0,0.0,0.2,-2.05,-2.05,-2.05,-2.05,1.0,0.0,28.0,1.0,0.0,0.2,987.3,987.3,987.3,987.3,1.0,0.0,28.0,1.0,0.0,0.2,,,,,,,,,,,,,,,,,,,,,,,,,,,,,,,,,,,,,,,,,,,,,,,,,,,,,,,,,,,,,,,,,,,,,,,,,,,,,,,,,,,,,,,,,,,,,,,,,,,,,,,,,,,,,,,,,,,,,,,,,,,,,,,,,,,,,,,,,,,,,,,,,,,,,,
1974,2,98.0,-50.0,6.5,6.5,6.5,6.5,1.0,0.0,4.0,1.0,0.0,0.7,6.4,6.4,6.4,6.4,1.0,0.0,4.0,1.0,0.0,0.7,5.78,5.78,5.78,5.78,1.0,0.0,4.0,1.0,0.0,0.7,97.3,97.3,97.3,97.3,1.0,0.0,4.0,1.0,0.7,13.4,13.4,13.4,13.4,1.0,0.0,4.0,1.0,0.0,0.7,13.4,13.4,13.4,13.4,1.0,0.0,4.0,1.0,0.0,0.7,0.0,0.0,0.0,0.0,1.0,0.0,4.0,1.0,0.0,0.7,1014.0,1014.0,1014.0,1014.0,1.0,0.0,4.0,1.0,0.0,0.7,8.0,8.0,8.0,8.0,1.0,0.0,4.0,1.0,0.0,0.7,179.6,179.6,179.6,179.6,1.0,0.0,4.0,1.0,0.0,0.7,0.0,0.0,0.0,0.0,1.0,0.0,4.0,1.0,0.0,0.7,0.1,0.1,0.1,0.1,1.0,0.0,4.0,1.0,0.0,0.7,1.3,1.3,1.3,1.3,1.0,0.0,4.0,1.0,0.0,0.7,0.2,0.2,0.2,0.2,1.0,0.0,4.0,1.0,0.0,0.7,2.7,2.7,2.7,2.7,1.0,0.0,4.0,1.0,0.0,0.7,85.8,85.8,85.8,85.8,1.0,0.0,4.0,1.0,0.0,0.7,0.0,0.0,0.0,0.0,1.0,0.0,4.0,1.0,0.0,0.7,77.5,77.5,77.5,77.5,1.0,0.0,4.0,1.0,0.0,0.7,0.0,0.0,0.0,0.0,1.0,0.0,4.0,1.0,0.0,0.7,2.7,2.7,2.7,2.7,1.0,0.0,4.0,1.0,0.0,0.7,0.0,0.0,0.0,0.0,1.0,0.0,4.0,1.0,0.0,0.7,2406.0,2406.0,2406.0,2406.0,1.0,0.0,4.0,1.0,0.0,0.7,2405.0,2405.0,2405.0,2405.0,1.0,0.0,4.0,1.0,0.0,0.7
1974,2,98.0,-40.0,13.74,14.5,15.05,14.4,4.0,0.78,8.0,1.0,0.6,0.6,11.95,12.9,14.53,13.23,4.0,1.58,8.0,1.0,0.6,0.6,5.84,7.35,8.81,7.33,4.0,1.74,8.0,1.0,0.6,0.6,68.2,78.7,86.7,77.5,4.0,11.1,8.0,1.0,0.6,3.29,5.65,8.59,5.93,4.0,3.47,8.0,1.0,0.6,0.6,-0.86,2.93,5.91,2.54,4.0,4.09,8.0,1.0,0.6,0.6,2.93,4.15,6.18,4.54,4.0,2.46,8.0,1.0,0.6,0.6,1016.85,1023.2,1028.03,1022.48,4.0,8.19,8.0,1.0,0.6,0.6,2.0,3.5,6.6,4.3,4.0,2.9,8.0,1.0,0.6,0.6,-4.8,17.9,52.1,23.4,4.0,35.4,8.0,1.0,0.6,0.6,10.9,23.6,56.3,33.1,4.0,33.6,8.0,1.0,0.6,0.6,0.04,0.9,2.33,1.18,4.0,1.42,8.0,1.0,0.6,0.6,-0.1,2.1,12.1,5.8,4.0,9.7,8.0,1.0,0.6,0.6,1.39,2.78,4.13,2.76,4.0,1.58,8.0,1.0,0.6,0.6,7.0,12.2,22.5,14.6,4.0,10.2,8.0,1.0,0.6,0.6,-12.6,35.1,82.0,34.8,4.0,58.2,8.0,1.0,0.6,0.6,36.9,53.3,89.0,62.5,4.0,40.8,8.0,1.0,0.6,0.6,-8.3,17.9,46.8,19.2,4.0,34.6,8.0,1.0,0.6,0.6,18.4,30.3,53.7,35.8,4.0,25.9,8.0,1.0,0.6,0.6,-0.1,6.6,16.3,8.0,4.0,10.6,8.0,1.0,0.6,0.6,6.4,10.1,15.4,10.9,4.0,5.8,8.0,1.0,0.6,0.6,51.0,199.0,715.5,375.0,4.0,494.0,8.0,1.0,0.6,0.6,50.0,200.0,715.0,375.0,4.0,495.0,8.0,1.0,0.6,0.6
1974,2,98.0,-39.0,15.0,15.0,15.0,15.0,1.0,0.0,16.0,1.0,0.3,0.7,12.7,12.7,12.7,12.7,1.0,0.0,16.0,1.0,0.3,0.7,5.61,5.61,5.61,5.61,1.0,0.0,16.0,1.0,0.3,0.7,62.8,62.8,62.8,62.8,1.0,0.0,16.0,1.0,0.7,,,,,,,,,,,,,,,,,,,,,,,,,,,,,,,,,,,,,,,,,,,,,,,,,,,,,,,,,,,,,,,,,,,,,,,,,,,,,,,,,,,,,,,,,,,,,,,,,,,,,,,,,,,,,,,,,,,,,,,,,,,,,,,,,,,,,,,,,,,,,,,,,,,,,,,,,,,,,,,,,,,,,,,,,,,,,,,,,,,,,,,,,,,,,,
1974,2,98.0,-36.0,,,,,,,,,,,,,,,,,,,,,,,,,,,,,,,,,,,,,,,,7.7,7.7,7.7,7.7,1.0,0.0,10.0,1.0,0.9,1.0,0.0,0.0,0.0,0.0,1.0,0.0,10.0,1.0,0.9,1.0,7.7,7.7,7.7,7.7,1.0,0.0,10.0,1.0,0.9,1.0,1029.5,1029.5,1029.5,1029.5,1.0,0.0,10.0,1.0,0.9,1.0,,,,,,,,,,,,,,,,,,,,,,,,,,,,,,,,,,,,,,,,,,,,,,,,,,,,,,,,,,,,,,,,,,,,,,,,,,,,,,,,,,,,,,,,,,,,,,,,,,,,,,,,,,,,,,,,,,,,,,,,,,,,,,,,,,,,,,,,,,,,,,,,,,,,,,
1974,2,98.0,-33.0,19.4,19.4,19.4,19.4,1.0,0.0,2.0,0.0,0.5,0.7,16.8,16.8,16.8,16.8,1.0,0.0,2.0,0.0,0.5,0.7,9.58,9.58,9.58,9.58,1.0,0.0,2.0,0.0,0.5,0.7,81.4,81.4,81.4,81.4,1.0,0.0,2.0,0.0,0.7,15.4,15.4,15.4,15.4,1.0,0.0,2.0,0.0,0.5,0.7,-9.9,-9.9,-9.9,-9.9,1.0,0.0,2.0,0.0,0.5,0.7,11.8,11.8,11.8,11.8,1.0,0.0,2.0,0.0,0.5,0.7,1021.6,1021.6,1021.6,1021.6,1.0,0.0,2.0,0.0,0.5,0.7,8.0,8.0,8.0,8.0,1.0,0.0,2.0,0.0,0.5,0.7,-152.4,-152.4,-152.4,-152.4,1.0,0.0,2.0,0.0,0.5,0.7,181.7,181.7,181.7,181.7,1.0,0.0,2.0,0.0,0.5,0.7,2.6,2.6,2.6,2.6,1.0,0.0,2.0,0.0,0.5,0.7,40.0,40.0,40.0,40.0,1.0,0.0,2.0,0.0,0.5,0.7,4.31,4.31,4.31,4.31,1.0,0.0,2.0,0.0,0.5,0.7,66.4,66.4,66.4,66.4,1.0,0.0,2.0,0.0,0.5,0.7,-166.3,-166.3,-166.3,-166.3,1.0,0.0,2.0,0.0,0.5,0.7,198.2,198.2,198.2,198.2,1.0,0.0,2.0,0.0,0.5,0.7,-94.8,-94.8,-94.8,-94.8,1.0,0.0,2.0,0.0,0.5,0.7,113.0,113.0,113.0,113.0,1.0,0.0,2.0,0.0,0.5,0.7,-42.7,-42.7,-42.7,-42.7,1.0,0.0,2.0,0.0,0.5,0.7,50.9,50.9,50.9,50.9,1.0,0.0,2.0,0.0,0.5,0.7,3652.5,3652.5,3652.5,3652.5,1.0,0.0,2.0,0.0,0.5,0.7,3650.0,3650.0,3650.0,3650.0,1.0,0.0,2.0,0.0,0.5,0.7
1974,2,98.0,-32.0,21.5,21.5,21.5,21.5,1.0,0.0,24.0,0.0,0.1,0.5,19.0,19.0,19.0,19.0,1.0,0.0,24.0,0.0,0.1,0.5,9.38,9.38,9.38,9.38,1.0,0.0,24.0,0.0,0.1,0.5,69.0,69.0,69.0,69.0,1.0,0.0,24.0,0.0,0.5,4.6,4.6,4.6,4.6,1.0,0.0,24.0,0.0,0.1,0.5,-4.6,-4.6,-4.6,-4.6,1.0,0.0,24.0,0.0,0.1,0.5,0.0,0.0,0.0,0.0,1.0,0.0,24.0,0.0,0.1,0.5,1016.0,1016.0,1016.0,1016.0,1.0,0.0,24.0,0.0,0.1,0.5,6.0,6.0,6.0,6.0,1.0,0.0,24.0,0.0,0.1,0.5,-21.2,-21.2,-21.2,-21.2,1.0,0.0,24.0,0.0,0.1,0.5,0.0,0.0,0.0,0.0,1.0,0.0,24.0,0.0,0.1,0.5,2.5,2.5,2.5,2.5,1.0,0.0,24.0,0.0,0.1,0.5,11.5,11.5,11.5,11.5,1.0,0.0,24.0,0.0,0.1,0.5,6.54,6.54,6.54,6.54,1.0,0.0,24.0,0.0,0.1,0.5,30.1,30.1,30.1,30.1,1.0,0.0,24.0,0.0,0.1,0.5,-87.4,-87.4,-87.4,-87.4,1.0,0.0,24.0,0.0,0.1,0.5,0.0,0.0,0.0,0.0,1.0,0.0,24.0,0.0,0.1,0.5,-43.1,-43.1,-43.1,-43.1,1.0,0.0,24.0,0.0,0.1,0.5,0.0,0.0,0.0,0.0,1.0,0.0,24.0,0.0,0.1,0.5,-30.1,-30.1,-30.1,-30.1,1.0,0.0,24.0,0.0,0.1,0.5,0.0,0.0,0.0,0.0,1.0,0.0,24.0,0.0,0.1,0.5,97.5,97.5,97.5,97.5,1.0,0.0,24.0,0.0,0.1,0.5,95.0,95.0,95.0,95.0,1.0,0.0,24.0,0.0,0.1,0.5
1974,2,98.0,-31.0,19.4,19.4,19.4,19.4,1.0,0.0,8.0,1.0,0.7,0.7,18.5,18.5,18.5,18.5,2.0,0.0,14.0,1.0,0.4,0.9,10.2,10.61,11.02,10.61,2.0,0.84,14.0,1.0,0.4,0.9,77.9,80.9,84.0,80.9,2.0,6.3,14.0,1.0,0.9,8.28,8.45,8.62,8.45,2.0,0.35,14.0,1.0,0.4,0.9,-4.91,-4.12,-3.34,-4.12,2.0,1.62,14.0,1.0,0.4,0.9,6.58,7.23,7.87,7.23,2.0,1.34,14.0,1.0,0.4,0.9,1020.5,1021.35,1022.2,1021.35,2.0,1.77,14.0,1.0,0.4,0.9,4.6,6.0,7.4,6.0,2.0,2.8,14.0,1.0,0.4,0.9,-40.5,-34.6,-28.6,-34.6,2.0,12.3,14.0,1.0,0.4,0.9,54.6,61.3,68.0,61.3,2.0,13.9,14.0,1.0,0.4,0.9,0.9,0.9,0.9,0.9,1.0,0.0,8.0,1.0,0.7,0.7,7.8,7.8,7.8,7.8,1.0,0.0,8.0,1.0,0.7,0.7,2.7,2.7,2.7,2.7,1.0,0.0,8.0,1.0,0.7,0.7,23.5,23.5,23.5,23.5,1.0,0.0,8.0,1.0,0.7,0.7,-90.8,-76.3,-61.8,-76.3,2.0,30.0,14.0,1.0,0.4,0.9,121.8,133.7,145.7,133.7,2.0,24.8,14.0,1.0,0.4,0.9,-49.7,-43.1,-36.4,-43.1,2.0,13.7,14.0,1.0,0.4,0.9,67.5,77.3,87.1,77.3,2.0,20.3,14.0,1.0,0.4,0.9,-8.0,-8.0,-8.0,-8.0,1.0,0.0,8.0,1.0,0.7,0.7,22.1,22.1,22.1,22.1,1.0,0.0,8.0,1.0,0.7,0.7,568.5,605.0,641.5,605.0,2.0,76.0,14.0,1.0,0.4,0.9,570.0,605.0,640.0,605.0,2.0,75.0,14.0,1.0,0.4,0.9
1974,2,98.0,-27.0,,,,,,,,,,,,,,,,,,,,,,,,,,,,,,,,,,,,,,,,12.3,12.3,12.3,12.3,1.0,0.0,4.0,0.0,0.3,0.2,-7.91,-7.91,-7.91,-7.91,1.0,0.0,4.0,0.0,0.3,0.2,9.42,9.42,9.42,9.42,1.0,0.0,4.0,0.0,0.3,0.2,1022.0,1022.0,1022.0,1022.0,1.0,0.0,4.0,0.0,0.3,0.2,4.0,4.0,4.0,4.0,1.0,0.0,4.0,0.0,0.3,0.2,-97.2,-97.2,-97.2,-97.2,1.0,0.0,4.0,0.0,0.3,0.2,115.9,115.9,115.9,115.9,1.0,0.0,4.0,0.0,0.3,0.2,,,,,,,,,,,,,,,,,,,,,,,,,,,,,,,,,,,,,,,,,-162.1,-162.1,-162.1,-162.1,1.0,0.0,4.0,0.0,0.3,0.2,193.2,193.2,193.2,193.2,1.0,0.0,4.0,0.0,0.3,0.2,-84.0,-84.0,-84.0,-84.0,1.0,0.0,4.0,0.0,0.3,0.2,100.1,100.1,100.1,100.1,1.0,0.0,4.0,0.0,0.3,0.2,,,,,,,,,,,,,,,,,,,,,,,,,,,,,,,,,,,,,,,,
1974,2,98.0,-21.0,24.2,24.2,24.2,24.2,1.0,0.0,8.0,0.0,0.1,0.5,23.5,23.5,23.5,23.5,1.0,0.0,8.0,0.0,0.1,0.5,13.44,13.44,13.44,13.44,1.0,0.0,8.0,0.0,0.1,0.5,74.5,74.5,74.5,74.5,1.0,0.0,8.0,0.0,0.5,8.2,8.2,8.2,8.2,1.0,0.0,8.0,0.0,0.1,0.5,-6.28,-6.28,-6.28,-6.28,1.0,0.0,8.0,0.0,0.1,0.5,5.27,5.27,5.27,5.27,1.0,0.0,8.0,0.0,0.1,0.5,1010.1,1010.1,1010.1,1010.1,1.0,0.0,8.0,0.0,0.1,0.5,7.0,7.0,7.0,7.0,1.0,0.0,8.0,0.0,0.1,0.5,-51.5,-51.5,-51.5,-51.5,1.0,0.0,8.0,0.0,0.1,0.5,43.2,43.2,43.2,43.2,1.0,0.0,8.0,0.0,0.1,0.5,0.7,0.7,0.7,0.7,1.0,0.0,8.0,0.0,0.1,0.5,5.7,5.7,5.7,5.7,1.0,0.0,8.0,0.0,0.1,0.5,5.45,5.45,5.45,5.45,1.0,0.0,8.0,0.0,0.1,0.5,44.7,44.7,44.7,44.7,1.0,0.0,8.0,0.0,0.1,0.5,-147.6,-147.6,-147.6,-147.6,1.0,0.0,8.0,0.0,0.1,0.5,123.9,123.9,123.9,123.9,1.0,0.0,8.0,0.0,0.1,0.5,-84.4,-84.4,-84.4,-84.4,1.0,0.0,8.0,0.0,0.1,0.5,70.8,70.8,70.8,70.8,1.0,0.0,8.0,0.0,0.1,0.5,-34.3,-34.3,-34.3,-34.3,1.0,0.0,8.0,0.0,0.1,0.5,28.7,28.7,28.7,28.7,1.0,0.0,8.0,0.0,0.1,0.5,551.5,551.5,551.5,551.5,1.0,0.0,8.0,0.0,0.1,0.5,550.0,550.0,550.0,550.0,1.0,0.0,8.0,0.0,0.1,0.5
1974,2,98.0,-20.0,25.2,25.2,25.2,25.2,1.0,0.0,10.0,0.0,0.8,1.0,23.8,23.8,23.8,23.8,1.0,0.0,10.0,0.0,0.8,1.0,14.91,14.91,14.91,14.91,1.0,0.0,10.0,0.0,0.8,1.0,81.3,81.3,81.3,81.3,1.0,0.0,10.0,0.0,1.0,11.3,11.3,11.3,11.3,1.0,0.0,10.0,0.0,0.8,1.0,-5.65,-5.65,-5.65,-5.65,1.0,0.0,10.0,0.0,0.8,1.0,9.79,9.79,9.79,9.79,1.0,0.0,10.0,0.0,0.8,1.0,1013.0,1013.0,1013.0,1013.0,1.0,0.0,10.0,0.0,0.8,1.0,8.0,8.0,8.0,8.0,1.0,0.0,10.0,0.0,0.8,1.0,-63.8,-63.8,-63.8,-63.8,1.0,0.0,10.0,0.0,0.8,1.0,110.6,110.6,110.6,110.6,1.0,0.0,10.0,0.0,0.8,1.0,1.4,1.4,1.4,1.4,1.0,0.0,10.0,0.0,0.8,1.0,15.8,15.8,15.8,15.8,1.0,0.0,10.0,0.0,0.8,1.0,5.1,5.1,5.1,5.1,1.0,0.0,10.0,0.0,0.8,1.0,57.7,57.7,57.7,57.7,1.0,0.0,10.0,0.0,0.8,1.0,-134.5,-134.5,-134.5,-134.5,1.0,0.0,10.0,0.0,0.8,1.0,232.9,232.9,232.9,232.9,1.0,0.0,10.0,0.0,0.8,1.0,-84.2,-84.2,-84.2,-84.2,1.0,0.0,10.0,0.0,0.8,1.0,145.9,145.9,145.9,145.9,1.0,0.0,10.0,0.0,0.8,1.0,-28.8,-28.8,-28.8,-28.8,1.0,0.0,10.0,0.0,0.8,1.0,50.0,50.0,50.0,50.0,1.0,0.0,10.0,0.0,0.8,1.0,1443.0,1443.0,1443.0,1443.0,1.0,0.0,10.0,0.0,0.8,1.0,1445.0,1445.0,1445.0,1445.0,1.0,0.0,10.0,0.0,0.8,1.0
1974,2,98.0,-19.0,23.9,24.75,25.6,24.75,2.0,1.77,20.0,1.0,0.3,0.6,23.76,23.9,24.04,23.9,2.0,0.28,20.0,1.0,0.3,0.6,15.64,16.94,18.23,16.94,2.0,2.68,20.0,1.0,0.3,0.6,85.1,91.1,97.2,91.1,2.0,12.5,20.0,1.0,0.6,6.28,6.45,6.62,6.45,2.0,0.35,20.0,1.0,0.3,0.6,-5.2,-4.84,-4.48,-4.84,2.0,0.75,20.0,1.0,0.3,0.6,3.42,4.12,4.81,4.12,2.0,1.44,20.0,1.0,0.3,0.6,1007.98,1009.0,1010.02,1009.0,2.0,2.12,20.0,1.0,0.3,0.6,4.6,6.0,7.4,6.0,2.0,2.8,20.0,1.0,0.3,0.6,-32.6,-31.1,-29.6,-31.1,2.0,3.1,20.0,1.0,0.3,0.6,21.6,26.8,32.0,26.8,2.0,10.7,20.0,1.0,0.3,0.6,-0.14,0.85,1.84,0.85,2.0,2.05,20.0,1.0,0.3,0.6,-0.7,5.8,12.4,5.8,2.0,13.5,20.0,1.0,0.3,0.6,0.39,2.67,4.95,2.67,2.0,4.73,20.0,1.0,0.3,0.6,2.9,18.1,33.2,18.1,2.0,31.5,20.0,1.0,0.3,0.6,-125.1,-115.7,-106.4,-115.7,2.0,19.3,20.0,1.0,0.3,0.6,82.2,98.2,114.2,98.2,2.0,33.2,20.0,1.0,0.3,0.6,-95.3,-82.9,-70.5,-82.9,2.0,25.7,20.0,1.0,0.3,0.6,61.4,67.8,74.2,67.8,2.0,13.3,20.0,1.0,0.3,0.6,-21.2,-11.1,-1.1,-11.1,2.0,20.9,20.0,1.0,0.3,0.6,3.1,14.4,25.6,14.4,2.0,23.3,20.0,1.0,0.3,0.6,248.0,269.5,291.0,269.5,2.0,44.0,20.0,1.0,0.3,0.6,250.0,270.0,290.0,270.0,2.0,45.0,20.0,1.0,0.3,0.6
1974,2,98.0,-18.0,26.5,26.5,26.5,26.5,1.0,0.0,8.0,1.0,0.4,1.0,25.5,25.5,25.5,25.5,1.0,0.0,8.0,1.0,0.4,1.0,16.35,16.35,16.35,16.35,1.0,0.0,8.0,1.0,0.4,1.0,80.0,80.0,80.0,80.0,1.0,0.0,8.0,1.0,1.0,7.2,7.2,7.2,7.2,1.0,0.0,8.0,1.0,0.4,1.0,-4.63,-4.63,-4.63,-4.63,1.0,0.0,8.0,1.0,0.4,1.0,5.52,5.52,5.52,5.52,1.0,0.0,8.0,1.0,0.4,1.0,1007.7,1007.7,1007.7,1007.7,1.0,0.0,8.0,1.0,0.4,1.0,3.0,3.0,3.0,3.0,1.0,0.0,8.0,1.0,0.4,1.0,-33.3,-33.3,-33.3,-33.3,1.0,0.0,8.0,1.0,0.4,1.0,39.7,39.7,39.7,39.7,1.0,0.0,8.0,1.0,0.4,1.0,1.0,1.0,1.0,1.0,1.0,0.0,8.0,1.0,0.4,1.0,7.2,7.2,7.2,7.2,1.0,0.0,8.0,1.0,0.4,1.0,5.41,5.41,5.41,5.41,1.0,0.0,8.0,1.0,0.4,1.0,38.9,38.9,38.9,38.9,1.0,0.0,8.0,1.0,0.4,1.0,-118.0,-118.0,-118.0,-118.0,1.0,0.0,8.0,1.0,0.4,1.0,140.6,140.6,140.6,140.6,1.0,0.0,8.0,1.0,0.4,1.0,-75.7,-75.7,-75.7,-75.7,1.0,0.0,8.0,1.0,0.4,1.0,90.2,90.2,90.2,90.2,1.0,0.0,8.0,1.0,0.4,1.0,-25.0,-25.0,-25.0,-25.0,1.0,0.0,8.0,1.0,0.4,1.0,29.8,29.8,29.8,29.8,1.0,0.0,8.0,1.0,0.4,1.0,373.0,373.0,373.0,373.0,1.0,0.0,8.0,1.0,0.4,1.0,375.0,375.0,375.0,375.0,1.0,0.0,8.0,1.0,0.4,1.0
1974,2,98.0,-17.0,25.0,25.0,25.0,25.0,1.0,0.0,4.0,1.0,0.3,0.3,24.8,24.8,24.8,24.8,1.0,0.0,4.0,1.0,0.3,0.3,15.03,15.03,15.03,15.03,1.0,0.0,4.0,1.0,0.3,0.3,77.0,77.0,77.0,77.0,1.0,0.0,4.0,1.0,0.3,5.1,5.1,5.1,5.1,1.0,0.0,4.0,1.0,0.3,0.3,-3.91,-3.91,-3.91,-3.91,1.0,0.0,4.0,1.0,0.3,0.3,3.28,3.28,3.28,3.28,1.0,0.0,4.0,1.0,0.3,0.3,1011.0,1011.0,1011.0,1011.0,1.0,0.0,4.0,1.0,0.3,0.3,2.0,2.0,2.0,2.0,1.0,0.0,4.0,1.0,0.3,0.3,-19.9,-19.9,-19.9,-19.9,1.0,0.0,4.0,1.0,0.3,0.3,16.7,16.7,16.7,16.7,1.0,0.0,4.0,1.0,0.3,0.3,0.2,0.2,0.2,0.2,1.0,0.0,4.0,1.0,0.3,0.3,1.0,1.0,1.0,1.0,1.0,0.0,4.0,1.0,0.3,0.3,4.78,4.78,4.78,4.78,1.0,0.0,4.0,1.0,0.3,0.3,24.4,24.4,24.4,24.4,1.0,0.0,4.0,1.0,0.3,0.3,-96.9,-96.9,-96.9,-96.9,1.0,0.0,4.0,1.0,0.3,0.3,81.3,81.3,81.3,81.3,1.0,0.0,4.0,1.0,0.3,0.3,-58.7,-58.7,-58.7,-58.7,1.0,0.0,4.0,1.0,0.3,0.3,49.3,49.3,49.3,49.3,1.0,0.0,4.0,1.0,0.3,0.3,-18.7,-18.7,-18.7,-18.7,1.0,0.0,4.0,1.0,0.3,0.3,15.7,15.7,15.7,15.7,1.0,0.0,4.0,1.0,0.3,0.3,132.5,132.5,132.5,132.5,1.0,0.0,4.0,1.0,0.3,0.3,135.0,135.0,135.0,135.0,1.0,0.0,4.0,1.0,0.3,0.3
1974,2,98.0,-16.0,27.49,28.1,28.71,28.1,2.0,1.27,10.0,0.0,0.6,0.6,27.23,27.3,27.37,27.3,2.0,0.14,10.0,0.0,0.6,0.6,17.85,18.43,19.0,18.43,2.0,1.19,10.0,0.0,0.6,0.6,78.9,81.0,83.2,81.0,2.0,4.5,10.0,0.0,0.6,6.86,7.2,7.54,7.2,2.0,0.71,10.0,0.0,0.6,0.6,-3.03,-2.34,-1.66,-2.34,2.0,1.42,10.0,0.0,0.6,0.6,6.08,6.69,7.3,6.69,2.0,1.26,10.0,0.0,0.6,0.6,1008.62,1008.65,1008.68,1008.65,2.0,0.07,10.0,0.0,0.6,0.6,5.5,6.5,7.5,6.5,2.0,2.1,10.0,0.0,0.6,0.6,-20.5,-16.4,-12.2,-16.4,2.0,8.6,10.0,0.0,0.6,0.6,42.0,48.6,55.3,48.6,2.0,13.8,10.0,0.0,0.6,0.6,0.12,0.8,1.48,0.8,2.0,1.41,10.0,0.0,0.6,0.6,0.6,5.3,9.9,5.3,2.0,9.6,10.0,0.0,0.6,0.6,4.07,5.51,6.95,5.51,2.0,2.99,10.0,0.0,0.6,0.6,30.1,38.6,47.1,38.6,2.0,17.6,10.0,0.0,0.6,0.6,-82.5,-63.9,-45.3,-63.9,2.0,38.5,10.0,0.0,0.6,0.6,165.8,182.8,199.8,182.8,2.0,35.3,10.0,0.0,0.6,0.6,-53.7,-42.3,-31.0,-42.3,2.0,23.4,10.0,0.0,0.6,0.6,109.0,124.1,139.1,124.1,2.0,31.2,10.0,0.0,0.6,0.6,-22.2,-15.0,-7.9,-15.0,2.0,14.9,10.0,0.0,0.6,0.6,28.7,35.0,41.3,35.0,2.0,13.1,10.0,0.0,0.6,0.6,325.5,378.5,432.0,378.5,2.0,110.0,10.0,0.0,0.6,0.6,325.0,380.0,430.0,380.0,2.0,110.0,10.0,0.0,0.6,0.6
1974,2,98.0,-15.0,27.66,27.8,29.3,28.47,3.0,1.33,4.0,0.0,0.3,0.2,26.32,27.0,28.37,27.33,3.0,1.53,4.0,0.0,0.3,0.2,15.54,17.6,18.6,17.08,3.0,2.29,4.0,0.0,0.3,0.2,69.7,70.1,80.4,74.9,3.0,8.9,4.0,0.0,0.2,3.39,5.1,5.51,4.47,3.0,1.64,4.0,0.0,0.3,0.2,-4.18,-2.85,-2.26,-3.21,3.0,1.43,4.0,0.0,0.3,0.2,-0.59,1.74,3.92,1.67,3.0,3.3,4.0,0.0,0.3,0.2,1007.19,1007.8,1009.71,1008.43,3.0,1.93,4.0,0.0,0.3,0.2,5.3,6.0,6.7,6.0,3.0,1.0,4.0,0.0,0.3,0.2,-21.8,-16.2,-8.7,-15.3,3.0,9.7,4.0,0.0,0.3,0.2,-0.1,8.9,22.0,10.9,3.0,16.3,4.0,0.0,0.3,0.2,0.73,1.0,1.55,1.13,3.0,0.61,4.0,0.0,0.3,0.2,3.6,4.7,5.4,4.5,3.0,1.3,4.0,0.0,0.3,0.2,5.67,8.86,9.06,7.4,3.0,2.79,4.0,0.0,0.3,0.2,21.9,23.0,42.9,32.2,3.0,17.4,4.0,0.0,0.3,0.2,-114.6,-82.6,-61.6,-87.9,3.0,39.1,4.0,0.0,0.3,0.2,-14.7,47.1,112.7,48.9,3.0,93.3,4.0,0.0,0.3,0.2,-78.3,-50.2,-35.7,-56.9,3.0,31.7,4.0,0.0,0.3,0.2,-6.1,33.3,69.9,31.9,3.0,55.6,4.0,0.0,0.3,0.2,-24.2,-20.0,-18.4,-21.3,3.0,4.4,4.0,0.0,0.3,0.2,-7.8,7.3,33.2,12.6,3.0,30.4,4.0,0.0,0.3,0.2,54.0,132.5,168.5,112.0,3.0,85.5,4.0,0.0,0.3,0.2,55.0,135.0,170.0,110.0,3.0,85.0,4.0,0.0,0.3,0.2
1974,2,98.0,-14.0,,,,,,,,,,,,,,,,,,,,,,,,,,,,,,,,,,,,,,,,5.1,5.1,5.1,5.1,1.0,0.0,28.0,0.0,0.1,1.0,0.0,0.0,0.0,0.0,1.0,0.0,28.0,0.0,0.1,1.0,5.1,5.1,5.1,5.1,1.0,0.0,28.0,0.0,0.1,1.0,1008.9,1008.9,1008.9,1008.9,1.0,0.0,28.0,0.0,0.1,1.0,,,,,,,,,,,,,,,,,,,,,,,,,,,,,,,,,,,,,,,,,,,,,,,,,,,,,,,,,,,,,,,,,,,,,,,,,,,,,,,,,,,,,,,,,,,,,,,,,,,,,,,,,,,,,,,,,,,,,,,,,,,,,,,,,,,,,,,,,,,,,,,,,,,,,,
1974,2,98.0,-11.0,28.53,28.6,28.6,28.57,3.0,0.06,18.0,1.0,0.5,0.5,25.7,27.2,27.88,26.8,3.0,1.64,18.0,1.0,0.5,0.5,17.05,18.37,19.01,18.04,3.0,1.46,18.0,1.0,0.5,0.5,78.6,82.9,84.5,81.6,3.0,4.5,18.0,1.0,0.5,3.42,4.1,4.44,3.93,3.0,0.76,18.0,1.0,0.5,0.5,-2.77,-2.37,-1.71,-2.24,3.0,0.79,18.0,1.0,0.5,0.5,2.48,3.52,3.75,3.12,3.0,0.99,18.0,1.0,0.5,0.5,1006.94,1007.9,1008.31,1007.63,3.0,1.03,18.0,1.0,0.5,0.5,5.3,6.0,7.4,6.3,3.0,1.5,18.0,1.0,0.5,0.5,-11.6,-7.4,-6.3,-8.9,3.0,4.1,18.0,1.0,0.5,0.5,9.2,15.8,16.1,12.7,3.0,5.7,18.0,1.0,0.5,0.5,0.72,1.4,2.83,1.77,3.0,1.58,18.0,1.0,0.5,0.5,2.9,6.4,11.8,7.3,3.0,6.6,18.0,1.0,0.5,0.5,5.65,6.27,7.48,6.56,3.0,1.36,18.0,1.0,0.5,0.5,21.1,24.7,30.4,25.7,3.0,6.8,18.0,1.0,0.5,0.5,-76.2,-67.0,-45.2,-60.8,3.0,23.3,18.0,1.0,0.5,0.5,68.8,95.8,96.2,82.8,3.0,23.0,18.0,1.0,0.5,0.5,-52.8,-43.6,-29.6,-41.3,3.0,17.1,18.0,1.0,0.5,0.5,45.1,63.3,66.6,56.0,3.0,17.0,18.0,1.0,0.5,0.5,-15.6,-14.9,-12.4,-14.0,3.0,2.4,18.0,1.0,0.5,0.5,14.5,18.9,27.2,20.8,3.0,9.4,18.0,1.0,0.5,0.5,42.0,69.0,88.5,65.5,3.0,34.0,18.0,1.0,0.5,0.5,40.0,70.0,90.0,65.0,3.0,35.0,18.0,1.0,0.5,0.5
1974,2,98.0,-4.0,,,,,,,,,,,,,,,,,,,,,,,,,,,,,,,,,,,,,,,,3.6,3.6,3.6,3.6,1.0,0.0,26.0,1.0,0.6,0.6,2.76,2.76,2.76,2.76,1.0,0.0,26.0,1.0,0.6,0.6,-2.31,-2.31,-2.31,-2.31,1.0,0.0,26.0,1.0,0.6,0.6,1011.0,1011.0,1011.0,1011.0,1.0,0.0,26.0,1.0,0.6,0.6,,,,,,,,,,,,,,,,,,,,,,,,,,,,,,,,,,,,,,,,,,,,,,,,,,,,,,,,,,,,,,,,,,,,,,,,,,,,,,,,,,,,,,,,,,,,,,,,,,,,,,,,,,,,,,,,,,,,,,,,,,,,,,,,,,,,,,,,,,,,,,,,,,,,,,
1974,2,98.0,-1.0,28.0,28.0,28.2,28.1,3.0,0.17,12.0,0.3,0.1,0.4,26.9,28.4,29.49,28.2,3.0,1.91,12.0,0.3,0.1,0.4,17.34,18.03,19.13,18.23,3.0,1.32,12.0,0.3,0.1,0.4,73.9,74.3,78.3,76.1,3.0,3.5,12.0,0.3,0.4,1.51,2.6,6.08,3.77,3.0,3.5,12.0,0.3,0.1,0.4,0.11,0.34,5.36,2.68,3.0,4.35,12.0,0.3,0.1,0.4,0.3,0.94,2.07,1.18,3.0,1.32,12.0,0.3,0.1,0.4,1008.0,1008.0,1009.71,1008.83,3.0,1.44,12.0,0.3,0.1,0.4,3.6,5.0,7.0,5.3,3.0,2.5,12.0,0.3,0.1,0.4,0.1,0.3,40.6,19.9,3.0,34.1,12.0,0.3,0.1,0.4,0.3,0.9,4.9,2.6,3.0,3.7,12.0,0.3,0.1,0.4,-1.4,-0.1,1.2,-0.1,3.0,1.9,12.0,0.3,0.1,0.4,-3.6,-0.1,9.4,2.9,3.0,9.9,12.0,0.3,0.1,0.4,4.79,6.17,6.53,5.67,3.0,1.35,12.0,0.3,0.1,0.4,7.6,10.8,38.6,22.8,3.0,25.0,12.0,0.3,0.1,0.4,3.1,9.7,140.8,70.5,3.0,113.8,12.0,0.3,0.1,0.4,8.5,26.7,61.7,34.9,3.0,39.6,12.0,0.3,0.1,0.4,2.0,6.2,91.4,45.8,3.0,74.0,12.0,0.3,0.1,0.4,5.4,16.9,40.2,22.7,3.0,26.0,12.0,0.3,0.1,0.4,0.7,2.1,35.9,17.9,3.0,29.2,12.0,0.3,0.1,0.4,1.8,5.8,9.2,5.5,3.0,5.4,12.0,0.3,0.1,0.4,6.5,17.5,317.0,158.5,3.0,258.5,12.0,0.3,0.1,0.4,5.0,20.0,315.0,160.0,3.0,260.0,12.0,0.3,0.1,0.4
1974,2,98.0,1.0,28.0,28.0,28.14,28.07,3.0,0.12,10.0,0.7,0.0,0.3,26.0,26.0,26.82,26.4,3.0,0.69,10.0,0.7,0.0,0.3,16.62,16.62,17.18,16.89,3.0,0.47,10.0,0.7,0.0,0.3,75.4,79.1,81.8,78.6,3.0,4.7,10.0,0.7,0.3,0.0,0.0,1.77,0.87,3.0,1.5,10.0,0.7,0.0,0.3,0.0,0.0,1.75,0.85,3.0,1.48,10.0,0.7,0.0,0.3,-0.31,0.0,0.0,-0.15,3.0,0.26,10.0,0.7,0.0,0.3,1010.0,1010.0,1010.68,1010.33,3.0,0.58,10.0,0.7,0.0,0.3,6.2,6.5,6.8,6.5,2.0,0.7,16.0,0.5,0.0,0.4,0.0,0.0,4.5,2.2,3.0,3.8,10.0,0.7,0.0,0.3,-0.8,0.0,0.0,-0.4,3.0,0.7,10.0,0.7,0.0,0.3,1.32,2.0,2.0,1.67,3.0,0.58,10.0,0.7,0.0,0.3,0.0,0.0,3.5,1.7,3.0,3.0,10.0,0.7,0.0,0.3,6.54,7.12,7.31,6.93,3.0,0.59,10.0,0.7,0.0,0.3,0.0,0.0,12.6,6.2,3.0,10.7,10.0,0.7,0.0,0.3,0.0,0.0,45.4,22.2,3.0,38.4,10.0,0.7,0.0,0.3,-8.0,0.0,0.0,-3.9,3.0,6.8,10.0,0.7,0.0,0.3,0.0,0.0,29.0,14.2,3.0,24.6,10.0,0.7,0.0,0.3,-5.1,0.0,0.0,-2.5,3.0,4.3,10.0,0.7,0.0,0.3,0.0,0.0,12.4,6.1,3.0,10.5,10.0,0.7,0.0,0.3,-2.2,0.0,0.0,-1.1,3.0,1.9,10.0,0.7,0.0,0.3,0.0,0.0,12.0,6.0,3.0,10.0,10.0,0.7,0.0,0.3,0.0,0.0,10.0,5.0,3.0,10.0,10.0,0.7,0.0,0.3
1974,2,98.0,4.0,27.13,28.0,30.0,28.22,15.0,1.28,18.0,0.4,0.4,0.7,25.51,27.1,28.34,27.08,18.0,1.5,16.0,0.4,0.4,0.7,16.1,17.83,19.6,17.91,13.0,1.62,18.0,0.5,0.4,0.7,71.4,83.1,87.5,81.7,13.0,8.3,18.0,0.5,0.7,0.43,3.0,4.67,2.77,19.0,2.15,16.0,0.4,0.4,0.7,-2.12,-0.09,2.8,0.01,19.0,2.72,16.0,0.4,0.4,0.7,-2.93,-0.94,0.0,-1.47,19.0,1.75,16.0,0.4,0.4,0.7,1008.23,1010.1,1011.16,1009.71,19.0,1.9,16.0,0.4,0.4,0.7,4.7,7.0,8.0,6.3,19.0,2.2,16.0,0.4,0.4,0.7,-4.8,0.0,10.3,0.8,19.0,14.7,16.0,0.4,0.4,0.7,-10.3,-0.9,0.0,-6.4,19.0,10.0,16.0,0.4,0.4,0.7,-0.08,1.0,3.24,1.27,15.0,1.89,18.0,0.4,0.4,0.7,-0.2,1.9,6.7,3.4,15.0,8.0,18.0,0.4,0.4,0.7,4.73,5.9,7.27,6.03,12.0,1.41,18.0,0.4,0.4,0.7,3.3,10.7,31.9,14.9,12.0,14.7,18.0,0.4,0.4,0.7,-45.0,-1.1,79.4,6.4,18.0,69.0,16.0,0.4,0.4,0.7,-75.0,-20.5,0.0,-33.7,18.0,39.9,16.0,0.4,0.4,0.7,-29.9,0.0,48.1,7.7,13.0,45.5,18.0,0.5,0.4,0.7,-39.3,-10.9,1.0,-20.7,13.0,29.6,18.0,0.5,0.4,0.7,-9.0,-0.4,7.5,0.8,12.0,17.6,18.0,0.4,0.4,0.7,-14.6,-4.2,0.7,-6.5,12.0,10.1,18.0,0.4,0.4,0.7,0.0,27.0,102.5,61.0,19.0,97.5,16.0,0.4,0.4,0.7,0.0,25.0,100.0,60.0,19.0,95.0,16.0,0.4,0.4,0.7
1974,2,98.0,5.0,26.7,27.25,28.96,27.66,14.0,1.08,20.0,0.4,0.2,0.3,26.46,27.55,28.06,27.44,16.0,1.41,20.0,0.5,0.2,0.3,15.32,17.25,19.0,17.3,13.0,1.75,20.0,0.5,0.3,0.3,66.4,72.8,82.7,75.4,13.0,10.3,20.0,0.5,0.3,2.48,4.6,7.7,4.75,16.0,2.63,20.0,0.5,0.2,0.3,-6.53,-3.18,0.97,-2.91,16.0,3.68,20.0,0.5,0.2,0.3,-3.68,-1.17,0.99,-1.34,16.0,2.55,20.0,0.5,0.2,0.3,1008.43,1010.2,1012.2,1010.32,15.0,1.95,20.0,0.5,0.2,0.2,5.0,7.0,8.0,6.6,15.0,1.8,20.0,0.5,0.2,0.3,-48.3,-13.6,4.5,-20.9,16.0,27.2,20.0,0.5,0.2,0.3,-19.3,-6.0,3.6,-8.1,16.0,17.6,20.0,0.5,0.2,0.3,-0.99,0.25,1.39,0.04,14.0,1.67,20.0,0.4,0.2,0.3,-6.1,0.0,6.8,0.1,14.0,6.2,20.0,0.4,0.2,0.3,4.32,5.8,7.14,5.83,12.0,1.83,20.0,0.5,0.2,0.3,8.4,29.2,45.1,28.0,12.0,17.5,20.0,0.5,0.2,0.3,-175.9,-87.4,27.1,-79.3,16.0,99.8,20.0,0.5,0.2,0.3,-101.4,-34.4,26.7,-36.6,16.0,69.9,20.0,0.5,0.2,0.3,-108.9,-66.1,2.7,-54.3,13.0,61.1,20.0,0.5,0.3,0.3,-78.8,-39.4,-10.5,-35.6,13.0,42.8,20.0,0.5,0.3,0.3,-41.4,-22.1,2.0,-20.0,12.0,21.3,20.0,0.5,0.2,0.3,-20.3,-7.9,-2.6,-8.4,12.0,13.8,20.0,0.5,0.2,0.3,17.0,97.5,456.5,200.0,16.0,241.5,20.0,0.5,0.2,0.3,15.0,95.0,455.0,200.0,16.0,240.0,20.0,0.5,0.2,0.3
1974,2,98.0,6.0,,,,,,,,,,,,,,,,,,,,,,,,,,,,,,,,,,,,,,,,,,,,,,,,,,,,,,,,,,,,,,,,,,,,,,,,,,,,,,,,5.0,5.0,5.0,5.0,1.0,0.0,4.0,0.0,0.6,0.4,-19.9,-19.9,-19.9,-19.9,1.0,0.0,4.0,0.0,0.6,0.4,-16.7,-16.7,-16.7,-16.7,1.0,0.0,4.0,0.0,0.6,0.4,,,,,,,,,,,,,,,,,,,,,,,,,,,,,,,,,,,,,,,,,,,,,,,,,,,,,,,,,,,,,,,,,,,,,,,,,,,,,,,,,,,,,,,,,,,,,,,,,,,,,,,,,,,,,,,,,,,,,,,,
1974,2,98.0,7.0,,,,,,,,,,,,,,,,,,,,,,,,,,,,,,,,,,,,,,,,0.0,0.0,0.0,0.0,1.0,0.0,8.0,0.0,0.6,0.9,0.0,0.0,0.0,0.0,1.0,0.0,8.0,0.0,0.6,0.9,0.0,0.0,0.0,0.0,1.0,0.0,8.0,0.0,0.6,0.9,1009.5,1009.5,1009.5,1009.5,1.0,0.0,8.0,0.0,0.6,0.9,,,,,,,,,,,,,,,,,,,,,,,,,,,,,,,,,,,,,,,,,,,,,,,,,,,,,,,,,,,,,,,,,,,,,,,,,,,,,,,,,,,,,,,,,,,,,,,,,,,,,,,,,,,,,,,,,,,,,,,,,,,,,,,,,,,,,,,,,,,,,,,,,,,,,,
1974,2,98.0,8.0,,,,,,,,,,,,,,,,,,,,,,,,,,,,,,,,,,,,,,,,3.1,3.1,3.1,3.1,1.0,0.0,8.0,1.0,0.4,0.6,-2.37,-2.37,-2.37,-2.37,1.0,0.0,8.0,1.0,0.4,0.6,-1.99,-1.99,-1.99,-1.99,1.0,0.0,8.0,1.0,0.4,0.6,1010.6,1010.6,1010.6,1010.6,1.0,0.0,8.0,1.0,0.4,0.6,,,,,,,,,,,,,,,,,,,,,,,,,,,,,,,,,,,,,,,,,,,,,,,,,,,,,,,,,,,,,,,,,,,,,,,,,,,,,,,,,,,,,,,,,,,,,,,,,,,,,,,,,,,,,,,,,,,,,,,,,,,,,,,,,,,,,,,,,,,,,,,,,,,,,,
1974,2,99.0,-60.0,1.5,1.5,1.5,1.5,1.0,0.0,28.0,1.0,0.2,0.1,1.8,1.8,1.8,1.8,1.0,0.0,28.0,1.0,0.2,0.1,4.17,4.17,4.17,4.17,1.0,0.0,28.0,1.0,0.2,0.1,95.1,95.1,95.1,95.1,1.0,0.0,28.0,1.0,0.1,11.0,11.0,11.0,11.0,1.0,0.0,28.0,1.0,0.2,0.1,7.07,7.07,7.07,7.07,1.0,0.0,28.0,1.0,0.2,0.1,-8.43,-8.43,-8.43,-8.43,1.0,0.0,28.0,1.0,0.2,0.1,992.9,992.9,992.9,992.9,1.0,0.0,28.0,1.0,0.2,0.1,8.0,8.0,8.0,8.0,1.0,0.0,28.0,1.0,0.2,0.1,77.8,77.8,77.8,77.8,1.0,0.0,28.0,1.0,0.2,0.1,-92.7,-92.7,-92.7,-92.7,1.0,0.0,28.0,1.0,0.2,0.1,-0.3,-0.3,-0.3,-0.3,1.0,0.0,28.0,1.0,0.2,0.1,-3.3,-3.3,-3.3,-3.3,1.0,0.0,28.0,1.0,0.2,0.1,0.12,0.12,0.12,0.12,1.0,0.0,28.0,1.0,0.2,0.1,1.3,1.3,1.3,1.3,1.0,0.0,28.0,1.0,0.2,0.1,12.7,12.7,12.7,12.7,1.0,0.0,28.0,1.0,0.2,0.1,-15.2,-15.2,-15.2,-15.2,1.0,0.0,28.0,1.0,0.2,0.1,29.5,29.5,29.5,29.5,1.0,0.0,28.0,1.0,0.2,0.1,-35.2,-35.2,-35.2,-35.2,1.0,0.0,28.0,1.0,0.2,0.1,0.9,0.9,0.9,0.9,1.0,0.0,28.0,1.0,0.2,0.1,-1.0,-1.0,-1.0,-1.0,1.0,0.0,28.0,1.0,0.2,0.1,1331.0,1331.0,1331.0,1331.0,1.0,0.0,28.0,1.0,0.2,0.1,1330.0,1330.0,1330.0,1330.0,1.0,0.0,28.0,1.0,0.2,0.1
1974,2,99.0,-49.0,6.11,6.35,6.59,6.35,2.0,0.49,12.0,0.5,0.4,0.4,5.96,6.3,6.64,6.3,2.0,0.71,12.0,0.5,0.4,0.4,4.34,4.77,5.2,4.77,2.0,0.89,12.0,0.5,0.4,0.4,74.9,80.6,86.3,80.6,2.0,11.7,12.0,0.5,0.4,8.2,8.2,8.2,8.2,2.0,0.0,12.0,0.5,0.4,0.4,6.28,6.28,6.28,6.28,2.0,0.0,12.0,0.5,0.4,0.4,-5.27,-5.27,-5.27,-5.27,2.0,0.0,12.0,0.5,0.4,0.4,1009.49,1013.35,1017.21,1013.35,2.0,7.99,12.0,0.5,0.4,0.4,8.0,8.0,8.0,8.0,2.0,0.0,12.0,0.5,0.4,0.4,51.5,51.5,51.5,51.5,2.0,0.0,12.0,0.5,0.4,0.4,-43.2,-43.2,-43.2,-43.2,2.0,0.0,12.0,0.5,0.4,0.4,-0.05,0.05,0.15,0.05,2.0,0.21,12.0,0.5,0.4,0.4,-0.4,0.4,1.2,0.4,2.0,1.7,12.0,0.5,0.4,0.4,0.8,1.15,1.51,1.15,2.0,0.73,12.0,0.5,0.4,0.4,6.6,9.5,12.4,9.5,2.0,6.0,12.0,0.5,0.4,0.4,37.4,39.6,41.7,39.6,2.0,4.4,12.0,0.5,0.4,0.4,-35.0,-33.2,-31.4,-33.2,2.0,3.7,12.0,0.5,0.4,0.4,27.3,30.0,32.7,30.0,2.0,5.6,12.0,0.5,0.4,0.4,-27.4,-25.2,-22.9,-25.2,2.0,4.7,12.0,0.5,0.4,0.4,5.0,7.2,9.5,7.2,2.0,4.6,12.0,0.5,0.4,0.4,-8.0,-6.1,-4.2,-6.1,2.0,3.9,12.0,0.5,0.4,0.4,551.5,551.5,551.5,551.5,2.0,0.0,12.0,0.5,0.4,0.4,550.0,550.0,550.0,550.0,2.0,0.0,12.0,0.5,0.4,0.4
1974,2,99.0,-43.0,,,,,,,,,,,,,,,,,,,,,,,,,,,,,,,,,,,,,,,,,,,,,,,,,,,,,,,,,,,,,,,,,,,,,,,,,,,,,,,,7.0,7.0,7.0,7.0,1.0,0.0,6.0,0.0,0.9,0.9,0.0,0.0,0.0,0.0,1.0,0.0,6.0,0.0,0.9,0.9,6.8,6.8,6.8,6.8,1.0,0.0,6.0,0.0,0.9,0.9,,,,,,,,,,,,,,,,,,,,,,,,,,,,,,,,,,,,,,,,,,,,,,,,,,,,,,,,,,,,,,,,,,,,,,,,,,,,,,,,,,,,,,,,,,,,,,,,,,,,,,,,,,,,,,,,,,,,,,,,
1974,2,99.0,-38.0,16.0,16.0,16.0,16.0,1.0,0.0,16.0,0.0,0.8,0.3,13.0,13.0,13.0,13.0,1.0,0.0,16.0,0.0,0.8,0.3,5.46,5.46,5.46,5.46,1.0,0.0,16.0,0.0,0.8,0.3,59.9,59.9,59.9,59.9,1.0,0.0,16.0,0.0,0.3,,,,,,,,,,,,,,,,,,,,,,,,,,,,,,,,,,,,,,,,,,,,,,,,,,,,,,,,,,,,,,,,,,,,,,,,,,,,,,,,,,,,,,,,,,,,,,,,,,,,,,,,,,,,,,,,,,,,,,,,,,,,,,,,,,,,,,,,,,,,,,,,,,,,,,,,,,,,,,,,,,,,,,,,,,,,,,,,,,,,,,,,,,,,,,
1974,2,99.0,-34.0,19.4,19.4,19.4,19.4,1.0,0.0,2.0,1.0,0.1,0.2,18.8,18.8,18.8,18.8,1.0,0.0,2.0,1.0,0.1,0.2,7.69,7.69,7.69,7.69,1.0,0.0,2.0,1.0,0.1,0.2,57.3,57.3,57.3,57.3,1.0,0.0,2.0,1.0,0.2,2.6,2.6,2.6,2.6,1.0,0.0,2.0,1.0,0.1,0.2,2.56,2.56,2.56,2.56,1.0,0.0,2.0,1.0,0.1,0.2,-0.45,-0.45,-0.45,-0.45,1.0,0.0,2.0,1.0,0.1,0.2,1015.3,1015.3,1015.3,1015.3,1.0,0.0,2.0,1.0,0.1,0.2,8.0,8.0,8.0,8.0,1.0,0.0,2.0,1.0,0.1,0.2,6.7,6.7,6.7,6.7,1.0,0.0,2.0,1.0,0.1,0.2,-1.2,-1.2,-1.2,-1.2,1.0,0.0,2.0,1.0,0.1,0.2,0.6,0.6,0.6,0.6,1.0,0.0,2.0,1.0,0.1,0.2,1.6,1.6,1.6,1.6,1.0,0.0,2.0,1.0,0.1,0.2,6.29,6.29,6.29,6.29,1.0,0.0,2.0,1.0,0.1,0.2,16.3,16.3,16.3,16.3,1.0,0.0,2.0,1.0,0.1,0.2,48.1,48.1,48.1,48.1,1.0,0.0,2.0,1.0,0.1,0.2,-8.5,-8.5,-8.5,-8.5,1.0,0.0,2.0,1.0,0.1,0.2,19.7,19.7,19.7,19.7,1.0,0.0,2.0,1.0,0.1,0.2,-3.5,-3.5,-3.5,-3.5,1.0,0.0,2.0,1.0,0.1,0.2,16.1,16.1,16.1,16.1,1.0,0.0,2.0,1.0,0.1,0.2,-2.8,-2.8,-2.8,-2.8,1.0,0.0,2.0,1.0,0.1,0.2,17.5,17.5,17.5,17.5,1.0,0.0,2.0,1.0,0.1,0.2,20.0,20.0,20.0,20.0,1.0,0.0,2.0,1.0,0.1,0.2
1974,2,99.0,-33.0,19.52,19.55,19.58,19.55,2.0,0.07,8.0,1.0,0.6,0.9,17.42,17.45,17.48,17.45,2.0,0.07,8.0,1.0,0.6,0.9,7.41,8.34,9.27,8.34,2.0,1.93,8.0,1.0,0.6,0.9,60.3,68.0,75.8,68.0,2.0,16.1,8.0,1.0,0.9,4.6,4.6,4.6,4.6,1.0,0.0,14.0,1.0,0.4,1.0,0.8,0.8,0.8,0.8,1.0,0.0,14.0,1.0,0.4,1.0,4.53,4.53,4.53,4.53,1.0,0.0,14.0,1.0,0.4,1.0,1018.39,1019.45,1020.51,1019.45,2.0,2.19,8.0,1.0,0.6,0.9,8.0,8.0,8.0,8.0,2.0,0.0,8.0,1.0,0.6,0.9,3.7,3.7,3.7,3.7,1.0,0.0,14.0,1.0,0.4,1.0,20.8,20.8,20.8,20.8,1.0,0.0,14.0,1.0,0.4,1.0,2.03,2.1,2.17,2.1,2.0,0.14,8.0,1.0,0.6,0.9,10.1,10.1,10.1,10.1,1.0,0.0,14.0,1.0,0.4,1.0,4.79,5.71,6.62,5.71,2.0,1.9,8.0,1.0,0.6,0.9,20.1,20.1,20.1,20.1,1.0,0.0,14.0,1.0,0.4,1.0,13.9,13.9,13.9,13.9,1.0,0.0,14.0,1.0,0.4,1.0,78.8,78.8,78.8,78.8,1.0,0.0,14.0,1.0,0.4,1.0,7.8,7.8,7.8,7.8,1.0,0.0,14.0,1.0,0.4,1.0,44.0,44.0,44.0,44.0,1.0,0.0,14.0,1.0,0.4,1.0,3.5,3.5,3.5,3.5,1.0,0.0,14.0,1.0,0.4,1.0,19.8,19.8,19.8,19.8,1.0,0.0,14.0,1.0,0.4,1.0,97.5,97.5,97.5,97.5,1.0,0.0,14.0,1.0,0.4,1.0,95.0,95.0,95.0,95.0,1.0,0.0,14.0,1.0,0.4,1.0
1974,2,99.0,-32.0,19.8,19.8,19.8,19.8,1.0,0.0,10.0,1.0,0.5,0.8,16.9,16.9,16.9,16.9,1.0,0.0,10.0,1.0,0.5,0.8,8.98,8.98,8.98,8.98,1.0,0.0,10.0,1.0,0.5,0.8,76.3,76.3,76.3,76.3,1.0,0.0,10.0,1.0,0.8,9.3,9.3,9.3,9.3,1.0,0.0,10.0,1.0,0.5,0.8,-4.65,-4.65,-4.65,-4.65,1.0,0.0,10.0,1.0,0.5,0.8,8.05,8.05,8.05,8.05,1.0,0.0,10.0,1.0,0.5,0.8,1026.6,1026.6,1026.6,1026.6,1.0,0.0,10.0,1.0,0.5,0.8,8.0,8.0,8.0,8.0,1.0,0.0,10.0,1.0,0.5,0.8,-43.2,-43.2,-43.2,-43.2,1.0,0.0,10.0,1.0,0.5,0.8,74.9,74.9,74.9,74.9,1.0,0.0,10.0,1.0,0.5,0.8,2.9,2.9,2.9,2.9,1.0,0.0,10.0,1.0,0.5,0.8,27.0,27.0,27.0,27.0,1.0,0.0,10.0,1.0,0.5,0.8,5.19,5.19,5.19,5.19,1.0,0.0,10.0,1.0,0.5,0.8,48.3,48.3,48.3,48.3,1.0,0.0,10.0,1.0,0.5,0.8,-78.6,-78.6,-78.6,-78.6,1.0,0.0,10.0,1.0,0.5,0.8,136.1,136.1,136.1,136.1,1.0,0.0,10.0,1.0,0.5,0.8,-41.8,-41.8,-41.8,-41.8,1.0,0.0,10.0,1.0,0.5,0.8,72.3,72.3,72.3,72.3,1.0,0.0,10.0,1.0,0.5,0.8,-24.1,-24.1,-24.1,-24.1,1.0,0.0,10.0,1.0,0.5,0.8,41.8,41.8,41.8,41.8,1.0,0.0,10.0,1.0,0.5,0.8,804.5,804.5,804.5,804.5,1.0,0.0,10.0,1.0,0.5,0.8,805.0,805.0,805.0,805.0,1.0,0.0,10.0,1.0,0.5,0.8
1974,2,99.0,-27.0,22.8,22.8,22.8,22.8,1.0,0.0,24.0,0.0,0.4,0.8,21.9,21.9,21.9,21.9,1.0,0.0,24.0,0.0,0.4,0.8,11.31,11.31,11.31,11.31,1.0,0.0,24.0,0.0,0.4,0.8,69.6,69.6,69.6,69.6,1.0,0.0,24.0,0.0,0.8,5.1,5.1,5.1,5.1,1.0,0.0,24.0,0.0,0.4,0.8,-2.55,-2.55,-2.55,-2.55,1.0,0.0,24.0,0.0,0.4,0.8,4.42,4.42,4.42,4.42,1.0,0.0,24.0,0.0,0.4,0.8,1017.0,1017.0,1017.0,1017.0,1.0,0.0,24.0,0.0,0.4,0.8,5.0,5.0,5.0,5.0,1.0,0.0,24.0,0.0,0.4,0.8,-13.0,-13.0,-13.0,-13.0,1.0,0.0,24.0,0.0,0.4,0.8,22.5,22.5,22.5,22.5,1.0,0.0,24.0,0.0,0.4,0.8,0.9,0.9,0.9,0.9,1.0,0.0,24.0,0.0,0.4,0.8,4.6,4.6,4.6,4.6,1.0,0.0,24.0,0.0,0.4,0.8,5.92,5.92,5.92,5.92,1.0,0.0,24.0,0.0,0.4,0.8,30.2,30.2,30.2,30.2,1.0,0.0,24.0,0.0,0.4,0.8,-55.8,-55.8,-55.8,-55.8,1.0,0.0,24.0,0.0,0.4,0.8,96.7,96.7,96.7,96.7,1.0,0.0,24.0,0.0,0.4,0.8,-28.8,-28.8,-28.8,-28.8,1.0,0.0,24.0,0.0,0.4,0.8,50.0,50.0,50.0,50.0,1.0,0.0,24.0,0.0,0.4,0.8,-15.1,-15.1,-15.1,-15.1,1.0,0.0,24.0,0.0,0.4,0.8,26.1,26.1,26.1,26.1,1.0,0.0,24.0,0.0,0.4,0.8,132.5,132.5,132.5,132.5,1.0,0.0,24.0,0.0,0.4,0.8,135.0,135.0,135.0,135.0,1.0,0.0,24.0,0.0,0.4,0.8
1974,2,99.0,-23.0,23.3,23.3,23.3,23.3,1.0,0.0,8.0,1.0,0.9,0.6,23.6,23.6,23.6,23.6,1.0,0.0,8.0,1.0,0.9,0.6,13.66,13.66,13.66,13.66,1.0,0.0,8.0,1.0,0.9,0.6,75.4,75.4,75.4,75.4,1.0,0.0,8.0,1.0,0.6,7.7,7.7,7.7,7.7,1.0,0.0,8.0,1.0,0.9,0.6,-5.9,-5.9,-5.9,-5.9,1.0,0.0,8.0,1.0,0.9,0.6,4.95,4.95,4.95,4.95,1.0,0.0,8.0,1.0,0.9,0.6,1013.0,1013.0,1013.0,1013.0,1.0,0.0,8.0,1.0,0.9,0.6,6.0,6.0,6.0,6.0,1.0,0.0,8.0,1.0,0.9,0.6,-45.4,-45.4,-45.4,-45.4,1.0,0.0,8.0,1.0,0.9,0.6,38.1,38.1,38.1,38.1,1.0,0.0,8.0,1.0,0.9,0.6,-0.3,-0.3,-0.3,-0.3,1.0,0.0,8.0,1.0,0.9,0.6,-2.3,-2.3,-2.3,-2.3,1.0,0.0,8.0,1.0,0.9,0.6,4.18,4.18,4.18,4.18,1.0,0.0,8.0,1.0,0.9,0.6,32.2,32.2,32.2,32.2,1.0,0.0,8.0,1.0,0.9,0.6,-139.2,-139.2,-139.2,-139.2,1.0,0.0,8.0,1.0,0.9,0.6,116.8,116.8,116.8,116.8,1.0,0.0,8.0,1.0,0.9,0.6,-80.6,-80.6,-80.6,-80.6,1.0,0.0,8.0,1.0,0.9,0.6,67.6,67.6,67.6,67.6,1.0,0.0,8.0,1.0,0.9,0.6,-24.6,-24.6,-24.6,-24.6,1.0,0.0,8.0,1.0,0.9,0.6,20.7,20.7,20.7,20.7,1.0,0.0,8.0,1.0,0.9,0.6,456.5,456.5,456.5,456.5,1.0,0.0,8.0,1.0,0.9,0.6,455.0,455.0,455.0,455.0,1.0,0.0,8.0,1.0,0.9,0.6
1974,2,99.0,-22.0,23.5,23.5,23.5,23.5,1.0,0.0,8.0,1.0,0.0,0.5,23.0,23.0,23.0,23.0,1.0,0.0,8.0,1.0,0.0,0.5,14.39,14.39,14.39,14.39,1.0,0.0,8.0,1.0,0.0,0.5,82.2,82.2,82.2,82.2,1.0,0.0,8.0,1.0,0.5,8.2,8.2,8.2,8.2,1.0,0.0,8.0,1.0,0.0,0.5,-6.28,-6.28,-6.28,-6.28,1.0,0.0,8.0,1.0,0.0,0.5,5.27,5.27,5.27,5.27,1.0,0.0,8.0,1.0,0.0,0.5,1011.1,1011.1,1011.1,1011.1,1.0,0.0,8.0,1.0,0.0,0.5,7.0,7.0,7.0,7.0,1.0,0.0,8.0,1.0,0.0,0.5,-51.5,-51.5,-51.5,-51.5,1.0,0.0,8.0,1.0,0.0,0.5,43.2,43.2,43.2,43.2,1.0,0.0,8.0,1.0,0.0,0.5,0.5,0.5,0.5,0.5,1.0,0.0,8.0,1.0,0.0,0.5,4.1,4.1,4.1,4.1,1.0,0.0,8.0,1.0,0.0,0.5,3.7,3.7,3.7,3.7,1.0,0.0,8.0,1.0,0.0,0.5,30.3,30.3,30.3,30.3,1.0,0.0,8.0,1.0,0.0,0.5,-144.5,-144.5,-144.5,-144.5,1.0,0.0,8.0,1.0,0.0,0.5,121.2,121.2,121.2,121.2,1.0,0.0,8.0,1.0,0.0,0.5,-90.4,-90.4,-90.4,-90.4,1.0,0.0,8.0,1.0,0.0,0.5,75.8,75.8,75.8,75.8,1.0,0.0,8.0,1.0,0.0,0.5,-23.2,-23.2,-23.2,-23.2,1.0,0.0,8.0,1.0,0.0,0.5,19.5,19.5,19.5,19.5,1.0,0.0,8.0,1.0,0.0,0.5,551.5,551.5,551.5,551.5,1.0,0.0,8.0,1.0,0.0,0.5,550.0,550.0,550.0,550.0,1.0,0.0,8.0,1.0,0.0,0.5
1974,2,99.0,-21.0,22.0,22.0,22.0,22.0,1.0,0.0,4.0,0.0,0.8,1.0,23.0,23.0,23.0,23.0,1.0,0.0,4.0,0.0,0.8,1.0,12.99,12.99,12.99,12.99,1.0,0.0,4.0,0.0,0.8,1.0,74.4,74.4,74.4,74.4,1.0,0.0,4.0,0.0,1.0,4.6,4.6,4.6,4.6,1.0,0.0,4.0,0.0,0.8,1.0,-2.96,-2.96,-2.96,-2.96,1.0,0.0,4.0,0.0,0.8,1.0,3.52,3.52,3.52,3.52,1.0,0.0,4.0,0.0,0.8,1.0,1012.3,1012.3,1012.3,1012.3,1.0,0.0,4.0,0.0,0.8,1.0,3.0,3.0,3.0,3.0,1.0,0.0,4.0,0.0,0.8,1.0,-13.6,-13.6,-13.6,-13.6,1.0,0.0,4.0,0.0,0.8,1.0,16.2,16.2,16.2,16.2,1.0,0.0,4.0,0.0,0.8,1.0,-1.0,-1.0,-1.0,-1.0,1.0,0.0,4.0,0.0,0.8,1.0,-4.6,-4.6,-4.6,-4.6,1.0,0.0,4.0,0.0,0.8,1.0,3.48,3.48,3.48,3.48,1.0,0.0,4.0,0.0,0.8,1.0,16.0,16.0,16.0,16.0,1.0,0.0,4.0,0.0,0.8,1.0,-68.0,-68.0,-68.0,-68.0,1.0,0.0,4.0,0.0,0.8,1.0,81.0,81.0,81.0,81.0,1.0,0.0,4.0,0.0,0.8,1.0,-38.4,-38.4,-38.4,-38.4,1.0,0.0,4.0,0.0,0.8,1.0,45.8,45.8,45.8,45.8,1.0,0.0,4.0,0.0,0.8,1.0,-10.3,-10.3,-10.3,-10.3,1.0,0.0,4.0,0.0,0.8,1.0,12.3,12.3,12.3,12.3,1.0,0.0,4.0,0.0,0.8,1.0,97.5,97.5,97.5,97.5,1.0,0.0,4.0,0.0,0.8,1.0,95.0,95.0,95.0,95.0,1.0,0.0,4.0,0.0,0.8,1.0
1974,2,99.0,-20.0,,,,,,,,,,,,,,,,,,,,,,,,,,,,,,,,,,,,,,,,6.2,6.2,6.2,6.2,1.0,0.0,18.0,0.0,0.5,0.3,-5.37,-5.37,-5.37,-5.37,1.0,0.0,18.0,0.0,0.5,0.3,3.1,3.1,3.1,3.1,1.0,0.0,18.0,0.0,0.5,0.3,1008.6,1008.6,1008.6,1008.6,1.0,0.0,18.0,0.0,0.5,0.3,,,,,,,,,,,,,,,,,,,,,,,,,,,,,,,,,,,,,,,,,,,,,,,,,,,,,,,,,,,,,,,,,,,,,,,,,,,,,,,,,,,,,,,,,,,,,,,,,,,,,,,,,,,,,,,,,,,,,,,,,,,,,,,,,,,,,,,,,,,,,,,,,,,,,,
1974,2,99.0,-19.0,,,,,,,,,,,,,,,,,,,,,,,,,,,,,,,,,,,,,,,,8.2,8.2,8.2,8.2,1.0,0.0,22.0,1.0,0.2,1.0,-6.28,-6.28,-6.28,-6.28,1.0,0.0,22.0,1.0,0.2,1.0,5.27,5.27,5.27,5.27,1.0,0.0,22.0,1.0,0.2,1.0,1011.0,1011.0,1011.0,1011.0,1.0,0.0,22.0,1.0,0.2,1.0,4.0,4.0,4.0,4.0,1.0,0.0,22.0,1.0,0.2,1.0,-51.5,-51.5,-51.5,-51.5,1.0,0.0,22.0,1.0,0.2,1.0,43.2,43.2,43.2,43.2,1.0,0.0,22.0,1.0,0.2,1.0,,,,,,,,,,,,,,,,,,,,,,,,,,,,,,,,,,,,,,,,,-169.0,-169.0,-169.0,-169.0,1.0,0.0,22.0,1.0,0.2,1.0,141.8,141.8,141.8,141.8,1.0,0.0,22.0,1.0,0.2,1.0,-103.6,-103.6,-103.6,-103.6,1.0,0.0,22.0,1.0,0.2,1.0,87.0,87.0,87.0,87.0,1.0,0.0,22.0,1.0,0.2,1.0,,,,,,,,,,,,,,,,,,,,,,,,,,,,,,,,,,,,,,,,
1974,2,99.0,-18.0,26.8,26.8,26.8,26.8,1.0,0.0,8.0,1.0,0.4,0.1,28.2,28.2,28.2,28.2,1.0,0.0,8.0,1.0,0.4,0.1,14.8,14.8,14.8,14.8,1.0,0.0,8.0,1.0,0.4,0.1,61.9,61.9,61.9,61.9,1.0,0.0,8.0,1.0,0.1,5.1,5.1,5.1,5.1,1.0,0.0,8.0,1.0,0.4,0.1,-3.91,-3.91,-3.91,-3.91,1.0,0.0,8.0,1.0,0.4,0.1,3.28,3.28,3.28,3.28,1.0,0.0,8.0,1.0,0.4,0.1,1008.2,1008.2,1008.2,1008.2,1.0,0.0,8.0,1.0,0.4,0.1,6.0,6.0,6.0,6.0,1.0,0.0,8.0,1.0,0.4,0.1,-19.9,-19.9,-19.9,-19.9,1.0,0.0,8.0,1.0,0.4,0.1,16.7,16.7,16.7,16.7,1.0,0.0,8.0,1.0,0.4,0.1,-1.4,-1.4,-1.4,-1.4,1.0,0.0,8.0,1.0,0.4,0.1,-7.1,-7.1,-7.1,-7.1,1.0,0.0,8.0,1.0,0.4,0.1,7.34,7.34,7.34,7.34,1.0,0.0,8.0,1.0,0.4,0.1,37.4,37.4,37.4,37.4,1.0,0.0,8.0,1.0,0.4,0.1,-110.2,-110.2,-110.2,-110.2,1.0,0.0,8.0,1.0,0.4,0.1,92.4,92.4,92.4,92.4,1.0,0.0,8.0,1.0,0.4,0.1,-57.8,-57.8,-57.8,-57.8,1.0,0.0,8.0,1.0,0.4,0.1,48.5,48.5,48.5,48.5,1.0,0.0,8.0,1.0,0.4,0.1,-28.7,-28.7,-28.7,-28.7,1.0,0.0,8.0,1.0,0.4,0.1,24.1,24.1,24.1,24.1,1.0,0.0,8.0,1.0,0.4,0.1,132.5,132.5,132.5,132.5,1.0,0.0,8.0,1.0,0.4,0.1,135.0,135.0,135.0,135.0,1.0,0.0,8.0,1.0,0.4,0.1
1974,2,99.0,-17.0,27.32,27.8,27.8,27.57,3.0,0.4,8.0,0.0,0.5,0.8,26.1,26.35,28.18,27.1,4.0,1.75,8.0,0.3,0.6,0.8,15.13,17.66,17.93,16.58,4.0,2.48,8.0,0.3,0.6,0.8,63.3,75.2,84.7,74.0,4.0,12.7,8.0,0.3,0.8,3.84,5.4,7.22,5.53,4.0,1.99,8.0,0.3,0.6,0.8,-3.37,-2.34,-0.64,-2.02,4.0,1.65,8.0,0.3,0.6,0.8,2.6,4.95,6.74,4.68,4.0,2.7,8.0,0.3,0.6,0.8,1007.57,1008.2,1008.62,1008.1,4.0,0.82,8.0,0.3,0.6,0.8,4.0,5.5,7.0,5.5,4.0,2.1,8.0,0.3,0.6,0.8,-17.6,-11.2,-4.9,-11.2,4.0,9.2,8.0,0.3,0.6,0.8,10.3,27.8,49.1,29.6,4.0,23.9,8.0,0.3,0.6,0.8,1.03,1.3,1.64,1.33,3.0,0.45,8.0,0.0,0.5,0.8,5.7,6.5,6.8,6.2,3.0,0.8,8.0,0.0,0.5,0.8,5.0,5.36,8.94,6.93,3.0,3.19,8.0,0.0,0.5,0.8,25.0,37.2,41.5,33.3,3.0,12.6,8.0,0.0,0.5,0.8,-94.0,-61.5,-16.7,-55.6,4.0,46.5,8.0,0.3,0.6,0.8,68.5,140.5,186.1,127.9,4.0,74.3,8.0,0.3,0.6,0.8,-60.2,-41.3,-11.3,-36.0,4.0,29.6,8.0,0.3,0.6,0.8,36.8,77.5,119.0,77.9,4.0,49.9,8.0,0.3,0.6,0.8,-14.4,-6.5,-2.1,-8.2,3.0,9.2,8.0,0.0,0.5,0.8,16.1,36.7,41.3,28.9,3.0,19.6,8.0,0.0,0.5,0.8,57.5,185.0,382.5,218.0,4.0,196.0,8.0,0.3,0.6,0.8,55.0,185.0,380.0,220.0,4.0,195.0,8.0,0.3,0.6,0.8
1974,2,99.0,-16.0,29.0,29.0,29.0,29.0,1.0,0.0,8.0,1.0,0.1,0.1,25.32,26.0,26.68,26.0,2.0,1.41,18.0,1.0,0.4,0.4,15.37,15.85,16.33,15.85,2.0,0.99,18.0,1.0,0.4,0.4,74.5,75.3,76.2,75.3,2.0,1.7,18.0,1.0,0.4,5.35,5.9,6.45,5.9,2.0,1.13,18.0,1.0,0.4,0.4,-2.54,-0.8,0.94,-0.8,2.0,3.6,18.0,1.0,0.4,0.4,4.95,5.3,5.64,5.3,2.0,0.71,18.0,1.0,0.4,0.4,1008.07,1008.65,1009.23,1008.65,2.0,1.2,18.0,1.0,0.4,0.4,3.5,4.5,5.5,4.5,2.0,2.1,18.0,1.0,0.4,0.4,-17.5,-6.8,3.9,-6.8,2.0,22.2,18.0,1.0,0.4,0.4,26.7,31.7,36.6,31.7,2.0,10.2,18.0,1.0,0.4,0.4,2.0,2.0,2.0,2.0,1.0,0.0,8.0,1.0,0.1,0.1,13.4,13.4,13.4,13.4,1.0,0.0,8.0,1.0,0.1,0.1,8.68,8.68,8.68,8.68,1.0,0.0,8.0,1.0,0.1,0.1,58.2,58.2,58.2,58.2,1.0,0.0,8.0,1.0,0.1,0.1,-69.2,-23.4,22.3,-23.4,2.0,94.8,18.0,1.0,0.4,0.4,125.7,138.2,150.8,138.2,2.0,26.1,18.0,1.0,0.4,0.4,-42.5,-14.5,13.4,-14.5,2.0,57.9,18.0,1.0,0.4,0.4,76.3,84.3,92.3,84.3,2.0,16.6,18.0,1.0,0.4,0.4,-29.1,-29.1,-29.1,-29.1,1.0,0.0,8.0,1.0,0.1,0.1,50.4,50.4,50.4,50.4,1.0,0.0,8.0,1.0,0.1,0.1,159.5,216.5,274.0,216.5,2.0,119.0,18.0,1.0,0.4,0.4,160.0,215.0,275.0,215.0,2.0,120.0,18.0,1.0,0.4,0.4
1974,2,99.0,-10.0,27.25,27.8,28.35,27.8,2.0,1.13,16.0,0.5,0.7,0.5,25.16,25.5,27.14,26.13,3.0,1.55,20.0,0.7,0.8,0.4,18.29,18.29,18.29,18.29,2.0,0.0,16.0,0.5,0.7,0.5,79.3,83.4,87.4,83.4,2.0,8.3,16.0,0.5,0.5,0.0,0.0,4.91,2.4,3.0,4.16,20.0,0.7,0.8,0.4,0.0,0.0,1.68,0.82,3.0,1.42,20.0,0.7,0.8,0.4,0.0,0.0,4.62,2.26,3.0,3.91,20.0,0.7,0.8,0.4,1006.23,1006.3,1009.03,1007.6,3.0,2.34,20.0,0.7,0.8,0.4,2.3,3.0,5.0,3.7,3.0,2.1,20.0,0.7,0.8,0.4,0.0,0.0,12.1,5.9,3.0,10.2,20.0,0.7,0.8,0.4,0.0,0.0,33.3,16.2,3.0,28.1,20.0,0.7,0.8,0.4,0.83,1.1,1.37,1.1,2.0,0.57,16.0,0.5,0.7,0.5,0.0,0.0,0.0,0.0,2.0,0.0,16.0,0.5,0.7,0.5,4.52,5.28,6.04,5.28,2.0,1.58,16.0,0.5,0.7,0.5,0.0,0.0,0.0,0.0,2.0,0.0,16.0,0.5,0.7,0.5,0.0,0.0,42.0,20.5,3.0,35.5,20.0,0.7,0.8,0.4,0.0,0.0,115.5,56.4,3.0,97.7,20.0,0.7,0.8,0.4,0.0,0.0,0.0,0.0,2.0,0.0,16.0,0.5,0.7,0.5,0.0,0.0,0.0,0.0,2.0,0.0,16.0,0.5,0.7,0.5,0.0,0.0,0.0,0.0,2.0,0.0,16.0,0.5,0.7,0.5,0.0,0.0,0.0,0.0,2.0,0.0,16.0,0.5,0.7,0.5,0.0,0.0,255.0,124.5,3.0,215.5,20.0,0.7,0.8,0.4,0.0,0.0,255.0,125.0,3.0,215.0,20.0,0.7,0.8,0.4
1974,2,99.0,-9.0,26.9,26.9,26.9,26.9,1.0,0.0,4.0,1.0,0.6,0.1,26.5,26.5,26.5,26.5,1.0,0.0,4.0,1.0,0.6,0.1,17.58,17.58,17.58,17.58,1.0,0.0,4.0,1.0,0.6,0.1,81.1,81.1,81.1,81.1,1.0,0.0,4.0,1.0,0.1,,,,,,,,,,,,,,,,,,,,,,,,,,,,,,,,,,,,,,,,,,,,,,,,,,,,,,,,,,,,,,,,,,,,,,,,,,,,,,,,,,,,,,,,,,,,,,,,,,,,,,,,,,,,,,,,,,,,,,,,,,,,,,,,,,,,,,,,,,,,,,,,,,,,,,,,,,,,,,,,,,,,,,,,,,,,,,,,,,,,,,,,,,,,,,
1974,2,99.0,-8.0,,,,,,,,,,,,,,,,,,,,,,,,,,,,,,,,,,,,,,,,12.3,12.3,12.3,12.3,1.0,0.0,20.0,0.0,0.5,0.8,12.3,12.3,12.3,12.3,1.0,0.0,20.0,0.0,0.5,0.8,0.0,0.0,0.0,0.0,1.0,0.0,20.0,0.0,0.5,0.8,1007.0,1007.0,1007.0,1007.0,1.0,0.0,20.0,0.0,0.5,0.8,,,,,,,,,,,,,,,,,,,,,,,,,,,,,,,,,,,,,,,,,,,,,,,,,,,,,,,,,,,,,,,,,,,,,,,,,,,,,,,,,,,,,,,,,,,,,,,,,,,,,,,,,,,,,,,,,,,,,,,,,,,,,,,,,,,,,,,,,,,,,,,,,,,,,,
1974,2,99.0,-7.0,26.7,26.7,26.7,26.7,1.0,0.0,10.0,1.0,0.1,1.0,25.5,25.5,25.5,25.5,1.0,0.0,10.0,1.0,0.1,1.0,16.66,16.66,16.66,16.66,1.0,0.0,10.0,1.0,0.1,1.0,81.5,81.5,81.5,81.5,1.0,0.0,10.0,1.0,1.0,8.2,8.2,8.2,8.2,1.0,0.0,10.0,1.0,0.1,1.0,0.0,0.0,0.0,0.0,1.0,0.0,10.0,1.0,0.1,1.0,-8.2,-8.2,-8.2,-8.2,1.0,0.0,10.0,1.0,0.1,1.0,1007.5,1007.5,1007.5,1007.5,1.0,0.0,10.0,1.0,0.1,1.0,6.0,6.0,6.0,6.0,1.0,0.0,10.0,1.0,0.1,1.0,0.0,0.0,0.0,0.0,1.0,0.0,10.0,1.0,0.1,1.0,-67.2,-67.2,-67.2,-67.2,1.0,0.0,10.0,1.0,0.1,1.0,1.2,1.2,1.2,1.2,1.0,0.0,10.0,1.0,0.1,1.0,9.8,9.8,9.8,9.8,1.0,0.0,10.0,1.0,0.1,1.0,5.36,5.36,5.36,5.36,1.0,0.0,10.0,1.0,0.1,1.0,44.0,44.0,44.0,44.0,1.0,0.0,10.0,1.0,0.1,1.0,0.0,0.0,0.0,0.0,1.0,0.0,10.0,1.0,0.1,1.0,-209.1,-209.1,-209.1,-209.1,1.0,0.0,10.0,1.0,0.1,1.0,0.0,0.0,0.0,0.0,1.0,0.0,10.0,1.0,0.1,1.0,-136.6,-136.6,-136.6,-136.6,1.0,0.0,10.0,1.0,0.1,1.0,0.0,0.0,0.0,0.0,1.0,0.0,10.0,1.0,0.1,1.0,-44.0,-44.0,-44.0,-44.0,1.0,0.0,10.0,1.0,0.1,1.0,551.5,551.5,551.5,551.5,1.0,0.0,10.0,1.0,0.1,1.0,550.0,550.0,550.0,550.0,1.0,0.0,10.0,1.0,0.1,1.0
1974,2,99.0,-6.0,,,,,,,,,,,,,,,,,,,,,,,,,,,,,,,,,,,,,,,,3.1,3.1,3.1,3.1,1.0,0.0,26.0,0.0,0.8,0.5,1.99,1.99,1.99,1.99,1.0,0.0,26.0,0.0,0.8,0.5,-2.37,-2.37,-2.37,-2.37,1.0,0.0,26.0,0.0,0.8,0.5,1010.2,1010.2,1010.2,1010.2,1.0,0.0,26.0,0.0,0.8,0.5,,,,,,,,,,,,,,,,,,,,,,,,,,,,,,,,,,,,,,,,,,,,,,,,,,,,,,,,,,,,,,,,,,,,,,,,,,,,,,,,,,,,,,,,,,,,,,,,,,,,,,,,,,,,,,,,,,,,,,,,,,,,,,,,,,,,,,,,,,,,,,,,,,,,,,
1974,2,99.0,-3.0,30.0,30.0,30.0,30.0,1.0,0.0,20.0,0.0,0.4,1.0,28.5,28.5,28.5,28.5,1.0,0.0,20.0,0.0,0.4,1.0,17.71,17.71,17.71,17.71,1.0,0.0,20.0,0.0,0.4,1.0,72.6,72.6,72.6,72.6,1.0,0.0,20.0,0.0,1.0,0.0,0.0,0.0,0.0,1.0,0.0,20.0,0.0,0.4,1.0,0.0,0.0,0.0,0.0,1.0,0.0,20.0,0.0,0.4,1.0,0.0,0.0,0.0,0.0,1.0,0.0,20.0,0.0,0.4,1.0,1007.5,1007.5,1007.5,1007.5,1.0,0.0,20.0,0.0,0.4,1.0,7.0,7.0,7.0,7.0,1.0,0.0,20.0,0.0,0.4,1.0,0.0,0.0,0.0,0.0,1.0,0.0,20.0,0.0,0.4,1.0,0.0,0.0,0.0,0.0,1.0,0.0,20.0,0.0,0.4,1.0,1.5,1.5,1.5,1.5,1.0,0.0,20.0,0.0,0.4,1.0,0.0,0.0,0.0,0.0,1.0,0.0,20.0,0.0,0.4,1.0,9.05,9.05,9.05,9.05,1.0,0.0,20.0,0.0,0.4,1.0,0.0,0.0,0.0,0.0,1.0,0.0,20.0,0.0,0.4,1.0,0.0,0.0,0.0,0.0,1.0,0.0,20.0,0.0,0.4,1.0,0.0,0.0,0.0,0.0,1.0,0.0,20.0,0.0,0.4,1.0,0.0,0.0,0.0,0.0,1.0,0.0,20.0,0.0,0.4,1.0,0.0,0.0,0.0,0.0,1.0,0.0,20.0,0.0,0.4,1.0,0.0,0.0,0.0,0.0,1.0,0.0,20.0,0.0,0.4,1.0,0.0,0.0,0.0,0.0,1.0,0.0,20.0,0.0,0.4,1.0,0.0,0.0,0.0,0.0,1.0,0.0,20.0,0.0,0.4,1.0,0.0,0.0,0.0,0.0,1.0,0.0,20.0,0.0,0.4,1.0
1974,2,99.0,-1.0,28.0,28.0,28.0,28.0,1.0,0.0,16.0,0.0,0.4,0.1,27.2,27.2,27.2,27.2,1.0,0.0,16.0,0.0,0.4,0.1,16.11,16.11,16.11,16.11,1.0,0.0,16.0,0.0,0.4,0.1,71.5,71.5,71.5,71.5,1.0,0.0,16.0,0.0,0.1,2.6,2.6,2.6,2.6,1.0,0.0,16.0,0.0,0.4,0.1,-1.99,-1.99,-1.99,-1.99,1.0,0.0,16.0,0.0,0.4,0.1,1.67,1.67,1.67,1.67,1.0,0.0,16.0,0.0,0.4,0.1,1010.0,1010.0,1010.0,1010.0,1.0,0.0,16.0,0.0,0.4,0.1,5.0,5.0,5.0,5.0,1.0,0.0,16.0,0.0,0.4,0.1,-5.2,-5.2,-5.2,-5.2,1.0,0.0,16.0,0.0,0.4,0.1,4.3,4.3,4.3,4.3,1.0,0.0,16.0,0.0,0.4,0.1,0.8,0.8,0.8,0.8,1.0,0.0,16.0,0.0,0.4,0.1,2.1,2.1,2.1,2.1,1.0,0.0,16.0,0.0,0.4,0.1,7.62,7.62,7.62,7.62,1.0,0.0,16.0,0.0,0.4,0.1,19.8,19.8,19.8,19.8,1.0,0.0,16.0,0.0,0.4,0.1,-54.2,-54.2,-54.2,-54.2,1.0,0.0,16.0,0.0,0.4,0.1,45.5,45.5,45.5,45.5,1.0,0.0,16.0,0.0,0.4,0.1,-32.1,-32.1,-32.1,-32.1,1.0,0.0,16.0,0.0,0.4,0.1,26.9,26.9,26.9,26.9,1.0,0.0,16.0,0.0,0.4,0.1,-15.2,-15.2,-15.2,-15.2,1.0,0.0,16.0,0.0,0.4,0.1,12.7,12.7,12.7,12.7,1.0,0.0,16.0,0.0,0.4,0.1,17.5,17.5,17.5,17.5,1.0,0.0,16.0,0.0,0.4,0.1,20.0,20.0,20.0,20.0,1.0,0.0,16.0,0.0,0.4,0.1
1974,2,99.0,3.0,26.82,27.6,28.07,27.46,5.0,0.71,24.0,0.4,0.7,0.9,25.74,26.4,26.98,26.36,5.0,0.76,24.0,0.4,0.7,0.9,16.9,18.16,18.98,17.93,5.0,1.16,24.0,0.4,0.7,0.9,78.4,82.1,90.4,83.7,5.0,8.3,24.0,0.4,0.9,0.48,2.05,4.72,2.58,4.0,2.74,24.0,0.5,0.7,0.8,-0.56,0.32,3.55,1.45,4.0,3.25,24.0,0.5,0.7,0.8,-1.89,-0.38,0.0,-0.92,4.0,1.38,24.0,0.5,0.7,0.8,1008.6,1011.1,1011.42,1010.14,5.0,1.87,24.0,0.4,0.7,0.9,3.9,6.0,8.0,5.8,5.0,2.5,24.0,0.4,0.7,0.9,-1.7,0.3,20.4,8.9,4.0,19.7,24.0,0.5,0.7,0.8,-5.1,-0.4,0.0,-2.4,4.0,4.4,24.0,0.5,0.7,0.8,0.09,1.4,2.11,1.1,5.0,1.24,24.0,0.4,0.7,0.9,-0.4,3.6,9.9,4.7,4.0,6.3,24.0,0.5,0.7,0.8,3.86,5.39,6.13,5.06,5.0,1.29,24.0,0.4,0.7,0.9,2.6,9.1,27.2,14.6,4.0,17.9,24.0,0.5,0.7,0.8,-14.1,8.8,92.8,38.0,4.0,84.1,24.0,0.5,0.7,0.8,-48.6,-10.5,0.0,-23.7,4.0,34.8,24.0,0.5,0.7,0.8,-10.5,5.2,61.0,24.3,4.0,56.5,24.0,0.5,0.7,0.8,-34.9,-6.2,0.0,-17.0,4.0,26.2,24.0,0.5,0.7,0.8,-2.3,1.7,22.7,9.8,4.0,20.5,24.0,0.5,0.7,0.8,-8.3,-2.1,0.0,-4.1,4.0,5.7,24.0,0.5,0.7,0.8,0.5,15.5,139.0,67.5,4.0,115.0,24.0,0.5,0.7,0.8,0.0,15.0,140.0,65.0,4.0,115.0,24.0,0.5,0.7,0.8
1974,2,99.0,4.0,26.7,27.7,28.99,27.81,20.0,1.11,16.0,0.5,0.3,0.3,26.05,27.0,27.75,26.97,23.0,1.41,16.0,0.5,0.3,0.3,16.11,17.76,20.24,18.05,19.0,1.84,16.0,0.5,0.2,0.4,71.5,80.2,92.0,82.4,19.0,9.0,16.0,0.5,0.4,0.17,3.1,4.6,3.13,21.0,1.99,16.0,0.5,0.3,0.3,-1.94,0.0,3.84,0.43,21.0,2.82,16.0,0.5,0.3,0.3,-3.48,-0.71,0.0,-1.02,21.0,2.24,16.0,0.5,0.3,0.3,1008.0,1009.8,1011.85,1009.93,23.0,2.19,16.0,0.5,0.3,0.3,5.5,8.0,8.0,6.8,23.0,1.7,16.0,0.5,0.3,0.3,-6.9,0.0,16.5,2.5,21.0,14.2,16.0,0.5,0.3,0.3,-16.6,-2.9,0.0,-4.6,21.0,10.2,16.0,0.5,0.3,0.3,-0.2,0.95,2.0,0.91,20.0,1.49,16.0,0.5,0.3,0.3,-0.2,1.1,8.8,2.9,18.0,4.8,16.0,0.4,0.3,0.3,3.48,5.36,7.04,5.3,17.0,1.7,16.0,0.5,0.2,0.4,0.7,15.2,25.4,14.7,15.0,10.2,16.0,0.5,0.2,0.3,-54.4,0.0,94.8,10.8,21.0,75.5,16.0,0.5,0.3,0.3,-93.7,-18.6,0.0,-27.0,21.0,59.7,16.0,0.5,0.3,0.3,-42.6,0.0,61.9,-1.6,17.0,49.6,16.0,0.5,0.2,0.3,-73.9,-13.7,16.3,-20.1,17.0,45.1,16.0,0.5,0.2,0.3,-11.8,0.0,11.7,-0.2,15.0,13.3,16.0,0.5,0.2,0.3,-15.1,-1.1,6.5,-4.2,15.0,11.8,16.0,0.5,0.2,0.3,0.0,30.0,97.5,64.0,21.0,71.5,16.0,0.5,0.3,0.3,0.0,30.0,95.0,65.0,21.0,70.0,16.0,0.5,0.3,0.3
1974,2,99.0,6.0,27.8,27.8,27.8,27.8,1.0,0.0,14.0,0.0,0.1,0.0,27.3,27.3,27.3,27.3,1.0,0.0,14.0,0.0,0.1,0.0,17.57,17.57,17.57,17.57,1.0,0.0,14.0,0.0,0.1,0.0,77.4,77.4,77.4,77.4,1.0,0.0,14.0,0.0,0.0,7.7,7.7,7.7,7.7,1.0,0.0,14.0,0.0,0.1,0.0,-7.24,-7.24,-7.24,-7.24,1.0,0.0,14.0,0.0,0.1,0.0,-2.63,-2.63,-2.63,-2.63,1.0,0.0,14.0,0.0,0.1,0.0,1009.6,1009.6,1009.6,1009.6,1.0,0.0,14.0,0.0,0.1,0.0,6.0,6.0,6.0,6.0,1.0,0.0,14.0,0.0,0.1,0.0,-55.7,-55.7,-55.7,-55.7,1.0,0.0,14.0,0.0,0.1,0.0,-20.3,-20.3,-20.3,-20.3,1.0,0.0,14.0,0.0,0.1,0.0,0.5,0.5,0.5,0.5,1.0,0.0,14.0,0.0,0.1,0.0,3.9,3.9,3.9,3.9,1.0,0.0,14.0,0.0,0.1,0.0,5.89,5.89,5.89,5.89,1.0,0.0,14.0,0.0,0.1,0.0,45.4,45.4,45.4,45.4,1.0,0.0,14.0,0.0,0.1,0.0,-197.5,-197.5,-197.5,-197.5,1.0,0.0,14.0,0.0,0.1,0.0,-71.9,-71.9,-71.9,-71.9,1.0,0.0,14.0,0.0,0.1,0.0,-127.1,-127.1,-127.1,-127.1,1.0,0.0,14.0,0.0,0.1,0.0,-46.3,-46.3,-46.3,-46.3,1.0,0.0,14.0,0.0,0.1,0.0,-42.6,-42.6,-42.6,-42.6,1.0,0.0,14.0,0.0,0.1,0.0,-15.5,-15.5,-15.5,-15.5,1.0,0.0,14.0,0.0,0.1,0.0,456.5,456.5,456.5,456.5,1.0,0.0,14.0,0.0,0.1,0.0,455.0,455.0,455.0,455.0,1.0,0.0,14.0,0.0,0.1,0.0
1974,2,100.0,-64.0,,,,,,,,,,,,,,,,,,,,,,,,,,,,,,,,,,,,,,,,0.0,0.0,0.0,0.0,1.0,0.0,28.0,1.0,0.5,0.1,0.0,0.0,0.0,0.0,1.0,0.0,28.0,1.0,0.5,0.1,0.0,0.0,0.0,0.0,1.0,0.0,28.0,1.0,0.5,0.1,989.9,989.9,989.9,989.9,1.0,0.0,28.0,1.0,0.5,0.1,,,,,,,,,,,,,,,,,,,,,,,,,,,,,,,,,,,,,,,,,,,,,,,,,,,,,,,,,,,,,,,,,,,,,,,,,,,,,,,,,,,,,,,,,,,,,,,,,,,,,,,,,,,,,,,,,,,,,,,,,,,,,,,,,,,,,,,,,,,,,,,,,,,,,,
1974,2,100.0,-48.0,6.7,6.7,6.7,6.7,1.0,0.0,4.0,1.0,0.5,0.5,6.8,6.8,6.8,6.8,1.0,0.0,4.0,1.0,0.5,0.5,5.39,5.39,5.39,5.39,1.0,0.0,4.0,1.0,0.5,0.5,88.9,88.9,88.9,88.9,1.0,0.0,4.0,1.0,0.5,7.2,7.2,7.2,7.2,1.0,0.0,4.0,1.0,0.5,0.5,6.24,6.24,6.24,6.24,1.0,0.0,4.0,1.0,0.5,0.5,3.6,3.6,3.6,3.6,1.0,0.0,4.0,1.0,0.5,0.5,1022.1,1022.1,1022.1,1022.1,1.0,0.0,4.0,1.0,0.5,0.5,7.0,7.0,7.0,7.0,1.0,0.0,4.0,1.0,0.5,0.5,44.9,44.9,44.9,44.9,1.0,0.0,4.0,1.0,0.5,0.5,25.9,25.9,25.9,25.9,1.0,0.0,4.0,1.0,0.5,0.5,-0.1,-0.1,-0.1,-0.1,1.0,0.0,4.0,1.0,0.5,0.5,-0.7,-0.7,-0.7,-0.7,1.0,0.0,4.0,1.0,0.5,0.5,0.63,0.63,0.63,0.63,1.0,0.0,4.0,1.0,0.5,0.5,4.6,4.6,4.6,4.6,1.0,0.0,4.0,1.0,0.5,0.5,42.4,42.4,42.4,42.4,1.0,0.0,4.0,1.0,0.5,0.5,24.5,24.5,24.5,24.5,1.0,0.0,4.0,1.0,0.5,0.5,33.6,33.6,33.6,33.6,1.0,0.0,4.0,1.0,0.5,0.5,19.4,19.4,19.4,19.4,1.0,0.0,4.0,1.0,0.5,0.5,3.9,3.9,3.9,3.9,1.0,0.0,4.0,1.0,0.5,0.5,2.3,2.3,2.3,2.3,1.0,0.0,4.0,1.0,0.5,0.5,373.0,373.0,373.0,373.0,1.0,0.0,4.0,1.0,0.5,0.5,375.0,375.0,375.0,375.0,1.0,0.0,4.0,1.0,0.5,0.5
1974,2,100.0,-41.0,14.3,14.3,14.3,14.3,1.0,0.0,2.0,1.0,0.1,0.8,10.8,10.8,10.8,10.8,1.0,0.0,2.0,1.0,0.1,0.8,5.49,5.49,5.49,5.49,1.0,0.0,2.0,1.0,0.1,0.8,68.8,68.8,68.8,68.8,1.0,0.0,2.0,1.0,0.8,15.4,15.4,15.4,15.4,1.0,0.0,2.0,1.0,0.1,0.8,11.8,11.8,11.8,11.8,1.0,0.0,2.0,1.0,0.1,0.8,9.9,9.9,9.9,9.9,1.0,0.0,2.0,1.0,0.1,0.8,1016.7,1016.7,1016.7,1016.7,1.0,0.0,2.0,1.0,0.1,0.8,3.0,3.0,3.0,3.0,1.0,0.0,2.0,1.0,0.1,0.8,181.7,181.7,181.7,181.7,1.0,0.0,2.0,1.0,0.1,0.8,152.4,152.4,152.4,152.4,1.0,0.0,2.0,1.0,0.1,0.8,3.5,3.5,3.5,3.5,1.0,0.0,2.0,1.0,0.1,0.8,53.9,53.9,53.9,53.9,1.0,0.0,2.0,1.0,0.1,0.8,4.58,4.58,4.58,4.58,1.0,0.0,2.0,1.0,0.1,0.8,70.5,70.5,70.5,70.5,1.0,0.0,2.0,1.0,0.1,0.8,127.4,127.4,127.4,127.4,1.0,0.0,2.0,1.0,0.1,0.8,106.9,106.9,106.9,106.9,1.0,0.0,2.0,1.0,0.1,0.8,64.8,64.8,64.8,64.8,1.0,0.0,2.0,1.0,0.1,0.8,54.4,54.4,54.4,54.4,1.0,0.0,2.0,1.0,0.1,0.8,54.0,54.0,54.0,54.0,1.0,0.0,2.0,1.0,0.1,0.8,45.3,45.3,45.3,45.3,1.0,0.0,2.0,1.0,0.1,0.8,3652.5,3652.5,3652.5,3652.5,1.0,0.0,2.0,1.0,0.1,0.8,3650.0,3650.0,3650.0,3650.0,1.0,0.0,2.0,1.0,0.1,0.8
1974,2,100.0,-40.0,14.0,14.0,14.0,14.0,2.0,0.0,6.0,0.5,0.5,0.2,12.16,12.5,12.84,12.5,2.0,0.71,6.0,0.5,0.5,0.2,6.43,7.02,7.6,7.02,2.0,1.21,6.0,0.5,0.5,0.2,73.7,78.7,83.6,78.7,2.0,10.2,6.0,0.5,0.2,4.09,5.15,6.21,5.15,2.0,2.19,6.0,0.5,0.5,0.2,1.34,2.88,4.42,2.88,2.0,3.19,6.0,0.5,0.5,0.2,3.67,3.93,4.19,3.93,2.0,0.54,6.0,0.5,0.5,0.2,1020.83,1022.6,1024.37,1022.6,2.0,3.68,6.0,0.5,0.5,0.2,7.2,7.5,7.8,7.5,2.0,0.7,6.0,0.5,0.5,0.2,7.4,18.3,29.3,18.3,2.0,22.7,6.0,0.5,0.5,0.2,15.3,20.8,26.3,20.8,2.0,11.4,6.0,0.5,0.5,0.2,1.16,1.5,1.84,1.5,2.0,0.71,6.0,0.5,0.5,0.2,5.2,8.5,11.8,8.5,2.0,6.9,6.0,0.5,0.5,0.2,2.2,2.8,3.41,2.8,2.0,1.25,6.0,0.5,0.5,0.2,9.7,15.8,21.9,15.8,2.0,12.6,6.0,0.5,0.5,0.2,16.6,34.9,53.1,34.9,2.0,37.8,6.0,0.5,0.5,0.2,47.0,48.9,50.8,48.9,2.0,4.0,6.0,0.5,0.5,0.2,9.2,18.3,27.4,18.3,2.0,18.9,6.0,0.5,0.5,0.2,26.7,27.2,27.7,27.2,2.0,1.0,6.0,0.5,0.5,0.2,4.0,10.1,16.1,10.1,2.0,12.5,6.0,0.5,0.5,0.2,8.2,11.3,14.4,11.3,2.0,6.4,6.0,0.5,0.5,0.2,87.0,173.5,260.5,173.5,2.0,179.5,6.0,0.5,0.5,0.2,85.0,175.0,260.0,175.0,2.0,180.0,6.0,0.5,0.5,0.2
1974,2,100.0,-39.0,16.8,16.8,16.8,16.8,1.0,0.0,6.0,1.0,0.6,0.5,16.5,16.5,16.5,16.5,1.0,0.0,6.0,1.0,0.6,0.5,9.32,9.32,9.32,9.32,1.0,0.0,6.0,1.0,0.6,0.5,81.4,81.4,81.4,81.4,1.0,0.0,6.0,1.0,0.5,6.7,6.7,6.7,6.7,1.0,0.0,6.0,1.0,0.6,0.5,-3.35,-3.35,-3.35,-3.35,1.0,0.0,6.0,1.0,0.6,0.5,5.8,5.8,5.8,5.8,1.0,0.0,6.0,1.0,0.6,0.5,1029.3,1029.3,1029.3,1029.3,1.0,0.0,6.0,1.0,0.6,0.5,5.0,5.0,5.0,5.0,1.0,0.0,6.0,1.0,0.6,0.5,-22.4,-22.4,-22.4,-22.4,1.0,0.0,6.0,1.0,0.6,0.5,38.9,38.9,38.9,38.9,1.0,0.0,6.0,1.0,0.6,0.5,0.3,0.3,0.3,0.3,1.0,0.0,6.0,1.0,0.6,0.5,2.0,2.0,2.0,2.0,1.0,0.0,6.0,1.0,0.6,0.5,2.37,2.37,2.37,2.37,1.0,0.0,6.0,1.0,0.6,0.5,15.9,15.9,15.9,15.9,1.0,0.0,6.0,1.0,0.6,0.5,-55.3,-55.3,-55.3,-55.3,1.0,0.0,6.0,1.0,0.6,0.5,95.7,95.7,95.7,95.7,1.0,0.0,6.0,1.0,0.6,0.5,-31.2,-31.2,-31.2,-31.2,1.0,0.0,6.0,1.0,0.6,0.5,54.1,54.1,54.1,54.1,1.0,0.0,6.0,1.0,0.6,0.5,-7.9,-7.9,-7.9,-7.9,1.0,0.0,6.0,1.0,0.6,0.5,13.8,13.8,13.8,13.8,1.0,0.0,6.0,1.0,0.6,0.5,301.0,301.0,301.0,301.0,1.0,0.0,6.0,1.0,0.6,0.5,300.0,300.0,300.0,300.0,1.0,0.0,6.0,1.0,0.6,0.5
1974,2,100.0,-36.0,20.0,20.0,20.0,20.0,1.0,0.0,14.0,0.0,0.7,0.6,17.0,17.0,17.0,17.0,1.0,0.0,14.0,0.0,0.7,0.6,9.65,9.65,9.65,9.65,1.0,0.0,14.0,0.0,0.7,0.6,80.9,80.9,80.9,80.9,1.0,0.0,14.0,0.0,0.6,0.0,0.0,0.0,0.0,1.0,0.0,14.0,0.0,0.7,0.6,0.0,0.0,0.0,0.0,1.0,0.0,14.0,0.0,0.7,0.6,0.0,0.0,0.0,0.0,1.0,0.0,14.0,0.0,0.7,0.6,1020.8,1020.8,1020.8,1020.8,1.0,0.0,14.0,0.0,0.7,0.6,8.0,8.0,8.0,8.0,1.0,0.0,14.0,0.0,0.7,0.6,0.0,0.0,0.0,0.0,1.0,0.0,14.0,0.0,0.7,0.6,0.0,0.0,0.0,0.0,1.0,0.0,14.0,0.0,0.7,0.6,3.0,3.0,3.0,3.0,1.0,0.0,14.0,0.0,0.7,0.6,0.0,0.0,0.0,0.0,1.0,0.0,14.0,0.0,0.7,0.6,4.79,4.79,4.79,4.79,1.0,0.0,14.0,0.0,0.7,0.6,0.0,0.0,0.0,0.0,1.0,0.0,14.0,0.0,0.7,0.6,0.0,0.0,0.0,0.0,1.0,0.0,14.0,0.0,0.7,0.6,0.0,0.0,0.0,0.0,1.0,0.0,14.0,0.0,0.7,0.6,0.0,0.0,0.0,0.0,1.0,0.0,14.0,0.0,0.7,0.6,0.0,0.0,0.0,0.0,1.0,0.0,14.0,0.0,0.7,0.6,0.0,0.0,0.0,0.0,1.0,0.0,14.0,0.0,0.7,0.6,0.0,0.0,0.0,0.0,1.0,0.0,14.0,0.0,0.7,0.6,0.0,0.0,0.0,0.0,1.0,0.0,14.0,0.0,0.7,0.6,0.0,0.0,0.0,0.0,1.0,0.0,14.0,0.0,0.7,0.6
1974,2,100.0,-35.0,,,,,,,,,,,,,,,,,,,,,,,,,,,,,,,,,,,,,,,,7.7,7.7,7.7,7.7,1.0,0.0,10.0,1.0,0.8,0.1,1.34,1.34,1.34,1.34,1.0,0.0,10.0,1.0,0.8,0.1,7.58,7.58,7.58,7.58,1.0,0.0,10.0,1.0,0.8,0.1,1029.5,1029.5,1029.5,1029.5,1.0,0.0,10.0,1.0,0.8,0.1,,,,,,,,,,,,,,,,,,,,,,,,,,,,,,,,,,,,,,,,,,,,,,,,,,,,,,,,,,,,,,,,,,,,,,,,,,,,,,,,,,,,,,,,,,,,,,,,,,,,,,,,,,,,,,,,,,,,,,,,,,,,,,,,,,,,,,,,,,,,,,,,,,,,,,
1974,2,100.0,-33.0,19.0,19.0,19.0,19.0,1.0,0.0,4.0,1.0,0.0,0.8,17.0,17.0,17.0,17.0,1.0,0.0,4.0,1.0,0.0,0.8,9.19,9.19,9.19,9.19,1.0,0.0,4.0,1.0,0.0,0.8,77.3,77.3,77.3,77.3,1.0,0.0,4.0,1.0,0.8,12.9,12.9,12.9,12.9,1.0,0.0,4.0,1.0,0.0,0.8,-2.24,-2.24,-2.24,-2.24,1.0,0.0,4.0,1.0,0.0,0.8,12.7,12.7,12.7,12.7,1.0,0.0,4.0,1.0,0.0,0.8,1023.3,1023.3,1023.3,1023.3,1.0,0.0,4.0,1.0,0.0,0.8,6.0,6.0,6.0,6.0,1.0,0.0,4.0,1.0,0.0,0.8,-28.9,-28.9,-28.9,-28.9,1.0,0.0,4.0,1.0,0.0,0.8,163.9,163.9,163.9,163.9,1.0,0.0,4.0,1.0,0.0,0.8,2.0,2.0,2.0,2.0,1.0,0.0,4.0,1.0,0.0,0.8,25.8,25.8,25.8,25.8,1.0,0.0,4.0,1.0,0.0,0.8,4.33,4.33,4.33,4.33,1.0,0.0,4.0,1.0,0.0,0.8,55.9,55.9,55.9,55.9,1.0,0.0,4.0,1.0,0.0,0.8,-38.1,-38.1,-38.1,-38.1,1.0,0.0,4.0,1.0,0.0,0.8,216.0,216.0,216.0,216.0,1.0,0.0,4.0,1.0,0.0,0.8,-20.6,-20.6,-20.6,-20.6,1.0,0.0,4.0,1.0,0.0,0.8,116.8,116.8,116.8,116.8,1.0,0.0,4.0,1.0,0.0,0.8,-9.7,-9.7,-9.7,-9.7,1.0,0.0,4.0,1.0,0.0,0.8,55.0,55.0,55.0,55.0,1.0,0.0,4.0,1.0,0.0,0.8,2146.5,2146.5,2146.5,2146.5,1.0,0.0,4.0,1.0,0.0,0.8,2145.0,2145.0,2145.0,2145.0,1.0,0.0,4.0,1.0,0.0,0.8
1974,2,100.0,-32.0,20.6,20.6,20.6,20.6,1.0,0.0,24.0,0.0,0.2,0.4,18.3,18.3,18.3,18.3,1.0,0.0,24.0,0.0,0.2,0.4,11.32,11.32,11.32,11.32,1.0,0.0,24.0,0.0,0.2,0.4,87.0,87.0,87.0,87.0,1.0,0.0,24.0,0.0,0.4,2.1,2.1,2.1,2.1,1.0,0.0,24.0,0.0,0.2,0.4,-2.1,-2.1,-2.1,-2.1,1.0,0.0,24.0,0.0,0.2,0.4,0.0,0.0,0.0,0.0,1.0,0.0,24.0,0.0,0.2,0.4,1016.5,1016.5,1016.5,1016.5,1.0,0.0,24.0,0.0,0.2,0.4,8.0,8.0,8.0,8.0,1.0,0.0,24.0,0.0,0.2,0.4,-4.4,-4.4,-4.4,-4.4,1.0,0.0,24.0,0.0,0.2,0.4,0.0,0.0,0.0,0.0,1.0,0.0,24.0,0.0,0.2,0.4,2.3,2.3,2.3,2.3,1.0,0.0,24.0,0.0,0.2,0.4,4.8,4.8,4.8,4.8,1.0,0.0,24.0,0.0,0.2,0.4,3.73,3.73,3.73,3.73,1.0,0.0,24.0,0.0,0.2,0.4,7.8,7.8,7.8,7.8,1.0,0.0,24.0,0.0,0.2,0.4,-38.4,-38.4,-38.4,-38.4,1.0,0.0,24.0,0.0,0.2,0.4,0.0,0.0,0.0,0.0,1.0,0.0,24.0,0.0,0.2,0.4,-23.8,-23.8,-23.8,-23.8,1.0,0.0,24.0,0.0,0.2,0.4,0.0,0.0,0.0,0.0,1.0,0.0,24.0,0.0,0.2,0.4,-7.8,-7.8,-7.8,-7.8,1.0,0.0,24.0,0.0,0.2,0.4,0.0,0.0,0.0,0.0,1.0,0.0,24.0,0.0,0.2,0.4,9.5,9.5,9.5,9.5,1.0,0.0,24.0,0.0,0.2,0.4,10.0,10.0,10.0,10.0,1.0,0.0,24.0,0.0,0.2,0.4
1974,2,100.0,-31.0,19.6,19.6,19.6,19.6,1.0,0.0,8.0,0.0,0.1,0.7,18.0,18.0,18.0,18.0,1.0,0.0,8.0,0.0,0.1,0.7,11.21,11.21,11.21,11.21,1.0,0.0,8.0,0.0,0.1,0.7,88.1,88.1,88.1,88.1,1.0,0.0,8.0,0.0,0.7,4.6,4.6,4.6,4.6,1.0,0.0,8.0,0.0,0.1,0.7,-2.96,-2.96,-2.96,-2.96,1.0,0.0,8.0,0.0,0.1,0.7,3.52,3.52,3.52,3.52,1.0,0.0,8.0,0.0,0.1,0.7,1019.4,1019.4,1019.4,1019.4,1.0,0.0,8.0,0.0,0.1,0.7,8.0,8.0,8.0,8.0,1.0,0.0,8.0,0.0,0.1,0.7,-13.6,-13.6,-13.6,-13.6,1.0,0.0,8.0,0.0,0.1,0.7,16.2,16.2,16.2,16.2,1.0,0.0,8.0,0.0,0.1,0.7,1.6,1.6,1.6,1.6,1.0,0.0,8.0,0.0,0.1,0.7,7.4,7.4,7.4,7.4,1.0,0.0,8.0,0.0,0.1,0.7,2.88,2.88,2.88,2.88,1.0,0.0,8.0,0.0,0.1,0.7,13.3,13.3,13.3,13.3,1.0,0.0,8.0,0.0,0.1,0.7,-53.2,-53.2,-53.2,-53.2,1.0,0.0,8.0,0.0,0.1,0.7,63.4,63.4,63.4,63.4,1.0,0.0,8.0,0.0,0.1,0.7,-33.2,-33.2,-33.2,-33.2,1.0,0.0,8.0,0.0,0.1,0.7,39.5,39.5,39.5,39.5,1.0,0.0,8.0,0.0,0.1,0.7,-8.5,-8.5,-8.5,-8.5,1.0,0.0,8.0,0.0,0.1,0.7,10.2,10.2,10.2,10.2,1.0,0.0,8.0,0.0,0.1,0.7,97.5,97.5,97.5,97.5,1.0,0.0,8.0,0.0,0.1,0.7,95.0,95.0,95.0,95.0,1.0,0.0,8.0,0.0,0.1,0.7
1974,2,100.0,-28.0,,,,,,,,,,,,,,,,,,,,,,,,,,,,,,,,,,,,,,,,11.3,11.3,11.3,11.3,1.0,0.0,4.0,1.0,0.0,0.1,-7.26,-7.26,-7.26,-7.26,1.0,0.0,4.0,1.0,0.0,0.1,8.66,8.66,8.66,8.66,1.0,0.0,4.0,1.0,0.0,0.1,1023.2,1023.2,1023.2,1023.2,1.0,0.0,4.0,1.0,0.0,0.1,3.0,3.0,3.0,3.0,1.0,0.0,4.0,1.0,0.0,0.1,-82.1,-82.1,-82.1,-82.1,1.0,0.0,4.0,1.0,0.0,0.1,97.8,97.8,97.8,97.8,1.0,0.0,4.0,1.0,0.0,0.1,,,,,,,,,,,,,,,,,,,,,,,,,,,,,,,,,,,,,,,,,-146.7,-146.7,-146.7,-146.7,1.0,0.0,4.0,1.0,0.0,0.1,174.9,174.9,174.9,174.9,1.0,0.0,4.0,1.0,0.0,0.1,-78.6,-78.6,-78.6,-78.6,1.0,0.0,4.0,1.0,0.0,0.1,93.6,93.6,93.6,93.6,1.0,0.0,4.0,1.0,0.0,0.1,,,,,,,,,,,,,,,,,,,,,,,,,,,,,,,,,,,,,,,,
1974,2,100.0,-24.0,23.0,23.0,23.0,23.0,1.0,0.0,8.0,0.0,0.8,0.7,22.5,22.5,22.5,22.5,1.0,0.0,8.0,0.0,0.8,0.7,12.91,12.91,12.91,12.91,1.0,0.0,8.0,0.0,0.8,0.7,76.2,76.2,76.2,76.2,1.0,0.0,8.0,0.0,0.7,9.8,9.8,9.8,9.8,1.0,0.0,8.0,0.0,0.8,0.7,-3.35,-3.35,-3.35,-3.35,1.0,0.0,8.0,0.0,0.8,0.7,9.21,9.21,9.21,9.21,1.0,0.0,8.0,0.0,0.8,0.7,1012.9,1012.9,1012.9,1012.9,1.0,0.0,8.0,0.0,0.8,0.7,7.0,7.0,7.0,7.0,1.0,0.0,8.0,0.0,0.8,0.7,-32.8,-32.8,-32.8,-32.8,1.0,0.0,8.0,0.0,0.8,0.7,90.2,90.2,90.2,90.2,1.0,0.0,8.0,0.0,0.8,0.7,0.5,0.5,0.5,0.5,1.0,0.0,8.0,0.0,0.8,0.7,4.9,4.9,4.9,4.9,1.0,0.0,8.0,0.0,0.8,0.7,4.61,4.61,4.61,4.61,1.0,0.0,8.0,0.0,0.8,0.7,45.1,45.1,45.1,45.1,1.0,0.0,8.0,0.0,0.8,0.7,-75.4,-75.4,-75.4,-75.4,1.0,0.0,8.0,0.0,0.8,0.7,207.2,207.2,207.2,207.2,1.0,0.0,8.0,0.0,0.8,0.7,-43.3,-43.3,-43.3,-43.3,1.0,0.0,8.0,0.0,0.8,0.7,118.8,118.8,118.8,118.8,1.0,0.0,8.0,0.0,0.8,0.7,-15.4,-15.4,-15.4,-15.4,1.0,0.0,8.0,0.0,0.8,0.7,42.4,42.4,42.4,42.4,1.0,0.0,8.0,0.0,0.8,0.7,941.0,941.0,941.0,941.0,1.0,0.0,8.0,0.0,0.8,0.7,940.0,940.0,940.0,940.0,1.0,0.0,8.0,0.0,0.8,0.7
1974,2,100.0,-21.0,22.58,23.6,25.24,23.9,3.0,1.97,14.0,0.0,0.4,0.3,23.73,23.8,23.87,23.8,3.0,0.1,14.0,0.0,0.4,0.3,12.5,14.14,16.19,14.34,3.0,2.71,14.0,0.0,0.4,0.3,68.2,76.4,87.7,77.9,3.0,14.3,14.0,0.0,0.3,5.9,8.7,9.11,7.53,3.0,2.56,14.0,0.0,0.4,0.3,-7.27,-5.59,-3.79,-5.53,3.0,2.55,14.0,0.0,0.4,0.3,3.88,4.65,6.03,4.95,3.0,1.59,14.0,0.0,0.4,0.3,1009.49,1010.1,1010.99,1010.23,3.0,1.11,14.0,0.0,0.4,0.3,5.0,7.0,7.7,6.3,3.0,2.1,14.0,0.0,0.4,0.3,-66.6,-48.7,-24.7,-45.7,3.0,30.8,14.0,0.0,0.4,0.3,24.8,43.2,53.3,39.1,3.0,21.2,14.0,0.0,0.4,0.3,-1.16,-0.2,1.37,0.1,3.0,1.87,14.0,0.0,0.4,0.3,-10.1,-1.9,6.0,-2.0,3.0,11.8,14.0,0.0,0.4,0.3,2.28,4.85,6.27,4.29,3.0,2.96,14.0,0.0,0.4,0.3,17.0,31.9,38.9,28.0,3.0,16.4,14.0,0.0,0.4,0.3,-172.9,-132.5,-90.3,-131.6,3.0,60.5,14.0,0.0,0.4,0.3,92.6,110.7,142.9,117.6,3.0,37.4,14.0,0.0,0.4,0.3,-115.1,-65.7,-49.4,-81.9,3.0,50.2,14.0,0.0,0.4,0.3,58.8,78.3,79.3,69.3,3.0,16.9,14.0,0.0,0.4,0.3,-25.0,-20.5,-12.5,-18.8,3.0,9.3,14.0,0.0,0.4,0.3,11.2,24.4,29.8,20.6,3.0,14.0,14.0,0.0,0.4,0.3,275.5,658.5,758.0,520.0,3.0,373.5,14.0,0.0,0.4,0.3,275.0,660.0,760.0,520.0,3.0,375.0,14.0,0.0,0.4,0.3
1974,2,100.0,-19.0,24.36,24.5,25.73,25.03,3.0,1.1,6.0,0.3,0.3,0.3,24.03,24.1,24.58,24.3,3.0,0.44,6.0,0.3,0.3,0.3,14.66,14.96,15.31,14.98,3.0,0.48,6.0,0.3,0.3,0.3,76.5,80.3,81.7,79.1,3.0,4.0,6.0,0.3,0.3,5.29,5.7,10.61,7.9,3.0,4.34,6.0,0.3,0.3,0.3,-5.44,-3.28,-2.37,-3.89,3.0,2.31,6.0,0.3,0.3,0.3,4.37,5.36,9.33,6.81,3.0,3.84,6.0,0.3,0.3,0.3,1008.02,1010.0,1013.07,1010.53,3.0,3.73,6.0,0.3,0.3,0.3,3.3,4.0,4.0,3.7,3.0,0.6,6.0,0.3,0.3,0.3,-62.1,-16.7,-12.9,-37.0,3.0,40.1,6.0,0.3,0.3,0.3,23.3,30.5,108.1,64.9,3.0,68.8,6.0,0.3,0.3,0.3,0.3,0.5,1.18,0.73,3.0,0.68,6.0,0.3,0.3,0.3,1.6,2.9,14.1,7.7,3.0,10.1,6.0,0.3,0.3,0.3,3.81,4.29,6.02,4.9,3.0,1.7,6.0,0.3,0.3,0.3,20.3,24.4,67.9,43.6,3.0,38.6,6.0,0.3,0.3,0.3,-134.3,-79.0,-57.0,-95.3,3.0,58.3,6.0,0.3,0.3,0.3,105.1,128.6,229.9,166.6,3.0,97.2,6.0,0.3,0.3,0.3,-80.0,-50.7,-36.0,-57.8,3.0,32.8,6.0,0.3,0.3,0.3,66.7,80.1,136.2,100.9,3.0,54.0,6.0,0.3,0.3,0.3,-33.8,-11.8,-9.4,-21.4,3.0,19.7,6.0,0.3,0.3,0.3,16.9,23.0,59.4,37.8,3.0,33.7,6.0,0.3,0.3,0.3,149.5,185.0,1524.0,821.5,3.0,1148.0,6.0,0.3,0.3,0.3,150.0,185.0,1525.0,820.0,3.0,1150.0,6.0,0.3,0.3,0.3
1974,2,100.0,-18.0,25.98,27.2,28.52,27.25,4.0,1.54,8.0,0.8,0.5,0.8,25.9,27.0,28.0,26.95,4.0,1.22,8.0,0.8,0.5,0.8,15.52,17.07,18.11,16.83,4.0,1.71,8.0,0.8,0.5,0.8,65.7,77.2,86.5,76.1,4.0,12.4,8.0,0.8,0.8,4.31,5.1,7.3,5.78,4.0,2.45,8.0,0.8,0.5,0.8,-2.85,-2.55,-1.21,-2.05,4.0,1.4,8.0,0.8,0.5,0.8,3.05,4.42,6.98,4.98,4.0,3.13,8.0,0.8,0.5,0.8,1007.9,1008.45,1009.31,1008.6,4.0,0.84,8.0,0.8,0.5,0.8,4.0,5.5,7.5,5.8,4.0,2.1,8.0,0.8,0.5,0.8,-13.0,-12.1,-5.3,-9.3,4.0,6.3,8.0,0.8,0.5,0.8,14.1,22.5,56.0,34.5,4.0,35.5,8.0,0.8,0.5,0.8,-0.97,0.8,1.52,0.3,4.0,1.89,8.0,0.8,0.5,0.8,-4.0,5.3,6.4,1.4,4.0,9.1,8.0,0.8,0.5,0.8,4.58,5.59,7.4,5.97,4.0,1.98,8.0,0.8,0.5,0.8,24.3,33.9,41.0,32.7,4.0,10.9,8.0,0.8,0.5,0.8,-76.5,-71.4,-34.0,-56.0,4.0,37.6,8.0,0.8,0.5,0.8,83.4,123.7,184.6,133.5,4.0,79.7,8.0,0.8,0.5,0.8,-50.5,-39.7,-17.7,-34.3,4.0,24.5,8.0,0.8,0.5,0.8,48.2,68.8,120.5,83.6,4.0,55.9,8.0,0.8,0.5,0.8,-19.3,-15.7,-7.3,-13.4,4.0,9.4,8.0,0.8,0.5,0.8,17.5,31.9,37.9,27.9,4.0,13.5,8.0,0.8,0.5,0.8,87.5,132.5,484.5,279.0,4.0,352.5,8.0,0.8,0.5,0.8,90.0,135.0,485.0,280.0,4.0,355.0,8.0,0.8,0.5,0.8
1974,2,100.0,-10.0,27.96,28.0,28.6,28.22,6.0,0.45,14.0,0.8,0.3,0.5,27.06,27.35,28.06,27.45,6.0,0.64,14.0,0.8,0.3,0.5,17.47,18.17,19.21,18.36,5.0,1.03,14.0,0.8,0.4,0.4,79.1,80.2,81.9,80.4,5.0,1.9,14.0,0.8,0.4,2.1,2.6,6.94,4.42,5.0,3.5,14.0,0.8,0.4,0.5,-2.44,1.3,4.11,1.18,5.0,4.92,14.0,0.8,0.4,0.5,-3.47,-2.25,-0.43,-1.98,5.0,2.42,14.0,0.8,0.4,0.5,1006.5,1007.05,1008.87,1007.65,6.0,1.49,14.0,0.8,0.3,0.5,3.6,5.5,8.0,5.5,6.0,2.3,14.0,0.8,0.3,0.5,-9.7,2.8,35.7,14.7,5.0,44.3,14.0,0.8,0.4,0.5,-27.3,-5.9,-0.9,-14.3,5.0,22.4,14.0,0.8,0.4,0.5,-0.06,0.95,1.5,0.77,6.0,0.79,14.0,0.8,0.3,0.5,-0.2,2.7,4.7,2.4,5.0,2.8,14.0,0.8,0.4,0.5,4.83,6.41,6.63,5.82,5.0,1.22,14.0,0.8,0.4,0.4,11.3,15.7,36.9,23.7,4.0,21.3,16.0,0.8,0.4,0.4,-67.6,35.8,112.9,31.7,5.0,134.7,14.0,0.8,0.4,0.5,-95.6,-61.9,-12.9,-54.8,5.0,65.9,14.0,0.8,0.4,0.5,-0.7,25.7,97.7,47.4,4.0,79.9,16.0,0.8,0.4,0.4,-69.2,-37.2,-0.5,-34.9,4.0,49.9,16.0,0.8,0.4,0.4,-2.4,6.8,29.0,13.0,4.0,24.5,16.0,0.8,0.4,0.4,-21.3,-10.4,2.9,-9.3,4.0,16.3,16.0,0.8,0.4,0.4,9.5,17.5,478.5,251.0,5.0,473.0,14.0,0.8,0.4,0.5,10.0,20.0,480.0,250.0,5.0,475.0,14.0,0.8,0.4,0.5
1974,2,100.0,-9.0,27.41,28.3,28.44,27.93,3.0,0.81,8.0,1.0,0.6,0.7,26.88,27.7,27.77,27.33,3.0,0.72,8.0,1.0,0.6,0.7,16.93,17.2,17.51,17.22,3.0,0.43,8.0,1.0,0.6,0.7,72.3,73.8,79.1,75.7,3.0,5.3,8.0,1.0,0.7,0.48,1.5,2.25,1.37,3.0,1.31,8.0,1.0,0.6,0.7,0.0,0.0,0.89,0.43,3.0,0.75,8.0,1.0,0.6,0.7,-1.77,0.0,0.51,-0.62,3.0,1.76,8.0,1.0,0.6,0.7,1005.61,1006.5,1009.23,1007.4,3.0,2.76,8.0,1.0,0.6,0.7,6.3,7.0,7.7,7.0,2.0,1.4,8.0,1.0,0.4,0.6,0.0,0.0,1.3,0.6,3.0,1.1,8.0,1.0,0.6,0.7,-4.6,0.0,0.8,-1.9,3.0,4.3,8.0,1.0,0.6,0.7,0.53,0.6,0.67,0.6,3.0,0.1,8.0,1.0,0.6,0.7,0.2,0.8,1.3,0.8,3.0,0.8,8.0,1.0,0.6,0.7,5.44,7.05,7.54,6.5,3.0,1.61,8.0,1.0,0.6,0.7,2.2,7.0,14.7,8.5,3.0,9.2,8.0,1.0,0.6,0.7,0.0,0.0,23.5,11.5,3.0,19.9,8.0,1.0,0.6,0.7,-49.2,0.0,13.6,-17.4,3.0,48.4,8.0,1.0,0.6,0.7,0.0,0.0,15.7,7.6,3.0,13.2,8.0,1.0,0.6,0.7,-30.5,0.0,9.0,-10.5,3.0,30.4,8.0,1.0,0.6,0.7,0.0,0.0,4.2,2.0,3.0,3.5,8.0,1.0,0.6,0.7,-12.5,0.0,2.4,-4.9,3.0,11.7,8.0,1.0,0.6,0.7,1.0,3.5,13.0,7.0,3.0,9.5,8.0,1.0,0.6,0.7,0.0,5.0,15.0,5.0,3.0,10.0,8.0,1.0,0.6,0.7
1974,2,100.0,-8.0,,,,,,,,,,,,,,,,,,,,,,,,,,,,,,,,,,,,,,,,12.3,12.3,12.3,12.3,1.0,0.0,20.0,0.0,0.7,1.0,9.42,9.42,9.42,9.42,1.0,0.0,20.0,0.0,0.7,1.0,-7.91,-7.91,-7.91,-7.91,1.0,0.0,20.0,0.0,0.7,1.0,1006.9,1008.85,1010.8,1008.85,2.0,4.03,22.0,0.5,0.8,0.7,,,,,,,,,,,,,,,,,,,,,,,,,,,,,,,,,,,,,,,,,,,,,,,,,,,,,,,,,,,,,,,,,,,,,,,,,,,,,,,,,,,,,,,,,,,,,,,,,,,,,,,,,,,,,,,,,,,,,,,,,,,,,,,,,,,,,,,,,,,,,,,,,,,,,,
1974,2,100.0,-7.0,27.4,27.4,27.4,27.4,1.0,0.0,10.0,1.0,0.6,1.0,28.8,28.8,28.8,28.8,1.0,0.0,10.0,1.0,0.6,1.0,18.25,18.25,18.25,18.25,1.0,0.0,10.0,1.0,0.6,1.0,73.5,73.5,73.5,73.5,1.0,0.0,10.0,1.0,1.0,6.7,6.7,6.7,6.7,1.0,0.0,10.0,1.0,0.6,1.0,3.35,3.35,3.35,3.35,1.0,0.0,10.0,1.0,0.6,1.0,-5.8,-5.8,-5.8,-5.8,1.0,0.0,10.0,1.0,0.6,1.0,1008.1,1008.1,1008.1,1008.1,1.0,0.0,10.0,1.0,0.6,1.0,5.0,5.0,5.0,5.0,1.0,0.0,10.0,1.0,0.6,1.0,22.4,22.4,22.4,22.4,1.0,0.0,10.0,1.0,0.6,1.0,-38.9,-38.9,-38.9,-38.9,1.0,0.0,10.0,1.0,0.6,1.0,-1.4,-1.4,-1.4,-1.4,1.0,0.0,10.0,1.0,0.6,1.0,-9.4,-9.4,-9.4,-9.4,1.0,0.0,10.0,1.0,0.6,1.0,4.69,4.69,4.69,4.69,1.0,0.0,10.0,1.0,0.6,1.0,31.5,31.5,31.5,31.5,1.0,0.0,10.0,1.0,0.6,1.0,96.5,96.5,96.5,96.5,1.0,0.0,10.0,1.0,0.6,1.0,-167.1,-167.1,-167.1,-167.1,1.0,0.0,10.0,1.0,0.6,1.0,61.1,61.1,61.1,61.1,1.0,0.0,10.0,1.0,0.6,1.0,-105.9,-105.9,-105.9,-105.9,1.0,0.0,10.0,1.0,0.6,1.0,15.7,15.7,15.7,15.7,1.0,0.0,10.0,1.0,0.6,1.0,-27.2,-27.2,-27.2,-27.2,1.0,0.0,10.0,1.0,0.6,1.0,301.0,301.0,301.0,301.0,1.0,0.0,10.0,1.0,0.6,1.0,300.0,300.0,300.0,300.0,1.0,0.0,10.0,1.0,0.6,1.0
1974,2,100.0,-5.0,27.2,27.2,27.2,27.2,1.0,0.0,22.0,1.0,0.3,0.4,26.6,26.6,26.6,26.6,1.0,0.0,22.0,1.0,0.3,0.4,17.73,17.73,17.73,17.73,1.0,0.0,22.0,1.0,0.3,0.4,81.1,81.1,81.1,81.1,1.0,0.0,22.0,1.0,0.4,3.1,3.1,3.1,3.1,1.0,0.0,22.0,1.0,0.3,0.4,2.68,2.68,2.68,2.68,1.0,0.0,22.0,1.0,0.3,0.4,-1.55,-1.55,-1.55,-1.55,1.0,0.0,22.0,1.0,0.3,0.4,1006.5,1006.5,1006.5,1006.5,1.0,0.0,22.0,1.0,0.3,0.4,8.0,8.0,8.0,8.0,1.0,0.0,22.0,1.0,0.3,0.4,8.3,8.3,8.3,8.3,1.0,0.0,22.0,1.0,0.3,0.4,-4.8,-4.8,-4.8,-4.8,1.0,0.0,22.0,1.0,0.3,0.4,0.6,0.6,0.6,0.6,1.0,0.0,22.0,1.0,0.3,0.4,1.9,1.9,1.9,1.9,1.0,0.0,22.0,1.0,0.3,0.4,4.98,4.98,4.98,4.98,1.0,0.0,22.0,1.0,0.3,0.4,15.4,15.4,15.4,15.4,1.0,0.0,22.0,1.0,0.3,0.4,71.4,71.4,71.4,71.4,1.0,0.0,22.0,1.0,0.3,0.4,-41.2,-41.2,-41.2,-41.2,1.0,0.0,22.0,1.0,0.3,0.4,47.6,47.6,47.6,47.6,1.0,0.0,22.0,1.0,0.3,0.4,-27.5,-27.5,-27.5,-27.5,1.0,0.0,22.0,1.0,0.3,0.4,13.4,13.4,13.4,13.4,1.0,0.0,22.0,1.0,0.3,0.4,-7.7,-7.7,-7.7,-7.7,1.0,0.0,22.0,1.0,0.3,0.4,30.0,30.0,30.0,30.0,1.0,0.0,22.0,1.0,0.3,0.4,30.0,30.0,30.0,30.0,1.0,0.0,22.0,1.0,0.3,0.4
1974,2,100.0,-2.0,26.7,26.7,26.7,26.7,1.0,0.0,4.0,1.0,0.7,0.3,26.4,26.4,26.4,26.4,1.0,0.0,4.0,1.0,0.7,0.3,18.68,18.68,18.68,18.68,1.0,0.0,4.0,1.0,0.7,0.3,86.7,86.7,86.7,86.7,1.0,0.0,4.0,1.0,0.3,3.1,3.1,3.1,3.1,1.0,0.0,4.0,1.0,0.7,0.3,1.99,1.99,1.99,1.99,1.0,0.0,4.0,1.0,0.7,0.3,-2.37,-2.37,-2.37,-2.37,1.0,0.0,4.0,1.0,0.7,0.3,1009.3,1009.3,1009.3,1009.3,1.0,0.0,4.0,1.0,0.7,0.3,7.0,7.0,7.0,7.0,1.0,0.0,4.0,1.0,0.7,0.3,6.2,6.2,6.2,6.2,1.0,0.0,4.0,1.0,0.7,0.3,-7.4,-7.4,-7.4,-7.4,1.0,0.0,4.0,1.0,0.7,0.3,0.3,0.3,0.3,0.3,1.0,0.0,4.0,1.0,0.7,0.3,0.9,0.9,0.9,0.9,1.0,0.0,4.0,1.0,0.7,0.3,3.3,3.3,3.3,3.3,1.0,0.0,4.0,1.0,0.7,0.3,10.2,10.2,10.2,10.2,1.0,0.0,4.0,1.0,0.7,0.3,52.6,52.6,52.6,52.6,1.0,0.0,4.0,1.0,0.7,0.3,-62.7,-62.7,-62.7,-62.7,1.0,0.0,4.0,1.0,0.7,0.3,37.2,37.2,37.2,37.2,1.0,0.0,4.0,1.0,0.7,0.3,-44.4,-44.4,-44.4,-44.4,1.0,0.0,4.0,1.0,0.7,0.3,6.6,6.6,6.6,6.6,1.0,0.0,4.0,1.0,0.7,0.3,-7.8,-7.8,-7.8,-7.8,1.0,0.0,4.0,1.0,0.7,0.3,30.0,30.0,30.0,30.0,1.0,0.0,4.0,1.0,0.7,0.3,30.0,30.0,30.0,30.0,1.0,0.0,4.0,1.0,0.7,0.3
1974,2,100.0,2.0,28.0,28.0,28.0,28.0,2.0,0.0,20.0,0.0,0.8,0.9,27.03,27.1,27.17,27.1,2.0,0.14,20.0,0.0,0.8,0.9,18.12,18.12,18.12,18.12,1.0,0.0,18.0,0.0,0.9,0.9,81.2,81.2,81.2,81.2,1.0,0.0,18.0,0.0,0.9,4.1,4.1,4.1,4.1,1.0,0.0,24.0,0.0,0.8,0.9,3.14,3.14,3.14,3.14,1.0,0.0,24.0,0.0,0.8,0.9,-2.64,-2.64,-2.64,-2.64,1.0,0.0,24.0,0.0,0.8,0.9,1007.82,1008.5,1009.18,1008.5,2.0,1.41,20.0,0.0,0.8,0.9,4.2,4.5,4.8,4.5,2.0,0.7,20.0,0.0,0.8,0.9,12.9,12.9,12.9,12.9,1.0,0.0,24.0,0.0,0.8,0.9,-10.8,-10.8,-10.8,-10.8,1.0,0.0,24.0,0.0,0.8,0.9,,,,,,,,,,,,,,,,,,,,,,,,,,,,,,,,,,,,,,,,,,,,,,,,,,,,,,,,,,,,,,,,,,,,,,,,,,,,,,,,,,,,,,,,,,,,,,,,,,,,,,,,,,,,,,,,,,,,,,,,
1974,2,100.0,3.0,26.57,27.5,28.2,27.53,22.0,0.94,18.0,0.6,0.4,0.3,25.64,26.8,27.9,26.8,25.0,1.33,18.0,0.5,0.4,0.3,16.38,17.64,19.15,17.69,22.0,1.44,18.0,0.5,0.4,0.3,75.6,80.4,86.3,80.0,23.0,6.6,18.0,0.5,0.3,1.0,2.6,5.1,3.26,22.0,2.27,18.0,0.6,0.4,0.3,-1.78,0.36,2.52,0.4,22.0,2.26,18.0,0.6,0.4,0.3,-4.39,-0.72,0.96,-1.4,22.0,3.0,18.0,0.6,0.4,0.3,1007.48,1009.65,1010.34,1009.33,26.0,2.0,18.0,0.5,0.4,0.3,3.0,7.0,8.0,6.0,26.0,2.3,18.0,0.5,0.4,0.3,-5.1,0.4,9.1,2.3,22.0,10.0,18.0,0.6,0.4,0.3,-21.4,-1.3,1.7,-8.9,22.0,19.8,18.0,0.6,0.4,0.3,0.0,0.9,2.0,0.93,20.0,1.14,18.0,0.6,0.4,0.3,0.0,2.4,8.9,3.3,16.0,5.5,18.0,0.6,0.4,0.4,3.73,5.13,6.63,5.33,19.0,1.53,18.0,0.5,0.4,0.3,5.1,12.0,29.7,15.3,15.0,12.1,18.0,0.6,0.4,0.4,-47.1,9.7,67.7,12.9,20.0,63.1,18.0,0.6,0.4,0.3,-124.8,-22.8,23.4,-45.3,20.0,74.5,18.0,0.6,0.4,0.3,-35.2,0.0,48.9,9.5,17.0,44.5,16.0,0.5,0.4,0.4,-82.0,-18.2,7.0,-32.6,17.0,50.1,16.0,0.5,0.4,0.4,-10.5,0.0,11.2,0.1,15.0,12.6,18.0,0.6,0.4,0.4,-18.6,-4.0,0.0,-8.5,15.0,12.7,18.0,0.6,0.4,0.4,1.0,17.5,132.5,88.5,22.0,138.5,18.0,0.6,0.4,0.3,0.0,20.0,135.0,90.0,22.0,140.0,18.0,0.6,0.4,0.3
1974,2,100.0,12.0,25.95,27.0,29.17,27.54,5.0,2.31,6.0,0.8,0.7,0.6,25.8,26.7,27.56,26.72,5.0,0.96,6.0,0.8,0.7,0.6,17.85,18.71,18.98,18.42,3.0,0.86,8.0,1.0,0.7,0.7,85.0,87.2,89.0,87.0,3.0,2.9,8.0,1.0,0.7,1.52,2.85,3.81,2.68,4.0,1.38,8.0,0.8,0.6,0.7,-1.49,-0.86,0.78,-0.38,4.0,1.55,8.0,0.8,0.6,0.7,1.13,2.23,3.45,2.29,4.0,1.36,8.0,0.8,0.6,0.7,1007.74,1009.9,1010.56,1009.3,5.0,1.58,6.0,0.8,0.7,0.6,2.3,3.0,5.7,3.8,5.0,2.3,6.0,0.8,0.7,0.6,-4.5,-1.9,3.2,-0.7,4.0,5.2,8.0,0.8,0.6,0.7,1.8,7.0,13.2,7.5,4.0,6.7,8.0,0.8,0.6,0.7,-0.62,0.7,2.19,0.82,5.0,2.04,6.0,0.8,0.7,0.6,-1.9,1.3,9.4,3.6,4.0,8.4,8.0,0.8,0.6,0.7,1.45,3.04,4.32,2.89,3.0,2.11,8.0,1.0,0.7,0.7,3.0,6.2,9.5,6.2,2.0,6.7,12.0,1.0,0.7,0.8,-40.3,-23.5,19.8,-10.9,4.0,40.9,8.0,0.8,0.6,0.7,30.9,58.2,92.1,61.4,4.0,36.2,8.0,0.8,0.6,0.7,-20.5,1.5,23.4,1.5,2.0,45.5,12.0,1.0,0.7,0.8,31.0,42.1,53.2,42.1,2.0,23.0,12.0,1.0,0.7,0.8,-0.1,2.2,4.4,2.2,2.0,4.7,12.0,1.0,0.7,0.8,2.3,5.2,8.1,5.2,2.0,6.0,12.0,1.0,0.7,0.8,5.0,28.0,55.5,30.0,4.0,30.0,8.0,0.8,0.6,0.7,5.0,30.0,55.0,30.0,4.0,30.0,8.0,0.8,0.6,0.7
1974,2,100.0,13.0,24.58,24.75,24.92,24.75,2.0,0.35,14.0,0.5,0.7,0.3,25.52,25.55,25.58,25.55,2.0,0.07,14.0,0.5,0.7,0.3,17.95,17.95,17.95,17.95,1.0,0.0,4.0,1.0,0.6,0.2,87.7,87.7,87.7,87.7,1.0,0.0,4.0,1.0,0.2,2.6,2.6,2.6,2.6,1.0,0.0,4.0,1.0,0.6,0.2,0.0,0.0,0.0,0.0,1.0,0.0,4.0,1.0,0.6,0.2,2.6,2.6,2.6,2.6,1.0,0.0,4.0,1.0,0.6,0.2,1007.96,1009.8,1011.64,1009.8,2.0,3.82,14.0,0.5,0.7,0.3,1.3,2.0,2.7,2.0,2.0,1.4,14.0,0.5,0.7,0.3,0.0,0.0,0.0,0.0,1.0,0.0,4.0,1.0,0.6,0.2,6.8,6.8,6.8,6.8,1.0,0.0,4.0,1.0,0.6,0.2,-1.0,-0.8,-0.6,-0.8,2.0,0.42,14.0,0.5,0.7,0.3,-2.9,-2.9,-2.9,-2.9,1.0,0.0,4.0,1.0,0.6,0.2,1.24,1.24,1.24,1.24,1.0,0.0,4.0,1.0,0.6,0.2,3.2,3.2,3.2,3.2,1.0,0.0,4.0,1.0,0.6,0.2,0.0,0.0,0.0,0.0,1.0,0.0,4.0,1.0,0.6,0.2,66.6,66.6,66.6,66.6,1.0,0.0,4.0,1.0,0.6,0.2,0.0,0.0,0.0,0.0,1.0,0.0,4.0,1.0,0.6,0.2,46.7,46.7,46.7,46.7,1.0,0.0,4.0,1.0,0.6,0.2,0.0,0.0,0.0,0.0,1.0,0.0,4.0,1.0,0.6,0.2,3.2,3.2,3.2,3.2,1.0,0.0,4.0,1.0,0.6,0.2,17.5,17.5,17.5,17.5,1.0,0.0,4.0,1.0,0.6,0.2,20.0,20.0,20.0,20.0,1.0,0.0,4.0,1.0,0.6,0.2
1974,2,101.0,-47.0,7.0,7.0,7.0,7.0,1.0,0.0,4.0,1.0,0.3,0.1,7.8,7.8,7.8,7.8,1.0,0.0,4.0,1.0,0.3,0.1,5.0,5.0,5.0,5.0,1.0,0.0,4.0,1.0,0.3,0.1,76.9,76.9,76.9,76.9,1.0,0.0,4.0,1.0,0.1,8.2,8.2,8.2,8.2,1.0,0.0,4.0,1.0,0.3,0.1,6.28,6.28,6.28,6.28,1.0,0.0,4.0,1.0,0.3,0.1,5.27,5.27,5.27,5.27,1.0,0.0,4.0,1.0,0.3,0.1,1019.8,1019.8,1019.8,1019.8,1.0,0.0,4.0,1.0,0.3,0.1,5.0,5.0,5.0,5.0,1.0,0.0,4.0,1.0,0.3,0.1,51.5,51.5,51.5,51.5,1.0,0.0,4.0,1.0,0.3,0.1,43.2,43.2,43.2,43.2,1.0,0.0,4.0,1.0,0.3,0.1,-0.8,-0.8,-0.8,-0.8,1.0,0.0,4.0,1.0,0.3,0.1,-6.6,-6.6,-6.6,-6.6,1.0,0.0,4.0,1.0,0.3,0.1,1.16,1.16,1.16,1.16,1.0,0.0,4.0,1.0,0.3,0.1,9.5,9.5,9.5,9.5,1.0,0.0,4.0,1.0,0.3,0.1,49.0,49.0,49.0,49.0,1.0,0.0,4.0,1.0,0.3,0.1,41.1,41.1,41.1,41.1,1.0,0.0,4.0,1.0,0.3,0.1,31.4,31.4,31.4,31.4,1.0,0.0,4.0,1.0,0.3,0.1,26.3,26.3,26.3,26.3,1.0,0.0,4.0,1.0,0.3,0.1,7.3,7.3,7.3,7.3,1.0,0.0,4.0,1.0,0.3,0.1,6.1,6.1,6.1,6.1,1.0,0.0,4.0,1.0,0.3,0.1,551.5,551.5,551.5,551.5,1.0,0.0,4.0,1.0,0.3,0.1,550.0,550.0,550.0,550.0,1.0,0.0,4.0,1.0,0.3,0.1
1974,2,101.0,-41.0,13.5,13.5,13.5,13.5,1.0,0.0,2.0,1.0,0.6,0.9,10.5,10.5,10.5,10.5,1.0,0.0,2.0,1.0,0.6,0.9,5.27,5.27,5.27,5.27,1.0,0.0,2.0,1.0,0.6,0.9,67.3,67.3,67.3,67.3,1.0,0.0,2.0,1.0,0.9,12.3,12.3,12.3,12.3,1.0,0.0,2.0,1.0,0.6,0.9,12.11,12.11,12.11,12.11,1.0,0.0,2.0,1.0,0.6,0.9,2.14,2.14,2.14,2.14,1.0,0.0,2.0,1.0,0.6,0.9,1016.8,1016.8,1016.8,1016.8,1.0,0.0,2.0,1.0,0.6,0.9,6.0,6.0,6.0,6.0,1.0,0.0,2.0,1.0,0.6,0.9,149.0,149.0,149.0,149.0,1.0,0.0,2.0,1.0,0.6,0.9,26.3,26.3,26.3,26.3,1.0,0.0,2.0,1.0,0.6,0.9,3.0,3.0,3.0,3.0,1.0,0.0,2.0,1.0,0.6,0.9,36.9,36.9,36.9,36.9,1.0,0.0,2.0,1.0,0.6,0.9,4.29,4.29,4.29,4.29,1.0,0.0,2.0,1.0,0.6,0.9,52.8,52.8,52.8,52.8,1.0,0.0,2.0,1.0,0.6,0.9,127.2,127.2,127.2,127.2,1.0,0.0,2.0,1.0,0.6,0.9,22.4,22.4,22.4,22.4,1.0,0.0,2.0,1.0,0.6,0.9,63.8,63.8,63.8,63.8,1.0,0.0,2.0,1.0,0.6,0.9,11.2,11.2,11.2,11.2,1.0,0.0,2.0,1.0,0.6,0.9,52.0,52.0,52.0,52.0,1.0,0.0,2.0,1.0,0.6,0.9,9.2,9.2,9.2,9.2,1.0,0.0,2.0,1.0,0.6,0.9,1861.0,1861.0,1861.0,1861.0,1.0,0.0,2.0,1.0,0.6,0.9,1860.0,1860.0,1860.0,1860.0,1.0,0.0,2.0,1.0,0.6,0.9
1974,2,101.0,-40.0,,,,,,,,,,,,,,,,,,,,,,,,,,,,,,,,,,,,,,,,4.1,4.1,4.1,4.1,1.0,0.0,20.0,1.0,0.4,0.4,2.05,2.05,2.05,2.05,1.0,0.0,20.0,1.0,0.4,0.4,3.55,3.55,3.55,3.55,1.0,0.0,20.0,1.0,0.4,0.4,1021.0,1021.0,1021.0,1021.0,1.0,0.0,20.0,1.0,0.4,0.4,,,,,,,,,,,,,,,,,,,,,,,,,,,,,,,,,,,,,,,,,,,,,,,,,,,,,,,,,,,,,,,,,,,,,,,,,,,,,,,,,,,,,,,,,,,,,,,,,,,,,,,,,,,,,,,,,,,,,,,,,,,,,,,,,,,,,,,,,,,,,,,,,,,,,,
1974,2,101.0,-38.0,16.0,16.0,16.0,16.0,1.0,0.0,16.0,1.0,0.5,0.8,13.4,13.4,13.4,13.4,1.0,0.0,16.0,1.0,0.5,0.8,5.47,5.47,5.47,5.47,1.0,0.0,16.0,1.0,0.5,0.8,58.4,58.4,58.4,58.4,1.0,0.0,16.0,1.0,0.8,,,,,,,,,,,,,,,,,,,,,,,,,,,,,,,,,,,,,,,,,,,,,,,,,,,,,,,,,,,,,,,,,,,,,,,,,,,,,,,,,,,,,,,,,,,,,,,,,,,,,,,,,,,,,,,,,,,,,,,,,,,,,,,,,,,,,,,,,,,,,,,,,,,,,,,,,,,,,,,,,,,,,,,,,,,,,,,,,,,,,,,,,,,,,,
1974,2,101.0,-34.0,18.2,18.2,18.2,18.2,1.0,0.0,2.0,1.0,0.1,0.1,17.4,17.4,17.4,17.4,1.0,0.0,2.0,1.0,0.1,0.1,7.57,7.57,7.57,7.57,1.0,0.0,2.0,1.0,0.1,0.1,61.8,61.8,61.8,61.8,1.0,0.0,2.0,1.0,0.1,,,,,,,,,,,,,,,,,,,,,,,,,,,,,,,,,,,,,,,,,,,,,,,,,,,,,,,,,,,,,,,,,,,,,,,,,,,,,,,,,,,,,,,,,,,,,,,,,,,,,,,,,,,,,,,,,,,,,,,,,,,,,,,,,,,,,,,,,,,,,,,,,,,,,,,,,,,,,,,,,,,,,,,,,,,,,,,,,,,,,,,,,,,,,,
1974,2,101.0,-33.0,18.46,19.2,19.52,19.05,6.0,0.55,6.0,0.5,0.5,0.9,16.96,17.8,18.02,17.56,7.0,0.74,8.0,0.4,0.4,0.9,8.86,9.09,9.3,9.11,6.0,0.38,6.0,0.5,0.5,0.9,70.6,72.9,76.6,74.6,6.0,6.2,6.0,0.5,0.9,4.9,8.2,11.97,7.99,7.0,4.77,8.0,0.4,0.4,0.9,-7.15,-4.42,1.04,-3.63,7.0,3.84,8.0,0.4,0.4,0.9,2.43,4.65,10.46,5.93,7.0,5.11,8.0,0.4,0.4,0.9,1018.8,1024.4,1028.11,1023.3,7.0,5.23,8.0,0.4,0.4,0.9,6.2,8.0,8.0,7.0,6.0,2.0,6.0,0.5,0.5,0.9,-69.9,-41.2,1.4,-36.7,7.0,33.5,8.0,0.4,0.4,0.9,12.4,33.6,126.0,66.9,7.0,83.2,8.0,0.4,0.4,0.9,0.9,1.1,2.64,1.57,6.0,1.04,6.0,0.5,0.5,0.9,5.0,10.5,22.5,14.5,6.0,12.5,6.0,0.5,0.5,0.9,3.95,4.34,4.95,4.44,6.0,0.62,6.0,0.5,0.5,0.9,26.6,33.8,53.2,40.1,6.0,18.8,6.0,0.5,0.5,0.9,-125.2,-79.5,18.6,-63.5,7.0,66.9,8.0,0.4,0.4,0.9,43.7,81.5,171.0,103.8,7.0,91.9,8.0,0.4,0.4,0.9,-66.1,-48.5,-16.4,-40.7,6.0,32.5,6.0,0.5,0.5,0.9,34.1,42.0,108.0,63.8,6.0,45.5,6.0,0.5,0.5,0.9,-28.8,-22.2,-8.3,-17.7,6.0,14.6,6.0,0.5,0.5,0.9,15.5,21.5,47.9,31.0,6.0,23.2,6.0,0.5,0.5,0.9,126.5,551.5,1739.0,988.0,7.0,1303.0,8.0,0.4,0.4,0.9,125.0,550.0,1740.0,990.0,7.0,1305.0,8.0,0.4,0.4,0.9
1974,2,101.0,-32.0,18.73,18.9,19.01,18.88,5.0,0.22,6.0,0.4,0.5,0.4,17.29,18.0,18.42,17.84,5.0,0.89,6.0,0.4,0.5,0.4,9.01,10.23,11.02,9.97,5.0,1.41,6.0,0.4,0.5,0.4,73.7,82.1,85.0,79.4,5.0,7.5,6.0,0.4,0.4,7.08,9.8,11.42,9.28,4.0,3.44,6.0,0.3,0.5,0.4,-9.89,-8.49,-3.62,-6.84,4.0,5.25,6.0,0.3,0.5,0.4,4.71,4.9,5.71,5.2,4.0,0.85,6.0,0.3,0.5,0.4,1026.43,1027.8,1028.19,1027.34,5.0,1.36,6.0,0.4,0.5,0.4,7.3,8.0,8.0,7.6,5.0,0.9,6.0,0.4,0.5,0.4,-115.1,-83.2,-37.7,-76.7,4.0,60.8,6.0,0.3,0.5,0.4,33.8,48.0,66.5,50.0,4.0,25.6,6.0,0.3,0.5,0.4,0.54,0.9,1.51,1.04,5.0,0.84,6.0,0.4,0.5,0.4,8.8,10.4,11.3,10.1,4.0,1.7,6.0,0.3,0.5,0.4,2.52,2.9,4.36,3.4,5.0,1.38,6.0,0.4,0.5,0.4,26.7,27.9,37.9,32.1,4.0,9.7,6.0,0.3,0.5,0.4,-178.9,-152.8,-65.1,-123.4,4.0,93.8,6.0,0.3,0.5,0.4,80.4,88.2,103.3,91.7,4.0,17.6,6.0,0.3,0.5,0.4,-101.0,-89.4,-38.1,-70.5,4.0,51.9,6.0,0.3,0.5,0.4,42.1,51.6,58.3,50.2,4.0,11.7,6.0,0.3,0.5,0.4,-32.8,-24.2,-8.9,-21.0,4.0,18.7,6.0,0.3,0.5,0.4,13.9,18.7,24.5,19.2,4.0,6.1,6.0,0.3,0.5,0.4,499.0,941.0,1573.0,1031.5,4.0,843.0,6.0,0.3,0.5,0.4,500.0,940.0,1575.0,1030.0,4.0,845.0,6.0,0.3,0.5,0.4
1974,2,101.0,-31.0,17.44,18.4,19.36,18.4,2.0,1.98,14.0,0.0,0.3,0.9,18.05,18.15,18.25,18.15,2.0,0.21,14.0,0.0,0.3,0.9,9.54,10.23,10.93,10.23,2.0,1.43,14.0,0.0,0.3,0.9,73.9,79.6,85.4,79.6,2.0,11.9,14.0,0.0,0.9,8.53,9.25,9.97,9.25,2.0,1.48,14.0,0.0,0.3,0.9,-6.41,-5.95,-5.49,-5.95,2.0,0.95,14.0,0.0,0.3,0.9,6.54,7.09,7.63,7.09,2.0,1.14,14.0,0.0,0.3,0.9,1016.9,1018.2,1019.5,1018.2,2.0,2.69,14.0,0.0,0.3,0.9,2.0,2.0,2.0,2.0,2.0,0.0,14.0,0.0,0.3,0.9,-64.2,-55.7,-47.2,-55.7,2.0,17.7,14.0,0.0,0.3,0.9,56.2,66.4,76.5,66.4,2.0,21.0,14.0,0.0,0.3,0.9,-0.81,0.25,1.31,0.25,2.0,2.19,14.0,0.0,0.3,0.9,-6.0,3.9,13.9,3.9,2.0,20.6,14.0,0.0,0.3,0.9,2.78,2.9,3.01,2.9,2.0,0.24,14.0,0.0,0.3,0.9,23.8,27.0,30.1,27.0,2.0,6.5,14.0,0.0,0.3,0.9,-115.6,-107.8,-100.1,-107.8,2.0,16.1,14.0,0.0,0.3,0.9,119.2,128.5,137.7,128.5,2.0,19.1,14.0,0.0,0.3,0.9,-70.4,-61.5,-52.7,-61.5,2.0,18.3,14.0,0.0,0.3,0.9,62.8,73.3,83.9,73.3,2.0,21.8,14.0,0.0,0.3,0.9,-19.4,-17.3,-15.3,-17.3,2.0,4.2,14.0,0.0,0.3,0.9,18.3,20.7,23.1,20.7,2.0,5.0,14.0,0.0,0.3,0.9,637.5,822.0,1007.0,822.0,2.0,383.0,14.0,0.0,0.3,0.9,635.0,820.0,1005.0,820.0,2.0,385.0,14.0,0.0,0.3,0.9
1974,2,101.0,-29.0,,,,,,,,,,,,,,,,,,,,,,,,,,,,,,,,,,,,,,,,12.3,12.3,12.3,12.3,1.0,0.0,4.0,1.0,0.8,0.1,-7.91,-7.91,-7.91,-7.91,1.0,0.0,4.0,1.0,0.8,0.1,9.42,9.42,9.42,9.42,1.0,0.0,4.0,1.0,0.8,0.1,1023.2,1023.2,1023.2,1023.2,1.0,0.0,4.0,1.0,0.8,0.1,7.0,7.0,7.0,7.0,1.0,0.0,4.0,1.0,0.8,0.1,-97.2,-97.2,-97.2,-97.2,1.0,0.0,4.0,1.0,0.8,0.1,115.9,115.9,115.9,115.9,1.0,0.0,4.0,1.0,0.8,0.1,,,,,,,,,,,,,,,,,,,,,,,,,,,,,,,,,,,,,,,,,-156.5,-156.5,-156.5,-156.5,1.0,0.0,4.0,1.0,0.8,0.1,186.6,186.6,186.6,186.6,1.0,0.0,4.0,1.0,0.8,0.1,-72.2,-72.2,-72.2,-72.2,1.0,0.0,4.0,1.0,0.8,0.1,86.0,86.0,86.0,86.0,1.0,0.0,4.0,1.0,0.8,0.1,,,,,,,,,,,,,,,,,,,,,,,,,,,,,,,,,,,,,,,,
1974,2,101.0,-28.0,22.4,22.4,22.4,22.4,1.0,0.0,24.0,1.0,0.0,1.0,24.7,24.7,24.7,24.7,1.0,0.0,24.0,1.0,0.0,1.0,11.65,11.65,11.65,11.65,1.0,0.0,24.0,1.0,0.0,1.0,60.3,60.3,60.3,60.3,1.0,0.0,24.0,1.0,1.0,4.6,4.6,4.6,4.6,1.0,0.0,24.0,1.0,0.0,1.0,-2.96,-2.96,-2.96,-2.96,1.0,0.0,24.0,1.0,0.0,1.0,3.52,3.52,3.52,3.52,1.0,0.0,24.0,1.0,0.0,1.0,1013.2,1013.2,1013.2,1013.2,1.0,0.0,24.0,1.0,0.0,1.0,7.0,7.0,7.0,7.0,1.0,0.0,24.0,1.0,0.0,1.0,-13.6,-13.6,-13.6,-13.6,1.0,0.0,24.0,1.0,0.0,1.0,16.2,16.2,16.2,16.2,1.0,0.0,24.0,1.0,0.0,1.0,-2.3,-2.3,-2.3,-2.3,1.0,0.0,24.0,1.0,0.0,1.0,-10.6,-10.6,-10.6,-10.6,1.0,0.0,24.0,1.0,0.0,1.0,5.22,5.22,5.22,5.22,1.0,0.0,24.0,1.0,0.0,1.0,24.0,24.0,24.0,24.0,1.0,0.0,24.0,1.0,0.0,1.0,-73.0,-73.0,-73.0,-73.0,1.0,0.0,24.0,1.0,0.0,1.0,87.0,87.0,87.0,87.0,1.0,0.0,24.0,1.0,0.0,1.0,-34.4,-34.4,-34.4,-34.4,1.0,0.0,24.0,1.0,0.0,1.0,41.1,41.1,41.1,41.1,1.0,0.0,24.0,1.0,0.0,1.0,-15.4,-15.4,-15.4,-15.4,1.0,0.0,24.0,1.0,0.0,1.0,18.4,18.4,18.4,18.4,1.0,0.0,24.0,1.0,0.0,1.0,97.5,97.5,97.5,97.5,1.0,0.0,24.0,1.0,0.0,1.0,95.0,95.0,95.0,95.0,1.0,0.0,24.0,1.0,0.0,1.0
1974,2,101.0,-25.0,23.0,23.0,23.0,23.0,1.0,0.0,8.0,0.0,0.8,0.7,22.0,22.0,22.0,22.0,1.0,0.0,8.0,0.0,0.8,0.7,11.2,11.2,11.2,11.2,1.0,0.0,8.0,0.0,0.8,0.7,68.3,68.3,68.3,68.3,1.0,0.0,8.0,0.0,0.7,7.7,7.7,7.7,7.7,1.0,0.0,8.0,0.0,0.8,0.7,-4.95,-4.95,-4.95,-4.95,1.0,0.0,8.0,0.0,0.8,0.7,5.9,5.9,5.9,5.9,1.0,0.0,8.0,0.0,0.8,0.7,1013.8,1013.8,1013.8,1013.8,1.0,0.0,8.0,0.0,0.8,0.7,6.0,6.0,6.0,6.0,1.0,0.0,8.0,0.0,0.8,0.7,-38.1,-38.1,-38.1,-38.1,1.0,0.0,8.0,0.0,0.8,0.7,45.4,45.4,45.4,45.4,1.0,0.0,8.0,0.0,0.8,0.7,1.0,1.0,1.0,1.0,1.0,0.0,8.0,0.0,0.8,0.7,7.7,7.7,7.7,7.7,1.0,0.0,8.0,0.0,0.8,0.7,6.29,6.29,6.29,6.29,1.0,0.0,8.0,0.0,0.8,0.7,48.5,48.5,48.5,48.5,1.0,0.0,8.0,0.0,0.8,0.7,-108.9,-108.9,-108.9,-108.9,1.0,0.0,8.0,0.0,0.8,0.7,129.8,129.8,129.8,129.8,1.0,0.0,8.0,0.0,0.8,0.7,-55.4,-55.4,-55.4,-55.4,1.0,0.0,8.0,0.0,0.8,0.7,66.1,66.1,66.1,66.1,1.0,0.0,8.0,0.0,0.8,0.7,-31.1,-31.1,-31.1,-31.1,1.0,0.0,8.0,0.0,0.8,0.7,37.1,37.1,37.1,37.1,1.0,0.0,8.0,0.0,0.8,0.7,456.5,456.5,456.5,456.5,1.0,0.0,8.0,0.0,0.8,0.7,455.0,455.0,455.0,455.0,1.0,0.0,8.0,0.0,0.8,0.7
1974,2,101.0,-22.0,23.75,24.5,25.52,24.63,3.0,1.31,14.0,0.7,0.5,0.3,23.02,23.5,23.64,23.33,3.0,0.47,14.0,0.7,0.5,0.3,12.97,13.27,16.2,14.56,3.0,2.61,14.0,0.7,0.5,0.3,73.8,74.3,89.0,81.2,3.0,12.7,14.0,0.7,0.3,6.09,9.3,9.3,7.73,3.0,2.71,14.0,0.7,0.5,0.3,-7.4,-5.98,-4.3,-5.85,3.0,2.27,14.0,0.7,0.5,0.3,3.49,4.65,6.34,4.91,3.0,2.1,14.0,0.7,0.5,0.3,1010.13,1010.4,1011.56,1010.83,3.0,1.12,14.0,0.7,0.5,0.3,3.2,8.0,8.0,5.7,3.0,4.0,14.0,0.7,0.5,0.3,-68.8,-55.6,-28.7,-48.9,3.0,29.9,14.0,0.7,0.5,0.3,23.0,43.2,59.0,41.0,3.0,26.4,14.0,0.7,0.5,0.3,0.66,0.8,1.96,1.3,3.0,1.04,14.0,0.7,0.5,0.3,6.2,7.4,10.2,8.2,3.0,3.0,14.0,0.7,0.5,0.3,2.77,5.13,6.94,4.87,3.0,3.06,14.0,0.7,0.5,0.3,22.0,35.8,43.9,33.0,3.0,16.2,14.0,0.7,0.5,0.3,-173.6,-136.3,-99.8,-136.7,3.0,54.0,14.0,0.7,0.5,0.3,82.4,110.2,145.9,114.0,3.0,46.6,14.0,0.7,0.5,0.3,-120.9,-76.7,-56.3,-88.3,3.0,48.4,14.0,0.7,0.5,0.3,52.7,81.7,88.3,70.8,3.0,27.7,14.0,0.7,0.5,0.3,-29.6,-27.4,-18.0,-23.9,3.0,9.1,14.0,0.7,0.5,0.3,12.6,23.0,32.2,22.5,3.0,14.4,14.0,0.7,0.5,0.3,321.5,804.5,804.5,568.5,3.0,408.0,14.0,0.7,0.5,0.3,320.0,805.0,805.0,570.0,3.0,410.0,14.0,0.7,0.5,0.3
1974,2,101.0,-21.0,,,,,,,,,,,,,,,,,,,,,,,,,,,,,,,,,,,,,,,,10.8,10.8,10.8,10.8,1.0,0.0,22.0,0.0,0.2,1.0,-8.27,-8.27,-8.27,-8.27,1.0,0.0,22.0,0.0,0.2,1.0,6.94,6.94,6.94,6.94,1.0,0.0,22.0,0.0,0.2,1.0,1011.5,1011.5,1011.5,1011.5,1.0,0.0,22.0,0.0,0.2,1.0,,,,,,,,,,,,,,,,,,,,,,,,,,,,,,,,,,,,,,,,,,,,,,,,,,,,,,,,,,,,,,,,,,,,,,,,,,,,,,,,,,,,,,,,,,,,,,,,,,,,,,,,,,,,,,,,,,,,,,,,,,,,,,,,,,,,,,,,,,,,,,,,,,,,,,
1974,2,101.0,-20.0,24.5,24.5,24.5,24.5,1.0,0.0,8.0,0.0,0.7,0.1,24.2,24.2,24.2,24.2,1.0,0.0,8.0,0.0,0.7,0.1,16.53,16.53,16.53,16.53,1.0,0.0,8.0,0.0,0.7,0.1,87.5,87.5,87.5,87.5,1.0,0.0,8.0,0.0,0.1,5.1,5.1,5.1,5.1,1.0,0.0,8.0,0.0,0.7,0.1,-3.28,-3.28,-3.28,-3.28,1.0,0.0,8.0,0.0,0.7,0.1,3.91,3.91,3.91,3.91,1.0,0.0,8.0,0.0,0.7,0.1,1009.0,1009.0,1009.0,1009.0,1.0,0.0,8.0,0.0,0.7,0.1,4.0,4.0,4.0,4.0,1.0,0.0,8.0,0.0,0.7,0.1,-16.7,-16.7,-16.7,-16.7,1.0,0.0,8.0,0.0,0.7,0.1,19.9,19.9,19.9,19.9,1.0,0.0,8.0,0.0,0.7,0.1,0.3,0.3,0.3,0.3,1.0,0.0,8.0,0.0,0.7,0.1,1.5,1.5,1.5,1.5,1.0,0.0,8.0,0.0,0.7,0.1,2.73,2.73,2.73,2.73,1.0,0.0,8.0,0.0,0.7,0.1,13.9,13.9,13.9,13.9,1.0,0.0,8.0,0.0,0.7,0.1,-79.3,-79.3,-79.3,-79.3,1.0,0.0,8.0,0.0,0.7,0.1,94.5,94.5,94.5,94.5,1.0,0.0,8.0,0.0,0.7,0.1,-54.2,-54.2,-54.2,-54.2,1.0,0.0,8.0,0.0,0.7,0.1,64.6,64.6,64.6,64.6,1.0,0.0,8.0,0.0,0.7,0.1,-9.0,-9.0,-9.0,-9.0,1.0,0.0,8.0,0.0,0.7,0.1,10.7,10.7,10.7,10.7,1.0,0.0,8.0,0.0,0.7,0.1,132.5,132.5,132.5,132.5,1.0,0.0,8.0,0.0,0.7,0.1,135.0,135.0,135.0,135.0,1.0,0.0,8.0,0.0,0.7,0.1
1974,2,101.0,-19.0,25.53,25.6,27.24,26.37,3.0,1.42,8.0,1.0,0.7,0.6,24.61,25.5,25.84,25.23,3.0,0.93,8.0,1.0,0.7,0.6,14.59,16.51,17.23,15.93,3.0,2.0,8.0,1.0,0.7,0.6,74.6,78.6,83.7,79.1,3.0,6.7,8.0,1.0,0.6,4.42,5.1,5.51,4.97,3.0,0.81,8.0,1.0,0.7,0.6,-2.75,-2.55,-0.32,-1.56,3.0,1.98,8.0,1.0,0.7,0.6,4.16,4.42,4.77,4.46,3.0,0.45,8.0,1.0,0.7,0.6,1009.93,1010.0,1010.14,1010.03,3.0,0.15,8.0,1.0,0.7,0.6,6.6,8.0,8.0,7.3,3.0,1.2,8.0,1.0,0.7,0.6,-15.2,-13.0,-2.1,-8.8,3.0,10.3,8.0,1.0,0.7,0.6,18.4,22.5,26.4,22.4,3.0,5.8,8.0,1.0,0.7,0.6,0.44,1.4,1.81,1.13,3.0,1.03,8.0,1.0,0.7,0.6,1.8,5.7,8.8,5.3,3.0,5.1,8.0,1.0,0.7,0.6,4.15,6.87,7.11,5.65,3.0,2.41,8.0,1.0,0.7,0.6,20.1,28.2,34.1,27.1,3.0,10.2,8.0,1.0,0.7,0.6,-70.7,-66.3,-9.3,-40.6,3.0,50.2,8.0,1.0,0.7,0.6,103.1,114.8,122.4,112.8,3.0,14.2,8.0,1.0,0.7,0.6,-47.5,-42.1,-6.7,-27.5,3.0,32.5,8.0,1.0,0.7,0.6,60.9,72.9,82.3,71.6,3.0,15.7,8.0,1.0,0.7,0.6,-15.2,-8.2,0.7,-7.2,3.0,11.7,8.0,1.0,0.7,0.6,18.5,27.7,30.6,24.6,3.0,9.2,8.0,1.0,0.7,0.6,89.0,132.5,168.5,129.0,3.0,58.0,8.0,1.0,0.7,0.6,90.0,135.0,170.0,130.0,3.0,60.0,8.0,1.0,0.7,0.6
1974,2,101.0,-18.0,26.7,28.0,28.2,27.47,3.0,1.19,8.0,0.7,0.2,0.3,26.0,26.0,26.07,26.03,3.0,0.06,14.0,0.3,0.2,0.3,16.05,16.09,16.38,16.21,3.0,0.26,14.0,0.3,0.2,0.3,76.3,76.3,77.9,77.0,3.0,1.4,14.0,0.3,0.3,4.31,6.15,7.72,6.03,4.0,2.07,12.0,0.5,0.2,0.3,-5.03,-2.65,-0.56,-2.79,4.0,3.41,12.0,0.5,0.2,0.3,3.16,4.26,5.82,4.48,4.0,1.97,12.0,0.5,0.2,0.3,1008.03,1009.3,1010.94,1009.48,4.0,1.81,12.0,0.5,0.2,0.3,2.0,4.5,7.0,4.5,4.0,3.1,12.0,0.5,0.2,0.3,-36.7,-11.5,0.0,-18.0,4.0,28.5,12.0,0.5,0.2,0.3,15.1,28.1,42.8,28.9,4.0,18.0,12.0,0.5,0.2,0.3,0.32,1.0,1.68,1.0,2.0,1.41,8.0,0.5,0.2,0.3,1.6,5.1,8.6,5.1,2.0,7.2,8.0,0.5,0.2,0.3,5.41,6.14,6.88,6.14,2.0,1.52,8.0,0.5,0.2,0.3,37.6,39.2,40.8,39.2,2.0,3.4,8.0,0.5,0.2,0.3,-147.6,-66.3,1.1,-73.0,3.0,109.1,14.0,0.3,0.2,0.3,109.5,114.8,162.3,135.4,3.0,42.6,14.0,0.3,0.2,0.3,-91.3,-42.1,0.3,-45.4,3.0,67.2,14.0,0.3,0.2,0.3,68.2,72.9,100.8,84.2,3.0,25.8,14.0,0.3,0.2,0.3,-33.2,-27.2,-21.2,-27.2,2.0,12.5,8.0,0.5,0.2,0.3,22.6,26.3,30.1,26.3,2.0,7.8,8.0,0.5,0.2,0.3,87.5,253.0,466.5,276.0,4.0,230.0,12.0,0.5,0.2,0.3,90.0,255.0,465.0,275.0,4.0,230.0,12.0,0.5,0.2,0.3
1974,2,101.0,-14.0,,,,,,,,,,,,,,,,,,,,,,,,,,,,,,,,,,,,,,,,4.6,4.6,4.6,4.6,1.0,0.0,22.0,1.0,0.3,0.9,-2.96,-2.96,-2.96,-2.96,1.0,0.0,22.0,1.0,0.3,0.9,3.52,3.52,3.52,3.52,1.0,0.0,22.0,1.0,0.3,0.9,1011.9,1011.9,1011.9,1011.9,1.0,0.0,22.0,1.0,0.3,0.9,2.0,2.0,2.0,2.0,1.0,0.0,22.0,1.0,0.3,0.9,-13.6,-13.6,-13.6,-13.6,1.0,0.0,22.0,1.0,0.3,0.9,16.2,16.2,16.2,16.2,1.0,0.0,22.0,1.0,0.3,0.9,,,,,,,,,,,,,,,,,,,,,,,,,,,,,,,,,,,,,,,,,-72.1,-72.1,-72.1,-72.1,1.0,0.0,22.0,1.0,0.3,0.9,86.0,86.0,86.0,86.0,1.0,0.0,22.0,1.0,0.3,0.9,-45.8,-45.8,-45.8,-45.8,1.0,0.0,22.0,1.0,0.3,0.9,54.6,54.6,54.6,54.6,1.0,0.0,22.0,1.0,0.3,0.9,,,,,,,,,,,,,,,,,,,,,,,,,,,,,,,,,,,,,,,,
1974,2,101.0,-10.0,27.6,27.6,27.6,27.6,1.0,0.0,28.0,0.0,0.2,1.0,26.4,26.4,26.4,26.4,1.0,0.0,28.0,0.0,0.2,1.0,18.55,18.55,18.55,18.55,1.0,0.0,28.0,0.0,0.2,1.0,86.2,86.2,86.2,86.2,1.0,0.0,28.0,0.0,1.0,7.7,7.7,7.7,7.7,1.0,0.0,28.0,0.0,0.2,1.0,7.58,7.58,7.58,7.58,1.0,0.0,28.0,0.0,0.2,1.0,1.34,1.34,1.34,1.34,1.0,0.0,28.0,0.0,0.2,1.0,1010.0,1010.0,1010.0,1010.0,1.0,0.0,28.0,0.0,0.2,1.0,1.0,1.0,1.0,1.0,1.0,0.0,28.0,0.0,0.2,1.0,58.4,58.4,58.4,58.4,1.0,0.0,28.0,0.0,0.2,1.0,10.3,10.3,10.3,10.3,1.0,0.0,28.0,0.0,0.2,1.0,1.2,1.2,1.2,1.2,1.0,0.0,28.0,0.0,0.2,1.0,9.2,9.2,9.2,9.2,1.0,0.0,28.0,0.0,0.2,1.0,4.62,4.62,4.62,4.62,1.0,0.0,28.0,0.0,0.2,1.0,35.6,35.6,35.6,35.6,1.0,0.0,28.0,0.0,0.2,1.0,200.2,200.2,200.2,200.2,1.0,0.0,28.0,0.0,0.2,1.0,35.3,35.3,35.3,35.3,1.0,0.0,28.0,0.0,0.2,1.0,140.7,140.7,140.7,140.7,1.0,0.0,28.0,0.0,0.2,1.0,24.8,24.8,24.8,24.8,1.0,0.0,28.0,0.0,0.2,1.0,35.1,35.1,35.1,35.1,1.0,0.0,28.0,0.0,0.2,1.0,6.2,6.2,6.2,6.2,1.0,0.0,28.0,0.0,0.2,1.0,456.5,456.5,456.5,456.5,1.0,0.0,28.0,0.0,0.2,1.0,455.0,455.0,455.0,455.0,1.0,0.0,28.0,0.0,0.2,1.0
1974,2,101.0,-9.0,27.14,27.8,28.0,27.78,8.0,0.63,10.0,0.8,0.4,0.4,26.76,27.6,27.95,27.37,9.0,0.68,12.0,0.6,0.5,0.4,17.76,18.17,18.69,18.23,6.0,0.57,10.0,0.7,0.4,0.4,76.6,78.6,84.4,79.8,6.0,4.0,10.0,0.7,0.4,1.67,3.6,9.81,5.2,6.0,4.85,10.0,0.5,0.5,0.5,-2.44,1.13,5.74,1.48,6.0,6.28,10.0,0.5,0.5,0.5,-4.9,-1.7,-1.03,-2.61,6.0,2.39,10.0,0.5,0.5,0.5,1006.84,1008.15,1009.21,1008.24,10.0,1.91,12.0,0.6,0.4,0.4,4.0,6.0,7.6,5.4,10.0,2.4,12.0,0.6,0.4,0.4,-16.2,2.9,45.5,16.3,6.0,70.1,10.0,0.5,0.5,0.5,-49.3,-5.5,-2.7,-23.0,6.0,33.0,10.0,0.5,0.5,0.5,-0.32,0.2,0.6,0.13,7.0,0.54,12.0,0.7,0.5,0.4,0.0,0.5,4.5,2.2,4.0,3.7,10.0,0.5,0.6,0.6,4.35,4.71,5.74,4.91,6.0,0.77,10.0,0.7,0.4,0.4,8.3,26.1,47.5,27.8,3.0,28.7,10.0,0.3,0.5,0.5,-79.7,58.5,186.7,52.7,5.0,189.6,10.0,0.4,0.6,0.5,-144.1,-43.4,-21.5,-75.7,5.0,72.5,10.0,0.4,0.6,0.5,24.4,76.9,169.6,96.5,3.0,107.7,10.0,0.3,0.5,0.5,-92.7,-28.0,-8.9,-50.3,3.0,64.4,10.0,0.3,0.5,0.5,7.8,24.6,41.7,24.8,3.0,24.9,10.0,0.3,0.5,0.5,-22.4,-8.9,-2.8,-12.5,3.0,14.7,10.0,0.3,0.5,0.5,7.5,57.5,1022.0,500.0,6.0,854.5,10.0,0.5,0.5,0.5,5.0,55.0,1020.0,500.0,6.0,855.0,10.0,0.5,0.5,0.5
1974,2,101.0,-8.0,27.16,27.5,27.84,27.5,3.0,0.5,12.0,0.0,0.5,0.2,26.13,26.4,26.81,26.47,3.0,0.5,12.0,0.0,0.5,0.2,16.97,17.21,17.55,17.26,3.0,0.42,12.0,0.0,0.5,0.2,77.3,78.2,82.2,79.7,3.0,3.8,12.0,0.0,0.2,0.0,0.0,0.0,0.0,1.0,0.0,12.0,0.0,0.5,0.2,0.0,0.0,0.0,0.0,1.0,0.0,12.0,0.0,0.5,0.2,0.0,0.0,0.0,0.0,1.0,0.0,12.0,0.0,0.5,0.2,1006.34,1007.5,1007.84,1007.1,3.0,1.15,12.0,0.0,0.5,0.2,2.0,4.0,6.0,4.0,3.0,3.0,12.0,0.0,0.5,0.2,0.0,0.0,0.0,0.0,1.0,0.0,12.0,0.0,0.5,0.2,0.0,0.0,0.0,0.0,1.0,0.0,12.0,0.0,0.5,0.2,0.73,1.0,1.34,1.03,3.0,0.45,12.0,0.0,0.5,0.2,0.0,0.0,0.0,0.0,1.0,0.0,12.0,0.0,0.5,0.2,5.44,5.56,6.29,5.85,3.0,0.67,12.0,0.0,0.5,0.2,0.0,0.0,0.0,0.0,1.0,0.0,12.0,0.0,0.5,0.2,0.0,0.0,0.0,0.0,1.0,0.0,12.0,0.0,0.5,0.2,0.0,0.0,0.0,0.0,1.0,0.0,12.0,0.0,0.5,0.2,0.0,0.0,0.0,0.0,1.0,0.0,12.0,0.0,0.5,0.2,0.0,0.0,0.0,0.0,1.0,0.0,12.0,0.0,0.5,0.2,0.0,0.0,0.0,0.0,1.0,0.0,12.0,0.0,0.5,0.2,0.0,0.0,0.0,0.0,1.0,0.0,12.0,0.0,0.5,0.2,0.0,0.0,0.0,0.0,1.0,0.0,12.0,0.0,0.5,0.2,0.0,0.0,0.0,0.0,1.0,0.0,12.0,0.0,0.5,0.2
1974,2,101.0,-4.0,28.0,28.0,28.0,28.0,1.0,0.0,4.0,1.0,0.1,0.1,26.6,26.6,26.6,26.6,1.0,0.0,4.0,1.0,0.1,0.1,16.2,16.2,16.2,16.2,1.0,0.0,4.0,1.0,0.1,0.1,74.5,74.5,74.5,74.5,1.0,0.0,4.0,1.0,0.1,0.0,0.0,0.0,0.0,1.0,0.0,4.0,1.0,0.1,0.1,0.0,0.0,0.0,0.0,1.0,0.0,4.0,1.0,0.1,0.1,0.0,0.0,0.0,0.0,1.0,0.0,4.0,1.0,0.1,0.1,1010.5,1010.5,1010.5,1010.5,1.0,0.0,4.0,1.0,0.1,0.1,8.0,8.0,8.0,8.0,1.0,0.0,4.0,1.0,0.1,0.1,0.0,0.0,0.0,0.0,1.0,0.0,4.0,1.0,0.1,0.1,0.0,0.0,0.0,0.0,1.0,0.0,4.0,1.0,0.1,0.1,1.4,1.4,1.4,1.4,1.0,0.0,4.0,1.0,0.1,0.1,0.0,0.0,0.0,0.0,1.0,0.0,4.0,1.0,0.1,0.1,7.52,7.52,7.52,7.52,1.0,0.0,4.0,1.0,0.1,0.1,0.0,0.0,0.0,0.0,1.0,0.0,4.0,1.0,0.1,0.1,0.0,0.0,0.0,0.0,1.0,0.0,4.0,1.0,0.1,0.1,0.0,0.0,0.0,0.0,1.0,0.0,4.0,1.0,0.1,0.1,0.0,0.0,0.0,0.0,1.0,0.0,4.0,1.0,0.1,0.1,0.0,0.0,0.0,0.0,1.0,0.0,4.0,1.0,0.1,0.1,0.0,0.0,0.0,0.0,1.0,0.0,4.0,1.0,0.1,0.1,0.0,0.0,0.0,0.0,1.0,0.0,4.0,1.0,0.1,0.1,0.0,0.0,0.0,0.0,1.0,0.0,4.0,1.0,0.1,0.1,0.0,0.0,0.0,0.0,1.0,0.0,4.0,1.0,0.1,0.1
1974,2,101.0,-3.0,28.2,28.2,28.2,28.2,1.0,0.0,18.0,0.0,0.2,0.3,27.2,27.2,27.2,27.2,1.0,0.0,18.0,0.0,0.2,0.3,19.24,19.24,19.24,19.24,1.0,0.0,18.0,0.0,0.2,0.3,85.2,85.2,85.2,85.2,1.0,0.0,18.0,0.0,0.3,0.0,0.0,0.0,0.0,1.0,0.0,18.0,0.0,0.2,0.3,0.0,0.0,0.0,0.0,1.0,0.0,18.0,0.0,0.2,0.3,0.0,0.0,0.0,0.0,1.0,0.0,18.0,0.0,0.2,0.3,1010.0,1010.0,1010.0,1010.0,1.0,0.0,18.0,0.0,0.2,0.3,3.0,3.0,3.0,3.0,1.0,0.0,18.0,0.0,0.2,0.3,0.0,0.0,0.0,0.0,1.0,0.0,18.0,0.0,0.2,0.3,0.0,0.0,0.0,0.0,1.0,0.0,18.0,0.0,0.2,0.3,1.0,1.0,1.0,1.0,1.0,0.0,18.0,0.0,0.2,0.3,0.0,0.0,0.0,0.0,1.0,0.0,18.0,0.0,0.2,0.3,4.77,4.77,4.77,4.77,1.0,0.0,18.0,0.0,0.2,0.3,0.0,0.0,0.0,0.0,1.0,0.0,18.0,0.0,0.2,0.3,0.0,0.0,0.0,0.0,1.0,0.0,18.0,0.0,0.2,0.3,0.0,0.0,0.0,0.0,1.0,0.0,18.0,0.0,0.2,0.3,0.0,0.0,0.0,0.0,1.0,0.0,18.0,0.0,0.2,0.3,0.0,0.0,0.0,0.0,1.0,0.0,18.0,0.0,0.2,0.3,0.0,0.0,0.0,0.0,1.0,0.0,18.0,0.0,0.2,0.3,0.0,0.0,0.0,0.0,1.0,0.0,18.0,0.0,0.2,0.3,0.0,0.0,0.0,0.0,1.0,0.0,18.0,0.0,0.2,0.3,0.0,0.0,0.0,0.0,1.0,0.0,18.0,0.0,0.2,0.3
1974,2,101.0,2.0,26.73,27.75,28.73,27.84,8.0,1.17,18.0,0.6,0.5,0.5,27.03,28.05,29.57,28.26,10.0,1.39,18.0,0.6,0.5,0.5,17.6,18.26,20.58,18.81,9.0,1.73,18.0,0.6,0.5,0.5,76.9,79.2,80.1,78.2,9.0,2.4,18.0,0.6,0.5,1.8,2.6,4.83,3.43,9.0,2.79,20.0,0.6,0.4,0.6,-1.64,0.51,3.0,0.99,9.0,3.32,20.0,0.6,0.4,0.6,-3.55,-1.41,0.95,-1.51,9.0,2.51,20.0,0.6,0.4,0.6,1006.43,1008.25,1008.97,1007.94,10.0,1.51,18.0,0.6,0.5,0.5,2.9,5.5,7.0,5.3,10.0,2.1,18.0,0.6,0.5,0.5,-4.3,0.8,13.8,8.7,9.0,25.9,20.0,0.6,0.4,0.6,-16.4,-2.1,2.5,-9.9,9.0,20.7,20.0,0.6,0.4,0.6,-1.9,-0.2,0.94,-0.49,8.0,1.42,18.0,0.6,0.5,0.5,-3.1,0.0,2.7,-0.1,7.0,3.2,20.0,0.6,0.4,0.6,3.3,4.84,6.22,4.64,8.0,1.72,18.0,0.6,0.5,0.5,5.9,13.1,16.2,13.1,7.0,9.9,20.0,0.6,0.4,0.6,-47.4,14.9,81.9,26.7,9.0,91.5,20.0,0.6,0.4,0.6,-95.0,-40.9,27.3,-40.4,9.0,68.8,20.0,0.6,0.4,0.6,0.0,19.4,54.7,24.7,8.0,59.7,18.0,0.5,0.5,0.5,-64.1,-30.4,0.0,-32.2,8.0,43.6,18.0,0.5,0.5,0.5,-0.6,2.1,12.8,4.1,7.0,10.6,20.0,0.6,0.4,0.6,-15.8,-5.9,0.3,-6.7,7.0,10.6,20.0,0.6,0.4,0.6,7.0,17.5,115.5,135.0,9.0,305.0,20.0,0.6,0.4,0.6,5.0,20.0,115.0,135.0,9.0,305.0,20.0,0.6,0.4,0.6
1974,2,101.0,7.0,,,,,,,,,,,,,,,,,,,,,,,,,,,,,,,,,,,,,,,,8.7,8.7,8.7,8.7,1.0,0.0,10.0,0.0,0.0,0.6,2.98,2.98,2.98,2.98,1.0,0.0,10.0,0.0,0.0,0.6,-8.18,-8.18,-8.18,-8.18,1.0,0.0,10.0,0.0,0.0,0.6,1008.2,1008.2,1008.2,1008.2,1.0,0.0,10.0,0.0,0.0,0.6,,,,,,,,,,,,,,,,,,,,,,,,,,,,,,,,,,,,,,,,,,,,,,,,,,,,,,,,,,,,,,,,,,,,,,,,,,,,,,,,,,,,,,,,,,,,,,,,,,,,,,,,,,,,,,,,,,,,,,,,,,,,,,,,,,,,,,,,,,,,,,,,,,,,,,
1974,2,101.0,9.0,27.03,27.1,27.17,27.1,2.0,0.14,16.0,1.0,0.9,0.5,26.14,27.3,28.46,27.3,2.0,2.4,16.0,1.0,0.9,0.5,15.2,15.2,15.2,15.2,1.0,0.0,14.0,1.0,0.9,0.5,74.3,74.3,74.3,74.3,1.0,0.0,14.0,1.0,0.5,2.6,2.6,2.6,2.6,1.0,0.0,14.0,1.0,0.9,0.5,-1.99,-1.99,-1.99,-1.99,1.0,0.0,14.0,1.0,0.9,0.5,-1.67,-1.67,-1.67,-1.67,1.0,0.0,14.0,1.0,0.9,0.5,1012.5,1012.5,1012.5,1012.5,1.0,0.0,14.0,1.0,0.9,0.5,3.3,4.0,4.7,4.0,2.0,1.4,16.0,1.0,0.9,0.5,-5.2,-5.2,-5.2,-5.2,1.0,0.0,14.0,1.0,0.9,0.5,-4.3,-4.3,-4.3,-4.3,1.0,0.0,14.0,1.0,0.9,0.5,-1.43,-0.2,1.03,-0.2,2.0,2.55,16.0,1.0,0.9,0.5,4.2,4.2,4.2,4.2,1.0,0.0,14.0,1.0,0.9,0.5,7.38,7.38,7.38,7.38,1.0,0.0,14.0,1.0,0.9,0.5,19.2,19.2,19.2,19.2,1.0,0.0,14.0,1.0,0.9,0.5,-51.0,-51.0,-51.0,-51.0,1.0,0.0,14.0,1.0,0.9,0.5,-42.8,-42.8,-42.8,-42.8,1.0,0.0,14.0,1.0,0.9,0.5,-30.3,-30.3,-30.3,-30.3,1.0,0.0,14.0,1.0,0.9,0.5,-25.4,-25.4,-25.4,-25.4,1.0,0.0,14.0,1.0,0.9,0.5,-14.7,-14.7,-14.7,-14.7,1.0,0.0,14.0,1.0,0.9,0.5,-12.3,-12.3,-12.3,-12.3,1.0,0.0,14.0,1.0,0.9,0.5,17.5,17.5,17.5,17.5,1.0,0.0,14.0,1.0,0.9,0.5,20.0,20.0,20.0,20.0,1.0,0.0,14.0,1.0,0.9,0.5
1974,2,101.0,10.0,26.69,26.8,27.32,26.96,7.0,0.42,12.0,0.0,0.6,0.5,25.6,25.65,27.68,26.29,8.0,1.08,10.0,0.1,0.7,0.6,16.71,17.25,18.49,17.36,7.0,1.06,10.0,0.1,0.6,0.6,75.1,82.0,85.3,80.9,7.0,5.9,10.0,0.1,0.6,0.95,3.1,6.3,3.6,7.0,3.14,8.0,0.1,0.7,0.6,-4.16,0.0,0.07,-1.54,7.0,3.2,8.0,0.1,0.7,0.6,-2.9,0.77,2.83,0.37,7.0,3.43,8.0,0.1,0.7,0.6,1009.14,1011.1,1013.1,1010.95,8.0,2.07,10.0,0.1,0.7,0.6,0.0,0.5,5.6,1.9,8.0,2.6,10.0,0.1,0.7,0.6,-26.5,0.0,0.2,-12.0,7.0,24.6,8.0,0.1,0.7,0.6,-23.3,0.8,9.5,-1.4,7.0,20.4,8.0,0.1,0.7,0.6,0.23,1.1,1.72,0.91,7.0,1.05,12.0,0.0,0.6,0.5,-1.3,2.8,7.4,2.7,6.0,5.6,10.0,0.0,0.6,0.5,3.69,5.03,6.07,4.93,6.0,1.08,12.0,0.0,0.6,0.6,9.4,28.2,38.4,25.4,5.0,17.4,12.0,0.0,0.6,0.6,-106.5,0.0,1.9,-39.3,7.0,81.1,8.0,0.1,0.7,0.6,-73.4,21.4,73.3,11.7,7.0,91.1,8.0,0.1,0.7,0.6,-77.8,-5.7,5.9,-28.3,6.0,54.8,10.0,0.2,0.6,0.6,-51.1,15.4,59.4,9.1,6.0,63.5,10.0,0.2,0.6,0.6,-30.1,0.0,2.1,-12.3,5.0,21.7,12.0,0.0,0.6,0.6,-19.7,6.1,16.5,0.5,5.0,21.3,12.0,0.0,0.6,0.6,1.0,30.0,253.5,144.0,7.0,204.5,8.0,0.1,0.7,0.6,0.0,30.0,255.0,145.0,7.0,205.0,8.0,0.1,0.7,0.6
1974,2,101.0,11.0,26.81,27.85,28.19,27.81,16.0,1.33,12.0,0.3,0.5,0.5,26.0,26.8,27.92,26.98,16.0,1.39,10.0,0.4,0.5,0.4,14.99,16.74,18.36,16.71,9.0,2.49,10.0,0.7,0.6,0.4,62.8,74.7,81.1,73.4,9.0,9.5,10.0,0.7,0.4,2.13,3.1,5.04,3.74,14.0,3.0,12.0,0.4,0.5,0.4,-4.39,-1.98,0.98,-2.0,14.0,3.4,12.0,0.4,0.5,0.4,-1.63,1.06,3.03,0.63,14.0,2.78,12.0,0.4,0.5,0.4,1008.98,1010.8,1012.53,1010.66,16.0,1.82,12.0,0.4,0.5,0.5,0.0,5.0,6.0,3.5,17.0,2.6,10.0,0.4,0.5,0.5,-23.5,-6.2,2.1,-15.5,14.0,36.1,12.0,0.4,0.5,0.4,-8.3,2.5,12.0,-1.9,14.0,18.9,12.0,0.4,0.5,0.4,-0.08,1.0,2.0,0.92,15.0,2.32,12.0,0.3,0.5,0.5,-0.1,2.1,11.0,4.2,12.0,8.9,12.0,0.3,0.5,0.4,4.11,5.97,7.21,5.85,8.0,3.09,12.0,0.6,0.6,0.4,1.3,13.9,28.5,18.4,7.0,19.7,12.0,0.6,0.6,0.3,-118.1,-39.0,30.1,-52.1,13.0,93.1,10.0,0.4,0.5,0.4,-52.5,44.8,86.3,19.1,13.0,77.5,10.0,0.4,0.5,0.4,-58.2,-11.7,16.3,-17.8,8.0,35.8,10.0,0.6,0.6,0.3,0.9,29.1,49.3,25.4,8.0,28.6,10.0,0.6,0.6,0.3,-12.3,-1.1,0.7,-8.6,7.0,21.6,12.0,0.6,0.6,0.3,-0.9,1.8,14.4,4.9,7.0,14.2,12.0,0.6,0.6,0.3,10.0,32.0,128.5,180.5,14.0,454.0,12.0,0.4,0.5,0.4,10.0,30.0,130.0,180.0,14.0,455.0,12.0,0.4,0.5,0.4
1974,2,101.0,12.0,26.74,27.4,28.06,27.4,4.0,0.8,12.0,0.8,0.3,0.2,24.34,25.05,26.54,25.43,4.0,1.45,12.0,0.8,0.3,0.2,14.04,15.44,16.2,15.13,4.0,1.55,12.0,0.8,0.3,0.2,70.3,73.6,79.1,74.6,4.0,6.4,12.0,0.8,0.2,3.58,4.1,6.51,5.0,4.0,2.51,12.0,0.8,0.3,0.2,-4.47,-1.73,-0.67,-2.53,4.0,2.89,12.0,0.8,0.3,0.2,-4.62,-0.23,3.49,-0.55,4.0,4.73,12.0,0.8,0.3,0.2,1009.57,1012.15,1012.95,1011.3,4.0,2.38,12.0,0.8,0.3,0.2,3.4,6.5,8.0,5.8,4.0,2.9,12.0,0.8,0.3,0.2,-34.4,-7.1,-2.7,-18.0,4.0,26.9,12.0,0.8,0.3,0.2,-32.4,-2.5,12.9,-9.5,4.0,29.2,12.0,0.8,0.3,0.2,0.89,2.5,3.01,1.98,4.0,1.64,12.0,0.8,0.3,0.2,3.8,10.3,20.3,12.0,4.0,12.4,12.0,0.8,0.3,0.2,5.86,7.44,9.68,7.76,4.0,2.27,12.0,0.8,0.3,0.2,21.0,30.5,64.8,42.3,4.0,33.0,12.0,0.8,0.3,0.2,-109.2,-42.8,-17.1,-62.2,4.0,70.6,12.0,0.8,0.3,0.2,-112.7,-0.5,92.1,-9.8,4.0,119.3,12.0,0.8,0.3,0.2,-60.7,-26.7,-10.1,-35.0,4.0,36.9,12.0,0.8,0.3,0.2,-64.6,-2.1,55.2,-4.6,4.0,69.3,12.0,0.8,0.3,0.2,-42.2,-12.4,-5.8,-23.5,4.0,31.1,12.0,0.8,0.3,0.2,-40.6,-1.7,26.5,-6.8,4.0,41.4,12.0,0.8,0.3,0.2,48.5,69.0,378.0,206.5,4.0,302.0,12.0,0.8,0.3,0.2,50.0,70.0,380.0,205.0,4.0,300.0,12.0,0.8,0.3,0.2
1974,2,102.0,-49.0,6.0,6.0,6.0,6.0,1.0,0.0,20.0,1.0,0.7,0.2,4.5,4.5,4.5,4.5,1.0,0.0,20.0,1.0,0.7,0.2,4.41,4.41,4.41,4.41,1.0,0.0,20.0,1.0,0.7,0.2,83.8,83.8,83.8,83.8,1.0,0.0,20.0,1.0,0.2,8.2,8.2,8.2,8.2,1.0,0.0,20.0,1.0,0.7,0.2,6.28,6.28,6.28,6.28,1.0,0.0,20.0,1.0,0.7,0.2,-5.27,-5.27,-5.27,-5.27,1.0,0.0,20.0,1.0,0.7,0.2,1002.0,1002.0,1002.0,1002.0,1.0,0.0,20.0,1.0,0.7,0.2,8.0,8.0,8.0,8.0,1.0,0.0,20.0,1.0,0.7,0.2,51.5,51.5,51.5,51.5,1.0,0.0,20.0,1.0,0.7,0.2,-43.2,-43.2,-43.2,-43.2,1.0,0.0,20.0,1.0,0.7,0.2,1.5,1.5,1.5,1.5,1.0,0.0,20.0,1.0,0.7,0.2,12.3,12.3,12.3,12.3,1.0,0.0,20.0,1.0,0.7,0.2,1.44,1.44,1.44,1.44,1.0,0.0,20.0,1.0,0.7,0.2,11.8,11.8,11.8,11.8,1.0,0.0,20.0,1.0,0.7,0.2,28.3,28.3,28.3,28.3,1.0,0.0,20.0,1.0,0.7,0.2,-23.7,-23.7,-23.7,-23.7,1.0,0.0,20.0,1.0,0.7,0.2,27.7,27.7,27.7,27.7,1.0,0.0,20.0,1.0,0.7,0.2,-23.3,-23.3,-23.3,-23.3,1.0,0.0,20.0,1.0,0.7,0.2,9.0,9.0,9.0,9.0,1.0,0.0,20.0,1.0,0.7,0.2,-7.6,-7.6,-7.6,-7.6,1.0,0.0,20.0,1.0,0.7,0.2,551.5,551.5,551.5,551.5,1.0,0.0,20.0,1.0,0.7,0.2,550.0,550.0,550.0,550.0,1.0,0.0,20.0,1.0,0.7,0.2
1974,2,102.0,-47.0,8.2,8.2,8.2,8.2,1.0,0.0,4.0,1.0,0.3,0.9,7.2,7.2,7.2,7.2,1.0,0.0,4.0,1.0,0.3,0.9,5.61,5.61,5.61,5.61,1.0,0.0,4.0,1.0,0.3,0.9,89.6,89.6,89.6,89.6,1.0,0.0,4.0,1.0,0.9,10.3,10.3,10.3,10.3,1.0,0.0,4.0,1.0,0.3,0.9,6.62,6.62,6.62,6.62,1.0,0.0,4.0,1.0,0.3,0.9,7.89,7.89,7.89,7.89,1.0,0.0,4.0,1.0,0.3,0.9,1016.8,1016.8,1016.8,1016.8,1.0,0.0,4.0,1.0,0.3,0.9,6.0,6.0,6.0,6.0,1.0,0.0,4.0,1.0,0.3,0.9,68.2,68.2,68.2,68.2,1.0,0.0,4.0,1.0,0.3,0.9,81.3,81.3,81.3,81.3,1.0,0.0,4.0,1.0,0.3,0.9,1.0,1.0,1.0,1.0,1.0,0.0,4.0,1.0,0.3,0.9,10.3,10.3,10.3,10.3,1.0,0.0,4.0,1.0,0.3,0.9,1.1,1.1,1.1,1.1,1.0,0.0,4.0,1.0,0.3,0.9,11.3,11.3,11.3,11.3,1.0,0.0,4.0,1.0,0.3,0.9,47.7,47.7,47.7,47.7,1.0,0.0,4.0,1.0,0.3,0.9,56.8,56.8,56.8,56.8,1.0,0.0,4.0,1.0,0.3,0.9,37.1,37.1,37.1,37.1,1.0,0.0,4.0,1.0,0.3,0.9,44.2,44.2,44.2,44.2,1.0,0.0,4.0,1.0,0.3,0.9,7.3,7.3,7.3,7.3,1.0,0.0,4.0,1.0,0.3,0.9,8.7,8.7,8.7,8.7,1.0,0.0,4.0,1.0,0.3,0.9,1092.5,1092.5,1092.5,1092.5,1.0,0.0,4.0,1.0,0.3,0.9,1095.0,1095.0,1095.0,1095.0,1.0,0.0,4.0,1.0,0.3,0.9
1974,2,102.0,-46.0,8.7,8.7,8.7,8.7,1.0,0.0,2.0,0.0,0.5,0.7,7.8,7.8,7.8,7.8,1.0,0.0,2.0,0.0,0.5,0.7,4.79,4.79,4.79,4.79,1.0,0.0,2.0,0.0,0.5,0.7,73.2,73.2,73.2,73.2,1.0,0.0,2.0,0.0,0.7,17.5,17.5,17.5,17.5,1.0,0.0,2.0,0.0,0.5,0.7,13.41,13.41,13.41,13.41,1.0,0.0,2.0,0.0,0.5,0.7,11.25,11.25,11.25,11.25,1.0,0.0,2.0,0.0,0.5,0.7,1012.8,1012.8,1012.8,1012.8,1.0,0.0,2.0,0.0,0.5,0.7,3.0,3.0,3.0,3.0,1.0,0.0,2.0,0.0,0.5,0.7,234.6,234.6,234.6,234.6,1.0,0.0,2.0,0.0,0.5,0.7,196.9,196.9,196.9,196.9,1.0,0.0,2.0,0.0,0.5,0.7,0.9,0.9,0.9,0.9,1.0,0.0,2.0,0.0,0.5,0.7,15.8,15.8,15.8,15.8,1.0,0.0,2.0,0.0,0.5,0.7,2.18,2.18,2.18,2.18,1.0,0.0,2.0,0.0,0.5,0.7,38.1,38.1,38.1,38.1,1.0,0.0,2.0,0.0,0.5,0.7,104.6,104.6,104.6,104.6,1.0,0.0,2.0,0.0,0.5,0.7,87.7,87.7,87.7,87.7,1.0,0.0,2.0,0.0,0.5,0.7,64.2,64.2,64.2,64.2,1.0,0.0,2.0,0.0,0.5,0.7,53.9,53.9,53.9,53.9,1.0,0.0,2.0,0.0,0.5,0.7,29.2,29.2,29.2,29.2,1.0,0.0,2.0,0.0,0.5,0.7,24.5,24.5,24.5,24.5,1.0,0.0,2.0,0.0,0.5,0.7,5359.5,5359.5,5359.5,5359.5,1.0,0.0,2.0,0.0,0.5,0.7,5360.0,5360.0,5360.0,5360.0,1.0,0.0,2.0,0.0,0.5,0.7
1974,2,102.0,-43.0,13.7,13.7,13.7,13.7,1.0,0.0,6.0,1.0,0.6,0.9,11.2,11.2,11.2,11.2,1.0,0.0,6.0,1.0,0.6,0.9,6.51,6.51,6.51,6.51,1.0,0.0,6.0,1.0,0.6,0.9,80.7,80.7,80.7,80.7,1.0,0.0,6.0,1.0,0.9,1.0,1.0,1.0,1.0,1.0,0.0,6.0,1.0,0.6,0.9,0.94,0.94,0.94,0.94,1.0,0.0,6.0,1.0,0.6,0.9,0.34,0.34,0.34,0.34,1.0,0.0,6.0,1.0,0.6,0.9,1032.8,1032.8,1032.8,1032.8,1.0,0.0,6.0,1.0,0.6,0.9,6.0,6.0,6.0,6.0,1.0,0.0,6.0,1.0,0.6,0.9,0.9,0.9,0.9,0.9,1.0,0.0,6.0,1.0,0.6,0.9,0.3,0.3,0.3,0.3,1.0,0.0,6.0,1.0,0.6,0.9,2.5,2.5,2.5,2.5,1.0,0.0,6.0,1.0,0.6,0.9,2.5,2.5,2.5,2.5,1.0,0.0,6.0,1.0,0.6,0.9,3.02,3.02,3.02,3.02,1.0,0.0,6.0,1.0,0.6,0.9,3.0,3.0,3.0,3.0,1.0,0.0,6.0,1.0,0.6,0.9,10.5,10.5,10.5,10.5,1.0,0.0,6.0,1.0,0.6,0.9,3.8,3.8,3.8,3.8,1.0,0.0,6.0,1.0,0.6,0.9,6.1,6.1,6.1,6.1,1.0,0.0,6.0,1.0,0.6,0.9,2.2,2.2,2.2,2.2,1.0,0.0,6.0,1.0,0.6,0.9,2.8,2.8,2.8,2.8,1.0,0.0,6.0,1.0,0.6,0.9,1.0,1.0,1.0,1.0,1.0,0.0,6.0,1.0,0.6,0.9,1.0,1.0,1.0,1.0,1.0,0.0,6.0,1.0,0.6,0.9,0.0,0.0,0.0,0.0,1.0,0.0,6.0,1.0,0.6,0.9
1974,2,102.0,-40.0,14.32,15.0,15.68,15.0,3.0,1.0,2.0,0.3,0.6,0.4,11.33,11.4,11.81,11.57,3.0,0.38,2.0,0.3,0.6,0.4,5.24,5.41,6.77,5.99,3.0,1.24,2.0,0.3,0.6,0.4,63.1,65.2,78.9,70.8,3.0,12.6,2.0,0.3,0.4,6.86,7.2,7.88,7.37,3.0,0.76,2.0,0.3,0.6,0.4,2.22,4.31,5.65,3.95,3.0,2.53,2.0,0.3,0.6,0.4,-3.21,5.13,5.23,1.1,3.0,7.1,2.0,0.3,0.6,0.4,1011.32,1012.0,1015.34,1013.3,3.0,3.16,2.0,0.3,0.6,0.4,3.0,5.0,7.0,5.0,3.0,3.0,2.0,0.3,0.6,0.4,15.3,28.9,44.3,29.8,3.0,21.3,2.0,0.3,0.6,0.4,-23.9,34.4,40.4,8.9,3.0,52.1,2.0,0.3,0.6,0.4,2.99,3.6,3.87,3.43,3.0,0.67,2.0,0.3,0.6,0.4,20.9,24.1,30.0,25.5,3.0,6.8,2.0,0.3,0.6,0.4,4.09,4.52,5.11,4.6,3.0,0.75,2.0,0.3,0.6,0.4,32.1,32.6,35.0,33.5,3.0,2.2,2.0,0.3,0.6,0.4,25.2,49.1,67.0,46.2,3.0,30.7,2.0,0.3,0.6,0.4,-36.1,58.5,61.7,13.9,3.0,81.4,2.0,0.3,0.6,0.4,11.7,22.2,38.8,25.2,3.0,20.1,2.0,0.3,0.6,0.4,-17.8,26.5,35.1,9.1,3.0,41.5,2.0,0.3,0.6,0.4,11.2,23.2,24.0,17.8,3.0,10.5,2.0,0.3,0.6,0.4,-15.4,20.5,25.4,5.3,3.0,32.6,2.0,0.3,0.6,0.4,324.0,373.0,495.0,408.5,3.0,129.0,2.0,0.3,0.6,0.4,325.0,375.0,495.0,410.0,3.0,130.0,2.0,0.3,0.6,0.4
1974,2,102.0,-38.0,15.8,15.8,15.8,15.8,1.0,0.0,6.0,0.0,0.9,0.5,14.9,14.9,14.9,14.9,1.0,0.0,6.0,0.0,0.9,0.5,9.35,9.35,9.35,9.35,1.0,0.0,6.0,0.0,0.9,0.5,90.1,90.1,90.1,90.1,1.0,0.0,6.0,0.0,0.5,4.6,4.6,4.6,4.6,1.0,0.0,6.0,0.0,0.9,0.5,-2.96,-2.96,-2.96,-2.96,1.0,0.0,6.0,0.0,0.9,0.5,3.52,3.52,3.52,3.52,1.0,0.0,6.0,0.0,0.9,0.5,1025.9,1025.9,1025.9,1025.9,1.0,0.0,6.0,0.0,0.9,0.5,6.0,6.0,6.0,6.0,1.0,0.0,6.0,0.0,0.9,0.5,-13.6,-13.6,-13.6,-13.6,1.0,0.0,6.0,0.0,0.9,0.5,16.2,16.2,16.2,16.2,1.0,0.0,6.0,0.0,0.9,0.5,0.9,0.9,0.9,0.9,1.0,0.0,6.0,0.0,0.9,0.5,4.1,4.1,4.1,4.1,1.0,0.0,6.0,0.0,0.9,0.5,1.65,1.65,1.65,1.65,1.0,0.0,6.0,0.0,0.9,0.5,7.6,7.6,7.6,7.6,1.0,0.0,6.0,0.0,0.9,0.5,-44.1,-44.1,-44.1,-44.1,1.0,0.0,6.0,0.0,0.9,0.5,52.5,52.5,52.5,52.5,1.0,0.0,6.0,0.0,0.9,0.5,-27.6,-27.6,-27.6,-27.6,1.0,0.0,6.0,0.0,0.9,0.5,32.9,32.9,32.9,32.9,1.0,0.0,6.0,0.0,0.9,0.5,-4.9,-4.9,-4.9,-4.9,1.0,0.0,6.0,0.0,0.9,0.5,5.8,5.8,5.8,5.8,1.0,0.0,6.0,0.0,0.9,0.5,97.5,97.5,97.5,97.5,1.0,0.0,6.0,0.0,0.9,0.5,95.0,95.0,95.0,95.0,1.0,0.0,6.0,0.0,0.9,0.5
1974,2,102.0,-36.0,19.0,19.0,19.0,19.0,1.0,0.0,14.0,0.0,0.8,0.4,17.0,17.0,17.0,17.0,1.0,0.0,14.0,0.0,0.8,0.4,9.65,9.65,9.65,9.65,1.0,0.0,14.0,0.0,0.8,0.4,80.9,80.9,80.9,80.9,1.0,0.0,14.0,0.0,0.4,0.0,0.0,0.0,0.0,1.0,0.0,14.0,0.0,0.8,0.4,0.0,0.0,0.0,0.0,1.0,0.0,14.0,0.0,0.8,0.4,0.0,0.0,0.0,0.0,1.0,0.0,14.0,0.0,0.8,0.4,1020.6,1020.6,1020.6,1020.6,1.0,0.0,14.0,0.0,0.8,0.4,8.0,8.0,8.0,8.0,1.0,0.0,14.0,0.0,0.8,0.4,0.0,0.0,0.0,0.0,1.0,0.0,14.0,0.0,0.8,0.4,0.0,0.0,0.0,0.0,1.0,0.0,14.0,0.0,0.8,0.4,2.0,2.0,2.0,2.0,1.0,0.0,14.0,0.0,0.8,0.4,0.0,0.0,0.0,0.0,1.0,0.0,14.0,0.0,0.8,0.4,3.91,3.91,3.91,3.91,1.0,0.0,14.0,0.0,0.8,0.4,0.0,0.0,0.0,0.0,1.0,0.0,14.0,0.0,0.8,0.4,0.0,0.0,0.0,0.0,1.0,0.0,14.0,0.0,0.8,0.4,0.0,0.0,0.0,0.0,1.0,0.0,14.0,0.0,0.8,0.4,0.0,0.0,0.0,0.0,1.0,0.0,14.0,0.0,0.8,0.4,0.0,0.0,0.0,0.0,1.0,0.0,14.0,0.0,0.8,0.4,0.0,0.0,0.0,0.0,1.0,0.0,14.0,0.0,0.8,0.4,0.0,0.0,0.0,0.0,1.0,0.0,14.0,0.0,0.8,0.4,0.0,0.0,0.0,0.0,1.0,0.0,14.0,0.0,0.8,0.4,0.0,0.0,0.0,0.0,1.0,0.0,14.0,0.0,0.8,0.4
1974,2,102.0,-33.0,19.2,19.2,19.2,19.2,1.0,0.0,14.0,0.0,0.7,1.0,19.2,19.2,19.2,19.2,1.0,0.0,14.0,0.0,0.7,1.0,10.04,10.04,10.04,10.04,1.0,0.0,14.0,0.0,0.7,1.0,73.2,73.2,73.2,73.2,1.0,0.0,14.0,0.0,1.0,6.7,6.7,6.7,6.7,1.0,0.0,14.0,0.0,0.7,1.0,-5.8,-5.8,-5.8,-5.8,1.0,0.0,14.0,0.0,0.7,1.0,3.35,3.35,3.35,3.35,1.0,0.0,14.0,0.0,0.7,1.0,1019.8,1019.8,1019.8,1019.8,1.0,0.0,14.0,0.0,0.7,1.0,8.0,8.0,8.0,8.0,1.0,0.0,14.0,0.0,0.7,1.0,-38.9,-38.9,-38.9,-38.9,1.0,0.0,14.0,0.0,0.7,1.0,22.4,22.4,22.4,22.4,1.0,0.0,14.0,0.0,0.7,1.0,0.0,0.0,0.0,0.0,1.0,0.0,14.0,0.0,0.7,1.0,0.0,0.0,0.0,0.0,1.0,0.0,14.0,0.0,0.7,1.0,3.7,3.7,3.7,3.7,1.0,0.0,14.0,0.0,0.7,1.0,24.8,24.8,24.8,24.8,1.0,0.0,14.0,0.0,0.7,1.0,-111.4,-111.4,-111.4,-111.4,1.0,0.0,14.0,0.0,0.7,1.0,64.3,64.3,64.3,64.3,1.0,0.0,14.0,0.0,0.7,1.0,-58.3,-58.3,-58.3,-58.3,1.0,0.0,14.0,0.0,0.7,1.0,33.6,33.6,33.6,33.6,1.0,0.0,14.0,0.0,0.7,1.0,-21.5,-21.5,-21.5,-21.5,1.0,0.0,14.0,0.0,0.7,1.0,12.4,12.4,12.4,12.4,1.0,0.0,14.0,0.0,0.7,1.0,301.0,301.0,301.0,301.0,1.0,0.0,14.0,0.0,0.7,1.0,300.0,300.0,300.0,300.0,1.0,0.0,14.0,0.0,0.7,1.0
1974,2,102.0,-32.0,19.45,19.55,19.65,19.55,2.0,0.21,14.0,1.0,0.3,0.6,18.16,18.5,18.84,18.5,2.0,0.71,14.0,1.0,0.3,0.6,9.31,9.94,10.57,9.94,2.0,1.31,14.0,1.0,0.3,0.6,72.3,75.7,79.1,75.7,2.0,7.0,14.0,1.0,0.6,1.0,1.0,1.0,1.0,1.0,0.0,24.0,1.0,0.3,0.3,-0.98,-0.98,-0.98,-0.98,1.0,0.0,24.0,1.0,0.3,0.3,0.17,0.17,0.17,0.17,1.0,0.0,24.0,1.0,0.3,0.3,1017.02,1020.3,1023.58,1020.3,2.0,6.79,14.0,1.0,0.3,0.6,7.2,7.5,7.8,7.5,2.0,0.7,14.0,1.0,0.3,0.6,-1.0,-1.0,-1.0,-1.0,1.0,0.0,24.0,1.0,0.3,0.3,0.2,0.2,0.2,0.2,1.0,0.0,24.0,1.0,0.3,0.3,0.61,1.05,1.49,1.05,2.0,0.92,14.0,1.0,0.3,0.6,1.7,1.7,1.7,1.7,1.0,0.0,24.0,1.0,0.3,0.3,3.33,4.1,4.86,4.1,2.0,1.59,14.0,1.0,0.3,0.6,5.2,5.2,5.2,5.2,1.0,0.0,24.0,1.0,0.3,0.3,-17.7,-17.7,-17.7,-17.7,1.0,0.0,24.0,1.0,0.3,0.3,3.1,3.1,3.1,3.1,1.0,0.0,24.0,1.0,0.3,0.3,-8.9,-8.9,-8.9,-8.9,1.0,0.0,24.0,1.0,0.3,0.3,1.6,1.6,1.6,1.6,1.0,0.0,24.0,1.0,0.3,0.3,-5.1,-5.1,-5.1,-5.1,1.0,0.0,24.0,1.0,0.3,0.3,0.9,0.9,0.9,0.9,1.0,0.0,24.0,1.0,0.3,0.3,1.0,1.0,1.0,1.0,1.0,0.0,24.0,1.0,0.3,0.3,0.0,0.0,0.0,0.0,1.0,0.0,24.0,1.0,0.3,0.3
1974,2,102.0,-31.0,19.8,19.8,19.8,19.8,1.0,0.0,8.0,1.0,0.8,0.6,19.2,19.2,19.2,19.2,1.0,0.0,8.0,1.0,0.8,0.6,12.13,12.13,12.13,12.13,1.0,0.0,8.0,1.0,0.8,0.6,88.2,88.2,88.2,88.2,1.0,0.0,8.0,1.0,0.6,8.2,8.2,8.2,8.2,1.0,0.0,8.0,1.0,0.8,0.6,-5.27,-5.27,-5.27,-5.27,1.0,0.0,8.0,1.0,0.8,0.6,6.28,6.28,6.28,6.28,1.0,0.0,8.0,1.0,0.8,0.6,1017.7,1017.7,1017.7,1017.7,1.0,0.0,8.0,1.0,0.8,0.6,7.0,7.0,7.0,7.0,1.0,0.0,8.0,1.0,0.8,0.6,-43.2,-43.2,-43.2,-43.2,1.0,0.0,8.0,1.0,0.8,0.6,51.5,51.5,51.5,51.5,1.0,0.0,8.0,1.0,0.8,0.6,0.6,0.6,0.6,0.6,1.0,0.0,8.0,1.0,0.8,0.6,4.9,4.9,4.9,4.9,1.0,0.0,8.0,1.0,0.8,0.6,2.17,2.17,2.17,2.17,1.0,0.0,8.0,1.0,0.8,0.6,17.8,17.8,17.8,17.8,1.0,0.0,8.0,1.0,0.8,0.6,-101.2,-101.2,-101.2,-101.2,1.0,0.0,8.0,1.0,0.8,0.6,120.6,120.6,120.6,120.6,1.0,0.0,8.0,1.0,0.8,0.6,-63.9,-63.9,-63.9,-63.9,1.0,0.0,8.0,1.0,0.8,0.6,76.2,76.2,76.2,76.2,1.0,0.0,8.0,1.0,0.8,0.6,-11.4,-11.4,-11.4,-11.4,1.0,0.0,8.0,1.0,0.8,0.6,13.6,13.6,13.6,13.6,1.0,0.0,8.0,1.0,0.8,0.6,551.5,551.5,551.5,551.5,1.0,0.0,8.0,1.0,0.8,0.6,550.0,550.0,550.0,550.0,1.0,0.0,8.0,1.0,0.8,0.6
1974,2,102.0,-29.0,22.0,22.0,22.0,22.0,1.0,0.0,24.0,1.0,0.4,1.0,20.8,20.8,20.8,20.8,1.0,0.0,24.0,1.0,0.4,1.0,10.3,10.3,10.3,10.3,1.0,0.0,24.0,1.0,0.4,1.0,67.6,67.6,67.6,67.6,1.0,0.0,24.0,1.0,1.0,4.6,4.6,4.6,4.6,1.0,0.0,24.0,1.0,0.4,1.0,-3.52,-3.52,-3.52,-3.52,1.0,0.0,24.0,1.0,0.4,1.0,2.96,2.96,2.96,2.96,1.0,0.0,24.0,1.0,0.4,1.0,1013.5,1013.5,1013.5,1013.5,1.0,0.0,24.0,1.0,0.4,1.0,7.0,7.0,7.0,7.0,1.0,0.0,24.0,1.0,0.4,1.0,-16.2,-16.2,-16.2,-16.2,1.0,0.0,24.0,1.0,0.4,1.0,13.6,13.6,13.6,13.6,1.0,0.0,24.0,1.0,0.4,1.0,1.2,1.2,1.2,1.2,1.0,0.0,24.0,1.0,0.4,1.0,5.5,5.5,5.5,5.5,1.0,0.0,24.0,1.0,0.4,1.0,6.16,6.16,6.16,6.16,1.0,0.0,24.0,1.0,0.4,1.0,28.3,28.3,28.3,28.3,1.0,0.0,24.0,1.0,0.4,1.0,-73.3,-73.3,-73.3,-73.3,1.0,0.0,24.0,1.0,0.4,1.0,61.5,61.5,61.5,61.5,1.0,0.0,24.0,1.0,0.4,1.0,-36.3,-36.3,-36.3,-36.3,1.0,0.0,24.0,1.0,0.4,1.0,30.5,30.5,30.5,30.5,1.0,0.0,24.0,1.0,0.4,1.0,-21.7,-21.7,-21.7,-21.7,1.0,0.0,24.0,1.0,0.4,1.0,18.2,18.2,18.2,18.2,1.0,0.0,24.0,1.0,0.4,1.0,97.5,97.5,97.5,97.5,1.0,0.0,24.0,1.0,0.4,1.0,95.0,95.0,95.0,95.0,1.0,0.0,24.0,1.0,0.4,1.0
1974,2,102.0,-26.0,22.8,22.8,22.8,22.8,1.0,0.0,10.0,1.0,0.5,0.9,21.0,21.0,21.0,21.0,1.0,0.0,10.0,1.0,0.5,0.9,10.08,10.08,10.08,10.08,1.0,0.0,10.0,1.0,0.5,0.9,65.5,65.5,65.5,65.5,1.0,0.0,10.0,1.0,0.9,10.8,10.8,10.8,10.8,1.0,0.0,10.0,1.0,0.5,0.9,-3.69,-3.69,-3.69,-3.69,1.0,0.0,10.0,1.0,0.5,0.9,10.15,10.15,10.15,10.15,1.0,0.0,10.0,1.0,0.5,0.9,1015.9,1015.9,1015.9,1015.9,1.0,0.0,10.0,1.0,0.5,0.9,7.0,7.0,7.0,7.0,1.0,0.0,10.0,1.0,0.5,0.9,-39.9,-39.9,-39.9,-39.9,1.0,0.0,10.0,1.0,0.5,0.9,109.6,109.6,109.6,109.6,1.0,0.0,10.0,1.0,0.5,0.9,1.8,1.8,1.8,1.8,1.0,0.0,10.0,1.0,0.5,0.9,19.4,19.4,19.4,19.4,1.0,0.0,10.0,1.0,0.5,0.9,7.17,7.17,7.17,7.17,1.0,0.0,10.0,1.0,0.5,0.9,77.4,77.4,77.4,77.4,1.0,0.0,10.0,1.0,0.5,0.9,-77.6,-77.6,-77.6,-77.6,1.0,0.0,10.0,1.0,0.5,0.9,213.1,213.1,213.1,213.1,1.0,0.0,10.0,1.0,0.5,0.9,-37.2,-37.2,-37.2,-37.2,1.0,0.0,10.0,1.0,0.5,0.9,102.3,102.3,102.3,102.3,1.0,0.0,10.0,1.0,0.5,0.9,-26.5,-26.5,-26.5,-26.5,1.0,0.0,10.0,1.0,0.5,0.9,72.7,72.7,72.7,72.7,1.0,0.0,10.0,1.0,0.5,0.9,1259.5,1259.5,1259.5,1259.5,1.0,0.0,10.0,1.0,0.5,0.9,1260.0,1260.0,1260.0,1260.0,1.0,0.0,10.0,1.0,0.5,0.9
1974,2,102.0,-23.0,22.8,23.0,23.55,23.17,3.0,0.57,14.0,1.0,0.5,0.3,22.22,22.9,22.97,22.6,3.0,0.61,14.0,1.0,0.5,0.3,12.1,12.67,14.46,13.26,3.0,1.81,14.0,1.0,0.5,0.3,70.8,77.5,84.7,77.7,3.0,10.2,14.0,1.0,0.3,5.27,6.7,8.47,6.87,3.0,2.35,14.0,1.0,0.5,0.3,-6.44,-2.96,-2.5,-4.43,3.0,3.15,14.0,1.0,0.5,0.3,3.88,4.65,5.77,4.82,3.0,1.39,14.0,1.0,0.5,0.3,1011.28,1012.3,1012.37,1011.83,3.0,0.9,14.0,1.0,0.5,0.3,6.3,7.0,7.7,7.0,3.0,1.0,14.0,1.0,0.5,0.3,-56.0,-15.4,-14.2,-34.6,3.0,34.9,14.0,1.0,0.5,0.3,24.5,42.2,42.9,33.9,3.0,15.3,14.0,1.0,0.5,0.3,0.25,0.8,0.87,0.57,3.0,0.49,14.0,1.0,0.5,0.3,1.7,5.4,7.4,4.6,3.0,4.2,14.0,1.0,0.5,0.3,3.56,4.53,5.34,4.45,3.0,1.31,14.0,1.0,0.5,0.3,27.1,28.8,29.9,28.5,3.0,2.1,14.0,1.0,0.5,0.3,-147.5,-68.0,-55.8,-100.9,3.0,72.9,14.0,1.0,0.5,0.3,89.1,106.5,127.9,108.5,3.0,28.5,14.0,1.0,0.5,0.3,-95.2,-35.0,-30.9,-62.4,3.0,52.7,14.0,1.0,0.5,0.3,51.0,71.1,77.0,64.2,3.0,20.0,14.0,1.0,0.5,0.3,-22.4,-16.9,-12.5,-17.4,3.0,7.3,14.0,1.0,0.5,0.3,16.2,20.2,25.9,21.0,3.0,7.1,14.0,1.0,0.5,0.3,162.0,301.0,644.5,401.0,3.0,364.0,14.0,1.0,0.5,0.3,160.0,300.0,645.0,400.0,3.0,365.0,14.0,1.0,0.5,0.3
1974,2,102.0,-22.0,24.16,24.5,24.84,24.5,2.0,0.71,8.0,1.0,0.8,0.6,24.34,25.5,25.84,25.1,3.0,1.15,12.0,1.0,0.6,0.7,14.69,14.94,15.2,14.94,2.0,0.54,8.0,1.0,0.8,0.6,73.5,77.5,81.4,77.5,2.0,8.3,8.0,1.0,0.6,5.29,5.7,11.3,8.23,3.0,4.92,12.0,1.0,0.6,0.7,-7.14,-3.28,-2.99,-5.02,3.0,3.4,12.0,1.0,0.6,0.7,4.23,4.94,8.84,6.5,3.0,3.63,12.0,1.0,0.6,0.7,1010.95,1011.5,1012.05,1011.5,3.0,0.8,12.0,1.0,0.6,0.7,4.6,6.0,6.7,5.7,3.0,1.5,12.0,1.0,0.6,0.7,-90.1,-16.7,-16.4,-52.4,3.0,62.2,12.0,1.0,0.6,0.7,22.5,28.1,110.0,65.4,3.0,71.7,12.0,1.0,0.6,0.7,-0.39,-0.15,0.09,-0.15,2.0,0.49,8.0,1.0,0.8,0.6,-2.2,-0.9,0.4,-0.9,2.0,2.7,8.0,1.0,0.8,0.6,3.64,4.29,4.94,4.29,2.0,1.35,8.0,1.0,0.8,0.6,19.0,23.4,27.8,23.4,2.0,9.1,8.0,1.0,0.8,0.6,-183.3,-78.0,-74.4,-127.7,3.0,90.7,12.0,1.0,0.6,0.7,103.4,125.9,228.9,165.2,3.0,98.0,12.0,1.0,0.6,0.7,-48.8,-45.9,-42.9,-45.9,2.0,6.2,8.0,1.0,0.8,0.6,61.8,65.9,70.0,65.9,2.0,8.5,8.0,1.0,0.8,0.6,-14.3,-12.9,-11.6,-12.9,2.0,2.8,8.0,1.0,0.8,0.6,15.1,19.4,23.8,19.4,2.0,9.1,8.0,1.0,0.8,0.6,149.5,185.0,1892.0,1001.0,3.0,1459.0,12.0,1.0,0.6,0.7,150.0,185.0,1890.0,1000.0,3.0,1460.0,12.0,1.0,0.6,0.7
1974,2,102.0,-21.0,23.0,23.0,23.0,23.0,1.0,0.0,2.0,1.0,0.3,0.6,23.5,23.5,23.5,23.5,1.0,0.0,2.0,1.0,0.3,0.6,14.78,14.78,14.78,14.78,1.0,0.0,2.0,1.0,0.3,0.6,81.7,81.7,81.7,81.7,1.0,0.0,2.0,1.0,0.6,7.7,7.7,7.7,7.7,1.0,0.0,2.0,1.0,0.3,0.6,0.0,0.0,0.0,0.0,1.0,0.0,2.0,1.0,0.3,0.6,7.7,7.7,7.7,7.7,1.0,0.0,2.0,1.0,0.3,0.6,1009.6,1009.6,1009.6,1009.6,1.0,0.0,2.0,1.0,0.3,0.6,2.0,2.0,2.0,2.0,1.0,0.0,2.0,1.0,0.3,0.6,0.0,0.0,0.0,0.0,1.0,0.0,2.0,1.0,0.3,0.6,59.3,59.3,59.3,59.3,1.0,0.0,2.0,1.0,0.3,0.6,-0.5,-0.5,-0.5,-0.5,1.0,0.0,2.0,1.0,0.3,0.6,-3.8,-3.8,-3.8,-3.8,1.0,0.0,2.0,1.0,0.3,0.6,2.79,2.79,2.79,2.79,1.0,0.0,2.0,1.0,0.3,0.6,21.5,21.5,21.5,21.5,1.0,0.0,2.0,1.0,0.3,0.6,0.0,0.0,0.0,0.0,1.0,0.0,2.0,1.0,0.3,0.6,181.0,181.0,181.0,181.0,1.0,0.0,2.0,1.0,0.3,0.6,0.0,0.0,0.0,0.0,1.0,0.0,2.0,1.0,0.3,0.6,113.8,113.8,113.8,113.8,1.0,0.0,2.0,1.0,0.3,0.6,0.0,0.0,0.0,0.0,1.0,0.0,2.0,1.0,0.3,0.6,21.5,21.5,21.5,21.5,1.0,0.0,2.0,1.0,0.3,0.6,456.5,456.5,456.5,456.5,1.0,0.0,2.0,1.0,0.3,0.6,455.0,455.0,455.0,455.0,1.0,0.0,2.0,1.0,0.3,0.6
1974,2,102.0,-20.0,25.86,26.85,27.84,26.85,2.0,2.05,10.0,0.0,0.3,0.8,23.98,25.0,25.34,24.67,3.0,1.04,16.0,0.3,0.4,0.6,14.15,15.52,16.44,15.3,3.0,1.69,16.0,0.3,0.4,0.6,76.0,78.5,81.2,78.6,3.0,3.8,16.0,0.3,0.6,5.7,5.7,6.38,6.03,3.0,0.58,16.0,0.3,0.4,0.6,-5.2,-2.85,-1.58,-3.38,3.0,2.69,16.0,0.3,0.4,0.6,3.13,4.94,5.4,4.28,3.0,1.76,16.0,0.3,0.4,0.6,1008.36,1010.0,1010.68,1009.53,3.0,1.75,16.0,0.3,0.4,0.6,2.3,3.0,5.0,3.7,3.0,2.1,16.0,0.3,0.4,0.6,-34.0,-16.2,-9.0,-21.4,3.0,18.8,16.0,0.3,0.4,0.6,19.4,28.1,30.8,25.2,3.0,8.7,16.0,0.3,0.4,0.6,0.78,1.6,2.42,1.6,2.0,1.7,10.0,0.0,0.3,0.8,4.9,10.5,16.1,10.5,2.0,11.7,10.0,0.0,0.3,0.8,5.2,6.07,6.95,6.07,2.0,1.81,10.0,0.0,0.3,0.8,30.8,38.3,45.8,38.3,2.0,15.5,10.0,0.0,0.3,0.8,-132.2,-71.2,-38.5,-85.0,3.0,69.7,16.0,0.3,0.4,0.6,79.1,123.4,129.2,104.6,3.0,40.2,16.0,0.3,0.4,0.6,-86.5,-44.2,-23.2,-54.6,3.0,47.3,16.0,0.3,0.4,0.6,50.5,75.9,76.4,63.7,3.0,21.7,16.0,0.3,0.4,0.6,-41.1,-30.0,-18.8,-30.0,2.0,23.1,10.0,0.0,0.3,0.8,17.9,20.3,22.6,20.3,2.0,4.8,10.0,0.0,0.3,0.8,185.0,185.0,264.0,223.5,3.0,66.5,16.0,0.3,0.4,0.6,185.0,185.0,265.0,225.0,3.0,65.0,16.0,0.3,0.4,0.6
1974,2,102.0,-19.0,,,,,,,,,,,,,,,,,,,,,,,,,,,,,,,,,,,,,,,,6.7,6.7,6.7,6.7,1.0,0.0,8.0,1.0,0.5,0.5,-3.35,-3.35,-3.35,-3.35,1.0,0.0,8.0,1.0,0.5,0.5,5.8,5.8,5.8,5.8,1.0,0.0,8.0,1.0,0.5,0.5,1010.6,1010.6,1010.6,1010.6,1.0,0.0,8.0,1.0,0.5,0.5,,,,,,,,,,,,,,,,,,,,,,,,,,,,,,,,,,,,,,,,,,,,,,,,,,,,,,,,,,,,,,,,,,,,,,,,,,,,,,,,,,,,,,,,,,,,,,,,,,,,,,,,,,,,,,,,,,,,,,,,,,,,,,,,,,,,,,,,,,,,,,,,,,,,,,
1974,2,102.0,-18.0,27.2,27.2,27.2,27.2,1.0,0.0,10.0,0.0,0.4,1.0,25.8,25.8,25.8,25.8,1.0,0.0,10.0,0.0,0.4,1.0,15.8,15.8,15.8,15.8,1.0,0.0,10.0,0.0,0.4,1.0,76.2,76.2,76.2,76.2,1.0,0.0,10.0,0.0,1.0,11.3,11.3,11.3,11.3,1.0,0.0,10.0,0.0,0.4,1.0,-3.86,-3.86,-3.86,-3.86,1.0,0.0,10.0,0.0,0.4,1.0,10.62,10.62,10.62,10.62,1.0,0.0,10.0,0.0,0.4,1.0,1011.1,1011.1,1011.1,1011.1,1.0,0.0,10.0,0.0,0.4,1.0,8.0,8.0,8.0,8.0,1.0,0.0,10.0,0.0,0.4,1.0,-43.7,-43.7,-43.7,-43.7,1.0,0.0,10.0,0.0,0.4,1.0,120.0,120.0,120.0,120.0,1.0,0.0,10.0,0.0,0.4,1.0,1.4,1.4,1.4,1.4,1.0,0.0,10.0,0.0,0.4,1.0,15.8,15.8,15.8,15.8,1.0,0.0,10.0,0.0,0.4,1.0,6.81,6.81,6.81,6.81,1.0,0.0,10.0,0.0,0.4,1.0,76.9,76.9,76.9,76.9,1.0,0.0,10.0,0.0,0.4,1.0,-99.7,-99.7,-99.7,-99.7,1.0,0.0,10.0,0.0,0.4,1.0,274.0,274.0,274.0,274.0,1.0,0.0,10.0,0.0,0.4,1.0,-61.1,-61.1,-61.1,-61.1,1.0,0.0,10.0,0.0,0.4,1.0,167.8,167.8,167.8,167.8,1.0,0.0,10.0,0.0,0.4,1.0,-26.3,-26.3,-26.3,-26.3,1.0,0.0,10.0,0.0,0.4,1.0,72.3,72.3,72.3,72.3,1.0,0.0,10.0,0.0,0.4,1.0,1443.0,1443.0,1443.0,1443.0,1.0,0.0,10.0,0.0,0.4,1.0,1445.0,1445.0,1445.0,1445.0,1.0,0.0,10.0,0.0,0.4,1.0
1974,2,102.0,-10.0,,,,,,,,,,,,,,,,,,,,,,,,,,,,,,,,,,,,,,,,5.1,5.1,5.1,5.1,1.0,0.0,24.0,0.0,0.1,0.5,-3.28,-3.28,-3.28,-3.28,1.0,0.0,24.0,0.0,0.1,0.5,3.91,3.91,3.91,3.91,1.0,0.0,24.0,0.0,0.1,0.5,1011.7,1011.7,1011.7,1011.7,1.0,0.0,24.0,0.0,0.1,0.5,,,,,,,,,,,,,,,,,,,,,,,,,,,,,,,,,,,,,,,,,,,,,,,,,,,,,,,,,,,,,,,,,,,,,,,,,,,,,,,,,,,,,,,,,,,,,,,,,,,,,,,,,,,,,,,,,,,,,,,,,,,,,,,,,,,,,,,,,,,,,,,,,,,,,,
1974,2,102.0,-9.0,27.0,27.0,27.14,27.07,3.0,0.12,26.0,0.7,0.2,0.7,26.56,26.7,26.7,26.63,3.0,0.12,26.0,0.7,0.2,0.7,18.11,18.73,18.93,18.52,3.0,0.63,26.0,0.7,0.2,0.7,82.4,85.2,86.9,84.7,3.0,3.3,26.0,0.7,0.7,1.5,1.5,6.41,3.9,3.0,4.16,26.0,0.7,0.2,0.7,1.44,1.5,6.06,3.69,3.0,3.88,26.0,0.7,0.2,0.7,-2.19,-0.51,-0.16,-1.16,3.0,1.59,26.0,0.7,0.2,0.7,1007.01,1007.9,1008.86,1007.93,3.0,1.35,26.0,0.7,0.2,0.7,3.0,3.0,5.0,4.0,3.0,1.7,26.0,0.7,0.2,0.7,2.2,2.3,49.3,25.2,3.0,39.8,26.0,0.7,0.2,0.7,-17.9,-0.8,-0.2,-8.9,3.0,14.7,26.0,0.7,0.2,0.7,0.36,0.5,0.5,0.43,3.0,0.12,26.0,0.7,0.2,0.7,0.5,0.8,3.2,1.9,3.0,2.2,26.0,0.7,0.2,0.7,3.47,3.71,4.5,3.98,3.0,0.79,26.0,0.7,0.2,0.7,6.1,7.3,22.2,14.0,3.0,13.2,26.0,0.7,0.2,0.7,38.4,40.1,160.6,98.1,3.0,102.7,26.0,0.7,0.2,0.7,-58.2,-13.7,-4.3,-30.9,3.0,42.1,26.0,0.7,0.2,0.7,26.1,28.1,115.1,69.6,3.0,74.5,26.0,0.7,0.2,0.7,-41.5,-9.1,-2.9,-21.9,3.0,30.4,26.0,0.7,0.2,0.7,6.0,6.9,20.9,13.3,3.0,12.3,26.0,0.7,0.2,0.7,-7.6,-2.5,-0.8,-4.2,3.0,5.2,26.0,0.7,0.2,0.7,3.5,3.5,450.5,222.0,3.0,378.0,26.0,0.7,0.2,0.7,5.0,5.0,450.0,220.0,3.0,380.0,26.0,0.7,0.2,0.7
1974,2,102.0,-8.0,26.96,27.35,27.52,27.22,6.0,0.44,8.0,0.5,0.6,0.4,26.48,26.65,26.87,26.73,6.0,0.39,8.0,0.5,0.6,0.4,17.41,17.76,18.05,17.76,6.0,0.48,8.0,0.5,0.6,0.4,79.9,80.5,81.5,80.7,6.0,1.4,8.0,0.5,0.4,0.0,3.35,6.7,3.35,4.0,3.87,8.0,0.3,0.5,0.5,0.0,2.9,6.22,3.1,4.0,3.59,8.0,0.3,0.5,0.5,-2.31,-0.58,0.0,-1.13,4.0,1.58,8.0,0.3,0.5,0.5,1006.9,1007.9,1008.06,1007.42,6.0,1.22,8.0,0.5,0.6,0.4,2.8,4.0,7.0,4.5,6.0,2.2,8.0,0.5,0.6,0.4,0.0,19.4,41.7,20.8,4.0,24.1,8.0,0.3,0.5,0.5,-15.5,-3.9,0.0,-7.6,4.0,10.6,8.0,0.3,0.5,0.5,-0.04,0.6,0.92,0.48,6.0,0.5,8.0,0.5,0.6,0.4,0.0,1.3,4.1,2.0,4.0,2.6,8.0,0.3,0.5,0.5,4.52,4.8,5.54,4.96,6.0,0.66,8.0,0.5,0.6,0.4,0.0,15.9,32.1,16.1,4.0,18.6,8.0,0.3,0.5,0.5,0.0,77.5,165.0,82.3,4.0,95.3,8.0,0.3,0.5,0.5,-61.5,-15.4,0.0,-30.0,4.0,42.2,8.0,0.3,0.5,0.5,0.0,51.4,110.9,55.2,4.0,64.1,8.0,0.3,0.5,0.5,-41.0,-10.4,0.0,-20.0,4.0,28.0,8.0,0.3,0.5,0.5,0.0,14.0,29.8,14.9,4.0,17.2,8.0,0.3,0.5,0.5,-11.1,-2.8,0.0,-5.4,4.0,7.6,8.0,0.3,0.5,0.5,0.0,150.5,301.0,150.5,4.0,173.5,8.0,0.3,0.5,0.5,0.0,150.0,300.0,150.0,4.0,175.0,8.0,0.3,0.5,0.5
1974,2,102.0,-7.0,,,,,,,,,,,,,,,,,,,,,,,,,,,,,,,,,,,,,,,,10.8,10.8,10.8,10.8,1.0,0.0,20.0,1.0,0.0,0.4,8.27,8.27,8.27,8.27,1.0,0.0,20.0,1.0,0.0,0.4,-6.94,-6.94,-6.94,-6.94,1.0,0.0,20.0,1.0,0.0,0.4,1009.0,1009.0,1009.0,1009.0,1.0,0.0,20.0,1.0,0.0,0.4,,,,,,,,,,,,,,,,,,,,,,,,,,,,,,,,,,,,,,,,,,,,,,,,,,,,,,,,,,,,,,,,,,,,,,,,,,,,,,,,,,,,,,,,,,,,,,,,,,,,,,,,,,,,,,,,,,,,,,,,,,,,,,,,,,,,,,,,,,,,,,,,,,,,,,
1974,2,102.0,-5.0,27.33,27.6,27.87,27.6,2.0,0.57,12.0,1.0,0.3,0.7,26.66,26.8,26.94,26.8,2.0,0.28,12.0,1.0,0.3,0.7,16.79,17.61,18.42,17.61,2.0,1.68,12.0,1.0,0.3,0.7,76.8,79.8,82.8,79.8,2.0,6.2,12.0,1.0,0.7,2.5,3.35,4.2,3.35,2.0,1.77,12.0,1.0,0.3,0.7,-1.06,0.57,2.2,0.57,2.0,3.38,12.0,1.0,0.3,0.7,-2.8,-1.24,0.32,-1.24,2.0,3.23,12.0,1.0,0.3,0.7,1009.31,1009.55,1009.79,1009.55,2.0,0.5,12.0,1.0,0.3,0.7,6.3,7.0,7.7,7.0,2.0,1.4,12.0,1.0,0.3,0.7,-1.1,4.9,10.8,4.9,2.0,12.3,12.0,1.0,0.3,0.7,-13.3,-7.0,-0.7,-7.0,2.0,13.0,12.0,1.0,0.3,0.7,0.66,0.8,0.94,0.8,2.0,0.28,12.0,1.0,0.3,0.7,2.2,2.4,2.7,2.4,2.0,0.5,12.0,1.0,0.3,0.7,5.16,5.59,6.02,5.59,2.0,0.89,12.0,1.0,0.3,0.7,13.3,19.5,25.7,19.5,2.0,12.9,12.0,1.0,0.3,0.7,-28.8,14.8,58.4,14.8,2.0,90.3,12.0,1.0,0.3,0.7,-74.4,-32.7,9.0,-32.7,2.0,86.3,12.0,1.0,0.3,0.7,-21.1,7.2,35.4,7.2,2.0,58.5,12.0,1.0,0.3,0.7,-45.5,-19.1,7.4,-19.1,2.0,54.9,12.0,1.0,0.3,0.7,-4.7,4.7,14.0,4.7,2.0,19.4,12.0,1.0,0.3,0.7,-17.6,-8.4,0.9,-8.4,2.0,19.2,12.0,1.0,0.3,0.7,23.0,53.5,83.5,53.5,2.0,62.5,12.0,1.0,0.3,0.7,25.0,55.0,85.0,55.0,2.0,60.0,12.0,1.0,0.3,0.7
1974,2,102.0,1.0,26.34,26.8,28.35,27.3,6.0,1.35,20.0,0.7,0.7,0.7,24.54,26.15,26.66,25.7,8.0,1.12,16.0,0.6,0.7,0.7,15.63,16.67,18.15,16.83,5.0,1.71,16.0,0.8,0.7,0.7,77.6,84.9,86.6,82.8,5.0,5.3,16.0,0.8,0.7,2.55,3.1,4.7,3.59,7.0,1.66,16.0,0.7,0.7,0.7,-2.25,-0.54,1.04,-0.31,7.0,1.73,16.0,0.7,0.7,0.7,-4.68,-1.5,1.38,-1.82,7.0,3.29,16.0,0.7,0.7,0.7,1005.15,1010.0,1013.23,1009.34,7.0,3.79,16.0,0.6,0.7,0.7,5.0,6.0,6.0,5.6,8.0,0.9,16.0,0.6,0.7,0.7,-6.3,-1.7,1.7,-2.3,7.0,7.1,16.0,0.7,0.7,0.7,-22.2,-4.5,3.7,-9.9,7.0,17.4,16.0,0.7,0.7,0.7,-0.04,1.85,3.16,1.62,6.0,1.6,20.0,0.7,0.7,0.7,-1.3,6.1,11.9,5.4,5.0,7.4,20.0,0.8,0.8,0.7,4.34,4.46,6.77,5.53,3.0,2.0,20.0,1.0,0.8,0.7,20.0,29.9,34.1,27.1,3.0,10.6,20.0,1.0,0.8,0.7,-55.5,-14.2,28.1,-7.4,7.0,45.1,16.0,0.7,0.7,0.7,-112.7,-39.4,34.2,-46.4,7.0,84.7,16.0,0.7,0.7,0.7,-37.3,-11.0,6.7,-13.5,5.0,24.3,16.0,0.8,0.7,0.7,-80.5,-62.4,-6.2,-46.9,5.0,48.1,16.0,0.8,0.7,0.7,-7.8,-2.7,-0.8,-4.3,3.0,5.3,20.0,1.0,0.8,0.7,-33.5,-28.1,-19.3,-26.4,3.0,10.5,20.0,1.0,0.8,0.7,17.0,30.0,107.0,74.5,7.0,104.0,16.0,0.7,0.7,0.7,15.0,30.0,105.0,75.0,7.0,105.0,16.0,0.7,0.7,0.7
1974,2,102.0,2.0,26.06,27.1,29.47,27.7,5.0,1.89,20.0,0.8,0.1,0.1,26.59,28.3,29.66,28.18,5.0,2.33,20.0,0.8,0.1,0.1,16.05,17.59,18.31,17.19,3.0,1.7,20.0,0.7,0.1,0.1,73.6,77.5,77.5,75.6,3.0,3.3,20.0,0.7,0.1,2.54,4.6,5.73,4.18,5.0,2.75,20.0,0.8,0.1,0.1,-3.25,0.0,2.95,-0.07,5.0,3.56,20.0,0.8,0.1,0.1,-4.84,-1.57,0.0,-2.45,5.0,3.03,20.0,0.8,0.1,0.1,1008.12,1010.3,1011.46,1009.9,5.0,1.79,20.0,0.8,0.1,0.1,4.0,7.0,7.4,6.0,5.0,1.9,20.0,0.8,0.1,0.1,-20.0,0.0,12.8,-2.2,5.0,18.0,20.0,0.8,0.1,0.1,-29.1,-7.2,0.0,-15.4,5.0,23.3,20.0,0.8,0.1,0.1,-1.57,-0.4,0.62,-0.48,5.0,1.27,20.0,0.8,0.1,0.1,-9.2,0.0,2.8,-3.1,5.0,8.5,20.0,0.8,0.1,0.1,3.54,5.73,7.03,5.29,3.0,2.58,20.0,0.7,0.1,0.1,21.6,26.4,32.3,27.0,3.0,7.9,20.0,0.7,0.1,0.1,-86.8,0.0,88.0,2.4,5.0,98.1,20.0,0.8,0.1,0.1,-144.1,-39.3,0.0,-70.6,5.0,87.2,20.0,0.8,0.1,0.1,-60.8,-49.1,39.7,-11.5,3.0,80.5,20.0,0.7,0.1,0.1,-99.7,-24.1,-7.7,-53.0,3.0,71.9,20.0,0.7,0.1,0.1,-19.0,-6.6,21.8,1.2,3.0,30.7,20.0,0.7,0.1,0.1,-15.3,-9.0,-2.9,-9.1,3.0,9.1,20.0,0.7,0.1,0.1,40.5,97.5,228.5,143.0,5.0,179.5,20.0,0.8,0.1,0.1,40.0,95.0,230.0,145.0,5.0,180.0,20.0,0.8,0.1,0.1
1974,2,102.0,7.0,25.0,25.5,26.26,25.63,4.0,0.75,6.0,0.3,0.7,0.6,25.33,26.0,26.3,25.83,4.0,0.62,6.0,0.3,0.7,0.6,16.19,16.42,17.18,16.68,3.0,0.76,4.0,0.3,0.7,0.5,79.4,82.1,82.7,81.0,3.0,2.6,4.0,0.3,0.5,6.58,7.6,9.3,7.93,4.0,1.78,6.0,0.3,0.7,0.6,-8.22,-6.08,-5.03,-6.6,4.0,2.54,6.0,0.3,0.7,0.6,-4.23,0.36,2.69,-0.72,4.0,4.65,6.0,0.3,0.7,0.6,1010.66,1011.9,1012.2,1011.45,4.0,1.14,6.0,0.3,0.7,0.6,7.0,8.0,8.0,7.5,4.0,1.0,6.0,0.3,0.7,0.6,-74.9,-40.1,-35.6,-54.6,4.0,33.4,6.0,0.3,0.7,0.6,-33.7,5.9,21.6,-5.5,4.0,37.7,6.0,0.3,0.7,0.6,-0.82,-0.15,0.42,-0.2,4.0,0.87,6.0,0.3,0.7,0.6,-5.9,-1.2,4.3,-0.8,4.0,7.2,6.0,0.3,0.7,0.6,3.45,3.5,4.92,4.17,3.0,1.23,4.0,0.3,0.7,0.5,23.6,28.7,48.3,35.8,3.0,19.2,4.0,0.3,0.7,0.5,-212.5,-156.0,-129.2,-170.1,4.0,64.6,6.0,0.3,0.7,0.6,-110.7,9.5,70.1,-18.9,4.0,122.1,6.0,0.3,0.7,0.6,-143.1,-100.2,-80.9,-111.7,3.0,46.7,4.0,0.3,0.7,0.5,-90.6,-17.7,14.0,-37.8,3.0,78.6,4.0,0.3,0.7,0.5,-45.3,-20.9,-16.4,-30.6,3.0,22.8,4.0,0.3,0.7,0.5,-18.1,-3.7,5.6,-6.2,3.0,17.5,4.0,0.3,0.7,0.5,288.0,447.0,835.0,556.5,4.0,380.5,6.0,0.3,0.7,0.6,290.0,445.0,835.0,555.0,4.0,380.0,6.0,0.3,0.7,0.6
1974,2,102.0,8.0,24.4,25.6,27.16,25.92,46.0,1.22,6.0,0.5,0.7,0.8,26.1,26.85,28.73,27.11,46.0,1.36,6.0,0.5,0.7,0.7,15.58,17.19,17.82,16.86,43.0,1.49,6.0,0.5,0.7,0.8,66.6,75.4,82.1,75.2,45.0,8.4,6.0,0.5,0.7,1.15,4.1,8.2,4.58,47.0,3.37,6.0,0.6,0.7,0.8,-8.05,-3.55,0.0,-3.67,47.0,3.83,6.0,0.6,0.7,0.8,-1.68,0.54,1.9,0.43,47.0,2.04,6.0,0.6,0.7,0.8,1006.8,1008.9,1010.85,1008.85,47.0,1.91,6.0,0.5,0.6,0.8,2.0,5.0,7.0,4.5,49.0,2.5,6.0,0.6,0.7,0.7,-66.0,-12.8,0.0,-28.3,47.0,37.0,6.0,0.6,0.7,0.8,-4.2,1.7,10.5,2.3,47.0,15.6,6.0,0.6,0.7,0.8,-2.8,-1.3,0.09,-1.3,44.0,1.62,6.0,0.5,0.7,0.7,-11.9,-2.3,0.0,-4.9,42.0,7.9,6.0,0.5,0.7,0.8,2.02,3.98,5.99,4.0,42.0,1.89,6.0,0.5,0.7,0.8,3.5,12.7,33.3,18.2,40.0,20.1,6.0,0.5,0.7,0.8,-228.2,-92.2,0.0,-99.5,44.0,103.0,6.0,0.6,0.7,0.7,-48.6,5.8,50.0,10.0,44.0,57.0,6.0,0.6,0.7,0.7,-133.9,-61.2,0.0,-56.4,41.0,59.6,6.0,0.5,0.7,0.8,-31.7,0.0,29.0,4.9,41.0,33.8,6.0,0.5,0.7,0.8,-32.0,-6.7,0.0,-13.5,40.0,20.3,6.0,0.5,0.7,0.8,-6.9,0.0,7.0,0.3,40.0,12.0,6.0,0.5,0.7,0.8,1.5,69.0,551.5,264.5,47.0,391.5,6.0,0.6,0.7,0.8,0.0,70.0,550.0,265.0,47.0,390.0,6.0,0.6,0.7,0.8
1974,2,102.0,9.0,24.08,25.0,26.7,25.34,57.0,1.15,6.0,0.5,0.4,0.3,25.6,26.3,27.4,26.53,63.0,1.23,6.0,0.4,0.4,0.3,16.0,16.54,17.63,16.92,59.0,1.58,4.0,0.5,0.4,0.2,75.3,78.2,82.7,78.0,59.0,6.5,4.0,0.5,0.2,2.6,6.2,8.28,5.65,63.0,2.81,6.0,0.5,0.4,0.3,-7.52,-4.94,-0.15,-4.48,63.0,3.35,6.0,0.5,0.4,0.3,0.0,1.79,3.85,1.76,63.0,2.35,6.0,0.5,0.4,0.3,1008.5,1010.0,1011.38,1010.0,65.0,1.53,6.0,0.4,0.4,0.3,2.2,6.0,8.0,5.6,65.0,2.5,6.0,0.4,0.4,0.3,-59.2,-28.9,-0.1,-33.7,63.0,32.2,6.0,0.5,0.4,0.3,0.0,9.0,20.7,10.3,63.0,17.6,6.0,0.5,0.4,0.3,-2.5,-1.3,-0.17,-1.34,55.0,1.18,6.0,0.5,0.4,0.3,-17.9,-7.0,-0.3,-8.3,53.0,8.5,6.0,0.5,0.3,0.3,2.04,2.95,4.23,3.1,52.0,1.64,6.0,0.5,0.4,0.2,6.9,17.1,32.5,18.3,50.0,13.7,6.0,0.5,0.3,0.2,-210.5,-134.1,-9.5,-125.1,61.0,87.8,6.0,0.5,0.3,0.3,0.0,52.7,101.2,48.2,61.0,62.1,6.0,0.5,0.3,0.3,-135.6,-85.8,-6.3,-80.1,57.0,55.9,6.0,0.5,0.4,0.2,0.0,35.1,64.6,32.9,57.0,34.0,6.0,0.5,0.4,0.2,-28.5,-14.4,0.0,-15.3,50.0,13.9,6.0,0.5,0.3,0.2,-0.1,4.3,13.4,5.3,50.0,8.4,6.0,0.5,0.3,0.2,17.5,238.5,568.5,308.5,63.0,335.0,6.0,0.5,0.4,0.3,20.0,240.0,570.0,310.0,63.0,335.0,6.0,0.5,0.4,0.3
1974,2,102.0,10.0,26.7,27.2,28.0,27.38,17.0,0.81,10.0,0.4,0.3,0.5,26.2,27.0,29.21,27.38,21.0,1.53,8.0,0.4,0.2,0.5,16.44,16.91,18.82,17.5,15.0,2.13,8.0,0.5,0.2,0.5,71.3,76.8,82.3,76.6,16.0,5.6,8.0,0.4,0.6,1.51,3.85,6.2,3.82,20.0,2.34,8.0,0.5,0.2,0.5,-4.09,-1.01,0.0,-1.82,20.0,2.32,8.0,0.5,0.2,0.5,0.0,2.6,3.98,2.03,20.0,2.77,8.0,0.5,0.2,0.5,1008.92,1010.0,1011.6,1010.2,21.0,1.69,8.0,0.5,0.2,0.5,1.3,4.0,7.0,4.2,22.0,2.5,8.0,0.5,0.2,0.5,-19.2,-2.8,0.0,-10.6,20.0,16.2,8.0,0.5,0.2,0.5,0.0,6.8,19.9,8.3,20.0,18.1,8.0,0.5,0.2,0.5,-1.85,-0.05,1.06,-0.23,16.0,1.76,12.0,0.4,0.3,0.5,-9.3,0.0,2.5,-1.1,15.0,7.1,10.0,0.4,0.3,0.5,2.65,4.3,6.13,4.52,11.0,2.28,10.0,0.5,0.3,0.5,2.8,15.1,29.6,16.1,11.0,12.6,10.0,0.5,0.3,0.5,-110.3,-34.8,0.0,-51.8,19.0,66.4,8.0,0.4,0.2,0.5,0.0,68.1,108.8,56.5,19.0,79.8,8.0,0.4,0.2,0.5,-63.2,-20.8,0.0,-30.5,15.0,36.2,8.0,0.5,0.2,0.5,2.6,59.0,75.8,47.0,15.0,46.4,8.0,0.5,0.2,0.5,-20.9,-4.9,0.0,-10.1,11.0,11.5,10.0,0.5,0.3,0.5,0.0,8.4,15.9,7.1,11.0,12.0,10.0,0.5,0.3,0.5,3.5,58.0,238.5,116.5,20.0,150.5,8.0,0.5,0.2,0.5,5.0,60.0,240.0,115.0,20.0,150.0,8.0,0.5,0.2,0.5
1974,2,102.0,11.0,26.95,27.5,28.05,27.5,2.0,1.13,18.0,0.0,0.4,0.3,25.85,26.4,26.95,26.4,2.0,1.13,18.0,0.0,0.4,0.3,12.4,14.35,16.29,14.35,2.0,4.03,18.0,0.0,0.4,0.3,59.6,66.4,73.3,66.4,2.0,14.2,18.0,0.0,0.3,4.16,6.45,8.74,6.45,2.0,4.74,18.0,0.0,0.4,0.3,-2.99,-2.21,-1.42,-2.21,2.0,1.62,18.0,0.0,0.4,0.3,-7.29,-3.15,0.99,-3.15,2.0,8.57,18.0,0.0,0.4,0.3,1012.67,1013.05,1013.43,1013.05,2.0,0.78,18.0,0.0,0.4,0.3,3.0,5.0,7.0,5.0,2.0,4.2,18.0,0.0,0.4,0.3,-28.2,-18.1,-8.0,-18.1,2.0,20.9,18.0,0.0,0.4,0.3,-74.5,-40.6,-6.7,-40.6,2.0,70.2,18.0,0.0,0.4,0.3,1.1,1.1,1.1,1.1,2.0,0.0,18.0,0.0,0.4,0.3,4.6,7.1,9.6,7.1,2.0,5.2,18.0,0.0,0.4,0.3,7.45,8.65,9.84,8.65,2.0,2.47,18.0,0.0,0.4,0.3,34.2,61.6,89.1,61.6,2.0,56.9,18.0,0.0,0.4,0.3,-76.8,-57.3,-37.9,-57.3,2.0,40.3,18.0,0.0,0.4,0.3,-185.8,-78.3,29.2,-78.3,2.0,222.7,18.0,0.0,0.4,0.3,-35.3,-28.4,-21.5,-28.4,2.0,14.4,18.0,0.0,0.4,0.3,-81.1,-27.9,25.3,-27.9,2.0,110.3,18.0,0.0,0.4,0.3,-30.5,-21.1,-11.7,-21.1,2.0,19.5,18.0,0.0,0.4,0.3,-77.3,-37.8,1.7,-37.8,2.0,81.9,18.0,0.0,0.4,0.3,174.5,485.5,796.5,485.5,2.0,644.5,18.0,0.0,0.4,0.3,175.0,485.0,795.0,485.0,2.0,645.0,18.0,0.0,0.4,0.3
1974,2,103.0,-45.0,10.4,10.4,10.4,10.4,1.0,0.0,2.0,0.0,0.7,0.3,8.7,8.7,8.7,8.7,1.0,0.0,2.0,0.0,0.7,0.3,5.42,5.42,5.42,5.42,1.0,0.0,2.0,0.0,0.7,0.3,77.6,77.6,77.6,77.6,1.0,0.0,2.0,0.0,0.3,11.8,11.8,11.8,11.8,1.0,0.0,2.0,0.0,0.7,0.3,11.09,11.09,11.09,11.09,1.0,0.0,2.0,0.0,0.7,0.3,4.04,4.04,4.04,4.04,1.0,0.0,2.0,0.0,0.7,0.3,1008.7,1008.7,1008.7,1008.7,1.0,0.0,2.0,0.0,0.7,0.3,7.0,7.0,7.0,7.0,1.0,0.0,2.0,0.0,0.7,0.3,130.8,130.8,130.8,130.8,1.0,0.0,2.0,0.0,0.7,0.3,47.6,47.6,47.6,47.6,1.0,0.0,2.0,0.0,0.7,0.3,1.7,1.7,1.7,1.7,1.0,0.0,2.0,0.0,0.7,0.3,20.1,20.1,20.1,20.1,1.0,0.0,2.0,0.0,0.7,0.3,2.42,2.42,2.42,2.42,1.0,0.0,2.0,0.0,0.7,0.3,28.6,28.6,28.6,28.6,1.0,0.0,2.0,0.0,0.7,0.3,96.5,96.5,96.5,96.5,1.0,0.0,2.0,0.0,0.7,0.3,35.1,35.1,35.1,35.1,1.0,0.0,2.0,0.0,0.7,0.3,60.1,60.1,60.1,60.1,1.0,0.0,2.0,0.0,0.7,0.3,21.9,21.9,21.9,21.9,1.0,0.0,2.0,0.0,0.7,0.3,26.9,26.9,26.9,26.9,1.0,0.0,2.0,0.0,0.7,0.3,9.8,9.8,9.8,9.8,1.0,0.0,2.0,0.0,0.7,0.3,1643.0,1643.0,1643.0,1643.0,1.0,0.0,2.0,0.0,0.7,0.3,1645.0,1645.0,1645.0,1645.0,1.0,0.0,2.0,0.0,0.7,0.3
1974,2,103.0,-41.0,14.3,14.3,14.3,14.3,1.0,0.0,2.0,0.0,0.1,1.0,12.8,12.8,12.8,12.8,1.0,0.0,2.0,0.0,0.1,1.0,5.15,5.15,5.15,5.15,1.0,0.0,2.0,0.0,0.1,1.0,56.6,56.6,56.6,56.6,1.0,0.0,2.0,0.0,1.0,9.3,9.3,9.3,9.3,1.0,0.0,2.0,0.0,0.1,1.0,8.74,8.74,8.74,8.74,1.0,0.0,2.0,0.0,0.1,1.0,3.18,3.18,3.18,3.18,1.0,0.0,2.0,0.0,0.1,1.0,1018.0,1018.0,1018.0,1018.0,1.0,0.0,2.0,0.0,0.1,1.0,6.0,6.0,6.0,6.0,1.0,0.0,2.0,0.0,0.1,1.0,81.3,81.3,81.3,81.3,1.0,0.0,2.0,0.0,0.1,1.0,29.6,29.6,29.6,29.6,1.0,0.0,2.0,0.0,0.1,1.0,1.5,1.5,1.5,1.5,1.0,0.0,2.0,0.0,0.1,1.0,14.0,14.0,14.0,14.0,1.0,0.0,2.0,0.0,0.1,1.0,4.91,4.91,4.91,4.91,1.0,0.0,2.0,0.0,0.1,1.0,45.7,45.7,45.7,45.7,1.0,0.0,2.0,0.0,0.1,1.0,111.9,111.9,111.9,111.9,1.0,0.0,2.0,0.0,0.1,1.0,40.7,40.7,40.7,40.7,1.0,0.0,2.0,0.0,0.1,1.0,45.0,45.0,45.0,45.0,1.0,0.0,2.0,0.0,0.1,1.0,16.4,16.4,16.4,16.4,1.0,0.0,2.0,0.0,0.1,1.0,42.9,42.9,42.9,42.9,1.0,0.0,2.0,0.0,0.1,1.0,15.6,15.6,15.6,15.6,1.0,0.0,2.0,0.0,0.1,1.0,804.5,804.5,804.5,804.5,1.0,0.0,2.0,0.0,0.1,1.0,805.0,805.0,805.0,805.0,1.0,0.0,2.0,0.0,0.1,1.0
1974,2,103.0,-37.0,16.0,16.0,16.0,16.0,1.0,0.0,16.0,1.0,0.3,0.5,14.6,14.6,14.6,14.6,1.0,0.0,16.0,1.0,0.3,0.5,6.32,6.32,6.32,6.32,1.0,0.0,16.0,1.0,0.3,0.5,62.4,62.4,62.4,62.4,1.0,0.0,16.0,1.0,0.5,2.1,2.1,2.1,2.1,1.0,0.0,16.0,1.0,0.3,0.5,-1.35,-1.35,-1.35,-1.35,1.0,0.0,16.0,1.0,0.3,0.5,1.61,1.61,1.61,1.61,1.0,0.0,16.0,1.0,0.3,0.5,1027.8,1027.8,1027.8,1027.8,1.0,0.0,16.0,1.0,0.3,0.5,8.0,8.0,8.0,8.0,1.0,0.0,16.0,1.0,0.3,0.5,-2.8,-2.8,-2.8,-2.8,1.0,0.0,16.0,1.0,0.3,0.5,3.4,3.4,3.4,3.4,1.0,0.0,16.0,1.0,0.3,0.5,1.4,1.4,1.4,1.4,1.0,0.0,16.0,1.0,0.3,0.5,2.9,2.9,2.9,2.9,1.0,0.0,16.0,1.0,0.3,0.5,4.8,4.8,4.8,4.8,1.0,0.0,16.0,1.0,0.3,0.5,10.1,10.1,10.1,10.1,1.0,0.0,16.0,1.0,0.3,0.5,-19.7,-19.7,-19.7,-19.7,1.0,0.0,16.0,1.0,0.3,0.5,23.5,23.5,23.5,23.5,1.0,0.0,16.0,1.0,0.3,0.5,-8.5,-8.5,-8.5,-8.5,1.0,0.0,16.0,1.0,0.3,0.5,10.2,10.2,10.2,10.2,1.0,0.0,16.0,1.0,0.3,0.5,-6.5,-6.5,-6.5,-6.5,1.0,0.0,16.0,1.0,0.3,0.5,7.7,7.7,7.7,7.7,1.0,0.0,16.0,1.0,0.3,0.5,9.5,9.5,9.5,9.5,1.0,0.0,16.0,1.0,0.3,0.5,10.0,10.0,10.0,10.0,1.0,0.0,16.0,1.0,0.3,0.5
1974,2,103.0,-35.0,,,,,,,,,,,,,,,,,,,,,,,,,,,,,,,,,,,,,,,,7.7,7.7,7.7,7.7,1.0,0.0,10.0,1.0,0.4,0.5,-3.85,-3.85,-3.85,-3.85,1.0,0.0,10.0,1.0,0.4,0.5,6.67,6.67,6.67,6.67,1.0,0.0,10.0,1.0,0.4,0.5,1028.5,1028.5,1028.5,1028.5,1.0,0.0,10.0,1.0,0.4,0.5,,,,,,,,,,,,,,,,,,,,,,,,,,,,,,,,,,,,,,,,,,,,,,,,,,,,,,,,,,,,,,,,,,,,,,,,,,,,,,,,,,,,,,,,,,,,,,,,,,,,,,,,,,,,,,,,,,,,,,,,,,,,,,,,,,,,,,,,,,,,,,,,,,,,,,
1974,2,103.0,-33.0,20.0,20.0,20.0,20.0,1.0,0.0,8.0,0.0,0.7,0.8,17.29,17.9,18.51,17.9,2.0,1.27,18.0,0.5,0.4,0.9,10.53,10.53,10.53,10.53,1.0,0.0,8.0,0.0,0.7,0.8,88.0,88.0,88.0,88.0,1.0,0.0,8.0,0.0,0.8,4.66,4.8,4.94,4.8,2.0,0.28,18.0,0.5,0.4,0.9,-2.36,0.15,2.66,0.15,2.0,5.2,18.0,0.5,0.4,0.9,3.0,3.09,3.17,3.09,2.0,0.18,18.0,0.5,0.4,0.9,1014.09,1015.35,1016.61,1015.35,2.0,2.62,18.0,0.5,0.4,0.9,3.8,5.5,7.2,5.5,2.0,3.5,18.0,0.5,0.4,0.9,-10.6,1.5,13.5,1.5,2.0,25.0,18.0,0.5,0.4,0.9,14.0,14.8,15.7,14.8,2.0,1.7,18.0,0.5,0.4,0.9,3.0,3.0,3.0,3.0,1.0,0.0,8.0,0.0,0.7,0.8,13.8,13.8,13.8,13.8,1.0,0.0,8.0,0.0,0.7,0.8,3.95,3.95,3.95,3.95,1.0,0.0,8.0,0.0,0.7,0.8,18.2,18.2,18.2,18.2,1.0,0.0,8.0,0.0,0.7,0.8,-39.0,6.1,51.1,6.1,2.0,93.3,18.0,0.5,0.4,0.9,51.9,55.3,58.8,55.3,2.0,7.2,18.0,0.5,0.4,0.9,-37.1,-37.1,-37.1,-37.1,1.0,0.0,8.0,0.0,0.7,0.8,31.1,31.1,31.1,31.1,1.0,0.0,8.0,0.0,0.7,0.8,-13.9,-13.9,-13.9,-13.9,1.0,0.0,8.0,0.0,0.7,0.8,11.7,11.7,11.7,11.7,1.0,0.0,8.0,0.0,0.7,0.8,101.5,111.0,120.5,111.0,2.0,19.5,18.0,0.5,0.4,0.9,100.0,110.0,120.0,110.0,2.0,20.0,18.0,0.5,0.4,0.9
1974,2,103.0,-32.0,18.62,19.1,19.58,19.1,2.0,0.99,6.0,0.0,0.6,0.8,17.23,17.5,17.77,17.5,2.0,0.57,6.0,0.0,0.6,0.8,11.54,11.69,11.85,11.69,2.0,0.31,6.0,0.0,0.6,0.8,92.3,95.2,98.0,95.2,2.0,6.0,6.0,0.0,0.8,12.97,14.4,15.83,14.4,2.0,2.97,6.0,0.0,0.6,0.8,-10.64,-10.63,-10.61,-10.63,2.0,0.03,6.0,0.0,0.6,0.8,7.18,9.39,11.61,9.39,2.0,4.59,6.0,0.0,0.6,0.8,1022.46,1022.6,1022.74,1022.6,2.0,0.28,6.0,0.0,0.6,0.8,8.0,8.0,8.0,8.0,2.0,0.0,6.0,0.0,0.6,0.8,-168.0,-153.0,-138.0,-153.0,2.0,31.1,6.0,0.0,0.6,0.8,96.7,142.1,187.5,142.1,2.0,94.0,6.0,0.0,0.6,0.8,0.85,1.6,2.35,1.6,2.0,1.56,6.0,0.0,0.6,0.8,12.2,25.4,38.5,25.4,2.0,27.2,6.0,0.0,0.6,0.8,1.68,1.93,2.19,1.93,2.0,0.53,6.0,0.0,0.6,0.8,22.2,28.6,35.1,28.6,2.0,13.4,6.0,0.0,0.6,0.8,-189.2,-186.0,-182.8,-186.0,2.0,6.6,6.0,0.0,0.6,0.8,126.9,163.1,199.3,163.1,2.0,75.0,6.0,0.0,0.6,0.8,-125.7,-124.3,-122.9,-124.3,2.0,3.0,6.0,0.0,0.6,0.8,83.3,110.6,137.9,110.6,2.0,56.6,6.0,0.0,0.6,0.8,-23.2,-20.5,-17.9,-20.5,2.0,5.6,6.0,0.0,0.6,0.8,12.7,19.4,26.1,19.4,2.0,13.9,6.0,0.0,0.6,0.8,2278.5,3176.5,4074.5,3176.5,2.0,1860.5,6.0,0.0,0.6,0.8,2280.0,3175.0,4075.0,3175.0,2.0,1860.0,6.0,0.0,0.6,0.8
1974,2,103.0,-31.0,,,,,,,,,,,,,,,,,,,,,,,,,,,,,,,,,,,,,,,,7.2,7.2,7.2,7.2,1.0,0.0,20.0,0.0,0.2,0.6,-3.6,-3.6,-3.6,-3.6,1.0,0.0,20.0,0.0,0.2,0.6,6.24,6.24,6.24,6.24,1.0,0.0,20.0,0.0,0.2,0.6,1017.3,1017.3,1017.3,1017.3,1.0,0.0,20.0,0.0,0.2,0.6,,,,,,,,,,,,,,,,,,,,,,,,,,,,,,,,,,,,,,,,,,,,,,,,,,,,,,,,,,,,,,,,,,,,,,,,,,,,,,,,,,,,,,,,,,,,,,,,,,,,,,,,,,,,,,,,,,,,,,,,,,,,,,,,,,,,,,,,,,,,,,,,,,,,,,
1974,2,103.0,-30.0,,,,,,,,,,,,,,,,,,,,,,,,,,,,,,,,,,,,,,,,10.3,10.3,10.3,10.3,1.0,0.0,4.0,0.0,0.8,0.7,-8.92,-8.92,-8.92,-8.92,1.0,0.0,4.0,0.0,0.8,0.7,5.15,5.15,5.15,5.15,1.0,0.0,4.0,0.0,0.8,0.7,1023.2,1023.2,1023.2,1023.2,1.0,0.0,4.0,0.0,0.8,0.7,8.0,8.0,8.0,8.0,1.0,0.0,4.0,0.0,0.8,0.7,-91.9,-91.9,-91.9,-91.9,1.0,0.0,4.0,0.0,0.8,0.7,53.0,53.0,53.0,53.0,1.0,0.0,4.0,0.0,0.8,0.7,,,,,,,,,,,,,,,,,,,,,,,,,,,,,,,,,,,,,,,,,-167.7,-167.7,-167.7,-167.7,1.0,0.0,4.0,0.0,0.8,0.7,96.8,96.8,96.8,96.8,1.0,0.0,4.0,0.0,0.8,0.7,-91.6,-91.6,-91.6,-91.6,1.0,0.0,4.0,0.0,0.8,0.7,52.9,52.9,52.9,52.9,1.0,0.0,4.0,0.0,0.8,0.7,,,,,,,,,,,,,,,,,,,,,,,,,,,,,,,,,,,,,,,,
1974,2,103.0,-29.0,20.0,20.0,20.0,20.0,1.0,0.0,24.0,0.0,0.6,0.3,20.0,20.0,20.0,20.0,1.0,0.0,24.0,0.0,0.6,0.3,10.51,10.51,10.51,10.51,1.0,0.0,24.0,0.0,0.6,0.3,72.4,72.4,72.4,72.4,1.0,0.0,24.0,0.0,0.3,4.6,4.6,4.6,4.6,1.0,0.0,24.0,0.0,0.6,0.3,-2.96,-2.96,-2.96,-2.96,1.0,0.0,24.0,0.0,0.6,0.3,3.52,3.52,3.52,3.52,1.0,0.0,24.0,0.0,0.6,0.3,1013.2,1013.2,1013.2,1013.2,1.0,0.0,24.0,0.0,0.6,0.3,8.0,8.0,8.0,8.0,1.0,0.0,24.0,0.0,0.6,0.3,-13.6,-13.6,-13.6,-13.6,1.0,0.0,24.0,0.0,0.6,0.3,16.2,16.2,16.2,16.2,1.0,0.0,24.0,0.0,0.6,0.3,0.0,0.0,0.0,0.0,1.0,0.0,24.0,0.0,0.6,0.3,0.0,0.0,0.0,0.0,1.0,0.0,24.0,0.0,0.6,0.3,4.03,4.03,4.03,4.03,1.0,0.0,24.0,0.0,0.6,0.3,18.5,18.5,18.5,18.5,1.0,0.0,24.0,0.0,0.6,0.3,-59.1,-59.1,-59.1,-59.1,1.0,0.0,24.0,0.0,0.6,0.3,70.5,70.5,70.5,70.5,1.0,0.0,24.0,0.0,0.6,0.3,-31.1,-31.1,-31.1,-31.1,1.0,0.0,24.0,0.0,0.6,0.3,37.0,37.0,37.0,37.0,1.0,0.0,24.0,0.0,0.6,0.3,-11.9,-11.9,-11.9,-11.9,1.0,0.0,24.0,0.0,0.6,0.3,14.2,14.2,14.2,14.2,1.0,0.0,24.0,0.0,0.6,0.3,97.5,97.5,97.5,97.5,1.0,0.0,24.0,0.0,0.6,0.3,95.0,95.0,95.0,95.0,1.0,0.0,24.0,0.0,0.6,0.3
1974,2,103.0,-26.0,21.7,21.7,21.7,21.7,1.0,0.0,10.0,1.0,0.4,0.1,21.2,21.2,21.2,21.2,1.0,0.0,10.0,1.0,0.4,0.1,9.07,9.07,9.07,9.07,1.0,0.0,10.0,1.0,0.4,0.1,58.3,58.3,58.3,58.3,1.0,0.0,10.0,1.0,0.1,9.3,9.3,9.3,9.3,1.0,0.0,10.0,1.0,0.4,0.1,-4.65,-4.65,-4.65,-4.65,1.0,0.0,10.0,1.0,0.4,0.1,8.05,8.05,8.05,8.05,1.0,0.0,10.0,1.0,0.4,0.1,1017.0,1017.0,1017.0,1017.0,1.0,0.0,10.0,1.0,0.4,0.1,1.0,1.0,1.0,1.0,1.0,0.0,10.0,1.0,0.4,0.1,-43.2,-43.2,-43.2,-43.2,1.0,0.0,10.0,1.0,0.4,0.1,74.9,74.9,74.9,74.9,1.0,0.0,10.0,1.0,0.4,0.1,0.5,0.5,0.5,0.5,1.0,0.0,10.0,1.0,0.4,0.1,4.7,4.7,4.7,4.7,1.0,0.0,10.0,1.0,0.4,0.1,7.03,7.03,7.03,7.03,1.0,0.0,10.0,1.0,0.4,0.1,65.4,65.4,65.4,65.4,1.0,0.0,10.0,1.0,0.4,0.1,-98.6,-98.6,-98.6,-98.6,1.0,0.0,10.0,1.0,0.4,0.1,170.7,170.7,170.7,170.7,1.0,0.0,10.0,1.0,0.4,0.1,-42.2,-42.2,-42.2,-42.2,1.0,0.0,10.0,1.0,0.4,0.1,73.0,73.0,73.0,73.0,1.0,0.0,10.0,1.0,0.4,0.1,-32.7,-32.7,-32.7,-32.7,1.0,0.0,10.0,1.0,0.4,0.1,56.7,56.7,56.7,56.7,1.0,0.0,10.0,1.0,0.4,0.1,804.5,804.5,804.5,804.5,1.0,0.0,10.0,1.0,0.4,0.1,805.0,805.0,805.0,805.0,1.0,0.0,10.0,1.0,0.4,0.1
1974,2,103.0,-24.0,21.82,22.5,23.18,22.5,2.0,1.41,14.0,0.5,0.5,0.3,22.07,22.65,23.23,22.65,2.0,1.2,14.0,0.5,0.5,0.3,12.54,12.57,12.59,12.57,2.0,0.05,14.0,0.5,0.5,0.3,70.8,73.5,76.2,73.5,2.0,5.7,14.0,0.5,0.3,6.36,6.7,10.18,8.23,3.0,3.1,12.0,0.3,0.6,0.4,-2.96,-2.12,-2.07,-2.51,3.0,0.73,12.0,0.3,0.6,0.4,5.81,5.83,9.78,7.75,3.0,3.35,12.0,0.3,0.6,0.4,1008.42,1010.4,1010.88,1009.67,3.0,1.91,12.0,0.3,0.6,0.4,0.6,2.0,4.7,2.7,3.0,3.1,12.0,0.3,0.6,0.4,-23.6,-22.4,-16.1,-19.9,3.0,5.9,12.0,0.3,0.6,0.4,37.0,38.9,105.9,70.7,3.0,57.5,12.0,0.3,0.6,0.4,-0.25,-0.15,-0.05,-0.15,2.0,0.21,14.0,0.5,0.5,0.3,-1.6,-0.9,-0.3,-0.9,2.0,1.3,14.0,0.5,0.5,0.3,3.74,4.48,5.22,4.48,2.0,1.54,14.0,0.5,0.5,0.3,23.6,29.2,34.7,29.2,2.0,11.5,14.0,0.5,0.5,0.3,-73.6,-62.5,-51.4,-62.5,2.0,23.0,14.0,0.5,0.5,0.3,128.5,131.7,134.9,131.7,2.0,6.6,14.0,0.5,0.5,0.3,-39.6,-34.4,-29.1,-34.4,2.0,10.8,14.0,0.5,0.5,0.3,72.8,73.1,73.3,73.1,2.0,0.5,14.0,0.5,0.5,0.3,-16.8,-12.9,-9.0,-12.9,2.0,8.1,14.0,0.5,0.5,0.3,21.8,26.0,30.3,26.0,2.0,8.9,14.0,0.5,0.5,0.3,258.0,301.0,1217.0,727.5,3.0,793.5,12.0,0.3,0.6,0.4,260.0,300.0,1215.0,725.0,3.0,795.0,12.0,0.3,0.6,0.4
1974,2,103.0,-22.0,25.0,25.0,25.0,25.0,1.0,0.0,8.0,1.0,0.8,0.1,25.5,25.5,25.5,25.5,1.0,0.0,8.0,1.0,0.8,0.1,13.94,13.94,13.94,13.94,1.0,0.0,8.0,1.0,0.8,0.1,68.6,68.6,68.6,68.6,1.0,0.0,8.0,1.0,0.1,5.7,5.7,5.7,5.7,1.0,0.0,8.0,1.0,0.8,0.1,-2.85,-2.85,-2.85,-2.85,1.0,0.0,8.0,1.0,0.8,0.1,4.94,4.94,4.94,4.94,1.0,0.0,8.0,1.0,0.8,0.1,1011.5,1011.5,1011.5,1011.5,1.0,0.0,8.0,1.0,0.8,0.1,7.0,7.0,7.0,7.0,1.0,0.0,8.0,1.0,0.8,0.1,-16.2,-16.2,-16.2,-16.2,1.0,0.0,8.0,1.0,0.8,0.1,28.1,28.1,28.1,28.1,1.0,0.0,8.0,1.0,0.8,0.1,-0.5,-0.5,-0.5,-0.5,1.0,0.0,8.0,1.0,0.8,0.1,-2.8,-2.8,-2.8,-2.8,1.0,0.0,8.0,1.0,0.8,0.1,5.87,5.87,5.87,5.87,1.0,0.0,8.0,1.0,0.8,0.1,33.4,33.4,33.4,33.4,1.0,0.0,8.0,1.0,0.8,0.1,-72.7,-72.7,-72.7,-72.7,1.0,0.0,8.0,1.0,0.8,0.1,125.9,125.9,125.9,125.9,1.0,0.0,8.0,1.0,0.8,0.1,-39.7,-39.7,-39.7,-39.7,1.0,0.0,8.0,1.0,0.8,0.1,68.8,68.8,68.8,68.8,1.0,0.0,8.0,1.0,0.8,0.1,-16.7,-16.7,-16.7,-16.7,1.0,0.0,8.0,1.0,0.8,0.1,29.0,29.0,29.0,29.0,1.0,0.0,8.0,1.0,0.8,0.1,185.0,185.0,185.0,185.0,1.0,0.0,8.0,1.0,0.8,0.1,185.0,185.0,185.0,185.0,1.0,0.0,8.0,1.0,0.8,0.1
1974,2,103.0,-21.0,25.0,25.0,25.0,25.0,2.0,0.0,10.0,0.0,0.5,0.8,24.57,25.8,26.07,25.33,3.0,1.17,8.0,0.0,0.4,0.8,15.53,15.54,16.87,16.18,3.0,1.12,8.0,0.0,0.4,0.8,76.3,83.3,83.8,80.1,3.0,6.1,8.0,0.0,0.8,6.02,6.7,7.38,6.7,2.0,1.41,10.0,0.0,0.5,0.8,-5.12,-4.6,-4.09,-4.6,2.0,1.07,10.0,0.0,0.5,0.8,2.7,4.31,5.92,4.31,2.0,3.34,10.0,0.0,0.5,0.8,1008.66,1009.0,1009.48,1009.07,3.0,0.6,8.0,0.0,0.4,0.8,4.0,4.0,6.0,5.0,3.0,1.7,8.0,0.0,0.4,0.8,-30.4,-30.1,-29.8,-30.1,2.0,0.6,10.0,0.0,0.5,0.8,17.5,31.2,45.0,31.2,2.0,28.5,10.0,0.0,0.5,0.8,-1.14,-1.0,-0.86,-1.0,2.0,0.28,10.0,0.0,0.5,0.8,-8.5,-6.9,-5.3,-6.9,2.0,3.3,10.0,0.0,0.5,0.8,2.69,3.35,4.01,3.35,2.0,1.36,10.0,0.0,0.5,0.8,16.7,23.4,30.1,23.4,2.0,13.9,10.0,0.0,0.5,0.8,-132.3,-119.5,-106.8,-119.5,2.0,26.4,10.0,0.0,0.5,0.8,70.0,112.5,155.0,112.5,2.0,88.0,10.0,0.0,0.5,0.8,-88.3,-76.7,-65.2,-76.7,2.0,23.9,10.0,0.0,0.5,0.8,45.1,68.8,92.5,68.8,2.0,49.1,10.0,0.0,0.5,0.8,-16.0,-14.7,-13.4,-14.7,2.0,2.7,10.0,0.0,0.5,0.8,8.5,16.7,24.9,16.7,2.0,17.0,10.0,0.0,0.5,0.8,228.5,321.0,413.5,321.0,2.0,192.0,10.0,0.0,0.5,0.8,230.0,320.0,415.0,320.0,2.0,190.0,10.0,0.0,0.5,0.8
1974,2,103.0,-20.0,27.16,27.5,27.84,27.5,2.0,0.71,8.0,0.0,0.6,0.7,25.05,25.15,25.25,25.15,2.0,0.21,8.0,0.0,0.6,0.7,14.88,15.55,16.21,15.55,2.0,1.38,8.0,0.0,0.6,0.7,74.2,78.0,81.7,78.0,2.0,7.8,8.0,0.0,0.7,6.94,7.45,7.96,7.45,2.0,1.06,8.0,0.0,0.6,0.7,-3.98,-3.72,-3.47,-3.72,2.0,0.53,8.0,0.0,0.6,0.7,6.01,6.45,6.9,6.45,2.0,0.92,8.0,0.0,0.6,0.7,1009.99,1010.4,1010.81,1010.4,2.0,0.85,8.0,0.0,0.6,0.7,6.2,6.5,6.8,6.5,2.0,0.7,8.0,0.0,0.6,0.7,-31.8,-28.0,-24.2,-28.0,2.0,7.9,8.0,0.0,0.6,0.7,41.9,48.6,55.2,48.6,2.0,13.7,8.0,0.0,0.6,0.7,1.91,2.35,2.79,2.35,2.0,0.92,8.0,0.0,0.6,0.7,14.9,17.0,19.1,17.0,2.0,4.4,8.0,0.0,0.6,0.7,7.31,7.5,7.68,7.5,2.0,0.39,8.0,0.0,0.6,0.7,50.8,56.0,61.3,56.0,2.0,10.8,8.0,0.0,0.6,0.7,-100.6,-93.7,-86.9,-93.7,2.0,14.1,8.0,0.0,0.6,0.7,150.6,162.4,174.2,162.4,2.0,24.5,8.0,0.0,0.6,0.7,-59.0,-57.5,-56.0,-57.5,2.0,3.1,8.0,0.0,0.6,0.7,97.1,99.7,102.3,99.7,2.0,5.4,8.0,0.0,0.6,0.7,-30.6,-28.0,-25.4,-28.0,2.0,5.4,8.0,0.0,0.6,0.7,44.0,48.5,53.1,48.5,2.0,9.4,8.0,0.0,0.6,0.7,340.5,426.0,511.5,426.0,2.0,177.0,8.0,0.0,0.6,0.7,340.0,425.0,510.0,425.0,2.0,175.0,8.0,0.0,0.6,0.7
1974,2,103.0,-17.0,27.5,27.5,27.5,27.5,1.0,0.0,10.0,0.0,0.5,0.5,25.8,25.8,25.8,25.8,1.0,0.0,10.0,0.0,0.5,0.5,14.73,14.73,14.73,14.73,1.0,0.0,10.0,0.0,0.5,0.5,71.2,71.2,71.2,71.2,1.0,0.0,10.0,0.0,0.5,6.7,6.7,6.7,6.7,1.0,0.0,10.0,0.0,0.5,0.5,-6.6,-6.6,-6.6,-6.6,1.0,0.0,10.0,0.0,0.5,0.5,1.16,1.16,1.16,1.16,1.0,0.0,10.0,0.0,0.5,0.5,1012.5,1012.5,1012.5,1012.5,1.0,0.0,10.0,0.0,0.5,0.5,7.0,7.0,7.0,7.0,1.0,0.0,10.0,0.0,0.5,0.5,-44.2,-44.2,-44.2,-44.2,1.0,0.0,10.0,0.0,0.5,0.5,7.8,7.8,7.8,7.8,1.0,0.0,10.0,0.0,0.5,0.5,1.7,1.7,1.7,1.7,1.0,0.0,10.0,0.0,0.5,0.5,11.4,11.4,11.4,11.4,1.0,0.0,10.0,0.0,0.5,0.5,8.25,8.25,8.25,8.25,1.0,0.0,10.0,0.0,0.5,0.5,55.3,55.3,55.3,55.3,1.0,0.0,10.0,0.0,0.5,0.5,-170.2,-170.2,-170.2,-170.2,1.0,0.0,10.0,0.0,0.5,0.5,30.0,30.0,30.0,30.0,1.0,0.0,10.0,0.0,0.5,0.5,-97.2,-97.2,-97.2,-97.2,1.0,0.0,10.0,0.0,0.5,0.5,17.1,17.1,17.1,17.1,1.0,0.0,10.0,0.0,0.5,0.5,-54.4,-54.4,-54.4,-54.4,1.0,0.0,10.0,0.0,0.5,0.5,9.6,9.6,9.6,9.6,1.0,0.0,10.0,0.0,0.5,0.5,301.0,301.0,301.0,301.0,1.0,0.0,10.0,0.0,0.5,0.5,300.0,300.0,300.0,300.0,1.0,0.0,10.0,0.0,0.5,0.5
1974,2,103.0,-16.0,27.6,27.6,27.6,27.6,1.0,0.0,2.0,0.0,0.8,0.3,30.3,30.3,30.3,30.3,1.0,0.0,2.0,0.0,0.8,0.3,15.49,15.49,15.49,15.49,1.0,0.0,2.0,0.0,0.8,0.3,57.5,57.5,57.5,57.5,1.0,0.0,2.0,0.0,0.3,5.0,5.0,5.0,5.0,1.0,0.0,2.0,0.0,0.8,0.3,3.21,3.21,3.21,3.21,1.0,0.0,2.0,0.0,0.8,0.3,-3.83,-3.83,-3.83,-3.83,1.0,0.0,2.0,0.0,0.8,0.3,1012.2,1012.2,1012.2,1012.2,1.0,0.0,2.0,0.0,0.8,0.3,0.0,0.0,0.0,0.0,1.0,0.0,2.0,0.0,0.8,0.3,16.1,16.1,16.1,16.1,1.0,0.0,2.0,0.0,0.8,0.3,-19.2,-19.2,-19.2,-19.2,1.0,0.0,2.0,0.0,0.8,0.3,-2.7,-2.7,-2.7,-2.7,1.0,0.0,2.0,0.0,0.8,0.3,-13.5,-13.5,-13.5,-13.5,1.0,0.0,2.0,0.0,0.8,0.3,7.64,7.64,7.64,7.64,1.0,0.0,2.0,0.0,0.8,0.3,38.2,38.2,38.2,38.2,1.0,0.0,2.0,0.0,0.8,0.3,97.4,97.4,97.4,97.4,1.0,0.0,2.0,0.0,0.8,0.3,-116.1,-116.1,-116.1,-116.1,1.0,0.0,2.0,0.0,0.8,0.3,49.8,49.8,49.8,49.8,1.0,0.0,2.0,0.0,0.8,0.3,-59.3,-59.3,-59.3,-59.3,1.0,0.0,2.0,0.0,0.8,0.3,24.5,24.5,24.5,24.5,1.0,0.0,2.0,0.0,0.8,0.3,-29.2,-29.2,-29.2,-29.2,1.0,0.0,2.0,0.0,0.8,0.3,125.0,125.0,125.0,125.0,1.0,0.0,2.0,0.0,0.8,0.3,125.0,125.0,125.0,125.0,1.0,0.0,2.0,0.0,0.8,0.3
1974,2,103.0,-12.0,,,,,,,,,,,,,,,,,,,,,,,,,,,,,,,,,,,,,,,,5.1,5.1,5.1,5.1,1.0,0.0,24.0,1.0,0.1,0.5,-3.91,-3.91,-3.91,-3.91,1.0,0.0,24.0,1.0,0.1,0.5,3.28,3.28,3.28,3.28,1.0,0.0,24.0,1.0,0.1,0.5,1012.7,1012.7,1012.7,1012.7,1.0,0.0,24.0,1.0,0.1,0.5,,,,,,,,,,,,,,,,,,,,,,,,,,,,,,,,,,,,,,,,,,,,,,,,,,,,,,,,,,,,,,,,,,,,,,,,,,,,,,,,,,,,,,,,,,,,,,,,,,,,,,,,,,,,,,,,,,,,,,,,,,,,,,,,,,,,,,,,,,,,,,,,,,,,,,
1974,2,103.0,-9.0,27.8,27.8,27.8,27.8,1.0,0.0,20.0,0.0,0.0,1.0,27.2,27.2,27.2,27.2,1.0,0.0,20.0,0.0,0.0,1.0,19.06,19.06,19.06,19.06,1.0,0.0,20.0,0.0,0.0,1.0,84.2,84.2,84.2,84.2,1.0,0.0,20.0,0.0,1.0,14.9,14.9,14.9,14.9,1.0,0.0,20.0,0.0,0.0,1.0,12.9,12.9,12.9,12.9,1.0,0.0,20.0,0.0,0.0,1.0,-7.45,-7.45,-7.45,-7.45,1.0,0.0,20.0,0.0,0.0,1.0,1007.5,1007.5,1007.5,1007.5,1.0,0.0,20.0,0.0,0.0,1.0,8.0,8.0,8.0,8.0,1.0,0.0,20.0,0.0,0.0,1.0,192.3,192.3,192.3,192.3,1.0,0.0,20.0,0.0,0.0,1.0,-111.0,-111.0,-111.0,-111.0,1.0,0.0,20.0,0.0,0.0,1.0,0.6,0.6,0.6,0.6,1.0,0.0,20.0,0.0,0.0,1.0,8.9,8.9,8.9,8.9,1.0,0.0,20.0,0.0,0.0,1.0,4.45,4.45,4.45,4.45,1.0,0.0,20.0,0.0,0.0,1.0,66.4,66.4,66.4,66.4,1.0,0.0,20.0,0.0,0.0,1.0,351.0,351.0,351.0,351.0,1.0,0.0,20.0,0.0,0.0,1.0,-202.6,-202.6,-202.6,-202.6,1.0,0.0,20.0,0.0,0.0,1.0,245.9,245.9,245.9,245.9,1.0,0.0,20.0,0.0,0.0,1.0,-142.0,-142.0,-142.0,-142.0,1.0,0.0,20.0,0.0,0.0,1.0,57.5,57.5,57.5,57.5,1.0,0.0,20.0,0.0,0.0,1.0,-33.2,-33.2,-33.2,-33.2,1.0,0.0,20.0,0.0,0.0,1.0,3308.0,3308.0,3308.0,3308.0,1.0,0.0,20.0,0.0,0.0,1.0,3310.0,3310.0,3310.0,3310.0,1.0,0.0,20.0,0.0,0.0,1.0
1974,2,103.0,-8.0,26.49,27.5,28.0,27.36,7.0,0.7,14.0,0.4,0.5,0.6,25.26,26.2,27.95,26.51,7.0,1.52,14.0,0.4,0.5,0.6,17.32,18.18,18.45,17.94,5.0,0.62,12.0,0.4,0.4,0.7,77.5,85.1,88.5,83.2,5.0,6.9,12.0,0.4,0.7,0.79,5.65,6.7,4.28,6.0,3.06,14.0,0.3,0.4,0.6,0.69,4.83,6.62,3.97,6.0,2.88,14.0,0.3,0.4,0.6,-1.81,-0.4,0.1,-0.96,6.0,1.75,14.0,0.3,0.4,0.6,1006.29,1008.2,1010.0,1008.07,7.0,1.66,14.0,0.4,0.5,0.6,1.9,7.0,8.0,5.1,7.0,3.4,14.0,0.4,0.5,0.6,0.7,27.6,44.3,24.2,6.0,20.4,14.0,0.3,0.4,0.6,-12.1,-1.8,0.1,-6.6,6.0,11.3,14.0,0.3,0.4,0.6,0.14,1.0,1.29,0.84,7.0,1.23,14.0,0.4,0.5,0.6,-0.2,3.8,9.5,5.6,6.0,7.7,14.0,0.3,0.4,0.6,3.14,4.82,6.27,4.77,5.0,1.64,12.0,0.4,0.4,0.7,10.0,21.0,21.7,16.1,4.0,10.7,12.0,0.3,0.3,0.7,19.9,124.3,166.0,101.8,6.0,72.5,14.0,0.3,0.4,0.6,-46.7,-10.5,3.0,-24.3,6.0,44.5,14.0,0.3,0.4,0.6,39.2,88.4,109.1,74.8,4.0,52.6,12.0,0.3,0.3,0.7,-51.8,-18.1,-6.9,-28.8,4.0,34.7,12.0,0.3,0.3,0.7,7.6,18.4,21.3,14.7,4.0,10.1,12.0,0.3,0.3,0.7,-8.9,-3.8,-1.7,-5.2,4.0,5.8,12.0,0.3,0.3,0.7,1.0,199.0,301.0,167.0,6.0,151.0,14.0,0.3,0.4,0.6,0.0,200.0,300.0,165.0,6.0,150.0,14.0,0.3,0.4,0.6
1974,2,103.0,-7.0,,,,,,,,,,,,,,,,,,,,,,,,,,,,,,,,,,,,,,,,10.8,10.8,10.8,10.8,1.0,0.0,20.0,1.0,0.4,0.4,8.27,8.27,8.27,8.27,1.0,0.0,20.0,1.0,0.4,0.4,-6.94,-6.94,-6.94,-6.94,1.0,0.0,20.0,1.0,0.4,0.4,1008.0,1008.0,1008.0,1008.0,1.0,0.0,20.0,1.0,0.4,0.4,,,,,,,,,,,,,,,,,,,,,,,,,,,,,,,,,,,,,,,,,,,,,,,,,,,,,,,,,,,,,,,,,,,,,,,,,,,,,,,,,,,,,,,,,,,,,,,,,,,,,,,,,,,,,,,,,,,,,,,,,,,,,,,,,,,,,,,,,,,,,,,,,,,,,,
1974,2,103.0,-6.0,27.0,27.0,27.0,27.0,1.0,0.0,18.0,1.0,0.7,0.3,26.0,26.0,26.0,26.0,1.0,0.0,18.0,1.0,0.7,0.3,17.91,17.91,17.91,17.91,1.0,0.0,18.0,1.0,0.7,0.3,85.1,85.1,85.1,85.1,1.0,0.0,18.0,1.0,0.3,4.6,4.6,4.6,4.6,1.0,0.0,18.0,1.0,0.7,0.3,1.57,1.57,1.57,1.57,1.0,0.0,18.0,1.0,0.7,0.3,-4.32,-4.32,-4.32,-4.32,1.0,0.0,18.0,1.0,0.7,0.3,1008.5,1008.5,1008.5,1008.5,1.0,0.0,18.0,1.0,0.7,0.3,8.0,8.0,8.0,8.0,1.0,0.0,18.0,1.0,0.7,0.3,7.2,7.2,7.2,7.2,1.0,0.0,18.0,1.0,0.7,0.3,-19.9,-19.9,-19.9,-19.9,1.0,0.0,18.0,1.0,0.7,0.3,1.0,1.0,1.0,1.0,1.0,0.0,18.0,1.0,0.7,0.3,4.6,4.6,4.6,4.6,1.0,0.0,18.0,1.0,0.7,0.3,4.48,4.48,4.48,4.48,1.0,0.0,18.0,1.0,0.7,0.3,20.6,20.6,20.6,20.6,1.0,0.0,18.0,1.0,0.7,0.3,40.9,40.9,40.9,40.9,1.0,0.0,18.0,1.0,0.7,0.3,-112.4,-112.4,-112.4,-112.4,1.0,0.0,18.0,1.0,0.7,0.3,28.2,28.2,28.2,28.2,1.0,0.0,18.0,1.0,0.7,0.3,-77.4,-77.4,-77.4,-77.4,1.0,0.0,18.0,1.0,0.7,0.3,7.1,7.1,7.1,7.1,1.0,0.0,18.0,1.0,0.7,0.3,-19.4,-19.4,-19.4,-19.4,1.0,0.0,18.0,1.0,0.7,0.3,97.5,97.5,97.5,97.5,1.0,0.0,18.0,1.0,0.7,0.3,95.0,95.0,95.0,95.0,1.0,0.0,18.0,1.0,0.7,0.3
1974,2,103.0,1.0,25.92,26.35,26.99,26.52,6.0,0.89,18.0,0.8,0.3,0.4,25.52,27.9,29.4,27.37,7.0,2.0,16.0,0.9,0.3,0.4,16.38,17.24,17.59,17.0,4.0,0.8,12.0,0.8,0.3,0.3,68.5,77.0,93.0,79.6,6.0,11.9,14.0,0.8,0.4,4.58,5.4,6.3,5.23,6.0,1.43,14.0,0.8,0.3,0.4,0.92,1.71,4.61,2.39,6.0,2.06,14.0,0.8,0.3,0.4,-5.89,-3.95,-1.05,-3.27,6.0,3.31,14.0,0.8,0.3,0.4,1008.56,1010.2,1010.87,1009.8,5.0,1.43,14.0,0.8,0.3,0.3,4.8,6.0,6.1,5.3,7.0,2.5,16.0,0.9,0.3,0.4,3.4,8.3,24.7,12.8,6.0,12.6,14.0,0.8,0.3,0.4,-34.9,-21.8,-1.4,-18.8,6.0,20.3,14.0,0.8,0.3,0.4,-2.7,-0.4,1.29,-0.52,6.0,1.96,18.0,0.8,0.3,0.4,-15.3,-5.1,5.6,-5.1,5.0,10.9,16.0,0.8,0.4,0.4,3.99,5.03,5.11,4.56,3.0,0.92,14.0,0.7,0.3,0.3,14.6,26.3,27.9,21.4,3.0,10.7,14.0,0.7,0.3,0.3,26.1,43.6,135.6,68.0,6.0,61.6,14.0,0.8,0.3,0.4,-154.3,-110.3,-22.4,-87.7,6.0,92.7,14.0,0.8,0.3,0.4,13.2,28.6,63.5,37.9,4.0,40.1,12.0,0.8,0.3,0.3,-86.8,-65.4,-44.3,-65.5,4.0,26.6,12.0,0.8,0.3,0.3,1.9,5.9,8.0,4.9,3.0,4.6,14.0,0.7,0.3,0.3,-27.4,-24.7,-12.6,-20.1,3.0,11.5,14.0,0.7,0.3,0.3,109.0,159.0,251.0,168.0,6.0,98.0,14.0,0.8,0.3,0.4,110.0,160.0,250.0,170.0,6.0,100.0,14.0,0.8,0.3,0.4
1974,2,103.0,4.0,26.03,26.1,26.58,26.3,3.0,0.44,14.0,0.7,0.8,0.5,25.99,26.4,27.83,26.9,3.0,1.42,14.0,0.7,0.8,0.5,16.95,17.33,17.7,17.33,2.0,0.78,16.0,0.5,0.8,0.4,81.4,82.1,82.8,82.1,2.0,1.5,16.0,0.5,0.4,6.08,8.2,9.29,7.7,3.0,2.39,14.0,0.7,0.8,0.5,-7.64,-7.51,-5.86,-6.77,3.0,1.45,14.0,0.7,0.8,0.5,-5.19,-2.8,-0.89,-3.03,3.0,3.16,14.0,0.7,0.8,0.5,1010.82,1011.5,1012.32,1011.57,3.0,1.1,14.0,0.7,0.8,0.5,6.3,7.0,7.0,6.7,3.0,0.6,14.0,0.7,0.8,0.5,-70.3,-63.2,-37.8,-54.3,3.0,25.0,14.0,0.7,0.8,0.5,-49.4,-23.0,-7.3,-28.2,3.0,31.2,14.0,0.7,0.8,0.5,-1.77,-0.4,0.56,-0.6,3.0,1.71,14.0,0.7,0.8,0.5,-16.7,-2.0,4.9,-5.8,3.0,16.2,14.0,0.7,0.8,0.5,3.51,4.22,4.93,4.22,2.0,1.47,16.0,0.5,0.8,0.4,20.5,29.7,38.9,29.7,2.0,19.1,16.0,0.5,0.8,0.4,-209.1,-198.8,-155.0,-182.5,3.0,42.1,14.0,0.7,0.8,0.5,-145.5,-72.4,-23.0,-84.0,3.0,90.3,14.0,0.7,0.8,0.5,-123.2,-110.2,-97.2,-110.2,2.0,26.9,16.0,0.5,0.8,0.4,-39.6,-23.5,-7.5,-23.5,2.0,33.3,16.0,0.5,0.8,0.4,-36.7,-28.4,-20.1,-28.4,2.0,17.2,16.0,0.5,0.8,0.4,-12.4,-7.4,-2.3,-7.4,2.0,10.4,16.0,0.5,0.8,0.4,265.5,551.5,817.5,541.5,3.0,404.5,14.0,0.7,0.8,0.5,265.0,550.0,815.0,540.0,3.0,405.0,14.0,0.7,0.8,0.5
1974,2,103.0,5.0,24.88,25.5,25.81,25.35,4.0,0.68,10.0,0.3,0.7,0.7,24.86,25.0,25.81,25.28,5.0,0.54,10.0,0.4,0.7,0.7,15.36,17.52,17.87,16.78,5.0,1.38,10.0,0.4,0.7,0.7,76.8,84.6,89.9,83.4,5.0,7.6,10.0,0.4,0.7,4.05,7.2,9.56,6.83,4.0,3.26,10.0,0.3,0.7,0.7,-7.22,-5.66,-2.95,-5.11,4.0,2.97,10.0,0.3,0.7,0.7,-6.15,-3.78,-1.85,-3.99,4.0,2.8,10.0,0.3,0.7,0.7,1009.07,1009.6,1011.31,1010.1,5.0,1.43,10.0,0.4,0.7,0.7,3.3,8.0,8.0,6.0,5.0,2.8,10.0,0.4,0.7,0.7,-68.6,-43.7,-13.9,-41.4,4.0,32.9,10.0,0.3,0.7,0.7,-59.1,-26.1,-6.7,-32.6,4.0,32.3,10.0,0.3,0.7,0.7,-0.68,0.3,0.65,0.0,4.0,0.92,10.0,0.3,0.7,0.7,-6.7,0.9,4.3,-1.1,4.0,8.2,10.0,0.3,0.7,0.7,2.78,3.68,4.59,3.68,4.0,1.16,10.0,0.3,0.7,0.7,11.8,28.4,43.6,27.7,4.0,18.8,10.0,0.3,0.7,0.7,-182.1,-146.2,-75.9,-129.8,4.0,74.7,10.0,0.3,0.7,0.7,-156.2,-94.0,-46.5,-101.0,4.0,72.1,10.0,0.3,0.7,0.7,-110.7,-92.0,-52.5,-82.1,4.0,44.9,10.0,0.3,0.7,0.7,-93.6,-62.4,-33.2,-63.3,4.0,40.5,10.0,0.3,0.7,0.7,-33.5,-21.1,-9.2,-21.3,4.0,16.0,10.0,0.3,0.7,0.7,-27.2,-15.1,-4.7,-15.9,4.0,13.2,10.0,0.3,0.7,0.7,79.0,468.5,876.0,477.0,4.0,462.5,10.0,0.3,0.7,0.7,80.0,470.0,875.0,475.0,4.0,460.0,10.0,0.3,0.7,0.7
1974,2,103.0,6.0,25.09,25.7,26.37,25.73,4.0,0.81,16.0,0.5,0.5,0.4,24.89,25.0,26.37,25.6,5.0,1.22,14.0,0.4,0.4,0.5,15.86,16.49,17.45,16.65,3.0,1.17,14.0,0.7,0.4,0.7,81.4,83.4,86.0,83.7,3.0,3.4,14.0,0.7,0.7,3.81,8.1,9.56,6.75,4.0,4.68,12.0,0.5,0.5,0.6,-9.24,-7.32,-3.3,-6.32,4.0,4.5,12.0,0.5,0.5,0.6,-1.47,0.94,2.99,0.77,4.0,2.89,12.0,0.5,0.5,0.6,1010.34,1011.5,1013.38,1011.78,5.0,1.64,14.0,0.4,0.4,0.5,2.0,6.0,8.0,5.2,5.0,3.0,14.0,0.4,0.4,0.5,-90.3,-59.3,-26.4,-58.4,4.0,47.0,12.0,0.5,0.5,0.6,-12.0,10.1,26.4,7.3,4.0,24.1,12.0,0.5,0.5,0.6,-1.19,0.85,1.05,-0.02,4.0,1.92,16.0,0.5,0.5,0.4,-15.8,0.0,3.9,-5.8,3.0,15.3,16.0,0.7,0.5,0.5,4.18,4.38,4.59,4.38,2.0,0.43,20.0,1.0,0.5,0.6,6.1,19.2,32.3,19.2,2.0,27.2,20.0,1.0,0.5,0.6,-230.7,-191.1,-90.6,-162.0,4.0,113.6,12.0,0.5,0.5,0.6,-36.3,23.4,80.4,22.1,4.0,76.0,12.0,0.5,0.5,0.6,-157.8,-120.0,-38.1,-98.5,3.0,89.7,14.0,0.7,0.4,0.7,-29.8,0.0,21.1,-4.2,3.0,37.5,14.0,0.7,0.4,0.7,-30.4,-18.0,-5.7,-18.0,2.0,25.5,20.0,1.0,0.5,0.6,-11.0,-6.6,-2.1,-6.6,2.0,9.3,20.0,1.0,0.5,0.6,244.0,531.5,922.5,581.0,4.0,517.5,12.0,0.5,0.5,0.6,245.0,530.0,920.0,580.0,4.0,520.0,12.0,0.5,0.5,0.6
1974,2,103.0,7.0,26.29,26.7,26.9,26.6,3.0,0.46,8.0,0.3,0.3,0.0,24.84,25.8,26.07,25.47,3.0,0.95,8.0,0.3,0.3,0.0,17.07,17.32,17.57,17.32,2.0,0.52,8.0,0.5,0.3,0.0,74.9,81.5,82.6,78.8,3.0,6.1,8.0,0.3,0.0,4.73,9.3,10.67,7.73,3.0,4.56,8.0,0.3,0.3,0.0,-9.63,-9.3,-3.56,-6.66,3.0,5.0,8.0,0.3,0.3,0.0,-4.63,-2.44,-0.78,-2.7,3.0,2.83,8.0,0.3,0.3,0.0,1008.61,1008.85,1009.09,1008.85,2.0,0.49,8.0,0.5,0.3,0.0,3.3,4.0,5.4,4.3,3.0,1.5,8.0,0.3,0.3,0.0,-102.9,-86.5,-29.0,-66.5,3.0,56.8,8.0,0.3,0.3,0.0,-45.6,-6.4,-2.0,-23.4,3.0,35.2,8.0,0.3,0.3,0.0,0.83,0.9,1.45,1.13,3.0,0.49,8.0,0.3,0.3,0.0,4.6,10.2,14.0,9.4,3.0,6.9,8.0,0.3,0.3,0.0,4.75,4.87,4.99,4.87,2.0,0.25,8.0,0.5,0.3,0.0,19.3,34.6,49.9,34.6,2.0,31.7,8.0,0.5,0.3,0.0,-244.4,-226.9,-87.9,-167.6,3.0,125.6,8.0,0.3,0.3,0.0,-119.8,-64.0,-20.3,-69.9,3.0,73.1,8.0,0.3,0.3,0.0,-142.1,-90.8,-39.6,-90.8,2.0,106.2,8.0,0.5,0.3,0.0,-87.4,-69.5,-51.6,-69.5,2.0,37.2,8.0,0.5,0.3,0.0,-42.2,-26.8,-11.4,-26.8,2.0,32.0,8.0,0.5,0.3,0.0,-25.8,-20.0,-14.2,-20.0,2.0,12.1,8.0,0.5,0.3,0.0,267.5,804.5,1240.0,755.0,3.0,714.0,8.0,0.3,0.3,0.0,265.0,805.0,1240.0,755.0,3.0,715.0,8.0,0.3,0.3,0.0
1974,2,103.0,8.0,24.4,25.45,26.97,25.79,8.0,1.79,8.0,0.8,0.5,0.7,25.73,26.2,26.85,26.46,9.0,1.06,6.0,0.6,0.5,0.7,15.9,16.78,17.23,16.6,6.0,0.86,6.0,0.7,0.4,0.8,73.9,76.9,81.5,76.4,7.0,6.0,6.0,0.6,0.8,4.73,6.2,7.57,6.23,9.0,1.96,8.0,0.7,0.4,0.7,-7.48,-5.37,-2.15,-4.78,9.0,3.33,8.0,0.7,0.4,0.7,-1.33,0.0,2.26,0.2,9.0,3.27,8.0,0.7,0.4,0.7,1008.71,1010.8,1013.18,1010.87,9.0,2.18,8.0,0.7,0.5,0.7,4.4,5.5,6.0,5.3,10.0,1.6,8.0,0.6,0.5,0.7,-56.6,-33.3,-12.3,-34.1,9.0,25.1,8.0,0.7,0.4,0.7,-9.3,0.0,14.0,0.7,9.0,25.0,8.0,0.7,0.4,0.7,-2.21,-1.7,1.59,-0.47,7.0,2.22,8.0,0.7,0.4,0.6,-13.3,-6.5,8.0,-3.9,7.0,12.5,8.0,0.7,0.4,0.6,1.65,4.83,7.17,4.66,5.0,3.51,8.0,0.8,0.4,0.8,7.2,28.5,40.3,25.0,5.0,17.7,8.0,0.8,0.4,0.8,-206.8,-143.4,-42.7,-124.7,8.0,95.7,6.0,0.6,0.4,0.7,-35.6,-14.0,0.0,-3.9,8.0,87.6,6.0,0.6,0.4,0.7,-132.4,-76.0,-8.4,-67.7,6.0,67.9,6.0,0.7,0.4,0.8,-35.1,-11.1,24.2,-1.7,6.0,65.4,6.0,0.7,0.4,0.8,-39.9,-28.5,-2.8,-22.6,5.0,20.9,8.0,0.8,0.4,0.8,-5.0,-2.7,0.0,-2.7,5.0,2.8,8.0,0.8,0.4,0.8,107.0,238.5,434.0,303.5,9.0,236.0,8.0,0.7,0.4,0.7,105.0,240.0,435.0,305.0,9.0,235.0,8.0,0.7,0.4,0.7
1974,2,103.0,9.0,26.29,27.2,28.0,27.31,15.0,1.1,12.0,0.6,0.3,0.3,25.61,26.3,28.0,26.73,14.0,1.11,12.0,0.6,0.3,0.3,14.39,15.8,17.02,15.66,9.0,1.39,12.0,0.4,0.3,0.3,65.0,75.4,76.5,73.1,9.0,8.2,12.0,0.4,0.3,2.24,5.1,8.2,5.17,12.0,3.12,12.0,0.5,0.3,0.3,-7.8,-4.04,-1.71,-4.33,12.0,3.02,12.0,0.5,0.3,0.3,-2.73,0.0,2.11,-0.44,12.0,3.02,12.0,0.5,0.3,0.3,1009.34,1011.2,1012.98,1011.26,15.0,1.8,12.0,0.6,0.3,0.3,0.2,4.0,7.0,4.0,15.0,2.9,12.0,0.6,0.3,0.3,-61.1,-21.4,-5.1,-30.3,12.0,29.4,12.0,0.5,0.3,0.3,-14.2,0.0,11.0,-4.5,12.0,20.5,12.0,0.5,0.3,0.3,-1.03,1.1,1.88,0.54,14.0,1.48,12.0,0.6,0.3,0.3,-3.7,5.1,9.8,3.9,11.0,10.0,12.0,0.5,0.3,0.3,5.04,6.71,7.07,6.62,9.0,1.78,12.0,0.4,0.3,0.3,21.3,38.7,50.6,35.9,8.0,20.2,12.0,0.4,0.4,0.3,-201.8,-116.0,-71.9,-125.8,11.0,75.7,12.0,0.5,0.3,0.3,-77.9,0.0,57.3,-14.0,11.0,86.4,12.0,0.5,0.3,0.3,-111.9,-65.4,-56.3,-70.6,8.0,39.2,12.0,0.4,0.4,0.3,-51.2,-12.3,20.0,-21.0,8.0,52.3,12.0,0.4,0.4,0.3,-49.9,-29.5,-16.2,-29.9,8.0,17.9,12.0,0.4,0.4,0.3,-34.2,-6.2,6.3,-10.8,8.0,20.1,12.0,0.4,0.4,0.3,20.0,132.5,551.5,266.5,12.0,295.0,12.0,0.5,0.3,0.3,20.0,135.0,550.0,265.0,12.0,295.0,12.0,0.5,0.3,0.3
1974,2,104.0,-45.0,11.0,11.0,11.0,11.0,1.0,0.0,2.0,1.0,0.1,0.7,8.7,8.7,8.7,8.7,1.0,0.0,2.0,1.0,0.1,0.7,5.02,5.02,5.02,5.02,1.0,0.0,2.0,1.0,0.1,0.7,71.8,71.8,71.8,71.8,1.0,0.0,2.0,1.0,0.7,15.9,15.9,15.9,15.9,1.0,0.0,2.0,1.0,0.1,0.7,12.18,12.18,12.18,12.18,1.0,0.0,2.0,1.0,0.1,0.7,10.22,10.22,10.22,10.22,1.0,0.0,2.0,1.0,0.1,0.7,1008.0,1008.0,1008.0,1008.0,1.0,0.0,2.0,1.0,0.1,0.7,6.0,6.0,6.0,6.0,1.0,0.0,2.0,1.0,0.1,0.7,193.7,193.7,193.7,193.7,1.0,0.0,2.0,1.0,0.1,0.7,162.5,162.5,162.5,162.5,1.0,0.0,2.0,1.0,0.1,0.7,2.3,2.3,2.3,2.3,1.0,0.0,2.0,1.0,0.1,0.7,36.6,36.6,36.6,36.6,1.0,0.0,2.0,1.0,0.1,0.7,3.15,3.15,3.15,3.15,1.0,0.0,2.0,1.0,0.1,0.7,50.1,50.1,50.1,50.1,1.0,0.0,2.0,1.0,0.1,0.7,106.0,106.0,106.0,106.0,1.0,0.0,2.0,1.0,0.1,0.7,88.9,88.9,88.9,88.9,1.0,0.0,2.0,1.0,0.1,0.7,61.2,61.2,61.2,61.2,1.0,0.0,2.0,1.0,0.1,0.7,51.3,51.3,51.3,51.3,1.0,0.0,2.0,1.0,0.1,0.7,38.4,38.4,38.4,38.4,1.0,0.0,2.0,1.0,0.1,0.7,32.2,32.2,32.2,32.2,1.0,0.0,2.0,1.0,0.1,0.7,4019.5,4019.5,4019.5,4019.5,1.0,0.0,2.0,1.0,0.1,0.7,4020.0,4020.0,4020.0,4020.0,1.0,0.0,2.0,1.0,0.1,0.7
1974,2,104.0,-40.0,12.32,13.0,13.68,13.0,2.0,1.41,12.0,0.5,0.3,0.3,12.44,12.75,13.06,12.75,2.0,0.64,12.0,0.5,0.3,0.3,5.19,5.92,6.64,5.92,2.0,1.5,12.0,0.5,0.3,0.3,58.1,64.8,71.5,64.8,2.0,14.0,12.0,0.5,0.3,7.78,7.95,8.12,7.95,2.0,0.35,12.0,0.5,0.3,0.3,7.12,7.17,7.21,7.17,2.0,0.09,12.0,0.5,0.3,0.3,-3.03,-0.73,1.56,-0.73,2.0,4.76,12.0,0.5,0.3,0.3,1014.6,1015.9,1017.2,1015.9,2.0,2.69,12.0,0.5,0.3,0.3,3.0,5.0,7.0,5.0,2.0,4.2,12.0,0.5,0.3,0.3,56.1,57.0,57.8,57.0,2.0,1.8,12.0,0.5,0.3,0.3,-25.1,-6.7,11.7,-6.7,2.0,38.1,12.0,0.5,0.3,0.3,-0.74,0.25,1.24,0.25,2.0,2.05,12.0,0.5,0.3,0.3,-6.2,1.6,9.5,1.6,2.0,16.2,12.0,0.5,0.3,0.3,2.21,3.36,4.51,3.36,2.0,2.39,12.0,0.5,0.3,0.3,17.7,26.3,34.9,26.3,2.0,17.8,12.0,0.5,0.3,0.3,89.8,91.4,93.0,91.4,2.0,3.4,12.0,0.5,0.3,0.3,-40.4,-10.9,18.7,-10.9,2.0,61.2,12.0,0.5,0.3,0.3,37.4,42.3,47.3,42.3,2.0,10.2,12.0,0.5,0.3,0.3,-22.0,-7.9,6.2,-7.9,2.0,29.3,12.0,0.5,0.3,0.3,15.8,24.2,32.6,24.2,2.0,17.5,12.0,0.5,0.3,0.3,-3.7,3.2,10.1,3.2,2.0,14.2,12.0,0.5,0.3,0.3,471.5,504.0,536.5,504.0,2.0,67.0,12.0,0.5,0.3,0.3,470.0,505.0,535.0,505.0,2.0,65.0,12.0,0.5,0.3,0.3
1974,2,104.0,-33.0,19.42,19.45,19.48,19.45,2.0,0.07,12.0,1.0,0.5,0.8,17.64,18.15,18.66,18.15,2.0,1.06,12.0,1.0,0.5,0.8,7.8,8.38,8.95,8.38,2.0,1.18,12.0,1.0,0.5,0.8,62.9,65.2,67.5,65.2,2.0,4.8,12.0,1.0,0.8,7.43,9.0,10.57,9.0,2.0,3.25,12.0,1.0,0.5,0.8,-4.88,-2.9,-0.92,-2.9,2.0,4.1,12.0,1.0,0.5,0.8,4.61,7.33,10.04,7.33,2.0,5.62,12.0,1.0,0.5,0.8,1021.04,1021.35,1021.66,1021.35,2.0,0.64,12.0,1.0,0.5,0.8,7.0,7.0,7.0,7.0,2.0,0.0,12.0,1.0,0.5,0.8,-32.7,-19.4,-6.2,-19.4,2.0,27.5,12.0,1.0,0.5,0.8,39.1,75.1,111.0,75.1,2.0,74.4,12.0,1.0,0.5,0.8,0.75,1.3,1.85,1.3,2.0,1.13,12.0,1.0,0.5,0.8,6.6,13.5,20.5,13.5,2.0,14.4,12.0,1.0,0.5,0.8,4.96,5.56,6.16,5.56,2.0,1.24,12.0,1.0,0.5,0.8,38.0,52.1,66.2,52.1,2.0,29.2,12.0,1.0,0.5,0.8,-92.3,-54.8,-17.4,-54.8,2.0,77.5,12.0,1.0,0.5,0.8,84.5,130.0,175.5,130.0,2.0,94.3,12.0,1.0,0.5,0.8,-45.0,-26.7,-8.5,-26.7,2.0,37.8,12.0,1.0,0.5,0.8,39.5,58.0,76.6,58.0,2.0,38.4,12.0,1.0,0.5,0.8,-22.9,-13.6,-4.3,-13.6,2.0,19.2,12.0,1.0,0.5,0.8,24.7,44.2,63.7,44.2,2.0,40.3,12.0,1.0,0.5,0.8,482.0,872.0,1261.5,872.0,2.0,807.5,12.0,1.0,0.5,0.8,480.0,870.0,1260.0,870.0,2.0,810.0,12.0,1.0,0.5,0.8
1974,2,104.0,-32.0,19.46,19.6,19.74,19.6,2.0,0.28,16.0,1.0,0.5,0.6,20.03,20.1,20.17,20.1,2.0,0.14,16.0,1.0,0.5,0.6,11.4,12.11,12.81,12.11,2.0,1.46,16.0,1.0,0.5,0.6,78.8,83.1,87.4,83.1,2.0,8.9,16.0,1.0,0.6,2.6,2.6,2.6,2.6,1.0,0.0,24.0,1.0,0.3,0.2,-2.56,-2.56,-2.56,-2.56,1.0,0.0,24.0,1.0,0.3,0.2,0.45,0.45,0.45,0.45,1.0,0.0,24.0,1.0,0.3,0.2,1014.54,1016.35,1018.16,1016.35,2.0,3.75,16.0,1.0,0.5,0.6,1.8,3.5,5.2,3.5,2.0,3.5,16.0,1.0,0.5,0.6,-6.7,-6.7,-6.7,-6.7,1.0,0.0,24.0,1.0,0.3,0.2,1.2,1.2,1.2,1.2,1.0,0.0,24.0,1.0,0.3,0.2,-0.57,-0.5,-0.43,-0.5,2.0,0.14,16.0,1.0,0.5,0.6,-1.0,-1.0,-1.0,-1.0,1.0,0.0,24.0,1.0,0.3,0.2,1.47,2.03,2.59,2.03,2.0,1.16,16.0,1.0,0.5,0.6,3.1,3.1,3.1,3.1,1.0,0.0,24.0,1.0,0.3,0.2,-51.7,-51.7,-51.7,-51.7,1.0,0.0,24.0,1.0,0.3,0.2,9.1,9.1,9.1,9.1,1.0,0.0,24.0,1.0,0.3,0.2,-33.7,-33.7,-33.7,-33.7,1.0,0.0,24.0,1.0,0.3,0.2,5.9,5.9,5.9,5.9,1.0,0.0,24.0,1.0,0.3,0.2,-3.1,-3.1,-3.1,-3.1,1.0,0.0,24.0,1.0,0.3,0.2,0.5,0.5,0.5,0.5,1.0,0.0,24.0,1.0,0.3,0.2,17.5,17.5,17.5,17.5,1.0,0.0,24.0,1.0,0.3,0.2,20.0,20.0,20.0,20.0,1.0,0.0,24.0,1.0,0.3,0.2
1974,2,104.0,-31.0,19.2,19.2,19.2,19.2,1.0,0.0,8.0,1.0,0.5,0.5,18.4,18.4,18.4,18.4,1.0,0.0,8.0,1.0,0.5,0.5,10.73,10.73,10.73,10.73,1.0,0.0,8.0,1.0,0.5,0.5,82.1,82.1,82.1,82.1,1.0,0.0,8.0,1.0,0.5,11.3,11.3,11.3,11.3,1.0,0.0,8.0,1.0,0.5,0.5,-9.79,-9.79,-9.79,-9.79,1.0,0.0,8.0,1.0,0.5,0.5,5.65,5.65,5.65,5.65,1.0,0.0,8.0,1.0,0.5,0.5,1018.1,1018.1,1018.1,1018.1,1.0,0.0,8.0,1.0,0.5,0.5,8.0,8.0,8.0,8.0,1.0,0.0,8.0,1.0,0.5,0.5,-110.6,-110.6,-110.6,-110.6,1.0,0.0,8.0,1.0,0.5,0.5,63.8,63.8,63.8,63.8,1.0,0.0,8.0,1.0,0.5,0.5,0.8,0.8,0.8,0.8,1.0,0.0,8.0,1.0,0.5,0.5,9.0,9.0,9.0,9.0,1.0,0.0,8.0,1.0,0.5,0.5,3.03,3.03,3.03,3.03,1.0,0.0,8.0,1.0,0.5,0.5,34.2,34.2,34.2,34.2,1.0,0.0,8.0,1.0,0.5,0.5,-180.1,-180.1,-180.1,-180.1,1.0,0.0,8.0,1.0,0.5,0.5,104.0,104.0,104.0,104.0,1.0,0.0,8.0,1.0,0.5,0.5,-105.0,-105.0,-105.0,-105.0,1.0,0.0,8.0,1.0,0.5,0.5,60.6,60.6,60.6,60.6,1.0,0.0,8.0,1.0,0.5,0.5,-29.7,-29.7,-29.7,-29.7,1.0,0.0,8.0,1.0,0.5,0.5,17.1,17.1,17.1,17.1,1.0,0.0,8.0,1.0,0.5,0.5,1443.0,1443.0,1443.0,1443.0,1.0,0.0,8.0,1.0,0.5,0.5,1445.0,1445.0,1445.0,1445.0,1.0,0.0,8.0,1.0,0.5,0.5
1974,2,104.0,-27.0,20.0,20.0,20.0,20.0,1.0,0.0,10.0,0.0,0.2,0.2,19.8,19.8,19.8,19.8,1.0,0.0,10.0,0.0,0.2,0.2,9.06,9.06,9.06,9.06,1.0,0.0,10.0,0.0,0.2,0.2,63.6,63.6,63.6,63.6,1.0,0.0,10.0,0.0,0.2,11.3,11.3,11.3,11.3,1.0,0.0,10.0,0.0,0.2,0.2,-7.26,-7.26,-7.26,-7.26,1.0,0.0,10.0,0.0,0.2,0.2,8.66,8.66,8.66,8.66,1.0,0.0,10.0,0.0,0.2,0.2,1017.3,1017.3,1017.3,1017.3,1.0,0.0,10.0,0.0,0.2,0.2,8.0,8.0,8.0,8.0,1.0,0.0,10.0,0.0,0.2,0.2,-82.1,-82.1,-82.1,-82.1,1.0,0.0,10.0,0.0,0.2,0.2,97.8,97.8,97.8,97.8,1.0,0.0,10.0,0.0,0.2,0.2,0.2,0.2,0.2,0.2,1.0,0.0,10.0,0.0,0.2,0.2,2.3,2.3,2.3,2.3,1.0,0.0,10.0,0.0,0.2,0.2,5.42,5.42,5.42,5.42,1.0,0.0,10.0,0.0,0.2,0.2,61.2,61.2,61.2,61.2,1.0,0.0,10.0,0.0,0.2,0.2,-143.8,-143.8,-143.8,-143.8,1.0,0.0,10.0,0.0,0.2,0.2,171.4,171.4,171.4,171.4,1.0,0.0,10.0,0.0,0.2,0.2,-65.8,-65.8,-65.8,-65.8,1.0,0.0,10.0,0.0,0.2,0.2,78.5,78.5,78.5,78.5,1.0,0.0,10.0,0.0,0.2,0.2,-39.4,-39.4,-39.4,-39.4,1.0,0.0,10.0,0.0,0.2,0.2,46.9,46.9,46.9,46.9,1.0,0.0,10.0,0.0,0.2,0.2,1443.0,1443.0,1443.0,1443.0,1.0,0.0,10.0,0.0,0.2,0.2,1445.0,1445.0,1445.0,1445.0,1.0,0.0,10.0,0.0,0.2,0.2
1974,2,104.0,-26.0,23.0,23.0,23.0,23.0,1.0,0.0,24.0,0.0,0.9,0.9,22.2,22.2,22.2,22.2,1.0,0.0,24.0,0.0,0.9,0.9,14.24,14.24,14.24,14.24,1.0,0.0,24.0,0.0,0.9,0.9,85.2,85.2,85.2,85.2,1.0,0.0,24.0,0.0,0.9,6.7,6.7,6.7,6.7,1.0,0.0,24.0,0.0,0.9,0.9,-4.31,-4.31,-4.31,-4.31,1.0,0.0,24.0,0.0,0.9,0.9,5.13,5.13,5.13,5.13,1.0,0.0,24.0,0.0,0.9,0.9,1009.1,1009.1,1009.1,1009.1,1.0,0.0,24.0,0.0,0.9,0.9,6.0,6.0,6.0,6.0,1.0,0.0,24.0,0.0,0.9,0.9,-28.9,-28.9,-28.9,-28.9,1.0,0.0,24.0,0.0,0.9,0.9,34.4,34.4,34.4,34.4,1.0,0.0,24.0,0.0,0.9,0.9,0.8,0.8,0.8,0.8,1.0,0.0,24.0,0.0,0.9,0.9,5.4,5.4,5.4,5.4,1.0,0.0,24.0,0.0,0.9,0.9,3.34,3.34,3.34,3.34,1.0,0.0,24.0,0.0,0.9,0.9,22.4,22.4,22.4,22.4,1.0,0.0,24.0,0.0,0.9,0.9,-95.6,-95.6,-95.6,-95.6,1.0,0.0,24.0,0.0,0.9,0.9,113.9,113.9,113.9,113.9,1.0,0.0,24.0,0.0,0.9,0.9,-61.3,-61.3,-61.3,-61.3,1.0,0.0,24.0,0.0,0.9,0.9,73.1,73.1,73.1,73.1,1.0,0.0,24.0,0.0,0.9,0.9,-14.4,-14.4,-14.4,-14.4,1.0,0.0,24.0,0.0,0.9,0.9,17.1,17.1,17.1,17.1,1.0,0.0,24.0,0.0,0.9,0.9,301.0,301.0,301.0,301.0,1.0,0.0,24.0,0.0,0.9,0.9,300.0,300.0,300.0,300.0,1.0,0.0,24.0,0.0,0.9,0.9
1974,2,104.0,-25.0,21.2,21.2,21.2,21.2,1.0,0.0,16.0,0.0,0.8,0.1,21.7,21.7,21.7,21.7,1.0,0.0,16.0,0.0,0.8,0.1,13.65,13.65,13.65,13.65,1.0,0.0,16.0,0.0,0.8,0.1,84.6,84.6,84.6,84.6,1.0,0.0,16.0,0.0,0.1,9.3,9.3,9.3,9.3,1.0,0.0,16.0,0.0,0.8,0.1,-7.12,-7.12,-7.12,-7.12,1.0,0.0,16.0,0.0,0.8,0.1,5.98,5.98,5.98,5.98,1.0,0.0,16.0,0.0,0.8,0.1,1013.6,1013.6,1013.6,1013.6,1.0,0.0,16.0,0.0,0.8,0.1,8.0,8.0,8.0,8.0,1.0,0.0,16.0,0.0,0.8,0.1,-66.3,-66.3,-66.3,-66.3,1.0,0.0,16.0,0.0,0.8,0.1,55.6,55.6,55.6,55.6,1.0,0.0,16.0,0.0,0.8,0.1,-0.5,-0.5,-0.5,-0.5,1.0,0.0,16.0,0.0,0.8,0.1,-4.6,-4.6,-4.6,-4.6,1.0,0.0,16.0,0.0,0.8,0.1,2.01,2.01,2.01,2.01,1.0,0.0,16.0,0.0,0.8,0.1,18.7,18.7,18.7,18.7,1.0,0.0,16.0,0.0,0.8,0.1,-154.6,-154.6,-154.6,-154.6,1.0,0.0,16.0,0.0,0.8,0.1,129.7,129.7,129.7,129.7,1.0,0.0,16.0,0.0,0.8,0.1,-97.3,-97.3,-97.3,-97.3,1.0,0.0,16.0,0.0,0.8,0.1,81.6,81.6,81.6,81.6,1.0,0.0,16.0,0.0,0.8,0.1,-14.3,-14.3,-14.3,-14.3,1.0,0.0,16.0,0.0,0.8,0.1,12.0,12.0,12.0,12.0,1.0,0.0,16.0,0.0,0.8,0.1,804.5,804.5,804.5,804.5,1.0,0.0,16.0,0.0,0.8,0.1,805.0,805.0,805.0,805.0,1.0,0.0,16.0,0.0,0.8,0.1
1974,2,104.0,-24.0,21.5,21.5,21.5,21.5,1.0,0.0,16.0,0.0,0.5,0.2,22.5,22.5,22.5,22.5,1.0,0.0,16.0,0.0,0.5,0.2,14.02,14.02,14.02,14.02,1.0,0.0,16.0,0.0,0.5,0.2,82.6,82.6,82.6,82.6,1.0,0.0,16.0,0.0,0.2,9.8,9.8,9.8,9.8,1.0,0.0,16.0,0.0,0.5,0.2,-7.51,-7.51,-7.51,-7.51,1.0,0.0,16.0,0.0,0.5,0.2,6.3,6.3,6.3,6.3,1.0,0.0,16.0,0.0,0.5,0.2,1012.4,1012.4,1012.4,1012.4,1.0,0.0,16.0,0.0,0.5,0.2,5.0,5.0,5.0,5.0,1.0,0.0,16.0,0.0,0.5,0.2,-73.6,-73.6,-73.6,-73.6,1.0,0.0,16.0,0.0,0.5,0.2,61.7,61.7,61.7,61.7,1.0,0.0,16.0,0.0,0.5,0.2,-1.0,-1.0,-1.0,-1.0,1.0,0.0,16.0,0.0,0.5,0.2,-9.8,-9.8,-9.8,-9.8,1.0,0.0,16.0,0.0,0.5,0.2,1.96,1.96,1.96,1.96,1.0,0.0,16.0,0.0,0.5,0.2,19.2,19.2,19.2,19.2,1.0,0.0,16.0,0.0,0.5,0.2,-168.9,-168.9,-168.9,-168.9,1.0,0.0,16.0,0.0,0.5,0.2,141.7,141.7,141.7,141.7,1.0,0.0,16.0,0.0,0.5,0.2,-105.2,-105.2,-105.2,-105.2,1.0,0.0,16.0,0.0,0.5,0.2,88.3,88.3,88.3,88.3,1.0,0.0,16.0,0.0,0.5,0.2,-14.7,-14.7,-14.7,-14.7,1.0,0.0,16.0,0.0,0.5,0.2,12.3,12.3,12.3,12.3,1.0,0.0,16.0,0.0,0.5,0.2,941.0,941.0,941.0,941.0,1.0,0.0,16.0,0.0,0.5,0.2,940.0,940.0,940.0,940.0,1.0,0.0,16.0,0.0,0.5,0.2
1974,2,104.0,-23.0,24.0,24.0,24.0,24.0,1.0,0.0,2.0,0.0,0.5,0.6,23.16,23.5,23.84,23.5,2.0,0.71,14.0,0.0,0.4,0.8,14.3,14.46,14.63,14.46,2.0,0.34,14.0,0.0,0.4,0.8,79.2,80.0,80.8,80.0,2.0,1.7,14.0,0.0,0.8,4.33,5.9,7.47,5.9,2.0,3.25,14.0,0.0,0.4,0.8,-2.73,-2.56,-2.39,-2.56,2.0,0.35,14.0,0.0,0.4,0.8,3.54,5.23,6.92,5.23,2.0,3.5,14.0,0.0,0.4,0.8,1008.62,1009.3,1009.98,1009.3,2.0,1.41,14.0,0.0,0.4,0.8,4.2,4.5,4.8,4.5,2.0,0.7,14.0,0.0,0.4,0.8,-20.7,-15.7,-10.7,-15.7,2.0,10.4,14.0,0.0,0.4,0.8,18.4,36.6,54.7,36.6,2.0,37.7,14.0,0.0,0.4,0.8,0.0,0.0,0.0,0.0,1.0,0.0,2.0,0.0,0.5,0.6,0.0,0.0,0.0,0.0,1.0,0.0,2.0,0.0,0.5,0.6,4.0,4.0,4.0,4.0,1.0,0.0,2.0,0.0,0.5,0.6,14.4,14.4,14.4,14.4,1.0,0.0,2.0,0.0,0.5,0.6,-63.1,-60.0,-57.0,-60.0,2.0,6.3,14.0,0.0,0.4,0.8,83.8,121.7,159.6,121.7,2.0,78.5,14.0,0.0,0.4,0.8,-39.0,-37.0,-35.0,-37.0,2.0,4.1,14.0,0.0,0.4,0.8,51.5,75.1,98.6,75.1,2.0,48.8,14.0,0.0,0.4,0.8,-9.2,-9.2,-9.2,-9.2,1.0,0.0,2.0,0.0,0.5,0.6,11.0,11.0,11.0,11.0,1.0,0.0,2.0,0.0,0.5,0.6,127.0,299.0,471.5,299.0,2.0,357.0,14.0,0.0,0.4,0.8,125.0,300.0,470.0,300.0,2.0,355.0,14.0,0.0,0.4,0.8
1974,2,104.0,-22.0,24.99,25.45,26.18,25.58,4.0,0.84,12.0,0.5,0.5,0.6,23.07,24.5,25.73,24.4,3.0,1.95,16.0,0.7,0.4,0.5,14.5,15.43,15.49,15.01,3.0,0.82,16.0,0.7,0.4,0.5,75.1,80.4,82.3,78.7,3.0,5.4,16.0,0.7,0.5,5.62,6.45,8.06,6.83,4.0,1.78,12.0,0.5,0.5,0.6,-4.49,-3.03,-1.39,-2.94,4.0,1.8,12.0,0.5,0.5,0.6,4.95,5.62,7.13,6.02,4.0,1.47,12.0,0.5,0.5,0.6,1008.53,1009.4,1010.01,1009.28,4.0,0.93,12.0,0.5,0.5,0.6,4.5,5.0,6.6,5.5,4.0,1.7,12.0,0.5,0.5,0.6,-36.4,-18.9,-7.7,-21.9,4.0,17.4,12.0,0.5,0.5,0.6,29.2,36.1,57.3,42.9,4.0,22.1,12.0,0.5,0.5,0.6,0.53,0.8,1.82,1.17,3.0,1.0,16.0,0.7,0.4,0.5,4.2,5.4,11.4,7.8,3.0,5.7,16.0,0.7,0.4,0.5,4.98,5.44,6.12,5.55,3.0,0.84,16.0,0.7,0.4,0.5,32.5,33.7,51.6,41.9,3.0,15.7,16.0,0.7,0.4,0.5,-117.0,-105.5,-50.0,-84.0,3.0,52.5,16.0,0.7,0.4,0.5,129.2,136.8,188.0,158.1,3.0,46.8,16.0,0.7,0.4,0.5,-70.4,-66.5,-31.4,-51.3,3.0,31.4,16.0,0.7,0.4,0.5,81.3,85.9,112.6,96.7,3.0,24.8,16.0,0.7,0.4,0.5,-27.0,-20.5,-10.5,-18.8,3.0,12.1,16.0,0.7,0.4,0.5,27.2,33.2,45.9,36.5,3.0,14.0,16.0,0.7,0.4,0.5,183.0,269.5,564.5,369.0,4.0,298.5,12.0,0.5,0.5,0.6,185.0,270.0,565.0,370.0,4.0,300.0,12.0,0.5,0.5,0.6
1974,2,104.0,-21.0,27.0,27.0,27.0,27.0,1.0,0.0,10.0,1.0,0.6,1.0,26.0,26.0,26.0,26.0,1.0,0.0,10.0,1.0,0.6,1.0,16.48,16.48,16.48,16.48,1.0,0.0,10.0,1.0,0.6,1.0,78.6,78.6,78.6,78.6,1.0,0.0,10.0,1.0,1.0,8.0,8.0,8.0,8.0,1.0,0.0,10.0,1.0,0.6,1.0,-4.0,-4.0,-4.0,-4.0,1.0,0.0,10.0,1.0,0.6,1.0,6.93,6.93,6.93,6.93,1.0,0.0,10.0,1.0,0.6,1.0,1012.2,1012.2,1012.2,1012.2,1.0,0.0,10.0,1.0,0.6,1.0,6.0,6.0,6.0,6.0,1.0,0.0,10.0,1.0,0.6,1.0,-32.0,-32.0,-32.0,-32.0,1.0,0.0,10.0,1.0,0.6,1.0,55.4,55.4,55.4,55.4,1.0,0.0,10.0,1.0,0.6,1.0,1.0,1.0,1.0,1.0,1.0,0.0,10.0,1.0,0.6,1.0,8.0,8.0,8.0,8.0,1.0,0.0,10.0,1.0,0.6,1.0,5.84,5.84,5.84,5.84,1.0,0.0,10.0,1.0,0.6,1.0,46.7,46.7,46.7,46.7,1.0,0.0,10.0,1.0,0.6,1.0,-104.0,-104.0,-104.0,-104.0,1.0,0.0,10.0,1.0,0.6,1.0,180.1,180.1,180.1,180.1,1.0,0.0,10.0,1.0,0.6,1.0,-65.9,-65.9,-65.9,-65.9,1.0,0.0,10.0,1.0,0.6,1.0,114.2,114.2,114.2,114.2,1.0,0.0,10.0,1.0,0.6,1.0,-23.3,-23.3,-23.3,-23.3,1.0,0.0,10.0,1.0,0.6,1.0,40.4,40.4,40.4,40.4,1.0,0.0,10.0,1.0,0.6,1.0,512.0,512.0,512.0,512.0,1.0,0.0,10.0,1.0,0.6,1.0,510.0,510.0,510.0,510.0,1.0,0.0,10.0,1.0,0.6,1.0
1974,2,104.0,-16.0,27.3,27.3,27.3,27.3,1.0,0.0,12.0,1.0,0.8,0.1,26.0,26.0,26.0,26.0,1.0,0.0,12.0,1.0,0.8,0.1,15.22,15.22,15.22,15.22,1.0,0.0,12.0,1.0,0.8,0.1,72.6,72.6,72.6,72.6,1.0,0.0,12.0,1.0,0.1,9.3,9.3,9.3,9.3,1.0,0.0,12.0,1.0,0.8,0.1,-7.12,-7.12,-7.12,-7.12,1.0,0.0,12.0,1.0,0.8,0.1,5.98,5.98,5.98,5.98,1.0,0.0,12.0,1.0,0.8,0.1,1011.0,1011.0,1011.0,1011.0,1.0,0.0,12.0,1.0,0.8,0.1,5.0,5.0,5.0,5.0,1.0,0.0,12.0,1.0,0.8,0.1,-66.3,-66.3,-66.3,-66.3,1.0,0.0,12.0,1.0,0.8,0.1,55.6,55.6,55.6,55.6,1.0,0.0,12.0,1.0,0.8,0.1,1.3,1.3,1.3,1.3,1.0,0.0,12.0,1.0,0.8,0.1,12.1,12.1,12.1,12.1,1.0,0.0,12.0,1.0,0.8,0.1,7.52,7.52,7.52,7.52,1.0,0.0,12.0,1.0,0.8,0.1,70.0,70.0,70.0,70.0,1.0,0.0,12.0,1.0,0.8,0.1,-185.2,-185.2,-185.2,-185.2,1.0,0.0,12.0,1.0,0.8,0.1,155.4,155.4,155.4,155.4,1.0,0.0,12.0,1.0,0.8,0.1,-108.5,-108.5,-108.5,-108.5,1.0,0.0,12.0,1.0,0.8,0.1,91.0,91.0,91.0,91.0,1.0,0.0,12.0,1.0,0.8,0.1,-53.6,-53.6,-53.6,-53.6,1.0,0.0,12.0,1.0,0.8,0.1,45.0,45.0,45.0,45.0,1.0,0.0,12.0,1.0,0.8,0.1,804.5,804.5,804.5,804.5,1.0,0.0,12.0,1.0,0.8,0.1,805.0,805.0,805.0,805.0,1.0,0.0,12.0,1.0,0.8,0.1
1974,2,104.0,-14.0,,,,,,,,,,,,,,,,,,,,,,,,,,,,,,,,,,,,,,,,6.2,6.2,6.2,6.2,1.0,0.0,24.0,0.0,0.2,0.7,-3.1,-3.1,-3.1,-3.1,1.0,0.0,24.0,0.0,0.2,0.7,5.37,5.37,5.37,5.37,1.0,0.0,24.0,0.0,0.2,0.7,1012.6,1012.6,1012.6,1012.6,1.0,0.0,24.0,0.0,0.2,0.7,,,,,,,,,,,,,,,,,,,,,,,,,,,,,,,,,,,,,,,,,,,,,,,,,,,,,,,,,,,,,,,,,,,,,,,,,,,,,,,,,,,,,,,,,,,,,,,,,,,,,,,,,,,,,,,,,,,,,,,,,,,,,,,,,,,,,,,,,,,,,,,,,,,,,,
1974,2,104.0,-8.0,27.72,27.75,27.78,27.75,2.0,0.07,14.0,1.0,0.1,0.9,24.77,25.55,26.33,25.55,2.0,1.63,14.0,1.0,0.1,0.9,18.61,19.13,19.66,19.13,2.0,1.08,14.0,1.0,0.1,0.9,91.3,93.1,95.0,93.1,2.0,3.9,14.0,1.0,0.9,6.5,9.5,12.5,9.5,2.0,6.22,14.0,1.0,0.1,0.9,5.2,7.97,10.75,7.97,2.0,5.75,14.0,1.0,0.1,0.9,-6.37,-5.11,-3.86,-5.11,2.0,2.6,14.0,1.0,0.1,0.9,1006.91,1007.35,1007.79,1007.35,2.0,0.92,14.0,1.0,0.1,0.9,6.3,7.0,7.7,7.0,2.0,1.4,14.0,1.0,0.1,0.9,43.3,93.6,143.9,93.6,2.0,104.2,14.0,1.0,0.1,0.9,-83.9,-56.7,-29.4,-56.7,2.0,56.5,14.0,1.0,0.1,0.9,1.38,2.2,3.02,2.2,2.0,1.7,14.0,1.0,0.1,0.9,11.8,26.2,40.6,26.2,2.0,29.8,14.0,1.0,0.1,0.9,3.75,4.31,4.87,4.31,2.0,1.16,14.0,1.0,0.1,0.9,26.3,44.6,62.9,44.6,2.0,37.9,14.0,1.0,0.1,0.9,134.4,199.0,263.7,199.0,2.0,133.9,14.0,1.0,0.1,0.9,-156.6,-128.6,-100.5,-128.6,2.0,58.0,14.0,1.0,0.1,0.9,100.5,149.4,198.3,149.4,2.0,101.4,14.0,1.0,0.1,0.9,-117.7,-96.4,-75.1,-96.4,2.0,44.1,14.0,1.0,0.1,0.9,21.3,37.7,54.2,37.7,2.0,34.1,14.0,1.0,0.1,0.9,-31.8,-23.6,-15.3,-23.6,2.0,17.1,14.0,1.0,0.1,0.9,538.0,1409.0,2280.5,1409.0,2.0,1805.0,14.0,1.0,0.1,0.9,540.0,1410.0,2280.0,1410.0,2.0,1805.0,14.0,1.0,0.1,0.9
1974,2,104.0,-7.0,26.89,27.6,28.05,27.64,7.0,0.78,14.0,0.6,0.4,0.3,26.97,27.3,29.0,27.63,7.0,1.0,14.0,0.6,0.4,0.3,17.55,17.92,18.02,17.79,5.0,0.32,12.0,0.6,0.4,0.3,76.8,79.3,81.6,79.3,5.0,2.7,12.0,0.6,0.3,0.0,5.1,6.87,4.11,7.0,4.15,14.0,0.6,0.4,0.3,0.0,3.35,4.99,3.05,7.0,3.34,14.0,0.6,0.4,0.3,-5.18,0.0,0.08,-2.05,7.0,3.17,14.0,0.6,0.4,0.3,1007.77,1008.3,1010.74,1009.29,7.0,2.18,14.0,0.6,0.4,0.3,4.8,6.5,8.0,5.8,6.0,3.0,12.0,0.5,0.5,0.3,0.0,22.4,31.9,23.9,7.0,32.6,14.0,0.6,0.4,0.3,-39.6,0.0,0.4,-16.8,7.0,24.6,14.0,0.6,0.4,0.3,-0.43,0.1,0.5,0.01,7.0,0.55,14.0,0.6,0.4,0.3,-0.1,0.0,2.7,0.7,7.0,2.5,14.0,0.6,0.4,0.3,4.17,5.47,5.68,5.03,5.0,0.89,12.0,0.6,0.4,0.3,0.0,25.7,34.1,19.7,5.0,19.4,12.0,0.6,0.4,0.3,0.0,90.5,135.8,83.1,7.0,89.5,14.0,0.6,0.4,0.3,-149.2,0.0,2.3,-56.3,7.0,86.9,14.0,0.6,0.4,0.3,0.0,60.3,113.3,61.3,5.0,66.8,12.0,0.6,0.4,0.3,-96.7,0.0,11.5,-33.1,5.0,61.2,12.0,0.6,0.4,0.3,0.0,12.9,30.8,15.6,5.0,16.9,12.0,0.6,0.4,0.3,-22.3,0.0,3.5,-7.0,5.0,14.5,12.0,0.6,0.4,0.3,0.0,132.5,338.5,261.0,7.0,390.5,14.0,0.6,0.4,0.3,0.0,135.0,340.0,260.0,7.0,390.0,14.0,0.6,0.4,0.3
1974,2,104.0,1.0,25.73,26.7,27.0,26.63,22.0,0.75,18.0,0.7,0.6,0.6,25.03,26.0,26.93,26.18,22.0,1.51,18.0,0.7,0.6,0.5,16.34,17.58,19.46,18.02,18.0,1.86,18.0,0.7,0.6,0.5,78.7,84.7,89.6,84.8,18.0,6.0,18.0,0.7,0.5,3.6,5.4,8.2,5.69,22.0,2.21,18.0,0.7,0.6,0.6,-3.89,-1.86,0.59,-1.68,22.0,2.24,18.0,0.7,0.6,0.6,-7.61,-4.69,-2.88,-4.92,22.0,2.32,18.0,0.7,0.6,0.6,1008.1,1009.5,1010.95,1009.8,23.0,1.85,18.0,0.7,0.6,0.6,3.0,5.0,7.5,5.1,23.0,2.0,18.0,0.7,0.6,0.6,-24.3,-9.5,1.5,-10.9,22.0,14.2,18.0,0.7,0.6,0.6,-61.3,-25.0,-10.4,-32.7,22.0,25.9,18.0,0.7,0.6,0.6,-0.5,0.9,1.6,0.43,20.0,1.73,18.0,0.7,0.6,0.5,-3.2,4.9,8.2,1.6,19.0,13.3,18.0,0.7,0.6,0.5,1.48,3.7,5.48,3.62,16.0,2.15,18.0,0.7,0.6,0.5,7.0,16.2,33.7,18.9,16.0,15.8,18.0,0.7,0.6,0.5,-101.7,-38.0,19.7,-40.6,21.0,57.9,16.0,0.7,0.6,0.6,-209.1,-120.5,-71.5,-131.6,21.0,64.6,16.0,0.7,0.6,0.6,-67.9,-24.2,19.8,-25.9,18.0,40.8,18.0,0.7,0.6,0.5,-118.7,-88.6,-47.0,-86.0,18.0,44.3,18.0,0.7,0.6,0.5,-12.8,-2.9,4.5,-3.9,16.0,10.2,18.0,0.7,0.6,0.5,-27.1,-13.8,-5.7,-16.3,16.0,14.9,18.0,0.7,0.6,0.5,46.5,159.0,551.5,264.5,22.0,260.5,18.0,0.7,0.6,0.6,45.0,160.0,550.0,265.0,22.0,260.0,18.0,0.7,0.6,0.6
1974,2,104.0,2.0,25.6,26.0,27.16,26.53,15.0,1.41,12.0,0.5,0.8,0.2,25.08,25.6,27.31,25.93,16.0,1.12,12.0,0.5,0.8,0.2,16.4,18.1,18.7,17.97,14.0,1.42,10.0,0.4,0.8,0.2,77.8,88.5,91.9,86.3,14.0,7.1,10.0,0.4,0.2,4.02,5.1,8.59,5.88,15.0,2.85,12.0,0.5,0.8,0.2,-2.61,-1.4,-0.15,-1.49,15.0,2.67,12.0,0.5,0.8,0.2,-7.68,-4.6,-0.65,-4.51,15.0,3.74,12.0,0.5,0.8,0.2,1008.08,1009.65,1010.81,1009.64,16.0,1.78,12.0,0.5,0.8,0.2,3.4,6.0,8.0,5.6,16.0,2.5,12.0,0.5,0.8,0.2,-22.0,-7.2,-0.6,-12.2,15.0,21.4,12.0,0.5,0.8,0.2,-62.1,-21.2,-2.0,-32.0,15.0,37.9,12.0,0.5,0.8,0.2,-1.08,0.4,1.58,0.47,15.0,1.48,12.0,0.5,0.8,0.2,-6.1,1.3,7.3,1.4,14.0,8.7,12.0,0.6,0.8,0.2,2.02,3.2,4.52,3.29,13.0,1.66,12.0,0.5,0.8,0.2,7.3,15.2,25.6,18.8,12.0,18.3,12.0,0.5,0.8,0.2,-67.0,-37.9,-3.9,-37.2,15.0,67.8,12.0,0.5,0.8,0.2,-195.4,-115.9,-15.8,-118.3,15.0,98.2,12.0,0.5,0.8,0.2,-49.3,-29.4,-15.7,-36.0,13.0,36.2,12.0,0.5,0.8,0.2,-143.2,-86.3,-43.1,-89.9,13.0,68.4,12.0,0.5,0.8,0.2,-8.8,-3.9,0.0,-5.4,12.0,6.6,12.0,0.5,0.8,0.2,-24.1,-14.6,-6.9,-17.9,12.0,17.2,12.0,0.5,0.8,0.2,65.0,132.5,634.5,337.5,15.0,394.0,12.0,0.5,0.8,0.2,65.0,135.0,635.0,340.0,15.0,395.0,12.0,0.5,0.8,0.2
1974,2,104.0,3.0,24.96,25.6,25.97,25.5,5.0,0.53,10.0,0.6,0.7,0.4,25.25,27.2,28.9,27.2,5.0,2.15,10.0,0.6,0.7,0.4,15.87,16.39,17.96,16.9,3.0,1.6,10.0,0.3,0.7,0.3,63.8,69.3,86.2,74.2,5.0,12.9,10.0,0.6,0.4,5.89,8.2,11.03,8.32,5.0,3.29,10.0,0.6,0.7,0.4,-4.96,-3.52,-1.93,-3.52,5.0,1.92,10.0,0.6,0.7,0.4,-10.37,-7.09,-4.35,-7.27,5.0,3.48,10.0,0.6,0.7,0.4,1009.05,1009.8,1010.89,1009.97,3.0,1.36,10.0,0.3,0.7,0.3,4.6,5.0,7.0,5.6,5.0,1.3,10.0,0.6,0.7,0.4,-51.6,-36.3,-8.8,-31.4,5.0,21.7,10.0,0.6,0.7,0.4,-115.2,-51.1,-31.1,-69.2,5.0,51.9,10.0,0.6,0.7,0.4,-3.5,-2.3,0.46,-1.7,5.0,2.18,10.0,0.6,0.7,0.4,-33.8,-25.4,2.8,-18.0,5.0,20.9,10.0,0.6,0.7,0.4,2.6,4.09,4.38,3.5,3.0,1.41,10.0,0.3,0.7,0.3,15.0,32.5,44.7,29.9,3.0,21.9,10.0,0.3,0.7,0.3,-137.1,-106.7,-48.7,-97.5,5.0,55.9,10.0,0.6,0.7,0.4,-301.0,-177.3,-119.6,-200.6,5.0,102.3,10.0,0.6,0.7,0.4,-58.6,-43.3,-27.7,-43.2,3.0,22.6,10.0,0.3,0.7,0.3,-160.2,-116.2,-72.1,-116.1,3.0,64.5,10.0,0.3,0.7,0.3,-13.6,-5.7,-4.8,-9.1,3.0,7.1,10.0,0.3,0.7,0.3,-42.5,-32.0,-13.7,-28.2,3.0,21.3,10.0,0.3,0.7,0.3,254.0,551.5,1373.5,785.0,5.0,711.0,10.0,0.6,0.7,0.4,255.0,550.0,1375.0,785.0,5.0,710.0,10.0,0.6,0.7,0.4
1974,2,104.0,4.0,25.19,25.6,26.56,25.87,3.0,1.03,8.0,0.7,0.3,0.5,26.08,26.7,27.22,26.6,5.0,0.97,8.0,0.8,0.2,0.4,14.82,15.93,17.03,15.93,2.0,2.29,8.0,1.0,0.2,0.4,67.8,72.8,77.8,72.8,2.0,10.4,8.0,1.0,0.4,6.34,8.7,10.56,8.26,5.0,3.1,8.0,0.8,0.2,0.4,-7.25,-4.1,-3.12,-5.12,5.0,3.09,8.0,0.8,0.2,0.4,-8.28,-6.66,-0.85,-4.94,5.0,4.71,8.0,0.8,0.2,0.4,1010.5,1010.55,1010.7,1010.6,4.0,0.14,6.0,0.8,0.1,0.3,3.6,5.0,7.4,5.4,5.0,2.1,8.0,0.8,0.2,0.4,-69.0,-41.4,-23.6,-46.9,5.0,36.0,8.0,0.8,0.2,0.4,-78.5,-58.0,2.1,-43.8,5.0,51.2,8.0,0.8,0.2,0.4,-1.35,-0.6,0.22,-0.57,3.0,1.15,8.0,0.7,0.3,0.5,-11.6,-6.6,2.1,-4.8,3.0,10.2,8.0,0.7,0.3,0.5,5.52,5.52,5.52,5.52,1.0,0.0,12.0,1.0,0.4,0.7,45.2,45.2,45.2,45.2,1.0,0.0,12.0,1.0,0.4,0.7,-187.4,-109.5,-85.6,-134.0,5.0,75.0,8.0,0.8,0.2,0.4,-224.6,-177.9,-24.4,-134.4,5.0,127.2,8.0,0.8,0.2,0.4,-91.9,-78.4,-64.9,-78.4,2.0,27.9,8.0,1.0,0.2,0.4,-114.5,-109.3,-104.0,-109.3,2.0,10.9,8.0,1.0,0.2,0.4,-22.6,-22.6,-22.6,-22.6,1.0,0.0,12.0,1.0,0.4,0.7,-39.2,-39.2,-39.2,-39.2,1.0,0.0,12.0,1.0,0.4,0.7,361.0,658.5,1179.5,732.5,5.0,505.0,8.0,0.8,0.2,0.4,360.0,660.0,1180.0,735.0,5.0,505.0,8.0,0.8,0.2,0.4
1974,2,104.0,5.0,,,,,,,,,,,,,,,,,,,,,,,,,,,,,,,,,,,,,,,,1.5,1.5,1.5,1.5,1.0,0.0,20.0,1.0,0.1,0.3,0.51,0.51,0.51,0.51,1.0,0.0,20.0,1.0,0.1,0.3,1.41,1.41,1.41,1.41,1.0,0.0,20.0,1.0,0.1,0.3,1010.6,1010.6,1010.6,1010.6,1.0,0.0,20.0,1.0,0.1,0.3,8.0,8.0,8.0,8.0,1.0,0.0,20.0,1.0,0.1,0.3,0.8,0.8,0.8,0.8,1.0,0.0,20.0,1.0,0.1,0.3,2.1,2.1,2.1,2.1,1.0,0.0,20.0,1.0,0.1,0.3,,,,,,,,,,,,,,,,,,,,,,,,,,,,,,,,,,,,,,,,,13.3,13.3,13.3,13.3,1.0,0.0,20.0,1.0,0.1,0.3,36.6,36.6,36.6,36.6,1.0,0.0,20.0,1.0,0.1,0.3,9.6,9.6,9.6,9.6,1.0,0.0,20.0,1.0,0.1,0.3,26.3,26.3,26.3,26.3,1.0,0.0,20.0,1.0,0.1,0.3,,,,,,,,,,,,,,,,,,,,,,,,,,,,,,,,,,,,,,,,
1974,2,104.0,6.0,25.0,25.0,25.0,25.0,1.0,0.0,2.0,1.0,0.1,0.7,26.2,26.2,26.2,26.2,1.0,0.0,2.0,1.0,0.1,0.7,16.61,16.61,16.61,16.61,1.0,0.0,2.0,1.0,0.1,0.7,78.2,78.2,78.2,78.2,1.0,0.0,2.0,1.0,0.7,5.7,5.7,5.7,5.7,1.0,0.0,2.0,1.0,0.1,0.7,-4.37,-4.37,-4.37,-4.37,1.0,0.0,2.0,1.0,0.1,0.7,-3.66,-3.66,-3.66,-3.66,1.0,0.0,2.0,1.0,0.1,0.7,1010.7,1010.7,1010.7,1010.7,1.0,0.0,2.0,1.0,0.1,0.7,7.0,7.0,7.0,7.0,1.0,0.0,2.0,1.0,0.1,0.7,-24.9,-24.9,-24.9,-24.9,1.0,0.0,2.0,1.0,0.1,0.7,-20.9,-20.9,-20.9,-20.9,1.0,0.0,2.0,1.0,0.1,0.7,-1.2,-1.2,-1.2,-1.2,1.0,0.0,2.0,1.0,0.1,0.7,-6.8,-6.8,-6.8,-6.8,1.0,0.0,2.0,1.0,0.1,0.7,3.21,3.21,3.21,3.21,1.0,0.0,2.0,1.0,0.1,0.7,18.3,18.3,18.3,18.3,1.0,0.0,2.0,1.0,0.1,0.7,-114.4,-114.4,-114.4,-114.4,1.0,0.0,2.0,1.0,0.1,0.7,-96.0,-96.0,-96.0,-96.0,1.0,0.0,2.0,1.0,0.1,0.7,-72.5,-72.5,-72.5,-72.5,1.0,0.0,2.0,1.0,0.1,0.7,-60.8,-60.8,-60.8,-60.8,1.0,0.0,2.0,1.0,0.1,0.7,-14.0,-14.0,-14.0,-14.0,1.0,0.0,2.0,1.0,0.1,0.7,-11.8,-11.8,-11.8,-11.8,1.0,0.0,2.0,1.0,0.1,0.7,185.0,185.0,185.0,185.0,1.0,0.0,2.0,1.0,0.1,0.7,185.0,185.0,185.0,185.0,1.0,0.0,2.0,1.0,0.1,0.7
1974,2,104.0,7.0,25.43,26.35,27.27,26.35,2.0,1.91,12.0,0.5,0.3,0.8,24.92,26.05,27.18,26.05,2.0,2.33,12.0,0.5,0.3,0.8,17.98,18.01,18.04,18.01,2.0,0.06,12.0,0.5,0.3,0.8,80.1,85.8,91.5,85.8,2.0,11.8,12.0,0.5,0.8,8.28,8.45,8.62,8.45,2.0,0.35,12.0,0.5,0.3,0.8,-8.1,-7.94,-7.78,-7.94,2.0,0.33,12.0,0.5,0.3,0.8,-1.89,0.09,2.06,0.09,2.0,4.09,12.0,0.5,0.3,0.8,1007.79,1009.5,1011.21,1009.5,2.0,3.54,12.0,0.5,0.3,0.8,3.0,3.0,3.0,3.0,2.0,0.0,12.0,0.5,0.3,0.8,-69.9,-67.2,-64.4,-67.2,2.0,5.6,12.0,0.5,0.3,0.8,-15.2,1.4,18.1,1.4,2.0,34.6,12.0,0.5,0.3,0.8,0.1,0.3,0.5,0.3,2.0,0.42,12.0,0.5,0.3,0.8,0.8,2.5,4.1,2.5,2.0,3.5,12.0,0.5,0.3,0.8,2.39,3.58,4.78,3.58,2.0,2.48,12.0,0.5,0.3,0.8,20.0,30.7,41.4,30.7,2.0,22.2,12.0,0.5,0.3,0.8,-220.4,-207.2,-194.1,-207.2,2.0,27.2,12.0,0.5,0.3,0.8,-44.5,7.0,58.5,7.0,2.0,106.7,12.0,0.5,0.3,0.8,-146.1,-143.0,-139.9,-143.0,2.0,6.5,12.0,0.5,0.3,0.8,-33.9,1.7,37.2,1.7,2.0,73.6,12.0,0.5,0.3,0.8,-38.9,-28.9,-18.8,-28.9,2.0,20.8,12.0,0.5,0.3,0.8,-1.8,5.4,12.5,5.4,2.0,14.9,12.0,0.5,0.3,0.8,568.5,605.0,641.5,605.0,2.0,76.0,12.0,0.5,0.3,0.8,570.0,605.0,640.0,605.0,2.0,75.0,12.0,0.5,0.3,0.8
1974,2,104.0,8.0,24.0,25.0,26.7,25.23,22.0,1.64,12.0,0.7,0.4,0.4,24.08,25.0,27.0,25.64,25.0,1.88,12.0,0.8,0.5,0.4,14.67,16.2,16.96,16.25,17.0,2.28,14.0,0.8,0.5,0.3,71.2,79.7,89.1,80.5,18.0,8.7,14.0,0.8,0.3,5.1,8.2,12.2,8.55,22.0,3.77,12.0,0.7,0.5,0.4,-12.14,-7.85,-4.33,-8.03,22.0,3.86,12.0,0.7,0.5,0.4,-4.54,-1.98,0.0,-2.04,22.0,1.99,12.0,0.7,0.5,0.4,1008.93,1011.0,1012.04,1010.88,24.0,1.55,12.0,0.8,0.4,0.4,2.0,4.0,6.0,3.9,25.0,2.2,12.0,0.8,0.5,0.4,-148.1,-63.6,-21.9,-82.4,22.0,64.1,12.0,0.7,0.5,0.4,-38.4,-19.3,0.0,-18.3,22.0,18.0,12.0,0.7,0.5,0.4,-1.73,0.0,0.9,-0.23,22.0,1.85,12.0,0.7,0.4,0.4,-17.1,0.0,7.5,-1.0,19.0,22.4,12.0,0.7,0.5,0.4,2.41,2.98,4.03,2.91,16.0,2.16,14.0,0.8,0.5,0.4,8.5,21.4,43.5,23.3,15.0,23.4,14.0,0.7,0.5,0.4,-310.6,-201.8,-121.0,-203.2,22.0,94.4,12.0,0.7,0.5,0.4,-116.7,-47.8,0.0,-52.4,22.0,52.8,12.0,0.7,0.5,0.4,-180.8,-119.4,-71.6,-120.9,16.0,58.0,14.0,0.8,0.5,0.3,-69.1,-40.9,0.0,-37.0,16.0,31.5,14.0,0.8,0.5,0.3,-40.4,-20.5,-7.6,-21.6,15.0,22.7,14.0,0.7,0.5,0.4,-15.3,-10.1,0.0,-6.6,15.0,8.3,14.0,0.7,0.5,0.4,132.5,551.5,1816.5,960.0,22.0,977.0,12.0,0.7,0.5,0.4,135.0,550.0,1815.0,960.0,22.0,975.0,12.0,0.7,0.5,0.4
1974,2,105.0,-65.0,,,,,,,,,,,,,,,,,,,,,,,,,,,,,,,,,,,,,,,,9.8,9.8,9.8,9.8,1.0,0.0,28.0,1.0,0.5,0.5,7.51,7.51,7.51,7.51,1.0,0.0,28.0,1.0,0.5,0.5,6.3,6.3,6.3,6.3,1.0,0.0,28.0,1.0,0.5,0.5,991.3,991.3,991.3,991.3,1.0,0.0,28.0,1.0,0.5,0.5,,,,,,,,,,,,,,,,,,,,,,,,,,,,,,,,,,,,,,,,,,,,,,,,,,,,,,,,,,,,,,,,,,,,,,,,,,,,,,,,,,,,,,,,,,,,,,,,,,,,,,,,,,,,,,,,,,,,,,,,,,,,,,,,,,,,,,,,,,,,,,,,,,,,,,
1974,2,105.0,-49.0,5.0,5.0,5.0,5.0,1.0,0.0,20.0,0.0,0.7,0.2,4.0,4.0,4.0,4.0,1.0,0.0,20.0,0.0,0.7,0.2,5.12,5.12,5.12,5.12,1.0,0.0,20.0,0.0,0.7,0.2,100.0,100.0,100.0,100.0,1.0,0.0,20.0,0.0,0.2,,,,,,,,,,,,,,,,,,,,,,,,,,,,,,,,,,,,,,,,,,,,,,,,,,,,,,,,,,,,,,,,,,,,,,,,,,,,,,,,,,,,,,,,,,,,,,,,,,,,,,,,,,,,,,,,,,,,,,,,,,,,,,,,,,,,,,,,,,,,,,,,,,,,,,,,,,,,,,,,,,,,,,,,,,,,,,,,,,,,,,,,,,,,,,
1974,2,105.0,-44.0,11.1,11.3,11.5,11.3,2.0,0.42,2.0,0.5,0.4,0.4,8.74,9.25,9.76,9.25,2.0,1.06,2.0,0.5,0.4,0.4,4.63,4.99,5.36,4.99,2.0,0.75,2.0,0.5,0.4,0.4,65.7,68.3,70.9,68.3,2.0,5.3,2.0,0.5,0.4,11.6,14.4,17.2,14.4,2.0,5.8,2.0,0.5,0.4,0.4,10.69,12.85,15.01,12.85,2.0,4.48,2.0,0.5,0.4,0.4,4.43,6.39,8.34,6.39,2.0,4.05,2.0,0.5,0.4,0.4,1003.43,1004.15,1004.87,1004.15,2.0,1.48,2.0,0.5,0.4,0.4,2.6,4.0,5.4,4.0,2.0,2.8,2.0,0.5,0.4,0.4,130.9,198.0,265.2,198.0,2.0,139.1,2.0,0.5,0.4,0.4,57.7,103.7,149.7,103.7,2.0,95.3,2.0,0.5,0.4,0.4,1.74,2.05,2.36,2.05,2.0,0.64,2.0,0.5,0.4,0.4,21.2,31.4,41.5,31.4,2.0,21.1,2.0,0.5,0.4,0.4,3.13,3.38,3.62,3.38,2.0,0.5,2.0,0.5,0.4,0.4,37.1,50.1,63.0,50.1,2.0,26.8,2.0,0.5,0.4,0.4,103.0,116.5,129.9,116.5,2.0,27.9,2.0,0.5,0.4,0.4,42.1,56.9,71.7,56.9,2.0,30.7,2.0,0.5,0.4,0.4,56.4,62.5,68.6,62.5,2.0,12.7,2.0,0.5,0.4,0.4,22.9,30.4,37.8,30.4,2.0,15.4,2.0,0.5,0.4,0.4,34.1,44.5,54.9,44.5,2.0,21.6,2.0,0.5,0.4,0.4,14.4,22.6,30.7,22.6,2.0,16.9,2.0,0.5,0.4,0.4,1924.0,3712.0,5500.0,3712.0,2.0,3704.5,2.0,0.5,0.4,0.4,1925.0,3710.0,5500.0,3710.0,2.0,3705.0,2.0,0.5,0.4,0.4
1974,2,105.0,-42.0,14.2,14.2,14.2,14.2,1.0,0.0,6.0,1.0,0.3,0.1,13.0,13.0,13.0,13.0,1.0,0.0,6.0,1.0,0.3,0.1,5.39,5.39,5.39,5.39,1.0,0.0,6.0,1.0,0.3,0.1,59.1,59.1,59.1,59.1,1.0,0.0,6.0,1.0,0.1,4.6,4.6,4.6,4.6,1.0,0.0,6.0,1.0,0.3,0.1,4.32,4.32,4.32,4.32,1.0,0.0,6.0,1.0,0.3,0.1,1.57,1.57,1.57,1.57,1.0,0.0,6.0,1.0,0.3,0.1,1029.4,1029.4,1029.4,1029.4,1.0,0.0,6.0,1.0,0.3,0.1,8.0,8.0,8.0,8.0,1.0,0.0,6.0,1.0,0.3,0.1,19.9,19.9,19.9,19.9,1.0,0.0,6.0,1.0,0.3,0.1,7.2,7.2,7.2,7.2,1.0,0.0,6.0,1.0,0.3,0.1,1.2,1.2,1.2,1.2,1.0,0.0,6.0,1.0,0.3,0.1,5.5,5.5,5.5,5.5,1.0,0.0,6.0,1.0,0.3,0.1,4.5,4.5,4.5,4.5,1.0,0.0,6.0,1.0,0.3,0.1,20.7,20.7,20.7,20.7,1.0,0.0,6.0,1.0,0.3,0.1,56.2,56.2,56.2,56.2,1.0,0.0,6.0,1.0,0.3,0.1,20.5,20.5,20.5,20.5,1.0,0.0,6.0,1.0,0.3,0.1,23.3,23.3,23.3,23.3,1.0,0.0,6.0,1.0,0.3,0.1,8.5,8.5,8.5,8.5,1.0,0.0,6.0,1.0,0.3,0.1,19.4,19.4,19.4,19.4,1.0,0.0,6.0,1.0,0.3,0.1,7.1,7.1,7.1,7.1,1.0,0.0,6.0,1.0,0.3,0.1,97.5,97.5,97.5,97.5,1.0,0.0,6.0,1.0,0.3,0.1,95.0,95.0,95.0,95.0,1.0,0.0,6.0,1.0,0.3,0.1
1974,2,105.0,-41.0,13.0,13.0,13.0,13.0,1.0,0.0,10.0,0.0,0.5,0.7,13.5,13.5,13.5,13.5,1.0,0.0,10.0,0.0,0.5,0.7,8.97,8.97,8.97,8.97,1.0,0.0,10.0,0.0,0.5,0.7,94.3,94.3,94.3,94.3,1.0,0.0,10.0,0.0,0.7,3.6,3.6,3.6,3.6,1.0,0.0,10.0,0.0,0.5,0.7,2.31,2.31,2.31,2.31,1.0,0.0,10.0,0.0,0.5,0.7,2.76,2.76,2.76,2.76,1.0,0.0,10.0,0.0,0.5,0.7,1020.9,1020.9,1020.9,1020.9,1.0,0.0,10.0,0.0,0.5,0.7,8.0,8.0,8.0,8.0,1.0,0.0,10.0,0.0,0.5,0.7,8.3,8.3,8.3,8.3,1.0,0.0,10.0,0.0,0.5,0.7,9.9,9.9,9.9,9.9,1.0,0.0,10.0,0.0,0.5,0.7,-0.5,-0.5,-0.5,-0.5,1.0,0.0,10.0,0.0,0.5,0.7,-1.8,-1.8,-1.8,-1.8,1.0,0.0,10.0,0.0,0.5,0.7,0.24,0.24,0.24,0.24,1.0,0.0,10.0,0.0,0.5,0.7,0.9,0.9,0.9,0.9,1.0,0.0,10.0,0.0,0.5,0.7,31.2,31.2,31.2,31.2,1.0,0.0,10.0,0.0,0.5,0.7,37.2,37.2,37.2,37.2,1.0,0.0,10.0,0.0,0.5,0.7,20.8,20.8,20.8,20.8,1.0,0.0,10.0,0.0,0.5,0.7,24.7,24.7,24.7,24.7,1.0,0.0,10.0,0.0,0.5,0.7,0.6,0.6,0.6,0.6,1.0,0.0,10.0,0.0,0.5,0.7,0.7,0.7,0.7,0.7,1.0,0.0,10.0,0.0,0.5,0.7,46.5,46.5,46.5,46.5,1.0,0.0,10.0,0.0,0.5,0.7,45.0,45.0,45.0,45.0,1.0,0.0,10.0,0.0,0.5,0.7
1974,2,105.0,-36.0,17.24,17.75,18.26,17.75,2.0,1.06,16.0,0.5,0.0,0.2,15.07,15.65,16.23,15.65,2.0,1.2,16.0,0.5,0.0,0.2,8.05,8.78,9.51,8.78,2.0,1.51,16.0,0.5,0.0,0.2,76.5,80.0,83.5,80.0,2.0,7.2,16.0,0.5,0.2,3.0,3.85,4.7,3.85,2.0,1.77,16.0,0.5,0.0,0.2,-2.35,-0.34,1.67,-0.34,2.0,4.16,16.0,0.5,0.0,0.2,0.62,1.95,3.29,1.95,2.0,2.76,16.0,0.5,0.0,0.2,1020.68,1023.0,1025.32,1023.0,2.0,4.81,16.0,0.5,0.0,0.2,7.2,7.5,7.8,7.5,2.0,0.7,16.0,0.5,0.0,0.2,-13.0,-5.0,3.0,-5.0,2.0,16.6,16.0,0.5,0.0,0.2,3.2,10.0,16.8,10.0,2.0,14.1,16.0,0.5,0.0,0.2,2.03,2.1,2.17,2.1,2.0,0.14,16.0,0.5,0.0,0.2,6.2,8.2,10.3,8.2,2.0,4.3,16.0,0.5,0.0,0.2,3.44,3.73,4.03,3.73,2.0,0.61,16.0,0.5,0.0,0.2,10.6,14.9,19.2,14.9,2.0,9.0,16.0,0.5,0.0,0.2,-34.0,-2.8,28.4,-2.8,2.0,64.6,16.0,0.5,0.0,0.2,9.2,28.9,48.6,28.9,2.0,40.9,16.0,0.5,0.0,0.2,-17.2,0.2,17.5,0.2,2.0,36.0,16.0,0.5,0.0,0.2,4.8,15.1,25.3,15.1,2.0,21.3,16.0,0.5,0.0,0.2,-10.1,-2.5,5.1,-2.5,2.0,15.7,16.0,0.5,0.0,0.2,2.6,8.1,13.7,8.1,2.0,11.5,16.0,0.5,0.0,0.2,36.0,75.0,114.5,75.0,2.0,81.5,16.0,0.5,0.0,0.2,35.0,75.0,115.0,75.0,2.0,80.0,16.0,0.5,0.0,0.2
1974,2,105.0,-35.0,,,,,,,,,,,,,,,,,,,,,,,,,,,,,,,,,,,,,,,,9.3,9.3,9.3,9.3,1.0,0.0,10.0,0.0,0.0,0.7,-1.61,-1.61,-1.61,-1.61,1.0,0.0,10.0,0.0,0.0,0.7,9.16,9.16,9.16,9.16,1.0,0.0,10.0,0.0,0.0,0.7,1027.2,1027.2,1027.2,1027.2,1.0,0.0,10.0,0.0,0.0,0.7,,,,,,,,,,,,,,,,,,,,,,,,,,,,,,,,,,,,,,,,,,,,,,,,,,,,,,,,,,,,,,,,,,,,,,,,,,,,,,,,,,,,,,,,,,,,,,,,,,,,,,,,,,,,,,,,,,,,,,,,,,,,,,,,,,,,,,,,,,,,,,,,,,,,,,
1974,2,105.0,-34.0,16.8,16.8,16.8,16.8,1.0,0.0,18.0,1.0,0.5,0.5,15.6,15.6,15.6,15.6,1.0,0.0,18.0,1.0,0.5,0.5,8.61,8.61,8.61,8.61,1.0,0.0,18.0,1.0,0.5,0.5,79.1,79.1,79.1,79.1,1.0,0.0,18.0,1.0,0.5,5.1,5.1,5.1,5.1,1.0,0.0,18.0,1.0,0.5,0.5,-4.42,-4.42,-4.42,-4.42,1.0,0.0,18.0,1.0,0.5,0.5,2.55,2.55,2.55,2.55,1.0,0.0,18.0,1.0,0.5,0.5,1023.0,1023.0,1023.0,1023.0,1.0,0.0,18.0,1.0,0.5,0.5,8.0,8.0,8.0,8.0,1.0,0.0,18.0,1.0,0.5,0.5,-22.5,-22.5,-22.5,-22.5,1.0,0.0,18.0,1.0,0.5,0.5,13.0,13.0,13.0,13.0,1.0,0.0,18.0,1.0,0.5,0.5,1.2,1.2,1.2,1.2,1.0,0.0,18.0,1.0,0.5,0.5,6.1,6.1,6.1,6.1,1.0,0.0,18.0,1.0,0.5,0.5,3.16,3.16,3.16,3.16,1.0,0.0,18.0,1.0,0.5,0.5,16.1,16.1,16.1,16.1,1.0,0.0,18.0,1.0,0.5,0.5,-68.9,-68.9,-68.9,-68.9,1.0,0.0,18.0,1.0,0.5,0.5,39.8,39.8,39.8,39.8,1.0,0.0,18.0,1.0,0.5,0.5,-38.0,-38.0,-38.0,-38.0,1.0,0.0,18.0,1.0,0.5,0.5,21.9,21.9,21.9,21.9,1.0,0.0,18.0,1.0,0.5,0.5,-13.9,-13.9,-13.9,-13.9,1.0,0.0,18.0,1.0,0.5,0.5,8.0,8.0,8.0,8.0,1.0,0.0,18.0,1.0,0.5,0.5,132.5,132.5,132.5,132.5,1.0,0.0,18.0,1.0,0.5,0.5,135.0,135.0,135.0,135.0,1.0,0.0,18.0,1.0,0.5,0.5
1974,2,105.0,-33.0,20.2,20.2,20.2,20.2,1.0,0.0,14.0,1.0,0.8,1.0,20.39,21.65,22.91,21.65,2.0,2.62,20.0,1.0,0.5,1.0,9.13,9.13,9.13,9.13,1.0,0.0,14.0,1.0,0.8,1.0,64.4,64.4,64.4,64.4,1.0,0.0,14.0,1.0,1.0,5.68,7.15,8.62,7.15,2.0,3.04,20.0,1.0,0.5,1.0,-6.09,-1.86,2.36,-1.86,2.0,8.76,20.0,1.0,0.5,1.0,2.84,3.58,4.31,3.58,2.0,1.52,20.0,1.0,0.5,1.0,1013.39,1017.45,1021.51,1017.45,2.0,8.41,20.0,1.0,0.5,1.0,8.0,8.0,8.0,8.0,2.0,0.0,20.0,1.0,0.5,1.0,-59.6,-26.6,6.3,-26.6,2.0,68.3,20.0,1.0,0.5,1.0,17.4,27.9,38.4,27.9,2.0,21.7,20.0,1.0,0.5,1.0,0.4,0.4,0.4,0.4,1.0,0.0,14.0,1.0,0.8,1.0,3.7,3.7,3.7,3.7,1.0,0.0,14.0,1.0,0.8,1.0,5.45,5.45,5.45,5.45,1.0,0.0,14.0,1.0,0.8,1.0,50.7,50.7,50.7,50.7,1.0,0.0,14.0,1.0,0.8,1.0,-118.0,-28.9,60.3,-28.9,2.0,184.7,20.0,1.0,0.5,1.0,64.0,75.4,86.8,75.4,2.0,23.6,20.0,1.0,0.5,1.0,-73.5,-73.5,-73.5,-73.5,1.0,0.0,14.0,1.0,0.8,1.0,42.4,42.4,42.4,42.4,1.0,0.0,14.0,1.0,0.8,1.0,-43.9,-43.9,-43.9,-43.9,1.0,0.0,14.0,1.0,0.8,1.0,25.3,25.3,25.3,25.3,1.0,0.0,14.0,1.0,0.8,1.0,233.0,464.5,696.5,464.5,2.0,480.5,20.0,1.0,0.5,1.0,235.0,465.0,695.0,465.0,2.0,480.0,20.0,1.0,0.5,1.0
1974,2,105.0,-32.0,19.5,19.7,19.9,19.7,2.0,0.42,6.0,0.5,0.3,0.8,18.21,18.65,19.09,18.65,2.0,0.92,6.0,0.5,0.3,0.8,10.75,10.93,11.11,10.93,2.0,0.37,6.0,0.5,0.3,0.8,78.9,82.6,86.4,82.6,2.0,7.7,6.0,0.5,0.8,12.05,12.6,13.15,12.6,2.0,1.13,6.0,0.5,0.3,0.8,-10.07,-9.65,-9.23,-9.65,2.0,0.87,6.0,0.5,0.3,0.8,7.75,8.1,8.45,8.1,2.0,0.73,6.0,0.5,0.3,0.8,1018.62,1019.75,1020.88,1019.75,2.0,2.33,6.0,0.5,0.3,0.8,5.5,6.5,7.5,6.5,2.0,2.1,6.0,0.5,0.3,0.8,-132.6,-122.1,-111.6,-122.1,2.0,21.8,6.0,0.5,0.3,0.8,93.6,102.5,111.3,102.5,2.0,18.3,6.0,0.5,0.3,0.8,0.81,1.05,1.29,1.05,2.0,0.49,6.0,0.5,0.3,0.8,10.5,13.0,15.4,13.0,2.0,5.0,6.0,0.5,0.3,0.8,2.88,3.25,3.63,3.25,2.0,0.78,6.0,0.5,0.3,0.8,34.9,41.4,48.0,41.4,2.0,13.6,6.0,0.5,0.3,0.8,-192.5,-180.4,-168.3,-180.4,2.0,25.0,6.0,0.5,0.3,0.8,141.2,151.4,161.5,151.4,2.0,21.0,6.0,0.5,0.3,0.8,-108.1,-105.3,-102.5,-105.3,2.0,5.9,6.0,0.5,0.3,0.8,86.0,88.4,90.7,88.4,2.0,4.9,6.0,0.5,0.3,0.8,-36.8,-31.7,-26.7,-31.7,2.0,10.4,6.0,0.5,0.3,0.8,22.4,26.6,30.8,26.6,2.0,8.7,6.0,0.5,0.3,0.8,1764.0,2024.5,2285.0,2024.5,2.0,539.5,6.0,0.5,0.3,0.8,1765.0,2025.0,2285.0,2025.0,2.0,540.0,6.0,0.5,0.3,0.8
1974,2,105.0,-31.0,18.43,19.35,20.27,19.35,2.0,1.91,12.0,0.5,0.8,0.4,19.57,20.35,21.13,20.35,2.0,1.63,12.0,0.5,0.8,0.4,11.83,12.49,13.15,12.49,2.0,1.37,12.0,0.5,0.8,0.4,83.9,84.2,84.5,84.2,2.0,0.6,12.0,0.5,0.4,8.53,9.25,9.97,9.25,2.0,1.48,12.0,0.5,0.8,0.4,-8.16,-6.51,-4.86,-6.51,2.0,3.41,12.0,0.5,0.8,0.4,5.46,6.13,6.79,6.13,2.0,1.38,12.0,0.5,0.8,0.4,1015.9,1016.75,1017.6,1016.75,2.0,1.77,12.0,0.5,0.8,0.4,2.3,3.0,3.7,3.0,2.0,1.4,12.0,0.5,0.8,0.4,-82.6,-62.7,-42.9,-62.7,2.0,41.2,12.0,0.5,0.8,0.4,53.9,55.6,57.4,55.6,2.0,3.7,12.0,0.5,0.8,0.4,-2.71,-1.0,0.71,-1.0,2.0,3.54,12.0,0.5,0.8,0.4,-21.7,-6.6,8.4,-6.6,2.0,31.2,12.0,0.5,0.8,0.4,0.01,1.47,2.92,1.47,2.0,3.01,12.0,0.5,0.8,0.4,1.3,15.8,30.3,15.8,2.0,30.0,12.0,0.5,0.8,0.4,-158.1,-129.7,-101.3,-129.7,2.0,58.8,12.0,0.5,0.8,0.4,107.4,125.8,144.1,125.8,2.0,38.0,12.0,0.5,0.8,0.4,-95.2,-79.0,-62.7,-79.0,2.0,33.7,12.0,0.5,0.8,0.4,65.1,77.4,89.8,77.4,2.0,25.6,12.0,0.5,0.8,0.4,-26.6,-14.7,-2.8,-14.7,2.0,24.6,12.0,0.5,0.8,0.4,-1.0,6.9,14.8,6.9,2.0,16.4,12.0,0.5,0.8,0.4,637.5,822.0,1007.0,822.0,2.0,383.0,12.0,0.5,0.8,0.4,635.0,820.0,1005.0,820.0,2.0,385.0,12.0,0.5,0.8,0.4
1974,2,105.0,-30.0,20.5,20.5,20.5,20.5,1.0,0.0,24.0,0.0,0.2,0.5,20.08,20.25,20.42,20.25,2.0,0.35,14.0,0.0,0.5,0.4,10.7,10.7,10.7,10.7,2.0,0.0,14.0,0.0,0.5,0.4,72.0,73.0,73.9,73.0,2.0,1.9,14.0,0.0,0.4,5.82,8.45,11.08,8.45,2.0,5.44,14.0,0.0,0.5,0.4,-6.9,-4.74,-2.58,-4.74,2.0,4.48,14.0,0.0,0.5,0.4,5.13,6.87,8.61,6.87,2.0,3.61,14.0,0.0,0.5,0.4,1015.23,1017.45,1019.67,1017.45,2.0,4.6,14.0,0.0,0.5,0.4,6.2,6.5,6.8,6.5,2.0,0.7,14.0,0.0,0.5,0.4,-83.0,-52.2,-21.5,-52.2,2.0,63.6,14.0,0.0,0.5,0.4,35.1,67.9,100.7,67.9,2.0,67.9,14.0,0.0,0.5,0.4,0.0,0.0,0.0,0.0,1.0,0.0,24.0,0.0,0.2,0.5,0.0,0.0,0.0,0.0,1.0,0.0,24.0,0.0,0.2,0.5,4.28,4.28,4.28,4.28,1.0,0.0,24.0,0.0,0.2,0.5,19.7,19.7,19.7,19.7,1.0,0.0,24.0,0.0,0.2,0.5,-138.1,-95.2,-52.2,-95.2,2.0,89.0,14.0,0.0,0.5,0.4,104.5,138.5,172.6,138.5,2.0,70.6,14.0,0.0,0.5,0.4,-73.9,-50.7,-27.6,-50.7,2.0,47.9,14.0,0.0,0.5,0.4,54.9,73.6,92.2,73.6,2.0,38.6,14.0,0.0,0.5,0.4,-6.7,-6.7,-6.7,-6.7,1.0,0.0,24.0,0.0,0.2,0.5,18.5,18.5,18.5,18.5,1.0,0.0,24.0,0.0,0.2,0.5,377.0,979.0,1581.0,979.0,2.0,1247.0,14.0,0.0,0.5,0.4,375.0,980.0,1580.0,980.0,2.0,1245.0,14.0,0.0,0.5,0.4
1974,2,105.0,-28.0,21.2,21.2,21.2,21.2,1.0,0.0,10.0,0.0,0.1,0.4,19.0,19.0,19.0,19.0,1.0,0.0,10.0,0.0,0.1,0.4,8.04,8.04,8.04,8.04,1.0,0.0,10.0,0.0,0.1,0.4,59.3,59.3,59.3,59.3,1.0,0.0,10.0,0.0,0.4,9.3,9.3,9.3,9.3,1.0,0.0,10.0,0.0,0.1,0.4,-3.18,-3.18,-3.18,-3.18,1.0,0.0,10.0,0.0,0.1,0.4,8.74,8.74,8.74,8.74,1.0,0.0,10.0,0.0,0.1,0.4,1018.3,1018.3,1018.3,1018.3,1.0,0.0,10.0,0.0,0.1,0.4,,,,,,,,,,,,,,,,,,,,,,,,,,,,,,,2.2,2.2,2.2,2.2,1.0,0.0,10.0,0.0,0.1,0.4,20.5,20.5,20.5,20.5,1.0,0.0,10.0,0.0,0.1,0.4,7.55,7.55,7.55,7.55,1.0,0.0,10.0,0.0,0.1,0.4,70.3,70.3,70.3,70.3,1.0,0.0,10.0,0.0,0.1,0.4,-60.4,-60.4,-60.4,-60.4,1.0,0.0,10.0,0.0,0.1,0.4,166.0,166.0,166.0,166.0,1.0,0.0,10.0,0.0,0.1,0.4,-25.6,-25.6,-25.6,-25.6,1.0,0.0,10.0,0.0,0.1,0.4,70.2,70.2,70.2,70.2,1.0,0.0,10.0,0.0,0.1,0.4,-24.0,-24.0,-24.0,-24.0,1.0,0.0,10.0,0.0,0.1,0.4,66.0,66.0,66.0,66.0,1.0,0.0,10.0,0.0,0.1,0.4,804.5,804.5,804.5,804.5,1.0,0.0,10.0,0.0,0.1,0.4,805.0,805.0,805.0,805.0,1.0,0.0,10.0,0.0,0.1,0.4
1974,2,105.0,-26.0,22.5,22.5,22.5,22.5,1.0,0.0,2.0,1.0,0.1,0.5,22.1,22.1,22.1,22.1,1.0,0.0,2.0,1.0,0.1,0.5,12.46,12.46,12.46,12.46,1.0,0.0,2.0,1.0,0.1,0.5,75.2,75.2,75.2,75.2,1.0,0.0,2.0,1.0,0.5,6.7,6.7,6.7,6.7,1.0,0.0,2.0,1.0,0.1,0.5,-3.35,-3.35,-3.35,-3.35,1.0,0.0,2.0,1.0,0.1,0.5,5.8,5.8,5.8,5.8,1.0,0.0,2.0,1.0,0.1,0.5,1009.6,1009.6,1009.6,1009.6,1.0,0.0,2.0,1.0,0.1,0.5,6.0,6.0,6.0,6.0,1.0,0.0,2.0,1.0,0.1,0.5,-22.4,-22.4,-22.4,-22.4,1.0,0.0,2.0,1.0,0.1,0.5,38.9,38.9,38.9,38.9,1.0,0.0,2.0,1.0,0.1,0.5,0.4,0.4,0.4,0.4,1.0,0.0,2.0,1.0,0.1,0.5,2.7,2.7,2.7,2.7,1.0,0.0,2.0,1.0,0.1,0.5,4.58,4.58,4.58,4.58,1.0,0.0,2.0,1.0,0.1,0.5,30.7,30.7,30.7,30.7,1.0,0.0,2.0,1.0,0.1,0.5,-74.0,-74.0,-74.0,-74.0,1.0,0.0,2.0,1.0,0.1,0.5,128.2,128.2,128.2,128.2,1.0,0.0,2.0,1.0,0.1,0.5,-41.8,-41.8,-41.8,-41.8,1.0,0.0,2.0,1.0,0.1,0.5,72.3,72.3,72.3,72.3,1.0,0.0,2.0,1.0,0.1,0.5,-15.3,-15.3,-15.3,-15.3,1.0,0.0,2.0,1.0,0.1,0.5,26.5,26.5,26.5,26.5,1.0,0.0,2.0,1.0,0.1,0.5,301.0,301.0,301.0,301.0,1.0,0.0,2.0,1.0,0.1,0.5,300.0,300.0,300.0,300.0,1.0,0.0,2.0,1.0,0.1,0.5
1974,2,105.0,-25.0,,,,,,,,,,,,,,,,,,,,,,,,,,,,,,,,,,,,,,,,8.08,11.05,14.02,11.05,2.0,6.15,22.0,0.5,0.8,0.9,-6.66,-4.43,-2.2,-4.43,2.0,4.62,22.0,0.5,0.8,0.9,7.67,9.97,12.27,9.97,2.0,4.76,22.0,0.5,0.8,0.9,1011.51,1012.6,1013.69,1012.6,2.0,2.26,22.0,0.5,0.8,0.9,5.3,6.0,6.7,6.0,2.0,1.4,22.0,0.5,0.8,0.9,-101.0,-63.2,-25.4,-63.2,2.0,78.3,22.0,0.5,0.8,0.9,69.8,124.8,179.8,124.8,2.0,114.0,22.0,0.5,0.8,0.9,,,,,,,,,,,,,,,,,,,,,,,,,,,,,,,,,,,,,,,,,-153.0,-101.1,-49.1,-101.1,2.0,107.5,22.0,0.5,0.8,0.9,168.0,224.3,280.6,224.3,2.0,116.6,22.0,0.5,0.8,0.9,-85.5,-57.3,-29.1,-57.3,2.0,58.4,22.0,0.5,0.8,0.9,103.6,130.8,158.1,130.8,2.0,56.5,22.0,0.5,0.8,0.9,,,,,,,,,,,,,,,,,,,,,,,,,,,,,,,,,,,,,,,,
1974,2,105.0,-23.0,24.36,24.5,24.5,24.43,3.0,0.12,8.0,0.7,0.4,0.3,23.74,24.5,26.05,24.88,4.0,1.55,6.0,0.5,0.5,0.4,14.64,15.55,15.93,15.29,3.0,0.97,8.0,0.7,0.4,0.3,72.6,78.8,80.6,76.6,3.0,6.1,8.0,0.7,0.3,6.18,7.2,7.54,6.87,3.0,1.04,8.0,0.7,0.4,0.3,-4.85,-4.63,-3.41,-4.14,3.0,1.13,8.0,0.7,0.4,0.3,5.12,5.52,5.78,5.45,3.0,0.48,8.0,0.7,0.4,0.3,1009.24,1010.7,1011.69,1010.48,4.0,1.78,6.0,0.5,0.5,0.4,5.5,6.5,7.5,6.5,4.0,1.3,6.0,0.5,0.5,0.4,-36.6,-33.3,-21.7,-29.2,3.0,11.5,8.0,0.7,0.4,0.3,31.8,39.7,43.6,37.8,3.0,8.8,8.0,0.7,0.4,0.3,-1.93,-0.7,0.46,-0.73,3.0,1.75,8.0,0.7,0.4,0.3,-14.7,-5.0,2.3,-6.2,3.0,12.5,8.0,0.7,0.4,0.3,3.16,3.73,4.61,3.88,3.0,1.07,8.0,0.7,0.4,0.3,23.3,28.6,28.7,26.0,3.0,4.5,8.0,0.7,0.4,0.3,-127.9,-115.7,-82.4,-105.4,3.0,34.5,8.0,0.7,0.4,0.3,123.0,137.9,152.5,137.7,3.0,21.6,8.0,0.7,0.4,0.3,-76.2,-74.5,-51.3,-64.0,3.0,20.4,8.0,0.7,0.4,0.3,76.1,88.8,90.8,83.6,3.0,11.7,8.0,0.7,0.4,0.3,-17.1,-14.3,-13.7,-15.4,3.0,2.7,8.0,0.7,0.4,0.3,17.9,22.0,23.9,20.9,3.0,4.5,8.0,0.7,0.4,0.3,245.0,373.0,430.0,338.5,3.0,139.0,8.0,0.7,0.4,0.3,245.0,375.0,430.0,340.0,3.0,140.0,8.0,0.7,0.4,0.3
1974,2,105.0,-22.0,25.0,25.0,25.0,25.0,1.0,0.0,28.0,0.0,0.6,0.6,23.2,23.2,23.2,23.2,1.0,0.0,28.0,0.0,0.6,0.6,14.61,14.61,14.61,14.61,1.0,0.0,28.0,0.0,0.6,0.6,82.2,82.2,82.2,82.2,1.0,0.0,28.0,0.0,0.6,5.1,5.1,5.1,5.1,1.0,0.0,28.0,0.0,0.6,0.6,0.0,0.0,0.0,0.0,1.0,0.0,28.0,0.0,0.6,0.6,5.1,5.1,5.1,5.1,1.0,0.0,28.0,0.0,0.6,0.6,1008.2,1008.2,1008.2,1008.2,1.0,0.0,28.0,0.0,0.6,0.6,6.0,6.0,6.0,6.0,1.0,0.0,28.0,0.0,0.6,0.6,0.0,0.0,0.0,0.0,1.0,0.0,28.0,0.0,0.6,0.6,26.0,26.0,26.0,26.0,1.0,0.0,28.0,0.0,0.6,0.6,1.8,1.8,1.8,1.8,1.0,0.0,28.0,0.0,0.6,0.6,9.2,9.2,9.2,9.2,1.0,0.0,28.0,0.0,0.6,0.6,5.26,5.26,5.26,5.26,1.0,0.0,28.0,0.0,0.6,0.6,26.8,26.8,26.8,26.8,1.0,0.0,28.0,0.0,0.6,0.6,0.0,0.0,0.0,0.0,1.0,0.0,28.0,0.0,0.6,0.6,118.3,118.3,118.3,118.3,1.0,0.0,28.0,0.0,0.6,0.6,0.0,0.0,0.0,0.0,1.0,0.0,28.0,0.0,0.6,0.6,74.5,74.5,74.5,74.5,1.0,0.0,28.0,0.0,0.6,0.6,0.0,0.0,0.0,0.0,1.0,0.0,28.0,0.0,0.6,0.6,26.8,26.8,26.8,26.8,1.0,0.0,28.0,0.0,0.6,0.6,132.5,132.5,132.5,132.5,1.0,0.0,28.0,0.0,0.6,0.6,135.0,135.0,135.0,135.0,1.0,0.0,28.0,0.0,0.6,0.6
1974,2,105.0,-21.0,27.0,27.0,27.0,27.0,1.0,0.0,10.0,1.0,0.2,0.5,27.0,27.0,27.0,27.0,1.0,0.0,10.0,1.0,0.2,0.5,15.5,15.5,15.5,15.5,1.0,0.0,10.0,1.0,0.2,0.5,69.7,69.7,69.7,69.7,1.0,0.0,10.0,1.0,0.5,8.2,8.2,8.2,8.2,1.0,0.0,10.0,1.0,0.2,0.5,-4.1,-4.1,-4.1,-4.1,1.0,0.0,10.0,1.0,0.2,0.5,7.1,7.1,7.1,7.1,1.0,0.0,10.0,1.0,0.2,0.5,1011.6,1011.6,1011.6,1011.6,1.0,0.0,10.0,1.0,0.2,0.5,5.0,5.0,5.0,5.0,1.0,0.0,10.0,1.0,0.2,0.5,-33.6,-33.6,-33.6,-33.6,1.0,0.0,10.0,1.0,0.2,0.5,58.2,58.2,58.2,58.2,1.0,0.0,10.0,1.0,0.2,0.5,0.0,0.0,0.0,0.0,1.0,0.0,10.0,1.0,0.2,0.5,0.0,0.0,0.0,0.0,1.0,0.0,10.0,1.0,0.2,0.5,6.83,6.83,6.83,6.83,1.0,0.0,10.0,1.0,0.2,0.5,56.0,56.0,56.0,56.0,1.0,0.0,10.0,1.0,0.2,0.5,-110.7,-110.7,-110.7,-110.7,1.0,0.0,10.0,1.0,0.2,0.5,191.7,191.7,191.7,191.7,1.0,0.0,10.0,1.0,0.2,0.5,-63.6,-63.6,-63.6,-63.6,1.0,0.0,10.0,1.0,0.2,0.5,110.1,110.1,110.1,110.1,1.0,0.0,10.0,1.0,0.2,0.5,-28.0,-28.0,-28.0,-28.0,1.0,0.0,10.0,1.0,0.2,0.5,48.5,48.5,48.5,48.5,1.0,0.0,10.0,1.0,0.2,0.5,551.5,551.5,551.5,551.5,1.0,0.0,10.0,1.0,0.2,0.5,550.0,550.0,550.0,550.0,1.0,0.0,10.0,1.0,0.2,0.5
1974,2,105.0,-16.0,,,,,,,,,,,,,,,,,,,,,,,,,,,,,,,,,,,,,,,,4.6,4.6,4.6,4.6,1.0,0.0,22.0,0.0,0.7,0.1,-3.98,-3.98,-3.98,-3.98,1.0,0.0,22.0,0.0,0.7,0.1,2.3,2.3,2.3,2.3,1.0,0.0,22.0,0.0,0.7,0.1,1013.0,1013.0,1013.0,1013.0,1.0,0.0,22.0,0.0,0.7,0.1,,,,,,,,,,,,,,,,,,,,,,,,,,,,,,,,,,,,,,,,,,,,,,,,,,,,,,,,,,,,,,,,,,,,,,,,,,,,,,,,,,,,,,,,,,,,,,,,,,,,,,,,,,,,,,,,,,,,,,,,,,,,,,,,,,,,,,,,,,,,,,,,,,,,,,
1974,2,105.0,-15.0,,,,,,,,,,,,,,,,,,,,,,,,,,,,,,,,,,,,,,,,4.6,4.6,4.6,4.6,1.0,0.0,24.0,1.0,0.3,0.1,-2.96,-2.96,-2.96,-2.96,1.0,0.0,24.0,1.0,0.3,0.1,3.52,3.52,3.52,3.52,1.0,0.0,24.0,1.0,0.3,0.1,1013.8,1013.8,1013.8,1013.8,1.0,0.0,24.0,1.0,0.3,0.1,,,,,,,,,,,,,,,,,,,,,,,,,,,,,,,,,,,,,,,,,,,,,,,,,,,,,,,,,,,,,,,,,,,,,,,,,,,,,,,,,,,,,,,,,,,,,,,,,,,,,,,,,,,,,,,,,,,,,,,,,,,,,,,,,,,,,,,,,,,,,,,,,,,,,,
1974,2,105.0,-13.0,28.7,28.7,28.7,28.7,1.0,0.0,22.0,0.0,0.8,0.5,28.0,28.0,28.0,28.0,1.0,0.0,22.0,0.0,0.8,0.5,18.42,18.42,18.42,18.42,1.0,0.0,22.0,0.0,0.8,0.5,77.5,77.5,77.5,77.5,1.0,0.0,22.0,0.0,0.5,3.1,3.1,3.1,3.1,1.0,0.0,22.0,0.0,0.8,0.5,-0.54,-0.54,-0.54,-0.54,1.0,0.0,22.0,0.0,0.8,0.5,3.05,3.05,3.05,3.05,1.0,0.0,22.0,0.0,0.8,0.5,1005.0,1005.0,1005.0,1005.0,1.0,0.0,22.0,0.0,0.8,0.5,5.0,5.0,5.0,5.0,1.0,0.0,22.0,0.0,0.8,0.5,-1.7,-1.7,-1.7,-1.7,1.0,0.0,22.0,0.0,0.8,0.5,9.5,9.5,9.5,9.5,1.0,0.0,22.0,0.0,0.8,0.5,0.7,0.7,0.7,0.7,1.0,0.0,22.0,0.0,0.8,0.5,2.2,2.2,2.2,2.2,1.0,0.0,22.0,0.0,0.8,0.5,6.44,6.44,6.44,6.44,1.0,0.0,22.0,0.0,0.8,0.5,20.0,20.0,20.0,20.0,1.0,0.0,22.0,0.0,0.8,0.5,-15.1,-15.1,-15.1,-15.1,1.0,0.0,22.0,0.0,0.8,0.5,85.5,85.5,85.5,85.5,1.0,0.0,22.0,0.0,0.8,0.5,-9.9,-9.9,-9.9,-9.9,1.0,0.0,22.0,0.0,0.8,0.5,56.2,56.2,56.2,56.2,1.0,0.0,22.0,0.0,0.8,0.5,-3.5,-3.5,-3.5,-3.5,1.0,0.0,22.0,0.0,0.8,0.5,19.7,19.7,19.7,19.7,1.0,0.0,22.0,0.0,0.8,0.5,30.0,30.0,30.0,30.0,1.0,0.0,22.0,0.0,0.8,0.5,30.0,30.0,30.0,30.0,1.0,0.0,22.0,0.0,0.8,0.5
1974,2,105.0,-12.0,27.5,27.5,27.5,27.5,1.0,0.0,22.0,0.0,0.4,0.9,25.2,25.2,25.2,25.2,1.0,0.0,22.0,0.0,0.4,0.9,16.9,16.9,16.9,16.9,1.0,0.0,22.0,0.0,0.4,0.9,84.0,84.0,84.0,84.0,1.0,0.0,22.0,0.0,0.9,7.7,7.7,7.7,7.7,1.0,0.0,22.0,0.0,0.4,0.9,7.24,7.24,7.24,7.24,1.0,0.0,22.0,0.0,0.4,0.9,-2.63,-2.63,-2.63,-2.63,1.0,0.0,22.0,0.0,0.4,0.9,1005.5,1005.5,1005.5,1005.5,1.0,0.0,22.0,0.0,0.4,0.9,8.0,8.0,8.0,8.0,1.0,0.0,22.0,0.0,0.4,0.9,55.7,55.7,55.7,55.7,1.0,0.0,22.0,0.0,0.4,0.9,-20.3,-20.3,-20.3,-20.3,1.0,0.0,22.0,0.0,0.4,0.9,2.3,2.3,2.3,2.3,1.0,0.0,22.0,0.0,0.4,0.9,17.7,17.7,17.7,17.7,1.0,0.0,22.0,0.0,0.4,0.9,6.25,6.25,6.25,6.25,1.0,0.0,22.0,0.0,0.4,0.9,48.1,48.1,48.1,48.1,1.0,0.0,22.0,0.0,0.4,0.9,182.3,182.3,182.3,182.3,1.0,0.0,22.0,0.0,0.4,0.9,-66.4,-66.4,-66.4,-66.4,1.0,0.0,22.0,0.0,0.4,0.9,122.3,122.3,122.3,122.3,1.0,0.0,22.0,0.0,0.4,0.9,-44.5,-44.5,-44.5,-44.5,1.0,0.0,22.0,0.0,0.4,0.9,45.2,45.2,45.2,45.2,1.0,0.0,22.0,0.0,0.4,0.9,-16.4,-16.4,-16.4,-16.4,1.0,0.0,22.0,0.0,0.4,0.9,456.5,456.5,456.5,456.5,1.0,0.0,22.0,0.0,0.4,0.9,455.0,455.0,455.0,455.0,1.0,0.0,22.0,0.0,0.4,0.9
1974,2,105.0,-9.0,27.78,28.3,29.37,28.54,5.0,1.0,16.0,0.6,0.6,0.5,25.46,26.95,28.29,26.88,4.0,1.85,20.0,0.5,0.5,0.6,16.41,17.68,19.34,17.86,4.0,1.75,20.0,0.5,0.5,0.6,76.9,80.1,83.7,80.3,4.0,4.6,20.0,0.5,0.6,4.0,7.2,9.15,6.68,5.0,3.28,16.0,0.6,0.6,0.5,3.3,6.24,7.36,5.4,5.0,2.63,16.0,0.6,0.6,0.5,-3.93,1.61,2.93,-0.39,5.0,4.79,16.0,0.6,0.6,0.5,1006.33,1007.3,1008.62,1007.52,5.0,1.42,16.0,0.6,0.6,0.5,4.9,7.0,8.0,6.4,5.0,2.1,16.0,0.6,0.6,0.5,15.3,44.9,69.4,42.3,5.0,30.0,16.0,0.6,0.6,0.5,-40.0,3.4,17.7,-11.7,5.0,45.5,16.0,0.6,0.6,0.5,0.38,2.2,2.66,1.55,4.0,1.74,20.0,0.5,0.5,0.6,2.2,14.0,20.9,11.7,4.0,14.6,20.0,0.5,0.5,0.6,5.05,7.18,8.06,6.59,4.0,1.96,20.0,0.5,0.5,0.6,32.1,45.1,73.2,52.3,4.0,26.1,20.0,0.5,0.5,0.6,135.3,177.8,213.6,174.6,4.0,52.5,20.0,0.5,0.5,0.6,-138.9,10.7,79.7,-27.8,4.0,145.3,20.0,0.5,0.5,0.6,86.6,115.3,146.1,116.3,4.0,37.5,20.0,0.5,0.5,0.6,-94.6,7.1,50.7,-20.6,4.0,97.0,20.0,0.5,0.5,0.6,29.6,41.0,53.2,41.4,4.0,13.8,20.0,0.5,0.5,0.6,-37.5,5.2,22.9,-6.8,4.0,42.4,20.0,0.5,0.5,0.6,87.5,373.0,810.0,465.0,5.0,491.5,16.0,0.6,0.6,0.5,90.0,375.0,810.0,465.0,5.0,490.0,16.0,0.6,0.6,0.5
1974,2,105.0,-8.0,26.74,27.3,27.97,27.35,4.0,0.78,14.0,0.5,0.3,0.6,25.56,26.8,27.8,26.76,5.0,1.61,16.0,0.4,0.3,0.6,18.27,19.39,21.56,19.89,4.0,2.38,14.0,0.5,0.3,0.6,87.2,89.0,90.5,88.8,4.0,2.1,14.0,0.5,0.6,3.69,5.1,8.07,5.64,5.0,2.62,16.0,0.4,0.3,0.6,-1.05,1.61,4.21,1.84,5.0,3.54,16.0,0.4,0.3,0.6,-5.96,-3.98,2.45,-2.18,5.0,4.89,16.0,0.4,0.3,0.6,1008.19,1008.7,1009.37,1008.78,4.0,0.8,14.0,0.5,0.3,0.6,4.2,8.0,8.0,6.2,5.0,3.0,16.0,0.4,0.3,0.6,-6.6,3.4,30.7,12.9,5.0,30.5,16.0,0.4,0.3,0.6,-37.6,-18.3,15.6,-12.3,5.0,35.6,16.0,0.4,0.3,0.6,-0.38,0.4,1.18,0.4,4.0,1.07,14.0,0.5,0.3,0.6,-3.1,1.9,3.2,0.1,4.0,4.8,14.0,0.5,0.3,0.6,2.11,3.41,3.83,2.99,4.0,1.38,14.0,0.5,0.3,0.6,8.1,12.3,16.6,12.3,4.0,4.9,14.0,0.5,0.3,0.6,-29.3,39.9,111.0,47.0,5.0,93.3,16.0,0.4,0.3,0.6,-166.3,-107.6,62.6,-63.4,5.0,134.7,16.0,0.4,0.3,0.6,-24.3,5.7,37.3,6.5,4.0,36.3,14.0,0.5,0.3,0.6,-137.7,-87.1,-25.0,-81.6,4.0,82.1,14.0,0.5,0.3,0.6,-2.2,2.7,7.4,2.6,4.0,5.5,14.0,0.5,0.3,0.6,-15.4,-10.6,-0.6,-8.1,4.0,10.0,14.0,0.5,0.3,0.6,65.0,132.5,530.5,271.0,5.0,275.0,16.0,0.4,0.3,0.6,65.0,135.0,530.0,270.0,5.0,275.0,16.0,0.4,0.3,0.6
1974,2,105.0,-7.0,26.65,27.2,28.0,27.32,9.0,0.81,16.0,0.8,0.3,0.6,25.31,26.7,28.14,26.63,9.0,1.46,16.0,0.8,0.3,0.6,16.28,17.26,18.29,17.28,9.0,1.13,16.0,0.8,0.3,0.6,69.5,79.2,83.8,79.4,9.0,9.3,16.0,0.8,0.6,3.14,5.1,10.06,6.57,9.0,4.08,16.0,0.8,0.3,0.6,-2.09,3.35,9.56,3.54,9.0,5.75,16.0,0.8,0.3,0.6,-5.46,-3.52,0.0,-3.03,9.0,2.76,16.0,0.8,0.3,0.6,1006.66,1009.0,1009.61,1008.31,9.0,1.6,16.0,0.8,0.3,0.6,6.3,8.0,8.0,7.1,9.0,1.4,16.0,0.8,0.3,0.6,-5.9,22.4,99.7,42.3,9.0,69.6,16.0,0.8,0.3,0.6,-42.4,-16.2,0.0,-26.2,9.0,35.9,16.0,0.8,0.3,0.6,-0.1,0.3,1.47,0.69,9.0,1.0,16.0,0.8,0.3,0.6,-0.6,1.4,13.8,6.3,9.0,10.6,16.0,0.8,0.3,0.6,4.02,5.58,7.24,5.58,9.0,1.57,16.0,0.8,0.3,0.6,18.3,35.0,41.5,36.1,9.0,23.3,16.0,0.8,0.3,0.6,-53.2,85.8,240.1,93.1,9.0,150.9,16.0,0.8,0.3,0.6,-143.1,-93.9,0.0,-80.3,9.0,73.3,16.0,0.8,0.3,0.6,-34.4,57.8,178.7,65.1,9.0,101.7,16.0,0.8,0.3,0.6,-92.9,-55.2,0.0,-51.9,9.0,47.6,16.0,0.8,0.3,0.6,-12.1,15.4,39.0,16.9,9.0,32.4,16.0,0.8,0.3,0.6,-33.1,-14.7,0.0,-17.4,9.0,17.3,16.0,0.8,0.3,0.6,39.0,132.5,1135.0,635.0,9.0,1096.0,16.0,0.8,0.3,0.6,40.0,135.0,1135.0,635.0,9.0,1095.0,16.0,0.8,0.3,0.6
1974,2,105.0,-4.0,25.9,25.9,25.9,25.9,1.0,0.0,22.0,1.0,0.9,0.3,25.0,25.0,25.0,25.0,1.0,0.0,22.0,1.0,0.9,0.3,18.7,18.7,18.7,18.7,1.0,0.0,22.0,1.0,0.9,0.3,94.2,94.2,94.2,94.2,1.0,0.0,22.0,1.0,0.3,4.6,4.6,4.6,4.6,1.0,0.0,22.0,1.0,0.9,0.3,-3.52,-3.52,-3.52,-3.52,1.0,0.0,22.0,1.0,0.9,0.3,-2.96,-2.96,-2.96,-2.96,1.0,0.0,22.0,1.0,0.9,0.3,1008.5,1008.5,1008.5,1008.5,1.0,0.0,22.0,1.0,0.9,0.3,6.0,6.0,6.0,6.0,1.0,0.0,22.0,1.0,0.9,0.3,-16.2,-16.2,-16.2,-16.2,1.0,0.0,22.0,1.0,0.9,0.3,-13.6,-13.6,-13.6,-13.6,1.0,0.0,22.0,1.0,0.9,0.3,0.9,0.9,0.9,0.9,1.0,0.0,22.0,1.0,0.9,0.3,4.1,4.1,4.1,4.1,1.0,0.0,22.0,1.0,0.9,0.3,2.28,2.28,2.28,2.28,1.0,0.0,22.0,1.0,0.9,0.3,10.5,10.5,10.5,10.5,1.0,0.0,22.0,1.0,0.9,0.3,-88.1,-88.1,-88.1,-88.1,1.0,0.0,22.0,1.0,0.9,0.3,-73.9,-73.9,-73.9,-73.9,1.0,0.0,22.0,1.0,0.9,0.3,-65.9,-65.9,-65.9,-65.9,1.0,0.0,22.0,1.0,0.9,0.3,-55.3,-55.3,-55.3,-55.3,1.0,0.0,22.0,1.0,0.9,0.3,-8.0,-8.0,-8.0,-8.0,1.0,0.0,22.0,1.0,0.9,0.3,-6.7,-6.7,-6.7,-6.7,1.0,0.0,22.0,1.0,0.9,0.3,97.5,97.5,97.5,97.5,1.0,0.0,22.0,1.0,0.9,0.3,95.0,95.0,95.0,95.0,1.0,0.0,22.0,1.0,0.9,0.3
1974,2,105.0,-2.0,26.2,26.2,26.2,26.2,1.0,0.0,10.0,0.0,0.0,0.7,26.2,26.2,26.2,26.2,1.0,0.0,10.0,0.0,0.0,0.7,17.71,17.71,17.71,17.71,1.0,0.0,10.0,0.0,0.0,0.7,83.1,83.1,83.1,83.1,1.0,0.0,10.0,0.0,0.7,9.3,9.3,9.3,9.3,1.0,0.0,10.0,0.0,0.0,0.7,0.0,0.0,0.0,0.0,1.0,0.0,10.0,0.0,0.0,0.7,-9.3,-9.3,-9.3,-9.3,1.0,0.0,10.0,0.0,0.0,0.7,1008.0,1008.0,1008.0,1008.0,1.0,0.0,10.0,0.0,0.0,0.7,8.0,8.0,8.0,8.0,1.0,0.0,10.0,0.0,0.0,0.7,0.0,0.0,0.0,0.0,1.0,0.0,10.0,0.0,0.0,0.7,-86.5,-86.5,-86.5,-86.5,1.0,0.0,10.0,0.0,0.0,0.7,0.0,0.0,0.0,0.0,1.0,0.0,10.0,0.0,0.0,0.7,0.0,0.0,0.0,0.0,1.0,0.0,10.0,0.0,0.0,0.7,3.66,3.66,3.66,3.66,1.0,0.0,10.0,0.0,0.0,0.7,34.0,34.0,34.0,34.0,1.0,0.0,10.0,0.0,0.0,0.7,0.0,0.0,0.0,0.0,1.0,0.0,10.0,0.0,0.0,0.7,-243.7,-243.7,-243.7,-243.7,1.0,0.0,10.0,0.0,0.0,0.7,0.0,0.0,0.0,0.0,1.0,0.0,10.0,0.0,0.0,0.7,-164.7,-164.7,-164.7,-164.7,1.0,0.0,10.0,0.0,0.0,0.7,0.0,0.0,0.0,0.0,1.0,0.0,10.0,0.0,0.0,0.7,-34.0,-34.0,-34.0,-34.0,1.0,0.0,10.0,0.0,0.0,0.7,804.5,804.5,804.5,804.5,1.0,0.0,10.0,0.0,0.0,0.7,805.0,805.0,805.0,805.0,1.0,0.0,10.0,0.0,0.0,0.7
1974,2,105.0,-1.0,27.5,27.5,27.5,27.5,1.0,0.0,6.0,1.0,0.9,0.8,26.6,26.6,26.6,26.6,1.0,0.0,6.0,1.0,0.9,0.8,18.22,18.22,18.22,18.22,1.0,0.0,6.0,1.0,0.9,0.8,83.6,83.6,83.6,83.6,1.0,0.0,6.0,1.0,0.8,2.6,2.6,2.6,2.6,1.0,0.0,6.0,1.0,0.9,0.8,0.45,0.45,0.45,0.45,1.0,0.0,6.0,1.0,0.9,0.8,-2.56,-2.56,-2.56,-2.56,1.0,0.0,6.0,1.0,0.9,0.8,1009.8,1009.8,1009.8,1009.8,1.0,0.0,6.0,1.0,0.9,0.8,6.0,6.0,6.0,6.0,1.0,0.0,6.0,1.0,0.9,0.8,1.2,1.2,1.2,1.2,1.0,0.0,6.0,1.0,0.9,0.8,-6.7,-6.7,-6.7,-6.7,1.0,0.0,6.0,1.0,0.9,0.8,0.9,0.9,0.9,0.9,1.0,0.0,6.0,1.0,0.9,0.8,2.3,2.3,2.3,2.3,1.0,0.0,6.0,1.0,0.9,0.8,4.82,4.82,4.82,4.82,1.0,0.0,6.0,1.0,0.9,0.8,12.5,12.5,12.5,12.5,1.0,0.0,6.0,1.0,0.9,0.8,12.0,12.0,12.0,12.0,1.0,0.0,6.0,1.0,0.9,0.8,-68.1,-68.1,-68.1,-68.1,1.0,0.0,6.0,1.0,0.9,0.8,8.2,8.2,8.2,8.2,1.0,0.0,6.0,1.0,0.9,0.8,-46.7,-46.7,-46.7,-46.7,1.0,0.0,6.0,1.0,0.9,0.8,2.2,2.2,2.2,2.2,1.0,0.0,6.0,1.0,0.9,0.8,-12.3,-12.3,-12.3,-12.3,1.0,0.0,6.0,1.0,0.9,0.8,17.5,17.5,17.5,17.5,1.0,0.0,6.0,1.0,0.9,0.8,20.0,20.0,20.0,20.0,1.0,0.0,6.0,1.0,0.9,0.8
1974,2,105.0,0.0,25.87,26.8,27.04,26.48,6.0,0.83,12.0,0.5,0.4,0.6,26.08,26.35,26.69,26.45,6.0,0.51,12.0,0.5,0.4,0.6,17.53,18.19,19.47,18.23,6.0,1.26,12.0,0.5,0.4,0.6,77.5,85.6,90.3,84.3,6.0,6.8,12.0,0.5,0.6,3.0,4.35,6.7,4.63,6.0,1.75,12.0,0.5,0.4,0.6,-2.71,0.58,2.32,0.03,6.0,2.77,12.0,0.5,0.4,0.6,-5.97,-3.08,-2.24,-3.81,6.0,1.94,12.0,0.5,0.4,0.6,1007.44,1008.7,1009.29,1008.3,6.0,1.83,12.0,0.5,0.4,0.6,2.8,6.0,7.2,5.3,6.0,2.3,12.0,0.5,0.4,0.6,-9.6,3.9,11.3,2.2,6.0,14.1,12.0,0.5,0.4,0.6,-40.0,-12.6,-6.6,-20.2,6.0,16.9,12.0,0.5,0.4,0.6,-0.94,0.3,0.92,0.03,6.0,1.02,12.0,0.5,0.4,0.6,-3.1,0.8,4.5,0.4,6.0,4.7,12.0,0.5,0.4,0.6,3.13,3.51,3.93,3.52,6.0,0.41,12.0,0.5,0.4,0.6,10.2,14.7,23.0,16.3,6.0,6.8,12.0,0.5,0.4,0.6,-71.7,15.2,60.4,0.5,6.0,72.9,12.0,0.5,0.4,0.6,-156.2,-81.8,-59.3,-100.3,6.0,50.1,12.0,0.5,0.4,0.6,-50.0,10.7,44.0,1.8,6.0,48.8,12.0,0.5,0.4,0.6,-107.6,-57.8,-38.5,-69.6,6.0,35.9,12.0,0.5,0.4,0.6,-9.0,2.3,7.2,-0.1,6.0,9.6,12.0,0.5,0.4,0.6,-20.6,-10.5,-8.1,-13.5,6.0,7.5,12.0,0.5,0.4,0.6,27.5,83.0,301.0,136.0,6.0,131.0,12.0,0.5,0.4,0.6,25.0,85.0,300.0,135.0,6.0,130.0,12.0,0.5,0.4,0.6
1974,2,105.0,1.0,25.6,26.0,27.29,26.5,5.0,1.43,6.0,0.4,0.5,0.6,25.46,26.0,27.16,26.4,5.0,1.48,6.0,0.4,0.5,0.6,17.73,18.15,18.76,18.24,4.0,0.64,4.0,0.3,0.6,0.8,83.8,87.7,92.0,87.9,4.0,4.8,4.0,0.3,0.8,3.81,4.85,5.94,4.88,4.0,1.48,4.0,0.3,0.6,0.8,-3.2,-1.87,-0.01,-1.62,4.0,2.42,4.0,0.3,0.6,0.8,-4.97,-4.56,-3.3,-4.16,4.0,1.23,4.0,0.3,0.6,0.8,1006.26,1007.55,1008.89,1007.58,4.0,1.75,4.0,0.3,0.6,0.8,3.8,7.0,7.0,5.4,5.0,3.0,6.0,0.4,0.5,0.6,-19.4,-7.5,0.9,-9.2,4.0,14.9,4.0,0.3,0.6,0.8,-29.7,-22.2,-13.3,-21.5,4.0,11.2,4.0,0.3,0.6,0.8,-0.18,0.2,0.37,0.1,5.0,0.38,6.0,0.4,0.5,0.6,-0.7,1.4,1.5,0.4,4.0,2.0,4.0,0.3,0.6,0.8,2.09,2.57,3.37,2.72,4.0,0.78,4.0,0.3,0.6,0.8,10.1,14.8,16.2,13.2,4.0,4.7,4.0,0.3,0.6,0.8,-81.5,-48.2,-0.2,-41.2,4.0,61.9,4.0,0.3,0.6,0.8,-127.9,-118.7,-85.2,-107.1,4.0,31.9,4.0,0.3,0.6,0.8,-59.7,-34.3,0.1,-30.0,4.0,44.3,4.0,0.3,0.6,0.8,-89.8,-80.8,-60.5,-75.4,4.0,21.3,4.0,0.3,0.6,0.8,-7.3,-4.7,1.1,-3.2,4.0,6.4,4.0,0.3,0.6,0.8,-15.2,-12.7,-7.8,-11.5,4.0,4.9,4.0,0.3,0.6,0.8,62.0,115.0,220.5,140.0,4.0,115.5,4.0,0.3,0.6,0.8,60.0,115.0,220.0,140.0,4.0,115.0,4.0,0.3,0.6,0.8
1974,2,105.0,2.0,25.11,26.0,28.0,26.38,36.0,1.24,18.0,0.3,0.2,0.6,25.0,26.0,27.58,26.22,40.0,1.46,18.0,0.4,0.2,0.6,16.51,17.62,18.46,17.76,33.0,1.6,16.0,0.3,0.2,0.6,80.1,85.1,91.7,85.0,34.0,7.3,16.0,0.3,0.6,2.6,6.2,9.8,6.07,36.0,3.45,18.0,0.3,0.2,0.6,-6.36,-2.34,0.0,-2.6,36.0,2.95,18.0,0.3,0.2,0.6,-8.38,-4.48,-1.48,-4.91,36.0,3.05,18.0,0.3,0.2,0.6,1007.19,1009.65,1011.24,1009.67,38.0,2.06,16.0,0.4,0.2,0.6,2.0,6.0,8.0,5.4,37.0,2.5,18.0,0.4,0.2,0.6,-52.1,-7.8,0.0,-22.0,36.0,31.3,18.0,0.3,0.2,0.6,-82.1,-29.6,-4.6,-39.0,36.0,35.6,18.0,0.3,0.2,0.6,-1.22,0.35,1.55,0.26,36.0,1.76,18.0,0.3,0.2,0.6,-5.5,0.2,8.5,1.4,33.0,9.1,18.0,0.3,0.2,0.6,2.65,3.38,5.41,3.75,30.0,2.18,16.0,0.3,0.2,0.6,6.0,20.5,39.5,20.2,29.0,15.4,18.0,0.3,0.2,0.6,-158.3,-61.0,0.0,-68.0,36.0,76.6,18.0,0.3,0.2,0.6,-210.0,-122.3,-39.8,-128.0,36.0,79.0,18.0,0.3,0.2,0.6,-90.3,-4.7,0.0,-38.6,31.0,50.0,18.0,0.3,0.2,0.6,-144.2,-73.5,-25.1,-84.2,31.0,56.4,18.0,0.3,0.2,0.6,-20.2,0.0,0.0,-7.3,29.0,10.6,18.0,0.3,0.2,0.6,-36.9,-14.1,-4.2,-17.0,29.0,14.0,18.0,0.3,0.2,0.6,17.5,238.5,941.0,433.5,36.0,526.0,18.0,0.3,0.2,0.6,20.0,240.0,940.0,435.0,36.0,525.0,18.0,0.3,0.2,0.6
1974,2,105.0,3.0,25.0,26.0,27.0,26.12,46.0,1.34,16.0,0.5,0.5,0.4,25.0,25.6,26.82,25.75,50.0,1.3,16.0,0.5,0.6,0.4,16.27,17.47,18.35,17.4,41.0,1.67,14.0,0.5,0.6,0.5,78.4,83.1,90.5,83.9,41.0,6.0,14.0,0.5,0.5,3.08,6.95,9.41,6.59,50.0,3.11,14.0,0.5,0.6,0.4,-5.75,-2.97,-1.02,-3.22,50.0,2.54,14.0,0.5,0.6,0.4,-8.22,-5.37,-2.52,-5.34,50.0,2.82,14.0,0.5,0.6,0.4,1008.47,1010.0,1011.7,1010.06,51.0,1.86,14.0,0.5,0.6,0.4,4.9,7.0,8.0,6.2,51.0,2.4,14.0,0.5,0.6,0.4,-54.1,-18.0,-3.4,-26.5,50.0,29.2,14.0,0.5,0.6,0.4,-76.3,-34.7,-7.4,-43.0,50.0,36.5,14.0,0.5,0.6,0.4,-0.5,0.2,1.2,0.28,45.0,1.12,16.0,0.5,0.5,0.4,-4.7,1.0,8.0,1.7,45.0,7.1,16.0,0.5,0.5,0.4,2.53,3.42,4.68,3.62,39.0,1.33,14.0,0.5,0.6,0.5,9.1,23.2,37.3,24.5,39.0,16.2,14.0,0.5,0.6,0.5,-149.8,-73.9,-28.2,-83.2,49.0,64.0,14.0,0.5,0.6,0.4,-216.1,-139.6,-66.9,-138.2,49.0,71.4,14.0,0.5,0.6,0.4,-90.3,-51.4,-20.5,-55.4,40.0,36.1,14.0,0.5,0.6,0.5,-132.1,-89.7,-48.0,-87.9,40.0,43.4,14.0,0.5,0.6,0.5,-22.8,-9.9,-3.6,-12.7,39.0,10.7,14.0,0.5,0.6,0.5,-29.5,-19.0,-6.6,-20.1,39.0,13.7,14.0,0.5,0.6,0.5,29.0,337.0,835.0,476.5,50.0,596.0,14.0,0.5,0.6,0.4,30.0,335.0,835.0,475.0,50.0,595.0,14.0,0.5,0.6,0.4
1974,2,105.0,4.0,25.29,25.6,26.51,25.8,7.0,0.63,18.0,0.7,0.8,0.2,25.74,26.15,26.61,26.28,6.0,0.8,18.0,0.7,0.8,0.2,16.62,17.66,18.06,17.42,5.0,0.88,16.0,0.6,0.8,0.3,78.1,83.1,87.2,83.0,5.0,5.4,16.0,0.6,0.3,4.03,5.1,7.29,5.54,7.0,2.12,18.0,0.7,0.8,0.2,-3.89,-1.74,-1.28,-2.29,7.0,1.41,18.0,0.7,0.8,0.2,-5.97,-4.79,-2.21,-4.74,7.0,2.45,18.0,0.7,0.8,0.2,1009.78,1010.4,1010.61,1009.64,7.0,1.94,18.0,0.7,0.8,0.2,4.9,6.0,8.0,6.1,7.0,2.2,18.0,0.7,0.8,0.2,-16.6,-13.1,-3.7,-13.2,7.0,10.1,18.0,0.7,0.8,0.2,-41.6,-24.4,-5.8,-30.4,7.0,25.5,18.0,0.7,0.8,0.2,-1.4,-0.25,0.42,-0.45,6.0,0.94,18.0,0.7,0.8,0.2,-6.0,-1.5,2.2,-3.0,6.0,7.0,18.0,0.7,0.8,0.2,1.99,2.53,5.28,3.43,5.0,1.76,16.0,0.6,0.8,0.3,7.5,15.7,27.9,17.9,5.0,12.6,16.0,0.6,0.8,0.3,-104.6,-49.1,-31.3,-62.4,6.0,39.8,18.0,0.7,0.8,0.2,-170.2,-130.3,-54.5,-125.5,6.0,74.9,18.0,0.7,0.8,0.2,-68.3,-37.5,-20.1,-43.2,5.0,26.6,16.0,0.6,0.8,0.3,-96.4,-84.0,-33.8,-68.5,5.0,35.0,16.0,0.6,0.8,0.3,-22.2,-5.4,-2.2,-10.9,5.0,10.7,16.0,0.6,0.8,0.3,-19.7,-8.5,-6.6,-12.8,5.0,9.4,16.0,0.6,0.8,0.3,66.5,132.5,390.5,236.5,7.0,247.5,18.0,0.7,0.8,0.2,65.0,135.0,390.0,235.0,7.0,245.0,18.0,0.7,0.8,0.2
1974,2,105.0,5.0,25.69,26.3,26.91,26.3,2.0,1.27,16.0,1.0,0.8,0.5,26.74,27.25,27.76,27.25,2.0,1.06,16.0,1.0,0.8,0.5,17.96,18.39,18.82,18.39,2.0,0.88,16.0,1.0,0.8,0.5,80.6,81.2,81.8,81.2,2.0,1.3,16.0,1.0,0.5,4.41,6.15,7.89,6.15,2.0,3.61,16.0,1.0,0.8,0.5,-4.9,-3.41,-1.92,-3.41,2.0,3.08,16.0,1.0,0.8,0.5,-6.14,-5.02,-3.9,-5.02,2.0,2.32,16.0,1.0,0.8,0.5,1010.04,1010.35,1010.66,1010.35,2.0,0.64,16.0,1.0,0.8,0.5,3.8,5.5,7.2,5.5,2.0,3.5,16.0,1.0,0.8,0.5,-41.6,-26.5,-11.5,-26.5,2.0,31.3,16.0,1.0,0.8,0.5,-50.7,-35.1,-19.4,-35.1,2.0,32.4,16.0,1.0,0.8,0.5,-1.05,-0.95,-0.85,-0.95,2.0,0.21,16.0,1.0,0.8,0.5,-8.5,-6.2,-3.9,-6.2,2.0,4.7,16.0,1.0,0.8,0.5,2.71,3.08,3.45,3.08,2.0,0.77,16.0,1.0,0.8,0.5,14.5,17.6,20.6,17.6,2.0,6.4,16.0,1.0,0.8,0.5,-130.1,-91.3,-52.5,-91.3,2.0,80.4,16.0,1.0,0.8,0.5,-163.6,-135.7,-107.7,-135.7,2.0,57.9,16.0,1.0,0.8,0.5,-87.3,-61.4,-35.5,-61.4,2.0,53.7,16.0,1.0,0.8,0.5,-109.8,-91.4,-72.9,-91.4,2.0,38.2,16.0,1.0,0.8,0.5,-12.7,-9.3,-6.0,-9.3,2.0,6.9,16.0,1.0,0.8,0.5,-16.2,-14.6,-13.0,-14.6,2.0,3.3,16.0,1.0,0.8,0.5,144.0,352.5,561.5,352.5,2.0,432.5,16.0,1.0,0.8,0.5,145.0,355.0,560.0,355.0,2.0,435.0,16.0,1.0,0.8,0.5
1974,2,105.0,7.0,27.7,27.7,27.7,27.7,1.0,0.0,22.0,0.0,0.5,0.8,24.6,24.6,24.6,24.6,1.0,0.0,22.0,0.0,0.5,0.8,19.02,19.02,19.02,19.02,1.0,0.0,22.0,0.0,0.5,0.8,98.2,98.2,98.2,98.2,1.0,0.0,22.0,0.0,0.8,5.1,5.1,5.1,5.1,1.0,0.0,22.0,0.0,0.5,0.8,-5.1,-5.1,-5.1,-5.1,1.0,0.0,22.0,0.0,0.5,0.8,0.0,0.0,0.0,0.0,1.0,0.0,22.0,0.0,0.5,0.8,1009.5,1009.5,1009.5,1009.5,1.0,0.0,22.0,0.0,0.5,0.8,0.0,0.0,0.0,0.0,1.0,0.0,22.0,0.0,0.5,0.8,-26.0,-26.0,-26.0,-26.0,1.0,0.0,22.0,0.0,0.5,0.8,0.0,0.0,0.0,0.0,1.0,0.0,22.0,0.0,0.5,0.8,3.1,3.1,3.1,3.1,1.0,0.0,22.0,0.0,0.5,0.8,15.8,15.8,15.8,15.8,1.0,0.0,22.0,0.0,0.5,0.8,4.31,4.31,4.31,4.31,1.0,0.0,22.0,0.0,0.5,0.8,22.0,22.0,22.0,22.0,1.0,0.0,22.0,0.0,0.5,0.8,-125.5,-125.5,-125.5,-125.5,1.0,0.0,22.0,0.0,0.5,0.8,0.0,0.0,0.0,0.0,1.0,0.0,22.0,0.0,0.5,0.8,-97.0,-97.0,-97.0,-97.0,1.0,0.0,22.0,0.0,0.5,0.8,0.0,0.0,0.0,0.0,1.0,0.0,22.0,0.0,0.5,0.8,-22.0,-22.0,-22.0,-22.0,1.0,0.0,22.0,0.0,0.5,0.8,0.0,0.0,0.0,0.0,1.0,0.0,22.0,0.0,0.5,0.8,132.5,132.5,132.5,132.5,1.0,0.0,22.0,0.0,0.5,0.8,135.0,135.0,135.0,135.0,1.0,0.0,22.0,0.0,0.5,0.8
1974,2,105.0,8.0,24.4,25.6,28.03,26.05,13.0,1.79,10.0,0.4,0.5,0.3,23.84,24.5,25.46,24.78,13.0,1.07,10.0,0.4,0.5,0.3,14.02,15.11,17.1,15.8,8.0,2.55,10.0,0.5,0.6,0.3,73.4,79.0,91.3,80.8,8.0,8.2,10.0,0.5,0.3,4.45,8.35,12.9,8.28,12.0,4.02,8.0,0.4,0.5,0.3,-12.12,-7.53,-4.4,-7.77,12.0,3.75,8.0,0.4,0.5,0.3,-4.5,-2.6,0.0,-2.43,12.0,2.17,8.0,0.4,0.5,0.3,1008.01,1009.9,1012.71,1010.0,14.0,2.27,10.0,0.4,0.5,0.3,3.0,4.0,7.9,4.6,14.0,2.4,10.0,0.4,0.5,0.3,-156.4,-62.8,-19.6,-78.1,12.0,61.9,8.0,0.4,0.5,0.3,-56.9,-19.8,0.0,-26.4,12.0,26.2,8.0,0.4,0.5,0.3,-0.03,1.35,3.0,1.48,12.0,1.93,10.0,0.4,0.4,0.3,-0.6,6.9,18.4,13.8,10.0,25.1,8.0,0.5,0.5,0.3,3.13,5.08,5.77,4.22,7.0,2.28,10.0,0.6,0.5,0.4,11.9,37.4,74.6,39.8,6.0,32.7,10.0,0.7,0.5,0.4,-288.5,-187.9,-106.5,-189.8,11.0,91.3,8.0,0.5,0.5,0.3,-109.2,-62.3,0.0,-54.3,11.0,52.6,8.0,0.5,0.5,0.3,-160.9,-130.2,-72.8,-113.2,7.0,53.7,10.0,0.6,0.6,0.3,-62.4,-13.7,0.8,-29.5,7.0,35.1,10.0,0.6,0.6,0.3,-70.1,-37.2,-11.8,-38.2,6.0,30.8,10.0,0.7,0.5,0.4,-25.5,-3.0,-0.3,-9.6,6.0,12.5,10.0,0.7,0.5,0.4,89.0,585.5,2146.5,928.0,12.0,940.5,8.0,0.4,0.5,0.3,90.0,585.0,2145.0,930.0,12.0,940.0,8.0,0.4,0.5,0.3
1974,2,106.0,-43.0,11.6,11.6,11.6,11.6,1.0,0.0,2.0,0.0,0.7,0.5,11.8,11.8,11.8,11.8,1.0,0.0,2.0,0.0,0.7,0.5,6.33,6.33,6.33,6.33,1.0,0.0,2.0,0.0,0.7,0.5,73.4,73.4,73.4,73.4,1.0,0.0,2.0,0.0,0.5,10.3,10.3,10.3,10.3,1.0,0.0,2.0,0.0,0.7,0.5,7.89,7.89,7.89,7.89,1.0,0.0,2.0,0.0,0.7,0.5,6.62,6.62,6.62,6.62,1.0,0.0,2.0,0.0,0.7,0.5,1005.2,1005.2,1005.2,1005.2,1.0,0.0,2.0,0.0,0.7,0.5,2.0,2.0,2.0,2.0,1.0,0.0,2.0,0.0,0.7,0.5,81.3,81.3,81.3,81.3,1.0,0.0,2.0,0.0,0.7,0.5,68.2,68.2,68.2,68.2,1.0,0.0,2.0,0.0,0.7,0.5,-0.2,-0.2,-0.2,-0.2,1.0,0.0,2.0,0.0,0.7,0.5,-2.1,-2.1,-2.1,-2.1,1.0,0.0,2.0,0.0,0.7,0.5,2.19,2.19,2.19,2.19,1.0,0.0,2.0,0.0,0.7,0.5,22.6,22.6,22.6,22.6,1.0,0.0,2.0,0.0,0.7,0.5,93.1,93.1,93.1,93.1,1.0,0.0,2.0,0.0,0.7,0.5,78.1,78.1,78.1,78.1,1.0,0.0,2.0,0.0,0.7,0.5,50.0,50.0,50.0,50.0,1.0,0.0,2.0,0.0,0.7,0.5,41.9,41.9,41.9,41.9,1.0,0.0,2.0,0.0,0.7,0.5,17.3,17.3,17.3,17.3,1.0,0.0,2.0,0.0,0.7,0.5,14.5,14.5,14.5,14.5,1.0,0.0,2.0,0.0,0.7,0.5,1092.5,1092.5,1092.5,1092.5,1.0,0.0,2.0,0.0,0.7,0.5,1095.0,1095.0,1095.0,1095.0,1.0,0.0,2.0,0.0,0.7,0.5
1974,2,106.0,-40.0,14.0,14.0,14.0,14.0,1.0,0.0,2.0,1.0,0.2,0.1,11.3,11.3,11.3,11.3,1.0,0.0,2.0,1.0,0.2,0.1,5.76,5.76,5.76,5.76,1.0,0.0,2.0,1.0,0.2,0.1,69.4,69.4,69.4,69.4,1.0,0.0,2.0,1.0,0.1,7.2,7.2,7.2,7.2,1.0,0.0,2.0,1.0,0.2,0.1,6.77,6.77,6.77,6.77,1.0,0.0,2.0,1.0,0.2,0.1,2.46,2.46,2.46,2.46,1.0,0.0,2.0,1.0,0.2,0.1,1011.0,1011.0,1011.0,1011.0,1.0,0.0,2.0,1.0,0.2,0.1,5.0,5.0,5.0,5.0,1.0,0.0,2.0,1.0,0.2,0.1,48.7,48.7,48.7,48.7,1.0,0.0,2.0,1.0,0.2,0.1,17.7,17.7,17.7,17.7,1.0,0.0,2.0,1.0,0.2,0.1,2.7,2.7,2.7,2.7,1.0,0.0,2.0,1.0,0.2,0.1,19.4,19.4,19.4,19.4,1.0,0.0,2.0,1.0,0.2,0.1,4.17,4.17,4.17,4.17,1.0,0.0,2.0,1.0,0.2,0.1,30.1,30.1,30.1,30.1,1.0,0.0,2.0,1.0,0.2,0.1,76.5,76.5,76.5,76.5,1.0,0.0,2.0,1.0,0.2,0.1,27.8,27.8,27.8,27.8,1.0,0.0,2.0,1.0,0.2,0.1,39.0,39.0,39.0,39.0,1.0,0.0,2.0,1.0,0.2,0.1,14.2,14.2,14.2,14.2,1.0,0.0,2.0,1.0,0.2,0.1,28.2,28.2,28.2,28.2,1.0,0.0,2.0,1.0,0.2,0.1,10.3,10.3,10.3,10.3,1.0,0.0,2.0,1.0,0.2,0.1,373.0,373.0,373.0,373.0,1.0,0.0,2.0,1.0,0.2,0.1,375.0,375.0,375.0,375.0,1.0,0.0,2.0,1.0,0.2,0.1
1974,2,106.0,-37.0,17.3,17.3,17.3,17.3,1.0,0.0,8.0,1.0,0.4,1.0,16.3,16.3,16.3,16.3,1.0,0.0,8.0,1.0,0.4,1.0,8.68,8.68,8.68,8.68,1.0,0.0,8.0,1.0,0.4,1.0,76.2,76.2,76.2,76.2,1.0,0.0,8.0,1.0,1.0,4.6,4.6,4.6,4.6,1.0,0.0,8.0,1.0,0.4,1.0,-1.57,-1.57,-1.57,-1.57,1.0,0.0,8.0,1.0,0.4,1.0,4.32,4.32,4.32,4.32,1.0,0.0,8.0,1.0,0.4,1.0,1021.0,1021.0,1021.0,1021.0,1.0,0.0,8.0,1.0,0.4,1.0,5.0,5.0,5.0,5.0,1.0,0.0,8.0,1.0,0.4,1.0,-7.2,-7.2,-7.2,-7.2,1.0,0.0,8.0,1.0,0.4,1.0,19.9,19.9,19.9,19.9,1.0,0.0,8.0,1.0,0.4,1.0,1.0,1.0,1.0,1.0,1.0,0.0,8.0,1.0,0.4,1.0,4.6,4.6,4.6,4.6,1.0,0.0,8.0,1.0,0.4,1.0,3.49,3.49,3.49,3.49,1.0,0.0,8.0,1.0,0.4,1.0,16.0,16.0,16.0,16.0,1.0,0.0,8.0,1.0,0.4,1.0,-25.6,-25.6,-25.6,-25.6,1.0,0.0,8.0,1.0,0.4,1.0,70.5,70.5,70.5,70.5,1.0,0.0,8.0,1.0,0.4,1.0,-13.7,-13.7,-13.7,-13.7,1.0,0.0,8.0,1.0,0.4,1.0,37.5,37.5,37.5,37.5,1.0,0.0,8.0,1.0,0.4,1.0,-5.5,-5.5,-5.5,-5.5,1.0,0.0,8.0,1.0,0.4,1.0,15.1,15.1,15.1,15.1,1.0,0.0,8.0,1.0,0.4,1.0,97.5,97.5,97.5,97.5,1.0,0.0,8.0,1.0,0.4,1.0,95.0,95.0,95.0,95.0,1.0,0.0,8.0,1.0,0.4,1.0
1974,2,106.0,-36.0,19.0,19.0,19.0,19.0,1.0,0.0,14.0,1.0,0.7,0.1,20.0,20.0,20.0,20.0,1.0,0.0,14.0,1.0,0.7,0.1,11.3,11.3,11.3,11.3,1.0,0.0,14.0,1.0,0.7,0.1,78.2,78.2,78.2,78.2,1.0,0.0,14.0,1.0,0.1,4.6,4.6,4.6,4.6,1.0,0.0,14.0,1.0,0.7,0.1,4.53,4.53,4.53,4.53,1.0,0.0,14.0,1.0,0.7,0.1,0.8,0.8,0.8,0.8,1.0,0.0,14.0,1.0,0.7,0.1,1018.2,1018.2,1018.2,1018.2,1.0,0.0,14.0,1.0,0.7,0.1,4.0,4.0,4.0,4.0,1.0,0.0,14.0,1.0,0.7,0.1,20.8,20.8,20.8,20.8,1.0,0.0,14.0,1.0,0.7,0.1,3.7,3.7,3.7,3.7,1.0,0.0,14.0,1.0,0.7,0.1,-1.0,-1.0,-1.0,-1.0,1.0,0.0,14.0,1.0,0.7,0.1,-4.6,-4.6,-4.6,-4.6,1.0,0.0,14.0,1.0,0.7,0.1,2.29,2.29,2.29,2.29,1.0,0.0,14.0,1.0,0.7,0.1,10.5,10.5,10.5,10.5,1.0,0.0,14.0,1.0,0.7,0.1,90.6,90.6,90.6,90.6,1.0,0.0,14.0,1.0,0.7,0.1,16.0,16.0,16.0,16.0,1.0,0.0,14.0,1.0,0.7,0.1,51.2,51.2,51.2,51.2,1.0,0.0,14.0,1.0,0.7,0.1,9.0,9.0,9.0,9.0,1.0,0.0,14.0,1.0,0.7,0.1,10.4,10.4,10.4,10.4,1.0,0.0,14.0,1.0,0.7,0.1,1.8,1.8,1.8,1.8,1.0,0.0,14.0,1.0,0.7,0.1,97.5,97.5,97.5,97.5,1.0,0.0,14.0,1.0,0.7,0.1,95.0,95.0,95.0,95.0,1.0,0.0,14.0,1.0,0.7,0.1
1974,2,106.0,-35.0,18.5,18.5,18.5,18.5,1.0,0.0,2.0,1.0,0.9,0.3,15.27,15.85,16.43,15.85,2.0,1.2,6.0,0.5,0.8,0.6,6.84,6.84,6.84,6.84,1.0,0.0,2.0,1.0,0.9,0.3,58.4,58.4,58.4,58.4,1.0,0.0,2.0,1.0,0.3,3.24,5.7,8.16,5.7,2.0,5.09,6.0,0.5,0.8,0.6,-0.79,1.42,3.62,1.42,2.0,4.57,6.0,0.5,0.8,0.6,2.16,4.55,6.94,4.55,2.0,4.95,6.0,0.5,0.8,0.6,1018.15,1021.05,1023.95,1021.05,2.0,6.01,6.0,0.5,0.8,0.6,7.2,7.5,7.8,7.5,2.0,0.7,6.0,0.5,0.8,0.6,3.7,19.7,35.8,19.7,2.0,33.3,6.0,0.5,0.8,0.6,13.7,38.6,63.4,38.6,2.0,51.4,6.0,0.5,0.8,0.6,1.8,1.8,1.8,1.8,1.0,0.0,2.0,1.0,0.9,0.3,3.8,3.8,3.8,3.8,1.0,0.0,2.0,1.0,0.9,0.3,6.34,6.34,6.34,6.34,1.0,0.0,2.0,1.0,0.9,0.3,13.3,13.3,13.3,13.3,1.0,0.0,2.0,1.0,0.9,0.3,-14.5,19.7,53.9,19.7,2.0,70.8,6.0,0.5,0.8,0.6,33.9,69.2,104.4,69.2,2.0,73.0,6.0,0.5,0.8,0.6,-12.4,-12.4,-12.4,-12.4,1.0,0.0,2.0,1.0,0.9,0.3,7.2,7.2,7.2,7.2,1.0,0.0,2.0,1.0,0.9,0.3,-11.5,-11.5,-11.5,-11.5,1.0,0.0,2.0,1.0,0.9,0.3,6.7,6.7,6.7,6.7,1.0,0.0,2.0,1.0,0.9,0.3,135.5,407.0,678.0,407.0,2.0,562.0,6.0,0.5,0.8,0.6,135.0,405.0,680.0,405.0,2.0,560.0,6.0,0.5,0.8,0.6
1974,2,106.0,-34.0,18.7,18.7,18.7,18.7,1.0,0.0,10.0,1.0,0.4,1.0,15.9,15.9,15.9,15.9,1.0,0.0,10.0,1.0,0.4,1.0,7.77,7.77,7.77,7.77,1.0,0.0,10.0,1.0,0.4,1.0,69.8,69.8,69.8,69.8,1.0,0.0,10.0,1.0,1.0,11.3,11.3,11.3,11.3,1.0,0.0,10.0,1.0,0.4,1.0,3.86,3.86,3.86,3.86,1.0,0.0,10.0,1.0,0.4,1.0,10.62,10.62,10.62,10.62,1.0,0.0,10.0,1.0,0.4,1.0,1018.0,1018.0,1018.0,1018.0,1.0,0.0,10.0,1.0,0.4,1.0,6.0,6.0,6.0,6.0,1.0,0.0,10.0,1.0,0.4,1.0,43.7,43.7,43.7,43.7,1.0,0.0,10.0,1.0,0.4,1.0,120.0,120.0,120.0,120.0,1.0,0.0,10.0,1.0,0.4,1.0,2.8,2.8,2.8,2.8,1.0,0.0,10.0,1.0,0.4,1.0,31.6,31.6,31.6,31.6,1.0,0.0,10.0,1.0,0.4,1.0,5.56,5.56,5.56,5.56,1.0,0.0,10.0,1.0,0.4,1.0,62.9,62.9,62.9,62.9,1.0,0.0,10.0,1.0,0.4,1.0,61.5,61.5,61.5,61.5,1.0,0.0,10.0,1.0,0.4,1.0,168.8,168.8,168.8,168.8,1.0,0.0,10.0,1.0,0.4,1.0,30.0,30.0,30.0,30.0,1.0,0.0,10.0,1.0,0.4,1.0,82.5,82.5,82.5,82.5,1.0,0.0,10.0,1.0,0.4,1.0,21.5,21.5,21.5,21.5,1.0,0.0,10.0,1.0,0.4,1.0,59.1,59.1,59.1,59.1,1.0,0.0,10.0,1.0,0.4,1.0,1443.0,1443.0,1443.0,1443.0,1.0,0.0,10.0,1.0,0.4,1.0,1445.0,1445.0,1445.0,1445.0,1.0,0.0,10.0,1.0,0.4,1.0
1974,2,106.0,-32.0,19.55,19.65,19.75,19.65,2.0,0.21,16.0,0.0,0.6,0.5,19.0,19.0,19.0,19.0,2.0,0.0,16.0,0.0,0.6,0.5,11.07,11.61,12.16,11.61,2.0,1.13,16.0,0.0,0.6,0.5,81.4,85.3,89.2,85.3,2.0,8.1,16.0,0.0,0.5,5.16,7.45,9.74,7.45,2.0,4.74,16.0,0.0,0.6,0.5,-7.6,-6.16,-4.71,-6.16,2.0,2.99,16.0,0.0,0.6,0.5,1.7,3.83,5.95,3.83,2.0,4.41,16.0,0.0,0.6,0.5,1014.26,1015.45,1016.64,1015.45,2.0,2.47,16.0,0.0,0.6,0.5,1.0,3.0,5.0,3.0,2.0,4.2,16.0,0.0,0.6,0.5,-77.8,-53.0,-28.1,-53.0,2.0,51.5,16.0,0.0,0.6,0.5,14.4,38.9,63.5,38.9,2.0,51.0,16.0,0.0,0.6,0.5,0.55,0.65,0.75,0.65,2.0,0.21,16.0,0.0,0.6,0.5,3.1,5.3,7.6,5.3,2.0,4.7,16.0,0.0,0.6,0.5,1.96,2.58,3.2,2.58,2.0,1.29,16.0,0.0,0.6,0.5,11.8,22.3,32.8,22.3,2.0,21.8,16.0,0.0,0.6,0.5,-144.4,-117.0,-89.5,-117.0,2.0,56.9,16.0,0.0,0.6,0.5,32.3,72.7,113.1,72.7,2.0,83.7,16.0,0.0,0.6,0.5,-83.2,-69.8,-56.4,-69.8,2.0,27.8,16.0,0.0,0.6,0.5,19.3,41.9,64.5,41.9,2.0,46.8,16.0,0.0,0.6,0.5,-25.4,-17.8,-10.3,-17.8,2.0,15.7,16.0,0.0,0.6,0.5,4.8,12.7,20.6,12.7,2.0,16.3,16.0,0.0,0.6,0.5,258.0,664.5,1070.5,664.5,2.0,842.0,16.0,0.0,0.6,0.5,260.0,665.0,1070.0,665.0,2.0,840.0,16.0,0.0,0.6,0.5
1974,2,106.0,-31.0,21.06,21.2,21.34,21.2,2.0,0.28,14.0,0.5,0.7,0.5,19.68,20.7,21.72,20.7,2.0,2.12,14.0,0.5,0.7,0.5,10.63,11.24,11.84,11.24,2.0,1.26,14.0,0.5,0.7,0.5,66.6,75.3,84.1,75.3,2.0,18.2,14.0,0.5,0.5,7.26,9.55,11.84,9.55,2.0,4.74,14.0,0.5,0.7,0.5,-10.83,-8.05,-5.28,-8.05,2.0,5.75,14.0,0.5,0.7,0.5,4.47,4.58,4.7,4.58,2.0,0.24,14.0,0.5,0.7,0.5,1016.22,1016.9,1017.58,1016.9,2.0,1.41,14.0,0.5,0.7,0.5,7.2,7.5,7.8,7.5,2.0,0.7,14.0,0.5,0.7,0.5,-135.5,-90.5,-45.6,-90.5,2.0,93.1,14.0,0.5,0.7,0.5,33.8,43.2,52.6,43.2,2.0,19.4,14.0,0.5,0.7,0.5,-0.39,0.5,1.39,0.5,2.0,1.84,14.0,0.5,0.7,0.5,-0.5,9.1,18.7,9.1,2.0,19.9,14.0,0.5,0.7,0.5,3.63,4.38,5.13,4.38,2.0,1.56,14.0,0.5,0.7,0.5,35.3,38.1,40.9,38.1,2.0,5.9,14.0,0.5,0.7,0.5,-209.8,-160.6,-111.4,-160.6,2.0,102.0,14.0,0.5,0.7,0.5,88.0,95.1,102.1,95.1,2.0,14.7,14.0,0.5,0.7,0.5,-130.2,-94.1,-58.0,-94.1,2.0,74.8,14.0,0.5,0.7,0.5,49.8,51.3,52.8,51.3,2.0,3.1,14.0,0.5,0.7,0.5,-36.9,-30.8,-24.7,-30.8,2.0,12.7,14.0,0.5,0.7,0.5,16.3,20.2,24.2,20.2,2.0,8.2,14.0,0.5,0.7,0.5,541.0,1192.5,1844.0,1192.5,2.0,1349.5,14.0,0.5,0.7,0.5,540.0,1195.0,1845.0,1195.0,2.0,1350.0,14.0,0.5,0.7,0.5
1974,2,106.0,-30.0,21.4,21.4,21.4,21.4,1.0,0.0,10.0,1.0,0.8,0.7,19.3,19.3,19.3,19.3,1.0,0.0,10.0,1.0,0.8,0.7,7.55,7.55,7.55,7.55,1.0,0.0,10.0,1.0,0.8,0.7,54.8,54.8,54.8,54.8,1.0,0.0,10.0,1.0,0.7,11.3,11.3,11.3,11.3,1.0,0.0,10.0,1.0,0.8,0.7,-3.86,-3.86,-3.86,-3.86,1.0,0.0,10.0,1.0,0.8,0.7,10.62,10.62,10.62,10.62,1.0,0.0,10.0,1.0,0.8,0.7,1020.2,1020.2,1020.2,1020.2,1.0,0.0,10.0,1.0,0.8,0.7,6.0,6.0,6.0,6.0,1.0,0.0,10.0,1.0,0.8,0.7,-43.7,-43.7,-43.7,-43.7,1.0,0.0,10.0,1.0,0.8,0.7,120.0,120.0,120.0,120.0,1.0,0.0,10.0,1.0,0.8,0.7,2.1,2.1,2.1,2.1,1.0,0.0,10.0,1.0,0.8,0.7,23.7,23.7,23.7,23.7,1.0,0.0,10.0,1.0,0.8,0.7,8.2,8.2,8.2,8.2,1.0,0.0,10.0,1.0,0.8,0.7,92.7,92.7,92.7,92.7,1.0,0.0,10.0,1.0,0.8,0.7,-74.6,-74.6,-74.6,-74.6,1.0,0.0,10.0,1.0,0.8,0.7,204.9,204.9,204.9,204.9,1.0,0.0,10.0,1.0,0.8,0.7,-29.2,-29.2,-29.2,-29.2,1.0,0.0,10.0,1.0,0.8,0.7,80.2,80.2,80.2,80.2,1.0,0.0,10.0,1.0,0.8,0.7,-31.7,-31.7,-31.7,-31.7,1.0,0.0,10.0,1.0,0.8,0.7,87.1,87.1,87.1,87.1,1.0,0.0,10.0,1.0,0.8,0.7,1443.0,1443.0,1443.0,1443.0,1.0,0.0,10.0,1.0,0.8,0.7,1445.0,1445.0,1445.0,1445.0,1.0,0.0,10.0,1.0,0.8,0.7
1974,2,106.0,-29.0,20.5,20.5,20.5,20.5,1.0,0.0,10.0,1.0,0.0,0.4,18.2,18.2,18.2,18.2,1.0,0.0,10.0,1.0,0.0,0.4,8.29,8.29,8.29,8.29,1.0,0.0,10.0,1.0,0.0,0.4,64.5,64.5,64.5,64.5,1.0,0.0,10.0,1.0,0.4,11.3,11.3,11.3,11.3,1.0,0.0,10.0,1.0,0.0,0.4,-3.86,-3.86,-3.86,-3.86,1.0,0.0,10.0,1.0,0.0,0.4,10.62,10.62,10.62,10.62,1.0,0.0,10.0,1.0,0.0,0.4,1019.9,1019.9,1019.9,1019.9,1.0,0.0,10.0,1.0,0.0,0.4,8.0,8.0,8.0,8.0,1.0,0.0,10.0,1.0,0.0,0.4,-43.7,-43.7,-43.7,-43.7,1.0,0.0,10.0,1.0,0.0,0.4,120.0,120.0,120.0,120.0,1.0,0.0,10.0,1.0,0.0,0.4,2.3,2.3,2.3,2.3,1.0,0.0,10.0,1.0,0.0,0.4,26.0,26.0,26.0,26.0,1.0,0.0,10.0,1.0,0.0,0.4,6.61,6.61,6.61,6.61,1.0,0.0,10.0,1.0,0.0,0.4,74.7,74.7,74.7,74.7,1.0,0.0,10.0,1.0,0.0,0.4,-70.3,-70.3,-70.3,-70.3,1.0,0.0,10.0,1.0,0.0,0.4,193.3,193.3,193.3,193.3,1.0,0.0,10.0,1.0,0.0,0.4,-32.1,-32.1,-32.1,-32.1,1.0,0.0,10.0,1.0,0.0,0.4,88.1,88.1,88.1,88.1,1.0,0.0,10.0,1.0,0.0,0.4,-25.5,-25.5,-25.5,-25.5,1.0,0.0,10.0,1.0,0.0,0.4,70.2,70.2,70.2,70.2,1.0,0.0,10.0,1.0,0.0,0.4,1443.0,1443.0,1443.0,1443.0,1.0,0.0,10.0,1.0,0.0,0.4,1445.0,1445.0,1445.0,1445.0,1.0,0.0,10.0,1.0,0.0,0.4
1974,2,106.0,-28.0,21.0,21.0,21.0,21.0,1.0,0.0,2.0,0.0,0.8,0.8,21.1,21.1,21.1,21.1,1.0,0.0,2.0,0.0,0.8,0.8,12.56,12.56,12.56,12.56,1.0,0.0,2.0,0.0,0.8,0.8,80.4,80.4,80.4,80.4,1.0,0.0,2.0,0.0,0.8,7.7,7.7,7.7,7.7,1.0,0.0,2.0,0.0,0.8,0.8,1.34,1.34,1.34,1.34,1.0,0.0,2.0,0.0,0.8,0.8,7.58,7.58,7.58,7.58,1.0,0.0,2.0,0.0,0.8,0.8,1008.4,1008.4,1008.4,1008.4,1.0,0.0,2.0,0.0,0.8,0.8,8.0,8.0,8.0,8.0,1.0,0.0,2.0,0.0,0.8,0.8,10.3,10.3,10.3,10.3,1.0,0.0,2.0,0.0,0.8,0.8,58.4,58.4,58.4,58.4,1.0,0.0,2.0,0.0,0.8,0.8,-0.1,-0.1,-0.1,-0.1,1.0,0.0,2.0,0.0,0.8,0.8,-0.8,-0.8,-0.8,-0.8,1.0,0.0,2.0,0.0,0.8,0.8,2.99,2.99,2.99,2.99,1.0,0.0,2.0,0.0,0.8,0.8,23.0,23.0,23.0,23.0,1.0,0.0,2.0,0.0,0.8,0.8,28.2,28.2,28.2,28.2,1.0,0.0,2.0,0.0,0.8,0.8,160.0,160.0,160.0,160.0,1.0,0.0,2.0,0.0,0.8,0.8,16.8,16.8,16.8,16.8,1.0,0.0,2.0,0.0,0.8,0.8,95.2,95.2,95.2,95.2,1.0,0.0,2.0,0.0,0.8,0.8,4.0,4.0,4.0,4.0,1.0,0.0,2.0,0.0,0.8,0.8,22.7,22.7,22.7,22.7,1.0,0.0,2.0,0.0,0.8,0.8,456.5,456.5,456.5,456.5,1.0,0.0,2.0,0.0,0.8,0.8,455.0,455.0,455.0,455.0,1.0,0.0,2.0,0.0,0.8,0.8
1974,2,106.0,-27.0,21.16,21.5,22.87,22.0,3.0,1.32,14.0,0.7,0.0,0.8,20.63,20.7,21.25,20.93,3.0,0.49,14.0,0.7,0.0,0.8,12.17,12.4,12.82,12.49,3.0,0.48,14.0,0.7,0.0,0.8,78.4,79.3,84.0,81.1,3.0,4.4,14.0,0.7,0.8,5.61,6.7,8.82,7.2,3.0,2.39,14.0,0.7,0.0,0.8,-7.16,-4.31,-3.11,-5.11,3.0,3.05,14.0,0.7,0.0,0.8,4.57,4.9,5.06,4.82,3.0,0.37,14.0,0.7,0.0,0.8,1010.26,1010.6,1013.33,1011.77,3.0,2.47,14.0,0.7,0.0,0.8,6.0,6.0,7.4,6.7,3.0,1.2,14.0,0.7,0.0,0.8,-65.9,-28.9,-18.0,-41.7,3.0,36.8,14.0,0.7,0.0,0.8,26.3,34.4,43.7,35.0,3.0,12.8,14.0,0.7,0.0,0.8,-0.09,0.8,2.23,1.07,3.0,1.72,14.0,0.7,0.0,0.8,-2.0,4.1,14.6,6.2,3.0,12.3,14.0,0.7,0.0,0.8,3.34,3.95,4.72,4.03,3.0,1.02,14.0,0.7,0.0,0.8,23.2,29.9,32.7,28.0,3.0,7.1,14.0,0.7,0.0,0.8,-152.7,-88.7,-64.2,-108.0,3.0,67.0,14.0,0.7,0.0,0.8,95.8,105.4,105.6,100.8,3.0,8.2,14.0,0.7,0.0,0.8,-89.6,-56.1,-38.8,-64.0,3.0,37.9,14.0,0.7,0.0,0.8,55.7,60.8,64.9,60.3,3.0,6.8,14.0,0.7,0.0,0.8,-24.6,-21.9,-13.8,-19.3,3.0,8.2,14.0,0.7,0.0,0.8,15.7,17.4,23.3,19.5,3.0,5.8,14.0,0.7,0.0,0.8,186.0,301.0,738.0,458.0,3.0,426.5,14.0,0.7,0.0,0.8,185.0,300.0,740.0,460.0,3.0,425.0,14.0,0.7,0.0,0.8
1974,2,106.0,-26.0,,,,,,,,,,,,,,,,,,,,,,,,,,,,,,,,,,,,,,,,15.4,15.4,15.4,15.4,1.0,0.0,20.0,1.0,0.8,1.0,-7.7,-7.7,-7.7,-7.7,1.0,0.0,20.0,1.0,0.8,1.0,13.34,13.34,13.34,13.34,1.0,0.0,20.0,1.0,0.8,1.0,1013.8,1013.8,1013.8,1013.8,1.0,0.0,20.0,1.0,0.8,1.0,,,,,,,,,,,,,,,,,,,,,,,,,,,,,,,,,,,,,,,,,,,,,,,,,,,,,,,,,,,,,,,,,,,,,,,,,,,,,,,,,,,,,,,,,,,,,,,,,,,,,,,,,,,,,,,,,,,,,,,,,,,,,,,,,,,,,,,,,,,,,,,,,,,,,,
1974,2,106.0,-25.0,22.13,22.4,22.67,22.4,2.0,0.57,4.0,0.5,0.3,0.8,22.24,22.55,22.86,22.55,2.0,0.64,4.0,0.5,0.3,0.8,13.07,13.73,14.39,13.73,2.0,1.37,4.0,0.5,0.3,0.8,78.1,80.4,82.7,80.4,2.0,4.7,4.0,0.5,0.8,8.77,10.0,11.23,10.0,2.0,2.55,4.0,0.5,0.3,0.8,-5.61,-5.0,-4.39,-5.0,2.0,1.27,4.0,0.5,0.3,0.8,7.6,8.66,9.72,8.66,2.0,2.2,4.0,0.5,0.3,0.8,1009.4,1010.25,1011.1,1010.25,2.0,1.77,4.0,0.5,0.3,0.8,6.2,6.5,6.8,6.5,2.0,0.7,4.0,0.5,0.3,0.8,-63.9,-51.6,-39.3,-51.6,2.0,25.5,4.0,0.5,0.3,0.8,68.1,89.4,110.7,89.4,2.0,44.1,4.0,0.5,0.3,0.8,-0.73,-0.15,0.43,-0.15,2.0,1.2,4.0,0.5,0.3,0.8,-5.6,0.0,5.6,0.0,2.0,11.6,4.0,0.5,0.3,0.8,2.27,3.2,4.13,3.2,2.0,1.93,4.0,0.5,0.3,0.8,21.2,34.5,47.7,34.5,2.0,27.4,4.0,0.5,0.3,0.8,-124.7,-112.3,-100.0,-112.3,2.0,25.5,4.0,0.5,0.3,0.8,173.3,194.6,215.9,194.6,2.0,44.2,4.0,0.5,0.3,0.8,-72.9,-67.8,-62.6,-67.8,2.0,10.6,4.0,0.5,0.3,0.8,108.5,117.4,126.3,117.4,2.0,18.4,4.0,0.5,0.3,0.8,-23.8,-17.2,-10.6,-17.2,2.0,13.7,4.0,0.5,0.3,0.8,18.4,29.8,41.3,29.8,2.0,23.7,4.0,0.5,0.3,0.8,724.5,1097.0,1470.0,1097.0,2.0,772.0,4.0,0.5,0.3,0.8,725.0,1095.0,1470.0,1095.0,2.0,770.0,4.0,0.5,0.3,0.8
1974,2,106.0,-24.0,23.5,23.7,23.9,23.7,2.0,0.42,20.0,0.0,0.1,0.6,22.74,23.25,23.76,23.25,2.0,1.06,20.0,0.0,0.1,0.6,13.28,14.18,15.08,14.18,2.0,1.87,20.0,0.0,0.1,0.6,76.9,79.5,82.1,79.5,2.0,5.4,20.0,0.0,0.6,7.86,8.2,8.54,8.2,2.0,0.71,20.0,0.0,0.1,0.6,-1.45,1.85,5.14,1.85,2.0,6.82,20.0,0.0,0.1,0.6,4.54,6.01,7.49,6.01,2.0,3.06,20.0,0.0,0.1,0.6,1010.29,1010.7,1011.11,1010.7,2.0,0.85,20.0,0.0,0.1,0.6,8.0,8.0,8.0,8.0,2.0,0.0,20.0,0.0,0.1,0.6,-13.6,12.7,39.1,12.7,2.0,54.6,20.0,0.0,0.1,0.6,36.2,50.4,64.5,50.4,2.0,29.3,20.0,0.0,0.1,0.6,-0.27,0.45,1.17,0.45,2.0,1.48,20.0,0.0,0.1,0.6,-2.6,3.2,8.9,3.2,2.0,11.9,20.0,0.0,0.1,0.6,3.0,4.14,5.28,4.14,2.0,2.36,20.0,0.0,0.1,0.6,25.2,33.1,41.0,33.1,2.0,16.4,20.0,0.0,0.1,0.6,-36.3,39.3,114.9,39.3,2.0,156.6,20.0,0.0,0.1,0.6,104.0,141.4,178.8,141.4,2.0,77.5,20.0,0.0,0.1,0.6,-25.2,19.8,64.8,19.8,2.0,93.3,20.0,0.0,0.1,0.6,61.8,88.1,114.5,88.1,2.0,54.6,20.0,0.0,0.1,0.6,0.0,15.7,31.4,15.7,2.0,32.6,20.0,0.0,0.1,0.6,20.5,21.3,22.0,21.3,2.0,1.5,20.0,0.0,0.1,0.6,488.5,557.5,626.5,557.5,2.0,143.0,20.0,0.0,0.1,0.6,490.0,560.0,625.0,560.0,2.0,145.0,20.0,0.0,0.1,0.6
1974,2,106.0,-23.0,25.0,25.0,25.0,25.0,1.0,0.0,8.0,1.0,0.2,0.3,27.7,27.7,27.7,27.7,1.0,0.0,8.0,1.0,0.2,0.3,17.99,17.99,17.99,17.99,1.0,0.0,8.0,1.0,0.2,0.3,77.4,77.4,77.4,77.4,1.0,0.0,8.0,1.0,0.3,8.2,8.2,8.2,8.2,1.0,0.0,8.0,1.0,0.2,0.3,-4.1,-4.1,-4.1,-4.1,1.0,0.0,8.0,1.0,0.2,0.3,7.1,7.1,7.1,7.1,1.0,0.0,8.0,1.0,0.2,0.3,1010.5,1010.5,1010.5,1010.5,1.0,0.0,8.0,1.0,0.2,0.3,2.0,2.0,2.0,2.0,1.0,0.0,8.0,1.0,0.2,0.3,-33.6,-33.6,-33.6,-33.6,1.0,0.0,8.0,1.0,0.2,0.3,58.2,58.2,58.2,58.2,1.0,0.0,8.0,1.0,0.2,0.3,-2.7,-2.7,-2.7,-2.7,1.0,0.0,8.0,1.0,0.2,0.3,-22.1,-22.1,-22.1,-22.1,1.0,0.0,8.0,1.0,0.2,0.3,1.84,1.84,1.84,1.84,1.0,0.0,8.0,1.0,0.2,0.3,15.1,15.1,15.1,15.1,1.0,0.0,8.0,1.0,0.2,0.3,-113.6,-113.6,-113.6,-113.6,1.0,0.0,8.0,1.0,0.2,0.3,196.7,196.7,196.7,196.7,1.0,0.0,8.0,1.0,0.2,0.3,-73.8,-73.8,-73.8,-73.8,1.0,0.0,8.0,1.0,0.2,0.3,127.7,127.7,127.7,127.7,1.0,0.0,8.0,1.0,0.2,0.3,-7.5,-7.5,-7.5,-7.5,1.0,0.0,8.0,1.0,0.2,0.3,13.0,13.0,13.0,13.0,1.0,0.0,8.0,1.0,0.2,0.3,551.5,551.5,551.5,551.5,1.0,0.0,8.0,1.0,0.2,0.3,550.0,550.0,550.0,550.0,1.0,0.0,8.0,1.0,0.2,0.3
1974,2,106.0,-22.0,27.0,27.0,27.0,27.0,3.0,0.0,10.0,0.3,0.2,0.5,24.98,26.0,26.0,25.5,3.0,0.87,10.0,0.3,0.2,0.5,13.11,15.47,15.48,14.32,3.0,2.0,10.0,0.3,0.2,0.5,66.5,73.9,73.9,70.3,3.0,6.3,10.0,0.3,0.5,7.87,9.3,9.3,8.6,3.0,1.21,10.0,0.3,0.2,0.5,-4.65,-4.65,-3.93,-4.3,3.0,0.61,10.0,0.3,0.2,0.5,6.81,8.05,8.05,7.45,3.0,1.05,10.0,0.3,0.2,0.5,1013.16,1013.5,1013.91,1013.53,3.0,0.55,10.0,0.3,0.2,0.5,6.0,6.0,6.7,6.3,3.0,0.6,10.0,0.3,0.2,0.5,-43.2,-43.2,-31.4,-37.5,3.0,10.0,10.0,0.3,0.2,0.5,54.4,74.9,74.9,64.9,3.0,17.3,10.0,0.3,0.2,0.5,1.0,1.0,2.02,1.5,3.0,0.87,10.0,0.3,0.2,0.5,9.3,9.3,15.2,12.2,3.0,5.0,10.0,0.3,0.2,0.5,6.82,6.82,9.16,7.96,3.0,1.98,10.0,0.3,0.2,0.5,63.4,63.4,70.5,66.9,3.0,6.0,10.0,0.3,0.2,0.5,-120.9,-120.9,-98.6,-110.0,3.0,18.9,10.0,0.3,0.2,0.5,170.7,209.4,209.4,190.5,3.0,32.7,10.0,0.3,0.2,0.5,-72.0,-71.9,-52.4,-62.4,3.0,16.6,10.0,0.3,0.2,0.5,90.7,124.6,124.6,108.1,3.0,28.7,10.0,0.3,0.2,0.5,-35.3,-31.7,-31.7,-33.4,3.0,3.0,10.0,0.3,0.2,0.5,54.9,54.9,61.1,57.9,3.0,5.2,10.0,0.3,0.2,0.5,510.0,804.5,804.5,660.5,3.0,249.0,10.0,0.3,0.2,0.5,510.0,805.0,805.0,660.0,3.0,250.0,10.0,0.3,0.2,0.5
1974,2,106.0,-21.0,27.0,27.0,27.0,27.0,1.0,0.0,10.0,0.0,0.1,0.4,26.0,26.0,26.0,26.0,1.0,0.0,10.0,0.0,0.1,0.4,15.47,15.47,15.47,15.47,1.0,0.0,10.0,0.0,0.1,0.4,73.9,73.9,73.9,73.9,1.0,0.0,10.0,0.0,0.4,9.0,9.0,9.0,9.0,1.0,0.0,10.0,0.0,0.1,0.4,-4.5,-4.5,-4.5,-4.5,1.0,0.0,10.0,0.0,0.1,0.4,7.79,7.79,7.79,7.79,1.0,0.0,10.0,0.0,0.1,0.4,1013.5,1013.5,1013.5,1013.5,1.0,0.0,10.0,0.0,0.1,0.4,7.0,7.0,7.0,7.0,1.0,0.0,10.0,0.0,0.1,0.4,-40.5,-40.5,-40.5,-40.5,1.0,0.0,10.0,0.0,0.1,0.4,70.1,70.1,70.1,70.1,1.0,0.0,10.0,0.0,0.1,0.4,1.0,1.0,1.0,1.0,1.0,0.0,10.0,0.0,0.1,0.4,9.0,9.0,9.0,9.0,1.0,0.0,10.0,0.0,0.1,0.4,6.82,6.82,6.82,6.82,1.0,0.0,10.0,0.0,0.1,0.4,61.3,61.3,61.3,61.3,1.0,0.0,10.0,0.0,0.1,0.4,-117.0,-117.0,-117.0,-117.0,1.0,0.0,10.0,0.0,0.1,0.4,202.7,202.7,202.7,202.7,1.0,0.0,10.0,0.0,0.1,0.4,-69.6,-69.6,-69.6,-69.6,1.0,0.0,10.0,0.0,0.1,0.4,120.6,120.6,120.6,120.6,1.0,0.0,10.0,0.0,0.1,0.4,-30.7,-30.7,-30.7,-30.7,1.0,0.0,10.0,0.0,0.1,0.4,53.1,53.1,53.1,53.1,1.0,0.0,10.0,0.0,0.1,0.4,729.0,729.0,729.0,729.0,1.0,0.0,10.0,0.0,0.1,0.4,730.0,730.0,730.0,730.0,1.0,0.0,10.0,0.0,0.1,0.4
1974,2,106.0,-18.0,,,,,,,,,,,,,,,,,,,,,,,,,,,,,,,,,,,,,,,,6.2,6.2,6.2,6.2,1.0,0.0,22.0,1.0,0.9,0.1,-5.37,-5.37,-5.37,-5.37,1.0,0.0,22.0,1.0,0.9,0.1,3.1,3.1,3.1,3.1,1.0,0.0,22.0,1.0,0.9,0.1,1013.2,1013.2,1013.2,1013.2,1.0,0.0,22.0,1.0,0.9,0.1,,,,,,,,,,,,,,,,,,,,,,,,,,,,,,,,,,,,,,,,,,,,,,,,,,,,,,,,,,,,,,,,,,,,,,,,,,,,,,,,,,,,,,,,,,,,,,,,,,,,,,,,,,,,,,,,,,,,,,,,,,,,,,,,,,,,,,,,,,,,,,,,,,,,,,
1974,2,106.0,-17.0,,,,,,,,,,,,,,,,,,,,,,,,,,,,,,,,,,,,,,,,5.1,5.1,5.1,5.1,1.0,0.0,22.0,0.0,0.3,0.1,1.74,1.74,1.74,1.74,1.0,0.0,22.0,0.0,0.3,0.1,4.79,4.79,4.79,4.79,1.0,0.0,22.0,0.0,0.3,0.1,1013.5,1013.5,1013.5,1013.5,1.0,0.0,22.0,0.0,0.3,0.1,,,,,,,,,,,,,,,,,,,,,,,,,,,,,,,,,,,,,,,,,,,,,,,,,,,,,,,,,,,,,,,,,,,,,,,,,,,,,,,,,,,,,,,,,,,,,,,,,,,,,,,,,,,,,,,,,,,,,,,,,,,,,,,,,,,,,,,,,,,,,,,,,,,,,,
1974,2,106.0,-16.0,28.6,28.6,28.6,28.6,1.0,0.0,12.0,0.0,0.3,0.9,26.7,26.7,26.7,26.7,1.0,0.0,12.0,0.0,0.3,0.9,15.06,15.06,15.06,15.06,1.0,0.0,12.0,0.0,0.3,0.9,68.8,68.8,68.8,68.8,1.0,0.0,12.0,0.0,0.9,6.2,6.2,6.2,6.2,1.0,0.0,12.0,0.0,0.3,0.9,-1.08,-1.08,-1.08,-1.08,1.0,0.0,12.0,0.0,0.3,0.9,6.11,6.11,6.11,6.11,1.0,0.0,12.0,0.0,0.3,0.9,1009.4,1009.4,1009.4,1009.4,1.0,0.0,12.0,0.0,0.3,0.9,6.0,6.0,6.0,6.0,1.0,0.0,12.0,0.0,0.3,0.9,-6.7,-6.7,-6.7,-6.7,1.0,0.0,12.0,0.0,0.3,0.9,37.9,37.9,37.9,37.9,1.0,0.0,12.0,0.0,0.3,0.9,1.9,1.9,1.9,1.9,1.0,0.0,12.0,0.0,0.3,0.9,11.8,11.8,11.8,11.8,1.0,0.0,12.0,0.0,0.3,0.9,9.55,9.55,9.55,9.55,1.0,0.0,12.0,0.0,0.3,0.9,59.2,59.2,59.2,59.2,1.0,0.0,12.0,0.0,0.3,0.9,-28.7,-28.7,-28.7,-28.7,1.0,0.0,12.0,0.0,0.3,0.9,163.0,163.0,163.0,163.0,1.0,0.0,12.0,0.0,0.3,0.9,-16.2,-16.2,-16.2,-16.2,1.0,0.0,12.0,0.0,0.3,0.9,91.9,91.9,91.9,91.9,1.0,0.0,12.0,0.0,0.3,0.9,-10.3,-10.3,-10.3,-10.3,1.0,0.0,12.0,0.0,0.3,0.9,58.3,58.3,58.3,58.3,1.0,0.0,12.0,0.0,0.3,0.9,238.5,238.5,238.5,238.5,1.0,0.0,12.0,0.0,0.3,0.9,240.0,240.0,240.0,240.0,1.0,0.0,12.0,0.0,0.3,0.9
1974,2,106.0,-14.0,28.07,28.45,28.83,28.45,2.0,0.78,14.0,1.0,0.6,0.4,28.74,29.05,29.36,29.05,2.0,0.64,14.0,1.0,0.6,0.4,18.56,18.64,18.72,18.64,2.0,0.16,14.0,1.0,0.6,0.4,72.8,73.8,74.8,73.8,2.0,2.1,14.0,1.0,0.4,3.76,4.1,5.87,4.8,3.0,1.66,18.0,0.7,0.5,0.5,-3.48,-2.29,0.11,-1.7,3.0,2.68,18.0,0.7,0.5,0.5,1.56,3.38,5.37,3.46,3.0,2.79,18.0,0.7,0.5,0.5,1005.5,1005.5,1011.1,1008.23,3.0,4.73,18.0,0.7,0.5,0.5,1.3,4.0,4.7,3.0,3.0,2.6,18.0,0.7,0.5,0.5,-16.2,-15.4,-1.8,-9.2,3.0,11.8,18.0,0.7,0.5,0.5,5.9,12.2,32.7,19.1,3.0,20.5,18.0,0.7,0.5,0.5,-1.28,-0.6,0.08,-0.6,2.0,1.41,14.0,1.0,0.6,0.4,-4.4,-1.5,1.3,-1.5,2.0,6.0,14.0,1.0,0.6,0.4,5.24,5.86,6.48,5.86,2.0,1.29,14.0,1.0,0.6,0.4,22.2,31.6,41.0,31.6,2.0,19.5,14.0,1.0,0.6,0.4,-49.4,-14.6,20.2,-14.6,2.0,72.0,14.0,1.0,0.6,0.4,112.5,139.9,167.3,139.9,2.0,56.8,14.0,1.0,0.6,0.4,-32.1,-9.7,12.7,-9.7,2.0,46.3,14.0,1.0,0.6,0.4,71.9,90.0,108.2,90.0,2.0,37.6,14.0,1.0,0.6,0.4,-12.1,-4.7,2.7,-4.7,2.0,15.3,14.0,1.0,0.6,0.4,20.8,29.7,38.5,29.7,2.0,18.3,14.0,1.0,0.6,0.4,53.5,69.0,227.0,139.0,3.0,140.5,18.0,0.7,0.5,0.5,55.0,70.0,225.0,140.0,3.0,140.0,18.0,0.7,0.5,0.5
1974,2,106.0,-13.0,28.41,28.65,28.89,28.65,2.0,0.49,14.0,0.5,0.9,0.6,26.19,26.6,27.01,26.6,2.0,0.85,14.0,0.5,0.9,0.6,19.9,19.9,19.9,19.9,1.0,0.0,24.0,1.0,0.9,0.5,87.8,87.8,87.8,87.8,1.0,0.0,24.0,1.0,0.5,2.41,3.3,4.19,3.3,2.0,1.84,14.0,0.5,0.9,0.6,0.11,0.34,0.58,0.34,2.0,0.48,14.0,0.5,0.9,0.6,2.31,3.24,4.17,3.24,2.0,1.92,14.0,0.5,0.9,0.6,1007.1,1008.4,1009.7,1008.4,2.0,2.69,14.0,0.5,0.9,0.6,5.3,6.0,6.7,6.0,2.0,1.4,14.0,0.5,0.9,0.6,0.2,0.7,1.2,0.7,2.0,1.0,14.0,0.5,0.9,0.6,6.5,12.5,18.4,12.5,2.0,12.3,14.0,0.5,0.9,0.6,1.4,2.05,2.7,2.05,2.0,1.34,14.0,0.5,0.9,0.6,5.2,5.5,5.9,5.5,2.0,0.7,14.0,0.5,0.9,0.6,4.34,4.34,4.34,4.34,1.0,0.0,24.0,1.0,0.9,0.5,20.0,20.0,20.0,20.0,1.0,0.0,24.0,1.0,0.9,0.5,2.8,8.9,15.0,8.9,2.0,12.6,14.0,0.5,0.9,0.6,61.0,87.0,113.0,87.0,2.0,53.9,14.0,0.5,0.9,0.6,0.0,0.0,0.0,0.0,1.0,0.0,24.0,1.0,0.9,0.5,91.6,91.6,91.6,91.6,1.0,0.0,24.0,1.0,0.9,0.5,0.0,0.0,0.0,0.0,1.0,0.0,24.0,1.0,0.9,0.5,20.0,20.0,20.0,20.0,1.0,0.0,24.0,1.0,0.9,0.5,22.0,52.5,83.0,52.5,2.0,63.0,14.0,0.5,0.9,0.6,20.0,55.0,85.0,55.0,2.0,65.0,14.0,0.5,0.9,0.6
1974,2,106.0,-12.0,27.82,28.0,28.56,28.16,5.0,0.55,14.0,0.6,0.7,0.7,26.84,27.05,27.2,27.03,4.0,0.25,18.0,0.8,0.7,0.7,17.32,18.4,19.35,18.34,4.0,1.37,18.0,0.8,0.7,0.7,78.0,81.9,85.6,81.8,4.0,4.9,18.0,0.8,0.7,2.7,4.1,4.78,3.78,5.0,1.24,14.0,0.6,0.7,0.7,-2.06,1.4,4.49,1.25,5.0,3.35,14.0,0.6,0.7,0.7,-0.14,1.74,2.67,1.34,5.0,1.99,14.0,0.6,0.7,0.7,1005.96,1006.9,1009.41,1007.6,5.0,1.93,14.0,0.6,0.7,0.7,3.6,6.0,6.7,5.4,5.0,1.9,14.0,0.6,0.7,0.7,-5.1,5.7,21.5,7.8,5.0,14.1,14.0,0.6,0.7,0.7,-1.8,6.2,11.4,5.0,5.0,8.6,14.0,0.6,0.7,0.7,0.6,0.95,1.25,0.93,4.0,0.39,18.0,0.8,0.7,0.7,2.9,3.8,4.5,3.7,4.0,1.1,18.0,0.8,0.7,0.7,4.14,5.29,6.68,5.4,4.0,1.51,18.0,0.8,0.7,0.7,20.1,21.1,23.8,21.9,4.0,2.5,18.0,0.8,0.7,0.7,-15.1,77.4,124.1,55.5,4.0,89.2,18.0,0.8,0.7,0.7,0.4,50.4,80.0,40.7,4.0,61.1,18.0,0.8,0.7,0.7,-8.6,53.1,88.5,40.6,4.0,61.3,18.0,0.8,0.7,0.7,0.3,33.9,53.0,27.0,4.0,41.2,18.0,0.8,0.7,0.7,-4.7,13.7,18.9,7.4,4.0,16.9,18.0,0.8,0.7,0.7,-0.4,10.5,19.2,9.5,4.0,13.0,18.0,0.8,0.7,0.7,22.0,69.0,110.0,67.5,5.0,50.0,14.0,0.6,0.7,0.7,20.0,70.0,110.0,65.0,5.0,50.0,14.0,0.6,0.7,0.7
1974,2,106.0,-11.0,27.63,28.2,28.92,28.3,5.0,1.08,18.0,0.4,0.5,0.5,26.74,27.15,29.29,27.83,6.0,1.53,16.0,0.5,0.5,0.4,17.38,18.17,19.59,18.41,5.0,1.23,18.0,0.4,0.5,0.5,74.8,81.1,83.3,79.5,5.0,5.0,18.0,0.4,0.5,2.6,2.85,9.3,4.92,6.0,3.4,16.0,0.5,0.5,0.4,1.03,1.87,8.74,3.75,6.0,3.94,16.0,0.5,0.5,0.4,-3.18,-1.57,2.43,-0.69,6.0,2.75,16.0,0.5,0.5,0.4,1006.58,1007.3,1009.04,1007.65,6.0,1.22,16.0,0.5,0.5,0.4,3.6,4.5,6.4,4.8,6.0,2.0,16.0,0.5,0.5,0.4,2.7,4.9,81.3,29.3,6.0,40.3,16.0,0.5,0.5,0.4,-29.6,-4.1,6.6,-8.6,6.0,17.1,16.0,0.5,0.5,0.4,-0.67,1.2,2.1,0.7,5.0,2.51,18.0,0.4,0.5,0.5,-10.1,3.1,14.4,2.1,5.0,22.7,18.0,0.4,0.5,0.5,3.89,5.64,7.94,5.85,5.0,2.52,18.0,0.4,0.5,0.5,13.8,22.4,46.1,31.6,5.0,30.4,18.0,0.4,0.5,0.5,27.6,52.2,238.6,106.1,6.0,112.9,16.0,0.5,0.5,0.4,-86.9,-42.3,69.1,-19.4,6.0,77.1,16.0,0.5,0.5,0.4,15.0,47.5,161.2,79.8,5.0,78.9,18.0,0.4,0.5,0.5,-58.7,-40.9,8.2,-25.0,5.0,46.8,18.0,0.4,0.5,0.5,4.7,11.4,43.3,24.2,5.0,32.3,18.0,0.4,0.5,0.5,-18.7,-8.1,5.6,-6.3,5.0,18.7,18.0,0.4,0.5,0.5,17.5,23.5,804.5,282.0,6.0,404.5,16.0,0.5,0.5,0.4,20.0,25.0,805.0,280.0,6.0,405.0,16.0,0.5,0.5,0.4
1974,2,106.0,-10.0,27.48,28.5,29.0,28.25,4.0,0.96,14.0,1.0,0.1,0.6,26.74,28.5,29.15,28.04,5.0,1.33,16.0,1.0,0.1,0.5,18.12,18.55,18.98,18.55,2.0,0.89,14.0,1.0,0.1,0.9,72.5,78.5,80.9,76.8,3.0,6.4,18.0,1.0,0.7,1.7,2.6,4.47,2.98,5.0,1.63,16.0,1.0,0.1,0.5,1.22,2.44,3.87,2.55,5.0,1.44,16.0,1.0,0.1,0.5,-0.93,0.89,1.77,0.4,5.0,1.82,16.0,1.0,0.1,0.5,1007.65,1008.4,1010.17,1008.9,3.0,1.9,12.0,1.0,0.1,0.6,5.6,6.0,7.4,6.4,5.0,1.1,16.0,1.0,0.1,0.5,2.2,6.4,17.5,9.5,5.0,9.0,16.0,1.0,0.1,0.5,-4.7,2.3,5.2,0.2,5.0,8.0,16.0,1.0,0.1,0.5,-0.73,0.25,0.6,-0.05,4.0,0.95,14.0,1.0,0.1,0.6,-0.7,0.9,2.2,0.7,4.0,1.8,14.0,1.0,0.1,0.6,5.89,5.96,6.03,5.96,2.0,0.15,14.0,1.0,0.1,0.9,9.8,18.4,27.0,18.4,2.0,17.7,14.0,1.0,0.1,0.9,35.6,64.3,106.8,70.9,5.0,40.1,16.0,1.0,0.1,0.5,-26.5,23.4,49.8,10.5,5.0,51.3,16.0,1.0,0.1,0.5,28.5,51.3,74.1,51.3,2.0,47.2,14.0,1.0,0.1,0.9,-41.1,-24.5,-7.8,-24.5,2.0,34.6,14.0,1.0,0.1,0.9,9.2,16.3,23.5,16.3,2.0,14.8,14.0,1.0,0.1,0.9,-13.0,-7.7,-2.5,-7.7,2.0,10.9,14.0,1.0,0.1,0.9,6.0,17.5,92.0,46.0,5.0,55.5,16.0,1.0,0.1,0.5,5.0,20.0,90.0,45.0,5.0,55.0,16.0,1.0,0.1,0.5
1974,2,106.0,-9.0,27.0,27.0,27.0,27.0,1.0,0.0,14.0,1.0,0.0,0.2,26.5,26.5,26.5,26.5,1.0,0.0,14.0,1.0,0.0,0.2,19.98,19.98,19.98,19.98,1.0,0.0,14.0,1.0,0.0,0.2,92.0,92.0,92.0,92.0,1.0,0.0,14.0,1.0,0.2,4.1,4.1,4.1,4.1,1.0,0.0,14.0,1.0,0.0,0.2,3.85,3.85,3.85,3.85,1.0,0.0,14.0,1.0,0.0,0.2,-1.4,-1.4,-1.4,-1.4,1.0,0.0,14.0,1.0,0.0,0.2,1008.7,1008.7,1008.7,1008.7,1.0,0.0,14.0,1.0,0.0,0.2,7.0,7.0,7.0,7.0,1.0,0.0,14.0,1.0,0.0,0.2,15.8,15.8,15.8,15.8,1.0,0.0,14.0,1.0,0.0,0.2,-5.7,-5.7,-5.7,-5.7,1.0,0.0,14.0,1.0,0.0,0.2,0.5,0.5,0.5,0.5,1.0,0.0,14.0,1.0,0.0,0.2,2.1,2.1,2.1,2.1,1.0,0.0,14.0,1.0,0.0,0.2,2.41,2.41,2.41,2.41,1.0,0.0,14.0,1.0,0.0,0.2,9.9,9.9,9.9,9.9,1.0,0.0,14.0,1.0,0.0,0.2,102.1,102.1,102.1,102.1,1.0,0.0,14.0,1.0,0.0,0.2,-37.2,-37.2,-37.2,-37.2,1.0,0.0,14.0,1.0,0.0,0.2,77.0,77.0,77.0,77.0,1.0,0.0,14.0,1.0,0.0,0.2,-28.0,-28.0,-28.0,-28.0,1.0,0.0,14.0,1.0,0.0,0.2,9.3,9.3,9.3,9.3,1.0,0.0,14.0,1.0,0.0,0.2,-3.4,-3.4,-3.4,-3.4,1.0,0.0,14.0,1.0,0.0,0.2,69.0,69.0,69.0,69.0,1.0,0.0,14.0,1.0,0.0,0.2,70.0,70.0,70.0,70.0,1.0,0.0,14.0,1.0,0.0,0.2
1974,2,106.0,-8.0,27.0,27.0,27.0,27.0,1.0,0.0,18.0,0.0,0.7,0.4,26.8,26.8,26.8,26.8,1.0,0.0,18.0,0.0,0.7,0.4,15.91,15.91,15.91,15.91,1.0,0.0,18.0,0.0,0.7,0.4,72.3,72.3,72.3,72.3,1.0,0.0,18.0,0.0,0.4,1.0,1.0,1.0,1.0,1.0,0.0,18.0,0.0,0.7,0.4,-0.64,-0.64,-0.64,-0.64,1.0,0.0,18.0,0.0,0.7,0.4,-0.77,-0.77,-0.77,-0.77,1.0,0.0,18.0,0.0,0.7,0.4,1010.0,1010.0,1010.0,1010.0,1.0,0.0,18.0,0.0,0.7,0.4,7.0,7.0,7.0,7.0,1.0,0.0,18.0,0.0,0.7,0.4,-0.6,-0.6,-0.6,-0.6,1.0,0.0,18.0,0.0,0.7,0.4,-0.8,-0.8,-0.8,-0.8,1.0,0.0,18.0,0.0,0.7,0.4,0.2,0.2,0.2,0.2,1.0,0.0,18.0,0.0,0.7,0.4,0.2,0.2,0.2,0.2,1.0,0.0,18.0,0.0,0.7,0.4,6.45,6.45,6.45,6.45,1.0,0.0,18.0,0.0,0.7,0.4,6.5,6.5,6.5,6.5,1.0,0.0,18.0,0.0,0.7,0.4,-17.2,-17.2,-17.2,-17.2,1.0,0.0,18.0,0.0,0.7,0.4,-20.5,-20.5,-20.5,-20.5,1.0,0.0,18.0,0.0,0.7,0.4,-10.2,-10.2,-10.2,-10.2,1.0,0.0,18.0,0.0,0.7,0.4,-12.2,-12.2,-12.2,-12.2,1.0,0.0,18.0,0.0,0.7,0.4,-4.1,-4.1,-4.1,-4.1,1.0,0.0,18.0,0.0,0.7,0.4,-4.9,-4.9,-4.9,-4.9,1.0,0.0,18.0,0.0,0.7,0.4,1.0,1.0,1.0,1.0,1.0,0.0,18.0,0.0,0.7,0.4,0.0,0.0,0.0,0.0,1.0,0.0,18.0,0.0,0.7,0.4
1974,2,106.0,-6.0,27.13,27.4,27.71,27.42,5.0,0.35,12.0,0.2,0.3,0.6,25.71,27.2,27.24,26.58,5.0,0.94,12.0,0.2,0.3,0.6,17.16,17.62,18.64,17.91,5.0,1.11,12.0,0.2,0.3,0.6,76.5,82.5,88.2,82.3,5.0,6.5,12.0,0.2,0.6,4.6,6.7,7.43,6.26,5.0,1.72,12.0,0.2,0.3,0.6,0.16,2.3,4.17,2.1,5.0,2.89,12.0,0.2,0.3,0.6,-6.43,-5.8,-4.2,-5.41,5.0,1.2,12.0,0.2,0.3,0.6,1007.45,1009.0,1010.07,1008.74,5.0,1.53,12.0,0.2,0.3,0.6,5.0,8.0,8.0,6.8,5.0,1.6,12.0,0.2,0.3,0.6,-1.0,10.6,32.0,14.7,5.0,23.4,12.0,0.2,0.3,0.6,-48.0,-38.9,-19.3,-35.4,5.0,16.6,12.0,0.2,0.3,0.6,0.29,0.7,1.42,0.84,5.0,0.67,12.0,0.2,0.3,0.6,1.9,3.2,9.2,5.6,5.0,5.9,12.0,0.2,0.3,0.6,4.19,5.28,5.8,5.05,5.0,0.91,12.0,0.2,0.3,0.6,22.0,37.8,39.0,31.7,5.0,10.1,12.0,0.2,0.3,0.6,4.4,59.8,109.5,54.5,5.0,75.2,12.0,0.2,0.3,0.6,-169.2,-158.4,-112.5,-143.8,5.0,31.0,12.0,0.2,0.3,0.6,5.0,39.9,72.6,37.5,5.0,51.1,12.0,0.2,0.3,0.6,-114.2,-97.7,-79.4,-96.6,5.0,20.2,12.0,0.2,0.3,0.6,-0.8,12.2,21.9,10.0,5.0,14.7,12.0,0.2,0.3,0.6,-35.4,-29.1,-19.5,-27.5,5.0,8.4,12.0,0.2,0.3,0.6,97.5,301.0,431.5,291.0,5.0,229.5,12.0,0.2,0.3,0.6,95.0,300.0,430.0,290.0,5.0,230.0,12.0,0.2,0.3,0.6
1974,2,106.0,-5.0,27.0,27.3,27.55,27.3,5.0,0.33,12.0,0.4,0.7,0.4,26.68,27.15,28.2,27.57,6.0,1.51,14.0,0.5,0.7,0.5,17.5,18.68,18.7,18.13,4.0,1.13,10.0,0.3,0.8,0.5,77.5,81.5,85.1,81.3,4.0,5.4,10.0,0.3,0.5,4.29,5.15,6.7,5.23,6.0,1.41,14.0,0.5,0.7,0.5,2.31,3.15,3.73,2.81,6.0,1.44,14.0,0.5,0.7,0.5,-5.99,-3.95,-2.04,-3.96,6.0,2.12,14.0,0.5,0.7,0.5,1007.62,1008.5,1008.97,1008.32,5.0,1.14,12.0,0.4,0.7,0.4,4.9,6.0,7.4,6.0,5.0,1.9,14.0,0.4,0.7,0.5,7.2,16.0,21.2,14.0,6.0,8.5,14.0,0.5,0.7,0.5,-40.1,-20.5,-9.1,-23.1,6.0,16.3,14.0,0.5,0.7,0.5,-1.18,-0.2,0.61,-0.38,5.0,1.38,12.0,0.4,0.7,0.4,-7.7,-0.9,3.5,-2.7,5.0,8.9,12.0,0.4,0.7,0.4,3.7,3.97,5.35,4.5,4.0,1.27,10.0,0.3,0.8,0.5,18.2,20.3,32.4,25.1,4.0,11.8,10.0,0.3,0.8,0.5,62.4,85.7,100.9,75.7,6.0,38.4,14.0,0.5,0.7,0.5,-165.6,-108.2,-53.7,-110.9,6.0,63.7,14.0,0.5,0.7,0.5,55.2,61.9,71.6,63.3,4.0,9.7,10.0,0.3,0.8,0.5,-88.8,-73.8,-53.9,-71.5,4.0,22.5,10.0,0.3,0.8,0.5,13.0,14.1,18.2,15.5,4.0,4.0,10.0,0.3,0.8,0.5,-27.0,-15.6,-11.6,-19.1,4.0,12.3,10.0,0.3,0.8,0.5,83.5,141.5,301.0,168.5,6.0,113.5,14.0,0.5,0.7,0.5,85.0,140.0,300.0,170.0,6.0,115.0,14.0,0.5,0.7,0.5
1974,2,106.0,-4.0,27.21,27.65,28.09,27.65,2.0,0.92,18.0,0.5,0.6,0.3,25.86,26.0,26.14,26.0,2.0,0.28,18.0,0.5,0.6,0.3,17.99,18.65,19.3,18.65,2.0,1.35,18.0,0.5,0.6,0.3,86.2,88.5,90.9,88.5,2.0,4.9,18.0,0.5,0.3,5.59,6.65,7.71,6.65,2.0,2.19,18.0,0.5,0.6,0.3,2.12,2.92,3.73,2.92,2.0,1.67,18.0,0.5,0.6,0.3,-6.73,-5.95,-5.16,-5.95,2.0,1.63,18.0,0.5,0.6,0.3,1009.11,1009.35,1009.59,1009.35,2.0,0.5,18.0,0.5,0.6,0.3,3.2,3.5,3.8,3.5,2.0,0.7,18.0,0.5,0.6,0.3,12.8,21.3,29.7,21.3,2.0,17.5,18.0,0.5,0.6,0.3,-52.9,-41.3,-29.8,-41.3,2.0,23.9,18.0,0.5,0.6,0.3,1.34,1.65,1.96,1.65,2.0,0.64,18.0,0.5,0.6,0.3,10.0,10.3,10.6,10.3,2.0,0.6,18.0,0.5,0.6,0.3,4.59,4.63,4.68,4.63,2.0,0.1,18.0,0.5,0.6,0.3,25.7,30.9,36.1,30.9,2.0,10.8,18.0,0.5,0.6,0.3,55.2,75.7,96.2,75.7,2.0,42.5,18.0,0.5,0.6,0.3,-174.1,-154.4,-134.7,-154.4,2.0,40.8,18.0,0.5,0.6,0.3,40.3,53.4,66.4,53.4,2.0,27.1,18.0,0.5,0.6,0.3,-120.6,-109.8,-99.0,-109.8,2.0,22.4,18.0,0.5,0.6,0.3,9.8,13.6,17.5,13.6,2.0,8.0,18.0,0.5,0.6,0.3,-31.5,-27.6,-23.7,-27.6,2.0,8.1,18.0,0.5,0.6,0.3,199.0,342.0,485.0,342.0,2.0,296.0,18.0,0.5,0.6,0.3,200.0,340.0,485.0,340.0,2.0,295.0,18.0,0.5,0.6,0.3
1974,2,106.0,-3.0,26.9,26.9,26.9,26.9,1.0,0.0,26.0,1.0,0.9,0.6,25.5,25.5,25.5,25.5,1.0,0.0,26.0,1.0,0.9,0.6,18.01,18.01,18.01,18.01,1.0,0.0,26.0,1.0,0.9,0.6,88.2,88.2,88.2,88.2,1.0,0.0,26.0,1.0,0.6,5.1,5.1,5.1,5.1,1.0,0.0,26.0,1.0,0.9,0.6,1.74,1.74,1.74,1.74,1.0,0.0,26.0,1.0,0.9,0.6,-4.79,-4.79,-4.79,-4.79,1.0,0.0,26.0,1.0,0.9,0.6,1009.4,1009.4,1009.4,1009.4,1.0,0.0,26.0,1.0,0.9,0.6,7.0,7.0,7.0,7.0,1.0,0.0,26.0,1.0,0.9,0.6,8.9,8.9,8.9,8.9,1.0,0.0,26.0,1.0,0.9,0.6,-24.4,-24.4,-24.4,-24.4,1.0,0.0,26.0,1.0,0.9,0.6,1.4,1.4,1.4,1.4,1.0,0.0,26.0,1.0,0.9,0.6,7.1,7.1,7.1,7.1,1.0,0.0,26.0,1.0,0.9,0.6,4.24,4.24,4.24,4.24,1.0,0.0,26.0,1.0,0.9,0.6,21.6,21.6,21.6,21.6,1.0,0.0,26.0,1.0,0.9,0.6,44.5,44.5,44.5,44.5,1.0,0.0,26.0,1.0,0.9,0.6,-122.2,-122.2,-122.2,-122.2,1.0,0.0,26.0,1.0,0.9,0.6,31.4,31.4,31.4,31.4,1.0,0.0,26.0,1.0,0.9,0.6,-86.3,-86.3,-86.3,-86.3,1.0,0.0,26.0,1.0,0.9,0.6,7.4,7.4,7.4,7.4,1.0,0.0,26.0,1.0,0.9,0.6,-20.3,-20.3,-20.3,-20.3,1.0,0.0,26.0,1.0,0.9,0.6,132.5,132.5,132.5,132.5,1.0,0.0,26.0,1.0,0.9,0.6,135.0,135.0,135.0,135.0,1.0,0.0,26.0,1.0,0.9,0.6
1974,2,106.0,-2.0,27.5,27.7,27.9,27.7,2.0,0.42,20.0,0.5,0.6,0.7,28.03,28.1,28.17,28.1,2.0,0.14,20.0,0.5,0.6,0.7,19.27,19.27,19.27,19.27,1.0,0.0,26.0,1.0,0.3,0.9,80.4,80.4,80.4,80.4,1.0,0.0,26.0,1.0,0.9,8.7,8.7,8.7,8.7,1.0,0.0,26.0,1.0,0.3,0.9,5.59,5.59,5.59,5.59,1.0,0.0,26.0,1.0,0.3,0.9,-6.66,-6.66,-6.66,-6.66,1.0,0.0,26.0,1.0,0.3,0.9,1009.09,1009.7,1010.31,1009.7,2.0,1.27,20.0,0.5,0.6,0.7,1.1,3.5,5.9,3.5,2.0,4.9,20.0,0.5,0.6,0.7,48.7,48.7,48.7,48.7,1.0,0.0,26.0,1.0,0.3,0.9,-58.0,-58.0,-58.0,-58.0,1.0,0.0,26.0,1.0,0.3,0.9,-0.67,-0.4,-0.13,-0.4,2.0,0.57,20.0,0.5,0.6,0.7,-7.0,-7.0,-7.0,-7.0,1.0,0.0,26.0,1.0,0.3,0.9,3.66,3.66,3.66,3.66,1.0,0.0,26.0,1.0,0.3,0.9,31.9,31.9,31.9,31.9,1.0,0.0,26.0,1.0,0.3,0.9,157.7,157.7,157.7,157.7,1.0,0.0,26.0,1.0,0.3,0.9,-187.9,-187.9,-187.9,-187.9,1.0,0.0,26.0,1.0,0.3,0.9,107.7,107.7,107.7,107.7,1.0,0.0,26.0,1.0,0.3,0.9,-128.4,-128.4,-128.4,-128.4,1.0,0.0,26.0,1.0,0.3,0.9,20.5,20.5,20.5,20.5,1.0,0.0,26.0,1.0,0.3,0.9,-24.4,-24.4,-24.4,-24.4,1.0,0.0,26.0,1.0,0.3,0.9,658.5,658.5,658.5,658.5,1.0,0.0,26.0,1.0,0.3,0.9,660.0,660.0,660.0,660.0,1.0,0.0,26.0,1.0,0.3,0.9
1974,2,106.0,-1.0,26.16,26.2,26.8,26.48,5.0,0.58,10.0,0.6,0.6,0.8,25.69,25.8,26.74,26.12,5.0,0.59,10.0,0.6,0.6,0.8,16.98,18.19,18.87,17.94,4.0,1.17,8.0,0.8,0.5,0.8,79.8,84.5,88.0,84.3,5.0,5.1,10.0,0.6,0.8,1.65,6.7,8.65,5.46,5.0,4.12,10.0,0.6,0.6,0.8,-1.22,0.45,4.04,1.11,5.0,3.25,10.0,0.6,0.6,0.8,-7.28,-5.8,-1.63,-4.79,5.0,3.68,10.0,0.6,0.6,0.8,1008.3,1008.7,1009.05,1008.68,4.0,0.44,8.0,0.8,0.5,0.8,6.6,7.0,8.0,7.2,5.0,0.8,10.0,0.6,0.6,0.8,-8.2,1.2,37.0,10.6,5.0,26.0,10.0,0.6,0.6,0.8,-65.2,-38.9,-4.2,-38.1,5.0,39.6,10.0,0.6,0.6,0.8,0.07,0.6,0.64,0.36,5.0,0.49,10.0,0.6,0.6,0.8,-1.4,1.0,4.8,1.5,5.0,3.9,10.0,0.6,0.6,0.8,3.06,3.96,4.69,3.87,4.0,1.14,8.0,0.8,0.5,0.8,4.7,13.0,35.6,19.8,4.0,23.3,8.0,0.8,0.5,0.8,-31.2,11.6,106.0,29.9,5.0,84.7,10.0,0.6,0.6,0.8,-191.2,-148.0,-41.9,-124.2,5.0,95.2,10.0,0.6,0.6,0.8,-33.0,4.0,34.1,0.7,4.0,49.6,8.0,0.8,0.5,0.8,-135.3,-77.0,-21.4,-78.3,4.0,70.1,8.0,0.8,0.5,0.8,-4.2,0.8,10.4,3.0,4.0,11.0,8.0,0.8,0.5,0.8,-32.9,-11.8,-4.6,-18.4,4.0,21.9,8.0,0.8,0.5,0.8,11.0,301.0,689.0,373.5,5.0,446.0,10.0,0.6,0.6,0.8,10.0,300.0,690.0,375.0,5.0,445.0,10.0,0.6,0.6,0.8
1974,2,106.0,0.0,26.33,26.4,27.36,26.83,3.0,0.84,18.0,0.0,0.4,0.1,25.86,26.0,26.55,26.2,3.0,0.53,18.0,0.0,0.4,0.1,16.96,18.71,19.52,18.25,3.0,1.92,18.0,0.0,0.4,0.1,81.2,88.7,89.5,85.4,3.0,6.8,18.0,0.0,0.1,2.92,3.6,8.17,5.5,3.0,4.19,18.0,0.0,0.4,0.1,0.19,3.38,3.48,1.87,3.0,2.74,18.0,0.0,0.4,0.1,-7.32,-2.25,0.13,-3.57,3.0,5.57,18.0,0.0,0.4,0.1,1007.36,1007.5,1007.98,1007.67,3.0,0.47,18.0,0.0,0.4,0.1,2.9,7.0,7.7,5.3,3.0,3.8,18.0,0.0,0.4,0.1,1.6,12.2,28.6,15.0,3.0,20.0,18.0,0.0,0.4,0.1,-69.9,-5.9,1.2,-33.7,3.0,57.4,18.0,0.0,0.4,0.1,0.4,0.6,0.87,0.63,3.0,0.35,18.0,0.0,0.4,0.1,1.7,3.6,5.4,3.5,3.0,2.7,18.0,0.0,0.4,0.1,3.05,3.63,4.89,3.96,3.0,1.37,18.0,0.0,0.4,0.1,9.1,13.1,42.6,25.6,3.0,26.8,18.0,0.0,0.4,0.1,5.7,90.7,90.8,49.3,3.0,71.9,18.0,0.0,0.4,0.1,-189.0,-58.5,3.9,-91.8,3.0,144.3,18.0,0.0,0.4,0.1,1.4,56.9,64.0,33.3,3.0,50.2,18.0,0.0,0.4,0.1,-120.0,-42.1,3.3,-58.0,3.0,91.4,18.0,0.0,0.4,0.1,1.4,12.3,17.1,9.3,3.0,11.7,18.0,0.0,0.4,0.1,-38.2,-6.3,1.1,-18.3,3.0,30.5,18.0,0.0,0.4,0.1,27.0,46.5,760.5,385.5,3.0,612.5,18.0,0.0,0.4,0.1,25.0,45.0,760.0,385.0,3.0,615.0,18.0,0.0,0.4,0.1
1974,2,106.0,1.0,25.32,26.0,26.68,26.0,2.0,1.41,18.0,0.5,0.6,0.7,26.19,26.6,26.87,26.53,3.0,0.5,16.0,0.7,0.7,0.6,17.0,17.36,17.72,17.36,2.0,0.75,18.0,0.5,0.6,0.7,80.4,81.1,81.8,81.1,2.0,1.4,18.0,0.5,0.7,4.56,7.7,10.84,7.7,3.0,4.6,16.0,0.7,0.7,0.6,-6.07,-5.9,-3.49,-4.81,3.0,2.11,16.0,0.7,0.7,0.6,-8.84,-4.95,-2.93,-5.86,3.0,4.4,16.0,0.7,0.7,0.6,1009.8,1009.8,1009.8,1009.8,2.0,0.0,18.0,0.5,0.6,0.7,5.0,7.0,7.0,6.0,3.0,1.7,16.0,0.7,0.7,0.6,-66.1,-45.4,-19.4,-42.8,3.0,34.2,16.0,0.7,0.7,0.6,-101.5,-38.1,-16.3,-58.4,3.0,64.9,16.0,0.7,0.7,0.6,-0.78,-0.3,0.18,-0.3,2.0,0.99,18.0,0.5,0.6,0.7,-10.2,-5.5,-0.9,-5.5,2.0,9.6,18.0,0.5,0.6,0.7,3.24,3.74,4.25,3.74,2.0,1.04,18.0,0.5,0.6,0.7,17.6,25.5,33.4,25.5,2.0,16.4,18.0,0.5,0.6,0.7,-159.7,-159.3,-93.7,-127.4,3.0,55.7,16.0,0.7,0.7,0.6,-231.5,-133.6,-78.6,-154.5,3.0,113.4,16.0,0.7,0.7,0.6,-93.8,-73.0,-52.2,-73.0,2.0,43.1,18.0,0.5,0.6,0.7,-156.5,-107.4,-58.4,-107.4,2.0,101.5,18.0,0.5,0.6,0.7,-17.3,-14.6,-11.9,-14.6,2.0,5.6,18.0,0.5,0.6,0.7,-28.4,-20.5,-12.6,-20.5,2.0,16.4,18.0,0.5,0.6,0.7,165.0,456.5,1415.0,782.5,3.0,958.0,16.0,0.7,0.7,0.6,165.0,455.0,1415.0,780.0,3.0,960.0,16.0,0.7,0.7,0.6
1974,2,106.0,2.0,25.25,25.8,26.65,25.96,9.0,0.73,12.0,0.3,0.4,0.2,24.89,25.6,26.0,25.39,10.0,0.66,14.0,0.4,0.4,0.2,16.57,17.85,19.11,17.9,9.0,1.61,12.0,0.3,0.4,0.2,82.4,87.1,93.6,88.5,9.0,6.7,12.0,0.3,0.2,4.81,5.9,9.83,6.62,10.0,3.39,14.0,0.4,0.4,0.2,-4.58,-3.07,-0.75,-2.92,10.0,2.55,14.0,0.4,0.4,0.2,-8.47,-5.08,-2.89,-5.55,10.0,3.15,14.0,0.4,0.4,0.2,1007.54,1009.2,1010.66,1009.16,10.0,1.87,14.0,0.4,0.4,0.2,3.5,7.0,8.0,6.0,9.0,2.1,14.0,0.4,0.4,0.2,-39.6,-18.7,-2.3,-24.9,10.0,30.2,14.0,0.4,0.4,0.2,-89.2,-30.0,-14.0,-45.8,10.0,44.1,14.0,0.4,0.4,0.2,0.18,0.7,1.35,0.63,9.0,0.76,12.0,0.3,0.4,0.2,0.7,3.4,6.9,3.3,9.0,7.6,12.0,0.3,0.4,0.2,2.02,2.76,4.59,3.15,9.0,1.34,12.0,0.3,0.4,0.2,9.3,14.9,28.3,21.9,9.0,19.2,12.0,0.3,0.4,0.2,-117.3,-79.7,-18.2,-74.5,10.0,64.8,14.0,0.4,0.4,0.2,-213.7,-126.4,-74.7,-141.7,10.0,81.1,14.0,0.4,0.4,0.2,-89.2,-53.1,-11.9,-50.9,9.0,46.3,12.0,0.3,0.4,0.2,-146.0,-92.0,-45.6,-96.5,9.0,56.8,12.0,0.3,0.4,0.2,-11.7,-5.2,-2.4,-9.6,9.0,13.5,12.0,0.3,0.4,0.2,-27.9,-12.8,-5.2,-18.3,9.0,15.7,12.0,0.3,0.4,0.2,112.5,216.5,1099.0,509.5,10.0,681.0,14.0,0.4,0.4,0.2,110.0,215.0,1100.0,510.0,10.0,680.0,14.0,0.4,0.4,0.2
1974,2,106.0,3.0,24.4,24.5,27.31,25.56,9.0,1.6,14.0,0.6,0.4,0.6,25.37,26.85,27.83,26.66,12.0,1.67,14.0,0.4,0.3,0.6,17.43,18.42,19.02,18.27,9.0,0.95,14.0,0.6,0.4,0.6,73.8,85.2,91.0,83.4,9.0,8.6,14.0,0.6,0.6,3.39,5.1,9.16,6.16,11.0,2.94,14.0,0.5,0.3,0.6,-4.58,-2.12,-1.74,-2.93,11.0,1.54,14.0,0.5,0.3,0.6,-7.93,-4.79,-2.47,-5.22,11.0,2.95,14.0,0.5,0.3,0.6,1007.52,1009.55,1011.76,1009.79,12.0,2.78,14.0,0.4,0.3,0.6,6.6,7.0,8.0,7.1,11.0,0.9,14.0,0.5,0.2,0.6,-37.5,-13.1,-7.6,-20.2,11.0,17.8,14.0,0.5,0.3,0.6,-74.3,-24.4,-8.6,-39.8,11.0,38.2,14.0,0.5,0.3,0.6,-3.99,-1.4,0.97,-1.32,9.0,2.66,14.0,0.6,0.4,0.6,-21.1,-7.7,3.7,-9.3,9.0,24.5,14.0,0.6,0.4,0.6,0.45,1.13,3.18,1.71,7.0,1.67,14.0,0.7,0.5,0.5,3.4,8.0,10.0,7.6,7.0,5.3,14.0,0.7,0.5,0.5,-126.7,-57.3,-46.1,-79.0,11.0,43.4,14.0,0.5,0.3,0.6,-226.4,-126.2,-66.1,-140.7,11.0,82.1,14.0,0.5,0.3,0.6,-93.6,-37.1,-31.4,-53.1,8.0,32.8,14.0,0.6,0.4,0.6,-109.2,-85.2,-30.4,-82.4,8.0,47.5,14.0,0.6,0.4,0.6,-8.3,-2.7,-1.9,-4.1,7.0,3.2,14.0,0.7,0.5,0.5,-7.9,-5.4,-2.2,-6.2,7.0,4.6,14.0,0.7,0.5,0.5,39.5,132.5,821.0,389.0,11.0,477.0,14.0,0.5,0.3,0.6,40.0,135.0,820.0,390.0,11.0,475.0,14.0,0.5,0.3,0.6
1974,2,106.0,4.0,24.82,25.9,26.94,25.83,59.0,1.12,16.0,0.5,0.4,0.5,24.73,25.25,26.97,25.72,66.0,1.45,16.0,0.5,0.4,0.5,16.51,17.59,18.62,17.61,50.0,1.13,14.0,0.5,0.4,0.5,81.4,87.0,93.6,86.4,51.0,6.6,14.0,0.5,0.5,3.1,7.2,10.3,7.15,64.0,3.5,16.0,0.5,0.4,0.5,-5.79,-3.25,-1.34,-3.34,64.0,2.37,16.0,0.5,0.4,0.5,-9.68,-5.94,-2.25,-6.0,64.0,3.28,16.0,0.5,0.4,0.5,1008.32,1010.0,1012.28,1010.19,65.0,2.25,16.0,0.5,0.4,0.5,4.0,7.0,8.0,6.5,64.0,2.1,16.0,0.5,0.4,0.5,-61.4,-20.3,-4.3,-29.0,64.0,29.1,16.0,0.5,0.4,0.5,-99.7,-43.5,-6.2,-53.6,64.0,45.6,16.0,0.5,0.4,0.5,-0.89,0.0,1.1,0.06,58.0,1.53,14.0,0.5,0.4,0.5,-3.6,0.0,9.0,1.3,55.0,9.4,14.0,0.5,0.4,0.5,1.99,3.36,4.09,3.16,45.0,1.61,14.0,0.5,0.4,0.5,6.2,16.3,40.2,21.6,44.0,16.7,14.0,0.5,0.4,0.5,-148.1,-78.8,-34.1,-84.9,63.0,60.3,16.0,0.5,0.4,0.5,-243.9,-153.0,-56.9,-154.0,63.0,82.9,16.0,0.5,0.4,0.5,-94.0,-48.9,-23.1,-57.7,49.0,40.6,14.0,0.5,0.4,0.5,-162.7,-104.1,-37.4,-104.3,49.0,57.1,14.0,0.5,0.4,0.5,-14.8,-6.0,-3.0,-9.9,44.0,10.3,14.0,0.5,0.4,0.5,-34.6,-15.3,-4.7,-18.3,44.0,14.4,14.0,0.5,0.4,0.5,30.0,378.5,1093.0,625.0,64.0,661.0,16.0,0.5,0.4,0.5,30.0,380.0,1095.0,625.0,64.0,660.0,16.0,0.5,0.4,0.5
1974,2,106.0,5.0,24.39,25.5,26.87,25.52,29.0,1.08,14.0,0.7,0.7,0.2,24.83,26.0,27.41,26.08,28.0,1.31,14.0,0.7,0.7,0.2,16.57,17.62,19.16,17.63,25.0,1.37,14.0,0.7,0.7,0.2,77.1,84.0,89.8,83.9,25.0,6.4,14.0,0.7,0.2,4.1,6.85,10.3,7.02,30.0,3.17,14.0,0.7,0.7,0.2,-5.35,-3.45,-1.88,-3.64,30.0,1.95,14.0,0.7,0.7,0.2,-9.01,-5.9,-2.37,-5.82,30.0,2.9,14.0,0.7,0.7,0.2,1008.68,1010.4,1012.18,1010.31,30.0,1.78,14.0,0.7,0.7,0.2,4.0,7.0,8.0,6.2,30.0,1.9,14.0,0.7,0.7,0.2,-57.3,-22.4,-9.7,-30.3,30.0,26.9,14.0,0.7,0.7,0.2,-87.8,-41.5,-8.8,-49.4,30.0,38.4,14.0,0.7,0.7,0.2,-1.46,-0.5,0.29,-0.51,27.0,1.05,14.0,0.7,0.7,0.2,-12.1,-4.1,1.9,-4.0,27.0,8.0,14.0,0.7,0.7,0.2,1.14,2.52,4.57,2.74,24.0,1.56,12.0,0.7,0.7,0.2,5.3,18.0,30.6,20.7,24.0,17.2,12.0,0.7,0.7,0.2,-141.3,-94.0,-51.5,-97.6,28.0,51.6,14.0,0.7,0.7,0.2,-226.0,-156.7,-92.4,-158.1,28.0,71.2,14.0,0.7,0.7,0.2,-94.3,-62.0,-34.5,-65.3,25.0,35.4,14.0,0.7,0.7,0.2,-159.2,-108.4,-66.4,-108.2,25.0,46.6,14.0,0.7,0.7,0.2,-15.0,-8.2,-2.6,-10.2,24.0,10.1,12.0,0.7,0.7,0.2,-28.2,-14.8,-3.7,-17.6,24.0,14.5,12.0,0.7,0.7,0.2,69.0,322.0,1092.5,548.5,30.0,600.5,14.0,0.7,0.7,0.2,70.0,320.0,1095.0,550.0,30.0,600.0,14.0,0.7,0.7,0.2
1974,2,106.0,6.0,25.6,25.6,27.59,26.55,4.0,1.9,12.0,0.5,0.6,0.2,25.0,25.25,25.55,25.28,4.0,0.32,12.0,0.5,0.6,0.2,14.74,16.7,18.35,16.55,4.0,2.14,12.0,0.5,0.6,0.2,73.7,83.5,90.9,82.4,4.0,10.0,12.0,0.5,0.2,5.81,9.0,12.97,9.38,4.0,4.75,12.0,0.5,0.6,0.2,-7.54,-4.25,-3.54,-5.48,4.0,3.02,12.0,0.5,0.6,0.2,-10.79,-7.79,-3.88,-7.36,4.0,4.3,12.0,0.5,0.6,0.2,1009.91,1010.8,1014.31,1012.05,4.0,3.72,12.0,0.5,0.6,0.2,7.0,8.0,8.0,7.5,4.0,1.0,12.0,0.5,0.6,0.2,-98.0,-37.2,-24.9,-60.3,4.0,62.3,12.0,0.5,0.6,0.2,-142.6,-72.6,-26.0,-83.8,4.0,75.3,12.0,0.5,0.6,0.2,0.05,0.35,2.59,1.28,4.0,2.1,12.0,0.5,0.6,0.2,0.2,3.3,38.4,18.6,4.0,32.9,12.0,0.5,0.6,0.2,2.22,3.78,8.48,5.27,4.0,4.44,12.0,0.5,0.6,0.2,17.4,23.5,106.4,60.2,4.0,79.4,12.0,0.5,0.6,0.2,-190.0,-108.6,-89.2,-138.2,4.0,75.0,12.0,0.5,0.6,0.2,-269.7,-196.5,-99.3,-185.0,4.0,106.6,12.0,0.5,0.6,0.2,-117.3,-77.9,-58.8,-87.6,4.0,38.4,12.0,0.5,0.6,0.2,-170.5,-138.4,-69.0,-120.6,4.0,65.8,12.0,0.5,0.6,0.2,-68.8,-13.6,-9.2,-37.8,4.0,51.7,12.0,0.5,0.6,0.2,-83.7,-18.0,-10.7,-45.9,4.0,61.3,12.0,0.5,0.6,0.2,253.5,774.5,2433.5,1317.5,4.0,1612.5,12.0,0.5,0.6,0.2,255.0,775.0,2435.0,1320.0,4.0,1615.0,12.0,0.5,0.6,0.2
1974,2,106.0,7.0,24.9,25.0,25.85,25.32,6.0,0.81,10.0,0.5,0.4,0.5,24.36,24.85,25.85,25.07,6.0,1.05,10.0,0.5,0.4,0.5,15.17,17.25,17.62,16.38,5.0,2.09,10.0,0.6,0.4,0.5,73.1,86.0,89.4,81.3,5.0,11.4,10.0,0.6,0.5,6.2,6.95,7.8,7.03,6.0,0.93,10.0,0.5,0.4,0.5,-6.55,-5.16,-2.12,-4.74,6.0,2.22,10.0,0.5,0.4,0.5,-5.84,-5.55,-2.74,-4.54,6.0,1.9,10.0,0.5,0.4,0.5,1008.83,1009.85,1011.94,1010.15,6.0,1.74,10.0,0.5,0.4,0.5,3.0,7.0,8.0,6.0,6.0,2.4,10.0,0.5,0.4,0.5,-52.9,-35.7,-13.1,-34.6,6.0,18.9,10.0,0.5,0.4,0.5,-43.7,-36.1,-17.4,-31.7,6.0,14.0,10.0,0.5,0.4,0.5,-0.28,0.0,0.77,0.25,6.0,0.84,10.0,0.5,0.4,0.5,-1.8,0.0,6.1,2.3,6.0,6.6,10.0,0.5,0.4,0.5,1.98,3.33,5.52,3.79,5.0,2.13,10.0,0.6,0.4,0.5,14.2,25.6,34.2,25.1,5.0,12.5,10.0,0.6,0.4,0.5,-157.0,-129.4,-56.1,-117.4,6.0,52.7,10.0,0.5,0.4,0.5,-148.7,-135.0,-69.7,-114.2,6.0,48.4,10.0,0.5,0.4,0.5,-100.0,-68.5,-37.6,-70.9,5.0,36.8,10.0,0.6,0.4,0.5,-102.7,-101.7,-33.2,-73.9,5.0,39.8,10.0,0.6,0.4,0.5,-29.8,-9.9,-7.8,-17.4,5.0,13.8,10.0,0.6,0.4,0.5,-23.7,-11.8,-8.8,-15.3,5.0,9.0,10.0,0.6,0.4,0.5,238.5,347.5,476.0,363.0,6.0,141.0,10.0,0.5,0.4,0.5,240.0,345.0,475.0,365.0,6.0,140.0,10.0,0.5,0.4,0.5
1974,2,106.0,8.0,23.28,24.4,26.19,24.76,25.0,1.76,12.0,0.4,0.5,0.4,23.8,24.45,25.81,24.86,24.0,1.67,12.0,0.4,0.5,0.4,14.12,16.11,17.3,15.71,19.0,1.85,12.0,0.4,0.5,0.4,74.6,82.3,89.8,82.3,19.0,8.5,12.0,0.4,0.4,4.5,7.7,14.09,8.5,25.0,4.38,12.0,0.4,0.5,0.4,-11.22,-6.06,-3.14,-6.9,25.0,3.62,12.0,0.4,0.5,0.4,-7.74,-2.64,-0.65,-4.06,25.0,3.81,12.0,0.4,0.5,0.4,1008.95,1010.6,1012.1,1010.3,23.0,1.97,12.0,0.3,0.5,0.4,2.8,5.0,8.0,5.0,25.0,2.6,12.0,0.4,0.5,0.4,-143.9,-45.4,-15.5,-72.2,25.0,62.5,12.0,0.4,0.5,0.4,-89.1,-16.2,-3.0,-45.9,25.0,58.8,12.0,0.4,0.5,0.4,-1.87,0.0,1.63,-0.13,24.0,1.57,12.0,0.4,0.5,0.4,-14.8,-0.2,13.6,-0.7,24.0,13.7,12.0,0.4,0.5,0.4,1.62,2.07,5.61,3.1,19.0,1.92,12.0,0.4,0.5,0.4,7.0,15.1,69.6,31.6,19.0,32.0,12.0,0.4,0.5,0.4,-281.3,-159.1,-88.2,-175.3,24.0,91.3,12.0,0.4,0.5,0.4,-192.3,-74.9,-12.4,-101.8,24.0,91.8,12.0,0.4,0.5,0.4,-144.8,-101.6,-50.4,-103.7,19.0,51.4,12.0,0.4,0.5,0.4,-111.1,-42.3,-19.0,-65.9,19.0,50.8,12.0,0.4,0.5,0.4,-48.6,-11.6,-5.0,-24.5,19.0,24.5,12.0,0.4,0.5,0.4,-37.0,-6.6,-1.6,-17.4,19.0,22.8,12.0,0.4,0.5,0.4,92.0,456.5,2804.5,1097.5,25.0,1288.5,12.0,0.4,0.5,0.4,90.0,455.0,2805.0,1100.0,25.0,1290.0,12.0,0.4,0.5,0.4
1974,2,106.0,10.0,,,,,,,,,,,,,,,,,,,,,,,,,,,,,,,,,,,,,,,,4.1,4.1,4.1,4.1,1.0,0.0,16.0,0.0,0.4,0.5,-3.85,-3.85,-3.85,-3.85,1.0,0.0,16.0,0.0,0.4,0.5,-1.4,-1.4,-1.4,-1.4,1.0,0.0,16.0,0.0,0.4,0.5,1007.8,1007.8,1007.8,1007.8,1.0,0.0,16.0,0.0,0.4,0.5,,,,,,,,,,,,,,,,,,,,,,,,,,,,,,,,,,,,,,,,,,,,,,,,,,,,,,,,,,,,,,,,,,,,,,,,,,,,,,,,,,,,,,,,,,,,,,,,,,,,,,,,,,,,,,,,,,,,,,,,,,,,,,,,,,,,,,,,,,,,,,,,,,,,,,
1974,2,106.0,18.0,,,,,,,,,,,,,,,,,,,,,,,,,,,,,,,,,,,,,,,,5.1,5.1,5.1,5.1,1.0,0.0,14.0,0.0,0.5,0.6,-4.42,-4.42,-4.42,-4.42,1.0,0.0,14.0,0.0,0.5,0.6,-2.55,-2.55,-2.55,-2.55,1.0,0.0,14.0,0.0,0.5,0.6,1021.2,1021.2,1021.2,1021.2,1.0,0.0,14.0,0.0,0.5,0.6,,,,,,,,,,,,,,,,,,,,,,,,,,,,,,,,,,,,,,,,,,,,,,,,,,,,,,,,,,,,,,,,,,,,,,,,,,,,,,,,,,,,,,,,,,,,,,,,,,,,,,,,,,,,,,,,,,,,,,,,,,,,,,,,,,,,,,,,,,,,,,,,,,,,,,
1974,2,107.0,-42.0,14.1,14.1,14.1,14.1,1.0,0.0,2.0,1.0,0.0,0.3,14.2,14.2,14.2,14.2,1.0,0.0,2.0,1.0,0.0,0.3,9.28,9.28,9.28,9.28,1.0,0.0,2.0,1.0,0.0,0.3,91.9,91.9,91.9,91.9,1.0,0.0,2.0,1.0,0.3,8.2,8.2,8.2,8.2,1.0,0.0,2.0,1.0,0.0,0.3,7.71,7.71,7.71,7.71,1.0,0.0,2.0,1.0,0.0,0.3,-2.8,-2.8,-2.8,-2.8,1.0,0.0,2.0,1.0,0.0,0.3,1007.0,1007.0,1007.0,1007.0,1.0,0.0,2.0,1.0,0.0,0.3,8.0,8.0,8.0,8.0,1.0,0.0,2.0,1.0,0.0,0.3,63.2,63.2,63.2,63.2,1.0,0.0,2.0,1.0,0.0,0.3,-23.0,-23.0,-23.0,-23.0,1.0,0.0,2.0,1.0,0.0,0.3,-0.1,-0.1,-0.1,-0.1,1.0,0.0,2.0,1.0,0.0,0.3,-0.8,-0.8,-0.8,-0.8,1.0,0.0,2.0,1.0,0.0,0.3,0.76,0.76,0.76,0.76,1.0,0.0,2.0,1.0,0.0,0.3,6.2,6.2,6.2,6.2,1.0,0.0,2.0,1.0,0.0,0.3,109.4,109.4,109.4,109.4,1.0,0.0,2.0,1.0,0.0,0.3,-39.8,-39.8,-39.8,-39.8,1.0,0.0,2.0,1.0,0.0,0.3,71.5,71.5,71.5,71.5,1.0,0.0,2.0,1.0,0.0,0.3,-26.0,-26.0,-26.0,-26.0,1.0,0.0,2.0,1.0,0.0,0.3,5.8,5.8,5.8,5.8,1.0,0.0,2.0,1.0,0.0,0.3,-2.1,-2.1,-2.1,-2.1,1.0,0.0,2.0,1.0,0.0,0.3,551.5,551.5,551.5,551.5,1.0,0.0,2.0,1.0,0.0,0.3,550.0,550.0,550.0,550.0,1.0,0.0,2.0,1.0,0.0,0.3
1974,2,107.0,-40.0,13.56,14.75,15.94,14.75,2.0,2.47,12.0,0.5,0.0,0.6,13.94,14.25,14.56,14.25,2.0,0.64,12.0,0.5,0.0,0.6,7.79,7.9,8.01,7.9,2.0,0.23,12.0,0.5,0.0,0.6,78.2,78.7,79.2,78.7,2.0,1.0,12.0,0.5,0.6,10.3,10.3,10.3,10.3,2.0,0.0,12.0,0.5,0.0,0.6,8.92,8.92,8.92,8.92,2.0,0.0,12.0,0.5,0.0,0.6,-3.52,0.0,3.52,0.0,2.0,7.28,12.0,0.5,0.0,0.6,1014.78,1014.95,1015.12,1014.95,2.0,0.35,12.0,0.5,0.0,0.6,3.0,5.0,7.0,5.0,2.0,4.2,12.0,0.5,0.0,0.6,91.9,91.9,91.9,91.9,2.0,0.0,12.0,0.5,0.0,0.6,-36.2,0.0,36.2,0.0,2.0,75.0,12.0,0.5,0.0,0.6,-0.39,0.5,1.39,0.5,2.0,1.84,12.0,0.5,0.0,0.6,-4.0,5.2,14.3,5.2,2.0,18.9,12.0,0.5,0.0,0.6,1.85,2.55,3.24,2.55,2.0,1.45,12.0,0.5,0.0,0.6,19.0,26.2,33.4,26.2,2.0,14.9,12.0,0.5,0.0,0.6,124.4,127.1,129.9,127.1,2.0,5.7,12.0,0.5,0.0,0.6,-47.8,2.3,52.4,2.3,2.0,103.8,12.0,0.5,0.0,0.6,69.5,70.5,71.5,70.5,2.0,2.0,12.0,0.5,0.0,0.6,-27.0,0.8,28.6,0.8,2.0,57.6,12.0,0.5,0.0,0.6,16.5,22.7,28.9,22.7,2.0,12.9,12.0,0.5,0.0,0.6,-3.7,5.3,14.2,5.3,2.0,18.5,12.0,0.5,0.0,0.6,1092.5,1092.5,1092.5,1092.5,2.0,0.0,12.0,0.5,0.0,0.6,1095.0,1095.0,1095.0,1095.0,2.0,0.0,12.0,0.5,0.0,0.6
1974,2,107.0,-36.0,18.0,18.0,18.0,18.0,1.0,0.0,16.0,0.0,0.0,0.8,14.1,14.1,14.1,14.1,1.0,0.0,16.0,0.0,0.0,0.8,8.65,8.65,8.65,8.65,1.0,0.0,16.0,0.0,0.0,0.8,87.7,87.7,87.7,87.7,1.0,0.0,16.0,0.0,0.8,6.7,6.7,6.7,6.7,1.0,0.0,16.0,0.0,0.0,0.8,-4.31,-4.31,-4.31,-4.31,1.0,0.0,16.0,0.0,0.0,0.8,5.13,5.13,5.13,5.13,1.0,0.0,16.0,0.0,0.0,0.8,1024.1,1024.1,1024.1,1024.1,1.0,0.0,16.0,0.0,0.0,0.8,8.0,8.0,8.0,8.0,1.0,0.0,16.0,0.0,0.0,0.8,-28.9,-28.9,-28.9,-28.9,1.0,0.0,16.0,0.0,0.0,0.8,34.4,34.4,34.4,34.4,1.0,0.0,16.0,0.0,0.0,0.8,3.9,3.9,3.9,3.9,1.0,0.0,16.0,0.0,0.0,0.8,26.1,26.1,26.1,26.1,1.0,0.0,16.0,0.0,0.0,0.8,4.03,4.03,4.03,4.03,1.0,0.0,16.0,0.0,0.0,0.8,27.0,27.0,27.0,27.0,1.0,0.0,16.0,0.0,0.0,0.8,-60.7,-60.7,-60.7,-60.7,1.0,0.0,16.0,0.0,0.0,0.8,72.4,72.4,72.4,72.4,1.0,0.0,16.0,0.0,0.0,0.8,-37.3,-37.3,-37.3,-37.3,1.0,0.0,16.0,0.0,0.0,0.8,44.4,44.4,44.4,44.4,1.0,0.0,16.0,0.0,0.0,0.8,-17.4,-17.4,-17.4,-17.4,1.0,0.0,16.0,0.0,0.0,0.8,20.7,20.7,20.7,20.7,1.0,0.0,16.0,0.0,0.0,0.8,301.0,301.0,301.0,301.0,1.0,0.0,16.0,0.0,0.0,0.8,300.0,300.0,300.0,300.0,1.0,0.0,16.0,0.0,0.0,0.8
1974,2,107.0,-34.0,16.3,16.3,16.3,16.3,1.0,0.0,18.0,1.0,0.2,0.1,17.8,17.8,17.8,17.8,1.0,0.0,18.0,1.0,0.2,0.1,11.19,11.19,11.19,11.19,1.0,0.0,18.0,1.0,0.2,0.1,89.2,89.2,89.2,89.2,1.0,0.0,18.0,1.0,0.1,5.1,5.1,5.1,5.1,1.0,0.0,18.0,1.0,0.2,0.1,-4.42,-4.42,-4.42,-4.42,1.0,0.0,18.0,1.0,0.2,0.1,2.55,2.55,2.55,2.55,1.0,0.0,18.0,1.0,0.2,0.1,1021.6,1021.6,1021.6,1021.6,1.0,0.0,18.0,1.0,0.2,0.1,7.0,7.0,7.0,7.0,1.0,0.0,18.0,1.0,0.2,0.1,-22.5,-22.5,-22.5,-22.5,1.0,0.0,18.0,1.0,0.2,0.1,13.0,13.0,13.0,13.0,1.0,0.0,18.0,1.0,0.2,0.1,-1.5,-1.5,-1.5,-1.5,1.0,0.0,18.0,1.0,0.2,0.1,-7.6,-7.6,-7.6,-7.6,1.0,0.0,18.0,1.0,0.2,0.1,0.22,0.22,0.22,0.22,1.0,0.0,18.0,1.0,0.2,0.1,1.1,1.1,1.1,1.1,1.0,0.0,18.0,1.0,0.2,0.1,-78.6,-78.6,-78.6,-78.6,1.0,0.0,18.0,1.0,0.2,0.1,45.4,45.4,45.4,45.4,1.0,0.0,18.0,1.0,0.2,0.1,-49.4,-49.4,-49.4,-49.4,1.0,0.0,18.0,1.0,0.2,0.1,28.5,28.5,28.5,28.5,1.0,0.0,18.0,1.0,0.2,0.1,-1.0,-1.0,-1.0,-1.0,1.0,0.0,18.0,1.0,0.2,0.1,0.6,0.6,0.6,0.6,1.0,0.0,18.0,1.0,0.2,0.1,132.5,132.5,132.5,132.5,1.0,0.0,18.0,1.0,0.2,0.1,135.0,135.0,135.0,135.0,1.0,0.0,18.0,1.0,0.2,0.1
1974,2,107.0,-33.0,20.8,20.8,20.8,20.8,1.0,0.0,12.0,0.0,0.6,1.0,19.1,19.1,19.1,19.1,1.0,0.0,12.0,0.0,0.6,1.0,10.75,10.75,10.75,10.75,1.0,0.0,12.0,0.0,0.6,1.0,79.1,79.1,79.1,79.1,1.0,0.0,12.0,0.0,1.0,7.2,7.2,7.2,7.2,1.0,0.0,12.0,0.0,0.6,1.0,-3.6,-3.6,-3.6,-3.6,1.0,0.0,12.0,0.0,0.6,1.0,6.24,6.24,6.24,6.24,1.0,0.0,12.0,0.0,0.6,1.0,1023.1,1023.1,1023.1,1023.1,1.0,0.0,12.0,0.0,0.6,1.0,7.0,7.0,7.0,7.0,1.0,0.0,12.0,0.0,0.6,1.0,-25.9,-25.9,-25.9,-25.9,1.0,0.0,12.0,0.0,0.6,1.0,44.9,44.9,44.9,44.9,1.0,0.0,12.0,0.0,0.6,1.0,1.7,1.7,1.7,1.7,1.0,0.0,12.0,0.0,0.6,1.0,12.2,12.2,12.2,12.2,1.0,0.0,12.0,0.0,0.6,1.0,4.39,4.39,4.39,4.39,1.0,0.0,12.0,0.0,0.6,1.0,31.6,31.6,31.6,31.6,1.0,0.0,12.0,0.0,0.6,1.0,-68.8,-68.8,-68.8,-68.8,1.0,0.0,12.0,0.0,0.6,1.0,119.1,119.1,119.1,119.1,1.0,0.0,12.0,0.0,0.6,1.0,-38.7,-38.7,-38.7,-38.7,1.0,0.0,12.0,0.0,0.6,1.0,67.0,67.0,67.0,67.0,1.0,0.0,12.0,0.0,0.6,1.0,-15.8,-15.8,-15.8,-15.8,1.0,0.0,12.0,0.0,0.6,1.0,27.4,27.4,27.4,27.4,1.0,0.0,12.0,0.0,0.6,1.0,373.0,373.0,373.0,373.0,1.0,0.0,12.0,0.0,0.6,1.0,375.0,375.0,375.0,375.0,1.0,0.0,12.0,0.0,0.6,1.0
1974,2,107.0,-32.0,19.8,19.8,19.8,19.8,1.0,0.0,8.0,1.0,0.7,0.8,19.51,19.95,20.39,19.95,2.0,0.92,18.0,0.5,0.4,0.5,10.54,10.54,10.54,10.54,1.0,0.0,8.0,1.0,0.7,0.8,76.2,76.2,76.2,76.2,1.0,0.0,8.0,1.0,0.8,5.24,7.9,10.56,7.9,2.0,5.52,18.0,0.5,0.4,0.5,-7.29,-3.52,0.25,-3.52,2.0,7.81,18.0,0.5,0.4,0.5,4.12,5.52,6.93,5.52,2.0,2.91,18.0,0.5,0.4,0.5,1011.93,1013.7,1015.47,1013.7,2.0,3.68,18.0,0.5,0.4,0.5,6.2,6.5,6.8,6.5,2.0,0.7,18.0,0.5,0.4,0.5,-88.5,-49.3,-10.2,-49.3,2.0,81.1,18.0,0.5,0.4,0.5,25.9,51.7,77.5,51.7,2.0,53.5,18.0,0.5,0.4,0.5,0.5,0.5,0.5,0.5,1.0,0.0,8.0,1.0,0.7,0.8,5.9,5.9,5.9,5.9,1.0,0.0,8.0,1.0,0.7,0.8,3.77,3.77,3.77,3.77,1.0,0.0,8.0,1.0,0.7,0.8,44.5,44.5,44.5,44.5,1.0,0.0,8.0,1.0,0.7,0.8,-140.2,-66.6,7.0,-66.6,2.0,152.5,18.0,0.5,0.4,0.5,83.3,108.9,134.5,108.9,2.0,53.1,18.0,0.5,0.4,0.5,-95.3,-95.3,-95.3,-95.3,1.0,0.0,8.0,1.0,0.7,0.8,80.0,80.0,80.0,80.0,1.0,0.0,8.0,1.0,0.7,0.8,-34.1,-34.1,-34.1,-34.1,1.0,0.0,8.0,1.0,0.7,0.8,28.6,28.6,28.6,28.6,1.0,0.0,8.0,1.0,0.7,0.8,314.5,853.5,1392.5,853.5,2.0,1116.5,18.0,0.5,0.4,0.5,315.0,855.0,1390.0,855.0,2.0,1115.0,18.0,0.5,0.4,0.5
1974,2,107.0,-31.0,19.93,20.2,20.81,20.37,3.0,0.67,8.0,0.7,0.6,0.5,19.04,19.5,19.96,19.5,4.0,0.59,6.0,0.8,0.7,0.6,9.24,10.53,11.66,10.45,4.0,1.88,6.0,0.8,0.7,0.6,66.0,74.1,83.1,74.5,4.0,11.9,6.0,0.8,0.6,10.78,11.65,13.78,12.25,4.0,2.21,6.0,0.8,0.7,0.6,-11.36,-8.23,-6.16,-8.74,4.0,3.48,6.0,0.8,0.7,0.6,7.71,8.18,8.79,8.25,4.0,0.63,6.0,0.8,0.7,0.6,1017.16,1018.15,1019.72,1018.43,4.0,1.99,6.0,0.8,0.7,0.6,6.5,7.0,7.0,6.8,4.0,0.5,6.0,0.8,0.7,0.6,-160.1,-96.2,-66.9,-112.7,4.0,66.1,6.0,0.8,0.7,0.6,92.2,95.2,108.7,100.2,4.0,12.5,6.0,0.8,0.7,0.6,0.79,1.4,1.4,1.1,3.0,0.52,8.0,0.7,0.6,0.5,8.7,14.4,19.3,14.0,3.0,7.8,8.0,0.7,0.6,0.5,3.12,3.77,5.66,4.38,3.0,1.93,8.0,0.7,0.6,0.5,44.0,45.3,60.4,52.0,3.0,13.3,8.0,0.7,0.6,0.5,-222.1,-162.1,-120.6,-170.9,4.0,69.6,6.0,0.8,0.7,0.6,150.2,159.7,171.4,160.8,4.0,12.5,6.0,0.8,0.7,0.6,-134.7,-86.7,-58.2,-96.0,4.0,53.8,6.0,0.8,0.7,0.6,76.4,86.2,94.5,85.5,4.0,11.2,6.0,0.8,0.7,0.6,-36.7,-34.7,-34.0,-35.3,3.0,2.0,8.0,0.7,0.6,0.5,24.1,29.1,49.1,36.4,3.0,19.4,8.0,0.7,0.6,0.5,1259.5,1585.5,2736.0,1979.0,4.0,1145.5,6.0,0.8,0.7,0.6,1260.0,1585.0,2735.0,1980.0,4.0,1145.0,6.0,0.8,0.7,0.6
1974,2,107.0,-29.0,21.0,21.0,21.0,21.0,1.0,0.0,2.0,0.0,0.8,0.9,21.0,21.0,21.0,21.0,1.0,0.0,2.0,0.0,0.8,0.9,12.48,12.48,12.48,12.48,1.0,0.0,2.0,0.0,0.8,0.9,80.4,80.4,80.4,80.4,1.0,0.0,2.0,0.0,0.9,6.7,6.7,6.7,6.7,1.0,0.0,2.0,0.0,0.8,0.9,1.16,1.16,1.16,1.16,1.0,0.0,2.0,0.0,0.8,0.9,6.6,6.6,6.6,6.6,1.0,0.0,2.0,0.0,0.8,0.9,1007.9,1007.9,1007.9,1007.9,1.0,0.0,2.0,0.0,0.8,0.9,5.0,5.0,5.0,5.0,1.0,0.0,2.0,0.0,0.8,0.9,7.8,7.8,7.8,7.8,1.0,0.0,2.0,0.0,0.8,0.9,44.2,44.2,44.2,44.2,1.0,0.0,2.0,0.0,0.8,0.9,0.0,0.0,0.0,0.0,1.0,0.0,2.0,0.0,0.8,0.9,0.0,0.0,0.0,0.0,1.0,0.0,2.0,0.0,0.8,0.9,3.07,3.07,3.07,3.07,1.0,0.0,2.0,0.0,0.8,0.9,20.6,20.6,20.6,20.6,1.0,0.0,2.0,0.0,0.8,0.9,24.4,24.4,24.4,24.4,1.0,0.0,2.0,0.0,0.8,0.9,138.6,138.6,138.6,138.6,1.0,0.0,2.0,0.0,0.8,0.9,14.5,14.5,14.5,14.5,1.0,0.0,2.0,0.0,0.8,0.9,82.4,82.4,82.4,82.4,1.0,0.0,2.0,0.0,0.8,0.9,3.6,3.6,3.6,3.6,1.0,0.0,2.0,0.0,0.8,0.9,20.3,20.3,20.3,20.3,1.0,0.0,2.0,0.0,0.8,0.9,301.0,301.0,301.0,301.0,1.0,0.0,2.0,0.0,0.8,0.9,300.0,300.0,300.0,300.0,1.0,0.0,2.0,0.0,0.8,0.9
1974,2,107.0,-28.0,20.91,21.15,21.39,21.15,2.0,0.49,20.0,1.0,0.2,0.6,19.05,19.6,20.15,19.6,2.0,1.13,20.0,1.0,0.2,0.6,10.3,11.33,12.37,11.33,2.0,2.14,20.0,1.0,0.2,0.6,75.2,79.6,84.1,79.6,2.0,9.1,20.0,1.0,0.6,8.03,8.75,9.47,8.75,2.0,1.48,20.0,1.0,0.2,0.6,-6.73,-5.07,-3.41,-5.07,2.0,3.45,20.0,1.0,0.2,0.6,6.45,6.77,7.09,6.77,2.0,0.66,20.0,1.0,0.2,0.6,1011.86,1013.5,1015.14,1013.5,2.0,3.39,20.0,1.0,0.2,0.6,6.3,7.0,7.7,7.0,2.0,1.4,20.0,1.0,0.2,0.6,-65.1,-46.9,-28.7,-46.9,2.0,37.7,20.0,1.0,0.2,0.6,56.7,58.7,60.8,58.7,2.0,4.3,20.0,1.0,0.2,0.6,1.24,1.55,1.86,1.55,2.0,0.64,20.0,1.0,0.2,0.6,10.2,14.0,17.8,14.0,2.0,7.9,20.0,1.0,0.2,0.6,3.51,4.29,5.06,4.29,2.0,1.61,20.0,1.0,0.2,0.6,28.8,38.7,48.6,38.7,2.0,20.4,20.0,1.0,0.2,0.6,-127.3,-97.4,-67.6,-97.4,2.0,61.8,20.0,1.0,0.2,0.6,123.1,133.0,143.0,133.0,2.0,20.6,20.0,1.0,0.2,0.6,-67.4,-53.8,-40.2,-53.8,2.0,28.2,20.0,1.0,0.2,0.6,66.8,77.4,88.0,77.4,2.0,22.0,20.0,1.0,0.2,0.6,-35.6,-24.5,-13.4,-24.5,2.0,22.9,20.0,1.0,0.2,0.6,24.6,28.5,32.4,28.5,2.0,8.0,20.0,1.0,0.2,0.6,533.5,699.0,864.5,699.0,2.0,342.5,20.0,1.0,0.2,0.6,535.0,700.0,865.0,700.0,2.0,345.0,20.0,1.0,0.2,0.6
1974,2,107.0,-27.0,,,,,,,,,,,,,,,,,,,,,,,,,,,,,,,,,,,,,,,,8.7,8.7,8.7,8.7,1.0,0.0,24.0,0.0,0.7,0.6,-4.35,-4.35,-4.35,-4.35,1.0,0.0,24.0,0.0,0.7,0.6,7.53,7.53,7.53,7.53,1.0,0.0,24.0,0.0,0.7,0.6,1010.0,1010.0,1010.0,1010.0,1.0,0.0,24.0,0.0,0.7,0.6,2.0,2.0,2.0,2.0,1.0,0.0,24.0,0.0,0.7,0.6,-37.8,-37.8,-37.8,-37.8,1.0,0.0,24.0,0.0,0.7,0.6,65.5,65.5,65.5,65.5,1.0,0.0,24.0,0.0,0.7,0.6,,,,,,,,,,,,,,,,,,,,,,,,,,,,,,,,,,,,,,,,,-95.7,-95.7,-95.7,-95.7,1.0,0.0,24.0,0.0,0.7,0.6,165.8,165.8,165.8,165.8,1.0,0.0,24.0,0.0,0.7,0.6,-59.2,-59.2,-59.2,-59.2,1.0,0.0,24.0,0.0,0.7,0.6,102.6,102.6,102.6,102.6,1.0,0.0,24.0,0.0,0.7,0.6,,,,,,,,,,,,,,,,,,,,,,,,,,,,,,,,,,,,,,,,
1974,2,107.0,-26.0,24.1,24.1,24.1,24.1,1.0,0.0,10.0,1.0,0.0,1.0,22.03,22.1,22.17,22.1,2.0,0.14,18.0,0.5,0.2,0.7,10.7,10.7,10.7,10.7,1.0,0.0,10.0,1.0,0.0,1.0,64.5,64.5,64.5,64.5,1.0,0.0,10.0,1.0,1.0,6.24,8.7,11.16,8.7,2.0,5.09,18.0,0.5,0.2,0.7,-3.4,-1.66,0.08,-1.66,2.0,3.6,18.0,0.5,0.2,0.7,6.06,8.29,10.52,8.29,2.0,4.62,18.0,0.5,0.2,0.7,1014.02,1014.05,1014.08,1014.05,2.0,0.07,18.0,0.5,0.2,0.7,4.2,4.5,4.8,4.5,2.0,0.7,18.0,0.5,0.2,0.7,-42.8,-23.6,-4.4,-23.6,2.0,39.8,18.0,0.5,0.2,0.7,44.1,83.9,123.7,83.9,2.0,82.4,18.0,0.5,0.2,0.7,1.9,1.9,1.9,1.9,1.0,0.0,10.0,1.0,0.0,1.0,23.4,23.4,23.4,23.4,1.0,0.0,10.0,1.0,0.0,1.0,8.0,8.0,8.0,8.0,1.0,0.0,10.0,1.0,0.0,1.0,98.4,98.4,98.4,98.4,1.0,0.0,10.0,1.0,0.0,1.0,-75.5,-37.0,1.6,-37.0,2.0,79.8,18.0,0.5,0.2,0.7,133.7,183.5,233.4,183.5,2.0,103.3,18.0,0.5,0.2,0.7,-45.0,-45.0,-45.0,-45.0,1.0,0.0,10.0,1.0,0.0,1.0,123.7,123.7,123.7,123.7,1.0,0.0,10.0,1.0,0.0,1.0,-33.7,-33.7,-33.7,-33.7,1.0,0.0,10.0,1.0,0.0,1.0,92.5,92.5,92.5,92.5,1.0,0.0,10.0,1.0,0.0,1.0,407.0,997.0,1586.5,997.0,2.0,1222.0,18.0,0.5,0.2,0.7,405.0,995.0,1585.0,995.0,2.0,1220.0,18.0,0.5,0.2,0.7
1974,2,107.0,-25.0,24.14,24.4,24.76,24.45,4.0,0.42,12.0,0.5,0.4,0.7,23.45,24.55,25.07,24.28,4.0,1.27,12.0,0.5,0.4,0.7,13.66,15.48,15.63,14.68,4.0,1.75,12.0,0.5,0.4,0.7,73.9,78.7,80.4,77.2,4.0,4.4,12.0,0.5,0.7,7.41,8.75,9.56,8.5,4.0,1.37,12.0,0.5,0.4,0.7,-6.37,-4.04,1.53,-2.5,4.0,5.84,12.0,0.5,0.4,0.7,3.06,5.92,8.62,5.85,4.0,3.21,12.0,0.5,0.4,0.7,1009.32,1010.2,1010.76,1010.05,4.0,0.95,12.0,0.5,0.4,0.7,4.0,5.5,7.0,5.5,4.0,1.7,12.0,0.5,0.4,0.7,-56.0,-38.8,6.3,-25.5,4.0,45.0,12.0,0.5,0.4,0.7,22.7,52.1,82.3,52.5,4.0,34.4,12.0,0.5,0.4,0.7,-0.36,-0.15,0.74,0.18,4.0,0.9,12.0,0.5,0.4,0.7,-3.0,-1.4,4.8,0.8,4.0,6.3,12.0,0.5,0.4,0.7,3.65,3.92,5.42,4.5,4.0,1.42,12.0,0.5,0.4,0.7,33.5,35.1,40.5,36.9,4.0,5.1,12.0,0.5,0.4,0.7,-160.3,-99.2,31.3,-66.1,4.0,140.0,12.0,0.5,0.4,0.7,73.4,142.1,211.6,142.4,4.0,79.7,12.0,0.5,0.4,0.7,-99.7,-62.6,13.3,-44.1,4.0,81.6,12.0,0.5,0.4,0.7,42.2,88.0,133.4,87.8,4.0,52.6,12.0,0.5,0.4,0.7,-25.3,-14.8,14.6,-5.8,4.0,30.6,12.0,0.5,0.4,0.7,16.6,26.7,31.4,24.1,4.0,9.5,12.0,0.5,0.4,0.7,420.0,678.0,876.0,649.5,4.0,283.0,12.0,0.5,0.4,0.7,420.0,680.0,875.0,650.0,4.0,285.0,12.0,0.5,0.4,0.7
1974,2,107.0,-23.0,27.0,27.0,27.0,27.0,1.0,0.0,10.0,1.0,0.1,1.0,25.0,25.0,25.0,25.0,1.0,0.0,10.0,1.0,0.1,1.0,14.54,14.54,14.54,14.54,1.0,0.0,10.0,1.0,0.1,1.0,73.8,73.8,73.8,73.8,1.0,0.0,10.0,1.0,1.0,7.7,7.7,7.7,7.7,1.0,0.0,10.0,1.0,0.1,1.0,-3.85,-3.85,-3.85,-3.85,1.0,0.0,10.0,1.0,0.1,1.0,6.67,6.67,6.67,6.67,1.0,0.0,10.0,1.0,0.1,1.0,1013.3,1013.3,1013.3,1013.3,1.0,0.0,10.0,1.0,0.1,1.0,6.0,6.0,6.0,6.0,1.0,0.0,10.0,1.0,0.1,1.0,-29.6,-29.6,-29.6,-29.6,1.0,0.0,10.0,1.0,0.1,1.0,51.3,51.3,51.3,51.3,1.0,0.0,10.0,1.0,0.1,1.0,2.0,2.0,2.0,2.0,1.0,0.0,10.0,1.0,0.1,1.0,15.4,15.4,15.4,15.4,1.0,0.0,10.0,1.0,0.1,1.0,7.75,7.75,7.75,7.75,1.0,0.0,10.0,1.0,0.1,1.0,59.7,59.7,59.7,59.7,1.0,0.0,10.0,1.0,0.1,1.0,-96.2,-96.2,-96.2,-96.2,1.0,0.0,10.0,1.0,0.1,1.0,166.7,166.7,166.7,166.7,1.0,0.0,10.0,1.0,0.1,1.0,-56.0,-56.0,-56.0,-56.0,1.0,0.0,10.0,1.0,0.1,1.0,97.0,97.0,97.0,97.0,1.0,0.0,10.0,1.0,0.1,1.0,-29.8,-29.8,-29.8,-29.8,1.0,0.0,10.0,1.0,0.1,1.0,51.7,51.7,51.7,51.7,1.0,0.0,10.0,1.0,0.1,1.0,456.5,456.5,456.5,456.5,1.0,0.0,10.0,1.0,0.1,1.0,455.0,455.0,455.0,455.0,1.0,0.0,10.0,1.0,0.1,1.0
1974,2,107.0,-20.0,,,,,,,,,,,,,,,,,,,,,,,,,,,,,,,,,,,,,,,,4.6,4.6,4.6,4.6,1.0,0.0,22.0,1.0,0.7,0.7,1.57,1.57,1.57,1.57,1.0,0.0,22.0,1.0,0.7,0.7,4.32,4.32,4.32,4.32,1.0,0.0,22.0,1.0,0.7,0.7,1014.4,1014.4,1014.4,1014.4,1.0,0.0,22.0,1.0,0.7,0.7,,,,,,,,,,,,,,,,,,,,,,,,,,,,,,,,,,,,,,,,,,,,,,,,,,,,,,,,,,,,,,,,,,,,,,,,,,,,,,,,,,,,,,,,,,,,,,,,,,,,,,,,,,,,,,,,,,,,,,,,,,,,,,,,,,,,,,,,,,,,,,,,,,,,,,
1974,2,107.0,-17.0,,,,,,,,,,,,,,,,,,,,,,,,,,,,,,,,,,,,,,,,7.7,7.7,7.7,7.7,1.0,0.0,20.0,0.0,0.6,0.1,1.34,1.34,1.34,1.34,1.0,0.0,20.0,0.0,0.6,0.1,7.58,7.58,7.58,7.58,1.0,0.0,20.0,0.0,0.6,0.1,1006.2,1006.2,1006.2,1006.2,1.0,0.0,20.0,0.0,0.6,0.1,3.0,3.0,3.0,3.0,1.0,0.0,20.0,0.0,0.6,0.1,10.3,10.3,10.3,10.3,1.0,0.0,20.0,0.0,0.6,0.1,58.4,58.4,58.4,58.4,1.0,0.0,20.0,0.0,0.6,0.1,,,,,,,,,,,,,,,,,,,,,,,,,,,,,,,,,,,,,,,,,36.0,36.0,36.0,36.0,1.0,0.0,20.0,0.0,0.6,0.1,204.0,204.0,204.0,204.0,1.0,0.0,20.0,0.0,0.6,0.1,25.1,25.1,25.1,25.1,1.0,0.0,20.0,0.0,0.6,0.1,142.1,142.1,142.1,142.1,1.0,0.0,20.0,0.0,0.6,0.1,,,,,,,,,,,,,,,,,,,,,,,,,,,,,,,,,,,,,,,,
1974,2,107.0,-16.0,26.69,28.5,30.0,28.35,4.0,1.92,10.0,0.5,0.7,0.4,26.64,27.15,27.55,27.1,4.0,0.54,10.0,0.5,0.7,0.4,17.21,17.61,17.97,17.59,4.0,0.58,10.0,0.5,0.7,0.4,75.9,79.5,80.4,78.2,4.0,3.7,10.0,0.5,0.4,2.73,3.0,3.07,2.9,3.0,0.26,12.0,0.7,0.6,0.5,-0.36,1.06,2.0,0.83,3.0,1.75,12.0,0.7,0.6,0.5,1.5,2.82,2.88,2.21,3.0,1.14,12.0,0.7,0.6,0.5,1006.16,1007.3,1008.23,1007.2,4.0,1.41,10.0,0.5,0.7,0.4,2.0,3.0,3.5,2.8,4.0,1.3,10.0,0.5,0.7,0.4,-1.1,3.3,5.4,2.2,3.0,4.8,12.0,0.7,0.6,0.5,4.3,8.5,8.8,6.6,3.0,3.7,12.0,0.7,0.6,0.5,-0.87,1.35,3.36,1.25,4.0,2.44,10.0,0.5,0.7,0.4,0.1,8.3,9.8,5.0,3.0,7.7,12.0,0.7,0.6,0.5,4.45,6.96,9.16,6.81,4.0,2.73,10.0,0.5,0.7,0.4,17.7,23.9,26.3,22.0,3.0,6.5,12.0,0.7,0.6,0.5,-9.3,29.3,54.0,22.5,3.0,46.7,12.0,0.7,0.6,0.5,40.0,74.7,78.6,59.6,3.0,31.1,12.0,0.7,0.6,0.5,-6.6,17.9,35.1,14.3,3.0,30.7,12.0,0.7,0.6,0.5,26.3,49.1,49.4,38.1,3.0,19.4,12.0,0.7,0.6,0.5,-4.8,5.1,16.9,6.0,3.0,15.9,12.0,0.7,0.6,0.5,10.0,13.9,22.0,15.9,3.0,9.0,12.0,0.7,0.6,0.5,20.5,27.0,29.0,25.0,3.0,6.5,12.0,0.7,0.6,0.5,20.0,25.0,30.0,25.0,3.0,5.0,12.0,0.7,0.6,0.5
1974,2,107.0,-15.0,27.79,28.85,30.0,28.78,6.0,1.17,14.0,0.3,0.4,0.5,26.79,27.15,27.92,27.2,6.0,0.73,14.0,0.3,0.4,0.5,16.77,17.67,19.0,17.75,5.0,1.59,16.0,0.2,0.3,0.5,73.9,78.8,81.2,78.0,5.0,4.8,16.0,0.2,0.5,1.87,2.85,3.81,2.83,6.0,1.24,14.0,0.3,0.4,0.5,-0.54,0.0,0.79,0.01,6.0,0.78,14.0,0.3,0.4,0.5,1.51,2.77,3.63,2.49,6.0,1.77,14.0,0.3,0.4,0.5,1005.11,1005.95,1009.27,1006.82,6.0,2.49,14.0,0.3,0.4,0.5,2.8,3.0,5.6,4.0,6.0,2.2,14.0,0.3,0.4,0.5,-1.5,0.0,1.1,-0.4,6.0,2.3,14.0,0.3,0.4,0.5,3.3,8.0,14.0,8.8,6.0,7.5,14.0,0.3,0.4,0.5,0.81,1.7,2.21,1.58,6.0,0.99,14.0,0.3,0.4,0.5,1.7,4.0,6.8,4.3,6.0,3.2,14.0,0.3,0.4,0.5,5.91,7.13,8.48,7.2,5.0,1.5,16.0,0.2,0.3,0.5,12.9,16.1,25.9,19.4,5.0,10.6,16.0,0.2,0.3,0.5,-14.5,0.0,21.5,0.4,6.0,21.3,14.0,0.3,0.4,0.5,39.1,75.9,99.9,68.2,6.0,49.0,14.0,0.3,0.4,0.5,-12.3,0.0,14.3,-0.1,5.0,16.1,16.0,0.2,0.3,0.5,15.9,43.1,73.2,43.1,5.0,37.0,16.0,0.2,0.3,0.5,-4.1,0.0,6.1,0.7,5.0,5.7,16.0,0.2,0.3,0.5,7.2,15.1,25.1,15.9,5.0,15.3,16.0,0.2,0.3,0.5,7.5,23.5,57.0,33.5,6.0,35.0,14.0,0.3,0.4,0.5,10.0,25.0,55.0,35.0,6.0,35.0,14.0,0.3,0.4,0.5
1974,2,107.0,-14.0,27.62,28.6,28.95,28.3,4.0,0.92,12.0,0.8,0.5,0.4,27.35,29.6,29.87,28.63,3.0,2.03,16.0,0.7,0.6,0.4,17.25,17.72,18.27,17.76,3.0,0.75,16.0,0.7,0.6,0.4,68.0,71.0,76.6,72.2,3.0,6.4,16.0,0.7,0.4,3.53,5.4,5.96,4.78,4.0,1.84,12.0,0.8,0.5,0.4,-1.03,0.0,2.67,0.78,4.0,3.03,12.0,0.8,0.5,0.4,0.34,3.21,5.96,3.15,4.0,3.25,12.0,0.8,0.5,0.4,1004.71,1006.25,1008.73,1006.7,4.0,2.69,12.0,0.8,0.5,0.4,3.5,4.5,5.5,4.5,4.0,1.3,12.0,0.8,0.5,0.4,-2.2,0.0,13.6,5.5,4.0,13.8,12.0,0.8,0.5,0.4,0.7,17.0,35.6,18.1,4.0,20.2,12.0,0.8,0.5,0.4,-1.38,-0.7,0.26,-0.57,3.0,1.21,16.0,0.7,0.6,0.4,-8.0,-4.3,1.1,-3.5,3.0,6.7,16.0,0.7,0.6,0.4,5.8,6.51,6.58,6.2,3.0,0.63,16.0,0.7,0.6,0.4,30.8,37.1,39.8,35.3,3.0,6.7,16.0,0.7,0.6,0.4,0.0,0.0,91.6,44.7,3.0,77.4,16.0,0.7,0.6,0.4,54.3,171.0,179.5,118.2,3.0,102.5,16.0,0.7,0.6,0.4,0.0,0.0,59.3,29.0,3.0,50.1,16.0,0.7,0.6,0.4,32.1,101.0,110.5,72.0,3.0,62.7,16.0,0.7,0.6,0.4,0.0,0.0,19.0,9.3,3.0,16.1,16.0,0.7,0.6,0.4,11.8,37.1,39.8,26.0,3.0,22.6,16.0,0.7,0.6,0.4,68.0,159.0,213.0,141.5,4.0,98.0,12.0,0.8,0.5,0.4,70.0,160.0,215.0,140.0,4.0,100.0,12.0,0.8,0.5,0.4
1974,2,107.0,-13.0,27.23,28.0,28.27,28.0,8.0,0.92,14.0,0.4,0.2,0.4,25.87,27.0,28.57,27.24,10.0,1.44,14.0,0.3,0.2,0.4,16.99,19.54,19.9,18.47,9.0,1.71,14.0,0.3,0.2,0.5,75.5,83.8,88.1,82.3,9.0,6.8,14.0,0.3,0.5,0.43,5.4,6.2,4.17,10.0,3.04,14.0,0.3,0.2,0.4,-3.57,0.0,4.58,0.47,10.0,4.49,14.0,0.3,0.2,0.4,-2.16,0.0,1.91,-0.04,10.0,2.86,14.0,0.3,0.2,0.4,1004.87,1006.55,1008.56,1006.73,10.0,1.8,14.0,0.3,0.2,0.4,3.4,5.0,7.6,5.2,10.0,2.0,14.0,0.3,0.2,0.4,-21.7,0.0,25.2,4.5,10.0,31.7,14.0,0.3,0.2,0.4,-17.7,0.0,4.3,-2.6,10.0,17.1,14.0,0.3,0.2,0.4,-0.48,1.4,1.86,1.08,8.0,1.91,14.0,0.4,0.2,0.4,-2.7,1.6,9.1,5.4,8.0,15.2,14.0,0.4,0.2,0.4,3.3,5.05,8.24,5.54,8.0,2.42,14.0,0.4,0.2,0.4,1.5,22.1,38.5,26.6,8.0,25.9,14.0,0.4,0.2,0.4,-93.2,0.0,130.5,13.8,10.0,119.1,14.0,0.3,0.2,0.4,-55.8,0.0,54.9,-1.5,10.0,80.0,14.0,0.3,0.2,0.4,-77.3,0.0,94.0,10.4,9.0,87.9,14.0,0.3,0.2,0.5,-44.1,0.0,14.3,-7.5,9.0,52.6,14.0,0.3,0.2,0.5,-17.5,0.0,15.4,6.0,8.0,32.6,14.0,0.4,0.2,0.4,-16.9,-1.2,0.0,-1.6,8.0,19.3,14.0,0.4,0.2,0.4,0.5,159.0,238.5,171.0,10.0,201.0,14.0,0.3,0.2,0.4,0.0,160.0,240.0,170.0,10.0,200.0,14.0,0.3,0.2,0.4
1974,2,107.0,-12.0,28.5,28.5,28.5,28.5,1.0,0.0,22.0,1.0,0.0,0.6,28.0,28.0,28.0,28.0,1.0,0.0,22.0,1.0,0.0,0.6,17.0,17.0,17.0,17.0,1.0,0.0,22.0,1.0,0.0,0.6,71.6,71.6,71.6,71.6,1.0,0.0,22.0,1.0,0.6,5.1,5.1,5.1,5.1,1.0,0.0,22.0,1.0,0.0,0.6,1.74,1.74,1.74,1.74,1.0,0.0,22.0,1.0,0.0,0.6,4.79,4.79,4.79,4.79,1.0,0.0,22.0,1.0,0.0,0.6,1005.7,1005.7,1005.7,1005.7,1.0,0.0,22.0,1.0,0.0,0.6,7.0,7.0,7.0,7.0,1.0,0.0,22.0,1.0,0.0,0.6,8.9,8.9,8.9,8.9,1.0,0.0,22.0,1.0,0.0,0.6,24.4,24.4,24.4,24.4,1.0,0.0,22.0,1.0,0.0,0.6,0.5,0.5,0.5,0.5,1.0,0.0,22.0,1.0,0.0,0.6,2.6,2.6,2.6,2.6,1.0,0.0,22.0,1.0,0.0,0.6,7.55,7.55,7.55,7.55,1.0,0.0,22.0,1.0,0.0,0.6,38.5,38.5,38.5,38.5,1.0,0.0,22.0,1.0,0.0,0.6,48.8,48.8,48.8,48.8,1.0,0.0,22.0,1.0,0.0,0.6,134.2,134.2,134.2,134.2,1.0,0.0,22.0,1.0,0.0,0.6,29.7,29.7,29.7,29.7,1.0,0.0,22.0,1.0,0.0,0.6,81.5,81.5,81.5,81.5,1.0,0.0,22.0,1.0,0.0,0.6,13.2,13.2,13.2,13.2,1.0,0.0,22.0,1.0,0.0,0.6,36.2,36.2,36.2,36.2,1.0,0.0,22.0,1.0,0.0,0.6,132.5,132.5,132.5,132.5,1.0,0.0,22.0,1.0,0.0,0.6,135.0,135.0,135.0,135.0,1.0,0.0,22.0,1.0,0.0,0.6
1974,2,107.0,-8.0,27.0,27.0,27.0,27.0,1.0,0.0,4.0,0.0,0.0,0.4,26.0,26.0,26.0,26.0,1.0,0.0,4.0,0.0,0.0,0.4,16.84,16.84,16.84,16.84,1.0,0.0,4.0,0.0,0.0,0.4,80.1,80.1,80.1,80.1,1.0,0.0,4.0,0.0,0.4,2.1,2.1,2.1,2.1,1.0,0.0,4.0,0.0,0.0,0.4,1.97,1.97,1.97,1.97,1.0,0.0,4.0,0.0,0.0,0.4,-0.72,-0.72,-0.72,-0.72,1.0,0.0,4.0,0.0,0.0,0.4,1009.0,1009.0,1009.0,1009.0,1.0,0.0,4.0,0.0,0.0,0.4,8.0,8.0,8.0,8.0,1.0,0.0,4.0,0.0,0.0,0.4,4.1,4.1,4.1,4.1,1.0,0.0,4.0,0.0,0.0,0.4,-1.5,-1.5,-1.5,-1.5,1.0,0.0,4.0,0.0,0.0,0.4,1.0,1.0,1.0,1.0,1.0,0.0,4.0,0.0,0.0,0.4,2.1,2.1,2.1,2.1,1.0,0.0,4.0,0.0,0.0,0.4,5.55,5.55,5.55,5.55,1.0,0.0,4.0,0.0,0.0,0.4,11.6,11.6,11.6,11.6,1.0,0.0,4.0,0.0,0.0,0.4,51.3,51.3,51.3,51.3,1.0,0.0,4.0,0.0,0.0,0.4,-18.7,-18.7,-18.7,-18.7,1.0,0.0,4.0,0.0,0.0,0.4,33.2,33.2,33.2,33.2,1.0,0.0,4.0,0.0,0.0,0.4,-12.1,-12.1,-12.1,-12.1,1.0,0.0,4.0,0.0,0.0,0.4,10.9,10.9,10.9,10.9,1.0,0.0,4.0,0.0,0.0,0.4,-4.0,-4.0,-4.0,-4.0,1.0,0.0,4.0,0.0,0.0,0.4,9.5,9.5,9.5,9.5,1.0,0.0,4.0,0.0,0.0,0.4,10.0,10.0,10.0,10.0,1.0,0.0,4.0,0.0,0.0,0.4
1974,2,107.0,-5.0,26.66,27.0,27.49,27.1,5.0,0.56,14.0,0.4,0.1,0.9,26.51,27.4,28.6,27.6,5.0,1.5,14.0,0.4,0.1,0.9,17.08,17.86,18.98,18.02,4.0,1.18,14.0,0.3,0.1,0.9,77.7,81.6,83.2,80.5,4.0,3.6,14.0,0.3,0.9,3.65,5.1,7.97,5.64,5.0,2.76,14.0,0.4,0.1,0.9,1.1,2.96,4.5,2.75,5.0,1.94,14.0,0.4,0.1,0.9,-7.51,-3.52,0.3,-3.45,5.0,4.4,14.0,0.4,0.1,0.9,1006.1,1006.85,1008.29,1007.18,4.0,1.39,14.0,0.3,0.1,0.9,1.3,3.0,7.0,3.8,5.0,3.1,14.0,0.4,0.1,0.9,2.2,13.6,30.1,16.6,5.0,17.3,14.0,0.4,0.1,0.9,-60.3,-16.2,3.5,-26.4,5.0,36.2,14.0,0.4,0.1,0.9,-1.49,-0.4,0.51,-0.5,5.0,1.12,14.0,0.4,0.1,0.9,-5.7,-1.8,3.7,-1.2,5.0,5.8,14.0,0.4,0.1,0.9,3.29,4.73,5.15,4.25,4.0,1.32,14.0,0.3,0.1,0.9,19.4,22.8,36.4,27.7,4.0,13.8,14.0,0.3,0.1,0.9,33.0,81.0,119.3,74.4,5.0,50.4,14.0,0.4,0.1,0.9,-203.5,-96.6,5.9,-93.6,5.0,117.3,14.0,0.4,0.1,0.9,24.4,64.8,79.9,52.7,4.0,37.7,14.0,0.3,0.1,0.9,-138.2,-98.4,-4.5,-72.6,4.0,87.6,14.0,0.3,0.1,0.9,7.2,17.1,21.6,14.6,4.0,10.4,14.0,0.3,0.1,0.9,-30.4,-17.6,-2.3,-16.4,4.0,21.5,14.0,0.3,0.1,0.9,64.5,132.5,530.5,283.0,5.0,321.0,14.0,0.4,0.1,0.9,65.0,135.0,530.0,285.0,5.0,320.0,14.0,0.4,0.1,0.9
1974,2,107.0,-4.0,26.6,26.8,27.15,26.88,5.0,0.33,10.0,0.4,0.3,0.5,26.05,26.25,26.71,26.38,4.0,0.45,12.0,0.3,0.3,0.5,17.68,17.81,18.09,17.88,4.0,0.27,12.0,0.3,0.3,0.5,81.1,83.6,85.1,83.1,4.0,2.9,12.0,0.3,0.5,1.65,4.6,5.68,3.8,5.0,2.58,10.0,0.4,0.3,0.5,1.0,1.67,3.49,2.19,5.0,1.89,10.0,0.4,0.3,0.5,-4.36,-4.31,-1.26,-3.01,5.0,1.97,10.0,0.4,0.3,0.5,1008.35,1009.2,1009.57,1008.94,5.0,0.91,10.0,0.4,0.3,0.5,5.6,6.0,7.0,6.2,5.0,0.8,10.0,0.4,0.3,0.5,2.8,7.2,20.8,11.8,5.0,13.5,10.0,0.4,0.3,0.5,-24.8,-19.9,-3.3,-15.3,5.0,12.2,10.0,0.4,0.3,0.5,-0.01,0.4,0.76,0.38,4.0,0.48,12.0,0.3,0.3,0.5,-0.5,0.3,2.4,0.9,4.0,2.2,12.0,0.3,0.3,0.5,4.05,4.16,4.31,4.18,4.0,0.19,12.0,0.3,0.3,0.5,4.9,16.4,25.4,15.2,4.0,12.5,12.0,0.3,0.3,0.5,21.0,56.5,102.7,61.6,4.0,55.7,12.0,0.3,0.3,0.5,-115.8,-82.3,-25.0,-71.0,4.0,55.9,12.0,0.3,0.3,0.5,14.3,37.5,69.0,41.4,4.0,37.8,12.0,0.3,0.3,0.5,-77.2,-55.9,-17.0,-47.5,4.0,37.2,12.0,0.3,0.3,0.5,3.2,9.0,16.6,9.8,4.0,9.0,12.0,0.3,0.3,0.5,-18.8,-12.9,-3.8,-11.4,4.0,9.2,12.0,0.3,0.3,0.5,11.0,97.5,194.0,109.5,5.0,120.0,10.0,0.4,0.3,0.5,10.0,95.0,195.0,110.0,5.0,120.0,10.0,0.4,0.3,0.5
1974,2,107.0,-3.0,26.54,26.8,27.0,26.75,6.0,0.27,12.0,0.7,0.3,0.6,26.5,26.8,27.5,27.17,6.0,1.12,12.0,0.7,0.3,0.6,17.04,17.86,18.42,17.84,6.0,0.83,12.0,0.7,0.3,0.6,75.3,79.0,82.9,79.1,6.0,3.8,12.0,0.7,0.6,2.6,6.7,9.92,6.7,6.0,4.13,12.0,0.7,0.3,0.6,1.03,3.16,6.01,3.29,6.0,2.63,12.0,0.7,0.3,0.6,-8.59,-5.61,-2.2,-5.7,6.0,3.47,12.0,0.7,0.3,0.6,1007.65,1009.1,1009.44,1008.63,6.0,1.31,12.0,0.7,0.3,0.6,5.0,6.0,7.0,6.0,6.0,0.9,12.0,0.7,0.3,0.6,2.7,23.8,59.7,30.4,6.0,32.2,12.0,0.7,0.3,0.6,-86.5,-41.5,-5.7,-50.0,6.0,50.0,12.0,0.7,0.3,0.6,-0.65,-0.05,0.04,-0.42,6.0,0.98,12.0,0.7,0.3,0.6,-2.8,-0.3,0.5,-1.5,6.0,4.3,12.0,0.7,0.3,0.6,3.24,4.27,5.05,4.23,6.0,0.92,12.0,0.7,0.3,0.6,9.7,28.5,52.5,31.1,6.0,23.2,12.0,0.7,0.3,0.6,27.4,84.9,161.7,88.1,6.0,70.6,12.0,0.7,0.3,0.6,-230.8,-156.4,-58.4,-154.2,6.0,91.8,12.0,0.7,0.3,0.6,18.6,56.4,101.6,57.0,6.0,44.6,12.0,0.7,0.3,0.6,-150.8,-99.2,-39.7,-100.0,6.0,58.3,12.0,0.7,0.3,0.6,4.0,13.6,30.9,15.8,6.0,14.1,12.0,0.7,0.3,0.6,-41.5,-25.6,-8.2,-26.3,6.0,19.3,12.0,0.7,0.3,0.6,17.5,436.5,1022.5,595.5,6.0,726.0,12.0,0.7,0.3,0.6,20.0,435.0,1025.0,595.0,6.0,725.0,12.0,0.7,0.3,0.6
1974,2,107.0,-2.0,26.11,26.4,26.69,26.39,8.0,0.27,12.0,0.6,0.6,0.8,25.82,26.15,26.39,26.09,8.0,0.4,12.0,0.6,0.6,0.8,17.43,18.14,19.13,18.19,8.0,0.91,12.0,0.6,0.6,0.8,83.1,85.6,88.7,85.9,8.0,3.1,12.0,0.6,0.8,2.66,4.9,6.7,4.45,8.0,2.45,12.0,0.6,0.6,0.8,0.0,0.65,2.26,0.73,8.0,2.97,12.0,0.6,0.6,0.8,-6.08,-3.24,-0.25,-3.01,8.0,2.97,12.0,0.6,0.6,0.8,1007.53,1009.15,1009.98,1008.94,8.0,1.28,12.0,0.6,0.6,0.8,6.1,8.0,8.0,7.0,8.0,1.8,12.0,0.6,0.6,0.8,0.0,1.7,14.3,2.6,8.0,18.3,12.0,0.6,0.6,0.8,-40.7,-12.1,-0.6,-16.9,8.0,20.2,12.0,0.6,0.6,0.8,0.01,0.2,0.67,0.3,8.0,0.31,12.0,0.6,0.6,0.8,0.0,0.7,3.7,1.5,8.0,2.1,12.0,0.6,0.6,0.8,2.74,3.41,4.17,3.4,8.0,0.81,12.0,0.6,0.6,0.8,8.9,15.6,27.2,16.3,8.0,10.3,12.0,0.6,0.6,0.8,0.0,17.0,59.4,18.5,8.0,76.8,12.0,0.6,0.6,0.8,-159.7,-85.9,-6.5,-79.1,8.0,77.2,12.0,0.6,0.6,0.8,0.0,11.7,39.7,12.1,8.0,52.5,12.0,0.6,0.6,0.8,-106.1,-62.2,-4.5,-54.9,8.0,52.3,12.0,0.6,0.6,0.8,0.0,2.5,9.0,3.5,8.0,10.9,12.0,0.6,0.6,0.8,-24.4,-9.9,-0.7,-10.6,8.0,12.2,12.0,0.6,0.6,0.8,19.0,127.0,301.0,150.5,8.0,136.5,12.0,0.6,0.6,0.8,20.0,125.0,300.0,150.0,8.0,135.0,12.0,0.6,0.6,0.8
1974,2,107.0,-1.0,26.34,26.5,27.18,26.75,4.0,0.71,16.0,0.5,0.4,0.3,26.04,26.2,26.36,26.2,4.0,0.24,16.0,0.5,0.4,0.3,17.23,17.82,18.78,18.0,4.0,1.0,16.0,0.5,0.4,0.3,81.0,83.1,88.2,84.6,4.0,5.2,16.0,0.5,0.3,3.81,5.65,7.75,5.78,4.0,2.45,16.0,0.5,0.4,0.3,2.59,2.93,3.69,3.13,4.0,0.87,16.0,0.5,0.4,0.3,-6.94,-4.91,-1.12,-4.07,4.0,3.81,16.0,0.5,0.4,0.3,1008.09,1010.15,1010.96,1009.55,4.0,1.96,16.0,0.5,0.4,0.3,3.5,6.0,8.0,5.8,4.0,2.6,16.0,0.5,0.4,0.3,11.2,14.5,27.1,19.0,4.0,12.9,16.0,0.5,0.4,0.3,-54.4,-29.2,-6.0,-30.2,4.0,30.1,16.0,0.5,0.4,0.3,0.0,0.15,1.14,0.55,4.0,0.91,16.0,0.5,0.4,0.3,0.0,1.3,4.3,2.1,4.0,2.8,16.0,0.5,0.4,0.3,3.84,4.24,4.27,4.06,4.0,0.39,16.0,0.5,0.4,0.3,14.5,22.4,33.0,23.7,4.0,11.1,16.0,0.5,0.4,0.3,67.4,76.9,97.0,82.0,4.0,22.8,16.0,0.5,0.4,0.3,-182.0,-129.2,-30.1,-107.1,4.0,99.7,16.0,0.5,0.4,0.3,46.1,55.0,66.5,56.2,4.0,15.1,16.0,0.5,0.4,0.3,-119.9,-85.7,-19.8,-70.6,4.0,66.8,16.0,0.5,0.4,0.3,10.1,11.3,15.5,12.7,4.0,4.0,16.0,0.5,0.4,0.3,-29.6,-19.6,-3.5,-16.7,4.0,16.4,16.0,0.5,0.4,0.3,62.0,199.0,488.0,271.5,4.0,282.5,16.0,0.5,0.4,0.3,60.0,200.0,490.0,270.0,4.0,280.0,16.0,0.5,0.4,0.3
1974,2,107.0,0.0,26.66,27.0,27.34,27.0,2.0,0.71,14.0,0.5,0.0,0.2,25.95,26.7,27.45,26.7,2.0,1.56,14.0,0.5,0.0,0.2,18.58,19.15,19.73,19.15,2.0,1.19,14.0,0.5,0.0,0.2,85.9,87.3,88.6,87.3,2.0,2.8,14.0,0.5,0.2,4.6,4.6,4.6,4.6,1.0,0.0,4.0,1.0,0.0,0.1,-2.3,-2.3,-2.3,-2.3,1.0,0.0,4.0,1.0,0.0,0.1,-3.98,-3.98,-3.98,-3.98,1.0,0.0,4.0,1.0,0.0,0.1,1008.39,1009.45,1010.51,1009.45,2.0,2.19,14.0,0.5,0.0,0.2,6.2,6.5,6.8,6.5,2.0,0.7,14.0,0.5,0.0,0.2,-10.6,-10.6,-10.6,-10.6,1.0,0.0,4.0,1.0,0.0,0.1,-18.3,-18.3,-18.3,-18.3,1.0,0.0,4.0,1.0,0.0,0.1,-0.11,0.3,0.71,0.3,2.0,0.85,14.0,0.5,0.0,0.2,-1.4,-1.4,-1.4,-1.4,1.0,0.0,4.0,1.0,0.0,0.1,3.14,3.23,3.33,3.23,2.0,0.2,14.0,0.5,0.0,0.2,14.2,14.2,14.2,14.2,1.0,0.0,4.0,1.0,0.0,0.1,-63.9,-63.9,-63.9,-63.9,1.0,0.0,4.0,1.0,0.0,0.1,-110.7,-110.7,-110.7,-110.7,1.0,0.0,4.0,1.0,0.0,0.1,-46.0,-46.0,-46.0,-46.0,1.0,0.0,4.0,1.0,0.0,0.1,-79.7,-79.7,-79.7,-79.7,1.0,0.0,4.0,1.0,0.0,0.1,-7.1,-7.1,-7.1,-7.1,1.0,0.0,4.0,1.0,0.0,0.1,-12.3,-12.3,-12.3,-12.3,1.0,0.0,4.0,1.0,0.0,0.1,97.5,97.5,97.5,97.5,1.0,0.0,4.0,1.0,0.0,0.1,95.0,95.0,95.0,95.0,1.0,0.0,4.0,1.0,0.0,0.1
1974,2,107.0,1.0,25.0,25.0,25.0,25.0,1.0,0.0,12.0,0.0,0.7,0.6,26.8,26.8,26.8,26.8,1.0,0.0,12.0,0.0,0.7,0.6,16.42,16.42,16.42,16.42,1.0,0.0,12.0,0.0,0.7,0.6,74.5,74.5,74.5,74.5,1.0,0.0,12.0,0.0,0.6,12.3,12.3,12.3,12.3,1.0,0.0,12.0,0.0,0.7,0.6,-6.15,-6.15,-6.15,-6.15,1.0,0.0,12.0,0.0,0.7,0.6,-10.65,-10.65,-10.65,-10.65,1.0,0.0,12.0,0.0,0.7,0.6,1009.4,1009.4,1009.4,1009.4,1.0,0.0,12.0,0.0,0.7,0.6,8.0,8.0,8.0,8.0,1.0,0.0,12.0,0.0,0.7,0.6,-75.6,-75.6,-75.6,-75.6,1.0,0.0,12.0,0.0,0.7,0.6,-131.0,-131.0,-131.0,-131.0,1.0,0.0,12.0,0.0,0.7,0.6,-1.8,-1.8,-1.8,-1.8,1.0,0.0,12.0,0.0,0.7,0.6,-22.1,-22.1,-22.1,-22.1,1.0,0.0,12.0,0.0,0.7,0.6,3.42,3.42,3.42,3.42,1.0,0.0,12.0,0.0,0.7,0.6,42.1,42.1,42.1,42.1,1.0,0.0,12.0,0.0,0.7,0.6,-164.8,-164.8,-164.8,-164.8,1.0,0.0,12.0,0.0,0.7,0.6,-285.5,-285.5,-285.5,-285.5,1.0,0.0,12.0,0.0,0.7,0.6,-101.0,-101.0,-101.0,-101.0,1.0,0.0,12.0,0.0,0.7,0.6,-175.0,-175.0,-175.0,-175.0,1.0,0.0,12.0,0.0,0.7,0.6,-21.1,-21.1,-21.1,-21.1,1.0,0.0,12.0,0.0,0.7,0.6,-36.5,-36.5,-36.5,-36.5,1.0,0.0,12.0,0.0,0.7,0.6,1861.0,1861.0,1861.0,1861.0,1.0,0.0,12.0,0.0,0.7,0.6,1860.0,1860.0,1860.0,1860.0,1.0,0.0,12.0,0.0,0.7,0.6
1974,2,107.0,2.0,25.42,26.0,26.5,25.86,11.0,0.63,12.0,0.5,0.5,0.6,25.0,25.7,26.3,25.96,12.0,1.39,12.0,0.6,0.5,0.6,16.69,18.6,19.62,18.28,11.0,1.58,12.0,0.5,0.5,0.6,82.3,88.1,91.2,87.0,11.0,5.8,12.0,0.5,0.6,2.97,6.7,9.3,6.1,12.0,2.73,12.0,0.6,0.5,0.6,-4.47,-1.61,0.91,-1.89,12.0,2.64,12.0,0.6,0.5,0.6,-7.93,-5.13,-2.54,-5.29,12.0,2.58,12.0,0.6,0.5,0.6,1007.7,1008.9,1009.71,1008.92,11.0,1.54,12.0,0.5,0.5,0.6,6.0,7.0,8.0,6.8,11.0,1.5,12.0,0.6,0.5,0.6,-31.2,-11.7,4.3,-15.0,12.0,21.1,12.0,0.6,0.5,0.6,-76.5,-34.4,-7.2,-38.5,12.0,30.1,12.0,0.6,0.5,0.6,-0.14,0.2,0.64,-0.09,11.0,1.51,12.0,0.5,0.5,0.6,-1.0,0.8,3.3,-1.6,11.0,10.2,12.0,0.5,0.5,0.6,1.58,2.72,3.93,2.65,11.0,1.36,12.0,0.5,0.5,0.6,4.6,13.2,31.9,16.4,11.0,12.9,12.0,0.5,0.5,0.6,-116.7,-41.1,24.7,-48.4,12.0,68.4,12.0,0.6,0.5,0.6,-215.7,-134.2,-65.1,-137.3,12.0,66.6,12.0,0.6,0.5,0.6,-80.8,-27.2,19.5,-29.3,11.0,46.8,12.0,0.5,0.5,0.6,-148.0,-95.6,-45.7,-95.4,11.0,45.7,12.0,0.5,0.5,0.6,-14.5,-4.4,0.7,-5.5,11.0,9.5,12.0,0.5,0.5,0.6,-26.2,-10.1,-3.8,-14.0,11.0,11.1,12.0,0.5,0.5,0.6,26.5,301.0,804.5,350.5,12.0,337.0,12.0,0.6,0.5,0.6,25.0,300.0,805.0,350.0,12.0,335.0,12.0,0.6,0.5,0.6
1974,2,107.0,3.0,27.5,27.5,27.5,27.5,1.0,0.0,26.0,1.0,0.2,0.4,27.5,27.5,27.5,27.5,1.0,0.0,26.0,1.0,0.2,0.4,18.92,18.92,18.92,18.92,1.0,0.0,26.0,1.0,0.2,0.4,82.2,82.2,82.2,82.2,1.0,0.0,26.0,1.0,0.4,3.1,3.1,3.1,3.1,1.0,0.0,26.0,1.0,0.2,0.4,-0.54,-0.54,-0.54,-0.54,1.0,0.0,26.0,1.0,0.2,0.4,3.05,3.05,3.05,3.05,1.0,0.0,26.0,1.0,0.2,0.4,1009.0,1009.0,1009.0,1009.0,1.0,0.0,26.0,1.0,0.2,0.4,4.0,4.0,4.0,4.0,1.0,0.0,26.0,1.0,0.2,0.4,-1.7,-1.7,-1.7,-1.7,1.0,0.0,26.0,1.0,0.2,0.4,9.5,9.5,9.5,9.5,1.0,0.0,26.0,1.0,0.2,0.4,0.0,0.0,0.0,0.0,1.0,0.0,26.0,1.0,0.2,0.4,0.0,0.0,0.0,0.0,1.0,0.0,26.0,1.0,0.2,0.4,4.15,4.15,4.15,4.15,1.0,0.0,26.0,1.0,0.2,0.4,12.9,12.9,12.9,12.9,1.0,0.0,26.0,1.0,0.2,0.4,-14.8,-14.8,-14.8,-14.8,1.0,0.0,26.0,1.0,0.2,0.4,84.0,84.0,84.0,84.0,1.0,0.0,26.0,1.0,0.2,0.4,-10.2,-10.2,-10.2,-10.2,1.0,0.0,26.0,1.0,0.2,0.4,57.7,57.7,57.7,57.7,1.0,0.0,26.0,1.0,0.2,0.4,-2.2,-2.2,-2.2,-2.2,1.0,0.0,26.0,1.0,0.2,0.4,12.7,12.7,12.7,12.7,1.0,0.0,26.0,1.0,0.2,0.4,30.0,30.0,30.0,30.0,1.0,0.0,26.0,1.0,0.2,0.4,30.0,30.0,30.0,30.0,1.0,0.0,26.0,1.0,0.2,0.4
1974,2,107.0,4.0,24.69,26.0,27.67,26.2,5.0,1.67,16.0,0.8,0.2,0.5,25.56,26.5,29.0,27.0,6.0,1.67,16.0,0.8,0.2,0.6,17.42,18.42,19.35,18.39,4.0,1.3,18.0,0.8,0.3,0.5,80.7,82.3,86.1,83.4,4.0,4.2,18.0,0.8,0.5,5.1,6.2,11.75,8.12,5.0,3.77,14.0,0.8,0.1,0.5,-5.87,-3.1,-1.43,-3.57,5.0,2.44,14.0,0.8,0.1,0.5,-10.18,-5.37,-4.94,-7.23,5.0,3.08,14.0,0.8,0.1,0.5,1008.9,1011.5,1013.17,1011.14,5.0,2.99,16.0,0.8,0.2,0.5,3.8,5.5,8.0,5.7,6.0,2.3,16.0,0.8,0.2,0.6,-69.8,-19.2,-7.3,-36.1,5.0,36.7,14.0,0.8,0.1,0.5,-120.9,-33.3,-25.2,-68.0,5.0,58.4,14.0,0.8,0.1,0.5,-2.15,0.0,1.37,-0.4,5.0,2.63,16.0,0.8,0.2,0.5,-30.6,-5.4,8.8,-10.6,4.0,27.7,14.0,0.8,0.1,0.4,0.95,2.86,3.49,2.25,4.0,2.04,18.0,0.8,0.3,0.5,1.2,20.3,31.8,16.6,3.0,22.6,16.0,0.7,0.1,0.4,-162.0,-80.0,-40.9,-96.6,5.0,64.9,14.0,0.8,0.1,0.5,-280.7,-139.0,-137.8,-196.5,5.0,80.6,14.0,0.8,0.1,0.5,-111.0,-107.5,-45.5,-78.9,3.0,54.0,16.0,0.7,0.1,0.4,-192.2,-186.3,-123.3,-158.4,3.0,55.9,16.0,0.7,0.1,0.4,-13.8,-3.5,1.5,-6.1,3.0,11.4,16.0,0.7,0.1,0.4,-28.3,-20.0,-1.8,-15.2,3.0,19.8,16.0,0.7,0.1,0.4,132.5,238.5,1678.5,834.0,5.0,999.0,14.0,0.8,0.1,0.5,135.0,240.0,1680.0,835.0,5.0,1000.0,14.0,0.8,0.1,0.5
1974,2,107.0,5.0,24.24,25.3,26.7,25.51,59.0,1.24,16.0,0.6,0.3,0.5,24.68,25.5,27.25,25.9,63.0,1.38,16.0,0.6,0.3,0.6,15.86,17.83,18.65,17.58,50.0,1.31,14.0,0.6,0.3,0.5,76.3,84.2,92.0,84.3,50.0,7.6,14.0,0.6,0.5,2.6,7.2,10.96,7.01,62.0,3.63,16.0,0.6,0.3,0.5,-6.35,-3.56,-1.54,-3.92,62.0,2.35,16.0,0.6,0.3,0.5,-9.04,-5.7,-1.65,-5.57,62.0,3.21,16.0,0.6,0.3,0.5,1008.37,1010.8,1013.13,1010.72,62.0,2.4,16.0,0.6,0.3,0.6,3.0,7.0,8.0,5.8,63.0,2.4,16.0,0.6,0.3,0.5,-67.3,-27.6,-4.0,-34.3,62.0,30.5,16.0,0.6,0.3,0.5,-100.1,-42.2,-4.4,-50.1,62.0,43.8,16.0,0.6,0.3,0.5,-2.0,-0.1,1.0,-0.34,59.0,1.77,16.0,0.6,0.3,0.5,-8.5,-0.8,5.3,-1.6,57.0,13.4,16.0,0.6,0.3,0.5,0.73,2.45,4.04,2.62,48.0,1.81,14.0,0.6,0.3,0.5,3.5,15.0,38.1,19.8,48.0,17.1,14.0,0.6,0.3,0.5,-158.7,-96.2,-43.3,-103.0,61.0,60.9,16.0,0.6,0.3,0.6,-239.6,-148.0,-45.5,-144.6,61.0,82.3,16.0,0.6,0.3,0.6,-105.6,-67.4,-28.7,-68.4,50.0,39.4,14.0,0.6,0.3,0.5,-153.2,-101.7,-30.2,-98.1,50.0,53.9,14.0,0.6,0.3,0.5,-20.7,-8.7,-1.1,-11.0,48.0,10.6,14.0,0.6,0.3,0.5,-32.0,-10.9,-2.5,-15.8,48.0,14.2,14.0,0.6,0.3,0.5,17.5,373.0,1318.0,614.0,62.0,670.0,16.0,0.6,0.3,0.5,20.0,375.0,1320.0,615.0,62.0,670.0,16.0,0.6,0.3,0.5
1974,2,107.0,6.0,24.4,25.05,26.5,25.43,54.0,1.14,16.0,0.6,0.7,0.3,24.5,25.15,27.0,25.74,58.0,1.48,16.0,0.6,0.7,0.3,16.1,17.98,18.82,17.73,48.0,1.63,16.0,0.6,0.7,0.4,78.1,86.0,92.0,85.4,49.0,7.6,16.0,0.6,0.4,4.6,8.35,11.08,7.68,56.0,3.64,16.0,0.6,0.7,0.3,-6.62,-4.1,-1.56,-4.08,56.0,2.79,16.0,0.6,0.7,0.3,-9.62,-6.69,-2.21,-5.97,56.0,3.5,16.0,0.6,0.7,0.3,1008.78,1010.4,1011.61,1010.34,57.0,1.81,16.0,0.6,0.7,0.4,4.0,7.0,8.0,6.2,57.0,1.8,16.0,0.6,0.7,0.3,-71.3,-21.2,-6.3,-38.1,56.0,38.6,16.0,0.6,0.7,0.3,-105.1,-55.4,-11.0,-57.1,56.0,47.8,16.0,0.6,0.7,0.3,-1.5,0.0,1.5,-0.29,54.0,1.96,16.0,0.6,0.7,0.3,-10.2,0.0,8.9,-3.3,52.0,14.4,16.0,0.7,0.7,0.3,0.82,2.82,5.0,2.57,45.0,2.29,16.0,0.6,0.7,0.4,3.9,14.4,42.0,21.7,43.0,22.6,16.0,0.6,0.7,0.4,-171.1,-105.1,-39.0,-105.6,56.0,72.1,16.0,0.6,0.7,0.3,-247.1,-167.6,-54.4,-152.8,56.0,89.4,16.0,0.6,0.7,0.3,-119.7,-72.9,-32.9,-75.3,46.0,46.2,16.0,0.6,0.7,0.4,-154.6,-115.0,-37.3,-100.1,46.0,59.4,16.0,0.6,0.7,0.4,-25.2,-8.5,-2.0,-12.1,43.0,13.3,16.0,0.6,0.7,0.4,-34.6,-9.6,-3.0,-17.4,43.0,19.0,16.0,0.6,0.7,0.4,97.5,593.0,1361.5,751.5,56.0,814.0,16.0,0.6,0.7,0.3,95.0,595.0,1360.0,750.0,56.0,815.0,16.0,0.6,0.7,0.3
1974,2,107.0,7.0,24.79,25.5,26.41,25.67,6.0,1.33,12.0,0.7,0.5,0.3,25.4,26.3,27.27,26.4,6.0,1.24,12.0,0.7,0.5,0.3,17.32,18.11,18.68,17.86,6.0,1.05,12.0,0.7,0.5,0.3,73.0,85.8,91.5,83.3,6.0,9.4,12.0,0.7,0.3,4.19,7.5,12.03,7.82,6.0,4.15,12.0,0.7,0.5,0.3,-4.46,-4.2,-3.34,-3.72,6.0,1.41,12.0,0.7,0.5,0.3,-11.3,-5.86,-2.41,-6.61,6.0,4.41,12.0,0.7,0.5,0.3,1008.4,1009.6,1011.37,1009.92,6.0,1.77,12.0,0.7,0.5,0.3,2.0,5.0,6.0,4.3,6.0,2.0,12.0,0.7,0.5,0.3,-49.5,-34.1,-15.0,-32.2,6.0,20.5,12.0,0.7,0.5,0.3,-136.1,-47.9,-9.7,-66.7,6.0,65.0,12.0,0.7,0.5,0.3,-3.06,-0.55,0.62,-0.73,6.0,2.31,12.0,0.7,0.5,0.3,-20.7,-6.7,1.6,-8.7,6.0,13.4,12.0,0.7,0.5,0.3,1.45,2.03,5.21,2.84,6.0,1.99,12.0,0.7,0.5,0.3,7.3,13.3,31.5,21.5,6.0,22.7,12.0,0.7,0.5,0.3,-124.0,-111.2,-85.2,-99.2,6.0,39.1,12.0,0.7,0.5,0.3,-292.8,-160.6,-60.6,-175.3,6.0,117.0,12.0,0.7,0.5,0.3,-78.6,-74.9,-58.9,-66.2,6.0,24.9,12.0,0.7,0.5,0.3,-195.4,-105.0,-44.2,-116.1,6.0,74.9,12.0,0.7,0.5,0.3,-12.2,-7.1,-4.5,-9.1,6.0,7.0,12.0,0.7,0.5,0.3,-29.6,-10.7,-5.1,-19.0,6.0,22.1,12.0,0.7,0.5,0.3,81.0,495.0,1747.0,815.5,6.0,895.0,12.0,0.7,0.5,0.3,80.0,495.0,1745.0,815.0,6.0,895.0,12.0,0.7,0.5,0.3
1974,2,107.0,8.0,24.22,25.0,27.12,25.46,17.0,1.49,10.0,0.4,0.6,0.6,23.39,25.0,26.07,24.96,19.0,1.55,10.0,0.4,0.6,0.6,13.76,16.9,18.14,16.04,13.0,2.17,12.0,0.5,0.6,0.6,74.4,80.3,90.5,81.1,14.0,7.6,12.0,0.4,0.6,7.7,11.0,15.95,11.78,17.0,3.77,10.0,0.4,0.6,0.6,-12.36,-7.07,-5.42,-7.95,17.0,3.39,10.0,0.4,0.6,0.6,-11.3,-8.0,-5.12,-8.22,17.0,3.34,10.0,0.4,0.6,0.6,1009.71,1010.95,1012.29,1010.93,18.0,1.33,10.0,0.4,0.5,0.6,3.0,5.0,7.3,5.1,18.0,2.1,10.0,0.4,0.6,0.6,-198.8,-77.8,-40.9,-102.6,17.0,70.9,10.0,0.4,0.6,0.6,-171.3,-92.7,-40.9,-106.6,17.0,66.3,10.0,0.4,0.6,0.6,-1.23,0.0,2.9,0.29,17.0,2.33,10.0,0.4,0.6,0.6,-11.7,0.0,30.8,5.4,15.0,27.3,10.0,0.4,0.6,0.6,1.1,2.46,4.79,3.15,11.0,2.33,14.0,0.5,0.6,0.6,8.5,18.9,59.3,28.0,9.0,26.5,14.0,0.6,0.7,0.6,-296.3,-180.2,-139.0,-197.9,17.0,80.3,10.0,0.4,0.6,0.6,-277.0,-201.9,-138.0,-203.3,17.0,75.0,10.0,0.4,0.6,0.6,-159.8,-110.4,-98.8,-122.0,11.0,33.8,14.0,0.5,0.7,0.6,-184.9,-138.0,-80.4,-127.2,11.0,52.0,14.0,0.5,0.7,0.6,-44.3,-13.2,-6.5,-20.7,9.0,20.4,14.0,0.6,0.7,0.6,-39.2,-12.2,-4.5,-18.5,9.0,17.3,14.0,0.6,0.7,0.6,456.5,1331.0,4055.0,2110.0,17.0,1689.5,10.0,0.4,0.6,0.6,455.0,1330.0,4055.0,2110.0,17.0,1690.0,10.0,0.4,0.6,0.6
1974,2,107.0,9.0,24.18,24.5,26.0,24.92,11.0,0.92,12.0,0.6,0.4,0.3,23.48,24.4,24.84,24.24,11.0,0.72,12.0,0.6,0.4,0.3,14.71,15.51,17.17,15.72,8.0,1.47,12.0,0.5,0.5,0.3,75.1,83.5,89.2,83.5,8.0,7.3,12.0,0.5,0.3,4.6,7.0,12.2,7.92,9.0,4.08,10.0,0.6,0.4,0.3,-5.97,-3.52,-1.42,-4.09,9.0,3.31,10.0,0.6,0.4,0.3,-9.26,-5.36,-3.42,-6.16,9.0,3.86,10.0,0.6,0.4,0.3,1008.92,1010.5,1011.91,1010.6,11.0,2.18,12.0,0.6,0.4,0.3,3.0,4.5,8.0,5.1,10.0,2.3,12.0,0.6,0.5,0.3,-71.3,-16.2,-6.2,-38.6,9.0,46.9,10.0,0.6,0.4,0.3,-99.9,-30.5,-14.3,-60.9,9.0,69.0,10.0,0.6,0.4,0.3,-0.12,0.7,1.2,0.68,11.0,0.73,12.0,0.6,0.4,0.3,-1.1,6.8,14.1,6.7,9.0,7.3,10.0,0.6,0.4,0.3,1.95,3.16,5.69,3.61,8.0,1.78,12.0,0.5,0.5,0.3,8.4,17.3,64.1,33.0,6.0,33.8,10.0,0.3,0.5,0.3,-146.0,-83.2,-35.2,-97.7,9.0,77.3,10.0,0.6,0.4,0.3,-219.6,-128.7,-84.7,-146.8,9.0,89.0,10.0,0.6,0.4,0.3,-89.3,-55.5,-17.2,-61.1,6.0,56.7,10.0,0.3,0.5,0.3,-167.2,-77.3,-57.7,-102.9,6.0,59.6,10.0,0.3,0.5,0.3,-34.7,-5.7,-2.5,-15.8,6.0,19.9,10.0,0.3,0.5,0.3,-40.2,-17.1,-5.7,-26.5,6.0,30.2,10.0,0.3,0.5,0.3,97.5,343.0,1862.5,892.5,9.0,1239.0,10.0,0.6,0.4,0.3,95.0,345.0,1865.0,895.0,9.0,1240.0,10.0,0.6,0.4,0.3
1974,2,107.0,10.0,23.73,24.65,25.57,24.65,2.0,1.91,20.0,0.5,0.7,0.0,24.1,27.1,30.1,27.1,2.0,6.22,20.0,0.5,0.7,0.0,14.91,14.91,14.91,14.91,1.0,0.0,14.0,0.0,0.9,0.0,86.9,86.9,86.9,86.9,1.0,0.0,14.0,0.0,0.0,12.9,12.9,12.9,12.9,1.0,0.0,14.0,0.0,0.9,0.0,-4.41,-4.41,-4.41,-4.41,1.0,0.0,14.0,0.0,0.9,0.0,-12.12,-12.12,-12.12,-12.12,1.0,0.0,14.0,0.0,0.9,0.0,1010.38,1011.4,1012.42,1011.4,2.0,2.12,20.0,0.5,0.7,0.0,3.8,5.5,7.2,5.5,2.0,3.5,20.0,0.5,0.7,0.0,-56.9,-56.9,-56.9,-56.9,1.0,0.0,14.0,0.0,0.9,0.0,-156.4,-156.4,-156.4,-156.4,1.0,0.0,14.0,0.0,0.9,0.0,-4.53,-2.45,-0.37,-2.45,2.0,4.31,20.0,0.5,0.7,0.0,7.7,7.7,7.7,7.7,1.0,0.0,14.0,0.0,0.9,0.0,2.92,2.92,2.92,2.92,1.0,0.0,14.0,0.0,0.9,0.0,37.7,37.7,37.7,37.7,1.0,0.0,14.0,0.0,0.9,0.0,-100.2,-100.2,-100.2,-100.2,1.0,0.0,14.0,0.0,0.9,0.0,-275.2,-275.2,-275.2,-275.2,1.0,0.0,14.0,0.0,0.9,0.0,-65.8,-65.8,-65.8,-65.8,1.0,0.0,14.0,0.0,0.9,0.0,-180.8,-180.8,-180.8,-180.8,1.0,0.0,14.0,0.0,0.9,0.0,-12.9,-12.9,-12.9,-12.9,1.0,0.0,14.0,0.0,0.9,0.0,-35.4,-35.4,-35.4,-35.4,1.0,0.0,14.0,0.0,0.9,0.0,2146.5,2146.5,2146.5,2146.5,1.0,0.0,14.0,0.0,0.9,0.0,2145.0,2145.0,2145.0,2145.0,1.0,0.0,14.0,0.0,0.9,0.0
1974,2,107.0,16.0,,,,,,,,,,,,,,,,,,,,,,,,,,,,,,,,,,,,,,,,13.4,13.4,13.4,13.4,1.0,0.0,28.0,1.0,0.9,0.5,-2.33,-2.33,-2.33,-2.33,1.0,0.0,28.0,1.0,0.9,0.5,-13.2,-13.2,-13.2,-13.2,1.0,0.0,28.0,1.0,0.9,0.5,1014.1,1014.1,1014.1,1014.1,1.0,0.0,28.0,1.0,0.9,0.5,,,,,,,,,,,,,,,,,,,,,,,,,,,,,,,,,,,,,,,,,,,,,,,,,,,,,,,,,,,,,,,,,,,,,,,,,,,,,,,,,,,,,,,,,,,,,,,,,,,,,,,,,,,,,,,,,,,,,,,,,,,,,,,,,,,,,,,,,,,,,,,,,,,,,,
1974,2,107.0,17.0,,,,,,,,,,,,,,,,,,,,,,,,,,,,,,,,,,,,,,,,7.0,7.0,7.0,7.0,1.0,0.0,22.0,0.0,0.8,0.0,-4.5,-4.5,-4.5,-4.5,1.0,0.0,22.0,0.0,0.8,0.0,5.36,5.36,5.36,5.36,1.0,0.0,22.0,0.0,0.8,0.0,1006.2,1006.2,1006.2,1006.2,1.0,0.0,22.0,0.0,0.8,0.0,,,,,,,,,,,,,,,,,,,,,,,,,,,,,,,,,,,,,,,,,,,,,,,,,,,,,,,,,,,,,,,,,,,,,,,,,,,,,,,,,,,,,,,,,,,,,,,,,,,,,,,,,,,,,,,,,,,,,,,,,,,,,,,,,,,,,,,,,,,,,,,,,,,,,,
1974,2,107.0,18.0,,,,,,,,,,,,,,,,,,,,,,,,,,,,,,,,,,,,,,,,14.9,14.9,14.9,14.9,1.0,0.0,8.0,1.0,0.8,0.7,2.59,2.59,2.59,2.59,1.0,0.0,8.0,1.0,0.8,0.7,-14.67,-14.67,-14.67,-14.67,1.0,0.0,8.0,1.0,0.8,0.7,1017.69,1018.95,1020.21,1018.95,2.0,2.62,10.0,0.5,0.7,0.5,,,,,,,,,,,,,,,,,,,,,,,,,,,,,,,,,,,,,,,,,,,,,,,,,,,,,,,,,,,,,,,,,,,,,,,,,,,,,,,,,,,,,,,,,,,,,,,,,,,,,,,,,,,,,,,,,,,,,,,,,,,,,,,,,,,,,,,,,,,,,,,,,,,,,,
1974,2,107.0,19.0,,,,,,,,,,,,,,,,,,,,,,,,,,,,,,,,,,,,,,,,4.86,11.0,12.3,8.63,3.0,5.82,10.0,0.7,0.7,0.5,-6.75,0.0,1.3,-2.66,3.0,6.33,10.0,0.7,0.7,0.5,-10.03,-8.29,-1.27,-5.71,3.0,6.8,10.0,0.7,0.7,0.5,1009.74,1014.55,1019.36,1014.55,2.0,9.97,14.0,1.0,0.8,0.5,,,,,,,,,,,,,,,,,,,,,,,,,,,,,,,,,,,,,,,,,,,,,,,,,,,,,,,,,,,,,,,,,,,,,,,,,,,,,,,,,,,,,,,,,,,,,,,,,,,,,,,,,,,,,,,,,,,,,,,,,,,,,,,,,,,,,,,,,,,,,,,,,,,,,,
1974,2,108.0,-65.0,,,,,,,,,,,,,,,,,,,,,,,,,,,,,,,,,,,,,,,,10.8,10.8,10.8,10.8,1.0,0.0,28.0,1.0,0.0,0.5,10.64,10.64,10.64,10.64,1.0,0.0,28.0,1.0,0.0,0.5,1.88,1.88,1.88,1.88,1.0,0.0,28.0,1.0,0.0,0.5,992.6,992.6,992.6,992.6,1.0,0.0,28.0,1.0,0.0,0.5,,,,,,,,,,,,,,,,,,,,,,,,,,,,,,,,,,,,,,,,,,,,,,,,,,,,,,,,,,,,,,,,,,,,,,,,,,,,,,,,,,,,,,,,,,,,,,,,,,,,,,,,,,,,,,,,,,,,,,,,,,,,,,,,,,,,,,,,,,,,,,,,,,,,,,
1974,2,108.0,-49.0,6.0,6.0,6.0,6.0,1.0,0.0,22.0,1.0,0.5,0.3,5.0,5.0,5.0,5.0,1.0,0.0,22.0,1.0,0.5,0.3,5.05,5.05,5.05,5.05,1.0,0.0,22.0,1.0,0.5,0.3,91.9,91.9,91.9,91.9,1.0,0.0,22.0,1.0,0.3,,,,,,,,,,,,,,,,,,,,,,,,,,,,,,,,,,,,,,,,,,,,,,,,,,,,,,,,,,,,,,,,,,,,,,,,,,,,,,,,,,,,,,,,,,,,,,,,,,,,,,,,,,,,,,,,,,,,,,,,,,,,,,,,,,,,,,,,,,,,,,,,,,,,,,,,,,,,,,,,,,,,,,,,,,,,,,,,,,,,,,,,,,,,,,
1974,2,108.0,-42.0,13.2,13.2,13.2,13.2,1.0,0.0,6.0,0.0,0.1,0.1,11.0,11.0,11.0,11.0,1.0,0.0,6.0,0.0,0.1,0.1,5.83,5.83,5.83,5.83,1.0,0.0,6.0,0.0,0.1,0.1,72.8,72.8,72.8,72.8,1.0,0.0,6.0,0.0,0.1,4.6,4.6,4.6,4.6,1.0,0.0,6.0,0.0,0.1,0.1,4.32,4.32,4.32,4.32,1.0,0.0,6.0,0.0,0.1,0.1,1.57,1.57,1.57,1.57,1.0,0.0,6.0,0.0,0.1,0.1,1026.0,1026.0,1026.0,1026.0,1.0,0.0,6.0,0.0,0.1,0.1,,,,,,,,,,,,,,,,,,,,,,,,,,,,,,,2.2,2.2,2.2,2.2,1.0,0.0,6.0,0.0,0.1,0.1,10.1,10.1,10.1,10.1,1.0,0.0,6.0,0.0,0.1,0.1,3.45,3.45,3.45,3.45,1.0,0.0,6.0,0.0,0.1,0.1,15.9,15.9,15.9,15.9,1.0,0.0,6.0,0.0,0.1,0.1,47.5,47.5,47.5,47.5,1.0,0.0,6.0,0.0,0.1,0.1,17.3,17.3,17.3,17.3,1.0,0.0,6.0,0.0,0.1,0.1,25.2,25.2,25.2,25.2,1.0,0.0,6.0,0.0,0.1,0.1,9.2,9.2,9.2,9.2,1.0,0.0,6.0,0.0,0.1,0.1,14.9,14.9,14.9,14.9,1.0,0.0,6.0,0.0,0.1,0.1,5.4,5.4,5.4,5.4,1.0,0.0,6.0,0.0,0.1,0.1,97.5,97.5,97.5,97.5,1.0,0.0,6.0,0.0,0.1,0.1,95.0,95.0,95.0,95.0,1.0,0.0,6.0,0.0,0.1,0.1
1974,2,108.0,-41.0,12.77,14.0,14.14,13.47,3.0,1.1,4.0,1.0,0.3,0.5,13.4,13.6,13.87,13.63,3.0,0.35,4.0,1.0,0.3,0.5,5.35,7.26,8.28,6.83,3.0,2.18,4.0,1.0,0.3,0.5,55.1,73.3,86.8,71.0,3.0,23.3,4.0,1.0,0.5,5.27,6.7,8.47,6.87,3.0,2.35,4.0,1.0,0.3,0.5,4.95,6.3,7.5,6.22,3.0,1.87,4.0,1.0,0.3,0.5,-1.06,1.57,3.67,1.31,3.0,3.48,4.0,1.0,0.3,0.5,1014.09,1018.6,1020.1,1017.13,3.0,4.58,4.0,1.0,0.3,0.5,3.2,8.0,8.0,5.7,3.0,4.0,4.0,1.0,0.3,0.5,27.0,42.2,64.5,45.7,3.0,27.7,4.0,1.0,0.3,0.5,-8.2,7.2,31.8,11.7,3.0,29.6,4.0,1.0,0.3,0.5,-0.89,0.2,0.54,-0.17,3.0,1.1,4.0,1.0,0.3,0.5,-4.0,1.3,4.9,0.5,3.0,6.5,4.0,1.0,0.3,0.5,1.64,2.79,3.81,2.72,3.0,1.59,4.0,1.0,0.3,0.5,12.9,18.7,19.4,16.2,3.0,5.2,4.0,1.0,0.3,0.5,68.1,88.1,101.1,84.7,3.0,24.4,4.0,1.0,0.3,0.5,-15.1,21.4,49.0,17.1,3.0,47.1,4.0,1.0,0.3,0.5,27.7,45.7,62.7,45.2,3.0,25.6,4.0,1.0,0.3,0.5,-9.1,7.0,30.0,10.4,3.0,28.8,4.0,1.0,0.3,0.5,11.6,17.6,18.2,15.0,3.0,5.3,4.0,1.0,0.3,0.5,-2.7,5.1,6.2,1.8,3.0,7.2,4.0,1.0,0.3,0.5,162.0,301.0,644.5,401.0,3.0,364.0,4.0,1.0,0.3,0.5,160.0,300.0,645.0,400.0,3.0,365.0,4.0,1.0,0.3,0.5
1974,2,108.0,-40.0,14.0,14.0,14.0,14.0,1.0,0.0,2.0,0.0,0.0,0.2,12.0,12.0,12.0,12.0,1.0,0.0,2.0,0.0,0.0,0.2,8.17,8.17,8.17,8.17,1.0,0.0,2.0,0.0,0.0,0.2,93.6,93.6,93.6,93.6,1.0,0.0,2.0,0.0,0.2,12.3,12.3,12.3,12.3,1.0,0.0,2.0,0.0,0.0,0.2,9.42,9.42,9.42,9.42,1.0,0.0,2.0,0.0,0.0,0.2,7.91,7.91,7.91,7.91,1.0,0.0,2.0,0.0,0.0,0.2,1007.7,1007.7,1007.7,1007.7,1.0,0.0,2.0,0.0,0.0,0.2,8.0,8.0,8.0,8.0,1.0,0.0,2.0,0.0,0.0,0.2,115.9,115.9,115.9,115.9,1.0,0.0,2.0,0.0,0.0,0.2,97.2,97.2,97.2,97.2,1.0,0.0,2.0,0.0,0.0,0.2,2.0,2.0,2.0,2.0,1.0,0.0,2.0,0.0,0.0,0.2,24.6,24.6,24.6,24.6,1.0,0.0,2.0,0.0,0.0,0.2,1.79,1.79,1.79,1.79,1.0,0.0,2.0,0.0,0.0,0.2,22.0,22.0,22.0,22.0,1.0,0.0,2.0,0.0,0.0,0.2,113.1,113.1,113.1,113.1,1.0,0.0,2.0,0.0,0.0,0.2,94.9,94.9,94.9,94.9,1.0,0.0,2.0,0.0,0.0,0.2,77.0,77.0,77.0,77.0,1.0,0.0,2.0,0.0,0.0,0.2,64.6,64.6,64.6,64.6,1.0,0.0,2.0,0.0,0.0,0.2,16.9,16.9,16.9,16.9,1.0,0.0,2.0,0.0,0.0,0.2,14.2,14.2,14.2,14.2,1.0,0.0,2.0,0.0,0.0,0.2,1861.0,1861.0,1861.0,1861.0,1.0,0.0,2.0,0.0,0.0,0.2,1860.0,1860.0,1860.0,1860.0,1.0,0.0,2.0,0.0,0.0,0.2
1974,2,108.0,-37.0,19.4,19.4,19.4,19.4,1.0,0.0,14.0,0.0,0.9,0.9,18.3,18.3,18.3,18.3,1.0,0.0,14.0,0.0,0.9,0.9,11.11,11.11,11.11,11.11,1.0,0.0,14.0,0.0,0.9,0.9,85.3,85.3,85.3,85.3,1.0,0.0,14.0,0.0,0.9,6.7,6.7,6.7,6.7,1.0,0.0,14.0,0.0,0.9,0.9,6.3,6.3,6.3,6.3,1.0,0.0,14.0,0.0,0.9,0.9,2.29,2.29,2.29,2.29,1.0,0.0,14.0,0.0,0.9,0.9,1015.8,1015.8,1015.8,1015.8,1.0,0.0,14.0,0.0,0.9,0.9,8.0,8.0,8.0,8.0,1.0,0.0,14.0,0.0,0.9,0.9,42.2,42.2,42.2,42.2,1.0,0.0,14.0,0.0,0.9,0.9,15.4,15.4,15.4,15.4,1.0,0.0,14.0,0.0,0.9,0.9,1.1,1.1,1.1,1.1,1.0,0.0,14.0,0.0,0.9,0.9,7.4,7.4,7.4,7.4,1.0,0.0,14.0,0.0,0.9,0.9,2.86,2.86,2.86,2.86,1.0,0.0,14.0,0.0,0.9,0.9,19.2,19.2,19.2,19.2,1.0,0.0,14.0,0.0,0.9,0.9,115.2,115.2,115.2,115.2,1.0,0.0,14.0,0.0,0.9,0.9,41.9,41.9,41.9,41.9,1.0,0.0,14.0,0.0,0.9,0.9,69.9,69.9,69.9,69.9,1.0,0.0,14.0,0.0,0.9,0.9,25.5,25.5,25.5,25.5,1.0,0.0,14.0,0.0,0.9,0.9,18.0,18.0,18.0,18.0,1.0,0.0,14.0,0.0,0.9,0.9,6.6,6.6,6.6,6.6,1.0,0.0,14.0,0.0,0.9,0.9,301.0,301.0,301.0,301.0,1.0,0.0,14.0,0.0,0.9,0.9,300.0,300.0,300.0,300.0,1.0,0.0,14.0,0.0,0.9,0.9
1974,2,108.0,-36.0,19.4,19.4,19.4,19.4,1.0,0.0,8.0,1.0,0.9,1.0,21.2,21.2,21.2,21.2,1.0,0.0,8.0,1.0,0.9,1.0,10.13,10.13,10.13,10.13,1.0,0.0,8.0,1.0,0.9,1.0,65.1,65.1,65.1,65.1,1.0,0.0,8.0,1.0,1.0,7.7,7.7,7.7,7.7,1.0,0.0,8.0,1.0,0.9,1.0,-5.9,-5.9,-5.9,-5.9,1.0,0.0,8.0,1.0,0.9,1.0,4.95,4.95,4.95,4.95,1.0,0.0,8.0,1.0,0.9,1.0,1017.4,1017.4,1017.4,1017.4,1.0,0.0,8.0,1.0,0.9,1.0,7.0,7.0,7.0,7.0,1.0,0.0,8.0,1.0,0.9,1.0,-45.4,-45.4,-45.4,-45.4,1.0,0.0,8.0,1.0,0.9,1.0,38.1,38.1,38.1,38.1,1.0,0.0,8.0,1.0,0.9,1.0,-1.8,-1.8,-1.8,-1.8,1.0,0.0,8.0,1.0,0.9,1.0,-13.9,-13.9,-13.9,-13.9,1.0,0.0,8.0,1.0,0.9,1.0,3.82,3.82,3.82,3.82,1.0,0.0,8.0,1.0,0.9,1.0,29.4,29.4,29.4,29.4,1.0,0.0,8.0,1.0,0.9,1.0,-125.0,-125.0,-125.0,-125.0,1.0,0.0,8.0,1.0,0.9,1.0,104.9,104.9,104.9,104.9,1.0,0.0,8.0,1.0,0.9,1.0,-59.8,-59.8,-59.8,-59.8,1.0,0.0,8.0,1.0,0.9,1.0,50.1,50.1,50.1,50.1,1.0,0.0,8.0,1.0,0.9,1.0,-22.5,-22.5,-22.5,-22.5,1.0,0.0,8.0,1.0,0.9,1.0,18.9,18.9,18.9,18.9,1.0,0.0,8.0,1.0,0.9,1.0,456.5,456.5,456.5,456.5,1.0,0.0,8.0,1.0,0.9,1.0,455.0,455.0,455.0,455.0,1.0,0.0,8.0,1.0,0.9,1.0
1974,2,108.0,-35.0,18.0,18.0,18.0,18.0,1.0,0.0,18.0,1.0,0.3,0.5,15.6,15.6,15.6,15.6,1.0,0.0,18.0,1.0,0.3,0.5,9.25,9.25,9.25,9.25,1.0,0.0,18.0,1.0,0.3,0.5,85.1,85.1,85.1,85.1,1.0,0.0,18.0,1.0,0.5,7.2,7.2,7.2,7.2,1.0,0.0,18.0,1.0,0.3,0.5,-7.2,-7.2,-7.2,-7.2,1.0,0.0,18.0,1.0,0.3,0.5,0.0,0.0,0.0,0.0,1.0,0.0,18.0,1.0,0.3,0.5,1023.2,1023.2,1023.2,1023.2,1.0,0.0,18.0,1.0,0.3,0.5,6.0,6.0,6.0,6.0,1.0,0.0,18.0,1.0,0.3,0.5,-51.8,-51.8,-51.8,-51.8,1.0,0.0,18.0,1.0,0.3,0.5,0.0,0.0,0.0,0.0,1.0,0.0,18.0,1.0,0.3,0.5,2.4,2.4,2.4,2.4,1.0,0.0,18.0,1.0,0.3,0.5,17.3,17.3,17.3,17.3,1.0,0.0,18.0,1.0,0.3,0.5,3.44,3.44,3.44,3.44,1.0,0.0,18.0,1.0,0.3,0.5,24.8,24.8,24.8,24.8,1.0,0.0,18.0,1.0,0.3,0.5,-112.3,-112.3,-112.3,-112.3,1.0,0.0,18.0,1.0,0.3,0.5,0.0,0.0,0.0,0.0,1.0,0.0,18.0,1.0,0.3,0.5,-66.6,-66.6,-66.6,-66.6,1.0,0.0,18.0,1.0,0.3,0.5,0.0,0.0,0.0,0.0,1.0,0.0,18.0,1.0,0.3,0.5,-24.8,-24.8,-24.8,-24.8,1.0,0.0,18.0,1.0,0.3,0.5,0.0,0.0,0.0,0.0,1.0,0.0,18.0,1.0,0.3,0.5,373.0,373.0,373.0,373.0,1.0,0.0,18.0,1.0,0.3,0.5,375.0,375.0,375.0,375.0,1.0,0.0,18.0,1.0,0.3,0.5
1974,2,108.0,-34.0,19.73,20.65,21.57,20.65,2.0,1.91,4.0,0.5,0.4,0.6,16.9,17.75,18.6,17.75,2.0,1.77,4.0,0.5,0.4,0.6,7.87,7.91,7.95,7.91,2.0,0.08,4.0,0.5,0.4,0.6,60.0,63.1,66.2,63.1,2.0,6.4,4.0,0.5,0.6,6.0,9.0,12.0,9.0,2.0,6.22,4.0,0.5,0.4,0.6,-2.57,1.19,4.95,1.19,2.0,7.79,4.0,0.5,0.4,0.6,3.17,6.59,10.01,6.59,2.0,7.09,4.0,0.5,0.4,0.6,1014.02,1014.05,1014.08,1014.05,2.0,0.07,4.0,0.5,0.4,0.6,2.0,2.0,2.0,2.0,2.0,0.0,4.0,0.5,0.4,0.6,-2.5,34.9,72.4,34.9,2.0,77.5,4.0,0.5,0.4,0.6,30.8,81.4,132.0,81.4,2.0,104.8,4.0,0.5,0.4,0.6,2.83,2.9,2.97,2.9,2.0,0.14,4.0,0.5,0.4,0.6,17.6,25.7,33.8,25.7,2.0,16.8,4.0,0.5,0.4,0.6,6.44,7.27,8.1,7.27,2.0,1.73,4.0,0.5,0.4,0.6,45.7,60.0,74.4,60.0,2.0,29.7,4.0,0.5,0.4,0.6,-51.6,14.2,80.0,14.2,2.0,136.2,4.0,0.5,0.4,0.6,55.5,110.7,165.8,110.7,2.0,114.3,4.0,0.5,0.4,0.6,-20.6,9.1,38.8,9.1,2.0,61.6,4.0,0.5,0.4,0.6,25.0,51.8,78.7,51.8,2.0,55.6,4.0,0.5,0.4,0.6,-24.4,1.9,28.3,1.9,2.0,54.6,4.0,0.5,0.4,0.6,22.4,41.8,61.2,41.8,2.0,40.2,4.0,0.5,0.4,0.6,463.5,1251.5,2039.5,1251.5,2.0,1632.5,4.0,0.5,0.4,0.6,465.0,1250.0,2040.0,1250.0,2.0,1635.0,4.0,0.5,0.4,0.6
1974,2,108.0,-33.0,20.0,20.0,20.0,20.0,1.0,0.0,8.0,1.0,0.5,0.9,20.5,20.5,20.5,20.5,1.0,0.0,8.0,1.0,0.5,0.9,9.26,9.26,9.26,9.26,1.0,0.0,8.0,1.0,0.5,0.9,62.1,62.1,62.1,62.1,1.0,0.0,8.0,1.0,0.9,6.7,6.7,6.7,6.7,1.0,0.0,8.0,1.0,0.5,0.9,-5.13,-5.13,-5.13,-5.13,1.0,0.0,8.0,1.0,0.5,0.9,4.31,4.31,4.31,4.31,1.0,0.0,8.0,1.0,0.5,0.9,1015.9,1015.9,1015.9,1015.9,1.0,0.0,8.0,1.0,0.5,0.9,7.0,7.0,7.0,7.0,1.0,0.0,8.0,1.0,0.5,0.9,-34.4,-34.4,-34.4,-34.4,1.0,0.0,8.0,1.0,0.5,0.9,28.9,28.9,28.9,28.9,1.0,0.0,8.0,1.0,0.5,0.9,-0.5,-0.5,-0.5,-0.5,1.0,0.0,8.0,1.0,0.5,0.9,-3.3,-3.3,-3.3,-3.3,1.0,0.0,8.0,1.0,0.5,0.9,5.24,5.24,5.24,5.24,1.0,0.0,8.0,1.0,0.5,0.9,35.1,35.1,35.1,35.1,1.0,0.0,8.0,1.0,0.5,0.9,-105.2,-105.2,-105.2,-105.2,1.0,0.0,8.0,1.0,0.5,0.9,88.3,88.3,88.3,88.3,1.0,0.0,8.0,1.0,0.5,0.9,-47.5,-47.5,-47.5,-47.5,1.0,0.0,8.0,1.0,0.5,0.9,39.9,39.9,39.9,39.9,1.0,0.0,8.0,1.0,0.5,0.9,-26.9,-26.9,-26.9,-26.9,1.0,0.0,8.0,1.0,0.5,0.9,22.6,22.6,22.6,22.6,1.0,0.0,8.0,1.0,0.5,0.9,301.0,301.0,301.0,301.0,1.0,0.0,8.0,1.0,0.5,0.9,300.0,300.0,300.0,300.0,1.0,0.0,8.0,1.0,0.5,0.9
1974,2,108.0,-32.0,19.57,20.0,20.84,20.12,5.0,0.77,16.0,0.8,0.4,0.7,19.0,19.2,19.77,19.4,5.0,0.58,16.0,0.8,0.4,0.7,10.43,12.16,12.86,11.64,5.0,1.59,16.0,0.8,0.4,0.7,76.3,86.1,90.8,83.3,5.0,10.9,16.0,0.8,0.7,8.53,9.3,13.11,10.6,5.0,3.14,16.0,0.8,0.4,0.7,-10.61,-7.12,-4.66,-7.64,5.0,3.84,16.0,0.8,0.4,0.7,5.48,7.58,8.08,6.93,5.0,1.62,16.0,0.8,0.4,0.7,1012.7,1015.0,1017.83,1015.16,5.0,3.17,16.0,0.8,0.4,0.7,2.3,6.0,6.4,4.6,5.0,2.5,16.0,0.8,0.4,0.7,-142.7,-66.3,-36.0,-89.5,5.0,71.3,16.0,0.8,0.4,0.7,47.5,81.3,100.1,75.7,5.0,32.6,16.0,0.8,0.4,0.7,0.32,0.6,1.1,0.72,5.0,0.66,16.0,0.8,0.4,0.7,2.7,5.9,14.3,8.9,5.0,10.8,16.0,0.8,0.4,0.7,1.52,2.56,4.5,3.0,5.0,1.69,16.0,0.8,0.4,0.7,14.2,30.2,47.1,31.7,5.0,19.7,16.0,0.8,0.4,0.7,-209.6,-136.8,-90.0,-148.4,5.0,74.0,16.0,0.8,0.4,0.7,105.6,146.3,158.9,134.3,5.0,31.4,16.0,0.8,0.4,0.7,-128.2,-92.1,-45.9,-89.2,5.0,46.0,16.0,0.8,0.4,0.7,64.4,86.4,100.5,81.8,5.0,24.8,16.0,0.8,0.4,0.7,-38.4,-23.1,-8.7,-24.4,5.0,18.8,16.0,0.8,0.4,0.7,11.5,19.4,27.1,19.4,5.0,8.7,16.0,0.8,0.4,0.7,647.0,804.5,2377.0,1455.5,5.0,1311.5,16.0,0.8,0.4,0.7,645.0,805.0,2375.0,1455.0,5.0,1310.0,16.0,0.8,0.4,0.7
1974,2,108.0,-31.0,20.5,20.5,20.5,20.5,1.0,0.0,10.0,0.0,0.7,0.1,18.7,18.7,18.7,18.7,1.0,0.0,10.0,0.0,0.7,0.1,8.68,8.68,8.68,8.68,1.0,0.0,10.0,0.0,0.7,0.1,65.5,65.5,65.5,65.5,1.0,0.0,10.0,0.0,0.1,8.2,8.2,8.2,8.2,1.0,0.0,10.0,0.0,0.7,0.1,-4.1,-4.1,-4.1,-4.1,1.0,0.0,10.0,0.0,0.7,0.1,7.1,7.1,7.1,7.1,1.0,0.0,10.0,0.0,0.7,0.1,1020.6,1020.6,1020.6,1020.6,1.0,0.0,10.0,0.0,0.7,0.1,7.0,7.0,7.0,7.0,1.0,0.0,10.0,0.0,0.7,0.1,-33.6,-33.6,-33.6,-33.6,1.0,0.0,10.0,0.0,0.7,0.1,58.2,58.2,58.2,58.2,1.0,0.0,10.0,0.0,0.7,0.1,1.8,1.8,1.8,1.8,1.0,0.0,10.0,0.0,0.7,0.1,14.8,14.8,14.8,14.8,1.0,0.0,10.0,0.0,0.7,0.1,6.21,6.21,6.21,6.21,1.0,0.0,10.0,0.0,0.7,0.1,50.9,50.9,50.9,50.9,1.0,0.0,10.0,0.0,0.7,0.1,-76.7,-76.7,-76.7,-76.7,1.0,0.0,10.0,0.0,0.7,0.1,132.8,132.8,132.8,132.8,1.0,0.0,10.0,0.0,0.7,0.1,-35.6,-35.6,-35.6,-35.6,1.0,0.0,10.0,0.0,0.7,0.1,61.7,61.7,61.7,61.7,1.0,0.0,10.0,0.0,0.7,0.1,-25.5,-25.5,-25.5,-25.5,1.0,0.0,10.0,0.0,0.7,0.1,44.1,44.1,44.1,44.1,1.0,0.0,10.0,0.0,0.7,0.1,551.5,551.5,551.5,551.5,1.0,0.0,10.0,0.0,0.7,0.1,550.0,550.0,550.0,550.0,1.0,0.0,10.0,0.0,0.7,0.1
1974,2,108.0,-29.0,20.24,20.75,21.26,20.75,2.0,1.06,20.0,0.5,0.3,0.7,20.27,21.05,21.83,21.05,2.0,1.63,20.0,0.5,0.3,0.7,12.19,12.94,13.7,12.94,2.0,1.56,20.0,0.5,0.3,0.7,82.6,83.2,83.9,83.2,2.0,1.3,20.0,0.5,0.7,9.96,10.3,10.64,10.3,2.0,0.71,20.0,0.5,0.3,0.7,-4.71,-4.3,-3.89,-4.3,2.0,0.85,20.0,0.5,0.3,0.7,8.75,9.32,9.88,9.32,2.0,1.17,20.0,0.5,0.3,0.7,1011.05,1013.1,1015.15,1013.1,2.0,4.24,20.0,0.5,0.3,0.7,6.3,7.0,7.7,7.0,2.0,1.4,20.0,0.5,0.3,0.7,-46.7,-44.0,-41.2,-44.0,2.0,5.7,20.0,0.5,0.3,0.7,87.4,96.4,105.4,96.4,2.0,18.7,20.0,0.5,0.3,0.7,-0.57,-0.3,-0.03,-0.3,2.0,0.57,20.0,0.5,0.3,0.7,-6.2,-3.3,-0.4,-3.3,2.0,6.0,20.0,0.5,0.3,0.7,2.07,2.31,2.55,2.31,2.0,0.49,20.0,0.5,0.3,0.7,22.0,23.6,25.3,23.6,2.0,3.4,20.0,0.5,0.3,0.7,-95.0,-89.8,-84.5,-89.8,2.0,11.0,20.0,0.5,0.3,0.7,177.8,197.1,216.3,197.1,2.0,39.9,20.0,0.5,0.3,0.7,-57.1,-55.0,-52.9,-55.0,2.0,4.3,20.0,0.5,0.3,0.7,107.2,121.5,135.9,121.5,2.0,29.7,20.0,0.5,0.3,0.7,-12.1,-10.1,-8.2,-10.1,2.0,4.1,20.0,0.5,0.3,0.7,20.4,21.2,22.1,21.2,2.0,1.8,20.0,0.5,0.3,0.7,991.5,1100.5,1209.0,1100.5,2.0,225.0,20.0,0.5,0.3,0.7,990.0,1100.0,1210.0,1100.0,2.0,225.0,20.0,0.5,0.3,0.7
1974,2,108.0,-27.0,23.5,23.5,23.5,23.5,1.0,0.0,10.0,1.0,0.4,1.0,22.39,23.0,24.37,23.37,3.0,1.48,20.0,1.0,0.2,0.8,10.78,12.68,14.57,12.68,2.0,3.92,14.0,1.0,0.3,1.0,64.6,74.3,84.0,74.3,2.0,20.1,14.0,1.0,1.0,7.66,10.8,11.82,9.77,3.0,3.18,20.0,1.0,0.2,0.8,-3.2,-2.14,0.06,-1.58,3.0,2.43,20.0,1.0,0.2,0.8,7.39,10.15,11.49,9.46,3.0,3.06,20.0,1.0,0.2,0.8,1011.34,1013.8,1014.48,1012.93,3.0,2.42,20.0,1.0,0.2,0.8,2.0,4.0,6.7,4.3,3.0,3.5,20.0,1.0,0.2,0.8,-35.6,-26.3,-3.8,-19.8,3.0,23.9,20.0,1.0,0.2,0.8,60.6,109.6,136.5,98.8,3.0,56.3,20.0,1.0,0.2,0.8,1.4,1.4,1.4,1.4,1.0,0.0,10.0,1.0,0.4,1.0,17.2,17.2,17.2,17.2,1.0,0.0,10.0,1.0,0.4,1.0,8.14,8.14,8.14,8.14,1.0,0.0,10.0,1.0,0.4,1.0,100.1,100.1,100.1,100.1,1.0,0.0,10.0,1.0,0.4,1.0,-73.0,-47.2,3.4,-35.1,3.0,56.9,20.0,1.0,0.2,0.8,178.3,233.4,256.8,217.9,3.0,59.1,20.0,1.0,0.2,0.8,-51.4,-39.1,-26.9,-39.1,2.0,25.4,14.0,1.0,0.3,1.0,125.8,138.4,151.0,138.4,2.0,26.0,14.0,1.0,0.3,1.0,-17.4,-17.4,-17.4,-17.4,1.0,0.0,10.0,1.0,0.4,1.0,98.5,98.5,98.5,98.5,1.0,0.0,10.0,1.0,0.4,1.0,562.5,1259.5,1670.0,1119.5,3.0,820.5,20.0,1.0,0.2,0.8,565.0,1260.0,1670.0,1120.0,3.0,820.0,20.0,1.0,0.2,0.8
1974,2,108.0,-26.0,23.59,24.0,24.27,23.93,3.0,0.5,16.0,0.3,0.5,0.6,23.16,23.5,23.7,23.43,3.0,0.4,16.0,0.3,0.5,0.6,12.4,13.08,13.25,12.83,3.0,0.66,16.0,0.3,0.5,0.6,70.1,72.6,72.6,71.4,3.0,2.1,16.0,0.3,0.6,6.11,7.0,9.94,8.0,3.0,2.93,16.0,0.3,0.5,0.6,-4.21,-3.86,2.91,-0.72,3.0,5.88,16.0,0.3,0.5,0.6,3.55,3.66,8.41,5.93,3.0,4.06,16.0,0.3,0.5,0.6,1009.58,1011.9,1012.31,1010.97,3.0,2.16,16.0,0.3,0.5,0.6,3.6,5.0,7.0,5.3,3.0,2.5,16.0,0.3,0.5,0.6,-37.7,-24.9,21.1,-8.7,3.0,45.3,16.0,0.3,0.5,0.6,22.0,24.5,89.7,55.1,3.0,56.2,16.0,0.3,0.5,0.6,0.01,0.9,0.97,0.5,3.0,0.78,16.0,0.3,0.5,0.6,-1.5,5.1,6.4,2.5,3.0,6.2,16.0,0.3,0.5,0.6,5.07,6.01,6.42,5.75,3.0,1.02,16.0,0.3,0.5,0.6,38.1,46.3,50.4,44.3,3.0,9.2,16.0,0.3,0.5,0.6,-99.2,-92.0,66.0,-18.4,3.0,136.8,16.0,0.3,0.5,0.6,82.3,86.1,199.8,139.8,3.0,97.9,16.0,0.3,0.5,0.6,-55.3,-51.5,33.7,-11.8,3.0,73.7,16.0,0.3,0.5,0.6,44.1,47.9,111.8,77.2,3.0,55.7,16.0,0.3,0.5,0.6,-23.6,-17.9,21.7,-1.3,3.0,36.1,16.0,0.3,0.5,0.6,22.4,23.1,40.9,31.4,3.0,15.3,16.0,0.3,0.5,0.6,235.5,343.0,1094.0,657.0,3.0,685.0,16.0,0.3,0.5,0.6,235.0,345.0,1095.0,655.0,3.0,685.0,16.0,0.3,0.5,0.6
1974,2,108.0,-25.0,,,,,,,,,,,,,,,,,,,,,,,,,,,,,,,,,,,,,,,,12.3,12.3,12.3,12.3,1.0,0.0,4.0,1.0,0.0,0.5,-7.91,-7.91,-7.91,-7.91,1.0,0.0,4.0,1.0,0.0,0.5,9.42,9.42,9.42,9.42,1.0,0.0,4.0,1.0,0.0,0.5,1014.4,1014.4,1014.4,1014.4,1.0,0.0,4.0,1.0,0.0,0.5,,,,,,,,,,,,,,,,,,,,,,,,,,,,,,,,,,,,,,,,,,,,,,,,,,,,,,,,,,,,,,,,,,,,,,,,,,,,,,,,,,,,,,,,,,,,,,,,,,,,,,,,,,,,,,,,,,,,,,,,,,,,,,,,,,,,,,,,,,,,,,,,,,,,,,
1974,2,108.0,-24.0,27.0,27.0,27.0,27.0,1.0,0.0,12.0,1.0,0.6,0.9,23.16,23.5,23.84,23.5,2.0,0.71,8.0,0.5,0.4,0.9,12.15,12.4,12.65,12.4,2.0,0.52,8.0,0.5,0.4,0.9,66.3,69.2,72.1,69.2,2.0,6.0,8.0,0.5,0.9,8.95,9.5,10.05,9.5,2.0,1.13,8.0,0.5,0.4,0.9,-7.16,-6.34,-5.53,-6.34,2.0,1.69,8.0,0.5,0.4,0.9,5.08,6.64,8.19,6.64,2.0,3.23,8.0,0.5,0.4,0.9,1013.58,1015.25,1016.92,1015.25,2.0,3.46,8.0,0.5,0.4,0.9,5.2,5.5,5.8,5.5,2.0,0.7,8.0,0.5,0.4,0.9,-63.6,-59.3,-55.0,-59.3,2.0,8.8,8.0,0.5,0.4,0.9,46.4,64.9,83.3,64.9,2.0,38.2,8.0,0.5,0.4,0.9,3.0,3.0,3.0,3.0,1.0,0.0,12.0,1.0,0.6,0.9,30.9,30.9,30.9,30.9,1.0,0.0,12.0,1.0,0.6,0.9,10.27,10.27,10.27,10.27,1.0,0.0,12.0,1.0,0.6,0.9,105.8,105.8,105.8,105.8,1.0,0.0,12.0,1.0,0.6,0.9,-165.4,-148.4,-131.5,-148.4,2.0,35.1,8.0,0.5,0.4,0.9,118.1,157.1,196.0,157.1,2.0,80.6,8.0,0.5,0.4,0.9,-90.7,-79.1,-67.4,-79.1,2.0,24.2,8.0,0.5,0.4,0.9,63.7,81.4,99.1,81.4,2.0,36.6,8.0,0.5,0.4,0.9,-52.9,-52.9,-52.9,-52.9,1.0,0.0,12.0,1.0,0.6,0.9,91.6,91.6,91.6,91.6,1.0,0.0,12.0,1.0,0.6,0.9,727.5,875.5,1024.0,875.5,2.0,307.0,8.0,0.5,0.4,0.9,725.0,875.0,1025.0,875.0,2.0,305.0,8.0,0.5,0.4,0.9
1974,2,108.0,-23.0,27.0,27.0,27.0,27.0,1.0,0.0,10.0,0.0,0.2,0.3,23.5,23.5,23.5,23.5,1.0,0.0,10.0,0.0,0.2,0.3,13.67,13.67,13.67,13.67,1.0,0.0,10.0,0.0,0.2,0.3,75.9,75.9,75.9,75.9,1.0,0.0,10.0,0.0,0.3,12.9,12.9,12.9,12.9,1.0,0.0,10.0,0.0,0.2,0.3,-6.45,-6.45,-6.45,-6.45,1.0,0.0,10.0,0.0,0.2,0.3,11.17,11.17,11.17,11.17,1.0,0.0,10.0,0.0,0.2,0.3,1012.5,1012.5,1012.5,1012.5,1.0,0.0,10.0,0.0,0.2,0.3,6.0,6.0,6.0,6.0,1.0,0.0,10.0,0.0,0.2,0.3,-83.2,-83.2,-83.2,-83.2,1.0,0.0,10.0,0.0,0.2,0.3,144.1,144.1,144.1,144.1,1.0,0.0,10.0,0.0,0.2,0.3,3.5,3.5,3.5,3.5,1.0,0.0,10.0,0.0,0.2,0.3,45.2,45.2,45.2,45.2,1.0,0.0,10.0,0.0,0.2,0.3,8.64,8.64,8.64,8.64,1.0,0.0,10.0,0.0,0.2,0.3,111.5,111.5,111.5,111.5,1.0,0.0,10.0,0.0,0.2,0.3,-151.6,-151.6,-151.6,-151.6,1.0,0.0,10.0,0.0,0.2,0.3,262.5,262.5,262.5,262.5,1.0,0.0,10.0,0.0,0.2,0.3,-88.1,-88.1,-88.1,-88.1,1.0,0.0,10.0,0.0,0.2,0.3,152.7,152.7,152.7,152.7,1.0,0.0,10.0,0.0,0.2,0.3,-55.8,-55.8,-55.8,-55.8,1.0,0.0,10.0,0.0,0.2,0.3,96.6,96.6,96.6,96.6,1.0,0.0,10.0,0.0,0.2,0.3,2146.5,2146.5,2146.5,2146.5,1.0,0.0,10.0,0.0,0.2,0.3,2145.0,2145.0,2145.0,2145.0,1.0,0.0,10.0,0.0,0.2,0.3
1974,2,108.0,-21.0,27.5,27.5,27.5,27.5,1.0,0.0,4.0,0.0,0.1,0.3,24.75,24.85,24.95,24.85,2.0,0.21,12.0,0.0,0.2,0.4,14.94,14.94,14.94,14.94,1.0,0.0,4.0,0.0,0.1,0.3,75.6,75.6,75.6,75.6,1.0,0.0,4.0,0.0,0.3,2.58,3.6,4.62,3.6,2.0,2.12,12.0,0.0,0.2,0.4,-0.86,0.2,1.25,0.2,2.0,2.19,12.0,0.0,0.2,0.4,2.11,3.2,4.29,3.2,2.0,2.25,12.0,0.0,0.2,0.4,1011.44,1012.4,1013.36,1012.4,2.0,1.98,12.0,0.0,0.2,0.4,6.2,6.5,6.8,6.5,2.0,0.7,12.0,0.0,0.2,0.4,-1.0,3.0,7.0,3.0,2.0,8.3,12.0,0.0,0.2,0.4,6.7,13.9,21.1,13.9,2.0,14.9,12.0,0.0,0.2,0.4,2.5,2.5,2.5,2.5,1.0,0.0,4.0,0.0,0.1,0.3,5.3,5.3,5.3,5.3,1.0,0.0,4.0,0.0,0.1,0.3,8.08,8.08,8.08,8.08,1.0,0.0,4.0,0.0,0.1,0.3,17.0,17.0,17.0,17.0,1.0,0.0,4.0,0.0,0.1,0.3,-21.6,4.7,30.9,4.7,2.0,54.3,12.0,0.0,0.2,0.4,52.6,79.3,106.0,79.3,2.0,55.3,12.0,0.0,0.2,0.4,-20.2,-20.2,-20.2,-20.2,1.0,0.0,4.0,0.0,0.1,0.3,24.0,24.0,24.0,24.0,1.0,0.0,4.0,0.0,0.1,0.3,-10.9,-10.9,-10.9,-10.9,1.0,0.0,4.0,0.0,0.1,0.3,13.0,13.0,13.0,13.0,1.0,0.0,4.0,0.0,0.1,0.3,29.0,71.0,113.0,71.0,2.0,87.0,12.0,0.0,0.2,0.4,30.0,70.0,115.0,70.0,2.0,85.0,12.0,0.0,0.2,0.4
1974,2,108.0,-20.0,27.4,27.4,27.4,27.4,1.0,0.0,20.0,1.0,0.7,0.3,26.8,26.8,26.8,26.8,1.0,0.0,20.0,1.0,0.7,0.3,17.51,17.51,17.51,17.51,1.0,0.0,20.0,1.0,0.7,0.3,79.2,79.2,79.2,79.2,1.0,0.0,20.0,1.0,0.3,7.7,7.7,7.7,7.7,1.0,0.0,20.0,1.0,0.7,0.3,2.63,2.63,2.63,2.63,1.0,0.0,20.0,1.0,0.7,0.3,7.24,7.24,7.24,7.24,1.0,0.0,20.0,1.0,0.7,0.3,1007.0,1007.0,1007.0,1007.0,1.0,0.0,20.0,1.0,0.7,0.3,3.0,3.0,3.0,3.0,1.0,0.0,20.0,1.0,0.7,0.3,20.3,20.3,20.3,20.3,1.0,0.0,20.0,1.0,0.7,0.3,55.7,55.7,55.7,55.7,1.0,0.0,20.0,1.0,0.7,0.3,0.6,0.6,0.6,0.6,1.0,0.0,20.0,1.0,0.7,0.3,4.6,4.6,4.6,4.6,1.0,0.0,20.0,1.0,0.7,0.3,5.47,5.47,5.47,5.47,1.0,0.0,20.0,1.0,0.7,0.3,42.1,42.1,42.1,42.1,1.0,0.0,20.0,1.0,0.7,0.3,70.6,70.6,70.6,70.6,1.0,0.0,20.0,1.0,0.7,0.3,193.9,193.9,193.9,193.9,1.0,0.0,20.0,1.0,0.7,0.3,46.1,46.1,46.1,46.1,1.0,0.0,20.0,1.0,0.7,0.3,126.7,126.7,126.7,126.7,1.0,0.0,20.0,1.0,0.7,0.3,14.4,14.4,14.4,14.4,1.0,0.0,20.0,1.0,0.7,0.3,39.5,39.5,39.5,39.5,1.0,0.0,20.0,1.0,0.7,0.3,456.5,456.5,456.5,456.5,1.0,0.0,20.0,1.0,0.7,0.3,455.0,455.0,455.0,455.0,1.0,0.0,20.0,1.0,0.7,0.3
1974,2,108.0,-19.0,27.13,27.4,27.67,27.4,2.0,0.57,16.0,1.0,0.7,0.7,28.48,29.3,30.12,29.3,2.0,1.7,16.0,1.0,0.7,0.7,17.94,17.95,17.96,17.95,2.0,0.02,16.0,1.0,0.7,0.7,67.0,70.3,73.7,70.3,2.0,6.9,16.0,1.0,0.7,4.68,4.85,5.02,4.85,2.0,0.35,16.0,1.0,0.7,0.7,-0.87,-0.84,-0.81,-0.84,2.0,0.06,16.0,1.0,0.7,0.7,4.61,4.78,4.94,4.78,2.0,0.35,16.0,1.0,0.7,0.7,1006.09,1006.5,1006.91,1006.5,2.0,0.85,16.0,1.0,0.7,0.7,2.5,3.5,4.5,3.5,2.0,2.1,16.0,1.0,0.7,0.7,-4.4,-4.1,-3.8,-4.1,2.0,0.6,16.0,1.0,0.7,0.7,21.6,23.2,24.9,23.2,2.0,3.4,16.0,1.0,0.7,0.7,-2.99,-1.9,-0.81,-1.9,2.0,2.26,16.0,1.0,0.7,0.7,-13.8,-8.8,-3.8,-8.8,2.0,10.3,16.0,1.0,0.7,0.7,4.66,5.04,5.42,5.04,2.0,0.78,16.0,1.0,0.7,0.7,21.9,24.6,27.3,24.6,2.0,5.6,16.0,1.0,0.7,0.7,-24.8,-24.6,-24.4,-24.6,2.0,0.4,16.0,1.0,0.7,0.7,138.6,139.7,140.7,139.7,2.0,2.1,16.0,1.0,0.7,0.7,-15.7,-15.1,-14.6,-15.1,2.0,1.1,16.0,1.0,0.7,0.7,82.7,85.7,88.8,85.7,2.0,6.3,16.0,1.0,0.7,0.7,-4.7,-4.3,-3.8,-4.3,2.0,1.0,16.0,1.0,0.7,0.7,21.6,24.2,26.8,24.2,2.0,5.5,16.0,1.0,0.7,0.7,103.0,115.0,127.0,115.0,2.0,25.0,16.0,1.0,0.7,0.7,105.0,115.0,125.0,115.0,2.0,25.0,16.0,1.0,0.7,0.7
1974,2,108.0,-18.0,28.01,29.0,29.0,28.56,5.0,0.67,14.0,0.8,0.5,0.7,26.9,27.4,28.39,27.7,6.0,1.19,16.0,0.8,0.4,0.8,18.15,19.51,20.13,19.15,4.0,1.34,18.0,1.0,0.5,0.7,76.4,79.3,87.1,81.6,4.0,7.1,18.0,1.0,0.7,3.67,4.85,6.91,5.03,6.0,2.01,16.0,0.8,0.4,0.8,-3.31,-1.15,0.32,-1.55,6.0,2.64,16.0,0.8,0.4,0.8,0.37,4.77,5.35,3.18,6.0,3.52,16.0,0.8,0.4,0.8,1005.35,1006.15,1007.25,1006.3,6.0,1.64,16.0,0.8,0.4,0.8,2.0,4.0,5.2,3.8,6.0,1.6,16.0,0.8,0.4,0.8,-21.6,-5.4,0.6,-11.4,6.0,18.1,16.0,0.8,0.4,0.8,-0.6,23.6,39.0,19.5,6.0,21.2,16.0,0.8,0.4,0.8,-0.39,1.1,2.18,0.92,5.0,1.42,14.0,0.8,0.5,0.7,-2.5,4.0,7.3,2.7,5.0,6.2,14.0,0.8,0.5,0.7,4.5,5.19,6.2,5.34,4.0,1.21,18.0,1.0,0.5,0.7,20.2,27.8,34.5,27.4,4.0,8.3,18.0,1.0,0.5,0.7,-89.5,-34.3,8.5,-43.7,6.0,73.6,16.0,0.8,0.4,0.8,10.4,132.8,148.9,90.7,6.0,98.8,16.0,0.8,0.4,0.8,-49.7,-23.2,0.0,-24.8,4.0,28.7,18.0,1.0,0.5,0.7,8.9,88.0,108.9,60.3,4.0,84.1,18.0,1.0,0.5,0.7,-12.9,-5.7,0.0,-6.4,4.0,7.5,18.0,1.0,0.5,0.7,0.0,25.0,33.5,17.2,4.0,23.8,18.0,1.0,0.5,0.7,56.5,115.0,333.0,177.5,6.0,168.5,16.0,0.8,0.4,0.8,55.0,115.0,335.0,175.0,6.0,170.0,16.0,0.8,0.4,0.8
1974,2,108.0,-17.0,27.71,28.0,28.56,28.1,5.0,0.65,16.0,0.4,0.5,0.6,25.0,27.65,29.17,27.35,6.0,2.01,18.0,0.5,0.5,0.6,16.25,17.23,18.15,17.2,4.0,1.14,20.0,0.5,0.6,0.5,66.8,74.1,80.6,73.7,4.0,8.0,20.0,0.5,0.5,2.5,4.1,7.22,4.31,7.0,2.57,18.0,0.6,0.5,0.6,-1.25,0.0,1.41,0.03,7.0,1.12,18.0,0.6,0.5,0.6,2.5,3.85,7.11,4.19,7.0,2.57,18.0,0.6,0.5,0.6,1005.54,1006.0,1009.34,1007.04,7.0,2.13,18.0,0.6,0.5,0.6,2.0,3.0,4.0,2.9,7.0,1.1,18.0,0.6,0.5,0.6,-9.1,0.0,4.6,-1.3,7.0,6.2,18.0,0.6,0.5,0.6,6.4,15.8,51.4,23.7,7.0,22.8,18.0,0.6,0.5,0.6,-0.47,1.6,3.14,1.35,4.0,2.44,14.0,0.3,0.4,0.7,-1.4,8.6,14.6,6.7,4.0,10.5,14.0,0.3,0.4,0.7,5.9,5.98,6.49,6.19,3.0,0.47,20.0,0.3,0.5,0.6,26.2,29.9,44.8,35.4,3.0,14.4,20.0,0.3,0.5,0.6,-34.0,0.0,38.4,1.6,6.0,33.4,18.0,0.5,0.5,0.6,71.2,127.0,192.9,131.2,6.0,58.4,18.0,0.5,0.5,0.6,-21.0,-10.4,13.1,-4.3,4.0,21.9,20.0,0.5,0.6,0.5,80.7,105.8,119.3,100.3,4.0,24.2,20.0,0.5,0.6,0.5,-6.1,0.0,5.7,-0.2,3.0,8.7,20.0,0.3,0.5,0.6,25.2,29.9,44.3,34.6,3.0,14.6,20.0,0.3,0.5,0.6,16.5,69.0,377.0,153.5,7.0,185.0,18.0,0.6,0.5,0.6,15.0,70.0,375.0,155.0,7.0,185.0,18.0,0.6,0.5,0.6
1974,2,108.0,-16.0,27.84,28.0,28.05,27.95,4.0,0.17,20.0,0.8,0.3,0.6,26.51,27.2,28.37,27.4,5.0,1.15,18.0,0.8,0.4,0.5,16.91,17.47,18.83,17.85,4.0,1.45,20.0,0.8,0.3,0.6,75.3,77.5,84.5,79.8,4.0,6.9,20.0,0.8,0.6,1.97,5.7,7.56,5.06,5.0,3.98,18.0,0.8,0.4,0.5,-2.79,-0.99,1.13,-0.83,5.0,2.73,18.0,0.8,0.4,0.5,0.0,3.66,7.45,3.98,5.0,4.44,18.0,0.8,0.4,0.5,1005.96,1006.7,1008.12,1007.06,5.0,1.36,18.0,0.8,0.4,0.5,1.9,4.0,4.7,3.4,5.0,2.2,18.0,0.8,0.4,0.5,-21.9,-5.6,3.5,-8.2,5.0,14.3,18.0,0.8,0.4,0.5,0.0,20.9,62.3,33.5,5.0,47.5,18.0,0.8,0.4,0.5,0.27,1.05,1.62,0.95,4.0,0.95,20.0,0.8,0.3,0.6,-0.9,1.9,4.5,1.8,4.0,3.2,20.0,0.8,0.3,0.6,4.8,6.22,6.96,5.9,4.0,1.45,20.0,0.8,0.3,0.6,5.8,22.5,35.5,20.7,4.0,17.8,20.0,0.8,0.3,0.6,-77.9,-27.7,30.3,-23.6,5.0,74.1,18.0,0.8,0.4,0.5,0.0,99.7,212.4,113.1,5.0,128.3,18.0,0.8,0.4,0.5,-47.9,-8.7,32.3,-7.8,4.0,56.5,20.0,0.8,0.3,0.6,0.0,31.7,82.0,40.6,4.0,49.1,20.0,0.8,0.3,0.6,-17.9,-2.9,6.4,-5.7,4.0,17.3,20.0,0.8,0.3,0.6,0.0,12.2,28.6,14.2,4.0,16.7,20.0,0.8,0.3,0.6,19.0,185.0,577.5,332.0,5.0,525.5,18.0,0.8,0.4,0.5,20.0,185.0,580.0,330.0,5.0,525.0,18.0,0.8,0.4,0.5
1974,2,108.0,-15.0,27.57,28.4,28.81,28.2,4.0,0.86,12.0,0.3,0.1,0.6,27.38,28.2,29.04,28.18,5.0,1.26,12.0,0.4,0.1,0.5,16.27,17.27,19.19,17.68,5.0,1.72,12.0,0.4,0.1,0.5,66.4,75.7,81.8,74.1,5.0,9.3,12.0,0.4,0.5,2.42,2.6,5.32,3.62,5.0,1.65,12.0,0.4,0.1,0.5,-0.71,0.0,0.89,-0.03,5.0,1.16,12.0,0.4,0.1,0.5,2.32,2.44,5.19,3.49,5.0,1.6,12.0,0.4,0.1,0.5,1006.1,1008.0,1008.89,1007.7,5.0,1.67,12.0,0.4,0.1,0.5,2.6,4.0,5.1,4.0,5.0,1.9,12.0,0.4,0.1,0.5,-4.1,0.0,2.3,-1.3,5.0,5.6,12.0,0.4,0.1,0.5,5.6,6.4,27.7,14.7,5.0,12.5,12.0,0.4,0.1,0.5,-0.63,0.2,0.56,-0.02,4.0,0.83,12.0,0.3,0.1,0.6,-1.3,0.5,1.4,0.1,4.0,1.9,12.0,0.3,0.1,0.6,4.52,5.89,7.77,6.13,4.0,2.09,12.0,0.3,0.1,0.6,15.2,17.9,19.4,17.3,4.0,2.9,12.0,0.3,0.1,0.6,-19.9,0.0,24.1,-1.2,5.0,32.3,12.0,0.4,0.1,0.5,63.6,69.9,146.1,98.1,5.0,44.7,12.0,0.4,0.1,0.5,-11.8,0.0,15.8,-0.1,5.0,19.7,12.0,0.4,0.1,0.5,38.9,45.5,93.7,62.4,5.0,31.0,12.0,0.4,0.1,0.5,0.0,2.3,5.3,2.6,4.0,3.1,12.0,0.3,0.1,0.6,14.3,17.4,19.4,16.9,4.0,3.3,12.0,0.3,0.1,0.6,14.5,17.5,152.0,72.5,5.0,81.0,12.0,0.4,0.1,0.5,15.0,20.0,150.0,70.0,5.0,80.0,12.0,0.4,0.1,0.5
1974,2,108.0,-14.0,28.5,28.5,28.5,28.5,1.0,0.0,12.0,1.0,0.3,0.3,26.7,26.7,26.7,26.7,1.0,0.0,12.0,1.0,0.3,0.3,15.54,15.54,15.54,15.54,1.0,0.0,12.0,1.0,0.3,0.3,71.0,71.0,71.0,71.0,1.0,0.0,12.0,1.0,0.3,5.1,5.1,5.1,5.1,1.0,0.0,12.0,1.0,0.3,0.3,2.55,2.55,2.55,2.55,1.0,0.0,12.0,1.0,0.3,0.3,4.42,4.42,4.42,4.42,1.0,0.0,12.0,1.0,0.3,0.3,1009.3,1009.3,1009.3,1009.3,1.0,0.0,12.0,1.0,0.3,0.3,7.0,7.0,7.0,7.0,1.0,0.0,12.0,1.0,0.3,0.3,13.0,13.0,13.0,13.0,1.0,0.0,12.0,1.0,0.3,0.3,22.5,22.5,22.5,22.5,1.0,0.0,12.0,1.0,0.3,0.3,1.8,1.8,1.8,1.8,1.0,0.0,12.0,1.0,0.3,0.3,9.2,9.2,9.2,9.2,1.0,0.0,12.0,1.0,0.3,0.3,8.93,8.93,8.93,8.93,1.0,0.0,12.0,1.0,0.3,0.3,45.5,45.5,45.5,45.5,1.0,0.0,12.0,1.0,0.3,0.3,68.1,68.1,68.1,68.1,1.0,0.0,12.0,1.0,0.3,0.3,117.9,117.9,117.9,117.9,1.0,0.0,12.0,1.0,0.3,0.3,39.6,39.6,39.6,39.6,1.0,0.0,12.0,1.0,0.3,0.3,68.6,68.6,68.6,68.6,1.0,0.0,12.0,1.0,0.3,0.3,22.8,22.8,22.8,22.8,1.0,0.0,12.0,1.0,0.3,0.3,39.4,39.4,39.4,39.4,1.0,0.0,12.0,1.0,0.3,0.3,132.5,132.5,132.5,132.5,1.0,0.0,12.0,1.0,0.3,0.3,135.0,135.0,135.0,135.0,1.0,0.0,12.0,1.0,0.3,0.3
1974,2,108.0,-9.0,28.7,28.7,28.7,28.7,1.0,0.0,10.0,0.0,0.8,0.7,27.8,27.8,27.8,27.8,1.0,0.0,10.0,0.0,0.8,0.7,16.52,16.52,16.52,16.52,1.0,0.0,10.0,0.0,0.8,0.7,70.7,70.7,70.7,70.7,1.0,0.0,10.0,0.0,0.7,7.0,7.0,7.0,7.0,1.0,0.0,10.0,0.0,0.8,0.7,-4.5,-4.5,-4.5,-4.5,1.0,0.0,10.0,0.0,0.8,0.7,-5.36,-5.36,-5.36,-5.36,1.0,0.0,10.0,0.0,0.8,0.7,1009.5,1009.5,1009.5,1009.5,1.0,0.0,10.0,0.0,0.8,0.7,7.0,7.0,7.0,7.0,1.0,0.0,10.0,0.0,0.8,0.7,-31.5,-31.5,-31.5,-31.5,1.0,0.0,10.0,0.0,0.8,0.7,-37.5,-37.5,-37.5,-37.5,1.0,0.0,10.0,0.0,0.8,0.7,0.9,0.9,0.9,0.9,1.0,0.0,10.0,0.0,0.8,0.7,6.3,6.3,6.3,6.3,1.0,0.0,10.0,0.0,0.8,0.7,8.23,8.23,8.23,8.23,1.0,0.0,10.0,0.0,0.8,0.7,57.6,57.6,57.6,57.6,1.0,0.0,10.0,0.0,0.8,0.7,-125.1,-125.1,-125.1,-125.1,1.0,0.0,10.0,0.0,0.8,0.7,-149.1,-149.1,-149.1,-149.1,1.0,0.0,10.0,0.0,0.8,0.7,-74.4,-74.4,-74.4,-74.4,1.0,0.0,10.0,0.0,0.8,0.7,-88.6,-88.6,-88.6,-88.6,1.0,0.0,10.0,0.0,0.8,0.7,-37.0,-37.0,-37.0,-37.0,1.0,0.0,10.0,0.0,0.8,0.7,-44.1,-44.1,-44.1,-44.1,1.0,0.0,10.0,0.0,0.8,0.7,343.0,343.0,343.0,343.0,1.0,0.0,10.0,0.0,0.8,0.7,345.0,345.0,345.0,345.0,1.0,0.0,10.0,0.0,0.8,0.7
1974,2,108.0,-8.0,27.03,27.1,27.17,27.1,2.0,0.14,12.0,1.0,0.6,0.2,25.39,25.8,25.94,25.67,3.0,0.42,16.0,0.7,0.4,0.4,16.9,17.04,18.19,17.53,3.0,1.04,16.0,0.7,0.4,0.4,80.7,82.0,89.6,85.1,3.0,7.0,16.0,0.7,0.4,2.89,4.6,4.94,3.93,3.0,1.61,16.0,0.7,0.4,0.4,-3.72,-1.97,2.8,-0.49,3.0,4.95,16.0,0.7,0.4,0.4,-0.86,-0.8,-0.74,-0.8,3.0,0.08,16.0,0.7,0.4,0.4,1007.66,1009.5,1009.5,1008.6,3.0,1.56,16.0,0.7,0.4,0.4,2.9,7.0,7.0,5.0,3.0,3.5,16.0,0.7,0.4,0.4,-15.5,-4.1,16.2,0.2,3.0,23.5,16.0,0.7,0.4,0.4,-4.2,-3.7,-2.2,-3.2,3.0,1.6,16.0,0.7,0.4,0.4,1.06,1.2,1.34,1.2,2.0,0.28,12.0,1.0,0.6,0.2,2.9,4.6,6.3,4.6,2.0,3.6,12.0,1.0,0.6,0.2,5.55,5.57,5.59,5.57,2.0,0.04,12.0,1.0,0.6,0.2,14.3,20.1,25.9,20.1,2.0,12.0,12.0,1.0,0.6,0.2,-94.2,-51.3,72.2,-12.0,3.0,126.5,16.0,0.7,0.4,0.4,-22.0,-20.1,-19.1,-20.6,3.0,2.1,16.0,0.7,0.4,0.4,-68.5,-33.2,47.9,-10.8,3.0,87.4,16.0,0.7,0.4,0.4,-15.0,-15.0,-13.0,-14.0,3.0,1.7,16.0,0.7,0.4,0.4,-4.7,8.6,21.9,8.6,2.0,27.6,12.0,1.0,0.6,0.2,-4.8,-4.5,-4.1,-4.5,2.0,0.7,12.0,1.0,0.6,0.2,37.0,97.5,121.5,79.5,3.0,63.5,16.0,0.7,0.4,0.4,35.0,95.0,120.0,80.0,3.0,65.0,16.0,0.7,0.4,0.4
1974,2,108.0,-7.0,26.8,26.8,26.8,26.8,1.0,0.0,22.0,0.0,0.2,1.0,26.6,26.6,26.6,26.6,1.0,0.0,22.0,0.0,0.2,1.0,17.74,17.74,17.74,17.74,1.0,0.0,22.0,0.0,0.2,1.0,81.1,81.1,81.1,81.1,1.0,0.0,22.0,0.0,1.0,9.3,9.3,9.3,9.3,1.0,0.0,22.0,0.0,0.2,1.0,9.16,9.16,9.16,9.16,1.0,0.0,22.0,0.0,0.2,1.0,-1.61,-1.61,-1.61,-1.61,1.0,0.0,22.0,0.0,0.2,1.0,1006.0,1006.0,1006.0,1006.0,1.0,0.0,22.0,0.0,0.2,1.0,8.0,8.0,8.0,8.0,1.0,0.0,22.0,0.0,0.2,1.0,85.2,85.2,85.2,85.2,1.0,0.0,22.0,0.0,0.2,1.0,-15.0,-15.0,-15.0,-15.0,1.0,0.0,22.0,0.0,0.2,1.0,0.2,0.2,0.2,0.2,1.0,0.0,22.0,0.0,0.2,1.0,1.9,1.9,1.9,1.9,1.0,0.0,22.0,0.0,0.2,1.0,4.45,4.45,4.45,4.45,1.0,0.0,22.0,0.0,0.2,1.0,41.4,41.4,41.4,41.4,1.0,0.0,22.0,0.0,0.2,1.0,243.6,243.6,243.6,243.6,1.0,0.0,22.0,0.0,0.2,1.0,-43.0,-43.0,-43.0,-43.0,1.0,0.0,22.0,0.0,0.2,1.0,162.5,162.5,162.5,162.5,1.0,0.0,22.0,0.0,0.2,1.0,-28.7,-28.7,-28.7,-28.7,1.0,0.0,22.0,0.0,0.2,1.0,40.7,40.7,40.7,40.7,1.0,0.0,22.0,0.0,0.2,1.0,-7.2,-7.2,-7.2,-7.2,1.0,0.0,22.0,0.0,0.2,1.0,804.5,804.5,804.5,804.5,1.0,0.0,22.0,0.0,0.2,1.0,805.0,805.0,805.0,805.0,1.0,0.0,22.0,0.0,0.2,1.0
1974,2,108.0,-3.0,26.67,27.05,27.43,27.05,2.0,0.78,22.0,0.5,0.2,0.5,26.29,26.9,27.51,26.9,2.0,1.27,22.0,0.5,0.2,0.5,20.0,20.0,20.0,20.0,1.0,0.0,26.0,1.0,0.4,0.3,85.3,85.3,85.3,85.3,1.0,0.0,26.0,1.0,0.3,3.68,3.85,4.02,3.85,2.0,0.35,22.0,0.5,0.2,0.5,-0.16,1.02,2.21,1.02,2.0,2.45,22.0,0.5,0.2,0.5,-3.76,-3.18,-2.59,-3.18,2.0,1.22,22.0,0.5,0.2,0.5,1007.1,1007.3,1007.5,1007.3,2.0,0.42,22.0,0.5,0.2,0.5,8.0,8.0,8.0,8.0,2.0,0.0,22.0,0.5,0.2,0.5,-0.9,3.5,7.9,3.5,2.0,9.1,22.0,0.5,0.2,0.5,-15.2,-12.4,-9.6,-12.4,2.0,5.8,22.0,0.5,0.2,0.5,-0.09,0.15,0.39,0.15,2.0,0.49,22.0,0.5,0.2,0.5,-0.3,0.7,1.6,0.7,2.0,2.0,22.0,0.5,0.2,0.5,3.23,3.23,3.23,3.23,1.0,0.0,26.0,1.0,0.4,0.3,11.6,11.6,11.6,11.6,1.0,0.0,26.0,1.0,0.4,0.3,-3.4,29.1,61.6,29.1,2.0,67.3,22.0,0.5,0.2,0.5,-98.5,-84.7,-70.8,-84.7,2.0,28.7,22.0,0.5,0.2,0.5,55.2,55.2,55.2,55.2,1.0,0.0,26.0,1.0,0.4,0.3,-46.3,-46.3,-46.3,-46.3,1.0,0.0,26.0,1.0,0.4,0.3,8.9,8.9,8.9,8.9,1.0,0.0,26.0,1.0,0.4,0.3,-7.5,-7.5,-7.5,-7.5,1.0,0.0,26.0,1.0,0.4,0.3,50.0,58.0,65.5,58.0,2.0,15.5,22.0,0.5,0.2,0.5,50.0,60.0,65.0,60.0,2.0,15.0,22.0,0.5,0.2,0.5
1974,2,108.0,-2.0,27.72,27.75,27.78,27.75,2.0,0.07,12.0,0.5,0.6,0.3,26.74,27.25,27.76,27.25,2.0,1.06,12.0,0.5,0.6,0.3,18.5,18.59,18.69,18.59,2.0,0.2,12.0,0.5,0.6,0.3,79.9,82.0,84.1,82.0,2.0,4.4,12.0,0.5,0.3,0.98,3.1,4.87,2.93,3.0,2.85,12.0,0.7,0.5,0.4,-1.95,0.0,2.08,0.07,3.0,2.95,12.0,0.7,0.5,0.4,-3.37,0.0,0.37,-1.47,3.0,3.02,12.0,0.7,0.5,0.4,1006.97,1008.4,1009.15,1008.07,3.0,1.63,12.0,0.7,0.5,0.4,5.0,7.0,7.7,6.3,3.0,2.1,12.0,0.7,0.5,0.4,-11.1,0.0,6.5,-2.3,3.0,13.0,12.0,0.7,0.5,0.4,-19.2,0.0,1.1,-8.8,3.0,16.7,12.0,0.7,0.5,0.4,0.02,0.5,0.98,0.5,2.0,0.99,12.0,0.5,0.6,0.3,-0.5,-0.3,-0.1,-0.3,2.0,0.4,12.0,0.5,0.6,0.3,4.82,4.84,4.86,4.84,2.0,0.05,12.0,0.5,0.6,0.3,2.4,7.4,12.5,7.4,2.0,10.5,12.0,0.5,0.6,0.3,13.6,42.7,71.9,42.7,2.0,60.4,12.0,0.5,0.6,0.3,2.4,7.5,12.7,7.5,2.0,10.7,12.0,0.5,0.6,0.3,9.1,28.6,48.1,28.6,2.0,40.4,12.0,0.5,0.6,0.3,1.6,5.0,8.5,5.0,2.0,7.1,12.0,0.5,0.6,0.3,2.3,7.3,12.3,7.3,2.0,10.4,12.0,0.5,0.6,0.3,0.4,1.3,2.2,1.3,2.0,1.8,12.0,0.5,0.6,0.3,9.5,30.0,136.0,71.5,3.0,99.5,12.0,0.7,0.5,0.4,10.0,30.0,135.0,70.0,3.0,100.0,12.0,0.7,0.5,0.4
1974,2,108.0,-1.0,26.75,27.3,27.85,27.3,2.0,1.13,10.0,0.5,0.0,0.7,26.29,26.9,27.51,26.9,2.0,1.27,10.0,0.5,0.0,0.7,17.61,18.1,18.59,18.1,2.0,1.02,10.0,0.5,0.0,0.7,80.7,81.4,82.2,81.4,2.0,1.6,10.0,0.5,0.7,1.06,3.35,5.64,3.35,2.0,4.74,10.0,0.5,0.0,0.7,0.36,1.15,1.93,1.15,2.0,1.62,10.0,0.5,0.0,0.7,-5.3,-3.15,-1.0,-3.15,2.0,4.45,10.0,0.5,0.0,0.7,1007.92,1007.95,1007.98,1007.95,2.0,0.07,10.0,0.5,0.0,0.7,6.3,7.0,7.7,7.0,2.0,1.4,10.0,0.5,0.0,0.7,2.4,7.7,12.9,7.7,2.0,10.9,10.0,0.5,0.0,0.7,-35.5,-21.1,-6.7,-21.1,2.0,29.8,10.0,0.5,0.0,0.7,0.33,0.4,0.47,0.4,2.0,0.14,10.0,0.5,0.0,0.7,0.5,1.7,2.8,1.7,2.0,2.4,10.0,0.5,0.0,0.7,4.48,4.74,4.99,4.74,2.0,0.52,10.0,0.5,0.0,0.7,4.6,14.6,24.6,14.6,2.0,20.7,10.0,0.5,0.0,0.7,9.5,29.8,50.1,29.8,2.0,42.1,10.0,0.5,0.0,0.7,-137.7,-81.8,-26.0,-81.8,2.0,115.7,10.0,0.5,0.0,0.7,6.3,19.9,33.5,19.9,2.0,28.2,10.0,0.5,0.0,0.7,-92.1,-54.7,-17.4,-54.7,2.0,77.4,10.0,0.5,0.0,0.7,1.6,5.0,8.4,5.0,2.0,7.1,10.0,0.5,0.0,0.7,-23.1,-13.7,-4.4,-13.7,2.0,19.4,10.0,0.5,0.0,0.7,47.5,150.5,253.0,150.5,2.0,212.5,10.0,0.5,0.0,0.7,50.0,150.0,255.0,150.0,2.0,215.0,10.0,0.5,0.0,0.7
1974,2,108.0,0.0,25.66,26.0,26.0,25.83,3.0,0.29,14.0,0.3,0.3,0.4,25.88,26.7,29.16,27.5,3.0,2.5,14.0,0.3,0.3,0.4,16.95,17.12,17.28,17.12,2.0,0.34,16.0,0.0,0.3,0.5,79.7,80.8,82.0,80.8,2.0,2.3,16.0,0.0,0.5,3.67,4.9,6.13,4.9,2.0,2.55,16.0,0.0,0.3,0.5,-1.63,-0.04,1.55,-0.04,2.0,3.3,16.0,0.0,0.3,0.5,-5.61,-4.14,-2.68,-4.14,2.0,3.04,16.0,0.0,0.3,0.5,1007.4,1008.25,1009.1,1008.25,2.0,1.77,16.0,0.0,0.3,0.5,0.0,0.0,5.5,2.7,3.0,4.6,14.0,0.3,0.3,0.4,-3.8,4.0,11.7,4.0,2.0,16.1,16.0,0.0,0.3,0.5,-36.5,-24.2,-11.9,-24.2,2.0,25.5,16.0,0.0,0.3,0.5,-3.32,-1.2,-0.04,-1.67,3.0,2.43,14.0,0.3,0.3,0.4,-2.6,-0.2,2.2,-0.2,2.0,5.0,16.0,0.0,0.3,0.5,3.28,3.68,4.07,3.68,2.0,0.82,16.0,0.0,0.3,0.5,12.6,19.1,25.5,19.1,2.0,13.4,16.0,0.0,0.3,0.5,-44.1,-2.5,39.1,-2.5,2.0,86.2,16.0,0.0,0.3,0.5,-143.5,-106.9,-70.2,-106.9,2.0,75.9,16.0,0.0,0.3,0.5,-28.5,-1.3,26.0,-1.3,2.0,56.5,16.0,0.0,0.3,0.5,-94.9,-70.4,-46.0,-70.4,2.0,50.7,16.0,0.0,0.3,0.5,-4.6,1.2,7.0,1.2,2.0,12.1,16.0,0.0,0.3,0.5,-23.5,-16.5,-9.4,-16.5,2.0,14.6,16.0,0.0,0.3,0.5,73.0,165.5,258.0,165.5,2.0,191.5,16.0,0.0,0.3,0.5,75.0,165.0,260.0,165.0,2.0,190.0,16.0,0.0,0.3,0.5
1974,2,108.0,1.0,25.63,26.3,26.62,26.14,5.0,0.73,12.0,0.8,0.5,0.3,26.0,26.0,28.1,27.0,4.0,2.0,12.0,1.0,0.4,0.2,17.46,17.69,17.85,17.66,3.0,0.28,12.0,1.0,0.5,0.2,83.0,84.1,84.8,83.9,3.0,1.3,12.0,1.0,0.2,3.79,5.9,8.06,5.93,4.0,2.81,12.0,1.0,0.4,0.2,-2.96,-0.72,1.4,-0.77,4.0,2.52,12.0,1.0,0.4,0.2,-7.94,-5.25,-1.86,-4.92,4.0,3.92,12.0,1.0,0.4,0.2,1008.63,1009.1,1009.52,1009.06,5.0,0.69,12.0,0.8,0.5,0.3,6.2,8.0,8.0,7.0,5.0,2.2,12.0,0.8,0.5,0.3,-12.0,0.5,11.6,-0.2,4.0,14.3,12.0,1.0,0.4,0.2,-65.7,-32.1,-9.5,-37.3,4.0,36.7,12.0,1.0,0.4,0.2,-1.57,0.15,0.35,-0.57,4.0,1.63,12.0,1.0,0.4,0.2,-8.0,1.0,2.9,-2.4,4.0,8.7,12.0,1.0,0.4,0.2,3.37,3.78,4.09,3.73,3.0,0.53,12.0,1.0,0.5,0.2,13.7,25.3,34.9,24.3,3.0,15.6,12.0,1.0,0.5,0.2,-83.7,-18.7,36.4,-23.4,4.0,70.1,12.0,1.0,0.4,0.2,-206.4,-144.4,-55.8,-131.7,4.0,100.8,12.0,1.0,0.4,0.2,-25.3,20.6,25.7,0.7,3.0,41.1,12.0,1.0,0.5,0.2,-145.6,-116.7,-37.0,-91.9,3.0,82.4,12.0,1.0,0.5,0.2,-4.3,4.4,6.1,1.0,3.0,8.1,12.0,1.0,0.5,0.2,-34.4,-25.0,-7.9,-21.2,3.0,19.6,12.0,1.0,0.5,0.2,72.5,216.5,564.5,314.0,4.0,347.0,12.0,1.0,0.4,0.2,70.0,215.0,565.0,315.0,4.0,345.0,12.0,1.0,0.4,0.2
1974,2,108.0,2.0,24.95,26.0,26.68,25.8,5.0,1.15,16.0,0.4,0.3,0.6,25.35,26.0,26.43,25.94,5.0,0.72,16.0,0.4,0.3,0.6,16.91,17.28,17.65,17.28,2.0,0.77,12.0,0.0,0.2,0.5,80.0,81.8,83.7,81.8,2.0,3.9,12.0,0.0,0.5,4.92,5.1,10.11,7.02,5.0,2.87,16.0,0.4,0.3,0.6,-5.62,-3.91,-1.51,-3.44,5.0,3.05,16.0,0.4,0.3,0.6,-8.12,-4.32,-3.68,-5.62,5.0,2.51,16.0,0.4,0.3,0.6,1008.21,1009.0,1010.05,1009.13,4.0,1.44,18.0,0.5,0.2,0.6,3.2,6.0,7.4,5.2,5.0,3.1,16.0,0.4,0.3,0.6,-57.1,-19.9,-8.0,-29.3,5.0,29.0,16.0,0.4,0.3,0.6,-82.2,-19.9,-18.7,-45.0,5.0,36.2,16.0,0.4,0.3,0.6,-1.04,-0.6,0.87,-0.14,5.0,1.11,16.0,0.4,0.3,0.6,-10.6,-3.1,4.3,-2.9,5.0,8.0,16.0,0.4,0.3,0.6,3.76,3.83,3.9,3.83,2.0,0.15,12.0,0.0,0.2,0.5,18.3,18.6,18.9,18.6,2.0,0.6,12.0,0.0,0.2,0.5,-147.2,-102.0,-38.1,-89.0,5.0,78.8,16.0,0.4,0.3,0.6,-210.0,-112.4,-94.5,-146.1,5.0,67.2,16.0,0.4,0.3,0.6,-50.6,-18.7,13.2,-18.7,2.0,66.1,12.0,0.0,0.2,0.5,-73.5,-66.0,-58.4,-66.0,2.0,15.7,12.0,0.0,0.2,0.5,-11.3,-4.2,2.9,-4.2,2.0,14.7,12.0,0.0,0.2,0.5,-16.3,-14.6,-13.0,-14.6,2.0,3.4,12.0,0.0,0.2,0.5,120.0,132.5,1034.0,491.0,5.0,508.0,16.0,0.4,0.3,0.6,120.0,135.0,1035.0,490.0,5.0,510.0,16.0,0.4,0.3,0.6
1974,2,108.0,3.0,25.0,25.5,26.36,25.56,8.0,0.73,12.0,0.4,0.6,0.3,25.61,25.95,27.71,26.41,8.0,1.16,12.0,0.4,0.6,0.3,17.82,18.29,18.64,18.22,7.0,0.56,10.0,0.4,0.5,0.3,78.2,86.1,89.8,83.7,7.0,5.8,10.0,0.4,0.3,4.05,5.1,10.9,6.61,7.0,3.72,12.0,0.4,0.6,0.4,-2.58,-2.24,-1.76,-1.93,7.0,1.17,12.0,0.4,0.6,0.4,-10.73,-4.42,-3.03,-6.11,7.0,3.94,12.0,0.4,0.6,0.4,1007.64,1009.5,1012.48,1009.96,8.0,2.72,12.0,0.4,0.6,0.3,6.1,7.5,8.0,6.9,8.0,1.7,12.0,0.4,0.6,0.3,-20.7,-12.9,-10.0,-13.6,7.0,9.4,12.0,0.4,0.6,0.4,-117.2,-22.5,-10.7,-52.9,7.0,61.1,12.0,0.4,0.6,0.4,-2.68,-0.5,0.68,-0.85,8.0,1.6,12.0,0.4,0.6,0.3,-27.4,-3.4,2.3,-10.3,7.0,15.6,12.0,0.4,0.6,0.4,1.77,2.12,2.84,2.24,7.0,0.56,10.0,0.4,0.5,0.3,9.3,11.1,19.3,13.2,6.0,4.8,12.0,0.5,0.6,0.3,-65.0,-59.3,-46.9,-51.6,7.0,31.6,12.0,0.4,0.6,0.4,-290.3,-110.4,-78.3,-163.4,7.0,110.8,12.0,0.4,0.6,0.4,-44.6,-37.9,-23.8,-32.9,6.0,22.8,12.0,0.5,0.6,0.3,-194.7,-83.5,-55.2,-114.9,6.0,75.8,12.0,0.5,0.6,0.3,-5.8,-3.6,-2.3,-3.5,6.0,2.9,12.0,0.5,0.6,0.3,-19.0,-10.0,-8.5,-12.2,6.0,5.6,12.0,0.5,0.6,0.3,67.0,132.5,1302.0,560.0,7.0,823.5,12.0,0.4,0.6,0.4,65.0,135.0,1300.0,560.0,7.0,825.0,12.0,0.4,0.6,0.4
1974,2,108.0,4.0,25.27,25.85,26.43,25.85,2.0,1.2,10.0,0.5,0.6,0.6,26.07,27.95,29.83,27.95,2.0,3.89,10.0,0.5,0.6,0.6,16.77,16.77,16.77,16.77,1.0,0.0,14.0,1.0,0.4,0.7,84.0,84.0,84.0,84.0,1.0,0.0,14.0,1.0,0.7,6.75,6.85,6.95,6.85,2.0,0.21,10.0,0.5,0.6,0.6,-4.87,-3.83,-2.78,-3.83,2.0,2.17,10.0,0.5,0.6,0.6,-6.01,-5.4,-4.78,-5.4,2.0,1.27,10.0,0.5,0.6,0.6,1013.2,1013.2,1013.2,1013.2,1.0,0.0,14.0,1.0,0.4,0.7,7.2,7.5,7.8,7.5,2.0,0.7,10.0,0.5,0.6,0.6,-34.0,-26.4,-18.9,-26.4,2.0,15.7,10.0,0.5,0.6,0.6,-40.5,-36.8,-33.2,-36.8,2.0,7.6,10.0,0.5,0.6,0.6,-4.56,-2.1,0.36,-2.1,2.0,5.09,10.0,0.5,0.6,0.6,-32.0,-14.9,2.1,-14.9,2.0,35.3,10.0,0.5,0.6,0.6,5.13,5.13,5.13,5.13,1.0,0.0,14.0,1.0,0.4,0.7,34.4,34.4,34.4,34.4,1.0,0.0,14.0,1.0,0.4,0.7,-147.7,-111.2,-74.7,-111.2,2.0,75.6,10.0,0.5,0.6,0.6,-155.4,-148.4,-141.4,-148.4,2.0,14.5,10.0,0.5,0.6,0.6,-38.4,-38.4,-38.4,-38.4,1.0,0.0,14.0,1.0,0.4,0.7,-105.6,-105.6,-105.6,-105.6,1.0,0.0,14.0,1.0,0.4,0.7,-11.7,-11.7,-11.7,-11.7,1.0,0.0,14.0,1.0,0.4,0.7,-32.3,-32.3,-32.3,-32.3,1.0,0.0,14.0,1.0,0.4,0.7,307.5,322.0,336.5,322.0,2.0,30.0,10.0,0.5,0.6,0.6,305.0,320.0,335.0,320.0,2.0,30.0,10.0,0.5,0.6,0.6
1974,2,108.0,5.0,24.76,25.4,25.75,25.24,5.0,0.75,14.0,0.4,0.7,0.5,24.93,25.5,27.27,26.14,5.0,1.84,14.0,0.4,0.7,0.5,17.66,17.77,17.83,17.74,3.0,0.12,14.0,0.3,0.6,0.4,85.0,87.1,88.9,87.0,3.0,2.8,14.0,0.3,0.4,4.23,4.6,6.89,5.58,5.0,2.53,14.0,0.4,0.7,0.5,-4.58,-3.52,-2.46,-3.67,5.0,1.64,14.0,0.4,0.7,0.5,-5.6,-2.96,-2.88,-4.15,5.0,2.07,14.0,0.4,0.7,0.5,1006.66,1007.5,1009.07,1007.85,4.0,1.92,14.0,0.3,0.7,0.4,3.0,6.0,7.4,5.4,5.0,2.3,14.0,0.4,0.7,0.5,-33.8,-16.2,-11.3,-23.6,5.0,23.0,14.0,0.4,0.7,0.5,-42.3,-13.6,-12.3,-27.3,5.0,28.0,14.0,0.4,0.7,0.5,-2.25,-0.1,0.62,-0.9,5.0,2.52,14.0,0.4,0.7,0.5,-20.8,-0.4,3.0,-9.7,5.0,24.3,14.0,0.4,0.7,0.5,2.53,2.55,2.71,2.62,3.0,0.15,14.0,0.3,0.6,0.4,9.9,11.6,12.4,11.2,3.0,1.8,14.0,0.3,0.6,0.4,-127.2,-87.4,-62.0,-98.1,5.0,52.4,14.0,0.4,0.7,0.5,-152.1,-77.2,-72.2,-111.1,5.0,65.4,14.0,0.4,0.7,0.5,-62.4,-62.0,-47.9,-55.3,3.0,12.1,14.0,0.3,0.6,0.4,-52.4,-52.1,-50.1,-51.3,3.0,1.8,14.0,0.3,0.6,0.4,-9.5,-8.9,-6.8,-8.2,3.0,2.0,14.0,0.3,0.6,0.4,-8.0,-7.4,-7.2,-7.6,3.0,0.6,14.0,0.3,0.6,0.4,79.0,97.5,449.5,275.0,5.0,406.5,14.0,0.4,0.7,0.5,80.0,95.0,450.0,275.0,5.0,405.0,14.0,0.4,0.7,0.5
1974,2,108.0,6.0,24.57,25.5,27.0,25.77,43.0,1.35,16.0,0.4,0.3,0.6,24.4,25.2,26.77,25.57,47.0,1.5,16.0,0.4,0.3,0.6,15.71,17.55,18.81,17.39,39.0,1.68,16.0,0.5,0.3,0.6,77.6,83.4,91.9,84.0,39.0,6.8,16.0,0.5,0.6,2.51,7.85,11.89,7.4,44.0,4.27,16.0,0.4,0.3,0.6,-6.31,-3.69,-1.33,-3.81,44.0,2.35,16.0,0.4,0.3,0.6,-10.62,-5.71,-1.78,-6.09,44.0,3.99,16.0,0.4,0.3,0.6,1008.29,1010.6,1012.5,1010.42,47.0,2.42,16.0,0.4,0.3,0.6,3.0,6.0,8.0,5.7,42.0,2.1,16.0,0.4,0.3,0.6,-75.1,-29.6,-4.1,-36.3,44.0,33.1,16.0,0.4,0.3,0.6,-121.9,-44.3,-3.7,-61.3,44.0,58.9,16.0,0.4,0.3,0.6,-1.33,0.1,2.0,0.14,43.0,1.81,16.0,0.4,0.3,0.6,-9.7,0.0,9.9,0.6,40.0,16.2,16.0,0.4,0.3,0.6,1.52,3.12,4.67,3.17,36.0,1.52,16.0,0.5,0.3,0.6,5.3,18.4,46.8,24.7,35.0,20.3,16.0,0.5,0.3,0.6,-160.0,-90.4,-33.5,-96.6,44.0,58.5,16.0,0.4,0.3,0.6,-256.4,-147.0,-47.3,-153.7,44.0,99.1,16.0,0.4,0.3,0.6,-106.3,-62.1,-21.8,-62.7,38.0,38.0,16.0,0.4,0.3,0.6,-167.6,-100.2,-27.4,-101.8,38.0,66.1,16.0,0.4,0.3,0.6,-22.5,-10.6,-2.9,-11.9,35.0,9.1,16.0,0.5,0.3,0.6,-43.5,-14.0,-3.4,-21.0,35.0,18.9,16.0,0.5,0.3,0.6,16.0,484.5,1681.5,803.5,44.0,949.0,16.0,0.4,0.3,0.6,15.0,485.0,1680.0,805.0,44.0,950.0,16.0,0.4,0.3,0.6
1974,2,108.0,7.0,24.5,25.0,26.92,25.52,72.0,1.22,18.0,0.4,0.5,0.4,24.5,25.45,27.01,25.67,76.0,1.32,16.0,0.4,0.5,0.4,15.62,17.4,18.61,17.24,65.0,1.41,16.0,0.4,0.5,0.4,77.1,85.1,91.7,84.5,66.0,6.7,16.0,0.4,0.4,4.39,9.15,13.81,8.94,74.0,4.23,16.0,0.4,0.5,0.4,-8.29,-5.27,-1.88,-5.09,74.0,2.89,16.0,0.4,0.5,0.4,-10.81,-7.41,-2.49,-6.95,74.0,3.92,16.0,0.4,0.5,0.4,1008.39,1010.4,1012.0,1010.3,76.0,1.96,16.0,0.4,0.5,0.4,4.0,6.5,8.0,5.9,78.0,2.1,16.0,0.4,0.5,0.4,-117.0,-43.7,-7.3,-55.5,74.0,47.3,16.0,0.4,0.5,0.4,-145.4,-70.6,-11.2,-77.6,74.0,61.8,16.0,0.4,0.5,0.4,-1.48,0.0,1.59,-0.01,71.0,1.59,18.0,0.4,0.5,0.4,-11.7,0.0,13.7,-0.2,67.0,15.8,16.0,0.4,0.5,0.4,1.62,3.1,4.81,3.25,64.0,1.77,16.0,0.4,0.5,0.4,6.7,24.5,54.1,30.8,61.0,26.4,16.0,0.4,0.5,0.4,-226.4,-131.5,-43.9,-130.8,72.0,75.1,16.0,0.4,0.5,0.4,-278.6,-193.4,-61.1,-180.4,72.0,100.6,16.0,0.4,0.5,0.4,-143.3,-91.5,-38.0,-89.8,62.0,48.0,16.0,0.4,0.5,0.4,-189.4,-129.5,-45.2,-120.0,62.0,65.7,16.0,0.4,0.5,0.4,-31.2,-12.6,-4.5,-17.2,61.0,15.0,16.0,0.4,0.5,0.4,-43.8,-20.7,-3.8,-24.2,61.0,23.1,16.0,0.4,0.5,0.4,85.5,766.5,2646.5,1177.5,74.0,1173.0,16.0,0.4,0.5,0.4,85.0,765.0,2645.0,1175.0,74.0,1175.0,16.0,0.4,0.5,0.4
1974,2,108.0,8.0,24.6,25.4,27.01,25.69,26.0,1.22,18.0,0.5,0.8,0.3,24.35,25.8,26.55,25.71,31.0,1.5,18.0,0.5,0.8,0.3,15.49,17.25,18.59,17.18,27.0,1.72,18.0,0.5,0.8,0.3,75.1,82.0,90.6,83.3,27.0,7.2,18.0,0.5,0.3,4.6,11.55,15.4,10.59,30.0,5.31,18.0,0.5,0.7,0.3,-7.78,-5.54,-1.76,-5.54,30.0,3.31,18.0,0.5,0.7,0.3,-13.91,-9.31,-3.52,-8.75,30.0,4.73,18.0,0.5,0.7,0.3,1007.96,1010.0,1011.78,1009.91,30.0,1.64,18.0,0.5,0.7,0.3,3.6,6.0,8.0,5.7,30.0,2.0,18.0,0.5,0.7,0.3,-106.6,-72.2,-4.3,-71.5,30.0,65.4,18.0,0.5,0.7,0.3,-214.2,-110.4,-16.2,-116.2,30.0,92.8,18.0,0.5,0.7,0.3,-0.73,0.0,1.0,-0.14,26.0,1.33,18.0,0.5,0.8,0.3,-6.0,0.0,11.4,1.4,26.0,12.8,18.0,0.5,0.8,0.3,1.67,3.28,5.58,3.47,24.0,2.01,20.0,0.5,0.8,0.3,7.5,32.7,72.1,39.3,24.0,34.3,20.0,0.5,0.8,0.3,-197.2,-141.9,-48.5,-139.8,30.0,82.1,18.0,0.5,0.7,0.3,-344.7,-231.7,-90.8,-220.8,30.0,117.9,18.0,0.5,0.7,0.3,-131.8,-95.7,-34.1,-93.9,27.0,57.7,18.0,0.5,0.8,0.3,-229.4,-145.9,-65.6,-144.3,27.0,77.5,18.0,0.5,0.8,0.3,-32.9,-17.0,-2.9,-19.6,24.0,17.8,20.0,0.5,0.8,0.3,-62.4,-21.2,-5.7,-32.7,24.0,30.9,20.0,0.5,0.8,0.3,97.5,1543.0,3652.5,2020.0,30.0,2117.0,18.0,0.5,0.7,0.3,95.0,1545.0,3650.0,2020.0,30.0,2115.0,18.0,0.5,0.7,0.3
1974,2,108.0,9.0,24.4,25.15,26.2,25.36,20.0,1.42,12.0,0.7,0.5,0.4,23.81,24.65,25.2,24.8,20.0,1.16,12.0,0.8,0.5,0.4,14.95,16.06,17.37,16.31,14.0,1.92,12.0,0.6,0.5,0.3,79.4,83.6,90.7,83.6,14.0,7.3,12.0,0.6,0.3,4.95,10.3,18.0,11.16,18.0,5.29,12.0,0.7,0.5,0.3,-9.0,-6.22,-3.45,-6.27,18.0,3.5,12.0,0.7,0.5,0.3,-14.79,-8.78,-3.62,-8.82,18.0,4.85,12.0,0.7,0.5,0.3,1009.09,1010.5,1012.0,1010.5,21.0,1.93,12.0,0.7,0.5,0.3,3.0,5.0,8.0,4.9,21.0,2.4,12.0,0.7,0.5,0.3,-162.0,-51.0,-17.8,-84.1,18.0,78.1,12.0,0.7,0.5,0.3,-259.4,-90.5,-18.0,-121.4,18.0,104.8,12.0,0.7,0.5,0.3,-0.91,0.2,2.57,0.56,19.0,1.56,12.0,0.7,0.5,0.4,-7.9,0.7,24.9,6.7,16.0,19.2,12.0,0.8,0.5,0.4,1.73,3.17,4.64,3.0,13.0,1.79,14.0,0.6,0.5,0.3,9.7,18.3,66.8,32.0,11.0,30.6,14.0,0.6,0.5,0.3,-225.8,-161.5,-87.8,-159.9,17.0,87.0,12.0,0.8,0.5,0.4,-355.3,-242.0,-87.7,-225.1,17.0,117.3,12.0,0.8,0.5,0.4,-161.8,-116.5,-59.4,-111.9,12.0,57.4,14.0,0.7,0.5,0.3,-212.1,-147.8,-60.8,-137.4,12.0,68.1,14.0,0.7,0.5,0.3,-38.0,-12.0,-5.9,-19.3,11.0,21.5,14.0,0.6,0.5,0.3,-53.2,-14.0,-4.9,-24.3,11.0,23.3,14.0,0.6,0.5,0.3,122.0,1092.5,5832.0,2308.5,18.0,2539.5,12.0,0.7,0.5,0.3,120.0,1095.0,5830.0,2310.0,18.0,2540.0,12.0,0.7,0.5,0.3
1974,2,108.0,10.0,23.56,24.35,26.4,24.9,10.0,1.44,12.0,0.7,0.5,0.3,23.3,23.9,27.37,24.93,10.0,2.39,12.0,0.7,0.5,0.3,12.99,15.64,16.86,15.11,7.0,1.91,12.0,0.7,0.4,0.3,70.1,77.1,90.9,79.0,7.0,11.0,12.0,0.7,0.3,5.04,10.3,16.93,11.26,9.0,6.42,14.0,0.7,0.5,0.3,-10.08,-9.5,-3.35,-7.24,9.0,3.9,14.0,0.7,0.5,0.3,-12.97,-8.92,-1.61,-8.18,9.0,5.86,14.0,0.7,0.5,0.3,1009.04,1010.6,1012.69,1010.82,10.0,1.81,12.0,0.7,0.5,0.3,1.3,2.0,3.0,2.0,9.0,1.0,12.0,0.8,0.5,0.4,-172.9,-104.5,-20.4,-101.8,9.0,73.3,14.0,0.7,0.5,0.3,-220.3,-91.9,-8.5,-123.0,9.0,110.7,14.0,0.7,0.5,0.3,-2.73,0.5,2.11,-0.03,10.0,2.63,12.0,0.7,0.5,0.3,-10.8,0.0,25.6,10.4,9.0,28.1,14.0,0.7,0.5,0.3,2.96,4.41,4.86,3.87,7.0,1.22,12.0,0.7,0.4,0.3,28.4,59.4,78.7,55.0,6.0,27.4,14.0,0.7,0.4,0.3,-240.9,-219.8,-93.4,-172.7,9.0,89.0,14.0,0.7,0.5,0.3,-310.0,-228.4,-43.5,-194.3,9.0,136.0,14.0,0.7,0.5,0.3,-152.8,-131.5,-102.8,-130.2,6.0,31.8,14.0,0.7,0.4,0.3,-164.9,-150.6,-107.7,-132.8,6.0,52.0,14.0,0.7,0.4,0.3,-50.6,-45.9,-17.7,-37.5,6.0,18.5,14.0,0.7,0.4,0.3,-60.3,-40.0,-13.9,-37.9,6.0,25.0,14.0,0.7,0.4,0.3,316.5,1092.5,4899.0,2537.0,9.0,2452.5,14.0,0.7,0.5,0.3,315.0,1095.0,4900.0,2535.0,9.0,2450.0,14.0,0.7,0.5,0.3
1974,2,108.0,11.0,25.0,25.0,25.0,25.0,1.0,0.0,22.0,1.0,0.8,0.0,27.0,27.0,27.0,27.0,1.0,0.0,22.0,1.0,0.8,0.0,19.84,19.84,19.84,19.84,1.0,0.0,22.0,1.0,0.8,0.0,88.8,88.8,88.8,88.8,1.0,0.0,22.0,1.0,0.0,6.2,6.2,6.2,6.2,1.0,0.0,22.0,1.0,0.8,0.0,-5.83,-5.83,-5.83,-5.83,1.0,0.0,22.0,1.0,0.8,0.0,-2.12,-2.12,-2.12,-2.12,1.0,0.0,22.0,1.0,0.8,0.0,1009.5,1009.5,1009.5,1009.5,1.0,0.0,22.0,1.0,0.8,0.0,2.0,2.0,2.0,2.0,1.0,0.0,22.0,1.0,0.8,0.0,-36.1,-36.1,-36.1,-36.1,1.0,0.0,22.0,1.0,0.8,0.0,-13.1,-13.1,-13.1,-13.1,1.0,0.0,22.0,1.0,0.8,0.0,-2.0,-2.0,-2.0,-2.0,1.0,0.0,22.0,1.0,0.8,0.0,-12.4,-12.4,-12.4,-12.4,1.0,0.0,22.0,1.0,0.8,0.0,0.0,0.0,0.0,0.0,1.0,0.0,22.0,1.0,0.8,0.0,0.0,0.0,0.0,0.0,1.0,0.0,22.0,1.0,0.8,0.0,-157.3,-157.3,-157.3,-157.3,1.0,0.0,22.0,1.0,0.8,0.0,-57.3,-57.3,-57.3,-57.3,1.0,0.0,22.0,1.0,0.8,0.0,-115.6,-115.6,-115.6,-115.6,1.0,0.0,22.0,1.0,0.8,0.0,-42.1,-42.1,-42.1,-42.1,1.0,0.0,22.0,1.0,0.8,0.0,0.0,0.0,0.0,0.0,1.0,0.0,22.0,1.0,0.8,0.0,0.0,0.0,0.0,0.0,1.0,0.0,22.0,1.0,0.8,0.0,238.5,238.5,238.5,238.5,1.0,0.0,22.0,1.0,0.8,0.0,240.0,240.0,240.0,240.0,1.0,0.0,22.0,1.0,0.8,0.0
1974,2,108.0,14.0,,,,,,,,,,,,,,,,,,,,,,,,,,,,,,,,,,,,,,,,7.2,7.2,7.2,7.2,1.0,0.0,28.0,0.0,0.0,0.3,2.46,2.46,2.46,2.46,1.0,0.0,28.0,0.0,0.0,0.3,6.77,6.77,6.77,6.77,1.0,0.0,28.0,0.0,0.0,0.3,1008.0,1008.0,1008.0,1008.0,1.0,0.0,28.0,0.0,0.0,0.3,,,,,,,,,,,,,,,,,,,,,,,,,,,,,,,,,,,,,,,,,,,,,,,,,,,,,,,,,,,,,,,,,,,,,,,,,,,,,,,,,,,,,,,,,,,,,,,,,,,,,,,,,,,,,,,,,,,,,,,,,,,,,,,,,,,,,,,,,,,,,,,,,,,,,,
1974,2,108.0,15.0,,,,,,,,,,,,,,,,,,,,,,,,,,,,,,,,,,,,,,,,7.2,7.2,7.2,7.2,1.0,0.0,28.0,1.0,0.6,0.7,2.46,2.46,2.46,2.46,1.0,0.0,28.0,1.0,0.6,0.7,6.77,6.77,6.77,6.77,1.0,0.0,28.0,1.0,0.6,0.7,1007.0,1007.0,1007.0,1007.0,1.0,0.0,28.0,1.0,0.6,0.7,,,,,,,,,,,,,,,,,,,,,,,,,,,,,,,,,,,,,,,,,,,,,,,,,,,,,,,,,,,,,,,,,,,,,,,,,,,,,,,,,,,,,,,,,,,,,,,,,,,,,,,,,,,,,,,,,,,,,,,,,,,,,,,,,,,,,,,,,,,,,,,,,,,,,,
1974,2,108.0,16.0,,,,,,,,,,,,,,,,,,,,,,,,,,,,,,,,,,,,,,,,5.92,7.9,9.88,7.9,2.0,4.1,14.0,0.5,0.6,0.4,-2.12,0.24,2.6,0.24,2.0,4.88,14.0,0.5,0.6,0.4,-7.93,-3.16,1.61,-3.16,2.0,9.88,14.0,0.5,0.6,0.4,1008.57,1010.0,1011.43,1010.0,2.0,2.97,14.0,0.5,0.6,0.4,,,,,,,,,,,,,,,,,,,,,,,,,,,,,,,,,,,,,,,,,,,,,,,,,,,,,,,,,,,,,,,,,,,,,,,,,,,,,,,,,,,,,,,,,,,,,,,,,,,,,,,,,,,,,,,,,,,,,,,,,,,,,,,,,,,,,,,,,,,,,,,,,,,,,,
1974,2,108.0,17.0,,,,,,,,,,,,,,,,,,,,,,,,,,,,,,,,,,,,,,,,8.0,8.0,8.0,8.0,1.0,0.0,8.0,0.0,0.6,0.2,1.39,1.39,1.39,1.39,1.0,0.0,8.0,0.0,0.6,0.2,-7.88,-7.88,-7.88,-7.88,1.0,0.0,8.0,0.0,0.6,0.2,1019.0,1019.0,1019.0,1019.0,1.0,0.0,8.0,0.0,0.6,0.2,,,,,,,,,,,,,,,,,,,,,,,,,,,,,,,,,,,,,,,,,,,,,,,,,,,,,,,,,,,,,,,,,,,,,,,,,,,,,,,,,,,,,,,,,,,,,,,,,,,,,,,,,,,,,,,,,,,,,,,,,,,,,,,,,,,,,,,,,,,,,,,,,,,,,,
1974,2,108.0,18.0,,,,,,,,,,,,,,,,,,,,,,,,,,,,,,,,,,,,,,,,2.91,7.0,10.0,6.91,9.0,3.49,18.0,0.3,0.5,0.3,-7.38,-5.0,1.27,-3.6,9.0,4.81,18.0,0.3,0.5,0.3,-6.86,-1.74,1.5,-2.44,9.0,4.64,18.0,0.3,0.5,0.3,1014.02,1018.7,1021.04,1017.24,9.0,4.64,18.0,0.3,0.5,0.3,,,,,,,,,,,,,,,,,,,,,,,,,,,,,,,,,,,,,,,,,,,,,,,,,,,,,,,,,,,,,,,,,,,,,,,,,,,,,,,,,,,,,,,,,,,,,,,,,,,,,,,,,,,,,,,,,,,,,,,,,,,,,,,,,,,,,,,,,,,,,,,,,,,,,,
1974,2,108.0,19.0,,,,,,,,,,,,,,,,,,,,,,,,,,,,,,,,,,,,,,,,2.1,2.1,2.1,2.1,1.0,0.0,20.0,0.0,0.0,0.0,-0.36,-0.36,-0.36,-0.36,1.0,0.0,20.0,0.0,0.0,0.0,-2.07,-2.07,-2.07,-2.07,1.0,0.0,20.0,0.0,0.0,0.0,1011.7,1011.7,1011.7,1011.7,1.0,0.0,20.0,0.0,0.0,0.0,,,,,,,,,,,,,,,,,,,,,,,,,,,,,,,,,,,,,,,,,,,,,,,,,,,,,,,,,,,,,,,,,,,,,,,,,,,,,,,,,,,,,,,,,,,,,,,,,,,,,,,,,,,,,,,,,,,,,,,,,,,,,,,,,,,,,,,,,,,,,,,,,,,,,,
1974,2,109.0,-40.0,14.0,14.0,14.0,14.0,1.0,0.0,22.0,1.0,0.9,0.4,14.9,14.9,14.9,14.9,1.0,0.0,22.0,1.0,0.9,0.4,9.49,9.49,9.49,9.49,1.0,0.0,22.0,1.0,0.9,0.4,90.1,90.1,90.1,90.1,1.0,0.0,22.0,1.0,0.4,15.4,15.4,15.4,15.4,1.0,0.0,22.0,1.0,0.9,0.4,13.34,13.34,13.34,13.34,1.0,0.0,22.0,1.0,0.9,0.4,-7.7,-7.7,-7.7,-7.7,1.0,0.0,22.0,1.0,0.9,0.4,1010.9,1010.9,1010.9,1010.9,1.0,0.0,22.0,1.0,0.9,0.4,8.0,8.0,8.0,8.0,1.0,0.0,22.0,1.0,0.9,0.4,205.4,205.4,205.4,205.4,1.0,0.0,22.0,1.0,0.9,0.4,-118.6,-118.6,-118.6,-118.6,1.0,0.0,22.0,1.0,0.9,0.4,-0.9,-0.9,-0.9,-0.9,1.0,0.0,22.0,1.0,0.9,0.4,-13.9,-13.9,-13.9,-13.9,1.0,0.0,22.0,1.0,0.9,0.4,0.44,0.44,0.44,0.44,1.0,0.0,22.0,1.0,0.9,0.4,6.9,6.9,6.9,6.9,1.0,0.0,22.0,1.0,0.9,0.4,198.7,198.7,198.7,198.7,1.0,0.0,22.0,1.0,0.9,0.4,-114.7,-114.7,-114.7,-114.7,1.0,0.0,22.0,1.0,0.9,0.4,126.5,126.5,126.5,126.5,1.0,0.0,22.0,1.0,0.9,0.4,-73.1,-73.1,-73.1,-73.1,1.0,0.0,22.0,1.0,0.9,0.4,5.9,5.9,5.9,5.9,1.0,0.0,22.0,1.0,0.9,0.4,-3.4,-3.4,-3.4,-3.4,1.0,0.0,22.0,1.0,0.9,0.4,3652.5,3652.5,3652.5,3652.5,1.0,0.0,22.0,1.0,0.9,0.4,3650.0,3650.0,3650.0,3650.0,1.0,0.0,22.0,1.0,0.9,0.4
1974,2,109.0,-35.0,18.0,18.0,18.0,18.0,1.0,0.0,18.0,1.0,0.8,0.9,17.5,17.7,17.9,17.7,2.0,0.42,18.0,0.5,0.5,0.9,10.49,10.49,10.49,10.49,1.0,0.0,18.0,1.0,0.8,0.9,85.8,85.8,85.8,85.8,1.0,0.0,18.0,1.0,0.9,7.11,8.0,8.89,8.0,2.0,1.84,18.0,0.5,0.5,0.9,-7.7,-6.93,-6.16,-6.93,2.0,1.59,18.0,0.5,0.5,0.9,3.56,4.0,4.44,4.0,2.0,0.92,18.0,0.5,0.5,0.9,1021.1,1021.1,1021.1,1021.1,2.0,0.0,18.0,0.5,0.5,0.9,6.3,7.0,7.7,7.0,2.0,1.4,18.0,0.5,0.5,0.9,-69.2,-56.9,-44.6,-56.9,2.0,25.5,18.0,0.5,0.5,0.9,25.7,32.8,39.9,32.8,2.0,14.7,18.0,0.5,0.5,0.9,0.6,0.6,0.6,0.6,1.0,0.0,18.0,1.0,0.8,0.9,5.6,5.6,5.6,5.6,1.0,0.0,18.0,1.0,0.8,0.9,2.23,2.23,2.23,2.23,1.0,0.0,18.0,1.0,0.8,0.9,20.7,20.7,20.7,20.7,1.0,0.0,18.0,1.0,0.8,0.9,-134.5,-122.3,-110.1,-122.3,2.0,25.2,18.0,0.5,0.5,0.9,63.6,70.6,77.6,70.6,2.0,14.6,18.0,0.5,0.5,0.9,-84.5,-84.5,-84.5,-84.5,1.0,0.0,18.0,1.0,0.8,0.9,48.8,48.8,48.8,48.8,1.0,0.0,18.0,1.0,0.8,0.9,-17.9,-17.9,-17.9,-17.9,1.0,0.0,18.0,1.0,0.8,0.9,10.3,10.3,10.3,10.3,1.0,0.0,18.0,1.0,0.8,0.9,380.5,552.5,724.5,552.5,2.0,356.0,18.0,0.5,0.5,0.9,380.0,555.0,725.0,555.0,2.0,355.0,18.0,0.5,0.5,0.9
1974,2,109.0,-34.0,20.76,21.1,21.44,21.1,2.0,0.71,2.0,0.5,0.6,0.6,18.02,18.05,18.08,18.05,2.0,0.07,2.0,0.5,0.6,0.6,7.61,7.94,8.27,7.94,2.0,0.68,2.0,0.5,0.6,0.6,59.4,61.8,64.2,61.8,2.0,5.0,2.0,0.5,0.6,4.93,5.65,6.37,5.65,2.0,1.48,2.0,0.5,0.6,0.6,-2.96,-1.76,-0.56,-1.76,2.0,2.49,2.0,0.5,0.6,0.6,3.55,4.83,6.11,4.83,2.0,2.65,2.0,0.5,0.6,0.6,1011.3,1011.5,1011.7,1011.5,2.0,0.42,2.0,0.5,0.6,0.6,5.3,6.0,6.7,6.0,2.0,1.4,2.0,0.5,0.6,0.6,-13.6,-8.1,-2.6,-8.1,2.0,11.5,2.0,0.5,0.6,0.6,18.6,29.2,39.9,29.2,2.0,22.1,2.0,0.5,0.6,0.6,2.74,3.05,3.36,3.05,2.0,0.64,2.0,0.5,0.6,0.6,16.3,16.8,17.2,16.8,2.0,0.9,2.0,0.5,0.6,0.6,7.66,7.66,7.67,7.66,2.0,0.01,2.0,0.5,0.6,0.6,37.8,43.3,48.8,43.3,2.0,11.3,2.0,0.5,0.6,0.6,-53.7,-31.9,-10.1,-31.9,2.0,45.1,2.0,0.5,0.6,0.6,64.2,87.1,110.0,87.1,2.0,47.4,2.0,0.5,0.6,0.6,-25.0,-14.8,-4.7,-14.8,2.0,21.0,2.0,0.5,0.6,0.6,28.9,37.4,46.0,37.4,2.0,17.7,2.0,0.5,0.6,0.6,-22.7,-13.5,-4.3,-13.5,2.0,19.1,2.0,0.5,0.6,0.6,27.2,37.0,46.8,37.0,2.0,20.2,2.0,0.5,0.6,0.6,129.5,199.0,268.5,199.0,2.0,144.0,2.0,0.5,0.6,0.6,130.0,200.0,270.0,200.0,2.0,145.0,2.0,0.5,0.6,0.6
1974,2,109.0,-32.0,19.68,19.9,21.34,20.27,6.0,0.92,12.0,0.2,0.7,0.4,18.79,19.0,19.54,19.14,7.0,0.63,14.0,0.1,0.6,0.4,8.71,9.31,10.84,9.67,6.0,1.09,12.0,0.2,0.7,0.4,64.4,67.0,80.5,70.6,6.0,8.2,12.0,0.2,0.4,5.05,8.7,11.97,9.0,7.0,3.86,14.0,0.1,0.6,0.4,-9.24,-4.35,-3.03,-5.29,7.0,4.8,14.0,0.1,0.6,0.4,3.89,7.53,7.72,6.54,7.0,1.96,14.0,0.1,0.6,0.4,1012.79,1018.5,1021.0,1017.76,7.0,4.52,14.0,0.1,0.6,0.4,5.6,6.5,8.0,6.5,6.0,1.5,12.0,0.2,0.7,0.4,-111.4,-37.8,-15.5,-62.8,7.0,71.9,14.0,0.1,0.6,0.4,19.6,65.5,90.9,64.0,7.0,37.0,14.0,0.1,0.6,0.4,0.55,1.0,2.17,1.1,6.0,1.34,12.0,0.2,0.7,0.4,1.7,8.7,27.6,13.0,6.0,18.5,12.0,0.2,0.7,0.4,4.62,5.07,5.54,5.06,6.0,0.48,12.0,0.2,0.7,0.4,37.8,48.5,59.6,49.3,6.0,16.5,12.0,0.2,0.7,0.4,-179.6,-81.8,-57.5,-100.8,7.0,89.9,14.0,0.1,0.6,0.4,73.8,141.6,148.7,125.4,7.0,38.7,14.0,0.1,0.6,0.4,-110.5,-40.7,-36.1,-65.7,6.0,46.1,12.0,0.2,0.7,0.4,59.1,70.4,83.2,68.4,6.0,17.8,12.0,0.2,0.7,0.4,-47.2,-24.2,-19.7,-32.4,6.0,18.7,12.0,0.2,0.7,0.4,32.2,36.8,41.7,35.5,6.0,8.1,12.0,0.2,0.7,0.4,129.5,658.5,1739.0,1087.5,7.0,1244.5,14.0,0.1,0.6,0.4,130.0,660.0,1740.0,1090.0,7.0,1245.0,14.0,0.1,0.6,0.4
1974,2,109.0,-31.0,18.0,18.0,18.0,18.0,1.0,0.0,4.0,1.0,0.8,0.4,20.0,20.0,20.0,20.0,1.0,0.0,4.0,1.0,0.8,0.4,8.44,8.44,8.44,8.44,1.0,0.0,4.0,1.0,0.8,0.4,58.4,58.4,58.4,58.4,1.0,0.0,4.0,1.0,0.4,9.3,9.3,9.3,9.3,1.0,0.0,4.0,1.0,0.8,0.4,-3.18,-3.18,-3.18,-3.18,1.0,0.0,4.0,1.0,0.8,0.4,8.74,8.74,8.74,8.74,1.0,0.0,4.0,1.0,0.8,0.4,1015.7,1015.7,1015.7,1015.7,1.0,0.0,4.0,1.0,0.8,0.4,3.0,3.0,3.0,3.0,1.0,0.0,4.0,1.0,0.8,0.4,-29.6,-29.6,-29.6,-29.6,1.0,0.0,4.0,1.0,0.8,0.4,81.3,81.3,81.3,81.3,1.0,0.0,4.0,1.0,0.8,0.4,-2.0,-2.0,-2.0,-2.0,1.0,0.0,4.0,1.0,0.8,0.4,-18.6,-18.6,-18.6,-18.6,1.0,0.0,4.0,1.0,0.8,0.4,4.35,4.35,4.35,4.35,1.0,0.0,4.0,1.0,0.8,0.4,40.4,40.4,40.4,40.4,1.0,0.0,4.0,1.0,0.8,0.4,-63.6,-63.6,-63.6,-63.6,1.0,0.0,4.0,1.0,0.8,0.4,174.8,174.8,174.8,174.8,1.0,0.0,4.0,1.0,0.8,0.4,-26.8,-26.8,-26.8,-26.8,1.0,0.0,4.0,1.0,0.8,0.4,73.8,73.8,73.8,73.8,1.0,0.0,4.0,1.0,0.8,0.4,-13.8,-13.8,-13.8,-13.8,1.0,0.0,4.0,1.0,0.8,0.4,38.0,38.0,38.0,38.0,1.0,0.0,4.0,1.0,0.8,0.4,804.5,804.5,804.5,804.5,1.0,0.0,4.0,1.0,0.8,0.4,805.0,805.0,805.0,805.0,1.0,0.0,4.0,1.0,0.8,0.4
1974,2,109.0,-30.0,20.66,21.0,21.34,21.0,2.0,0.71,20.0,0.0,0.3,0.7,19.3,19.95,20.6,19.95,2.0,1.34,20.0,0.0,0.3,0.7,10.78,12.04,13.3,12.04,2.0,2.6,20.0,0.0,0.3,0.7,77.5,82.6,87.6,82.6,2.0,10.5,20.0,0.0,0.7,10.46,10.8,11.14,10.8,2.0,0.71,20.0,0.0,0.3,0.7,-2.35,0.17,2.69,0.17,2.0,5.22,20.0,0.0,0.3,0.7,9.83,10.15,10.47,10.15,2.0,0.66,20.0,0.0,0.3,0.7,1010.65,1013.35,1016.05,1013.35,2.0,5.59,20.0,0.0,0.3,0.7,7.2,7.5,7.8,7.5,2.0,0.7,20.0,0.0,0.3,0.7,-23.6,3.7,31.0,3.7,2.0,56.5,20.0,0.0,0.3,0.7,102.9,109.8,116.8,109.8,2.0,14.4,20.0,0.0,0.3,0.7,0.74,1.05,1.36,1.05,2.0,0.64,20.0,0.0,0.3,0.7,7.9,11.6,15.2,11.6,2.0,7.6,20.0,0.0,0.3,0.7,2.55,3.44,4.33,3.44,2.0,1.84,20.0,0.0,0.3,0.7,27.1,37.8,48.6,37.8,2.0,22.3,20.0,0.0,0.3,0.7,-50.3,-0.1,50.1,-0.1,2.0,104.0,20.0,0.0,0.3,0.7,201.8,202.0,202.2,202.0,2.0,0.4,20.0,0.0,0.3,0.7,-34.9,-4.7,25.4,-4.7,2.0,62.4,20.0,0.0,0.3,0.7,112.4,121.3,130.2,121.3,2.0,18.4,20.0,0.0,0.3,0.7,-3.4,5.4,14.2,5.4,2.0,18.3,20.0,0.0,0.3,0.7,25.4,35.5,45.7,35.5,2.0,21.0,20.0,0.0,0.3,0.7,1148.5,1268.0,1387.5,1268.0,2.0,247.5,20.0,0.0,0.3,0.7,1150.0,1270.0,1385.0,1270.0,2.0,250.0,20.0,0.0,0.3,0.7
1974,2,109.0,-29.0,,,,,,,,,,,,,,,,,,,,,,,,,,,,,,,,,,,,,,,,8.7,8.7,8.7,8.7,1.0,0.0,24.0,1.0,0.4,0.5,-4.35,-4.35,-4.35,-4.35,1.0,0.0,24.0,1.0,0.4,0.5,7.53,7.53,7.53,7.53,1.0,0.0,24.0,1.0,0.4,0.5,1010.5,1010.5,1010.5,1010.5,1.0,0.0,24.0,1.0,0.4,0.5,0.0,0.0,0.0,0.0,1.0,0.0,24.0,1.0,0.4,0.5,-37.8,-37.8,-37.8,-37.8,1.0,0.0,24.0,1.0,0.4,0.5,65.5,65.5,65.5,65.5,1.0,0.0,24.0,1.0,0.4,0.5,,,,,,,,,,,,,,,,,,,,,,,,,,,,,,,,,,,,,,,,,-99.2,-99.2,-99.2,-99.2,1.0,0.0,24.0,1.0,0.4,0.5,171.8,171.8,171.8,171.8,1.0,0.0,24.0,1.0,0.4,0.5,-62.2,-62.2,-62.2,-62.2,1.0,0.0,24.0,1.0,0.4,0.5,107.8,107.8,107.8,107.8,1.0,0.0,24.0,1.0,0.4,0.5,,,,,,,,,,,,,,,,,,,,,,,,,,,,,,,,,,,,,,,,
1974,2,109.0,-28.0,22.2,22.2,22.2,22.2,1.0,0.0,10.0,0.0,0.6,1.0,20.74,21.25,21.76,21.25,2.0,1.06,18.0,0.5,0.5,0.6,10.26,11.02,11.78,11.02,2.0,1.58,18.0,0.5,0.5,0.6,67.5,70.0,72.5,70.0,2.0,5.3,18.0,0.5,0.6,7.42,10.05,12.68,10.05,2.0,5.44,18.0,0.5,0.5,0.6,-2.03,-1.21,-0.38,-1.21,2.0,1.71,18.0,0.5,0.5,0.6,7.39,9.94,12.5,9.94,2.0,5.3,18.0,0.5,0.5,0.6,1011.09,1012.35,1013.61,1012.35,2.0,2.62,18.0,0.5,0.5,0.6,7.2,7.5,7.8,7.5,2.0,0.7,18.0,0.5,0.5,0.6,-28.2,-16.8,-5.3,-16.8,2.0,23.7,18.0,0.5,0.5,0.6,62.5,114.4,166.2,114.4,2.0,107.4,18.0,0.5,0.5,0.6,1.7,1.7,1.7,1.7,1.0,0.0,10.0,0.0,0.6,1.0,23.6,23.6,23.6,23.6,1.0,0.0,10.0,0.0,0.6,1.0,6.75,6.75,6.75,6.75,1.0,0.0,10.0,0.0,0.6,1.0,93.8,93.8,93.8,93.8,1.0,0.0,10.0,0.0,0.6,1.0,-41.6,-24.7,-7.9,-24.7,2.0,35.0,18.0,0.5,0.5,0.6,159.3,208.5,257.7,208.5,2.0,102.0,18.0,0.5,0.5,0.6,-20.1,-11.9,-3.8,-11.9,2.0,16.9,18.0,0.5,0.5,0.6,84.8,105.4,126.0,105.4,2.0,42.6,18.0,0.5,0.5,0.6,-16.3,-16.3,-16.3,-16.3,1.0,0.0,10.0,0.0,0.6,1.0,92.4,92.4,92.4,92.4,1.0,0.0,10.0,0.0,0.6,1.0,626.5,1462.0,2297.0,1462.0,2.0,1730.5,18.0,0.5,0.5,0.6,625.0,1460.0,2295.0,1460.0,2.0,1730.0,18.0,0.5,0.5,0.6
1974,2,109.0,-27.0,23.83,23.9,23.97,23.9,2.0,0.14,20.0,0.5,0.2,0.7,23.5,23.5,23.5,23.5,2.0,0.0,20.0,0.5,0.2,0.7,12.96,13.27,13.58,13.27,2.0,0.64,20.0,0.5,0.2,0.7,72.0,73.6,75.1,73.6,2.0,3.3,20.0,0.5,0.7,7.43,9.0,10.57,9.0,2.0,3.25,20.0,0.5,0.2,0.7,-2.33,0.97,4.27,0.97,2.0,6.84,20.0,0.5,0.2,0.7,4.5,6.98,9.47,6.98,2.0,5.14,20.0,0.5,0.2,0.7,1008.97,1010.85,1012.73,1010.85,2.0,3.89,20.0,0.5,0.2,0.7,6.0,6.0,6.0,6.0,2.0,0.0,20.0,0.5,0.2,0.7,-30.6,-2.4,25.8,-2.4,2.0,58.4,20.0,0.5,0.2,0.7,37.9,71.2,104.5,71.2,2.0,69.0,20.0,0.5,0.2,0.7,0.33,0.4,0.47,0.4,2.0,0.14,20.0,0.5,0.2,0.7,3.4,3.4,3.4,3.4,2.0,0.0,20.0,0.5,0.2,0.7,5.07,5.27,5.47,5.27,2.0,0.41,20.0,0.5,0.2,0.7,38.0,48.1,58.2,48.1,2.0,20.9,20.0,0.5,0.2,0.7,-54.8,22.8,100.3,22.8,2.0,160.6,20.0,0.5,0.2,0.7,105.8,164.1,222.4,164.1,2.0,120.8,20.0,0.5,0.2,0.7,-29.0,15.1,59.1,15.1,2.0,91.3,20.0,0.5,0.2,0.7,60.3,91.0,121.8,91.0,2.0,63.7,20.0,0.5,0.2,0.7,-13.5,3.7,20.9,3.7,2.0,35.6,20.0,0.5,0.2,0.7,23.4,37.9,52.3,37.9,2.0,30.0,20.0,0.5,0.2,0.7,482.0,872.0,1261.5,872.0,2.0,807.5,20.0,0.5,0.2,0.7,480.0,870.0,1260.0,870.0,2.0,810.0,20.0,0.5,0.2,0.7
1974,2,109.0,-26.0,,,,,,,,,,,,,,,,,,,,,,,,,,,,,,,,,,,,,,,,12.9,12.9,12.9,12.9,1.0,0.0,4.0,0.0,0.2,0.3,-8.29,-8.29,-8.29,-8.29,1.0,0.0,4.0,0.0,0.2,0.3,9.88,9.88,9.88,9.88,1.0,0.0,4.0,0.0,0.2,0.3,1013.7,1013.7,1013.7,1013.7,1.0,0.0,4.0,0.0,0.2,0.3,,,,,,,,,,,,,,,,,,,,,,,,,,,,,,,,,,,,,,,,,,,,,,,,,,,,,,,,,,,,,,,,,,,,,,,,,,,,,,,,,,,,,,,,,,,,,,,,,,,,,,,,,,,,,,,,,,,,,,,,,,,,,,,,,,,,,,,,,,,,,,,,,,,,,,
1974,2,109.0,-24.0,27.0,27.0,27.0,27.0,3.0,0.0,12.0,0.3,0.4,0.4,24.24,24.75,25.0,24.63,4.0,0.48,12.0,0.3,0.5,0.3,13.69,14.61,17.19,15.4,4.0,2.36,12.0,0.3,0.5,0.3,70.3,77.4,89.0,79.6,4.0,11.5,12.0,0.3,0.3,10.14,15.4,15.4,12.83,3.0,4.45,12.0,0.0,0.7,0.2,-7.7,-7.7,-5.07,-6.42,3.0,2.22,12.0,0.0,0.7,0.2,8.78,13.34,13.34,11.11,3.0,3.85,12.0,0.0,0.7,0.2,1008.77,1010.0,1010.66,1009.73,4.0,1.22,12.0,0.3,0.5,0.3,5.5,6.0,6.0,5.8,4.0,0.5,12.0,0.3,0.5,0.3,-118.6,-118.6,-57.9,-88.9,3.0,51.3,12.0,0.0,0.7,0.2,100.2,205.4,205.4,154.0,3.0,88.9,12.0,0.0,0.7,0.2,2.16,2.5,2.84,2.5,3.0,0.5,12.0,0.3,0.4,0.4,39.7,42.4,45.0,42.4,2.0,5.4,12.0,0.0,0.6,0.3,7.42,8.66,8.66,8.05,3.0,1.05,12.0,0.3,0.4,0.4,109.8,119.4,128.9,119.4,2.0,19.8,12.0,0.0,0.6,0.3,-187.4,-184.8,-124.4,-156.6,3.0,52.3,12.0,0.0,0.7,0.2,215.4,320.1,324.6,271.2,3.0,90.5,12.0,0.0,0.7,0.2,-115.1,-105.4,-82.6,-99.0,3.0,24.4,12.0,0.0,0.7,0.2,143.1,182.6,199.3,171.5,3.0,42.3,12.0,0.0,0.7,0.2,-64.5,-59.7,-54.9,-59.7,2.0,9.9,12.0,0.0,0.6,0.3,95.1,103.4,111.6,103.4,2.0,17.1,12.0,0.0,0.6,0.3,1471.0,3652.5,3652.5,2587.0,3.0,1845.0,12.0,0.0,0.7,0.2,1470.0,3650.0,3650.0,2585.0,3.0,1845.0,12.0,0.0,0.7,0.2
1974,2,109.0,-23.0,,,,,,,,,,,,,,,,,,,,,,,,,,,,,,,,,,,,,,,,8.2,8.2,8.2,8.2,1.0,0.0,22.0,0.0,0.0,1.0,2.8,2.8,2.8,2.8,1.0,0.0,22.0,0.0,0.0,1.0,7.71,7.71,7.71,7.71,1.0,0.0,22.0,0.0,0.0,1.0,1013.5,1013.5,1013.5,1013.5,1.0,0.0,22.0,0.0,0.0,1.0,,,,,,,,,,,,,,,,,,,,,,,,,,,,,,,,,,,,,,,,,,,,,,,,,,,,,,,,,,,,,,,,,,,,,,,,,,,,,,,,,,,,,,,,,,,,,,,,,,,,,,,,,,,,,,,,,,,,,,,,,,,,,,,,,,,,,,,,,,,,,,,,,,,,,,
1974,2,109.0,-22.0,25.4,25.4,25.4,25.4,1.0,0.0,20.0,1.0,0.3,0.9,26.4,26.4,26.4,26.4,1.0,0.0,20.0,1.0,0.3,0.9,17.92,17.92,17.92,17.92,1.0,0.0,20.0,1.0,0.3,0.9,83.1,83.1,83.1,83.1,1.0,0.0,20.0,1.0,0.9,6.2,6.2,6.2,6.2,1.0,0.0,20.0,1.0,0.3,0.9,2.12,2.12,2.12,2.12,1.0,0.0,20.0,1.0,0.3,0.9,5.83,5.83,5.83,5.83,1.0,0.0,20.0,1.0,0.3,0.9,1008.2,1008.2,1008.2,1008.2,1.0,0.0,20.0,1.0,0.3,0.9,3.0,3.0,3.0,3.0,1.0,0.0,20.0,1.0,0.3,0.9,13.1,13.1,13.1,13.1,1.0,0.0,20.0,1.0,0.3,0.9,36.1,36.1,36.1,36.1,1.0,0.0,20.0,1.0,0.3,0.9,-1.0,-1.0,-1.0,-1.0,1.0,0.0,20.0,1.0,0.3,0.9,-6.2,-6.2,-6.2,-6.2,1.0,0.0,20.0,1.0,0.3,0.9,2.44,2.44,2.44,2.44,1.0,0.0,20.0,1.0,0.3,0.9,15.1,15.1,15.1,15.1,1.0,0.0,20.0,1.0,0.3,0.9,56.0,56.0,56.0,56.0,1.0,0.0,20.0,1.0,0.3,0.9,153.8,153.8,153.8,153.8,1.0,0.0,20.0,1.0,0.3,0.9,38.0,38.0,38.0,38.0,1.0,0.0,20.0,1.0,0.3,0.9,104.4,104.4,104.4,104.4,1.0,0.0,20.0,1.0,0.3,0.9,5.2,5.2,5.2,5.2,1.0,0.0,20.0,1.0,0.3,0.9,14.2,14.2,14.2,14.2,1.0,0.0,20.0,1.0,0.3,0.9,238.5,238.5,238.5,238.5,1.0,0.0,20.0,1.0,0.3,0.9,240.0,240.0,240.0,240.0,1.0,0.0,20.0,1.0,0.3,0.9
1974,2,109.0,-21.0,26.06,27.0,27.62,26.9,5.0,0.85,14.0,0.2,0.7,0.3,24.7,25.4,27.73,26.1,5.0,1.94,14.0,0.2,0.7,0.3,17.98,18.51,19.35,18.66,4.0,0.94,18.0,0.3,0.7,0.3,79.1,85.3,91.7,85.4,4.0,7.2,18.0,0.3,0.3,6.03,7.7,8.2,7.06,5.0,1.76,14.0,0.2,0.7,0.3,-2.8,-1.34,3.26,-0.06,5.0,3.16,14.0,0.2,0.7,0.3,4.9,7.58,7.71,6.36,5.0,2.21,14.0,0.2,0.7,0.3,1005.93,1006.7,1008.19,1007.02,5.0,1.25,14.0,0.2,0.7,0.3,1.3,2.0,4.1,2.6,5.0,2.2,14.0,0.2,0.7,0.3,-23.0,-10.3,17.2,-3.6,5.0,21.9,14.0,0.2,0.7,0.3,32.3,58.4,63.2,48.0,5.0,22.4,14.0,0.2,0.7,0.3,-1.37,1.0,2.73,0.8,5.0,2.39,14.0,0.2,0.7,0.3,-10.8,7.2,16.1,3.2,5.0,14.4,14.0,0.2,0.7,0.3,2.75,3.19,3.85,3.29,4.0,0.73,18.0,0.3,0.7,0.3,20.5,24.7,31.5,25.9,4.0,6.9,18.0,0.3,0.7,0.3,-72.9,-38.8,79.7,-4.4,5.0,80.3,14.0,0.2,0.7,0.3,121.9,195.7,212.4,168.4,5.0,64.2,14.0,0.2,0.7,0.3,-51.1,-38.1,21.8,-15.7,4.0,55.6,18.0,0.3,0.7,0.3,124.7,140.3,147.8,136.4,4.0,16.1,18.0,0.3,0.7,0.3,-10.8,-6.5,4.0,-3.5,4.0,10.2,18.0,0.3,0.7,0.3,18.9,22.7,29.6,24.2,4.0,6.6,18.0,0.3,0.7,0.3,260.5,456.5,551.5,399.5,5.0,201.5,14.0,0.2,0.7,0.3,260.0,455.0,550.0,400.0,5.0,200.0,14.0,0.2,0.7,0.3
1974,2,109.0,-20.0,27.62,28.0,28.56,28.08,5.0,0.63,14.0,0.2,0.2,0.4,26.0,26.6,27.37,26.72,5.0,0.83,14.0,0.2,0.2,0.4,17.49,18.64,18.79,18.16,4.0,1.08,18.0,0.0,0.2,0.4,79.0,81.5,84.2,81.6,4.0,3.0,18.0,0.0,0.4,4.08,5.65,7.65,6.0,6.0,3.1,14.0,0.2,0.2,0.5,-1.38,1.2,3.14,0.42,6.0,3.76,14.0,0.2,0.2,0.5,1.07,4.03,7.51,4.45,6.0,3.83,14.0,0.2,0.2,0.5,1006.11,1007.4,1010.71,1008.75,6.0,4.39,14.0,0.2,0.2,0.5,3.2,6.0,6.4,5.0,6.0,2.8,14.0,0.2,0.2,0.5,-9.3,3.5,19.8,3.2,6.0,28.5,14.0,0.2,0.2,0.5,2.2,18.5,60.4,34.1,6.0,45.0,14.0,0.2,0.2,0.5,0.51,2.0,2.11,1.36,5.0,1.22,14.0,0.2,0.2,0.4,1.5,8.0,11.6,6.6,5.0,6.4,14.0,0.2,0.2,0.4,4.49,5.79,7.13,5.81,4.0,1.62,18.0,0.0,0.2,0.4,25.7,34.5,39.8,32.8,4.0,10.6,18.0,0.0,0.2,0.4,-66.1,22.4,54.6,-8.0,5.0,100.7,14.0,0.2,0.2,0.4,22.3,91.6,145.6,86.4,5.0,71.0,14.0,0.2,0.2,0.4,-65.9,7.5,32.8,-15.4,4.0,76.3,18.0,0.0,0.2,0.4,27.8,71.8,105.6,66.9,4.0,52.1,18.0,0.0,0.2,0.4,-23.0,1.6,13.4,-4.5,4.0,28.1,18.0,0.0,0.2,0.4,8.6,22.6,30.5,19.7,4.0,14.6,18.0,0.0,0.2,0.4,79.0,199.0,536.5,374.5,6.0,536.5,14.0,0.2,0.2,0.5,80.0,200.0,535.0,375.0,6.0,535.0,14.0,0.2,0.2,0.5
1974,2,109.0,-19.0,27.48,28.0,28.11,27.81,7.0,0.44,18.0,0.9,0.3,0.6,25.76,26.3,30.05,27.44,7.0,2.27,18.0,0.9,0.3,0.6,17.12,17.68,19.04,18.03,6.0,1.12,20.0,0.8,0.4,0.6,75.0,82.1,86.9,81.4,6.0,5.7,20.0,0.8,0.6,4.0,4.6,6.3,5.0,7.0,1.93,18.0,0.9,0.3,0.6,-1.16,0.71,1.05,0.02,7.0,1.67,18.0,0.9,0.3,0.6,3.89,4.04,6.18,4.78,7.0,1.85,18.0,0.9,0.3,0.6,1006.72,1008.1,1008.31,1007.63,7.0,1.22,18.0,0.9,0.3,0.6,1.9,3.0,4.0,2.7,7.0,1.6,18.0,0.9,0.3,0.6,-7.5,2.9,5.9,-1.3,7.0,11.0,18.0,0.9,0.3,0.6,16.0,18.3,39.1,26.9,7.0,19.4,18.0,0.9,0.3,0.6,-2.04,1.3,2.01,0.37,7.0,2.02,18.0,0.9,0.3,0.6,-11.9,4.2,9.1,1.5,7.0,9.8,18.0,0.9,0.3,0.6,4.19,5.52,6.65,5.44,6.0,1.2,20.0,0.8,0.4,0.6,21.5,29.2,33.5,27.0,6.0,8.7,20.0,0.8,0.4,0.6,-34.3,18.4,27.8,1.0,7.0,45.4,18.0,0.9,0.3,0.6,101.6,125.2,184.1,131.7,7.0,51.4,18.0,0.9,0.3,0.6,-27.9,-0.1,22.3,-2.7,6.0,33.0,20.0,0.8,0.4,0.6,61.3,84.9,126.3,89.8,6.0,40.3,20.0,0.8,0.4,0.6,-5.8,0.5,7.7,1.0,6.0,9.6,20.0,0.8,0.4,0.6,21.1,26.9,32.7,25.6,6.0,8.3,20.0,0.8,0.4,0.6,66.0,97.5,253.5,174.0,7.0,183.5,18.0,0.9,0.3,0.6,65.0,95.0,255.0,175.0,7.0,185.0,18.0,0.9,0.3,0.6
1974,2,109.0,-18.0,28.0,28.0,28.0,28.0,2.0,0.0,18.0,1.0,0.3,0.8,29.16,29.5,29.84,29.5,2.0,0.71,18.0,1.0,0.3,0.8,21.24,21.36,21.48,21.36,2.0,0.25,18.0,1.0,0.3,0.8,80.2,82.3,84.4,82.3,2.0,4.4,18.0,1.0,0.8,4.22,7.7,8.04,6.17,3.0,3.1,16.0,0.7,0.2,0.8,-4.92,-2.8,-2.03,-3.46,3.0,2.19,16.0,0.7,0.2,0.8,0.21,4.95,6.83,3.55,3.0,5.0,16.0,0.7,0.2,0.8,1004.81,1005.7,1008.09,1006.43,3.0,2.48,16.0,0.7,0.2,0.8,4.6,6.0,7.4,6.0,3.0,2.0,16.0,0.7,0.2,0.8,-38.3,-23.0,-10.3,-24.3,3.0,20.6,16.0,0.7,0.2,0.8,8.6,38.1,55.2,32.0,3.0,34.6,16.0,0.7,0.2,0.8,-1.84,-1.5,-1.16,-1.5,2.0,0.71,18.0,1.0,0.3,0.8,-7.3,-6.4,-5.6,-6.4,2.0,1.8,18.0,1.0,0.3,0.8,2.36,2.49,2.62,2.49,2.0,0.27,18.0,1.0,0.3,0.8,8.7,12.3,16.0,12.3,2.0,7.6,18.0,1.0,0.3,0.8,-151.9,-110.6,-69.3,-110.6,2.0,85.5,18.0,1.0,0.3,0.8,-27.5,41.9,111.3,41.9,2.0,143.7,18.0,1.0,0.3,0.8,-112.5,-81.2,-50.0,-81.2,2.0,64.8,18.0,1.0,0.3,0.8,-18.6,32.2,83.0,32.2,2.0,105.2,18.0,1.0,0.3,0.8,-12.1,-9.0,-5.9,-9.0,2.0,6.4,18.0,1.0,0.3,0.8,-2.7,3.0,8.7,3.0,2.0,11.8,18.0,1.0,0.3,0.8,157.0,456.5,521.5,342.0,3.0,285.0,16.0,0.7,0.2,0.8,155.0,455.0,520.0,340.0,3.0,285.0,16.0,0.7,0.2,0.8
1974,2,109.0,-17.0,27.03,27.1,27.17,27.1,2.0,0.14,2.0,0.5,0.1,0.3,26.48,27.5,28.52,27.5,2.0,2.12,2.0,0.5,0.1,0.3,15.79,16.26,16.73,16.26,2.0,0.97,2.0,0.5,0.1,0.3,68.6,70.8,72.9,70.8,2.0,4.5,2.0,0.5,0.3,0.49,1.55,2.61,1.55,2.0,2.19,2.0,0.5,0.1,0.3,0.17,0.53,0.89,0.53,2.0,0.75,2.0,0.5,0.1,0.3,0.46,1.46,2.45,1.46,2.0,2.06,2.0,0.5,0.1,0.3,1007.39,1008.0,1008.61,1008.0,2.0,1.27,2.0,0.5,0.1,0.3,1.2,1.5,1.8,1.5,2.0,0.7,2.0,0.5,0.1,0.3,0.5,1.6,2.8,1.6,2.0,2.3,2.0,0.5,0.1,0.3,1.4,4.5,7.6,4.5,2.0,6.4,2.0,0.5,0.1,0.3,-1.49,-0.4,0.69,-0.4,2.0,2.26,2.0,0.5,0.1,0.3,0.6,1.9,3.1,1.9,2.0,2.6,2.0,0.5,0.1,0.3,5.71,6.29,6.86,6.29,2.0,1.19,2.0,0.5,0.1,0.3,3.5,11.1,18.6,11.1,2.0,15.6,2.0,0.5,0.1,0.3,4.4,13.8,23.2,13.8,2.0,19.5,2.0,0.5,0.1,0.3,12.0,37.9,63.7,37.9,2.0,53.6,2.0,0.5,0.1,0.3,2.6,8.3,13.9,8.3,2.0,11.7,2.0,0.5,0.1,0.3,7.2,22.7,38.2,22.7,2.0,32.1,2.0,0.5,0.1,0.3,1.2,3.8,6.4,3.8,2.0,5.3,2.0,0.5,0.1,0.3,3.3,10.4,17.5,10.4,2.0,14.7,2.0,0.5,0.1,0.3,4.5,15.0,25.0,15.0,2.0,21.0,2.0,0.5,0.1,0.3,5.0,15.0,25.0,15.0,2.0,20.0,2.0,0.5,0.1,0.3
1974,2,109.0,-13.0,29.2,29.2,29.2,29.2,1.0,0.0,12.0,1.0,0.8,0.1,30.3,30.3,30.3,30.3,1.0,0.0,12.0,1.0,0.8,0.1,16.88,16.88,16.88,16.88,1.0,0.0,12.0,1.0,0.8,0.1,62.3,62.3,62.3,62.3,1.0,0.0,12.0,1.0,0.1,6.2,6.2,6.2,6.2,1.0,0.0,12.0,1.0,0.8,0.1,3.1,3.1,3.1,3.1,1.0,0.0,12.0,1.0,0.8,0.1,5.37,5.37,5.37,5.37,1.0,0.0,12.0,1.0,0.8,0.1,1006.6,1006.6,1006.6,1006.6,1.0,0.0,12.0,1.0,0.8,0.1,6.0,6.0,6.0,6.0,1.0,0.0,12.0,1.0,0.8,0.1,19.2,19.2,19.2,19.2,1.0,0.0,12.0,1.0,0.8,0.1,33.3,33.3,33.3,33.3,1.0,0.0,12.0,1.0,0.8,0.1,-1.1,-1.1,-1.1,-1.1,1.0,0.0,12.0,1.0,0.8,0.1,-6.8,-6.8,-6.8,-6.8,1.0,0.0,12.0,1.0,0.8,0.1,8.68,8.68,8.68,8.68,1.0,0.0,12.0,1.0,0.8,0.1,53.8,53.8,53.8,53.8,1.0,0.0,12.0,1.0,0.8,0.1,93.9,93.9,93.9,93.9,1.0,0.0,12.0,1.0,0.8,0.1,162.7,162.7,162.7,162.7,1.0,0.0,12.0,1.0,0.8,0.1,52.3,52.3,52.3,52.3,1.0,0.0,12.0,1.0,0.8,0.1,90.6,90.6,90.6,90.6,1.0,0.0,12.0,1.0,0.8,0.1,26.9,26.9,26.9,26.9,1.0,0.0,12.0,1.0,0.8,0.1,46.6,46.6,46.6,46.6,1.0,0.0,12.0,1.0,0.8,0.1,238.5,238.5,238.5,238.5,1.0,0.0,12.0,1.0,0.8,0.1,240.0,240.0,240.0,240.0,1.0,0.0,12.0,1.0,0.8,0.1
1974,2,109.0,-8.0,27.58,27.75,27.92,27.75,2.0,0.35,12.0,0.0,0.4,0.2,27.83,27.9,27.97,27.9,2.0,0.14,12.0,0.0,0.4,0.2,18.4,18.48,18.55,18.48,2.0,0.15,12.0,0.0,0.4,0.2,78.4,78.4,78.4,78.4,2.0,0.0,12.0,0.0,0.2,3.41,5.15,6.89,5.15,2.0,3.61,12.0,0.0,0.4,0.2,2.46,3.47,4.48,3.47,2.0,2.09,12.0,0.0,0.4,0.2,2.34,3.78,5.23,3.78,2.0,2.99,12.0,0.0,0.4,0.2,1007.91,1008.15,1008.39,1008.15,2.0,0.49,12.0,0.0,0.4,0.2,7.0,7.0,7.0,7.0,2.0,0.0,12.0,0.0,0.4,0.2,10.4,21.6,32.9,21.6,2.0,23.3,12.0,0.0,0.4,0.2,10.9,24.9,38.9,24.9,2.0,29.0,12.0,0.0,0.4,0.2,-0.25,-0.15,-0.05,-0.15,2.0,0.21,12.0,0.0,0.4,0.2,-0.7,-0.4,-0.1,-0.4,2.0,0.6,12.0,0.0,0.4,0.2,4.79,4.95,5.11,4.95,2.0,0.33,12.0,0.0,0.4,0.2,16.7,26.1,35.6,26.1,2.0,19.6,12.0,0.0,0.4,0.2,68.6,97.0,125.4,97.0,2.0,58.8,12.0,0.0,0.4,0.2,65.3,105.8,146.3,105.8,2.0,83.9,12.0,0.0,0.4,0.2,45.4,64.3,83.2,64.3,2.0,39.2,12.0,0.0,0.4,0.2,43.2,70.2,97.1,70.2,2.0,55.8,12.0,0.0,0.4,0.2,12.0,17.5,23.1,17.5,2.0,11.5,12.0,0.0,0.4,0.2,11.5,19.2,27.0,19.2,2.0,16.1,12.0,0.0,0.4,0.2,87.0,237.0,387.0,237.0,2.0,310.5,12.0,0.0,0.4,0.2,85.0,235.0,385.0,235.0,2.0,310.0,12.0,0.0,0.4,0.2
1974,2,109.0,-7.0,27.63,27.9,28.17,27.9,2.0,0.57,16.0,0.5,0.8,0.9,27.03,27.1,27.17,27.1,2.0,0.14,16.0,0.5,0.8,0.9,18.7,18.9,19.1,18.9,2.0,0.42,16.0,0.5,0.8,0.9,82.7,83.9,85.1,83.9,2.0,2.5,16.0,0.5,0.9,4.85,5.4,5.95,5.4,2.0,1.13,16.0,0.5,0.8,0.9,4.79,5.21,5.63,5.21,2.0,0.87,16.0,0.5,0.8,0.9,-1.78,-1.06,-0.34,-1.06,2.0,1.5,16.0,0.5,0.8,0.9,1006.57,1006.95,1007.33,1006.95,2.0,0.78,16.0,0.5,0.8,0.9,5.3,6.0,6.7,6.0,2.0,1.4,16.0,0.5,0.8,0.9,23.5,28.6,33.7,28.6,2.0,10.6,16.0,0.5,0.8,0.9,-11.1,-6.6,-2.1,-6.6,2.0,9.3,16.0,0.5,0.8,0.9,0.46,0.8,1.14,0.8,2.0,0.71,16.0,0.5,0.8,0.9,2.4,4.7,7.0,4.7,2.0,4.7,16.0,0.5,0.8,0.9,4.58,4.77,4.96,4.77,2.0,0.39,16.0,0.5,0.8,0.9,22.4,26.0,29.6,26.0,2.0,7.5,16.0,0.5,0.8,0.9,130.2,141.2,152.2,141.2,2.0,22.8,16.0,0.5,0.8,0.9,-48.2,-28.6,-9.1,-28.6,2.0,40.5,16.0,0.5,0.8,0.9,89.7,98.7,107.7,98.7,2.0,18.6,16.0,0.5,0.8,0.9,-34.2,-20.4,-6.5,-20.4,2.0,28.8,16.0,0.5,0.8,0.9,22.1,25.1,28.0,25.1,2.0,6.2,16.0,0.5,0.8,0.9,-9.0,-5.4,-1.7,-5.4,2.0,7.6,16.0,0.5,0.8,0.9,119.5,168.0,216.0,168.0,2.0,99.5,16.0,0.5,0.8,0.9,120.0,170.0,215.0,170.0,2.0,100.0,16.0,0.5,0.8,0.9
1974,2,109.0,-4.0,26.25,26.8,27.07,26.67,3.0,0.61,10.0,0.3,0.7,0.7,25.1,25.8,26.45,25.78,4.0,0.78,8.0,0.3,0.7,0.7,17.62,18.41,19.26,18.44,4.0,0.96,8.0,0.3,0.7,0.7,84.3,88.7,93.6,88.9,4.0,6.6,8.0,0.3,0.7,4.34,5.4,7.82,6.05,4.0,2.34,8.0,0.3,0.7,0.7,3.92,5.15,6.04,4.99,4.0,1.26,8.0,0.3,0.7,0.7,-4.71,-1.56,0.31,-2.17,4.0,3.64,8.0,0.3,0.7,0.7,1008.75,1009.4,1010.21,1009.48,4.0,0.85,8.0,0.3,0.7,0.7,7.0,8.0,8.0,7.5,4.0,1.0,8.0,0.3,0.7,0.7,17.1,28.9,47.1,32.0,4.0,18.6,8.0,0.3,0.7,0.7,-38.7,-7.5,0.6,-18.5,4.0,32.6,8.0,0.3,0.7,0.7,0.86,1.0,1.41,1.13,3.0,0.42,10.0,0.3,0.7,0.7,5.5,9.3,9.7,7.6,3.0,3.4,10.0,0.3,0.7,0.7,2.83,3.29,4.58,3.7,3.0,1.33,10.0,0.3,0.7,0.7,18.7,23.8,28.4,23.6,3.0,7.2,10.0,0.3,0.7,0.7,103.6,131.8,151.8,127.9,4.0,28.7,8.0,0.3,0.7,0.7,-119.2,-40.7,8.8,-54.5,4.0,91.7,8.0,0.3,0.7,0.7,71.4,90.9,112.9,92.1,4.0,24.4,8.0,0.3,0.7,0.7,-84.9,-30.0,4.4,-39.8,4.0,64.4,8.0,0.3,0.7,0.7,17.2,19.7,21.5,19.4,3.0,3.2,10.0,0.3,0.7,0.7,-16.9,-2.8,4.7,-6.0,3.0,16.0,10.0,0.3,0.7,0.7,82.5,168.0,535.0,302.0,4.0,343.0,8.0,0.3,0.7,0.7,80.0,170.0,535.0,300.0,4.0,345.0,8.0,0.3,0.7,0.7
1974,2,109.0,-3.0,26.46,26.7,27.17,26.84,5.0,0.56,18.0,0.4,0.3,0.5,24.79,25.5,26.63,25.7,5.0,1.06,18.0,0.4,0.3,0.5,16.76,16.94,18.19,17.4,5.0,0.88,18.0,0.4,0.3,0.5,76.3,86.0,90.9,84.4,5.0,8.7,18.0,0.4,0.5,3.87,5.1,5.1,4.5,5.0,1.08,18.0,0.4,0.3,0.5,1.65,3.52,4.23,2.96,5.0,1.83,18.0,0.4,0.3,0.5,-3.94,-2.96,0.64,-1.92,5.0,2.75,18.0,0.4,0.3,0.5,1007.16,1008.6,1009.04,1008.14,5.0,1.14,18.0,0.4,0.3,0.5,4.8,8.0,8.0,6.4,5.0,3.0,18.0,0.4,0.3,0.5,4.3,16.2,21.6,13.5,5.0,9.9,18.0,0.4,0.3,0.5,-20.1,-13.6,3.2,-9.5,5.0,13.9,18.0,0.4,0.3,0.5,-0.02,1.2,2.12,1.14,5.0,1.38,18.0,0.4,0.3,0.5,-0.3,6.1,10.8,5.8,5.0,7.1,18.0,0.4,0.3,0.5,4.45,4.79,5.24,4.81,5.0,0.49,18.0,0.4,0.3,0.5,18.2,23.7,24.4,21.4,5.0,4.6,18.0,0.4,0.3,0.5,43.4,95.8,106.3,76.3,5.0,46.2,18.0,0.4,0.3,0.5,-99.4,-80.4,15.7,-49.6,5.0,69.1,18.0,0.4,0.3,0.5,27.4,59.4,77.1,52.4,5.0,33.8,18.0,0.4,0.3,0.5,-68.8,-49.9,11.9,-32.5,5.0,47.9,18.0,0.4,0.3,0.5,8.6,16.0,20.2,14.2,5.0,8.7,18.0,0.4,0.3,0.5,-18.6,-13.4,3.1,-8.9,5.0,12.9,18.0,0.4,0.3,0.5,68.0,132.5,132.5,102.5,5.0,50.0,18.0,0.4,0.3,0.5,70.0,135.0,135.0,105.0,5.0,50.0,18.0,0.4,0.3,0.5
1974,2,109.0,1.0,26.7,26.7,26.7,26.7,1.0,0.0,14.0,1.0,0.0,0.8,26.3,26.3,26.3,26.3,1.0,0.0,14.0,1.0,0.0,0.8,16.98,16.98,16.98,16.98,1.0,0.0,14.0,1.0,0.0,0.8,79.1,79.1,79.1,79.1,1.0,0.0,14.0,1.0,0.8,9.3,9.3,9.3,9.3,1.0,0.0,14.0,1.0,0.0,0.8,0.0,0.0,0.0,0.0,1.0,0.0,14.0,1.0,0.0,0.8,-9.3,-9.3,-9.3,-9.3,1.0,0.0,14.0,1.0,0.0,0.8,1007.0,1007.0,1007.0,1007.0,1.0,0.0,14.0,1.0,0.0,0.8,7.0,7.0,7.0,7.0,1.0,0.0,14.0,1.0,0.0,0.8,0.0,0.0,0.0,0.0,1.0,0.0,14.0,1.0,0.0,0.8,-86.5,-86.5,-86.5,-86.5,1.0,0.0,14.0,1.0,0.0,0.8,0.4,0.4,0.4,0.4,1.0,0.0,14.0,1.0,0.0,0.8,3.7,3.7,3.7,3.7,1.0,0.0,14.0,1.0,0.0,0.8,5.06,5.06,5.06,5.06,1.0,0.0,14.0,1.0,0.0,0.8,47.0,47.0,47.0,47.0,1.0,0.0,14.0,1.0,0.0,0.8,0.0,0.0,0.0,0.0,1.0,0.0,14.0,1.0,0.0,0.8,-244.6,-244.6,-244.6,-244.6,1.0,0.0,14.0,1.0,0.0,0.8,0.0,0.0,0.0,0.0,1.0,0.0,14.0,1.0,0.0,0.8,-157.9,-157.9,-157.9,-157.9,1.0,0.0,14.0,1.0,0.0,0.8,0.0,0.0,0.0,0.0,1.0,0.0,14.0,1.0,0.0,0.8,-47.0,-47.0,-47.0,-47.0,1.0,0.0,14.0,1.0,0.0,0.8,804.5,804.5,804.5,804.5,1.0,0.0,14.0,1.0,0.0,0.8,805.0,805.0,805.0,805.0,1.0,0.0,14.0,1.0,0.0,0.8
1974,2,109.0,2.0,26.0,26.0,26.14,26.07,3.0,0.12,14.0,0.7,0.7,0.3,25.0,25.0,26.02,25.5,3.0,0.87,14.0,0.7,0.7,0.3,16.77,17.1,17.4,17.08,3.0,0.46,14.0,0.7,0.7,0.3,79.7,86.0,87.5,83.6,3.0,6.0,14.0,0.7,0.3,7.53,9.3,11.35,9.43,3.0,2.8,14.0,0.7,0.7,0.3,-4.93,-2.29,-0.73,-2.81,3.0,3.11,14.0,0.7,0.7,0.3,-10.22,-9.3,-7.25,-8.75,3.0,2.23,14.0,0.7,0.7,0.3,1005.49,1005.9,1008.84,1007.13,3.0,2.67,14.0,0.7,0.7,0.3,7.3,8.0,8.0,7.7,3.0,0.6,14.0,0.7,0.7,0.3,-56.5,-15.4,-4.9,-30.3,3.0,40.0,14.0,0.7,0.7,0.3,-116.9,-86.5,-56.2,-86.6,3.0,44.4,14.0,0.7,0.7,0.3,-0.02,1.0,1.14,0.57,3.0,0.93,14.0,0.7,0.7,0.3,-1.6,8.0,8.9,3.7,3.0,8.6,14.0,0.7,0.7,0.3,3.84,4.31,4.4,4.13,3.0,0.44,14.0,0.7,0.7,0.3,30.4,33.7,48.0,39.1,3.0,13.7,14.0,0.7,0.7,0.3,-129.4,-57.3,-18.2,-73.4,3.0,82.7,14.0,0.7,0.7,0.3,-266.5,-232.5,-181.2,-224.1,3.0,62.9,14.0,0.7,0.7,0.3,-82.2,-39.2,-12.4,-47.1,3.0,51.6,14.0,0.7,0.7,0.3,-172.6,-163.1,-125.3,-149.3,3.0,36.7,14.0,0.7,0.7,0.3,-21.8,-9.9,-3.1,-12.4,3.0,13.9,14.0,0.7,0.7,0.3,-43.0,-33.7,-29.2,-36.1,3.0,10.3,14.0,0.7,0.7,0.3,460.5,804.5,1525.5,988.5,3.0,796.0,14.0,0.7,0.7,0.3,460.0,805.0,1525.0,990.0,3.0,795.0,14.0,0.7,0.7,0.3
1974,2,109.0,3.0,25.37,26.05,27.74,26.25,10.0,1.26,12.0,0.9,0.4,0.3,25.0,25.6,26.9,25.8,9.0,0.93,12.0,0.9,0.4,0.3,17.67,18.02,18.44,18.07,5.0,0.53,10.0,1.0,0.3,0.2,81.1,85.2,90.9,86.0,7.0,4.5,10.0,0.9,0.3,4.64,6.65,12.61,7.64,8.0,4.07,14.0,0.9,0.3,0.3,-4.28,-2.24,1.09,-1.82,8.0,2.96,14.0,0.9,0.3,0.3,-12.28,-5.68,-2.55,-6.56,8.0,4.64,14.0,0.9,0.3,0.3,1006.73,1009.25,1010.89,1008.95,8.0,2.14,12.0,1.0,0.3,0.2,6.0,8.0,8.0,7.1,9.0,1.2,10.0,0.9,0.4,0.3,-28.9,-20.8,10.0,-16.0,8.0,23.0,14.0,0.9,0.3,0.3,-155.9,-41.5,-12.6,-66.4,8.0,67.5,14.0,0.9,0.3,0.3,-0.18,1.0,1.2,0.47,9.0,1.42,12.0,0.9,0.4,0.3,-6.7,5.5,10.0,-0.9,7.0,16.9,12.0,0.9,0.3,0.3,1.99,3.07,4.82,3.25,5.0,1.66,10.0,1.0,0.3,0.2,12.7,19.4,29.5,21.0,4.0,10.3,10.0,1.0,0.2,0.2,-113.4,-60.3,38.1,-48.7,7.0,81.1,12.0,0.9,0.3,0.3,-326.0,-201.9,-72.9,-188.3,7.0,117.0,12.0,0.9,0.3,0.3,-57.6,-39.5,14.6,-22.3,4.0,59.5,10.0,1.0,0.2,0.2,-224.1,-142.1,-57.4,-140.8,4.0,96.2,10.0,1.0,0.2,0.2,-12.7,-3.9,4.7,-4.0,4.0,12.2,10.0,1.0,0.2,0.2,-25.0,-13.6,-10.1,-17.4,4.0,11.0,10.0,1.0,0.2,0.2,100.5,342.0,2030.0,787.5,8.0,909.5,14.0,0.9,0.3,0.3,100.0,340.0,2030.0,790.0,8.0,910.0,14.0,0.9,0.3,0.3
1974,2,109.0,4.0,25.07,26.5,26.7,25.9,3.0,1.31,12.0,0.7,0.2,0.4,26.23,26.5,26.98,26.6,3.0,0.56,12.0,0.7,0.2,0.4,16.95,17.82,18.25,17.61,3.0,0.97,12.0,0.7,0.2,0.4,76.7,84.1,84.8,80.8,3.0,6.6,12.0,0.7,0.4,5.27,6.7,7.38,6.33,3.0,1.58,12.0,0.7,0.2,0.4,-5.28,-2.29,-1.8,-3.51,3.0,2.76,12.0,0.7,0.2,0.4,-5.67,-4.32,-4.0,-4.82,3.0,1.3,12.0,0.7,0.2,0.4,1007.83,1008.1,1009.06,1008.43,3.0,0.95,12.0,0.7,0.2,0.4,4.3,5.0,5.0,4.7,3.0,0.6,12.0,0.7,0.2,0.4,-39.9,-15.4,-9.8,-24.6,3.0,23.5,12.0,0.7,0.2,0.4,-38.2,-29.6,-23.0,-30.6,3.0,11.2,12.0,0.7,0.2,0.4,-1.91,0.0,0.48,-0.7,3.0,1.85,12.0,0.7,0.2,0.4,-14.7,0.0,2.2,-6.1,3.0,13.5,12.0,0.7,0.2,0.4,2.82,3.27,3.99,3.4,3.0,0.87,12.0,0.7,0.2,0.4,20.0,20.1,21.3,20.7,3.0,1.1,12.0,0.7,0.2,0.4,-143.1,-60.7,-47.3,-94.4,3.0,76.0,12.0,0.7,0.2,0.4,-149.7,-112.8,-107.3,-128.1,3.0,33.8,12.0,0.7,0.2,0.4,-88.7,-42.3,-32.6,-60.2,3.0,44.0,12.0,0.7,0.2,0.4,-103.7,-77.0,-67.9,-85.6,3.0,27.3,12.0,0.7,0.2,0.4,-14.3,-7.5,-7.0,-10.6,3.0,6.0,12.0,0.7,0.2,0.4,-20.0,-18.7,-12.8,-16.5,3.0,5.6,12.0,0.7,0.2,0.4,162.0,301.0,407.0,285.0,3.0,180.0,12.0,0.7,0.2,0.4,160.0,300.0,405.0,285.0,3.0,180.0,12.0,0.7,0.2,0.4
1974,2,109.0,5.0,26.2,26.2,26.2,26.2,1.0,0.0,8.0,1.0,0.8,0.5,26.5,26.5,26.5,26.5,1.0,0.0,8.0,1.0,0.8,0.5,18.26,18.26,18.26,18.26,1.0,0.0,8.0,1.0,0.8,0.5,84.1,84.1,84.1,84.1,1.0,0.0,8.0,1.0,0.5,4.6,4.6,4.6,4.6,1.0,0.0,8.0,1.0,0.8,0.5,-2.3,-2.3,-2.3,-2.3,1.0,0.0,8.0,1.0,0.8,0.5,-3.98,-3.98,-3.98,-3.98,1.0,0.0,8.0,1.0,0.8,0.5,1007.8,1007.8,1007.8,1007.8,1.0,0.0,8.0,1.0,0.8,0.5,4.0,4.0,4.0,4.0,1.0,0.0,8.0,1.0,0.8,0.5,-10.6,-10.6,-10.6,-10.6,1.0,0.0,8.0,1.0,0.8,0.5,-18.3,-18.3,-18.3,-18.3,1.0,0.0,8.0,1.0,0.8,0.5,-0.3,-0.3,-0.3,-0.3,1.0,0.0,8.0,1.0,0.8,0.5,-1.4,-1.4,-1.4,-1.4,1.0,0.0,8.0,1.0,0.8,0.5,3.11,3.11,3.11,3.11,1.0,0.0,8.0,1.0,0.8,0.5,14.3,14.3,14.3,14.3,1.0,0.0,8.0,1.0,0.8,0.5,-60.9,-60.9,-60.9,-60.9,1.0,0.0,8.0,1.0,0.8,0.5,-105.6,-105.6,-105.6,-105.6,1.0,0.0,8.0,1.0,0.8,0.5,-42.0,-42.0,-42.0,-42.0,1.0,0.0,8.0,1.0,0.8,0.5,-72.7,-72.7,-72.7,-72.7,1.0,0.0,8.0,1.0,0.8,0.5,-7.1,-7.1,-7.1,-7.1,1.0,0.0,8.0,1.0,0.8,0.5,-12.4,-12.4,-12.4,-12.4,1.0,0.0,8.0,1.0,0.8,0.5,97.5,97.5,97.5,97.5,1.0,0.0,8.0,1.0,0.8,0.5,95.0,95.0,95.0,95.0,1.0,0.0,8.0,1.0,0.8,0.5
1974,2,109.0,6.0,,,,,,,,,,,,,,,,,,,,,,,,,,,,,,,,,,,,,,,,7.7,7.7,7.7,7.7,1.0,0.0,16.0,1.0,0.0,0.9,-2.63,-2.63,-2.63,-2.63,1.0,0.0,16.0,1.0,0.0,0.9,-7.24,-7.24,-7.24,-7.24,1.0,0.0,16.0,1.0,0.0,0.9,1008.0,1008.0,1008.0,1008.0,1.0,0.0,16.0,1.0,0.0,0.9,,,,,,,,,,,,,,,,,,,,,,,,,,,,,,,,,,,,,,,,,,,,,,,,,,,,,,,,,,,,,,,,,,,,,,,,,,,,,,,,,,,,,,,,,,,,,,,,,,,,,,,,,,,,,,,,,,,,,,,,,,,,,,,,,,,,,,,,,,,,,,,,,,,,,,
1974,2,109.0,7.0,24.5,25.6,26.7,25.68,23.0,1.17,12.0,0.4,0.2,0.6,24.9,25.6,26.35,25.54,23.0,0.94,12.0,0.4,0.2,0.6,16.41,17.2,18.11,17.1,20.0,1.02,12.0,0.4,0.2,0.6,81.0,84.0,87.1,83.8,20.0,4.0,12.0,0.4,0.6,5.87,8.7,12.25,9.13,21.0,3.56,12.0,0.4,0.2,0.6,-6.12,-4.65,-2.99,-4.61,21.0,1.75,12.0,0.4,0.2,0.6,-11.17,-7.12,-4.75,-7.74,21.0,3.47,12.0,0.4,0.2,0.6,1008.75,1010.2,1012.7,1010.71,23.0,2.18,12.0,0.4,0.2,0.6,4.0,7.0,8.0,6.1,23.0,1.7,12.0,0.4,0.2,0.6,-70.4,-43.2,-13.1,-46.9,21.0,32.7,12.0,0.4,0.2,0.6,-134.6,-66.3,-31.0,-82.2,21.0,62.9,12.0,0.4,0.2,0.6,-1.05,0.0,0.85,0.14,23.0,1.42,12.0,0.4,0.2,0.6,-8.2,1.0,8.3,3.0,21.0,16.9,12.0,0.4,0.2,0.6,1.95,3.48,4.53,3.27,20.0,1.19,12.0,0.4,0.2,0.6,14.0,25.1,59.8,31.4,19.0,20.3,12.0,0.4,0.2,0.6,-154.1,-114.8,-77.9,-117.0,21.0,43.8,12.0,0.4,0.2,0.6,-273.6,-186.8,-123.3,-195.9,21.0,84.5,12.0,0.4,0.2,0.6,-109.0,-80.8,-53.6,-80.3,19.0,28.1,12.0,0.4,0.2,0.6,-180.9,-129.7,-88.9,-131.6,19.0,53.2,12.0,0.4,0.2,0.6,-27.1,-12.6,-7.2,-15.9,19.0,9.8,12.0,0.4,0.2,0.6,-52.4,-20.3,-12.3,-26.6,19.0,18.5,12.0,0.4,0.2,0.6,205.5,658.5,1837.5,1104.0,21.0,1157.0,12.0,0.4,0.2,0.6,205.0,660.0,1840.0,1105.0,21.0,1155.0,12.0,0.4,0.2,0.6
1974,2,109.0,8.0,24.54,25.5,27.0,25.66,79.0,1.09,16.0,0.5,0.5,0.4,24.6,25.5,27.0,25.74,89.0,1.43,16.0,0.5,0.5,0.4,15.26,16.74,18.68,16.99,77.0,1.81,16.0,0.5,0.5,0.4,75.3,82.1,88.2,82.1,77.0,7.0,16.0,0.5,0.4,5.1,10.3,15.4,9.96,88.0,4.32,16.0,0.5,0.5,0.4,-7.9,-4.99,-2.1,-4.96,88.0,2.88,16.0,0.5,0.5,0.4,-13.01,-8.37,-2.72,-8.18,88.0,4.28,16.0,0.5,0.5,0.4,1008.65,1010.85,1012.55,1010.74,86.0,2.1,16.0,0.5,0.5,0.4,3.0,6.0,8.0,5.5,87.0,2.1,16.0,0.5,0.5,0.4,-118.6,-40.1,-13.5,-57.6,88.0,50.0,16.0,0.5,0.5,0.4,-183.3,-81.3,-14.9,-98.9,88.0,77.5,16.0,0.5,0.5,0.4,-1.06,0.0,1.16,-0.07,79.0,1.66,16.0,0.5,0.5,0.4,-9.0,0.0,14.5,1.2,78.0,15.3,16.0,0.5,0.5,0.4,2.0,3.42,5.03,3.52,71.0,1.83,16.0,0.5,0.4,0.4,8.0,35.4,63.4,39.1,70.0,31.0,16.0,0.5,0.4,0.4,-196.7,-130.7,-55.3,-126.9,88.0,72.7,16.0,0.5,0.5,0.4,-324.2,-214.1,-78.8,-207.3,88.0,105.2,16.0,0.5,0.5,0.4,-126.3,-91.2,-37.9,-88.1,76.0,44.3,16.0,0.5,0.5,0.4,-205.1,-138.2,-60.4,-137.2,76.0,62.9,16.0,0.5,0.5,0.4,-34.2,-15.0,-5.1,-19.9,70.0,17.1,16.0,0.5,0.4,0.4,-54.0,-29.8,-6.4,-32.6,70.0,27.3,16.0,0.5,0.4,0.4,132.5,1092.5,3652.5,1539.5,88.0,1549.5,16.0,0.5,0.5,0.4,135.0,1095.0,3650.0,1540.0,88.0,1550.0,16.0,0.5,0.5,0.4
1974,2,109.0,9.0,24.4,25.6,26.64,25.67,56.0,1.18,16.0,0.6,0.6,0.4,24.4,25.35,27.26,25.67,62.0,1.66,16.0,0.6,0.6,0.4,14.44,16.49,18.56,16.68,51.0,2.0,16.0,0.6,0.6,0.4,75.0,80.4,90.8,81.6,52.0,8.4,16.0,0.6,0.4,5.32,11.3,16.82,10.8,60.0,5.19,16.0,0.6,0.6,0.4,-9.27,-5.15,-2.45,-5.81,60.0,3.47,16.0,0.6,0.6,0.4,-13.79,-8.7,-2.9,-8.42,60.0,5.2,16.0,0.6,0.6,0.4,1008.67,1011.0,1013.0,1010.85,62.0,2.04,16.0,0.6,0.6,0.4,3.7,6.0,7.3,5.6,62.0,2.1,16.0,0.6,0.6,0.4,-149.6,-56.3,-13.6,-76.3,60.0,69.5,16.0,0.6,0.6,0.4,-234.6,-91.1,-14.1,-114.3,60.0,96.9,16.0,0.6,0.6,0.4,-1.4,0.25,1.7,0.0,56.0,1.83,16.0,0.6,0.6,0.4,-10.7,2.5,16.5,1.9,55.0,19.4,16.0,0.6,0.6,0.4,1.52,4.22,6.08,3.76,47.0,2.63,16.0,0.6,0.6,0.4,11.5,43.9,82.7,43.9,47.0,38.2,16.0,0.6,0.6,0.4,-238.6,-129.9,-60.6,-147.5,59.0,85.7,16.0,0.6,0.6,0.4,-342.5,-221.6,-75.7,-215.2,59.0,129.4,16.0,0.6,0.6,0.4,-159.8,-90.0,-45.9,-99.2,49.0,58.6,16.0,0.6,0.6,0.4,-229.8,-163.8,-66.1,-154.9,49.0,76.5,16.0,0.6,0.6,0.4,-34.9,-16.1,-3.0,-20.4,47.0,20.0,16.0,0.6,0.6,0.4,-73.3,-35.0,-2.1,-37.1,47.0,34.6,16.0,0.6,0.6,0.4,151.5,1443.0,4760.0,2105.0,60.0,2141.5,16.0,0.6,0.6,0.4,150.0,1445.0,4760.0,2105.0,60.0,2140.0,16.0,0.6,0.6,0.4
1974,2,109.0,10.0,24.4,25.6,27.21,25.67,19.0,1.41,12.0,0.5,0.3,0.4,23.4,24.9,26.1,24.64,20.0,1.58,12.0,0.5,0.3,0.5,13.21,16.7,17.59,15.89,10.0,2.14,14.0,0.5,0.2,0.4,75.0,84.5,88.6,83.0,10.0,7.8,14.0,0.5,0.4,6.21,11.6,18.0,12.14,20.0,6.12,12.0,0.5,0.3,0.5,-9.49,-5.02,-2.4,-6.02,20.0,4.02,12.0,0.5,0.3,0.5,-15.97,-10.06,-5.38,-9.77,20.0,6.14,12.0,0.5,0.3,0.5,1009.1,1011.9,1013.21,1011.18,19.0,2.3,12.0,0.5,0.3,0.4,2.0,4.5,7.0,4.5,20.0,2.4,12.0,0.5,0.3,0.5,-180.2,-55.0,-16.8,-91.9,20.0,92.7,12.0,0.5,0.3,0.5,-280.5,-118.0,-33.5,-151.2,20.0,127.7,12.0,0.5,0.3,0.5,-1.0,1.05,3.02,1.13,18.0,1.76,12.0,0.5,0.3,0.5,-1.4,18.0,52.9,22.5,17.0,26.7,12.0,0.5,0.3,0.5,2.22,4.54,6.85,4.65,9.0,2.33,14.0,0.6,0.3,0.5,17.4,60.8,116.3,68.4,9.0,61.1,14.0,0.6,0.3,0.5,-228.8,-124.4,-56.3,-146.6,19.0,98.8,12.0,0.5,0.3,0.5,-367.4,-249.2,-118.2,-227.7,19.0,147.1,12.0,0.5,0.3,0.5,-158.8,-86.6,-57.5,-99.3,10.0,53.6,14.0,0.5,0.2,0.4,-186.9,-150.1,-113.6,-145.9,10.0,59.4,14.0,0.5,0.2,0.4,-81.4,-20.9,-11.2,-41.1,9.0,41.9,14.0,0.6,0.3,0.5,-88.2,-46.6,-14.9,-52.9,9.0,46.9,14.0,0.6,0.3,0.5,240.0,1619.5,5832.0,3063.5,20.0,3355.5,12.0,0.5,0.3,0.5,240.0,1620.0,5830.0,3065.0,20.0,3355.0,12.0,0.5,0.3,0.5
1974,2,109.0,11.0,23.0,24.4,25.77,24.64,11.0,1.72,10.0,0.5,0.5,0.4,23.15,24.7,26.1,24.66,11.0,1.71,10.0,0.5,0.5,0.4,12.35,15.79,17.46,15.21,8.0,2.32,10.0,0.5,0.4,0.3,60.7,82.8,90.6,78.4,8.0,13.5,10.0,0.5,0.3,4.93,10.3,13.19,9.26,10.0,4.74,10.0,0.6,0.4,0.4,-4.28,-1.29,0.0,-1.73,10.0,2.64,10.0,0.6,0.4,0.4,-13.1,-8.5,-2.83,-8.28,10.0,5.59,10.0,0.6,0.4,0.4,1010.71,1012.5,1014.49,1012.13,11.0,2.64,10.0,0.5,0.5,0.4,1.4,4.0,6.6,3.8,10.0,2.5,12.0,0.6,0.5,0.4,-40.7,-9.5,0.0,-14.7,10.0,28.0,10.0,0.6,0.4,0.4,-172.8,-86.6,-18.9,-99.5,10.0,79.3,10.0,0.6,0.4,0.4,-3.13,0.25,1.26,-0.27,10.0,2.87,10.0,0.5,0.5,0.4,-7.7,1.4,6.9,-2.0,8.0,14.5,8.0,0.5,0.4,0.4,0.9,3.3,7.3,3.94,8.0,3.29,10.0,0.5,0.4,0.3,4.6,33.0,78.2,35.7,7.0,38.0,10.0,0.4,0.4,0.4,-110.7,-34.0,0.0,-45.8,9.0,64.2,8.0,0.6,0.4,0.4,-311.6,-193.0,-47.7,-185.6,9.0,132.9,8.0,0.6,0.4,0.4,-82.8,-29.6,-18.2,-41.2,7.0,43.1,10.0,0.4,0.4,0.4,-148.6,-136.7,-108.7,-114.6,7.0,66.6,10.0,0.4,0.4,0.4,-16.8,-9.3,1.9,-6.4,7.0,13.1,10.0,0.4,0.4,0.4,-77.0,-26.9,5.5,-31.2,7.0,39.7,10.0,0.4,0.4,0.4,155.5,1092.5,2295.0,1293.0,10.0,1178.5,10.0,0.6,0.4,0.4,155.0,1095.0,2295.0,1295.0,10.0,1180.0,10.0,0.6,0.4,0.4
1974,2,109.0,12.0,23.21,24.4,25.97,24.69,10.0,1.58,8.0,0.3,0.7,0.5,22.89,24.1,25.0,24.21,12.0,2.14,8.0,0.4,0.7,0.5,14.73,16.44,17.06,15.89,6.0,1.5,10.0,0.3,0.7,0.5,77.7,85.5,92.3,83.1,6.0,13.4,10.0,0.3,0.5,3.35,7.6,15.4,8.95,12.0,5.35,8.0,0.4,0.7,0.5,-4.45,-2.09,0.57,-2.02,12.0,2.81,8.0,0.4,0.7,0.5,-15.23,-7.0,-1.15,-7.15,12.0,6.92,8.0,0.4,0.7,0.5,1009.2,1011.6,1014.23,1011.81,12.0,2.4,8.0,0.4,0.7,0.5,2.0,4.0,5.4,3.7,11.0,2.1,8.0,0.5,0.7,0.5,-42.7,-9.4,1.5,-19.7,12.0,36.0,8.0,0.4,0.7,0.5,-234.5,-57.0,-3.0,-95.5,12.0,107.8,8.0,0.4,0.7,0.5,-0.83,0.5,2.36,0.54,10.0,2.02,8.0,0.3,0.7,0.5,-2.2,5.7,19.5,8.7,10.0,18.8,8.0,0.3,0.7,0.5,1.69,2.72,6.02,3.43,6.0,2.4,10.0,0.3,0.7,0.5,5.9,15.1,52.0,28.4,6.0,33.3,10.0,0.3,0.7,0.5,-123.2,-48.5,13.7,-50.4,12.0,66.8,8.0,0.4,0.7,0.5,-332.6,-165.8,-29.2,-166.5,12.0,158.0,8.0,0.4,0.7,0.5,-71.2,-36.4,35.9,-28.8,6.0,58.3,10.0,0.3,0.7,0.5,-148.4,-55.0,-21.3,-75.9,6.0,79.8,10.0,0.3,0.7,0.5,-16.0,-6.0,4.2,-5.9,6.0,14.3,10.0,0.3,0.7,0.5,-43.9,-11.0,-4.1,-24.5,6.0,33.3,10.0,0.3,0.7,0.5,39.5,483.5,3652.5,1456.0,12.0,1777.5,8.0,0.4,0.7,0.5,40.0,485.0,3650.0,1455.0,12.0,1780.0,8.0,0.4,0.7,0.5
1974,2,109.0,13.0,22.95,25.0,26.1,24.69,7.0,1.99,8.0,0.4,0.8,0.4,23.73,25.1,26.46,25.36,8.0,2.49,8.0,0.4,0.8,0.3,15.05,16.33,16.88,15.98,4.0,1.29,8.0,0.5,0.8,0.3,73.1,80.6,88.6,80.8,4.0,9.5,8.0,0.5,0.3,4.01,4.35,10.81,7.01,8.0,4.39,8.0,0.4,0.8,0.3,-3.13,-2.27,2.04,-0.81,8.0,3.13,8.0,0.4,0.8,0.3,-8.21,-2.73,3.33,-2.48,8.0,7.61,8.0,0.4,0.8,0.3,1009.67,1011.8,1015.0,1012.11,7.0,2.96,8.0,0.3,0.8,0.3,2.2,4.5,6.9,4.6,8.0,2.4,8.0,0.4,0.8,0.3,-20.3,-10.4,9.4,0.7,8.0,34.7,8.0,0.4,0.8,0.3,-74.3,-10.6,13.3,-27.1,8.0,96.7,8.0,0.4,0.8,0.3,-1.83,-1.5,-0.16,-1.16,7.0,1.03,8.0,0.4,0.8,0.4,-10.5,-8.3,-0.6,-7.1,7.0,6.3,8.0,0.4,0.8,0.4,1.12,2.5,5.33,3.19,4.0,2.7,8.0,0.5,0.8,0.3,4.5,16.3,31.3,17.8,4.0,15.6,8.0,0.5,0.8,0.3,-81.2,-58.4,50.7,-25.2,8.0,77.1,8.0,0.4,0.8,0.3,-213.8,-71.0,78.1,-57.6,8.0,185.7,8.0,0.4,0.8,0.3,-49.2,-42.2,2.3,-24.3,4.0,42.1,8.0,0.5,0.8,0.3,-104.9,-55.3,-41.9,-72.6,4.0,46.5,8.0,0.5,0.8,0.3,-15.0,-7.7,-0.6,-7.8,4.0,8.9,8.0,0.5,0.8,0.3,-27.1,-12.6,-3.4,-15.1,4.0,14.3,8.0,0.5,0.8,0.3,64.5,83.0,1272.5,766.5,8.0,1258.0,8.0,0.4,0.8,0.3,65.0,85.0,1275.0,765.0,8.0,1260.0,8.0,0.4,0.8,0.3
1974,2,109.0,14.0,,,,,,,,,,,,,,,,,,,,,,,,,,,,,,,,,,,,,,,,7.89,9.8,11.3,9.6,3.0,2.51,12.0,1.0,0.5,0.6,0.39,1.22,1.81,1.1,3.0,1.05,12.0,1.0,0.5,0.6,-10.25,-6.89,4.5,-2.97,3.0,11.33,12.0,1.0,0.5,0.6,1009.0,1010.5,1015.35,1012.13,3.0,4.86,12.0,1.0,0.5,0.6,,,,,,,,,,,,,,,,,,,,,,,,,,,,,,,,,,,,,,,,,,,,,,,,,,,,,,,,,,,,,,,,,,,,,,,,,,,,,,,,,,,,,,,,,,,,,,,,,,,,,,,,,,,,,,,,,,,,,,,,,,,,,,,,,,,,,,,,,,,,,,,,,,,,,,
1974,2,109.0,15.0,21.63,23.0,24.53,23.24,5.0,2.36,6.0,0.6,0.3,0.5,19.72,23.2,23.88,21.83,3.0,3.27,6.0,0.3,0.3,0.5,14.11,14.11,14.11,14.11,1.0,0.0,2.0,0.0,0.1,0.8,80.2,80.2,80.2,80.2,1.0,0.0,2.0,0.0,0.8,3.33,5.1,10.24,6.4,5.0,3.84,6.0,0.6,0.3,0.5,-3.38,-1.91,2.73,-0.35,5.0,4.08,6.0,0.6,0.3,0.5,-8.72,-3.91,-0.61,-4.48,5.0,4.9,6.0,0.6,0.3,0.5,1016.26,1018.7,1019.83,1018.08,4.0,2.55,6.0,0.8,0.2,0.6,4.0,5.5,7.5,5.8,4.0,2.1,4.0,0.5,0.4,0.4,-18.3,-14.6,23.4,2.2,5.0,34.4,6.0,0.6,0.3,0.5,-90.2,-19.9,-4.0,-43.5,5.0,51.6,6.0,0.6,0.3,0.5,-2.25,-0.2,2.6,0.17,3.0,3.56,6.0,0.3,0.3,0.5,-4.7,-1.0,25.8,10.3,3.0,24.4,6.0,0.3,0.3,0.5,3.31,3.31,3.31,3.31,1.0,0.0,2.0,0.0,0.1,0.8,16.9,16.9,16.9,16.9,1.0,0.0,2.0,0.0,0.1,0.8,-46.7,16.6,83.1,18.2,3.0,95.0,6.0,0.3,0.3,0.5,-121.5,-90.6,2.3,-60.3,3.0,94.4,6.0,0.3,0.3,0.5,-46.3,-46.3,-46.3,-46.3,1.0,0.0,2.0,0.0,0.1,0.8,-55.1,-55.1,-55.1,-55.1,1.0,0.0,2.0,0.0,0.1,0.8,-10.8,-10.8,-10.8,-10.8,1.0,0.0,2.0,0.0,0.1,0.8,-12.9,-12.9,-12.9,-12.9,1.0,0.0,2.0,0.0,0.1,0.8,46.5,132.5,1083.5,496.5,5.0,601.5,6.0,0.6,0.3,0.5,45.0,135.0,1085.0,495.0,5.0,600.0,6.0,0.6,0.3,0.5
1974,2,109.0,16.0,,,,,,,,,,,,,,,,,,,,,,,,,,,,,,,,,,,,,,,,6.77,8.0,9.23,8.0,2.0,2.55,6.0,1.0,0.5,0.6,-4.0,-2.37,-0.75,-2.37,2.0,3.36,6.0,1.0,0.5,0.6,4.91,6.89,8.88,6.89,2.0,4.11,6.0,1.0,0.5,0.6,1008.19,1010.75,1013.31,1010.75,2.0,5.3,6.0,1.0,0.5,0.6,,,,,,,,,,,,,,,,,,,,,,,,,,,,,,,,,,,,,,,,,,,,,,,,,,,,,,,,,,,,,,,,,,,,,,,,,,,,,,,,,,,,,,,,,,,,,,,,,,,,,,,,,,,,,,,,,,,,,,,,,,,,,,,,,,,,,,,,,,,,,,,,,,,,,,
1974,2,109.0,17.0,20.19,22.7,24.14,22.91,7.0,2.42,18.0,0.7,0.5,0.8,19.58,22.0,25.29,22.41,7.0,3.9,18.0,0.7,0.5,0.8,16.44,16.44,16.44,16.44,1.0,0.0,16.0,1.0,0.5,0.2,100.0,100.0,100.0,100.0,1.0,0.0,16.0,1.0,0.2,1.59,3.55,7.21,4.02,6.0,3.17,16.0,0.8,0.5,0.7,-5.91,-3.34,-1.02,-3.55,6.0,3.01,16.0,0.8,0.5,0.7,-2.31,-0.77,0.14,-1.18,6.0,1.88,16.0,0.8,0.5,0.7,1014.84,1017.85,1021.41,1018.15,6.0,3.32,20.0,0.7,0.5,0.8,2.9,6.0,8.0,5.0,7.0,2.9,18.0,0.7,0.5,0.8,-43.0,-14.1,-2.0,-22.1,6.0,25.3,16.0,0.8,0.5,0.7,-13.6,-1.5,0.3,-7.0,6.0,12.5,16.0,0.8,0.5,0.7,0.04,1.9,3.06,0.5,7.0,4.43,18.0,0.7,0.5,0.8,-15.0,3.2,11.0,-5.1,6.0,35.0,16.0,0.8,0.5,0.7,0.51,0.51,0.51,0.51,1.0,0.0,16.0,1.0,0.5,0.2,2.6,2.6,2.6,2.6,1.0,0.0,16.0,1.0,0.5,0.2,-131.9,-76.3,-17.5,-85.5,6.0,84.0,16.0,0.8,0.5,0.7,-48.8,-13.2,3.5,-22.7,6.0,38.0,16.0,0.8,0.5,0.7,-78.8,-78.8,-78.8,-78.8,1.0,0.0,16.0,1.0,0.5,0.2,-28.7,-28.7,-28.7,-28.7,1.0,0.0,16.0,1.0,0.5,0.2,-2.5,-2.5,-2.5,-2.5,1.0,0.0,16.0,1.0,0.5,0.2,-0.9,-0.9,-0.9,-0.9,1.0,0.0,16.0,1.0,0.5,0.2,6.5,70.5,378.0,167.5,6.0,214.5,16.0,0.8,0.5,0.7,5.0,70.0,380.0,165.0,6.0,215.0,16.0,0.8,0.5,0.7
1974,2,109.0,18.0,,,,,,,,,,,,,,,,,,,,,,,,,,,,,,,,,,,,,,,,4.52,6.9,9.38,6.95,4.0,2.86,6.0,0.3,0.3,0.0,-7.71,-4.86,-2.79,-5.23,4.0,2.93,6.0,0.3,0.3,0.0,-4.15,0.92,4.72,0.31,4.0,5.23,6.0,0.3,0.3,0.0,1010.68,1013.75,1018.19,1014.4,4.0,4.54,6.0,0.3,0.3,0.0,,,,,,,,,,,,,,,,,,,,,,,,,,,,,,,,,,,,,,,,,,,,,,,,,,,,,,,,,,,,,,,,,,,,,,,,,,,,,,,,,,,,,,,,,,,,,,,,,,,,,,,,,,,,,,,,,,,,,,,,,,,,,,,,,,,,,,,,,,,,,,,,,,,,,,
1974,2,110.0,-42.0,13.7,13.7,13.7,13.7,1.0,0.0,6.0,0.0,0.8,0.1,10.9,10.9,10.9,10.9,1.0,0.0,6.0,0.0,0.8,0.1,5.61,5.61,5.61,5.61,1.0,0.0,6.0,0.0,0.8,0.1,70.3,70.3,70.3,70.3,1.0,0.0,6.0,0.0,0.1,4.6,4.6,4.6,4.6,1.0,0.0,6.0,0.0,0.8,0.1,4.32,4.32,4.32,4.32,1.0,0.0,6.0,0.0,0.8,0.1,1.57,1.57,1.57,1.57,1.0,0.0,6.0,0.0,0.8,0.1,1022.4,1022.4,1022.4,1022.4,1.0,0.0,6.0,0.0,0.8,0.1,7.0,7.0,7.0,7.0,1.0,0.0,6.0,0.0,0.8,0.1,19.9,19.9,19.9,19.9,1.0,0.0,6.0,0.0,0.8,0.1,7.2,7.2,7.2,7.2,1.0,0.0,6.0,0.0,0.8,0.1,2.8,2.8,2.8,2.8,1.0,0.0,6.0,0.0,0.8,0.1,12.9,12.9,12.9,12.9,1.0,0.0,6.0,0.0,0.8,0.1,4.02,4.02,4.02,4.02,1.0,0.0,6.0,0.0,0.8,0.1,18.5,18.5,18.5,18.5,1.0,0.0,6.0,0.0,0.8,0.1,47.1,47.1,47.1,47.1,1.0,0.0,6.0,0.0,0.8,0.1,17.1,17.1,17.1,17.1,1.0,0.0,6.0,0.0,0.8,0.1,24.3,24.3,24.3,24.3,1.0,0.0,6.0,0.0,0.8,0.1,8.8,8.8,8.8,8.8,1.0,0.0,6.0,0.0,0.8,0.1,17.4,17.4,17.4,17.4,1.0,0.0,6.0,0.0,0.8,0.1,6.3,6.3,6.3,6.3,1.0,0.0,6.0,0.0,0.8,0.1,97.5,97.5,97.5,97.5,1.0,0.0,6.0,0.0,0.8,0.1,95.0,95.0,95.0,95.0,1.0,0.0,6.0,0.0,0.8,0.1
1974,2,110.0,-41.0,15.0,15.0,15.0,15.0,1.0,0.0,10.0,1.0,0.5,0.6,14.0,14.0,14.0,14.0,1.0,0.0,10.0,1.0,0.5,0.6,9.89,9.89,9.89,9.89,1.0,0.0,10.0,1.0,0.5,0.6,100.0,100.0,100.0,100.0,1.0,0.0,10.0,1.0,0.6,9.3,9.3,9.3,9.3,1.0,0.0,10.0,1.0,0.5,0.6,8.05,8.05,8.05,8.05,1.0,0.0,10.0,1.0,0.5,0.6,4.65,4.65,4.65,4.65,1.0,0.0,10.0,1.0,0.5,0.6,1015.7,1015.7,1015.7,1015.7,1.0,0.0,10.0,1.0,0.5,0.6,8.0,8.0,8.0,8.0,1.0,0.0,10.0,1.0,0.5,0.6,74.9,74.9,74.9,74.9,1.0,0.0,10.0,1.0,0.5,0.6,43.2,43.2,43.2,43.2,1.0,0.0,10.0,1.0,0.5,0.6,1.0,1.0,1.0,1.0,1.0,0.0,10.0,1.0,0.5,0.6,9.3,9.3,9.3,9.3,1.0,0.0,10.0,1.0,0.5,0.6,0.66,0.66,0.66,0.66,1.0,0.0,10.0,1.0,0.5,0.6,6.2,6.2,6.2,6.2,1.0,0.0,10.0,1.0,0.5,0.6,112.8,112.8,112.8,112.8,1.0,0.0,10.0,1.0,0.5,0.6,65.1,65.1,65.1,65.1,1.0,0.0,10.0,1.0,0.5,0.6,79.6,79.6,79.6,79.6,1.0,0.0,10.0,1.0,0.5,0.6,46.0,46.0,46.0,46.0,1.0,0.0,10.0,1.0,0.5,0.6,5.4,5.4,5.4,5.4,1.0,0.0,10.0,1.0,0.5,0.6,3.1,3.1,3.1,3.1,1.0,0.0,10.0,1.0,0.5,0.6,804.5,804.5,804.5,804.5,1.0,0.0,10.0,1.0,0.5,0.6,805.0,805.0,805.0,805.0,1.0,0.0,10.0,1.0,0.5,0.6
1974,2,110.0,-40.0,15.0,15.0,15.0,15.0,1.0,0.0,2.0,0.0,0.1,0.3,15.0,15.0,15.0,15.0,1.0,0.0,2.0,0.0,0.1,0.3,8.49,8.49,8.49,8.49,1.0,0.0,2.0,0.0,0.1,0.3,80.1,80.1,80.1,80.1,1.0,0.0,2.0,0.0,0.3,8.7,8.7,8.7,8.7,1.0,0.0,2.0,0.0,0.1,0.3,5.59,5.59,5.59,5.59,1.0,0.0,2.0,0.0,0.1,0.3,-6.66,-6.66,-6.66,-6.66,1.0,0.0,2.0,0.0,0.1,0.3,1009.5,1009.5,1009.5,1009.5,1.0,0.0,2.0,0.0,0.1,0.3,8.0,8.0,8.0,8.0,1.0,0.0,2.0,0.0,0.1,0.3,48.7,48.7,48.7,48.7,1.0,0.0,2.0,0.0,0.1,0.3,-58.0,-58.0,-58.0,-58.0,1.0,0.0,2.0,0.0,0.1,0.3,0.0,0.0,0.0,0.0,1.0,0.0,2.0,0.0,0.1,0.3,0.0,0.0,0.0,0.0,1.0,0.0,2.0,0.0,0.1,0.3,2.12,2.12,2.12,2.12,1.0,0.0,2.0,0.0,0.1,0.3,18.5,18.5,18.5,18.5,1.0,0.0,2.0,0.0,0.1,0.3,83.9,83.9,83.9,83.9,1.0,0.0,2.0,0.0,0.1,0.3,-100.0,-100.0,-100.0,-100.0,1.0,0.0,2.0,0.0,0.1,0.3,47.5,47.5,47.5,47.5,1.0,0.0,2.0,0.0,0.1,0.3,-56.6,-56.6,-56.6,-56.6,1.0,0.0,2.0,0.0,0.1,0.3,11.9,11.9,11.9,11.9,1.0,0.0,2.0,0.0,0.1,0.3,-14.2,-14.2,-14.2,-14.2,1.0,0.0,2.0,0.0,0.1,0.3,658.5,658.5,658.5,658.5,1.0,0.0,2.0,0.0,0.1,0.3,660.0,660.0,660.0,660.0,1.0,0.0,2.0,0.0,0.1,0.3
1974,2,110.0,-35.0,19.2,19.2,19.2,19.2,1.0,0.0,8.0,0.0,0.6,0.9,18.4,18.4,18.4,18.4,1.0,0.0,8.0,0.0,0.6,0.9,10.56,10.56,10.56,10.56,1.0,0.0,8.0,0.0,0.6,0.9,80.6,80.6,80.6,80.6,1.0,0.0,8.0,0.0,0.9,6.2,6.2,6.2,6.2,1.0,0.0,8.0,0.0,0.6,0.9,-1.08,-1.08,-1.08,-1.08,1.0,0.0,8.0,0.0,0.6,0.9,6.11,6.11,6.11,6.11,1.0,0.0,8.0,0.0,0.6,0.9,1014.6,1014.6,1014.6,1014.6,1.0,0.0,8.0,0.0,0.6,0.9,4.0,4.0,4.0,4.0,1.0,0.0,8.0,0.0,0.6,0.9,-6.7,-6.7,-6.7,-6.7,1.0,0.0,8.0,0.0,0.6,0.9,37.9,37.9,37.9,37.9,1.0,0.0,8.0,0.0,0.6,0.9,0.8,0.8,0.8,0.8,1.0,0.0,8.0,0.0,0.6,0.9,5.0,5.0,5.0,5.0,1.0,0.0,8.0,0.0,0.6,0.9,3.25,3.25,3.25,3.25,1.0,0.0,8.0,0.0,0.6,0.9,20.1,20.1,20.1,20.1,1.0,0.0,8.0,0.0,0.6,0.9,-19.8,-19.8,-19.8,-19.8,1.0,0.0,8.0,0.0,0.6,0.9,112.3,112.3,112.3,112.3,1.0,0.0,8.0,0.0,0.6,0.9,-11.4,-11.4,-11.4,-11.4,1.0,0.0,8.0,0.0,0.6,0.9,64.5,64.5,64.5,64.5,1.0,0.0,8.0,0.0,0.6,0.9,-3.5,-3.5,-3.5,-3.5,1.0,0.0,8.0,0.0,0.6,0.9,19.8,19.8,19.8,19.8,1.0,0.0,8.0,0.0,0.6,0.9,238.5,238.5,238.5,238.5,1.0,0.0,8.0,0.0,0.6,0.9,240.0,240.0,240.0,240.0,1.0,0.0,8.0,0.0,0.6,0.9
1974,2,110.0,-34.0,,,,,,,,,,,,,,,,,,,,,,,,,,,,,,,,,,,,,,,,15.4,15.4,15.4,15.4,1.0,0.0,10.0,1.0,0.1,0.7,7.7,7.7,7.7,7.7,1.0,0.0,10.0,1.0,0.1,0.7,13.34,13.34,13.34,13.34,1.0,0.0,10.0,1.0,0.1,0.7,1011.4,1011.4,1011.4,1011.4,1.0,0.0,10.0,1.0,0.1,0.7,,,,,,,,,,,,,,,,,,,,,,,,,,,,,,,,,,,,,,,,,,,,,,,,,,,,,,,,,,,,,,,,,,,,,,,,,,,,,,,,,,,,,,,,,,,,,,,,,,,,,,,,,,,,,,,,,,,,,,,,,,,,,,,,,,,,,,,,,,,,,,,,,,,,,,
1974,2,110.0,-33.0,20.33,20.4,20.47,20.4,2.0,0.14,10.0,1.0,0.8,1.0,19.5,19.7,19.9,19.7,2.0,0.42,10.0,1.0,0.8,1.0,9.29,10.09,10.88,10.09,2.0,1.65,10.0,1.0,0.8,1.0,66.5,71.0,75.6,71.0,2.0,9.5,10.0,1.0,1.0,5.43,6.15,6.87,6.15,2.0,1.48,10.0,1.0,0.8,1.0,-3.86,-3.75,-3.65,-3.75,2.0,0.22,10.0,1.0,0.8,1.0,3.75,4.76,5.77,4.76,2.0,2.09,10.0,1.0,0.8,1.0,1016.63,1018.0,1019.37,1018.0,2.0,2.83,10.0,1.0,0.8,1.0,1.0,3.0,5.0,3.0,2.0,4.2,10.0,1.0,0.8,1.0,-25.0,-22.9,-20.9,-22.9,2.0,4.2,10.0,1.0,0.8,1.0,21.2,30.8,40.4,30.8,2.0,19.9,10.0,1.0,0.8,1.0,0.56,0.7,0.84,0.7,2.0,0.28,10.0,1.0,0.8,1.0,3.2,4.5,5.9,4.5,2.0,2.8,10.0,1.0,0.8,1.0,4.04,4.75,5.46,4.75,2.0,1.48,10.0,1.0,0.8,1.0,22.5,30.3,38.1,30.3,2.0,16.1,10.0,1.0,0.8,1.0,-76.8,-74.0,-71.2,-74.0,2.0,5.9,10.0,1.0,0.8,1.0,74.4,93.3,112.2,93.3,2.0,39.2,10.0,1.0,0.8,1.0,-42.1,-38.0,-34.0,-38.0,2.0,8.4,10.0,1.0,0.8,1.0,39.9,46.3,52.7,46.3,2.0,13.3,10.0,1.0,0.8,1.0,-19.9,-17.7,-15.5,-17.7,2.0,4.5,10.0,1.0,0.8,1.0,16.0,24.1,32.3,24.1,2.0,17.0,10.0,1.0,0.8,1.0,171.0,253.0,335.0,253.0,2.0,170.0,10.0,1.0,0.8,1.0,170.0,255.0,335.0,255.0,2.0,170.0,10.0,1.0,0.8,1.0
1974,2,110.0,-32.0,20.7,20.9,21.24,20.97,3.0,0.4,14.0,0.7,0.5,0.4,19.03,19.1,19.24,19.13,3.0,0.15,14.0,0.7,0.5,0.4,9.74,10.79,12.93,11.32,3.0,2.38,14.0,0.7,0.5,0.4,71.8,79.6,93.5,82.6,3.0,16.1,14.0,0.7,0.4,8.21,9.3,12.44,10.3,3.0,3.22,14.0,0.7,0.5,0.4,-9.69,-4.65,0.32,-4.68,3.0,7.34,14.0,0.7,0.5,0.4,7.04,7.24,7.79,7.41,3.0,0.57,14.0,0.7,0.5,0.4,1014.52,1019.3,1021.83,1018.2,3.0,5.43,14.0,0.7,0.5,0.4,3.6,7.0,7.0,5.3,3.0,2.9,14.0,0.7,0.5,0.4,-127.9,-43.2,0.1,-63.4,3.0,95.4,14.0,0.7,0.5,0.4,61.8,74.9,89.7,75.7,3.0,20.5,14.0,0.7,0.5,0.4,1.63,1.9,2.04,1.83,3.0,0.31,14.0,0.7,0.5,0.4,14.7,16.2,23.2,18.8,3.0,6.6,14.0,0.7,0.5,0.4,2.76,4.5,5.32,4.05,3.0,1.91,14.0,0.7,0.5,0.4,27.1,53.0,59.5,43.5,3.0,25.1,14.0,0.7,0.5,0.4,-184.3,-88.8,6.5,-88.9,3.0,139.8,14.0,0.7,0.5,0.4,134.5,139.6,149.3,141.8,3.0,11.1,14.0,0.7,0.5,0.4,-102.3,-43.0,11.4,-45.4,3.0,83.3,14.0,0.7,0.5,0.4,74.7,75.0,92.6,83.4,3.0,15.0,14.0,0.7,0.5,0.4,-45.4,-26.5,-4.9,-25.2,3.0,29.7,14.0,0.7,0.5,0.4,19.6,31.3,41.2,30.4,3.0,15.9,14.0,0.7,0.5,0.4,567.0,804.5,2088.5,1315.5,3.0,1199.0,14.0,0.7,0.5,0.4,565.0,805.0,2090.0,1315.0,3.0,1200.0,14.0,0.7,0.5,0.4
1974,2,110.0,-31.0,21.36,21.5,21.84,21.6,3.0,0.36,14.0,0.7,0.4,0.6,19.48,20.5,20.64,20.07,3.0,0.93,14.0,0.7,0.4,0.6,11.68,12.78,13.96,12.82,3.0,1.67,14.0,0.7,0.4,0.6,80.6,93.9,94.8,87.8,3.0,11.6,14.0,0.7,0.6,9.3,9.3,9.64,9.47,3.0,0.29,14.0,0.7,0.4,0.6,-5.87,-3.18,-2.17,-4.0,3.0,2.8,14.0,0.7,0.4,0.6,6.85,8.74,9.36,8.12,3.0,1.91,14.0,0.7,0.4,0.6,1009.41,1010.5,1014.66,1012.0,3.0,4.06,14.0,0.7,0.4,0.6,5.6,7.0,7.7,6.7,3.0,1.5,14.0,0.7,0.4,0.6,-54.6,-29.6,-20.8,-37.5,3.0,25.7,14.0,0.7,0.4,0.6,63.7,81.3,90.4,77.1,3.0,19.8,14.0,0.7,0.4,0.6,1.02,1.5,2.05,1.53,3.0,0.75,14.0,0.7,0.4,0.6,9.5,14.0,19.8,14.6,3.0,7.6,14.0,0.7,0.4,0.6,1.97,2.94,4.58,3.27,3.0,1.93,14.0,0.7,0.4,0.6,18.8,28.8,43.0,30.9,3.0,17.9,14.0,0.7,0.4,0.6,-120.6,-65.8,-43.0,-81.4,3.0,58.4,14.0,0.7,0.4,0.6,141.1,180.9,182.6,162.3,3.0,34.4,14.0,0.7,0.4,0.6,-69.0,-46.2,-29.5,-49.2,3.0,29.0,14.0,0.7,0.4,0.6,84.7,123.3,125.7,105.6,3.0,33.7,14.0,0.7,0.4,0.6,-27.6,-5.0,-4.9,-16.0,3.0,19.1,14.0,0.7,0.4,0.6,18.1,28.3,30.8,24.5,3.0,9.9,14.0,0.7,0.4,0.6,804.5,804.5,898.0,850.0,3.0,79.0,14.0,0.7,0.4,0.6,805.0,805.0,900.0,850.0,3.0,80.0,14.0,0.7,0.4,0.6
1974,2,110.0,-29.0,21.8,21.8,21.8,21.8,1.0,0.0,10.0,0.0,0.7,1.0,18.14,18.45,18.76,18.45,2.0,0.64,18.0,0.0,0.5,0.7,8.34,8.34,8.34,8.34,1.0,0.0,10.0,0.0,0.7,1.0,61.7,61.7,61.7,61.7,1.0,0.0,10.0,0.0,1.0,6.46,11.55,16.64,11.55,2.0,10.54,18.0,0.0,0.5,0.7,-5.47,-3.25,-1.03,-3.25,2.0,4.6,18.0,0.0,0.5,0.7,6.28,10.98,15.67,10.98,2.0,9.73,18.0,0.0,0.5,0.7,1010.36,1012.2,1014.04,1012.2,2.0,3.82,18.0,0.0,0.5,0.7,4.6,6.0,7.4,6.0,2.0,2.8,18.0,0.0,0.5,0.7,-103.9,-61.7,-19.6,-61.7,2.0,87.3,18.0,0.0,0.5,0.7,68.0,178.0,288.1,178.0,2.0,228.0,18.0,0.0,0.5,0.7,2.9,2.9,2.9,2.9,1.0,0.0,10.0,0.0,0.7,1.0,55.1,55.1,55.1,55.1,1.0,0.0,10.0,0.0,0.7,1.0,7.9,7.9,7.9,7.9,1.0,0.0,10.0,0.0,0.7,1.0,150.1,150.1,150.1,150.1,1.0,0.0,10.0,0.0,0.7,1.0,-103.3,-61.4,-19.5,-61.4,2.0,86.8,18.0,0.0,0.5,0.7,115.6,205.6,295.6,205.6,2.0,186.4,18.0,0.0,0.5,0.7,-54.2,-54.2,-54.2,-54.2,1.0,0.0,10.0,0.0,0.7,1.0,148.8,148.8,148.8,148.8,1.0,0.0,10.0,0.0,0.7,1.0,-51.3,-51.3,-51.3,-51.3,1.0,0.0,10.0,0.0,0.7,1.0,141.0,141.0,141.0,141.0,1.0,0.0,10.0,0.0,0.7,1.0,1146.5,3464.0,5781.5,3464.0,2.0,4801.5,18.0,0.0,0.5,0.7,1145.0,3465.0,5780.0,3465.0,2.0,4800.0,18.0,0.0,0.5,0.7
1974,2,110.0,-28.0,22.23,24.0,24.0,23.13,3.0,1.5,22.0,0.7,0.5,0.6,22.48,23.0,24.05,23.25,4.0,1.26,22.0,0.5,0.4,0.5,13.22,14.15,15.12,14.17,4.0,1.19,22.0,0.5,0.4,0.5,75.8,78.1,83.6,79.6,4.0,6.3,22.0,0.5,0.5,5.86,8.75,11.59,8.73,4.0,3.38,22.0,0.5,0.4,0.5,-1.31,3.15,5.14,1.97,4.0,4.43,22.0,0.5,0.4,0.5,2.93,6.99,11.12,7.02,4.0,4.73,22.0,0.5,0.4,0.5,1007.39,1009.85,1013.31,1010.33,4.0,3.51,22.0,0.5,0.4,0.5,3.9,6.0,6.0,5.0,4.0,2.0,22.0,0.5,0.4,0.5,-17.5,21.4,31.1,7.5,4.0,40.3,22.0,0.5,0.4,0.5,17.5,68.7,129.2,73.1,4.0,65.0,22.0,0.5,0.4,0.5,-0.87,-0.6,0.49,-0.2,3.0,1.06,22.0,0.7,0.5,0.6,-6.7,-5.1,3.0,-1.9,3.0,7.6,22.0,0.7,0.5,0.6,3.08,3.15,3.79,3.43,3.0,0.58,22.0,0.7,0.5,0.6,20.9,21.1,32.2,26.5,3.0,9.5,22.0,0.7,0.5,0.6,-28.0,76.8,122.5,48.6,4.0,101.6,22.0,0.5,0.4,0.5,70.1,160.8,249.7,159.9,4.0,103.6,22.0,0.5,0.4,0.5,-16.0,45.1,78.1,31.7,4.0,62.9,22.0,0.5,0.4,0.5,44.4,98.8,146.8,95.7,4.0,59.2,22.0,0.5,0.4,0.5,-3.0,18.1,18.2,7.9,3.0,17.9,22.0,0.7,0.5,0.6,10.5,10.6,27.3,18.7,3.0,14.2,22.0,0.7,0.5,0.6,212.5,780.0,1574.5,888.5,4.0,816.5,22.0,0.5,0.4,0.5,215.0,780.0,1575.0,890.0,4.0,815.0,22.0,0.5,0.4,0.5
1974,2,110.0,-27.0,24.4,24.4,24.4,24.4,1.0,0.0,10.0,1.0,0.0,0.3,22.08,22.25,22.42,22.25,2.0,0.35,6.0,0.5,0.1,0.3,10.95,10.95,10.95,10.95,1.0,0.0,10.0,1.0,0.0,0.3,64.6,64.6,64.6,64.6,1.0,0.0,10.0,1.0,0.3,9.87,11.1,12.33,11.1,2.0,2.55,6.0,0.5,0.1,0.3,-6.38,-6.21,-6.05,-6.21,2.0,0.33,6.0,0.5,0.1,0.3,7.77,9.15,10.53,9.15,2.0,2.86,6.0,0.5,0.1,0.3,1011.64,1012.6,1013.56,1012.6,2.0,1.98,6.0,0.5,0.1,0.3,3.8,5.5,7.2,5.5,2.0,3.5,6.0,0.5,0.1,0.3,-78.8,-69.4,-60.0,-69.4,2.0,19.5,6.0,0.5,0.1,0.3,78.6,105.2,131.8,105.2,2.0,55.1,6.0,0.5,0.1,0.3,1.9,1.9,1.9,1.9,1.0,0.0,10.0,1.0,0.0,0.3,17.7,17.7,17.7,17.7,1.0,0.0,10.0,1.0,0.0,0.3,8.16,8.16,8.16,8.16,1.0,0.0,10.0,1.0,0.0,0.3,75.9,75.9,75.9,75.9,1.0,0.0,10.0,1.0,0.0,0.3,-140.7,-138.2,-135.7,-138.2,2.0,5.2,6.0,0.5,0.1,0.3,173.9,203.0,232.2,203.0,2.0,60.4,6.0,0.5,0.1,0.3,-65.4,-65.4,-65.4,-65.4,1.0,0.0,10.0,1.0,0.0,0.3,78.0,78.0,78.0,78.0,1.0,0.0,10.0,1.0,0.0,0.3,-48.8,-48.8,-48.8,-48.8,1.0,0.0,10.0,1.0,0.0,0.3,58.1,58.1,58.1,58.1,1.0,0.0,10.0,1.0,0.0,0.3,1017.5,1475.5,1933.5,1475.5,2.0,949.0,6.0,0.5,0.1,0.3,1015.0,1475.0,1935.0,1475.0,2.0,950.0,6.0,0.5,0.1,0.3
1974,2,110.0,-26.0,,,,,,,,,,,,,,,,,,,,,,,,,,,,,,,,,,,,,,,,9.8,9.8,9.8,9.8,1.0,0.0,12.0,0.0,0.0,0.3,-4.9,-4.9,-4.9,-4.9,1.0,0.0,12.0,0.0,0.0,0.3,8.49,8.49,8.49,8.49,1.0,0.0,12.0,0.0,0.0,0.3,1008.5,1008.5,1008.5,1008.5,1.0,0.0,12.0,0.0,0.0,0.3,6.0,6.0,6.0,6.0,1.0,0.0,12.0,0.0,0.0,0.3,-48.0,-48.0,-48.0,-48.0,1.0,0.0,12.0,0.0,0.0,0.3,83.2,83.2,83.2,83.2,1.0,0.0,12.0,0.0,0.0,0.3,,,,,,,,,,,,,,,,,,,,,,,,,,,,,,,,,,,,,,,,,-124.0,-124.0,-124.0,-124.0,1.0,0.0,12.0,0.0,0.0,0.3,214.7,214.7,214.7,214.7,1.0,0.0,12.0,0.0,0.0,0.3,-91.6,-91.6,-91.6,-91.6,1.0,0.0,12.0,0.0,0.0,0.3,158.7,158.7,158.7,158.7,1.0,0.0,12.0,0.0,0.0,0.3,,,,,,,,,,,,,,,,,,,,,,,,,,,,,,,,,,,,,,,,
1974,2,110.0,-25.0,25.95,26.35,26.86,26.4,4.0,0.54,12.0,0.3,0.5,0.8,23.48,24.25,25.21,24.4,6.0,0.99,14.0,0.5,0.5,0.8,13.26,15.52,17.99,15.46,5.0,3.03,12.0,0.4,0.5,0.9,70.3,83.3,87.4,79.5,5.0,12.5,12.0,0.4,0.9,7.79,11.05,13.48,11.13,6.0,4.06,14.0,0.5,0.5,0.8,-5.95,-4.12,-1.99,-3.98,6.0,2.02,14.0,0.5,0.5,0.8,7.52,9.57,13.1,10.27,6.0,3.95,14.0,0.5,0.5,0.8,1008.33,1009.45,1011.5,1009.87,6.0,2.35,14.0,0.5,0.5,0.8,6.4,7.0,8.0,6.8,6.0,1.5,14.0,0.5,0.5,0.8,-78.1,-39.7,-17.7,-48.4,6.0,37.6,14.0,0.5,0.5,0.8,59.4,106.2,181.1,127.6,6.0,95.6,14.0,0.5,0.5,0.8,1.05,2.3,2.71,1.9,4.0,1.31,12.0,0.3,0.5,0.8,14.1,32.5,37.6,26.1,4.0,17.9,12.0,0.3,0.5,0.8,5.09,7.12,8.79,6.95,4.0,2.69,12.0,0.3,0.5,0.8,49.8,102.1,128.6,89.8,4.0,50.8,12.0,0.3,0.5,0.8,-143.5,-104.7,-46.7,-97.5,6.0,49.8,14.0,0.5,0.5,0.8,178.8,234.1,311.5,249.3,6.0,94.8,14.0,0.5,0.5,0.8,-93.3,-90.1,-43.1,-71.1,5.0,31.5,12.0,0.4,0.5,0.9,118.1,158.6,196.2,159.8,5.0,56.6,12.0,0.4,0.5,0.9,-43.1,-30.9,-15.9,-29.6,4.0,16.2,12.0,0.3,0.5,0.8,43.1,95.8,123.5,83.9,4.0,50.2,12.0,0.3,0.5,0.8,486.5,1368.0,2681.0,1869.5,6.0,2037.5,14.0,0.5,0.5,0.8,485.0,1370.0,2680.0,1870.0,6.0,2035.0,14.0,0.5,0.5,0.8
1974,2,110.0,-24.0,26.29,26.7,27.59,26.93,3.0,0.97,12.0,1.0,0.6,0.7,25.81,26.75,28.21,27.0,4.0,1.86,12.0,1.0,0.4,0.7,14.22,17.85,19.21,16.74,3.0,3.78,16.0,1.0,0.3,0.6,64.8,80.7,93.9,79.4,3.0,21.3,16.0,1.0,0.6,7.94,8.75,10.87,9.38,4.0,2.06,12.0,1.0,0.4,0.7,-4.04,-1.21,2.34,-0.86,4.0,3.73,12.0,1.0,0.4,0.7,7.34,8.41,10.22,8.76,4.0,2.06,12.0,1.0,0.4,0.7,1006.42,1008.3,1009.92,1008.18,4.0,2.09,12.0,1.0,0.4,0.7,1.4,4.0,5.0,3.3,4.0,2.4,12.0,1.0,0.4,0.7,-41.2,-9.0,21.1,-10.0,4.0,37.3,12.0,1.0,0.4,0.7,58.4,73.7,113.2,85.3,4.0,39.9,12.0,1.0,0.4,0.7,-1.25,-0.7,-0.22,-0.73,3.0,0.75,12.0,1.0,0.6,0.7,-10.5,-6.5,-2.1,-6.3,3.0,6.2,12.0,1.0,0.6,0.7,4.38,6.43,8.48,6.43,2.0,4.24,18.0,1.0,0.5,0.7,45.2,73.9,102.6,73.9,2.0,59.4,18.0,1.0,0.5,0.7,-104.7,-27.1,64.7,-20.3,4.0,98.8,12.0,1.0,0.4,0.7,198.8,236.2,275.1,236.9,4.0,58.0,12.0,1.0,0.4,0.7,-68.9,-52.7,22.0,-24.1,3.0,71.1,16.0,1.0,0.3,0.6,136.3,144.9,152.5,144.4,3.0,11.9,16.0,1.0,0.3,0.6,-31.6,-14.4,2.9,-14.4,2.0,35.8,18.0,1.0,0.5,0.7,42.5,69.5,96.4,69.5,2.0,55.9,18.0,1.0,0.5,0.7,501.5,678.0,1358.0,918.5,4.0,645.5,12.0,1.0,0.4,0.7,500.0,680.0,1360.0,920.0,4.0,645.0,12.0,1.0,0.4,0.7
1974,2,110.0,-23.0,25.6,27.0,27.81,26.77,7.0,1.14,16.0,0.7,0.3,0.7,25.19,26.0,28.6,26.59,7.0,1.51,16.0,0.7,0.3,0.7,14.81,17.45,17.77,16.71,6.0,1.55,18.0,0.8,0.3,0.6,70.7,72.3,86.3,76.2,6.0,8.2,18.0,0.8,0.6,4.48,6.7,12.52,8.0,7.0,5.04,16.0,0.7,0.3,0.7,-3.01,0.68,2.29,0.03,7.0,2.64,16.0,0.7,0.3,0.7,3.88,6.3,11.81,7.64,7.0,5.0,16.0,0.7,0.3,0.7,1006.29,1006.9,1007.83,1007.1,7.0,1.89,16.0,0.7,0.3,0.7,0.0,0.0,1.0,0.4,7.0,0.8,16.0,0.7,0.3,0.7,-50.3,1.4,13.3,-8.8,7.0,29.4,16.0,0.7,0.3,0.7,17.6,42.2,149.0,82.7,7.0,99.5,16.0,0.7,0.3,0.7,-1.03,-0.4,2.03,0.19,7.0,1.6,16.0,0.7,0.3,0.7,-11.6,-2.5,5.9,3.1,7.0,19.3,16.0,0.7,0.3,0.7,3.15,5.27,6.53,5.19,6.0,2.26,18.0,0.8,0.3,0.6,20.9,31.0,86.9,53.5,6.0,51.6,18.0,0.8,0.3,0.6,-76.2,17.8,57.7,1.4,7.0,69.6,16.0,0.7,0.3,0.7,111.2,157.4,312.9,201.0,7.0,125.9,16.0,0.7,0.3,0.7,-47.2,19.3,39.8,2.2,6.0,45.7,18.0,0.8,0.3,0.6,98.5,118.0,186.8,138.1,6.0,61.9,18.0,0.8,0.3,0.6,-24.5,2.6,8.9,-4.0,6.0,17.0,18.0,0.8,0.3,0.6,19.6,29.2,83.0,51.4,6.0,51.1,18.0,0.8,0.3,0.6,93.0,301.0,2007.0,1113.0,7.0,1790.0,16.0,0.7,0.3,0.7,95.0,300.0,2005.0,1115.0,7.0,1790.0,16.0,0.7,0.3,0.7
1974,2,110.0,-22.0,25.27,26.4,27.07,26.12,5.0,1.28,14.0,0.6,0.2,0.5,24.71,25.7,26.37,25.53,6.0,1.17,14.0,0.5,0.3,0.6,13.72,18.17,19.17,16.59,5.0,3.71,14.0,0.6,0.2,0.5,67.5,88.8,91.0,80.7,5.0,14.8,14.0,0.6,0.5,5.19,7.7,11.44,8.03,6.0,4.05,14.0,0.5,0.3,0.6,-4.24,-0.63,1.83,-1.07,6.0,2.86,14.0,0.5,0.3,0.6,4.98,7.1,11.14,7.49,6.0,4.12,14.0,0.5,0.3,0.6,1005.53,1006.85,1008.38,1006.83,6.0,1.56,14.0,0.5,0.3,0.6,0.8,3.5,4.0,2.7,6.0,1.8,14.0,0.5,0.3,0.6,-40.3,-4.5,7.2,-14.1,6.0,31.0,14.0,0.5,0.3,0.6,29.0,54.6,128.6,74.0,6.0,64.2,14.0,0.5,0.3,0.6,-0.89,-0.2,2.58,0.68,5.0,2.06,14.0,0.6,0.2,0.5,-6.5,-0.4,27.4,9.8,5.0,24.4,14.0,0.6,0.2,0.5,1.32,3.71,7.99,4.74,5.0,4.52,14.0,0.6,0.2,0.5,8.4,11.9,78.1,44.2,5.0,69.3,14.0,0.6,0.2,0.5,-105.8,-15.6,47.9,-25.2,6.0,71.1,14.0,0.5,0.3,0.6,134.2,178.8,283.1,188.7,6.0,98.9,14.0,0.5,0.3,0.6,-59.3,-23.4,10.3,-24.0,5.0,40.5,14.0,0.6,0.2,0.5,81.9,129.0,135.0,107.3,5.0,51.4,14.0,0.6,0.2,0.5,-23.8,-2.3,3.8,-10.8,5.0,26.6,14.0,0.6,0.2,0.5,5.2,10.5,74.1,40.8,5.0,65.7,14.0,0.6,0.2,0.5,173.5,462.5,1554.0,849.0,6.0,996.5,14.0,0.5,0.3,0.6,175.0,460.0,1555.0,850.0,6.0,995.0,14.0,0.5,0.3,0.6
1974,2,110.0,-21.0,26.27,27.0,27.81,27.03,7.0,0.85,14.0,0.4,0.3,0.5,24.84,25.5,26.86,25.68,8.0,1.06,14.0,0.5,0.3,0.6,14.17,17.61,18.29,16.55,7.0,2.09,14.0,0.4,0.3,0.5,75.9,82.2,86.2,80.7,7.0,7.4,14.0,0.4,0.5,2.43,5.65,9.96,5.85,8.0,3.7,14.0,0.5,0.3,0.6,0.0,0.0,0.0,0.07,8.0,0.73,14.0,0.5,0.3,0.6,1.77,5.6,9.96,5.74,8.0,3.81,14.0,0.5,0.3,0.6,1006.03,1006.95,1007.88,1007.33,8.0,1.69,14.0,0.5,0.3,0.6,1.1,2.5,5.8,3.3,8.0,2.3,14.0,0.5,0.3,0.6,0.0,0.0,0.0,-0.4,8.0,2.8,14.0,0.5,0.3,0.6,5.4,31.9,100.1,45.9,8.0,43.9,14.0,0.5,0.3,0.6,1.0,1.5,2.21,1.54,7.0,0.61,14.0,0.4,0.3,0.5,2.2,6.5,12.9,7.4,7.0,5.7,14.0,0.4,0.3,0.5,4.81,5.76,6.55,5.94,7.0,1.21,14.0,0.4,0.3,0.5,16.4,29.3,39.1,29.1,7.0,20.0,14.0,0.4,0.3,0.5,0.0,0.0,0.0,1.5,8.0,18.7,14.0,0.5,0.3,0.6,44.7,145.9,241.3,148.6,8.0,98.8,14.0,0.5,0.3,0.6,-0.9,0.0,1.0,0.2,7.0,11.9,14.0,0.4,0.3,0.5,17.1,92.2,132.4,84.3,7.0,55.5,14.0,0.4,0.3,0.5,-0.2,0.0,0.6,1.2,7.0,5.6,14.0,0.4,0.3,0.5,10.5,28.9,39.1,28.1,7.0,20.7,14.0,0.4,0.3,0.5,23.0,185.5,1013.0,405.0,8.0,493.0,14.0,0.5,0.3,0.6,25.0,185.0,1015.0,405.0,8.0,495.0,14.0,0.5,0.3,0.6
1974,2,110.0,-20.0,27.45,28.0,28.0,27.73,3.0,0.46,10.0,0.7,0.2,0.5,27.43,27.7,27.9,27.67,3.0,0.35,10.0,0.7,0.2,0.5,15.78,15.87,19.5,17.6,3.0,3.11,10.0,0.7,0.2,0.5,67.1,68.2,84.9,75.8,3.0,14.6,10.0,0.7,0.5,1.69,2.1,7.36,4.47,3.0,4.63,10.0,0.7,0.2,0.5,-1.67,-1.61,-0.51,-1.1,3.0,0.96,10.0,0.7,0.2,0.5,-0.45,1.5,7.06,3.27,3.0,5.71,10.0,0.7,0.2,0.5,1004.9,1006.4,1008.38,1006.63,3.0,2.56,10.0,0.7,0.2,0.5,3.6,5.0,5.7,4.7,3.0,1.5,10.0,0.7,0.2,0.5,-12.5,-3.4,-1.1,-6.7,3.0,8.8,10.0,0.7,0.2,0.5,-1.2,2.3,65.3,31.3,3.0,54.8,10.0,0.7,0.2,0.5,-0.45,0.3,0.57,0.07,3.0,0.78,10.0,0.7,0.2,0.5,-5.2,0.5,1.1,-2.0,3.0,5.1,10.0,0.7,0.2,0.5,4.03,6.92,7.62,5.85,3.0,2.79,10.0,0.7,0.2,0.5,7.6,11.9,50.1,28.5,3.0,34.2,10.0,0.7,0.2,0.5,-46.5,-43.9,-13.9,-30.5,3.0,26.5,10.0,0.7,0.2,0.5,-12.0,41.6,197.6,91.6,3.0,159.6,10.0,0.7,0.2,0.5,-31.8,-26.8,-8.5,-20.3,3.0,17.9,10.0,0.7,0.2,0.5,-12.0,23.8,111.2,49.0,3.0,92.8,10.0,0.7,0.2,0.5,-9.4,-4.3,-1.4,-5.4,3.0,6.0,10.0,0.7,0.2,0.5,1.3,11.9,49.4,25.0,3.0,37.0,10.0,0.7,0.2,0.5,5.0,9.5,645.5,318.0,3.0,540.0,10.0,0.7,0.2,0.5,5.0,10.0,645.0,320.0,3.0,540.0,10.0,0.7,0.2,0.5
1974,2,110.0,-14.0,27.2,27.2,27.2,27.2,1.0,0.0,2.0,0.0,0.3,0.6,27.0,27.0,27.0,27.0,1.0,0.0,2.0,0.0,0.3,0.6,17.5,17.5,17.5,17.5,1.0,0.0,2.0,0.0,0.3,0.6,78.3,78.3,78.3,78.3,1.0,0.0,2.0,0.0,0.6,0.0,0.0,0.0,0.0,1.0,0.0,2.0,0.0,0.3,0.6,0.0,0.0,0.0,0.0,1.0,0.0,2.0,0.0,0.3,0.6,0.0,0.0,0.0,0.0,1.0,0.0,2.0,0.0,0.3,0.6,1007.2,1007.2,1007.2,1007.2,1.0,0.0,2.0,0.0,0.3,0.6,2.0,2.0,2.0,2.0,1.0,0.0,2.0,0.0,0.3,0.6,0.0,0.0,0.0,0.0,1.0,0.0,2.0,0.0,0.3,0.6,0.0,0.0,0.0,0.0,1.0,0.0,2.0,0.0,0.3,0.6,0.2,0.2,0.2,0.2,1.0,0.0,2.0,0.0,0.3,0.6,0.0,0.0,0.0,0.0,1.0,0.0,2.0,0.0,0.3,0.6,5.19,5.19,5.19,5.19,1.0,0.0,2.0,0.0,0.3,0.6,0.0,0.0,0.0,0.0,1.0,0.0,2.0,0.0,0.3,0.6,0.0,0.0,0.0,0.0,1.0,0.0,2.0,0.0,0.3,0.6,0.0,0.0,0.0,0.0,1.0,0.0,2.0,0.0,0.3,0.6,0.0,0.0,0.0,0.0,1.0,0.0,2.0,0.0,0.3,0.6,0.0,0.0,0.0,0.0,1.0,0.0,2.0,0.0,0.3,0.6,0.0,0.0,0.0,0.0,1.0,0.0,2.0,0.0,0.3,0.6,0.0,0.0,0.0,0.0,1.0,0.0,2.0,0.0,0.3,0.6,0.0,0.0,0.0,0.0,1.0,0.0,2.0,0.0,0.3,0.6,0.0,0.0,0.0,0.0,1.0,0.0,2.0,0.0,0.3,0.6
1974,2,110.0,-13.0,27.36,27.7,28.04,27.7,2.0,0.71,12.0,0.5,0.5,0.8,24.63,26.0,27.37,26.0,2.0,2.83,12.0,0.5,0.5,0.8,14.43,15.94,17.45,15.94,2.0,3.13,12.0,0.5,0.5,0.8,74.1,75.1,76.1,75.1,2.0,2.1,12.0,0.5,0.8,9.3,9.3,9.3,9.3,1.0,0.0,12.0,0.0,0.7,0.7,9.16,9.16,9.16,9.16,1.0,0.0,12.0,0.0,0.7,0.7,1.61,1.61,1.61,1.61,1.0,0.0,12.0,0.0,0.7,0.7,1007.71,1007.95,1008.19,1007.95,2.0,0.49,12.0,0.5,0.5,0.8,3.6,5.0,6.4,5.0,2.0,2.8,12.0,0.5,0.5,0.8,85.2,85.2,85.2,85.2,1.0,0.0,12.0,0.0,0.7,0.7,15.0,15.0,15.0,15.0,1.0,0.0,12.0,0.0,0.7,0.7,0.68,1.7,2.72,1.7,2.0,2.12,12.0,0.5,0.5,0.8,1.9,1.9,1.9,1.9,1.0,0.0,12.0,0.0,0.7,0.7,6.4,7.44,8.47,7.44,2.0,2.14,12.0,0.5,0.5,0.8,55.1,55.1,55.1,55.1,1.0,0.0,12.0,0.0,0.7,0.7,256.4,256.4,256.4,256.4,1.0,0.0,12.0,0.0,0.7,0.7,45.2,45.2,45.2,45.2,1.0,0.0,12.0,0.0,0.7,0.7,166.2,166.2,166.2,166.2,1.0,0.0,12.0,0.0,0.7,0.7,29.3,29.3,29.3,29.3,1.0,0.0,12.0,0.0,0.7,0.7,54.3,54.3,54.3,54.3,1.0,0.0,12.0,0.0,0.7,0.7,9.6,9.6,9.6,9.6,1.0,0.0,12.0,0.0,0.7,0.7,804.5,804.5,804.5,804.5,1.0,0.0,12.0,0.0,0.7,0.7,805.0,805.0,805.0,805.0,1.0,0.0,12.0,0.0,0.7,0.7
1974,2,110.0,-11.0,25.2,25.2,25.2,25.2,1.0,0.0,22.0,1.0,0.5,0.6,24.9,24.9,24.9,24.9,1.0,0.0,22.0,1.0,0.5,0.6,17.58,17.58,17.58,17.58,1.0,0.0,22.0,1.0,0.5,0.6,89.2,89.2,89.2,89.2,1.0,0.0,22.0,1.0,0.6,4.6,4.6,4.6,4.6,1.0,0.0,22.0,1.0,0.5,0.6,-2.3,-2.3,-2.3,-2.3,1.0,0.0,22.0,1.0,0.5,0.6,-3.98,-3.98,-3.98,-3.98,1.0,0.0,22.0,1.0,0.5,0.6,1008.8,1008.8,1008.8,1008.8,1.0,0.0,22.0,1.0,0.5,0.6,7.0,7.0,7.0,7.0,1.0,0.0,22.0,1.0,0.5,0.6,-10.6,-10.6,-10.6,-10.6,1.0,0.0,22.0,1.0,0.5,0.6,-18.3,-18.3,-18.3,-18.3,1.0,0.0,22.0,1.0,0.5,0.6,0.3,0.3,0.3,0.3,1.0,0.0,22.0,1.0,0.5,0.6,1.4,1.4,1.4,1.4,1.0,0.0,22.0,1.0,0.5,0.6,2.52,2.52,2.52,2.52,1.0,0.0,22.0,1.0,0.5,0.6,11.6,11.6,11.6,11.6,1.0,0.0,22.0,1.0,0.5,0.6,-57.3,-57.3,-57.3,-57.3,1.0,0.0,22.0,1.0,0.5,0.6,-99.2,-99.2,-99.2,-99.2,1.0,0.0,22.0,1.0,0.5,0.6,-40.4,-40.4,-40.4,-40.4,1.0,0.0,22.0,1.0,0.5,0.6,-70.0,-70.0,-70.0,-70.0,1.0,0.0,22.0,1.0,0.5,0.6,-5.8,-5.8,-5.8,-5.8,1.0,0.0,22.0,1.0,0.5,0.6,-10.0,-10.0,-10.0,-10.0,1.0,0.0,22.0,1.0,0.5,0.6,97.5,97.5,97.5,97.5,1.0,0.0,22.0,1.0,0.5,0.6,95.0,95.0,95.0,95.0,1.0,0.0,22.0,1.0,0.5,0.6
1974,2,110.0,-7.0,26.5,26.5,26.5,26.5,1.0,0.0,22.0,0.0,0.0,0.9,27.0,27.0,27.0,27.0,1.0,0.0,22.0,0.0,0.0,0.9,18.88,18.88,18.88,18.88,1.0,0.0,22.0,0.0,0.0,0.9,84.2,84.2,84.2,84.2,1.0,0.0,22.0,0.0,0.9,7.7,7.7,7.7,7.7,1.0,0.0,22.0,0.0,0.0,0.9,7.58,7.58,7.58,7.58,1.0,0.0,22.0,0.0,0.0,0.9,-1.34,-1.34,-1.34,-1.34,1.0,0.0,22.0,0.0,0.0,0.9,1005.0,1005.0,1005.0,1005.0,1.0,0.0,22.0,0.0,0.0,0.9,6.0,6.0,6.0,6.0,1.0,0.0,22.0,0.0,0.0,0.9,58.4,58.4,58.4,58.4,1.0,0.0,22.0,0.0,0.0,0.9,-10.3,-10.3,-10.3,-10.3,1.0,0.0,22.0,0.0,0.0,0.9,-0.5,-0.5,-0.5,-0.5,1.0,0.0,22.0,0.0,0.0,0.9,-3.8,-3.8,-3.8,-3.8,1.0,0.0,22.0,0.0,0.0,0.9,2.94,2.94,2.94,2.94,1.0,0.0,22.0,0.0,0.0,0.9,22.6,22.6,22.6,22.6,1.0,0.0,22.0,0.0,0.0,0.9,204.7,204.7,204.7,204.7,1.0,0.0,22.0,0.0,0.0,0.9,-36.1,-36.1,-36.1,-36.1,1.0,0.0,22.0,0.0,0.0,0.9,143.1,143.1,143.1,143.1,1.0,0.0,22.0,0.0,0.0,0.9,-25.2,-25.2,-25.2,-25.2,1.0,0.0,22.0,0.0,0.0,0.9,22.3,22.3,22.3,22.3,1.0,0.0,22.0,0.0,0.0,0.9,-3.9,-3.9,-3.9,-3.9,1.0,0.0,22.0,0.0,0.0,0.9,456.5,456.5,456.5,456.5,1.0,0.0,22.0,0.0,0.0,0.9,455.0,455.0,455.0,455.0,1.0,0.0,22.0,0.0,0.0,0.9
1974,2,110.0,-6.0,26.2,26.2,26.2,26.2,1.0,0.0,4.0,1.0,0.7,0.3,25.6,25.6,25.6,25.6,1.0,0.0,4.0,1.0,0.7,0.3,17.25,17.25,17.25,17.25,1.0,0.0,4.0,1.0,0.7,0.3,84.0,84.0,84.0,84.0,1.0,0.0,4.0,1.0,0.3,7.2,7.2,7.2,7.2,1.0,0.0,4.0,1.0,0.7,0.3,7.09,7.09,7.09,7.09,1.0,0.0,4.0,1.0,0.7,0.3,1.25,1.25,1.25,1.25,1.0,0.0,4.0,1.0,0.7,0.3,1009.6,1009.6,1009.6,1009.6,1.0,0.0,4.0,1.0,0.7,0.3,8.0,8.0,8.0,8.0,1.0,0.0,4.0,1.0,0.7,0.3,51.1,51.1,51.1,51.1,1.0,0.0,4.0,1.0,0.7,0.3,9.0,9.0,9.0,9.0,1.0,0.0,4.0,1.0,0.7,0.3,0.6,0.6,0.6,0.6,1.0,0.0,4.0,1.0,0.7,0.3,4.3,4.3,4.3,4.3,1.0,0.0,4.0,1.0,0.7,0.3,4.08,4.08,4.08,4.08,1.0,0.0,4.0,1.0,0.7,0.3,29.4,29.4,29.4,29.4,1.0,0.0,4.0,1.0,0.7,0.3,181.5,181.5,181.5,181.5,1.0,0.0,4.0,1.0,0.7,0.3,32.0,32.0,32.0,32.0,1.0,0.0,4.0,1.0,0.7,0.3,122.3,122.3,122.3,122.3,1.0,0.0,4.0,1.0,0.7,0.3,21.6,21.6,21.6,21.6,1.0,0.0,4.0,1.0,0.7,0.3,28.9,28.9,28.9,28.9,1.0,0.0,4.0,1.0,0.7,0.3,5.1,5.1,5.1,5.1,1.0,0.0,4.0,1.0,0.7,0.3,373.0,373.0,373.0,373.0,1.0,0.0,4.0,1.0,0.7,0.3,375.0,375.0,375.0,375.0,1.0,0.0,4.0,1.0,0.7,0.3
1974,2,110.0,-5.0,26.16,26.9,27.67,26.97,6.0,0.85,14.0,0.5,0.3,0.8,26.48,26.85,27.72,27.35,6.0,1.56,14.0,0.5,0.3,0.8,17.79,18.8,20.02,18.84,5.0,1.42,14.0,0.4,0.3,0.8,74.8,82.2,87.8,81.8,5.0,8.4,14.0,0.4,0.8,4.5,5.1,9.82,6.67,6.0,3.13,14.0,0.5,0.3,0.8,3.89,4.79,6.31,5.11,6.0,1.47,14.0,0.5,0.3,0.8,-7.52,-2.17,-1.02,-3.42,6.0,3.95,14.0,0.5,0.3,0.8,1006.64,1008.1,1008.61,1007.7,5.0,1.11,14.0,0.4,0.3,0.8,5.8,7.5,8.0,7.0,6.0,1.3,14.0,0.5,0.3,0.8,17.5,24.4,62.6,37.8,6.0,29.2,14.0,0.5,0.3,0.8,-74.6,-9.7,-4.8,-32.0,6.0,44.7,14.0,0.5,0.3,0.8,-1.21,0.05,0.77,-0.38,6.0,2.06,14.0,0.5,0.3,0.8,-12.0,0.3,3.5,-5.5,6.0,17.5,14.0,0.5,0.3,0.8,2.95,4.04,4.68,3.81,5.0,1.38,14.0,0.4,0.3,0.8,16.6,18.6,22.1,19.5,5.0,4.8,14.0,0.4,0.3,0.8,105.1,127.5,186.0,140.2,6.0,41.8,14.0,0.5,0.3,0.8,-221.7,-58.7,-27.1,-95.5,6.0,110.1,14.0,0.5,0.3,0.8,70.8,80.4,105.5,87.3,5.0,20.8,14.0,0.4,0.3,0.8,-78.2,-38.5,-12.0,-45.6,5.0,60.8,14.0,0.4,0.3,0.8,13.1,16.1,20.8,16.9,5.0,5.9,14.0,0.4,0.3,0.8,-10.1,-8.7,-0.7,-5.3,5.0,8.4,14.0,0.4,0.3,0.8,91.5,132.5,977.5,480.0,6.0,635.0,14.0,0.5,0.3,0.8,90.0,135.0,980.0,480.0,6.0,635.0,14.0,0.5,0.3,0.8
1974,2,110.0,-3.0,27.5,27.5,27.5,27.5,1.0,0.0,20.0,1.0,0.5,0.8,26.5,26.5,26.5,26.5,1.0,0.0,20.0,1.0,0.5,0.8,17.61,17.61,17.61,17.61,1.0,0.0,20.0,1.0,0.5,0.8,81.1,81.1,81.1,81.1,1.0,0.0,20.0,1.0,0.8,,,,,,,,,,,,,,,,,,,,,,,,,,,,,,,,,,,,,,,,,,,,,,,,,,,,,,,,,,,,,,,,,,,,,,,,,,,,,,,,,,,,,,,,,,,,,,,,,,,,,,,,,,,,,,,,,,,,,,,,,,,,,,,,,,,,,,,,,,,,,,,,,,,,,,,,,,,,,,,,,,,,,,,,,,,,,,,,,,,,,,,,,,,,,,
1974,2,110.0,2.0,25.75,25.85,25.95,25.85,2.0,0.21,14.0,0.5,0.6,0.8,25.63,25.7,25.77,25.7,2.0,0.14,14.0,0.5,0.6,0.8,17.55,17.75,17.94,17.75,2.0,0.41,14.0,0.5,0.6,0.8,84.6,85.8,87.1,85.8,2.0,2.6,14.0,0.5,0.8,5.82,8.45,11.08,8.45,2.0,5.44,14.0,0.5,0.6,0.8,-1.67,-0.67,0.33,-0.67,2.0,2.08,14.0,0.5,0.6,0.8,-10.91,-8.32,-5.73,-8.32,2.0,5.36,14.0,0.5,0.6,0.8,1008.19,1008.8,1009.41,1008.8,2.0,1.27,14.0,0.5,0.6,0.8,8.0,8.0,8.0,8.0,2.0,0.0,14.0,0.5,0.6,0.8,-21.5,-11.3,-1.1,-11.3,2.0,21.2,14.0,0.5,0.6,0.8,-128.7,-84.9,-41.2,-84.9,2.0,90.6,14.0,0.5,0.6,0.8,0.12,0.15,0.18,0.15,2.0,0.07,14.0,0.5,0.6,0.8,0.8,1.5,2.1,1.5,2.0,1.4,14.0,0.5,0.6,0.8,2.84,3.15,3.47,3.15,2.0,0.65,14.0,0.5,0.6,0.8,17.5,28.4,39.3,28.4,2.0,22.6,14.0,0.5,0.6,0.8,-43.1,-17.3,8.5,-17.3,2.0,53.4,14.0,0.5,0.6,0.8,-281.3,-214.2,-147.2,-214.2,2.0,139.0,14.0,0.5,0.6,0.8,-29.1,-11.4,6.2,-11.4,2.0,36.6,14.0,0.5,0.6,0.8,-190.9,-146.6,-102.3,-146.6,2.0,91.8,14.0,0.5,0.6,0.8,-6.1,-2.8,0.6,-2.8,2.0,7.0,14.0,0.5,0.6,0.8,-38.7,-28.0,-17.2,-28.0,2.0,22.3,14.0,0.5,0.6,0.8,377.0,979.0,1581.0,979.0,2.0,1247.0,14.0,0.5,0.6,0.8,375.0,980.0,1580.0,980.0,2.0,1245.0,14.0,0.5,0.6,0.8
1974,2,110.0,3.0,24.11,26.2,27.18,25.84,9.0,1.47,12.0,0.4,0.4,0.6,25.0,26.1,28.0,26.22,10.0,1.72,14.0,0.4,0.4,0.6,17.0,17.8,20.25,18.11,8.0,2.42,14.0,0.4,0.4,0.6,79.7,85.1,87.0,84.8,8.0,6.3,14.0,0.4,0.6,2.81,7.15,10.59,6.79,10.0,4.25,14.0,0.4,0.4,0.6,-3.26,-2.06,-1.2,-2.15,10.0,1.19,14.0,0.4,0.4,0.6,-10.23,-6.19,0.12,-5.65,10.0,5.22,14.0,0.4,0.4,0.6,1007.43,1009.6,1011.66,1009.18,9.0,2.19,12.0,0.4,0.4,0.6,7.0,7.5,8.0,7.4,10.0,0.7,14.0,0.4,0.4,0.6,-25.2,-15.8,-5.2,-15.7,10.0,11.3,14.0,0.4,0.4,0.6,-108.4,-50.6,-0.8,-58.0,10.0,60.5,14.0,0.4,0.4,0.6,-1.95,0.0,0.79,-0.51,9.0,1.37,12.0,0.4,0.4,0.6,-11.0,0.0,4.1,-2.0,9.0,9.9,12.0,0.4,0.4,0.6,1.63,1.74,3.4,2.5,8.0,1.45,14.0,0.4,0.4,0.6,3.7,12.3,30.2,19.3,8.0,22.8,14.0,0.4,0.4,0.6,-85.3,-49.7,-30.6,-56.1,10.0,32.4,14.0,0.4,0.4,0.6,-260.7,-159.5,4.5,-140.9,10.0,128.9,14.0,0.4,0.4,0.6,-56.1,-29.8,-17.7,-32.1,8.0,20.4,14.0,0.4,0.4,0.6,-173.3,-100.7,15.3,-87.7,8.0,89.7,14.0,0.4,0.4,0.6,-5.5,-3.2,-2.8,-4.3,8.0,3.6,14.0,0.4,0.4,0.6,-29.7,-11.9,0.9,-17.6,8.0,23.6,14.0,0.4,0.4,0.6,23.0,464.5,1188.0,645.0,10.0,729.0,14.0,0.4,0.4,0.6,25.0,465.0,1190.0,645.0,10.0,730.0,14.0,0.4,0.4,0.6
1974,2,110.0,6.0,26.4,26.4,26.4,26.4,1.0,0.0,8.0,1.0,0.2,0.4,27.0,27.0,27.0,27.0,1.0,0.0,8.0,1.0,0.2,0.4,18.74,18.74,18.74,18.74,1.0,0.0,8.0,1.0,0.2,0.4,83.7,83.7,83.7,83.7,1.0,0.0,8.0,1.0,0.4,6.7,6.7,6.7,6.7,1.0,0.0,8.0,1.0,0.2,0.4,-4.31,-4.31,-4.31,-4.31,1.0,0.0,8.0,1.0,0.2,0.4,-5.13,-5.13,-5.13,-5.13,1.0,0.0,8.0,1.0,0.2,0.4,1006.2,1006.2,1006.2,1006.2,1.0,0.0,8.0,1.0,0.2,0.4,3.0,3.0,3.0,3.0,1.0,0.0,8.0,1.0,0.2,0.4,-28.9,-28.9,-28.9,-28.9,1.0,0.0,8.0,1.0,0.2,0.4,-34.4,-34.4,-34.4,-34.4,1.0,0.0,8.0,1.0,0.2,0.4,-0.6,-0.6,-0.6,-0.6,1.0,0.0,8.0,1.0,0.2,0.4,-4.0,-4.0,-4.0,-4.0,1.0,0.0,8.0,1.0,0.2,0.4,2.92,2.92,2.92,2.92,1.0,0.0,8.0,1.0,0.2,0.4,19.6,19.6,19.6,19.6,1.0,0.0,8.0,1.0,0.2,0.4,-116.3,-116.3,-116.3,-116.3,1.0,0.0,8.0,1.0,0.2,0.4,-138.6,-138.6,-138.6,-138.6,1.0,0.0,8.0,1.0,0.2,0.4,-80.7,-80.7,-80.7,-80.7,1.0,0.0,8.0,1.0,0.2,0.4,-96.2,-96.2,-96.2,-96.2,1.0,0.0,8.0,1.0,0.2,0.4,-12.6,-12.6,-12.6,-12.6,1.0,0.0,8.0,1.0,0.2,0.4,-15.0,-15.0,-15.0,-15.0,1.0,0.0,8.0,1.0,0.2,0.4,301.0,301.0,301.0,301.0,1.0,0.0,8.0,1.0,0.2,0.4,300.0,300.0,300.0,300.0,1.0,0.0,8.0,1.0,0.2,0.4
1974,2,110.0,7.0,25.83,25.9,25.97,25.9,2.0,0.14,8.0,0.0,0.8,0.3,25.78,25.95,26.12,25.95,2.0,0.35,8.0,0.0,0.8,0.3,18.06,18.14,18.23,18.14,2.0,0.18,8.0,0.0,0.8,0.3,85.9,86.4,86.9,86.4,2.0,1.1,8.0,0.0,0.3,9.78,10.8,11.82,10.8,2.0,2.12,8.0,0.0,0.8,0.3,-8.61,-8.32,-8.04,-8.32,2.0,0.59,8.0,0.0,0.8,0.3,-8.43,-6.3,-4.17,-6.3,2.0,4.41,8.0,0.0,0.8,0.3,1007.65,1008.2,1008.75,1008.2,2.0,1.13,8.0,0.0,0.8,0.3,1.3,2.0,2.7,2.0,2.0,1.4,8.0,0.0,0.8,0.3,-94.7,-89.3,-83.8,-89.3,2.0,11.3,8.0,0.0,0.8,0.3,-102.2,-72.7,-43.3,-72.7,2.0,61.0,8.0,0.0,0.8,0.3,-0.29,-0.05,0.19,-0.05,2.0,0.49,8.0,0.0,0.8,0.3,-2.5,0.0,2.5,0.0,2.0,5.2,8.0,0.0,0.8,0.3,2.68,2.84,3.0,2.84,2.0,0.33,8.0,0.0,0.8,0.3,26.4,31.0,35.6,31.0,2.0,9.6,8.0,0.0,0.8,0.3,-224.9,-216.1,-207.3,-216.1,2.0,18.2,8.0,0.0,0.8,0.3,-216.9,-162.7,-108.5,-162.7,2.0,112.3,8.0,0.0,0.8,0.3,-156.9,-151.0,-145.2,-151.0,2.0,12.2,8.0,0.0,0.8,0.3,-152.0,-113.9,-75.8,-113.9,2.0,78.9,8.0,0.0,0.8,0.3,-24.0,-23.5,-23.0,-23.5,2.0,1.1,8.0,0.0,0.8,0.3,-25.7,-18.6,-11.6,-18.6,2.0,14.6,8.0,0.0,0.8,0.3,972.0,1332.5,1693.0,1332.5,2.0,747.0,8.0,0.0,0.8,0.3,970.0,1335.0,1695.0,1335.0,2.0,745.0,8.0,0.0,0.8,0.3
1974,2,110.0,8.0,24.5,25.5,26.21,25.4,19.0,0.85,12.0,0.5,0.1,0.7,24.5,25.25,25.99,25.39,20.0,1.24,12.0,0.6,0.1,0.7,15.28,17.89,18.69,17.29,18.0,1.62,12.0,0.6,0.1,0.7,77.0,85.3,92.0,85.1,18.0,6.6,12.0,0.6,0.7,4.03,9.3,16.06,9.77,19.0,5.31,12.0,0.5,0.1,0.7,-6.41,-4.65,-2.41,-4.71,19.0,3.05,12.0,0.5,0.1,0.7,-13.82,-6.77,-1.96,-7.97,19.0,5.41,12.0,0.5,0.1,0.7,1009.53,1010.8,1012.61,1011.06,21.0,2.16,12.0,0.5,0.1,0.7,3.9,6.0,7.1,5.5,19.0,1.8,12.0,0.5,0.1,0.7,-110.6,-39.7,-9.1,-55.5,19.0,55.5,12.0,0.5,0.1,0.7,-223.1,-63.8,-8.1,-103.9,19.0,102.0,12.0,0.5,0.1,0.7,-1.0,0.0,1.54,-0.01,19.0,1.42,12.0,0.5,0.1,0.7,-11.2,-1.5,27.7,1.2,17.0,18.0,12.0,0.5,0.1,0.7,1.37,2.6,4.94,2.92,18.0,1.79,12.0,0.6,0.1,0.7,6.5,14.3,69.3,32.6,16.0,35.4,12.0,0.5,0.1,0.7,-150.2,-117.2,-60.1,-112.4,18.0,73.0,12.0,0.5,0.1,0.7,-350.5,-186.9,-48.8,-205.1,18.0,136.4,12.0,0.5,0.1,0.7,-108.3,-74.8,-41.4,-74.5,16.0,50.8,12.0,0.5,0.1,0.7,-227.4,-122.8,-30.1,-128.5,16.0,86.0,12.0,0.5,0.1,0.7,-30.1,-8.1,-3.4,-14.8,16.0,14.8,12.0,0.5,0.1,0.7,-65.1,-12.5,-2.1,-28.0,16.0,33.2,12.0,0.5,0.1,0.7,65.5,804.5,4148.0,1740.0,19.0,2054.5,12.0,0.5,0.1,0.7,65.0,805.0,4150.0,1740.0,19.0,2055.0,12.0,0.5,0.1,0.7
1974,2,110.0,9.0,24.5,25.5,26.64,25.6,66.0,1.22,14.0,0.5,0.5,0.5,24.3,25.1,27.44,25.66,74.0,1.71,14.0,0.5,0.5,0.5,15.32,16.94,18.64,16.88,65.0,1.78,14.0,0.5,0.5,0.5,74.5,82.2,88.8,81.8,65.0,6.8,14.0,0.5,0.5,4.1,10.8,15.4,10.59,67.0,4.9,14.0,0.6,0.5,0.5,-7.93,-4.93,-2.18,-5.03,67.0,2.66,14.0,0.6,0.5,0.5,-14.39,-9.68,-3.38,-9.07,67.0,4.67,14.0,0.6,0.5,0.5,1009.56,1011.5,1012.71,1011.34,74.0,2.0,14.0,0.5,0.5,0.5,2.8,6.0,8.0,5.4,69.0,2.4,14.0,0.5,0.5,0.5,-122.7,-47.6,-10.8,-63.3,67.0,51.1,14.0,0.6,0.5,0.5,-222.9,-109.6,-13.0,-118.0,67.0,92.5,14.0,0.6,0.5,0.5,-1.87,0.0,1.2,-0.12,66.0,1.82,14.0,0.5,0.5,0.5,-15.3,0.0,12.9,-0.1,62.0,17.4,14.0,0.5,0.5,0.5,2.05,3.32,5.38,3.49,60.0,1.64,14.0,0.6,0.5,0.5,12.3,29.3,77.3,39.7,56.0,31.0,14.0,0.6,0.5,0.5,-201.6,-124.8,-56.3,-127.3,67.0,64.4,14.0,0.6,0.5,0.5,-351.4,-240.3,-90.1,-230.0,67.0,114.9,14.0,0.6,0.5,0.5,-128.2,-81.8,-42.3,-83.7,58.0,40.5,14.0,0.6,0.5,0.5,-223.2,-165.7,-62.3,-150.6,58.0,74.0,14.0,0.6,0.5,0.5,-32.7,-14.9,-5.1,-19.0,56.0,16.0,14.0,0.6,0.5,0.5,-65.5,-25.3,-9.2,-34.1,56.0,27.4,14.0,0.6,0.5,0.5,69.0,1259.5,3652.5,1928.0,67.0,1861.0,14.0,0.6,0.5,0.5,70.0,1260.0,3650.0,1930.0,67.0,1860.0,14.0,0.6,0.5,0.5
1974,2,110.0,10.0,24.4,25.6,27.0,25.7,58.0,1.32,16.0,0.7,0.4,0.4,24.2,25.1,26.1,25.29,61.0,1.16,16.0,0.6,0.4,0.4,14.47,16.61,18.44,16.57,49.0,2.03,18.0,0.6,0.4,0.4,74.5,83.0,89.8,82.2,53.0,8.4,18.0,0.6,0.4,4.78,10.8,15.4,10.97,60.0,5.02,16.0,0.7,0.4,0.4,-7.7,-4.9,-1.91,-4.92,60.0,3.08,16.0,0.7,0.4,0.4,-14.47,-9.96,-3.64,-9.22,60.0,5.2,16.0,0.7,0.4,0.4,1008.38,1011.3,1012.92,1011.04,57.0,2.11,16.0,0.6,0.4,0.4,3.0,5.0,8.0,5.1,61.0,2.1,16.0,0.7,0.4,0.4,-114.0,-48.0,-14.2,-63.8,60.0,59.9,16.0,0.7,0.4,0.4,-233.6,-105.3,-17.5,-125.7,60.0,96.1,16.0,0.7,0.4,0.4,-1.2,0.5,2.0,0.37,57.0,1.6,18.0,0.6,0.4,0.4,-11.8,5.5,18.4,4.7,54.0,19.1,18.0,0.7,0.4,0.4,1.56,4.44,6.38,4.1,47.0,2.21,18.0,0.6,0.4,0.4,9.4,34.3,91.0,48.5,45.0,37.9,18.0,0.6,0.4,0.4,-187.4,-121.8,-46.8,-123.9,58.0,77.8,16.0,0.7,0.4,0.4,-369.0,-253.1,-89.2,-232.8,58.0,130.7,16.0,0.7,0.4,0.4,-138.3,-76.4,-31.4,-84.1,47.0,53.1,18.0,0.6,0.4,0.4,-233.0,-165.7,-54.9,-146.7,47.0,85.6,18.0,0.6,0.4,0.4,-34.2,-15.2,-5.7,-20.8,45.0,17.4,18.0,0.6,0.4,0.4,-85.5,-29.6,-4.6,-41.8,45.0,36.2,18.0,0.6,0.4,0.4,110.0,1259.5,3652.5,2107.5,60.0,2068.0,16.0,0.7,0.4,0.4,110.0,1260.0,3650.0,2105.0,60.0,2070.0,16.0,0.7,0.4,0.4
1974,2,110.0,11.0,24.7,25.5,26.38,25.59,35.0,1.1,16.0,0.6,0.6,0.3,23.94,24.9,25.71,24.97,37.0,1.41,16.0,0.6,0.6,0.4,14.17,15.91,17.54,15.9,32.0,1.61,16.0,0.6,0.6,0.4,71.6,79.5,86.0,80.3,32.0,8.4,16.0,0.6,0.4,4.3,10.3,15.4,10.37,35.0,5.43,16.0,0.6,0.6,0.4,-5.96,-3.6,-0.81,-3.83,35.0,2.87,16.0,0.6,0.6,0.4,-14.59,-9.79,-3.2,-9.11,35.0,5.59,16.0,0.6,0.6,0.4,1009.41,1012.3,1013.63,1011.66,37.0,2.32,16.0,0.6,0.6,0.4,4.0,6.0,8.0,5.8,35.0,2.0,16.0,0.6,0.6,0.3,-96.2,-33.6,-1.4,-48.7,35.0,49.2,16.0,0.6,0.6,0.4,-229.3,-106.1,-13.7,-122.3,35.0,105.0,16.0,0.6,0.6,0.4,-0.56,0.1,1.92,0.57,35.0,1.89,16.0,0.6,0.6,0.3,-3.2,0.0,17.4,6.2,33.0,20.2,16.0,0.6,0.6,0.3,2.33,4.88,5.82,4.42,30.0,1.72,16.0,0.6,0.6,0.3,15.5,38.1,85.0,48.0,29.0,33.2,16.0,0.6,0.6,0.4,-149.9,-87.1,-20.1,-95.3,35.0,71.1,16.0,0.6,0.6,0.4,-354.3,-250.5,-78.4,-225.0,35.0,134.7,16.0,0.6,0.6,0.4,-95.6,-69.2,-11.2,-63.4,31.0,49.4,16.0,0.5,0.6,0.4,-216.2,-166.4,-59.5,-144.6,31.0,79.4,16.0,0.5,0.6,0.4,-30.9,-13.1,-1.4,-15.3,29.0,12.8,16.0,0.6,0.6,0.4,-79.6,-31.1,-11.6,-43.4,29.0,33.7,16.0,0.6,0.6,0.4,80.0,1092.5,3652.5,1979.5,35.0,2001.0,16.0,0.6,0.6,0.4,80.0,1095.0,3650.0,1980.0,35.0,2000.0,16.0,0.6,0.6,0.4
1974,2,110.0,12.0,25.3,25.5,25.91,25.6,4.0,0.43,10.0,0.3,0.5,0.2,24.55,24.65,25.49,25.0,4.0,0.8,10.0,0.3,0.5,0.2,16.77,17.08,18.24,17.49,4.0,1.17,10.0,0.3,0.5,0.2,82.6,87.8,94.3,88.5,4.0,8.9,10.0,0.3,0.2,2.6,5.15,11.73,7.08,4.0,6.05,10.0,0.3,0.5,0.2,-3.81,-2.56,-1.22,-2.52,4.0,2.02,10.0,0.3,0.5,0.2,-10.88,-2.72,0.45,-5.1,4.0,7.49,10.0,0.3,0.5,0.2,1007.24,1009.75,1012.26,1009.75,4.0,2.9,10.0,0.3,0.5,0.2,2.5,4.5,6.5,4.5,4.0,2.4,10.0,0.3,0.5,0.2,-23.1,-6.7,-3.2,-12.9,4.0,17.1,10.0,0.3,0.5,0.2,-145.9,-22.1,1.2,-70.1,4.0,113.5,10.0,0.3,0.5,0.2,-0.03,0.65,1.22,0.6,4.0,0.94,10.0,0.3,0.5,0.2,-1.7,1.7,14.6,6.2,4.0,13.6,10.0,0.3,0.5,0.2,2.59,3.17,3.58,3.09,4.0,0.77,10.0,0.3,0.5,0.2,8.3,19.3,31.2,19.7,4.0,13.2,10.0,0.3,0.5,0.2,-98.0,-63.1,-30.0,-64.0,4.0,52.9,10.0,0.3,0.5,0.2,-271.2,-71.7,11.1,-127.4,4.0,184.0,10.0,0.3,0.5,0.2,-63.9,-43.7,-20.7,-42.4,4.0,33.5,10.0,0.3,0.5,0.2,-201.5,-45.1,7.7,-94.5,4.0,143.1,10.0,0.3,0.5,0.2,-14.1,-8.1,-3.8,-8.9,4.0,8.0,10.0,0.3,0.5,0.2,-27.8,-10.9,1.4,-13.1,4.0,17.1,10.0,0.3,0.5,0.2,17.5,237.0,2131.0,1036.0,4.0,1756.5,10.0,0.3,0.5,0.2,20.0,235.0,2130.0,1035.0,4.0,1755.0,10.0,0.3,0.5,0.2
1974,2,110.0,13.0,24.97,25.6,25.81,25.4,4.0,0.69,16.0,0.5,0.2,0.4,22.5,23.5,24.27,23.3,5.0,1.31,16.0,0.4,0.2,0.4,13.73,14.59,16.07,14.83,5.0,1.3,16.0,0.4,0.2,0.4,76.3,83.4,90.5,83.3,5.0,7.5,16.0,0.4,0.4,7.07,12.9,15.4,11.4,5.0,4.59,16.0,0.4,0.2,0.4,-5.41,-3.91,-1.42,-3.59,5.0,2.83,16.0,0.4,0.2,0.4,-14.09,-12.7,-5.71,-10.36,5.0,5.01,16.0,0.4,0.2,0.4,1008.99,1013.5,1015.25,1012.28,5.0,3.51,16.0,0.4,0.2,0.4,7.0,7.0,8.0,7.4,5.0,0.5,16.0,0.4,0.2,0.4,-64.6,-28.9,-12.6,-40.2,5.0,45.7,16.0,0.4,0.2,0.4,-217.0,-163.9,-43.1,-136.3,5.0,95.0,16.0,0.4,0.2,0.4,1.15,1.5,3.21,2.15,4.0,1.6,16.0,0.5,0.2,0.4,10.0,21.0,49.5,29.3,4.0,28.1,16.0,0.5,0.2,0.4,5.22,6.17,6.48,5.87,4.0,0.87,16.0,0.5,0.2,0.4,48.4,87.7,99.8,74.7,4.0,35.9,16.0,0.5,0.2,0.4,-129.2,-95.3,-33.1,-86.0,5.0,68.6,16.0,0.4,0.2,0.4,-323.5,-296.0,-135.1,-238.1,5.0,109.7,16.0,0.4,0.2,0.4,-83.8,-62.0,-18.9,-54.3,5.0,42.3,16.0,0.4,0.2,0.4,-202.1,-169.1,-93.1,-149.5,5.0,65.8,16.0,0.4,0.2,0.4,-34.8,-15.6,-6.3,-20.3,4.0,21.2,16.0,0.5,0.2,0.4,-93.4,-80.5,-43.5,-69.0,4.0,37.3,16.0,0.5,0.2,0.4,398.5,2146.5,3652.5,2027.0,5.0,1663.0,16.0,0.4,0.2,0.4,400.0,2145.0,3650.0,2025.0,5.0,1665.0,16.0,0.4,0.2,0.4
1974,2,110.0,14.0,24.4,24.85,25.89,25.18,6.0,1.0,14.0,0.3,0.4,0.5,22.64,23.85,24.52,23.7,6.0,0.99,14.0,0.2,0.4,0.6,14.8,15.11,16.9,15.62,6.0,1.16,14.0,0.2,0.4,0.6,80.5,86.6,90.8,85.6,6.0,5.3,14.0,0.2,0.6,2.6,5.7,12.9,6.57,7.0,4.62,14.0,0.3,0.4,0.6,-6.45,-2.6,-1.9,-3.64,7.0,2.32,14.0,0.3,0.4,0.6,-11.17,-4.31,-1.59,-5.16,7.0,4.46,14.0,0.3,0.4,0.6,1010.99,1013.9,1017.14,1014.06,7.0,2.84,14.0,0.3,0.4,0.6,0.8,5.5,7.2,4.5,6.0,3.3,12.0,0.3,0.3,0.5,-83.2,-11.1,-5.0,-32.3,7.0,36.3,14.0,0.3,0.4,0.6,-144.1,-28.9,-4.1,-51.2,7.0,64.6,14.0,0.3,0.4,0.6,0.59,1.2,2.25,1.38,5.0,1.26,14.0,0.2,0.4,0.5,1.5,3.1,21.6,9.7,5.0,11.0,14.0,0.2,0.4,0.5,3.14,4.14,5.33,4.38,5.0,1.75,14.0,0.2,0.4,0.5,8.2,10.8,50.9,26.0,5.0,23.4,14.0,0.2,0.4,0.5,-127.2,-56.6,-39.0,-74.5,6.0,48.9,14.0,0.2,0.4,0.6,-147.6,-80.4,-33.2,-96.0,6.0,88.3,14.0,0.2,0.4,0.6,-80.4,-37.8,-25.5,-48.5,6.0,31.4,14.0,0.2,0.4,0.6,-95.9,-52.5,-20.3,-62.5,6.0,57.9,14.0,0.2,0.4,0.6,-30.8,-8.4,-6.2,-16.8,5.0,14.9,14.0,0.2,0.4,0.5,-37.1,-7.3,-4.4,-18.5,5.0,19.7,14.0,0.2,0.4,0.5,17.5,185.0,2146.5,690.5,7.0,1000.5,14.0,0.3,0.4,0.6,20.0,185.0,2145.0,690.0,7.0,1000.0,14.0,0.3,0.4,0.6
1974,2,110.0,15.0,22.63,25.0,25.75,24.32,5.0,1.74,14.0,0.6,0.5,0.4,23.3,24.8,26.97,25.15,6.0,1.89,12.0,0.7,0.4,0.3,15.83,16.34,16.65,16.24,4.0,0.56,12.0,0.8,0.5,0.4,80.9,87.2,89.2,85.2,4.0,6.7,12.0,0.8,0.4,1.67,3.8,9.69,5.55,6.0,5.58,12.0,0.7,0.4,0.3,-6.23,-3.2,-1.07,-3.82,6.0,3.5,12.0,0.7,0.4,0.3,-3.71,0.23,3.85,-0.58,6.0,6.16,12.0,0.7,0.4,0.3,1010.8,1012.3,1012.65,1011.86,5.0,0.99,14.0,0.6,0.5,0.4,1.6,3.0,7.2,3.8,6.0,3.1,12.0,0.7,0.4,0.3,-65.8,-12.9,-2.2,-37.4,6.0,58.6,12.0,0.7,0.4,0.3,-40.2,0.6,23.4,-19.4,6.0,82.1,12.0,0.7,0.4,0.3,-1.57,-1.3,1.41,-0.26,5.0,1.77,14.0,0.6,0.5,0.4,-3.4,0.0,9.7,3.3,5.0,9.3,14.0,0.6,0.5,0.4,0.86,2.15,3.85,2.35,4.0,1.77,12.0,0.8,0.5,0.4,1.2,4.8,22.0,11.3,4.0,16.5,12.0,0.8,0.5,0.4,-154.7,-77.9,-28.6,-98.6,6.0,97.6,12.0,0.7,0.4,0.3,-102.3,5.3,94.2,-22.6,6.0,164.9,12.0,0.7,0.4,0.3,-63.6,-30.9,-10.6,-36.8,4.0,36.2,12.0,0.8,0.5,0.4,-13.9,3.5,56.6,20.6,4.0,56.0,12.0,0.8,0.5,0.4,-14.1,-3.5,-1.2,-7.5,4.0,10.5,12.0,0.8,0.5,0.4,-2.8,0.2,14.5,5.6,4.0,14.7,12.0,0.8,0.5,0.4,7.5,71.5,1191.5,726.0,6.0,1449.0,12.0,0.7,0.4,0.3,5.0,70.0,1190.0,725.0,6.0,1450.0,12.0,0.7,0.4,0.3
1974,2,110.0,16.0,23.74,24.4,25.05,24.44,5.0,0.99,12.0,0.8,0.6,0.3,23.0,23.55,24.81,23.34,8.0,1.79,10.0,0.9,0.6,0.3,13.24,15.49,17.1,15.23,7.0,1.86,12.0,0.9,0.6,0.3,77.4,87.1,91.3,84.9,7.0,7.1,12.0,0.9,0.3,2.82,6.65,12.08,7.06,8.0,4.63,10.0,0.9,0.6,0.3,-7.76,-4.06,-0.17,-3.52,8.0,4.33,10.0,0.9,0.6,0.3,-9.25,-3.75,0.22,-4.32,8.0,4.92,10.0,0.9,0.6,0.3,1011.97,1012.3,1016.36,1013.54,7.0,2.88,12.0,0.9,0.6,0.3,4.0,5.0,7.0,5.1,7.0,1.8,8.0,0.9,0.6,0.4,-81.9,-36.3,-0.4,-39.0,8.0,45.1,10.0,0.9,0.6,0.3,-112.1,-23.4,-0.4,-47.4,8.0,58.7,10.0,0.9,0.6,0.3,-0.77,-0.2,3.35,1.12,5.0,2.54,12.0,0.8,0.6,0.3,-2.7,-0.1,36.8,15.9,5.0,29.0,12.0,0.8,0.6,0.3,1.47,3.71,6.91,4.15,5.0,2.85,12.0,0.8,0.6,0.3,4.7,9.6,72.8,33.5,5.0,38.6,12.0,0.8,0.6,0.3,-178.6,-83.6,-4.0,-78.9,8.0,99.1,10.0,0.9,0.6,0.3,-212.8,-91.5,4.7,-95.7,8.0,106.3,10.0,0.9,0.6,0.3,-96.5,-25.9,1.5,-38.0,7.0,60.5,12.0,0.9,0.6,0.3,-115.5,-39.5,10.2,-49.0,7.0,67.1,12.0,0.9,0.6,0.3,-49.4,-6.2,-0.8,-22.4,5.0,28.3,12.0,0.8,0.6,0.3,-40.9,-7.4,-4.1,-21.8,5.0,29.5,12.0,0.8,0.6,0.3,26.5,378.0,1775.5,746.5,8.0,867.0,10.0,0.9,0.6,0.3,25.0,380.0,1775.0,745.0,8.0,865.0,10.0,0.9,0.6,0.3
1974,2,110.0,17.0,22.63,24.0,25.09,23.87,3.0,1.8,16.0,0.7,0.6,0.5,19.23,20.2,23.95,21.46,5.0,3.45,14.0,0.6,0.7,0.5,13.51,15.16,16.04,14.78,3.0,1.88,10.0,0.7,0.8,0.5,78.3,87.2,89.6,84.0,3.0,8.7,10.0,0.7,0.5,6.7,7.7,11.47,8.88,5.0,2.6,14.0,0.6,0.7,0.5,-7.38,-5.13,-3.28,-5.25,5.0,2.3,14.0,0.6,0.7,0.5,-8.79,-6.3,-0.3,-4.36,5.0,6.47,14.0,0.6,0.7,0.5,1012.21,1018.0,1019.74,1016.12,5.0,4.57,14.0,0.6,0.7,0.5,2.0,7.0,8.0,5.4,5.0,3.1,14.0,0.6,0.7,0.5,-84.9,-34.4,-24.4,-50.9,5.0,34.9,14.0,0.6,0.7,0.5,-101.2,-42.2,0.4,-45.7,5.0,64.9,14.0,0.6,0.7,0.5,-0.97,3.4,3.88,1.5,3.0,3.91,16.0,0.7,0.6,0.5,-5.4,26.2,39.1,17.1,3.0,33.5,16.0,0.7,0.6,0.5,2.66,3.79,4.91,3.79,2.0,2.32,10.0,0.5,0.8,0.3,18.7,28.1,37.4,28.1,2.0,19.4,10.0,0.5,0.8,0.3,-145.7,-126.6,-71.2,-111.0,5.0,44.9,14.0,0.6,0.7,0.5,-164.6,-127.2,-19.8,-86.9,5.0,134.2,14.0,0.6,0.7,0.5,-76.2,-58.4,-38.4,-57.3,3.0,27.6,10.0,0.7,0.8,0.5,-77.2,-70.8,46.5,-16.7,3.0,102.1,10.0,0.7,0.8,0.5,-19.3,-15.9,-12.6,-15.9,2.0,7.0,10.0,0.5,0.8,0.3,-2.0,13.5,29.0,13.5,2.0,32.1,10.0,0.5,0.8,0.3,301.0,456.5,1524.5,850.0,5.0,709.0,14.0,0.6,0.7,0.5,300.0,455.0,1525.0,850.0,5.0,710.0,14.0,0.6,0.7,0.5
1974,2,110.0,18.0,,,,,,,,,,,,,,,,,,,,,,,,,,,,,,,,,,,,,,,,4.0,5.1,12.41,7.81,11.0,3.9,16.0,0.8,0.5,0.3,-7.26,-4.45,-2.57,-4.58,11.0,2.4,16.0,0.8,0.5,0.3,-9.63,-3.76,0.83,-4.37,11.0,5.69,16.0,0.8,0.5,0.3,1012.84,1019.2,1022.97,1017.67,11.0,5.15,16.0,0.8,0.5,0.3,,,,,,,,,,,,,,,,,,,,,,,,,,,,,,,,,,,,,,,,,,,,,,,,,,,,,,,,,,,,,,,,,,,,,,,,,,,,,,,,,,,,,,,,,,,,,,,,,,,,,,,,,,,,,,,,,,,,,,,,,,,,,,,,,,,,,,,,,,,,,,,,,,,,,,
1974,2,110.0,19.0,,,,,,,,,,,,,,,,,,,,,,,,,,,,,,,,,,,,,,,,8.2,8.2,8.2,8.2,1.0,0.0,10.0,0.0,0.9,0.7,0.0,0.0,0.0,0.0,1.0,0.0,10.0,0.0,0.9,0.7,8.2,8.2,8.2,8.2,1.0,0.0,10.0,0.0,0.9,0.7,1006.0,1006.0,1006.0,1006.0,1.0,0.0,10.0,0.0,0.9,0.7,,,,,,,,,,,,,,,,,,,,,,,,,,,,,,,,,,,,,,,,,,,,,,,,,,,,,,,,,,,,,,,,,,,,,,,,,,,,,,,,,,,,,,,,,,,,,,,,,,,,,,,,,,,,,,,,,,,,,,,,,,,,,,,,,,,,,,,,,,,,,,,,,,,,,,
1974,2,110.0,20.0,,,,,,,,,,,,,,,,,,,,,,,,,,,,,,,,,,,,,,,,7.2,7.2,7.2,7.2,1.0,0.0,28.0,0.0,0.3,0.1,2.46,2.46,2.46,2.46,1.0,0.0,28.0,0.0,0.3,0.1,6.77,6.77,6.77,6.77,1.0,0.0,28.0,0.0,0.3,0.1,1005.0,1005.0,1005.0,1005.0,1.0,0.0,28.0,0.0,0.3,0.1,,,,,,,,,,,,,,,,,,,,,,,,,,,,,,,,,,,,,,,,,,,,,,,,,,,,,,,,,,,,,,,,,,,,,,,,,,,,,,,,,,,,,,,,,,,,,,,,,,,,,,,,,,,,,,,,,,,,,,,,,,,,,,,,,,,,,,,,,,,,,,,,,,,,,,
1974,2,110.0,21.0,,,,,,,,,,,,,,,,,,,,,,,,,,,,,,,,,,,,,,,,4.6,4.6,4.6,4.6,1.0,0.0,28.0,1.0,0.8,0.5,0.0,0.0,0.0,0.0,1.0,0.0,28.0,1.0,0.8,0.5,4.6,4.6,4.6,4.6,1.0,0.0,28.0,1.0,0.8,0.5,1005.0,1005.0,1005.0,1005.0,1.0,0.0,28.0,1.0,0.8,0.5,,,,,,,,,,,,,,,,,,,,,,,,,,,,,,,,,,,,,,,,,,,,,,,,,,,,,,,,,,,,,,,,,,,,,,,,,,,,,,,,,,,,,,,,,,,,,,,,,,,,,,,,,,,,,,,,,,,,,,,,,,,,,,,,,,,,,,,,,,,,,,,,,,,,,,
1974,2,111.0,-65.0,,,,,,,,,,,,,,,,,,,,,,,,,,,,,,,,,,,,,,,,0.0,0.0,0.0,0.0,1.0,0.0,26.0,1.0,0.6,0.8,0.0,0.0,0.0,0.0,1.0,0.0,26.0,1.0,0.6,0.8,0.0,0.0,0.0,0.0,1.0,0.0,26.0,1.0,0.6,0.8,990.53,991.9,993.27,991.9,2.0,2.83,26.0,0.5,0.8,0.7,,,,,,,,,,,,,,,,,,,,,,,,,,,,,,,,,,,,,,,,,,,,,,,,,,,,,,,,,,,,,,,,,,,,,,,,,,,,,,,,,,,,,,,,,,,,,,,,,,,,,,,,,,,,,,,,,,,,,,,,,,,,,,,,,,,,,,,,,,,,,,,,,,,,,,
1974,2,111.0,-49.0,8.0,8.0,8.0,8.0,1.0,0.0,22.0,1.0,0.3,0.3,7.7,7.7,7.7,7.7,1.0,0.0,22.0,1.0,0.3,0.3,5.21,5.21,5.21,5.21,1.0,0.0,22.0,1.0,0.3,0.3,79.1,79.1,79.1,79.1,1.0,0.0,22.0,1.0,0.3,,,,,,,,,,,,,,,,,,,,,,,,,,,,,,,,,,,,,,,,,,,,,,,,,,,,,,,,,,,,,,,,,,,,,,,,,,,,,,,,,,,,,,,,,,,,,,,,,,,,,,,,,,,,,,,,,,,,,,,,,,,,,,,,,,,,,,,,,,,,,,,,,,,,,,,,,,,,,,,,,,,,,,,,,,,,,,,,,,,,,,,,,,,,,,
1974,2,111.0,-43.0,,,,,,,,,,,,,,,,,,,,,,,,,,,,,,,,,,,,,,,,9.8,9.8,9.8,9.8,1.0,0.0,10.0,0.0,0.9,1.0,7.51,7.51,7.51,7.51,1.0,0.0,10.0,0.0,0.9,1.0,6.3,6.3,6.3,6.3,1.0,0.0,10.0,0.0,0.9,1.0,1019.8,1019.8,1019.8,1019.8,1.0,0.0,10.0,0.0,0.9,1.0,,,,,,,,,,,,,,,,,,,,,,,,,,,,,,,,,,,,,,,,,,,,,,,,,,,,,,,,,,,,,,,,,,,,,,,,,,,,,,,,,,,,,,,,,,,,,,,,,,,,,,,,,,,,,,,,,,,,,,,,,,,,,,,,,,,,,,,,,,,,,,,,,,,,,,
1974,2,111.0,-41.0,,,,,,,,,,,,,,,,,,,,,,,,,,,,,,,,,,,,,,,,12.9,12.9,12.9,12.9,1.0,0.0,10.0,1.0,0.7,0.9,0.0,0.0,0.0,0.0,1.0,0.0,10.0,1.0,0.7,0.9,12.9,12.9,12.9,12.9,1.0,0.0,10.0,1.0,0.7,0.9,1017.2,1017.2,1017.2,1017.2,1.0,0.0,10.0,1.0,0.7,0.9,,,,,,,,,,,,,,,,,,,,,,,,,,,,,,,,,,,,,,,,,,,,,,,,,,,,,,,,,,,,,,,,,,,,,,,,,,,,,,,,,,,,,,,,,,,,,,,,,,,,,,,,,,,,,,,,,,,,,,,,,,,,,,,,,,,,,,,,,,,,,,,,,,,,,,
1974,2,111.0,-40.0,12.6,13.9,15.2,13.9,2.0,2.69,6.0,0.0,0.5,0.9,12.09,12.7,13.31,12.7,2.0,1.27,6.0,0.0,0.5,0.9,7.32,7.32,7.32,7.32,1.0,0.0,2.0,0.0,0.2,0.8,76.2,76.2,76.2,76.2,1.0,0.0,2.0,0.0,0.8,8.77,10.0,11.23,10.0,2.0,2.55,6.0,0.0,0.5,0.9,0.0,0.0,0.0,0.0,2.0,0.0,6.0,0.0,0.5,0.9,8.77,10.0,11.23,10.0,2.0,2.55,6.0,0.0,0.5,0.9,1013.38,1015.05,1016.72,1015.05,2.0,3.46,6.0,0.0,0.5,0.9,7.2,7.5,7.8,7.5,2.0,0.7,6.0,0.0,0.5,0.9,0.0,0.0,0.0,0.0,2.0,0.0,6.0,0.0,0.5,0.9,78.7,103.2,127.8,103.2,2.0,50.9,6.0,0.0,0.5,0.9,0.52,1.2,1.88,1.2,2.0,1.41,6.0,0.0,0.5,0.9,4.8,10.2,15.6,10.2,2.0,11.1,6.0,0.0,0.5,0.9,3.77,3.77,3.77,3.77,1.0,0.0,2.0,0.0,0.2,0.8,30.9,30.9,30.9,30.9,1.0,0.0,2.0,0.0,0.2,0.8,0.0,0.0,0.0,0.0,2.0,0.0,6.0,0.0,0.5,0.9,115.9,125.4,134.8,125.4,2.0,19.6,6.0,0.0,0.5,0.9,0.0,0.0,0.0,0.0,1.0,0.0,2.0,0.0,0.2,0.8,60.0,60.0,60.0,60.0,1.0,0.0,2.0,0.0,0.2,0.8,0.0,0.0,0.0,0.0,1.0,0.0,2.0,0.0,0.2,0.8,30.9,30.9,30.9,30.9,1.0,0.0,2.0,0.0,0.2,0.8,724.5,1097.0,1470.0,1097.0,2.0,772.0,6.0,0.0,0.5,0.9,725.0,1095.0,1470.0,1095.0,2.0,770.0,6.0,0.0,0.5,0.9
1974,2,111.0,-39.0,,,,,,,,,,,,,,,,,,,,,,,,,,,,,,,,,,,,,,,,10.8,10.8,10.8,10.8,1.0,0.0,8.0,0.0,0.7,0.9,8.27,8.27,8.27,8.27,1.0,0.0,8.0,0.0,0.7,0.9,6.94,6.94,6.94,6.94,1.0,0.0,8.0,0.0,0.7,0.9,1011.9,1011.9,1011.9,1011.9,1.0,0.0,8.0,0.0,0.7,0.9,,,,,,,,,,,,,,,,,,,,,,,,,,,,,,,,,,,,,,,,,,,,,,,,,,,,,,,,,,,,,,,,,,,,,,,,,,,,,,,,,,,,,,,,,,,,,,,,,,,,,,,,,,,,,,,,,,,,,,,,,,,,,,,,,,,,,,,,,,,,,,,,,,,,,,
1974,2,111.0,-38.0,,,,,,,,,,,,,,,,,,,,,,,,,,,,,,,,,,,,,,,,8.7,8.7,8.7,8.7,2.0,0.0,8.0,0.5,0.5,0.5,-4.41,0.43,5.28,0.43,2.0,10.04,8.0,0.5,0.5,0.5,-2.77,0.62,4.01,0.62,2.0,7.03,8.0,0.5,0.5,0.5,1012.52,1014.7,1016.88,1014.7,2.0,4.53,8.0,0.5,0.5,0.5,,,,,,,,,,,,,,,,,,,,,,,,,,,,,,,,,,,,,,,,,,,,,,,,,,,,,,,,,,,,,,,,,,,,,,,,,,,,,,,,,,,,,,,,,,,,,,,,,,,,,,,,,,,,,,,,,,,,,,,,,,,,,,,,,,,,,,,,,,,,,,,,,,,,,,
1974,2,111.0,-37.0,18.9,18.9,18.9,18.9,1.0,0.0,14.0,0.0,0.0,0.7,15.7,15.7,15.7,15.7,1.0,0.0,14.0,0.0,0.0,0.7,8.67,8.67,8.67,8.67,1.0,0.0,14.0,0.0,0.0,0.7,78.6,78.6,78.6,78.6,1.0,0.0,14.0,0.0,0.7,12.3,12.3,12.3,12.3,1.0,0.0,14.0,0.0,0.0,0.7,4.21,4.21,4.21,4.21,1.0,0.0,14.0,0.0,0.0,0.7,11.56,11.56,11.56,11.56,1.0,0.0,14.0,0.0,0.0,0.7,1015.5,1015.5,1015.5,1015.5,1.0,0.0,14.0,0.0,0.0,0.7,8.0,8.0,8.0,8.0,1.0,0.0,14.0,0.0,0.0,0.7,51.7,51.7,51.7,51.7,1.0,0.0,14.0,0.0,0.0,0.7,142.2,142.2,142.2,142.2,1.0,0.0,14.0,0.0,0.0,0.7,3.2,3.2,3.2,3.2,1.0,0.0,14.0,0.0,0.0,0.7,39.4,39.4,39.4,39.4,1.0,0.0,14.0,0.0,0.0,0.7,4.87,4.87,4.87,4.87,1.0,0.0,14.0,0.0,0.0,0.7,59.9,59.9,59.9,59.9,1.0,0.0,14.0,0.0,0.0,0.7,66.0,66.0,66.0,66.0,1.0,0.0,14.0,0.0,0.0,0.7,181.5,181.5,181.5,181.5,1.0,0.0,14.0,0.0,0.0,0.7,36.5,36.5,36.5,36.5,1.0,0.0,14.0,0.0,0.0,0.7,100.2,100.2,100.2,100.2,1.0,0.0,14.0,0.0,0.0,0.7,20.5,20.5,20.5,20.5,1.0,0.0,14.0,0.0,0.0,0.7,56.3,56.3,56.3,56.3,1.0,0.0,14.0,0.0,0.0,0.7,1861.0,1861.0,1861.0,1861.0,1.0,0.0,14.0,0.0,0.0,0.7,1860.0,1860.0,1860.0,1860.0,1.0,0.0,14.0,0.0,0.0,0.7
1974,2,111.0,-35.0,20.5,20.5,20.5,20.5,1.0,0.0,8.0,1.0,0.7,0.8,18.7,18.7,18.7,18.7,1.0,0.0,8.0,1.0,0.7,0.8,10.05,10.05,10.05,10.05,1.0,0.0,8.0,1.0,0.7,0.8,75.1,75.1,75.1,75.1,1.0,0.0,8.0,1.0,0.8,6.7,6.7,6.7,6.7,1.0,0.0,8.0,1.0,0.7,0.8,4.31,4.31,4.31,4.31,1.0,0.0,8.0,1.0,0.7,0.8,5.13,5.13,5.13,5.13,1.0,0.0,8.0,1.0,0.7,0.8,1012.6,1012.6,1012.6,1012.6,1.0,0.0,8.0,1.0,0.7,0.8,2.0,2.0,2.0,2.0,1.0,0.0,8.0,1.0,0.7,0.8,28.9,28.9,28.9,28.9,1.0,0.0,8.0,1.0,0.7,0.8,34.4,34.4,34.4,34.4,1.0,0.0,8.0,1.0,0.7,0.8,1.8,1.8,1.8,1.8,1.0,0.0,8.0,1.0,0.7,0.8,12.1,12.1,12.1,12.1,1.0,0.0,8.0,1.0,0.7,0.8,4.96,4.96,4.96,4.96,1.0,0.0,8.0,1.0,0.7,0.8,33.3,33.3,33.3,33.3,1.0,0.0,8.0,1.0,0.7,0.8,80.5,80.5,80.5,80.5,1.0,0.0,8.0,1.0,0.7,0.8,96.0,96.0,96.0,96.0,1.0,0.0,8.0,1.0,0.7,0.8,43.3,43.3,43.3,43.3,1.0,0.0,8.0,1.0,0.7,0.8,51.6,51.6,51.6,51.6,1.0,0.0,8.0,1.0,0.7,0.8,21.4,21.4,21.4,21.4,1.0,0.0,8.0,1.0,0.7,0.8,25.5,25.5,25.5,25.5,1.0,0.0,8.0,1.0,0.7,0.8,301.0,301.0,301.0,301.0,1.0,0.0,8.0,1.0,0.7,0.8,300.0,300.0,300.0,300.0,1.0,0.0,8.0,1.0,0.7,0.8
1974,2,111.0,-34.0,19.03,19.1,19.17,19.1,2.0,0.14,20.0,0.0,0.4,0.8,18.27,18.65,19.03,18.65,2.0,0.78,20.0,0.0,0.4,0.8,10.46,10.63,10.8,10.63,2.0,0.36,20.0,0.0,0.4,0.8,79.4,80.1,80.7,80.1,2.0,1.4,20.0,0.0,0.8,5.59,6.65,7.71,6.65,2.0,2.19,20.0,0.0,0.4,0.8,-6.11,-3.99,-1.87,-3.99,2.0,4.4,20.0,0.0,0.4,0.8,4.25,4.56,4.88,4.56,2.0,0.65,20.0,0.0,0.4,0.8,1017.31,1018.2,1019.09,1018.2,2.0,1.84,20.0,0.0,0.4,0.8,3.5,4.5,5.5,4.5,2.0,2.1,20.0,0.0,0.4,0.8,-49.7,-31.4,-13.0,-31.4,2.0,38.0,20.0,0.0,0.4,0.8,26.9,29.6,32.3,29.6,2.0,5.7,20.0,0.0,0.4,0.8,0.14,0.45,0.76,0.45,2.0,0.64,20.0,0.0,0.4,0.8,1.2,3.7,6.2,3.7,2.0,5.2,20.0,0.0,0.4,0.8,2.94,3.04,3.15,3.04,2.0,0.21,20.0,0.0,0.4,0.8,16.6,20.5,24.4,20.5,2.0,8.1,20.0,0.0,0.4,0.8,-110.8,-72.8,-34.7,-72.8,2.0,78.9,20.0,0.0,0.4,0.8,77.7,85.3,92.9,85.3,2.0,15.7,20.0,0.0,0.4,0.8,-63.5,-41.7,-19.8,-41.7,2.0,45.3,20.0,0.0,0.4,0.8,44.5,48.6,52.7,48.6,2.0,8.6,20.0,0.0,0.4,0.8,-19.5,-12.6,-5.8,-12.6,2.0,14.2,20.0,0.0,0.4,0.8,13.3,13.8,14.3,13.8,2.0,1.0,20.0,0.0,0.4,0.8,199.0,342.0,485.0,342.0,2.0,296.0,20.0,0.0,0.4,0.8,200.0,340.0,485.0,340.0,2.0,295.0,20.0,0.0,0.4,0.8
1974,2,111.0,-33.0,19.58,19.75,19.92,19.75,2.0,0.35,10.0,1.0,0.4,0.2,18.32,19.0,19.68,19.0,2.0,1.41,10.0,1.0,0.4,0.2,10.18,11.23,12.29,11.23,2.0,2.19,10.0,1.0,0.4,0.2,77.5,81.9,86.2,81.9,2.0,9.1,10.0,1.0,0.2,9.3,9.3,9.3,9.3,2.0,0.0,10.0,1.0,0.4,0.2,-6.78,-4.03,-1.28,-4.03,2.0,5.7,10.0,1.0,0.4,0.2,5.39,6.98,8.56,6.98,2.0,3.29,10.0,1.0,0.4,0.2,1010.97,1013.05,1015.13,1013.05,2.0,4.31,10.0,1.0,0.4,0.2,6.3,7.0,7.7,7.0,2.0,1.4,10.0,1.0,0.4,0.2,-63.0,-37.5,-11.9,-37.5,2.0,53.0,10.0,1.0,0.4,0.2,50.1,64.9,79.6,64.9,2.0,30.6,10.0,1.0,0.4,0.2,-0.1,0.75,1.6,0.75,2.0,1.77,10.0,1.0,0.4,0.2,-1.0,7.0,14.9,7.0,2.0,16.4,10.0,1.0,0.4,0.2,1.85,3.09,4.33,3.09,2.0,2.57,10.0,1.0,0.4,0.2,17.2,28.7,40.2,28.7,2.0,23.9,10.0,1.0,0.4,0.2,-135.5,-80.5,-25.6,-80.5,2.0,113.9,10.0,1.0,0.4,0.2,104.8,130.2,155.6,130.2,2.0,52.6,10.0,1.0,0.4,0.2,-86.6,-51.5,-16.3,-51.5,2.0,72.8,10.0,1.0,0.4,0.2,64.3,74.8,85.2,74.8,2.0,21.7,10.0,1.0,0.4,0.2,-8.6,-5.1,-1.6,-5.1,2.0,7.2,10.0,1.0,0.4,0.2,12.2,25.7,39.3,25.7,2.0,28.1,10.0,1.0,0.4,0.2,804.5,804.5,804.5,804.5,2.0,0.0,10.0,1.0,0.4,0.2,805.0,805.0,805.0,805.0,2.0,0.0,10.0,1.0,0.4,0.2
1974,2,111.0,-32.0,19.74,20.65,22.04,20.8,6.0,1.18,10.0,0.7,0.5,0.5,18.99,20.0,20.21,19.63,7.0,0.67,12.0,0.7,0.4,0.5,11.05,12.08,12.98,12.12,6.0,1.06,10.0,0.7,0.5,0.5,79.7,86.4,93.5,86.2,6.0,7.4,10.0,0.7,0.5,6.15,8.7,13.9,9.4,7.0,3.42,12.0,0.7,0.4,0.5,-10.65,-3.18,-1.32,-4.74,7.0,4.87,12.0,0.7,0.4,0.5,5.32,8.57,8.93,7.22,7.0,2.0,12.0,0.7,0.4,0.5,1011.12,1012.2,1016.1,1013.33,7.0,3.57,12.0,0.7,0.4,0.5,2.0,5.0,8.0,4.7,7.0,3.0,12.0,0.7,0.4,0.5,-148.0,-29.6,-11.9,-57.6,7.0,65.3,12.0,0.7,0.4,0.5,32.8,74.5,124.2,72.7,7.0,40.9,12.0,0.7,0.4,0.5,-0.2,1.35,2.49,1.3,6.0,1.41,10.0,0.7,0.5,0.5,-1.3,13.7,31.2,16.1,6.0,18.4,10.0,0.7,0.5,0.5,1.68,2.67,5.45,3.18,6.0,1.95,10.0,0.7,0.5,0.5,14.2,24.1,75.8,37.2,6.0,31.5,10.0,0.7,0.5,0.5,-202.8,-62.6,-26.3,-91.7,7.0,95.2,12.0,0.7,0.4,0.5,104.4,166.0,171.7,141.4,7.0,38.1,12.0,0.7,0.4,0.5,-116.7,-62.0,-36.0,-69.5,6.0,42.2,10.0,0.7,0.5,0.5,72.7,98.3,104.4,92.2,6.0,17.2,10.0,0.7,0.5,0.5,-58.1,-11.0,-3.4,-24.3,6.0,27.0,10.0,0.7,0.5,0.5,9.4,23.2,48.7,26.7,6.0,19.1,10.0,0.7,0.5,0.5,233.5,658.5,2685.5,1123.5,7.0,1094.0,12.0,0.7,0.4,0.5,235.0,660.0,2685.0,1125.0,7.0,1095.0,12.0,0.7,0.4,0.5
1974,2,111.0,-31.0,,,,,,,,,,,,,,,,,,,,,,,,,,,,,,,,,,,,,,,,5.67,6.9,8.13,6.9,2.0,2.55,26.0,0.0,0.1,0.7,-3.66,-2.17,-0.69,-2.17,2.0,3.08,26.0,0.0,0.1,0.7,5.49,6.32,7.15,6.32,2.0,1.72,26.0,0.0,0.1,0.7,1009.63,1011.0,1012.37,1011.0,2.0,2.83,26.0,0.0,0.1,0.7,1.3,4.0,6.7,4.0,2.0,5.7,26.0,0.0,0.1,0.7,-31.8,-18.9,-6.0,-18.9,2.0,26.8,26.0,0.0,0.1,0.7,32.3,45.8,59.3,45.8,2.0,28.0,26.0,0.0,0.1,0.7,,,,,,,,,,,,,,,,,,,,,,,,,,,,,,,,,,,,,,,,,-85.3,-50.7,-16.1,-50.7,2.0,71.7,26.0,0.0,0.1,0.7,118.0,141.3,164.7,141.3,2.0,48.4,26.0,0.0,0.1,0.7,-49.7,-29.5,-9.4,-29.5,2.0,41.7,26.0,0.0,0.1,0.7,73.6,85.2,96.9,85.2,2.0,24.1,26.0,0.0,0.1,0.7,,,,,,,,,,,,,,,,,,,,,,,,,,,,,,,,,,,,,,,,
1974,2,111.0,-29.0,22.2,22.2,22.2,22.2,1.0,0.0,12.0,0.0,0.4,0.9,22.8,24.1,25.4,24.1,2.0,2.69,16.0,0.5,0.4,0.6,12.02,12.02,12.02,12.02,1.0,0.0,12.0,0.0,0.4,0.9,72.4,72.4,72.4,72.4,1.0,0.0,12.0,0.0,0.9,10.88,11.05,11.22,11.05,2.0,0.35,16.0,0.5,0.4,0.6,-2.95,-0.99,0.96,-0.99,2.0,4.06,16.0,0.5,0.4,0.6,10.62,10.63,10.63,10.63,2.0,0.01,16.0,0.5,0.4,0.6,1011.32,1012.45,1013.58,1012.45,2.0,2.33,16.0,0.5,0.4,0.6,2.8,4.5,6.2,4.5,2.0,3.5,16.0,0.5,0.4,0.6,-33.5,-11.7,10.1,-11.7,2.0,45.2,16.0,0.5,0.4,0.6,115.7,117.4,119.2,117.4,2.0,3.6,16.0,0.5,0.4,0.6,0.0,0.0,0.0,0.0,1.0,0.0,12.0,0.0,0.4,0.9,0.0,0.0,0.0,0.0,1.0,0.0,12.0,0.0,0.4,0.9,4.63,4.63,4.63,4.63,1.0,0.0,12.0,0.0,0.4,0.9,52.4,52.4,52.4,52.4,1.0,0.0,12.0,0.0,0.4,0.9,-64.4,-18.5,27.4,-18.5,2.0,95.1,16.0,0.5,0.4,0.6,242.2,256.1,270.1,256.1,2.0,28.9,16.0,0.5,0.4,0.6,-46.4,-46.4,-46.4,-46.4,1.0,0.0,12.0,0.0,0.4,0.9,127.6,127.6,127.6,127.6,1.0,0.0,12.0,0.0,0.4,0.9,-17.9,-17.9,-17.9,-17.9,1.0,0.0,12.0,0.0,0.4,0.9,49.2,49.2,49.2,49.2,1.0,0.0,12.0,0.0,0.4,0.9,1289.0,1351.5,1414.0,1351.5,2.0,129.5,16.0,0.5,0.4,0.6,1290.0,1350.0,1415.0,1350.0,2.0,130.0,16.0,0.5,0.4,0.6
1974,2,111.0,-28.0,23.3,23.3,23.3,23.3,1.0,0.0,10.0,1.0,0.0,0.1,22.6,22.6,22.6,22.6,1.0,0.0,10.0,1.0,0.0,0.1,13.32,13.32,13.32,13.32,1.0,0.0,10.0,1.0,0.0,0.1,78.1,78.1,78.1,78.1,1.0,0.0,10.0,1.0,0.1,8.2,8.2,8.2,8.2,1.0,0.0,10.0,1.0,0.0,0.1,-2.8,-2.8,-2.8,-2.8,1.0,0.0,10.0,1.0,0.0,0.1,7.71,7.71,7.71,7.71,1.0,0.0,10.0,1.0,0.0,0.1,1013.0,1013.0,1013.0,1013.0,1.0,0.0,10.0,1.0,0.0,0.1,7.0,7.0,7.0,7.0,1.0,0.0,10.0,1.0,0.0,0.1,-23.0,-23.0,-23.0,-23.0,1.0,0.0,10.0,1.0,0.0,0.1,63.2,63.2,63.2,63.2,1.0,0.0,10.0,1.0,0.0,0.1,0.7,0.7,0.7,0.7,1.0,0.0,10.0,1.0,0.0,0.1,5.7,5.7,5.7,5.7,1.0,0.0,10.0,1.0,0.0,0.1,4.52,4.52,4.52,4.52,1.0,0.0,10.0,1.0,0.0,0.1,37.0,37.0,37.0,37.0,1.0,0.0,10.0,1.0,0.0,0.1,-63.4,-63.4,-63.4,-63.4,1.0,0.0,10.0,1.0,0.0,0.1,174.1,174.1,174.1,174.1,1.0,0.0,10.0,1.0,0.0,0.1,-37.4,-37.4,-37.4,-37.4,1.0,0.0,10.0,1.0,0.0,0.1,102.6,102.6,102.6,102.6,1.0,0.0,10.0,1.0,0.0,0.1,-12.7,-12.7,-12.7,-12.7,1.0,0.0,10.0,1.0,0.0,0.1,34.8,34.8,34.8,34.8,1.0,0.0,10.0,1.0,0.0,0.1,551.5,551.5,551.5,551.5,1.0,0.0,10.0,1.0,0.0,0.1,550.0,550.0,550.0,550.0,1.0,0.0,10.0,1.0,0.0,0.1
1974,2,111.0,-27.0,24.27,25.7,25.9,25.1,3.0,1.31,14.0,1.0,0.7,0.3,22.89,23.5,24.11,23.5,3.0,0.9,14.0,1.0,0.7,0.3,11.68,15.49,16.28,14.02,3.0,3.61,14.0,1.0,0.7,0.3,67.0,85.9,86.7,77.1,3.0,16.3,14.0,1.0,0.3,5.68,12.3,13.73,9.77,3.0,6.29,14.0,1.0,0.7,0.3,-2.12,-1.3,-0.41,-1.27,3.0,1.25,14.0,1.0,0.7,0.3,5.44,12.3,13.58,9.58,3.0,6.41,14.0,1.0,0.7,0.3,1009.27,1012.0,1013.3,1011.3,3.0,3.01,14.0,1.0,0.7,0.3,2.9,7.0,7.0,5.0,3.0,3.5,14.0,1.0,0.7,0.3,-25.7,-3.4,-1.1,-13.1,3.0,19.9,14.0,1.0,0.7,0.3,52.0,151.3,187.4,120.5,3.0,102.7,14.0,1.0,0.7,0.3,0.25,2.5,2.91,1.6,3.0,2.1,14.0,1.0,0.7,0.3,8.3,30.8,40.2,24.4,3.0,24.0,14.0,1.0,0.7,0.3,2.85,5.53,9.06,5.95,3.0,4.57,14.0,1.0,0.7,0.3,24.4,68.0,126.8,75.5,3.0,75.3,14.0,1.0,0.7,0.3,-48.6,-31.7,-10.1,-29.4,3.0,28.3,14.0,1.0,0.7,0.3,129.2,289.1,310.5,221.5,3.0,145.1,14.0,1.0,0.7,0.3,-23.8,-21.6,-6.9,-15.5,3.0,13.5,14.0,1.0,0.7,0.3,70.2,140.4,174.7,122.8,3.0,78.0,14.0,1.0,0.7,0.3,-18.9,-2.1,-0.7,-9.6,3.0,14.9,14.0,1.0,0.7,0.3,24.1,68.0,125.2,74.5,3.0,74.3,14.0,1.0,0.7,0.3,602.5,1861.0,2629.0,1621.5,3.0,1498.5,14.0,1.0,0.7,0.3,605.0,1860.0,2630.0,1620.0,3.0,1500.0,14.0,1.0,0.7,0.3
1974,2,111.0,-26.0,24.88,25.55,25.98,25.34,8.0,0.83,16.0,0.5,0.6,0.5,22.63,24.8,25.84,24.22,9.0,1.47,16.0,0.4,0.5,0.4,14.65,16.19,16.64,15.6,8.0,2.83,16.0,0.5,0.6,0.5,78.9,82.7,85.7,80.9,8.0,11.0,16.0,0.5,0.5,5.4,7.7,11.9,8.62,9.0,3.94,16.0,0.4,0.5,0.4,-3.58,1.08,2.41,-0.35,9.0,2.98,16.0,0.4,0.5,0.4,5.15,7.58,11.31,8.09,9.0,4.07,16.0,0.4,0.5,0.4,1006.56,1008.5,1011.14,1008.63,9.0,2.42,16.0,0.4,0.5,0.4,0.5,5.0,6.7,3.9,9.0,2.8,16.0,0.4,0.5,0.4,-43.3,5.9,15.7,-5.8,9.0,31.4,16.0,0.4,0.5,0.4,28.1,58.4,134.8,83.9,9.0,71.5,16.0,0.4,0.5,0.4,0.0,0.45,2.31,0.9,8.0,1.18,16.0,0.5,0.6,0.5,0.0,4.0,28.0,11.4,8.0,17.4,16.0,0.5,0.6,0.5,3.17,4.38,5.73,4.7,8.0,2.75,16.0,0.5,0.6,0.5,11.0,34.3,85.8,48.0,8.0,42.4,16.0,0.5,0.6,0.5,-83.8,24.2,59.0,-8.2,9.0,70.3,16.0,0.4,0.5,0.4,128.0,188.1,273.7,193.7,9.0,92.5,16.0,0.4,0.5,0.4,-40.5,-4.8,38.8,-5.7,8.0,45.6,16.0,0.5,0.6,0.5,97.1,117.2,171.2,124.3,8.0,58.5,16.0,0.5,0.6,0.5,-15.4,2.1,10.0,-4.0,8.0,19.5,16.0,0.5,0.6,0.5,8.4,32.0,84.5,45.3,8.0,41.1,16.0,0.5,0.6,0.5,161.0,456.5,1699.0,1009.5,9.0,1164.0,16.0,0.4,0.5,0.4,160.0,455.0,1700.0,1010.0,9.0,1165.0,16.0,0.4,0.5,0.4
1974,2,111.0,-25.0,26.0,26.05,26.97,26.25,8.0,0.7,14.0,0.3,0.2,0.6,24.69,25.5,26.0,25.34,7.0,0.65,14.0,0.3,0.2,0.6,14.63,16.27,17.8,16.34,6.0,1.6,16.0,0.2,0.2,0.6,74.4,83.4,84.7,81.1,6.0,6.5,16.0,0.2,0.6,5.9,7.2,8.54,7.34,7.0,4.53,12.0,0.3,0.2,0.6,-3.2,0.0,2.93,0.0,7.0,3.6,12.0,0.3,0.2,0.6,2.95,7.09,8.38,6.54,7.0,4.53,12.0,0.3,0.2,0.6,1005.87,1007.55,1008.5,1007.19,8.0,1.56,14.0,0.3,0.2,0.6,0.0,3.5,6.9,3.5,8.0,3.3,14.0,0.3,0.2,0.6,-22.2,0.0,23.5,-5.9,7.0,37.8,12.0,0.3,0.2,0.6,18.3,51.1,73.7,65.1,7.0,73.5,12.0,0.3,0.2,0.6,0.29,1.0,1.71,0.94,7.0,0.72,14.0,0.3,0.2,0.6,0.0,3.1,12.1,7.4,6.0,11.8,12.0,0.3,0.2,0.7,3.68,4.68,7.54,5.24,6.0,2.09,16.0,0.2,0.2,0.6,13.8,24.4,63.6,38.9,5.0,43.8,16.0,0.2,0.2,0.7,-52.7,18.5,84.5,13.0,6.0,90.3,12.0,0.3,0.2,0.7,60.0,191.6,240.4,171.0,6.0,122.9,12.0,0.3,0.2,0.7,-42.1,0.0,64.6,7.8,5.0,63.7,16.0,0.2,0.2,0.7,31.5,124.7,168.4,105.9,5.0,82.6,16.0,0.2,0.2,0.7,-18.0,0.0,12.4,-3.3,5.0,22.4,16.0,0.2,0.2,0.7,7.8,20.4,60.7,34.8,5.0,42.3,16.0,0.2,0.2,0.7,227.0,373.0,699.5,800.5,7.0,1272.5,12.0,0.3,0.2,0.6,225.0,375.0,700.0,800.0,7.0,1270.0,12.0,0.3,0.2,0.6
1974,2,111.0,-24.0,26.12,26.85,27.0,26.58,4.0,0.67,18.0,0.5,0.4,0.6,24.08,26.0,27.89,25.9,8.0,1.73,18.0,0.6,0.4,0.6,15.66,16.59,18.65,16.81,6.0,2.79,16.0,0.5,0.4,0.5,69.0,77.4,94.1,80.5,6.0,14.1,16.0,0.5,0.5,8.05,9.3,12.9,9.79,7.0,2.8,16.0,0.6,0.5,0.7,-2.24,0.0,0.15,-0.45,7.0,1.94,16.0,0.6,0.5,0.7,7.99,9.3,12.71,9.54,7.0,3.07,16.0,0.6,0.5,0.7,1004.38,1007.05,1010.71,1007.39,8.0,2.86,18.0,0.6,0.4,0.6,0.0,4.0,6.0,3.0,7.0,3.0,16.0,0.6,0.4,0.6,-28.9,0.0,0.8,-8.9,7.0,17.4,16.0,0.6,0.5,0.7,64.9,86.5,164.0,100.7,7.0,52.7,16.0,0.6,0.5,0.7,-0.67,0.65,1.97,0.65,4.0,1.55,18.0,0.5,0.4,0.6,-8.0,6.2,20.1,6.1,4.0,17.0,18.0,0.5,0.4,0.6,3.47,5.87,7.17,5.34,4.0,2.94,18.0,0.5,0.4,0.6,35.8,69.9,76.9,57.0,4.0,31.6,18.0,0.5,0.4,0.6,-58.5,0.0,4.0,-12.0,7.0,50.8,16.0,0.6,0.5,0.7,212.9,223.2,331.7,244.9,7.0,85.0,16.0,0.6,0.5,0.7,-33.4,0.0,0.0,-13.7,5.0,18.9,16.0,0.4,0.5,0.6,148.2,170.6,189.6,168.2,5.0,35.3,16.0,0.4,0.5,0.6,-12.2,-5.5,0.0,-6.1,4.0,7.1,18.0,0.5,0.4,0.6,35.3,68.8,76.4,56.4,4.0,31.3,18.0,0.5,0.4,0.6,531.0,804.5,2149.0,1127.0,7.0,790.0,16.0,0.6,0.5,0.7,530.0,805.0,2150.0,1125.0,7.0,790.0,16.0,0.6,0.5,0.7
1974,2,111.0,-23.0,25.32,26.0,26.68,26.0,2.0,1.41,12.0,0.5,0.2,0.8,25.9,26.55,27.2,26.55,2.0,1.34,12.0,0.5,0.2,0.8,17.26,17.6,17.93,17.6,2.0,0.7,12.0,0.5,0.2,0.8,79.1,80.7,82.3,80.7,2.0,3.3,12.0,0.5,0.8,3.91,5.65,7.39,5.65,2.0,3.61,12.0,0.5,0.2,0.8,0.0,0.0,0.0,0.0,2.0,0.0,12.0,0.5,0.2,0.8,-1.31,2.55,6.41,2.55,2.0,7.99,12.0,0.5,0.2,0.8,1005.13,1005.4,1005.67,1005.4,2.0,0.57,12.0,0.5,0.2,0.8,1.3,2.0,2.7,2.0,2.0,1.4,12.0,0.5,0.2,0.8,0.0,0.0,0.0,0.0,2.0,0.0,12.0,0.5,0.2,0.8,2.6,28.8,55.0,28.8,2.0,54.3,12.0,0.5,0.2,0.8,-0.58,-0.55,-0.52,-0.55,2.0,0.07,12.0,0.5,0.2,0.8,-3.7,-3.0,-2.2,-3.0,2.0,1.6,12.0,0.5,0.2,0.8,3.06,3.6,4.14,3.6,2.0,1.11,12.0,0.5,0.2,0.8,13.1,22.4,31.7,22.4,2.0,19.3,12.0,0.5,0.2,0.8,0.0,0.0,0.0,0.0,2.0,0.0,12.0,0.5,0.2,0.8,-31.0,73.1,177.1,73.1,2.0,215.6,12.0,0.5,0.2,0.8,0.0,0.0,0.0,0.0,2.0,0.0,12.0,0.5,0.2,0.8,-21.1,47.6,116.4,47.6,2.0,142.4,12.0,0.5,0.2,0.8,0.0,0.0,0.0,0.0,2.0,0.0,12.0,0.5,0.2,0.8,-1.6,13.6,28.9,13.6,2.0,31.6,12.0,0.5,0.2,0.8,112.5,290.5,468.5,290.5,2.0,369.0,12.0,0.5,0.2,0.8,115.0,290.0,470.0,290.0,2.0,370.0,12.0,0.5,0.2,0.8
1974,2,111.0,-22.0,27.0,27.0,27.0,27.0,1.0,0.0,16.0,0.0,0.0,1.0,27.0,27.0,27.0,27.0,1.0,0.0,16.0,0.0,0.0,1.0,20.53,20.53,20.53,20.53,1.0,0.0,16.0,0.0,0.0,1.0,91.5,91.5,91.5,91.5,1.0,0.0,16.0,0.0,1.0,6.7,6.7,6.7,6.7,1.0,0.0,16.0,0.0,0.0,1.0,-5.8,-5.8,-5.8,-5.8,1.0,0.0,16.0,0.0,0.0,1.0,3.35,3.35,3.35,3.35,1.0,0.0,16.0,0.0,0.0,1.0,1005.9,1005.9,1005.9,1005.9,1.0,0.0,16.0,0.0,0.0,1.0,7.0,7.0,7.0,7.0,1.0,0.0,16.0,0.0,0.0,1.0,-38.9,-38.9,-38.9,-38.9,1.0,0.0,16.0,0.0,0.0,1.0,22.4,22.4,22.4,22.4,1.0,0.0,16.0,0.0,0.0,1.0,0.0,0.0,0.0,0.0,1.0,0.0,16.0,0.0,0.0,1.0,0.0,0.0,0.0,0.0,1.0,0.0,16.0,0.0,0.0,1.0,1.93,1.93,1.93,1.93,1.0,0.0,16.0,0.0,0.0,1.0,12.9,12.9,12.9,12.9,1.0,0.0,16.0,0.0,0.0,1.0,-156.7,-156.7,-156.7,-156.7,1.0,0.0,16.0,0.0,0.0,1.0,90.5,90.5,90.5,90.5,1.0,0.0,16.0,0.0,0.0,1.0,-119.1,-119.1,-119.1,-119.1,1.0,0.0,16.0,0.0,0.0,1.0,68.8,68.8,68.8,68.8,1.0,0.0,16.0,0.0,0.0,1.0,-11.2,-11.2,-11.2,-11.2,1.0,0.0,16.0,0.0,0.0,1.0,6.5,6.5,6.5,6.5,1.0,0.0,16.0,0.0,0.0,1.0,301.0,301.0,301.0,301.0,1.0,0.0,16.0,0.0,0.0,1.0,300.0,300.0,300.0,300.0,1.0,0.0,16.0,0.0,0.0,1.0
1974,2,111.0,-13.0,27.0,27.0,27.0,27.0,1.0,0.0,2.0,0.0,0.8,0.8,25.0,25.0,25.0,25.0,1.0,0.0,2.0,0.0,0.8,0.8,18.47,18.47,18.47,18.47,1.0,0.0,2.0,0.0,0.8,0.8,93.1,93.1,93.1,93.1,1.0,0.0,2.0,0.0,0.8,,,,,,,,,,,,,,,,,,,,,,,,,,,,,,,,,,,,,,,,,,,,,,,,,,,,,,,,,,,,,,,,,,,,,,,,,,,,,,,,,,,,,,,,,,,,,,,,,,,,,,,,,,,,,,,,,,,,,,,,,,,,,,,,,,,,,,,,,,,,,,,,,,,,,,,,,,,,,,,,,,,,,,,,,,,,,,,,,,,,,,,,,,,,,,
1974,2,111.0,-12.0,27.5,27.5,27.5,27.5,1.0,0.0,12.0,0.0,0.9,0.6,27.8,27.8,27.8,27.8,1.0,0.0,12.0,0.0,0.9,0.6,18.16,18.16,18.16,18.16,1.0,0.0,12.0,0.0,0.9,0.6,77.5,77.5,77.5,77.5,1.0,0.0,12.0,0.0,0.6,7.2,7.2,7.2,7.2,1.0,0.0,12.0,0.0,0.9,0.6,6.77,6.77,6.77,6.77,1.0,0.0,12.0,0.0,0.9,0.6,2.46,2.46,2.46,2.46,1.0,0.0,12.0,0.0,0.9,0.6,1007.1,1007.1,1007.1,1007.1,1.0,0.0,12.0,0.0,0.9,0.6,2.0,2.0,2.0,2.0,1.0,0.0,12.0,0.0,0.9,0.6,48.7,48.7,48.7,48.7,1.0,0.0,12.0,0.0,0.9,0.6,17.7,17.7,17.7,17.7,1.0,0.0,12.0,0.0,0.9,0.6,-0.3,-0.3,-0.3,-0.3,1.0,0.0,12.0,0.0,0.9,0.6,-2.2,-2.2,-2.2,-2.2,1.0,0.0,12.0,0.0,0.9,0.6,4.95,4.95,4.95,4.95,1.0,0.0,12.0,0.0,0.9,0.6,35.6,35.6,35.6,35.6,1.0,0.0,12.0,0.0,0.9,0.6,188.1,188.1,188.1,188.1,1.0,0.0,12.0,0.0,0.9,0.6,68.5,68.5,68.5,68.5,1.0,0.0,12.0,0.0,0.9,0.6,122.9,122.9,122.9,122.9,1.0,0.0,12.0,0.0,0.9,0.6,44.7,44.7,44.7,44.7,1.0,0.0,12.0,0.0,0.9,0.6,33.5,33.5,33.5,33.5,1.0,0.0,12.0,0.0,0.9,0.6,12.2,12.2,12.2,12.2,1.0,0.0,12.0,0.0,0.9,0.6,373.0,373.0,373.0,373.0,1.0,0.0,12.0,0.0,0.9,0.6,375.0,375.0,375.0,375.0,1.0,0.0,12.0,0.0,0.9,0.6
1974,2,111.0,-11.0,28.9,28.9,28.9,28.9,1.0,0.0,16.0,1.0,0.4,0.2,28.5,28.5,28.5,28.5,1.0,0.0,16.0,1.0,0.4,0.2,19.91,19.91,19.91,19.91,1.0,0.0,16.0,1.0,0.4,0.2,81.4,81.4,81.4,81.4,1.0,0.0,16.0,1.0,0.2,8.7,8.7,8.7,8.7,1.0,0.0,16.0,1.0,0.4,0.2,2.98,2.98,2.98,2.98,1.0,0.0,16.0,1.0,0.4,0.2,-8.18,-8.18,-8.18,-8.18,1.0,0.0,16.0,1.0,0.4,0.2,1006.1,1006.1,1006.1,1006.1,1.0,0.0,16.0,1.0,0.4,0.2,6.0,6.0,6.0,6.0,1.0,0.0,16.0,1.0,0.4,0.2,25.9,25.9,25.9,25.9,1.0,0.0,16.0,1.0,0.4,0.2,-71.1,-71.1,-71.1,-71.1,1.0,0.0,16.0,1.0,0.4,0.2,0.4,0.4,0.4,0.4,1.0,0.0,16.0,1.0,0.4,0.2,3.5,3.5,3.5,3.5,1.0,0.0,16.0,1.0,0.4,0.2,5.22,5.22,5.22,5.22,1.0,0.0,16.0,1.0,0.4,0.2,45.4,45.4,45.4,45.4,1.0,0.0,16.0,1.0,0.4,0.2,84.8,84.8,84.8,84.8,1.0,0.0,16.0,1.0,0.4,0.2,-233.0,-233.0,-233.0,-233.0,1.0,0.0,16.0,1.0,0.4,0.2,59.3,59.3,59.3,59.3,1.0,0.0,16.0,1.0,0.4,0.2,-162.8,-162.8,-162.8,-162.8,1.0,0.0,16.0,1.0,0.4,0.2,15.5,15.5,15.5,15.5,1.0,0.0,16.0,1.0,0.4,0.2,-42.6,-42.6,-42.6,-42.6,1.0,0.0,16.0,1.0,0.4,0.2,658.5,658.5,658.5,658.5,1.0,0.0,16.0,1.0,0.4,0.2,660.0,660.0,660.0,660.0,1.0,0.0,16.0,1.0,0.4,0.2
1974,2,111.0,-9.0,27.23,27.3,27.37,27.3,2.0,0.14,12.0,0.0,0.3,0.6,26.23,26.3,26.37,26.3,2.0,0.14,12.0,0.0,0.3,0.6,17.43,17.81,18.19,17.81,2.0,0.78,12.0,0.0,0.3,0.6,81.1,83.1,85.2,83.1,2.0,4.2,12.0,0.0,0.6,2.92,3.6,4.28,3.6,2.0,1.41,12.0,0.0,0.3,0.6,2.23,2.76,3.28,2.76,2.0,1.08,12.0,0.0,0.3,0.6,-2.22,-0.64,0.94,-0.64,2.0,3.27,12.0,0.0,0.3,0.6,1008.33,1008.6,1008.87,1008.6,2.0,0.57,12.0,0.0,0.3,0.6,7.2,7.5,7.8,7.5,2.0,0.7,12.0,0.0,0.3,0.6,6.9,10.7,14.5,10.7,2.0,7.8,12.0,0.0,0.3,0.6,-10.8,-4.6,1.5,-4.6,2.0,12.7,12.0,0.0,0.3,0.6,0.86,1.0,1.14,1.0,2.0,0.28,12.0,0.0,0.3,0.6,2.6,3.8,5.0,3.8,2.0,2.4,12.0,0.0,0.3,0.6,4.71,4.99,5.27,4.99,2.0,0.58,12.0,0.0,0.3,0.6,15.1,17.6,20.0,17.6,2.0,5.0,12.0,0.0,0.3,0.6,58.9,72.5,86.0,72.5,2.0,28.1,12.0,0.0,0.3,0.6,-58.2,-16.7,24.8,-16.7,2.0,86.0,12.0,0.0,0.3,0.6,39.2,49.5,59.9,49.5,2.0,21.4,12.0,0.0,0.3,0.6,-41.1,-12.7,15.7,-12.7,2.0,58.8,12.0,0.0,0.3,0.6,11.6,13.4,15.3,13.4,2.0,3.8,12.0,0.0,0.3,0.6,-10.0,-2.3,5.4,-2.3,2.0,16.0,12.0,0.0,0.3,0.6,30.0,57.5,84.5,57.5,2.0,56.5,12.0,0.0,0.3,0.6,30.0,55.0,85.0,55.0,2.0,55.0,12.0,0.0,0.3,0.6
1974,2,111.0,-7.0,26.25,26.35,26.45,26.35,2.0,0.21,18.0,1.0,0.4,0.7,26.44,26.75,27.06,26.75,2.0,0.64,18.0,1.0,0.4,0.7,17.83,17.89,17.95,17.89,2.0,0.13,18.0,1.0,0.4,0.7,79.9,81.2,82.5,81.2,2.0,2.7,18.0,1.0,0.7,6.68,7.7,8.79,7.73,3.0,1.55,18.0,0.7,0.3,0.7,4.14,4.75,7.47,5.78,3.0,2.6,18.0,0.7,0.3,0.7,-5.82,-3.99,-3.44,-4.61,3.0,1.83,18.0,0.7,0.3,0.7,1004.66,1005.0,1007.66,1006.13,3.0,2.41,18.0,0.7,0.3,0.7,6.3,7.0,7.7,7.0,3.0,1.0,18.0,0.7,0.3,0.7,29.5,29.6,64.9,46.8,3.0,29.9,18.0,0.7,0.3,0.7,-44.4,-29.6,-26.3,-35.2,3.0,14.2,18.0,0.7,0.3,0.7,-0.6,-0.4,-0.2,-0.4,2.0,0.42,18.0,1.0,0.4,0.7,-5.6,-3.6,-1.6,-3.6,2.0,4.2,18.0,1.0,0.4,0.7,3.59,3.69,3.79,3.69,2.0,0.21,18.0,1.0,0.4,0.7,24.2,28.8,33.5,28.8,2.0,9.7,18.0,1.0,0.4,0.7,142.8,181.3,219.8,181.3,2.0,79.8,18.0,1.0,0.4,0.7,-101.9,-95.7,-89.4,-95.7,2.0,12.9,18.0,1.0,0.4,0.7,96.1,120.8,145.6,120.8,2.0,51.3,18.0,1.0,0.4,0.7,-68.8,-64.1,-59.4,-64.1,2.0,9.7,18.0,1.0,0.4,0.7,19.5,25.2,30.9,25.2,2.0,11.8,18.0,1.0,0.4,0.7,-13.8,-13.2,-12.5,-13.2,2.0,1.4,18.0,1.0,0.4,0.7,307.5,456.5,694.0,499.5,3.0,285.5,18.0,0.7,0.3,0.7,310.0,455.0,695.0,500.0,3.0,285.0,18.0,0.7,0.3,0.7
1974,2,111.0,-6.0,27.0,27.0,27.0,27.0,1.0,0.0,22.0,1.0,0.8,1.0,26.5,26.5,26.5,26.5,1.0,0.0,22.0,1.0,0.8,1.0,17.6,17.6,17.6,17.6,1.0,0.0,22.0,1.0,0.8,1.0,81.1,81.1,81.1,81.1,1.0,0.0,22.0,1.0,1.0,8.7,8.7,8.7,8.7,1.0,0.0,22.0,1.0,0.8,1.0,5.59,5.59,5.59,5.59,1.0,0.0,22.0,1.0,0.8,1.0,-6.66,-6.66,-6.66,-6.66,1.0,0.0,22.0,1.0,0.8,1.0,1007.8,1007.8,1007.8,1007.8,1.0,0.0,22.0,1.0,0.8,1.0,8.0,8.0,8.0,8.0,1.0,0.0,22.0,1.0,0.8,1.0,48.7,48.7,48.7,48.7,1.0,0.0,22.0,1.0,0.8,1.0,-58.0,-58.0,-58.0,-58.0,1.0,0.0,22.0,1.0,0.8,1.0,0.5,0.5,0.5,0.5,1.0,0.0,22.0,1.0,0.8,1.0,4.4,4.4,4.4,4.4,1.0,0.0,22.0,1.0,0.8,1.0,4.81,4.81,4.81,4.81,1.0,0.0,22.0,1.0,0.8,1.0,41.9,41.9,41.9,41.9,1.0,0.0,22.0,1.0,0.8,1.0,148.2,148.2,148.2,148.2,1.0,0.0,22.0,1.0,0.8,1.0,-176.6,-176.6,-176.6,-176.6,1.0,0.0,22.0,1.0,0.8,1.0,98.4,98.4,98.4,98.4,1.0,0.0,22.0,1.0,0.8,1.0,-117.3,-117.3,-117.3,-117.3,1.0,0.0,22.0,1.0,0.8,1.0,26.9,26.9,26.9,26.9,1.0,0.0,22.0,1.0,0.8,1.0,-32.1,-32.1,-32.1,-32.1,1.0,0.0,22.0,1.0,0.8,1.0,658.5,658.5,658.5,658.5,1.0,0.0,22.0,1.0,0.8,1.0,660.0,660.0,660.0,660.0,1.0,0.0,22.0,1.0,0.8,1.0
1974,2,111.0,-5.0,27.06,27.2,27.95,27.5,3.0,0.7,24.0,0.7,0.2,0.4,25.82,26.5,27.25,26.53,3.0,1.05,24.0,0.7,0.2,0.4,19.0,19.4,19.57,19.29,3.0,0.43,24.0,0.7,0.2,0.4,83.8,89.3,93.8,88.8,3.0,7.3,24.0,0.7,0.4,4.84,5.1,6.46,5.63,4.0,1.4,22.0,0.8,0.2,0.4,3.23,4.39,6.32,4.76,4.0,2.17,22.0,0.8,0.2,0.4,-3.41,-2.02,-0.83,-2.12,4.0,1.82,22.0,0.8,0.2,0.4,1007.73,1008.3,1008.81,1008.28,4.0,0.71,22.0,0.8,0.2,0.4,8.0,8.0,8.0,8.0,4.0,0.0,22.0,0.8,0.2,0.4,15.5,21.4,42.7,28.8,4.0,20.9,22.0,0.8,0.2,0.4,-16.8,-9.7,-4.2,-10.5,4.0,9.3,22.0,0.8,0.2,0.4,0.2,1.5,1.7,0.97,3.0,1.19,24.0,0.7,0.2,0.4,1.7,9.2,10.8,6.3,3.0,7.1,24.0,0.7,0.2,0.4,3.12,3.86,4.51,3.81,3.0,1.02,24.0,0.7,0.2,0.4,18.9,21.4,23.5,21.2,3.0,3.4,24.0,0.7,0.2,0.4,115.4,127.0,174.3,144.4,3.0,45.8,24.0,0.7,0.2,0.4,-58.0,-46.2,-14.7,-36.6,3.0,32.8,24.0,0.7,0.2,0.4,80.7,93.0,132.8,106.4,3.0,39.9,24.0,0.7,0.2,0.4,-40.3,-33.8,-10.7,-25.7,3.0,22.8,24.0,0.7,0.2,0.4,17.3,21.4,22.5,19.9,3.0,4.0,24.0,0.7,0.2,0.4,-8.7,-8.4,-2.7,-5.8,3.0,5.0,24.0,0.7,0.2,0.4,114.0,132.5,302.5,205.0,4.0,168.5,22.0,0.8,0.2,0.4,115.0,135.0,300.0,205.0,4.0,170.0,22.0,0.8,0.2,0.4
1974,2,111.0,-3.0,,,,,,,,,,,,,,,,,,,,,,,,,,,,,,,,,,,,,,,,2.6,2.6,2.6,2.6,1.0,0.0,14.0,1.0,0.3,0.7,1.99,1.99,1.99,1.99,1.0,0.0,14.0,1.0,0.3,0.7,-1.67,-1.67,-1.67,-1.67,1.0,0.0,14.0,1.0,0.3,0.7,1007.2,1007.2,1007.2,1007.2,1.0,0.0,14.0,1.0,0.3,0.7,,,,,,,,,,,,,,,,,,,,,,,,,,,,,,,,,,,,,,,,,,,,,,,,,,,,,,,,,,,,,,,,,,,,,,,,,,,,,,,,,,,,,,,,,,,,,,,,,,,,,,,,,,,,,,,,,,,,,,,,,,,,,,,,,,,,,,,,,,,,,,,,,,,,,,
1974,2,111.0,1.0,25.0,25.0,25.0,25.0,1.0,0.0,28.0,0.0,0.0,0.7,24.6,24.6,24.6,24.6,1.0,0.0,28.0,0.0,0.0,0.7,15.48,15.48,15.48,15.48,1.0,0.0,28.0,0.0,0.0,0.7,80.4,80.4,80.4,80.4,1.0,0.0,28.0,0.0,0.7,,,,,,,,,,,,,,,,,,,,,,,,,,,,,,,,,,,,,,,,,,,,,,,,,,,,,,,,,,,,,,,,,,,,,,,,,,,,,,,,,,,,,,,,,,,,,,,,,,,,,,,,,,,,,,,,,,,,,,,,,,,,,,,,,,,,,,,,,,,,,,,,,,,,,,,,,,,,,,,,,,,,,,,,,,,,,,,,,,,,,,,,,,,,,,
1974,2,111.0,3.0,24.27,25.8,27.37,25.9,9.0,1.45,12.0,0.3,0.3,0.6,25.13,25.5,26.87,25.9,9.0,0.92,12.0,0.3,0.3,0.6,17.66,17.96,19.79,18.39,7.0,1.63,14.0,0.3,0.4,0.5,84.4,87.6,90.6,88.3,8.0,4.4,14.0,0.4,0.6,0.84,6.7,11.13,6.21,9.0,4.54,12.0,0.3,0.3,0.6,-3.97,-1.61,0.0,-1.79,9.0,2.34,12.0,0.3,0.3,0.6,-10.25,-6.3,0.0,-5.01,9.0,5.17,12.0,0.3,0.3,0.6,1006.69,1008.95,1011.69,1009.03,8.0,2.39,12.0,0.3,0.4,0.5,6.0,8.0,8.0,7.1,9.0,1.1,12.0,0.3,0.3,0.6,-26.7,-15.0,0.0,-16.8,9.0,25.1,12.0,0.3,0.3,0.6,-118.7,-42.2,0.0,-50.4,9.0,55.6,12.0,0.3,0.3,0.6,-1.23,0.5,0.87,0.0,9.0,1.09,12.0,0.3,0.3,0.6,-14.2,0.0,3.7,-3.7,9.0,10.4,12.0,0.3,0.3,0.6,0.64,2.56,3.37,2.31,7.0,1.59,14.0,0.3,0.4,0.5,0.0,5.3,21.3,8.5,7.0,10.0,14.0,0.3,0.4,0.5,-107.1,-39.6,0.0,-47.4,9.0,63.0,12.0,0.3,0.3,0.6,-270.6,-160.5,0.0,-128.6,9.0,133.4,12.0,0.3,0.3,0.6,-44.5,-26.0,0.0,-33.7,7.0,41.9,14.0,0.3,0.4,0.5,-208.8,-111.6,3.1,-87.6,7.0,109.9,14.0,0.3,0.4,0.5,-4.3,-0.9,0.0,-2.1,7.0,2.7,14.0,0.3,0.4,0.5,-20.0,-1.3,0.3,-6.7,7.0,10.9,14.0,0.3,0.4,0.5,8.0,301.0,1417.0,573.0,9.0,714.5,12.0,0.3,0.3,0.6,10.0,300.0,1415.0,575.0,9.0,715.0,12.0,0.3,0.3,0.6
1974,2,111.0,4.0,25.5,25.5,26.32,25.9,3.0,0.69,18.0,0.3,0.5,0.0,25.29,25.6,26.07,25.68,4.0,0.62,20.0,0.3,0.5,0.0,18.37,19.17,19.28,18.83,3.0,0.73,18.0,0.3,0.5,0.0,88.0,88.8,91.7,89.8,3.0,2.9,18.0,0.3,0.0,4.34,6.15,12.57,8.35,4.0,5.98,20.0,0.3,0.5,0.0,-7.56,-3.85,-2.66,-5.05,4.0,4.06,20.0,0.3,0.5,0.0,-10.0,-5.5,-1.32,-5.65,4.0,5.97,20.0,0.3,0.5,0.0,1006.37,1007.6,1009.51,1007.93,3.0,2.32,18.0,0.3,0.5,0.0,5.6,7.0,7.7,6.7,3.0,1.5,18.0,0.3,0.5,0.0,-111.4,-22.7,-11.3,-59.6,4.0,84.6,20.0,0.3,0.5,0.0,-140.4,-35.6,-6.5,-71.7,4.0,102.5,20.0,0.3,0.5,0.0,-0.1,-0.1,0.1,0.0,3.0,0.17,18.0,0.3,0.5,0.0,-1.4,-0.8,0.3,-0.5,3.0,1.3,18.0,0.3,0.5,0.0,1.68,2.44,2.64,2.17,3.0,0.75,18.0,0.3,0.5,0.0,10.5,11.2,31.9,21.0,3.0,17.8,18.0,0.3,0.5,0.0,-195.2,-100.3,-67.5,-129.9,4.0,103.9,20.0,0.3,0.5,0.0,-255.9,-139.4,-32.0,-143.7,4.0,153.5,20.0,0.3,0.5,0.0,-157.8,-74.5,-74.0,-115.0,3.0,70.7,18.0,0.3,0.5,0.0,-200.5,-127.9,-22.1,-111.7,3.0,131.4,18.0,0.3,0.5,0.0,-21.6,-10.5,-6.8,-14.1,3.0,11.2,18.0,0.3,0.5,0.0,-24.5,-8.8,-0.2,-12.3,3.0,18.1,18.0,0.3,0.5,0.0,82.5,277.0,2791.5,1384.0,4.0,2359.5,20.0,0.3,0.5,0.0,80.0,275.0,2790.0,1385.0,4.0,2360.0,20.0,0.3,0.5,0.0
1974,2,111.0,8.0,26.2,26.2,26.2,26.2,1.0,0.0,8.0,0.0,0.4,0.4,25.9,25.9,25.9,25.9,1.0,0.0,8.0,0.0,0.4,0.4,16.93,16.93,16.93,16.93,1.0,0.0,8.0,0.0,0.4,0.4,81.0,81.0,81.0,81.0,1.0,0.0,8.0,0.0,0.4,12.3,12.3,12.3,12.3,1.0,0.0,8.0,0.0,0.4,0.4,-7.91,-7.91,-7.91,-7.91,1.0,0.0,8.0,0.0,0.4,0.4,-9.42,-9.42,-9.42,-9.42,1.0,0.0,8.0,0.0,0.4,0.4,1010.0,1010.0,1010.0,1010.0,1.0,0.0,8.0,0.0,0.4,0.4,6.0,6.0,6.0,6.0,1.0,0.0,8.0,0.0,0.4,0.4,-97.2,-97.2,-97.2,-97.2,1.0,0.0,8.0,0.0,0.4,0.4,-115.9,-115.9,-115.9,-115.9,1.0,0.0,8.0,0.0,0.4,0.4,0.3,0.3,0.3,0.3,1.0,0.0,8.0,0.0,0.4,0.4,3.7,3.7,3.7,3.7,1.0,0.0,8.0,0.0,0.4,0.4,4.39,4.39,4.39,4.39,1.0,0.0,8.0,0.0,0.4,0.4,54.0,54.0,54.0,54.0,1.0,0.0,8.0,0.0,0.4,0.4,-204.8,-204.8,-204.8,-204.8,1.0,0.0,8.0,0.0,0.4,0.4,-244.0,-244.0,-244.0,-244.0,1.0,0.0,8.0,0.0,0.4,0.4,-133.8,-133.8,-133.8,-133.8,1.0,0.0,8.0,0.0,0.4,0.4,-159.5,-159.5,-159.5,-159.5,1.0,0.0,8.0,0.0,0.4,0.4,-34.7,-34.7,-34.7,-34.7,1.0,0.0,8.0,0.0,0.4,0.4,-41.4,-41.4,-41.4,-41.4,1.0,0.0,8.0,0.0,0.4,0.4,1861.0,1861.0,1861.0,1861.0,1.0,0.0,8.0,0.0,0.4,0.4,1860.0,1860.0,1860.0,1860.0,1.0,0.0,8.0,0.0,0.4,0.4
1974,2,111.0,9.0,24.19,25.3,26.0,25.26,16.0,1.16,12.0,0.4,0.3,0.7,24.36,25.4,26.73,25.46,17.0,1.03,12.0,0.5,0.3,0.7,15.3,17.53,18.69,17.23,17.0,1.75,12.0,0.5,0.3,0.7,74.4,86.1,92.0,84.6,17.0,7.9,12.0,0.5,0.7,4.32,9.3,15.4,9.67,17.0,5.01,12.0,0.5,0.3,0.7,-7.39,-4.41,-3.13,-5.15,17.0,2.45,12.0,0.5,0.3,0.7,-13.55,-7.1,-2.22,-7.71,17.0,5.19,12.0,0.5,0.3,0.7,1008.0,1010.6,1012.73,1010.59,17.0,3.32,12.0,0.5,0.3,0.7,3.0,6.0,7.0,5.4,17.0,2.1,12.0,0.5,0.3,0.7,-103.5,-44.9,-14.4,-58.0,17.0,52.9,12.0,0.5,0.3,0.7,-213.4,-58.2,-10.0,-98.4,17.0,96.0,12.0,0.5,0.3,0.7,-1.31,-0.2,1.39,-0.23,16.0,1.37,12.0,0.4,0.3,0.7,-12.8,-1.8,8.0,-2.2,16.0,12.5,12.0,0.4,0.3,0.7,0.75,2.87,4.43,2.72,16.0,1.93,12.0,0.4,0.3,0.7,4.5,21.9,65.3,28.9,16.0,30.2,12.0,0.4,0.3,0.7,-185.7,-110.3,-79.4,-130.5,17.0,59.2,12.0,0.5,0.3,0.7,-336.4,-171.9,-58.1,-194.6,17.0,130.4,12.0,0.5,0.3,0.7,-120.2,-78.4,-57.3,-87.0,17.0,37.9,12.0,0.5,0.3,0.7,-205.5,-124.4,-42.7,-126.5,17.0,80.2,12.0,0.5,0.3,0.7,-28.1,-12.3,-2.3,-15.1,16.0,15.7,12.0,0.4,0.3,0.7,-50.5,-17.9,-0.9,-23.9,16.0,26.6,12.0,0.4,0.3,0.7,82.0,804.5,3652.5,1622.5,17.0,1962.0,12.0,0.5,0.3,0.7,80.0,805.0,3650.0,1625.0,17.0,1960.0,12.0,0.5,0.3,0.7
1974,2,111.0,10.0,24.91,25.6,27.0,25.75,80.0,1.27,16.0,0.6,0.5,0.5,24.5,25.55,27.65,25.99,86.0,1.66,16.0,0.6,0.5,0.5,15.08,17.58,18.68,17.28,72.0,2.05,16.0,0.6,0.5,0.5,75.4,83.6,88.2,82.1,73.0,6.9,16.0,0.6,0.5,3.61,8.7,15.4,9.32,83.0,5.01,16.0,0.6,0.5,0.5,-6.94,-4.41,-1.62,-4.14,83.0,2.64,16.0,0.6,0.5,0.5,-14.28,-8.05,-2.0,-7.82,83.0,5.19,16.0,0.6,0.5,0.5,1009.0,1011.2,1013.5,1011.21,82.0,2.37,16.0,0.6,0.5,0.5,2.0,5.0,7.0,4.9,85.0,2.3,16.0,0.6,0.5,0.4,-93.1,-29.4,-6.5,-46.3,83.0,48.8,16.0,0.6,0.5,0.5,-218.8,-70.1,-5.9,-97.5,83.0,91.9,16.0,0.6,0.5,0.5,-2.0,0.0,1.2,-0.22,80.0,1.82,16.0,0.6,0.5,0.5,-20.0,0.0,12.2,-1.6,77.0,17.2,16.0,0.6,0.5,0.5,1.38,3.13,5.6,3.39,69.0,2.15,16.0,0.6,0.5,0.5,7.4,23.3,83.1,36.0,67.0,35.2,16.0,0.6,0.5,0.5,-177.5,-113.9,-42.6,-106.9,83.0,66.4,16.0,0.6,0.5,0.5,-345.5,-205.0,-56.8,-199.5,83.0,129.2,16.0,0.6,0.5,0.5,-117.0,-74.8,-29.4,-73.0,70.0,43.9,16.0,0.6,0.5,0.5,-215.2,-155.1,-42.3,-137.9,70.0,81.5,16.0,0.6,0.5,0.5,-28.2,-10.5,-2.6,-16.0,67.0,16.6,16.0,0.6,0.5,0.5,-78.3,-19.8,-2.6,-30.9,67.0,32.5,16.0,0.6,0.5,0.5,47.0,658.5,3652.5,1521.0,83.0,1809.5,16.0,0.6,0.5,0.5,45.0,660.0,3650.0,1520.0,83.0,1810.0,16.0,0.6,0.5,0.5
1974,2,111.0,11.0,24.68,25.55,26.54,25.67,44.0,1.1,14.0,0.5,0.4,0.3,24.1,25.0,26.31,25.32,45.0,1.52,14.0,0.4,0.4,0.3,14.24,16.89,18.57,16.52,39.0,1.95,14.0,0.4,0.4,0.3,74.4,83.7,90.8,81.9,39.0,7.4,14.0,0.4,0.3,6.18,9.8,13.91,9.65,45.0,3.98,14.0,0.4,0.4,0.3,-5.98,-3.35,-1.3,-3.64,45.0,2.61,14.0,0.4,0.4,0.3,-13.08,-8.08,-3.52,-8.23,45.0,4.64,14.0,0.4,0.4,0.3,1010.0,1012.3,1013.8,1012.11,45.0,1.82,14.0,0.4,0.4,0.3,4.0,7.0,8.0,6.1,46.0,2.2,14.0,0.4,0.4,0.3,-69.8,-32.8,-6.1,-38.5,45.0,34.9,14.0,0.4,0.4,0.3,-181.9,-67.2,-16.7,-96.1,45.0,80.4,14.0,0.4,0.4,0.3,-0.73,0.5,1.5,0.36,43.0,1.56,14.0,0.4,0.4,0.3,-6.1,3.7,15.9,4.2,42.0,16.1,14.0,0.4,0.4,0.3,2.27,4.24,5.78,4.1,38.0,1.92,14.0,0.4,0.4,0.3,11.2,34.2,77.0,43.3,37.0,31.8,14.0,0.4,0.4,0.3,-148.1,-88.8,-32.7,-93.9,44.0,68.2,14.0,0.4,0.4,0.3,-317.3,-202.1,-91.9,-205.8,44.0,112.9,14.0,0.4,0.4,0.3,-96.9,-56.4,-24.1,-59.6,38.0,39.4,14.0,0.4,0.4,0.3,-213.2,-137.7,-58.2,-133.6,38.0,72.1,14.0,0.4,0.4,0.3,-22.1,-15.2,-2.7,-13.4,37.0,9.6,14.0,0.4,0.4,0.3,-73.4,-29.6,-4.9,-38.5,37.0,33.8,14.0,0.4,0.4,0.3,236.5,941.0,2691.0,1355.5,45.0,1430.5,14.0,0.4,0.4,0.3,235.0,940.0,2690.0,1355.0,45.0,1430.0,14.0,0.4,0.4,0.3
1974,2,111.0,12.0,24.4,25.2,26.17,25.45,43.0,1.18,16.0,0.5,0.5,0.5,23.9,24.6,25.4,24.72,45.0,1.12,16.0,0.5,0.5,0.5,14.0,15.63,17.46,15.72,40.0,1.69,16.0,0.5,0.5,0.5,73.7,82.1,87.7,81.3,40.0,7.2,16.0,0.5,0.5,4.09,9.3,14.41,9.04,45.0,4.76,16.0,0.5,0.5,0.5,-5.44,-3.18,-0.98,-3.23,45.0,2.39,16.0,0.5,0.5,0.5,-14.0,-7.53,-2.04,-7.47,45.0,5.72,16.0,0.5,0.5,0.5,1010.14,1012.05,1014.9,1012.33,44.0,2.65,16.0,0.5,0.5,0.5,3.0,6.0,8.0,5.3,45.0,2.4,16.0,0.5,0.5,0.5,-63.9,-29.6,-2.3,-34.2,45.0,34.3,16.0,0.5,0.5,0.5,-204.2,-65.5,-8.4,-90.2,45.0,90.6,16.0,0.5,0.5,0.5,0.0,0.9,1.77,0.84,43.0,1.23,16.0,0.5,0.5,0.5,0.0,5.7,18.8,8.4,43.0,11.8,16.0,0.5,0.5,0.5,2.77,4.39,6.08,4.55,40.0,1.75,16.0,0.5,0.5,0.5,14.0,34.3,82.1,43.8,40.0,29.2,16.0,0.5,0.5,0.5,-134.5,-76.7,-25.0,-79.2,45.0,57.5,16.0,0.5,0.5,0.5,-328.1,-185.0,-50.3,-180.6,45.0,138.4,16.0,0.5,0.5,0.5,-80.8,-54.4,-22.4,-52.8,40.0,35.8,16.0,0.5,0.5,0.5,-203.3,-117.5,-43.6,-121.6,40.0,75.3,16.0,0.5,0.5,0.5,-29.0,-12.2,-4.2,-14.8,40.0,12.9,16.0,0.5,0.5,0.5,-73.4,-31.3,-7.8,-38.4,40.0,30.4,16.0,0.5,0.5,0.5,68.5,804.5,2991.5,1338.0,45.0,1497.0,16.0,0.5,0.5,0.5,70.0,805.0,2990.0,1340.0,45.0,1495.0,16.0,0.5,0.5,0.5
1974,2,111.0,13.0,24.35,25.35,26.12,25.33,16.0,0.79,14.0,0.5,0.7,0.3,23.34,24.0,25.39,24.41,16.0,1.4,16.0,0.6,0.7,0.3,13.53,14.7,16.8,14.8,16.0,1.64,16.0,0.6,0.7,0.3,71.6,76.4,83.9,77.7,16.0,8.0,16.0,0.6,0.3,3.41,10.8,15.4,9.98,17.0,5.28,16.0,0.5,0.7,0.3,-4.64,-2.67,-1.6,-2.86,17.0,2.35,16.0,0.5,0.7,0.3,-15.16,-10.64,-1.88,-8.96,17.0,5.86,16.0,0.5,0.7,0.3,1010.57,1013.2,1015.49,1013.13,17.0,2.31,16.0,0.5,0.7,0.3,2.4,7.0,8.0,5.9,16.0,2.6,16.0,0.5,0.7,0.3,-54.1,-20.3,-5.5,-33.8,17.0,40.5,16.0,0.5,0.7,0.3,-233.6,-114.9,-6.5,-117.9,17.0,99.3,16.0,0.5,0.7,0.3,0.04,1.4,1.96,1.17,15.0,0.94,14.0,0.5,0.7,0.3,0.5,12.9,28.9,15.6,15.0,14.2,14.0,0.5,0.7,0.3,4.34,5.32,7.41,5.53,15.0,1.67,14.0,0.5,0.7,0.3,25.8,60.0,101.1,62.3,15.0,35.7,14.0,0.5,0.7,0.3,-114.0,-60.9,-36.2,-68.0,16.0,57.1,16.0,0.6,0.7,0.3,-355.1,-267.5,-72.2,-223.9,16.0,136.0,16.0,0.6,0.7,0.3,-67.5,-37.9,-20.3,-41.5,16.0,36.6,16.0,0.6,0.7,0.3,-222.8,-147.2,-47.0,-134.5,16.0,85.1,16.0,0.6,0.7,0.3,-25.0,-13.3,-7.8,-16.1,15.0,14.5,14.0,0.5,0.7,0.3,-92.1,-59.1,-24.2,-57.9,15.0,36.8,14.0,0.5,0.7,0.3,45.5,1259.5,3652.5,1760.0,17.0,1779.0,16.0,0.5,0.7,0.3,45.0,1260.0,3650.0,1760.0,17.0,1780.0,16.0,0.5,0.7,0.3
1974,2,111.0,16.0,23.98,24.15,24.32,24.15,2.0,0.35,6.0,0.5,0.1,0.3,18.77,20.85,22.93,20.85,2.0,4.31,6.0,0.5,0.1,0.3,11.57,13.7,15.83,13.7,2.0,4.41,6.0,0.5,0.1,0.3,85.2,87.5,89.7,87.5,2.0,4.6,6.0,0.5,0.3,4.63,9.0,13.37,9.0,2.0,9.05,6.0,0.5,0.1,0.3,-6.48,-3.85,-1.22,-3.85,2.0,5.44,6.0,0.5,0.1,0.3,-10.81,-5.37,0.07,-5.37,2.0,11.27,6.0,0.5,0.1,0.3,1011.85,1014.75,1017.65,1014.75,2.0,6.01,6.0,0.5,0.1,0.3,2.1,4.5,6.9,4.5,2.0,4.9,6.0,0.5,0.1,0.3,-99.8,-59.3,-18.8,-59.3,2.0,83.8,6.0,0.5,0.1,0.3,-171.7,-99.3,-26.9,-99.3,2.0,150.0,6.0,0.5,0.1,0.3,1.39,3.3,5.21,3.3,2.0,3.96,6.0,0.5,0.1,0.3,16.0,47.6,79.2,47.6,2.0,65.5,6.0,0.5,0.1,0.3,3.18,5.05,6.93,5.05,2.0,3.89,6.0,0.5,0.1,0.3,24.1,63.1,102.1,63.1,2.0,80.8,6.0,0.5,0.1,0.3,-115.3,-68.5,-21.8,-68.5,2.0,96.9,6.0,0.5,0.1,0.3,-189.9,-87.6,14.6,-87.6,2.0,211.8,6.0,0.5,0.1,0.3,-68.6,-40.8,-12.9,-40.8,2.0,57.6,6.0,0.5,0.1,0.3,-111.8,-48.7,14.4,-48.7,2.0,130.7,6.0,0.5,0.1,0.3,-50.6,-30.1,-9.5,-30.1,2.0,42.5,6.0,0.5,0.1,0.3,-86.6,-49.1,-11.5,-49.1,2.0,77.8,6.0,0.5,0.1,0.3,594.5,1835.0,3075.5,1835.0,2.0,2570.0,6.0,0.5,0.1,0.3,595.0,1835.0,3075.0,1835.0,2.0,2570.0,6.0,0.5,0.1,0.3
1974,2,111.0,17.0,22.43,23.15,24.54,23.5,6.0,1.97,12.0,0.7,0.4,0.5,19.4,23.0,24.07,22.0,5.0,2.42,12.0,0.6,0.3,0.4,11.54,13.28,16.06,13.7,5.0,2.6,12.0,0.6,0.3,0.4,71.9,88.5,92.7,83.1,5.0,12.6,12.0,0.6,0.4,3.06,9.5,12.9,8.23,6.0,5.04,12.0,0.7,0.4,0.5,-7.45,-5.02,-2.13,-5.1,6.0,3.86,12.0,0.7,0.4,0.5,-11.17,-3.62,0.2,-4.77,6.0,5.77,12.0,0.7,0.4,0.5,1011.71,1015.1,1019.41,1015.13,6.0,4.67,12.0,0.7,0.4,0.5,1.9,3.0,7.4,4.2,5.0,3.3,8.0,0.6,0.4,0.5,-92.4,-51.7,-10.3,-54.6,6.0,50.7,12.0,0.7,0.4,0.5,-144.1,-27.9,0.2,-57.2,6.0,70.8,12.0,0.7,0.4,0.5,-1.37,2.8,4.12,1.64,5.0,2.95,12.0,0.6,0.3,0.4,-3.3,30.0,41.3,22.3,5.0,26.6,12.0,0.6,0.3,0.4,0.34,5.17,8.25,4.6,5.0,4.35,12.0,0.6,0.3,0.4,0.3,55.0,84.3,47.4,5.0,48.6,12.0,0.6,0.3,0.4,-179.3,-82.8,-34.0,-107.3,5.0,102.9,12.0,0.6,0.3,0.4,-168.3,0.0,8.6,-66.7,5.0,106.1,12.0,0.6,0.3,0.4,-104.3,-55.7,-18.8,-61.8,5.0,52.0,12.0,0.6,0.3,0.4,-102.8,0.0,6.1,-41.6,5.0,69.8,12.0,0.6,0.3,0.4,-63.1,-18.8,-0.1,-33.4,5.0,47.7,12.0,0.6,0.3,0.4,-53.9,0.0,0.2,-21.8,5.0,30.1,12.0,0.6,0.3,0.4,37.0,949.5,2146.5,1040.0,6.0,1002.0,12.0,0.7,0.4,0.5,35.0,950.0,2145.0,1040.0,6.0,1000.0,12.0,0.7,0.4,0.5
1974,2,111.0,18.0,20.86,23.0,25.0,23.19,10.0,2.2,14.0,0.2,0.5,0.5,18.19,23.0,24.27,21.94,10.0,3.52,14.0,0.2,0.5,0.5,13.46,15.56,18.17,15.81,3.0,3.46,8.0,0.3,0.8,0.4,74.4,80.4,85.6,80.0,3.0,8.2,8.0,0.3,0.4,5.03,7.2,8.92,8.08,9.0,4.09,12.0,0.2,0.5,0.5,-6.98,-5.79,-3.59,-6.05,9.0,3.35,12.0,0.2,0.5,0.5,-6.69,-2.96,0.54,-3.31,9.0,5.04,12.0,0.2,0.5,0.5,1014.16,1015.05,1018.43,1015.68,10.0,3.78,14.0,0.2,0.5,0.5,2.0,4.0,7.7,4.6,9.0,3.0,12.0,0.2,0.5,0.5,-56.4,-46.0,-15.4,-60.1,9.0,72.7,12.0,0.2,0.5,0.5,-58.5,-16.8,5.1,-39.9,9.0,70.3,12.0,0.2,0.5,0.5,-1.97,1.0,4.57,1.25,10.0,3.42,14.0,0.2,0.5,0.5,-17.1,0.0,44.4,15.1,9.0,37.2,12.0,0.2,0.5,0.5,0.06,1.93,5.57,2.8,3.0,4.1,8.0,0.3,0.8,0.4,-0.6,8.9,38.5,18.7,3.0,29.9,8.0,0.3,0.8,0.4,-160.4,-110.5,-85.0,-124.1,9.0,52.5,12.0,0.2,0.5,0.5,-129.2,-68.6,11.8,-57.1,9.0,105.1,12.0,0.2,0.5,0.5,-77.8,-54.8,-45.5,-61.5,3.0,24.4,8.0,0.3,0.8,0.4,-26.5,15.6,82.1,27.5,3.0,80.1,8.0,0.3,0.8,0.4,-37.3,-6.8,-1.0,-18.9,3.0,28.6,8.0,0.3,0.8,0.4,-5.4,-4.7,4.7,-0.4,3.0,8.3,8.0,0.3,0.8,0.4,135.5,373.0,710.0,983.0,9.0,1832.5,12.0,0.2,0.5,0.5,135.0,375.0,710.0,985.0,9.0,1835.0,12.0,0.2,0.5,0.5
1974,2,111.0,19.0,22.0,22.65,23.89,22.79,8.0,1.26,18.0,0.8,0.6,0.2,18.01,19.8,22.53,19.76,8.0,2.71,16.0,0.5,0.6,0.2,10.49,10.49,10.49,10.49,1.0,0.0,12.0,0.0,0.2,0.1,82.6,82.6,82.6,82.6,1.0,0.0,12.0,0.0,0.1,4.86,8.5,10.0,7.81,10.0,2.93,16.0,0.6,0.6,0.2,-8.55,-5.71,-2.84,-5.52,10.0,3.07,16.0,0.6,0.6,0.2,-6.43,-4.69,-2.57,-4.52,10.0,3.22,16.0,0.6,0.6,0.2,1014.34,1019.9,1022.27,1018.41,9.0,4.67,16.0,0.6,0.6,0.2,3.1,7.0,8.0,5.9,9.0,2.9,16.0,0.6,0.6,0.2,-84.4,-54.7,-10.1,-49.3,10.0,36.1,16.0,0.6,0.6,0.2,-64.3,-33.8,-16.1,-41.3,10.0,35.5,16.0,0.6,0.6,0.2,,,,,,,,,,,,,,,,,,,,,,,,,,,,,,,,,,,,,,,,,-186.2,-113.0,-46.2,-113.6,8.0,75.3,16.0,0.5,0.6,0.2,-119.7,-80.4,-39.6,-72.3,8.0,58.1,16.0,0.5,0.6,0.2,-41.8,-41.8,-41.8,-41.8,1.0,0.0,12.0,0.0,0.2,0.1,-49.8,-49.8,-49.8,-49.8,1.0,0.0,12.0,0.0,0.2,0.1,,,,,,,,,,,,,,,,,,,,,,,,,,,,,,,,,,,,,,,,
1974,2,111.0,20.0,,,,,,,,,,,,,,,,,,,,,,,,,,,,,,,,,,,,,,,,12.9,12.9,12.9,12.9,1.0,0.0,26.0,1.0,0.9,0.0,-8.29,-8.29,-8.29,-8.29,1.0,0.0,26.0,1.0,0.9,0.0,-9.88,-9.88,-9.88,-9.88,1.0,0.0,26.0,1.0,0.9,0.0,1024.0,1024.0,1024.0,1024.0,1.0,0.0,26.0,1.0,0.9,0.0,,,,,,,,,,,,,,,,,,,,,,,,,,,,,,,,,,,,,,,,,,,,,,,,,,,,,,,,,,,,,,,,,,,,,,,,,,,,,,,,,,,,,,,,,,,,,,,,,,,,,,,,,,,,,,,,,,,,,,,,,,,,,,,,,,,,,,,,,,,,,,,,,,,,,,
1974,2,112.0,-65.0,,,,,,,,,,,,,,,,,,,,,,,,,,,,,,,,,,,,,,,,0.81,2.55,4.29,2.55,2.0,3.61,24.0,1.0,0.5,1.0,-4.29,-2.55,-0.81,-2.55,2.0,3.61,24.0,1.0,0.5,1.0,0.0,0.0,0.0,0.0,2.0,0.0,24.0,1.0,0.5,1.0,988.65,990.25,991.85,990.25,2.0,3.32,24.0,1.0,0.5,1.0,,,,,,,,,,,,,,,,,,,,,,,,,,,,,,,,,,,,,,,,,,,,,,,,,,,,,,,,,,,,,,,,,,,,,,,,,,,,,,,,,,,,,,,,,,,,,,,,,,,,,,,,,,,,,,,,,,,,,,,,,,,,,,,,,,,,,,,,,,,,,,,,,,,,,,
1974,2,112.0,-64.0,,,,,,,,,,,,,,,,,,,,,,,,,,,,,,,,,,,,,,,,2.1,2.1,2.1,2.1,1.0,0.0,26.0,0.0,0.8,0.5,-1.97,-1.97,-1.97,-1.97,1.0,0.0,26.0,0.0,0.8,0.5,0.72,0.72,0.72,0.72,1.0,0.0,26.0,0.0,0.8,0.5,986.6,986.6,986.6,986.6,1.0,0.0,26.0,0.0,0.8,0.5,,,,,,,,,,,,,,,,,,,,,,,,,,,,,,,,,,,,,,,,,,,,,,,,,,,,,,,,,,,,,,,,,,,,,,,,,,,,,,,,,,,,,,,,,,,,,,,,,,,,,,,,,,,,,,,,,,,,,,,,,,,,,,,,,,,,,,,,,,,,,,,,,,,,,,
1974,2,112.0,-45.0,,,,,,,,,,,,,,,,,,,,,,,,,,,,,,,,,,,,,,,,17.0,17.0,17.0,17.0,1.0,0.0,10.0,1.0,0.6,1.0,15.97,15.97,15.97,15.97,1.0,0.0,10.0,1.0,0.6,1.0,5.81,5.81,5.81,5.81,1.0,0.0,10.0,1.0,0.6,1.0,1010.6,1010.6,1010.6,1010.6,1.0,0.0,10.0,1.0,0.6,1.0,,,,,,,,,,,,,,,,,,,,,,,,,,,,,,,,,,,,,,,,,,,,,,,,,,,,,,,,,,,,,,,,,,,,,,,,,,,,,,,,,,,,,,,,,,,,,,,,,,,,,,,,,,,,,,,,,,,,,,,,,,,,,,,,,,,,,,,,,,,,,,,,,,,,,,
1974,2,112.0,-44.0,,,,,,,,,,,,,,,,,,,,,,,,,,,,,,,,,,,,,,,,13.9,13.9,13.9,13.9,1.0,0.0,10.0,0.0,0.5,1.0,13.69,13.69,13.69,13.69,1.0,0.0,10.0,0.0,0.5,1.0,-2.41,-2.41,-2.41,-2.41,1.0,0.0,10.0,0.0,0.5,1.0,1014.6,1014.6,1014.6,1014.6,1.0,0.0,10.0,0.0,0.5,1.0,,,,,,,,,,,,,,,,,,,,,,,,,,,,,,,,,,,,,,,,,,,,,,,,,,,,,,,,,,,,,,,,,,,,,,,,,,,,,,,,,,,,,,,,,,,,,,,,,,,,,,,,,,,,,,,,,,,,,,,,,,,,,,,,,,,,,,,,,,,,,,,,,,,,,,
1974,2,112.0,-42.0,,,,,,,,,,,,,,,,,,,,,,,,,,,,,,,,,,,,,,,,13.9,13.9,13.9,13.9,1.0,0.0,10.0,1.0,0.0,1.0,0.0,0.0,0.0,0.0,1.0,0.0,10.0,1.0,0.0,1.0,13.9,13.9,13.9,13.9,1.0,0.0,10.0,1.0,0.0,1.0,1018.6,1018.6,1018.6,1018.6,1.0,0.0,10.0,1.0,0.0,1.0,,,,,,,,,,,,,,,,,,,,,,,,,,,,,,,,,,,,,,,,,,,,,,,,,,,,,,,,,,,,,,,,,,,,,,,,,,,,,,,,,,,,,,,,,,,,,,,,,,,,,,,,,,,,,,,,,,,,,,,,,,,,,,,,,,,,,,,,,,,,,,,,,,,,,,
1974,2,112.0,-41.0,15.3,15.3,15.3,15.3,1.0,0.0,4.0,1.0,0.3,0.9,15.2,15.2,15.2,15.2,1.0,0.0,4.0,1.0,0.3,0.9,6.28,6.28,6.28,6.28,1.0,0.0,4.0,1.0,0.3,0.9,59.2,59.2,59.2,59.2,1.0,0.0,4.0,1.0,0.9,4.6,4.6,4.6,4.6,1.0,0.0,4.0,1.0,0.3,0.9,4.32,4.32,4.32,4.32,1.0,0.0,4.0,1.0,0.3,0.9,1.57,1.57,1.57,1.57,1.0,0.0,4.0,1.0,0.3,0.9,1021.6,1021.6,1021.6,1021.6,1.0,0.0,4.0,1.0,0.3,0.9,1.0,1.0,1.0,1.0,1.0,0.0,4.0,1.0,0.3,0.9,19.9,19.9,19.9,19.9,1.0,0.0,4.0,1.0,0.3,0.9,7.2,7.2,7.2,7.2,1.0,0.0,4.0,1.0,0.3,0.9,0.1,0.1,0.1,0.1,1.0,0.0,4.0,1.0,0.3,0.9,0.5,0.5,0.5,0.5,1.0,0.0,4.0,1.0,0.3,0.9,4.42,4.42,4.42,4.42,1.0,0.0,4.0,1.0,0.3,0.9,20.3,20.3,20.3,20.3,1.0,0.0,4.0,1.0,0.3,0.9,65.7,65.7,65.7,65.7,1.0,0.0,4.0,1.0,0.3,0.9,23.9,23.9,23.9,23.9,1.0,0.0,4.0,1.0,0.3,0.9,27.1,27.1,27.1,27.1,1.0,0.0,4.0,1.0,0.3,0.9,9.9,9.9,9.9,9.9,1.0,0.0,4.0,1.0,0.3,0.9,19.1,19.1,19.1,19.1,1.0,0.0,4.0,1.0,0.3,0.9,7.0,7.0,7.0,7.0,1.0,0.0,4.0,1.0,0.3,0.9,97.5,97.5,97.5,97.5,1.0,0.0,4.0,1.0,0.3,0.9,95.0,95.0,95.0,95.0,1.0,0.0,4.0,1.0,0.3,0.9
1974,2,112.0,-40.0,13.91,14.35,14.79,14.35,2.0,0.92,12.0,1.0,0.1,0.5,15.0,15.2,15.4,15.2,2.0,0.42,12.0,1.0,0.1,0.5,7.19,8.59,9.98,8.59,2.0,2.89,12.0,1.0,0.1,0.5,67.9,79.7,91.4,79.7,2.0,24.3,12.0,1.0,0.5,8.08,11.05,14.02,11.05,2.0,6.15,12.0,1.0,0.1,0.5,6.03,9.74,13.44,9.74,2.0,7.68,12.0,1.0,0.1,0.5,-4.74,-3.9,-3.06,-3.9,2.0,1.74,12.0,1.0,0.1,0.5,1009.12,1011.1,1013.08,1011.1,2.0,4.1,12.0,1.0,0.1,0.5,3.8,5.5,7.2,5.5,2.0,3.5,12.0,1.0,0.1,0.5,61.3,131.2,201.1,131.2,2.0,144.7,12.0,1.0,0.1,0.5,-40.1,-37.8,-35.5,-37.8,2.0,4.8,12.0,1.0,0.1,0.5,-1.5,-0.85,-0.2,-0.85,2.0,1.34,12.0,1.0,0.1,0.5,-23.2,-13.5,-3.8,-13.5,2.0,20.1,12.0,1.0,0.1,0.5,-0.09,1.58,3.25,1.58,2.0,3.46,12.0,1.0,0.1,0.5,-6.9,6.8,20.6,6.8,2.0,28.5,12.0,1.0,0.1,0.5,91.3,149.6,208.0,149.6,2.0,120.8,12.0,1.0,0.1,0.5,-70.9,-59.0,-47.0,-59.0,2.0,24.8,12.0,1.0,0.1,0.5,49.3,94.7,140.1,94.7,2.0,94.1,12.0,1.0,0.1,0.5,-32.8,-31.0,-29.2,-31.0,2.0,3.6,12.0,1.0,0.1,0.5,-8.3,2.1,12.5,2.1,2.0,21.5,12.0,1.0,0.1,0.5,-17.0,-9.2,-1.3,-9.2,2.0,16.2,12.0,1.0,0.1,0.5,832.5,1976.5,3120.5,1976.5,2.0,2370.0,12.0,1.0,0.1,0.5,835.0,1975.0,3120.0,1975.0,2.0,2370.0,12.0,1.0,0.1,0.5
1974,2,112.0,-38.0,,,,,,,,,,,,,,,,,,,,,,,,,,,,,,,,,,,,,,,,7.0,7.0,7.0,7.0,1.0,0.0,8.0,1.0,0.1,0.5,7.0,7.0,7.0,7.0,1.0,0.0,8.0,1.0,0.1,0.5,0.0,0.0,0.0,0.0,1.0,0.0,8.0,1.0,0.1,0.5,1015.9,1015.9,1015.9,1015.9,1.0,0.0,8.0,1.0,0.1,0.5,,,,,,,,,,,,,,,,,,,,,,,,,,,,,,,,,,,,,,,,,,,,,,,,,,,,,,,,,,,,,,,,,,,,,,,,,,,,,,,,,,,,,,,,,,,,,,,,,,,,,,,,,,,,,,,,,,,,,,,,,,,,,,,,,,,,,,,,,,,,,,,,,,,,,,
1974,2,112.0,-37.0,18.22,18.7,19.18,18.7,2.0,0.99,12.0,0.5,0.8,0.6,15.38,16.2,17.02,16.2,2.0,1.7,12.0,0.5,0.8,0.6,7.48,7.48,7.48,7.48,1.0,0.0,16.0,1.0,0.7,0.7,71.1,71.1,71.1,71.1,1.0,0.0,16.0,1.0,0.7,7.17,9.25,11.33,9.25,2.0,4.31,12.0,0.5,0.8,0.6,-3.01,-0.92,1.16,-0.92,2.0,4.33,12.0,0.5,0.8,0.6,5.92,8.43,10.94,8.43,2.0,5.21,12.0,0.5,0.8,0.6,1016.22,1016.9,1017.58,1016.9,2.0,1.41,12.0,0.5,0.8,0.6,5.5,6.5,7.5,6.5,2.0,2.1,12.0,0.5,0.8,0.6,-16.6,0.8,18.2,0.8,2.0,36.0,12.0,0.5,0.8,0.6,48.4,89.2,130.0,89.2,2.0,84.5,12.0,0.5,0.8,0.6,1.2,2.5,3.8,2.5,2.0,2.69,12.0,0.5,0.8,0.6,11.7,28.9,46.1,28.9,2.0,35.6,12.0,0.5,0.8,0.6,6.49,6.49,6.49,6.49,1.0,0.0,16.0,1.0,0.7,0.7,79.8,79.8,79.8,79.8,1.0,0.0,16.0,1.0,0.7,0.7,-53.3,-18.7,15.9,-18.7,2.0,71.7,12.0,0.5,0.8,0.6,98.4,132.2,166.0,132.2,2.0,70.0,12.0,0.5,0.8,0.6,16.0,16.0,16.0,16.0,1.0,0.0,16.0,1.0,0.7,0.7,90.6,90.6,90.6,90.6,1.0,0.0,16.0,1.0,0.7,0.7,13.9,13.9,13.9,13.9,1.0,0.0,16.0,1.0,0.7,0.7,78.6,78.6,78.6,78.6,1.0,0.0,16.0,1.0,0.7,0.7,496.0,1049.5,1603.5,1049.5,2.0,1147.5,12.0,0.5,0.8,0.6,495.0,1050.0,1605.0,1050.0,2.0,1145.0,12.0,0.5,0.8,0.6
1974,2,112.0,-35.0,21.7,21.7,21.7,21.7,1.0,0.0,18.0,1.0,0.0,0.4,20.2,20.2,20.2,20.2,1.0,0.0,18.0,1.0,0.0,0.4,10.51,10.51,10.51,10.51,1.0,0.0,18.0,1.0,0.0,0.4,72.0,72.0,72.0,72.0,1.0,0.0,18.0,1.0,0.4,6.7,6.7,6.7,6.7,1.0,0.0,18.0,1.0,0.0,0.4,-5.8,-5.8,-5.8,-5.8,1.0,0.0,18.0,1.0,0.0,0.4,3.35,3.35,3.35,3.35,1.0,0.0,18.0,1.0,0.0,0.4,1019.5,1019.5,1019.5,1019.5,1.0,0.0,18.0,1.0,0.0,0.4,6.0,6.0,6.0,6.0,1.0,0.0,18.0,1.0,0.0,0.4,-38.9,-38.9,-38.9,-38.9,1.0,0.0,18.0,1.0,0.0,0.4,22.4,22.4,22.4,22.4,1.0,0.0,18.0,1.0,0.0,0.4,1.5,1.5,1.5,1.5,1.0,0.0,18.0,1.0,0.0,0.4,10.1,10.1,10.1,10.1,1.0,0.0,18.0,1.0,0.0,0.4,5.55,5.55,5.55,5.55,1.0,0.0,18.0,1.0,0.0,0.4,37.2,37.2,37.2,37.2,1.0,0.0,18.0,1.0,0.0,0.4,-117.2,-117.2,-117.2,-117.2,1.0,0.0,18.0,1.0,0.0,0.4,67.7,67.7,67.7,67.7,1.0,0.0,18.0,1.0,0.0,0.4,-61.0,-61.0,-61.0,-61.0,1.0,0.0,18.0,1.0,0.0,0.4,35.2,35.2,35.2,35.2,1.0,0.0,18.0,1.0,0.0,0.4,-32.2,-32.2,-32.2,-32.2,1.0,0.0,18.0,1.0,0.0,0.4,18.6,18.6,18.6,18.6,1.0,0.0,18.0,1.0,0.0,0.4,301.0,301.0,301.0,301.0,1.0,0.0,18.0,1.0,0.0,0.4,300.0,300.0,300.0,300.0,1.0,0.0,18.0,1.0,0.0,0.4
1974,2,112.0,-34.0,19.4,19.4,19.4,19.4,1.0,0.0,8.0,0.0,0.7,0.8,19.4,19.4,19.4,19.4,1.0,0.0,8.0,0.0,0.7,0.8,10.8,10.8,10.8,10.8,1.0,0.0,8.0,0.0,0.7,0.8,77.2,77.2,77.2,77.2,1.0,0.0,8.0,0.0,0.8,6.2,6.2,6.2,6.2,1.0,0.0,8.0,0.0,0.7,0.8,-4.75,-4.75,-4.75,-4.75,1.0,0.0,8.0,0.0,0.7,0.8,3.99,3.99,3.99,3.99,1.0,0.0,8.0,0.0,0.7,0.8,1011.6,1011.6,1011.6,1011.6,1.0,0.0,8.0,0.0,0.7,0.8,3.0,3.0,3.0,3.0,1.0,0.0,8.0,0.0,0.7,0.8,-29.4,-29.4,-29.4,-29.4,1.0,0.0,8.0,0.0,0.7,0.8,24.7,24.7,24.7,24.7,1.0,0.0,8.0,0.0,0.7,0.8,0.0,0.0,0.0,0.0,1.0,0.0,8.0,0.0,0.7,0.8,0.0,0.0,0.0,0.0,1.0,0.0,8.0,0.0,0.7,0.8,3.23,3.23,3.23,3.23,1.0,0.0,8.0,0.0,0.7,0.8,20.0,20.0,20.0,20.0,1.0,0.0,8.0,0.0,0.7,0.8,-92.1,-92.1,-92.1,-92.1,1.0,0.0,8.0,0.0,0.7,0.8,77.3,77.3,77.3,77.3,1.0,0.0,8.0,0.0,0.7,0.8,-51.3,-51.3,-51.3,-51.3,1.0,0.0,8.0,0.0,0.7,0.8,43.0,43.0,43.0,43.0,1.0,0.0,8.0,0.0,0.7,0.8,-15.3,-15.3,-15.3,-15.3,1.0,0.0,8.0,0.0,0.7,0.8,12.9,12.9,12.9,12.9,1.0,0.0,8.0,0.0,0.7,0.8,238.5,238.5,238.5,238.5,1.0,0.0,8.0,0.0,0.7,0.8,240.0,240.0,240.0,240.0,1.0,0.0,8.0,0.0,0.7,0.8
1974,2,112.0,-33.0,19.27,20.5,21.68,20.4,5.0,1.56,14.0,0.4,0.5,0.4,18.96,19.4,22.02,20.17,6.0,1.61,16.0,0.5,0.6,0.4,10.27,12.78,14.13,12.39,6.0,1.94,16.0,0.5,0.6,0.4,74.8,83.5,92.6,84.2,6.0,10.2,16.0,0.5,0.4,6.7,7.2,12.33,8.74,7.0,2.73,18.0,0.6,0.5,0.4,-9.55,-3.35,0.12,-3.82,7.0,5.31,18.0,0.6,0.5,0.4,5.1,6.7,7.94,6.49,7.0,1.51,18.0,0.6,0.5,0.4,1008.86,1012.9,1018.05,1013.4,7.0,4.43,18.0,0.6,0.5,0.4,2.0,3.0,7.0,4.4,7.0,2.5,18.0,0.6,0.5,0.4,-117.8,-22.4,0.8,-43.7,7.0,66.0,18.0,0.6,0.5,0.4,38.7,48.7,76.7,56.7,7.0,22.4,18.0,0.6,0.5,0.4,-0.3,0.9,1.6,0.7,5.0,1.23,14.0,0.4,0.5,0.4,-1.9,6.0,15.8,7.4,5.0,13.1,14.0,0.4,0.5,0.4,0.78,1.93,5.01,2.72,5.0,2.3,14.0,0.4,0.5,0.4,5.2,16.8,46.5,25.7,5.0,26.9,14.0,0.4,0.5,0.4,-199.9,-74.0,9.6,-92.6,6.0,117.5,16.0,0.5,0.6,0.4,100.3,118.7,159.8,129.9,6.0,35.6,16.0,0.5,0.6,0.4,-110.7,-50.9,5.0,-55.9,6.0,66.8,16.0,0.5,0.6,0.4,64.6,71.9,91.5,79.6,6.0,24.6,16.0,0.5,0.6,0.4,-22.0,-1.3,4.2,-9.4,5.0,25.0,14.0,0.4,0.5,0.4,4.1,16.8,36.2,20.0,5.0,17.8,14.0,0.4,0.5,0.4,301.0,373.0,1874.5,849.0,7.0,803.5,18.0,0.6,0.5,0.4,300.0,375.0,1875.0,850.0,7.0,805.0,18.0,0.6,0.5,0.4
1974,2,112.0,-32.0,19.0,21.6,22.4,21.0,5.0,2.03,10.0,0.6,0.2,0.5,19.67,20.8,25.1,22.0,7.0,3.05,14.0,0.7,0.3,0.5,10.38,12.06,13.73,12.25,5.0,2.57,10.0,0.6,0.2,0.5,74.0,83.4,84.6,79.4,5.0,8.3,10.0,0.6,0.5,5.67,6.7,13.02,8.73,7.0,4.0,14.0,0.7,0.3,0.5,-4.99,-1.04,0.47,-1.48,7.0,6.43,14.0,0.7,0.3,0.5,5.57,6.7,8.37,7.04,7.0,1.79,14.0,0.7,0.3,0.5,1008.57,1010.5,1021.1,1013.16,7.0,6.18,14.0,0.7,0.3,0.5,3.9,6.0,7.0,5.4,7.0,2.3,14.0,0.7,0.3,0.5,-49.9,-6.3,6.1,-16.9,7.0,90.6,14.0,0.7,0.3,0.5,31.6,44.9,109.1,67.3,7.0,47.4,14.0,0.7,0.3,0.5,-0.88,-0.7,1.46,0.16,5.0,1.56,10.0,0.6,0.2,0.5,-4.9,-4.0,19.3,6.6,5.0,19.4,10.0,0.6,0.2,0.5,1.6,1.93,5.55,3.29,5.0,2.19,10.0,0.6,0.2,0.5,9.4,9.8,65.4,33.2,5.0,33.5,10.0,0.6,0.2,0.5,-102.8,-20.5,10.8,-25.6,7.0,134.5,14.0,0.7,0.3,0.5,116.1,167.5,188.1,153.2,7.0,36.0,14.0,0.7,0.3,0.5,-75.1,-28.8,-12.4,-45.1,5.0,47.4,10.0,0.6,0.2,0.5,70.1,79.0,88.9,80.7,5.0,14.9,10.0,0.6,0.2,0.5,-40.5,-3.4,-1.6,-19.3,5.0,26.3,10.0,0.6,0.2,0.5,9.0,9.6,50.1,25.7,5.0,22.6,10.0,0.6,0.2,0.5,182.5,301.0,2218.5,1062.5,7.0,1346.5,14.0,0.7,0.3,0.5,185.0,300.0,2220.0,1065.0,7.0,1345.0,14.0,0.7,0.3,0.5
1974,2,112.0,-30.0,22.24,22.55,22.86,22.55,2.0,0.64,10.0,0.5,0.6,0.7,20.88,23.0,23.34,22.13,3.0,1.95,14.0,0.7,0.7,0.6,10.56,12.78,14.64,12.61,3.0,2.99,14.0,0.7,0.7,0.6,67.8,71.3,83.0,75.3,3.0,11.7,14.0,0.7,0.6,6.41,10.3,11.32,8.9,3.0,3.8,14.0,0.7,0.7,0.6,-6.39,-5.9,-1.87,-4.17,3.0,3.63,14.0,0.7,0.7,0.6,5.64,7.89,9.48,7.57,3.0,2.82,14.0,0.7,0.7,0.6,1011.84,1012.8,1015.05,1013.43,3.0,2.41,14.0,0.7,0.7,0.6,3.3,4.0,4.7,4.0,3.0,1.0,14.0,0.7,0.7,0.6,-69.2,-68.2,-21.6,-45.9,3.0,39.8,14.0,0.7,0.7,0.6,40.2,81.3,108.1,74.3,3.0,50.1,14.0,0.7,0.7,0.6,-0.69,0.85,2.39,0.85,2.0,3.18,10.0,0.5,0.6,0.7,-6.3,11.1,28.5,11.1,2.0,36.1,10.0,0.5,0.6,0.7,4.41,5.86,7.31,5.86,2.0,3.0,10.0,0.5,0.6,0.7,47.3,66.3,85.3,66.3,2.0,39.4,10.0,0.5,0.6,0.7,-143.5,-117.4,-37.3,-91.0,3.0,81.1,14.0,0.7,0.7,0.6,131.1,185.4,197.7,164.9,3.0,51.9,14.0,0.7,0.7,0.6,-75.6,-56.2,-17.9,-47.0,3.0,43.1,14.0,0.7,0.7,0.6,79.6,97.4,99.8,89.9,3.0,16.2,14.0,0.7,0.7,0.6,-43.5,-35.9,-28.3,-35.9,2.0,15.8,10.0,0.5,0.6,0.7,37.7,55.5,73.3,55.5,2.0,36.8,10.0,0.5,0.6,0.7,413.5,1092.5,1468.5,944.5,3.0,783.5,14.0,0.7,0.7,0.6,415.0,1095.0,1470.0,945.0,3.0,785.0,14.0,0.7,0.7,0.6
1974,2,112.0,-29.0,22.9,24.3,24.86,23.93,7.0,1.58,16.0,0.6,0.6,0.3,19.95,21.5,27.05,23.0,7.0,3.45,16.0,0.6,0.6,0.3,8.53,13.65,16.55,13.26,7.0,3.66,16.0,0.6,0.6,0.3,62.5,77.8,88.3,74.5,7.0,14.3,16.0,0.6,0.3,4.03,13.4,14.5,10.3,7.0,5.66,16.0,0.4,0.7,0.5,-5.01,-3.35,-2.77,-3.83,7.0,1.87,16.0,0.4,0.7,0.5,2.63,11.6,13.66,9.4,7.0,5.67,16.0,0.4,0.7,0.5,1007.34,1012.2,1014.7,1011.71,8.0,3.99,16.0,0.5,0.6,0.4,0.0,1.0,7.9,3.1,8.0,3.8,16.0,0.5,0.6,0.4,-71.8,-47.3,-12.4,-45.2,7.0,33.5,16.0,0.4,0.7,0.5,10.6,155.5,198.4,124.2,7.0,104.6,16.0,0.4,0.7,0.5,-3.1,2.0,4.5,0.93,7.0,3.35,16.0,0.6,0.6,0.3,-9.2,16.8,63.2,24.5,6.0,38.6,16.0,0.5,0.7,0.4,1.2,6.38,7.5,5.37,7.0,3.48,16.0,0.6,0.6,0.3,6.6,48.1,127.8,63.7,6.0,65.2,16.0,0.5,0.7,0.4,-111.7,-82.6,-54.0,-81.9,6.0,37.3,16.0,0.5,0.7,0.4,70.6,185.7,303.0,191.9,6.0,117.3,16.0,0.5,0.7,0.4,-61.7,-47.8,-33.9,-48.3,6.0,23.9,16.0,0.5,0.7,0.4,44.3,103.9,164.2,110.5,6.0,68.6,16.0,0.5,0.7,0.4,-44.8,-12.4,-3.6,-21.2,6.0,21.7,16.0,0.5,0.7,0.4,5.5,42.0,124.4,59.4,6.0,62.3,16.0,0.5,0.7,0.4,66.5,2406.0,3058.0,1894.0,7.0,1769.5,16.0,0.4,0.7,0.5,65.0,2405.0,3060.0,1895.0,7.0,1770.0,16.0,0.4,0.7,0.5
1974,2,112.0,-28.0,23.38,23.9,24.77,24.06,5.0,0.9,18.0,0.6,0.3,0.6,22.87,24.5,25.4,24.15,6.0,1.39,18.0,0.5,0.2,0.7,13.17,14.07,16.77,14.73,5.0,2.06,18.0,0.6,0.3,0.6,71.8,75.5,82.4,76.7,5.0,6.0,18.0,0.6,0.6,4.08,6.95,9.29,7.28,6.0,4.48,18.0,0.5,0.2,0.7,-5.56,-2.47,0.32,-2.56,6.0,3.18,18.0,0.5,0.2,0.7,-0.33,5.28,9.1,5.19,6.0,5.79,18.0,0.5,0.2,0.7,1005.05,1006.75,1009.31,1006.92,6.0,3.71,18.0,0.5,0.2,0.7,0.0,0.5,6.2,2.3,6.0,3.3,18.0,0.5,0.2,0.7,-52.4,-14.4,1.5,-24.6,6.0,33.8,18.0,0.5,0.2,0.7,-0.7,32.4,93.1,57.3,6.0,84.8,18.0,0.5,0.2,0.7,-0.93,-0.4,0.37,-0.3,5.0,0.91,18.0,0.6,0.3,0.6,-6.8,-2.9,5.6,-0.6,5.0,9.9,18.0,0.6,0.3,0.6,2.84,4.18,5.48,4.1,5.0,1.48,18.0,0.6,0.3,0.6,12.5,30.1,54.3,34.9,5.0,30.5,18.0,0.6,0.3,0.6,-126.5,-60.3,7.5,-61.3,6.0,76.0,18.0,0.5,0.2,0.7,-8.4,124.8,220.9,120.4,6.0,131.6,18.0,0.5,0.2,0.7,-74.3,-50.7,-14.7,-46.0,5.0,35.7,18.0,0.6,0.3,0.6,-10.0,87.7,145.4,72.8,5.0,85.6,18.0,0.6,0.3,0.6,-31.9,-15.0,-2.8,-17.0,5.0,15.6,18.0,0.6,0.3,0.6,-1.9,15.8,45.8,23.3,5.0,34.2,18.0,0.6,0.3,0.6,79.0,337.0,1116.5,815.0,6.0,1400.0,18.0,0.5,0.2,0.7,80.0,335.0,1115.0,815.0,6.0,1400.0,18.0,0.5,0.2,0.7
1974,2,112.0,-27.0,24.0,25.0,25.36,24.71,8.0,0.88,20.0,0.6,0.6,0.6,23.11,24.75,25.94,24.99,8.0,2.14,20.0,0.6,0.6,0.6,13.7,15.34,17.12,15.34,8.0,1.82,20.0,0.6,0.6,0.6,70.3,76.8,80.7,77.3,8.0,7.1,20.0,0.6,0.6,6.08,10.3,16.0,10.94,7.0,5.24,20.0,0.6,0.6,0.5,-3.2,0.0,0.07,-1.31,7.0,2.32,20.0,0.6,0.6,0.5,5.28,8.92,16.0,10.58,7.0,5.41,20.0,0.6,0.6,0.5,1006.5,1007.2,1009.82,1007.85,8.0,1.62,20.0,0.6,0.6,0.6,0.0,0.0,0.9,0.9,8.0,2.1,20.0,0.6,0.6,0.6,-34.5,0.0,0.6,-13.2,7.0,23.3,20.0,0.6,0.6,0.5,32.3,91.9,256.2,140.0,7.0,117.8,20.0,0.6,0.6,0.5,-2.51,0.25,1.5,-0.27,8.0,2.19,20.0,0.6,0.6,0.6,-15.9,-6.9,15.6,-1.1,7.0,15.9,20.0,0.6,0.6,0.5,2.47,4.15,6.09,4.21,8.0,1.73,20.0,0.6,0.6,0.6,13.3,48.7,59.9,44.2,7.0,25.0,20.0,0.6,0.6,0.5,-82.3,0.0,1.8,-31.6,7.0,54.9,20.0,0.6,0.6,0.5,138.0,209.9,399.1,262.1,7.0,129.5,20.0,0.6,0.6,0.5,-49.8,0.0,1.1,-19.0,7.0,32.7,20.0,0.6,0.6,0.5,83.8,127.7,230.8,163.8,7.0,89.3,20.0,0.6,0.6,0.5,-9.1,0.0,0.4,-5.0,7.0,12.2,20.0,0.6,0.6,0.5,11.6,48.7,54.5,42.6,7.0,24.7,20.0,0.6,0.6,0.5,229.0,1092.5,4106.5,2082.0,7.0,2188.0,20.0,0.6,0.6,0.5,230.0,1095.0,4105.0,2080.0,7.0,2190.0,20.0,0.6,0.6,0.5
1974,2,112.0,-26.0,23.0,23.9,25.41,24.36,11.0,1.8,14.0,0.5,0.7,0.5,23.6,24.85,26.43,24.82,12.0,1.43,16.0,0.4,0.7,0.4,15.15,16.57,18.16,16.62,10.0,1.49,16.0,0.4,0.8,0.5,78.1,89.0,93.8,87.1,11.0,8.2,14.0,0.5,0.5,4.97,8.2,11.47,8.43,12.0,4.55,16.0,0.4,0.7,0.4,-3.3,-0.76,0.0,-1.36,12.0,2.15,16.0,0.4,0.7,0.4,3.29,7.94,11.04,7.27,12.0,5.82,16.0,0.4,0.7,0.4,1005.03,1006.5,1008.27,1006.54,11.0,1.6,16.0,0.4,0.7,0.5,0.0,0.0,2.5,1.1,12.0,2.0,16.0,0.4,0.7,0.4,-29.1,-6.6,0.0,-13.1,12.0,19.2,16.0,0.4,0.7,0.4,15.4,65.2,127.2,82.9,12.0,97.7,16.0,0.4,0.7,0.4,-1.9,0.1,0.82,-0.25,11.0,1.93,14.0,0.5,0.7,0.5,-14.0,1.5,7.6,-3.6,11.0,15.2,14.0,0.5,0.7,0.5,0.5,2.33,3.93,2.43,10.0,2.0,16.0,0.4,0.8,0.5,2.9,15.2,37.6,22.3,10.0,24.2,16.0,0.4,0.8,0.5,-80.0,-20.2,0.0,-34.4,12.0,54.0,16.0,0.4,0.7,0.4,79.6,197.3,263.4,178.2,12.0,137.3,16.0,0.4,0.7,0.4,-60.5,-12.5,0.0,-22.2,10.0,38.4,16.0,0.4,0.8,0.5,45.2,134.8,191.9,117.0,10.0,95.6,16.0,0.4,0.8,0.5,-4.9,-0.7,0.0,-2.1,10.0,2.9,16.0,0.4,0.8,0.5,2.4,14.2,37.2,21.8,10.0,24.4,16.0,0.4,0.8,0.5,123.5,557.5,1656.0,1134.5,12.0,1727.0,16.0,0.4,0.7,0.4,125.0,560.0,1655.0,1135.0,12.0,1725.0,16.0,0.4,0.7,0.4
1974,2,112.0,-25.0,25.0,25.9,26.1,25.72,6.0,0.6,14.0,0.5,0.5,0.5,24.79,26.55,27.64,26.3,6.0,1.6,14.0,0.5,0.5,0.5,15.83,16.54,19.35,17.31,6.0,2.36,14.0,0.5,0.5,0.5,72.1,77.7,90.5,80.7,6.0,11.9,14.0,0.5,0.5,5.97,7.45,13.95,9.52,6.0,4.97,14.0,0.5,0.5,0.5,-3.99,1.15,3.11,-0.21,6.0,3.87,14.0,0.5,0.5,0.5,3.22,6.94,12.53,7.19,6.0,7.51,14.0,0.5,0.5,0.5,1004.77,1005.7,1006.82,1005.72,6.0,1.27,14.0,0.5,0.5,0.5,0.0,0.5,1.2,0.7,6.0,0.8,14.0,0.5,0.5,0.5,-35.0,8.1,26.9,-2.3,6.0,47.1,14.0,0.5,0.5,0.5,21.1,52.5,180.2,96.0,6.0,122.4,14.0,0.5,0.5,0.5,-2.16,-0.5,1.0,-0.58,6.0,1.49,14.0,0.5,0.5,0.5,-11.6,-4.1,14.0,-0.5,6.0,13.4,14.0,0.5,0.5,0.5,2.33,3.38,5.1,3.5,6.0,2.17,14.0,0.5,0.5,0.5,13.5,26.7,66.7,36.2,6.0,31.4,14.0,0.5,0.5,0.5,-102.4,31.6,77.6,-3.8,6.0,98.9,14.0,0.5,0.5,0.5,91.6,186.7,309.5,182.2,6.0,186.2,14.0,0.5,0.5,0.5,-75.7,20.8,50.4,-3.6,6.0,63.0,14.0,0.5,0.5,0.5,51.7,137.7,189.2,122.3,6.0,122.5,14.0,0.5,0.5,0.5,-8.8,3.6,11.5,-1.7,6.0,20.7,14.0,0.5,0.5,0.5,-3.5,24.5,63.6,27.8,6.0,34.6,14.0,0.5,0.5,0.5,216.5,426.0,2907.5,1533.5,6.0,2235.0,14.0,0.5,0.5,0.5,215.0,425.0,2910.0,1535.0,6.0,2235.0,14.0,0.5,0.5,0.5
1974,2,112.0,-24.0,26.16,26.5,26.84,26.5,2.0,0.71,22.0,1.0,0.4,0.1,27.61,29.15,30.69,29.15,2.0,3.18,22.0,1.0,0.4,0.1,16.61,16.8,17.0,16.8,2.0,0.41,22.0,1.0,0.4,0.1,61.6,66.7,71.7,66.7,2.0,10.5,22.0,1.0,0.1,11.11,12.85,14.59,12.85,2.0,3.61,22.0,1.0,0.4,0.1,-1.08,0.44,1.97,0.44,2.0,3.16,22.0,1.0,0.4,0.1,10.94,12.65,14.37,12.65,2.0,3.55,22.0,1.0,0.4,0.1,1004.28,1005.1,1005.92,1005.1,2.0,1.7,22.0,1.0,0.4,0.1,0.2,0.5,0.8,0.5,2.0,0.7,22.0,1.0,0.4,0.1,-9.0,11.4,31.7,11.4,2.0,42.1,22.0,1.0,0.4,0.1,125.0,169.0,213.1,169.0,2.0,91.3,22.0,1.0,0.4,0.1,-4.53,-2.65,-0.77,-2.65,2.0,3.89,22.0,1.0,0.4,0.1,-46.5,-27.0,-7.5,-27.0,2.0,40.4,22.0,1.0,0.4,0.1,4.36,5.02,5.68,5.02,2.0,1.37,22.0,1.0,0.4,0.1,49.7,67.0,84.2,67.0,2.0,35.7,22.0,1.0,0.4,0.1,-35.8,7.9,51.6,7.9,2.0,90.6,22.0,1.0,0.4,0.1,332.7,363.2,393.8,363.2,2.0,63.3,22.0,1.0,0.4,0.1,-18.7,6.8,32.3,6.8,2.0,52.8,22.0,1.0,0.4,0.1,185.6,211.9,238.2,211.9,2.0,54.5,22.0,1.0,0.4,0.1,-3.6,4.4,12.3,4.4,2.0,16.4,22.0,1.0,0.4,0.1,49.0,65.9,82.9,65.9,2.0,35.2,22.0,1.0,0.4,0.1,1499.0,2372.5,3246.0,2372.5,2.0,1810.0,22.0,1.0,0.4,0.1,1500.0,2370.0,3245.0,2370.0,2.0,1810.0,22.0,1.0,0.4,0.1
1974,2,112.0,-20.0,28.3,28.3,28.3,28.3,1.0,0.0,8.0,0.0,0.3,1.0,25.2,25.2,25.2,25.2,1.0,0.0,8.0,0.0,0.3,1.0,16.56,16.56,16.56,16.56,1.0,0.0,8.0,0.0,0.3,1.0,82.4,82.4,82.4,82.4,1.0,0.0,8.0,0.0,1.0,6.7,6.7,6.7,6.7,1.0,0.0,8.0,0.0,0.3,1.0,-6.3,-6.3,-6.3,-6.3,1.0,0.0,8.0,0.0,0.3,1.0,2.29,2.29,2.29,2.29,1.0,0.0,8.0,0.0,0.3,1.0,1007.6,1007.6,1007.6,1007.6,1.0,0.0,8.0,0.0,0.3,1.0,6.0,6.0,6.0,6.0,1.0,0.0,8.0,0.0,0.3,1.0,-42.2,-42.2,-42.2,-42.2,1.0,0.0,8.0,0.0,0.3,1.0,15.4,15.4,15.4,15.4,1.0,0.0,8.0,0.0,0.3,1.0,3.1,3.1,3.1,3.1,1.0,0.0,8.0,0.0,0.3,1.0,20.8,20.8,20.8,20.8,1.0,0.0,8.0,0.0,0.3,1.0,7.66,7.66,7.66,7.66,1.0,0.0,8.0,0.0,0.3,1.0,51.3,51.3,51.3,51.3,1.0,0.0,8.0,0.0,0.3,1.0,-158.7,-158.7,-158.7,-158.7,1.0,0.0,8.0,0.0,0.3,1.0,57.7,57.7,57.7,57.7,1.0,0.0,8.0,0.0,0.3,1.0,-104.2,-104.2,-104.2,-104.2,1.0,0.0,8.0,0.0,0.3,1.0,37.9,37.9,37.9,37.9,1.0,0.0,8.0,0.0,0.3,1.0,-48.2,-48.2,-48.2,-48.2,1.0,0.0,8.0,0.0,0.3,1.0,17.6,17.6,17.6,17.6,1.0,0.0,8.0,0.0,0.3,1.0,301.0,301.0,301.0,301.0,1.0,0.0,8.0,0.0,0.3,1.0,300.0,300.0,300.0,300.0,1.0,0.0,8.0,0.0,0.3,1.0
1974,2,112.0,-15.0,25.6,25.6,25.6,25.6,1.0,0.0,22.0,0.0,0.4,0.8,26.0,26.0,26.0,26.0,1.0,0.0,22.0,0.0,0.4,0.8,16.54,16.54,16.54,16.54,1.0,0.0,22.0,0.0,0.4,0.8,78.6,78.6,78.6,78.6,1.0,0.0,22.0,0.0,0.8,0.0,0.0,0.0,0.0,1.0,0.0,22.0,0.0,0.4,0.8,0.0,0.0,0.0,0.0,1.0,0.0,22.0,0.0,0.4,0.8,0.0,0.0,0.0,0.0,1.0,0.0,22.0,0.0,0.4,0.8,1008.6,1008.6,1008.6,1008.6,1.0,0.0,22.0,0.0,0.4,0.8,1.0,1.0,1.0,1.0,1.0,0.0,22.0,0.0,0.4,0.8,0.0,0.0,0.0,0.0,1.0,0.0,22.0,0.0,0.4,0.8,0.0,0.0,0.0,0.0,1.0,0.0,22.0,0.0,0.4,0.8,-0.4,-0.4,-0.4,-0.4,1.0,0.0,22.0,0.0,0.4,0.8,0.0,0.0,0.0,0.0,1.0,0.0,22.0,0.0,0.4,0.8,4.06,4.06,4.06,4.06,1.0,0.0,22.0,0.0,0.4,0.8,0.0,0.0,0.0,0.0,1.0,0.0,22.0,0.0,0.4,0.8,0.0,0.0,0.0,0.0,1.0,0.0,22.0,0.0,0.4,0.8,0.0,0.0,0.0,0.0,1.0,0.0,22.0,0.0,0.4,0.8,0.0,0.0,0.0,0.0,1.0,0.0,22.0,0.0,0.4,0.8,0.0,0.0,0.0,0.0,1.0,0.0,22.0,0.0,0.4,0.8,0.0,0.0,0.0,0.0,1.0,0.0,22.0,0.0,0.4,0.8,0.0,0.0,0.0,0.0,1.0,0.0,22.0,0.0,0.4,0.8,0.0,0.0,0.0,0.0,1.0,0.0,22.0,0.0,0.4,0.8,0.0,0.0,0.0,0.0,1.0,0.0,22.0,0.0,0.4,0.8
1974,2,112.0,-12.0,26.5,26.5,26.5,26.5,1.0,0.0,2.0,1.0,0.8,0.7,25.4,25.4,25.4,25.4,1.0,0.0,2.0,1.0,0.8,0.7,18.69,18.69,18.69,18.69,1.0,0.0,2.0,1.0,0.8,0.7,92.0,92.0,92.0,92.0,1.0,0.0,2.0,1.0,0.7,2.1,2.1,2.1,2.1,1.0,0.0,2.0,1.0,0.8,0.7,2.07,2.07,2.07,2.07,1.0,0.0,2.0,1.0,0.8,0.7,-0.36,-0.36,-0.36,-0.36,1.0,0.0,2.0,1.0,0.8,0.7,1008.6,1008.6,1008.6,1008.6,1.0,0.0,2.0,1.0,0.8,0.7,7.0,7.0,7.0,7.0,1.0,0.0,2.0,1.0,0.8,0.7,4.3,4.3,4.3,4.3,1.0,0.0,2.0,1.0,0.8,0.7,-0.8,-0.8,-0.8,-0.8,1.0,0.0,2.0,1.0,0.8,0.7,1.1,1.1,1.1,1.1,1.0,0.0,2.0,1.0,0.8,0.7,2.3,2.3,2.3,2.3,1.0,0.0,2.0,1.0,0.8,0.7,3.04,3.04,3.04,3.04,1.0,0.0,2.0,1.0,0.8,0.7,6.4,6.4,6.4,6.4,1.0,0.0,2.0,1.0,0.8,0.7,52.5,52.5,52.5,52.5,1.0,0.0,2.0,1.0,0.8,0.7,-9.3,-9.3,-9.3,-9.3,1.0,0.0,2.0,1.0,0.8,0.7,38.7,38.7,38.7,38.7,1.0,0.0,2.0,1.0,0.8,0.7,-6.8,-6.8,-6.8,-6.8,1.0,0.0,2.0,1.0,0.8,0.7,6.3,6.3,6.3,6.3,1.0,0.0,2.0,1.0,0.8,0.7,-1.1,-1.1,-1.1,-1.1,1.0,0.0,2.0,1.0,0.8,0.7,9.5,9.5,9.5,9.5,1.0,0.0,2.0,1.0,0.8,0.7,10.0,10.0,10.0,10.0,1.0,0.0,2.0,1.0,0.8,0.7
1974,2,112.0,-9.0,27.3,27.3,27.3,27.3,1.0,0.0,6.0,1.0,0.8,0.4,27.2,27.2,27.2,27.2,1.0,0.0,6.0,1.0,0.8,0.4,17.06,17.06,17.06,17.06,1.0,0.0,6.0,1.0,0.8,0.4,75.5,75.5,75.5,75.5,1.0,0.0,6.0,1.0,0.4,2.6,2.6,2.6,2.6,1.0,0.0,6.0,1.0,0.8,0.4,2.56,2.56,2.56,2.56,1.0,0.0,6.0,1.0,0.8,0.4,0.45,0.45,0.45,0.45,1.0,0.0,6.0,1.0,0.8,0.4,1008.3,1008.3,1008.3,1008.3,1.0,0.0,6.0,1.0,0.8,0.4,6.0,6.0,6.0,6.0,1.0,0.0,6.0,1.0,0.8,0.4,6.7,6.7,6.7,6.7,1.0,0.0,6.0,1.0,0.8,0.4,1.2,1.2,1.2,1.2,1.0,0.0,6.0,1.0,0.8,0.4,0.1,0.1,0.1,0.1,1.0,0.0,6.0,1.0,0.8,0.4,0.3,0.3,0.3,0.3,1.0,0.0,6.0,1.0,0.8,0.4,5.75,5.75,5.75,5.75,1.0,0.0,6.0,1.0,0.8,0.4,14.9,14.9,14.9,14.9,1.0,0.0,6.0,1.0,0.8,0.4,69.6,69.6,69.6,69.6,1.0,0.0,6.0,1.0,0.8,0.4,12.3,12.3,12.3,12.3,1.0,0.0,6.0,1.0,0.8,0.4,43.7,43.7,43.7,43.7,1.0,0.0,6.0,1.0,0.8,0.4,7.7,7.7,7.7,7.7,1.0,0.0,6.0,1.0,0.8,0.4,14.7,14.7,14.7,14.7,1.0,0.0,6.0,1.0,0.8,0.4,2.6,2.6,2.6,2.6,1.0,0.0,6.0,1.0,0.8,0.4,17.5,17.5,17.5,17.5,1.0,0.0,6.0,1.0,0.8,0.4,20.0,20.0,20.0,20.0,1.0,0.0,6.0,1.0,0.8,0.4
1974,2,112.0,-7.0,26.19,26.6,27.01,26.6,2.0,0.85,6.0,0.0,0.2,0.8,27.03,27.1,27.17,27.1,2.0,0.14,6.0,0.0,0.2,0.8,18.69,18.69,18.69,18.69,1.0,0.0,4.0,0.0,0.2,0.9,83.7,83.7,83.7,83.7,1.0,0.0,4.0,0.0,0.9,5.3,6.8,8.3,6.8,2.0,3.11,6.0,0.0,0.2,0.8,5.05,6.16,7.28,6.16,2.0,2.31,6.0,0.0,0.2,0.8,-3.91,-2.65,-1.39,-2.65,2.0,2.62,6.0,0.0,0.2,0.8,1008.7,1008.7,1008.7,1008.7,1.0,0.0,4.0,0.0,0.2,0.9,8.0,8.0,8.0,8.0,1.0,0.0,4.0,0.0,0.2,0.9,28.7,45.5,62.3,45.5,2.0,34.9,6.0,0.0,0.2,0.8,-34.7,-22.1,-9.5,-22.1,2.0,26.0,6.0,0.0,0.2,0.8,-0.98,-0.5,-0.02,-0.5,2.0,0.99,6.0,0.0,0.2,0.8,-8.9,-4.9,-0.9,-4.9,2.0,8.3,6.0,0.0,0.2,0.8,3.97,3.97,3.97,3.97,1.0,0.0,4.0,0.0,0.2,0.9,18.3,18.3,18.3,18.3,1.0,0.0,4.0,0.0,0.2,0.9,136.5,167.2,197.8,167.2,2.0,63.4,6.0,0.0,0.2,0.8,-106.4,-72.0,-37.6,-72.0,2.0,71.3,6.0,0.0,0.2,0.8,84.7,84.7,84.7,84.7,1.0,0.0,4.0,0.0,0.2,0.9,-14.9,-14.9,-14.9,-14.9,1.0,0.0,4.0,0.0,0.2,0.9,18.0,18.0,18.0,18.0,1.0,0.0,4.0,0.0,0.2,0.9,-3.2,-3.2,-3.2,-3.2,1.0,0.0,4.0,0.0,0.2,0.9,197.5,413.0,629.0,413.0,2.0,446.5,6.0,0.0,0.2,0.8,200.0,415.0,630.0,415.0,2.0,445.0,6.0,0.0,0.2,0.8
1974,2,112.0,-6.0,26.76,26.8,27.92,27.26,5.0,0.71,16.0,0.8,0.3,0.8,25.44,26.35,27.63,26.53,4.0,1.35,14.0,0.8,0.3,0.8,17.33,18.26,18.89,18.12,4.0,0.98,14.0,0.8,0.3,0.8,81.4,83.8,85.1,83.3,4.0,2.8,14.0,0.8,0.8,5.3,6.2,7.25,6.28,5.0,1.33,16.0,0.8,0.3,0.8,5.07,5.8,6.65,5.88,5.0,1.45,16.0,0.8,0.3,0.8,-2.68,-2.12,-0.9,-1.84,5.0,1.24,16.0,0.8,0.3,0.8,1007.0,1007.2,1007.67,1007.38,5.0,0.63,16.0,0.8,0.3,0.8,7.0,7.0,8.0,7.4,5.0,0.5,16.0,0.8,0.3,0.8,27.3,36.1,48.9,38.4,5.0,17.4,16.0,0.8,0.3,0.8,-16.5,-11.7,-6.7,-11.6,5.0,8.0,16.0,0.8,0.3,0.8,-0.36,0.4,1.31,0.48,4.0,0.99,14.0,0.8,0.3,0.8,-1.8,3.4,9.1,3.6,4.0,6.3,14.0,0.8,0.3,0.8,3.8,4.26,4.83,4.31,4.0,0.76,14.0,0.8,0.3,0.8,21.4,27.9,33.7,27.5,4.0,7.2,14.0,0.8,0.3,0.8,128.8,151.7,183.3,155.8,4.0,39.4,14.0,0.8,0.3,0.8,-78.3,-59.1,-44.6,-61.3,4.0,22.6,14.0,0.8,0.3,0.8,86.6,103.4,127.1,106.7,4.0,28.3,14.0,0.8,0.3,0.8,-53.7,-39.8,-30.3,-41.9,4.0,15.7,14.0,0.8,0.3,0.8,18.5,25.4,32.5,25.5,4.0,8.1,14.0,0.8,0.3,0.8,-11.4,-10.6,-7.9,-9.7,4.0,2.5,14.0,0.8,0.3,0.8,153.0,238.5,392.5,274.5,5.0,172.0,16.0,0.8,0.3,0.8,155.0,240.0,390.0,275.0,5.0,170.0,16.0,0.8,0.3,0.8
1974,2,112.0,3.0,25.9,25.9,25.9,25.9,1.0,0.0,16.0,1.0,0.1,0.6,25.6,25.6,25.6,25.6,1.0,0.0,16.0,1.0,0.1,0.6,17.95,17.95,17.95,17.95,1.0,0.0,16.0,1.0,0.1,0.6,87.1,87.1,87.1,87.1,1.0,0.0,16.0,1.0,0.6,2.6,2.6,2.6,2.6,1.0,0.0,16.0,1.0,0.1,0.6,-1.99,-1.99,-1.99,-1.99,1.0,0.0,16.0,1.0,0.1,0.6,1.67,1.67,1.67,1.67,1.0,0.0,16.0,1.0,0.1,0.6,1006.6,1006.6,1006.6,1006.6,1.0,0.0,16.0,1.0,0.1,0.6,8.0,8.0,8.0,8.0,1.0,0.0,16.0,1.0,0.1,0.6,-5.2,-5.2,-5.2,-5.2,1.0,0.0,16.0,1.0,0.1,0.6,4.3,4.3,4.3,4.3,1.0,0.0,16.0,1.0,0.1,0.6,0.3,0.3,0.3,0.3,1.0,0.0,16.0,1.0,0.1,0.6,0.8,0.8,0.8,0.8,1.0,0.0,16.0,1.0,0.1,0.6,3.06,3.06,3.06,3.06,1.0,0.0,16.0,1.0,0.1,0.6,8.0,8.0,8.0,8.0,1.0,0.0,16.0,1.0,0.1,0.6,-51.0,-51.0,-51.0,-51.0,1.0,0.0,16.0,1.0,0.1,0.6,42.8,42.8,42.8,42.8,1.0,0.0,16.0,1.0,0.1,0.6,-35.7,-35.7,-35.7,-35.7,1.0,0.0,16.0,1.0,0.1,0.6,30.0,30.0,30.0,30.0,1.0,0.0,16.0,1.0,0.1,0.6,-6.1,-6.1,-6.1,-6.1,1.0,0.0,16.0,1.0,0.1,0.6,5.1,5.1,5.1,5.1,1.0,0.0,16.0,1.0,0.1,0.6,17.5,17.5,17.5,17.5,1.0,0.0,16.0,1.0,0.1,0.6,20.0,20.0,20.0,20.0,1.0,0.0,16.0,1.0,0.1,0.6
1974,2,112.0,4.0,25.89,26.5,28.0,26.73,11.0,1.25,14.0,0.5,0.5,0.2,24.36,26.0,27.74,26.03,11.0,1.42,14.0,0.5,0.5,0.2,17.06,18.15,19.22,18.3,9.0,1.43,14.0,0.6,0.5,0.2,81.8,86.2,90.7,86.6,9.0,4.3,14.0,0.6,0.2,2.6,3.6,5.55,4.01,11.0,1.8,14.0,0.5,0.5,0.2,-3.35,-2.3,0.96,-1.31,11.0,2.44,14.0,0.5,0.5,0.2,-3.89,-2.05,1.58,-1.73,11.0,3.13,14.0,0.5,0.5,0.2,1007.39,1009.1,1011.04,1009.21,11.0,1.74,14.0,0.5,0.5,0.2,4.8,8.0,8.0,6.5,11.0,2.2,14.0,0.5,0.5,0.2,-20.1,-6.4,3.4,-6.6,11.0,12.2,14.0,0.5,0.5,0.2,-22.0,-8.4,3.5,-10.4,11.0,19.2,14.0,0.5,0.5,0.2,-1.21,0.5,2.57,0.7,11.0,1.94,14.0,0.5,0.5,0.2,-6.9,0.9,8.9,0.9,11.0,8.2,14.0,0.5,0.5,0.2,1.94,3.05,5.58,3.56,9.0,1.81,14.0,0.6,0.5,0.2,9.5,11.8,15.1,13.6,9.0,8.3,14.0,0.6,0.5,0.2,-87.3,-55.2,26.8,-33.4,11.0,64.5,14.0,0.5,0.5,0.2,-104.6,-53.3,40.2,-45.9,11.0,81.5,14.0,0.5,0.5,0.2,-63.1,-42.0,-4.1,-28.1,9.0,43.5,14.0,0.6,0.5,0.2,-80.9,-39.7,35.9,-28.4,9.0,61.8,14.0,0.6,0.5,0.2,-13.0,-4.2,-0.9,-6.7,9.0,9.6,14.0,0.6,0.5,0.2,-10.6,-5.3,8.7,-4.0,9.0,10.8,14.0,0.6,0.5,0.2,17.5,46.5,176.5,103.0,11.0,135.5,14.0,0.5,0.5,0.2,20.0,45.0,175.0,105.0,11.0,135.0,14.0,0.5,0.5,0.2
1974,2,112.0,6.0,,,,,,,,,,,,,,,,,,,,,,,,,,,,,,,,,,,,,,,,6.0,6.0,6.0,6.0,1.0,0.0,2.0,0.0,0.7,0.4,-3.0,-3.0,-3.0,-3.0,1.0,0.0,2.0,0.0,0.7,0.4,-5.2,-5.2,-5.2,-5.2,1.0,0.0,2.0,0.0,0.7,0.4,1013.8,1013.8,1013.8,1013.8,1.0,0.0,2.0,0.0,0.7,0.4,,,,,,,,,,,,,,,,,,,,,,,,,,,,,,,,,,,,,,,,,,,,,,,,,,,,,,,,,,,,,,,,,,,,,,,,,,,,,,,,,,,,,,,,,,,,,,,,,,,,,,,,,,,,,,,,,,,,,,,,,,,,,,,,,,,,,,,,,,,,,,,,,,,,,,
1974,2,112.0,10.0,24.56,25.0,25.6,25.09,11.0,0.51,12.0,0.5,0.2,0.7,24.18,25.6,26.28,25.55,13.0,1.18,12.0,0.6,0.2,0.7,15.08,15.99,18.6,16.49,12.0,1.91,12.0,0.6,0.2,0.7,72.0,79.8,91.0,81.9,13.0,8.8,12.0,0.6,0.7,5.33,11.8,15.4,10.52,11.0,4.79,12.0,0.5,0.2,0.7,-5.31,-3.18,-0.3,-3.29,11.0,2.95,12.0,0.5,0.2,0.7,-13.55,-11.62,-2.67,-9.47,11.0,5.03,12.0,0.5,0.2,0.7,1010.4,1013.05,1015.51,1013.29,12.0,2.55,12.0,0.6,0.2,0.7,4.0,7.0,7.4,5.9,11.0,1.9,12.0,0.6,0.2,0.7,-69.5,-24.2,-0.5,-37.8,11.0,45.8,12.0,0.5,0.2,0.7,-198.7,-137.1,-14.8,-120.9,11.0,84.4,12.0,0.5,0.2,0.7,-1.44,-0.7,0.88,-0.41,11.0,1.18,12.0,0.5,0.2,0.7,-18.1,-5.7,9.9,-4.2,10.0,12.8,12.0,0.5,0.2,0.6,1.01,3.56,4.99,3.28,11.0,2.15,12.0,0.5,0.2,0.7,4.8,28.9,61.4,33.1,10.0,27.6,12.0,0.5,0.2,0.6,-138.0,-88.4,-7.7,-84.3,11.0,72.6,12.0,0.5,0.2,0.7,-349.0,-283.1,-70.2,-241.4,11.0,127.6,12.0,0.5,0.2,0.7,-87.9,-59.3,-5.6,-54.8,11.0,47.1,12.0,0.5,0.2,0.7,-210.2,-184.2,-49.2,-153.7,11.0,75.6,12.0,0.5,0.2,0.7,-21.9,-8.2,-1.0,-11.6,10.0,13.1,12.0,0.5,0.2,0.6,-54.1,-28.4,-4.1,-29.8,10.0,25.9,12.0,0.5,0.2,0.6,168.5,1643.0,3652.5,1760.0,11.0,1447.0,12.0,0.5,0.2,0.7,170.0,1645.0,3650.0,1760.0,11.0,1445.0,12.0,0.5,0.2,0.7
1974,2,112.0,11.0,24.6,25.6,26.9,25.77,86.0,1.24,16.0,0.5,0.4,0.4,24.0,25.5,27.5,25.68,92.0,1.62,16.0,0.5,0.4,0.4,15.21,16.94,18.82,17.0,78.0,1.72,16.0,0.5,0.4,0.4,76.5,84.3,90.1,83.1,81.0,7.4,16.0,0.5,0.4,3.22,8.2,14.84,8.97,90.0,4.59,16.0,0.5,0.4,0.4,-6.12,-3.41,-1.53,-3.86,90.0,2.23,16.0,0.5,0.4,0.4,-13.05,-7.7,-2.04,-7.64,90.0,4.83,16.0,0.5,0.4,0.4,1009.2,1011.8,1014.0,1011.7,89.0,2.4,16.0,0.5,0.4,0.4,3.0,5.0,8.0,4.8,91.0,2.4,16.0,0.5,0.4,0.4,-81.1,-25.8,-5.8,-40.5,90.0,37.3,16.0,0.5,0.4,0.4,-194.5,-61.7,-6.2,-89.6,90.0,81.9,16.0,0.5,0.4,0.4,-1.5,0.5,2.0,0.13,85.0,2.01,16.0,0.5,0.4,0.4,-11.0,1.9,18.9,3.0,81.0,20.0,16.0,0.5,0.4,0.4,2.07,3.61,5.42,3.79,73.0,1.87,16.0,0.5,0.4,0.4,10.0,26.1,68.7,36.6,69.0,30.4,16.0,0.5,0.4,0.4,-156.9,-90.6,-39.2,-97.6,88.0,56.3,16.0,0.5,0.4,0.4,-324.6,-199.9,-50.8,-194.4,88.0,120.8,16.0,0.5,0.4,0.4,-100.3,-61.1,-27.1,-63.7,74.0,34.5,16.0,0.5,0.4,0.4,-213.2,-137.3,-34.1,-128.5,74.0,74.8,16.0,0.5,0.4,0.4,-25.8,-12.4,-3.7,-15.6,69.0,14.0,16.0,0.5,0.4,0.4,-61.1,-21.4,-4.5,-31.7,69.0,28.6,16.0,0.5,0.4,0.4,34.5,551.5,3268.0,1289.5,90.0,1464.0,16.0,0.5,0.4,0.4,35.0,550.0,3270.0,1290.0,90.0,1465.0,16.0,0.5,0.4,0.4
1974,2,112.0,12.0,25.0,25.6,27.28,25.8,29.0,1.25,14.0,0.3,0.6,0.3,24.0,25.55,27.4,25.71,30.0,1.55,14.0,0.3,0.6,0.3,15.38,16.5,18.25,16.54,20.0,1.65,14.0,0.3,0.7,0.3,74.0,81.5,89.2,81.1,20.0,7.8,14.0,0.3,0.3,3.04,8.2,15.18,9.38,29.0,5.36,14.0,0.3,0.6,0.3,-7.46,-3.35,-1.27,-4.11,29.0,3.19,14.0,0.3,0.6,0.3,-14.4,-7.12,-2.53,-7.91,29.0,5.23,14.0,0.3,0.6,0.3,1009.42,1011.95,1013.44,1011.67,30.0,2.43,14.0,0.3,0.6,0.3,1.0,5.0,7.0,4.3,26.0,2.6,14.0,0.3,0.7,0.3,-125.7,-34.4,-3.5,-48.1,29.0,51.2,14.0,0.3,0.6,0.3,-220.6,-66.2,-8.2,-100.2,29.0,99.8,14.0,0.3,0.6,0.3,-1.0,0.1,2.17,0.1,29.0,1.97,14.0,0.3,0.6,0.3,-11.1,0.6,23.2,4.9,28.0,19.5,14.0,0.3,0.6,0.3,2.26,4.3,5.58,4.05,19.0,1.62,14.0,0.3,0.6,0.2,14.8,33.6,83.7,42.9,19.0,33.9,14.0,0.3,0.6,0.2,-188.3,-83.4,-33.9,-104.0,29.0,81.0,14.0,0.3,0.6,0.3,-355.2,-191.9,-68.0,-200.5,29.0,129.5,14.0,0.3,0.6,0.3,-96.7,-51.4,-26.4,-62.7,20.0,44.1,14.0,0.3,0.7,0.3,-198.3,-131.8,-58.6,-125.3,20.0,66.9,14.0,0.3,0.7,0.3,-25.7,-13.5,-6.3,-18.5,19.0,18.5,14.0,0.3,0.6,0.2,-80.4,-25.7,-11.0,-37.0,19.0,30.7,14.0,0.3,0.6,0.2,30.5,551.5,3499.5,1618.0,29.0,2012.0,14.0,0.3,0.6,0.3,30.0,550.0,3500.0,1620.0,29.0,2010.0,14.0,0.3,0.6,0.3
1974,2,112.0,13.0,24.28,26.0,28.0,26.02,16.0,1.62,18.0,0.6,0.3,0.6,24.74,26.0,28.22,26.27,18.0,2.1,18.0,0.6,0.2,0.6,15.14,16.69,18.01,16.63,14.0,1.46,18.0,0.6,0.3,0.6,72.8,79.5,85.1,79.8,14.0,6.8,18.0,0.6,0.6,2.6,4.0,7.93,5.08,17.0,3.1,18.0,0.6,0.2,0.6,-3.6,-2.44,-1.48,-2.54,17.0,1.41,18.0,0.6,0.2,0.6,-7.32,-2.31,0.41,-3.31,17.0,4.07,18.0,0.6,0.2,0.6,1008.5,1010.45,1013.17,1010.82,18.0,2.8,18.0,0.6,0.2,0.6,1.0,4.0,7.3,4.2,18.0,2.9,18.0,0.6,0.2,0.6,-27.6,-9.9,-4.2,-16.0,17.0,17.2,18.0,0.6,0.2,0.6,-58.2,-8.4,1.1,-27.0,17.0,38.0,18.0,0.6,0.2,0.6,-2.87,-0.2,0.96,-0.35,16.0,2.28,18.0,0.6,0.3,0.6,-3.8,-0.4,5.2,1.8,15.0,13.6,18.0,0.6,0.3,0.6,2.5,4.56,6.73,4.52,12.0,2.02,18.0,0.7,0.3,0.7,8.5,16.3,34.7,23.0,12.0,23.0,18.0,0.7,0.3,0.7,-92.1,-68.4,-39.3,-65.4,17.0,35.2,18.0,0.6,0.2,0.6,-182.9,-57.4,12.0,-82.2,17.0,100.7,18.0,0.6,0.2,0.6,-60.3,-44.4,-21.8,-42.0,14.0,22.1,18.0,0.6,0.3,0.6,-104.6,-35.7,15.4,-45.1,14.0,64.5,18.0,0.6,0.3,0.6,-16.5,-8.2,-5.5,-11.8,12.0,11.0,18.0,0.7,0.3,0.7,-31.5,-8.6,1.5,-16.2,12.0,23.4,18.0,0.7,0.3,0.7,17.5,64.0,500.0,285.5,17.0,442.5,18.0,0.6,0.2,0.6,20.0,65.0,500.0,285.0,17.0,440.0,18.0,0.6,0.2,0.6
1974,2,112.0,14.0,23.99,24.9,26.73,25.12,38.0,1.46,14.0,0.4,0.4,0.4,23.0,24.15,25.91,24.26,40.0,1.69,14.0,0.5,0.4,0.4,13.37,14.62,16.48,14.94,36.0,1.7,14.0,0.4,0.4,0.4,71.5,78.3,87.0,79.3,36.0,7.5,14.0,0.4,0.4,4.54,9.3,14.53,9.33,38.0,4.26,14.0,0.4,0.4,0.4,-5.27,-3.77,-1.27,-3.21,38.0,2.36,14.0,0.4,0.4,0.4,-13.36,-8.74,-3.69,-8.13,38.0,4.85,14.0,0.4,0.4,0.4,1010.15,1012.75,1016.41,1012.9,40.0,2.99,14.0,0.5,0.4,0.4,3.0,7.0,8.0,5.7,39.0,2.6,14.0,0.5,0.4,0.4,-66.5,-29.4,-4.3,-32.7,38.0,32.4,14.0,0.4,0.4,0.4,-196.2,-77.8,-14.8,-95.0,38.0,80.2,14.0,0.4,0.4,0.4,-0.59,0.7,2.88,0.84,38.0,1.99,14.0,0.4,0.4,0.4,-4.4,4.3,34.7,10.5,37.0,22.7,14.0,0.4,0.4,0.4,2.7,4.78,6.71,4.78,35.0,2.05,14.0,0.4,0.4,0.4,14.8,44.5,80.1,48.0,35.0,35.4,14.0,0.4,0.4,0.4,-121.8,-93.6,-31.0,-76.5,38.0,56.7,14.0,0.4,0.4,0.4,-300.9,-200.4,-92.8,-192.1,38.0,110.9,14.0,0.4,0.4,0.4,-76.0,-58.6,-19.9,-49.0,36.0,33.9,14.0,0.4,0.4,0.4,-188.6,-115.1,-59.2,-117.4,36.0,67.5,14.0,0.4,0.4,0.4,-30.4,-16.6,-2.6,-16.2,35.0,13.3,14.0,0.4,0.4,0.4,-72.5,-34.5,-8.2,-42.6,35.0,36.2,14.0,0.4,0.4,0.4,93.5,804.5,3071.5,1306.0,38.0,1335.5,14.0,0.4,0.4,0.4,95.0,805.0,3070.0,1305.0,38.0,1335.0,14.0,0.4,0.4,0.4
1974,2,112.0,15.0,23.68,24.4,25.91,24.86,13.0,1.39,12.0,0.9,0.8,0.3,23.09,24.0,25.56,24.15,13.0,1.43,12.0,0.8,0.8,0.3,13.63,15.02,17.06,15.28,11.0,1.74,12.0,0.8,0.8,0.3,74.3,78.3,85.0,80.1,11.0,6.8,12.0,0.8,0.3,3.63,7.45,9.8,7.39,14.0,3.57,12.0,0.9,0.8,0.3,-4.89,-3.47,-2.01,-3.52,14.0,1.41,12.0,0.9,0.8,0.3,-9.14,-5.77,-2.09,-6.13,14.0,3.97,12.0,0.9,0.8,0.3,1011.34,1012.65,1016.53,1013.58,14.0,3.11,12.0,0.9,0.8,0.3,3.1,5.0,6.9,5.1,14.0,1.7,12.0,0.9,0.8,0.3,-47.6,-20.8,-12.2,-26.8,14.0,17.3,12.0,0.9,0.8,0.3,-91.5,-45.1,-8.5,-58.2,14.0,61.4,12.0,0.9,0.8,0.3,-0.45,0.45,1.75,0.75,12.0,1.72,12.0,0.9,0.8,0.3,-1.6,3.6,12.7,6.7,12.0,14.7,12.0,0.9,0.8,0.3,2.97,4.23,5.3,4.23,10.0,1.37,10.0,0.9,0.8,0.3,10.7,25.1,43.5,27.5,10.0,15.8,10.0,0.9,0.8,0.3,-121.3,-91.3,-49.6,-86.4,13.0,34.1,12.0,0.8,0.8,0.3,-210.0,-106.0,-49.9,-128.2,13.0,70.1,12.0,0.8,0.8,0.3,-68.6,-59.6,-36.3,-53.9,11.0,17.3,12.0,0.8,0.8,0.3,-110.4,-59.9,-33.8,-68.8,11.0,37.6,12.0,0.8,0.8,0.3,-21.2,-16.2,-7.2,-15.9,10.0,8.4,10.0,0.9,0.8,0.3,-38.7,-16.2,-5.4,-21.2,10.0,15.4,10.0,0.9,0.8,0.3,48.0,448.5,941.0,688.0,14.0,941.5,12.0,0.9,0.8,0.3,50.0,450.0,940.0,690.0,14.0,940.0,12.0,0.9,0.8,0.3
1974,2,112.0,16.0,23.33,23.6,23.87,23.6,2.0,0.57,12.0,0.5,0.9,0.3,23.54,24.5,25.46,24.5,2.0,1.98,12.0,0.5,0.9,0.3,15.13,16.18,17.24,16.18,2.0,2.19,12.0,0.5,0.9,0.3,83.5,84.1,84.8,84.1,2.0,1.3,12.0,0.5,0.3,3.57,5.65,7.73,5.65,2.0,4.31,12.0,0.5,0.9,0.3,-4.07,-3.46,-2.84,-3.46,2.0,1.27,12.0,0.5,0.9,0.3,-6.27,-3.54,-0.82,-3.54,2.0,5.65,12.0,0.5,0.9,0.3,1012.82,1012.85,1012.88,1012.85,2.0,0.07,12.0,0.5,0.9,0.3,2.5,3.5,4.5,3.5,2.0,2.1,12.0,0.5,0.9,0.3,-32.9,-22.3,-11.6,-22.3,2.0,22.1,12.0,0.5,0.9,0.3,-55.0,-32.2,-9.4,-32.2,2.0,47.2,12.0,0.5,0.9,0.3,-1.58,-0.9,-0.22,-0.9,2.0,1.41,12.0,0.5,0.9,0.3,-4.0,-2.0,-0.1,-2.0,2.0,4.1,12.0,0.5,0.9,0.3,1.24,1.99,2.74,1.99,2.0,1.56,12.0,0.5,0.9,0.3,6.2,14.6,23.0,14.6,2.0,17.4,12.0,0.5,0.9,0.3,-95.1,-83.4,-71.7,-83.4,2.0,24.2,12.0,0.5,0.9,0.3,-144.6,-81.2,-17.8,-81.2,2.0,131.3,12.0,0.5,0.9,0.3,-60.8,-54.5,-48.3,-54.5,2.0,12.9,12.0,0.5,0.9,0.3,-91.5,-51.1,-10.8,-51.1,2.0,83.6,12.0,0.5,0.9,0.3,-11.7,-7.9,-4.0,-7.9,2.0,7.9,12.0,0.5,0.9,0.3,-19.5,-11.4,-3.4,-11.4,2.0,16.8,12.0,0.5,0.9,0.3,119.5,338.0,557.0,338.0,2.0,453.0,12.0,0.5,0.9,0.3,120.0,340.0,555.0,340.0,2.0,455.0,12.0,0.5,0.9,0.3
1974,2,112.0,18.0,22.62,23.65,24.52,23.58,4.0,1.26,14.0,0.5,0.1,0.5,23.54,23.85,23.95,23.75,4.0,0.31,14.0,0.5,0.1,0.5,15.52,15.66,16.63,16.06,3.0,0.88,14.0,0.7,0.1,0.6,84.2,84.9,92.4,88.2,3.0,6.7,14.0,0.7,0.6,3.05,3.1,5.77,4.35,4.0,2.57,14.0,0.5,0.1,0.5,-4.63,-2.41,0.1,-2.28,4.0,3.4,14.0,0.5,0.1,0.5,-3.89,-1.7,0.76,-1.57,4.0,3.17,14.0,0.5,0.1,0.5,1010.46,1014.05,1014.91,1012.75,4.0,3.44,14.0,0.5,0.1,0.5,3.6,7.0,7.0,5.3,3.0,2.9,14.0,0.3,0.2,0.6,-31.0,-7.3,0.3,-15.0,4.0,25.2,14.0,0.5,0.1,0.5,-26.1,-5.2,2.4,-11.6,4.0,22.0,14.0,0.5,0.1,0.5,-1.23,-0.3,0.89,-0.17,4.0,1.46,14.0,0.5,0.1,0.5,-5.3,-2.5,2.8,-1.3,4.0,5.0,14.0,0.5,0.1,0.5,1.36,2.35,2.58,1.98,3.0,0.95,14.0,0.7,0.1,0.6,4.5,8.3,15.8,10.1,3.0,8.4,14.0,0.7,0.1,0.6,-110.9,-57.0,2.7,-54.2,4.0,81.2,14.0,0.5,0.1,0.5,-92.3,-40.0,17.9,-37.4,4.0,75.6,14.0,0.5,0.1,0.5,-77.1,-34.0,10.5,-33.3,3.0,64.1,14.0,0.7,0.1,0.6,-68.5,-40.6,12.5,-28.3,3.0,60.3,14.0,0.7,0.1,0.6,-11.8,-5.4,-0.5,-6.1,3.0,8.3,14.0,0.7,0.1,0.6,-10.5,-6.4,-0.6,-5.6,3.0,7.3,14.0,0.7,0.1,0.6,28.5,30.0,303.0,159.5,4.0,261.5,14.0,0.5,0.1,0.5,30.0,30.0,305.0,160.0,4.0,260.0,14.0,0.5,0.1,0.5
1974,2,112.0,19.0,21.54,22.2,23.52,22.75,13.0,1.91,18.0,0.3,0.4,0.5,17.0,20.1,22.98,20.28,12.0,3.07,18.0,0.3,0.4,0.5,12.7,14.29,15.03,13.89,4.0,1.53,10.0,0.3,0.4,0.2,80.6,88.2,95.6,88.1,4.0,10.1,10.0,0.3,0.2,3.87,8.7,11.1,7.91,13.0,3.61,18.0,0.3,0.4,0.5,-8.52,-5.59,-3.07,-5.25,13.0,3.35,18.0,0.3,0.4,0.5,-7.13,-6.0,-1.74,-4.47,13.0,4.25,18.0,0.3,0.4,0.5,1009.64,1019.5,1022.86,1017.47,13.0,5.84,18.0,0.3,0.4,0.5,4.5,7.5,8.0,6.5,12.0,1.9,18.0,0.3,0.4,0.5,-92.8,-48.7,-12.5,-51.7,13.0,38.9,18.0,0.3,0.4,0.5,-76.7,-51.5,-5.7,-44.6,13.0,46.2,18.0,0.3,0.4,0.5,0.49,3.5,5.25,2.62,12.0,3.61,18.0,0.3,0.4,0.5,1.8,20.1,55.7,24.7,12.0,34.4,18.0,0.3,0.4,0.5,2.88,4.37,5.88,4.38,4.0,1.73,10.0,0.3,0.4,0.2,5.0,24.1,60.3,32.3,4.0,34.8,10.0,0.3,0.4,0.2,-152.3,-106.6,-46.7,-100.4,12.0,65.8,18.0,0.3,0.4,0.5,-155.8,-92.0,-28.5,-79.6,12.0,86.2,18.0,0.3,0.4,0.5,-72.6,-30.0,11.3,-30.7,4.0,48.4,10.0,0.3,0.4,0.2,-86.7,-13.3,48.0,-19.1,4.0,89.7,10.0,0.3,0.4,0.2,-32.9,-12.2,2.2,-15.2,4.0,20.8,10.0,0.3,0.4,0.2,-38.5,-2.2,17.6,-10.1,4.0,41.5,10.0,0.3,0.4,0.2,59.5,658.5,1369.0,757.0,13.0,670.0,18.0,0.3,0.4,0.5,60.0,660.0,1370.0,755.0,13.0,670.0,18.0,0.3,0.4,0.5
1974,2,112.0,20.0,21.52,23.55,25.0,23.28,4.0,2.04,12.0,0.0,0.7,0.2,19.43,21.55,22.57,21.03,4.0,2.18,12.0,0.0,0.7,0.2,13.04,13.04,13.04,13.04,1.0,0.0,4.0,0.0,0.8,0.2,79.0,79.0,79.0,79.0,1.0,0.0,4.0,0.0,0.2,6.06,6.2,9.34,7.67,3.0,2.72,10.0,0.0,0.7,0.3,-6.68,-6.11,-5.48,-6.08,3.0,0.87,10.0,0.0,0.7,0.3,-5.31,1.08,2.39,-1.4,3.0,6.03,10.0,0.0,0.7,0.3,1009.57,1011.15,1013.57,1011.55,4.0,2.57,12.0,0.0,0.7,0.2,2.9,7.0,7.7,5.3,3.0,3.8,8.0,0.0,0.8,0.2,-63.2,-37.9,-33.3,-48.0,3.0,23.6,10.0,0.0,0.7,0.3,-58.9,6.7,14.4,-21.6,3.0,59.0,10.0,0.0,0.7,0.3,0.95,2.45,3.53,2.25,4.0,1.73,12.0,0.0,0.7,0.2,3.8,12.0,16.1,10.0,3.0,9.2,10.0,0.0,0.7,0.3,6.69,6.69,6.69,6.69,1.0,0.0,4.0,0.0,0.8,0.2,41.5,41.5,41.5,41.5,1.0,0.0,4.0,0.0,0.8,0.2,-142.3,-134.9,-124.4,-133.4,3.0,13.2,10.0,0.0,0.7,0.3,-111.0,23.8,54.7,-27.0,3.0,129.1,10.0,0.0,0.7,0.3,-79.6,-79.6,-79.6,-79.6,1.0,0.0,4.0,0.0,0.8,0.2,14.0,14.0,14.0,14.0,1.0,0.0,4.0,0.0,0.8,0.2,-40.9,-40.9,-40.9,-40.9,1.0,0.0,4.0,0.0,0.8,0.2,7.2,7.2,7.2,7.2,1.0,0.0,4.0,0.0,0.8,0.2,223.0,238.5,935.5,571.5,3.0,596.0,10.0,0.0,0.7,0.3,225.0,240.0,935.0,570.0,3.0,595.0,10.0,0.0,0.7,0.3
1974,2,113.0,-65.0,,,,,,,,,,,,,,,,,,,,,,,,,,,,,,,,,,,,,,,,6.2,7.95,9.8,7.98,6.0,1.68,22.0,0.8,0.2,0.7,-0.82,3.86,8.64,3.57,6.0,5.05,22.0,0.8,0.2,0.7,3.85,4.82,7.4,5.39,6.0,1.89,22.0,0.8,0.2,0.7,983.05,987.95,991.01,987.32,6.0,4.33,22.0,0.8,0.2,0.7,,,,,,,,,,,,,,,,,,,,,,,,,,,,,,,,,,,,,,,,,,,,,,,,,,,,,,,,,,,,,,,,,,,,,,,,,,,,,,,,,,,,,,,,,,,,,,,,,,,,,,,,,,,,,,,,,,,,,,,,,,,,,,,,,,,,,,,,,,,,,,,,,,,,,,
1974,2,113.0,-64.0,,,,,,,,,,,,,,,,,,,,,,,,,,,,,,,,,,,,,,,,4.05,7.2,9.04,6.58,4.0,3.33,24.0,1.0,0.3,0.7,3.66,7.2,8.73,6.24,4.0,3.49,24.0,1.0,0.3,0.7,-0.84,0.0,1.76,0.44,4.0,2.09,24.0,1.0,0.3,0.7,980.31,986.6,987.07,984.2,5.0,4.03,24.0,0.8,0.3,0.7,,,,,,,,,,,,,,,,,,,,,,,,,,,,,,,,,,,,,,,,,,,,,,,,,,,,,,,,,,,,,,,,,,,,,,,,,,,,,,,,,,,,,,,,,,,,,,,,,,,,,,,,,,,,,,,,,,,,,,,,,,,,,,,,,,,,,,,,,,,,,,,,,,,,,,
1974,2,113.0,-48.0,,,,,,,,,,,,,,,,,,,,,,,,,,,,,,,,,,,,,,,,15.9,15.9,15.9,15.9,1.0,0.0,12.0,1.0,0.9,0.4,14.94,14.94,14.94,14.94,1.0,0.0,12.0,1.0,0.9,0.4,5.44,5.44,5.44,5.44,1.0,0.0,12.0,1.0,0.9,0.4,1007.3,1007.3,1007.3,1007.3,1.0,0.0,12.0,1.0,0.9,0.4,,,,,,,,,,,,,,,,,,,,,,,,,,,,,,,,,,,,,,,,,,,,,,,,,,,,,,,,,,,,,,,,,,,,,,,,,,,,,,,,,,,,,,,,,,,,,,,,,,,,,,,,,,,,,,,,,,,,,,,,,,,,,,,,,,,,,,,,,,,,,,,,,,,,,,
1974,2,113.0,-47.0,,,,,,,,,,,,,,,,,,,,,,,,,,,,,,,,,,,,,,,,17.0,17.0,17.0,17.0,1.0,0.0,10.0,0.0,0.5,0.7,14.72,14.72,14.72,14.72,1.0,0.0,10.0,0.0,0.5,0.7,8.5,8.5,8.5,8.5,1.0,0.0,10.0,0.0,0.5,0.7,1009.3,1009.3,1009.3,1009.3,1.0,0.0,10.0,0.0,0.5,0.7,,,,,,,,,,,,,,,,,,,,,,,,,,,,,,,,,,,,,,,,,,,,,,,,,,,,,,,,,,,,,,,,,,,,,,,,,,,,,,,,,,,,,,,,,,,,,,,,,,,,,,,,,,,,,,,,,,,,,,,,,,,,,,,,,,,,,,,,,,,,,,,,,,,,,,
1974,2,113.0,-46.0,,,,,,,,,,,,,,,,,,,,,,,,,,,,,,,,,,,,,,,,15.9,15.9,15.9,15.9,1.0,0.0,10.0,1.0,0.0,1.0,12.18,12.18,12.18,12.18,1.0,0.0,10.0,1.0,0.0,1.0,10.22,10.22,10.22,10.22,1.0,0.0,10.0,1.0,0.0,1.0,1010.6,1010.6,1010.6,1010.6,1.0,0.0,10.0,1.0,0.0,1.0,,,,,,,,,,,,,,,,,,,,,,,,,,,,,,,,,,,,,,,,,,,,,,,,,,,,,,,,,,,,,,,,,,,,,,,,,,,,,,,,,,,,,,,,,,,,,,,,,,,,,,,,,,,,,,,,,,,,,,,,,,,,,,,,,,,,,,,,,,,,,,,,,,,,,,
1974,2,113.0,-42.0,13.5,13.5,13.5,13.5,1.0,0.0,8.0,1.0,0.7,0.1,12.0,12.0,12.0,12.0,1.0,0.0,8.0,1.0,0.7,0.1,6.6,6.6,6.6,6.6,1.0,0.0,8.0,1.0,0.7,0.1,76.5,76.5,76.5,76.5,1.0,0.0,8.0,1.0,0.1,9.3,9.3,9.3,9.3,1.0,0.0,8.0,1.0,0.7,0.1,8.74,8.74,8.74,8.74,1.0,0.0,8.0,1.0,0.7,0.1,-3.18,-3.18,-3.18,-3.18,1.0,0.0,8.0,1.0,0.7,0.1,1019.8,1019.8,1019.8,1019.8,1.0,0.0,8.0,1.0,0.7,0.1,8.0,8.0,8.0,8.0,1.0,0.0,8.0,1.0,0.7,0.1,81.3,81.3,81.3,81.3,1.0,0.0,8.0,1.0,0.7,0.1,-29.6,-29.6,-29.6,-29.6,1.0,0.0,8.0,1.0,0.7,0.1,1.5,1.5,1.5,1.5,1.0,0.0,8.0,1.0,0.7,0.1,14.0,14.0,14.0,14.0,1.0,0.0,8.0,1.0,0.7,0.1,2.93,2.93,2.93,2.93,1.0,0.0,8.0,1.0,0.7,0.1,27.3,27.3,27.3,27.3,1.0,0.0,8.0,1.0,0.7,0.1,104.9,104.9,104.9,104.9,1.0,0.0,8.0,1.0,0.7,0.1,-38.2,-38.2,-38.2,-38.2,1.0,0.0,8.0,1.0,0.7,0.1,57.6,57.6,57.6,57.6,1.0,0.0,8.0,1.0,0.7,0.1,-21.0,-21.0,-21.0,-21.0,1.0,0.0,8.0,1.0,0.7,0.1,25.6,25.6,25.6,25.6,1.0,0.0,8.0,1.0,0.7,0.1,-9.3,-9.3,-9.3,-9.3,1.0,0.0,8.0,1.0,0.7,0.1,804.5,804.5,804.5,804.5,1.0,0.0,8.0,1.0,0.7,0.1,805.0,805.0,805.0,805.0,1.0,0.0,8.0,1.0,0.7,0.1
1974,2,113.0,-41.0,13.0,13.0,13.0,13.0,1.0,0.0,10.0,0.0,0.2,0.4,13.3,13.3,13.3,13.3,1.0,0.0,10.0,0.0,0.2,0.4,7.59,7.59,7.59,7.59,1.0,0.0,10.0,0.0,0.2,0.4,80.4,80.4,80.4,80.4,1.0,0.0,10.0,0.0,0.4,9.3,9.3,9.3,9.3,1.0,0.0,10.0,0.0,0.2,0.4,8.05,8.05,8.05,8.05,1.0,0.0,10.0,0.0,0.2,0.4,4.65,4.65,4.65,4.65,1.0,0.0,10.0,0.0,0.2,0.4,1015.0,1015.0,1015.0,1015.0,1.0,0.0,10.0,0.0,0.2,0.4,8.0,8.0,8.0,8.0,1.0,0.0,10.0,0.0,0.2,0.4,74.9,74.9,74.9,74.9,1.0,0.0,10.0,0.0,0.2,0.4,43.2,43.2,43.2,43.2,1.0,0.0,10.0,0.0,0.2,0.4,-0.3,-0.3,-0.3,-0.3,1.0,0.0,10.0,0.0,0.2,0.4,-2.8,-2.8,-2.8,-2.8,1.0,0.0,10.0,0.0,0.2,0.4,1.68,1.68,1.68,1.68,1.0,0.0,10.0,0.0,0.2,0.4,15.6,15.6,15.6,15.6,1.0,0.0,10.0,0.0,0.2,0.4,107.1,107.1,107.1,107.1,1.0,0.0,10.0,0.0,0.2,0.4,61.8,61.8,61.8,61.8,1.0,0.0,10.0,0.0,0.2,0.4,61.1,61.1,61.1,61.1,1.0,0.0,10.0,0.0,0.2,0.4,35.3,35.3,35.3,35.3,1.0,0.0,10.0,0.0,0.2,0.4,13.5,13.5,13.5,13.5,1.0,0.0,10.0,0.0,0.2,0.4,7.8,7.8,7.8,7.8,1.0,0.0,10.0,0.0,0.2,0.4,804.5,804.5,804.5,804.5,1.0,0.0,10.0,0.0,0.2,0.4,805.0,805.0,805.0,805.0,1.0,0.0,10.0,0.0,0.2,0.4
1974,2,113.0,-37.0,21.7,21.7,21.7,21.7,1.0,0.0,8.0,1.0,0.0,0.9,21.1,21.1,21.1,21.1,1.0,0.0,8.0,1.0,0.0,0.9,12.86,12.86,12.86,12.86,1.0,0.0,8.0,1.0,0.0,0.9,82.5,82.5,82.5,82.5,1.0,0.0,8.0,1.0,0.9,12.3,12.3,12.3,12.3,1.0,0.0,8.0,1.0,0.0,0.9,0.0,0.0,0.0,0.0,1.0,0.0,8.0,1.0,0.0,0.9,12.3,12.3,12.3,12.3,1.0,0.0,8.0,1.0,0.0,0.9,1010.1,1010.1,1010.1,1010.1,1.0,0.0,8.0,1.0,0.0,0.9,3.0,3.0,3.0,3.0,1.0,0.0,8.0,1.0,0.0,0.9,0.0,0.0,0.0,0.0,1.0,0.0,8.0,1.0,0.0,0.9,151.3,151.3,151.3,151.3,1.0,0.0,8.0,1.0,0.0,0.9,0.6,0.6,0.6,0.6,1.0,0.0,8.0,1.0,0.0,0.9,7.4,7.4,7.4,7.4,1.0,0.0,8.0,1.0,0.0,0.9,3.35,3.35,3.35,3.35,1.0,0.0,8.0,1.0,0.0,0.9,41.2,41.2,41.2,41.2,1.0,0.0,8.0,1.0,0.0,0.9,0.0,0.0,0.0,0.0,1.0,0.0,8.0,1.0,0.0,0.9,259.5,259.5,259.5,259.5,1.0,0.0,8.0,1.0,0.0,0.9,0.0,0.0,0.0,0.0,1.0,0.0,8.0,1.0,0.0,0.9,158.2,158.2,158.2,158.2,1.0,0.0,8.0,1.0,0.0,0.9,0.0,0.0,0.0,0.0,1.0,0.0,8.0,1.0,0.0,0.9,41.2,41.2,41.2,41.2,1.0,0.0,8.0,1.0,0.0,0.9,1861.0,1861.0,1861.0,1861.0,1.0,0.0,8.0,1.0,0.0,0.9,1860.0,1860.0,1860.0,1860.0,1.0,0.0,8.0,1.0,0.0,0.9
1974,2,113.0,-36.0,20.0,20.0,20.0,20.0,1.0,0.0,26.0,0.0,0.5,0.6,17.4,18.25,19.1,18.25,2.0,1.77,16.0,0.0,0.3,0.6,12.81,12.81,12.81,12.81,1.0,0.0,26.0,0.0,0.5,0.6,91.0,91.0,91.0,91.0,1.0,0.0,26.0,0.0,0.6,5.59,6.65,7.71,6.65,2.0,2.19,16.0,0.0,0.3,0.6,-4.74,-3.95,-3.17,-3.95,2.0,1.62,16.0,0.0,0.3,0.6,1.22,3.85,6.48,3.85,2.0,5.45,16.0,0.0,0.3,0.6,1014.48,1016.15,1017.82,1016.15,2.0,3.46,16.0,0.0,0.3,0.6,1.0,3.0,5.0,3.0,2.0,4.2,16.0,0.0,0.3,0.6,-25.5,-24.5,-23.5,-24.5,2.0,2.1,16.0,0.0,0.3,0.6,10.0,31.6,53.2,31.6,2.0,44.7,16.0,0.0,0.3,0.6,0.5,0.5,0.5,0.5,1.0,0.0,26.0,0.0,0.5,0.6,2.6,2.6,2.6,2.6,1.0,0.0,26.0,0.0,0.5,0.6,1.72,1.72,1.72,1.72,1.0,0.0,26.0,0.0,0.5,0.6,8.8,8.8,8.8,8.8,1.0,0.0,26.0,0.0,0.5,0.6,-91.2,-73.6,-55.9,-73.6,2.0,36.6,16.0,0.0,0.3,0.6,20.8,65.5,110.2,65.5,2.0,92.6,16.0,0.0,0.3,0.6,-65.3,-65.3,-65.3,-65.3,1.0,0.0,26.0,0.0,0.5,0.6,0.0,0.0,0.0,0.0,1.0,0.0,26.0,0.0,0.5,0.6,-8.8,-8.8,-8.8,-8.8,1.0,0.0,26.0,0.0,0.5,0.6,0.0,0.0,0.0,0.0,1.0,0.0,26.0,0.0,0.5,0.6,199.0,342.0,485.0,342.0,2.0,296.0,16.0,0.0,0.3,0.6,200.0,340.0,485.0,340.0,2.0,295.0,16.0,0.0,0.3,0.6
1974,2,113.0,-35.0,20.11,20.35,20.59,20.35,2.0,0.49,8.0,1.0,0.4,0.7,19.8,21.1,22.4,21.1,2.0,2.69,8.0,1.0,0.4,0.7,9.79,9.79,9.79,9.79,1.0,0.0,8.0,1.0,0.4,0.5,70.9,70.9,70.9,70.9,1.0,0.0,8.0,1.0,0.5,9.54,10.05,10.56,10.05,2.0,1.06,8.0,1.0,0.4,0.7,-5.84,-3.47,-1.1,-3.47,2.0,4.91,8.0,1.0,0.4,0.7,8.44,8.79,9.14,8.79,2.0,0.73,8.0,1.0,0.4,0.7,1013.55,1015.6,1017.65,1015.6,2.0,4.24,8.0,1.0,0.4,0.7,2.3,3.0,3.7,3.0,2.0,1.4,8.0,1.0,0.4,0.7,-63.1,-37.5,-11.9,-37.5,2.0,53.0,8.0,1.0,0.4,0.7,86.9,87.9,88.9,87.9,2.0,2.0,8.0,1.0,0.4,0.7,-2.29,-0.75,0.79,-0.75,2.0,3.18,8.0,1.0,0.4,0.7,-25.0,-9.2,6.6,-9.2,2.0,32.8,8.0,1.0,0.4,0.7,5.41,5.41,5.41,5.41,1.0,0.0,8.0,1.0,0.4,0.5,50.3,50.3,50.3,50.3,1.0,0.0,8.0,1.0,0.4,0.5,-134.3,-79.8,-25.3,-79.8,2.0,112.9,8.0,1.0,0.4,0.7,180.4,184.4,188.4,184.4,2.0,8.3,8.0,1.0,0.4,0.7,0.0,0.0,0.0,0.0,1.0,0.0,8.0,1.0,0.4,0.5,91.0,91.0,91.0,91.0,1.0,0.0,8.0,1.0,0.4,0.5,0.0,0.0,0.0,0.0,1.0,0.0,8.0,1.0,0.4,0.5,50.3,50.3,50.3,50.3,1.0,0.0,8.0,1.0,0.4,0.5,876.5,1032.0,1187.5,1032.0,2.0,322.0,8.0,1.0,0.4,0.7,875.0,1030.0,1185.0,1030.0,2.0,320.0,8.0,1.0,0.4,0.7
1974,2,113.0,-34.0,20.48,21.15,21.56,21.03,4.0,0.76,10.0,0.5,0.7,0.5,20.21,21.0,21.47,20.85,4.0,0.99,10.0,0.5,0.7,0.5,9.18,10.82,11.23,10.22,3.0,1.59,12.0,0.3,0.7,0.4,62.3,66.6,71.3,66.8,3.0,6.7,12.0,0.3,0.4,7.68,10.25,13.14,10.4,4.0,3.21,10.0,0.5,0.7,0.5,-11.05,-5.36,-1.99,-6.47,4.0,5.71,10.0,0.5,0.7,0.5,3.38,7.4,8.6,6.05,4.0,4.16,10.0,0.5,0.7,0.5,1011.95,1017.45,1018.91,1015.53,4.0,5.17,10.0,0.5,0.7,0.5,0.0,1.0,3.6,1.8,4.0,2.4,10.0,0.5,0.7,0.5,-147.5,-60.1,-15.7,-80.6,4.0,84.5,10.0,0.5,0.7,0.5,24.3,57.1,90.8,57.5,4.0,47.6,10.0,0.5,0.7,0.5,-0.57,0.1,0.93,0.18,4.0,1.04,10.0,0.5,0.7,0.5,-7.7,1.4,7.4,-0.1,4.0,10.4,10.0,0.5,0.7,0.5,4.74,5.39,6.47,5.6,3.0,1.28,12.0,0.3,0.7,0.4,46.1,50.2,53.2,49.7,3.0,5.2,12.0,0.3,0.7,0.4,-232.0,-113.7,-42.0,-135.9,4.0,120.0,10.0,0.5,0.7,0.5,65.8,153.5,184.0,126.2,4.0,87.6,10.0,0.5,0.7,0.5,-71.2,-30.3,-16.8,-43.7,3.0,41.5,12.0,0.3,0.7,0.4,67.2,83.4,99.9,83.5,3.0,23.9,12.0,0.3,0.7,0.4,-28.7,-15.1,-10.8,-19.6,3.0,13.7,12.0,0.3,0.7,0.4,41.6,41.8,47.0,44.3,3.0,4.5,12.0,0.3,0.7,0.4,458.0,1206.0,2293.0,1368.0,4.0,1101.0,10.0,0.5,0.7,0.5,460.0,1205.0,2295.0,1370.0,4.0,1100.0,10.0,0.5,0.7,0.5
1974,2,113.0,-33.0,21.1,21.5,22.95,22.0,4.0,1.38,8.0,0.8,0.5,0.8,20.79,22.0,24.24,22.3,5.0,2.38,12.0,0.8,0.4,0.8,11.38,11.6,12.69,12.03,3.0,1.02,10.0,0.7,0.5,0.8,65.3,68.7,88.8,76.8,3.0,18.6,10.0,0.7,0.8,6.52,9.3,9.85,8.46,5.0,1.94,12.0,0.8,0.4,0.8,-3.97,-1.16,0.0,-2.17,5.0,3.37,12.0,0.8,0.4,0.8,5.63,6.6,9.76,7.48,5.0,2.46,12.0,0.8,0.4,0.8,1006.68,1013.0,1018.38,1012.26,5.0,7.43,12.0,0.8,0.4,0.8,1.3,8.0,8.0,5.2,5.0,3.9,12.0,0.8,0.4,0.8,-36.9,-7.8,0.0,-19.5,5.0,31.6,12.0,0.8,0.4,0.8,41.5,44.2,96.7,65.5,5.0,34.2,12.0,0.8,0.4,0.8,-2.19,0.0,1.4,-0.37,4.0,2.69,8.0,0.8,0.5,0.8,-23.5,0.0,9.7,-6.6,4.0,25.7,8.0,0.8,0.5,0.8,3.31,4.98,6.31,4.81,3.0,2.21,10.0,0.7,0.5,0.8,26.3,46.3,58.7,42.6,3.0,24.0,10.0,0.7,0.5,0.8,-89.1,-21.8,0.0,-47.5,5.0,74.3,12.0,0.8,0.4,0.8,115.7,136.4,237.0,170.0,5.0,71.0,12.0,0.8,0.4,0.8,-68.0,-18.7,-16.4,-41.7,3.0,42.7,10.0,0.7,0.5,0.8,63.4,87.0,100.2,81.9,3.0,27.3,10.0,0.7,0.5,0.8,-30.9,-11.2,-5.6,-18.1,3.0,19.5,10.0,0.7,0.5,0.8,18.7,23.2,50.7,34.4,3.0,25.3,10.0,0.7,0.5,0.8,278.0,804.5,970.5,681.5,5.0,420.0,12.0,0.8,0.4,0.8,280.0,805.0,970.0,680.0,5.0,420.0,12.0,0.8,0.4,0.8
1974,2,113.0,-32.0,21.61,21.9,23.87,22.15,8.0,1.65,14.0,0.6,0.5,0.7,20.82,21.5,22.0,21.35,8.0,0.74,14.0,0.6,0.5,0.7,10.91,12.61,13.8,12.57,8.0,1.66,14.0,0.6,0.5,0.7,68.8,79.1,90.3,79.7,8.0,10.3,14.0,0.6,0.7,6.26,9.55,12.13,9.06,8.0,2.78,14.0,0.6,0.5,0.7,-7.93,-1.64,0.0,-3.62,8.0,4.27,14.0,0.6,0.5,0.7,5.18,6.37,9.63,7.34,8.0,2.62,14.0,0.6,0.5,0.7,1010.42,1015.2,1018.47,1014.26,8.0,4.72,14.0,0.6,0.5,0.7,0.0,2.0,4.9,2.4,8.0,2.4,14.0,0.6,0.5,0.7,-75.0,-10.5,0.0,-37.7,8.0,49.6,14.0,0.6,0.5,0.7,36.9,59.9,95.3,70.2,8.0,41.7,14.0,0.6,0.5,0.7,-0.38,0.75,2.16,0.8,8.0,1.76,14.0,0.6,0.5,0.7,-3.7,5.6,26.0,9.2,8.0,18.0,14.0,0.6,0.5,0.7,2.2,3.49,7.66,4.09,8.0,2.83,14.0,0.6,0.5,0.7,11.7,38.3,81.9,42.1,8.0,35.0,14.0,0.6,0.5,0.7,-172.9,-34.3,0.0,-77.4,8.0,92.8,14.0,0.6,0.5,0.7,112.7,136.9,210.0,156.2,8.0,55.0,14.0,0.6,0.5,0.7,-88.4,-22.6,0.0,-40.5,8.0,46.1,14.0,0.6,0.5,0.7,68.1,83.8,116.9,91.7,8.0,33.6,14.0,0.6,0.5,0.7,-53.8,-1.6,0.0,-23.0,8.0,33.3,14.0,0.6,0.5,0.7,11.7,29.9,48.1,30.4,8.0,21.8,14.0,0.6,0.5,0.7,245.5,873.0,1794.0,925.0,8.0,693.5,14.0,0.6,0.5,0.7,245.0,875.0,1795.0,925.0,8.0,695.0,14.0,0.6,0.5,0.7
1974,2,113.0,-31.0,21.79,22.2,23.5,22.63,3.0,1.31,10.0,0.3,0.6,0.7,19.43,21.2,21.75,20.6,3.0,1.78,10.0,0.3,0.6,0.7,9.04,10.21,11.41,10.23,3.0,1.73,10.0,0.3,0.6,0.7,64.6,65.6,70.8,67.7,3.0,4.9,10.0,0.3,0.7,9.46,9.8,12.94,11.17,3.0,2.81,10.0,0.3,0.6,0.7,-3.87,-1.61,-0.51,-2.18,3.0,2.51,10.0,0.3,0.6,0.7,9.36,9.8,12.35,10.83,3.0,2.36,10.0,0.3,0.6,0.7,1015.36,1015.7,1017.61,1016.47,3.0,1.78,10.0,0.3,0.6,0.7,4.3,5.0,5.7,5.0,3.0,1.0,10.0,0.3,0.6,0.7,-53.2,-15.0,-4.8,-28.6,3.0,37.4,10.0,0.3,0.6,0.7,88.6,96.0,163.5,125.4,3.0,60.4,10.0,0.3,0.6,0.7,0.65,2.9,3.38,2.03,3.0,2.14,10.0,0.3,0.6,0.7,8.0,33.5,39.1,23.8,3.0,24.3,10.0,0.3,0.6,0.7,5.32,8.13,8.36,6.87,3.0,2.48,10.0,0.3,0.6,0.7,50.8,75.6,107.2,78.9,3.0,41.4,10.0,0.3,0.6,0.7,-80.8,-30.0,-9.5,-44.8,3.0,53.8,10.0,0.3,0.6,0.7,184.7,215.6,264.2,224.3,3.0,58.7,10.0,0.3,0.6,0.7,-38.7,-13.7,-4.4,-21.3,3.0,26.0,10.0,0.3,0.6,0.7,90.4,117.3,131.6,111.1,3.0,30.6,10.0,0.3,0.6,0.7,-32.6,-13.1,-4.2,-18.3,3.0,21.3,10.0,0.3,0.6,0.7,50.5,74.5,101.8,76.1,3.0,37.6,10.0,0.3,0.6,0.7,848.0,941.0,2337.0,1577.0,3.0,1222.0,10.0,0.3,0.6,0.7,850.0,940.0,2335.0,1575.0,3.0,1220.0,10.0,0.3,0.6,0.7
1974,2,113.0,-30.0,23.17,23.6,23.82,23.43,6.0,0.59,12.0,0.3,0.3,0.3,21.75,23.0,24.03,22.76,7.0,1.34,14.0,0.4,0.4,0.3,11.68,14.0,17.27,13.93,6.0,3.4,12.0,0.3,0.3,0.3,68.2,78.8,93.6,79.3,6.0,15.9,12.0,0.3,0.3,4.08,6.2,17.52,9.11,7.0,6.25,14.0,0.4,0.4,0.3,-6.13,-1.08,0.2,-2.04,7.0,4.3,14.0,0.4,0.4,0.3,2.63,6.11,15.63,7.9,7.0,6.31,14.0,0.4,0.4,0.3,1007.99,1009.9,1014.61,1011.01,7.0,3.94,14.0,0.4,0.4,0.3,0.0,3.0,7.0,3.6,7.0,3.7,14.0,0.4,0.4,0.3,-107.5,-6.7,0.8,-37.8,7.0,67.8,14.0,0.4,0.4,0.3,9.5,37.9,280.9,104.8,7.0,126.4,14.0,0.4,0.4,0.3,-0.29,0.45,1.6,0.55,6.0,1.08,12.0,0.3,0.3,0.3,-1.1,3.5,28.3,10.9,6.0,16.2,12.0,0.3,0.3,0.3,1.24,4.36,6.07,4.09,6.0,2.87,12.0,0.3,0.3,0.3,5.9,33.4,102.6,52.4,6.0,57.4,12.0,0.3,0.3,0.3,-127.9,-24.8,4.3,-44.6,7.0,93.2,14.0,0.4,0.4,0.3,64.9,140.4,339.9,175.2,7.0,132.3,14.0,0.4,0.4,0.3,-64.2,-26.4,0.0,-37.1,6.0,44.9,12.0,0.3,0.3,0.3,71.2,115.0,151.4,115.6,6.0,56.5,12.0,0.3,0.3,0.3,-46.5,-4.5,0.0,-17.5,6.0,23.8,12.0,0.3,0.3,0.3,5.9,31.8,91.1,48.4,6.0,53.4,12.0,0.3,0.3,0.3,68.0,238.5,5382.0,1797.5,7.0,2616.5,14.0,0.4,0.4,0.3,70.0,240.0,5380.0,1800.0,7.0,2615.0,14.0,0.4,0.4,0.3
1974,2,113.0,-29.0,23.32,24.1,24.56,23.98,5.0,0.77,20.0,0.4,0.2,0.5,22.83,24.2,25.62,24.2,5.0,1.56,20.0,0.4,0.2,0.5,13.78,14.67,15.15,14.39,5.0,1.17,20.0,0.4,0.2,0.5,72.4,74.2,80.7,76.2,5.0,4.6,20.0,0.4,0.5,4.73,7.7,11.16,8.12,5.0,4.07,20.0,0.4,0.2,0.5,-5.56,-4.65,-1.81,-3.67,5.0,3.2,20.0,0.4,0.2,0.5,1.93,4.79,10.05,5.77,5.0,5.51,20.0,0.4,0.2,0.5,1006.12,1009.2,1010.5,1008.52,5.0,2.91,20.0,0.4,0.2,0.5,0.0,0.0,3.2,1.6,5.0,3.0,20.0,0.4,0.2,0.5,-58.5,-43.2,-6.8,-34.5,5.0,31.3,20.0,0.4,0.2,0.5,13.4,29.6,118.7,63.6,5.0,78.8,20.0,0.4,0.2,0.5,-1.46,-0.4,0.96,-0.22,5.0,1.54,20.0,0.4,0.2,0.5,-9.0,-2.0,12.5,2.3,5.0,16.5,20.0,0.4,0.2,0.5,3.16,3.55,5.77,4.3,5.0,1.63,20.0,0.4,0.2,0.5,20.2,26.9,52.0,37.5,5.0,32.7,20.0,0.4,0.2,0.5,-127.9,-109.3,-47.4,-86.5,5.0,76.1,20.0,0.4,0.2,0.5,43.4,121.7,233.4,134.0,5.0,125.1,20.0,0.4,0.2,0.5,-80.1,-60.8,-28.0,-52.3,5.0,46.2,20.0,0.4,0.2,0.5,27.9,70.3,138.2,78.8,5.0,71.1,20.0,0.4,0.2,0.5,-26.8,-13.7,-4.1,-14.5,5.0,15.6,20.0,0.4,0.2,0.5,6.8,20.3,48.7,28.7,5.0,35.9,20.0,0.4,0.2,0.5,109.5,456.5,1601.0,889.5,5.0,1208.0,20.0,0.4,0.2,0.5,110.0,455.0,1600.0,890.0,5.0,1210.0,20.0,0.4,0.2,0.5
1974,2,113.0,-28.0,23.0,23.3,24.92,23.79,9.0,1.19,10.0,0.3,0.5,0.5,23.43,24.0,25.0,24.34,11.0,1.37,12.0,0.5,0.5,0.5,13.87,15.55,17.25,15.28,9.0,1.92,10.0,0.3,0.5,0.5,73.9,80.4,90.1,80.6,9.0,10.6,10.0,0.3,0.5,7.99,9.3,14.14,10.74,11.0,3.94,12.0,0.5,0.5,0.5,-6.05,-2.14,-0.47,-2.94,11.0,2.89,12.0,0.5,0.5,0.5,7.19,8.57,14.01,10.06,11.0,3.62,12.0,0.5,0.5,0.5,1007.13,1008.3,1010.98,1008.72,11.0,2.5,12.0,0.5,0.5,0.5,0.0,3.0,7.0,3.5,11.0,3.1,12.0,0.5,0.5,0.5,-63.9,-20.3,-2.2,-37.5,11.0,47.9,12.0,0.5,0.5,0.5,61.9,74.5,200.5,120.6,11.0,83.7,12.0,0.5,0.5,0.5,-1.51,0.0,1.17,-0.51,9.0,2.11,10.0,0.3,0.5,0.5,-11.8,0.0,14.4,0.7,9.0,15.8,10.0,0.3,0.5,0.5,0.81,3.4,5.32,3.21,9.0,2.75,10.0,0.3,0.5,0.5,7.3,26.2,68.7,37.7,9.0,33.6,10.0,0.3,0.5,0.5,-137.3,-52.5,-12.8,-69.4,11.0,65.8,12.0,0.5,0.5,0.5,175.6,214.2,331.1,242.2,11.0,82.2,12.0,0.5,0.5,0.5,-98.7,-33.2,-14.9,-49.0,9.0,44.8,10.0,0.3,0.5,0.5,101.8,129.3,211.4,146.0,9.0,52.5,10.0,0.3,0.5,0.5,-20.2,-9.0,-0.6,-12.1,9.0,15.4,10.0,0.3,0.5,0.5,6.4,24.6,67.7,35.0,9.0,30.8,10.0,0.3,0.5,0.5,512.0,804.5,2920.0,1712.5,11.0,1770.5,12.0,0.5,0.5,0.5,510.0,805.0,2920.0,1715.0,11.0,1770.0,12.0,0.5,0.5,0.5
1974,2,113.0,-27.0,22.1,22.2,24.19,23.1,4.0,1.94,20.0,0.5,0.2,0.5,23.59,24.2,24.34,23.87,6.0,0.93,18.0,0.7,0.3,0.6,13.47,14.16,15.38,14.43,5.0,1.2,18.0,0.6,0.1,0.6,73.7,78.9,81.6,78.0,5.0,4.8,18.0,0.6,0.6,6.27,11.6,14.11,10.55,6.0,4.15,18.0,0.7,0.3,0.6,-4.55,-2.1,-1.09,-2.61,6.0,1.76,18.0,0.7,0.3,0.6,6.17,11.13,13.75,10.18,6.0,3.88,18.0,0.7,0.3,0.6,1007.36,1008.95,1010.0,1008.75,6.0,1.31,18.0,0.7,0.3,0.6,0.0,0.5,6.2,2.3,6.0,3.3,18.0,0.7,0.3,0.6,-60.8,-26.0,-6.9,-32.7,6.0,28.7,18.0,0.7,0.3,0.6,39.4,130.4,194.1,120.8,6.0,77.4,18.0,0.7,0.3,0.6,-2.26,-2.0,1.14,-0.62,4.0,3.09,20.0,0.5,0.2,0.5,-17.2,-12.4,25.7,3.5,4.0,37.6,20.0,0.5,0.2,0.5,1.04,2.48,5.62,3.29,4.0,3.28,20.0,0.5,0.2,0.5,6.7,22.2,76.9,40.9,4.0,52.7,20.0,0.5,0.2,0.5,-108.2,-50.6,-26.4,-61.4,6.0,39.7,18.0,0.7,0.3,0.6,149.6,270.0,312.3,241.2,6.0,87.8,18.0,0.7,0.3,0.6,-64.3,-24.3,-15.7,-36.9,5.0,26.0,18.0,0.6,0.1,0.6,89.2,138.1,176.6,133.3,5.0,47.4,18.0,0.6,0.1,0.6,-23.7,-3.9,-1.2,-12.1,4.0,18.9,20.0,0.5,0.2,0.5,6.6,21.9,72.9,38.9,4.0,49.4,20.0,0.5,0.2,0.5,259.0,1619.5,2814.0,1605.0,6.0,1311.5,18.0,0.7,0.3,0.6,260.0,1620.0,2815.0,1605.0,6.0,1310.0,18.0,0.7,0.3,0.6
1974,2,113.0,-25.0,23.85,25.5,26.12,24.8,7.0,1.95,16.0,0.1,0.0,0.6,23.62,24.7,26.0,24.89,7.0,2.92,16.0,0.1,0.0,0.6,14.86,15.58,16.96,15.81,7.0,1.4,16.0,0.1,0.0,0.6,71.4,82.3,87.3,80.5,7.0,9.0,16.0,0.1,0.6,3.08,7.7,9.47,6.99,7.0,3.74,16.0,0.1,0.0,0.6,-1.68,0.0,1.8,-0.02,7.0,2.89,16.0,0.1,0.0,0.6,3.0,5.9,9.43,6.49,7.0,3.66,16.0,0.1,0.0,0.6,1004.5,1006.2,1009.15,1007.01,7.0,3.5,16.0,0.1,0.0,0.6,0.0,0.0,2.4,1.5,6.0,3.2,18.0,0.2,0.0,0.6,-14.3,0.0,6.9,1.7,7.0,28.5,16.0,0.1,0.0,0.6,9.3,45.4,89.8,56.9,7.0,53.9,16.0,0.1,0.0,0.6,-0.5,0.4,1.4,-0.09,7.0,2.0,16.0,0.1,0.0,0.6,-3.2,1.7,7.0,2.7,7.0,9.0,16.0,0.1,0.0,0.6,2.85,3.53,5.61,3.95,7.0,1.58,16.0,0.1,0.0,0.6,9.3,24.1,53.1,30.0,7.0,24.6,16.0,0.1,0.0,0.6,-39.0,0.0,53.0,4.4,7.0,65.9,16.0,0.1,0.0,0.6,74.4,118.6,242.8,158.7,7.0,90.2,16.0,0.1,0.0,0.6,-25.0,0.0,31.6,1.8,7.0,42.7,16.0,0.1,0.0,0.6,50.9,80.5,141.1,100.1,7.0,54.4,16.0,0.1,0.0,0.6,-5.5,0.0,5.8,2.7,7.0,10.9,16.0,0.1,0.0,0.6,9.1,23.8,52.9,28.5,7.0,24.0,16.0,0.1,0.0,0.6,29.0,456.5,868.5,601.5,7.0,750.0,16.0,0.1,0.0,0.6,30.0,455.0,870.0,600.0,7.0,750.0,16.0,0.1,0.0,0.6
1974,2,113.0,-24.0,23.93,25.6,27.0,25.81,9.0,2.0,16.0,0.8,0.2,0.6,25.78,27.0,28.1,26.88,9.0,1.32,16.0,0.8,0.2,0.6,16.06,17.45,19.49,17.62,9.0,2.06,16.0,0.8,0.2,0.6,72.8,78.1,86.6,79.2,9.0,7.9,16.0,0.8,0.6,3.44,6.45,12.61,7.6,8.0,5.06,18.0,0.8,0.2,0.6,0.13,2.4,6.33,3.04,8.0,3.11,18.0,0.8,0.2,0.6,3.24,6.21,9.66,6.65,8.0,4.57,18.0,0.8,0.2,0.6,1004.05,1004.8,1007.78,1005.92,9.0,2.26,16.0,0.8,0.2,0.6,0.0,0.0,3.2,1.0,9.0,1.7,16.0,0.8,0.2,0.6,0.9,18.9,65.2,32.5,8.0,38.1,18.0,0.8,0.2,0.6,11.7,40.2,122.4,70.2,8.0,77.6,18.0,0.8,0.2,0.6,-3.37,-1.0,0.95,-1.07,9.0,3.06,16.0,0.8,0.2,0.6,-12.7,-1.3,11.9,-0.1,8.0,15.9,18.0,0.8,0.2,0.6,-0.34,3.91,5.66,3.42,9.0,3.28,16.0,0.8,0.2,0.6,2.1,38.5,63.9,36.7,8.0,31.2,18.0,0.8,0.2,0.6,3.4,62.6,163.2,80.2,8.0,83.1,18.0,0.8,0.2,0.6,91.6,158.6,259.7,176.4,8.0,122.8,18.0,0.8,0.2,0.6,2.3,42.7,104.4,49.8,8.0,50.8,18.0,0.8,0.2,0.6,66.0,112.1,156.9,114.5,8.0,77.9,18.0,0.8,0.2,0.6,1.1,14.5,36.7,16.4,8.0,16.2,18.0,0.8,0.2,0.6,2.0,32.5,49.5,31.8,8.0,28.1,18.0,0.8,0.2,0.6,53.0,269.5,2030.0,962.5,8.0,1306.0,18.0,0.8,0.2,0.6,55.0,270.0,2030.0,960.0,8.0,1305.0,18.0,0.8,0.2,0.6
1974,2,113.0,-23.0,24.11,26.1,27.14,25.76,8.0,1.46,14.0,0.8,0.4,0.6,25.76,27.4,28.17,26.94,8.0,1.79,14.0,0.8,0.4,0.6,15.41,17.77,18.68,17.14,8.0,1.59,14.0,0.8,0.4,0.6,69.3,76.4,83.5,76.9,8.0,7.2,14.0,0.8,0.6,5.1,7.95,9.62,8.08,8.0,3.45,14.0,0.8,0.4,0.6,-4.44,1.42,4.3,0.63,8.0,4.32,14.0,0.8,0.4,0.6,2.69,6.55,9.08,6.41,8.0,4.52,14.0,0.8,0.4,0.6,1003.32,1004.8,1008.06,1005.43,8.0,2.49,14.0,0.8,0.4,0.6,0.0,1.0,3.7,1.8,8.0,2.5,14.0,0.8,0.4,0.6,-22.6,11.7,31.7,10.9,8.0,39.3,14.0,0.8,0.4,0.6,14.4,47.9,87.6,64.2,8.0,71.0,14.0,0.8,0.4,0.6,-1.96,-1.25,0.19,-1.17,8.0,1.93,14.0,0.8,0.4,0.6,-12.1,-9.0,1.4,-4.9,8.0,15.7,14.0,0.8,0.4,0.6,1.44,4.2,5.21,3.78,8.0,1.9,14.0,0.8,0.4,0.6,8.3,29.9,56.2,33.9,8.0,25.4,14.0,0.8,0.4,0.6,-123.0,39.9,123.2,20.1,8.0,111.5,14.0,0.8,0.4,0.6,75.2,180.5,247.1,171.4,8.0,118.8,14.0,0.8,0.4,0.6,-71.3,25.9,76.1,14.3,8.0,69.8,14.0,0.8,0.4,0.6,46.9,117.7,150.5,111.5,8.0,80.9,14.0,0.8,0.4,0.6,-20.8,4.6,18.5,1.7,8.0,18.8,14.0,0.8,0.4,0.6,2.4,22.9,53.0,27.4,8.0,27.2,14.0,0.8,0.4,0.6,132.5,504.0,898.0,819.0,8.0,1179.0,14.0,0.8,0.4,0.6,135.0,505.0,900.0,820.0,8.0,1180.0,14.0,0.8,0.4,0.6
1974,2,113.0,-22.0,26.26,27.5,29.37,27.53,6.0,2.48,16.0,0.3,0.5,0.4,26.56,27.0,27.77,27.32,6.0,1.16,16.0,0.3,0.5,0.4,18.51,19.74,21.48,19.96,6.0,1.83,16.0,0.3,0.5,0.4,81.9,86.1,93.8,87.2,6.0,5.7,16.0,0.3,0.4,2.1,3.6,6.76,4.18,6.0,2.2,16.0,0.3,0.5,0.5,-3.14,1.66,4.2,0.86,6.0,4.5,16.0,0.3,0.5,0.5,-0.41,1.16,2.35,0.98,6.0,1.88,16.0,0.3,0.5,0.5,1003.64,1004.9,1005.96,1004.6,6.0,1.7,16.0,0.3,0.5,0.4,0.0,1.0,7.0,2.7,7.0,3.5,16.0,0.3,0.5,0.4,-14.6,3.5,20.8,2.8,6.0,28.5,16.0,0.3,0.5,0.5,-1.3,2.4,11.7,5.3,6.0,10.5,16.0,0.3,0.5,0.5,-1.1,0.2,1.52,0.22,6.0,2.12,16.0,0.3,0.5,0.4,-8.5,0.0,3.2,-2.8,5.0,10.3,14.0,0.4,0.5,0.4,0.58,3.66,5.76,3.43,6.0,3.89,16.0,0.3,0.5,0.4,-0.4,9.1,13.6,6.4,5.0,12.7,14.0,0.4,0.5,0.4,-104.4,35.9,98.8,6.5,5.0,129.4,14.0,0.4,0.5,0.4,-21.5,19.6,61.7,19.6,5.0,56.4,14.0,0.4,0.5,0.4,-81.1,23.8,73.2,2.9,5.0,99.7,14.0,0.4,0.5,0.4,-16.6,13.5,45.1,14.1,5.0,43.4,14.0,0.4,0.5,0.4,-10.4,-6.1,10.9,-0.8,5.0,13.2,14.0,0.4,0.5,0.4,-1.9,4.6,7.1,2.8,5.0,5.3,14.0,0.4,0.5,0.4,9.5,49.5,309.5,127.0,6.0,153.0,16.0,0.3,0.5,0.5,10.0,50.0,310.0,125.0,6.0,155.0,16.0,0.3,0.5,0.5
1974,2,113.0,-21.0,28.5,28.5,28.5,28.5,1.0,0.0,8.0,1.0,0.6,0.5,29.0,29.0,29.0,29.0,1.0,0.0,8.0,1.0,0.6,0.5,25.34,25.34,25.34,25.34,1.0,0.0,8.0,1.0,0.6,0.5,100.0,100.0,100.0,100.0,1.0,0.0,8.0,1.0,0.5,5.1,5.1,5.1,5.1,1.0,0.0,8.0,1.0,0.6,0.5,0.89,0.89,0.89,0.89,1.0,0.0,8.0,1.0,0.6,0.5,5.02,5.02,5.02,5.02,1.0,0.0,8.0,1.0,0.6,0.5,1003.8,1003.8,1003.8,1003.8,1.0,0.0,8.0,1.0,0.6,0.5,1.0,1.0,1.0,1.0,1.0,0.0,8.0,1.0,0.6,0.5,4.5,4.5,4.5,4.5,1.0,0.0,8.0,1.0,0.6,0.5,25.6,25.6,25.6,25.6,1.0,0.0,8.0,1.0,0.6,0.5,-0.5,-0.5,-0.5,-0.5,1.0,0.0,8.0,1.0,0.6,0.5,-2.5,-2.5,-2.5,-2.5,1.0,0.0,8.0,1.0,0.6,0.5,-0.74,-0.74,-0.74,-0.74,1.0,0.0,8.0,1.0,0.6,0.5,-3.8,-3.8,-3.8,-3.8,1.0,0.0,8.0,1.0,0.6,0.5,25.7,25.7,25.7,25.7,1.0,0.0,8.0,1.0,0.6,0.5,145.7,145.7,145.7,145.7,1.0,0.0,8.0,1.0,0.6,0.5,22.4,22.4,22.4,22.4,1.0,0.0,8.0,1.0,0.6,0.5,127.2,127.2,127.2,127.2,1.0,0.0,8.0,1.0,0.6,0.5,-0.7,-0.7,-0.7,-0.7,1.0,0.0,8.0,1.0,0.6,0.5,-3.7,-3.7,-3.7,-3.7,1.0,0.0,8.0,1.0,0.6,0.5,132.5,132.5,132.5,132.5,1.0,0.0,8.0,1.0,0.6,0.5,135.0,135.0,135.0,135.0,1.0,0.0,8.0,1.0,0.6,0.5
1974,2,113.0,-20.0,30.5,30.5,30.5,30.5,1.0,0.0,6.0,0.0,0.8,0.2,26.9,26.9,26.9,26.9,1.0,0.0,6.0,0.0,0.8,0.2,19.34,19.34,19.34,19.34,1.0,0.0,6.0,0.0,0.8,0.2,86.7,86.7,86.7,86.7,1.0,0.0,6.0,0.0,0.2,4.93,5.65,6.37,5.65,2.0,1.48,8.0,0.5,0.8,0.2,-1.12,1.42,3.95,1.42,2.0,5.26,8.0,0.5,0.8,0.2,-2.67,0.16,2.99,0.16,2.0,5.86,8.0,0.5,0.8,0.2,1004.8,1004.8,1004.8,1004.8,1.0,0.0,6.0,0.0,0.8,0.2,5.3,6.0,6.7,6.0,2.0,1.4,8.0,0.5,0.8,0.2,-3.4,11.9,27.3,11.9,2.0,31.8,8.0,0.5,0.8,0.2,-10.8,5.3,21.4,5.3,2.0,33.4,8.0,0.5,0.8,0.2,3.6,3.6,3.6,3.6,1.0,0.0,6.0,0.0,0.8,0.2,24.1,24.1,24.1,24.1,1.0,0.0,6.0,0.0,0.8,0.2,8.29,8.29,8.29,8.29,1.0,0.0,6.0,0.0,0.8,0.2,55.5,55.5,55.5,55.5,1.0,0.0,6.0,0.0,0.8,0.2,138.1,138.1,138.1,138.1,1.0,0.0,6.0,0.0,0.8,0.2,115.8,115.8,115.8,115.8,1.0,0.0,6.0,0.0,0.8,0.2,99.3,99.3,99.3,99.3,1.0,0.0,6.0,0.0,0.8,0.2,83.3,83.3,83.3,83.3,1.0,0.0,6.0,0.0,0.8,0.2,42.6,42.6,42.6,42.6,1.0,0.0,6.0,0.0,0.8,0.2,35.7,35.7,35.7,35.7,1.0,0.0,6.0,0.0,0.8,0.2,129.5,199.0,268.5,199.0,2.0,144.0,8.0,0.5,0.8,0.2,130.0,200.0,270.0,200.0,2.0,145.0,8.0,0.5,0.8,0.2
1974,2,113.0,-19.0,27.58,27.75,27.92,27.75,2.0,0.35,4.0,0.0,0.8,0.4,26.32,27.0,27.68,27.0,2.0,1.41,4.0,0.0,0.8,0.4,15.79,18.51,21.22,18.51,2.0,5.63,4.0,0.0,0.8,0.4,73.1,81.7,90.3,81.7,2.0,17.8,4.0,0.0,0.4,0.41,1.3,2.19,1.3,2.0,1.84,4.0,0.0,0.8,0.4,0.32,1.0,1.68,1.0,2.0,1.41,4.0,0.0,0.8,0.4,0.27,0.84,1.41,0.84,2.0,1.18,4.0,0.0,0.8,0.4,1005.14,1006.3,1007.46,1006.3,2.0,2.4,4.0,0.0,0.8,0.4,0.2,0.5,0.8,0.5,2.0,0.7,4.0,0.0,0.8,0.4,0.8,2.6,4.4,2.6,2.0,3.7,4.0,0.0,0.8,0.4,0.7,2.2,3.7,2.2,2.0,3.1,4.0,0.0,0.8,0.4,-0.1,0.75,1.6,0.75,2.0,1.77,4.0,0.0,0.8,0.4,-1.1,-0.6,-0.2,-0.6,2.0,0.9,4.0,0.0,0.8,0.4,2.04,4.97,7.9,4.97,2.0,6.07,4.0,0.0,0.8,0.4,0.3,0.9,1.5,0.9,2.0,1.2,4.0,0.0,0.8,0.4,8.9,27.9,46.9,27.9,2.0,39.4,4.0,0.0,0.8,0.4,7.4,23.4,39.4,23.4,2.0,33.1,4.0,0.0,0.8,0.4,7.1,22.4,37.7,22.4,2.0,31.7,4.0,0.0,0.8,0.4,6.0,18.8,31.6,18.8,2.0,26.6,4.0,0.0,0.8,0.4,0.2,0.7,1.1,0.7,2.0,1.0,4.0,0.0,0.8,0.4,0.2,0.6,1.0,0.6,2.0,0.8,4.0,0.0,0.8,0.4,3.0,9.0,15.0,9.0,2.0,12.5,4.0,0.0,0.8,0.4,5.0,10.0,15.0,10.0,2.0,10.0,4.0,0.0,0.8,0.4
1974,2,113.0,-18.0,,,,,,,,,,,,,,,,,,,,,,,,,,,,,,,,,,,,,,,,4.1,4.1,4.1,4.1,1.0,0.0,24.0,1.0,0.5,0.1,-1.4,-1.4,-1.4,-1.4,1.0,0.0,24.0,1.0,0.5,0.1,3.85,3.85,3.85,3.85,1.0,0.0,24.0,1.0,0.5,0.1,1010.3,1010.3,1010.3,1010.3,1.0,0.0,24.0,1.0,0.5,0.1,8.0,8.0,8.0,8.0,1.0,0.0,24.0,1.0,0.5,0.1,-5.7,-5.7,-5.7,-5.7,1.0,0.0,24.0,1.0,0.5,0.1,15.8,15.8,15.8,15.8,1.0,0.0,24.0,1.0,0.5,0.1,,,,,,,,,,,,,,,,,,,,,,,,,,,,,,,,,,,,,,,,,-33.8,-33.8,-33.8,-33.8,1.0,0.0,24.0,1.0,0.5,0.1,92.9,92.9,92.9,92.9,1.0,0.0,24.0,1.0,0.5,0.1,-24.6,-24.6,-24.6,-24.6,1.0,0.0,24.0,1.0,0.5,0.1,67.6,67.6,67.6,67.6,1.0,0.0,24.0,1.0,0.5,0.1,,,,,,,,,,,,,,,,,,,,,,,,,,,,,,,,,,,,,,,,
1974,2,113.0,-11.0,28.0,28.0,28.0,28.0,1.0,0.0,14.0,1.0,0.2,0.2,27.9,27.9,27.9,27.9,1.0,0.0,14.0,1.0,0.2,0.2,15.55,15.55,15.55,15.55,1.0,0.0,14.0,1.0,0.2,0.2,66.1,66.1,66.1,66.1,1.0,0.0,14.0,1.0,0.2,9.3,9.3,9.3,9.3,1.0,0.0,14.0,1.0,0.2,0.2,9.3,9.3,9.3,9.3,1.0,0.0,14.0,1.0,0.2,0.2,0.0,0.0,0.0,0.0,1.0,0.0,14.0,1.0,0.2,0.2,1008.6,1008.6,1008.6,1008.6,1.0,0.0,14.0,1.0,0.2,0.2,6.0,6.0,6.0,6.0,1.0,0.0,14.0,1.0,0.2,0.2,86.5,86.5,86.5,86.5,1.0,0.0,14.0,1.0,0.2,0.2,0.0,0.0,0.0,0.0,1.0,0.0,14.0,1.0,0.2,0.2,0.1,0.1,0.1,0.1,1.0,0.0,14.0,1.0,0.2,0.2,0.9,0.9,0.9,0.9,1.0,0.0,14.0,1.0,0.2,0.2,8.22,8.22,8.22,8.22,1.0,0.0,14.0,1.0,0.2,0.2,76.5,76.5,76.5,76.5,1.0,0.0,14.0,1.0,0.2,0.2,259.5,259.5,259.5,259.5,1.0,0.0,14.0,1.0,0.2,0.2,0.0,0.0,0.0,0.0,1.0,0.0,14.0,1.0,0.2,0.2,144.6,144.6,144.6,144.6,1.0,0.0,14.0,1.0,0.2,0.2,0.0,0.0,0.0,0.0,1.0,0.0,14.0,1.0,0.2,0.2,76.5,76.5,76.5,76.5,1.0,0.0,14.0,1.0,0.2,0.2,0.0,0.0,0.0,0.0,1.0,0.0,14.0,1.0,0.2,0.2,804.5,804.5,804.5,804.5,1.0,0.0,14.0,1.0,0.2,0.2,805.0,805.0,805.0,805.0,1.0,0.0,14.0,1.0,0.2,0.2
1974,2,113.0,-9.0,26.8,26.8,26.8,26.8,1.0,0.0,20.0,1.0,0.1,0.3,25.4,25.4,25.4,25.4,1.0,0.0,20.0,1.0,0.1,0.3,17.69,17.69,17.69,17.69,1.0,0.0,20.0,1.0,0.1,0.3,87.1,87.1,87.1,87.1,1.0,0.0,20.0,1.0,0.3,7.7,7.7,7.7,7.7,1.0,0.0,20.0,1.0,0.1,0.3,7.7,7.7,7.7,7.7,1.0,0.0,20.0,1.0,0.1,0.3,0.0,0.0,0.0,0.0,1.0,0.0,20.0,1.0,0.1,0.3,1009.0,1009.0,1009.0,1009.0,1.0,0.0,20.0,1.0,0.1,0.3,8.0,8.0,8.0,8.0,1.0,0.0,20.0,1.0,0.1,0.3,59.3,59.3,59.3,59.3,1.0,0.0,20.0,1.0,0.1,0.3,0.0,0.0,0.0,0.0,1.0,0.0,20.0,1.0,0.1,0.3,1.4,1.4,1.4,1.4,1.0,0.0,20.0,1.0,0.1,0.3,10.8,10.8,10.8,10.8,1.0,0.0,20.0,1.0,0.1,0.3,4.43,4.43,4.43,4.43,1.0,0.0,20.0,1.0,0.1,0.3,34.1,34.1,34.1,34.1,1.0,0.0,20.0,1.0,0.1,0.3,195.6,195.6,195.6,195.6,1.0,0.0,20.0,1.0,0.1,0.3,0.0,0.0,0.0,0.0,1.0,0.0,20.0,1.0,0.1,0.3,136.2,136.2,136.2,136.2,1.0,0.0,20.0,1.0,0.1,0.3,0.0,0.0,0.0,0.0,1.0,0.0,20.0,1.0,0.1,0.3,34.1,34.1,34.1,34.1,1.0,0.0,20.0,1.0,0.1,0.3,0.0,0.0,0.0,0.0,1.0,0.0,20.0,1.0,0.1,0.3,456.5,456.5,456.5,456.5,1.0,0.0,20.0,1.0,0.1,0.3,455.0,455.0,455.0,455.0,1.0,0.0,20.0,1.0,0.1,0.3
1974,2,113.0,-7.0,26.54,27.2,28.0,27.33,8.0,0.7,16.0,0.5,0.6,0.7,26.05,27.0,27.2,26.73,9.0,0.71,14.0,0.6,0.6,0.7,18.25,18.91,19.69,19.04,9.0,1.15,14.0,0.6,0.6,0.7,82.5,84.2,92.9,86.5,9.0,5.1,14.0,0.6,0.7,4.66,6.95,7.64,6.1,8.0,1.83,16.0,0.5,0.6,0.7,4.56,6.24,6.63,5.46,8.0,1.95,16.0,0.5,0.6,0.7,-3.6,-2.02,-0.86,-1.87,8.0,2.02,16.0,0.5,0.6,0.7,1006.71,1008.2,1008.84,1007.72,9.0,1.27,14.0,0.6,0.6,0.7,3.8,7.0,7.7,6.1,9.0,2.1,14.0,0.6,0.6,0.7,21.2,43.5,50.6,36.3,8.0,18.4,16.0,0.5,0.6,0.7,-25.9,-12.8,-4.3,-14.2,8.0,12.4,16.0,0.5,0.6,0.7,-0.46,0.65,1.09,0.53,8.0,0.89,16.0,0.5,0.6,0.7,-3.5,2.5,6.6,2.8,8.0,6.2,16.0,0.5,0.6,0.7,2.91,3.95,4.64,3.87,8.0,0.82,16.0,0.5,0.6,0.7,15.2,23.6,29.7,23.0,8.0,7.0,16.0,0.5,0.6,0.7,124.0,161.3,183.5,146.2,8.0,52.3,16.0,0.5,0.6,0.7,-96.8,-52.9,-23.3,-50.2,8.0,54.2,16.0,0.5,0.6,0.7,87.5,112.8,125.4,103.8,8.0,36.9,16.0,0.5,0.6,0.7,-70.9,-38.3,-16.3,-36.0,8.0,37.8,16.0,0.5,0.6,0.7,14.4,21.8,25.7,20.4,8.0,7.4,16.0,0.5,0.6,0.7,-14.3,-7.7,-3.6,-6.8,8.0,8.4,16.0,0.5,0.6,0.7,101.5,337.0,447.5,276.0,8.0,170.5,16.0,0.5,0.6,0.7,100.0,335.0,445.0,275.0,8.0,170.0,16.0,0.5,0.6,0.7
1974,2,113.0,-6.0,27.1,27.1,27.1,27.1,1.0,0.0,10.0,1.0,0.4,0.1,26.5,26.5,26.5,26.5,1.0,0.0,10.0,1.0,0.4,0.1,17.83,17.83,17.83,17.83,1.0,0.0,10.0,1.0,0.4,0.1,82.1,82.1,82.1,82.1,1.0,0.0,10.0,1.0,0.1,6.2,6.2,6.2,6.2,1.0,0.0,10.0,1.0,0.4,0.1,6.11,6.11,6.11,6.11,1.0,0.0,10.0,1.0,0.4,0.1,-1.08,-1.08,-1.08,-1.08,1.0,0.0,10.0,1.0,0.4,0.1,1007.2,1007.2,1007.2,1007.2,1.0,0.0,10.0,1.0,0.4,0.1,8.0,8.0,8.0,8.0,1.0,0.0,10.0,1.0,0.4,0.1,37.9,37.9,37.9,37.9,1.0,0.0,10.0,1.0,0.4,0.1,-6.7,-6.7,-6.7,-6.7,1.0,0.0,10.0,1.0,0.4,0.1,0.6,0.6,0.6,0.6,1.0,0.0,10.0,1.0,0.4,0.1,3.7,3.7,3.7,3.7,1.0,0.0,10.0,1.0,0.4,0.1,4.73,4.73,4.73,4.73,1.0,0.0,10.0,1.0,0.4,0.1,29.3,29.3,29.3,29.3,1.0,0.0,10.0,1.0,0.4,0.1,161.8,161.8,161.8,161.8,1.0,0.0,10.0,1.0,0.4,0.1,-28.5,-28.5,-28.5,-28.5,1.0,0.0,10.0,1.0,0.4,0.1,108.9,108.9,108.9,108.9,1.0,0.0,10.0,1.0,0.4,0.1,-19.2,-19.2,-19.2,-19.2,1.0,0.0,10.0,1.0,0.4,0.1,28.9,28.9,28.9,28.9,1.0,0.0,10.0,1.0,0.4,0.1,-5.1,-5.1,-5.1,-5.1,1.0,0.0,10.0,1.0,0.4,0.1,238.5,238.5,238.5,238.5,1.0,0.0,10.0,1.0,0.4,0.1,240.0,240.0,240.0,240.0,1.0,0.0,10.0,1.0,0.4,0.1
1974,2,113.0,4.0,25.0,26.0,27.0,26.02,13.0,1.07,12.0,0.7,0.4,0.6,25.12,26.1,26.99,26.19,14.0,0.96,12.0,0.7,0.4,0.5,17.25,17.87,18.55,17.89,12.0,0.85,12.0,0.7,0.4,0.6,80.5,84.9,88.6,84.7,12.0,5.3,12.0,0.7,0.6,2.16,6.2,10.2,6.06,14.0,3.67,12.0,0.7,0.4,0.5,-5.28,-1.88,-0.95,-2.7,14.0,2.92,12.0,0.7,0.4,0.5,-7.91,-4.37,-0.35,-4.05,14.0,4.34,12.0,0.7,0.4,0.5,1007.38,1009.0,1010.84,1008.95,13.0,2.11,12.0,0.7,0.4,0.6,7.0,7.0,8.0,7.2,14.0,0.7,12.0,0.7,0.4,0.5,-32.7,-12.1,-1.1,-22.6,14.0,32.8,12.0,0.7,0.4,0.5,-80.8,-24.3,-0.4,-35.6,14.0,41.5,12.0,0.7,0.4,0.5,-1.02,0.2,0.91,-0.1,13.0,1.26,12.0,0.7,0.4,0.6,-11.2,0.4,4.7,-1.4,13.0,8.1,12.0,0.7,0.4,0.6,2.33,3.36,4.44,3.17,12.0,1.35,12.0,0.7,0.4,0.6,3.3,18.9,28.9,18.3,12.0,14.8,12.0,0.7,0.4,0.6,-147.8,-49.6,-26.1,-71.1,14.0,76.9,12.0,0.7,0.4,0.5,-208.7,-112.6,-9.7,-104.4,14.0,111.4,12.0,0.7,0.4,0.5,-100.2,-33.3,-13.7,-47.0,12.0,53.8,12.0,0.7,0.4,0.6,-139.0,-78.0,-5.0,-71.1,12.0,80.1,12.0,0.7,0.4,0.6,-12.7,-5.3,0.1,-7.5,12.0,11.7,12.0,0.7,0.4,0.6,-28.0,-15.5,-1.3,-14.7,12.0,12.3,12.0,0.7,0.4,0.6,10.5,238.5,1065.5,447.0,14.0,551.0,12.0,0.7,0.4,0.5,10.0,240.0,1065.0,445.0,14.0,550.0,12.0,0.7,0.4,0.5
1974,2,113.0,5.0,27.16,27.5,27.84,27.5,2.0,0.71,16.0,0.5,0.6,0.2,25.16,25.5,25.84,25.5,2.0,0.71,28.0,0.5,0.8,0.3,17.87,17.87,17.87,17.87,1.0,0.0,28.0,0.0,0.9,0.3,85.1,85.1,85.1,85.1,1.0,0.0,28.0,0.0,0.3,1.14,3.6,6.06,3.6,3.0,3.6,20.0,0.7,0.6,0.3,-3.76,0.0,1.58,-1.07,3.0,4.02,20.0,0.7,0.6,0.3,-4.03,-2.76,-0.88,-2.46,3.0,2.33,20.0,0.7,0.6,0.3,1008.98,1010.0,1010.68,1009.83,3.0,1.26,20.0,0.7,0.6,0.3,1.9,6.0,7.4,4.7,3.0,4.2,20.0,0.7,0.6,0.3,-27.1,0.0,5.7,-10.5,3.0,25.7,20.0,0.7,0.6,0.3,-25.9,-9.9,-3.2,-14.4,3.0,17.1,20.0,0.7,0.6,0.3,2.0,2.0,2.0,2.0,1.0,0.0,28.0,0.0,0.9,0.3,14.4,14.4,14.4,14.4,1.0,0.0,28.0,0.0,0.9,0.3,5.84,5.84,5.84,5.84,1.0,0.0,28.0,0.0,0.9,0.3,42.1,42.1,42.1,42.1,1.0,0.0,28.0,0.0,0.9,0.3,-111.5,-42.8,25.9,-42.8,2.0,142.3,28.0,0.5,0.8,0.3,-112.2,-94.6,-77.1,-94.6,2.0,36.3,28.0,0.5,0.8,0.3,-98.6,-98.6,-98.6,-98.6,1.0,0.0,28.0,0.0,0.9,0.3,-82.7,-82.7,-82.7,-82.7,1.0,0.0,28.0,0.0,0.9,0.3,-32.2,-32.2,-32.2,-32.2,1.0,0.0,28.0,0.0,0.9,0.3,-27.0,-27.0,-27.0,-27.0,1.0,0.0,28.0,0.0,0.9,0.3,15.0,46.5,269.5,140.0,3.0,203.5,20.0,0.7,0.6,0.3,15.0,45.0,270.0,140.0,3.0,205.0,20.0,0.7,0.6,0.3
1974,2,113.0,9.0,28.1,28.1,28.1,28.1,1.0,0.0,2.0,1.0,0.1,0.1,28.2,28.2,28.2,28.2,1.0,0.0,2.0,1.0,0.1,0.1,18.72,18.72,18.72,18.72,1.0,0.0,2.0,1.0,0.1,0.1,78.0,78.0,78.0,78.0,1.0,0.0,2.0,1.0,0.1,8.7,8.7,8.7,8.7,1.0,0.0,2.0,1.0,0.1,0.1,-8.57,-8.57,-8.57,-8.57,1.0,0.0,2.0,1.0,0.1,0.1,1.51,1.51,1.51,1.51,1.0,0.0,2.0,1.0,0.1,0.1,1007.1,1007.1,1007.1,1007.1,1.0,0.0,2.0,1.0,0.1,0.1,2.0,2.0,2.0,2.0,1.0,0.0,2.0,1.0,0.1,0.1,-74.5,-74.5,-74.5,-74.5,1.0,0.0,2.0,1.0,0.1,0.1,13.1,13.1,13.1,13.1,1.0,0.0,2.0,1.0,0.1,0.1,-0.1,-0.1,-0.1,-0.1,1.0,0.0,2.0,1.0,0.1,0.1,-0.9,-0.9,-0.9,-0.9,1.0,0.0,2.0,1.0,0.1,0.1,5.22,5.22,5.22,5.22,1.0,0.0,2.0,1.0,0.1,0.1,45.4,45.4,45.4,45.4,1.0,0.0,2.0,1.0,0.1,0.1,-241.6,-241.6,-241.6,-241.6,1.0,0.0,2.0,1.0,0.1,0.1,42.6,42.6,42.6,42.6,1.0,0.0,2.0,1.0,0.1,0.1,-160.4,-160.4,-160.4,-160.4,1.0,0.0,2.0,1.0,0.1,0.1,28.3,28.3,28.3,28.3,1.0,0.0,2.0,1.0,0.1,0.1,-44.7,-44.7,-44.7,-44.7,1.0,0.0,2.0,1.0,0.1,0.1,7.9,7.9,7.9,7.9,1.0,0.0,2.0,1.0,0.1,0.1,658.5,658.5,658.5,658.5,1.0,0.0,2.0,1.0,0.1,0.1,660.0,660.0,660.0,660.0,1.0,0.0,2.0,1.0,0.1,0.1
1974,2,113.0,10.0,25.21,25.65,26.09,25.65,2.0,0.92,20.0,1.0,0.1,0.7,23.9,24.75,25.6,24.75,2.0,1.77,20.0,1.0,0.1,0.7,16.32,17.28,18.24,17.28,2.0,1.99,20.0,1.0,0.1,0.7,88.1,88.4,88.6,88.4,2.0,0.5,20.0,1.0,0.7,3.47,7.7,11.93,7.7,2.0,8.77,20.0,1.0,0.1,0.7,-4.23,-3.12,-2.0,-3.12,2.0,2.32,20.0,1.0,0.1,0.7,-10.95,-6.4,-1.85,-6.4,2.0,9.42,20.0,1.0,0.1,0.7,1009.62,1010.95,1012.28,1010.95,2.0,2.76,20.0,1.0,0.1,0.7,3.0,5.0,7.0,5.0,2.0,4.2,20.0,1.0,0.1,0.7,-55.9,-34.1,-12.4,-34.1,2.0,45.2,20.0,1.0,0.1,0.7,-152.7,-90.6,-28.5,-90.6,2.0,128.7,20.0,1.0,0.1,0.7,0.49,0.9,1.31,0.9,2.0,0.85,20.0,1.0,0.1,0.7,3.7,10.7,17.6,10.7,2.0,14.4,20.0,1.0,0.1,0.7,2.96,3.35,3.73,3.35,2.0,0.8,20.0,1.0,0.1,0.7,12.1,29.3,46.4,29.3,2.0,35.5,20.0,1.0,0.1,0.7,-100.1,-75.1,-50.0,-75.1,2.0,51.8,20.0,1.0,0.1,0.7,-257.2,-150.1,-43.0,-150.1,2.0,221.8,20.0,1.0,0.1,0.7,-67.8,-51.5,-35.2,-51.5,2.0,33.8,20.0,1.0,0.1,0.7,-173.6,-101.2,-28.8,-101.2,2.0,150.0,20.0,1.0,0.1,0.7,-16.3,-11.3,-6.4,-11.3,2.0,10.2,20.0,1.0,0.1,0.7,-42.8,-25.2,-7.5,-25.2,2.0,36.6,20.0,1.0,0.1,0.7,429.0,1344.5,2260.0,1344.5,2.0,1896.5,20.0,1.0,0.1,0.7,430.0,1345.0,2260.0,1345.0,2.0,1895.0,20.0,1.0,0.1,0.7
1974,2,113.0,11.0,24.46,25.75,26.82,25.77,30.0,1.04,16.0,0.5,0.3,0.6,25.0,25.6,27.29,26.14,33.0,1.5,16.0,0.5,0.3,0.6,15.15,17.54,18.69,17.28,30.0,1.59,16.0,0.5,0.3,0.6,76.3,82.0,88.8,82.0,30.0,6.6,16.0,0.5,0.6,4.22,8.2,12.3,8.52,34.0,4.06,16.0,0.5,0.3,0.6,-7.11,-3.86,-2.37,-4.06,34.0,2.57,16.0,0.5,0.3,0.6,-11.87,-7.18,-0.95,-6.72,34.0,4.6,16.0,0.5,0.3,0.6,1008.92,1011.0,1013.16,1011.08,35.0,2.61,16.0,0.5,0.3,0.6,2.4,5.0,8.0,5.1,35.0,2.6,16.0,0.5,0.3,0.6,-67.2,-29.6,-9.4,-39.0,34.0,37.2,16.0,0.5,0.3,0.6,-144.7,-62.2,-2.9,-74.0,34.0,67.0,16.0,0.5,0.3,0.6,-1.46,0.0,1.0,-0.36,29.0,1.9,16.0,0.5,0.3,0.6,-18.1,0.0,8.9,-4.0,28.0,17.4,16.0,0.5,0.3,0.6,0.86,3.58,5.16,3.35,28.0,1.95,16.0,0.5,0.3,0.6,5.9,17.3,55.7,28.2,27.0,26.9,16.0,0.5,0.3,0.6,-188.1,-100.9,-58.9,-107.0,32.0,67.9,16.0,0.5,0.3,0.6,-300.6,-181.7,-20.6,-171.8,32.0,120.7,16.0,0.5,0.3,0.6,-113.1,-70.1,-43.6,-70.0,29.0,43.6,16.0,0.5,0.3,0.6,-188.3,-137.1,-18.3,-116.8,29.0,76.4,16.0,0.5,0.3,0.6,-27.8,-11.1,-2.0,-14.7,27.0,13.8,16.0,0.5,0.3,0.6,-48.2,-13.2,-1.8,-22.2,27.0,25.1,16.0,0.5,0.3,0.6,75.5,551.5,1861.0,1023.5,34.0,1115.5,16.0,0.5,0.3,0.6,75.0,550.0,1860.0,1025.0,34.0,1115.0,16.0,0.5,0.3,0.6
1974,2,113.0,12.0,24.8,26.0,27.0,25.91,64.0,1.17,14.0,0.6,0.4,0.4,24.34,25.8,27.0,25.81,69.0,1.54,14.0,0.6,0.4,0.4,14.96,16.91,18.52,16.76,61.0,1.71,12.0,0.6,0.4,0.4,74.2,80.3,88.4,81.0,62.0,7.7,12.0,0.6,0.4,4.6,9.3,13.0,8.83,69.0,3.95,14.0,0.6,0.4,0.4,-6.49,-4.1,-1.61,-3.99,69.0,2.52,14.0,0.6,0.4,0.4,-11.64,-7.12,-3.85,-7.44,69.0,4.0,14.0,0.6,0.4,0.4,1010.05,1012.5,1014.15,1012.26,67.0,2.13,12.0,0.6,0.4,0.4,2.0,5.0,8.0,5.0,68.0,2.4,14.0,0.6,0.4,0.4,-77.0,-36.0,-7.1,-41.6,69.0,38.1,14.0,0.6,0.4,0.4,-157.7,-66.3,-19.9,-80.4,69.0,65.7,14.0,0.6,0.4,0.4,-1.5,0.5,1.8,0.21,64.0,1.76,14.0,0.6,0.4,0.4,-11.3,2.3,20.1,2.9,64.0,15.9,14.0,0.6,0.4,0.4,2.01,4.17,6.08,4.16,58.0,1.91,12.0,0.6,0.4,0.5,12.4,29.5,81.0,39.7,58.0,29.8,12.0,0.6,0.4,0.5,-162.2,-102.9,-41.8,-102.0,69.0,64.5,14.0,0.6,0.4,0.4,-284.2,-192.4,-99.0,-189.9,69.0,99.4,14.0,0.6,0.4,0.4,-101.1,-64.5,-28.5,-62.0,61.0,38.3,12.0,0.6,0.4,0.4,-188.6,-122.3,-75.8,-122.3,61.0,63.1,12.0,0.6,0.4,0.4,-31.2,-15.1,-5.4,-17.5,58.0,13.0,12.0,0.6,0.4,0.5,-70.2,-24.9,-6.6,-34.4,58.0,28.2,12.0,0.6,0.4,0.5,97.5,804.5,2201.0,1098.5,69.0,1158.5,14.0,0.6,0.4,0.4,95.0,805.0,2200.0,1100.0,69.0,1160.0,14.0,0.6,0.4,0.4
1974,2,113.0,13.0,25.0,25.6,26.61,25.66,29.0,0.93,16.0,0.6,0.6,0.4,24.0,25.05,26.68,25.37,30.0,1.28,16.0,0.5,0.6,0.4,14.16,16.38,17.91,16.21,25.0,1.93,16.0,0.6,0.6,0.4,73.0,82.6,86.3,80.3,25.0,6.6,16.0,0.6,0.4,4.02,10.55,14.48,9.55,32.0,4.7,16.0,0.5,0.6,0.4,-7.7,-4.22,-1.56,-4.66,32.0,3.04,16.0,0.5,0.6,0.4,-12.54,-8.3,-2.96,-7.73,32.0,4.8,16.0,0.5,0.6,0.4,1010.36,1012.9,1014.7,1012.47,31.0,2.53,16.0,0.5,0.6,0.4,2.8,6.0,8.0,5.4,31.0,2.5,16.0,0.5,0.6,0.4,-118.6,-38.0,-7.1,-55.0,32.0,47.3,16.0,0.5,0.6,0.4,-182.4,-81.3,-14.8,-94.3,32.0,75.2,16.0,0.5,0.6,0.4,-0.91,0.3,1.64,0.39,28.0,1.26,16.0,0.5,0.6,0.4,-3.3,1.3,20.9,7.0,28.0,14.6,16.0,0.5,0.6,0.4,2.8,4.22,6.53,4.61,23.0,1.95,18.0,0.6,0.6,0.4,17.6,44.4,90.5,53.9,23.0,38.9,18.0,0.6,0.6,0.4,-194.0,-107.3,-46.1,-117.5,30.0,76.2,16.0,0.5,0.6,0.4,-316.3,-213.8,-64.0,-194.8,30.0,120.7,16.0,0.5,0.6,0.4,-117.7,-74.9,-34.3,-75.0,25.0,38.5,16.0,0.6,0.6,0.4,-193.7,-156.1,-46.9,-129.4,25.0,79.6,16.0,0.6,0.6,0.4,-49.8,-19.5,-5.1,-26.4,23.0,23.3,18.0,0.6,0.6,0.4,-76.0,-42.5,-11.8,-45.2,23.0,33.8,18.0,0.6,0.6,0.4,66.0,1176.0,3039.5,1450.0,32.0,1349.5,16.0,0.5,0.6,0.4,65.0,1175.0,3040.0,1450.0,32.0,1350.0,16.0,0.5,0.6,0.4
1974,2,113.0,14.0,23.17,24.4,25.22,24.2,3.0,1.51,20.0,0.3,0.4,0.5,22.75,23.3,23.64,23.2,3.0,0.66,20.0,0.3,0.4,0.5,13.57,16.15,16.52,15.07,3.0,2.35,20.0,0.3,0.4,0.5,78.9,90.7,90.8,84.9,3.0,10.0,20.0,0.3,0.5,4.38,8.2,8.54,6.5,3.0,3.39,20.0,0.3,0.4,0.5,-4.27,-4.1,0.47,-1.95,3.0,3.94,20.0,0.3,0.4,0.5,-7.4,-7.1,-2.25,-4.88,3.0,4.23,20.0,0.3,0.4,0.5,1012.26,1013.9,1015.74,1014.0,3.0,2.55,20.0,0.3,0.4,0.5,1.6,5.0,7.0,4.3,3.0,4.0,20.0,0.3,0.4,0.5,-36.5,-33.6,-6.1,-21.6,3.0,24.6,20.0,0.3,0.4,0.5,-63.2,-58.2,-18.5,-41.3,3.0,35.9,20.0,0.3,0.4,0.5,0.26,0.6,1.76,1.0,3.0,1.15,20.0,0.3,0.4,0.5,2.2,5.2,5.7,4.0,3.0,2.8,20.0,0.3,0.4,0.5,3.02,4.34,4.55,3.8,3.0,1.22,20.0,0.3,0.4,0.5,14.3,20.9,32.7,23.4,3.0,13.6,20.0,0.3,0.4,0.5,-99.9,-92.2,12.1,-45.1,3.0,91.7,20.0,0.3,0.4,0.5,-173.1,-159.8,-50.7,-113.0,3.0,98.4,20.0,0.3,0.4,0.5,-65.7,-50.7,12.6,-27.1,3.0,60.8,20.0,0.3,0.4,0.5,-113.8,-87.9,-27.9,-71.2,3.0,64.5,20.0,0.3,0.4,0.5,-16.3,-10.5,4.4,-6.1,3.0,15.6,20.0,0.3,0.4,0.5,-28.3,-18.1,-5.7,-17.0,3.0,16.5,20.0,0.3,0.4,0.5,187.0,551.5,624.5,409.0,3.0,343.5,20.0,0.3,0.4,0.5,185.0,550.0,625.0,410.0,3.0,345.0,20.0,0.3,0.4,0.5
1974,2,113.0,15.0,23.24,24.25,25.37,24.55,16.0,1.41,14.0,0.4,0.1,0.6,22.34,23.5,25.0,23.59,19.0,1.87,16.0,0.5,0.1,0.6,12.0,14.24,15.98,14.12,17.0,2.4,14.0,0.4,0.1,0.6,71.6,79.2,86.5,79.1,17.0,9.2,14.0,0.4,0.6,3.53,8.2,13.04,8.68,19.0,4.45,16.0,0.5,0.1,0.6,-6.67,-4.33,-2.22,-4.24,19.0,3.15,16.0,0.5,0.1,0.6,-11.26,-7.2,-2.19,-6.79,19.0,4.67,16.0,0.5,0.1,0.6,1011.51,1013.9,1016.33,1013.92,19.0,2.63,16.0,0.5,0.1,0.6,2.0,7.0,8.0,5.8,19.0,2.6,16.0,0.5,0.1,0.6,-81.4,-34.4,-5.8,-43.1,19.0,45.8,16.0,0.5,0.1,0.6,-147.4,-51.8,-8.0,-77.5,19.0,71.9,16.0,0.5,0.1,0.6,-0.09,0.95,2.74,0.98,16.0,1.74,14.0,0.4,0.1,0.6,-0.7,7.5,24.2,10.6,16.0,16.7,14.0,0.4,0.1,0.6,3.41,4.89,7.04,5.26,15.0,2.08,14.0,0.4,0.1,0.7,15.0,44.9,80.2,49.5,15.0,35.7,14.0,0.4,0.1,0.7,-147.5,-115.9,-55.5,-99.8,19.0,69.8,16.0,0.5,0.1,0.6,-250.7,-180.0,-52.5,-154.1,19.0,101.2,16.0,0.5,0.1,0.6,-91.7,-74.0,-40.9,-63.9,17.0,37.5,14.0,0.4,0.1,0.6,-149.1,-88.5,-28.9,-92.0,17.0,62.9,14.0,0.4,0.1,0.6,-31.9,-17.6,-9.5,-20.8,15.0,24.0,14.0,0.4,0.1,0.7,-74.1,-34.4,-8.0,-40.4,15.0,33.2,14.0,0.4,0.1,0.7,44.0,551.5,2224.0,1143.0,19.0,1217.0,16.0,0.5,0.1,0.6,45.0,550.0,2225.0,1145.0,19.0,1215.0,16.0,0.5,0.1,0.6
1974,2,113.0,16.0,23.3,24.0,26.55,24.74,26.0,1.81,16.0,0.5,0.4,0.5,21.5,23.8,25.17,23.41,27.0,1.68,16.0,0.5,0.4,0.5,13.38,15.07,17.44,15.23,24.0,2.05,16.0,0.5,0.4,0.5,77.9,84.3,91.9,84.8,24.0,7.0,16.0,0.5,0.5,2.6,5.85,13.92,7.48,26.0,4.55,16.0,0.5,0.4,0.5,-6.71,-4.11,-2.24,-4.52,26.0,2.49,16.0,0.5,0.4,0.5,-11.8,-3.94,-1.26,-5.04,26.0,5.01,16.0,0.5,0.4,0.5,1009.28,1012.8,1017.67,1013.2,27.0,3.5,16.0,0.5,0.4,0.5,1.3,5.0,8.0,5.0,27.0,2.8,16.0,0.5,0.4,0.5,-75.2,-23.4,-5.8,-41.6,26.0,41.6,16.0,0.5,0.4,0.5,-167.8,-21.7,-2.7,-57.3,26.0,74.2,16.0,0.5,0.4,0.5,-0.82,1.6,2.84,1.32,26.0,2.13,16.0,0.5,0.4,0.5,-5.8,7.7,25.1,12.5,25.0,22.9,16.0,0.4,0.4,0.5,1.52,4.19,6.61,4.38,24.0,2.76,16.0,0.5,0.4,0.5,5.6,25.4,64.8,37.5,23.0,40.6,16.0,0.4,0.4,0.5,-148.9,-100.0,-52.3,-104.9,26.0,55.4,16.0,0.5,0.4,0.5,-243.0,-89.1,-29.3,-113.6,26.0,111.8,16.0,0.5,0.4,0.5,-93.8,-64.7,-38.1,-69.2,23.0,31.8,16.0,0.4,0.4,0.5,-154.4,-57.2,-9.5,-72.5,23.0,72.5,16.0,0.4,0.4,0.5,-37.7,-13.3,-4.9,-21.0,23.0,18.5,16.0,0.4,0.4,0.5,-60.7,-15.3,-0.1,-28.1,23.0,38.6,16.0,0.4,0.4,0.5,17.5,200.5,2695.5,913.5,26.0,1240.5,16.0,0.5,0.4,0.5,20.0,200.0,2695.0,915.0,26.0,1240.0,16.0,0.5,0.4,0.5
1974,2,113.0,17.0,22.2,23.2,24.75,23.47,23.0,1.35,12.0,0.5,0.5,0.5,20.9,22.7,24.37,22.79,27.0,2.22,14.0,0.5,0.5,0.5,11.36,13.54,16.12,13.52,24.0,2.54,12.0,0.5,0.4,0.5,69.7,79.2,89.5,78.6,24.0,10.2,12.0,0.5,0.5,3.01,9.3,11.8,8.07,27.0,4.16,14.0,0.5,0.5,0.5,-8.54,-4.79,-2.12,-5.05,27.0,2.89,14.0,0.5,0.5,0.5,-10.32,-4.75,-0.83,-5.41,27.0,4.44,14.0,0.5,0.5,0.5,1010.48,1014.0,1018.6,1014.43,27.0,3.95,14.0,0.5,0.5,0.5,3.0,6.0,8.0,5.3,25.0,2.2,14.0,0.5,0.4,0.5,-94.7,-38.1,-5.9,-48.2,27.0,41.1,14.0,0.5,0.5,0.5,-119.7,-29.6,-1.0,-59.2,27.0,62.2,14.0,0.5,0.5,0.5,-1.55,0.5,2.4,0.53,23.0,2.19,12.0,0.5,0.5,0.5,-5.7,2.6,26.9,8.6,23.0,20.8,12.0,0.5,0.5,0.5,1.79,4.26,6.23,4.26,21.0,2.38,12.0,0.5,0.4,0.5,5.5,37.6,70.8,38.1,21.0,34.6,12.0,0.5,0.4,0.5,-188.9,-112.4,-53.3,-113.4,27.0,65.5,14.0,0.5,0.5,0.5,-215.4,-109.2,-20.0,-115.7,27.0,91.4,14.0,0.5,0.5,0.5,-107.5,-63.4,-32.1,-66.2,24.0,37.4,12.0,0.5,0.4,0.5,-115.1,-67.7,-16.4,-67.4,24.0,53.0,12.0,0.5,0.4,0.5,-40.2,-18.5,-3.3,-23.8,21.0,24.4,12.0,0.5,0.4,0.5,-58.9,-12.8,-0.5,-25.5,21.0,29.2,12.0,0.5,0.4,0.5,27.5,804.5,1643.0,925.5,27.0,1022.5,14.0,0.5,0.5,0.5,25.0,805.0,1645.0,925.0,27.0,1025.0,14.0,0.5,0.5,0.5
1974,2,113.0,18.0,21.49,22.75,25.0,22.8,18.0,1.69,14.0,0.3,0.5,0.5,19.29,22.8,23.51,21.96,19.0,2.33,16.0,0.4,0.5,0.5,9.93,13.75,14.96,12.98,16.0,2.59,14.0,0.4,0.5,0.4,68.8,82.7,90.0,79.0,16.0,11.1,14.0,0.4,0.4,3.09,7.7,10.37,6.89,19.0,3.08,16.0,0.4,0.5,0.5,-6.73,-5.27,-2.69,-4.78,19.0,2.19,16.0,0.4,0.5,0.5,-8.08,-3.98,-1.06,-4.43,19.0,3.15,16.0,0.4,0.5,0.5,1012.99,1014.0,1017.56,1014.92,19.0,2.62,16.0,0.4,0.5,0.5,2.7,7.0,8.0,6.0,19.0,2.9,16.0,0.4,0.5,0.5,-66.5,-35.5,-8.9,-37.9,19.0,27.9,16.0,0.4,0.5,0.5,-83.2,-29.6,-4.2,-37.9,19.0,36.8,16.0,0.4,0.5,0.5,-0.58,1.55,2.23,1.04,18.0,1.56,14.0,0.3,0.5,0.5,-3.9,6.7,17.6,8.6,18.0,13.8,14.0,0.3,0.5,0.5,2.07,4.08,6.76,4.36,15.0,2.26,14.0,0.3,0.5,0.5,13.0,31.1,69.4,36.9,15.0,27.0,14.0,0.3,0.5,0.5,-142.2,-96.1,-62.6,-102.6,19.0,44.7,16.0,0.4,0.5,0.5,-166.6,-105.6,-24.1,-93.1,19.0,62.4,16.0,0.4,0.5,0.5,-88.3,-53.1,-35.8,-61.6,16.0,27.8,14.0,0.4,0.5,0.4,-83.0,-67.8,-27.9,-60.0,16.0,30.9,14.0,0.4,0.5,0.4,-41.2,-20.4,-8.8,-23.3,15.0,15.9,14.0,0.3,0.5,0.5,-46.4,-24.3,-4.9,-26.9,15.0,24.2,14.0,0.3,0.5,0.5,29.5,456.5,1116.5,511.0,19.0,489.0,16.0,0.4,0.5,0.5,30.0,455.0,1115.0,510.0,19.0,490.0,16.0,0.4,0.5,0.5
1974,2,113.0,19.0,21.45,22.9,23.96,22.72,17.0,1.52,10.0,0.3,0.6,0.5,17.71,21.3,23.07,20.75,19.0,2.48,12.0,0.3,0.6,0.5,8.6,13.37,15.6,12.69,19.0,2.99,12.0,0.3,0.6,0.5,73.9,84.9,91.3,81.9,19.0,9.7,12.0,0.3,0.5,4.46,8.2,12.46,7.93,19.0,3.74,12.0,0.3,0.6,0.5,-8.57,-4.75,-2.93,-4.78,19.0,2.54,12.0,0.3,0.6,0.5,-10.32,-5.8,-0.55,-5.19,19.0,4.62,12.0,0.3,0.6,0.5,1011.71,1015.5,1020.11,1015.49,19.0,4.02,12.0,0.3,0.6,0.5,3.9,7.0,8.0,6.3,19.0,2.1,12.0,0.3,0.6,0.5,-75.5,-32.5,-10.8,-42.2,19.0,35.8,12.0,0.3,0.6,0.5,-139.1,-38.9,-0.6,-55.6,19.0,59.6,12.0,0.3,0.6,0.5,-0.13,2.4,3.75,1.91,17.0,2.23,10.0,0.3,0.6,0.5,-0.2,13.8,38.1,20.3,17.0,26.0,10.0,0.3,0.6,0.5,1.98,4.45,7.67,4.49,17.0,2.5,10.0,0.3,0.6,0.5,9.0,38.2,80.4,41.7,17.0,35.8,10.0,0.3,0.6,0.5,-155.1,-86.1,-59.9,-97.5,19.0,52.0,12.0,0.3,0.6,0.5,-184.9,-100.5,-13.2,-101.6,19.0,90.6,12.0,0.3,0.6,0.5,-77.7,-52.7,-35.6,-57.5,19.0,29.2,12.0,0.3,0.6,0.5,-97.9,-52.8,-8.5,-59.4,19.0,55.7,12.0,0.3,0.6,0.5,-42.0,-19.2,-4.5,-23.5,17.0,21.8,10.0,0.3,0.6,0.5,-67.4,-17.6,-0.7,-29.9,17.0,33.5,10.0,0.3,0.6,0.5,90.0,551.5,1939.0,816.5,19.0,909.0,12.0,0.3,0.6,0.5,90.0,550.0,1940.0,815.0,19.0,910.0,12.0,0.3,0.6,0.5
1974,2,113.0,20.0,20.42,22.2,24.38,22.64,20.0,1.93,14.0,0.5,0.6,0.5,17.23,20.5,23.0,20.31,22.0,2.87,14.0,0.5,0.6,0.4,10.23,13.65,15.5,13.08,11.0,3.41,10.0,0.5,0.7,0.4,71.7,87.1,95.1,83.3,11.0,13.4,10.0,0.5,0.4,5.64,8.7,9.8,7.85,23.0,2.64,14.0,0.5,0.6,0.4,-7.3,-4.75,-2.73,-4.37,23.0,3.36,14.0,0.5,0.6,0.4,-8.27,-5.59,-0.7,-4.78,23.0,4.02,14.0,0.5,0.6,0.4,1011.98,1019.1,1022.76,1017.61,23.0,4.84,14.0,0.5,0.6,0.4,3.0,6.0,8.0,5.5,21.0,2.1,12.0,0.5,0.6,0.4,-64.0,-43.2,-13.3,-38.9,23.0,31.4,14.0,0.5,0.6,0.4,-78.2,-48.7,-5.7,-44.5,23.0,38.8,14.0,0.5,0.6,0.4,-0.49,3.0,4.83,2.31,19.0,2.89,14.0,0.5,0.6,0.4,-0.3,21.1,38.9,20.4,19.0,24.4,14.0,0.5,0.6,0.4,1.59,3.99,6.66,4.33,10.0,3.71,10.0,0.6,0.7,0.4,7.8,34.3,59.2,35.5,10.0,36.2,10.0,0.6,0.7,0.4,-142.9,-92.2,-59.3,-82.7,22.0,69.5,14.0,0.5,0.6,0.4,-170.4,-105.2,-8.1,-93.5,22.0,85.8,14.0,0.5,0.6,0.4,-66.9,-54.4,-35.5,-48.6,11.0,33.5,10.0,0.5,0.7,0.4,-94.8,-52.6,25.5,-43.2,11.0,66.5,10.0,0.5,0.7,0.4,-36.3,-12.9,-0.6,-18.9,10.0,25.1,10.0,0.6,0.7,0.4,-52.5,-5.8,5.6,-19.7,10.0,35.4,10.0,0.6,0.7,0.4,184.5,658.5,941.0,622.0,23.0,445.5,14.0,0.5,0.6,0.4,185.0,660.0,940.0,620.0,23.0,445.0,14.0,0.5,0.6,0.4
1974,2,113.0,21.0,23.1,23.25,23.3,23.2,4.0,0.14,12.0,0.8,0.9,0.2,16.6,20.6,23.3,19.86,5.0,3.93,18.0,0.4,0.8,0.1,8.64,14.54,15.18,11.97,3.0,5.28,22.0,0.7,0.9,0.1,67.0,81.7,85.3,76.3,3.0,14.2,22.0,0.7,0.1,2.6,8.35,11.89,8.37,6.0,5.73,16.0,0.5,0.8,0.2,-10.3,-4.88,-0.49,-5.49,6.0,6.69,16.0,0.5,0.8,0.2,-7.6,-4.11,-2.25,-4.83,6.0,2.82,16.0,0.5,0.8,0.2,1013.0,1017.05,1021.14,1017.13,6.0,4.0,16.0,0.5,0.8,0.2,3.0,4.5,7.0,5.0,4.0,2.4,18.0,0.8,0.9,0.1,-130.8,-39.7,1.5,-72.5,6.0,111.2,16.0,0.5,0.8,0.2,-77.7,-40.4,-5.9,-51.7,6.0,58.2,16.0,0.5,0.8,0.2,0.0,0.0,3.34,1.63,3.0,2.83,14.0,0.7,0.9,0.1,0.0,0.0,60.2,29.4,3.0,50.9,14.0,0.7,0.9,0.1,2.5,2.82,3.14,2.82,2.0,0.66,20.0,1.0,0.9,0.1,6.5,7.3,8.2,7.3,2.0,1.7,20.0,1.0,0.9,0.1,-213.6,-124.9,-30.3,-128.4,5.0,106.1,18.0,0.4,0.8,0.1,-105.3,-63.4,-52.5,-80.7,5.0,46.7,18.0,0.4,0.8,0.1,-42.3,-20.1,-19.3,-30.5,3.0,19.1,22.0,0.7,0.9,0.1,-34.2,-32.7,-31.1,-32.7,3.0,2.2,22.0,0.7,0.9,0.1,-4.1,-3.7,-3.3,-3.7,2.0,0.9,20.0,1.0,0.9,0.1,-7.1,-6.4,-5.6,-6.4,2.0,1.5,20.0,1.0,0.9,0.1,17.5,593.0,2071.5,1357.5,6.0,2231.0,16.0,0.5,0.8,0.2,20.0,595.0,2070.0,1360.0,6.0,2230.0,16.0,0.5,0.8,0.2
1974,2,114.0,-65.0,0.8,0.8,0.8,0.8,1.0,0.0,2.0,1.0,0.7,0.2,0.6,0.6,0.6,0.6,1.0,0.0,2.0,1.0,0.7,0.2,3.67,3.67,3.67,3.67,1.0,0.0,2.0,1.0,0.7,0.2,91.0,91.0,91.0,91.0,1.0,0.0,2.0,1.0,0.2,1.5,1.5,1.5,1.5,1.0,0.0,2.0,1.0,0.7,0.2,1.48,1.48,1.48,1.48,1.0,0.0,2.0,1.0,0.7,0.2,0.26,0.26,0.26,0.26,1.0,0.0,2.0,1.0,0.7,0.2,990.6,990.6,990.6,990.6,1.0,0.0,2.0,1.0,0.7,0.2,7.0,7.0,7.0,7.0,1.0,0.0,2.0,1.0,0.7,0.2,2.2,2.2,2.2,2.2,1.0,0.0,2.0,1.0,0.7,0.2,0.4,0.4,0.4,0.4,1.0,0.0,2.0,1.0,0.7,0.2,0.2,0.2,0.2,0.2,1.0,0.0,2.0,1.0,0.7,0.2,0.3,0.3,0.3,0.3,1.0,0.0,2.0,1.0,0.7,0.2,0.42,0.42,0.42,0.42,1.0,0.0,2.0,1.0,0.7,0.2,0.6,0.6,0.6,0.6,1.0,0.0,2.0,1.0,0.7,0.2,0.9,0.9,0.9,0.9,1.0,0.0,2.0,1.0,0.7,0.2,0.2,0.2,0.2,0.2,1.0,0.0,2.0,1.0,0.7,0.2,5.4,5.4,5.4,5.4,1.0,0.0,2.0,1.0,0.7,0.2,1.0,1.0,1.0,1.0,1.0,0.0,2.0,1.0,0.7,0.2,0.6,0.6,0.6,0.6,1.0,0.0,2.0,1.0,0.7,0.2,0.1,0.1,0.1,0.1,1.0,0.0,2.0,1.0,0.7,0.2,3.5,3.5,3.5,3.5,1.0,0.0,2.0,1.0,0.7,0.2,5.0,5.0,5.0,5.0,1.0,0.0,2.0,1.0,0.7,0.2
1974,2,114.0,-64.0,,,,,,,,,,,,,,,,,,,,,,,,,,,,,,,,,,,,,,,,3.05,9.8,13.0,8.08,13.0,4.6,18.0,0.7,0.0,0.1,-9.27,-7.2,-1.54,-5.46,13.0,4.76,18.0,0.7,0.0,0.1,0.0,0.0,9.96,3.09,13.0,5.17,18.0,0.7,0.0,0.1,986.6,988.6,991.3,988.81,13.0,2.4,18.0,0.7,0.0,0.1,,,,,,,,,,,,,,,,,,,,,,,,,,,,,,,,,,,,,,,,,,,,,,,,,,,,,,,,,,,,,,,,,,,,,,,,,,,,,,,,,,,,,,,,,,,,,,,,,,,,,,,,,,,,,,,,,,,,,,,,,,,,,,,,,,,,,,,,,,,,,,,,,,,,,,
1974,2,114.0,-63.0,,,,,,,,,,,,,,,,,,,,,,,,,,,,,,,,,,,,,,,,11.8,11.8,11.8,11.8,1.0,0.0,16.0,1.0,0.6,1.0,11.8,11.8,11.8,11.8,1.0,0.0,16.0,1.0,0.6,1.0,0.0,0.0,0.0,0.0,1.0,0.0,16.0,1.0,0.6,1.0,988.33,989.25,990.17,989.25,2.0,1.91,16.0,1.0,0.3,0.7,,,,,,,,,,,,,,,,,,,,,,,,,,,,,,,,,,,,,,,,,,,,,,,,,,,,,,,,,,,,,,,,,,,,,,,,,,,,,,,,,,,,,,,,,,,,,,,,,,,,,,,,,,,,,,,,,,,,,,,,,,,,,,,,,,,,,,,,,,,,,,,,,,,,,,
1974,2,114.0,-62.0,,,,,,,,,,,,,,,,,,,,,,,,,,,,,,,,,,,,,,,,11.97,12.35,12.73,12.35,2.0,0.78,16.0,1.0,0.2,0.4,11.38,11.99,12.61,11.99,2.0,1.28,16.0,1.0,0.2,0.4,-3.4,-2.02,-0.64,-2.02,2.0,2.85,16.0,1.0,0.2,0.4,990.6,990.6,990.6,990.6,2.0,0.0,16.0,1.0,0.2,0.4,,,,,,,,,,,,,,,,,,,,,,,,,,,,,,,,,,,,,,,,,,,,,,,,,,,,,,,,,,,,,,,,,,,,,,,,,,,,,,,,,,,,,,,,,,,,,,,,,,,,,,,,,,,,,,,,,,,,,,,,,,,,,,,,,,,,,,,,,,,,,,,,,,,,,,
1974,2,114.0,-61.0,,,,,,,,,,,,,,,,,,,,,,,,,,,,,,,,,,,,,,,,12.13,12.85,13.57,12.85,2.0,1.48,16.0,0.5,0.0,0.5,11.4,12.08,12.75,12.08,2.0,1.4,16.0,0.5,0.0,0.5,-4.64,-4.39,-4.15,-4.39,2.0,0.51,16.0,0.5,0.0,0.5,993.3,993.3,993.3,993.3,2.0,0.0,16.0,0.5,0.0,0.5,,,,,,,,,,,,,,,,,,,,,,,,,,,,,,,,,,,,,,,,,,,,,,,,,,,,,,,,,,,,,,,,,,,,,,,,,,,,,,,,,,,,,,,,,,,,,,,,,,,,,,,,,,,,,,,,,,,,,,,,,,,,,,,,,,,,,,,,,,,,,,,,,,,,,,
1974,2,114.0,-59.0,,,,,,,,,,,,,,,,,,,,,,,,,,,,,,,,,,,,,,,,11.3,11.3,11.3,11.3,1.0,0.0,8.0,0.0,0.6,0.8,10.62,10.62,10.62,10.62,1.0,0.0,8.0,0.0,0.6,0.8,-3.86,-3.86,-3.86,-3.86,1.0,0.0,8.0,0.0,0.6,0.8,968.0,968.0,968.0,968.0,1.0,0.0,8.0,0.0,0.6,0.8,,,,,,,,,,,,,,,,,,,,,,,,,,,,,,,,,,,,,,,,,,,,,,,,,,,,,,,,,,,,,,,,,,,,,,,,,,,,,,,,,,,,,,,,,,,,,,,,,,,,,,,,,,,,,,,,,,,,,,,,,,,,,,,,,,,,,,,,,,,,,,,,,,,,,,
1974,2,114.0,-51.0,,,,,,,,,,,,,,,,,,,,,,,,,,,,,,,,,,,,,,,,14.9,14.9,14.9,14.9,1.0,0.0,12.0,0.0,0.4,0.8,14.0,14.0,14.0,14.0,1.0,0.0,12.0,0.0,0.4,0.8,5.1,5.1,5.1,5.1,1.0,0.0,12.0,0.0,0.4,0.8,1003.9,1003.9,1003.9,1003.9,1.0,0.0,12.0,0.0,0.4,0.8,,,,,,,,,,,,,,,,,,,,,,,,,,,,,,,,,,,,,,,,,,,,,,,,,,,,,,,,,,,,,,,,,,,,,,,,,,,,,,,,,,,,,,,,,,,,,,,,,,,,,,,,,,,,,,,,,,,,,,,,,,,,,,,,,,,,,,,,,,,,,,,,,,,,,,
1974,2,114.0,-49.0,8.0,8.0,8.0,8.0,1.0,0.0,22.0,0.0,0.3,0.6,7.5,7.5,7.5,7.5,1.0,0.0,22.0,0.0,0.3,0.6,5.08,5.08,5.08,5.08,1.0,0.0,22.0,0.0,0.3,0.6,78.5,78.5,78.5,78.5,1.0,0.0,22.0,0.0,0.6,7.7,7.7,7.7,7.7,1.0,0.0,22.0,0.0,0.3,0.6,-4.95,-4.95,-4.95,-4.95,1.0,0.0,22.0,0.0,0.3,0.6,-5.9,-5.9,-5.9,-5.9,1.0,0.0,22.0,0.0,0.3,0.6,1003.8,1003.8,1003.8,1003.8,1.0,0.0,22.0,0.0,0.3,0.6,5.0,5.0,5.0,5.0,1.0,0.0,22.0,0.0,0.3,0.6,-38.1,-38.1,-38.1,-38.1,1.0,0.0,22.0,0.0,0.3,0.6,-45.4,-45.4,-45.4,-45.4,1.0,0.0,22.0,0.0,0.3,0.6,0.5,0.5,0.5,0.5,1.0,0.0,22.0,0.0,0.3,0.6,3.9,3.9,3.9,3.9,1.0,0.0,22.0,0.0,0.3,0.6,1.62,1.62,1.62,1.62,1.0,0.0,22.0,0.0,0.3,0.6,12.5,12.5,12.5,12.5,1.0,0.0,22.0,0.0,0.3,0.6,-37.1,-37.1,-37.1,-37.1,1.0,0.0,22.0,0.0,0.3,0.6,-44.2,-44.2,-44.2,-44.2,1.0,0.0,22.0,0.0,0.3,0.6,-25.1,-25.1,-25.1,-25.1,1.0,0.0,22.0,0.0,0.3,0.6,-29.9,-29.9,-29.9,-29.9,1.0,0.0,22.0,0.0,0.3,0.6,-8.0,-8.0,-8.0,-8.0,1.0,0.0,22.0,0.0,0.3,0.6,-9.6,-9.6,-9.6,-9.6,1.0,0.0,22.0,0.0,0.3,0.6,456.5,456.5,456.5,456.5,1.0,0.0,22.0,0.0,0.3,0.6,455.0,455.0,455.0,455.0,1.0,0.0,22.0,0.0,0.3,0.6
1974,2,114.0,-41.0,11.7,11.7,11.7,11.7,1.0,0.0,4.0,0.0,0.6,0.9,14.5,14.5,14.5,14.5,1.0,0.0,4.0,0.0,0.6,0.9,6.31,6.31,6.31,6.31,1.0,0.0,4.0,0.0,0.6,0.9,62.4,62.4,62.4,62.4,1.0,0.0,4.0,0.0,0.9,6.7,6.7,6.7,6.7,1.0,0.0,4.0,0.0,0.6,0.9,5.13,5.13,5.13,5.13,1.0,0.0,4.0,0.0,0.6,0.9,4.31,4.31,4.31,4.31,1.0,0.0,4.0,0.0,0.6,0.9,1023.4,1023.4,1023.4,1023.4,1.0,0.0,4.0,0.0,0.6,0.9,5.0,5.0,5.0,5.0,1.0,0.0,4.0,0.0,0.6,0.9,34.4,34.4,34.4,34.4,1.0,0.0,4.0,0.0,0.6,0.9,28.9,28.9,28.9,28.9,1.0,0.0,4.0,0.0,0.6,0.9,-2.8,-2.8,-2.8,-2.8,1.0,0.0,4.0,0.0,0.6,0.9,-18.8,-18.8,-18.8,-18.8,1.0,0.0,4.0,0.0,0.6,0.9,2.12,2.12,2.12,2.12,1.0,0.0,4.0,0.0,0.6,0.9,14.2,14.2,14.2,14.2,1.0,0.0,4.0,0.0,0.6,0.9,74.4,74.4,74.4,74.4,1.0,0.0,4.0,0.0,0.6,0.9,62.4,62.4,62.4,62.4,1.0,0.0,4.0,0.0,0.6,0.9,32.4,32.4,32.4,32.4,1.0,0.0,4.0,0.0,0.6,0.9,27.2,27.2,27.2,27.2,1.0,0.0,4.0,0.0,0.6,0.9,10.9,10.9,10.9,10.9,1.0,0.0,4.0,0.0,0.6,0.9,9.1,9.1,9.1,9.1,1.0,0.0,4.0,0.0,0.6,0.9,301.0,301.0,301.0,301.0,1.0,0.0,4.0,0.0,0.6,0.9,300.0,300.0,300.0,300.0,1.0,0.0,4.0,0.0,0.6,0.9
1974,2,114.0,-40.0,16.0,16.0,16.0,16.0,1.0,0.0,2.0,1.0,0.2,0.6,13.0,13.0,13.0,13.0,1.0,0.0,2.0,1.0,0.2,0.6,7.23,7.23,7.23,7.23,1.0,0.0,2.0,1.0,0.2,0.6,78.2,78.2,78.2,78.2,1.0,0.0,2.0,1.0,0.6,0.5,0.5,0.5,0.5,1.0,0.0,2.0,1.0,0.2,0.6,0.25,0.25,0.25,0.25,1.0,0.0,2.0,1.0,0.2,0.6,-0.43,-0.43,-0.43,-0.43,1.0,0.0,2.0,1.0,0.2,0.6,1016.8,1016.8,1016.8,1016.8,1.0,0.0,2.0,1.0,0.2,0.6,2.0,2.0,2.0,2.0,1.0,0.0,2.0,1.0,0.2,0.6,0.1,0.1,0.1,0.1,1.0,0.0,2.0,1.0,0.2,0.6,-0.2,-0.2,-0.2,-0.2,1.0,0.0,2.0,1.0,0.2,0.6,3.0,3.0,3.0,3.0,1.0,0.0,2.0,1.0,0.2,0.6,1.5,1.5,1.5,1.5,1.0,0.0,2.0,1.0,0.2,0.6,4.02,4.02,4.02,4.02,1.0,0.0,2.0,1.0,0.2,0.6,2.0,2.0,2.0,2.0,1.0,0.0,2.0,1.0,0.2,0.6,3.3,3.3,3.3,3.3,1.0,0.0,2.0,1.0,0.2,0.6,-5.6,-5.6,-5.6,-5.6,1.0,0.0,2.0,1.0,0.2,0.6,1.8,1.8,1.8,1.8,1.0,0.0,2.0,1.0,0.2,0.6,-3.1,-3.1,-3.1,-3.1,1.0,0.0,2.0,1.0,0.2,0.6,1.0,1.0,1.0,1.0,1.0,0.0,2.0,1.0,0.2,0.6,-1.7,-1.7,-1.7,-1.7,1.0,0.0,2.0,1.0,0.2,0.6,0.0,0.0,0.0,0.0,1.0,0.0,2.0,1.0,0.2,0.6,0.0,0.0,0.0,0.0,1.0,0.0,2.0,1.0,0.2,0.6
1974,2,114.0,-39.0,20.0,20.0,20.0,20.0,1.0,0.0,14.0,1.0,0.3,0.9,18.0,18.0,18.0,18.0,1.0,0.0,14.0,1.0,0.3,0.9,9.83,9.83,9.83,9.83,1.0,0.0,14.0,1.0,0.3,0.9,77.4,77.4,77.4,77.4,1.0,0.0,14.0,1.0,0.9,6.2,6.2,6.2,6.2,1.0,0.0,14.0,1.0,0.3,0.9,2.12,2.12,2.12,2.12,1.0,0.0,14.0,1.0,0.3,0.9,5.83,5.83,5.83,5.83,1.0,0.0,14.0,1.0,0.3,0.9,1022.0,1022.0,1022.0,1022.0,1.0,0.0,14.0,1.0,0.3,0.9,7.0,7.0,7.0,7.0,1.0,0.0,14.0,1.0,0.3,0.9,13.1,13.1,13.1,13.1,1.0,0.0,14.0,1.0,0.3,0.9,36.1,36.1,36.1,36.1,1.0,0.0,14.0,1.0,0.3,0.9,2.0,2.0,2.0,2.0,1.0,0.0,14.0,1.0,0.3,0.9,12.4,12.4,12.4,12.4,1.0,0.0,14.0,1.0,0.3,0.9,4.59,4.59,4.59,4.59,1.0,0.0,14.0,1.0,0.3,0.9,28.5,28.5,28.5,28.5,1.0,0.0,14.0,1.0,0.3,0.9,38.2,38.2,38.2,38.2,1.0,0.0,14.0,1.0,0.3,0.9,104.9,104.9,104.9,104.9,1.0,0.0,14.0,1.0,0.3,0.9,20.8,20.8,20.8,20.8,1.0,0.0,14.0,1.0,0.3,0.9,57.2,57.2,57.2,57.2,1.0,0.0,14.0,1.0,0.3,0.9,9.7,9.7,9.7,9.7,1.0,0.0,14.0,1.0,0.3,0.9,26.7,26.7,26.7,26.7,1.0,0.0,14.0,1.0,0.3,0.9,238.5,238.5,238.5,238.5,1.0,0.0,14.0,1.0,0.3,0.9,240.0,240.0,240.0,240.0,1.0,0.0,14.0,1.0,0.3,0.9
1974,2,114.0,-37.0,20.6,20.6,20.6,20.6,1.0,0.0,16.0,1.0,0.7,1.0,15.8,15.8,15.8,15.8,1.0,0.0,16.0,1.0,0.7,1.0,7.58,7.58,7.58,7.58,1.0,0.0,16.0,1.0,0.7,1.0,68.4,68.4,68.4,68.4,1.0,0.0,16.0,1.0,1.0,,,,,,,,,,,,,,,,,,,,,,,,,,,,,,,,,,,,,,,,,,,,,,,,,,,,,,,,,,,,,,,,,,,,,,,,,,,,,,,,,,,,,,,,,,,,,,,,,,,,,,,,,,,,,,,,,,,,,,,,,,,,,,,,,,,,,,,,,,,,,,,,,,,,,,,,,,,,,,,,,,,,,,,,,,,,,,,,,,,,,,,,,,,,,,
1974,2,114.0,-35.0,18.8,20.1,21.45,20.07,12.0,1.24,6.0,0.8,0.6,0.6,18.44,20.0,21.19,20.03,14.0,1.72,8.0,0.6,0.7,0.6,8.04,10.05,12.88,10.38,7.0,2.28,12.0,0.7,0.8,0.6,63.3,72.9,85.3,72.5,7.0,11.0,12.0,0.7,0.6,4.32,9.8,12.66,9.19,15.0,4.26,8.0,0.6,0.7,0.6,-11.15,-4.04,0.55,-5.93,15.0,6.22,8.0,0.6,0.7,0.6,0.0,4.04,7.06,4.05,15.0,3.83,8.0,0.6,0.7,0.6,1011.3,1013.9,1018.56,1014.15,15.0,4.59,8.0,0.6,0.7,0.6,1.1,4.0,7.0,4.1,14.0,2.7,8.0,0.6,0.7,0.6,-141.2,-47.6,2.3,-74.5,15.0,91.7,8.0,0.6,0.7,0.6,0.0,22.5,93.2,39.4,15.0,46.6,8.0,0.6,0.7,0.6,-1.58,0.4,2.0,0.14,11.0,2.16,8.0,0.7,0.6,0.6,-12.5,5.2,10.8,1.5,11.0,16.6,8.0,0.7,0.6,0.6,3.95,5.89,7.33,5.54,6.0,2.17,12.0,0.8,0.7,0.5,13.6,42.6,74.6,43.1,6.0,29.0,12.0,0.8,0.7,0.5,-227.9,-92.2,14.4,-108.8,14.0,120.7,8.0,0.6,0.7,0.6,1.1,84.0,150.7,87.8,14.0,77.6,8.0,0.6,0.7,0.6,-107.0,-19.3,10.0,-41.1,7.0,54.8,12.0,0.7,0.8,0.6,-0.9,33.3,64.3,34.2,7.0,34.9,12.0,0.7,0.8,0.6,-67.8,-33.1,0.3,-34.2,6.0,33.1,12.0,0.8,0.7,0.5,-1.7,11.3,33.0,14.0,6.0,18.1,12.0,0.8,0.7,0.5,83.0,941.0,2035.0,1258.5,15.0,1506.5,8.0,0.6,0.7,0.6,85.0,940.0,2035.0,1260.0,15.0,1505.0,8.0,0.6,0.7,0.6
1974,2,114.0,-34.0,19.0,20.35,22.12,20.64,16.0,1.77,12.0,0.3,0.6,0.4,18.0,20.0,21.46,20.23,17.0,2.68,14.0,0.3,0.6,0.3,9.24,11.64,13.25,11.57,14.0,2.33,16.0,0.3,0.7,0.3,72.3,74.5,89.0,77.3,14.0,8.4,16.0,0.3,0.3,4.48,7.45,12.11,8.01,16.0,3.11,12.0,0.3,0.6,0.4,-4.99,0.0,0.0,-1.57,16.0,2.92,12.0,0.3,0.6,0.4,2.5,6.16,11.99,6.46,16.0,4.74,12.0,0.3,0.6,0.4,1009.62,1015.3,1018.2,1014.16,16.0,4.67,14.0,0.3,0.6,0.3,0.0,2.0,7.0,2.6,15.0,2.9,14.0,0.3,0.7,0.3,-32.5,0.0,0.0,-11.0,16.0,19.2,12.0,0.3,0.6,0.4,14.5,46.3,145.3,64.9,16.0,57.8,12.0,0.3,0.6,0.4,-0.85,0.9,2.26,0.74,16.0,2.07,12.0,0.3,0.6,0.4,-8.0,7.6,24.6,9.4,16.0,15.9,12.0,0.3,0.6,0.4,1.7,4.44,5.27,3.95,13.0,2.21,14.0,0.2,0.6,0.3,12.8,32.5,64.6,34.2,13.0,24.1,14.0,0.2,0.6,0.3,-91.0,0.0,0.0,-29.4,16.0,55.9,12.0,0.3,0.6,0.4,47.5,123.5,221.4,122.9,16.0,94.2,12.0,0.3,0.6,0.4,-50.2,-17.8,0.0,-18.8,13.0,34.6,14.0,0.2,0.6,0.3,20.9,48.7,113.8,63.2,13.0,55.7,14.0,0.2,0.6,0.3,-24.9,-1.9,0.0,-10.3,13.0,12.5,14.0,0.2,0.6,0.3,-0.1,20.9,64.6,28.2,13.0,26.8,14.0,0.2,0.6,0.3,93.0,415.0,1778.0,733.0,16.0,694.5,12.0,0.3,0.6,0.4,95.0,415.0,1780.0,735.0,16.0,695.0,12.0,0.3,0.6,0.4
1974,2,114.0,-33.0,19.99,21.0,22.2,21.07,7.0,1.09,12.0,0.7,0.3,0.7,19.99,20.2,21.48,20.83,7.0,1.13,12.0,0.7,0.3,0.7,9.96,12.24,14.44,12.35,5.0,2.62,14.0,1.0,0.3,0.6,68.1,77.5,87.9,78.2,5.0,10.6,14.0,1.0,0.6,4.55,9.3,12.3,8.74,5.0,4.53,14.0,1.0,0.3,0.6,-8.96,0.0,0.64,-3.27,5.0,5.33,14.0,1.0,0.3,0.6,3.45,4.79,8.87,6.37,5.0,4.85,14.0,1.0,0.3,0.6,1010.2,1016.2,1019.96,1015.03,7.0,5.24,12.0,0.7,0.3,0.7,0.0,4.0,8.0,4.1,7.0,3.8,12.0,0.7,0.3,0.7,-88.5,0.0,3.2,-34.7,5.0,52.1,14.0,1.0,0.3,0.6,20.2,29.6,118.1,69.5,5.0,86.9,14.0,1.0,0.3,0.6,-0.23,0.0,0.91,0.24,7.0,0.73,12.0,0.7,0.3,0.7,-2.4,0.0,7.5,2.5,5.0,6.7,14.0,1.0,0.3,0.6,2.17,4.5,4.63,3.49,5.0,1.74,14.0,1.0,0.3,0.6,10.7,43.4,56.1,35.6,5.0,26.3,14.0,1.0,0.3,0.6,-181.1,0.0,13.5,-65.7,5.0,108.0,14.0,1.0,0.3,0.6,76.0,101.6,185.7,135.3,5.0,104.1,14.0,1.0,0.3,0.6,-89.3,0.0,8.6,-31.3,5.0,54.4,14.0,1.0,0.3,0.6,45.5,58.2,107.5,78.0,5.0,59.6,14.0,1.0,0.3,0.6,-41.7,0.0,2.0,-15.7,5.0,24.1,14.0,1.0,0.3,0.6,10.1,14.9,40.3,24.8,5.0,25.0,14.0,1.0,0.3,0.6,101.0,804.5,2007.5,1110.5,5.0,1326.0,14.0,1.0,0.3,0.6,100.0,805.0,2010.0,1110.0,5.0,1325.0,14.0,1.0,0.3,0.6
1974,2,114.0,-32.0,20.54,21.85,22.99,21.57,6.0,1.96,10.0,0.3,0.3,0.5,19.86,21.55,25.89,22.73,8.0,3.1,14.0,0.5,0.4,0.5,11.15,12.82,13.42,12.29,5.0,1.57,6.0,0.2,0.2,0.5,75.7,83.9,86.7,81.3,5.0,8.0,6.0,0.2,0.5,4.66,7.45,10.3,7.51,8.0,3.34,14.0,0.5,0.4,0.5,-2.54,-1.79,-0.84,-1.67,8.0,0.96,14.0,0.5,0.4,0.5,4.43,7.15,10.14,6.87,8.0,4.2,14.0,0.5,0.4,0.5,1008.9,1013.05,1016.87,1013.1,8.0,4.53,14.0,0.5,0.4,0.5,0.2,3.5,6.9,3.8,8.0,3.1,14.0,0.5,0.4,0.5,-18.4,-10.4,-4.0,-11.3,8.0,8.1,14.0,0.5,0.4,0.5,21.0,53.7,104.5,63.6,8.0,52.5,14.0,0.5,0.4,0.5,-3.62,1.3,1.74,-0.23,6.0,2.78,10.0,0.3,0.3,0.5,-21.4,14.0,17.3,3.1,6.0,19.6,10.0,0.3,0.3,0.5,1.79,3.63,5.15,3.39,5.0,2.6,6.0,0.2,0.2,0.5,19.4,44.6,48.2,34.2,5.0,22.9,6.0,0.2,0.2,0.5,-62.6,-37.5,-20.5,-38.7,8.0,23.8,14.0,0.5,0.4,0.5,114.3,147.2,217.6,147.0,8.0,83.4,14.0,0.5,0.4,0.5,-25.0,-22.9,-10.1,-18.0,5.0,10.9,6.0,0.2,0.2,0.5,84.3,130.1,139.5,115.4,5.0,31.3,6.0,0.2,0.2,0.5,-11.6,-5.8,0.3,-6.1,5.0,7.5,6.0,0.2,0.2,0.5,19.1,44.6,46.6,33.3,5.0,22.2,6.0,0.2,0.2,0.5,101.5,426.0,1092.5,643.5,8.0,650.5,14.0,0.5,0.4,0.5,100.0,425.0,1095.0,645.0,8.0,650.0,14.0,0.5,0.4,0.5
1974,2,114.0,-31.0,22.11,23.3,24.58,23.28,9.0,1.22,18.0,0.3,0.5,0.4,21.11,24.0,26.0,23.42,13.0,2.31,20.0,0.2,0.5,0.4,12.06,13.66,14.94,13.45,9.0,2.25,18.0,0.3,0.5,0.4,72.5,78.3,83.7,77.9,9.0,7.9,18.0,0.3,0.4,4.46,10.3,14.04,9.37,13.0,4.68,20.0,0.2,0.5,0.4,-5.27,-3.52,-0.96,-2.97,13.0,2.37,20.0,0.2,0.5,0.4,3.24,9.68,13.05,8.59,13.0,4.67,20.0,0.2,0.5,0.4,1008.02,1011.6,1013.44,1011.16,13.0,3.12,20.0,0.2,0.5,0.4,0.0,0.0,2.1,0.9,13.0,1.3,20.0,0.2,0.5,0.4,-81.1,-19.9,-3.0,-34.1,13.0,35.2,20.0,0.2,0.5,0.4,16.0,99.7,173.9,100.5,13.0,82.2,20.0,0.2,0.5,0.4,-0.97,0.0,2.32,0.62,9.0,1.72,18.0,0.3,0.5,0.4,-4.1,0.0,30.2,10.4,9.0,21.9,18.0,0.3,0.5,0.4,3.26,4.1,5.91,4.42,9.0,1.56,18.0,0.3,0.5,0.4,11.5,37.2,83.7,42.5,9.0,35.0,18.0,0.3,0.5,0.4,-120.4,-71.5,-20.4,-66.9,13.0,53.0,20.0,0.2,0.5,0.4,75.6,210.8,328.2,200.4,13.0,111.6,20.0,0.2,0.5,0.4,-57.0,-40.4,-16.6,-33.0,9.0,28.5,18.0,0.3,0.5,0.4,49.3,102.9,132.7,96.6,9.0,52.1,18.0,0.3,0.5,0.4,-28.6,-8.5,-3.4,-15.0,9.0,17.1,18.0,0.3,0.5,0.4,8.8,36.6,77.7,38.8,9.0,31.9,18.0,0.3,0.5,0.4,91.0,1092.5,2778.0,1383.0,13.0,1375.0,20.0,0.2,0.5,0.4,90.0,1095.0,2780.0,1385.0,13.0,1375.0,20.0,0.2,0.5,0.4
1974,2,114.0,-30.0,20.92,22.0,22.86,21.98,5.0,1.3,14.0,0.4,0.5,0.4,23.91,26.0,28.0,25.91,17.0,2.14,20.0,0.5,0.4,0.6,11.87,14.23,15.51,13.7,5.0,2.54,14.0,0.4,0.5,0.4,67.7,76.4,84.2,76.2,5.0,10.3,14.0,0.4,0.4,4.64,7.7,10.3,7.45,17.0,2.56,20.0,0.5,0.4,0.6,-4.7,-1.79,0.42,-2.19,17.0,3.45,20.0,0.5,0.4,0.6,1.02,6.11,9.27,5.56,17.0,3.96,20.0,0.5,0.4,0.6,1006.83,1008.9,1010.39,1008.79,17.0,2.4,20.0,0.5,0.4,0.6,0.0,0.0,1.4,1.1,17.0,2.5,20.0,0.5,0.4,0.6,-40.0,-10.3,2.7,-16.5,17.0,31.6,20.0,0.5,0.4,0.6,6.4,37.9,95.5,47.9,17.0,40.9,20.0,0.5,0.4,0.6,-2.06,-1.8,-0.25,-1.3,5.0,1.05,14.0,0.4,0.5,0.4,-18.1,-10.2,-1.7,-10.0,5.0,8.7,14.0,0.4,0.5,0.4,0.77,3.61,4.78,2.86,5.0,2.46,14.0,0.4,0.5,0.4,10.7,33.6,37.0,24.8,5.0,17.5,14.0,0.4,0.5,0.4,-108.1,-46.7,13.6,-54.3,17.0,86.9,20.0,0.5,0.4,0.6,25.4,177.1,240.7,144.4,17.0,101.6,20.0,0.5,0.4,0.6,-77.4,-41.8,-3.4,-40.6,5.0,58.4,14.0,0.4,0.5,0.4,-2.2,49.8,133.5,61.8,5.0,81.5,14.0,0.4,0.5,0.4,-28.6,-3.3,5.8,-10.1,5.0,20.2,14.0,0.4,0.5,0.4,5.0,18.5,29.0,17.3,5.0,12.8,14.0,0.4,0.5,0.4,103.5,456.5,1092.5,546.5,17.0,439.0,20.0,0.5,0.4,0.6,105.0,455.0,1095.0,545.0,17.0,440.0,20.0,0.5,0.4,0.6
1974,2,114.0,-29.0,21.95,22.5,24.02,22.79,7.0,1.22,14.0,0.7,0.2,0.6,22.59,24.0,25.33,24.09,7.0,1.37,14.0,0.7,0.2,0.6,9.67,14.8,15.52,13.47,7.0,3.08,14.0,0.7,0.2,0.6,56.7,74.3,83.1,71.1,7.0,11.7,14.0,0.7,0.6,5.0,9.3,12.45,8.59,7.0,4.41,14.0,0.7,0.2,0.6,-6.2,-1.06,1.85,-1.63,7.0,4.18,14.0,0.7,0.2,0.6,2.86,5.98,10.87,7.3,7.0,4.76,14.0,0.7,0.2,0.6,1007.09,1010.1,1012.01,1009.54,7.0,2.21,14.0,0.7,0.2,0.6,0.0,0.0,6.0,2.3,7.0,3.1,14.0,0.7,0.2,0.6,-66.7,-4.5,17.0,-21.4,7.0,39.8,14.0,0.7,0.2,0.6,9.0,55.6,135.9,79.8,7.0,81.7,14.0,0.7,0.2,0.6,-2.43,-2.0,0.92,-1.3,7.0,2.21,14.0,0.7,0.2,0.6,-22.7,-6.2,14.0,-4.9,7.0,16.4,14.0,0.7,0.2,0.6,2.06,3.81,7.47,3.91,7.0,3.55,14.0,0.7,0.2,0.6,11.0,22.2,70.8,39.6,7.0,41.5,14.0,0.7,0.2,0.6,-139.9,-25.4,46.1,-34.6,7.0,98.9,14.0,0.7,0.2,0.6,68.7,133.3,246.3,173.4,7.0,110.9,14.0,0.7,0.2,0.6,-59.9,-13.3,28.0,-12.1,7.0,52.7,14.0,0.7,0.2,0.6,36.4,75.4,147.1,96.9,7.0,72.0,14.0,0.7,0.2,0.6,-52.8,-9.3,-2.3,-18.6,7.0,24.6,14.0,0.7,0.2,0.6,10.6,21.9,59.7,34.6,7.0,33.9,14.0,0.7,0.2,0.6,127.5,804.5,1946.5,1079.0,7.0,1305.0,14.0,0.7,0.2,0.6,130.0,805.0,1945.0,1080.0,7.0,1305.0,14.0,0.7,0.2,0.6
1974,2,114.0,-22.0,27.11,28.15,29.14,28.02,6.0,1.41,16.0,0.5,0.5,0.9,29.05,29.9,30.71,29.82,6.0,1.26,16.0,0.5,0.5,0.9,18.58,19.75,20.66,19.56,6.0,1.36,16.0,0.5,0.5,0.9,71.3,73.5,77.0,73.9,6.0,2.8,16.0,0.5,0.9,3.94,6.7,10.71,7.0,5.0,4.63,18.0,0.6,0.4,0.8,2.53,5.13,9.28,5.65,5.0,4.12,18.0,0.6,0.4,0.8,-1.57,4.75,5.36,2.3,5.0,4.37,18.0,0.6,0.4,0.8,1002.03,1004.55,1006.94,1004.63,6.0,2.9,16.0,0.5,0.5,0.9,0.0,0.5,2.2,1.0,6.0,1.3,16.0,0.5,0.5,0.9,15.7,34.4,100.6,54.7,5.0,52.3,18.0,0.6,0.4,0.8,-10.5,29.4,58.1,24.9,5.0,40.7,18.0,0.6,0.4,0.8,-2.64,-2.2,-0.73,-1.8,6.0,1.25,16.0,0.5,0.5,0.9,-17.2,-12.3,0.7,-9.4,5.0,10.2,18.0,0.6,0.4,0.8,3.19,4.01,5.99,4.39,6.0,1.48,16.0,0.5,0.5,0.9,14.1,39.9,53.1,35.3,5.0,26.7,18.0,0.6,0.4,0.8,74.4,142.2,277.3,166.4,5.0,124.1,18.0,0.6,0.4,0.8,-43.6,139.6,160.1,70.2,5.0,127.0,18.0,0.6,0.4,0.8,50.5,88.6,178.0,107.4,5.0,80.1,18.0,0.6,0.4,0.8,-27.1,92.7,104.1,46.7,5.0,81.6,18.0,0.6,0.4,0.8,10.8,25.7,46.0,28.3,5.0,23.3,18.0,0.6,0.4,0.8,-5.2,21.0,32.6,14.7,5.0,21.3,18.0,0.6,0.4,0.8,151.5,301.0,1277.0,668.0,5.0,752.0,18.0,0.6,0.4,0.8,150.0,300.0,1275.0,670.0,5.0,750.0,18.0,0.6,0.4,0.8
1974,2,114.0,-21.0,28.13,28.4,28.67,28.4,2.0,0.57,24.0,0.5,0.8,0.8,27.9,27.9,27.9,27.9,1.0,0.0,26.0,0.0,0.7,0.9,19.01,19.01,19.01,19.01,1.0,0.0,26.0,0.0,0.7,0.9,80.3,80.3,80.3,80.3,1.0,0.0,26.0,0.0,0.9,5.08,7.2,9.32,7.2,2.0,4.38,24.0,0.5,0.8,0.8,4.04,5.09,6.13,5.09,2.0,2.17,24.0,0.5,0.8,0.8,-0.47,2.92,6.31,2.92,2.0,7.03,24.0,0.5,0.8,0.8,1002.77,1003.35,1003.93,1003.35,2.0,1.2,24.0,0.5,0.8,0.8,0.6,2.0,3.4,2.0,2.0,2.8,24.0,0.5,0.8,0.8,23.1,41.4,59.7,41.4,2.0,37.9,24.0,0.5,0.8,0.8,5.8,36.4,67.0,36.4,2.0,63.4,24.0,0.5,0.8,0.8,0.9,0.9,0.9,0.9,1.0,0.0,26.0,0.0,0.7,0.9,3.7,3.7,3.7,3.7,1.0,0.0,26.0,0.0,0.7,0.9,6.02,6.02,6.02,6.02,1.0,0.0,26.0,0.0,0.7,0.9,24.7,24.7,24.7,24.7,1.0,0.0,26.0,0.0,0.7,0.9,99.1,99.1,99.1,99.1,1.0,0.0,26.0,0.0,0.7,0.9,-57.2,-57.2,-57.2,-57.2,1.0,0.0,26.0,0.0,0.7,0.9,67.5,67.5,67.5,67.5,1.0,0.0,26.0,0.0,0.7,0.9,-39.0,-39.0,-39.0,-39.0,1.0,0.0,26.0,0.0,0.7,0.9,21.4,21.4,21.4,21.4,1.0,0.0,26.0,0.0,0.7,0.9,-12.3,-12.3,-12.3,-12.3,1.0,0.0,26.0,0.0,0.7,0.9,231.5,581.0,930.0,581.0,2.0,724.0,24.0,0.5,0.8,0.8,230.0,580.0,930.0,580.0,2.0,725.0,24.0,0.5,0.8,0.8
1974,2,114.0,-19.0,31.1,31.1,31.1,31.1,1.0,0.0,16.0,1.0,0.0,0.1,31.3,31.3,31.3,31.3,1.0,0.0,16.0,1.0,0.0,0.1,20.66,20.66,20.66,20.66,1.0,0.0,16.0,1.0,0.0,0.1,71.8,71.8,71.8,71.8,1.0,0.0,16.0,1.0,0.1,1.0,1.0,1.0,1.0,1.0,0.0,16.0,1.0,0.0,0.1,0.98,0.98,0.98,0.98,1.0,0.0,16.0,1.0,0.0,0.1,0.17,0.17,0.17,0.17,1.0,0.0,16.0,1.0,0.0,0.1,1005.6,1005.6,1005.6,1005.6,1.0,0.0,16.0,1.0,0.0,0.1,2.0,2.0,2.0,2.0,1.0,0.0,16.0,1.0,0.0,0.1,1.0,1.0,1.0,1.0,1.0,0.0,16.0,1.0,0.0,0.1,0.2,0.2,0.2,0.2,1.0,0.0,16.0,1.0,0.0,0.1,-0.2,-0.2,-0.2,-0.2,1.0,0.0,16.0,1.0,0.0,0.1,-0.2,-0.2,-0.2,-0.2,1.0,0.0,16.0,1.0,0.0,0.1,7.94,7.94,7.94,7.94,1.0,0.0,16.0,1.0,0.0,0.1,7.9,7.9,7.9,7.9,1.0,0.0,16.0,1.0,0.0,0.1,30.8,30.8,30.8,30.8,1.0,0.0,16.0,1.0,0.0,0.1,5.4,5.4,5.4,5.4,1.0,0.0,16.0,1.0,0.0,0.1,20.3,20.3,20.3,20.3,1.0,0.0,16.0,1.0,0.0,0.1,3.6,3.6,3.6,3.6,1.0,0.0,16.0,1.0,0.0,0.1,7.8,7.8,7.8,7.8,1.0,0.0,16.0,1.0,0.0,0.1,1.4,1.4,1.4,1.4,1.0,0.0,16.0,1.0,0.0,0.1,1.0,1.0,1.0,1.0,1.0,0.0,16.0,1.0,0.0,0.1,0.0,0.0,0.0,0.0,1.0,0.0,16.0,1.0,0.0,0.1
1974,2,114.0,-18.0,29.0,29.0,29.0,29.0,1.0,0.0,24.0,0.0,0.1,0.8,27.34,27.85,28.36,27.85,2.0,1.06,16.0,0.5,0.2,0.6,17.77,18.12,18.47,18.12,2.0,0.73,16.0,0.5,0.2,0.6,73.5,77.2,80.9,77.2,2.0,7.7,16.0,0.5,0.6,5.35,5.9,6.45,5.9,2.0,1.13,16.0,0.5,0.2,0.6,5.15,5.41,5.68,5.41,2.0,0.55,16.0,0.5,0.2,0.6,1.28,2.12,2.96,2.12,2.0,1.74,16.0,0.5,0.2,0.6,1006.17,1006.75,1007.33,1006.75,2.0,1.2,16.0,0.5,0.2,0.6,1.3,2.0,2.7,2.0,2.0,1.4,16.0,0.5,0.2,0.6,27.7,32.2,36.8,32.2,2.0,9.4,16.0,0.5,0.2,0.6,7.4,13.5,19.6,13.5,2.0,12.7,16.0,0.5,0.2,0.6,0.4,0.4,0.4,0.4,1.0,0.0,24.0,0.0,0.1,0.8,2.0,2.0,2.0,2.0,1.0,0.0,24.0,0.0,0.1,0.8,7.63,7.63,7.63,7.63,1.0,0.0,24.0,0.0,0.1,0.8,38.9,38.9,38.9,38.9,1.0,0.0,24.0,0.0,0.1,0.8,145.8,150.4,155.1,150.4,2.0,9.6,16.0,0.5,0.2,0.6,35.7,58.1,80.4,58.1,2.0,46.3,16.0,0.5,0.2,0.6,91.5,98.3,105.0,98.3,2.0,13.9,16.0,0.5,0.2,0.6,23.0,39.0,55.0,39.0,2.0,33.1,16.0,0.5,0.2,0.6,38.3,38.3,38.3,38.3,1.0,0.0,24.0,0.0,0.1,0.8,6.8,6.8,6.8,6.8,1.0,0.0,24.0,0.0,0.1,0.8,159.5,216.5,274.0,216.5,2.0,119.0,16.0,0.5,0.2,0.6,160.0,215.0,275.0,215.0,2.0,120.0,16.0,0.5,0.2,0.6
1974,2,114.0,-16.0,27.98,29.25,30.0,29.0,4.0,1.22,14.0,0.5,0.5,0.4,28.27,29.0,29.52,28.9,4.0,0.99,14.0,0.5,0.5,0.4,18.06,19.41,20.73,19.39,4.0,1.6,14.0,0.5,0.5,0.4,71.7,76.4,83.4,77.5,4.0,7.5,14.0,0.5,0.4,1.3,4.1,4.44,2.9,3.0,2.52,12.0,0.7,0.5,0.4,1.12,3.52,3.54,2.36,3.0,2.04,12.0,0.7,0.5,0.4,0.65,2.05,2.67,1.67,3.0,1.51,12.0,0.7,0.5,0.4,1005.17,1006.25,1006.91,1006.05,4.0,1.16,14.0,0.5,0.5,0.4,1.0,1.5,2.5,1.8,4.0,1.0,14.0,0.5,0.5,0.4,4.6,14.6,15.7,10.3,3.0,8.9,12.0,0.7,0.5,0.4,2.7,8.4,12.0,7.3,3.0,6.9,12.0,0.7,0.5,0.4,-0.88,0.95,1.0,0.1,4.0,1.73,14.0,0.5,0.5,0.4,-7.0,0.0,3.1,-1.9,3.0,7.6,12.0,0.7,0.5,0.4,3.07,6.29,8.75,5.93,4.0,3.39,14.0,0.5,0.5,0.4,2.6,8.1,28.7,15.4,3.0,20.1,12.0,0.7,0.5,0.4,32.4,102.2,105.1,69.6,3.0,60.3,12.0,0.7,0.5,0.4,19.5,61.5,78.1,49.1,3.0,44.2,12.0,0.7,0.5,0.4,20.7,65.3,72.0,46.8,3.0,40.8,12.0,0.7,0.5,0.4,13.8,43.3,51.2,32.7,3.0,28.9,12.0,0.7,0.5,0.4,2.2,7.0,22.2,12.1,3.0,15.3,12.0,0.7,0.5,0.4,1.3,4.1,18.0,9.5,3.0,13.2,12.0,0.7,0.5,0.4,22.0,69.0,88.5,55.5,3.0,50.0,12.0,0.7,0.5,0.4,20.0,70.0,90.0,55.0,3.0,50.0,12.0,0.7,0.5,0.4
1974,2,114.0,-15.0,29.58,29.75,29.92,29.75,2.0,0.35,10.0,0.0,0.8,0.9,27.13,27.4,27.67,27.4,2.0,0.57,10.0,0.0,0.8,0.9,18.47,19.3,20.14,19.3,2.0,1.73,10.0,0.0,0.8,0.9,81.7,84.0,86.3,84.0,2.0,4.7,10.0,0.0,0.9,4.18,4.35,4.52,4.35,2.0,0.35,10.0,0.0,0.8,0.9,3.62,3.81,4.01,3.81,2.0,0.41,10.0,0.0,0.8,0.9,0.47,1.48,2.49,1.48,2.0,2.09,10.0,0.0,0.8,0.9,1005.5,1005.7,1005.9,1005.7,2.0,0.42,10.0,0.0,0.8,0.9,3.0,3.0,3.0,3.0,2.0,0.0,10.0,0.0,0.8,0.9,16.3,16.5,16.7,16.5,2.0,0.4,10.0,0.0,0.8,0.9,2.2,6.8,11.4,6.8,2.0,9.6,10.0,0.0,0.8,0.9,1.91,2.35,2.79,2.35,2.0,0.92,10.0,0.0,0.8,0.9,8.1,10.4,12.7,10.4,2.0,4.8,10.0,0.0,0.8,0.9,6.02,7.13,8.23,7.13,2.0,2.29,10.0,0.0,0.8,0.9,25.4,31.4,37.4,31.4,2.0,12.5,10.0,0.0,0.8,0.9,98.1,104.6,111.0,104.6,2.0,13.3,10.0,0.0,0.8,0.9,12.7,39.9,67.2,39.9,2.0,56.5,10.0,0.0,0.8,0.9,67.0,73.9,80.9,73.9,2.0,14.5,10.0,0.0,0.8,0.9,8.5,26.7,45.0,26.7,2.0,37.8,10.0,0.0,0.8,0.9,23.9,26.7,29.5,26.7,2.0,5.8,10.0,0.0,0.8,0.9,4.1,12.9,21.7,12.9,2.0,18.3,10.0,0.0,0.8,0.9,73.5,83.0,93.0,83.0,2.0,20.0,10.0,0.0,0.8,0.9,75.0,85.0,95.0,85.0,2.0,20.0,10.0,0.0,0.8,0.9
1974,2,114.0,-14.0,27.16,27.5,27.84,27.5,2.0,0.71,18.0,0.5,0.7,0.4,28.48,29.5,30.52,29.5,2.0,2.12,18.0,0.5,0.7,0.4,19.06,19.9,20.75,19.9,2.0,1.75,18.0,0.5,0.7,0.4,75.3,76.6,77.8,76.6,2.0,2.6,18.0,0.5,0.4,4.67,5.9,7.13,5.9,2.0,2.55,18.0,0.5,0.7,0.4,4.14,5.39,6.65,5.39,2.0,2.61,18.0,0.5,0.7,0.4,2.14,2.34,2.54,2.34,2.0,0.41,18.0,0.5,0.7,0.4,1004.41,1005.3,1006.19,1005.3,2.0,1.84,18.0,0.5,0.7,0.4,4.3,5.0,5.7,5.0,2.0,1.4,18.0,0.5,0.7,0.4,21.1,35.1,49.2,35.1,2.0,29.1,18.0,0.5,0.7,0.4,10.3,14.3,18.4,14.3,2.0,8.4,18.0,0.5,0.7,0.4,-2.68,-2.0,-1.32,-2.0,2.0,1.41,18.0,0.5,0.7,0.4,-11.6,-10.0,-8.4,-10.0,2.0,3.3,18.0,0.5,0.7,0.4,2.86,3.26,3.65,3.26,2.0,0.82,18.0,0.5,0.7,0.4,13.9,20.2,26.6,20.2,2.0,13.1,18.0,0.5,0.7,0.4,124.8,156.3,187.9,156.3,2.0,65.4,18.0,0.5,0.7,0.4,65.2,68.6,72.1,68.6,2.0,7.2,18.0,0.5,0.7,0.4,84.6,105.1,125.5,105.1,2.0,42.4,18.0,0.5,0.7,0.4,44.3,46.2,48.2,46.2,2.0,4.1,18.0,0.5,0.7,0.4,12.4,18.6,24.8,18.6,2.0,12.9,18.0,0.5,0.7,0.4,6.2,7.8,9.4,7.8,2.0,3.3,18.0,0.5,0.7,0.4,130.5,262.5,395.0,262.5,2.0,274.0,18.0,0.5,0.7,0.4,130.0,265.0,395.0,265.0,2.0,275.0,18.0,0.5,0.7,0.4
1974,2,114.0,-13.0,27.0,27.0,27.0,27.0,1.0,0.0,24.0,1.0,0.8,0.6,26.8,26.8,26.8,26.8,1.0,0.0,24.0,1.0,0.8,0.6,18.74,18.74,18.74,18.74,1.0,0.0,24.0,1.0,0.8,0.6,84.7,84.7,84.7,84.7,1.0,0.0,24.0,1.0,0.6,2.6,2.6,2.6,2.6,1.0,0.0,24.0,1.0,0.8,0.6,0.45,0.45,0.45,0.45,1.0,0.0,24.0,1.0,0.8,0.6,-2.56,-2.56,-2.56,-2.56,1.0,0.0,24.0,1.0,0.8,0.6,1006.1,1006.1,1006.1,1006.1,1.0,0.0,24.0,1.0,0.8,0.6,7.0,7.0,7.0,7.0,1.0,0.0,24.0,1.0,0.8,0.6,1.2,1.2,1.2,1.2,1.0,0.0,24.0,1.0,0.8,0.6,-6.7,-6.7,-6.7,-6.7,1.0,0.0,24.0,1.0,0.8,0.6,0.2,0.2,0.2,0.2,1.0,0.0,24.0,1.0,0.8,0.6,0.5,0.5,0.5,0.5,1.0,0.0,24.0,1.0,0.8,0.6,3.71,3.71,3.71,3.71,1.0,0.0,24.0,1.0,0.8,0.6,9.6,9.6,9.6,9.6,1.0,0.0,24.0,1.0,0.8,0.6,12.1,12.1,12.1,12.1,1.0,0.0,24.0,1.0,0.8,0.6,-68.6,-68.6,-68.6,-68.6,1.0,0.0,24.0,1.0,0.8,0.6,8.5,8.5,8.5,8.5,1.0,0.0,24.0,1.0,0.8,0.6,-48.0,-48.0,-48.0,-48.0,1.0,0.0,24.0,1.0,0.8,0.6,1.7,1.7,1.7,1.7,1.0,0.0,24.0,1.0,0.8,0.6,-9.5,-9.5,-9.5,-9.5,1.0,0.0,24.0,1.0,0.8,0.6,17.5,17.5,17.5,17.5,1.0,0.0,24.0,1.0,0.8,0.6,20.0,20.0,20.0,20.0,1.0,0.0,24.0,1.0,0.8,0.6
1974,2,114.0,-11.0,26.8,26.8,26.8,26.8,1.0,0.0,2.0,1.0,0.2,0.8,26.5,26.5,26.5,26.5,1.0,0.0,2.0,1.0,0.2,0.8,18.24,18.24,18.24,18.24,1.0,0.0,2.0,1.0,0.2,0.8,84.1,84.1,84.1,84.1,1.0,0.0,2.0,1.0,0.8,2.1,2.1,2.1,2.1,1.0,0.0,2.0,1.0,0.2,0.8,2.07,2.07,2.07,2.07,1.0,0.0,2.0,1.0,0.2,0.8,-0.36,-0.36,-0.36,-0.36,1.0,0.0,2.0,1.0,0.2,0.8,1008.6,1008.6,1008.6,1008.6,1.0,0.0,2.0,1.0,0.2,0.8,7.0,7.0,7.0,7.0,1.0,0.0,2.0,1.0,0.2,0.8,4.3,4.3,4.3,4.3,1.0,0.0,2.0,1.0,0.2,0.8,-0.8,-0.8,-0.8,-0.8,1.0,0.0,2.0,1.0,0.2,0.8,0.3,0.3,0.3,0.3,1.0,0.0,2.0,1.0,0.2,0.8,0.6,0.6,0.6,0.6,1.0,0.0,2.0,1.0,0.2,0.8,3.89,3.89,3.89,3.89,1.0,0.0,2.0,1.0,0.2,0.8,8.2,8.2,8.2,8.2,1.0,0.0,2.0,1.0,0.2,0.8,54.8,54.8,54.8,54.8,1.0,0.0,2.0,1.0,0.2,0.8,-9.7,-9.7,-9.7,-9.7,1.0,0.0,2.0,1.0,0.2,0.8,37.7,37.7,37.7,37.7,1.0,0.0,2.0,1.0,0.2,0.8,-6.7,-6.7,-6.7,-6.7,1.0,0.0,2.0,1.0,0.2,0.8,8.0,8.0,8.0,8.0,1.0,0.0,2.0,1.0,0.2,0.8,-1.4,-1.4,-1.4,-1.4,1.0,0.0,2.0,1.0,0.2,0.8,9.5,9.5,9.5,9.5,1.0,0.0,2.0,1.0,0.2,0.8,10.0,10.0,10.0,10.0,1.0,0.0,2.0,1.0,0.2,0.8
1974,2,114.0,-10.0,28.7,28.7,28.7,28.7,1.0,0.0,14.0,1.0,0.3,0.1,28.5,28.5,28.5,28.5,1.0,0.0,14.0,1.0,0.3,0.1,19.9,19.9,19.9,19.9,1.0,0.0,14.0,1.0,0.3,0.1,81.4,81.4,81.4,81.4,1.0,0.0,14.0,1.0,0.1,10.8,10.8,10.8,10.8,1.0,0.0,14.0,1.0,0.3,0.1,10.64,10.64,10.64,10.64,1.0,0.0,14.0,1.0,0.3,0.1,-1.88,-1.88,-1.88,-1.88,1.0,0.0,14.0,1.0,0.3,0.1,1006.8,1006.8,1006.8,1006.8,1.0,0.0,14.0,1.0,0.3,0.1,4.0,4.0,4.0,4.0,1.0,0.0,14.0,1.0,0.3,0.1,114.9,114.9,114.9,114.9,1.0,0.0,14.0,1.0,0.3,0.1,-20.3,-20.3,-20.3,-20.3,1.0,0.0,14.0,1.0,0.3,0.1,0.2,0.2,0.2,0.2,1.0,0.0,14.0,1.0,0.3,0.1,2.2,2.2,2.2,2.2,1.0,0.0,14.0,1.0,0.3,0.1,4.92,4.92,4.92,4.92,1.0,0.0,14.0,1.0,0.3,0.1,53.1,53.1,53.1,53.1,1.0,0.0,14.0,1.0,0.3,0.1,303.1,303.1,303.1,303.1,1.0,0.0,14.0,1.0,0.3,0.1,-53.4,-53.4,-53.4,-53.4,1.0,0.0,14.0,1.0,0.3,0.1,211.6,211.6,211.6,211.6,1.0,0.0,14.0,1.0,0.3,0.1,-37.3,-37.3,-37.3,-37.3,1.0,0.0,14.0,1.0,0.3,0.1,52.3,52.3,52.3,52.3,1.0,0.0,14.0,1.0,0.3,0.1,-9.2,-9.2,-9.2,-9.2,1.0,0.0,14.0,1.0,0.3,0.1,1259.5,1259.5,1259.5,1259.5,1.0,0.0,14.0,1.0,0.3,0.1,1260.0,1260.0,1260.0,1260.0,1.0,0.0,14.0,1.0,0.3,0.1
1974,2,114.0,-8.0,28.0,28.0,28.0,28.0,1.0,0.0,4.0,1.0,0.5,0.8,28.0,28.0,28.0,28.0,1.0,0.0,4.0,1.0,0.5,0.8,19.15,19.15,19.15,19.15,1.0,0.0,4.0,1.0,0.5,0.8,80.8,80.8,80.8,80.8,1.0,0.0,4.0,1.0,0.8,1.0,1.0,1.0,1.0,1.0,0.0,4.0,1.0,0.5,0.8,0.17,0.17,0.17,0.17,1.0,0.0,4.0,1.0,0.5,0.8,-0.98,-0.98,-0.98,-0.98,1.0,0.0,4.0,1.0,0.5,0.8,1008.9,1008.9,1008.9,1008.9,1.0,0.0,4.0,1.0,0.5,0.8,7.0,7.0,7.0,7.0,1.0,0.0,4.0,1.0,0.5,0.8,0.2,0.2,0.2,0.2,1.0,0.0,4.0,1.0,0.5,0.8,-1.0,-1.0,-1.0,-1.0,1.0,0.0,4.0,1.0,0.5,0.8,0.0,0.0,0.0,0.0,1.0,0.0,4.0,1.0,0.5,0.8,0.0,0.0,0.0,0.0,1.0,0.0,4.0,1.0,0.5,0.8,4.61,4.61,4.61,4.61,1.0,0.0,4.0,1.0,0.5,0.8,4.6,4.6,4.6,4.6,1.0,0.0,4.0,1.0,0.5,0.8,4.9,4.9,4.9,4.9,1.0,0.0,4.0,1.0,0.5,0.8,-27.6,-27.6,-27.6,-27.6,1.0,0.0,4.0,1.0,0.5,0.8,3.3,3.3,3.3,3.3,1.0,0.0,4.0,1.0,0.5,0.8,-18.9,-18.9,-18.9,-18.9,1.0,0.0,4.0,1.0,0.5,0.8,0.8,0.8,0.8,0.8,1.0,0.0,4.0,1.0,0.5,0.8,-4.5,-4.5,-4.5,-4.5,1.0,0.0,4.0,1.0,0.5,0.8,1.0,1.0,1.0,1.0,1.0,0.0,4.0,1.0,0.5,0.8,0.0,0.0,0.0,0.0,1.0,0.0,4.0,1.0,0.5,0.8
1974,2,114.0,-7.0,26.93,27.0,27.89,27.4,3.0,0.78,18.0,0.0,0.6,0.3,26.9,26.9,26.97,26.93,3.0,0.06,18.0,0.0,0.6,0.3,18.73,19.19,20.17,19.44,3.0,1.08,18.0,0.0,0.6,0.3,83.8,86.2,90.6,87.2,3.0,5.0,18.0,0.0,0.3,7.78,7.95,8.12,7.95,2.0,0.35,22.0,0.0,0.6,0.4,7.68,7.89,8.1,7.89,2.0,0.44,22.0,0.0,0.6,0.4,-1.12,-0.67,-0.21,-0.67,2.0,0.95,22.0,0.0,0.6,0.4,1006.32,1006.8,1006.94,1006.63,3.0,0.47,18.0,0.0,0.6,0.3,7.3,8.0,8.0,7.7,3.0,0.6,18.0,0.0,0.6,0.3,59.8,62.8,65.8,62.8,2.0,6.3,22.0,0.0,0.6,0.4,-8.7,-5.1,-1.6,-5.1,2.0,7.3,22.0,0.0,0.6,0.4,0.0,0.0,0.96,0.47,3.0,0.81,18.0,0.0,0.6,0.3,1.8,5.7,9.7,5.7,2.0,8.1,22.0,0.0,0.6,0.4,3.27,3.6,3.83,3.55,3.0,0.41,18.0,0.0,0.6,0.3,24.9,26.8,28.7,26.8,2.0,3.9,22.0,0.0,0.6,0.4,206.6,212.3,217.9,212.3,2.0,11.7,22.0,0.0,0.6,0.4,-30.3,-18.0,-5.7,-18.0,2.0,25.4,22.0,0.0,0.6,0.4,149.3,157.3,165.4,157.3,2.0,16.7,22.0,0.0,0.6,0.4,-21.6,-12.8,-4.1,-12.8,2.0,18.1,22.0,0.0,0.6,0.4,24.6,26.6,28.6,26.6,2.0,4.2,22.0,0.0,0.6,0.4,-3.5,-2.1,-0.7,-2.1,2.0,2.9,22.0,0.0,0.6,0.4,471.5,504.0,536.5,504.0,2.0,67.0,22.0,0.0,0.6,0.4,470.0,505.0,535.0,505.0,2.0,65.0,22.0,0.0,0.6,0.4
1974,2,114.0,4.0,26.0,26.0,26.0,26.0,2.0,0.0,16.0,1.0,0.6,0.8,25.4,25.4,25.4,25.4,1.0,0.0,16.0,1.0,0.6,0.8,18.46,18.46,18.46,18.46,1.0,0.0,16.0,1.0,0.6,0.8,90.9,90.9,90.9,90.9,1.0,0.0,16.0,1.0,0.8,5.1,5.1,5.1,5.1,1.0,0.0,16.0,1.0,0.6,0.8,-4.42,-4.42,-4.42,-4.42,1.0,0.0,16.0,1.0,0.6,0.8,-2.55,-2.55,-2.55,-2.55,1.0,0.0,16.0,1.0,0.6,0.8,1008.8,1008.8,1008.8,1008.8,1.0,0.0,16.0,1.0,0.6,0.8,4.3,5.0,5.7,5.0,2.0,1.4,16.0,1.0,0.6,0.8,-22.5,-22.5,-22.5,-22.5,1.0,0.0,16.0,1.0,0.6,0.8,-13.0,-13.0,-13.0,-13.0,1.0,0.0,16.0,1.0,0.6,0.8,0.6,0.6,0.6,0.6,1.0,0.0,16.0,1.0,0.6,0.8,3.1,3.1,3.1,3.1,1.0,0.0,16.0,1.0,0.6,0.8,2.63,2.63,2.63,2.63,1.0,0.0,16.0,1.0,0.6,0.8,13.4,13.4,13.4,13.4,1.0,0.0,16.0,1.0,0.6,0.8,-112.2,-112.2,-112.2,-112.2,1.0,0.0,16.0,1.0,0.6,0.8,-64.8,-64.8,-64.8,-64.8,1.0,0.0,16.0,1.0,0.6,0.8,-81.6,-81.6,-81.6,-81.6,1.0,0.0,16.0,1.0,0.6,0.8,-47.1,-47.1,-47.1,-47.1,1.0,0.0,16.0,1.0,0.6,0.8,-11.6,-11.6,-11.6,-11.6,1.0,0.0,16.0,1.0,0.6,0.8,-6.7,-6.7,-6.7,-6.7,1.0,0.0,16.0,1.0,0.6,0.8,132.5,132.5,132.5,132.5,1.0,0.0,16.0,1.0,0.6,0.8,135.0,135.0,135.0,135.0,1.0,0.0,16.0,1.0,0.6,0.8
1974,2,114.0,5.0,24.38,25.6,27.2,25.9,9.0,1.39,16.0,0.4,0.3,0.5,25.06,25.75,27.53,26.26,8.0,1.5,14.0,0.4,0.3,0.5,17.57,17.99,18.52,18.04,7.0,0.51,16.0,0.3,0.3,0.5,83.4,87.2,89.8,86.4,7.0,4.7,16.0,0.3,0.5,2.31,5.4,6.64,5.45,8.0,3.34,16.0,0.5,0.3,0.5,-5.6,-3.47,-2.09,-3.74,8.0,2.32,16.0,0.5,0.3,0.5,-4.71,-3.63,-0.92,-3.45,8.0,3.18,16.0,0.5,0.3,0.5,1006.21,1008.7,1009.96,1008.28,9.0,2.1,16.0,0.4,0.3,0.5,5.3,7.0,8.0,6.4,9.0,1.9,16.0,0.4,0.3,0.5,-37.3,-18.8,-5.0,-26.9,8.0,30.9,16.0,0.5,0.3,0.5,-28.9,-21.2,-2.5,-27.8,8.0,37.3,16.0,0.5,0.3,0.5,-1.44,0.0,0.56,-0.52,8.0,1.5,14.0,0.4,0.3,0.5,-9.2,-1.3,3.6,-2.7,7.0,11.0,14.0,0.4,0.3,0.5,1.09,2.57,3.36,2.37,7.0,1.17,16.0,0.3,0.3,0.5,6.0,10.5,18.8,14.4,6.0,13.4,16.0,0.3,0.4,0.6,-150.7,-93.4,-80.6,-110.0,7.0,46.9,14.0,0.4,0.3,0.5,-135.9,-97.7,-71.9,-107.2,7.0,64.8,14.0,0.4,0.3,0.5,-113.4,-68.0,-54.4,-79.3,6.0,36.2,16.0,0.3,0.4,0.6,-101.2,-73.5,-52.0,-78.4,6.0,48.4,16.0,0.3,0.4,0.6,-14.1,-8.1,-3.9,-10.1,6.0,8.4,16.0,0.3,0.4,0.6,-14.4,-5.6,-3.5,-9.8,6.0,10.8,16.0,0.3,0.4,0.6,15.5,159.0,294.0,349.5,8.0,620.0,16.0,0.5,0.3,0.5,15.0,160.0,295.0,350.0,8.0,620.0,16.0,0.5,0.3,0.5
1974,2,114.0,6.0,24.63,26.0,27.37,26.0,2.0,2.83,8.0,0.0,0.8,0.1,25.38,25.9,26.52,25.95,4.0,0.82,14.0,0.3,0.8,0.3,18.31,18.31,18.31,18.31,1.0,0.0,14.0,0.0,0.8,0.1,88.2,88.2,88.2,88.2,1.0,0.0,14.0,0.0,0.1,3.58,4.6,7.14,5.33,4.0,2.58,14.0,0.3,0.8,0.3,-5.13,-3.78,-0.45,-2.84,4.0,3.4,14.0,0.3,0.8,0.3,-4.87,-2.59,-2.46,-3.61,4.0,2.19,14.0,0.3,0.8,0.3,1010.41,1011.3,1011.3,1010.87,3.0,0.75,14.0,0.0,0.8,0.2,6.0,6.5,7.5,6.8,4.0,1.0,14.0,0.3,0.8,0.3,-38.0,-17.7,-2.9,-20.3,4.0,24.3,14.0,0.3,0.8,0.3,-38.7,-11.9,-9.0,-23.3,4.0,25.9,14.0,0.3,0.8,0.3,-1.2,0.1,1.4,0.1,2.0,2.69,8.0,0.0,0.8,0.1,-4.9,4.4,13.7,4.4,2.0,19.2,8.0,0.0,0.8,0.1,0.34,0.34,0.34,0.34,1.0,0.0,14.0,0.0,0.8,0.1,1.7,1.7,1.7,1.7,1.0,0.0,14.0,0.0,0.8,0.1,-133.1,-99.4,-14.3,-74.8,4.0,87.3,14.0,0.3,0.8,0.3,-127.8,-68.5,-62.4,-93.9,4.0,57.1,14.0,0.3,0.8,0.3,-80.9,-80.9,-80.9,-80.9,1.0,0.0,14.0,0.0,0.8,0.1,-46.7,-46.7,-46.7,-46.7,1.0,0.0,14.0,0.0,0.8,0.1,-1.5,-1.5,-1.5,-1.5,1.0,0.0,14.0,0.0,0.8,0.1,-0.9,-0.9,-0.9,-0.9,1.0,0.0,14.0,0.0,0.8,0.1,48.5,101.0,445.0,240.0,4.0,328.5,14.0,0.3,0.8,0.3,50.0,100.0,445.0,240.0,4.0,330.0,14.0,0.3,0.8,0.3
1974,2,114.0,11.0,25.32,25.5,26.06,25.56,7.0,1.03,16.0,0.3,0.3,0.8,24.08,24.9,25.76,25.03,8.0,0.86,16.0,0.3,0.3,0.8,14.42,15.82,17.43,15.9,8.0,1.43,16.0,0.3,0.3,0.8,76.5,79.0,82.9,80.2,8.0,4.6,16.0,0.3,0.8,6.66,9.8,15.5,10.45,6.0,4.48,18.0,0.3,0.4,0.8,-6.36,-4.74,-2.29,-4.81,6.0,2.91,18.0,0.3,0.4,0.8,-12.45,-9.04,-5.69,-8.86,6.0,4.54,18.0,0.3,0.4,0.8,1009.67,1012.0,1013.2,1011.53,8.0,2.04,16.0,0.3,0.3,0.8,4.1,6.5,7.9,6.0,8.0,1.9,16.0,0.3,0.3,0.8,-100.1,-36.5,-17.2,-57.4,6.0,54.2,18.0,0.3,0.4,0.8,-193.2,-88.5,-40.1,-108.7,6.0,85.6,18.0,0.3,0.4,0.8,-0.34,0.6,1.54,0.49,7.0,1.15,16.0,0.3,0.3,0.8,-3.8,4.3,12.0,5.0,5.0,11.1,20.0,0.4,0.4,0.8,2.73,4.21,6.1,4.54,7.0,1.88,16.0,0.3,0.3,0.8,20.2,32.8,60.8,40.8,5.0,31.2,20.0,0.4,0.4,0.8,-155.6,-123.7,-57.9,-120.3,6.0,69.2,18.0,0.3,0.4,0.8,-300.9,-228.6,-145.0,-220.5,6.0,110.0,18.0,0.3,0.4,0.8,-95.8,-80.8,-38.1,-76.1,6.0,40.0,18.0,0.3,0.4,0.8,-181.9,-152.9,-94.6,-140.8,6.0,67.3,18.0,0.3,0.4,0.8,-35.2,-11.2,-8.0,-21.3,5.0,22.2,20.0,0.4,0.4,0.8,-49.2,-30.8,-17.3,-33.5,5.0,24.4,20.0,0.4,0.4,0.8,316.5,948.5,3728.0,1673.5,6.0,1714.0,18.0,0.3,0.4,0.8,315.0,950.0,3730.0,1675.0,6.0,1715.0,18.0,0.3,0.4,0.8
1974,2,114.0,12.0,24.99,26.1,27.7,26.23,45.0,1.36,16.0,0.6,0.3,0.5,24.63,25.6,27.0,26.01,43.0,1.71,16.0,0.5,0.3,0.5,15.19,17.31,19.01,17.27,40.0,2.59,16.0,0.5,0.3,0.5,72.6,82.2,89.7,81.4,40.0,7.9,16.0,0.5,0.5,5.1,7.2,14.4,8.95,42.0,4.24,16.0,0.5,0.3,0.5,-6.67,-3.99,-2.55,-4.44,42.0,1.91,16.0,0.5,0.3,0.5,-12.75,-6.27,-3.16,-7.29,42.0,4.66,16.0,0.5,0.3,0.5,1009.1,1011.5,1013.5,1011.34,43.0,2.04,16.0,0.5,0.3,0.4,2.0,5.0,8.0,5.4,45.0,2.2,16.0,0.6,0.3,0.5,-78.6,-31.5,-15.8,-44.2,42.0,33.1,16.0,0.5,0.3,0.5,-185.8,-43.5,-15.2,-83.4,42.0,82.5,16.0,0.5,0.3,0.5,-1.47,0.5,2.03,0.25,43.0,2.11,16.0,0.5,0.3,0.5,-13.4,2.0,14.1,3.0,40.0,18.3,16.0,0.5,0.3,0.5,2.12,4.24,6.53,4.03,40.0,2.69,16.0,0.5,0.3,0.5,5.0,28.9,73.3,37.3,38.0,36.1,16.0,0.5,0.3,0.5,-180.2,-104.2,-72.9,-116.2,40.0,52.5,16.0,0.5,0.3,0.5,-320.3,-161.2,-81.4,-184.2,40.0,117.1,16.0,0.5,0.3,0.5,-105.7,-70.7,-47.3,-76.6,38.0,38.9,16.0,0.5,0.3,0.5,-189.5,-100.6,-62.0,-118.3,38.0,72.6,16.0,0.5,0.3,0.5,-30.5,-15.4,-3.8,-17.8,38.0,19.5,16.0,0.5,0.3,0.5,-59.3,-22.5,-3.2,-31.9,38.0,31.3,16.0,0.5,0.3,0.5,132.5,373.0,2986.0,1218.5,42.0,1477.5,16.0,0.5,0.3,0.5,135.0,375.0,2985.0,1220.0,42.0,1475.0,16.0,0.5,0.3,0.5
1974,2,114.0,13.0,25.0,26.0,27.0,25.91,53.0,1.1,14.0,0.6,0.4,0.4,24.0,25.0,27.0,25.48,58.0,1.68,14.0,0.6,0.4,0.4,14.52,16.2,18.1,16.35,53.0,1.71,14.0,0.5,0.4,0.4,69.8,81.6,91.4,81.0,54.0,8.9,14.0,0.6,0.4,3.1,7.7,13.9,8.32,57.0,4.56,12.0,0.6,0.4,0.4,-6.63,-3.52,-1.16,-3.79,57.0,2.68,12.0,0.6,0.4,0.4,-12.12,-7.09,-2.49,-7.08,57.0,4.3,12.0,0.6,0.4,0.4,1010.59,1011.8,1014.01,1012.14,57.0,1.99,14.0,0.5,0.4,0.4,2.0,5.0,7.0,4.7,56.0,2.3,12.0,0.6,0.4,0.4,-77.2,-25.6,-2.1,-40.5,57.0,39.6,12.0,0.6,0.4,0.4,-156.7,-51.3,-6.5,-77.6,57.0,70.5,12.0,0.6,0.4,0.4,-1.0,0.9,2.07,0.55,53.0,1.67,14.0,0.6,0.4,0.4,-7.2,2.5,28.0,6.8,52.0,16.0,12.0,0.6,0.4,0.4,2.51,4.85,6.52,4.51,49.0,2.23,14.0,0.6,0.4,0.4,8.3,27.9,88.4,43.7,48.0,36.1,14.0,0.6,0.4,0.4,-167.7,-95.1,-27.9,-96.3,57.0,67.4,12.0,0.6,0.4,0.4,-307.3,-177.3,-61.8,-178.5,57.0,106.9,12.0,0.6,0.4,0.4,-98.9,-61.9,-18.2,-58.7,52.0,40.6,14.0,0.6,0.4,0.4,-183.7,-117.2,-29.1,-113.0,52.0,64.8,14.0,0.6,0.4,0.4,-34.5,-16.0,-1.9,-18.7,48.0,16.6,14.0,0.6,0.4,0.4,-81.8,-26.6,-3.5,-38.3,48.0,33.5,14.0,0.6,0.4,0.4,30.0,456.5,2685.5,1087.0,57.0,1213.5,12.0,0.6,0.4,0.4,30.0,455.0,2685.0,1085.0,57.0,1215.0,12.0,0.6,0.4,0.4
1974,2,114.0,14.0,25.0,26.0,27.0,25.87,32.0,0.87,14.0,0.5,0.6,0.4,24.41,25.5,26.5,25.61,33.0,1.19,14.0,0.5,0.6,0.4,14.27,16.27,17.55,16.15,26.0,1.61,16.0,0.5,0.6,0.4,74.6,80.2,88.1,80.6,26.0,6.4,16.0,0.5,0.4,4.1,9.0,13.48,8.91,32.0,4.11,14.0,0.6,0.6,0.4,-6.16,-4.93,-2.3,-4.42,32.0,1.87,14.0,0.6,0.6,0.4,-13.22,-6.86,-2.93,-7.23,32.0,4.6,14.0,0.6,0.6,0.4,1010.72,1012.5,1014.82,1012.51,33.0,2.5,14.0,0.5,0.6,0.4,3.0,5.5,7.0,5.2,34.0,2.2,14.0,0.5,0.6,0.4,-75.0,-38.5,-10.6,-43.3,32.0,31.0,14.0,0.6,0.6,0.4,-178.3,-63.2,-13.4,-82.2,32.0,72.9,14.0,0.6,0.6,0.4,-1.02,0.1,1.77,0.34,31.0,1.31,14.0,0.5,0.6,0.4,-5.8,2.6,22.8,5.5,29.0,13.4,14.0,0.5,0.6,0.4,2.9,4.5,6.24,4.58,26.0,1.66,16.0,0.5,0.6,0.4,13.3,36.3,72.4,46.1,25.0,33.3,16.0,0.5,0.6,0.4,-163.2,-123.1,-59.4,-114.5,31.0,47.4,14.0,0.5,0.6,0.4,-330.0,-174.9,-77.3,-185.5,31.0,115.8,14.0,0.5,0.6,0.4,-92.0,-63.5,-38.6,-67.9,25.0,26.4,16.0,0.5,0.6,0.4,-186.8,-109.2,-49.1,-113.1,25.0,71.5,16.0,0.5,0.6,0.4,-34.5,-18.6,-6.8,-21.1,25.0,13.0,16.0,0.5,0.6,0.4,-64.0,-35.7,-8.6,-39.0,25.0,33.2,16.0,0.5,0.6,0.4,69.0,746.5,2452.5,1150.0,32.0,1187.5,14.0,0.6,0.6,0.4,70.0,745.0,2455.0,1150.0,32.0,1190.0,14.0,0.6,0.6,0.4
1974,2,114.0,15.0,25.6,25.6,25.6,25.6,1.0,0.0,12.0,0.0,0.9,0.1,22.2,22.2,22.2,22.2,1.0,0.0,12.0,0.0,0.9,0.1,12.82,12.82,12.82,12.82,1.0,0.0,12.0,0.0,0.9,0.1,77.1,77.1,77.1,77.1,1.0,0.0,12.0,0.0,0.1,14.4,14.4,14.4,14.4,1.0,0.0,12.0,0.0,0.9,0.1,-4.93,-4.93,-4.93,-4.93,1.0,0.0,12.0,0.0,0.9,0.1,-13.53,-13.53,-13.53,-13.53,1.0,0.0,12.0,0.0,0.9,0.1,1012.9,1012.9,1012.9,1012.9,1.0,0.0,12.0,0.0,0.9,0.1,7.0,7.0,7.0,7.0,1.0,0.0,12.0,0.0,0.9,0.1,-70.9,-70.9,-70.9,-70.9,1.0,0.0,12.0,0.0,0.9,0.1,-194.9,-194.9,-194.9,-194.9,1.0,0.0,12.0,0.0,0.9,0.1,3.4,3.4,3.4,3.4,1.0,0.0,12.0,0.0,0.9,0.1,49.0,49.0,49.0,49.0,1.0,0.0,12.0,0.0,0.9,0.1,7.68,7.68,7.68,7.68,1.0,0.0,12.0,0.0,0.9,0.1,110.6,110.6,110.6,110.6,1.0,0.0,12.0,0.0,0.9,0.1,-109.3,-109.3,-109.3,-109.3,1.0,0.0,12.0,0.0,0.9,0.1,-300.4,-300.4,-300.4,-300.4,1.0,0.0,12.0,0.0,0.9,0.1,-63.2,-63.2,-63.2,-63.2,1.0,0.0,12.0,0.0,0.9,0.1,-173.5,-173.5,-173.5,-173.5,1.0,0.0,12.0,0.0,0.9,0.1,-37.8,-37.8,-37.8,-37.8,1.0,0.0,12.0,0.0,0.9,0.1,-104.0,-104.0,-104.0,-104.0,1.0,0.0,12.0,0.0,0.9,0.1,2986.0,2986.0,2986.0,2986.0,1.0,0.0,12.0,0.0,0.9,0.1,2985.0,2985.0,2985.0,2985.0,1.0,0.0,12.0,0.0,0.9,0.1
1974,2,114.0,17.0,23.25,23.8,24.35,23.8,2.0,1.13,14.0,0.5,0.4,0.5,21.63,22.35,23.07,22.35,2.0,1.48,14.0,0.5,0.4,0.5,15.5,15.5,15.5,15.5,1.0,0.0,8.0,1.0,0.3,0.7,98.2,98.2,98.2,98.2,1.0,0.0,8.0,1.0,0.7,1.06,3.35,5.64,3.35,2.0,4.74,14.0,0.5,0.4,0.5,0.0,0.0,0.0,0.0,2.0,0.0,14.0,0.5,0.4,0.5,-5.64,-3.35,-1.06,-3.35,2.0,4.74,14.0,0.5,0.4,0.5,1010.27,1010.85,1011.43,1010.85,2.0,1.2,14.0,0.5,0.4,0.5,2.1,4.5,6.9,4.5,2.0,4.9,14.0,0.5,0.4,0.5,0.0,0.0,0.0,0.0,2.0,0.0,14.0,0.5,0.4,0.5,-37.8,-22.4,-7.1,-22.4,2.0,31.7,14.0,0.5,0.4,0.5,1.28,1.45,1.62,1.45,2.0,0.35,14.0,0.5,0.4,0.5,1.8,5.7,9.6,5.7,2.0,8.1,14.0,0.5,0.4,0.5,2.03,2.03,2.03,2.03,1.0,0.0,8.0,1.0,0.3,0.7,13.6,13.6,13.6,13.6,1.0,0.0,8.0,1.0,0.3,0.7,0.0,0.0,0.0,0.0,2.0,0.0,14.0,0.5,0.4,0.5,-120.1,-71.4,-22.6,-71.4,2.0,100.9,14.0,0.5,0.4,0.5,0.0,0.0,0.0,0.0,1.0,0.0,8.0,1.0,0.3,0.7,-103.8,-103.8,-103.8,-103.8,1.0,0.0,8.0,1.0,0.3,0.7,0.0,0.0,0.0,0.0,1.0,0.0,8.0,1.0,0.3,0.7,-13.6,-13.6,-13.6,-13.6,1.0,0.0,8.0,1.0,0.3,0.7,47.5,150.5,253.0,150.5,2.0,212.5,14.0,0.5,0.4,0.5,50.0,150.0,255.0,150.0,2.0,215.0,14.0,0.5,0.4,0.5
1974,2,114.0,18.0,21.74,23.3,23.76,22.78,4.0,1.56,14.0,0.8,0.7,0.3,21.07,22.4,25.78,23.38,4.0,3.45,14.0,0.8,0.7,0.3,12.93,13.15,13.37,13.15,2.0,0.46,8.0,1.0,0.8,0.5,83.6,84.6,85.6,84.6,2.0,2.1,8.0,1.0,0.5,7.24,11.55,13.14,10.25,4.0,4.35,18.0,0.8,0.6,0.4,-7.25,-4.8,-4.1,-5.64,4.0,2.28,18.0,0.8,0.6,0.4,-11.12,-10.0,-4.45,-7.89,4.0,5.34,18.0,0.8,0.6,0.4,1009.71,1012.5,1014.52,1012.14,5.0,2.93,16.0,0.8,0.6,0.3,5.6,7.0,8.0,6.8,5.0,1.3,16.0,0.8,0.6,0.3,-92.8,-55.0,-33.0,-62.6,4.0,45.1,18.0,0.8,0.6,0.4,-145.2,-121.6,-48.1,-97.8,4.0,68.5,18.0,0.8,0.6,0.4,-3.44,-0.4,2.22,-0.6,4.0,3.34,14.0,0.8,0.7,0.3,-29.2,-17.2,17.2,-6.2,3.0,35.3,16.0,0.7,0.7,0.3,4.6,4.68,4.76,4.68,2.0,0.17,8.0,1.0,0.8,0.5,59.0,59.0,59.0,59.0,1.0,0.0,8.0,1.0,0.9,0.8,-176.2,-113.2,-94.5,-134.8,3.0,62.7,16.0,0.7,0.7,0.3,-242.0,-235.8,-74.8,-160.2,3.0,138.8,16.0,0.7,0.7,0.3,-54.0,-54.0,-54.0,-54.0,1.0,0.0,8.0,1.0,0.9,0.8,-148.3,-148.3,-148.3,-148.3,1.0,0.0,8.0,1.0,0.9,0.8,-20.2,-20.2,-20.2,-20.2,1.0,0.0,8.0,1.0,0.9,0.8,-55.5,-55.5,-55.5,-55.5,1.0,0.0,8.0,1.0,0.9,0.8,633.5,1560.5,2293.0,1467.5,4.0,1103.5,18.0,0.8,0.6,0.4,635.0,1560.0,2295.0,1470.0,4.0,1105.0,18.0,0.8,0.6,0.4
1974,2,114.0,19.0,23.1,23.3,25.14,24.1,3.0,1.65,20.0,0.7,0.5,0.2,17.61,20.0,22.12,19.87,3.0,3.3,20.0,0.7,0.5,0.2,11.83,13.62,15.41,13.62,2.0,3.7,16.0,0.5,0.5,0.0,78.7,84.1,89.4,84.1,2.0,11.0,16.0,0.5,0.0,8.36,13.0,13.61,11.03,3.0,4.21,20.0,0.7,0.5,0.2,-5.95,-4.75,-3.63,-4.78,3.0,1.7,20.0,0.7,0.5,0.2,-12.49,-11.26,-7.24,-9.9,3.0,4.02,20.0,0.7,0.5,0.2,1011.86,1019.3,1024.15,1018.03,3.0,9.07,20.0,0.7,0.5,0.2,3.2,8.0,8.0,5.7,3.0,4.0,20.0,0.7,0.5,0.2,-78.7,-66.1,-34.1,-56.6,3.0,33.7,20.0,0.7,0.5,0.2,-170.4,-146.4,-69.2,-120.4,3.0,77.5,20.0,0.7,0.5,0.2,3.03,3.3,5.48,4.23,3.0,1.97,20.0,0.7,0.5,0.2,26.8,45.9,72.2,49.5,3.0,33.4,20.0,0.7,0.5,0.2,5.16,5.79,6.43,5.79,2.0,1.32,16.0,0.5,0.5,0.0,40.2,61.8,83.4,61.8,2.0,44.8,16.0,0.5,0.5,0.0,-103.4,-95.1,-79.1,-91.3,3.0,18.1,20.0,0.7,0.5,0.2,-237.3,-185.8,-143.6,-190.3,3.0,68.7,20.0,0.7,0.5,0.2,-52.0,-51.3,-50.6,-51.3,2.0,1.4,16.0,0.5,0.5,0.0,-134.7,-115.4,-96.2,-115.4,2.0,39.9,16.0,0.5,0.5,0.0,-29.3,-23.5,-17.8,-23.5,2.0,11.9,16.0,0.5,0.5,0.0,-78.0,-57.0,-35.9,-57.0,2.0,43.6,16.0,0.5,0.5,0.0,860.0,2197.0,2530.5,1707.0,3.0,1295.0,20.0,0.7,0.5,0.2,860.0,2195.0,2530.0,1705.0,3.0,1295.0,20.0,0.7,0.5,0.2
1974,2,114.0,20.0,20.69,22.1,23.37,22.23,13.0,1.92,12.0,0.3,0.3,0.6,17.52,19.55,22.48,19.59,14.0,3.16,12.0,0.4,0.3,0.6,9.93,12.85,14.77,12.37,11.0,2.23,10.0,0.3,0.3,0.6,79.3,85.2,90.6,84.1,11.0,7.4,10.0,0.3,0.6,6.2,8.75,11.3,8.39,14.0,3.4,12.0,0.4,0.3,0.6,-7.21,-5.34,-0.89,-4.83,14.0,3.53,12.0,0.4,0.3,0.6,-9.31,-5.42,-2.19,-5.63,14.0,3.94,12.0,0.4,0.3,0.6,1012.08,1014.9,1021.07,1016.17,14.0,4.65,12.0,0.4,0.3,0.6,5.8,8.0,8.0,7.0,13.0,1.5,14.0,0.4,0.3,0.6,-80.2,-40.7,-1.2,-43.4,14.0,41.9,12.0,0.4,0.3,0.6,-100.8,-48.5,-13.9,-57.3,14.0,47.1,12.0,0.4,0.3,0.6,-0.1,2.5,5.69,2.91,13.0,2.91,12.0,0.3,0.3,0.6,-0.1,24.6,65.0,31.4,13.0,32.7,12.0,0.3,0.3,0.6,2.03,4.21,7.81,4.68,11.0,2.55,10.0,0.3,0.3,0.6,10.1,35.3,79.4,45.4,11.0,35.0,10.0,0.3,0.3,0.6,-129.3,-110.0,-19.7,-95.1,14.0,69.6,12.0,0.4,0.3,0.6,-153.1,-105.8,-48.6,-101.6,14.0,65.4,12.0,0.4,0.3,0.6,-86.9,-70.3,-6.9,-55.6,11.0,44.6,10.0,0.3,0.3,0.6,-100.9,-63.6,-20.7,-59.0,11.0,45.5,10.0,0.3,0.3,0.6,-60.7,-16.8,-0.6,-24.2,11.0,27.6,10.0,0.3,0.3,0.6,-55.2,-24.4,-2.9,-30.9,11.0,32.2,10.0,0.3,0.3,0.6,238.5,678.0,1443.0,831.5,14.0,649.0,12.0,0.4,0.3,0.6,240.0,680.0,1445.0,830.0,14.0,650.0,12.0,0.4,0.3,0.6
1974,2,114.0,21.0,20.0,21.7,23.48,21.92,21.0,2.04,12.0,0.8,0.4,0.3,15.45,17.3,21.8,18.35,23.0,3.22,12.0,0.8,0.3,0.3,8.57,10.27,12.65,10.45,16.0,2.61,12.0,0.8,0.3,0.4,66.1,82.7,90.5,79.3,16.0,12.4,12.0,0.8,0.4,5.4,9.0,11.3,8.68,22.0,2.78,12.0,0.8,0.4,0.3,-7.67,-4.27,-2.78,-4.75,22.0,3.26,12.0,0.8,0.4,0.3,-9.21,-6.15,-3.06,-6.29,22.0,3.32,12.0,0.8,0.4,0.3,1011.39,1014.5,1022.06,1016.35,23.0,5.45,12.0,0.8,0.3,0.3,5.5,8.0,8.0,6.8,23.0,2.0,12.0,0.8,0.3,0.3,-87.4,-43.5,-11.6,-44.8,22.0,39.3,12.0,0.8,0.4,0.3,-100.0,-53.3,-18.8,-61.1,22.0,40.8,12.0,0.8,0.4,0.3,1.2,3.9,6.78,3.79,21.0,3.21,12.0,0.8,0.4,0.3,7.8,42.5,59.6,37.4,21.0,28.5,12.0,0.8,0.4,0.3,3.03,5.86,8.63,5.77,16.0,2.87,12.0,0.8,0.3,0.4,19.4,42.4,84.3,51.7,16.0,33.4,12.0,0.8,0.3,0.4,-149.8,-79.4,-48.8,-86.6,22.0,58.2,12.0,0.8,0.4,0.3,-158.7,-115.1,-65.4,-108.8,22.0,53.9,12.0,0.8,0.4,0.3,-79.6,-37.9,-26.2,-46.1,16.0,39.1,12.0,0.8,0.3,0.4,-93.2,-59.0,-35.8,-61.6,16.0,34.9,12.0,0.8,0.3,0.4,-35.1,-21.9,-10.5,-20.1,16.0,15.8,12.0,0.8,0.3,0.4,-73.0,-35.4,-8.2,-42.4,16.0,36.9,12.0,0.8,0.3,0.4,160.5,731.5,1443.0,836.0,22.0,618.0,12.0,0.8,0.4,0.3,160.0,730.0,1445.0,835.0,22.0,620.0,12.0,0.8,0.4,0.3
1974,2,114.0,22.0,14.4,14.4,18.24,15.63,68.0,2.56,10.0,0.5,0.2,0.3,10.53,12.7,14.7,12.85,68.0,2.63,10.0,0.5,0.2,0.3,3.98,4.91,7.17,5.7,52.0,2.34,10.0,0.4,0.2,0.3,47.1,57.5,77.1,60.8,52.0,13.8,10.0,0.4,0.3,1.5,3.6,7.7,4.06,68.0,2.81,10.0,0.5,0.2,0.3,-6.7,-0.72,1.79,-1.54,68.0,3.74,10.0,0.5,0.2,0.3,-3.85,-1.97,0.0,-2.07,68.0,2.0,10.0,0.5,0.2,0.3,1018.28,1023.4,1025.34,1022.2,69.0,3.99,10.0,0.5,0.2,0.3,0.0,2.0,8.0,3.1,69.0,3.4,10.0,0.5,0.2,0.3,-49.7,-1.3,6.4,-12.6,68.0,30.0,10.0,0.5,0.2,0.3,-22.4,-5.5,0.0,-11.2,68.0,15.2,10.0,0.5,0.2,0.3,0.45,2.3,5.51,2.91,67.0,2.77,10.0,0.5,0.2,0.3,0.0,8.8,22.2,13.3,67.0,18.1,10.0,0.5,0.2,0.3,4.48,5.62,6.62,5.77,51.0,1.78,10.0,0.4,0.2,0.3,9.6,18.8,39.2,24.6,51.0,20.4,10.0,0.4,0.2,0.3,-93.8,-6.1,21.7,-22.9,67.0,54.9,10.0,0.5,0.2,0.3,-50.8,-22.1,0.0,-25.4,67.0,25.3,10.0,0.5,0.2,0.3,-56.1,-2.6,11.7,-13.4,51.0,29.9,10.0,0.4,0.2,0.3,-22.9,-9.0,0.0,-12.1,51.0,14.1,10.0,0.4,0.2,0.3,-25.7,-4.6,9.9,-8.3,51.0,24.3,10.0,0.4,0.2,0.3,-22.5,-8.8,0.0,-12.1,51.0,15.0,10.0,0.4,0.2,0.3,3.5,46.5,456.5,174.5,68.0,275.0,10.0,0.5,0.2,0.3,5.0,45.0,455.0,175.0,68.0,275.0,10.0,0.5,0.2,0.3
1974,2,115.0,-64.0,,,,,,,,,,,,,,,,,,,,,,,,,,,,,,,,,,,,,,,,7.2,7.2,7.2,7.2,2.0,0.0,16.0,0.5,0.5,0.6,-0.93,2.37,5.67,2.37,2.0,6.83,16.0,0.5,0.5,0.6,-5.69,-3.38,-1.07,-3.38,2.0,4.78,16.0,0.5,0.5,0.6,986.6,986.6,986.6,986.6,2.0,0.0,16.0,0.5,0.5,0.6,,,,,,,,,,,,,,,,,,,,,,,,,,,,,,,,,,,,,,,,,,,,,,,,,,,,,,,,,,,,,,,,,,,,,,,,,,,,,,,,,,,,,,,,,,,,,,,,,,,,,,,,,,,,,,,,,,,,,,,,,,,,,,,,,,,,,,,,,,,,,,,,,,,,,,
1974,2,115.0,-58.0,,,,,,,,,,,,,,,,,,,,,,,,,,,,,,,,,,,,,,,,7.42,10.05,12.68,10.05,2.0,5.44,10.0,0.0,0.8,0.5,6.59,9.22,11.84,9.22,2.0,5.44,10.0,0.0,0.8,0.5,-4.49,-3.93,-3.36,-3.93,2.0,1.17,10.0,0.0,0.8,0.5,977.14,984.75,992.36,984.75,2.0,15.77,10.0,0.0,0.8,0.5,,,,,,,,,,,,,,,,,,,,,,,,,,,,,,,,,,,,,,,,,,,,,,,,,,,,,,,,,,,,,,,,,,,,,,,,,,,,,,,,,,,,,,,,,,,,,,,,,,,,,,,,,,,,,,,,,,,,,,,,,,,,,,,,,,,,,,,,,,,,,,,,,,,,,,
1974,2,115.0,-41.0,15.0,15.0,15.0,15.0,1.0,0.0,10.0,0.0,0.6,0.2,12.2,12.2,12.2,12.2,1.0,0.0,10.0,0.0,0.6,0.2,6.28,6.28,6.28,6.28,1.0,0.0,10.0,0.0,0.6,0.2,71.5,71.5,71.5,71.5,1.0,0.0,10.0,0.0,0.2,7.7,7.7,7.7,7.7,1.0,0.0,10.0,0.0,0.6,0.2,7.58,7.58,7.58,7.58,1.0,0.0,10.0,0.0,0.6,0.2,1.34,1.34,1.34,1.34,1.0,0.0,10.0,0.0,0.6,0.2,1014.1,1014.1,1014.1,1014.1,1.0,0.0,10.0,0.0,0.6,0.2,8.0,8.0,8.0,8.0,1.0,0.0,10.0,0.0,0.6,0.2,58.4,58.4,58.4,58.4,1.0,0.0,10.0,0.0,0.6,0.2,10.3,10.3,10.3,10.3,1.0,0.0,10.0,0.0,0.6,0.2,2.8,2.8,2.8,2.8,1.0,0.0,10.0,0.0,0.6,0.2,21.6,21.6,21.6,21.6,1.0,0.0,10.0,0.0,0.6,0.2,4.29,4.29,4.29,4.29,1.0,0.0,10.0,0.0,0.6,0.2,33.0,33.0,33.0,33.0,1.0,0.0,10.0,0.0,0.6,0.2,92.5,92.5,92.5,92.5,1.0,0.0,10.0,0.0,0.6,0.2,16.3,16.3,16.3,16.3,1.0,0.0,10.0,0.0,0.6,0.2,47.6,47.6,47.6,47.6,1.0,0.0,10.0,0.0,0.6,0.2,8.4,8.4,8.4,8.4,1.0,0.0,10.0,0.0,0.6,0.2,32.5,32.5,32.5,32.5,1.0,0.0,10.0,0.0,0.6,0.2,5.7,5.7,5.7,5.7,1.0,0.0,10.0,0.0,0.6,0.2,456.5,456.5,456.5,456.5,1.0,0.0,10.0,0.0,0.6,0.2,455.0,455.0,455.0,455.0,1.0,0.0,10.0,0.0,0.6,0.2
1974,2,115.0,-40.0,,,,,,,,,,,,,,,,,,,,,,,,,,,,,,,,,,,,,,,,14.4,14.4,14.4,14.4,1.0,0.0,22.0,0.0,0.8,0.4,14.18,14.18,14.18,14.18,1.0,0.0,22.0,0.0,0.8,0.4,-2.5,-2.5,-2.5,-2.5,1.0,0.0,22.0,0.0,0.8,0.4,1007.4,1007.4,1007.4,1007.4,1.0,0.0,22.0,0.0,0.8,0.4,8.0,8.0,8.0,8.0,1.0,0.0,22.0,0.0,0.8,0.4,204.2,204.2,204.2,204.2,1.0,0.0,22.0,0.0,0.8,0.4,-36.0,-36.0,-36.0,-36.0,1.0,0.0,22.0,0.0,0.8,0.4,,,,,,,,,,,,,,,,,,,,,,,,,,,,,,,,,,,,,,,,,221.2,221.2,221.2,221.2,1.0,0.0,22.0,0.0,0.8,0.4,-39.0,-39.0,-39.0,-39.0,1.0,0.0,22.0,0.0,0.8,0.4,129.8,129.8,129.8,129.8,1.0,0.0,22.0,0.0,0.8,0.4,-22.9,-22.9,-22.9,-22.9,1.0,0.0,22.0,0.0,0.8,0.4,,,,,,,,,,,,,,,,,,,,,,,,,,,,,,,,,,,,,,,,
1974,2,115.0,-39.0,15.9,15.9,15.9,15.9,1.0,0.0,4.0,1.0,0.3,0.3,15.5,15.5,15.5,15.5,1.0,0.0,4.0,1.0,0.3,0.3,7.75,7.75,7.75,7.75,1.0,0.0,4.0,1.0,0.3,0.3,71.6,71.6,71.6,71.6,1.0,0.0,4.0,1.0,0.3,10.3,10.3,10.3,10.3,1.0,0.0,4.0,1.0,0.3,0.3,3.52,3.52,3.52,3.52,1.0,0.0,4.0,1.0,0.3,0.3,9.68,9.68,9.68,9.68,1.0,0.0,4.0,1.0,0.3,0.3,1020.5,1020.5,1020.5,1020.5,1.0,0.0,4.0,1.0,0.3,0.3,6.0,6.0,6.0,6.0,1.0,0.0,4.0,1.0,0.3,0.3,36.3,36.3,36.3,36.3,1.0,0.0,4.0,1.0,0.3,0.3,99.7,99.7,99.7,99.7,1.0,0.0,4.0,1.0,0.3,0.3,0.4,0.4,0.4,0.4,1.0,0.0,4.0,1.0,0.3,0.3,4.1,4.1,4.1,4.1,1.0,0.0,4.0,1.0,0.3,0.3,3.38,3.38,3.38,3.38,1.0,0.0,4.0,1.0,0.3,0.3,34.8,34.8,34.8,34.8,1.0,0.0,4.0,1.0,0.3,0.3,54.6,54.6,54.6,54.6,1.0,0.0,4.0,1.0,0.3,0.3,150.0,150.0,150.0,150.0,1.0,0.0,4.0,1.0,0.3,0.3,27.3,27.3,27.3,27.3,1.0,0.0,4.0,1.0,0.3,0.3,75.0,75.0,75.0,75.0,1.0,0.0,4.0,1.0,0.3,0.3,11.9,11.9,11.9,11.9,1.0,0.0,4.0,1.0,0.3,0.3,32.7,32.7,32.7,32.7,1.0,0.0,4.0,1.0,0.3,0.3,1092.5,1092.5,1092.5,1092.5,1.0,0.0,4.0,1.0,0.3,0.3,1095.0,1095.0,1095.0,1095.0,1.0,0.0,4.0,1.0,0.3,0.3
1974,2,115.0,-36.0,20.6,20.6,20.6,20.6,1.0,0.0,12.0,0.0,0.8,1.0,17.8,17.8,17.8,17.8,1.0,0.0,12.0,0.0,0.8,1.0,10.92,10.92,10.92,10.92,1.0,0.0,12.0,0.0,0.8,1.0,87.0,87.0,87.0,87.0,1.0,0.0,12.0,0.0,1.0,4.14,7.45,10.76,7.45,2.0,6.86,20.0,0.5,0.8,0.9,-10.6,-7.34,-4.08,-7.34,2.0,6.75,20.0,0.5,0.8,0.9,-1.73,-0.84,0.04,-0.84,2.0,1.83,20.0,0.5,0.8,0.9,1011.66,1015.0,1018.34,1015.0,2.0,6.93,20.0,0.5,0.8,0.9,3.6,5.0,6.4,5.0,2.0,2.8,20.0,0.5,0.8,0.9,-126.4,-77.8,-29.2,-77.8,2.0,100.6,20.0,0.5,0.8,0.9,-21.9,-12.5,-3.2,-12.5,2.0,19.4,20.0,0.5,0.8,0.9,2.8,2.8,2.8,2.8,1.0,0.0,12.0,0.0,0.8,1.0,34.4,34.4,34.4,34.4,1.0,0.0,12.0,0.0,0.8,1.0,4.07,4.07,4.07,4.07,1.0,0.0,12.0,0.0,0.8,1.0,50.1,50.1,50.1,50.1,1.0,0.0,12.0,0.0,0.8,1.0,-215.6,-215.6,-215.6,-215.6,1.0,0.0,12.0,0.0,0.8,1.0,-38.0,-38.0,-38.0,-38.0,1.0,0.0,12.0,0.0,0.8,1.0,-132.3,-132.3,-132.3,-132.3,1.0,0.0,12.0,0.0,0.8,1.0,-23.3,-23.3,-23.3,-23.3,1.0,0.0,12.0,0.0,0.8,1.0,-49.3,-49.3,-49.3,-49.3,1.0,0.0,12.0,0.0,0.8,1.0,-8.7,-8.7,-8.7,-8.7,1.0,0.0,12.0,0.0,0.8,1.0,310.0,939.0,1568.5,939.0,2.0,1303.5,20.0,0.5,0.8,0.9,310.0,940.0,1570.0,940.0,2.0,1305.0,20.0,0.5,0.8,0.9
1974,2,115.0,-35.0,19.59,20.0,22.03,20.52,10.0,1.28,14.0,0.4,0.3,0.3,17.8,18.8,22.62,19.69,11.0,2.32,14.0,0.4,0.3,0.3,9.48,11.3,12.81,11.28,11.0,2.05,14.0,0.4,0.3,0.3,71.8,75.0,86.4,78.8,11.0,8.0,14.0,0.4,0.3,3.64,6.2,9.73,6.69,9.0,3.45,12.0,0.4,0.3,0.3,-9.15,-5.02,-1.32,-5.26,9.0,4.2,12.0,0.4,0.3,0.3,-0.65,2.37,5.41,2.39,9.0,2.65,12.0,0.4,0.3,0.3,1011.12,1015.2,1021.6,1016.17,11.0,6.11,14.0,0.4,0.3,0.3,0.6,3.0,8.0,4.1,11.0,3.5,14.0,0.4,0.3,0.3,-89.8,-25.6,-6.7,-46.4,9.0,58.5,12.0,0.4,0.3,0.3,-3.3,23.0,37.4,18.3,9.0,18.6,12.0,0.4,0.3,0.3,0.0,0.85,1.61,0.59,10.0,1.3,14.0,0.4,0.3,0.3,0.3,5.1,12.1,6.5,8.0,8.8,14.0,0.5,0.3,0.3,1.98,4.01,4.95,3.6,10.0,1.43,14.0,0.4,0.3,0.3,15.4,20.9,28.9,25.5,8.0,19.2,14.0,0.5,0.3,0.3,-166.3,-86.9,-24.9,-99.3,9.0,74.3,12.0,0.4,0.3,0.3,-11.2,42.3,103.2,44.6,9.0,51.3,12.0,0.4,0.3,0.3,-107.5,-49.3,-14.4,-56.3,9.0,41.7,12.0,0.4,0.3,0.3,-6.4,21.9,56.0,25.7,9.0,29.6,12.0,0.4,0.3,0.3,-27.0,-12.7,-4.9,-19.7,8.0,21.5,14.0,0.5,0.3,0.3,0.6,10.8,15.4,9.8,8.0,9.8,14.0,0.5,0.3,0.3,57.5,238.5,947.0,537.5,9.0,777.5,12.0,0.4,0.3,0.3,60.0,240.0,945.0,540.0,9.0,775.0,12.0,0.4,0.3,0.3
1974,2,115.0,-33.0,21.33,21.7,22.37,21.8,6.0,0.77,8.0,0.8,0.2,0.7,20.16,21.35,22.71,21.58,6.0,1.59,8.0,0.8,0.2,0.7,10.19,11.34,13.14,11.65,4.0,1.83,10.0,1.0,0.2,0.6,66.7,72.9,73.5,70.2,4.0,5.8,10.0,1.0,0.6,7.29,11.3,15.19,11.15,6.0,4.58,8.0,0.8,0.2,0.7,-9.76,-6.32,0.2,-5.25,6.0,4.83,8.0,0.8,0.2,0.7,4.45,8.69,12.74,8.35,6.0,5.49,8.0,0.8,0.2,0.7,1010.25,1017.15,1019.55,1015.93,6.0,5.33,8.0,0.8,0.2,0.7,0.0,0.0,2.2,1.3,6.0,2.8,8.0,0.8,0.2,0.7,-148.3,-48.7,1.2,-66.5,6.0,71.8,8.0,0.8,0.2,0.7,25.4,108.9,199.5,110.9,6.0,95.7,8.0,0.8,0.2,0.7,-1.07,0.3,1.21,0.22,6.0,1.66,8.0,0.8,0.2,0.7,-11.9,2.3,18.7,6.2,6.0,21.0,8.0,0.8,0.2,0.7,3.2,4.17,5.45,4.32,4.0,1.45,10.0,1.0,0.2,0.6,25.3,41.7,51.4,38.5,4.0,17.1,10.0,1.0,0.2,0.6,-203.3,-130.7,5.0,-107.7,6.0,99.8,8.0,0.8,0.2,0.7,101.6,188.9,263.8,180.7,6.0,116.9,8.0,0.8,0.2,0.7,-65.6,-24.6,7.2,-29.0,4.0,43.7,10.0,1.0,0.2,0.6,27.9,68.5,132.8,79.8,4.0,75.9,10.0,1.0,0.2,0.6,-33.3,-15.3,1.4,-15.9,4.0,20.1,10.0,1.0,0.2,0.6,7.4,25.9,46.1,26.7,4.0,24.0,10.0,1.0,0.2,0.6,400.5,1882.0,3508.0,1967.0,6.0,1774.0,8.0,0.8,0.2,0.7,400.0,1880.0,3510.0,1965.0,6.0,1775.0,8.0,0.8,0.2,0.7
1974,2,115.0,-32.0,20.0,21.0,21.87,20.96,5.0,0.95,14.0,0.4,0.3,0.5,19.77,22.5,23.85,21.98,5.0,3.04,14.0,0.4,0.3,0.5,9.94,12.17,14.21,12.15,5.0,2.68,14.0,0.4,0.3,0.5,70.0,72.0,76.1,72.9,5.0,3.6,14.0,0.4,0.5,7.7,8.2,10.98,9.36,5.0,2.62,14.0,0.4,0.3,0.5,-5.62,-1.34,0.18,-2.35,5.0,3.78,14.0,0.4,0.3,0.5,7.0,7.58,9.66,8.38,5.0,2.71,14.0,0.4,0.3,0.5,1011.85,1014.5,1016.76,1014.02,5.0,3.8,14.0,0.4,0.3,0.5,0.0,0.0,0.7,0.4,5.0,0.9,14.0,0.4,0.3,0.5,-66.1,-10.3,1.9,-26.0,5.0,39.1,14.0,0.4,0.3,0.5,57.4,58.4,106.4,83.4,5.0,54.9,14.0,0.4,0.3,0.5,-3.12,-1.5,0.89,-1.02,5.0,3.07,14.0,0.4,0.3,0.5,-24.0,-12.3,15.0,-3.3,5.0,34.2,14.0,0.4,0.3,0.5,1.05,3.29,5.18,3.29,5.0,2.63,14.0,0.4,0.3,0.5,8.1,27.0,60.4,36.0,5.0,38.9,14.0,0.4,0.3,0.5,-108.1,-35.0,3.9,-47.1,5.0,78.0,14.0,0.4,0.3,0.5,153.9,173.4,211.0,180.0,5.0,39.6,14.0,0.4,0.3,0.5,-54.2,-21.3,1.2,-24.4,5.0,39.9,14.0,0.4,0.3,0.5,82.5,100.2,117.9,98.8,5.0,22.9,14.0,0.4,0.3,0.5,-30.6,-1.7,2.9,-11.2,5.0,19.1,14.0,0.4,0.3,0.5,8.0,23.6,51.0,31.8,5.0,36.7,14.0,0.4,0.3,0.5,456.5,551.5,1491.5,991.0,5.0,958.0,14.0,0.4,0.3,0.5,455.0,550.0,1490.0,990.0,5.0,960.0,14.0,0.4,0.3,0.5
1974,2,115.0,-21.0,26.73,28.3,28.3,27.53,3.0,1.33,10.0,0.0,0.7,0.5,26.98,28.0,28.82,27.9,3.0,1.35,10.0,0.0,0.7,0.5,17.46,18.78,22.24,19.83,3.0,3.62,10.0,0.0,0.7,0.5,78.1,78.9,88.7,83.3,3.0,8.6,10.0,0.0,0.5,3.09,4.15,5.21,4.15,2.0,2.19,4.0,0.0,0.8,0.4,0.69,2.18,3.67,2.18,2.0,3.09,4.0,0.0,0.8,0.4,-1.61,0.53,2.67,0.53,2.0,4.43,4.0,0.0,0.8,0.4,1004.24,1005.2,1007.66,1005.93,3.0,2.58,10.0,0.0,0.7,0.5,0.3,1.0,1.0,0.7,3.0,0.6,10.0,0.0,0.7,0.5,3.9,12.4,20.9,12.4,2.0,17.6,4.0,0.0,0.8,0.4,-2.4,7.1,16.5,7.1,2.0,19.5,4.0,0.0,0.8,0.4,-0.77,-0.5,0.05,-0.37,3.0,0.61,10.0,0.0,0.7,0.5,-2.3,-1.0,0.2,-1.0,2.0,2.6,4.0,0.0,0.8,0.4,1.64,4.25,5.12,3.4,3.0,2.65,10.0,0.0,0.7,0.5,15.9,19.3,22.6,19.3,2.0,7.0,4.0,0.0,0.8,0.4,18.4,57.9,97.3,57.9,2.0,81.8,4.0,0.0,0.8,0.4,-45.8,12.1,70.1,12.1,2.0,120.1,4.0,0.0,0.8,0.4,11.7,36.8,61.9,36.8,2.0,52.0,4.0,0.0,0.8,0.4,-31.3,6.4,44.2,6.4,2.0,78.2,4.0,0.0,0.8,0.4,2.9,9.3,15.6,9.3,2.0,13.1,4.0,0.0,0.8,0.4,-9.6,0.6,10.8,0.6,2.0,21.2,4.0,0.0,0.8,0.4,44.0,101.5,158.5,101.5,2.0,118.5,4.0,0.0,0.8,0.4,45.0,100.0,160.0,100.0,2.0,120.0,4.0,0.0,0.8,0.4
1974,2,115.0,-20.0,28.13,28.4,28.74,28.43,3.0,0.45,18.0,0.0,0.7,0.5,27.5,27.6,28.07,27.78,4.0,0.49,16.0,0.0,0.5,0.6,19.02,19.6,19.96,19.49,3.0,0.69,18.0,0.0,0.7,0.5,81.8,81.9,83.5,82.6,3.0,1.4,18.0,0.0,0.5,4.35,5.1,6.87,5.6,3.0,1.9,18.0,0.0,0.5,0.6,2.89,4.79,4.9,3.91,3.0,1.66,18.0,0.0,0.5,0.6,-1.81,1.74,4.58,1.39,3.0,4.69,18.0,0.0,0.5,0.6,1002.64,1004.2,1004.92,1003.8,4.0,1.64,16.0,0.0,0.5,0.6,0.5,2.0,5.6,3.0,4.0,3.6,16.0,0.0,0.5,0.6,13.2,24.4,33.8,23.5,3.0,15.1,18.0,0.0,0.5,0.6,-6.6,8.9,33.8,13.5,3.0,29.9,18.0,0.0,0.5,0.6,-0.02,1.0,1.2,0.6,3.0,0.96,18.0,0.0,0.7,0.5,-2.2,1.4,5.0,1.4,2.0,7.4,24.0,0.0,0.8,0.5,4.38,5.59,5.64,5.02,3.0,1.05,18.0,0.0,0.7,0.5,28.6,28.9,29.2,28.9,2.0,0.6,24.0,0.0,0.8,0.5,79.7,132.3,138.3,109.5,3.0,47.2,18.0,0.0,0.5,0.6,-50.0,48.1,130.0,40.2,3.0,132.0,18.0,0.0,0.5,0.6,94.8,96.8,98.7,96.8,2.0,4.0,24.0,0.0,0.8,0.5,47.6,76.4,105.3,76.4,2.0,59.8,24.0,0.0,0.8,0.5,20.1,22.8,25.5,22.8,2.0,5.6,24.0,0.0,0.8,0.5,11.8,16.1,20.5,16.1,2.0,9.0,24.0,0.0,0.8,0.5,86.0,132.5,353.5,217.5,3.0,209.5,18.0,0.0,0.5,0.6,85.0,135.0,355.0,220.0,3.0,210.0,18.0,0.0,0.5,0.6
1974,2,115.0,-14.0,26.5,26.5,26.5,26.5,1.0,0.0,28.0,0.0,0.5,0.9,28.0,28.0,28.0,28.0,1.0,0.0,28.0,0.0,0.5,0.9,18.68,18.68,18.68,18.68,1.0,0.0,28.0,0.0,0.5,0.9,78.4,78.4,78.4,78.4,1.0,0.0,28.0,0.0,0.9,7.7,7.7,7.7,7.7,1.0,0.0,28.0,0.0,0.5,0.9,7.24,7.24,7.24,7.24,1.0,0.0,28.0,0.0,0.5,0.9,2.63,2.63,2.63,2.63,1.0,0.0,28.0,0.0,0.5,0.9,1003.5,1003.5,1003.5,1003.5,1.0,0.0,28.0,0.0,0.5,0.9,3.0,3.0,3.0,3.0,1.0,0.0,28.0,0.0,0.5,0.9,55.7,55.7,55.7,55.7,1.0,0.0,28.0,0.0,0.5,0.9,20.3,20.3,20.3,20.3,1.0,0.0,28.0,0.0,0.5,0.9,-1.5,-1.5,-1.5,-1.5,1.0,0.0,28.0,0.0,0.5,0.9,-11.5,-11.5,-11.5,-11.5,1.0,0.0,28.0,0.0,0.5,0.9,3.17,3.17,3.17,3.17,1.0,0.0,28.0,0.0,0.5,0.9,24.4,24.4,24.4,24.4,1.0,0.0,28.0,0.0,0.5,0.9,202.6,202.6,202.6,202.6,1.0,0.0,28.0,0.0,0.5,0.9,73.7,73.7,73.7,73.7,1.0,0.0,28.0,0.0,0.5,0.9,135.1,135.1,135.1,135.1,1.0,0.0,28.0,0.0,0.5,0.9,49.2,49.2,49.2,49.2,1.0,0.0,28.0,0.0,0.5,0.9,23.0,23.0,23.0,23.0,1.0,0.0,28.0,0.0,0.5,0.9,8.4,8.4,8.4,8.4,1.0,0.0,28.0,0.0,0.5,0.9,456.5,456.5,456.5,456.5,1.0,0.0,28.0,0.0,0.5,0.9,455.0,455.0,455.0,455.0,1.0,0.0,28.0,0.0,0.5,0.9
1974,2,115.0,-13.0,28.03,29.2,29.95,29.0,4.0,1.16,8.0,0.3,0.3,0.7,26.12,27.4,28.63,27.38,4.0,1.59,8.0,0.3,0.3,0.7,17.77,18.91,21.53,19.62,4.0,2.47,8.0,0.3,0.3,0.7,81.6,85.7,88.9,85.3,4.0,4.5,8.0,0.3,0.7,3.05,4.35,4.6,3.85,4.0,1.19,8.0,0.3,0.3,0.7,2.49,3.25,4.1,3.29,4.0,1.06,8.0,0.3,0.3,0.7,-0.19,1.03,2.82,1.3,4.0,1.82,8.0,0.3,0.3,0.7,1005.74,1006.15,1007.3,1006.5,4.0,1.18,8.0,0.3,0.3,0.7,2.0,2.5,5.6,3.8,4.0,2.9,8.0,0.3,0.3,0.7,8.8,14.1,18.0,13.4,4.0,6.9,8.0,0.3,0.3,0.7,-0.4,4.2,12.5,6.0,4.0,8.0,8.0,0.3,0.3,0.7,0.64,1.45,2.62,1.63,4.0,1.2,8.0,0.3,0.3,0.7,2.8,4.0,9.6,6.1,4.0,5.5,8.0,0.3,0.3,0.7,4.2,4.96,7.25,5.69,4.0,2.3,8.0,0.3,0.3,0.7,14.2,18.3,30.8,22.3,4.0,13.3,8.0,0.3,0.3,0.7,65.4,89.3,117.7,91.4,4.0,34.4,8.0,0.3,0.3,0.7,-4.9,28.7,76.8,35.6,4.0,49.1,8.0,0.3,0.3,0.7,44.3,61.4,89.1,66.4,4.0,29.6,8.0,0.3,0.3,0.7,-3.4,20.4,52.0,24.1,4.0,32.9,8.0,0.3,0.3,0.7,13.6,17.0,22.3,17.9,4.0,6.5,8.0,0.3,0.3,0.7,-1.0,4.7,21.2,9.8,4.0,15.5,8.0,0.3,0.3,0.7,37.5,83.0,97.5,68.0,4.0,41.5,8.0,0.3,0.3,0.7,40.0,85.0,95.0,70.0,4.0,40.0,8.0,0.3,0.3,0.7
1974,2,115.0,-12.0,27.52,27.55,27.58,27.55,2.0,0.07,12.0,1.0,0.8,0.7,26.16,26.5,26.84,26.5,2.0,0.71,12.0,1.0,0.8,0.7,18.9,19.12,19.33,19.12,2.0,0.45,12.0,1.0,0.8,0.7,85.4,88.1,90.8,88.1,2.0,5.5,12.0,1.0,0.7,4.33,5.9,7.47,5.9,2.0,3.25,12.0,1.0,0.8,0.7,3.98,4.91,5.85,4.91,2.0,1.93,12.0,1.0,0.8,0.7,-4.53,-2.95,-1.36,-2.95,2.0,3.29,12.0,1.0,0.8,0.7,1006.68,1007.7,1008.72,1007.7,2.0,2.12,12.0,1.0,0.8,0.7,7.0,7.0,7.0,7.0,2.0,0.0,12.0,1.0,0.8,0.7,18.9,32.1,45.4,32.1,2.0,27.4,12.0,1.0,0.8,0.7,-36.7,-22.7,-8.8,-22.7,2.0,29.0,12.0,1.0,0.8,0.7,0.67,1.05,1.43,1.05,2.0,0.78,12.0,1.0,0.8,0.7,4.4,4.9,5.5,4.9,2.0,1.2,12.0,1.0,0.8,0.7,3.9,4.05,4.19,4.05,2.0,0.3,12.0,1.0,0.8,0.7,17.2,24.4,31.6,24.4,2.0,15.0,12.0,1.0,0.8,0.7,104.5,130.9,157.3,130.9,2.0,54.7,12.0,1.0,0.8,0.7,-122.3,-79.3,-36.3,-79.3,2.0,89.1,12.0,1.0,0.8,0.7,76.7,93.5,110.3,93.5,2.0,34.8,12.0,1.0,0.8,0.7,-85.3,-55.6,-25.9,-55.6,2.0,61.5,12.0,1.0,0.8,0.7,15.7,20.2,24.7,20.2,2.0,9.3,12.0,1.0,0.8,0.7,-19.3,-12.4,-5.6,-12.4,2.0,14.2,12.0,1.0,0.8,0.7,127.0,299.0,471.5,299.0,2.0,357.0,12.0,1.0,0.8,0.7,125.0,300.0,470.0,300.0,2.0,355.0,12.0,1.0,0.8,0.7
1974,2,115.0,-11.0,27.66,28.0,29.37,28.5,3.0,1.32,10.0,0.7,0.4,0.6,26.23,26.5,26.98,26.6,3.0,0.56,10.0,0.7,0.4,0.6,17.53,19.55,19.61,18.59,3.0,1.73,10.0,0.7,0.4,0.6,79.6,86.7,90.3,85.0,3.0,8.0,10.0,0.7,0.6,4.26,4.6,8.49,6.33,3.0,3.44,10.0,0.7,0.4,0.6,3.53,3.55,8.16,5.79,3.0,3.9,10.0,0.7,0.4,0.6,-1.4,0.0,2.02,0.3,3.0,2.52,10.0,0.7,0.4,0.6,1005.44,1006.4,1007.42,1006.43,3.0,1.45,10.0,0.7,0.4,0.6,4.6,6.0,7.4,6.0,3.0,2.0,10.0,0.7,0.4,0.6,15.1,16.2,77.6,45.6,3.0,52.4,10.0,0.7,0.4,0.6,-5.7,0.0,9.3,1.7,3.0,11.1,10.0,0.7,0.4,0.6,0.86,1.0,2.98,1.9,3.0,1.73,10.0,0.7,0.4,0.6,5.5,10.3,15.5,10.5,3.0,7.3,10.0,0.7,0.4,0.6,4.91,6.56,7.03,5.98,3.0,1.63,10.0,0.7,0.4,0.6,22.2,33.3,56.7,39.3,3.0,25.8,10.0,0.7,0.4,0.6,93.4,96.6,217.0,153.8,3.0,103.2,10.0,0.7,0.4,0.6,-38.1,0.0,52.7,7.1,3.0,66.8,10.0,0.7,0.4,0.6,69.2,69.7,138.8,103.2,3.0,58.7,10.0,0.7,0.4,0.6,-27.5,0.0,39.5,5.8,3.0,49.3,10.0,0.7,0.4,0.6,18.2,25.5,54.2,35.9,3.0,27.9,10.0,0.7,0.4,0.6,-5.8,0.0,14.6,4.3,3.0,15.4,10.0,0.7,0.4,0.6,78.0,97.5,777.0,419.5,3.0,583.0,10.0,0.7,0.4,0.6,80.0,95.0,775.0,420.0,3.0,585.0,10.0,0.7,0.4,0.6
1974,2,115.0,-10.0,27.19,27.8,28.31,27.75,4.0,0.7,8.0,0.0,0.4,0.8,26.79,27.3,27.55,27.18,4.0,0.5,8.0,0.0,0.4,0.8,18.79,19.27,20.95,19.84,4.0,1.6,8.0,0.0,0.4,0.8,83.8,87.2,91.8,87.8,4.0,6.2,8.0,0.0,0.8,2.5,3.85,7.35,4.88,4.0,3.79,8.0,0.0,0.4,0.8,1.91,3.15,7.0,4.4,4.0,3.96,8.0,0.0,0.4,0.8,-1.93,-0.41,1.67,-0.14,4.0,2.13,8.0,0.0,0.4,0.8,1007.61,1009.0,1009.66,1008.65,4.0,1.35,8.0,0.0,0.4,0.8,3.0,5.0,7.0,5.0,4.0,2.6,8.0,0.0,0.4,0.8,5.6,12.2,61.7,32.7,4.0,48.2,8.0,0.0,0.4,0.8,-13.7,-3.5,5.1,-4.3,4.0,11.7,8.0,0.0,0.4,0.8,0.4,0.45,0.76,0.58,4.0,0.29,8.0,0.0,0.4,0.8,1.5,1.6,3.5,2.4,4.0,1.8,8.0,0.0,0.4,0.8,2.82,3.39,4.37,3.59,4.0,1.19,8.0,0.0,0.4,0.8,7.6,13.1,34.8,20.8,4.0,22.3,8.0,0.0,0.4,0.8,51.3,84.7,192.5,120.2,4.0,109.8,8.0,0.0,0.4,0.8,-52.6,-11.4,44.8,-4.3,4.0,57.5,8.0,0.0,0.4,0.8,38.2,60.9,132.4,84.2,4.0,72.5,8.0,0.0,0.4,0.8,-37.0,-6.0,33.1,-2.1,4.0,41.2,8.0,0.0,0.4,0.8,5.8,10.7,33.5,19.2,4.0,22.7,8.0,0.0,0.4,0.8,-8.2,-2.4,5.1,-1.6,4.0,8.0,8.0,0.0,0.4,0.8,24.0,58.0,605.5,303.0,4.0,527.0,8.0,0.0,0.4,0.8,25.0,60.0,605.0,305.0,4.0,525.0,8.0,0.0,0.4,0.8
1974,2,115.0,-9.0,27.14,27.35,28.6,27.85,4.0,1.24,12.0,0.3,0.7,0.6,25.94,26.55,27.0,26.48,4.0,0.62,12.0,0.3,0.7,0.6,18.79,19.03,19.55,19.16,4.0,0.49,12.0,0.3,0.7,0.6,85.9,89.3,90.6,88.3,4.0,3.3,12.0,0.3,0.6,1.22,3.85,6.48,3.85,2.0,5.44,18.0,0.0,0.6,0.8,0.94,2.95,4.96,2.95,2.0,4.17,18.0,0.0,0.6,0.8,-4.16,-2.47,-0.79,-2.47,2.0,3.5,18.0,0.0,0.6,0.8,1004.71,1007.2,1009.21,1006.98,4.0,2.65,12.0,0.3,0.7,0.6,6.0,7.0,8.0,7.0,4.0,1.2,12.0,0.3,0.7,0.6,7.2,22.7,38.2,22.7,2.0,32.1,18.0,0.0,0.6,0.8,-32.1,-19.1,-6.0,-19.1,2.0,26.9,18.0,0.0,0.6,0.8,0.62,1.4,2.13,1.38,4.0,1.11,12.0,0.3,0.7,0.6,0.0,0.0,0.0,0.0,2.0,0.0,18.0,0.0,0.6,0.8,3.69,3.85,5.33,4.48,4.0,1.39,12.0,0.3,0.7,0.6,4.5,14.3,24.1,14.3,2.0,20.3,18.0,0.0,0.6,0.8,25.3,79.6,134.0,79.6,2.0,112.6,18.0,0.0,0.6,0.8,-112.4,-66.8,-21.2,-66.8,2.0,94.5,18.0,0.0,0.6,0.8,17.6,55.4,93.2,55.4,2.0,78.3,18.0,0.0,0.6,0.8,-78.2,-46.5,-14.8,-46.5,2.0,65.7,18.0,0.0,0.6,0.8,3.5,11.0,18.5,11.0,2.0,15.5,18.0,0.0,0.6,0.8,-15.5,-9.2,-2.9,-9.2,2.0,13.0,18.0,0.0,0.6,0.8,72.5,228.5,384.0,228.5,2.0,323.0,18.0,0.0,0.6,0.8,70.0,230.0,385.0,230.0,2.0,325.0,18.0,0.0,0.6,0.8
1974,2,115.0,-8.0,27.42,28.15,28.4,27.93,4.0,0.71,20.0,0.8,0.5,0.6,26.69,27.1,27.62,27.15,4.0,0.66,20.0,0.8,0.5,0.6,18.98,19.25,20.25,19.6,4.0,1.05,20.0,0.8,0.5,0.6,82.4,84.7,91.7,87.0,4.0,7.4,20.0,0.8,0.6,4.31,5.4,6.75,5.53,4.0,1.7,24.0,0.8,0.5,0.8,3.85,4.39,5.89,4.85,4.0,1.66,24.0,0.8,0.5,0.8,-3.13,-1.89,0.79,-1.2,4.0,2.74,24.0,0.8,0.5,0.8,1006.35,1007.1,1009.04,1007.62,5.0,1.89,20.0,0.8,0.4,0.7,5.2,8.0,8.0,6.6,5.0,2.6,20.0,0.8,0.4,0.7,17.1,23.7,41.0,28.8,4.0,18.8,24.0,0.8,0.5,0.8,-17.1,-8.7,8.5,-4.5,4.0,17.8,24.0,0.8,0.5,0.8,-0.16,0.75,1.71,0.78,4.0,1.09,20.0,0.8,0.5,0.6,-1.6,0.0,6.6,2.5,3.0,6.4,24.0,0.7,0.6,0.8,3.05,3.87,5.17,4.1,4.0,1.28,20.0,0.8,0.5,0.6,16.1,16.7,21.0,18.5,3.0,4.0,24.0,0.7,0.6,0.8,101.7,116.6,171.4,136.0,3.0,53.7,24.0,0.7,0.6,0.8,-56.9,-34.5,38.0,-10.1,3.0,72.6,24.0,0.7,0.6,0.8,74.0,93.3,124.8,99.3,3.0,37.6,24.0,0.7,0.6,0.8,-44.3,-23.7,27.1,-8.9,3.0,53.9,24.0,0.7,0.6,0.8,14.3,15.7,19.8,17.0,3.0,4.1,24.0,0.7,0.6,0.8,-7.2,-5.7,3.6,-1.9,3.0,8.6,24.0,0.7,0.6,0.8,87.5,159.0,327.5,205.5,4.0,177.0,24.0,0.8,0.5,0.8,90.0,160.0,325.0,205.0,4.0,175.0,24.0,0.8,0.5,0.8
1974,2,115.0,-7.0,25.77,26.35,26.93,26.35,2.0,1.2,12.0,0.0,0.3,0.6,25.84,26.35,26.86,26.35,2.0,1.06,12.0,0.0,0.3,0.6,17.89,18.28,18.67,18.28,2.0,0.81,12.0,0.0,0.3,0.6,84.1,84.9,85.7,84.9,2.0,1.7,12.0,0.0,0.6,5.58,7.7,9.82,7.7,2.0,4.38,12.0,0.0,0.3,0.6,5.07,7.39,9.72,7.39,2.0,4.82,12.0,0.0,0.3,0.6,-1.93,-1.15,-0.37,-1.15,2.0,1.63,12.0,0.0,0.3,0.6,1006.3,1006.95,1007.6,1006.95,2.0,1.34,12.0,0.0,0.3,0.6,3.0,3.0,3.0,3.0,1.0,0.0,12.0,0.0,0.5,0.9,33.9,67.5,101.0,67.5,2.0,69.5,12.0,0.0,0.3,0.6,-8.9,-5.3,-1.7,-5.3,2.0,7.5,12.0,0.0,0.3,0.6,-0.07,0.0,0.07,0.0,2.0,0.14,12.0,0.0,0.3,0.6,-0.8,-0.3,0.2,-0.3,2.0,1.1,12.0,0.0,0.3,0.6,2.95,3.32,3.69,3.32,2.0,0.77,12.0,0.0,0.3,0.6,19.7,23.9,28.1,23.9,2.0,8.6,12.0,0.0,0.3,0.6,134.7,192.2,249.7,192.2,2.0,119.2,12.0,0.0,0.3,0.6,-52.4,-31.2,-9.9,-31.2,2.0,44.1,12.0,0.0,0.3,0.6,93.6,133.2,172.8,133.2,2.0,82.1,12.0,0.0,0.3,0.6,-36.5,-21.7,-6.9,-21.7,2.0,30.7,12.0,0.0,0.3,0.6,17.7,22.7,27.7,22.7,2.0,10.3,12.0,0.0,0.3,0.6,-7.5,-4.4,-1.4,-4.4,2.0,6.3,12.0,0.0,0.3,0.6,282.0,678.5,1075.0,678.5,2.0,822.0,12.0,0.0,0.3,0.6,280.0,680.0,1075.0,680.0,2.0,820.0,12.0,0.0,0.3,0.6
1974,2,115.0,-6.0,27.4,27.4,27.4,27.4,1.0,0.0,10.0,0.0,0.5,0.6,27.1,27.1,27.1,27.1,1.0,0.0,10.0,0.0,0.5,0.6,18.94,18.94,18.94,18.94,1.0,0.0,10.0,0.0,0.5,0.6,84.2,84.2,84.2,84.2,1.0,0.0,10.0,0.0,0.6,2.14,4.6,7.06,4.6,2.0,5.09,12.0,0.0,0.7,0.8,2.03,4.53,7.04,4.53,2.0,5.19,12.0,0.0,0.7,0.8,0.08,0.25,0.42,0.25,2.0,0.35,12.0,0.0,0.7,0.8,1007.6,1007.6,1007.6,1007.6,1.0,0.0,10.0,0.0,0.5,0.6,3.8,5.5,7.2,5.5,2.0,3.5,12.0,0.0,0.7,0.8,11.4,34.1,56.7,34.1,2.0,46.9,12.0,0.0,0.7,0.8,0.1,0.3,0.4,0.3,2.0,0.4,12.0,0.0,0.7,0.8,0.3,0.3,0.3,0.3,1.0,0.0,10.0,0.0,0.5,0.6,2.5,2.5,2.5,2.5,1.0,0.0,10.0,0.0,0.5,0.6,4.02,4.02,4.02,4.02,1.0,0.0,10.0,0.0,0.5,0.6,32.9,32.9,32.9,32.9,1.0,0.0,10.0,0.0,0.5,0.6,222.2,222.2,222.2,222.2,1.0,0.0,10.0,0.0,0.5,0.6,0.0,0.0,0.0,0.0,1.0,0.0,10.0,0.0,0.5,0.6,155.3,155.3,155.3,155.3,1.0,0.0,10.0,0.0,0.5,0.6,0.0,0.0,0.0,0.0,1.0,0.0,10.0,0.0,0.5,0.6,32.9,32.9,32.9,32.9,1.0,0.0,10.0,0.0,0.5,0.6,0.0,0.0,0.0,0.0,1.0,0.0,10.0,0.0,0.5,0.6,88.5,276.0,464.0,276.0,2.0,389.0,12.0,0.0,0.7,0.8,90.0,275.0,465.0,275.0,2.0,390.0,12.0,0.0,0.7,0.8
1974,2,115.0,5.0,25.17,25.55,25.93,25.55,2.0,0.78,14.0,0.5,0.3,0.5,24.91,25.15,25.39,25.15,2.0,0.49,14.0,0.5,0.3,0.5,17.59,17.59,17.59,17.59,2.0,0.0,14.0,0.5,0.3,0.5,86.6,87.9,89.2,87.9,2.0,2.6,14.0,0.5,0.5,7.43,9.0,10.57,9.0,2.0,3.25,14.0,0.5,0.3,0.5,-7.81,-6.0,-4.19,-6.0,2.0,3.75,14.0,0.5,0.3,0.5,-7.03,-6.53,-6.03,-6.53,2.0,1.03,14.0,0.5,0.3,0.5,1008.62,1008.65,1008.68,1008.65,2.0,0.07,14.0,0.5,0.3,0.5,6.3,7.0,7.7,7.0,2.0,1.4,14.0,0.5,0.3,0.5,-85.9,-60.1,-34.4,-60.1,2.0,53.3,14.0,0.5,0.3,0.5,-75.2,-60.5,-45.7,-60.5,2.0,30.5,14.0,0.5,0.3,0.5,0.26,0.4,0.54,0.4,2.0,0.28,14.0,0.5,0.3,0.5,2.5,3.1,3.7,3.1,2.0,1.2,14.0,0.5,0.3,0.5,2.49,2.96,3.42,2.96,2.0,0.96,14.0,0.5,0.3,0.5,24.6,25.0,25.5,25.0,2.0,1.0,14.0,0.5,0.3,0.5,-194.2,-150.1,-105.9,-150.1,2.0,91.4,14.0,0.5,0.3,0.5,-175.0,-164.0,-153.1,-164.0,2.0,22.8,14.0,0.5,0.3,0.5,-137.4,-105.6,-73.7,-105.6,2.0,66.0,14.0,0.5,0.3,0.5,-123.7,-114.9,-106.1,-114.9,2.0,18.2,14.0,0.5,0.3,0.5,-18.5,-15.9,-13.4,-15.9,2.0,5.3,14.0,0.5,0.3,0.5,-20.4,-18.8,-17.3,-18.8,2.0,3.2,14.0,0.5,0.3,0.5,482.0,872.0,1261.5,872.0,2.0,807.5,14.0,0.5,0.3,0.5,480.0,870.0,1260.0,870.0,2.0,810.0,14.0,0.5,0.3,0.5
1974,2,115.0,6.0,25.6,26.0,27.15,26.04,9.0,1.01,16.0,0.7,0.2,0.6,24.96,26.0,27.91,26.47,11.0,1.68,16.0,0.7,0.2,0.6,17.5,18.07,18.96,18.34,9.0,0.92,16.0,0.7,0.2,0.6,83.1,87.1,89.3,86.5,9.0,4.6,16.0,0.7,0.6,5.1,7.2,8.41,6.63,11.0,2.66,16.0,0.7,0.2,0.6,-6.9,-3.91,-1.97,-4.37,11.0,2.52,16.0,0.7,0.2,0.6,-6.43,-4.1,-2.94,-4.52,11.0,2.35,16.0,0.7,0.2,0.6,1006.74,1009.5,1010.79,1009.12,10.0,2.23,16.0,0.7,0.2,0.5,3.2,4.0,8.0,5.3,11.0,2.4,16.0,0.7,0.2,0.6,-52.6,-25.9,-14.4,-33.1,11.0,23.8,16.0,0.7,0.2,0.6,-54.5,-33.6,-17.3,-34.4,11.0,22.5,16.0,0.7,0.2,0.6,-1.37,0.4,0.89,-0.09,9.0,1.03,16.0,0.7,0.2,0.6,-7.5,2.7,6.3,-0.6,9.0,7.9,16.0,0.7,0.2,0.6,1.85,2.57,3.85,2.83,9.0,1.28,16.0,0.7,0.2,0.6,7.5,14.8,25.8,16.4,9.0,10.7,16.0,0.7,0.2,0.6,-188.1,-111.3,-51.5,-115.5,11.0,67.2,16.0,0.7,0.2,0.6,-168.8,-103.3,-79.5,-118.1,11.0,59.2,16.0,0.7,0.2,0.6,-120.4,-68.5,-30.4,-71.9,9.0,46.3,16.0,0.7,0.2,0.6,-119.1,-73.8,-60.1,-85.9,9.0,44.3,16.0,0.7,0.2,0.6,-15.7,-7.4,-5.4,-9.2,9.0,6.9,16.0,0.7,0.2,0.6,-21.2,-10.5,-5.1,-12.4,9.0,10.1,16.0,0.7,0.2,0.6,132.5,373.0,595.5,397.5,11.0,299.5,16.0,0.7,0.2,0.6,135.0,375.0,595.0,395.0,11.0,300.0,16.0,0.7,0.2,0.6
1974,2,115.0,7.0,24.83,26.0,26.79,25.88,5.0,1.45,12.0,0.4,0.7,0.1,25.19,25.6,27.46,26.38,5.0,2.06,14.0,0.4,0.8,0.1,17.58,18.05,20.14,18.84,3.0,1.99,16.0,0.7,0.7,0.1,81.4,86.0,87.1,84.3,3.0,4.5,16.0,0.7,0.1,3.89,5.4,8.89,6.77,6.0,4.48,14.0,0.3,0.7,0.1,-6.67,-4.08,-1.22,-3.99,6.0,3.96,14.0,0.3,0.7,0.1,-6.81,-3.25,-2.32,-4.72,6.0,3.67,14.0,0.3,0.7,0.1,1007.26,1008.5,1010.39,1008.88,6.0,1.83,14.0,0.3,0.7,0.1,6.6,8.0,8.0,7.4,5.0,0.9,12.0,0.4,0.7,0.1,-60.1,-24.8,-5.4,-40.1,6.0,57.3,14.0,0.3,0.7,0.1,-69.0,-14.1,-12.0,-45.0,6.0,67.9,14.0,0.3,0.7,0.1,-2.71,-0.8,0.9,-0.9,4.0,2.49,12.0,0.5,0.7,0.1,-12.4,-4.7,6.9,-2.9,4.0,13.0,12.0,0.5,0.7,0.1,0.42,1.32,1.92,1.18,3.0,1.11,16.0,0.7,0.7,0.1,2.6,8.2,9.5,6.1,3.0,5.4,16.0,0.7,0.7,0.1,-130.2,-90.2,-20.8,-73.9,5.0,76.3,14.0,0.4,0.8,0.1,-120.0,-75.7,-57.3,-87.7,5.0,37.3,14.0,0.4,0.8,0.1,-89.2,-63.6,-49.7,-69.3,3.0,29.4,16.0,0.7,0.7,0.1,-68.1,-53.4,-42.1,-55.0,3.0,19.1,16.0,0.7,0.7,0.1,-7.7,-7.7,-2.4,-5.2,3.0,4.5,16.0,0.7,0.7,0.1,-5.3,-2.8,-0.9,-3.1,3.0,3.3,16.0,0.7,0.7,0.1,61.0,168.0,1050.5,743.5,6.0,1430.5,14.0,0.3,0.7,0.1,60.0,170.0,1050.0,745.0,6.0,1430.0,14.0,0.3,0.7,0.1
1974,2,115.0,12.0,24.65,26.1,26.9,26.01,23.0,1.02,18.0,0.6,0.5,0.6,25.1,26.2,27.26,26.26,23.0,1.47,16.0,0.6,0.5,0.6,15.64,17.09,18.04,16.86,21.0,1.4,18.0,0.6,0.5,0.6,74.0,79.6,84.4,79.2,22.0,6.3,16.0,0.6,0.6,4.59,8.7,15.4,9.47,23.0,4.72,18.0,0.6,0.5,0.6,-7.26,-4.79,-1.96,-4.52,23.0,3.29,18.0,0.6,0.5,0.6,-12.58,-8.08,-1.87,-7.55,23.0,4.94,18.0,0.6,0.5,0.6,1008.43,1010.85,1012.9,1010.55,24.0,1.92,18.0,0.6,0.5,0.6,2.0,4.0,7.0,4.5,24.0,2.2,16.0,0.6,0.5,0.6,-98.8,-25.9,-9.9,-50.7,23.0,52.2,18.0,0.6,0.5,0.6,-201.9,-66.3,-8.9,-92.8,23.0,88.9,18.0,0.6,0.5,0.6,-1.68,0.0,0.97,-0.2,21.0,1.47,18.0,0.6,0.5,0.6,-13.2,0.0,7.8,0.4,19.0,16.9,18.0,0.6,0.5,0.6,2.73,4.24,5.9,4.09,20.0,1.62,18.0,0.6,0.5,0.6,14.5,31.5,69.5,39.8,19.0,28.6,18.0,0.6,0.5,0.6,-205.6,-76.9,-47.3,-115.7,21.0,87.9,16.0,0.6,0.5,0.6,-298.8,-207.3,-60.0,-194.7,21.0,121.1,16.0,0.6,0.5,0.6,-140.3,-67.5,-33.5,-77.5,20.0,57.7,18.0,0.6,0.5,0.6,-188.8,-127.5,-35.9,-123.8,20.0,79.2,18.0,0.6,0.5,0.6,-35.3,-17.2,-3.1,-19.8,19.0,16.8,18.0,0.6,0.5,0.6,-53.3,-24.1,-6.0,-31.2,19.0,27.6,18.0,0.6,0.5,0.6,100.0,658.5,3652.5,1481.5,23.0,1733.5,18.0,0.6,0.5,0.6,100.0,660.0,3650.0,1480.0,23.0,1735.0,18.0,0.6,0.5,0.6
1974,2,115.0,13.0,24.59,26.0,26.93,26.07,15.0,1.59,16.0,0.7,0.3,0.6,25.0,26.3,28.48,26.6,15.0,1.93,16.0,0.7,0.3,0.6,15.12,17.01,18.98,17.24,13.0,1.94,14.0,0.7,0.3,0.7,73.3,83.4,85.4,80.7,13.0,7.4,14.0,0.7,0.7,4.02,6.7,11.62,7.71,15.0,4.23,16.0,0.7,0.3,0.6,-6.58,-4.79,-2.6,-4.72,15.0,2.13,16.0,0.7,0.3,0.6,-9.62,-4.75,-1.59,-5.52,15.0,4.54,16.0,0.7,0.3,0.6,1010.63,1012.6,1014.63,1012.95,15.0,2.43,16.0,0.7,0.3,0.6,2.2,6.0,7.0,4.9,15.0,2.3,16.0,0.7,0.3,0.6,-78.6,-24.7,-8.8,-41.8,15.0,32.6,16.0,0.7,0.3,0.6,-110.2,-29.6,-5.7,-59.5,15.0,73.7,16.0,0.7,0.3,0.6,-2.5,-0.2,1.63,-0.53,15.0,2.21,16.0,0.7,0.3,0.6,-17.7,-2.4,6.4,-1.9,15.0,19.0,16.0,0.7,0.3,0.6,0.43,4.51,6.35,3.71,13.0,2.67,14.0,0.7,0.3,0.7,2.7,17.4,63.7,30.9,13.0,35.8,14.0,0.7,0.3,0.7,-176.8,-121.1,-68.5,-126.3,15.0,60.8,16.0,0.7,0.3,0.6,-243.4,-118.7,-41.1,-141.8,15.0,110.2,16.0,0.7,0.3,0.6,-110.6,-79.9,-43.1,-77.3,13.0,30.0,14.0,0.7,0.3,0.7,-154.5,-86.2,-22.7,-92.4,13.0,72.4,14.0,0.7,0.3,0.7,-30.4,-15.2,-1.8,-15.5,13.0,12.8,14.0,0.7,0.3,0.7,-55.8,-8.7,-1.2,-24.8,13.0,35.0,14.0,0.7,0.3,0.7,65.0,301.0,1574.0,885.0,15.0,1228.0,16.0,0.7,0.3,0.6,65.0,300.0,1575.0,885.0,15.0,1230.0,16.0,0.7,0.3,0.6
1974,2,115.0,14.0,25.0,26.0,27.0,26.0,65.0,1.08,14.0,0.5,0.4,0.4,24.0,25.0,27.18,25.59,71.0,1.63,14.0,0.5,0.5,0.4,14.8,16.09,18.15,16.38,60.0,1.84,14.0,0.5,0.5,0.4,73.9,82.1,88.1,81.1,60.0,7.8,14.0,0.5,0.4,4.0,8.2,12.9,8.25,70.0,4.17,14.0,0.5,0.5,0.4,-6.45,-3.18,-1.47,-3.71,70.0,2.96,14.0,0.5,0.5,0.4,-11.3,-6.22,-2.3,-6.63,70.0,4.37,14.0,0.5,0.5,0.4,1010.5,1012.7,1014.66,1012.74,69.0,2.4,14.0,0.5,0.5,0.4,1.0,4.0,7.0,4.2,69.0,2.6,14.0,0.5,0.4,0.4,-83.2,-25.9,-2.8,-38.3,70.0,41.2,14.0,0.5,0.5,0.4,-144.4,-49.6,-8.3,-71.1,70.0,64.9,14.0,0.5,0.5,0.4,-1.0,1.0,2.1,0.57,64.0,1.75,14.0,0.5,0.4,0.4,-6.2,4.5,25.1,7.1,62.0,16.9,14.0,0.5,0.4,0.4,2.14,4.9,6.84,4.61,57.0,2.32,14.0,0.5,0.5,0.4,7.8,34.3,87.0,44.9,56.0,36.3,14.0,0.5,0.5,0.4,-167.2,-84.3,-39.4,-95.2,69.0,74.7,14.0,0.5,0.5,0.4,-288.7,-159.3,-57.1,-168.8,69.0,108.6,14.0,0.5,0.5,0.4,-105.3,-51.5,-22.4,-58.3,59.0,46.1,14.0,0.5,0.5,0.4,-181.3,-103.5,-42.6,-108.2,59.0,67.5,14.0,0.5,0.5,0.4,-41.5,-13.5,0.0,-20.0,56.0,20.2,14.0,0.5,0.5,0.4,-75.4,-28.6,-4.6,-37.5,56.0,33.5,14.0,0.5,0.5,0.4,64.0,551.5,2146.5,992.0,70.0,1082.0,14.0,0.5,0.5,0.4,65.0,550.0,2145.0,990.0,70.0,1080.0,14.0,0.5,0.5,0.4
1974,2,115.0,15.0,24.59,25.8,26.16,25.59,40.0,0.94,14.0,0.5,0.5,0.4,23.27,25.0,26.5,25.07,43.0,1.84,14.0,0.5,0.5,0.4,14.43,16.21,17.95,16.31,37.0,2.13,14.0,0.5,0.5,0.5,75.6,83.4,92.0,83.0,37.0,8.6,14.0,0.5,0.5,2.6,7.2,14.07,8.25,43.0,5.07,14.0,0.5,0.5,0.4,-6.3,-3.66,-1.03,-3.84,43.0,2.68,14.0,0.5,0.5,0.4,-12.75,-7.2,-1.57,-6.81,43.0,5.07,14.0,0.5,0.5,0.4,1009.83,1013.0,1015.0,1012.49,43.0,2.69,14.0,0.5,0.5,0.4,2.5,5.0,7.0,4.8,42.0,2.3,14.0,0.5,0.5,0.4,-81.4,-34.4,-2.4,-41.8,43.0,41.4,14.0,0.5,0.5,0.4,-173.0,-51.8,-3.4,-80.2,43.0,82.4,14.0,0.5,0.5,0.4,-0.5,0.75,2.44,0.67,40.0,1.92,14.0,0.5,0.5,0.4,-2.5,5.5,32.7,10.0,40.0,21.8,14.0,0.5,0.5,0.4,2.42,4.64,5.61,4.39,34.0,1.83,16.0,0.4,0.5,0.5,8.6,40.6,80.2,45.5,34.0,36.9,16.0,0.4,0.5,0.5,-148.5,-93.4,-25.9,-94.6,43.0,66.1,14.0,0.5,0.5,0.4,-301.4,-176.4,-41.2,-165.3,43.0,118.4,14.0,0.5,0.5,0.4,-90.6,-60.8,-22.2,-58.4,37.0,38.4,14.0,0.5,0.5,0.5,-175.3,-127.8,-28.7,-109.0,37.0,71.1,14.0,0.5,0.5,0.5,-37.5,-14.5,-3.2,-19.2,34.0,16.1,16.0,0.4,0.5,0.5,-76.1,-38.7,-6.6,-40.0,34.0,34.8,16.0,0.4,0.5,0.5,17.5,373.0,2786.0,1201.5,43.0,1441.0,14.0,0.5,0.5,0.4,20.0,375.0,2785.0,1200.0,43.0,1440.0,14.0,0.5,0.5,0.4
1974,2,115.0,16.0,25.0,25.0,25.0,25.0,1.0,0.0,12.0,0.0,0.2,0.3,21.1,21.1,21.1,21.1,1.0,0.0,12.0,0.0,0.2,0.3,13.2,13.2,13.2,13.2,1.0,0.0,12.0,0.0,0.2,0.3,85.1,85.1,85.1,85.1,1.0,0.0,12.0,0.0,0.3,13.9,13.9,13.9,13.9,1.0,0.0,12.0,0.0,0.2,0.3,-4.75,-4.75,-4.75,-4.75,1.0,0.0,12.0,0.0,0.2,0.3,-13.06,-13.06,-13.06,-13.06,1.0,0.0,12.0,0.0,0.2,0.3,1015.9,1015.9,1015.9,1015.9,1.0,0.0,12.0,0.0,0.2,0.3,7.0,7.0,7.0,7.0,1.0,0.0,12.0,0.0,0.2,0.3,-66.1,-66.1,-66.1,-66.1,1.0,0.0,12.0,0.0,0.2,0.3,-181.6,-181.6,-181.6,-181.6,1.0,0.0,12.0,0.0,0.2,0.3,3.9,3.9,3.9,3.9,1.0,0.0,12.0,0.0,0.2,0.3,54.2,54.2,54.2,54.2,1.0,0.0,12.0,0.0,0.2,0.3,6.52,6.52,6.52,6.52,1.0,0.0,12.0,0.0,0.2,0.3,90.7,90.7,90.7,90.7,1.0,0.0,12.0,0.0,0.2,0.3,-100.3,-100.3,-100.3,-100.3,1.0,0.0,12.0,0.0,0.2,0.3,-275.6,-275.6,-275.6,-275.6,1.0,0.0,12.0,0.0,0.2,0.3,-62.7,-62.7,-62.7,-62.7,1.0,0.0,12.0,0.0,0.2,0.3,-172.4,-172.4,-172.4,-172.4,1.0,0.0,12.0,0.0,0.2,0.3,-31.0,-31.0,-31.0,-31.0,1.0,0.0,12.0,0.0,0.2,0.3,-85.2,-85.2,-85.2,-85.2,1.0,0.0,12.0,0.0,0.2,0.3,2685.5,2685.5,2685.5,2685.5,1.0,0.0,12.0,0.0,0.2,0.3,2685.0,2685.0,2685.0,2685.0,1.0,0.0,12.0,0.0,0.2,0.3
1974,2,115.0,17.0,24.57,24.95,25.33,24.95,2.0,0.78,10.0,1.0,0.0,0.6,20.6,21.9,23.2,21.9,2.0,2.69,10.0,1.0,0.0,0.6,13.55,14.7,15.85,14.7,2.0,2.39,10.0,1.0,0.0,0.6,89.2,89.5,89.8,89.5,2.0,0.6,10.0,1.0,0.6,6.5,9.5,12.5,9.5,2.0,6.22,10.0,1.0,0.0,0.6,-4.52,-4.02,-3.51,-4.02,2.0,1.04,10.0,1.0,0.0,0.6,-11.61,-8.48,-5.36,-8.48,2.0,6.47,10.0,1.0,0.0,0.6,1012.42,1014.4,1016.38,1014.4,2.0,4.1,10.0,1.0,0.0,0.6,3.0,5.0,7.0,5.0,2.0,4.2,10.0,1.0,0.0,0.6,-58.2,-41.4,-24.6,-41.4,2.0,34.9,10.0,1.0,0.0,0.6,-155.9,-100.7,-45.6,-100.7,2.0,114.3,10.0,1.0,0.0,0.6,2.13,3.05,3.97,3.05,2.0,1.91,10.0,1.0,0.0,0.6,17.0,34.9,52.8,34.9,2.0,37.1,10.0,1.0,0.0,0.6,4.33,5.0,5.67,5.0,2.0,1.38,10.0,1.0,0.0,0.6,30.4,51.8,73.1,51.8,2.0,44.2,10.0,1.0,0.0,0.6,-92.4,-86.6,-80.7,-86.6,2.0,12.1,10.0,1.0,0.0,0.6,-234.5,-177.1,-119.7,-177.1,2.0,119.0,10.0,1.0,0.0,0.6,-60.6,-57.8,-55.0,-57.8,2.0,5.8,10.0,1.0,0.0,0.6,-153.2,-117.0,-80.8,-117.0,2.0,74.9,10.0,1.0,0.0,0.6,-26.0,-20.8,-15.6,-20.8,2.0,10.8,10.0,1.0,0.0,0.6,-68.2,-46.9,-25.6,-46.9,2.0,44.1,10.0,1.0,0.0,0.6,538.0,1409.0,2280.5,1409.0,2.0,1805.0,10.0,1.0,0.0,0.6,540.0,1410.0,2280.0,1410.0,2.0,1805.0,10.0,1.0,0.0,0.6
1974,2,115.0,18.0,23.57,23.95,24.33,23.95,2.0,0.78,24.0,0.0,0.4,0.4,20.63,22.0,23.37,22.0,2.0,2.83,24.0,0.0,0.4,0.4,12.49,14.08,15.68,14.08,2.0,3.31,24.0,0.0,0.4,0.4,82.4,84.7,87.0,84.7,2.0,4.8,24.0,0.0,0.4,3.47,7.7,11.93,7.7,2.0,8.77,24.0,0.0,0.4,0.4,-9.14,-5.9,-2.66,-5.9,2.0,6.72,24.0,0.0,0.4,0.4,-7.67,-4.95,-2.23,-4.95,2.0,5.64,24.0,0.0,0.4,0.4,1010.85,1013.75,1016.65,1013.75,2.0,6.01,24.0,0.0,0.4,0.4,1.3,4.0,6.7,4.0,2.0,5.7,24.0,0.0,0.4,0.4,-124.8,-74.9,-24.9,-74.9,2.0,103.4,24.0,0.0,0.4,0.4,-104.7,-62.8,-20.9,-62.8,2.0,86.8,24.0,0.0,0.4,0.4,0.96,1.95,2.94,1.95,2.0,2.05,24.0,0.0,0.4,0.4,8.1,24.0,39.9,24.0,2.0,32.9,24.0,0.0,0.4,0.4,3.35,4.47,5.59,4.47,2.0,2.32,24.0,0.0,0.4,0.4,17.1,44.6,72.1,44.6,2.0,57.1,24.0,0.0,0.4,0.4,-183.5,-120.3,-57.0,-120.3,2.0,131.1,24.0,0.0,0.4,0.4,-154.0,-100.9,-47.8,-100.9,2.0,110.0,24.0,0.0,0.4,0.4,-108.2,-72.0,-35.7,-72.0,2.0,75.1,24.0,0.0,0.4,0.4,-90.8,-60.4,-30.0,-60.4,2.0,63.0,24.0,0.0,0.4,0.4,-55.3,-34.2,-13.1,-34.2,2.0,43.7,24.0,0.0,0.4,0.4,-46.4,-28.7,-11.0,-28.7,2.0,36.7,24.0,0.0,0.4,0.4,429.0,1344.5,2260.0,1344.5,2.0,1896.5,24.0,0.0,0.4,0.4,430.0,1345.0,2260.0,1345.0,2.0,1895.0,24.0,0.0,0.4,0.4
1974,2,115.0,19.0,20.86,23.65,26.89,23.86,10.0,2.95,12.0,0.7,0.4,0.5,20.39,22.85,25.16,22.71,10.0,2.53,12.0,0.7,0.4,0.5,11.44,12.75,14.76,13.63,7.0,2.83,8.0,0.6,0.5,0.6,77.9,78.3,86.7,81.3,7.0,7.0,8.0,0.6,0.6,3.96,6.95,11.02,7.26,10.0,3.52,12.0,0.7,0.4,0.5,-9.71,-5.46,-3.03,-5.63,10.0,4.22,12.0,0.7,0.4,0.5,-5.21,-2.38,-0.66,-3.06,10.0,2.75,12.0,0.7,0.4,0.5,1012.27,1014.2,1018.63,1014.57,10.0,3.52,12.0,0.7,0.4,0.5,3.9,7.0,7.6,6.0,10.0,2.1,12.0,0.7,0.4,0.5,-105.1,-32.9,-14.8,-52.4,10.0,54.1,12.0,0.7,0.4,0.5,-54.7,-16.7,-1.8,-27.5,10.0,28.1,12.0,0.7,0.4,0.5,-0.61,2.5,3.29,1.15,10.0,3.13,12.0,0.7,0.4,0.5,-5.0,13.7,29.6,9.5,10.0,22.4,12.0,0.7,0.4,0.5,4.28,5.21,7.63,5.65,7.0,2.49,8.0,0.6,0.5,0.6,20.5,37.5,75.2,47.0,7.0,30.8,8.0,0.6,0.5,0.6,-214.7,-137.0,-62.9,-127.6,10.0,94.7,12.0,0.7,0.4,0.5,-102.8,-59.4,-15.0,-65.1,10.0,53.9,12.0,0.7,0.4,0.5,-139.1,-104.5,-33.6,-81.7,7.0,67.7,8.0,0.6,0.5,0.6,-67.9,-50.5,-23.2,-48.4,7.0,30.8,8.0,0.6,0.5,0.6,-70.7,-19.8,-15.6,-34.9,7.0,34.5,8.0,0.6,0.5,0.6,-34.1,-25.3,-6.3,-22.3,7.0,18.3,8.0,0.6,0.5,0.6,74.0,337.0,1408.5,635.0,10.0,760.0,12.0,0.7,0.4,0.5,75.0,335.0,1410.0,635.0,10.0,760.0,12.0,0.7,0.4,0.5
1974,2,115.0,20.0,20.83,22.8,23.3,22.37,15.0,1.68,16.0,0.1,0.5,0.4,17.03,21.6,23.47,20.8,14.0,2.9,16.0,0.1,0.6,0.4,9.47,12.3,15.98,12.58,13.0,3.16,16.0,0.2,0.6,0.4,76.2,84.8,90.0,81.6,13.0,8.9,16.0,0.2,0.4,4.6,9.3,10.84,8.24,15.0,2.82,16.0,0.1,0.5,0.4,-8.55,-5.15,-2.49,-5.12,15.0,3.29,16.0,0.1,0.5,0.4,-8.52,-5.59,2.6,-4.01,15.0,4.96,16.0,0.1,0.5,0.4,1008.59,1011.2,1019.19,1013.35,15.0,5.13,16.0,0.1,0.5,0.4,5.1,7.5,8.0,6.5,14.0,2.2,16.0,0.1,0.6,0.4,-89.7,-53.0,-11.1,-49.5,15.0,38.5,16.0,0.1,0.5,0.4,-88.1,-48.7,9.9,-42.0,15.0,44.8,16.0,0.1,0.5,0.4,-0.59,0.9,3.97,1.5,14.0,2.48,16.0,0.1,0.6,0.4,-4.3,7.5,37.1,14.4,14.0,23.7,16.0,0.1,0.6,0.4,1.7,4.55,7.17,4.39,13.0,2.36,16.0,0.2,0.6,0.4,7.0,39.6,71.9,39.5,13.0,26.2,16.0,0.2,0.6,0.4,-176.7,-105.5,-53.3,-106.6,14.0,69.7,16.0,0.1,0.6,0.4,-151.4,-113.2,-37.5,-92.1,14.0,90.6,16.0,0.1,0.6,0.4,-111.2,-53.2,-30.5,-62.5,13.0,44.8,16.0,0.2,0.6,0.4,-82.2,-62.3,-15.1,-45.6,13.0,52.8,16.0,0.2,0.6,0.4,-44.5,-25.6,-2.7,-25.9,13.0,21.4,16.0,0.2,0.6,0.4,-46.0,-25.4,-3.7,-25.2,13.0,22.5,16.0,0.2,0.6,0.4,97.5,804.5,1278.0,735.5,15.0,547.5,16.0,0.1,0.5,0.4,95.0,805.0,1280.0,735.0,15.0,545.0,16.0,0.1,0.5,0.4
1974,2,115.0,21.0,19.75,22.0,23.3,21.78,12.0,2.23,20.0,0.2,0.3,0.5,13.8,17.15,21.69,17.72,10.0,3.99,20.0,0.1,0.3,0.5,9.26,13.06,16.8,13.03,4.0,4.44,24.0,0.0,0.3,0.3,86.1,91.5,95.3,90.7,4.0,5.5,24.0,0.0,0.3,6.25,8.7,10.92,8.81,14.0,3.47,20.0,0.3,0.3,0.6,-6.89,-6.66,-4.03,-5.71,14.0,2.16,20.0,0.3,0.3,0.6,-7.48,-5.59,-3.91,-6.09,14.0,4.01,20.0,0.3,0.3,0.6,1010.23,1016.6,1025.37,1017.37,14.0,6.94,20.0,0.3,0.3,0.6,7.0,8.0,8.0,7.0,11.0,2.4,20.0,0.2,0.2,0.5,-90.8,-58.0,-25.3,-54.2,14.0,30.3,20.0,0.3,0.3,0.6,-77.5,-48.7,-26.2,-65.7,14.0,69.6,20.0,0.3,0.3,0.6,0.19,5.1,7.03,4.22,10.0,3.28,20.0,0.1,0.3,0.5,2.7,46.0,83.7,47.3,10.0,42.2,20.0,0.1,0.3,0.5,1.1,4.21,6.8,3.96,4.0,3.36,24.0,0.0,0.3,0.3,8.0,53.8,105.8,56.7,4.0,57.3,24.0,0.0,0.3,0.3,-121.7,-93.6,-73.7,-91.6,10.0,39.9,20.0,0.1,0.3,0.5,-172.6,-99.4,-78.3,-108.5,10.0,65.5,20.0,0.1,0.3,0.5,-90.6,-64.1,-50.3,-70.1,4.0,26.2,24.0,0.0,0.3,0.3,-128.7,-94.7,-24.0,-77.2,4.0,66.1,24.0,0.0,0.3,0.3,-43.3,-27.2,-6.9,-25.2,4.0,21.5,24.0,0.0,0.3,0.3,-96.2,-43.6,-3.7,-49.7,4.0,54.6,24.0,0.0,0.3,0.3,245.0,658.5,1306.5,1007.0,14.0,1241.0,20.0,0.3,0.3,0.6,245.0,660.0,1305.0,1005.0,14.0,1240.0,20.0,0.3,0.3,0.6
1974,2,115.0,22.0,15.47,17.9,21.22,18.27,26.0,2.99,12.0,0.4,0.6,0.4,11.5,14.15,15.87,14.33,26.0,3.12,10.0,0.5,0.5,0.4,5.09,7.71,10.78,8.0,15.0,2.81,10.0,0.5,0.5,0.4,65.7,79.3,92.2,76.9,15.0,13.4,10.0,0.5,0.4,6.44,9.3,10.4,8.3,25.0,2.68,12.0,0.5,0.6,0.4,-8.05,-5.13,-1.99,-5.05,25.0,3.27,12.0,0.5,0.6,0.4,-9.31,-4.65,-2.16,-5.49,25.0,3.2,12.0,0.5,0.6,0.4,1015.7,1021.0,1025.1,1020.33,27.0,5.39,12.0,0.5,0.5,0.4,2.8,7.0,8.0,6.0,25.0,2.7,12.0,0.5,0.6,0.4,-75.2,-42.2,-16.3,-46.0,25.0,36.0,12.0,0.5,0.6,0.4,-94.6,-43.2,-15.3,-50.9,25.0,39.4,12.0,0.5,0.6,0.4,1.0,4.6,6.24,3.87,24.0,2.65,10.0,0.4,0.5,0.4,10.5,32.7,59.6,35.0,22.0,23.4,10.0,0.5,0.5,0.4,1.75,5.92,6.93,4.84,15.0,2.88,10.0,0.5,0.5,0.4,20.0,34.6,67.7,41.1,15.0,27.8,10.0,0.5,0.5,0.4,-133.9,-73.5,-24.8,-75.2,24.0,51.2,10.0,0.5,0.6,0.4,-126.9,-63.7,-26.1,-71.7,24.0,43.5,10.0,0.5,0.6,0.4,-84.4,-36.0,-12.4,-43.7,15.0,35.2,10.0,0.5,0.5,0.4,-61.0,-31.2,-9.9,-33.1,15.0,22.7,10.0,0.5,0.5,0.4,-46.2,-24.1,-3.4,-28.4,15.0,22.6,10.0,0.5,0.5,0.4,-37.0,-19.4,-1.3,-24.6,15.0,23.7,10.0,0.5,0.5,0.4,267.5,804.5,1124.5,733.5,25.0,573.0,12.0,0.5,0.6,0.4,270.0,805.0,1125.0,735.0,25.0,575.0,12.0,0.5,0.6,0.4
1974,2,116.0,-65.0,,,,,,,,,,,,,,,,,,,,,,,,,,,,,,,,,,,,,,,,6.2,6.2,6.2,6.2,1.0,0.0,16.0,1.0,0.0,0.3,6.2,6.2,6.2,6.2,1.0,0.0,16.0,1.0,0.0,0.3,0.0,0.0,0.0,0.0,1.0,0.0,16.0,1.0,0.0,0.3,988.6,988.6,988.6,988.6,1.0,0.0,16.0,1.0,0.0,0.3,,,,,,,,,,,,,,,,,,,,,,,,,,,,,,,,,,,,,,,,,,,,,,,,,,,,,,,,,,,,,,,,,,,,,,,,,,,,,,,,,,,,,,,,,,,,,,,,,,,,,,,,,,,,,,,,,,,,,,,,,,,,,,,,,,,,,,,,,,,,,,,,,,,,,,
1974,2,116.0,-63.0,,,,,,,,,,,,,,,,,,,,,,,,,,,,,,,,,,,,,,,,8.2,8.2,8.2,8.2,1.0,0.0,14.0,0.0,0.0,0.5,7.1,7.1,7.1,7.1,1.0,0.0,14.0,0.0,0.0,0.5,4.1,4.1,4.1,4.1,1.0,0.0,14.0,0.0,0.0,0.5,991.9,991.9,991.9,991.9,1.0,0.0,14.0,0.0,0.0,0.5,,,,,,,,,,,,,,,,,,,,,,,,,,,,,,,,,,,,,,,,,,,,,,,,,,,,,,,,,,,,,,,,,,,,,,,,,,,,,,,,,,,,,,,,,,,,,,,,,,,,,,,,,,,,,,,,,,,,,,,,,,,,,,,,,,,,,,,,,,,,,,,,,,,,,,
1974,2,116.0,-61.0,,,,,,,,,,,,,,,,,,,,,,,,,,,,,,,,,,,,,,,,18.0,18.0,18.0,18.0,1.0,0.0,14.0,1.0,0.0,0.7,18.0,18.0,18.0,18.0,1.0,0.0,14.0,1.0,0.0,0.7,0.0,0.0,0.0,0.0,1.0,0.0,14.0,1.0,0.0,0.7,990.6,990.6,990.6,990.6,1.0,0.0,14.0,1.0,0.0,0.7,,,,,,,,,,,,,,,,,,,,,,,,,,,,,,,,,,,,,,,,,,,,,,,,,,,,,,,,,,,,,,,,,,,,,,,,,,,,,,,,,,,,,,,,,,,,,,,,,,,,,,,,,,,,,,,,,,,,,,,,,,,,,,,,,,,,,,,,,,,,,,,,,,,,,,
1974,2,116.0,-60.0,,,,,,,,,,,,,,,,,,,,,,,,,,,,,,,,,,,,,,,,11.8,11.8,11.8,11.8,1.0,0.0,14.0,1.0,0.5,0.7,11.62,11.62,11.62,11.62,1.0,0.0,14.0,1.0,0.5,0.7,-2.05,-2.05,-2.05,-2.05,1.0,0.0,14.0,1.0,0.5,0.7,993.3,993.3,993.3,993.3,1.0,0.0,14.0,1.0,0.5,0.7,,,,,,,,,,,,,,,,,,,,,,,,,,,,,,,,,,,,,,,,,,,,,,,,,,,,,,,,,,,,,,,,,,,,,,,,,,,,,,,,,,,,,,,,,,,,,,,,,,,,,,,,,,,,,,,,,,,,,,,,,,,,,,,,,,,,,,,,,,,,,,,,,,,,,,
1974,2,116.0,-59.0,,,,,,,,,,,,,,,,,,,,,,,,,,,,,,,,,,,,,,,,11.8,11.8,11.8,11.8,1.0,0.0,14.0,0.0,0.5,0.7,11.09,11.09,11.09,11.09,1.0,0.0,14.0,0.0,0.5,0.7,-4.04,-4.04,-4.04,-4.04,1.0,0.0,14.0,0.0,0.5,0.7,995.6,995.6,995.6,995.6,1.0,0.0,14.0,0.0,0.5,0.7,,,,,,,,,,,,,,,,,,,,,,,,,,,,,,,,,,,,,,,,,,,,,,,,,,,,,,,,,,,,,,,,,,,,,,,,,,,,,,,,,,,,,,,,,,,,,,,,,,,,,,,,,,,,,,,,,,,,,,,,,,,,,,,,,,,,,,,,,,,,,,,,,,,,,,
1974,2,116.0,-57.0,,,,,,,,,,,,,,,,,,,,,,,,,,,,,,,,,,,,,,,,13.9,13.9,13.9,13.9,1.0,0.0,14.0,1.0,0.0,0.3,13.9,13.9,13.9,13.9,1.0,0.0,14.0,1.0,0.0,0.3,0.0,0.0,0.0,0.0,1.0,0.0,14.0,1.0,0.0,0.3,997.9,997.9,997.9,997.9,1.0,0.0,14.0,1.0,0.0,0.3,,,,,,,,,,,,,,,,,,,,,,,,,,,,,,,,,,,,,,,,,,,,,,,,,,,,,,,,,,,,,,,,,,,,,,,,,,,,,,,,,,,,,,,,,,,,,,,,,,,,,,,,,,,,,,,,,,,,,,,,,,,,,,,,,,,,,,,,,,,,,,,,,,,,,,
1974,2,116.0,-56.0,,,,,,,,,,,,,,,,,,,,,,,,,,,,,,,,,,,,,,,,17.0,17.0,17.0,17.0,1.0,0.0,14.0,1.0,0.0,0.5,17.0,17.0,17.0,17.0,1.0,0.0,14.0,1.0,0.0,0.5,0.0,0.0,0.0,0.0,1.0,0.0,14.0,1.0,0.0,0.5,997.9,997.9,997.9,997.9,1.0,0.0,14.0,1.0,0.0,0.5,,,,,,,,,,,,,,,,,,,,,,,,,,,,,,,,,,,,,,,,,,,,,,,,,,,,,,,,,,,,,,,,,,,,,,,,,,,,,,,,,,,,,,,,,,,,,,,,,,,,,,,,,,,,,,,,,,,,,,,,,,,,,,,,,,,,,,,,,,,,,,,,,,,,,,
1974,2,116.0,-43.0,14.8,14.8,14.8,14.8,1.0,0.0,8.0,1.0,0.4,1.0,13.5,13.5,13.5,13.5,1.0,0.0,8.0,1.0,0.4,1.0,7.58,7.58,7.58,7.58,1.0,0.0,8.0,1.0,0.4,1.0,79.4,79.4,79.4,79.4,1.0,0.0,8.0,1.0,1.0,12.3,12.3,12.3,12.3,1.0,0.0,8.0,1.0,0.4,1.0,7.91,7.91,7.91,7.91,1.0,0.0,8.0,1.0,0.4,1.0,-9.42,-9.42,-9.42,-9.42,1.0,0.0,8.0,1.0,0.4,1.0,1016.8,1016.8,1016.8,1016.8,1.0,0.0,8.0,1.0,0.4,1.0,8.0,8.0,8.0,8.0,1.0,0.0,8.0,1.0,0.4,1.0,97.2,97.2,97.2,97.2,1.0,0.0,8.0,1.0,0.4,1.0,-115.9,-115.9,-115.9,-115.9,1.0,0.0,8.0,1.0,0.4,1.0,1.3,1.3,1.3,1.3,1.0,0.0,8.0,1.0,0.4,1.0,16.0,16.0,16.0,16.0,1.0,0.0,8.0,1.0,0.4,1.0,2.83,2.83,2.83,2.83,1.0,0.0,8.0,1.0,0.4,1.0,34.8,34.8,34.8,34.8,1.0,0.0,8.0,1.0,0.4,1.0,106.7,106.7,106.7,106.7,1.0,0.0,8.0,1.0,0.4,1.0,-127.2,-127.2,-127.2,-127.2,1.0,0.0,8.0,1.0,0.4,1.0,59.9,59.9,59.9,59.9,1.0,0.0,8.0,1.0,0.4,1.0,-71.4,-71.4,-71.4,-71.4,1.0,0.0,8.0,1.0,0.4,1.0,22.4,22.4,22.4,22.4,1.0,0.0,8.0,1.0,0.4,1.0,-26.6,-26.6,-26.6,-26.6,1.0,0.0,8.0,1.0,0.4,1.0,1861.0,1861.0,1861.0,1861.0,1.0,0.0,8.0,1.0,0.4,1.0,1860.0,1860.0,1860.0,1860.0,1.0,0.0,8.0,1.0,0.4,1.0
1974,2,116.0,-37.0,20.0,20.0,20.0,20.0,1.0,0.0,16.0,0.0,0.6,0.4,14.5,14.5,14.5,14.5,1.0,0.0,16.0,0.0,0.6,0.4,7.17,7.17,7.17,7.17,1.0,0.0,16.0,0.0,0.6,0.4,70.0,70.0,70.0,70.0,1.0,0.0,16.0,0.0,0.4,,,,,,,,,,,,,,,,,,,,,,,,,,,,,,,,,,,,,,,,,,,,,,,,,,,,,,,,,,,,,,,,,,,,,,,,,,,,,,,,,,,,,,,,,,,,,,,,,,,,,,,,,,,,,,,,,,,,,,,,,,,,,,,,,,,,,,,,,,,,,,,,,,,,,,,,,,,,,,,,,,,,,,,,,,,,,,,,,,,,,,,,,,,,,,
1974,2,116.0,-36.0,18.94,19.65,20.57,19.57,10.0,1.24,16.0,0.4,0.5,0.8,18.21,18.95,19.31,18.77,10.0,1.7,16.0,0.4,0.5,0.8,8.68,10.67,11.79,10.34,10.0,1.46,16.0,0.4,0.5,0.8,65.1,79.3,85.2,77.3,10.0,10.2,16.0,0.4,0.8,3.1,7.95,10.59,7.21,10.0,3.76,16.0,0.4,0.5,0.8,-9.81,-0.36,1.75,-2.77,10.0,5.68,16.0,0.4,0.5,0.8,0.85,3.08,7.72,3.9,10.0,3.76,16.0,0.4,0.5,0.8,1011.67,1019.1,1021.27,1017.74,10.0,5.45,16.0,0.4,0.5,0.8,1.0,4.5,7.0,4.2,10.0,2.9,16.0,0.4,0.5,0.8,-97.1,-0.8,14.7,-31.9,10.0,63.4,16.0,0.4,0.5,0.8,1.8,14.7,61.7,29.4,10.0,39.0,16.0,0.4,0.5,0.8,0.04,0.85,1.57,0.8,10.0,1.08,16.0,0.4,0.5,0.8,0.1,3.3,14.0,7.1,10.0,12.8,16.0,0.4,0.5,0.8,2.45,3.56,5.28,3.78,10.0,1.42,16.0,0.4,0.5,0.8,12.2,21.1,34.9,25.8,10.0,17.7,16.0,0.4,0.5,0.8,-204.5,-7.0,32.0,-55.0,10.0,112.0,16.0,0.4,0.5,0.8,16.4,58.0,130.5,69.7,10.0,66.0,16.0,0.4,0.5,0.8,-113.2,-3.4,18.5,-30.5,10.0,62.9,16.0,0.4,0.5,0.8,7.9,30.4,79.2,40.5,10.0,42.6,16.0,0.4,0.5,0.8,-34.7,-1.7,4.3,-12.5,10.0,25.0,16.0,0.4,0.5,0.8,3.9,13.3,21.3,12.2,10.0,9.7,16.0,0.4,0.5,0.8,30.0,504.0,1188.0,648.0,10.0,696.5,16.0,0.4,0.5,0.8,30.0,505.0,1190.0,650.0,10.0,695.0,16.0,0.4,0.5,0.8
1974,2,116.0,-21.0,28.14,28.45,28.76,28.45,2.0,0.64,16.0,0.0,0.1,0.7,27.82,28.3,28.78,28.3,2.0,0.99,16.0,0.0,0.1,0.7,20.67,20.86,21.05,20.86,2.0,0.39,16.0,0.0,0.1,0.7,82.9,86.2,89.5,86.2,2.0,6.8,16.0,0.0,0.7,3.75,5.15,6.55,5.15,2.0,2.9,16.0,0.0,0.1,0.7,1.88,3.65,5.41,3.65,2.0,3.66,16.0,0.0,0.1,0.7,-2.57,-0.34,1.88,-0.34,2.0,4.61,16.0,0.0,0.1,0.7,1003.52,1004.85,1006.18,1004.85,2.0,2.76,16.0,0.0,0.1,0.7,0.6,2.0,3.4,2.0,2.0,2.8,16.0,0.0,0.1,0.7,9.9,24.1,38.3,24.1,2.0,29.4,16.0,0.0,0.1,0.7,-20.4,-8.4,3.5,-8.4,2.0,24.7,16.0,0.0,0.1,0.7,-0.02,0.15,0.32,0.15,2.0,0.35,16.0,0.0,0.1,0.7,-0.4,0.3,0.9,0.3,2.0,1.4,16.0,0.0,0.1,0.7,2.99,3.65,4.31,3.65,2.0,1.37,16.0,0.0,0.1,0.7,12.3,20.8,29.3,20.8,2.0,17.7,16.0,0.0,0.1,0.7,53.3,105.0,156.8,105.0,2.0,107.2,16.0,0.0,0.1,0.7,-75.1,-12.0,51.1,-12.0,2.0,130.7,16.0,0.0,0.1,0.7,39.2,75.4,111.6,75.4,2.0,74.9,16.0,0.0,0.1,0.7,-52.6,-6.3,40.0,-6.3,2.0,95.9,16.0,0.0,0.1,0.7,7.0,15.8,24.7,15.8,2.0,18.4,16.0,0.0,0.1,0.7,-12.8,-4.4,3.9,-4.4,2.0,17.3,16.0,0.0,0.1,0.7,84.5,201.5,318.5,201.5,2.0,243.0,16.0,0.0,0.1,0.7,85.0,200.0,320.0,200.0,2.0,245.0,16.0,0.0,0.1,0.7
1974,2,116.0,-20.0,30.0,30.0,30.0,30.0,1.0,0.0,24.0,0.0,0.7,0.1,29.0,29.0,29.0,29.0,1.0,0.0,24.0,0.0,0.7,0.1,20.18,20.18,20.18,20.18,1.0,0.0,24.0,0.0,0.7,0.1,80.5,80.5,80.5,80.5,1.0,0.0,24.0,0.0,0.1,2.6,2.6,2.6,2.6,1.0,0.0,24.0,0.0,0.7,0.1,0.0,0.0,0.0,0.0,1.0,0.0,24.0,0.0,0.7,0.1,-2.6,-2.6,-2.6,-2.6,1.0,0.0,24.0,0.0,0.7,0.1,1011.1,1011.1,1011.1,1011.1,1.0,0.0,24.0,0.0,0.7,0.1,3.0,3.0,3.0,3.0,1.0,0.0,24.0,0.0,0.7,0.1,0.0,0.0,0.0,0.0,1.0,0.0,24.0,0.0,0.7,0.1,-6.8,-6.8,-6.8,-6.8,1.0,0.0,24.0,0.0,0.7,0.1,1.0,1.0,1.0,1.0,1.0,0.0,24.0,0.0,0.7,0.1,2.6,2.6,2.6,2.6,1.0,0.0,24.0,0.0,0.7,0.1,6.49,6.49,6.49,6.49,1.0,0.0,24.0,0.0,0.7,0.1,16.9,16.9,16.9,16.9,1.0,0.0,24.0,0.0,0.7,0.1,0.0,0.0,0.0,0.0,1.0,0.0,24.0,0.0,0.7,0.1,-75.4,-75.4,-75.4,-75.4,1.0,0.0,24.0,0.0,0.7,0.1,0.0,0.0,0.0,0.0,1.0,0.0,24.0,0.0,0.7,0.1,-52.5,-52.5,-52.5,-52.5,1.0,0.0,24.0,0.0,0.7,0.1,0.0,0.0,0.0,0.0,1.0,0.0,24.0,0.0,0.7,0.1,-16.9,-16.9,-16.9,-16.9,1.0,0.0,24.0,0.0,0.7,0.1,17.5,17.5,17.5,17.5,1.0,0.0,24.0,0.0,0.7,0.1,20.0,20.0,20.0,20.0,1.0,0.0,24.0,0.0,0.7,0.1
1974,2,116.0,-19.0,28.41,29.3,29.37,28.9,3.0,0.78,22.0,0.0,0.5,0.6,28.06,28.2,30.25,29.13,3.0,1.79,22.0,0.0,0.5,0.6,19.33,20.3,21.64,20.48,3.0,1.7,22.0,0.0,0.5,0.6,77.8,78.5,83.1,80.4,3.0,4.2,22.0,0.0,0.6,2.76,3.1,6.24,4.47,3.0,2.81,22.0,0.0,0.5,0.6,1.58,3.05,5.52,3.54,3.0,2.92,22.0,0.0,0.5,0.6,-1.5,0.54,2.8,0.65,3.0,3.15,22.0,0.0,0.5,0.6,1003.29,1005.0,1005.14,1004.23,3.0,1.5,22.0,0.0,0.5,0.6,0.0,0.0,2.0,1.0,3.0,1.7,22.0,0.0,0.5,0.6,4.6,9.5,38.1,21.0,3.0,26.5,22.0,0.0,0.5,0.6,-3.8,1.7,20.8,8.3,3.0,18.9,22.0,0.0,0.5,0.6,-1.84,1.1,1.3,-0.23,3.0,2.57,22.0,0.0,0.5,0.6,-15.9,2.9,3.9,-5.8,3.0,16.3,22.0,0.0,0.5,0.6,2.9,5.61,6.47,4.71,3.0,2.73,22.0,0.0,0.5,0.6,14.2,17.4,17.7,16.0,3.0,2.9,22.0,0.0,0.5,0.6,44.2,85.5,169.1,106.2,3.0,93.2,22.0,0.0,0.5,0.6,-42.2,15.1,86.8,22.1,3.0,94.7,22.0,0.0,0.5,0.6,31.1,62.0,121.0,75.7,3.0,66.9,22.0,0.0,0.5,0.6,-28.0,10.9,62.0,16.8,3.0,66.1,22.0,0.0,0.5,0.6,7.7,11.0,15.2,11.4,3.0,5.5,22.0,0.0,0.5,0.6,-10.5,3.0,5.3,-2.5,3.0,12.5,22.0,0.0,0.5,0.6,21.5,30.0,321.0,168.0,3.0,250.0,22.0,0.0,0.5,0.6,20.0,30.0,320.0,170.0,3.0,250.0,22.0,0.0,0.5,0.6
1974,2,116.0,-18.0,28.79,29.35,29.7,29.25,4.0,0.58,14.0,1.0,0.5,0.6,28.24,28.85,29.41,28.83,4.0,0.71,14.0,1.0,0.5,0.6,16.41,17.87,19.78,18.09,4.0,2.3,14.0,1.0,0.5,0.6,65.8,72.8,79.1,72.5,4.0,7.8,14.0,1.0,0.6,1.24,3.1,4.39,2.83,4.0,2.15,14.0,1.0,0.5,0.6,1.22,2.97,4.24,2.74,4.0,2.09,14.0,1.0,0.5,0.6,-0.65,0.23,0.68,0.03,4.0,0.91,14.0,1.0,0.5,0.6,1004.07,1005.85,1007.48,1005.78,4.0,2.07,14.0,1.0,0.5,0.6,2.0,3.5,4.5,3.3,4.0,1.7,14.0,1.0,0.5,0.6,3.2,9.4,19.2,11.1,4.0,10.9,14.0,1.0,0.5,0.6,-2.3,0.6,2.9,0.3,4.0,3.7,14.0,1.0,0.5,0.6,-0.05,0.0,0.94,0.43,4.0,0.92,14.0,1.0,0.5,0.6,0.0,0.0,2.5,1.2,4.0,2.3,14.0,1.0,0.5,0.6,6.56,8.11,8.56,7.58,4.0,1.66,14.0,1.0,0.5,0.6,10.0,23.7,29.4,19.9,4.0,14.0,14.0,1.0,0.5,0.6,34.1,84.1,123.8,79.2,4.0,61.8,14.0,1.0,0.5,0.6,-18.4,6.3,19.8,0.9,4.0,26.3,14.0,1.0,0.5,0.6,22.4,49.9,80.4,51.4,4.0,43.3,14.0,1.0,0.5,0.6,-10.0,4.2,13.7,1.9,4.0,16.0,14.0,1.0,0.5,0.6,9.9,23.3,28.2,19.2,4.0,13.4,14.0,1.0,0.5,0.6,-5.8,1.8,4.1,-0.7,4.0,7.2,14.0,1.0,0.5,0.6,8.5,32.0,91.5,49.0,4.0,59.0,14.0,1.0,0.5,0.6,10.0,30.0,90.0,50.0,4.0,60.0,14.0,1.0,0.5,0.6
1974,2,116.0,-16.0,27.76,29.4,30.08,28.93,3.0,1.75,16.0,1.0,0.3,0.2,27.32,28.0,29.5,28.4,3.0,1.64,16.0,1.0,0.3,0.2,17.09,18.63,18.94,18.03,3.0,1.45,16.0,1.0,0.3,0.2,71.5,73.2,76.8,74.1,3.0,3.9,16.0,1.0,0.2,1.51,2.6,3.28,2.4,3.0,1.31,16.0,1.0,0.3,0.2,1.48,2.56,3.23,2.36,3.0,1.29,16.0,1.0,0.3,0.2,-0.57,-0.45,-0.02,-0.3,3.0,0.42,16.0,1.0,0.3,0.2,1006.06,1006.2,1006.2,1006.13,3.0,0.12,16.0,1.0,0.3,0.2,2.0,2.0,4.7,3.3,3.0,2.3,16.0,1.0,0.3,0.2,2.8,6.7,10.8,6.8,3.0,5.9,16.0,1.0,0.3,0.2,-1.9,-1.2,-0.3,-1.1,3.0,1.2,16.0,1.0,0.3,0.2,0.06,0.2,1.02,0.53,3.0,0.76,16.0,1.0,0.3,0.2,0.1,0.2,2.5,1.3,3.0,2.0,16.0,1.0,0.3,0.2,6.45,7.25,8.0,7.23,3.0,1.14,16.0,1.0,0.3,0.2,11.7,18.9,20.9,16.4,3.0,7.1,16.0,1.0,0.3,0.2,43.1,71.7,88.1,65.7,3.0,33.4,16.0,1.0,0.3,0.2,-15.5,-12.6,-0.4,-8.1,3.0,11.7,16.0,1.0,0.3,0.2,28.0,47.7,54.8,41.5,3.0,20.3,16.0,1.0,0.3,0.2,-9.7,-8.4,-0.4,-5.1,3.0,7.4,16.0,1.0,0.3,0.2,11.5,18.6,20.6,16.1,3.0,7.0,16.0,1.0,0.3,0.2,-3.6,-3.3,0.0,-1.9,3.0,2.9,16.0,1.0,0.3,0.2,6.5,17.5,37.5,21.5,3.0,23.0,16.0,1.0,0.3,0.2,5.0,20.0,35.0,20.0,3.0,25.0,16.0,1.0,0.3,0.2
1974,2,116.0,-15.0,28.25,28.8,29.69,28.97,3.0,1.06,16.0,0.3,0.2,0.7,27.42,27.9,28.04,27.73,3.0,0.47,16.0,0.3,0.2,0.7,18.49,18.73,19.15,18.82,3.0,0.49,16.0,0.3,0.2,0.7,78.1,78.4,83.1,80.5,3.0,4.1,16.0,0.3,0.7,1.85,2.6,2.6,2.23,3.0,0.64,16.0,0.3,0.2,0.7,1.82,2.56,2.56,2.2,3.0,0.63,16.0,0.3,0.2,0.7,-0.45,-0.45,0.03,-0.21,3.0,0.41,16.0,0.3,0.2,0.7,1005.41,1006.5,1006.98,1006.2,3.0,1.18,16.0,0.3,0.2,0.7,3.3,4.0,5.4,4.3,3.0,1.5,16.0,0.3,0.2,0.7,3.6,6.7,6.7,5.2,3.0,2.6,16.0,0.3,0.2,0.7,-1.2,-1.2,-0.1,-0.7,3.0,0.9,16.0,0.3,0.2,0.7,0.58,1.6,1.87,1.23,3.0,1.0,16.0,0.3,0.2,0.7,1.1,3.0,3.8,2.5,3.0,2.0,16.0,0.3,0.2,0.7,5.5,5.67,7.41,6.44,3.0,1.55,16.0,0.3,0.2,0.7,12.9,14.1,14.5,13.7,3.0,1.2,16.0,0.3,0.2,0.7,50.4,69.6,70.9,60.9,3.0,16.8,16.0,0.3,0.2,0.7,-12.5,-12.3,1.1,-5.9,3.0,11.4,16.0,0.3,0.2,0.7,33.8,47.1,48.7,41.4,3.0,12.0,16.0,0.3,0.2,0.7,-8.6,-8.3,0.7,-4.1,3.0,7.7,16.0,0.3,0.2,0.7,12.7,13.9,14.3,13.5,3.0,1.2,16.0,0.3,0.2,0.7,-2.5,-2.4,0.7,-1.0,3.0,2.7,16.0,0.3,0.2,0.7,8.0,17.5,17.5,13.0,3.0,8.0,16.0,0.3,0.2,0.7,10.0,20.0,20.0,15.0,3.0,10.0,16.0,0.3,0.2,0.7
1974,2,116.0,-14.0,27.11,27.55,27.99,27.55,2.0,0.92,24.0,0.0,0.1,1.0,26.33,26.6,26.87,26.6,2.0,0.57,24.0,0.0,0.1,1.0,19.63,19.8,19.98,19.8,2.0,0.36,24.0,0.0,0.1,1.0,88.3,90.5,92.7,90.5,2.0,4.5,24.0,0.0,1.0,1.99,3.05,4.11,3.05,2.0,2.19,24.0,0.0,0.1,1.0,1.98,3.02,4.05,3.02,2.0,2.14,24.0,0.0,0.1,1.0,-0.67,-0.4,-0.13,-0.4,2.0,0.56,24.0,0.0,0.1,1.0,1005.19,1005.6,1006.01,1005.6,2.0,0.85,24.0,0.0,0.1,1.0,2.0,2.0,2.0,2.0,1.0,0.0,26.0,0.0,0.2,1.0,5.2,11.5,17.9,11.5,2.0,13.1,24.0,0.0,0.1,1.0,-3.1,-1.8,-0.6,-1.8,2.0,2.6,24.0,0.0,0.1,1.0,0.78,0.95,1.12,0.95,2.0,0.35,24.0,0.0,0.1,1.0,2.0,2.5,3.0,2.5,2.0,1.0,24.0,0.0,0.1,1.0,2.65,3.42,4.2,3.42,2.0,1.6,24.0,0.0,0.1,1.0,7.4,8.7,9.9,8.7,2.0,2.6,24.0,0.0,0.1,1.0,52.9,79.6,106.3,79.6,2.0,55.3,24.0,0.0,0.1,1.0,-17.6,-10.5,-3.3,-10.5,2.0,14.8,24.0,0.0,0.1,1.0,39.1,60.1,81.1,60.1,2.0,43.5,24.0,0.0,0.1,1.0,-13.5,-8.0,-2.5,-8.0,2.0,11.3,24.0,0.0,0.1,1.0,7.4,8.6,9.8,8.6,2.0,2.5,24.0,0.0,0.1,1.0,-1.5,-0.9,-0.3,-0.9,2.0,1.3,24.0,0.0,0.1,1.0,18.5,50.5,82.5,50.5,2.0,66.5,24.0,0.0,0.1,1.0,20.0,50.0,80.0,50.0,2.0,65.0,24.0,0.0,0.1,1.0
1974,2,116.0,-13.0,26.74,27.25,27.76,27.25,2.0,1.06,14.0,0.0,0.1,0.3,27.16,27.5,27.84,27.5,2.0,0.71,14.0,0.0,0.1,0.3,18.66,18.72,18.78,18.72,2.0,0.12,14.0,0.0,0.1,0.3,79.3,81.3,83.3,81.3,2.0,4.1,14.0,0.0,0.3,3.07,5.15,7.23,5.15,2.0,4.31,14.0,0.0,0.1,0.3,2.87,4.58,6.3,4.58,2.0,3.56,14.0,0.0,0.1,0.3,0.34,1.87,3.39,1.87,2.0,3.16,14.0,0.0,0.1,0.3,1006.04,1007.2,1008.36,1007.2,2.0,2.4,14.0,0.0,0.1,0.3,4.5,5.5,6.5,5.5,2.0,2.1,14.0,0.0,0.1,0.3,12.9,31.3,49.7,31.3,2.0,38.1,14.0,0.0,0.1,0.3,4.7,16.4,28.2,16.4,2.0,24.3,14.0,0.0,0.1,0.3,-1.1,-0.25,0.6,-0.25,2.0,1.77,14.0,0.0,0.1,0.3,-10.0,-5.1,-0.2,-5.1,2.0,10.2,14.0,0.0,0.1,0.3,3.45,4.06,4.67,4.06,2.0,1.27,14.0,0.0,0.1,0.3,12.9,18.2,23.5,18.2,2.0,11.0,14.0,0.0,0.1,0.3,78.5,127.3,176.1,127.3,2.0,101.1,14.0,0.0,0.1,0.3,9.9,52.5,95.0,52.5,2.0,88.1,14.0,0.0,0.1,0.3,53.7,85.6,117.5,85.6,2.0,66.1,14.0,0.0,0.1,0.3,6.4,34.8,63.2,34.8,2.0,58.9,14.0,0.0,0.1,0.3,12.2,16.4,20.5,16.4,2.0,8.6,14.0,0.0,0.1,0.3,0.5,5.6,10.6,5.6,2.0,10.5,14.0,0.0,0.1,0.3,95.5,280.5,465.5,280.5,2.0,383.5,14.0,0.0,0.1,0.3,95.0,280.0,465.0,280.0,2.0,385.0,14.0,0.0,0.1,0.3
1974,2,116.0,-12.0,28.0,28.0,28.0,28.0,1.0,0.0,26.0,1.0,0.1,0.3,26.9,26.9,26.9,26.9,1.0,0.0,26.0,1.0,0.1,0.3,19.18,19.18,19.18,19.18,1.0,0.0,26.0,1.0,0.1,0.3,86.2,86.2,86.2,86.2,1.0,0.0,26.0,1.0,0.3,4.6,4.6,4.6,4.6,1.0,0.0,26.0,1.0,0.1,0.3,4.6,4.6,4.6,4.6,1.0,0.0,26.0,1.0,0.1,0.3,0.0,0.0,0.0,0.0,1.0,0.0,26.0,1.0,0.1,0.3,1007.5,1007.5,1007.5,1007.5,1.0,0.0,26.0,1.0,0.1,0.3,4.0,4.0,4.0,4.0,1.0,0.0,26.0,1.0,0.1,0.3,21.2,21.2,21.2,21.2,1.0,0.0,26.0,1.0,0.1,0.3,0.0,0.0,0.0,0.0,1.0,0.0,26.0,1.0,0.1,0.3,1.1,1.1,1.1,1.1,1.0,0.0,26.0,1.0,0.1,0.3,5.1,5.1,5.1,5.1,1.0,0.0,26.0,1.0,0.1,0.3,4.62,4.62,4.62,4.62,1.0,0.0,26.0,1.0,0.1,0.3,21.2,21.2,21.2,21.2,1.0,0.0,26.0,1.0,0.1,0.3,123.7,123.7,123.7,123.7,1.0,0.0,26.0,1.0,0.1,0.3,0.0,0.0,0.0,0.0,1.0,0.0,26.0,1.0,0.1,0.3,88.2,88.2,88.2,88.2,1.0,0.0,26.0,1.0,0.1,0.3,0.0,0.0,0.0,0.0,1.0,0.0,26.0,1.0,0.1,0.3,21.2,21.2,21.2,21.2,1.0,0.0,26.0,1.0,0.1,0.3,0.0,0.0,0.0,0.0,1.0,0.0,26.0,1.0,0.1,0.3,97.5,97.5,97.5,97.5,1.0,0.0,26.0,1.0,0.1,0.3,95.0,95.0,95.0,95.0,1.0,0.0,26.0,1.0,0.1,0.3
1974,2,116.0,-11.0,27.9,27.9,27.9,27.9,1.0,0.0,26.0,1.0,0.0,0.4,25.8,25.8,25.8,25.8,1.0,0.0,26.0,1.0,0.0,0.4,17.73,17.73,17.73,17.73,1.0,0.0,26.0,1.0,0.0,0.4,85.1,85.1,85.1,85.1,1.0,0.0,26.0,1.0,0.4,12.3,12.3,12.3,12.3,1.0,0.0,26.0,1.0,0.0,0.4,12.11,12.11,12.11,12.11,1.0,0.0,26.0,1.0,0.0,0.4,-2.14,-2.14,-2.14,-2.14,1.0,0.0,26.0,1.0,0.0,0.4,1006.5,1006.5,1006.5,1006.5,1.0,0.0,26.0,1.0,0.0,0.4,8.0,8.0,8.0,8.0,1.0,0.0,26.0,1.0,0.0,0.4,149.0,149.0,149.0,149.0,1.0,0.0,26.0,1.0,0.0,0.4,-26.3,-26.3,-26.3,-26.3,1.0,0.0,26.0,1.0,0.0,0.4,2.1,2.1,2.1,2.1,1.0,0.0,26.0,1.0,0.0,0.4,25.8,25.8,25.8,25.8,1.0,0.0,26.0,1.0,0.0,0.4,5.94,5.94,5.94,5.94,1.0,0.0,26.0,1.0,0.0,0.4,73.1,73.1,73.1,73.1,1.0,0.0,26.0,1.0,0.0,0.4,312.5,312.5,312.5,312.5,1.0,0.0,26.0,1.0,0.0,0.4,-55.1,-55.1,-55.1,-55.1,1.0,0.0,26.0,1.0,0.0,0.4,214.8,214.8,214.8,214.8,1.0,0.0,26.0,1.0,0.0,0.4,-37.9,-37.9,-37.9,-37.9,1.0,0.0,26.0,1.0,0.0,0.4,72.0,72.0,72.0,72.0,1.0,0.0,26.0,1.0,0.0,0.4,-12.7,-12.7,-12.7,-12.7,1.0,0.0,26.0,1.0,0.0,0.4,1861.0,1861.0,1861.0,1861.0,1.0,0.0,26.0,1.0,0.0,0.4,1860.0,1860.0,1860.0,1860.0,1.0,0.0,26.0,1.0,0.0,0.4
1974,2,116.0,-9.0,28.0,28.0,28.0,28.0,1.0,0.0,14.0,0.0,0.1,1.0,26.4,26.4,26.4,26.4,1.0,0.0,14.0,0.0,0.1,1.0,20.98,20.98,20.98,20.98,1.0,0.0,14.0,0.0,0.1,1.0,97.1,97.1,97.1,97.1,1.0,0.0,14.0,0.0,1.0,5.1,5.1,5.1,5.1,1.0,0.0,14.0,0.0,0.1,1.0,5.1,5.1,5.1,5.1,1.0,0.0,14.0,0.0,0.1,1.0,0.0,0.0,0.0,0.0,1.0,0.0,14.0,0.0,0.1,1.0,1008.1,1008.1,1008.1,1008.1,1.0,0.0,14.0,0.0,0.1,1.0,8.0,8.0,8.0,8.0,1.0,0.0,14.0,0.0,0.1,1.0,26.0,26.0,26.0,26.0,1.0,0.0,14.0,0.0,0.1,1.0,0.0,0.0,0.0,0.0,1.0,0.0,14.0,0.0,0.1,1.0,1.6,1.6,1.6,1.6,1.0,0.0,14.0,0.0,0.1,1.0,8.2,8.2,8.2,8.2,1.0,0.0,14.0,0.0,0.1,1.0,2.8,2.8,2.8,2.8,1.0,0.0,14.0,0.0,0.1,1.0,14.3,14.3,14.3,14.3,1.0,0.0,14.0,0.0,0.1,1.0,134.6,134.6,134.6,134.6,1.0,0.0,14.0,0.0,0.1,1.0,0.0,0.0,0.0,0.0,1.0,0.0,14.0,0.0,0.1,1.0,107.0,107.0,107.0,107.0,1.0,0.0,14.0,0.0,0.1,1.0,0.0,0.0,0.0,0.0,1.0,0.0,14.0,0.0,0.1,1.0,14.3,14.3,14.3,14.3,1.0,0.0,14.0,0.0,0.1,1.0,0.0,0.0,0.0,0.0,1.0,0.0,14.0,0.0,0.1,1.0,132.5,132.5,132.5,132.5,1.0,0.0,14.0,0.0,0.1,1.0,135.0,135.0,135.0,135.0,1.0,0.0,14.0,0.0,0.1,1.0
1974,2,116.0,-8.0,26.99,27.4,28.66,27.84,7.0,1.07,14.0,0.7,0.4,0.6,26.84,27.4,28.71,27.64,8.0,1.34,14.0,0.8,0.4,0.6,17.92,18.79,19.61,19.47,7.0,2.63,12.0,0.7,0.3,0.6,77.6,82.2,92.1,83.8,7.0,7.9,12.0,0.7,0.6,3.55,5.1,8.25,5.73,7.0,2.44,14.0,0.7,0.3,0.5,3.24,4.32,7.21,5.26,7.0,2.48,14.0,0.7,0.3,0.5,-1.69,0.0,0.78,-0.1,7.0,2.42,14.0,0.7,0.3,0.5,1005.91,1006.8,1009.51,1007.23,8.0,1.69,14.0,0.8,0.4,0.6,4.0,5.5,7.9,5.8,8.0,1.8,14.0,0.8,0.4,0.6,12.5,19.9,59.6,35.1,7.0,29.3,14.0,0.7,0.3,0.5,-8.5,0.0,3.1,-2.5,7.0,16.0,14.0,0.7,0.3,0.5,-0.1,0.7,1.8,0.54,7.0,1.36,14.0,0.7,0.4,0.6,-2.8,2.3,8.2,2.1,6.0,9.3,16.0,0.7,0.3,0.6,4.03,4.66,5.38,4.64,6.0,0.76,12.0,0.7,0.4,0.6,18.8,28.3,46.4,32.0,5.0,14.6,14.0,0.6,0.3,0.5,95.2,118.4,195.9,146.1,7.0,67.1,14.0,0.7,0.3,0.5,-46.3,0.0,21.8,-0.9,7.0,68.5,14.0,0.7,0.3,0.5,77.6,101.5,144.3,109.3,6.0,41.1,12.0,0.7,0.2,0.5,-39.9,0.0,29.1,0.1,6.0,58.4,12.0,0.7,0.2,0.5,18.0,28.3,42.7,30.6,5.0,14.0,14.0,0.6,0.3,0.5,-12.2,0.0,1.2,-5.1,5.0,10.1,14.0,0.6,0.3,0.5,45.5,132.5,563.5,278.5,7.0,296.5,14.0,0.7,0.3,0.5,45.0,135.0,565.0,280.0,7.0,295.0,14.0,0.7,0.3,0.5
1974,2,116.0,-7.0,28.3,28.3,28.3,28.3,1.0,0.0,14.0,1.0,0.6,0.5,27.8,27.8,27.8,27.8,1.0,0.0,14.0,1.0,0.6,0.5,22.04,22.04,22.04,22.04,1.0,0.0,14.0,1.0,0.6,0.5,93.7,93.7,93.7,93.7,1.0,0.0,14.0,1.0,0.5,9.8,9.8,9.8,9.8,1.0,0.0,14.0,1.0,0.6,0.5,9.21,9.21,9.21,9.21,1.0,0.0,14.0,1.0,0.6,0.5,3.35,3.35,3.35,3.35,1.0,0.0,14.0,1.0,0.6,0.5,1006.9,1006.9,1006.9,1006.9,1.0,0.0,14.0,1.0,0.6,0.5,8.0,8.0,8.0,8.0,1.0,0.0,14.0,1.0,0.6,0.5,90.2,90.2,90.2,90.2,1.0,0.0,14.0,1.0,0.6,0.5,32.8,32.8,32.8,32.8,1.0,0.0,14.0,1.0,0.6,0.5,0.5,0.5,0.5,0.5,1.0,0.0,14.0,1.0,0.6,0.5,4.9,4.9,4.9,4.9,1.0,0.0,14.0,1.0,0.6,0.5,2.2,2.2,2.2,2.2,1.0,0.0,14.0,1.0,0.6,0.5,21.5,21.5,21.5,21.5,1.0,0.0,14.0,1.0,0.6,0.5,256.0,256.0,256.0,256.0,1.0,0.0,14.0,1.0,0.6,0.5,93.2,93.2,93.2,93.2,1.0,0.0,14.0,1.0,0.6,0.5,202.9,202.9,202.9,202.9,1.0,0.0,14.0,1.0,0.6,0.5,73.9,73.9,73.9,73.9,1.0,0.0,14.0,1.0,0.6,0.5,20.2,20.2,20.2,20.2,1.0,0.0,14.0,1.0,0.6,0.5,7.4,7.4,7.4,7.4,1.0,0.0,14.0,1.0,0.6,0.5,941.0,941.0,941.0,941.0,1.0,0.0,14.0,1.0,0.6,0.5,940.0,940.0,940.0,940.0,1.0,0.0,14.0,1.0,0.6,0.5
1974,2,116.0,-6.0,27.37,27.75,28.13,27.75,2.0,0.78,12.0,1.0,0.8,0.1,25.91,27.45,28.99,27.45,2.0,3.18,12.0,1.0,0.8,0.1,18.57,18.81,19.05,18.81,2.0,0.49,12.0,1.0,0.8,0.1,76.2,82.6,89.0,82.6,2.0,13.2,12.0,1.0,0.1,7.36,7.7,8.04,7.7,2.0,0.71,12.0,1.0,0.8,0.1,6.91,7.24,7.56,7.24,2.0,0.66,12.0,1.0,0.8,0.1,-2.75,-2.63,-2.52,-2.63,2.0,0.24,12.0,1.0,0.8,0.1,1008.31,1008.55,1008.79,1008.55,2.0,0.5,12.0,1.0,0.8,0.1,8.0,8.0,8.0,8.0,2.0,0.0,12.0,1.0,0.8,0.1,51.0,55.9,60.9,55.9,2.0,10.2,12.0,1.0,0.8,0.1,-22.2,-20.4,-18.6,-20.4,2.0,3.7,12.0,1.0,0.8,0.1,-0.86,0.3,1.46,0.3,2.0,2.4,12.0,1.0,0.8,0.1,-5.9,3.2,12.2,3.2,2.0,18.7,12.0,1.0,0.8,0.1,4.33,4.62,4.91,4.62,2.0,0.6,12.0,1.0,0.8,0.1,34.7,35.4,36.0,35.4,2.0,1.3,12.0,1.0,0.8,0.1,195.3,197.6,199.9,197.6,2.0,4.8,12.0,1.0,0.8,0.1,-72.7,-71.9,-71.1,-71.9,2.0,1.7,12.0,1.0,0.8,0.1,131.6,136.0,140.3,136.0,2.0,8.9,12.0,1.0,0.8,0.1,-51.1,-49.5,-47.9,-49.5,2.0,3.2,12.0,1.0,0.8,0.1,32.6,33.2,33.8,33.2,2.0,1.3,12.0,1.0,0.8,0.1,-12.3,-12.1,-11.9,-12.1,2.0,0.5,12.0,1.0,0.8,0.1,401.5,462.5,523.0,462.5,2.0,126.0,12.0,1.0,0.8,0.1,400.0,460.0,525.0,460.0,2.0,125.0,12.0,1.0,0.8,0.1
1974,2,116.0,6.0,25.35,26.1,26.85,26.1,2.0,1.56,18.0,0.0,0.3,0.4,25.66,26.0,26.34,26.0,2.0,0.71,18.0,0.0,0.3,0.4,18.5,19.82,21.13,19.82,2.0,2.72,18.0,0.0,0.3,0.4,89.6,93.8,98.0,93.8,2.0,8.7,18.0,0.0,0.4,1.48,4.65,7.82,4.65,2.0,6.58,18.0,0.0,0.3,0.4,-5.03,-2.99,-0.95,-2.99,2.0,4.23,18.0,0.0,0.3,0.4,-5.99,-3.56,-1.13,-3.56,2.0,5.04,18.0,0.0,0.3,0.4,1008.61,1009.05,1009.49,1009.05,2.0,0.92,18.0,0.0,0.3,0.4,2.1,4.5,6.9,4.5,2.0,4.9,18.0,0.0,0.3,0.4,-46.8,-27.8,-8.8,-27.8,2.0,39.3,18.0,0.0,0.3,0.4,-55.7,-33.1,-10.5,-33.1,2.0,46.8,18.0,0.0,0.3,0.4,-0.31,0.1,0.51,0.1,2.0,0.85,18.0,0.0,0.3,0.4,-3.9,-2.3,-0.7,-2.3,2.0,3.3,18.0,0.0,0.3,0.4,1.09,1.44,1.79,1.44,2.0,0.72,18.0,0.0,0.3,0.4,2.9,9.1,15.2,9.1,2.0,12.8,18.0,0.0,0.3,0.4,-128.2,-76.2,-24.2,-76.2,2.0,107.8,18.0,0.0,0.3,0.4,-152.8,-90.8,-28.8,-90.8,2.0,128.5,18.0,0.0,0.3,0.4,-90.0,-53.5,-17.0,-53.5,2.0,75.6,18.0,0.0,0.3,0.4,-107.2,-63.7,-20.2,-63.7,2.0,90.1,18.0,0.0,0.3,0.4,-9.8,-5.8,-1.8,-5.8,2.0,8.2,18.0,0.0,0.3,0.4,-11.7,-6.9,-2.2,-6.9,2.0,9.8,18.0,0.0,0.3,0.4,127.5,402.0,676.5,402.0,2.0,569.0,18.0,0.0,0.3,0.4,130.0,400.0,675.0,400.0,2.0,570.0,18.0,0.0,0.3,0.4
1974,2,116.0,7.0,25.59,26.55,27.68,26.45,6.0,1.41,18.0,0.7,0.3,0.5,25.4,26.25,26.74,26.15,6.0,0.83,18.0,0.7,0.3,0.5,17.51,18.29,18.65,18.14,6.0,0.59,18.0,0.7,0.3,0.5,80.2,86.7,89.4,85.5,6.0,6.2,18.0,0.7,0.5,1.87,4.6,7.01,4.53,6.0,2.7,18.0,0.7,0.3,0.5,-4.73,-1.59,-0.61,-2.43,6.0,2.39,18.0,0.7,0.3,0.5,-5.12,-1.93,-1.2,-3.06,6.0,2.81,18.0,0.7,0.3,0.5,1007.55,1008.35,1010.29,1008.6,6.0,1.81,18.0,0.7,0.3,0.5,3.2,6.0,8.0,5.4,5.0,3.3,18.0,0.8,0.3,0.6,-24.5,-5.3,-0.6,-12.2,6.0,16.4,18.0,0.7,0.3,0.5,-29.7,-11.3,-2.4,-18.9,6.0,24.8,18.0,0.7,0.3,0.5,-0.47,0.5,1.1,0.3,6.0,1.06,18.0,0.7,0.3,0.5,-2.8,1.2,3.7,0.9,6.0,7.1,18.0,0.7,0.3,0.5,2.04,3.23,5.91,3.59,6.0,2.1,18.0,0.7,0.3,0.5,4.1,10.6,31.8,17.6,6.0,18.4,18.0,0.7,0.3,0.5,-124.4,-42.4,-15.2,-63.2,6.0,61.6,18.0,0.7,0.3,0.5,-138.5,-50.1,-31.2,-81.1,6.0,75.2,18.0,0.7,0.3,0.5,-87.2,-28.7,-11.4,-44.2,6.0,43.4,18.0,0.7,0.3,0.5,-89.3,-35.2,-22.4,-54.4,6.0,48.8,18.0,0.7,0.3,0.5,-10.0,-4.9,-1.5,-5.6,6.0,4.8,18.0,0.7,0.3,0.5,-30.5,-4.7,-1.5,-14.7,6.0,19.7,18.0,0.7,0.3,0.5,7.5,97.5,352.5,176.0,6.0,213.0,18.0,0.7,0.3,0.5,10.0,95.0,355.0,175.0,6.0,215.0,18.0,0.7,0.3,0.5
1974,2,116.0,8.0,24.86,26.7,27.57,26.39,10.0,1.4,10.0,0.8,0.6,0.4,25.91,27.2,28.61,27.21,10.0,1.55,10.0,0.8,0.5,0.4,18.37,18.52,18.7,18.46,7.0,0.39,12.0,0.7,0.5,0.4,77.3,84.2,87.6,83.8,7.0,7.7,12.0,0.7,0.4,5.42,7.7,9.92,7.55,11.0,2.75,10.0,0.8,0.6,0.4,-6.38,-5.27,-2.82,-4.79,11.0,1.99,10.0,0.8,0.6,0.4,-8.34,-5.13,-3.67,-5.72,11.0,2.27,10.0,0.8,0.6,0.4,1008.34,1009.7,1011.9,1009.93,10.0,2.19,10.0,0.8,0.6,0.4,5.2,7.0,8.0,6.7,11.0,1.6,10.0,0.8,0.6,0.4,-63.6,-43.2,-20.4,-40.5,11.0,23.9,10.0,0.8,0.6,0.4,-84.6,-38.1,-21.0,-48.6,11.0,30.5,10.0,0.8,0.6,0.4,-3.29,0.1,1.14,-0.69,9.0,2.54,10.0,0.8,0.5,0.4,-24.1,0.7,10.9,-3.9,9.0,20.4,10.0,0.8,0.5,0.4,0.21,3.41,3.81,2.47,7.0,1.74,12.0,0.7,0.5,0.4,1.7,25.4,32.1,19.2,7.0,15.8,12.0,0.7,0.5,0.4,-184.9,-147.4,-95.4,-142.1,10.0,44.4,10.0,0.8,0.5,0.4,-226.6,-156.5,-130.1,-164.6,10.0,51.2,10.0,0.8,0.5,0.4,-110.2,-97.6,-55.6,-86.7,7.0,27.6,12.0,0.7,0.5,0.4,-133.3,-94.5,-89.3,-104.8,7.0,33.1,12.0,0.7,0.5,0.4,-18.1,-13.7,-1.3,-10.7,7.0,8.4,12.0,0.7,0.5,0.4,-25.0,-19.4,-1.1,-15.7,7.0,13.9,12.0,0.7,0.5,0.4,196.0,456.5,992.5,574.5,11.0,438.5,10.0,0.8,0.6,0.4,195.0,455.0,990.0,575.0,11.0,440.0,10.0,0.8,0.6,0.4
1974,2,116.0,12.0,26.08,26.95,27.47,26.85,8.0,0.81,18.0,0.5,0.5,0.6,25.54,25.85,26.96,26.34,10.0,1.43,18.0,0.6,0.4,0.6,15.92,17.11,17.6,16.9,9.0,0.84,18.0,0.6,0.4,0.6,75.7,83.1,85.5,80.9,9.0,5.4,18.0,0.6,0.6,6.2,9.3,12.51,9.34,10.0,3.45,18.0,0.6,0.4,0.6,-6.55,-4.04,-2.44,-4.43,10.0,2.81,18.0,0.6,0.4,0.6,-11.57,-7.36,-4.31,-7.32,10.0,4.44,18.0,0.6,0.4,0.6,1009.6,1010.9,1012.86,1010.99,10.0,1.7,18.0,0.6,0.4,0.6,0.4,5.0,8.0,4.6,10.0,3.3,18.0,0.6,0.4,0.6,-67.6,-29.5,-14.8,-44.0,10.0,44.2,18.0,0.6,0.4,0.6,-153.1,-71.5,-26.7,-80.9,10.0,62.6,18.0,0.6,0.4,0.6,-1.19,0.85,1.54,0.5,8.0,1.5,18.0,0.5,0.5,0.6,-9.2,4.6,15.4,4.1,8.0,15.4,18.0,0.5,0.5,0.6,3.87,4.41,6.44,4.99,7.0,1.54,20.0,0.4,0.5,0.6,21.9,36.5,89.3,46.9,7.0,32.6,20.0,0.4,0.5,0.6,-174.9,-111.3,-62.5,-116.8,10.0,73.4,18.0,0.6,0.4,0.6,-321.8,-192.8,-110.3,-194.5,10.0,120.0,18.0,0.6,0.4,0.6,-113.4,-67.6,-37.3,-75.1,9.0,47.6,18.0,0.6,0.4,0.6,-182.7,-117.1,-72.4,-114.1,9.0,72.9,18.0,0.6,0.4,0.6,-27.3,-14.5,-6.0,-20.1,7.0,20.6,20.0,0.4,0.5,0.6,-75.2,-30.5,-16.3,-36.9,7.0,33.9,20.0,0.4,0.5,0.6,238.5,804.5,1967.5,1123.0,10.0,1112.5,18.0,0.6,0.4,0.6,240.0,805.0,1965.0,1125.0,10.0,1110.0,18.0,0.6,0.4,0.6
1974,2,116.0,13.0,25.07,26.2,27.27,26.35,14.0,1.4,14.0,0.6,0.6,0.3,25.88,26.95,29.67,27.43,16.0,1.9,14.0,0.6,0.6,0.2,15.41,17.59,19.49,17.41,12.0,1.88,16.0,0.6,0.6,0.2,69.2,73.5,83.9,76.0,13.0,8.4,14.0,0.6,0.2,4.9,8.2,11.23,8.43,16.0,4.01,14.0,0.6,0.6,0.2,-8.76,-6.11,-0.11,-4.91,16.0,4.32,14.0,0.6,0.6,0.2,-9.94,-4.53,-1.39,-5.12,16.0,4.42,14.0,0.6,0.6,0.2,1008.82,1011.25,1012.5,1010.98,14.0,2.11,14.0,0.6,0.6,0.2,2.8,6.0,7.0,5.3,16.0,2.4,14.0,0.6,0.6,0.2,-89.3,-49.3,0.6,-51.6,16.0,51.9,14.0,0.6,0.6,0.2,-106.3,-29.2,-10.5,-57.8,16.0,70.9,14.0,0.6,0.6,0.2,-3.84,-0.85,1.56,-1.19,14.0,2.63,14.0,0.6,0.6,0.3,-26.2,-6.1,13.3,-8.9,14.0,20.8,14.0,0.6,0.6,0.3,1.74,4.0,5.62,3.74,11.0,2.31,16.0,0.5,0.6,0.2,8.4,25.7,56.7,32.2,11.0,28.3,16.0,0.5,0.6,0.2,-242.2,-166.0,-2.7,-132.9,16.0,122.0,14.0,0.6,0.6,0.2,-249.2,-128.1,-41.1,-137.8,16.0,120.0,14.0,0.6,0.6,0.2,-150.4,-92.6,-24.2,-80.9,12.0,75.6,16.0,0.6,0.6,0.2,-160.2,-79.4,-20.7,-91.2,12.0,84.9,16.0,0.6,0.6,0.2,-35.2,-15.6,3.4,-14.7,11.0,21.4,16.0,0.5,0.6,0.2,-42.4,-14.5,1.1,-22.1,11.0,26.5,16.0,0.5,0.6,0.2,133.5,551.5,1433.5,1013.0,16.0,1368.5,14.0,0.6,0.6,0.2,135.0,550.0,1435.0,1015.0,16.0,1370.0,14.0,0.6,0.6,0.2
1974,2,116.0,14.0,25.0,26.5,27.5,26.46,17.0,1.4,14.0,0.6,0.2,0.7,25.47,26.25,28.15,26.68,18.0,1.49,14.0,0.6,0.2,0.7,15.76,16.92,17.86,16.83,14.0,1.56,16.0,0.6,0.2,0.7,72.3,81.3,83.5,78.9,14.0,7.3,16.0,0.6,0.7,4.07,7.2,11.1,7.68,18.0,3.84,14.0,0.6,0.2,0.7,-5.83,-3.25,-1.86,-3.99,18.0,2.41,14.0,0.6,0.2,0.7,-10.35,-5.85,-2.16,-5.86,18.0,4.26,14.0,0.6,0.2,0.7,1010.38,1012.2,1015.06,1012.23,18.0,2.43,14.0,0.6,0.2,0.7,2.0,5.0,7.3,4.6,18.0,2.6,14.0,0.6,0.2,0.7,-61.7,-21.3,-8.8,-36.7,18.0,41.5,14.0,0.6,0.2,0.7,-116.6,-42.1,-8.2,-58.2,18.0,60.0,14.0,0.6,0.2,0.7,-2.0,0.0,1.73,-0.02,17.0,1.96,14.0,0.6,0.2,0.7,-11.1,0.0,10.1,-0.7,17.0,12.8,14.0,0.6,0.2,0.7,2.12,5.16,6.86,4.65,14.0,2.61,16.0,0.6,0.2,0.7,11.5,26.2,68.5,36.4,14.0,33.6,16.0,0.6,0.2,0.7,-158.8,-87.0,-48.3,-106.6,18.0,63.5,14.0,0.6,0.2,0.7,-278.6,-151.5,-56.1,-155.5,18.0,113.0,14.0,0.6,0.2,0.7,-105.0,-54.0,-30.4,-65.9,14.0,40.6,16.0,0.6,0.2,0.7,-171.6,-88.6,-20.3,-95.1,14.0,77.1,16.0,0.6,0.2,0.7,-34.2,-10.0,-7.2,-17.7,14.0,20.1,16.0,0.6,0.2,0.7,-59.8,-23.5,-1.9,-29.2,14.0,29.9,16.0,0.6,0.2,0.7,67.5,378.5,1375.5,801.5,18.0,1096.5,14.0,0.6,0.2,0.7,65.0,380.0,1375.0,800.0,18.0,1095.0,14.0,0.6,0.2,0.7
1974,2,116.0,15.0,24.81,26.0,27.0,25.87,60.0,1.12,14.0,0.6,0.5,0.4,24.0,25.1,27.0,25.48,62.0,1.74,14.0,0.6,0.5,0.4,14.69,16.42,17.86,16.34,55.0,1.63,14.0,0.6,0.5,0.3,73.3,80.4,87.8,80.2,55.0,7.3,14.0,0.6,0.3,2.6,7.7,13.4,8.11,62.0,4.61,14.0,0.6,0.5,0.4,-7.58,-3.08,0.0,-3.75,62.0,3.4,14.0,0.6,0.5,0.4,-10.94,-5.75,-2.16,-6.6,62.0,4.24,14.0,0.6,0.5,0.4,1010.5,1013.5,1015.46,1013.17,62.0,2.71,14.0,0.6,0.5,0.4,1.0,5.0,7.0,4.4,62.0,2.6,14.0,0.6,0.5,0.4,-92.0,-22.7,0.0,-42.4,62.0,46.9,14.0,0.6,0.5,0.4,-144.0,-42.3,-5.3,-70.9,62.0,67.0,14.0,0.6,0.5,0.4,-1.0,0.5,2.5,0.38,59.0,2.13,14.0,0.6,0.5,0.4,-9.0,2.0,20.1,6.8,58.0,16.1,14.0,0.6,0.5,0.4,2.44,4.8,6.46,4.57,53.0,2.21,14.0,0.6,0.5,0.3,7.0,31.8,84.2,41.8,52.0,36.1,14.0,0.6,0.5,0.3,-190.0,-70.4,0.0,-90.8,61.0,81.3,14.0,0.6,0.5,0.4,-283.3,-148.8,-57.4,-166.2,61.0,105.8,14.0,0.6,0.5,0.4,-99.2,-39.0,0.0,-50.7,54.0,47.7,14.0,0.6,0.5,0.3,-168.6,-98.8,-33.5,-101.9,54.0,62.5,14.0,0.6,0.5,0.3,-38.7,-11.2,0.0,-19.1,52.0,22.0,14.0,0.6,0.5,0.3,-73.2,-25.9,-2.5,-34.8,52.0,31.6,14.0,0.6,0.5,0.3,17.5,462.5,2406.0,1044.0,62.0,1178.5,14.0,0.6,0.5,0.4,20.0,460.0,2405.0,1045.0,62.0,1180.0,14.0,0.6,0.5,0.4
1974,2,116.0,16.0,24.5,26.0,27.0,25.7,45.0,1.3,14.0,0.6,0.4,0.4,23.5,25.0,26.35,25.02,47.0,1.63,14.0,0.6,0.4,0.4,14.0,16.19,17.59,16.04,39.0,2.09,14.0,0.5,0.5,0.4,75.4,83.1,89.1,82.5,39.0,7.4,14.0,0.5,0.4,3.1,6.7,11.8,7.31,47.0,4.25,14.0,0.6,0.4,0.4,-5.8,-3.1,-1.55,-3.46,47.0,2.02,14.0,0.6,0.4,0.4,-10.51,-5.37,-1.3,-5.78,47.0,4.72,14.0,0.6,0.4,0.4,1009.64,1012.5,1014.96,1012.55,46.0,2.73,14.0,0.5,0.4,0.4,2.0,5.0,6.7,4.5,47.0,2.3,14.0,0.6,0.4,0.4,-63.5,-22.2,-4.5,-30.8,47.0,26.8,14.0,0.6,0.4,0.4,-118.9,-33.3,-3.5,-60.8,47.0,66.8,14.0,0.6,0.4,0.4,-0.61,0.8,2.01,0.78,45.0,1.45,14.0,0.6,0.4,0.4,-3.1,3.4,29.3,7.9,45.0,15.6,14.0,0.6,0.4,0.4,2.84,4.51,5.94,4.46,38.0,1.98,14.0,0.5,0.5,0.4,9.6,30.4,70.0,39.7,38.0,35.5,14.0,0.5,0.5,0.4,-143.1,-77.9,-42.7,-85.6,47.0,49.2,14.0,0.6,0.4,0.4,-251.8,-128.9,-33.9,-141.6,47.0,113.4,14.0,0.6,0.4,0.4,-78.5,-53.7,-29.8,-54.5,39.0,28.6,14.0,0.5,0.5,0.4,-163.4,-91.9,-22.4,-91.7,39.0,68.5,14.0,0.5,0.5,0.4,-27.9,-13.7,-5.1,-17.0,38.0,13.1,14.0,0.5,0.5,0.4,-66.0,-24.0,-3.3,-33.6,38.0,35.4,14.0,0.5,0.5,0.4,30.0,301.0,1643.0,799.5,47.0,1014.0,14.0,0.6,0.4,0.4,30.0,300.0,1645.0,800.0,47.0,1015.0,14.0,0.6,0.4,0.4
1974,2,116.0,17.0,24.34,25.5,27.29,25.68,10.0,1.34,14.0,0.6,0.8,0.2,23.84,25.5,26.87,25.23,10.0,1.76,14.0,0.6,0.8,0.2,15.85,16.52,17.46,16.81,8.0,2.09,14.0,0.6,0.7,0.2,77.7,79.4,87.3,80.8,8.0,5.2,14.0,0.6,0.2,2.53,5.65,13.22,7.25,10.0,5.21,14.0,0.6,0.8,0.2,-6.77,-3.5,-1.81,-4.15,10.0,2.9,14.0,0.6,0.8,0.2,-10.38,-4.32,-1.67,-5.77,10.0,4.58,14.0,0.6,0.8,0.2,1009.84,1012.1,1014.53,1012.19,10.0,2.56,14.0,0.6,0.8,0.2,2.0,6.0,6.7,4.3,9.0,2.8,12.0,0.7,0.8,0.1,-81.2,-19.6,-4.8,-42.0,10.0,49.4,14.0,0.6,0.8,0.2,-139.5,-25.0,-4.4,-62.8,10.0,79.1,14.0,0.6,0.8,0.2,-1.17,-0.25,2.34,0.45,10.0,2.31,14.0,0.6,0.8,0.2,-4.7,-0.9,6.0,4.5,10.0,17.4,14.0,0.6,0.8,0.2,2.3,3.42,4.89,3.27,8.0,1.69,14.0,0.6,0.7,0.2,7.7,12.8,73.0,30.3,8.0,32.9,14.0,0.6,0.7,0.2,-175.3,-91.6,-47.3,-104.0,10.0,70.7,14.0,0.6,0.8,0.2,-241.9,-110.3,-42.3,-144.2,10.0,116.1,14.0,0.6,0.8,0.2,-120.8,-66.5,-31.9,-72.1,8.0,42.2,14.0,0.6,0.7,0.2,-153.5,-78.4,-40.3,-97.5,8.0,75.5,14.0,0.6,0.7,0.2,-31.1,-6.8,-5.4,-17.0,8.0,18.4,14.0,0.6,0.7,0.2,-59.2,-11.1,-4.1,-24.3,8.0,28.1,14.0,0.6,0.7,0.2,18.0,185.5,2556.0,980.0,10.0,1462.0,14.0,0.6,0.8,0.2,20.0,185.0,2555.0,980.0,10.0,1460.0,14.0,0.6,0.8,0.2
1974,2,116.0,18.0,22.27,23.75,24.4,23.29,8.0,1.41,14.0,0.5,0.7,0.6,22.11,22.5,23.84,22.64,8.0,1.62,14.0,0.5,0.7,0.6,12.08,14.2,16.53,14.46,8.0,2.26,14.0,0.5,0.7,0.6,77.6,85.9,89.1,84.0,8.0,7.3,14.0,0.5,0.6,2.71,9.0,13.34,8.44,8.0,5.01,14.0,0.5,0.7,0.6,-10.15,-1.92,2.51,-3.33,8.0,6.15,14.0,0.5,0.7,0.6,-9.56,-6.56,-0.29,-5.24,8.0,4.96,14.0,0.5,0.7,0.6,1009.31,1014.1,1016.98,1013.43,8.0,3.6,14.0,0.5,0.7,0.6,2.0,6.0,8.0,5.1,8.0,3.0,14.0,0.5,0.7,0.6,-137.1,-14.8,6.7,-49.4,8.0,75.8,14.0,0.5,0.7,0.6,-113.7,-67.3,-0.7,-63.0,8.0,61.5,14.0,0.5,0.7,0.6,-0.44,0.4,2.07,0.65,8.0,1.13,14.0,0.5,0.7,0.6,-1.2,1.4,28.5,9.1,8.0,14.2,14.0,0.5,0.7,0.6,1.41,3.16,5.89,3.4,8.0,2.21,14.0,0.5,0.7,0.6,4.7,21.3,84.2,36.1,8.0,37.3,14.0,0.5,0.7,0.6,-224.5,-43.9,59.9,-74.4,8.0,135.7,14.0,0.5,0.7,0.6,-190.2,-147.6,-7.2,-113.9,8.0,107.7,14.0,0.5,0.7,0.6,-122.5,-31.6,40.6,-42.0,8.0,79.6,14.0,0.5,0.7,0.6,-115.3,-93.1,-5.0,-68.9,8.0,65.1,14.0,0.5,0.7,0.6,-55.3,-1.8,5.8,-19.3,8.0,32.4,14.0,0.5,0.7,0.6,-56.8,-15.3,-0.5,-22.7,8.0,28.6,14.0,0.5,0.7,0.6,21.0,774.5,2377.5,1146.0,8.0,1207.5,14.0,0.5,0.7,0.6,20.0,775.0,2375.0,1145.0,8.0,1210.0,14.0,0.5,0.7,0.6
1974,2,116.0,19.0,22.8,23.3,24.99,23.5,20.0,1.32,16.0,0.6,0.4,0.4,19.03,23.85,25.98,23.26,20.0,2.98,16.0,0.6,0.4,0.4,11.19,15.36,17.14,14.23,17.0,2.97,16.0,0.6,0.4,0.4,73.1,85.3,88.1,81.3,17.0,8.1,16.0,0.6,0.4,2.61,5.95,11.8,6.92,20.0,4.42,16.0,0.6,0.4,0.4,-7.26,-4.51,-0.02,-3.92,20.0,4.31,16.0,0.6,0.4,0.4,-8.65,-2.45,2.22,-3.17,20.0,4.96,16.0,0.6,0.4,0.4,1008.51,1010.3,1017.66,1012.54,20.0,4.32,16.0,0.6,0.4,0.4,1.7,5.0,7.0,4.4,19.0,2.5,16.0,0.6,0.4,0.4,-82.1,-24.2,0.0,-40.2,20.0,49.4,16.0,0.6,0.4,0.4,-101.0,-9.8,5.8,-38.3,20.0,62.1,16.0,0.6,0.4,0.4,-2.29,-0.1,2.3,0.24,20.0,3.03,16.0,0.6,0.4,0.4,-6.3,-0.5,24.8,9.8,20.0,32.8,16.0,0.6,0.4,0.4,0.7,3.57,6.62,3.96,17.0,2.85,16.0,0.6,0.4,0.4,1.7,16.4,70.3,34.4,17.0,40.4,16.0,0.6,0.4,0.4,-168.8,-97.4,-0.4,-86.3,20.0,96.2,16.0,0.6,0.4,0.4,-177.5,-63.4,55.2,-63.7,20.0,100.0,16.0,0.6,0.4,0.4,-90.3,-44.6,7.8,-40.4,17.0,54.5,16.0,0.6,0.4,0.4,-95.8,-45.4,39.1,-32.0,17.0,62.9,16.0,0.6,0.4,0.4,-46.3,-13.2,0.0,-19.5,17.0,25.3,16.0,0.6,0.4,0.4,-51.4,-5.5,1.5,-22.1,17.0,36.4,16.0,0.6,0.4,0.4,18.0,212.0,1643.0,745.0,20.0,1004.0,16.0,0.6,0.4,0.4,20.0,210.0,1645.0,745.0,20.0,1005.0,16.0,0.6,0.4,0.4
1974,2,116.0,21.0,21.59,22.8,24.0,22.66,5.0,1.64,10.0,0.2,0.5,0.1,14.93,17.0,17.91,16.66,5.0,1.9,12.0,0.0,0.6,0.2,7.64,7.87,8.52,8.08,3.0,0.67,8.0,0.0,0.5,0.2,67.1,75.0,81.8,74.4,3.0,10.8,8.0,0.0,0.2,6.6,9.35,12.06,9.32,6.0,2.76,12.0,0.2,0.6,0.2,-10.45,-3.81,-3.1,-5.69,6.0,3.8,12.0,0.2,0.6,0.2,-7.43,-6.07,-5.82,-6.8,6.0,1.76,12.0,0.2,0.6,0.2,1013.48,1018.15,1022.6,1017.78,6.0,4.59,12.0,0.2,0.6,0.2,8.0,8.0,8.0,8.0,5.0,0.0,10.0,0.2,0.5,0.1,-126.0,-35.5,-20.5,-60.4,6.0,53.1,12.0,0.2,0.6,0.2,-83.5,-61.7,-38.3,-64.6,6.0,29.1,12.0,0.2,0.6,0.2,7.0,7.25,7.76,7.38,4.0,0.48,10.0,0.0,0.5,0.1,55.6,70.9,85.1,70.4,4.0,17.1,10.0,0.0,0.5,0.1,8.59,9.02,10.3,9.44,3.0,1.31,8.0,0.0,0.5,0.2,60.4,69.4,113.6,86.6,3.0,41.7,8.0,0.0,0.5,0.2,-178.3,-73.4,-54.8,-107.7,5.0,65.6,12.0,0.0,0.6,0.2,-140.0,-102.0,-94.9,-118.8,5.0,46.8,12.0,0.0,0.6,0.2,-64.4,-30.3,-29.8,-46.7,3.0,29.0,8.0,0.0,0.5,0.2,-52.1,-51.2,-47.9,-50.0,3.0,3.3,8.0,0.0,0.5,0.2,-90.3,-34.7,-30.2,-59.7,3.0,49.0,8.0,0.0,0.5,0.2,-64.9,-60.1,-52.3,-58.6,3.0,9.3,8.0,0.0,0.5,0.2,288.0,894.0,1755.5,986.0,6.0,741.0,12.0,0.2,0.6,0.2,290.0,895.0,1755.0,985.0,6.0,740.0,12.0,0.2,0.6,0.2
1974,2,116.0,22.0,14.9,18.0,20.83,17.67,38.0,2.67,14.0,0.5,0.4,0.5,11.02,13.1,16.0,13.63,33.0,2.73,14.0,0.5,0.5,0.5,5.74,6.99,9.11,7.41,18.0,1.93,14.0,0.4,0.5,0.5,67.0,75.2,86.3,77.1,18.0,11.1,14.0,0.4,0.5,7.9,10.0,12.18,9.96,35.0,3.19,14.0,0.5,0.5,0.5,-9.68,-7.66,-2.94,-6.74,35.0,3.79,14.0,0.5,0.5,0.5,-9.85,-6.62,-2.81,-6.23,35.0,3.35,14.0,0.5,0.5,0.5,1013.82,1020.6,1024.54,1019.69,35.0,5.05,14.0,0.5,0.5,0.5,1.4,7.0,8.0,5.8,29.0,3.0,12.0,0.5,0.5,0.5,-113.5,-76.6,-28.7,-74.3,35.0,51.5,14.0,0.5,0.5,0.5,-106.2,-66.3,-23.2,-69.3,35.0,48.5,14.0,0.5,0.5,0.5,-0.93,4.0,8.5,3.9,33.0,3.99,14.0,0.5,0.5,0.5,-4.1,35.4,82.6,41.2,33.0,44.1,14.0,0.5,0.5,0.5,3.21,5.6,7.96,5.52,18.0,3.05,14.0,0.4,0.5,0.5,26.7,57.0,90.8,60.6,18.0,40.8,14.0,0.4,0.5,0.5,-156.3,-100.9,-43.2,-94.1,33.0,58.2,14.0,0.5,0.5,0.5,-114.0,-84.1,-41.1,-79.0,33.0,41.7,14.0,0.5,0.5,0.5,-76.2,-51.0,-28.4,-50.0,18.0,26.7,14.0,0.4,0.5,0.5,-64.9,-36.7,-14.6,-40.0,18.0,25.7,14.0,0.4,0.5,0.5,-70.1,-45.6,-16.1,-45.0,18.0,29.4,14.0,0.4,0.5,0.5,-57.5,-28.8,-6.2,-35.7,18.0,34.5,14.0,0.4,0.5,0.5,494.0,1000.0,1808.5,1259.5,35.0,962.5,14.0,0.5,0.5,0.5,495.0,1000.0,1810.0,1260.0,35.0,965.0,14.0,0.5,0.5,0.5
1974,2,116.0,23.0,13.53,13.6,13.74,13.63,3.0,0.15,10.0,0.0,0.8,0.0,10.39,12.3,13.73,12.07,3.0,2.46,10.0,0.0,0.8,0.0,6.04,7.16,8.16,7.1,3.0,1.55,10.0,0.0,0.8,0.0,77.8,81.4,83.8,80.8,3.0,4.4,10.0,0.0,0.0,6.09,9.3,11.76,8.93,3.0,4.16,10.0,0.0,0.8,0.0,-9.01,-7.12,-5.35,-7.18,3.0,2.68,10.0,0.0,0.8,0.0,-7.56,-5.98,-2.44,-5.02,3.0,3.84,10.0,0.0,0.8,0.0,1016.05,1019.6,1023.49,1019.77,3.0,5.45,10.0,0.0,0.8,0.0,2.0,2.0,6.1,4.0,3.0,3.5,10.0,0.0,0.8,0.0,-108.0,-66.3,-35.3,-71.5,3.0,53.5,10.0,0.0,0.8,0.0,-90.7,-55.6,-20.2,-55.4,3.0,51.6,10.0,0.0,0.8,0.0,-0.07,1.5,3.21,1.57,3.0,2.4,10.0,0.0,0.8,0.0,1.9,14.0,39.6,20.6,3.0,28.2,10.0,0.0,0.8,0.0,1.51,2.56,3.51,2.51,3.0,1.47,10.0,0.0,0.8,0.0,10.8,23.8,42.4,26.5,3.0,23.3,10.0,0.0,0.8,0.0,-91.9,-87.6,-72.3,-82.2,3.0,15.1,10.0,0.0,0.8,0.0,-77.1,-73.5,-31.2,-54.6,3.0,37.4,10.0,0.0,0.8,0.0,-53.4,-51.0,-42.8,-48.2,3.0,8.1,10.0,0.0,0.8,0.0,-44.8,-42.8,-18.3,-31.8,3.0,21.6,10.0,0.0,0.8,0.0,-32.5,-18.3,-9.0,-20.7,3.0,17.4,10.0,0.0,0.8,0.0,-27.3,-15.3,-5.4,-16.3,3.0,16.0,10.0,0.0,0.8,0.0,321.5,804.5,1720.5,1016.0,3.0,1041.0,10.0,0.0,0.8,0.0,320.0,805.0,1720.0,1015.0,3.0,1040.0,10.0,0.0,0.8,0.0
1974,2,117.0,-65.0,1.1,1.1,1.1,1.1,1.0,0.0,2.0,1.0,0.2,0.3,2.0,2.0,2.0,2.0,1.0,0.0,2.0,1.0,0.2,0.3,3.75,3.75,3.75,3.75,1.0,0.0,2.0,1.0,0.2,0.3,84.1,84.1,84.1,84.1,1.0,0.0,2.0,1.0,0.3,,,,,,,,,,,,,,,,,,,,,,,,,,,,,,,,,,,,,,,,,,,,,,,,,,,,,,,,,,,,,,,,,,,,,,,,,,,,,,,,,,,,,,,,,,,,,,,,,,,,,,,,,,,,,,,,,,,,,,,,,,,,,,,,,,,,,,,,,,,,,,,,,,,,,,,,,,,,,,,,,,,,,,,,,,,,,,,,,,,,,,,,,,,,,,
1974,2,117.0,-57.0,3.8,3.8,3.8,3.8,1.0,0.0,8.0,1.0,0.2,0.6,3.7,3.7,3.7,3.7,1.0,0.0,8.0,1.0,0.2,0.6,4.5,4.5,4.5,4.5,1.0,0.0,8.0,1.0,0.2,0.6,88.6,88.6,88.6,88.6,1.0,0.0,8.0,1.0,0.6,6.2,6.2,6.2,6.2,1.0,0.0,8.0,1.0,0.2,0.6,6.2,6.2,6.2,6.2,1.0,0.0,8.0,1.0,0.2,0.6,0.0,0.0,0.0,0.0,1.0,0.0,8.0,1.0,0.2,0.6,982.1,982.1,982.1,982.1,1.0,0.0,8.0,1.0,0.2,0.6,7.0,7.0,7.0,7.0,1.0,0.0,8.0,1.0,0.2,0.6,38.4,38.4,38.4,38.4,1.0,0.0,8.0,1.0,0.2,0.6,0.0,0.0,0.0,0.0,1.0,0.0,8.0,1.0,0.2,0.6,0.1,0.1,0.1,0.1,1.0,0.0,8.0,1.0,0.2,0.6,0.6,0.6,0.6,0.6,1.0,0.0,8.0,1.0,0.2,0.6,0.61,0.61,0.61,0.61,1.0,0.0,8.0,1.0,0.2,0.6,3.8,3.8,3.8,3.8,1.0,0.0,8.0,1.0,0.2,0.6,22.9,22.9,22.9,22.9,1.0,0.0,8.0,1.0,0.2,0.6,0.0,0.0,0.0,0.0,1.0,0.0,8.0,1.0,0.2,0.6,27.9,27.9,27.9,27.9,1.0,0.0,8.0,1.0,0.2,0.6,0.0,0.0,0.0,0.0,1.0,0.0,8.0,1.0,0.2,0.6,3.8,3.8,3.8,3.8,1.0,0.0,8.0,1.0,0.2,0.6,0.0,0.0,0.0,0.0,1.0,0.0,8.0,1.0,0.2,0.6,238.5,238.5,238.5,238.5,1.0,0.0,8.0,1.0,0.2,0.6,240.0,240.0,240.0,240.0,1.0,0.0,8.0,1.0,0.2,0.6
1974,2,117.0,-49.0,8.0,8.0,8.0,8.0,1.0,0.0,22.0,0.0,0.4,0.9,8.0,8.0,8.0,8.0,1.0,0.0,22.0,0.0,0.4,0.9,5.06,5.06,5.06,5.06,1.0,0.0,22.0,0.0,0.4,0.9,75.8,75.8,75.8,75.8,1.0,0.0,22.0,0.0,0.9,5.1,5.1,5.1,5.1,1.0,0.0,22.0,0.0,0.4,0.9,0.89,0.89,0.89,0.89,1.0,0.0,22.0,0.0,0.4,0.9,-5.02,-5.02,-5.02,-5.02,1.0,0.0,22.0,0.0,0.4,0.9,1006.8,1006.8,1006.8,1006.8,1.0,0.0,22.0,0.0,0.4,0.9,8.0,8.0,8.0,8.0,1.0,0.0,22.0,0.0,0.4,0.9,4.5,4.5,4.5,4.5,1.0,0.0,22.0,0.0,0.4,0.9,-25.6,-25.6,-25.6,-25.6,1.0,0.0,22.0,0.0,0.4,0.9,0.0,0.0,0.0,0.0,1.0,0.0,22.0,0.0,0.4,0.9,0.0,0.0,0.0,0.0,1.0,0.0,22.0,0.0,0.4,0.9,1.62,1.62,1.62,1.62,1.0,0.0,22.0,0.0,0.4,0.9,8.3,8.3,8.3,8.3,1.0,0.0,22.0,0.0,0.4,0.9,7.1,7.1,7.1,7.1,1.0,0.0,22.0,0.0,0.4,0.9,-40.2,-40.2,-40.2,-40.2,1.0,0.0,22.0,0.0,0.4,0.9,4.5,4.5,4.5,4.5,1.0,0.0,22.0,0.0,0.4,0.9,-25.4,-25.4,-25.4,-25.4,1.0,0.0,22.0,0.0,0.4,0.9,1.4,1.4,1.4,1.4,1.0,0.0,22.0,0.0,0.4,0.9,-8.1,-8.1,-8.1,-8.1,1.0,0.0,22.0,0.0,0.4,0.9,132.5,132.5,132.5,132.5,1.0,0.0,22.0,0.0,0.4,0.9,135.0,135.0,135.0,135.0,1.0,0.0,22.0,0.0,0.4,0.9
1974,2,117.0,-41.0,14.3,14.3,14.3,14.3,1.0,0.0,4.0,0.0,0.0,0.9,13.6,13.6,13.6,13.6,1.0,0.0,4.0,0.0,0.0,0.9,6.01,6.01,6.01,6.01,1.0,0.0,4.0,0.0,0.0,0.9,63.0,63.0,63.0,63.0,1.0,0.0,4.0,0.0,0.9,6.7,6.7,6.7,6.7,1.0,0.0,4.0,0.0,0.0,0.9,5.13,5.13,5.13,5.13,1.0,0.0,4.0,0.0,0.0,0.9,4.31,4.31,4.31,4.31,1.0,0.0,4.0,0.0,0.0,0.9,1023.2,1023.2,1023.2,1023.2,1.0,0.0,4.0,0.0,0.0,0.9,2.0,2.0,2.0,2.0,1.0,0.0,4.0,0.0,0.0,0.9,34.4,34.4,34.4,34.4,1.0,0.0,4.0,0.0,0.0,0.9,28.9,28.9,28.9,28.9,1.0,0.0,4.0,0.0,0.0,0.9,0.7,0.7,0.7,0.7,1.0,0.0,4.0,0.0,0.0,0.9,4.7,4.7,4.7,4.7,1.0,0.0,4.0,0.0,0.0,0.9,3.99,3.99,3.99,3.99,1.0,0.0,4.0,0.0,0.0,0.9,26.8,26.8,26.8,26.8,1.0,0.0,4.0,0.0,0.0,0.9,69.8,69.8,69.8,69.8,1.0,0.0,4.0,0.0,0.0,0.9,58.6,58.6,58.6,58.6,1.0,0.0,4.0,0.0,0.0,0.9,30.9,30.9,30.9,30.9,1.0,0.0,4.0,0.0,0.0,0.9,25.9,25.9,25.9,25.9,1.0,0.0,4.0,0.0,0.0,0.9,20.5,20.5,20.5,20.5,1.0,0.0,4.0,0.0,0.0,0.9,17.2,17.2,17.2,17.2,1.0,0.0,4.0,0.0,0.0,0.9,301.0,301.0,301.0,301.0,1.0,0.0,4.0,0.0,0.0,0.9,300.0,300.0,300.0,300.0,1.0,0.0,4.0,0.0,0.0,0.9
1974,2,117.0,-36.0,19.0,19.8,20.56,19.76,8.0,0.86,16.0,0.4,0.4,0.7,17.0,19.0,21.22,18.98,13.0,1.82,18.0,0.5,0.4,0.7,8.55,11.32,14.0,11.38,11.0,2.33,18.0,0.5,0.4,0.7,69.8,83.2,90.8,81.6,11.0,9.3,18.0,0.5,0.7,6.09,8.2,9.44,7.78,13.0,2.42,18.0,0.5,0.4,0.7,-8.28,-6.67,3.96,-4.01,13.0,6.23,18.0,0.5,0.4,0.7,-3.99,0.0,3.26,-0.27,13.0,3.9,18.0,0.5,0.4,0.7,1009.35,1012.0,1021.02,1013.6,13.0,5.63,18.0,0.5,0.4,0.7,1.9,5.0,7.1,4.5,13.0,2.7,18.0,0.5,0.4,0.7,-71.0,-51.5,26.0,-36.7,13.0,56.4,18.0,0.5,0.4,0.7,-30.9,0.0,25.2,-5.9,13.0,35.5,18.0,0.5,0.4,0.7,0.08,1.55,2.09,1.24,8.0,1.11,16.0,0.4,0.4,0.7,0.5,8.4,15.9,8.2,8.0,8.2,16.0,0.4,0.4,0.7,1.31,3.47,5.39,3.44,8.0,1.98,16.0,0.4,0.4,0.7,10.2,22.0,37.2,23.1,8.0,14.4,16.0,0.4,0.4,0.7,-179.2,-141.4,74.3,-82.5,13.0,118.0,18.0,0.5,0.4,0.7,-83.4,0.0,55.5,-8.2,13.0,76.5,18.0,0.5,0.4,0.7,-113.4,-88.6,-23.9,-67.2,11.0,63.4,18.0,0.5,0.4,0.7,-59.4,0.0,25.5,-13.4,11.0,41.9,18.0,0.5,0.4,0.7,-29.9,-11.0,-2.3,-13.2,8.0,22.2,16.0,0.4,0.4,0.7,-5.1,0.0,10.3,3.7,8.0,10.6,16.0,0.4,0.4,0.7,228.0,551.5,848.0,589.5,13.0,441.0,18.0,0.5,0.4,0.7,230.0,550.0,850.0,590.0,13.0,440.0,18.0,0.5,0.4,0.7
1974,2,117.0,-21.0,26.8,27.0,28.37,27.57,3.0,1.25,12.0,1.0,0.4,0.7,28.16,28.5,29.66,28.9,3.0,1.15,12.0,1.0,0.4,0.7,16.42,18.77,21.63,19.02,3.0,3.82,12.0,1.0,0.4,0.7,67.8,78.9,82.7,75.4,3.0,11.3,12.0,1.0,0.7,3.93,5.7,6.04,5.0,3.0,1.66,12.0,1.0,0.4,0.7,-4.64,-2.37,1.97,-1.36,3.0,4.92,12.0,1.0,0.4,0.7,-3.24,0.0,1.36,-0.92,3.0,3.46,12.0,1.0,0.4,0.7,1002.69,1004.4,1004.47,1003.6,3.0,1.47,12.0,1.0,0.4,0.7,1.6,3.0,4.4,3.0,3.0,2.0,12.0,1.0,0.4,0.7,-24.5,-7.4,14.5,-5.0,3.0,28.7,12.0,1.0,0.4,0.7,-20.1,0.0,4.2,-7.8,3.0,19.0,12.0,1.0,0.4,0.7,-1.61,-1.2,-1.06,-1.33,3.0,0.42,12.0,1.0,0.4,0.7,-6.9,-5.7,-5.6,-6.2,3.0,1.0,12.0,1.0,0.4,0.7,2.84,3.72,5.8,4.31,3.0,2.23,12.0,1.0,0.4,0.7,16.9,21.0,21.1,19.1,3.0,3.5,12.0,1.0,0.4,0.7,-130.4,-67.7,60.7,-35.6,3.0,142.7,12.0,1.0,0.4,0.7,-97.9,0.0,38.8,-28.9,3.0,103.2,12.0,1.0,0.4,0.7,-84.6,-36.4,50.9,-17.3,3.0,100.6,12.0,1.0,0.4,0.7,-74.4,0.0,20.8,-26.2,3.0,73.4,12.0,1.0,0.4,0.7,-19.6,-16.1,1.5,-9.2,3.0,16.5,12.0,1.0,0.4,0.7,-7.9,0.0,9.2,0.6,3.0,12.5,12.0,1.0,0.4,0.7,79.0,185.0,221.5,151.0,3.0,108.5,12.0,1.0,0.4,0.7,80.0,185.0,220.0,150.0,3.0,110.0,12.0,1.0,0.4,0.7
1974,2,117.0,-20.0,28.29,30.0,30.61,29.47,3.0,1.76,16.0,0.7,0.6,0.7,27.51,28.6,30.24,28.87,3.0,2.01,16.0,0.7,0.6,0.7,19.87,20.53,21.83,20.85,3.0,1.46,16.0,0.7,0.6,0.7,74.8,79.5,93.5,84.0,3.0,14.3,16.0,0.7,0.7,3.23,4.6,4.94,4.1,3.0,1.32,16.0,0.7,0.6,0.7,-0.23,4.53,4.87,2.37,3.0,4.18,16.0,0.7,0.6,0.7,0.83,0.89,0.89,0.86,3.0,0.05,16.0,0.7,0.6,0.7,1005.53,1005.6,1006.35,1005.93,3.0,0.67,16.0,0.7,0.6,0.7,2.6,4.0,4.0,3.3,3.0,1.2,16.0,0.7,0.6,0.7,2.3,20.8,24.1,13.4,3.0,17.2,16.0,0.7,0.6,0.7,2.7,3.7,4.2,3.5,3.0,1.1,16.0,0.7,0.6,0.7,-1.66,2.3,2.78,0.6,3.0,3.57,16.0,0.7,0.6,0.7,-2.5,11.7,13.1,5.5,3.0,12.7,16.0,0.7,0.6,0.7,3.16,4.35,7.32,5.22,3.0,3.14,16.0,0.7,0.6,0.7,11.0,20.0,36.6,23.7,3.0,19.1,16.0,0.7,0.6,0.7,-12.9,122.3,136.9,63.4,3.0,121.0,16.0,0.7,0.6,0.7,22.8,25.3,26.9,24.8,3.0,3.0,16.0,0.7,0.6,0.7,-3.1,98.3,100.6,49.9,3.0,86.7,16.0,0.7,0.6,0.7,17.5,17.9,18.2,17.8,3.0,0.5,16.0,0.7,0.6,0.7,1.9,19.7,36.1,19.0,3.0,25.0,16.0,0.7,0.6,0.7,2.7,3.5,6.4,4.5,3.0,2.8,16.0,0.7,0.6,0.7,43.0,97.5,121.5,82.5,3.0,59.0,16.0,0.7,0.6,0.7,45.0,95.0,120.0,85.0,3.0,60.0,16.0,0.7,0.6,0.7
1974,2,117.0,-19.0,30.0,30.0,30.0,30.0,1.0,0.0,22.0,0.0,0.7,0.3,28.4,28.4,28.4,28.4,1.0,0.0,22.0,0.0,0.7,0.3,21.24,21.24,21.24,21.24,1.0,0.0,22.0,0.0,0.7,0.3,86.9,86.9,86.9,86.9,1.0,0.0,22.0,0.0,0.3,4.93,6.7,8.47,6.7,2.0,3.68,14.0,0.5,0.5,0.6,-4.53,-1.42,1.69,-1.42,2.0,6.45,14.0,0.5,0.5,0.6,-6.41,-4.88,-3.35,-4.88,2.0,3.17,14.0,0.5,0.5,0.6,1001.21,1001.45,1001.69,1001.45,2.0,0.49,14.0,0.5,0.5,0.6,3.5,4.5,5.5,4.5,2.0,2.1,14.0,0.5,0.5,0.6,-44.7,-21.4,2.0,-21.4,2.0,48.4,14.0,0.5,0.5,0.6,-57.5,-38.5,-19.6,-38.5,2.0,39.2,14.0,0.5,0.5,0.6,1.6,1.6,1.6,1.6,1.0,0.0,22.0,0.0,0.7,0.3,6.6,6.6,6.6,6.6,1.0,0.0,22.0,0.0,0.7,0.3,5.68,5.68,5.68,5.68,1.0,0.0,22.0,0.0,0.7,0.3,23.3,23.3,23.3,23.3,1.0,0.0,22.0,0.0,0.7,0.3,89.2,89.2,89.2,89.2,1.0,0.0,22.0,0.0,0.7,0.3,-74.8,-74.8,-74.8,-74.8,1.0,0.0,22.0,0.0,0.7,0.3,66.7,66.7,66.7,66.7,1.0,0.0,22.0,0.0,0.7,0.3,-56.0,-56.0,-56.0,-56.0,1.0,0.0,22.0,0.0,0.7,0.3,17.8,17.8,17.8,17.8,1.0,0.0,22.0,0.0,0.7,0.3,-15.0,-15.0,-15.0,-15.0,1.0,0.0,22.0,0.0,0.7,0.3,185.5,436.5,687.5,436.5,2.0,520.0,14.0,0.5,0.5,0.6,185.0,435.0,690.0,435.0,2.0,520.0,14.0,0.5,0.5,0.6
1974,2,117.0,-18.0,30.0,30.0,30.0,30.0,1.0,0.0,20.0,1.0,0.2,0.8,31.6,31.6,31.6,31.6,1.0,0.0,20.0,1.0,0.2,0.8,22.01,22.01,22.01,22.01,1.0,0.0,20.0,1.0,0.2,0.8,74.9,74.9,74.9,74.9,1.0,0.0,20.0,1.0,0.8,2.6,2.6,2.6,2.6,1.0,0.0,20.0,1.0,0.2,0.8,1.99,1.99,1.99,1.99,1.0,0.0,20.0,1.0,0.2,0.8,1.67,1.67,1.67,1.67,1.0,0.0,20.0,1.0,0.2,0.8,1002.3,1002.3,1002.3,1002.3,1.0,0.0,20.0,1.0,0.2,0.8,4.0,4.0,4.0,4.0,1.0,0.0,20.0,1.0,0.2,0.8,5.2,5.2,5.2,5.2,1.0,0.0,20.0,1.0,0.2,0.8,4.3,4.3,4.3,4.3,1.0,0.0,20.0,1.0,0.2,0.8,-1.6,-1.6,-1.6,-1.6,1.0,0.0,20.0,1.0,0.2,0.8,-4.2,-4.2,-4.2,-4.2,1.0,0.0,20.0,1.0,0.2,0.8,4.9,4.9,4.9,4.9,1.0,0.0,20.0,1.0,0.2,0.8,12.7,12.7,12.7,12.7,1.0,0.0,20.0,1.0,0.2,0.8,62.9,62.9,62.9,62.9,1.0,0.0,20.0,1.0,0.2,0.8,52.8,52.8,52.8,52.8,1.0,0.0,20.0,1.0,0.2,0.8,43.8,43.8,43.8,43.8,1.0,0.0,20.0,1.0,0.2,0.8,36.8,36.8,36.8,36.8,1.0,0.0,20.0,1.0,0.2,0.8,9.8,9.8,9.8,9.8,1.0,0.0,20.0,1.0,0.2,0.8,8.2,8.2,8.2,8.2,1.0,0.0,20.0,1.0,0.2,0.8,17.5,17.5,17.5,17.5,1.0,0.0,20.0,1.0,0.2,0.8,20.0,20.0,20.0,20.0,1.0,0.0,20.0,1.0,0.2,0.8
1974,2,117.0,-13.0,27.0,27.0,27.0,27.0,2.0,0.0,28.0,0.5,0.2,0.3,28.32,29.0,29.68,29.0,2.0,1.41,28.0,0.5,0.2,0.3,18.88,19.33,19.78,19.33,2.0,0.93,28.0,0.5,0.2,0.3,75.2,76.5,77.8,76.5,2.0,2.7,28.0,0.5,0.3,5.27,5.65,6.03,5.65,2.0,0.78,28.0,0.5,0.2,0.3,4.11,4.39,4.66,4.39,2.0,0.57,28.0,0.5,0.2,0.3,2.22,3.25,4.27,3.25,2.0,2.12,28.0,0.5,0.2,0.3,1002.74,1003.25,1003.76,1003.25,2.0,1.06,28.0,0.5,0.2,0.3,3.5,4.5,5.5,4.5,2.0,2.1,28.0,0.5,0.2,0.3,24.5,24.6,24.7,24.6,2.0,0.2,28.0,0.5,0.2,0.3,12.2,19.2,26.2,19.2,2.0,14.5,28.0,0.5,0.2,0.3,-2.68,-2.0,-1.32,-2.0,2.0,1.41,28.0,0.5,0.2,0.3,-13.9,-10.7,-7.6,-10.7,2.0,6.4,28.0,0.5,0.2,0.3,2.75,3.19,3.63,3.19,2.0,0.91,28.0,0.5,0.2,0.3,14.7,18.4,22.1,18.4,2.0,7.6,28.0,0.5,0.2,0.3,116.7,127.7,138.7,127.7,2.0,22.8,28.0,0.5,0.2,0.3,65.1,92.7,120.2,92.7,2.0,57.0,28.0,0.5,0.2,0.3,77.8,85.1,92.4,85.1,2.0,15.1,28.0,0.5,0.2,0.3,43.4,61.8,80.1,61.8,2.0,38.0,28.0,0.5,0.2,0.3,12.7,13.7,14.8,13.7,2.0,2.2,28.0,0.5,0.2,0.3,6.6,11.3,16.0,11.3,2.0,9.7,28.0,0.5,0.2,0.3,149.5,185.5,221.5,185.5,2.0,74.5,28.0,0.5,0.2,0.3,150.0,185.0,220.0,185.0,2.0,75.0,28.0,0.5,0.2,0.3
1974,2,117.0,-10.0,26.1,26.1,26.1,26.1,1.0,0.0,12.0,0.0,0.3,0.7,25.7,25.7,25.7,25.7,1.0,0.0,12.0,0.0,0.3,0.7,16.52,16.52,16.52,16.52,1.0,0.0,12.0,0.0,0.3,0.7,80.0,80.0,80.0,80.0,1.0,0.0,12.0,0.0,0.7,8.2,8.2,8.2,8.2,1.0,0.0,12.0,0.0,0.3,0.7,-7.1,-7.1,-7.1,-7.1,1.0,0.0,12.0,0.0,0.3,0.7,-4.1,-4.1,-4.1,-4.1,1.0,0.0,12.0,0.0,0.3,0.7,1010.0,1010.0,1010.0,1010.0,1.0,0.0,12.0,0.0,0.3,0.7,5.0,5.0,5.0,5.0,1.0,0.0,12.0,0.0,0.3,0.7,-58.2,-58.2,-58.2,-58.2,1.0,0.0,12.0,0.0,0.3,0.7,-33.6,-33.6,-33.6,-33.6,1.0,0.0,12.0,0.0,0.3,0.7,0.4,0.4,0.4,0.4,1.0,0.0,12.0,0.0,0.3,0.7,3.3,3.3,3.3,3.3,1.0,0.0,12.0,0.0,0.3,0.7,4.68,4.68,4.68,4.68,1.0,0.0,12.0,0.0,0.3,0.7,38.4,38.4,38.4,38.4,1.0,0.0,12.0,0.0,0.3,0.7,-182.5,-182.5,-182.5,-182.5,1.0,0.0,12.0,0.0,0.3,0.7,-105.4,-105.4,-105.4,-105.4,1.0,0.0,12.0,0.0,0.3,0.7,-117.3,-117.3,-117.3,-117.3,1.0,0.0,12.0,0.0,0.3,0.7,-67.7,-67.7,-67.7,-67.7,1.0,0.0,12.0,0.0,0.3,0.7,-33.2,-33.2,-33.2,-33.2,1.0,0.0,12.0,0.0,0.3,0.7,-19.2,-19.2,-19.2,-19.2,1.0,0.0,12.0,0.0,0.3,0.7,551.5,551.5,551.5,551.5,1.0,0.0,12.0,0.0,0.3,0.7,550.0,550.0,550.0,550.0,1.0,0.0,12.0,0.0,0.3,0.7
1974,2,117.0,-9.0,27.74,28.25,28.76,28.25,2.0,1.06,12.0,0.5,0.9,1.0,27.8,27.8,27.8,27.8,1.0,0.0,14.0,0.0,0.9,1.0,19.87,19.87,19.87,19.87,1.0,0.0,14.0,0.0,0.9,1.0,84.8,84.8,84.8,84.8,1.0,0.0,14.0,0.0,1.0,4.09,5.15,6.21,5.15,2.0,2.19,12.0,0.5,0.9,1.0,3.38,4.73,6.07,4.73,2.0,2.79,12.0,0.5,0.9,1.0,-1.95,-1.16,-0.37,-1.16,2.0,1.64,12.0,0.5,0.9,1.0,1004.63,1006.0,1007.37,1006.0,2.0,2.83,12.0,0.5,0.9,1.0,5.3,6.0,6.7,6.0,2.0,1.4,12.0,0.5,0.9,1.0,15.5,27.4,39.3,27.4,2.0,24.7,12.0,0.5,0.9,1.0,-7.0,-4.2,-1.3,-4.2,2.0,5.9,12.0,0.5,0.9,1.0,-0.3,-0.3,-0.3,-0.3,1.0,0.0,14.0,0.0,0.9,1.0,-2.0,-2.0,-2.0,-2.0,1.0,0.0,14.0,0.0,0.9,1.0,3.21,3.21,3.21,3.21,1.0,0.0,14.0,0.0,0.9,1.0,21.5,21.5,21.5,21.5,1.0,0.0,14.0,0.0,0.9,1.0,186.3,186.3,186.3,186.3,1.0,0.0,14.0,0.0,0.9,1.0,0.0,0.0,0.0,0.0,1.0,0.0,14.0,0.0,0.9,1.0,133.2,133.2,133.2,133.2,1.0,0.0,14.0,0.0,0.9,1.0,0.0,0.0,0.0,0.0,1.0,0.0,14.0,0.0,0.9,1.0,21.5,21.5,21.5,21.5,1.0,0.0,14.0,0.0,0.9,1.0,0.0,0.0,0.0,0.0,1.0,0.0,14.0,0.0,0.9,1.0,87.0,173.5,260.5,173.5,2.0,179.5,12.0,0.5,0.9,1.0,85.0,175.0,260.0,175.0,2.0,180.0,12.0,0.5,0.9,1.0
1974,2,117.0,-8.0,27.83,28.6,29.9,28.85,4.0,1.44,14.0,0.5,0.4,0.3,26.69,27.1,27.51,27.1,4.0,0.58,14.0,0.5,0.4,0.3,18.55,19.85,20.29,19.44,4.0,1.39,14.0,0.5,0.4,0.3,80.7,88.0,92.0,86.4,4.0,8.8,14.0,0.5,0.3,2.69,5.1,5.94,4.35,4.0,2.68,14.0,0.5,0.4,0.3,2.36,4.42,5.56,3.98,4.0,2.54,14.0,0.5,0.4,0.3,-2.55,-1.86,-0.55,-1.57,4.0,1.23,14.0,0.5,0.4,0.3,1005.79,1006.2,1006.35,1006.08,4.0,0.4,14.0,0.5,0.4,0.3,6.5,7.0,7.5,7.0,4.0,0.8,14.0,0.5,0.4,0.3,10.9,22.5,33.9,22.4,4.0,17.9,14.0,0.5,0.4,0.3,-13.0,-10.4,-3.7,-8.5,4.0,6.1,14.0,0.5,0.4,0.3,0.7,1.9,2.79,1.75,4.0,1.64,14.0,0.5,0.4,0.3,-0.5,5.7,9.7,4.6,4.0,6.1,14.0,0.5,0.4,0.3,4.43,5.46,6.94,5.67,4.0,1.88,14.0,0.5,0.4,0.3,10.9,22.8,32.5,21.8,4.0,14.1,14.0,0.5,0.4,0.3,62.6,117.9,152.9,108.2,4.0,70.2,14.0,0.5,0.4,0.3,-68.1,-49.8,-15.4,-42.1,4.0,32.8,14.0,0.5,0.4,0.3,46.8,89.3,103.6,75.9,4.0,45.6,14.0,0.5,0.4,0.3,-51.6,-35.4,-9.7,-30.8,4.0,25.3,14.0,0.5,0.4,0.3,9.7,19.7,30.5,20.1,4.0,13.7,14.0,0.5,0.4,0.3,-11.5,-7.8,-3.1,-7.3,4.0,5.7,14.0,0.5,0.4,0.3,63.0,132.5,220.5,141.5,4.0,123.0,14.0,0.5,0.4,0.3,65.0,135.0,220.0,140.0,4.0,125.0,14.0,0.5,0.4,0.3
1974,2,117.0,-6.0,27.4,27.4,27.4,27.4,1.0,0.0,4.0,1.0,0.9,0.3,28.0,28.0,28.0,28.0,1.0,0.0,4.0,1.0,0.9,0.3,18.35,18.35,18.35,18.35,1.0,0.0,4.0,1.0,0.9,0.3,77.5,77.5,77.5,77.5,1.0,0.0,4.0,1.0,0.3,,,,,,,,,,,,,,,,,,,,,,,,,,,,,,,,,,,,,,,,,,,,,,,,,,,,,,,,,,,,,,,,,,,,,,,,,,,,,,,,,,,,,,,,,,,,,,,,,,,,,,,,,,,,,,,,,,,,,,,,,,,,,,,,,,,,,,,,,,,,,,,,,,,,,,,,,,,,,,,,,,,,,,,,,,,,,,,,,,,,,,,,,,,,,,
1974,2,117.0,-5.0,27.8,27.8,27.8,27.8,1.0,0.0,14.0,0.0,0.5,0.1,26.6,26.6,26.6,26.6,1.0,0.0,14.0,0.0,0.5,0.1,18.0,18.0,18.0,18.0,1.0,0.0,14.0,0.0,0.5,0.1,82.6,82.6,82.6,82.6,1.0,0.0,14.0,0.0,0.1,4.6,4.6,4.6,4.6,1.0,0.0,14.0,0.0,0.5,0.1,4.6,4.6,4.6,4.6,1.0,0.0,14.0,0.0,0.5,0.1,0.0,0.0,0.0,0.0,1.0,0.0,14.0,0.0,0.5,0.1,1009.7,1009.7,1009.7,1009.7,1.0,0.0,14.0,0.0,0.5,0.1,8.0,8.0,8.0,8.0,1.0,0.0,14.0,0.0,0.5,0.1,21.2,21.2,21.2,21.2,1.0,0.0,14.0,0.0,0.5,0.1,0.0,0.0,0.0,0.0,1.0,0.0,14.0,0.0,0.5,0.1,1.2,1.2,1.2,1.2,1.0,0.0,14.0,0.0,0.5,0.1,5.5,5.5,5.5,5.5,1.0,0.0,14.0,0.0,0.5,0.1,5.46,5.46,5.46,5.46,1.0,0.0,14.0,0.0,0.5,0.1,25.1,25.1,25.1,25.1,1.0,0.0,14.0,0.0,0.5,0.1,122.4,122.4,122.4,122.4,1.0,0.0,14.0,0.0,0.5,0.1,0.0,0.0,0.0,0.0,1.0,0.0,14.0,0.0,0.5,0.1,82.8,82.8,82.8,82.8,1.0,0.0,14.0,0.0,0.5,0.1,0.0,0.0,0.0,0.0,1.0,0.0,14.0,0.0,0.5,0.1,25.1,25.1,25.1,25.1,1.0,0.0,14.0,0.0,0.5,0.1,0.0,0.0,0.0,0.0,1.0,0.0,14.0,0.0,0.5,0.1,97.5,97.5,97.5,97.5,1.0,0.0,14.0,0.0,0.5,0.1,95.0,95.0,95.0,95.0,1.0,0.0,14.0,0.0,0.5,0.1
1974,2,117.0,6.0,28.5,28.5,28.5,28.5,1.0,0.0,22.0,1.0,0.6,0.6,26.4,26.4,26.4,26.4,1.0,0.0,22.0,1.0,0.6,0.6,18.71,18.71,18.71,18.71,1.0,0.0,22.0,1.0,0.6,0.6,86.7,86.7,86.7,86.7,1.0,0.0,22.0,1.0,0.6,4.6,4.6,4.6,4.6,1.0,0.0,22.0,1.0,0.6,0.6,-3.52,-3.52,-3.52,-3.52,1.0,0.0,22.0,1.0,0.6,0.6,-2.96,-2.96,-2.96,-2.96,1.0,0.0,22.0,1.0,0.6,0.6,1007.5,1007.5,1007.5,1007.5,1.0,0.0,22.0,1.0,0.6,0.6,7.0,7.0,7.0,7.0,1.0,0.0,22.0,1.0,0.6,0.6,-16.2,-16.2,-16.2,-16.2,1.0,0.0,22.0,1.0,0.6,0.6,-13.6,-13.6,-13.6,-13.6,1.0,0.0,22.0,1.0,0.6,0.6,2.1,2.1,2.1,2.1,1.0,0.0,22.0,1.0,0.6,0.6,9.7,9.7,9.7,9.7,1.0,0.0,22.0,1.0,0.6,0.6,5.79,5.79,5.79,5.79,1.0,0.0,22.0,1.0,0.6,0.6,26.6,26.6,26.6,26.6,1.0,0.0,22.0,1.0,0.6,0.6,-93.0,-93.0,-93.0,-93.0,1.0,0.0,22.0,1.0,0.6,0.6,-78.1,-78.1,-78.1,-78.1,1.0,0.0,22.0,1.0,0.6,0.6,-65.9,-65.9,-65.9,-65.9,1.0,0.0,22.0,1.0,0.6,0.6,-55.3,-55.3,-55.3,-55.3,1.0,0.0,22.0,1.0,0.6,0.6,-20.4,-20.4,-20.4,-20.4,1.0,0.0,22.0,1.0,0.6,0.6,-17.1,-17.1,-17.1,-17.1,1.0,0.0,22.0,1.0,0.6,0.6,97.5,97.5,97.5,97.5,1.0,0.0,22.0,1.0,0.6,0.6,95.0,95.0,95.0,95.0,1.0,0.0,22.0,1.0,0.6,0.6
1974,2,117.0,7.0,25.2,26.5,27.01,26.14,5.0,1.1,14.0,0.8,0.2,0.6,26.51,27.0,28.05,27.12,6.0,1.31,16.0,0.8,0.2,0.6,18.14,18.69,20.51,19.27,5.0,1.64,14.0,0.8,0.2,0.6,83.5,84.3,92.0,87.5,5.0,6.1,14.0,0.8,0.6,2.1,4.35,8.25,5.4,6.0,3.87,16.0,0.8,0.2,0.6,-5.62,-3.81,-2.04,-4.27,6.0,2.76,16.0,0.8,0.2,0.6,-6.01,-2.0,0.0,-2.9,6.0,3.23,16.0,0.8,0.2,0.6,1007.7,1009.4,1010.04,1009.02,6.0,1.25,16.0,0.8,0.2,0.6,4.0,7.0,8.0,6.3,6.0,2.0,16.0,0.8,0.2,0.6,-50.4,-16.5,-4.3,-31.7,6.0,42.6,16.0,0.8,0.2,0.6,-51.6,-7.9,0.0,-25.5,6.0,38.3,16.0,0.8,0.2,0.6,-1.12,-0.5,0.07,-0.6,5.0,0.95,14.0,0.8,0.2,0.6,-7.2,-2.3,0.2,-3.4,5.0,4.1,14.0,0.8,0.2,0.6,0.83,1.69,3.32,2.03,5.0,1.34,14.0,0.8,0.2,0.6,2.8,7.8,31.0,15.5,5.0,15.9,14.0,0.8,0.2,0.6,-151.3,-101.0,-55.9,-115.1,6.0,74.2,16.0,0.8,0.2,0.6,-161.8,-52.2,0.0,-77.7,6.0,86.9,16.0,0.8,0.2,0.6,-118.5,-80.8,-56.2,-90.1,5.0,50.6,14.0,0.8,0.2,0.6,-118.5,-52.1,0.0,-60.3,5.0,64.6,14.0,0.8,0.2,0.6,-21.6,-5.9,-2.8,-11.5,5.0,11.4,14.0,0.8,0.2,0.6,-22.1,-5.0,0.0,-10.0,5.0,11.6,14.0,0.8,0.2,0.6,9.5,83.0,680.5,403.0,6.0,727.0,16.0,0.8,0.2,0.6,10.0,85.0,680.0,405.0,6.0,725.0,16.0,0.8,0.2,0.6
1974,2,117.0,8.0,26.16,26.5,26.84,26.5,2.0,0.71,20.0,1.0,0.7,0.1,27.58,27.75,27.92,27.75,2.0,0.35,20.0,1.0,0.7,0.1,18.47,18.66,18.85,18.66,2.0,0.4,20.0,1.0,0.7,0.1,78.2,79.9,81.5,79.9,2.0,3.3,20.0,1.0,0.1,3.66,5.95,8.24,5.95,2.0,4.74,20.0,1.0,0.7,0.1,-7.74,-5.59,-3.44,-5.59,2.0,4.45,20.0,1.0,0.7,0.1,-2.82,-2.04,-1.25,-2.04,2.0,1.62,20.0,1.0,0.7,0.1,1007.42,1007.45,1007.48,1007.45,2.0,0.07,20.0,1.0,0.7,0.1,3.0,3.0,3.0,3.0,2.0,0.0,20.0,1.0,0.7,0.1,-69.4,-43.8,-18.2,-43.8,2.0,53.0,20.0,1.0,0.7,0.1,-25.3,-15.9,-6.6,-15.9,2.0,19.3,20.0,1.0,0.7,0.1,-1.76,-1.25,-0.74,-1.25,2.0,1.06,20.0,1.0,0.7,0.1,-15.9,-9.9,-4.0,-9.9,2.0,12.2,20.0,1.0,0.7,0.1,2.86,3.11,3.36,3.11,2.0,0.52,20.0,1.0,0.7,0.1,11.7,17.3,22.9,17.3,2.0,11.6,20.0,1.0,0.7,0.1,-216.5,-155.9,-95.4,-155.9,2.0,125.5,20.0,1.0,0.7,0.1,-78.8,-56.8,-34.7,-56.8,2.0,45.7,20.0,1.0,0.7,0.1,-142.5,-103.4,-64.4,-103.4,2.0,80.8,20.0,1.0,0.7,0.1,-51.9,-37.7,-23.4,-37.7,2.0,29.4,20.0,1.0,0.7,0.1,-21.5,-16.2,-11.0,-16.2,2.0,10.9,20.0,1.0,0.7,0.1,-7.8,-5.9,-4.0,-5.9,2.0,4.0,20.0,1.0,0.7,0.1,142.5,411.0,679.5,411.0,2.0,556.5,20.0,1.0,0.7,0.1,140.0,410.0,680.0,410.0,2.0,555.0,20.0,1.0,0.7,0.1
1974,2,117.0,9.0,25.1,26.1,26.96,26.09,8.0,0.79,14.0,0.4,0.3,0.5,26.0,26.2,26.59,26.55,8.0,1.11,14.0,0.4,0.3,0.5,17.86,18.3,18.57,18.1,7.0,0.66,14.0,0.4,0.3,0.5,80.6,85.1,87.2,83.3,7.0,5.2,14.0,0.4,0.5,6.7,7.2,8.09,7.53,8.0,2.47,14.0,0.4,0.3,0.5,-6.93,-4.63,-4.31,-5.1,8.0,1.9,14.0,0.4,0.3,0.5,-5.52,-5.13,-4.16,-5.43,8.0,1.93,14.0,0.4,0.3,0.5,1006.5,1009.1,1010.18,1008.78,8.0,2.1,14.0,0.4,0.3,0.5,2.1,5.0,7.9,4.9,8.0,2.7,14.0,0.4,0.3,0.5,-56.2,-33.3,-28.9,-42.2,8.0,29.6,14.0,0.4,0.3,0.5,-39.7,-34.4,-33.4,-44.6,8.0,34.4,14.0,0.4,0.3,0.5,-1.1,0.05,0.49,-0.46,8.0,1.64,14.0,0.4,0.3,0.5,-7.9,0.6,3.6,-3.6,8.0,11.5,14.0,0.4,0.3,0.5,1.71,3.31,3.84,2.96,7.0,1.15,14.0,0.4,0.3,0.5,12.3,16.0,37.0,22.6,7.0,12.6,14.0,0.4,0.3,0.5,-178.3,-128.9,-113.0,-135.1,8.0,48.7,14.0,0.4,0.3,0.5,-159.4,-135.5,-107.1,-144.3,8.0,50.5,14.0,0.4,0.3,0.5,-120.2,-85.4,-76.9,-92.8,7.0,34.7,14.0,0.4,0.3,0.5,-105.4,-93.9,-68.4,-98.1,7.0,37.4,14.0,0.4,0.3,0.5,-27.7,-10.3,-7.8,-15.6,7.0,10.1,14.0,0.4,0.3,0.5,-19.3,-13.5,-8.0,-15.9,7.0,8.6,14.0,0.4,0.3,0.5,301.0,373.0,531.5,561.0,8.0,654.5,14.0,0.4,0.3,0.5,300.0,375.0,530.0,560.0,8.0,655.0,14.0,0.4,0.3,0.5
1974,2,117.0,10.0,25.51,26.2,27.31,26.34,5.0,1.02,12.0,0.2,0.6,0.3,25.79,26.1,26.44,26.08,6.0,0.65,14.0,0.3,0.7,0.3,18.35,18.85,19.29,18.82,4.0,0.56,12.0,0.0,0.8,0.2,84.5,87.2,91.3,87.7,5.0,3.7,12.0,0.2,0.3,3.39,5.4,8.24,5.83,6.0,2.92,14.0,0.3,0.7,0.3,-4.44,-2.4,-1.76,-2.92,6.0,1.39,14.0,0.3,0.7,0.3,-6.78,-4.34,-2.25,-4.84,6.0,3.02,14.0,0.3,0.7,0.3,1008.08,1009.9,1011.56,1009.83,4.0,2.03,12.0,0.0,0.8,0.2,0.0,2.0,4.8,2.7,6.0,3.0,14.0,0.3,0.7,0.3,-30.8,-14.2,-7.6,-18.0,6.0,13.2,14.0,0.3,0.7,0.3,-57.6,-24.5,-7.7,-35.4,6.0,37.3,14.0,0.3,0.7,0.3,-0.6,1.0,1.31,0.44,5.0,1.17,12.0,0.2,0.6,0.3,-4.0,6.2,8.8,2.9,5.0,8.6,12.0,0.2,0.6,0.3,1.65,2.69,3.89,2.77,4.0,1.3,12.0,0.0,0.8,0.2,8.2,13.8,21.5,14.8,4.0,9.5,12.0,0.0,0.8,0.2,-116.4,-63.9,-44.5,-76.5,6.0,37.0,14.0,0.3,0.7,0.3,-175.5,-113.4,-60.3,-125.0,6.0,74.7,14.0,0.3,0.7,0.3,-85.2,-59.8,-35.7,-60.4,4.0,28.8,12.0,0.0,0.8,0.2,-101.5,-82.0,-52.8,-77.4,4.0,30.6,12.0,0.0,0.8,0.2,-13.0,-7.8,-5.1,-9.0,4.0,6.2,12.0,0.0,0.8,0.2,-17.2,-11.3,-6.3,-11.7,4.0,7.3,12.0,0.0,0.8,0.2,40.5,185.0,588.0,330.5,6.0,411.0,14.0,0.3,0.7,0.3,40.0,185.0,590.0,330.0,6.0,410.0,14.0,0.3,0.7,0.3
1974,2,117.0,11.0,25.0,25.0,25.0,25.0,1.0,0.0,24.0,1.0,0.6,0.7,23.9,23.9,23.9,23.9,1.0,0.0,24.0,1.0,0.6,0.7,16.51,16.51,16.51,16.51,1.0,0.0,24.0,1.0,0.6,0.7,89.1,89.1,89.1,89.1,1.0,0.0,24.0,1.0,0.7,4.6,4.6,4.6,4.6,1.0,0.0,24.0,1.0,0.6,0.7,-4.32,-4.32,-4.32,-4.32,1.0,0.0,24.0,1.0,0.6,0.7,-1.57,-1.57,-1.57,-1.57,1.0,0.0,24.0,1.0,0.6,0.7,1010.2,1010.2,1010.2,1010.2,1.0,0.0,24.0,1.0,0.6,0.7,2.0,2.0,2.0,2.0,1.0,0.0,24.0,1.0,0.6,0.7,-19.9,-19.9,-19.9,-19.9,1.0,0.0,24.0,1.0,0.6,0.7,-7.2,-7.2,-7.2,-7.2,1.0,0.0,24.0,1.0,0.6,0.7,1.1,1.1,1.1,1.1,1.0,0.0,24.0,1.0,0.6,0.7,5.1,5.1,5.1,5.1,1.0,0.0,24.0,1.0,0.6,0.7,3.32,3.32,3.32,3.32,1.0,0.0,24.0,1.0,0.6,0.7,15.3,15.3,15.3,15.3,1.0,0.0,24.0,1.0,0.6,0.7,-103.3,-103.3,-103.3,-103.3,1.0,0.0,24.0,1.0,0.6,0.7,-37.6,-37.6,-37.6,-37.6,1.0,0.0,24.0,1.0,0.6,0.7,-71.4,-71.4,-71.4,-71.4,1.0,0.0,24.0,1.0,0.6,0.7,-26.0,-26.0,-26.0,-26.0,1.0,0.0,24.0,1.0,0.6,0.7,-14.3,-14.3,-14.3,-14.3,1.0,0.0,24.0,1.0,0.6,0.7,-5.2,-5.2,-5.2,-5.2,1.0,0.0,24.0,1.0,0.6,0.7,97.5,97.5,97.5,97.5,1.0,0.0,24.0,1.0,0.6,0.7,95.0,95.0,95.0,95.0,1.0,0.0,24.0,1.0,0.6,0.7
1974,2,117.0,12.0,25.52,26.2,27.29,26.4,3.0,1.31,26.0,0.3,0.5,0.7,25.12,25.6,25.8,25.47,3.0,0.51,26.0,0.3,0.5,0.7,16.35,16.5,17.93,17.12,3.0,1.27,26.0,0.3,0.5,0.7,80.9,83.9,87.2,84.1,3.0,4.6,26.0,0.3,0.7,4.04,8.2,13.11,8.57,3.0,6.66,26.0,0.3,0.5,0.7,-7.21,-1.42,-1.37,-4.22,3.0,4.91,26.0,0.3,0.5,0.7,-10.62,-8.08,-3.66,-7.16,3.0,5.16,26.0,0.3,0.5,0.7,1008.99,1010.7,1011.59,1010.3,3.0,1.93,26.0,0.3,0.5,0.7,2.3,5.0,6.4,4.3,3.0,3.1,26.0,0.3,0.5,0.7,-107.8,-11.7,-5.6,-55.7,3.0,83.9,26.0,0.3,0.5,0.7,-145.0,-66.2,-23.3,-83.8,3.0,90.4,26.0,0.3,0.5,0.7,-0.07,1.3,1.91,0.93,3.0,1.48,26.0,0.3,0.5,0.7,2.4,10.7,26.5,14.4,3.0,18.0,26.0,0.3,0.5,0.7,2.56,4.8,6.39,4.48,3.0,2.82,26.0,0.3,0.5,0.7,14.7,39.4,87.4,50.8,3.0,54.2,26.0,0.3,0.5,0.7,-184.2,-35.5,-35.1,-107.9,3.0,126.0,26.0,0.3,0.5,0.7,-270.0,-201.1,-92.3,-181.6,3.0,131.3,26.0,0.3,0.5,0.7,-118.0,-25.1,-24.0,-69.9,3.0,79.0,26.0,0.3,0.5,0.7,-173.4,-133.3,-62.7,-118.4,3.0,82.1,26.0,0.3,0.5,0.7,-50.3,-6.8,-3.6,-26.5,3.0,38.2,26.0,0.3,0.5,0.7,-69.7,-38.8,-14.0,-41.8,3.0,40.9,26.0,0.3,0.5,0.7,181.5,551.5,2668.0,1404.5,3.0,1965.5,26.0,0.3,0.5,0.7,180.0,550.0,2670.0,1405.0,3.0,1965.0,26.0,0.3,0.5,0.7
1974,2,117.0,13.0,25.46,26.95,28.6,26.9,32.0,1.59,12.0,0.5,0.6,0.6,25.59,26.3,26.92,26.48,32.0,1.12,12.0,0.5,0.5,0.6,14.93,16.17,18.18,16.24,32.0,1.43,12.0,0.5,0.5,0.6,71.4,73.9,77.9,75.2,32.0,5.7,12.0,0.5,0.6,5.74,9.3,11.76,8.9,33.0,2.96,12.0,0.5,0.5,0.6,-9.21,-4.63,-3.19,-5.47,33.0,3.02,12.0,0.5,0.5,0.6,-9.32,-6.28,-2.7,-6.15,33.0,3.39,12.0,0.5,0.5,0.6,1009.81,1012.0,1013.48,1011.65,33.0,2.17,12.0,0.5,0.5,0.6,2.0,5.0,7.1,4.9,32.0,2.4,12.0,0.5,0.5,0.6,-96.9,-47.6,-16.6,-54.3,33.0,42.0,12.0,0.5,0.5,0.6,-99.5,-56.9,-20.0,-60.9,33.0,44.6,12.0,0.5,0.5,0.6,-1.1,1.0,2.0,0.58,30.0,1.64,12.0,0.5,0.5,0.6,-6.5,8.3,20.8,6.3,30.0,14.3,12.0,0.5,0.5,0.6,4.15,6.09,8.49,6.15,30.0,2.27,12.0,0.5,0.5,0.6,19.9,58.9,86.7,55.8,30.0,28.9,12.0,0.5,0.5,0.6,-231.2,-121.4,-85.3,-143.7,32.0,78.0,12.0,0.5,0.5,0.6,-246.7,-170.3,-69.5,-162.5,32.0,89.7,12.0,0.5,0.5,0.6,-143.6,-73.4,-51.4,-87.2,32.0,46.0,12.0,0.5,0.5,0.6,-149.8,-105.5,-40.7,-98.0,32.0,54.6,12.0,0.5,0.5,0.6,-50.1,-32.2,-11.2,-32.2,30.0,19.9,12.0,0.5,0.5,0.6,-76.1,-35.6,-10.2,-40.8,30.0,29.5,12.0,0.5,0.5,0.6,189.5,804.5,1627.5,926.5,33.0,756.5,12.0,0.5,0.5,0.6,190.0,805.0,1625.0,925.0,33.0,755.0,12.0,0.5,0.5,0.6
1974,2,117.0,14.0,25.6,26.2,28.42,26.94,5.0,1.69,12.0,0.6,0.8,0.3,26.16,26.7,28.0,27.12,5.0,1.35,12.0,0.6,0.8,0.3,15.67,16.46,16.55,16.13,4.0,0.75,12.0,0.8,0.8,0.3,67.7,73.4,76.9,72.3,4.0,6.0,12.0,0.8,0.3,6.2,7.2,10.61,8.36,5.0,2.84,12.0,0.6,0.8,0.3,-7.49,-5.52,-3.3,-5.47,5.0,2.7,12.0,0.6,0.8,0.3,-7.78,-4.75,-2.94,-5.28,5.0,3.99,12.0,0.6,0.8,0.3,1011.13,1013.2,1014.76,1013.1,5.0,2.34,12.0,0.6,0.8,0.3,5.6,6.0,7.4,6.4,5.0,1.1,12.0,0.6,0.8,0.3,-84.4,-39.7,-20.5,-49.5,5.0,33.7,12.0,0.6,0.8,0.3,-75.6,-33.3,-18.7,-48.6,5.0,55.3,12.0,0.6,0.8,0.3,-1.71,0.0,1.54,-0.18,5.0,2.29,12.0,0.6,0.8,0.3,-10.6,0.0,12.5,0.0,5.0,15.4,12.0,0.6,0.8,0.3,4.36,5.1,6.23,5.28,4.0,1.23,12.0,0.8,0.8,0.3,29.4,47.3,62.4,46.0,4.0,19.3,12.0,0.8,0.8,0.3,-198.0,-150.0,-88.8,-146.7,5.0,70.3,12.0,0.6,0.8,0.3,-215.6,-125.9,-78.7,-142.8,5.0,105.3,12.0,0.6,0.8,0.3,-130.9,-83.4,-46.8,-88.6,4.0,52.1,12.0,0.8,0.8,0.3,-142.9,-83.7,-33.9,-88.2,4.0,76.5,12.0,0.8,0.8,0.3,-48.0,-26.1,-14.9,-31.2,4.0,23.7,12.0,0.8,0.8,0.3,-39.9,-24.8,-11.2,-25.5,4.0,21.5,12.0,0.8,0.8,0.3,238.5,373.0,1294.5,760.0,5.0,809.0,12.0,0.6,0.8,0.3,240.0,375.0,1295.0,760.0,5.0,810.0,12.0,0.6,0.8,0.3
1974,2,117.0,15.0,25.0,26.0,27.04,26.12,19.0,1.32,18.0,0.6,0.2,0.7,24.0,25.65,28.49,26.17,20.0,2.23,18.0,0.6,0.1,0.7,14.5,16.39,18.05,16.46,17.0,1.76,18.0,0.6,0.2,0.7,71.7,78.4,85.0,78.9,17.0,7.4,18.0,0.6,0.7,1.28,5.1,11.13,6.01,21.0,4.39,16.0,0.6,0.2,0.7,-4.85,-1.79,-0.6,-2.52,21.0,1.99,16.0,0.6,0.2,0.7,-10.92,-4.79,0.0,-4.92,21.0,4.61,16.0,0.6,0.2,0.7,1010.16,1011.9,1015.76,1012.41,21.0,2.77,16.0,0.6,0.2,0.7,1.2,5.0,7.0,4.2,21.0,2.7,16.0,0.6,0.2,0.7,-42.3,-10.8,-1.0,-21.2,21.0,25.0,16.0,0.6,0.2,0.7,-122.0,-24.4,0.0,-47.3,21.0,62.6,16.0,0.6,0.2,0.7,-3.5,0.45,2.36,-0.17,18.0,2.96,18.0,0.7,0.1,0.7,-9.3,0.5,21.1,4.4,18.0,19.3,18.0,0.7,0.1,0.7,1.09,5.33,6.72,4.46,16.0,2.64,18.0,0.6,0.2,0.7,1.7,20.5,77.0,34.1,16.0,37.3,18.0,0.6,0.2,0.7,-113.8,-45.4,-15.5,-62.0,20.0,50.3,18.0,0.6,0.1,0.7,-260.4,-101.0,0.0,-121.5,20.0,116.3,18.0,0.6,0.1,0.7,-75.3,-28.4,-13.8,-39.0,17.0,30.5,18.0,0.6,0.2,0.7,-164.5,-60.5,0.0,-76.0,17.0,77.7,18.0,0.6,0.2,0.7,-28.4,-8.4,-0.5,-13.7,16.0,14.2,18.0,0.6,0.2,0.7,-70.6,-13.5,0.0,-29.7,16.0,35.8,18.0,0.6,0.2,0.7,4.0,132.5,1382.0,588.0,21.0,938.0,16.0,0.6,0.2,0.7,5.0,135.0,1380.0,590.0,21.0,940.0,16.0,0.6,0.2,0.7
1974,2,117.0,16.0,23.03,25.0,26.43,25.03,46.0,1.44,14.0,0.6,0.6,0.4,23.0,25.0,26.01,24.78,51.0,1.87,14.0,0.6,0.6,0.4,13.55,16.57,17.92,16.04,45.0,2.05,14.0,0.6,0.6,0.4,74.4,83.9,90.8,82.9,45.0,8.2,14.0,0.6,0.4,2.85,7.7,13.59,8.02,49.0,4.9,14.0,0.6,0.6,0.4,-6.64,-2.8,0.0,-3.11,49.0,3.11,14.0,0.6,0.6,0.4,-12.71,-6.77,-2.28,-6.94,49.0,4.6,14.0,0.6,0.6,0.4,1010.6,1013.15,1015.0,1013.09,50.0,2.2,14.0,0.6,0.6,0.4,1.0,4.0,7.0,3.9,50.0,2.6,14.0,0.6,0.6,0.4,-84.3,-16.2,0.0,-35.5,49.0,43.5,14.0,0.6,0.6,0.4,-178.6,-48.7,-6.5,-77.1,49.0,77.3,14.0,0.6,0.6,0.4,-1.44,0.55,2.17,0.33,46.0,2.01,14.0,0.6,0.6,0.4,-5.2,5.2,16.3,7.4,44.0,16.2,14.0,0.6,0.6,0.4,1.02,3.89,6.16,3.78,42.0,2.41,14.0,0.6,0.6,0.4,2.7,32.3,71.9,38.5,42.0,36.3,14.0,0.6,0.6,0.4,-157.3,-71.7,0.0,-74.6,49.0,73.6,14.0,0.6,0.6,0.4,-287.7,-165.1,-58.3,-167.3,49.0,107.1,14.0,0.6,0.6,0.4,-102.0,-49.3,0.0,-47.8,45.0,45.0,14.0,0.6,0.6,0.4,-186.9,-105.9,-38.8,-106.2,45.0,64.9,14.0,0.6,0.6,0.4,-38.7,-11.5,0.0,-16.7,42.0,18.1,14.0,0.6,0.6,0.4,-62.4,-28.2,-1.4,-33.1,42.0,33.3,14.0,0.6,0.6,0.4,23.5,456.5,2513.0,1106.5,49.0,1353.0,14.0,0.6,0.6,0.4,25.0,455.0,2515.0,1105.0,49.0,1355.0,14.0,0.6,0.6,0.4
1974,2,117.0,17.0,23.0,24.4,25.8,24.37,35.0,1.2,16.0,0.5,0.5,0.6,22.5,24.0,26.0,24.27,36.0,1.6,16.0,0.5,0.5,0.6,13.42,15.52,17.32,15.55,31.0,1.84,16.0,0.6,0.5,0.6,77.1,83.7,89.8,83.1,31.0,6.1,16.0,0.6,0.6,3.5,10.3,14.2,9.1,35.0,4.92,14.0,0.5,0.5,0.6,-9.52,-5.27,-1.43,-5.46,35.0,3.67,14.0,0.5,0.5,0.6,-11.35,-6.62,-2.5,-6.85,35.0,4.13,14.0,0.5,0.5,0.6,1009.0,1012.0,1016.37,1012.42,37.0,3.2,14.0,0.5,0.5,0.6,1.0,3.5,7.0,4.0,36.0,2.7,14.0,0.6,0.5,0.6,-126.4,-58.0,-4.1,-64.6,35.0,56.0,14.0,0.5,0.5,0.6,-154.6,-72.0,-7.7,-80.6,35.0,64.4,14.0,0.5,0.5,0.6,-1.38,0.4,1.73,0.24,34.0,1.56,16.0,0.5,0.5,0.6,-6.5,4.0,21.7,5.6,32.0,14.5,14.0,0.5,0.5,0.6,1.42,3.62,5.13,3.34,29.0,1.67,16.0,0.6,0.5,0.6,3.3,24.3,68.8,33.8,28.0,28.0,16.0,0.5,0.4,0.6,-222.7,-137.1,-38.5,-133.3,34.0,88.3,14.0,0.5,0.5,0.6,-263.5,-174.0,-71.2,-167.8,34.0,88.8,14.0,0.5,0.5,0.6,-137.1,-84.7,-21.3,-80.8,30.0,55.5,16.0,0.6,0.5,0.6,-158.8,-105.0,-46.1,-102.7,30.0,54.3,16.0,0.6,0.5,0.6,-33.7,-15.2,-2.0,-18.6,28.0,16.1,16.0,0.5,0.4,0.6,-58.8,-17.7,-2.3,-27.2,28.0,24.2,16.0,0.5,0.4,0.6,45.5,1092.5,2867.0,1345.5,35.0,1242.0,14.0,0.5,0.5,0.6,45.0,1095.0,2865.0,1345.0,35.0,1240.0,14.0,0.5,0.5,0.6
1974,2,117.0,18.0,23.0,24.0,26.3,24.34,22.0,1.48,14.0,0.6,0.5,0.3,21.7,23.5,25.0,23.61,22.0,2.02,14.0,0.6,0.5,0.3,13.67,15.88,17.64,15.69,20.0,2.07,14.0,0.6,0.5,0.3,76.2,86.4,91.9,85.1,20.0,7.2,14.0,0.6,0.3,3.1,8.2,15.23,8.46,22.0,5.3,14.0,0.6,0.5,0.3,-8.59,-4.53,-1.86,-5.14,22.0,3.45,14.0,0.6,0.5,0.3,-11.72,-6.11,-0.87,-5.89,22.0,5.22,14.0,0.6,0.5,0.3,1011.37,1013.0,1015.0,1013.13,22.0,2.12,14.0,0.6,0.5,0.3,1.0,4.0,6.0,3.5,22.0,2.5,14.0,0.6,0.5,0.3,-124.5,-40.6,-6.2,-59.0,22.0,59.4,14.0,0.6,0.5,0.3,-176.0,-53.2,-2.0,-74.6,22.0,82.7,14.0,0.6,0.5,0.3,-1.0,0.5,3.37,0.72,22.0,2.43,14.0,0.6,0.5,0.3,-5.8,2.7,29.3,9.8,22.0,24.2,14.0,0.6,0.5,0.3,1.16,3.18,5.13,3.14,20.0,2.03,14.0,0.6,0.5,0.3,5.2,12.9,64.7,28.9,20.0,30.0,14.0,0.6,0.5,0.3,-192.3,-108.7,-47.6,-117.9,22.0,73.5,14.0,0.6,0.5,0.3,-258.3,-146.1,-20.1,-132.2,22.0,115.1,14.0,0.6,0.5,0.3,-108.5,-68.8,-31.8,-68.5,20.0,41.7,14.0,0.6,0.5,0.3,-159.8,-78.6,-12.1,-79.2,20.0,72.4,14.0,0.6,0.5,0.3,-33.9,-8.8,-2.3,-15.0,20.0,15.6,14.0,0.6,0.5,0.3,-49.7,-5.2,-1.7,-21.9,20.0,28.2,14.0,0.6,0.5,0.3,30.0,551.5,3537.5,1318.5,22.0,1648.5,14.0,0.6,0.5,0.3,30.0,550.0,3540.0,1320.0,22.0,1650.0,14.0,0.6,0.5,0.3
1974,2,117.0,20.0,22.89,24.0,24.87,23.88,5.0,1.3,18.0,0.6,0.5,0.5,16.76,20.0,23.63,20.14,5.0,3.61,18.0,0.6,0.5,0.5,8.24,11.75,16.7,12.3,5.0,4.32,18.0,0.6,0.5,0.5,71.8,81.3,90.5,80.8,5.0,11.3,18.0,0.6,0.5,3.24,9.3,16.03,9.68,5.0,7.87,18.0,0.6,0.5,0.5,-8.71,-5.98,-3.19,-5.93,5.0,4.17,18.0,0.6,0.5,0.5,-11.59,-6.7,-0.56,-6.81,5.0,7.73,18.0,0.6,0.5,0.5,1009.83,1017.2,1019.8,1015.38,5.0,5.5,18.0,0.6,0.5,0.5,6.2,8.0,8.0,7.0,5.0,2.2,18.0,0.6,0.5,0.5,-148.9,-55.6,-16.3,-76.4,5.0,70.4,18.0,0.6,0.5,0.5,-202.6,-66.3,-2.9,-111.9,5.0,165.0,18.0,0.6,0.5,0.5,1.51,3.4,6.29,3.74,5.0,2.68,18.0,0.6,0.5,0.5,1.0,55.8,77.7,43.7,5.0,41.2,18.0,0.6,0.5,0.5,3.31,6.12,8.89,6.18,5.0,3.28,18.0,0.6,0.5,0.5,7.8,73.0,132.4,71.0,5.0,64.7,18.0,0.6,0.5,0.5,-162.3,-121.5,-60.7,-111.5,5.0,73.2,18.0,0.6,0.5,0.5,-214.5,-114.0,-13.6,-127.6,5.0,154.3,18.0,0.6,0.5,0.5,-86.4,-82.8,-32.4,-61.6,5.0,37.7,18.0,0.6,0.5,0.5,-121.7,-51.9,-9.5,-71.0,5.0,91.1,18.0,0.6,0.5,0.5,-75.2,-43.1,-7.7,-45.3,5.0,48.5,18.0,0.6,0.5,0.5,-88.8,-55.9,-1.4,-49.6,5.0,49.9,18.0,0.6,0.5,0.5,84.0,804.5,4720.0,2417.0,5.0,3663.0,18.0,0.6,0.5,0.5,85.0,805.0,4720.0,2415.0,5.0,3665.0,18.0,0.6,0.5,0.5
1974,2,117.0,21.0,23.05,23.6,24.15,23.6,2.0,1.13,14.0,0.5,0.8,0.6,14.69,16.4,18.11,16.4,2.0,3.54,14.0,0.5,0.8,0.6,9.15,10.35,11.55,10.35,2.0,2.48,14.0,0.5,0.8,0.6,88.1,88.8,89.5,88.8,2.0,1.5,14.0,0.5,0.6,9.26,12.6,15.94,12.6,2.0,6.93,14.0,0.5,0.8,0.6,-6.56,-6.33,-6.09,-6.33,2.0,0.48,14.0,0.5,0.8,0.6,-14.45,-10.15,-5.85,-10.15,2.0,8.91,14.0,0.5,0.8,0.6,1017.83,1018.55,1019.27,1018.55,2.0,1.48,14.0,0.5,0.8,0.6,3.0,5.0,7.0,5.0,2.0,4.2,14.0,0.5,0.8,0.6,-96.3,-78.0,-59.8,-78.0,2.0,37.8,14.0,0.5,0.8,0.6,-246.8,-158.7,-70.6,-158.7,2.0,182.5,14.0,0.5,0.8,0.6,4.95,7.2,9.45,7.2,2.0,4.67,14.0,0.5,0.8,0.6,54.4,106.9,159.4,106.9,2.0,108.7,14.0,0.5,0.8,0.6,5.92,7.73,9.55,7.73,2.0,3.76,14.0,0.5,0.8,0.6,61.7,110.5,159.2,110.5,2.0,100.9,14.0,0.5,0.8,0.6,-119.2,-104.6,-90.0,-104.6,2.0,30.3,14.0,0.5,0.8,0.6,-203.9,-150.7,-97.5,-150.7,2.0,110.2,14.0,0.5,0.8,0.6,-76.1,-66.1,-56.1,-66.1,2.0,20.7,14.0,0.5,0.8,0.6,-126.3,-94.0,-61.6,-94.0,2.0,67.0,14.0,0.5,0.8,0.6,-57.7,-48.0,-38.4,-48.0,2.0,20.0,14.0,0.5,0.8,0.6,-146.9,-95.2,-43.6,-95.2,2.0,107.0,14.0,0.5,0.8,0.6,1234.5,2908.0,4581.5,2908.0,2.0,3467.0,14.0,0.5,0.8,0.6,1235.0,2910.0,4580.0,2910.0,2.0,3465.0,14.0,0.5,0.8,0.6
1974,2,117.0,22.0,17.44,20.5,22.64,20.14,13.0,2.79,18.0,0.8,0.3,0.4,11.16,14.1,15.5,13.66,13.0,1.97,18.0,0.8,0.3,0.4,5.97,7.93,8.48,7.48,9.0,1.55,18.0,0.8,0.4,0.4,68.3,79.6,88.4,78.0,9.0,10.8,18.0,0.8,0.4,8.63,11.0,14.95,11.18,13.0,3.5,18.0,0.8,0.3,0.4,-10.72,-6.15,-4.31,-7.14,13.0,3.16,18.0,0.8,0.3,0.4,-10.26,-8.93,-5.4,-8.35,13.0,2.63,18.0,0.8,0.3,0.4,1015.79,1021.2,1024.3,1019.58,13.0,4.52,18.0,0.8,0.3,0.4,7.6,8.0,8.0,7.7,11.0,0.6,16.0,0.8,0.3,0.4,-150.1,-75.6,-37.9,-88.7,13.0,56.8,18.0,0.8,0.3,0.4,-144.6,-101.0,-56.9,-100.5,13.0,54.0,18.0,0.8,0.3,0.4,4.87,6.7,8.59,6.48,13.0,2.44,18.0,0.8,0.3,0.4,25.5,79.1,113.5,76.1,13.0,43.2,18.0,0.8,0.3,0.4,6.25,8.5,9.35,7.55,9.0,2.3,18.0,0.8,0.4,0.4,44.0,102.2,136.3,95.9,9.0,42.9,18.0,0.8,0.4,0.4,-151.5,-86.2,-56.5,-96.9,13.0,47.2,18.0,0.8,0.3,0.4,-142.7,-118.5,-73.0,-111.7,13.0,31.7,18.0,0.8,0.3,0.4,-86.3,-48.7,-32.8,-60.9,9.0,33.1,18.0,0.8,0.4,0.4,-81.3,-66.5,-47.3,-66.4,9.0,19.5,18.0,0.8,0.4,0.4,-104.4,-51.1,-27.0,-61.1,9.0,35.1,18.0,0.8,0.4,0.4,-89.4,-86.8,-38.1,-71.9,9.0,30.8,18.0,0.8,0.4,0.4,672.0,1331.0,3341.0,1760.0,13.0,1287.0,18.0,0.8,0.3,0.4,670.0,1330.0,3340.0,1760.0,13.0,1285.0,18.0,0.8,0.3,0.4
1974,2,117.0,23.0,13.0,14.6,17.0,15.0,48.0,2.15,12.0,0.6,0.6,0.3,10.0,11.3,14.36,11.93,48.0,2.61,12.0,0.6,0.7,0.4,4.04,5.8,8.07,6.1,23.0,1.81,10.0,0.6,0.7,0.4,59.9,71.1,84.0,71.8,23.0,12.5,10.0,0.6,0.4,6.75,10.4,12.99,10.35,52.0,3.3,12.0,0.6,0.6,0.3,-9.25,-5.9,-4.11,-6.28,52.0,3.08,12.0,0.6,0.6,0.3,-10.26,-7.98,-4.31,-7.82,52.0,2.82,12.0,0.6,0.6,0.3,1015.88,1022.5,1026.0,1021.34,51.0,4.47,12.0,0.6,0.6,0.3,3.5,8.0,8.0,6.4,48.0,2.6,12.0,0.6,0.6,0.3,-115.9,-58.3,-29.7,-72.9,52.0,54.3,12.0,0.6,0.6,0.3,-130.9,-94.0,-26.0,-88.8,52.0,53.7,12.0,0.6,0.6,0.3,0.56,2.7,5.93,3.07,46.0,2.69,12.0,0.6,0.6,0.4,5.0,28.4,71.0,34.9,46.0,30.1,12.0,0.6,0.6,0.4,1.95,3.9,6.29,4.25,23.0,2.43,10.0,0.6,0.7,0.4,17.6,40.0,77.0,46.3,23.0,30.6,10.0,0.6,0.7,0.4,-113.2,-65.3,-47.0,-73.8,48.0,35.3,12.0,0.6,0.7,0.4,-124.9,-88.6,-57.9,-92.0,48.0,30.6,12.0,0.6,0.7,0.4,-57.6,-31.1,-21.3,-38.5,23.0,18.5,10.0,0.6,0.7,0.4,-59.1,-44.9,-28.8,-46.3,23.0,18.4,10.0,0.6,0.7,0.4,-46.3,-28.0,-9.4,-28.9,23.0,22.7,10.0,0.6,0.7,0.4,-54.5,-36.5,-8.8,-35.1,23.0,22.4,10.0,0.6,0.7,0.4,307.5,1125.0,2192.5,1445.5,52.0,1326.0,12.0,0.6,0.6,0.3,310.0,1125.0,2190.0,1445.0,52.0,1325.0,12.0,0.6,0.6,0.3
1974,2,118.0,-56.0,,,,,,,,,,,,,,,,,,,,,,,,,,,,,,,,,,,,,,,,8.2,8.2,8.2,8.2,1.0,0.0,8.0,1.0,0.5,0.5,8.2,8.2,8.2,8.2,1.0,0.0,8.0,1.0,0.5,0.5,0.0,0.0,0.0,0.0,1.0,0.0,8.0,1.0,0.5,0.5,988.7,988.7,988.7,988.7,1.0,0.0,8.0,1.0,0.5,0.5,,,,,,,,,,,,,,,,,,,,,,,,,,,,,,,,,,,,,,,,,,,,,,,,,,,,,,,,,,,,,,,,,,,,,,,,,,,,,,,,,,,,,,,,,,,,,,,,,,,,,,,,,,,,,,,,,,,,,,,,,,,,,,,,,,,,,,,,,,,,,,,,,,,,,,
1974,2,118.0,-42.0,13.0,13.0,13.0,13.0,1.0,0.0,12.0,1.0,0.2,1.0,12.0,12.0,12.0,12.0,1.0,0.0,12.0,1.0,0.2,1.0,6.62,6.62,6.62,6.62,1.0,0.0,12.0,1.0,0.2,1.0,76.5,76.5,76.5,76.5,1.0,0.0,12.0,1.0,1.0,8.7,8.7,8.7,8.7,1.0,0.0,12.0,1.0,0.2,1.0,5.59,5.59,5.59,5.59,1.0,0.0,12.0,1.0,0.2,1.0,6.66,6.66,6.66,6.66,1.0,0.0,12.0,1.0,0.2,1.0,1015.6,1015.6,1015.6,1015.6,1.0,0.0,12.0,1.0,0.2,1.0,8.0,8.0,8.0,8.0,1.0,0.0,12.0,1.0,0.2,1.0,48.7,48.7,48.7,48.7,1.0,0.0,12.0,1.0,0.2,1.0,58.0,58.0,58.0,58.0,1.0,0.0,12.0,1.0,0.2,1.0,1.0,1.0,1.0,1.0,1.0,0.0,12.0,1.0,0.2,1.0,8.7,8.7,8.7,8.7,1.0,0.0,12.0,1.0,0.2,1.0,2.64,2.64,2.64,2.64,1.0,0.0,12.0,1.0,0.2,1.0,22.9,22.9,22.9,22.9,1.0,0.0,12.0,1.0,0.2,1.0,67.1,67.1,67.1,67.1,1.0,0.0,12.0,1.0,0.2,1.0,80.0,80.0,80.0,80.0,1.0,0.0,12.0,1.0,0.2,1.0,37.0,37.0,37.0,37.0,1.0,0.0,12.0,1.0,0.2,1.0,44.1,44.1,44.1,44.1,1.0,0.0,12.0,1.0,0.2,1.0,14.7,14.7,14.7,14.7,1.0,0.0,12.0,1.0,0.2,1.0,17.6,17.6,17.6,17.6,1.0,0.0,12.0,1.0,0.2,1.0,658.5,658.5,658.5,658.5,1.0,0.0,12.0,1.0,0.2,1.0,660.0,660.0,660.0,660.0,1.0,0.0,12.0,1.0,0.2,1.0
1974,2,118.0,-40.0,14.5,14.5,14.5,14.5,1.0,0.0,22.0,0.0,0.4,0.4,14.4,14.4,14.4,14.4,1.0,0.0,22.0,0.0,0.4,0.4,8.06,8.06,8.06,8.06,1.0,0.0,22.0,0.0,0.4,0.4,79.0,79.0,79.0,79.0,1.0,0.0,22.0,0.0,0.4,12.3,12.3,12.3,12.3,1.0,0.0,22.0,0.0,0.4,0.4,9.42,9.42,9.42,9.42,1.0,0.0,22.0,0.0,0.4,0.4,7.91,7.91,7.91,7.91,1.0,0.0,22.0,0.0,0.4,0.4,1008.5,1008.5,1008.5,1008.5,1.0,0.0,22.0,0.0,0.4,0.4,4.0,4.0,4.0,4.0,1.0,0.0,22.0,0.0,0.4,0.4,115.9,115.9,115.9,115.9,1.0,0.0,22.0,0.0,0.4,0.4,97.2,97.2,97.2,97.2,1.0,0.0,22.0,0.0,0.4,0.4,0.1,0.1,0.1,0.1,1.0,0.0,22.0,0.0,0.4,0.4,1.2,1.2,1.2,1.2,1.0,0.0,22.0,0.0,0.4,0.4,2.23,2.23,2.23,2.23,1.0,0.0,22.0,0.0,0.4,0.4,27.4,27.4,27.4,27.4,1.0,0.0,22.0,0.0,0.4,0.4,135.7,135.7,135.7,135.7,1.0,0.0,22.0,0.0,0.4,0.4,113.9,113.9,113.9,113.9,1.0,0.0,22.0,0.0,0.4,0.4,75.9,75.9,75.9,75.9,1.0,0.0,22.0,0.0,0.4,0.4,63.7,63.7,63.7,63.7,1.0,0.0,22.0,0.0,0.4,0.4,21.0,21.0,21.0,21.0,1.0,0.0,22.0,0.0,0.4,0.4,17.6,17.6,17.6,17.6,1.0,0.0,22.0,0.0,0.4,0.4,1861.0,1861.0,1861.0,1861.0,1.0,0.0,22.0,0.0,0.4,0.4,1860.0,1860.0,1860.0,1860.0,1.0,0.0,22.0,0.0,0.4,0.4
1974,2,118.0,-37.0,19.0,19.0,19.0,19.0,1.0,0.0,16.0,0.0,0.6,0.4,14.79,16.5,18.21,16.5,2.0,3.54,18.0,0.0,0.7,0.7,6.92,8.09,9.25,8.09,2.0,2.41,18.0,0.0,0.7,0.7,65.6,68.1,70.6,68.1,2.0,5.2,18.0,0.0,0.7,11.11,12.85,14.59,12.85,2.0,3.61,18.0,0.0,0.7,0.7,3.8,4.39,4.99,4.39,2.0,1.23,18.0,0.0,0.7,0.7,-5.85,2.4,10.64,2.4,2.0,17.08,18.0,0.0,0.7,0.7,1012.02,1012.05,1012.08,1012.05,2.0,0.07,18.0,0.0,0.7,0.7,5.5,6.5,7.5,6.5,2.0,2.1,18.0,0.0,0.7,0.7,43.4,58.7,74.0,58.7,2.0,31.7,18.0,0.0,0.7,0.7,-48.5,61.6,171.7,61.6,2.0,228.1,18.0,0.0,0.7,0.7,5.0,5.0,5.0,5.0,1.0,0.0,16.0,0.0,0.6,0.4,77.0,77.0,77.0,77.0,1.0,0.0,16.0,0.0,0.6,0.4,7.29,7.29,7.29,7.29,1.0,0.0,16.0,0.0,0.6,0.4,112.3,112.3,112.3,112.3,1.0,0.0,16.0,0.0,0.6,0.4,68.0,70.3,72.7,70.3,2.0,4.8,18.0,0.0,0.7,0.7,-122.6,9.4,141.3,9.4,2.0,273.3,18.0,0.0,0.7,0.7,33.7,34.0,34.4,34.0,2.0,0.6,18.0,0.0,0.7,0.7,-65.1,-1.2,62.6,-1.2,2.0,132.3,18.0,0.0,0.7,0.7,38.4,38.4,38.4,38.4,1.0,0.0,16.0,0.0,0.6,0.4,105.5,105.5,105.5,105.5,1.0,0.0,16.0,0.0,0.6,0.4,1499.0,2372.5,3246.0,2372.5,2.0,1810.0,18.0,0.0,0.7,0.7,1500.0,2370.0,3245.0,2370.0,2.0,1810.0,18.0,0.0,0.7,0.7
1974,2,118.0,-36.0,18.31,19.0,20.28,19.08,14.0,1.08,16.0,0.6,0.4,0.5,17.11,18.5,20.2,18.79,15.0,1.74,16.0,0.6,0.4,0.5,9.29,10.85,12.03,10.59,14.0,1.88,16.0,0.6,0.4,0.5,69.1,82.2,90.7,79.2,14.0,13.1,16.0,0.6,0.5,2.6,6.7,9.3,6.79,15.0,3.86,16.0,0.6,0.4,0.5,-7.95,-1.15,2.89,-2.27,15.0,5.89,16.0,0.6,0.4,0.5,-1.28,0.96,7.11,2.19,15.0,4.36,16.0,0.6,0.4,0.5,1009.8,1018.0,1020.73,1016.35,15.0,6.23,16.0,0.6,0.4,0.5,2.0,6.0,8.0,5.6,15.0,2.7,16.0,0.6,0.4,0.5,-64.5,-1.7,25.1,-25.2,15.0,67.6,16.0,0.6,0.4,0.5,-9.5,1.4,64.5,20.0,15.0,43.9,16.0,0.6,0.4,0.5,-0.97,0.55,1.97,0.31,14.0,1.69,16.0,0.6,0.4,0.5,-8.9,1.1,21.8,4.7,14.0,13.0,16.0,0.6,0.4,0.5,1.81,2.92,4.62,3.12,14.0,1.49,16.0,0.6,0.4,0.5,7.8,15.2,31.8,21.8,14.0,18.6,16.0,0.6,0.4,0.5,-153.5,-21.8,46.6,-43.5,15.0,111.1,16.0,0.6,0.4,0.5,-23.5,18.3,116.3,38.3,15.0,78.1,16.0,0.6,0.4,0.5,-90.3,-7.0,26.4,-27.2,14.0,66.6,16.0,0.6,0.4,0.5,-14.5,10.9,58.6,21.8,14.0,50.8,16.0,0.6,0.4,0.5,-12.8,-1.8,12.4,-5.6,14.0,23.0,16.0,0.6,0.4,0.5,-2.1,4.2,25.4,9.7,14.0,13.8,16.0,0.6,0.4,0.5,17.5,301.0,804.5,618.0,15.0,931.0,16.0,0.6,0.4,0.5,20.0,300.0,805.0,620.0,15.0,930.0,16.0,0.6,0.4,0.5
1974,2,118.0,-20.0,27.8,27.8,27.8,27.8,1.0,0.0,6.0,1.0,0.7,0.6,27.0,27.0,27.0,27.0,1.0,0.0,6.0,1.0,0.7,0.6,15.31,15.31,15.31,15.31,1.0,0.0,6.0,1.0,0.7,0.6,68.4,68.4,68.4,68.4,1.0,0.0,6.0,1.0,0.6,5.1,5.1,5.1,5.1,1.0,0.0,6.0,1.0,0.7,0.6,4.42,4.42,4.42,4.42,1.0,0.0,6.0,1.0,0.7,0.6,2.55,2.55,2.55,2.55,1.0,0.0,6.0,1.0,0.7,0.6,1005.2,1005.2,1005.2,1005.2,1.0,0.0,6.0,1.0,0.7,0.6,2.0,2.0,2.0,2.0,1.0,0.0,6.0,1.0,0.7,0.6,22.5,22.5,22.5,22.5,1.0,0.0,6.0,1.0,0.7,0.6,13.0,13.0,13.0,13.0,1.0,0.0,6.0,1.0,0.7,0.6,0.8,0.8,0.8,0.8,1.0,0.0,6.0,1.0,0.7,0.6,4.1,4.1,4.1,4.1,1.0,0.0,6.0,1.0,0.7,0.6,8.26,8.26,8.26,8.26,1.0,0.0,6.0,1.0,0.7,0.6,42.1,42.1,42.1,42.1,1.0,0.0,6.0,1.0,0.7,0.6,119.3,119.3,119.3,119.3,1.0,0.0,6.0,1.0,0.7,0.6,68.9,68.9,68.9,68.9,1.0,0.0,6.0,1.0,0.7,0.6,67.6,67.6,67.6,67.6,1.0,0.0,6.0,1.0,0.7,0.6,39.0,39.0,39.0,39.0,1.0,0.0,6.0,1.0,0.7,0.6,36.5,36.5,36.5,36.5,1.0,0.0,6.0,1.0,0.7,0.6,21.1,21.1,21.1,21.1,1.0,0.0,6.0,1.0,0.7,0.6,132.5,132.5,132.5,132.5,1.0,0.0,6.0,1.0,0.7,0.6,135.0,135.0,135.0,135.0,1.0,0.0,6.0,1.0,0.7,0.6
1974,2,118.0,-19.0,28.14,29.4,29.71,28.95,4.0,1.33,10.0,0.3,0.2,0.4,27.08,28.5,29.21,28.35,6.0,1.19,12.0,0.3,0.3,0.3,18.93,21.04,23.07,21.0,4.0,3.09,10.0,0.3,0.2,0.4,77.7,85.9,95.3,86.5,4.0,10.3,10.0,0.3,0.4,2.06,6.95,9.51,6.02,6.0,4.24,12.0,0.3,0.3,0.3,2.06,4.49,5.75,4.13,6.0,2.69,12.0,0.3,0.3,0.3,0.0,3.11,8.23,3.87,6.0,3.97,12.0,0.3,0.3,0.3,1002.55,1003.7,1005.62,1004.08,5.0,1.8,10.0,0.2,0.2,0.4,3.0,4.5,6.4,4.8,6.0,1.9,12.0,0.3,0.3,0.3,5.4,31.6,57.6,33.0,6.0,29.0,12.0,0.3,0.3,0.3,0.0,25.2,78.4,36.2,6.0,40.3,12.0,0.3,0.3,0.3,0.0,0.2,1.4,0.68,4.0,1.1,10.0,0.3,0.2,0.4,0.0,1.9,7.3,3.6,4.0,5.0,10.0,0.3,0.2,0.4,1.43,3.68,7.24,4.31,4.0,3.53,10.0,0.3,0.2,0.4,14.1,28.6,46.6,30.3,4.0,19.4,10.0,0.3,0.2,0.4,59.8,128.1,158.9,117.4,6.0,77.5,12.0,0.3,0.3,0.3,0.0,88.7,241.0,110.0,6.0,113.0,12.0,0.3,0.3,0.3,85.9,103.0,155.5,119.9,4.0,54.7,10.0,0.3,0.2,0.4,69.0,143.0,178.8,124.8,4.0,71.9,10.0,0.3,0.2,0.4,9.1,18.0,32.2,20.5,4.0,13.9,10.0,0.3,0.2,0.4,9.4,14.3,31.1,20.0,4.0,17.7,10.0,0.3,0.2,0.4,14.0,451.0,864.0,469.5,6.0,485.0,12.0,0.3,0.3,0.3,15.0,450.0,865.0,470.0,6.0,485.0,12.0,0.3,0.3,0.3
1974,2,118.0,-18.0,27.63,29.0,29.34,28.5,3.0,1.32,4.0,0.7,0.7,0.6,27.11,28.0,29.89,28.38,8.0,1.19,10.0,0.4,0.7,0.5,19.84,20.56,21.0,20.42,4.0,0.76,8.0,0.5,0.7,0.6,80.2,83.3,89.1,84.6,4.0,5.9,8.0,0.5,0.6,2.86,4.6,5.18,4.29,7.0,2.59,10.0,0.4,0.7,0.6,1.34,3.52,4.89,3.51,7.0,2.84,10.0,0.4,0.7,0.6,-3.0,0.0,1.74,-0.18,7.0,2.38,10.0,0.4,0.7,0.6,1003.08,1004.8,1005.62,1004.33,8.0,1.48,10.0,0.4,0.7,0.5,2.0,3.0,3.1,2.7,7.0,1.3,10.0,0.4,0.7,0.6,5.5,16.2,26.0,21.0,7.0,25.6,10.0,0.4,0.7,0.6,-13.7,0.0,7.3,-1.0,7.0,10.0,10.0,0.4,0.7,0.6,-0.68,0.0,1.02,0.17,3.0,1.26,4.0,0.7,0.7,0.6,-3.1,0.0,4.7,0.8,3.0,5.8,4.0,0.7,0.7,0.6,2.46,4.13,5.24,3.86,3.0,2.05,4.0,0.7,0.7,0.6,16.0,19.0,24.1,20.1,3.0,6.0,4.0,0.7,0.7,0.6,37.4,98.7,134.7,97.9,7.0,76.8,10.0,0.4,0.7,0.6,-84.0,0.0,48.1,-4.4,7.0,67.3,10.0,0.4,0.7,0.6,48.3,81.5,138.4,92.8,4.0,64.7,8.0,0.5,0.7,0.6,-67.8,-30.0,17.4,-25.4,4.0,50.7,8.0,0.5,0.7,0.6,15.7,17.9,19.5,17.6,3.0,2.8,4.0,0.7,0.7,0.6,-11.6,0.0,4.4,-3.5,3.0,12.2,4.0,0.7,0.7,0.6,25.5,97.5,150.5,153.5,7.0,227.0,10.0,0.4,0.7,0.6,25.0,95.0,150.0,155.0,7.0,225.0,10.0,0.4,0.7,0.6
1974,2,118.0,-17.0,29.0,29.0,29.0,29.0,2.0,0.0,16.0,1.0,0.1,0.9,27.65,28.2,28.75,28.2,2.0,1.13,16.0,1.0,0.1,0.9,18.45,19.76,21.07,19.76,2.0,2.71,16.0,1.0,0.1,0.9,79.1,81.9,84.6,81.9,2.0,5.7,16.0,1.0,0.9,1.22,3.85,6.48,3.85,2.0,5.44,16.0,1.0,0.1,0.9,0.94,2.95,4.96,2.95,2.0,4.17,16.0,1.0,0.1,0.9,0.79,2.47,4.16,2.47,2.0,3.5,16.0,1.0,0.1,0.9,1005.66,1006.0,1006.34,1006.0,2.0,0.71,16.0,1.0,0.1,0.9,3.5,4.5,5.5,4.5,2.0,2.1,16.0,1.0,0.1,0.9,7.2,22.7,38.2,22.7,2.0,32.1,16.0,1.0,0.1,0.9,6.0,19.1,32.1,19.1,2.0,26.9,16.0,1.0,0.1,0.9,0.25,0.8,1.35,0.8,2.0,1.13,16.0,1.0,0.1,0.9,0.0,0.0,0.0,0.0,2.0,0.0,16.0,1.0,0.1,0.9,4.22,5.52,6.82,5.52,2.0,2.69,16.0,1.0,0.1,0.9,4.4,13.9,23.4,13.9,2.0,19.7,16.0,1.0,0.1,0.9,27.1,85.5,143.9,85.5,2.0,121.0,16.0,1.0,0.1,0.9,22.8,71.8,120.8,71.8,2.0,101.5,16.0,1.0,0.1,0.9,20.3,63.9,107.6,63.9,2.0,90.4,16.0,1.0,0.1,0.9,17.0,53.6,90.3,53.6,2.0,75.9,16.0,1.0,0.1,0.9,3.4,10.7,18.0,10.7,2.0,15.1,16.0,1.0,0.1,0.9,2.8,9.0,15.1,9.0,2.0,12.7,16.0,1.0,0.1,0.9,72.5,228.5,384.0,228.5,2.0,323.0,16.0,1.0,0.1,0.9,70.0,230.0,385.0,230.0,2.0,325.0,16.0,1.0,0.1,0.9
1974,2,118.0,-16.0,28.0,28.0,28.0,28.0,1.0,0.0,20.0,0.0,0.9,0.9,27.5,27.5,27.5,27.5,1.0,0.0,20.0,0.0,0.9,0.9,18.11,18.11,18.11,18.11,1.0,0.0,20.0,0.0,0.9,0.9,78.4,78.4,78.4,78.4,1.0,0.0,20.0,0.0,0.9,6.7,6.7,6.7,6.7,1.0,0.0,20.0,0.0,0.9,0.9,5.8,5.8,5.8,5.8,1.0,0.0,20.0,0.0,0.9,0.9,3.35,3.35,3.35,3.35,1.0,0.0,20.0,0.0,0.9,0.9,1003.6,1003.6,1003.6,1003.6,1.0,0.0,20.0,0.0,0.9,0.9,0.0,0.0,0.0,0.0,1.0,0.0,20.0,0.0,0.9,0.9,38.9,38.9,38.9,38.9,1.0,0.0,20.0,0.0,0.9,0.9,22.4,22.4,22.4,22.4,1.0,0.0,20.0,0.0,0.9,0.9,0.5,0.5,0.5,0.5,1.0,0.0,20.0,0.0,0.9,0.9,3.4,3.4,3.4,3.4,1.0,0.0,20.0,0.0,0.9,0.9,5.77,5.77,5.77,5.77,1.0,0.0,20.0,0.0,0.9,0.9,38.7,38.7,38.7,38.7,1.0,0.0,20.0,0.0,0.9,0.9,159.6,159.6,159.6,159.6,1.0,0.0,20.0,0.0,0.9,0.9,92.1,92.1,92.1,92.1,1.0,0.0,20.0,0.0,0.9,0.9,105.1,105.1,105.1,105.1,1.0,0.0,20.0,0.0,0.9,0.9,60.7,60.7,60.7,60.7,1.0,0.0,20.0,0.0,0.9,0.9,33.5,33.5,33.5,33.5,1.0,0.0,20.0,0.0,0.9,0.9,19.3,19.3,19.3,19.3,1.0,0.0,20.0,0.0,0.9,0.9,301.0,301.0,301.0,301.0,1.0,0.0,20.0,0.0,0.9,0.9,300.0,300.0,300.0,300.0,1.0,0.0,20.0,0.0,0.9,0.9
1974,2,118.0,-10.0,,,,,,,,,,,,,,,,,,,,,,,,,,,,,,,,,,,,,,,,10.3,10.3,10.3,10.3,1.0,0.0,28.0,1.0,0.9,0.9,9.68,9.68,9.68,9.68,1.0,0.0,28.0,1.0,0.9,0.9,3.52,3.52,3.52,3.52,1.0,0.0,28.0,1.0,0.9,0.9,1007.0,1007.0,1007.0,1007.0,1.0,0.0,28.0,1.0,0.9,0.9,8.0,8.0,8.0,8.0,1.0,0.0,28.0,1.0,0.9,0.9,99.7,99.7,99.7,99.7,1.0,0.0,28.0,1.0,0.9,0.9,36.3,36.3,36.3,36.3,1.0,0.0,28.0,1.0,0.9,0.9,,,,,,,,,,,,,,,,,,,,,,,,,,,,,,,,,,,,,,,,,253.6,253.6,253.6,253.6,1.0,0.0,28.0,1.0,0.9,0.9,92.3,92.3,92.3,92.3,1.0,0.0,28.0,1.0,0.9,0.9,199.7,199.7,199.7,199.7,1.0,0.0,28.0,1.0,0.9,0.9,72.7,72.7,72.7,72.7,1.0,0.0,28.0,1.0,0.9,0.9,,,,,,,,,,,,,,,,,,,,,,,,,,,,,,,,,,,,,,,,
1974,2,118.0,-9.0,29.2,29.2,29.2,29.2,1.0,0.0,20.0,1.0,0.2,1.0,28.7,28.7,28.7,28.7,1.0,0.0,20.0,1.0,0.2,1.0,18.87,18.87,18.87,18.87,1.0,0.0,20.0,1.0,0.2,1.0,76.2,76.2,76.2,76.2,1.0,0.0,20.0,1.0,1.0,7.7,7.7,7.7,7.7,1.0,0.0,20.0,1.0,0.2,1.0,5.9,5.9,5.9,5.9,1.0,0.0,20.0,1.0,0.2,1.0,-4.95,-4.95,-4.95,-4.95,1.0,0.0,20.0,1.0,0.2,1.0,1005.2,1005.2,1005.2,1005.2,1.0,0.0,20.0,1.0,0.2,1.0,5.0,5.0,5.0,5.0,1.0,0.0,20.0,1.0,0.2,1.0,45.4,45.4,45.4,45.4,1.0,0.0,20.0,1.0,0.2,1.0,-38.1,-38.1,-38.1,-38.1,1.0,0.0,20.0,1.0,0.2,1.0,0.5,0.5,0.5,0.5,1.0,0.0,20.0,1.0,0.2,1.0,3.9,3.9,3.9,3.9,1.0,0.0,20.0,1.0,0.2,1.0,6.73,6.73,6.73,6.73,1.0,0.0,20.0,1.0,0.2,1.0,51.8,51.8,51.8,51.8,1.0,0.0,20.0,1.0,0.2,1.0,169.3,169.3,169.3,169.3,1.0,0.0,20.0,1.0,0.2,1.0,-142.0,-142.0,-142.0,-142.0,1.0,0.0,20.0,1.0,0.2,1.0,111.3,111.3,111.3,111.3,1.0,0.0,20.0,1.0,0.2,1.0,-93.4,-93.4,-93.4,-93.4,1.0,0.0,20.0,1.0,0.2,1.0,39.7,39.7,39.7,39.7,1.0,0.0,20.0,1.0,0.2,1.0,-33.3,-33.3,-33.3,-33.3,1.0,0.0,20.0,1.0,0.2,1.0,456.5,456.5,456.5,456.5,1.0,0.0,20.0,1.0,0.2,1.0,455.0,455.0,455.0,455.0,1.0,0.0,20.0,1.0,0.2,1.0
1974,2,118.0,-8.0,27.8,27.8,27.8,27.8,1.0,0.0,20.0,1.0,0.1,0.1,25.9,25.9,25.9,25.9,1.0,0.0,20.0,1.0,0.1,0.1,19.62,19.62,19.62,19.62,1.0,0.0,20.0,1.0,0.1,0.1,93.7,93.7,93.7,93.7,1.0,0.0,20.0,1.0,0.1,5.1,5.1,5.1,5.1,1.0,0.0,20.0,1.0,0.1,0.1,5.02,5.02,5.02,5.02,1.0,0.0,20.0,1.0,0.1,0.1,-0.89,-0.89,-0.89,-0.89,1.0,0.0,20.0,1.0,0.1,0.1,1008.7,1008.7,1008.7,1008.7,1.0,0.0,20.0,1.0,0.1,0.1,8.0,8.0,8.0,8.0,1.0,0.0,20.0,1.0,0.1,0.1,25.6,25.6,25.6,25.6,1.0,0.0,20.0,1.0,0.1,0.1,-4.5,-4.5,-4.5,-4.5,1.0,0.0,20.0,1.0,0.1,0.1,1.9,1.9,1.9,1.9,1.0,0.0,20.0,1.0,0.1,0.1,9.7,9.7,9.7,9.7,1.0,0.0,20.0,1.0,0.1,0.1,3.86,3.86,3.86,3.86,1.0,0.0,20.0,1.0,0.1,0.1,19.7,19.7,19.7,19.7,1.0,0.0,20.0,1.0,0.1,0.1,130.1,130.1,130.1,130.1,1.0,0.0,20.0,1.0,0.1,0.1,-22.9,-22.9,-22.9,-22.9,1.0,0.0,20.0,1.0,0.1,0.1,98.6,98.6,98.6,98.6,1.0,0.0,20.0,1.0,0.1,0.1,-17.4,-17.4,-17.4,-17.4,1.0,0.0,20.0,1.0,0.1,0.1,19.4,19.4,19.4,19.4,1.0,0.0,20.0,1.0,0.1,0.1,-3.4,-3.4,-3.4,-3.4,1.0,0.0,20.0,1.0,0.1,0.1,132.5,132.5,132.5,132.5,1.0,0.0,20.0,1.0,0.1,0.1,135.0,135.0,135.0,135.0,1.0,0.0,20.0,1.0,0.1,0.1
1974,2,118.0,-7.0,26.71,27.8,29.71,28.2,3.0,2.23,10.0,0.3,0.3,0.8,26.56,26.7,28.41,27.47,3.0,1.5,10.0,0.3,0.3,0.8,17.97,19.2,19.69,18.84,3.0,1.3,10.0,0.3,0.3,0.8,78.5,79.2,85.4,81.9,3.0,5.6,10.0,0.3,0.8,4.38,8.2,9.97,7.2,3.0,4.19,10.0,0.3,0.3,0.8,3.81,7.71,9.82,6.83,3.0,4.47,10.0,0.3,0.3,0.8,-2.44,-1.67,-0.53,-1.49,3.0,1.41,10.0,0.3,0.3,0.8,1005.79,1006.2,1007.09,1006.43,3.0,0.97,10.0,0.3,0.3,0.8,5.6,7.0,7.0,6.3,3.0,1.2,10.0,0.3,0.3,0.8,23.6,63.2,99.7,61.7,3.0,55.7,10.0,0.3,0.3,0.8,-17.1,-4.3,-1.4,-9.1,3.0,12.2,10.0,0.3,0.3,0.8,-1.11,-0.5,2.64,0.73,3.0,2.95,10.0,0.3,0.3,0.8,-9.6,-5.4,5.6,-2.1,3.0,11.4,10.0,0.3,0.3,0.8,3.75,3.98,7.1,5.39,3.0,2.75,10.0,0.3,0.3,0.8,24.6,29.8,38.8,31.7,3.0,10.5,10.0,0.3,0.3,0.8,107.4,225.0,268.2,188.7,3.0,121.9,10.0,0.3,0.3,0.8,-70.0,-44.3,-14.1,-42.1,3.0,41.0,10.0,0.3,0.3,0.8,74.8,153.5,176.9,126.5,3.0,78.4,10.0,0.3,0.3,0.8,-48.3,-32.1,-10.2,-29.3,3.0,28.0,10.0,0.3,0.3,0.8,20.5,28.0,38.2,29.4,3.0,13.0,10.0,0.3,0.3,0.8,-13.0,-10.2,-3.2,-8.2,3.0,7.4,10.0,0.3,0.3,0.8,187.0,551.5,1035.0,609.5,3.0,623.0,10.0,0.3,0.3,0.8,185.0,550.0,1035.0,610.0,3.0,625.0,10.0,0.3,0.3,0.8
1974,2,118.0,-5.0,27.4,27.6,29.65,28.5,3.0,1.82,8.0,0.3,0.4,0.7,25.84,27.0,27.48,26.67,3.0,1.23,8.0,0.3,0.4,0.7,17.83,18.35,18.92,18.37,3.0,0.8,8.0,0.3,0.4,0.7,82.2,82.2,85.6,83.8,3.0,2.8,8.0,0.3,0.7,6.78,6.95,7.12,6.95,2.0,0.35,12.0,0.5,0.5,0.8,3.96,5.28,6.59,5.28,2.0,2.72,12.0,0.5,0.5,0.8,-4.88,-2.9,-0.92,-2.9,2.0,4.1,12.0,0.5,0.5,0.8,1007.5,1008.8,1008.94,1008.23,3.0,1.16,8.0,0.3,0.4,0.7,6.6,8.0,8.0,7.3,3.0,1.2,8.0,0.3,0.4,0.7,27.1,37.1,47.2,37.1,2.0,20.8,12.0,0.5,0.5,0.8,-32.7,-19.4,-6.2,-19.4,2.0,27.5,12.0,0.5,0.5,0.8,1.04,2.0,2.61,1.83,3.0,1.16,8.0,0.3,0.4,0.7,6.7,11.9,17.0,11.9,2.0,10.7,12.0,0.5,0.5,0.8,4.97,5.21,7.49,6.21,3.0,2.04,8.0,0.3,0.4,0.7,38.5,46.1,53.7,46.1,2.0,15.8,12.0,0.5,0.5,0.8,108.9,143.6,178.3,143.6,2.0,71.8,12.0,0.5,0.5,0.8,-135.2,-80.4,-25.5,-80.4,2.0,113.7,12.0,0.5,0.5,0.8,75.0,98.2,121.3,98.2,2.0,48.0,12.0,0.5,0.5,0.8,-93.7,-55.7,-17.7,-55.7,2.0,78.7,12.0,0.5,0.5,0.8,29.6,31.8,33.9,31.8,2.0,4.5,12.0,0.5,0.5,0.8,-41.7,-24.8,-7.9,-24.8,2.0,35.1,12.0,0.5,0.5,0.8,312.5,337.0,361.5,337.0,2.0,51.5,12.0,0.5,0.5,0.8,310.0,335.0,360.0,335.0,2.0,50.0,12.0,0.5,0.5,0.8
1974,2,118.0,-4.0,28.05,28.15,28.25,28.15,2.0,0.21,12.0,0.5,0.5,0.4,26.58,26.75,26.92,26.75,2.0,0.35,12.0,0.5,0.5,0.4,17.95,18.68,19.41,18.68,2.0,1.51,12.0,0.5,0.5,0.4,80.7,84.8,89.0,84.8,2.0,8.6,12.0,0.5,0.4,7.7,7.7,7.7,7.7,1.0,0.0,10.0,1.0,0.7,0.3,2.63,2.63,2.63,2.63,1.0,0.0,10.0,1.0,0.7,0.3,-7.24,-7.24,-7.24,-7.24,1.0,0.0,10.0,1.0,0.7,0.3,1007.34,1007.85,1008.36,1007.85,2.0,1.06,12.0,0.5,0.5,0.4,7.2,7.5,7.8,7.5,2.0,0.7,12.0,0.5,0.5,0.4,20.3,20.3,20.3,20.3,1.0,0.0,10.0,1.0,0.7,0.3,-55.7,-55.7,-55.7,-55.7,1.0,0.0,10.0,1.0,0.7,0.3,1.13,1.4,1.67,1.4,2.0,0.57,12.0,0.5,0.5,0.4,7.7,7.7,7.7,7.7,1.0,0.0,10.0,1.0,0.7,0.3,4.73,5.32,5.91,5.32,2.0,1.23,12.0,0.5,0.5,0.4,47.7,47.7,47.7,47.7,1.0,0.0,10.0,1.0,0.7,0.3,71.1,71.1,71.1,71.1,1.0,0.0,10.0,1.0,0.7,0.3,-195.4,-195.4,-195.4,-195.4,1.0,0.0,10.0,1.0,0.7,0.3,46.4,46.4,46.4,46.4,1.0,0.0,10.0,1.0,0.7,0.3,-127.4,-127.4,-127.4,-127.4,1.0,0.0,10.0,1.0,0.7,0.3,16.3,16.3,16.3,16.3,1.0,0.0,10.0,1.0,0.7,0.3,-44.8,-44.8,-44.8,-44.8,1.0,0.0,10.0,1.0,0.7,0.3,456.5,456.5,456.5,456.5,1.0,0.0,10.0,1.0,0.7,0.3,455.0,455.0,455.0,455.0,1.0,0.0,10.0,1.0,0.7,0.3
1974,2,118.0,-3.0,27.38,28.3,29.85,28.6,4.0,1.64,10.0,0.5,0.7,0.4,26.1,26.9,27.81,26.95,4.0,1.0,10.0,0.5,0.7,0.4,17.64,18.37,19.46,18.54,4.0,1.13,10.0,0.5,0.7,0.4,75.4,82.2,91.9,83.6,4.0,9.8,10.0,0.5,0.4,4.6,4.6,6.37,5.47,3.0,1.5,12.0,0.7,0.7,0.4,-3.76,0.0,2.95,-0.4,3.0,4.93,12.0,0.7,0.7,0.4,-2.64,1.57,3.66,0.53,3.0,4.7,12.0,0.7,0.7,0.4,1007.64,1009.4,1010.0,1008.85,4.0,1.65,10.0,0.5,0.7,0.4,7.0,7.0,7.5,7.3,4.0,0.5,10.0,0.5,0.7,0.4,-27.1,0.0,13.6,-6.6,3.0,30.3,12.0,0.7,0.7,0.4,-12.1,7.2,25.0,6.5,3.0,27.2,12.0,0.7,0.7,0.4,0.99,1.5,2.32,1.65,4.0,0.87,10.0,0.5,0.7,0.4,8.4,8.6,11.5,9.9,3.0,2.6,12.0,0.7,0.7,0.4,3.49,5.47,8.9,6.16,4.0,3.29,10.0,0.5,0.7,0.4,25.9,47.1,51.4,38.9,3.0,20.0,12.0,0.7,0.7,0.4,-103.9,0.0,76.7,-13.3,3.0,132.8,12.0,0.7,0.7,0.4,-74.9,40.9,100.2,13.3,3.0,130.5,12.0,0.7,0.7,0.4,-65.7,0.0,58.9,-3.3,3.0,91.4,12.0,0.7,0.7,0.4,-46.0,31.4,65.1,10.0,3.0,83.5,12.0,0.7,0.7,0.4,-28.0,0.0,10.3,-8.6,3.0,29.0,12.0,0.7,0.7,0.4,-30.4,5.5,25.2,-2.4,3.0,41.3,12.0,0.7,0.7,0.4,97.5,97.5,285.5,189.5,3.0,159.5,12.0,0.7,0.7,0.4,95.0,95.0,285.0,190.0,3.0,160.0,12.0,0.7,0.7,0.4
1974,2,118.0,-2.0,29.1,29.1,29.1,29.1,1.0,0.0,16.0,1.0,0.9,0.1,30.3,30.3,30.3,30.3,1.0,0.0,16.0,1.0,0.9,0.1,20.76,20.76,20.76,20.76,1.0,0.0,16.0,1.0,0.9,0.1,76.5,76.5,76.5,76.5,1.0,0.0,16.0,1.0,0.1,3.1,3.1,3.1,3.1,1.0,0.0,16.0,1.0,0.9,0.1,3.05,3.05,3.05,3.05,1.0,0.0,16.0,1.0,0.9,0.1,0.54,0.54,0.54,0.54,1.0,0.0,16.0,1.0,0.9,0.1,1006.6,1006.6,1006.6,1006.6,1.0,0.0,16.0,1.0,0.9,0.1,7.0,7.0,7.0,7.0,1.0,0.0,16.0,1.0,0.9,0.1,9.5,9.5,9.5,9.5,1.0,0.0,16.0,1.0,0.9,0.1,1.7,1.7,1.7,1.7,1.0,0.0,16.0,1.0,0.9,0.1,-1.2,-1.2,-1.2,-1.2,1.0,0.0,16.0,1.0,0.9,0.1,-3.7,-3.7,-3.7,-3.7,1.0,0.0,16.0,1.0,0.9,0.1,4.65,4.65,4.65,4.65,1.0,0.0,16.0,1.0,0.9,0.1,14.4,14.4,14.4,14.4,1.0,0.0,16.0,1.0,0.9,0.1,92.5,92.5,92.5,92.5,1.0,0.0,16.0,1.0,0.9,0.1,16.3,16.3,16.3,16.3,1.0,0.0,16.0,1.0,0.9,0.1,63.4,63.4,63.4,63.4,1.0,0.0,16.0,1.0,0.9,0.1,11.2,11.2,11.2,11.2,1.0,0.0,16.0,1.0,0.9,0.1,14.2,14.2,14.2,14.2,1.0,0.0,16.0,1.0,0.9,0.1,2.5,2.5,2.5,2.5,1.0,0.0,16.0,1.0,0.9,0.1,30.0,30.0,30.0,30.0,1.0,0.0,16.0,1.0,0.9,0.1,30.0,30.0,30.0,30.0,1.0,0.0,16.0,1.0,0.9,0.1
1974,2,118.0,7.0,29.0,29.0,29.0,29.0,1.0,0.0,26.0,1.0,0.3,0.0,26.3,26.3,26.3,26.3,1.0,0.0,26.0,1.0,0.3,0.0,21.48,21.48,21.48,21.48,1.0,0.0,26.0,1.0,0.3,0.0,100.0,100.0,100.0,100.0,1.0,0.0,26.0,1.0,0.0,4.1,4.1,4.1,4.1,1.0,0.0,26.0,1.0,0.3,0.0,-2.05,-2.05,-2.05,-2.05,1.0,0.0,26.0,1.0,0.3,0.0,-3.55,-3.55,-3.55,-3.55,1.0,0.0,26.0,1.0,0.3,0.0,1008.4,1008.4,1008.4,1008.4,1.0,0.0,26.0,1.0,0.3,0.0,6.0,6.0,6.0,6.0,1.0,0.0,26.0,1.0,0.3,0.0,-8.4,-8.4,-8.4,-8.4,1.0,0.0,26.0,1.0,0.3,0.0,-14.6,-14.6,-14.6,-14.6,1.0,0.0,26.0,1.0,0.3,0.0,2.7,2.7,2.7,2.7,1.0,0.0,26.0,1.0,0.3,0.0,11.1,11.1,11.1,11.1,1.0,0.0,26.0,1.0,0.3,0.0,3.74,3.74,3.74,3.74,1.0,0.0,26.0,1.0,0.3,0.0,15.3,15.3,15.3,15.3,1.0,0.0,26.0,1.0,0.3,0.0,-53.9,-53.9,-53.9,-53.9,1.0,0.0,26.0,1.0,0.3,0.0,-93.4,-93.4,-93.4,-93.4,1.0,0.0,26.0,1.0,0.3,0.0,-44.0,-44.0,-44.0,-44.0,1.0,0.0,26.0,1.0,0.3,0.0,-76.3,-76.3,-76.3,-76.3,1.0,0.0,26.0,1.0,0.3,0.0,-7.7,-7.7,-7.7,-7.7,1.0,0.0,26.0,1.0,0.3,0.0,-13.3,-13.3,-13.3,-13.3,1.0,0.0,26.0,1.0,0.3,0.0,69.0,69.0,69.0,69.0,1.0,0.0,26.0,1.0,0.3,0.0,70.0,70.0,70.0,70.0,1.0,0.0,26.0,1.0,0.3,0.0
1974,2,118.0,8.0,26.94,27.4,28.44,27.63,6.0,0.9,14.0,0.5,0.5,0.3,25.4,26.3,26.62,26.07,6.0,0.7,14.0,0.5,0.3,0.3,16.23,16.5,18.76,17.39,5.0,1.6,12.0,0.4,0.4,0.3,75.1,77.2,88.2,81.5,5.0,9.3,12.0,0.4,0.3,3.05,4.1,6.82,4.93,7.0,2.42,16.0,0.6,0.4,0.3,-4.2,-3.18,-1.78,-3.2,7.0,1.77,16.0,0.6,0.4,0.3,-3.8,-2.91,-1.0,-3.12,7.0,2.78,16.0,0.6,0.4,0.3,1007.89,1009.7,1010.53,1009.06,7.0,1.85,16.0,0.6,0.4,0.3,3.9,5.0,6.0,4.9,7.0,1.7,16.0,0.6,0.4,0.3,-30.2,-16.8,-3.8,-17.7,7.0,14.3,16.0,0.6,0.4,0.3,-19.8,-14.6,-2.1,-19.9,7.0,27.8,16.0,0.6,0.4,0.3,0.25,1.2,2.05,1.22,5.0,1.16,12.0,0.4,0.4,0.3,1.0,9.3,10.5,6.4,5.0,5.2,12.0,0.4,0.4,0.3,3.63,5.45,7.88,5.69,5.0,2.51,12.0,0.4,0.4,0.3,17.3,22.3,42.3,30.4,5.0,21.2,12.0,0.4,0.4,0.3,-120.0,-69.6,-41.8,-80.4,6.0,48.9,14.0,0.5,0.3,0.3,-122.9,-67.1,-20.8,-81.2,6.0,81.5,14.0,0.5,0.3,0.3,-88.6,-51.7,-29.8,-59.7,5.0,41.0,12.0,0.4,0.4,0.3,-92.7,-47.2,-28.9,-59.8,5.0,51.7,12.0,0.4,0.4,0.3,-22.6,-16.0,-9.2,-15.9,5.0,6.8,12.0,0.4,0.4,0.3,-39.7,-15.1,-3.7,-22.1,5.0,25.1,12.0,0.4,0.4,0.3,29.0,69.0,325.0,202.0,7.0,282.5,16.0,0.6,0.4,0.3,30.0,70.0,325.0,200.0,7.0,285.0,16.0,0.6,0.4,0.3
1974,2,118.0,10.0,26.04,26.6,28.23,27.03,6.0,1.26,14.0,0.2,0.1,0.6,25.83,26.15,27.1,26.33,6.0,0.81,14.0,0.2,0.1,0.6,17.07,18.19,19.21,18.14,4.0,1.4,14.0,0.3,0.1,0.6,77.0,85.6,91.1,84.1,4.0,9.4,14.0,0.3,0.6,4.29,8.65,10.44,7.95,6.0,3.59,14.0,0.2,0.1,0.6,-8.38,-4.33,-1.67,-4.82,6.0,3.15,14.0,0.2,0.1,0.6,-9.7,-4.65,-2.9,-5.75,6.0,3.35,14.0,0.2,0.1,0.6,1008.15,1009.85,1012.35,1010.07,6.0,2.38,14.0,0.2,0.1,0.6,4.0,5.5,8.0,5.8,6.0,1.8,14.0,0.2,0.1,0.6,-86.6,-28.9,-13.9,-44.5,6.0,41.0,14.0,0.2,0.1,0.6,-101.4,-39.3,-12.5,-53.8,6.0,47.7,14.0,0.2,0.1,0.6,-0.32,0.15,1.6,0.7,6.0,1.69,14.0,0.2,0.1,0.6,-3.6,0.3,14.2,6.1,6.0,16.5,14.0,0.2,0.1,0.6,2.12,2.84,4.54,3.31,4.0,1.62,14.0,0.3,0.1,0.6,8.2,27.2,48.0,28.1,4.0,23.1,14.0,0.3,0.1,0.6,-222.7,-115.2,-42.4,-128.7,6.0,86.1,14.0,0.2,0.1,0.6,-246.7,-126.5,-75.4,-150.5,6.0,85.7,14.0,0.2,0.1,0.6,-145.5,-104.6,-47.3,-96.8,4.0,58.0,14.0,0.3,0.1,0.6,-118.2,-54.0,-52.6,-84.0,4.0,61.1,14.0,0.3,0.1,0.6,-38.9,-18.1,-5.4,-22.0,4.0,20.8,14.0,0.3,0.1,0.6,-26.1,-12.2,-6.0,-15.9,4.0,13.1,14.0,0.3,0.1,0.6,83.5,658.0,1190.0,755.0,6.0,773.5,14.0,0.2,0.1,0.6,85.0,660.0,1190.0,755.0,6.0,775.0,14.0,0.2,0.1,0.6
1974,2,118.0,11.0,25.4,26.5,27.75,26.63,9.0,1.09,14.0,0.6,0.4,0.5,26.15,26.4,26.67,26.54,9.0,0.59,14.0,0.6,0.4,0.5,18.19,18.97,19.58,18.86,8.0,0.81,14.0,0.5,0.4,0.5,85.2,88.5,90.7,87.7,8.0,3.6,14.0,0.5,0.5,2.6,3.6,6.27,4.06,9.0,1.92,14.0,0.6,0.4,0.5,-2.3,-1.3,0.0,-1.26,9.0,1.34,14.0,0.6,0.4,0.5,-5.59,-3.6,-1.83,-3.65,9.0,1.89,14.0,0.6,0.4,0.5,1009.14,1010.0,1011.32,1010.07,9.0,1.85,14.0,0.6,0.4,0.5,1.3,4.0,6.7,3.9,9.0,2.5,14.0,0.6,0.4,0.5,-14.1,-4.5,0.0,-6.7,9.0,7.9,14.0,0.6,0.4,0.5,-35.3,-13.0,-4.8,-18.0,9.0,14.9,14.0,0.6,0.4,0.5,-0.73,0.1,0.71,0.09,9.0,0.81,14.0,0.6,0.4,0.5,-4.1,0.4,1.9,0.2,9.0,4.8,14.0,0.6,0.4,0.5,1.64,2.43,4.11,2.84,8.0,1.39,14.0,0.5,0.4,0.5,7.2,8.4,18.1,12.8,8.0,9.8,14.0,0.5,0.4,0.5,-60.8,-34.7,0.0,-33.1,9.0,35.5,14.0,0.6,0.4,0.5,-145.5,-95.0,-48.7,-96.2,9.0,49.0,14.0,0.6,0.4,0.5,-41.6,-32.0,-1.8,-28.1,8.0,21.8,14.0,0.5,0.4,0.5,-105.9,-71.0,-46.8,-75.3,8.0,28.6,14.0,0.5,0.4,0.5,-9.1,-4.5,-0.2,-4.7,8.0,4.3,14.0,0.5,0.4,0.5,-15.7,-7.9,-6.8,-11.5,8.0,9.3,14.0,0.5,0.4,0.5,17.5,46.5,255.5,107.0,9.0,117.5,14.0,0.6,0.4,0.5,20.0,45.0,255.0,105.0,9.0,115.0,14.0,0.6,0.4,0.5
1974,2,118.0,12.0,26.09,26.9,27.51,26.9,7.0,0.75,18.0,0.6,0.5,0.5,25.23,26.15,26.97,26.21,8.0,1.05,18.0,0.6,0.5,0.5,16.69,17.56,19.22,17.81,7.0,1.38,18.0,0.6,0.5,0.5,81.4,85.3,87.1,84.1,7.0,2.9,18.0,0.6,0.5,5.08,7.7,9.3,7.29,7.0,2.12,16.0,0.6,0.5,0.5,-5.98,-3.66,-3.14,-4.33,7.0,1.57,16.0,0.6,0.5,0.5,-7.2,-4.95,-3.98,-5.74,7.0,1.91,16.0,0.6,0.5,0.5,1010.07,1010.4,1011.52,1010.39,7.0,1.44,18.0,0.6,0.5,0.5,4.1,6.0,8.0,5.9,8.0,2.2,18.0,0.6,0.5,0.5,-55.6,-29.6,-16.4,-33.5,7.0,18.7,16.0,0.6,0.5,0.5,-67.0,-38.1,-19.8,-45.0,7.0,25.9,16.0,0.6,0.5,0.5,0.17,0.6,1.28,0.8,7.0,1.03,18.0,0.6,0.5,0.5,0.4,4.2,6.7,3.9,6.0,4.6,16.0,0.5,0.4,0.4,3.59,4.5,5.29,4.43,7.0,1.1,18.0,0.6,0.5,0.5,17.3,30.2,43.3,30.6,6.0,13.4,16.0,0.5,0.4,0.4,-153.3,-97.8,-79.3,-113.7,7.0,40.2,16.0,0.6,0.5,0.5,-184.2,-133.6,-109.2,-150.0,7.0,44.6,16.0,0.6,0.5,0.5,-101.0,-65.2,-50.2,-71.9,6.0,25.1,16.0,0.5,0.4,0.4,-128.7,-98.9,-76.6,-103.1,6.0,29.3,16.0,0.5,0.4,0.4,-23.7,-15.7,-9.2,-17.1,6.0,8.5,16.0,0.5,0.4,0.4,-37.8,-23.1,-14.7,-24.9,6.0,11.5,16.0,0.5,0.4,0.4,131.0,456.5,804.5,469.5,7.0,334.0,16.0,0.6,0.5,0.5,130.0,455.0,805.0,470.0,7.0,335.0,16.0,0.6,0.5,0.5
1974,2,118.0,13.0,26.23,26.7,27.67,26.84,29.0,0.87,14.0,0.5,0.6,0.6,25.94,26.65,27.24,26.69,30.0,1.04,14.0,0.5,0.5,0.6,16.09,17.17,18.2,17.24,28.0,1.49,14.0,0.5,0.6,0.6,72.8,77.6,85.0,78.9,28.0,5.7,14.0,0.5,0.6,3.1,5.95,8.94,6.16,30.0,2.77,14.0,0.5,0.5,0.6,-6.05,-3.17,-1.2,-3.72,30.0,2.88,14.0,0.5,0.5,0.6,-7.05,-3.01,0.0,-3.61,30.0,3.29,14.0,0.5,0.5,0.6,1008.06,1009.55,1011.08,1009.67,30.0,1.53,14.0,0.5,0.5,0.6,2.0,5.0,7.0,4.7,30.0,2.1,14.0,0.5,0.5,0.6,-55.1,-16.0,-3.4,-27.6,30.0,28.0,14.0,0.5,0.5,0.6,-50.3,-16.2,0.0,-27.3,30.0,31.5,14.0,0.5,0.5,0.6,-0.71,0.1,1.06,0.12,29.0,1.23,14.0,0.5,0.6,0.6,-5.9,0.0,7.2,1.1,29.0,9.2,14.0,0.5,0.6,0.6,3.37,4.67,6.15,4.85,27.0,1.77,14.0,0.5,0.6,0.6,9.0,27.7,49.8,30.5,27.0,19.9,14.0,0.5,0.6,0.6,-162.4,-88.0,-31.7,-99.5,30.0,77.5,14.0,0.5,0.5,0.6,-192.5,-80.9,0.0,-95.7,30.0,85.6,14.0,0.5,0.5,0.6,-105.3,-60.6,-18.5,-63.1,28.0,49.4,14.0,0.5,0.6,0.6,-110.3,-50.5,0.0,-55.2,28.0,50.6,14.0,0.5,0.6,0.6,-38.1,-16.3,-3.6,-20.9,27.0,20.1,14.0,0.5,0.6,0.6,-31.7,-14.1,0.0,-15.5,27.0,16.0,14.0,0.5,0.6,0.6,30.0,212.0,716.5,369.5,30.0,382.0,14.0,0.5,0.5,0.6,30.0,210.0,715.0,370.0,30.0,380.0,14.0,0.5,0.5,0.6
1974,2,118.0,14.0,26.34,26.7,27.2,26.64,67.0,0.95,14.0,0.6,0.6,0.4,25.99,26.7,27.9,26.87,70.0,1.04,14.0,0.6,0.6,0.4,15.98,17.25,18.17,17.03,66.0,1.3,14.0,0.7,0.6,0.4,71.7,77.4,83.6,77.5,69.0,7.1,14.0,0.6,0.4,3.1,5.7,7.7,5.7,71.0,2.95,14.0,0.6,0.6,0.4,-5.82,-3.85,-0.8,-3.49,71.0,2.52,14.0,0.6,0.6,0.4,-5.6,-2.85,0.0,-3.25,71.0,3.5,14.0,0.6,0.6,0.4,1009.04,1010.8,1012.6,1010.79,67.0,1.83,14.0,0.6,0.6,0.4,2.0,4.0,6.0,4.2,71.0,2.2,14.0,0.6,0.6,0.4,-39.6,-16.6,-3.3,-23.5,71.0,24.0,14.0,0.6,0.6,0.4,-39.6,-13.0,0.0,-25.8,71.0,43.9,14.0,0.6,0.6,0.4,-1.4,-0.1,1.0,-0.28,66.0,1.28,14.0,0.6,0.6,0.4,-6.5,0.0,5.5,-1.4,66.0,8.4,14.0,0.6,0.6,0.4,3.52,4.89,6.46,4.94,64.0,1.78,14.0,0.7,0.6,0.5,12.6,23.0,42.2,26.6,64.0,16.7,14.0,0.7,0.6,0.5,-161.0,-98.3,-19.5,-93.7,70.0,69.1,14.0,0.6,0.6,0.4,-148.4,-75.6,0.0,-83.0,70.0,89.6,14.0,0.6,0.6,0.4,-104.3,-64.2,-4.3,-60.4,66.0,45.2,14.0,0.7,0.6,0.4,-91.5,-46.4,0.0,-51.2,66.0,57.1,14.0,0.7,0.6,0.4,-27.1,-15.1,0.0,-16.7,64.0,14.0,14.0,0.7,0.6,0.5,-32.1,-12.4,0.0,-14.6,64.0,17.3,14.0,0.7,0.6,0.5,30.0,185.0,456.5,359.0,71.0,648.0,14.0,0.6,0.6,0.4,30.0,185.0,455.0,360.0,71.0,650.0,14.0,0.6,0.6,0.4
1974,2,118.0,15.0,26.04,26.7,27.2,26.67,57.0,0.98,12.0,0.6,0.8,0.3,25.42,26.5,27.72,26.47,54.0,1.17,12.0,0.6,0.8,0.3,15.09,16.56,17.76,16.33,53.0,1.3,12.0,0.6,0.8,0.3,71.0,76.0,80.1,75.8,53.0,4.8,12.0,0.6,0.3,2.6,4.6,9.86,6.11,57.0,3.8,12.0,0.6,0.8,0.3,-3.53,-1.15,1.31,-1.3,57.0,2.45,12.0,0.6,0.8,0.3,-9.65,-4.32,-2.0,-5.33,57.0,3.97,12.0,0.6,0.8,0.3,1009.27,1010.85,1013.3,1011.05,56.0,1.94,12.0,0.6,0.8,0.3,1.0,4.0,7.0,4.0,57.0,2.6,12.0,0.6,0.8,0.3,-32.8,-3.7,4.6,-12.1,57.0,21.6,12.0,0.6,0.8,0.3,-96.5,-20.8,-5.6,-46.8,57.0,55.6,12.0,0.6,0.8,0.3,-1.26,0.35,1.28,0.21,54.0,1.39,12.0,0.6,0.8,0.3,-5.2,0.5,6.7,2.8,54.0,13.4,12.0,0.6,0.8,0.3,3.97,5.2,7.14,5.53,53.0,1.52,12.0,0.6,0.8,0.3,13.1,23.8,57.9,33.1,53.0,28.2,12.0,0.6,0.8,0.3,-89.3,-26.9,36.4,-31.4,54.0,64.2,12.0,0.6,0.8,0.3,-238.1,-110.7,-47.2,-130.3,54.0,95.8,12.0,0.6,0.8,0.3,-54.4,-14.5,23.9,-17.6,53.0,38.2,12.0,0.6,0.8,0.3,-141.4,-73.4,-26.7,-80.0,53.0,57.2,12.0,0.6,0.8,0.3,-18.4,-5.7,6.5,-7.7,53.0,16.4,12.0,0.6,0.8,0.3,-54.2,-19.0,-9.2,-28.7,53.0,27.3,12.0,0.6,0.8,0.3,17.5,97.5,958.5,519.0,57.0,790.0,12.0,0.6,0.8,0.3,20.0,95.0,960.0,520.0,57.0,790.0,12.0,0.6,0.8,0.3
1974,2,118.0,16.0,23.35,25.0,26.7,24.98,38.0,1.49,14.0,0.5,0.3,0.6,23.0,24.85,27.9,25.16,42.0,2.19,14.0,0.5,0.3,0.6,14.37,16.56,18.13,16.51,38.0,2.14,14.0,0.5,0.3,0.6,78.1,83.2,91.2,82.8,38.0,7.0,14.0,0.5,0.6,2.1,6.45,13.09,7.34,42.0,5.15,14.0,0.5,0.3,0.6,-6.62,-2.71,0.0,-2.95,42.0,3.64,14.0,0.5,0.3,0.6,-11.36,-5.2,-0.5,-5.72,42.0,5.11,14.0,0.5,0.3,0.6,1009.3,1013.1,1015.1,1012.32,42.0,3.0,14.0,0.5,0.3,0.6,0.5,2.5,6.0,3.2,42.0,2.6,14.0,0.5,0.3,0.6,-87.5,-11.4,0.0,-35.2,42.0,46.9,14.0,0.5,0.3,0.6,-142.2,-35.3,-0.5,-65.9,42.0,75.2,14.0,0.5,0.3,0.6,-2.03,0.4,1.83,0.02,38.0,2.11,14.0,0.5,0.3,0.6,-6.0,1.7,18.3,5.3,38.0,18.0,14.0,0.5,0.3,0.6,1.12,3.59,5.65,3.51,36.0,2.4,14.0,0.5,0.3,0.6,0.0,18.3,65.3,31.3,36.0,32.4,14.0,0.5,0.3,0.6,-161.8,-65.3,0.0,-70.2,42.0,86.1,14.0,0.5,0.3,0.6,-274.8,-126.1,-12.0,-138.5,42.0,122.3,14.0,0.5,0.3,0.6,-96.9,-42.0,0.4,-42.8,38.0,55.3,14.0,0.5,0.3,0.6,-176.2,-81.1,0.0,-90.5,38.0,81.5,14.0,0.5,0.3,0.6,-34.6,-3.6,0.5,-12.8,36.0,21.2,14.0,0.5,0.3,0.6,-54.1,-10.8,0.0,-24.0,36.0,29.1,14.0,0.5,0.3,0.6,9.5,269.5,2267.5,994.5,42.0,1284.0,14.0,0.5,0.3,0.6,10.0,270.0,2270.0,995.0,42.0,1285.0,14.0,0.5,0.3,0.6
1974,2,118.0,17.0,23.27,25.05,26.16,24.95,62.0,1.41,14.0,0.5,0.5,0.3,23.0,24.05,26.0,24.44,66.0,1.8,14.0,0.5,0.5,0.3,13.65,16.29,17.99,16.07,55.0,2.01,14.0,0.5,0.5,0.3,76.6,83.8,92.1,84.4,55.0,7.8,14.0,0.5,0.3,2.1,8.2,14.4,7.92,63.0,5.47,14.0,0.5,0.5,0.3,-8.79,-3.52,0.55,-3.99,63.0,4.2,14.0,0.5,0.5,0.3,-11.31,-6.0,-0.54,-5.88,63.0,4.97,14.0,0.5,0.5,0.3,1010.02,1012.5,1015.5,1012.84,65.0,2.83,14.0,0.5,0.5,0.3,1.0,3.0,7.0,3.7,63.0,2.7,14.0,0.5,0.5,0.3,-118.9,-29.6,0.8,-51.0,63.0,58.7,14.0,0.5,0.5,0.3,-156.8,-49.0,-0.5,-71.7,63.0,76.2,14.0,0.5,0.5,0.3,-1.5,1.0,2.36,0.6,62.0,1.8,14.0,0.5,0.5,0.3,-7.2,3.9,21.6,6.4,59.0,16.4,14.0,0.5,0.5,0.4,1.62,4.01,5.64,3.73,54.0,2.05,14.0,0.5,0.5,0.3,2.5,24.7,72.3,34.0,52.0,33.5,14.0,0.5,0.5,0.3,-211.4,-91.3,14.2,-95.2,63.0,100.8,14.0,0.5,0.5,0.3,-264.8,-141.6,-14.0,-140.1,63.0,116.5,14.0,0.5,0.5,0.3,-118.7,-54.6,12.3,-54.0,53.0,62.5,14.0,0.5,0.5,0.3,-166.4,-88.4,-2.9,-86.8,53.0,73.9,14.0,0.5,0.5,0.3,-42.9,-10.3,2.0,-17.2,52.0,21.7,14.0,0.5,0.5,0.3,-59.9,-16.6,0.0,-26.5,52.0,28.5,14.0,0.5,0.5,0.3,9.5,551.5,2986.0,1213.0,63.0,1450.0,14.0,0.5,0.5,0.3,10.0,550.0,2985.0,1215.0,63.0,1450.0,14.0,0.5,0.5,0.3
1974,2,118.0,18.0,23.0,24.4,25.66,24.56,19.0,1.4,14.0,0.6,0.4,0.6,23.59,24.5,26.0,24.7,21.0,1.65,14.0,0.7,0.4,0.5,14.38,16.46,18.56,16.21,17.0,2.17,14.0,0.6,0.3,0.6,77.4,85.1,93.0,84.1,17.0,9.2,14.0,0.6,0.6,3.11,9.3,15.38,9.36,20.0,5.18,14.0,0.7,0.3,0.5,-10.28,-5.94,-1.93,-5.98,20.0,4.57,14.0,0.7,0.3,0.5,-8.74,-7.32,-2.31,-6.57,20.0,3.88,14.0,0.7,0.3,0.5,1009.52,1013.0,1015.0,1012.57,20.0,2.36,14.0,0.6,0.4,0.5,1.2,5.0,7.0,4.8,21.0,2.4,14.0,0.7,0.4,0.5,-158.8,-50.1,-5.8,-76.4,20.0,75.2,14.0,0.7,0.3,0.5,-133.1,-78.1,-6.9,-78.8,20.0,69.1,14.0,0.7,0.3,0.5,-1.5,-0.3,1.03,-0.16,19.0,1.44,14.0,0.6,0.4,0.6,-12.1,-1.1,10.9,-0.2,18.0,16.4,14.0,0.7,0.4,0.5,1.81,2.97,3.98,2.89,16.0,1.64,16.0,0.6,0.4,0.6,9.8,29.0,54.9,33.4,15.0,26.0,14.0,0.6,0.3,0.6,-246.7,-148.0,-55.0,-144.1,20.0,105.4,14.0,0.7,0.3,0.5,-226.4,-175.5,-65.6,-159.4,20.0,89.4,14.0,0.7,0.3,0.5,-149.4,-107.6,-24.4,-93.1,16.0,68.9,14.0,0.6,0.3,0.5,-134.3,-108.2,-32.4,-96.4,16.0,52.6,14.0,0.6,0.3,0.5,-42.2,-18.5,-3.0,-21.8,15.0,19.5,14.0,0.6,0.3,0.6,-34.8,-18.6,-2.7,-23.0,15.0,20.3,14.0,0.6,0.3,0.6,30.0,804.5,3642.0,1524.0,20.0,1725.5,14.0,0.7,0.3,0.5,30.0,805.0,3640.0,1525.0,20.0,1725.0,14.0,0.7,0.3,0.5
1974,2,118.0,19.0,23.0,24.0,25.0,24.02,20.0,1.35,14.0,0.6,0.6,0.4,21.43,23.8,25.25,23.58,21.0,2.13,14.0,0.5,0.6,0.4,12.56,13.94,17.06,14.62,18.0,2.0,12.0,0.6,0.6,0.4,76.1,84.1,88.4,82.0,18.0,7.0,12.0,0.6,0.4,4.55,12.9,17.5,11.81,21.0,5.55,14.0,0.5,0.6,0.4,-12.86,-8.75,-1.78,-7.73,21.0,4.81,14.0,0.5,0.6,0.4,-14.53,-7.95,-2.8,-8.07,21.0,4.79,14.0,0.5,0.6,0.4,1012.02,1013.5,1016.98,1014.36,21.0,2.3,14.0,0.5,0.6,0.4,4.0,6.5,8.0,5.5,20.0,2.5,14.0,0.6,0.6,0.4,-212.5,-120.6,-5.4,-111.8,21.0,88.8,14.0,0.5,0.6,0.4,-255.3,-116.6,-15.6,-117.0,21.0,99.4,14.0,0.5,0.6,0.4,-1.5,0.5,2.6,0.47,20.0,1.99,14.0,0.6,0.6,0.4,-17.9,5.2,44.1,9.3,20.0,27.5,14.0,0.6,0.6,0.4,1.35,4.18,5.0,3.7,17.0,1.68,14.0,0.6,0.6,0.4,18.3,58.4,85.8,54.5,17.0,33.1,14.0,0.6,0.6,0.4,-292.7,-178.5,-44.6,-178.6,21.0,111.1,14.0,0.5,0.6,0.4,-285.4,-186.8,-71.7,-182.4,21.0,96.4,14.0,0.5,0.6,0.4,-183.8,-119.0,-42.0,-121.0,18.0,62.8,12.0,0.6,0.6,0.4,-180.7,-128.3,-52.5,-121.7,18.0,54.9,12.0,0.6,0.6,0.4,-57.8,-42.3,-7.2,-33.6,17.0,22.4,14.0,0.6,0.6,0.4,-72.7,-48.0,-7.9,-40.0,17.0,29.1,14.0,0.6,0.6,0.4,109.5,2146.5,5359.5,2635.5,21.0,2418.5,14.0,0.5,0.6,0.4,110.0,2145.0,5360.0,2635.0,21.0,2420.0,14.0,0.5,0.6,0.4
1974,2,118.0,20.0,23.02,24.0,24.69,23.9,5.0,1.39,12.0,0.4,0.4,0.4,19.13,22.4,24.23,21.92,5.0,2.8,12.0,0.4,0.4,0.4,11.49,12.47,15.26,13.33,4.0,2.8,10.0,0.5,0.4,0.5,75.6,82.6,90.3,83.0,4.0,9.9,10.0,0.5,0.5,7.58,12.9,17.5,12.4,5.0,5.41,12.0,0.4,0.4,0.4,-8.75,-6.89,-5.71,-7.05,5.0,1.81,12.0,0.4,0.4,0.4,-15.16,-11.17,-4.6,-9.96,5.0,5.65,12.0,0.4,0.4,0.4,1012.11,1015.8,1017.18,1014.64,5.0,3.44,12.0,0.4,0.4,0.4,6.0,6.0,8.0,6.8,5.0,1.1,12.0,0.4,0.4,0.4,-153.1,-83.2,-47.6,-94.8,5.0,57.5,12.0,0.4,0.4,0.4,-265.2,-144.1,-37.8,-147.9,5.0,117.2,12.0,0.4,0.4,0.4,-0.29,1.2,4.87,1.98,5.0,2.84,12.0,0.4,0.4,0.4,-3.6,15.5,85.3,35.1,5.0,47.4,12.0,0.4,0.4,0.4,4.55,5.86,6.85,5.71,4.0,1.62,10.0,0.5,0.4,0.5,47.2,88.5,115.5,81.7,4.0,47.5,10.0,0.5,0.4,0.5,-166.9,-162.0,-132.8,-150.7,5.0,23.2,12.0,0.4,0.4,0.4,-289.1,-250.2,-110.0,-206.0,5.0,100.8,12.0,0.4,0.4,0.4,-105.2,-86.9,-77.0,-90.9,4.0,17.4,10.0,0.5,0.4,0.5,-182.2,-150.5,-87.0,-135.3,4.0,65.8,10.0,0.5,0.4,0.5,-57.8,-44.2,-27.1,-42.5,4.0,20.8,10.0,0.5,0.4,0.5,-100.1,-76.6,-37.3,-69.1,4.0,44.1,10.0,0.5,0.4,0.5,511.0,2146.5,5359.5,2745.5,5.0,2496.0,12.0,0.4,0.4,0.4,510.0,2145.0,5360.0,2745.0,5.0,2495.0,12.0,0.4,0.4,0.4
1974,2,118.0,21.0,22.8,23.4,24.0,23.12,6.0,1.32,18.0,0.7,0.7,0.6,16.06,17.3,18.56,17.27,6.0,1.28,18.0,0.7,0.7,0.6,8.35,8.92,11.69,9.8,5.0,1.95,16.0,0.6,0.7,0.6,72.6,77.2,87.8,80.0,5.0,9.2,16.0,0.6,0.6,11.8,16.45,17.6,15.33,6.0,2.88,18.0,0.7,0.7,0.6,-8.81,-7.64,-6.12,-7.54,6.0,1.27,18.0,0.7,0.7,0.6,-16.54,-14.25,-8.74,-13.08,6.0,3.92,18.0,0.7,0.7,0.6,1017.98,1020.0,1021.82,1019.7,6.0,2.22,18.0,0.7,0.7,0.6,8.0,8.0,8.0,8.0,6.0,0.0,18.0,0.7,0.7,0.6,-125.7,-108.7,-101.6,-113.9,6.0,21.5,18.0,0.7,0.7,0.6,-291.2,-235.3,-103.1,-209.8,6.0,93.0,18.0,0.7,0.7,0.6,5.16,5.8,6.33,5.85,6.0,0.8,18.0,0.7,0.7,0.6,79.4,88.0,107.4,89.4,6.0,18.4,18.0,0.7,0.7,0.6,6.81,7.22,8.96,7.71,5.0,1.24,16.0,0.6,0.7,0.6,91.3,106.9,138.7,114.6,5.0,29.8,16.0,0.6,0.7,0.6,-147.0,-131.5,-105.9,-130.0,6.0,23.5,18.0,0.7,0.7,0.6,-286.5,-265.6,-140.5,-228.8,6.0,77.2,18.0,0.7,0.7,0.6,-96.6,-69.5,-62.1,-77.0,5.0,19.2,16.0,0.6,0.7,0.6,-167.4,-150.9,-71.4,-124.9,5.0,52.4,16.0,0.6,0.7,0.6,-66.3,-63.1,-52.1,-59.8,5.0,8.5,16.0,0.6,0.7,0.6,-124.4,-82.3,-71.9,-95.7,5.0,36.3,16.0,0.6,0.7,0.6,1643.0,4506.0,5457.0,3915.0,6.0,1910.0,18.0,0.7,0.7,0.6,1645.0,4505.0,5455.0,3915.0,6.0,1910.0,18.0,0.7,0.7,0.6
1974,2,118.0,22.0,21.05,22.8,24.04,22.66,13.0,1.51,8.0,0.5,0.5,0.3,15.44,17.2,20.5,17.48,13.0,2.81,8.0,0.5,0.5,0.3,8.13,10.51,11.7,10.22,8.0,2.5,10.0,0.5,0.6,0.2,76.0,81.1,91.7,82.4,8.0,7.3,10.0,0.5,0.2,9.27,12.3,18.05,12.48,13.0,4.19,8.0,0.5,0.5,0.3,-7.91,-6.5,-4.94,-6.52,13.0,2.14,8.0,0.5,0.5,0.3,-14.13,-9.42,-5.96,-10.02,13.0,5.17,8.0,0.5,0.5,0.3,1013.1,1017.5,1020.75,1017.19,13.0,3.59,8.0,0.5,0.5,0.3,8.0,8.0,8.0,7.8,13.0,0.8,8.0,0.5,0.5,0.3,-117.7,-66.3,-50.0,-83.9,13.0,48.3,8.0,0.5,0.5,0.3,-255.2,-115.9,-55.3,-144.3,13.0,106.1,8.0,0.5,0.5,0.3,3.5,4.9,6.71,5.18,13.0,2.62,8.0,0.5,0.5,0.3,32.4,75.0,93.3,68.8,13.0,42.0,8.0,0.5,0.5,0.3,4.45,6.94,8.83,6.91,8.0,2.99,10.0,0.5,0.6,0.2,60.0,86.5,139.8,91.2,8.0,50.1,10.0,0.5,0.6,0.2,-141.8,-123.4,-80.0,-114.0,13.0,37.5,8.0,0.5,0.5,0.3,-226.9,-153.6,-122.2,-169.9,13.0,95.0,8.0,0.5,0.5,0.3,-82.6,-70.8,-46.1,-68.2,8.0,28.8,10.0,0.5,0.6,0.2,-137.6,-79.8,-70.7,-93.6,8.0,62.7,10.0,0.5,0.6,0.2,-68.6,-48.8,-19.3,-46.0,8.0,24.7,10.0,0.5,0.6,0.2,-130.5,-71.3,-41.6,-75.5,8.0,49.7,10.0,0.5,0.6,0.2,797.0,1861.0,5880.0,2558.0,13.0,2298.5,8.0,0.5,0.5,0.3,795.0,1860.0,5880.0,2560.0,13.0,2300.0,8.0,0.5,0.5,0.3
1974,2,118.0,23.0,14.0,16.0,18.24,16.02,18.0,1.78,14.0,0.4,0.4,0.8,9.91,12.25,14.03,12.51,18.0,2.66,12.0,0.5,0.4,0.8,4.91,7.06,9.24,7.16,10.0,2.18,12.0,0.4,0.4,0.8,66.7,79.2,90.0,79.5,10.0,12.8,12.0,0.4,0.8,2.86,9.55,15.4,9.88,24.0,5.32,14.0,0.5,0.4,0.8,-8.83,-4.57,0.47,-4.64,24.0,4.57,14.0,0.5,0.4,0.8,-13.0,-7.92,-1.95,-7.76,24.0,4.89,14.0,0.5,0.4,0.8,1015.69,1022.0,1025.16,1020.39,23.0,4.74,14.0,0.5,0.4,0.8,1.0,8.0,8.0,5.7,23.0,3.2,14.0,0.5,0.4,0.8,-130.4,-46.2,1.0,-59.0,24.0,73.1,14.0,0.5,0.4,0.8,-198.5,-74.9,-5.7,-100.4,24.0,84.9,14.0,0.5,0.4,0.8,0.81,4.0,7.0,3.68,13.0,3.06,12.0,0.4,0.4,0.8,2.4,52.0,69.3,43.5,13.0,38.1,12.0,0.4,0.4,0.8,1.11,4.01,5.54,3.48,7.0,2.69,12.0,0.3,0.4,0.8,6.9,37.3,69.0,35.3,7.0,30.5,12.0,0.3,0.4,0.8,-86.6,-59.5,-19.0,-49.5,18.0,44.5,12.0,0.5,0.4,0.8,-107.6,-84.1,-18.0,-70.9,18.0,52.7,12.0,0.5,0.4,0.8,-44.4,-33.9,-0.9,-23.8,10.0,28.5,12.0,0.4,0.4,0.8,-58.9,-36.5,-15.2,-37.7,10.0,31.9,12.0,0.4,0.4,0.8,-44.4,-4.9,0.9,-13.6,7.0,25.7,12.0,0.3,0.4,0.8,-53.5,-17.3,-5.3,-26.6,7.0,26.1,12.0,0.3,0.4,0.8,23.5,873.0,3652.5,1736.5,24.0,1817.0,14.0,0.5,0.4,0.8,25.0,875.0,3650.0,1735.0,24.0,1815.0,14.0,0.5,0.4,0.8
1974,2,118.0,24.0,11.8,13.8,17.51,14.34,23.0,2.8,14.0,0.4,0.7,0.2,8.3,10.0,14.71,10.87,23.0,2.67,14.0,0.5,0.7,0.2,4.43,5.71,7.84,6.14,13.0,2.0,12.0,0.4,0.7,0.2,68.7,76.1,88.3,76.7,13.0,13.6,12.0,0.4,0.2,5.69,12.6,15.93,11.96,24.0,4.52,14.0,0.5,0.7,0.2,-11.65,-7.93,-2.61,-7.35,24.0,3.81,14.0,0.5,0.7,0.2,-12.08,-9.31,-5.45,-9.13,24.0,3.44,14.0,0.5,0.7,0.2,1016.23,1023.1,1026.0,1021.58,24.0,5.01,14.0,0.5,0.7,0.2,2.0,7.0,8.0,5.2,21.0,3.1,14.0,0.5,0.7,0.2,-185.9,-106.6,-13.0,-102.1,24.0,71.2,14.0,0.5,0.7,0.2,-183.1,-113.1,-31.3,-122.7,24.0,77.3,14.0,0.5,0.7,0.2,-0.17,3.0,6.57,3.45,22.0,3.16,14.0,0.5,0.7,0.2,1.4,38.5,97.0,45.1,22.0,41.9,14.0,0.5,0.7,0.2,1.55,3.54,4.09,3.16,13.0,2.31,12.0,0.4,0.7,0.2,18.8,47.5,62.0,45.4,13.0,36.1,12.0,0.4,0.7,0.2,-121.8,-79.2,-37.4,-75.9,23.0,39.3,14.0,0.5,0.7,0.2,-138.2,-94.1,-58.3,-94.0,23.0,34.6,14.0,0.5,0.7,0.2,-59.5,-45.6,-25.7,-46.4,13.0,18.3,12.0,0.4,0.7,0.2,-66.3,-48.9,-36.0,-51.2,13.0,14.1,12.0,0.4,0.7,0.2,-44.7,-25.5,-10.8,-31.0,13.0,28.3,12.0,0.4,0.7,0.2,-44.9,-32.5,-12.1,-32.1,13.0,23.9,12.0,0.4,0.7,0.2,187.0,2004.0,4046.5,2370.5,24.0,1906.0,14.0,0.5,0.7,0.2,185.0,2005.0,4045.0,2370.0,24.0,1905.0,14.0,0.5,0.7,0.2
1974,2,118.0,38.0,0.5,0.5,0.5,0.5,1.0,0.0,12.0,1.0,0.4,0.8,-2.81,-0.25,2.1,-0.35,4.0,3.64,10.0,0.3,0.5,0.8,1.75,1.75,1.75,1.75,1.0,0.0,12.0,1.0,0.4,0.8,48.7,48.7,48.7,48.7,1.0,0.0,12.0,1.0,0.8,2.0,4.55,6.0,4.03,4.0,2.44,10.0,0.3,0.5,0.8,-3.38,-1.11,1.16,-1.11,4.0,2.95,10.0,0.3,0.5,0.8,0.43,2.92,4.79,2.63,4.0,2.83,10.0,0.3,0.5,0.8,1023.38,1028.1,1033.5,1028.43,4.0,6.11,10.0,0.3,0.5,0.8,1.0,2.0,5.1,3.0,4.0,3.5,10.0,0.3,0.5,0.8,-20.3,-6.2,3.8,-8.2,4.0,15.3,10.0,0.3,0.5,0.8,2.4,14.7,28.7,15.5,4.0,15.8,10.0,0.3,0.5,0.8,1.0,1.0,1.0,1.0,1.0,0.0,12.0,1.0,0.4,0.8,3.1,3.1,3.1,3.1,1.0,0.0,12.0,1.0,0.4,0.8,2.12,2.12,2.12,2.12,1.0,0.0,12.0,1.0,0.4,0.8,6.6,6.6,6.6,6.6,1.0,0.0,12.0,1.0,0.4,0.8,-1.0,-0.3,11.8,5.2,4.0,11.6,10.0,0.3,0.5,0.8,-11.8,-2.5,-0.5,-6.0,4.0,8.8,10.0,0.3,0.5,0.8,4.2,4.2,4.2,4.2,1.0,0.0,12.0,1.0,0.4,0.8,3.5,3.5,3.5,3.5,1.0,0.0,12.0,1.0,0.4,0.8,5.0,5.0,5.0,5.0,1.0,0.0,12.0,1.0,0.4,0.8,4.2,4.2,4.2,4.2,1.0,0.0,12.0,1.0,0.4,0.8,14.5,123.0,216.0,115.5,4.0,116.5,10.0,0.3,0.5,0.8,15.0,125.0,215.0,115.0,4.0,115.0,10.0,0.3,0.5,0.8
1974,2,119.0,-55.0,4.1,4.1,4.1,4.1,1.0,0.0,8.0,0.0,0.6,0.2,5.0,5.0,5.0,5.0,1.0,0.0,8.0,0.0,0.6,0.2,5.12,5.12,5.12,5.12,1.0,0.0,8.0,0.0,0.6,0.2,93.2,93.2,93.2,93.2,1.0,0.0,8.0,0.0,0.2,1.0,1.0,1.0,1.0,1.0,0.0,8.0,0.0,0.6,0.2,0.87,0.87,0.87,0.87,1.0,0.0,8.0,0.0,0.6,0.2,-0.5,-0.5,-0.5,-0.5,1.0,0.0,8.0,0.0,0.6,0.2,995.3,995.3,995.3,995.3,1.0,0.0,8.0,0.0,0.6,0.2,5.0,5.0,5.0,5.0,1.0,0.0,8.0,0.0,0.6,0.2,0.9,0.9,0.9,0.9,1.0,0.0,8.0,0.0,0.6,0.2,-0.5,-0.5,-0.5,-0.5,1.0,0.0,8.0,0.0,0.6,0.2,-0.9,-0.9,-0.9,-0.9,1.0,0.0,8.0,0.0,0.6,0.2,-0.9,-0.9,-0.9,-0.9,1.0,0.0,8.0,0.0,0.6,0.2,0.04,0.04,0.04,0.04,1.0,0.0,8.0,0.0,0.6,0.2,0.0,0.0,0.0,0.0,1.0,0.0,8.0,0.0,0.6,0.2,4.3,4.3,4.3,4.3,1.0,0.0,8.0,0.0,0.6,0.2,-2.5,-2.5,-2.5,-2.5,1.0,0.0,8.0,0.0,0.6,0.2,4.4,4.4,4.4,4.4,1.0,0.0,8.0,0.0,0.6,0.2,-2.6,-2.6,-2.6,-2.6,1.0,0.0,8.0,0.0,0.6,0.2,0.0,0.0,0.0,0.0,1.0,0.0,8.0,0.0,0.6,0.2,0.0,0.0,0.0,0.0,1.0,0.0,8.0,0.0,0.6,0.2,1.0,1.0,1.0,1.0,1.0,0.0,8.0,0.0,0.6,0.2,0.0,0.0,0.0,0.0,1.0,0.0,8.0,0.0,0.6,0.2
1974,2,119.0,-42.0,14.7,14.7,14.7,14.7,1.0,0.0,8.0,0.0,0.2,0.1,13.8,13.8,13.8,13.8,1.0,0.0,8.0,0.0,0.2,0.1,7.09,7.09,7.09,7.09,1.0,0.0,8.0,0.0,0.2,0.1,72.8,72.8,72.8,72.8,1.0,0.0,8.0,0.0,0.1,9.3,9.3,9.3,9.3,1.0,0.0,8.0,0.0,0.2,0.1,7.12,7.12,7.12,7.12,1.0,0.0,8.0,0.0,0.2,0.1,-5.98,-5.98,-5.98,-5.98,1.0,0.0,8.0,0.0,0.2,0.1,1015.0,1015.0,1015.0,1015.0,1.0,0.0,8.0,0.0,0.2,0.1,8.0,8.0,8.0,8.0,1.0,0.0,8.0,0.0,0.2,0.1,66.3,66.3,66.3,66.3,1.0,0.0,8.0,0.0,0.2,0.1,-55.6,-55.6,-55.6,-55.6,1.0,0.0,8.0,0.0,0.2,0.1,0.9,0.9,0.9,0.9,1.0,0.0,8.0,0.0,0.2,0.1,8.4,8.4,8.4,8.4,1.0,0.0,8.0,0.0,0.2,0.1,3.26,3.26,3.26,3.26,1.0,0.0,8.0,0.0,0.2,0.1,30.3,30.3,30.3,30.3,1.0,0.0,8.0,0.0,0.2,0.1,98.3,98.3,98.3,98.3,1.0,0.0,8.0,0.0,0.2,0.1,-82.5,-82.5,-82.5,-82.5,1.0,0.0,8.0,0.0,0.2,0.1,50.5,50.5,50.5,50.5,1.0,0.0,8.0,0.0,0.2,0.1,-42.4,-42.4,-42.4,-42.4,1.0,0.0,8.0,0.0,0.2,0.1,23.2,23.2,23.2,23.2,1.0,0.0,8.0,0.0,0.2,0.1,-19.5,-19.5,-19.5,-19.5,1.0,0.0,8.0,0.0,0.2,0.1,804.5,804.5,804.5,804.5,1.0,0.0,8.0,0.0,0.2,0.1,805.0,805.0,805.0,805.0,1.0,0.0,8.0,0.0,0.2,0.1
1974,2,119.0,-37.0,18.3,18.3,18.3,18.3,1.0,0.0,16.0,0.0,0.8,0.9,15.4,15.4,15.4,15.4,1.0,0.0,16.0,0.0,0.8,0.9,7.16,7.16,7.16,7.16,1.0,0.0,16.0,0.0,0.8,0.9,66.5,66.5,66.5,66.5,1.0,0.0,16.0,0.0,0.9,12.3,12.3,12.3,12.3,1.0,0.0,16.0,0.0,0.8,0.9,6.15,6.15,6.15,6.15,1.0,0.0,16.0,0.0,0.8,0.9,10.65,10.65,10.65,10.65,1.0,0.0,16.0,0.0,0.8,0.9,1018.8,1018.8,1018.8,1018.8,1.0,0.0,16.0,0.0,0.8,0.9,8.0,8.0,8.0,8.0,1.0,0.0,16.0,0.0,0.8,0.9,75.6,75.6,75.6,75.6,1.0,0.0,16.0,0.0,0.8,0.9,131.0,131.0,131.0,131.0,1.0,0.0,16.0,0.0,0.8,0.9,2.9,2.9,2.9,2.9,1.0,0.0,16.0,0.0,0.8,0.9,35.7,35.7,35.7,35.7,1.0,0.0,16.0,0.0,0.8,0.9,5.83,5.83,5.83,5.83,1.0,0.0,16.0,0.0,0.8,0.9,71.7,71.7,71.7,71.7,1.0,0.0,16.0,0.0,0.8,0.9,94.7,94.7,94.7,94.7,1.0,0.0,16.0,0.0,0.8,0.9,164.0,164.0,164.0,164.0,1.0,0.0,16.0,0.0,0.8,0.9,44.1,44.1,44.1,44.1,1.0,0.0,16.0,0.0,0.8,0.9,76.3,76.3,76.3,76.3,1.0,0.0,16.0,0.0,0.8,0.9,35.9,35.9,35.9,35.9,1.0,0.0,16.0,0.0,0.8,0.9,62.1,62.1,62.1,62.1,1.0,0.0,16.0,0.0,0.8,0.9,1861.0,1861.0,1861.0,1861.0,1.0,0.0,16.0,0.0,0.8,0.9,1860.0,1860.0,1860.0,1860.0,1.0,0.0,16.0,0.0,0.8,0.9
1974,2,119.0,-36.0,17.8,18.8,19.32,18.73,17.0,1.17,14.0,0.6,0.4,0.5,16.5,18.0,19.0,17.79,21.0,1.73,16.0,0.5,0.4,0.5,7.91,9.37,12.31,9.87,20.0,2.13,16.0,0.6,0.4,0.5,63.6,80.0,86.5,77.7,20.0,10.9,16.0,0.6,0.5,4.69,7.7,10.71,7.45,21.0,3.16,14.0,0.6,0.4,0.5,-7.52,-3.91,3.43,-2.58,21.0,5.47,14.0,0.6,0.4,0.5,-1.29,2.98,7.46,2.61,21.0,4.92,14.0,0.6,0.4,0.5,1012.17,1018.0,1021.77,1017.77,21.0,5.89,16.0,0.5,0.4,0.5,1.0,6.0,7.7,4.8,22.0,2.8,16.0,0.5,0.4,0.5,-66.5,-19.9,24.1,-20.1,21.0,54.7,14.0,0.6,0.4,0.5,-6.5,18.3,70.2,21.5,21.0,51.3,14.0,0.6,0.4,0.5,-0.91,0.85,2.09,0.84,16.0,1.87,14.0,0.6,0.4,0.5,-9.7,4.2,17.4,4.1,16.0,14.7,14.0,0.6,0.4,0.5,1.27,4.59,5.69,3.7,16.0,2.1,14.0,0.6,0.4,0.5,6.1,26.6,39.0,24.9,16.0,19.6,14.0,0.6,0.4,0.5,-155.0,-69.2,47.2,-61.1,20.0,87.8,16.0,0.6,0.4,0.5,-25.2,45.9,129.4,40.0,20.0,91.1,16.0,0.6,0.4,0.5,-88.7,-31.8,23.1,-35.7,19.0,52.4,14.0,0.6,0.4,0.5,-13.2,25.9,61.3,20.6,19.0,52.3,14.0,0.6,0.4,0.5,-24.1,-6.2,10.3,-8.1,16.0,17.5,14.0,0.6,0.4,0.5,0.4,10.1,33.6,16.5,16.0,19.5,14.0,0.6,0.4,0.5,103.5,456.5,1230.5,617.5,21.0,586.5,14.0,0.6,0.4,0.5,105.0,455.0,1230.0,615.0,21.0,585.0,14.0,0.6,0.4,0.5
1974,2,119.0,-20.0,28.63,28.9,31.02,29.8,3.0,1.92,18.0,0.0,0.3,0.6,28.16,28.5,28.5,28.33,3.0,0.29,18.0,0.0,0.3,0.6,19.46,21.86,22.5,21.0,3.0,2.35,18.0,0.0,0.3,0.6,80.8,88.9,91.5,86.2,3.0,8.2,18.0,0.0,0.6,3.92,4.6,6.03,4.97,3.0,1.58,18.0,0.0,0.3,0.6,-3.43,3.38,4.21,0.46,3.0,6.14,18.0,0.0,0.3,0.6,-0.84,0.0,0.79,-0.02,3.0,1.2,18.0,0.0,0.3,0.6,1002.8,1003.0,1003.34,1003.07,3.0,0.4,18.0,0.0,0.3,0.6,4.3,5.0,5.7,5.0,3.0,1.0,18.0,0.0,0.3,0.6,-26.3,12.2,18.3,-3.6,3.0,35.4,18.0,0.0,0.3,0.6,-3.0,0.0,5.3,1.1,3.0,6.2,18.0,0.0,0.3,0.6,0.43,0.5,2.55,1.47,3.0,1.76,18.0,0.0,0.3,0.6,2.3,3.4,9.7,5.9,3.0,5.8,18.0,0.0,0.3,0.6,3.64,6.27,7.68,5.68,3.0,3.01,18.0,0.0,0.3,0.6,17.1,30.0,38.2,27.7,3.0,15.6,18.0,0.0,0.3,0.6,-95.5,96.4,120.1,14.3,3.0,173.2,18.0,0.0,0.3,0.6,-24.0,0.0,22.2,-0.8,3.0,33.8,18.0,0.0,0.3,0.6,-59.1,73.9,95.1,19.3,3.0,122.5,18.0,0.0,0.3,0.6,-18.4,0.0,14.6,-1.9,3.0,24.2,18.0,0.0,0.3,0.6,-24.7,11.1,22.8,-0.7,3.0,36.3,18.0,0.0,0.3,0.6,-7.0,0.0,5.0,-1.0,3.0,8.8,18.0,0.0,0.3,0.6,62.5,97.5,236.0,148.5,3.0,134.5,18.0,0.0,0.3,0.6,65.0,95.0,235.0,150.0,3.0,135.0,18.0,0.0,0.3,0.6
1974,2,119.0,-19.0,28.0,28.0,28.0,28.0,1.0,0.0,20.0,1.0,0.6,0.2,32.4,32.4,32.4,32.4,1.0,0.0,20.0,1.0,0.6,0.2,19.15,19.15,19.15,19.15,1.0,0.0,20.0,1.0,0.6,0.2,62.4,62.4,62.4,62.4,1.0,0.0,20.0,1.0,0.2,5.1,5.1,5.1,5.1,1.0,0.0,20.0,1.0,0.6,0.2,2.55,2.55,2.55,2.55,1.0,0.0,20.0,1.0,0.6,0.2,4.42,4.42,4.42,4.42,1.0,0.0,20.0,1.0,0.6,0.2,1002.9,1002.9,1002.9,1002.9,1.0,0.0,20.0,1.0,0.6,0.2,2.0,2.0,2.0,2.0,1.0,0.0,20.0,1.0,0.6,0.2,13.0,13.0,13.0,13.0,1.0,0.0,20.0,1.0,0.6,0.2,22.5,22.5,22.5,22.5,1.0,0.0,20.0,1.0,0.6,0.2,-4.4,-4.4,-4.4,-4.4,1.0,0.0,20.0,1.0,0.6,0.2,-22.4,-22.4,-22.4,-22.4,1.0,0.0,20.0,1.0,0.6,0.2,4.76,4.76,4.76,4.76,1.0,0.0,20.0,1.0,0.6,0.2,24.3,24.3,24.3,24.3,1.0,0.0,20.0,1.0,0.6,0.2,82.6,82.6,82.6,82.6,1.0,0.0,20.0,1.0,0.6,0.2,143.1,143.1,143.1,143.1,1.0,0.0,20.0,1.0,0.6,0.2,48.8,48.8,48.8,48.8,1.0,0.0,20.0,1.0,0.6,0.2,84.6,84.6,84.6,84.6,1.0,0.0,20.0,1.0,0.6,0.2,12.1,12.1,12.1,12.1,1.0,0.0,20.0,1.0,0.6,0.2,21.0,21.0,21.0,21.0,1.0,0.0,20.0,1.0,0.6,0.2,132.5,132.5,132.5,132.5,1.0,0.0,20.0,1.0,0.6,0.2,135.0,135.0,135.0,135.0,1.0,0.0,20.0,1.0,0.6,0.2
1974,2,119.0,-18.0,28.5,28.5,28.5,28.5,1.0,0.0,26.0,0.0,0.2,1.0,28.49,29.1,29.71,29.1,2.0,1.27,22.0,0.5,0.1,1.0,18.52,19.16,19.79,19.16,2.0,1.31,22.0,0.5,0.1,1.0,70.6,75.7,80.9,75.7,2.0,10.7,22.0,0.5,1.0,5.27,5.65,6.03,5.65,2.0,0.78,22.0,0.5,0.1,1.0,2.32,3.56,4.79,3.56,2.0,2.56,22.0,0.5,0.1,1.0,3.37,3.95,4.52,3.95,2.0,1.2,22.0,0.5,0.1,1.0,1003.5,1003.5,1003.5,1003.5,2.0,0.0,22.0,0.5,0.1,1.0,4.3,5.0,5.7,5.0,2.0,1.4,22.0,0.5,0.1,1.0,12.8,21.1,29.4,21.1,2.0,17.2,22.0,0.5,0.1,1.0,20.0,21.8,23.6,21.8,2.0,3.7,22.0,0.5,0.1,1.0,-1.5,-1.5,-1.5,-1.5,1.0,0.0,26.0,0.0,0.2,1.0,-7.6,-7.6,-7.6,-7.6,1.0,0.0,26.0,0.0,0.2,1.0,6.38,6.38,6.38,6.38,1.0,0.0,26.0,0.0,0.2,1.0,32.5,32.5,32.5,32.5,1.0,0.0,26.0,0.0,0.2,1.0,68.1,101.9,135.7,101.9,2.0,70.1,22.0,0.5,0.1,1.0,96.4,115.6,134.8,115.6,2.0,39.8,22.0,0.5,0.1,1.0,43.9,69.8,95.8,69.8,2.0,53.8,22.0,0.5,0.1,1.0,66.2,74.8,83.4,74.8,2.0,17.7,22.0,0.5,0.1,1.0,11.1,11.1,11.1,11.1,1.0,0.0,26.0,0.0,0.2,1.0,30.6,30.6,30.6,30.6,1.0,0.0,26.0,0.0,0.2,1.0,149.5,185.5,221.5,185.5,2.0,74.5,22.0,0.5,0.1,1.0,150.0,185.0,220.0,185.0,2.0,75.0,22.0,0.5,0.1,1.0
1974,2,119.0,-17.0,27.19,29.0,29.43,28.64,7.0,1.12,12.0,0.4,0.5,0.8,27.0,27.9,28.83,27.94,10.0,0.81,14.0,0.5,0.5,0.8,18.02,19.16,19.8,18.88,8.0,1.12,14.0,0.5,0.5,0.8,77.8,79.9,83.9,80.2,8.0,3.4,14.0,0.5,0.8,4.1,4.6,7.57,5.71,9.0,2.37,14.0,0.4,0.5,0.9,3.33,4.32,5.78,4.77,9.0,2.32,14.0,0.4,0.5,0.9,-1.41,0.0,4.74,1.36,9.0,3.05,14.0,0.4,0.5,0.9,1002.54,1004.0,1007.58,1004.88,9.0,2.59,14.0,0.6,0.4,0.8,2.4,4.5,5.6,4.0,10.0,2.1,14.0,0.5,0.5,0.8,13.9,21.2,37.1,31.3,9.0,29.3,14.0,0.4,0.5,0.9,-4.0,0.0,31.9,9.3,9.0,22.3,14.0,0.4,0.5,0.9,-0.54,1.6,2.05,0.96,7.0,1.57,12.0,0.4,0.5,0.8,-3.4,8.2,10.9,7.3,7.0,11.9,12.0,0.4,0.5,0.8,3.7,6.1,7.79,5.98,7.0,2.0,12.0,0.4,0.5,0.8,20.9,32.9,39.8,34.7,7.0,22.2,12.0,0.4,0.5,0.8,95.9,124.2,160.2,132.2,9.0,61.5,14.0,0.4,0.5,0.9,-40.0,0.0,131.4,38.8,9.0,85.7,14.0,0.4,0.5,0.9,63.5,78.1,119.0,91.2,8.0,48.1,14.0,0.5,0.5,0.8,-30.2,0.0,98.0,25.7,8.0,62.1,14.0,0.5,0.5,0.8,16.0,32.9,39.8,32.0,7.0,23.5,12.0,0.4,0.5,0.8,-6.5,0.0,14.2,1.3,7.0,12.0,12.0,0.4,0.5,0.8,69.0,97.5,434.0,279.0,9.0,340.5,14.0,0.4,0.5,0.9,70.0,95.0,435.0,280.0,9.0,340.0,14.0,0.4,0.5,0.9
1974,2,119.0,-16.0,26.25,27.0,29.05,27.63,3.0,2.12,20.0,0.7,0.7,0.4,26.84,28.0,28.21,27.48,5.0,1.4,20.0,0.6,0.8,0.4,19.85,20.1,20.36,20.11,4.0,0.34,20.0,0.5,0.7,0.4,83.3,84.8,93.0,88.0,4.0,8.1,20.0,0.5,0.4,3.0,5.65,7.47,5.55,6.0,2.51,18.0,0.7,0.7,0.5,2.66,4.84,5.68,4.42,6.0,1.86,18.0,0.7,0.7,0.5,-1.09,0.55,4.12,1.66,6.0,3.61,18.0,0.7,0.7,0.5,1003.38,1004.5,1006.08,1004.45,6.0,1.81,18.0,0.7,0.7,0.5,1.6,5.0,8.0,4.7,6.0,3.2,18.0,0.7,0.7,0.5,8.1,29.5,44.3,27.3,6.0,17.8,18.0,0.7,0.7,0.5,-5.3,0.9,30.7,13.8,6.0,31.5,18.0,0.7,0.7,0.5,-1.95,-1.4,2.97,0.47,3.0,3.95,20.0,0.7,0.7,0.4,-6.7,-5.7,29.9,11.2,3.0,30.6,20.0,0.7,0.7,0.4,1.54,1.93,5.34,3.4,3.0,3.06,20.0,0.7,0.7,0.4,5.5,9.8,47.1,25.9,3.0,33.5,20.0,0.7,0.7,0.4,90.9,142.6,165.6,129.7,5.0,53.9,20.0,0.6,0.8,0.4,-28.4,56.0,128.4,56.9,5.0,95.8,20.0,0.6,0.8,0.4,61.6,98.0,105.9,84.4,4.0,34.9,20.0,0.5,0.7,0.4,9.2,50.9,114.2,61.2,4.0,74.8,20.0,0.5,0.7,0.4,4.6,9.7,25.1,14.7,3.0,15.6,20.0,0.7,0.7,0.4,-0.3,2.7,38.9,18.9,3.0,32.0,20.0,0.7,0.7,0.4,27.5,185.5,438.5,261.0,6.0,294.0,18.0,0.7,0.7,0.5,25.0,185.0,440.0,260.0,6.0,295.0,18.0,0.7,0.7,0.5
1974,2,119.0,-15.0,,,,,,,,,,,,,,,,,,,,,,,,,,,,,,,,,,,,,,,,7.2,7.2,7.2,7.2,1.0,0.0,20.0,0.0,0.6,0.9,5.52,5.52,5.52,5.52,1.0,0.0,20.0,0.0,0.6,0.9,4.63,4.63,4.63,4.63,1.0,0.0,20.0,0.0,0.6,0.9,1004.5,1004.5,1004.5,1004.5,1.0,0.0,20.0,0.0,0.6,0.9,,,,,,,,,,,,,,,,,,,,,,,,,,,,,,,,,,,,,,,,,,,,,,,,,,,,,,,,,,,,,,,,,,,,,,,,,,,,,,,,,,,,,,,,,,,,,,,,,,,,,,,,,,,,,,,,,,,,,,,,,,,,,,,,,,,,,,,,,,,,,,,,,,,,,,
1974,2,119.0,-13.0,27.0,27.0,27.0,27.0,1.0,0.0,28.0,1.0,0.9,1.0,28.0,28.0,28.0,28.0,1.0,0.0,28.0,1.0,0.9,1.0,18.64,18.64,18.64,18.64,1.0,0.0,28.0,1.0,0.9,1.0,78.4,78.4,78.4,78.4,1.0,0.0,28.0,1.0,1.0,8.2,8.2,8.2,8.2,1.0,0.0,28.0,1.0,0.9,1.0,1.42,1.42,1.42,1.42,1.0,0.0,28.0,1.0,0.9,1.0,-8.08,-8.08,-8.08,-8.08,1.0,0.0,28.0,1.0,0.9,1.0,1005.5,1005.5,1005.5,1005.5,1.0,0.0,28.0,1.0,0.9,1.0,5.0,5.0,5.0,5.0,1.0,0.0,28.0,1.0,0.9,1.0,11.7,11.7,11.7,11.7,1.0,0.0,28.0,1.0,0.9,1.0,-66.2,-66.2,-66.2,-66.2,1.0,0.0,28.0,1.0,0.9,1.0,-1.0,-1.0,-1.0,-1.0,1.0,0.0,28.0,1.0,0.9,1.0,-8.2,-8.2,-8.2,-8.2,1.0,0.0,28.0,1.0,0.9,1.0,3.83,3.83,3.83,3.83,1.0,0.0,28.0,1.0,0.9,1.0,31.4,31.4,31.4,31.4,1.0,0.0,28.0,1.0,0.9,1.0,39.9,39.9,39.9,39.9,1.0,0.0,28.0,1.0,0.9,1.0,-226.1,-226.1,-226.1,-226.1,1.0,0.0,28.0,1.0,0.9,1.0,26.5,26.5,26.5,26.5,1.0,0.0,28.0,1.0,0.9,1.0,-150.5,-150.5,-150.5,-150.5,1.0,0.0,28.0,1.0,0.9,1.0,5.5,5.5,5.5,5.5,1.0,0.0,28.0,1.0,0.9,1.0,-30.9,-30.9,-30.9,-30.9,1.0,0.0,28.0,1.0,0.9,1.0,551.5,551.5,551.5,551.5,1.0,0.0,28.0,1.0,0.9,1.0,550.0,550.0,550.0,550.0,1.0,0.0,28.0,1.0,0.9,1.0
1974,2,119.0,-9.0,27.06,27.2,28.2,27.6,5.0,0.79,16.0,0.6,0.5,1.0,26.39,26.8,27.83,27.08,5.0,0.88,16.0,0.6,0.5,1.0,18.64,20.45,20.98,19.91,5.0,1.61,16.0,0.6,0.5,1.0,85.0,89.5,91.8,88.3,5.0,5.6,16.0,0.6,1.0,3.92,7.7,8.2,6.36,5.0,2.31,16.0,0.6,0.5,1.0,3.88,4.95,7.5,5.58,5.0,1.99,16.0,0.6,0.5,1.0,-4.76,0.0,0.26,-1.86,5.0,2.95,16.0,0.6,0.5,1.0,1004.94,1006.8,1007.2,1006.12,5.0,1.45,16.0,0.6,0.5,1.0,4.6,7.0,8.0,6.4,5.0,1.8,16.0,0.6,0.5,1.0,15.2,38.1,61.5,38.6,5.0,24.2,16.0,0.6,0.5,1.0,-37.9,0.0,1.1,-15.2,5.0,22.6,16.0,0.6,0.5,1.0,-0.76,0.3,1.81,0.52,5.0,1.53,16.0,0.6,0.5,1.0,-4.4,1.1,14.4,4.7,5.0,10.9,16.0,0.6,0.5,1.0,1.65,3.02,5.33,3.37,5.0,2.03,16.0,0.6,0.5,1.0,12.1,18.2,32.0,21.7,5.0,14.9,16.0,0.6,0.5,1.0,108.0,129.7,201.8,150.9,5.0,54.0,16.0,0.6,0.5,1.0,-125.4,0.0,7.4,-48.6,5.0,77.9,16.0,0.6,0.5,1.0,78.9,95.5,153.7,112.0,5.0,43.2,16.0,0.6,0.5,1.0,-94.9,0.0,5.7,-36.5,5.0,58.3,16.0,0.6,0.5,1.0,12.1,18.2,24.1,17.8,5.0,9.1,16.0,0.6,0.5,1.0,-20.4,0.0,0.2,-9.2,5.0,15.0,16.0,0.6,0.5,1.0,61.0,456.5,551.5,335.0,5.0,256.0,16.0,0.6,0.5,1.0,60.0,455.0,550.0,335.0,5.0,255.0,16.0,0.6,0.5,1.0
1974,2,119.0,-8.0,,,,,,,,,,,,,,,,,,,,,,,,,,,,,,,,,,,,,,,,4.6,4.6,4.6,4.6,1.0,0.0,14.0,0.0,0.6,0.1,4.32,4.32,4.32,4.32,1.0,0.0,14.0,0.0,0.6,0.1,-1.57,-1.57,-1.57,-1.57,1.0,0.0,14.0,0.0,0.6,0.1,1008.5,1008.5,1008.5,1008.5,1.0,0.0,14.0,0.0,0.6,0.1,8.0,8.0,8.0,8.0,1.0,0.0,14.0,0.0,0.6,0.1,19.9,19.9,19.9,19.9,1.0,0.0,14.0,0.0,0.6,0.1,-7.2,-7.2,-7.2,-7.2,1.0,0.0,14.0,0.0,0.6,0.1,,,,,,,,,,,,,,,,,,,,,,,,,,,,,,,,,,,,,,,,,110.2,110.2,110.2,110.2,1.0,0.0,14.0,0.0,0.6,0.1,-40.1,-40.1,-40.1,-40.1,1.0,0.0,14.0,0.0,0.6,0.1,81.3,81.3,81.3,81.3,1.0,0.0,14.0,0.0,0.6,0.1,-29.6,-29.6,-29.6,-29.6,1.0,0.0,14.0,0.0,0.6,0.1,,,,,,,,,,,,,,,,,,,,,,,,,,,,,,,,,,,,,,,,
1974,2,119.0,-7.0,26.35,26.9,27.45,26.9,2.0,1.13,12.0,0.5,0.6,0.7,26.12,26.8,27.48,26.8,2.0,1.41,12.0,0.5,0.6,0.7,19.54,19.64,19.73,19.64,2.0,0.2,12.0,0.5,0.6,0.7,85.7,89.0,92.2,89.0,2.0,6.7,12.0,0.5,0.7,5.94,6.45,6.96,6.45,2.0,1.06,12.0,0.5,0.6,0.7,5.8,6.19,6.58,6.19,2.0,0.81,12.0,0.5,0.6,0.7,-2.23,-1.73,-1.22,-1.73,2.0,1.04,12.0,0.5,0.6,0.7,1007.18,1008.0,1008.82,1008.0,2.0,1.7,12.0,0.5,0.6,0.7,5.5,6.5,7.5,6.5,2.0,2.1,12.0,0.5,0.6,0.7,34.6,40.4,46.1,40.4,2.0,11.8,12.0,0.5,0.6,0.7,-15.8,-11.7,-7.6,-11.7,2.0,8.5,12.0,0.5,0.6,0.7,-0.04,0.1,0.24,0.1,2.0,0.28,12.0,0.5,0.6,0.7,-0.3,0.5,1.3,0.5,2.0,1.7,12.0,0.5,0.6,0.7,2.02,2.66,3.31,2.66,2.0,1.34,12.0,0.5,0.6,0.7,12.4,17.9,23.4,17.9,2.0,11.5,12.0,0.5,0.6,0.7,151.7,166.5,181.2,166.5,2.0,30.6,12.0,0.5,0.6,0.7,-61.6,-47.0,-32.3,-47.0,2.0,30.4,12.0,0.5,0.6,0.7,113.3,121.6,129.9,121.6,2.0,17.2,12.0,0.5,0.6,0.7,-44.0,-34.0,-24.0,-34.0,2.0,20.8,12.0,0.5,0.6,0.7,12.0,17.0,22.1,17.0,2.0,10.5,12.0,0.5,0.6,0.7,-7.8,-5.3,-2.8,-5.3,2.0,5.1,12.0,0.5,0.6,0.7,215.0,279.0,343.5,279.0,2.0,133.0,12.0,0.5,0.6,0.7,215.0,280.0,345.0,280.0,2.0,135.0,12.0,0.5,0.6,0.7
1974,2,119.0,-6.0,28.3,28.3,28.3,28.3,1.0,0.0,20.0,1.0,0.9,0.3,28.9,28.9,28.9,28.9,1.0,0.0,20.0,1.0,0.9,0.3,19.08,19.08,19.08,19.08,1.0,0.0,20.0,1.0,0.9,0.3,76.2,76.2,76.2,76.2,1.0,0.0,20.0,1.0,0.3,10.3,10.3,10.3,10.3,1.0,0.0,20.0,1.0,0.9,0.3,10.3,10.3,10.3,10.3,1.0,0.0,20.0,1.0,0.9,0.3,0.0,0.0,0.0,0.0,1.0,0.0,20.0,1.0,0.9,0.3,1006.2,1006.2,1006.2,1006.2,1.0,0.0,20.0,1.0,0.9,0.3,6.0,6.0,6.0,6.0,1.0,0.0,20.0,1.0,0.9,0.3,106.1,106.1,106.1,106.1,1.0,0.0,20.0,1.0,0.9,0.3,0.0,0.0,0.0,0.0,1.0,0.0,20.0,1.0,0.9,0.3,-0.6,-0.6,-0.6,-0.6,1.0,0.0,20.0,1.0,0.9,0.3,-6.2,-6.2,-6.2,-6.2,1.0,0.0,20.0,1.0,0.9,0.3,5.17,5.17,5.17,5.17,1.0,0.0,20.0,1.0,0.9,0.3,53.2,53.2,53.2,53.2,1.0,0.0,20.0,1.0,0.9,0.3,297.7,297.7,297.7,297.7,1.0,0.0,20.0,1.0,0.9,0.3,0.0,0.0,0.0,0.0,1.0,0.0,20.0,1.0,0.9,0.3,196.6,196.6,196.6,196.6,1.0,0.0,20.0,1.0,0.9,0.3,0.0,0.0,0.0,0.0,1.0,0.0,20.0,1.0,0.9,0.3,53.2,53.2,53.2,53.2,1.0,0.0,20.0,1.0,0.9,0.3,0.0,0.0,0.0,0.0,1.0,0.0,20.0,1.0,0.9,0.3,1092.5,1092.5,1092.5,1092.5,1.0,0.0,20.0,1.0,0.9,0.3,1095.0,1095.0,1095.0,1095.0,1.0,0.0,20.0,1.0,0.9,0.3
1974,2,119.0,-2.0,27.5,27.5,27.5,27.5,1.0,0.0,4.0,1.0,0.2,1.0,26.0,26.0,26.0,26.0,1.0,0.0,4.0,1.0,0.2,1.0,17.56,17.56,17.56,17.56,1.0,0.0,4.0,1.0,0.2,1.0,83.6,83.6,83.6,83.6,1.0,0.0,4.0,1.0,1.0,3.1,3.1,3.1,3.1,1.0,0.0,4.0,1.0,0.2,1.0,-3.05,-3.05,-3.05,-3.05,1.0,0.0,4.0,1.0,0.2,1.0,0.54,0.54,0.54,0.54,1.0,0.0,4.0,1.0,0.2,1.0,1010.1,1010.1,1010.1,1010.1,1.0,0.0,4.0,1.0,0.2,1.0,6.0,6.0,6.0,6.0,1.0,0.0,4.0,1.0,0.2,1.0,-9.5,-9.5,-9.5,-9.5,1.0,0.0,4.0,1.0,0.2,1.0,1.7,1.7,1.7,1.7,1.0,0.0,4.0,1.0,0.2,1.0,1.5,1.5,1.5,1.5,1.0,0.0,4.0,1.0,0.2,1.0,4.7,4.7,4.7,4.7,1.0,0.0,4.0,1.0,0.2,1.0,5.48,5.48,5.48,5.48,1.0,0.0,4.0,1.0,0.2,1.0,17.0,17.0,17.0,17.0,1.0,0.0,4.0,1.0,0.2,1.0,-79.4,-79.4,-79.4,-79.4,1.0,0.0,4.0,1.0,0.2,1.0,14.0,14.0,14.0,14.0,1.0,0.0,4.0,1.0,0.2,1.0,-53.6,-53.6,-53.6,-53.6,1.0,0.0,4.0,1.0,0.2,1.0,9.5,9.5,9.5,9.5,1.0,0.0,4.0,1.0,0.2,1.0,-16.7,-16.7,-16.7,-16.7,1.0,0.0,4.0,1.0,0.2,1.0,2.9,2.9,2.9,2.9,1.0,0.0,4.0,1.0,0.2,1.0,30.0,30.0,30.0,30.0,1.0,0.0,4.0,1.0,0.2,1.0,30.0,30.0,30.0,30.0,1.0,0.0,4.0,1.0,0.2,1.0
1974,2,119.0,-1.0,28.35,29.1,29.37,28.87,3.0,0.78,12.0,0.3,0.2,0.4,27.19,27.8,28.67,27.93,4.0,0.93,12.0,0.3,0.2,0.4,17.92,18.6,20.7,19.28,4.0,2.08,12.0,0.3,0.2,0.4,78.8,79.4,84.1,81.4,4.0,4.4,12.0,0.3,0.4,3.1,3.1,4.12,3.6,3.0,0.87,12.0,0.3,0.2,0.2,-0.58,1.55,2.11,0.78,3.0,2.08,12.0,0.3,0.2,0.2,-3.8,-2.68,0.51,-1.67,3.0,3.28,12.0,0.3,0.2,0.2,1006.94,1007.2,1008.03,1007.48,4.0,0.84,12.0,0.3,0.2,0.4,5.5,6.5,7.0,6.3,4.0,1.0,12.0,0.3,0.2,0.4,-3.4,4.8,6.6,1.6,3.0,7.8,12.0,0.3,0.2,0.2,-16.2,-8.3,1.6,-7.3,3.0,13.1,12.0,0.3,0.2,0.2,0.59,1.0,1.48,1.03,3.0,0.65,12.0,0.3,0.2,0.4,1.9,3.3,4.6,3.3,2.0,2.8,14.0,0.5,0.2,0.3,4.5,6.19,6.82,5.67,3.0,1.76,12.0,0.3,0.2,0.4,13.2,16.8,20.4,16.8,2.0,7.5,14.0,0.5,0.2,0.3,-16.0,45.1,58.7,21.9,3.0,58.3,12.0,0.3,0.2,0.2,-108.0,-78.1,12.5,-48.5,3.0,91.9,12.0,0.3,0.2,0.2,-9.4,34.6,40.5,16.0,3.0,39.9,12.0,0.3,0.2,0.2,-74.9,-59.8,5.8,-35.1,3.0,62.9,12.0,0.3,0.2,0.2,7.5,11.3,15.1,11.3,2.0,7.9,14.0,0.5,0.2,0.3,-6.1,2.1,10.4,2.1,2.0,17.1,14.0,0.5,0.2,0.3,30.0,30.0,76.0,52.5,3.0,39.0,12.0,0.3,0.2,0.2,30.0,30.0,75.0,50.0,3.0,40.0,12.0,0.3,0.2,0.2
1974,2,119.0,0.0,28.6,28.6,28.6,28.6,1.0,0.0,16.0,0.0,0.7,0.8,26.46,26.6,26.74,26.6,2.0,0.28,12.0,0.0,0.7,0.8,18.37,18.38,18.38,18.38,2.0,0.0,12.0,0.0,0.7,0.8,83.5,84.1,84.8,84.1,2.0,1.4,12.0,0.0,0.8,3.42,4.1,4.78,4.1,2.0,1.41,12.0,0.0,0.7,0.8,-0.28,1.01,2.31,1.01,2.0,2.69,12.0,0.0,0.7,0.8,-4.06,-1.98,0.09,-1.98,2.0,4.3,12.0,0.0,0.7,0.8,1007.45,1007.55,1007.65,1007.55,2.0,0.21,12.0,0.0,0.7,0.8,8.0,8.0,8.0,8.0,2.0,0.0,12.0,0.0,0.7,0.8,-2.4,2.3,6.9,2.3,2.0,9.6,12.0,0.0,0.7,0.8,-21.0,-11.2,-1.3,-11.2,2.0,20.4,12.0,0.0,0.7,0.8,1.8,1.8,1.8,1.8,1.0,0.0,16.0,0.0,0.7,0.8,5.6,5.6,5.6,5.6,1.0,0.0,16.0,0.0,0.7,0.8,6.28,6.28,6.28,6.28,1.0,0.0,16.0,0.0,0.7,0.8,19.5,19.5,19.5,19.5,1.0,0.0,16.0,0.0,0.7,0.8,-7.3,27.3,62.0,27.3,2.0,71.7,12.0,0.0,0.7,0.8,-107.0,-52.1,2.9,-52.1,2.0,113.9,12.0,0.0,0.7,0.8,-5.2,18.6,42.4,18.6,2.0,49.4,12.0,0.0,0.7,0.8,-74.6,-36.4,1.7,-36.4,2.0,79.0,12.0,0.0,0.7,0.8,18.3,18.3,18.3,18.3,1.0,0.0,16.0,0.0,0.7,0.8,6.7,6.7,6.7,6.7,1.0,0.0,16.0,0.0,0.7,0.8,46.0,81.0,116.5,81.0,2.0,72.5,12.0,0.0,0.7,0.8,45.0,80.0,115.0,80.0,2.0,75.0,12.0,0.0,0.7,0.8
1974,2,119.0,2.0,28.5,28.5,28.5,28.5,1.0,0.0,12.0,1.0,0.5,0.9,27.0,27.0,27.0,27.0,1.0,0.0,12.0,1.0,0.5,0.9,22.41,22.41,22.41,22.41,1.0,0.0,12.0,1.0,0.5,0.9,100.0,100.0,100.0,100.0,1.0,0.0,12.0,1.0,0.9,6.2,6.2,6.2,6.2,1.0,0.0,12.0,1.0,0.5,0.9,2.12,2.12,2.12,2.12,1.0,0.0,12.0,1.0,0.5,0.9,-5.83,-5.83,-5.83,-5.83,1.0,0.0,12.0,1.0,0.5,0.9,1008.2,1008.2,1008.2,1008.2,1.0,0.0,12.0,1.0,0.5,0.9,8.0,8.0,8.0,8.0,1.0,0.0,12.0,1.0,0.5,0.9,13.1,13.1,13.1,13.1,1.0,0.0,12.0,1.0,0.5,0.9,-36.1,-36.1,-36.1,-36.1,1.0,0.0,12.0,1.0,0.5,0.9,1.5,1.5,1.5,1.5,1.0,0.0,12.0,1.0,0.5,0.9,9.3,9.3,9.3,9.3,1.0,0.0,12.0,1.0,0.5,0.9,2.09,2.09,2.09,2.09,1.0,0.0,12.0,1.0,0.5,0.9,12.9,12.9,12.9,12.9,1.0,0.0,12.0,1.0,0.5,0.9,57.3,57.3,57.3,57.3,1.0,0.0,12.0,1.0,0.5,0.9,-157.3,-157.3,-157.3,-157.3,1.0,0.0,12.0,1.0,0.5,0.9,47.5,47.5,47.5,47.5,1.0,0.0,12.0,1.0,0.5,0.9,-130.5,-130.5,-130.5,-130.5,1.0,0.0,12.0,1.0,0.5,0.9,4.4,4.4,4.4,4.4,1.0,0.0,12.0,1.0,0.5,0.9,-12.2,-12.2,-12.2,-12.2,1.0,0.0,12.0,1.0,0.5,0.9,238.5,238.5,238.5,238.5,1.0,0.0,12.0,1.0,0.5,0.9,240.0,240.0,240.0,240.0,1.0,0.0,12.0,1.0,0.5,0.9
1974,2,119.0,7.0,26.22,26.7,27.18,26.7,2.0,0.99,12.0,0.0,0.4,0.7,26.57,27.35,28.13,27.35,2.0,1.63,12.0,0.0,0.4,0.7,17.37,17.99,18.61,17.99,2.0,1.28,12.0,0.0,0.4,0.7,78.0,78.8,79.7,78.8,2.0,1.8,12.0,0.0,0.7,9.3,9.3,9.3,9.3,2.0,0.0,12.0,0.0,0.4,0.7,-8.21,-6.17,-4.13,-6.17,2.0,4.23,12.0,0.0,0.4,0.7,-7.61,-5.18,-2.75,-5.18,2.0,5.04,12.0,0.0,0.4,0.7,1007.28,1008.3,1009.32,1008.3,2.0,2.12,12.0,0.0,0.4,0.7,3.6,5.0,6.4,5.0,2.0,2.8,12.0,0.0,0.4,0.7,-76.4,-57.4,-38.4,-57.4,2.0,39.3,12.0,0.0,0.4,0.7,-70.8,-48.1,-25.5,-48.1,2.0,46.8,12.0,0.0,0.4,0.7,-1.91,-0.65,0.61,-0.65,2.0,2.62,12.0,0.0,0.4,0.7,-17.8,-6.0,5.7,-6.0,2.0,24.3,12.0,0.0,0.4,0.7,2.76,4.03,5.3,4.03,2.0,2.63,12.0,0.0,0.4,0.7,25.7,37.5,49.3,37.5,2.0,24.5,12.0,0.0,0.4,0.7,-232.8,-172.2,-111.5,-172.2,2.0,125.6,12.0,0.0,0.4,0.7,-199.9,-137.5,-75.1,-137.5,2.0,129.4,12.0,0.0,0.4,0.7,-154.3,-113.7,-73.2,-113.7,2.0,84.0,12.0,0.0,0.4,0.7,-130.5,-89.9,-49.4,-89.9,2.0,84.0,12.0,0.0,0.4,0.7,-19.7,-19.3,-18.9,-19.3,2.0,0.8,12.0,0.0,0.4,0.7,-43.9,-27.5,-11.1,-27.5,2.0,33.9,12.0,0.0,0.4,0.7,804.5,804.5,804.5,804.5,2.0,0.0,12.0,0.0,0.4,0.7,805.0,805.0,805.0,805.0,2.0,0.0,12.0,0.0,0.4,0.7
1974,2,119.0,8.0,27.07,27.85,28.63,27.85,2.0,1.63,22.0,0.0,0.6,0.6,25.19,25.6,26.56,25.87,3.0,1.03,22.0,0.0,0.6,0.6,17.63,18.04,18.45,18.04,2.0,0.85,22.0,0.0,0.6,0.6,80.3,84.6,88.9,84.6,2.0,8.9,22.0,0.0,0.6,1.67,3.1,3.78,2.73,3.0,1.58,22.0,0.0,0.6,0.6,-3.09,-1.06,-0.34,-1.7,3.0,2.09,22.0,0.0,0.6,0.6,-2.31,-1.0,-0.8,-1.54,3.0,1.2,22.0,0.0,0.6,0.6,1010.32,1011.0,1011.14,1010.73,3.0,0.64,22.0,0.0,0.6,0.6,1.3,4.0,6.7,4.0,3.0,4.0,22.0,0.0,0.6,0.6,-12.3,-3.3,-1.0,-6.6,3.0,8.8,22.0,0.0,0.6,0.6,-7.1,-2.9,-1.6,-4.3,3.0,4.2,22.0,0.0,0.6,0.6,1.24,1.55,1.86,1.55,2.0,0.64,22.0,0.0,0.6,0.6,4.8,5.4,5.9,5.4,2.0,1.2,22.0,0.0,0.6,0.6,4.0,5.51,7.01,5.51,2.0,3.12,22.0,0.0,0.6,0.6,15.2,18.7,22.3,18.7,2.0,7.4,22.0,0.0,0.6,0.6,-79.6,-28.6,-9.1,-44.0,3.0,53.4,22.0,0.0,0.6,0.6,-61.6,-25.0,-20.4,-40.6,3.0,33.1,22.0,0.0,0.6,0.6,-66.3,-46.9,-27.5,-46.9,2.0,40.2,22.0,0.0,0.6,0.6,-44.8,-32.0,-19.2,-32.0,2.0,26.5,22.0,0.0,0.6,0.6,-12.5,-10.7,-9.0,-10.7,2.0,3.6,22.0,0.0,0.6,0.6,-19.3,-12.4,-5.5,-12.4,2.0,14.2,22.0,0.0,0.6,0.6,10.0,30.0,56.5,33.0,3.0,34.0,22.0,0.0,0.6,0.6,10.0,30.0,55.0,35.0,3.0,35.0,22.0,0.0,0.6,0.6
1974,2,119.0,9.0,27.56,27.7,27.84,27.7,2.0,0.28,2.0,1.0,0.4,0.3,26.98,27.15,27.32,27.15,2.0,0.35,2.0,1.0,0.4,0.3,18.23,18.48,18.74,18.48,2.0,0.53,2.0,1.0,0.4,0.3,80.2,82.2,84.2,82.2,2.0,4.2,2.0,1.0,0.3,5.94,6.45,6.96,6.45,2.0,1.06,2.0,1.0,0.4,0.3,-4.06,-3.41,-2.76,-3.41,2.0,1.35,2.0,1.0,0.4,0.3,-6.27,-5.21,-4.16,-5.21,2.0,2.19,2.0,1.0,0.4,0.3,1010.28,1011.1,1011.92,1011.1,2.0,1.7,2.0,1.0,0.4,0.3,7.2,7.5,7.8,7.5,2.0,0.7,2.0,1.0,0.4,0.3,-23.8,-21.3,-18.9,-21.3,2.0,5.1,2.0,1.0,0.4,0.3,-44.3,-34.8,-25.3,-34.8,2.0,19.7,2.0,1.0,0.4,0.3,0.52,0.55,0.58,0.55,2.0,0.07,2.0,1.0,0.4,0.3,3.4,3.5,3.6,3.5,2.0,0.1,2.0,1.0,0.4,0.3,4.35,4.81,5.27,4.81,2.0,0.96,2.0,1.0,0.4,0.3,26.1,31.5,37.0,31.5,2.0,11.3,2.0,1.0,0.4,0.3,-109.5,-92.5,-75.4,-92.5,2.0,35.3,2.0,1.0,0.4,0.3,-171.6,-142.0,-112.3,-142.0,2.0,61.4,2.0,1.0,0.4,0.3,-76.3,-63.5,-50.6,-63.5,2.0,26.7,2.0,1.0,0.4,0.3,-114.0,-95.8,-77.6,-95.8,2.0,37.8,2.0,1.0,0.4,0.3,-17.3,-15.8,-14.2,-15.8,2.0,3.2,2.0,1.0,0.4,0.3,-33.6,-26.1,-18.6,-26.1,2.0,15.5,2.0,1.0,0.4,0.3,215.0,279.0,343.5,279.0,2.0,133.0,2.0,1.0,0.4,0.3,215.0,280.0,345.0,280.0,2.0,135.0,2.0,1.0,0.4,0.3
1974,2,119.0,10.0,,,,,,,,,,,,,,,,,,,,,,,,,,,,,,,,,,,,,,,,7.7,7.7,7.7,7.7,1.0,0.0,18.0,1.0,0.5,0.7,-3.85,-3.85,-3.85,-3.85,1.0,0.0,18.0,1.0,0.5,0.7,-6.67,-6.67,-6.67,-6.67,1.0,0.0,18.0,1.0,0.5,0.7,1011.2,1011.2,1011.2,1011.2,1.0,0.0,18.0,1.0,0.5,0.7,,,,,,,,,,,,,,,,,,,,,,,,,,,,,,,,,,,,,,,,,,,,,,,,,,,,,,,,,,,,,,,,,,,,,,,,,,,,,,,,,,,,,,,,,,,,,,,,,,,,,,,,,,,,,,,,,,,,,,,,,,,,,,,,,,,,,,,,,,,,,,,,,,,,,,
1974,2,119.0,11.0,26.7,26.7,26.7,26.7,1.0,0.0,10.0,0.0,0.3,0.3,26.7,26.7,26.7,26.7,1.0,0.0,10.0,0.0,0.3,0.3,15.5,15.5,15.5,15.5,1.0,0.0,10.0,0.0,0.3,0.3,71.0,71.0,71.0,71.0,1.0,0.0,10.0,0.0,0.3,10.3,10.3,10.3,10.3,1.0,0.0,10.0,0.0,0.3,0.3,-10.3,-10.3,-10.3,-10.3,1.0,0.0,10.0,0.0,0.3,0.3,0.0,0.0,0.0,0.0,1.0,0.0,10.0,0.0,0.3,0.3,1011.9,1011.9,1011.9,1011.9,1.0,0.0,10.0,0.0,0.3,0.3,0.0,0.0,0.0,0.0,1.0,0.0,10.0,0.0,0.3,0.3,-106.1,-106.1,-106.1,-106.1,1.0,0.0,10.0,0.0,0.3,0.3,0.0,0.0,0.0,0.0,1.0,0.0,10.0,0.0,0.3,0.3,0.0,0.0,0.0,0.0,1.0,0.0,10.0,0.0,0.3,0.3,0.0,0.0,0.0,0.0,1.0,0.0,10.0,0.0,0.3,0.3,6.43,6.43,6.43,6.43,1.0,0.0,10.0,0.0,0.3,0.3,66.2,66.2,66.2,66.2,1.0,0.0,10.0,0.0,0.3,0.3,-275.0,-275.0,-275.0,-275.0,1.0,0.0,10.0,0.0,0.3,0.3,0.0,0.0,0.0,0.0,1.0,0.0,10.0,0.0,0.3,0.3,-159.6,-159.6,-159.6,-159.6,1.0,0.0,10.0,0.0,0.3,0.3,0.0,0.0,0.0,0.0,1.0,0.0,10.0,0.0,0.3,0.3,-66.2,-66.2,-66.2,-66.2,1.0,0.0,10.0,0.0,0.3,0.3,0.0,0.0,0.0,0.0,1.0,0.0,10.0,0.0,0.3,0.3,1092.5,1092.5,1092.5,1092.5,1.0,0.0,10.0,0.0,0.3,0.3,1095.0,1095.0,1095.0,1095.0,1.0,0.0,10.0,0.0,0.3,0.3
1974,2,119.0,12.0,25.0,27.2,28.0,26.64,5.0,1.53,10.0,1.0,0.1,0.4,26.08,26.8,27.2,26.65,4.0,0.72,12.0,1.0,0.1,0.3,16.55,17.51,17.82,17.19,3.0,0.98,14.0,1.0,0.1,0.4,78.2,78.3,79.0,78.6,3.0,0.6,14.0,1.0,0.4,4.73,6.0,9.1,6.74,5.0,2.42,10.0,1.0,0.1,0.4,-7.94,-3.28,-0.26,-3.65,5.0,4.95,10.0,1.0,0.1,0.4,-5.22,-3.91,-1.99,-3.59,5.0,2.32,10.0,1.0,0.1,0.4,1010.56,1011.5,1013.11,1011.72,5.0,1.45,10.0,1.0,0.1,0.4,2.0,3.0,6.0,3.8,5.0,2.0,10.0,1.0,0.1,0.4,-74.3,-16.7,1.6,-30.7,5.0,42.9,10.0,1.0,0.1,0.4,-40.1,-19.9,-8.2,-24.4,5.0,23.2,10.0,1.0,0.1,0.4,-2.2,-0.3,1.5,-0.35,4.0,2.14,12.0,1.0,0.1,0.3,-16.4,-1.4,11.1,-2.6,4.0,16.2,12.0,1.0,0.1,0.3,1.97,2.27,5.17,3.54,3.0,2.59,14.0,1.0,0.1,0.4,13.4,22.2,45.7,29.4,3.0,24.5,14.0,1.0,0.1,0.4,-214.0,-146.5,10.9,-103.6,4.0,149.4,12.0,1.0,0.1,0.3,-147.4,-114.2,-50.8,-99.8,4.0,71.9,12.0,1.0,0.1,0.3,-137.3,-131.5,-81.9,-110.1,3.0,44.6,14.0,1.0,0.1,0.4,-97.6,-70.2,-22.3,-60.2,3.0,55.8,14.0,1.0,0.1,0.4,-44.1,-17.0,-9.5,-26.6,3.0,26.6,14.0,1.0,0.1,0.4,-12.0,-7.2,-2.3,-7.1,3.0,7.1,14.0,1.0,0.1,0.4,109.5,216.0,761.5,403.5,5.0,379.0,10.0,1.0,0.1,0.4,110.0,215.0,760.0,405.0,5.0,380.0,10.0,1.0,0.1,0.4
1974,2,119.0,13.0,26.0,26.35,27.45,26.61,16.0,0.98,14.0,0.4,0.4,0.6,26.1,26.5,27.26,26.61,16.0,0.96,14.0,0.4,0.4,0.6,15.72,16.98,18.22,17.05,14.0,1.19,14.0,0.3,0.3,0.6,73.6,79.0,84.4,78.8,14.0,4.7,14.0,0.3,0.6,4.6,8.7,11.08,8.53,15.0,3.22,14.0,0.3,0.4,0.6,-10.16,-6.66,-1.47,-5.72,15.0,4.08,14.0,0.3,0.4,0.6,-7.61,-1.96,0.49,-3.35,15.0,4.96,14.0,0.3,0.4,0.6,1009.1,1010.2,1011.74,1010.32,15.0,1.32,12.0,0.3,0.4,0.6,0.0,3.0,6.0,3.3,16.0,2.8,14.0,0.4,0.4,0.6,-103.5,-58.0,-4.9,-51.7,15.0,44.1,14.0,0.3,0.4,0.6,-63.9,-12.3,1.8,-36.0,15.0,62.2,14.0,0.3,0.4,0.6,-0.76,0.2,1.07,0.0,16.0,1.26,14.0,0.4,0.4,0.6,-6.8,0.0,7.2,0.3,15.0,10.2,14.0,0.3,0.4,0.6,3.59,4.77,5.44,4.74,14.0,1.43,14.0,0.3,0.3,0.6,24.9,42.4,63.4,43.1,14.0,20.6,14.0,0.3,0.3,0.6,-255.1,-186.7,-38.5,-151.2,15.0,106.7,14.0,0.3,0.4,0.6,-201.9,-51.2,13.2,-89.0,15.0,130.7,14.0,0.3,0.4,0.6,-169.3,-118.5,-24.7,-99.3,14.0,67.8,14.0,0.3,0.3,0.6,-136.9,-29.4,10.6,-57.2,14.0,88.7,14.0,0.3,0.3,0.6,-55.6,-26.7,-4.2,-29.0,14.0,23.0,14.0,0.3,0.3,0.6,-50.4,-6.5,3.0,-16.7,14.0,26.3,14.0,0.3,0.3,0.6,116.5,658.5,1365.0,857.0,15.0,764.5,14.0,0.3,0.4,0.6,115.0,660.0,1365.0,855.0,15.0,765.0,14.0,0.3,0.4,0.6
1974,2,119.0,14.0,26.1,26.7,27.6,26.72,119.0,0.82,16.0,0.4,0.4,0.5,25.6,26.3,27.48,26.48,122.0,1.14,16.0,0.4,0.4,0.5,14.45,16.5,18.25,16.31,117.0,1.9,16.0,0.4,0.4,0.5,67.4,75.2,84.9,75.7,117.0,8.4,16.0,0.4,0.5,3.6,5.7,9.3,6.05,120.0,2.7,16.0,0.5,0.4,0.5,-7.11,-3.28,0.0,-3.48,120.0,3.48,16.0,0.5,0.4,0.5,-5.81,-2.8,0.57,-2.88,120.0,3.39,16.0,0.5,0.4,0.5,1009.31,1010.8,1012.79,1010.8,121.0,1.93,16.0,0.4,0.4,0.5,2.0,4.0,7.0,4.0,121.0,2.5,16.0,0.4,0.4,0.5,-52.0,-16.0,0.0,-25.1,120.0,33.5,16.0,0.5,0.4,0.5,-40.3,-13.4,1.7,-22.1,120.0,33.3,16.0,0.5,0.4,0.5,-0.83,0.4,1.1,0.21,119.0,1.4,16.0,0.4,0.4,0.5,-4.8,1.7,8.7,1.9,118.0,9.1,16.0,0.4,0.4,0.5,3.42,5.22,7.8,5.62,114.0,2.21,16.0,0.4,0.4,0.5,14.0,25.8,61.6,35.3,114.0,25.4,16.0,0.4,0.4,0.5,-194.7,-88.0,0.0,-91.8,120.0,90.5,16.0,0.5,0.4,0.5,-152.7,-73.1,14.7,-75.6,120.0,89.2,16.0,0.5,0.4,0.5,-115.8,-53.4,0.0,-53.9,116.0,53.5,16.0,0.4,0.4,0.5,-98.2,-46.7,0.0,-48.5,116.0,53.3,16.0,0.4,0.4,0.5,-37.2,-14.5,0.0,-20.1,114.0,26.1,16.0,0.4,0.4,0.5,-37.1,-12.7,2.1,-17.7,114.0,22.5,16.0,0.4,0.4,0.5,46.5,185.0,804.5,363.0,120.0,461.5,16.0,0.5,0.4,0.5,45.0,185.0,805.0,365.0,120.0,460.0,16.0,0.5,0.4,0.5
1974,2,119.0,15.0,26.04,26.7,27.2,26.66,73.0,0.92,14.0,0.3,0.2,0.3,25.4,26.1,26.8,26.15,74.0,1.05,14.0,0.4,0.2,0.3,13.84,16.57,17.7,16.3,72.0,2.31,14.0,0.3,0.2,0.3,67.5,78.3,84.5,77.1,73.0,8.9,14.0,0.3,0.3,3.1,6.2,11.3,6.62,75.0,3.72,14.0,0.3,0.2,0.3,-3.0,-1.41,1.12,-1.3,75.0,2.78,14.0,0.3,0.2,0.3,-10.4,-4.75,-1.85,-5.58,75.0,4.15,14.0,0.3,0.2,0.3,1009.2,1011.5,1013.1,1011.12,73.0,1.84,14.0,0.3,0.2,0.3,0.0,4.0,6.0,3.8,75.0,2.7,14.0,0.3,0.2,0.3,-26.0,-6.7,3.6,-10.9,75.0,27.6,14.0,0.3,0.2,0.3,-109.9,-24.4,-6.9,-50.2,75.0,59.0,14.0,0.3,0.2,0.3,-0.31,0.6,1.71,0.52,73.0,1.52,14.0,0.3,0.2,0.3,-0.4,2.5,14.6,5.3,73.0,11.5,14.0,0.3,0.2,0.3,3.53,5.57,8.23,5.67,71.0,2.71,14.0,0.3,0.2,0.3,13.0,29.7,86.6,42.9,71.0,36.4,14.0,0.3,0.2,0.3,-76.8,-35.9,29.7,-32.2,74.0,72.6,14.0,0.4,0.2,0.3,-266.0,-123.3,-46.5,-144.1,74.0,106.2,14.0,0.4,0.2,0.3,-48.3,-22.3,17.9,-19.7,72.0,40.0,14.0,0.3,0.2,0.3,-162.1,-77.1,-37.0,-87.9,72.0,61.0,14.0,0.3,0.2,0.3,-21.7,-7.3,4.6,-8.3,71.0,19.2,14.0,0.3,0.2,0.3,-78.8,-22.0,-7.0,-37.2,71.0,36.7,14.0,0.3,0.2,0.3,30.0,238.5,1443.0,593.0,75.0,865.0,14.0,0.3,0.2,0.3,30.0,240.0,1445.0,595.0,75.0,865.0,14.0,0.3,0.2,0.3
1974,2,119.0,16.0,25.18,26.4,26.94,26.26,30.0,1.34,16.0,0.5,0.5,0.4,25.0,25.9,27.11,26.18,28.0,1.66,16.0,0.5,0.5,0.4,15.19,17.1,18.42,16.87,22.0,1.59,16.0,0.5,0.5,0.4,73.5,82.9,87.8,81.2,23.0,8.6,16.0,0.5,0.4,2.6,5.1,10.5,6.59,30.0,4.33,16.0,0.5,0.5,0.4,-4.93,-1.81,0.14,-1.93,30.0,2.66,16.0,0.5,0.5,0.4,-9.6,-4.13,-1.4,-5.38,30.0,4.78,16.0,0.5,0.5,0.4,1010.51,1011.5,1012.94,1011.31,27.0,1.95,16.0,0.6,0.5,0.3,0.0,2.0,4.8,2.4,30.0,2.5,16.0,0.5,0.5,0.4,-45.2,-8.9,0.3,-16.8,30.0,22.7,16.0,0.5,0.5,0.4,-101.0,-23.5,-3.3,-54.0,30.0,73.4,16.0,0.5,0.5,0.4,-0.2,0.1,1.61,0.02,28.0,1.8,16.0,0.5,0.5,0.4,-3.0,0.3,11.0,1.9,28.0,10.1,16.0,0.5,0.5,0.4,3.13,4.45,6.05,4.5,22.0,1.68,16.0,0.5,0.5,0.4,9.9,17.3,44.8,32.2,22.0,32.8,16.0,0.5,0.5,0.4,-119.4,-48.2,0.0,-46.9,28.0,63.8,16.0,0.5,0.5,0.4,-250.8,-117.2,-47.5,-146.2,28.0,124.1,16.0,0.5,0.5,0.4,-84.6,-23.7,0.0,-28.9,22.0,46.5,16.0,0.5,0.5,0.4,-191.4,-72.6,-23.2,-95.5,22.0,83.7,16.0,0.5,0.5,0.4,-19.8,-5.2,0.0,-7.2,22.0,12.4,16.0,0.5,0.5,0.4,-42.3,-14.1,-5.1,-26.7,22.0,34.7,16.0,0.5,0.5,0.4,17.5,132.5,1159.0,697.5,30.0,1138.5,16.0,0.5,0.5,0.4,20.0,135.0,1160.0,700.0,30.0,1140.0,16.0,0.5,0.5,0.4
1974,2,119.0,17.0,24.0,25.2,27.0,25.41,36.0,1.59,16.0,0.5,0.4,0.6,23.67,25.0,26.83,25.14,41.0,1.75,14.0,0.5,0.4,0.6,14.34,17.43,18.31,16.63,34.0,2.1,14.0,0.6,0.4,0.6,75.2,84.8,92.0,84.0,34.0,8.5,14.0,0.6,0.6,2.6,6.7,14.81,8.06,40.0,5.6,14.0,0.6,0.4,0.6,-8.95,-2.06,0.72,-3.27,40.0,4.28,14.0,0.6,0.4,0.6,-12.42,-5.31,-1.52,-6.28,40.0,5.31,14.0,0.6,0.4,0.6,1010.02,1012.1,1015.0,1012.16,40.0,2.39,14.0,0.6,0.4,0.6,1.0,3.0,5.0,2.9,41.0,2.1,14.0,0.5,0.4,0.6,-110.9,-11.0,1.9,-44.9,40.0,63.1,14.0,0.6,0.4,0.6,-177.1,-34.7,-2.5,-77.8,40.0,83.4,14.0,0.6,0.4,0.6,-1.36,0.6,2.09,0.32,36.0,1.99,16.0,0.5,0.4,0.6,-6.9,2.7,21.1,5.5,35.0,18.7,16.0,0.5,0.4,0.6,2.0,3.87,5.15,3.63,32.0,2.02,14.0,0.6,0.4,0.6,6.0,16.4,77.2,34.6,31.0,34.8,14.0,0.6,0.4,0.6,-206.3,-50.2,18.0,-78.3,40.0,104.5,14.0,0.6,0.4,0.6,-291.7,-130.4,-38.4,-153.1,40.0,126.8,14.0,0.6,0.4,0.6,-118.3,-36.6,14.7,-47.4,33.0,63.3,14.0,0.6,0.4,0.6,-182.7,-84.6,-28.7,-93.6,33.0,78.9,14.0,0.6,0.4,0.6,-40.9,-7.8,0.2,-16.4,31.0,23.0,14.0,0.6,0.4,0.6,-63.2,-10.9,0.2,-26.8,31.0,30.0,14.0,0.6,0.4,0.6,17.5,306.0,3247.0,1299.5,40.0,1614.0,14.0,0.6,0.4,0.6,20.0,305.0,3245.0,1300.0,40.0,1615.0,14.0,0.6,0.4,0.6
1974,2,119.0,18.0,23.9,25.0,26.0,24.89,45.0,1.15,16.0,0.5,0.6,0.3,22.33,23.7,26.14,24.16,47.0,2.07,16.0,0.5,0.6,0.4,12.87,14.91,17.29,14.98,43.0,2.2,16.0,0.5,0.6,0.3,68.5,82.2,88.1,80.4,43.0,9.4,16.0,0.5,0.3,2.67,12.3,17.43,10.73,46.0,6.06,16.0,0.5,0.6,0.3,-11.6,-6.46,-0.74,-6.76,46.0,4.89,16.0,0.5,0.6,0.3,-12.88,-8.17,-2.14,-7.52,46.0,5.1,16.0,0.5,0.6,0.3,1010.21,1013.2,1015.66,1012.89,46.0,2.68,16.0,0.5,0.6,0.3,1.3,4.0,7.0,3.9,47.0,2.6,16.0,0.5,0.6,0.4,-204.2,-84.4,-1.1,-98.4,46.0,87.2,16.0,0.5,0.6,0.3,-202.6,-95.8,-6.8,-108.4,46.0,96.1,16.0,0.5,0.6,0.3,-1.51,1.5,2.51,0.82,45.0,2.04,16.0,0.5,0.6,0.3,-5.0,15.7,34.9,15.6,44.0,24.7,16.0,0.5,0.6,0.3,3.08,4.95,6.97,4.76,43.0,2.0,16.0,0.5,0.6,0.3,9.9,54.8,108.7,59.5,43.0,45.7,16.0,0.5,0.6,0.3,-266.3,-154.0,-18.9,-158.4,46.0,115.2,16.0,0.5,0.6,0.3,-289.7,-201.0,-53.9,-175.9,46.0,114.9,16.0,0.5,0.6,0.3,-167.2,-100.1,-10.1,-98.6,43.0,71.1,16.0,0.5,0.6,0.3,-163.8,-115.5,-33.6,-105.9,43.0,66.2,16.0,0.5,0.6,0.3,-75.3,-33.4,-0.1,-37.3,43.0,31.5,16.0,0.5,0.6,0.3,-86.8,-39.8,-4.1,-42.5,43.0,38.1,16.0,0.5,0.6,0.3,19.5,1861.0,5296.0,2337.5,46.0,2342.0,16.0,0.5,0.6,0.3,20.0,1860.0,5295.0,2335.0,46.0,2340.0,16.0,0.5,0.6,0.3
1974,2,119.0,19.0,24.0,25.0,25.6,24.81,28.0,1.45,16.0,0.5,0.4,0.5,21.54,23.9,25.77,23.79,27.0,2.37,16.0,0.5,0.4,0.5,12.44,15.28,17.12,14.91,21.0,2.1,18.0,0.5,0.4,0.5,75.2,82.9,89.7,81.8,21.0,7.3,18.0,0.5,0.5,5.27,12.3,15.4,10.91,28.0,5.05,16.0,0.5,0.4,0.5,-11.42,-8.1,-1.18,-6.31,28.0,5.11,16.0,0.5,0.4,0.5,-12.96,-6.62,0.82,-6.35,28.0,6.3,16.0,0.5,0.4,0.5,1009.61,1013.95,1017.14,1013.65,28.0,3.69,16.0,0.5,0.4,0.5,2.1,7.0,8.0,5.4,27.0,2.6,16.0,0.5,0.4,0.5,-169.9,-102.0,-2.6,-84.5,28.0,75.3,16.0,0.5,0.4,0.5,-181.1,-67.5,1.2,-95.6,28.0,98.3,16.0,0.5,0.4,0.5,-1.47,1.0,3.29,1.0,27.0,2.35,16.0,0.5,0.4,0.5,-15.1,12.3,40.4,13.0,27.0,29.1,16.0,0.5,0.4,0.5,2.5,3.87,6.26,4.09,21.0,1.73,18.0,0.5,0.4,0.5,12.7,44.5,95.1,49.8,21.0,37.2,18.0,0.5,0.4,0.5,-259.3,-192.0,-50.5,-153.6,27.0,121.8,16.0,0.5,0.4,0.5,-294.1,-179.0,0.0,-154.5,27.0,134.4,16.0,0.5,0.4,0.5,-170.8,-122.4,-17.9,-99.3,21.0,79.5,18.0,0.5,0.4,0.5,-172.6,-69.9,0.0,-84.4,21.0,79.1,18.0,0.5,0.4,0.5,-62.6,-30.5,-2.8,-31.7,21.0,27.6,18.0,0.5,0.4,0.5,-73.0,-25.2,0.0,-30.3,21.0,34.8,18.0,0.5,0.4,0.5,147.5,1861.0,3652.5,2056.5,28.0,1970.0,16.0,0.5,0.4,0.5,150.0,1860.0,3650.0,2055.0,28.0,1970.0,16.0,0.5,0.4,0.5
1974,2,119.0,20.0,23.0,24.5,25.0,24.2,15.0,0.98,18.0,0.7,0.6,0.5,21.08,22.75,24.5,22.83,16.0,2.16,18.0,0.7,0.6,0.5,11.68,13.44,15.95,13.51,15.0,2.18,18.0,0.7,0.6,0.4,72.6,76.5,85.6,78.2,15.0,6.1,18.0,0.7,0.4,8.39,13.4,16.08,12.48,16.0,4.29,18.0,0.7,0.6,0.5,-12.81,-10.84,-1.62,-8.59,16.0,5.53,18.0,0.7,0.6,0.5,-12.34,-6.94,-2.34,-6.43,16.0,5.58,18.0,0.7,0.6,0.5,1010.69,1016.5,1019.0,1015.19,16.0,4.44,18.0,0.7,0.6,0.5,4.1,7.0,8.0,6.4,16.0,2.4,18.0,0.7,0.6,0.5,-224.0,-148.5,-9.4,-121.3,16.0,95.4,18.0,0.7,0.6,0.5,-177.8,-82.5,-16.0,-94.3,16.0,89.1,18.0,0.7,0.6,0.5,-0.54,1.5,4.06,1.28,15.0,2.2,18.0,0.7,0.6,0.5,-3.1,21.6,54.6,22.0,15.0,31.4,18.0,0.7,0.6,0.5,3.14,5.76,6.84,5.23,14.0,1.91,18.0,0.6,0.6,0.4,32.8,88.0,103.2,74.5,14.0,35.7,18.0,0.6,0.6,0.4,-292.1,-238.4,-40.4,-195.3,16.0,123.3,18.0,0.7,0.6,0.5,-261.0,-159.7,-55.0,-138.7,16.0,117.9,18.0,0.7,0.6,0.5,-172.3,-138.1,-27.6,-121.5,15.0,72.0,18.0,0.7,0.6,0.4,-149.9,-69.2,-30.1,-77.0,15.0,72.8,18.0,0.7,0.6,0.4,-78.9,-65.9,-4.8,-49.3,14.0,32.9,18.0,0.6,0.6,0.4,-90.4,-44.4,-6.4,-43.0,14.0,39.3,18.0,0.6,0.6,0.4,592.0,2406.0,4172.5,2556.5,16.0,2074.5,18.0,0.7,0.6,0.5,590.0,2405.0,4175.0,2555.0,16.0,2075.0,18.0,0.7,0.6,0.5
1974,2,119.0,21.0,22.8,23.1,24.44,23.5,9.0,1.03,16.0,0.3,0.3,0.5,16.72,18.6,23.17,19.87,9.0,3.07,16.0,0.3,0.3,0.5,9.58,10.13,11.57,10.99,7.0,1.97,16.0,0.3,0.4,0.5,73.6,76.5,82.9,77.3,8.0,5.1,14.0,0.4,0.5,8.67,15.0,17.07,13.49,9.0,4.02,16.0,0.3,0.3,0.5,-10.51,-7.5,-4.76,-6.18,9.0,5.7,16.0,0.3,0.3,0.5,-15.61,-12.18,-4.21,-9.96,9.0,5.81,16.0,0.3,0.3,0.5,1016.6,1017.0,1018.33,1017.0,8.0,2.0,16.0,0.3,0.4,0.5,6.3,8.0,8.0,7.0,9.0,2.0,16.0,0.3,0.3,0.5,-148.4,-112.5,-49.3,-94.6,9.0,69.4,16.0,0.3,0.3,0.5,-265.6,-193.7,-36.9,-153.4,9.0,107.4,16.0,0.3,0.3,0.5,0.42,4.4,6.57,3.63,9.0,2.84,16.0,0.3,0.3,0.5,4.2,77.0,100.0,56.6,9.0,46.8,16.0,0.3,0.3,0.5,5.11,7.36,8.46,6.8,7.0,2.21,16.0,0.3,0.4,0.5,68.1,121.0,147.3,102.1,7.0,48.5,16.0,0.3,0.4,0.5,-213.6,-120.7,-104.1,-114.8,9.0,125.4,16.0,0.3,0.3,0.5,-282.6,-209.1,-91.9,-184.9,9.0,100.8,16.0,0.3,0.3,0.5,-120.4,-72.1,-60.6,-86.0,7.0,28.4,16.0,0.3,0.4,0.5,-165.4,-116.8,-75.9,-114.3,7.0,44.5,16.0,0.3,0.4,0.5,-67.8,-57.6,-42.6,-55.6,7.0,25.6,16.0,0.3,0.4,0.5,-121.9,-104.8,-23.7,-81.2,7.0,50.6,16.0,0.3,0.4,0.5,722.5,3375.0,4998.0,2994.5,9.0,1901.5,16.0,0.3,0.3,0.5,720.0,3375.0,5000.0,2995.0,9.0,1900.0,16.0,0.3,0.3,0.5
1974,2,119.0,22.0,22.71,23.7,24.0,23.38,5.0,0.78,16.0,0.2,0.4,0.4,14.6,15.25,19.79,16.97,6.0,3.46,18.0,0.2,0.4,0.4,8.53,10.61,12.76,10.64,4.0,2.54,20.0,0.3,0.4,0.4,76.8,81.2,86.7,81.7,4.0,5.8,20.0,0.3,0.4,10.71,13.15,15.83,12.68,6.0,4.43,18.0,0.2,0.4,0.4,-8.32,-7.45,-5.07,-6.71,6.0,2.83,18.0,0.2,0.4,0.4,-13.02,-10.61,-8.37,-10.59,6.0,4.0,18.0,0.2,0.4,0.4,1013.4,1017.85,1022.8,1017.73,6.0,4.69,18.0,0.2,0.4,0.4,7.6,8.0,8.0,7.7,6.0,0.8,18.0,0.2,0.4,0.4,-114.6,-97.6,-78.7,-92.8,6.0,47.1,18.0,0.2,0.4,0.4,-203.6,-142.8,-96.1,-148.5,6.0,89.0,18.0,0.2,0.4,0.4,3.42,7.2,8.19,5.94,5.0,3.4,16.0,0.2,0.4,0.4,40.7,88.6,136.2,85.9,5.0,57.1,16.0,0.2,0.4,0.4,5.68,7.43,9.42,7.54,4.0,2.43,20.0,0.3,0.4,0.4,50.6,112.6,153.2,102.4,4.0,63.6,20.0,0.3,0.4,0.4,-145.5,-110.4,-81.2,-107.3,6.0,41.3,18.0,0.2,0.4,0.4,-193.9,-174.6,-132.9,-170.6,6.0,51.0,18.0,0.2,0.4,0.4,-86.8,-66.7,-37.4,-62.3,4.0,31.8,20.0,0.3,0.4,0.4,-133.3,-103.0,-74.8,-104.0,4.0,39.1,20.0,0.3,0.4,0.4,-79.8,-50.9,-27.3,-53.4,4.0,39.7,20.0,0.3,0.4,0.4,-129.7,-93.6,-40.8,-85.6,4.0,53.6,20.0,0.3,0.4,0.4,1496.5,2302.5,4005.0,2596.0,6.0,1794.5,18.0,0.2,0.4,0.4,1495.0,2300.0,4005.0,2595.0,6.0,1795.0,18.0,0.2,0.4,0.4
1974,2,119.0,23.0,15.38,22.1,22.68,20.23,7.0,3.69,20.0,0.6,0.4,0.4,9.96,19.2,20.71,16.14,7.0,5.63,20.0,0.6,0.4,0.4,5.83,12.48,13.11,10.34,6.0,3.95,22.0,0.5,0.4,0.3,70.5,81.4,87.6,79.2,6.0,12.1,22.0,0.5,0.3,4.6,9.25,15.23,9.85,6.0,5.66,20.0,0.5,0.4,0.3,-7.29,-3.97,-1.83,-4.42,6.0,3.52,20.0,0.5,0.4,0.3,-12.41,-8.26,-3.98,-8.6,6.0,4.89,20.0,0.5,0.4,0.3,1010.63,1013.5,1022.6,1015.9,7.0,5.93,20.0,0.6,0.4,0.4,2.9,6.0,8.0,5.6,7.0,2.8,20.0,0.6,0.4,0.4,-103.4,-50.2,-8.4,-57.8,6.0,58.8,20.0,0.5,0.4,0.3,-187.8,-90.8,-18.3,-107.3,6.0,100.8,20.0,0.5,0.4,0.3,1.5,3.4,5.91,4.09,7.0,2.42,20.0,0.6,0.4,0.4,13.6,44.0,95.8,54.8,6.0,50.3,20.0,0.5,0.4,0.3,4.04,5.22,6.65,5.43,6.0,1.55,22.0,0.5,0.4,0.3,22.7,25.6,101.6,57.1,5.0,49.4,22.0,0.4,0.5,0.3,-71.4,-59.2,-35.0,-53.0,6.0,30.0,20.0,0.5,0.4,0.3,-129.5,-102.2,-87.9,-111.5,6.0,36.7,20.0,0.5,0.4,0.3,-32.4,-30.0,-18.9,-25.1,5.0,14.2,22.0,0.4,0.5,0.3,-74.3,-53.5,-51.8,-63.0,5.0,18.9,22.0,0.4,0.5,0.3,-43.2,-12.8,-6.0,-21.9,5.0,20.4,22.0,0.4,0.5,0.3,-91.6,-24.8,-20.0,-52.0,5.0,46.0,22.0,0.4,0.5,0.3,97.5,1269.5,3552.5,1755.5,6.0,1921.0,20.0,0.5,0.4,0.3,95.0,1270.0,3550.0,1755.0,6.0,1920.0,20.0,0.5,0.4,0.3
1974,2,119.0,24.0,12.11,14.55,17.36,14.97,36.0,2.95,16.0,0.5,0.4,0.5,8.52,11.5,14.4,12.1,39.0,3.77,16.0,0.5,0.5,0.5,4.95,6.35,8.98,7.16,21.0,2.68,14.0,0.5,0.4,0.5,71.2,77.4,88.6,78.0,21.0,10.2,14.0,0.5,0.5,6.2,12.3,15.86,11.79,37.0,4.34,14.0,0.5,0.4,0.5,-8.76,-5.27,1.75,-4.67,37.0,4.71,14.0,0.5,0.4,0.5,-14.47,-9.79,-4.0,-9.23,37.0,5.43,14.0,0.5,0.4,0.5,1013.21,1018.4,1025.99,1020.09,39.0,5.76,16.0,0.5,0.5,0.5,0.6,7.0,8.0,5.6,36.0,3.2,14.0,0.5,0.4,0.5,-132.4,-65.5,6.3,-69.2,37.0,62.0,14.0,0.5,0.4,0.5,-222.9,-110.6,-24.8,-129.7,37.0,92.8,14.0,0.5,0.4,0.5,0.69,3.15,5.5,3.28,36.0,2.77,16.0,0.5,0.4,0.5,6.6,36.1,82.5,46.3,35.0,41.3,14.0,0.5,0.4,0.5,2.09,3.19,5.06,3.64,21.0,2.27,14.0,0.5,0.4,0.5,19.8,37.3,76.3,50.2,20.0,40.8,12.0,0.6,0.4,0.5,-89.0,-63.7,29.8,-47.2,37.0,56.2,14.0,0.5,0.4,0.5,-149.0,-110.4,-49.0,-100.6,37.0,60.1,14.0,0.5,0.4,0.5,-53.3,-35.3,-17.2,-28.4,20.0,31.1,12.0,0.6,0.4,0.5,-86.7,-61.2,-36.5,-61.0,20.0,31.9,12.0,0.6,0.4,0.5,-33.4,-18.6,3.8,-18.8,20.0,22.0,12.0,0.6,0.4,0.5,-71.3,-32.3,-13.1,-42.9,20.0,39.1,12.0,0.6,0.4,0.5,238.5,1861.0,4014.0,2251.5,37.0,1815.5,14.0,0.5,0.4,0.5,240.0,1860.0,4015.0,2250.0,37.0,1815.0,14.0,0.5,0.4,0.5
1974,2,119.0,25.0,11.01,11.9,12.65,11.83,3.0,1.2,8.0,0.3,0.7,0.1,8.09,9.8,10.96,9.53,3.0,2.11,8.0,0.3,0.7,0.1,4.46,5.48,7.46,5.95,3.0,2.24,8.0,0.3,0.7,0.1,67.1,74.1,91.8,79.3,3.0,18.7,8.0,0.3,0.1,5.9,8.7,13.27,9.57,3.0,5.45,8.0,0.3,0.7,0.1,-4.54,-2.98,-2.51,-3.51,3.0,1.56,8.0,0.3,0.7,0.1,-12.47,-8.18,-5.31,-8.88,3.0,5.28,8.0,0.3,0.7,0.1,1019.12,1025.2,1025.75,1022.5,3.0,5.38,8.0,0.3,0.7,0.1,8.0,8.0,8.0,8.0,2.0,0.0,6.0,0.5,0.8,0.1,-63.6,-25.9,-15.4,-39.2,3.0,37.1,8.0,0.3,0.7,0.1,-174.7,-71.1,-35.1,-104.1,3.0,106.2,8.0,0.3,0.7,0.1,1.69,2.1,2.92,2.3,3.0,0.92,8.0,0.3,0.7,0.1,10.5,18.3,40.5,25.3,3.0,22.8,8.0,0.3,0.7,0.1,1.56,3.05,3.58,2.58,3.0,1.53,8.0,0.3,0.7,0.1,11.2,26.5,48.7,29.9,3.0,27.7,8.0,0.3,0.7,0.1,-35.5,-29.2,-27.3,-31.4,3.0,6.3,8.0,0.3,0.7,0.1,-97.5,-80.1,-56.7,-77.2,3.0,30.0,8.0,0.3,0.7,0.1,-20.4,-19.3,-17.3,-18.9,3.0,2.4,8.0,0.3,0.7,0.1,-53.6,-44.8,-37.0,-45.3,3.0,12.1,8.0,0.3,0.7,0.1,-16.7,-9.1,-4.2,-10.4,3.0,9.2,8.0,0.3,0.7,0.1,-45.8,-24.9,-10.3,-28.0,3.0,26.1,8.0,0.3,0.7,0.1,275.5,658.5,2702.0,1469.5,3.0,1911.0,8.0,0.3,0.7,0.1,275.0,660.0,2700.0,1470.0,3.0,1910.0,8.0,0.3,0.7,0.1
1974,2,119.0,38.0,0.0,0.2,0.4,0.2,2.0,0.42,12.0,1.0,0.6,0.4,-3.79,-2.25,-0.13,-1.92,8.0,2.22,10.0,0.4,0.6,0.5,1.28,1.42,1.55,1.42,2.0,0.28,12.0,1.0,0.6,0.4,37.7,42.2,46.6,42.2,2.0,9.2,12.0,1.0,0.4,2.95,5.1,9.33,5.77,7.0,3.09,10.0,0.4,0.5,0.4,-2.44,2.55,4.79,1.28,7.0,4.48,10.0,0.4,0.5,0.4,-6.51,-1.53,2.66,-1.63,7.0,4.83,10.0,0.4,0.5,0.4,1021.47,1027.55,1029.79,1026.58,8.0,5.45,10.0,0.4,0.6,0.5,0.0,1.0,7.8,3.0,8.0,3.7,10.0,0.4,0.6,0.5,-8.4,12.3,44.8,14.0,7.0,36.8,10.0,0.4,0.5,0.4,-64.8,-3.1,11.3,-16.7,7.0,39.6,10.0,0.4,0.5,0.4,1.26,1.6,1.94,1.6,2.0,0.71,12.0,1.0,0.6,0.4,7.8,12.6,17.3,12.6,2.0,9.8,12.0,1.0,0.6,0.4,2.29,2.37,2.45,2.37,2.0,0.16,12.0,1.0,0.6,0.4,14.0,16.8,19.7,16.8,2.0,5.9,12.0,1.0,0.6,0.4,-8.1,0.0,6.4,-1.6,7.0,10.8,10.0,0.4,0.5,0.4,-0.4,5.3,13.2,6.0,7.0,8.5,10.0,0.4,0.5,0.4,3.8,5.3,6.8,5.3,2.0,3.1,12.0,1.0,0.6,0.4,-11.8,-9.2,-6.6,-9.2,2.0,5.4,12.0,1.0,0.6,0.4,7.0,8.4,9.8,8.4,2.0,2.9,12.0,1.0,0.6,0.4,-17.0,-14.6,-12.1,-14.6,2.0,5.1,12.0,1.0,0.6,0.4,26.0,132.5,813.5,340.0,7.0,404.0,10.0,0.4,0.5,0.4,25.0,135.0,815.0,340.0,7.0,405.0,10.0,0.4,0.5,0.4
1974,2,120.0,-65.0,1.6,1.6,1.6,1.6,1.0,0.0,2.0,0.0,0.1,0.4,2.2,2.2,2.2,2.2,1.0,0.0,2.0,0.0,0.1,0.4,4.16,4.16,4.16,4.16,1.0,0.0,2.0,0.0,0.1,0.4,91.8,91.8,91.8,91.8,1.0,0.0,2.0,0.0,0.4,3.1,3.1,3.1,3.1,1.0,0.0,2.0,0.0,0.1,0.4,-1.99,-1.99,-1.99,-1.99,1.0,0.0,2.0,0.0,0.1,0.4,-2.37,-2.37,-2.37,-2.37,1.0,0.0,2.0,0.0,0.1,0.4,990.2,990.2,990.2,990.2,1.0,0.0,2.0,0.0,0.1,0.4,8.0,8.0,8.0,8.0,1.0,0.0,2.0,0.0,0.1,0.4,-6.2,-6.2,-6.2,-6.2,1.0,0.0,2.0,0.0,0.1,0.4,-7.4,-7.4,-7.4,-7.4,1.0,0.0,2.0,0.0,0.1,0.4,-0.6,-0.6,-0.6,-0.6,1.0,0.0,2.0,0.0,0.1,0.4,-1.9,-1.9,-1.9,-1.9,1.0,0.0,2.0,0.0,0.1,0.4,0.18,0.18,0.18,0.18,1.0,0.0,2.0,0.0,0.1,0.4,0.6,0.6,0.6,0.6,1.0,0.0,2.0,0.0,0.1,0.4,-4.4,-4.4,-4.4,-4.4,1.0,0.0,2.0,0.0,0.1,0.4,-5.2,-5.2,-5.2,-5.2,1.0,0.0,2.0,0.0,0.1,0.4,-8.3,-8.3,-8.3,-8.3,1.0,0.0,2.0,0.0,0.1,0.4,-9.9,-9.9,-9.9,-9.9,1.0,0.0,2.0,0.0,0.1,0.4,-0.4,-0.4,-0.4,-0.4,1.0,0.0,2.0,0.0,0.1,0.4,-0.4,-0.4,-0.4,-0.4,1.0,0.0,2.0,0.0,0.1,0.4,30.0,30.0,30.0,30.0,1.0,0.0,2.0,0.0,0.1,0.4,30.0,30.0,30.0,30.0,1.0,0.0,2.0,0.0,0.1,0.4
1974,2,120.0,-48.0,9.0,9.0,9.0,9.0,1.0,0.0,22.0,1.0,0.4,0.3,9.0,9.0,9.0,9.0,1.0,0.0,22.0,1.0,0.4,0.3,4.78,4.78,4.78,4.78,1.0,0.0,22.0,1.0,0.4,0.3,67.0,67.0,67.0,67.0,1.0,0.0,22.0,1.0,0.3,4.6,4.6,4.6,4.6,1.0,0.0,22.0,1.0,0.4,0.3,0.8,0.8,0.8,0.8,1.0,0.0,22.0,1.0,0.4,0.3,-4.53,-4.53,-4.53,-4.53,1.0,0.0,22.0,1.0,0.4,0.3,1008.6,1008.6,1008.6,1008.6,1.0,0.0,22.0,1.0,0.4,0.3,5.0,5.0,5.0,5.0,1.0,0.0,22.0,1.0,0.4,0.3,3.7,3.7,3.7,3.7,1.0,0.0,22.0,1.0,0.4,0.3,-20.8,-20.8,-20.8,-20.8,1.0,0.0,22.0,1.0,0.4,0.3,0.0,0.0,0.0,0.0,1.0,0.0,22.0,1.0,0.4,0.3,0.0,0.0,0.0,0.0,1.0,0.0,22.0,1.0,0.4,0.3,2.36,2.36,2.36,2.36,1.0,0.0,22.0,1.0,0.4,0.3,10.9,10.9,10.9,10.9,1.0,0.0,22.0,1.0,0.4,0.3,7.2,7.2,7.2,7.2,1.0,0.0,22.0,1.0,0.4,0.3,-40.8,-40.8,-40.8,-40.8,1.0,0.0,22.0,1.0,0.4,0.3,3.8,3.8,3.8,3.8,1.0,0.0,22.0,1.0,0.4,0.3,-21.6,-21.6,-21.6,-21.6,1.0,0.0,22.0,1.0,0.4,0.3,1.9,1.9,1.9,1.9,1.0,0.0,22.0,1.0,0.4,0.3,-10.7,-10.7,-10.7,-10.7,1.0,0.0,22.0,1.0,0.4,0.3,97.5,97.5,97.5,97.5,1.0,0.0,22.0,1.0,0.4,0.3,95.0,95.0,95.0,95.0,1.0,0.0,22.0,1.0,0.4,0.3
1974,2,120.0,-42.0,13.0,13.0,13.0,13.0,1.0,0.0,12.0,1.0,0.8,0.9,13.8,13.8,13.8,13.8,1.0,0.0,12.0,1.0,0.8,0.9,6.27,6.27,6.27,6.27,1.0,0.0,12.0,1.0,0.8,0.9,64.4,64.4,64.4,64.4,1.0,0.0,12.0,1.0,0.9,8.2,8.2,8.2,8.2,1.0,0.0,12.0,1.0,0.8,0.9,7.71,7.71,7.71,7.71,1.0,0.0,12.0,1.0,0.8,0.9,2.8,2.8,2.8,2.8,1.0,0.0,12.0,1.0,0.8,0.9,1015.1,1015.1,1015.1,1015.1,1.0,0.0,12.0,1.0,0.8,0.9,7.0,7.0,7.0,7.0,1.0,0.0,12.0,1.0,0.8,0.9,63.2,63.2,63.2,63.2,1.0,0.0,12.0,1.0,0.8,0.9,23.0,23.0,23.0,23.0,1.0,0.0,12.0,1.0,0.8,0.9,-0.8,-0.8,-0.8,-0.8,1.0,0.0,12.0,1.0,0.8,0.9,-6.6,-6.6,-6.6,-6.6,1.0,0.0,12.0,1.0,0.8,0.9,2.99,2.99,2.99,2.99,1.0,0.0,12.0,1.0,0.8,0.9,24.5,24.5,24.5,24.5,1.0,0.0,12.0,1.0,0.8,0.9,106.3,106.3,106.3,106.3,1.0,0.0,12.0,1.0,0.8,0.9,38.7,38.7,38.7,38.7,1.0,0.0,12.0,1.0,0.8,0.9,48.3,48.3,48.3,48.3,1.0,0.0,12.0,1.0,0.8,0.9,17.6,17.6,17.6,17.6,1.0,0.0,12.0,1.0,0.8,0.9,23.1,23.1,23.1,23.1,1.0,0.0,12.0,1.0,0.8,0.9,8.4,8.4,8.4,8.4,1.0,0.0,12.0,1.0,0.8,0.9,551.5,551.5,551.5,551.5,1.0,0.0,12.0,1.0,0.8,0.9,550.0,550.0,550.0,550.0,1.0,0.0,12.0,1.0,0.8,0.9
1974,2,120.0,-41.0,14.5,14.5,14.5,14.5,1.0,0.0,4.0,1.0,0.0,0.9,14.0,14.0,14.0,14.0,1.0,0.0,4.0,1.0,0.0,0.9,6.34,6.34,6.34,6.34,1.0,0.0,4.0,1.0,0.0,0.9,64.9,64.9,64.9,64.9,1.0,0.0,4.0,1.0,0.9,12.3,12.3,12.3,12.3,1.0,0.0,4.0,1.0,0.0,0.9,9.42,9.42,9.42,9.42,1.0,0.0,4.0,1.0,0.0,0.9,7.91,7.91,7.91,7.91,1.0,0.0,4.0,1.0,0.0,0.9,1025.0,1025.0,1025.0,1025.0,1.0,0.0,4.0,1.0,0.0,0.9,3.0,3.0,3.0,3.0,1.0,0.0,4.0,1.0,0.0,0.9,115.9,115.9,115.9,115.9,1.0,0.0,4.0,1.0,0.0,0.9,97.2,97.2,97.2,97.2,1.0,0.0,4.0,1.0,0.0,0.9,0.5,0.5,0.5,0.5,1.0,0.0,4.0,1.0,0.0,0.9,6.2,6.2,6.2,6.2,1.0,0.0,4.0,1.0,0.0,0.9,3.78,3.78,3.78,3.78,1.0,0.0,4.0,1.0,0.0,0.9,46.5,46.5,46.5,46.5,1.0,0.0,4.0,1.0,0.0,0.9,131.9,131.9,131.9,131.9,1.0,0.0,4.0,1.0,0.0,0.9,110.7,110.7,110.7,110.7,1.0,0.0,4.0,1.0,0.0,0.9,59.8,59.8,59.8,59.8,1.0,0.0,4.0,1.0,0.0,0.9,50.1,50.1,50.1,50.1,1.0,0.0,4.0,1.0,0.0,0.9,35.6,35.6,35.6,35.6,1.0,0.0,4.0,1.0,0.0,0.9,29.9,29.9,29.9,29.9,1.0,0.0,4.0,1.0,0.0,0.9,1861.0,1861.0,1861.0,1861.0,1.0,0.0,4.0,1.0,0.0,0.9,1860.0,1860.0,1860.0,1860.0,1.0,0.0,4.0,1.0,0.0,0.9
1974,2,120.0,-39.0,15.5,15.5,15.5,15.5,1.0,0.0,4.0,0.0,0.6,0.2,14.4,14.4,14.4,14.4,1.0,0.0,4.0,0.0,0.6,0.2,8.17,8.17,8.17,8.17,1.0,0.0,4.0,0.0,0.6,0.2,81.1,81.1,81.1,81.1,1.0,0.0,4.0,0.0,0.2,10.3,10.3,10.3,10.3,1.0,0.0,4.0,0.0,0.6,0.2,3.52,3.52,3.52,3.52,1.0,0.0,4.0,0.0,0.6,0.2,9.68,9.68,9.68,9.68,1.0,0.0,4.0,0.0,0.6,0.2,1022.0,1022.0,1022.0,1022.0,1.0,0.0,4.0,0.0,0.6,0.2,6.0,6.0,6.0,6.0,1.0,0.0,4.0,0.0,0.6,0.2,36.3,36.3,36.3,36.3,1.0,0.0,4.0,0.0,0.6,0.2,99.7,99.7,99.7,99.7,1.0,0.0,4.0,0.0,0.6,0.2,1.1,1.1,1.1,1.1,1.0,0.0,4.0,0.0,0.6,0.2,11.3,11.3,11.3,11.3,1.0,0.0,4.0,0.0,0.6,0.2,2.66,2.66,2.66,2.66,1.0,0.0,4.0,0.0,0.6,0.2,27.4,27.4,27.4,27.4,1.0,0.0,4.0,0.0,0.6,0.2,50.7,50.7,50.7,50.7,1.0,0.0,4.0,0.0,0.6,0.2,139.4,139.4,139.4,139.4,1.0,0.0,4.0,0.0,0.6,0.2,28.8,28.8,28.8,28.8,1.0,0.0,4.0,0.0,0.6,0.2,79.1,79.1,79.1,79.1,1.0,0.0,4.0,0.0,0.6,0.2,9.4,9.4,9.4,9.4,1.0,0.0,4.0,0.0,0.6,0.2,25.8,25.8,25.8,25.8,1.0,0.0,4.0,0.0,0.6,0.2,1092.5,1092.5,1092.5,1092.5,1.0,0.0,4.0,0.0,0.6,0.2,1095.0,1095.0,1095.0,1095.0,1.0,0.0,4.0,0.0,0.6,0.2
1974,2,120.0,-37.0,18.48,18.65,18.82,18.65,2.0,0.35,16.0,1.0,0.5,0.3,13.63,15.0,16.71,15.17,3.0,2.25,18.0,0.7,0.4,0.4,6.94,7.58,8.77,7.85,3.0,1.37,18.0,0.7,0.4,0.4,71.8,72.0,74.3,73.0,3.0,2.1,18.0,0.7,0.4,10.6,19.0,19.0,14.9,3.0,7.1,18.0,0.7,0.4,0.4,5.3,9.5,9.5,7.45,3.0,3.55,18.0,0.7,0.4,0.4,1.26,16.45,16.45,9.04,3.0,12.85,18.0,0.7,0.4,0.4,1013.61,1014.5,1015.87,1014.73,3.0,1.66,18.0,0.7,0.4,0.4,4.5,5.5,6.5,5.5,2.0,2.1,18.0,0.5,0.2,0.5,72.6,180.5,180.5,127.8,3.0,91.3,18.0,0.7,0.4,0.4,72.7,312.6,312.6,195.5,3.0,202.9,18.0,0.7,0.4,0.4,3.8,4.65,5.5,4.65,2.0,1.77,16.0,1.0,0.5,0.3,72.1,88.4,104.6,88.4,2.0,33.6,16.0,1.0,0.5,0.3,5.75,6.23,6.71,6.23,2.0,0.99,16.0,1.0,0.5,0.3,109.3,118.4,127.5,118.4,2.0,18.9,16.0,1.0,0.5,0.3,79.2,123.5,136.5,108.2,3.0,44.0,18.0,0.7,0.4,0.4,-1.4,213.9,236.4,119.7,3.0,192.3,18.0,0.7,0.4,0.4,41.4,63.1,69.2,55.4,3.0,21.4,18.0,0.7,0.4,0.4,-2.3,109.2,119.8,59.9,3.0,99.1,18.0,0.7,0.4,0.4,54.6,59.2,63.7,59.2,2.0,9.4,16.0,1.0,0.5,0.3,94.6,102.5,110.4,102.5,2.0,16.3,16.0,1.0,0.5,0.3,2382.5,6859.0,6859.0,4673.0,3.0,3786.5,18.0,0.7,0.4,0.4,2380.0,6860.0,6860.0,4675.0,3.0,3785.0,18.0,0.7,0.4,0.4
1974,2,120.0,-36.0,18.94,19.45,20.12,19.32,16.0,1.12,16.0,0.7,0.5,0.5,16.28,19.0,20.14,18.48,17.0,1.88,16.0,0.6,0.5,0.5,9.15,10.62,12.6,10.93,17.0,2.12,16.0,0.6,0.5,0.5,72.4,86.0,93.2,82.3,17.0,10.6,16.0,0.6,0.5,4.71,7.7,10.8,8.05,15.0,3.14,16.0,0.7,0.5,0.5,-7.21,-4.04,1.95,-3.17,15.0,5.05,16.0,0.7,0.5,0.5,-5.27,0.8,4.82,0.73,15.0,6.51,16.0,0.7,0.5,0.5,1006.78,1015.2,1022.68,1015.51,17.0,7.37,16.0,0.6,0.5,0.5,2.0,6.0,8.0,4.9,17.0,2.7,16.0,0.6,0.5,0.5,-61.5,-20.3,28.0,-21.7,15.0,48.9,16.0,0.7,0.5,0.5,-48.4,3.7,28.8,10.1,15.0,76.8,16.0,0.7,0.5,0.5,-0.91,0.85,2.75,0.79,16.0,1.66,16.0,0.7,0.5,0.5,-6.7,5.9,12.6,3.4,14.0,11.7,16.0,0.7,0.5,0.5,1.24,3.0,4.53,2.92,16.0,1.92,16.0,0.7,0.5,0.5,12.0,15.6,43.4,21.7,14.0,17.5,16.0,0.7,0.5,0.5,-142.8,-72.3,37.0,-61.9,15.0,90.5,16.0,0.7,0.5,0.5,-100.5,14.4,94.7,7.9,15.0,124.7,16.0,0.7,0.5,0.5,-88.6,-39.9,24.7,-37.2,15.0,51.4,16.0,0.7,0.5,0.5,-53.4,9.6,49.6,1.1,15.0,79.6,16.0,0.7,0.5,0.5,-24.9,-12.7,2.2,-8.4,14.0,21.0,16.0,0.7,0.5,0.5,-5.2,5.1,20.6,6.1,14.0,15.9,16.0,0.7,0.5,0.5,105.0,456.5,1259.5,754.0,15.0,812.0,16.0,0.7,0.5,0.5,105.0,455.0,1260.0,755.0,15.0,810.0,16.0,0.7,0.5,0.5
1974,2,120.0,-20.0,28.0,28.0,28.0,28.0,1.0,0.0,16.0,0.0,0.0,1.0,28.4,28.4,28.4,28.4,1.0,0.0,16.0,0.0,0.0,1.0,21.81,21.81,21.81,21.81,1.0,0.0,16.0,0.0,0.0,1.0,89.5,89.5,89.5,89.5,1.0,0.0,16.0,0.0,1.0,4.6,4.6,4.6,4.6,1.0,0.0,16.0,0.0,0.0,1.0,3.98,3.98,3.98,3.98,1.0,0.0,16.0,0.0,0.0,1.0,2.3,2.3,2.3,2.3,1.0,0.0,16.0,0.0,0.0,1.0,1005.2,1005.2,1005.2,1005.2,1.0,0.0,16.0,0.0,0.0,1.0,6.0,6.0,6.0,6.0,1.0,0.0,16.0,0.0,0.0,1.0,18.3,18.3,18.3,18.3,1.0,0.0,16.0,0.0,0.0,1.0,10.6,10.6,10.6,10.6,1.0,0.0,16.0,0.0,0.0,1.0,-0.4,-0.4,-0.4,-0.4,1.0,0.0,16.0,0.0,0.0,1.0,-1.8,-1.8,-1.8,-1.8,1.0,0.0,16.0,0.0,0.0,1.0,2.04,2.04,2.04,2.04,1.0,0.0,16.0,0.0,0.0,1.0,9.4,9.4,9.4,9.4,1.0,0.0,16.0,0.0,0.0,1.0,113.1,113.1,113.1,113.1,1.0,0.0,16.0,0.0,0.0,1.0,65.3,65.3,65.3,65.3,1.0,0.0,16.0,0.0,0.0,1.0,86.9,86.9,86.9,86.9,1.0,0.0,16.0,0.0,0.0,1.0,50.2,50.2,50.2,50.2,1.0,0.0,16.0,0.0,0.0,1.0,8.1,8.1,8.1,8.1,1.0,0.0,16.0,0.0,0.0,1.0,4.7,4.7,4.7,4.7,1.0,0.0,16.0,0.0,0.0,1.0,97.5,97.5,97.5,97.5,1.0,0.0,16.0,0.0,0.0,1.0,95.0,95.0,95.0,95.0,1.0,0.0,16.0,0.0,0.0,1.0
1974,2,120.0,-19.0,28.05,28.6,29.15,28.6,2.0,1.13,14.0,1.0,0.9,0.4,29.43,30.8,32.3,30.87,3.0,2.1,14.0,1.0,0.6,0.6,18.98,20.39,21.81,20.39,2.0,2.93,14.0,1.0,0.9,0.4,74.6,76.9,79.2,76.9,2.0,4.7,14.0,1.0,0.4,4.18,4.35,4.52,4.35,2.0,0.35,14.0,1.0,0.9,0.4,-2.35,0.16,2.68,0.16,2.0,5.22,14.0,1.0,0.9,0.4,1.65,2.18,2.71,2.18,2.0,1.1,14.0,1.0,0.9,0.4,1003.17,1004.6,1005.28,1004.23,3.0,1.58,14.0,1.0,0.6,0.6,3.3,4.0,4.7,4.0,3.0,1.0,14.0,1.0,0.6,0.6,-11.1,-0.2,10.7,-0.2,2.0,22.6,14.0,1.0,0.9,0.4,7.0,9.7,12.4,9.7,2.0,5.6,14.0,1.0,0.9,0.4,-2.43,-1.2,0.03,-1.2,2.0,2.55,14.0,1.0,0.9,0.4,-9.9,-4.8,0.4,-4.8,2.0,10.6,14.0,1.0,0.9,0.4,2.13,4.35,6.57,4.35,2.0,4.6,14.0,1.0,0.9,0.4,9.3,19.7,30.1,19.7,2.0,21.5,14.0,1.0,0.9,0.4,-66.5,8.6,83.7,8.6,2.0,155.7,14.0,1.0,0.9,0.4,49.9,64.2,78.5,64.2,2.0,29.7,14.0,1.0,0.9,0.4,-40.6,11.0,62.6,11.0,2.0,106.8,14.0,1.0,0.9,0.4,35.1,42.8,50.6,42.8,2.0,16.0,14.0,1.0,0.9,0.4,-21.9,-11.3,-0.7,-11.3,2.0,21.9,14.0,1.0,0.9,0.4,4.9,12.0,19.1,12.0,2.0,14.8,14.0,1.0,0.9,0.4,73.5,83.0,93.0,83.0,2.0,20.0,14.0,1.0,0.9,0.4,75.0,85.0,95.0,85.0,2.0,20.0,14.0,1.0,0.9,0.4
1974,2,120.0,-18.0,27.8,27.8,27.8,27.8,1.0,0.0,20.0,1.0,0.7,0.5,28.6,28.6,28.6,28.6,1.0,0.0,20.0,1.0,0.7,0.5,22.46,22.46,22.46,22.46,1.0,0.0,20.0,1.0,0.7,0.5,91.1,91.1,91.1,91.1,1.0,0.0,20.0,1.0,0.5,9.8,9.8,9.8,9.8,1.0,0.0,20.0,1.0,0.7,0.5,9.8,9.8,9.8,9.8,1.0,0.0,20.0,1.0,0.7,0.5,0.0,0.0,0.0,0.0,1.0,0.0,20.0,1.0,0.7,0.5,1005.9,1005.9,1005.9,1005.9,1.0,0.0,20.0,1.0,0.7,0.5,4.0,4.0,4.0,4.0,1.0,0.0,20.0,1.0,0.7,0.5,96.0,96.0,96.0,96.0,1.0,0.0,20.0,1.0,0.7,0.5,0.0,0.0,0.0,0.0,1.0,0.0,20.0,1.0,0.7,0.5,-0.8,-0.8,-0.8,-0.8,1.0,0.0,20.0,1.0,0.7,0.5,-7.8,-7.8,-7.8,-7.8,1.0,0.0,20.0,1.0,0.7,0.5,1.09,1.09,1.09,1.09,1.0,0.0,20.0,1.0,0.7,0.5,10.7,10.7,10.7,10.7,1.0,0.0,20.0,1.0,0.7,0.5,280.3,280.3,280.3,280.3,1.0,0.0,20.0,1.0,0.7,0.5,0.0,0.0,0.0,0.0,1.0,0.0,20.0,1.0,0.7,0.5,220.1,220.1,220.1,220.1,1.0,0.0,20.0,1.0,0.7,0.5,0.0,0.0,0.0,0.0,1.0,0.0,20.0,1.0,0.7,0.5,10.7,10.7,10.7,10.7,1.0,0.0,20.0,1.0,0.7,0.5,0.0,0.0,0.0,0.0,1.0,0.0,20.0,1.0,0.7,0.5,941.0,941.0,941.0,941.0,1.0,0.0,20.0,1.0,0.7,0.5,940.0,940.0,940.0,940.0,1.0,0.0,20.0,1.0,0.7,0.5
1974,2,120.0,-16.0,27.48,28.2,29.24,28.35,4.0,1.25,20.0,0.8,0.2,0.8,28.78,30.25,31.0,29.67,6.0,1.89,18.0,0.8,0.2,0.8,18.36,18.79,22.21,20.22,4.0,3.42,20.0,0.8,0.2,0.8,68.7,80.5,88.9,78.9,4.0,11.9,20.0,0.8,0.8,5.0,5.1,8.08,6.67,6.0,3.38,18.0,0.8,0.2,0.8,3.02,4.67,6.65,5.36,6.0,3.76,18.0,0.8,0.2,0.8,-0.95,1.23,5.0,1.41,6.0,3.71,18.0,0.8,0.2,0.8,1003.12,1004.15,1005.05,1003.95,6.0,1.71,18.0,0.8,0.2,0.8,4.0,5.5,7.2,5.7,6.0,1.6,18.0,0.8,0.2,0.8,17.6,24.0,55.5,45.3,6.0,60.8,18.0,0.8,0.2,0.8,-12.7,5.9,27.4,2.3,6.0,34.4,18.0,0.8,0.2,0.8,-2.76,-2.3,1.1,-0.9,4.0,3.29,20.0,0.8,0.2,0.8,-16.1,-13.0,23.0,2.7,4.0,34.0,20.0,0.8,0.2,0.8,1.01,5.08,7.3,4.2,4.0,4.18,20.0,0.8,0.2,0.8,8.0,28.9,72.4,39.7,4.0,49.0,20.0,0.8,0.2,0.8,89.4,142.7,193.1,153.8,6.0,93.7,18.0,0.8,0.2,0.8,-24.6,37.3,151.3,45.5,6.0,105.3,18.0,0.8,0.2,0.8,46.4,95.0,184.5,114.5,4.0,90.6,20.0,0.8,0.2,0.8,-34.4,54.3,98.1,32.9,4.0,87.4,20.0,0.8,0.2,0.8,1.5,11.9,59.3,29.5,4.0,49.0,20.0,0.8,0.2,0.8,-20.0,10.2,26.5,3.5,4.0,30.2,20.0,0.8,0.2,0.8,125.5,132.5,735.5,533.5,6.0,920.0,18.0,0.8,0.2,0.8,125.0,135.0,735.0,535.0,6.0,920.0,18.0,0.8,0.2,0.8
1974,2,120.0,-15.0,26.97,28.25,30.0,28.47,12.0,1.46,16.0,0.6,0.4,0.6,27.54,29.0,31.82,29.3,13.0,1.82,16.0,0.6,0.4,0.6,18.18,20.06,21.69,19.9,11.0,1.78,16.0,0.5,0.4,0.6,71.9,78.3,83.6,77.4,11.0,6.9,16.0,0.5,0.6,2.6,5.1,7.37,4.97,15.0,2.69,14.0,0.7,0.5,0.6,2.12,4.6,5.96,4.17,15.0,2.25,14.0,0.7,0.5,0.6,-0.84,0.0,3.82,0.85,15.0,3.03,14.0,0.7,0.5,0.6,1003.91,1004.75,1007.12,1005.14,14.0,1.69,14.0,0.6,0.5,0.6,3.0,5.0,6.0,4.5,15.0,1.6,14.0,0.7,0.5,0.6,5.5,21.2,43.7,25.9,15.0,24.1,14.0,0.7,0.5,0.6,-5.2,0.0,19.5,4.8,15.0,25.6,14.0,0.7,0.5,0.6,-3.18,-1.8,2.17,-0.75,11.0,2.42,16.0,0.5,0.4,0.6,-17.6,0.0,11.8,-2.5,11.0,14.1,16.0,0.5,0.4,0.6,1.38,6.29,7.42,4.89,11.0,2.96,16.0,0.5,0.4,0.6,4.3,13.2,41.5,24.2,11.0,25.8,16.0,0.5,0.4,0.6,57.5,123.0,191.7,117.1,13.0,69.7,16.0,0.6,0.4,0.6,-38.8,0.0,57.6,19.6,13.0,90.7,16.0,0.6,0.4,0.6,35.5,67.3,133.3,78.4,11.0,51.8,16.0,0.5,0.4,0.6,-37.9,9.2,58.2,15.3,11.0,67.1,16.0,0.5,0.4,0.6,2.8,8.5,33.2,19.9,11.0,21.9,16.0,0.5,0.4,0.6,-9.0,0.9,10.9,0.4,11.0,19.8,16.0,0.5,0.4,0.6,17.5,132.5,408.0,228.5,15.0,318.0,14.0,0.7,0.5,0.6,20.0,135.0,410.0,230.0,15.0,320.0,14.0,0.7,0.5,0.6
1974,2,120.0,-14.0,28.0,28.5,29.37,28.67,9.0,0.75,14.0,0.7,0.6,0.5,27.71,28.45,28.79,28.47,10.0,0.86,16.0,0.7,0.7,0.5,18.79,19.36,21.74,20.06,9.0,1.62,14.0,0.7,0.6,0.5,77.0,79.4,87.9,82.0,9.0,5.8,14.0,0.7,0.5,4.31,5.4,6.2,5.35,10.0,1.27,16.0,0.7,0.7,0.5,3.36,4.77,5.95,4.75,10.0,1.21,16.0,0.7,0.7,0.5,-0.51,1.27,3.93,1.55,10.0,2.06,16.0,0.7,0.7,0.5,1004.01,1004.9,1006.41,1005.13,10.0,1.5,16.0,0.7,0.7,0.5,3.0,4.5,6.6,4.5,10.0,1.9,16.0,0.7,0.7,0.5,16.3,25.0,35.7,26.5,10.0,12.2,16.0,0.7,0.7,0.5,-2.6,6.3,24.8,9.2,10.0,13.0,16.0,0.7,0.7,0.5,-0.5,0.0,0.97,0.2,9.0,1.15,14.0,0.7,0.6,0.5,-2.8,0.0,5.1,1.0,9.0,7.3,14.0,0.7,0.6,0.5,2.66,4.52,6.69,4.77,9.0,1.99,14.0,0.7,0.6,0.5,14.7,23.0,37.7,25.2,9.0,11.2,14.0,0.7,0.6,0.5,96.8,135.7,164.8,135.3,10.0,35.8,16.0,0.7,0.7,0.5,-13.9,36.2,115.6,45.2,10.0,59.5,16.0,0.7,0.7,0.5,64.5,89.7,126.5,96.7,9.0,31.5,14.0,0.7,0.6,0.5,-11.6,33.7,84.1,33.3,9.0,44.7,14.0,0.7,0.6,0.5,11.6,21.6,33.1,22.2,9.0,10.5,14.0,0.7,0.6,0.5,-1.3,7.9,16.8,7.5,9.0,10.6,14.0,0.7,0.6,0.5,81.0,159.0,238.5,176.5,10.0,120.0,16.0,0.7,0.7,0.5,80.0,160.0,240.0,175.0,10.0,120.0,16.0,0.7,0.7,0.5
1974,2,120.0,-9.0,26.96,27.3,27.64,27.3,2.0,0.71,22.0,0.0,0.4,1.0,26.75,26.85,26.95,26.85,2.0,0.21,22.0,0.0,0.4,1.0,18.96,19.94,20.92,19.94,2.0,2.02,22.0,0.0,0.4,1.0,85.9,89.8,93.6,89.8,2.0,8.0,22.0,0.0,1.0,2.84,3.35,3.86,3.35,2.0,1.06,22.0,0.0,0.4,1.0,2.24,2.77,3.3,2.77,2.0,1.1,22.0,0.0,0.4,1.0,-1.46,-0.19,1.08,-0.19,2.0,2.63,22.0,0.0,0.4,1.0,1006.52,1007.0,1007.48,1007.0,2.0,0.99,22.0,0.0,0.4,1.0,3.3,4.0,4.7,4.0,2.0,1.4,22.0,0.0,0.4,1.0,6.7,9.9,13.1,9.9,2.0,6.6,22.0,0.0,0.4,1.0,-6.4,-2.0,2.3,-2.0,2.0,9.0,22.0,0.0,0.4,1.0,0.21,0.45,0.69,0.45,2.0,0.49,22.0,0.0,0.4,1.0,0.7,1.8,2.8,1.8,2.0,2.1,22.0,0.0,0.4,1.0,2.38,2.91,3.43,2.91,2.0,1.08,22.0,0.0,0.4,1.0,8.9,9.2,9.4,9.2,2.0,0.5,22.0,0.0,0.4,1.0,60.0,74.5,89.1,74.5,2.0,30.2,22.0,0.0,0.4,1.0,-39.5,-5.4,28.8,-5.4,2.0,70.7,22.0,0.0,0.4,1.0,43.1,56.4,69.7,56.4,2.0,27.6,22.0,0.0,0.4,1.0,-31.9,-6.4,19.1,-6.4,2.0,52.9,22.0,0.0,0.4,1.0,7.4,7.5,7.6,7.5,2.0,0.2,22.0,0.0,0.4,1.0,-2.7,0.9,4.5,0.9,2.0,7.4,22.0,0.0,0.4,1.0,25.5,43.0,61.0,43.0,2.0,36.5,22.0,0.0,0.4,1.0,25.0,45.0,60.0,45.0,2.0,35.0,22.0,0.0,0.4,1.0
1974,2,120.0,0.0,27.6,27.6,27.6,27.6,1.0,0.0,4.0,1.0,0.2,0.5,26.5,26.5,26.5,26.5,1.0,0.0,4.0,1.0,0.2,0.5,16.63,16.63,16.63,16.63,1.0,0.0,4.0,1.0,0.2,0.5,76.8,76.8,76.8,76.8,1.0,0.0,4.0,1.0,0.5,,,,,,,,,,,,,,,,,,,,,,,,,,,,,,,,,,,,,,,,,,,,,,,,,,,,,,,,,,,,,,,,,,,,,,,,,,,,,,,,,,,,,,,,,,,,,,,,,,,,,,,,,,,,,,,,,,,,,,,,,,,,,,,,,,,,,,,,,,,,,,,,,,,,,,,,,,,,,,,,,,,,,,,,,,,,,,,,,,,,,,,,,,,,,,
1974,2,120.0,1.0,28.43,28.7,28.97,28.7,2.0,0.57,14.0,0.5,0.8,0.7,26.5,26.5,26.5,26.5,1.0,0.0,12.0,0.0,0.9,0.7,19.74,19.74,19.74,19.74,1.0,0.0,12.0,0.0,0.9,0.7,90.9,90.9,90.9,90.9,1.0,0.0,12.0,0.0,0.7,3.0,3.85,4.7,3.85,2.0,1.77,14.0,0.5,0.8,0.7,-0.67,-0.22,0.24,-0.22,2.0,0.95,14.0,0.5,0.8,0.7,-4.63,-3.79,-2.95,-3.79,2.0,1.74,14.0,0.5,0.8,0.7,1009.12,1009.6,1010.08,1009.6,2.0,0.99,14.0,0.5,0.8,0.7,8.0,8.0,8.0,8.0,2.0,0.0,14.0,0.5,0.8,0.7,-3.6,-1.7,0.3,-1.7,2.0,4.0,14.0,0.5,0.8,0.7,-22.6,-16.1,-9.7,-16.1,2.0,13.4,14.0,0.5,0.8,0.7,1.8,1.8,1.8,1.8,1.0,0.0,12.0,0.0,0.9,0.7,4.7,4.7,4.7,4.7,1.0,0.0,12.0,0.0,0.9,0.7,4.45,4.45,4.45,4.45,1.0,0.0,12.0,0.0,0.9,0.7,11.6,11.6,11.6,11.6,1.0,0.0,12.0,0.0,0.9,0.7,12.0,12.0,12.0,12.0,1.0,0.0,12.0,0.0,0.9,0.7,-67.9,-67.9,-67.9,-67.9,1.0,0.0,12.0,0.0,0.9,0.7,8.9,8.9,8.9,8.9,1.0,0.0,12.0,0.0,0.9,0.7,-50.5,-50.5,-50.5,-50.5,1.0,0.0,12.0,0.0,0.9,0.7,2.0,2.0,2.0,2.0,1.0,0.0,12.0,0.0,0.9,0.7,-11.4,-11.4,-11.4,-11.4,1.0,0.0,12.0,0.0,0.9,0.7,36.0,75.0,114.5,75.0,2.0,81.5,14.0,0.5,0.8,0.7,35.0,75.0,115.0,75.0,2.0,80.0,14.0,0.5,0.8,0.7
1974,2,120.0,2.0,30.9,30.9,30.9,30.9,1.0,0.0,10.0,1.0,0.5,0.4,27.6,27.6,27.6,27.6,1.0,0.0,10.0,1.0,0.5,0.4,20.12,20.12,20.12,20.12,1.0,0.0,10.0,1.0,0.5,0.4,86.8,86.8,86.8,86.8,1.0,0.0,10.0,1.0,0.4,2.6,2.6,2.6,2.6,1.0,0.0,10.0,1.0,0.5,0.4,0.0,0.0,0.0,0.0,1.0,0.0,10.0,1.0,0.5,0.4,-2.6,-2.6,-2.6,-2.6,1.0,0.0,10.0,1.0,0.5,0.4,1007.6,1007.6,1007.6,1007.6,1.0,0.0,10.0,1.0,0.5,0.4,7.0,7.0,7.0,7.0,1.0,0.0,10.0,1.0,0.5,0.4,0.0,0.0,0.0,0.0,1.0,0.0,10.0,1.0,0.5,0.4,-6.8,-6.8,-6.8,-6.8,1.0,0.0,10.0,1.0,0.5,0.4,3.3,3.3,3.3,3.3,1.0,0.0,10.0,1.0,0.5,0.4,8.6,8.6,8.6,8.6,1.0,0.0,10.0,1.0,0.5,0.4,8.08,8.08,8.08,8.08,1.0,0.0,10.0,1.0,0.5,0.4,21.0,21.0,21.0,21.0,1.0,0.0,10.0,1.0,0.5,0.4,0.0,0.0,0.0,0.0,1.0,0.0,10.0,1.0,0.5,0.4,-71.8,-71.8,-71.8,-71.8,1.0,0.0,10.0,1.0,0.5,0.4,0.0,0.0,0.0,0.0,1.0,0.0,10.0,1.0,0.5,0.4,-52.3,-52.3,-52.3,-52.3,1.0,0.0,10.0,1.0,0.5,0.4,0.0,0.0,0.0,0.0,1.0,0.0,10.0,1.0,0.5,0.4,-21.0,-21.0,-21.0,-21.0,1.0,0.0,10.0,1.0,0.5,0.4,17.5,17.5,17.5,17.5,1.0,0.0,10.0,1.0,0.5,0.4,20.0,20.0,20.0,20.0,1.0,0.0,10.0,1.0,0.5,0.4
1974,2,120.0,7.0,26.7,26.7,26.7,26.7,1.0,0.0,14.0,0.0,0.1,0.5,26.7,26.7,26.7,26.7,1.0,0.0,14.0,0.0,0.1,0.5,19.06,19.06,19.06,19.06,1.0,0.0,14.0,0.0,0.1,0.5,86.7,86.7,86.7,86.7,1.0,0.0,14.0,0.0,0.5,7.7,7.7,7.7,7.7,1.0,0.0,14.0,0.0,0.1,0.5,-7.7,-7.7,-7.7,-7.7,1.0,0.0,14.0,0.0,0.1,0.5,0.0,0.0,0.0,0.0,1.0,0.0,14.0,0.0,0.1,0.5,1007.6,1007.6,1007.6,1007.6,1.0,0.0,14.0,0.0,0.1,0.5,7.0,7.0,7.0,7.0,1.0,0.0,14.0,0.0,0.1,0.5,-59.3,-59.3,-59.3,-59.3,1.0,0.0,14.0,0.0,0.1,0.5,0.0,0.0,0.0,0.0,1.0,0.0,14.0,0.0,0.1,0.5,0.0,0.0,0.0,0.0,1.0,0.0,14.0,0.0,0.1,0.5,0.0,0.0,0.0,0.0,1.0,0.0,14.0,0.0,0.1,0.5,2.96,2.96,2.96,2.96,1.0,0.0,14.0,0.0,0.1,0.5,22.8,22.8,22.8,22.8,1.0,0.0,14.0,0.0,0.1,0.5,-205.6,-205.6,-205.6,-205.6,1.0,0.0,14.0,0.0,0.1,0.5,0.0,0.0,0.0,0.0,1.0,0.0,14.0,0.0,0.1,0.5,-146.7,-146.7,-146.7,-146.7,1.0,0.0,14.0,0.0,0.1,0.5,0.0,0.0,0.0,0.0,1.0,0.0,14.0,0.0,0.1,0.5,-22.8,-22.8,-22.8,-22.8,1.0,0.0,14.0,0.0,0.1,0.5,0.0,0.0,0.0,0.0,1.0,0.0,14.0,0.0,0.1,0.5,456.5,456.5,456.5,456.5,1.0,0.0,14.0,0.0,0.1,0.5,455.0,455.0,455.0,455.0,1.0,0.0,14.0,0.0,0.1,0.5
1974,2,120.0,8.0,28.05,28.15,28.25,28.15,2.0,0.21,18.0,0.5,0.6,0.8,25.63,27.0,28.02,26.83,3.0,1.76,20.0,0.3,0.6,0.7,16.84,17.46,18.09,17.46,2.0,1.29,18.0,0.5,0.6,0.8,76.6,79.4,82.1,79.4,2.0,5.8,18.0,0.5,0.8,3.05,5.1,8.44,5.73,3.0,3.99,20.0,0.3,0.6,0.7,-4.65,-3.91,-2.34,-3.51,3.0,1.73,20.0,0.3,0.6,0.7,-6.95,-3.28,-1.96,-4.43,3.0,3.79,20.0,0.3,0.6,0.7,1007.66,1008.0,1009.37,1008.5,3.0,1.32,20.0,0.3,0.6,0.7,4.0,4.0,4.7,4.3,3.0,0.6,20.0,0.3,0.6,0.7,-40.5,-19.9,-8.6,-24.4,3.0,23.6,20.0,0.3,0.6,0.7,-64.4,-16.7,-7.2,-35.4,3.0,44.9,20.0,0.3,0.6,0.7,0.31,1.4,2.49,1.4,2.0,2.26,18.0,0.5,0.6,0.8,3.9,14.5,25.1,14.5,2.0,21.9,18.0,0.5,0.6,0.8,6.06,6.54,7.01,6.54,2.0,0.98,18.0,0.5,0.6,0.8,36.6,51.1,65.6,51.1,2.0,30.1,18.0,0.5,0.6,0.8,-120.7,-111.3,-65.0,-93.3,3.0,43.7,20.0,0.3,0.6,0.7,-177.4,-93.4,-54.5,-115.5,3.0,92.0,20.0,0.3,0.6,0.7,-81.0,-77.3,-73.5,-77.3,2.0,7.7,18.0,0.5,0.6,0.8,-130.1,-101.8,-73.4,-101.8,2.0,58.7,18.0,0.5,0.6,0.8,-34.0,-29.5,-24.9,-29.5,2.0,9.4,18.0,0.5,0.6,0.8,-55.7,-40.9,-26.1,-40.9,2.0,30.7,18.0,0.5,0.6,0.8,48.5,132.5,724.5,380.5,3.0,540.0,20.0,0.3,0.6,0.7,50.0,135.0,725.0,380.0,3.0,540.0,20.0,0.3,0.6,0.7
1974,2,120.0,10.0,26.2,26.2,26.2,26.2,1.0,0.0,2.0,0.0,0.3,0.4,26.3,26.3,26.3,26.3,1.0,0.0,2.0,0.0,0.3,0.4,16.51,16.51,16.51,16.51,1.0,0.0,2.0,0.0,0.3,0.4,77.2,77.2,77.2,77.2,1.0,0.0,2.0,0.0,0.4,7.2,7.2,7.2,7.2,1.0,0.0,2.0,0.0,0.3,0.4,-4.63,-4.63,-4.63,-4.63,1.0,0.0,2.0,0.0,0.3,0.4,-5.52,-5.52,-5.52,-5.52,1.0,0.0,2.0,0.0,0.3,0.4,1010.3,1010.3,1010.3,1010.3,1.0,0.0,2.0,0.0,0.3,0.4,7.0,7.0,7.0,7.0,1.0,0.0,2.0,0.0,0.3,0.4,-33.3,-33.3,-33.3,-33.3,1.0,0.0,2.0,0.0,0.3,0.4,-39.7,-39.7,-39.7,-39.7,1.0,0.0,2.0,0.0,0.3,0.4,-0.1,-0.1,-0.1,-0.1,1.0,0.0,2.0,0.0,0.3,0.4,-0.7,-0.7,-0.7,-0.7,1.0,0.0,2.0,0.0,0.3,0.4,4.8,4.8,4.8,4.8,1.0,0.0,2.0,0.0,0.3,0.4,34.6,34.6,34.6,34.6,1.0,0.0,2.0,0.0,0.3,0.4,-121.7,-121.7,-121.7,-121.7,1.0,0.0,2.0,0.0,0.3,0.4,-145.1,-145.1,-145.1,-145.1,1.0,0.0,2.0,0.0,0.3,0.4,-76.4,-76.4,-76.4,-76.4,1.0,0.0,2.0,0.0,0.3,0.4,-91.1,-91.1,-91.1,-91.1,1.0,0.0,2.0,0.0,0.3,0.4,-22.2,-22.2,-22.2,-22.2,1.0,0.0,2.0,0.0,0.3,0.4,-26.5,-26.5,-26.5,-26.5,1.0,0.0,2.0,0.0,0.3,0.4,373.0,373.0,373.0,373.0,1.0,0.0,2.0,0.0,0.3,0.4,375.0,375.0,375.0,375.0,1.0,0.0,2.0,0.0,0.3,0.4
1974,2,120.0,11.0,26.8,27.45,28.1,27.45,2.0,1.34,26.0,0.5,0.3,0.7,26.45,27.0,27.55,27.0,2.0,1.13,26.0,0.5,0.3,0.7,17.73,18.12,18.52,18.12,2.0,0.82,26.0,0.5,0.3,0.7,80.3,81.2,82.1,81.2,2.0,1.9,26.0,0.5,0.7,4.4,5.05,5.7,5.05,2.0,1.34,26.0,0.5,0.3,0.7,-3.86,-3.85,-3.85,-3.85,2.0,0.0,26.0,0.5,0.3,0.7,-4.09,-3.0,-1.91,-3.0,2.0,2.26,26.0,0.5,0.3,0.7,1008.56,1009.55,1010.54,1009.55,2.0,2.05,26.0,0.5,0.3,0.7,0.5,1.5,2.5,1.5,2.0,2.1,26.0,0.5,0.3,0.7,-22.0,-19.5,-17.0,-19.5,2.0,5.2,26.0,0.5,0.3,0.7,-24.1,-16.7,-9.2,-16.7,2.0,15.4,26.0,0.5,0.3,0.7,0.35,0.45,0.55,0.45,2.0,0.21,26.0,0.5,0.3,0.7,1.9,2.1,2.4,2.1,2.0,0.5,26.0,0.5,0.3,0.7,4.38,4.89,5.41,4.89,2.0,1.06,26.0,0.5,0.3,0.7,23.4,24.0,24.6,24.0,2.0,1.2,26.0,0.5,0.3,0.7,-106.1,-104.1,-102.0,-104.1,2.0,4.3,26.0,0.5,0.3,0.7,-107.5,-79.7,-51.9,-79.7,2.0,57.6,26.0,0.5,0.3,0.7,-71.4,-69.9,-68.4,-69.9,2.0,3.1,26.0,0.5,0.3,0.7,-72.0,-53.4,-34.9,-53.4,2.0,38.5,26.0,0.5,0.3,0.7,-20.8,-18.9,-16.9,-18.9,2.0,4.1,26.0,0.5,0.3,0.7,-17.3,-13.5,-9.7,-13.5,2.0,7.9,26.0,0.5,0.3,0.7,92.5,142.5,192.5,142.5,2.0,104.0,26.0,0.5,0.3,0.7,90.0,140.0,195.0,140.0,2.0,105.0,26.0,0.5,0.3,0.7
1974,2,120.0,12.0,25.48,26.4,26.9,26.2,4.0,0.91,18.0,0.3,0.7,0.4,27.78,29.65,30.26,29.05,4.0,1.83,18.0,0.3,0.7,0.4,16.33,16.83,17.33,16.83,2.0,1.04,14.0,0.5,0.8,0.4,67.5,70.5,73.5,70.5,2.0,6.2,14.0,0.5,0.4,3.67,7.95,9.14,6.48,4.0,4.43,18.0,0.3,0.7,0.4,-8.83,-5.78,-1.83,-5.35,4.0,4.35,18.0,0.3,0.7,0.4,-4.83,-1.4,0.91,-1.93,4.0,3.67,18.0,0.3,0.7,0.4,1009.89,1010.3,1010.71,1010.3,2.0,0.85,14.0,0.5,0.8,0.4,1.6,5.0,5.7,3.7,3.0,3.2,16.0,0.3,0.7,0.6,-81.7,-46.4,-14.1,-47.8,4.0,42.5,18.0,0.3,0.7,0.4,-37.8,-11.5,9.1,-14.2,4.0,29.8,18.0,0.3,0.7,0.4,-4.4,-3.65,-1.22,-2.85,4.0,2.27,18.0,0.3,0.7,0.4,-33.5,-11.5,1.7,-15.7,4.0,21.7,18.0,0.3,0.7,0.4,4.99,5.39,5.79,5.39,2.0,0.83,14.0,0.5,0.8,0.4,38.9,43.0,47.1,43.0,2.0,8.5,14.0,0.5,0.8,0.4,-248.0,-159.5,-55.0,-151.9,4.0,123.5,18.0,0.3,0.7,0.4,-140.1,-37.0,26.7,-55.8,4.0,109.0,18.0,0.3,0.7,0.4,-115.1,-95.8,-76.6,-95.8,2.0,39.9,14.0,0.5,0.8,0.4,-105.7,-81.1,-56.6,-81.1,2.0,50.9,14.0,0.5,0.8,0.4,-41.7,-32.3,-22.9,-32.3,2.0,19.5,14.0,0.5,0.8,0.4,-29.6,-24.4,-19.2,-24.4,2.0,10.8,14.0,0.5,0.8,0.4,217.5,504.0,786.5,502.0,4.0,410.0,18.0,0.3,0.7,0.4,215.0,505.0,785.0,500.0,4.0,410.0,18.0,0.3,0.7,0.4
1974,2,120.0,13.0,25.0,26.6,26.98,26.41,8.0,1.72,10.0,0.6,0.5,0.5,25.51,26.1,27.0,26.23,8.0,0.83,10.0,0.6,0.5,0.5,14.05,15.83,18.45,16.0,8.0,2.44,10.0,0.6,0.5,0.5,63.6,71.4,89.6,75.3,8.0,11.7,10.0,0.6,0.5,4.94,8.2,10.12,7.95,8.0,2.82,10.0,0.6,0.5,0.5,-9.56,-8.13,-3.32,-6.75,8.0,3.45,10.0,0.6,0.5,0.5,-4.42,-0.9,1.51,-0.82,8.0,3.93,10.0,0.6,0.5,0.5,1010.62,1011.0,1011.82,1011.14,8.0,0.67,10.0,0.6,0.5,0.5,2.0,3.5,5.9,4.0,8.0,2.2,10.0,0.6,0.5,0.5,-96.9,-66.9,-14.2,-61.5,8.0,43.2,10.0,0.6,0.5,0.5,-34.6,-3.2,13.1,-0.9,8.0,37.6,10.0,0.6,0.5,0.5,-1.1,-0.85,1.4,0.19,8.0,2.0,10.0,0.6,0.5,0.5,-9.6,-5.6,14.0,0.9,8.0,16.6,10.0,0.6,0.5,0.5,0.75,6.09,7.99,5.66,8.0,4.54,10.0,0.6,0.5,0.5,7.9,31.1,77.9,40.2,8.0,36.7,10.0,0.6,0.5,0.5,-244.2,-218.8,-86.6,-176.2,8.0,89.1,10.0,0.6,0.5,0.5,-119.1,-23.6,39.4,-21.7,8.0,101.4,10.0,0.6,0.5,0.5,-166.9,-134.2,-48.4,-112.6,8.0,65.1,10.0,0.6,0.5,0.5,-62.0,-13.5,29.4,-5.7,8.0,62.5,10.0,0.6,0.5,0.5,-65.2,-24.5,-5.0,-30.6,8.0,29.3,10.0,0.6,0.5,0.5,-33.9,-6.4,2.5,-18.7,8.0,29.4,10.0,0.6,0.5,0.5,137.0,557.5,1044.5,666.0,8.0,586.0,10.0,0.6,0.5,0.5,135.0,560.0,1045.0,665.0,8.0,585.0,10.0,0.6,0.5,0.5
1974,2,120.0,14.0,26.7,26.7,27.07,26.81,21.0,0.35,18.0,0.6,0.1,0.5,25.61,26.5,28.7,26.89,20.0,1.52,16.0,0.6,0.1,0.5,16.05,17.56,18.41,17.22,20.0,1.91,16.0,0.6,0.1,0.5,67.6,78.4,87.0,77.8,20.0,8.3,16.0,0.6,0.5,2.11,3.1,7.69,4.69,20.0,2.96,18.0,0.6,0.1,0.6,-4.51,0.0,2.44,-0.81,20.0,3.41,18.0,0.6,0.1,0.6,-5.88,-2.56,-0.75,-2.73,20.0,3.42,18.0,0.6,0.1,0.6,1005.85,1011.2,1014.15,1010.27,21.0,3.67,18.0,0.6,0.1,0.5,2.0,3.0,6.0,3.7,21.0,2.2,18.0,0.6,0.1,0.5,-20.8,0.0,9.4,-6.9,20.0,31.5,18.0,0.6,0.1,0.6,-45.0,-6.7,-1.2,-17.2,20.0,32.6,18.0,0.6,0.1,0.6,-1.9,0.45,1.0,-0.07,20.0,1.45,16.0,0.6,0.1,0.5,-5.7,1.3,7.3,1.4,19.0,8.7,18.0,0.5,0.1,0.6,3.52,4.42,6.47,4.9,20.0,1.95,16.0,0.6,0.1,0.5,8.9,18.2,36.4,26.0,19.0,26.4,18.0,0.5,0.1,0.6,-130.6,0.0,68.3,-24.7,19.0,90.9,18.0,0.5,0.1,0.6,-160.5,-74.0,-24.0,-74.1,19.0,90.3,18.0,0.5,0.1,0.6,-77.4,0.0,45.0,-11.8,19.0,54.5,18.0,0.5,0.1,0.6,-96.8,-47.7,-13.1,-47.3,19.0,58.9,18.0,0.5,0.1,0.6,-21.9,0.0,5.1,-9.0,19.0,25.1,18.0,0.5,0.1,0.6,-26.3,-10.9,-5.9,-15.3,19.0,21.1,18.0,0.5,0.1,0.6,9.5,30.0,455.5,246.0,20.0,446.0,18.0,0.6,0.1,0.6,10.0,30.0,455.0,245.0,20.0,445.0,18.0,0.6,0.1,0.6
1974,2,120.0,17.0,25.54,26.7,28.11,26.88,13.0,1.67,14.0,0.4,0.1,0.6,24.76,26.0,28.0,25.93,13.0,1.92,14.0,0.4,0.1,0.6,15.02,17.24,17.66,16.49,10.0,1.5,16.0,0.4,0.2,0.7,75.6,82.1,86.7,81.2,10.0,6.5,16.0,0.4,0.7,1.85,3.6,13.93,6.49,11.0,5.96,16.0,0.4,0.2,0.6,-6.09,-0.72,0.56,-1.96,11.0,3.85,16.0,0.4,0.2,0.6,-11.06,-3.14,-0.94,-5.4,11.0,5.54,16.0,0.4,0.2,0.6,1010.69,1012.3,1013.87,1012.08,13.0,1.78,14.0,0.4,0.1,0.6,1.0,2.0,4.2,2.8,13.0,2.2,14.0,0.4,0.1,0.6,-81.5,-1.5,1.2,-25.8,11.0,47.3,16.0,0.4,0.2,0.6,-154.8,-12.9,-2.0,-64.2,11.0,90.6,16.0,0.4,0.2,0.6,-0.02,0.7,2.34,0.95,13.0,1.39,14.0,0.4,0.1,0.6,-0.3,1.1,26.0,9.0,11.0,16.5,16.0,0.4,0.2,0.6,3.72,4.63,5.79,4.85,10.0,1.36,16.0,0.4,0.2,0.7,6.5,20.1,70.8,41.7,9.0,41.1,18.0,0.4,0.2,0.7,-152.3,-18.9,14.3,-47.8,11.0,93.3,16.0,0.4,0.2,0.6,-274.5,-79.1,-24.2,-133.9,11.0,132.3,16.0,0.4,0.2,0.6,-106.4,0.0,17.3,-31.6,9.0,63.3,18.0,0.4,0.2,0.7,-197.2,-64.5,-7.6,-93.2,9.0,88.4,18.0,0.4,0.2,0.7,-38.2,0.0,3.0,-12.0,9.0,21.9,18.0,0.4,0.2,0.7,-63.4,-20.1,-1.3,-35.3,9.0,40.1,18.0,0.4,0.2,0.7,7.0,46.5,2768.5,1005.5,11.0,1492.0,16.0,0.4,0.2,0.6,5.0,45.0,2770.0,1005.0,11.0,1490.0,16.0,0.4,0.2,0.6
1974,2,120.0,18.0,23.73,25.0,26.3,25.16,48.0,1.71,16.0,0.6,0.3,0.6,22.0,24.5,27.16,24.69,54.0,2.71,16.0,0.6,0.3,0.6,12.44,14.91,17.8,15.01,41.0,2.87,16.0,0.6,0.3,0.6,70.1,78.8,87.6,78.6,42.0,9.1,16.0,0.6,0.6,2.15,10.3,15.4,9.29,52.0,6.1,16.0,0.6,0.3,0.6,-12.02,-6.91,0.0,-5.81,52.0,5.73,16.0,0.6,0.3,0.6,-11.78,-4.91,0.0,-5.37,52.0,5.34,16.0,0.6,0.3,0.6,1011.34,1013.5,1016.0,1013.4,50.0,2.67,16.0,0.6,0.3,0.6,1.0,4.0,7.7,4.0,53.0,2.9,16.0,0.6,0.3,0.6,-174.5,-74.7,0.0,-82.4,52.0,86.3,16.0,0.6,0.3,0.6,-179.2,-51.8,0.0,-75.5,52.0,88.1,16.0,0.6,0.3,0.6,-0.6,1.1,3.0,0.84,47.0,2.42,16.0,0.6,0.3,0.6,-4.1,6.2,38.0,12.6,45.0,28.2,16.0,0.6,0.3,0.6,3.47,4.81,7.72,5.07,38.0,2.47,16.0,0.6,0.3,0.6,10.9,56.0,104.7,61.5,38.0,47.6,16.0,0.6,0.3,0.6,-279.6,-169.4,0.0,-137.5,51.0,134.4,16.0,0.6,0.3,0.6,-278.3,-110.2,0.0,-129.2,51.0,127.3,16.0,0.6,0.3,0.6,-162.5,-100.8,0.0,-86.8,41.0,76.0,16.0,0.6,0.3,0.6,-144.6,-66.6,0.0,-78.9,41.0,76.5,16.0,0.6,0.3,0.6,-77.4,-41.6,0.0,-39.4,38.0,40.1,16.0,0.6,0.3,0.6,-70.5,-28.1,0.0,-37.1,38.0,39.2,16.0,0.6,0.3,0.6,10.0,1092.5,3652.5,1788.5,52.0,1989.5,16.0,0.6,0.3,0.6,10.0,1095.0,3650.0,1790.0,52.0,1990.0,16.0,0.6,0.3,0.6
1974,2,120.0,19.0,23.47,25.0,26.57,24.9,43.0,1.57,14.0,0.5,0.6,0.3,21.1,23.6,27.09,23.89,41.0,2.54,14.0,0.5,0.6,0.3,11.53,14.58,17.55,14.85,37.0,2.61,14.0,0.5,0.6,0.3,75.0,80.7,88.4,81.0,37.0,7.8,14.0,0.5,0.3,4.93,10.3,13.57,9.73,43.0,4.34,14.0,0.5,0.6,0.3,-10.41,-7.91,-2.72,-7.17,43.0,4.21,14.0,0.5,0.6,0.3,-9.83,-4.58,0.0,-4.69,43.0,4.79,14.0,0.5,0.6,0.3,1011.2,1013.0,1017.2,1014.06,41.0,3.26,14.0,0.5,0.6,0.3,1.0,3.5,8.0,4.6,42.0,3.0,14.0,0.5,0.6,0.3,-138.3,-81.3,-9.2,-84.2,43.0,70.5,14.0,0.5,0.6,0.3,-126.8,-43.7,0.0,-59.3,43.0,68.3,14.0,0.5,0.6,0.3,-1.26,1.3,3.33,1.13,41.0,2.22,14.0,0.5,0.6,0.3,-8.2,13.0,40.2,15.1,41.0,22.2,14.0,0.5,0.6,0.3,2.53,5.06,7.07,4.79,37.0,2.3,14.0,0.5,0.6,0.3,13.3,47.4,96.4,52.3,37.0,39.3,14.0,0.5,0.6,0.3,-251.4,-173.2,-66.2,-162.2,41.0,93.0,14.0,0.5,0.6,0.3,-230.0,-96.2,0.0,-101.6,41.0,108.2,14.0,0.5,0.6,0.3,-159.8,-103.0,-48.2,-102.9,37.0,61.4,14.0,0.5,0.6,0.3,-130.8,-62.0,5.9,-59.2,37.0,66.5,14.0,0.5,0.6,0.3,-71.4,-35.2,-7.6,-37.8,37.0,29.3,14.0,0.5,0.6,0.3,-61.5,-23.7,0.0,-28.7,37.0,34.4,14.0,0.5,0.6,0.3,121.0,1092.5,2499.5,1454.0,43.0,1527.0,14.0,0.5,0.6,0.3,120.0,1095.0,2500.0,1455.0,43.0,1525.0,14.0,0.5,0.6,0.3
1974,2,120.0,20.0,24.0,25.0,26.0,25.08,21.0,1.39,14.0,0.5,0.5,0.5,20.0,22.8,26.36,23.08,23.0,2.81,14.0,0.5,0.4,0.5,11.22,14.29,17.4,14.27,16.0,2.81,14.0,0.5,0.5,0.5,73.6,79.2,90.5,81.0,16.0,7.5,14.0,0.5,0.5,5.33,9.0,14.07,9.4,22.0,5.23,14.0,0.5,0.5,0.5,-12.21,-6.25,-0.77,-6.18,22.0,5.9,14.0,0.5,0.5,0.5,-9.53,-3.81,0.7,-4.33,22.0,5.04,14.0,0.5,0.5,0.5,1010.14,1014.3,1017.75,1014.04,23.0,3.57,14.0,0.5,0.4,0.5,2.0,6.0,8.0,5.7,22.0,2.6,14.0,0.5,0.4,0.5,-164.6,-45.7,-2.8,-79.6,22.0,92.5,14.0,0.5,0.5,0.5,-116.7,-39.6,1.2,-61.4,22.0,85.7,14.0,0.5,0.5,0.5,-0.47,2.8,4.41,2.11,21.0,2.68,14.0,0.5,0.5,0.5,-2.7,22.8,71.7,27.4,20.0,33.3,14.0,0.5,0.5,0.4,1.72,4.9,6.88,4.77,15.0,2.45,14.0,0.5,0.5,0.4,8.5,63.8,89.5,59.5,15.0,49.9,14.0,0.5,0.5,0.4,-268.5,-160.3,-16.6,-134.8,22.0,130.9,14.0,0.5,0.5,0.5,-203.2,-73.9,16.6,-92.2,22.0,105.3,14.0,0.5,0.5,0.5,-168.8,-95.8,1.6,-78.4,16.0,90.1,14.0,0.5,0.5,0.5,-113.8,-52.4,-7.7,-62.5,16.0,58.5,14.0,0.5,0.5,0.5,-68.8,-31.8,-0.3,-37.6,15.0,40.0,14.0,0.5,0.5,0.4,-67.3,-24.1,-0.5,-35.3,15.0,42.8,14.0,0.5,0.5,0.4,155.5,731.5,2793.0,1614.5,22.0,2313.5,14.0,0.5,0.5,0.5,155.0,730.0,2795.0,1615.0,22.0,2315.0,14.0,0.5,0.5,0.5
1974,2,120.0,21.0,22.0,24.4,25.6,24.09,17.0,1.62,18.0,0.4,0.4,0.4,17.52,22.5,24.5,21.94,17.0,3.14,18.0,0.4,0.4,0.4,9.96,12.73,15.83,12.99,15.0,2.76,18.0,0.4,0.4,0.5,76.1,82.1,84.1,79.8,15.0,6.9,18.0,0.4,0.5,7.46,10.3,15.7,11.23,16.0,4.35,18.0,0.4,0.4,0.4,-10.91,-8.7,-2.56,-7.94,16.0,4.83,18.0,0.4,0.4,0.4,-9.81,-7.08,-0.61,-5.67,16.0,5.34,18.0,0.4,0.4,0.4,1010.91,1016.2,1020.68,1015.91,17.0,4.37,18.0,0.4,0.4,0.4,5.0,7.0,8.0,6.5,17.0,2.0,18.0,0.4,0.4,0.4,-155.5,-95.6,-16.4,-104.1,16.0,90.0,18.0,0.4,0.4,0.4,-160.8,-63.4,-5.7,-80.6,16.0,77.1,18.0,0.4,0.4,0.4,-0.45,2.0,5.46,2.16,17.0,3.12,18.0,0.4,0.4,0.4,-2.8,23.0,42.2,27.1,16.0,43.0,18.0,0.4,0.4,0.4,3.42,5.47,8.51,5.62,15.0,2.57,18.0,0.4,0.4,0.5,20.8,64.7,84.0,67.0,14.0,49.2,16.0,0.4,0.4,0.4,-240.5,-205.3,-60.9,-174.8,16.0,100.3,18.0,0.4,0.4,0.4,-205.7,-152.8,-15.1,-115.2,16.0,112.5,18.0,0.4,0.4,0.4,-151.1,-130.9,-42.4,-107.0,14.0,63.2,16.0,0.4,0.4,0.4,-122.8,-81.0,-23.5,-71.9,14.0,60.9,16.0,0.4,0.4,0.4,-69.9,-30.7,-15.5,-45.8,14.0,42.6,16.0,0.4,0.4,0.4,-68.6,-30.5,-6.1,-39.7,14.0,38.6,16.0,0.4,0.4,0.4,437.0,1092.5,3919.0,2023.5,16.0,2009.5,18.0,0.4,0.4,0.4,435.0,1095.0,3920.0,2025.0,16.0,2010.0,18.0,0.4,0.4,0.4
1974,2,120.0,22.0,22.29,22.8,24.0,23.0,5.0,1.08,12.0,0.8,0.2,0.3,15.99,19.5,19.97,18.18,5.0,2.72,12.0,0.8,0.2,0.3,8.15,9.73,12.36,10.23,4.0,2.56,14.0,0.8,0.2,0.3,73.9,81.2,85.1,79.6,4.0,8.2,14.0,0.8,0.3,5.44,6.7,10.91,8.2,5.0,4.88,12.0,0.8,0.2,0.3,-5.14,-3.25,-1.44,-3.37,5.0,3.18,12.0,0.8,0.2,0.3,-9.81,-5.8,-4.87,-7.3,5.0,4.12,12.0,0.8,0.2,0.3,1014.04,1016.9,1018.87,1016.74,5.0,3.53,12.0,0.8,0.2,0.3,1.3,2.0,7.4,3.8,5.0,3.5,12.0,0.8,0.2,0.3,-64.0,-21.1,-12.1,-39.5,5.0,54.9,12.0,0.8,0.2,0.3,-121.5,-38.9,-27.9,-75.9,5.0,90.7,12.0,0.8,0.2,0.3,3.4,4.5,6.11,4.82,5.0,2.51,12.0,0.8,0.2,0.3,21.2,30.2,74.2,49.2,5.0,55.6,12.0,0.8,0.2,0.3,5.51,7.4,8.4,6.98,4.0,2.23,14.0,0.8,0.2,0.3,30.6,53.3,107.2,68.2,4.0,59.1,14.0,0.8,0.2,0.3,-83.3,-63.4,-24.0,-55.1,5.0,46.0,12.0,0.8,0.2,0.3,-151.5,-113.1,-96.6,-123.9,5.0,45.9,12.0,0.8,0.2,0.3,-52.8,-29.7,-5.9,-29.4,4.0,31.3,14.0,0.8,0.2,0.3,-91.5,-62.4,-53.2,-71.9,4.0,30.0,14.0,0.8,0.2,0.3,-51.5,-22.1,-8.1,-29.5,4.0,33.2,14.0,0.8,0.2,0.3,-94.9,-48.3,-27.4,-60.5,4.0,50.4,14.0,0.8,0.2,0.3,191.5,301.0,1930.5,1114.0,5.0,1894.0,12.0,0.8,0.2,0.3,190.0,300.0,1930.0,1115.0,5.0,1895.0,12.0,0.8,0.2,0.3
1974,2,120.0,23.0,,,,,,,,,,,,,,,,,,,,,,,,,,,,,,,,,,,,,,,,5.7,5.7,5.7,5.7,1.0,0.0,18.0,1.0,0.0,0.8,-4.37,-4.37,-4.37,-4.37,1.0,0.0,18.0,1.0,0.0,0.8,-3.66,-3.66,-3.66,-3.66,1.0,0.0,18.0,1.0,0.0,0.8,1017.9,1017.9,1017.9,1017.9,1.0,0.0,18.0,1.0,0.0,0.8,6.0,6.0,6.0,6.0,1.0,0.0,18.0,1.0,0.0,0.8,-24.9,-24.9,-24.9,-24.9,1.0,0.0,18.0,1.0,0.0,0.8,-20.9,-20.9,-20.9,-20.9,1.0,0.0,18.0,1.0,0.0,0.8,,,,,,,,,,,,,,,,,,,,,,,,,,,,,,,,,,,,,,,,,-96.1,-96.1,-96.1,-96.1,1.0,0.0,18.0,1.0,0.0,0.8,-80.6,-80.6,-80.6,-80.6,1.0,0.0,18.0,1.0,0.0,0.8,-52.3,-52.3,-52.3,-52.3,1.0,0.0,18.0,1.0,0.0,0.8,-43.9,-43.9,-43.9,-43.9,1.0,0.0,18.0,1.0,0.0,0.8,,,,,,,,,,,,,,,,,,,,,,,,,,,,,,,,,,,,,,,,
1974,2,120.0,24.0,15.37,17.15,19.25,17.32,12.0,2.05,12.0,0.5,0.3,0.7,10.04,12.9,15.47,13.14,14.0,3.04,12.0,0.5,0.3,0.7,5.39,6.6,8.86,7.12,12.0,2.49,14.0,0.5,0.3,0.8,58.5,81.7,87.6,74.4,12.0,14.0,14.0,0.5,0.8,11.69,14.65,16.63,14.03,12.0,2.67,12.0,0.5,0.3,0.7,-9.54,-8.37,-4.84,-7.07,12.0,4.12,12.0,0.5,0.3,0.7,-14.4,-11.68,-8.53,-11.43,12.0,2.78,12.0,0.5,0.3,0.7,1015.85,1020.3,1023.99,1019.88,14.0,4.39,12.0,0.5,0.3,0.7,5.0,8.0,8.0,6.3,14.0,2.7,12.0,0.5,0.3,0.7,-154.1,-117.2,-51.0,-103.8,12.0,63.0,12.0,0.5,0.3,0.7,-239.5,-161.9,-96.1,-166.1,12.0,67.9,12.0,0.5,0.3,0.7,1.77,3.0,5.46,3.7,12.0,2.48,12.0,0.5,0.3,0.7,29.6,37.4,77.2,56.8,11.0,38.6,10.0,0.5,0.3,0.7,2.99,5.07,6.07,4.86,10.0,2.28,12.0,0.5,0.3,0.7,47.7,66.7,75.7,73.6,9.0,38.6,12.0,0.6,0.3,0.7,-133.8,-98.2,-57.1,-87.3,12.0,57.3,12.0,0.5,0.3,0.7,-178.3,-136.5,-113.8,-143.0,12.0,37.6,12.0,0.5,0.3,0.7,-66.9,-49.7,-24.0,-43.3,10.0,31.0,14.0,0.5,0.3,0.7,-89.0,-70.4,-53.3,-73.6,10.0,22.1,14.0,0.5,0.3,0.7,-53.7,-34.1,-18.4,-33.7,9.0,30.1,12.0,0.6,0.3,0.7,-68.4,-51.0,-43.3,-61.0,9.0,34.8,12.0,0.6,0.3,0.7,1609.0,3147.0,4599.0,3029.0,12.0,1564.0,12.0,0.5,0.3,0.7,1610.0,3145.0,4600.0,3030.0,12.0,1565.0,12.0,0.5,0.3,0.7
1974,2,120.0,25.0,13.15,15.0,17.06,14.93,29.0,2.15,16.0,0.5,0.5,0.4,6.2,11.25,14.07,11.0,26.0,3.7,14.0,0.5,0.5,0.4,4.4,5.36,8.72,6.44,12.0,2.45,14.0,0.6,0.5,0.3,64.6,79.9,91.0,76.3,12.0,16.0,14.0,0.6,0.3,4.05,11.0,16.8,10.73,27.0,4.98,14.0,0.5,0.5,0.4,-8.36,-3.42,0.0,-3.43,27.0,4.8,14.0,0.5,0.5,0.4,-13.73,-9.4,-3.51,-8.82,27.0,5.33,14.0,0.5,0.5,0.4,1013.2,1019.2,1027.33,1020.24,29.0,6.41,16.0,0.5,0.5,0.4,2.9,8.0,8.0,6.2,26.0,2.9,16.0,0.5,0.5,0.3,-111.5,-34.2,0.0,-51.1,27.0,69.6,14.0,0.5,0.5,0.4,-222.7,-94.0,-12.3,-116.4,27.0,94.0,14.0,0.5,0.5,0.4,0.64,3.85,8.83,4.03,26.0,3.83,14.0,0.5,0.5,0.4,0.1,42.1,104.4,50.4,25.0,52.6,14.0,0.5,0.5,0.4,0.84,4.13,5.2,3.48,12.0,2.3,14.0,0.6,0.5,0.3,1.3,48.5,90.1,48.2,12.0,42.1,14.0,0.6,0.5,0.3,-99.5,-25.0,0.0,-39.7,25.0,58.1,14.0,0.5,0.5,0.4,-125.1,-93.8,-50.1,-87.9,25.0,59.5,14.0,0.5,0.5,0.4,-47.3,-24.5,0.0,-20.6,12.0,30.8,14.0,0.6,0.5,0.3,-87.5,-50.4,-27.5,-57.1,12.0,35.4,14.0,0.6,0.5,0.3,-40.5,-14.7,1.4,-16.5,12.0,30.6,14.0,0.6,0.5,0.3,-82.7,-39.2,-1.3,-40.2,12.0,36.1,14.0,0.6,0.5,0.3,88.0,1331.0,4754.0,1964.0,27.0,1892.5,14.0,0.5,0.5,0.4,90.0,1330.0,4755.0,1965.0,27.0,1890.0,14.0,0.5,0.5,0.4
1974,2,120.0,26.0,13.17,14.2,15.56,14.47,6.0,3.19,14.0,0.5,0.7,0.3,6.51,8.0,11.67,8.87,6.0,2.92,14.0,0.5,0.7,0.3,3.71,4.49,6.15,4.91,4.0,1.58,16.0,0.8,0.7,0.3,64.0,73.2,82.6,73.3,4.0,11.2,16.0,0.8,0.3,11.04,13.35,14.58,12.43,6.0,3.26,14.0,0.5,0.7,0.3,-8.19,-6.5,-4.37,-6.21,6.0,2.63,14.0,0.5,0.7,0.3,-13.7,-10.23,-8.68,-10.55,6.0,3.05,14.0,0.5,0.7,0.3,1020.04,1024.5,1027.14,1023.88,6.0,4.47,14.0,0.5,0.7,0.3,4.5,8.0,8.0,6.4,5.0,2.6,12.0,0.6,0.7,0.3,-104.7,-86.6,-59.8,-81.5,6.0,39.9,14.0,0.5,0.7,0.3,-199.9,-137.4,-99.4,-138.8,6.0,63.8,14.0,0.5,0.7,0.3,3.28,6.2,6.85,5.6,6.0,1.97,14.0,0.5,0.7,0.3,40.1,68.7,94.1,68.4,6.0,28.8,14.0,0.5,0.7,0.3,3.45,4.29,5.4,4.42,4.0,1.25,16.0,0.8,0.7,0.3,46.3,63.0,72.3,59.5,4.0,16.3,16.0,0.8,0.7,0.3,-67.5,-43.3,-37.4,-50.9,6.0,21.4,14.0,0.5,0.7,0.3,-109.6,-92.1,-69.9,-89.0,6.0,23.3,14.0,0.5,0.7,0.3,-45.1,-31.8,-28.1,-36.4,4.0,13.1,16.0,0.8,0.7,0.3,-69.6,-53.2,-37.8,-53.7,4.0,18.5,16.0,0.8,0.7,0.3,-41.8,-30.0,-24.3,-32.9,4.0,11.0,16.0,0.8,0.7,0.3,-61.7,-49.5,-35.5,-48.6,4.0,16.3,16.0,0.8,0.7,0.3,1526.0,2423.5,3102.0,2217.0,6.0,1152.5,14.0,0.5,0.7,0.3,1525.0,2425.0,3100.0,2215.0,6.0,1155.0,14.0,0.5,0.7,0.3
1974,2,120.0,30.0,,,,,,,,,,,,,,,,,,,,,,,,,,,,,,,,,,,,,,,,4.22,8.0,9.78,7.2,15.0,3.88,22.0,0.5,0.7,0.1,-7.79,-3.21,1.08,-3.19,15.0,4.34,22.0,0.5,0.7,0.1,-8.64,-3.5,3.89,-2.95,15.0,5.62,22.0,0.5,0.7,0.1,1022.23,1026.0,1030.9,1025.88,15.0,4.17,22.0,0.5,0.7,0.1,,,,,,,,,,,,,,,,,,,,,,,,,,,,,,,,,,,,,,,,,,,,,,,,,,,,,,,,,,,,,,,,,,,,,,,,,,,,,,,,,,,,,,,,,,,,,,,,,,,,,,,,,,,,,,,,,,,,,,,,,,,,,,,,,,,,,,,,,,,,,,,,,,,,,,
1974,2,120.0,31.0,,,,,,,,,,,,,,,,,,,,,,,,,,,,,,,,,,,,,,,,4.6,4.6,4.6,4.6,1.0,0.0,20.0,0.0,0.5,0.3,-2.3,-2.3,-2.3,-2.3,1.0,0.0,20.0,0.0,0.5,0.3,3.98,3.98,3.98,3.98,1.0,0.0,20.0,0.0,0.5,0.3,1012.3,1012.3,1012.3,1012.3,1.0,0.0,20.0,0.0,0.5,0.3,,,,,,,,,,,,,,,,,,,,,,,,,,,,,,,,,,,,,,,,,,,,,,,,,,,,,,,,,,,,,,,,,,,,,,,,,,,,,,,,,,,,,,,,,,,,,,,,,,,,,,,,,,,,,,,,,,,,,,,,,,,,,,,,,,,,,,,,,,,,,,,,,,,,,,
1974,2,120.0,33.0,,,,,,,,,,,,,,,,,,,,,,,,,,,,,,,,,,,,,,,,9.0,9.0,9.0,9.0,1.0,0.0,14.0,1.0,0.8,0.9,-8.46,-8.46,-8.46,-8.46,1.0,0.0,14.0,1.0,0.8,0.9,3.08,3.08,3.08,3.08,1.0,0.0,14.0,1.0,0.8,0.9,1025.4,1025.4,1025.4,1025.4,1.0,0.0,14.0,1.0,0.8,0.9,,,,,,,,,,,,,,,,,,,,,,,,,,,,,,,,,,,,,,,,,,,,,,,,,,,,,,,,,,,,,,,,,,,,,,,,,,,,,,,,,,,,,,,,,,,,,,,,,,,,,,,,,,,,,,,,,,,,,,,,,,,,,,,,,,,,,,,,,,,,,,,,,,,,,,
1974,2,120.0,34.0,,,,,,,,,,,,,,,,,,,,,,,,,,,,,,,,,,,,,,,,4.0,9.0,11.46,8.06,17.0,4.39,16.0,0.2,0.6,0.5,-6.34,1.71,6.2,0.9,17.0,5.83,16.0,0.2,0.6,0.5,-6.45,0.0,7.25,-0.35,17.0,7.3,16.0,0.2,0.6,0.5,1013.97,1026.0,1030.93,1023.16,14.0,8.7,16.0,0.1,0.6,0.5,,,,,,,,,,,,,,,,,,,,,,,,,,,,,,,,,,,,,,,,,,,,,,,,,,,,,,,,,,,,,,,,,,,,,,,,,,,,,,,,,,,,,,,,,,,,,,,,,,,,,,,,,,,,,,,,,,,,,,,,,,,,,,,,,,,,,,,,,,,,,,,,,,,,,,
1974,2,120.0,35.0,,,,,,,,,,,,,,,,,,,,,,,,,,,,,,,,,,,,,,,,0.0,5.5,9.4,4.88,18.0,4.57,12.0,0.3,0.8,0.3,-6.65,0.0,0.0,-1.6,18.0,3.81,12.0,0.3,0.8,0.3,-7.52,0.0,5.03,-0.43,18.0,5.35,12.0,0.3,0.8,0.3,1025.22,1028.7,1030.3,1028.27,15.0,3.61,12.0,0.4,0.8,0.4,,,,,,,,,,,,,,,,,,,,,,,,,,,,,,,,,,,,,,,,,,,,,,,,,,,,,,,,,,,,,,,,,,,,,,,,,,,,,,,,,,,,,,,,,,,,,,,,,,,,,,,,,,,,,,,,,,,,,,,,,,,,,,,,,,,,,,,,,,,,,,,,,,,,,,
1974,2,120.0,36.0,,,,,,,,,,,,,,,,,,,,,,,,,,,,,,,,,,,,,,,,3.02,9.5,15.98,9.5,2.0,13.44,8.0,1.0,0.4,0.0,-7.99,-4.75,-1.51,-4.75,2.0,6.72,8.0,1.0,0.4,0.0,-13.84,-8.23,-2.61,-8.23,2.0,11.64,8.0,1.0,0.4,0.0,1020.48,1024.95,1029.42,1024.95,2.0,9.26,8.0,1.0,0.4,0.0,,,,,,,,,,,,,,,,,,,,,,,,,,,,,,,,,,,,,,,,,,,,,,,,,,,,,,,,,,,,,,,,,,,,,,,,,,,,,,,,,,,,,,,,,,,,,,,,,,,,,,,,,,,,,,,,,,,,,,,,,,,,,,,,,,,,,,,,,,,,,,,,,,,,,,
1974,2,120.0,37.0,,,,,,,,,,,,,,,,,,,,,,,,,,,,,,,,,,,,,,,,4.16,4.5,4.84,4.5,2.0,0.71,16.0,0.5,0.3,0.6,-2.39,-0.61,1.17,-0.61,2.0,3.69,16.0,0.5,0.3,0.6,3.52,3.65,3.77,3.65,2.0,0.26,16.0,0.5,0.3,0.6,1012.47,1014.55,1016.63,1014.55,2.0,4.31,16.0,0.5,0.3,0.6,,,,,,,,,,,,,,,,,,,,,,,,,,,,,,,,,,,,,,,,,,,,,,,,,,,,,,,,,,,,,,,,,,,,,,,,,,,,,,,,,,,,,,,,,,,,,,,,,,,,,,,,,,,,,,,,,,,,,,,,,,,,,,,,,,,,,,,,,,,,,,,,,,,,,,
1974,2,120.0,38.0,0.5,0.5,0.5,0.5,1.0,0.0,12.0,0.0,0.6,0.0,-3.36,0.0,2.0,-0.29,17.0,2.72,16.0,0.3,0.5,0.6,2.31,2.31,2.31,2.31,1.0,0.0,12.0,0.0,0.6,0.0,64.3,64.3,64.3,64.3,1.0,0.0,12.0,0.0,0.0,5.7,9.0,10.0,8.18,18.0,2.46,16.0,0.3,0.5,0.6,-5.94,1.13,6.25,0.55,18.0,5.61,16.0,0.3,0.5,0.6,-8.12,-1.45,4.5,-1.81,18.0,6.46,16.0,0.3,0.5,0.6,1017.89,1024.6,1029.95,1023.71,18.0,6.81,16.0,0.3,0.5,0.6,0.0,0.0,5.6,2.3,16.0,3.0,14.0,0.3,0.5,0.5,-40.8,8.4,57.0,4.8,18.0,52.3,16.0,0.3,0.5,0.6,-73.1,-16.3,31.0,-17.7,18.0,62.2,16.0,0.3,0.5,0.6,1.1,1.1,1.1,1.1,1.0,0.0,12.0,0.0,0.6,0.0,10.2,10.2,10.2,10.2,1.0,0.0,12.0,0.0,0.6,0.0,1.58,1.58,1.58,1.58,1.0,0.0,12.0,0.0,0.6,0.0,14.7,14.7,14.7,14.7,1.0,0.0,12.0,0.0,0.6,0.0,-15.0,-3.0,2.2,-4.9,17.0,12.3,16.0,0.3,0.5,0.6,-0.4,3.9,34.0,12.5,17.0,17.6,16.0,0.3,0.5,0.6,13.8,13.8,13.8,13.8,1.0,0.0,12.0,0.0,0.6,0.0,-16.4,-16.4,-16.4,-16.4,1.0,0.0,12.0,0.0,0.6,0.0,9.4,9.4,9.4,9.4,1.0,0.0,12.0,0.0,0.6,0.0,-11.3,-11.3,-11.3,-11.3,1.0,0.0,12.0,0.0,0.6,0.0,188.5,729.0,1000.0,679.5,18.0,459.0,16.0,0.3,0.5,0.6,190.0,730.0,1000.0,680.0,18.0,460.0,16.0,0.3,0.5,0.6
1974,2,120.0,39.0,,,,,,,,,,,,,,,,,,,,,,,,,,,,,,,,,,,,,,,,3.22,6.0,12.33,7.4,15.0,4.37,14.0,0.5,0.3,0.2,-1.22,2.39,6.14,2.17,15.0,4.26,14.0,0.5,0.3,0.2,-8.2,1.53,3.92,-1.78,15.0,7.15,14.0,0.5,0.3,0.2,1015.08,1022.5,1028.89,1022.62,15.0,6.37,14.0,0.5,0.3,0.2,,,,,,,,,,,,,,,,,,,,,,,,,,,,,,,,,,,,,,,,,,,,,,,,,,,,,,,,,,,,,,,,,,,,,,,,,,,,,,,,,,,,,,,,,,,,,,,,,,,,,,,,,,,,,,,,,,,,,,,,,,,,,,,,,,,,,,,,,,,,,,,,,,,,,,
1974,2,121.0,-54.0,,,,,,,,,,,,,,,,,,,,,,,,,,,,,,,,,,,,,,,,3.1,3.1,3.1,3.1,1.0,0.0,8.0,0.0,0.0,0.1,1.99,1.99,1.99,1.99,1.0,0.0,8.0,0.0,0.0,0.1,-2.37,-2.37,-2.37,-2.37,1.0,0.0,8.0,0.0,0.0,0.1,998.2,998.2,998.2,998.2,1.0,0.0,8.0,0.0,0.0,0.1,,,,,,,,,,,,,,,,,,,,,,,,,,,,,,,,,,,,,,,,,,,,,,,,,,,,,,,,,,,,,,,,,,,,,,,,,,,,,,,,,,,,,,,,,,,,,,,,,,,,,,,,,,,,,,,,,,,,,,,,,,,,,,,,,,,,,,,,,,,,,,,,,,,,,,
1974,2,121.0,-40.0,14.7,14.7,14.7,14.7,1.0,0.0,22.0,1.0,0.2,0.5,15.2,15.2,15.2,15.2,1.0,0.0,22.0,1.0,0.2,0.5,9.23,9.23,9.23,9.23,1.0,0.0,22.0,1.0,0.2,0.5,86.1,86.1,86.1,86.1,1.0,0.0,22.0,1.0,0.5,6.7,6.7,6.7,6.7,1.0,0.0,22.0,1.0,0.2,0.5,5.8,5.8,5.8,5.8,1.0,0.0,22.0,1.0,0.2,0.5,3.35,3.35,3.35,3.35,1.0,0.0,22.0,1.0,0.2,0.5,1012.2,1012.2,1012.2,1012.2,1.0,0.0,22.0,1.0,0.2,0.5,7.0,7.0,7.0,7.0,1.0,0.0,22.0,1.0,0.2,0.5,38.9,38.9,38.9,38.9,1.0,0.0,22.0,1.0,0.2,0.5,22.4,22.4,22.4,22.4,1.0,0.0,22.0,1.0,0.2,0.5,-0.5,-0.5,-0.5,-0.5,1.0,0.0,22.0,1.0,0.2,0.5,-3.3,-3.3,-3.3,-3.3,1.0,0.0,22.0,1.0,0.2,0.5,1.15,1.15,1.15,1.15,1.0,0.0,22.0,1.0,0.2,0.5,7.7,7.7,7.7,7.7,1.0,0.0,22.0,1.0,0.2,0.5,88.2,88.2,88.2,88.2,1.0,0.0,22.0,1.0,0.2,0.5,50.9,50.9,50.9,50.9,1.0,0.0,22.0,1.0,0.2,0.5,53.6,53.6,53.6,53.6,1.0,0.0,22.0,1.0,0.2,0.5,30.9,30.9,30.9,30.9,1.0,0.0,22.0,1.0,0.2,0.5,6.7,6.7,6.7,6.7,1.0,0.0,22.0,1.0,0.2,0.5,3.9,3.9,3.9,3.9,1.0,0.0,22.0,1.0,0.2,0.5,301.0,301.0,301.0,301.0,1.0,0.0,22.0,1.0,0.2,0.5,300.0,300.0,300.0,300.0,1.0,0.0,22.0,1.0,0.2,0.5
1974,2,121.0,-39.0,17.8,17.8,17.8,17.8,1.0,0.0,4.0,1.0,0.6,0.2,16.0,16.0,16.0,16.0,1.0,0.0,4.0,1.0,0.6,0.2,8.59,8.59,8.59,8.59,1.0,0.0,4.0,1.0,0.6,0.2,77.1,77.1,77.1,77.1,1.0,0.0,4.0,1.0,0.2,10.3,10.3,10.3,10.3,1.0,0.0,4.0,1.0,0.6,0.2,5.15,5.15,5.15,5.15,1.0,0.0,4.0,1.0,0.6,0.2,8.92,8.92,8.92,8.92,1.0,0.0,4.0,1.0,0.6,0.2,1024.3,1024.3,1024.3,1024.3,1.0,0.0,4.0,1.0,0.6,0.2,4.0,4.0,4.0,4.0,1.0,0.0,4.0,1.0,0.6,0.2,53.0,53.0,53.0,53.0,1.0,0.0,4.0,1.0,0.6,0.2,91.9,91.9,91.9,91.9,1.0,0.0,4.0,1.0,0.6,0.2,1.8,1.8,1.8,1.8,1.0,0.0,4.0,1.0,0.6,0.2,18.5,18.5,18.5,18.5,1.0,0.0,4.0,1.0,0.6,0.2,3.93,3.93,3.93,3.93,1.0,0.0,4.0,1.0,0.6,0.2,40.4,40.4,40.4,40.4,1.0,0.0,4.0,1.0,0.6,0.2,82.4,82.4,82.4,82.4,1.0,0.0,4.0,1.0,0.6,0.2,142.7,142.7,142.7,142.7,1.0,0.0,4.0,1.0,0.6,0.2,44.3,44.3,44.3,44.3,1.0,0.0,4.0,1.0,0.6,0.2,76.7,76.7,76.7,76.7,1.0,0.0,4.0,1.0,0.6,0.2,20.2,20.2,20.2,20.2,1.0,0.0,4.0,1.0,0.6,0.2,35.0,35.0,35.0,35.0,1.0,0.0,4.0,1.0,0.6,0.2,1092.5,1092.5,1092.5,1092.5,1.0,0.0,4.0,1.0,0.6,0.2,1095.0,1095.0,1095.0,1095.0,1.0,0.0,4.0,1.0,0.6,0.2
1974,2,121.0,-37.0,18.6,18.8,19.0,18.8,3.0,0.3,20.0,0.3,0.4,0.9,17.93,19.5,20.25,19.1,3.0,1.73,20.0,0.3,0.4,0.9,9.17,10.53,12.77,10.96,3.0,2.66,20.0,0.3,0.4,0.9,70.3,70.5,88.6,79.2,3.0,15.3,20.0,0.3,0.9,4.95,5.7,8.16,6.53,3.0,2.46,20.0,0.3,0.4,0.9,-0.79,4.37,4.48,1.91,3.0,4.41,20.0,0.3,0.4,0.9,-6.22,-0.8,2.25,-1.96,3.0,6.28,20.0,0.3,0.4,0.9,1007.05,1017.7,1017.84,1012.57,3.0,9.06,20.0,0.3,0.4,0.9,5.2,5.5,5.8,5.5,2.0,0.7,16.0,0.5,0.3,0.8,-13.6,20.8,23.6,5.4,3.0,30.3,20.0,0.3,0.4,0.9,-56.6,-3.7,13.1,-21.4,3.0,53.3,20.0,0.3,0.4,0.9,-1.25,-0.7,0.67,-0.3,3.0,1.44,20.0,0.3,0.4,0.9,-10.8,-4.0,2.8,-4.0,3.0,10.0,20.0,0.3,0.4,0.9,0.88,3.15,4.17,2.54,3.0,2.46,20.0,0.3,0.4,0.9,6.1,21.3,26.8,16.5,3.0,15.7,20.0,0.3,0.4,0.9,-20.0,77.9,82.9,32.5,3.0,85.0,20.0,0.3,0.4,0.9,-127.2,-13.7,44.4,-40.8,3.0,127.9,20.0,0.3,0.4,0.9,-10.6,38.7,53.4,21.8,3.0,49.1,20.0,0.3,0.4,0.9,-65.0,-6.8,32.4,-16.1,3.0,71.7,20.0,0.3,0.4,0.9,-7.1,-0.8,14.1,3.4,3.0,15.9,20.0,0.3,0.4,0.9,-20.0,-3.7,-1.6,-10.6,3.0,14.7,20.0,0.3,0.4,0.9,125.0,185.0,608.0,362.5,3.0,385.5,20.0,0.3,0.4,0.9,125.0,185.0,610.0,360.0,3.0,385.0,20.0,0.3,0.4,0.9
1974,2,121.0,-36.0,18.0,18.4,19.96,18.84,14.0,0.98,14.0,0.4,0.4,0.5,15.51,16.9,18.59,17.3,17.0,1.65,14.0,0.5,0.4,0.5,7.37,8.91,10.56,9.02,17.0,1.9,14.0,0.5,0.4,0.5,64.6,73.6,86.6,73.4,17.0,10.9,14.0,0.5,0.5,5.1,6.7,10.28,8.24,14.0,4.49,12.0,0.5,0.5,0.5,-5.93,-1.78,5.74,-0.18,14.0,6.04,12.0,0.5,0.5,0.5,-2.1,4.43,6.17,3.93,14.0,6.34,12.0,0.5,0.5,0.5,1011.17,1018.5,1023.53,1017.82,17.0,7.0,14.0,0.5,0.4,0.5,3.1,7.0,8.0,5.8,17.0,2.5,14.0,0.5,0.4,0.5,-41.0,-7.2,44.0,9.3,14.0,80.5,12.0,0.5,0.5,0.5,-7.4,29.9,38.9,46.1,14.0,98.7,12.0,0.5,0.5,0.5,-0.14,1.75,2.79,1.79,14.0,1.83,14.0,0.4,0.4,0.5,-1.8,10.9,22.7,18.5,12.0,33.1,14.0,0.4,0.4,0.5,3.64,4.87,6.67,4.73,14.0,2.03,14.0,0.4,0.4,0.5,13.4,30.2,67.1,44.7,12.0,44.3,14.0,0.4,0.4,0.5,-107.5,-28.7,95.0,-8.2,14.0,102.5,12.0,0.5,0.5,0.5,-32.2,74.7,122.0,64.2,14.0,109.5,12.0,0.5,0.5,0.5,-56.1,-13.8,35.0,-8.9,14.0,54.6,12.0,0.5,0.5,0.5,-19.5,32.9,58.5,27.1,14.0,56.2,12.0,0.5,0.5,0.5,-19.1,-6.8,42.1,8.6,12.0,36.9,14.0,0.4,0.4,0.5,-4.2,20.3,52.4,29.6,12.0,41.7,14.0,0.4,0.4,0.5,132.5,301.0,1087.0,1132.5,14.0,2033.0,12.0,0.5,0.5,0.5,135.0,300.0,1085.0,1135.0,14.0,2035.0,12.0,0.5,0.5,0.5
1974,2,121.0,-19.0,28.3,28.3,28.3,28.3,1.0,0.0,6.0,0.0,0.4,1.0,29.0,29.0,29.0,29.0,1.0,0.0,6.0,0.0,0.4,1.0,21.94,21.94,21.94,21.94,1.0,0.0,6.0,0.0,0.4,1.0,86.9,86.9,86.9,86.9,1.0,0.0,6.0,0.0,1.0,4.1,4.1,4.1,4.1,1.0,0.0,6.0,0.0,0.4,1.0,3.55,3.55,3.55,3.55,1.0,0.0,6.0,0.0,0.4,1.0,2.05,2.05,2.05,2.05,1.0,0.0,6.0,0.0,0.4,1.0,1005.2,1005.2,1005.2,1005.2,1.0,0.0,6.0,0.0,0.4,1.0,5.0,5.0,5.0,5.0,1.0,0.0,6.0,0.0,0.4,1.0,14.6,14.6,14.6,14.6,1.0,0.0,6.0,0.0,0.4,1.0,8.4,8.4,8.4,8.4,1.0,0.0,6.0,0.0,0.4,1.0,-0.7,-0.7,-0.7,-0.7,1.0,0.0,6.0,0.0,0.4,1.0,-2.9,-2.9,-2.9,-2.9,1.0,0.0,6.0,0.0,0.4,1.0,2.33,2.33,2.33,2.33,1.0,0.0,6.0,0.0,0.4,1.0,9.6,9.6,9.6,9.6,1.0,0.0,6.0,0.0,0.4,1.0,103.0,103.0,103.0,103.0,1.0,0.0,6.0,0.0,0.4,1.0,59.5,59.5,59.5,59.5,1.0,0.0,6.0,0.0,0.4,1.0,77.9,77.9,77.9,77.9,1.0,0.0,6.0,0.0,0.4,1.0,45.0,45.0,45.0,45.0,1.0,0.0,6.0,0.0,0.4,1.0,8.3,8.3,8.3,8.3,1.0,0.0,6.0,0.0,0.4,1.0,4.8,4.8,4.8,4.8,1.0,0.0,6.0,0.0,0.4,1.0,69.0,69.0,69.0,69.0,1.0,0.0,6.0,0.0,0.4,1.0,70.0,70.0,70.0,70.0,1.0,0.0,6.0,0.0,0.4,1.0
1974,2,121.0,-17.0,27.9,28.75,29.6,28.75,2.0,1.77,24.0,0.5,0.8,0.6,27.31,27.75,28.19,27.75,2.0,0.92,24.0,0.5,0.8,0.6,21.11,21.41,21.71,21.41,2.0,0.62,24.0,0.5,0.8,0.6,90.0,91.0,92.1,91.0,2.0,2.2,24.0,0.5,0.6,4.93,6.7,8.47,6.7,2.0,3.68,24.0,0.5,0.8,0.6,3.18,5.6,8.03,5.6,2.0,5.03,24.0,0.5,0.8,0.6,-3.24,-2.58,-1.92,-2.58,2.0,1.37,24.0,0.5,0.8,0.6,1002.69,1003.1,1003.51,1003.1,2.0,0.85,24.0,0.5,0.8,0.6,1.6,3.0,4.4,3.0,2.0,2.8,24.0,0.5,0.8,0.6,20.6,46.8,73.0,46.8,2.0,54.3,24.0,0.5,0.8,0.6,-14.9,-14.8,-14.6,-14.8,2.0,0.3,24.0,0.5,0.8,0.6,-0.3,1.0,2.3,1.0,2.0,2.69,24.0,0.5,0.8,0.6,-5.2,1.8,8.7,1.8,2.0,14.3,24.0,0.5,0.8,0.6,2.07,3.64,5.2,3.64,2.0,3.24,24.0,0.5,0.8,0.6,14.4,18.4,22.4,18.4,2.0,8.4,24.0,0.5,0.8,0.6,88.0,157.8,227.6,157.8,2.0,144.6,24.0,0.5,0.8,0.6,-88.2,-71.0,-53.9,-71.0,2.0,35.6,24.0,0.5,0.8,0.6,67.9,121.5,175.1,121.5,2.0,111.1,24.0,0.5,0.8,0.6,-68.2,-54.9,-41.5,-54.9,2.0,27.7,24.0,0.5,0.8,0.6,12.2,12.2,12.3,12.2,2.0,0.1,24.0,0.5,0.8,0.6,-18.1,-11.6,-5.2,-11.6,2.0,13.4,24.0,0.5,0.8,0.6,185.5,436.5,687.5,436.5,2.0,520.0,24.0,0.5,0.8,0.6,185.0,435.0,690.0,435.0,2.0,520.0,24.0,0.5,0.8,0.6
1974,2,121.0,-14.0,28.0,28.75,29.6,28.83,6.0,0.82,14.0,0.3,0.1,0.8,26.29,28.0,28.91,27.82,11.0,1.81,14.0,0.4,0.2,0.7,18.57,19.82,21.15,19.79,6.0,1.31,14.0,0.3,0.1,0.8,83.2,85.8,88.3,85.6,6.0,2.8,14.0,0.3,0.8,2.6,4.85,8.4,5.36,10.0,2.79,14.0,0.4,0.2,0.8,2.09,3.2,6.68,4.25,10.0,2.78,14.0,0.4,0.2,0.8,-0.72,0.23,4.87,1.63,10.0,3.0,14.0,0.4,0.2,0.8,1003.54,1006.1,1007.94,1005.97,10.0,2.05,12.0,0.3,0.2,0.7,3.6,6.0,7.0,5.4,11.0,1.8,14.0,0.4,0.2,0.7,6.7,14.5,54.0,28.7,10.0,32.4,14.0,0.4,0.2,0.8,-3.1,0.6,26.6,10.2,10.0,23.9,14.0,0.4,0.2,0.8,0.59,1.75,2.1,1.33,6.0,1.25,14.0,0.3,0.1,0.8,3.1,9.8,14.0,8.4,6.0,8.2,14.0,0.3,0.1,0.8,4.27,5.33,6.53,5.27,6.0,1.24,14.0,0.3,0.1,0.8,18.7,29.7,52.6,34.4,6.0,17.7,14.0,0.3,0.1,0.8,55.5,89.0,178.7,117.2,10.0,77.4,14.0,0.4,0.2,0.8,-19.4,6.3,135.6,46.3,10.0,83.8,14.0,0.4,0.2,0.8,54.3,76.6,140.9,96.9,6.0,65.1,14.0,0.3,0.1,0.8,-19.7,37.3,112.7,45.1,6.0,76.1,14.0,0.3,0.1,0.8,10.0,22.8,41.3,25.7,6.0,16.5,14.0,0.3,0.1,0.8,-5.9,7.0,31.5,12.4,6.0,22.0,14.0,0.3,0.1,0.8,17.5,115.0,619.5,278.5,10.0,375.5,14.0,0.4,0.2,0.8,20.0,115.0,620.0,280.0,10.0,375.0,14.0,0.4,0.2,0.8
1974,2,121.0,-13.0,27.02,28.0,29.73,28.11,9.0,1.43,16.0,0.4,0.4,0.5,25.93,27.9,29.86,27.91,10.0,1.98,18.0,0.4,0.5,0.5,18.64,18.99,19.78,19.07,10.0,0.78,18.0,0.4,0.5,0.5,73.2,82.5,87.3,81.0,10.0,8.2,18.0,0.4,0.5,4.1,5.1,7.7,5.8,10.0,2.42,16.0,0.5,0.4,0.5,2.87,4.04,7.26,5.11,10.0,2.5,16.0,0.5,0.4,0.5,-1.11,0.23,3.88,0.84,10.0,2.68,16.0,0.5,0.4,0.5,1003.97,1004.9,1005.7,1004.84,11.0,1.2,16.0,0.5,0.4,0.5,2.6,5.0,6.4,4.7,11.0,1.8,16.0,0.5,0.4,0.5,14.2,16.6,55.9,34.8,10.0,31.9,16.0,0.5,0.4,0.5,-4.5,0.6,21.4,3.7,10.0,19.8,16.0,0.5,0.4,0.5,-1.57,-1.0,2.87,0.12,9.0,2.32,16.0,0.4,0.4,0.5,-9.8,-5.9,14.7,2.3,8.0,17.7,16.0,0.5,0.4,0.5,2.45,4.97,7.6,5.07,9.0,2.4,16.0,0.4,0.4,0.5,9.3,31.1,61.4,35.9,8.0,27.9,16.0,0.5,0.4,0.5,78.4,109.8,226.5,148.5,9.0,75.9,16.0,0.4,0.4,0.5,-19.0,12.8,111.3,31.2,9.0,73.9,16.0,0.4,0.4,0.5,54.9,79.2,140.1,100.2,9.0,49.1,16.0,0.4,0.4,0.5,-13.8,9.2,76.1,20.6,9.0,51.0,16.0,0.4,0.4,0.5,6.3,23.1,61.1,32.1,8.0,27.9,16.0,0.5,0.4,0.5,-3.1,3.5,14.9,3.8,8.0,17.0,16.0,0.5,0.4,0.5,69.0,132.5,456.5,296.5,10.0,375.0,16.0,0.5,0.4,0.5,70.0,135.0,455.0,295.0,10.0,375.0,16.0,0.5,0.4,0.5
1974,2,121.0,-12.0,27.75,28.45,30.0,28.62,6.0,1.26,12.0,0.7,0.7,0.4,26.95,27.5,27.91,27.3,7.0,0.72,14.0,0.6,0.8,0.4,18.29,19.69,20.51,19.39,5.0,1.58,14.0,0.6,0.8,0.5,79.8,85.2,87.6,83.5,5.0,7.8,14.0,0.6,0.5,4.16,4.6,6.7,5.2,8.0,1.68,12.0,0.6,0.8,0.4,2.73,4.46,6.51,4.65,8.0,1.96,12.0,0.6,0.8,0.4,-1.61,0.0,2.97,0.28,8.0,2.26,12.0,0.6,0.8,0.4,1005.0,1005.1,1006.71,1005.96,7.0,1.48,12.0,0.6,0.7,0.4,3.3,6.0,6.0,5.3,8.0,1.8,12.0,0.6,0.8,0.4,11.4,20.5,43.6,27.0,8.0,18.6,12.0,0.6,0.8,0.4,-7.4,0.0,12.3,2.1,8.0,11.7,12.0,0.6,0.8,0.4,-0.08,0.5,1.54,0.72,5.0,1.47,14.0,0.6,0.8,0.5,1.0,3.4,7.2,4.2,5.0,6.0,14.0,0.6,0.8,0.5,2.44,4.16,7.91,4.96,5.0,2.86,14.0,0.6,0.8,0.5,13.3,27.9,36.4,24.9,5.0,13.5,14.0,0.6,0.8,0.5,93.3,129.7,182.7,134.5,7.0,52.5,14.0,0.6,0.8,0.4,-48.2,0.0,43.4,-3.6,7.0,57.2,14.0,0.6,0.8,0.4,57.4,77.7,123.4,87.7,5.0,39.1,14.0,0.6,0.8,0.5,-42.0,-24.5,24.1,-9.8,5.0,46.9,14.0,0.6,0.8,0.5,12.7,24.1,31.1,22.2,5.0,12.5,14.0,0.6,0.8,0.5,-10.5,-3.1,5.1,-3.1,5.0,13.1,14.0,0.6,0.8,0.5,72.0,97.5,301.0,179.5,8.0,153.5,12.0,0.6,0.8,0.4,70.0,95.0,300.0,180.0,8.0,155.0,12.0,0.6,0.8,0.4
1974,2,121.0,-9.0,26.94,27.5,28.38,27.65,4.0,0.95,18.0,0.8,0.5,1.0,27.13,27.65,27.9,27.53,4.0,0.53,18.0,0.8,0.5,1.0,18.63,19.19,20.5,19.55,4.0,1.49,18.0,0.8,0.5,1.0,81.4,82.7,87.9,84.6,4.0,5.1,18.0,0.8,1.0,4.05,4.6,8.47,5.96,5.0,2.72,18.0,0.6,0.4,1.0,3.64,4.6,8.12,5.7,5.0,2.7,18.0,0.6,0.4,1.0,-2.42,-1.7,-0.34,-1.43,5.0,1.13,18.0,0.6,0.4,1.0,1005.48,1005.9,1007.87,1006.54,5.0,1.41,18.0,0.6,0.4,1.0,4.9,6.0,7.4,6.0,5.0,1.9,18.0,0.6,0.4,1.0,15.1,21.2,69.9,39.8,5.0,35.3,18.0,0.6,0.4,1.0,-18.0,-10.6,-1.1,-9.8,5.0,8.9,18.0,0.6,0.4,1.0,-0.25,-0.15,0.53,0.13,4.0,0.66,18.0,0.8,0.5,1.0,-1.0,-0.9,2.2,0.6,4.0,3.0,18.0,0.8,0.5,1.0,3.49,3.7,4.11,3.8,4.0,0.4,18.0,0.8,0.5,1.0,13.3,17.9,29.4,21.2,4.0,11.8,18.0,0.8,0.5,1.0,96.7,119.8,196.8,145.5,4.0,77.6,18.0,0.8,0.5,1.0,-55.2,-30.2,-7.0,-31.1,4.0,29.0,18.0,0.8,0.5,1.0,71.8,87.2,133.7,102.1,4.0,50.6,18.0,0.8,0.5,1.0,-40.8,-20.6,-4.9,-22.8,4.0,22.1,18.0,0.8,0.5,1.0,12.2,16.9,29.1,20.5,4.0,11.9,18.0,0.8,0.5,1.0,-7.3,-4.2,-0.9,-4.1,4.0,3.8,18.0,0.8,0.5,1.0,72.5,97.5,633.5,324.5,5.0,383.5,18.0,0.6,0.4,1.0,75.0,95.0,635.0,325.0,5.0,385.0,18.0,0.6,0.4,1.0
1974,2,121.0,-8.0,27.2,27.2,27.2,27.2,1.0,0.0,8.0,0.0,0.1,0.1,25.2,25.2,25.2,25.2,1.0,0.0,8.0,0.0,0.1,0.1,18.29,18.29,18.29,18.29,1.0,0.0,8.0,0.0,0.1,0.1,90.9,90.9,90.9,90.9,1.0,0.0,8.0,0.0,0.1,3.6,3.6,3.6,3.6,1.0,0.0,8.0,0.0,0.1,0.1,3.55,3.55,3.55,3.55,1.0,0.0,8.0,0.0,0.1,0.1,0.63,0.63,0.63,0.63,1.0,0.0,8.0,0.0,0.1,0.1,1006.1,1006.1,1006.1,1006.1,1.0,0.0,8.0,0.0,0.1,0.1,8.0,8.0,8.0,8.0,1.0,0.0,8.0,0.0,0.1,0.1,12.8,12.8,12.8,12.8,1.0,0.0,8.0,0.0,0.1,0.1,2.3,2.3,2.3,2.3,1.0,0.0,8.0,0.0,0.1,0.1,2.0,2.0,2.0,2.0,1.0,0.0,8.0,0.0,0.1,0.1,7.2,7.2,7.2,7.2,1.0,0.0,8.0,0.0,0.1,0.1,4.43,4.43,4.43,4.43,1.0,0.0,8.0,0.0,0.1,0.1,16.0,16.0,16.0,16.0,1.0,0.0,8.0,0.0,0.1,0.1,89.3,89.3,89.3,89.3,1.0,0.0,8.0,0.0,0.1,0.1,15.8,15.8,15.8,15.8,1.0,0.0,8.0,0.0,0.1,0.1,64.8,64.8,64.8,64.8,1.0,0.0,8.0,0.0,0.1,0.1,11.4,11.4,11.4,11.4,1.0,0.0,8.0,0.0,0.1,0.1,15.7,15.7,15.7,15.7,1.0,0.0,8.0,0.0,0.1,0.1,2.8,2.8,2.8,2.8,1.0,0.0,8.0,0.0,0.1,0.1,46.5,46.5,46.5,46.5,1.0,0.0,8.0,0.0,0.1,0.1,45.0,45.0,45.0,45.0,1.0,0.0,8.0,0.0,0.1,0.1
1974,2,121.0,-6.0,26.95,27.5,28.05,27.5,2.0,1.13,16.0,1.0,0.8,0.2,27.31,27.75,28.19,27.75,2.0,0.92,16.0,1.0,0.8,0.2,18.29,18.42,18.55,18.42,2.0,0.27,16.0,1.0,0.8,0.2,77.3,78.9,80.5,78.9,2.0,3.2,16.0,1.0,0.2,5.93,7.7,9.47,7.7,2.0,3.68,16.0,1.0,0.8,0.2,3.08,5.94,8.81,5.94,2.0,5.94,16.0,1.0,0.8,0.2,-3.75,-1.5,0.74,-1.5,2.0,4.65,16.0,1.0,0.8,0.2,1007.4,1008.25,1009.1,1008.25,2.0,1.77,16.0,1.0,0.8,0.2,8.0,8.0,8.0,8.0,2.0,0.0,16.0,1.0,0.8,0.2,24.1,56.7,89.3,56.7,2.0,67.6,16.0,1.0,0.8,0.2,-17.6,-3.0,11.6,-3.0,2.0,30.3,16.0,1.0,0.8,0.2,-1.24,-0.25,0.74,-0.25,2.0,2.05,16.0,1.0,0.8,0.2,-13.8,-5.7,2.4,-5.7,2.0,16.7,16.0,1.0,0.8,0.2,3.82,4.68,5.54,4.68,2.0,1.78,16.0,1.0,0.8,0.2,31.1,32.8,34.5,32.8,2.0,3.5,16.0,1.0,0.8,0.2,85.5,167.7,249.9,167.7,2.0,170.3,16.0,1.0,0.8,0.2,-101.2,-39.5,22.1,-39.5,2.0,127.8,16.0,1.0,0.8,0.2,56.7,110.3,163.9,110.3,2.0,111.0,16.0,1.0,0.8,0.2,-68.2,-27.0,14.1,-27.0,2.0,85.3,16.0,1.0,0.8,0.2,14.2,22.5,30.9,22.5,2.0,17.2,16.0,1.0,0.8,0.2,-23.0,-11.2,0.6,-11.2,2.0,24.5,16.0,1.0,0.8,0.2,285.0,612.5,940.5,612.5,2.0,679.0,16.0,1.0,0.8,0.2,285.0,615.0,940.0,615.0,2.0,680.0,16.0,1.0,0.8,0.2
1974,2,121.0,2.0,26.85,27.6,28.35,27.6,2.0,1.56,10.0,0.5,0.6,0.3,25.86,26.0,26.14,26.0,2.0,0.28,10.0,0.5,0.6,0.3,16.92,17.28,17.64,17.28,2.0,0.75,10.0,0.5,0.6,0.3,79.7,82.1,84.5,82.1,2.0,4.9,10.0,0.5,0.3,0.33,1.05,1.77,1.05,2.0,1.48,10.0,0.5,0.6,0.3,-1.66,-0.99,-0.31,-0.99,2.0,1.4,10.0,0.5,0.6,0.3,-0.6,-0.36,-0.11,-0.36,2.0,0.51,10.0,0.5,0.6,0.3,1008.32,1008.35,1008.38,1008.35,2.0,0.07,10.0,0.5,0.6,0.3,8.0,8.0,8.0,8.0,2.0,0.0,10.0,0.5,0.6,0.3,-3.5,-2.1,-0.7,-2.1,2.0,2.9,10.0,0.5,0.6,0.3,-1.3,-0.8,-0.2,-0.8,2.0,1.1,10.0,0.5,0.6,0.3,0.71,1.6,2.49,1.6,2.0,1.84,10.0,0.5,0.6,0.3,1.0,3.0,5.1,3.0,2.0,4.3,10.0,0.5,0.6,0.3,5.31,5.98,6.66,5.98,2.0,1.4,10.0,0.5,0.6,0.3,2.3,7.3,12.3,7.3,2.0,10.3,10.0,0.5,0.6,0.3,-42.8,-25.5,-8.1,-25.5,2.0,36.0,10.0,0.5,0.6,0.3,-15.6,-9.3,-2.9,-9.3,2.0,13.1,10.0,0.5,0.6,0.3,-29.6,-17.6,-5.6,-17.6,2.0,24.9,10.0,0.5,0.6,0.3,-10.8,-6.4,-2.0,-6.4,2.0,9.0,10.0,0.5,0.6,0.3,-11.6,-6.9,-2.2,-6.9,2.0,9.7,10.0,0.5,0.6,0.3,-4.2,-2.5,-0.8,-2.5,2.0,3.5,10.0,0.5,0.6,0.3,1.5,4.5,8.0,4.5,2.0,6.5,10.0,0.5,0.6,0.3,0.0,5.0,10.0,5.0,2.0,5.0,10.0,0.5,0.6,0.3
1974,2,121.0,3.0,27.0,27.0,27.0,27.0,1.0,0.0,4.0,0.0,0.9,0.3,25.8,25.8,25.8,25.8,1.0,0.0,4.0,0.0,0.9,0.3,19.16,19.16,19.16,19.16,1.0,0.0,4.0,0.0,0.9,0.3,92.0,92.0,92.0,92.0,1.0,0.0,4.0,0.0,0.3,,,,,,,,,,,,,,,,,,,,,,,,,,,,,,,,,,,,,,,,,,,,,,,,,,,,,,,,,,,,,,,,,,,,,,,,,,,,,,,,,,,,,,,,,,,,,,,,,,,,,,,,,,,,,,,,,,,,,,,,,,,,,,,,,,,,,,,,,,,,,,,,,,,,,,,,,,,,,,,,,,,,,,,,,,,,,,,,,,,,,,,,,,,,,,
1974,2,121.0,4.0,,,,,,,,,,,,,,,,,,,,,,,,,,,,,,,,,,,,,,,,6.7,6.7,6.7,6.7,1.0,0.0,10.0,1.0,0.3,0.2,0.0,0.0,0.0,0.0,1.0,0.0,10.0,1.0,0.3,0.2,-6.7,-6.7,-6.7,-6.7,1.0,0.0,10.0,1.0,0.3,0.2,1006.4,1006.4,1006.4,1006.4,1.0,0.0,10.0,1.0,0.3,0.2,7.0,7.0,7.0,7.0,1.0,0.0,10.0,1.0,0.3,0.2,0.0,0.0,0.0,0.0,1.0,0.0,10.0,1.0,0.3,0.2,-44.9,-44.9,-44.9,-44.9,1.0,0.0,10.0,1.0,0.3,0.2,,,,,,,,,,,,,,,,,,,,,,,,,,,,,,,,,,,,,,,,,0.0,0.0,0.0,0.0,1.0,0.0,10.0,1.0,0.3,0.2,-190.3,-190.3,-190.3,-190.3,1.0,0.0,10.0,1.0,0.3,0.2,0.0,0.0,0.0,0.0,1.0,0.0,10.0,1.0,0.3,0.2,-127.8,-127.8,-127.8,-127.8,1.0,0.0,10.0,1.0,0.3,0.2,,,,,,,,,,,,,,,,,,,,,,,,,,,,,,,,,,,,,,,,
1974,2,121.0,7.0,26.29,26.9,28.29,27.3,7.0,1.41,12.0,0.6,0.6,0.4,26.49,27.0,27.52,27.01,7.0,0.61,12.0,0.6,0.6,0.4,17.61,18.26,18.83,18.21,6.0,0.84,10.0,0.5,0.6,0.3,79.3,81.5,83.8,81.5,6.0,2.1,10.0,0.5,0.3,4.08,6.7,7.78,6.21,7.0,2.05,12.0,0.6,0.6,0.4,-5.47,-2.64,-2.24,-3.56,7.0,2.22,12.0,0.6,0.6,0.4,-6.41,-4.42,-2.99,-4.35,7.0,2.72,12.0,0.6,0.6,0.4,1007.18,1008.8,1009.0,1008.33,7.0,0.96,12.0,0.6,0.6,0.4,4.9,6.0,7.0,6.0,7.0,1.6,12.0,0.6,0.6,0.4,-38.6,-15.4,-10.5,-24.3,7.0,19.2,12.0,0.6,0.6,0.4,-44.1,-22.5,-11.6,-28.9,7.0,26.9,12.0,0.6,0.6,0.4,-0.66,-0.4,2.08,0.29,7.0,1.86,12.0,0.6,0.6,0.4,-3.6,-1.6,18.9,2.9,7.0,13.5,12.0,0.6,0.6,0.4,2.79,3.85,7.51,4.74,6.0,2.63,10.0,0.5,0.6,0.3,13.5,17.8,59.9,31.0,6.0,24.8,10.0,0.5,0.6,0.3,-149.2,-70.4,-59.4,-97.0,7.0,62.5,12.0,0.6,0.6,0.4,-169.8,-121.5,-79.9,-116.4,7.0,71.3,12.0,0.6,0.6,0.4,-73.4,-46.7,-38.0,-60.2,6.0,44.8,10.0,0.5,0.6,0.3,-121.8,-71.9,-44.4,-77.0,6.0,51.0,10.0,0.5,0.6,0.3,-20.5,-12.2,-8.5,-13.4,6.0,7.1,10.0,0.5,0.6,0.3,-56.3,-14.6,-8.2,-26.2,6.0,26.0,10.0,0.5,0.6,0.3,68.0,301.0,473.0,307.5,7.0,266.5,12.0,0.6,0.6,0.4,70.0,300.0,475.0,310.0,7.0,265.0,12.0,0.6,0.6,0.4
1974,2,121.0,8.0,27.37,28.0,28.01,27.7,7.0,0.54,18.0,0.6,0.6,0.7,26.96,27.0,27.95,27.36,7.0,0.91,18.0,0.6,0.6,0.7,17.52,19.4,19.87,18.9,5.0,1.37,20.0,0.6,0.6,0.7,77.0,80.3,88.2,82.2,6.0,6.2,20.0,0.7,0.7,3.43,5.1,6.35,5.0,7.0,2.81,18.0,0.6,0.6,0.7,-3.93,-2.76,0.05,-1.88,7.0,2.18,18.0,0.6,0.6,0.7,-6.23,-3.66,-2.2,-4.17,7.0,2.81,18.0,0.6,0.6,0.7,1006.91,1007.9,1010.14,1008.25,6.0,1.81,18.0,0.5,0.6,0.7,2.0,7.0,8.0,5.6,7.0,3.0,18.0,0.6,0.6,0.7,-25.1,-9.9,0.3,-11.1,7.0,14.0,18.0,0.6,0.6,0.7,-39.9,-20.9,-7.9,-27.3,7.0,26.7,18.0,0.6,0.6,0.7,-0.17,0.6,1.01,0.34,7.0,0.96,18.0,0.6,0.6,0.7,-1.0,0.5,5.2,0.1,7.0,6.7,18.0,0.6,0.6,0.7,3.66,4.39,5.68,4.66,5.0,1.14,20.0,0.6,0.6,0.7,12.2,22.4,32.9,21.6,5.0,13.6,20.0,0.6,0.6,0.7,-105.9,-75.8,1.4,-51.2,7.0,59.0,18.0,0.6,0.6,0.7,-169.1,-95.6,-60.6,-115.5,7.0,81.0,18.0,0.6,0.6,0.7,-64.1,-48.4,0.0,-35.7,5.0,33.3,20.0,0.6,0.6,0.7,-124.8,-57.2,-25.8,-73.3,5.0,64.5,20.0,0.6,0.6,0.7,-18.3,-11.7,0.0,-10.2,5.0,10.4,20.0,0.6,0.6,0.7,-26.0,-20.6,-7.8,-17.5,5.0,12.1,20.0,0.6,0.6,0.7,44.5,132.5,265.5,220.0,7.0,270.0,18.0,0.6,0.6,0.7,45.0,135.0,265.0,220.0,7.0,270.0,18.0,0.6,0.6,0.7
1974,2,121.0,9.0,26.59,27.0,29.05,27.8,3.0,1.93,8.0,0.3,0.8,0.5,26.1,26.3,26.44,26.27,3.0,0.25,8.0,0.3,0.8,0.5,16.49,17.47,17.54,17.03,3.0,0.86,8.0,0.3,0.8,0.5,77.8,81.1,81.4,79.7,3.0,3.0,8.0,0.3,0.5,6.2,11.8,12.89,9.6,3.0,5.26,8.0,0.3,0.8,0.5,-7.3,-6.7,-2.97,-5.17,3.0,3.44,8.0,0.3,0.8,0.5,-10.79,-9.04,-5.18,-8.01,3.0,4.21,8.0,0.3,0.8,0.5,1008.76,1008.9,1009.38,1009.07,3.0,0.47,8.0,0.3,0.8,0.5,6.3,7.0,7.7,7.0,3.0,1.0,8.0,0.3,0.8,0.5,-89.7,-89.5,-31.4,-61.2,3.0,49.2,8.0,0.3,0.8,0.5,-140.0,-106.7,-42.2,-91.4,3.0,72.9,8.0,0.3,0.8,0.5,0.15,0.7,2.95,1.53,3.0,2.17,8.0,0.3,0.8,0.5,2.7,9.4,35.2,18.7,3.0,25.1,8.0,0.3,0.8,0.5,4.3,4.91,8.86,6.54,3.0,3.63,8.0,0.3,0.8,0.5,30.8,65.9,107.1,68.9,3.0,56.0,8.0,0.3,0.8,0.5,-190.5,-176.2,-78.2,-135.3,3.0,89.6,8.0,0.3,0.8,0.5,-282.9,-235.0,-135.8,-210.0,3.0,109.9,8.0,0.3,0.8,0.5,-120.2,-117.1,-51.9,-86.8,3.0,56.5,8.0,0.3,0.8,0.5,-184.4,-144.9,-86.6,-135.7,3.0,72.1,8.0,0.3,0.8,0.5,-65.9,-32.9,-13.8,-39.7,3.0,38.6,8.0,0.3,0.8,0.5,-84.1,-57.0,-27.4,-55.8,3.0,41.6,8.0,0.3,0.8,0.5,553.5,1643.0,2164.0,1365.5,3.0,1204.0,8.0,0.3,0.8,0.5,555.0,1645.0,2165.0,1365.0,3.0,1205.0,8.0,0.3,0.8,0.5
1974,2,121.0,10.0,24.48,25.9,27.32,25.9,4.0,1.72,16.0,0.5,0.6,0.3,26.64,26.9,27.52,27.08,4.0,0.65,16.0,0.5,0.6,0.3,17.83,18.38,19.48,18.64,4.0,1.15,16.0,0.5,0.6,0.3,80.4,83.7,85.7,83.1,4.0,3.4,16.0,0.5,0.3,2.84,4.1,5.68,4.25,4.0,1.69,16.0,0.5,0.6,0.3,-3.08,-2.4,-1.3,-2.2,4.0,1.07,16.0,0.5,0.6,0.3,-5.09,-3.62,-0.88,-3.02,4.0,2.69,16.0,0.5,0.6,0.3,1008.91,1009.8,1010.27,1009.6,4.0,1.09,16.0,0.5,0.6,0.3,3.0,5.0,6.5,4.8,4.0,2.2,16.0,0.5,0.6,0.3,-14.6,-9.2,-5.4,-10.0,4.0,7.0,16.0,0.5,0.6,0.3,-29.1,-15.4,-2.1,-15.6,4.0,16.1,16.0,0.5,0.6,0.3,-2.29,-0.85,-0.1,-1.17,4.0,1.39,16.0,0.5,0.6,0.3,-12.0,-2.8,-0.5,-6.1,4.0,8.6,16.0,0.5,0.6,0.3,1.13,2.21,3.65,2.38,4.0,1.47,16.0,0.5,0.6,0.3,5.2,8.6,13.7,9.4,4.0,5.6,16.0,0.5,0.6,0.3,-82.4,-64.9,-35.7,-59.3,4.0,28.5,16.0,0.5,0.6,0.3,-139.8,-99.8,-23.7,-82.6,4.0,73.5,16.0,0.5,0.6,0.3,-55.8,-44.9,-25.2,-40.7,4.0,19.0,16.0,0.5,0.6,0.3,-95.7,-69.3,-15.8,-56.4,4.0,50.5,16.0,0.5,0.6,0.3,-4.7,-3.6,-3.5,-4.1,4.0,1.1,16.0,0.5,0.6,0.3,-12.8,-7.8,-2.5,-7.7,4.0,6.8,16.0,0.5,0.6,0.3,23.5,81.0,188.0,104.5,4.0,103.0,16.0,0.5,0.6,0.3,25.0,80.0,190.0,105.0,4.0,105.0,16.0,0.5,0.6,0.3
1974,2,121.0,11.0,25.0,26.35,27.27,26.43,6.0,1.52,12.0,0.5,0.4,0.5,25.08,26.2,27.62,26.58,6.0,1.84,12.0,0.5,0.4,0.5,15.42,15.75,16.86,16.13,3.0,1.11,8.0,0.7,0.2,0.6,70.5,74.9,83.6,77.0,3.0,9.8,8.0,0.7,0.6,9.3,12.0,13.07,11.24,5.0,2.85,10.0,0.6,0.3,0.6,-7.22,-6.3,-5.7,-6.41,5.0,1.03,10.0,0.6,0.3,0.6,-11.7,-9.19,-6.09,-8.79,5.0,4.14,10.0,0.6,0.3,0.6,1007.92,1008.4,1008.54,1008.23,3.0,0.47,8.0,0.7,0.2,0.6,0.0,1.0,5.7,2.6,5.0,3.2,10.0,0.6,0.3,0.6,-81.8,-75.0,-60.4,-71.3,5.0,18.3,10.0,0.6,0.3,0.6,-154.3,-110.3,-62.3,-108.2,5.0,65.2,10.0,0.6,0.3,0.6,-1.35,-0.2,2.07,-0.15,6.0,2.76,12.0,0.5,0.4,0.5,-22.8,-2.0,30.4,0.6,5.0,35.6,10.0,0.6,0.3,0.6,5.39,6.74,8.71,7.04,3.0,2.45,8.0,0.7,0.2,0.6,52.6,68.5,102.6,77.4,3.0,37.4,8.0,0.7,0.2,0.6,-205.3,-170.0,-146.5,-173.0,5.0,34.8,10.0,0.6,0.3,0.6,-299.4,-248.2,-176.7,-233.6,5.0,103.2,10.0,0.6,0.3,0.6,-96.6,-96.1,-88.9,-92.8,3.0,6.3,8.0,0.7,0.2,0.6,-213.8,-167.8,-77.1,-146.0,3.0,101.9,8.0,0.7,0.2,0.6,-53.9,-42.4,-29.5,-41.7,3.0,17.9,8.0,0.7,0.2,0.6,-90.5,-64.4,-31.0,-60.8,3.0,43.7,8.0,0.7,0.2,0.6,909.5,1728.0,2272.0,1627.0,5.0,975.5,10.0,0.6,0.3,0.6,910.0,1730.0,2270.0,1625.0,5.0,975.0,10.0,0.6,0.3,0.6
1974,2,121.0,13.0,25.84,26.4,26.7,26.28,4.0,0.53,18.0,0.5,0.5,0.3,25.16,26.1,26.74,25.92,5.0,0.98,20.0,0.4,0.4,0.4,16.51,17.54,18.65,17.73,5.0,1.66,20.0,0.4,0.4,0.4,77.2,79.7,94.9,85.0,5.0,10.5,20.0,0.4,0.4,2.89,5.9,11.9,6.85,6.0,4.38,20.0,0.5,0.5,0.3,-10.31,-3.22,-1.48,-4.62,6.0,4.93,20.0,0.5,0.5,0.3,-3.1,-1.36,6.08,0.25,6.0,5.06,20.0,0.5,0.5,0.3,1008.75,1010.4,1011.41,1010.17,6.0,1.59,20.0,0.5,0.5,0.3,1.0,3.5,6.2,3.7,6.0,2.9,20.0,0.5,0.5,0.3,-122.7,-18.0,-5.0,-48.5,6.0,60.5,20.0,0.5,0.5,0.3,-24.0,-3.8,53.0,4.1,6.0,51.0,20.0,0.5,0.5,0.3,-0.34,0.55,1.49,0.58,4.0,1.39,18.0,0.5,0.5,0.3,-0.5,4.5,17.1,8.2,4.0,13.3,18.0,0.5,0.5,0.3,2.25,4.22,4.95,3.63,4.0,2.09,18.0,0.5,0.5,0.3,10.0,18.8,39.2,24.3,4.0,19.8,18.0,0.5,0.5,0.3,-257.9,-104.0,-65.0,-151.1,5.0,102.0,20.0,0.4,0.4,0.4,-95.6,-53.2,157.6,10.9,5.0,145.1,20.0,0.4,0.4,0.4,-193.7,-65.9,-41.7,-109.3,5.0,83.8,20.0,0.4,0.4,0.4,-70.3,-32.8,109.1,5.0,5.0,103.9,20.0,0.4,0.4,0.4,-33.9,-15.7,-8.1,-20.7,4.0,17.4,18.0,0.5,0.5,0.3,-10.4,-6.0,11.8,0.4,4.0,17.4,18.0,0.5,0.5,0.3,25.5,235.5,1688.0,669.0,6.0,852.0,20.0,0.5,0.5,0.3,25.0,235.0,1690.0,670.0,6.0,850.0,20.0,0.5,0.5,0.3
1974,2,121.0,18.0,25.29,25.8,26.0,25.65,4.0,0.47,12.0,0.3,0.4,0.6,21.95,23.5,24.52,23.25,4.0,1.71,12.0,0.3,0.4,0.6,12.67,14.17,15.66,14.17,2.0,3.1,10.0,0.0,0.3,0.7,80.5,86.0,91.5,86.0,2.0,11.5,10.0,0.0,0.7,9.96,14.2,15.4,12.75,4.0,3.87,12.0,0.3,0.4,0.6,-12.35,-10.58,-8.26,-10.31,4.0,2.76,12.0,0.3,0.4,0.6,-9.85,-7.1,-4.38,-7.11,4.0,3.84,12.0,0.3,0.4,0.6,1013.81,1017.35,1018.74,1016.33,4.0,3.66,12.0,0.3,0.4,0.6,3.8,8.0,8.0,6.0,4.0,4.0,12.0,0.3,0.4,0.6,-180.2,-149.4,-95.2,-138.2,4.0,65.3,12.0,0.3,0.4,0.6,-151.6,-101.5,-49.5,-100.6,4.0,68.4,12.0,0.3,0.4,0.6,1.0,2.0,3.84,2.4,4.0,1.74,12.0,0.3,0.4,0.6,10.0,29.6,59.1,34.3,4.0,29.8,12.0,0.3,0.4,0.6,5.13,6.47,7.81,6.47,2.0,2.77,10.0,0.0,0.3,0.7,79.0,99.6,120.3,99.6,2.0,42.7,10.0,0.0,0.3,0.7,-294.7,-244.7,-184.0,-239.6,4.0,66.4,12.0,0.3,0.4,0.6,-214.1,-169.8,-108.3,-161.6,4.0,77.8,12.0,0.3,0.4,0.6,-202.4,-168.4,-134.3,-168.4,2.0,70.5,10.0,0.0,0.3,0.7,-138.8,-133.6,-128.4,-133.6,2.0,10.8,10.0,0.0,0.3,0.7,-79.8,-71.8,-63.8,-71.8,2.0,16.5,10.0,0.0,0.3,0.7,-89.2,-67.1,-45.0,-67.1,2.0,45.8,10.0,0.0,0.3,0.7,1241.5,2924.5,3652.5,2468.5,4.0,1556.5,12.0,0.3,0.4,0.6,1240.0,2925.0,3650.0,2470.0,4.0,1555.0,12.0,0.3,0.4,0.6
1974,2,121.0,19.0,23.3,24.9,26.0,24.77,41.0,1.4,14.0,0.5,0.3,0.6,20.54,23.4,26.0,23.55,46.0,3.0,14.0,0.5,0.3,0.6,11.27,13.53,16.55,13.96,39.0,2.66,14.0,0.5,0.3,0.6,70.9,78.3,85.6,78.9,39.0,7.8,14.0,0.5,0.6,5.1,9.3,15.4,9.7,43.0,4.42,14.0,0.5,0.3,0.6,-9.95,-7.91,0.0,-6.19,43.0,4.7,14.0,0.5,0.3,0.6,-10.38,-5.02,0.33,-5.01,43.0,5.36,14.0,0.5,0.3,0.6,1011.5,1014.8,1018.3,1014.87,45.0,3.36,14.0,0.5,0.3,0.6,1.8,7.0,8.0,5.3,44.0,2.9,14.0,0.5,0.3,0.6,-136.8,-81.1,0.0,-74.4,43.0,64.4,14.0,0.5,0.3,0.6,-149.5,-38.1,0.3,-67.1,43.0,80.0,14.0,0.5,0.3,0.6,-1.43,1.1,3.9,1.41,41.0,2.6,14.0,0.5,0.3,0.6,-9.3,8.7,53.9,19.8,39.0,31.7,14.0,0.5,0.3,0.6,2.35,5.75,8.33,5.38,37.0,2.75,14.0,0.5,0.3,0.6,17.4,52.0,113.1,61.9,35.0,47.8,14.0,0.5,0.4,0.6,-232.7,-172.3,0.0,-138.8,43.0,111.0,14.0,0.5,0.3,0.6,-218.9,-116.5,8.4,-105.5,43.0,115.2,14.0,0.5,0.3,0.6,-138.9,-103.3,-58.7,-92.4,37.0,53.4,14.0,0.5,0.4,0.6,-131.1,-80.6,0.0,-68.5,37.0,59.9,14.0,0.5,0.4,0.6,-79.5,-36.2,-9.9,-42.7,35.0,33.5,14.0,0.5,0.4,0.6,-85.8,-28.1,-0.1,-39.3,35.0,40.5,14.0,0.5,0.4,0.6,132.5,804.5,3652.5,1464.5,43.0,1548.5,14.0,0.5,0.3,0.6,135.0,805.0,3650.0,1465.0,43.0,1550.0,14.0,0.5,0.3,0.6
1974,2,121.0,20.0,23.12,25.0,26.5,24.99,35.0,1.7,14.0,0.7,0.5,0.4,20.2,23.0,26.22,23.13,35.0,2.77,14.0,0.7,0.5,0.4,10.51,14.45,17.52,14.46,32.0,3.09,14.0,0.7,0.5,0.3,70.4,82.7,88.1,80.4,32.0,8.2,14.0,0.7,0.3,6.2,9.55,13.9,10.01,36.0,3.44,14.0,0.7,0.5,0.4,-10.44,-6.64,-3.74,-6.75,36.0,3.43,14.0,0.7,0.5,0.4,-9.59,-7.02,-0.97,-5.38,36.0,5.14,14.0,0.7,0.5,0.4,1012.14,1015.2,1018.0,1015.14,35.0,2.8,14.0,0.7,0.5,0.4,4.1,7.0,8.0,6.3,36.0,2.2,14.0,0.7,0.5,0.4,-144.6,-67.2,-25.9,-76.4,36.0,54.6,14.0,0.7,0.5,0.4,-125.7,-64.7,-4.9,-66.6,36.0,65.2,14.0,0.7,0.5,0.4,-1.0,1.8,5.58,1.91,34.0,3.04,14.0,0.7,0.5,0.3,-7.0,11.9,67.3,25.0,34.0,35.2,14.0,0.7,0.5,0.3,2.27,5.13,8.24,5.19,31.0,2.91,14.0,0.6,0.5,0.3,16.0,45.4,109.9,57.7,31.0,46.2,14.0,0.6,0.5,0.3,-221.5,-144.9,-93.8,-149.4,35.0,73.7,14.0,0.7,0.5,0.4,-196.0,-163.2,-18.0,-110.9,35.0,113.3,14.0,0.7,0.5,0.4,-124.2,-88.3,-55.4,-87.1,32.0,41.1,14.0,0.7,0.5,0.3,-119.7,-91.3,3.1,-63.6,32.0,71.7,14.0,0.7,0.5,0.3,-74.3,-35.5,-11.0,-40.0,31.0,33.6,14.0,0.6,0.5,0.3,-79.5,-27.7,0.6,-34.5,31.0,39.6,14.0,0.6,0.5,0.3,238.5,873.0,2685.5,1350.0,36.0,1176.0,14.0,0.7,0.5,0.4,240.0,875.0,2685.0,1350.0,36.0,1175.0,14.0,0.7,0.5,0.4
1974,2,121.0,21.0,24.0,25.0,27.0,25.2,28.0,1.68,16.0,0.5,0.5,0.3,20.38,23.65,25.1,23.36,30.0,2.67,16.0,0.5,0.5,0.3,11.56,14.6,16.27,13.97,15.0,2.49,16.0,0.4,0.5,0.4,74.8,83.7,88.3,82.5,15.0,9.6,16.0,0.4,0.4,4.0,8.2,14.76,8.52,28.0,4.5,16.0,0.5,0.6,0.3,-8.92,-6.17,-3.23,-6.02,28.0,2.9,16.0,0.5,0.6,0.3,-10.85,-4.04,0.5,-4.94,28.0,4.92,16.0,0.5,0.6,0.3,1010.8,1013.95,1016.0,1013.91,28.0,2.64,16.0,0.5,0.5,0.3,5.6,7.0,8.0,6.5,30.0,1.9,16.0,0.5,0.5,0.3,-135.0,-44.1,-13.3,-62.2,28.0,51.6,16.0,0.5,0.6,0.3,-161.2,-29.8,2.0,-60.5,28.0,75.4,16.0,0.5,0.6,0.3,0.79,1.6,3.41,2.1,28.0,1.92,16.0,0.5,0.5,0.3,5.6,12.4,32.8,21.9,26.0,28.9,16.0,0.5,0.5,0.3,4.07,5.54,6.32,5.49,15.0,1.46,16.0,0.4,0.5,0.4,29.7,51.6,87.8,57.5,15.0,38.0,16.0,0.4,0.5,0.4,-187.4,-152.7,-79.2,-135.5,28.0,56.9,16.0,0.5,0.6,0.3,-209.4,-97.5,10.9,-106.4,28.0,102.0,16.0,0.5,0.6,0.3,-125.0,-98.1,-54.4,-90.7,15.0,33.2,16.0,0.4,0.5,0.4,-125.1,-79.5,-30.0,-80.2,15.0,56.4,16.0,0.4,0.5,0.4,-56.8,-33.5,-17.9,-39.9,15.0,23.9,16.0,0.4,0.5,0.4,-67.3,-28.7,-9.2,-36.7,15.0,35.6,16.0,0.4,0.5,0.4,69.0,551.5,3216.0,1145.5,28.0,1458.5,16.0,0.5,0.6,0.3,70.0,550.0,3215.0,1145.0,28.0,1460.0,16.0,0.5,0.6,0.3
1974,2,121.0,22.0,21.37,24.0,25.62,23.27,15.0,2.31,16.0,0.2,0.4,0.4,15.8,17.0,23.68,18.91,18.0,3.74,16.0,0.3,0.5,0.4,8.71,9.31,13.61,10.51,12.0,2.95,16.0,0.3,0.4,0.4,75.1,79.7,84.4,79.7,12.0,6.5,16.0,0.3,0.4,5.82,12.95,15.4,11.25,16.0,4.27,16.0,0.2,0.4,0.4,-10.91,-6.48,-0.38,-5.94,16.0,4.9,16.0,0.2,0.4,0.4,-12.9,-8.77,1.22,-6.45,16.0,6.87,16.0,0.2,0.4,0.4,1011.84,1018.7,1023.91,1017.92,18.0,6.01,16.0,0.3,0.5,0.4,6.5,8.0,8.0,7.2,17.0,1.7,14.0,0.3,0.5,0.4,-148.7,-99.8,-1.7,-82.3,16.0,68.9,16.0,0.2,0.4,0.4,-200.9,-95.8,5.0,-94.8,16.0,91.7,16.0,0.2,0.4,0.4,0.84,5.4,6.63,4.12,15.0,3.11,16.0,0.2,0.4,0.4,4.2,81.2,104.6,57.4,15.0,47.0,16.0,0.2,0.4,0.4,3.38,6.64,8.99,6.45,10.0,2.8,18.0,0.2,0.4,0.4,18.8,98.8,141.1,84.3,10.0,56.4,18.0,0.2,0.4,0.4,-174.1,-114.1,-11.2,-99.7,16.0,87.9,16.0,0.2,0.4,0.4,-217.6,-137.4,32.3,-99.9,16.0,132.9,16.0,0.2,0.4,0.4,-89.9,-54.2,-35.9,-57.2,11.0,32.0,18.0,0.2,0.4,0.4,-114.7,-90.6,-54.7,-76.2,11.0,54.5,18.0,0.2,0.4,0.4,-88.0,-46.4,-9.6,-48.0,10.0,39.7,18.0,0.2,0.4,0.4,-112.8,-74.3,-14.3,-64.2,10.0,48.6,18.0,0.2,0.4,0.4,212.5,2172.0,3652.5,1970.5,16.0,1533.0,16.0,0.2,0.4,0.4,215.0,2170.0,3650.0,1970.0,16.0,1535.0,16.0,0.2,0.4,0.4
1974,2,121.0,23.0,22.03,23.4,24.0,23.23,8.0,1.16,18.0,0.8,0.7,0.4,13.4,17.8,21.18,17.22,9.0,3.99,18.0,0.8,0.7,0.4,9.54,11.35,13.2,11.15,6.0,2.27,14.0,0.8,0.7,0.4,77.8,80.4,82.2,80.5,6.0,3.5,14.0,0.8,0.4,4.11,14.95,17.89,12.29,8.0,6.2,16.0,0.8,0.7,0.3,-11.48,-8.75,-0.26,-6.79,8.0,5.16,16.0,0.8,0.7,0.3,-14.62,-9.61,-4.11,-9.73,8.0,4.84,16.0,0.8,0.7,0.3,1017.54,1019.3,1024.13,1020.7,9.0,3.5,18.0,0.8,0.7,0.4,7.3,8.0,8.0,7.6,9.0,1.0,18.0,0.8,0.7,0.4,-172.1,-153.2,-0.9,-108.2,8.0,89.1,16.0,0.8,0.7,0.3,-250.1,-143.7,-19.0,-144.6,8.0,108.1,16.0,0.8,0.7,0.3,2.4,7.6,9.8,6.29,8.0,4.38,18.0,0.8,0.7,0.4,10.6,108.0,147.4,86.0,7.0,69.7,18.0,0.7,0.7,0.3,4.5,6.6,8.56,6.45,5.0,2.48,14.0,0.8,0.7,0.4,23.4,98.7,150.8,89.7,5.0,64.4,14.0,0.8,0.7,0.4,-163.0,-135.8,-5.0,-108.3,8.0,84.1,16.0,0.8,0.7,0.3,-259.2,-162.8,-84.9,-166.5,8.0,81.0,16.0,0.8,0.7,0.3,-97.3,-45.7,0.0,-50.8,6.0,50.1,14.0,0.8,0.7,0.4,-148.3,-110.6,-44.3,-100.8,6.0,50.6,14.0,0.8,0.7,0.4,-75.4,-63.5,0.0,-43.0,5.0,39.6,14.0,0.8,0.7,0.4,-130.6,-75.6,-23.4,-77.0,5.0,54.0,14.0,0.8,0.7,0.4,102.5,3341.5,5730.0,2988.0,8.0,2489.5,16.0,0.8,0.7,0.3,105.0,3340.0,5730.0,2990.0,8.0,2490.0,16.0,0.8,0.7,0.3
1974,2,121.0,24.0,22.0,22.0,22.0,22.0,1.0,0.0,18.0,1.0,0.7,0.1,24.8,24.8,24.8,24.8,1.0,0.0,18.0,1.0,0.7,0.1,14.45,14.45,14.45,14.45,1.0,0.0,18.0,1.0,0.7,0.1,74.7,74.7,74.7,74.7,1.0,0.0,18.0,1.0,0.1,6.2,6.2,6.2,6.2,1.0,0.0,18.0,1.0,0.7,0.1,-4.75,-4.75,-4.75,-4.75,1.0,0.0,18.0,1.0,0.7,0.1,-3.99,-3.99,-3.99,-3.99,1.0,0.0,18.0,1.0,0.7,0.1,1019.4,1019.4,1019.4,1019.4,1.0,0.0,18.0,1.0,0.7,0.1,5.0,5.0,5.0,5.0,1.0,0.0,18.0,1.0,0.7,0.1,-29.4,-29.4,-29.4,-29.4,1.0,0.0,18.0,1.0,0.7,0.1,-24.7,-24.7,-24.7,-24.7,1.0,0.0,18.0,1.0,0.7,0.1,-2.8,-2.8,-2.8,-2.8,1.0,0.0,18.0,1.0,0.7,0.1,-17.4,-17.4,-17.4,-17.4,1.0,0.0,18.0,1.0,0.7,0.1,1.91,1.91,1.91,1.91,1.0,0.0,18.0,1.0,0.7,0.1,11.8,11.8,11.8,11.8,1.0,0.0,18.0,1.0,0.7,0.1,-117.8,-117.8,-117.8,-117.8,1.0,0.0,18.0,1.0,0.7,0.1,-98.8,-98.8,-98.8,-98.8,1.0,0.0,18.0,1.0,0.7,0.1,-68.6,-68.6,-68.6,-68.6,1.0,0.0,18.0,1.0,0.7,0.1,-57.6,-57.6,-57.6,-57.6,1.0,0.0,18.0,1.0,0.7,0.1,-9.1,-9.1,-9.1,-9.1,1.0,0.0,18.0,1.0,0.7,0.1,-7.6,-7.6,-7.6,-7.6,1.0,0.0,18.0,1.0,0.7,0.1,238.5,238.5,238.5,238.5,1.0,0.0,18.0,1.0,0.7,0.1,240.0,240.0,240.0,240.0,1.0,0.0,18.0,1.0,0.7,0.1
1974,2,121.0,25.0,14.19,19.8,21.19,18.28,16.0,3.49,14.0,0.6,0.4,0.5,9.94,13.4,16.39,13.48,16.0,3.13,14.0,0.6,0.4,0.5,4.68,7.36,10.09,7.31,12.0,2.63,16.0,0.6,0.4,0.5,62.3,84.1,89.1,76.2,12.0,14.8,16.0,0.6,0.5,9.36,13.2,15.4,12.46,14.0,3.63,14.0,0.7,0.4,0.5,-9.41,-6.85,-2.32,-6.23,14.0,4.61,14.0,0.7,0.4,0.5,-12.66,-10.79,-6.38,-9.37,14.0,4.78,14.0,0.7,0.4,0.5,1015.36,1020.0,1024.35,1019.78,16.0,4.75,14.0,0.6,0.4,0.5,2.9,8.0,8.0,6.4,16.0,3.1,14.0,0.6,0.4,0.5,-132.4,-92.1,-29.4,-90.0,14.0,69.0,14.0,0.7,0.4,0.5,-184.6,-144.4,-58.2,-130.0,14.0,71.6,14.0,0.7,0.4,0.5,2.23,4.75,8.5,4.79,16.0,3.1,14.0,0.6,0.4,0.5,9.2,64.1,108.2,64.0,14.0,47.7,14.0,0.7,0.4,0.5,3.3,5.52,6.59,5.09,12.0,2.11,16.0,0.6,0.4,0.5,29.1,67.8,100.1,65.3,11.0,34.4,16.0,0.6,0.4,0.5,-126.2,-86.5,-23.0,-74.4,14.0,56.2,14.0,0.7,0.4,0.5,-148.9,-117.6,-87.2,-115.5,14.0,71.3,14.0,0.7,0.4,0.5,-55.3,-51.1,-0.2,-33.3,11.0,31.2,16.0,0.6,0.4,0.5,-92.2,-62.6,-33.1,-59.2,11.0,48.1,16.0,0.6,0.4,0.5,-76.3,-23.2,-3.3,-33.0,11.0,34.7,16.0,0.6,0.4,0.5,-74.0,-53.8,-23.1,-48.2,11.0,30.5,16.0,0.6,0.4,0.5,822.5,2303.5,3652.5,2357.5,14.0,1489.5,14.0,0.7,0.4,0.5,825.0,2305.0,3650.0,2360.0,14.0,1490.0,14.0,0.7,0.4,0.5
1974,2,121.0,26.0,13.27,15.0,16.78,15.03,17.0,2.08,20.0,0.8,0.3,0.5,5.96,10.0,14.8,10.3,17.0,4.19,18.0,0.7,0.3,0.4,3.74,6.52,7.62,6.19,7.0,2.07,18.0,0.7,0.3,0.5,64.5,81.2,86.6,74.6,7.0,18.8,18.0,0.7,0.5,8.96,12.3,14.97,11.7,19.0,2.8,18.0,0.7,0.3,0.4,-9.03,-5.27,-3.06,-5.15,19.0,4.03,18.0,0.7,0.3,0.4,-12.08,-10.65,-4.18,-9.14,19.0,4.45,18.0,0.7,0.3,0.4,1016.16,1017.7,1029.03,1020.7,19.0,6.71,18.0,0.7,0.3,0.4,4.1,8.0,8.0,6.4,18.0,2.6,18.0,0.8,0.3,0.4,-124.5,-75.9,-27.4,-66.0,19.0,50.6,18.0,0.7,0.3,0.4,-185.5,-131.0,-34.0,-116.6,19.0,68.6,18.0,0.7,0.3,0.4,1.58,4.8,8.0,5.13,16.0,3.37,18.0,0.8,0.3,0.4,17.7,56.7,102.2,60.3,16.0,38.4,18.0,0.8,0.3,0.4,3.02,3.66,5.61,4.64,7.0,2.78,18.0,0.7,0.3,0.5,35.3,46.5,59.8,57.8,7.0,46.6,18.0,0.7,0.3,0.5,-121.5,-50.5,-19.3,-51.7,17.0,63.6,18.0,0.7,0.3,0.4,-138.6,-76.6,-48.0,-83.7,17.0,57.8,18.0,0.7,0.3,0.4,-54.7,-34.1,-29.3,-39.9,7.0,17.0,18.0,0.7,0.3,0.5,-93.4,-72.8,-24.9,-60.1,7.0,33.4,18.0,0.7,0.3,0.5,-37.0,-23.3,-16.0,-33.5,7.0,31.7,18.0,0.7,0.3,0.5,-54.9,-40.3,-19.9,-45.0,7.0,37.3,18.0,0.7,0.3,0.5,719.0,1861.0,3357.5,1860.5,19.0,1184.5,18.0,0.7,0.3,0.4,720.0,1860.0,3355.0,1860.0,19.0,1185.0,18.0,0.7,0.3,0.4
1974,2,121.0,27.0,11.64,13.35,13.8,12.82,8.0,1.84,8.0,0.5,0.6,0.3,5.15,6.2,9.0,6.62,6.0,2.04,10.0,0.5,0.8,0.4,3.27,3.51,4.67,3.95,4.0,1.14,12.0,0.5,0.7,0.4,61.6,65.1,73.4,67.4,4.0,9.1,12.0,0.5,0.4,6.87,14.7,15.49,12.18,8.0,4.16,8.0,0.5,0.6,0.3,-10.6,-5.13,-4.97,-6.42,8.0,3.27,8.0,0.5,0.6,0.3,-13.59,-10.96,-4.72,-9.95,8.0,3.98,8.0,0.5,0.6,0.3,1025.0,1026.55,1029.0,1026.85,6.0,1.88,10.0,0.5,0.8,0.4,1.6,4.5,8.0,4.5,6.0,3.6,10.0,0.5,0.8,0.4,-164.2,-73.9,-34.4,-85.8,8.0,61.3,8.0,0.5,0.6,0.3,-204.5,-169.9,-33.0,-134.4,8.0,79.3,8.0,0.5,0.6,0.3,4.39,5.4,7.25,5.7,6.0,2.11,10.0,0.5,0.8,0.4,42.5,58.0,70.0,56.8,6.0,13.1,10.0,0.5,0.8,0.4,3.8,4.35,5.3,4.54,4.0,0.99,12.0,0.5,0.7,0.4,35.1,47.4,57.8,46.5,4.0,13.5,12.0,0.5,0.7,0.4,-46.3,-36.4,-17.3,-32.5,6.0,16.2,10.0,0.5,0.8,0.4,-123.3,-66.4,-22.2,-70.2,6.0,47.9,10.0,0.5,0.8,0.4,-27.6,-22.4,-17.3,-22.4,4.0,6.0,12.0,0.5,0.7,0.4,-63.0,-30.5,-14.5,-38.4,4.0,30.7,12.0,0.5,0.7,0.4,-29.0,-25.8,-22.2,-25.6,4.0,4.2,12.0,0.5,0.7,0.4,-52.4,-36.6,-22.6,-37.4,4.0,17.5,12.0,0.5,0.7,0.4,328.5,3178.5,3716.0,2326.0,8.0,1626.0,8.0,0.5,0.6,0.3,330.0,3180.0,3715.0,2325.0,8.0,1625.0,8.0,0.5,0.6,0.3
1974,2,121.0,29.0,,,,,,,,,,,,,,,,,,,,,,,,,,,,,,,,,,,,,,,,2.1,2.1,2.1,2.1,1.0,0.0,18.0,1.0,0.3,0.5,0.0,0.0,0.0,0.0,1.0,0.0,18.0,1.0,0.3,0.5,-2.1,-2.1,-2.1,-2.1,1.0,0.0,18.0,1.0,0.3,0.5,1010.8,1010.8,1010.8,1010.8,1.0,0.0,18.0,1.0,0.3,0.5,,,,,,,,,,,,,,,,,,,,,,,,,,,,,,,,,,,,,,,,,,,,,,,,,,,,,,,,,,,,,,,,,,,,,,,,,,,,,,,,,,,,,,,,,,,,,,,,,,,,,,,,,,,,,,,,,,,,,,,,,,,,,,,,,,,,,,,,,,,,,,,,,,,,,,
1974,2,121.0,31.0,,,,,,,,,,,,,,,,,,,,,,,,,,,,,,,,,,,,,,,,10.8,10.8,10.8,10.8,1.0,0.0,24.0,1.0,0.0,0.0,3.69,3.69,3.69,3.69,1.0,0.0,24.0,1.0,0.0,0.0,-10.15,-10.15,-10.15,-10.15,1.0,0.0,24.0,1.0,0.0,0.0,1021.0,1021.0,1021.0,1021.0,1.0,0.0,24.0,1.0,0.0,0.0,,,,,,,,,,,,,,,,,,,,,,,,,,,,,,,,,,,,,,,,,,,,,,,,,,,,,,,,,,,,,,,,,,,,,,,,,,,,,,,,,,,,,,,,,,,,,,,,,,,,,,,,,,,,,,,,,,,,,,,,,,,,,,,,,,,,,,,,,,,,,,,,,,,,,,
1974,2,121.0,33.0,,,,,,,,,,,,,,,,,,,,,,,,,,,,,,,,,,,,,,,,5.0,8.0,10.0,7.59,27.0,2.78,20.0,0.7,0.8,0.7,-5.92,1.39,6.0,0.72,27.0,5.23,20.0,0.7,0.8,0.7,-7.83,0.0,6.87,0.27,27.0,6.3,20.0,0.7,0.8,0.7,1011.03,1021.5,1030.29,1022.26,27.0,8.42,18.0,0.7,0.8,0.7,,,,,,,,,,,,,,,,,,,,,,,,,,,,,,,,,,,,,,,,,,,,,,,,,,,,,,,,,,,,,,,,,,,,,,,,,,,,,,,,,,,,,,,,,,,,,,,,,,,,,,,,,,,,,,,,,,,,,,,,,,,,,,,,,,,,,,,,,,,,,,,,,,,,,,
1974,2,121.0,34.0,,,,,,,,,,,,,,,,,,,,,,,,,,,,,,,,,,,,,,,,4.0,6.7,9.24,6.51,35.0,2.7,16.0,0.4,0.4,0.3,-3.33,1.37,5.3,1.08,35.0,4.24,16.0,0.4,0.4,0.3,-7.53,0.0,4.64,-0.86,35.0,5.57,16.0,0.4,0.4,0.3,1017.05,1026.7,1030.46,1024.02,36.0,6.42,16.0,0.4,0.5,0.3,,,,,,,,,,,,,,,,,,,,,,,,,,,,,,,,,,,,,,,,,,,,,,,,,,,,,,,,,,,,,,,,,,,,,,,,,,,,,,,,,,,,,,,,,,,,,,,,,,,,,,,,,,,,,,,,,,,,,,,,,,,,,,,,,,,,,,,,,,,,,,,,,,,,,,
1974,2,121.0,35.0,3.8,5.4,5.68,4.84,5.0,1.18,14.0,0.4,0.2,0.4,1.65,3.5,7.0,3.8,24.0,2.52,16.0,0.2,0.2,0.3,5.31,5.31,5.31,5.31,1.0,0.0,14.0,0.0,0.2,0.5,85.9,85.9,85.9,85.9,1.0,0.0,14.0,0.0,0.5,4.62,8.0,11.19,7.63,25.0,3.37,16.0,0.2,0.2,0.3,-3.82,1.04,2.55,0.51,25.0,4.77,16.0,0.2,0.2,0.3,-5.42,4.1,7.89,1.52,25.0,6.83,16.0,0.2,0.2,0.3,1014.75,1022.2,1030.04,1021.98,25.0,9.02,16.0,0.2,0.2,0.3,0.0,3.0,8.0,3.5,22.0,3.5,16.0,0.2,0.2,0.3,-37.3,3.5,18.2,6.2,25.0,53.0,16.0,0.2,0.2,0.3,-42.1,21.7,86.0,20.6,25.0,66.0,16.0,0.2,0.2,0.3,,,,,,,,,,,,,,,,,,,,,,,,,,,,,,,,,,,,,,,,,,,,,,,,,,,,,,,,,,,,,,,,,,,,,,,,,,,,,,,,,,,,,,,,,,,,,,,,,,,,,,,,,,,,,,,,,,,,,,,,
1974,2,121.0,36.0,,,,,,,,,,,,,,,,,,,,,,,,,,,,,,,,,,,,,,,,8.77,10.0,10.0,9.4,3.0,1.04,16.0,0.3,0.5,0.3,-7.1,-5.0,-0.4,-3.78,3.0,5.02,16.0,0.3,0.5,0.3,-9.47,-8.66,-3.72,-6.64,3.0,4.56,16.0,0.3,0.5,0.3,1021.59,1024.35,1027.11,1024.35,2.0,5.73,14.0,0.5,0.7,0.3,,,,,,,,,,,,,,,,,,,,,,,,,,,,,,,,,,,,,,,,,,,,,,,,,,,,,,,,,,,,,,,,,,,,,,,,,,,,,,,,,,,,,,,,,,,,,,,,,,,,,,,,,,,,,,,,,,,,,,,,,,,,,,,,,,,,,,,,,,,,,,,,,,,,,,
1974,2,121.0,37.0,1.66,2.0,2.2,1.93,3.0,0.4,16.0,0.7,0.5,0.8,0.22,0.7,1.18,0.7,2.0,0.99,16.0,0.5,0.6,0.8,3.01,3.01,3.01,3.01,1.0,0.0,12.0,0.0,0.5,0.8,72.5,72.5,72.5,72.5,1.0,0.0,12.0,0.0,0.8,4.14,5.3,6.46,5.3,2.0,2.4,16.0,0.5,0.6,0.8,-2.37,0.05,2.47,0.05,2.0,5.02,16.0,0.5,0.6,0.8,-5.1,-3.03,-0.96,-3.03,2.0,4.29,16.0,0.5,0.6,0.8,1010.91,1014.15,1017.39,1014.15,2.0,6.72,16.0,0.5,0.6,0.8,5.5,6.5,7.5,6.5,2.0,2.1,16.0,0.5,0.6,0.8,-18.6,-5.8,7.0,-5.8,2.0,26.5,16.0,0.5,0.6,0.8,-35.7,-21.2,-6.7,-21.2,2.0,30.0,16.0,0.5,0.6,0.8,0.6,0.6,0.6,0.6,1.0,0.0,12.0,0.0,0.5,0.8,2.2,2.2,2.2,2.2,1.0,0.0,12.0,0.0,0.5,0.8,1.33,1.33,1.33,1.33,1.0,0.0,12.0,0.0,0.5,0.8,4.8,4.8,4.8,4.8,1.0,0.0,12.0,0.0,0.5,0.8,0.8,2.5,4.2,2.5,2.0,3.6,16.0,0.5,0.6,0.8,0.0,0.0,0.0,0.0,2.0,0.0,16.0,0.5,0.6,0.8,10.8,10.8,10.8,10.8,1.0,0.0,12.0,0.0,0.5,0.8,0.0,0.0,0.0,0.0,1.0,0.0,12.0,0.0,0.5,0.8,4.8,4.8,4.8,4.8,1.0,0.0,12.0,0.0,0.5,0.8,0.0,0.0,0.0,0.0,1.0,0.0,12.0,0.0,0.5,0.8,93.5,195.0,296.0,195.0,2.0,209.5,16.0,0.5,0.6,0.8,95.0,195.0,295.0,195.0,2.0,210.0,16.0,0.5,0.6,0.8
1974,2,121.0,38.0,,,,,,,,,,,,,,,,,,,,,,,,,,,,,,,,,,,,,,,,4.0,5.0,8.0,5.46,26.0,2.08,16.0,0.5,0.4,0.4,-4.08,-1.29,3.85,-0.84,26.0,4.57,16.0,0.5,0.4,0.4,-3.78,0.35,3.94,-0.07,26.0,3.71,16.0,0.5,0.4,0.4,1015.44,1027.1,1031.01,1024.78,26.0,7.92,18.0,0.5,0.4,0.3,,,,,,,,,,,,,,,,,,,,,,,,,,,,,,,,,,,,,,,,,,,,,,,,,,,,,,,,,,,,,,,,,,,,,,,,,,,,,,,,,,,,,,,,,,,,,,,,,,,,,,,,,,,,,,,,,,,,,,,,,,,,,,,,,,,,,,,,,,,,,,,,,,,,,,
1974,2,122.0,-65.0,1.3,1.3,1.3,1.3,1.0,0.0,2.0,0.0,0.6,0.4,1.4,1.4,1.4,1.4,1.0,0.0,2.0,0.0,0.6,0.4,3.76,3.76,3.76,3.76,1.0,0.0,2.0,0.0,0.6,0.4,87.8,87.8,87.8,87.8,1.0,0.0,2.0,0.0,0.4,,,,,,,,,,,,,,,,,,,,,,,,,,,,,,,,,,,,,,,,,,,,,,,,,,,,,,,,,,,,,,,,,,,,,,,,,,,,,,,,,,,,,,,,,,,,,,,,,,,,,,,,,,,,,,,,,,,,,,,,,,,,,,,,,,,,,,,,,,,,,,,,,,,,,,,,,,,,,,,,,,,,,,,,,,,,,,,,,,,,,,,,,,,,,,
1974,2,122.0,-54.0,,,,,,,,,,,,,,,,,,,,,,,,,,,,,,,,,,,,,,,,8.2,8.2,8.2,8.2,1.0,0.0,10.0,1.0,0.4,1.0,4.1,4.1,4.1,4.1,1.0,0.0,10.0,1.0,0.4,1.0,-7.1,-7.1,-7.1,-7.1,1.0,0.0,10.0,1.0,0.4,1.0,1000.6,1000.6,1000.6,1000.6,1.0,0.0,10.0,1.0,0.4,1.0,,,,,,,,,,,,,,,,,,,,,,,,,,,,,,,,,,,,,,,,,,,,,,,,,,,,,,,,,,,,,,,,,,,,,,,,,,,,,,,,,,,,,,,,,,,,,,,,,,,,,,,,,,,,,,,,,,,,,,,,,,,,,,,,,,,,,,,,,,,,,,,,,,,,,,
1974,2,122.0,-42.0,14.7,14.7,14.7,14.7,1.0,0.0,8.0,0.0,0.0,0.3,14.0,14.0,14.0,14.0,1.0,0.0,8.0,0.0,0.0,0.3,7.09,7.09,7.09,7.09,1.0,0.0,8.0,0.0,0.0,0.3,71.8,71.8,71.8,71.8,1.0,0.0,8.0,0.0,0.3,9.3,9.3,9.3,9.3,1.0,0.0,8.0,0.0,0.0,0.3,3.18,3.18,3.18,3.18,1.0,0.0,8.0,0.0,0.0,0.3,-8.74,-8.74,-8.74,-8.74,1.0,0.0,8.0,0.0,0.0,0.3,1015.8,1015.8,1015.8,1015.8,1.0,0.0,8.0,0.0,0.0,0.3,8.0,8.0,8.0,8.0,1.0,0.0,8.0,0.0,0.0,0.3,29.6,29.6,29.6,29.6,1.0,0.0,8.0,0.0,0.0,0.3,-81.3,-81.3,-81.3,-81.3,1.0,0.0,8.0,0.0,0.0,0.3,0.7,0.7,0.7,0.7,1.0,0.0,8.0,0.0,0.0,0.3,6.5,6.5,6.5,6.5,1.0,0.0,8.0,0.0,0.0,0.3,3.26,3.26,3.26,3.26,1.0,0.0,8.0,0.0,0.0,0.3,30.3,30.3,30.3,30.3,1.0,0.0,8.0,0.0,0.0,0.3,44.5,44.5,44.5,44.5,1.0,0.0,8.0,0.0,0.0,0.3,-122.3,-122.3,-122.3,-122.3,1.0,0.0,8.0,0.0,0.0,0.3,22.5,22.5,22.5,22.5,1.0,0.0,8.0,0.0,0.0,0.3,-61.9,-61.9,-61.9,-61.9,1.0,0.0,8.0,0.0,0.0,0.3,10.4,10.4,10.4,10.4,1.0,0.0,8.0,0.0,0.0,0.3,-28.5,-28.5,-28.5,-28.5,1.0,0.0,8.0,0.0,0.0,0.3,804.5,804.5,804.5,804.5,1.0,0.0,8.0,0.0,0.0,0.3,805.0,805.0,805.0,805.0,1.0,0.0,8.0,0.0,0.0,0.3
1974,2,122.0,-41.0,15.3,15.3,15.3,15.3,1.0,0.0,4.0,1.0,0.6,0.9,13.0,13.0,13.0,13.0,1.0,0.0,4.0,1.0,0.6,0.9,5.3,5.3,5.3,5.3,1.0,0.0,4.0,1.0,0.6,0.9,57.9,57.9,57.9,57.9,1.0,0.0,4.0,1.0,0.9,,,,,,,,,,,,,,,,,,,,,,,,,,,,,,,,,,,,,,,,,,,,,,,,,,,,,,,,,,,,,,,,,,,,,,,,,,,,,,,,,,,,,,,,,,,,,,,,,,,,,,,,,,,,,,,,,,,,,,,,,,,,,,,,,,,,,,,,,,,,,,,,,,,,,,,,,,,,,,,,,,,,,,,,,,,,,,,,,,,,,,,,,,,,,,
1974,2,122.0,-39.0,17.8,17.8,17.8,17.8,1.0,0.0,4.0,1.0,0.6,0.2,16.0,16.0,16.0,16.0,1.0,0.0,4.0,1.0,0.6,0.2,8.65,8.65,8.65,8.65,1.0,0.0,4.0,1.0,0.6,0.2,77.6,77.6,77.6,77.6,1.0,0.0,4.0,1.0,0.2,10.3,10.3,10.3,10.3,1.0,0.0,4.0,1.0,0.6,0.2,5.15,5.15,5.15,5.15,1.0,0.0,4.0,1.0,0.6,0.2,8.92,8.92,8.92,8.92,1.0,0.0,4.0,1.0,0.6,0.2,1024.3,1024.3,1024.3,1024.3,1.0,0.0,4.0,1.0,0.6,0.2,4.0,4.0,4.0,4.0,1.0,0.0,4.0,1.0,0.6,0.2,53.0,53.0,53.0,53.0,1.0,0.0,4.0,1.0,0.6,0.2,91.9,91.9,91.9,91.9,1.0,0.0,4.0,1.0,0.6,0.2,1.8,1.8,1.8,1.8,1.0,0.0,4.0,1.0,0.6,0.2,18.5,18.5,18.5,18.5,1.0,0.0,4.0,1.0,0.6,0.2,3.87,3.87,3.87,3.87,1.0,0.0,4.0,1.0,0.6,0.2,39.8,39.8,39.8,39.8,1.0,0.0,4.0,1.0,0.6,0.2,82.4,82.4,82.4,82.4,1.0,0.0,4.0,1.0,0.6,0.2,142.7,142.7,142.7,142.7,1.0,0.0,4.0,1.0,0.6,0.2,44.6,44.6,44.6,44.6,1.0,0.0,4.0,1.0,0.6,0.2,77.2,77.2,77.2,77.2,1.0,0.0,4.0,1.0,0.6,0.2,19.9,19.9,19.9,19.9,1.0,0.0,4.0,1.0,0.6,0.2,34.5,34.5,34.5,34.5,1.0,0.0,4.0,1.0,0.6,0.2,1092.5,1092.5,1092.5,1092.5,1.0,0.0,4.0,1.0,0.6,0.2,1095.0,1095.0,1095.0,1095.0,1.0,0.0,4.0,1.0,0.6,0.2
1974,2,122.0,-37.0,18.0,18.7,20.0,18.93,10.0,0.98,16.0,0.7,0.4,0.9,16.41,18.0,19.39,17.88,11.0,1.72,16.0,0.6,0.5,0.9,8.82,9.63,11.96,10.2,10.0,1.68,16.0,0.7,0.4,0.9,71.5,82.8,89.0,80.1,10.0,10.6,16.0,0.7,0.9,2.6,5.1,11.01,7.47,11.0,5.35,16.0,0.6,0.5,0.9,-6.07,-0.17,5.69,0.52,11.0,7.6,16.0,0.6,0.5,0.9,-4.2,-1.74,6.68,0.57,11.0,5.62,16.0,0.6,0.5,0.9,1007.0,1012.8,1019.03,1013.07,11.0,6.8,16.0,0.6,0.5,0.9,3.8,6.0,8.0,6.0,11.0,2.2,16.0,0.6,0.5,0.9,-47.9,-0.2,62.5,24.0,11.0,116.0,16.0,0.6,0.5,0.9,-31.4,-5.2,93.6,16.4,11.0,63.7,16.0,0.6,0.5,0.9,-1.34,1.2,3.03,1.06,10.0,2.39,16.0,0.7,0.4,0.9,-6.8,4.5,40.4,14.0,10.0,29.0,16.0,0.7,0.4,0.9,1.49,3.98,5.15,3.43,10.0,1.96,16.0,0.7,0.4,0.9,6.8,17.2,55.3,30.1,10.0,33.8,16.0,0.7,0.4,0.9,-109.4,-2.8,97.8,4.8,11.0,134.1,16.0,0.6,0.5,0.9,-81.6,-29.7,118.2,5.0,11.0,96.7,16.0,0.6,0.5,0.9,-65.8,-7.8,70.7,1.6,10.0,82.0,16.0,0.7,0.4,0.9,-55.9,-12.7,72.5,6.1,10.0,59.8,16.0,0.7,0.4,0.9,-15.7,0.0,16.1,6.3,10.0,37.4,16.0,0.7,0.4,0.9,-9.2,-1.4,30.7,6.8,10.0,25.6,16.0,0.7,0.4,0.9,17.5,132.5,1335.5,1101.0,11.0,1995.0,16.0,0.6,0.5,0.9,20.0,135.0,1335.0,1100.0,11.0,1995.0,16.0,0.6,0.5,0.9
1974,2,122.0,-36.0,18.0,19.0,19.41,18.82,13.0,0.74,12.0,0.4,0.5,0.5,16.25,17.8,18.81,17.93,16.0,1.63,14.0,0.4,0.5,0.5,7.64,9.98,11.98,10.05,14.0,2.34,14.0,0.4,0.5,0.6,67.3,83.3,90.8,79.5,14.0,12.9,14.0,0.4,0.6,4.29,7.45,12.3,8.68,16.0,4.78,14.0,0.4,0.5,0.5,-6.73,-4.12,0.87,-2.53,16.0,6.58,14.0,0.4,0.5,0.5,-2.34,2.45,9.73,2.6,16.0,6.77,14.0,0.4,0.5,0.5,1013.9,1019.7,1022.9,1018.31,16.0,5.47,14.0,0.4,0.5,0.5,2.0,4.5,8.0,4.9,16.0,2.7,14.0,0.4,0.5,0.5,-51.2,-38.1,3.6,-8.5,16.0,103.0,14.0,0.4,0.5,0.5,-23.0,9.8,109.1,34.4,16.0,100.9,14.0,0.4,0.5,0.5,0.45,1.5,2.23,1.42,13.0,1.04,12.0,0.4,0.5,0.5,2.8,14.4,16.4,12.6,13.0,10.7,12.0,0.4,0.5,0.5,2.11,3.86,5.43,3.68,13.0,1.85,12.0,0.4,0.5,0.5,12.5,20.0,61.6,34.9,13.0,30.8,12.0,0.4,0.5,0.5,-127.6,-75.8,15.6,-49.7,16.0,113.1,14.0,0.4,0.5,0.5,-47.3,41.0,157.0,41.3,16.0,119.1,14.0,0.4,0.5,0.5,-78.4,-51.4,0.0,-32.6,14.0,61.2,14.0,0.4,0.5,0.6,-33.5,24.5,72.7,16.6,14.0,75.7,14.0,0.4,0.5,0.6,-25.8,-9.6,3.7,-3.7,13.0,33.3,12.0,0.4,0.5,0.5,-2.9,12.4,48.4,19.7,13.0,26.9,12.0,0.4,0.5,0.5,79.5,415.0,1861.0,1316.0,16.0,2321.0,14.0,0.4,0.5,0.5,80.0,415.0,1860.0,1315.0,16.0,2320.0,14.0,0.4,0.5,0.5
1974,2,122.0,-35.0,19.16,19.5,19.84,19.5,2.0,0.71,26.0,0.5,0.6,0.3,19.16,19.5,19.84,19.5,2.0,0.71,26.0,0.5,0.6,0.3,12.82,13.01,13.19,13.01,2.0,0.39,26.0,0.5,0.6,0.3,91.4,92.2,93.0,92.2,2.0,1.6,26.0,0.5,0.3,3.82,6.45,9.08,6.45,2.0,5.44,26.0,0.5,0.6,0.3,-6.9,-4.78,-2.66,-4.78,2.0,4.4,26.0,0.5,0.6,0.3,-5.89,-4.31,-2.73,-4.31,2.0,3.27,26.0,0.5,0.6,0.3,1010.13,1011.7,1013.27,1011.7,2.0,3.25,26.0,0.5,0.6,0.3,8.0,8.0,8.0,8.0,2.0,0.0,26.0,0.5,0.6,0.3,-69.1,-42.8,-16.6,-42.8,2.0,54.4,26.0,0.5,0.6,0.3,-58.2,-36.7,-15.2,-36.7,2.0,44.6,26.0,0.5,0.6,0.3,0.0,0.0,0.0,0.0,2.0,0.0,26.0,0.5,0.6,0.3,0.0,0.0,0.0,0.0,2.0,0.0,26.0,0.5,0.6,0.3,0.98,1.12,1.25,1.12,2.0,0.28,26.0,0.5,0.6,0.3,4.2,8.0,11.8,8.0,2.0,7.9,26.0,0.5,0.6,0.3,-137.8,-94.8,-51.8,-94.8,2.0,89.1,26.0,0.5,0.6,0.3,-117.4,-85.1,-52.9,-85.1,2.0,66.9,26.0,0.5,0.6,0.3,-91.5,-63.0,-34.5,-63.0,2.0,59.1,26.0,0.5,0.6,0.3,-78.0,-56.6,-35.3,-56.6,2.0,44.3,26.0,0.5,0.6,0.3,-9.0,-5.9,-2.9,-5.9,2.0,6.2,26.0,0.5,0.6,0.3,-7.6,-5.3,-2.9,-5.3,2.0,4.9,26.0,0.5,0.6,0.3,188.0,555.0,922.0,555.0,2.0,760.0,26.0,0.5,0.6,0.3,190.0,555.0,920.0,555.0,2.0,760.0,26.0,0.5,0.6,0.3
1974,2,122.0,-19.0,30.0,30.0,30.0,30.0,1.0,0.0,28.0,0.0,0.1,1.0,26.5,26.5,26.5,26.5,1.0,0.0,28.0,0.0,0.1,1.0,19.4,19.4,19.4,19.4,1.0,0.0,28.0,0.0,0.1,1.0,88.8,88.8,88.8,88.8,1.0,0.0,28.0,0.0,1.0,5.1,5.1,5.1,5.1,1.0,0.0,28.0,0.0,0.1,1.0,4.42,4.42,4.42,4.42,1.0,0.0,28.0,0.0,0.1,1.0,-2.55,-2.55,-2.55,-2.55,1.0,0.0,28.0,0.0,0.1,1.0,1001.8,1001.8,1001.8,1001.8,1.0,0.0,28.0,0.0,0.1,1.0,3.0,3.0,3.0,3.0,1.0,0.0,28.0,0.0,0.1,1.0,22.5,22.5,22.5,22.5,1.0,0.0,28.0,0.0,0.1,1.0,-13.0,-13.0,-13.0,-13.0,1.0,0.0,28.0,0.0,0.1,1.0,3.5,3.5,3.5,3.5,1.0,0.0,28.0,0.0,0.1,1.0,17.9,17.9,17.9,17.9,1.0,0.0,28.0,0.0,0.1,1.0,7.52,7.52,7.52,7.52,1.0,0.0,28.0,0.0,0.1,1.0,38.3,38.3,38.3,38.3,1.0,0.0,28.0,0.0,0.1,1.0,117.0,117.0,117.0,117.0,1.0,0.0,28.0,0.0,0.1,1.0,-67.6,-67.6,-67.6,-67.6,1.0,0.0,28.0,0.0,0.1,1.0,85.7,85.7,85.7,85.7,1.0,0.0,28.0,0.0,0.1,1.0,-49.5,-49.5,-49.5,-49.5,1.0,0.0,28.0,0.0,0.1,1.0,33.2,33.2,33.2,33.2,1.0,0.0,28.0,0.0,0.1,1.0,-19.2,-19.2,-19.2,-19.2,1.0,0.0,28.0,0.0,0.1,1.0,132.5,132.5,132.5,132.5,1.0,0.0,28.0,0.0,0.1,1.0,135.0,135.0,135.0,135.0,1.0,0.0,28.0,0.0,0.1,1.0
1974,2,122.0,-18.0,28.15,28.9,29.65,28.9,2.0,1.56,16.0,0.0,0.0,0.7,27.32,28.0,28.68,28.0,2.0,1.41,16.0,0.0,0.0,0.7,20.91,21.43,21.95,21.43,2.0,1.08,16.0,0.0,0.0,0.7,84.5,90.1,95.7,90.1,2.0,11.6,16.0,0.0,0.7,4.93,5.65,6.37,5.65,2.0,1.48,16.0,0.0,0.0,0.7,-1.24,1.02,3.27,1.02,2.0,4.68,16.0,0.0,0.0,0.7,-5.05,-2.36,0.32,-2.36,2.0,5.56,16.0,0.0,0.0,0.7,1000.91,1002.65,1004.39,1002.65,2.0,3.61,16.0,0.0,0.0,0.7,5.3,6.0,6.7,6.0,2.0,1.4,16.0,0.0,0.0,0.7,-9.8,2.3,14.3,2.3,2.0,24.9,16.0,0.0,0.0,0.7,-34.3,-17.5,-0.6,-17.5,2.0,34.9,16.0,0.0,0.0,0.7,-0.53,0.9,2.33,0.9,2.0,2.97,16.0,0.0,0.0,0.7,-1.5,7.3,16.0,7.3,2.0,18.1,16.0,0.0,0.0,0.7,3.2,3.84,4.48,3.84,2.0,1.33,16.0,0.0,0.0,0.7,16.3,22.7,29.1,22.7,2.0,13.2,16.0,0.0,0.0,0.7,-32.2,31.7,95.6,31.7,2.0,132.4,16.0,0.0,0.0,0.7,-135.8,-62.2,11.4,-62.2,2.0,152.5,16.0,0.0,0.0,0.7,-28.6,19.2,67.1,19.2,2.0,99.1,16.0,0.0,0.0,0.7,-112.4,-53.6,5.2,-53.6,2.0,121.8,16.0,0.0,0.0,0.7,-7.2,0.8,8.8,0.8,2.0,16.6,16.0,0.0,0.0,0.7,-24.6,-12.8,-0.9,-12.8,2.0,24.5,16.0,0.0,0.0,0.7,129.5,199.0,268.5,199.0,2.0,144.0,16.0,0.0,0.0,0.7,130.0,200.0,270.0,200.0,2.0,145.0,16.0,0.0,0.0,0.7
1974,2,122.0,-17.0,27.8,27.8,27.8,27.8,1.0,0.0,10.0,1.0,0.7,0.5,26.0,26.0,26.0,26.0,1.0,0.0,10.0,1.0,0.7,0.5,18.16,18.16,18.16,18.16,1.0,0.0,10.0,1.0,0.7,0.5,86.1,86.1,86.1,86.1,1.0,0.0,10.0,1.0,0.5,4.1,4.1,4.1,4.1,1.0,0.0,10.0,1.0,0.7,0.5,2.05,2.05,2.05,2.05,1.0,0.0,10.0,1.0,0.7,0.5,3.55,3.55,3.55,3.55,1.0,0.0,10.0,1.0,0.7,0.5,1007.0,1007.0,1007.0,1007.0,1.0,0.0,10.0,1.0,0.7,0.5,8.0,8.0,8.0,8.0,1.0,0.0,10.0,1.0,0.7,0.5,8.4,8.4,8.4,8.4,1.0,0.0,10.0,1.0,0.7,0.5,14.6,14.6,14.6,14.6,1.0,0.0,10.0,1.0,0.7,0.5,1.8,1.8,1.8,1.8,1.0,0.0,10.0,1.0,0.7,0.5,7.4,7.4,7.4,7.4,1.0,0.0,10.0,1.0,0.7,0.5,5.36,5.36,5.36,5.36,1.0,0.0,10.0,1.0,0.7,0.5,22.0,22.0,22.0,22.0,1.0,0.0,10.0,1.0,0.7,0.5,53.3,53.3,53.3,53.3,1.0,0.0,10.0,1.0,0.7,0.5,92.3,92.3,92.3,92.3,1.0,0.0,10.0,1.0,0.7,0.5,37.2,37.2,37.2,37.2,1.0,0.0,10.0,1.0,0.7,0.5,64.5,64.5,64.5,64.5,1.0,0.0,10.0,1.0,0.7,0.5,11.0,11.0,11.0,11.0,1.0,0.0,10.0,1.0,0.7,0.5,19.0,19.0,19.0,19.0,1.0,0.0,10.0,1.0,0.7,0.5,69.0,69.0,69.0,69.0,1.0,0.0,10.0,1.0,0.7,0.5,70.0,70.0,70.0,70.0,1.0,0.0,10.0,1.0,0.7,0.5
1974,2,122.0,-12.0,27.13,28.0,30.12,28.3,6.0,1.78,16.0,0.2,0.3,0.5,26.5,27.35,27.6,27.2,6.0,0.59,14.0,0.3,0.2,0.6,18.55,19.81,20.98,19.81,6.0,1.24,14.0,0.3,0.2,0.6,79.5,88.9,93.3,87.4,6.0,7.4,14.0,0.3,0.6,4.55,6.2,7.78,6.19,7.0,1.89,16.0,0.3,0.3,0.5,2.24,5.83,7.77,5.22,7.0,2.9,16.0,0.3,0.3,0.5,-1.67,2.12,2.84,1.01,7.0,2.61,16.0,0.3,0.3,0.5,1004.97,1005.6,1006.83,1005.76,7.0,1.11,16.0,0.3,0.3,0.5,4.0,5.0,7.0,5.6,7.0,1.5,16.0,0.3,0.3,0.5,8.1,36.1,60.5,36.7,7.0,28.4,16.0,0.3,0.3,0.5,-15.1,9.9,13.5,3.7,7.0,14.6,16.0,0.3,0.3,0.5,-0.78,1.5,2.08,0.78,5.0,2.02,14.0,0.2,0.2,0.6,-5.0,6.9,16.0,6.1,5.0,15.6,14.0,0.2,0.2,0.6,2.64,3.67,5.4,3.99,5.0,1.66,14.0,0.2,0.2,0.6,13.4,17.4,34.9,24.9,5.0,19.4,14.0,0.2,0.2,0.6,54.7,147.0,218.8,140.1,6.0,87.2,14.0,0.3,0.2,0.6,-50.8,29.7,84.7,22.5,6.0,75.2,14.0,0.3,0.2,0.6,37.0,104.0,159.5,102.2,6.0,66.4,14.0,0.3,0.2,0.6,-39.3,19.7,59.6,15.4,6.0,56.8,14.0,0.3,0.2,0.6,8.0,12.5,32.8,20.5,5.0,21.9,14.0,0.2,0.2,0.6,-10.3,4.5,13.3,2.1,5.0,11.9,14.0,0.2,0.2,0.6,95.0,238.5,473.0,295.0,7.0,259.5,16.0,0.3,0.3,0.5,95.0,240.0,475.0,295.0,7.0,260.0,16.0,0.3,0.3,0.5
1974,2,122.0,-11.0,26.84,28.0,29.44,28.14,8.0,1.37,16.0,0.5,0.6,0.6,26.9,27.7,28.46,27.79,13.0,1.75,16.0,0.5,0.6,0.5,18.31,18.79,20.78,19.28,10.0,1.14,18.0,0.5,0.6,0.6,75.1,83.0,90.7,82.3,10.0,8.3,18.0,0.5,0.6,4.54,6.2,7.4,6.28,13.0,1.99,16.0,0.5,0.6,0.5,3.68,5.13,7.35,5.48,13.0,2.27,16.0,0.5,0.6,0.5,-2.54,1.37,3.3,0.76,13.0,2.89,16.0,0.5,0.6,0.5,1003.98,1006.1,1008.02,1006.26,13.0,1.89,16.0,0.5,0.6,0.5,6.0,7.0,8.0,6.5,12.0,1.9,16.0,0.5,0.6,0.6,14.9,34.4,54.7,38.4,13.0,28.0,16.0,0.5,0.6,0.5,-17.8,5.5,17.9,3.6,13.0,19.2,16.0,0.5,0.6,0.5,-1.79,0.75,2.33,0.0,8.0,2.5,16.0,0.5,0.6,0.6,-9.1,3.6,10.4,-0.5,8.0,14.2,16.0,0.5,0.6,0.6,2.74,4.92,6.48,4.65,8.0,2.28,16.0,0.5,0.6,0.6,14.3,21.8,38.5,25.3,8.0,13.7,16.0,0.5,0.6,0.6,100.0,139.1,205.1,152.1,13.0,61.2,16.0,0.5,0.6,0.5,-71.3,36.9,91.3,21.8,13.0,80.2,16.0,0.5,0.6,0.5,62.5,100.1,149.6,105.2,10.0,46.1,18.0,0.5,0.6,0.6,-58.1,30.4,61.4,6.3,10.0,59.8,18.0,0.5,0.6,0.6,12.0,17.9,25.2,20.3,8.0,11.9,16.0,0.5,0.6,0.6,-15.1,4.2,16.0,3.3,8.0,17.1,16.0,0.5,0.6,0.6,94.0,238.5,414.5,320.0,13.0,308.5,16.0,0.5,0.6,0.5,95.0,240.0,415.0,320.0,13.0,310.0,16.0,0.5,0.6,0.5
1974,2,122.0,-9.0,27.2,27.2,27.2,27.2,1.0,0.0,12.0,1.0,0.7,1.0,29.5,29.5,29.5,29.5,1.0,0.0,12.0,1.0,0.7,1.0,21.12,21.12,21.12,21.12,1.0,0.0,12.0,1.0,0.7,1.0,81.5,81.5,81.5,81.5,1.0,0.0,12.0,1.0,1.0,4.85,5.4,5.95,5.4,2.0,1.13,16.0,0.5,0.5,1.0,4.78,5.32,5.86,5.32,2.0,1.11,16.0,0.5,0.5,1.0,-1.03,-0.94,-0.84,-0.94,2.0,0.2,16.0,0.5,0.5,1.0,1007.05,1007.15,1007.25,1007.15,2.0,0.21,16.0,0.5,0.5,1.0,6.0,6.0,6.0,6.0,2.0,0.0,16.0,0.5,0.5,1.0,23.5,29.3,35.2,29.3,2.0,12.0,16.0,0.5,0.5,1.0,-6.2,-5.2,-4.2,-5.2,2.0,2.1,16.0,0.5,0.5,1.0,-2.3,-2.3,-2.3,-2.3,1.0,0.0,12.0,1.0,0.7,1.0,-10.6,-10.6,-10.6,-10.6,1.0,0.0,12.0,1.0,0.7,1.0,1.57,1.57,1.57,1.57,1.0,0.0,12.0,1.0,0.7,1.0,7.2,7.2,7.2,7.2,1.0,0.0,12.0,1.0,0.7,1.0,133.6,133.6,133.6,133.6,1.0,0.0,12.0,1.0,0.7,1.0,-23.6,-23.6,-23.6,-23.6,1.0,0.0,12.0,1.0,0.7,1.0,95.7,95.7,95.7,95.7,1.0,0.0,12.0,1.0,0.7,1.0,-16.9,-16.9,-16.9,-16.9,1.0,0.0,12.0,1.0,0.7,1.0,7.1,7.1,7.1,7.1,1.0,0.0,12.0,1.0,0.7,1.0,-1.3,-1.3,-1.3,-1.3,1.0,0.0,12.0,1.0,0.7,1.0,119.5,168.0,216.0,168.0,2.0,99.5,16.0,0.5,0.5,1.0,120.0,170.0,215.0,170.0,2.0,100.0,16.0,0.5,0.5,1.0
1974,2,122.0,-8.0,26.9,27.1,27.3,27.1,2.0,0.42,10.0,0.5,0.4,0.3,26.19,26.6,27.01,26.6,2.0,0.85,10.0,0.5,0.4,0.3,17.22,17.96,18.7,17.96,2.0,1.53,10.0,0.5,0.4,0.3,80.7,82.1,83.5,82.1,2.0,2.9,10.0,0.5,0.3,3.33,4.9,6.47,4.9,2.0,3.25,10.0,0.5,0.4,0.3,3.05,4.34,5.63,4.34,2.0,2.68,10.0,0.5,0.4,0.3,-2.89,-1.36,0.18,-1.36,2.0,3.17,10.0,0.5,0.4,0.3,1007.11,1007.55,1007.99,1007.55,2.0,0.92,10.0,0.5,0.4,0.3,6.3,7.0,7.7,7.0,2.0,1.4,10.0,0.5,0.4,0.3,12.5,25.6,38.8,25.6,2.0,27.3,10.0,0.5,0.4,0.3,-21.4,-11.8,-2.2,-11.8,2.0,20.0,10.0,0.5,0.4,0.3,0.3,0.5,0.7,0.5,2.0,0.42,10.0,0.5,0.4,0.3,1.5,1.8,2.0,1.8,2.0,0.5,10.0,0.5,0.4,0.3,4.12,4.6,5.07,4.6,2.0,0.98,10.0,0.5,0.4,0.3,16.0,20.9,25.8,20.9,2.0,10.1,10.0,0.5,0.4,0.3,80.4,116.6,152.8,116.6,2.0,75.0,10.0,0.5,0.4,0.3,-78.7,-37.4,3.9,-37.4,2.0,85.6,10.0,0.5,0.4,0.3,53.5,80.0,106.5,80.0,2.0,54.8,10.0,0.5,0.4,0.3,-55.3,-26.8,1.7,-26.8,2.0,59.1,10.0,0.5,0.4,0.3,14.7,18.6,22.5,18.6,2.0,8.1,10.0,0.5,0.4,0.3,-11.1,-4.7,1.7,-4.7,2.0,13.3,10.0,0.5,0.4,0.3,74.0,195.5,317.0,195.5,2.0,251.5,10.0,0.5,0.4,0.3,75.0,195.0,315.0,195.0,2.0,250.0,10.0,0.5,0.4,0.3
1974,2,122.0,-2.0,,,,,,,,,,,,,,,,,,,,,,,,,,,,,,,,,,,,,,,,6.7,6.7,6.7,6.7,1.0,0.0,8.0,1.0,0.6,0.3,1.16,1.16,1.16,1.16,1.0,0.0,8.0,1.0,0.6,0.3,-6.6,-6.6,-6.6,-6.6,1.0,0.0,8.0,1.0,0.6,0.3,1005.4,1005.4,1005.4,1005.4,1.0,0.0,8.0,1.0,0.6,0.3,,,,,,,,,,,,,,,,,,,,,,,,,,,,,,,,,,,,,,,,,,,,,,,,,,,,,,,,,,,,,,,,,,,,,,,,,,,,,,,,,,,,,,,,,,,,,,,,,,,,,,,,,,,,,,,,,,,,,,,,,,,,,,,,,,,,,,,,,,,,,,,,,,,,,,
1974,2,122.0,2.0,27.9,27.9,27.9,27.9,1.0,0.0,12.0,0.0,0.6,0.8,26.49,27.1,27.71,27.1,2.0,1.27,12.0,0.5,0.4,0.6,19.98,19.98,19.98,19.98,1.0,0.0,12.0,0.0,0.6,0.8,93.7,93.7,93.7,93.7,1.0,0.0,12.0,0.0,0.8,4.1,4.1,4.1,4.1,1.0,0.0,14.0,1.0,0.1,0.4,-1.4,-1.4,-1.4,-1.4,1.0,0.0,14.0,1.0,0.1,0.4,-3.85,-3.85,-3.85,-3.85,1.0,0.0,14.0,1.0,0.1,0.4,1008.9,1008.9,1008.9,1008.9,1.0,0.0,12.0,0.0,0.6,0.8,6.0,6.0,6.0,6.0,1.0,0.0,14.0,1.0,0.1,0.4,-5.7,-5.7,-5.7,-5.7,1.0,0.0,14.0,1.0,0.1,0.4,-15.8,-15.8,-15.8,-15.8,1.0,0.0,14.0,1.0,0.1,0.4,,,,,,,,,,,,,,,,,,,,,,,,,,,,,,,,,,,,,,,,,,,,,,,,,,,,,,,,,,,,,,,,,,,,,,,,,,,,,,,,,,,,,,,,,,,,,,,,,,,,,,,,,,,,,,,,,,,,,,,,
1974,2,122.0,3.0,28.8,28.8,28.8,28.8,1.0,0.0,16.0,0.0,0.9,0.2,26.3,26.3,26.3,26.3,1.0,0.0,16.0,0.0,0.9,0.2,19.02,19.02,19.02,19.02,1.0,0.0,16.0,0.0,0.9,0.2,88.8,88.8,88.8,88.8,1.0,0.0,16.0,0.0,0.2,4.1,4.1,4.1,4.1,1.0,0.0,16.0,0.0,0.9,0.2,3.85,3.85,3.85,3.85,1.0,0.0,16.0,0.0,0.9,0.2,1.4,1.4,1.4,1.4,1.0,0.0,16.0,0.0,0.9,0.2,1009.5,1009.5,1009.5,1009.5,1.0,0.0,16.0,0.0,0.9,0.2,6.0,6.0,6.0,6.0,1.0,0.0,16.0,0.0,0.9,0.2,15.8,15.8,15.8,15.8,1.0,0.0,16.0,0.0,0.9,0.2,5.7,5.7,5.7,5.7,1.0,0.0,16.0,0.0,0.9,0.2,2.5,2.5,2.5,2.5,1.0,0.0,16.0,0.0,0.9,0.2,10.3,10.3,10.3,10.3,1.0,0.0,16.0,0.0,0.9,0.2,5.87,5.87,5.87,5.87,1.0,0.0,16.0,0.0,0.9,0.2,24.1,24.1,24.1,24.1,1.0,0.0,16.0,0.0,0.9,0.2,101.3,101.3,101.3,101.3,1.0,0.0,16.0,0.0,0.9,0.2,36.9,36.9,36.9,36.9,1.0,0.0,16.0,0.0,0.9,0.2,73.3,73.3,73.3,73.3,1.0,0.0,16.0,0.0,0.9,0.2,26.7,26.7,26.7,26.7,1.0,0.0,16.0,0.0,0.9,0.2,22.6,22.6,22.6,22.6,1.0,0.0,16.0,0.0,0.9,0.2,8.2,8.2,8.2,8.2,1.0,0.0,16.0,0.0,0.9,0.2,69.0,69.0,69.0,69.0,1.0,0.0,16.0,0.0,0.9,0.2,70.0,70.0,70.0,70.0,1.0,0.0,16.0,0.0,0.9,0.2
1974,2,122.0,6.0,27.85,27.95,28.1,27.98,4.0,0.17,14.0,0.5,0.5,0.4,27.01,27.7,28.27,27.62,5.0,0.76,12.0,0.4,0.4,0.3,18.11,18.39,19.3,18.69,5.0,1.02,12.0,0.4,0.4,0.3,76.3,81.1,84.1,80.6,5.0,4.7,12.0,0.4,0.3,2.6,4.6,6.41,4.5,5.0,3.1,12.0,0.4,0.4,0.3,-2.92,-1.51,-0.51,-1.68,5.0,1.4,12.0,0.4,0.4,0.3,-6.0,-4.42,-1.3,-3.91,5.0,3.2,12.0,0.4,0.4,0.3,1006.9,1006.9,1007.88,1007.38,5.0,0.87,12.0,0.4,0.4,0.3,6.0,7.0,7.4,6.8,5.0,0.8,12.0,0.4,0.4,0.3,-13.7,-13.0,-2.3,-8.9,5.0,6.6,12.0,0.4,0.4,0.3,-41.5,-20.8,-5.3,-25.3,5.0,29.1,12.0,0.4,0.4,0.3,-0.17,0.45,1.18,0.5,4.0,0.95,14.0,0.5,0.5,0.4,1.2,2.8,5.1,3.2,4.0,2.9,14.0,0.5,0.5,0.4,4.14,5.04,5.84,4.99,4.0,1.25,14.0,0.5,0.5,0.4,12.0,25.8,28.2,20.4,4.0,13.7,14.0,0.5,0.5,0.4,-78.6,-41.8,-14.3,-45.6,5.0,37.3,12.0,0.4,0.4,0.3,-167.8,-120.6,-34.5,-108.0,5.0,89.2,12.0,0.4,0.4,0.3,-53.1,-30.8,-9.3,-31.1,5.0,25.0,12.0,0.4,0.4,0.3,-116.6,-82.5,-22.9,-75.3,5.0,65.5,12.0,0.4,0.4,0.3,-18.0,-8.9,-2.5,-10.2,4.0,10.0,14.0,0.5,0.5,0.4,-25.7,-17.5,-6.3,-16.1,4.0,12.6,14.0,0.5,0.5,0.4,44.0,97.5,324.5,191.5,5.0,265.5,12.0,0.4,0.4,0.3,45.0,95.0,325.0,190.0,5.0,265.0,12.0,0.4,0.4,0.3
1974,2,122.0,8.0,27.02,27.7,27.9,27.47,3.0,0.68,18.0,0.7,0.8,0.9,26.82,27.5,29.21,28.0,3.0,1.8,18.0,0.7,0.8,0.9,17.41,18.5,19.9,18.65,3.0,1.83,18.0,0.7,0.8,0.9,77.6,78.2,79.6,78.6,3.0,1.5,18.0,0.7,0.9,0.0,0.25,4.53,2.18,4.0,4.02,20.0,0.8,0.6,0.9,-4.3,0.0,0.25,-1.93,4.0,4.18,20.0,0.8,0.6,0.9,-0.09,0.0,0.0,-0.04,4.0,0.09,20.0,0.8,0.6,0.9,1008.43,1010.4,1011.17,1009.83,4.0,1.98,20.0,0.8,0.6,0.9,3.3,4.0,5.4,4.3,3.0,1.5,24.0,1.0,0.5,0.9,-35.2,0.0,0.1,-16.8,4.0,33.7,20.0,0.8,0.6,0.9,0.0,0.0,0.0,0.0,4.0,0.0,20.0,0.8,0.6,0.9,-2.19,0.2,1.09,-0.53,3.0,2.48,18.0,0.7,0.8,0.9,-18.5,0.0,0.1,-9.0,3.0,15.7,18.0,0.7,0.8,0.9,2.51,4.89,6.19,4.36,3.0,2.74,18.0,0.7,0.8,0.9,0.8,2.4,8.6,4.6,3.0,6.1,18.0,0.7,0.8,0.9,-167.9,0.0,8.8,-77.7,3.0,145.9,18.0,0.7,0.8,0.9,-3.2,0.0,0.0,-1.6,3.0,2.7,18.0,0.7,0.8,0.9,-115.0,0.0,5.9,-53.3,3.0,99.9,18.0,0.7,0.8,0.9,-2.2,0.0,0.0,-1.1,3.0,1.8,18.0,0.7,0.8,0.9,-7.8,0.0,1.6,-3.1,3.0,7.4,18.0,0.7,0.8,0.9,-0.6,0.0,0.0,-0.3,3.0,0.5,18.0,0.7,0.8,0.9,0.0,0.0,289.0,138.0,4.0,275.5,20.0,0.8,0.6,0.9,0.0,0.0,290.0,140.0,4.0,275.0,20.0,0.8,0.6,0.9
1974,2,122.0,9.0,25.84,26.4,26.7,26.28,4.0,0.53,20.0,0.0,0.4,0.1,27.3,27.55,27.85,27.58,4.0,0.32,20.0,0.0,0.4,0.1,17.23,17.61,19.17,18.18,3.0,1.51,16.0,0.0,0.4,0.1,74.3,77.4,82.1,78.2,3.0,5.7,16.0,0.0,0.1,2.6,4.15,6.22,4.4,4.0,2.12,20.0,0.0,0.4,0.1,-4.43,-1.0,1.84,-1.28,4.0,3.65,20.0,0.0,0.4,0.1,-3.2,-0.16,3.08,-0.07,4.0,3.85,20.0,0.0,0.4,0.1,1007.1,1007.8,1008.81,1007.95,4.0,1.01,20.0,0.0,0.4,0.1,2.0,3.0,4.0,3.0,4.0,1.2,20.0,0.0,0.4,0.1,-28.0,-8.3,4.8,-11.4,4.0,19.5,20.0,0.0,0.4,0.1,-17.6,-0.4,15.1,-1.2,4.0,22.3,20.0,0.0,0.4,0.1,-1.46,-1.2,-1.15,-1.3,4.0,0.27,20.0,0.0,0.4,0.1,-9.2,-5.0,-3.0,-6.1,4.0,4.0,20.0,0.0,0.4,0.1,2.42,3.01,4.33,3.36,3.0,1.43,16.0,0.0,0.4,0.1,7.9,12.8,17.9,12.9,3.0,7.3,16.0,0.0,0.4,0.1,-121.0,-26.7,51.2,-34.5,4.0,100.2,20.0,0.0,0.4,0.1,-88.1,-4.6,84.6,-1.9,4.0,105.3,20.0,0.0,0.4,0.1,-51.2,33.2,33.7,-7.7,3.0,71.6,16.0,0.0,0.4,0.1,-64.4,-39.6,6.9,-29.0,3.0,53.0,16.0,0.0,0.4,0.1,-9.4,3.6,7.9,-0.7,3.0,13.2,16.0,0.0,0.4,0.1,-10.2,-4.3,4.3,-3.0,3.0,10.7,16.0,0.0,0.4,0.1,17.5,101.5,245.5,130.5,4.0,138.5,20.0,0.0,0.4,0.1,20.0,100.0,245.0,130.0,4.0,140.0,20.0,0.0,0.4,0.1
1974,2,122.0,10.0,,,,,,,,,,,,,,,,,,,,,,,,,,,,,,,,,,,,,,,,4.1,4.1,4.1,4.1,1.0,0.0,26.0,1.0,0.4,0.6,-2.64,-2.64,-2.64,-2.64,1.0,0.0,26.0,1.0,0.4,0.6,-3.14,-3.14,-3.14,-3.14,1.0,0.0,26.0,1.0,0.4,0.6,1007.8,1007.8,1007.8,1007.8,1.0,0.0,26.0,1.0,0.4,0.6,,,,,,,,,,,,,,,,,,,,,,,,,,,,,,,,,,,,,,,,,,,,,,,,,,,,,,,,,,,,,,,,,,,,,,,,,,,,,,,,,,,,,,,,,,,,,,,,,,,,,,,,,,,,,,,,,,,,,,,,,,,,,,,,,,,,,,,,,,,,,,,,,,,,,,
1974,2,122.0,11.0,,,,,,,,,,,,,,,,,,,,,,,,,,,,,,,,,,,,,,,,8.2,8.2,8.2,8.2,1.0,0.0,18.0,1.0,0.2,0.1,-2.8,-2.8,-2.8,-2.8,1.0,0.0,18.0,1.0,0.2,0.1,-7.71,-7.71,-7.71,-7.71,1.0,0.0,18.0,1.0,0.2,0.1,1011.9,1011.9,1011.9,1011.9,1.0,0.0,18.0,1.0,0.2,0.1,,,,,,,,,,,,,,,,,,,,,,,,,,,,,,,,,,,,,,,,,,,,,,,,,,,,,,,,,,,,,,,,,,,,,,,,,,,,,,,,,,,,,,,,,,,,,,,,,,,,,,,,,,,,,,,,,,,,,,,,,,,,,,,,,,,,,,,,,,,,,,,,,,,,,,
1974,2,122.0,12.0,23.65,24.4,28.22,25.9,3.0,3.59,20.0,1.0,0.5,0.7,25.48,27.8,28.14,26.83,3.0,2.12,20.0,1.0,0.5,0.7,14.72,15.04,15.37,15.04,2.0,0.67,16.0,1.0,0.6,0.8,68.1,71.5,74.9,71.5,2.0,7.0,16.0,1.0,0.8,4.74,7.2,7.2,6.0,3.0,2.08,20.0,1.0,0.5,0.7,-5.73,-4.63,-0.63,-3.21,3.0,3.93,20.0,1.0,0.5,0.7,-4.91,-3.6,-3.45,-4.17,3.0,1.17,20.0,1.0,0.5,0.7,1010.23,1010.3,1010.91,1010.57,3.0,0.55,20.0,1.0,0.5,0.7,3.3,4.0,5.4,4.3,3.0,1.5,20.0,1.0,0.5,0.7,-41.2,-33.3,-7.6,-24.6,3.0,25.8,20.0,1.0,0.5,0.7,-35.3,-25.9,-16.5,-25.9,3.0,13.8,20.0,1.0,0.5,0.7,-2.67,-1.1,0.81,-0.93,3.0,2.55,20.0,1.0,0.5,0.7,-10.9,-7.9,5.8,-2.6,3.0,13.1,20.0,1.0,0.5,0.7,3.35,3.45,3.55,3.45,2.0,0.22,16.0,1.0,0.6,0.8,14.7,18.4,22.0,18.4,2.0,7.6,16.0,1.0,0.6,0.8,-156.3,-112.9,-12.5,-85.1,3.0,108.1,20.0,1.0,0.5,0.7,-124.2,-101.9,-96.5,-110.2,3.0,21.5,20.0,1.0,0.5,0.7,-53.7,-24.2,5.4,-24.2,2.0,61.2,16.0,1.0,0.6,0.8,-75.9,-66.4,-56.9,-66.4,2.0,19.7,16.0,1.0,0.6,0.8,-12.1,-5.4,1.3,-5.4,2.0,13.9,16.0,1.0,0.6,0.8,-17.2,-15.2,-13.1,-15.2,2.0,4.2,16.0,1.0,0.6,0.8,150.5,373.0,373.0,264.5,3.0,188.5,20.0,1.0,0.5,0.7,150.0,375.0,375.0,265.0,3.0,190.0,20.0,1.0,0.5,0.7
1974,2,122.0,13.0,26.7,26.7,26.7,26.7,1.0,0.0,10.0,1.0,0.1,0.1,26.2,26.2,26.2,26.2,1.0,0.0,10.0,1.0,0.1,0.1,15.97,15.97,15.97,15.97,1.0,0.0,10.0,1.0,0.1,0.1,75.4,75.4,75.4,75.4,1.0,0.0,10.0,1.0,0.1,8.2,8.2,8.2,8.2,1.0,0.0,10.0,1.0,0.1,0.1,-4.1,-4.1,-4.1,-4.1,1.0,0.0,10.0,1.0,0.1,0.1,-7.1,-7.1,-7.1,-7.1,1.0,0.0,10.0,1.0,0.1,0.1,1012.5,1012.5,1012.5,1012.5,1.0,0.0,10.0,1.0,0.1,0.1,7.0,7.0,7.0,7.0,1.0,0.0,10.0,1.0,0.1,0.1,-33.6,-33.6,-33.6,-33.6,1.0,0.0,10.0,1.0,0.1,0.1,-58.2,-58.2,-58.2,-58.2,1.0,0.0,10.0,1.0,0.1,0.1,0.5,0.5,0.5,0.5,1.0,0.0,10.0,1.0,0.1,0.1,4.1,4.1,4.1,4.1,1.0,0.0,10.0,1.0,0.1,0.1,5.94,5.94,5.94,5.94,1.0,0.0,10.0,1.0,0.1,0.1,48.7,48.7,48.7,48.7,1.0,0.0,10.0,1.0,0.1,0.1,-107.4,-107.4,-107.4,-107.4,1.0,0.0,10.0,1.0,0.1,0.1,-186.1,-186.1,-186.1,-186.1,1.0,0.0,10.0,1.0,0.1,0.1,-65.5,-65.5,-65.5,-65.5,1.0,0.0,10.0,1.0,0.1,0.1,-113.4,-113.4,-113.4,-113.4,1.0,0.0,10.0,1.0,0.1,0.1,-24.4,-24.4,-24.4,-24.4,1.0,0.0,10.0,1.0,0.1,0.1,-42.2,-42.2,-42.2,-42.2,1.0,0.0,10.0,1.0,0.1,0.1,551.5,551.5,551.5,551.5,1.0,0.0,10.0,1.0,0.1,0.1,550.0,550.0,550.0,550.0,1.0,0.0,10.0,1.0,0.1,0.1
1974,2,122.0,15.0,,,,,,,,,,,,,,,,,,,,,,,,,,,,,,,,,,,,,,,,15.4,15.4,15.4,15.4,1.0,0.0,28.0,1.0,0.3,0.8,-13.34,-13.34,-13.34,-13.34,1.0,0.0,28.0,1.0,0.3,0.8,-7.7,-7.7,-7.7,-7.7,1.0,0.0,28.0,1.0,0.3,0.8,1014.7,1014.7,1014.7,1014.7,1.0,0.0,28.0,1.0,0.3,0.8,8.0,8.0,8.0,8.0,1.0,0.0,28.0,1.0,0.3,0.8,-205.4,-205.4,-205.4,-205.4,1.0,0.0,28.0,1.0,0.3,0.8,-118.6,-118.6,-118.6,-118.6,1.0,0.0,28.0,1.0,0.3,0.8,,,,,,,,,,,,,,,,,,,,,,,,,,,,,,,,,,,,,,,,,-286.7,-286.7,-286.7,-286.7,1.0,0.0,28.0,1.0,0.3,0.8,-165.5,-165.5,-165.5,-165.5,1.0,0.0,28.0,1.0,0.3,0.8,-193.6,-193.6,-193.6,-193.6,1.0,0.0,28.0,1.0,0.3,0.8,-111.8,-111.8,-111.8,-111.8,1.0,0.0,28.0,1.0,0.3,0.8,,,,,,,,,,,,,,,,,,,,,,,,,,,,,,,,,,,,,,,,
1974,2,122.0,18.0,22.48,24.15,25.82,24.15,2.0,3.46,22.0,1.0,0.4,0.5,22.37,24.25,26.13,24.25,2.0,3.89,22.0,1.0,0.4,0.5,14.73,15.19,15.65,15.19,2.0,0.95,22.0,1.0,0.4,0.5,74.6,81.3,88.0,81.3,2.0,13.9,22.0,1.0,0.5,7.24,10.55,13.86,10.55,2.0,6.86,22.0,1.0,0.4,0.5,-12.0,-9.14,-6.27,-9.14,2.0,5.94,22.0,1.0,0.4,0.5,-6.03,-2.42,1.18,-2.42,2.0,7.46,22.0,1.0,0.4,0.5,1013.27,1013.85,1014.43,1013.85,2.0,1.2,22.0,1.0,0.4,0.5,4.6,6.0,7.4,6.0,2.0,2.8,22.0,1.0,0.4,0.5,-177.3,-116.8,-56.3,-116.8,2.0,125.3,22.0,1.0,0.4,0.5,-97.2,-51.2,-5.2,-51.2,2.0,95.3,22.0,1.0,0.4,0.5,-0.3,-0.1,0.1,-0.1,2.0,0.42,22.0,1.0,0.4,0.5,-1.4,0.4,2.2,0.4,2.0,3.8,22.0,1.0,0.4,0.5,2.3,3.76,5.22,3.76,2.0,3.03,22.0,1.0,0.4,0.5,26.3,29.3,32.3,29.3,2.0,6.2,22.0,1.0,0.4,0.5,-262.4,-210.0,-157.6,-210.0,2.0,108.5,22.0,1.0,0.4,0.5,-127.1,-44.3,38.5,-44.3,2.0,171.5,22.0,1.0,0.4,0.5,-175.3,-136.0,-96.6,-136.0,2.0,81.5,22.0,1.0,0.4,0.5,-86.9,-33.3,20.3,-33.3,2.0,111.0,22.0,1.0,0.4,0.5,-27.9,-25.4,-22.8,-25.4,2.0,5.3,22.0,1.0,0.4,0.5,-7.8,2.2,12.2,2.2,2.0,20.7,22.0,1.0,0.4,0.5,735.5,1918.5,3102.0,1918.5,2.0,2451.5,22.0,1.0,0.4,0.5,735.0,1920.0,3100.0,1920.0,2.0,2450.0,22.0,1.0,0.4,0.5
1974,2,122.0,19.0,22.3,24.15,25.52,23.93,4.0,2.02,18.0,0.5,0.1,0.6,25.29,25.75,26.52,25.9,4.0,0.82,18.0,0.5,0.1,0.6,14.74,15.06,15.37,15.06,2.0,0.65,14.0,1.0,0.2,0.8,73.8,74.8,75.7,74.8,2.0,2.0,14.0,1.0,0.8,4.27,5.85,7.38,5.83,4.0,1.93,18.0,0.5,0.1,0.6,-6.39,-3.34,0.53,-2.95,4.0,4.12,18.0,0.5,0.1,0.6,-3.58,0.12,4.17,0.29,4.0,4.5,18.0,0.5,0.1,0.6,1009.86,1011.2,1012.33,1011.1,4.0,1.61,18.0,0.5,0.1,0.6,2.0,3.5,5.0,3.5,4.0,2.1,18.0,0.5,0.1,0.6,-47.5,-21.6,1.3,-23.0,4.0,29.0,18.0,0.5,0.1,0.6,-22.1,5.6,23.6,1.0,4.0,27.4,18.0,0.5,0.1,0.6,-3.0,-1.4,-1.0,-1.97,4.0,1.47,18.0,0.5,0.1,0.6,-18.2,-7.2,-5.7,-11.7,4.0,10.6,18.0,0.5,0.1,0.6,0.85,1.85,2.84,1.85,2.0,2.06,14.0,1.0,0.2,0.8,4.1,7.3,10.4,7.3,2.0,6.6,14.0,1.0,0.2,0.8,-164.8,-85.7,12.5,-76.6,4.0,105.6,18.0,0.5,0.1,0.6,-91.7,3.6,110.3,9.0,4.0,117.7,18.0,0.5,0.1,0.6,-71.6,-31.9,7.8,-31.9,2.0,82.2,14.0,1.0,0.2,0.8,-30.0,3.2,36.5,3.2,2.0,68.9,14.0,1.0,0.2,0.8,-1.0,1.8,4.6,1.8,2.0,5.8,14.0,1.0,0.2,0.8,-8.5,-4.5,-0.5,-4.5,2.0,8.2,14.0,1.0,0.2,0.8,84.0,213.0,411.5,246.0,4.0,206.5,18.0,0.5,0.1,0.6,85.0,215.0,410.0,245.0,4.0,205.0,18.0,0.5,0.1,0.6
1974,2,122.0,20.0,22.93,24.0,25.73,24.23,43.0,1.46,14.0,0.5,0.4,0.5,19.45,23.1,26.0,22.91,48.0,3.14,14.0,0.5,0.4,0.5,10.31,11.85,16.29,12.9,39.0,2.88,16.0,0.5,0.4,0.5,67.0,73.3,82.6,74.8,39.0,8.1,16.0,0.5,0.5,5.95,9.3,14.24,9.71,50.0,4.02,14.0,0.5,0.4,0.5,-9.95,-6.57,-2.51,-6.12,50.0,4.07,14.0,0.5,0.4,0.5,-10.35,-6.4,-1.57,-5.9,50.0,4.69,14.0,0.5,0.4,0.5,1011.43,1017.25,1020.05,1016.15,48.0,4.14,14.0,0.5,0.4,0.5,3.5,7.0,8.0,6.3,48.0,2.3,14.0,0.5,0.4,0.5,-131.7,-66.1,-11.4,-71.2,50.0,61.1,14.0,0.5,0.4,0.5,-146.0,-53.5,-9.2,-71.8,50.0,72.4,14.0,0.5,0.4,0.5,-0.75,1.45,4.44,1.6,42.0,3.08,16.0,0.5,0.4,0.5,-6.8,11.5,60.3,22.9,42.0,35.0,16.0,0.5,0.4,0.5,2.86,6.29,8.16,5.94,37.0,2.75,16.0,0.5,0.4,0.6,18.8,54.0,119.0,68.6,37.0,47.0,16.0,0.5,0.4,0.6,-220.9,-145.9,-66.3,-136.1,48.0,95.1,14.0,0.5,0.4,0.5,-211.1,-154.5,-35.8,-123.3,48.0,97.8,14.0,0.5,0.4,0.5,-127.2,-97.3,-43.0,-80.9,39.0,49.1,16.0,0.5,0.4,0.5,-111.5,-84.2,-22.7,-68.6,39.0,50.1,16.0,0.5,0.4,0.5,-79.4,-41.4,-13.1,-45.1,37.0,31.2,16.0,0.5,0.4,0.6,-96.3,-41.9,-5.0,-46.3,37.0,42.0,16.0,0.5,0.4,0.6,214.5,804.5,2902.0,1392.5,50.0,1497.5,14.0,0.5,0.4,0.5,215.0,805.0,2900.0,1390.0,50.0,1495.0,14.0,0.5,0.4,0.5
1974,2,122.0,21.0,22.74,24.0,26.0,24.09,35.0,1.49,14.0,0.5,0.4,0.5,20.95,23.4,25.24,23.05,38.0,2.29,14.0,0.5,0.4,0.5,12.17,14.34,16.38,14.05,18.0,2.34,16.0,0.6,0.3,0.5,75.7,80.7,90.8,81.3,19.0,8.9,14.0,0.5,0.5,3.54,7.45,11.54,8.0,38.0,3.61,14.0,0.5,0.4,0.5,-9.8,-5.39,-1.96,-5.44,38.0,3.59,14.0,0.5,0.4,0.5,-8.66,-3.3,1.94,-2.69,38.0,5.3,14.0,0.5,0.4,0.5,1013.17,1016.05,1019.7,1016.29,36.0,3.5,14.0,0.5,0.4,0.5,5.0,7.0,8.0,6.8,37.0,1.7,14.0,0.5,0.4,0.4,-106.7,-38.7,-6.8,-51.6,38.0,50.2,14.0,0.5,0.4,0.5,-97.3,-21.4,5.8,-31.5,38.0,57.2,14.0,0.5,0.4,0.5,-1.6,1.0,3.3,0.99,35.0,2.74,14.0,0.5,0.4,0.5,-11.9,7.1,27.8,10.0,34.0,25.0,14.0,0.5,0.4,0.5,1.17,5.22,7.47,5.06,18.0,2.86,16.0,0.6,0.3,0.5,7.4,42.6,77.5,47.0,18.0,37.1,16.0,0.6,0.3,0.5,-227.2,-129.4,-51.8,-129.2,37.0,80.8,14.0,0.5,0.4,0.5,-169.9,-74.7,45.4,-51.2,37.0,116.5,14.0,0.5,0.4,0.5,-146.6,-80.9,-31.3,-85.3,18.0,53.1,16.0,0.6,0.3,0.5,-98.6,-61.9,17.4,-40.8,18.0,62.8,16.0,0.6,0.3,0.5,-58.2,-32.3,-4.2,-34.0,18.0,28.7,16.0,0.6,0.3,0.5,-58.3,-18.2,3.7,-25.1,18.0,31.7,16.0,0.6,0.3,0.5,44.5,415.0,1536.5,817.5,38.0,846.0,14.0,0.5,0.4,0.5,45.0,415.0,1535.0,815.0,38.0,845.0,14.0,0.5,0.4,0.5
1974,2,122.0,22.0,21.5,24.0,26.76,24.1,29.0,2.25,16.0,0.4,0.4,0.3,18.23,21.1,23.0,21.35,31.0,2.91,16.0,0.4,0.4,0.3,8.92,12.81,15.01,12.3,16.0,2.97,16.0,0.4,0.4,0.3,67.5,81.5,91.4,80.6,16.0,10.2,16.0,0.4,0.3,3.98,7.0,11.54,7.75,31.0,3.72,14.0,0.4,0.4,0.3,-7.6,-3.76,-2.09,-4.24,31.0,2.79,14.0,0.4,0.4,0.3,-9.95,-5.83,0.0,-5.19,31.0,4.66,14.0,0.4,0.4,0.3,1011.79,1015.0,1020.06,1015.21,32.0,4.13,16.0,0.4,0.4,0.3,3.9,8.0,8.0,6.8,28.0,2.1,14.0,0.4,0.4,0.3,-83.3,-21.2,-7.0,-39.1,31.0,37.7,14.0,0.4,0.4,0.3,-114.2,-37.8,0.0,-54.1,31.0,56.9,14.0,0.4,0.4,0.3,-0.34,3.0,6.74,3.25,28.0,3.05,16.0,0.4,0.4,0.3,-1.8,21.6,67.3,31.2,27.0,35.2,14.0,0.4,0.4,0.3,3.16,5.15,8.52,5.84,16.0,2.84,16.0,0.4,0.4,0.3,19.6,37.8,116.7,55.3,16.0,47.5,16.0,0.4,0.4,0.3,-153.1,-82.4,-43.9,-86.9,30.0,56.7,14.0,0.4,0.4,0.3,-198.9,-129.0,0.0,-107.2,30.0,94.5,14.0,0.4,0.4,0.3,-81.8,-46.2,-22.0,-50.0,16.0,32.2,16.0,0.4,0.4,0.3,-114.6,-80.5,0.0,-67.4,16.0,51.5,16.0,0.4,0.4,0.3,-63.7,-17.5,-6.8,-28.8,16.0,26.5,16.0,0.4,0.4,0.3,-96.9,-31.1,0.0,-43.5,16.0,43.7,16.0,0.4,0.4,0.3,63.5,343.0,1543.0,783.0,31.0,862.5,14.0,0.4,0.4,0.3,65.0,345.0,1545.0,785.0,31.0,865.0,14.0,0.4,0.4,0.3
1974,2,122.0,23.0,21.57,23.1,24.0,22.84,16.0,1.67,18.0,0.6,0.5,0.4,15.04,19.5,22.0,19.11,17.0,3.56,18.0,0.5,0.5,0.4,7.0,12.13,13.81,10.76,13.0,3.64,18.0,0.5,0.5,0.4,67.6,78.0,88.8,78.7,13.0,12.3,18.0,0.5,0.4,3.55,5.7,13.82,7.73,17.0,4.67,18.0,0.5,0.5,0.4,-6.73,-3.03,-1.8,-3.78,17.0,2.43,18.0,0.5,0.5,0.4,-12.52,-3.05,0.65,-5.07,17.0,6.07,18.0,0.5,0.5,0.4,1013.32,1017.9,1024.08,1018.23,17.0,4.85,18.0,0.5,0.5,0.4,7.0,8.0,8.0,7.5,17.0,1.2,18.0,0.5,0.5,0.4,-81.6,-20.3,-7.6,-36.3,17.0,35.9,18.0,0.5,0.5,0.4,-174.1,-16.2,3.1,-63.1,17.0,84.3,18.0,0.5,0.5,0.4,0.5,3.0,7.82,3.76,16.0,3.51,18.0,0.6,0.5,0.4,1.8,13.3,98.7,41.1,16.0,47.9,18.0,0.6,0.5,0.4,3.25,5.91,10.02,6.51,12.0,3.29,18.0,0.6,0.5,0.4,15.2,46.0,134.0,64.2,12.0,54.3,18.0,0.6,0.5,0.4,-111.1,-61.8,-36.1,-68.4,17.0,42.0,18.0,0.5,0.5,0.4,-189.6,-64.1,19.0,-79.0,17.0,101.3,18.0,0.5,0.5,0.4,-53.0,-34.6,-21.4,-39.5,13.0,26.5,18.0,0.5,0.5,0.4,-87.3,-59.2,-12.4,-43.1,13.0,54.7,18.0,0.5,0.5,0.4,-47.5,-25.3,-4.7,-29.0,12.0,23.4,18.0,0.6,0.5,0.4,-125.9,-31.0,-4.2,-51.1,12.0,56.0,18.0,0.6,0.5,0.4,45.0,185.0,2682.0,988.5,17.0,1321.0,18.0,0.5,0.5,0.4,45.0,185.0,2680.0,990.0,17.0,1320.0,18.0,0.5,0.5,0.4
1974,2,122.0,24.0,21.23,21.85,22.27,21.73,6.0,1.13,14.0,0.7,0.5,0.6,14.07,16.1,24.0,17.9,6.0,4.93,14.0,0.7,0.5,0.6,6.15,8.34,10.83,8.77,5.0,3.41,14.0,0.8,0.6,0.6,65.6,69.1,80.0,71.9,5.0,8.6,14.0,0.8,0.6,6.16,11.55,17.95,12.32,6.0,6.58,14.0,0.7,0.5,0.6,-6.6,-5.59,-3.83,-5.56,6.0,1.75,14.0,0.7,0.5,0.6,-16.07,-10.57,-1.07,-9.88,6.0,8.25,14.0,0.7,0.5,0.6,1016.71,1019.0,1023.78,1020.3,6.0,4.89,14.0,0.7,0.5,0.6,6.8,7.5,8.0,7.3,6.0,0.8,14.0,0.7,0.5,0.6,-94.2,-59.4,-34.3,-68.3,6.0,43.9,14.0,0.7,0.5,0.6,-293.5,-137.1,-6.6,-166.1,6.0,179.2,14.0,0.7,0.5,0.6,-2.0,5.75,7.43,3.83,6.0,4.69,14.0,0.7,0.5,0.6,-12.1,72.8,131.4,69.9,6.0,78.5,14.0,0.7,0.5,0.6,5.59,7.99,9.32,7.29,5.0,3.12,14.0,0.8,0.6,0.6,42.0,135.9,167.0,110.7,5.0,73.9,14.0,0.8,0.6,0.6,-142.8,-92.3,-64.2,-99.2,6.0,39.1,14.0,0.7,0.5,0.6,-231.2,-151.6,-25.7,-146.9,6.0,114.6,14.0,0.7,0.5,0.6,-65.5,-32.7,-32.3,-47.6,5.0,24.4,14.0,0.8,0.6,0.6,-125.2,-88.9,-41.0,-87.2,5.0,62.9,14.0,0.8,0.6,0.6,-57.5,-34.0,-23.1,-38.9,5.0,21.5,14.0,0.8,0.6,0.6,-160.2,-117.7,-33.3,-101.1,5.0,75.2,14.0,0.8,0.6,0.6,233.5,2054.5,5979.5,3259.0,6.0,3889.0,14.0,0.7,0.5,0.6,235.0,2055.0,5980.0,3260.0,6.0,3890.0,14.0,0.7,0.5,0.6
1974,2,122.0,25.0,18.2,21.1,23.49,20.77,20.0,2.66,14.0,0.6,0.5,0.7,10.26,17.9,21.0,16.78,20.0,4.81,14.0,0.6,0.5,0.7,6.34,10.53,12.64,9.87,13.0,2.89,14.0,0.8,0.5,0.7,77.3,83.0,89.7,83.4,13.0,7.3,14.0,0.8,0.7,3.63,10.55,15.4,10.18,20.0,5.38,14.0,0.6,0.5,0.7,-6.6,-5.51,-0.04,-4.49,20.0,2.85,14.0,0.6,0.5,0.7,-14.47,-9.02,-1.18,-8.17,20.0,6.19,14.0,0.6,0.5,0.7,1011.01,1017.0,1023.53,1016.81,20.0,5.02,14.0,0.6,0.5,0.7,4.0,8.0,8.0,6.9,18.0,2.2,14.0,0.7,0.5,0.7,-98.8,-40.8,-0.5,-54.2,20.0,43.3,14.0,0.6,0.5,0.7,-222.6,-95.4,-4.5,-112.7,20.0,107.0,14.0,0.6,0.5,0.7,0.24,3.8,7.79,4.0,20.0,3.01,14.0,0.6,0.5,0.7,0.6,40.3,120.2,52.6,20.0,49.5,14.0,0.6,0.5,0.7,3.85,6.08,6.98,5.38,13.0,2.04,14.0,0.8,0.5,0.7,20.5,71.5,104.9,66.7,13.0,41.4,14.0,0.8,0.5,0.7,-134.4,-72.1,-0.3,-75.5,20.0,55.6,14.0,0.6,0.5,0.7,-189.6,-124.7,-24.6,-113.1,20.0,81.9,14.0,0.6,0.5,0.7,-78.9,-38.9,-12.5,-46.7,13.0,32.0,14.0,0.8,0.5,0.7,-117.2,-85.1,-25.3,-77.0,13.0,45.7,14.0,0.8,0.5,0.7,-46.4,-33.5,-13.2,-29.5,13.0,21.7,14.0,0.8,0.5,0.7,-92.5,-54.8,-6.5,-56.1,13.0,41.2,14.0,0.8,0.5,0.7,48.5,1176.0,3652.5,1876.0,20.0,1901.5,14.0,0.6,0.5,0.7,50.0,1175.0,3650.0,1875.0,20.0,1900.0,14.0,0.6,0.5,0.7
1974,2,122.0,26.0,15.6,16.55,19.93,17.21,8.0,3.17,16.0,0.8,0.6,0.5,10.0,10.0,13.94,11.13,8.0,2.81,16.0,0.8,0.6,0.5,5.07,7.04,8.43,6.73,5.0,2.05,18.0,0.6,0.6,0.5,72.1,78.0,91.0,80.2,5.0,12.2,18.0,0.6,0.5,5.12,14.9,19.93,13.15,8.0,6.45,16.0,0.8,0.6,0.5,-4.94,-3.07,-1.54,-2.71,8.0,2.24,16.0,0.8,0.6,0.5,-19.58,-14.24,-4.86,-12.73,8.0,6.38,16.0,0.8,0.6,0.5,1017.8,1021.95,1024.78,1020.75,8.0,4.62,16.0,0.8,0.6,0.5,3.3,7.5,8.0,6.4,8.0,2.2,16.0,0.8,0.6,0.5,-77.2,-55.8,-7.0,-43.1,8.0,38.9,16.0,0.8,0.6,0.5,-392.7,-213.6,-27.1,-203.3,8.0,161.2,16.0,0.8,0.6,0.5,3.6,5.6,8.81,6.09,8.0,3.18,16.0,0.8,0.6,0.5,54.0,75.1,112.8,74.8,8.0,36.4,16.0,0.8,0.6,0.5,4.52,5.72,7.94,6.16,5.0,2.17,18.0,0.6,0.6,0.5,50.4,66.8,93.1,71.3,5.0,25.4,18.0,0.6,0.6,0.5,-65.5,-36.1,-15.4,-34.3,8.0,28.0,16.0,0.8,0.6,0.5,-207.2,-195.5,-45.0,-145.8,8.0,81.3,16.0,0.8,0.6,0.5,-30.7,-21.2,-4.9,-18.9,5.0,19.1,18.0,0.6,0.6,0.5,-124.4,-120.0,-32.5,-86.9,5.0,50.2,18.0,0.6,0.6,0.5,-18.6,-14.8,-5.0,-11.0,5.0,12.8,18.0,0.6,0.6,0.5,-91.7,-65.7,-47.3,-69.3,5.0,25.9,18.0,0.6,0.6,0.5,175.5,3308.0,8064.5,3659.0,8.0,3611.0,16.0,0.8,0.6,0.5,175.0,3310.0,8065.0,3660.0,8.0,3610.0,16.0,0.8,0.6,0.5
1974,2,122.0,27.0,14.0,15.15,18.0,15.47,20.0,2.28,14.0,0.6,0.4,0.4,6.76,10.0,16.32,11.11,17.0,4.88,14.0,0.6,0.4,0.5,4.69,5.56,7.46,5.92,5.0,1.63,16.0,0.4,0.3,0.3,69.1,77.0,81.1,74.7,5.0,10.4,16.0,0.4,0.3,7.2,10.8,12.25,9.81,21.0,2.79,14.0,0.5,0.4,0.4,-4.54,-2.08,0.0,-1.73,21.0,3.17,14.0,0.5,0.4,0.4,-11.77,-9.79,-1.71,-7.68,21.0,5.8,14.0,0.5,0.4,0.4,1011.6,1018.4,1027.72,1018.98,18.0,7.3,14.0,0.6,0.4,0.5,4.0,7.0,8.0,6.3,20.0,2.0,14.0,0.6,0.4,0.4,-52.0,-23.0,0.0,-17.6,21.0,31.0,14.0,0.5,0.4,0.4,-141.5,-109.6,-10.9,-87.9,21.0,64.8,14.0,0.5,0.4,0.4,-0.19,4.0,10.51,4.54,17.0,4.78,14.0,0.6,0.4,0.5,-0.8,47.2,85.9,43.7,17.0,50.0,14.0,0.6,0.4,0.5,2.64,5.46,7.52,5.29,5.0,3.03,16.0,0.4,0.3,0.3,26.7,31.8,81.1,51.8,5.0,36.2,16.0,0.4,0.3,0.3,-43.8,-31.0,0.0,-23.2,17.0,45.0,14.0,0.6,0.4,0.5,-117.1,-78.3,11.3,-57.6,17.0,80.0,14.0,0.6,0.4,0.5,-24.1,-21.0,-6.8,-16.1,5.0,10.6,16.0,0.4,0.3,0.3,-65.6,-60.9,-34.2,-51.9,5.0,17.3,16.0,0.4,0.3,0.3,-33.1,-11.2,-5.4,-19.0,5.0,21.4,16.0,0.4,0.3,0.3,-75.1,-27.9,-23.9,-46.8,5.0,31.8,16.0,0.4,0.3,0.3,373.0,1259.5,1837.5,1143.5,21.0,670.5,14.0,0.5,0.4,0.4,375.0,1260.0,1840.0,1145.0,21.0,670.0,14.0,0.5,0.4,0.4
1974,2,122.0,28.0,9.2,11.9,14.22,11.93,8.0,2.85,12.0,0.3,0.3,0.3,6.65,8.25,9.1,7.83,6.0,2.72,16.0,0.2,0.4,0.4,4.12,5.25,5.55,4.85,4.0,1.13,12.0,0.0,0.3,0.5,73.7,79.4,83.8,78.8,4.0,7.4,12.0,0.0,0.5,6.99,12.15,12.3,10.29,8.0,2.92,12.0,0.3,0.3,0.3,-8.25,-4.21,-1.24,-4.14,8.0,3.66,12.0,0.3,0.3,0.3,-11.53,-8.7,-6.49,-8.9,8.0,2.46,12.0,0.3,0.3,0.3,1019.2,1022.2,1027.63,1023.12,6.0,4.42,16.0,0.2,0.4,0.4,0.8,2.0,4.8,2.8,6.0,2.9,16.0,0.3,0.4,0.3,-100.9,-50.5,-8.8,-49.9,8.0,42.9,12.0,0.3,0.3,0.3,-141.4,-107.0,-45.8,-97.0,8.0,45.3,12.0,0.3,0.3,0.3,0.7,3.1,6.16,3.58,6.0,3.14,16.0,0.2,0.4,0.4,8.6,20.8,56.3,28.9,6.0,23.3,16.0,0.2,0.4,0.4,1.86,2.63,4.2,3.01,4.0,1.49,12.0,0.0,0.3,0.5,19.9,27.7,37.4,28.6,4.0,10.6,12.0,0.0,0.3,0.5,-35.4,-34.3,-6.6,-23.8,6.0,18.0,16.0,0.2,0.4,0.4,-96.3,-76.8,-49.3,-70.7,6.0,31.0,16.0,0.2,0.4,0.4,-24.0,-23.2,-6.9,-15.8,4.0,15.4,12.0,0.0,0.3,0.5,-64.1,-51.7,-30.2,-47.4,4.0,21.2,12.0,0.0,0.3,0.5,-11.6,-8.2,2.4,-4.8,4.0,11.1,12.0,0.0,0.3,0.5,-35.1,-26.1,-18.0,-26.5,4.0,10.4,12.0,0.0,0.3,0.5,356.5,1794.5,1861.0,1301.0,8.0,760.5,12.0,0.3,0.3,0.3,355.0,1795.0,1860.0,1300.0,8.0,760.0,12.0,0.3,0.3,0.3
1974,2,122.0,29.0,9.13,10.8,11.11,10.22,5.0,1.18,14.0,0.4,0.7,0.4,3.32,7.5,10.7,7.36,5.0,4.47,14.0,0.4,0.7,0.4,2.7,3.56,4.45,3.58,4.0,1.04,16.0,0.5,0.7,0.5,56.1,60.9,68.6,62.3,4.0,8.8,16.0,0.5,0.5,6.7,6.7,9.3,7.74,5.0,1.42,14.0,0.4,0.7,0.4,-4.65,1.16,3.18,-0.22,5.0,4.24,14.0,0.4,0.7,0.4,-8.05,-6.6,-5.73,-6.75,5.0,1.39,14.0,0.4,0.7,0.4,1017.64,1029.0,1030.44,1025.12,5.0,7.22,14.0,0.4,0.7,0.4,0.0,2.0,2.7,1.6,5.0,1.7,14.0,0.4,0.7,0.4,-43.2,7.8,21.3,-6.3,5.0,34.8,14.0,0.4,0.7,0.4,-74.9,-44.2,-38.4,-53.6,5.0,20.0,14.0,0.4,0.7,0.4,-0.72,1.0,7.79,2.86,5.0,4.9,14.0,0.4,0.7,0.4,-3.7,9.3,52.2,20.0,5.0,32.4,14.0,0.4,0.7,0.4,2.62,4.1,5.38,4.01,4.0,1.66,16.0,0.5,0.7,0.5,24.4,31.6,36.1,30.3,4.0,8.0,16.0,0.5,0.7,0.5,-37.1,4.1,28.6,0.3,5.0,42.9,14.0,0.4,0.7,0.4,-68.0,-60.4,-21.6,-47.9,5.0,24.9,14.0,0.4,0.7,0.4,-20.7,-7.9,4.6,-8.0,4.0,14.6,16.0,0.5,0.7,0.5,-35.8,-26.5,-17.5,-26.6,4.0,10.8,16.0,0.5,0.7,0.5,-12.4,-2.0,9.6,-1.4,4.0,13.1,16.0,0.5,0.7,0.5,-34.6,-29.4,-21.1,-27.9,4.0,8.5,16.0,0.5,0.7,0.5,301.0,301.0,804.5,502.0,5.0,276.0,14.0,0.4,0.7,0.4,300.0,300.0,805.0,500.0,5.0,275.0,14.0,0.4,0.7,0.4
1974,2,122.0,30.0,6.19,6.6,7.08,6.63,3.0,0.65,26.0,0.7,0.6,0.3,5.19,5.6,6.01,5.6,2.0,0.85,18.0,0.5,0.5,0.3,4.66,4.66,4.66,4.66,1.0,0.0,22.0,1.0,0.5,0.5,80.0,80.0,80.0,80.0,1.0,0.0,22.0,1.0,0.5,8.0,8.0,8.0,8.0,1.0,0.0,14.0,0.0,0.5,0.2,-6.13,-6.13,-6.13,-6.13,1.0,0.0,14.0,0.0,0.5,0.2,5.14,5.14,5.14,5.14,1.0,0.0,14.0,0.0,0.5,0.2,1019.98,1024.25,1028.52,1024.25,2.0,8.84,18.0,0.5,0.5,0.3,1.3,4.0,6.7,4.0,2.0,5.7,18.0,0.5,0.5,0.3,-49.0,-49.0,-49.0,-49.0,1.0,0.0,14.0,0.0,0.5,0.2,41.1,41.1,41.1,41.1,1.0,0.0,14.0,0.0,0.5,0.2,,,,,,,,,,,,,,,,,,,,,,,,,,,,,,,,,,,,,,,,,,,,,,,,,,,,,,,,,,,,,,,,,,,,,,,,,,,,,,,,,,,,,,,,,,,,,,,,,,,,,,,,,,,,,,,,,,,,,,,,
1974,2,122.0,31.0,7.5,7.5,7.5,7.5,1.0,0.0,22.0,1.0,0.4,0.0,2.0,5.0,8.0,5.14,59.0,3.36,16.0,0.3,0.5,0.6,5.78,5.78,5.78,5.78,1.0,0.0,22.0,1.0,0.4,0.0,92.1,92.1,92.1,92.1,1.0,0.0,22.0,1.0,0.0,4.0,8.0,14.0,8.84,62.0,4.26,16.0,0.2,0.5,0.6,-4.06,0.0,4.6,0.3,62.0,4.77,16.0,0.2,0.5,0.6,-12.12,-4.8,3.15,-4.84,62.0,7.14,16.0,0.2,0.5,0.6,1016.88,1025.05,1031.16,1023.98,62.0,6.79,16.0,0.3,0.5,0.6,0.0,4.0,8.0,4.3,61.0,3.4,16.0,0.3,0.5,0.6,-34.1,0.0,57.8,6.9,62.0,52.2,16.0,0.2,0.5,0.6,-162.3,-26.3,16.4,-62.8,62.0,96.6,16.0,0.2,0.5,0.6,,,,,,,,,,,,,,,,,,,,,,,,,,,,,,,,,,,,,,,,,,,,,,,,,,,,,,,,,,,,,,,,,,,,,,,,,,,,,,,,,,,,,,,,,,,,,,,,,,,,,,,,,,,,,,,,,,,,,,,,
1974,2,122.0,32.0,,,,,,,,,,,,,,,,,,,,,,,,,,,,,,,,,,,,,,,,4.4,8.0,12.0,8.2,127.0,3.64,14.0,0.4,0.5,0.4,-6.06,0.0,5.36,-0.12,127.0,5.19,14.0,0.4,0.5,0.4,-8.66,-3.5,4.6,-2.68,127.0,6.85,14.0,0.4,0.5,0.4,1015.84,1022.4,1030.57,1022.9,123.0,7.13,14.0,0.4,0.5,0.5,,,,,,,,,,,,,,,,,,,,,,,,,,,,,,,,,,,,,,,,,,,,,,,,,,,,,,,,,,,,,,,,,,,,,,,,,,,,,,,,,,,,,,,,,,,,,,,,,,,,,,,,,,,,,,,,,,,,,,,,,,,,,,,,,,,,,,,,,,,,,,,,,,,,,,
1974,2,122.0,33.0,,,,,,,,,,,,,,,,,,,,,,,,,,,,,,,,,,,,,,,,4.4,9.0,12.0,8.73,128.0,3.99,16.0,0.5,0.5,0.4,-5.76,0.26,6.78,0.71,128.0,5.85,16.0,0.5,0.5,0.4,-9.85,-3.42,4.89,-3.15,128.0,6.92,16.0,0.5,0.5,0.4,1016.5,1023.75,1030.4,1023.19,128.0,7.0,16.0,0.5,0.5,0.4,,,,,,,,,,,,,,,,,,,,,,,,,,,,,,,,,,,,,,,,,,,,,,,,,,,,,,,,,,,,,,,,,,,,,,,,,,,,,,,,,,,,,,,,,,,,,,,,,,,,,,,,,,,,,,,,,,,,,,,,,,,,,,,,,,,,,,,,,,,,,,,,,,,,,,
1974,2,122.0,34.0,6.69,7.3,8.67,7.6,5.0,1.05,14.0,0.6,0.4,0.4,0.0,4.0,8.0,4.0,110.0,3.39,16.0,0.5,0.6,0.5,1.59,1.59,1.59,1.59,1.0,0.0,12.0,1.0,0.9,0.9,37.7,37.7,37.7,37.7,1.0,0.0,12.0,1.0,0.9,4.18,8.0,12.0,8.31,111.0,4.15,16.0,0.5,0.6,0.5,-3.55,1.93,7.66,2.13,111.0,5.49,16.0,0.5,0.6,0.5,-9.0,-3.0,5.66,-2.09,111.0,6.91,16.0,0.5,0.6,0.5,1017.2,1025.2,1029.84,1023.87,112.0,6.13,16.0,0.5,0.6,0.5,0.0,5.5,8.0,4.8,106.0,3.2,16.0,0.4,0.6,0.5,-22.5,5.8,76.6,26.7,111.0,68.1,16.0,0.5,0.6,0.5,-111.4,-16.0,36.8,-30.5,111.0,90.1,16.0,0.5,0.6,0.5,7.1,7.1,7.1,7.1,1.0,0.0,12.0,1.0,0.9,0.9,32.7,32.7,32.7,32.7,1.0,0.0,12.0,1.0,0.9,0.9,5.32,5.32,5.32,5.32,1.0,0.0,12.0,1.0,0.9,0.9,24.5,24.5,24.5,24.5,1.0,0.0,12.0,1.0,0.9,0.9,-22.5,0.0,23.8,1.6,105.0,27.8,16.0,0.4,0.6,0.5,-21.6,0.0,30.3,3.0,105.0,35.3,16.0,0.4,0.6,0.5,3.6,3.6,3.6,3.6,1.0,0.0,12.0,1.0,0.9,0.9,-6.3,-6.3,-6.3,-6.3,1.0,0.0,12.0,1.0,0.9,0.9,12.2,12.2,12.2,12.2,1.0,0.0,12.0,1.0,0.9,0.9,-21.2,-21.2,-21.2,-21.2,1.0,0.0,12.0,1.0,0.9,0.9,73.5,512.0,1728.0,1047.0,111.0,1498.5,16.0,0.5,0.6,0.5,75.0,510.0,1730.0,1045.0,111.0,1500.0,16.0,0.5,0.6,0.5
1974,2,122.0,35.0,5.7,7.3,7.43,6.64,7.0,1.43,10.0,0.9,0.4,0.4,0.0,3.0,8.0,3.63,108.0,3.46,16.0,0.4,0.7,0.5,1.92,1.92,1.92,1.92,1.0,0.0,12.0,1.0,0.9,0.6,44.3,44.3,44.3,44.3,1.0,0.0,12.0,1.0,0.6,5.0,8.0,13.0,8.91,110.0,3.98,16.0,0.4,0.7,0.5,-2.63,2.41,6.89,2.27,110.0,5.03,16.0,0.4,0.7,0.5,-11.66,-3.34,4.73,-3.21,110.0,7.43,16.0,0.4,0.7,0.5,1016.43,1022.8,1028.4,1022.34,110.0,6.24,16.0,0.3,0.7,0.5,0.0,4.0,8.0,3.7,105.0,3.4,16.0,0.4,0.7,0.5,-24.9,13.2,63.9,24.5,110.0,64.2,16.0,0.4,0.7,0.5,-141.8,-21.3,31.7,-44.5,110.0,96.3,16.0,0.4,0.7,0.5,5.9,5.9,5.9,5.9,1.0,0.0,12.0,1.0,0.9,0.6,27.1,27.1,27.1,27.1,1.0,0.0,12.0,1.0,0.9,0.6,4.63,4.63,4.63,4.63,1.0,0.0,12.0,1.0,0.9,0.6,21.3,21.3,21.3,21.3,1.0,0.0,12.0,1.0,0.9,0.6,-8.9,2.4,30.8,8.6,103.0,23.3,16.0,0.4,0.7,0.5,-25.3,0.0,36.7,3.7,103.0,37.1,16.0,0.4,0.7,0.5,7.7,7.7,7.7,7.7,1.0,0.0,12.0,1.0,0.9,0.6,-4.4,-4.4,-4.4,-4.4,1.0,0.0,12.0,1.0,0.9,0.6,18.5,18.5,18.5,18.5,1.0,0.0,12.0,1.0,0.9,0.6,-10.7,-10.7,-10.7,-10.7,1.0,0.0,12.0,1.0,0.9,0.6,125.0,512.0,2197.0,1167.0,110.0,1510.5,16.0,0.4,0.7,0.5,125.0,510.0,2195.0,1165.0,110.0,1510.0,16.0,0.4,0.7,0.5
1974,2,122.0,36.0,1.57,2.1,4.76,2.81,10.0,1.7,18.0,0.3,0.3,0.4,-0.9,2.0,6.0,2.44,67.0,3.8,16.0,0.4,0.7,0.4,2.46,2.46,2.46,2.46,1.0,0.0,12.0,1.0,0.9,0.4,57.9,57.9,57.9,57.9,1.0,0.0,12.0,1.0,0.4,4.0,8.0,12.73,8.46,72.0,4.41,16.0,0.3,0.7,0.4,-1.04,1.38,6.96,2.17,72.0,4.83,16.0,0.3,0.7,0.4,-11.6,-3.13,4.5,-2.95,72.0,7.42,16.0,0.3,0.7,0.4,1016.48,1023.25,1029.0,1023.11,70.0,5.8,16.0,0.3,0.7,0.4,0.0,6.0,8.0,4.4,67.0,3.5,16.0,0.3,0.7,0.4,-4.8,5.9,76.6,26.4,72.0,63.6,16.0,0.3,0.7,0.4,-136.2,-19.2,33.2,-43.5,72.0,100.5,16.0,0.3,0.7,0.4,4.2,4.2,4.2,4.2,1.0,0.0,12.0,1.0,0.9,0.4,15.1,15.1,15.1,15.1,1.0,0.0,12.0,1.0,0.9,0.4,3.26,3.26,3.26,3.26,1.0,0.0,12.0,1.0,0.9,0.4,11.7,11.7,11.7,11.7,1.0,0.0,12.0,1.0,0.9,0.4,-9.9,0.0,15.8,1.0,63.0,22.4,14.0,0.3,0.7,0.4,-16.3,3.1,35.1,7.2,63.0,27.4,14.0,0.3,0.7,0.4,3.0,3.0,3.0,3.0,1.0,0.0,12.0,1.0,0.9,0.4,8.3,8.3,8.3,8.3,1.0,0.0,12.0,1.0,0.9,0.4,4.0,4.0,4.0,4.0,1.0,0.0,12.0,1.0,0.9,0.4,11.0,11.0,11.0,11.0,1.0,0.0,12.0,1.0,0.9,0.4,64.0,512.0,2071.5,1152.0,72.0,1741.0,16.0,0.3,0.7,0.4,65.0,510.0,2070.0,1150.0,72.0,1740.0,16.0,0.3,0.7,0.4
1974,2,122.0,37.0,0.74,1.9,2.46,1.7,10.0,1.0,10.0,0.2,0.5,0.4,-1.9,0.0,4.0,0.68,79.0,2.77,16.0,0.3,0.6,0.5,2.89,2.94,2.99,2.94,2.0,0.1,12.0,0.0,0.5,0.3,72.7,73.5,74.3,73.5,2.0,1.6,12.0,0.0,0.3,4.0,8.0,12.0,8.24,88.0,4.03,16.0,0.3,0.6,0.5,-3.83,1.22,6.63,1.42,88.0,5.16,16.0,0.3,0.6,0.5,-10.06,-4.22,4.52,-3.37,88.0,6.69,16.0,0.3,0.6,0.5,1015.23,1024.8,1029.5,1023.9,85.0,6.61,16.0,0.3,0.6,0.5,0.0,2.0,8.0,2.9,84.0,3.3,16.0,0.3,0.6,0.5,-19.6,5.9,72.9,19.1,88.0,61.5,16.0,0.3,0.6,0.5,-121.7,-22.7,25.5,-45.3,88.0,86.0,16.0,0.3,0.6,0.5,-0.82,0.2,1.22,0.2,2.0,2.12,12.0,0.0,0.5,0.3,-3.0,0.7,4.4,0.7,2.0,7.6,12.0,0.0,0.5,0.3,0.81,1.14,1.46,1.14,2.0,0.67,12.0,0.0,0.5,0.3,2.9,4.1,5.3,4.1,2.0,2.4,12.0,0.0,0.5,0.3,-15.3,-0.7,2.5,-5.6,77.0,12.5,16.0,0.3,0.6,0.5,-6.0,2.6,18.8,4.0,77.0,22.5,16.0,0.3,0.6,0.5,4.6,6.9,9.1,6.9,2.0,4.7,12.0,0.0,0.5,0.3,-1.6,3.0,7.6,3.0,2.0,9.5,12.0,0.0,0.5,0.3,2.0,2.1,2.2,2.1,2.0,0.2,12.0,0.0,0.5,0.3,0.2,2.3,4.5,2.3,2.0,4.4,12.0,0.0,0.5,0.3,64.0,512.0,1728.0,1000.0,88.0,1475.5,16.0,0.3,0.6,0.5,65.0,510.0,1730.0,1000.0,88.0,1475.0,16.0,0.3,0.6,0.5
1974,2,122.0,38.0,,,,,,,,,,,,,,,,,,,,,,,,,,,,,,,,,,,,,,,,4.65,8.0,12.7,8.67,24.0,4.0,14.0,0.4,0.3,0.2,-4.72,0.52,5.21,0.4,24.0,4.48,14.0,0.4,0.3,0.2,-12.15,-4.41,3.33,-3.73,24.0,7.72,14.0,0.4,0.3,0.2,1016.05,1025.0,1029.3,1024.18,25.0,5.5,14.0,0.4,0.3,0.2,,,,,,,,,,,,,,,,,,,,,,,,,,,,,,,,,,,,,,,,,,,,,,,,,,,,,,,,,,,,,,,,,,,,,,,,,,,,,,,,,,,,,,,,,,,,,,,,,,,,,,,,,,,,,,,,,,,,,,,,,,,,,,,,,,,,,,,,,,,,,,,,,,,,,,
1974,2,122.0,39.0,,,,,,,,,,,,,,,,,,,,,,,,,,,,,,,,,,,,,,,,3.95,6.0,8.05,6.0,2.0,4.24,14.0,0.5,0.4,0.5,-3.87,-2.51,-1.15,-2.51,2.0,2.81,14.0,0.5,0.4,0.5,-1.25,2.42,6.09,2.42,2.0,7.6,14.0,0.5,0.4,0.5,1019.5,1023.8,1028.1,1023.8,2.0,8.91,14.0,0.5,0.4,0.5,,,,,,,,,,,,,,,,,,,,,,,,,,,,,,,,,,,,,,,,,,,,,,,,,,,,,,,,,,,,,,,,,,,,,,,,,,,,,,,,,,,,,,,,,,,,,,,,,,,,,,,,,,,,,,,,,,,,,,,,,,,,,,,,,,,,,,,,,,,,,,,,,,,,,,
1974,2,123.0,-53.0,,,,,,,,,,,,,,,,,,,,,,,,,,,,,,,,,,,,,,,,9.3,9.3,9.3,9.3,1.0,0.0,10.0,1.0,0.5,0.8,5.98,5.98,5.98,5.98,1.0,0.0,10.0,1.0,0.5,0.8,-7.12,-7.12,-7.12,-7.12,1.0,0.0,10.0,1.0,0.5,0.8,1002.4,1002.4,1002.4,1002.4,1.0,0.0,10.0,1.0,0.5,0.8,7.0,7.0,7.0,7.0,1.0,0.0,10.0,1.0,0.5,0.8,55.6,55.6,55.6,55.6,1.0,0.0,10.0,1.0,0.5,0.8,-66.3,-66.3,-66.3,-66.3,1.0,0.0,10.0,1.0,0.5,0.8,,,,,,,,,,,,,,,,,,,,,,,,,,,,,,,,,,,,,,,,,43.0,43.0,43.0,43.0,1.0,0.0,10.0,1.0,0.5,0.8,-51.3,-51.3,-51.3,-51.3,1.0,0.0,10.0,1.0,0.5,0.8,32.6,32.6,32.6,32.6,1.0,0.0,10.0,1.0,0.5,0.8,-38.9,-38.9,-38.9,-38.9,1.0,0.0,10.0,1.0,0.5,0.8,,,,,,,,,,,,,,,,,,,,,,,,,,,,,,,,,,,,,,,,
1974,2,123.0,-50.0,,,,,,,,,,,,,,,,,,,,,,,,,,,,,,,,,,,,,,,,15.9,15.9,15.9,15.9,1.0,0.0,12.0,0.0,0.8,0.6,14.94,14.94,14.94,14.94,1.0,0.0,12.0,0.0,0.8,0.6,5.44,5.44,5.44,5.44,1.0,0.0,12.0,0.0,0.8,0.6,1004.6,1004.6,1004.6,1004.6,1.0,0.0,12.0,0.0,0.8,0.6,,,,,,,,,,,,,,,,,,,,,,,,,,,,,,,,,,,,,,,,,,,,,,,,,,,,,,,,,,,,,,,,,,,,,,,,,,,,,,,,,,,,,,,,,,,,,,,,,,,,,,,,,,,,,,,,,,,,,,,,,,,,,,,,,,,,,,,,,,,,,,,,,,,,,,
1974,2,123.0,-48.0,9.0,9.0,9.0,9.0,1.0,0.0,22.0,1.0,0.3,0.8,9.8,9.8,9.8,9.8,1.0,0.0,22.0,1.0,0.3,0.8,5.58,5.58,5.58,5.58,1.0,0.0,22.0,1.0,0.3,0.8,74.1,74.1,74.1,74.1,1.0,0.0,22.0,1.0,0.8,6.2,6.2,6.2,6.2,1.0,0.0,22.0,1.0,0.3,0.8,2.12,2.12,2.12,2.12,1.0,0.0,22.0,1.0,0.3,0.8,-5.83,-5.83,-5.83,-5.83,1.0,0.0,22.0,1.0,0.3,0.8,1007.0,1007.0,1007.0,1007.0,1.0,0.0,22.0,1.0,0.3,0.8,7.0,7.0,7.0,7.0,1.0,0.0,22.0,1.0,0.3,0.8,13.1,13.1,13.1,13.1,1.0,0.0,22.0,1.0,0.3,0.8,-36.1,-36.1,-36.1,-36.1,1.0,0.0,22.0,1.0,0.3,0.8,-0.8,-0.8,-0.8,-0.8,1.0,0.0,22.0,1.0,0.3,0.8,-5.0,-5.0,-5.0,-5.0,1.0,0.0,22.0,1.0,0.3,0.8,1.57,1.57,1.57,1.57,1.0,0.0,22.0,1.0,0.3,0.8,9.7,9.7,9.7,9.7,1.0,0.0,22.0,1.0,0.3,0.8,20.8,20.8,20.8,20.8,1.0,0.0,22.0,1.0,0.3,0.8,-57.1,-57.1,-57.1,-57.1,1.0,0.0,22.0,1.0,0.3,0.8,11.8,11.8,11.8,11.8,1.0,0.0,22.0,1.0,0.3,0.8,-32.5,-32.5,-32.5,-32.5,1.0,0.0,22.0,1.0,0.3,0.8,3.3,3.3,3.3,3.3,1.0,0.0,22.0,1.0,0.3,0.8,-9.1,-9.1,-9.1,-9.1,1.0,0.0,22.0,1.0,0.3,0.8,238.5,238.5,238.5,238.5,1.0,0.0,22.0,1.0,0.3,0.8,240.0,240.0,240.0,240.0,1.0,0.0,22.0,1.0,0.3,0.8
1974,2,123.0,-42.0,13.0,13.0,13.0,13.0,1.0,0.0,12.0,0.0,0.4,0.9,13.0,13.0,13.0,13.0,1.0,0.0,12.0,0.0,0.4,0.9,6.58,6.58,6.58,6.58,1.0,0.0,12.0,0.0,0.4,0.9,71.2,71.2,71.2,71.2,1.0,0.0,12.0,0.0,0.9,5.7,5.7,5.7,5.7,1.0,0.0,12.0,0.0,0.4,0.9,5.36,5.36,5.36,5.36,1.0,0.0,12.0,0.0,0.4,0.9,1.95,1.95,1.95,1.95,1.0,0.0,12.0,0.0,0.4,0.9,1015.3,1015.3,1015.3,1015.3,1.0,0.0,12.0,0.0,0.4,0.9,7.0,7.0,7.0,7.0,1.0,0.0,12.0,0.0,0.4,0.9,30.5,30.5,30.5,30.5,1.0,0.0,12.0,0.0,0.4,0.9,11.1,11.1,11.1,11.1,1.0,0.0,12.0,0.0,0.4,0.9,0.0,0.0,0.0,0.0,1.0,0.0,12.0,0.0,0.4,0.9,0.0,0.0,0.0,0.0,1.0,0.0,12.0,0.0,0.4,0.9,2.68,2.68,2.68,2.68,1.0,0.0,12.0,0.0,0.4,0.9,15.3,15.3,15.3,15.3,1.0,0.0,12.0,0.0,0.4,0.9,69.6,69.6,69.6,69.6,1.0,0.0,12.0,0.0,0.4,0.9,25.3,25.3,25.3,25.3,1.0,0.0,12.0,0.0,0.4,0.9,35.2,35.2,35.2,35.2,1.0,0.0,12.0,0.0,0.4,0.9,12.8,12.8,12.8,12.8,1.0,0.0,12.0,0.0,0.4,0.9,14.4,14.4,14.4,14.4,1.0,0.0,12.0,0.0,0.4,0.9,5.2,5.2,5.2,5.2,1.0,0.0,12.0,0.0,0.4,0.9,185.0,185.0,185.0,185.0,1.0,0.0,12.0,0.0,0.4,0.9,185.0,185.0,185.0,185.0,1.0,0.0,12.0,0.0,0.4,0.9
1974,2,123.0,-38.0,,,,,,,,,,,,,,,,,,,,,,,,,,,,,,,,,,,,,,,,7.2,7.2,7.2,7.2,1.0,0.0,22.0,1.0,0.0,0.6,6.77,6.77,6.77,6.77,1.0,0.0,22.0,1.0,0.0,0.6,2.46,2.46,2.46,2.46,1.0,0.0,22.0,1.0,0.0,0.6,1015.3,1015.3,1015.3,1015.3,1.0,0.0,22.0,1.0,0.0,0.6,2.0,2.0,2.0,2.0,1.0,0.0,22.0,1.0,0.0,0.6,48.7,48.7,48.7,48.7,1.0,0.0,22.0,1.0,0.0,0.6,17.7,17.7,17.7,17.7,1.0,0.0,22.0,1.0,0.0,0.6,,,,,,,,,,,,,,,,,,,,,,,,,,,,,,,,,,,,,,,,,91.3,91.3,91.3,91.3,1.0,0.0,22.0,1.0,0.0,0.6,33.2,33.2,33.2,33.2,1.0,0.0,22.0,1.0,0.0,0.6,32.8,32.8,32.8,32.8,1.0,0.0,22.0,1.0,0.0,0.6,11.9,11.9,11.9,11.9,1.0,0.0,22.0,1.0,0.0,0.6,,,,,,,,,,,,,,,,,,,,,,,,,,,,,,,,,,,,,,,,
1974,2,123.0,-37.0,17.46,18.55,19.74,18.55,10.0,1.11,12.0,0.3,0.4,0.7,16.51,17.1,18.79,17.42,14.0,1.26,14.0,0.4,0.4,0.8,7.83,9.9,12.77,10.21,12.0,2.33,14.0,0.4,0.4,0.8,68.6,80.8,93.9,81.1,12.0,12.1,14.0,0.4,0.8,4.6,7.7,11.67,7.4,14.0,4.36,14.0,0.4,0.4,0.8,-4.63,-2.68,0.0,-2.36,14.0,2.79,14.0,0.4,0.4,0.8,-9.49,0.0,7.52,-0.65,14.0,7.98,14.0,0.4,0.4,0.8,1008.85,1015.7,1025.15,1016.0,14.0,7.36,14.0,0.4,0.4,0.8,3.1,7.0,7.9,5.8,14.0,2.5,14.0,0.4,0.4,0.8,-50.8,-18.3,0.0,-23.3,14.0,26.5,14.0,0.4,0.4,0.8,-92.3,0.0,57.6,-13.6,14.0,91.7,14.0,0.4,0.4,0.8,0.69,1.3,2.27,1.25,10.0,1.63,12.0,0.3,0.4,0.7,3.3,10.3,22.8,11.3,10.0,12.2,12.0,0.3,0.4,0.7,1.14,3.37,5.25,3.15,9.0,2.31,12.0,0.2,0.4,0.8,7.6,23.8,44.0,27.3,9.0,22.9,12.0,0.2,0.4,0.8,-82.6,-48.1,0.0,-42.4,14.0,48.7,14.0,0.4,0.4,0.8,-179.6,0.0,114.6,-18.6,14.0,141.2,14.0,0.4,0.4,0.8,-51.0,-38.7,2.5,-27.6,12.0,29.0,14.0,0.4,0.4,0.8,-130.4,-20.8,58.0,-27.9,12.0,86.9,14.0,0.4,0.4,0.8,-19.6,-3.6,5.2,-7.5,9.0,15.0,12.0,0.2,0.4,0.8,-13.0,10.0,37.4,15.1,9.0,28.7,12.0,0.2,0.4,0.8,97.5,456.5,1598.5,784.0,14.0,963.0,14.0,0.4,0.4,0.8,95.0,455.0,1600.0,785.0,14.0,965.0,14.0,0.4,0.4,0.8
1974,2,123.0,-36.0,17.91,18.6,19.44,18.45,8.0,1.23,20.0,0.5,0.5,0.7,15.31,17.5,20.45,17.79,9.0,2.35,18.0,0.4,0.4,0.6,7.78,8.92,12.72,10.09,9.0,2.5,18.0,0.4,0.4,0.6,70.1,75.2,90.6,78.4,9.0,9.6,18.0,0.4,0.6,2.66,7.45,9.18,7.66,8.0,5.89,20.0,0.4,0.5,0.6,-6.79,-1.65,1.11,-0.29,8.0,7.99,20.0,0.4,0.5,0.6,-3.07,-2.15,6.55,0.09,8.0,6.15,20.0,0.4,0.5,0.6,1010.61,1015.0,1020.2,1014.86,9.0,7.01,18.0,0.4,0.4,0.6,5.0,8.0,8.0,6.3,9.0,2.4,18.0,0.4,0.4,0.6,-52.8,-4.3,8.0,27.4,8.0,140.0,20.0,0.4,0.5,0.6,-22.7,-7.0,46.0,16.3,8.0,87.2,20.0,0.4,0.5,0.6,-1.33,0.65,1.51,0.34,8.0,1.45,20.0,0.5,0.5,0.7,-11.8,2.5,4.7,-0.3,7.0,11.2,22.0,0.4,0.5,0.7,1.29,3.43,4.18,2.9,8.0,1.81,20.0,0.5,0.5,0.7,3.0,12.6,24.7,21.1,7.0,29.7,22.0,0.4,0.5,0.7,-140.9,-29.5,16.9,-17.2,8.0,132.8,20.0,0.4,0.5,0.6,-55.2,-43.0,99.9,-9.6,8.0,106.8,20.0,0.4,0.5,0.6,-77.2,-17.9,9.2,-15.3,8.0,69.1,20.0,0.4,0.5,0.6,-35.3,-24.2,54.1,-10.4,8.0,61.2,20.0,0.4,0.5,0.6,-13.6,-2.5,3.8,4.8,7.0,31.7,22.0,0.4,0.5,0.7,-7.6,-2.1,10.8,3.7,7.0,18.7,22.0,0.4,0.5,0.7,19.0,415.0,776.5,1374.0,8.0,2991.0,20.0,0.4,0.5,0.6,20.0,415.0,775.0,1375.0,8.0,2990.0,20.0,0.4,0.5,0.6
1974,2,123.0,-35.0,20.0,20.0,20.0,20.0,1.0,0.0,2.0,1.0,0.1,0.7,22.0,22.0,22.0,22.0,1.0,0.0,2.0,1.0,0.1,0.7,13.61,13.61,13.61,13.61,1.0,0.0,2.0,1.0,0.1,0.7,82.6,82.6,82.6,82.6,1.0,0.0,2.0,1.0,0.7,9.3,9.3,9.3,9.3,1.0,0.0,2.0,1.0,0.1,0.7,8.05,8.05,8.05,8.05,1.0,0.0,2.0,1.0,0.1,0.7,4.65,4.65,4.65,4.65,1.0,0.0,2.0,1.0,0.1,0.7,1010.0,1010.0,1010.0,1010.0,1.0,0.0,2.0,1.0,0.1,0.7,7.0,7.0,7.0,7.0,1.0,0.0,2.0,1.0,0.1,0.7,74.9,74.9,74.9,74.9,1.0,0.0,2.0,1.0,0.1,0.7,43.2,43.2,43.2,43.2,1.0,0.0,2.0,1.0,0.1,0.7,-2.0,-2.0,-2.0,-2.0,1.0,0.0,2.0,1.0,0.1,0.7,-18.6,-18.6,-18.6,-18.6,1.0,0.0,2.0,1.0,0.1,0.7,0.97,0.97,0.97,0.97,1.0,0.0,2.0,1.0,0.1,0.7,9.1,9.1,9.1,9.1,1.0,0.0,2.0,1.0,0.1,0.7,177.2,177.2,177.2,177.2,1.0,0.0,2.0,1.0,0.1,0.7,102.3,102.3,102.3,102.3,1.0,0.0,2.0,1.0,0.1,0.7,109.6,109.6,109.6,109.6,1.0,0.0,2.0,1.0,0.1,0.7,63.3,63.3,63.3,63.3,1.0,0.0,2.0,1.0,0.1,0.7,7.8,7.8,7.8,7.8,1.0,0.0,2.0,1.0,0.1,0.7,4.5,4.5,4.5,4.5,1.0,0.0,2.0,1.0,0.1,0.7,804.5,804.5,804.5,804.5,1.0,0.0,2.0,1.0,0.1,0.7,805.0,805.0,805.0,805.0,1.0,0.0,2.0,1.0,0.1,0.7
1974,2,123.0,-17.0,27.8,27.8,27.8,27.8,1.0,0.0,4.0,0.0,0.1,0.8,28.4,28.4,28.4,28.4,1.0,0.0,4.0,0.0,0.1,0.8,19.46,19.46,19.46,19.46,1.0,0.0,4.0,0.0,0.1,0.8,79.9,79.9,79.9,79.9,1.0,0.0,4.0,0.0,0.8,3.6,3.6,3.6,3.6,1.0,0.0,4.0,0.0,0.1,0.8,3.12,3.12,3.12,3.12,1.0,0.0,4.0,0.0,0.1,0.8,1.8,1.8,1.8,1.8,1.0,0.0,4.0,0.0,0.1,0.8,1004.9,1004.9,1004.9,1004.9,1.0,0.0,4.0,0.0,0.1,0.8,2.0,2.0,2.0,2.0,1.0,0.0,4.0,0.0,0.1,0.8,11.2,11.2,11.2,11.2,1.0,0.0,4.0,0.0,0.1,0.8,6.5,6.5,6.5,6.5,1.0,0.0,4.0,0.0,0.1,0.8,-0.6,-0.6,-0.6,-0.6,1.0,0.0,4.0,0.0,0.1,0.8,-2.2,-2.2,-2.2,-2.2,1.0,0.0,4.0,0.0,0.1,0.8,4.12,4.12,4.12,4.12,1.0,0.0,4.0,0.0,0.1,0.8,14.8,14.8,14.8,14.8,1.0,0.0,4.0,0.0,0.1,0.8,88.5,88.5,88.5,88.5,1.0,0.0,4.0,0.0,0.1,0.8,51.1,51.1,51.1,51.1,1.0,0.0,4.0,0.0,0.1,0.8,60.7,60.7,60.7,60.7,1.0,0.0,4.0,0.0,0.1,0.8,35.0,35.0,35.0,35.0,1.0,0.0,4.0,0.0,0.1,0.8,12.8,12.8,12.8,12.8,1.0,0.0,4.0,0.0,0.1,0.8,7.4,7.4,7.4,7.4,1.0,0.0,4.0,0.0,0.1,0.8,46.5,46.5,46.5,46.5,1.0,0.0,4.0,0.0,0.1,0.8,45.0,45.0,45.0,45.0,1.0,0.0,4.0,0.0,0.1,0.8
1974,2,123.0,-16.0,27.8,27.8,27.8,27.8,1.0,0.0,20.0,0.0,0.0,0.6,28.5,28.5,28.5,28.5,1.0,0.0,20.0,0.0,0.0,0.6,21.82,21.82,21.82,21.82,1.0,0.0,20.0,0.0,0.0,0.6,88.9,88.9,88.9,88.9,1.0,0.0,20.0,0.0,0.6,9.3,9.3,9.3,9.3,1.0,0.0,20.0,0.0,0.0,0.6,8.74,8.74,8.74,8.74,1.0,0.0,20.0,0.0,0.0,0.6,-3.18,-3.18,-3.18,-3.18,1.0,0.0,20.0,0.0,0.0,0.6,1004.8,1004.8,1004.8,1004.8,1.0,0.0,20.0,0.0,0.0,0.6,2.0,2.0,2.0,2.0,1.0,0.0,20.0,0.0,0.0,0.6,81.3,81.3,81.3,81.3,1.0,0.0,20.0,0.0,0.0,0.6,-29.6,-29.6,-29.6,-29.6,1.0,0.0,20.0,0.0,0.0,0.6,-0.7,-0.7,-0.7,-0.7,1.0,0.0,20.0,0.0,0.0,0.6,-6.5,-6.5,-6.5,-6.5,1.0,0.0,20.0,0.0,0.0,0.6,1.76,1.76,1.76,1.76,1.0,0.0,20.0,0.0,0.0,0.6,16.3,16.3,16.3,16.3,1.0,0.0,20.0,0.0,0.0,0.6,249.1,249.1,249.1,249.1,1.0,0.0,20.0,0.0,0.0,0.6,-90.7,-90.7,-90.7,-90.7,1.0,0.0,20.0,0.0,0.0,0.6,190.7,190.7,190.7,190.7,1.0,0.0,20.0,0.0,0.0,0.6,-69.4,-69.4,-69.4,-69.4,1.0,0.0,20.0,0.0,0.0,0.6,15.4,15.4,15.4,15.4,1.0,0.0,20.0,0.0,0.0,0.6,-5.6,-5.6,-5.6,-5.6,1.0,0.0,20.0,0.0,0.0,0.6,804.5,804.5,804.5,804.5,1.0,0.0,20.0,0.0,0.0,0.6,805.0,805.0,805.0,805.0,1.0,0.0,20.0,0.0,0.0,0.6
1974,2,123.0,-11.0,28.24,28.75,29.26,28.75,2.0,1.06,12.0,1.0,0.0,0.8,26.06,27.25,28.44,27.25,2.0,2.47,12.0,1.0,0.0,0.8,19.21,19.98,20.75,19.98,2.0,1.59,12.0,1.0,0.0,0.8,85.2,87.9,90.7,87.9,2.0,5.7,12.0,1.0,0.8,3.59,4.65,5.71,4.65,2.0,2.19,12.0,1.0,0.0,0.8,2.75,3.56,4.37,3.56,2.0,1.68,12.0,1.0,0.0,0.8,-3.67,-2.99,-2.31,-2.99,2.0,1.41,12.0,1.0,0.0,0.8,1006.35,1007.1,1007.85,1007.1,2.0,1.56,12.0,1.0,0.0,0.8,7.0,7.0,7.0,7.0,2.0,0.0,12.0,1.0,0.0,0.8,10.9,18.4,25.9,18.4,2.0,15.6,12.0,1.0,0.0,0.8,-21.8,-15.4,-9.1,-15.4,2.0,13.1,12.0,1.0,0.0,0.8,0.82,1.5,2.18,1.5,2.0,1.41,12.0,1.0,0.0,0.8,3.8,5.4,7.0,5.4,2.0,3.3,12.0,1.0,0.0,0.8,4.89,4.92,4.96,4.92,2.0,0.07,12.0,1.0,0.0,0.8,17.8,22.8,27.9,22.8,2.0,10.5,12.0,1.0,0.0,0.8,72.8,99.1,125.5,99.1,2.0,54.6,12.0,1.0,0.0,0.8,-105.3,-83.2,-61.1,-83.2,2.0,45.8,12.0,1.0,0.0,0.8,53.6,72.5,91.4,72.5,2.0,39.2,12.0,1.0,0.0,0.8,-76.7,-60.8,-45.0,-60.8,2.0,32.9,12.0,1.0,0.0,0.8,13.6,17.5,21.3,17.5,2.0,8.0,12.0,1.0,0.0,0.8,-17.9,-14.7,-11.4,-14.7,2.0,6.7,12.0,1.0,0.0,0.8,63.0,134.0,205.0,134.0,2.0,147.5,12.0,1.0,0.0,0.8,65.0,135.0,205.0,135.0,2.0,145.0,12.0,1.0,0.0,0.8
1974,2,123.0,-10.0,27.09,28.0,30.0,28.21,11.0,1.46,16.0,0.6,0.4,0.6,26.87,27.85,29.0,28.0,12.0,1.3,16.0,0.6,0.4,0.6,18.25,18.89,20.13,19.19,12.0,1.4,16.0,0.6,0.4,0.6,76.4,81.2,83.3,80.7,12.0,4.8,16.0,0.6,0.6,3.98,4.6,6.41,5.23,11.0,2.05,14.0,0.5,0.3,0.6,1.72,4.32,5.55,3.86,11.0,3.18,14.0,0.5,0.3,0.6,-3.04,0.0,1.64,-0.55,11.0,2.73,14.0,0.5,0.3,0.6,1004.58,1006.2,1008.05,1006.35,13.0,2.07,16.0,0.6,0.4,0.6,4.0,7.0,8.0,6.1,13.0,1.7,16.0,0.6,0.4,0.6,5.4,19.9,31.1,23.2,11.0,30.9,14.0,0.5,0.3,0.6,-12.2,0.0,7.9,-3.3,11.0,15.6,14.0,0.5,0.3,0.6,-2.25,0.0,3.5,0.16,11.0,2.53,16.0,0.6,0.4,0.6,-11.1,0.0,9.4,-1.4,9.0,12.1,14.0,0.6,0.3,0.6,2.11,4.74,7.57,4.97,11.0,2.72,16.0,0.6,0.4,0.6,6.7,22.4,30.2,20.0,9.0,10.5,14.0,0.6,0.3,0.6,39.2,113.6,139.9,100.1,10.0,91.5,14.0,0.5,0.3,0.6,-92.5,0.0,47.9,-18.2,10.0,83.6,14.0,0.5,0.3,0.6,28.2,74.1,94.8,67.1,10.0,62.4,14.0,0.5,0.3,0.6,-69.3,0.0,31.4,-14.9,10.0,60.1,14.0,0.5,0.3,0.6,5.0,20.0,22.0,14.8,9.0,10.3,14.0,0.6,0.3,0.6,-13.4,0.0,9.9,-2.1,9.0,14.1,14.0,0.6,0.3,0.6,69.5,97.5,264.0,212.0,11.0,303.5,14.0,0.5,0.3,0.6,70.0,95.0,265.0,210.0,11.0,305.0,14.0,0.5,0.3,0.6
1974,2,123.0,-9.0,27.82,28.75,29.52,28.68,4.0,1.16,20.0,0.3,0.6,0.6,26.45,28.0,28.44,27.6,5.0,1.21,22.0,0.4,0.5,0.5,17.03,17.99,20.65,18.8,5.0,2.24,22.0,0.4,0.5,0.5,75.3,79.1,86.4,80.9,5.0,8.1,22.0,0.4,0.5,1.65,5.1,8.07,4.82,5.0,3.59,22.0,0.4,0.5,0.5,1.63,4.79,7.72,4.63,5.0,3.47,22.0,0.4,0.5,0.5,-1.6,-0.45,0.96,-0.21,5.0,1.75,22.0,0.4,0.5,0.5,1004.03,1005.0,1006.65,1005.28,5.0,1.37,22.0,0.4,0.5,0.5,5.3,6.0,7.4,6.2,5.0,1.5,22.0,0.4,0.5,0.5,4.2,24.4,62.6,32.3,5.0,32.0,22.0,0.4,0.5,0.5,-10.4,-1.2,7.4,-0.6,5.0,12.9,22.0,0.4,0.5,0.5,-0.81,1.45,3.13,1.18,4.0,2.51,20.0,0.3,0.6,0.6,-9.1,1.9,12.0,1.5,4.0,15.1,20.0,0.3,0.6,0.6,5.09,7.39,8.75,6.94,4.0,2.86,20.0,0.3,0.6,0.6,12.6,38.6,54.1,33.6,4.0,26.0,20.0,0.3,0.6,0.6,45.5,125.6,220.0,130.0,5.0,100.0,22.0,0.4,0.5,0.5,-44.7,-12.6,26.9,-5.7,5.0,48.6,22.0,0.4,0.5,0.5,36.2,81.1,140.1,86.1,5.0,64.3,22.0,0.4,0.5,0.5,-29.6,-10.1,16.4,-4.9,5.0,30.7,22.0,0.4,0.5,0.5,12.4,36.9,50.9,31.9,4.0,24.4,20.0,0.3,0.6,0.6,-11.3,-2.3,10.3,-0.6,4.0,15.3,20.0,0.3,0.6,0.6,11.0,132.5,530.5,253.0,5.0,291.5,22.0,0.4,0.5,0.5,10.0,135.0,530.0,255.0,5.0,290.0,22.0,0.4,0.5,0.5
1974,2,123.0,-8.0,28.09,28.7,29.31,28.7,2.0,1.27,16.0,1.0,0.5,0.2,27.78,27.95,28.12,27.95,2.0,0.35,16.0,1.0,0.5,0.2,20.06,20.13,20.2,20.13,2.0,0.14,16.0,1.0,0.5,0.2,83.9,85.0,86.2,85.0,2.0,2.5,16.0,1.0,0.2,5.35,5.9,6.45,5.9,2.0,1.13,16.0,1.0,0.5,0.2,4.95,5.3,5.64,5.3,2.0,0.71,16.0,1.0,0.5,0.2,-3.1,-2.55,-2.0,-2.55,2.0,1.14,16.0,1.0,0.5,0.2,1006.7,1007.35,1008.0,1007.35,2.0,1.34,16.0,1.0,0.5,0.2,6.2,6.5,6.8,6.5,2.0,0.7,16.0,1.0,0.5,0.2,26.7,31.7,36.6,31.7,2.0,10.2,16.0,1.0,0.5,0.2,-20.3,-15.7,-11.0,-15.7,2.0,9.6,16.0,1.0,0.5,0.2,0.31,0.75,1.19,0.75,2.0,0.92,16.0,1.0,0.5,0.2,1.9,4.9,8.0,4.9,2.0,6.3,16.0,1.0,0.5,0.2,3.72,4.71,5.69,4.71,2.0,2.04,16.0,1.0,0.5,0.2,20.5,28.9,37.3,28.9,2.0,17.4,16.0,1.0,0.5,0.2,137.7,148.2,158.7,148.2,2.0,21.8,16.0,1.0,0.5,0.2,-87.1,-71.4,-55.6,-71.4,2.0,32.6,16.0,1.0,0.5,0.2,100.0,106.6,113.2,106.6,2.0,13.6,16.0,1.0,0.5,0.2,-62.0,-51.2,-40.3,-51.2,2.0,22.5,16.0,1.0,0.5,0.2,18.8,25.7,32.5,25.7,2.0,14.2,16.0,1.0,0.5,0.2,-18.2,-13.1,-8.1,-13.1,2.0,10.5,16.0,1.0,0.5,0.2,159.5,216.5,274.0,216.5,2.0,119.0,16.0,1.0,0.5,0.2,160.0,215.0,275.0,215.0,2.0,120.0,16.0,1.0,0.5,0.2
1974,2,123.0,-6.0,27.97,28.55,29.13,28.55,2.0,1.2,16.0,0.0,0.5,0.8,25.95,26.7,27.45,26.7,2.0,1.56,16.0,0.0,0.5,0.8,18.18,18.73,19.27,18.73,2.0,1.13,16.0,0.0,0.5,0.8,79.4,85.7,91.9,85.7,2.0,12.9,16.0,0.0,0.8,5.27,5.65,6.03,5.65,2.0,0.78,16.0,0.0,0.5,0.8,3.68,4.55,5.42,4.55,2.0,1.8,16.0,0.0,0.5,0.8,-2.95,-0.89,1.16,-0.89,2.0,4.26,16.0,0.0,0.5,0.8,1007.7,1007.7,1007.7,1007.7,2.0,0.0,16.0,0.0,0.5,0.8,8.0,8.0,8.0,8.0,2.0,0.0,16.0,0.0,0.5,0.8,19.8,26.4,33.0,26.4,2.0,13.7,16.0,0.0,0.5,0.8,-14.7,-3.4,7.9,-3.4,2.0,23.4,16.0,0.0,0.5,0.8,0.52,1.85,3.18,1.85,2.0,2.76,16.0,0.0,0.5,0.8,2.6,9.4,16.2,9.4,2.0,14.1,16.0,0.0,0.5,0.8,5.58,5.88,6.17,5.88,2.0,0.62,16.0,0.0,0.5,0.8,32.4,33.0,33.5,33.0,2.0,1.1,16.0,0.0,0.5,0.8,96.3,122.9,149.6,122.9,2.0,55.2,16.0,0.0,0.5,0.8,-74.8,-20.5,33.7,-20.5,2.0,112.4,16.0,0.0,0.5,0.8,70.4,84.2,98.0,84.2,2.0,28.6,16.0,0.0,0.5,0.8,-58.1,-19.1,19.9,-19.1,2.0,80.8,16.0,0.0,0.5,0.8,22.4,26.2,30.0,26.2,2.0,7.8,16.0,0.0,0.5,0.8,-18.9,-6.6,5.8,-6.6,2.0,25.6,16.0,0.0,0.5,0.8,149.5,185.5,221.5,185.5,2.0,74.5,16.0,0.0,0.5,0.8,150.0,185.0,220.0,185.0,2.0,75.0,16.0,0.0,0.5,0.8
1974,2,123.0,3.0,30.7,30.7,30.7,30.7,1.0,0.0,12.0,1.0,0.5,0.6,29.6,29.6,29.6,29.6,1.0,0.0,12.0,1.0,0.5,0.6,20.99,20.99,20.99,20.99,1.0,0.0,12.0,1.0,0.5,0.6,80.5,80.5,80.5,80.5,1.0,0.0,12.0,1.0,0.6,,,,,,,,,,,,,,,,,,,,,,,,,,,,,,,,,,,,,,,,,,,,,,,,,,,,,,,,,,,,,,,,,,,,,,,,,,,,,,,,,,,,,,,,,,,,,,,,,,,,,,,,,,,,,,,,,,,,,,,,,,,,,,,,,,,,,,,,,,,,,,,,,,,,,,,,,,,,,,,,,,,,,,,,,,,,,,,,,,,,,,,,,,,,,,
1974,2,123.0,4.0,27.08,28.1,28.3,27.7,3.0,0.96,8.0,0.7,0.6,0.3,25.23,25.3,28.85,27.0,3.0,3.03,8.0,0.7,0.6,0.3,17.74,18.07,20.87,19.27,3.0,2.52,8.0,0.7,0.6,0.3,82.7,87.1,88.9,85.8,3.0,4.7,8.0,0.7,0.3,2.76,3.1,3.44,3.1,2.0,0.71,10.0,0.5,0.8,0.1,-0.87,0.86,2.58,0.86,2.0,3.57,10.0,0.5,0.8,0.1,-1.48,-0.38,0.72,-0.38,2.0,2.28,10.0,0.5,0.8,0.1,1006.42,1006.9,1008.2,1007.3,3.0,1.35,8.0,0.7,0.6,0.3,7.0,7.0,7.0,7.0,2.0,0.0,8.0,1.0,0.4,0.3,-1.7,3.9,9.6,3.9,2.0,11.7,10.0,0.5,0.8,0.1,-3.7,-0.4,2.9,-0.4,2.0,6.8,10.0,0.5,0.8,0.1,-1.23,1.3,2.6,0.7,3.0,2.85,8.0,0.7,0.6,0.3,-5.9,-0.2,5.6,-0.2,2.0,12.0,10.0,0.5,0.8,0.1,2.57,4.28,5.68,4.13,3.0,2.28,8.0,0.7,0.6,0.3,8.0,11.4,14.9,11.4,2.0,7.1,10.0,0.5,0.8,0.1,-19.1,30.5,80.1,30.5,2.0,102.7,10.0,0.5,0.8,0.1,-36.3,-6.3,23.6,-6.3,2.0,62.0,10.0,0.5,0.8,0.1,-13.5,22.4,58.3,22.4,2.0,74.4,10.0,0.5,0.8,0.1,-25.9,-4.3,17.3,-4.3,2.0,44.7,10.0,0.5,0.8,0.1,-7.9,-2.3,3.4,-2.3,2.0,11.7,10.0,0.5,0.8,0.1,-10.3,-5.2,-0.2,-5.2,2.0,10.5,10.0,0.5,0.8,0.1,22.0,32.0,42.0,32.0,2.0,20.5,10.0,0.5,0.8,0.1,20.0,30.0,40.0,30.0,2.0,20.0,10.0,0.5,0.8,0.1
1974,2,123.0,5.0,27.59,28.0,28.14,27.87,3.0,0.42,8.0,0.3,0.2,0.3,25.58,26.6,28.03,26.8,3.0,1.81,8.0,0.3,0.2,0.3,17.91,17.93,20.1,18.98,3.0,1.85,8.0,0.3,0.2,0.3,83.1,85.4,88.4,85.7,3.0,3.8,8.0,0.3,0.3,0.16,0.5,2.27,1.2,3.0,1.66,8.0,0.3,0.2,0.3,-1.62,0.0,0.06,-0.76,3.0,1.4,8.0,0.3,0.2,0.3,-1.36,0.0,0.34,-0.5,3.0,1.32,8.0,0.3,0.2,0.3,1007.63,1007.7,1008.59,1008.1,3.0,0.78,8.0,0.3,0.2,0.3,6.6,8.0,8.0,7.3,3.0,1.2,8.0,0.3,0.2,0.3,-5.0,0.0,0.0,-2.4,3.0,4.3,8.0,0.3,0.2,0.3,-4.2,0.0,0.2,-2.0,3.0,3.6,8.0,0.3,0.2,0.3,-0.22,0.8,2.37,1.07,3.0,1.91,8.0,0.3,0.2,0.3,0.1,0.4,6.7,3.3,3.0,5.4,8.0,0.3,0.2,0.3,3.42,5.02,5.79,4.61,3.0,1.77,8.0,0.3,0.2,0.3,0.8,2.5,13.8,7.2,3.0,10.3,8.0,0.3,0.2,0.3,-40.7,0.0,1.6,-19.1,3.0,35.1,8.0,0.3,0.2,0.3,-34.1,0.0,8.9,-12.3,3.0,33.3,8.0,0.3,0.2,0.3,-29.1,0.0,1.1,-13.7,3.0,25.0,8.0,0.3,0.2,0.3,-24.4,0.0,6.0,-9.0,3.0,23.6,8.0,0.3,0.2,0.3,-10.0,0.0,0.3,-4.7,3.0,8.6,8.0,0.3,0.2,0.3,-8.4,0.0,1.7,-3.3,3.0,7.9,8.0,0.3,0.2,0.3,0.0,0.0,20.5,10.0,3.0,17.0,8.0,0.3,0.2,0.3,0.0,0.0,20.0,10.0,3.0,15.0,8.0,0.3,0.2,0.3
1974,2,123.0,6.0,27.13,27.4,27.67,27.4,2.0,0.57,16.0,0.0,0.5,0.1,27.42,27.9,28.38,27.9,2.0,0.99,16.0,0.0,0.5,0.1,19.87,19.87,19.87,19.87,1.0,0.0,16.0,0.0,0.5,0.2,80.9,80.9,80.9,80.9,1.0,0.0,16.0,0.0,0.2,0.48,1.5,2.52,1.5,2.0,2.12,16.0,0.0,0.5,0.1,0.08,0.26,0.44,0.26,2.0,0.37,16.0,0.0,0.5,0.1,0.47,1.48,2.49,1.48,2.0,2.09,16.0,0.0,0.5,0.1,1008.22,1008.25,1008.28,1008.25,2.0,0.07,16.0,0.0,0.5,0.1,5.3,6.0,6.7,6.0,2.0,1.4,16.0,0.0,0.5,0.1,0.2,0.8,1.3,0.8,2.0,1.1,16.0,0.0,0.5,0.1,1.4,4.4,7.5,4.4,2.0,6.3,16.0,0.0,0.5,0.1,-0.7,-0.5,-0.3,-0.5,2.0,0.42,16.0,0.0,0.5,0.1,-0.5,-0.3,-0.1,-0.3,2.0,0.4,16.0,0.0,0.5,0.1,3.63,3.63,3.63,3.63,1.0,0.0,16.0,0.0,0.5,0.2,0.0,0.0,0.0,0.0,1.0,0.0,16.0,0.0,0.5,0.2,2.2,7.1,11.9,7.1,2.0,10.0,16.0,0.0,0.5,0.1,12.8,40.2,67.6,40.2,2.0,56.8,16.0,0.0,0.5,0.1,0.0,0.0,0.0,0.0,1.0,0.0,16.0,0.0,0.5,0.2,0.0,0.0,0.0,0.0,1.0,0.0,16.0,0.0,0.5,0.2,0.0,0.0,0.0,0.0,1.0,0.0,16.0,0.0,0.5,0.2,0.0,0.0,0.0,0.0,1.0,0.0,16.0,0.0,0.5,0.2,4.5,13.5,22.5,13.5,2.0,19.0,16.0,0.0,0.5,0.1,5.0,15.0,25.0,15.0,2.0,20.0,16.0,0.0,0.5,0.1
1974,2,123.0,8.0,25.6,25.6,26.35,25.97,3.0,0.64,24.0,1.0,0.1,0.9,27.74,28.9,29.17,28.47,3.0,1.12,24.0,1.0,0.1,0.9,18.32,19.91,19.91,19.13,3.0,1.34,24.0,1.0,0.1,0.9,77.7,77.8,79.0,78.3,3.0,1.0,24.0,1.0,0.9,6.2,6.2,7.22,6.7,3.0,0.87,24.0,1.0,0.1,0.9,-5.53,-4.75,-2.24,-3.91,3.0,2.52,24.0,1.0,0.1,0.9,-5.74,-4.95,-4.29,-5.01,3.0,1.06,24.0,1.0,0.1,0.9,1006.4,1006.4,1007.83,1007.1,3.0,1.21,24.0,1.0,0.1,0.9,3.6,5.0,5.7,4.7,3.0,1.5,24.0,1.0,0.1,0.9,-40.3,-29.4,-13.9,-27.2,3.0,19.5,24.0,1.0,0.1,0.9,-38.0,-37.9,-28.9,-33.6,3.0,7.7,24.0,1.0,0.1,0.9,-3.22,-2.2,-1.79,-2.5,3.0,1.08,24.0,1.0,0.1,0.9,-23.8,-13.6,-11.1,-17.3,3.0,9.8,24.0,1.0,0.1,0.9,1.18,2.14,2.73,1.96,3.0,1.15,24.0,1.0,0.1,0.9,8.1,13.3,16.9,12.5,3.0,6.5,24.0,1.0,0.1,0.9,-159.0,-129.2,-62.2,-111.0,3.0,72.6,24.0,1.0,0.1,0.9,-166.5,-145.0,-120.0,-143.3,3.0,34.1,24.0,1.0,0.1,0.9,-106.7,-83.5,-41.1,-74.1,3.0,48.7,24.0,1.0,0.1,0.9,-114.2,-98.5,-79.1,-96.7,3.0,25.8,24.0,1.0,0.1,0.9,-11.1,-4.3,-2.9,-7.0,3.0,6.4,24.0,1.0,0.1,0.9,-12.7,-12.0,-6.3,-9.6,3.0,5.2,24.0,1.0,0.1,0.9,238.5,238.5,387.5,311.0,3.0,126.0,24.0,1.0,0.1,0.9,240.0,240.0,385.0,310.0,3.0,125.0,24.0,1.0,0.1,0.9
1974,2,123.0,9.0,26.29,26.7,27.79,27.03,3.0,1.14,22.0,0.7,0.4,0.3,25.29,26.45,27.4,26.35,4.0,1.24,22.0,0.8,0.4,0.2,19.08,19.39,19.7,19.39,2.0,0.65,22.0,1.0,0.2,0.4,83.0,84.7,86.5,84.7,2.0,3.6,22.0,1.0,0.4,4.31,5.4,6.75,5.53,4.0,1.7,22.0,0.8,0.4,0.2,-5.78,-4.58,-3.52,-4.65,4.0,1.61,22.0,0.8,0.4,0.2,-3.76,-2.99,-2.02,-2.89,4.0,1.03,22.0,0.8,0.4,0.2,1008.58,1009.3,1009.76,1009.18,4.0,0.81,22.0,0.8,0.4,0.2,3.5,4.5,6.6,5.0,4.0,2.2,22.0,0.8,0.4,0.2,-38.7,-24.7,-16.8,-27.7,4.0,17.3,22.0,0.8,0.4,0.2,-25.5,-14.9,-8.6,-16.9,4.0,10.3,22.0,0.8,0.4,0.2,-0.25,0.5,0.7,0.23,3.0,0.74,22.0,0.7,0.4,0.3,-1.1,3.9,4.0,1.5,3.0,4.3,22.0,0.7,0.4,0.3,2.63,3.7,4.78,3.7,2.0,2.22,22.0,1.0,0.2,0.4,14.5,19.5,24.6,19.5,2.0,10.4,22.0,1.0,0.2,0.4,-152.2,-125.5,-92.9,-122.7,4.0,42.0,22.0,0.8,0.4,0.2,-99.3,-78.2,-52.7,-76.1,4.0,27.1,22.0,0.8,0.4,0.2,-90.1,-88.7,-87.3,-88.7,2.0,2.9,22.0,1.0,0.2,0.4,-66.4,-52.9,-39.3,-52.9,2.0,28.1,22.0,1.0,0.2,0.4,-22.7,-17.3,-11.9,-17.3,2.0,11.3,22.0,1.0,0.2,0.4,-9.0,-8.5,-8.0,-8.5,2.0,1.0,22.0,1.0,0.2,0.4,87.5,159.0,327.5,205.5,4.0,177.0,22.0,0.8,0.4,0.2,90.0,160.0,325.0,205.0,4.0,175.0,22.0,0.8,0.4,0.2
1974,2,123.0,10.0,24.4,24.4,24.4,24.4,1.0,0.0,20.0,0.0,0.9,0.9,26.2,26.2,26.2,26.2,1.0,0.0,20.0,0.0,0.9,0.9,18.68,18.68,18.68,18.68,1.0,0.0,20.0,0.0,0.9,0.9,87.7,87.7,87.7,87.7,1.0,0.0,20.0,0.0,0.9,2.1,2.1,2.1,2.1,1.0,0.0,20.0,0.0,0.9,0.9,-1.35,-1.35,-1.35,-1.35,1.0,0.0,20.0,0.0,0.9,0.9,-1.61,-1.61,-1.61,-1.61,1.0,0.0,20.0,0.0,0.9,0.9,1009.1,1009.1,1009.1,1009.1,1.0,0.0,20.0,0.0,0.9,0.9,2.0,2.0,2.0,2.0,1.0,0.0,20.0,0.0,0.9,0.9,-2.8,-2.8,-2.8,-2.8,1.0,0.0,20.0,0.0,0.9,0.9,-3.4,-3.4,-3.4,-3.4,1.0,0.0,20.0,0.0,0.9,0.9,-1.8,-1.8,-1.8,-1.8,1.0,0.0,20.0,0.0,0.9,0.9,-3.8,-3.8,-3.8,-3.8,1.0,0.0,20.0,0.0,0.9,0.9,0.46,0.46,0.46,0.46,1.0,0.0,20.0,0.0,0.9,0.9,1.0,1.0,1.0,1.0,1.0,0.0,20.0,0.0,0.9,0.9,-35.4,-35.4,-35.4,-35.4,1.0,0.0,20.0,0.0,0.9,0.9,-42.1,-42.1,-42.1,-42.1,1.0,0.0,20.0,0.0,0.9,0.9,-25.2,-25.2,-25.2,-25.2,1.0,0.0,20.0,0.0,0.9,0.9,-30.1,-30.1,-30.1,-30.1,1.0,0.0,20.0,0.0,0.9,0.9,-0.6,-0.6,-0.6,-0.6,1.0,0.0,20.0,0.0,0.9,0.9,-0.7,-0.7,-0.7,-0.7,1.0,0.0,20.0,0.0,0.9,0.9,9.5,9.5,9.5,9.5,1.0,0.0,20.0,0.0,0.9,0.9,10.0,10.0,10.0,10.0,1.0,0.0,20.0,0.0,0.9,0.9
1974,2,123.0,12.0,26.26,27.5,28.6,27.42,9.0,1.13,20.0,0.4,0.5,0.6,25.53,26.1,29.04,26.82,9.0,1.87,20.0,0.4,0.5,0.6,16.71,18.63,19.34,18.06,9.0,1.33,20.0,0.4,0.5,0.6,68.9,86.1,95.0,82.6,9.0,12.7,20.0,0.4,0.6,4.66,5.4,7.53,6.1,8.0,2.02,20.0,0.4,0.5,0.6,-7.07,-4.89,-0.51,-4.31,8.0,3.54,20.0,0.4,0.5,0.6,-4.72,-3.31,0.0,-2.47,8.0,2.42,20.0,0.4,0.5,0.6,1009.92,1010.8,1011.79,1010.58,9.0,1.46,20.0,0.4,0.5,0.6,2.0,5.0,6.7,4.6,9.0,2.4,20.0,0.4,0.5,0.6,-53.1,-27.5,-2.3,-30.9,8.0,31.6,20.0,0.4,0.5,0.6,-24.7,-18.5,0.0,-16.8,8.0,18.8,20.0,0.4,0.5,0.6,-1.46,0.1,3.08,0.6,9.0,2.32,20.0,0.4,0.5,0.6,-10.1,3.3,15.5,2.1,8.0,15.0,20.0,0.4,0.5,0.6,3.37,5.19,5.78,4.9,9.0,1.48,20.0,0.4,0.5,0.6,25.1,28.8,41.2,30.8,8.0,11.1,20.0,0.4,0.5,0.6,-212.3,-123.7,-13.1,-119.2,8.0,100.1,20.0,0.4,0.5,0.6,-123.1,-89.5,0.0,-66.5,8.0,64.4,20.0,0.4,0.5,0.6,-117.6,-93.8,-9.8,-78.7,8.0,64.3,20.0,0.4,0.5,0.6,-87.7,-54.6,0.0,-43.9,8.0,44.4,20.0,0.4,0.5,0.6,-38.9,-25.5,-2.3,-22.9,8.0,17.2,20.0,0.4,0.5,0.6,-23.8,-13.2,0.0,-11.8,8.0,12.5,20.0,0.4,0.5,0.6,101.5,159.0,432.5,300.5,8.0,342.5,20.0,0.4,0.5,0.6,100.0,160.0,430.0,300.0,8.0,340.0,20.0,0.4,0.5,0.6
1974,2,123.0,17.0,25.59,26.0,26.41,26.0,2.0,0.85,22.0,0.0,0.6,0.3,23.34,24.5,25.66,24.5,2.0,2.4,22.0,0.0,0.6,0.3,14.9,15.73,16.57,15.73,2.0,1.73,22.0,0.0,0.6,0.3,80.8,82.2,83.6,82.2,2.0,2.9,22.0,0.0,0.3,6.73,10.25,13.77,10.25,2.0,7.28,22.0,0.0,0.6,0.3,-11.92,-8.88,-5.83,-8.88,2.0,6.31,22.0,0.0,0.6,0.3,-6.07,-2.57,0.92,-2.57,2.0,7.25,22.0,0.0,0.6,0.3,1014.66,1015.0,1015.34,1015.0,2.0,0.71,22.0,0.0,0.6,0.3,6.3,7.0,7.7,7.0,2.0,1.4,22.0,0.0,0.6,0.3,-176.4,-114.0,-51.5,-114.0,2.0,129.3,22.0,0.0,0.6,0.3,-97.7,-52.8,-7.9,-52.8,2.0,93.0,22.0,0.0,0.6,0.3,0.75,1.5,2.25,1.5,2.0,1.56,22.0,0.0,0.6,0.3,8.1,21.0,34.0,21.0,2.0,26.9,22.0,0.0,0.6,0.3,4.93,5.24,5.56,5.24,2.0,0.65,22.0,0.0,0.6,0.3,34.5,56.1,77.7,56.1,2.0,44.8,22.0,0.0,0.6,0.3,-274.2,-209.9,-145.6,-209.9,2.0,133.2,22.0,0.0,0.6,0.3,-137.1,-54.4,28.3,-54.4,2.0,171.4,22.0,0.0,0.6,0.3,-174.7,-134.2,-93.7,-134.2,2.0,83.9,22.0,0.0,0.6,0.3,-87.1,-34.2,18.6,-34.2,2.0,109.6,22.0,0.0,0.6,0.3,-67.3,-48.6,-29.8,-48.6,2.0,38.8,22.0,0.0,0.6,0.3,-35.0,-15.9,3.3,-15.9,2.0,39.7,22.0,0.0,0.6,0.3,691.0,1892.5,3093.5,1892.5,2.0,2488.5,22.0,0.0,0.6,0.3,690.0,1890.0,3095.0,1890.0,2.0,2490.0,22.0,0.0,0.6,0.3
1974,2,123.0,18.0,25.5,25.5,25.5,25.5,1.0,0.0,6.0,1.0,0.4,0.8,30.4,30.4,30.4,30.4,1.0,0.0,6.0,1.0,0.4,0.8,23.45,23.45,23.45,23.45,1.0,0.0,6.0,1.0,0.4,0.8,86.0,86.0,86.0,86.0,1.0,0.0,6.0,1.0,0.8,2.6,2.6,2.6,2.6,1.0,0.0,6.0,1.0,0.4,0.8,-2.6,-2.6,-2.6,-2.6,1.0,0.0,6.0,1.0,0.4,0.8,0.0,0.0,0.0,0.0,1.0,0.0,6.0,1.0,0.4,0.8,1010.2,1010.2,1010.2,1010.2,1.0,0.0,6.0,1.0,0.4,0.8,5.0,5.0,5.0,5.0,1.0,0.0,6.0,1.0,0.4,0.8,-6.8,-6.8,-6.8,-6.8,1.0,0.0,6.0,1.0,0.4,0.8,0.0,0.0,0.0,0.0,1.0,0.0,6.0,1.0,0.4,0.8,-4.9,-4.9,-4.9,-4.9,1.0,0.0,6.0,1.0,0.4,0.8,-12.7,-12.7,-12.7,-12.7,1.0,0.0,6.0,1.0,0.4,0.8,-3.01,-3.01,-3.01,-3.01,1.0,0.0,6.0,1.0,0.4,0.8,-7.8,-7.8,-7.8,-7.8,1.0,0.0,6.0,1.0,0.4,0.8,-79.0,-79.0,-79.0,-79.0,1.0,0.0,6.0,1.0,0.4,0.8,0.0,0.0,0.0,0.0,1.0,0.0,6.0,1.0,0.4,0.8,-61.0,-61.0,-61.0,-61.0,1.0,0.0,6.0,1.0,0.4,0.8,0.0,0.0,0.0,0.0,1.0,0.0,6.0,1.0,0.4,0.8,7.8,7.8,7.8,7.8,1.0,0.0,6.0,1.0,0.4,0.8,0.0,0.0,0.0,0.0,1.0,0.0,6.0,1.0,0.4,0.8,17.5,17.5,17.5,17.5,1.0,0.0,6.0,1.0,0.4,0.8,20.0,20.0,20.0,20.0,1.0,0.0,6.0,1.0,0.4,0.8
1974,2,123.0,19.0,25.98,26.8,27.62,26.8,2.0,1.7,16.0,1.0,0.7,0.1,20.75,21.3,26.56,23.6,3.0,4.69,14.0,0.7,0.5,0.1,12.4,13.36,16.22,14.29,3.0,2.91,14.0,0.7,0.5,0.1,73.3,80.3,83.6,78.5,3.0,7.7,14.0,0.7,0.1,2.17,3.6,14.11,8.03,3.0,9.56,14.0,0.7,0.5,0.1,-8.78,-1.41,-0.45,-4.54,3.0,6.68,14.0,0.7,0.5,0.1,-11.08,-3.6,-1.49,-6.22,3.0,7.38,14.0,0.7,0.5,0.1,1012.56,1015.9,1018.29,1015.43,3.0,4.22,14.0,0.7,0.5,0.1,3.8,5.5,7.2,5.5,2.0,3.5,16.0,1.0,0.7,0.1,-159.1,-2.1,-0.7,-78.1,3.0,133.4,14.0,0.7,0.5,0.1,-192.9,-13.0,-4.6,-96.8,3.0,155.8,14.0,0.7,0.5,0.1,-0.03,2.05,4.13,2.05,2.0,4.31,16.0,1.0,0.7,0.1,14.1,47.7,81.3,47.7,2.0,69.6,16.0,1.0,0.7,0.1,6.52,7.29,8.06,7.29,2.0,1.59,16.0,1.0,0.7,0.1,33.2,84.6,136.0,84.6,2.0,106.6,16.0,1.0,0.7,0.1,-183.9,-40.9,-13.0,-97.1,3.0,134.3,14.0,0.7,0.5,0.1,-228.0,-76.7,-34.5,-130.0,3.0,149.1,14.0,0.7,0.5,0.1,-107.5,-24.7,-7.8,-56.9,3.0,78.1,14.0,0.7,0.5,0.1,-134.1,-48.1,-21.4,-77.0,3.0,86.2,14.0,0.7,0.5,0.1,-87.9,-55.8,-23.6,-55.8,2.0,66.6,16.0,1.0,0.7,0.1,-103.6,-62.8,-22.1,-62.8,2.0,84.4,16.0,1.0,0.7,0.1,17.0,46.5,4697.0,2303.0,3.0,3945.5,14.0,0.7,0.5,0.1,15.0,45.0,4695.0,2305.0,3.0,3945.0,14.0,0.7,0.5,0.1
1974,2,123.0,20.0,22.29,23.55,25.94,24.23,8.0,2.1,8.0,0.8,0.2,0.5,21.0,23.9,25.62,23.31,8.0,2.75,10.0,0.9,0.3,0.5,9.97,13.0,14.87,12.59,6.0,2.66,8.0,0.8,0.3,0.6,68.2,75.3,79.0,74.1,6.0,8.9,8.0,0.8,0.6,1.43,7.7,10.3,6.17,9.0,4.31,10.0,0.8,0.2,0.5,-6.18,-5.15,-0.05,-3.71,9.0,3.36,10.0,0.8,0.2,0.5,-7.94,-4.95,-1.33,-4.6,9.0,3.29,10.0,0.8,0.2,0.5,1010.4,1013.3,1020.35,1014.94,9.0,4.62,10.0,0.8,0.2,0.5,3.0,6.0,7.9,5.1,8.0,2.9,10.0,0.8,0.2,0.5,-60.9,-45.4,0.0,-34.4,9.0,34.3,10.0,0.8,0.2,0.5,-81.4,-38.1,-2.3,-40.1,9.0,39.8,10.0,0.8,0.2,0.5,-0.71,-0.1,3.29,0.9,7.0,2.68,8.0,0.9,0.2,0.5,-3.1,0.0,33.2,9.4,7.0,22.6,8.0,0.9,0.2,0.5,3.45,6.16,8.44,5.97,6.0,2.64,8.0,0.8,0.3,0.6,7.8,63.4,75.8,50.2,6.0,36.8,8.0,0.8,0.3,0.6,-153.4,-108.2,-7.7,-95.4,8.0,79.7,10.0,0.9,0.3,0.5,-165.4,-117.9,-29.8,-103.1,8.0,71.1,10.0,0.9,0.3,0.5,-80.7,-52.1,-15.2,-53.4,6.0,44.6,8.0,0.8,0.3,0.6,-89.8,-65.8,-26.3,-57.5,6.0,35.6,8.0,0.8,0.3,0.6,-53.2,-39.7,-3.9,-32.0,6.0,24.2,8.0,0.8,0.3,0.6,-61.8,-38.2,-6.7,-37.1,6.0,30.3,8.0,0.8,0.3,0.6,5.5,456.5,1092.5,525.0,9.0,560.0,10.0,0.8,0.2,0.5,5.0,455.0,1095.0,525.0,9.0,560.0,10.0,0.8,0.2,0.5
1974,2,123.0,21.0,22.0,23.5,25.0,23.54,65.0,1.64,16.0,0.5,0.3,0.4,18.0,22.4,24.5,21.89,73.0,3.11,14.0,0.5,0.3,0.4,9.83,13.45,15.47,12.82,47.0,2.55,16.0,0.6,0.3,0.4,67.7,78.5,87.8,78.3,47.0,9.1,16.0,0.6,0.4,4.6,8.0,13.02,8.7,73.0,3.88,14.0,0.5,0.3,0.4,-7.63,-5.37,-2.5,-5.19,73.0,3.16,14.0,0.5,0.3,0.4,-11.17,-5.13,-1.03,-5.58,73.0,4.79,14.0,0.5,0.3,0.4,1013.23,1016.8,1020.57,1016.51,72.0,3.76,14.0,0.5,0.3,0.4,5.0,7.0,8.0,6.4,71.0,2.0,14.0,0.5,0.4,0.5,-76.1,-42.2,-13.0,-52.5,73.0,51.2,14.0,0.5,0.3,0.4,-135.4,-34.4,-3.7,-64.6,73.0,71.4,14.0,0.5,0.3,0.4,-2.0,1.8,5.97,1.74,65.0,3.67,16.0,0.5,0.3,0.4,-12.2,12.3,75.1,23.3,65.0,43.3,16.0,0.5,0.3,0.4,2.12,5.06,9.01,5.27,44.0,3.21,16.0,0.6,0.3,0.4,11.4,29.6,112.5,53.2,44.0,50.6,16.0,0.6,0.3,0.4,-166.2,-105.5,-62.5,-112.0,73.0,70.8,14.0,0.5,0.3,0.4,-209.5,-116.4,-24.3,-112.3,73.0,93.5,14.0,0.5,0.3,0.4,-97.3,-63.4,-29.4,-60.6,47.0,40.6,16.0,0.6,0.3,0.4,-112.6,-68.1,-21.4,-65.8,47.0,49.8,16.0,0.6,0.3,0.4,-55.6,-24.1,-8.1,-30.1,44.0,27.1,16.0,0.6,0.3,0.4,-103.3,-17.8,-2.5,-40.2,44.0,46.4,16.0,0.6,0.3,0.4,97.5,512.0,2213.0,1087.0,73.0,1446.0,14.0,0.5,0.3,0.4,95.0,510.0,2215.0,1085.0,73.0,1445.0,14.0,0.5,0.3,0.4
1974,2,123.0,22.0,22.46,23.5,25.01,23.43,38.0,1.75,16.0,0.5,0.5,0.3,16.96,21.65,24.13,21.47,38.0,3.21,16.0,0.5,0.5,0.3,8.91,11.88,14.66,11.75,23.0,2.5,16.0,0.5,0.6,0.3,69.5,78.2,88.9,79.0,24.0,10.1,16.0,0.5,0.3,5.07,7.0,11.09,8.1,37.0,3.83,16.0,0.5,0.5,0.3,-5.96,-4.75,-3.07,-4.7,37.0,1.83,16.0,0.5,0.5,0.3,-9.71,-5.36,0.27,-5.4,37.0,5.1,16.0,0.5,0.5,0.3,1012.5,1018.3,1021.34,1017.23,36.0,4.06,16.0,0.5,0.5,0.3,6.0,8.0,8.0,7.0,35.0,1.5,16.0,0.5,0.5,0.3,-64.5,-33.3,-18.9,-40.7,37.0,30.3,16.0,0.5,0.5,0.3,-106.5,-37.5,1.5,-61.1,37.0,83.3,16.0,0.5,0.5,0.3,-1.3,1.75,5.58,1.96,38.0,3.13,16.0,0.5,0.5,0.3,-7.2,12.3,72.5,24.7,37.0,40.2,16.0,0.5,0.5,0.3,3.23,6.05,8.69,5.94,23.0,2.69,16.0,0.5,0.6,0.3,17.2,40.5,107.7,59.3,23.0,48.6,16.0,0.5,0.6,0.3,-140.5,-100.8,-66.8,-99.9,37.0,39.5,16.0,0.5,0.5,0.3,-183.9,-120.1,7.1,-104.4,37.0,90.7,16.0,0.5,0.5,0.3,-81.1,-57.0,-32.3,-55.7,23.0,25.2,16.0,0.5,0.6,0.3,-106.2,-71.2,-7.7,-63.5,23.0,55.7,16.0,0.5,0.6,0.3,-55.7,-29.8,-9.2,-30.2,23.0,21.5,16.0,0.5,0.6,0.3,-96.4,-27.9,-0.3,-44.6,23.0,50.3,16.0,0.5,0.6,0.3,130.5,343.0,1363.0,943.0,37.0,1652.5,16.0,0.5,0.5,0.3,130.0,345.0,1365.0,945.0,37.0,1650.0,16.0,0.5,0.5,0.3
1974,2,123.0,23.0,22.2,23.75,27.1,24.12,18.0,2.41,12.0,0.6,0.4,0.3,18.72,20.6,21.69,20.32,20.0,2.55,14.0,0.6,0.4,0.3,8.61,12.81,13.38,11.56,11.0,2.49,14.0,0.7,0.5,0.2,66.8,79.5,88.6,78.9,11.0,11.0,14.0,0.7,0.2,4.58,9.8,12.42,8.86,18.0,3.84,12.0,0.6,0.5,0.3,-8.34,-5.69,-2.59,-5.47,18.0,2.98,12.0,0.6,0.5,0.3,-8.79,-6.78,0.0,-5.75,18.0,4.72,12.0,0.6,0.5,0.3,1013.0,1016.35,1019.6,1016.59,20.0,3.91,14.0,0.6,0.4,0.3,5.4,7.5,8.0,6.7,18.0,1.7,12.0,0.6,0.5,0.3,-90.3,-56.7,-8.3,-53.4,18.0,40.3,12.0,0.6,0.5,0.3,-111.9,-65.1,0.0,-66.8,18.0,64.2,12.0,0.6,0.5,0.3,1.27,3.7,6.4,3.77,18.0,3.09,12.0,0.6,0.4,0.3,9.5,36.1,51.5,35.3,16.0,29.5,12.0,0.6,0.5,0.3,3.4,4.05,5.48,4.81,9.0,2.12,12.0,0.8,0.6,0.2,16.8,39.7,74.5,48.4,9.0,38.3,12.0,0.8,0.6,0.2,-167.1,-121.2,-50.3,-110.2,18.0,58.9,12.0,0.6,0.5,0.3,-168.7,-139.9,0.0,-108.9,18.0,86.2,12.0,0.6,0.5,0.3,-112.9,-40.1,-14.9,-59.2,11.0,47.1,14.0,0.7,0.5,0.2,-94.8,-70.4,-12.6,-62.4,11.0,58.0,14.0,0.7,0.5,0.2,-39.0,-27.6,-7.1,-23.6,9.0,16.0,12.0,0.8,0.6,0.2,-69.4,-27.2,-8.7,-38.0,9.0,39.8,12.0,0.8,0.6,0.2,101.5,941.0,1933.0,1055.5,18.0,1004.5,12.0,0.6,0.5,0.3,100.0,940.0,1935.0,1055.0,18.0,1005.0,12.0,0.6,0.5,0.3
1974,2,123.0,24.0,22.7,24.0,25.23,24.02,25.0,1.54,16.0,0.6,0.4,0.5,17.0,19.5,22.78,19.87,25.0,3.13,16.0,0.6,0.4,0.5,7.5,11.12,14.83,11.16,10.0,3.81,14.0,0.8,0.5,0.4,66.3,78.4,83.5,76.5,10.0,13.7,14.0,0.8,0.4,6.0,8.0,11.6,8.31,24.0,2.58,16.0,0.6,0.4,0.4,-6.5,-4.01,1.55,-3.51,24.0,3.36,16.0,0.6,0.4,0.4,-10.91,-4.67,2.38,-3.74,24.0,6.32,16.0,0.6,0.4,0.4,1011.47,1015.9,1022.67,1016.66,25.0,5.41,16.0,0.6,0.4,0.5,3.0,6.0,8.0,5.9,22.0,2.4,16.0,0.6,0.4,0.4,-51.2,-36.1,7.0,-29.0,24.0,27.7,16.0,0.6,0.4,0.4,-126.6,-28.5,13.9,-42.4,24.0,66.1,16.0,0.6,0.4,0.4,1.78,4.0,7.7,4.14,25.0,2.96,16.0,0.6,0.4,0.5,13.9,32.6,61.6,35.9,24.0,28.4,16.0,0.6,0.4,0.4,3.56,6.01,9.64,6.42,10.0,3.39,14.0,0.8,0.5,0.4,25.6,54.7,74.9,56.9,10.0,37.8,14.0,0.8,0.5,0.4,-143.4,-75.7,39.6,-66.2,24.0,69.9,16.0,0.6,0.4,0.4,-207.2,-79.4,55.8,-64.0,24.0,126.5,16.0,0.6,0.4,0.4,-56.2,-28.5,25.6,-22.7,10.0,43.1,14.0,0.8,0.5,0.4,-116.5,-42.1,49.1,-33.8,10.0,86.2,14.0,0.8,0.5,0.4,-43.0,-25.7,5.3,-22.1,10.0,22.2,14.0,0.8,0.5,0.4,-68.6,-44.3,6.7,-40.4,10.0,46.7,14.0,0.8,0.5,0.4,216.0,512.0,1563.5,734.5,24.0,608.0,16.0,0.6,0.4,0.4,215.0,510.0,1565.0,735.0,24.0,610.0,16.0,0.6,0.4,0.4
1974,2,123.0,25.0,20.9,21.3,22.0,21.12,9.0,1.18,16.0,0.4,0.4,0.5,11.2,14.15,22.0,16.07,10.0,5.23,16.0,0.5,0.4,0.5,4.75,6.49,12.45,7.91,6.0,3.74,16.0,0.5,0.4,0.5,59.8,69.1,83.9,70.7,6.0,13.2,16.0,0.5,0.5,8.55,11.3,15.79,11.52,9.0,4.88,16.0,0.6,0.4,0.5,-8.41,-5.44,-3.21,-5.91,9.0,2.58,16.0,0.6,0.4,0.5,-14.88,-8.05,2.41,-7.53,9.0,7.97,16.0,0.6,0.4,0.5,1017.86,1023.6,1027.57,1022.21,10.0,5.39,16.0,0.5,0.4,0.5,3.0,7.0,8.0,5.8,10.0,2.5,16.0,0.5,0.4,0.5,-94.8,-71.1,-41.7,-70.9,9.0,39.8,16.0,0.6,0.4,0.5,-236.5,-82.1,18.6,-116.8,9.0,120.1,16.0,0.6,0.4,0.5,0.0,7.1,10.05,4.93,9.0,5.29,16.0,0.4,0.4,0.5,0.0,101.1,166.5,84.4,8.0,75.4,14.0,0.5,0.4,0.5,3.74,9.66,10.48,7.9,6.0,3.6,16.0,0.5,0.4,0.5,28.9,126.7,156.6,103.5,6.0,69.3,16.0,0.5,0.4,0.5,-163.4,-60.9,-42.2,-91.6,9.0,56.8,16.0,0.6,0.4,0.5,-166.2,-109.0,52.7,-82.3,9.0,105.4,16.0,0.6,0.4,0.5,-53.3,-31.1,-19.8,-40.1,6.0,31.5,16.0,0.5,0.4,0.5,-92.3,-53.6,18.3,-42.0,6.0,57.4,16.0,0.5,0.4,0.5,-59.0,-42.1,-21.9,-42.5,6.0,28.2,16.0,0.5,0.4,0.5,-149.9,-115.3,4.7,-86.2,6.0,76.1,16.0,0.5,0.4,0.5,626.0,1443.0,3940.0,2204.0,9.0,1848.0,16.0,0.6,0.4,0.5,625.0,1445.0,3940.0,2205.0,9.0,1850.0,16.0,0.6,0.4,0.5
1974,2,123.0,26.0,17.41,19.05,21.37,19.33,18.0,2.07,10.0,0.5,0.4,0.4,10.1,12.0,15.0,13.2,21.0,3.87,12.0,0.6,0.4,0.4,4.2,6.47,8.47,7.04,16.0,3.13,12.0,0.5,0.4,0.4,56.9,70.3,81.7,71.3,16.0,13.3,12.0,0.5,0.4,7.79,14.4,17.33,12.84,21.0,5.01,12.0,0.6,0.4,0.4,-8.72,-5.27,-2.13,-5.74,21.0,3.09,12.0,0.6,0.4,0.4,-14.47,-13.41,-3.48,-9.78,21.0,7.34,12.0,0.6,0.4,0.4,1018.61,1020.8,1027.5,1022.07,20.0,4.53,12.0,0.6,0.4,0.4,6.0,8.0,8.0,7.1,21.0,1.8,12.0,0.6,0.4,0.4,-129.5,-81.1,-15.9,-80.9,21.0,57.4,12.0,0.6,0.4,0.4,-246.0,-204.2,-17.2,-154.8,21.0,136.8,12.0,0.6,0.4,0.4,4.49,7.05,9.3,6.27,18.0,4.55,10.0,0.5,0.4,0.4,28.1,87.6,137.1,87.6,18.0,72.1,10.0,0.5,0.4,0.4,3.78,8.23,9.72,6.97,16.0,3.68,12.0,0.5,0.4,0.4,39.5,94.6,140.8,96.5,16.0,68.6,12.0,0.5,0.4,0.4,-130.4,-66.7,-24.3,-76.6,21.0,45.2,12.0,0.6,0.4,0.4,-198.4,-142.9,-40.8,-111.5,21.0,106.5,12.0,0.6,0.4,0.4,-67.4,-31.1,-13.7,-38.7,16.0,27.9,12.0,0.5,0.4,0.4,-118.9,-68.4,-17.2,-56.3,16.0,69.5,12.0,0.5,0.4,0.4,-55.2,-39.0,-14.0,-35.3,16.0,24.6,12.0,0.5,0.4,0.4,-126.1,-85.7,-28.6,-87.2,16.0,67.7,12.0,0.5,0.4,0.4,473.0,2986.0,5208.5,3025.5,21.0,2883.5,12.0,0.6,0.4,0.4,475.0,2985.0,5210.0,3025.0,21.0,2885.0,12.0,0.6,0.4,0.4
1974,2,123.0,27.0,16.89,17.75,19.7,17.83,16.0,2.06,18.0,0.5,0.4,0.4,12.2,15.6,17.33,14.83,13.0,2.65,20.0,0.5,0.4,0.4,6.06,7.75,10.84,8.16,7.0,2.29,20.0,0.7,0.4,0.4,69.8,72.0,89.8,77.3,7.0,9.7,20.0,0.7,0.4,3.93,5.7,13.55,8.78,15.0,5.75,18.0,0.5,0.4,0.4,-4.94,-3.5,0.0,-2.49,15.0,3.05,18.0,0.5,0.4,0.4,-13.38,0.0,2.78,-5.46,15.0,8.23,18.0,0.5,0.4,0.4,1014.1,1015.2,1018.66,1016.19,14.0,3.6,20.0,0.5,0.4,0.4,2.0,6.0,8.0,5.7,15.0,2.4,18.0,0.5,0.4,0.4,-31.3,-19.9,0.0,-19.6,15.0,42.4,18.0,0.5,0.4,0.4,-181.6,0.0,13.5,-89.9,15.0,139.2,18.0,0.5,0.4,0.4,1.9,3.9,5.0,3.24,13.0,2.52,20.0,0.5,0.4,0.4,13.2,21.3,29.6,30.7,12.0,41.7,20.0,0.6,0.4,0.4,2.38,5.61,6.26,4.51,7.0,2.8,20.0,0.7,0.4,0.4,19.1,30.1,39.6,38.8,7.0,42.7,20.0,0.7,0.4,0.4,-63.3,-54.6,-8.3,-35.8,12.0,46.7,20.0,0.6,0.4,0.4,-171.3,0.0,51.1,-43.5,12.0,101.1,20.0,0.6,0.4,0.4,-39.2,-30.3,-16.8,-20.6,7.0,27.6,20.0,0.7,0.4,0.4,-109.4,0.0,25.8,-21.4,7.0,61.5,20.0,0.7,0.4,0.4,-31.5,-23.1,2.2,-19.3,7.0,18.8,20.0,0.7,0.4,0.4,-29.4,0.0,19.5,-15.4,7.0,50.2,20.0,0.7,0.4,0.4,65.5,185.0,2502.5,1643.0,15.0,2786.0,18.0,0.5,0.4,0.4,65.0,185.0,2505.0,1645.0,15.0,2785.0,18.0,0.5,0.4,0.4
1974,2,123.0,28.0,13.3,14.35,15.35,14.54,24.0,1.53,16.0,0.7,0.4,0.4,5.1,9.6,11.53,9.12,22.0,3.62,18.0,0.7,0.4,0.4,4.62,5.56,5.9,5.23,5.0,1.1,18.0,0.4,0.4,0.3,64.5,73.2,76.6,70.0,5.0,11.5,18.0,0.4,0.3,4.6,8.7,14.9,10.13,23.0,4.59,16.0,0.7,0.4,0.4,-5.95,-2.39,3.95,-1.87,23.0,4.43,16.0,0.7,0.4,0.4,-14.05,-8.7,-2.22,-7.6,23.0,6.68,16.0,0.7,0.4,0.4,1015.53,1020.5,1027.27,1021.02,22.0,5.96,18.0,0.7,0.4,0.4,1.0,3.0,8.0,4.5,19.0,3.4,16.0,0.7,0.4,0.4,-62.6,-13.0,49.9,-15.9,23.0,59.4,16.0,0.7,0.4,0.4,-208.6,-75.7,-10.8,-100.2,23.0,101.6,16.0,0.7,0.4,0.4,3.4,3.9,9.87,5.35,22.0,3.41,18.0,0.7,0.4,0.4,12.3,34.8,118.9,56.0,21.0,55.8,16.0,0.7,0.4,0.4,3.8,4.17,6.46,5.24,5.0,2.74,18.0,0.4,0.4,0.3,17.1,34.2,88.0,53.4,5.0,54.1,18.0,0.4,0.4,0.3,-34.5,-22.8,29.8,-9.1,21.0,35.5,16.0,0.7,0.4,0.4,-117.5,-68.2,-18.6,-57.3,21.0,74.5,16.0,0.7,0.4,0.4,-18.8,-13.2,6.1,-5.8,5.0,21.4,18.0,0.4,0.4,0.3,-61.5,-38.1,-16.9,-40.6,5.0,29.2,18.0,0.4,0.4,0.3,-20.1,-12.9,1.0,-9.1,5.0,16.7,18.0,0.4,0.4,0.3,-85.1,-29.6,-12.6,-49.5,5.0,55.1,18.0,0.4,0.4,0.3,97.5,658.5,3308.0,1649.5,23.0,1639.5,16.0,0.7,0.4,0.4,95.0,660.0,3310.0,1650.0,23.0,1640.0,16.0,0.7,0.4,0.4
1974,2,123.0,29.0,12.63,12.7,12.84,12.73,3.0,0.15,8.0,0.0,0.2,0.3,10.09,13.5,13.5,11.83,3.0,2.89,8.0,0.0,0.2,0.3,4.49,4.49,4.49,4.49,1.0,0.0,2.0,0.0,0.0,0.8,66.4,66.4,66.4,66.4,1.0,0.0,2.0,0.0,0.8,7.56,9.4,10.36,8.97,3.0,2.08,8.0,0.0,0.2,0.3,-4.88,4.74,6.04,0.68,3.0,8.74,8.0,0.0,0.2,0.3,-6.25,-5.4,-4.95,-5.59,3.0,0.97,8.0,0.0,0.2,0.3,1028.49,1031.9,1032.79,1030.67,3.0,3.33,8.0,0.0,0.2,0.3,2.1,4.5,6.9,4.5,2.0,4.9,6.0,0.0,0.3,0.4,-58.9,31.7,52.7,-2.3,3.0,86.9,8.0,0.0,0.2,0.3,-61.2,-58.3,-40.2,-50.8,3.0,16.7,8.0,0.0,0.2,0.3,-0.74,-0.6,2.61,0.9,3.0,2.77,8.0,0.0,0.2,0.3,-5.6,-5.4,28.5,11.1,3.0,28.7,8.0,0.0,0.2,0.3,4.43,4.43,4.43,4.43,1.0,0.0,2.0,0.0,0.0,0.8,47.8,47.8,47.8,47.8,1.0,0.0,2.0,0.0,0.0,0.8,-34.0,64.0,81.6,24.7,3.0,91.2,8.0,0.0,0.2,0.3,-81.6,-64.0,-51.6,-66.5,3.0,22.0,8.0,0.0,0.2,0.3,-42.0,-42.0,-42.0,-42.0,1.0,0.0,2.0,0.0,0.0,0.8,-24.3,-24.3,-24.3,-24.3,1.0,0.0,2.0,0.0,0.0,0.8,-41.4,-41.4,-41.4,-41.4,1.0,0.0,2.0,0.0,0.0,0.8,-23.9,-23.9,-23.9,-23.9,1.0,0.0,2.0,0.0,0.0,0.8,469.0,830.5,1123.5,797.0,3.0,480.5,8.0,0.0,0.2,0.3,470.0,830.0,1125.0,795.0,3.0,480.0,8.0,0.0,0.2,0.3
1974,2,123.0,30.0,9.5,10.35,10.91,10.04,10.0,1.24,18.0,0.2,0.3,0.3,5.33,7.0,10.02,7.69,7.0,2.51,8.0,0.4,0.2,0.4,3.2,3.68,5.22,4.18,4.0,1.55,10.0,0.8,0.2,0.5,58.3,66.8,77.2,67.7,4.0,12.4,10.0,0.8,0.5,6.48,9.4,11.82,8.86,7.0,3.62,8.0,0.4,0.2,0.4,-7.4,0.0,2.32,-1.13,7.0,4.48,8.0,0.4,0.2,0.4,-9.54,-8.81,-6.03,-7.75,7.0,3.6,8.0,0.4,0.2,0.4,1026.61,1026.8,1030.72,1028.06,7.0,3.34,8.0,0.4,0.2,0.4,2.0,7.0,8.0,5.4,7.0,3.0,8.0,0.4,0.2,0.4,-85.2,0.0,15.7,-18.9,7.0,47.5,8.0,0.4,0.2,0.4,-108.8,-88.4,-40.2,-79.2,7.0,48.6,8.0,0.4,0.2,0.4,-0.99,1.4,4.99,1.82,5.0,3.81,10.0,0.4,0.2,0.3,0.5,13.2,45.7,20.6,5.0,24.3,10.0,0.4,0.2,0.3,1.11,4.16,4.3,2.74,3.0,2.64,8.0,0.7,0.1,0.4,8.9,29.3,42.8,25.9,3.0,25.0,8.0,0.7,0.1,0.4,-51.8,0.0,15.4,-8.6,7.0,30.9,8.0,0.4,0.2,0.4,-95.4,-61.7,-24.3,-59.5,7.0,39.7,8.0,0.4,0.2,0.4,-11.6,8.1,10.6,-0.1,4.0,19.6,10.0,0.8,0.2,0.5,-29.1,-22.3,-12.9,-21.0,4.0,12.5,10.0,0.8,0.2,0.5,-21.7,-0.6,6.6,-7.4,3.0,21.6,8.0,0.7,0.1,0.4,-34.4,-27.5,-8.6,-21.6,3.0,19.6,8.0,0.7,0.1,0.4,287.0,830.5,1653.5,959.5,7.0,720.5,8.0,0.4,0.2,0.4,285.0,830.0,1655.0,960.0,7.0,720.0,8.0,0.4,0.2,0.4
1974,2,123.0,31.0,8.53,9.5,10.31,9.43,4.0,1.1,6.0,0.3,0.2,0.2,3.79,6.55,10.2,6.98,4.0,3.79,6.0,0.3,0.2,0.2,2.67,2.72,2.77,2.72,2.0,0.1,10.0,0.5,0.2,0.3,55.5,55.7,55.9,55.7,2.0,0.4,10.0,0.5,0.3,6.7,9.5,12.3,9.5,4.0,3.23,6.0,0.3,0.2,0.2,-8.7,-3.2,2.29,-3.2,4.0,6.34,6.0,0.3,0.2,0.2,-8.7,-7.5,-6.3,-7.5,4.0,1.39,6.0,0.3,0.2,0.2,1027.06,1027.95,1028.26,1027.68,4.0,0.95,6.0,0.3,0.2,0.2,2.4,6.0,8.0,5.3,4.0,3.4,6.0,0.3,0.2,0.2,-107.0,-45.8,15.4,-45.8,4.0,70.6,6.0,0.3,0.2,0.2,-107.0,-74.6,-42.2,-74.6,4.0,37.4,6.0,0.3,0.2,0.2,0.08,3.1,4.76,2.45,4.0,2.91,6.0,0.3,0.2,0.2,1.0,25.3,31.9,16.8,4.0,22.6,6.0,0.3,0.2,0.2,3.98,4.08,4.18,4.08,2.0,0.2,10.0,0.5,0.2,0.3,26.7,27.3,28.0,27.3,2.0,1.3,10.0,0.5,0.2,0.3,-88.8,-35.1,8.7,-39.8,4.0,56.6,6.0,0.3,0.2,0.2,-88.8,-52.0,-23.8,-56.1,4.0,38.1,6.0,0.3,0.2,0.2,6.1,6.2,6.4,6.2,2.0,0.2,10.0,0.5,0.2,0.3,-17.5,-17.1,-16.8,-17.1,2.0,0.7,10.0,0.5,0.2,0.3,9.1,9.3,9.6,9.3,2.0,0.5,10.0,0.5,0.2,0.3,-26.3,-25.7,-25.1,-25.7,2.0,1.2,10.0,0.5,0.2,0.3,301.0,1081.0,1861.0,1081.0,4.0,900.5,6.0,0.3,0.2,0.2,300.0,1080.0,1860.0,1080.0,4.0,900.0,6.0,0.3,0.2,0.2
1974,2,123.0,32.0,6.38,6.9,7.45,6.97,6.0,0.83,12.0,0.5,0.2,0.3,3.27,4.05,4.83,4.05,2.0,1.63,6.0,0.5,0.1,0.3,2.63,2.87,3.12,2.87,2.0,0.51,6.0,0.5,0.1,0.3,55.7,57.5,59.3,57.5,2.0,3.8,6.0,0.5,0.3,4.4,5.55,11.51,7.25,6.0,3.65,12.0,0.5,0.2,0.3,-7.56,0.0,3.49,-1.43,6.0,5.71,12.0,0.5,0.2,0.3,-6.39,-2.42,4.26,-1.25,6.0,6.28,12.0,0.5,0.2,0.3,1028.32,1029.0,1029.68,1029.0,2.0,1.41,6.0,0.5,0.1,0.3,5.4,7.5,8.0,6.8,4.0,1.9,10.0,0.5,0.2,0.4,-87.2,0.0,18.8,-24.8,6.0,56.0,12.0,0.5,0.2,0.3,-51.0,-10.6,33.0,-6.2,6.0,67.4,12.0,0.5,0.2,0.3,2.32,3.0,3.68,3.0,2.0,1.41,6.0,0.5,0.1,0.3,23.3,24.7,26.1,24.7,2.0,3.0,6.0,0.5,0.1,0.3,3.05,3.25,3.46,3.25,2.0,0.43,6.0,0.5,0.1,0.3,25.3,28.6,31.8,28.6,2.0,6.7,6.0,0.5,0.1,0.3,-30.2,-14.0,2.2,-14.0,2.0,33.6,6.0,0.5,0.1,0.3,-40.5,-30.9,-21.3,-30.9,2.0,19.9,6.0,0.5,0.1,0.3,-18.4,-7.5,3.4,-7.5,2.0,22.6,6.0,0.5,0.1,0.3,-25.9,-21.3,-16.7,-21.3,2.0,9.5,6.0,0.5,0.1,0.3,-16.1,-4.8,6.6,-4.8,2.0,23.6,6.0,0.5,0.1,0.3,-24.8,-23.1,-21.4,-23.1,2.0,3.5,6.0,0.5,0.1,0.3,85.0,193.0,1529.0,643.5,6.0,796.5,12.0,0.5,0.2,0.3,85.0,195.0,1530.0,645.0,6.0,795.0,12.0,0.5,0.2,0.3
1974,2,123.0,33.0,7.19,8.2,8.58,7.88,6.0,1.05,12.0,0.5,0.1,0.2,3.04,4.0,6.73,4.87,3.0,2.8,12.0,0.3,0.1,0.2,1.72,2.01,2.3,2.01,2.0,0.6,10.0,0.0,0.1,0.3,37.6,42.3,47.0,42.3,2.0,9.8,10.0,0.0,0.3,4.25,6.7,6.7,5.36,5.0,3.0,12.0,0.4,0.2,0.1,-4.74,0.0,1.96,-0.99,5.0,3.62,12.0,0.4,0.2,0.1,-6.09,0.0,4.74,-0.59,5.0,5.49,12.0,0.4,0.2,0.1,1027.41,1027.65,1027.89,1027.65,2.0,0.49,10.0,0.0,0.1,0.3,3.0,4.5,6.6,4.8,4.0,2.5,12.0,0.5,0.1,0.3,-31.7,0.0,13.1,-6.6,5.0,24.3,12.0,0.4,0.2,0.1,-40.8,0.0,31.7,-3.9,5.0,36.8,12.0,0.4,0.2,0.1,0.06,4.5,5.73,2.93,3.0,4.37,12.0,0.3,0.1,0.2,9.6,30.2,38.4,24.1,3.0,21.7,12.0,0.3,0.1,0.2,4.5,4.85,5.21,4.85,2.0,0.74,10.0,0.0,0.1,0.3,30.1,32.5,34.9,32.5,2.0,4.9,10.0,0.0,0.1,0.3,1.0,3.0,10.1,5.5,3.0,7.0,12.0,0.3,0.1,0.2,-21.3,-17.2,-5.4,-13.5,3.0,12.0,12.0,0.3,0.1,0.2,2.8,5.0,7.2,5.0,2.0,4.5,10.0,0.0,0.1,0.3,-13.6,-12.3,-11.1,-12.3,2.0,2.6,10.0,0.0,0.1,0.3,7.6,10.4,13.2,10.4,2.0,5.8,10.0,0.0,0.1,0.3,-33.8,-30.3,-26.8,-30.3,2.0,7.3,10.0,0.0,0.1,0.3,191.0,301.0,301.0,240.5,5.0,134.5,12.0,0.4,0.2,0.1,190.0,300.0,300.0,240.0,5.0,135.0,12.0,0.4,0.2,0.1
1974,2,123.0,34.0,9.05,9.25,9.56,9.3,4.0,0.32,12.0,1.0,0.1,0.2,-0.37,1.0,1.82,0.73,3.0,1.62,14.0,0.7,0.4,0.7,1.49,1.49,1.49,1.49,1.0,0.0,12.0,1.0,0.0,0.3,34.2,34.2,34.2,34.2,1.0,0.0,12.0,1.0,0.3,2.5,5.05,14.73,7.58,6.0,6.04,14.0,0.8,0.3,0.4,1.4,2.68,3.6,2.62,6.0,1.79,14.0,0.8,0.3,0.4,-14.53,-3.35,0.64,-5.5,6.0,7.6,14.0,0.8,0.3,0.4,1024.06,1028.5,1028.84,1026.5,3.0,3.91,14.0,0.7,0.4,0.7,3.8,5.5,7.2,5.5,2.0,3.5,10.0,0.5,0.4,0.6,3.5,10.0,31.0,21.4,6.0,33.0,14.0,0.8,0.3,0.4,-214.2,-16.3,2.8,-77.8,6.0,114.5,14.0,0.8,0.3,0.4,6.8,6.8,6.8,6.8,1.0,0.0,12.0,1.0,0.0,0.3,38.8,38.8,38.8,38.8,1.0,0.0,12.0,1.0,0.0,0.3,5.51,5.51,5.51,5.51,1.0,0.0,12.0,1.0,0.0,0.3,31.4,31.4,31.4,31.4,1.0,0.0,12.0,1.0,0.0,0.3,1.7,5.5,6.0,3.9,3.0,3.4,14.0,0.7,0.4,0.7,-13.7,-10.9,6.4,-3.8,3.0,15.9,14.0,0.7,0.4,0.7,4.2,4.2,4.2,4.2,1.0,0.0,12.0,1.0,0.0,0.3,-7.3,-7.3,-7.3,-7.3,1.0,0.0,12.0,1.0,0.0,0.3,15.7,15.7,15.7,15.7,1.0,0.0,12.0,1.0,0.0,0.3,-27.2,-27.2,-27.2,-27.2,1.0,0.0,12.0,1.0,0.0,0.3,15.5,135.0,3215.0,1230.5,6.0,1825.0,14.0,0.8,0.3,0.4,15.0,135.0,3215.0,1230.0,6.0,1825.0,14.0,0.8,0.3,0.4
1974,2,123.0,36.0,,,,,,,,,,,,,,,,,,,,,,,,,,,,,,,,,,,,,,,,4.4,4.4,4.4,4.53,8.0,0.99,18.0,0.1,0.4,0.5,1.23,3.11,3.11,1.97,8.0,2.03,18.0,0.1,0.4,0.5,-3.95,0.78,3.11,-0.36,8.0,3.96,18.0,0.1,0.4,0.5,1024.06,1027.2,1030.34,1027.2,2.0,6.51,10.0,0.0,0.4,0.8,,,,,,,,,,,,,,,,,,,,,,,,,,,,,,,,,,,,,,,,,,,,,,,,,,,,,,,,,,,,,,,,,,,,,,,,,,,,,,,,,,,,,,,,,,,,,,,,,,,,,,,,,,,,,,,,,,,,,,,,,,,,,,,,,,,,,,,,,,,,,,,,,,,,,,
1974,2,123.0,38.0,,,,,,,,,,,,,,,,,,,,,,,,,,,,,,,,,,,,,,,,3.63,5.0,6.37,5.0,3.0,2.0,20.0,0.0,0.6,0.9,-3.82,-1.93,-0.61,-2.21,3.0,2.36,20.0,0.0,0.6,0.9,1.9,2.3,5.51,3.67,3.0,2.9,20.0,0.0,0.6,0.9,1016.94,1019.4,1019.88,1018.43,3.0,2.31,20.0,0.0,0.6,0.9,,,,,,,,,,,,,,,,,,,,,,,,,,,,,,,,,,,,,,,,,,,,,,,,,,,,,,,,,,,,,,,,,,,,,,,,,,,,,,,,,,,,,,,,,,,,,,,,,,,,,,,,,,,,,,,,,,,,,,,,,,,,,,,,,,,,,,,,,,,,,,,,,,,,,,
1974,2,123.0,39.0,,,,,,,,,,,,,,,,,,,,,,,,,,,,,,,,,,,,,,,,1.0,2.0,4.57,2.75,4.0,2.36,18.0,0.0,0.8,0.3,-2.02,-0.47,0.52,-0.74,4.0,1.7,18.0,0.0,0.8,0.3,-0.18,0.09,3.23,1.46,4.0,3.04,18.0,0.0,0.8,0.3,1017.35,1018.55,1018.8,1018.1,4.0,1.15,18.0,0.0,0.8,0.3,,,,,,,,,,,,,,,,,,,,,,,,,,,,,,,,,,,,,,,,,,,,,,,,,,,,,,,,,,,,,,,,,,,,,,,,,,,,,,,,,,,,,,,,,,,,,,,,,,,,,,,,,,,,,,,,,,,,,,,,,,,,,,,,,,,,,,,,,,,,,,,,,,,,,,
1974,2,124.0,-52.0,,,,,,,,,,,,,,,,,,,,,,,,,,,,,,,,,,,,,,,,9.3,9.3,9.3,9.3,1.0,0.0,10.0,0.0,0.8,0.7,8.74,8.74,8.74,8.74,1.0,0.0,10.0,0.0,0.8,0.7,-3.18,-3.18,-3.18,-3.18,1.0,0.0,10.0,0.0,0.8,0.7,1004.8,1004.8,1004.8,1004.8,1.0,0.0,10.0,0.0,0.8,0.7,,,,,,,,,,,,,,,,,,,,,,,,,,,,,,,,,,,,,,,,,,,,,,,,,,,,,,,,,,,,,,,,,,,,,,,,,,,,,,,,,,,,,,,,,,,,,,,,,,,,,,,,,,,,,,,,,,,,,,,,,,,,,,,,,,,,,,,,,,,,,,,,,,,,,,
1974,2,124.0,-42.0,14.3,14.3,14.3,14.3,1.0,0.0,8.0,1.0,0.7,0.4,14.5,14.5,14.5,14.5,1.0,0.0,8.0,1.0,0.7,0.4,7.57,7.57,7.57,7.57,1.0,0.0,8.0,1.0,0.7,0.4,74.4,74.4,74.4,74.4,1.0,0.0,8.0,1.0,0.4,9.3,9.3,9.3,9.3,1.0,0.0,8.0,1.0,0.7,0.4,1.61,1.61,1.61,1.61,1.0,0.0,8.0,1.0,0.7,0.4,-9.16,-9.16,-9.16,-9.16,1.0,0.0,8.0,1.0,0.7,0.4,1017.8,1017.8,1017.8,1017.8,1.0,0.0,8.0,1.0,0.7,0.4,3.0,3.0,3.0,3.0,1.0,0.0,8.0,1.0,0.7,0.4,15.0,15.0,15.0,15.0,1.0,0.0,8.0,1.0,0.7,0.4,-85.2,-85.2,-85.2,-85.2,1.0,0.0,8.0,1.0,0.7,0.4,-0.2,-0.2,-0.2,-0.2,1.0,0.0,8.0,1.0,0.7,0.4,-1.9,-1.9,-1.9,-1.9,1.0,0.0,8.0,1.0,0.7,0.4,2.49,2.49,2.49,2.49,1.0,0.0,8.0,1.0,0.7,0.4,23.2,23.2,23.2,23.2,1.0,0.0,8.0,1.0,0.7,0.4,23.4,23.4,23.4,23.4,1.0,0.0,8.0,1.0,0.7,0.4,-132.8,-132.8,-132.8,-132.8,1.0,0.0,8.0,1.0,0.7,0.4,12.2,12.2,12.2,12.2,1.0,0.0,8.0,1.0,0.7,0.4,-69.3,-69.3,-69.3,-69.3,1.0,0.0,8.0,1.0,0.7,0.4,4.0,4.0,4.0,4.0,1.0,0.0,8.0,1.0,0.7,0.4,-22.8,-22.8,-22.8,-22.8,1.0,0.0,8.0,1.0,0.7,0.4,804.5,804.5,804.5,804.5,1.0,0.0,8.0,1.0,0.7,0.4,805.0,805.0,805.0,805.0,1.0,0.0,8.0,1.0,0.7,0.4
1974,2,124.0,-40.0,14.5,14.5,14.5,14.5,1.0,0.0,22.0,1.0,0.2,0.6,16.8,16.8,16.8,16.8,1.0,0.0,22.0,1.0,0.2,0.6,9.9,9.9,9.9,9.9,1.0,0.0,22.0,1.0,0.2,0.6,83.5,83.5,83.5,83.5,1.0,0.0,22.0,1.0,0.6,6.7,6.7,6.7,6.7,1.0,0.0,22.0,1.0,0.2,0.6,5.8,5.8,5.8,5.8,1.0,0.0,22.0,1.0,0.2,0.6,-3.35,-3.35,-3.35,-3.35,1.0,0.0,22.0,1.0,0.2,0.6,1013.9,1013.9,1013.9,1013.9,1.0,0.0,22.0,1.0,0.2,0.6,6.0,6.0,6.0,6.0,1.0,0.0,22.0,1.0,0.2,0.6,38.9,38.9,38.9,38.9,1.0,0.0,22.0,1.0,0.2,0.6,-22.4,-22.4,-22.4,-22.4,1.0,0.0,22.0,1.0,0.2,0.6,-2.3,-2.3,-2.3,-2.3,1.0,0.0,22.0,1.0,0.2,0.6,-15.4,-15.4,-15.4,-15.4,1.0,0.0,22.0,1.0,0.2,0.6,0.33,0.33,0.33,0.33,1.0,0.0,22.0,1.0,0.2,0.6,2.2,2.2,2.2,2.2,1.0,0.0,22.0,1.0,0.2,0.6,97.5,97.5,97.5,97.5,1.0,0.0,22.0,1.0,0.2,0.6,-56.3,-56.3,-56.3,-56.3,1.0,0.0,22.0,1.0,0.2,0.6,57.5,57.5,57.5,57.5,1.0,0.0,22.0,1.0,0.2,0.6,-33.2,-33.2,-33.2,-33.2,1.0,0.0,22.0,1.0,0.2,0.6,1.9,1.9,1.9,1.9,1.0,0.0,22.0,1.0,0.2,0.6,-1.1,-1.1,-1.1,-1.1,1.0,0.0,22.0,1.0,0.2,0.6,301.0,301.0,301.0,301.0,1.0,0.0,22.0,1.0,0.2,0.6,300.0,300.0,300.0,300.0,1.0,0.0,22.0,1.0,0.2,0.6
1974,2,124.0,-38.0,17.0,17.0,17.0,17.0,1.0,0.0,20.0,0.0,0.3,1.0,16.4,16.4,16.4,16.4,1.0,0.0,20.0,0.0,0.3,1.0,9.71,9.71,9.71,9.71,1.0,0.0,20.0,0.0,0.3,1.0,83.5,83.5,83.5,83.5,1.0,0.0,20.0,0.0,1.0,9.3,9.3,9.3,9.3,1.0,0.0,20.0,0.0,0.3,1.0,7.12,7.12,7.12,7.12,1.0,0.0,20.0,0.0,0.3,1.0,5.98,5.98,5.98,5.98,1.0,0.0,20.0,0.0,0.3,1.0,1007.9,1007.9,1007.9,1007.9,1.0,0.0,20.0,0.0,0.3,1.0,2.0,2.0,2.0,2.0,1.0,0.0,20.0,0.0,0.3,1.0,66.3,66.3,66.3,66.3,1.0,0.0,20.0,0.0,0.3,1.0,55.6,55.6,55.6,55.6,1.0,0.0,20.0,0.0,0.3,1.0,0.6,0.6,0.6,0.6,1.0,0.0,20.0,0.0,0.3,1.0,5.6,5.6,5.6,5.6,1.0,0.0,20.0,0.0,0.3,1.0,2.39,2.39,2.39,2.39,1.0,0.0,20.0,0.0,0.3,1.0,22.2,22.2,22.2,22.2,1.0,0.0,20.0,0.0,0.3,1.0,116.8,116.8,116.8,116.8,1.0,0.0,20.0,0.0,0.3,1.0,98.0,98.0,98.0,98.0,1.0,0.0,20.0,0.0,0.3,1.0,69.1,69.1,69.1,69.1,1.0,0.0,20.0,0.0,0.3,1.0,58.0,58.0,58.0,58.0,1.0,0.0,20.0,0.0,0.3,1.0,17.0,17.0,17.0,17.0,1.0,0.0,20.0,0.0,0.3,1.0,14.3,14.3,14.3,14.3,1.0,0.0,20.0,0.0,0.3,1.0,804.5,804.5,804.5,804.5,1.0,0.0,20.0,0.0,0.3,1.0,805.0,805.0,805.0,805.0,1.0,0.0,20.0,0.0,0.3,1.0
1974,2,124.0,-37.0,17.8,18.15,19.19,18.4,10.0,0.85,14.0,0.3,0.4,0.7,16.33,17.2,19.49,17.65,11.0,1.74,16.0,0.4,0.4,0.7,8.01,9.2,11.47,9.55,9.0,1.89,14.0,0.3,0.4,0.7,70.2,79.8,84.6,77.2,9.0,8.1,14.0,0.3,0.7,2.69,4.6,11.13,7.05,11.0,5.23,16.0,0.4,0.4,0.7,-5.99,-0.36,4.93,0.2,11.0,7.66,16.0,0.4,0.4,0.7,-2.67,0.0,4.13,1.3,11.0,4.63,16.0,0.4,0.4,0.7,1007.56,1018.6,1021.9,1015.25,11.0,6.73,16.0,0.4,0.4,0.7,5.0,7.0,8.0,6.5,11.0,1.9,16.0,0.4,0.4,0.7,-43.2,-0.8,42.5,17.8,11.0,109.9,16.0,0.4,0.4,0.7,-9.2,0.0,45.5,19.3,11.0,50.5,16.0,0.4,0.4,0.7,-0.41,0.85,2.36,0.88,10.0,1.53,14.0,0.3,0.4,0.7,-3.2,4.1,15.1,8.7,10.0,20.3,14.0,0.3,0.4,0.7,1.95,3.35,5.15,3.53,9.0,1.58,14.0,0.3,0.4,0.7,11.4,16.1,37.6,28.4,9.0,32.5,14.0,0.3,0.4,0.7,-113.9,-6.9,81.9,-4.2,11.0,133.9,16.0,0.4,0.4,0.7,-51.0,0.0,64.7,18.3,11.0,80.1,16.0,0.4,0.4,0.7,-89.1,0.0,59.6,-3.2,9.0,82.1,14.0,0.3,0.4,0.7,-6.3,21.0,38.2,17.7,9.0,46.0,14.0,0.3,0.4,0.7,-13.3,0.0,20.8,11.0,9.0,38.6,14.0,0.3,0.4,0.7,-1.5,2.4,20.7,9.7,9.0,15.4,14.0,0.3,0.4,0.7,21.5,97.5,1410.0,962.0,11.0,1720.5,16.0,0.4,0.4,0.7,20.0,95.0,1410.0,960.0,11.0,1720.0,16.0,0.4,0.4,0.7
1974,2,124.0,-36.0,18.0,18.2,20.0,18.66,10.0,1.08,14.0,0.6,0.4,0.6,16.2,17.05,18.64,17.18,10.0,1.42,14.0,0.6,0.4,0.6,7.94,8.98,10.33,9.11,10.0,1.56,14.0,0.6,0.4,0.6,66.7,74.5,85.7,75.1,10.0,9.7,14.0,0.6,0.6,2.6,3.6,7.07,4.76,9.0,2.85,14.0,0.6,0.4,0.6,-5.31,-1.8,-0.15,-1.43,9.0,4.68,14.0,0.6,0.4,0.6,-0.74,2.6,3.29,1.27,9.0,2.74,14.0,0.6,0.4,0.6,1011.91,1020.8,1022.69,1018.43,10.0,5.53,14.0,0.6,0.4,0.6,4.0,7.5,8.0,6.5,10.0,2.0,14.0,0.6,0.4,0.6,-35.1,-5.9,-0.2,-4.3,9.0,40.0,14.0,0.6,0.4,0.6,-2.3,9.0,19.4,6.6,9.0,17.4,14.0,0.6,0.4,0.6,0.63,1.25,2.53,1.48,10.0,1.69,14.0,0.6,0.4,0.6,1.7,5.0,8.4,4.3,9.0,6.1,14.0,0.6,0.4,0.6,2.72,4.18,5.51,4.21,10.0,1.38,14.0,0.6,0.4,0.6,8.1,14.1,23.9,18.2,9.0,13.2,14.0,0.6,0.4,0.6,-101.4,-29.2,-2.4,-26.8,9.0,81.7,14.0,0.6,0.4,0.6,-15.4,44.7,55.0,21.4,9.0,48.2,14.0,0.6,0.4,0.6,-50.4,-14.5,-1.2,-16.7,9.0,42.1,14.0,0.6,0.4,0.6,-9.7,23.7,26.1,10.3,9.0,25.3,14.0,0.6,0.4,0.6,-15.6,-5.3,-0.6,-2.3,9.0,19.4,14.0,0.6,0.4,0.6,-1.5,10.7,13.9,5.8,9.0,11.3,14.0,0.6,0.4,0.6,17.5,46.5,353.5,218.5,9.0,305.5,14.0,0.6,0.4,0.6,20.0,45.0,355.0,220.0,9.0,305.0,14.0,0.6,0.4,0.6
1974,2,124.0,-34.0,20.0,20.0,20.0,20.0,1.0,0.0,20.0,0.0,0.8,0.1,20.6,20.6,20.6,20.6,1.0,0.0,20.0,0.0,0.8,0.1,12.87,12.87,12.87,12.87,1.0,0.0,20.0,0.0,0.8,0.1,85.0,85.0,85.0,85.0,1.0,0.0,20.0,0.0,0.1,,,,,,,,,,,,,,,,,,,,,,,,,,,,,,,,,,,,,,,,,,,,,,,,,,,,,,,,,,,,,,,,,,,,,,,,,,,,,,,,,,,,,,,,,,,,,,,,,,,,,,,,,,,,,,,,,,,,,,,,,,,,,,,,,,,,,,,,,,,,,,,,,,,,,,,,,,,,,,,,,,,,,,,,,,,,,,,,,,,,,,,,,,,,,,
1974,2,124.0,-16.0,27.88,28.05,28.22,28.05,2.0,0.35,14.0,0.5,0.0,0.7,28.24,28.75,29.26,28.75,2.0,1.06,14.0,0.5,0.0,0.7,19.15,19.98,20.8,19.98,2.0,1.71,14.0,0.5,0.0,0.7,75.0,80.6,86.3,80.6,2.0,11.7,14.0,0.5,0.7,3.76,4.1,4.44,4.1,2.0,0.71,14.0,0.5,0.0,0.7,2.58,3.15,3.72,3.15,2.0,1.18,14.0,0.5,0.0,0.7,2.37,2.53,2.69,2.53,2.0,0.32,14.0,0.5,0.0,0.7,1004.28,1004.45,1004.62,1004.45,2.0,0.35,14.0,0.5,0.0,0.7,6.3,7.0,7.7,7.0,2.0,1.4,14.0,0.5,0.0,0.7,9.9,13.3,16.7,13.3,2.0,7.1,14.0,0.5,0.0,0.7,10.0,10.3,10.5,10.3,2.0,0.5,14.0,0.5,0.0,0.7,-1.38,-0.7,-0.02,-0.7,2.0,1.41,14.0,0.5,0.0,0.7,-6.4,-3.4,-0.3,-3.4,2.0,6.3,14.0,0.5,0.0,0.7,3.38,3.96,4.54,3.96,2.0,1.2,14.0,0.5,0.0,0.7,12.9,16.7,20.4,16.7,2.0,7.7,14.0,0.5,0.0,0.7,73.2,91.2,109.2,91.2,2.0,37.3,14.0,0.5,0.0,0.7,69.3,72.5,75.7,72.5,2.0,6.6,14.0,0.5,0.0,0.7,53.1,61.9,70.7,61.9,2.0,18.2,14.0,0.5,0.0,0.7,45.6,50.8,56.0,50.8,2.0,10.8,14.0,0.5,0.0,0.7,9.1,13.2,17.3,13.2,2.0,8.5,14.0,0.5,0.0,0.7,9.0,9.8,10.7,9.8,2.0,1.8,14.0,0.5,0.0,0.7,54.5,72.0,89.5,72.0,2.0,36.0,14.0,0.5,0.0,0.7,55.0,70.0,90.0,70.0,2.0,35.0,14.0,0.5,0.0,0.7
1974,2,124.0,-15.0,27.64,27.9,28.52,28.08,4.0,0.65,20.0,0.5,0.3,0.3,27.92,28.75,30.31,29.1,4.0,1.73,20.0,0.5,0.3,0.3,19.28,20.56,21.89,20.58,4.0,1.56,20.0,0.5,0.3,0.3,78.4,81.3,83.6,81.0,4.0,3.5,20.0,0.5,0.3,1.48,4.1,6.2,3.85,4.0,3.06,20.0,0.5,0.3,0.3,0.95,3.55,6.2,3.57,4.0,3.2,20.0,0.5,0.3,0.3,-1.24,0.0,0.0,-0.59,4.0,1.19,20.0,0.5,0.3,0.3,1004.36,1005.3,1005.98,1005.18,4.0,1.2,20.0,0.5,0.3,0.3,2.9,6.0,7.0,5.0,4.0,3.5,20.0,0.5,0.3,0.3,2.9,16.1,39.5,21.0,4.0,23.4,20.0,0.5,0.3,0.3,-3.9,0.0,0.0,-1.8,4.0,3.7,20.0,0.5,0.3,0.3,-2.02,-1.1,-0.02,-1.02,4.0,1.31,20.0,0.5,0.3,0.3,-11.8,-5.4,1.0,-5.4,4.0,7.4,20.0,0.5,0.3,0.3,2.31,3.42,4.46,3.39,4.0,1.38,20.0,0.5,0.3,0.3,5.9,13.8,15.3,10.7,4.0,7.3,20.0,0.5,0.3,0.3,26.0,107.6,185.9,106.0,4.0,95.6,20.0,0.5,0.3,0.3,-34.1,0.0,0.0,-16.3,4.0,32.5,20.0,0.5,0.3,0.3,17.9,75.7,135.0,76.4,4.0,70.2,20.0,0.5,0.3,0.3,-23.5,0.0,0.0,-11.2,4.0,22.4,20.0,0.5,0.3,0.3,4.7,11.2,13.8,9.4,4.0,6.6,20.0,0.5,0.3,0.3,-6.2,0.0,0.0,-3.0,4.0,5.9,20.0,0.5,0.3,0.3,14.0,81.0,258.5,134.0,4.0,169.5,20.0,0.5,0.3,0.3,15.0,80.0,260.0,135.0,4.0,170.0,20.0,0.5,0.3,0.3
1974,2,124.0,-14.0,27.8,27.8,27.8,27.8,1.0,0.0,4.0,1.0,0.9,0.1,30.1,30.1,30.1,30.1,1.0,0.0,4.0,1.0,0.9,0.1,19.52,19.52,19.52,19.52,1.0,0.0,4.0,1.0,0.9,0.1,72.9,72.9,72.9,72.9,1.0,0.0,4.0,1.0,0.1,4.6,4.6,4.6,4.6,1.0,0.0,4.0,1.0,0.9,0.1,1.57,1.57,1.57,1.57,1.0,0.0,4.0,1.0,0.9,0.1,4.32,4.32,4.32,4.32,1.0,0.0,4.0,1.0,0.9,0.1,1007.9,1007.9,1007.9,1007.9,1.0,0.0,4.0,1.0,0.9,0.1,3.0,3.0,3.0,3.0,1.0,0.0,4.0,1.0,0.9,0.1,7.2,7.2,7.2,7.2,1.0,0.0,4.0,1.0,0.9,0.1,19.9,19.9,19.9,19.9,1.0,0.0,4.0,1.0,0.9,0.1,-2.3,-2.3,-2.3,-2.3,1.0,0.0,4.0,1.0,0.9,0.1,-10.6,-10.6,-10.6,-10.6,1.0,0.0,4.0,1.0,0.9,0.1,3.98,3.98,3.98,3.98,1.0,0.0,4.0,1.0,0.9,0.1,18.3,18.3,18.3,18.3,1.0,0.0,4.0,1.0,0.9,0.1,47.4,47.4,47.4,47.4,1.0,0.0,4.0,1.0,0.9,0.1,130.1,130.1,130.1,130.1,1.0,0.0,4.0,1.0,0.9,0.1,30.7,30.7,30.7,30.7,1.0,0.0,4.0,1.0,0.9,0.1,84.4,84.4,84.4,84.4,1.0,0.0,4.0,1.0,0.9,0.1,6.3,6.3,6.3,6.3,1.0,0.0,4.0,1.0,0.9,0.1,17.2,17.2,17.2,17.2,1.0,0.0,4.0,1.0,0.9,0.1,97.5,97.5,97.5,97.5,1.0,0.0,4.0,1.0,0.9,0.1,95.0,95.0,95.0,95.0,1.0,0.0,4.0,1.0,0.9,0.1
1974,2,124.0,-10.0,27.58,27.75,27.92,27.75,2.0,0.35,12.0,1.0,0.2,1.0,27.11,29.5,30.18,28.67,3.0,2.36,10.0,1.0,0.1,0.9,20.58,20.81,21.03,20.81,2.0,0.47,12.0,1.0,0.2,1.0,77.3,78.0,78.8,78.0,2.0,1.5,12.0,1.0,1.0,3.09,4.15,5.21,4.15,2.0,2.19,12.0,1.0,0.2,1.0,2.79,3.93,5.08,3.93,2.0,2.38,12.0,1.0,0.2,1.0,-0.63,0.16,0.94,0.16,2.0,1.62,12.0,1.0,0.2,1.0,1006.98,1008.0,1008.27,1007.63,3.0,1.0,10.0,1.0,0.1,0.9,7.0,7.0,7.7,7.3,3.0,0.6,10.0,1.0,0.1,0.9,10.0,18.9,27.8,18.9,2.0,18.5,12.0,1.0,0.2,1.0,-4.2,-1.1,1.9,-1.1,2.0,6.4,12.0,1.0,0.2,1.0,-2.76,-2.25,-1.74,-2.25,2.0,1.06,12.0,1.0,0.2,1.0,-8.4,-8.2,-7.9,-8.2,2.0,0.5,12.0,1.0,0.2,1.0,2.19,2.64,3.09,2.64,2.0,0.93,12.0,1.0,0.2,1.0,7.3,12.0,16.6,12.0,2.0,9.6,12.0,1.0,0.2,1.0,84.1,117.1,150.2,117.1,2.0,68.5,12.0,1.0,0.2,1.0,-18.3,5.2,28.7,5.2,2.0,48.7,12.0,1.0,0.2,1.0,58.3,81.3,104.2,81.3,2.0,47.6,12.0,1.0,0.2,1.0,-12.7,3.6,19.9,3.6,2.0,33.8,12.0,1.0,0.2,1.0,6.7,11.5,16.3,11.5,2.0,9.9,12.0,1.0,0.2,1.0,-2.3,-0.3,1.6,-0.3,2.0,4.1,12.0,1.0,0.2,1.0,44.0,101.5,158.5,101.5,2.0,118.5,12.0,1.0,0.2,1.0,45.0,100.0,160.0,100.0,2.0,120.0,12.0,1.0,0.2,1.0
1974,2,124.0,-9.0,27.14,27.5,27.91,27.61,10.0,0.56,16.0,0.6,0.6,0.8,26.54,27.1,28.57,27.41,10.0,1.02,16.0,0.5,0.6,0.7,18.69,19.28,20.32,19.3,9.0,0.95,16.0,0.6,0.6,0.7,78.3,84.3,92.4,85.2,9.0,7.0,16.0,0.6,0.7,2.89,5.1,6.2,4.91,11.0,1.99,16.0,0.5,0.6,0.7,2.48,4.79,5.83,4.31,11.0,2.02,16.0,0.5,0.6,0.7,-2.12,0.0,2.35,-0.15,11.0,2.43,16.0,0.5,0.6,0.7,1004.88,1006.6,1007.88,1006.76,11.0,1.95,16.0,0.5,0.6,0.7,4.0,6.0,7.0,6.0,11.0,1.4,16.0,0.5,0.6,0.7,7.1,24.9,36.1,24.6,11.0,18.2,16.0,0.5,0.6,0.7,-13.1,0.0,10.3,-2.1,11.0,13.3,16.0,0.5,0.6,0.7,-0.57,0.5,1.37,0.42,9.0,1.08,16.0,0.6,0.6,0.7,-4.5,1.3,7.6,1.9,9.0,6.7,16.0,0.6,0.6,0.7,2.85,4.5,4.9,4.04,9.0,1.03,16.0,0.6,0.6,0.7,12.3,25.1,29.0,21.7,9.0,8.3,16.0,0.6,0.6,0.7,68.0,134.2,163.0,128.1,10.0,51.2,16.0,0.5,0.6,0.7,-59.3,-19.8,67.4,-5.7,10.0,68.4,16.0,0.5,0.6,0.7,49.3,87.5,116.8,88.6,9.0,37.3,16.0,0.6,0.6,0.7,-42.5,-28.2,48.0,-4.1,9.0,52.2,16.0,0.6,0.6,0.7,8.6,22.6,26.4,18.9,9.0,8.6,16.0,0.6,0.6,0.7,-10.1,-4.0,11.0,-1.8,9.0,10.9,16.0,0.6,0.6,0.7,24.5,132.5,238.5,167.5,11.0,152.0,16.0,0.5,0.6,0.7,25.0,135.0,240.0,170.0,11.0,150.0,16.0,0.5,0.6,0.7
1974,2,124.0,-8.0,27.97,28.0,30.02,28.7,7.0,1.17,16.0,0.9,0.3,0.4,26.9,28.5,29.55,28.33,7.0,1.83,16.0,0.9,0.3,0.4,18.27,19.08,20.01,19.16,7.0,1.15,16.0,0.9,0.3,0.4,72.5,76.5,85.5,79.3,7.0,7.4,16.0,0.9,0.4,6.6,8.2,8.75,7.56,7.0,1.7,16.0,0.9,0.3,0.4,4.89,8.08,8.62,6.47,7.0,3.26,16.0,0.9,0.3,0.4,-3.41,-1.42,1.83,-0.9,7.0,3.01,16.0,0.9,0.3,0.4,1003.98,1005.7,1006.23,1005.33,7.0,1.17,16.0,0.9,0.3,0.4,6.0,7.0,7.0,6.6,7.0,1.0,16.0,0.9,0.3,0.4,32.7,66.2,75.5,53.5,7.0,31.3,16.0,0.9,0.3,0.4,-21.2,-11.7,17.3,-4.9,7.0,19.7,16.0,0.9,0.3,0.4,-2.02,-0.5,3.12,0.37,7.0,2.93,16.0,0.9,0.3,0.4,-16.4,-4.3,20.3,-0.3,7.0,17.6,16.0,0.9,0.3,0.4,3.87,4.59,7.79,5.74,7.0,2.45,16.0,0.9,0.3,0.4,33.4,40.8,52.2,41.2,7.0,13.8,16.0,0.9,0.3,0.4,132.0,229.3,246.1,187.3,7.0,95.4,16.0,0.9,0.3,0.4,-102.8,-41.9,53.4,-25.2,7.0,82.2,16.0,0.9,0.3,0.4,93.3,142.7,171.9,124.6,7.0,62.7,16.0,0.9,0.3,0.4,-71.1,-26.2,35.8,-17.2,7.0,57.9,16.0,0.9,0.3,0.4,15.5,37.1,41.2,32.7,7.0,19.6,16.0,0.9,0.3,0.4,-12.4,-6.5,8.3,-5.0,7.0,22.7,16.0,0.9,0.3,0.4,291.0,551.5,672.0,486.0,7.0,278.5,16.0,0.9,0.3,0.4,290.0,550.0,670.0,485.0,7.0,280.0,16.0,0.9,0.3,0.4
1974,2,124.0,-7.0,26.4,27.5,28.0,27.25,6.0,0.88,16.0,0.7,0.6,0.5,26.48,26.8,27.23,26.83,7.0,0.58,16.0,0.6,0.6,0.4,17.97,18.48,19.17,18.62,7.0,1.11,16.0,0.6,0.6,0.4,81.7,85.1,86.5,84.1,7.0,5.7,16.0,0.6,0.4,4.6,6.2,6.7,5.73,7.0,0.94,16.0,0.6,0.6,0.4,3.96,4.53,5.43,4.78,7.0,1.05,16.0,0.6,0.6,0.4,-3.04,0.8,3.2,0.32,7.0,3.37,16.0,0.6,0.6,0.4,1005.57,1007.7,1008.12,1006.97,7.0,2.37,16.0,0.6,0.6,0.4,1.0,7.0,7.0,5.0,7.0,3.1,16.0,0.6,0.6,0.4,20.6,25.6,33.8,27.8,7.0,9.3,16.0,0.6,0.6,0.4,-14.4,3.7,19.9,2.7,7.0,20.8,16.0,0.6,0.6,0.4,-1.22,0.75,1.26,0.28,6.0,1.23,16.0,0.7,0.6,0.5,-6.0,4.8,7.1,1.8,6.0,6.9,16.0,0.7,0.6,0.5,2.85,4.14,5.37,4.06,6.0,1.38,16.0,0.7,0.6,0.5,17.0,24.6,30.3,24.0,6.0,9.5,16.0,0.7,0.6,0.5,106.9,123.2,150.6,128.1,7.0,28.0,16.0,0.6,0.6,0.4,-80.7,21.7,88.6,8.8,7.0,90.7,16.0,0.6,0.6,0.4,77.7,86.5,93.8,88.6,7.0,18.4,16.0,0.6,0.6,0.4,-56.7,15.2,55.1,3.5,7.0,64.1,16.0,0.6,0.6,0.4,11.6,21.5,24.6,19.0,6.0,6.8,16.0,0.7,0.6,0.5,-14.7,0.8,17.3,2.4,6.0,17.1,16.0,0.7,0.6,0.5,97.5,238.5,301.0,201.0,7.0,90.0,16.0,0.6,0.6,0.4,95.0,240.0,300.0,200.0,7.0,90.0,16.0,0.6,0.6,0.4
1974,2,124.0,-6.0,29.24,29.75,30.26,29.75,2.0,1.06,12.0,0.5,0.9,0.4,26.92,27.4,27.88,27.4,2.0,0.99,12.0,0.5,0.9,0.4,17.07,17.56,18.04,17.56,2.0,1.01,12.0,0.5,0.9,0.4,76.4,76.5,76.5,76.5,2.0,0.2,12.0,0.5,0.4,6.2,6.2,6.2,6.2,1.0,0.0,16.0,1.0,0.9,0.3,6.11,6.11,6.11,6.11,1.0,0.0,16.0,1.0,0.9,0.3,-1.08,-1.08,-1.08,-1.08,1.0,0.0,16.0,1.0,0.9,0.3,1003.48,1004.95,1006.42,1004.95,2.0,3.04,12.0,0.5,0.9,0.4,5.2,5.5,5.8,5.5,2.0,0.7,12.0,0.5,0.9,0.4,37.9,37.9,37.9,37.9,1.0,0.0,16.0,1.0,0.9,0.3,-6.7,-6.7,-6.7,-6.7,1.0,0.0,16.0,1.0,0.9,0.3,2.32,2.35,2.38,2.35,2.0,0.07,12.0,0.5,0.9,0.4,14.3,14.3,14.3,14.3,1.0,0.0,16.0,1.0,0.9,0.3,8.64,8.91,9.18,8.91,2.0,0.55,12.0,0.5,0.9,0.4,52.8,52.8,52.8,52.8,1.0,0.0,16.0,1.0,0.9,0.3,163.0,163.0,163.0,163.0,1.0,0.0,16.0,1.0,0.9,0.3,-28.7,-28.7,-28.7,-28.7,1.0,0.0,16.0,1.0,0.9,0.3,102.8,102.8,102.8,102.8,1.0,0.0,16.0,1.0,0.9,0.3,-18.1,-18.1,-18.1,-18.1,1.0,0.0,16.0,1.0,0.9,0.3,52.0,52.0,52.0,52.0,1.0,0.0,16.0,1.0,0.9,0.3,-9.2,-9.2,-9.2,-9.2,1.0,0.0,16.0,1.0,0.9,0.3,238.5,238.5,238.5,238.5,1.0,0.0,16.0,1.0,0.9,0.3,240.0,240.0,240.0,240.0,1.0,0.0,16.0,1.0,0.9,0.3
1974,2,124.0,-5.0,28.9,28.9,28.9,28.9,1.0,0.0,18.0,0.0,0.6,0.8,26.8,26.8,26.8,26.8,1.0,0.0,18.0,0.0,0.6,0.8,18.81,18.81,18.81,18.81,1.0,0.0,18.0,0.0,0.6,0.8,85.2,85.2,85.2,85.2,1.0,0.0,18.0,0.0,0.8,7.7,7.7,7.7,7.7,1.0,0.0,18.0,0.0,0.6,0.8,0.0,0.0,0.0,0.0,1.0,0.0,18.0,0.0,0.6,0.8,-7.7,-7.7,-7.7,-7.7,1.0,0.0,18.0,0.0,0.6,0.8,1008.5,1008.5,1008.5,1008.5,1.0,0.0,18.0,0.0,0.6,0.8,7.0,7.0,7.0,7.0,1.0,0.0,18.0,0.0,0.6,0.8,0.0,0.0,0.0,0.0,1.0,0.0,18.0,0.0,0.6,0.8,-59.3,-59.3,-59.3,-59.3,1.0,0.0,18.0,0.0,0.6,0.8,2.1,2.1,2.1,2.1,1.0,0.0,18.0,0.0,0.6,0.8,16.2,16.2,16.2,16.2,1.0,0.0,18.0,0.0,0.6,0.8,6.26,6.26,6.26,6.26,1.0,0.0,18.0,0.0,0.6,0.8,48.2,48.2,48.2,48.2,1.0,0.0,18.0,0.0,0.6,0.8,0.0,0.0,0.0,0.0,1.0,0.0,18.0,0.0,0.6,0.8,-206.4,-206.4,-206.4,-206.4,1.0,0.0,18.0,0.0,0.6,0.8,0.0,0.0,0.0,0.0,1.0,0.0,18.0,0.0,0.6,0.8,-144.8,-144.8,-144.8,-144.8,1.0,0.0,18.0,0.0,0.6,0.8,0.0,0.0,0.0,0.0,1.0,0.0,18.0,0.0,0.6,0.8,-48.2,-48.2,-48.2,-48.2,1.0,0.0,18.0,0.0,0.6,0.8,456.5,456.5,456.5,456.5,1.0,0.0,18.0,0.0,0.6,0.8,455.0,455.0,455.0,455.0,1.0,0.0,18.0,0.0,0.6,0.8
1974,2,124.0,-4.0,28.0,28.0,28.68,28.33,3.0,0.58,8.0,1.0,0.7,0.5,27.93,29.5,29.5,28.73,3.0,1.33,8.0,1.0,0.7,0.5,20.59,20.8,21.01,20.8,2.0,0.44,4.0,1.0,0.9,0.4,79.5,80.3,81.1,80.3,2.0,1.7,4.0,1.0,0.4,5.17,7.7,7.7,6.47,3.0,2.14,8.0,1.0,0.7,0.5,4.14,4.95,4.95,4.55,3.0,0.69,8.0,1.0,0.7,0.5,-5.9,-5.9,-2.81,-4.39,3.0,2.62,8.0,1.0,0.7,0.5,1007.8,1007.8,1008.96,1008.37,3.0,0.98,8.0,1.0,0.7,0.5,6.3,7.0,7.0,6.7,3.0,0.6,8.0,1.0,0.7,0.5,22.4,38.1,38.1,30.4,3.0,13.3,8.0,1.0,0.7,0.5,-45.4,-45.4,-18.2,-32.1,3.0,23.1,8.0,1.0,0.7,0.5,-1.5,-1.5,0.75,-0.4,3.0,1.91,8.0,1.0,0.7,0.5,-11.5,-11.5,1.2,-5.3,3.0,10.8,8.0,1.0,0.7,0.5,2.77,2.99,3.2,2.99,2.0,0.44,4.0,1.0,0.9,0.4,21.4,23.0,24.6,23.0,2.0,3.4,4.0,1.0,0.9,0.4,116.1,146.0,146.0,131.4,3.0,25.3,8.0,1.0,0.7,0.5,-174.0,-174.0,-80.6,-128.4,3.0,79.0,8.0,1.0,0.7,0.5,101.9,102.9,104.0,102.9,2.0,2.2,4.0,1.0,0.9,0.4,-123.9,-122.7,-121.4,-122.7,2.0,2.6,4.0,1.0,0.9,0.4,13.7,14.8,15.8,14.8,2.0,2.2,4.0,1.0,0.9,0.4,-18.9,-17.6,-16.4,-17.6,2.0,2.6,4.0,1.0,0.9,0.4,188.5,456.5,456.5,325.5,3.0,226.5,8.0,1.0,0.7,0.5,190.0,455.0,455.0,325.0,3.0,225.0,8.0,1.0,0.7,0.5
1974,2,124.0,-1.0,28.0,28.0,28.0,28.0,1.0,0.0,4.0,1.0,0.9,0.5,26.0,26.0,26.0,26.0,1.0,0.0,4.0,1.0,0.9,0.5,19.87,19.87,19.87,19.87,1.0,0.0,4.0,1.0,0.9,0.5,94.2,94.2,94.2,94.2,1.0,0.0,4.0,1.0,0.5,5.7,5.7,5.7,5.7,1.0,0.0,4.0,1.0,0.9,0.5,4.37,4.37,4.37,4.37,1.0,0.0,4.0,1.0,0.9,0.5,-3.66,-3.66,-3.66,-3.66,1.0,0.0,4.0,1.0,0.9,0.5,1008.0,1008.0,1008.0,1008.0,1.0,0.0,4.0,1.0,0.9,0.5,6.0,6.0,6.0,6.0,1.0,0.0,4.0,1.0,0.9,0.5,24.9,24.9,24.9,24.9,1.0,0.0,4.0,1.0,0.9,0.5,-20.9,-20.9,-20.9,-20.9,1.0,0.0,4.0,1.0,0.9,0.5,2.0,2.0,2.0,2.0,1.0,0.0,4.0,1.0,0.9,0.5,11.4,11.4,11.4,11.4,1.0,0.0,4.0,1.0,0.9,0.5,3.91,3.91,3.91,3.91,1.0,0.0,4.0,1.0,0.9,0.5,22.3,22.3,22.3,22.3,1.0,0.0,4.0,1.0,0.9,0.5,113.5,113.5,113.5,113.5,1.0,0.0,4.0,1.0,0.9,0.5,-95.3,-95.3,-95.3,-95.3,1.0,0.0,4.0,1.0,0.9,0.5,86.8,86.8,86.8,86.8,1.0,0.0,4.0,1.0,0.9,0.5,-72.8,-72.8,-72.8,-72.8,1.0,0.0,4.0,1.0,0.9,0.5,17.1,17.1,17.1,17.1,1.0,0.0,4.0,1.0,0.9,0.5,-14.3,-14.3,-14.3,-14.3,1.0,0.0,4.0,1.0,0.9,0.5,185.0,185.0,185.0,185.0,1.0,0.0,4.0,1.0,0.9,0.5,185.0,185.0,185.0,185.0,1.0,0.0,4.0,1.0,0.9,0.5
1974,2,124.0,2.0,28.0,28.0,28.0,28.0,1.0,0.0,10.0,1.0,0.7,0.8,27.0,27.0,27.0,27.0,1.0,0.0,10.0,1.0,0.7,0.8,19.51,19.51,19.51,19.51,1.0,0.0,10.0,1.0,0.7,0.8,87.2,87.2,87.2,87.2,1.0,0.0,10.0,1.0,0.8,5.1,5.1,5.1,5.1,1.0,0.0,10.0,1.0,0.7,0.8,4.42,4.42,4.42,4.42,1.0,0.0,10.0,1.0,0.7,0.8,-2.55,-2.55,-2.55,-2.55,1.0,0.0,10.0,1.0,0.7,0.8,1008.5,1008.5,1008.5,1008.5,1.0,0.0,10.0,1.0,0.7,0.8,7.0,7.0,7.0,7.0,1.0,0.0,10.0,1.0,0.7,0.8,22.5,22.5,22.5,22.5,1.0,0.0,10.0,1.0,0.7,0.8,-13.0,-13.0,-13.0,-13.0,1.0,0.0,10.0,1.0,0.7,0.8,1.0,1.0,1.0,1.0,1.0,0.0,10.0,1.0,0.7,0.8,5.1,5.1,5.1,5.1,1.0,0.0,10.0,1.0,0.7,0.8,4.26,4.26,4.26,4.26,1.0,0.0,10.0,1.0,0.7,0.8,21.7,21.7,21.7,21.7,1.0,0.0,10.0,1.0,0.7,0.8,119.3,119.3,119.3,119.3,1.0,0.0,10.0,1.0,0.7,0.8,-68.8,-68.8,-68.8,-68.8,1.0,0.0,10.0,1.0,0.7,0.8,86.2,86.2,86.2,86.2,1.0,0.0,10.0,1.0,0.7,0.8,-49.7,-49.7,-49.7,-49.7,1.0,0.0,10.0,1.0,0.7,0.8,18.8,18.8,18.8,18.8,1.0,0.0,10.0,1.0,0.7,0.8,-10.9,-10.9,-10.9,-10.9,1.0,0.0,10.0,1.0,0.7,0.8,132.5,132.5,132.5,132.5,1.0,0.0,10.0,1.0,0.7,0.8,135.0,135.0,135.0,135.0,1.0,0.0,10.0,1.0,0.7,0.8
1974,2,124.0,3.0,27.57,28.4,29.33,28.45,4.0,1.24,10.0,0.5,0.3,0.5,25.89,27.2,27.62,26.78,4.0,1.43,10.0,0.5,0.3,0.5,16.17,16.8,17.44,16.8,2.0,1.31,6.0,0.0,0.4,0.4,75.6,78.3,80.4,78.0,3.0,3.6,8.0,0.3,0.6,5.34,6.7,6.86,6.13,4.0,1.36,10.0,0.5,0.3,0.5,-6.06,-4.59,-3.12,-4.59,4.0,1.93,10.0,0.5,0.3,0.5,-5.35,-2.76,-0.21,-2.78,4.0,3.13,10.0,0.5,0.3,0.5,1006.46,1006.6,1009.54,1007.97,3.0,2.54,10.0,0.3,0.3,0.4,6.5,7.5,8.0,7.3,4.0,1.0,10.0,0.5,0.3,0.5,-41.7,-25.5,-15.9,-28.6,4.0,15.7,10.0,0.5,0.3,0.5,-35.8,-18.7,-2.5,-19.2,4.0,20.2,10.0,0.5,0.3,0.5,0.37,1.5,3.0,1.68,4.0,1.73,10.0,0.5,0.3,0.5,1.2,8.8,20.1,10.6,4.0,12.0,10.0,0.5,0.3,0.5,6.76,7.59,8.42,7.59,2.0,1.72,6.0,0.0,0.4,0.4,31.3,42.6,53.8,42.6,2.0,23.3,6.0,0.0,0.4,0.4,-158.6,-118.3,-85.9,-122.1,4.0,51.0,10.0,0.5,0.3,0.5,-143.0,-69.7,-5.6,-74.1,4.0,85.4,10.0,0.5,0.3,0.5,-79.9,-76.5,-73.2,-76.5,2.0,7.0,6.0,0.0,0.4,0.4,-55.5,-27.9,-0.2,-27.9,2.0,57.3,6.0,0.0,0.4,0.4,-42.1,-35.5,-28.8,-35.5,2.0,13.8,6.0,0.0,0.4,0.4,-31.2,-16.7,-2.2,-16.7,2.0,30.0,6.0,0.0,0.4,0.4,179.5,301.0,323.0,253.5,4.0,124.5,10.0,0.5,0.3,0.5,180.0,300.0,325.0,255.0,4.0,125.0,10.0,0.5,0.3,0.5
1974,2,124.0,4.0,26.25,27.4,27.82,27.12,5.0,0.9,14.0,0.8,0.4,0.6,26.24,26.5,27.24,26.72,5.0,0.8,14.0,0.8,0.4,0.6,18.51,18.66,19.17,18.85,5.0,0.66,14.0,0.8,0.4,0.6,82.6,86.2,89.3,85.9,5.0,4.8,14.0,0.8,0.6,2.33,4.1,5.53,3.93,3.0,2.35,12.0,0.7,0.4,0.5,-2.38,-0.75,3.99,0.77,3.0,4.85,12.0,0.7,0.4,0.5,-2.21,-1.3,-0.41,-1.31,3.0,1.32,12.0,0.7,0.4,0.5,1008.25,1009.0,1010.44,1009.26,5.0,1.14,14.0,0.8,0.4,0.6,6.6,7.0,8.0,7.2,5.0,0.8,14.0,0.8,0.4,0.6,-9.1,-1.1,25.9,8.1,3.0,26.9,12.0,0.7,0.4,0.5,-8.0,-1.9,-0.6,-4.3,3.0,5.8,12.0,0.7,0.4,0.5,-0.9,1.1,1.47,0.4,5.0,1.39,14.0,0.8,0.4,0.6,0.4,6.6,8.0,4.3,3.0,5.9,12.0,0.7,0.4,0.5,2.73,3.23,4.93,3.72,5.0,1.25,14.0,0.8,0.4,0.6,9.1,19.2,28.7,18.9,3.0,14.4,12.0,0.7,0.4,0.5,-62.0,-21.0,106.8,21.4,3.0,128.9,12.0,0.7,0.4,0.5,-58.0,-36.4,-11.5,-34.8,3.0,34.0,12.0,0.7,0.4,0.5,-43.6,-14.0,74.5,14.8,3.0,90.0,12.0,0.7,0.4,0.5,-40.5,-24.3,-7.7,-24.1,3.0,24.0,12.0,0.7,0.4,0.5,-10.8,-2.2,21.9,5.4,3.0,24.8,12.0,0.7,0.4,0.5,-9.6,-3.8,-1.2,-5.4,3.0,6.3,12.0,0.7,0.4,0.5,24.0,69.0,184.5,103.5,3.0,121.0,12.0,0.7,0.4,0.5,25.0,70.0,185.0,105.0,3.0,120.0,12.0,0.7,0.4,0.5
1974,2,124.0,5.0,27.8,27.8,27.8,27.8,1.0,0.0,16.0,0.0,0.7,0.7,26.6,26.6,26.6,26.6,1.0,0.0,16.0,0.0,0.7,0.7,18.5,18.5,18.5,18.5,1.0,0.0,16.0,0.0,0.7,0.7,84.6,84.6,84.6,84.6,1.0,0.0,16.0,0.0,0.7,0.0,0.0,0.0,0.0,1.0,0.0,16.0,0.0,0.7,0.7,0.0,0.0,0.0,0.0,1.0,0.0,16.0,0.0,0.7,0.7,0.0,0.0,0.0,0.0,1.0,0.0,16.0,0.0,0.7,0.7,1006.9,1006.9,1006.9,1006.9,1.0,0.0,16.0,0.0,0.7,0.7,3.0,3.0,3.0,3.0,1.0,0.0,16.0,0.0,0.7,0.7,0.0,0.0,0.0,0.0,1.0,0.0,16.0,0.0,0.7,0.7,0.0,0.0,0.0,0.0,1.0,0.0,16.0,0.0,0.7,0.7,1.2,1.2,1.2,1.2,1.0,0.0,16.0,0.0,0.7,0.7,0.0,0.0,0.0,0.0,1.0,0.0,16.0,0.0,0.7,0.7,5.03,5.03,5.03,5.03,1.0,0.0,16.0,0.0,0.7,0.7,0.0,0.0,0.0,0.0,1.0,0.0,16.0,0.0,0.7,0.7,0.0,0.0,0.0,0.0,1.0,0.0,16.0,0.0,0.7,0.7,0.0,0.0,0.0,0.0,1.0,0.0,16.0,0.0,0.7,0.7,0.0,0.0,0.0,0.0,1.0,0.0,16.0,0.0,0.7,0.7,0.0,0.0,0.0,0.0,1.0,0.0,16.0,0.0,0.7,0.7,0.0,0.0,0.0,0.0,1.0,0.0,16.0,0.0,0.7,0.7,0.0,0.0,0.0,0.0,1.0,0.0,16.0,0.0,0.7,0.7,0.0,0.0,0.0,0.0,1.0,0.0,16.0,0.0,0.7,0.7,0.0,0.0,0.0,0.0,1.0,0.0,16.0,0.0,0.7,0.7
1974,2,124.0,9.0,25.48,26.7,27.1,26.34,5.0,1.25,22.0,0.4,0.2,0.4,25.6,25.7,26.73,26.18,5.0,1.03,22.0,0.2,0.2,0.4,17.7,18.84,20.51,19.09,4.0,1.68,22.0,0.3,0.2,0.4,86.3,88.0,92.6,89.4,4.0,4.6,22.0,0.3,0.4,2.56,5.95,6.3,4.73,6.0,2.44,22.0,0.3,0.3,0.4,-5.28,-2.9,-0.79,-2.96,6.0,2.55,22.0,0.3,0.3,0.4,-4.58,-3.45,-1.79,-3.24,6.0,1.8,22.0,0.3,0.3,0.4,1007.63,1009.1,1010.6,1009.17,6.0,2.33,22.0,0.3,0.3,0.4,1.8,3.5,8.0,4.3,6.0,3.1,22.0,0.3,0.3,0.4,-34.7,-17.5,-2.6,-18.1,6.0,16.9,22.0,0.3,0.3,0.4,-29.5,-18.9,-7.2,-18.0,6.0,12.5,22.0,0.3,0.3,0.4,-1.3,-0.4,0.81,-0.25,4.0,1.24,22.0,0.3,0.2,0.4,-7.8,-2.0,5.2,-1.3,4.0,7.5,22.0,0.3,0.2,0.4,0.06,2.27,3.86,1.97,4.0,2.27,22.0,0.3,0.2,0.4,0.6,15.0,24.8,12.8,4.0,14.4,22.0,0.3,0.2,0.4,-143.0,-121.6,-16.1,-88.3,5.0,71.3,22.0,0.2,0.2,0.4,-122.7,-102.0,-42.4,-85.8,5.0,50.7,22.0,0.2,0.2,0.4,-107.4,-87.5,-50.6,-79.4,4.0,43.3,22.0,0.3,0.2,0.4,-94.4,-73.4,-57.3,-75.7,4.0,27.4,22.0,0.3,0.2,0.4,-19.0,-12.0,-2.1,-10.6,4.0,10.0,22.0,0.3,0.2,0.4,-15.9,-8.8,1.2,-7.5,4.0,10.1,22.0,0.3,0.2,0.4,23.5,212.0,251.0,165.5,6.0,122.5,22.0,0.3,0.3,0.4,25.0,210.0,250.0,165.0,6.0,125.0,22.0,0.3,0.3,0.4
1974,2,124.0,10.0,24.4,24.4,24.4,24.4,1.0,0.0,14.0,0.0,0.0,0.1,23.9,23.9,23.9,23.9,1.0,0.0,14.0,0.0,0.0,0.1,15.5,15.5,15.5,15.5,1.0,0.0,14.0,0.0,0.0,0.1,83.8,83.8,83.8,83.8,1.0,0.0,14.0,0.0,0.1,6.7,6.7,6.7,6.7,1.0,0.0,14.0,0.0,0.0,0.1,-2.29,-2.29,-2.29,-2.29,1.0,0.0,14.0,0.0,0.0,0.1,-6.3,-6.3,-6.3,-6.3,1.0,0.0,14.0,0.0,0.0,0.1,1011.9,1011.9,1011.9,1011.9,1.0,0.0,14.0,0.0,0.0,0.1,8.0,8.0,8.0,8.0,1.0,0.0,14.0,0.0,0.0,0.1,-15.4,-15.4,-15.4,-15.4,1.0,0.0,14.0,0.0,0.0,0.1,-42.2,-42.2,-42.2,-42.2,1.0,0.0,14.0,0.0,0.0,0.1,0.5,0.5,0.5,0.5,1.0,0.0,14.0,0.0,0.0,0.1,3.4,3.4,3.4,3.4,1.0,0.0,14.0,0.0,0.0,0.1,3.6,3.6,3.6,3.6,1.0,0.0,14.0,0.0,0.0,0.1,24.1,24.1,24.1,24.1,1.0,0.0,14.0,0.0,0.0,0.1,-54.8,-54.8,-54.8,-54.8,1.0,0.0,14.0,0.0,0.0,0.1,-150.5,-150.5,-150.5,-150.5,1.0,0.0,14.0,0.0,0.0,0.1,-35.5,-35.5,-35.5,-35.5,1.0,0.0,14.0,0.0,0.0,0.1,-97.6,-97.6,-97.6,-97.6,1.0,0.0,14.0,0.0,0.0,0.1,-8.2,-8.2,-8.2,-8.2,1.0,0.0,14.0,0.0,0.0,0.1,-22.6,-22.6,-22.6,-22.6,1.0,0.0,14.0,0.0,0.0,0.1,301.0,301.0,301.0,301.0,1.0,0.0,14.0,0.0,0.0,0.1,300.0,300.0,300.0,300.0,1.0,0.0,14.0,0.0,0.0,0.1
1974,2,124.0,11.0,24.4,24.4,24.4,24.4,1.0,0.0,20.0,0.0,0.0,0.7,27.2,27.2,27.2,27.2,1.0,0.0,20.0,0.0,0.0,0.7,18.68,18.68,18.68,18.68,1.0,0.0,20.0,0.0,0.0,0.7,82.7,82.7,82.7,82.7,1.0,0.0,20.0,0.0,0.7,7.2,7.2,7.2,7.2,1.0,0.0,20.0,0.0,0.0,0.7,-4.63,-4.63,-4.63,-4.63,1.0,0.0,20.0,0.0,0.0,0.7,-5.52,-5.52,-5.52,-5.52,1.0,0.0,20.0,0.0,0.0,0.7,1009.1,1009.1,1009.1,1009.1,1.0,0.0,20.0,0.0,0.0,0.7,6.0,6.0,6.0,6.0,1.0,0.0,20.0,0.0,0.0,0.7,-33.3,-33.3,-33.3,-33.3,1.0,0.0,20.0,0.0,0.0,0.7,-39.7,-39.7,-39.7,-39.7,1.0,0.0,20.0,0.0,0.0,0.7,-2.8,-2.8,-2.8,-2.8,1.0,0.0,20.0,0.0,0.0,0.7,-20.2,-20.2,-20.2,-20.2,1.0,0.0,20.0,0.0,0.0,0.7,0.46,0.46,0.46,0.46,1.0,0.0,20.0,0.0,0.0,0.7,3.3,3.3,3.3,3.3,1.0,0.0,20.0,0.0,0.0,0.7,-125.9,-125.9,-125.9,-125.9,1.0,0.0,20.0,0.0,0.0,0.7,-150.0,-150.0,-150.0,-150.0,1.0,0.0,20.0,0.0,0.0,0.7,-86.5,-86.5,-86.5,-86.5,1.0,0.0,20.0,0.0,0.0,0.7,-103.1,-103.1,-103.1,-103.1,1.0,0.0,20.0,0.0,0.0,0.7,-2.1,-2.1,-2.1,-2.1,1.0,0.0,20.0,0.0,0.0,0.7,-2.5,-2.5,-2.5,-2.5,1.0,0.0,20.0,0.0,0.0,0.7,373.0,373.0,373.0,373.0,1.0,0.0,20.0,0.0,0.0,0.7,375.0,375.0,375.0,375.0,1.0,0.0,20.0,0.0,0.0,0.7
1974,2,124.0,12.0,24.4,24.4,25.6,24.81,17.0,0.77,14.0,0.5,0.4,0.6,23.94,26.65,27.95,26.37,18.0,2.33,14.0,0.5,0.4,0.5,16.48,17.53,19.01,17.85,18.0,1.45,14.0,0.5,0.4,0.5,75.2,85.9,92.5,83.6,18.0,9.6,14.0,0.5,0.5,4.45,7.2,10.6,7.57,18.0,2.9,14.0,0.5,0.4,0.5,-6.29,-3.69,-1.7,-3.64,18.0,2.56,14.0,0.5,0.4,0.5,-10.55,-5.47,-1.72,-5.68,18.0,3.79,14.0,0.5,0.4,0.5,1010.29,1011.0,1012.2,1011.11,18.0,1.36,14.0,0.5,0.4,0.5,2.7,6.0,8.0,5.8,18.0,2.5,14.0,0.5,0.4,0.5,-47.0,-22.7,-6.5,-27.4,18.0,26.7,14.0,0.5,0.4,0.5,-112.0,-40.5,-6.5,-52.2,18.0,48.7,14.0,0.5,0.4,0.5,-3.58,-1.6,0.24,-1.71,17.0,2.5,14.0,0.5,0.4,0.6,-20.4,-10.7,2.3,-9.1,17.0,17.9,14.0,0.5,0.4,0.6,0.19,1.57,3.21,1.68,17.0,1.96,14.0,0.5,0.4,0.6,1.0,10.5,32.7,16.3,17.0,19.6,14.0,0.5,0.4,0.6,-176.9,-99.5,-41.9,-98.2,18.0,70.0,14.0,0.5,0.4,0.5,-261.4,-142.8,-48.7,-144.7,18.0,92.0,14.0,0.5,0.4,0.5,-111.6,-71.1,-28.6,-65.9,18.0,45.8,14.0,0.5,0.4,0.5,-173.5,-95.5,-32.0,-97.8,18.0,61.6,14.0,0.5,0.4,0.5,-12.5,-2.4,2.5,-4.5,17.0,9.2,14.0,0.5,0.4,0.6,-30.3,-8.0,0.1,-14.5,17.0,18.4,14.0,0.5,0.4,0.6,89.0,378.5,1198.5,622.0,18.0,650.0,14.0,0.5,0.4,0.5,90.0,380.0,1200.0,620.0,18.0,650.0,14.0,0.5,0.4,0.5
1974,2,124.0,13.0,25.0,25.0,25.0,25.0,1.0,0.0,10.0,0.0,0.3,0.0,26.1,26.1,26.1,26.1,1.0,0.0,10.0,0.0,0.3,0.0,15.51,15.51,15.51,15.51,1.0,0.0,10.0,0.0,0.3,0.0,73.5,73.5,73.5,73.5,1.0,0.0,10.0,0.0,0.0,7.2,7.2,7.2,7.2,1.0,0.0,10.0,0.0,0.3,0.0,-4.63,-4.63,-4.63,-4.63,1.0,0.0,10.0,0.0,0.3,0.0,-5.52,-5.52,-5.52,-5.52,1.0,0.0,10.0,0.0,0.3,0.0,1010.8,1010.8,1010.8,1010.8,1.0,0.0,10.0,0.0,0.3,0.0,7.0,7.0,7.0,7.0,1.0,0.0,10.0,0.0,0.3,0.0,-33.3,-33.3,-33.3,-33.3,1.0,0.0,10.0,0.0,0.3,0.0,-39.7,-39.7,-39.7,-39.7,1.0,0.0,10.0,0.0,0.3,0.0,-1.1,-1.1,-1.1,-1.1,1.0,0.0,10.0,0.0,0.3,0.0,-7.9,-7.9,-7.9,-7.9,1.0,0.0,10.0,0.0,0.3,0.0,4.31,4.31,4.31,4.31,1.0,0.0,10.0,0.0,0.3,0.0,31.0,31.0,31.0,31.0,1.0,0.0,10.0,0.0,0.3,0.0,-120.8,-120.8,-120.8,-120.8,1.0,0.0,10.0,0.0,0.3,0.0,-144.0,-144.0,-144.0,-144.0,1.0,0.0,10.0,0.0,0.3,0.0,-71.8,-71.8,-71.8,-71.8,1.0,0.0,10.0,0.0,0.3,0.0,-85.6,-85.6,-85.6,-85.6,1.0,0.0,10.0,0.0,0.3,0.0,-19.9,-19.9,-19.9,-19.9,1.0,0.0,10.0,0.0,0.3,0.0,-23.8,-23.8,-23.8,-23.8,1.0,0.0,10.0,0.0,0.3,0.0,373.0,373.0,373.0,373.0,1.0,0.0,10.0,0.0,0.3,0.0,375.0,375.0,375.0,375.0,1.0,0.0,10.0,0.0,0.3,0.0
1974,2,124.0,14.0,,,,,,,,,,,,,,,,,,,,,,,,,,,,,,,,,,,,,,,,3.1,3.1,3.1,3.1,1.0,0.0,24.0,0.0,0.1,0.1,1.06,1.06,1.06,1.06,1.0,0.0,24.0,0.0,0.1,0.1,2.91,2.91,2.91,2.91,1.0,0.0,24.0,0.0,0.1,0.1,1009.0,1009.0,1009.0,1009.0,1.0,0.0,24.0,0.0,0.1,0.1,,,,,,,,,,,,,,,,,,,,,,,,,,,,,,,,,,,,,,,,,,,,,,,,,,,,,,,,,,,,,,,,,,,,,,,,,,,,,,,,,,,,,,,,,,,,,,,,,,,,,,,,,,,,,,,,,,,,,,,,,,,,,,,,,,,,,,,,,,,,,,,,,,,,,,
1974,2,124.0,16.0,26.4,26.4,26.4,26.4,1.0,0.0,18.0,0.0,0.4,0.2,26.0,26.0,26.0,26.0,1.0,0.0,18.0,0.0,0.4,0.2,16.98,16.98,16.98,16.98,1.0,0.0,18.0,0.0,0.4,0.2,81.1,81.1,81.1,81.1,1.0,0.0,18.0,0.0,0.2,5.1,5.1,5.1,5.1,1.0,0.0,18.0,0.0,0.4,0.2,-4.42,-4.42,-4.42,-4.42,1.0,0.0,18.0,0.0,0.4,0.2,2.55,2.55,2.55,2.55,1.0,0.0,18.0,0.0,0.4,0.2,1013.0,1013.0,1013.0,1013.0,1.0,0.0,18.0,0.0,0.4,0.2,7.0,7.0,7.0,7.0,1.0,0.0,18.0,0.0,0.4,0.2,-22.5,-22.5,-22.5,-22.5,1.0,0.0,18.0,0.0,0.4,0.2,13.0,13.0,13.0,13.0,1.0,0.0,18.0,0.0,0.4,0.2,0.4,0.4,0.4,0.4,1.0,0.0,18.0,0.0,0.4,0.2,2.0,2.0,2.0,2.0,1.0,0.0,18.0,0.0,0.4,0.2,4.53,4.53,4.53,4.53,1.0,0.0,18.0,0.0,0.4,0.2,23.1,23.1,23.1,23.1,1.0,0.0,18.0,0.0,0.4,0.2,-114.8,-114.8,-114.8,-114.8,1.0,0.0,18.0,0.0,0.4,0.2,66.3,66.3,66.3,66.3,1.0,0.0,18.0,0.0,0.4,0.2,-75.0,-75.0,-75.0,-75.0,1.0,0.0,18.0,0.0,0.4,0.2,43.3,43.3,43.3,43.3,1.0,0.0,18.0,0.0,0.4,0.2,-20.0,-20.0,-20.0,-20.0,1.0,0.0,18.0,0.0,0.4,0.2,11.6,11.6,11.6,11.6,1.0,0.0,18.0,0.0,0.4,0.2,132.5,132.5,132.5,132.5,1.0,0.0,18.0,0.0,0.4,0.2,135.0,135.0,135.0,135.0,1.0,0.0,18.0,0.0,0.4,0.2
1974,2,124.0,17.0,26.52,27.0,27.0,26.77,3.0,0.4,18.0,0.7,0.7,0.3,24.79,25.5,26.52,25.65,4.0,1.08,16.0,0.8,0.5,0.3,16.65,17.42,17.58,17.12,3.0,0.72,18.0,0.7,0.7,0.3,77.9,78.3,87.2,82.4,3.0,7.7,18.0,0.7,0.3,9.03,10.8,11.82,10.43,3.0,2.07,16.0,1.0,0.6,0.3,-8.99,-8.08,-7.3,-8.15,3.0,1.24,16.0,1.0,0.6,0.3,-8.16,-7.91,-3.48,-5.87,3.0,3.85,16.0,1.0,0.6,0.3,1011.1,1011.6,1016.19,1013.55,4.0,4.32,16.0,0.8,0.5,0.3,3.0,5.0,6.5,4.8,4.0,2.2,16.0,0.8,0.5,0.3,-102.9,-75.0,-69.0,-85.7,3.0,26.5,16.0,1.0,0.6,0.3,-94.7,-89.4,-36.3,-66.1,3.0,47.3,16.0,1.0,0.6,0.3,0.32,1.0,1.48,0.9,3.0,0.85,18.0,0.7,0.7,0.3,1.3,4.1,6.9,4.1,2.0,5.8,16.0,1.0,0.9,0.2,4.13,4.9,5.68,4.91,3.0,1.14,18.0,0.7,0.7,0.3,50.1,51.2,52.4,51.2,2.0,2.4,16.0,1.0,0.9,0.2,-227.4,-210.0,-194.6,-211.0,3.0,24.1,16.0,1.0,0.6,0.3,-215.2,-197.7,-88.0,-152.7,3.0,101.0,16.0,1.0,0.6,0.3,-129.9,-126.3,-122.6,-126.3,2.0,7.5,16.0,1.0,0.9,0.2,-124.9,-83.7,-42.4,-83.7,2.0,85.5,16.0,1.0,0.9,0.2,-46.5,-41.4,-36.4,-41.4,2.0,10.5,16.0,1.0,0.9,0.2,-35.5,-24.6,-13.7,-24.6,2.0,22.6,16.0,1.0,0.9,0.2,776.0,1259.5,1670.0,1224.0,3.0,655.5,16.0,1.0,0.6,0.3,775.0,1260.0,1670.0,1225.0,3.0,655.0,16.0,1.0,0.6,0.3
1974,2,124.0,19.0,25.24,25.75,27.05,26.13,4.0,1.31,16.0,0.8,0.6,0.3,21.04,22.2,24.79,22.9,3.0,2.82,20.0,0.7,0.5,0.4,10.89,12.13,15.79,13.32,3.0,3.73,20.0,0.7,0.5,0.4,70.6,73.3,80.3,75.4,3.0,7.3,20.0,0.7,0.4,2.02,6.45,10.3,6.18,4.0,4.78,16.0,0.8,0.6,0.3,-4.71,-2.0,-0.67,-2.66,4.0,2.85,16.0,0.8,0.6,0.3,-9.15,-4.2,-0.24,-4.68,4.0,5.2,16.0,0.8,0.6,0.3,1012.17,1015.65,1017.98,1015.1,4.0,3.63,16.0,0.8,0.6,0.3,4.0,6.0,6.7,5.3,3.0,2.1,18.0,0.7,0.6,0.2,-38.9,-4.4,-1.0,-19.3,4.0,32.7,16.0,0.8,0.6,0.3,-94.3,-41.0,-0.4,-47.0,4.0,54.8,16.0,0.8,0.6,0.3,2.25,2.8,4.64,3.43,3.0,1.83,20.0,0.7,0.5,0.4,11.2,28.8,47.8,29.5,3.0,26.8,20.0,0.7,0.5,0.4,6.59,7.56,9.61,8.09,3.0,2.26,20.0,0.7,0.5,0.4,31.0,77.8,99.0,65.3,3.0,51.0,20.0,0.7,0.5,0.4,-112.0,-36.6,-11.6,-61.2,3.0,76.5,20.0,0.7,0.5,0.4,-199.7,-175.2,-64.7,-133.2,3.0,105.4,20.0,0.7,0.5,0.4,-62.7,-24.7,-7.8,-35.0,3.0,41.2,20.0,0.7,0.5,0.4,-102.9,-95.7,-36.5,-70.3,3.0,53.4,20.0,0.7,0.5,0.4,-36.9,-8.7,-2.7,-19.6,3.0,26.7,20.0,0.7,0.5,0.4,-93.2,-59.6,-21.1,-57.2,3.0,52.9,20.0,0.7,0.5,0.4,10.0,555.0,1092.5,551.5,4.0,625.0,16.0,0.8,0.6,0.3,10.0,555.0,1095.0,550.0,4.0,625.0,16.0,0.8,0.6,0.3
1974,2,124.0,20.0,24.61,25.05,25.49,25.05,2.0,0.92,10.0,1.0,0.3,0.6,23.25,25.3,27.35,25.3,2.0,4.24,10.0,1.0,0.3,0.6,12.42,13.3,14.17,13.3,2.0,1.81,10.0,1.0,0.3,0.6,62.6,66.6,70.5,66.6,2.0,8.2,10.0,1.0,0.6,6.58,9.75,12.92,9.75,2.0,6.58,10.0,1.0,0.3,0.6,-10.09,-8.07,-6.04,-8.07,2.0,4.19,10.0,1.0,0.3,0.6,-7.79,-4.63,-1.47,-4.63,2.0,6.55,10.0,1.0,0.3,0.6,1012.17,1015.75,1019.33,1015.75,2.0,7.42,10.0,1.0,0.3,0.6,4.3,5.0,5.7,5.0,2.0,1.4,10.0,1.0,0.3,0.6,-137.8,-92.4,-47.1,-92.4,2.0,93.9,10.0,1.0,0.3,0.6,-112.1,-66.6,-21.2,-66.6,2.0,94.2,10.0,1.0,0.3,0.6,-1.85,-0.25,1.35,-0.25,2.0,3.32,10.0,1.0,0.3,0.6,-6.4,8.5,23.3,8.5,2.0,30.8,10.0,1.0,0.3,0.6,6.23,6.5,6.78,6.5,2.0,0.57,10.0,1.0,0.3,0.6,42.0,65.3,88.6,65.3,2.0,48.3,10.0,1.0,0.3,0.6,-229.9,-195.2,-160.5,-195.2,2.0,71.9,10.0,1.0,0.3,0.6,-173.7,-103.2,-32.8,-103.2,2.0,146.0,10.0,1.0,0.3,0.6,-123.3,-103.4,-83.6,-103.4,2.0,41.1,10.0,1.0,0.3,0.6,-93.6,-55.6,-17.6,-55.6,2.0,78.6,10.0,1.0,0.3,0.6,-69.0,-53.6,-38.3,-53.6,2.0,31.9,10.0,1.0,0.3,0.6,-53.8,-32.0,-10.1,-32.0,2.0,45.2,10.0,1.0,0.3,0.6,585.5,1559.5,2533.0,1559.5,2.0,2017.5,10.0,1.0,0.3,0.6,585.0,1560.0,2535.0,1560.0,2.0,2020.0,10.0,1.0,0.3,0.6
1974,2,124.0,21.0,20.96,23.0,23.41,22.55,13.0,1.43,12.0,0.5,0.2,0.7,18.0,20.0,23.12,20.26,14.0,2.38,10.0,0.4,0.2,0.7,9.86,12.17,14.46,12.12,8.0,2.43,10.0,0.5,0.2,0.7,78.7,82.4,88.9,82.4,8.0,6.2,10.0,0.5,0.7,4.75,11.4,14.0,9.72,14.0,4.73,10.0,0.4,0.2,0.7,-9.41,-6.15,-2.22,-6.01,14.0,3.44,10.0,0.4,0.2,0.7,-11.94,-8.45,-1.69,-7.19,14.0,4.22,10.0,0.4,0.2,0.7,1013.08,1016.1,1021.16,1016.89,14.0,4.05,10.0,0.4,0.2,0.7,4.1,6.0,7.9,5.9,14.0,1.9,10.0,0.4,0.2,0.7,-115.5,-56.7,-16.8,-70.1,14.0,52.6,10.0,0.4,0.2,0.7,-148.0,-96.4,-8.8,-86.8,14.0,62.7,10.0,0.4,0.2,0.7,-0.23,2.6,4.46,2.37,13.0,2.72,12.0,0.5,0.2,0.7,-0.5,32.0,60.2,29.3,13.0,30.1,12.0,0.5,0.2,0.7,3.49,5.95,7.21,5.49,8.0,2.04,10.0,0.5,0.2,0.7,9.0,64.7,91.8,54.3,8.0,38.3,10.0,0.5,0.2,0.7,-169.5,-120.8,-38.9,-118.7,14.0,66.7,10.0,0.4,0.2,0.7,-205.6,-161.1,-39.2,-138.2,14.0,76.8,10.0,0.4,0.2,0.7,-83.6,-53.7,-19.9,-54.7,8.0,42.7,10.0,0.5,0.2,0.7,-118.4,-72.0,-25.2,-70.2,8.0,46.5,10.0,0.5,0.2,0.7,-55.1,-28.5,-5.6,-30.6,8.0,23.9,10.0,0.5,0.2,0.7,-78.9,-45.0,-6.5,-42.5,8.0,33.6,10.0,0.5,0.2,0.7,113.0,1494.0,2744.0,1445.0,14.0,1137.5,10.0,0.4,0.2,0.7,115.0,1495.0,2745.0,1445.0,14.0,1140.0,10.0,0.4,0.2,0.7
1974,2,124.0,22.0,21.0,22.5,24.59,22.75,62.0,1.87,14.0,0.4,0.4,0.5,16.8,21.0,23.0,20.2,70.0,2.75,14.0,0.4,0.4,0.5,8.22,11.84,14.59,11.57,41.0,2.65,14.0,0.4,0.4,0.5,69.2,75.6,88.9,78.6,41.0,9.9,14.0,0.4,0.5,5.1,7.7,13.9,8.84,70.0,3.79,14.0,0.4,0.4,0.5,-6.64,-4.33,0.0,-3.82,70.0,3.37,14.0,0.4,0.4,0.5,-12.47,-6.67,0.05,-6.0,70.0,5.56,14.0,0.4,0.4,0.5,1013.09,1018.0,1021.76,1017.33,67.0,4.32,14.0,0.4,0.4,0.5,3.0,7.0,8.0,6.2,68.0,2.3,14.0,0.4,0.4,0.5,-71.2,-36.1,0.0,-39.3,70.0,41.6,14.0,0.4,0.4,0.5,-179.6,-51.2,0.2,-70.2,70.0,75.2,14.0,0.4,0.4,0.5,-0.5,2.05,6.5,2.7,62.0,3.16,14.0,0.4,0.4,0.5,-3.1,17.7,75.4,31.2,62.0,38.0,14.0,0.4,0.4,0.5,1.93,4.54,8.28,5.08,39.0,2.97,14.0,0.4,0.4,0.5,7.6,36.0,110.7,52.4,39.0,46.1,14.0,0.4,0.4,0.5,-133.3,-86.8,0.0,-76.2,70.0,71.0,14.0,0.4,0.4,0.5,-211.3,-134.7,1.2,-111.8,70.0,105.4,14.0,0.4,0.4,0.5,-76.1,-48.5,0.0,-39.4,41.0,43.8,14.0,0.4,0.4,0.5,-106.9,-69.1,9.7,-56.8,41.0,59.1,14.0,0.4,0.4,0.5,-53.6,-20.6,-0.1,-24.6,39.0,22.8,14.0,0.4,0.4,0.5,-92.8,-19.7,1.4,-38.8,39.0,47.5,14.0,0.4,0.4,0.5,132.5,456.5,2688.5,1079.5,70.0,1216.5,14.0,0.4,0.4,0.5,135.0,455.0,2690.0,1080.0,70.0,1215.0,14.0,0.4,0.4,0.5
1974,2,124.0,23.0,22.0,23.5,25.0,23.26,34.0,1.85,14.0,0.4,0.5,0.4,15.39,22.0,23.23,19.96,37.0,3.66,14.0,0.4,0.5,0.4,7.87,10.23,14.62,11.06,18.0,3.52,14.0,0.4,0.6,0.4,64.4,82.2,91.9,79.5,18.0,12.3,14.0,0.4,0.4,4.28,9.1,11.8,8.07,36.0,3.98,14.0,0.4,0.5,0.4,-6.75,-3.96,-0.35,-3.71,36.0,3.58,14.0,0.4,0.5,0.4,-10.72,-2.12,2.99,-3.03,36.0,6.81,14.0,0.4,0.5,0.4,1012.5,1017.5,1022.96,1017.08,33.0,4.93,14.0,0.4,0.5,0.4,2.8,7.0,8.0,6.2,35.0,2.5,14.0,0.4,0.5,0.4,-73.1,-23.8,-1.2,-34.6,36.0,42.3,14.0,0.4,0.5,0.4,-127.2,-10.4,12.9,-33.1,36.0,79.0,14.0,0.4,0.5,0.4,0.0,2.0,7.69,3.42,34.0,3.4,14.0,0.4,0.5,0.4,0.0,17.6,90.8,35.5,33.0,42.8,14.0,0.4,0.5,0.4,2.44,6.39,9.24,6.37,17.0,3.16,14.0,0.5,0.6,0.5,14.4,41.3,113.1,60.6,17.0,46.1,14.0,0.5,0.6,0.5,-133.8,-77.3,-8.1,-72.8,36.0,74.4,14.0,0.4,0.5,0.4,-171.5,-45.5,63.7,-42.2,36.0,132.3,14.0,0.4,0.5,0.4,-98.3,-38.2,-11.9,-51.2,18.0,45.9,14.0,0.4,0.6,0.4,-81.2,-45.3,8.2,-29.3,18.0,67.3,14.0,0.4,0.6,0.4,-61.5,-28.9,-6.8,-31.4,17.0,26.2,14.0,0.5,0.6,0.5,-101.9,-12.6,3.7,-41.6,17.0,49.6,14.0,0.5,0.6,0.5,79.0,758.0,1643.0,878.5,36.0,847.5,14.0,0.4,0.5,0.4,80.0,760.0,1645.0,880.0,36.0,845.0,14.0,0.4,0.5,0.4
1974,2,124.0,24.0,21.09,23.0,24.0,22.87,9.0,1.71,14.0,0.6,0.4,0.5,13.92,18.5,19.47,17.68,9.0,3.39,14.0,0.6,0.4,0.5,6.08,8.86,11.54,8.81,4.0,3.25,18.0,0.5,0.4,0.5,68.4,83.1,87.0,78.0,4.0,13.4,18.0,0.5,0.5,7.33,9.3,13.97,10.68,9.0,3.17,14.0,0.6,0.4,0.5,-4.63,-3.18,-2.42,-3.42,9.0,2.33,14.0,0.6,0.4,0.5,-13.39,-8.74,1.98,-7.37,9.0,7.66,14.0,0.6,0.4,0.5,1014.19,1019.7,1020.7,1018.44,9.0,4.07,14.0,0.6,0.4,0.5,7.0,8.0,8.0,7.2,9.0,1.6,14.0,0.6,0.4,0.5,-54.0,-33.3,-28.2,-38.5,9.0,30.5,14.0,0.6,0.4,0.5,-187.4,-81.3,13.3,-96.4,9.0,93.2,14.0,0.6,0.4,0.5,3.4,3.9,8.06,5.19,9.0,2.51,14.0,0.6,0.4,0.5,26.5,31.6,114.7,61.1,9.0,43.9,14.0,0.6,0.4,0.5,4.9,7.3,10.04,7.46,4.0,3.01,18.0,0.5,0.4,0.5,40.1,83.8,140.1,89.8,4.0,58.5,18.0,0.5,0.4,0.5,-90.6,-55.7,-44.7,-57.6,9.0,38.7,14.0,0.6,0.4,0.5,-227.3,-152.9,38.9,-114.9,9.0,138.9,14.0,0.6,0.4,0.5,-47.7,-35.9,-33.1,-40.2,4.0,11.4,18.0,0.5,0.4,0.5,-91.1,-76.8,4.4,-44.9,4.0,76.1,18.0,0.5,0.4,0.5,-60.6,-33.6,-19.2,-39.6,4.0,27.4,18.0,0.5,0.4,0.5,-125.8,-78.8,-3.8,-65.4,4.0,75.0,18.0,0.5,0.4,0.5,395.5,804.5,2728.5,1506.5,9.0,1156.0,14.0,0.6,0.4,0.5,395.0,805.0,2730.0,1505.0,9.0,1155.0,14.0,0.6,0.4,0.5
1974,2,124.0,25.0,20.91,21.85,24.94,22.53,14.0,2.11,12.0,0.4,0.4,0.4,16.8,18.5,23.72,18.96,16.0,4.13,12.0,0.5,0.4,0.4,8.27,9.97,10.97,10.0,10.0,2.73,12.0,0.5,0.4,0.5,69.3,78.4,88.4,77.1,10.0,12.1,12.0,0.5,0.5,6.49,10.8,13.68,9.98,15.0,4.04,12.0,0.5,0.4,0.4,-4.88,-1.88,0.0,-1.95,15.0,2.7,12.0,0.5,0.4,0.4,-13.68,-10.34,-0.67,-7.35,15.0,7.33,12.0,0.5,0.4,0.4,1011.8,1013.5,1018.88,1015.46,16.0,5.23,12.0,0.5,0.4,0.4,4.5,7.0,8.0,6.7,16.0,1.9,12.0,0.5,0.4,0.4,-45.9,-20.3,0.0,-20.4,15.0,27.1,12.0,0.5,0.4,0.4,-187.3,-109.6,-4.0,-94.3,15.0,91.4,12.0,0.5,0.4,0.4,0.84,2.35,6.9,3.14,14.0,3.18,12.0,0.4,0.4,0.4,-1.4,32.3,82.7,36.9,13.0,41.4,10.0,0.4,0.4,0.4,4.46,5.22,6.97,5.74,8.0,2.38,12.0,0.4,0.4,0.5,46.3,61.6,104.1,65.5,7.0,31.3,10.0,0.3,0.5,0.5,-83.8,-34.7,0.0,-31.8,15.0,52.9,12.0,0.5,0.4,0.4,-202.2,-191.3,-11.2,-115.7,15.0,141.5,12.0,0.5,0.4,0.4,-36.1,-19.8,0.0,-13.5,9.0,27.3,12.0,0.4,0.4,0.5,-126.4,-112.5,-37.2,-78.6,9.0,82.3,12.0,0.4,0.4,0.5,-36.5,-8.3,0.3,-16.2,7.0,22.3,10.0,0.3,0.5,0.5,-98.2,-55.3,-29.6,-54.9,7.0,40.9,10.0,0.3,0.5,0.5,279.0,1259.5,2566.0,1398.5,15.0,1137.0,12.0,0.5,0.4,0.4,280.0,1260.0,2565.0,1400.0,15.0,1135.0,12.0,0.5,0.4,0.4
1974,2,124.0,26.0,20.3,21.1,24.0,21.93,26.0,1.67,16.0,0.4,0.5,0.6,14.4,18.85,21.0,18.0,26.0,3.28,16.0,0.4,0.5,0.6,7.51,9.86,13.54,10.22,17.0,2.91,14.0,0.4,0.5,0.5,71.8,82.4,89.0,79.3,17.0,10.1,14.0,0.4,0.5,4.1,8.7,14.51,9.25,26.0,4.17,16.0,0.4,0.5,0.6,-6.7,-4.34,-1.26,-3.64,26.0,3.08,16.0,0.4,0.5,0.6,-13.34,-4.97,4.17,-4.02,26.0,8.14,16.0,0.4,0.5,0.6,1012.1,1016.6,1020.82,1016.47,26.0,4.22,16.0,0.4,0.5,0.6,5.9,8.0,8.0,6.8,26.0,2.3,16.0,0.4,0.5,0.6,-81.4,-30.3,-3.3,-40.3,26.0,40.7,16.0,0.4,0.5,0.6,-197.8,-39.1,18.5,-62.0,26.0,99.7,16.0,0.4,0.5,0.6,0.3,4.0,7.34,3.93,26.0,3.32,16.0,0.4,0.5,0.6,2.0,42.5,87.2,45.1,26.0,47.3,16.0,0.4,0.5,0.6,2.97,6.27,8.56,5.8,17.0,2.67,14.0,0.4,0.5,0.5,14.1,32.0,122.3,60.3,17.0,47.6,14.0,0.4,0.5,0.5,-111.1,-62.5,-26.4,-58.8,26.0,53.9,16.0,0.4,0.5,0.6,-181.5,-68.6,85.8,-52.1,26.0,142.9,16.0,0.4,0.5,0.6,-69.4,-44.4,-16.0,-39.8,17.0,32.8,14.0,0.4,0.5,0.5,-110.9,-20.2,58.8,-17.9,17.0,83.9,14.0,0.4,0.5,0.5,-61.4,-25.3,-5.7,-28.6,17.0,24.8,14.0,0.4,0.5,0.5,-106.3,-10.9,11.8,-37.4,17.0,56.3,14.0,0.4,0.5,0.5,69.0,658.5,3057.0,1261.0,26.0,1301.0,16.0,0.4,0.5,0.6,70.0,660.0,3055.0,1260.0,26.0,1300.0,16.0,0.4,0.5,0.6
1974,2,124.0,27.0,15.92,16.9,19.55,17.53,47.0,2.3,18.0,0.4,0.6,0.6,8.73,12.3,15.62,11.82,48.0,3.26,18.0,0.4,0.6,0.6,4.63,6.39,7.68,6.33,28.0,1.72,18.0,0.5,0.6,0.6,66.2,75.1,85.0,75.6,28.0,11.5,18.0,0.5,0.6,6.3,11.0,14.4,10.78,50.0,3.95,18.0,0.4,0.6,0.6,-4.29,-2.64,0.0,-2.09,50.0,2.81,18.0,0.4,0.6,0.6,-14.23,-10.51,-4.74,-9.61,50.0,5.26,18.0,0.4,0.6,0.6,1016.32,1018.5,1023.12,1019.8,48.0,4.18,18.0,0.4,0.6,0.6,3.3,8.0,8.0,6.5,46.0,2.4,18.0,0.5,0.6,0.6,-39.5,-22.2,0.0,-20.0,50.0,36.2,18.0,0.4,0.6,0.6,-204.9,-117.0,-29.6,-122.9,50.0,95.2,18.0,0.4,0.6,0.6,3.3,5.5,8.01,5.7,45.0,2.86,18.0,0.4,0.6,0.6,28.0,55.4,101.8,68.6,45.0,58.9,18.0,0.4,0.6,0.6,4.23,5.51,7.79,5.82,28.0,1.71,18.0,0.5,0.6,0.6,35.5,61.7,95.3,70.1,28.0,44.3,18.0,0.5,0.6,0.6,-54.9,-26.0,0.0,-28.6,48.0,31.1,18.0,0.4,0.6,0.6,-143.9,-122.4,-60.2,-101.0,48.0,57.0,18.0,0.4,0.6,0.6,-29.2,-14.7,0.0,-13.2,28.0,17.5,18.0,0.5,0.6,0.6,-88.2,-65.2,-34.3,-61.3,28.0,35.3,18.0,0.5,0.6,0.6,-21.9,-11.8,0.0,-9.0,28.0,17.4,18.0,0.5,0.6,0.6,-94.9,-60.6,-27.2,-65.6,28.0,47.0,18.0,0.5,0.6,0.6,252.5,1331.0,2986.0,1764.0,50.0,1951.0,18.0,0.4,0.6,0.6,250.0,1330.0,2985.0,1765.0,50.0,1950.0,18.0,0.4,0.6,0.6
1974,2,124.0,28.0,15.3,16.2,17.1,16.19,112.0,0.8,18.0,0.4,0.8,0.1,11.26,16.4,17.9,15.18,110.0,2.98,18.0,0.4,0.8,0.1,6.2,9.85,11.4,9.27,65.0,2.35,18.0,0.4,0.8,0.1,72.4,87.8,93.3,85.0,65.0,9.5,18.0,0.4,0.1,2.1,5.5,11.3,6.41,111.0,4.48,18.0,0.4,0.8,0.1,-3.8,-1.99,0.34,-1.66,111.0,2.66,18.0,0.4,0.8,0.1,-10.5,-0.96,3.49,-2.51,111.0,6.74,18.0,0.4,0.8,0.1,1014.1,1017.15,1019.64,1016.73,110.0,3.19,18.0,0.4,0.8,0.1,1.0,4.0,8.0,4.2,108.0,3.1,18.0,0.4,0.8,0.1,-30.6,-8.5,0.6,-10.0,111.0,36.4,18.0,0.4,0.8,0.1,-112.0,-1.4,15.9,-38.2,111.0,87.1,18.0,0.4,0.8,0.1,-1.47,-0.2,4.64,1.04,110.0,2.8,18.0,0.4,0.8,0.1,-5.5,-0.2,47.2,15.7,109.0,35.8,18.0,0.4,0.8,0.1,-0.05,1.29,4.71,2.16,65.0,2.3,18.0,0.4,0.8,0.1,-0.1,6.0,47.1,19.8,65.0,32.4,18.0,0.4,0.8,0.1,-52.0,-29.4,5.9,-23.5,109.0,32.3,18.0,0.4,0.8,0.1,-123.3,0.0,63.2,-18.6,109.0,88.9,18.0,0.4,0.8,0.1,-32.9,-16.8,3.8,-14.1,65.0,21.0,18.0,0.4,0.8,0.1,-74.6,0.0,39.0,-10.0,65.0,55.0,18.0,0.4,0.8,0.1,-11.6,-1.6,0.6,-1.8,65.0,15.4,18.0,0.4,0.8,0.1,-43.4,-1.3,1.3,-16.4,65.0,30.7,18.0,0.4,0.8,0.1,9.5,166.5,1443.0,734.5,111.0,1551.5,18.0,0.4,0.8,0.1,10.0,165.0,1445.0,735.0,111.0,1550.0,18.0,0.4,0.8,0.1
1974,2,124.0,29.0,12.39,13.65,16.0,14.25,26.0,2.37,16.0,0.4,0.5,0.5,6.0,10.75,14.27,10.11,22.0,3.65,16.0,0.4,0.5,0.5,4.29,6.64,8.82,6.49,6.0,2.55,16.0,0.2,0.6,0.6,59.1,78.0,86.8,74.6,6.0,14.2,16.0,0.2,0.6,7.1,9.8,15.3,11.3,25.0,5.14,16.0,0.4,0.5,0.5,-3.61,-1.74,4.92,0.15,25.0,4.72,16.0,0.4,0.5,0.5,-15.25,-8.66,1.86,-7.49,25.0,8.86,16.0,0.4,0.5,0.5,1015.5,1021.2,1027.94,1021.58,26.0,5.98,16.0,0.4,0.5,0.5,4.3,8.0,8.0,6.6,21.0,2.4,14.0,0.4,0.5,0.5,-45.1,-6.2,50.3,7.2,25.0,72.7,16.0,0.4,0.5,0.5,-234.0,-83.2,11.0,-117.4,25.0,158.7,16.0,0.4,0.5,0.5,-1.1,3.4,8.47,3.88,22.0,4.39,16.0,0.4,0.5,0.5,-7.3,31.0,120.3,50.4,21.0,62.7,14.0,0.4,0.5,0.5,0.39,3.01,6.55,3.71,6.0,3.94,16.0,0.2,0.6,0.6,2.0,33.5,104.4,46.9,6.0,50.9,16.0,0.2,0.6,0.6,-50.4,-25.8,40.5,-9.7,21.0,45.9,14.0,0.4,0.5,0.5,-157.5,-60.0,61.5,-50.9,21.0,89.6,14.0,0.4,0.5,0.5,-36.9,-16.3,-1.4,-18.4,6.0,24.7,16.0,0.2,0.6,0.6,-56.4,-12.3,45.3,-11.6,6.0,58.0,16.0,0.2,0.6,0.6,-18.1,-3.4,4.1,-3.8,6.0,14.6,16.0,0.2,0.6,0.6,-102.8,-28.5,1.3,-43.7,6.0,52.1,16.0,0.2,0.6,0.6,359.5,941.0,3615.0,2417.0,25.0,3446.5,16.0,0.4,0.5,0.5,360.0,940.0,3615.0,2415.0,25.0,3445.0,16.0,0.4,0.5,0.5
1974,2,124.0,30.0,,,,,,,,,,,,,,,,,,,,,,,,,,,,,,,,,,,,,,,,9.36,12.3,12.3,10.87,3.0,2.48,10.0,0.0,0.5,0.2,0.0,0.0,4.18,2.04,3.0,3.54,10.0,0.0,0.5,0.2,-12.3,-12.3,-7.41,-9.91,3.0,4.13,10.0,0.0,0.5,0.2,1027.88,1028.9,1030.27,1029.07,3.0,1.76,10.0,0.0,0.5,0.2,,,,,,,,,,,,,,,,,,,,,,,,,,,,,,,,,,,,,,,,,,,,,,,,,,,,,,,,,,,,,,,,,,,,,,,,,,,,,,,,,,,,,,,,,,,,,,,,,,,,,,,,,,,,,,,,,,,,,,,,,,,,,,,,,,,,,,,,,,,,,,,,,,,,,,
1974,2,124.0,31.0,,,,,,,,,,,,,,,,,,,,,,,,,,,,,,,,,,,,,,,,7.13,8.05,8.97,8.05,2.0,1.91,4.0,0.5,0.3,0.0,-6.57,-6.41,-6.24,-6.41,2.0,0.34,4.0,0.5,0.3,0.0,-6.01,-4.63,-3.26,-4.63,2.0,2.85,4.0,0.5,0.3,0.0,1028.11,1028.55,1028.99,1028.55,2.0,0.92,4.0,0.5,0.3,0.0,,,,,,,,,,,,,,,,,,,,,,,,,,,,,,,,,,,,,,,,,,,,,,,,,,,,,,,,,,,,,,,,,,,,,,,,,,,,,,,,,,,,,,,,,,,,,,,,,,,,,,,,,,,,,,,,,,,,,,,,,,,,,,,,,,,,,,,,,,,,,,,,,,,,,,
1974,2,124.0,34.0,8.63,8.7,8.77,8.7,2.0,0.14,12.0,0.5,0.0,0.3,0.63,2.0,3.37,2.0,2.0,2.83,22.0,1.0,0.7,0.3,2.89,2.89,2.89,2.89,1.0,0.0,20.0,1.0,0.8,0.4,58.1,58.1,58.1,58.1,1.0,0.0,20.0,1.0,0.4,5.5,9.8,17.46,11.4,4.0,7.69,18.0,0.8,0.3,0.3,-0.48,3.76,5.61,2.62,4.0,4.5,18.0,0.8,0.3,0.3,-16.92,-7.62,-1.48,-9.13,4.0,9.59,18.0,0.8,0.3,0.3,1022.3,1023.8,1025.3,1023.8,2.0,3.11,22.0,1.0,0.7,0.3,3.0,5.0,7.0,5.0,2.0,4.2,22.0,1.0,0.7,0.3,-35.9,29.3,51.2,8.6,4.0,62.5,18.0,0.8,0.3,0.3,-315.2,-85.0,-6.5,-157.4,4.0,213.4,18.0,0.8,0.3,0.3,,,,,,,,,,,,,,,,,,,,,,,,,,,,,,,,,,,,,,,,,-12.6,-7.5,-2.4,-7.5,2.0,10.6,22.0,1.0,0.7,0.3,-71.6,-42.5,-13.5,-42.5,2.0,60.2,22.0,1.0,0.7,0.3,-10.9,-10.9,-10.9,-10.9,1.0,0.0,20.0,1.0,0.8,0.4,-61.6,-61.6,-61.6,-61.6,1.0,0.0,20.0,1.0,0.8,0.4,,,,,,,,,,,,,,,,,,,,,,,,,,,,,,,,,,,,,,,,
1974,2,124.0,35.0,7.12,7.55,8.22,7.6,6.0,0.6,8.0,0.2,0.2,0.4,1.43,1.5,3.21,2.3,3.0,1.47,12.0,0.3,0.3,0.4,3.48,3.64,3.8,3.64,2.0,0.34,10.0,0.0,0.1,0.6,84.4,87.9,91.4,87.9,2.0,7.2,10.0,0.0,0.6,2.52,6.7,9.69,6.59,7.0,4.81,10.0,0.3,0.3,0.5,-0.13,0.9,3.41,1.86,7.0,3.81,10.0,0.3,0.3,0.5,-7.1,-3.11,0.12,-4.1,7.0,5.97,10.0,0.3,0.3,0.5,1026.13,1030.7,1031.59,1028.9,3.0,4.29,12.0,0.3,0.3,0.4,1.3,3.0,7.4,4.0,5.0,3.4,12.0,0.4,0.4,0.4,-2.0,0.8,18.8,11.0,7.0,38.9,10.0,0.3,0.3,0.5,-53.9,-13.7,0.3,-46.8,7.0,84.9,10.0,0.3,0.3,0.5,5.4,5.4,5.4,5.4,1.0,0.0,2.0,0.0,0.2,0.6,36.2,36.2,36.2,36.2,1.0,0.0,2.0,0.0,0.2,0.6,2.61,2.61,2.61,2.61,1.0,0.0,2.0,0.0,0.2,0.6,17.5,17.5,17.5,17.5,1.0,0.0,2.0,0.0,0.2,0.6,-2.7,0.0,2.2,-0.3,3.0,3.6,12.0,0.3,0.3,0.4,-18.3,-8.8,4.3,-7.1,3.0,16.6,12.0,0.3,0.3,0.4,-7.5,-1.3,4.9,-1.3,2.0,12.8,10.0,0.0,0.1,0.6,-52.9,-40.1,-27.3,-40.1,2.0,26.4,10.0,0.0,0.1,0.6,6.0,6.0,6.0,6.0,1.0,0.0,2.0,0.0,0.2,0.6,-16.4,-16.4,-16.4,-16.4,1.0,0.0,2.0,0.0,0.2,0.6,17.0,301.0,965.5,741.0,7.0,1315.0,10.0,0.3,0.3,0.5,15.0,300.0,965.0,740.0,7.0,1315.0,10.0,0.3,0.3,0.5
1974,2,124.0,36.0,,,,,,,,,,,,,,,,,,,,,,,,,,,,,,,,,,,,,,,,4.4,5.15,8.09,6.4,6.0,3.06,10.0,0.3,0.4,0.5,1.25,2.53,6.61,3.57,6.0,3.23,10.0,0.3,0.4,0.5,0.67,3.91,4.6,2.0,6.0,5.3,10.0,0.3,0.4,0.5,1018.38,1019.2,1026.57,1022.4,3.0,6.61,14.0,0.0,0.6,0.6,,,,,,,,,,,,,,,,,,,,,,,,,,,,,,,,,,,,,,,,,,,,,,,,,,,,,,,,,,,,,,,,,,,,,,,,,,,,,,,,,,,,,,,,,,,,,,,,,,,,,,,,,,,,,,,,,,,,,,,,,,,,,,,,,,,,,,,,,,,,,,,,,,,,,,
1974,2,124.0,37.0,,,,,,,,,,,,,,,,,,,,,,,,,,,,,,,,,,,,,,,,5.54,8.0,10.94,8.23,3.0,3.96,8.0,1.0,0.2,0.3,-4.13,-3.11,3.2,-0.53,3.0,5.81,8.0,1.0,0.2,0.3,-8.77,-3.11,2.52,-3.12,3.0,8.27,8.0,1.0,0.2,0.3,1019.2,1019.2,1019.2,1019.2,1.0,0.0,12.0,1.0,0.2,0.8,,,,,,,,,,,,,,,,,,,,,,,,,,,,,,,,,,,,,,,,,,,,,,,,,,,,,,,,,,,,,,,,,,,,,,,,,,,,,,,,,,,,,,,,,,,,,,,,,,,,,,,,,,,,,,,,,,,,,,,,,,,,,,,,,,,,,,,,,,,,,,,,,,,,,,
1974,2,124.0,38.0,,,,,,,,,,,,,,,,,,,,,,,,,,,,,,,,,,,,,,,,4.0,8.0,8.05,6.86,7.0,2.04,20.0,0.3,0.3,0.7,-3.06,0.0,0.19,-0.3,7.0,2.39,20.0,0.3,0.3,0.7,-2.78,7.0,8.05,3.58,7.0,6.18,20.0,0.3,0.3,0.7,1012.38,1014.8,1019.17,1016.04,7.0,3.9,20.0,0.3,0.3,0.7,,,,,,,,,,,,,,,,,,,,,,,,,,,,,,,,,,,,,,,,,,,,,,,,,,,,,,,,,,,,,,,,,,,,,,,,,,,,,,,,,,,,,,,,,,,,,,,,,,,,,,,,,,,,,,,,,,,,,,,,,,,,,,,,,,,,,,,,,,,,,,,,,,,,,,
1974,2,124.0,39.0,,,,,,,,,,,,,,,,,,,,,,,,,,,,,,,,,,,,,,,,5.0,6.5,7.89,6.5,8.0,2.39,26.0,0.3,0.3,0.1,-0.51,3.0,4.53,2.53,8.0,3.15,26.0,0.3,0.3,0.1,-6.89,-5.2,-0.89,-3.97,8.0,4.32,26.0,0.3,0.3,0.1,1017.36,1023.65,1028.4,1023.02,10.0,5.25,24.0,0.3,0.3,0.2,,,,,,,,,,,,,,,,,,,,,,,,,,,,,,,,,,,,,,,,,,,,,,,,,,,,,,,,,,,,,,,,,,,,,,,,,,,,,,,,,,,,,,,,,,,,,,,,,,,,,,,,,,,,,,,,,,,,,,,,,,,,,,,,,,,,,,,,,,,,,,,,,,,,,,
1974,2,125.0,-65.0,1.8,1.8,1.8,1.8,1.0,0.0,2.0,1.0,0.2,0.3,1.5,1.5,1.5,1.5,1.0,0.0,2.0,1.0,0.2,0.3,4.02,4.02,4.02,4.02,1.0,0.0,2.0,1.0,0.2,0.3,93.1,93.1,93.1,93.1,1.0,0.0,2.0,1.0,0.3,,,,,,,,,,,,,,,,,,,,,,,,,,,,,,,,,,,,,,,,,,,,,,,,,,,,,,,,,,,,,,,,,,,,,,,,,,,,,,,,,,,,,,,,,,,,,,,,,,,,,,,,,,,,,,,,,,,,,,,,,,,,,,,,,,,,,,,,,,,,,,,,,,,,,,,,,,,,,,,,,,,,,,,,,,,,,,,,,,,,,,,,,,,,,,
1974,2,125.0,-51.0,,,,,,,,,,,,,,,,,,,,,,,,,,,,,,,,,,,,,,,,10.3,10.3,10.3,10.3,1.0,0.0,10.0,0.0,0.8,0.5,8.92,8.92,8.92,8.92,1.0,0.0,10.0,0.0,0.8,0.5,-5.15,-5.15,-5.15,-5.15,1.0,0.0,10.0,0.0,0.8,0.5,1003.7,1003.7,1003.7,1003.7,1.0,0.0,10.0,0.0,0.8,0.5,,,,,,,,,,,,,,,,,,,,,,,,,,,,,,,,,,,,,,,,,,,,,,,,,,,,,,,,,,,,,,,,,,,,,,,,,,,,,,,,,,,,,,,,,,,,,,,,,,,,,,,,,,,,,,,,,,,,,,,,,,,,,,,,,,,,,,,,,,,,,,,,,,,,,,
1974,2,125.0,-38.0,17.39,18.45,19.51,18.45,2.0,2.19,10.0,0.5,0.5,0.8,17.16,17.5,17.84,17.5,2.0,0.71,10.0,0.5,0.5,0.8,9.27,9.27,9.27,9.27,1.0,0.0,20.0,0.0,0.6,0.5,77.3,77.3,77.3,77.3,1.0,0.0,20.0,0.0,0.5,8.33,8.6,8.87,8.6,2.0,0.57,10.0,0.5,0.5,0.8,-3.03,-2.94,-2.85,-2.94,2.0,0.19,10.0,0.5,0.5,0.8,-5.14,0.38,5.89,0.38,2.0,11.43,10.0,0.5,0.5,0.8,1015.14,1015.45,1015.76,1015.45,2.0,0.64,10.0,0.5,0.5,0.8,5.5,6.5,7.5,6.5,2.0,2.1,10.0,0.5,0.5,0.8,-27.0,-25.4,-23.7,-25.4,2.0,3.3,10.0,0.5,0.5,0.8,-41.1,6.5,54.0,6.5,2.0,98.5,10.0,0.5,0.5,0.8,0.23,0.95,1.67,0.95,2.0,1.48,10.0,0.5,0.5,0.8,2.2,8.6,15.0,8.6,2.0,13.3,10.0,0.5,0.5,0.8,2.67,2.67,2.67,2.67,1.0,0.0,20.0,0.0,0.6,0.5,21.9,21.9,21.9,21.9,1.0,0.0,20.0,0.0,0.6,0.5,-54.2,-51.5,-48.9,-51.5,2.0,5.5,10.0,0.5,0.5,0.8,-86.0,10.6,107.3,10.6,2.0,200.3,10.0,0.5,0.5,0.8,-26.0,-26.0,-26.0,-26.0,1.0,0.0,20.0,0.0,0.6,0.5,-71.4,-71.4,-71.4,-71.4,1.0,0.0,20.0,0.0,0.6,0.5,-7.5,-7.5,-7.5,-7.5,1.0,0.0,20.0,0.0,0.6,0.5,-20.5,-20.5,-20.5,-20.5,1.0,0.0,20.0,0.0,0.6,0.5,579.5,640.0,701.0,640.0,2.0,125.5,10.0,0.5,0.5,0.8,580.0,640.0,700.0,640.0,2.0,125.0,10.0,0.5,0.5,0.8
1974,2,125.0,-37.0,17.35,18.8,19.71,18.5,11.0,1.27,14.0,0.5,0.5,0.6,15.33,17.2,19.31,17.62,15.0,2.06,16.0,0.5,0.5,0.6,7.29,9.3,12.0,9.52,14.0,2.22,14.0,0.5,0.4,0.6,61.8,78.6,88.7,77.1,14.0,13.1,14.0,0.5,0.6,4.6,7.2,12.77,8.26,15.0,5.12,16.0,0.5,0.5,0.6,-5.07,0.0,3.86,-0.12,15.0,5.26,16.0,0.5,0.5,0.6,-5.62,2.44,9.18,1.57,15.0,8.31,16.0,0.5,0.5,0.6,1006.69,1016.4,1021.69,1015.72,15.0,6.79,16.0,0.5,0.5,0.6,1.2,4.0,6.8,4.1,15.0,2.3,16.0,0.5,0.5,0.6,-35.4,0.0,36.0,0.4,15.0,57.9,16.0,0.5,0.5,0.6,-44.9,6.4,96.8,18.1,15.0,125.0,16.0,0.5,0.5,0.6,-0.54,1.4,3.54,1.36,11.0,2.29,14.0,0.5,0.5,0.6,-4.1,7.1,34.1,14.6,11.0,28.1,14.0,0.5,0.5,0.6,2.51,4.65,6.16,4.21,11.0,2.01,14.0,0.5,0.5,0.6,12.5,23.3,54.7,36.2,11.0,37.1,14.0,0.5,0.5,0.6,-95.3,0.0,65.8,-5.0,15.0,87.5,16.0,0.5,0.5,0.6,-110.8,40.3,141.9,18.5,15.0,142.0,16.0,0.5,0.5,0.6,-55.4,-4.1,32.4,-5.9,14.0,51.0,14.0,0.5,0.4,0.6,-75.8,23.3,77.3,2.5,14.0,84.2,14.0,0.5,0.4,0.6,-21.1,-2.5,23.5,0.6,11.0,24.9,14.0,0.5,0.5,0.6,-1.2,11.4,44.3,23.7,11.0,39.7,14.0,0.5,0.5,0.6,97.5,373.0,2083.5,1228.5,15.0,1819.0,16.0,0.5,0.5,0.6,95.0,375.0,2085.0,1230.0,15.0,1820.0,16.0,0.5,0.5,0.6
1974,2,125.0,-36.0,17.69,18.75,19.5,18.6,4.0,1.07,20.0,0.0,0.3,0.8,17.19,19.0,19.18,18.24,5.0,1.56,20.0,0.2,0.2,0.7,8.66,11.13,12.44,10.58,4.0,2.5,20.0,0.0,0.3,0.8,72.5,84.4,89.7,81.2,4.0,11.6,20.0,0.0,0.8,6.2,6.95,11.47,8.75,4.0,4.16,20.0,0.0,0.3,0.8,-6.94,-5.97,5.03,-1.18,4.0,10.75,20.0,0.0,0.3,0.8,-1.11,0.0,0.56,-0.26,4.0,1.34,20.0,0.0,0.3,0.8,1006.85,1010.0,1019.45,1012.86,5.0,7.35,20.0,0.2,0.2,0.7,0.6,3.0,8.0,4.0,5.0,3.8,20.0,0.2,0.2,0.7,-49.1,-37.0,99.1,22.2,4.0,133.6,20.0,0.0,0.3,0.8,-6.9,0.0,3.5,-1.6,4.0,8.3,20.0,0.0,0.3,0.8,-0.05,0.25,1.18,0.55,4.0,0.87,20.0,0.0,0.3,0.8,-0.3,1.6,15.5,7.3,4.0,13.1,20.0,0.0,0.3,0.8,1.65,2.24,3.89,2.74,4.0,1.72,20.0,0.0,0.3,0.8,11.2,13.9,47.9,28.8,4.0,32.7,20.0,0.0,0.3,0.8,-131.4,-110.6,69.2,-34.7,4.0,179.1,20.0,0.0,0.3,0.8,-21.1,0.0,10.2,-5.2,4.0,25.1,20.0,0.0,0.3,0.8,-85.1,-66.3,26.4,-31.1,4.0,93.5,20.0,0.0,0.3,0.8,-13.3,0.0,5.8,-3.6,4.0,15.5,20.0,0.0,0.3,0.8,-13.4,-10.9,36.0,10.3,4.0,45.0,20.0,0.0,0.3,0.8,-2.3,0.0,1.4,-0.4,4.0,2.9,20.0,0.0,0.3,0.8,238.5,347.5,1950.5,1060.5,4.0,1502.0,20.0,0.0,0.3,0.8,240.0,345.0,1950.0,1060.0,4.0,1500.0,20.0,0.0,0.3,0.8
1974,2,125.0,-35.0,19.03,19.1,19.17,19.1,2.0,0.14,2.0,1.0,0.6,0.5,20.03,20.1,20.17,20.1,2.0,0.14,2.0,1.0,0.6,0.5,8.27,8.63,8.98,8.63,2.0,0.73,2.0,1.0,0.6,0.5,57.1,59.3,61.4,59.3,2.0,4.5,2.0,1.0,0.5,6.03,6.1,6.17,6.1,2.0,0.14,2.0,1.0,0.6,0.5,3.88,3.92,3.96,3.92,2.0,0.09,2.0,1.0,0.6,0.5,4.62,4.67,4.73,4.67,2.0,0.11,2.0,1.0,0.6,0.5,1015.5,1015.5,1015.5,1015.5,2.0,0.0,2.0,1.0,0.6,0.5,5.0,5.0,5.0,5.0,2.0,0.0,2.0,1.0,0.6,0.5,23.4,23.9,24.5,23.9,2.0,1.1,2.0,1.0,0.6,0.5,27.9,28.5,29.2,28.5,2.0,1.3,2.0,1.0,0.6,0.5,-1.14,-1.0,-0.86,-1.0,2.0,0.28,2.0,1.0,0.6,0.5,-7.0,-6.1,-5.2,-6.1,2.0,1.9,2.0,1.0,0.6,0.5,4.68,5.09,5.5,5.09,2.0,0.85,2.0,1.0,0.6,0.5,28.8,31.0,33.1,31.0,2.0,4.5,2.0,1.0,0.6,0.5,77.7,78.8,80.0,78.8,2.0,2.4,2.0,1.0,0.6,0.5,92.6,93.9,95.3,93.9,2.0,2.8,2.0,1.0,0.6,0.5,32.1,33.9,35.6,33.9,2.0,3.6,2.0,1.0,0.6,0.5,38.3,40.3,42.4,40.3,2.0,4.3,2.0,1.0,0.6,0.5,18.5,19.9,21.3,19.9,2.0,2.9,2.0,1.0,0.6,0.5,22.1,23.7,25.4,23.7,2.0,3.4,2.0,1.0,0.6,0.5,219.5,227.0,235.0,227.0,2.0,16.0,2.0,1.0,0.6,0.5,220.0,225.0,235.0,225.0,2.0,15.0,2.0,1.0,0.6,0.5
1974,2,125.0,-15.0,27.2,27.2,27.2,27.2,1.0,0.0,26.0,1.0,0.3,0.7,25.8,25.8,25.8,25.8,1.0,0.0,26.0,1.0,0.3,0.7,18.4,18.4,18.4,18.4,1.0,0.0,26.0,1.0,0.3,0.7,88.2,88.2,88.2,88.2,1.0,0.0,26.0,1.0,0.7,3.1,3.1,3.1,3.1,1.0,0.0,26.0,1.0,0.3,0.7,1.06,1.06,1.06,1.06,1.0,0.0,26.0,1.0,0.3,0.7,2.91,2.91,2.91,2.91,1.0,0.0,26.0,1.0,0.3,0.7,1006.0,1006.0,1006.0,1006.0,1.0,0.0,26.0,1.0,0.3,0.7,8.0,8.0,8.0,8.0,1.0,0.0,26.0,1.0,0.3,0.7,3.3,3.3,3.3,3.3,1.0,0.0,26.0,1.0,0.3,0.7,9.0,9.0,9.0,9.0,1.0,0.0,26.0,1.0,0.3,0.7,1.4,1.4,1.4,1.4,1.0,0.0,26.0,1.0,0.3,0.7,4.3,4.3,4.3,4.3,1.0,0.0,26.0,1.0,0.3,0.7,4.32,4.32,4.32,4.32,1.0,0.0,26.0,1.0,0.3,0.7,13.4,13.4,13.4,13.4,1.0,0.0,26.0,1.0,0.3,0.7,27.4,27.4,27.4,27.4,1.0,0.0,26.0,1.0,0.3,0.7,75.2,75.2,75.2,75.2,1.0,0.0,26.0,1.0,0.3,0.7,19.5,19.5,19.5,19.5,1.0,0.0,26.0,1.0,0.3,0.7,53.6,53.6,53.6,53.6,1.0,0.0,26.0,1.0,0.3,0.7,4.6,4.6,4.6,4.6,1.0,0.0,26.0,1.0,0.3,0.7,12.6,12.6,12.6,12.6,1.0,0.0,26.0,1.0,0.3,0.7,30.0,30.0,30.0,30.0,1.0,0.0,26.0,1.0,0.3,0.7,30.0,30.0,30.0,30.0,1.0,0.0,26.0,1.0,0.3,0.7
1974,2,125.0,-14.0,27.39,27.8,28.62,28.0,3.0,0.92,16.0,0.7,0.4,0.4,28.1,28.3,31.37,29.7,3.0,2.69,16.0,0.7,0.4,0.4,20.04,20.32,21.08,20.55,3.0,0.79,16.0,0.7,0.4,0.4,73.2,83.8,83.8,78.6,3.0,8.9,16.0,0.7,0.4,3.73,5.1,9.67,6.67,3.0,4.56,16.0,0.7,0.4,0.4,1.99,5.1,9.19,5.58,3.0,5.29,16.0,0.7,0.4,0.4,-3.72,-3.05,-0.97,-2.36,3.0,2.1,16.0,0.7,0.4,0.4,1004.32,1004.8,1005.89,1005.1,3.0,1.18,16.0,0.7,0.4,0.4,6.3,7.0,7.7,7.0,3.0,1.0,16.0,0.7,0.4,0.4,9.4,26.0,97.6,52.8,3.0,68.6,16.0,0.7,0.4,0.4,-35.5,-9.5,-3.0,-19.0,3.0,25.2,16.0,0.7,0.4,0.4,-2.85,-0.8,-0.6,-1.7,3.0,1.82,16.0,0.7,0.4,0.4,-16.2,-9.4,-4.1,-10.1,3.0,8.9,16.0,0.7,0.4,0.4,2.96,3.28,3.69,3.32,3.0,0.54,16.0,0.7,0.4,0.4,13.2,19.8,28.9,21.0,3.0,11.5,16.0,0.7,0.4,0.4,63.5,167.3,265.0,164.3,3.0,147.6,16.0,0.7,0.4,0.4,-104.6,-86.4,-27.4,-66.5,3.0,59.1,16.0,0.7,0.4,0.4,42.2,109.3,185.4,113.7,3.0,105.0,16.0,0.7,0.4,0.4,-74.5,-62.0,-19.7,-47.5,3.0,42.1,16.0,0.7,0.4,0.4,7.5,19.8,27.5,17.6,3.0,14.8,16.0,0.7,0.4,0.4,-10.9,-10.0,-3.2,-7.1,3.0,6.2,16.0,0.7,0.4,0.4,62.5,132.5,1163.5,602.0,3.0,903.0,16.0,0.7,0.4,0.4,60.0,135.0,1165.0,600.0,3.0,905.0,16.0,0.7,0.4,0.4
1974,2,125.0,-11.0,,,,,,,,,,,,,,,,,,,,,,,,,,,,,,,,,,,,,,,,9.3,9.3,9.3,9.3,1.0,0.0,14.0,1.0,0.0,0.2,7.12,7.12,7.12,7.12,1.0,0.0,14.0,1.0,0.0,0.2,-5.98,-5.98,-5.98,-5.98,1.0,0.0,14.0,1.0,0.0,0.2,1007.5,1007.5,1007.5,1007.5,1.0,0.0,14.0,1.0,0.0,0.2,,,,,,,,,,,,,,,,,,,,,,,,,,,,,,,,,,,,,,,,,,,,,,,,,,,,,,,,,,,,,,,,,,,,,,,,,,,,,,,,,,,,,,,,,,,,,,,,,,,,,,,,,,,,,,,,,,,,,,,,,,,,,,,,,,,,,,,,,,,,,,,,,,,,,,
1974,2,125.0,-9.0,27.19,27.8,28.18,27.87,7.0,0.89,14.0,0.4,0.5,0.9,26.04,26.75,27.29,26.65,8.0,0.88,12.0,0.4,0.4,0.9,18.33,19.06,19.78,18.92,7.0,1.03,14.0,0.4,0.5,0.9,80.9,87.7,88.5,85.2,7.0,5.9,14.0,0.4,0.9,4.53,5.1,6.35,5.59,7.0,1.91,14.0,0.4,0.5,0.9,3.93,5.02,6.23,5.36,7.0,1.83,14.0,0.4,0.5,0.9,-2.34,-0.89,0.89,-0.78,7.0,1.58,14.0,0.4,0.5,0.9,1006.63,1007.0,1007.67,1007.13,8.0,0.68,12.0,0.4,0.4,0.9,3.1,5.0,7.0,5.1,8.0,2.2,12.0,0.4,0.4,0.9,17.9,25.6,39.9,32.9,7.0,23.3,14.0,0.4,0.5,0.9,-11.5,-3.3,4.6,-5.3,7.0,12.2,14.0,0.4,0.5,0.9,0.53,0.8,1.58,0.99,7.0,1.2,14.0,0.4,0.5,0.9,2.2,3.7,14.1,5.8,7.0,7.0,14.0,0.4,0.5,0.9,3.58,3.75,7.08,4.72,7.0,1.83,14.0,0.4,0.5,0.9,12.9,29.3,37.2,26.5,7.0,12.8,14.0,0.4,0.5,0.9,103.9,139.6,169.6,143.6,7.0,47.4,14.0,0.4,0.5,0.9,-61.8,-23.5,24.8,-20.2,7.0,41.8,14.0,0.4,0.5,0.9,75.1,99.9,108.0,101.0,7.0,34.8,14.0,0.4,0.5,0.9,-44.7,-16.9,17.6,-15.4,7.0,30.1,14.0,0.4,0.5,0.9,12.7,29.3,36.7,25.6,7.0,12.8,14.0,0.4,0.5,0.9,-8.5,-4.0,2.5,-2.9,7.0,6.7,14.0,0.4,0.5,0.9,94.0,132.5,265.5,231.5,7.0,261.0,14.0,0.4,0.5,0.9,95.0,135.0,265.0,230.0,7.0,260.0,14.0,0.4,0.5,0.9
1974,2,125.0,-8.0,27.66,28.0,28.0,27.83,3.0,0.29,8.0,0.0,0.3,0.5,25.24,25.75,26.0,25.63,4.0,0.48,10.0,0.0,0.3,0.6,18.45,18.84,19.23,18.84,3.0,0.58,8.0,0.0,0.3,0.5,92.0,92.0,92.0,92.0,3.0,0.0,8.0,0.0,0.5,3.21,5.65,7.82,5.53,4.0,3.22,10.0,0.0,0.3,0.6,2.79,5.5,7.75,5.28,4.0,3.4,10.0,0.0,0.3,0.6,-1.46,-0.57,0.85,-0.32,4.0,1.48,10.0,0.0,0.3,0.6,1006.84,1007.1,1007.36,1007.1,4.0,0.34,10.0,0.0,0.3,0.6,1.5,3.5,5.5,3.5,4.0,2.4,10.0,0.0,0.3,0.6,12.4,31.4,62.9,37.4,4.0,35.3,10.0,0.0,0.3,0.6,-5.5,-0.9,7.9,1.1,4.0,10.0,10.0,0.0,0.3,0.6,2.0,2.0,2.68,2.33,3.0,0.58,8.0,0.0,0.3,0.5,6.3,10.2,15.9,11.1,3.0,7.1,8.0,0.0,0.3,0.5,4.31,4.39,5.17,4.73,3.0,0.7,8.0,0.0,0.3,0.5,12.8,22.4,34.2,23.5,3.0,15.8,8.0,0.0,0.3,0.5,72.0,142.9,199.1,135.9,4.0,87.2,10.0,0.0,0.3,0.6,-37.4,-14.4,21.6,-8.2,4.0,37.9,10.0,0.0,0.3,0.6,41.6,93.0,147.3,94.4,3.0,77.5,8.0,0.0,0.3,0.5,-29.8,-21.0,14.1,-8.1,3.0,34.0,8.0,0.0,0.3,0.5,10.3,21.0,33.4,21.8,3.0,16.9,8.0,0.0,0.3,0.5,-7.2,-6.4,2.7,-2.4,3.0,8.1,8.0,0.0,0.3,0.5,65.0,185.5,535.0,294.5,4.0,353.0,10.0,0.0,0.3,0.6,65.0,185.0,535.0,295.0,4.0,355.0,10.0,0.0,0.3,0.6
1974,2,125.0,-7.0,27.16,27.5,27.84,27.5,3.0,0.5,16.0,0.0,0.5,0.8,25.82,26.5,27.17,26.54,5.0,0.94,14.0,0.2,0.5,0.7,18.37,18.83,19.7,19.03,3.0,0.99,16.0,0.0,0.5,0.8,85.6,92.0,92.4,89.1,3.0,5.6,16.0,0.0,0.8,4.84,5.4,6.75,5.78,4.0,1.36,10.0,0.3,0.6,0.7,4.55,4.86,6.38,5.44,4.0,1.53,10.0,0.3,0.6,0.7,-1.66,-0.79,1.49,-0.12,4.0,2.13,10.0,0.3,0.6,0.7,1007.44,1008.2,1009.38,1008.4,4.0,1.24,16.0,0.3,0.6,0.8,6.0,7.0,7.4,6.8,5.0,0.8,14.0,0.2,0.5,0.7,22.1,26.3,44.5,32.9,4.0,17.9,10.0,0.3,0.6,0.7,-8.1,-3.6,8.5,0.0,4.0,11.5,10.0,0.3,0.6,0.7,0.68,1.5,1.84,1.27,3.0,0.87,16.0,0.0,0.5,0.8,8.7,8.9,9.1,8.9,2.0,0.5,12.0,0.0,0.5,0.7,3.86,4.27,4.27,4.07,3.0,0.35,16.0,0.0,0.5,0.8,19.8,20.3,20.7,20.3,2.0,0.9,12.0,0.0,0.5,0.7,117.1,127.7,175.2,145.3,4.0,47.6,10.0,0.3,0.6,0.7,-42.9,-20.1,39.6,-2.5,4.0,55.8,10.0,0.3,0.6,0.7,84.2,90.3,96.4,90.3,2.0,12.6,12.0,0.0,0.5,0.7,-15.8,13.8,43.5,13.8,2.0,61.5,12.0,0.0,0.5,0.7,18.1,18.3,18.4,18.3,2.0,0.3,12.0,0.0,0.5,0.7,-4.0,1.9,7.7,1.9,2.0,12.1,12.0,0.0,0.5,0.7,114.0,159.0,327.5,218.0,4.0,163.0,10.0,0.3,0.6,0.7,115.0,160.0,325.0,220.0,4.0,165.0,10.0,0.3,0.6,0.7
1974,2,125.0,-6.0,26.28,28.0,29.0,27.7,6.0,1.47,18.0,0.7,0.3,0.7,25.88,27.35,29.12,27.68,6.0,2.17,20.0,0.7,0.3,0.7,17.84,19.02,21.37,19.4,6.0,2.09,20.0,0.7,0.3,0.7,80.4,83.6,86.2,83.0,6.0,3.6,20.0,0.7,0.7,4.66,6.45,7.14,5.53,8.0,2.46,18.0,0.8,0.3,0.7,4.41,5.44,6.3,5.07,8.0,2.28,18.0,0.8,0.3,0.7,-3.01,-1.93,0.0,-1.74,8.0,1.69,18.0,0.8,0.3,0.7,1007.0,1007.65,1008.49,1007.61,8.0,1.33,18.0,0.8,0.3,0.7,6.1,7.0,7.9,6.5,8.0,1.9,18.0,0.8,0.3,0.7,20.6,36.5,42.2,32.8,8.0,17.8,18.0,0.8,0.3,0.7,-18.8,-11.3,0.0,-11.3,8.0,11.8,18.0,0.8,0.3,0.7,-1.42,-0.2,0.87,-0.3,5.0,1.5,18.0,0.6,0.4,0.7,-8.3,-1.3,1.3,-3.5,5.0,7.3,18.0,0.6,0.4,0.7,2.78,3.26,4.66,3.7,5.0,1.2,18.0,0.6,0.4,0.7,10.5,17.5,22.4,16.4,5.0,10.6,18.0,0.6,0.4,0.7,110.1,160.4,174.6,137.4,6.0,69.8,20.0,0.7,0.3,0.7,-104.7,-29.8,0.0,-48.2,6.0,57.5,20.0,0.7,0.3,0.7,74.4,115.3,122.0,95.5,6.0,48.2,20.0,0.7,0.3,0.7,-75.3,-20.8,0.0,-34.8,6.0,42.0,20.0,0.7,0.3,0.7,9.6,16.6,19.1,14.3,5.0,8.5,18.0,0.6,0.4,0.7,-12.5,-6.2,0.0,-6.8,5.0,7.9,18.0,0.6,0.4,0.7,101.5,269.5,365.0,237.5,8.0,152.0,18.0,0.8,0.3,0.7,100.0,270.0,365.0,235.0,8.0,150.0,18.0,0.8,0.3,0.7
1974,2,125.0,-5.0,28.11,29.0,29.89,28.9,8.0,1.16,16.0,0.6,0.6,0.7,25.56,28.0,29.73,27.6,9.0,1.88,14.0,0.6,0.6,0.6,17.24,18.82,20.18,18.82,8.0,1.6,14.0,0.5,0.5,0.6,73.5,84.6,85.4,80.3,8.0,7.9,14.0,0.5,0.6,2.81,5.15,7.7,5.25,10.0,3.0,16.0,0.6,0.6,0.6,0.3,3.72,7.26,3.77,10.0,3.67,16.0,0.6,0.6,0.6,-3.96,-1.66,0.46,-1.81,10.0,2.59,16.0,0.6,0.6,0.6,1004.59,1006.0,1009.14,1006.5,10.0,2.16,16.0,0.6,0.6,0.6,4.0,6.0,7.7,5.7,9.0,1.8,16.0,0.7,0.6,0.6,1.3,14.9,55.9,27.2,10.0,35.1,16.0,0.6,0.6,0.6,-24.0,-4.6,2.1,-9.4,10.0,17.9,16.0,0.6,0.6,0.6,-1.0,1.0,2.02,0.89,7.0,1.39,14.0,0.6,0.5,0.6,-0.1,4.1,16.8,7.0,7.0,8.2,14.0,0.6,0.5,0.6,4.99,5.84,8.13,6.3,7.0,1.62,14.0,0.6,0.5,0.6,13.1,25.1,49.3,29.0,7.0,20.7,14.0,0.6,0.5,0.6,5.4,87.4,191.9,96.5,9.0,98.4,14.0,0.6,0.6,0.6,-108.9,-65.3,0.0,-58.3,9.0,69.9,14.0,0.6,0.6,0.6,1.6,39.1,111.9,56.8,8.0,66.3,14.0,0.5,0.5,0.6,-80.1,-51.4,-2.0,-45.1,8.0,48.5,14.0,0.5,0.5,0.6,-0.5,6.9,31.3,14.6,7.0,20.3,14.0,0.6,0.5,0.6,-22.1,-11.9,0.4,-15.6,7.0,21.7,14.0,0.6,0.5,0.6,23.0,141.5,456.5,270.5,10.0,336.5,16.0,0.6,0.6,0.6,25.0,140.0,455.0,270.0,10.0,335.0,16.0,0.6,0.6,0.6
1974,2,125.0,-4.0,28.0,28.0,28.68,28.33,3.0,0.58,16.0,0.3,0.7,0.5,26.92,27.5,29.52,28.18,6.0,1.84,14.0,0.5,0.8,0.5,17.93,19.09,20.35,19.04,5.0,1.55,16.0,0.4,0.7,0.4,73.1,83.7,86.0,80.3,5.0,7.3,16.0,0.4,0.4,2.42,2.6,6.07,3.94,5.0,2.1,16.0,0.4,0.7,0.4,0.46,1.3,2.13,1.28,5.0,0.97,16.0,0.4,0.7,0.4,-5.85,-2.25,-1.58,-3.43,5.0,2.47,16.0,0.4,0.7,0.4,1005.64,1008.0,1009.05,1007.52,5.0,1.96,16.0,0.4,0.7,0.4,4.0,6.5,8.0,6.2,6.0,1.8,14.0,0.5,0.8,0.5,1.0,3.4,8.1,4.5,5.0,4.4,16.0,0.4,0.7,0.4,-35.8,-5.9,-3.5,-17.5,5.0,19.1,16.0,0.4,0.7,0.4,-2.07,1.0,1.0,-0.5,3.0,2.6,16.0,0.3,0.7,0.5,-3.2,5.7,6.4,1.7,3.0,7.8,16.0,0.3,0.7,0.5,3.84,4.99,5.04,4.46,3.0,0.99,16.0,0.3,0.7,0.5,13.8,28.4,32.2,23.1,3.0,14.3,16.0,0.3,0.7,0.5,14.4,34.6,58.7,35.6,5.0,26.1,16.0,0.4,0.7,0.4,-161.3,-62.2,-46.8,-95.4,5.0,66.6,16.0,0.4,0.7,0.4,9.4,24.8,39.9,23.9,5.0,17.2,16.0,0.4,0.7,0.4,-114.5,-43.0,-31.1,-66.4,5.0,47.7,16.0,0.4,0.7,0.4,0.8,2.4,7.4,4.0,3.0,5.1,16.0,0.3,0.7,0.5,-31.7,-26.7,-12.9,-22.4,3.0,14.2,16.0,0.3,0.7,0.5,14.5,17.5,227.5,106.0,5.0,131.5,16.0,0.4,0.7,0.4,15.0,20.0,225.0,105.0,5.0,130.0,16.0,0.4,0.7,0.4
1974,2,125.0,0.0,28.0,28.0,28.0,28.0,1.0,0.0,8.0,0.0,0.8,0.4,28.4,28.4,28.4,28.4,1.0,0.0,8.0,0.0,0.8,0.4,16.97,16.97,16.97,16.97,1.0,0.0,8.0,0.0,0.8,0.4,70.0,70.0,70.0,70.0,1.0,0.0,8.0,0.0,0.4,7.7,7.7,7.7,7.7,1.0,0.0,8.0,0.0,0.8,0.4,3.85,3.85,3.85,3.85,1.0,0.0,8.0,0.0,0.8,0.4,-6.67,-6.67,-6.67,-6.67,1.0,0.0,8.0,0.0,0.8,0.4,1007.5,1007.5,1007.5,1007.5,1.0,0.0,8.0,0.0,0.8,0.4,8.0,8.0,8.0,8.0,1.0,0.0,8.0,0.0,0.8,0.4,29.6,29.6,29.6,29.6,1.0,0.0,8.0,0.0,0.8,0.4,-51.3,-51.3,-51.3,-51.3,1.0,0.0,8.0,0.0,0.8,0.4,-0.4,-0.4,-0.4,-0.4,1.0,0.0,8.0,0.0,0.8,0.4,-3.1,-3.1,-3.1,-3.1,1.0,0.0,8.0,0.0,0.8,0.4,6.82,6.82,6.82,6.82,1.0,0.0,8.0,0.0,0.8,0.4,52.5,52.5,52.5,52.5,1.0,0.0,8.0,0.0,0.8,0.4,109.3,109.3,109.3,109.3,1.0,0.0,8.0,0.0,0.8,0.4,-189.4,-189.4,-189.4,-189.4,1.0,0.0,8.0,0.0,0.8,0.4,65.3,65.3,65.3,65.3,1.0,0.0,8.0,0.0,0.8,0.4,-113.2,-113.2,-113.2,-113.2,1.0,0.0,8.0,0.0,0.8,0.4,26.3,26.3,26.3,26.3,1.0,0.0,8.0,0.0,0.8,0.4,-45.5,-45.5,-45.5,-45.5,1.0,0.0,8.0,0.0,0.8,0.4,456.5,456.5,456.5,456.5,1.0,0.0,8.0,0.0,0.8,0.4,455.0,455.0,455.0,455.0,1.0,0.0,8.0,0.0,0.8,0.4
1974,2,125.0,1.0,27.94,28.3,28.76,28.35,4.0,0.52,10.0,0.8,0.5,0.6,25.85,27.5,28.52,27.2,4.0,1.8,10.0,0.8,0.5,0.6,18.35,18.51,18.73,18.54,3.0,0.28,8.0,0.7,0.5,0.5,76.3,84.2,91.0,83.7,3.0,10.8,8.0,0.7,0.5,3.27,4.3,4.86,4.08,4.0,1.08,10.0,0.8,0.5,0.6,-0.49,1.23,2.1,0.82,4.0,1.85,10.0,0.8,0.5,0.6,-4.57,-3.38,0.44,-2.12,4.0,3.6,10.0,0.8,0.5,0.6,1006.58,1007.05,1007.2,1006.9,4.0,0.48,10.0,0.8,0.5,0.6,6.3,7.0,7.7,7.0,3.0,1.0,10.0,0.7,0.6,0.5,-3.6,4.8,8.8,2.7,4.0,8.4,10.0,0.8,0.5,0.6,-22.3,-13.1,3.4,-9.6,4.0,16.5,10.0,0.8,0.5,0.6,-0.09,0.9,2.41,1.15,4.0,1.9,10.0,0.8,0.5,0.6,0.7,4.0,10.9,5.7,4.0,8.1,10.0,0.8,0.5,0.6,5.0,5.67,5.92,5.46,3.0,0.69,8.0,0.7,0.5,0.5,17.7,23.9,26.5,22.1,3.0,6.7,8.0,0.7,0.5,0.5,-12.4,32.4,56.3,22.4,4.0,50.3,10.0,0.8,0.5,0.6,-118.8,-89.0,11.2,-55.4,4.0,97.2,10.0,0.8,0.5,0.6,-17.3,16.2,25.0,4.2,3.0,32.7,8.0,0.7,0.5,0.5,-87.0,-80.0,-55.9,-71.6,3.0,23.9,8.0,0.7,0.5,0.5,-4.0,5.0,8.1,2.1,3.0,9.2,8.0,0.7,0.5,0.5,-24.9,-22.5,-16.6,-20.8,3.0,6.3,8.0,0.7,0.5,0.5,39.5,80.5,116.0,78.0,4.0,49.0,10.0,0.8,0.5,0.6,40.0,80.0,115.0,80.0,4.0,50.0,10.0,0.8,0.5,0.6
1974,2,125.0,2.0,27.6,27.6,27.6,27.6,1.0,0.0,4.0,1.0,0.0,0.4,27.2,27.2,27.2,27.2,1.0,0.0,4.0,1.0,0.0,0.4,17.68,17.68,17.68,17.68,1.0,0.0,4.0,1.0,0.0,0.4,78.3,78.3,78.3,78.3,1.0,0.0,4.0,1.0,0.4,0.0,0.0,0.0,0.0,1.0,0.0,4.0,1.0,0.0,0.4,0.0,0.0,0.0,0.0,1.0,0.0,4.0,1.0,0.0,0.4,0.0,0.0,0.0,0.0,1.0,0.0,4.0,1.0,0.0,0.4,1009.4,1009.4,1009.4,1009.4,1.0,0.0,4.0,1.0,0.0,0.4,7.0,7.0,7.0,7.0,1.0,0.0,4.0,1.0,0.0,0.4,0.0,0.0,0.0,0.0,1.0,0.0,4.0,1.0,0.0,0.4,0.0,0.0,0.0,0.0,1.0,0.0,4.0,1.0,0.0,0.4,0.4,0.4,0.4,0.4,1.0,0.0,4.0,1.0,0.0,0.4,0.0,0.0,0.0,0.0,1.0,0.0,4.0,1.0,0.0,0.4,5.51,5.51,5.51,5.51,1.0,0.0,4.0,1.0,0.0,0.4,0.0,0.0,0.0,0.0,1.0,0.0,4.0,1.0,0.0,0.4,0.0,0.0,0.0,0.0,1.0,0.0,4.0,1.0,0.0,0.4,0.0,0.0,0.0,0.0,1.0,0.0,4.0,1.0,0.0,0.4,0.0,0.0,0.0,0.0,1.0,0.0,4.0,1.0,0.0,0.4,0.0,0.0,0.0,0.0,1.0,0.0,4.0,1.0,0.0,0.4,0.0,0.0,0.0,0.0,1.0,0.0,4.0,1.0,0.0,0.4,0.0,0.0,0.0,0.0,1.0,0.0,4.0,1.0,0.0,0.4,0.0,0.0,0.0,0.0,1.0,0.0,4.0,1.0,0.0,0.4,0.0,0.0,0.0,0.0,1.0,0.0,4.0,1.0,0.0,0.4
1974,2,125.0,5.0,26.96,27.3,27.64,27.3,2.0,0.71,10.0,0.5,0.6,0.0,26.44,27.4,28.49,27.47,3.0,1.5,12.0,0.7,0.7,0.3,18.53,19.07,19.6,19.07,2.0,1.12,10.0,0.5,0.6,0.0,79.2,79.4,79.7,79.4,2.0,0.5,10.0,0.5,0.0,4.76,5.1,7.56,6.13,3.0,2.24,12.0,0.7,0.7,0.3,-5.67,-3.52,-2.31,-3.98,3.0,2.49,12.0,0.7,0.7,0.3,-5.34,-4.79,-3.54,-4.45,3.0,1.35,12.0,0.7,0.7,0.3,1007.23,1007.95,1008.67,1007.95,2.0,1.48,10.0,0.5,0.6,0.0,6.6,8.0,8.0,7.3,3.0,1.2,12.0,0.7,0.7,0.3,-44.7,-16.2,-11.2,-27.7,3.0,26.5,12.0,0.7,0.7,0.3,-41.0,-24.4,-17.0,-28.9,3.0,17.9,12.0,0.7,0.7,0.3,-1.1,-0.9,-0.7,-0.9,2.0,0.42,10.0,0.5,0.6,0.0,-5.5,-5.4,-5.3,-5.4,2.0,0.2,10.0,0.5,0.6,0.0,3.67,3.76,3.85,3.76,2.0,0.19,10.0,0.5,0.6,0.0,19.4,25.3,31.1,25.3,2.0,12.2,10.0,0.5,0.6,0.0,-157.1,-102.2,-63.4,-110.1,3.0,69.0,12.0,0.7,0.7,0.3,-144.1,-124.6,-98.1,-121.2,3.0,33.9,12.0,0.7,0.7,0.3,-113.6,-95.9,-78.2,-95.9,2.0,36.7,10.0,0.5,0.6,0.0,-95.3,-80.5,-65.6,-80.5,2.0,30.8,10.0,0.5,0.6,0.0,-23.9,-19.4,-14.9,-19.4,2.0,9.3,10.0,0.5,0.6,0.0,-20.0,-16.2,-12.5,-16.2,2.0,7.8,10.0,0.5,0.6,0.0,108.5,132.5,491.5,296.0,3.0,314.5,12.0,0.7,0.7,0.3,110.0,135.0,490.0,295.0,3.0,315.0,12.0,0.7,0.7,0.3
1974,2,125.0,8.0,26.82,27.5,28.18,27.5,2.0,1.41,12.0,0.0,0.4,0.3,27.55,27.65,27.75,27.65,2.0,0.21,12.0,0.0,0.4,0.3,16.88,17.62,18.35,17.62,2.0,1.52,12.0,0.0,0.4,0.3,72.4,76.0,79.6,76.0,2.0,7.4,12.0,0.0,0.3,6.19,6.6,7.01,6.6,2.0,0.85,12.0,0.0,0.4,0.3,-3.24,-1.93,-0.61,-1.93,2.0,2.73,12.0,0.0,0.4,0.3,-5.33,-1.3,2.72,-1.3,2.0,8.34,12.0,0.0,0.4,0.3,1008.5,1008.5,1008.5,1008.5,2.0,0.0,12.0,0.0,0.4,0.3,3.8,5.5,7.2,5.5,2.0,3.5,12.0,0.0,0.4,0.3,-19.5,-11.6,-3.7,-11.6,2.0,16.4,12.0,0.0,0.4,0.3,-39.2,-12.1,15.0,-12.1,2.0,56.2,12.0,0.0,0.4,0.3,-0.93,-0.15,0.63,-0.15,2.0,1.63,12.0,0.0,0.4,0.3,-5.4,-0.3,4.8,-0.3,2.0,10.6,12.0,0.0,0.4,0.3,5.29,5.49,5.69,5.49,2.0,0.42,12.0,0.0,0.4,0.3,32.9,36.4,40.0,36.4,2.0,7.4,12.0,0.0,0.4,0.3,-90.2,-53.6,-17.0,-53.6,2.0,75.8,12.0,0.0,0.4,0.3,-146.3,-35.1,76.1,-35.1,2.0,230.4,12.0,0.0,0.4,0.3,-53.7,-31.9,-10.1,-31.9,2.0,45.1,12.0,0.0,0.4,0.3,-101.2,-29.3,42.6,-29.3,2.0,148.9,12.0,0.0,0.4,0.3,-16.9,-10.0,-3.2,-10.0,2.0,14.2,12.0,0.0,0.4,0.3,-31.3,-8.9,13.5,-8.9,2.0,46.4,12.0,0.0,0.4,0.3,241.0,294.5,348.5,294.5,2.0,111.0,12.0,0.0,0.4,0.3,240.0,295.0,350.0,295.0,2.0,110.0,12.0,0.0,0.4,0.3
1974,2,125.0,9.0,24.78,25.6,26.35,25.57,3.0,1.15,20.0,0.7,0.3,0.8,24.85,25.6,26.69,25.77,3.0,1.36,20.0,0.7,0.3,0.8,17.65,17.84,18.4,18.02,3.0,0.57,20.0,0.7,0.3,0.8,84.1,87.1,90.0,87.1,3.0,4.3,20.0,0.7,0.8,3.74,6.2,9.0,6.37,3.0,3.85,20.0,0.7,0.3,0.8,-6.89,-4.75,-2.65,-4.77,3.0,3.11,20.0,0.7,0.3,0.8,-5.78,-3.99,0.09,-2.87,3.0,4.41,20.0,0.7,0.3,0.8,1009.93,1010.2,1012.04,1010.97,3.0,1.69,20.0,0.7,0.3,0.8,6.0,8.0,8.0,7.0,3.0,1.7,20.0,0.7,0.3,0.8,-64.8,-29.4,-12.3,-38.4,3.0,39.2,20.0,0.7,0.3,0.8,-54.4,-24.7,-4.3,-29.2,3.0,36.9,20.0,0.7,0.3,0.8,-1.56,1.1,1.1,-0.2,3.0,2.25,20.0,0.7,0.3,0.8,-18.8,2.9,5.6,-6.4,3.0,19.5,20.0,0.7,0.3,0.8,1.27,3.0,3.73,2.51,3.0,1.85,20.0,0.7,0.3,0.8,5.7,7.8,19.7,12.6,3.0,11.1,20.0,0.7,0.3,0.8,-185.1,-121.6,-66.5,-125.7,3.0,86.9,20.0,0.7,0.3,0.8,-155.3,-102.0,0.9,-77.8,3.0,116.4,20.0,0.7,0.3,0.8,-127.4,-84.7,-46.9,-87.1,3.0,59.0,20.0,0.7,0.3,0.8,-106.9,-71.1,1.3,-53.2,3.0,80.8,20.0,0.7,0.3,0.8,-14.8,-5.0,-4.1,-9.3,3.0,8.7,20.0,0.7,0.3,0.8,-12.0,-3.0,3.1,-4.4,3.0,11.2,20.0,0.7,0.3,0.8,87.5,238.5,821.5,449.5,3.0,568.0,20.0,0.7,0.3,0.8,90.0,240.0,820.0,450.0,3.0,570.0,20.0,0.7,0.3,0.8
1974,2,125.0,10.0,24.4,25.0,27.12,25.73,4.0,1.93,22.0,0.8,0.5,0.3,26.01,27.0,29.13,27.48,5.0,2.45,22.0,0.6,0.5,0.4,17.07,18.13,18.69,17.89,4.0,1.01,22.0,0.8,0.5,0.3,70.1,79.1,88.3,79.2,4.0,11.4,22.0,0.8,0.3,0.63,5.1,5.32,3.38,5.0,2.66,22.0,0.6,0.5,0.4,-3.88,-1.74,0.0,-1.99,5.0,2.14,22.0,0.6,0.5,0.4,-4.23,-1.0,1.04,-1.37,5.0,3.08,22.0,0.6,0.5,0.4,1008.63,1009.5,1010.37,1009.48,5.0,1.18,22.0,0.6,0.5,0.4,1.6,5.0,8.0,4.8,5.0,3.3,22.0,0.6,0.5,0.4,-20.9,-8.9,0.0,-10.8,5.0,12.0,22.0,0.6,0.5,0.4,-21.6,-1.0,5.9,-5.8,5.0,16.5,22.0,0.6,0.5,0.4,-4.75,-0.65,1.4,-1.62,4.0,3.87,22.0,0.8,0.5,0.3,-26.3,-6.6,3.5,-11.2,4.0,19.8,22.0,0.8,0.5,0.3,0.46,1.73,5.53,2.94,4.0,3.47,22.0,0.8,0.5,0.3,1.1,2.5,9.3,5.1,4.0,6.9,22.0,0.8,0.5,0.3,-112.3,-42.4,0.0,-56.9,5.0,65.2,22.0,0.6,0.5,0.4,-109.5,-28.0,32.4,-32.3,5.0,83.9,22.0,0.6,0.5,0.4,-77.5,-45.9,-14.6,-46.1,4.0,39.7,22.0,0.8,0.5,0.3,-78.9,-36.5,27.9,-26.0,4.0,64.7,22.0,0.8,0.5,0.3,-3.8,-1.9,-0.7,-2.3,4.0,2.2,22.0,0.8,0.5,0.3,-8.4,-0.9,0.7,-3.7,4.0,7.2,22.0,0.8,0.5,0.3,0.5,132.5,152.0,90.5,5.0,84.5,22.0,0.6,0.5,0.4,0.0,135.0,150.0,90.0,5.0,85.0,22.0,0.6,0.5,0.4
1974,2,125.0,11.0,24.59,25.0,25.41,25.0,2.0,0.85,22.0,0.0,0.8,0.3,25.49,26.1,26.71,26.1,2.0,1.27,22.0,0.0,0.8,0.3,16.03,17.11,18.19,17.11,2.0,2.24,22.0,0.0,0.8,0.3,78.5,80.6,82.7,80.6,2.0,4.3,22.0,0.0,0.3,5.86,6.2,6.54,6.2,2.0,0.71,22.0,0.0,0.8,0.3,-2.76,-2.57,-2.38,-2.57,2.0,0.39,22.0,0.0,0.8,0.3,-6.08,-5.62,-5.15,-5.62,2.0,0.96,22.0,0.0,0.8,0.3,1008.77,1009.35,1009.93,1009.35,2.0,1.2,22.0,0.0,0.8,0.3,8.0,8.0,8.0,8.0,2.0,0.0,22.0,0.0,0.8,0.3,-16.1,-15.8,-15.5,-15.8,2.0,0.6,22.0,0.0,0.8,0.3,-40.0,-35.2,-30.4,-35.2,2.0,9.9,22.0,0.0,0.8,0.3,-2.12,-1.1,-0.08,-1.1,2.0,2.12,22.0,0.0,0.8,0.3,-12.0,-6.1,-0.1,-6.1,2.0,12.4,22.0,0.0,0.8,0.3,1.19,2.75,4.31,2.75,2.0,3.24,22.0,0.0,0.8,0.3,7.6,18.2,28.8,18.2,2.0,22.0,22.0,0.0,0.8,0.3,-73.9,-67.3,-60.8,-67.3,2.0,13.6,22.0,0.0,0.8,0.3,-154.6,-146.0,-137.3,-146.0,2.0,17.9,22.0,0.0,0.8,0.3,-50.5,-44.4,-38.4,-44.4,2.0,12.5,22.0,0.0,0.8,0.3,-96.9,-95.0,-93.2,-95.0,2.0,3.8,22.0,0.0,0.8,0.3,-9.9,-6.4,-2.9,-6.4,2.0,7.2,22.0,0.0,0.8,0.3,-27.1,-17.0,-6.9,-17.0,2.0,20.8,22.0,0.0,0.8,0.3,203.5,243.0,282.5,243.0,2.0,81.5,22.0,0.0,0.8,0.3,205.0,245.0,280.0,245.0,2.0,80.0,22.0,0.0,0.8,0.3
1974,2,125.0,12.0,25.16,25.6,26.99,25.96,5.0,1.18,22.0,0.6,0.5,0.5,26.58,27.5,30.1,28.05,6.0,1.8,22.0,0.7,0.4,0.5,15.86,18.66,21.55,18.51,5.0,3.69,22.0,0.6,0.4,0.6,71.8,82.7,87.6,79.8,5.0,13.2,22.0,0.6,0.6,4.08,8.2,11.51,7.78,6.0,3.9,22.0,0.7,0.4,0.5,-9.5,-7.12,-1.03,-5.43,6.0,4.95,22.0,0.7,0.4,0.5,-6.12,-4.56,-0.99,-3.94,6.0,3.06,22.0,0.7,0.4,0.5,1008.98,1010.15,1010.56,1009.87,6.0,0.91,22.0,0.7,0.4,0.5,4.3,6.0,7.4,5.8,5.0,1.9,24.0,0.8,0.4,0.4,-111.7,-58.2,-0.6,-55.6,6.0,53.1,22.0,0.7,0.4,0.5,-70.7,-32.4,-8.0,-39.2,6.0,37.5,22.0,0.7,0.4,0.5,-3.51,-2.8,-0.32,-2.14,5.0,1.84,22.0,0.6,0.5,0.5,-33.5,-6.3,-3.6,-17.5,5.0,22.0,22.0,0.6,0.5,0.5,-0.04,1.73,6.2,3.02,4.0,4.32,20.0,0.5,0.4,0.6,-1.5,18.8,57.7,27.6,4.0,38.4,20.0,0.5,0.4,0.6,-261.0,-192.1,-33.1,-150.5,6.0,137.2,22.0,0.7,0.4,0.5,-167.5,-122.7,-26.6,-109.5,6.0,88.7,22.0,0.7,0.4,0.5,-181.8,-141.5,-30.2,-106.4,5.0,105.2,22.0,0.6,0.4,0.6,-124.0,-78.8,-54.7,-88.3,5.0,51.6,22.0,0.6,0.4,0.6,-45.8,-16.5,0.8,-22.2,4.0,29.5,20.0,0.5,0.4,0.6,-34.8,-8.8,1.8,-16.1,4.0,24.9,20.0,0.5,0.4,0.6,79.0,557.5,1529.0,754.0,6.0,746.0,22.0,0.7,0.4,0.5,80.0,560.0,1530.0,755.0,6.0,745.0,22.0,0.7,0.4,0.5
1974,2,125.0,13.0,25.48,26.7,28.18,26.74,5.0,1.63,16.0,0.6,0.4,0.2,25.63,26.45,26.8,26.17,6.0,1.04,16.0,0.7,0.4,0.2,16.34,17.22,18.51,17.29,6.0,1.17,16.0,0.7,0.4,0.2,77.9,81.4,84.4,81.6,6.0,4.1,16.0,0.7,0.2,6.7,9.5,11.3,9.17,6.0,2.13,16.0,0.7,0.4,0.2,-8.05,-6.96,-6.19,-7.1,6.0,1.06,16.0,0.7,0.4,0.2,-7.55,-6.11,-2.19,-4.87,6.0,3.93,16.0,0.7,0.4,0.2,1009.66,1011.4,1014.52,1011.85,6.0,2.43,16.0,0.7,0.4,0.2,2.8,6.5,8.0,5.7,6.0,2.7,16.0,0.7,0.4,0.2,-85.3,-69.6,-41.5,-66.7,6.0,24.0,16.0,0.7,0.4,0.2,-85.3,-58.4,-14.6,-50.6,6.0,41.7,16.0,0.7,0.4,0.2,-1.16,-0.3,1.87,0.18,5.0,1.87,16.0,0.6,0.4,0.2,-7.8,-3.1,18.6,3.9,5.0,17.0,16.0,0.6,0.4,0.2,2.67,4.68,6.2,4.44,5.0,2.07,16.0,0.6,0.4,0.2,17.9,48.2,61.7,41.2,5.0,24.0,16.0,0.6,0.4,0.2,-208.5,-182.7,-166.0,-184.9,6.0,21.2,16.0,0.7,0.4,0.2,-186.0,-161.5,-59.7,-125.6,6.0,101.4,16.0,0.7,0.4,0.2,-134.4,-121.4,-110.1,-121.9,6.0,12.7,16.0,0.7,0.4,0.2,-123.2,-101.9,-41.3,-83.3,6.0,68.2,16.0,0.7,0.4,0.2,-43.6,-36.9,-15.8,-30.7,5.0,15.5,16.0,0.6,0.4,0.2,-42.6,-31.0,-5.7,-25.4,5.0,21.7,16.0,0.6,0.4,0.2,301.0,875.5,1443.0,873.0,6.0,529.0,16.0,0.7,0.4,0.2,300.0,875.0,1445.0,875.0,6.0,530.0,16.0,0.7,0.4,0.2
1974,2,125.0,14.0,27.0,27.0,27.0,27.0,2.0,0.0,12.0,0.5,0.4,0.4,25.06,26.25,27.44,26.25,2.0,2.47,12.0,0.5,0.4,0.4,14.56,14.56,14.56,14.56,1.0,0.0,8.0,0.0,0.8,0.9,76.0,76.0,76.0,76.0,1.0,0.0,8.0,0.0,0.9,11.04,11.55,12.06,11.55,2.0,1.06,12.0,0.5,0.4,0.4,-7.94,-7.21,-6.49,-7.21,2.0,1.5,12.0,0.5,0.4,0.4,-10.06,-8.8,-7.53,-8.8,2.0,2.62,12.0,0.5,0.4,0.4,1013.24,1015.9,1018.56,1015.9,2.0,5.52,12.0,0.5,0.4,0.4,3.8,5.5,7.2,5.5,2.0,3.5,12.0,0.5,0.4,0.4,-87.2,-82.5,-77.8,-82.5,2.0,9.7,12.0,0.5,0.4,0.4,-122.1,-103.0,-83.9,-103.0,2.0,39.6,12.0,0.5,0.4,0.4,-0.44,0.75,1.94,0.75,2.0,2.47,12.0,0.5,0.4,0.4,-4.2,10.0,24.2,10.0,2.0,29.4,12.0,0.5,0.4,0.4,7.76,7.76,7.76,7.76,1.0,0.0,8.0,0.0,0.8,0.9,95.5,95.5,95.5,95.5,1.0,0.0,8.0,0.0,0.8,0.9,-218.8,-191.2,-163.5,-191.2,2.0,57.3,12.0,0.5,0.4,0.4,-250.4,-227.7,-204.9,-227.7,2.0,47.1,12.0,0.5,0.4,0.4,-89.5,-89.5,-89.5,-89.5,1.0,0.0,8.0,0.0,0.8,0.9,-155.1,-155.1,-155.1,-155.1,1.0,0.0,8.0,0.0,0.8,0.9,-47.7,-47.7,-47.7,-47.7,1.0,0.0,8.0,0.0,0.8,0.9,-82.7,-82.7,-82.7,-82.7,1.0,0.0,8.0,0.0,0.8,0.9,1355.0,1560.5,1765.5,1560.5,2.0,425.0,12.0,0.5,0.4,0.4,1355.0,1560.0,1765.0,1560.0,2.0,425.0,12.0,0.5,0.4,0.4
1974,2,125.0,15.0,25.46,26.85,27.02,26.43,6.0,0.81,14.0,0.8,0.2,0.4,25.09,26.35,28.21,26.45,6.0,1.93,14.0,0.8,0.2,0.4,16.04,18.09,19.07,17.73,5.0,1.72,14.0,0.8,0.2,0.4,74.8,78.4,89.7,81.5,5.0,8.5,14.0,0.8,0.4,6.49,7.45,9.17,8.07,6.0,2.52,14.0,0.8,0.2,0.4,-8.42,-5.39,-4.83,-6.41,6.0,2.67,14.0,0.8,0.2,0.4,-6.32,-4.5,-3.42,-4.34,6.0,2.33,14.0,0.8,0.2,0.4,1010.9,1012.65,1014.84,1012.77,6.0,1.88,14.0,0.8,0.2,0.4,3.8,5.0,6.4,5.2,6.0,1.8,14.0,0.8,0.2,0.4,-76.8,-41.5,-31.6,-56.9,6.0,44.5,14.0,0.8,0.2,0.4,-58.1,-31.1,-19.7,-37.0,6.0,28.1,14.0,0.8,0.2,0.4,-1.21,-0.05,1.32,-0.02,6.0,1.52,14.0,0.8,0.2,0.4,-9.1,0.1,10.7,1.4,6.0,13.7,14.0,0.8,0.2,0.4,2.55,4.25,5.0,3.79,5.0,2.14,14.0,0.8,0.2,0.4,17.2,30.6,52.7,33.1,5.0,21.2,14.0,0.8,0.2,0.4,-216.1,-151.8,-128.9,-167.0,6.0,58.9,14.0,0.8,0.2,0.4,-154.3,-127.4,-88.4,-113.7,6.0,59.0,14.0,0.8,0.2,0.4,-162.4,-99.8,-91.5,-122.2,5.0,40.8,14.0,0.8,0.2,0.4,-101.7,-83.7,-50.7,-73.5,5.0,42.3,14.0,0.8,0.2,0.4,-38.4,-23.5,-13.4,-25.3,5.0,16.6,14.0,0.8,0.2,0.4,-31.8,-19.7,-10.4,-20.6,5.0,14.5,14.0,0.8,0.2,0.4,277.0,415.0,881.0,669.0,6.0,735.0,14.0,0.8,0.2,0.4,275.0,415.0,880.0,670.0,6.0,735.0,14.0,0.8,0.2,0.4
1974,2,125.0,16.0,26.0,26.0,26.52,26.25,4.0,0.5,16.0,0.8,0.4,0.4,25.88,27.0,30.37,27.92,5.0,2.44,18.0,0.6,0.5,0.3,16.55,17.56,17.87,17.23,4.0,0.95,16.0,0.8,0.4,0.4,64.2,69.2,80.2,72.1,4.0,11.4,16.0,0.8,0.4,0.0,2.1,7.38,3.4,5.0,3.8,18.0,0.6,0.5,0.3,-7.38,0.0,0.0,-2.98,5.0,4.08,18.0,0.6,0.5,0.3,0.0,0.0,0.77,0.42,5.0,0.94,18.0,0.6,0.5,0.3,1010.52,1011.9,1013.56,1011.92,5.0,1.94,18.0,0.6,0.5,0.3,1.0,2.0,4.7,2.8,5.0,2.2,18.0,0.6,0.5,0.3,-54.6,0.0,0.0,-22.2,5.0,30.5,18.0,0.6,0.5,0.3,0.0,0.0,1.6,0.9,5.0,2.0,18.0,0.6,0.5,0.3,-4.52,-2.0,0.26,-2.12,4.0,2.78,16.0,0.8,0.4,0.4,0.0,0.0,1.9,0.9,4.0,1.8,16.0,0.8,0.4,0.4,3.17,3.5,5.13,4.12,4.0,1.56,16.0,0.8,0.4,0.4,0.0,11.0,36.4,17.9,4.0,23.5,16.0,0.8,0.4,0.4,-192.5,0.0,0.0,-78.3,5.0,107.6,18.0,0.6,0.5,0.3,0.0,0.0,20.0,11.0,5.0,24.5,18.0,0.6,0.5,0.3,-125.8,-61.0,0.0,-62.8,4.0,72.6,16.0,0.8,0.4,0.4,0.0,0.0,0.0,0.0,4.0,0.0,16.0,0.8,0.4,0.4,-36.4,-11.0,0.0,-17.9,4.0,23.5,16.0,0.8,0.4,0.4,0.0,0.0,0.0,0.0,4.0,0.0,16.0,0.8,0.4,0.4,0.0,9.5,403.5,168.0,5.0,227.5,18.0,0.6,0.5,0.3,0.0,10.0,405.0,170.0,5.0,225.0,18.0,0.6,0.5,0.3
1974,2,125.0,17.0,25.32,26.0,26.68,26.0,3.0,1.0,16.0,0.7,0.7,0.4,25.32,26.0,26.68,26.0,3.0,1.0,16.0,0.7,0.7,0.4,15.4,15.83,16.27,15.83,2.0,0.91,12.0,1.0,0.8,0.4,74.6,75.6,76.6,75.6,2.0,2.1,12.0,1.0,0.4,0.16,0.5,5.07,2.57,3.0,4.02,16.0,0.7,0.7,0.4,-4.91,0.0,0.0,-2.4,3.0,4.16,16.0,0.7,0.7,0.4,0.0,0.0,0.34,0.17,3.0,0.29,16.0,0.7,0.7,0.4,1012.3,1012.5,1012.84,1012.57,3.0,0.4,16.0,0.7,0.7,0.4,0.0,0.0,1.4,0.7,3.0,1.2,16.0,0.7,0.7,0.4,-35.4,0.0,0.0,-17.3,3.0,29.9,16.0,0.7,0.7,0.4,0.0,0.0,0.2,0.1,3.0,0.1,16.0,0.7,0.7,0.4,-1.37,0.0,1.37,0.0,3.0,2.0,16.0,0.7,0.7,0.4,0.0,0.0,9.8,4.8,3.0,8.3,16.0,0.7,0.7,0.4,3.91,5.21,6.5,5.21,2.0,2.68,12.0,1.0,0.8,0.4,8.1,25.6,43.0,25.6,2.0,36.2,12.0,1.0,0.8,0.4,-122.9,0.0,0.0,-60.0,3.0,103.9,16.0,0.7,0.7,0.4,0.0,0.0,8.9,4.3,3.0,7.5,16.0,0.7,0.7,0.4,-92.0,-54.7,-17.4,-54.7,2.0,77.3,12.0,1.0,0.8,0.4,0.0,0.0,0.0,0.0,2.0,0.0,12.0,1.0,0.8,0.4,-43.0,-25.6,-8.1,-25.6,2.0,36.2,12.0,1.0,0.8,0.4,0.0,0.0,0.0,0.0,2.0,0.0,12.0,1.0,0.8,0.4,0.0,0.0,255.0,124.5,3.0,215.5,16.0,0.7,0.7,0.4,0.0,0.0,255.0,125.0,3.0,215.0,16.0,0.7,0.7,0.4
1974,2,125.0,18.0,26.16,26.5,26.84,26.5,2.0,0.71,16.0,0.5,0.2,0.5,25.16,25.5,25.84,25.5,2.0,0.71,16.0,0.5,0.2,0.5,14.88,15.01,15.14,15.01,2.0,0.27,16.0,0.5,0.2,0.5,71.8,73.9,76.1,73.9,2.0,4.4,16.0,0.5,0.5,7.7,7.7,7.7,7.7,2.0,0.0,16.0,0.5,0.2,0.5,-6.67,-6.67,-6.67,-6.67,2.0,0.0,16.0,0.5,0.2,0.5,-3.85,-3.85,-3.85,-3.85,2.0,0.0,16.0,0.5,0.2,0.5,1012.58,1012.75,1012.92,1012.75,2.0,0.35,16.0,0.5,0.2,0.5,5.5,6.5,7.5,6.5,2.0,2.1,16.0,0.5,0.2,0.5,-51.3,-51.3,-51.3,-51.3,2.0,0.0,16.0,0.5,0.2,0.5,-29.6,-29.6,-29.6,-29.6,2.0,0.0,16.0,0.5,0.2,0.5,0.32,1.0,1.68,1.0,2.0,1.41,16.0,0.5,0.2,0.5,2.4,7.7,13.0,7.7,2.0,10.9,16.0,0.5,0.2,0.5,6.33,6.65,6.96,6.65,2.0,0.65,16.0,0.5,0.2,0.5,48.8,51.2,53.6,51.2,2.0,5.0,16.0,0.5,0.2,0.5,-172.3,-170.0,-167.8,-170.0,2.0,4.7,16.0,0.5,0.2,0.5,-99.5,-98.2,-96.9,-98.2,2.0,2.7,16.0,0.5,0.2,0.5,-101.0,-100.1,-99.2,-100.1,2.0,1.8,16.0,0.5,0.2,0.5,-58.3,-57.8,-57.3,-57.8,2.0,1.0,16.0,0.5,0.2,0.5,-46.4,-44.3,-42.2,-44.3,2.0,4.4,16.0,0.5,0.2,0.5,-26.8,-25.6,-24.4,-25.6,2.0,2.5,16.0,0.5,0.2,0.5,456.5,456.5,456.5,456.5,2.0,0.0,16.0,0.5,0.2,0.5,455.0,455.0,455.0,455.0,2.0,0.0,16.0,0.5,0.2,0.5
1974,2,125.0,19.0,26.0,26.0,26.0,26.0,2.0,0.0,16.0,0.0,0.3,0.6,24.48,25.35,27.69,26.05,4.0,2.4,18.0,0.5,0.3,0.6,15.34,15.67,16.62,15.97,3.0,0.97,16.0,0.3,0.2,0.5,69.8,77.0,82.0,76.0,3.0,9.0,16.0,0.3,0.5,4.1,5.4,6.96,5.53,4.0,1.66,18.0,0.5,0.3,0.6,-6.31,-4.92,-0.85,-3.64,4.0,3.96,18.0,0.5,0.3,0.6,-3.46,-2.03,0.95,-1.29,4.0,2.81,18.0,0.5,0.3,0.6,1012.16,1013.0,1013.84,1013.0,4.0,1.31,18.0,0.5,0.3,0.6,3.0,4.5,6.0,4.5,4.0,2.1,18.0,0.5,0.3,0.6,-44.0,-27.7,-3.5,-23.9,4.0,25.4,18.0,0.5,0.3,0.6,-18.7,-8.7,7.9,-5.5,4.0,17.5,18.0,0.5,0.3,0.6,1.16,1.5,1.84,1.5,2.0,0.71,16.0,0.0,0.3,0.6,7.9,10.6,13.2,10.6,2.0,5.4,16.0,0.0,0.3,0.6,5.41,5.57,5.73,5.57,2.0,0.34,16.0,0.0,0.3,0.6,38.5,38.7,38.8,38.7,2.0,0.4,16.0,0.0,0.3,0.6,-154.1,-132.1,-29.1,-93.5,4.0,99.0,18.0,0.5,0.3,0.6,-87.7,-52.4,21.0,-34.2,4.0,69.7,18.0,0.5,0.3,0.6,-100.4,-88.2,-75.0,-87.7,3.0,18.6,16.0,0.3,0.2,0.5,-38.6,-12.1,22.5,-8.1,3.0,44.9,16.0,0.3,0.2,0.5,-35.7,-34.9,-34.1,-34.9,2.0,1.7,16.0,0.0,0.3,0.6,-14.3,-3.2,8.0,-3.2,2.0,23.0,16.0,0.0,0.3,0.6,69.0,185.0,338.5,203.0,4.0,157.5,18.0,0.5,0.3,0.6,70.0,185.0,340.0,205.0,4.0,160.0,18.0,0.5,0.3,0.6
1974,2,125.0,20.0,24.3,25.5,25.76,25.05,4.0,1.26,14.0,0.8,0.5,0.4,21.23,22.55,24.24,22.73,4.0,1.86,14.0,0.8,0.5,0.4,10.7,12.63,14.19,12.45,4.0,2.1,14.0,0.8,0.5,0.4,67.8,74.6,76.4,72.2,4.0,6.7,14.0,0.8,0.4,8.87,12.35,14.21,11.58,4.0,3.89,14.0,0.8,0.5,0.4,-10.65,-7.57,-2.91,-6.82,4.0,5.17,14.0,0.8,0.5,0.4,-11.68,-6.0,-1.54,-6.58,4.0,6.88,14.0,0.8,0.5,0.4,1014.31,1016.4,1017.08,1015.73,4.0,2.22,14.0,0.8,0.5,0.4,7.0,7.0,7.7,7.3,3.0,0.6,16.0,0.7,0.3,0.5,-132.7,-72.3,-18.0,-75.2,4.0,69.8,14.0,0.8,0.5,0.4,-166.9,-73.2,-23.6,-94.2,4.0,103.3,14.0,0.8,0.5,0.4,1.52,2.25,3.13,2.33,4.0,1.15,14.0,0.8,0.5,0.4,16.1,27.7,44.1,30.0,4.0,21.5,14.0,0.8,0.5,0.4,6.33,6.49,8.5,7.37,4.0,1.95,14.0,0.8,0.5,0.4,55.8,78.7,123.1,89.0,4.0,50.0,14.0,0.8,0.5,0.4,-238.1,-170.3,-72.7,-156.1,4.0,117.9,14.0,0.8,0.5,0.4,-250.2,-130.5,-35.1,-142.1,4.0,149.7,14.0,0.8,0.5,0.4,-136.9,-96.2,-42.3,-89.9,4.0,68.9,14.0,0.8,0.5,0.4,-122.1,-73.9,-20.7,-71.5,4.0,70.1,14.0,0.8,0.5,0.4,-68.1,-47.8,-18.8,-43.7,4.0,33.3,14.0,0.8,0.5,0.4,-105.4,-37.9,-10.1,-56.8,4.0,71.4,14.0,0.8,0.5,0.4,907.0,1895.0,2935.5,1920.0,4.0,1409.0,14.0,0.8,0.5,0.4,905.0,1895.0,2935.0,1920.0,4.0,1410.0,14.0,0.8,0.5,0.4
1974,2,125.0,21.0,23.71,24.0,24.43,23.91,7.0,0.94,16.0,1.0,0.8,0.4,20.58,22.85,24.89,23.11,8.0,2.63,16.0,1.0,0.7,0.4,10.0,13.93,17.02,13.53,4.0,4.09,14.0,1.0,0.7,0.4,65.0,70.2,82.4,73.6,4.0,12.9,14.0,1.0,0.4,5.1,9.5,14.03,9.24,8.0,4.03,16.0,1.0,0.7,0.4,-9.16,-6.38,-5.01,-5.23,8.0,5.58,16.0,1.0,0.7,0.4,-10.61,-3.21,0.0,-3.88,8.0,5.84,16.0,1.0,0.7,0.4,1014.0,1018.25,1022.94,1018.01,8.0,5.16,16.0,1.0,0.7,0.4,7.0,8.0,8.0,7.4,8.0,1.1,16.0,1.0,0.7,0.4,-129.2,-51.3,-25.1,-55.3,8.0,69.2,16.0,1.0,0.7,0.4,-150.8,-32.1,0.0,-52.9,8.0,78.3,16.0,1.0,0.7,0.4,-3.0,2.7,3.3,0.93,7.0,2.92,16.0,1.0,0.8,0.4,-15.9,27.8,47.9,16.4,7.0,30.5,16.0,1.0,0.8,0.4,2.13,5.39,8.53,5.33,4.0,3.72,14.0,1.0,0.7,0.4,10.9,48.3,109.6,59.7,4.0,60.1,14.0,1.0,0.7,0.4,-188.9,-152.6,-120.3,-113.9,8.0,128.0,16.0,1.0,0.7,0.4,-218.4,-68.1,0.0,-78.6,8.0,124.8,16.0,1.0,0.7,0.4,-87.6,-86.8,-86.2,-86.9,4.0,0.9,14.0,1.0,0.7,0.4,-89.3,-36.0,0.0,-44.3,4.0,52.9,14.0,1.0,0.7,0.4,-75.3,-38.7,-10.9,-42.9,4.0,38.1,14.0,1.0,0.7,0.4,-79.1,-26.5,0.0,-39.0,4.0,49.4,14.0,1.0,0.7,0.4,132.5,864.5,2831.5,1196.0,8.0,1285.5,16.0,1.0,0.7,0.4,135.0,865.0,2830.0,1195.0,8.0,1285.0,16.0,1.0,0.7,0.4
1974,2,125.0,22.0,22.2,23.1,24.62,23.21,17.0,1.25,12.0,0.5,0.5,0.6,17.21,22.2,23.0,21.04,20.0,2.7,12.0,0.4,0.6,0.5,7.47,12.18,15.14,11.56,12.0,3.41,12.0,0.5,0.5,0.6,60.5,77.7,84.1,73.4,12.0,13.9,12.0,0.5,0.6,4.09,5.7,8.53,6.32,19.0,2.92,10.0,0.4,0.6,0.5,-4.48,-2.39,-0.59,-2.6,19.0,2.26,10.0,0.4,0.6,0.5,-6.71,-3.28,4.07,-2.04,19.0,5.83,10.0,0.4,0.6,0.5,1013.0,1015.7,1021.2,1016.2,20.0,4.29,12.0,0.4,0.6,0.5,3.0,6.0,8.0,5.7,20.0,2.2,12.0,0.4,0.6,0.5,-30.3,-13.0,-2.4,-17.2,19.0,19.4,10.0,0.4,0.6,0.5,-46.4,-16.7,19.4,-20.8,19.0,62.5,10.0,0.4,0.6,0.5,-0.5,1.1,4.9,1.69,17.0,2.69,12.0,0.5,0.5,0.6,-3.1,4.3,28.4,14.6,16.0,27.3,12.0,0.5,0.6,0.6,3.53,6.04,9.99,6.47,12.0,3.23,12.0,0.5,0.5,0.6,16.6,29.4,75.0,43.7,12.0,37.0,12.0,0.5,0.5,0.6,-106.8,-40.7,-13.9,-56.5,19.0,51.9,10.0,0.4,0.6,0.5,-117.0,-75.4,94.8,-33.7,19.0,114.4,10.0,0.4,0.6,0.5,-63.3,-22.4,-5.5,-32.9,12.0,32.2,12.0,0.5,0.5,0.6,-61.8,-51.6,35.0,-31.6,12.0,59.7,12.0,0.5,0.5,0.6,-27.9,-12.5,-0.6,-14.9,12.0,12.6,12.0,0.5,0.5,0.6,-73.8,-19.8,6.8,-29.0,12.0,46.3,12.0,0.5,0.5,0.6,68.0,185.0,620.5,440.0,19.0,810.0,10.0,0.4,0.6,0.5,70.0,185.0,620.0,440.0,19.0,810.0,10.0,0.4,0.6,0.5
1974,2,125.0,23.0,21.0,22.2,23.47,22.16,65.0,1.75,14.0,0.6,0.4,0.4,15.34,20.0,24.0,19.65,67.0,3.57,14.0,0.6,0.4,0.4,7.73,10.38,14.07,10.9,41.0,2.9,16.0,0.5,0.4,0.4,66.4,78.0,89.3,77.2,42.0,12.3,16.0,0.5,0.4,5.1,9.3,12.3,9.34,68.0,3.8,14.0,0.6,0.4,0.4,-6.06,-3.39,0.0,-2.97,68.0,3.3,14.0,0.6,0.4,0.4,-11.65,-7.89,1.53,-5.99,68.0,6.83,14.0,0.6,0.4,0.4,1013.3,1016.6,1021.67,1017.47,66.0,4.33,16.0,0.5,0.4,0.4,4.6,7.0,8.0,6.6,68.0,1.9,14.0,0.6,0.4,0.4,-55.6,-26.1,0.0,-28.3,68.0,36.9,14.0,0.6,0.4,0.4,-142.2,-66.2,13.1,-73.6,68.0,95.6,14.0,0.6,0.4,0.4,-0.4,2.5,6.2,2.76,63.0,3.18,16.0,0.6,0.4,0.4,-3.1,22.9,82.0,32.8,60.0,39.5,16.0,0.6,0.4,0.4,2.52,4.39,9.29,5.62,39.0,2.9,16.0,0.5,0.4,0.4,14.2,52.7,114.4,57.8,38.0,40.3,16.0,0.5,0.4,0.4,-123.8,-62.2,0.0,-61.0,64.0,69.2,14.0,0.5,0.4,0.4,-214.4,-145.6,27.6,-108.5,64.0,124.7,14.0,0.5,0.4,0.4,-64.1,-34.9,0.0,-30.6,40.0,36.0,16.0,0.5,0.4,0.4,-118.9,-70.8,6.8,-59.1,40.0,72.2,16.0,0.5,0.4,0.4,-39.3,-12.7,0.0,-16.5,38.0,21.6,16.0,0.5,0.4,0.4,-101.5,-39.4,3.1,-45.2,38.0,47.0,16.0,0.5,0.4,0.4,132.5,804.5,1861.0,1239.0,68.0,1445.0,14.0,0.6,0.4,0.4,135.0,805.0,1860.0,1240.0,68.0,1445.0,14.0,0.6,0.4,0.4
1974,2,125.0,24.0,22.08,22.3,24.0,22.55,16.0,1.79,18.0,0.4,0.6,0.3,14.0,18.0,21.5,18.35,17.0,4.07,16.0,0.5,0.6,0.3,6.78,8.4,11.97,9.23,9.0,2.55,16.0,0.6,0.6,0.3,62.8,76.6,89.7,74.9,9.0,13.4,16.0,0.6,0.3,4.05,10.3,13.68,9.29,17.0,4.61,16.0,0.5,0.6,0.3,-6.84,-1.91,0.48,-2.57,17.0,4.02,16.0,0.5,0.6,0.3,-11.85,-9.3,-1.39,-7.24,17.0,5.84,16.0,0.5,0.6,0.3,1013.14,1019.9,1020.89,1018.16,16.0,3.7,16.0,0.4,0.6,0.3,4.4,7.0,8.0,6.5,16.0,1.9,16.0,0.5,0.6,0.3,-93.7,-15.0,1.0,-28.4,17.0,51.0,16.0,0.5,0.6,0.3,-162.2,-91.9,-4.7,-89.0,17.0,88.2,16.0,0.5,0.6,0.3,0.3,4.25,9.2,4.18,16.0,4.5,18.0,0.4,0.6,0.3,1.2,45.7,115.7,50.7,16.0,51.1,18.0,0.4,0.6,0.3,4.73,5.58,9.74,6.77,8.0,2.5,16.0,0.5,0.6,0.3,40.6,54.9,123.2,73.0,8.0,52.7,16.0,0.5,0.6,0.3,-105.1,-33.8,12.5,-39.1,17.0,63.4,16.0,0.5,0.6,0.3,-198.6,-163.7,-29.8,-124.3,17.0,101.8,16.0,0.5,0.6,0.3,-61.6,0.0,20.7,-14.3,9.0,40.4,16.0,0.6,0.6,0.3,-127.9,-78.2,-21.3,-79.9,9.0,64.6,16.0,0.6,0.6,0.3,-64.0,-12.9,4.4,-28.0,8.0,37.2,16.0,0.5,0.6,0.3,-107.9,-45.7,-11.0,-57.4,8.0,53.1,16.0,0.5,0.6,0.3,66.5,1092.5,2564.0,1357.0,17.0,1491.5,16.0,0.5,0.6,0.3,65.0,1095.0,2565.0,1355.0,17.0,1490.0,16.0,0.5,0.6,0.3
1974,2,125.0,25.0,21.09,22.5,24.26,22.66,10.0,1.83,14.0,0.4,0.5,0.6,16.35,21.1,22.03,19.74,13.0,3.53,18.0,0.3,0.6,0.6,7.61,9.8,13.24,10.29,5.0,3.05,14.0,0.6,0.5,0.7,70.1,73.6,84.4,76.9,5.0,8.4,14.0,0.6,0.7,5.1,6.6,12.23,7.7,14.0,3.47,18.0,0.4,0.5,0.5,-6.75,-1.02,0.88,-2.57,14.0,4.03,18.0,0.4,0.5,0.5,-8.01,0.58,5.02,-1.16,14.0,7.15,18.0,0.4,0.5,0.5,1011.1,1019.35,1024.6,1018.7,14.0,5.84,18.0,0.4,0.5,0.5,6.1,8.0,8.0,7.4,14.0,1.0,18.0,0.4,0.5,0.5,-48.5,-4.2,4.5,-26.6,14.0,45.0,18.0,0.4,0.5,0.5,-98.1,-1.1,25.6,-29.5,14.0,78.1,18.0,0.4,0.5,0.5,1.0,1.2,3.33,1.8,10.0,1.81,14.0,0.4,0.5,0.6,6.1,6.7,17.2,15.5,10.0,25.1,14.0,0.4,0.5,0.6,3.64,4.6,6.81,5.2,4.0,2.28,12.0,0.8,0.5,0.6,16.9,31.3,87.6,51.3,4.0,53.5,12.0,0.8,0.5,0.6,-124.9,0.0,18.9,-36.9,13.0,66.4,18.0,0.3,0.6,0.6,-146.2,74.9,109.5,-4.8,13.0,135.9,18.0,0.3,0.6,0.6,-42.4,-27.5,4.2,-22.2,5.0,30.2,14.0,0.6,0.5,0.7,-93.6,-55.9,55.0,-28.5,5.0,82.2,14.0,0.6,0.5,0.7,-10.5,-3.2,1.9,-4.2,4.0,7.8,12.0,0.8,0.5,0.6,-86.4,-13.8,16.3,-34.1,4.0,68.9,12.0,0.8,0.5,0.6,132.5,290.5,1864.5,755.5,14.0,1066.0,18.0,0.4,0.5,0.5,135.0,290.0,1865.0,755.0,14.0,1065.0,18.0,0.4,0.5,0.5
1974,2,125.0,26.0,20.45,22.5,23.1,22.06,13.0,1.43,16.0,0.4,0.5,0.5,13.22,18.0,21.4,17.81,14.0,3.91,16.0,0.4,0.5,0.5,6.22,9.82,13.14,9.92,8.0,3.68,14.0,0.3,0.5,0.6,65.8,80.9,85.3,77.3,8.0,12.9,14.0,0.3,0.6,5.61,9.15,11.28,9.04,14.0,3.12,16.0,0.4,0.5,0.5,-5.61,-4.23,4.36,-1.93,14.0,4.64,16.0,0.4,0.5,0.5,-11.08,-6.89,2.45,-4.64,14.0,7.01,16.0,0.4,0.5,0.5,1012.9,1016.45,1022.47,1017.2,14.0,4.77,16.0,0.4,0.5,0.5,5.0,7.0,8.0,7.0,13.0,1.2,16.0,0.4,0.5,0.5,-47.2,-26.2,40.5,-17.0,14.0,42.6,16.0,0.4,0.5,0.5,-127.3,-62.9,12.5,-59.1,14.0,84.6,16.0,0.4,0.5,0.5,1.1,4.0,7.22,4.35,13.0,3.8,16.0,0.4,0.5,0.5,6.1,39.1,80.0,49.1,13.0,51.1,16.0,0.4,0.5,0.5,3.24,6.62,8.42,6.01,8.0,2.91,14.0,0.3,0.5,0.6,23.9,68.2,83.7,64.0,8.0,47.6,14.0,0.3,0.5,0.6,-117.9,-53.8,56.6,-33.3,14.0,88.7,16.0,0.4,0.5,0.5,-173.6,-102.0,53.2,-60.6,14.0,111.9,16.0,0.4,0.5,0.5,-57.1,-23.8,25.4,-12.6,8.0,54.9,14.0,0.3,0.5,0.6,-97.2,-45.1,31.3,-32.0,8.0,68.6,14.0,0.3,0.5,0.6,-50.3,-8.0,17.5,-11.9,8.0,33.6,14.0,0.3,0.5,0.6,-82.4,-54.5,4.0,-47.9,8.0,55.0,14.0,0.3,0.5,0.6,176.0,766.5,1436.0,1004.5,14.0,1120.0,16.0,0.4,0.5,0.5,175.0,765.0,1435.0,1005.0,14.0,1120.0,16.0,0.4,0.5,0.5
1974,2,125.0,27.0,16.13,16.6,19.13,17.21,85.0,1.71,22.0,0.5,0.1,0.7,6.4,9.1,14.2,10.15,85.0,3.8,22.0,0.5,0.1,0.7,3.52,4.32,8.09,5.42,50.0,2.04,22.0,0.5,0.1,0.7,57.9,68.3,80.6,68.9,50.0,11.2,22.0,0.5,0.7,7.07,11.0,14.9,10.67,85.0,4.12,20.0,0.5,0.1,0.7,-2.9,0.0,2.41,-0.54,85.0,2.73,20.0,0.5,0.1,0.7,-14.67,-10.3,-6.12,-10.12,85.0,4.55,20.0,0.5,0.1,0.7,1017.9,1023.9,1028.15,1023.34,86.0,4.55,22.0,0.5,0.1,0.7,5.0,7.0,8.0,6.5,86.0,2.2,22.0,0.5,0.1,0.7,-28.5,0.0,29.4,-4.4,85.0,32.0,20.0,0.5,0.1,0.7,-218.6,-109.6,-42.7,-125.5,85.0,91.3,20.0,0.5,0.1,0.7,4.2,7.3,10.2,7.1,83.0,2.94,22.0,0.6,0.1,0.7,24.4,80.3,120.7,80.4,81.0,44.5,22.0,0.6,0.1,0.7,4.92,6.95,7.8,6.67,50.0,1.69,22.0,0.5,0.1,0.7,34.5,78.3,102.8,72.6,50.0,30.5,22.0,0.5,0.1,0.7,-38.4,0.0,16.9,-10.0,83.0,34.9,22.0,0.5,0.1,0.7,-135.2,-88.0,-56.8,-94.7,83.0,54.3,22.0,0.5,0.1,0.7,-20.6,0.0,11.3,-3.5,50.0,13.6,22.0,0.5,0.1,0.7,-77.9,-49.0,-26.3,-53.6,50.0,31.9,22.0,0.5,0.1,0.7,-16.3,0.0,17.2,-1.2,50.0,16.6,22.0,0.5,0.1,0.7,-101.2,-75.2,-34.0,-70.3,50.0,31.5,22.0,0.5,0.1,0.7,353.0,1331.0,3308.0,1746.5,85.0,1744.5,20.0,0.5,0.1,0.7,355.0,1330.0,3310.0,1745.0,85.0,1745.0,20.0,0.5,0.1,0.7
1974,2,125.0,28.0,15.3,16.4,18.48,16.76,39.0,1.28,16.0,0.5,0.3,0.2,8.04,12.1,14.43,12.03,36.0,3.56,16.0,0.5,0.3,0.2,3.69,5.94,8.59,6.34,20.0,2.69,16.0,0.6,0.3,0.2,55.7,63.8,84.4,69.4,20.0,14.2,16.0,0.6,0.2,5.11,9.5,12.4,8.72,39.0,4.18,16.0,0.5,0.3,0.2,-4.21,-1.55,2.88,-1.03,39.0,3.59,16.0,0.5,0.3,0.2,-12.2,-8.7,-1.29,-6.2,39.0,6.48,16.0,0.5,0.3,0.2,1015.37,1025.2,1029.14,1022.78,37.0,6.39,16.0,0.5,0.3,0.2,2.0,7.0,8.0,5.7,39.0,2.4,16.0,0.5,0.3,0.2,-33.6,-4.8,24.6,-7.0,39.0,39.1,16.0,0.5,0.3,0.2,-151.1,-84.8,-2.6,-72.2,39.0,83.9,16.0,0.5,0.3,0.2,2.0,4.35,7.79,4.75,36.0,3.05,16.0,0.5,0.3,0.2,8.1,36.3,105.4,46.7,36.0,41.7,16.0,0.5,0.3,0.2,4.13,5.58,7.08,5.37,20.0,1.9,16.0,0.6,0.3,0.2,19.5,41.4,81.9,46.4,20.0,30.7,16.0,0.6,0.3,0.2,-50.1,-14.6,42.8,-4.7,36.0,41.7,16.0,0.5,0.3,0.2,-158.7,-63.7,-18.9,-69.4,36.0,81.9,16.0,0.5,0.3,0.2,-20.1,-6.2,18.6,0.4,20.0,24.6,16.0,0.6,0.3,0.2,-81.7,-34.3,-11.1,-39.0,20.0,50.4,16.0,0.6,0.3,0.2,-19.3,-7.1,14.4,-4.1,20.0,17.2,16.0,0.6,0.3,0.2,-80.7,-37.3,-10.9,-42.3,20.0,31.7,16.0,0.6,0.3,0.2,133.5,857.5,1905.0,1093.5,39.0,1085.0,16.0,0.5,0.3,0.2,135.0,855.0,1905.0,1095.0,39.0,1085.0,16.0,0.5,0.3,0.2
1974,2,125.0,29.0,14.71,15.65,16.53,15.83,18.0,1.73,14.0,0.7,0.5,0.3,9.14,13.2,16.25,12.78,18.0,3.74,14.0,0.7,0.5,0.3,3.77,6.75,9.17,6.44,9.0,2.57,14.0,0.8,0.6,0.2,55.4,71.7,82.3,68.6,9.0,12.8,14.0,0.8,0.2,4.04,8.2,9.8,7.89,16.0,5.19,14.0,0.8,0.5,0.2,-5.02,-1.39,3.26,-1.01,16.0,4.68,14.0,0.8,0.5,0.2,-8.86,0.78,6.66,-1.43,16.0,8.25,14.0,0.8,0.5,0.2,1019.9,1023.45,1029.76,1024.09,18.0,5.42,14.0,0.7,0.5,0.3,2.5,6.0,7.5,5.5,17.0,2.3,14.0,0.7,0.5,0.3,-42.9,-5.6,19.1,-3.7,16.0,64.4,14.0,0.8,0.5,0.2,-93.8,2.4,58.0,-38.5,16.0,135.8,14.0,0.8,0.5,0.2,-0.25,2.65,6.18,3.05,18.0,3.35,14.0,0.7,0.5,0.3,-2.4,5.8,49.3,26.2,16.0,50.2,14.0,0.8,0.5,0.2,1.85,3.72,7.09,4.51,9.0,2.59,14.0,0.8,0.6,0.2,6.6,30.1,54.9,41.0,9.0,46.7,14.0,0.8,0.6,0.2,-78.2,-23.0,35.2,-22.5,16.0,58.5,14.0,0.8,0.5,0.2,-88.6,15.0,102.6,2.8,16.0,92.6,14.0,0.8,0.5,0.2,-42.1,-12.6,10.8,-12.7,9.0,31.7,14.0,0.8,0.6,0.2,-50.2,0.0,52.7,-1.7,9.0,55.6,14.0,0.8,0.6,0.2,-18.3,-2.4,18.1,-0.9,9.0,26.0,14.0,0.8,0.6,0.2,-50.6,0.0,12.4,-24.1,9.0,52.4,14.0,0.8,0.6,0.2,66.0,551.5,941.0,1268.0,16.0,2998.5,14.0,0.8,0.5,0.2,65.0,550.0,940.0,1270.0,16.0,3000.0,14.0,0.8,0.5,0.2
1974,2,125.0,30.0,12.0,14.15,15.25,13.94,12.0,2.02,16.0,0.3,0.3,0.3,5.47,9.05,13.4,9.5,12.0,4.54,16.0,0.4,0.3,0.3,3.19,3.78,4.1,3.65,3.0,0.67,16.0,0.7,0.3,0.1,35.8,46.9,64.6,50.1,3.0,21.3,16.0,0.7,0.1,4.77,11.3,13.18,10.09,12.0,4.8,16.0,0.4,0.3,0.3,-6.46,-4.08,3.85,-1.78,12.0,5.23,16.0,0.4,0.3,0.3,-12.01,-9.78,-1.96,-8.31,12.0,5.29,16.0,0.4,0.3,0.3,1017.55,1021.8,1029.94,1022.54,13.0,6.57,16.0,0.4,0.3,0.3,0.0,6.0,8.0,4.7,12.0,3.6,16.0,0.4,0.3,0.3,-63.4,-19.0,42.1,-14.6,12.0,65.2,16.0,0.4,0.3,0.3,-156.6,-113.6,-8.5,-106.6,12.0,97.8,16.0,0.4,0.3,0.3,1.38,3.7,8.68,4.51,11.0,4.12,16.0,0.4,0.3,0.3,9.7,36.9,112.0,55.9,11.0,47.1,16.0,0.4,0.3,0.3,5.23,6.78,8.32,6.78,2.0,3.2,20.0,0.5,0.1,0.1,44.8,61.4,78.0,61.4,2.0,34.4,20.0,0.5,0.1,0.1,-53.2,-31.3,30.8,-16.7,12.0,40.8,16.0,0.4,0.3,0.3,-112.1,-57.3,-27.1,-66.8,12.0,41.1,16.0,0.4,0.3,0.3,-23.1,-13.4,2.8,-10.2,3.0,19.1,16.0,0.7,0.3,0.1,-60.8,-28.3,-14.3,-37.3,3.0,34.9,16.0,0.7,0.3,0.1,-31.7,-30.7,-29.7,-30.7,2.0,2.0,20.0,0.5,0.1,0.1,-70.7,-49.5,-28.4,-49.5,2.0,43.8,20.0,0.5,0.1,0.1,110.5,1477.0,2298.5,1665.0,12.0,1888.5,16.0,0.4,0.3,0.3,110.0,1475.0,2300.0,1665.0,12.0,1890.0,16.0,0.4,0.3,0.3
1974,2,125.0,31.0,11.5,11.7,12.18,11.83,3.0,0.51,10.0,1.0,0.4,0.1,3.1,3.3,10.47,6.7,3.0,6.15,18.0,1.0,0.6,0.1,4.65,4.65,4.65,4.65,1.0,0.0,24.0,1.0,0.6,0.2,100.0,100.0,100.0,100.0,1.0,0.0,24.0,1.0,0.2,18.58,18.75,18.92,18.75,2.0,0.35,24.0,1.0,0.6,0.2,-3.29,-3.26,-3.23,-3.26,2.0,0.06,24.0,1.0,0.6,0.2,-18.63,-18.47,-18.3,-18.47,2.0,0.35,24.0,1.0,0.6,0.2,1020.3,1020.3,1024.6,1022.4,3.0,3.64,18.0,1.0,0.6,0.1,8.0,8.0,8.0,8.0,3.0,0.0,18.0,1.0,0.6,0.1,-62.2,-61.1,-59.9,-61.1,2.0,2.3,24.0,1.0,0.6,0.2,-352.6,-346.3,-340.0,-346.3,2.0,13.1,24.0,1.0,0.6,0.2,,,,,,,,,,,,,,,,,,,,,,,,,,,,,,,,,,,,,,,,,-10.5,-10.2,-10.0,-10.2,2.0,0.5,24.0,1.0,0.6,0.2,-59.5,-58.1,-56.8,-58.1,2.0,2.8,24.0,1.0,0.6,0.2,-15.4,-15.4,-15.4,-15.4,1.0,0.0,24.0,1.0,0.6,0.2,-87.1,-87.1,-87.1,-87.1,1.0,0.0,24.0,1.0,0.6,0.2,,,,,,,,,,,,,,,,,,,,,,,,,,,,,,,,,,,,,,,,
1974,2,125.0,32.0,,,,,,,,,,,,,,,,,,,,,,,,,,,,,,,,,,,,,,,,8.41,12.0,18.0,12.82,5.0,5.09,12.0,0.8,0.5,0.4,-4.09,4.1,6.16,1.43,5.0,5.78,12.0,0.8,0.5,0.4,-16.91,-11.28,6.34,-6.46,5.0,11.97,12.0,0.8,0.5,0.4,1023.0,1026.0,1026.41,1024.73,3.0,2.73,10.0,1.0,0.8,0.4,,,,,,,,,,,,,,,,,,,,,,,,,,,,,,,,,,,,,,,,,,,,,,,,,,,,,,,,,,,,,,,,,,,,,,,,,,,,,,,,,,,,,,,,,,,,,,,,,,,,,,,,,,,,,,,,,,,,,,,,,,,,,,,,,,,,,,,,,,,,,,,,,,,,,,
1974,2,125.0,33.0,10.97,12.2,13.43,12.2,2.0,2.55,6.0,1.0,0.4,0.7,3.09,5.0,8.6,5.96,5.0,4.83,14.0,0.8,0.5,0.6,3.68,3.68,3.69,3.68,2.0,0.01,10.0,1.0,0.8,0.4,67.3,69.6,72.0,69.6,2.0,4.8,10.0,1.0,0.4,7.98,12.3,16.66,12.06,5.0,7.09,14.0,0.8,0.5,0.6,-2.66,0.0,3.12,0.26,5.0,3.38,14.0,0.8,0.5,0.6,-16.0,-12.11,-7.14,-11.35,5.0,7.71,14.0,0.8,0.5,0.6,1021.47,1025.0,1030.22,1025.6,5.0,5.18,14.0,0.8,0.5,0.6,3.0,5.0,6.0,4.5,4.0,1.9,12.0,1.0,0.6,0.6,-43.6,0.0,41.8,-0.8,5.0,54.2,14.0,0.8,0.5,0.6,-276.3,-149.0,-89.7,-180.5,5.0,151.7,14.0,0.8,0.5,0.6,6.56,7.55,8.54,7.55,2.0,2.05,6.0,1.0,0.4,0.7,80.3,91.5,102.8,91.5,2.0,23.3,6.0,1.0,0.4,0.7,4.0,4.0,4.0,4.0,1.0,0.0,2.0,1.0,0.7,0.6,49.2,49.2,49.2,49.2,1.0,0.0,2.0,1.0,0.7,0.6,-13.0,0.0,6.9,-2.7,5.0,11.9,14.0,0.8,0.5,0.6,-78.3,-52.1,-3.5,-44.5,5.0,47.8,14.0,0.8,0.5,0.6,-12.3,-10.5,-8.7,-10.5,2.0,3.7,10.0,1.0,0.8,0.4,-69.8,-59.6,-49.5,-59.6,2.0,21.1,10.0,1.0,0.8,0.4,-8.5,-8.5,-8.5,-8.5,1.0,0.0,2.0,1.0,0.7,0.6,-48.4,-48.4,-48.4,-48.4,1.0,0.0,2.0,1.0,0.7,0.6,1097.5,1861.0,5088.0,3063.5,5.0,3349.0,14.0,0.8,0.5,0.6,1095.0,1860.0,5090.0,3065.0,5.0,3350.0,14.0,0.8,0.5,0.6
1974,2,125.0,34.0,8.0,8.0,8.0,8.0,1.0,0.0,2.0,1.0,0.0,0.6,4.41,7.0,7.0,5.73,3.0,2.19,14.0,1.0,0.3,0.8,3.24,3.24,3.24,3.24,1.0,0.0,2.0,1.0,0.0,0.6,69.2,69.2,69.2,69.2,1.0,0.0,2.0,1.0,0.6,7.52,8.2,10.79,9.13,3.0,2.53,14.0,1.0,0.3,0.8,3.26,7.2,10.48,6.87,3.0,5.3,14.0,1.0,0.3,0.8,-5.51,0.0,0.0,-2.69,3.0,4.66,14.0,1.0,0.3,0.8,1012.03,1012.1,1023.77,1017.77,3.0,9.9,14.0,1.0,0.3,0.8,7.0,7.0,7.0,7.0,1.0,0.0,2.0,1.0,0.0,0.6,24.4,51.8,114.7,69.2,3.0,67.8,14.0,1.0,0.3,0.8,-45.2,0.0,0.0,-22.1,3.0,38.2,14.0,1.0,0.3,0.8,4.8,4.8,4.8,4.8,1.0,0.0,2.0,1.0,0.0,0.6,39.4,39.4,39.4,39.4,1.0,0.0,2.0,1.0,0.0,0.6,3.3,3.3,3.3,3.3,1.0,0.0,2.0,1.0,0.0,0.6,27.1,27.1,27.1,27.1,1.0,0.0,2.0,1.0,0.0,0.6,19.1,50.4,73.3,46.3,3.0,39.9,14.0,1.0,0.3,0.8,-17.6,0.0,0.0,-8.6,3.0,14.9,14.0,1.0,0.3,0.8,4.6,4.6,4.6,4.6,1.0,0.0,2.0,1.0,0.0,0.6,-26.1,-26.1,-26.1,-26.1,1.0,0.0,2.0,1.0,0.0,0.6,4.7,4.7,4.7,4.7,1.0,0.0,2.0,1.0,0.0,0.6,-26.6,-26.6,-26.6,-26.6,1.0,0.0,2.0,1.0,0.0,0.6,430.0,551.5,1354.5,884.0,3.0,736.0,14.0,1.0,0.3,0.8,430.0,550.0,1355.0,885.0,3.0,735.0,14.0,1.0,0.3,0.8
1974,2,126.0,-47.0,12.0,12.0,12.0,12.0,1.0,0.0,22.0,0.0,0.2,0.4,11.0,11.0,11.0,11.0,1.0,0.0,22.0,0.0,0.2,0.4,7.16,7.16,7.16,7.16,1.0,0.0,22.0,0.0,0.2,0.4,87.5,87.5,87.5,87.5,1.0,0.0,22.0,0.0,0.4,6.2,6.2,6.2,6.2,1.0,0.0,22.0,0.0,0.2,0.4,1.08,1.08,1.08,1.08,1.0,0.0,22.0,0.0,0.2,0.4,-6.11,-6.11,-6.11,-6.11,1.0,0.0,22.0,0.0,0.2,0.4,1006.1,1006.1,1006.1,1006.1,1.0,0.0,22.0,0.0,0.2,0.4,8.0,8.0,8.0,8.0,1.0,0.0,22.0,0.0,0.2,0.4,6.7,6.7,6.7,6.7,1.0,0.0,22.0,0.0,0.2,0.4,-37.9,-37.9,-37.9,-37.9,1.0,0.0,22.0,0.0,0.2,0.4,1.0,1.0,1.0,1.0,1.0,0.0,22.0,0.0,0.2,0.4,6.2,6.2,6.2,6.2,1.0,0.0,22.0,0.0,0.2,0.4,1.59,1.59,1.59,1.59,1.0,0.0,22.0,0.0,0.2,0.4,9.9,9.9,9.9,9.9,1.0,0.0,22.0,0.0,0.2,0.4,11.8,11.8,11.8,11.8,1.0,0.0,22.0,0.0,0.2,0.4,-67.2,-67.2,-67.2,-67.2,1.0,0.0,22.0,0.0,0.2,0.4,7.7,7.7,7.7,7.7,1.0,0.0,22.0,0.0,0.2,0.4,-43.7,-43.7,-43.7,-43.7,1.0,0.0,22.0,0.0,0.2,0.4,1.7,1.7,1.7,1.7,1.0,0.0,22.0,0.0,0.2,0.4,-9.7,-9.7,-9.7,-9.7,1.0,0.0,22.0,0.0,0.2,0.4,238.5,238.5,238.5,238.5,1.0,0.0,22.0,0.0,0.2,0.4,240.0,240.0,240.0,240.0,1.0,0.0,22.0,0.0,0.2,0.4
1974,2,126.0,-42.0,14.0,14.0,14.0,14.0,1.0,0.0,12.0,0.0,0.0,0.8,13.0,13.0,13.0,13.0,1.0,0.0,12.0,0.0,0.0,0.8,7.44,7.44,7.44,7.44,1.0,0.0,12.0,0.0,0.0,0.8,80.4,80.4,80.4,80.4,1.0,0.0,12.0,0.0,0.8,5.7,5.7,5.7,5.7,1.0,0.0,12.0,0.0,0.0,0.8,5.36,5.36,5.36,5.36,1.0,0.0,12.0,0.0,0.0,0.8,1.95,1.95,1.95,1.95,1.0,0.0,12.0,0.0,0.0,0.8,1014.5,1014.5,1014.5,1014.5,1.0,0.0,12.0,0.0,0.0,0.8,8.0,8.0,8.0,8.0,1.0,0.0,12.0,0.0,0.0,0.8,30.5,30.5,30.5,30.5,1.0,0.0,12.0,0.0,0.0,0.8,11.1,11.1,11.1,11.1,1.0,0.0,12.0,0.0,0.0,0.8,1.0,1.0,1.0,1.0,1.0,0.0,12.0,0.0,0.0,0.8,5.7,5.7,5.7,5.7,1.0,0.0,12.0,0.0,0.0,0.8,2.46,2.46,2.46,2.46,1.0,0.0,12.0,0.0,0.0,0.8,14.0,14.0,14.0,14.0,1.0,0.0,12.0,0.0,0.0,0.8,69.6,69.6,69.6,69.6,1.0,0.0,12.0,0.0,0.0,0.8,25.3,25.3,25.3,25.3,1.0,0.0,12.0,0.0,0.0,0.8,39.9,39.9,39.9,39.9,1.0,0.0,12.0,0.0,0.0,0.8,14.5,14.5,14.5,14.5,1.0,0.0,12.0,0.0,0.0,0.8,13.2,13.2,13.2,13.2,1.0,0.0,12.0,0.0,0.0,0.8,4.8,4.8,4.8,4.8,1.0,0.0,12.0,0.0,0.0,0.8,185.0,185.0,185.0,185.0,1.0,0.0,12.0,0.0,0.0,0.8,185.0,185.0,185.0,185.0,1.0,0.0,12.0,0.0,0.0,0.8
1974,2,126.0,-40.0,16.5,16.5,16.5,16.5,1.0,0.0,4.0,0.0,0.2,1.0,13.8,13.8,13.8,13.8,1.0,0.0,4.0,0.0,0.2,1.0,7.67,7.67,7.67,7.67,1.0,0.0,4.0,0.0,0.2,1.0,79.4,79.4,79.4,79.4,1.0,0.0,4.0,0.0,1.0,12.3,12.3,12.3,12.3,1.0,0.0,4.0,0.0,0.2,1.0,2.14,2.14,2.14,2.14,1.0,0.0,4.0,0.0,0.2,1.0,12.11,12.11,12.11,12.11,1.0,0.0,4.0,0.0,0.2,1.0,1024.8,1024.8,1024.8,1024.8,1.0,0.0,4.0,0.0,0.2,1.0,7.0,7.0,7.0,7.0,1.0,0.0,4.0,0.0,0.2,1.0,26.3,26.3,26.3,26.3,1.0,0.0,4.0,0.0,0.2,1.0,149.0,149.0,149.0,149.0,1.0,0.0,4.0,0.0,0.2,1.0,2.7,2.7,2.7,2.7,1.0,0.0,4.0,0.0,0.2,1.0,33.2,33.2,33.2,33.2,1.0,0.0,4.0,0.0,0.2,1.0,3.85,3.85,3.85,3.85,1.0,0.0,4.0,0.0,0.2,1.0,47.3,47.3,47.3,47.3,1.0,0.0,4.0,0.0,0.2,1.0,29.5,29.5,29.5,29.5,1.0,0.0,4.0,0.0,0.2,1.0,167.2,167.2,167.2,167.2,1.0,0.0,4.0,0.0,0.2,1.0,16.4,16.4,16.4,16.4,1.0,0.0,4.0,0.0,0.2,1.0,92.9,92.9,92.9,92.9,1.0,0.0,4.0,0.0,0.2,1.0,8.2,8.2,8.2,8.2,1.0,0.0,4.0,0.0,0.2,1.0,46.6,46.6,46.6,46.6,1.0,0.0,4.0,0.0,0.2,1.0,1861.0,1861.0,1861.0,1861.0,1.0,0.0,4.0,0.0,0.2,1.0,1860.0,1860.0,1860.0,1860.0,1.0,0.0,4.0,0.0,0.2,1.0
1974,2,126.0,-39.0,,,,,,,,,,,,,,,,,,,,,,,,,,,,,,,,,,,,,,,,10.3,10.3,10.3,10.3,1.0,0.0,20.0,0.0,0.0,0.7,10.14,10.14,10.14,10.14,1.0,0.0,20.0,0.0,0.0,0.7,1.79,1.79,1.79,1.79,1.0,0.0,20.0,0.0,0.0,0.7,1004.5,1004.5,1004.5,1004.5,1.0,0.0,20.0,0.0,0.0,0.7,8.0,8.0,8.0,8.0,1.0,0.0,20.0,0.0,0.0,0.7,104.5,104.5,104.5,104.5,1.0,0.0,20.0,0.0,0.0,0.7,18.4,18.4,18.4,18.4,1.0,0.0,20.0,0.0,0.0,0.7,,,,,,,,,,,,,,,,,,,,,,,,,,,,,,,,,,,,,,,,,164.3,164.3,164.3,164.3,1.0,0.0,20.0,0.0,0.0,0.7,29.0,29.0,29.0,29.0,1.0,0.0,20.0,0.0,0.0,0.7,102.1,102.1,102.1,102.1,1.0,0.0,20.0,0.0,0.0,0.7,18.0,18.0,18.0,18.0,1.0,0.0,20.0,0.0,0.0,0.7,,,,,,,,,,,,,,,,,,,,,,,,,,,,,,,,,,,,,,,,
1974,2,126.0,-37.0,17.85,18.4,18.9,18.38,9.0,0.7,16.0,0.6,0.4,0.4,16.18,17.6,18.89,17.61,15.0,1.45,14.0,0.5,0.4,0.4,7.47,9.02,12.12,9.53,13.0,2.34,16.0,0.4,0.4,0.4,63.8,74.8,90.6,76.1,13.0,13.1,16.0,0.4,0.4,1.94,4.85,9.11,5.39,12.0,3.87,14.0,0.4,0.4,0.5,0.0,0.0,2.88,0.83,12.0,4.78,14.0,0.4,0.4,0.5,0.0,2.64,6.84,2.78,12.0,3.83,14.0,0.4,0.4,0.5,1009.01,1016.2,1020.87,1015.29,15.0,5.87,14.0,0.5,0.4,0.4,2.7,8.0,8.0,6.3,15.0,2.7,14.0,0.5,0.4,0.4,0.0,0.0,14.8,6.6,12.0,53.3,14.0,0.4,0.4,0.5,0.0,13.4,52.8,21.4,12.0,29.6,14.0,0.4,0.4,0.5,-0.91,1.1,2.25,0.74,9.0,1.69,16.0,0.6,0.4,0.4,-0.2,13.1,18.8,10.3,7.0,11.0,14.0,0.4,0.4,0.5,1.33,3.03,6.03,3.39,9.0,2.47,16.0,0.6,0.4,0.4,5.4,19.2,57.7,30.0,7.0,26.8,14.0,0.4,0.4,0.5,0.0,0.0,46.4,13.6,12.0,85.6,14.0,0.4,0.4,0.5,0.0,48.9,106.6,45.8,12.0,64.5,14.0,0.4,0.4,0.5,0.0,0.0,29.2,3.7,10.0,55.3,16.0,0.3,0.4,0.5,0.0,29.4,51.0,20.5,10.0,37.6,16.0,0.3,0.4,0.5,-0.6,0.0,18.7,10.3,7.0,24.6,14.0,0.4,0.4,0.5,0.0,19.2,45.9,21.0,7.0,22.9,14.0,0.4,0.4,0.5,13.0,115.0,769.0,391.0,12.0,571.0,14.0,0.4,0.4,0.5,15.0,115.0,770.0,390.0,12.0,570.0,14.0,0.4,0.4,0.5
1974,2,126.0,-36.0,17.78,18.9,19.15,18.51,9.0,1.02,16.0,0.6,0.3,0.7,17.29,19.0,20.17,18.75,10.0,1.44,16.0,0.5,0.4,0.7,8.62,10.41,12.41,10.63,9.0,2.06,16.0,0.6,0.3,0.7,68.6,69.8,95.6,78.8,9.0,13.5,16.0,0.6,0.7,4.03,5.4,7.27,5.6,10.0,1.7,16.0,0.5,0.4,0.7,-6.3,-3.11,-0.92,-3.35,10.0,2.48,16.0,0.5,0.4,0.7,-4.15,2.31,3.96,0.38,10.0,4.36,16.0,0.5,0.4,0.7,1008.51,1020.05,1022.67,1017.22,10.0,6.67,16.0,0.5,0.4,0.7,3.9,6.5,7.6,6.0,10.0,1.8,16.0,0.5,0.4,0.7,-42.3,-16.4,-3.7,-20.9,10.0,18.2,16.0,0.5,0.4,0.7,-27.6,8.4,21.9,-2.7,10.0,28.9,16.0,0.5,0.4,0.7,-1.44,-0.5,0.97,-0.32,9.0,1.12,16.0,0.6,0.3,0.7,-7.8,-3.2,3.9,-2.4,9.0,5.8,16.0,0.6,0.3,0.7,0.96,3.12,4.45,2.59,9.0,1.83,16.0,0.6,0.3,0.7,6.7,14.3,21.1,13.8,9.0,9.4,16.0,0.6,0.3,0.7,-120.0,-64.4,-17.2,-64.1,10.0,47.9,16.0,0.5,0.4,0.7,-84.2,39.9,72.5,4.4,10.0,83.8,16.0,0.5,0.4,0.7,-62.4,-26.5,-6.9,-35.4,9.0,30.8,16.0,0.6,0.3,0.7,-49.0,23.6,42.0,-1.2,9.0,52.1,16.0,0.6,0.3,0.7,-16.5,-5.9,-1.9,-8.7,9.0,8.7,16.0,0.6,0.3,0.7,-8.7,0.0,14.0,2.4,9.0,11.5,16.0,0.6,0.3,0.7,68.5,159.0,390.0,220.0,10.0,177.5,16.0,0.5,0.4,0.7,70.0,160.0,390.0,220.0,10.0,180.0,16.0,0.5,0.4,0.7
1974,2,126.0,-34.0,,,,,,,,,,,,,,,,,,,,,,,,,,,,,,,,,,,,,,,,8.0,8.0,8.0,8.0,1.0,0.0,8.0,1.0,0.5,0.2,7.88,7.88,7.88,7.88,1.0,0.0,8.0,1.0,0.5,0.2,1.39,1.39,1.39,1.39,1.0,0.0,8.0,1.0,0.5,0.2,1014.0,1014.0,1014.0,1014.0,1.0,0.0,8.0,1.0,0.5,0.2,,,,,,,,,,,,,,,,,,,,,,,,,,,,,,,,,,,,,,,,,,,,,,,,,,,,,,,,,,,,,,,,,,,,,,,,,,,,,,,,,,,,,,,,,,,,,,,,,,,,,,,,,,,,,,,,,,,,,,,,,,,,,,,,,,,,,,,,,,,,,,,,,,,,,,
1974,2,126.0,-14.0,27.49,27.8,27.9,27.7,4.0,0.35,14.0,0.5,0.3,0.7,27.48,28.0,28.58,28.03,4.0,0.86,14.0,0.5,0.3,0.7,18.43,19.27,19.88,19.16,4.0,0.86,14.0,0.5,0.3,0.7,78.3,79.8,82.5,80.4,4.0,2.7,14.0,0.5,0.7,3.81,4.6,7.32,5.53,4.0,2.94,14.0,0.5,0.3,0.7,3.46,4.46,6.64,5.02,4.0,2.46,14.0,0.5,0.3,0.7,-2.57,0.78,1.56,-0.44,4.0,3.06,14.0,0.5,0.3,0.7,1003.16,1004.95,1006.0,1004.6,4.0,1.75,14.0,0.5,0.3,0.7,4.4,6.5,7.0,5.8,4.0,1.9,14.0,0.5,0.3,0.7,13.8,20.5,53.6,33.1,4.0,33.9,14.0,0.5,0.3,0.7,-25.2,2.4,6.1,-9.0,4.0,26.2,14.0,0.5,0.3,0.7,-0.96,-0.5,0.32,-0.32,4.0,0.84,14.0,0.5,0.3,0.7,-6.8,-1.7,1.5,-2.6,4.0,6.0,14.0,0.5,0.3,0.7,3.4,4.49,5.16,4.29,4.0,1.13,14.0,0.5,0.3,0.7,15.4,23.7,32.5,23.9,4.0,12.7,14.0,0.5,0.3,0.7,94.9,122.8,190.7,141.9,4.0,73.7,14.0,0.5,0.3,0.7,-74.7,21.2,43.0,-14.2,4.0,88.0,14.0,0.5,0.3,0.7,65.4,82.3,129.1,96.6,4.0,49.8,14.0,0.5,0.3,0.7,-50.9,14.3,29.8,-9.4,4.0,60.2,14.0,0.5,0.3,0.7,14.8,23.0,29.0,21.9,4.0,11.0,14.0,0.5,0.3,0.7,-10.4,2.2,6.5,-1.8,4.0,12.5,14.0,0.5,0.3,0.7,62.0,97.5,539.5,291.5,4.0,434.5,14.0,0.5,0.3,0.7,60.0,95.0,540.0,290.0,4.0,435.0,14.0,0.5,0.3,0.7
1974,2,126.0,-9.0,27.5,28.25,29.32,28.4,4.0,1.09,16.0,0.0,0.3,0.9,27.13,27.2,27.37,27.24,5.0,0.18,18.0,0.0,0.2,0.8,19.51,20.17,21.54,20.49,5.0,1.13,18.0,0.0,0.2,0.8,85.0,88.8,95.4,90.2,5.0,5.8,18.0,0.0,0.8,3.23,5.1,7.33,5.36,5.0,2.6,18.0,0.0,0.2,0.8,3.22,5.02,6.82,5.07,5.0,2.15,18.0,0.0,0.2,0.8,-2.38,-0.89,-0.29,-1.41,5.0,1.86,18.0,0.0,0.2,0.8,1005.69,1006.4,1007.3,1006.46,5.0,0.83,18.0,0.0,0.2,0.8,3.6,7.0,7.4,5.8,5.0,2.2,18.0,0.0,0.2,0.8,10.7,25.6,51.4,31.6,5.0,27.0,18.0,0.0,0.2,0.8,-20.0,-4.5,-0.7,-11.1,5.0,18.2,18.0,0.0,0.2,0.8,0.25,1.0,1.96,1.1,4.0,1.0,16.0,0.0,0.3,0.9,1.0,6.0,15.7,8.3,4.0,9.3,16.0,0.0,0.3,0.9,3.31,3.84,5.39,4.33,4.0,1.71,16.0,0.0,0.3,0.9,13.2,21.7,44.4,28.5,4.0,24.1,16.0,0.0,0.3,0.9,87.1,137.1,186.3,138.3,5.0,59.4,18.0,0.0,0.2,0.8,-65.3,-24.2,-7.8,-38.7,5.0,51.1,18.0,0.0,0.2,0.8,69.2,97.5,139.9,103.2,5.0,41.6,18.0,0.0,0.2,0.8,-47.7,-17.2,-5.8,-28.0,5.0,36.2,18.0,0.0,0.2,0.8,13.0,21.4,39.8,26.2,4.0,20.2,16.0,0.0,0.3,0.9,-18.5,-3.8,-2.3,-10.1,4.0,14.4,16.0,0.0,0.3,0.9,36.0,132.5,445.0,248.0,5.0,322.5,18.0,0.0,0.2,0.8,35.0,135.0,445.0,250.0,5.0,325.0,18.0,0.0,0.2,0.8
1974,2,126.0,-6.0,28.0,28.0,28.07,28.03,3.0,0.06,4.0,0.3,0.5,0.6,26.0,26.0,26.96,26.47,3.0,0.81,4.0,0.3,0.5,0.6,17.98,18.73,18.73,18.36,3.0,0.64,4.0,0.3,0.5,0.6,80.7,88.7,88.7,84.8,3.0,6.8,4.0,0.3,0.6,5.1,5.1,5.1,5.1,3.0,0.0,4.0,0.3,0.5,0.6,4.89,5.1,5.1,5.0,3.0,0.18,4.0,0.3,0.5,0.6,-1.19,0.0,0.0,-0.58,3.0,1.01,4.0,0.3,0.5,0.6,1006.43,1006.7,1006.7,1006.57,3.0,0.23,4.0,0.3,0.5,0.6,6.3,7.0,7.0,6.7,3.0,0.6,4.0,0.3,0.5,0.6,24.9,26.0,26.0,25.5,3.0,0.9,4.0,0.3,0.5,0.6,-6.1,0.0,0.0,-3.0,3.0,5.1,4.0,0.3,0.5,0.6,1.11,2.0,2.0,1.57,3.0,0.75,4.0,0.3,0.5,0.6,5.7,10.2,10.2,8.0,3.0,3.8,4.0,0.3,0.5,0.6,5.08,5.08,5.94,5.5,3.0,0.72,4.0,0.3,0.5,0.6,25.9,25.9,30.3,28.1,3.0,3.7,4.0,0.3,0.5,0.6,131.7,132.6,132.6,132.2,3.0,0.7,4.0,0.3,0.5,0.6,-32.6,0.0,0.0,-15.9,3.0,27.6,4.0,0.3,0.5,0.6,88.0,95.5,95.5,91.8,3.0,6.4,4.0,0.3,0.5,0.6,-21.0,0.0,0.0,-10.2,3.0,17.8,4.0,0.3,0.5,0.6,25.9,25.9,29.0,27.4,3.0,2.6,4.0,0.3,0.5,0.6,-7.5,0.0,0.0,-3.7,3.0,6.4,4.0,0.3,0.5,0.6,132.5,132.5,132.5,132.5,3.0,0.0,4.0,0.3,0.5,0.6,135.0,135.0,135.0,135.0,3.0,0.0,4.0,0.3,0.5,0.6
1974,2,126.0,-4.0,28.05,28.15,28.25,28.15,2.0,0.21,18.0,1.0,0.1,1.0,26.79,28.5,29.32,28.07,3.0,1.89,16.0,0.7,0.1,1.0,18.38,18.42,18.46,18.42,2.0,0.09,18.0,1.0,0.1,1.0,71.4,73.0,74.5,73.0,2.0,3.3,18.0,1.0,1.0,0.83,2.6,4.31,2.57,3.0,2.55,16.0,0.7,0.1,1.0,-1.77,0.0,3.48,0.83,3.0,3.92,16.0,0.7,0.1,1.0,0.0,0.0,0.0,0.0,3.0,0.0,16.0,0.7,0.1,1.0,1008.16,1008.5,1009.52,1008.83,3.0,1.04,16.0,0.7,0.1,1.0,3.3,4.0,6.0,4.7,3.0,2.1,16.0,0.7,0.1,1.0,-4.6,0.0,17.8,6.4,3.0,17.3,16.0,0.7,0.1,1.0,0.0,0.0,0.0,0.0,3.0,0.0,16.0,0.7,0.1,1.0,-1.26,-0.95,-0.64,-0.95,2.0,0.64,18.0,1.0,0.1,1.0,-3.1,-1.8,-0.6,-1.8,2.0,2.6,18.0,1.0,0.1,1.0,5.46,5.57,5.68,5.57,2.0,0.22,18.0,1.0,0.1,1.0,2.4,7.4,12.5,7.4,2.0,10.5,18.0,1.0,0.1,1.0,-52.7,0.0,90.5,18.5,3.0,106.1,16.0,0.7,0.1,1.0,0.0,0.0,0.0,0.0,3.0,0.0,16.0,0.7,0.1,1.0,-40.4,-24.0,-7.6,-24.0,2.0,34.0,18.0,1.0,0.1,1.0,0.0,0.0,0.0,0.0,2.0,0.0,18.0,1.0,0.1,1.0,-12.5,-7.4,-2.4,-7.4,2.0,10.5,18.0,1.0,0.1,1.0,0.0,0.0,0.0,0.0,2.0,0.0,18.0,1.0,0.1,1.0,5.5,17.5,96.0,50.0,3.0,72.0,16.0,0.7,0.1,1.0,5.0,20.0,95.0,50.0,3.0,70.0,16.0,0.7,0.1,1.0
1974,2,126.0,-3.0,27.0,28.0,29.0,28.2,9.0,1.31,14.0,0.6,0.2,0.5,27.0,27.35,28.16,27.55,10.0,0.86,14.0,0.4,0.2,0.5,17.22,18.48,20.14,18.75,9.0,1.76,16.0,0.4,0.2,0.4,78.2,79.3,84.8,80.6,9.0,4.5,16.0,0.4,0.4,2.6,4.1,5.44,4.11,10.0,2.32,14.0,0.5,0.2,0.5,0.38,1.75,3.93,2.05,10.0,2.12,14.0,0.5,0.2,0.5,-4.14,-2.5,-0.42,-2.78,10.0,2.53,14.0,0.5,0.2,0.5,1005.73,1007.8,1009.41,1007.55,11.0,1.96,14.0,0.5,0.3,0.5,4.0,5.5,7.6,5.7,10.0,1.8,14.0,0.5,0.2,0.5,1.0,7.4,20.0,9.9,10.0,11.6,14.0,0.5,0.2,0.5,-19.9,-9.3,-1.9,-15.6,10.0,21.9,14.0,0.5,0.2,0.5,-0.68,0.75,1.94,0.66,8.0,1.27,14.0,0.5,0.2,0.4,-2.1,3.2,7.6,3.3,8.0,4.9,14.0,0.5,0.2,0.4,4.01,5.06,7.03,5.46,8.0,1.66,14.0,0.5,0.2,0.4,12.0,24.8,32.0,21.2,8.0,12.1,14.0,0.5,0.2,0.4,6.5,54.2,111.4,57.5,9.0,63.0,16.0,0.4,0.2,0.4,-103.6,-66.0,-7.6,-59.6,9.0,45.3,16.0,0.4,0.2,0.4,4.2,33.2,75.4,38.0,9.0,43.1,16.0,0.4,0.2,0.4,-72.5,-42.7,-5.1,-41.7,9.0,33.5,16.0,0.4,0.2,0.4,0.5,15.3,25.8,13.6,8.0,14.3,14.0,0.5,0.2,0.4,-22.3,-9.6,-0.5,-11.2,8.0,9.8,14.0,0.5,0.2,0.4,17.5,72.0,162.5,132.0,10.0,195.0,14.0,0.5,0.2,0.5,20.0,70.0,165.0,130.0,10.0,195.0,14.0,0.5,0.2,0.5
1974,2,126.0,-2.0,27.59,28.0,30.0,28.63,11.0,1.36,14.0,0.5,0.6,0.7,26.0,27.0,30.22,27.55,13.0,2.04,16.0,0.5,0.6,0.7,17.84,18.79,19.62,18.84,12.0,1.45,16.0,0.5,0.6,0.8,72.7,82.6,89.6,81.6,12.0,8.6,16.0,0.5,0.8,2.19,5.55,8.61,5.38,12.0,3.24,16.0,0.4,0.6,0.7,0.85,1.79,2.94,1.85,12.0,1.09,16.0,0.4,0.6,0.7,-8.2,-5.03,-1.91,-4.87,12.0,3.37,16.0,0.4,0.6,0.7,1005.5,1006.7,1009.22,1007.07,13.0,2.11,16.0,0.5,0.6,0.7,5.0,7.0,8.0,6.2,13.0,1.5,16.0,0.5,0.6,0.7,1.1,12.7,19.4,11.5,12.0,8.2,16.0,0.4,0.6,0.7,-71.2,-28.2,-5.0,-36.1,12.0,35.3,16.0,0.4,0.6,0.7,-1.09,2.0,2.21,0.87,11.0,1.78,14.0,0.5,0.6,0.7,-5.7,7.0,11.2,4.5,10.0,11.9,14.0,0.5,0.6,0.7,4.2,5.12,7.85,5.69,10.0,1.83,14.0,0.6,0.6,0.8,10.6,21.2,35.3,26.9,9.0,22.3,14.0,0.6,0.6,0.7,22.9,46.8,86.2,50.2,12.0,29.3,16.0,0.4,0.6,0.7,-241.0,-131.3,-50.8,-134.6,12.0,95.0,16.0,0.4,0.6,0.7,14.4,32.1,59.6,35.1,11.0,22.2,16.0,0.5,0.6,0.7,-162.9,-80.5,-27.0,-92.2,11.0,67.1,16.0,0.5,0.6,0.7,6.5,10.6,13.4,9.7,9.0,4.7,14.0,0.6,0.6,0.7,-34.3,-18.3,-3.5,-23.7,9.0,23.5,14.0,0.6,0.6,0.7,13.5,174.5,650.5,308.0,12.0,369.5,16.0,0.4,0.6,0.7,15.0,175.0,650.0,310.0,12.0,370.0,16.0,0.4,0.6,0.7
1974,2,126.0,-1.0,27.85,28.0,28.45,28.31,9.0,1.09,12.0,0.1,0.7,0.5,25.87,27.0,28.0,27.16,12.0,1.51,12.0,0.2,0.7,0.5,18.05,18.81,20.67,19.0,9.0,1.45,12.0,0.1,0.7,0.5,80.5,82.0,88.7,83.8,9.0,5.3,12.0,0.1,0.5,1.11,4.6,7.77,4.58,10.0,3.28,12.0,0.2,0.7,0.5,0.0,2.31,4.02,2.26,10.0,1.96,12.0,0.2,0.7,0.5,-7.1,-2.3,0.0,-2.69,10.0,4.06,12.0,0.2,0.7,0.5,1005.85,1006.8,1008.28,1007.02,12.0,1.44,12.0,0.2,0.7,0.5,5.0,7.0,8.0,6.3,12.0,2.6,12.0,0.2,0.7,0.5,0.0,12.6,26.5,14.2,10.0,13.8,12.0,0.2,0.7,0.5,-54.5,-6.0,0.0,-18.5,10.0,34.2,12.0,0.2,0.7,0.5,0.55,1.3,2.44,1.1,9.0,1.6,12.0,0.1,0.7,0.5,0.0,4.4,9.1,6.0,8.0,10.3,10.0,0.1,0.7,0.5,4.38,4.96,6.84,5.29,9.0,1.32,12.0,0.1,0.7,0.5,1.0,17.4,38.3,21.5,8.0,22.7,10.0,0.1,0.7,0.5,0.0,64.3,104.6,61.5,10.0,53.1,12.0,0.2,0.7,0.5,-186.9,-66.8,0.0,-72.7,10.0,110.6,12.0,0.2,0.7,0.5,0.0,46.4,66.5,37.8,8.0,33.8,10.0,0.1,0.7,0.5,-100.9,-45.3,-1.6,-57.9,8.0,62.5,10.0,0.1,0.7,0.5,0.0,9.3,20.2,10.2,8.0,10.0,10.0,0.1,0.7,0.5,-32.9,-10.7,-0.4,-17.4,8.0,21.9,10.0,0.1,0.7,0.5,7.5,97.5,475.0,226.0,10.0,277.0,12.0,0.2,0.7,0.5,10.0,95.0,475.0,225.0,10.0,275.0,12.0,0.2,0.7,0.5
1974,2,126.0,0.0,27.98,28.3,29.21,28.58,6.0,0.82,18.0,0.5,0.5,0.6,26.0,26.6,27.42,26.76,9.0,1.36,20.0,0.6,0.6,0.5,17.39,17.97,19.42,18.32,7.0,0.97,20.0,0.7,0.6,0.5,75.4,81.1,92.2,82.3,7.0,8.6,20.0,0.7,0.5,0.45,5.4,7.18,4.8,8.0,3.41,20.0,0.6,0.6,0.5,0.0,1.03,3.06,1.73,8.0,2.23,20.0,0.6,0.6,0.5,-6.69,-3.58,-0.29,-4.05,8.0,3.3,20.0,0.6,0.6,0.5,1005.72,1007.2,1008.22,1007.11,9.0,1.35,20.0,0.6,0.6,0.5,6.0,7.0,8.0,6.8,9.0,1.3,20.0,0.6,0.6,0.5,0.0,4.2,16.3,10.4,8.0,15.5,20.0,0.6,0.6,0.5,-45.9,-20.2,-1.2,-28.6,8.0,29.5,20.0,0.6,0.6,0.5,0.5,1.6,3.41,1.75,6.0,2.26,18.0,0.5,0.5,0.6,2.9,8.2,25.6,13.4,5.0,13.7,18.0,0.6,0.5,0.5,4.39,5.83,7.43,5.92,5.0,1.56,18.0,0.6,0.5,0.6,8.6,23.9,41.2,24.8,4.0,21.6,18.0,0.8,0.5,0.6,0.0,28.2,79.5,45.3,8.0,58.0,20.0,0.6,0.6,0.5,-170.6,-95.6,-7.6,-105.7,8.0,86.3,20.0,0.6,0.6,0.5,0.0,0.0,40.9,16.1,6.0,26.2,18.0,0.8,0.6,0.5,-135.8,-56.5,0.0,-68.0,6.0,67.7,18.0,0.8,0.6,0.5,0.0,6.9,14.4,7.2,4.0,8.3,18.0,0.8,0.5,0.6,-39.3,-18.7,-5.5,-22.2,4.0,22.2,18.0,0.8,0.5,0.6,7.5,185.0,370.0,245.0,8.0,273.5,20.0,0.6,0.6,0.5,10.0,185.0,370.0,245.0,8.0,275.0,20.0,0.6,0.6,0.5
1974,2,126.0,1.0,27.13,30.0,30.68,29.14,5.0,1.9,16.0,0.6,0.7,0.5,26.19,27.5,29.21,27.58,6.0,1.8,14.0,0.7,0.7,0.5,18.92,19.46,21.98,20.51,5.0,2.71,16.0,0.6,0.7,0.5,80.7,92.6,96.3,89.0,5.0,10.4,16.0,0.6,0.5,3.87,5.1,7.33,5.56,5.0,2.46,16.0,0.6,0.7,0.5,-0.57,1.61,3.3,1.31,5.0,2.82,16.0,0.6,0.7,0.5,-6.75,-5.02,0.29,-3.75,5.0,4.13,16.0,0.6,0.7,0.5,1006.03,1008.35,1009.62,1007.93,6.0,1.94,14.0,0.7,0.7,0.5,7.6,8.0,8.0,7.7,6.0,0.8,14.0,0.7,0.7,0.5,-4.2,6.8,17.1,5.6,5.0,15.3,16.0,0.6,0.7,0.5,-52.2,-25.6,1.3,-28.1,5.0,35.7,16.0,0.6,0.7,0.5,0.63,2.0,2.37,1.64,5.0,1.04,16.0,0.6,0.7,0.5,3.7,7.8,12.6,8.5,5.0,6.2,16.0,0.6,0.7,0.5,2.93,3.7,7.87,5.05,5.0,2.67,16.0,0.6,0.7,0.5,16.6,20.0,33.7,24.8,5.0,10.8,16.0,0.6,0.7,0.5,-13.1,46.8,85.9,34.9,5.0,73.0,16.0,0.6,0.7,0.5,-192.6,-142.3,7.3,-107.7,5.0,118.2,16.0,0.6,0.7,0.5,-11.8,40.8,62.4,26.0,5.0,55.0,16.0,0.6,0.7,0.5,-153.0,-97.7,5.5,-84.4,5.0,99.2,16.0,0.6,0.7,0.5,0.3,7.2,18.0,8.2,5.0,11.0,16.0,0.6,0.7,0.5,-33.2,-13.7,1.1,-16.1,5.0,18.8,16.0,0.6,0.7,0.5,68.0,132.5,445.0,258.0,5.0,315.5,16.0,0.6,0.7,0.5,70.0,135.0,445.0,260.0,5.0,315.0,16.0,0.6,0.7,0.5
1974,2,126.0,2.0,27.56,28.0,29.92,28.62,5.0,1.6,14.0,1.0,0.8,0.4,26.93,27.4,28.05,27.54,5.0,0.86,14.0,1.0,0.8,0.4,18.68,19.63,21.78,20.15,5.0,1.69,14.0,1.0,0.8,0.4,84.0,85.2,90.5,87.0,5.0,4.0,14.0,1.0,0.4,2.19,5.9,8.3,5.28,4.0,4.01,12.0,1.0,0.8,0.3,-1.29,0.0,1.85,0.27,4.0,2.46,12.0,1.0,0.8,0.3,-8.09,-4.86,-1.41,-4.76,4.0,4.1,12.0,1.0,0.8,0.3,1005.94,1007.8,1008.61,1007.36,5.0,1.45,14.0,1.0,0.8,0.4,5.5,7.0,7.4,6.4,5.0,1.9,14.0,1.0,0.8,0.4,-9.3,0.0,8.5,-0.4,4.0,13.9,12.0,1.0,0.8,0.3,-68.5,-31.2,-6.5,-37.2,4.0,38.7,12.0,1.0,0.8,0.3,0.32,1.0,1.94,1.08,5.0,0.87,14.0,1.0,0.8,0.4,2.2,9.1,16.3,9.2,4.0,8.5,12.0,1.0,0.8,0.3,3.93,4.33,5.4,4.61,5.0,0.93,14.0,1.0,0.8,0.4,11.1,27.3,43.8,27.5,4.0,22.8,12.0,1.0,0.8,0.3,-35.3,0.0,49.8,6.9,4.0,66.9,12.0,1.0,0.8,0.3,-229.6,-132.6,-38.0,-133.7,4.0,118.2,12.0,1.0,0.8,0.3,-27.6,0.0,34.6,3.3,4.0,48.6,12.0,1.0,0.8,0.3,-178.2,-100.2,-26.4,-102.2,4.0,92.6,12.0,1.0,0.8,0.3,-5.6,0.0,9.4,1.8,4.0,11.9,12.0,1.0,0.8,0.3,-42.9,-22.2,-7.2,-24.9,4.0,23.5,12.0,1.0,0.8,0.3,46.5,235.5,599.0,318.5,4.0,360.5,12.0,1.0,0.8,0.3,45.0,235.0,600.0,320.0,4.0,360.0,12.0,1.0,0.8,0.3
1974,2,126.0,3.0,,,,,,,,,,,,,,,,,,,,,,,,,,,,,,,,,,,,,,,,5.1,5.1,5.1,5.1,1.0,0.0,4.0,1.0,0.6,0.4,-4.79,-4.79,-4.79,-4.79,1.0,0.0,4.0,1.0,0.6,0.4,-1.74,-1.74,-1.74,-1.74,1.0,0.0,4.0,1.0,0.6,0.4,1011.0,1011.0,1011.0,1011.0,1.0,0.0,4.0,1.0,0.6,0.4,,,,,,,,,,,,,,,,,,,,,,,,,,,,,,,,,,,,,,,,,,,,,,,,,,,,,,,,,,,,,,,,,,,,,,,,,,,,,,,,,,,,,,,,,,,,,,,,,,,,,,,,,,,,,,,,,,,,,,,,,,,,,,,,,,,,,,,,,,,,,,,,,,,,,,
1974,2,126.0,4.0,27.8,27.8,27.8,27.8,1.0,0.0,16.0,1.0,0.8,0.6,26.51,27.6,28.69,27.6,2.0,2.26,10.0,0.5,0.6,0.7,18.17,18.17,18.17,18.17,1.0,0.0,16.0,1.0,0.8,0.6,71.4,71.4,71.4,71.4,1.0,0.0,16.0,1.0,0.6,3.0,3.85,4.7,3.85,2.0,1.77,10.0,0.5,0.6,0.7,-4.24,-3.05,-1.85,-3.05,2.0,2.47,10.0,0.5,0.6,0.7,-2.17,-2.0,-1.82,-2.0,2.0,0.36,10.0,0.5,0.6,0.7,1007.05,1008.65,1010.25,1008.65,2.0,3.32,10.0,0.5,0.6,0.7,2.6,4.0,5.4,4.0,2.0,2.8,10.0,0.5,0.6,0.7,-21.1,-13.9,-6.7,-13.9,2.0,14.9,10.0,0.5,0.6,0.7,-8.4,-7.4,-6.3,-7.4,2.0,2.2,10.0,0.5,0.6,0.7,-1.4,-1.4,-1.4,-1.4,1.0,0.0,16.0,1.0,0.8,0.6,-3.6,-3.6,-3.6,-3.6,1.0,0.0,16.0,1.0,0.8,0.6,5.37,5.37,5.37,5.37,1.0,0.0,16.0,1.0,0.8,0.6,14.0,14.0,14.0,14.0,1.0,0.0,16.0,1.0,0.8,0.6,-110.9,-81.3,-51.7,-81.3,2.0,61.3,10.0,0.5,0.6,0.7,-62.5,-55.6,-48.6,-55.6,2.0,14.4,10.0,0.5,0.6,0.7,-23.6,-23.6,-23.6,-23.6,1.0,0.0,16.0,1.0,0.8,0.6,-40.9,-40.9,-40.9,-40.9,1.0,0.0,16.0,1.0,0.8,0.6,-7.0,-7.0,-7.0,-7.0,1.0,0.0,16.0,1.0,0.8,0.6,-12.1,-12.1,-12.1,-12.1,1.0,0.0,16.0,1.0,0.8,0.6,36.0,75.0,114.5,75.0,2.0,81.5,10.0,0.5,0.6,0.7,35.0,75.0,115.0,75.0,2.0,80.0,10.0,0.5,0.6,0.7
1974,2,126.0,5.0,27.1,27.75,28.4,27.75,2.0,1.34,14.0,0.5,0.0,0.8,25.06,25.2,28.82,26.9,3.0,3.12,18.0,0.3,0.2,0.5,17.57,19.29,19.3,18.45,3.0,1.46,18.0,0.3,0.2,0.5,74.8,84.5,92.3,83.6,3.0,12.8,18.0,0.3,0.5,1.67,3.1,3.1,2.4,3.0,1.21,18.0,0.3,0.2,0.5,0.34,1.06,2.17,1.25,3.0,1.35,18.0,0.3,0.2,0.5,-2.31,-1.0,0.74,-0.79,3.0,2.24,18.0,0.3,0.2,0.5,1006.92,1007.4,1007.6,1007.27,3.0,0.51,18.0,0.3,0.2,0.5,4.6,6.0,7.4,6.0,3.0,2.0,18.0,0.3,0.2,0.5,1.0,3.3,6.7,3.9,3.0,4.2,18.0,0.3,0.2,0.5,-6.5,-1.0,3.0,-1.7,3.0,6.9,18.0,0.3,0.2,0.5,-1.26,-0.1,1.06,-0.1,2.0,2.4,14.0,0.5,0.0,0.8,-0.7,1.6,3.9,1.6,2.0,4.8,14.0,0.5,0.0,0.8,3.28,4.19,5.09,4.19,2.0,1.87,14.0,0.5,0.0,0.8,6.0,7.2,8.3,7.2,2.0,2.4,14.0,0.5,0.0,0.8,8.5,26.7,54.3,31.3,3.0,33.8,18.0,0.3,0.2,0.5,-59.8,-30.5,16.8,-21.7,3.0,56.6,18.0,0.3,0.2,0.5,6.5,20.5,37.2,21.8,3.0,22.5,18.0,0.3,0.2,0.5,-44.5,-19.3,11.6,-16.5,3.0,41.2,18.0,0.3,0.2,0.5,0.5,1.5,2.6,1.5,2.0,2.1,14.0,0.5,0.0,0.8,-7.9,-6.9,-6.0,-6.9,2.0,2.0,14.0,0.5,0.0,0.8,10.0,30.0,30.0,20.0,3.0,16.5,18.0,0.3,0.2,0.5,10.0,30.0,30.0,20.0,3.0,15.0,18.0,0.3,0.2,0.5
1974,2,126.0,6.0,26.27,26.85,27.43,26.85,2.0,1.2,12.0,0.0,0.6,0.1,26.71,26.95,27.19,26.95,2.0,0.49,12.0,0.0,0.6,0.1,18.67,18.81,18.95,18.81,2.0,0.29,12.0,0.0,0.6,0.1,83.9,84.4,84.9,84.4,2.0,1.0,12.0,0.0,0.1,7.28,7.45,7.62,7.45,2.0,0.35,12.0,0.0,0.6,0.1,-4.55,-3.71,-2.86,-3.71,2.0,1.76,12.0,0.0,0.6,0.1,-6.63,-6.33,-6.04,-6.33,2.0,0.61,12.0,0.0,0.6,0.1,1007.9,1008.75,1009.6,1008.75,2.0,1.77,12.0,0.0,0.6,0.1,2.5,3.5,4.5,3.5,2.0,2.1,12.0,0.0,0.6,0.1,-34.9,-27.9,-21.0,-27.9,2.0,14.4,12.0,0.0,0.6,0.1,-48.2,-47.1,-45.9,-47.1,2.0,2.3,12.0,0.0,0.6,0.1,-0.44,-0.1,0.24,-0.1,2.0,0.71,12.0,0.0,0.6,0.1,-3.4,-0.9,1.7,-0.9,2.0,5.3,12.0,0.0,0.6,0.1,2.8,3.41,4.02,3.41,2.0,1.26,12.0,0.0,0.6,0.1,21.2,25.2,29.1,25.2,2.0,8.2,12.0,0.0,0.6,0.1,-121.4,-99.4,-77.5,-99.4,2.0,45.6,12.0,0.0,0.6,0.1,-180.3,-170.8,-161.3,-170.8,2.0,19.7,12.0,0.0,0.6,0.1,-84.9,-69.4,-54.0,-69.4,2.0,32.0,12.0,0.0,0.6,0.1,-125.6,-119.2,-112.7,-119.2,2.0,13.4,12.0,0.0,0.6,0.1,-12.2,-11.5,-10.9,-11.5,2.0,1.3,12.0,0.0,0.6,0.1,-26.9,-22.0,-17.1,-22.0,2.0,10.1,12.0,0.0,0.6,0.1,386.5,415.0,443.5,415.0,2.0,59.0,12.0,0.0,0.6,0.1,385.0,415.0,445.0,415.0,2.0,60.0,12.0,0.0,0.6,0.1
1974,2,126.0,7.0,27.03,27.1,27.17,27.1,2.0,0.14,14.0,0.0,0.8,0.6,25.57,27.0,27.0,26.3,3.0,1.21,10.0,0.0,0.8,0.4,19.08,19.2,19.33,19.2,2.0,0.25,14.0,0.0,0.8,0.6,87.3,91.7,96.2,91.7,2.0,9.2,14.0,0.0,0.6,5.45,6.2,9.0,7.2,3.0,2.74,10.0,0.0,0.8,0.4,-6.91,-4.79,1.72,-2.64,3.0,6.59,10.0,0.0,0.8,0.4,-5.78,-3.99,-2.46,-4.12,3.0,2.44,10.0,0.0,0.8,0.4,1009.0,1009.2,1010.43,1009.7,3.0,1.14,10.0,0.0,0.8,0.4,5.0,7.0,7.7,6.3,3.0,2.1,10.0,0.0,0.8,0.4,-63.2,-24.4,12.3,-25.4,3.0,55.4,10.0,0.0,0.8,0.4,-54.4,-24.7,-13.9,-33.9,3.0,30.7,10.0,0.0,0.8,0.4,0.5,1.15,1.8,1.15,2.0,1.34,14.0,0.0,0.8,0.6,4.5,11.4,18.4,11.4,2.0,14.4,14.0,0.0,0.8,0.6,3.11,3.32,3.53,3.32,2.0,0.44,14.0,0.0,0.8,0.6,23.8,26.7,29.6,26.7,2.0,6.0,14.0,0.0,0.8,0.6,-175.2,-129.4,46.5,-65.9,3.0,171.4,10.0,0.0,0.8,0.4,-146.7,-107.6,-66.3,-106.5,3.0,58.9,10.0,0.0,0.8,0.4,-114.3,-31.3,51.8,-31.3,2.0,172.0,14.0,0.0,0.8,0.6,-120.0,-102.1,-84.2,-102.1,2.0,37.1,14.0,0.0,0.8,0.6,-17.2,-3.3,10.7,-3.3,2.0,29.0,14.0,0.0,0.8,0.6,-19.0,-17.2,-15.3,-17.2,2.0,3.9,14.0,0.0,0.8,0.6,166.0,238.5,821.5,488.0,3.0,526.5,10.0,0.0,0.8,0.4,165.0,240.0,820.0,490.0,3.0,525.0,10.0,0.0,0.8,0.4
1974,2,126.0,8.0,28.3,28.3,28.3,28.3,1.0,0.0,18.0,1.0,0.9,0.4,28.5,28.5,28.5,28.5,1.0,0.0,18.0,1.0,0.9,0.4,19.09,19.09,19.09,19.09,1.0,0.0,18.0,1.0,0.9,0.4,78.5,78.5,78.5,78.5,1.0,0.0,18.0,1.0,0.4,7.7,7.7,7.7,7.7,1.0,0.0,18.0,1.0,0.9,0.4,-7.7,-7.7,-7.7,-7.7,1.0,0.0,18.0,1.0,0.9,0.4,0.0,0.0,0.0,0.0,1.0,0.0,18.0,1.0,0.9,0.4,1011.9,1011.9,1011.9,1011.9,1.0,0.0,18.0,1.0,0.9,0.4,6.0,6.0,6.0,6.0,1.0,0.0,18.0,1.0,0.9,0.4,-59.3,-59.3,-59.3,-59.3,1.0,0.0,18.0,1.0,0.9,0.4,0.0,0.0,0.0,0.0,1.0,0.0,18.0,1.0,0.9,0.4,-0.2,-0.2,-0.2,-0.2,1.0,0.0,18.0,1.0,0.9,0.4,-1.5,-1.5,-1.5,-1.5,1.0,0.0,18.0,1.0,0.9,0.4,5.02,5.02,5.02,5.02,1.0,0.0,18.0,1.0,0.9,0.4,38.7,38.7,38.7,38.7,1.0,0.0,18.0,1.0,0.9,0.4,-219.4,-219.4,-219.4,-219.4,1.0,0.0,18.0,1.0,0.9,0.4,0.0,0.0,0.0,0.0,1.0,0.0,18.0,1.0,0.9,0.4,-147.0,-147.0,-147.0,-147.0,1.0,0.0,18.0,1.0,0.9,0.4,0.0,0.0,0.0,0.0,1.0,0.0,18.0,1.0,0.9,0.4,-38.7,-38.7,-38.7,-38.7,1.0,0.0,18.0,1.0,0.9,0.4,0.0,0.0,0.0,0.0,1.0,0.0,18.0,1.0,0.9,0.4,456.5,456.5,456.5,456.5,1.0,0.0,18.0,1.0,0.9,0.4,455.0,455.0,455.0,455.0,1.0,0.0,18.0,1.0,0.9,0.4
1974,2,126.0,9.0,27.7,27.8,28.0,27.85,4.0,0.19,18.0,0.5,0.8,0.6,26.74,27.15,27.4,27.08,4.0,0.43,18.0,0.5,0.8,0.6,17.86,18.13,18.45,18.15,4.0,0.42,18.0,0.5,0.8,0.6,79.5,80.7,82.7,81.1,4.0,2.0,18.0,0.5,0.6,7.68,8.2,9.3,8.48,4.0,1.3,18.0,0.5,0.8,0.6,-6.71,-5.9,-4.47,-5.61,4.0,1.53,18.0,0.5,0.8,0.6,-7.58,-4.95,-4.35,-5.92,4.0,2.55,18.0,0.5,0.8,0.6,1009.42,1010.85,1011.91,1010.68,4.0,1.49,18.0,0.5,0.8,0.6,4.9,7.5,8.0,6.5,4.0,2.4,18.0,0.5,0.8,0.6,-55.0,-45.6,-37.9,-46.4,4.0,10.2,18.0,0.5,0.8,0.6,-72.8,-38.4,-33.5,-52.5,4.0,31.8,18.0,0.5,0.8,0.6,0.54,0.75,1.01,0.78,4.0,0.33,18.0,0.5,0.8,0.6,4.6,6.9,8.6,6.6,4.0,2.9,18.0,0.5,0.8,0.6,4.99,5.5,5.7,5.35,4.0,0.5,18.0,0.5,0.8,0.6,42.3,46.8,47.6,45.0,4.0,4.3,18.0,0.5,0.8,0.6,-180.8,-159.1,-122.0,-151.8,4.0,41.6,18.0,0.5,0.8,0.6,-203.4,-133.5,-119.2,-160.1,4.0,68.5,18.0,0.5,0.8,0.6,-120.1,-105.6,-82.2,-101.4,4.0,26.4,18.0,0.5,0.8,0.6,-139.1,-88.6,-78.9,-108.1,4.0,49.2,18.0,0.5,0.8,0.6,-38.3,-32.5,-22.7,-30.6,4.0,10.5,18.0,0.5,0.8,0.6,-37.8,-27.3,-24.2,-30.8,4.0,9.9,18.0,0.5,0.8,0.6,458.0,551.5,835.0,642.0,4.0,312.0,18.0,0.5,0.8,0.6,460.0,550.0,835.0,640.0,4.0,310.0,18.0,0.5,0.8,0.6
1974,2,126.0,10.0,24.4,25.25,27.84,25.85,6.0,1.72,16.0,0.7,0.3,0.4,26.19,26.95,28.64,27.42,6.0,2.05,16.0,0.7,0.3,0.4,17.41,18.15,20.28,18.76,6.0,1.84,16.0,0.7,0.3,0.4,78.1,79.3,88.4,81.9,6.0,5.2,16.0,0.7,0.4,3.08,4.1,7.25,4.77,7.0,2.1,16.0,0.7,0.3,0.5,-3.97,-2.91,-2.03,-3.25,7.0,1.54,16.0,0.7,0.3,0.5,-5.34,-2.05,-0.91,-2.59,7.0,2.9,16.0,0.7,0.3,0.5,1007.48,1008.5,1012.11,1009.83,7.0,2.63,16.0,0.7,0.3,0.5,3.0,4.0,5.1,4.0,7.0,1.6,16.0,0.7,0.3,0.5,-19.3,-14.6,-8.2,-17.3,7.0,15.8,16.0,0.7,0.3,0.5,-43.5,-8.4,-2.9,-17.0,7.0,20.7,16.0,0.7,0.3,0.5,-3.89,-2.55,1.65,-1.57,6.0,3.07,16.0,0.7,0.3,0.4,-20.2,-10.5,8.1,-9.9,6.0,18.3,16.0,0.7,0.3,0.4,-0.72,1.01,6.24,2.21,6.0,3.32,16.0,0.7,0.3,0.4,-3.6,4.2,22.4,10.4,6.0,19.6,16.0,0.7,0.3,0.4,-123.2,-80.2,-54.2,-93.2,6.0,55.3,16.0,0.7,0.3,0.4,-167.1,-77.2,-19.9,-81.0,6.0,85.5,16.0,0.7,0.3,0.4,-89.1,-52.2,-36.5,-64.3,6.0,39.8,16.0,0.7,0.3,0.4,-114.9,-51.2,-14.9,-54.3,6.0,57.5,16.0,0.7,0.3,0.4,-11.5,-3.3,3.2,-4.2,6.0,8.0,16.0,0.7,0.3,0.4,-11.7,-0.3,5.8,-5.3,6.0,19.9,16.0,0.7,0.3,0.4,29.0,69.0,382.0,168.5,7.0,208.5,16.0,0.7,0.3,0.5,30.0,70.0,380.0,170.0,7.0,210.0,16.0,0.7,0.3,0.5
1974,2,126.0,11.0,27.93,28.0,28.07,28.0,2.0,0.14,20.0,0.0,0.8,0.4,26.53,26.6,26.67,26.6,2.0,0.14,20.0,0.0,0.8,0.4,16.54,17.39,18.25,17.39,2.0,1.78,20.0,0.0,0.8,0.4,76.2,79.8,83.5,79.8,2.0,7.5,20.0,0.0,0.4,7.95,8.5,9.05,8.5,2.0,1.13,20.0,0.0,0.8,0.4,-7.33,-6.78,-6.23,-6.78,2.0,1.13,20.0,0.0,0.8,0.4,-6.21,-4.23,-2.26,-4.23,2.0,4.09,20.0,0.0,0.8,0.4,1008.9,1009.75,1010.6,1009.75,2.0,1.77,20.0,0.0,0.8,0.4,3.0,3.0,3.0,3.0,2.0,0.0,20.0,0.0,0.8,0.4,-57.9,-57.0,-56.0,-57.0,2.0,2.0,20.0,0.0,0.8,0.4,-57.4,-38.3,-19.2,-38.3,2.0,39.6,20.0,0.0,0.8,0.4,1.4,1.4,1.4,1.4,2.0,0.0,20.0,0.0,0.8,0.4,11.1,11.9,12.7,11.9,2.0,1.6,20.0,0.0,0.8,0.4,5.57,6.35,7.13,6.35,2.0,1.62,20.0,0.0,0.8,0.4,49.9,53.0,56.2,53.0,2.0,6.6,20.0,0.0,0.8,0.4,-194.4,-180.3,-166.2,-180.3,2.0,29.2,20.0,0.0,0.8,0.4,-165.7,-112.8,-60.0,-112.8,2.0,109.4,20.0,0.0,0.8,0.4,-120.6,-116.9,-113.2,-116.9,2.0,7.7,20.0,0.0,0.8,0.4,-115.2,-77.2,-39.2,-77.2,2.0,78.7,20.0,0.0,0.8,0.4,-52.7,-44.0,-35.2,-44.0,2.0,18.2,20.0,0.0,0.8,0.4,-32.8,-23.5,-14.3,-23.5,2.0,19.1,20.0,0.0,0.8,0.4,511.5,630.5,749.0,630.5,2.0,246.0,20.0,0.0,0.8,0.4,510.0,630.0,750.0,630.0,2.0,245.0,20.0,0.0,0.8,0.4
1974,2,126.0,12.0,27.0,27.15,27.82,27.4,4.0,0.62,20.0,0.3,0.6,0.4,26.08,26.6,28.3,26.98,6.0,1.08,20.0,0.5,0.5,0.5,17.98,18.67,20.62,19.13,6.0,1.33,20.0,0.5,0.5,0.5,84.4,85.2,87.5,85.7,6.0,1.7,20.0,0.5,0.5,4.5,7.7,8.13,6.93,6.0,2.17,20.0,0.5,0.5,0.5,-7.7,-6.48,-4.44,-6.17,6.0,1.54,20.0,0.5,0.5,0.5,-4.61,-0.4,0.0,-2.03,6.0,3.07,20.0,0.5,0.5,0.5,1009.44,1010.95,1012.2,1010.83,6.0,1.31,20.0,0.5,0.5,0.5,1.8,2.5,4.8,3.3,6.0,2.5,20.0,0.5,0.5,0.5,-59.8,-55.3,-20.0,-44.9,6.0,20.5,20.0,0.5,0.5,0.5,-38.7,-1.8,0.0,-17.8,6.0,29.7,20.0,0.5,0.5,0.5,0.38,1.05,1.77,1.08,4.0,0.92,20.0,0.3,0.6,0.4,3.7,8.4,9.5,6.7,4.0,4.6,20.0,0.3,0.6,0.4,4.02,4.62,5.2,4.61,4.0,0.76,20.0,0.3,0.6,0.4,19.6,30.0,40.3,30.0,4.0,12.2,20.0,0.3,0.6,0.4,-217.9,-169.2,-119.2,-167.3,6.0,46.5,20.0,0.5,0.5,0.5,-120.0,-10.8,0.0,-53.1,6.0,80.3,20.0,0.5,0.5,0.5,-158.8,-116.3,-83.0,-118.9,6.0,35.7,20.0,0.5,0.5,0.5,-82.5,-7.5,0.0,-36.5,6.0,55.2,20.0,0.5,0.5,0.5,-30.1,-25.0,-19.5,-24.8,4.0,6.7,20.0,0.3,0.6,0.4,-26.1,-10.9,-1.4,-13.6,4.0,15.2,20.0,0.3,0.6,0.4,91.5,456.5,556.5,413.0,6.0,317.0,20.0,0.5,0.5,0.5,90.0,455.0,555.0,415.0,6.0,315.0,20.0,0.5,0.5,0.5
1974,2,126.0,13.0,26.13,27.2,27.88,27.11,11.0,1.12,14.0,0.6,0.5,0.3,26.1,26.7,27.66,26.85,10.0,0.86,16.0,0.6,0.5,0.4,15.76,17.58,18.53,17.14,10.0,1.68,16.0,0.6,0.5,0.4,72.3,75.6,84.3,77.5,10.0,6.7,16.0,0.6,0.4,5.1,8.5,9.87,8.18,10.0,2.97,14.0,0.7,0.5,0.4,-7.85,-5.54,-4.56,-5.73,10.0,2.56,14.0,0.7,0.5,0.4,-8.94,-3.27,-0.57,-4.4,10.0,4.31,14.0,0.7,0.5,0.4,1009.79,1010.6,1011.95,1010.76,11.0,1.64,14.0,0.6,0.5,0.3,1.6,3.0,7.0,3.9,11.0,2.5,14.0,0.6,0.5,0.3,-80.8,-42.5,-24.0,-48.2,10.0,32.7,14.0,0.7,0.5,0.4,-89.0,-19.9,-4.4,-45.8,10.0,57.6,14.0,0.7,0.5,0.4,-0.41,-0.05,1.06,0.2,10.0,0.86,16.0,0.6,0.5,0.4,-3.0,-0.8,10.6,2.3,9.0,8.0,14.0,0.7,0.5,0.4,3.39,5.1,7.3,5.32,10.0,1.89,16.0,0.6,0.5,0.4,31.3,42.9,52.6,47.7,9.0,27.4,14.0,0.7,0.5,0.4,-212.7,-156.0,-121.2,-156.2,9.0,73.9,14.0,0.7,0.5,0.4,-251.0,-104.0,-38.8,-128.7,9.0,110.0,14.0,0.7,0.5,0.4,-145.5,-92.8,-76.1,-97.9,9.0,48.8,14.0,0.7,0.5,0.4,-154.4,-70.0,-23.7,-80.1,9.0,65.8,14.0,0.7,0.5,0.4,-47.6,-30.8,-17.4,-32.0,9.0,17.8,14.0,0.7,0.5,0.4,-47.6,-16.3,-8.2,-27.8,9.0,31.3,14.0,0.7,0.5,0.4,132.5,630.5,969.0,758.5,10.0,857.5,14.0,0.7,0.5,0.4,135.0,630.0,970.0,760.0,10.0,855.0,14.0,0.7,0.5,0.4
1974,2,126.0,14.0,24.84,26.25,26.3,25.6,4.0,1.33,20.0,1.0,0.5,0.5,24.74,25.15,25.67,25.2,4.0,0.63,20.0,1.0,0.5,0.5,13.23,15.27,17.15,15.19,4.0,2.28,20.0,1.0,0.5,0.5,64.6,76.7,88.1,76.4,4.0,13.6,20.0,1.0,0.5,9.3,10.55,13.16,11.2,4.0,2.44,20.0,1.0,0.5,0.5,-7.65,-5.92,-4.33,-5.98,4.0,1.94,20.0,1.0,0.5,0.5,-11.81,-9.57,-6.27,-9.07,4.0,3.47,20.0,1.0,0.5,0.5,1012.02,1013.05,1013.45,1012.75,4.0,0.97,20.0,1.0,0.5,0.5,6.3,7.0,7.7,7.0,3.0,1.0,16.0,1.0,0.5,0.5,-90.0,-61.3,-45.3,-67.4,4.0,28.0,20.0,1.0,0.5,0.5,-156.4,-102.9,-58.3,-107.1,4.0,60.4,20.0,1.0,0.5,0.5,-0.59,0.65,1.37,0.4,4.0,1.33,20.0,1.0,0.5,0.5,-5.1,9.0,15.1,5.2,4.0,13.3,20.0,1.0,0.5,0.5,2.48,6.06,8.17,5.36,4.0,3.56,20.0,1.0,0.5,0.5,23.1,66.0,108.0,65.6,4.0,51.7,20.0,1.0,0.5,0.5,-192.2,-148.0,-109.2,-150.6,4.0,48.3,20.0,1.0,0.5,0.5,-302.6,-242.8,-154.8,-229.3,4.0,90.8,20.0,1.0,0.5,0.5,-117.4,-85.4,-66.3,-91.5,4.0,35.9,20.0,1.0,0.5,0.5,-156.0,-143.8,-107.1,-132.1,4.0,35.5,20.0,1.0,0.5,0.5,-47.2,-25.8,-12.9,-29.8,4.0,23.6,20.0,1.0,0.5,0.5,-96.8,-60.5,-18.6,-57.8,4.0,47.0,20.0,1.0,0.5,0.5,804.5,1223.5,2346.5,1559.5,4.0,1030.0,20.0,1.0,0.5,0.5,805.0,1225.0,2345.0,1560.0,4.0,1030.0,20.0,1.0,0.5,0.5
1974,2,126.0,15.0,25.74,26.2,26.61,26.18,4.0,0.56,14.0,0.8,0.2,0.6,24.98,27.25,29.26,27.13,4.0,2.5,14.0,0.8,0.2,0.6,13.94,14.57,17.44,15.66,3.0,2.73,14.0,0.7,0.2,0.6,71.5,71.6,72.4,71.9,3.0,0.7,14.0,0.7,0.6,6.89,10.8,13.4,10.18,4.0,3.86,14.0,0.8,0.2,0.6,-8.61,-8.16,-5.59,-7.15,4.0,2.36,14.0,0.8,0.2,0.6,-10.26,-7.32,-0.61,-5.52,4.0,6.21,14.0,0.8,0.2,0.6,1010.79,1011.4,1012.77,1011.77,3.0,1.48,14.0,0.7,0.2,0.6,4.9,7.0,7.5,6.3,4.0,2.2,14.0,0.8,0.2,0.6,-115.4,-89.3,-41.0,-78.7,4.0,45.8,14.0,0.8,0.2,0.6,-137.6,-81.2,0.2,-69.2,4.0,81.3,14.0,0.8,0.2,0.6,-2.86,-0.9,0.95,-0.95,4.0,2.2,14.0,0.8,0.2,0.6,-20.2,-1.7,12.8,-3.6,4.0,19.3,14.0,0.8,0.2,0.6,4.4,6.72,6.9,5.67,3.0,2.04,14.0,0.7,0.2,0.6,41.5,90.0,92.4,67.5,3.0,42.1,14.0,0.7,0.2,0.6,-221.6,-215.3,-157.1,-190.6,4.0,55.2,14.0,0.8,0.2,0.6,-256.9,-190.2,-18.7,-140.2,4.0,159.5,14.0,0.8,0.2,0.6,-123.0,-117.6,-84.3,-103.9,3.0,30.7,14.0,0.7,0.2,0.6,-146.6,-140.2,-100.4,-123.9,3.0,36.6,14.0,0.7,0.2,0.6,-59.4,-57.9,-26.7,-43.4,3.0,27.1,14.0,0.7,0.2,0.6,-70.8,-69.0,-31.8,-51.7,3.0,32.3,14.0,0.7,0.2,0.6,359.5,1478.5,2406.0,1387.0,4.0,1186.0,14.0,0.8,0.2,0.6,360.0,1480.0,2405.0,1385.0,4.0,1185.0,14.0,0.8,0.2,0.6
1974,2,126.0,16.0,26.66,26.8,26.94,26.8,2.0,0.28,20.0,0.5,0.6,0.6,26.11,26.35,26.59,26.35,2.0,0.49,20.0,0.5,0.6,0.6,16.98,17.29,17.6,17.29,2.0,0.64,20.0,0.5,0.6,0.6,78.1,80.7,83.3,80.7,2.0,5.5,20.0,0.5,0.6,4.26,4.6,4.94,4.6,2.0,0.71,20.0,0.5,0.6,0.6,-4.71,-3.87,-3.03,-3.87,2.0,1.74,20.0,0.5,0.6,0.6,-2.64,-1.57,-0.5,-1.57,2.0,2.22,20.0,0.5,0.6,0.6,1009.9,1010.75,1011.6,1010.75,2.0,1.77,20.0,0.5,0.6,0.6,2.2,2.5,2.8,2.5,2.0,0.7,20.0,0.5,0.6,0.6,-23.6,-18.4,-13.2,-18.4,2.0,10.8,20.0,0.5,0.6,0.6,-10.8,-6.4,-2.0,-6.4,2.0,9.1,20.0,0.5,0.6,0.6,0.35,0.45,0.55,0.45,2.0,0.21,20.0,0.5,0.6,0.6,1.7,2.0,2.3,2.0,2.0,0.7,20.0,0.5,0.6,0.6,4.29,4.8,5.31,4.8,2.0,1.06,20.0,0.5,0.6,0.6,18.5,22.4,26.4,22.4,2.0,8.3,20.0,0.5,0.6,0.6,-125.4,-102.3,-79.3,-102.3,2.0,47.8,20.0,0.5,0.6,0.6,-68.7,-40.8,-13.0,-40.8,2.0,57.7,20.0,0.5,0.6,0.6,-79.6,-66.3,-53.0,-66.3,2.0,27.6,20.0,0.5,0.6,0.6,-46.9,-27.9,-8.8,-27.9,2.0,39.4,20.0,0.5,0.6,0.6,-25.5,-19.5,-13.5,-19.5,2.0,12.4,20.0,0.5,0.6,0.6,-10.7,-6.4,-2.0,-6.4,2.0,9.0,20.0,0.5,0.6,0.6,79.0,101.0,122.5,101.0,2.0,45.0,20.0,0.5,0.6,0.6,80.0,100.0,125.0,100.0,2.0,45.0,20.0,0.5,0.6,0.6
1974,2,126.0,17.0,24.99,25.4,25.81,25.4,2.0,0.85,12.0,0.5,0.3,0.6,23.57,24.15,24.73,24.15,2.0,1.2,12.0,0.5,0.3,0.6,12.78,12.78,12.78,12.78,1.0,0.0,12.0,1.0,0.1,0.9,72.1,72.1,72.1,72.1,1.0,0.0,12.0,1.0,0.9,13.48,13.65,13.82,13.65,2.0,0.35,12.0,0.5,0.3,0.6,-13.32,-12.08,-10.84,-12.08,2.0,2.57,12.0,0.5,0.3,0.6,-7.25,-4.31,-1.37,-4.31,2.0,6.09,12.0,0.5,0.3,0.6,1016.0,1016.0,1016.0,1016.0,1.0,0.0,12.0,1.0,0.1,0.9,6.0,6.0,6.0,6.0,2.0,0.0,12.0,0.5,0.3,0.6,-184.4,-165.4,-146.4,-165.4,2.0,39.4,12.0,0.5,0.3,0.6,-97.1,-57.7,-18.3,-57.7,2.0,81.6,12.0,0.5,0.3,0.6,1.08,1.25,1.42,1.25,2.0,0.35,12.0,0.5,0.3,0.6,14.9,17.0,19.1,17.0,2.0,4.4,12.0,0.5,0.3,0.6,6.7,6.7,6.7,6.7,1.0,0.0,12.0,1.0,0.1,0.9,89.7,89.7,89.7,89.7,1.0,0.0,12.0,1.0,0.1,0.9,-330.3,-293.3,-256.4,-293.3,2.0,76.6,12.0,0.5,0.3,0.6,-168.8,-100.3,-31.8,-100.3,2.0,141.9,12.0,0.5,0.3,0.6,-131.2,-131.2,-131.2,-131.2,1.0,0.0,12.0,1.0,0.1,0.9,-110.1,-110.1,-110.1,-110.1,1.0,0.0,12.0,1.0,0.1,0.9,-68.7,-68.7,-68.7,-68.7,1.0,0.0,12.0,1.0,0.1,0.9,-57.7,-57.7,-57.7,-57.7,1.0,0.0,12.0,1.0,0.1,0.9,2450.5,2546.0,2641.5,2546.0,2.0,197.5,12.0,0.5,0.3,0.6,2450.0,2545.0,2640.0,2545.0,2.0,200.0,12.0,0.5,0.3,0.6
1974,2,126.0,18.0,24.82,25.0,25.5,25.1,5.0,0.42,16.0,0.4,0.2,0.6,22.89,24.4,24.5,23.82,5.0,0.89,16.0,0.4,0.2,0.6,12.38,13.07,15.18,13.74,4.0,2.14,16.0,0.5,0.2,0.5,65.1,72.6,83.4,74.2,4.0,11.2,16.0,0.5,0.5,9.04,12.3,14.31,11.6,5.0,4.02,16.0,0.4,0.2,0.6,-12.4,-9.42,-6.36,-9.37,5.0,3.53,16.0,0.4,0.2,0.6,-8.21,-7.91,-3.62,-5.89,5.0,4.33,16.0,0.4,0.2,0.6,1015.19,1015.7,1016.68,1015.93,4.0,1.0,16.0,0.5,0.2,0.5,5.6,6.0,7.4,6.4,5.0,1.1,16.0,0.4,0.2,0.6,-178.7,-115.9,-61.0,-119.4,5.0,73.5,16.0,0.4,0.2,0.6,-108.3,-97.2,-53.7,-80.5,5.0,51.9,16.0,0.4,0.2,0.6,0.63,1.1,2.11,1.28,5.0,0.91,16.0,0.4,0.2,0.6,8.5,13.5,28.1,16.9,5.0,12.4,16.0,0.4,0.2,0.6,4.23,6.94,7.95,6.13,4.0,2.68,16.0,0.5,0.2,0.5,40.3,86.3,101.8,71.7,4.0,42.4,16.0,0.5,0.2,0.5,-296.1,-229.9,-147.5,-222.6,5.0,82.3,16.0,0.4,0.2,0.6,-194.2,-182.8,-88.6,-138.7,5.0,102.2,16.0,0.4,0.2,0.6,-131.6,-105.0,-88.4,-109.8,4.0,28.9,16.0,0.5,0.2,0.5,-105.7,-90.3,-25.4,-66.7,4.0,65.2,16.0,0.5,0.2,0.5,-83.2,-62.3,-27.7,-55.8,4.0,34.7,16.0,0.5,0.2,0.5,-60.7,-52.7,-21.9,-41.8,4.0,31.2,16.0,0.5,0.2,0.5,964.5,1861.0,2995.5,1972.5,5.0,1419.0,16.0,0.4,0.2,0.6,965.0,1860.0,2995.0,1970.0,5.0,1420.0,16.0,0.4,0.2,0.6
1974,2,126.0,19.0,24.48,24.6,25.5,24.76,7.0,0.58,14.0,0.6,0.4,0.4,22.06,22.85,25.0,23.46,8.0,1.46,14.0,0.6,0.5,0.4,11.43,13.28,16.45,13.93,8.0,2.28,14.0,0.6,0.5,0.4,67.0,80.0,83.4,77.2,8.0,7.8,14.0,0.6,0.4,4.16,9.25,12.9,8.56,8.0,4.59,14.0,0.6,0.5,0.4,-9.66,-4.14,-2.6,-5.15,8.0,3.67,14.0,0.6,0.5,0.4,-9.3,-5.72,2.63,-4.39,8.0,6.25,14.0,0.6,0.5,0.4,1013.82,1016.05,1017.48,1015.36,8.0,2.53,14.0,0.6,0.5,0.4,3.1,5.5,7.0,5.4,8.0,1.9,14.0,0.6,0.5,0.4,-124.1,-22.8,-7.2,-51.9,8.0,55.6,14.0,0.6,0.5,0.4,-114.9,-59.9,12.1,-58.9,8.0,73.0,14.0,0.6,0.5,0.4,-0.52,1.9,3.03,1.51,7.0,1.7,14.0,0.6,0.4,0.4,-3.2,20.6,25.6,16.6,7.0,18.0,14.0,0.6,0.4,0.4,2.72,6.82,7.98,5.9,7.0,2.32,14.0,0.6,0.4,0.4,16.6,69.0,102.9,58.8,7.0,41.5,14.0,0.6,0.4,0.4,-218.7,-104.3,-59.3,-119.8,8.0,82.2,14.0,0.6,0.5,0.4,-205.5,-133.4,67.0,-96.7,8.0,142.6,14.0,0.6,0.5,0.4,-110.0,-68.1,-34.8,-67.2,8.0,40.5,14.0,0.6,0.5,0.4,-118.8,-72.6,43.3,-52.7,8.0,84.7,14.0,0.6,0.5,0.4,-78.8,-19.5,-9.1,-34.9,7.0,33.0,14.0,0.6,0.4,0.4,-67.3,-52.9,8.2,-36.3,7.0,41.3,14.0,0.6,0.4,0.4,72.0,1049.5,2146.5,1090.5,8.0,1059.0,14.0,0.6,0.5,0.4,70.0,1050.0,2145.0,1090.0,8.0,1060.0,14.0,0.6,0.5,0.4
1974,2,126.0,20.0,24.16,24.5,24.84,24.5,2.0,0.71,14.0,1.0,0.5,0.4,21.91,22.35,22.79,22.35,2.0,0.92,14.0,1.0,0.5,0.4,15.32,15.32,15.32,15.32,1.0,0.0,14.0,1.0,0.2,0.5,95.8,95.8,95.8,95.8,1.0,0.0,14.0,1.0,0.5,13.06,13.4,13.74,13.4,2.0,0.71,14.0,1.0,0.5,0.4,-10.27,-9.47,-8.67,-9.47,2.0,1.67,14.0,1.0,0.5,0.4,-9.73,-9.41,-9.09,-9.41,2.0,0.67,14.0,1.0,0.5,0.4,1023.6,1023.6,1023.6,1023.6,1.0,0.0,14.0,1.0,0.2,0.5,5.5,6.5,7.5,6.5,2.0,2.1,14.0,1.0,0.5,0.4,-141.5,-127.5,-113.5,-127.5,2.0,29.0,14.0,1.0,0.5,0.4,-127.0,-125.8,-124.7,-125.8,2.0,2.3,14.0,1.0,0.5,0.4,1.37,2.15,2.93,2.15,2.0,1.63,14.0,1.0,0.5,0.4,18.4,28.2,38.0,28.2,2.0,20.3,14.0,1.0,0.5,0.4,4.25,4.25,4.25,4.25,1.0,0.0,14.0,1.0,0.2,0.5,54.9,54.9,54.9,54.9,1.0,0.0,14.0,1.0,0.2,0.5,-234.6,-212.4,-190.2,-212.4,2.0,45.9,14.0,1.0,0.5,0.4,-213.0,-210.0,-206.9,-210.0,2.0,6.3,14.0,1.0,0.5,0.4,-127.0,-127.0,-127.0,-127.0,1.0,0.0,14.0,1.0,0.2,0.5,-151.4,-151.4,-151.4,-151.4,1.0,0.0,14.0,1.0,0.2,0.5,-35.3,-35.3,-35.3,-35.3,1.0,0.0,14.0,1.0,0.2,0.5,-42.0,-42.0,-42.0,-42.0,1.0,0.0,14.0,1.0,0.2,0.5,2232.0,2416.0,2600.0,2416.0,2.0,381.0,14.0,1.0,0.5,0.4,2230.0,2415.0,2600.0,2415.0,2.0,380.0,14.0,1.0,0.5,0.4
1974,2,126.0,21.0,24.63,25.05,25.6,25.02,6.0,0.61,8.0,0.8,0.6,0.5,23.3,24.95,25.8,24.68,6.0,1.14,8.0,0.8,0.6,0.5,13.42,13.74,14.22,13.82,4.0,0.54,10.0,1.0,0.7,0.5,70.0,70.3,72.5,71.2,4.0,2.2,10.0,1.0,0.5,3.98,6.65,9.56,6.7,6.0,2.93,8.0,0.8,0.6,0.5,-8.99,-4.28,0.32,-4.19,6.0,5.2,8.0,0.8,0.6,0.5,-4.15,-0.99,3.27,-0.64,6.0,3.73,8.0,0.8,0.6,0.5,1010.95,1012.25,1014.04,1012.65,6.0,2.45,8.0,0.8,0.6,0.5,2.0,2.5,3.0,2.5,6.0,0.5,8.0,0.8,0.6,0.5,-85.9,-37.3,1.5,-40.4,6.0,47.2,8.0,0.8,0.6,0.5,-17.4,0.4,31.3,4.7,6.0,24.1,8.0,0.8,0.6,0.5,-1.0,-0.3,2.3,0.33,6.0,1.62,8.0,0.8,0.6,0.5,-9.6,-0.6,8.3,-0.5,6.0,8.6,8.0,0.8,0.6,0.5,4.89,5.72,6.89,5.88,4.0,1.19,10.0,1.0,0.7,0.5,25.8,39.4,52.7,39.2,4.0,15.9,10.0,1.0,0.7,0.5,-231.8,-106.7,8.1,-107.0,6.0,132.6,8.0,0.8,0.6,0.5,-98.1,-22.0,84.4,-12.9,6.0,92.1,8.0,0.8,0.6,0.5,-125.6,-58.3,11.4,-57.2,4.0,79.4,10.0,1.0,0.7,0.5,-57.3,-16.9,35.3,-11.3,4.0,54.3,10.0,1.0,0.7,0.5,-50.9,-23.0,4.0,-23.4,4.0,31.8,10.0,1.0,0.7,0.5,-25.5,-5.5,13.4,-6.0,4.0,22.7,10.0,1.0,0.7,0.5,63.5,378.0,874.5,444.5,6.0,421.0,8.0,0.8,0.6,0.5,65.0,380.0,875.0,445.0,6.0,420.0,8.0,0.8,0.6,0.5
1974,2,126.0,22.0,23.0,23.9,24.3,23.76,5.0,0.83,14.0,0.6,0.4,0.4,22.9,25.0,26.46,24.8,5.0,2.86,14.0,0.6,0.4,0.4,13.26,14.54,21.82,17.47,3.0,6.76,14.0,1.0,0.3,0.4,76.7,83.0,94.6,85.6,3.0,13.3,14.0,1.0,0.4,4.06,5.1,7.57,5.68,5.0,1.81,14.0,0.6,0.4,0.4,-7.12,-2.64,-1.63,-3.9,5.0,3.15,14.0,0.6,0.4,0.4,-0.23,2.63,3.09,1.26,5.0,3.56,14.0,0.6,0.4,0.4,1009.0,1013.2,1017.51,1013.88,5.0,6.56,14.0,0.6,0.4,0.4,2.0,3.5,5.0,3.5,4.0,1.7,14.0,0.5,0.5,0.3,-53.9,-10.8,-6.5,-25.9,5.0,26.3,14.0,0.6,0.4,0.4,-1.7,12.9,19.6,7.7,5.0,19.2,14.0,0.6,0.4,0.4,-2.89,-1.1,0.83,-1.04,5.0,3.54,14.0,0.6,0.4,0.4,-14.4,-8.2,4.9,-5.0,5.0,16.2,14.0,0.6,0.4,0.4,-3.95,3.96,5.95,1.07,3.0,7.67,14.0,1.0,0.3,0.4,-11.7,30.5,33.6,11.4,3.0,37.0,14.0,1.0,0.3,0.4,-177.9,-76.4,-39.2,-99.0,5.0,78.0,14.0,0.6,0.4,0.4,1.6,65.8,79.9,37.5,5.0,81.5,14.0,0.6,0.4,0.4,-92.9,-66.4,-21.1,-57.2,3.0,53.2,14.0,1.0,0.3,0.4,-32.0,38.3,66.2,17.6,3.0,74.1,14.0,1.0,0.3,0.4,-19.5,0.0,13.7,-2.8,3.0,24.5,14.0,1.0,0.3,0.4,-31.5,-23.9,-0.5,-16.2,3.0,23.7,14.0,1.0,0.3,0.4,67.0,132.5,434.5,229.0,5.0,194.5,14.0,0.6,0.4,0.4,65.0,135.0,435.0,230.0,5.0,195.0,14.0,0.6,0.4,0.4
1974,2,126.0,23.0,21.0,22.5,23.3,22.38,16.0,1.24,8.0,0.6,0.2,0.6,16.97,20.55,22.06,19.93,18.0,2.87,10.0,0.6,0.2,0.5,7.86,10.28,13.58,10.88,11.0,2.82,8.0,0.7,0.3,0.6,64.0,77.3,94.8,76.6,11.0,14.2,8.0,0.7,0.6,4.64,9.0,10.77,8.19,17.0,3.41,8.0,0.6,0.2,0.6,-6.99,-1.35,2.36,-1.62,17.0,4.06,8.0,0.6,0.2,0.6,-10.69,-5.79,3.13,-4.19,17.0,6.71,8.0,0.6,0.2,0.6,1011.83,1020.8,1023.09,1018.4,17.0,5.46,10.0,0.6,0.2,0.5,2.7,5.0,8.0,5.1,18.0,2.6,10.0,0.6,0.2,0.5,-60.0,-4.5,32.2,-9.1,17.0,37.6,8.0,0.6,0.2,0.6,-117.5,-51.3,19.2,-45.3,17.0,77.3,8.0,0.6,0.2,0.6,-1.37,2.2,5.56,2.17,16.0,3.03,8.0,0.6,0.2,0.6,-9.2,12.7,56.3,21.1,16.0,33.2,8.0,0.6,0.2,0.6,3.82,5.98,8.99,6.14,10.0,2.56,8.0,0.8,0.3,0.7,19.7,39.3,81.6,50.2,10.0,36.9,8.0,0.8,0.3,0.7,-134.3,-29.2,38.0,-31.9,17.0,84.0,8.0,0.6,0.2,0.6,-206.8,-107.6,67.9,-71.1,17.0,133.7,8.0,0.6,0.2,0.6,-63.6,-12.1,19.9,-18.0,10.0,48.8,8.0,0.8,0.3,0.7,-112.9,-32.8,26.5,-34.0,10.0,73.6,8.0,0.8,0.3,0.7,-27.7,-7.5,18.8,-7.8,10.0,23.9,8.0,0.8,0.3,0.7,-72.5,-25.3,7.6,-32.0,10.0,48.8,8.0,0.8,0.3,0.7,103.5,729.0,1333.5,816.0,17.0,820.0,8.0,0.6,0.2,0.6,105.0,730.0,1335.0,815.0,17.0,820.0,8.0,0.6,0.2,0.6
1974,2,126.0,24.0,20.0,22.0,23.46,21.95,78.0,1.56,16.0,0.6,0.4,0.4,15.0,20.1,22.5,19.35,86.0,3.25,16.0,0.6,0.4,0.4,7.52,10.36,13.41,10.54,52.0,2.69,14.0,0.7,0.4,0.4,64.3,75.5,86.1,75.0,53.0,10.9,14.0,0.7,0.4,3.43,8.2,12.3,8.53,85.0,4.33,16.0,0.6,0.4,0.4,-5.42,-1.74,2.07,-1.37,85.0,3.77,16.0,0.6,0.4,0.4,-12.08,-6.2,0.0,-5.54,85.0,6.72,16.0,0.6,0.4,0.4,1013.8,1018.0,1023.43,1018.0,81.0,4.53,14.0,0.5,0.4,0.4,3.0,7.0,8.0,6.2,84.0,2.2,16.0,0.5,0.4,0.4,-42.5,-6.2,12.9,-7.9,85.0,42.1,16.0,0.6,0.4,0.4,-147.3,-51.5,0.0,-67.5,85.0,98.5,16.0,0.6,0.4,0.4,-0.5,2.5,6.47,2.86,77.0,3.14,16.0,0.6,0.4,0.4,-1.9,22.5,84.5,33.4,75.0,40.6,16.0,0.6,0.4,0.4,3.36,5.98,8.77,5.9,47.0,2.43,16.0,0.7,0.4,0.4,15.3,46.2,115.8,57.2,46.0,44.2,16.0,0.7,0.4,0.4,-98.4,-29.7,38.1,-29.3,84.0,73.4,16.0,0.6,0.4,0.4,-207.7,-115.7,0.0,-92.7,84.0,121.0,16.0,0.6,0.4,0.4,-55.7,-15.4,18.6,-16.2,51.0,38.9,14.0,0.7,0.4,0.4,-104.7,-65.7,0.0,-47.9,51.0,70.6,14.0,0.7,0.4,0.4,-36.0,-4.8,7.5,-9.5,46.0,25.9,16.0,0.7,0.4,0.4,-109.9,-30.5,0.0,-41.7,46.0,52.5,16.0,0.7,0.4,0.4,42.5,551.5,1861.0,1134.5,85.0,1725.5,16.0,0.6,0.4,0.4,45.0,550.0,1860.0,1135.0,85.0,1725.0,16.0,0.6,0.4,0.4
1974,2,126.0,25.0,21.14,22.35,23.0,22.24,14.0,1.24,18.0,0.6,0.7,0.3,14.44,20.0,22.99,19.37,15.0,3.98,18.0,0.6,0.7,0.2,8.16,11.48,12.97,10.75,9.0,2.39,18.0,0.6,0.6,0.3,74.2,82.0,88.7,81.2,9.0,8.0,18.0,0.6,0.3,2.71,7.5,9.83,6.8,15.0,3.78,18.0,0.6,0.7,0.2,-2.34,-0.64,6.27,0.78,15.0,4.76,18.0,0.6,0.7,0.2,-8.06,-2.91,1.83,-3.36,15.0,5.33,18.0,0.6,0.7,0.2,1013.61,1015.9,1019.58,1016.17,15.0,3.03,18.0,0.6,0.7,0.2,6.1,8.0,8.0,6.7,14.0,2.5,18.0,0.6,0.7,0.3,-25.1,-0.6,49.2,12.1,15.0,48.8,18.0,0.6,0.7,0.2,-84.8,-9.0,14.8,-30.9,15.0,57.3,18.0,0.6,0.7,0.2,-2.28,2.9,7.44,2.91,14.0,3.96,18.0,0.6,0.7,0.3,-2.5,22.3,65.5,28.7,14.0,31.9,18.0,0.6,0.7,0.3,3.66,4.65,8.19,5.33,9.0,2.47,18.0,0.6,0.6,0.3,16.7,41.9,68.0,47.9,9.0,35.0,18.0,0.6,0.6,0.3,-44.8,-16.8,89.9,5.8,15.0,78.2,18.0,0.6,0.7,0.2,-149.6,-58.3,22.9,-61.4,15.0,93.8,18.0,0.6,0.7,0.2,-14.5,11.6,50.8,21.1,9.0,42.9,18.0,0.6,0.6,0.3,-89.6,-65.8,5.9,-42.6,9.0,67.6,18.0,0.6,0.6,0.3,-5.0,2.1,41.1,12.5,9.0,28.5,18.0,0.6,0.6,0.3,-44.2,-29.0,16.3,-26.3,9.0,45.2,18.0,0.6,0.6,0.3,20.5,422.0,972.5,592.5,15.0,746.0,18.0,0.6,0.7,0.2,20.0,420.0,975.0,590.0,15.0,745.0,18.0,0.6,0.7,0.2
1974,2,126.0,26.0,21.3,22.5,22.6,22.47,10.0,1.42,20.0,0.2,0.5,0.5,15.02,18.0,21.61,17.88,12.0,3.91,18.0,0.3,0.4,0.5,6.13,7.51,13.53,9.4,7.0,3.71,18.0,0.4,0.4,0.6,57.6,82.2,86.1,76.8,7.0,14.4,18.0,0.4,0.6,4.1,6.2,8.82,6.58,11.0,2.16,18.0,0.4,0.5,0.6,-4.27,0.69,3.41,-0.27,11.0,4.05,18.0,0.4,0.5,0.6,-4.01,-3.28,7.66,0.52,11.0,5.96,18.0,0.4,0.5,0.6,1012.45,1014.8,1024.51,1018.31,12.0,6.37,18.0,0.3,0.4,0.5,5.0,7.0,7.4,6.4,11.0,1.7,18.0,0.4,0.5,0.6,-23.1,2.8,31.8,3.6,11.0,32.0,18.0,0.4,0.5,0.6,-23.8,-15.8,68.6,12.0,11.0,46.6,18.0,0.4,0.5,0.6,0.56,5.7,7.09,4.62,10.0,3.92,20.0,0.2,0.5,0.5,2.8,22.6,37.1,22.4,9.0,18.0,22.0,0.2,0.6,0.6,3.43,8.62,10.4,7.44,6.0,3.45,20.0,0.3,0.4,0.5,28.7,54.6,57.0,45.2,5.0,15.4,22.0,0.4,0.5,0.6,-71.8,12.5,75.7,4.1,11.0,79.9,18.0,0.4,0.5,0.6,-71.6,-50.2,168.3,25.5,11.0,116.9,18.0,0.4,0.5,0.6,-24.9,-4.9,33.7,7.6,6.0,44.3,20.0,0.5,0.4,0.6,-49.6,-22.2,106.9,11.8,6.0,75.3,20.0,0.5,0.4,0.6,-43.0,-19.1,9.7,-16.6,5.0,27.8,22.0,0.4,0.5,0.6,-43.2,-35.1,23.9,-15.1,5.0,37.3,22.0,0.4,0.5,0.6,69.0,238.5,700.5,371.0,11.0,323.5,18.0,0.4,0.5,0.6,70.0,240.0,700.0,370.0,11.0,325.0,18.0,0.4,0.5,0.6
1974,2,126.0,27.0,20.0,20.85,22.21,21.03,26.0,1.12,16.0,0.5,0.3,0.4,15.19,18.0,22.37,18.21,27.0,3.05,16.0,0.5,0.3,0.4,7.95,10.37,13.27,10.56,19.0,2.32,14.0,0.4,0.4,0.4,77.8,81.6,90.9,82.1,19.0,9.7,14.0,0.4,0.4,8.08,9.4,11.01,9.38,26.0,2.65,14.0,0.5,0.3,0.4,-6.11,-2.11,0.71,-2.31,26.0,3.87,14.0,0.5,0.3,0.4,-10.84,-5.81,7.13,-3.42,26.0,8.11,14.0,0.5,0.3,0.4,1011.55,1016.8,1020.0,1016.25,27.0,3.87,16.0,0.5,0.3,0.4,3.0,7.0,8.0,6.1,25.0,2.5,16.0,0.4,0.3,0.3,-61.9,-21.0,2.9,-23.6,26.0,38.3,14.0,0.5,0.3,0.4,-119.4,-53.5,62.7,-39.6,26.0,89.1,14.0,0.5,0.3,0.4,-2.02,3.0,5.63,2.82,26.0,3.36,16.0,0.5,0.3,0.4,-17.5,25.2,71.1,29.9,25.0,39.8,16.0,0.5,0.3,0.3,3.01,4.81,7.84,5.18,18.0,2.3,14.0,0.4,0.4,0.4,19.9,44.5,89.5,53.1,17.0,32.8,14.0,0.5,0.4,0.4,-113.6,-41.2,13.1,-42.8,26.0,69.0,14.0,0.5,0.3,0.4,-175.2,-102.2,146.1,-41.4,26.0,149.3,14.0,0.5,0.3,0.4,-66.7,-15.5,13.8,-19.2,18.0,46.6,14.0,0.4,0.4,0.4,-99.0,-80.8,67.3,-39.5,18.0,76.9,14.0,0.4,0.4,0.4,-24.2,-11.3,5.6,-7.9,17.0,23.9,14.0,0.5,0.4,0.4,-82.5,-38.6,10.6,-39.0,17.0,42.6,14.0,0.5,0.4,0.4,536.5,831.0,1334.5,1007.5,26.0,726.5,14.0,0.5,0.3,0.4,535.0,830.0,1335.0,1010.0,26.0,725.0,14.0,0.5,0.3,0.4
1974,2,126.0,28.0,16.68,19.7,21.8,19.07,26.0,2.39,18.0,0.6,0.6,0.5,10.2,14.8,20.0,14.97,25.0,4.25,18.0,0.6,0.6,0.5,4.6,6.42,10.01,6.95,15.0,2.47,20.0,0.5,0.6,0.5,53.1,71.3,83.7,70.1,15.0,13.5,20.0,0.5,0.5,5.1,7.95,13.51,9.03,26.0,3.55,18.0,0.6,0.6,0.5,-4.6,-2.52,2.52,-1.43,26.0,5.23,18.0,0.6,0.6,0.5,-12.16,-3.23,4.82,-4.06,26.0,7.12,18.0,0.6,0.6,0.5,1017.3,1022.45,1027.3,1022.5,26.0,4.81,18.0,0.6,0.6,0.5,2.0,7.0,8.0,5.8,25.0,2.3,18.0,0.6,0.6,0.5,-43.7,-20.6,22.8,-5.5,26.0,59.3,18.0,0.6,0.6,0.5,-179.6,-18.8,24.8,-50.6,26.0,87.7,18.0,0.6,0.6,0.5,0.6,4.0,8.09,4.24,25.0,3.71,18.0,0.6,0.6,0.5,4.0,36.7,81.0,42.3,25.0,42.9,18.0,0.6,0.6,0.5,4.78,6.79,8.3,6.57,15.0,2.26,20.0,0.5,0.6,0.5,31.3,57.9,90.4,60.1,15.0,29.9,20.0,0.5,0.6,0.5,-93.3,-31.4,39.3,-33.0,25.0,73.7,18.0,0.6,0.6,0.5,-119.9,-40.8,91.7,-35.3,25.0,99.0,18.0,0.6,0.6,0.5,-28.2,-15.2,32.0,-5.2,15.0,30.8,20.0,0.5,0.6,0.5,-67.8,-41.9,3.2,-30.7,15.0,45.8,20.0,0.5,0.6,0.5,-29.9,-10.8,15.4,-2.5,15.0,41.0,20.0,0.5,0.6,0.5,-82.2,-26.6,5.6,-37.7,15.0,39.4,20.0,0.5,0.6,0.5,132.5,504.0,2467.5,1079.0,26.0,1097.5,18.0,0.6,0.6,0.5,135.0,505.0,2470.0,1080.0,26.0,1095.0,18.0,0.6,0.6,0.5
1974,2,126.0,29.0,17.66,18.0,18.9,18.22,31.0,1.03,12.0,0.4,0.7,0.5,12.5,15.5,17.2,15.13,33.0,2.82,12.0,0.5,0.6,0.5,5.97,7.52,11.21,7.96,19.0,2.33,12.0,0.6,0.7,0.6,64.8,74.0,87.4,75.3,19.0,10.4,12.0,0.6,0.6,6.2,8.2,9.63,8.29,32.0,2.62,12.0,0.4,0.6,0.5,-6.42,0.0,5.37,-0.71,32.0,5.27,12.0,0.4,0.6,0.5,-8.62,1.15,8.0,-0.16,32.0,7.04,12.0,0.4,0.6,0.5,1019.3,1022.9,1027.09,1023.18,33.0,4.05,12.0,0.5,0.6,0.5,2.0,5.0,8.0,4.8,33.0,2.6,12.0,0.5,0.6,0.5,-43.3,0.0,41.3,0.3,32.0,48.5,12.0,0.4,0.6,0.5,-84.0,7.6,68.2,-10.3,32.0,75.2,12.0,0.4,0.6,0.5,0.55,2.4,5.55,2.84,31.0,2.67,12.0,0.4,0.7,0.5,4.5,17.7,41.8,25.7,30.0,32.0,12.0,0.4,0.6,0.5,1.83,5.13,7.08,4.7,17.0,2.28,12.0,0.6,0.7,0.5,15.4,39.6,52.4,40.3,17.0,26.4,12.0,0.6,0.7,0.5,-99.8,0.0,73.3,-12.3,32.0,78.1,12.0,0.4,0.6,0.5,-118.2,17.3,145.4,10.0,32.0,103.3,12.0,0.4,0.6,0.5,-43.5,0.0,44.9,2.6,19.0,43.6,12.0,0.6,0.7,0.6,-48.8,8.8,75.6,11.6,19.0,56.2,12.0,0.6,0.7,0.6,-39.1,0.0,13.9,-5.3,17.0,32.7,12.0,0.6,0.7,0.5,-50.4,8.0,23.2,-4.6,17.0,36.0,12.0,0.6,0.7,0.5,238.5,551.5,913.5,743.0,32.0,717.5,12.0,0.4,0.6,0.5,240.0,550.0,915.0,745.0,32.0,720.0,12.0,0.4,0.6,0.5
1974,2,126.0,30.0,12.92,15.0,16.53,15.25,13.0,3.45,16.0,0.6,0.3,0.4,8.22,11.2,13.44,10.99,12.0,3.11,16.0,0.6,0.3,0.3,3.65,4.3,5.2,4.43,5.0,1.36,16.0,0.6,0.3,0.4,50.3,61.0,70.1,60.6,5.0,11.7,16.0,0.6,0.4,5.64,9.4,13.0,9.45,13.0,3.38,16.0,0.6,0.3,0.4,-3.28,0.0,4.18,0.69,13.0,4.78,16.0,0.6,0.3,0.4,-12.34,-7.71,-5.45,-8.27,13.0,3.29,16.0,0.6,0.3,0.4,1018.9,1027.65,1029.3,1025.28,12.0,4.67,18.0,0.6,0.3,0.4,4.0,7.0,8.0,6.3,12.0,1.9,16.0,0.6,0.3,0.3,-23.6,0.0,51.3,13.6,13.0,55.4,16.0,0.6,0.3,0.4,-152.5,-64.3,-30.8,-87.5,13.0,59.4,16.0,0.6,0.3,0.4,1.19,4.8,7.88,4.52,12.0,3.42,16.0,0.6,0.3,0.3,11.6,38.8,57.3,33.7,12.0,23.7,16.0,0.6,0.3,0.3,4.38,5.17,7.39,5.72,5.0,2.02,16.0,0.6,0.3,0.4,34.6,42.4,45.2,40.6,5.0,5.9,16.0,0.6,0.3,0.4,-38.0,-3.1,46.3,-0.1,12.0,58.1,16.0,0.6,0.3,0.3,-141.5,-79.2,-45.3,-91.7,12.0,53.9,16.0,0.6,0.3,0.3,-12.8,-2.7,18.0,2.6,5.0,19.0,16.0,0.6,0.3,0.4,-52.7,-27.1,-16.5,-36.0,5.0,30.0,16.0,0.6,0.3,0.4,-17.3,-8.3,12.9,-3.7,5.0,16.4,16.0,0.6,0.3,0.4,-43.3,-39.8,-30.3,-37.4,5.0,8.0,16.0,0.6,0.3,0.4,180.0,830.5,2198.0,1147.0,13.0,1015.5,16.0,0.6,0.3,0.4,180.0,830.0,2200.0,1145.0,13.0,1015.0,16.0,0.6,0.3,0.4
1974,2,126.0,31.0,,,,,,,,,,,,,,,,,,,,,,,,,,,,,,,,,,,,,,,,9.8,12.6,14.18,11.3,16.0,3.86,14.0,0.7,0.4,0.2,-10.07,-1.88,4.14,-3.27,16.0,6.95,14.0,0.7,0.4,0.2,-12.18,-9.92,-1.1,-7.88,16.0,5.02,14.0,0.7,0.4,0.2,1016.21,1020.6,1024.28,1020.45,17.0,4.35,14.0,0.7,0.4,0.2,,,,,,,,,,,,,,,,,,,,,,,,,,,,,,,,,,,,,,,,,,,,,,,,,,,,,,,,,,,,,,,,,,,,,,,,,,,,,,,,,,,,,,,,,,,,,,,,,,,,,,,,,,,,,,,,,,,,,,,,,,,,,,,,,,,,,,,,,,,,,,,,,,,,,,
1974,2,126.0,32.0,14.0,15.0,16.02,15.02,6.0,1.11,10.0,0.5,0.4,0.3,3.5,4.5,5.17,4.48,8.0,1.44,12.0,0.4,0.4,0.4,3.79,3.79,3.79,3.79,1.0,0.0,24.0,1.0,0.7,0.4,71.1,71.1,71.1,71.1,1.0,0.0,24.0,1.0,0.4,13.18,17.5,18.0,14.91,8.0,5.95,12.0,0.4,0.4,0.4,4.51,10.04,11.57,8.26,8.0,4.23,12.0,0.4,0.4,0.4,-14.55,-13.79,-12.31,-12.15,8.0,4.98,12.0,0.4,0.4,0.4,1018.83,1021.0,1024.47,1022.28,8.0,4.47,12.0,0.4,0.4,0.4,6.7,8.0,8.0,6.9,7.0,2.6,10.0,0.4,0.4,0.3,59.6,176.4,208.3,142.5,8.0,86.3,12.0,0.4,0.4,0.4,-250.1,-248.2,-163.7,-206.3,8.0,90.6,12.0,0.4,0.4,0.4,9.56,10.7,11.3,10.55,6.0,0.9,10.0,0.5,0.4,0.3,171.8,178.2,197.3,185.2,6.0,19.9,10.0,0.5,0.4,0.3,7.51,7.51,7.51,7.51,1.0,0.0,24.0,1.0,0.7,0.4,115.7,115.7,115.7,115.7,1.0,0.0,24.0,1.0,0.7,0.4,10.7,41.8,52.3,35.2,8.0,19.1,12.0,0.4,0.4,0.4,-70.1,-61.6,-26.8,-50.7,8.0,26.1,12.0,0.4,0.4,0.4,19.9,19.9,19.9,19.9,1.0,0.0,24.0,1.0,0.7,0.4,-54.8,-54.8,-54.8,-54.8,1.0,0.0,24.0,1.0,0.7,0.4,39.6,39.6,39.6,39.6,1.0,0.0,24.0,1.0,0.7,0.4,-108.7,-108.7,-108.7,-108.7,1.0,0.0,24.0,1.0,0.7,0.4,2313.5,5372.5,5832.0,4383.5,8.0,2313.0,12.0,0.4,0.4,0.4,2315.0,5375.0,5830.0,4385.0,8.0,2315.0,12.0,0.4,0.4,0.4
1974,2,126.0,33.0,,,,,,,,,,,,,,,,,,,,,,,,,,,,,,,,,,,,,,,,8.06,8.2,8.54,8.3,3.0,0.36,14.0,1.0,0.3,0.4,1.4,1.42,6.3,3.79,3.0,4.13,14.0,1.0,0.3,0.4,-8.01,-7.88,-1.47,-4.81,3.0,5.48,14.0,1.0,0.3,0.4,1012.41,1021.9,1021.9,1017.27,3.0,8.03,14.0,1.0,0.3,0.4,,,,,,,,,,,,,,,,,,,,,,,,,,,,,,,,,,,,,,,,,,,,,,,,,,,,,,,,,,,,,,,,,,,,,,,,,,,,,,,,,,,,,,,,,,,,,,,,,,,,,,,,,,,,,,,,,,,,,,,,,,,,,,,,,,,,,,,,,,,,,,,,,,,,,,
1974,2,127.0,-65.0,0.9,0.9,0.9,0.9,1.0,0.0,2.0,1.0,0.5,0.3,1.8,1.8,1.8,1.8,1.0,0.0,2.0,1.0,0.5,0.3,4.35,4.35,4.35,4.35,1.0,0.0,2.0,1.0,0.5,0.3,97.9,97.9,97.9,97.9,1.0,0.0,2.0,1.0,0.3,,,,,,,,,,,,,,,,,,,,,,,,,,,,,,,,,,,,,,,,,,,,,,,,,,,,,,,,,,,,,,,,,,,,,,,,,,,,,,,,,,,,,,,,,,,,,,,,,,,,,,,,,,,,,,,,,,,,,,,,,,,,,,,,,,,,,,,,,,,,,,,,,,,,,,,,,,,,,,,,,,,,,,,,,,,,,,,,,,,,,,,,,,,,,,
1974,2,127.0,-50.0,8.9,8.9,8.9,8.9,1.0,0.0,10.0,1.0,0.1,0.4,9.2,9.2,9.2,9.2,1.0,0.0,10.0,1.0,0.1,0.4,5.85,5.85,5.85,5.85,1.0,0.0,10.0,1.0,0.1,0.4,80.4,80.4,80.4,80.4,1.0,0.0,10.0,1.0,0.4,7.7,7.7,7.7,7.7,1.0,0.0,10.0,1.0,0.1,0.4,6.67,6.67,6.67,6.67,1.0,0.0,10.0,1.0,0.1,0.4,-3.85,-3.85,-3.85,-3.85,1.0,0.0,10.0,1.0,0.1,0.4,1002.0,1002.0,1002.0,1002.0,1.0,0.0,10.0,1.0,0.1,0.4,7.0,7.0,7.0,7.0,1.0,0.0,10.0,1.0,0.1,0.4,51.3,51.3,51.3,51.3,1.0,0.0,10.0,1.0,0.1,0.4,-29.6,-29.6,-29.6,-29.6,1.0,0.0,10.0,1.0,0.1,0.4,-0.3,-0.3,-0.3,-0.3,1.0,0.0,10.0,1.0,0.1,0.4,-2.3,-2.3,-2.3,-2.3,1.0,0.0,10.0,1.0,0.1,0.4,1.29,1.29,1.29,1.29,1.0,0.0,10.0,1.0,0.1,0.4,9.9,9.9,9.9,9.9,1.0,0.0,10.0,1.0,0.1,0.4,61.3,61.3,61.3,61.3,1.0,0.0,10.0,1.0,0.1,0.4,-35.4,-35.4,-35.4,-35.4,1.0,0.0,10.0,1.0,0.1,0.4,39.0,39.0,39.0,39.0,1.0,0.0,10.0,1.0,0.1,0.4,-22.5,-22.5,-22.5,-22.5,1.0,0.0,10.0,1.0,0.1,0.4,8.6,8.6,8.6,8.6,1.0,0.0,10.0,1.0,0.1,0.4,-5.0,-5.0,-5.0,-5.0,1.0,0.0,10.0,1.0,0.1,0.4,456.5,456.5,456.5,456.5,1.0,0.0,10.0,1.0,0.1,0.4,455.0,455.0,455.0,455.0,1.0,0.0,10.0,1.0,0.1,0.4
1974,2,127.0,-47.0,,,,,,,,,,,,,,,,,,,,,,,,,,,,,,,,,,,,,,,,3.73,4.1,5.1,4.67,9.0,1.34,18.0,0.4,0.5,0.5,-0.39,2.31,3.24,1.75,9.0,2.96,18.0,0.4,0.5,0.5,-4.78,-3.14,-1.69,-2.74,9.0,2.37,18.0,0.4,0.5,0.5,1013.0,1013.0,1013.0,1013.0,1.0,0.0,8.0,0.0,0.0,0.7,,,,,,,,,,,,,,,,,,,,,,,,,,,,,,,,,,,,,,,,,,,,,,,,,,,,,,,,,,,,,,,,,,,,,,,,,,,,,,,,,,,,,,,,,,,,,,,,,,,,,,,,,,,,,,,,,,,,,,,,,,,,,,,,,,,,,,,,,,,,,,,,,,,,,,
1974,2,127.0,-42.0,15.2,15.2,15.2,15.2,1.0,0.0,8.0,1.0,0.3,0.5,15.9,15.9,15.9,15.9,1.0,0.0,8.0,1.0,0.3,0.5,9.24,9.24,9.24,9.24,1.0,0.0,8.0,1.0,0.3,0.5,82.9,82.9,82.9,82.9,1.0,0.0,8.0,1.0,0.5,6.7,6.7,6.7,6.7,1.0,0.0,8.0,1.0,0.3,0.5,4.31,4.31,4.31,4.31,1.0,0.0,8.0,1.0,0.3,0.5,-5.13,-5.13,-5.13,-5.13,1.0,0.0,8.0,1.0,0.3,0.5,1018.2,1018.2,1018.2,1018.2,1.0,0.0,8.0,1.0,0.3,0.5,7.0,7.0,7.0,7.0,1.0,0.0,8.0,1.0,0.3,0.5,28.9,28.9,28.9,28.9,1.0,0.0,8.0,1.0,0.3,0.5,-34.4,-34.4,-34.4,-34.4,1.0,0.0,8.0,1.0,0.3,0.5,-0.7,-0.7,-0.7,-0.7,1.0,0.0,8.0,1.0,0.3,0.5,-4.7,-4.7,-4.7,-4.7,1.0,0.0,8.0,1.0,0.3,0.5,1.43,1.43,1.43,1.43,1.0,0.0,8.0,1.0,0.3,0.5,9.6,9.6,9.6,9.6,1.0,0.0,8.0,1.0,0.3,0.5,68.5,68.5,68.5,68.5,1.0,0.0,8.0,1.0,0.3,0.5,-81.6,-81.6,-81.6,-81.6,1.0,0.0,8.0,1.0,0.3,0.5,39.8,39.8,39.8,39.8,1.0,0.0,8.0,1.0,0.3,0.5,-47.4,-47.4,-47.4,-47.4,1.0,0.0,8.0,1.0,0.3,0.5,6.1,6.1,6.1,6.1,1.0,0.0,8.0,1.0,0.3,0.5,-7.3,-7.3,-7.3,-7.3,1.0,0.0,8.0,1.0,0.3,0.5,301.0,301.0,301.0,301.0,1.0,0.0,8.0,1.0,0.3,0.5,300.0,300.0,300.0,300.0,1.0,0.0,8.0,1.0,0.3,0.5
1974,2,127.0,-40.0,14.1,14.1,14.1,14.1,1.0,0.0,22.0,0.0,0.0,0.7,15.8,15.8,15.8,15.8,1.0,0.0,22.0,0.0,0.0,0.7,8.94,8.94,8.94,8.94,1.0,0.0,22.0,0.0,0.0,0.7,80.7,80.7,80.7,80.7,1.0,0.0,22.0,0.0,0.7,6.7,6.7,6.7,6.7,1.0,0.0,22.0,0.0,0.0,0.7,3.35,3.35,3.35,3.35,1.0,0.0,22.0,0.0,0.0,0.7,-5.8,-5.8,-5.8,-5.8,1.0,0.0,22.0,0.0,0.0,0.7,1018.4,1018.4,1018.4,1018.4,1.0,0.0,22.0,0.0,0.0,0.7,7.0,7.0,7.0,7.0,1.0,0.0,22.0,0.0,0.0,0.7,22.4,22.4,22.4,22.4,1.0,0.0,22.0,0.0,0.0,0.7,-38.9,-38.9,-38.9,-38.9,1.0,0.0,22.0,0.0,0.0,0.7,-1.7,-1.7,-1.7,-1.7,1.0,0.0,22.0,0.0,0.0,0.7,-11.4,-11.4,-11.4,-11.4,1.0,0.0,22.0,0.0,0.0,0.7,0.99,0.99,0.99,0.99,1.0,0.0,22.0,0.0,0.0,0.7,6.6,6.6,6.6,6.6,1.0,0.0,22.0,0.0,0.0,0.7,52.9,52.9,52.9,52.9,1.0,0.0,22.0,0.0,0.0,0.7,-91.7,-91.7,-91.7,-91.7,1.0,0.0,22.0,0.0,0.0,0.7,29.9,29.9,29.9,29.9,1.0,0.0,22.0,0.0,0.0,0.7,-51.8,-51.8,-51.8,-51.8,1.0,0.0,22.0,0.0,0.0,0.7,3.3,3.3,3.3,3.3,1.0,0.0,22.0,0.0,0.0,0.7,-5.7,-5.7,-5.7,-5.7,1.0,0.0,22.0,0.0,0.0,0.7,301.0,301.0,301.0,301.0,1.0,0.0,22.0,0.0,0.0,0.7,300.0,300.0,300.0,300.0,1.0,0.0,22.0,0.0,0.0,0.7
1974,2,127.0,-39.0,17.6,17.6,17.6,17.6,1.0,0.0,20.0,1.0,0.4,1.0,17.3,17.3,17.3,17.3,1.0,0.0,20.0,1.0,0.4,1.0,9.92,9.92,9.92,9.92,1.0,0.0,20.0,1.0,0.4,1.0,80.9,80.9,80.9,80.9,1.0,0.0,20.0,1.0,1.0,12.9,12.9,12.9,12.9,1.0,0.0,20.0,1.0,0.4,1.0,-4.41,-4.41,-4.41,-4.41,1.0,0.0,20.0,1.0,0.4,1.0,-12.12,-12.12,-12.12,-12.12,1.0,0.0,20.0,1.0,0.4,1.0,1012.1,1012.1,1012.1,1012.1,1.0,0.0,20.0,1.0,0.4,1.0,2.0,2.0,2.0,2.0,1.0,0.0,20.0,1.0,0.4,1.0,-56.9,-56.9,-56.9,-56.9,1.0,0.0,20.0,1.0,0.4,1.0,-156.4,-156.4,-156.4,-156.4,1.0,0.0,20.0,1.0,0.4,1.0,0.3,0.3,0.3,0.3,1.0,0.0,20.0,1.0,0.4,1.0,3.9,3.9,3.9,3.9,1.0,0.0,20.0,1.0,0.4,1.0,2.59,2.59,2.59,2.59,1.0,0.0,20.0,1.0,0.4,1.0,33.4,33.4,33.4,33.4,1.0,0.0,20.0,1.0,0.4,1.0,-76.3,-76.3,-76.3,-76.3,1.0,0.0,20.0,1.0,0.4,1.0,-209.7,-209.7,-209.7,-209.7,1.0,0.0,20.0,1.0,0.4,1.0,-43.8,-43.8,-43.8,-43.8,1.0,0.0,20.0,1.0,0.4,1.0,-120.3,-120.3,-120.3,-120.3,1.0,0.0,20.0,1.0,0.4,1.0,-11.4,-11.4,-11.4,-11.4,1.0,0.0,20.0,1.0,0.4,1.0,-31.4,-31.4,-31.4,-31.4,1.0,0.0,20.0,1.0,0.4,1.0,2146.5,2146.5,2146.5,2146.5,1.0,0.0,20.0,1.0,0.4,1.0,2145.0,2145.0,2145.0,2145.0,1.0,0.0,20.0,1.0,0.4,1.0
1974,2,127.0,-38.0,17.29,18.3,19.52,18.4,4.0,1.36,10.0,0.3,0.4,0.6,15.24,15.5,16.55,15.88,4.0,1.11,10.0,0.3,0.4,0.6,7.92,8.28,9.45,8.68,3.0,1.17,14.0,0.3,0.5,0.7,72.2,75.5,79.2,75.7,3.0,5.1,14.0,0.3,0.7,5.74,8.2,14.21,9.93,3.0,6.38,14.0,0.3,0.5,0.7,-2.2,2.8,12.32,5.01,3.0,10.81,14.0,0.3,0.5,0.7,-1.76,0.8,5.51,1.85,3.0,5.41,14.0,0.3,0.5,0.7,1007.2,1012.6,1017.63,1012.43,4.0,6.05,10.0,0.3,0.4,0.6,1.5,2.5,3.0,2.3,4.0,1.0,10.0,0.3,0.4,0.6,-6.9,23.0,201.6,95.6,3.0,165.2,14.0,0.3,0.5,0.7,-33.1,3.7,44.3,5.6,3.0,56.7,14.0,0.3,0.5,0.7,0.77,2.75,4.26,2.53,4.0,2.08,10.0,0.3,0.4,0.6,4.2,12.3,56.1,29.8,3.0,40.9,14.0,0.3,0.5,0.7,2.88,3.81,5.91,4.38,3.0,2.27,14.0,0.3,0.5,0.7,17.6,31.2,89.8,53.2,3.0,56.2,14.0,0.3,0.5,0.7,-40.3,43.5,190.9,74.6,3.0,171.5,14.0,0.3,0.5,0.7,-26.8,14.0,86.0,29.2,3.0,83.6,14.0,0.3,0.5,0.7,-23.5,23.2,96.0,36.0,3.0,88.3,14.0,0.3,0.5,0.7,-13.1,8.0,46.1,16.3,3.0,43.9,14.0,0.3,0.5,0.7,-4.2,10.7,82.0,38.3,3.0,67.5,14.0,0.3,0.5,0.7,-13.2,2.0,20.7,3.7,3.0,24.9,14.0,0.3,0.5,0.7,241.5,551.5,3528.5,1854.0,3.0,2659.0,14.0,0.3,0.5,0.7,240.0,550.0,3530.0,1855.0,3.0,2660.0,14.0,0.3,0.5,0.7
1974,2,127.0,-37.0,18.02,18.3,18.76,18.35,8.0,0.39,14.0,0.8,0.4,0.4,15.63,16.8,19.0,17.28,11.0,1.85,16.0,0.6,0.4,0.4,6.15,8.93,11.26,8.82,9.0,2.54,16.0,0.7,0.4,0.4,57.8,75.3,86.2,73.1,9.0,14.4,16.0,0.7,0.4,2.1,4.35,9.04,5.13,10.0,3.66,14.0,0.6,0.4,0.4,-3.07,-0.54,2.66,-0.09,10.0,3.68,14.0,0.6,0.4,0.4,0.3,2.08,8.35,3.64,10.0,3.79,14.0,0.6,0.4,0.4,1015.69,1020.3,1023.09,1019.63,11.0,4.27,16.0,0.6,0.4,0.4,4.6,7.0,8.0,6.0,11.0,2.1,16.0,0.6,0.4,0.4,-17.6,-1.1,24.7,3.2,10.0,27.1,14.0,0.6,0.4,0.4,1.3,4.4,74.7,29.2,10.0,39.6,14.0,0.6,0.4,0.4,1.33,2.3,2.78,1.65,8.0,1.99,14.0,0.8,0.4,0.4,4.2,7.4,24.8,14.1,7.0,12.9,12.0,0.7,0.4,0.4,3.47,4.59,6.74,4.59,8.0,2.37,14.0,0.8,0.4,0.4,8.2,20.8,59.0,28.4,7.0,26.5,12.0,0.7,0.4,0.4,-54.2,-9.0,42.0,-0.4,10.0,65.7,14.0,0.6,0.4,0.4,5.6,36.7,129.9,58.3,10.0,57.2,14.0,0.6,0.4,0.4,-35.9,-7.8,-0.4,-9.0,8.0,27.8,14.0,0.6,0.4,0.4,0.9,18.4,61.5,29.7,8.0,30.1,14.0,0.6,0.4,0.4,-12.5,-3.3,0.8,-4.6,7.0,11.5,12.0,0.7,0.4,0.4,0.0,9.2,58.1,24.4,7.0,28.1,12.0,0.7,0.4,0.4,9.5,83.0,742.0,326.0,10.0,406.5,14.0,0.6,0.4,0.4,10.0,85.0,740.0,325.0,10.0,405.0,14.0,0.6,0.4,0.4
1974,2,127.0,-36.0,17.97,18.8,19.87,18.86,5.0,1.08,14.0,0.4,0.5,0.6,16.86,17.75,19.17,17.75,6.0,1.72,16.0,0.3,0.5,0.6,6.82,9.51,11.49,9.22,5.0,2.42,14.0,0.4,0.5,0.6,60.0,77.4,85.4,73.9,5.0,14.9,14.0,0.4,0.6,3.0,4.85,7.8,5.22,6.0,2.31,16.0,0.3,0.5,0.6,-7.13,-4.82,-1.67,-4.4,6.0,2.73,16.0,0.3,0.5,0.6,-0.54,1.59,2.88,1.2,6.0,2.36,16.0,0.3,0.5,0.6,1017.47,1021.75,1023.44,1019.28,6.0,7.62,16.0,0.3,0.5,0.6,2.6,7.0,8.0,5.7,6.0,3.0,16.0,0.3,0.5,0.6,-56.2,-23.4,-5.1,-28.0,6.0,24.2,16.0,0.3,0.5,0.6,-4.2,5.2,12.8,5.2,6.0,17.3,16.0,0.3,0.5,0.6,0.51,1.4,2.22,1.36,5.0,1.01,14.0,0.4,0.5,0.6,3.9,6.4,6.6,5.2,5.0,2.9,14.0,0.4,0.5,0.6,2.48,3.45,6.36,4.27,5.0,2.23,14.0,0.4,0.5,0.6,13.0,21.1,24.8,19.3,5.0,7.3,14.0,0.4,0.5,0.6,-128.2,-87.9,-29.8,-81.0,6.0,52.1,16.0,0.3,0.5,0.6,-10.8,25.9,48.7,19.0,6.0,42.8,16.0,0.3,0.5,0.6,-74.0,-51.3,-10.0,-44.2,5.0,34.9,14.0,0.4,0.5,0.6,-5.6,16.5,24.9,10.1,5.0,25.5,14.0,0.4,0.5,0.6,-21.5,-14.7,-6.8,-14.2,5.0,8.6,14.0,0.4,0.5,0.6,-1.6,14.1,15.8,8.2,5.0,10.6,14.0,0.4,0.5,0.6,27.5,115.0,476.0,214.0,6.0,230.5,16.0,0.3,0.5,0.6,25.0,115.0,475.0,215.0,6.0,230.0,16.0,0.3,0.5,0.6
1974,2,127.0,-14.0,27.86,28.0,28.68,28.27,3.0,0.64,18.0,0.3,0.2,0.4,28.25,28.8,29.0,28.63,3.0,0.57,18.0,0.3,0.2,0.4,19.17,19.55,20.32,19.74,3.0,0.86,18.0,0.3,0.2,0.4,77.2,82.3,82.7,80.0,3.0,4.4,18.0,0.3,0.4,2.76,3.1,4.47,3.6,3.0,1.32,18.0,0.3,0.2,0.4,1.99,1.99,2.87,2.42,3.0,0.74,18.0,0.3,0.2,0.4,-3.42,-2.37,-1.89,-2.65,3.0,1.14,18.0,0.3,0.2,0.4,1004.36,1004.5,1005.8,1005.07,3.0,1.16,18.0,0.3,0.2,0.4,2.6,4.0,4.7,3.7,3.0,1.5,18.0,0.3,0.2,0.4,5.5,6.2,13.4,9.4,3.0,6.4,18.0,0.3,0.2,0.4,-15.9,-7.4,-5.3,-10.5,3.0,8.3,18.0,0.3,0.2,0.4,-0.81,-0.2,0.07,-0.37,3.0,0.67,18.0,0.3,0.2,0.4,-4.0,-0.6,0.2,-1.9,3.0,3.3,18.0,0.3,0.2,0.4,4.2,4.64,4.79,4.5,3.0,0.45,18.0,0.3,0.2,0.4,12.2,12.4,20.9,16.4,3.0,7.3,18.0,0.3,0.2,0.4,56.3,57.4,83.3,69.5,3.0,22.4,18.0,0.3,0.2,0.4,-98.7,-66.5,-54.0,-76.1,3.0,33.8,18.0,0.3,0.2,0.4,39.7,41.2,55.6,47.5,3.0,12.9,18.0,0.3,0.2,0.4,-65.4,-46.4,-38.3,-51.7,3.0,20.4,18.0,0.3,0.2,0.4,8.4,9.2,13.8,11.0,3.0,4.3,18.0,0.3,0.2,0.4,-16.0,-9.5,-8.3,-12.1,3.0,6.1,18.0,0.3,0.2,0.4,21.5,30.0,100.0,60.0,3.0,63.0,18.0,0.3,0.2,0.4,20.0,30.0,100.0,60.0,3.0,65.0,18.0,0.3,0.2,0.4
1974,2,127.0,-13.0,27.2,27.2,27.2,27.2,1.0,0.0,12.0,1.0,0.9,0.3,29.0,29.0,29.0,29.0,1.0,0.0,12.0,1.0,0.9,0.3,21.05,21.05,21.05,21.05,1.0,0.0,12.0,1.0,0.9,0.3,83.4,83.4,83.4,83.4,1.0,0.0,12.0,1.0,0.3,8.2,8.2,8.2,8.2,1.0,0.0,12.0,1.0,0.9,0.3,7.1,7.1,7.1,7.1,1.0,0.0,12.0,1.0,0.9,0.3,-4.1,-4.1,-4.1,-4.1,1.0,0.0,12.0,1.0,0.9,0.3,1004.7,1004.7,1004.7,1004.7,1.0,0.0,12.0,1.0,0.9,0.3,7.0,7.0,7.0,7.0,1.0,0.0,12.0,1.0,0.9,0.3,58.2,58.2,58.2,58.2,1.0,0.0,12.0,1.0,0.9,0.3,-33.6,-33.6,-33.6,-33.6,1.0,0.0,12.0,1.0,0.9,0.3,-1.8,-1.8,-1.8,-1.8,1.0,0.0,12.0,1.0,0.9,0.3,-14.8,-14.8,-14.8,-14.8,1.0,0.0,12.0,1.0,0.9,0.3,1.7,1.7,1.7,1.7,1.0,0.0,12.0,1.0,0.9,0.3,14.0,14.0,14.0,14.0,1.0,0.0,12.0,1.0,0.9,0.3,205.9,205.9,205.9,205.9,1.0,0.0,12.0,1.0,0.9,0.3,-118.9,-118.9,-118.9,-118.9,1.0,0.0,12.0,1.0,0.9,0.3,149.5,149.5,149.5,149.5,1.0,0.0,12.0,1.0,0.9,0.3,-86.3,-86.3,-86.3,-86.3,1.0,0.0,12.0,1.0,0.9,0.3,12.1,12.1,12.1,12.1,1.0,0.0,12.0,1.0,0.9,0.3,-7.0,-7.0,-7.0,-7.0,1.0,0.0,12.0,1.0,0.9,0.3,551.5,551.5,551.5,551.5,1.0,0.0,12.0,1.0,0.9,0.3,550.0,550.0,550.0,550.0,1.0,0.0,12.0,1.0,0.9,0.3
1974,2,127.0,-9.0,27.29,28.0,29.43,28.21,7.0,1.09,14.0,0.3,0.4,0.7,27.6,27.8,28.6,28.05,6.0,0.57,14.0,0.2,0.4,0.7,17.47,18.92,20.44,19.17,6.0,1.91,14.0,0.2,0.4,0.7,75.1,79.4,85.6,80.3,6.0,6.0,14.0,0.2,0.7,3.0,5.1,8.28,5.43,7.0,2.98,14.0,0.3,0.4,0.7,2.94,4.79,7.52,4.82,7.0,2.43,14.0,0.3,0.4,0.7,-3.25,-1.74,0.55,-1.89,7.0,2.46,14.0,0.3,0.4,0.7,1004.07,1005.9,1006.5,1005.36,7.0,1.21,14.0,0.3,0.4,0.7,1.9,3.0,6.0,3.4,7.0,2.1,14.0,0.3,0.4,0.7,9.0,24.4,63.7,32.2,7.0,27.0,14.0,0.3,0.4,0.7,-24.8,-8.9,1.8,-15.4,7.0,22.9,14.0,0.3,0.4,0.7,-0.52,0.2,0.77,0.32,6.0,1.01,14.0,0.2,0.4,0.7,-2.8,0.6,7.1,3.4,6.0,9.2,14.0,0.2,0.4,0.7,3.42,5.56,6.69,5.24,6.0,1.55,14.0,0.2,0.4,0.7,13.5,29.9,40.8,30.4,6.0,21.0,14.0,0.2,0.4,0.7,103.6,143.1,211.7,144.1,6.0,72.3,14.0,0.2,0.4,0.7,-106.3,-64.9,-9.5,-64.8,6.0,67.9,14.0,0.2,0.4,0.7,68.3,93.6,154.4,101.0,6.0,56.2,14.0,0.2,0.4,0.7,-76.0,-44.1,-5.8,-45.5,6.0,48.9,14.0,0.2,0.4,0.7,13.1,26.9,35.9,26.2,6.0,15.9,14.0,0.2,0.4,0.7,-21.5,-10.6,-2.5,-13.6,6.0,16.0,14.0,0.2,0.4,0.7,28.5,132.5,570.0,284.5,7.0,343.5,14.0,0.3,0.4,0.7,30.0,135.0,570.0,285.0,7.0,345.0,14.0,0.3,0.4,0.7
1974,2,127.0,-6.0,,,,,,,,,,,,,,,,,,,,,,,,,,,,,,,,,,,,,,,,8.7,8.7,8.7,8.7,1.0,0.0,24.0,0.0,0.9,0.8,8.7,8.7,8.7,8.7,1.0,0.0,24.0,0.0,0.9,0.8,0.0,0.0,0.0,0.0,1.0,0.0,24.0,0.0,0.9,0.8,1007.0,1007.0,1007.0,1007.0,1.0,0.0,24.0,0.0,0.9,0.8,,,,,,,,,,,,,,,,,,,,,,,,,,,,,,,,,,,,,,,,,,,,,,,,,,,,,,,,,,,,,,,,,,,,,,,,,,,,,,,,,,,,,,,,,,,,,,,,,,,,,,,,,,,,,,,,,,,,,,,,,,,,,,,,,,,,,,,,,,,,,,,,,,,,,,
1974,2,127.0,-5.0,27.7,27.7,27.7,27.7,1.0,0.0,14.0,1.0,0.9,0.5,26.49,27.1,27.71,27.1,2.0,1.27,14.0,1.0,0.8,0.4,17.47,17.47,17.47,17.47,1.0,0.0,14.0,1.0,0.9,0.5,82.1,82.1,82.1,82.1,1.0,0.0,14.0,1.0,0.5,4.83,6.4,7.97,6.4,2.0,3.25,14.0,1.0,0.8,0.4,4.02,5.92,7.82,5.92,2.0,3.93,14.0,1.0,0.8,0.4,-2.22,-1.32,-0.42,-1.32,2.0,1.86,14.0,1.0,0.8,0.4,1006.79,1007.85,1008.91,1007.85,2.0,2.19,14.0,1.0,0.8,0.4,8.0,8.0,8.0,8.0,2.0,0.0,14.0,1.0,0.8,0.4,22.8,44.3,65.7,44.3,2.0,44.4,14.0,1.0,0.8,0.4,-9.1,-5.4,-1.7,-5.4,2.0,7.6,14.0,1.0,0.8,0.4,1.5,1.5,1.5,1.5,1.0,0.0,14.0,1.0,0.9,0.5,6.2,6.2,6.2,6.2,1.0,0.0,14.0,1.0,0.9,0.5,5.86,5.86,5.86,5.86,1.0,0.0,14.0,1.0,0.9,0.5,24.0,24.0,24.0,24.0,1.0,0.0,14.0,1.0,0.9,0.5,107.9,162.9,218.0,162.9,2.0,114.1,14.0,1.0,0.8,0.4,-58.1,-34.5,-11.0,-34.5,2.0,48.8,14.0,1.0,0.8,0.4,54.9,54.9,54.9,54.9,1.0,0.0,14.0,1.0,0.9,0.5,-46.0,-46.0,-46.0,-46.0,1.0,0.0,14.0,1.0,0.9,0.5,18.4,18.4,18.4,18.4,1.0,0.0,14.0,1.0,0.9,0.5,-15.5,-15.5,-15.5,-15.5,1.0,0.0,14.0,1.0,0.9,0.5,162.5,363.5,565.0,363.5,2.0,417.0,14.0,1.0,0.8,0.4,160.0,365.0,565.0,365.0,2.0,415.0,14.0,1.0,0.8,0.4
1974,2,127.0,-4.0,27.58,27.75,27.92,27.75,2.0,0.35,8.0,0.5,0.6,0.7,25.96,27.4,28.0,27.0,4.0,1.33,14.0,0.5,0.5,0.6,16.54,17.39,18.24,17.39,2.0,1.76,8.0,0.5,0.6,0.7,81.0,82.3,83.6,82.3,2.0,2.6,8.0,0.5,0.7,5.39,6.45,8.3,6.83,4.0,1.87,14.0,0.5,0.5,0.6,1.51,4.44,5.98,3.78,4.0,2.85,14.0,0.5,0.5,0.6,-6.29,-1.8,2.67,-1.81,4.0,5.84,14.0,0.5,0.5,0.6,1005.79,1006.95,1009.0,1007.38,4.0,2.02,14.0,0.5,0.5,0.6,3.5,6.0,8.0,5.8,4.0,2.6,14.0,0.5,0.5,0.6,14.1,31.0,39.0,26.7,4.0,19.0,14.0,0.5,0.5,0.6,-54.9,-13.0,13.6,-20.3,4.0,45.8,14.0,0.5,0.5,0.6,1.03,1.75,2.47,1.75,2.0,1.48,8.0,0.5,0.6,0.7,8.7,13.3,18.0,13.3,2.0,9.7,8.0,0.5,0.6,0.7,5.0,6.07,7.14,6.07,2.0,2.21,8.0,0.5,0.6,0.7,44.0,48.4,52.9,48.4,2.0,9.3,8.0,0.5,0.6,0.7,40.6,121.2,158.4,100.5,4.0,75.4,14.0,0.5,0.5,0.6,-165.9,-45.4,74.8,-45.5,4.0,158.3,14.0,0.5,0.5,0.6,65.8,80.0,94.1,80.0,2.0,29.3,8.0,0.5,0.6,0.7,-146.2,-110.5,-74.8,-110.5,2.0,74.1,8.0,0.5,0.6,0.7,19.6,31.0,42.3,31.0,2.0,23.5,8.0,0.5,0.6,0.7,-37.5,-33.4,-29.4,-33.4,2.0,8.4,8.0,0.5,0.6,0.7,157.5,279.0,599.0,374.0,4.0,305.0,14.0,0.5,0.5,0.6,160.0,280.0,600.0,375.0,4.0,305.0,14.0,0.5,0.5,0.6
1974,2,127.0,-3.0,27.97,28.35,28.73,28.35,2.0,0.78,14.0,1.0,0.3,0.7,25.63,27.0,29.18,27.4,3.0,2.62,18.0,1.0,0.2,0.7,17.84,18.24,18.63,18.24,2.0,0.82,14.0,1.0,0.3,0.7,72.9,79.5,86.1,79.5,2.0,13.7,14.0,1.0,0.7,7.36,7.7,8.04,7.7,2.0,0.71,16.0,1.0,0.1,0.7,4.33,5.9,7.47,5.9,2.0,3.25,16.0,1.0,0.1,0.7,-5.25,-3.12,-0.99,-3.12,2.0,4.41,16.0,1.0,0.1,0.7,1008.03,1008.1,1010.08,1009.03,3.0,1.7,18.0,1.0,0.2,0.7,7.0,7.0,7.7,7.3,3.0,0.6,18.0,1.0,0.2,0.7,32.5,46.6,60.7,46.6,2.0,29.2,16.0,1.0,0.1,0.7,-37.8,-22.4,-7.1,-22.4,2.0,31.7,16.0,1.0,0.1,0.7,-1.4,0.75,2.9,0.75,2.0,4.45,14.0,1.0,0.3,0.7,-17.3,-17.3,-17.3,-17.3,1.0,0.0,8.0,1.0,0.1,0.6,5.11,6.02,6.93,6.02,2.0,1.89,14.0,1.0,0.3,0.7,33.7,33.7,33.7,33.7,1.0,0.0,8.0,1.0,0.1,0.6,126.6,165.1,203.5,165.1,2.0,79.7,16.0,1.0,0.1,0.7,-158.4,-94.2,-29.9,-94.2,2.0,133.2,16.0,1.0,0.1,0.7,67.7,67.7,67.7,67.7,1.0,0.0,8.0,1.0,0.1,0.6,-117.3,-117.3,-117.3,-117.3,1.0,0.0,8.0,1.0,0.1,0.6,16.9,16.9,16.9,16.9,1.0,0.0,8.0,1.0,0.1,0.6,-29.2,-29.2,-29.2,-29.2,1.0,0.0,8.0,1.0,0.1,0.6,401.5,462.5,523.0,462.5,2.0,126.0,16.0,1.0,0.1,0.7,400.0,460.0,525.0,460.0,2.0,125.0,16.0,1.0,0.1,0.7
1974,2,127.0,-2.0,28.16,28.5,28.84,28.5,2.0,0.71,8.0,0.0,0.7,1.0,25.95,27.0,27.05,26.53,4.0,1.02,12.0,0.0,0.6,0.7,17.38,17.73,18.07,17.73,2.0,0.71,8.0,0.0,0.7,1.0,77.3,79.0,80.8,79.0,2.0,3.7,8.0,0.0,1.0,2.34,3.85,5.68,4.0,4.0,1.97,12.0,0.0,0.6,0.7,0.11,2.95,5.11,2.62,4.0,3.3,12.0,0.0,0.6,0.7,-1.52,-0.67,1.72,0.06,4.0,2.26,12.0,0.0,0.6,0.7,1006.77,1009.0,1009.71,1008.28,4.0,2.19,12.0,0.0,0.6,0.7,6.0,6.5,7.5,6.8,4.0,1.0,12.0,0.0,0.6,0.7,0.7,12.6,29.6,15.0,4.0,18.3,12.0,0.0,0.6,0.7,-3.6,-1.4,8.8,2.4,4.0,9.7,12.0,0.0,0.6,0.7,1.07,1.45,1.83,1.45,2.0,0.78,8.0,0.0,0.7,1.0,2.4,3.5,4.7,3.5,2.0,2.3,8.0,0.0,0.7,1.0,6.68,6.8,6.91,6.8,2.0,0.24,8.0,0.0,0.7,1.0,14.6,16.0,17.4,16.0,2.0,3.0,8.0,0.0,0.7,1.0,2.8,79.6,131.4,67.7,4.0,84.9,12.0,0.0,0.6,0.7,-41.1,-18.3,46.4,1.7,4.0,61.1,12.0,0.0,0.6,0.7,-17.5,4.3,26.1,4.3,2.0,45.3,8.0,0.0,0.7,1.0,-29.3,-26.9,-24.4,-26.9,2.0,5.1,8.0,0.0,0.7,1.0,-6.8,1.6,10.0,1.6,2.0,17.3,8.0,0.0,0.7,1.0,-11.2,-10.3,-9.4,-10.3,2.0,1.9,8.0,0.0,0.7,1.0,13.0,75.0,188.0,99.5,4.0,108.5,12.0,0.0,0.6,0.7,15.0,75.0,190.0,100.0,4.0,110.0,12.0,0.0,0.6,0.7
1974,2,127.0,0.0,26.58,27.5,28.26,27.43,4.0,1.03,12.0,0.5,0.0,0.4,26.69,27.4,31.0,28.22,6.0,2.28,14.0,0.7,0.0,0.3,17.28,19.6,20.87,19.13,5.0,1.96,14.0,0.6,0.0,0.4,72.5,74.8,85.3,78.8,5.0,10.0,14.0,0.6,0.4,4.92,5.1,5.88,5.34,5.0,0.62,14.0,0.8,0.0,0.2,0.53,3.28,5.4,2.92,5.0,3.02,14.0,0.8,0.0,0.2,-4.49,-3.91,-1.81,-3.17,5.0,1.91,14.0,0.8,0.0,0.2,1007.9,1008.9,1009.97,1009.0,6.0,1.25,14.0,0.7,0.0,0.3,5.0,6.0,6.2,5.8,6.0,0.8,14.0,0.7,0.0,0.3,3.0,16.7,31.9,17.0,5.0,17.6,14.0,0.8,0.0,0.2,-21.6,-19.9,-10.3,-16.1,5.0,9.5,14.0,0.8,0.0,0.2,-2.76,-1.65,0.4,-1.2,4.0,2.03,12.0,0.5,0.0,0.4,-15.7,-12.7,0.7,-7.6,3.0,12.8,10.0,0.7,0.0,0.3,2.72,3.21,3.71,3.22,4.0,0.58,12.0,0.5,0.0,0.4,13.5,15.2,17.9,15.7,3.0,3.3,10.0,0.7,0.0,0.3,16.1,101.6,158.3,86.1,5.0,84.7,14.0,0.8,0.0,0.2,-125.5,-110.2,-56.1,-90.6,5.0,53.3,14.0,0.8,0.0,0.2,-2.4,48.4,86.9,42.5,4.0,57.8,14.0,0.8,0.0,0.3,-83.0,-80.1,-69.2,-76.3,4.0,11.0,14.0,0.8,0.0,0.3,0.9,12.3,12.9,7.1,3.0,9.9,10.0,0.7,0.0,0.3,-13.8,-12.0,-9.0,-11.4,3.0,3.6,10.0,0.7,0.0,0.3,120.0,132.5,204.5,157.0,5.0,55.0,14.0,0.8,0.0,0.2,120.0,135.0,205.0,155.0,5.0,55.0,14.0,0.8,0.0,0.2
1974,2,127.0,1.0,27.48,28.0,28.26,27.88,4.0,0.63,14.0,0.5,0.3,0.4,26.01,26.35,29.9,27.43,8.0,1.92,16.0,0.6,0.3,0.5,16.27,17.71,17.97,17.31,6.0,0.85,16.0,0.5,0.3,0.5,72.4,83.8,84.9,79.8,6.0,8.8,16.0,0.5,0.5,3.16,4.6,7.41,4.81,8.0,2.02,16.0,0.6,0.3,0.5,-3.16,0.53,1.9,-0.17,8.0,2.65,16.0,0.6,0.3,0.5,-7.25,-3.41,0.5,-3.19,8.0,3.44,16.0,0.6,0.3,0.5,1005.12,1007.6,1009.62,1007.5,8.0,2.19,16.0,0.6,0.3,0.5,6.1,7.5,8.0,7.3,8.0,0.9,16.0,0.6,0.3,0.5,-12.0,1.6,9.6,-1.0,8.0,12.3,16.0,0.6,0.3,0.5,-54.3,-14.5,0.8,-20.3,8.0,25.4,16.0,0.6,0.3,0.5,0.14,1.75,2.0,1.1,4.0,1.49,14.0,0.5,0.3,0.4,-1.5,6.6,8.6,3.7,4.0,8.3,14.0,0.5,0.3,0.4,5.23,6.87,7.98,6.61,4.0,1.75,14.0,0.5,0.3,0.4,19.6,31.3,50.8,35.0,4.0,18.9,14.0,0.5,0.3,0.4,-94.5,13.8,50.2,-5.6,8.0,72.0,16.0,0.6,0.3,0.5,-209.6,-89.6,12.6,-90.8,8.0,99.2,16.0,0.6,0.3,0.5,-33.4,9.3,38.9,1.2,6.0,46.7,16.0,0.5,0.3,0.5,-91.1,-57.1,16.0,-46.5,6.0,57.7,16.0,0.5,0.3,0.5,-14.7,-1.8,17.5,1.2,4.0,20.4,14.0,0.5,0.3,0.4,-45.6,-25.3,-5.0,-25.3,4.0,26.9,14.0,0.5,0.3,0.4,31.5,97.5,420.5,166.0,8.0,184.0,16.0,0.6,0.3,0.5,30.0,95.0,420.0,165.0,8.0,185.0,16.0,0.6,0.3,0.5
1974,2,127.0,2.0,26.97,28.0,28.52,27.69,7.0,0.95,14.0,0.7,0.4,0.6,26.0,27.0,29.64,27.61,10.0,1.98,14.0,0.6,0.4,0.6,18.81,19.21,20.06,19.4,7.0,1.1,14.0,0.7,0.4,0.6,72.5,81.9,92.1,82.0,7.0,9.2,14.0,0.7,0.6,2.81,4.35,7.06,4.57,10.0,2.43,14.0,0.6,0.4,0.6,-2.69,0.53,3.81,0.38,10.0,3.64,14.0,0.6,0.4,0.6,-5.08,-2.56,0.82,-2.16,10.0,3.24,14.0,0.6,0.4,0.6,1005.59,1007.1,1009.19,1007.44,10.0,1.85,14.0,0.6,0.4,0.6,5.4,6.0,7.6,6.2,10.0,1.5,14.0,0.6,0.4,0.6,-10.4,1.2,26.3,4.9,10.0,24.7,14.0,0.6,0.4,0.6,-33.8,-8.4,3.9,-13.2,10.0,22.9,14.0,0.6,0.4,0.6,-2.12,-0.8,2.52,-0.33,7.0,2.67,14.0,0.7,0.4,0.6,-4.8,-2.2,8.0,0.8,7.0,7.0,14.0,0.7,0.4,0.6,2.36,4.74,5.34,4.0,7.0,1.58,14.0,0.7,0.4,0.6,7.2,17.9,19.6,14.5,7.0,7.9,14.0,0.7,0.4,0.6,-73.7,14.3,103.1,9.8,10.0,97.4,14.0,0.6,0.4,0.6,-135.2,-70.0,22.3,-58.9,10.0,88.0,14.0,0.6,0.4,0.6,-32.8,3.6,40.6,-2.5,7.0,40.7,14.0,0.7,0.4,0.6,-65.5,-48.6,12.8,-28.8,7.0,51.4,14.0,0.7,0.4,0.6,-7.1,0.2,9.1,-0.3,7.0,9.8,14.0,0.7,0.4,0.6,-18.2,-9.7,1.3,-7.3,7.0,12.2,14.0,0.7,0.4,0.6,23.0,83.0,363.0,171.0,10.0,219.5,14.0,0.6,0.4,0.6,25.0,85.0,365.0,170.0,10.0,220.0,14.0,0.6,0.4,0.6
1974,2,127.0,3.0,26.75,28.0,30.0,28.27,12.0,1.59,18.0,0.4,0.5,0.4,26.0,27.0,28.1,27.14,13.0,1.44,18.0,0.5,0.5,0.4,17.74,18.47,19.55,18.83,12.0,1.36,18.0,0.4,0.5,0.4,76.9,81.8,92.6,83.5,12.0,7.4,18.0,0.4,0.4,2.6,6.2,9.3,5.91,13.0,2.67,18.0,0.5,0.5,0.4,-3.21,0.0,1.17,-0.4,13.0,2.5,18.0,0.5,0.5,0.4,-8.79,-5.1,1.79,-3.97,13.0,4.63,18.0,0.5,0.5,0.4,1005.7,1006.0,1008.05,1006.68,13.0,1.53,18.0,0.5,0.5,0.4,3.9,7.0,8.0,6.1,13.0,1.8,18.0,0.5,0.5,0.4,-17.5,0.0,3.0,-3.2,13.0,16.1,18.0,0.5,0.5,0.4,-81.8,-26.0,5.2,-32.5,13.0,39.4,18.0,0.5,0.5,0.4,-1.23,2.0,3.0,1.12,12.0,2.22,18.0,0.4,0.5,0.4,-5.9,6.0,19.4,7.2,12.0,13.1,18.0,0.4,0.5,0.4,3.17,5.04,8.37,5.46,12.0,2.82,18.0,0.4,0.5,0.4,12.6,24.2,60.7,32.6,12.0,27.1,18.0,0.4,0.5,0.4,-93.7,0.0,31.6,-12.8,13.0,67.3,18.0,0.5,0.5,0.4,-251.3,-140.8,50.9,-106.1,13.0,127.9,18.0,0.5,0.5,0.4,-63.5,0.0,25.8,-9.5,12.0,51.1,18.0,0.4,0.5,0.4,-130.6,-82.6,40.0,-64.1,12.0,84.4,18.0,0.4,0.5,0.4,-18.4,0.0,5.3,-3.3,12.0,14.7,18.0,0.4,0.5,0.4,-60.7,-18.4,3.0,-25.3,12.0,31.1,18.0,0.4,0.5,0.4,17.5,238.5,804.5,325.0,13.0,353.0,18.0,0.5,0.5,0.4,20.0,240.0,805.0,325.0,13.0,355.0,18.0,0.5,0.5,0.4
1974,2,127.0,4.0,26.5,27.5,29.0,27.71,8.0,1.52,16.0,0.4,0.5,0.4,25.26,26.0,26.44,25.86,8.0,0.76,16.0,0.4,0.5,0.4,17.48,18.13,19.36,18.43,7.0,1.22,16.0,0.3,0.6,0.3,83.0,85.1,93.0,87.7,7.0,6.6,16.0,0.3,0.3,3.1,3.6,4.54,4.05,8.0,1.62,16.0,0.4,0.5,0.4,-2.27,-1.7,-0.12,-1.18,8.0,1.64,16.0,0.4,0.5,0.4,-3.97,-3.23,-1.21,-3.02,8.0,2.58,16.0,0.4,0.5,0.4,1006.49,1007.85,1009.86,1008.19,8.0,1.87,16.0,0.4,0.5,0.4,5.0,6.5,8.0,6.4,8.0,1.6,16.0,0.4,0.5,0.4,-9.0,-6.0,-0.4,-4.7,8.0,5.4,16.0,0.4,0.5,0.4,-18.0,-11.8,-3.7,-15.5,8.0,19.0,16.0,0.4,0.5,0.4,0.09,2.15,3.44,1.85,8.0,1.58,16.0,0.4,0.5,0.4,0.4,6.3,12.1,8.1,8.0,9.1,16.0,0.4,0.5,0.4,3.17,4.5,8.18,5.27,7.0,2.66,16.0,0.3,0.6,0.3,14.3,25.4,30.6,21.6,7.0,10.3,16.0,0.3,0.6,0.3,-59.1,-44.4,-3.1,-31.4,8.0,42.7,16.0,0.4,0.5,0.4,-103.1,-84.0,-32.4,-77.3,8.0,63.8,16.0,0.4,0.5,0.4,-41.2,-36.5,-17.3,-31.1,7.0,19.0,16.0,0.3,0.6,0.3,-73.6,-63.2,-42.9,-66.7,7.0,39.9,16.0,0.3,0.6,0.3,-15.3,-7.5,-4.6,-8.3,7.0,5.9,16.0,0.3,0.6,0.3,-26.7,-19.7,-12.4,-19.0,7.0,10.7,16.0,0.3,0.6,0.3,30.0,49.5,94.0,100.0,8.0,146.5,16.0,0.4,0.5,0.4,30.0,50.0,95.0,100.0,8.0,145.0,16.0,0.4,0.5,0.4
1974,2,127.0,5.0,26.91,28.0,30.05,28.17,7.0,1.9,18.0,0.3,0.6,0.5,26.0,26.3,27.94,26.93,8.0,1.23,20.0,0.4,0.6,0.5,18.02,18.61,19.49,18.85,7.0,0.94,18.0,0.3,0.6,0.5,78.1,84.1,92.0,84.3,7.0,7.8,18.0,0.3,0.5,4.6,5.95,9.07,6.31,8.0,2.34,20.0,0.4,0.6,0.5,-5.82,-3.63,-0.83,-3.22,8.0,2.36,20.0,0.4,0.6,0.5,-7.03,-4.45,-1.28,-4.41,8.0,3.39,20.0,0.4,0.6,0.5,1006.29,1008.2,1009.1,1007.95,8.0,1.74,20.0,0.4,0.6,0.5,2.2,5.5,7.0,5.1,8.0,2.3,20.0,0.4,0.6,0.5,-36.5,-20.9,-3.3,-21.0,8.0,19.1,20.0,0.4,0.6,0.5,-63.9,-22.9,-6.9,-33.1,8.0,33.9,20.0,0.4,0.6,0.5,-0.92,0.5,3.05,1.11,7.0,1.97,18.0,0.3,0.6,0.5,-5.7,3.6,18.9,6.8,7.0,12.8,18.0,0.3,0.6,0.5,3.24,4.39,7.47,5.29,7.0,2.57,18.0,0.3,0.6,0.5,14.2,23.7,36.5,32.6,7.0,27.0,18.0,0.3,0.6,0.5,-154.8,-103.2,-21.6,-87.5,8.0,63.9,20.0,0.4,0.6,0.5,-196.4,-122.9,-33.5,-119.5,8.0,90.5,20.0,0.4,0.6,0.5,-108.9,-73.5,-19.2,-68.9,7.0,38.9,18.0,0.3,0.6,0.5,-127.6,-78.7,-17.5,-69.1,7.0,54.4,18.0,0.3,0.6,0.5,-34.5,-14.1,-4.4,-20.9,7.0,19.4,18.0,0.3,0.6,0.5,-27.2,-19.9,-2.1,-20.6,7.0,24.3,18.0,0.3,0.6,0.5,97.5,212.0,756.5,346.0,8.0,343.5,20.0,0.4,0.6,0.5,95.0,210.0,755.0,345.0,8.0,345.0,20.0,0.4,0.6,0.5
1974,2,127.0,6.0,28.0,28.75,29.21,28.75,6.0,0.76,18.0,0.8,0.8,0.5,25.27,26.0,27.57,26.7,9.0,2.14,20.0,0.6,0.7,0.5,18.26,18.49,19.89,18.97,7.0,0.97,18.0,0.7,0.7,0.5,83.1,85.6,91.9,85.6,7.0,8.2,18.0,0.7,0.5,4.6,6.2,8.96,6.69,9.0,2.69,20.0,0.6,0.7,0.5,-3.34,-2.12,2.45,-1.12,9.0,2.97,20.0,0.6,0.7,0.5,-8.37,-4.94,-3.23,-5.29,9.0,3.99,20.0,0.6,0.7,0.5,1006.05,1007.2,1008.53,1007.22,9.0,1.18,20.0,0.6,0.7,0.5,3.3,6.0,7.7,5.8,9.0,2.0,20.0,0.6,0.7,0.5,-16.2,-10.6,10.6,-5.5,9.0,19.5,20.0,0.6,0.7,0.5,-76.1,-28.9,-14.9,-44.0,9.0,48.2,20.0,0.6,0.7,0.5,0.19,2.05,3.41,1.7,6.0,2.63,18.0,0.8,0.8,0.5,2.6,10.5,21.2,10.7,6.0,14.6,18.0,0.8,0.8,0.5,4.68,5.44,6.53,5.76,6.0,1.46,18.0,0.8,0.8,0.5,24.4,31.0,39.3,32.9,6.0,11.1,18.0,0.8,0.8,0.5,-87.9,-53.0,63.7,-31.6,9.0,79.7,20.0,0.6,0.7,0.5,-216.0,-128.3,-89.5,-139.8,9.0,102.6,20.0,0.6,0.7,0.5,-66.9,-47.2,-18.7,-46.9,7.0,32.8,18.0,0.7,0.7,0.5,-116.8,-95.9,-80.5,-108.1,7.0,53.2,18.0,0.7,0.7,0.5,-22.5,-12.1,-10.6,-15.5,6.0,7.2,18.0,0.8,0.8,0.5,-36.3,-22.4,-18.7,-27.6,6.0,13.0,18.0,0.8,0.8,0.5,97.5,238.5,768.5,447.5,9.0,592.5,20.0,0.6,0.7,0.5,95.0,240.0,770.0,450.0,9.0,590.0,20.0,0.6,0.7,0.5
1974,2,127.0,7.0,27.2,28.0,29.57,28.31,10.0,1.13,14.0,0.6,0.5,0.3,25.77,27.1,28.86,27.19,10.0,1.75,14.0,0.6,0.5,0.3,17.11,18.15,20.75,18.96,10.0,2.26,14.0,0.6,0.5,0.3,76.0,82.1,96.3,84.1,10.0,11.4,14.0,0.6,0.3,3.27,4.85,5.7,5.28,8.0,2.5,14.0,0.6,0.5,0.3,-3.67,-2.42,3.02,-1.14,8.0,3.29,14.0,0.6,0.5,0.3,-4.8,-3.12,-2.92,-4.07,8.0,2.62,14.0,0.6,0.5,0.3,1007.04,1008.3,1009.37,1008.31,10.0,1.35,14.0,0.6,0.5,0.3,1.3,7.0,8.0,5.1,9.0,3.1,14.0,0.7,0.6,0.3,-19.5,-10.7,14.0,-7.5,8.0,20.7,14.0,0.6,0.5,0.3,-27.3,-15.2,-9.5,-27.0,8.0,34.1,14.0,0.6,0.5,0.3,0.0,0.75,2.57,1.12,10.0,1.3,14.0,0.6,0.5,0.3,0.0,1.6,11.0,4.9,8.0,6.5,14.0,0.6,0.5,0.3,3.46,5.07,6.81,5.3,10.0,1.86,14.0,0.6,0.5,0.3,22.3,27.1,38.3,30.5,8.0,17.2,14.0,0.6,0.5,0.3,-99.3,-72.1,77.0,-35.1,8.0,85.9,14.0,0.6,0.5,0.3,-141.7,-84.4,-76.0,-110.6,8.0,71.6,14.0,0.6,0.5,0.3,-64.7,-44.8,51.1,-22.0,8.0,58.0,14.0,0.6,0.5,0.3,-94.2,-60.1,-50.6,-73.8,8.0,46.7,14.0,0.6,0.5,0.3,-19.8,-17.4,19.0,-6.8,8.0,19.2,14.0,0.6,0.5,0.3,-32.4,-17.4,-14.4,-23.5,8.0,17.6,14.0,0.6,0.5,0.3,37.5,115.0,185.0,250.5,8.0,412.5,14.0,0.6,0.5,0.3,35.0,115.0,185.0,250.0,8.0,410.0,14.0,0.6,0.5,0.3
1974,2,127.0,8.0,26.69,28.1,28.57,27.65,4.0,1.48,12.0,0.8,0.6,0.4,26.96,28.4,29.81,28.52,6.0,1.6,14.0,0.8,0.5,0.5,17.55,18.81,21.29,19.4,4.0,2.35,16.0,1.0,0.6,0.4,72.9,79.4,87.7,80.3,4.0,10.8,16.0,1.0,0.4,3.79,5.1,10.61,6.5,6.0,3.67,14.0,0.8,0.5,0.5,-4.73,-3.73,-1.16,-3.2,6.0,3.23,14.0,0.8,0.5,0.5,-7.65,-3.28,-1.97,-4.75,6.0,3.79,14.0,0.8,0.5,0.5,1006.77,1007.55,1010.21,1008.12,6.0,2.02,14.0,0.8,0.5,0.5,3.6,5.5,7.2,5.3,6.0,2.2,14.0,0.8,0.5,0.5,-32.6,-17.2,0.9,-19.4,6.0,34.5,14.0,0.8,0.5,0.5,-82.4,-16.7,-7.6,-41.9,6.0,52.1,14.0,0.8,0.5,0.5,-0.97,-0.6,-0.29,-0.62,4.0,0.53,12.0,0.8,0.6,0.4,-8.2,-2.0,-0.7,-4.4,4.0,6.1,12.0,0.8,0.6,0.4,2.23,4.07,6.4,4.31,3.0,3.06,12.0,1.0,0.6,0.5,16.4,16.7,18.6,17.5,3.0,1.8,12.0,1.0,0.6,0.5,-139.8,-103.9,-34.8,-90.3,6.0,88.1,14.0,0.8,0.5,0.5,-208.0,-95.1,-57.0,-133.5,6.0,104.3,14.0,0.8,0.5,0.5,-69.8,-51.7,7.4,-32.1,4.0,54.6,16.0,1.0,0.6,0.4,-164.1,-49.2,-34.9,-97.2,4.0,109.8,16.0,1.0,0.6,0.4,-14.8,-14.5,-2.7,-8.9,3.0,10.1,12.0,1.0,0.6,0.5,-14.9,-12.5,-9.7,-12.3,3.0,3.8,12.0,1.0,0.6,0.5,58.5,132.5,1206.5,514.5,6.0,685.0,14.0,0.8,0.5,0.5,60.0,135.0,1205.0,515.0,6.0,685.0,14.0,0.8,0.5,0.5
1974,2,127.0,9.0,27.73,27.9,28.0,27.86,5.0,0.17,18.0,0.8,0.4,0.6,26.0,26.3,27.67,26.8,5.0,1.07,18.0,0.8,0.4,0.6,18.12,18.45,19.29,18.7,5.0,1.03,18.0,0.8,0.4,0.6,80.7,86.1,89.2,84.8,5.0,5.6,18.0,0.8,0.6,4.23,5.1,9.98,6.68,5.0,3.13,18.0,0.8,0.4,0.6,-7.7,-4.53,-3.14,-5.34,5.0,3.13,18.0,0.8,0.4,0.6,-4.82,-3.12,-1.43,-3.3,5.0,2.56,18.0,0.8,0.4,0.6,1007.88,1009.6,1010.61,1009.24,5.0,1.63,18.0,0.8,0.4,0.6,4.0,6.0,8.0,6.0,5.0,2.0,18.0,0.8,0.4,0.6,-77.3,-20.8,-15.0,-42.7,5.0,40.3,18.0,0.8,0.4,0.6,-38.6,-16.7,-8.5,-24.7,5.0,27.9,18.0,0.8,0.4,0.6,0.19,1.3,2.0,1.06,5.0,1.12,18.0,0.8,0.4,0.6,1.2,6.9,8.3,4.6,5.0,6.8,18.0,0.8,0.4,0.6,4.2,5.01,5.47,4.86,5.0,1.04,18.0,0.8,0.4,0.6,22.1,25.8,39.3,30.7,5.0,12.4,18.0,0.8,0.4,0.6,-214.3,-119.1,-81.6,-145.6,5.0,91.7,18.0,0.8,0.4,0.6,-128.7,-81.1,-40.0,-88.5,5.0,69.7,18.0,0.8,0.4,0.6,-149.9,-83.5,-57.8,-100.7,5.0,59.3,18.0,0.8,0.4,0.6,-94.7,-54.8,-26.3,-63.4,5.0,53.4,18.0,0.8,0.4,0.6,-32.2,-20.7,-16.6,-24.8,5.0,15.2,18.0,0.8,0.4,0.6,-21.2,-16.6,-7.1,-14.7,5.0,8.3,18.0,0.8,0.4,0.6,79.0,132.5,996.5,462.0,5.0,510.0,18.0,0.8,0.4,0.6,80.0,135.0,995.0,460.0,5.0,510.0,18.0,0.8,0.4,0.6
1974,2,127.0,10.0,26.9,27.75,28.6,27.75,2.0,1.77,10.0,0.5,0.8,0.1,26.0,27.0,27.12,26.77,6.0,0.64,8.0,0.7,0.6,0.3,19.27,20.53,21.79,20.53,2.0,2.61,10.0,0.5,0.8,0.1,85.7,90.1,94.5,90.1,2.0,9.1,10.0,0.5,0.1,4.6,7.2,12.73,8.38,6.0,4.28,8.0,0.7,0.6,0.3,-10.27,-5.54,-3.52,-6.85,6.0,3.93,8.0,0.7,0.6,0.3,-7.29,-2.96,1.02,-2.67,6.0,4.74,8.0,0.7,0.6,0.3,1006.67,1009.0,1009.18,1008.12,5.0,1.48,8.0,0.6,0.6,0.3,4.6,5.0,8.0,6.0,5.0,1.9,8.0,0.6,0.6,0.3,-132.2,-40.8,-16.2,-70.8,6.0,71.6,8.0,0.7,0.6,0.3,-72.7,-13.6,14.6,-20.0,6.0,58.1,8.0,0.7,0.6,0.3,-0.61,0.45,1.51,0.45,2.0,2.19,10.0,0.5,0.8,0.1,-9.9,-2.2,5.6,-2.2,2.0,16.1,10.0,0.5,0.8,0.1,0.48,2.93,5.38,2.93,2.0,5.07,10.0,0.5,0.8,0.1,-2.1,10.9,23.9,10.9,2.0,26.9,10.0,0.5,0.8,0.1,-281.8,-144.0,-95.1,-184.0,6.0,107.6,8.0,0.7,0.6,0.3,-192.0,-79.8,27.5,-71.7,6.0,127.7,8.0,0.7,0.6,0.3,-187.8,-138.3,-88.9,-138.3,2.0,102.5,10.0,0.5,0.8,0.1,-157.6,-116.1,-74.6,-116.1,2.0,86.0,10.0,0.5,0.8,0.1,-18.3,-8.4,1.6,-8.4,2.0,20.6,10.0,0.5,0.8,0.1,-15.4,-7.0,1.3,-7.0,2.0,17.3,10.0,0.5,0.8,0.1,97.5,468.5,2093.0,996.5,6.0,1192.0,8.0,0.7,0.6,0.3,95.0,470.0,2095.0,995.0,6.0,1190.0,8.0,0.7,0.6,0.3
1974,2,127.0,11.0,27.05,27.8,28.37,27.92,9.0,0.93,16.0,0.8,0.5,0.2,26.47,27.5,28.21,27.29,8.0,0.95,16.0,0.8,0.4,0.2,16.78,17.96,18.66,17.82,8.0,0.89,16.0,0.8,0.4,0.2,72.1,79.3,81.6,78.8,8.0,6.7,16.0,0.8,0.2,5.4,7.2,9.87,7.26,9.0,2.34,16.0,0.8,0.5,0.2,-5.28,-3.99,-3.52,-4.26,9.0,1.74,16.0,0.8,0.5,0.2,-8.56,-4.75,-3.57,-4.94,9.0,3.72,16.0,0.8,0.5,0.2,1008.81,1009.5,1010.5,1009.83,9.0,1.23,16.0,0.8,0.5,0.2,3.1,6.0,7.0,5.3,8.0,2.4,16.0,0.8,0.5,0.1,-38.8,-33.3,-21.2,-32.5,9.0,16.8,16.0,0.8,0.5,0.2,-83.5,-37.8,-20.2,-43.0,9.0,35.6,16.0,0.8,0.5,0.2,-0.41,0.7,1.36,0.63,8.0,1.11,16.0,0.8,0.4,0.2,-3.1,4.6,12.5,4.3,8.0,8.2,16.0,0.8,0.4,0.2,4.83,5.52,5.88,5.82,8.0,1.94,16.0,0.8,0.4,0.2,33.3,37.3,52.3,40.4,8.0,13.4,16.0,0.8,0.4,0.2,-130.8,-107.5,-90.9,-112.3,8.0,51.2,16.0,0.8,0.4,0.2,-237.7,-136.9,-93.8,-134.8,8.0,106.2,16.0,0.8,0.4,0.2,-85.8,-69.0,-64.3,-72.5,8.0,29.6,16.0,0.8,0.4,0.2,-172.0,-91.5,-55.9,-90.2,8.0,74.1,16.0,0.8,0.4,0.2,-38.3,-21.8,-13.8,-23.9,8.0,12.8,16.0,0.8,0.4,0.2,-35.5,-27.2,-25.4,-26.8,8.0,20.2,16.0,0.8,0.4,0.2,161.0,373.0,975.5,485.0,9.0,387.0,16.0,0.8,0.5,0.2,160.0,375.0,975.0,485.0,9.0,385.0,16.0,0.8,0.5,0.2
1974,2,127.0,12.0,27.05,27.5,28.0,27.56,9.0,0.52,16.0,0.3,0.5,0.6,23.76,25.0,26.95,25.49,9.0,1.62,16.0,0.3,0.5,0.6,16.56,17.33,18.46,17.17,9.0,1.26,16.0,0.3,0.5,0.6,74.8,88.7,93.7,84.6,9.0,10.0,16.0,0.3,0.6,6.2,7.7,11.03,8.12,9.0,2.99,16.0,0.3,0.5,0.6,-7.01,-5.15,-4.1,-4.7,9.0,3.17,16.0,0.3,0.5,0.6,-9.55,-4.1,-1.64,-5.21,9.0,4.2,16.0,0.3,0.5,0.6,1008.77,1010.3,1011.78,1010.34,9.0,1.67,16.0,0.3,0.5,0.6,3.0,7.0,7.7,5.3,9.0,2.6,16.0,0.3,0.5,0.6,-58.3,-53.0,-26.0,-42.6,9.0,23.7,16.0,0.3,0.5,0.6,-105.5,-29.4,-12.3,-52.6,9.0,54.0,16.0,0.3,0.5,0.6,0.27,2.2,3.29,2.07,9.0,1.64,16.0,0.3,0.5,0.6,2.1,15.5,24.0,14.4,9.0,10.9,16.0,0.3,0.5,0.6,4.75,5.74,6.83,5.95,9.0,1.29,16.0,0.3,0.5,0.6,30.4,47.1,56.0,49.1,9.0,25.6,16.0,0.3,0.5,0.6,-182.7,-128.7,-98.7,-121.1,9.0,82.4,16.0,0.3,0.5,0.6,-260.3,-110.7,-41.6,-134.8,9.0,111.7,16.0,0.3,0.5,0.6,-116.3,-92.7,-65.7,-80.3,9.0,54.3,16.0,0.3,0.5,0.6,-172.7,-74.2,-27.2,-88.7,9.0,69.7,16.0,0.3,0.5,0.6,-39.9,-28.6,-21.6,-27.6,9.0,19.9,16.0,0.3,0.5,0.6,-47.4,-23.5,-10.3,-31.8,9.0,31.2,16.0,0.3,0.5,0.6,238.5,456.5,1348.5,730.0,9.0,694.0,16.0,0.3,0.5,0.6,240.0,455.0,1350.0,730.0,9.0,695.0,16.0,0.3,0.5,0.6
1974,2,127.0,13.0,26.75,27.5,28.0,27.33,14.0,1.07,14.0,0.5,0.6,0.4,25.04,26.5,27.48,26.61,14.0,1.43,14.0,0.5,0.6,0.4,14.71,16.83,17.54,16.5,14.0,1.27,14.0,0.5,0.6,0.4,69.9,77.6,81.1,75.9,14.0,6.2,14.0,0.5,0.4,6.23,7.95,12.17,9.04,14.0,3.05,14.0,0.5,0.6,0.4,-6.59,-5.36,-3.87,-5.14,14.0,2.16,14.0,0.5,0.6,0.4,-11.44,-5.81,-1.16,-6.23,14.0,4.72,14.0,0.5,0.6,0.4,1009.5,1010.0,1011.19,1010.44,14.0,1.34,14.0,0.5,0.6,0.4,2.9,6.0,8.0,5.6,13.0,2.3,16.0,0.5,0.6,0.4,-65.2,-38.4,-29.8,-43.9,14.0,23.4,14.0,0.5,0.6,0.4,-139.5,-44.7,-7.4,-68.8,14.0,69.3,14.0,0.5,0.6,0.4,-1.06,0.95,2.48,0.72,14.0,1.76,14.0,0.5,0.6,0.4,-8.2,7.3,33.7,9.7,14.0,17.1,14.0,0.5,0.6,0.4,5.49,6.19,8.25,6.33,14.0,1.85,14.0,0.5,0.6,0.4,37.7,45.8,84.9,60.0,14.0,32.9,14.0,0.5,0.6,0.4,-172.5,-151.8,-108.8,-137.3,14.0,57.0,14.0,0.5,0.6,0.4,-302.2,-157.4,-31.9,-161.7,14.0,119.3,14.0,0.5,0.6,0.4,-105.2,-88.3,-66.5,-85.4,14.0,35.7,14.0,0.5,0.6,0.4,-188.5,-95.7,-20.0,-99.6,14.0,72.0,14.0,0.5,0.6,0.4,-40.6,-35.6,-22.5,-31.0,14.0,14.2,14.0,0.5,0.6,0.4,-75.8,-35.8,-6.8,-44.3,14.0,40.1,14.0,0.5,0.6,0.4,242.5,504.0,1812.5,987.5,14.0,984.5,14.0,0.5,0.6,0.4,240.0,505.0,1810.0,990.0,14.0,985.0,14.0,0.5,0.6,0.4
1974,2,127.0,14.0,27.0,27.0,28.0,27.38,8.0,0.92,12.0,0.5,0.7,0.3,24.33,26.25,28.91,26.5,10.0,1.95,14.0,0.5,0.6,0.2,14.35,16.26,19.82,16.82,10.0,2.63,14.0,0.5,0.6,0.2,70.4,76.9,80.2,77.4,10.0,8.0,14.0,0.5,0.2,5.07,7.45,12.21,8.54,10.0,3.58,14.0,0.5,0.6,0.2,-7.98,-5.39,-4.34,-5.92,10.0,2.01,14.0,0.5,0.6,0.2,-10.5,-3.99,-1.39,-5.2,10.0,4.56,14.0,0.5,0.6,0.2,1010.0,1011.0,1012.69,1011.31,10.0,1.41,14.0,0.5,0.6,0.2,1.4,5.5,8.0,5.0,10.0,2.9,14.0,0.5,0.6,0.2,-78.4,-54.0,-22.0,-54.5,10.0,36.1,14.0,0.5,0.6,0.2,-136.8,-24.9,-8.0,-56.7,10.0,64.1,14.0,0.5,0.6,0.2,-0.71,0.5,2.5,0.9,8.0,1.59,12.0,0.5,0.7,0.3,-5.5,3.6,30.3,9.3,8.0,16.2,12.0,0.5,0.7,0.3,4.25,6.27,7.99,6.15,8.0,1.65,12.0,0.5,0.7,0.3,26.3,43.3,91.8,56.7,8.0,34.2,12.0,0.5,0.7,0.3,-210.6,-142.2,-111.4,-156.2,10.0,51.9,14.0,0.5,0.6,0.2,-264.6,-111.0,-38.1,-131.9,10.0,112.8,14.0,0.5,0.6,0.2,-127.2,-96.9,-69.8,-98.0,10.0,29.6,14.0,0.5,0.6,0.2,-152.7,-81.3,-25.5,-80.6,10.0,64.1,14.0,0.5,0.6,0.2,-47.3,-37.2,-20.2,-35.7,8.0,14.7,12.0,0.5,0.7,0.3,-78.5,-17.4,-7.6,-37.2,8.0,39.9,12.0,0.5,0.7,0.3,135.0,415.0,1845.5,931.5,10.0,1000.0,14.0,0.5,0.6,0.2,135.0,415.0,1845.0,930.0,10.0,1000.0,14.0,0.5,0.6,0.2
1974,2,127.0,15.0,26.25,27.0,27.29,26.84,5.0,0.68,18.0,0.8,0.5,0.2,25.07,27.0,27.68,26.48,5.0,1.48,18.0,0.8,0.5,0.2,15.93,17.48,18.42,17.17,5.0,1.47,18.0,0.8,0.5,0.2,75.7,77.5,84.5,79.6,5.0,5.0,18.0,0.8,0.2,4.19,5.1,8.6,6.06,5.0,2.69,18.0,0.8,0.5,0.2,-5.48,-4.65,-3.02,-4.36,5.0,1.47,18.0,0.8,0.5,0.2,-6.29,-3.91,-0.73,-3.71,5.0,3.16,18.0,0.8,0.5,0.2,1011.36,1014.0,1014.5,1013.02,5.0,1.98,18.0,0.8,0.5,0.2,1.6,2.0,5.5,3.4,5.0,2.8,18.0,0.8,0.5,0.2,-46.3,-25.6,-13.0,-28.7,5.0,18.5,18.0,0.8,0.5,0.2,-54.8,-19.9,-3.3,-28.7,5.0,30.7,18.0,0.8,0.5,0.2,-0.68,-0.2,1.55,0.36,5.0,1.4,18.0,0.8,0.5,0.2,-3.1,-1.0,10.6,2.9,5.0,7.6,18.0,0.8,0.5,0.2,3.91,5.13,6.08,4.93,5.0,1.57,18.0,0.8,0.5,0.2,18.9,29.7,47.0,32.4,5.0,19.8,18.0,0.8,0.5,0.2,-152.4,-118.1,-76.2,-116.2,5.0,42.7,18.0,0.8,0.5,0.2,-166.7,-95.7,-20.2,-96.4,5.0,81.1,18.0,0.8,0.5,0.2,-98.6,-69.8,-51.6,-74.6,5.0,26.1,18.0,0.8,0.5,0.2,-102.7,-64.3,-13.4,-60.4,5.0,48.3,18.0,0.8,0.5,0.2,-30.1,-25.7,-14.4,-22.3,5.0,10.1,18.0,0.8,0.5,0.2,-35.2,-22.8,-3.3,-21.2,5.0,20.5,18.0,0.8,0.5,0.2,90.5,132.5,644.0,327.5,5.0,335.0,18.0,0.8,0.5,0.2,90.0,135.0,645.0,330.0,5.0,335.0,18.0,0.8,0.5,0.2
1974,2,127.0,16.0,27.13,27.4,27.47,27.3,3.0,0.26,16.0,0.7,0.4,0.2,24.48,25.5,25.98,25.23,3.0,1.12,16.0,0.7,0.4,0.2,14.51,14.51,16.57,15.51,3.0,1.74,16.0,0.7,0.4,0.2,73.7,78.3,81.2,77.5,3.0,5.5,16.0,0.7,0.2,9.37,10.8,14.69,12.0,3.0,4.04,16.0,0.7,0.4,0.2,-9.97,-8.18,-6.45,-8.21,3.0,2.58,16.0,0.7,0.4,0.2,-11.53,-2.98,-0.94,-6.16,3.0,8.23,16.0,0.7,0.4,0.2,1013.04,1015.5,1015.5,1014.3,3.0,2.08,16.0,0.7,0.4,0.2,3.0,3.0,5.7,4.3,3.0,2.3,16.0,0.7,0.4,0.2,-109.2,-93.1,-78.1,-93.6,3.0,22.8,16.0,0.7,0.4,0.2,-182.8,-25.9,-8.2,-93.9,3.0,140.8,16.0,0.7,0.4,0.2,1.3,1.5,2.87,2.07,3.0,1.25,16.0,0.7,0.4,0.2,13.0,13.1,43.6,27.9,3.0,25.8,16.0,0.7,0.4,0.2,6.09,7.74,8.19,7.16,3.0,1.62,16.0,0.7,0.4,0.2,60.7,67.3,116.0,87.9,3.0,44.3,16.0,0.7,0.4,0.2,-259.3,-208.5,-158.6,-209.0,3.0,73.8,16.0,0.7,0.4,0.2,-278.1,-75.9,-24.1,-149.3,3.0,196.6,16.0,0.7,0.4,0.2,-166.9,-118.6,-93.5,-129.9,3.0,54.6,16.0,0.7,0.4,0.2,-167.2,-43.2,-13.7,-89.4,3.0,119.4,16.0,0.7,0.4,0.2,-61.4,-57.6,-50.7,-56.1,3.0,8.0,16.0,0.7,0.4,0.2,-96.3,-23.0,-7.3,-51.1,3.0,69.6,16.0,0.7,0.4,0.2,849.5,1259.5,3466.0,2137.0,3.0,2062.0,16.0,0.7,0.4,0.2,850.0,1260.0,3465.0,2135.0,3.0,2060.0,16.0,0.7,0.4,0.2
1974,2,127.0,17.0,25.9,26.0,26.63,26.25,4.0,0.64,16.0,0.5,0.5,0.3,23.74,24.5,25.0,24.38,4.0,0.75,16.0,0.5,0.5,0.3,13.28,14.46,16.45,14.84,4.0,2.1,16.0,0.5,0.5,0.3,69.6,77.0,86.6,78.1,4.0,10.0,16.0,0.5,0.3,9.18,13.4,16.26,12.75,4.0,4.24,16.0,0.5,0.5,0.3,-8.0,-6.67,-5.55,-6.77,4.0,1.42,16.0,0.5,0.5,0.3,-15.28,-10.99,-3.31,-9.37,4.0,7.38,16.0,0.5,0.5,0.3,1011.24,1012.7,1015.05,1013.13,4.0,2.32,16.0,0.5,0.5,0.3,4.0,4.5,6.0,5.0,4.0,1.4,16.0,0.5,0.5,0.3,-91.3,-88.5,-72.7,-82.3,4.0,15.5,16.0,0.5,0.5,0.3,-248.6,-157.8,-35.7,-142.8,4.0,125.6,16.0,0.5,0.5,0.3,1.48,2.1,2.25,1.88,4.0,0.6,16.0,0.5,0.5,0.3,16.4,20.9,29.1,22.7,4.0,7.9,16.0,0.5,0.5,0.3,5.29,6.41,7.69,6.49,4.0,1.45,16.0,0.5,0.5,0.3,49.1,87.8,125.1,87.1,4.0,45.1,16.0,0.5,0.5,0.3,-193.5,-164.7,-136.1,-164.8,4.0,33.1,16.0,0.5,0.5,0.3,-374.1,-267.6,-77.7,-227.8,4.0,181.5,16.0,0.5,0.5,0.3,-130.8,-100.3,-73.8,-102.2,4.0,33.0,16.0,0.5,0.5,0.3,-203.2,-151.8,-50.0,-127.7,4.0,96.9,16.0,0.5,0.5,0.3,-46.5,-42.6,-38.6,-42.6,4.0,4.6,16.0,0.5,0.5,0.3,-117.6,-73.4,-18.7,-68.4,4.0,59.0,16.0,0.5,0.5,0.3,839.0,2678.0,4303.5,2576.0,4.0,2017.0,16.0,0.5,0.5,0.3,840.0,2680.0,4305.0,2575.0,4.0,2015.0,16.0,0.5,0.5,0.3
1974,2,127.0,18.0,25.3,25.5,25.64,25.47,3.0,0.25,18.0,1.0,0.6,0.6,24.0,24.0,25.16,24.57,3.0,0.98,18.0,1.0,0.6,0.6,12.81,14.53,15.3,14.07,3.0,1.87,18.0,1.0,0.6,0.6,66.8,70.8,80.0,73.3,3.0,10.0,18.0,1.0,0.6,8.87,10.3,13.78,11.3,3.0,3.7,18.0,1.0,0.6,0.6,-9.53,-8.2,-7.86,-8.68,3.0,1.29,18.0,1.0,0.6,0.6,-9.67,-1.79,-0.57,-5.04,3.0,7.24,18.0,1.0,0.6,0.6,1013.6,1013.8,1014.62,1014.1,3.0,0.79,18.0,1.0,0.6,0.6,5.0,5.0,7.0,6.0,3.0,1.7,18.0,1.0,0.6,0.6,-114.1,-104.5,-79.1,-96.8,3.0,26.5,18.0,1.0,0.6,0.6,-146.0,-18.4,-5.8,-74.6,3.0,113.6,18.0,1.0,0.6,0.6,0.38,1.2,1.4,0.9,3.0,0.79,18.0,1.0,0.6,0.6,3.1,9.8,18.9,11.0,3.0,11.6,18.0,1.0,0.6,0.6,4.89,6.08,7.62,6.25,3.0,2.0,18.0,1.0,0.6,0.6,44.2,62.6,107.5,75.5,3.0,47.7,18.0,1.0,0.6,0.6,-240.4,-196.8,-188.6,-214.1,3.0,40.8,18.0,1.0,0.6,0.6,-233.1,-46.0,-14.6,-122.0,3.0,173.1,18.0,1.0,0.6,0.6,-141.4,-128.4,-103.9,-122.8,3.0,27.9,18.0,1.0,0.6,0.6,-117.6,-26.0,-8.2,-62.0,3.0,85.9,18.0,1.0,0.6,0.6,-63.4,-61.7,-43.9,-53.8,3.0,15.8,18.0,1.0,0.6,0.6,-79.3,-10.9,-3.5,-40.7,3.0,61.3,18.0,1.0,0.6,0.6,723.0,1092.5,2840.0,1765.5,3.0,1656.5,18.0,1.0,0.6,0.6,725.0,1095.0,2840.0,1765.0,3.0,1655.0,18.0,1.0,0.6,0.6
1974,2,127.0,19.0,24.68,25.15,25.68,25.15,6.0,0.66,10.0,0.2,0.5,0.4,22.75,23.5,23.97,23.32,6.0,1.3,10.0,0.2,0.5,0.4,11.34,14.47,14.82,13.52,6.0,1.97,10.0,0.2,0.5,0.4,67.9,77.0,81.4,75.7,6.0,7.7,10.0,0.2,0.4,4.5,9.8,11.35,9.0,6.0,4.19,10.0,0.2,0.5,0.4,-9.68,-5.86,-3.61,-6.27,6.0,3.02,10.0,0.2,0.5,0.4,-7.88,-3.52,-1.11,-4.93,6.0,5.41,10.0,0.2,0.5,0.4,1013.9,1015.25,1016.5,1014.88,6.0,1.96,10.0,0.2,0.5,0.4,1.6,6.0,7.0,4.6,5.0,2.9,10.0,0.2,0.6,0.3,-99.7,-53.7,-20.1,-57.3,6.0,37.3,10.0,0.2,0.5,0.4,-92.3,-36.3,-4.6,-61.2,6.0,86.9,10.0,0.2,0.5,0.4,0.71,1.65,2.94,1.83,6.0,1.9,10.0,0.2,0.5,0.4,5.7,12.4,33.6,21.4,6.0,28.5,10.0,0.2,0.5,0.4,4.75,5.03,9.21,6.41,6.0,2.57,10.0,0.2,0.5,0.4,19.9,51.8,98.8,64.3,6.0,52.5,10.0,0.2,0.5,0.4,-227.9,-140.1,-83.4,-147.3,6.0,72.2,10.0,0.2,0.5,0.4,-175.8,-83.1,-26.1,-109.4,6.0,112.9,10.0,0.2,0.5,0.4,-139.8,-74.9,-53.0,-86.2,6.0,45.3,10.0,0.2,0.5,0.4,-87.8,-51.0,-17.2,-58.8,6.0,55.3,10.0,0.2,0.5,0.4,-52.1,-38.0,-19.3,-37.8,6.0,18.4,10.0,0.2,0.5,0.4,-74.8,-17.7,-5.4,-42.2,6.0,59.4,10.0,0.2,0.5,0.4,91.5,948.5,1621.5,1134.5,6.0,1316.5,10.0,0.2,0.5,0.4,90.0,950.0,1620.0,1135.0,6.0,1315.0,10.0,0.2,0.5,0.4
1974,2,127.0,20.0,25.14,25.3,25.67,25.4,4.0,0.42,10.0,0.5,0.3,0.4,21.86,23.95,24.1,23.03,4.0,2.02,10.0,0.5,0.3,0.4,11.25,13.66,15.68,13.47,4.0,3.42,10.0,0.5,0.3,0.4,67.7,73.6,84.8,76.2,4.0,13.0,10.0,0.5,0.4,7.68,10.05,13.21,10.43,4.0,3.83,10.0,0.5,0.3,0.4,-9.93,-6.95,-2.26,-6.14,4.0,4.79,10.0,0.5,0.3,0.4,-9.97,-2.93,-1.74,-5.72,4.0,6.54,10.0,0.5,0.3,0.4,1015.19,1016.3,1018.25,1016.7,4.0,1.97,10.0,0.5,0.3,0.4,2.3,3.0,3.0,2.7,3.0,0.6,8.0,0.7,0.3,0.3,-100.7,-57.3,-14.0,-57.4,4.0,52.1,10.0,0.5,0.3,0.4,-136.0,-22.5,-17.5,-74.3,4.0,108.7,10.0,0.5,0.3,0.4,1.24,1.7,3.57,2.38,4.0,1.79,10.0,0.5,0.3,0.4,11.3,13.8,47.5,28.7,4.0,32.3,10.0,0.5,0.3,0.4,4.86,6.42,8.6,6.72,4.0,2.9,10.0,0.5,0.3,0.4,39.9,64.5,117.9,78.2,4.0,59.8,10.0,0.5,0.3,0.4,-238.7,-167.8,-54.3,-147.5,4.0,115.1,10.0,0.5,0.3,0.4,-206.9,-70.2,-41.8,-121.9,4.0,126.7,10.0,0.5,0.3,0.4,-135.8,-103.8,-39.5,-88.4,4.0,64.5,10.0,0.5,0.3,0.4,-106.6,-47.7,-23.8,-64.4,4.0,55.0,10.0,0.5,0.3,0.4,-63.7,-37.8,-7.9,-35.9,4.0,32.8,10.0,0.5,0.3,0.4,-91.7,-12.9,-11.2,-49.7,4.0,75.2,10.0,0.5,0.3,0.4,508.0,1032.0,2513.0,1488.5,4.0,1501.5,10.0,0.5,0.3,0.4,510.0,1030.0,2515.0,1490.0,4.0,1500.0,10.0,0.5,0.3,0.4
1974,2,127.0,21.0,24.0,25.5,25.56,24.85,10.0,0.91,16.0,0.5,0.4,0.4,19.79,23.8,24.0,22.62,11.0,3.19,16.0,0.5,0.4,0.4,9.4,15.44,15.6,13.07,5.0,3.39,16.0,0.4,0.5,0.4,65.8,83.3,84.5,76.8,5.0,10.1,16.0,0.4,0.4,5.54,7.7,13.03,8.97,11.0,3.78,16.0,0.5,0.4,0.4,-7.31,-3.1,-2.56,-4.39,11.0,2.9,16.0,0.5,0.4,0.4,-11.29,-5.98,0.0,-5.67,11.0,6.15,16.0,0.5,0.4,0.4,1013.19,1015.65,1019.5,1016.88,8.0,3.64,16.0,0.4,0.5,0.3,2.8,5.0,7.0,4.9,11.0,2.3,16.0,0.5,0.4,0.4,-75.9,-38.6,-13.4,-40.6,11.0,32.1,16.0,0.5,0.4,0.4,-150.3,-55.6,0.0,-68.6,11.0,84.0,16.0,0.5,0.4,0.4,1.5,2.45,5.14,2.97,10.0,2.01,16.0,0.5,0.4,0.4,6.8,20.4,70.3,33.8,10.0,33.1,16.0,0.5,0.4,0.4,4.18,4.93,9.2,6.39,5.0,3.2,16.0,0.4,0.5,0.4,20.9,33.0,108.2,62.8,5.0,61.2,16.0,0.4,0.5,0.4,-154.4,-74.4,-49.9,-94.4,11.0,63.9,16.0,0.5,0.4,0.4,-248.5,-120.8,0.0,-119.6,11.0,128.6,16.0,0.5,0.4,0.4,-81.1,-48.4,-37.7,-58.0,5.0,30.2,16.0,0.4,0.5,0.4,-85.5,-54.4,30.6,-32.5,5.0,81.0,16.0,0.4,0.5,0.4,-42.2,-28.5,-12.5,-28.6,5.0,19.2,16.0,0.4,0.5,0.4,-90.0,-17.2,5.8,-42.4,5.0,70.9,16.0,0.4,0.5,0.4,180.0,456.5,2273.5,1090.0,11.0,1181.0,16.0,0.5,0.4,0.4,180.0,455.0,2275.0,1090.0,11.0,1180.0,16.0,0.5,0.4,0.4
1974,2,127.0,22.0,23.32,24.0,24.6,23.85,21.0,0.92,18.0,0.4,0.5,0.6,19.29,21.0,25.0,21.27,24.0,2.53,16.0,0.5,0.5,0.6,9.5,12.51,14.49,12.02,14.0,2.43,20.0,0.6,0.5,0.6,67.5,78.4,87.9,77.2,14.0,10.1,20.0,0.6,0.6,6.63,9.3,12.1,9.15,24.0,2.68,16.0,0.5,0.5,0.6,-8.32,-4.31,0.0,-4.39,24.0,3.45,16.0,0.5,0.5,0.6,-11.37,-5.0,2.27,-4.24,24.0,6.61,16.0,0.5,0.5,0.6,1010.72,1013.9,1019.5,1015.01,24.0,4.35,16.0,0.5,0.5,0.6,5.7,7.5,8.0,6.8,24.0,1.7,16.0,0.5,0.5,0.6,-86.3,-44.0,0.0,-43.6,24.0,37.5,16.0,0.5,0.5,0.6,-138.9,-42.2,14.8,-47.7,24.0,71.6,16.0,0.5,0.5,0.6,0.8,3.5,5.0,2.92,21.0,2.73,18.0,0.4,0.5,0.6,6.4,36.8,56.4,32.0,21.0,27.3,18.0,0.4,0.5,0.6,4.75,5.76,9.57,6.47,14.0,2.43,20.0,0.6,0.5,0.6,22.9,59.0,93.7,62.0,14.0,35.5,20.0,0.6,0.5,0.6,-174.7,-82.7,0.0,-90.5,24.0,72.4,16.0,0.5,0.5,0.6,-221.7,-105.4,56.9,-77.2,24.0,142.0,16.0,0.5,0.5,0.6,-106.7,-54.4,-14.4,-56.4,14.0,44.7,20.0,0.6,0.5,0.6,-113.8,-59.0,-26.1,-57.9,14.0,60.4,20.0,0.6,0.5,0.6,-55.6,-30.8,-4.9,-31.8,14.0,22.9,20.0,0.6,0.5,0.6,-92.3,-30.3,-7.4,-42.8,14.0,42.5,20.0,0.6,0.5,0.6,291.5,804.5,1774.5,950.5,24.0,706.0,16.0,0.5,0.5,0.6,290.0,805.0,1775.0,950.0,24.0,705.0,16.0,0.5,0.5,0.6
1974,2,127.0,23.0,23.0,23.9,24.56,23.84,79.0,0.9,20.0,0.6,0.7,0.4,18.3,21.9,22.7,21.03,79.0,2.13,20.0,0.6,0.7,0.4,8.46,12.61,13.88,11.6,58.0,2.48,20.0,0.7,0.7,0.4,60.9,75.2,84.2,73.9,58.0,10.4,20.0,0.7,0.4,4.69,7.2,9.5,7.22,78.0,3.11,20.0,0.6,0.7,0.4,-6.77,-4.29,0.0,-3.77,78.0,3.21,20.0,0.6,0.7,0.4,-8.71,-1.36,2.46,-2.44,78.0,5.63,20.0,0.6,0.7,0.4,1010.47,1015.25,1021.06,1015.34,78.0,4.61,20.0,0.6,0.7,0.4,4.0,6.0,8.0,5.9,79.0,2.1,20.0,0.6,0.7,0.4,-51.4,-25.6,0.0,-28.9,78.0,35.4,20.0,0.6,0.7,0.4,-82.5,-6.6,17.7,-26.5,78.0,61.2,20.0,0.6,0.7,0.4,0.78,2.3,5.5,2.81,79.0,2.22,20.0,0.6,0.7,0.4,4.1,14.4,55.5,23.6,78.0,24.3,20.0,0.6,0.7,0.4,4.86,6.11,9.69,6.89,58.0,2.45,20.0,0.7,0.7,0.4,26.8,39.0,83.7,50.8,57.0,32.2,20.0,0.7,0.7,0.4,-144.4,-93.1,0.0,-79.6,78.0,68.8,20.0,0.6,0.7,0.4,-159.2,-28.7,51.0,-43.3,78.0,111.4,20.0,0.6,0.7,0.4,-77.6,-45.0,0.0,-42.6,57.0,43.8,20.0,0.7,0.7,0.4,-84.5,-14.9,26.1,-23.2,57.0,62.3,20.0,0.7,0.7,0.4,-45.8,-25.9,0.0,-24.4,57.0,22.9,20.0,0.7,0.7,0.4,-79.3,-9.4,17.3,-23.3,57.0,44.4,20.0,0.7,0.7,0.4,103.5,373.0,857.5,597.0,78.0,816.0,20.0,0.6,0.7,0.4,105.0,375.0,855.0,595.0,78.0,815.0,20.0,0.6,0.7,0.4
1974,2,127.0,24.0,21.45,22.7,24.25,22.75,23.0,1.44,12.0,0.7,0.4,0.3,15.69,21.1,22.4,19.64,23.0,3.03,12.0,0.7,0.4,0.3,7.26,11.2,12.12,10.22,15.0,2.65,12.0,0.7,0.4,0.3,65.0,73.3,85.4,72.5,15.0,13.9,12.0,0.7,0.3,2.52,7.7,14.88,8.88,21.0,6.3,12.0,0.7,0.4,0.3,-7.36,-2.17,0.0,-2.42,21.0,5.24,12.0,0.7,0.4,0.3,-11.88,-3.1,1.29,-5.4,21.0,7.63,12.0,0.7,0.4,0.3,1015.8,1018.0,1022.5,1018.69,23.0,3.24,12.0,0.7,0.4,0.3,5.0,6.0,8.0,6.2,21.0,1.8,14.0,0.8,0.4,0.3,-57.2,-5.9,0.0,-31.3,21.0,83.1,12.0,0.7,0.4,0.3,-143.5,-19.2,3.3,-83.1,21.0,154.9,12.0,0.7,0.4,0.3,0.15,2.9,6.57,3.11,23.0,3.31,12.0,0.7,0.4,0.3,3.1,17.2,70.9,32.2,21.0,37.0,12.0,0.7,0.4,0.3,4.2,5.97,9.1,6.75,15.0,3.08,12.0,0.7,0.4,0.3,17.8,39.1,108.8,73.4,14.0,86.3,14.0,0.6,0.3,0.3,-166.7,-37.2,0.0,-51.7,21.0,108.8,12.0,0.7,0.4,0.3,-200.3,-69.4,27.4,-98.1,21.0,157.1,12.0,0.7,0.4,0.3,-77.8,-16.3,0.0,-23.9,14.0,62.8,14.0,0.6,0.3,0.3,-113.2,-41.3,14.6,-44.1,14.0,57.9,14.0,0.6,0.3,0.3,-40.9,-10.5,0.0,-17.2,14.0,46.4,14.0,0.6,0.3,0.3,-106.9,-21.1,6.8,-53.6,14.0,87.7,14.0,0.6,0.3,0.3,16.0,456.5,3348.5,1946.0,21.0,3671.0,12.0,0.7,0.4,0.3,15.0,455.0,3350.0,1945.0,21.0,3670.0,12.0,0.7,0.4,0.3
1974,2,127.0,25.0,20.4,22.0,24.0,22.12,66.0,1.8,14.0,0.6,0.5,0.5,14.5,19.0,22.0,18.53,79.0,3.36,14.0,0.6,0.5,0.4,6.3,10.59,12.93,10.16,36.0,3.19,16.0,0.6,0.5,0.4,64.7,77.6,89.0,76.1,37.0,12.2,16.0,0.6,0.5,4.5,8.5,11.78,8.43,77.0,3.93,14.0,0.5,0.5,0.4,-4.23,0.0,2.12,-1.24,77.0,3.66,14.0,0.5,0.5,0.4,-11.5,-4.75,2.76,-4.43,77.0,7.25,14.0,0.5,0.5,0.4,1011.8,1017.9,1021.25,1016.84,75.0,4.36,14.0,0.6,0.5,0.5,4.0,6.5,8.0,5.9,70.0,2.2,14.0,0.6,0.5,0.5,-29.4,0.0,15.0,-10.9,77.0,42.7,14.0,0.5,0.5,0.4,-132.2,-35.5,13.5,-55.3,77.0,91.9,14.0,0.5,0.5,0.4,0.0,3.25,7.8,3.58,66.0,3.42,14.0,0.6,0.5,0.5,0.0,19.8,88.0,36.9,64.0,41.3,14.0,0.6,0.5,0.5,2.91,5.66,8.8,5.82,31.0,2.93,16.0,0.7,0.5,0.4,13.8,41.7,103.9,56.4,31.0,42.3,16.0,0.7,0.5,0.4,-90.7,0.0,43.3,-23.7,77.0,66.4,14.0,0.5,0.5,0.4,-181.5,-96.0,60.1,-63.9,77.0,130.7,14.0,0.5,0.5,0.4,-49.1,-9.1,13.6,-18.3,36.0,36.9,16.0,0.6,0.5,0.4,-95.8,-55.6,36.1,-29.3,36.0,77.2,16.0,0.6,0.5,0.4,-32.6,0.0,7.7,-7.5,31.0,23.7,16.0,0.7,0.5,0.4,-103.5,-30.0,10.0,-40.5,31.0,52.6,16.0,0.7,0.5,0.4,91.0,614.0,1635.5,1017.0,77.0,1355.5,14.0,0.5,0.5,0.4,90.0,615.0,1635.0,1015.0,77.0,1355.0,14.0,0.5,0.5,0.4
1974,2,127.0,26.0,19.32,21.0,22.81,21.04,7.0,1.98,14.0,0.6,0.6,0.4,16.43,19.25,21.5,18.79,8.0,3.58,16.0,0.5,0.6,0.3,7.42,9.8,12.6,10.07,5.0,3.09,12.0,0.4,0.6,0.4,74.1,78.1,83.7,78.9,5.0,8.1,12.0,0.4,0.4,2.71,4.55,5.1,4.79,8.0,2.46,16.0,0.5,0.6,0.3,-4.82,-2.11,-0.07,-2.14,8.0,2.77,16.0,0.5,0.6,0.3,-4.93,-1.77,0.0,-1.92,8.0,3.89,16.0,0.5,0.6,0.3,1015.9,1016.85,1019.3,1017.18,8.0,3.26,16.0,0.5,0.6,0.3,2.1,7.5,8.0,5.8,8.0,2.9,16.0,0.5,0.6,0.3,-24.1,-6.5,-0.2,-13.7,8.0,24.1,16.0,0.5,0.6,0.3,-24.7,-6.4,0.0,-13.9,8.0,30.9,16.0,0.5,0.6,0.3,1.11,3.0,5.19,2.86,7.0,3.61,14.0,0.6,0.6,0.4,2.6,15.8,31.6,15.7,7.0,18.8,14.0,0.6,0.6,0.4,2.14,5.13,7.03,4.74,5.0,2.94,12.0,0.4,0.6,0.4,5.9,31.2,47.2,27.8,5.0,21.8,12.0,0.4,0.6,0.4,-80.1,-46.5,-1.4,-40.5,8.0,48.3,16.0,0.5,0.6,0.3,-71.7,-30.6,0.0,-28.5,8.0,73.1,16.0,0.5,0.6,0.3,-49.0,-37.7,-4.6,-29.9,5.0,26.4,12.0,0.4,0.6,0.4,-54.1,-34.2,0.0,-30.5,5.0,32.3,12.0,0.4,0.6,0.4,-32.2,-7.1,-0.4,-14.6,5.0,16.7,12.0,0.4,0.6,0.4,-41.8,-3.8,0.0,-17.6,5.0,22.5,12.0,0.4,0.6,0.4,21.0,97.0,132.5,204.0,8.0,362.5,16.0,0.5,0.6,0.3,20.0,95.0,135.0,205.0,8.0,360.0,16.0,0.5,0.6,0.3
1974,2,127.0,27.0,19.94,20.9,22.5,21.54,16.0,2.0,14.0,0.3,0.4,0.6,14.2,15.0,16.0,15.53,16.0,2.07,14.0,0.3,0.4,0.6,4.97,5.7,6.91,6.15,8.0,1.59,12.0,0.5,0.5,0.7,51.3,57.4,62.9,59.8,8.0,11.4,12.0,0.5,0.7,4.04,8.0,11.92,7.4,16.0,4.31,14.0,0.3,0.4,0.6,-8.0,-5.27,-0.76,-4.47,16.0,4.28,14.0,0.3,0.4,0.6,-8.65,-4.3,0.0,-4.36,16.0,4.13,14.0,0.3,0.4,0.6,1018.5,1026.7,1028.5,1024.0,16.0,5.0,14.0,0.3,0.4,0.6,3.1,5.5,6.9,5.1,14.0,2.2,14.0,0.3,0.4,0.7,-66.0,-38.9,-3.0,-38.5,16.0,53.6,14.0,0.3,0.4,0.6,-109.5,-33.9,0.0,-45.1,16.0,59.3,14.0,0.3,0.4,0.6,5.0,5.9,6.2,6.02,16.0,1.34,14.0,0.3,0.4,0.6,25.0,40.9,70.8,45.2,16.0,31.4,14.0,0.3,0.4,0.6,7.68,9.24,10.64,9.21,8.0,1.73,12.0,0.5,0.5,0.7,61.8,66.9,95.9,77.7,8.0,33.6,12.0,0.5,0.5,0.7,-128.0,-78.0,-10.8,-69.7,16.0,63.5,14.0,0.3,0.4,0.6,-122.6,-64.5,0.0,-63.9,16.0,61.4,14.0,0.3,0.4,0.6,-55.4,-30.1,-11.9,-31.4,8.0,36.2,12.0,0.5,0.5,0.7,-56.7,-27.1,-12.9,-34.1,8.0,34.8,12.0,0.5,0.5,0.7,-62.6,-53.0,-21.6,-35.7,8.0,47.7,12.0,0.5,0.5,0.7,-72.3,-38.6,-31.5,-47.6,8.0,41.3,12.0,0.5,0.5,0.7,66.0,512.0,1914.5,792.0,16.0,1025.5,14.0,0.3,0.4,0.6,65.0,510.0,1915.0,790.0,16.0,1025.0,14.0,0.3,0.4,0.6
1974,2,127.0,28.0,19.5,21.0,22.42,21.04,36.0,1.64,14.0,0.4,0.4,0.5,9.0,14.8,17.2,14.01,36.0,4.13,14.0,0.4,0.4,0.5,5.36,6.57,9.94,7.5,26.0,2.4,16.0,0.4,0.4,0.5,62.9,72.9,82.6,73.5,27.0,10.6,14.0,0.4,0.5,6.61,10.9,15.18,10.85,36.0,3.91,14.0,0.4,0.4,0.5,-5.02,0.0,5.4,0.31,36.0,4.63,14.0,0.4,0.4,0.5,-14.97,-9.46,0.56,-7.27,36.0,7.78,14.0,0.4,0.4,0.5,1013.86,1019.8,1026.98,1019.88,35.0,5.26,16.0,0.4,0.4,0.5,3.0,7.0,8.0,6.0,36.0,2.3,14.0,0.4,0.4,0.5,-42.8,0.0,68.2,9.4,36.0,50.0,14.0,0.4,0.4,0.5,-228.8,-95.9,4.0,-100.2,36.0,111.2,14.0,0.4,0.4,0.5,3.4,6.8,12.2,7.03,36.0,4.1,14.0,0.4,0.4,0.5,28.8,79.8,154.4,80.9,36.0,59.9,14.0,0.4,0.4,0.5,5.63,7.75,10.18,8.04,26.0,2.53,16.0,0.4,0.4,0.5,43.3,86.8,123.0,85.5,26.0,40.6,16.0,0.4,0.4,0.5,-75.3,0.0,55.9,-1.0,36.0,63.6,14.0,0.4,0.4,0.5,-151.9,-117.3,8.0,-79.3,36.0,122.2,14.0,0.4,0.4,0.5,-38.3,0.0,31.8,-0.2,26.0,35.0,16.0,0.4,0.4,0.5,-87.0,-60.9,8.5,-44.9,26.0,69.5,16.0,0.4,0.4,0.5,-50.4,0.0,42.0,-0.9,26.0,42.2,16.0,0.4,0.4,0.5,-115.5,-73.0,7.6,-62.2,26.0,58.6,16.0,0.4,0.4,0.5,289.0,1307.0,3498.5,1758.0,36.0,1503.5,14.0,0.4,0.4,0.5,290.0,1305.0,3500.0,1760.0,36.0,1505.0,14.0,0.4,0.4,0.5
1974,2,127.0,29.0,18.1,19.5,21.1,19.58,157.0,1.45,20.0,0.4,0.3,0.5,9.3,15.5,19.1,14.8,157.0,4.09,20.0,0.4,0.3,0.5,5.34,8.12,11.23,8.32,105.0,2.55,20.0,0.5,0.3,0.5,66.2,77.0,89.8,77.3,105.0,10.1,20.0,0.5,0.5,6.01,9.8,12.9,9.51,159.0,3.3,20.0,0.4,0.3,0.5,-4.17,0.0,5.14,0.54,159.0,4.46,20.0,0.4,0.3,0.5,-12.31,-7.71,4.22,-5.29,159.0,7.32,20.0,0.4,0.3,0.5,1013.4,1016.1,1022.3,1017.14,159.0,4.41,20.0,0.4,0.3,0.5,1.0,6.0,8.0,5.1,159.0,2.9,20.0,0.4,0.3,0.5,-32.8,0.0,56.8,9.7,159.0,44.5,20.0,0.4,0.3,0.5,-163.3,-64.0,25.5,-65.2,159.0,89.1,20.0,0.4,0.3,0.5,-0.41,3.7,11.66,4.75,155.0,4.82,20.0,0.4,0.3,0.5,-1.8,37.4,140.9,56.1,155.0,61.5,20.0,0.4,0.3,0.5,2.22,5.52,9.53,5.83,103.0,3.22,20.0,0.5,0.3,0.5,13.6,53.7,119.9,61.9,103.0,45.1,20.0,0.5,0.3,0.5,-68.5,0.0,58.1,-0.9,157.0,68.9,20.0,0.4,0.3,0.5,-150.5,-89.2,78.6,-53.7,157.0,105.9,20.0,0.4,0.3,0.5,-38.0,0.0,33.1,0.9,105.0,39.4,20.0,0.5,0.3,0.5,-85.5,-47.6,38.4,-31.8,105.0,61.2,20.0,0.5,0.3,0.5,-24.3,0.0,41.5,4.3,103.0,30.5,20.0,0.5,0.3,0.5,-111.3,-42.6,6.6,-46.6,103.0,52.6,20.0,0.5,0.3,0.5,217.5,941.0,2146.5,1165.5,159.0,1013.5,20.0,0.4,0.3,0.5,220.0,940.0,2145.0,1165.0,159.0,1015.0,20.0,0.4,0.3,0.5
1974,2,127.0,30.0,12.8,17.3,18.99,16.43,13.0,3.06,12.0,0.5,0.3,0.4,9.5,10.7,14.24,11.14,16.0,2.42,10.0,0.4,0.3,0.3,4.64,5.85,7.38,6.14,7.0,2.15,10.0,0.6,0.4,0.3,57.7,70.8,85.7,71.4,7.0,15.2,10.0,0.6,0.3,8.08,10.4,13.69,10.59,16.0,5.2,10.0,0.4,0.3,0.3,0.0,4.15,7.15,3.46,16.0,4.2,10.0,0.4,0.3,0.3,-12.2,-8.62,-2.89,-8.17,16.0,6.7,10.0,0.4,0.3,0.3,1015.2,1020.35,1027.7,1020.69,16.0,7.44,10.0,0.4,0.3,0.3,6.0,7.5,8.0,6.6,14.0,2.1,12.0,0.4,0.3,0.2,0.0,41.7,93.7,46.9,16.0,59.1,10.0,0.4,0.3,0.3,-165.8,-84.0,-21.8,-112.2,16.0,126.3,10.0,0.4,0.3,0.3,1.2,7.2,8.25,5.91,13.0,3.55,12.0,0.5,0.3,0.4,9.8,77.4,111.9,79.0,13.0,67.0,12.0,0.5,0.3,0.4,5.97,7.16,8.57,7.07,6.0,1.58,10.0,0.5,0.4,0.4,73.7,90.2,120.1,100.8,6.0,54.1,10.0,0.5,0.4,0.4,0.0,34.2,73.1,31.8,16.0,48.6,10.0,0.4,0.3,0.3,-143.9,-82.2,-31.6,-85.5,16.0,67.0,10.0,0.4,0.3,0.3,-2.1,28.0,37.6,15.2,7.0,31.9,10.0,0.6,0.4,0.3,-87.8,-59.0,-22.8,-56.2,7.0,34.1,10.0,0.6,0.4,0.3,-6.5,48.9,65.1,33.3,6.0,40.1,10.0,0.5,0.4,0.4,-107.1,-83.1,-48.0,-87.0,6.0,55.7,10.0,0.5,0.4,0.4,527.0,1136.0,2564.5,2010.5,16.0,2902.0,10.0,0.4,0.3,0.3,525.0,1135.0,2565.0,2010.0,16.0,2900.0,10.0,0.4,0.3,0.3
1974,2,127.0,31.0,12.49,15.05,17.5,15.21,16.0,2.51,16.0,0.4,0.4,0.7,6.99,8.55,13.3,9.72,18.0,3.44,12.0,0.6,0.4,0.6,3.33,3.76,5.9,4.97,6.0,3.13,12.0,0.5,0.5,0.6,52.4,56.8,71.9,63.6,6.0,18.5,12.0,0.5,0.6,7.06,9.0,15.49,10.66,19.0,4.79,14.0,0.5,0.4,0.6,-2.92,4.79,9.5,3.08,19.0,5.87,14.0,0.5,0.4,0.6,-13.18,-7.24,-3.86,-7.27,19.0,6.53,14.0,0.5,0.4,0.6,1014.64,1021.9,1026.99,1021.95,20.0,5.94,14.0,0.5,0.4,0.6,6.0,7.5,8.0,7.0,18.0,1.5,14.0,0.6,0.4,0.6,-29.4,33.3,147.7,47.6,19.0,82.5,14.0,0.5,0.4,0.6,-187.2,-58.0,-23.9,-92.9,19.0,111.0,14.0,0.5,0.4,0.6,6.14,7.45,9.72,7.25,14.0,2.42,16.0,0.5,0.4,0.6,44.9,62.8,104.2,69.0,14.0,36.1,16.0,0.5,0.4,0.6,6.02,6.8,7.97,6.95,5.0,0.99,14.0,0.4,0.5,0.7,31.3,52.4,80.5,53.6,5.0,34.8,14.0,0.4,0.5,0.7,-28.7,15.4,87.8,22.6,17.0,54.0,14.0,0.6,0.4,0.6,-94.7,-60.3,-30.9,-55.7,17.0,63.0,14.0,0.6,0.4,0.6,-2.0,21.5,54.3,24.7,6.0,28.6,12.0,0.5,0.5,0.6,-51.2,-22.8,-7.8,-29.3,6.0,27.2,12.0,0.5,0.5,0.6,-6.5,42.7,54.7,28.0,5.0,35.7,14.0,0.4,0.5,0.7,-60.7,-25.0,-15.6,-35.9,5.0,30.5,14.0,0.4,0.5,0.7,354.0,729.0,3716.0,1905.5,19.0,2107.5,14.0,0.5,0.4,0.6,355.0,730.0,3715.0,1905.0,19.0,2105.0,14.0,0.5,0.4,0.6
1974,2,127.0,32.0,13.47,15.0,16.54,15.23,19.0,1.84,12.0,0.4,0.5,0.4,4.22,7.2,11.97,8.05,21.0,4.63,14.0,0.4,0.5,0.4,4.21,4.38,5.95,5.07,3.0,1.41,12.0,0.0,0.5,0.4,70.2,78.0,79.3,74.8,3.0,7.2,12.0,0.0,0.4,8.03,11.8,15.81,11.23,21.0,4.67,14.0,0.4,0.5,0.3,-5.25,1.08,10.58,2.69,21.0,7.35,14.0,0.4,0.5,0.3,-11.87,-8.5,-5.42,-8.55,21.0,3.95,14.0,0.4,0.5,0.3,1015.42,1017.5,1025.22,1019.32,21.0,5.05,14.0,0.4,0.5,0.4,2.2,8.0,8.0,5.9,21.0,2.9,14.0,0.4,0.5,0.3,-47.0,6.7,175.1,46.6,21.0,105.0,14.0,0.4,0.5,0.3,-182.6,-97.8,-44.2,-110.5,21.0,70.3,14.0,0.4,0.5,0.3,2.2,7.9,10.96,7.01,18.0,4.99,14.0,0.4,0.5,0.3,9.6,103.8,164.4,94.3,17.0,85.6,14.0,0.4,0.5,0.3,5.26,5.69,6.12,5.69,2.0,0.89,10.0,0.0,0.6,0.3,74.6,83.8,93.0,83.8,2.0,19.1,10.0,0.0,0.6,0.3,-34.4,6.7,57.1,6.7,20.0,57.8,14.0,0.5,0.5,0.3,-104.2,-49.3,-30.4,-64.7,20.0,56.0,14.0,0.5,0.5,0.3,12.4,39.2,53.2,33.0,3.0,30.3,12.0,0.0,0.5,0.4,-80.5,-46.7,-29.7,-54.9,3.0,37.9,12.0,0.0,0.5,0.4,52.5,68.3,84.1,68.3,2.0,32.7,10.0,0.0,0.6,0.3,-50.6,-43.6,-36.5,-43.6,2.0,14.6,10.0,0.0,0.6,0.3,519.0,1643.0,3955.5,2041.5,21.0,1656.5,14.0,0.4,0.5,0.3,520.0,1645.0,3955.0,2040.0,21.0,1655.0,14.0,0.4,0.5,0.3
1974,2,127.0,33.0,15.02,15.8,16.79,15.9,4.0,1.24,14.0,0.3,0.5,0.3,2.21,4.5,7.05,4.63,4.0,2.93,14.0,0.3,0.5,0.3,3.4,3.85,4.29,3.85,2.0,0.92,18.0,0.0,0.8,0.2,68.7,68.7,68.7,68.7,2.0,0.0,18.0,0.0,0.2,15.14,16.45,19.86,17.45,4.0,3.24,14.0,0.3,0.5,0.3,4.25,9.44,14.97,9.6,4.0,6.44,14.0,0.3,0.5,0.3,-15.84,-14.65,-10.64,-13.3,4.0,4.01,14.0,0.3,0.5,0.3,1019.06,1020.1,1023.76,1021.35,4.0,3.87,14.0,0.3,0.5,0.3,6.0,7.0,8.0,7.0,4.0,1.2,14.0,0.3,0.5,0.3,71.4,148.5,285.8,177.2,4.0,143.1,14.0,0.3,0.5,0.3,-300.0,-260.7,-169.4,-235.9,4.0,89.4,14.0,0.3,0.5,0.3,8.17,11.3,14.38,11.28,4.0,4.02,14.0,0.3,0.5,0.3,123.4,184.8,289.4,205.4,4.0,109.5,14.0,0.3,0.5,0.3,5.95,6.67,7.4,6.67,2.0,1.51,18.0,0.0,0.8,0.2,94.1,110.9,127.7,110.9,2.0,34.7,18.0,0.0,0.8,0.2,19.6,23.3,52.6,35.5,4.0,28.1,14.0,0.3,0.5,0.3,-87.1,-47.0,-32.4,-59.1,4.0,43.2,14.0,0.3,0.5,0.3,13.1,15.6,18.0,15.6,2.0,5.0,18.0,0.0,0.8,0.2,-65.7,-60.4,-55.1,-60.4,2.0,11.0,18.0,0.0,0.8,0.2,20.0,30.7,41.4,30.7,2.0,22.2,18.0,0.0,0.8,0.2,-120.6,-106.2,-91.7,-106.2,2.0,29.9,18.0,0.0,0.8,0.2,3472.0,4506.0,8130.0,5742.0,4.0,3391.5,14.0,0.3,0.5,0.3,3470.0,4505.0,8130.0,5740.0,4.0,3390.0,14.0,0.3,0.5,0.3
1974,2,127.0,34.0,14.4,14.4,14.4,14.4,1.0,0.0,2.0,1.0,0.9,0.4,17.2,17.2,17.2,17.2,1.0,0.0,2.0,1.0,0.9,0.4,8.99,8.99,8.99,8.99,1.0,0.0,2.0,1.0,0.9,0.4,74.3,74.3,74.3,74.3,1.0,0.0,2.0,1.0,0.4,9.3,9.3,9.3,9.3,1.0,0.0,2.0,1.0,0.9,0.4,7.12,7.12,7.12,7.12,1.0,0.0,2.0,1.0,0.9,0.4,5.98,5.98,5.98,5.98,1.0,0.0,2.0,1.0,0.9,0.4,1019.0,1019.0,1019.0,1019.0,1.0,0.0,2.0,1.0,0.9,0.4,3.0,3.0,3.0,3.0,1.0,0.0,2.0,1.0,0.9,0.4,66.3,66.3,66.3,66.3,1.0,0.0,2.0,1.0,0.9,0.4,55.6,55.6,55.6,55.6,1.0,0.0,2.0,1.0,0.9,0.4,-2.8,-2.8,-2.8,-2.8,1.0,0.0,2.0,1.0,0.9,0.4,-26.0,-26.0,-26.0,-26.0,1.0,0.0,2.0,1.0,0.9,0.4,1.13,1.13,1.13,1.13,1.0,0.0,2.0,1.0,0.9,0.4,10.5,10.5,10.5,10.5,1.0,0.0,2.0,1.0,0.9,0.4,122.5,122.5,122.5,122.5,1.0,0.0,2.0,1.0,0.9,0.4,102.8,102.8,102.8,102.8,1.0,0.0,2.0,1.0,0.9,0.4,64.0,64.0,64.0,64.0,1.0,0.0,2.0,1.0,0.9,0.4,53.7,53.7,53.7,53.7,1.0,0.0,2.0,1.0,0.9,0.4,8.0,8.0,8.0,8.0,1.0,0.0,2.0,1.0,0.9,0.4,6.7,6.7,6.7,6.7,1.0,0.0,2.0,1.0,0.9,0.4,804.5,804.5,804.5,804.5,1.0,0.0,2.0,1.0,0.9,0.4,805.0,805.0,805.0,805.0,1.0,0.0,2.0,1.0,0.9,0.4
1974,2,127.0,36.0,12.0,12.0,12.0,12.0,1.0,0.0,18.0,0.0,0.7,0.7,10.0,10.0,10.0,10.0,1.0,0.0,18.0,0.0,0.7,0.7,4.96,4.96,4.96,4.96,1.0,0.0,18.0,0.0,0.7,0.7,66.3,66.3,66.3,66.3,1.0,0.0,18.0,0.0,0.7,5.1,5.1,5.1,5.1,1.0,0.0,18.0,0.0,0.7,0.7,1.74,1.74,1.74,1.74,1.0,0.0,18.0,0.0,0.7,0.7,-4.79,-4.79,-4.79,-4.79,1.0,0.0,18.0,0.0,0.7,0.7,1028.0,1028.0,1028.0,1028.0,1.0,0.0,18.0,0.0,0.7,0.7,8.0,8.0,8.0,8.0,1.0,0.0,18.0,0.0,0.7,0.7,8.9,8.9,8.9,8.9,1.0,0.0,18.0,0.0,0.7,0.7,-24.4,-24.4,-24.4,-24.4,1.0,0.0,18.0,0.0,0.7,0.7,2.0,2.0,2.0,2.0,1.0,0.0,18.0,0.0,0.7,0.7,10.2,10.2,10.2,10.2,1.0,0.0,18.0,0.0,0.7,0.7,3.61,3.61,3.61,3.61,1.0,0.0,18.0,0.0,0.7,0.7,18.4,18.4,18.4,18.4,1.0,0.0,18.0,0.0,0.7,0.7,17.4,17.4,17.4,17.4,1.0,0.0,18.0,0.0,0.7,0.7,-47.9,-47.9,-47.9,-47.9,1.0,0.0,18.0,0.0,0.7,0.7,8.6,8.6,8.6,8.6,1.0,0.0,18.0,0.0,0.7,0.7,-23.8,-23.8,-23.8,-23.8,1.0,0.0,18.0,0.0,0.7,0.7,6.3,6.3,6.3,6.3,1.0,0.0,18.0,0.0,0.7,0.7,-17.3,-17.3,-17.3,-17.3,1.0,0.0,18.0,0.0,0.7,0.7,132.5,132.5,132.5,132.5,1.0,0.0,18.0,0.0,0.7,0.7,135.0,135.0,135.0,135.0,1.0,0.0,18.0,0.0,0.7,0.7
1974,2,128.0,-49.0,11.2,11.2,11.2,11.2,1.0,0.0,10.0,1.0,0.4,0.2,10.03,10.1,10.17,10.1,2.0,0.14,14.0,0.5,0.4,0.6,5.88,5.88,5.88,5.88,1.0,0.0,10.0,1.0,0.4,0.2,75.2,75.2,75.2,75.2,1.0,0.0,10.0,1.0,0.2,0.98,3.1,5.22,3.1,2.0,4.38,14.0,0.5,0.4,0.6,0.63,1.99,3.35,1.99,2.0,2.82,14.0,0.5,0.4,0.6,-4.0,-2.37,-0.75,-2.37,2.0,3.36,14.0,0.5,0.4,0.6,996.2,996.2,996.2,996.2,1.0,0.0,10.0,1.0,0.4,0.2,8.0,8.0,8.0,8.0,2.0,0.0,14.0,0.5,0.4,0.6,3.9,12.4,20.8,12.4,2.0,17.5,14.0,0.5,0.4,0.6,-24.8,-14.7,-4.7,-14.7,2.0,20.8,14.0,0.5,0.4,0.6,1.0,1.0,1.0,1.0,1.0,0.0,10.0,1.0,0.4,0.2,0.0,0.0,0.0,0.0,1.0,0.0,10.0,1.0,0.4,0.2,2.5,2.5,2.5,2.5,1.0,0.0,10.0,1.0,0.4,0.2,0.0,0.0,0.0,0.0,1.0,0.0,10.0,1.0,0.4,0.2,6.3,19.9,33.5,19.9,2.0,28.2,14.0,0.5,0.4,0.6,-40.0,-23.7,-7.5,-23.7,2.0,33.6,14.0,0.5,0.4,0.6,0.0,0.0,0.0,0.0,1.0,0.0,10.0,1.0,0.4,0.2,0.0,0.0,0.0,0.0,1.0,0.0,10.0,1.0,0.4,0.2,0.0,0.0,0.0,0.0,1.0,0.0,10.0,1.0,0.4,0.2,0.0,0.0,0.0,0.0,1.0,0.0,10.0,1.0,0.4,0.2,38.0,119.0,200.5,119.0,2.0,168.5,14.0,0.5,0.4,0.6,40.0,120.0,200.0,120.0,2.0,170.0,14.0,0.5,0.4,0.6
1974,2,128.0,-42.0,13.0,13.0,13.0,13.0,1.0,0.0,12.0,1.0,0.6,0.8,12.7,12.7,12.7,12.7,1.0,0.0,12.0,1.0,0.6,0.8,8.11,8.11,8.11,8.11,1.0,0.0,12.0,1.0,0.6,0.8,89.4,89.4,89.4,89.4,1.0,0.0,12.0,1.0,0.8,6.7,6.7,6.7,6.7,1.0,0.0,12.0,1.0,0.6,0.8,6.6,6.6,6.6,6.6,1.0,0.0,12.0,1.0,0.6,0.8,1.16,1.16,1.16,1.16,1.0,0.0,12.0,1.0,0.6,0.8,1016.1,1016.1,1016.1,1016.1,1.0,0.0,12.0,1.0,0.6,0.8,8.0,8.0,8.0,8.0,1.0,0.0,12.0,1.0,0.6,0.8,44.2,44.2,44.2,44.2,1.0,0.0,12.0,1.0,0.6,0.8,7.8,7.8,7.8,7.8,1.0,0.0,12.0,1.0,0.6,0.8,0.3,0.3,0.3,0.3,1.0,0.0,12.0,1.0,0.6,0.8,2.0,2.0,2.0,2.0,1.0,0.0,12.0,1.0,0.6,0.8,1.15,1.15,1.15,1.15,1.0,0.0,12.0,1.0,0.6,0.8,7.7,7.7,7.7,7.7,1.0,0.0,12.0,1.0,0.6,0.8,83.8,83.8,83.8,83.8,1.0,0.0,12.0,1.0,0.6,0.8,14.8,14.8,14.8,14.8,1.0,0.0,12.0,1.0,0.6,0.8,53.5,53.5,53.5,53.5,1.0,0.0,12.0,1.0,0.6,0.8,9.4,9.4,9.4,9.4,1.0,0.0,12.0,1.0,0.6,0.8,7.6,7.6,7.6,7.6,1.0,0.0,12.0,1.0,0.6,0.8,1.3,1.3,1.3,1.3,1.0,0.0,12.0,1.0,0.6,0.8,301.0,301.0,301.0,301.0,1.0,0.0,12.0,1.0,0.6,0.8,300.0,300.0,300.0,300.0,1.0,0.0,12.0,1.0,0.6,0.8
1974,2,128.0,-41.0,15.3,15.3,15.3,15.3,1.0,0.0,4.0,0.0,0.0,0.9,12.4,12.4,12.4,12.4,1.0,0.0,4.0,0.0,0.0,0.9,5.06,5.06,5.06,5.06,1.0,0.0,4.0,0.0,0.0,0.9,57.3,57.3,57.3,57.3,1.0,0.0,4.0,0.0,0.9,15.4,15.4,15.4,15.4,1.0,0.0,4.0,0.0,0.0,0.9,9.9,9.9,9.9,9.9,1.0,0.0,4.0,0.0,0.0,0.9,11.8,11.8,11.8,11.8,1.0,0.0,4.0,0.0,0.0,0.9,1022.4,1022.4,1022.4,1022.4,1.0,0.0,4.0,0.0,0.0,0.9,5.0,5.0,5.0,5.0,1.0,0.0,4.0,0.0,0.0,0.9,152.4,152.4,152.4,152.4,1.0,0.0,4.0,0.0,0.0,0.9,181.7,181.7,181.7,181.7,1.0,0.0,4.0,0.0,0.0,0.9,2.9,2.9,2.9,2.9,1.0,0.0,4.0,0.0,0.0,0.9,44.7,44.7,44.7,44.7,1.0,0.0,4.0,0.0,0.0,0.9,5.63,5.63,5.63,5.63,1.0,0.0,4.0,0.0,0.0,0.9,86.7,86.7,86.7,86.7,1.0,0.0,4.0,0.0,0.0,0.9,122.7,122.7,122.7,122.7,1.0,0.0,4.0,0.0,0.0,0.9,146.3,146.3,146.3,146.3,1.0,0.0,4.0,0.0,0.0,0.9,50.0,50.0,50.0,50.0,1.0,0.0,4.0,0.0,0.0,0.9,59.6,59.6,59.6,59.6,1.0,0.0,4.0,0.0,0.0,0.9,55.7,55.7,55.7,55.7,1.0,0.0,4.0,0.0,0.0,0.9,66.4,66.4,66.4,66.4,1.0,0.0,4.0,0.0,0.0,0.9,3652.5,3652.5,3652.5,3652.5,1.0,0.0,4.0,0.0,0.0,0.9,3650.0,3650.0,3650.0,3650.0,1.0,0.0,4.0,0.0,0.0,0.9
1974,2,128.0,-39.0,18.9,18.9,18.9,18.9,1.0,0.0,24.0,1.0,0.6,0.4,20.7,20.7,20.7,20.7,1.0,0.0,24.0,1.0,0.6,0.4,8.61,8.61,8.61,8.61,1.0,0.0,24.0,1.0,0.6,0.4,57.4,57.4,57.4,57.4,1.0,0.0,24.0,1.0,0.4,1.5,1.5,1.5,1.5,1.0,0.0,24.0,1.0,0.6,0.4,-0.51,-0.51,-0.51,-0.51,1.0,0.0,24.0,1.0,0.6,0.4,1.41,1.41,1.41,1.41,1.0,0.0,24.0,1.0,0.6,0.4,1022.3,1022.3,1022.3,1022.3,1.0,0.0,24.0,1.0,0.6,0.4,1.0,1.0,1.0,1.0,1.0,0.0,24.0,1.0,0.6,0.4,-0.8,-0.8,-0.8,-0.8,1.0,0.0,24.0,1.0,0.6,0.4,2.1,2.1,2.1,2.1,1.0,0.0,24.0,1.0,0.6,0.4,-1.8,-1.8,-1.8,-1.8,1.0,0.0,24.0,1.0,0.6,0.4,-2.7,-2.7,-2.7,-2.7,1.0,0.0,24.0,1.0,0.6,0.4,4.84,4.84,4.84,4.84,1.0,0.0,24.0,1.0,0.6,0.4,7.3,7.3,7.3,7.3,1.0,0.0,24.0,1.0,0.6,0.4,-10.6,-10.6,-10.6,-10.6,1.0,0.0,24.0,1.0,0.6,0.4,29.2,29.2,29.2,29.2,1.0,0.0,24.0,1.0,0.6,0.4,-4.4,-4.4,-4.4,-4.4,1.0,0.0,24.0,1.0,0.6,0.4,12.1,12.1,12.1,12.1,1.0,0.0,24.0,1.0,0.6,0.4,-2.5,-2.5,-2.5,-2.5,1.0,0.0,24.0,1.0,0.6,0.4,6.8,6.8,6.8,6.8,1.0,0.0,24.0,1.0,0.6,0.4,3.5,3.5,3.5,3.5,1.0,0.0,24.0,1.0,0.6,0.4,5.0,5.0,5.0,5.0,1.0,0.0,24.0,1.0,0.6,0.4
1974,2,128.0,-38.0,18.2,18.2,18.2,18.2,1.0,0.0,28.0,1.0,0.9,0.9,17.25,17.8,18.35,17.8,2.0,1.13,26.0,0.5,0.8,1.0,12.41,12.41,12.41,12.41,1.0,0.0,28.0,1.0,0.9,0.9,93.3,93.3,93.3,93.3,1.0,0.0,28.0,1.0,0.9,0.73,2.3,3.87,2.3,2.0,3.25,26.0,0.5,0.8,1.0,-1.32,-0.79,-0.25,-0.79,2.0,1.11,26.0,0.5,0.8,1.0,-3.64,-2.16,-0.69,-2.16,2.0,3.06,26.0,0.5,0.8,1.0,1015.31,1017.7,1020.09,1017.7,2.0,4.95,26.0,0.5,0.8,1.0,8.0,8.0,8.0,8.0,2.0,0.0,26.0,0.5,0.8,1.0,-6.1,-3.6,-1.1,-3.6,2.0,5.1,26.0,0.5,0.8,1.0,-16.7,-9.9,-3.2,-9.9,2.0,14.1,26.0,0.5,0.8,1.0,-0.4,-0.4,-0.4,-0.4,1.0,0.0,28.0,1.0,0.9,0.9,-1.8,-1.8,-1.8,-1.8,1.0,0.0,28.0,1.0,0.9,0.9,0.56,0.56,0.56,0.56,1.0,0.0,28.0,1.0,0.9,0.9,2.6,2.6,2.6,2.6,1.0,0.0,28.0,1.0,0.9,0.9,-24.6,-14.6,-4.6,-14.6,2.0,20.7,26.0,0.5,0.8,1.0,-67.6,-40.2,-12.8,-40.2,2.0,56.9,26.0,0.5,0.8,1.0,-19.5,-19.5,-19.5,-19.5,1.0,0.0,28.0,1.0,0.9,0.9,-53.6,-53.6,-53.6,-53.6,1.0,0.0,28.0,1.0,0.9,0.9,-0.9,-0.9,-0.9,-0.9,1.0,0.0,28.0,1.0,0.9,0.9,-2.4,-2.4,-2.4,-2.4,1.0,0.0,28.0,1.0,0.9,0.9,15.5,48.5,82.0,48.5,2.0,69.0,26.0,0.5,0.8,1.0,15.0,50.0,80.0,50.0,2.0,70.0,26.0,0.5,0.8,1.0
1974,2,128.0,-37.0,17.1,17.85,18.9,17.87,10.0,1.06,16.0,0.6,0.5,0.2,15.86,18.5,19.57,18.13,15.0,2.01,16.0,0.6,0.6,0.2,8.09,10.29,12.54,10.27,14.0,2.28,16.0,0.6,0.5,0.2,65.8,75.5,91.6,78.4,14.0,12.4,16.0,0.6,0.2,2.21,6.7,10.23,6.63,15.0,4.16,16.0,0.6,0.6,0.2,-2.3,0.0,6.48,0.9,15.0,5.43,16.0,0.6,0.6,0.2,-0.35,1.41,4.22,0.9,15.0,5.77,16.0,0.6,0.6,0.2,1008.43,1015.8,1019.9,1014.1,15.0,6.69,16.0,0.6,0.6,0.2,4.0,5.0,7.8,5.3,15.0,2.2,16.0,0.6,0.6,0.2,-6.5,0.0,63.0,10.6,15.0,51.7,16.0,0.6,0.6,0.2,-0.9,2.8,19.3,2.1,15.0,68.4,16.0,0.6,0.6,0.2,-2.73,-0.5,1.97,-0.38,10.0,2.22,16.0,0.6,0.5,0.2,-15.3,-1.3,7.6,-5.2,10.0,15.4,16.0,0.6,0.5,0.2,-0.22,3.81,5.36,2.87,10.0,2.71,16.0,0.6,0.5,0.2,-0.4,12.1,26.5,14.8,10.0,17.0,16.0,0.6,0.5,0.2,-47.8,0.0,120.1,13.0,15.0,97.4,16.0,0.6,0.6,0.2,-7.4,27.8,71.0,11.3,15.0,114.1,16.0,0.6,0.6,0.2,-33.9,0.0,40.2,-0.5,14.0,54.9,16.0,0.6,0.5,0.2,-5.8,13.7,48.0,3.6,14.0,65.8,16.0,0.6,0.5,0.2,-4.0,0.0,7.2,2.8,10.0,14.9,16.0,0.6,0.5,0.2,0.0,3.3,21.4,6.2,10.0,16.1,16.0,0.6,0.5,0.2,11.0,301.0,1072.0,625.5,15.0,795.0,16.0,0.6,0.6,0.2,10.0,300.0,1070.0,625.0,15.0,795.0,16.0,0.6,0.6,0.2
1974,2,128.0,-36.0,18.9,19.0,19.14,19.11,7.0,0.4,18.0,0.6,0.3,0.7,17.35,17.9,20.05,18.61,7.0,1.71,18.0,0.6,0.3,0.7,9.54,10.81,12.92,10.76,7.0,2.35,18.0,0.6,0.3,0.7,73.6,78.4,92.8,80.2,7.0,12.3,18.0,0.6,0.7,4.58,5.1,6.3,5.5,7.0,1.39,18.0,0.6,0.3,0.7,-5.72,-2.3,-1.36,-2.99,7.0,2.29,18.0,0.6,0.3,0.7,-2.34,0.0,4.61,0.46,7.0,4.62,18.0,0.6,0.3,0.7,1009.49,1018.2,1021.79,1016.34,7.0,6.23,18.0,0.6,0.3,0.7,7.0,8.0,8.0,7.6,7.0,0.8,18.0,0.6,0.3,0.7,-32.8,-11.7,-8.5,-16.7,7.0,13.7,18.0,0.6,0.3,0.7,-11.2,0.0,21.3,-1.5,7.0,31.1,18.0,0.6,0.3,0.7,-1.04,1.1,1.45,0.5,7.0,1.54,18.0,0.6,0.3,0.7,-8.3,4.5,7.3,1.5,7.0,8.3,18.0,0.6,0.3,0.7,0.91,2.88,3.97,2.96,7.0,2.08,18.0,0.6,0.3,0.7,5.2,15.0,24.0,15.4,7.0,10.0,18.0,0.6,0.3,0.7,-119.9,-37.7,-27.1,-57.7,7.0,47.6,18.0,0.6,0.3,0.7,-42.7,0.0,80.2,4.5,7.0,86.7,18.0,0.6,0.3,0.7,-74.0,-16.9,-14.7,-34.7,7.0,32.8,18.0,0.6,0.3,0.7,-23.5,0.0,46.7,2.5,7.0,47.6,18.0,0.6,0.3,0.7,-13.1,-5.3,-3.7,-6.9,7.0,5.5,18.0,0.6,0.3,0.7,-8.3,0.0,18.8,3.4,7.0,16.6,18.0,0.6,0.3,0.7,96.0,132.5,253.5,196.0,7.0,167.0,18.0,0.6,0.3,0.7,95.0,135.0,255.0,195.0,7.0,165.0,18.0,0.6,0.3,0.7
1974,2,128.0,-15.0,28.3,28.3,28.3,28.3,1.0,0.0,18.0,0.0,0.1,0.7,29.5,29.5,29.5,29.5,1.0,0.0,18.0,0.0,0.1,0.7,20.2,20.2,20.2,20.2,1.0,0.0,18.0,0.0,0.1,0.7,77.7,77.7,77.7,77.7,1.0,0.0,18.0,0.0,0.7,10.8,10.8,10.8,10.8,1.0,0.0,18.0,0.0,0.1,0.7,-8.27,-8.27,-8.27,-8.27,1.0,0.0,18.0,0.0,0.1,0.7,6.94,6.94,6.94,6.94,1.0,0.0,18.0,0.0,0.1,0.7,1003.7,1003.7,1003.7,1003.7,1.0,0.0,18.0,0.0,0.1,0.7,1.0,1.0,1.0,1.0,1.0,0.0,18.0,0.0,0.1,0.7,-89.4,-89.4,-89.4,-89.4,1.0,0.0,18.0,0.0,0.1,0.7,75.0,75.0,75.0,75.0,1.0,0.0,18.0,0.0,0.1,0.7,-1.2,-1.2,-1.2,-1.2,1.0,0.0,18.0,0.0,0.1,0.7,-13.0,-13.0,-13.0,-13.0,1.0,0.0,18.0,0.0,0.1,0.7,4.11,4.11,4.11,4.11,1.0,0.0,18.0,0.0,0.1,0.7,44.4,44.4,44.4,44.4,1.0,0.0,18.0,0.0,0.1,0.7,-244.1,-244.1,-244.1,-244.1,1.0,0.0,18.0,0.0,0.1,0.7,204.8,204.8,204.8,204.8,1.0,0.0,18.0,0.0,0.1,0.7,-167.1,-167.1,-167.1,-167.1,1.0,0.0,18.0,0.0,0.1,0.7,140.3,140.3,140.3,140.3,1.0,0.0,18.0,0.0,0.1,0.7,-34.0,-34.0,-34.0,-34.0,1.0,0.0,18.0,0.0,0.1,0.7,28.5,28.5,28.5,28.5,1.0,0.0,18.0,0.0,0.1,0.7,1259.5,1259.5,1259.5,1259.5,1.0,0.0,18.0,0.0,0.1,0.7,1260.0,1260.0,1260.0,1260.0,1.0,0.0,18.0,0.0,0.1,0.7
1974,2,128.0,-13.0,28.05,28.15,28.25,28.15,2.0,0.21,24.0,0.0,0.5,0.2,27.5,27.7,27.9,27.7,2.0,0.42,24.0,0.0,0.5,0.2,19.45,19.94,20.44,19.94,2.0,1.02,24.0,0.0,0.5,0.2,84.2,85.3,86.3,85.3,2.0,2.2,24.0,0.0,0.2,4.26,4.6,4.94,4.6,2.0,0.71,24.0,0.0,0.5,0.2,2.53,3.58,4.62,3.58,2.0,2.16,24.0,0.0,0.5,0.2,-2.99,-1.78,-0.56,-1.78,2.0,2.51,24.0,0.0,0.5,0.2,1005.12,1005.15,1005.18,1005.15,2.0,0.07,24.0,0.0,0.5,0.2,3.8,5.5,7.2,5.5,2.0,3.5,24.0,0.0,0.5,0.2,11.2,17.2,23.2,17.2,2.0,12.4,24.0,0.0,0.5,0.2,-12.2,-7.3,-2.3,-7.3,2.0,10.3,24.0,0.0,0.5,0.2,0.14,0.45,0.76,0.45,2.0,0.64,24.0,0.0,0.5,0.2,0.7,2.3,3.9,2.3,2.0,3.2,24.0,0.0,0.5,0.2,3.48,4.12,4.76,4.12,2.0,1.32,24.0,0.0,0.5,0.2,15.1,19.4,23.8,19.4,2.0,9.0,24.0,0.0,0.5,0.2,70.5,98.6,126.7,98.6,2.0,58.2,24.0,0.0,0.5,0.2,-83.6,-49.7,-15.8,-49.7,2.0,70.3,24.0,0.0,0.5,0.2,51.2,70.2,89.2,70.2,2.0,39.4,24.0,0.0,0.5,0.2,-61.7,-36.7,-11.6,-36.7,2.0,51.9,24.0,0.0,0.5,0.2,9.6,16.2,22.7,16.2,2.0,13.6,24.0,0.0,0.5,0.2,-9.5,-5.7,-1.8,-5.7,2.0,8.0,24.0,0.0,0.5,0.2,79.0,101.0,122.5,101.0,2.0,45.0,24.0,0.0,0.5,0.2,80.0,100.0,125.0,100.0,2.0,45.0,24.0,0.0,0.5,0.2
1974,2,128.0,-11.0,,,,,,,,,,,,,,,,,,,,,,,,,,,,,,,,,,,,,,,,8.2,8.2,8.2,8.2,1.0,0.0,16.0,1.0,0.9,0.1,7.71,7.71,7.71,7.71,1.0,0.0,16.0,1.0,0.9,0.1,2.8,2.8,2.8,2.8,1.0,0.0,16.0,1.0,0.9,0.1,1002.2,1002.2,1002.2,1002.2,1.0,0.0,16.0,1.0,0.9,0.1,,,,,,,,,,,,,,,,,,,,,,,,,,,,,,,,,,,,,,,,,,,,,,,,,,,,,,,,,,,,,,,,,,,,,,,,,,,,,,,,,,,,,,,,,,,,,,,,,,,,,,,,,,,,,,,,,,,,,,,,,,,,,,,,,,,,,,,,,,,,,,,,,,,,,,
1974,2,128.0,-10.0,,,,,,,,,,,,,,,,,,,,,,,,,,,,,,,,,,,,,,,,8.2,8.2,8.2,8.2,2.0,0.0,20.0,0.5,0.2,0.4,6.28,6.28,6.28,6.28,2.0,0.0,20.0,0.5,0.2,0.4,5.27,5.27,5.27,5.27,2.0,0.0,20.0,0.5,0.2,0.4,1004.57,1005.15,1005.73,1005.15,2.0,1.2,20.0,0.5,0.2,0.4,,,,,,,,,,,,,,,,,,,,,,,,,,,,,,,,,,,,,,,,,,,,,,,,,,,,,,,,,,,,,,,,,,,,,,,,,,,,,,,,,,,,,,,,,,,,,,,,,,,,,,,,,,,,,,,,,,,,,,,,,,,,,,,,,,,,,,,,,,,,,,,,,,,,,,
1974,2,128.0,-9.0,27.48,28.15,28.88,28.18,4.0,0.99,16.0,1.0,0.6,0.4,27.35,27.95,28.99,28.12,6.0,1.46,16.0,0.8,0.5,0.5,19.23,19.87,20.47,19.9,5.0,1.02,16.0,0.8,0.5,0.5,76.6,79.5,87.1,81.4,5.0,7.3,16.0,0.8,0.5,2.92,3.1,7.57,4.84,5.0,2.64,18.0,1.0,0.5,0.5,2.12,2.91,7.38,4.37,5.0,2.85,18.0,1.0,0.5,0.5,-2.29,-1.99,-0.67,-1.57,5.0,1.07,18.0,1.0,0.5,0.5,1007.4,1007.65,1008.14,1007.7,6.0,0.47,16.0,0.8,0.5,0.5,6.0,7.0,8.0,7.0,6.0,0.9,16.0,0.8,0.5,0.5,6.3,9.0,56.0,27.2,5.0,28.1,18.0,1.0,0.5,0.5,-12.3,-5.2,-2.1,-7.5,5.0,9.0,18.0,1.0,0.5,0.5,-1.91,-0.75,0.94,-0.5,4.0,1.76,16.0,1.0,0.6,0.4,-9.3,-3.3,2.5,-3.4,4.0,7.1,16.0,1.0,0.6,0.4,3.38,4.12,4.34,3.87,4.0,0.68,16.0,1.0,0.6,0.4,11.7,12.8,17.3,14.4,4.0,4.4,16.0,1.0,0.6,0.4,62.9,81.3,202.4,121.3,5.0,75.9,18.0,1.0,0.5,0.5,-65.2,-55.2,-18.8,-43.7,5.0,29.1,18.0,1.0,0.5,0.5,41.3,52.5,101.2,70.4,4.0,47.6,16.0,1.0,0.6,0.4,-41.3,-30.3,-10.0,-25.9,4.0,19.7,16.0,1.0,0.6,0.4,8.7,10.8,16.3,12.4,4.0,5.9,16.0,1.0,0.6,0.4,-8.6,-6.4,-2.0,-5.4,4.0,4.2,16.0,1.0,0.6,0.4,25.5,30.0,438.5,200.5,5.0,247.5,18.0,1.0,0.5,0.5,25.0,30.0,440.0,200.0,5.0,245.0,18.0,1.0,0.5,0.5
1974,2,128.0,-8.0,,,,,,,,,,,,,,,,,,,,,,,,,,,,,,,,,,,,,,,,8.2,8.2,8.2,8.2,1.0,0.0,14.0,0.0,0.3,0.1,6.28,6.28,6.28,6.28,1.0,0.0,14.0,0.0,0.3,0.1,5.27,5.27,5.27,5.27,1.0,0.0,14.0,0.0,0.3,0.1,1005.0,1005.0,1005.0,1005.0,1.0,0.0,14.0,0.0,0.3,0.1,,,,,,,,,,,,,,,,,,,,,,,,,,,,,,,,,,,,,,,,,,,,,,,,,,,,,,,,,,,,,,,,,,,,,,,,,,,,,,,,,,,,,,,,,,,,,,,,,,,,,,,,,,,,,,,,,,,,,,,,,,,,,,,,,,,,,,,,,,,,,,,,,,,,,,
1974,2,128.0,-7.0,,,,,,,,,,,,,,,,,,,,,,,,,,,,,,,,,,,,,,,,8.28,8.45,8.62,8.45,2.0,0.35,20.0,0.5,0.1,0.4,6.67,7.49,8.32,7.49,2.0,1.71,20.0,0.5,0.1,0.4,0.84,2.64,4.43,2.64,2.0,3.73,20.0,0.5,0.1,0.4,1006.33,1006.6,1006.87,1006.6,2.0,0.57,20.0,0.5,0.1,0.4,,,,,,,,,,,,,,,,,,,,,,,,,,,,,,,,,,,,,,,,,,,,,,,,,,,,,,,,,,,,,,,,,,,,,,,,,,,,,,,,,,,,,,,,,,,,,,,,,,,,,,,,,,,,,,,,,,,,,,,,,,,,,,,,,,,,,,,,,,,,,,,,,,,,,,
1974,2,128.0,-5.0,28.07,28.85,29.63,28.85,2.0,1.63,14.0,0.5,0.8,0.5,27.98,28.8,29.62,28.8,2.0,1.7,14.0,0.5,0.8,0.5,17.4,17.4,17.4,17.4,1.0,0.0,8.0,0.0,0.8,0.4,75.1,75.1,75.1,75.1,1.0,0.0,8.0,0.0,0.4,4.72,6.05,7.38,6.05,2.0,2.76,14.0,0.5,0.8,0.5,4.18,5.53,6.89,5.53,2.0,2.8,14.0,0.5,0.8,0.5,-1.29,0.34,1.98,0.34,2.0,3.38,14.0,0.5,0.8,0.5,1006.33,1006.6,1006.87,1006.6,2.0,0.57,14.0,0.5,0.8,0.5,6.0,6.0,6.0,6.0,2.0,0.0,14.0,0.5,0.8,0.5,21.8,37.3,52.9,37.3,2.0,32.2,14.0,0.5,0.8,0.5,-3.6,6.7,17.1,6.7,2.0,21.4,14.0,0.5,0.8,0.5,0.02,0.05,0.08,0.05,2.0,0.07,14.0,0.5,0.8,0.5,0.1,0.2,0.3,0.2,2.0,0.3,14.0,0.5,0.8,0.5,5.99,5.99,5.99,5.99,1.0,0.0,8.0,0.0,0.8,0.4,24.5,24.5,24.5,24.5,1.0,0.0,8.0,0.0,0.8,0.4,118.2,161.8,205.3,161.8,2.0,90.2,14.0,0.5,0.8,0.5,-34.6,12.8,60.1,12.8,2.0,98.1,14.0,0.5,0.8,0.5,61.8,61.8,61.8,61.8,1.0,0.0,8.0,0.0,0.8,0.4,-35.7,-35.7,-35.7,-35.7,1.0,0.0,8.0,0.0,0.8,0.4,21.3,21.3,21.3,21.3,1.0,0.0,8.0,0.0,0.8,0.4,-12.3,-12.3,-12.3,-12.3,1.0,0.0,8.0,0.0,0.8,0.4,139.0,290.5,441.5,290.5,2.0,313.5,14.0,0.5,0.8,0.5,140.0,290.0,440.0,290.0,2.0,315.0,14.0,0.5,0.8,0.5
1974,2,128.0,-2.0,28.48,28.65,28.82,28.65,2.0,0.35,12.0,0.0,0.4,0.8,26.02,26.5,26.98,26.5,2.0,0.99,12.0,0.0,0.4,0.8,18.37,18.37,18.37,18.37,1.0,0.0,18.0,0.0,0.7,0.8,88.2,88.2,88.2,88.2,1.0,0.0,18.0,0.0,0.8,2.92,3.6,4.28,3.6,2.0,1.41,12.0,0.0,0.4,0.8,2.82,3.29,3.76,3.29,2.0,0.98,12.0,0.0,0.4,0.8,-1.93,-1.15,-0.37,-1.15,2.0,1.63,12.0,0.0,0.4,0.8,1006.65,1007.2,1007.75,1007.2,2.0,1.13,12.0,0.0,0.4,0.8,7.2,7.5,7.8,7.5,2.0,0.7,12.0,0.0,0.4,0.8,8.6,12.5,16.5,12.5,2.0,8.2,12.0,0.0,0.4,0.8,-8.9,-5.3,-1.7,-5.3,2.0,7.5,12.0,0.0,0.4,0.8,1.5,2.15,2.8,2.15,2.0,1.34,12.0,0.0,0.4,0.8,5.9,6.8,7.7,6.8,2.0,1.8,12.0,0.0,0.4,0.8,6.71,6.71,6.71,6.71,1.0,0.0,18.0,0.0,0.7,0.8,17.5,17.5,17.5,17.5,1.0,0.0,18.0,0.0,0.7,0.8,73.6,87.7,101.8,87.7,2.0,29.2,12.0,0.0,0.4,0.8,-52.6,-31.3,-9.9,-31.3,2.0,44.2,12.0,0.0,0.4,0.8,47.8,47.8,47.8,47.8,1.0,0.0,18.0,0.0,0.7,0.8,0.0,0.0,0.0,0.0,1.0,0.0,18.0,0.0,0.7,0.8,17.5,17.5,17.5,17.5,1.0,0.0,18.0,0.0,0.7,0.8,0.0,0.0,0.0,0.0,1.0,0.0,18.0,0.0,0.7,0.8,30.0,57.5,84.5,57.5,2.0,56.5,12.0,0.0,0.4,0.8,30.0,55.0,85.0,55.0,2.0,55.0,12.0,0.0,0.4,0.8
1974,2,128.0,2.0,27.0,27.0,27.0,27.0,1.0,0.0,2.0,0.0,0.6,0.5,26.5,26.5,26.5,26.5,1.0,0.0,2.0,0.0,0.6,0.5,19.84,19.84,19.84,19.84,1.0,0.0,2.0,0.0,0.6,0.5,91.5,91.5,91.5,91.5,1.0,0.0,2.0,0.0,0.5,7.2,7.2,7.2,7.2,1.0,0.0,2.0,0.0,0.6,0.5,-7.2,-7.2,-7.2,-7.2,1.0,0.0,2.0,0.0,0.6,0.5,0.0,0.0,0.0,0.0,1.0,0.0,2.0,0.0,0.6,0.5,1009.5,1009.5,1009.5,1009.5,1.0,0.0,2.0,0.0,0.6,0.5,5.0,5.0,5.0,5.0,1.0,0.0,2.0,0.0,0.6,0.5,-51.8,-51.8,-51.8,-51.8,1.0,0.0,2.0,0.0,0.6,0.5,0.0,0.0,0.0,0.0,1.0,0.0,2.0,0.0,0.6,0.5,0.5,0.5,0.5,0.5,1.0,0.0,2.0,0.0,0.6,0.5,3.6,3.6,3.6,3.6,1.0,0.0,2.0,0.0,0.6,0.5,2.53,2.53,2.53,2.53,1.0,0.0,2.0,0.0,0.6,0.5,18.2,18.2,18.2,18.2,1.0,0.0,2.0,0.0,0.6,0.5,-190.8,-190.8,-190.8,-190.8,1.0,0.0,2.0,0.0,0.6,0.5,0.0,0.0,0.0,0.0,1.0,0.0,2.0,0.0,0.6,0.5,-142.9,-142.9,-142.9,-142.9,1.0,0.0,2.0,0.0,0.6,0.5,0.0,0.0,0.0,0.0,1.0,0.0,2.0,0.0,0.6,0.5,-18.2,-18.2,-18.2,-18.2,1.0,0.0,2.0,0.0,0.6,0.5,0.0,0.0,0.0,0.0,1.0,0.0,2.0,0.0,0.6,0.5,373.0,373.0,373.0,373.0,1.0,0.0,2.0,0.0,0.6,0.5,375.0,375.0,375.0,375.0,1.0,0.0,2.0,0.0,0.6,0.5
1974,2,128.0,4.0,27.0,27.5,27.84,27.47,6.0,0.41,16.0,0.7,0.1,0.4,26.0,26.5,28.46,27.17,9.0,1.62,16.0,0.4,0.2,0.4,17.83,18.19,19.89,18.69,7.0,1.34,16.0,0.6,0.1,0.4,76.7,84.6,86.4,82.0,7.0,8.4,16.0,0.6,0.4,2.94,5.95,7.7,5.48,8.0,2.83,14.0,0.5,0.2,0.4,-4.81,-0.65,5.69,0.07,8.0,4.81,14.0,0.5,0.2,0.4,-5.24,-4.56,-0.25,-3.44,8.0,2.37,14.0,0.5,0.2,0.4,1005.13,1006.6,1008.78,1007.03,9.0,2.01,16.0,0.4,0.2,0.4,4.5,6.0,7.0,6.0,9.0,1.6,16.0,0.4,0.2,0.4,-31.2,-1.7,43.1,3.3,8.0,34.2,14.0,0.5,0.2,0.4,-42.7,-27.2,-0.6,-23.4,8.0,19.0,14.0,0.5,0.2,0.4,-1.51,0.75,1.1,0.02,6.0,1.63,16.0,0.7,0.1,0.4,-0.6,5.3,8.6,4.6,6.0,5.7,16.0,0.7,0.1,0.4,2.5,4.44,5.36,4.13,6.0,1.38,16.0,0.7,0.1,0.4,4.9,23.7,37.2,22.1,6.0,17.6,16.0,0.7,0.1,0.4,-125.2,-18.8,150.5,0.7,8.0,127.0,14.0,0.5,0.2,0.4,-136.4,-119.6,-7.2,-90.8,8.0,61.5,14.0,0.5,0.2,0.4,-76.2,-13.7,109.8,5.2,6.0,87.7,16.0,0.7,0.1,0.4,-96.9,-89.1,-37.7,-71.2,6.0,40.3,16.0,0.7,0.1,0.4,-11.7,-1.6,28.5,4.5,6.0,21.3,16.0,0.7,0.1,0.4,-25.7,-16.9,-4.3,-15.4,6.0,11.5,16.0,0.7,0.1,0.4,36.0,212.0,456.5,261.5,8.0,207.0,14.0,0.5,0.2,0.4,35.0,210.0,455.0,260.0,8.0,205.0,14.0,0.5,0.2,0.4
1974,2,128.0,5.0,27.0,27.5,28.6,27.75,6.0,0.82,10.0,0.3,0.3,0.5,25.0,25.25,26.41,25.75,6.0,1.17,10.0,0.3,0.3,0.5,18.29,18.66,18.83,18.61,6.0,0.3,10.0,0.3,0.3,0.5,86.6,91.7,92.8,89.7,6.0,6.0,10.0,0.3,0.5,2.89,4.1,7.91,4.97,6.0,2.65,10.0,0.3,0.3,0.5,-5.09,-1.89,-1.23,-2.85,6.0,2.6,10.0,0.3,0.3,0.5,-4.27,-0.96,1.19,-1.71,6.0,4.08,10.0,0.3,0.3,0.5,1005.01,1007.5,1008.54,1006.95,6.0,1.83,10.0,0.3,0.3,0.5,3.8,8.0,8.0,6.5,6.0,2.3,10.0,0.3,0.3,0.5,-28.0,-5.6,-3.3,-15.3,6.0,21.0,10.0,0.3,0.3,0.5,-31.7,-4.9,4.6,-15.6,6.0,31.3,10.0,0.3,0.3,0.5,1.69,2.0,2.6,2.0,6.0,0.84,10.0,0.3,0.3,0.5,4.3,7.6,12.1,9.3,6.0,7.1,10.0,0.3,0.3,0.5,3.99,4.62,6.04,4.86,6.0,1.17,10.0,0.3,0.3,0.5,12.3,18.3,50.5,26.5,6.0,19.3,10.0,0.3,0.3,0.5,-128.7,-47.2,-31.4,-72.5,6.0,67.3,10.0,0.3,0.3,0.5,-112.2,-25.3,30.0,-47.3,6.0,111.4,10.0,0.3,0.3,0.5,-93.5,-35.3,-23.1,-52.9,6.0,48.3,10.0,0.3,0.3,0.5,-78.7,-17.8,22.0,-31.6,6.0,76.0,10.0,0.3,0.3,0.5,-24.7,-7.8,-5.3,-14.7,6.0,17.0,10.0,0.3,0.3,0.5,-24.2,-6.3,5.1,-11.0,6.0,22.8,10.0,0.3,0.3,0.5,25.5,72.0,498.0,216.5,6.0,273.5,10.0,0.3,0.3,0.5,25.0,70.0,500.0,215.0,6.0,275.0,10.0,0.3,0.3,0.5
1974,2,128.0,6.0,26.5,28.0,29.0,27.85,11.0,1.34,16.0,0.6,0.4,0.4,26.41,27.15,28.97,27.51,14.0,1.55,18.0,0.7,0.4,0.4,17.6,19.16,19.93,18.93,12.0,1.13,18.0,0.7,0.4,0.4,79.2,81.6,90.2,83.5,12.0,6.3,18.0,0.7,0.4,4.1,5.4,9.26,6.06,14.0,2.88,18.0,0.7,0.4,0.4,-4.34,-2.64,-0.29,-2.57,14.0,2.48,18.0,0.7,0.4,0.4,-8.11,-3.79,-0.65,-4.19,14.0,3.96,18.0,0.7,0.4,0.4,1006.22,1007.95,1009.75,1008.01,14.0,1.63,18.0,0.7,0.4,0.4,5.1,6.0,8.0,6.4,14.0,1.3,18.0,0.7,0.4,0.4,-32.6,-15.3,-0.4,-17.8,14.0,19.3,18.0,0.7,0.4,0.4,-70.8,-19.1,-1.1,-32.9,14.0,38.2,18.0,0.7,0.4,0.4,-1.12,0.0,1.91,0.51,11.0,1.79,16.0,0.6,0.4,0.4,-4.1,0.0,12.2,3.6,11.0,10.0,16.0,0.6,0.4,0.4,2.67,4.73,6.33,4.58,11.0,1.78,16.0,0.6,0.4,0.4,9.2,19.9,51.2,28.4,11.0,22.7,16.0,0.6,0.4,0.4,-123.6,-77.6,-7.4,-70.4,14.0,67.0,18.0,0.7,0.4,0.4,-234.1,-108.0,-16.9,-116.4,14.0,106.1,18.0,0.7,0.4,0.4,-91.5,-59.0,-26.8,-58.8,12.0,37.7,18.0,0.7,0.4,0.4,-161.9,-71.7,0.9,-79.3,12.0,79.5,18.0,0.7,0.4,0.4,-21.2,-14.8,-5.6,-14.8,11.0,10.1,16.0,0.6,0.4,0.4,-44.0,-12.4,0.3,-20.7,11.0,24.3,16.0,0.6,0.4,0.4,69.0,159.0,795.0,359.5,14.0,371.0,18.0,0.7,0.4,0.4,70.0,160.0,795.0,360.0,14.0,370.0,18.0,0.7,0.4,0.4
1974,2,128.0,7.0,27.0,28.25,29.0,27.99,10.0,1.2,16.0,0.6,0.4,0.6,27.54,28.0,29.57,28.46,10.0,1.42,16.0,0.6,0.4,0.6,18.74,19.66,21.84,20.12,10.0,1.55,16.0,0.6,0.4,0.6,78.5,81.5,89.8,82.6,10.0,7.4,16.0,0.6,0.6,4.81,6.95,7.7,6.68,10.0,1.55,16.0,0.6,0.4,0.6,-6.64,-4.96,-2.44,-4.89,10.0,2.15,16.0,0.6,0.4,0.6,-4.95,-4.15,-2.36,-3.91,10.0,1.96,16.0,0.6,0.4,0.6,1007.03,1007.9,1009.29,1007.94,10.0,1.14,16.0,0.6,0.4,0.6,2.9,5.0,7.1,5.0,10.0,2.1,16.0,0.6,0.4,0.6,-49.1,-29.5,-14.7,-34.9,10.0,21.8,16.0,0.6,0.4,0.6,-38.1,-29.2,-12.9,-26.5,10.0,16.0,16.0,0.6,0.4,0.6,-1.86,0.0,0.5,-0.47,10.0,1.22,16.0,0.6,0.4,0.6,-8.8,0.0,3.7,-2.0,10.0,6.3,16.0,0.6,0.4,0.6,1.99,3.91,5.55,3.7,10.0,1.7,16.0,0.6,0.4,0.6,10.5,26.1,37.0,25.2,10.0,13.4,16.0,0.6,0.4,0.6,-179.8,-146.1,-71.6,-138.5,10.0,60.3,16.0,0.6,0.4,0.6,-138.6,-119.0,-70.9,-111.1,10.0,54.7,16.0,0.6,0.4,0.6,-139.3,-95.7,-51.5,-98.8,10.0,45.9,16.0,0.6,0.4,0.6,-104.5,-84.9,-48.6,-78.3,10.0,38.7,16.0,0.6,0.4,0.6,-25.8,-17.7,-6.5,-17.9,10.0,10.2,16.0,0.6,0.4,0.6,-24.7,-11.2,-6.9,-15.4,10.0,12.7,16.0,0.6,0.4,0.6,112.5,337.0,456.5,341.5,10.0,218.5,16.0,0.6,0.4,0.6,110.0,335.0,455.0,340.0,10.0,220.0,16.0,0.6,0.4,0.6
1974,2,128.0,8.0,27.0,29.0,29.73,28.24,9.0,1.59,16.0,0.7,0.4,0.5,25.21,26.75,28.79,26.85,10.0,1.55,18.0,0.6,0.3,0.4,17.76,19.07,21.59,19.76,9.0,2.51,16.0,0.7,0.4,0.5,81.9,88.7,94.9,87.9,9.0,8.3,16.0,0.7,0.5,6.76,7.45,8.64,7.33,8.0,2.22,20.0,0.6,0.3,0.4,-7.6,-6.48,-2.38,-5.84,8.0,2.9,20.0,0.6,0.3,0.4,-4.54,-2.63,-0.25,-2.87,8.0,3.07,20.0,0.6,0.3,0.4,1006.64,1008.0,1009.56,1008.02,10.0,2.23,18.0,0.6,0.3,0.4,3.5,6.0,7.7,5.6,9.0,2.1,16.0,0.7,0.4,0.5,-61.9,-45.4,-16.1,-46.2,8.0,31.0,20.0,0.6,0.3,0.4,-32.9,-20.4,-1.7,-23.7,8.0,24.4,20.0,0.6,0.3,0.4,0.63,1.0,2.37,1.19,9.0,1.38,16.0,0.7,0.4,0.5,4.0,10.1,15.5,9.7,7.0,5.6,18.0,0.7,0.4,0.5,1.86,4.74,7.14,4.45,9.0,2.59,16.0,0.7,0.4,0.5,17.9,37.1,55.1,35.5,7.0,21.2,18.0,0.7,0.4,0.5,-215.1,-163.6,-69.1,-157.5,8.0,78.6,20.0,0.6,0.3,0.4,-130.0,-72.6,-6.5,-75.0,8.0,79.8,20.0,0.6,0.3,0.4,-173.1,-118.8,-97.7,-125.5,7.0,47.6,18.0,0.7,0.4,0.5,-68.6,-45.0,2.0,-37.2,7.0,43.9,18.0,0.7,0.4,0.5,-48.9,-32.1,-16.8,-31.7,7.0,18.5,18.0,0.7,0.4,0.5,-19.8,-7.9,0.1,-12.7,7.0,14.5,18.0,0.7,0.4,0.5,309.0,415.0,646.5,478.0,8.0,312.0,20.0,0.6,0.3,0.4,310.0,415.0,645.0,480.0,8.0,310.0,20.0,0.6,0.3,0.4
1974,2,128.0,9.0,27.18,28.8,29.0,28.21,15.0,1.17,14.0,0.5,0.5,0.5,25.88,27.0,27.56,26.78,16.0,1.06,14.0,0.6,0.5,0.5,17.59,18.96,19.86,18.81,15.0,0.93,14.0,0.5,0.5,0.5,78.8,86.3,92.0,85.6,15.0,7.6,14.0,0.5,0.5,6.2,7.7,10.08,7.79,15.0,2.68,14.0,0.6,0.5,0.5,-7.95,-5.9,-4.25,-5.4,15.0,2.59,14.0,0.6,0.5,0.5,-6.69,-3.99,-1.12,-4.42,15.0,3.64,14.0,0.6,0.5,0.5,1006.48,1008.35,1010.5,1008.46,16.0,1.99,14.0,0.6,0.5,0.5,5.0,7.0,8.0,6.5,15.0,1.7,14.0,0.6,0.5,0.4,-64.9,-45.4,-29.4,-44.9,15.0,24.8,14.0,0.6,0.5,0.5,-63.3,-24.7,-6.3,-40.7,15.0,48.1,14.0,0.6,0.5,0.5,0.18,1.5,3.0,1.45,15.0,1.56,14.0,0.5,0.5,0.5,0.2,11.9,15.4,9.2,14.0,11.1,14.0,0.6,0.5,0.4,3.88,5.81,6.74,5.29,15.0,1.8,14.0,0.5,0.5,0.5,18.6,44.5,51.0,40.6,14.0,19.0,14.0,0.6,0.5,0.4,-214.7,-147.5,-115.8,-145.3,15.0,68.8,14.0,0.6,0.5,0.5,-173.3,-109.6,-31.2,-119.0,15.0,99.5,14.0,0.6,0.5,0.5,-160.9,-110.2,-74.6,-102.8,14.0,53.2,14.0,0.6,0.5,0.4,-132.8,-75.1,-19.7,-82.5,14.0,69.3,14.0,0.6,0.5,0.4,-42.0,-28.8,-14.3,-27.8,14.0,16.9,14.0,0.6,0.5,0.4,-32.6,-20.4,-3.4,-22.6,14.0,21.7,14.0,0.6,0.5,0.4,238.5,456.5,1029.0,634.5,15.0,623.0,14.0,0.6,0.5,0.5,240.0,455.0,1030.0,635.0,15.0,625.0,14.0,0.6,0.5,0.5
1974,2,128.0,10.0,27.0,28.25,29.0,28.02,12.0,1.03,14.0,0.2,0.5,0.5,26.0,26.5,27.0,26.62,14.0,0.63,16.0,0.2,0.5,0.6,17.33,18.35,19.16,18.24,12.0,0.91,14.0,0.2,0.5,0.5,78.1,84.6,86.1,83.8,12.0,4.3,14.0,0.2,0.5,6.2,7.7,12.2,8.31,14.0,3.53,16.0,0.2,0.5,0.6,-7.69,-4.94,-4.27,-5.59,14.0,1.71,16.0,0.2,0.5,0.6,-11.29,-4.15,0.0,-4.73,14.0,5.11,16.0,0.2,0.5,0.6,1007.21,1008.0,1009.5,1008.56,14.0,1.54,16.0,0.2,0.5,0.6,4.5,7.0,8.0,6.3,12.0,1.9,16.0,0.3,0.5,0.6,-66.2,-55.9,-29.4,-47.6,14.0,22.4,16.0,0.2,0.5,0.6,-138.9,-26.8,0.0,-54.1,14.0,73.8,16.0,0.2,0.5,0.6,0.37,1.25,3.0,1.46,12.0,1.29,14.0,0.2,0.5,0.5,2.3,10.1,20.1,12.1,12.0,13.9,14.0,0.2,0.5,0.5,4.28,5.7,6.76,5.58,12.0,1.66,14.0,0.2,0.5,0.5,20.4,43.2,77.4,46.4,12.0,25.1,14.0,0.2,0.5,0.5,-203.2,-131.4,-114.9,-148.8,14.0,45.9,16.0,0.2,0.5,0.6,-305.3,-110.3,0.0,-125.7,14.0,135.1,16.0,0.2,0.5,0.6,-142.1,-86.6,-72.2,-101.3,12.0,33.8,14.0,0.2,0.5,0.5,-208.0,-71.8,0.0,-81.8,12.0,100.6,14.0,0.2,0.5,0.5,-37.3,-28.7,-18.8,-29.9,12.0,11.0,14.0,0.2,0.5,0.5,-72.8,-18.2,0.0,-27.3,12.0,32.8,14.0,0.2,0.5,0.5,238.5,456.5,1837.0,885.5,14.0,1087.0,16.0,0.2,0.5,0.6,240.0,455.0,1835.0,885.0,14.0,1085.0,16.0,0.2,0.5,0.6
1974,2,128.0,11.0,26.77,28.2,29.0,28.18,16.0,1.25,16.0,0.4,0.6,0.6,25.54,27.0,27.5,26.67,17.0,1.55,18.0,0.5,0.5,0.6,16.61,17.92,20.35,18.22,15.0,1.73,16.0,0.4,0.6,0.6,74.5,83.7,91.2,82.9,15.0,8.1,16.0,0.4,0.6,4.64,8.2,13.23,8.76,17.0,3.83,18.0,0.5,0.5,0.6,-8.38,-6.28,-3.09,-6.05,17.0,2.63,18.0,0.5,0.5,0.6,-11.02,-2.63,-0.66,-4.44,17.0,5.43,18.0,0.5,0.5,0.6,1008.82,1010.4,1012.5,1010.48,17.0,1.95,18.0,0.5,0.5,0.6,3.0,6.0,8.0,5.5,17.0,2.0,18.0,0.5,0.5,0.6,-97.1,-51.5,-20.5,-55.3,17.0,35.2,18.0,0.5,0.5,0.6,-152.2,-20.3,-2.4,-53.9,17.0,81.4,18.0,0.5,0.5,0.6,0.5,1.5,3.0,1.41,16.0,2.23,16.0,0.4,0.6,0.6,2.5,15.5,25.6,11.9,16.0,20.5,16.0,0.4,0.6,0.6,4.72,6.14,7.98,6.02,15.0,2.29,16.0,0.4,0.6,0.6,26.9,47.9,85.7,53.4,15.0,31.5,16.0,0.4,0.6,0.6,-242.7,-169.6,-77.2,-163.3,17.0,75.9,18.0,0.5,0.5,0.6,-291.4,-64.3,-16.6,-117.2,17.0,142.9,18.0,0.5,0.5,0.6,-175.8,-105.7,-52.1,-114.3,15.0,57.1,16.0,0.4,0.6,0.6,-196.0,-43.5,-5.6,-74.9,15.0,99.3,16.0,0.4,0.6,0.6,-48.7,-31.5,-18.7,-33.8,15.0,15.7,16.0,0.4,0.6,0.6,-64.3,-18.3,-0.4,-29.8,15.0,40.4,16.0,0.4,0.6,0.6,103.5,551.5,2410.0,1056.0,17.0,1210.0,18.0,0.5,0.5,0.6,105.0,550.0,2410.0,1055.0,17.0,1210.0,18.0,0.5,0.5,0.6
1974,2,128.0,12.0,26.38,27.5,29.01,27.56,7.0,1.28,18.0,0.6,0.4,0.5,24.56,26.0,27.73,25.96,9.0,1.54,16.0,0.4,0.4,0.4,17.23,18.68,19.89,18.4,7.0,1.95,18.0,0.6,0.4,0.5,79.6,85.3,100.0,88.0,7.0,11.6,18.0,0.6,0.5,5.8,10.3,12.74,9.31,9.0,3.62,16.0,0.4,0.4,0.4,-9.62,-4.95,-3.96,-6.23,9.0,2.75,16.0,0.4,0.4,0.4,-10.02,-5.9,-0.88,-5.94,9.0,4.45,16.0,0.4,0.4,0.4,1009.03,1010.0,1011.84,1010.23,9.0,1.54,16.0,0.4,0.4,0.4,2.9,5.0,7.0,4.9,7.0,2.8,14.0,0.6,0.5,0.3,-102.3,-66.1,-23.6,-63.2,9.0,40.6,16.0,0.4,0.4,0.4,-124.5,-53.0,-4.5,-65.9,9.0,62.3,16.0,0.4,0.4,0.4,-0.19,1.5,3.12,1.61,7.0,2.4,18.0,0.6,0.4,0.5,-1.3,20.9,37.2,17.7,7.0,21.3,18.0,0.6,0.4,0.5,3.2,4.23,7.33,4.77,7.0,2.44,18.0,0.6,0.4,0.5,21.0,48.1,59.0,49.6,7.0,34.3,18.0,0.6,0.4,0.5,-241.0,-123.6,-106.6,-162.3,9.0,74.8,16.0,0.4,0.4,0.4,-249.1,-139.8,-23.4,-152.5,9.0,113.9,16.0,0.4,0.4,0.4,-185.8,-90.5,-69.3,-117.7,7.0,57.0,18.0,0.6,0.4,0.5,-191.7,-140.7,-54.2,-123.3,7.0,74.7,18.0,0.6,0.4,0.5,-40.8,-32.6,-16.0,-29.4,7.0,15.5,18.0,0.6,0.4,0.5,-46.2,-27.4,-8.3,-35.0,7.0,37.0,18.0,0.6,0.4,0.5,220.0,1092.5,2069.5,1116.5,9.0,934.0,16.0,0.4,0.4,0.4,220.0,1095.0,2070.0,1115.0,9.0,935.0,16.0,0.4,0.4,0.4
1974,2,128.0,13.0,26.19,27.2,28.47,27.34,9.0,1.12,14.0,0.3,0.4,0.5,25.6,26.9,28.17,26.88,10.0,1.72,16.0,0.3,0.5,0.4,16.94,18.14,19.66,18.17,9.0,1.49,14.0,0.3,0.4,0.5,76.4,81.6,89.1,82.4,9.0,8.9,14.0,0.3,0.5,5.93,7.95,12.64,8.94,10.0,3.85,16.0,0.3,0.5,0.4,-10.89,-7.47,-3.66,-7.01,10.0,3.63,16.0,0.3,0.5,0.4,-8.62,-3.16,0.0,-3.97,10.0,4.28,16.0,0.3,0.5,0.4,1009.23,1010.3,1013.11,1010.76,10.0,1.93,16.0,0.3,0.5,0.4,3.0,3.5,7.1,4.7,10.0,2.1,16.0,0.3,0.5,0.4,-145.4,-57.5,-24.8,-73.1,10.0,62.4,16.0,0.3,0.5,0.4,-102.0,-29.6,0.0,-47.8,10.0,53.8,16.0,0.3,0.5,0.4,-1.37,-0.1,3.22,0.48,9.0,2.34,14.0,0.3,0.4,0.5,-7.8,-0.8,34.8,8.3,9.0,26.8,14.0,0.3,0.4,0.5,3.32,4.25,6.55,4.68,9.0,1.7,14.0,0.3,0.4,0.5,19.7,26.0,75.5,40.9,9.0,27.5,14.0,0.3,0.4,0.5,-281.4,-201.0,-91.7,-188.4,10.0,96.1,16.0,0.3,0.5,0.4,-215.5,-85.8,0.0,-102.0,10.0,107.8,16.0,0.3,0.5,0.4,-150.5,-134.1,-61.4,-116.7,9.0,61.8,14.0,0.3,0.4,0.5,-150.2,-49.2,0.0,-64.4,9.0,80.0,14.0,0.3,0.4,0.5,-53.4,-23.9,-14.8,-29.9,9.0,21.0,14.0,0.3,0.4,0.5,-45.1,-10.1,0.0,-19.6,9.0,27.4,14.0,0.3,0.4,0.5,251.0,504.0,2175.0,1087.0,10.0,1236.5,16.0,0.3,0.5,0.4,250.0,505.0,2175.0,1085.0,10.0,1235.0,16.0,0.3,0.5,0.4
1974,2,128.0,14.0,26.0,26.85,27.2,26.76,10.0,1.04,14.0,0.6,0.5,0.4,25.0,25.9,27.5,26.09,12.0,1.44,12.0,0.5,0.6,0.4,15.26,16.54,18.62,16.92,11.0,1.72,12.0,0.5,0.5,0.5,73.5,80.7,85.3,80.7,11.0,8.5,12.0,0.5,0.5,6.2,10.3,13.28,10.21,12.0,3.46,12.0,0.5,0.6,0.4,-9.46,-7.5,-4.66,-7.19,12.0,2.63,12.0,0.5,0.6,0.4,-9.89,-7.2,-2.63,-6.53,12.0,3.97,12.0,0.5,0.6,0.4,1011.1,1012.35,1014.43,1012.65,12.0,2.14,12.0,0.5,0.6,0.4,4.0,7.0,8.0,6.3,12.0,2.0,12.0,0.5,0.6,0.4,-120.2,-65.9,-32.3,-78.7,12.0,51.0,12.0,0.5,0.6,0.4,-138.2,-76.4,-16.6,-77.9,12.0,58.8,12.0,0.5,0.6,0.4,-0.56,0.15,1.57,0.5,10.0,1.55,14.0,0.6,0.5,0.4,-4.6,2.0,17.3,7.1,10.0,17.5,14.0,0.6,0.5,0.4,3.44,5.83,6.12,4.87,10.0,2.41,14.0,0.6,0.5,0.4,27.5,46.5,68.4,48.3,10.0,30.0,14.0,0.6,0.5,0.4,-243.8,-196.3,-126.5,-186.8,12.0,66.7,12.0,0.5,0.6,0.4,-245.0,-182.0,-72.4,-166.2,12.0,97.3,12.0,0.5,0.6,0.4,-167.0,-120.5,-80.0,-126.5,11.0,55.1,12.0,0.5,0.5,0.5,-177.3,-143.6,-65.0,-120.2,11.0,60.6,12.0,0.5,0.5,0.5,-48.9,-30.5,-19.4,-32.3,10.0,19.9,14.0,0.6,0.5,0.4,-64.2,-24.8,-10.9,-32.4,10.0,27.8,14.0,0.6,0.5,0.4,238.5,1092.5,2360.0,1397.0,12.0,1160.5,12.0,0.5,0.6,0.4,240.0,1095.0,2360.0,1395.0,12.0,1160.0,12.0,0.5,0.6,0.4
1974,2,128.0,15.0,27.0,27.0,27.29,27.11,8.0,0.29,16.0,0.8,0.4,0.4,24.06,25.6,27.13,25.91,8.0,2.07,16.0,0.8,0.4,0.4,13.55,15.99,17.57,15.8,8.0,2.0,16.0,0.8,0.4,0.4,69.2,76.5,82.3,75.6,8.0,6.5,16.0,0.8,0.4,7.6,10.8,12.13,10.29,8.0,2.21,16.0,0.8,0.4,0.4,-9.29,-6.94,-5.91,-7.59,8.0,1.93,16.0,0.8,0.4,0.4,-8.27,-7.42,-3.69,-6.63,8.0,2.47,16.0,0.8,0.4,0.4,1011.06,1012.05,1013.44,1012.23,8.0,1.27,16.0,0.8,0.4,0.4,3.1,6.5,8.0,5.9,8.0,2.2,16.0,0.8,0.4,0.4,-113.0,-75.0,-49.8,-80.7,8.0,35.2,16.0,0.8,0.4,0.4,-96.4,-86.3,-28.3,-71.9,8.0,33.0,16.0,0.8,0.4,0.4,-0.11,1.75,2.94,1.2,8.0,2.19,16.0,0.8,0.4,0.4,-1.7,15.8,31.8,11.0,8.0,25.7,16.0,0.8,0.4,0.4,4.5,6.79,8.8,6.67,8.0,2.02,16.0,0.8,0.4,0.4,44.1,66.1,95.1,67.8,8.0,24.1,16.0,0.8,0.4,0.4,-250.8,-175.0,-153.6,-199.4,8.0,66.9,16.0,0.8,0.4,0.4,-213.7,-196.0,-97.3,-169.9,8.0,59.7,16.0,0.8,0.4,0.4,-169.7,-104.5,-89.4,-121.6,8.0,42.5,16.0,0.8,0.4,0.4,-141.5,-108.2,-61.7,-103.1,8.0,37.7,16.0,0.8,0.4,0.4,-62.1,-44.6,-37.8,-48.5,8.0,12.2,16.0,0.8,0.4,0.4,-73.7,-39.2,-22.4,-45.4,8.0,25.4,16.0,0.8,0.4,0.4,471.5,1259.5,1794.0,1215.0,8.0,636.5,16.0,0.8,0.4,0.4,470.0,1260.0,1795.0,1215.0,8.0,635.0,16.0,0.8,0.4,0.4
1974,2,128.0,16.0,26.12,26.5,27.21,26.69,11.0,0.8,14.0,0.5,0.4,0.6,23.79,24.4,25.47,24.39,11.0,1.02,14.0,0.5,0.4,0.6,13.61,14.5,16.49,15.0,11.0,1.59,14.0,0.5,0.4,0.6,73.4,80.2,85.4,78.8,11.0,6.5,14.0,0.5,0.6,7.99,10.8,12.67,10.46,11.0,2.96,14.0,0.5,0.4,0.6,-8.98,-7.58,-3.29,-6.57,11.0,2.75,14.0,0.5,0.4,0.6,-10.64,-7.58,-4.62,-7.07,11.0,4.37,14.0,0.5,0.4,0.6,1012.23,1013.1,1015.29,1013.5,11.0,1.74,14.0,0.5,0.4,0.6,4.0,7.0,8.0,6.3,11.0,1.8,14.0,0.5,0.4,0.6,-113.9,-73.6,-29.7,-73.4,11.0,44.2,14.0,0.5,0.4,0.6,-128.6,-89.5,-36.2,-84.5,11.0,55.9,14.0,0.5,0.4,0.6,1.25,2.0,3.04,2.3,11.0,1.26,14.0,0.5,0.4,0.6,10.4,23.6,35.0,26.8,11.0,20.2,14.0,0.5,0.4,0.6,5.02,6.51,8.88,6.9,11.0,2.01,14.0,0.5,0.4,0.6,45.1,67.3,112.8,77.0,11.0,39.9,14.0,0.5,0.4,0.6,-215.5,-188.8,-77.7,-159.7,11.0,65.6,14.0,0.5,0.4,0.6,-257.2,-182.0,-118.4,-170.0,11.0,105.1,14.0,0.5,0.4,0.6,-127.5,-114.6,-51.5,-96.6,11.0,38.0,14.0,0.5,0.4,0.6,-149.6,-107.6,-76.1,-101.4,11.0,64.1,14.0,0.5,0.4,0.6,-75.6,-39.9,-16.9,-48.7,11.0,29.6,14.0,0.5,0.4,0.6,-86.4,-56.4,-23.7,-54.8,11.0,36.4,14.0,0.5,0.4,0.6,512.0,1259.5,2073.5,1389.5,11.0,1024.5,14.0,0.5,0.4,0.6,510.0,1260.0,2075.0,1390.0,11.0,1025.0,14.0,0.5,0.4,0.6
1974,2,128.0,17.0,25.08,26.0,27.65,26.22,9.0,1.17,12.0,0.7,0.3,0.4,24.03,25.0,25.5,24.79,9.0,1.25,12.0,0.7,0.3,0.4,13.08,14.56,16.82,14.87,9.0,1.73,12.0,0.7,0.3,0.4,70.9,76.2,80.2,76.1,9.0,4.8,12.0,0.7,0.4,5.57,9.3,12.74,8.91,9.0,4.21,12.0,0.7,0.3,0.4,-8.12,-6.15,-1.18,-5.48,9.0,3.74,12.0,0.7,0.3,0.4,-10.29,-6.7,-2.85,-6.35,9.0,3.72,12.0,0.7,0.3,0.4,1011.63,1012.5,1014.87,1013.03,9.0,1.73,12.0,0.7,0.3,0.4,4.3,6.0,7.0,5.8,9.0,1.4,12.0,0.7,0.3,0.4,-87.7,-63.2,-4.5,-58.5,9.0,50.2,12.0,0.7,0.3,0.4,-119.9,-75.0,-16.1,-68.3,9.0,50.6,12.0,0.7,0.3,0.4,1.0,1.2,3.0,1.43,9.0,1.57,12.0,0.7,0.3,0.4,3.0,12.3,34.5,16.0,9.0,16.0,12.0,0.7,0.3,0.4,5.04,6.86,7.66,6.46,9.0,2.08,12.0,0.7,0.3,0.4,20.4,64.7,91.1,60.8,9.0,37.3,12.0,0.7,0.3,0.4,-195.1,-145.1,-31.6,-134.6,9.0,92.8,12.0,0.7,0.3,0.4,-246.3,-166.6,-70.9,-155.4,9.0,88.4,12.0,0.7,0.3,0.4,-110.7,-82.6,-20.2,-80.4,9.0,59.5,12.0,0.7,0.3,0.4,-146.6,-89.4,-43.7,-92.0,9.0,51.4,12.0,0.7,0.3,0.4,-56.5,-43.1,-3.7,-34.8,9.0,24.5,12.0,0.7,0.3,0.4,-80.9,-46.1,-9.4,-45.6,9.0,35.3,12.0,0.7,0.3,0.4,219.5,804.5,2069.5,1075.5,9.0,888.0,12.0,0.7,0.3,0.4,220.0,805.0,2070.0,1075.0,9.0,890.0,12.0,0.7,0.3,0.4
1974,2,128.0,18.0,25.0,25.4,25.79,25.38,10.0,0.39,16.0,0.5,0.3,0.3,22.0,24.5,25.23,23.84,10.0,1.72,16.0,0.5,0.3,0.3,12.67,14.33,15.35,13.98,10.0,1.85,16.0,0.5,0.3,0.3,71.2,76.7,81.2,75.9,10.0,8.0,16.0,0.5,0.3,6.36,11.05,13.54,10.18,10.0,3.6,16.0,0.5,0.3,0.3,-9.11,-7.74,-3.88,-6.83,10.0,3.27,16.0,0.5,0.3,0.3,-11.05,-7.1,-1.56,-6.1,10.0,4.92,16.0,0.5,0.3,0.3,1012.71,1014.85,1016.23,1014.67,10.0,1.69,16.0,0.5,0.3,0.3,2.0,6.5,7.6,5.4,10.0,2.7,16.0,0.5,0.3,0.3,-105.4,-83.2,-16.8,-73.4,10.0,48.9,16.0,0.5,0.3,0.3,-145.0,-78.8,-10.4,-76.0,10.0,67.0,16.0,0.5,0.3,0.3,0.0,0.65,3.5,1.54,10.0,1.73,16.0,0.5,0.3,0.3,0.0,3.4,41.3,17.6,10.0,21.4,16.0,0.5,0.3,0.3,4.83,5.76,7.65,6.23,10.0,1.86,16.0,0.5,0.3,0.3,32.7,58.6,105.9,66.2,10.0,35.9,16.0,0.5,0.3,0.3,-224.1,-173.4,-95.0,-160.3,10.0,75.7,16.0,0.5,0.3,0.3,-265.5,-156.7,-39.2,-143.9,10.0,121.1,16.0,0.5,0.3,0.3,-130.5,-105.5,-57.4,-92.8,10.0,44.4,16.0,0.5,0.3,0.3,-146.1,-91.5,-23.1,-82.8,10.0,71.0,16.0,0.5,0.3,0.3,-69.9,-45.0,-19.1,-45.2,10.0,28.1,16.0,0.5,0.3,0.3,-76.5,-43.2,-8.3,-41.2,10.0,34.8,16.0,0.5,0.3,0.3,337.5,1368.0,2523.5,1388.5,10.0,1047.5,16.0,0.5,0.3,0.3,340.0,1370.0,2525.0,1390.0,10.0,1045.0,16.0,0.5,0.3,0.3
1974,2,128.0,19.0,25.0,25.5,25.75,25.42,5.0,0.43,14.0,0.4,0.5,0.2,21.92,22.0,24.37,23.23,6.0,2.64,14.0,0.3,0.5,0.3,10.87,12.36,15.87,12.93,6.0,2.5,14.0,0.3,0.5,0.3,64.8,71.2,80.3,72.7,6.0,10.1,14.0,0.3,0.3,5.37,9.8,14.4,9.7,6.0,4.29,14.0,0.3,0.5,0.3,-6.74,-5.31,-2.09,-4.51,6.0,2.73,14.0,0.3,0.5,0.3,-12.69,-8.6,-2.49,-7.72,6.0,5.28,14.0,0.3,0.5,0.3,1014.17,1015.0,1016.13,1014.82,6.0,2.03,14.0,0.3,0.5,0.3,4.6,6.5,7.0,5.8,6.0,1.6,14.0,0.3,0.5,0.3,-77.7,-50.3,-8.6,-47.7,6.0,39.9,14.0,0.3,0.5,0.3,-182.7,-83.9,-10.2,-92.5,6.0,81.4,14.0,0.3,0.5,0.3,0.18,3.0,3.68,1.86,5.0,3.06,14.0,0.4,0.5,0.2,6.3,30.9,53.0,28.1,5.0,30.5,14.0,0.4,0.5,0.2,4.33,8.16,9.26,7.12,5.0,2.78,14.0,0.4,0.5,0.2,35.3,88.8,129.1,84.1,5.0,52.3,14.0,0.4,0.5,0.2,-159.2,-127.0,-45.2,-105.3,6.0,65.0,14.0,0.3,0.5,0.3,-279.2,-195.1,-53.8,-171.7,6.0,117.2,14.0,0.3,0.5,0.3,-77.2,-67.3,-24.9,-55.1,6.0,33.4,14.0,0.3,0.5,0.3,-152.6,-105.8,-29.7,-94.9,6.0,66.4,14.0,0.3,0.5,0.3,-63.5,-40.2,-13.8,-38.7,5.0,29.2,14.0,0.4,0.5,0.2,-117.3,-68.0,-27.3,-70.1,5.0,51.9,14.0,0.4,0.5,0.2,161.0,948.5,2986.0,1354.0,6.0,1320.0,14.0,0.3,0.5,0.3,160.0,950.0,2985.0,1355.0,6.0,1320.0,14.0,0.3,0.5,0.3
1974,2,128.0,20.0,24.47,25.0,25.52,24.99,7.0,0.67,10.0,0.4,0.4,0.5,21.0,23.3,23.57,22.9,7.0,1.44,10.0,0.4,0.4,0.5,10.46,12.77,15.33,13.31,7.0,2.84,10.0,0.4,0.4,0.5,68.3,71.3,84.5,76.3,7.0,12.2,10.0,0.4,0.5,4.03,5.7,14.4,7.5,7.0,4.93,10.0,0.4,0.4,0.5,-7.2,-5.7,-3.11,-5.09,7.0,1.96,10.0,0.4,0.4,0.5,-12.47,-2.64,0.1,-4.16,7.0,5.97,10.0,0.4,0.4,0.5,1013.45,1018.0,1021.0,1017.29,7.0,3.31,10.0,0.4,0.4,0.5,1.9,5.0,6.0,3.9,7.0,2.3,10.0,0.4,0.4,0.5,-103.7,-32.5,-12.6,-45.6,7.0,41.8,10.0,0.4,0.4,0.5,-179.6,-10.8,0.4,-55.4,7.0,85.5,10.0,0.4,0.4,0.5,0.57,2.0,4.0,2.09,7.0,1.55,10.0,0.4,0.4,0.5,2.3,6.2,57.6,21.0,7.0,25.6,10.0,0.4,0.4,0.5,4.44,6.13,9.16,6.38,7.0,2.75,10.0,0.4,0.4,0.5,18.0,26.1,131.8,58.1,7.0,55.7,10.0,0.4,0.4,0.5,-151.2,-142.5,-72.6,-115.3,7.0,41.1,10.0,0.4,0.4,0.5,-261.9,-61.4,2.3,-88.9,7.0,125.8,10.0,0.4,0.4,0.5,-80.0,-70.8,-46.3,-64.3,7.0,18.4,10.0,0.4,0.4,0.5,-123.0,-32.4,1.4,-43.1,7.0,62.2,10.0,0.4,0.4,0.5,-65.9,-26.1,-15.7,-36.4,7.0,25.7,10.0,0.4,0.4,0.5,-114.2,-16.1,0.4,-38.9,7.0,55.5,10.0,0.4,0.4,0.5,66.5,185.0,2986.0,955.0,7.0,1392.0,10.0,0.4,0.4,0.5,65.0,185.0,2985.0,955.0,7.0,1390.0,10.0,0.4,0.4,0.5
1974,2,128.0,21.0,24.56,25.0,25.5,24.98,8.0,0.81,8.0,0.6,0.2,0.4,18.67,20.3,24.0,21.26,8.0,2.52,8.0,0.6,0.2,0.4,8.81,9.43,12.28,10.3,5.0,2.0,8.0,0.8,0.3,0.4,60.5,63.3,69.6,64.4,5.0,5.7,8.0,0.8,0.4,5.22,10.15,13.2,9.35,8.0,3.55,8.0,0.6,0.2,0.4,-5.38,-5.05,-4.75,-5.15,8.0,0.54,8.0,0.6,0.2,0.4,-12.32,-8.3,-0.44,-6.96,8.0,5.16,8.0,0.6,0.2,0.4,1014.44,1019.0,1019.6,1018.33,8.0,3.1,8.0,0.6,0.2,0.4,2.0,2.5,7.4,3.6,8.0,2.8,8.0,0.6,0.2,0.4,-62.3,-56.7,-26.4,-48.0,8.0,17.9,8.0,0.6,0.2,0.4,-163.5,-84.5,-2.7,-80.9,8.0,70.9,8.0,0.6,0.2,0.4,1.5,3.6,6.33,3.71,8.0,2.19,8.0,0.6,0.2,0.4,7.8,36.9,84.0,41.3,8.0,34.4,8.0,0.6,0.2,0.4,7.97,8.93,10.85,9.34,5.0,1.64,8.0,0.8,0.3,0.4,49.2,80.5,132.3,88.9,5.0,45.2,8.0,0.8,0.3,0.4,-122.1,-112.2,-89.8,-109.4,8.0,16.0,8.0,0.6,0.2,0.4,-229.4,-168.3,-10.8,-137.2,8.0,95.9,8.0,0.6,0.2,0.4,-61.6,-56.9,-43.8,-53.8,5.0,9.7,8.0,0.8,0.3,0.4,-92.0,-70.8,-30.3,-62.9,5.0,44.0,8.0,0.8,0.3,0.4,-55.7,-49.6,-41.0,-48.9,5.0,9.3,8.0,0.8,0.3,0.4,-118.4,-61.7,-22.6,-68.3,5.0,54.7,8.0,0.8,0.3,0.4,144.5,1049.5,2327.0,1125.0,8.0,1003.0,8.0,0.6,0.2,0.4,145.0,1050.0,2325.0,1125.0,8.0,1005.0,8.0,0.6,0.2,0.4
1974,2,128.0,22.0,21.69,24.0,25.07,23.49,10.0,1.7,10.0,0.4,0.4,0.5,18.13,19.0,24.03,20.4,11.0,3.01,10.0,0.5,0.4,0.4,7.15,8.87,15.04,10.5,7.0,3.75,12.0,0.7,0.4,0.4,56.7,65.5,86.1,71.2,7.0,13.9,12.0,0.7,0.4,7.78,8.2,10.81,9.17,9.0,1.53,12.0,0.6,0.3,0.4,-7.64,-5.15,-3.06,-4.6,9.0,3.59,12.0,0.6,0.3,0.4,-9.95,-3.85,0.0,-3.94,9.0,6.53,12.0,0.6,0.3,0.4,1014.65,1019.0,1022.94,1018.85,11.0,3.94,10.0,0.5,0.4,0.4,1.2,5.0,8.0,4.6,11.0,3.2,10.0,0.5,0.4,0.4,-61.0,-48.7,-28.0,-39.6,9.0,31.3,12.0,0.6,0.3,0.4,-107.8,-29.6,0.0,-38.5,9.0,68.9,12.0,0.6,0.3,0.4,0.03,2.4,5.4,2.72,10.0,2.59,10.0,0.4,0.4,0.5,9.3,34.3,56.3,34.1,8.0,22.8,12.0,0.5,0.3,0.5,3.62,8.76,10.59,7.61,6.0,3.62,12.0,0.7,0.4,0.4,50.3,92.8,107.8,80.3,5.0,33.2,12.0,0.8,0.3,0.5,-176.1,-96.8,-55.9,-96.8,9.0,78.6,12.0,0.6,0.3,0.4,-188.7,-70.5,0.0,-75.7,9.0,117.6,12.0,0.6,0.3,0.4,-65.5,-39.3,-8.4,-40.8,6.0,55.4,14.0,0.8,0.3,0.4,-80.4,-41.3,20.6,-25.6,6.0,70.1,14.0,0.8,0.3,0.4,-53.0,-37.2,-32.0,-41.5,5.0,10.9,12.0,0.8,0.3,0.5,-96.3,-87.2,-19.3,-62.5,5.0,44.9,12.0,0.8,0.3,0.5,471.5,551.5,1267.0,828.0,9.0,407.5,12.0,0.6,0.3,0.4,470.0,550.0,1265.0,830.0,9.0,405.0,12.0,0.6,0.3,0.4
1974,2,128.0,23.0,23.24,24.0,24.7,23.92,48.0,1.02,18.0,0.5,0.1,0.3,19.5,22.45,23.92,21.88,50.0,2.4,18.0,0.5,0.2,0.3,8.14,12.8,14.2,12.03,33.0,2.48,20.0,0.6,0.1,0.3,66.2,74.1,78.3,73.2,33.0,7.3,20.0,0.6,0.3,4.09,6.2,9.8,6.51,51.0,2.88,18.0,0.5,0.2,0.4,-7.09,-4.21,-0.72,-3.43,51.0,3.63,18.0,0.5,0.2,0.4,-9.1,-0.87,3.54,-1.72,51.0,4.82,18.0,0.5,0.2,0.4,1012.3,1015.0,1018.78,1015.49,49.0,3.21,18.0,0.5,0.1,0.3,2.0,6.0,8.0,5.2,51.0,2.6,18.0,0.5,0.2,0.4,-58.4,-24.7,-0.7,-27.1,51.0,29.1,18.0,0.5,0.2,0.4,-90.2,-4.3,20.9,-19.3,51.0,46.3,18.0,0.5,0.2,0.4,0.46,1.4,2.75,2.03,47.0,2.18,18.0,0.4,0.1,0.3,1.0,6.6,24.6,16.8,47.0,24.1,18.0,0.4,0.1,0.3,4.97,5.68,8.54,6.46,33.0,1.97,20.0,0.6,0.1,0.3,23.2,35.6,88.1,45.7,33.0,29.6,20.0,0.6,0.1,0.3,-144.0,-82.5,-13.8,-73.8,50.0,82.5,18.0,0.5,0.2,0.3,-153.9,-18.3,87.3,-27.9,50.0,96.6,18.0,0.5,0.2,0.3,-75.3,-37.0,-0.8,-38.5,33.0,47.7,20.0,0.6,0.1,0.3,-74.2,-10.1,49.7,-14.2,33.0,55.3,20.0,0.6,0.1,0.3,-35.6,-24.6,-0.4,-19.6,33.0,23.1,20.0,0.6,0.1,0.3,-81.3,-5.0,19.8,-19.2,33.0,41.5,20.0,0.6,0.1,0.3,68.5,238.5,941.0,434.0,51.0,477.0,18.0,0.5,0.2,0.4,70.0,240.0,940.0,435.0,51.0,475.0,18.0,0.5,0.2,0.4
1974,2,128.0,24.0,22.5,22.8,22.89,22.7,8.0,0.79,12.0,0.6,0.3,0.3,15.2,21.6,22.44,19.45,8.0,3.6,12.0,0.6,0.3,0.3,7.88,12.18,13.37,11.22,6.0,2.99,14.0,0.7,0.3,0.3,74.0,76.5,81.0,77.1,6.0,6.2,14.0,0.7,0.3,5.98,9.15,16.48,10.2,8.0,5.19,12.0,0.6,0.3,0.3,-4.46,-2.55,7.79,0.13,8.0,5.67,12.0,0.6,0.3,0.3,-14.43,3.12,7.72,-1.6,8.0,10.52,12.0,0.6,0.3,0.3,1011.5,1017.45,1017.96,1016.58,8.0,4.21,12.0,0.6,0.3,0.3,7.0,7.5,8.0,7.5,8.0,0.5,12.0,0.6,0.3,0.3,-39.7,-11.0,131.4,23.1,8.0,80.8,12.0,0.6,0.3,0.3,-239.0,15.8,68.8,-53.7,8.0,144.8,12.0,0.6,0.3,0.3,0.41,1.7,7.44,3.25,8.0,3.35,12.0,0.6,0.3,0.3,2.9,5.8,123.3,44.9,8.0,58.7,12.0,0.6,0.3,0.3,3.65,5.6,8.57,5.89,6.0,2.59,14.0,0.7,0.3,0.3,23.4,28.9,115.2,60.6,6.0,58.0,14.0,0.7,0.3,0.3,-100.0,-55.2,118.4,-14.0,8.0,99.6,12.0,0.6,0.3,0.3,-219.1,68.1,173.2,1.6,8.0,183.9,12.0,0.6,0.3,0.3,-56.5,-31.1,26.6,-16.4,6.0,51.3,14.0,0.7,0.3,0.3,-93.4,38.3,97.9,13.3,6.0,98.0,14.0,0.7,0.3,0.3,-15.2,-12.7,30.8,6.9,6.0,38.0,14.0,0.7,0.3,0.3,-109.5,15.1,23.5,-26.7,6.0,73.6,14.0,0.7,0.3,0.3,226.0,766.5,4574.5,1802.5,8.0,2133.0,12.0,0.6,0.3,0.3,225.0,765.0,4575.0,1805.0,8.0,2135.0,12.0,0.6,0.3,0.3
1974,2,128.0,25.0,20.6,21.8,22.79,21.72,18.0,1.05,10.0,0.4,0.3,0.5,15.0,16.9,20.16,17.16,21.0,2.51,10.0,0.5,0.3,0.6,6.55,8.87,11.54,8.93,13.0,2.27,12.0,0.5,0.4,0.5,60.7,75.0,80.9,71.4,13.0,12.6,12.0,0.5,0.5,3.94,7.7,10.47,7.39,19.0,3.55,10.0,0.6,0.4,0.6,-3.51,0.0,5.66,0.55,19.0,3.83,10.0,0.6,0.4,0.6,-9.72,-7.05,0.0,-4.77,19.0,5.59,10.0,0.6,0.4,0.6,1016.17,1018.6,1022.0,1019.45,21.0,3.16,10.0,0.5,0.3,0.6,2.0,5.5,8.0,4.8,20.0,3.0,10.0,0.6,0.3,0.6,-19.3,0.0,66.4,12.0,19.0,36.6,10.0,0.6,0.4,0.6,-101.8,-52.9,0.0,-49.6,19.0,68.9,10.0,0.6,0.4,0.6,1.7,4.0,6.65,4.4,18.0,2.55,10.0,0.4,0.3,0.5,10.3,38.4,59.8,39.0,16.0,29.4,8.0,0.5,0.3,0.5,5.44,6.76,8.9,7.03,12.0,1.77,10.0,0.4,0.3,0.5,29.2,50.8,75.4,53.1,10.0,27.4,8.0,0.5,0.4,0.5,-57.9,0.0,86.2,8.6,19.0,64.7,10.0,0.6,0.4,0.6,-148.2,-105.7,0.0,-74.8,19.0,89.3,10.0,0.6,0.4,0.6,-28.2,-9.5,15.3,-6.9,11.0,24.8,10.0,0.5,0.4,0.5,-67.3,-28.4,11.8,-28.3,11.0,51.5,10.0,0.5,0.4,0.5,-20.9,-5.0,26.4,-0.4,10.0,22.6,8.0,0.5,0.4,0.5,-72.8,-32.3,21.7,-29.1,10.0,49.3,8.0,0.5,0.4,0.5,61.5,456.5,1154.0,703.0,19.0,1046.0,10.0,0.6,0.4,0.6,60.0,455.0,1155.0,705.0,19.0,1045.0,10.0,0.6,0.4,0.6
1974,2,128.0,26.0,19.83,21.0,23.0,21.24,43.0,1.86,16.0,0.4,0.4,0.4,13.2,18.0,20.8,17.48,45.0,3.49,16.0,0.4,0.4,0.4,6.45,9.17,12.69,9.51,27.0,2.73,18.0,0.4,0.4,0.3,67.6,77.4,86.3,76.7,28.0,10.5,16.0,0.4,0.4,4.1,7.7,12.5,8.2,43.0,3.95,16.0,0.4,0.4,0.4,-4.16,0.0,5.15,-0.09,43.0,4.17,16.0,0.4,0.4,0.4,-12.12,-5.36,2.71,-4.93,43.0,6.49,16.0,0.4,0.4,0.4,1013.48,1017.0,1020.8,1017.49,45.0,4.52,16.0,0.4,0.4,0.3,3.7,7.0,8.0,6.0,43.0,2.1,16.0,0.4,0.4,0.4,-31.9,0.0,49.8,3.1,43.0,41.7,16.0,0.4,0.4,0.4,-151.5,-37.5,15.4,-57.7,43.0,83.0,16.0,0.4,0.4,0.4,0.2,3.95,7.8,3.93,42.0,3.65,16.0,0.4,0.4,0.4,1.4,33.6,86.8,42.5,40.0,46.2,16.0,0.4,0.4,0.4,2.89,6.26,8.75,5.85,26.0,2.75,18.0,0.3,0.4,0.3,21.3,51.6,113.4,57.3,25.0,41.6,16.0,0.3,0.5,0.4,-79.0,0.0,78.9,-5.5,43.0,71.8,16.0,0.4,0.4,0.4,-160.1,-88.6,47.3,-69.9,43.0,101.9,16.0,0.4,0.4,0.4,-34.4,0.0,28.8,-5.5,26.0,38.6,18.0,0.3,0.4,0.4,-83.1,-48.4,29.4,-38.3,26.0,56.4,18.0,0.3,0.4,0.4,-26.0,0.0,27.5,1.8,25.0,27.5,16.0,0.3,0.5,0.4,-107.6,-37.8,8.2,-42.3,25.0,50.3,16.0,0.3,0.5,0.4,69.0,456.5,1956.5,944.0,43.0,1128.0,16.0,0.4,0.4,0.4,70.0,455.0,1955.0,945.0,43.0,1130.0,16.0,0.4,0.4,0.4
1974,2,128.0,27.0,20.0,20.65,23.35,21.25,12.0,2.02,18.0,0.3,0.5,0.5,14.32,15.1,21.46,16.66,13.0,3.74,18.0,0.3,0.5,0.6,5.59,9.01,12.14,8.86,9.0,3.17,18.0,0.4,0.6,0.6,58.9,77.5,80.6,72.3,9.0,11.1,18.0,0.4,0.6,3.64,6.7,9.55,6.88,12.0,3.45,18.0,0.3,0.5,0.6,-3.11,-0.63,4.93,0.12,12.0,3.83,18.0,0.3,0.5,0.6,-7.93,-5.63,-1.6,-5.29,12.0,4.28,18.0,0.3,0.5,0.6,1013.1,1018.5,1025.17,1019.01,13.0,5.48,18.0,0.3,0.5,0.6,4.2,8.0,8.0,6.5,11.0,2.1,18.0,0.4,0.5,0.6,-18.8,-4.5,42.6,5.1,12.0,33.5,18.0,0.3,0.5,0.6,-76.4,-39.4,-6.9,-49.6,12.0,55.4,18.0,0.3,0.5,0.6,1.32,4.8,5.93,4.18,12.0,2.86,18.0,0.3,0.5,0.5,3.1,22.1,37.8,30.9,11.0,38.4,18.0,0.3,0.5,0.6,4.23,6.71,9.02,6.56,8.0,2.62,16.0,0.4,0.6,0.5,25.3,42.5,75.5,53.7,8.0,40.4,16.0,0.4,0.6,0.5,-45.4,-7.3,66.3,6.7,12.0,63.6,18.0,0.3,0.5,0.6,-137.5,-80.7,-21.0,-81.7,12.0,71.7,18.0,0.3,0.5,0.6,-17.4,0.0,47.3,9.2,9.0,36.1,18.0,0.4,0.6,0.6,-74.6,-56.6,-18.5,-52.6,9.0,41.9,18.0,0.4,0.6,0.6,-28.3,4.7,22.4,1.2,8.0,28.4,16.0,0.4,0.6,0.5,-74.7,-32.2,-19.0,-44.8,8.0,42.6,16.0,0.4,0.6,0.5,52.0,306.0,877.5,574.5,12.0,829.0,18.0,0.3,0.5,0.6,50.0,305.0,880.0,575.0,12.0,830.0,18.0,0.3,0.5,0.6
1974,2,128.0,28.0,19.6,20.2,21.23,20.53,19.0,1.87,16.0,0.4,0.4,0.7,14.71,18.1,21.1,17.67,19.0,3.57,16.0,0.4,0.4,0.7,5.93,8.31,12.52,8.99,12.0,3.0,16.0,0.5,0.4,0.6,64.3,73.1,79.3,72.5,12.0,11.8,16.0,0.5,0.6,5.07,8.7,10.96,8.29,18.0,2.79,16.0,0.4,0.4,0.6,-4.03,1.96,5.44,0.23,18.0,5.6,16.0,0.4,0.4,0.6,-8.18,-4.16,6.65,-1.01,18.0,6.93,16.0,0.4,0.4,0.6,1012.17,1015.9,1019.33,1016.98,19.0,4.86,16.0,0.4,0.4,0.7,3.0,5.0,8.0,5.2,19.0,2.3,16.0,0.4,0.4,0.7,-37.4,12.1,43.7,-1.1,18.0,62.8,16.0,0.4,0.4,0.6,-71.1,-20.0,76.4,-4.5,18.0,67.8,16.0,0.4,0.4,0.6,0.94,2.7,5.16,2.86,19.0,2.71,16.0,0.4,0.4,0.7,5.2,16.2,42.3,25.4,18.0,30.9,16.0,0.4,0.4,0.6,2.8,5.97,8.45,5.71,12.0,2.52,16.0,0.5,0.4,0.6,27.8,54.3,62.2,52.3,11.0,28.3,16.0,0.5,0.4,0.6,-86.8,33.3,82.7,-3.6,18.0,103.4,16.0,0.4,0.4,0.6,-119.0,-63.6,135.1,3.4,18.0,123.0,16.0,0.4,0.4,0.6,-52.2,0.0,26.8,-10.7,11.0,48.3,16.0,0.5,0.4,0.6,-58.5,-29.2,89.9,4.1,11.0,72.5,16.0,0.5,0.4,0.6,-28.6,0.0,23.0,0.5,11.0,36.6,16.0,0.5,0.4,0.6,-54.8,-33.8,28.7,-20.2,11.0,44.9,16.0,0.5,0.4,0.6,130.5,658.5,1352.5,758.5,18.0,714.5,16.0,0.4,0.4,0.6,130.0,660.0,1355.0,760.0,18.0,715.0,16.0,0.4,0.4,0.6
1974,2,128.0,29.0,19.67,21.2,21.9,20.66,36.0,1.66,18.0,0.5,0.3,0.4,10.74,14.35,15.8,13.61,38.0,2.76,18.0,0.5,0.3,0.4,5.04,6.62,7.46,6.6,24.0,1.54,18.0,0.5,0.3,0.4,63.1,68.8,79.8,70.4,24.0,9.6,18.0,0.5,0.4,5.45,8.7,12.9,9.08,38.0,3.31,18.0,0.5,0.3,0.4,-5.46,-3.47,0.32,-2.27,38.0,3.93,18.0,0.5,0.3,0.4,-11.3,-7.24,-3.51,-6.98,38.0,4.97,18.0,0.5,0.3,0.4,1014.5,1017.6,1026.36,1019.68,37.0,5.09,18.0,0.5,0.3,0.4,2.0,8.0,8.0,6.2,37.0,2.7,18.0,0.5,0.3,0.4,-57.1,-23.6,1.7,-19.7,38.0,45.0,18.0,0.5,0.3,0.4,-146.7,-60.5,-19.5,-75.5,38.0,73.1,18.0,0.5,0.3,0.4,4.0,6.2,10.49,7.08,36.0,2.84,18.0,0.5,0.3,0.4,26.9,56.0,112.6,68.1,36.0,43.0,18.0,0.5,0.3,0.4,6.53,8.56,10.56,8.4,24.0,1.84,18.0,0.5,0.3,0.4,48.7,82.0,121.6,83.0,24.0,33.1,18.0,0.5,0.3,0.4,-78.5,-51.0,2.6,-33.7,38.0,48.0,18.0,0.5,0.3,0.4,-139.6,-93.3,-54.5,-87.1,38.0,65.2,18.0,0.5,0.3,0.4,-36.5,-21.7,16.6,-12.5,24.0,27.6,18.0,0.5,0.3,0.4,-75.8,-50.0,-24.4,-45.3,24.0,38.2,18.0,0.5,0.3,0.4,-48.9,-20.9,18.3,-17.1,24.0,35.1,18.0,0.5,0.3,0.4,-112.1,-68.3,-23.4,-66.2,24.0,46.5,18.0,0.5,0.3,0.4,162.0,658.5,2146.5,1061.0,38.0,1240.0,18.0,0.5,0.3,0.4,160.0,660.0,2145.0,1060.0,38.0,1240.0,18.0,0.5,0.3,0.4
1974,2,128.0,30.0,14.57,18.0,19.07,17.24,9.0,2.8,18.0,0.2,0.3,0.3,8.0,10.4,13.22,11.06,9.0,4.3,16.0,0.2,0.4,0.4,3.96,5.02,8.38,6.2,6.0,3.11,20.0,0.2,0.3,0.2,58.6,74.8,82.4,71.8,6.0,15.0,20.0,0.2,0.2,9.99,12.15,13.76,11.88,10.0,2.72,16.0,0.3,0.3,0.4,0.04,6.08,9.81,5.14,10.0,4.97,16.0,0.3,0.3,0.4,-11.99,-10.51,-6.14,-9.12,10.0,4.2,16.0,0.3,0.3,0.4,1013.21,1021.3,1024.94,1020.94,10.0,7.31,16.0,0.3,0.3,0.4,6.1,7.0,7.9,6.7,8.0,1.3,16.0,0.4,0.3,0.4,-4.7,73.8,127.8,62.7,10.0,64.4,16.0,0.3,0.3,0.4,-161.7,-122.3,-72.4,-116.8,10.0,65.2,16.0,0.3,0.3,0.4,3.51,8.2,10.72,7.19,8.0,3.82,18.0,0.1,0.3,0.3,52.6,106.4,130.8,92.3,8.0,46.5,18.0,0.1,0.3,0.3,5.63,6.56,9.05,6.89,6.0,2.12,20.0,0.2,0.3,0.2,67.6,89.8,107.7,83.9,6.0,33.3,20.0,0.2,0.3,0.2,-5.2,60.2,100.5,53.0,9.0,59.3,16.0,0.2,0.4,0.4,-146.6,-85.2,-52.3,-91.7,9.0,52.9,16.0,0.2,0.4,0.4,16.2,41.7,60.9,37.2,6.0,31.3,20.0,0.2,0.3,0.2,-62.4,-38.0,-17.5,-41.1,6.0,32.1,20.0,0.2,0.3,0.2,14.9,60.8,73.3,48.3,6.0,37.8,20.0,0.2,0.3,0.2,-84.3,-64.0,-31.5,-58.1,6.0,35.7,20.0,0.2,0.3,0.2,1035.0,1794.5,2626.5,1901.5,10.0,1083.5,16.0,0.3,0.3,0.4,1035.0,1795.0,2625.0,1900.0,10.0,1085.0,16.0,0.3,0.3,0.4
1974,2,128.0,31.0,14.91,18.0,20.29,17.46,10.0,2.87,14.0,0.4,0.4,0.5,5.77,9.8,12.14,9.5,14.0,3.11,16.0,0.4,0.5,0.5,4.68,5.64,7.92,6.13,7.0,1.77,16.0,0.3,0.4,0.5,64.9,76.0,81.4,74.4,7.0,7.5,16.0,0.3,0.5,8.31,12.9,15.14,11.55,13.0,4.63,16.0,0.4,0.5,0.5,-0.38,4.41,8.35,3.81,13.0,5.43,16.0,0.4,0.5,0.5,-12.99,-11.75,-2.6,-8.98,13.0,5.79,16.0,0.4,0.5,0.5,1013.18,1018.2,1025.17,1018.72,14.0,6.23,16.0,0.4,0.5,0.5,4.7,7.0,8.0,6.3,12.0,2.4,14.0,0.3,0.4,0.5,-1.8,56.9,114.1,56.5,13.0,71.4,16.0,0.4,0.5,0.5,-194.9,-156.4,-23.3,-126.5,13.0,85.1,16.0,0.4,0.5,0.5,4.97,7.8,9.99,7.74,10.0,2.63,14.0,0.4,0.4,0.5,39.0,113.5,125.5,90.6,9.0,47.5,16.0,0.4,0.3,0.5,4.92,6.2,7.91,6.3,6.0,1.76,14.0,0.3,0.3,0.5,56.0,75.8,100.0,79.0,5.0,30.7,16.0,0.4,0.2,0.5,-3.8,22.1,84.8,33.2,13.0,57.5,16.0,0.4,0.5,0.5,-132.5,-69.4,-41.7,-80.8,13.0,62.9,16.0,0.4,0.5,0.5,-6.5,9.4,65.5,20.8,6.0,40.6,16.0,0.3,0.3,0.5,-74.9,-52.3,-35.4,-59.9,6.0,36.3,16.0,0.3,0.3,0.5,-10.7,0.0,33.8,8.8,5.0,29.1,16.0,0.4,0.2,0.5,-100.0,-71.2,-38.0,-71.5,5.0,37.5,16.0,0.4,0.2,0.5,605.0,2146.5,3482.0,2134.0,13.0,1508.0,16.0,0.4,0.5,0.5,605.0,2145.0,3480.0,2135.0,13.0,1510.0,16.0,0.4,0.5,0.5
1974,2,128.0,32.0,12.73,14.6,16.89,14.57,19.0,2.69,16.0,0.4,0.3,0.6,2.11,7.2,11.7,6.89,17.0,5.08,14.0,0.4,0.4,0.6,4.95,5.76,6.68,5.81,4.0,1.0,10.0,0.3,0.5,0.4,78.5,79.0,79.9,79.2,4.0,1.1,10.0,0.3,0.4,7.74,10.3,14.0,11.08,19.0,3.94,16.0,0.4,0.3,0.6,-2.85,6.45,7.0,3.63,19.0,5.19,16.0,0.4,0.3,0.6,-12.82,-9.65,-4.86,-8.98,19.0,4.38,16.0,0.4,0.3,0.6,1015.77,1023.4,1026.6,1022.58,19.0,5.68,16.0,0.4,0.3,0.6,6.0,7.0,8.0,6.8,13.0,1.1,16.0,0.6,0.3,0.6,-19.2,55.4,98.0,51.4,19.0,72.1,16.0,0.4,0.3,0.6,-169.7,-94.6,-33.1,-114.6,19.0,81.1,16.0,0.4,0.3,0.6,2.7,9.5,12.4,7.86,17.0,5.22,14.0,0.4,0.4,0.6,16.7,99.2,152.0,95.4,17.0,82.7,14.0,0.4,0.4,0.6,3.24,3.38,5.23,4.2,4.0,1.75,10.0,0.3,0.5,0.4,20.9,27.4,61.9,40.7,4.0,32.0,10.0,0.3,0.5,0.4,-23.7,17.3,49.5,17.0,17.0,32.4,14.0,0.4,0.4,0.6,-89.2,-62.8,-0.1,-54.2,17.0,50.4,14.0,0.4,0.4,0.6,-20.7,-10.2,17.2,-2.2,4.0,25.2,10.0,0.3,0.5,0.4,-52.0,-37.8,-35.8,-43.6,4.0,13.5,10.0,0.3,0.5,0.4,-10.5,-5.1,11.2,0.1,4.0,15.0,10.0,0.3,0.5,0.4,-58.2,-22.1,-18.1,-37.4,4.0,33.9,10.0,0.3,0.5,0.4,473.0,1092.5,2744.0,1862.0,19.0,1793.0,16.0,0.4,0.3,0.6,475.0,1095.0,2745.0,1860.0,19.0,1795.0,16.0,0.4,0.3,0.6
1974,2,128.0,33.0,13.89,15.0,16.52,15.12,26.0,2.1,14.0,0.5,0.5,0.4,4.16,6.9,12.0,7.72,24.0,4.56,14.0,0.5,0.5,0.3,3.52,4.18,8.15,5.16,8.0,2.41,10.0,0.5,0.4,0.4,60.2,70.6,79.3,72.4,8.0,13.4,10.0,0.5,0.4,8.9,10.05,14.49,11.01,24.0,3.53,14.0,0.5,0.5,0.4,-3.01,5.35,9.01,3.37,24.0,6.53,14.0,0.5,0.5,0.4,-12.07,-8.37,-2.47,-7.15,24.0,5.58,14.0,0.5,0.5,0.4,1013.9,1020.1,1025.5,1019.58,26.0,6.81,14.0,0.5,0.5,0.4,2.9,7.0,8.0,5.7,26.0,2.8,14.0,0.5,0.5,0.4,-27.1,66.4,104.3,41.0,24.0,87.3,14.0,0.5,0.5,0.4,-178.1,-89.4,-12.2,-91.6,24.0,81.0,14.0,0.5,0.5,0.4,2.85,9.0,12.2,7.39,23.0,5.12,12.0,0.4,0.5,0.4,27.5,85.1,149.4,88.7,20.0,75.3,12.0,0.5,0.5,0.4,1.7,4.84,7.26,4.92,8.0,3.04,10.0,0.5,0.4,0.4,15.3,52.2,76.9,59.4,8.0,47.3,10.0,0.5,0.4,0.4,-8.7,20.9,74.2,25.7,21.0,58.4,12.0,0.5,0.5,0.3,-65.0,-44.6,-3.1,-31.2,21.0,44.3,12.0,0.5,0.5,0.3,-4.7,27.0,66.8,30.2,8.0,34.4,10.0,0.5,0.4,0.4,-43.6,-37.4,-26.3,-30.9,8.0,19.7,10.0,0.5,0.4,0.4,-7.6,11.3,48.3,18.6,8.0,25.9,10.0,0.5,0.4,0.4,-73.7,-43.6,-7.5,-50.7,8.0,47.5,10.0,0.5,0.4,0.4,704.5,1017.0,3062.0,1725.5,24.0,1469.5,14.0,0.5,0.5,0.4,705.0,1015.0,3060.0,1725.0,24.0,1470.0,14.0,0.5,0.5,0.4
1974,2,128.0,34.0,13.98,14.15,14.32,14.15,2.0,0.35,24.0,0.5,0.8,0.2,2.34,6.3,9.51,5.93,3.0,5.26,22.0,0.3,0.7,0.1,2.77,2.91,3.06,2.91,2.0,0.31,24.0,0.5,0.8,0.2,51.4,63.1,74.8,63.1,2.0,24.3,24.0,0.5,0.2,9.17,13.4,14.08,11.67,3.0,3.9,22.0,0.3,0.7,0.1,0.28,8.61,9.05,4.76,3.0,7.24,22.0,0.3,0.7,0.1,-10.79,-10.26,-7.51,-9.18,3.0,2.58,22.0,0.3,0.7,0.1,1012.78,1016.6,1017.28,1015.07,3.0,3.56,22.0,0.3,0.7,0.1,3.8,5.5,7.2,5.5,2.0,3.5,24.0,0.5,0.8,0.2,18.9,115.4,127.6,74.3,3.0,87.2,22.0,0.3,0.7,0.1,-152.1,-137.6,-74.3,-113.8,3.0,60.6,22.0,0.3,0.7,0.1,8.6,10.75,12.9,10.75,2.0,4.45,24.0,0.5,0.8,0.2,75.6,120.5,165.4,120.5,2.0,93.0,24.0,0.5,0.8,0.2,7.02,7.06,7.1,7.06,2.0,0.08,24.0,0.5,0.8,0.2,58.0,72.5,87.0,72.5,2.0,30.1,24.0,0.5,0.8,0.2,-14.1,4.3,70.9,27.8,3.0,65.5,22.0,0.3,0.7,0.1,-95.3,-39.3,-16.0,-55.3,3.0,59.7,22.0,0.3,0.7,0.1,-3.9,8.6,21.1,8.6,2.0,25.9,24.0,0.5,0.8,0.2,-29.7,-24.5,-19.3,-24.5,2.0,10.8,24.0,0.5,0.8,0.2,-12.0,17.3,46.6,17.3,2.0,60.7,24.0,0.5,0.8,0.2,-67.5,-58.1,-48.7,-58.1,2.0,19.4,24.0,0.5,0.8,0.2,1018.5,2406.0,2802.0,1922.0,3.0,1372.0,22.0,0.3,0.7,0.1,1020.0,2405.0,2800.0,1920.0,3.0,1370.0,22.0,0.3,0.7,0.1
1974,2,128.0,35.0,,,,,,,,,,,,,,,,,,,,,,,,,,,,,,,,,,,,,,,,8.2,8.2,8.2,8.2,1.0,0.0,2.0,1.0,0.9,0.2,-5.27,-5.27,-5.27,-5.27,1.0,0.0,2.0,1.0,0.9,0.2,-6.28,-6.28,-6.28,-6.28,1.0,0.0,2.0,1.0,0.9,0.2,1027.5,1027.5,1027.5,1027.5,1.0,0.0,2.0,1.0,0.9,0.2,,,,,,,,,,,,,,,,,,,,,,,,,,,,,,,,,,,,,,,,,,,,,,,,,,,,,,,,,,,,,,,,,,,,,,,,,,,,,,,,,,,,,,,,,,,,,,,,,,,,,,,,,,,,,,,,,,,,,,,,,,,,,,,,,,,,,,,,,,,,,,,,,,,,,,
1974,2,128.0,38.0,,,,,,,,,,,,,,,,,,,,,,,,,,,,,,,,,,,,,,,,5.0,5.0,7.05,6.0,3.0,1.73,20.0,0.3,0.7,0.6,2.57,2.74,4.08,3.31,3.0,1.21,20.0,0.3,0.7,0.6,-6.51,-4.33,-0.21,-3.38,3.0,4.69,20.0,0.3,0.7,0.6,1018.77,1020.2,1021.16,1019.97,3.0,1.76,20.0,0.3,0.7,0.6,,,,,,,,,,,,,,,,,,,,,,,,,,,,,,,,,,,,,,,,,,,,,,,,,,,,,,,,,,,,,,,,,,,,,,,,,,,,,,,,,,,,,,,,,,,,,,,,,,,,,,,,,,,,,,,,,,,,,,,,,,,,,,,,,,,,,,,,,,,,,,,,,,,,,,
1974,2,128.0,39.0,,,,,,,,,,,,,,,,,,,,,,,,,,,,,,,,,,,,,,,,3.0,4.0,7.92,5.11,9.0,3.98,14.0,0.2,0.6,0.4,-1.5,2.6,7.92,3.23,9.0,5.4,14.0,0.2,0.6,0.4,-2.13,0.0,1.81,-0.2,9.0,2.07,14.0,0.2,0.6,0.4,1015.72,1018.2,1022.53,1019.26,9.0,4.36,14.0,0.2,0.6,0.4,,,,,,,,,,,,,,,,,,,,,,,,,,,,,,,,,,,,,,,,,,,,,,,,,,,,,,,,,,,,,,,,,,,,,,,,,,,,,,,,,,,,,,,,,,,,,,,,,,,,,,,,,,,,,,,,,,,,,,,,,,,,,,,,,,,,,,,,,,,,,,,,,,,,,,
1974,2,128.0,40.0,,,,,,,,,,,,,,,,,,,,,,,,,,,,,,,,,,,,,,,,2.75,4.15,5.55,4.15,2.0,2.9,24.0,0.5,0.9,0.1,-2.07,-1.97,-1.87,-1.97,2.0,0.21,24.0,0.5,0.9,0.1,-4.73,-2.39,-0.04,-2.39,2.0,4.86,24.0,0.5,0.9,0.1,1017.06,1017.2,1017.34,1017.2,2.0,0.28,24.0,0.5,0.9,0.1,,,,,,,,,,,,,,,,,,,,,,,,,,,,,,,,,,,,,,,,,,,,,,,,,,,,,,,,,,,,,,,,,,,,,,,,,,,,,,,,,,,,,,,,,,,,,,,,,,,,,,,,,,,,,,,,,,,,,,,,,,,,,,,,,,,,,,,,,,,,,,,,,,,,,,
1974,2,129.0,-46.0,10.0,10.0,10.0,10.0,1.0,0.0,22.0,0.0,0.2,0.1,12.2,12.2,12.2,12.2,1.0,0.0,22.0,0.0,0.2,0.1,7.66,7.66,7.66,7.66,1.0,0.0,22.0,0.0,0.2,0.1,86.4,86.4,86.4,86.4,1.0,0.0,22.0,0.0,0.1,12.3,12.3,12.3,12.3,1.0,0.0,22.0,0.0,0.2,0.1,10.65,10.65,10.65,10.65,1.0,0.0,22.0,0.0,0.2,0.1,-6.15,-6.15,-6.15,-6.15,1.0,0.0,22.0,0.0,0.2,0.1,1005.2,1005.2,1005.2,1005.2,1.0,0.0,22.0,0.0,0.2,0.1,8.0,8.0,8.0,8.0,1.0,0.0,22.0,0.0,0.2,0.1,131.0,131.0,131.0,131.0,1.0,0.0,22.0,0.0,0.2,0.1,-75.6,-75.6,-75.6,-75.6,1.0,0.0,22.0,0.0,0.2,0.1,-2.2,-2.2,-2.2,-2.2,1.0,0.0,22.0,0.0,0.2,0.1,-27.1,-27.1,-27.1,-27.1,1.0,0.0,22.0,0.0,0.2,0.1,0.0,0.0,0.0,0.0,1.0,0.0,22.0,0.0,0.2,0.1,0.0,0.0,0.0,0.0,1.0,0.0,22.0,0.0,0.2,0.1,130.0,130.0,130.0,130.0,1.0,0.0,22.0,0.0,0.2,0.1,-75.0,-75.0,-75.0,-75.0,1.0,0.0,22.0,0.0,0.2,0.1,81.6,81.6,81.6,81.6,1.0,0.0,22.0,0.0,0.2,0.1,-47.1,-47.1,-47.1,-47.1,1.0,0.0,22.0,0.0,0.2,0.1,0.0,0.0,0.0,0.0,1.0,0.0,22.0,0.0,0.2,0.1,0.0,0.0,0.0,0.0,1.0,0.0,22.0,0.0,0.2,0.1,1861.0,1861.0,1861.0,1861.0,1.0,0.0,22.0,0.0,0.2,0.1,1860.0,1860.0,1860.0,1860.0,1.0,0.0,22.0,0.0,0.2,0.1
1974,2,129.0,-40.0,14.0,14.0,14.0,14.0,1.0,0.0,22.0,0.0,0.9,0.8,15.48,16.5,17.52,16.5,2.0,2.12,22.0,0.5,0.4,0.8,8.46,8.94,9.42,8.94,2.0,0.99,22.0,0.5,0.4,0.8,75.9,77.0,78.0,77.0,2.0,2.2,22.0,0.5,0.8,8.0,10.8,13.6,10.8,2.0,5.8,22.0,0.5,0.4,0.8,4.87,8.13,11.39,8.13,2.0,6.76,22.0,0.5,0.4,0.8,-7.19,-6.63,-6.06,-6.63,2.0,1.17,22.0,0.5,0.4,0.8,1014.9,1016.85,1018.8,1016.85,2.0,4.03,22.0,0.5,0.4,0.8,2.0,4.0,6.0,4.0,2.0,4.2,22.0,0.5,0.4,0.8,49.4,107.4,165.3,107.4,2.0,120.1,22.0,0.5,0.4,0.8,-99.6,-74.9,-50.3,-74.9,2.0,51.0,22.0,0.5,0.4,0.8,-1.0,-1.0,-1.0,-1.0,1.0,0.0,22.0,0.0,0.9,0.8,-6.7,-6.7,-6.7,-6.7,1.0,0.0,22.0,0.0,0.9,0.8,1.61,1.61,1.61,1.61,1.0,0.0,22.0,0.0,0.9,0.8,10.8,10.8,10.8,10.8,1.0,0.0,22.0,0.0,0.9,0.8,79.1,141.3,203.4,141.3,2.0,128.7,22.0,0.5,0.4,0.8,-126.6,-110.6,-94.5,-110.6,2.0,33.3,22.0,0.5,0.4,0.8,43.0,76.0,109.1,76.0,2.0,68.5,22.0,0.5,0.4,0.8,-68.1,-59.8,-51.6,-59.8,2.0,17.0,22.0,0.5,0.4,0.8,5.4,5.4,5.4,5.4,1.0,0.0,22.0,0.0,0.9,0.8,-9.3,-9.3,-9.3,-9.3,1.0,0.0,22.0,0.0,0.9,0.8,778.0,1804.5,2830.5,1804.5,2.0,2126.5,22.0,0.5,0.4,0.8,780.0,1805.0,2830.0,1805.0,2.0,2125.0,22.0,0.5,0.4,0.8
1974,2,129.0,-39.0,17.8,17.8,17.8,17.8,1.0,0.0,20.0,1.0,0.3,0.2,18.6,18.6,18.6,18.6,1.0,0.0,20.0,1.0,0.3,0.2,10.6,10.6,10.6,10.6,1.0,0.0,20.0,1.0,0.3,0.2,79.6,79.6,79.6,79.6,1.0,0.0,20.0,1.0,0.2,9.3,9.3,9.3,9.3,1.0,0.0,20.0,1.0,0.3,0.2,-1.61,-1.61,-1.61,-1.61,1.0,0.0,20.0,1.0,0.3,0.2,-9.16,-9.16,-9.16,-9.16,1.0,0.0,20.0,1.0,0.3,0.2,1010.6,1010.6,1010.6,1010.6,1.0,0.0,20.0,1.0,0.3,0.2,6.0,6.0,6.0,6.0,1.0,0.0,20.0,1.0,0.3,0.2,-15.0,-15.0,-15.0,-15.0,1.0,0.0,20.0,1.0,0.3,0.2,-85.2,-85.2,-85.2,-85.2,1.0,0.0,20.0,1.0,0.3,0.2,-0.8,-0.8,-0.8,-0.8,1.0,0.0,20.0,1.0,0.3,0.2,-7.4,-7.4,-7.4,-7.4,1.0,0.0,20.0,1.0,0.3,0.2,2.09,2.09,2.09,2.09,1.0,0.0,20.0,1.0,0.3,0.2,19.4,19.4,19.4,19.4,1.0,0.0,20.0,1.0,0.3,0.2,-30.0,-30.0,-30.0,-30.0,1.0,0.0,20.0,1.0,0.3,0.2,-170.4,-170.4,-170.4,-170.4,1.0,0.0,20.0,1.0,0.3,0.2,-17.1,-17.1,-17.1,-17.1,1.0,0.0,20.0,1.0,0.3,0.2,-97.1,-97.1,-97.1,-97.1,1.0,0.0,20.0,1.0,0.3,0.2,-3.4,-3.4,-3.4,-3.4,1.0,0.0,20.0,1.0,0.3,0.2,-19.1,-19.1,-19.1,-19.1,1.0,0.0,20.0,1.0,0.3,0.2,804.5,804.5,804.5,804.5,1.0,0.0,20.0,1.0,0.3,0.2,805.0,805.0,805.0,805.0,1.0,0.0,20.0,1.0,0.3,0.2
1974,2,129.0,-38.0,18.19,18.5,19.0,18.56,5.0,0.44,12.0,0.4,0.6,0.8,16.0,16.5,18.69,17.15,6.0,1.47,12.0,0.3,0.6,0.8,8.46,10.73,11.98,10.24,4.0,2.19,14.0,0.5,0.7,0.9,75.4,85.6,88.0,81.9,4.0,10.4,14.0,0.5,0.9,5.94,9.75,13.42,9.58,6.0,4.68,12.0,0.3,0.6,0.8,-3.32,1.6,10.1,2.71,6.0,7.25,12.0,0.3,0.6,0.8,-3.17,2.06,9.41,3.03,6.0,7.72,12.0,0.3,0.6,0.8,1009.0,1013.45,1018.07,1013.68,6.0,5.36,12.0,0.3,0.6,0.8,6.8,7.5,8.0,7.3,6.0,0.8,12.0,0.3,0.6,0.8,-23.2,21.4,125.8,43.4,6.0,81.2,12.0,0.3,0.6,0.8,-33.0,8.3,125.4,45.0,6.0,105.1,12.0,0.3,0.6,0.8,-0.44,2.3,2.68,1.38,5.0,1.69,12.0,0.4,0.6,0.8,-3.1,9.0,32.5,13.8,5.0,18.4,12.0,0.4,0.6,0.8,1.27,2.64,4.62,2.93,4.0,2.07,14.0,0.5,0.7,0.9,8.9,28.3,65.8,36.9,4.0,36.2,14.0,0.5,0.7,0.9,-63.1,25.6,164.2,41.3,6.0,125.1,12.0,0.3,0.6,0.8,-57.3,34.4,150.5,44.8,6.0,129.8,12.0,0.3,0.6,0.8,-55.2,-4.9,56.8,0.5,4.0,72.1,14.0,0.5,0.7,0.9,-36.2,44.8,95.2,30.2,4.0,85.0,14.0,0.5,0.7,0.9,-5.2,5.4,25.0,9.7,4.0,18.9,14.0,0.5,0.7,0.9,-5.3,14.9,57.5,25.6,4.0,42.1,14.0,0.5,0.7,0.9,244.0,1117.0,2457.5,1393.5,6.0,1413.5,12.0,0.3,0.6,0.8,245.0,1115.0,2460.0,1395.0,6.0,1415.0,12.0,0.3,0.6,0.8
1974,2,129.0,-37.0,18.14,18.3,19.71,18.9,4.0,1.41,12.0,0.5,0.3,0.3,15.25,16.0,18.17,16.56,5.0,1.54,10.0,0.4,0.3,0.3,6.54,8.37,9.47,8.01,3.0,2.17,14.0,0.7,0.4,0.3,60.4,77.0,78.7,69.8,3.0,14.8,14.0,0.7,0.3,3.73,5.1,9.45,6.88,5.0,5.72,10.0,0.4,0.3,0.3,-0.58,0.89,7.54,3.46,5.0,7.32,10.0,0.4,0.3,0.3,-3.8,1.55,5.02,0.63,5.0,4.79,10.0,0.4,0.3,0.3,1012.44,1017.3,1018.17,1015.26,5.0,5.37,10.0,0.4,0.3,0.3,3.3,6.0,7.0,5.2,5.0,2.2,10.0,0.4,0.3,0.3,-1.8,4.5,104.5,55.2,5.0,121.2,10.0,0.4,0.3,0.3,-43.0,4.8,25.6,-10.7,5.0,51.6,10.0,0.4,0.3,0.3,1.39,2.8,2.95,2.2,4.0,1.34,12.0,0.5,0.3,0.3,6.1,10.0,13.3,9.7,4.0,4.9,12.0,0.5,0.3,0.3,3.56,4.4,6.4,4.97,3.0,2.13,14.0,0.7,0.4,0.3,22.5,22.7,44.1,33.1,3.0,18.2,14.0,0.7,0.4,0.3,-12.6,14.2,131.8,60.1,5.0,133.2,10.0,0.4,0.3,0.3,-69.0,23.9,77.2,5.2,5.0,80.6,10.0,0.4,0.3,0.3,9.9,15.3,113.7,60.7,3.0,85.6,14.0,0.7,0.4,0.3,-36.8,8.8,31.5,-2.4,3.0,51.0,14.0,0.7,0.4,0.3,8.9,19.7,40.9,24.8,3.0,23.9,14.0,0.7,0.4,0.3,-9.0,11.4,18.7,5.0,3.0,21.0,14.0,0.7,0.4,0.3,54.5,132.5,1878.5,1055.5,5.0,2157.0,10.0,0.4,0.3,0.3,55.0,135.0,1880.0,1055.0,5.0,2155.0,10.0,0.4,0.3,0.3
1974,2,129.0,-36.0,17.78,19.0,19.51,18.69,7.0,0.88,14.0,0.6,0.4,0.7,18.18,19.0,21.02,19.01,7.0,1.88,14.0,0.6,0.4,0.7,9.04,10.32,12.32,10.52,7.0,2.14,14.0,0.6,0.4,0.7,69.9,76.1,83.4,76.4,7.0,8.9,14.0,0.6,0.7,3.58,6.7,9.35,6.33,7.0,2.76,14.0,0.6,0.4,0.7,-9.21,-4.53,-2.16,-4.97,7.0,3.77,14.0,0.6,0.4,0.7,-1.62,0.8,3.49,1.27,7.0,3.08,14.0,0.6,0.4,0.7,1009.63,1018.4,1019.3,1016.29,7.0,5.94,14.0,0.6,0.4,0.7,3.9,8.0,8.0,6.1,7.0,2.7,14.0,0.6,0.4,0.7,-86.1,-20.8,-11.5,-39.3,7.0,40.2,14.0,0.6,0.4,0.7,-15.2,3.7,23.4,5.7,7.0,21.4,14.0,0.6,0.4,0.7,-1.33,0.0,0.26,-0.33,7.0,1.13,14.0,0.6,0.4,0.7,-5.4,0.0,2.4,-2.3,7.0,8.7,14.0,0.6,0.4,0.7,1.29,2.63,4.13,2.84,7.0,1.54,14.0,0.6,0.4,0.7,7.9,10.1,35.9,18.2,7.0,14.5,14.0,0.6,0.4,0.7,-186.2,-86.1,-34.0,-96.1,7.0,75.2,14.0,0.6,0.4,0.7,-32.8,15.2,63.8,20.2,7.0,53.9,14.0,0.6,0.4,0.7,-94.2,-55.6,-14.7,-54.0,7.0,43.4,14.0,0.6,0.4,0.7,-16.6,9.8,34.1,9.4,7.0,27.1,14.0,0.6,0.4,0.7,-15.5,-8.9,-5.6,-12.7,7.0,13.6,14.0,0.6,0.4,0.7,-3.4,1.0,11.1,5.8,7.0,13.6,14.0,0.6,0.4,0.7,46.0,301.0,818.0,382.0,7.0,411.0,14.0,0.6,0.4,0.7,45.0,300.0,820.0,380.0,7.0,410.0,14.0,0.6,0.4,0.7
1974,2,129.0,-14.0,30.0,30.0,30.0,30.0,1.0,0.0,26.0,0.0,0.6,0.9,27.8,27.8,27.8,27.8,1.0,0.0,26.0,0.0,0.6,0.9,18.87,18.87,18.87,18.87,1.0,0.0,26.0,0.0,0.6,0.9,80.3,80.3,80.3,80.3,1.0,0.0,26.0,0.0,0.9,5.1,5.1,5.1,5.1,1.0,0.0,26.0,0.0,0.6,0.9,3.28,3.28,3.28,3.28,1.0,0.0,26.0,0.0,0.6,0.9,-3.91,-3.91,-3.91,-3.91,1.0,0.0,26.0,0.0,0.6,0.9,1005.4,1005.4,1005.4,1005.4,1.0,0.0,26.0,0.0,0.6,0.9,8.0,8.0,8.0,8.0,1.0,0.0,26.0,0.0,0.6,0.9,16.7,16.7,16.7,16.7,1.0,0.0,26.0,0.0,0.6,0.9,-19.9,-19.9,-19.9,-19.9,1.0,0.0,26.0,0.0,0.6,0.9,2.2,2.2,2.2,2.2,1.0,0.0,26.0,0.0,0.6,0.9,11.2,11.2,11.2,11.2,1.0,0.0,26.0,0.0,0.6,0.9,7.95,7.95,7.95,7.95,1.0,0.0,26.0,0.0,0.6,0.9,40.6,40.6,40.6,40.6,1.0,0.0,26.0,0.0,0.6,0.9,91.1,91.1,91.1,91.1,1.0,0.0,26.0,0.0,0.6,0.9,-108.6,-108.6,-108.6,-108.6,1.0,0.0,26.0,0.0,0.6,0.9,61.9,61.9,61.9,61.9,1.0,0.0,26.0,0.0,0.6,0.9,-73.7,-73.7,-73.7,-73.7,1.0,0.0,26.0,0.0,0.6,0.9,26.1,26.1,26.1,26.1,1.0,0.0,26.0,0.0,0.6,0.9,-31.1,-31.1,-31.1,-31.1,1.0,0.0,26.0,0.0,0.6,0.9,132.5,132.5,132.5,132.5,1.0,0.0,26.0,0.0,0.6,0.9,135.0,135.0,135.0,135.0,1.0,0.0,26.0,0.0,0.6,0.9
1974,2,129.0,-13.0,27.45,28.0,28.2,27.83,3.0,0.57,20.0,0.3,0.6,0.6,27.39,27.8,27.94,27.67,3.0,0.42,20.0,0.3,0.6,0.6,19.09,19.79,20.55,19.82,3.0,1.06,20.0,0.3,0.6,0.6,82.9,83.3,87.1,84.9,3.0,3.4,20.0,0.3,0.6,4.93,6.7,8.47,6.7,2.0,3.68,16.0,0.5,0.6,0.6,4.78,6.39,7.99,6.39,2.0,3.32,16.0,0.5,0.6,0.6,-2.79,-1.95,-1.1,-1.95,2.0,1.75,16.0,0.5,0.6,0.6,1005.08,1006.1,1006.1,1005.6,3.0,0.87,20.0,0.3,0.6,0.6,5.3,8.0,8.0,6.7,3.0,2.3,20.0,0.3,0.6,0.6,26.8,48.9,71.0,48.9,2.0,45.8,16.0,0.5,0.6,0.6,-25.3,-16.3,-7.2,-16.3,2.0,18.9,16.0,0.5,0.6,0.6,-0.41,0.0,0.75,0.17,3.0,0.86,20.0,0.3,0.6,0.6,-4.7,-2.8,-0.9,-2.8,2.0,3.9,16.0,0.5,0.6,0.6,2.53,4.03,5.05,3.79,3.0,1.86,20.0,0.3,0.6,0.6,16.6,16.8,16.9,16.8,2.0,0.3,16.0,0.5,0.6,0.6,133.7,178.0,222.3,178.0,2.0,91.8,16.0,0.5,0.6,0.6,-77.6,-54.2,-30.8,-54.2,2.0,48.4,16.0,0.5,0.6,0.6,96.2,131.3,166.3,131.3,2.0,72.6,16.0,0.5,0.6,0.6,-58.2,-40.3,-22.4,-40.3,2.0,37.0,16.0,0.5,0.6,0.6,16.0,16.1,16.2,16.1,2.0,0.2,16.0,0.5,0.6,0.6,-5.3,-4.3,-3.3,-4.3,2.0,2.1,16.0,0.5,0.6,0.6,185.5,436.5,687.5,436.5,2.0,520.0,16.0,0.5,0.6,0.6,185.0,435.0,690.0,435.0,2.0,520.0,16.0,0.5,0.6,0.6
1974,2,129.0,-12.0,,,,,,,,,,,,,,,,,,,,,,,,,,,,,,,,,,,,,,,,8.2,8.2,8.2,8.2,1.0,0.0,24.0,0.0,0.0,1.0,5.27,5.27,5.27,5.27,1.0,0.0,24.0,0.0,0.0,1.0,-6.28,-6.28,-6.28,-6.28,1.0,0.0,24.0,0.0,0.0,1.0,1005.0,1005.0,1005.0,1005.0,1.0,0.0,24.0,0.0,0.0,1.0,,,,,,,,,,,,,,,,,,,,,,,,,,,,,,,,,,,,,,,,,,,,,,,,,,,,,,,,,,,,,,,,,,,,,,,,,,,,,,,,,,,,,,,,,,,,,,,,,,,,,,,,,,,,,,,,,,,,,,,,,,,,,,,,,,,,,,,,,,,,,,,,,,,,,,
1974,2,129.0,-9.0,27.79,28.5,29.05,28.5,7.0,0.85,14.0,0.9,0.3,0.4,27.78,28.2,29.07,28.47,7.0,1.02,14.0,0.9,0.3,0.4,19.04,19.64,20.8,19.85,6.0,0.94,14.0,0.8,0.2,0.5,77.4,81.3,84.0,81.2,7.0,3.9,14.0,0.9,0.4,4.53,5.7,9.82,6.26,7.0,2.74,14.0,0.9,0.3,0.4,4.36,5.36,7.57,5.37,7.0,2.49,14.0,0.9,0.3,0.4,-5.2,-1.95,0.05,-2.3,7.0,2.68,14.0,0.9,0.3,0.4,1003.48,1004.8,1006.72,1005.05,6.0,1.61,14.0,0.8,0.2,0.5,5.0,5.5,8.0,6.2,6.0,1.5,14.0,0.8,0.3,0.5,20.0,30.5,74.4,39.0,7.0,31.7,14.0,0.9,0.3,0.4,-53.5,-9.0,0.3,-19.0,7.0,26.9,14.0,0.9,0.3,0.4,-0.83,0.0,1.0,0.03,7.0,0.99,14.0,0.9,0.3,0.4,-3.8,0.0,9.9,1.5,7.0,6.8,14.0,0.9,0.3,0.4,4.45,4.64,5.66,4.91,6.0,0.59,14.0,0.8,0.2,0.5,19.7,23.4,49.4,31.3,6.0,16.1,14.0,0.8,0.2,0.5,125.8,148.9,219.0,152.5,7.0,68.9,14.0,0.9,0.3,0.4,-143.1,-54.2,1.3,-65.1,7.0,75.9,14.0,0.9,0.3,0.4,73.0,98.0,163.0,106.7,6.0,56.3,14.0,0.8,0.2,0.5,-109.2,-46.7,-13.1,-57.7,6.0,51.4,14.0,0.8,0.2,0.5,17.3,22.5,41.6,25.9,6.0,13.9,14.0,0.8,0.2,0.5,-26.3,-12.6,-2.9,-14.8,6.0,13.4,14.0,0.8,0.2,0.5,94.0,185.0,948.5,375.5,7.0,443.5,14.0,0.9,0.3,0.4,95.0,185.0,950.0,375.0,7.0,445.0,14.0,0.9,0.3,0.4
1974,2,129.0,-3.0,28.49,29.1,29.71,29.1,2.0,1.27,10.0,1.0,0.4,0.9,27.0,27.0,27.0,27.0,2.0,0.0,10.0,1.0,0.4,0.9,17.35,17.35,17.35,17.35,1.0,0.0,8.0,1.0,0.4,0.9,74.6,75.7,76.8,75.7,2.0,2.3,10.0,1.0,0.9,3.34,3.85,4.36,3.85,2.0,1.06,10.0,1.0,0.4,0.9,2.82,3.1,3.39,3.1,2.0,0.59,10.0,1.0,0.4,0.9,-2.73,-2.25,-1.77,-2.25,2.0,0.99,10.0,1.0,0.4,0.9,1004.0,1004.0,1004.0,1004.0,1.0,0.0,8.0,1.0,0.4,0.9,7.2,7.5,7.8,7.5,2.0,0.7,10.0,1.0,0.4,0.9,9.6,12.3,15.0,12.3,2.0,5.6,10.0,1.0,0.4,0.9,-12.2,-9.2,-6.2,-9.2,2.0,6.2,10.0,1.0,0.4,0.9,1.49,2.1,2.71,2.1,2.0,1.27,10.0,1.0,0.4,0.9,5.3,8.8,12.2,8.8,2.0,7.1,10.0,1.0,0.4,0.9,6.82,6.82,6.82,6.82,1.0,0.0,8.0,1.0,0.4,0.9,21.1,21.1,21.1,21.1,1.0,0.0,8.0,1.0,0.4,0.9,76.1,83.8,91.5,83.8,2.0,16.0,10.0,1.0,0.4,0.9,-73.8,-60.8,-47.9,-60.8,2.0,26.9,10.0,1.0,0.4,0.9,46.6,46.6,46.6,46.6,1.0,0.0,8.0,1.0,0.4,0.9,-26.9,-26.9,-26.9,-26.9,1.0,0.0,8.0,1.0,0.4,0.9,18.3,18.3,18.3,18.3,1.0,0.0,8.0,1.0,0.4,0.9,-10.6,-10.6,-10.6,-10.6,1.0,0.0,8.0,1.0,0.4,0.9,40.5,63.5,86.5,63.5,2.0,48.0,10.0,1.0,0.4,0.9,40.0,65.0,85.0,65.0,2.0,50.0,10.0,1.0,0.4,0.9
1974,2,129.0,-2.0,27.76,28.6,29.07,28.43,4.0,1.04,6.0,0.5,0.3,0.4,26.19,27.2,29.31,27.73,4.0,2.04,6.0,0.5,0.3,0.4,17.96,18.44,18.59,18.28,4.0,0.48,6.0,0.5,0.3,0.4,70.6,81.6,87.3,79.0,4.0,10.9,6.0,0.5,0.4,3.6,3.6,4.96,4.25,4.0,1.3,6.0,0.5,0.3,0.4,2.53,3.15,4.18,3.34,4.0,1.07,6.0,0.5,0.3,0.4,-3.4,-2.54,-1.43,-2.42,4.0,1.39,6.0,0.5,0.3,0.4,1007.03,1008.2,1009.42,1008.23,4.0,1.42,6.0,0.5,0.3,0.4,4.0,6.0,7.0,5.5,4.0,1.9,6.0,0.5,0.3,0.4,9.1,11.3,21.5,15.1,4.0,9.7,6.0,0.5,0.3,0.4,-17.7,-9.1,-5.1,-11.3,4.0,9.5,6.0,0.5,0.3,0.4,-0.24,0.8,1.63,0.7,4.0,1.32,6.0,0.5,0.3,0.4,-0.9,2.9,8.9,4.0,4.0,7.2,6.0,0.5,0.3,0.4,4.87,6.22,7.38,6.13,4.0,1.91,6.0,0.5,0.3,0.4,17.7,26.4,34.4,26.1,4.0,10.6,6.0,0.5,0.3,0.4,68.1,89.9,117.2,92.5,4.0,29.0,6.0,0.5,0.3,0.4,-91.9,-68.7,-38.6,-65.4,4.0,36.0,6.0,0.5,0.3,0.4,46.8,56.9,75.7,61.1,4.0,19.6,6.0,0.5,0.3,0.4,-62.8,-46.9,-26.3,-44.7,4.0,25.9,6.0,0.5,0.3,0.4,12.3,21.9,29.5,20.9,4.0,10.1,6.0,0.5,0.3,0.4,-21.1,-12.9,-6.8,-13.9,4.0,8.7,6.0,0.5,0.3,0.4,46.5,46.5,147.0,94.5,4.0,96.0,6.0,0.5,0.3,0.4,45.0,45.0,145.0,95.0,4.0,95.0,6.0,0.5,0.3,0.4
1974,2,129.0,0.0,28.9,28.9,28.9,28.9,1.0,0.0,18.0,0.0,0.6,0.3,27.2,27.2,27.2,27.2,1.0,0.0,18.0,0.0,0.6,0.3,17.71,17.71,17.71,17.71,1.0,0.0,18.0,0.0,0.6,0.3,78.3,78.3,78.3,78.3,1.0,0.0,18.0,0.0,0.3,4.1,4.1,4.1,4.1,1.0,0.0,18.0,0.0,0.6,0.3,0.71,0.71,0.71,0.71,1.0,0.0,18.0,0.0,0.6,0.3,-4.04,-4.04,-4.04,-4.04,1.0,0.0,18.0,0.0,0.6,0.3,1008.0,1008.0,1008.0,1008.0,1.0,0.0,18.0,0.0,0.6,0.3,8.0,8.0,8.0,8.0,1.0,0.0,18.0,0.0,0.6,0.3,2.9,2.9,2.9,2.9,1.0,0.0,18.0,0.0,0.6,0.3,-16.6,-16.6,-16.6,-16.6,1.0,0.0,18.0,0.0,0.6,0.3,1.7,1.7,1.7,1.7,1.0,0.0,18.0,0.0,0.6,0.3,7.0,7.0,7.0,7.0,1.0,0.0,18.0,0.0,0.6,0.3,7.37,7.37,7.37,7.37,1.0,0.0,18.0,0.0,0.6,0.3,30.2,30.2,30.2,30.2,1.0,0.0,18.0,0.0,0.6,0.3,19.4,19.4,19.4,19.4,1.0,0.0,18.0,0.0,0.6,0.3,-109.8,-109.8,-109.8,-109.8,1.0,0.0,18.0,0.0,0.6,0.3,12.6,12.6,12.6,12.6,1.0,0.0,18.0,0.0,0.6,0.3,-71.5,-71.5,-71.5,-71.5,1.0,0.0,18.0,0.0,0.6,0.3,5.3,5.3,5.3,5.3,1.0,0.0,18.0,0.0,0.6,0.3,-29.8,-29.8,-29.8,-29.8,1.0,0.0,18.0,0.0,0.6,0.3,69.0,69.0,69.0,69.0,1.0,0.0,18.0,0.0,0.6,0.3,70.0,70.0,70.0,70.0,1.0,0.0,18.0,0.0,0.6,0.3
1974,2,129.0,1.0,27.2,27.2,27.2,27.2,1.0,0.0,22.0,0.0,0.5,0.2,26.6,26.6,26.6,26.6,1.0,0.0,22.0,0.0,0.5,0.2,17.33,17.33,17.33,17.33,1.0,0.0,22.0,0.0,0.5,0.2,79.2,79.2,79.2,79.2,1.0,0.0,22.0,0.0,0.2,9.3,9.3,9.3,9.3,1.0,0.0,22.0,0.0,0.5,0.2,0.0,0.0,0.0,0.0,1.0,0.0,22.0,0.0,0.5,0.2,-9.3,-9.3,-9.3,-9.3,1.0,0.0,22.0,0.0,0.5,0.2,1005.2,1005.2,1005.2,1005.2,1.0,0.0,22.0,0.0,0.5,0.2,3.0,3.0,3.0,3.0,1.0,0.0,22.0,0.0,0.5,0.2,0.0,0.0,0.0,0.0,1.0,0.0,22.0,0.0,0.5,0.2,-86.5,-86.5,-86.5,-86.5,1.0,0.0,22.0,0.0,0.5,0.2,0.6,0.6,0.6,0.6,1.0,0.0,22.0,0.0,0.5,0.2,5.6,5.6,5.6,5.6,1.0,0.0,22.0,0.0,0.5,0.2,5.42,5.42,5.42,5.42,1.0,0.0,22.0,0.0,0.5,0.2,50.4,50.4,50.4,50.4,1.0,0.0,22.0,0.0,0.5,0.2,0.0,0.0,0.0,0.0,1.0,0.0,22.0,0.0,0.5,0.2,-247.4,-247.4,-247.4,-247.4,1.0,0.0,22.0,0.0,0.5,0.2,0.0,0.0,0.0,0.0,1.0,0.0,22.0,0.0,0.5,0.2,-161.1,-161.1,-161.1,-161.1,1.0,0.0,22.0,0.0,0.5,0.2,0.0,0.0,0.0,0.0,1.0,0.0,22.0,0.0,0.5,0.2,-50.4,-50.4,-50.4,-50.4,1.0,0.0,22.0,0.0,0.5,0.2,804.5,804.5,804.5,804.5,1.0,0.0,22.0,0.0,0.5,0.2,805.0,805.0,805.0,805.0,1.0,0.0,22.0,0.0,0.5,0.2
1974,2,129.0,3.0,27.2,27.2,27.2,27.2,1.0,0.0,16.0,0.0,0.1,0.6,26.7,26.7,26.7,26.7,1.0,0.0,16.0,0.0,0.1,0.6,19.09,19.09,19.09,19.09,1.0,0.0,16.0,0.0,0.1,0.6,86.7,86.7,86.7,86.7,1.0,0.0,16.0,0.0,0.6,0.0,0.0,0.0,0.0,1.0,0.0,16.0,0.0,0.1,0.6,0.0,0.0,0.0,0.0,1.0,0.0,16.0,0.0,0.1,0.6,0.0,0.0,0.0,0.0,1.0,0.0,16.0,0.0,0.1,0.6,1006.0,1006.0,1006.0,1006.0,1.0,0.0,16.0,0.0,0.1,0.6,7.0,7.0,7.0,7.0,1.0,0.0,16.0,0.0,0.1,0.6,0.0,0.0,0.0,0.0,1.0,0.0,16.0,0.0,0.1,0.6,0.0,0.0,0.0,0.0,1.0,0.0,16.0,0.0,0.1,0.6,0.5,0.5,0.5,0.5,1.0,0.0,16.0,0.0,0.1,0.6,0.0,0.0,0.0,0.0,1.0,0.0,16.0,0.0,0.1,0.6,3.64,3.64,3.64,3.64,1.0,0.0,16.0,0.0,0.1,0.6,0.0,0.0,0.0,0.0,1.0,0.0,16.0,0.0,0.1,0.6,0.0,0.0,0.0,0.0,1.0,0.0,16.0,0.0,0.1,0.6,0.0,0.0,0.0,0.0,1.0,0.0,16.0,0.0,0.1,0.6,0.0,0.0,0.0,0.0,1.0,0.0,16.0,0.0,0.1,0.6,0.0,0.0,0.0,0.0,1.0,0.0,16.0,0.0,0.1,0.6,0.0,0.0,0.0,0.0,1.0,0.0,16.0,0.0,0.1,0.6,0.0,0.0,0.0,0.0,1.0,0.0,16.0,0.0,0.1,0.6,0.0,0.0,0.0,0.0,1.0,0.0,16.0,0.0,0.1,0.6,0.0,0.0,0.0,0.0,1.0,0.0,16.0,0.0,0.1,0.6
1974,2,129.0,5.0,26.82,27.5,28.18,27.5,2.0,1.41,16.0,1.0,0.4,0.3,26.29,28.0,28.0,27.17,3.0,1.44,14.0,0.7,0.3,0.4,18.95,19.46,19.96,19.46,2.0,1.05,16.0,1.0,0.4,0.3,86.3,88.4,90.4,88.4,2.0,4.3,16.0,1.0,0.3,7.86,8.2,8.95,8.4,3.0,0.82,14.0,0.7,0.3,0.4,-8.91,-8.08,-7.11,-8.01,3.0,1.32,14.0,0.7,0.3,0.4,-3.08,-1.42,-0.45,-1.76,3.0,1.95,14.0,0.7,0.3,0.4,1007.98,1009.0,1009.68,1008.83,3.0,1.26,14.0,0.7,0.3,0.4,5.0,7.0,7.7,6.3,3.0,2.1,14.0,0.7,0.3,0.4,-80.1,-66.2,-56.1,-68.0,3.0,17.6,14.0,0.7,0.3,0.4,-23.9,-11.7,-3.7,-13.8,3.0,14.9,14.0,0.7,0.3,0.4,-0.79,0.75,2.29,0.75,2.0,3.18,16.0,1.0,0.4,0.3,-5.3,8.2,21.6,8.2,2.0,27.9,16.0,1.0,0.4,0.3,2.19,3.65,5.11,3.65,2.0,3.03,16.0,1.0,0.4,0.3,18.3,32.8,47.2,32.8,2.0,29.9,16.0,1.0,0.4,0.3,-233.6,-226.1,-199.2,-216.7,3.0,26.5,14.0,0.7,0.3,0.4,-86.2,-39.9,-12.7,-49.2,3.0,54.5,14.0,0.7,0.3,0.4,-167.8,-154.4,-140.9,-154.4,2.0,27.8,16.0,1.0,0.4,0.3,-65.4,-38.9,-12.3,-38.9,2.0,55.0,16.0,1.0,0.4,0.3,-46.9,-32.0,-17.0,-32.0,2.0,31.0,16.0,1.0,0.4,0.3,-4.9,-2.9,-0.9,-2.9,2.0,4.1,16.0,1.0,0.4,0.3,486.5,551.5,724.0,604.0,3.0,180.0,14.0,0.7,0.3,0.4,485.0,550.0,725.0,605.0,3.0,180.0,14.0,0.7,0.3,0.4
1974,2,129.0,6.0,26.63,28.0,29.37,28.0,3.0,2.0,12.0,0.7,0.7,0.3,26.71,28.25,29.79,28.25,4.0,1.94,12.0,0.8,0.7,0.4,18.25,19.63,20.58,19.42,3.0,1.71,12.0,0.7,0.7,0.3,79.0,83.6,84.7,81.9,3.0,4.4,12.0,0.7,0.3,6.52,7.2,9.32,7.9,3.0,2.14,12.0,0.7,0.6,0.5,-7.53,-6.77,-4.87,-6.21,3.0,2.01,12.0,0.7,0.6,0.5,-6.03,-4.75,-3.19,-4.61,3.0,2.08,12.0,0.7,0.6,0.5,1006.63,1007.8,1010.33,1008.45,4.0,2.55,12.0,0.8,0.7,0.4,3.5,5.0,7.0,5.3,4.0,2.2,12.0,0.8,0.7,0.4,-70.9,-48.7,-32.3,-51.6,3.0,28.4,12.0,0.7,0.6,0.5,-55.9,-29.4,-21.4,-38.5,3.0,26.4,12.0,0.7,0.6,0.5,-1.18,-0.5,1.21,0.0,3.0,1.8,12.0,0.7,0.7,0.3,-13.5,-9.3,-5.1,-9.3,2.0,8.7,12.0,0.5,0.6,0.3,2.79,5.62,6.01,4.43,3.0,2.58,12.0,0.7,0.7,0.3,18.3,25.0,31.7,25.0,2.0,13.9,12.0,0.5,0.6,0.3,-210.4,-196.2,-145.2,-178.2,3.0,50.2,12.0,0.7,0.6,0.5,-170.3,-144.9,-94.7,-132.8,3.0,56.3,12.0,0.7,0.6,0.5,-143.6,-119.3,-95.1,-119.3,2.0,50.3,12.0,0.5,0.6,0.3,-125.2,-114.9,-104.6,-114.9,2.0,21.3,12.0,0.5,0.6,0.3,-20.7,-17.0,-13.3,-17.0,2.0,7.6,12.0,0.5,0.6,0.3,-24.0,-18.2,-12.4,-18.2,2.0,12.0,12.0,0.5,0.6,0.3,281.0,373.0,864.5,568.0,3.0,459.5,12.0,0.7,0.6,0.5,280.0,375.0,865.0,570.0,3.0,460.0,12.0,0.7,0.6,0.5
1974,2,129.0,7.0,26.48,28.0,29.05,27.86,7.0,1.55,16.0,0.9,0.3,0.4,26.0,26.6,28.58,27.1,9.0,1.6,16.0,0.8,0.3,0.4,18.39,19.4,20.21,19.09,8.0,1.37,16.0,0.8,0.3,0.4,75.7,88.8,94.2,86.8,8.0,8.6,16.0,0.8,0.4,7.83,8.7,11.63,9.42,9.0,1.94,16.0,0.8,0.3,0.4,-9.33,-7.1,-2.44,-6.43,9.0,3.81,16.0,0.8,0.3,0.4,-7.85,-4.41,-3.09,-5.18,9.0,3.52,16.0,0.8,0.3,0.4,1006.5,1007.5,1008.37,1007.09,9.0,1.8,16.0,0.8,0.3,0.4,5.0,6.5,7.9,6.1,8.0,1.7,16.0,0.9,0.3,0.4,-90.3,-58.2,-19.9,-61.3,9.0,46.3,16.0,0.8,0.3,0.4,-69.8,-43.2,-24.8,-50.9,9.0,43.1,16.0,0.8,0.3,0.4,-0.07,0.5,4.0,1.1,7.0,2.09,16.0,0.9,0.3,0.4,-0.7,3.9,33.0,9.4,7.0,18.7,16.0,0.9,0.3,0.4,1.86,3.3,7.01,4.18,7.0,2.46,16.0,0.9,0.3,0.4,14.8,27.1,66.2,39.9,7.0,28.0,16.0,0.9,0.3,0.4,-257.6,-200.1,-63.4,-173.7,9.0,103.7,16.0,0.8,0.3,0.4,-204.1,-117.4,-84.0,-140.4,9.0,99.6,16.0,0.8,0.3,0.4,-193.0,-146.6,-36.0,-121.8,8.0,74.3,16.0,0.8,0.3,0.4,-155.4,-85.0,-59.1,-100.3,8.0,68.5,16.0,0.8,0.3,0.4,-44.4,-14.8,-3.5,-21.9,7.0,21.2,16.0,0.9,0.3,0.4,-35.2,-20.6,-8.8,-26.4,7.0,28.5,16.0,0.9,0.3,0.4,482.0,658.5,1613.0,936.5,9.0,629.5,16.0,0.8,0.3,0.4,480.0,660.0,1615.0,935.0,9.0,630.0,16.0,0.8,0.3,0.4
1974,2,129.0,8.0,25.48,28.0,29.0,27.37,7.0,1.77,18.0,0.6,0.5,0.5,27.19,27.5,28.55,27.89,7.0,0.87,18.0,0.6,0.5,0.5,18.33,19.03,19.88,19.15,7.0,1.08,18.0,0.6,0.5,0.5,78.3,81.5,85.2,81.3,7.0,3.4,18.0,0.6,0.5,4.55,7.7,9.37,7.5,7.0,2.62,18.0,0.6,0.5,0.5,-8.3,-5.98,-3.49,-5.79,7.0,2.42,18.0,0.6,0.5,0.5,-6.95,-3.18,-1.47,-3.94,7.0,3.05,18.0,0.6,0.5,0.5,1007.93,1008.5,1009.1,1008.51,7.0,1.35,18.0,0.6,0.5,0.5,3.0,5.0,7.0,5.3,7.0,2.2,18.0,0.6,0.5,0.5,-81.7,-55.6,-17.5,-47.5,7.0,31.3,18.0,0.6,0.5,0.5,-66.7,-29.6,-6.8,-35.0,7.0,29.3,18.0,0.6,0.5,0.5,-1.57,-0.5,0.83,-0.51,7.0,1.55,18.0,0.6,0.5,0.5,-14.1,-1.8,7.6,-3.2,7.0,11.3,18.0,0.6,0.5,0.5,1.42,4.12,6.1,3.85,7.0,2.39,18.0,0.6,0.5,0.5,13.0,14.8,49.7,28.4,7.0,20.6,18.0,0.6,0.5,0.5,-228.0,-161.4,-102.9,-160.2,7.0,64.3,18.0,0.6,0.5,0.5,-192.4,-86.5,-41.1,-108.7,7.0,84.6,18.0,0.6,0.5,0.5,-155.4,-113.8,-73.5,-110.0,7.0,44.2,18.0,0.6,0.5,0.5,-135.7,-56.4,-26.9,-74.9,7.0,59.8,18.0,0.6,0.5,0.5,-46.7,-14.6,-8.5,-22.1,7.0,19.2,18.0,0.6,0.5,0.5,-20.4,-10.2,-2.3,-13.7,7.0,14.2,18.0,0.6,0.5,0.5,95.0,456.5,826.0,549.0,7.0,434.0,18.0,0.6,0.5,0.5,95.0,455.0,825.0,550.0,7.0,435.0,18.0,0.6,0.5,0.5
1974,2,129.0,9.0,26.45,27.7,29.0,27.64,5.0,1.47,18.0,0.4,0.7,0.1,26.4,27.3,28.0,27.18,6.0,0.83,18.0,0.3,0.7,0.1,18.17,18.59,19.29,18.72,5.0,1.02,18.0,0.4,0.7,0.1,79.5,83.7,87.6,83.5,5.0,4.3,18.0,0.4,0.1,7.29,9.3,11.94,9.62,6.0,3.0,18.0,0.3,0.7,0.1,-8.56,-6.61,-4.91,-7.09,6.0,3.49,18.0,0.3,0.7,0.1,-8.67,-6.02,-2.49,-5.67,6.0,2.97,18.0,0.3,0.7,0.1,1005.48,1007.7,1008.21,1007.17,6.0,1.54,18.0,0.3,0.7,0.1,4.6,6.5,7.2,6.0,6.0,1.8,18.0,0.3,0.7,0.1,-105.4,-55.7,-30.3,-74.7,6.0,62.0,18.0,0.3,0.7,0.1,-84.7,-68.6,-18.4,-57.9,6.0,34.6,18.0,0.3,0.7,0.1,-0.48,1.0,1.55,0.62,5.0,1.47,18.0,0.4,0.7,0.1,-5.8,9.3,17.6,6.1,5.0,15.3,18.0,0.4,0.7,0.1,2.64,3.82,7.08,4.65,5.0,2.53,18.0,0.4,0.7,0.1,19.3,55.0,65.9,45.6,5.0,25.1,18.0,0.4,0.7,0.1,-233.4,-177.3,-135.7,-191.0,6.0,88.7,18.0,0.3,0.7,0.1,-236.0,-158.4,-69.6,-153.8,6.0,81.2,18.0,0.3,0.7,0.1,-178.2,-108.7,-87.7,-131.9,5.0,72.4,18.0,0.4,0.7,0.1,-162.2,-124.1,-72.6,-116.0,5.0,51.9,18.0,0.4,0.7,0.1,-48.7,-21.1,-15.4,-29.9,5.0,18.1,18.0,0.4,0.7,0.1,-56.7,-18.8,-12.0,-30.9,5.0,24.3,18.0,0.4,0.7,0.1,400.5,804.5,1761.5,1113.0,6.0,1010.0,18.0,0.3,0.7,0.1,400.0,805.0,1760.0,1115.0,6.0,1010.0,18.0,0.3,0.7,0.1
1974,2,129.0,10.0,26.9,27.0,28.0,27.0,7.0,1.0,14.0,0.7,0.2,0.5,26.5,26.8,27.09,26.84,8.0,0.59,14.0,0.6,0.3,0.5,17.85,19.34,20.82,18.87,7.0,2.24,14.0,0.7,0.2,0.5,77.8,91.5,94.3,85.6,7.0,11.3,14.0,0.7,0.5,4.78,8.2,10.19,7.65,8.0,2.84,14.0,0.6,0.3,0.5,-7.96,-6.64,-3.32,-6.1,8.0,2.27,14.0,0.6,0.3,0.5,-7.08,-4.09,-2.06,-4.19,8.0,2.69,14.0,0.6,0.3,0.5,1008.06,1010.1,1010.94,1009.66,8.0,1.37,14.0,0.6,0.3,0.5,3.2,5.0,5.9,4.6,8.0,1.8,14.0,0.6,0.3,0.5,-74.2,-56.8,-16.4,-51.8,8.0,30.7,14.0,0.6,0.3,0.5,-77.7,-31.8,-7.3,-37.2,8.0,32.1,14.0,0.6,0.3,0.5,-0.1,0.5,1.02,0.19,7.0,1.13,14.0,0.7,0.2,0.5,-0.5,4.3,5.8,2.0,7.0,6.0,14.0,0.7,0.2,0.5,1.54,3.0,5.46,3.54,7.0,1.89,14.0,0.7,0.2,0.5,14.1,25.0,29.8,24.8,7.0,14.6,14.0,0.7,0.2,0.5,-211.4,-179.3,-89.8,-163.4,8.0,60.3,14.0,0.6,0.3,0.5,-187.3,-109.4,-55.0,-112.7,8.0,73.2,14.0,0.6,0.3,0.5,-167.8,-128.9,-42.8,-115.3,7.0,53.1,14.0,0.7,0.2,0.5,-144.1,-96.8,-34.2,-83.2,7.0,55.9,14.0,0.7,0.2,0.5,-22.5,-16.1,-12.3,-18.1,7.0,8.6,14.0,0.7,0.2,0.5,-20.2,-16.8,-6.9,-16.3,7.0,12.9,14.0,0.7,0.2,0.5,113.0,557.5,1060.5,602.5,8.0,497.0,14.0,0.6,0.3,0.5,115.0,560.0,1060.0,605.0,8.0,495.0,14.0,0.6,0.3,0.5
1974,2,129.0,11.0,25.82,27.9,28.81,27.44,16.0,1.44,20.0,0.9,0.3,0.5,25.57,27.45,28.5,27.18,18.0,1.48,20.0,0.8,0.3,0.5,17.49,18.0,19.09,18.04,16.0,1.29,20.0,0.9,0.3,0.5,74.6,78.7,85.8,79.7,16.0,7.5,20.0,0.9,0.5,5.37,7.45,11.43,8.47,18.0,3.86,20.0,0.8,0.3,0.5,-8.88,-6.45,-4.54,-6.79,18.0,3.03,20.0,0.8,0.3,0.5,-7.28,-4.91,-0.73,-4.23,18.0,3.73,20.0,0.8,0.3,0.5,1007.78,1009.95,1011.5,1009.86,18.0,1.9,20.0,0.8,0.3,0.5,2.0,6.0,8.0,5.1,18.0,2.7,20.0,0.8,0.3,0.5,-100.3,-44.9,-27.3,-67.8,18.0,63.7,20.0,0.8,0.3,0.5,-85.1,-34.3,-1.5,-47.4,18.0,55.2,20.0,0.8,0.3,0.5,-1.51,0.25,1.81,0.14,16.0,1.61,20.0,0.9,0.3,0.5,-13.3,1.4,12.1,3.2,16.0,18.7,20.0,0.9,0.3,0.5,3.33,5.3,6.51,4.98,16.0,1.54,20.0,0.9,0.3,0.5,18.7,38.1,51.8,40.3,16.0,24.6,20.0,0.9,0.3,0.5,-242.0,-176.0,-117.3,-183.0,18.0,75.8,20.0,0.8,0.3,0.5,-189.4,-135.9,-19.4,-114.1,18.0,98.5,20.0,0.8,0.3,0.5,-147.6,-116.5,-71.6,-118.0,16.0,56.5,20.0,0.9,0.3,0.5,-137.4,-80.7,-7.0,-76.0,16.0,70.0,20.0,0.9,0.3,0.5,-41.5,-33.3,-15.3,-32.1,16.0,18.5,20.0,0.9,0.3,0.5,-33.0,-17.2,-2.7,-20.6,16.0,21.1,20.0,0.9,0.3,0.5,158.5,415.0,1527.5,1012.0,18.0,1510.0,20.0,0.8,0.3,0.5,160.0,415.0,1530.0,1010.0,18.0,1510.0,20.0,0.8,0.3,0.5
1974,2,129.0,12.0,27.0,28.0,28.5,27.62,16.0,1.27,20.0,0.5,0.4,0.4,25.5,27.0,27.89,26.71,17.0,1.31,20.0,0.5,0.4,0.4,16.27,17.66,18.85,17.72,16.0,1.42,20.0,0.5,0.4,0.4,73.7,82.0,84.9,80.7,16.0,6.9,20.0,0.5,0.4,5.1,7.7,9.99,7.67,17.0,3.07,20.0,0.5,0.4,0.4,-7.03,-5.59,-3.83,-5.62,17.0,2.37,20.0,0.5,0.4,0.4,-7.41,-5.13,-1.27,-4.68,17.0,3.09,20.0,0.5,0.4,0.4,1008.86,1010.5,1011.14,1010.06,17.0,1.14,20.0,0.5,0.4,0.4,2.0,3.0,7.0,4.0,17.0,2.2,20.0,0.5,0.4,0.4,-70.1,-38.1,-20.9,-48.9,17.0,40.6,20.0,0.5,0.4,0.4,-72.4,-34.4,-7.4,-43.3,17.0,41.4,20.0,0.5,0.4,0.4,-0.22,0.75,2.5,0.86,16.0,1.44,20.0,0.5,0.4,0.4,-1.4,4.7,13.2,5.3,16.0,10.0,20.0,0.5,0.4,0.4,4.16,5.29,7.02,5.53,16.0,1.46,20.0,0.5,0.4,0.4,26.3,36.6,51.8,40.5,16.0,16.9,20.0,0.5,0.4,0.4,-189.4,-140.1,-101.2,-150.3,17.0,65.7,20.0,0.5,0.4,0.4,-209.2,-138.6,-35.3,-124.9,17.0,82.3,20.0,0.5,0.4,0.4,-112.8,-94.1,-63.0,-98.7,16.0,47.9,20.0,0.5,0.4,0.4,-131.9,-87.1,-23.1,-80.5,16.0,55.6,20.0,0.5,0.4,0.4,-43.6,-27.4,-18.8,-29.8,16.0,13.2,20.0,0.5,0.4,0.4,-37.4,-25.6,-5.5,-24.3,16.0,16.8,20.0,0.5,0.4,0.4,132.5,456.5,1014.0,673.5,17.0,866.0,20.0,0.5,0.4,0.4,135.0,455.0,1015.0,675.0,17.0,865.0,20.0,0.5,0.4,0.4
1974,2,129.0,13.0,26.2,27.35,28.5,27.4,20.0,1.22,18.0,0.6,0.5,0.4,26.46,27.2,29.0,27.47,19.0,1.24,20.0,0.6,0.5,0.4,16.94,18.21,20.02,18.45,19.0,1.95,20.0,0.6,0.5,0.4,74.1,79.0,89.1,80.5,19.0,8.5,20.0,0.6,0.4,5.7,8.45,11.78,8.54,20.0,3.38,18.0,0.6,0.5,0.4,-8.56,-6.3,-3.6,-6.1,20.0,2.69,18.0,0.6,0.5,0.4,-8.7,-4.36,-2.29,-5.16,20.0,3.7,18.0,0.6,0.5,0.4,1008.7,1009.75,1013.17,1010.26,20.0,2.04,18.0,0.6,0.5,0.4,2.0,7.0,8.0,5.4,20.0,2.6,18.0,0.6,0.5,0.4,-99.5,-47.4,-16.3,-57.9,20.0,42.5,18.0,0.6,0.5,0.4,-106.4,-30.6,-13.2,-53.8,20.0,55.5,18.0,0.6,0.5,0.4,-1.37,0.0,1.53,0.11,18.0,1.61,18.0,0.6,0.5,0.4,-7.6,0.0,10.6,0.6,18.0,13.4,18.0,0.6,0.5,0.4,2.23,5.44,6.88,4.63,18.0,2.35,18.0,0.6,0.5,0.4,11.9,33.7,61.8,37.9,18.0,24.3,18.0,0.6,0.5,0.4,-220.5,-170.0,-98.4,-161.8,19.0,71.8,20.0,0.6,0.5,0.4,-236.4,-113.1,-58.0,-131.8,19.0,93.5,20.0,0.6,0.5,0.4,-164.6,-110.4,-66.0,-109.1,19.0,49.4,20.0,0.6,0.5,0.4,-158.1,-70.9,-36.1,-86.2,19.0,60.3,20.0,0.6,0.5,0.4,-44.0,-30.7,-10.2,-28.6,18.0,15.9,18.0,0.6,0.5,0.4,-42.5,-18.4,-1.5,-22.5,18.0,21.4,18.0,0.6,0.5,0.4,185.0,605.0,1637.0,916.0,20.0,1016.0,18.0,0.6,0.5,0.4,185.0,605.0,1635.0,915.0,20.0,1015.0,18.0,0.6,0.5,0.4
1974,2,129.0,14.0,27.11,28.0,28.98,27.78,15.0,1.04,16.0,0.5,0.5,0.6,26.0,27.0,28.5,27.14,16.0,1.23,16.0,0.6,0.5,0.6,16.47,17.54,19.18,17.67,15.0,1.47,16.0,0.5,0.5,0.6,69.8,81.0,85.1,78.7,15.0,7.6,16.0,0.5,0.6,5.1,7.95,11.42,8.29,16.0,3.18,16.0,0.6,0.5,0.6,-8.98,-5.52,-3.96,-6.15,16.0,2.63,16.0,0.6,0.5,0.6,-9.15,-3.56,-1.15,-4.59,16.0,3.69,16.0,0.6,0.5,0.6,1009.0,1011.1,1012.81,1011.13,16.0,2.06,16.0,0.6,0.5,0.6,2.4,5.0,7.0,4.8,16.0,2.0,16.0,0.6,0.5,0.6,-88.0,-41.0,-19.9,-56.1,16.0,43.0,16.0,0.6,0.5,0.6,-107.4,-27.0,-5.6,-46.0,16.0,49.2,16.0,0.6,0.5,0.6,-0.5,0.5,2.0,0.63,15.0,1.53,16.0,0.5,0.5,0.6,-4.4,2.3,16.1,5.8,15.0,12.2,16.0,0.5,0.5,0.6,4.01,5.95,7.75,5.77,15.0,2.24,16.0,0.5,0.5,0.6,27.8,39.9,64.1,46.8,15.0,26.4,16.0,0.5,0.5,0.6,-242.0,-155.4,-105.6,-167.1,16.0,71.0,16.0,0.6,0.5,0.6,-234.9,-95.3,-33.0,-122.9,16.0,98.3,16.0,0.6,0.5,0.6,-152.0,-90.1,-71.5,-101.8,15.0,39.4,16.0,0.5,0.5,0.6,-146.5,-61.7,-17.7,-74.7,15.0,60.3,16.0,0.5,0.5,0.6,-43.5,-36.9,-17.2,-32.7,15.0,15.3,16.0,0.5,0.5,0.6,-49.8,-21.7,-6.6,-27.7,15.0,28.9,16.0,0.5,0.5,0.6,132.5,516.0,1497.0,819.0,16.0,871.0,16.0,0.6,0.5,0.6,135.0,515.0,1495.0,820.0,16.0,870.0,16.0,0.6,0.5,0.6
1974,2,129.0,15.0,25.87,27.0,27.2,26.56,12.0,0.97,18.0,0.4,0.6,0.5,25.0,26.1,27.23,26.54,13.0,1.8,16.0,0.5,0.6,0.5,15.75,17.66,18.61,17.4,12.0,1.77,18.0,0.4,0.6,0.5,73.4,79.8,87.7,80.1,12.0,7.2,18.0,0.4,0.5,3.55,8.2,8.76,6.99,13.0,3.15,16.0,0.5,0.6,0.5,-8.24,-6.28,-3.32,-5.78,13.0,2.71,16.0,0.5,0.6,0.5,-5.37,-0.51,0.0,-2.39,13.0,3.61,16.0,0.5,0.6,0.5,1009.19,1011.4,1013.11,1011.49,13.0,1.85,16.0,0.5,0.6,0.5,2.0,3.0,7.3,4.2,12.0,2.6,16.0,0.5,0.5,0.5,-75.7,-51.5,-12.0,-46.7,13.0,30.8,16.0,0.5,0.6,0.5,-44.0,-0.8,0.0,-21.5,13.0,44.2,16.0,0.5,0.6,0.5,-1.35,1.0,1.2,-0.02,12.0,2.41,18.0,0.4,0.6,0.5,-2.3,6.2,10.3,4.2,12.0,8.7,18.0,0.4,0.6,0.5,2.86,4.63,5.77,4.38,12.0,2.22,18.0,0.4,0.6,0.5,15.0,35.1,44.3,34.9,12.0,26.7,18.0,0.4,0.6,0.5,-214.2,-169.6,-85.4,-150.8,13.0,69.8,16.0,0.5,0.6,0.5,-143.7,-15.1,0.0,-63.9,13.0,95.9,16.0,0.5,0.6,0.5,-152.2,-94.2,-48.3,-97.2,12.0,50.9,18.0,0.4,0.6,0.5,-94.5,-28.2,0.0,-42.1,12.0,56.8,18.0,0.4,0.6,0.5,-39.6,-30.0,-15.0,-27.6,12.0,15.8,18.0,0.4,0.6,0.5,-28.9,-0.1,0.0,-14.8,12.0,26.9,18.0,0.4,0.6,0.5,45.0,551.5,672.5,534.5,13.0,622.5,16.0,0.5,0.6,0.5,45.0,550.0,670.0,535.0,13.0,625.0,16.0,0.5,0.6,0.5
1974,2,129.0,16.0,25.59,26.6,27.0,26.19,11.0,0.95,14.0,0.3,0.4,0.3,24.98,25.8,27.1,26.17,13.0,1.28,14.0,0.4,0.4,0.3,15.8,17.73,18.62,17.37,11.0,1.42,14.0,0.3,0.4,0.3,75.9,83.7,88.6,82.8,11.0,6.9,14.0,0.3,0.3,6.09,8.7,10.64,8.67,13.0,3.18,14.0,0.4,0.4,0.3,-10.33,-7.09,-4.65,-7.25,13.0,3.05,14.0,0.4,0.4,0.3,-8.05,-2.68,-1.13,-3.73,13.0,3.2,14.0,0.4,0.4,0.3,1011.18,1012.5,1016.01,1013.22,13.0,2.18,14.0,0.4,0.4,0.3,2.0,4.0,8.0,4.6,13.0,2.5,14.0,0.4,0.4,0.3,-110.1,-51.1,-32.4,-70.5,13.0,50.3,14.0,0.4,0.4,0.3,-77.7,-17.7,-7.5,-37.7,13.0,42.1,14.0,0.4,0.4,0.3,-1.41,0.6,1.32,0.17,11.0,1.43,14.0,0.3,0.4,0.3,-10.3,5.1,11.5,0.1,11.0,15.2,14.0,0.3,0.4,0.3,2.84,4.27,5.44,3.9,11.0,1.72,14.0,0.3,0.4,0.3,16.0,33.0,41.4,30.3,11.0,16.1,14.0,0.3,0.4,0.3,-272.1,-182.9,-118.1,-191.1,13.0,86.7,14.0,0.4,0.4,0.3,-205.7,-72.5,-29.2,-98.5,13.0,84.1,14.0,0.4,0.4,0.3,-179.2,-118.6,-69.4,-118.5,11.0,55.7,14.0,0.3,0.4,0.3,-119.6,-50.1,-25.7,-62.9,11.0,50.6,14.0,0.3,0.4,0.3,-33.0,-28.0,-13.7,-24.3,11.0,12.0,14.0,0.3,0.4,0.3,-27.8,-7.5,-2.8,-14.1,11.0,16.1,14.0,0.3,0.4,0.3,228.0,658.5,1245.0,902.0,13.0,923.0,14.0,0.4,0.4,0.3,230.0,660.0,1245.0,900.0,13.0,925.0,14.0,0.4,0.4,0.3
1974,2,129.0,17.0,24.63,26.0,26.14,25.4,3.0,1.22,14.0,0.7,0.2,0.5,24.76,26.0,26.71,25.75,4.0,1.3,18.0,0.5,0.3,0.4,17.68,17.98,18.37,18.03,3.0,0.51,14.0,0.7,0.2,0.5,83.5,87.7,96.1,89.7,3.0,9.4,14.0,0.7,0.5,6.44,6.95,10.97,8.63,4.0,3.87,18.0,0.5,0.3,0.4,-9.91,-6.46,-5.46,-7.63,4.0,3.33,18.0,0.5,0.3,0.4,-5.82,-3.21,-1.66,-3.72,4.0,2.65,18.0,0.5,0.3,0.4,1011.2,1013.55,1015.95,1013.58,4.0,2.74,18.0,0.5,0.3,0.4,3.5,5.0,6.0,4.8,4.0,1.5,18.0,0.5,0.3,0.4,-118.4,-43.6,-35.2,-75.3,4.0,69.9,18.0,0.5,0.3,0.4,-68.1,-21.0,-11.0,-38.7,4.0,44.2,18.0,0.5,0.3,0.4,-0.14,0.0,0.27,0.07,3.0,0.31,14.0,0.7,0.2,0.5,-0.8,0.0,2.0,0.5,3.0,2.1,14.0,0.7,0.2,0.5,0.97,3.06,3.53,2.27,3.0,2.0,14.0,0.7,0.2,0.5,7.0,22.1,22.9,15.1,3.0,13.1,14.0,0.7,0.2,0.5,-262.8,-167.7,-137.8,-198.8,4.0,95.0,18.0,0.5,0.3,0.4,-151.1,-79.7,-43.4,-96.4,4.0,71.7,18.0,0.5,0.3,0.4,-119.4,-102.2,-97.5,-108.3,3.0,17.0,14.0,0.7,0.2,0.5,-66.4,-37.2,-27.1,-46.5,3.0,29.8,14.0,0.7,0.2,0.5,-21.8,-21.7,-6.9,-14.5,3.0,12.6,14.0,0.7,0.2,0.5,-6.6,-3.8,-1.2,-3.9,3.0,4.0,14.0,0.7,0.2,0.5,268.0,337.0,1742.0,974.5,4.0,1342.0,18.0,0.5,0.3,0.4,270.0,335.0,1740.0,975.0,4.0,1340.0,18.0,0.5,0.3,0.4
1974,2,129.0,18.0,24.0,25.4,25.76,25.24,7.0,1.04,14.0,0.6,0.2,0.4,23.0,23.5,26.4,24.36,8.0,2.34,16.0,0.5,0.2,0.4,13.18,16.33,16.78,15.31,7.0,2.02,14.0,0.6,0.2,0.4,75.9,80.3,81.7,79.7,7.0,7.6,14.0,0.6,0.4,5.17,8.25,14.84,9.51,8.0,4.82,16.0,0.5,0.2,0.4,-11.0,-5.57,-4.12,-6.88,8.0,3.39,16.0,0.5,0.2,0.4,-9.67,-5.02,-0.83,-5.64,8.0,4.96,16.0,0.5,0.2,0.4,1014.18,1015.05,1018.6,1016.13,8.0,2.71,16.0,0.5,0.2,0.4,4.0,5.0,7.9,5.6,8.0,1.8,16.0,0.5,0.2,0.4,-164.4,-37.4,-24.9,-76.5,8.0,68.5,16.0,0.5,0.2,0.4,-138.4,-58.0,-3.6,-72.4,8.0,77.1,16.0,0.5,0.2,0.4,-0.98,1.0,3.9,0.69,7.0,2.94,14.0,0.6,0.2,0.4,-5.1,8.7,41.2,13.5,7.0,29.1,14.0,0.6,0.2,0.4,2.11,3.79,8.01,4.73,7.0,2.8,14.0,0.6,0.2,0.4,15.3,31.7,84.7,46.6,7.0,46.8,14.0,0.6,0.2,0.4,-253.0,-144.7,-106.0,-165.2,8.0,74.3,16.0,0.5,0.2,0.4,-218.7,-123.4,-21.3,-130.6,8.0,110.4,16.0,0.5,0.2,0.4,-106.0,-83.8,-65.2,-93.7,7.0,45.2,14.0,0.6,0.2,0.4,-157.3,-47.7,-11.1,-77.0,7.0,71.8,14.0,0.6,0.2,0.4,-34.8,-24.3,-14.6,-27.6,7.0,20.0,14.0,0.6,0.2,0.4,-79.1,-5.4,-2.6,-32.8,7.0,46.6,14.0,0.6,0.2,0.4,138.5,665.5,3272.0,1458.0,8.0,1581.0,16.0,0.5,0.2,0.4,140.0,665.0,3270.0,1460.0,8.0,1580.0,16.0,0.5,0.2,0.4
1974,2,129.0,19.0,23.59,25.0,25.08,24.4,6.0,1.26,14.0,0.5,0.3,0.5,23.71,24.3,25.33,24.75,6.0,1.91,14.0,0.5,0.3,0.5,12.99,14.33,14.95,13.92,6.0,1.76,14.0,0.5,0.3,0.5,61.2,73.5,79.2,72.0,6.0,9.9,14.0,0.5,0.5,3.96,6.95,9.82,6.85,6.0,3.59,14.0,0.5,0.3,0.5,-7.52,-5.37,-2.58,-5.13,6.0,2.88,14.0,0.5,0.3,0.5,-5.09,-2.07,0.0,-3.13,6.0,4.19,14.0,0.5,0.3,0.5,1013.83,1015.1,1017.14,1015.35,6.0,1.72,14.0,0.5,0.3,0.5,1.8,3.0,6.4,3.8,6.0,2.6,14.0,0.5,0.3,0.5,-57.9,-46.3,-11.1,-40.2,6.0,28.6,14.0,0.5,0.3,0.5,-50.5,-8.8,0.0,-29.7,6.0,50.9,14.0,0.5,0.3,0.5,-1.74,0.9,1.29,-0.35,6.0,3.12,14.0,0.5,0.3,0.5,-6.8,6.2,13.0,2.6,6.0,17.9,14.0,0.5,0.3,0.5,3.5,5.23,6.29,5.15,6.0,2.34,14.0,0.5,0.3,0.5,8.5,36.7,53.9,39.4,6.0,36.0,14.0,0.5,0.3,0.5,-181.4,-128.2,-72.7,-125.3,6.0,67.8,14.0,0.5,0.3,0.5,-132.4,-49.8,0.0,-75.9,6.0,96.9,14.0,0.5,0.3,0.5,-109.5,-70.8,-37.3,-73.5,6.0,46.7,14.0,0.5,0.3,0.5,-65.0,-31.8,0.0,-38.8,6.0,45.4,14.0,0.5,0.3,0.5,-37.7,-35.3,-5.7,-26.5,6.0,16.3,14.0,0.5,0.3,0.5,-30.5,-5.8,0.0,-20.7,6.0,39.2,14.0,0.5,0.3,0.5,78.0,337.0,977.5,537.0,6.0,609.0,14.0,0.5,0.3,0.5,80.0,335.0,980.0,535.0,6.0,610.0,14.0,0.5,0.3,0.5
1974,2,129.0,20.0,24.43,25.0,25.52,24.87,7.0,0.95,16.0,0.6,0.2,0.3,20.92,23.0,25.5,23.1,6.0,2.2,18.0,0.5,0.2,0.3,11.7,13.57,15.52,13.6,6.0,1.96,18.0,0.5,0.2,0.3,75.1,76.9,78.7,77.1,6.0,2.1,18.0,0.5,0.3,5.05,9.3,10.87,8.44,7.0,3.06,16.0,0.6,0.2,0.3,-7.24,-4.79,-3.6,-5.11,7.0,2.17,16.0,0.6,0.2,0.3,-10.17,-4.65,0.08,-4.84,7.0,5.48,16.0,0.6,0.2,0.3,1014.02,1015.3,1018.1,1015.71,7.0,3.12,16.0,0.6,0.2,0.3,3.0,5.0,6.1,5.0,7.0,2.0,16.0,0.6,0.2,0.3,-74.9,-39.9,-18.3,-43.1,7.0,25.2,16.0,0.6,0.2,0.3,-110.6,-43.2,0.4,-54.2,7.0,59.8,16.0,0.6,0.2,0.3,-0.42,1.5,3.92,1.67,6.0,2.0,18.0,0.5,0.2,0.3,-2.6,14.4,42.0,18.6,6.0,22.4,18.0,0.5,0.2,0.3,4.33,5.38,7.61,5.85,6.0,1.81,18.0,0.5,0.2,0.3,32.4,50.5,81.9,56.6,6.0,31.1,18.0,0.5,0.2,0.3,-179.5,-128.8,-69.2,-125.0,6.0,61.4,18.0,0.5,0.2,0.3,-217.5,-163.8,9.2,-121.8,6.0,119.2,18.0,0.5,0.2,0.3,-111.2,-74.7,-38.1,-74.5,6.0,39.2,18.0,0.5,0.2,0.3,-121.5,-95.1,5.6,-68.8,6.0,67.2,18.0,0.5,0.2,0.3,-38.7,-27.0,-19.5,-29.4,6.0,14.0,18.0,0.5,0.2,0.3,-78.1,-39.3,1.6,-39.5,6.0,41.4,18.0,0.5,0.2,0.3,129.5,804.5,1288.5,799.0,7.0,656.5,16.0,0.6,0.2,0.3,130.0,805.0,1290.0,800.0,7.0,655.0,16.0,0.6,0.2,0.3
1974,2,129.0,21.0,24.0,24.8,25.57,24.82,11.0,1.07,16.0,0.5,0.3,0.3,19.29,20.5,24.08,21.31,11.0,2.38,16.0,0.5,0.3,0.3,9.26,10.0,13.63,10.89,7.0,2.19,18.0,0.7,0.4,0.4,65.9,73.6,75.6,71.2,7.0,6.7,18.0,0.7,0.4,7.84,9.3,12.12,9.69,11.0,2.24,16.0,0.5,0.3,0.3,-7.28,-5.37,-2.73,-5.29,11.0,2.35,16.0,0.5,0.3,0.3,-10.5,-8.92,3.09,-5.13,11.0,6.56,16.0,0.5,0.3,0.3,1015.85,1017.2,1023.03,1018.38,11.0,3.32,16.0,0.5,0.3,0.3,3.3,6.0,7.4,5.5,11.0,2.4,16.0,0.5,0.3,0.3,-78.2,-53.0,-24.5,-51.9,11.0,26.9,16.0,0.5,0.3,0.3,-127.3,-85.2,22.7,-60.2,11.0,69.3,16.0,0.5,0.3,0.3,0.88,4.0,5.66,3.51,11.0,2.36,16.0,0.5,0.3,0.3,6.3,40.0,70.6,37.9,11.0,30.0,16.0,0.5,0.3,0.3,5.82,8.12,10.57,8.35,7.0,2.18,18.0,0.7,0.4,0.4,52.6,83.7,130.3,87.6,7.0,38.7,18.0,0.7,0.4,0.4,-160.1,-119.9,-53.2,-114.6,11.0,57.8,16.0,0.5,0.3,0.3,-204.7,-183.9,74.3,-96.2,11.0,136.2,16.0,0.5,0.3,0.3,-78.1,-54.1,-34.3,-59.3,7.0,32.9,18.0,0.7,0.4,0.4,-97.7,-90.4,43.3,-56.1,7.0,68.8,18.0,0.7,0.4,0.4,-65.1,-41.8,-25.7,-43.1,7.0,20.7,18.0,0.7,0.4,0.4,-112.8,-72.5,18.1,-61.9,7.0,58.1,18.0,0.7,0.4,0.4,526.5,804.5,1783.0,1040.0,11.0,632.5,16.0,0.5,0.3,0.3,525.0,805.0,1785.0,1040.0,11.0,635.0,16.0,0.5,0.3,0.3
1974,2,129.0,22.0,22.71,23.5,24.29,23.6,9.0,1.22,18.0,0.6,0.3,0.3,18.0,22.0,23.21,21.25,11.0,2.22,16.0,0.6,0.3,0.4,11.26,12.97,14.32,12.61,8.0,1.73,18.0,0.5,0.4,0.3,70.7,77.6,84.6,77.3,8.0,6.6,18.0,0.5,0.3,5.88,8.75,10.43,7.86,12.0,3.42,16.0,0.7,0.3,0.4,-9.66,-5.02,-1.24,-5.37,12.0,3.98,16.0,0.7,0.3,0.4,-8.23,-2.61,0.0,-3.85,12.0,3.95,16.0,0.7,0.3,0.4,1012.81,1017.65,1020.78,1016.97,12.0,3.8,16.0,0.7,0.3,0.4,2.0,3.0,7.3,4.3,12.0,2.8,16.0,0.7,0.3,0.4,-95.9,-50.8,-7.4,-51.3,12.0,44.1,16.0,0.7,0.3,0.4,-76.5,-26.5,0.0,-35.6,12.0,35.7,16.0,0.7,0.3,0.4,0.51,1.45,3.92,1.76,8.0,2.3,18.0,0.5,0.4,0.3,5.9,13.8,36.5,20.2,8.0,18.8,18.0,0.5,0.4,0.3,3.57,4.97,7.85,5.55,8.0,2.29,18.0,0.5,0.4,0.3,30.5,51.7,83.8,51.2,8.0,29.4,18.0,0.5,0.4,0.3,-212.6,-97.2,-22.2,-112.1,11.0,94.2,16.0,0.6,0.3,0.4,-172.0,-77.5,0.0,-80.2,11.0,80.7,16.0,0.6,0.3,0.4,-125.2,-84.3,-43.1,-84.6,8.0,56.8,18.0,0.5,0.4,0.3,-89.2,-33.4,-2.3,-47.5,8.0,44.6,18.0,0.5,0.4,0.3,-48.6,-44.3,-19.7,-35.1,8.0,18.0,18.0,0.5,0.4,0.3,-73.0,-13.3,-0.6,-29.6,8.0,33.6,18.0,0.5,0.4,0.3,260.0,678.0,1135.0,695.0,12.0,494.0,16.0,0.7,0.3,0.4,260.0,680.0,1135.0,695.0,12.0,495.0,16.0,0.7,0.3,0.4
1974,2,129.0,23.0,22.71,22.9,23.57,23.01,8.0,1.08,20.0,0.3,0.4,0.5,19.02,20.9,22.0,20.69,8.0,1.9,20.0,0.3,0.4,0.5,8.12,10.5,13.75,10.83,7.0,3.23,20.0,0.3,0.4,0.5,60.5,72.4,84.3,70.9,7.0,13.0,20.0,0.3,0.5,6.96,9.55,10.74,9.1,8.0,2.2,20.0,0.3,0.4,0.5,-9.16,-6.62,-2.04,-5.82,8.0,3.82,20.0,0.3,0.4,0.5,-10.1,-3.27,-1.89,-4.73,8.0,4.54,20.0,0.3,0.4,0.5,1014.59,1018.65,1019.89,1016.79,8.0,5.35,20.0,0.3,0.4,0.5,2.0,6.5,7.0,5.0,8.0,2.8,20.0,0.3,0.4,0.5,-89.3,-50.3,-20.5,-52.4,8.0,39.6,20.0,0.3,0.4,0.5,-106.4,-31.2,-11.0,-46.7,8.0,53.2,20.0,0.3,0.4,0.5,0.8,1.45,4.81,2.33,8.0,2.11,20.0,0.3,0.4,0.5,7.2,16.2,37.7,21.7,8.0,18.9,20.0,0.3,0.4,0.5,3.41,7.32,9.3,6.7,7.0,3.18,20.0,0.3,0.4,0.5,32.7,74.8,99.5,62.7,7.0,33.7,20.0,0.3,0.4,0.5,-199.8,-149.3,-37.1,-124.1,8.0,82.7,20.0,0.3,0.4,0.5,-182.6,-71.5,-44.0,-92.9,8.0,82.9,20.0,0.3,0.4,0.5,-114.2,-73.4,-14.6,-66.1,7.0,51.5,20.0,0.3,0.4,0.5,-80.4,-45.8,-24.6,-44.4,7.0,35.2,20.0,0.3,0.4,0.5,-39.2,-31.6,-13.7,-30.2,7.0,23.7,20.0,0.3,0.4,0.5,-98.1,-13.4,-4.4,-40.2,7.0,47.1,20.0,0.3,0.4,0.5,348.5,873.0,1241.0,863.0,8.0,492.0,20.0,0.3,0.4,0.5,350.0,875.0,1240.0,865.0,8.0,490.0,20.0,0.3,0.4,0.5
1974,2,129.0,24.0,22.54,23.0,23.9,22.91,7.0,0.89,16.0,0.4,0.1,0.5,21.67,22.8,23.5,22.23,7.0,1.55,16.0,0.4,0.1,0.5,11.32,12.77,13.13,12.17,5.0,1.92,14.0,0.6,0.2,0.6,69.2,74.3,79.9,74.6,5.0,7.1,14.0,0.6,0.6,5.08,5.7,8.3,6.77,7.0,2.09,16.0,0.4,0.1,0.5,-6.47,-5.36,-2.82,-5.17,7.0,3.17,16.0,0.4,0.1,0.5,-5.15,-3.52,-1.79,-3.27,7.0,2.05,16.0,0.4,0.1,0.5,1016.6,1017.0,1018.62,1017.64,7.0,3.7,16.0,0.4,0.1,0.5,2.0,4.0,5.2,3.8,6.0,1.6,16.0,0.5,0.1,0.5,-54.1,-30.5,-13.0,-39.9,7.0,34.4,16.0,0.4,0.1,0.5,-41.2,-16.2,-9.9,-21.1,7.0,16.3,16.0,0.4,0.1,0.5,-0.21,0.4,1.05,0.69,7.0,1.54,16.0,0.4,0.1,0.5,-1.3,3.2,4.9,3.4,7.0,8.2,16.0,0.4,0.1,0.5,3.44,4.77,6.69,5.04,5.0,2.35,14.0,0.6,0.2,0.6,21.5,24.2,44.4,31.3,5.0,12.4,14.0,0.6,0.2,0.6,-151.3,-122.1,-62.5,-117.4,7.0,70.2,16.0,0.4,0.1,0.5,-121.0,-78.2,-40.8,-72.5,7.0,45.7,16.0,0.4,0.1,0.5,-102.7,-68.4,-23.9,-65.6,5.0,52.6,14.0,0.6,0.2,0.6,-53.1,-44.9,-15.8,-36.4,5.0,25.3,14.0,0.6,0.2,0.6,-27.4,-20.9,-9.0,-18.6,5.0,13.0,14.0,0.6,0.2,0.6,-34.7,-16.8,-5.3,-19.6,5.0,17.2,14.0,0.6,0.2,0.6,131.0,185.0,577.0,391.0,7.0,360.0,16.0,0.4,0.1,0.5,130.0,185.0,575.0,390.0,7.0,360.0,16.0,0.4,0.1,0.5
1974,2,129.0,25.0,20.0,21.8,23.42,21.6,8.0,1.51,20.0,0.5,0.1,0.5,15.17,20.25,22.2,19.35,8.0,3.57,20.0,0.5,0.1,0.5,6.98,11.25,11.83,9.65,5.0,2.91,18.0,0.6,0.2,0.6,56.7,72.4,76.4,67.3,5.0,12.1,18.0,0.6,0.6,2.76,5.3,11.41,6.29,8.0,3.97,20.0,0.5,0.1,0.5,-1.35,-0.79,5.29,0.78,8.0,3.29,20.0,0.5,0.1,0.5,-9.67,-3.16,5.46,-2.54,8.0,6.48,20.0,0.5,0.1,0.5,1016.36,1018.5,1021.0,1019.44,8.0,3.63,20.0,0.5,0.1,0.5,4.1,5.5,6.9,5.1,8.0,2.0,20.0,0.5,0.1,0.5,-7.2,-3.3,63.9,14.9,8.0,36.5,20.0,0.5,0.1,0.5,-112.6,-10.8,36.5,-26.5,8.0,66.9,20.0,0.5,0.1,0.5,0.16,1.45,6.43,2.25,8.0,3.58,20.0,0.5,0.1,0.5,0.3,5.7,72.7,20.2,8.0,39.5,20.0,0.5,0.1,0.5,4.14,6.1,8.5,6.24,5.0,2.4,18.0,0.6,0.2,0.6,17.4,23.4,52.8,36.2,5.0,36.8,18.0,0.6,0.2,0.6,-30.1,-15.0,79.8,7.1,8.0,53.1,20.0,0.5,0.1,0.5,-149.0,-62.9,109.4,-35.4,8.0,119.3,20.0,0.5,0.1,0.5,-14.4,-4.3,16.2,2.4,5.0,26.5,18.0,0.6,0.2,0.6,-60.0,-24.3,18.4,-18.8,5.0,58.6,18.0,0.6,0.2,0.6,-5.7,-3.8,17.4,6.5,5.0,24.8,18.0,0.6,0.2,0.6,-46.9,-23.0,1.7,-24.5,5.0,39.8,18.0,0.6,0.2,0.6,22.5,172.0,1569.5,540.5,8.0,782.5,20.0,0.5,0.1,0.5,25.0,170.0,1570.0,540.0,8.0,785.0,20.0,0.5,0.1,0.5
1974,2,129.0,26.0,19.44,21.0,21.7,20.64,23.0,1.27,12.0,0.1,0.4,0.5,13.17,18.0,21.4,17.43,22.0,3.66,12.0,0.1,0.4,0.5,7.87,10.3,12.15,9.87,17.0,2.35,12.0,0.1,0.4,0.5,68.7,79.9,85.7,77.5,17.0,10.0,12.0,0.1,0.5,4.53,6.45,9.97,6.78,22.0,2.64,12.0,0.1,0.4,0.5,-6.73,-1.13,3.11,-1.72,22.0,4.79,12.0,0.1,0.4,0.5,-7.42,-3.66,1.16,-3.38,22.0,4.14,12.0,0.1,0.4,0.5,1015.37,1019.0,1022.53,1018.9,22.0,3.28,12.0,0.1,0.4,0.5,1.3,4.5,7.7,4.5,22.0,2.5,12.0,0.1,0.4,0.5,-57.8,-4.9,21.4,-14.7,22.0,48.0,12.0,0.1,0.4,0.5,-55.9,-19.5,2.9,-26.0,22.0,35.6,12.0,0.1,0.4,0.5,-0.5,2.85,7.13,3.31,22.0,3.19,12.0,0.1,0.4,0.5,-1.9,23.2,57.5,26.8,21.0,27.2,12.0,0.1,0.4,0.6,3.9,5.26,7.57,5.53,17.0,2.01,12.0,0.1,0.4,0.5,17.2,35.0,68.5,40.3,16.0,25.3,12.0,0.1,0.4,0.5,-72.6,-9.9,40.1,-26.2,21.0,84.8,12.0,0.1,0.4,0.6,-119.7,-56.1,-4.5,-56.7,21.0,63.4,12.0,0.1,0.4,0.6,-30.4,0.0,35.6,-7.4,16.0,49.3,12.0,0.1,0.4,0.5,-66.0,-39.7,14.3,-31.3,16.0,38.1,12.0,0.1,0.4,0.5,-36.1,0.0,13.2,-7.1,16.0,29.4,12.0,0.1,0.4,0.5,-49.3,-25.4,2.4,-24.7,16.0,28.4,12.0,0.1,0.4,0.5,93.0,269.5,997.0,455.5,22.0,515.5,12.0,0.1,0.4,0.5,95.0,270.0,995.0,455.0,22.0,515.0,12.0,0.1,0.4,0.5
1974,2,129.0,27.0,17.93,20.6,22.0,20.35,43.0,1.95,16.0,0.4,0.5,0.5,13.12,17.6,20.6,17.12,47.0,3.28,16.0,0.5,0.5,0.5,6.43,9.86,12.28,9.29,25.0,2.88,16.0,0.5,0.5,0.5,68.2,80.1,87.8,75.8,25.0,13.6,16.0,0.5,0.5,4.22,7.7,14.37,8.52,47.0,4.44,16.0,0.5,0.5,0.5,-4.38,0.0,3.59,0.03,47.0,4.08,16.0,0.5,0.5,0.5,-12.14,-5.52,1.91,-5.34,47.0,6.93,16.0,0.5,0.5,0.5,1013.64,1018.0,1024.2,1018.59,46.0,4.86,16.0,0.5,0.5,0.5,3.0,6.0,8.0,5.6,45.0,2.6,16.0,0.5,0.5,0.5,-29.7,0.0,42.2,2.2,47.0,44.9,16.0,0.5,0.5,0.5,-174.6,-41.1,4.8,-69.8,47.0,101.2,16.0,0.5,0.5,0.5,0.8,2.8,6.73,3.32,43.0,3.39,16.0,0.4,0.5,0.5,3.3,18.0,74.8,37.4,43.0,46.3,16.0,0.4,0.5,0.5,2.28,5.33,7.29,5.07,22.0,2.52,16.0,0.5,0.5,0.5,15.3,41.2,70.1,46.0,22.0,34.4,16.0,0.5,0.5,0.5,-80.8,0.0,53.4,-2.9,47.0,67.0,16.0,0.5,0.5,0.5,-189.3,-95.9,38.9,-73.6,47.0,108.5,16.0,0.5,0.5,0.5,-54.6,0.0,25.6,-3.9,25.0,39.7,16.0,0.5,0.5,0.5,-65.5,-54.1,13.3,-37.4,25.0,58.7,16.0,0.5,0.5,0.5,-19.0,0.0,17.6,-1.7,22.0,22.4,16.0,0.5,0.5,0.5,-64.6,-26.0,5.9,-29.4,22.0,44.6,16.0,0.5,0.5,0.5,75.5,456.5,3006.5,1176.5,47.0,1686.5,16.0,0.5,0.5,0.5,75.0,455.0,3005.0,1175.0,47.0,1685.0,16.0,0.5,0.5,0.5
1974,2,129.0,28.0,19.6,20.0,20.25,20.05,12.0,0.8,12.0,0.7,0.5,0.5,11.87,13.2,15.52,13.68,12.0,2.33,12.0,0.7,0.5,0.5,5.43,6.91,7.36,6.41,3.0,1.47,8.0,1.0,0.4,0.6,59.7,78.3,81.5,70.8,3.0,17.2,8.0,1.0,0.6,6.15,7.7,10.43,8.22,12.0,2.73,12.0,0.7,0.5,0.5,-1.75,2.09,4.79,1.94,12.0,2.94,12.0,0.7,0.5,0.5,-10.14,-7.07,-3.57,-7.24,12.0,3.34,12.0,0.7,0.5,0.5,1017.5,1028.1,1030.0,1025.38,12.0,5.52,12.0,0.7,0.5,0.5,4.0,6.0,8.0,6.1,11.0,1.6,10.0,0.6,0.5,0.5,-11.8,12.7,40.5,16.5,12.0,23.3,12.0,0.7,0.5,0.5,-105.8,-54.9,-25.6,-67.3,12.0,51.3,12.0,0.7,0.5,0.5,4.43,6.95,8.73,6.38,12.0,2.52,12.0,0.7,0.5,0.5,26.3,61.8,74.7,51.5,12.0,23.4,12.0,0.7,0.5,0.5,7.4,8.44,10.51,8.94,3.0,2.32,8.0,1.0,0.4,0.6,46.1,56.6,66.5,56.3,3.0,14.9,8.0,1.0,0.4,0.6,-24.0,25.0,64.4,29.4,12.0,47.6,12.0,0.7,0.5,0.5,-135.9,-80.1,-65.1,-97.2,12.0,46.5,12.0,0.7,0.5,0.5,-13.4,-13.1,1.3,-6.2,3.0,12.3,8.0,1.0,0.4,0.6,-66.9,-45.6,-22.0,-44.5,3.0,32.9,8.0,1.0,0.4,0.6,-25.5,-12.4,2.8,-11.4,3.0,20.7,8.0,1.0,0.4,0.6,-65.5,-55.7,-35.8,-50.8,3.0,22.2,8.0,1.0,0.4,0.6,232.5,462.5,1135.0,730.5,12.0,725.0,12.0,0.7,0.5,0.5,235.0,460.0,1135.0,730.0,12.0,725.0,12.0,0.7,0.5,0.5
1974,2,129.0,29.0,19.8,20.8,22.3,20.87,17.0,2.16,16.0,0.6,0.4,0.5,10.42,16.0,19.29,15.66,18.0,4.92,16.0,0.6,0.5,0.5,4.38,7.39,11.08,7.73,11.0,3.07,14.0,0.7,0.4,0.6,54.8,70.6,82.1,69.6,11.0,15.5,14.0,0.7,0.6,6.41,8.45,13.53,9.26,18.0,3.77,16.0,0.6,0.5,0.5,-6.34,-0.13,6.11,-0.27,18.0,5.75,16.0,0.6,0.5,0.5,-11.62,-2.29,2.45,-3.69,18.0,7.57,16.0,0.6,0.5,0.5,1012.63,1014.7,1020.3,1016.0,18.0,5.56,16.0,0.6,0.5,0.5,3.0,7.0,8.0,5.7,16.0,2.6,14.0,0.6,0.4,0.5,-48.5,-0.2,42.6,1.1,18.0,60.8,16.0,0.6,0.5,0.5,-163.6,-15.4,17.7,-51.5,18.0,98.6,16.0,0.6,0.5,0.5,2.3,3.8,8.0,4.58,17.0,3.55,16.0,0.6,0.4,0.5,18.1,30.4,114.0,51.7,17.0,45.8,16.0,0.6,0.4,0.5,5.24,7.05,8.38,6.82,10.0,2.47,16.0,0.7,0.4,0.5,29.5,58.3,119.4,70.2,10.0,43.2,16.0,0.7,0.4,0.5,-104.8,-2.5,116.1,-5.5,18.0,94.5,16.0,0.6,0.5,0.5,-144.1,-41.5,45.1,-36.8,18.0,110.5,16.0,0.6,0.5,0.5,-44.5,-2.0,63.3,4.5,11.0,52.2,14.0,0.7,0.4,0.6,-66.4,-31.9,22.9,-20.6,11.0,59.0,14.0,0.7,0.4,0.6,-50.1,-10.6,33.5,-7.1,10.0,46.0,16.0,0.7,0.4,0.5,-101.6,-5.2,19.1,-31.4,10.0,63.8,16.0,0.7,0.4,0.5,263.5,605.0,2518.0,1181.0,18.0,1330.5,16.0,0.6,0.5,0.5,265.0,605.0,2520.0,1180.0,18.0,1330.0,16.0,0.6,0.5,0.5
1974,2,129.0,30.0,16.7,17.85,19.14,17.94,10.0,1.22,14.0,0.6,0.3,0.4,9.4,12.15,15.21,12.77,10.0,3.8,14.0,0.6,0.3,0.4,4.5,6.01,7.55,6.25,6.0,2.1,12.0,0.8,0.4,0.4,50.9,64.3,67.2,61.1,6.0,8.8,12.0,0.8,0.4,8.09,10.3,12.7,10.3,10.0,2.38,14.0,0.6,0.3,0.4,-7.62,0.0,8.57,-0.11,10.0,7.88,14.0,0.6,0.3,0.4,-10.0,-5.24,-2.77,-5.53,10.0,5.24,14.0,0.6,0.3,0.4,1012.6,1021.05,1025.87,1020.13,10.0,6.09,14.0,0.6,0.3,0.4,1.4,7.0,8.0,5.5,10.0,3.0,14.0,0.6,0.3,0.4,-61.9,0.0,107.9,7.2,10.0,94.0,14.0,0.6,0.3,0.4,-103.8,-65.5,-22.4,-63.3,10.0,51.6,14.0,0.6,0.3,0.4,3.0,6.7,8.4,5.17,10.0,4.08,14.0,0.6,0.3,0.4,28.9,68.0,95.6,57.4,10.0,39.4,14.0,0.6,0.3,0.4,4.24,7.92,8.65,6.66,6.0,2.81,12.0,0.8,0.4,0.4,40.3,79.3,111.0,73.7,6.0,40.3,12.0,0.8,0.4,0.4,-71.7,0.0,88.4,-5.7,10.0,88.5,14.0,0.6,0.3,0.4,-132.5,-65.3,-26.0,-64.3,10.0,86.3,14.0,0.6,0.3,0.4,-41.9,-11.7,10.4,-12.4,6.0,39.5,12.0,0.8,0.4,0.4,-65.2,-28.2,2.4,-23.4,6.0,47.4,12.0,0.8,0.4,0.4,-64.9,-18.8,22.3,-11.9,6.0,67.1,12.0,0.8,0.4,0.4,-59.4,-43.1,-15.3,-41.5,6.0,37.4,12.0,0.8,0.4,0.4,529.0,1100.5,2053.0,1246.5,10.0,750.5,14.0,0.6,0.3,0.4,530.0,1100.0,2055.0,1245.0,10.0,750.0,14.0,0.6,0.3,0.4
1974,2,129.0,31.0,15.85,17.2,19.41,17.43,11.0,1.87,16.0,0.5,0.6,0.4,5.65,13.3,16.51,11.79,11.0,5.3,16.0,0.5,0.6,0.4,4.45,5.33,9.34,6.46,10.0,2.45,16.0,0.5,0.6,0.5,62.0,73.7,89.7,75.0,10.0,14.5,16.0,0.5,0.5,2.6,8.0,10.7,6.97,10.0,4.11,16.0,0.6,0.7,0.4,-1.48,1.57,3.35,1.25,10.0,3.29,16.0,0.6,0.7,0.4,-9.33,-2.77,3.38,-2.9,10.0,7.0,16.0,0.6,0.7,0.4,1013.67,1017.3,1021.3,1017.06,11.0,5.08,16.0,0.5,0.6,0.4,0.9,6.5,8.0,5.3,10.0,3.3,16.0,0.6,0.6,0.4,-13.4,3.3,32.8,10.6,10.0,37.5,16.0,0.6,0.7,0.4,-98.4,-9.0,21.5,-27.2,10.0,72.9,16.0,0.6,0.7,0.4,2.04,3.9,11.1,5.64,11.0,4.94,16.0,0.5,0.6,0.4,2.5,27.8,108.8,44.4,10.0,49.9,16.0,0.6,0.7,0.4,3.33,6.52,7.86,5.81,10.0,2.19,16.0,0.5,0.6,0.5,9.2,24.8,75.5,43.0,9.0,37.7,16.0,0.6,0.7,0.5,-23.9,15.9,25.4,6.2,10.0,37.4,16.0,0.6,0.7,0.4,-76.6,-40.7,68.0,-15.4,10.0,92.6,16.0,0.6,0.7,0.4,-8.2,11.9,15.5,9.1,9.0,17.1,16.0,0.6,0.7,0.5,-48.9,-34.9,-3.6,-20.2,9.0,37.1,16.0,0.6,0.7,0.5,-3.8,5.0,22.7,13.1,9.0,24.6,16.0,0.6,0.7,0.5,-73.5,-12.9,-2.2,-32.4,9.0,39.0,16.0,0.6,0.7,0.5,17.5,590.0,1229.0,649.0,10.0,670.5,16.0,0.6,0.7,0.4,20.0,590.0,1230.0,650.0,10.0,670.0,16.0,0.6,0.7,0.4
1974,2,129.0,32.0,15.57,16.2,18.0,16.41,7.0,1.79,10.0,0.4,0.4,0.3,6.43,8.2,15.18,10.7,7.0,5.4,10.0,0.4,0.4,0.3,2.82,2.82,2.82,2.82,1.0,0.0,12.0,0.0,0.0,0.1,53.0,53.0,53.0,53.0,1.0,0.0,12.0,0.0,0.1,5.1,10.8,17.0,11.21,7.0,5.32,10.0,0.4,0.4,0.3,-0.09,2.8,16.74,6.33,7.0,8.06,10.0,0.4,0.4,0.3,-7.9,-2.95,5.36,-0.67,7.0,7.93,10.0,0.4,0.4,0.3,1003.8,1021.8,1025.17,1017.73,7.0,9.71,10.0,0.4,0.4,0.3,0.0,7.0,8.0,5.0,6.0,3.9,10.0,0.5,0.4,0.4,-1.0,23.0,284.6,103.5,7.0,136.1,10.0,0.4,0.4,0.3,-68.8,-50.2,30.3,-25.6,7.0,93.0,10.0,0.4,0.4,0.3,1.11,6.5,10.74,5.71,7.0,5.1,10.0,0.4,0.4,0.3,5.4,78.7,166.2,79.2,7.0,81.7,10.0,0.4,0.4,0.3,8.12,8.12,8.12,8.12,1.0,0.0,12.0,0.0,0.0,0.1,125.0,125.0,125.0,125.0,1.0,0.0,12.0,0.0,0.0,0.1,-1.7,23.0,108.8,36.4,7.0,55.7,10.0,0.4,0.4,0.3,-59.2,-19.2,82.4,27.1,7.0,95.0,10.0,0.4,0.4,0.3,27.9,27.9,27.9,27.9,1.0,0.0,12.0,0.0,0.0,0.1,-33.3,-33.3,-33.3,-33.3,1.0,0.0,12.0,0.0,0.0,0.1,80.4,80.4,80.4,80.4,1.0,0.0,12.0,0.0,0.0,0.1,-95.8,-95.8,-95.8,-95.8,1.0,0.0,12.0,0.0,0.0,0.1,132.5,1259.5,4913.0,2221.0,7.0,2199.0,10.0,0.4,0.4,0.3,130.0,1260.0,4915.0,2220.0,7.0,2200.0,10.0,0.4,0.4,0.3
1974,2,129.0,33.0,12.5,14.0,14.55,13.84,13.0,1.67,14.0,0.4,0.3,0.6,4.86,9.8,12.5,8.81,12.0,4.04,14.0,0.4,0.3,0.6,4.15,6.09,6.12,5.16,3.0,1.65,14.0,0.3,0.3,0.5,61.6,68.2,84.1,72.7,3.0,17.0,14.0,0.3,0.5,4.09,8.2,10.76,8.78,13.0,5.35,14.0,0.4,0.3,0.6,-4.9,-0.69,10.2,2.54,13.0,7.9,14.0,0.4,0.3,0.6,-7.83,-2.74,3.25,-2.81,13.0,5.85,14.0,0.4,0.3,0.6,1016.3,1020.25,1027.71,1021.68,12.0,5.51,14.0,0.4,0.3,0.6,1.4,4.5,6.6,4.1,10.0,2.5,12.0,0.5,0.2,0.6,-31.6,-2.8,115.9,51.7,13.0,114.5,14.0,0.4,0.3,0.6,-72.6,-21.9,16.6,-46.3,13.0,101.6,14.0,0.4,0.3,0.6,1.4,4.2,8.0,4.77,12.0,3.66,14.0,0.4,0.3,0.6,8.1,19.1,69.3,49.8,12.0,72.9,14.0,0.4,0.3,0.6,3.83,3.93,5.55,4.67,3.0,1.41,14.0,0.3,0.3,0.5,33.2,35.2,46.4,39.7,3.0,10.5,14.0,0.3,0.3,0.5,-49.2,-8.0,71.8,9.4,12.0,60.7,14.0,0.4,0.3,0.6,-42.7,-7.4,41.1,-6.1,12.0,35.5,14.0,0.4,0.3,0.6,-23.4,9.1,39.2,7.9,3.0,45.9,14.0,0.3,0.3,0.5,-30.0,-25.0,5.3,-12.7,3.0,28.0,14.0,0.3,0.3,0.5,-11.3,17.7,28.2,8.7,3.0,29.9,14.0,0.3,0.3,0.5,-39.7,-20.7,1.6,-19.1,3.0,30.3,14.0,0.3,0.3,0.5,68.5,551.5,1462.0,1536.0,13.0,2810.0,14.0,0.4,0.3,0.6,70.0,550.0,1460.0,1535.0,13.0,2810.0,14.0,0.4,0.3,0.6
1974,2,129.0,34.0,13.17,15.0,16.35,14.57,24.0,2.61,14.0,0.5,0.5,0.4,3.1,5.6,8.0,5.83,23.0,3.21,12.0,0.6,0.5,0.4,4.15,4.15,4.15,4.15,1.0,0.0,8.0,0.0,0.0,0.3,77.0,77.0,77.0,77.0,1.0,0.0,8.0,0.0,0.3,7.01,9.8,11.84,9.23,25.0,3.43,14.0,0.6,0.5,0.4,-6.97,3.08,6.9,1.38,25.0,5.93,14.0,0.6,0.5,0.4,-8.52,-7.71,0.0,-5.81,25.0,5.3,14.0,0.6,0.5,0.4,1016.36,1024.0,1028.55,1022.42,25.0,5.84,14.0,0.6,0.5,0.4,2.2,6.0,7.8,5.2,21.0,2.3,14.0,0.6,0.5,0.3,-75.5,25.9,65.7,13.5,25.0,66.6,14.0,0.6,0.5,0.4,-92.9,-67.2,0.0,-62.3,25.0,71.6,14.0,0.6,0.5,0.4,6.03,9.7,12.27,8.85,22.0,4.22,12.0,0.5,0.5,0.4,38.5,88.6,135.5,88.7,22.0,55.3,12.0,0.5,0.5,0.4,4.03,4.03,4.03,4.03,1.0,0.0,8.0,0.0,0.0,0.3,41.5,41.5,41.5,41.5,1.0,0.0,8.0,0.0,0.0,0.3,-39.6,7.5,29.2,-0.6,23.0,38.5,12.0,0.6,0.5,0.4,-56.6,-26.4,0.0,-26.1,23.0,29.0,12.0,0.6,0.5,0.4,32.7,32.7,32.7,32.7,1.0,0.0,8.0,0.0,0.0,0.3,-27.5,-27.5,-27.5,-27.5,1.0,0.0,8.0,0.0,0.0,0.3,31.8,31.8,31.8,31.8,1.0,0.0,8.0,0.0,0.0,0.3,-26.7,-26.7,-26.7,-26.7,1.0,0.0,8.0,0.0,0.0,0.3,347.5,941.0,1659.5,1087.5,25.0,1152.5,14.0,0.6,0.5,0.4,345.0,940.0,1660.0,1090.0,25.0,1155.0,14.0,0.6,0.5,0.4
1974,2,129.0,35.0,11.7,12.2,13.9,12.46,68.0,1.2,4.0,0.4,0.6,0.6,3.1,4.4,6.1,4.55,64.0,1.85,4.0,0.4,0.5,0.6,3.19,3.71,4.51,3.82,55.0,0.65,4.0,0.4,0.5,0.7,59.3,73.7,89.8,74.1,55.0,12.8,4.0,0.4,0.7,3.85,7.7,13.4,8.45,68.0,4.72,4.0,0.4,0.6,0.6,-7.34,-1.97,2.55,-2.28,68.0,4.89,4.0,0.4,0.6,0.6,-11.49,-6.14,-1.45,-6.41,68.0,4.89,4.0,0.4,0.6,0.6,1018.0,1025.6,1029.07,1023.15,68.0,6.61,4.0,0.4,0.6,0.6,4.3,8.0,8.0,6.7,66.0,2.0,4.0,0.4,0.6,0.6,-85.3,-5.8,16.1,-32.3,68.0,66.6,4.0,0.4,0.6,0.6,-148.9,-48.9,-6.0,-72.8,68.0,84.8,4.0,0.4,0.6,0.6,6.3,7.8,9.5,7.85,64.0,2.06,4.0,0.4,0.5,0.6,24.5,64.8,95.9,64.0,64.0,33.9,4.0,0.4,0.5,0.6,4.37,4.77,5.34,4.84,55.0,0.67,4.0,0.4,0.5,0.7,15.2,36.0,68.4,40.6,55.0,24.2,4.0,0.4,0.5,0.7,-37.4,-9.0,8.4,-12.4,64.0,21.5,4.0,0.4,0.5,0.6,-54.9,-26.3,-5.9,-27.8,64.0,30.6,4.0,0.4,0.5,0.6,-28.4,-7.1,8.4,-8.8,55.0,18.2,4.0,0.4,0.5,0.7,-44.6,-23.0,-5.7,-25.9,55.0,18.8,4.0,0.4,0.5,0.7,-35.8,-10.8,11.1,-11.4,55.0,22.9,4.0,0.4,0.5,0.7,-58.9,-30.4,-6.8,-32.7,55.0,22.6,4.0,0.4,0.5,0.7,57.5,456.5,2406.0,1218.5,68.0,1790.5,4.0,0.4,0.6,0.6,60.0,455.0,2405.0,1220.0,68.0,1790.0,4.0,0.4,0.6,0.6
1974,2,129.0,36.0,,,,,,,,,,,,,,,,,,,,,,,,,,,,,,,,,,,,,,,,4.05,7.0,12.09,8.17,7.0,4.16,12.0,0.3,0.9,0.3,-5.44,4.04,9.21,2.39,7.0,6.49,12.0,0.3,0.9,0.3,-7.97,-3.1,-0.55,-4.1,7.0,5.18,12.0,0.3,0.9,0.3,1016.6,1021.3,1026.96,1021.2,8.0,5.9,14.0,0.4,0.9,0.3,,,,,,,,,,,,,,,,,,,,,,,,,,,,,,,,,,,,,,,,,,,,,,,,,,,,,,,,,,,,,,,,,,,,,,,,,,,,,,,,,,,,,,,,,,,,,,,,,,,,,,,,,,,,,,,,,,,,,,,,,,,,,,,,,,,,,,,,,,,,,,,,,,,,,,
1974,2,129.0,37.0,6.27,10.0,11.6,8.81,9.0,3.08,12.0,0.4,0.7,0.5,-1.03,2.1,6.33,2.39,8.0,3.62,12.0,0.4,0.7,0.5,3.06,3.11,3.16,3.11,2.0,0.11,4.0,0.0,0.8,0.3,54.1,54.3,54.4,54.3,2.0,0.4,4.0,0.0,0.3,5.2,6.45,10.01,7.05,10.0,2.91,12.0,0.4,0.7,0.6,-2.2,2.6,5.34,1.63,10.0,4.25,12.0,0.4,0.7,0.6,-8.4,-3.45,3.31,-2.77,10.0,5.84,12.0,0.4,0.7,0.6,1013.5,1019.6,1029.6,1021.31,10.0,7.78,12.0,0.4,0.7,0.6,2.3,4.0,6.7,4.3,9.0,2.3,10.0,0.4,0.7,0.6,-13.2,13.4,44.6,13.0,10.0,35.5,12.0,0.4,0.7,0.6,-80.7,-19.1,18.3,-30.4,10.0,55.7,12.0,0.4,0.7,0.6,4.61,5.85,9.3,6.78,8.0,2.49,12.0,0.4,0.7,0.5,28.3,37.5,84.5,57.5,8.0,39.4,12.0,0.4,0.7,0.5,4.56,4.59,4.61,4.59,2.0,0.05,4.0,0.0,0.8,0.3,22.7,25.9,29.0,25.9,2.0,6.5,4.0,0.0,0.8,0.3,-16.5,-1.5,21.4,2.2,8.0,18.5,12.0,0.4,0.7,0.5,-16.4,-4.2,12.0,-5.3,8.0,21.5,12.0,0.4,0.7,0.5,12.8,14.2,15.7,14.2,2.0,3.0,4.0,0.0,0.8,0.3,-3.7,3.4,10.4,3.4,2.0,14.6,4.0,0.0,0.8,0.3,19.2,20.9,22.6,20.9,2.0,3.5,4.0,0.0,0.8,0.3,-5.8,4.5,14.8,4.5,2.0,21.4,4.0,0.0,0.8,0.3,148.0,269.5,1043.0,516.0,10.0,568.0,12.0,0.4,0.7,0.6,150.0,270.0,1045.0,515.0,10.0,570.0,12.0,0.4,0.7,0.6
1974,2,129.0,38.0,5.6,6.95,11.62,8.35,6.0,3.48,8.0,0.5,0.7,0.4,1.36,4.3,6.63,4.52,6.0,4.52,8.0,0.5,0.7,0.4,3.29,3.46,6.86,5.04,3.0,2.95,8.0,0.7,0.6,0.4,63.9,64.7,84.9,74.2,3.0,17.4,8.0,0.7,0.4,4.81,5.1,8.47,6.27,6.0,2.38,8.0,0.5,0.7,0.4,1.56,3.87,6.49,3.64,6.0,3.57,8.0,0.5,0.7,0.4,-4.57,-3.25,-1.13,-2.1,6.0,4.34,8.0,0.5,0.7,0.4,1018.38,1024.9,1028.04,1023.5,6.0,5.33,8.0,0.5,0.7,0.4,5.2,7.0,8.0,6.3,6.0,2.3,8.0,0.5,0.7,0.4,5.9,19.5,55.7,27.9,6.0,32.9,8.0,0.5,0.7,0.4,-26.4,-16.4,3.9,-6.9,6.0,38.1,8.0,0.5,0.7,0.4,1.3,2.25,7.33,3.83,6.0,3.32,8.0,0.5,0.7,0.4,6.6,13.9,47.8,23.7,6.0,21.3,8.0,0.5,0.7,0.4,1.73,2.33,2.87,2.3,3.0,0.84,8.0,0.7,0.6,0.4,12.2,12.8,14.2,13.2,3.0,1.5,8.0,0.7,0.6,0.4,-5.4,15.0,33.7,22.2,6.0,38.9,8.0,0.5,0.7,0.4,-14.5,-11.3,21.6,5.9,6.0,38.5,8.0,0.5,0.7,0.4,10.2,12.6,49.4,29.4,3.0,32.2,8.0,0.7,0.6,0.4,-10.8,-10.5,34.8,11.5,3.0,38.4,8.0,0.7,0.6,0.4,8.5,9.1,10.7,9.6,3.0,1.6,8.0,0.7,0.6,0.4,-9.1,-7.6,4.1,-2.6,3.0,10.6,8.0,0.7,0.6,0.4,113.5,132.5,632.0,344.0,6.0,400.5,8.0,0.5,0.7,0.4,115.0,135.0,630.0,345.0,6.0,400.0,8.0,0.5,0.7,0.4
1974,2,129.0,39.0,2.83,5.5,5.86,4.55,8.0,1.59,8.0,0.4,0.7,0.3,-2.81,1.4,3.37,0.79,10.0,2.9,8.0,0.3,0.6,0.4,2.99,2.99,2.99,2.99,1.0,0.0,4.0,1.0,0.8,0.0,67.5,67.5,67.5,67.5,1.0,0.0,4.0,1.0,0.0,3.43,5.1,16.49,8.23,10.0,6.75,8.0,0.3,0.6,0.4,-3.03,-0.09,9.04,1.71,10.0,6.75,8.0,0.3,0.6,0.4,-12.63,-4.77,0.44,-5.67,10.0,6.03,8.0,0.3,0.6,0.4,1013.39,1020.95,1027.1,1021.25,10.0,6.36,8.0,0.3,0.6,0.4,0.0,7.0,7.0,4.3,7.0,3.7,6.0,0.4,0.7,0.3,-17.9,-2.7,153.7,40.3,10.0,118.6,8.0,0.3,0.6,0.4,-220.9,-24.4,0.3,-82.0,10.0,123.1,8.0,0.3,0.6,0.4,-0.97,3.1,5.28,2.83,8.0,3.4,8.0,0.4,0.7,0.3,-2.3,15.7,32.3,23.2,8.0,34.4,8.0,0.4,0.7,0.3,2.52,2.52,2.52,2.52,1.0,0.0,4.0,1.0,0.8,0.0,12.9,12.9,12.9,12.9,1.0,0.0,4.0,1.0,0.8,0.0,-23.1,-2.1,9.2,-4.8,10.0,19.1,8.0,0.3,0.6,0.4,-11.4,3.1,35.9,9.3,10.0,21.9,8.0,0.3,0.6,0.4,-5.2,-5.2,-5.2,-5.2,1.0,0.0,4.0,1.0,0.8,0.0,-14.3,-14.3,-14.3,-14.3,1.0,0.0,4.0,1.0,0.8,0.0,-4.4,-4.4,-4.4,-4.4,1.0,0.0,4.0,1.0,0.8,0.0,-12.1,-12.1,-12.1,-12.1,1.0,0.0,4.0,1.0,0.8,0.0,43.0,132.5,5277.5,1849.0,10.0,3309.5,8.0,0.3,0.6,0.4,45.0,135.0,5275.0,1850.0,10.0,3310.0,8.0,0.3,0.6,0.4
1974,2,129.0,40.0,,,,,,,,,,,,,,,,,,,,,,,,,,,,,,,,,,,,,,,,5.08,7.4,9.72,7.4,2.0,4.81,20.0,0.0,0.6,0.4,3.5,3.58,3.66,3.58,2.0,0.16,20.0,0.0,0.6,0.4,-8.22,-4.07,0.07,-4.07,2.0,8.59,20.0,0.0,0.6,0.4,1015.26,1018.2,1025.37,1020.27,3.0,7.61,20.0,0.0,0.5,0.3,,,,,,,,,,,,,,,,,,,,,,,,,,,,,,,,,,,,,,,,,,,,,,,,,,,,,,,,,,,,,,,,,,,,,,,,,,,,,,,,,,,,,,,,,,,,,,,,,,,,,,,,,,,,,,,,,,,,,,,,,,,,,,,,,,,,,,,,,,,,,,,,,,,,,,
1974,2,130.0,-65.0,0.6,0.6,0.6,0.6,1.0,0.0,2.0,0.0,0.0,0.3,0.6,0.6,0.6,0.6,1.0,0.0,2.0,0.0,0.0,0.3,4.08,4.08,4.08,4.08,1.0,0.0,2.0,0.0,0.0,0.3,100.0,100.0,100.0,100.0,1.0,0.0,2.0,0.0,0.3,8.7,8.7,8.7,8.7,1.0,0.0,2.0,0.0,0.0,0.3,-8.57,-8.57,-8.57,-8.57,1.0,0.0,2.0,0.0,0.0,0.3,1.51,1.51,1.51,1.51,1.0,0.0,2.0,0.0,0.0,0.3,979.6,979.6,979.6,979.6,1.0,0.0,2.0,0.0,0.0,0.3,,,,,,,,,,,,,,,,,,,,,,,,,,,,,,,0.0,0.0,0.0,0.0,1.0,0.0,2.0,0.0,0.0,0.3,0.0,0.0,0.0,0.0,1.0,0.0,2.0,0.0,0.0,0.3,0.0,0.0,0.0,0.0,1.0,0.0,2.0,0.0,0.0,0.3,0.0,0.0,0.0,0.0,1.0,0.0,2.0,0.0,0.0,0.3,-5.1,-5.1,-5.1,-5.1,1.0,0.0,2.0,0.0,0.0,0.3,0.9,0.9,0.9,0.9,1.0,0.0,2.0,0.0,0.0,0.3,-35.0,-35.0,-35.0,-35.0,1.0,0.0,2.0,0.0,0.0,0.3,6.2,6.2,6.2,6.2,1.0,0.0,2.0,0.0,0.0,0.3,0.0,0.0,0.0,0.0,1.0,0.0,2.0,0.0,0.0,0.3,0.0,0.0,0.0,0.0,1.0,0.0,2.0,0.0,0.0,0.3,658.5,658.5,658.5,658.5,1.0,0.0,2.0,0.0,0.0,0.3,660.0,660.0,660.0,660.0,1.0,0.0,2.0,0.0,0.0,0.3
1974,2,130.0,-42.0,15.7,15.7,15.7,15.7,1.0,0.0,8.0,0.0,0.0,0.9,15.2,15.2,15.2,15.2,1.0,0.0,8.0,0.0,0.0,0.9,8.62,8.62,8.62,8.62,1.0,0.0,8.0,0.0,0.0,0.9,81.2,81.2,81.2,81.2,1.0,0.0,8.0,0.0,0.9,6.7,6.7,6.7,6.7,1.0,0.0,8.0,0.0,0.0,0.9,-2.29,-2.29,-2.29,-2.29,1.0,0.0,8.0,0.0,0.0,0.9,-6.3,-6.3,-6.3,-6.3,1.0,0.0,8.0,0.0,0.0,0.9,1020.8,1020.8,1020.8,1020.8,1.0,0.0,8.0,0.0,0.0,0.9,4.0,4.0,4.0,4.0,1.0,0.0,8.0,0.0,0.0,0.9,-15.4,-15.4,-15.4,-15.4,1.0,0.0,8.0,0.0,0.0,0.9,-42.2,-42.2,-42.2,-42.2,1.0,0.0,8.0,0.0,0.0,0.9,0.5,0.5,0.5,0.5,1.0,0.0,8.0,0.0,0.0,0.9,3.4,3.4,3.4,3.4,1.0,0.0,8.0,0.0,0.0,0.9,2.36,2.36,2.36,2.36,1.0,0.0,8.0,0.0,0.0,0.9,15.8,15.8,15.8,15.8,1.0,0.0,8.0,0.0,0.0,0.9,-34.8,-34.8,-34.8,-34.8,1.0,0.0,8.0,0.0,0.0,0.9,-95.7,-95.7,-95.7,-95.7,1.0,0.0,8.0,0.0,0.0,0.9,-19.8,-19.8,-19.8,-19.8,1.0,0.0,8.0,0.0,0.0,0.9,-54.3,-54.3,-54.3,-54.3,1.0,0.0,8.0,0.0,0.0,0.9,-5.4,-5.4,-5.4,-5.4,1.0,0.0,8.0,0.0,0.0,0.9,-14.9,-14.9,-14.9,-14.9,1.0,0.0,8.0,0.0,0.0,0.9,301.0,301.0,301.0,301.0,1.0,0.0,8.0,0.0,0.0,0.9,300.0,300.0,300.0,300.0,1.0,0.0,8.0,0.0,0.0,0.9
1974,2,130.0,-41.0,14.8,14.8,14.8,14.8,1.0,0.0,6.0,1.0,0.3,0.9,13.4,13.4,13.4,13.4,1.0,0.0,6.0,1.0,0.3,0.9,6.59,6.59,6.59,6.59,1.0,0.0,6.0,1.0,0.3,0.9,69.8,69.8,69.8,69.8,1.0,0.0,6.0,1.0,0.9,,,,,,,,,,,,,,,,,,,,,,,,,,,,,,,,,,,,,,,,,,,,,,,,,,,,,,,,,,,,,,,,,,,,,,,,,,,,,,,,,,,,,,,,,,,,,,,,,,,,,,,,,,,,,,,,,,,,,,,,,,,,,,,,,,,,,,,,,,,,,,,,,,,,,,,,,,,,,,,,,,,,,,,,,,,,,,,,,,,,,,,,,,,,,,
1974,2,130.0,-40.0,17.53,17.6,17.67,17.6,2.0,0.14,12.0,0.5,0.3,0.8,14.69,15.75,16.81,15.75,2.0,2.19,12.0,0.5,0.3,0.8,7.82,8.42,9.03,8.42,2.0,1.26,12.0,0.5,0.3,0.8,75.8,75.8,75.8,75.8,2.0,0.0,12.0,0.5,0.8,5.5,8.5,11.5,8.5,2.0,6.22,12.0,0.5,0.3,0.8,-2.7,0.19,3.07,0.19,2.0,5.97,12.0,0.5,0.3,0.8,2.52,6.42,10.31,6.42,2.0,8.07,12.0,0.5,0.3,0.8,1011.66,1016.1,1020.54,1016.1,2.0,9.19,12.0,0.5,0.3,0.8,6.3,7.0,7.7,7.0,2.0,1.4,12.0,0.5,0.3,0.8,-4.9,20.2,45.3,20.2,2.0,52.0,12.0,0.5,0.3,0.8,27.3,79.6,132.0,79.6,2.0,108.5,12.0,0.5,0.3,0.8,0.86,1.85,2.84,1.85,2.0,2.05,12.0,0.5,0.3,0.8,8.1,22.1,36.1,22.1,2.0,28.9,12.0,0.5,0.3,0.8,3.54,4.04,4.54,4.04,2.0,1.03,12.0,0.5,0.3,0.8,21.2,37.6,53.9,37.6,2.0,33.9,12.0,0.5,0.3,0.8,-48.8,-3.6,41.6,-3.6,2.0,93.7,12.0,0.5,0.3,0.8,37.7,92.2,146.8,92.2,2.0,113.0,12.0,0.5,0.3,0.8,-26.4,-2.2,22.0,-2.2,2.0,50.1,12.0,0.5,0.3,0.8,20.1,49.0,77.9,49.0,2.0,59.9,12.0,0.5,0.3,0.8,-7.9,3.8,15.6,3.8,2.0,24.3,12.0,0.5,0.3,0.8,11.2,30.1,49.0,30.1,2.0,39.2,12.0,0.5,0.3,0.8,398.5,1108.0,1817.0,1108.0,2.0,1469.0,12.0,0.5,0.3,0.8,400.0,1110.0,1815.0,1110.0,2.0,1470.0,12.0,0.5,0.3,0.8
1974,2,130.0,-39.0,17.48,18.5,19.52,18.5,2.0,2.12,12.0,1.0,0.4,1.0,15.32,16.0,17.71,16.5,3.0,1.8,16.0,1.0,0.3,0.9,7.58,9.07,10.56,9.07,2.0,3.09,24.0,1.0,0.0,0.9,68.4,75.5,82.6,75.5,2.0,14.7,24.0,1.0,0.9,9.34,11.8,12.14,10.77,3.0,2.24,16.0,1.0,0.3,0.9,-6.85,-5.27,1.2,-2.88,3.0,6.25,16.0,1.0,0.3,0.9,7.16,9.04,10.76,8.96,3.0,2.64,16.0,1.0,0.3,0.9,1013.07,1018.6,1020.92,1017.03,3.0,5.91,16.0,1.0,0.3,0.9,3.0,3.0,5.0,4.0,3.0,1.7,16.0,1.0,0.3,0.9,-74.8,-43.2,21.6,-27.0,3.0,72.0,16.0,1.0,0.3,0.9,69.0,106.7,130.9,100.1,3.0,45.7,16.0,1.0,0.3,0.9,2.32,3.0,3.68,3.0,2.0,1.41,12.0,1.0,0.4,1.0,25.9,28.7,31.5,28.7,2.0,5.8,12.0,1.0,0.4,1.0,5.17,5.17,5.17,5.17,1.0,0.0,22.0,1.0,0.0,0.9,63.6,63.6,63.6,63.6,1.0,0.0,22.0,1.0,0.0,0.9,-122.6,-84.3,16.3,-53.9,3.0,105.1,16.0,1.0,0.3,0.9,121.7,167.2,171.4,147.0,3.0,40.4,16.0,1.0,0.3,0.9,-67.2,-28.2,10.8,-28.2,2.0,80.9,24.0,1.0,0.0,0.9,83.1,90.7,98.2,90.7,2.0,15.7,24.0,1.0,0.0,0.9,21.8,21.8,21.8,21.8,1.0,0.0,22.0,1.0,0.0,0.9,59.8,59.8,59.8,59.8,1.0,0.0,22.0,1.0,0.0,0.9,898.0,1643.0,1791.5,1352.0,3.0,701.5,16.0,1.0,0.3,0.9,900.0,1645.0,1790.0,1350.0,3.0,700.0,16.0,1.0,0.3,0.9
1974,2,130.0,-38.0,17.13,17.3,18.9,17.87,9.0,1.23,18.0,0.3,0.4,0.8,16.27,17.5,19.0,17.55,15.0,1.33,18.0,0.5,0.4,0.8,8.55,9.78,11.48,9.79,14.0,1.6,16.0,0.4,0.5,0.8,71.9,80.7,86.5,79.0,14.0,9.9,16.0,0.4,0.8,2.93,6.2,12.19,7.33,15.0,4.27,18.0,0.5,0.4,0.8,-4.01,-0.45,7.92,0.49,15.0,6.58,18.0,0.5,0.4,0.8,-4.73,2.56,5.98,1.81,15.0,5.36,18.0,0.5,0.4,0.8,1011.07,1017.2,1022.58,1016.41,15.0,5.66,18.0,0.5,0.4,0.8,1.0,4.0,7.8,4.6,15.0,2.8,18.0,0.5,0.4,0.8,-19.8,-0.8,88.8,16.4,15.0,78.0,18.0,0.5,0.4,0.8,-29.6,6.8,66.3,13.6,15.0,62.1,18.0,0.5,0.4,0.8,-0.92,0.5,2.7,0.58,9.0,2.15,18.0,0.3,0.4,0.8,-8.5,2.9,8.9,2.7,9.0,15.6,18.0,0.3,0.4,0.8,1.19,2.55,5.33,3.16,9.0,2.06,18.0,0.3,0.4,0.8,7.5,14.3,28.9,18.3,9.0,14.7,18.0,0.3,0.4,0.8,-71.4,-7.3,133.1,4.9,15.0,115.9,18.0,0.5,0.4,0.8,-90.9,41.5,101.6,28.5,15.0,91.2,18.0,0.5,0.4,0.8,-44.7,-4.0,78.9,0.3,14.0,70.5,16.0,0.4,0.5,0.8,-55.7,19.4,64.1,13.7,14.0,54.7,16.0,0.4,0.5,0.8,-9.6,-2.5,8.5,0.6,9.0,12.3,18.0,0.3,0.4,0.8,-2.4,6.9,19.8,11.3,9.0,17.3,18.0,0.3,0.4,0.8,29.0,238.5,1812.5,796.0,15.0,1052.5,18.0,0.5,0.4,0.8,30.0,240.0,1815.0,795.0,15.0,1050.0,18.0,0.5,0.4,0.8
1974,2,130.0,-37.0,18.2,18.2,18.2,18.2,1.0,0.0,14.0,0.0,0.1,0.1,15.5,15.5,15.5,15.5,1.0,0.0,14.0,0.0,0.1,0.1,9.23,9.23,9.23,9.23,1.0,0.0,14.0,0.0,0.1,0.1,85.1,85.1,85.1,85.1,1.0,0.0,14.0,0.0,0.1,6.7,6.7,6.7,6.7,1.0,0.0,14.0,0.0,0.1,0.1,-6.7,-6.7,-6.7,-6.7,1.0,0.0,14.0,0.0,0.1,0.1,0.0,0.0,0.0,0.0,1.0,0.0,14.0,0.0,0.1,0.1,1019.0,1019.0,1019.0,1019.0,1.0,0.0,14.0,0.0,0.1,0.1,6.0,6.0,6.0,6.0,1.0,0.0,14.0,0.0,0.1,0.1,-44.9,-44.9,-44.9,-44.9,1.0,0.0,14.0,0.0,0.1,0.1,0.0,0.0,0.0,0.0,1.0,0.0,14.0,0.0,0.1,0.1,2.7,2.7,2.7,2.7,1.0,0.0,14.0,0.0,0.1,0.1,18.1,18.1,18.1,18.1,1.0,0.0,14.0,0.0,0.1,0.1,3.68,3.68,3.68,3.68,1.0,0.0,14.0,0.0,0.1,0.1,24.7,24.7,24.7,24.7,1.0,0.0,14.0,0.0,0.1,0.1,-103.8,-103.8,-103.8,-103.8,1.0,0.0,14.0,0.0,0.1,0.1,0.0,0.0,0.0,0.0,1.0,0.0,14.0,0.0,0.1,0.1,-61.8,-61.8,-61.8,-61.8,1.0,0.0,14.0,0.0,0.1,0.1,0.0,0.0,0.0,0.0,1.0,0.0,14.0,0.0,0.1,0.1,-24.7,-24.7,-24.7,-24.7,1.0,0.0,14.0,0.0,0.1,0.1,0.0,0.0,0.0,0.0,1.0,0.0,14.0,0.0,0.1,0.1,301.0,301.0,301.0,301.0,1.0,0.0,14.0,0.0,0.1,0.1,300.0,300.0,300.0,300.0,1.0,0.0,14.0,0.0,0.1,0.1
1974,2,130.0,-36.0,18.04,19.0,19.14,18.6,3.0,0.87,16.0,0.3,0.8,0.7,16.72,17.4,19.17,17.93,3.0,1.86,16.0,0.3,0.8,0.7,8.32,9.85,11.94,10.12,3.0,2.66,16.0,0.3,0.8,0.7,70.8,80.4,86.2,78.5,3.0,11.4,16.0,0.3,0.7,5.11,6.2,9.0,7.03,3.0,2.94,16.0,0.3,0.8,0.7,-4.73,-1.57,3.02,-0.87,3.0,5.71,16.0,0.3,0.8,0.7,1.37,4.32,7.46,4.41,3.0,4.46,16.0,0.3,0.8,0.7,1014.36,1019.0,1019.34,1016.9,3.0,4.08,16.0,0.3,0.8,0.7,4.6,8.0,8.0,6.3,3.0,2.9,16.0,0.3,0.8,0.7,-28.5,-7.2,33.9,2.5,3.0,46.5,16.0,0.3,0.8,0.7,6.3,19.9,69.0,37.3,3.0,48.3,16.0,0.3,0.8,0.7,-0.17,1.2,1.47,0.67,3.0,1.29,16.0,0.3,0.8,0.7,-1.0,7.4,10.8,4.9,3.0,8.9,16.0,0.3,0.8,0.7,1.82,3.72,4.47,3.16,3.0,2.0,16.0,0.3,0.8,0.7,9.4,17.1,39.3,24.2,3.0,22.8,16.0,0.3,0.8,0.7,-93.3,-27.4,49.0,-22.3,3.0,104.3,16.0,0.3,0.8,0.7,23.9,75.2,123.7,73.8,3.0,73.2,16.0,0.3,0.8,0.7,-59.6,-15.5,21.8,-18.8,3.0,59.7,16.0,0.3,0.8,0.7,13.5,42.6,59.9,36.8,3.0,34.3,16.0,0.3,0.8,0.7,-5.8,-5.8,15.1,4.4,3.0,17.7,16.0,0.3,0.8,0.7,5.1,16.1,34.4,19.7,3.0,21.7,16.0,0.3,0.8,0.7,142.0,238.5,821.5,476.0,3.0,538.5,16.0,0.3,0.8,0.7,140.0,240.0,820.0,475.0,3.0,540.0,16.0,0.3,0.8,0.7
1974,2,130.0,-11.0,,,,,,,,,,,,,,,,,,,,,,,,,,,,,,,,,,,,,,,,8.2,8.2,8.2,8.2,2.0,0.0,20.0,0.5,0.6,0.3,7.78,7.95,8.12,7.95,2.0,0.35,20.0,0.5,0.6,0.3,-2.36,-1.4,-0.45,-1.4,2.0,1.98,20.0,0.5,0.6,0.3,1002.99,1003.4,1003.81,1003.4,2.0,0.85,20.0,0.5,0.6,0.3,,,,,,,,,,,,,,,,,,,,,,,,,,,,,,,,,,,,,,,,,,,,,,,,,,,,,,,,,,,,,,,,,,,,,,,,,,,,,,,,,,,,,,,,,,,,,,,,,,,,,,,,,,,,,,,,,,,,,,,,,,,,,,,,,,,,,,,,,,,,,,,,,,,,,,
1974,2,130.0,-10.0,27.96,28.75,29.4,28.68,6.0,0.69,14.0,0.5,0.5,1.0,27.96,28.0,28.04,28.0,6.0,0.13,14.0,0.5,0.5,1.0,18.99,19.95,20.32,19.74,5.0,0.85,14.0,0.4,0.6,0.9,79.5,83.8,85.9,82.9,5.0,3.9,14.0,0.4,0.9,3.58,5.1,8.3,5.77,7.0,2.63,14.0,0.6,0.5,0.9,2.3,5.02,5.94,4.46,7.0,1.76,14.0,0.6,0.5,0.9,-6.36,-2.37,0.05,-2.74,7.0,3.28,14.0,0.6,0.5,0.9,1003.78,1004.4,1006.87,1005.17,7.0,1.8,14.0,0.6,0.5,0.9,5.9,6.0,8.0,6.4,7.0,1.4,14.0,0.6,0.5,0.9,8.2,25.6,44.4,29.1,7.0,21.9,14.0,0.6,0.5,0.9,-52.9,-7.4,0.3,-21.2,7.0,32.5,14.0,0.6,0.5,0.9,0.0,0.75,1.24,0.68,6.0,0.61,14.0,0.5,0.5,1.0,0.0,3.6,11.7,5.2,6.0,5.6,14.0,0.5,0.5,1.0,4.27,4.99,6.55,5.32,5.0,1.37,14.0,0.4,0.6,0.9,20.8,31.7,52.8,37.4,5.0,21.9,14.0,0.4,0.6,0.9,102.6,144.1,168.9,135.0,6.0,45.6,14.0,0.5,0.5,1.0,-185.5,-45.6,6.0,-76.8,6.0,100.9,14.0,0.5,0.5,1.0,90.9,110.4,120.1,106.0,5.0,17.1,14.0,0.4,0.6,0.9,-137.4,-17.0,7.6,-55.1,5.0,78.5,14.0,0.4,0.6,0.9,20.6,26.3,37.0,29.1,5.0,11.2,14.0,0.4,0.6,0.9,-40.5,-5.5,1.4,-17.9,5.0,25.5,14.0,0.4,0.6,0.9,46.0,132.5,577.0,305.5,7.0,391.0,14.0,0.6,0.5,0.9,45.0,135.0,575.0,305.0,7.0,390.0,14.0,0.6,0.5,0.9
1974,2,130.0,-9.0,27.49,28.0,28.51,28.0,4.0,0.67,14.0,0.3,0.6,0.3,27.53,28.05,29.14,28.33,4.0,1.19,14.0,0.3,0.6,0.3,18.94,19.26,19.8,19.37,4.0,0.59,14.0,0.3,0.6,0.3,76.7,80.1,83.3,80.0,4.0,4.0,14.0,0.3,0.3,4.79,5.85,7.49,6.13,4.0,1.66,14.0,0.3,0.6,0.3,4.72,5.36,6.8,5.74,4.0,1.41,14.0,0.3,0.6,0.3,-3.09,-1.84,-0.83,-1.96,4.0,1.31,14.0,0.3,0.6,0.3,1004.1,1004.65,1006.82,1005.43,4.0,1.99,14.0,0.3,0.6,0.3,5.5,6.0,6.0,5.8,4.0,0.5,14.0,0.3,0.6,0.3,22.6,31.7,51.6,36.9,4.0,19.2,14.0,0.3,0.6,0.3,-22.7,-13.4,-4.0,-13.4,4.0,10.8,14.0,0.3,0.6,0.3,-1.47,0.3,0.76,-0.32,4.0,1.69,14.0,0.3,0.6,0.3,-12.0,1.4,4.5,-3.5,4.0,13.2,14.0,0.3,0.6,0.3,3.47,4.93,5.46,4.49,4.0,1.36,14.0,0.3,0.6,0.3,20.8,24.0,32.2,26.4,4.0,7.7,14.0,0.3,0.6,0.3,130.7,150.4,198.2,163.8,4.0,47.6,14.0,0.3,0.6,0.3,-89.0,-54.3,-23.0,-56.0,4.0,38.1,14.0,0.3,0.6,0.3,89.4,102.5,135.0,111.8,4.0,31.2,14.0,0.3,0.6,0.3,-61.0,-36.4,-15.8,-38.3,4.0,26.2,14.0,0.3,0.6,0.3,20.0,23.4,29.4,24.7,4.0,5.8,14.0,0.3,0.6,0.3,-13.1,-5.9,-4.1,-8.5,4.0,6.9,14.0,0.3,0.6,0.3,110.5,213.0,432.0,268.5,4.0,209.0,14.0,0.3,0.6,0.3,110.0,215.0,430.0,270.0,4.0,210.0,14.0,0.3,0.6,0.3
1974,2,130.0,-7.0,28.2,28.2,28.2,28.2,1.0,0.0,6.0,1.0,0.3,0.8,27.5,27.5,27.5,27.5,1.0,0.0,6.0,1.0,0.3,0.8,17.65,17.65,17.65,17.65,1.0,0.0,6.0,1.0,0.3,0.8,76.5,76.5,76.5,76.5,1.0,0.0,6.0,1.0,0.8,3.6,3.6,3.6,3.6,1.0,0.0,6.0,1.0,0.3,0.8,2.31,2.31,2.31,2.31,1.0,0.0,6.0,1.0,0.3,0.8,-2.76,-2.76,-2.76,-2.76,1.0,0.0,6.0,1.0,0.3,0.8,1005.0,1005.0,1005.0,1005.0,1.0,0.0,6.0,1.0,0.3,0.8,8.0,8.0,8.0,8.0,1.0,0.0,6.0,1.0,0.3,0.8,8.3,8.3,8.3,8.3,1.0,0.0,6.0,1.0,0.3,0.8,-9.9,-9.9,-9.9,-9.9,1.0,0.0,6.0,1.0,0.3,0.8,0.7,0.7,0.7,0.7,1.0,0.0,6.0,1.0,0.3,0.8,2.5,2.5,2.5,2.5,1.0,0.0,6.0,1.0,0.3,0.8,6.49,6.49,6.49,6.49,1.0,0.0,6.0,1.0,0.3,0.8,23.4,23.4,23.4,23.4,1.0,0.0,6.0,1.0,0.3,0.8,63.6,63.6,63.6,63.6,1.0,0.0,6.0,1.0,0.3,0.8,-75.8,-75.8,-75.8,-75.8,1.0,0.0,6.0,1.0,0.3,0.8,40.8,40.8,40.8,40.8,1.0,0.0,6.0,1.0,0.3,0.8,-48.7,-48.7,-48.7,-48.7,1.0,0.0,6.0,1.0,0.3,0.8,15.0,15.0,15.0,15.0,1.0,0.0,6.0,1.0,0.3,0.8,-17.9,-17.9,-17.9,-17.9,1.0,0.0,6.0,1.0,0.3,0.8,46.5,46.5,46.5,46.5,1.0,0.0,6.0,1.0,0.3,0.8,45.0,45.0,45.0,45.0,1.0,0.0,6.0,1.0,0.3,0.8
1974,2,130.0,-6.0,28.32,29.0,29.68,29.0,2.0,1.41,14.0,0.5,0.2,0.7,27.5,27.7,27.9,27.7,2.0,0.42,14.0,0.5,0.2,0.7,17.85,17.85,17.85,17.85,1.0,0.0,8.0,1.0,0.1,0.7,77.9,77.9,77.9,77.9,1.0,0.0,8.0,1.0,0.7,5.51,6.6,7.69,6.6,2.0,2.26,14.0,0.5,0.2,0.7,5.27,6.01,6.76,6.01,2.0,1.54,14.0,0.5,0.2,0.7,-3.31,-1.62,0.08,-1.62,2.0,3.51,14.0,0.5,0.2,0.7,1006.2,1007.05,1007.9,1007.05,2.0,1.77,14.0,0.5,0.2,0.7,3.0,5.0,7.0,5.0,2.0,4.2,14.0,0.5,0.2,0.7,30.0,41.4,52.9,41.4,2.0,23.8,14.0,0.5,0.2,0.7,-27.6,-14.6,-1.7,-14.6,2.0,26.8,14.0,0.5,0.2,0.7,0.82,1.3,1.78,1.3,2.0,0.99,14.0,0.5,0.2,0.7,5.7,7.5,9.2,7.5,2.0,3.6,14.0,0.5,0.2,0.7,5.98,5.98,5.98,5.98,1.0,0.0,8.0,1.0,0.1,0.7,49.0,49.0,49.0,49.0,1.0,0.0,8.0,1.0,0.1,0.7,146.9,166.2,185.6,166.2,2.0,40.1,14.0,0.5,0.2,0.7,-90.7,-44.0,2.6,-44.0,2.0,96.6,14.0,0.5,0.2,0.7,126.8,126.8,126.8,126.8,1.0,0.0,8.0,1.0,0.1,0.7,-73.2,-73.2,-73.2,-73.2,1.0,0.0,8.0,1.0,0.1,0.7,42.5,42.5,42.5,42.5,1.0,0.0,8.0,1.0,0.1,0.7,-24.5,-24.5,-24.5,-24.5,1.0,0.0,8.0,1.0,0.1,0.7,192.5,338.0,483.5,338.0,2.0,301.5,14.0,0.5,0.2,0.7,195.0,340.0,485.0,340.0,2.0,300.0,14.0,0.5,0.2,0.7
1974,2,130.0,-5.0,,,,,,,,,,,,,,,,,,,,,,,,,,,,,,,,,,,,,,,,10.3,10.3,10.3,10.3,1.0,0.0,14.0,1.0,0.0,0.6,10.14,10.14,10.14,10.14,1.0,0.0,14.0,1.0,0.0,0.6,1.79,1.79,1.79,1.79,1.0,0.0,14.0,1.0,0.0,0.6,1007.2,1007.2,1007.2,1007.2,1.0,0.0,14.0,1.0,0.0,0.6,,,,,,,,,,,,,,,,,,,,,,,,,,,,,,,,,,,,,,,,,,,,,,,,,,,,,,,,,,,,,,,,,,,,,,,,,,,,,,,,,,,,,,,,,,,,,,,,,,,,,,,,,,,,,,,,,,,,,,,,,,,,,,,,,,,,,,,,,,,,,,,,,,,,,,
1974,2,130.0,-3.0,27.51,28.0,28.14,27.82,5.0,0.48,14.0,0.8,0.4,0.5,27.32,28.0,28.61,27.96,5.0,0.73,14.0,0.8,0.4,0.5,17.88,18.38,20.01,18.9,5.0,1.42,14.0,0.8,0.4,0.5,76.8,78.3,82.2,79.7,5.0,5.3,14.0,0.8,0.5,3.6,5.1,6.05,5.02,5.0,1.68,14.0,0.8,0.4,0.5,2.82,4.42,5.67,4.32,5.0,1.7,14.0,0.8,0.4,0.5,-3.16,-2.55,-1.14,-2.19,5.0,1.43,14.0,0.8,0.4,0.5,1004.38,1006.6,1006.98,1005.86,5.0,1.46,14.0,0.8,0.4,0.5,5.6,7.0,7.4,6.6,5.0,1.1,14.0,0.8,0.4,0.5,10.2,22.5,35.3,23.9,5.0,17.0,14.0,0.8,0.4,0.5,-19.1,-9.9,-4.1,-11.8,5.0,11.1,14.0,0.8,0.4,0.5,-1.0,-0.5,0.85,-0.14,5.0,0.98,14.0,0.8,0.4,0.5,-6.0,-1.8,3.6,-1.3,5.0,5.4,14.0,0.8,0.4,0.5,3.17,5.42,6.19,4.69,5.0,2.07,14.0,0.8,0.4,0.5,14.8,21.8,32.7,22.7,5.0,10.8,14.0,0.8,0.4,0.5,79.6,119.3,160.8,121.3,5.0,49.6,14.0,0.8,0.4,0.5,-88.6,-68.8,-32.6,-61.4,5.0,40.6,14.0,0.8,0.4,0.5,51.7,77.3,115.6,82.7,5.0,35.8,14.0,0.8,0.4,0.5,-58.9,-44.7,-21.0,-40.4,5.0,27.2,14.0,0.8,0.4,0.5,11.3,16.9,28.3,18.8,5.0,9.4,14.0,0.8,0.4,0.5,-16.5,-16.3,-6.2,-11.8,5.0,7.2,14.0,0.8,0.4,0.5,46.5,132.5,251.0,163.0,5.0,169.5,14.0,0.8,0.4,0.5,45.0,135.0,250.0,165.0,5.0,170.0,14.0,0.8,0.4,0.5
1974,2,130.0,-2.0,,,,,,,,,,,,,,,,,,,,,,,,,,,,,,,,,,,,,,,,5.1,5.1,5.1,5.1,1.0,0.0,8.0,1.0,0.7,0.1,4.42,4.42,4.42,4.42,1.0,0.0,8.0,1.0,0.7,0.1,-2.55,-2.55,-2.55,-2.55,1.0,0.0,8.0,1.0,0.7,0.1,1006.8,1006.8,1006.8,1006.8,1.0,0.0,8.0,1.0,0.7,0.1,,,,,,,,,,,,,,,,,,,,,,,,,,,,,,,,,,,,,,,,,,,,,,,,,,,,,,,,,,,,,,,,,,,,,,,,,,,,,,,,,,,,,,,,,,,,,,,,,,,,,,,,,,,,,,,,,,,,,,,,,,,,,,,,,,,,,,,,,,,,,,,,,,,,,,
1974,2,130.0,1.0,28.93,29.0,29.0,28.97,3.0,0.06,8.0,0.3,0.5,0.2,26.32,27.0,27.14,26.73,3.0,0.64,8.0,0.3,0.5,0.2,17.81,17.94,18.13,17.97,3.0,0.23,8.0,0.3,0.5,0.2,80.0,81.7,83.6,81.8,3.0,2.7,8.0,0.3,0.2,2.26,2.6,3.97,3.1,3.0,1.32,8.0,0.3,0.5,0.2,0.23,0.72,1.76,0.99,3.0,1.15,8.0,0.3,0.5,0.2,-3.77,-1.97,0.26,-1.76,3.0,2.96,8.0,0.3,0.5,0.2,1007.95,1010.0,1011.02,1009.5,3.0,2.29,8.0,0.3,0.5,0.2,4.0,6.0,7.4,5.7,3.0,2.5,8.0,0.3,0.5,0.2,0.5,1.5,4.5,2.5,3.0,3.0,8.0,0.3,0.5,0.2,-15.8,-4.1,1.0,-7.3,3.0,12.6,8.0,0.3,0.5,0.2,1.8,2.0,2.68,2.23,3.0,0.68,8.0,0.3,0.5,0.2,5.0,6.3,8.3,6.6,3.0,2.4,8.0,0.3,0.5,0.2,7.02,7.16,7.32,7.17,3.0,0.21,8.0,0.3,0.5,0.2,16.5,18.6,27.8,22.1,3.0,8.8,8.0,0.3,0.5,0.2,5.9,18.7,47.7,26.6,3.0,31.4,8.0,0.3,0.5,0.2,-101.1,-51.3,7.9,-46.7,3.0,79.9,8.0,0.3,0.5,0.2,4.0,12.8,31.6,17.7,3.0,20.7,8.0,0.3,0.5,0.2,-68.3,-35.0,4.8,-31.8,3.0,53.6,8.0,0.3,0.5,0.2,1.7,5.3,12.7,7.1,3.0,8.2,8.0,0.3,0.5,0.2,-26.5,-14.6,1.7,-12.4,3.0,20.7,8.0,0.3,0.5,0.2,12.0,17.5,72.0,41.5,3.0,48.5,8.0,0.3,0.5,0.2,10.0,20.0,70.0,40.0,3.0,50.0,8.0,0.3,0.5,0.2
1974,2,130.0,2.0,28.5,28.5,28.5,28.5,1.0,0.0,2.0,0.0,0.5,0.3,26.0,26.0,26.0,26.0,1.0,0.0,2.0,0.0,0.5,0.3,17.76,17.76,17.76,17.76,1.0,0.0,2.0,0.0,0.5,0.3,84.6,84.6,84.6,84.6,1.0,0.0,2.0,0.0,0.3,2.1,2.1,2.1,2.1,1.0,0.0,2.0,0.0,0.5,0.3,-1.05,-1.05,-1.05,-1.05,1.0,0.0,2.0,0.0,0.5,0.3,-1.82,-1.82,-1.82,-1.82,1.0,0.0,2.0,0.0,0.5,0.3,1011.0,1011.0,1011.0,1011.0,1.0,0.0,2.0,0.0,0.5,0.3,6.0,6.0,6.0,6.0,1.0,0.0,2.0,0.0,0.5,0.3,-2.2,-2.2,-2.2,-2.2,1.0,0.0,2.0,0.0,0.5,0.3,-3.8,-3.8,-3.8,-3.8,1.0,0.0,2.0,0.0,0.5,0.3,2.5,2.5,2.5,2.5,1.0,0.0,2.0,0.0,0.5,0.3,5.3,5.3,5.3,5.3,1.0,0.0,2.0,0.0,0.5,0.3,6.66,6.66,6.66,6.66,1.0,0.0,2.0,0.0,0.5,0.3,14.0,14.0,14.0,14.0,1.0,0.0,2.0,0.0,0.5,0.3,-27.3,-27.3,-27.3,-27.3,1.0,0.0,2.0,0.0,0.5,0.3,-47.3,-47.3,-47.3,-47.3,1.0,0.0,2.0,0.0,0.5,0.3,-18.6,-18.6,-18.6,-18.6,1.0,0.0,2.0,0.0,0.5,0.3,-32.3,-32.3,-32.3,-32.3,1.0,0.0,2.0,0.0,0.5,0.3,-7.0,-7.0,-7.0,-7.0,1.0,0.0,2.0,0.0,0.5,0.3,-12.1,-12.1,-12.1,-12.1,1.0,0.0,2.0,0.0,0.5,0.3,9.5,9.5,9.5,9.5,1.0,0.0,2.0,0.0,0.5,0.3,10.0,10.0,10.0,10.0,1.0,0.0,2.0,0.0,0.5,0.3
1974,2,130.0,3.0,27.46,27.8,28.0,27.64,7.0,0.47,12.0,0.9,0.4,0.4,25.5,27.5,27.83,26.9,7.0,1.21,12.0,0.9,0.4,0.4,17.77,18.69,19.62,18.69,7.0,0.83,12.0,0.9,0.4,0.4,81.0,84.6,86.3,84.2,7.0,4.5,12.0,0.9,0.4,1.87,3.35,6.91,4.03,6.0,2.74,12.0,0.8,0.4,0.4,-4.79,-2.53,-1.77,-3.17,6.0,2.05,12.0,0.8,0.4,0.4,-0.8,0.45,3.86,0.95,6.0,3.12,12.0,0.8,0.4,0.4,1007.95,1009.2,1010.0,1008.94,7.0,1.09,12.0,0.9,0.4,0.4,6.0,7.0,8.0,7.1,7.0,0.9,12.0,0.9,0.4,0.4,-33.5,-9.0,-3.5,-17.2,6.0,19.6,12.0,0.8,0.4,0.4,-6.1,0.8,20.0,3.8,6.0,21.2,12.0,0.8,0.4,0.4,-0.53,0.3,2.5,0.74,7.0,1.44,12.0,0.9,0.4,0.4,-4.4,2.8,5.6,1.0,6.0,6.0,12.0,0.8,0.4,0.4,3.78,5.07,5.31,4.58,7.0,1.25,12.0,0.9,0.4,0.4,9.2,15.2,26.2,17.2,6.0,10.7,12.0,0.8,0.4,0.4,-135.7,-65.2,-45.5,-86.0,6.0,58.5,12.0,0.8,0.4,0.4,-22.1,11.5,102.9,25.7,6.0,86.8,12.0,0.8,0.4,0.4,-91.1,-45.9,-31.5,-59.7,6.0,40.9,12.0,0.8,0.4,0.4,-15.7,8.0,69.5,16.4,6.0,59.1,12.0,0.8,0.4,0.4,-16.9,-13.6,-9.2,-13.2,6.0,6.0,12.0,0.8,0.4,0.4,-1.8,2.6,20.1,6.8,6.0,12.9,12.0,0.8,0.4,0.4,7.5,53.5,333.0,145.5,6.0,190.5,12.0,0.8,0.4,0.4,10.0,55.0,335.0,145.0,6.0,190.0,12.0,0.8,0.4,0.4
1974,2,130.0,4.0,27.5,27.5,28.18,27.8,5.0,0.45,10.0,0.8,0.4,0.5,26.13,27.0,27.73,27.0,5.0,1.27,10.0,0.8,0.4,0.5,16.59,17.96,18.81,17.76,5.0,1.16,10.0,0.8,0.4,0.5,72.7,83.7,86.3,79.9,5.0,8.8,10.0,0.8,0.5,4.84,6.15,7.2,6.03,4.0,1.37,10.0,1.0,0.4,0.5,-6.24,-5.38,-1.24,-3.81,4.0,3.79,10.0,1.0,0.4,0.5,-3.6,-2.2,2.13,-0.8,4.0,3.96,10.0,1.0,0.4,0.5,1008.43,1009.5,1011.68,1009.96,5.0,1.71,10.0,0.8,0.4,0.5,6.0,7.0,8.0,7.0,5.0,1.0,10.0,0.8,0.4,0.5,-44.9,-32.9,-5.3,-25.4,4.0,25.5,10.0,1.0,0.4,0.5,-25.9,-14.8,11.1,-7.8,4.0,23.9,10.0,1.0,0.4,0.5,-0.23,0.5,2.18,0.8,5.0,1.57,10.0,0.8,0.4,0.5,-3.9,6.4,11.1,3.7,4.0,10.4,10.0,1.0,0.4,0.5,4.25,5.73,6.98,5.7,5.0,1.58,10.0,0.8,0.4,0.5,29.1,32.8,41.6,35.3,4.0,8.1,10.0,1.0,0.4,0.5,-174.9,-144.2,-33.9,-106.2,4.0,103.8,10.0,1.0,0.4,0.5,-101.0,-59.2,53.9,-25.1,4.0,105.2,10.0,1.0,0.4,0.5,-111.6,-89.3,-19.2,-66.5,4.0,67.7,10.0,1.0,0.4,0.5,-64.4,-36.5,38.8,-13.9,4.0,70.9,10.0,1.0,0.4,0.5,-38.1,-30.5,-6.7,-22.8,4.0,22.7,10.0,1.0,0.4,0.5,-19.1,-10.4,11.4,-4.1,4.0,22.1,10.0,1.0,0.4,0.5,114.0,253.0,373.0,244.0,4.0,150.0,10.0,1.0,0.4,0.5,115.0,255.0,375.0,245.0,4.0,150.0,10.0,1.0,0.4,0.5
1974,2,130.0,5.0,27.0,27.2,27.68,27.34,5.0,0.42,16.0,0.8,0.4,0.4,27.63,28.9,29.37,28.58,5.0,1.13,16.0,0.8,0.4,0.4,17.54,18.62,19.43,18.5,5.0,0.96,16.0,0.8,0.4,0.4,71.8,77.6,78.3,75.5,5.0,3.8,16.0,0.8,0.4,5.48,6.2,8.65,7.0,5.0,2.08,16.0,0.8,0.4,0.4,-6.85,-5.02,-4.87,-5.71,5.0,1.13,16.0,0.8,0.4,0.4,-5.41,-2.85,0.4,-2.6,5.0,3.88,16.0,0.8,0.4,0.4,1006.13,1007.0,1009.23,1007.6,5.0,1.95,16.0,0.8,0.4,0.4,6.0,6.0,6.7,6.4,5.0,0.9,16.0,0.8,0.4,0.4,-60.3,-29.4,-27.2,-41.4,5.0,19.3,16.0,0.8,0.4,0.4,-45.4,-16.2,4.5,-21.3,5.0,37.6,16.0,0.8,0.4,0.4,-2.18,-1.7,-0.27,-1.24,5.0,1.36,16.0,0.8,0.4,0.4,-16.2,-14.2,-2.1,-9.7,5.0,9.3,16.0,0.8,0.4,0.4,3.54,3.82,5.35,4.38,5.0,1.2,16.0,0.8,0.4,0.4,22.7,32.0,35.0,29.5,5.0,6.8,16.0,0.8,0.4,0.4,-198.1,-148.1,-134.7,-163.6,5.0,34.9,16.0,0.8,0.4,0.4,-154.1,-85.5,12.7,-74.5,5.0,112.2,16.0,0.8,0.4,0.4,-127.8,-95.9,-88.1,-105.6,5.0,20.7,16.0,0.8,0.4,0.4,-103.1,-55.3,7.1,-50.4,5.0,73.8,16.0,0.8,0.4,0.4,-32.7,-21.8,-18.2,-24.9,5.0,7.8,16.0,0.8,0.4,0.4,-19.1,-10.5,1.1,-8.9,5.0,14.2,16.0,0.8,0.4,0.4,166.0,238.5,689.0,421.0,5.0,395.0,16.0,0.8,0.4,0.4,165.0,240.0,690.0,420.0,5.0,395.0,16.0,0.8,0.4,0.4
1974,2,130.0,6.0,26.9,27.0,28.21,27.42,6.0,0.92,10.0,0.5,0.4,0.3,26.79,27.0,27.1,26.92,6.0,0.49,10.0,0.5,0.4,0.3,17.41,18.68,19.01,18.27,6.0,0.97,10.0,0.5,0.4,0.3,76.0,84.4,85.9,82.2,6.0,5.7,10.0,0.5,0.3,5.66,7.45,8.53,7.12,6.0,2.14,10.0,0.5,0.4,0.3,-8.43,-7.14,-4.06,-6.6,6.0,2.54,10.0,0.5,0.4,0.3,-2.49,0.0,1.42,-0.68,6.0,2.48,10.0,0.5,0.4,0.3,1006.4,1008.75,1010.3,1008.48,6.0,1.91,10.0,0.5,0.4,0.3,2.0,8.0,8.0,6.0,6.0,3.1,10.0,0.5,0.4,0.3,-72.4,-52.3,-25.2,-51.2,6.0,30.7,10.0,0.5,0.4,0.3,-12.2,0.0,11.7,-2.9,6.0,17.0,10.0,0.5,0.4,0.3,-0.1,0.25,1.21,0.5,6.0,0.89,10.0,0.5,0.4,0.3,-0.4,2.1,9.0,4.7,6.0,7.9,10.0,0.5,0.4,0.3,3.29,4.22,5.62,4.72,6.0,2.08,10.0,0.5,0.4,0.3,23.3,26.2,40.9,34.8,6.0,25.0,10.0,0.5,0.4,0.3,-227.7,-188.7,-110.0,-177.0,6.0,67.2,10.0,0.5,0.4,0.3,-67.9,0.0,37.3,-18.8,6.0,66.9,10.0,0.5,0.4,0.3,-155.4,-134.3,-75.2,-120.0,6.0,44.0,10.0,0.5,0.4,0.3,-45.0,0.0,26.7,-12.3,6.0,46.3,10.0,0.5,0.4,0.3,-40.9,-25.8,-15.8,-32.9,6.0,26.3,10.0,0.5,0.4,0.3,-10.8,0.0,4.4,-3.1,6.0,9.2,10.0,0.5,0.4,0.3,198.5,426.0,632.0,438.5,6.0,313.5,10.0,0.5,0.4,0.3,200.0,425.0,630.0,440.0,6.0,315.0,10.0,0.5,0.4,0.3
1974,2,130.0,7.0,26.94,27.75,29.21,28.03,6.0,1.34,14.0,0.5,0.3,0.3,26.0,26.75,27.54,26.78,6.0,0.74,14.0,0.5,0.3,0.3,17.35,19.05,19.45,18.56,6.0,1.2,14.0,0.5,0.3,0.3,79.8,82.7,92.0,84.2,6.0,6.8,14.0,0.5,0.3,6.99,9.0,10.3,8.67,6.0,1.74,14.0,0.5,0.3,0.3,-9.87,-6.36,-5.14,-7.09,6.0,2.33,14.0,0.5,0.3,0.3,-6.61,-3.65,0.22,-3.4,6.0,3.66,14.0,0.5,0.3,0.3,1006.63,1007.5,1009.54,1008.12,6.0,2.15,14.0,0.5,0.3,0.3,5.0,7.0,8.0,6.7,6.0,1.5,14.0,0.5,0.3,0.3,-97.8,-55.7,-36.9,-63.9,6.0,30.8,14.0,0.5,0.3,0.3,-57.7,-29.1,1.4,-30.7,6.0,33.4,14.0,0.5,0.3,0.3,0.59,1.0,2.31,1.25,6.0,1.47,14.0,0.5,0.3,0.3,3.6,9.3,20.0,9.5,6.0,11.4,14.0,0.5,0.3,0.3,2.88,4.4,8.7,5.32,6.0,2.99,14.0,0.5,0.3,0.3,23.9,40.6,64.8,45.2,6.0,25.6,14.0,0.5,0.3,0.3,-267.6,-172.6,-133.6,-191.0,6.0,66.3,14.0,0.5,0.3,0.3,-174.7,-96.3,5.9,-91.0,6.0,98.6,14.0,0.5,0.3,0.3,-169.0,-118.6,-99.6,-130.4,6.0,39.1,14.0,0.5,0.3,0.3,-128.6,-70.2,3.9,-66.4,6.0,71.2,14.0,0.5,0.3,0.3,-64.1,-35.8,-15.4,-40.7,6.0,29.7,14.0,0.5,0.3,0.3,-18.8,-13.5,2.0,-9.1,6.0,11.7,14.0,0.5,0.3,0.3,345.5,746.5,1092.5,715.0,6.0,376.0,14.0,0.5,0.3,0.3,345.0,745.0,1095.0,715.0,6.0,375.0,14.0,0.5,0.3,0.3
1974,2,130.0,8.0,27.32,28.0,28.68,28.0,2.0,1.41,16.0,0.0,0.4,0.5,25.32,26.0,26.0,25.67,3.0,0.58,16.0,0.3,0.5,0.5,18.89,19.28,19.67,19.28,2.0,0.81,16.0,0.0,0.4,0.5,89.6,91.5,93.4,91.5,2.0,3.9,16.0,0.0,0.5,6.18,7.2,9.32,7.73,3.0,2.35,16.0,0.3,0.5,0.5,-8.24,-6.77,-5.13,-6.68,3.0,2.28,16.0,0.3,0.5,0.5,-4.68,-3.66,0.52,-2.12,3.0,4.04,16.0,0.3,0.5,0.5,1008.0,1008.0,1008.68,1008.33,3.0,0.58,16.0,0.3,0.5,0.5,4.3,5.0,6.4,5.3,3.0,1.5,16.0,0.3,0.5,0.5,-78.2,-48.7,-32.5,-55.2,3.0,34.0,16.0,0.3,0.5,0.5,-42.8,-20.9,5.5,-18.7,3.0,35.4,16.0,0.3,0.5,0.5,1.32,2.0,2.68,2.0,2.0,1.41,16.0,0.0,0.4,0.5,9.7,18.3,26.9,18.3,2.0,17.8,16.0,0.0,0.4,0.5,3.97,4.53,5.09,4.53,2.0,1.16,16.0,0.0,0.4,0.5,26.5,38.1,49.7,38.1,2.0,24.0,16.0,0.0,0.4,0.5,-212.0,-169.1,-131.2,-171.5,3.0,59.2,16.0,0.3,0.5,0.5,-121.6,-95.3,11.8,-55.9,3.0,103.5,16.0,0.3,0.5,0.5,-162.0,-129.4,-96.8,-129.4,2.0,67.5,16.0,0.0,0.4,0.5,-96.9,-85.4,-73.9,-85.4,2.0,23.8,16.0,0.0,0.4,0.5,-42.7,-31.9,-21.2,-31.9,2.0,22.3,16.0,0.0,0.4,0.5,-25.3,-20.6,-15.8,-20.6,2.0,9.9,16.0,0.0,0.4,0.5,245.0,373.0,864.5,550.5,3.0,479.0,16.0,0.3,0.5,0.5,245.0,375.0,865.0,550.0,3.0,480.0,16.0,0.3,0.5,0.5
1974,2,130.0,9.0,27.0,28.0,29.02,28.07,7.0,1.1,14.0,0.3,0.3,0.5,26.0,26.0,27.19,26.93,7.0,1.84,14.0,0.3,0.3,0.5,17.78,18.7,19.45,18.96,7.0,1.14,14.0,0.3,0.3,0.5,83.2,84.6,88.9,85.3,7.0,5.5,14.0,0.3,0.5,7.2,10.8,12.45,10.14,7.0,2.58,14.0,0.3,0.3,0.5,-10.33,-6.94,-5.47,-7.76,7.0,2.81,14.0,0.3,0.3,0.5,-8.39,-5.52,-4.36,-5.66,7.0,3.34,14.0,0.3,0.3,0.5,1008.38,1009.5,1010.02,1009.1,7.0,1.51,14.0,0.3,0.3,0.5,3.0,6.0,6.1,5.0,7.0,2.1,14.0,0.3,0.3,0.5,-122.9,-75.0,-39.4,-83.1,7.0,47.4,14.0,0.3,0.3,0.5,-91.4,-61.4,-31.7,-60.9,7.0,42.9,14.0,0.3,0.3,0.5,-0.07,1.0,3.0,1.14,7.0,1.6,14.0,0.3,0.3,0.5,-0.8,7.2,35.6,13.2,7.0,19.8,14.0,0.3,0.3,0.5,3.66,4.59,6.56,4.94,7.0,1.53,14.0,0.3,0.3,0.5,29.9,52.6,87.3,52.6,7.0,26.6,14.0,0.3,0.3,0.5,-268.6,-215.2,-142.3,-208.2,7.0,72.6,14.0,0.3,0.3,0.5,-257.8,-143.4,-113.5,-153.9,7.0,94.6,14.0,0.3,0.3,0.5,-184.2,-146.4,-105.7,-146.5,7.0,51.0,14.0,0.3,0.3,0.5,-176.0,-98.1,-81.6,-108.6,7.0,67.0,14.0,0.3,0.3,0.5,-75.9,-30.3,-21.0,-41.1,7.0,26.5,14.0,0.3,0.3,0.5,-43.9,-29.9,-13.2,-28.8,7.0,17.3,14.0,0.3,0.3,0.5,373.0,1259.5,1930.5,1216.0,7.0,810.5,14.0,0.3,0.3,0.5,375.0,1260.0,1930.0,1215.0,7.0,810.0,14.0,0.3,0.3,0.5
1974,2,130.0,10.0,26.59,27.5,29.0,27.85,11.0,1.29,18.0,0.6,0.4,0.5,26.0,27.0,27.64,27.11,13.0,1.27,16.0,0.5,0.4,0.5,18.1,18.84,19.89,19.03,13.0,0.97,16.0,0.5,0.4,0.5,79.8,84.6,89.3,84.7,13.0,6.6,16.0,0.5,0.5,7.69,10.05,15.4,11.07,12.0,3.76,18.0,0.5,0.4,0.5,-12.08,-7.85,-5.94,-8.74,12.0,3.05,18.0,0.5,0.4,0.5,-10.28,-5.62,-0.66,-5.42,12.0,4.81,18.0,0.5,0.4,0.5,1006.95,1009.0,1010.02,1008.38,13.0,1.57,16.0,0.5,0.4,0.5,3.9,5.0,7.1,5.5,13.0,2.1,16.0,0.5,0.4,0.5,-170.3,-85.4,-50.6,-104.6,12.0,63.3,18.0,0.5,0.4,0.5,-156.9,-60.9,-3.4,-70.2,12.0,75.5,18.0,0.5,0.4,0.5,-0.53,1.0,2.21,0.7,11.0,1.71,18.0,0.6,0.4,0.5,-6.9,10.5,24.7,11.1,10.0,18.1,18.0,0.6,0.5,0.5,2.31,4.11,6.7,4.49,11.0,2.0,18.0,0.6,0.4,0.5,26.2,52.0,56.1,47.8,10.0,28.2,18.0,0.6,0.5,0.5,-327.9,-214.0,-158.9,-234.1,12.0,78.6,18.0,0.5,0.4,0.5,-273.3,-149.2,-19.8,-144.4,12.0,127.4,18.0,0.5,0.4,0.5,-231.1,-152.0,-106.9,-166.9,12.0,59.0,18.0,0.5,0.4,0.5,-194.2,-106.1,-13.3,-102.9,12.0,93.0,18.0,0.5,0.4,0.5,-51.5,-35.2,-17.1,-39.5,10.0,27.9,18.0,0.6,0.5,0.5,-37.9,-20.8,-5.5,-22.7,10.0,15.8,18.0,0.6,0.5,0.5,472.0,1017.0,3652.5,1785.0,12.0,1493.0,18.0,0.5,0.4,0.5,470.0,1015.0,3650.0,1785.0,12.0,1495.0,18.0,0.5,0.4,0.5
1974,2,130.0,11.0,26.0,27.0,29.0,27.43,12.0,1.18,18.0,0.8,0.4,0.5,24.69,26.05,27.7,26.26,16.0,1.39,18.0,0.8,0.4,0.5,17.6,18.09,18.72,18.23,14.0,0.68,16.0,0.7,0.5,0.5,78.3,86.6,94.0,86.1,14.0,7.5,16.0,0.7,0.5,5.9,10.3,14.71,10.22,16.0,4.06,18.0,0.8,0.4,0.5,-9.64,-7.41,-4.68,-7.05,16.0,2.68,18.0,0.8,0.4,0.5,-12.41,-5.46,-2.44,-6.41,16.0,4.89,18.0,0.8,0.4,0.5,1007.0,1008.5,1010.36,1008.67,16.0,1.89,18.0,0.8,0.4,0.5,3.8,8.0,8.0,6.4,16.0,2.3,18.0,0.8,0.4,0.5,-127.7,-69.7,-28.9,-78.3,16.0,50.0,18.0,0.8,0.4,0.5,-182.6,-46.9,-9.5,-80.8,16.0,80.6,18.0,0.8,0.4,0.5,0.37,1.45,2.25,1.34,12.0,1.16,18.0,0.8,0.4,0.5,5.2,10.5,18.2,11.4,12.0,9.9,18.0,0.8,0.4,0.5,3.58,4.53,6.73,4.79,12.0,1.59,18.0,0.8,0.4,0.5,27.1,36.5,78.1,45.4,12.0,24.4,18.0,0.8,0.4,0.5,-250.2,-200.9,-119.7,-184.8,16.0,69.2,18.0,0.8,0.4,0.5,-314.0,-147.5,-60.5,-169.4,16.0,130.1,18.0,0.8,0.4,0.5,-178.8,-131.1,-80.1,-127.3,14.0,51.2,16.0,0.7,0.5,0.5,-230.3,-91.4,-42.0,-113.9,14.0,95.3,16.0,0.7,0.5,0.5,-41.9,-26.0,-18.1,-30.8,12.0,17.3,18.0,0.8,0.4,0.5,-44.1,-21.8,-13.5,-29.1,12.0,24.1,18.0,0.8,0.4,0.5,224.0,1092.5,3185.5,1542.0,16.0,1486.5,18.0,0.8,0.4,0.5,225.0,1095.0,3185.0,1540.0,16.0,1485.0,18.0,0.8,0.4,0.5
1974,2,130.0,12.0,27.0,27.6,28.71,27.7,11.0,0.94,14.0,0.6,0.6,0.5,26.0,26.95,27.78,26.69,14.0,1.45,14.0,0.6,0.6,0.5,17.53,17.72,18.37,17.88,12.0,0.49,14.0,0.7,0.5,0.5,77.9,82.1,87.0,82.8,12.0,6.4,14.0,0.7,0.5,6.23,8.75,14.4,9.81,14.0,4.03,14.0,0.6,0.6,0.5,-8.56,-6.9,-4.93,-6.98,14.0,2.8,14.0,0.6,0.6,0.5,-13.14,-3.89,-1.08,-5.26,14.0,5.45,14.0,0.6,0.6,0.5,1007.47,1009.6,1011.97,1009.61,14.0,1.86,14.0,0.6,0.6,0.5,1.0,4.0,8.0,4.6,14.0,3.0,14.0,0.6,0.6,0.5,-118.4,-64.7,-38.3,-73.9,14.0,49.0,14.0,0.6,0.6,0.5,-191.2,-36.7,-6.7,-68.5,14.0,80.2,14.0,0.6,0.6,0.5,0.06,0.9,2.12,1.18,11.0,1.43,14.0,0.6,0.6,0.5,0.4,6.0,22.2,11.5,11.0,13.2,14.0,0.6,0.6,0.5,4.62,4.97,6.78,5.46,11.0,1.28,14.0,0.6,0.6,0.5,30.6,40.4,81.3,53.0,11.0,30.3,14.0,0.6,0.6,0.5,-213.7,-180.7,-135.4,-187.7,14.0,81.6,14.0,0.6,0.6,0.5,-340.4,-104.2,-29.1,-139.1,14.0,145.9,14.0,0.6,0.6,0.5,-145.7,-118.8,-79.3,-115.2,12.0,41.9,14.0,0.7,0.5,0.5,-237.6,-70.6,-7.7,-97.9,12.0,104.4,14.0,0.7,0.5,0.5,-39.3,-32.8,-23.7,-33.4,11.0,12.2,14.0,0.6,0.6,0.5,-69.1,-22.4,0.9,-31.6,11.0,39.1,14.0,0.6,0.6,0.5,242.5,678.0,2986.0,1388.0,14.0,1316.5,14.0,0.6,0.6,0.5,240.0,680.0,2985.0,1390.0,14.0,1315.0,14.0,0.6,0.6,0.5
1974,2,130.0,13.0,26.68,27.0,28.0,27.24,13.0,0.7,14.0,0.5,0.4,0.4,25.87,26.9,27.28,26.7,12.0,1.14,14.0,0.5,0.4,0.5,16.16,17.39,18.97,17.65,12.0,2.22,14.0,0.5,0.4,0.5,72.7,81.7,85.6,80.5,12.0,9.6,14.0,0.5,0.5,6.2,8.7,13.14,9.42,13.0,3.68,14.0,0.5,0.4,0.4,-9.97,-8.2,-4.75,-7.52,13.0,2.6,14.0,0.5,0.4,0.4,-8.8,-3.99,0.0,-4.67,13.0,4.23,14.0,0.5,0.4,0.4,1008.77,1010.2,1011.52,1010.05,13.0,1.49,14.0,0.5,0.4,0.4,2.8,5.0,7.1,4.9,13.0,2.5,14.0,0.5,0.4,0.4,-144.9,-67.2,-29.4,-78.2,13.0,49.7,14.0,0.5,0.4,0.4,-92.6,-24.7,0.0,-55.4,13.0,64.0,14.0,0.5,0.4,0.4,-0.03,0.55,1.5,0.54,12.0,0.75,14.0,0.5,0.4,0.5,-0.2,4.2,17.0,6.6,12.0,8.4,14.0,0.5,0.4,0.5,3.68,4.98,6.92,5.06,12.0,2.18,14.0,0.5,0.4,0.5,17.1,48.5,76.3,50.6,12.0,33.2,14.0,0.5,0.4,0.5,-250.8,-213.9,-127.0,-192.7,12.0,65.1,14.0,0.5,0.4,0.5,-243.1,-105.6,0.0,-124.6,12.0,116.3,14.0,0.5,0.4,0.5,-159.3,-139.3,-83.1,-126.3,12.0,41.5,14.0,0.5,0.4,0.5,-144.8,-81.7,0.0,-79.6,12.0,71.0,14.0,0.5,0.4,0.5,-57.3,-39.9,-13.8,-38.7,12.0,21.6,14.0,0.5,0.4,0.5,-60.5,-15.7,0.0,-26.9,12.0,31.7,14.0,0.5,0.4,0.5,238.5,658.5,2290.5,1197.5,13.0,1236.5,14.0,0.5,0.4,0.4,240.0,660.0,2290.0,1200.0,13.0,1235.0,14.0,0.5,0.4,0.4
1974,2,130.0,14.0,25.5,27.0,28.29,26.81,16.0,1.38,14.0,0.4,0.3,0.3,25.5,26.6,27.12,26.25,16.0,1.15,14.0,0.4,0.3,0.3,15.96,17.18,18.94,17.42,16.0,1.73,14.0,0.4,0.3,0.3,78.2,81.0,85.8,81.6,16.0,5.7,14.0,0.4,0.3,5.33,8.2,11.92,8.37,16.0,2.89,14.0,0.4,0.3,0.3,-8.07,-6.17,-3.69,-5.96,16.0,2.06,14.0,0.4,0.3,0.3,-9.65,-3.79,0.0,-4.48,16.0,4.42,14.0,0.4,0.3,0.3,1009.49,1010.55,1012.42,1010.83,16.0,1.35,14.0,0.4,0.3,0.3,2.0,4.5,7.2,4.4,16.0,2.4,14.0,0.4,0.3,0.3,-75.7,-56.8,-23.7,-52.7,16.0,28.7,14.0,0.4,0.3,0.3,-113.9,-22.7,0.0,-46.8,16.0,57.1,14.0,0.4,0.3,0.3,-0.81,1.0,2.12,0.56,16.0,1.5,14.0,0.4,0.3,0.3,-6.2,5.4,14.3,5.8,16.0,14.1,14.0,0.4,0.3,0.3,3.56,4.4,6.39,4.74,16.0,1.67,14.0,0.4,0.3,0.3,19.6,37.3,55.4,41.0,16.0,23.6,14.0,0.4,0.3,0.3,-216.5,-164.0,-97.6,-156.7,16.0,55.4,14.0,0.4,0.3,0.3,-255.8,-99.8,0.0,-114.7,16.0,110.9,14.0,0.4,0.3,0.3,-148.2,-103.9,-59.2,-104.2,16.0,39.3,14.0,0.4,0.3,0.3,-159.4,-60.8,0.0,-74.1,16.0,71.9,14.0,0.4,0.3,0.3,-41.7,-27.1,-15.5,-27.8,16.0,13.3,14.0,0.4,0.3,0.3,-46.7,-17.0,0.0,-24.0,16.0,27.0,14.0,0.4,0.3,0.3,152.5,551.5,1702.0,796.5,16.0,820.0,14.0,0.4,0.3,0.3,155.0,550.0,1700.0,795.0,16.0,820.0,14.0,0.4,0.3,0.3
1974,2,130.0,15.0,25.84,27.0,28.0,26.7,19.0,1.27,16.0,0.4,0.4,0.4,24.64,26.0,27.0,25.93,21.0,1.19,16.0,0.5,0.4,0.3,13.82,17.53,18.31,16.57,21.0,2.06,16.0,0.5,0.4,0.3,71.6,78.4,83.6,79.0,21.0,6.5,16.0,0.5,0.3,4.69,7.7,11.13,7.8,21.0,3.59,16.0,0.5,0.4,0.3,-8.15,-7.12,-1.68,-5.44,21.0,3.4,16.0,0.5,0.4,0.3,-7.5,-4.53,0.0,-3.98,21.0,4.19,16.0,0.5,0.4,0.3,1010.17,1011.2,1012.95,1011.58,21.0,1.31,16.0,0.5,0.4,0.3,2.0,3.0,8.0,4.1,21.0,2.7,16.0,0.5,0.4,0.3,-99.8,-51.8,-5.9,-51.1,21.0,46.5,16.0,0.5,0.4,0.3,-67.4,-20.8,0.0,-41.6,21.0,54.5,16.0,0.5,0.4,0.3,-0.56,1.0,2.0,0.79,19.0,1.44,16.0,0.4,0.4,0.4,-1.9,4.1,15.9,7.7,19.0,15.2,16.0,0.4,0.4,0.4,3.75,5.47,6.41,5.29,19.0,1.66,16.0,0.4,0.4,0.4,14.2,37.3,59.2,43.0,19.0,32.5,16.0,0.4,0.4,0.4,-222.1,-165.6,-43.8,-140.8,21.0,88.0,16.0,0.5,0.4,0.3,-183.5,-116.9,0.0,-99.8,21.0,103.1,16.0,0.5,0.4,0.3,-137.8,-98.3,-29.8,-88.8,21.0,54.6,16.0,0.5,0.4,0.3,-118.0,-66.1,0.0,-61.2,21.0,62.8,16.0,0.5,0.4,0.3,-53.3,-27.4,-8.1,-30.3,19.0,23.4,16.0,0.4,0.4,0.4,-42.2,-12.8,0.8,-22.1,19.0,31.3,16.0,0.4,0.4,0.4,103.5,456.5,1382.0,783.0,21.0,994.0,16.0,0.5,0.4,0.3,105.0,455.0,1380.0,785.0,21.0,995.0,16.0,0.5,0.4,0.3
1974,2,130.0,16.0,24.88,26.5,27.31,26.2,16.0,1.36,22.0,0.6,0.4,0.5,25.0,25.5,26.84,25.78,17.0,1.56,20.0,0.6,0.4,0.4,13.49,16.35,17.96,15.93,16.0,2.14,22.0,0.6,0.4,0.5,68.9,75.7,84.5,76.5,16.0,7.3,22.0,0.6,0.5,3.1,6.2,13.63,8.41,17.0,5.14,20.0,0.6,0.4,0.4,-9.56,-5.65,-1.88,-5.96,17.0,3.9,20.0,0.6,0.4,0.4,-10.89,-2.68,0.0,-4.19,17.0,5.48,20.0,0.6,0.4,0.4,1010.75,1012.0,1013.39,1011.96,17.0,2.05,20.0,0.6,0.4,0.4,2.0,5.0,7.0,4.6,17.0,2.2,20.0,0.6,0.4,0.4,-114.4,-37.9,-7.0,-66.5,17.0,72.3,20.0,0.6,0.4,0.4,-145.9,-8.3,0.0,-56.3,17.0,83.0,20.0,0.6,0.4,0.4,-1.19,0.5,1.81,0.38,16.0,1.34,22.0,0.6,0.4,0.5,-5.6,2.7,15.4,3.5,16.0,13.5,22.0,0.6,0.4,0.5,4.29,5.14,6.79,5.42,16.0,1.66,22.0,0.6,0.4,0.5,15.2,32.1,81.7,44.2,16.0,34.6,22.0,0.6,0.4,0.5,-246.3,-129.9,-53.9,-151.9,17.0,99.0,20.0,0.6,0.4,0.4,-268.6,-68.5,0.0,-103.2,17.0,137.4,20.0,0.6,0.4,0.4,-138.9,-76.8,-33.5,-87.1,16.0,59.1,22.0,0.6,0.4,0.5,-132.1,-44.9,0.0,-48.4,16.0,68.4,22.0,0.6,0.4,0.5,-53.4,-30.9,-8.5,-30.1,16.0,19.8,22.0,0.6,0.4,0.5,-67.7,-9.0,0.0,-22.7,16.0,37.1,22.0,0.6,0.4,0.5,30.0,238.5,2535.0,1288.0,17.0,1834.5,20.0,0.6,0.4,0.4,30.0,240.0,2535.0,1290.0,17.0,1835.0,20.0,0.6,0.4,0.4
1974,2,130.0,17.0,26.0,26.2,27.0,26.47,20.0,0.62,18.0,0.8,0.3,0.4,25.0,26.0,27.5,26.04,20.0,1.36,18.0,0.8,0.3,0.4,15.18,16.24,17.56,16.06,20.0,1.38,18.0,0.8,0.3,0.4,69.7,76.4,83.4,76.7,20.0,7.8,18.0,0.8,0.4,3.1,5.95,10.28,6.62,20.0,3.75,18.0,0.8,0.3,0.4,-8.72,-3.63,-0.27,-4.4,20.0,3.61,18.0,0.8,0.3,0.4,-7.21,-2.55,0.0,-2.88,20.0,4.25,18.0,0.8,0.3,0.4,1010.2,1012.65,1015.47,1012.65,20.0,2.04,18.0,0.8,0.3,0.4,2.0,3.0,6.0,3.8,20.0,1.8,18.0,0.8,0.3,0.4,-81.1,-20.1,-0.5,-38.3,20.0,40.6,18.0,0.8,0.3,0.4,-55.7,-10.0,0.0,-28.4,20.0,47.7,18.0,0.8,0.3,0.4,-1.5,0.55,1.99,0.43,20.0,1.56,18.0,0.8,0.3,0.4,-6.1,2.8,11.5,2.4,20.0,13.3,18.0,0.8,0.3,0.4,4.45,5.72,6.96,5.56,20.0,1.41,18.0,0.8,0.3,0.4,17.5,35.2,75.1,39.5,20.0,27.8,18.0,0.8,0.3,0.4,-237.9,-91.9,-6.7,-114.4,20.0,95.3,18.0,0.8,0.3,0.4,-180.4,-68.3,0.0,-75.4,20.0,113.3,18.0,0.8,0.3,0.4,-136.7,-59.9,-4.8,-69.4,20.0,57.0,18.0,0.8,0.3,0.4,-107.2,-39.1,0.0,-42.7,20.0,64.2,18.0,0.8,0.3,0.4,-46.5,-18.9,-1.0,-26.1,20.0,24.1,18.0,0.8,0.3,0.4,-37.4,-14.3,0.0,-18.1,20.0,27.8,18.0,0.8,0.3,0.4,30.0,212.0,1088.5,561.5,20.0,713.5,18.0,0.8,0.3,0.4,30.0,210.0,1090.0,560.0,20.0,715.0,18.0,0.8,0.3,0.4
1974,2,130.0,18.0,25.08,26.0,26.0,25.77,16.0,0.69,20.0,0.4,0.6,0.4,23.91,25.0,25.5,24.79,17.0,1.03,20.0,0.4,0.6,0.4,15.23,15.66,17.16,15.9,16.0,1.46,20.0,0.4,0.6,0.4,77.0,80.6,86.7,80.9,16.0,6.2,20.0,0.4,0.4,2.6,5.1,9.3,5.49,17.0,2.94,20.0,0.4,0.6,0.4,-6.38,-1.57,0.65,-2.55,17.0,3.68,20.0,0.4,0.6,0.4,-4.68,0.0,2.38,-1.2,17.0,4.32,20.0,0.4,0.6,0.4,1011.05,1012.5,1015.58,1013.04,17.0,2.04,20.0,0.4,0.6,0.4,1.0,3.0,4.5,2.9,17.0,1.8,20.0,0.4,0.6,0.4,-48.3,-9.0,1.7,-21.5,17.0,30.2,20.0,0.4,0.6,0.4,-22.7,0.0,10.0,-9.3,17.0,34.7,20.0,0.4,0.6,0.4,0.0,1.0,1.81,0.86,16.0,1.03,20.0,0.4,0.6,0.4,0.0,3.9,10.2,4.7,16.0,6.6,20.0,0.4,0.6,0.4,3.27,4.48,5.82,4.83,16.0,1.6,20.0,0.4,0.6,0.4,13.3,20.6,45.1,27.3,16.0,22.1,20.0,0.4,0.6,0.4,-152.9,-38.5,16.3,-63.2,17.0,92.4,20.0,0.4,0.6,0.4,-113.5,0.0,63.5,-28.2,17.0,107.0,20.0,0.4,0.6,0.4,-96.1,-22.1,11.0,-37.7,16.0,62.3,20.0,0.4,0.6,0.4,-75.0,-9.0,45.7,-16.6,16.0,66.6,20.0,0.4,0.6,0.4,-26.0,-6.6,4.2,-10.5,16.0,16.8,20.0,0.4,0.6,0.4,-20.7,-2.5,8.8,-8.0,16.0,28.6,20.0,0.4,0.6,0.4,17.5,132.5,804.5,300.0,17.0,351.0,20.0,0.4,0.6,0.4,20.0,135.0,805.0,300.0,17.0,350.0,20.0,0.4,0.6,0.4
1974,2,130.0,19.0,25.0,26.0,26.52,25.86,7.0,0.75,20.0,0.3,0.7,0.4,22.98,24.0,25.07,24.09,7.0,1.32,20.0,0.3,0.7,0.4,14.44,15.63,16.59,15.72,7.0,1.62,20.0,0.3,0.7,0.4,83.0,83.4,86.3,83.9,7.0,2.8,20.0,0.3,0.4,5.62,7.7,9.47,7.94,7.0,2.81,20.0,0.3,0.7,0.4,-8.73,-5.9,-1.95,-4.48,7.0,4.53,20.0,0.3,0.7,0.4,-5.32,-3.6,0.0,-3.94,7.0,4.4,20.0,0.3,0.7,0.4,1012.0,1013.9,1016.02,1014.14,7.0,1.93,20.0,0.3,0.7,0.4,3.0,6.0,7.0,5.0,7.0,2.3,20.0,0.3,0.7,0.4,-76.2,-44.9,-14.7,-40.3,7.0,34.9,20.0,0.3,0.7,0.4,-44.1,-25.9,0.0,-37.4,7.0,57.8,20.0,0.3,0.7,0.4,0.98,1.5,2.9,1.77,7.0,1.02,20.0,0.3,0.7,0.4,7.0,11.6,22.5,15.2,7.0,11.7,20.0,0.3,0.7,0.4,4.07,5.12,6.46,5.1,7.0,1.2,20.0,0.3,0.7,0.4,30.2,38.1,46.7,42.0,7.0,22.7,20.0,0.3,0.7,0.4,-205.3,-147.5,-43.3,-105.5,7.0,111.8,20.0,0.3,0.7,0.4,-131.5,-86.4,0.0,-92.6,7.0,99.6,20.0,0.3,0.7,0.4,-138.0,-96.5,-25.3,-68.1,7.0,75.5,20.0,0.3,0.7,0.4,-85.9,-55.7,0.0,-58.0,7.0,59.6,20.0,0.3,0.7,0.4,-38.4,-26.8,-14.0,-22.8,7.0,19.3,20.0,0.3,0.7,0.4,-34.4,-15.5,0.0,-23.7,7.0,30.8,20.0,0.3,0.7,0.4,179.5,456.5,868.5,670.5,7.0,698.5,20.0,0.3,0.7,0.4,180.0,455.0,870.0,670.0,7.0,700.0,20.0,0.3,0.7,0.4
1974,2,130.0,20.0,24.11,25.5,26.0,25.04,9.0,1.45,18.0,0.4,0.7,0.5,23.0,23.65,26.14,23.88,10.0,2.7,16.0,0.3,0.6,0.3,14.0,14.83,16.39,15.09,8.0,1.96,18.0,0.4,0.6,0.4,79.0,83.7,85.7,82.4,8.0,6.9,18.0,0.4,0.4,2.39,3.6,6.38,4.12,11.0,2.68,16.0,0.4,0.6,0.4,-5.17,-2.6,2.0,-1.93,11.0,3.96,16.0,0.4,0.6,0.4,-2.63,0.0,0.0,-1.11,11.0,2.16,16.0,0.4,0.6,0.4,1011.58,1013.5,1018.25,1015.3,11.0,4.58,16.0,0.4,0.6,0.4,1.0,5.0,6.0,4.3,11.0,2.6,16.0,0.4,0.6,0.4,-33.1,-6.8,4.7,-15.0,11.0,28.9,16.0,0.4,0.6,0.4,-10.0,0.0,0.0,-6.4,11.0,15.7,16.0,0.4,0.6,0.4,-0.82,1.25,2.39,1.14,8.0,1.68,18.0,0.4,0.7,0.4,-2.3,3.8,13.3,6.9,8.0,12.0,18.0,0.4,0.7,0.4,3.96,4.54,5.59,4.75,7.0,0.96,18.0,0.4,0.6,0.5,9.5,20.1,36.3,22.3,7.0,13.1,18.0,0.4,0.6,0.5,-113.5,-38.2,54.0,-39.3,10.0,99.9,16.0,0.3,0.6,0.3,-63.4,-12.1,0.0,-25.4,10.0,44.8,16.0,0.3,0.6,0.3,-62.2,-25.7,40.3,-22.4,8.0,67.6,18.0,0.4,0.6,0.4,-42.1,-19.8,0.0,-20.2,8.0,31.7,18.0,0.4,0.6,0.4,-24.1,0.0,9.0,-6.0,7.0,22.3,18.0,0.4,0.6,0.5,-20.4,-4.2,0.4,-6.9,7.0,12.5,18.0,0.4,0.6,0.5,14.0,46.5,305.5,161.5,11.0,264.5,16.0,0.4,0.6,0.4,15.0,45.0,305.0,160.0,11.0,265.0,16.0,0.4,0.6,0.4
1974,2,130.0,21.0,24.0,24.5,25.0,24.5,4.0,0.58,22.0,0.8,0.6,0.4,23.98,25.5,27.02,25.5,4.0,1.83,22.0,0.8,0.6,0.4,14.75,15.17,16.31,15.51,4.0,1.17,22.0,0.8,0.6,0.4,72.9,75.6,80.1,76.5,4.0,5.4,22.0,0.8,0.4,4.76,5.1,7.97,6.33,3.0,2.58,20.0,0.7,0.6,0.2,-7.47,-3.52,2.31,-2.6,3.0,7.21,20.0,0.7,0.6,0.2,-2.3,-0.89,-0.28,-1.28,3.0,1.52,20.0,0.7,0.6,0.2,1011.45,1014.0,1017.07,1014.25,4.0,3.5,22.0,0.8,0.6,0.4,2.4,5.5,7.5,5.0,4.0,3.2,22.0,0.8,0.6,0.4,-64.2,-16.2,12.3,-25.7,3.0,56.7,20.0,0.7,0.6,0.2,-10.7,-4.5,-1.4,-6.0,3.0,6.9,20.0,0.7,0.6,0.2,-3.02,-1.0,1.02,-1.0,4.0,2.38,22.0,0.8,0.6,0.4,-11.5,2.3,10.3,-0.5,3.0,16.1,20.0,0.7,0.6,0.2,2.33,3.99,4.95,3.66,4.0,1.69,22.0,0.8,0.6,0.4,12.6,24.0,37.2,24.8,3.0,18.0,20.0,0.7,0.6,0.2,-176.6,-86.3,66.9,-55.6,3.0,180.3,20.0,0.7,0.6,0.2,-57.2,-24.4,-7.7,-32.3,3.0,36.9,20.0,0.7,0.6,0.2,-111.6,-51.1,42.7,-34.8,3.0,113.9,20.0,0.7,0.6,0.2,-34.1,-15.2,-4.8,-19.4,3.0,21.7,20.0,0.7,0.6,0.2,-35.4,-18.4,-1.0,-18.2,3.0,25.2,20.0,0.7,0.6,0.2,-10.9,-1.3,-0.4,-5.6,3.0,8.6,20.0,0.7,0.6,0.2,108.5,132.5,591.0,345.0,3.0,398.5,20.0,0.7,0.6,0.2,110.0,135.0,590.0,345.0,3.0,400.0,20.0,0.7,0.6,0.2
1974,2,130.0,22.0,22.51,23.9,24.0,23.34,5.0,0.9,14.0,0.4,0.5,0.5,18.98,21.15,22.91,20.97,6.0,2.59,14.0,0.3,0.5,0.6,10.23,12.2,13.63,11.95,5.0,1.76,14.0,0.4,0.5,0.5,63.9,80.6,85.0,74.8,5.0,14.1,14.0,0.4,0.5,4.6,7.7,12.04,8.47,6.0,4.02,14.0,0.3,0.5,0.6,-5.68,-1.76,1.88,-1.75,6.0,4.36,14.0,0.3,0.5,0.6,-9.95,-6.69,-2.67,-6.91,6.0,4.72,14.0,0.3,0.5,0.6,1014.36,1016.2,1021.64,1017.35,6.0,4.52,14.0,0.3,0.5,0.6,5.8,7.5,8.0,7.0,6.0,1.3,14.0,0.3,0.5,0.6,-51.2,-8.1,11.2,-18.8,6.0,38.0,14.0,0.3,0.5,0.6,-123.5,-51.3,-12.3,-73.9,6.0,79.5,14.0,0.3,0.5,0.6,0.42,1.5,2.6,1.58,5.0,1.85,14.0,0.4,0.5,0.5,0.4,6.9,32.3,16.8,5.0,28.9,14.0,0.4,0.5,0.5,4.46,5.82,7.2,5.87,5.0,1.82,14.0,0.4,0.5,0.5,20.5,47.8,96.0,55.9,5.0,38.5,14.0,0.4,0.5,0.5,-122.5,-39.6,36.3,-41.6,6.0,98.6,14.0,0.3,0.5,0.6,-228.3,-124.7,-59.9,-142.1,6.0,94.8,14.0,0.3,0.5,0.6,-61.1,-48.0,21.5,-23.1,5.0,53.0,14.0,0.4,0.5,0.5,-120.5,-65.7,-33.4,-78.9,5.0,62.5,14.0,0.4,0.5,0.5,-42.1,-17.4,5.7,-18.9,5.0,29.8,14.0,0.4,0.5,0.5,-81.8,-36.6,-11.4,-45.3,5.0,38.6,14.0,0.4,0.5,0.5,97.5,462.5,1828.0,978.5,6.0,1244.5,14.0,0.3,0.5,0.6,95.0,460.0,1830.0,980.0,6.0,1245.0,14.0,0.3,0.5,0.6
1974,2,130.0,23.0,23.24,24.0,24.9,24.08,5.0,1.06,16.0,0.4,0.4,0.3,17.4,18.75,21.41,19.33,6.0,2.27,14.0,0.3,0.5,0.3,8.06,9.91,12.37,10.26,5.0,2.85,16.0,0.4,0.4,0.3,64.3,82.2,82.9,74.6,5.0,12.6,16.0,0.4,0.3,5.85,7.7,10.56,8.23,6.0,4.19,14.0,0.3,0.5,0.3,-5.76,-0.81,0.29,-2.07,6.0,3.3,14.0,0.3,0.5,0.3,-10.45,-6.35,-2.06,-6.64,6.0,5.47,14.0,0.3,0.5,0.3,1013.9,1017.95,1024.63,1018.88,6.0,5.22,14.0,0.3,0.5,0.3,4.4,7.0,8.0,6.2,6.0,2.3,14.0,0.3,0.5,0.3,-40.8,-7.5,2.4,-14.7,6.0,23.1,14.0,0.3,0.5,0.3,-116.6,-49.8,-5.4,-71.4,6.0,87.7,14.0,0.3,0.5,0.3,3.28,5.0,7.08,5.08,5.0,2.48,16.0,0.4,0.4,0.3,23.3,46.5,78.7,50.8,5.0,34.4,16.0,0.4,0.4,0.3,6.3,8.14,10.65,8.35,5.0,2.73,16.0,0.4,0.4,0.3,54.3,72.2,106.8,78.4,5.0,35.2,16.0,0.4,0.4,0.3,-112.8,-15.3,5.1,-43.7,6.0,69.7,14.0,0.3,0.5,0.3,-192.1,-113.5,-43.3,-119.6,6.0,93.1,14.0,0.3,0.5,0.3,-60.5,-17.9,4.5,-28.5,5.0,43.4,16.0,0.4,0.4,0.3,-120.1,-69.7,-20.8,-71.3,5.0,59.3,16.0,0.4,0.4,0.3,-39.5,-11.8,6.1,-16.2,5.0,27.8,16.0,0.4,0.4,0.3,-105.9,-66.9,-29.5,-66.7,5.0,47.7,16.0,0.4,0.4,0.3,242.5,462.5,1392.5,950.0,6.0,1349.5,14.0,0.3,0.5,0.3,240.0,460.0,1390.0,950.0,6.0,1350.0,14.0,0.3,0.5,0.3
1974,2,130.0,24.0,21.0,21.8,22.41,21.93,6.0,1.1,16.0,0.5,0.4,0.5,15.47,17.1,18.0,17.13,8.0,1.63,14.0,0.6,0.5,0.5,8.21,9.08,9.47,8.88,5.0,0.78,18.0,0.4,0.4,0.5,67.2,73.5,83.0,74.4,5.0,10.5,18.0,0.4,0.5,8.7,9.65,10.27,9.83,8.0,2.34,14.0,0.6,0.5,0.5,0.0,1.71,4.61,1.79,8.0,2.68,14.0,0.6,0.5,0.5,-9.65,-8.7,-8.26,-9.3,8.0,2.48,14.0,0.6,0.5,0.5,1018.28,1019.6,1026.18,1021.05,6.0,4.35,16.0,0.5,0.4,0.5,4.1,7.0,8.0,6.3,8.0,2.0,14.0,0.6,0.5,0.5,0.0,17.1,44.1,18.5,8.0,24.8,14.0,0.6,0.5,0.5,-99.1,-80.7,-75.7,-96.3,8.0,53.6,14.0,0.6,0.5,0.5,4.17,5.9,6.4,5.1,6.0,2.07,16.0,0.5,0.4,0.5,33.7,57.2,67.7,50.6,6.0,23.9,16.0,0.5,0.4,0.5,6.43,6.92,8.65,7.45,5.0,1.23,18.0,0.4,0.4,0.5,58.8,60.9,89.5,71.7,5.0,17.6,18.0,0.4,0.4,0.5,0.0,26.3,82.0,29.9,8.0,46.8,14.0,0.6,0.5,0.5,-171.6,-148.6,-141.4,-157.7,8.0,36.6,14.0,0.6,0.5,0.5,-7.8,0.0,10.0,1.2,5.0,17.3,18.0,0.4,0.4,0.5,-103.4,-75.1,-68.1,-85.5,5.0,29.4,18.0,0.4,0.4,0.5,-7.6,0.0,10.8,1.8,5.0,18.0,18.0,0.4,0.4,0.5,-86.2,-60.2,-56.9,-69.9,5.0,17.2,18.0,0.4,0.4,0.5,658.5,899.5,1082.5,1102.0,8.0,925.5,14.0,0.6,0.5,0.5,660.0,900.0,1080.0,1100.0,8.0,925.0,14.0,0.6,0.5,0.5
1974,2,130.0,25.0,19.43,20.7,21.06,20.44,10.0,0.97,16.0,0.6,0.5,0.5,14.71,15.75,18.8,16.3,10.0,1.98,16.0,0.6,0.5,0.5,7.44,8.6,9.57,8.69,9.0,1.31,16.0,0.7,0.5,0.5,67.6,75.5,83.7,75.2,9.0,7.9,16.0,0.7,0.5,8.41,10.3,11.16,9.82,10.0,1.48,16.0,0.6,0.5,0.5,-5.53,1.56,4.37,-0.13,10.0,5.5,16.0,0.6,0.5,0.5,-10.68,-8.74,-2.36,-6.99,10.0,4.99,16.0,0.6,0.5,0.5,1017.31,1019.3,1023.79,1020.1,10.0,3.24,16.0,0.6,0.5,0.5,5.0,6.0,8.0,6.1,10.0,1.7,16.0,0.6,0.5,0.5,-57.0,14.1,41.5,-2.5,10.0,55.8,16.0,0.6,0.5,0.5,-119.6,-79.9,-17.0,-69.7,10.0,55.3,16.0,0.6,0.5,0.5,2.41,4.5,5.57,4.14,10.0,1.68,16.0,0.6,0.5,0.5,23.1,41.6,52.7,40.0,10.0,16.6,16.0,0.6,0.5,0.5,5.13,6.28,7.71,6.32,9.0,1.42,16.0,0.7,0.5,0.5,40.5,60.9,79.9,61.1,9.0,17.8,16.0,0.7,0.5,0.5,-107.3,24.9,69.4,-9.5,10.0,101.2,16.0,0.6,0.5,0.5,-168.9,-126.9,-38.0,-106.9,10.0,81.0,16.0,0.6,0.5,0.5,-70.0,12.5,36.8,-5.4,9.0,56.6,16.0,0.7,0.5,0.5,-81.5,-66.0,-14.4,-51.4,9.0,42.9,16.0,0.7,0.5,0.5,-27.4,11.3,26.2,3.5,9.0,32.6,16.0,0.7,0.5,0.5,-70.7,-59.1,-8.5,-45.2,9.0,33.7,16.0,0.7,0.5,0.5,597.5,1092.5,1407.5,1004.5,10.0,423.0,16.0,0.6,0.5,0.5,595.0,1095.0,1405.0,1005.0,10.0,425.0,16.0,0.6,0.5,0.5
1974,2,130.0,26.0,18.5,21.0,21.92,20.33,9.0,1.64,18.0,0.2,0.4,0.4,12.92,14.4,17.33,15.3,11.0,2.68,20.0,0.3,0.4,0.4,5.52,7.83,9.34,7.82,10.0,2.96,18.0,0.3,0.4,0.4,60.9,77.8,82.2,71.1,10.0,17.2,18.0,0.3,0.4,6.12,8.7,10.71,8.59,11.0,3.03,20.0,0.3,0.4,0.4,-4.66,-1.96,5.49,0.52,11.0,6.01,20.0,0.3,0.4,0.4,-9.02,-6.66,-3.93,-5.98,11.0,3.82,20.0,0.3,0.4,0.4,1015.8,1019.0,1024.2,1019.85,11.0,4.15,20.0,0.3,0.4,0.4,4.3,6.0,7.0,5.8,9.0,1.6,18.0,0.2,0.4,0.4,-28.3,-22.2,54.1,15.8,11.0,71.8,20.0,0.3,0.4,0.4,-102.9,-58.0,-24.1,-58.6,11.0,43.9,20.0,0.3,0.4,0.4,2.79,5.5,7.65,5.2,9.0,2.67,18.0,0.2,0.4,0.4,27.2,53.0,65.2,47.6,9.0,24.0,18.0,0.2,0.4,0.4,5.45,6.65,9.63,7.14,9.0,2.98,18.0,0.2,0.4,0.4,47.2,64.8,97.0,65.7,9.0,29.9,18.0,0.2,0.4,0.4,-74.7,-34.9,79.3,5.4,11.0,88.2,20.0,0.3,0.4,0.4,-115.1,-96.0,-62.6,-85.6,11.0,64.0,20.0,0.3,0.4,0.4,-31.7,-3.9,49.3,9.8,10.0,47.1,18.0,0.3,0.4,0.4,-58.3,-49.1,-26.8,-41.0,10.0,36.7,18.0,0.3,0.4,0.4,-31.6,8.1,47.4,4.5,9.0,44.4,18.0,0.2,0.4,0.4,-78.2,-44.1,-39.3,-51.0,9.0,28.6,18.0,0.2,0.4,0.4,229.0,658.5,1237.5,871.0,11.0,1013.0,20.0,0.3,0.4,0.4,230.0,660.0,1235.0,870.0,11.0,1015.0,20.0,0.3,0.4,0.4
1974,2,130.0,27.0,19.42,20.1,21.0,20.17,21.0,1.02,14.0,0.5,0.4,0.5,13.0,18.1,20.41,17.61,24.0,3.79,14.0,0.5,0.4,0.4,5.63,9.18,12.04,8.9,18.0,2.83,14.0,0.4,0.4,0.4,60.5,74.2,82.9,70.9,18.0,13.8,14.0,0.4,0.4,5.1,7.45,10.8,7.62,24.0,2.89,14.0,0.5,0.4,0.4,-4.48,1.25,5.66,0.28,24.0,5.13,14.0,0.5,0.4,0.4,-8.75,-3.05,4.84,-2.2,24.0,6.12,14.0,0.5,0.4,0.4,1013.6,1018.65,1021.27,1018.0,22.0,3.47,14.0,0.5,0.4,0.5,3.0,5.0,8.0,5.1,22.0,2.3,16.0,0.5,0.4,0.4,-35.3,6.3,50.2,0.7,24.0,49.6,14.0,0.5,0.4,0.4,-92.8,-18.8,30.3,-21.5,24.0,61.2,14.0,0.5,0.4,0.4,0.0,2.8,6.37,2.96,21.0,3.35,14.0,0.5,0.4,0.5,0.0,14.7,67.7,27.8,21.0,36.4,14.0,0.5,0.4,0.5,2.48,5.65,9.02,5.83,18.0,2.97,14.0,0.4,0.4,0.4,16.7,44.7,88.6,49.7,18.0,33.9,14.0,0.4,0.4,0.4,-70.1,19.2,87.6,6.4,24.0,85.2,14.0,0.5,0.4,0.4,-116.9,-54.5,98.0,-22.4,24.0,105.4,14.0,0.5,0.4,0.4,-36.6,6.9,52.2,2.5,18.0,49.0,14.0,0.4,0.4,0.4,-55.9,-23.5,60.5,-4.7,18.0,58.7,14.0,0.4,0.4,0.4,-21.9,3.4,28.7,1.9,18.0,31.2,14.0,0.4,0.4,0.4,-85.3,-16.9,20.1,-25.7,18.0,45.7,14.0,0.4,0.4,0.4,132.5,415.0,1259.5,630.0,24.0,613.5,14.0,0.5,0.4,0.4,135.0,415.0,1260.0,630.0,24.0,615.0,14.0,0.5,0.4,0.4
1974,2,130.0,28.0,18.4,20.0,21.6,20.05,29.0,1.45,16.0,0.3,0.3,0.4,12.18,16.65,20.0,16.16,32.0,3.39,16.0,0.3,0.3,0.4,5.54,7.71,11.6,8.21,22.0,3.02,18.0,0.3,0.3,0.3,62.6,69.9,78.9,69.8,22.0,13.0,18.0,0.3,0.3,6.57,8.7,12.98,9.51,32.0,3.77,16.0,0.3,0.3,0.4,-3.85,1.65,7.16,2.02,32.0,4.61,16.0,0.3,0.3,0.4,-10.77,-7.51,0.14,-5.86,32.0,6.83,16.0,0.3,0.3,0.4,1011.19,1016.0,1022.44,1016.77,33.0,5.48,16.0,0.3,0.3,0.4,1.0,7.0,8.0,5.2,31.0,3.1,18.0,0.3,0.3,0.4,-17.3,13.6,65.6,27.7,32.0,56.3,16.0,0.3,0.3,0.4,-129.4,-59.3,0.7,-69.1,32.0,98.1,16.0,0.3,0.3,0.4,-0.31,4.0,7.22,3.85,29.0,3.56,16.0,0.3,0.3,0.4,-1.9,34.3,109.9,45.1,28.0,50.2,16.0,0.3,0.3,0.4,3.01,6.83,8.64,6.19,20.0,2.87,18.0,0.3,0.4,0.3,26.7,62.9,104.5,67.6,19.0,44.4,18.0,0.3,0.4,0.4,-62.8,29.5,115.6,29.4,31.0,72.4,16.0,0.3,0.3,0.4,-161.8,-111.6,6.9,-82.1,31.0,108.2,16.0,0.3,0.3,0.4,-29.6,12.2,54.6,13.0,21.0,39.1,18.0,0.3,0.4,0.4,-76.3,-57.5,-2.0,-36.2,21.0,58.4,18.0,0.3,0.4,0.4,-7.7,12.6,51.7,18.5,19.0,32.6,18.0,0.3,0.4,0.4,-94.4,-49.6,1.1,-50.0,19.0,52.3,18.0,0.3,0.4,0.4,287.5,658.5,2190.0,1296.5,32.0,1631.0,16.0,0.3,0.3,0.4,285.0,660.0,2190.0,1295.0,32.0,1630.0,16.0,0.3,0.3,0.4
1974,2,130.0,29.0,19.3,20.0,21.18,20.2,25.0,1.19,14.0,0.6,0.5,0.5,12.17,16.15,18.27,15.53,28.0,3.27,14.0,0.6,0.5,0.5,5.35,8.45,10.13,8.11,13.0,2.6,16.0,0.6,0.6,0.5,55.8,71.7,78.1,70.1,13.0,11.4,16.0,0.6,0.5,3.33,8.2,11.55,8.25,25.0,4.47,14.0,0.7,0.5,0.5,-4.54,1.56,7.33,1.43,25.0,6.8,14.0,0.7,0.5,0.5,-8.62,-1.67,2.95,-1.93,25.0,6.22,14.0,0.7,0.5,0.5,1010.6,1017.4,1024.5,1017.4,26.0,5.95,12.0,0.7,0.5,0.5,3.0,8.0,8.0,6.3,27.0,2.3,14.0,0.6,0.5,0.5,-37.8,5.2,64.0,20.8,25.0,97.9,14.0,0.7,0.5,0.5,-75.5,-4.3,42.4,-12.8,25.0,77.4,14.0,0.7,0.5,0.5,1.52,4.5,6.94,4.65,25.0,3.09,14.0,0.6,0.5,0.5,10.9,27.9,58.6,36.8,22.0,30.8,14.0,0.7,0.5,0.5,4.47,6.06,9.02,6.33,13.0,2.33,16.0,0.6,0.6,0.5,17.5,34.2,71.9,45.0,11.0,34.7,16.0,0.6,0.6,0.5,-75.5,23.0,136.8,25.9,24.0,106.0,14.0,0.7,0.5,0.5,-134.4,-32.3,42.8,-30.0,24.0,101.1,14.0,0.7,0.5,0.5,-30.5,16.4,73.0,15.7,11.0,59.1,16.0,0.6,0.6,0.5,-51.0,-8.9,19.6,-5.5,11.0,54.1,16.0,0.6,0.6,0.5,-13.2,16.4,46.0,13.2,11.0,33.3,16.0,0.6,0.6,0.5,-42.1,-6.0,8.7,-13.5,11.0,43.9,16.0,0.6,0.6,0.5,38.0,551.5,1590.0,1097.0,25.0,1657.0,14.0,0.7,0.5,0.5,40.0,550.0,1590.0,1095.0,25.0,1655.0,14.0,0.7,0.5,0.5
1974,2,130.0,30.0,14.5,17.4,21.75,17.96,23.0,3.51,16.0,0.7,0.4,0.6,8.07,13.0,15.17,12.24,28.0,4.01,16.0,0.7,0.4,0.5,3.49,4.36,8.71,5.43,11.0,2.37,20.0,0.5,0.5,0.6,46.1,69.7,75.4,62.6,11.0,16.2,20.0,0.5,0.6,4.23,7.2,13.77,8.73,27.0,4.64,16.0,0.7,0.4,0.6,-5.74,0.0,2.91,-1.29,27.0,5.11,16.0,0.7,0.4,0.6,-12.06,-6.11,-2.12,-6.24,27.0,5.7,16.0,0.7,0.4,0.6,1014.03,1020.25,1026.5,1020.31,28.0,6.18,16.0,0.7,0.4,0.5,3.0,7.0,8.0,5.9,26.0,2.5,16.0,0.7,0.4,0.5,-43.8,0.0,17.4,-12.4,27.0,60.9,16.0,0.7,0.4,0.6,-148.9,-42.2,-12.3,-74.8,27.0,93.2,16.0,0.7,0.4,0.6,2.0,6.0,8.51,5.24,23.0,3.79,16.0,0.7,0.4,0.6,5.8,38.9,107.5,48.0,22.0,46.1,16.0,0.7,0.4,0.6,5.69,8.0,8.42,7.21,11.0,2.37,20.0,0.5,0.5,0.6,34.4,45.0,67.1,48.1,11.0,21.3,20.0,0.5,0.5,0.6,-73.9,0.0,31.5,-17.9,27.0,73.0,16.0,0.7,0.4,0.6,-117.4,-61.1,-26.0,-64.9,27.0,58.5,16.0,0.7,0.4,0.6,-32.0,-13.1,4.9,-13.7,11.0,22.3,20.0,0.5,0.5,0.6,-36.9,-20.3,10.3,-18.4,11.0,30.6,20.0,0.5,0.5,0.6,-34.5,-23.3,1.9,-20.9,11.0,24.1,20.0,0.5,0.5,0.6,-50.8,-34.5,19.7,-21.4,11.0,37.9,20.0,0.5,0.5,0.6,77.0,373.0,2617.5,1248.0,27.0,1653.5,16.0,0.7,0.4,0.6,75.0,375.0,2620.0,1250.0,27.0,1655.0,16.0,0.7,0.4,0.6
1974,2,130.0,31.0,14.59,15.5,17.62,16.34,11.0,2.61,18.0,0.5,0.4,0.2,5.25,14.35,19.12,12.66,14.0,6.31,18.0,0.5,0.4,0.1,7.43,8.2,8.97,8.2,2.0,1.59,18.0,0.5,0.2,0.4,73.6,73.9,74.1,73.9,2.0,0.5,18.0,0.5,0.4,4.16,6.1,9.99,6.71,14.0,3.94,18.0,0.5,0.4,0.1,-6.01,0.25,4.71,-0.24,14.0,4.79,18.0,0.5,0.4,0.1,-8.25,-3.67,-1.0,-3.68,14.0,5.14,18.0,0.5,0.4,0.1,1018.2,1024.5,1028.8,1023.71,14.0,4.66,18.0,0.5,0.4,0.1,0.0,7.0,7.4,4.8,11.0,3.4,20.0,0.5,0.3,0.1,-41.7,0.3,46.5,-0.9,14.0,45.6,18.0,0.5,0.4,0.1,-79.8,-21.8,-1.8,-28.6,14.0,65.8,18.0,0.5,0.4,0.1,-3.3,-1.2,13.5,3.12,11.0,7.54,18.0,0.5,0.4,0.2,-21.9,0.0,104.9,28.8,11.0,60.7,18.0,0.5,0.4,0.2,4.9,4.9,4.9,4.9,1.0,0.0,16.0,0.0,0.1,0.8,25.0,25.0,25.0,25.0,1.0,0.0,16.0,0.0,0.1,0.8,-115.3,4.3,34.0,-26.6,14.0,66.7,18.0,0.5,0.4,0.1,-67.4,-43.7,-14.9,-26.5,14.0,62.8,18.0,0.5,0.4,0.1,-60.7,-24.9,11.0,-24.9,2.0,74.2,18.0,0.5,0.2,0.4,-4.9,34.5,73.9,34.5,2.0,81.6,18.0,0.5,0.2,0.4,19.1,19.1,19.1,19.1,1.0,0.0,16.0,0.0,0.1,0.8,-16.1,-16.1,-16.1,-16.1,1.0,0.0,16.0,0.0,0.1,0.8,72.5,227.0,996.5,604.0,14.0,833.0,18.0,0.5,0.4,0.1,70.0,225.0,995.0,605.0,14.0,835.0,18.0,0.5,0.4,0.1
1974,2,130.0,32.0,15.43,18.5,18.5,17.0,3.0,2.6,6.0,0.3,0.6,0.5,10.1,10.1,12.76,11.4,3.0,2.25,6.0,0.3,0.6,0.5,4.63,4.63,4.63,4.63,1.0,0.0,4.0,0.0,0.7,0.3,61.3,61.3,61.3,61.3,1.0,0.0,4.0,0.0,0.3,2.53,2.6,4.92,3.7,3.0,1.99,6.0,0.3,0.6,0.5,-0.45,-0.43,3.96,1.7,3.0,3.72,6.0,0.3,0.6,0.5,-2.53,-2.46,-0.78,-1.67,3.0,1.45,6.0,0.3,0.6,0.5,1026.1,1026.1,1028.97,1027.5,3.0,2.42,6.0,0.3,0.6,0.5,1.0,3.0,3.0,2.0,3.0,1.7,6.0,0.3,0.6,0.5,-1.1,-1.1,24.2,11.2,3.0,21.4,6.0,0.3,0.6,0.5,-6.5,-6.2,-2.0,-4.3,3.0,3.7,6.0,0.3,0.6,0.5,2.67,8.4,8.4,5.6,3.0,4.85,6.0,0.3,0.6,0.5,6.7,21.0,21.6,14.3,3.0,12.4,6.0,0.3,0.6,0.5,8.44,8.44,8.44,8.44,1.0,0.0,4.0,0.0,0.7,0.3,21.9,21.9,21.9,21.9,1.0,0.0,4.0,0.0,0.7,0.3,-4.5,-4.4,55.9,25.0,3.0,51.1,6.0,0.3,0.6,0.5,-25.5,-24.9,-7.9,-16.9,3.0,14.7,6.0,0.3,0.6,0.5,-2.1,-2.1,-2.1,-2.1,1.0,0.0,4.0,0.0,0.7,0.3,-11.8,-11.8,-11.8,-11.8,1.0,0.0,4.0,0.0,0.7,0.3,-3.8,-3.8,-3.8,-3.8,1.0,0.0,4.0,0.0,0.7,0.3,-21.6,-21.6,-21.6,-21.6,1.0,0.0,4.0,0.0,0.7,0.3,16.0,17.5,153.0,83.0,3.0,115.0,6.0,0.3,0.6,0.5,15.0,20.0,155.0,85.0,3.0,115.0,6.0,0.3,0.6,0.5
1974,2,130.0,33.0,,,,,,,,,,,,,,,,,,,,,,,,,,,,,,,,,,,,,,,,6.0,6.0,6.0,6.0,1.0,0.0,10.0,0.0,0.2,0.4,6.0,6.0,6.0,6.0,1.0,0.0,10.0,0.0,0.2,0.4,0.0,0.0,0.0,0.0,1.0,0.0,10.0,0.0,0.2,0.4,1027.6,1027.6,1027.6,1027.6,1.0,0.0,10.0,0.0,0.2,0.4,,,,,,,,,,,,,,,,,,,,,,,,,,,,,,,,,,,,,,,,,,,,,,,,,,,,,,,,,,,,,,,,,,,,,,,,,,,,,,,,,,,,,,,,,,,,,,,,,,,,,,,,,,,,,,,,,,,,,,,,,,,,,,,,,,,,,,,,,,,,,,,,,,,,,,
1974,2,130.0,34.0,11.08,14.0,14.99,13.29,33.0,1.63,12.0,0.5,0.5,0.6,0.24,6.4,10.5,5.48,34.0,4.7,12.0,0.4,0.5,0.6,3.51,4.69,5.81,4.77,5.0,1.5,10.0,0.4,0.3,0.5,60.1,61.6,74.4,67.2,5.0,12.0,10.0,0.4,0.5,6.2,10.0,11.95,9.87,34.0,4.68,12.0,0.4,0.5,0.6,-8.83,0.34,7.53,-0.53,34.0,7.57,12.0,0.4,0.5,0.6,-9.16,-5.61,-0.22,-5.23,34.0,6.04,12.0,0.4,0.5,0.6,1014.02,1019.6,1028.03,1020.23,34.0,6.27,12.0,0.4,0.5,0.6,3.0,7.0,8.0,6.2,30.0,2.4,12.0,0.5,0.5,0.6,-90.1,0.3,71.7,-13.8,34.0,104.8,12.0,0.4,0.5,0.6,-109.4,-52.5,-0.2,-70.8,34.0,105.5,12.0,0.4,0.5,0.6,3.13,8.0,10.0,7.84,33.0,4.34,12.0,0.5,0.5,0.6,19.2,81.6,110.9,80.3,33.0,54.2,12.0,0.5,0.5,0.6,3.82,5.17,6.52,5.09,5.0,1.59,10.0,0.4,0.3,0.5,31.8,68.0,78.3,57.9,5.0,28.7,10.0,0.4,0.3,0.5,-60.0,-10.3,12.3,-15.3,34.0,51.9,12.0,0.4,0.5,0.6,-55.2,-20.2,35.2,-15.8,34.0,50.4,12.0,0.4,0.5,0.6,-44.8,-30.4,13.9,-18.1,5.0,38.8,10.0,0.4,0.3,0.5,-32.1,-17.5,32.7,-3.5,5.0,40.9,10.0,0.4,0.3,0.5,-64.4,-58.9,12.2,-31.4,5.0,45.8,10.0,0.4,0.3,0.5,-44.0,-34.0,19.5,-17.9,5.0,35.7,10.0,0.4,0.3,0.5,238.5,1000.0,1708.0,1662.5,34.0,2564.0,12.0,0.4,0.5,0.6,240.0,1000.0,1710.0,1665.0,34.0,2565.0,12.0,0.4,0.5,0.6
1974,2,130.0,35.0,11.97,13.7,14.01,13.15,32.0,1.67,12.0,0.7,0.5,0.5,1.72,5.2,11.0,5.54,34.0,3.95,12.0,0.7,0.5,0.5,3.03,3.45,3.87,3.45,4.0,0.49,8.0,0.8,0.4,0.4,60.4,63.6,72.1,66.1,4.0,9.3,8.0,0.8,0.4,5.1,9.5,16.0,10.56,32.0,4.86,10.0,0.7,0.5,0.5,-8.54,-4.22,4.45,-3.26,32.0,6.65,10.0,0.7,0.5,0.5,-13.37,-7.75,-2.55,-7.46,32.0,5.11,10.0,0.7,0.5,0.5,1016.39,1022.6,1026.48,1022.2,34.0,5.84,12.0,0.7,0.5,0.5,2.3,7.0,8.0,5.8,31.0,2.9,10.0,0.7,0.5,0.5,-145.9,-28.1,40.5,-46.5,32.0,97.4,10.0,0.7,0.5,0.5,-206.5,-67.2,-13.0,-93.6,32.0,93.5,10.0,0.7,0.5,0.5,3.92,8.45,10.0,7.42,32.0,3.37,12.0,0.7,0.5,0.5,24.3,79.5,127.3,80.2,30.0,48.8,12.0,0.7,0.5,0.5,5.82,6.15,6.51,6.17,4.0,0.4,8.0,0.8,0.4,0.4,42.6,51.8,72.7,57.4,4.0,23.0,8.0,0.8,0.4,0.4,-46.9,-32.4,6.8,-30.7,32.0,46.1,10.0,0.7,0.5,0.5,-73.4,-24.3,0.6,-31.1,32.0,35.9,10.0,0.7,0.5,0.5,-26.7,-17.3,-1.5,-14.3,4.0,16.7,8.0,0.8,0.4,0.4,-38.1,-21.4,-14.2,-25.9,4.0,18.9,8.0,0.8,0.4,0.4,-45.9,-35.9,-6.3,-26.6,4.0,27.4,8.0,0.8,0.4,0.4,-63.0,-40.2,-25.0,-43.8,4.0,25.7,8.0,0.8,0.4,0.4,132.5,864.5,4096.0,1896.5,32.0,1949.0,10.0,0.7,0.5,0.5,135.0,865.0,4095.0,1895.0,32.0,1950.0,10.0,0.7,0.5,0.5
1974,2,130.0,36.0,10.0,12.0,13.27,11.12,21.0,2.19,14.0,0.6,0.5,0.4,-0.51,4.3,10.3,4.77,23.0,5.24,14.0,0.6,0.5,0.4,2.99,3.16,4.16,3.55,4.0,1.01,4.0,0.5,0.4,0.5,50.6,58.0,62.5,56.6,4.0,7.4,4.0,0.5,0.5,3.1,9.0,12.0,7.92,22.0,4.47,12.0,0.6,0.4,0.4,-4.88,0.23,5.35,0.12,22.0,6.15,12.0,0.6,0.4,0.4,-10.88,-3.41,1.51,-4.41,22.0,5.24,12.0,0.6,0.4,0.4,1016.15,1025.9,1029.81,1023.78,23.0,6.65,14.0,0.6,0.5,0.4,1.0,5.5,8.0,4.6,20.0,3.2,12.0,0.6,0.5,0.4,-55.0,0.6,63.1,-4.1,22.0,73.4,12.0,0.6,0.4,0.4,-130.6,-20.4,4.7,-51.2,22.0,62.2,12.0,0.6,0.4,0.4,1.63,7.5,11.74,6.45,21.0,5.1,14.0,0.6,0.5,0.4,13.2,47.7,117.6,59.9,20.0,56.4,14.0,0.6,0.4,0.4,3.69,4.64,5.24,4.48,4.0,1.03,4.0,0.5,0.4,0.5,14.1,21.1,31.2,22.6,4.0,11.0,4.0,0.5,0.4,0.5,-19.8,0.0,14.7,-10.8,22.0,43.1,12.0,0.6,0.4,0.4,-42.7,-2.3,15.4,-11.4,22.0,31.3,12.0,0.6,0.4,0.4,-37.6,-6.6,5.8,-15.5,4.0,30.5,4.0,0.5,0.4,0.5,-5.4,0.9,5.0,-0.1,4.0,7.6,4.0,0.5,0.4,0.5,-30.9,-11.6,9.8,-10.6,4.0,24.3,4.0,0.5,0.4,0.5,-3.3,1.5,7.2,1.9,4.0,7.3,4.0,0.5,0.4,0.5,30.0,746.5,1728.0,941.0,22.0,1030.5,12.0,0.6,0.4,0.4,30.0,745.0,1730.0,940.0,22.0,1030.0,12.0,0.6,0.4,0.4
1974,2,130.0,37.0,,,,,,,,,,,,,,,,,,,,,,,,,,,,,,,,,,,,,,,,4.1,5.1,9.78,6.47,15.0,3.07,14.0,0.6,0.4,0.5,-2.14,1.53,5.08,1.5,15.0,4.81,14.0,0.6,0.4,0.5,-8.01,-4.04,0.0,-3.14,15.0,4.27,14.0,0.6,0.4,0.5,1014.72,1021.4,1027.2,1020.9,15.0,6.39,14.0,0.6,0.4,0.5,,,,,,,,,,,,,,,,,,,,,,,,,,,,,,,,,,,,,,,,,,,,,,,,,,,,,,,,,,,,,,,,,,,,,,,,,,,,,,,,,,,,,,,,,,,,,,,,,,,,,,,,,,,,,,,,,,,,,,,,,,,,,,,,,,,,,,,,,,,,,,,,,,,,,,
1974,2,130.0,38.0,6.0,7.2,11.32,8.23,17.0,3.09,10.0,0.4,0.6,0.5,0.11,2.9,3.5,2.19,17.0,1.97,10.0,0.4,0.6,0.5,3.28,3.47,3.63,3.46,3.0,0.25,4.0,0.0,0.4,0.3,71.2,75.5,77.9,74.5,3.0,5.0,4.0,0.0,0.3,8.11,9.8,12.95,10.16,17.0,2.82,10.0,0.4,0.6,0.5,-9.6,-5.79,11.45,-2.62,17.0,8.73,10.0,0.4,0.6,0.5,-7.71,-4.45,-1.72,-4.45,17.0,3.64,10.0,0.4,0.6,0.5,1015.39,1025.2,1026.4,1022.41,17.0,6.0,10.0,0.4,0.6,0.5,8.0,8.0,8.0,7.2,15.0,2.2,10.0,0.4,0.6,0.4,-101.2,-52.1,157.5,-14.0,17.0,107.0,10.0,0.4,0.6,0.5,-92.6,-49.0,-17.0,-51.4,17.0,45.5,10.0,0.4,0.6,0.5,3.91,6.8,9.17,6.04,17.0,2.74,10.0,0.4,0.6,0.5,31.7,58.8,115.2,65.2,17.0,38.6,10.0,0.4,0.6,0.5,2.24,2.74,3.04,2.64,3.0,0.59,4.0,0.0,0.4,0.3,21.7,26.1,27.5,24.7,3.0,4.4,4.0,0.0,0.4,0.3,-30.1,-21.8,2.3,-13.6,17.0,17.4,10.0,0.4,0.6,0.5,-20.2,-5.2,0.2,-6.7,17.0,13.6,10.0,0.4,0.6,0.5,-35.6,-35.2,-28.0,-31.9,3.0,6.3,4.0,0.0,0.4,0.3,-8.1,-6.3,-6.2,-7.2,3.0,1.6,4.0,0.0,0.4,0.3,-26.7,-24.5,-21.0,-23.9,3.0,4.2,4.0,0.0,0.4,0.3,-7.6,-4.9,-3.9,-5.7,3.0,2.8,4.0,0.0,0.4,0.3,533.0,941.0,2170.0,1281.0,17.0,989.0,10.0,0.4,0.6,0.5,535.0,940.0,2170.0,1280.0,17.0,990.0,10.0,0.4,0.6,0.5
1974,2,130.0,39.0,,,,,,,,,,,,,,,,,,,,,,,,,,,,,,,,,,,,,,,,6.95,9.8,10.19,9.11,7.0,2.69,8.0,0.7,0.5,0.3,-6.31,-4.5,7.78,-0.32,7.0,7.66,8.0,0.7,0.5,0.3,-7.51,-5.52,4.84,-3.09,7.0,5.84,8.0,0.7,0.5,0.3,1013.51,1030.8,1035.3,1025.61,7.0,11.36,8.0,0.7,0.5,0.3,,,,,,,,,,,,,,,,,,,,,,,,,,,,,,,,,,,,,,,,,,,,,,,,,,,,,,,,,,,,,,,,,,,,,,,,,,,,,,,,,,,,,,,,,,,,,,,,,,,,,,,,,,,,,,,,,,,,,,,,,,,,,,,,,,,,,,,,,,,,,,,,,,,,,,
1974,2,130.0,40.0,,,,,,,,,,,,,,,,,,,,,,,,,,,,,,,,,,,,,,,,6.0,8.9,12.0,9.62,14.0,4.57,14.0,0.7,0.4,0.5,-4.83,-1.56,3.06,-0.8,14.0,3.93,14.0,0.7,0.4,0.5,-11.26,-8.0,-3.23,-8.04,14.0,5.9,14.0,0.7,0.4,0.5,1016.34,1020.65,1031.6,1023.48,14.0,7.4,14.0,0.7,0.4,0.5,,,,,,,,,,,,,,,,,,,,,,,,,,,,,,,,,,,,,,,,,,,,,,,,,,,,,,,,,,,,,,,,,,,,,,,,,,,,,,,,,,,,,,,,,,,,,,,,,,,,,,,,,,,,,,,,,,,,,,,,,,,,,,,,,,,,,,,,,,,,,,,,,,,,,,
1974,2,130.0,41.0,,,,,,,,,,,,,,,,,,,,,,,,,,,,,,,,,,,,,,,,2.24,9.5,12.0,8.22,12.0,5.17,12.0,0.6,0.5,0.3,-4.25,0.0,4.18,0.85,12.0,6.04,12.0,0.6,0.5,0.3,-10.57,-7.61,0.0,-5.71,12.0,5.25,12.0,0.6,0.5,0.3,1019.4,1024.5,1033.31,1025.95,12.0,6.91,12.0,0.6,0.5,0.3,,,,,,,,,,,,,,,,,,,,,,,,,,,,,,,,,,,,,,,,,,,,,,,,,,,,,,,,,,,,,,,,,,,,,,,,,,,,,,,,,,,,,,,,,,,,,,,,,,,,,,,,,,,,,,,,,,,,,,,,,,,,,,,,,,,,,,,,,,,,,,,,,,,,,,
1974,2,131.0,-46.0,12.0,12.0,12.0,12.0,1.0,0.0,24.0,1.0,0.9,0.9,12.74,13.5,14.0,13.38,4.0,0.75,12.0,0.8,0.4,0.4,8.5,8.5,8.5,8.5,1.0,0.0,24.0,1.0,0.9,0.9,94.2,94.2,94.2,94.2,1.0,0.0,24.0,1.0,0.9,4.84,6.4,11.21,7.95,4.0,4.51,12.0,0.8,0.4,0.4,3.95,5.83,9.22,6.55,4.0,3.38,12.0,0.8,0.4,0.4,-6.26,-2.75,0.17,-3.03,4.0,4.87,12.0,0.8,0.4,0.4,1008.6,1008.6,1008.6,1008.6,1.0,0.0,24.0,1.0,0.9,0.9,4.4,7.5,8.0,6.3,4.0,2.9,12.0,0.8,0.4,0.4,19.2,39.1,109.7,63.3,4.0,66.0,12.0,0.8,0.4,0.4,-76.3,-13.3,4.4,-34.9,4.0,67.5,12.0,0.8,0.4,0.4,-0.5,-0.5,-0.5,-0.5,1.0,0.0,24.0,1.0,0.9,0.9,-7.2,-7.2,-7.2,-7.2,1.0,0.0,24.0,1.0,0.9,0.9,0.23,0.23,0.23,0.23,1.0,0.0,24.0,1.0,0.9,0.9,3.3,3.3,3.3,3.3,1.0,0.0,24.0,1.0,0.9,0.9,53.4,81.6,120.5,86.7,4.0,41.3,12.0,0.8,0.4,0.4,-78.9,-37.1,2.3,-38.2,4.0,62.3,12.0,0.8,0.4,0.4,93.8,93.8,93.8,93.8,1.0,0.0,24.0,1.0,0.9,0.9,-78.7,-78.7,-78.7,-78.7,1.0,0.0,24.0,1.0,0.9,0.9,2.5,2.5,2.5,2.5,1.0,0.0,24.0,1.0,0.9,0.9,-2.1,-2.1,-2.1,-2.1,1.0,0.0,24.0,1.0,0.9,0.9,114.0,294.5,1781.5,918.0,4.0,1388.0,12.0,0.8,0.4,0.4,115.0,295.0,1780.0,920.0,4.0,1390.0,12.0,0.8,0.4,0.4
1974,2,131.0,-42.0,13.0,13.0,13.0,13.0,1.0,0.0,12.0,1.0,0.2,0.8,15.0,15.0,15.0,15.0,1.0,0.0,12.0,1.0,0.2,0.8,8.28,8.28,8.28,8.28,1.0,0.0,12.0,1.0,0.2,0.8,78.5,78.5,78.5,78.5,1.0,0.0,12.0,1.0,0.8,5.1,5.1,5.1,5.1,1.0,0.0,12.0,1.0,0.2,0.8,5.02,5.02,5.02,5.02,1.0,0.0,12.0,1.0,0.2,0.8,0.89,0.89,0.89,0.89,1.0,0.0,12.0,1.0,0.2,0.8,1015.5,1015.5,1015.5,1015.5,1.0,0.0,12.0,1.0,0.2,0.8,7.0,7.0,7.0,7.0,1.0,0.0,12.0,1.0,0.2,0.8,25.6,25.6,25.6,25.6,1.0,0.0,12.0,1.0,0.2,0.8,4.5,4.5,4.5,4.5,1.0,0.0,12.0,1.0,0.2,0.8,-2.0,-2.0,-2.0,-2.0,1.0,0.0,12.0,1.0,0.2,0.8,-10.2,-10.2,-10.2,-10.2,1.0,0.0,12.0,1.0,0.2,0.8,0.99,0.99,0.99,0.99,1.0,0.0,12.0,1.0,0.2,0.8,5.0,5.0,5.0,5.0,1.0,0.0,12.0,1.0,0.2,0.8,75.3,75.3,75.3,75.3,1.0,0.0,12.0,1.0,0.2,0.8,13.3,13.3,13.3,13.3,1.0,0.0,12.0,1.0,0.2,0.8,41.6,41.6,41.6,41.6,1.0,0.0,12.0,1.0,0.2,0.8,7.3,7.3,7.3,7.3,1.0,0.0,12.0,1.0,0.2,0.8,5.0,5.0,5.0,5.0,1.0,0.0,12.0,1.0,0.2,0.8,0.9,0.9,0.9,0.9,1.0,0.0,12.0,1.0,0.2,0.8,132.5,132.5,132.5,132.5,1.0,0.0,12.0,1.0,0.2,0.8,135.0,135.0,135.0,135.0,1.0,0.0,12.0,1.0,0.2,0.8
1974,2,131.0,-38.0,17.94,18.0,18.3,17.94,7.0,0.57,14.0,0.1,0.5,0.8,15.4,18.0,18.87,17.39,9.0,1.82,14.0,0.3,0.5,0.7,5.69,7.28,11.0,8.22,7.0,2.74,14.0,0.1,0.5,0.8,53.6,57.1,86.1,68.4,7.0,18.0,14.0,0.1,0.8,4.66,7.75,12.5,7.93,8.0,3.75,14.0,0.3,0.4,0.8,-4.71,-0.4,11.53,1.37,8.0,7.79,14.0,0.3,0.4,0.8,-2.24,0.81,5.48,1.3,8.0,4.59,14.0,0.3,0.4,0.8,1009.93,1016.2,1019.31,1014.91,9.0,5.6,14.0,0.3,0.5,0.7,2.3,7.0,7.7,5.7,9.0,2.7,14.0,0.3,0.5,0.7,-23.7,-1.8,147.2,27.7,8.0,89.2,14.0,0.3,0.4,0.8,-28.0,4.2,33.8,8.4,8.0,38.9,14.0,0.3,0.4,0.8,-0.02,0.2,3.32,1.16,7.0,1.73,14.0,0.1,0.5,0.8,-0.2,1.2,17.4,8.0,7.0,12.5,14.0,0.1,0.5,0.8,1.78,5.5,7.35,4.53,7.0,2.65,14.0,0.1,0.5,0.8,16.3,28.1,38.4,30.4,7.0,20.2,14.0,0.1,0.5,0.8,-84.1,-7.2,195.9,25.9,8.0,143.9,14.0,0.3,0.4,0.8,-44.1,14.9,89.8,17.5,8.0,74.4,14.0,0.3,0.4,0.8,-40.1,-8.8,18.0,-1.7,7.0,69.6,14.0,0.1,0.5,0.8,-24.7,15.3,34.7,6.0,7.0,35.6,14.0,0.1,0.5,0.8,-17.2,-0.8,13.7,-1.3,7.0,20.8,14.0,0.1,0.5,0.8,-4.4,2.9,36.3,16.5,7.0,27.2,14.0,0.1,0.5,0.8,101.5,521.5,1998.0,800.0,8.0,884.5,14.0,0.3,0.4,0.8,100.0,520.0,2000.0,800.0,8.0,885.0,14.0,0.3,0.4,0.8
1974,2,131.0,-37.0,17.99,18.6,19.21,18.6,2.0,1.27,8.0,1.0,0.4,0.2,16.57,17.35,18.13,17.35,2.0,1.63,8.0,1.0,0.4,0.2,7.87,8.69,9.52,8.69,2.0,1.71,8.0,1.0,0.4,0.2,67.6,70.6,73.7,70.6,2.0,6.2,8.0,1.0,0.2,5.35,6.95,8.55,6.95,2.0,3.32,8.0,1.0,0.4,0.2,0.71,3.97,7.23,3.97,2.0,6.74,8.0,1.0,0.4,0.2,3.39,3.86,4.32,3.86,2.0,0.95,8.0,1.0,0.4,0.2,1015.57,1018.3,1021.03,1018.3,2.0,5.66,8.0,1.0,0.4,0.2,6.0,6.0,6.0,6.0,1.0,0.0,12.0,1.0,0.0,0.2,9.8,38.8,67.8,38.8,2.0,60.1,8.0,1.0,0.4,0.2,22.2,25.2,28.2,25.2,2.0,6.2,8.0,1.0,0.4,0.2,1.08,1.25,1.42,1.25,2.0,0.35,8.0,1.0,0.4,0.2,7.3,8.1,8.9,8.1,2.0,1.7,8.0,1.0,0.4,0.2,4.3,4.58,4.85,4.58,2.0,0.57,8.0,1.0,0.4,0.2,25.4,30.9,36.3,30.9,2.0,11.3,8.0,1.0,0.4,0.2,14.8,74.4,134.0,74.4,2.0,123.5,8.0,1.0,0.4,0.2,61.2,66.1,71.1,66.1,2.0,10.3,8.0,1.0,0.4,0.2,8.7,40.3,71.8,40.3,2.0,65.4,8.0,1.0,0.4,0.2,31.9,32.7,33.5,32.7,2.0,1.7,8.0,1.0,0.4,0.2,2.4,16.3,30.1,16.3,2.0,28.6,8.0,1.0,0.4,0.2,14.8,17.9,21.1,17.9,2.0,6.6,8.0,1.0,0.4,0.2,209.5,451.0,692.0,451.0,2.0,500.0,8.0,1.0,0.4,0.2,210.0,450.0,690.0,450.0,2.0,500.0,8.0,1.0,0.4,0.2
1974,2,131.0,-36.0,18.34,18.9,19.4,18.89,8.0,0.55,16.0,0.6,0.3,0.6,18.1,18.35,20.71,18.69,8.0,1.6,16.0,0.6,0.3,0.6,8.44,9.87,11.99,10.16,8.0,1.84,16.0,0.6,0.3,0.6,67.7,70.3,89.0,75.9,8.0,11.3,16.0,0.6,0.6,4.16,5.4,7.53,6.49,8.0,3.66,16.0,0.6,0.3,0.6,-5.77,-4.19,-0.39,-3.4,8.0,2.77,16.0,0.6,0.3,0.6,-0.56,1.1,4.88,2.72,8.0,5.67,16.0,0.6,0.3,0.6,1014.04,1017.6,1018.66,1016.08,8.0,3.6,16.0,0.6,0.3,0.6,7.0,7.5,8.0,7.1,8.0,1.4,16.0,0.6,0.3,0.6,-37.4,-18.3,-1.4,-19.4,8.0,18.1,16.0,0.6,0.3,0.6,-2.0,4.7,36.1,32.8,8.0,78.5,16.0,0.6,0.3,0.6,-1.31,0.35,1.23,0.2,8.0,1.84,16.0,0.6,0.3,0.6,-8.2,1.4,5.8,3.7,8.0,20.2,16.0,0.6,0.3,0.6,1.38,3.34,4.97,3.36,8.0,1.87,16.0,0.6,0.3,0.6,8.3,17.3,28.6,24.3,8.0,27.1,16.0,0.6,0.3,0.6,-119.8,-76.4,-7.2,-66.3,8.0,55.4,16.0,0.6,0.3,0.6,-10.2,20.1,101.1,47.4,8.0,95.3,16.0,0.6,0.3,0.6,-61.0,-38.6,-3.3,-35.3,8.0,32.2,16.0,0.6,0.3,0.6,-4.7,11.1,52.1,25.6,8.0,47.5,16.0,0.6,0.3,0.6,-17.5,-12.1,-0.9,-10.9,8.0,8.5,16.0,0.6,0.3,0.6,-2.8,3.0,10.5,11.2,8.0,32.5,16.0,0.6,0.3,0.6,72.0,168.0,432.5,569.0,8.0,1115.0,16.0,0.6,0.3,0.6,70.0,170.0,430.0,570.0,8.0,1115.0,16.0,0.6,0.3,0.6
1974,2,131.0,-10.0,27.74,28.15,28.88,28.3,4.0,0.8,16.0,0.3,0.6,0.5,27.67,28.7,29.0,28.35,4.0,0.94,16.0,0.3,0.6,0.5,20.14,20.5,20.88,20.51,3.0,0.54,14.0,0.0,0.6,0.6,83.0,86.3,88.0,85.5,3.0,3.8,14.0,0.0,0.6,4.24,6.7,7.72,6.0,3.0,2.62,14.0,0.0,0.6,0.6,3.51,5.27,5.97,4.75,3.0,1.86,14.0,0.0,0.6,0.6,-5.02,-2.29,-1.79,-3.37,3.0,2.54,14.0,0.0,0.6,0.6,1003.76,1005.9,1007.78,1005.78,4.0,2.41,16.0,0.3,0.6,0.5,3.0,5.5,7.0,5.0,4.0,2.4,16.0,0.3,0.6,0.5,19.1,42.2,42.9,31.2,3.0,19.9,14.0,0.0,0.6,0.6,-40.0,-15.4,-8.2,-23.9,3.0,24.5,14.0,0.0,0.6,0.6,-0.86,-0.1,0.76,-0.05,4.0,0.95,16.0,0.3,0.6,0.5,-0.4,3.4,6.7,3.1,3.0,5.2,14.0,0.0,0.6,0.6,3.39,3.73,4.5,3.94,3.0,0.84,14.0,0.0,0.6,0.6,14.8,21.6,34.1,24.4,3.0,14.4,14.0,0.0,0.6,0.6,100.7,149.7,163.5,132.5,3.0,48.4,14.0,0.0,0.6,0.6,-141.4,-61.9,-50.3,-95.1,3.0,72.7,14.0,0.0,0.6,0.6,72.8,111.0,121.1,97.3,3.0,37.3,14.0,0.0,0.6,0.6,-104.8,-45.8,-36.2,-69.9,3.0,54.4,14.0,0.0,0.6,0.6,13.3,20.3,24.0,18.7,3.0,7.9,14.0,0.0,0.6,0.6,-23.2,-7.4,-6.3,-14.6,3.0,13.9,14.0,0.0,0.6,0.6,116.0,301.0,472.0,294.0,3.0,261.0,14.0,0.0,0.6,0.6,115.0,300.0,470.0,295.0,3.0,260.0,14.0,0.0,0.6,0.6
1974,2,131.0,-7.0,26.8,26.8,26.8,26.8,1.0,0.0,8.0,1.0,0.3,0.8,25.8,25.8,25.8,25.8,1.0,0.0,8.0,1.0,0.3,0.8,20.84,20.84,20.84,20.84,1.0,0.0,8.0,1.0,0.3,0.8,100.0,100.0,100.0,100.0,1.0,0.0,8.0,1.0,0.8,12.9,12.9,12.9,12.9,1.0,0.0,8.0,1.0,0.3,0.8,12.7,12.7,12.7,12.7,1.0,0.0,8.0,1.0,0.3,0.8,-2.24,-2.24,-2.24,-2.24,1.0,0.0,8.0,1.0,0.3,0.8,1008.6,1008.6,1008.6,1008.6,1.0,0.0,8.0,1.0,0.3,0.8,8.0,8.0,8.0,8.0,1.0,0.0,8.0,1.0,0.3,0.8,163.9,163.9,163.9,163.9,1.0,0.0,8.0,1.0,0.3,0.8,-28.9,-28.9,-28.9,-28.9,1.0,0.0,8.0,1.0,0.3,0.8,1.0,1.0,1.0,1.0,1.0,0.0,8.0,1.0,0.3,0.8,12.9,12.9,12.9,12.9,1.0,0.0,8.0,1.0,0.3,0.8,1.29,1.29,1.29,1.29,1.0,0.0,8.0,1.0,0.3,0.8,16.6,16.6,16.6,16.6,1.0,0.0,8.0,1.0,0.3,0.8,327.8,327.8,327.8,327.8,1.0,0.0,8.0,1.0,0.3,0.8,-57.8,-57.8,-57.8,-57.8,1.0,0.0,8.0,1.0,0.3,0.8,264.8,264.8,264.8,264.8,1.0,0.0,8.0,1.0,0.3,0.8,-46.7,-46.7,-46.7,-46.7,1.0,0.0,8.0,1.0,0.3,0.8,16.3,16.3,16.3,16.3,1.0,0.0,8.0,1.0,0.3,0.8,-2.9,-2.9,-2.9,-2.9,1.0,0.0,8.0,1.0,0.3,0.8,2146.5,2146.5,2146.5,2146.5,1.0,0.0,8.0,1.0,0.3,0.8,2145.0,2145.0,2145.0,2145.0,1.0,0.0,8.0,1.0,0.3,0.8
1974,2,131.0,-4.0,28.02,28.05,28.08,28.05,2.0,0.07,10.0,0.5,0.4,0.7,27.91,28.15,28.39,28.15,2.0,0.49,10.0,0.5,0.4,0.7,17.79,18.15,18.5,18.15,2.0,0.73,10.0,0.5,0.4,0.7,75.4,75.9,76.4,75.9,2.0,1.0,10.0,0.5,0.7,2.5,3.35,4.2,3.35,2.0,1.77,10.0,0.5,0.4,0.7,-1.01,1.27,3.54,1.27,2.0,4.72,10.0,0.5,0.4,0.7,-0.31,-0.18,-0.06,-0.18,2.0,0.26,10.0,0.5,0.4,0.7,1006.82,1008.15,1009.48,1008.15,2.0,2.76,10.0,0.5,0.4,0.7,4.2,4.5,4.8,4.5,2.0,0.7,10.0,0.5,0.4,0.7,-0.3,8.4,17.1,8.4,2.0,18.0,10.0,0.5,0.4,0.7,-0.6,-0.4,-0.1,-0.4,2.0,0.5,10.0,0.5,0.4,0.7,-0.37,-0.1,0.17,-0.1,2.0,0.57,10.0,0.5,0.4,0.7,-0.7,0.2,1.0,0.2,2.0,1.7,10.0,0.5,0.4,0.7,5.27,5.7,6.14,5.7,2.0,0.9,10.0,0.5,0.4,0.7,13.6,19.9,26.2,19.9,2.0,13.1,10.0,0.5,0.4,0.7,-29.3,34.5,98.2,34.5,2.0,132.1,10.0,0.5,0.4,0.7,-8.7,-5.2,-1.6,-5.2,2.0,7.3,10.0,0.5,0.4,0.7,-19.6,21.2,62.1,21.2,2.0,84.6,10.0,0.5,0.4,0.7,-5.7,-3.4,-1.1,-3.4,2.0,4.8,10.0,0.5,0.4,0.7,-4.2,9.3,22.9,9.3,2.0,28.0,10.0,0.5,0.4,0.7,-1.6,-0.9,-0.3,-0.9,2.0,1.3,10.0,0.5,0.4,0.7,23.0,53.5,83.5,53.5,2.0,62.5,10.0,0.5,0.4,0.7,25.0,55.0,85.0,55.0,2.0,60.0,10.0,0.5,0.4,0.7
1974,2,131.0,2.0,27.8,27.8,27.8,27.8,1.0,0.0,18.0,1.0,0.3,0.8,26.4,26.4,26.4,26.4,1.0,0.0,18.0,1.0,0.3,0.8,18.51,18.51,18.51,18.51,1.0,0.0,18.0,1.0,0.3,0.8,85.6,85.6,85.6,85.6,1.0,0.0,18.0,1.0,0.8,0.0,0.0,0.0,0.0,1.0,0.0,18.0,1.0,0.3,0.8,0.0,0.0,0.0,0.0,1.0,0.0,18.0,1.0,0.3,0.8,0.0,0.0,0.0,0.0,1.0,0.0,18.0,1.0,0.3,0.8,1006.5,1006.5,1006.5,1006.5,1.0,0.0,18.0,1.0,0.3,0.8,7.0,7.0,7.0,7.0,1.0,0.0,18.0,1.0,0.3,0.8,0.0,0.0,0.0,0.0,1.0,0.0,18.0,1.0,0.3,0.8,0.0,0.0,0.0,0.0,1.0,0.0,18.0,1.0,0.3,0.8,1.4,1.4,1.4,1.4,1.0,0.0,18.0,1.0,0.3,0.8,0.0,0.0,0.0,0.0,1.0,0.0,18.0,1.0,0.3,0.8,5.03,5.03,5.03,5.03,1.0,0.0,18.0,1.0,0.3,0.8,0.0,0.0,0.0,0.0,1.0,0.0,18.0,1.0,0.3,0.8,0.0,0.0,0.0,0.0,1.0,0.0,18.0,1.0,0.3,0.8,0.0,0.0,0.0,0.0,1.0,0.0,18.0,1.0,0.3,0.8,0.0,0.0,0.0,0.0,1.0,0.0,18.0,1.0,0.3,0.8,0.0,0.0,0.0,0.0,1.0,0.0,18.0,1.0,0.3,0.8,0.0,0.0,0.0,0.0,1.0,0.0,18.0,1.0,0.3,0.8,0.0,0.0,0.0,0.0,1.0,0.0,18.0,1.0,0.3,0.8,0.0,0.0,0.0,0.0,1.0,0.0,18.0,1.0,0.3,0.8,0.0,0.0,0.0,0.0,1.0,0.0,18.0,1.0,0.3,0.8
1974,2,131.0,5.0,28.0,28.0,28.0,28.0,1.0,0.0,12.0,0.0,0.4,0.5,28.5,28.5,28.5,28.5,1.0,0.0,12.0,0.0,0.4,0.5,18.33,18.33,18.33,18.33,1.0,0.0,12.0,0.0,0.4,0.5,75.3,75.3,75.3,75.3,1.0,0.0,12.0,0.0,0.5,9.3,9.3,9.3,9.3,1.0,0.0,12.0,0.0,0.4,0.5,-9.16,-9.16,-9.16,-9.16,1.0,0.0,12.0,0.0,0.4,0.5,-1.61,-1.61,-1.61,-1.61,1.0,0.0,12.0,0.0,0.4,0.5,1010.0,1010.0,1010.0,1010.0,1.0,0.0,12.0,0.0,0.4,0.5,3.0,3.0,3.0,3.0,1.0,0.0,12.0,0.0,0.4,0.5,-85.2,-85.2,-85.2,-85.2,1.0,0.0,12.0,0.0,0.4,0.5,-15.0,-15.0,-15.0,-15.0,1.0,0.0,12.0,0.0,0.4,0.5,-0.5,-0.5,-0.5,-0.5,1.0,0.0,12.0,0.0,0.4,0.5,-4.6,-4.6,-4.6,-4.6,1.0,0.0,12.0,0.0,0.4,0.5,5.4,5.4,5.4,5.4,1.0,0.0,12.0,0.0,0.4,0.5,50.3,50.3,50.3,50.3,1.0,0.0,12.0,0.0,0.4,0.5,-261.0,-261.0,-261.0,-261.0,1.0,0.0,12.0,0.0,0.4,0.5,-46.0,-46.0,-46.0,-46.0,1.0,0.0,12.0,0.0,0.4,0.5,-167.9,-167.9,-167.9,-167.9,1.0,0.0,12.0,0.0,0.4,0.5,-29.6,-29.6,-29.6,-29.6,1.0,0.0,12.0,0.0,0.4,0.5,-49.5,-49.5,-49.5,-49.5,1.0,0.0,12.0,0.0,0.4,0.5,-8.7,-8.7,-8.7,-8.7,1.0,0.0,12.0,0.0,0.4,0.5,804.5,804.5,804.5,804.5,1.0,0.0,12.0,0.0,0.4,0.5,805.0,805.0,805.0,805.0,1.0,0.0,12.0,0.0,0.4,0.5
1974,2,131.0,6.0,28.0,28.0,28.68,28.33,3.0,0.58,8.0,0.7,0.2,0.8,27.16,27.5,29.89,28.5,3.0,2.18,8.0,0.7,0.2,0.8,17.84,18.71,18.72,18.29,3.0,0.74,8.0,0.7,0.2,0.8,70.1,78.3,80.6,75.5,3.0,8.1,8.0,0.7,0.8,5.74,8.2,10.66,8.2,3.0,3.6,8.0,0.7,0.2,0.8,-10.5,-7.71,-4.85,-7.68,3.0,4.14,8.0,0.7,0.2,0.8,-2.91,-2.8,-0.89,-1.92,3.0,1.66,8.0,0.7,0.2,0.8,1008.95,1011.0,1012.37,1010.67,3.0,2.52,8.0,0.7,0.2,0.8,2.3,3.0,5.7,4.0,3.0,2.6,8.0,0.7,0.2,0.8,-115.1,-63.2,-31.1,-72.9,3.0,62.1,8.0,0.7,0.2,0.8,-20.0,-13.6,-4.3,-12.2,3.0,11.6,8.0,0.7,0.2,0.8,-1.73,1.0,1.34,-0.17,3.0,2.47,8.0,0.7,0.2,0.8,-5.7,11.8,12.1,3.4,3.0,14.9,8.0,0.7,0.2,0.8,5.46,6.27,6.34,5.91,3.0,0.72,8.0,0.7,0.2,0.8,32.5,52.3,67.1,49.9,3.0,25.4,8.0,0.7,0.2,0.8,-284.7,-211.9,-141.8,-213.2,3.0,104.7,8.0,0.7,0.2,0.8,-87.0,-77.1,-24.5,-56.3,3.0,49.3,8.0,0.7,0.2,0.8,-186.3,-144.3,-90.8,-138.7,3.0,70.1,8.0,0.7,0.2,0.8,-54.4,-52.5,-16.7,-35.9,3.0,31.2,8.0,0.7,0.2,0.8,-66.1,-49.1,-27.8,-47.0,3.0,28.1,8.0,0.7,0.2,0.8,-17.0,-15.0,-4.8,-11.0,3.0,9.6,8.0,0.7,0.2,0.8,241.5,551.5,1296.5,764.0,3.0,794.5,8.0,0.7,0.2,0.8,240.0,550.0,1295.0,765.0,3.0,795.0,8.0,0.7,0.2,0.8
1974,2,131.0,7.0,28.0,28.0,28.52,28.25,4.0,0.5,10.0,0.8,0.4,0.5,26.71,28.25,30.05,28.38,4.0,2.14,10.0,0.8,0.4,0.5,18.22,19.01,19.32,18.78,4.0,0.87,10.0,0.8,0.4,0.5,71.5,79.7,84.4,78.0,4.0,8.1,10.0,0.8,0.5,6.08,8.2,9.8,7.95,4.0,2.58,10.0,0.8,0.4,0.5,-8.34,-6.95,-5.02,-6.69,4.0,2.41,10.0,0.8,0.4,0.5,-5.5,-4.18,-2.79,-4.15,4.0,1.57,10.0,0.8,0.4,0.5,1009.57,1011.4,1011.76,1010.7,4.0,1.82,10.0,0.8,0.4,0.5,3.0,4.5,6.0,4.5,4.0,2.1,10.0,0.8,0.4,0.5,-80.5,-56.8,-35.0,-57.7,4.0,34.6,10.0,0.8,0.4,0.5,-53.7,-34.5,-16.8,-35.2,4.0,21.6,10.0,0.8,0.4,0.5,-1.57,0.25,1.29,-0.12,4.0,2.1,10.0,0.8,0.4,0.5,-7.2,1.9,13.1,2.9,4.0,14.6,10.0,0.8,0.4,0.5,4.42,5.44,6.16,5.3,4.0,1.03,10.0,0.8,0.4,0.5,26.6,42.7,60.4,43.4,4.0,20.3,10.0,0.8,0.4,0.5,-222.1,-196.1,-149.2,-186.2,4.0,55.9,10.0,0.8,0.4,0.5,-151.8,-116.0,-81.6,-116.7,4.0,41.7,10.0,0.8,0.4,0.5,-153.4,-134.0,-95.4,-124.8,4.0,41.4,10.0,0.8,0.4,0.5,-100.7,-75.5,-53.8,-77.2,4.0,27.3,10.0,0.8,0.4,0.5,-49.7,-35.5,-23.0,-36.3,4.0,17.4,10.0,0.8,0.4,0.5,-33.9,-23.6,-12.4,-23.1,4.0,12.4,10.0,0.8,0.4,0.5,268.5,557.5,973.5,618.0,4.0,486.5,10.0,0.8,0.4,0.5,270.0,560.0,975.0,620.0,4.0,485.0,10.0,0.8,0.4,0.5
1974,2,131.0,8.0,28.0,28.0,28.0,28.0,1.0,0.0,2.0,1.0,0.2,0.2,30.0,30.0,30.0,30.0,1.0,0.0,2.0,1.0,0.2,0.2,21.08,21.08,21.08,21.08,1.0,0.0,2.0,1.0,0.2,0.2,79.2,79.2,79.2,79.2,1.0,0.0,2.0,1.0,0.2,6.7,6.7,6.7,6.7,1.0,0.0,2.0,1.0,0.2,0.2,-6.7,-6.7,-6.7,-6.7,1.0,0.0,2.0,1.0,0.2,0.2,0.0,0.0,0.0,0.0,1.0,0.0,2.0,1.0,0.2,0.2,1009.3,1009.3,1009.3,1009.3,1.0,0.0,2.0,1.0,0.2,0.2,5.0,5.0,5.0,5.0,1.0,0.0,2.0,1.0,0.2,0.2,-44.9,-44.9,-44.9,-44.9,1.0,0.0,2.0,1.0,0.2,0.2,0.0,0.0,0.0,0.0,1.0,0.0,2.0,1.0,0.2,0.2,-2.0,-2.0,-2.0,-2.0,1.0,0.0,2.0,1.0,0.2,0.2,-13.4,-13.4,-13.4,-13.4,1.0,0.0,2.0,1.0,0.2,0.2,2.67,2.67,2.67,2.67,1.0,0.0,2.0,1.0,0.2,0.2,17.9,17.9,17.9,17.9,1.0,0.0,2.0,1.0,0.2,0.2,-201.0,-201.0,-201.0,-201.0,1.0,0.0,2.0,1.0,0.2,0.2,0.0,0.0,0.0,0.0,1.0,0.0,2.0,1.0,0.2,0.2,-141.2,-141.2,-141.2,-141.2,1.0,0.0,2.0,1.0,0.2,0.2,0.0,0.0,0.0,0.0,1.0,0.0,2.0,1.0,0.2,0.2,-17.9,-17.9,-17.9,-17.9,1.0,0.0,2.0,1.0,0.2,0.2,0.0,0.0,0.0,0.0,1.0,0.0,2.0,1.0,0.2,0.2,301.0,301.0,301.0,301.0,1.0,0.0,2.0,1.0,0.2,0.2,300.0,300.0,300.0,300.0,1.0,0.0,2.0,1.0,0.2,0.2
1974,2,131.0,9.0,26.71,28.0,28.0,27.44,5.0,0.82,6.0,0.8,0.4,0.2,26.56,27.75,28.52,27.78,6.0,1.54,8.0,0.7,0.4,0.3,18.25,18.68,19.5,18.83,5.0,0.9,6.0,0.8,0.4,0.2,75.3,78.9,81.9,79.0,5.0,5.1,6.0,0.8,0.2,6.66,8.75,10.4,8.4,6.0,2.28,8.0,0.7,0.4,0.3,-8.87,-7.65,-6.08,-7.33,6.0,1.93,8.0,0.7,0.4,0.3,-5.91,-2.74,-0.99,-3.34,6.0,2.88,8.0,0.7,0.4,0.3,1007.63,1009.15,1011.21,1009.35,6.0,1.89,8.0,0.7,0.4,0.3,4.0,4.5,6.2,5.0,6.0,1.3,8.0,0.7,0.4,0.3,-85.4,-67.7,-44.3,-64.5,6.0,28.1,8.0,0.7,0.4,0.3,-63.1,-20.1,-7.1,-31.5,6.0,32.1,8.0,0.7,0.4,0.3,-1.23,-0.5,0.0,-0.7,5.0,1.04,6.0,0.8,0.4,0.2,-11.8,-2.3,0.0,-6.1,5.0,9.8,6.0,0.8,0.4,0.2,3.12,4.81,5.06,4.16,5.0,1.24,6.0,0.8,0.4,0.2,22.5,34.0,38.3,31.3,5.0,8.6,6.0,0.8,0.4,0.2,-248.0,-214.1,-162.9,-204.0,6.0,56.2,8.0,0.7,0.4,0.3,-154.9,-80.1,-27.8,-91.1,6.0,76.1,8.0,0.7,0.4,0.3,-161.0,-132.5,-106.2,-131.5,5.0,39.3,6.0,0.8,0.4,0.2,-95.8,-40.4,-14.8,-55.8,5.0,58.3,6.0,0.8,0.4,0.2,-38.0,-31.9,-17.5,-28.6,5.0,11.4,6.0,0.8,0.4,0.2,-13.7,-11.1,-4.0,-9.3,5.0,6.5,6.0,0.8,0.4,0.2,316.5,678.0,1127.0,696.5,6.0,440.5,8.0,0.7,0.4,0.3,315.0,680.0,1125.0,695.0,6.0,440.0,8.0,0.7,0.4,0.3
1974,2,131.0,10.0,27.91,28.35,28.79,28.35,2.0,0.92,2.0,0.5,0.4,0.8,26.48,27.5,28.52,27.5,2.0,2.12,2.0,0.5,0.4,0.8,17.93,18.21,18.5,18.21,2.0,0.59,2.0,0.5,0.4,0.8,76.1,79.5,83.0,79.5,2.0,7.2,2.0,0.5,0.8,7.53,8.25,8.97,8.25,2.0,1.48,2.0,0.5,0.4,0.8,-8.83,-8.12,-7.42,-8.12,2.0,1.46,2.0,0.5,0.4,0.8,-1.16,-0.18,0.8,-0.18,2.0,2.03,2.0,0.5,0.4,0.8,1009.48,1010.5,1011.52,1010.5,2.0,2.12,2.0,0.5,0.4,0.8,3.3,4.0,4.7,4.0,2.0,1.4,2.0,0.5,0.4,0.8,-79.8,-68.1,-56.5,-68.1,2.0,24.1,2.0,0.5,0.4,0.8,-11.2,-3.0,5.2,-3.0,2.0,17.0,2.0,0.5,0.4,0.8,0.27,0.85,1.43,0.85,2.0,1.2,2.0,0.5,0.4,0.8,2.5,7.9,13.3,7.9,2.0,11.2,2.0,0.5,0.4,0.8,5.69,6.02,6.35,6.02,2.0,0.67,2.0,0.5,0.4,0.8,47.5,49.2,50.8,49.2,2.0,3.4,2.0,0.5,0.4,0.8,-233.0,-221.9,-210.8,-221.9,2.0,23.0,2.0,0.5,0.4,0.8,-29.6,-2.9,23.8,-2.9,2.0,55.3,2.0,0.5,0.4,0.8,-158.1,-147.6,-137.0,-147.6,2.0,21.8,2.0,0.5,0.4,0.8,-20.5,-2.7,15.0,-2.7,2.0,36.8,2.0,0.5,0.4,0.8,-50.0,-48.4,-46.8,-48.4,2.0,3.3,2.0,0.5,0.4,0.8,-6.2,-0.4,5.4,-0.4,2.0,12.1,2.0,0.5,0.4,0.8,441.5,589.0,736.0,589.0,2.0,305.0,2.0,0.5,0.4,0.8,440.0,590.0,735.0,590.0,2.0,305.0,2.0,0.5,0.4,0.8
1974,2,131.0,11.0,27.02,27.7,28.25,27.63,3.0,0.9,12.0,1.0,0.4,0.5,26.71,27.5,28.81,27.75,4.0,1.66,12.0,0.8,0.5,0.5,18.94,19.58,20.27,19.61,3.0,0.97,12.0,1.0,0.4,0.5,78.6,81.2,84.0,81.3,3.0,4.0,12.0,1.0,0.5,10.54,10.8,14.05,12.23,4.0,3.19,12.0,0.8,0.5,0.5,-12.85,-10.08,-6.3,-9.6,4.0,4.64,12.0,0.8,0.5,0.5,-9.12,-6.95,-2.57,-5.89,4.0,4.32,12.0,0.8,0.5,0.5,1009.81,1010.85,1011.05,1010.45,4.0,0.98,12.0,0.8,0.5,0.5,6.5,7.5,8.0,7.3,4.0,1.0,12.0,0.8,0.5,0.5,-186.7,-108.8,-67.1,-126.1,4.0,89.8,12.0,0.8,0.5,0.5,-123.2,-79.0,-27.8,-75.6,4.0,61.5,12.0,0.8,0.5,0.5,-2.19,0.2,0.75,-0.7,3.0,2.29,12.0,1.0,0.4,0.5,-22.5,2.2,12.3,-4.9,3.0,26.2,12.0,1.0,0.4,0.5,2.43,4.64,4.78,3.63,3.0,1.93,12.0,1.0,0.4,0.5,25.8,50.1,72.2,49.0,3.0,34.0,12.0,1.0,0.4,0.5,-353.5,-270.1,-171.1,-262.7,4.0,124.4,12.0,0.8,0.5,0.5,-263.4,-187.1,-66.8,-166.1,4.0,126.8,12.0,0.8,0.5,0.5,-260.7,-201.4,-113.4,-187.4,3.0,108.6,12.0,1.0,0.4,0.5,-188.8,-166.5,-52.8,-121.9,3.0,106.8,12.0,1.0,0.4,0.5,-64.6,-50.1,-19.3,-42.1,3.0,33.9,12.0,1.0,0.4,0.5,-32.4,-13.6,-4.3,-18.3,3.0,21.0,12.0,1.0,0.4,0.5,1172.0,1259.5,3173.5,2131.5,4.0,1856.0,12.0,0.8,0.5,0.5,1170.0,1260.0,3175.0,2130.0,4.0,1855.0,12.0,0.8,0.5,0.5
1974,2,131.0,12.0,27.13,27.9,28.41,27.84,10.0,0.66,14.0,0.7,0.4,0.4,25.71,27.1,28.9,27.25,10.0,1.78,14.0,0.7,0.4,0.4,16.65,18.72,19.55,18.16,9.0,1.53,12.0,0.7,0.4,0.5,73.2,84.2,91.8,82.4,9.0,11.2,12.0,0.7,0.5,7.33,8.2,14.86,10.57,9.0,4.95,14.0,0.7,0.5,0.4,-13.21,-7.24,-6.39,-8.72,9.0,3.94,14.0,0.7,0.5,0.4,-9.9,-2.63,0.91,-4.01,9.0,5.55,14.0,0.7,0.5,0.4,1007.59,1009.6,1010.7,1009.72,10.0,2.3,14.0,0.7,0.4,0.4,3.0,6.0,7.9,5.5,8.0,2.2,14.0,0.8,0.4,0.5,-188.7,-55.7,-51.2,-107.5,9.0,100.3,14.0,0.7,0.5,0.4,-135.4,-20.3,6.6,-63.0,9.0,95.2,14.0,0.7,0.5,0.4,-1.11,0.25,2.46,0.59,10.0,2.02,14.0,0.7,0.4,0.4,-13.0,0.5,19.7,4.0,9.0,19.3,14.0,0.7,0.5,0.4,4.18,5.13,6.6,5.36,9.0,1.43,12.0,0.7,0.4,0.5,33.8,50.3,80.3,57.3,8.0,30.6,12.0,0.6,0.4,0.4,-358.3,-195.0,-169.0,-239.8,9.0,105.7,14.0,0.7,0.5,0.4,-279.3,-80.3,25.1,-109.9,9.0,152.9,14.0,0.7,0.5,0.4,-238.9,-133.6,-117.1,-161.9,8.0,79.1,12.0,0.6,0.4,0.4,-204.5,-71.2,18.3,-80.2,8.0,113.7,12.0,0.6,0.4,0.4,-79.7,-37.1,-26.2,-47.9,8.0,27.5,12.0,0.6,0.4,0.4,-48.2,-16.8,6.5,-20.3,8.0,28.9,12.0,0.6,0.4,0.4,395.5,551.5,3316.5,1968.0,9.0,2794.0,14.0,0.7,0.5,0.4,395.0,550.0,3315.0,1970.0,9.0,2795.0,14.0,0.7,0.5,0.4
1974,2,131.0,13.0,26.65,27.5,28.5,27.46,17.0,1.22,20.0,0.5,0.3,0.4,25.0,26.4,27.9,26.44,19.0,1.51,18.0,0.5,0.3,0.4,16.51,17.55,18.84,17.63,19.0,1.4,18.0,0.5,0.3,0.4,75.8,81.0,88.2,81.8,19.0,6.6,18.0,0.5,0.4,7.56,11.3,14.27,11.56,19.0,3.95,18.0,0.5,0.3,0.4,-10.46,-7.58,-5.28,-7.87,19.0,3.66,18.0,0.5,0.3,0.4,-12.33,-7.53,-2.96,-7.23,19.0,4.76,18.0,0.5,0.3,0.4,1008.1,1010.5,1011.99,1010.41,19.0,1.81,18.0,0.5,0.3,0.4,3.0,6.0,8.0,5.8,16.0,2.0,20.0,0.6,0.3,0.4,-116.4,-89.5,-37.6,-98.7,19.0,80.0,18.0,0.5,0.3,0.4,-188.8,-81.3,-18.3,-97.3,19.0,86.0,18.0,0.5,0.3,0.4,-0.78,0.0,3.0,0.84,17.0,1.95,20.0,0.5,0.3,0.4,-8.5,0.0,44.9,12.1,17.0,26.9,20.0,0.5,0.3,0.4,3.34,5.12,7.4,5.2,17.0,2.2,20.0,0.5,0.3,0.4,33.2,47.4,105.2,60.1,17.0,40.1,20.0,0.5,0.3,0.4,-289.7,-193.4,-139.5,-206.2,19.0,93.4,18.0,0.5,0.3,0.4,-316.0,-207.0,-77.8,-189.5,19.0,121.8,18.0,0.5,0.3,0.4,-193.9,-136.2,-86.5,-138.3,19.0,64.0,18.0,0.5,0.3,0.4,-207.5,-131.9,-49.2,-126.6,19.0,82.2,18.0,0.5,0.3,0.4,-67.5,-33.9,-23.0,-42.9,17.0,30.2,20.0,0.5,0.3,0.4,-60.8,-29.1,-8.2,-35.4,17.0,35.2,20.0,0.5,0.3,0.4,434.0,1443.0,2944.5,2098.5,19.0,2268.0,18.0,0.5,0.3,0.4,435.0,1445.0,2945.0,2100.0,19.0,2270.0,18.0,0.5,0.3,0.4
1974,2,131.0,14.0,25.29,28.0,28.17,27.13,11.0,1.56,16.0,0.6,0.5,0.4,24.5,25.5,26.6,25.67,13.0,1.09,18.0,0.5,0.5,0.5,16.28,17.3,17.66,17.04,12.0,0.82,18.0,0.6,0.5,0.4,77.8,84.0,87.4,83.0,12.0,4.9,18.0,0.6,0.4,9.69,12.9,16.1,12.94,13.0,3.84,18.0,0.5,0.5,0.5,-13.25,-8.18,-5.41,-8.92,13.0,3.92,18.0,0.5,0.5,0.5,-11.94,-9.04,-2.91,-8.22,13.0,4.62,18.0,0.5,0.5,0.5,1010.08,1011.0,1012.84,1011.28,13.0,1.86,18.0,0.5,0.5,0.5,2.9,6.0,8.0,5.4,13.0,2.5,18.0,0.5,0.5,0.5,-183.7,-89.5,-52.3,-124.2,13.0,86.7,18.0,0.5,0.5,0.5,-211.1,-106.7,-30.7,-118.3,13.0,85.9,18.0,0.5,0.5,0.5,-0.5,2.5,3.44,1.56,11.0,2.07,16.0,0.6,0.5,0.4,-6.1,23.5,50.3,23.2,11.0,30.7,16.0,0.6,0.5,0.4,3.13,6.17,7.43,5.52,11.0,2.34,16.0,0.6,0.5,0.4,38.9,60.5,132.5,74.6,11.0,48.8,16.0,0.6,0.5,0.4,-337.3,-214.2,-137.7,-227.2,13.0,96.4,18.0,0.5,0.5,0.5,-313.1,-223.0,-76.2,-211.0,13.0,117.3,18.0,0.5,0.5,0.5,-232.0,-137.1,-87.5,-146.6,12.0,65.4,18.0,0.6,0.5,0.4,-201.9,-166.7,-49.3,-143.2,12.0,75.4,18.0,0.6,0.5,0.4,-84.4,-41.3,-18.6,-49.0,11.0,36.7,16.0,0.6,0.5,0.4,-91.2,-38.9,-9.3,-49.7,11.0,42.5,16.0,0.6,0.5,0.4,914.0,2146.5,4193.0,2714.0,13.0,2376.0,18.0,0.5,0.5,0.5,915.0,2145.0,4195.0,2715.0,13.0,2375.0,18.0,0.5,0.5,0.5
1974,2,131.0,15.0,27.0,28.0,28.21,27.62,11.0,0.78,12.0,0.6,0.5,0.5,24.06,25.3,26.7,25.42,14.0,1.35,14.0,0.6,0.5,0.4,15.1,16.43,17.51,16.42,13.0,1.11,14.0,0.6,0.5,0.5,73.8,80.5,84.2,80.1,13.0,5.2,14.0,0.6,0.5,6.76,12.35,15.4,11.53,14.0,4.69,14.0,0.6,0.5,0.4,-9.9,-8.33,-5.15,-7.75,14.0,3.61,14.0,0.6,0.5,0.4,-11.8,-7.77,-4.32,-7.57,14.0,5.08,14.0,0.6,0.5,0.4,1008.0,1011.0,1014.86,1011.65,13.0,3.34,14.0,0.6,0.5,0.5,6.0,7.0,8.0,6.8,14.0,1.4,14.0,0.6,0.5,0.4,-152.4,-99.1,-35.1,-102.5,14.0,72.9,14.0,0.6,0.5,0.4,-181.7,-100.7,-20.5,-105.8,14.0,88.0,14.0,0.6,0.5,0.4,0.18,2.0,3.71,1.96,11.0,1.65,12.0,0.6,0.5,0.5,1.2,16.9,49.6,25.1,11.0,26.2,12.0,0.6,0.5,0.5,5.1,6.14,8.73,6.56,11.0,1.9,12.0,0.6,0.5,0.5,43.2,69.5,107.4,74.2,11.0,35.7,12.0,0.6,0.5,0.5,-254.3,-216.4,-129.5,-196.1,14.0,88.7,14.0,0.6,0.5,0.4,-301.0,-198.9,-108.1,-187.7,14.0,125.0,14.0,0.6,0.5,0.4,-174.1,-141.3,-77.2,-126.4,13.0,62.7,14.0,0.6,0.5,0.5,-194.2,-98.9,-63.2,-117.3,13.0,83.1,14.0,0.6,0.5,0.5,-61.2,-50.1,-28.4,-49.2,11.0,23.1,12.0,0.6,0.5,0.5,-75.5,-44.2,-18.8,-47.9,11.0,40.2,12.0,0.6,0.5,0.5,310.5,1924.5,3652.5,2221.5,14.0,1965.0,14.0,0.6,0.5,0.4,310.0,1925.0,3650.0,2220.0,14.0,1965.0,14.0,0.6,0.5,0.4
1974,2,131.0,16.0,25.6,26.95,27.79,26.61,10.0,1.46,12.0,0.4,0.4,0.5,23.87,25.0,25.55,24.78,12.0,1.09,14.0,0.3,0.4,0.5,13.31,15.41,17.06,15.32,11.0,1.89,14.0,0.4,0.4,0.5,69.5,80.9,91.5,79.6,11.0,12.3,14.0,0.4,0.5,5.92,14.4,15.53,12.08,12.0,4.49,14.0,0.3,0.4,0.5,-10.88,-8.76,-4.19,-7.95,12.0,4.16,14.0,0.3,0.4,0.5,-11.97,-9.49,-4.47,-8.42,12.0,3.94,14.0,0.3,0.4,0.5,1011.04,1013.3,1015.34,1013.21,12.0,2.7,14.0,0.3,0.4,0.5,3.5,6.5,8.0,5.8,12.0,2.5,14.0,0.3,0.4,0.5,-169.4,-103.7,-21.4,-110.5,12.0,76.5,14.0,0.3,0.4,0.5,-180.1,-142.6,-33.3,-115.3,12.0,74.2,14.0,0.3,0.4,0.5,-0.33,2.25,3.79,1.97,10.0,2.31,12.0,0.4,0.4,0.5,-1.8,35.8,54.9,28.9,10.0,30.4,12.0,0.4,0.4,0.5,5.08,6.31,8.54,6.66,10.0,1.64,12.0,0.4,0.4,0.5,43.1,95.2,125.1,89.3,10.0,41.7,12.0,0.4,0.4,0.5,-271.7,-212.7,-106.2,-196.2,12.0,101.9,14.0,0.3,0.4,0.5,-290.2,-230.5,-112.6,-207.7,12.0,97.6,14.0,0.3,0.4,0.5,-173.1,-142.7,-50.7,-117.9,11.0,67.9,14.0,0.4,0.4,0.5,-184.9,-150.1,-96.2,-135.4,11.0,55.8,14.0,0.4,0.4,0.5,-79.7,-55.7,-36.2,-59.6,10.0,32.8,12.0,0.4,0.4,0.5,-89.3,-70.1,-30.9,-63.5,10.0,33.0,12.0,0.4,0.4,0.5,211.5,2986.0,3745.5,2385.5,12.0,1803.5,14.0,0.3,0.4,0.5,210.0,2985.0,3745.0,2385.0,12.0,1805.0,14.0,0.3,0.4,0.5
1974,2,131.0,17.0,24.53,25.5,26.67,25.56,11.0,1.3,16.0,0.5,0.4,0.4,23.0,24.0,25.71,24.37,11.0,1.36,16.0,0.5,0.4,0.4,13.54,15.07,16.07,14.91,11.0,1.43,16.0,0.5,0.4,0.4,75.0,78.3,84.0,78.6,11.0,7.1,16.0,0.5,0.4,7.6,11.3,14.13,11.09,9.0,3.11,16.0,0.4,0.3,0.4,-11.88,-8.29,-7.09,-9.07,9.0,2.55,16.0,0.4,0.3,0.4,-9.47,-7.2,0.91,-4.85,9.0,4.73,16.0,0.4,0.3,0.4,1011.56,1015.0,1017.74,1014.98,11.0,2.96,16.0,0.5,0.4,0.4,4.0,6.0,8.0,5.8,11.0,2.1,16.0,0.5,0.4,0.4,-168.2,-86.5,-54.5,-105.9,9.0,56.7,16.0,0.4,0.3,0.4,-117.7,-103.7,6.6,-64.8,9.0,60.8,16.0,0.4,0.3,0.4,0.0,1.9,2.5,1.19,11.0,1.48,16.0,0.5,0.4,0.4,0.0,14.4,35.0,13.8,9.0,19.6,16.0,0.4,0.3,0.4,4.49,5.16,7.36,5.57,11.0,1.58,16.0,0.5,0.4,0.4,40.2,57.0,78.0,61.3,9.0,26.6,16.0,0.4,0.3,0.4,-264.3,-212.6,-173.0,-217.6,9.0,52.1,16.0,0.4,0.3,0.4,-226.6,-158.4,21.9,-114.5,9.0,112.7,16.0,0.4,0.3,0.4,-164.4,-134.3,-111.5,-132.9,9.0,35.1,16.0,0.4,0.3,0.4,-124.6,-98.1,14.3,-67.0,9.0,65.4,16.0,0.4,0.3,0.4,-56.6,-42.2,-36.9,-49.5,9.0,21.7,16.0,0.4,0.3,0.4,-54.0,-32.8,4.9,-27.4,9.0,29.2,16.0,0.4,0.3,0.4,450.0,1443.0,2829.5,1649.5,9.0,1205.0,16.0,0.4,0.3,0.4,450.0,1445.0,2830.0,1650.0,9.0,1205.0,16.0,0.4,0.3,0.4
1974,2,131.0,18.0,24.0,25.0,25.95,24.76,14.0,1.51,14.0,0.4,0.4,0.4,22.13,24.0,24.91,23.59,15.0,1.62,16.0,0.3,0.4,0.4,10.61,14.6,15.5,13.9,15.0,2.44,16.0,0.3,0.4,0.4,64.9,78.3,83.7,76.3,15.0,9.5,16.0,0.3,0.4,6.7,8.2,12.38,8.96,15.0,2.91,16.0,0.3,0.4,0.4,-9.21,-6.45,-0.89,-5.84,15.0,3.65,16.0,0.3,0.4,0.4,-9.31,-5.83,0.0,-4.74,15.0,4.54,16.0,0.3,0.4,0.4,1011.52,1015.3,1016.39,1014.31,15.0,2.33,16.0,0.3,0.4,0.4,3.0,6.0,7.9,5.1,14.0,2.4,16.0,0.4,0.4,0.4,-96.7,-55.7,-4.2,-59.1,15.0,43.8,16.0,0.3,0.4,0.4,-108.0,-44.9,0.0,-49.2,15.0,52.2,16.0,0.3,0.4,0.4,-0.09,1.2,2.47,1.21,14.0,1.64,14.0,0.4,0.4,0.4,-0.6,7.1,30.1,12.0,14.0,16.1,14.0,0.4,0.4,0.4,4.67,5.4,8.16,5.86,14.0,2.05,14.0,0.4,0.4,0.4,30.6,55.2,78.0,54.6,14.0,29.3,14.0,0.4,0.4,0.4,-213.7,-157.4,-21.4,-139.1,15.0,88.9,16.0,0.3,0.4,0.4,-200.3,-144.0,0.0,-107.7,15.0,103.3,16.0,0.3,0.4,0.4,-137.7,-97.6,-13.1,-82.5,15.0,55.8,16.0,0.3,0.4,0.4,-117.4,-65.5,0.0,-60.1,15.0,59.2,16.0,0.3,0.4,0.4,-59.1,-38.6,-9.4,-35.8,14.0,22.1,14.0,0.4,0.4,0.4,-66.5,-25.4,0.0,-29.5,14.0,35.4,14.0,0.4,0.4,0.4,301.0,551.5,1896.5,928.0,15.0,737.5,16.0,0.3,0.4,0.4,300.0,550.0,1895.0,930.0,15.0,735.0,16.0,0.3,0.4,0.4
1974,2,131.0,19.0,24.03,25.6,27.29,25.62,10.0,1.63,22.0,0.3,0.3,0.6,22.63,24.0,25.41,24.22,11.0,2.35,20.0,0.3,0.3,0.6,12.0,14.85,16.29,14.66,11.0,3.18,20.0,0.3,0.3,0.6,68.9,78.3,84.4,76.8,11.0,8.3,20.0,0.3,0.6,5.1,6.45,9.4,7.19,10.0,2.4,20.0,0.4,0.4,0.6,-8.61,-3.67,-0.34,-4.29,10.0,4.0,20.0,0.4,0.4,0.6,-5.75,-2.02,4.37,-1.18,10.0,5.02,20.0,0.4,0.4,0.6,1012.12,1013.75,1015.78,1014.02,12.0,2.43,20.0,0.3,0.3,0.6,2.0,3.5,7.0,4.3,12.0,2.3,20.0,0.3,0.3,0.6,-81.3,-18.7,-1.6,-37.7,10.0,44.7,20.0,0.4,0.4,0.6,-50.7,-10.4,26.1,-13.3,10.0,36.6,20.0,0.4,0.4,0.6,-1.25,1.0,3.0,0.98,9.0,2.37,20.0,0.2,0.3,0.6,-16.5,10.1,18.0,4.8,7.0,15.5,20.0,0.3,0.3,0.6,1.95,5.5,7.2,5.08,9.0,2.83,20.0,0.2,0.3,0.6,6.5,37.3,56.4,34.4,7.0,22.8,20.0,0.3,0.3,0.6,-212.9,-115.0,-20.7,-116.3,9.0,95.5,20.0,0.3,0.4,0.6,-151.3,-96.9,86.8,-41.1,9.0,112.6,20.0,0.3,0.4,0.6,-134.5,-75.1,-9.8,-73.0,9.0,59.7,20.0,0.3,0.4,0.6,-73.5,-50.1,56.6,-17.5,9.0,67.1,20.0,0.3,0.4,0.6,-49.0,-34.0,-6.2,-26.6,7.0,22.1,20.0,0.3,0.3,0.6,-28.5,0.0,13.5,-6.2,7.0,23.3,20.0,0.3,0.3,0.6,132.5,269.5,861.0,492.5,10.0,505.5,20.0,0.4,0.4,0.6,135.0,270.0,860.0,495.0,10.0,505.0,20.0,0.4,0.4,0.6
1974,2,131.0,20.0,23.49,24.5,26.57,24.81,10.0,1.54,20.0,0.2,0.3,0.5,21.38,23.0,26.12,23.57,11.0,2.72,20.0,0.3,0.3,0.5,11.93,14.94,16.7,14.54,11.0,2.47,20.0,0.3,0.3,0.5,73.1,78.3,84.0,79.7,11.0,6.9,20.0,0.3,0.5,3.69,8.2,10.01,7.81,11.0,3.37,20.0,0.3,0.3,0.5,-7.57,-4.1,-0.89,-4.32,11.0,3.58,20.0,0.3,0.3,0.5,-7.95,-2.05,4.28,-2.27,11.0,6.28,20.0,0.3,0.3,0.5,1012.0,1015.5,1017.54,1014.75,11.0,2.87,20.0,0.3,0.3,0.5,2.6,6.0,7.4,5.2,11.0,2.4,20.0,0.3,0.3,0.5,-66.7,-33.6,-7.7,-41.0,11.0,34.6,20.0,0.3,0.3,0.5,-74.0,-8.4,25.2,-27.6,11.0,67.2,20.0,0.3,0.3,0.5,-1.5,2.1,3.29,1.43,10.0,2.59,20.0,0.2,0.3,0.5,-6.5,19.6,30.1,18.1,10.0,23.8,20.0,0.2,0.3,0.5,2.05,5.59,7.26,5.09,10.0,2.55,20.0,0.2,0.3,0.5,13.4,49.5,67.9,46.0,10.0,34.4,20.0,0.2,0.3,0.5,-176.6,-92.4,-18.2,-97.5,11.0,84.9,20.0,0.3,0.3,0.5,-169.5,-52.3,107.3,-44.8,11.0,135.1,20.0,0.3,0.3,0.5,-119.9,-60.0,-9.5,-61.1,11.0,55.1,20.0,0.3,0.3,0.5,-96.3,-30.6,69.5,-23.6,11.0,80.7,20.0,0.3,0.3,0.5,-44.3,-22.7,-4.5,-22.0,10.0,19.4,20.0,0.2,0.3,0.5,-58.0,-9.9,26.6,-17.1,10.0,47.9,20.0,0.2,0.3,0.5,53.0,551.5,1004.0,714.5,11.0,747.0,20.0,0.3,0.3,0.5,55.0,550.0,1005.0,715.0,11.0,745.0,20.0,0.3,0.3,0.5
1974,2,131.0,21.0,22.91,24.5,26.0,24.58,17.0,1.63,18.0,0.4,0.5,0.4,19.5,23.0,25.0,22.78,17.0,2.72,18.0,0.4,0.5,0.4,9.9,14.57,15.77,13.59,16.0,3.49,18.0,0.4,0.5,0.4,65.4,79.0,86.7,76.3,16.0,12.2,18.0,0.4,0.4,4.6,9.8,13.18,8.91,17.0,3.84,18.0,0.4,0.5,0.4,-9.02,-4.45,1.07,-3.55,17.0,4.84,18.0,0.4,0.5,0.4,-12.39,0.0,4.92,-2.13,17.0,7.57,18.0,0.4,0.5,0.4,1011.81,1014.9,1018.0,1014.69,17.0,2.84,18.0,0.4,0.5,0.4,3.1,6.0,8.0,5.8,17.0,2.3,18.0,0.4,0.5,0.4,-88.4,-48.7,3.8,-40.1,17.0,45.2,18.0,0.4,0.5,0.4,-163.4,0.0,42.7,-30.9,17.0,94.2,18.0,0.4,0.5,0.4,-1.0,1.7,4.5,1.79,17.0,2.47,18.0,0.4,0.5,0.4,-3.7,14.7,59.3,23.1,17.0,30.4,18.0,0.4,0.5,0.4,3.23,5.49,8.38,5.78,16.0,2.64,18.0,0.4,0.5,0.4,21.3,41.8,96.4,54.5,16.0,45.4,18.0,0.4,0.5,0.4,-212.0,-83.2,26.7,-77.2,17.0,114.7,18.0,0.4,0.5,0.4,-233.0,0.0,117.8,-33.5,17.0,160.3,18.0,0.4,0.5,0.4,-132.6,-41.5,22.3,-46.2,16.0,77.4,18.0,0.4,0.5,0.4,-82.7,0.0,84.3,-0.3,16.0,89.2,18.0,0.4,0.5,0.4,-48.7,-21.8,8.8,-21.0,16.0,27.1,18.0,0.4,0.5,0.4,-87.7,0.0,16.1,-24.8,16.0,58.1,18.0,0.4,0.5,0.4,97.5,941.0,2293.5,1063.0,17.0,1008.0,18.0,0.4,0.5,0.4,95.0,940.0,2295.0,1065.0,17.0,1010.0,18.0,0.4,0.5,0.4
1974,2,131.0,22.0,22.2,24.0,25.0,23.76,23.0,1.85,16.0,0.8,0.5,0.4,20.49,23.0,25.25,22.97,23.0,2.07,16.0,0.8,0.5,0.4,10.45,14.07,15.4,13.4,20.0,2.51,18.0,0.9,0.5,0.4,66.8,78.5,85.7,76.8,20.0,9.9,18.0,0.9,0.4,4.28,8.2,10.3,7.63,23.0,3.03,16.0,0.8,0.5,0.4,-9.3,-2.8,1.8,-3.12,23.0,5.2,16.0,0.8,0.5,0.4,-7.99,-0.99,2.87,-1.67,23.0,5.47,16.0,0.8,0.5,0.4,1010.77,1016.25,1018.61,1015.41,24.0,3.91,16.0,0.8,0.5,0.4,4.7,6.0,7.3,5.9,24.0,1.5,16.0,0.8,0.5,0.4,-86.5,-23.0,9.9,-28.9,23.0,50.4,16.0,0.8,0.5,0.4,-76.5,-2.2,15.0,-17.9,23.0,52.0,16.0,0.8,0.5,0.4,-0.6,1.0,2.4,0.9,22.0,1.97,16.0,0.8,0.5,0.4,-4.5,5.2,17.2,7.0,22.0,17.7,16.0,0.8,0.5,0.4,2.75,5.19,7.61,5.08,20.0,2.5,18.0,0.9,0.5,0.4,8.3,37.6,62.4,40.2,20.0,30.1,18.0,0.9,0.5,0.4,-213.3,-65.6,0.0,-80.8,22.0,115.2,16.0,0.8,0.5,0.4,-152.0,-11.1,65.6,-23.7,22.0,118.6,16.0,0.8,0.5,0.4,-126.5,-37.4,0.0,-51.8,20.0,69.5,18.0,0.9,0.5,0.4,-70.7,0.0,39.9,-2.4,20.0,63.6,18.0,0.9,0.5,0.4,-49.0,-13.6,0.0,-17.8,20.0,25.2,18.0,0.9,0.5,0.4,-58.2,0.0,8.2,-13.5,20.0,38.0,18.0,0.9,0.5,0.4,97.0,551.5,1092.5,629.0,23.0,508.0,16.0,0.8,0.5,0.4,95.0,550.0,1095.0,630.0,23.0,510.0,16.0,0.8,0.5,0.4
1974,2,131.0,23.0,21.67,23.1,24.0,23.03,18.0,1.87,18.0,0.7,0.5,0.4,18.35,21.65,22.86,20.92,18.0,1.99,18.0,0.7,0.5,0.4,9.08,13.39,14.41,12.49,16.0,2.53,18.0,0.6,0.5,0.3,70.0,80.8,90.1,80.1,16.0,10.3,18.0,0.6,0.3,2.95,6.7,9.3,6.27,18.0,3.13,18.0,0.7,0.5,0.4,-6.77,-4.01,0.0,-3.16,18.0,3.84,18.0,0.7,0.5,0.4,-7.74,-1.22,0.23,-2.66,18.0,4.3,18.0,0.7,0.5,0.4,1010.96,1016.15,1020.34,1015.96,18.0,4.27,18.0,0.7,0.5,0.4,4.4,6.0,8.0,6.0,18.0,1.9,18.0,0.7,0.5,0.4,-53.1,-24.9,0.0,-25.8,18.0,27.9,18.0,0.7,0.5,0.4,-72.0,-3.2,0.3,-24.4,18.0,42.0,18.0,0.7,0.5,0.4,-0.4,1.0,5.5,2.11,18.0,3.01,18.0,0.7,0.5,0.4,-1.6,5.4,50.0,15.4,18.0,26.0,18.0,0.7,0.5,0.4,2.03,3.72,8.68,5.01,16.0,3.27,18.0,0.6,0.5,0.3,5.8,19.6,84.8,34.1,16.0,36.2,18.0,0.6,0.5,0.3,-144.1,-84.7,0.0,-64.4,18.0,83.7,18.0,0.7,0.5,0.4,-140.7,-25.9,5.0,-48.6,18.0,80.0,18.0,0.7,0.5,0.4,-94.2,-50.1,-4.6,-42.1,16.0,47.6,18.0,0.6,0.5,0.3,-65.9,-17.0,6.8,-23.7,16.0,42.1,18.0,0.6,0.5,0.3,-26.8,-15.2,-0.9,-15.3,16.0,17.4,18.0,0.6,0.5,0.3,-72.0,-2.8,0.8,-21.9,16.0,38.6,18.0,0.6,0.5,0.3,26.0,306.0,804.5,410.0,18.0,409.5,18.0,0.7,0.5,0.4,25.0,305.0,805.0,410.0,18.0,410.0,18.0,0.7,0.5,0.4
1974,2,131.0,24.0,21.23,21.9,22.0,21.8,8.0,0.59,14.0,0.4,0.5,0.3,15.84,19.5,21.44,19.09,8.0,2.47,14.0,0.4,0.5,0.3,7.16,11.95,13.21,11.04,7.0,2.81,14.0,0.3,0.5,0.4,64.7,82.3,83.3,76.9,7.0,12.3,14.0,0.3,0.4,5.33,8.1,8.7,7.6,8.0,1.93,14.0,0.4,0.5,0.3,-8.12,-5.51,-1.48,-4.45,8.0,4.8,14.0,0.4,0.5,0.3,-7.44,0.0,2.84,-1.08,8.0,4.77,14.0,0.4,0.5,0.3,1016.04,1017.9,1019.7,1017.86,8.0,2.59,14.0,0.4,0.5,0.3,6.1,7.0,8.0,6.9,8.0,1.4,14.0,0.4,0.5,0.3,-69.8,-34.7,-12.6,-38.8,8.0,40.0,14.0,0.4,0.5,0.3,-63.3,0.0,24.0,-10.6,8.0,39.9,14.0,0.4,0.5,0.3,0.59,2.0,6.07,2.71,8.0,2.46,14.0,0.4,0.5,0.3,3.3,13.4,52.1,22.4,8.0,22.1,14.0,0.4,0.5,0.3,2.99,4.23,8.47,5.13,7.0,2.67,14.0,0.3,0.5,0.4,20.3,32.6,81.2,41.5,7.0,30.0,14.0,0.3,0.5,0.4,-173.2,-117.4,-22.9,-87.9,8.0,96.4,14.0,0.4,0.5,0.3,-115.4,0.0,61.2,-10.5,8.0,80.2,14.0,0.4,0.5,0.3,-86.7,-73.8,-7.5,-52.9,7.0,56.2,14.0,0.3,0.5,0.4,-2.9,0.0,39.7,7.1,7.0,35.7,14.0,0.3,0.5,0.4,-36.5,-18.8,-9.5,-25.2,7.0,32.7,14.0,0.3,0.5,0.4,-3.8,0.0,10.9,-7.5,7.0,32.2,14.0,0.3,0.5,0.4,159.5,535.5,658.5,510.5,8.0,322.5,14.0,0.4,0.5,0.3,160.0,535.0,660.0,510.0,8.0,325.0,14.0,0.4,0.5,0.3
1974,2,131.0,25.0,20.5,21.1,21.11,20.69,7.0,0.99,14.0,0.7,0.6,0.5,17.14,20.4,20.61,19.27,7.0,2.39,14.0,0.7,0.6,0.5,6.49,10.57,12.97,10.08,6.0,3.08,14.0,0.8,0.6,0.5,56.2,70.3,91.9,72.5,6.0,17.0,14.0,0.8,0.5,4.98,6.2,8.4,6.87,7.0,2.69,14.0,0.7,0.6,0.5,-3.83,2.29,4.0,0.41,7.0,3.75,14.0,0.7,0.6,0.5,-6.55,-3.52,3.49,-1.7,7.0,6.69,14.0,0.7,0.6,0.5,1015.54,1017.0,1017.5,1017.49,7.0,3.63,14.0,0.7,0.6,0.5,6.8,7.0,8.0,7.2,6.0,0.8,16.0,0.8,0.5,0.5,-20.1,13.6,26.0,6.2,7.0,28.1,14.0,0.7,0.6,0.5,-47.0,-16.2,18.9,-19.1,7.0,64.7,14.0,0.7,0.6,0.5,0.41,0.7,3.04,1.41,7.0,1.81,14.0,0.7,0.6,0.5,1.6,3.6,21.4,11.6,7.0,19.0,14.0,0.7,0.6,0.5,2.81,4.91,7.12,4.99,6.0,2.41,14.0,0.8,0.6,0.5,21.8,33.8,53.4,35.2,6.0,18.1,14.0,0.8,0.6,0.5,-78.2,40.3,64.2,2.2,7.0,72.0,14.0,0.7,0.6,0.5,-115.0,-72.2,72.1,-21.4,7.0,128.6,14.0,0.7,0.6,0.5,-39.5,20.2,33.0,4.7,6.0,39.9,14.0,0.8,0.6,0.5,-59.4,-32.6,55.8,-15.5,6.0,78.8,14.0,0.8,0.6,0.5,-7.7,17.2,20.9,10.8,6.0,15.0,14.0,0.8,0.6,0.5,-50.2,-25.9,9.8,-20.7,6.0,30.6,14.0,0.8,0.6,0.5,123.5,238.5,614.0,472.5,7.0,632.0,14.0,0.7,0.6,0.5,125.0,240.0,615.0,470.0,7.0,630.0,14.0,0.7,0.6,0.5
1974,2,131.0,26.0,19.49,21.0,21.54,20.52,11.0,1.19,10.0,0.5,0.5,0.5,14.36,17.0,20.11,17.56,13.0,2.65,12.0,0.5,0.5,0.4,7.32,9.12,11.43,9.47,12.0,2.35,12.0,0.5,0.5,0.5,67.8,77.0,86.6,76.7,12.0,9.9,12.0,0.5,0.5,5.64,8.0,10.3,8.09,13.0,2.12,12.0,0.5,0.5,0.4,-5.22,-3.86,3.97,-0.9,13.0,4.82,12.0,0.5,0.5,0.4,-9.68,-4.65,5.06,-3.76,13.0,6.0,12.0,0.5,0.5,0.4,1015.85,1019.9,1022.03,1019.65,13.0,3.44,12.0,0.5,0.5,0.4,4.2,6.0,7.3,5.6,12.0,1.9,12.0,0.4,0.5,0.4,-46.1,-19.9,36.7,-6.3,13.0,41.4,12.0,0.5,0.5,0.4,-99.7,-36.1,39.2,-35.2,13.0,57.7,12.0,0.5,0.5,0.4,0.3,2.5,4.67,2.46,11.0,2.31,10.0,0.5,0.5,0.5,2.4,22.8,33.5,19.1,11.0,17.3,10.0,0.5,0.5,0.5,2.85,5.67,7.05,5.22,10.0,2.17,10.0,0.6,0.5,0.5,23.3,41.4,55.9,41.5,10.0,18.3,10.0,0.6,0.5,0.5,-90.5,-64.5,80.1,-15.9,13.0,89.3,12.0,0.5,0.5,0.4,-140.5,-81.6,101.9,-55.8,13.0,109.1,12.0,0.5,0.5,0.4,-53.1,-34.6,29.5,-12.5,12.0,46.6,12.0,0.5,0.5,0.5,-81.4,-40.0,-5.7,-36.7,12.0,57.9,12.0,0.5,0.5,0.5,-30.0,-13.3,16.0,-9.7,10.0,25.5,10.0,0.6,0.5,0.5,-43.6,-29.9,-5.5,-28.6,10.0,24.2,10.0,0.6,0.5,0.5,180.0,512.0,1092.5,630.0,13.0,434.0,12.0,0.5,0.5,0.4,180.0,510.0,1095.0,630.0,13.0,435.0,12.0,0.5,0.5,0.4
1974,2,131.0,27.0,18.23,18.9,20.7,19.03,8.0,1.87,12.0,0.1,0.3,0.5,12.9,13.0,15.07,13.96,10.0,1.82,12.0,0.2,0.3,0.5,6.24,7.17,7.5,6.92,5.0,0.66,14.0,0.2,0.2,0.4,67.4,73.4,79.9,73.5,5.0,7.1,14.0,0.2,0.4,7.83,11.9,15.89,11.56,10.0,4.24,12.0,0.2,0.3,0.5,4.01,4.96,10.08,6.18,10.0,3.86,12.0,0.2,0.3,0.5,-11.26,-10.79,-6.42,-8.75,10.0,4.91,12.0,0.2,0.3,0.5,1016.4,1019.45,1021.24,1019.36,10.0,2.94,12.0,0.2,0.3,0.5,5.0,6.0,7.0,6.0,9.0,1.1,12.0,0.2,0.3,0.5,34.5,51.5,159.0,83.6,10.0,78.6,12.0,0.2,0.3,0.5,-191.0,-130.9,-53.9,-116.8,10.0,70.3,12.0,0.2,0.3,0.5,2.8,5.45,6.0,4.83,8.0,1.7,12.0,0.1,0.3,0.5,16.6,64.1,87.4,60.7,8.0,34.7,12.0,0.1,0.3,0.5,5.21,5.75,7.34,6.15,5.0,1.25,14.0,0.2,0.2,0.4,55.3,73.6,99.9,77.5,5.0,37.8,14.0,0.2,0.2,0.4,52.8,64.3,144.8,86.7,10.0,59.7,12.0,0.2,0.3,0.5,-166.7,-140.2,-84.5,-116.1,10.0,71.9,12.0,0.2,0.3,0.5,29.6,37.0,64.6,47.7,5.0,30.3,14.0,0.2,0.2,0.4,-90.6,-76.3,-46.4,-69.5,5.0,27.9,14.0,0.2,0.2,0.4,24.1,35.4,60.9,44.2,5.0,33.7,14.0,0.2,0.2,0.4,-79.3,-63.7,-46.8,-61.7,5.0,24.4,14.0,0.2,0.2,0.4,564.5,1685.5,4087.5,2089.0,10.0,1811.5,12.0,0.2,0.3,0.5,565.0,1685.0,4090.0,2090.0,10.0,1810.0,12.0,0.2,0.3,0.5
1974,2,131.0,28.0,18.81,20.0,21.0,19.95,36.0,1.22,10.0,0.6,0.3,0.5,12.0,15.6,18.71,15.54,37.0,3.17,12.0,0.6,0.3,0.5,6.05,7.71,10.66,8.31,28.0,2.38,12.0,0.6,0.3,0.4,59.9,70.1,87.8,72.6,28.0,13.0,12.0,0.6,0.4,6.06,9.55,12.31,9.27,38.0,3.26,12.0,0.6,0.3,0.5,-3.13,1.54,6.21,0.83,38.0,4.85,12.0,0.6,0.3,0.5,-10.87,-5.71,6.56,-3.28,38.0,7.98,12.0,0.6,0.3,0.5,1012.09,1019.9,1022.83,1018.47,38.0,4.61,12.0,0.6,0.3,0.5,4.0,7.0,8.0,6.2,37.0,2.1,10.0,0.6,0.3,0.5,-16.3,13.1,68.2,12.0,38.0,53.6,12.0,0.6,0.3,0.5,-134.3,-42.7,45.1,-36.7,38.0,93.3,12.0,0.6,0.3,0.5,1.47,4.5,7.2,4.48,35.0,3.42,12.0,0.6,0.3,0.5,10.1,46.5,87.7,45.8,35.0,45.0,12.0,0.6,0.3,0.5,3.91,6.81,8.19,5.94,28.0,2.49,12.0,0.6,0.3,0.4,24.7,52.0,84.7,54.9,28.0,32.5,12.0,0.6,0.3,0.4,-51.3,21.3,80.2,9.0,37.0,75.2,12.0,0.6,0.3,0.5,-150.1,-78.9,127.0,-30.1,37.0,126.6,12.0,0.6,0.3,0.5,-30.6,5.3,45.5,5.7,28.0,43.4,12.0,0.6,0.3,0.4,-68.1,-35.6,82.1,-8.6,28.0,72.6,12.0,0.6,0.3,0.4,-22.5,0.0,40.7,5.1,28.0,36.8,12.0,0.6,0.3,0.4,-66.4,-39.2,20.9,-29.1,28.0,43.9,12.0,0.6,0.3,0.4,225.0,873.0,1866.5,1079.5,38.0,919.5,12.0,0.6,0.3,0.5,225.0,875.0,1865.0,1080.0,38.0,920.0,12.0,0.6,0.3,0.5
1974,2,131.0,29.0,18.63,20.0,21.7,20.13,18.0,1.53,14.0,0.5,0.5,0.4,12.84,16.8,18.0,16.14,23.0,2.96,14.0,0.6,0.4,0.4,6.46,7.9,11.23,8.58,18.0,2.4,14.0,0.5,0.4,0.4,62.9,73.4,85.4,74.6,18.0,11.3,14.0,0.5,0.4,7.45,9.3,15.96,10.43,23.0,4.46,14.0,0.6,0.4,0.4,-3.88,1.42,8.85,2.48,23.0,6.13,14.0,0.6,0.4,0.4,-9.95,-5.98,7.9,-3.25,23.0,8.87,14.0,0.6,0.4,0.4,1011.69,1015.0,1024.85,1016.99,23.0,6.23,14.0,0.6,0.4,0.4,1.2,7.0,8.0,5.7,21.0,3.0,14.0,0.6,0.4,0.5,-25.0,10.8,126.2,32.6,23.0,88.0,14.0,0.6,0.4,0.4,-106.4,-52.1,78.5,-28.9,23.0,135.1,14.0,0.6,0.4,0.4,0.42,3.85,7.42,4.08,18.0,3.29,14.0,0.5,0.5,0.4,4.3,31.6,82.7,39.7,18.0,41.0,14.0,0.5,0.5,0.4,3.33,6.97,8.86,6.01,15.0,2.76,14.0,0.5,0.5,0.4,20.9,56.8,106.2,58.8,15.0,41.4,14.0,0.5,0.5,0.4,-61.3,23.9,141.3,35.1,23.0,96.6,14.0,0.6,0.4,0.4,-159.2,-74.1,144.7,-42.0,23.0,152.3,14.0,0.6,0.4,0.4,-24.5,19.0,81.9,25.3,18.0,46.4,14.0,0.5,0.4,0.4,-81.5,-36.7,87.9,-19.4,18.0,75.5,14.0,0.5,0.4,0.4,-27.0,5.3,67.4,15.1,15.0,43.9,14.0,0.5,0.5,0.4,-56.7,-33.7,5.0,-29.7,15.0,47.9,14.0,0.5,0.5,0.4,414.0,804.5,4079.5,1768.0,23.0,2083.5,14.0,0.6,0.4,0.4,415.0,805.0,4080.0,1770.0,23.0,2085.0,14.0,0.6,0.4,0.4
1974,2,131.0,30.0,18.0,20.0,21.46,19.54,25.0,2.62,18.0,0.6,0.6,0.5,12.61,16.4,18.7,15.45,26.0,4.26,18.0,0.6,0.6,0.5,5.14,6.9,11.17,7.84,9.0,2.78,20.0,0.6,0.5,0.5,58.1,67.6,91.6,72.6,9.0,18.2,20.0,0.6,0.5,4.95,8.1,9.83,7.52,26.0,3.28,18.0,0.6,0.6,0.5,0.0,3.47,6.9,3.36,26.0,3.94,18.0,0.6,0.6,0.5,-7.51,-4.14,2.5,-2.09,26.0,6.14,18.0,0.6,0.6,0.5,1012.0,1016.7,1026.6,1019.02,25.0,7.39,18.0,0.6,0.6,0.5,2.0,3.5,8.0,4.4,24.0,2.8,18.0,0.6,0.5,0.5,0.0,26.9,62.0,29.0,26.0,37.1,18.0,0.6,0.6,0.5,-56.3,-28.2,10.4,-17.1,26.0,63.7,18.0,0.6,0.6,0.5,1.0,3.0,6.78,4.12,25.0,3.87,18.0,0.6,0.6,0.5,6.1,20.4,43.2,28.1,25.0,31.1,18.0,0.6,0.6,0.5,2.34,5.25,8.09,5.38,9.0,2.75,20.0,0.6,0.5,0.5,22.3,31.8,57.4,40.8,9.0,28.1,20.0,0.6,0.5,0.5,0.0,56.3,104.8,49.9,26.0,64.4,18.0,0.6,0.6,0.5,-96.2,-73.8,46.5,-25.2,26.0,102.9,18.0,0.6,0.6,0.5,-11.2,31.4,45.2,25.7,9.0,36.8,20.0,0.6,0.5,0.5,-54.0,-35.5,19.2,-8.4,9.0,65.2,20.0,0.6,0.5,0.5,-4.0,11.9,33.9,14.1,9.0,24.4,20.0,0.6,0.5,0.5,-53.3,-7.5,7.3,-18.9,9.0,38.0,20.0,0.6,0.5,0.5,122.5,531.5,951.5,635.0,26.0,580.5,18.0,0.6,0.6,0.5,120.0,530.0,950.0,635.0,26.0,580.0,18.0,0.6,0.6,0.5
1974,2,131.0,31.0,17.38,18.5,21.24,18.76,16.0,2.07,16.0,0.4,0.6,0.3,7.69,10.4,13.29,10.81,19.0,3.82,16.0,0.4,0.6,0.3,4.36,4.82,6.46,5.36,9.0,1.24,18.0,0.2,0.6,0.3,53.9,65.9,72.0,64.2,9.0,9.6,18.0,0.2,0.3,5.1,9.3,12.3,8.5,19.0,3.2,16.0,0.4,0.6,0.3,-5.87,-1.99,4.51,-0.38,19.0,5.6,16.0,0.4,0.6,0.3,-9.91,-6.62,-1.43,-5.7,19.0,4.55,16.0,0.4,0.6,0.3,1012.78,1018.3,1026.6,1018.56,18.0,6.42,16.0,0.3,0.6,0.3,4.0,7.0,8.0,5.8,15.0,2.4,18.0,0.4,0.6,0.3,-41.8,-5.2,52.5,-4.9,19.0,57.5,16.0,0.4,0.6,0.3,-113.5,-58.2,-3.7,-58.9,19.0,54.4,16.0,0.4,0.6,0.3,5.38,8.4,11.7,7.99,16.0,4.64,16.0,0.4,0.6,0.3,45.5,65.7,109.2,69.4,16.0,41.2,16.0,0.4,0.6,0.3,6.35,8.38,9.31,7.66,9.0,2.28,18.0,0.2,0.6,0.3,42.6,48.8,91.1,60.4,9.0,30.3,18.0,0.2,0.6,0.3,-71.0,-27.8,41.6,-11.3,19.0,62.1,16.0,0.4,0.6,0.3,-93.4,-68.9,-10.9,-54.9,19.0,48.6,16.0,0.4,0.6,0.3,-28.6,19.3,29.7,4.3,9.0,32.1,18.0,0.2,0.6,0.3,-45.6,-18.9,5.5,-17.7,9.0,26.4,18.0,0.2,0.6,0.3,-41.9,9.2,47.3,1.2,9.0,47.1,18.0,0.2,0.6,0.3,-72.1,-26.1,5.7,-32.2,9.0,40.3,18.0,0.2,0.6,0.3,132.5,804.5,1861.0,856.5,19.0,739.0,16.0,0.4,0.6,0.3,135.0,805.0,1860.0,855.0,19.0,740.0,16.0,0.4,0.6,0.3
1974,2,131.0,32.0,22.0,22.0,22.0,22.0,1.0,0.0,6.0,0.0,0.9,0.1,12.03,12.1,12.17,12.1,2.0,0.14,10.0,0.0,0.5,0.3,4.98,4.98,4.98,4.98,1.0,0.0,16.0,0.0,0.1,0.5,58.0,58.0,58.0,58.0,1.0,0.0,16.0,0.0,0.5,4.6,4.6,4.6,4.6,1.0,0.0,16.0,0.0,0.1,0.5,0.8,0.8,0.8,0.8,1.0,0.0,16.0,0.0,0.1,0.5,4.53,4.53,4.53,4.53,1.0,0.0,16.0,0.0,0.1,0.5,1011.56,1016.2,1020.84,1016.2,2.0,9.62,10.0,0.0,0.5,0.3,6.0,6.0,6.0,6.0,1.0,0.0,16.0,0.0,0.1,0.5,3.7,3.7,3.7,3.7,1.0,0.0,16.0,0.0,0.1,0.5,20.8,20.8,20.8,20.8,1.0,0.0,16.0,0.0,0.1,0.5,,,,,,,,,,,,,,,,,,,,,,,,,,,,,,,,,,,,,,,,,9.6,9.6,9.6,9.6,1.0,0.0,16.0,0.0,0.1,0.5,54.4,54.4,54.4,54.4,1.0,0.0,16.0,0.0,0.1,0.5,4.0,4.0,4.0,4.0,1.0,0.0,16.0,0.0,0.1,0.5,22.6,22.6,22.6,22.6,1.0,0.0,16.0,0.0,0.1,0.5,,,,,,,,,,,,,,,,,,,,,,,,,,,,,,,,,,,,,,,,
1974,2,131.0,33.0,,,,,,,,,,,,,,,,,,,,,,,,,,,,,,,,,,,,,,,,0.0,0.0,0.0,0.0,1.0,0.0,4.0,0.0,0.8,0.6,0.0,0.0,0.0,0.0,1.0,0.0,4.0,0.0,0.8,0.6,0.0,0.0,0.0,0.0,1.0,0.0,4.0,0.0,0.8,0.6,1018.0,1018.0,1018.0,1018.0,1.0,0.0,4.0,0.0,0.8,0.6,,,,,,,,,,,,,,,,,,,,,,,,,,,,,,,,,,,,,,,,,,,,,,,,,,,,,,,,,,,,,,,,,,,,,,,,,,,,,,,,,,,,,,,,,,,,,,,,,,,,,,,,,,,,,,,,,,,,,,,,,,,,,,,,,,,,,,,,,,,,,,,,,,,,,,
1974,2,131.0,34.0,,,,,,,,,,,,,,,,,,,,,,,,,,,,,,,,,,,,,,,,8.02,8.45,12.0,9.28,8.0,2.51,8.0,0.4,0.2,0.7,-7.97,-6.35,10.52,-1.2,8.0,8.74,8.0,0.4,0.2,0.7,-6.38,-4.1,-0.28,-3.84,8.0,3.12,8.0,0.4,0.2,0.7,1019.79,1022.6,1024.52,1021.49,7.0,4.99,10.0,0.4,0.1,0.7,,,,,,,,,,,,,,,,,,,,,,,,,,,,,,,,,,,,,,,,,,,,,,,,,,,,,,,,,,,,,,,,,,,,,,,,,,,,,,,,,,,,,,,,,,,,,,,,,,,,,,,,,,,,,,,,,,,,,,,,,,,,,,,,,,,,,,,,,,,,,,,,,,,,,,
1974,2,131.0,35.0,8.91,12.5,13.68,11.69,17.0,3.04,14.0,0.8,0.2,0.5,0.58,4.65,11.08,5.29,18.0,5.36,14.0,0.7,0.3,0.5,3.02,3.36,5.72,4.32,4.0,2.34,6.0,0.8,0.3,0.4,60.3,65.1,80.0,69.9,4.0,16.3,6.0,0.8,0.4,6.77,8.2,10.78,9.23,15.0,3.31,14.0,0.8,0.3,0.5,-4.46,4.9,9.29,3.06,15.0,7.19,14.0,0.8,0.3,0.5,-8.62,-2.8,1.86,-3.41,15.0,5.29,14.0,0.8,0.3,0.5,1015.2,1026.3,1030.13,1024.21,19.0,6.26,14.0,0.7,0.3,0.5,3.0,7.0,7.5,5.5,17.0,2.4,12.0,0.7,0.3,0.4,-33.1,46.0,88.1,44.9,15.0,90.7,14.0,0.8,0.3,0.5,-86.6,-43.2,13.0,-39.0,15.0,52.8,14.0,0.8,0.3,0.5,2.75,7.9,9.26,7.13,16.0,4.14,12.0,0.8,0.2,0.4,21.5,66.4,93.7,68.1,13.0,45.2,12.0,0.8,0.2,0.4,3.18,5.48,6.06,4.66,4.0,2.42,6.0,0.8,0.3,0.4,23.9,43.6,49.7,37.1,4.0,20.4,6.0,0.8,0.3,0.4,-26.3,-18.9,32.7,-0.7,14.0,34.7,12.0,0.8,0.3,0.4,-22.4,-5.7,39.8,9.0,14.0,34.5,12.0,0.8,0.3,0.4,-21.0,-19.2,-17.4,-19.2,4.0,2.1,6.0,0.8,0.3,0.4,-18.8,-12.5,22.0,0.9,4.0,32.6,6.0,0.8,0.3,0.4,-43.0,-30.8,-14.2,-28.7,4.0,20.0,6.0,0.8,0.3,0.4,-30.7,-23.7,-5.1,-18.2,4.0,17.8,6.0,0.8,0.3,0.4,310.0,551.5,1257.5,1096.0,15.0,1266.0,14.0,0.8,0.3,0.5,310.0,550.0,1260.0,1095.0,15.0,1265.0,14.0,0.8,0.3,0.5
1974,2,131.0,36.0,8.17,10.0,12.0,10.15,22.0,2.49,14.0,0.7,0.3,0.5,2.13,4.0,6.6,4.27,22.0,3.02,14.0,0.7,0.2,0.4,3.91,3.91,3.91,3.91,1.0,0.0,6.0,0.0,0.5,0.4,76.3,76.3,76.3,76.3,1.0,0.0,6.0,0.0,0.4,3.03,8.1,12.67,8.07,22.0,4.51,14.0,0.7,0.2,0.4,-5.27,0.0,6.55,0.94,22.0,5.64,14.0,0.7,0.2,0.4,-11.14,-4.6,-1.91,-5.63,22.0,4.75,14.0,0.7,0.2,0.4,1015.25,1024.0,1029.7,1022.81,21.0,6.81,14.0,0.6,0.3,0.4,4.0,8.0,8.0,6.6,19.0,2.4,14.0,0.7,0.3,0.5,-49.5,0.0,79.0,13.6,22.0,68.5,14.0,0.7,0.2,0.4,-136.2,-36.3,-4.1,-61.7,22.0,62.8,14.0,0.7,0.2,0.4,3.42,5.7,8.66,5.72,21.0,2.98,14.0,0.7,0.2,0.4,9.6,55.2,99.2,50.1,20.0,40.8,14.0,0.8,0.3,0.5,4.53,4.53,4.53,4.53,1.0,0.0,6.0,0.0,0.5,0.4,37.1,37.1,37.1,37.1,1.0,0.0,6.0,0.0,0.5,0.4,-22.1,0.0,16.6,-0.3,21.0,21.7,14.0,0.7,0.2,0.4,-30.1,-19.4,-3.2,-15.9,21.0,21.2,14.0,0.7,0.2,0.4,-27.8,-27.8,-27.8,-27.8,1.0,0.0,6.0,0.0,0.5,0.4,-16.0,-16.0,-16.0,-16.0,1.0,0.0,6.0,0.0,0.5,0.4,-32.2,-32.2,-32.2,-32.2,1.0,0.0,6.0,0.0,0.5,0.4,-18.6,-18.6,-18.6,-18.6,1.0,0.0,6.0,0.0,0.5,0.4,28.0,531.5,2041.0,991.5,22.0,1044.0,14.0,0.7,0.2,0.4,30.0,530.0,2040.0,990.0,22.0,1045.0,14.0,0.7,0.2,0.4
1974,2,131.0,37.0,8.0,9.0,10.3,9.33,32.0,2.42,14.0,0.5,0.4,0.4,0.14,2.65,5.18,2.35,34.0,3.44,12.0,0.4,0.4,0.4,3.48,3.59,3.69,3.59,2.0,0.22,4.0,0.5,0.5,0.2,77.9,79.5,81.1,79.5,2.0,3.3,4.0,0.5,0.2,4.1,8.2,12.1,8.44,32.0,4.38,12.0,0.4,0.4,0.4,-4.96,0.0,4.35,-0.82,32.0,4.42,12.0,0.4,0.4,0.4,-11.82,-7.25,3.86,-4.7,32.0,7.05,12.0,0.4,0.4,0.4,1015.54,1023.0,1029.1,1022.93,33.0,6.57,12.0,0.5,0.4,0.4,0.8,7.0,8.0,5.5,31.0,3.0,12.0,0.5,0.4,0.4,-35.0,0.0,28.2,-6.7,32.0,53.1,12.0,0.4,0.4,0.4,-139.6,-60.7,15.8,-61.0,32.0,87.7,12.0,0.4,0.4,0.4,3.17,6.8,10.08,6.63,32.0,3.8,14.0,0.5,0.4,0.4,7.9,62.8,106.4,60.6,30.0,50.0,12.0,0.5,0.4,0.4,3.15,3.54,3.92,3.54,2.0,0.8,4.0,0.5,0.5,0.2,38.2,45.0,51.8,45.0,2.0,14.1,4.0,0.5,0.5,0.2,-21.0,-1.5,7.2,-4.7,32.0,16.2,12.0,0.4,0.4,0.4,-23.6,-0.2,32.9,5.6,32.0,30.6,12.0,0.4,0.4,0.4,-33.1,-31.7,-30.2,-31.7,2.0,3.0,4.0,0.5,0.5,0.2,-34.1,-31.8,-29.5,-31.8,2.0,4.8,4.0,0.5,0.5,0.2,-34.0,-31.1,-28.2,-31.1,2.0,6.0,4.0,0.5,0.5,0.2,-39.0,-32.3,-25.6,-32.3,2.0,13.9,4.0,0.5,0.5,0.2,69.0,551.5,1778.0,1075.0,32.0,1283.5,12.0,0.4,0.4,0.4,70.0,550.0,1780.0,1075.0,32.0,1285.0,12.0,0.4,0.4,0.4
1974,2,131.0,38.0,,,,,,,,,,,,,,,,,,,,,,,,,,,,,,,,,,,,,,,,4.07,6.6,11.0,7.47,24.0,3.85,10.0,0.3,0.5,0.5,-3.39,0.0,1.39,-0.62,24.0,2.77,10.0,0.3,0.5,0.5,-10.89,-2.52,3.08,-3.15,24.0,7.39,10.0,0.3,0.5,0.5,1011.66,1025.9,1029.97,1022.38,25.0,8.82,10.0,0.3,0.5,0.5,,,,,,,,,,,,,,,,,,,,,,,,,,,,,,,,,,,,,,,,,,,,,,,,,,,,,,,,,,,,,,,,,,,,,,,,,,,,,,,,,,,,,,,,,,,,,,,,,,,,,,,,,,,,,,,,,,,,,,,,,,,,,,,,,,,,,,,,,,,,,,,,,,,,,,
1974,2,131.0,39.0,4.11,5.5,8.5,6.35,15.0,2.51,16.0,0.4,0.7,0.3,-2.23,0.65,3.35,0.34,16.0,3.25,16.0,0.4,0.7,0.3,3.24,3.32,3.39,3.32,2.0,0.16,18.0,0.5,0.6,0.3,69.8,72.1,74.4,72.1,2.0,4.8,18.0,0.5,0.3,4.02,7.0,11.96,7.35,15.0,3.61,16.0,0.3,0.7,0.3,-2.44,0.0,2.22,0.1,15.0,3.01,16.0,0.3,0.7,0.3,-11.35,-3.85,3.09,-4.25,15.0,6.51,16.0,0.3,0.7,0.3,1014.45,1023.55,1029.41,1022.31,16.0,6.75,16.0,0.4,0.7,0.3,0.0,0.0,6.5,2.5,12.0,3.4,16.0,0.5,0.6,0.4,-9.3,0.0,24.9,3.8,15.0,26.8,16.0,0.3,0.7,0.3,-134.4,-15.8,20.0,-47.9,15.0,68.5,16.0,0.3,0.7,0.3,1.23,6.0,11.62,6.11,15.0,4.83,16.0,0.4,0.7,0.3,6.0,45.6,106.4,57.4,14.0,55.2,16.0,0.4,0.7,0.3,1.56,1.87,2.18,1.87,2.0,0.64,18.0,0.5,0.6,0.3,5.8,5.9,6.0,5.9,2.0,0.2,18.0,0.5,0.6,0.3,-6.0,-2.9,5.5,-0.8,15.0,6.2,16.0,0.3,0.7,0.3,-5.5,8.5,22.3,9.1,15.0,20.2,16.0,0.3,0.7,0.3,-8.6,-7.7,-6.8,-7.7,2.0,1.9,18.0,0.5,0.6,0.3,-8.2,-2.7,2.8,-2.7,2.0,11.4,18.0,0.5,0.6,0.3,-4.5,-4.2,-3.9,-4.2,2.0,0.6,18.0,0.5,0.6,0.3,-3.1,-0.3,2.6,-0.3,2.0,5.9,18.0,0.5,0.6,0.3,65.0,343.0,1709.0,673.5,15.0,756.0,16.0,0.3,0.7,0.3,65.0,345.0,1710.0,675.0,15.0,755.0,16.0,0.3,0.7,0.3
1974,2,131.0,40.0,1.47,3.25,5.4,3.94,22.0,2.7,16.0,0.4,0.4,0.2,-7.7,-2.35,1.1,-2.54,24.0,3.47,16.0,0.4,0.5,0.3,3.38,3.48,3.66,3.52,3.0,0.21,18.0,0.7,0.5,0.1,84.2,91.0,92.4,88.3,3.0,6.4,18.0,0.7,0.1,3.34,9.0,13.31,8.83,24.0,4.49,16.0,0.4,0.5,0.3,-1.31,2.69,5.19,2.57,24.0,4.01,16.0,0.4,0.5,0.3,-12.93,-6.44,3.05,-4.6,24.0,7.51,16.0,0.4,0.5,0.3,1013.5,1023.4,1030.57,1022.63,24.0,8.47,16.0,0.4,0.5,0.3,0.0,2.0,8.0,3.0,19.0,3.3,16.0,0.5,0.5,0.3,-3.1,17.7,45.7,31.0,24.0,49.8,16.0,0.4,0.5,0.3,-167.3,-57.3,12.2,-62.5,24.0,92.5,16.0,0.4,0.5,0.3,1.07,7.2,12.57,6.67,22.0,4.72,16.0,0.4,0.4,0.2,4.1,69.5,122.7,69.5,22.0,56.7,16.0,0.4,0.4,0.2,0.67,0.81,0.96,0.81,2.0,0.3,18.0,1.0,0.6,0.0,5.3,5.9,6.6,5.9,2.0,1.4,18.0,1.0,0.6,0.0,-23.7,-4.0,0.4,-8.1,24.0,12.0,16.0,0.4,0.5,0.3,-7.6,7.6,43.7,17.3,24.0,47.5,16.0,0.4,0.5,0.3,-5.9,-3.9,2.2,-1.9,3.0,6.1,18.0,0.7,0.5,0.1,-26.2,-22.0,-4.3,-15.4,3.0,17.0,18.0,0.7,0.5,0.1,-0.9,-0.2,0.5,-0.2,2.0,1.5,18.0,1.0,0.6,0.0,-6.5,-5.8,-5.2,-5.8,2.0,1.3,18.0,1.0,0.6,0.0,45.0,746.5,2368.0,1188.5,24.0,1260.5,16.0,0.4,0.5,0.3,45.0,745.0,2370.0,1190.0,24.0,1260.0,16.0,0.4,0.5,0.3
1974,2,131.0,41.0,,,,,,,,,,,,,,,,,,,,,,,,,,,,,,,,,,,,,,,,4.0,8.85,13.78,8.71,14.0,4.29,12.0,0.6,0.5,0.5,0.0,4.33,7.0,3.23,14.0,3.93,12.0,0.6,0.5,0.5,-12.04,-6.13,-2.04,-6.71,14.0,4.99,12.0,0.6,0.5,0.5,1015.86,1020.2,1030.1,1022.28,21.0,6.79,12.0,0.5,0.5,0.5,,,,,,,,,,,,,,,,,,,,,,,,,,,,,,,,,,,,,,,,,,,,,,,,,,,,,,,,,,,,,,,,,,,,,,,,,,,,,,,,,,,,,,,,,,,,,,,,,,,,,,,,,,,,,,,,,,,,,,,,,,,,,,,,,,,,,,,,,,,,,,,,,,,,,,
1974,2,131.0,42.0,-0.7,-0.2,3.03,0.57,25.0,1.87,20.0,0.3,0.7,0.7,-12.8,-7.95,-1.9,-6.9,26.0,6.65,20.0,0.3,0.7,0.7,3.75,3.75,3.75,3.75,1.0,0.0,18.0,0.0,0.6,0.0,91.7,91.7,91.7,91.7,1.0,0.0,18.0,0.0,0.0,3.1,6.05,11.13,6.9,22.0,5.23,20.0,0.3,0.6,0.6,-0.23,1.15,5.97,2.31,22.0,4.09,20.0,0.3,0.6,0.6,-10.03,-3.95,-1.23,-4.96,22.0,5.4,20.0,0.3,0.6,0.6,1016.09,1019.9,1029.32,1022.02,27.0,6.64,20.0,0.3,0.7,0.7,0.0,0.0,4.8,2.2,15.0,2.8,18.0,0.5,0.7,0.6,-0.2,5.6,62.6,33.4,22.0,81.0,20.0,0.3,0.6,0.6,-111.9,-20.6,-1.9,-55.8,22.0,100.1,20.0,0.3,0.6,0.6,,,,,,,,,,,,,,,,,,,,,,,,,,,,,,,,,,,,,,,,,-22.3,-5.9,0.0,-10.3,21.0,39.7,18.0,0.3,0.6,0.7,6.8,33.6,61.3,34.0,21.0,60.1,18.0,0.3,0.6,0.7,-13.3,-13.3,-13.3,-13.3,1.0,0.0,18.0,0.0,0.6,0.0,7.7,7.7,7.7,7.7,1.0,0.0,18.0,0.0,0.6,0.0,,,,,,,,,,,,,,,,,,,,,,,,,,,,,,,,,,,,,,,,
1974,2,131.0,43.0,,,,,,,,,,,,,,,,,,,,,,,,,,,,,,,,,,,,,,,,2.32,5.1,9.0,5.59,15.0,3.61,8.0,0.5,0.8,0.0,-3.24,-1.35,1.21,-0.87,15.0,2.84,8.0,0.5,0.8,0.0,-7.03,-3.91,-1.78,-4.82,15.0,3.58,8.0,0.5,0.8,0.0,1027.09,1030.3,1031.0,1027.77,17.0,7.0,8.0,0.5,0.8,0.0,,,,,,,,,,,,,,,,,,,,,,,,,,,,,,,,,,,,,,,,,,,,,,,,,,,,,,,,,,,,,,,,,,,,,,,,,,,,,,,,,,,,,,,,,,,,,,,,,,,,,,,,,,,,,,,,,,,,,,,,,,,,,,,,,,,,,,,,,,,,,,,,,,,,,,
1974,2,132.0,-65.0,0.6,0.6,0.6,0.6,1.0,0.0,2.0,0.0,0.9,0.3,1.4,1.4,1.4,1.4,1.0,0.0,2.0,0.0,0.9,0.3,4.2,4.2,4.2,4.2,1.0,0.0,2.0,0.0,0.9,0.3,97.2,97.2,97.2,97.2,1.0,0.0,2.0,0.0,0.3,2.1,2.1,2.1,2.1,1.0,0.0,2.0,0.0,0.9,0.3,-2.07,-2.07,-2.07,-2.07,1.0,0.0,2.0,0.0,0.9,0.3,0.36,0.36,0.36,0.36,1.0,0.0,2.0,0.0,0.9,0.3,980.2,980.2,980.2,980.2,1.0,0.0,2.0,0.0,0.9,0.3,8.0,8.0,8.0,8.0,1.0,0.0,2.0,0.0,0.9,0.3,-4.3,-4.3,-4.3,-4.3,1.0,0.0,2.0,0.0,0.9,0.3,0.8,0.8,0.8,0.8,1.0,0.0,2.0,0.0,0.9,0.3,-0.8,-0.8,-0.8,-0.8,1.0,0.0,2.0,0.0,0.9,0.3,-1.7,-1.7,-1.7,-1.7,1.0,0.0,2.0,0.0,0.9,0.3,-0.12,-0.12,-0.12,-0.12,1.0,0.0,2.0,0.0,0.9,0.3,-0.3,-0.3,-0.3,-0.3,1.0,0.0,2.0,0.0,0.9,0.3,-2.9,-2.9,-2.9,-2.9,1.0,0.0,2.0,0.0,0.9,0.3,0.5,0.5,0.5,0.5,1.0,0.0,2.0,0.0,0.9,0.3,-8.7,-8.7,-8.7,-8.7,1.0,0.0,2.0,0.0,0.9,0.3,1.5,1.5,1.5,1.5,1.0,0.0,2.0,0.0,0.9,0.3,0.2,0.2,0.2,0.2,1.0,0.0,2.0,0.0,0.9,0.3,0.0,0.0,0.0,0.0,1.0,0.0,2.0,0.0,0.9,0.3,9.5,9.5,9.5,9.5,1.0,0.0,2.0,0.0,0.9,0.3,10.0,10.0,10.0,10.0,1.0,0.0,2.0,0.0,0.9,0.3
1974,2,132.0,-47.0,,,,,,,,,,,,,,,,,,,,,,,,,,,,,,,,,,,,,,,,2.73,4.1,10.45,6.53,3.0,6.03,16.0,0.3,0.2,0.4,1.92,3.14,8.92,5.37,3.0,5.48,16.0,0.3,0.2,0.4,-5.41,-2.64,-1.93,-3.65,3.0,2.69,16.0,0.3,0.2,0.4,994.4,994.4,994.4,994.4,1.0,0.0,12.0,1.0,0.0,0.7,,,,,,,,,,,,,,,,,,,,,,,,,,,,,,,,,,,,,,,,,,,,,,,,,,,,,,,,,,,,,,,,,,,,,,,,,,,,,,,,,,,,,,,,,,,,,,,,,,,,,,,,,,,,,,,,,,,,,,,,,,,,,,,,,,,,,,,,,,,,,,,,,,,,,,
1974,2,132.0,-41.0,16.7,16.7,16.7,16.7,1.0,0.0,8.0,0.0,0.6,0.2,15.91,16.35,16.79,16.35,2.0,0.92,14.0,0.0,0.3,0.6,8.37,8.47,8.57,8.47,2.0,0.21,14.0,0.0,0.3,0.6,71.4,74.3,77.3,74.3,2.0,6.1,14.0,0.0,0.6,0.73,2.3,3.87,2.3,2.0,3.25,14.0,0.0,0.3,0.6,-1.32,-0.79,-0.25,-0.79,2.0,1.11,14.0,0.0,0.3,0.6,-3.64,-2.16,-0.69,-2.16,2.0,3.06,14.0,0.0,0.3,0.6,1021.99,1022.6,1023.21,1022.6,2.0,1.27,14.0,0.0,0.3,0.6,6.3,7.0,7.7,7.0,2.0,1.4,14.0,0.0,0.3,0.6,-6.1,-3.6,-1.1,-3.6,2.0,5.1,14.0,0.0,0.3,0.6,-16.7,-9.9,-3.2,-9.9,2.0,14.1,14.0,0.0,0.3,0.6,1.0,1.0,1.0,1.0,1.0,0.0,8.0,0.0,0.6,0.2,4.6,4.6,4.6,4.6,1.0,0.0,8.0,0.0,0.6,0.2,3.09,3.09,3.09,3.09,1.0,0.0,8.0,0.0,0.6,0.2,14.2,14.2,14.2,14.2,1.0,0.0,8.0,0.0,0.6,0.2,-20.8,-12.4,-3.9,-12.4,2.0,17.5,14.0,0.0,0.3,0.6,-57.1,-33.9,-10.8,-33.9,2.0,48.0,14.0,0.0,0.3,0.6,-11.4,-6.8,-2.2,-6.8,2.0,9.6,14.0,0.0,0.3,0.6,-31.3,-18.6,-5.9,-18.6,2.0,26.3,14.0,0.0,0.3,0.6,-4.9,-4.9,-4.9,-4.9,1.0,0.0,8.0,0.0,0.6,0.2,-13.3,-13.3,-13.3,-13.3,1.0,0.0,8.0,0.0,0.6,0.2,15.5,48.5,82.0,48.5,2.0,69.0,14.0,0.0,0.3,0.6,15.0,50.0,80.0,50.0,2.0,70.0,14.0,0.0,0.3,0.6
1974,2,132.0,-40.0,15.5,15.5,15.5,15.5,1.0,0.0,24.0,1.0,0.8,1.0,17.0,17.0,17.0,17.0,1.0,0.0,24.0,1.0,0.8,1.0,8.06,8.06,8.06,8.06,1.0,0.0,24.0,1.0,0.8,1.0,67.7,67.7,67.7,67.7,1.0,0.0,24.0,1.0,1.0,4.6,4.6,4.6,4.6,1.0,0.0,24.0,1.0,0.8,1.0,4.32,4.32,4.32,4.32,1.0,0.0,24.0,1.0,0.8,1.0,-1.57,-1.57,-1.57,-1.57,1.0,0.0,24.0,1.0,0.8,1.0,1021.9,1021.9,1021.9,1021.9,1.0,0.0,24.0,1.0,0.8,1.0,5.0,5.0,5.0,5.0,1.0,0.0,24.0,1.0,0.8,1.0,19.9,19.9,19.9,19.9,1.0,0.0,24.0,1.0,0.8,1.0,-7.2,-7.2,-7.2,-7.2,1.0,0.0,24.0,1.0,0.8,1.0,-1.5,-1.5,-1.5,-1.5,1.0,0.0,24.0,1.0,0.8,1.0,-6.9,-6.9,-6.9,-6.9,1.0,0.0,24.0,1.0,0.8,1.0,2.77,2.77,2.77,2.77,1.0,0.0,24.0,1.0,0.8,1.0,12.7,12.7,12.7,12.7,1.0,0.0,24.0,1.0,0.8,1.0,73.5,73.5,73.5,73.5,1.0,0.0,24.0,1.0,0.8,1.0,-26.7,-26.7,-26.7,-26.7,1.0,0.0,24.0,1.0,0.8,1.0,34.8,34.8,34.8,34.8,1.0,0.0,24.0,1.0,0.8,1.0,-12.7,-12.7,-12.7,-12.7,1.0,0.0,24.0,1.0,0.8,1.0,12.0,12.0,12.0,12.0,1.0,0.0,24.0,1.0,0.8,1.0,-4.4,-4.4,-4.4,-4.4,1.0,0.0,24.0,1.0,0.8,1.0,97.5,97.5,97.5,97.5,1.0,0.0,24.0,1.0,0.8,1.0,95.0,95.0,95.0,95.0,1.0,0.0,24.0,1.0,0.8,1.0
1974,2,132.0,-39.0,17.5,17.5,17.5,17.5,1.0,0.0,6.0,1.0,0.1,0.2,15.6,15.6,15.6,15.6,1.0,0.0,6.0,1.0,0.1,0.2,8.46,8.46,8.46,8.46,1.0,0.0,6.0,1.0,0.1,0.2,77.6,77.6,77.6,77.6,1.0,0.0,6.0,1.0,0.2,13.9,13.9,13.9,13.9,1.0,0.0,6.0,1.0,0.1,0.2,-2.41,-2.41,-2.41,-2.41,1.0,0.0,6.0,1.0,0.1,0.2,13.69,13.69,13.69,13.69,1.0,0.0,6.0,1.0,0.1,0.2,1019.9,1019.9,1019.9,1019.9,1.0,0.0,6.0,1.0,0.1,0.2,6.0,6.0,6.0,6.0,1.0,0.0,6.0,1.0,0.1,0.2,-33.6,-33.6,-33.6,-33.6,1.0,0.0,6.0,1.0,0.1,0.2,190.3,190.3,190.3,190.3,1.0,0.0,6.0,1.0,0.1,0.2,1.9,1.9,1.9,1.9,1.0,0.0,6.0,1.0,0.1,0.2,26.4,26.4,26.4,26.4,1.0,0.0,6.0,1.0,0.1,0.2,3.88,3.88,3.88,3.88,1.0,0.0,6.0,1.0,0.1,0.2,53.9,53.9,53.9,53.9,1.0,0.0,6.0,1.0,0.1,0.2,-37.7,-37.7,-37.7,-37.7,1.0,0.0,6.0,1.0,0.1,0.2,213.5,213.5,213.5,213.5,1.0,0.0,6.0,1.0,0.1,0.2,-20.4,-20.4,-20.4,-20.4,1.0,0.0,6.0,1.0,0.1,0.2,115.8,115.8,115.8,115.8,1.0,0.0,6.0,1.0,0.1,0.2,-9.4,-9.4,-9.4,-9.4,1.0,0.0,6.0,1.0,0.1,0.2,53.1,53.1,53.1,53.1,1.0,0.0,6.0,1.0,0.1,0.2,2685.5,2685.5,2685.5,2685.5,1.0,0.0,6.0,1.0,0.1,0.2,2685.0,2685.0,2685.0,2685.0,1.0,0.0,6.0,1.0,0.1,0.2
1974,2,132.0,-38.0,17.16,18.2,18.58,17.82,11.0,0.94,16.0,0.5,0.4,0.5,16.61,17.8,19.8,18.05,15.0,1.51,16.0,0.5,0.5,0.6,8.15,9.33,11.53,9.62,14.0,1.66,16.0,0.5,0.4,0.6,63.9,75.3,90.7,75.8,14.0,12.0,16.0,0.5,0.6,2.69,5.95,9.3,6.11,14.0,3.14,16.0,0.6,0.5,0.6,-6.08,-1.73,3.2,-1.49,14.0,5.43,16.0,0.6,0.5,0.6,0.0,1.64,5.28,2.2,14.0,3.6,16.0,0.6,0.5,0.6,1010.75,1017.6,1022.01,1016.79,15.0,5.52,16.0,0.5,0.5,0.6,3.0,7.0,8.0,5.7,15.0,2.7,16.0,0.5,0.5,0.6,-37.5,-10.0,16.0,-8.2,14.0,51.0,16.0,0.6,0.5,0.6,0.0,4.4,32.4,17.1,14.0,34.5,16.0,0.6,0.5,0.6,-2.09,-0.8,1.91,-0.08,11.0,1.96,16.0,0.5,0.4,0.5,-11.1,-4.9,5.6,-2.8,10.0,11.5,16.0,0.6,0.4,0.5,1.17,3.98,4.55,3.22,11.0,1.65,16.0,0.5,0.4,0.5,5.9,11.4,22.9,16.9,10.0,15.7,16.0,0.6,0.4,0.5,-108.9,-30.4,51.6,-31.6,14.0,100.5,16.0,0.6,0.5,0.6,0.0,30.6,94.0,37.9,14.0,65.7,16.0,0.6,0.5,0.6,-73.7,-3.1,27.8,-19.5,13.0,57.7,16.0,0.5,0.4,0.5,0.0,17.4,62.5,24.4,13.0,26.2,16.0,0.5,0.4,0.5,-11.3,-0.8,10.5,1.2,10.0,18.2,16.0,0.6,0.4,0.5,0.7,4.4,17.9,9.3,10.0,11.7,16.0,0.6,0.4,0.5,21.0,212.0,804.5,405.5,14.0,525.5,16.0,0.6,0.5,0.6,20.0,210.0,805.0,405.0,14.0,525.0,16.0,0.6,0.5,0.6
1974,2,132.0,-37.0,,,,,,,,,,,,,,,,,,,,,,,,,,,,,,,,,,,,,,,,11.8,11.8,11.8,11.8,1.0,0.0,4.0,0.0,0.5,0.8,0.0,0.0,0.0,0.0,1.0,0.0,4.0,0.0,0.5,0.8,11.8,11.8,11.8,11.8,1.0,0.0,4.0,0.0,0.5,0.8,1025.3,1025.3,1025.3,1025.3,1.0,0.0,4.0,0.0,0.5,0.8,7.0,7.0,7.0,7.0,1.0,0.0,4.0,0.0,0.5,0.8,0.0,0.0,0.0,0.0,1.0,0.0,4.0,0.0,0.5,0.8,139.2,139.2,139.2,139.2,1.0,0.0,4.0,0.0,0.5,0.8,,,,,,,,,,,,,,,,,,,,,,,,,,,,,,,,,,,,,,,,,0.0,0.0,0.0,0.0,1.0,0.0,4.0,0.0,0.5,0.8,197.1,197.1,197.1,197.1,1.0,0.0,4.0,0.0,0.5,0.8,0.0,0.0,0.0,0.0,1.0,0.0,4.0,0.0,0.5,0.8,88.7,88.7,88.7,88.7,1.0,0.0,4.0,0.0,0.5,0.8,,,,,,,,,,,,,,,,,,,,,,,,,,,,,,,,,,,,,,,,
1974,2,132.0,-36.0,18.38,18.6,19.0,18.77,9.0,0.6,14.0,0.3,0.6,0.6,18.0,18.0,19.73,18.59,8.0,0.89,16.0,0.4,0.6,0.7,9.58,10.93,12.62,10.9,8.0,1.8,16.0,0.4,0.6,0.7,68.4,82.3,97.5,82.3,8.0,13.3,16.0,0.4,0.7,5.0,6.0,10.83,7.08,9.0,2.88,14.0,0.3,0.6,0.6,-4.6,1.74,5.59,1.35,9.0,5.45,14.0,0.3,0.6,0.6,3.2,4.1,6.83,4.69,9.0,2.86,14.0,0.3,0.6,0.6,1015.1,1015.5,1019.1,1017.04,9.0,2.44,14.0,0.3,0.6,0.6,2.3,5.0,6.0,4.6,9.0,2.1,14.0,0.3,0.6,0.6,-22.6,8.9,58.8,16.8,9.0,49.7,14.0,0.3,0.6,0.6,16.2,24.4,74.4,39.2,9.0,39.2,14.0,0.3,0.6,0.6,-0.74,0.6,0.98,0.2,8.0,1.08,16.0,0.4,0.6,0.7,-3.3,4.5,5.8,1.3,8.0,7.9,16.0,0.4,0.6,0.7,0.7,2.74,3.89,2.53,8.0,1.65,16.0,0.4,0.6,0.7,5.0,15.6,23.9,18.6,8.0,17.7,16.0,0.4,0.6,0.7,-93.1,31.1,102.9,13.6,8.0,106.4,16.0,0.4,0.6,0.7,60.3,82.9,131.0,87.6,8.0,53.6,16.0,0.4,0.6,0.7,-58.3,16.9,58.6,10.6,8.0,64.5,16.0,0.4,0.6,0.7,37.4,46.3,79.2,49.9,8.0,29.5,16.0,0.4,0.6,0.7,-11.6,3.8,6.8,1.5,8.0,14.9,16.0,0.4,0.6,0.7,2.7,8.0,18.6,13.5,8.0,16.5,16.0,0.4,0.6,0.7,125.0,216.0,1348.5,530.0,9.0,645.5,14.0,0.3,0.6,0.6,125.0,215.0,1350.0,530.0,9.0,645.0,14.0,0.3,0.6,0.6
1974,2,132.0,-12.0,,,,,,,,,,,,,,,,,,,,,,,,,,,,,,,,,,,,,,,,4.1,4.1,4.1,4.1,1.0,0.0,18.0,1.0,0.7,0.5,-2.64,-2.64,-2.64,-2.64,1.0,0.0,18.0,1.0,0.7,0.5,-3.14,-3.14,-3.14,-3.14,1.0,0.0,18.0,1.0,0.7,0.5,1013.3,1013.3,1013.3,1013.3,1.0,0.0,18.0,1.0,0.7,0.5,2.0,2.0,2.0,2.0,1.0,0.0,18.0,1.0,0.7,0.5,-10.8,-10.8,-10.8,-10.8,1.0,0.0,18.0,1.0,0.7,0.5,-12.9,-12.9,-12.9,-12.9,1.0,0.0,18.0,1.0,0.7,0.5,,,,,,,,,,,,,,,,,,,,,,,,,,,,,,,,,,,,,,,,,-71.2,-71.2,-71.2,-71.2,1.0,0.0,18.0,1.0,0.7,0.5,-84.8,-84.8,-84.8,-84.8,1.0,0.0,18.0,1.0,0.7,0.5,-38.3,-38.3,-38.3,-38.3,1.0,0.0,18.0,1.0,0.7,0.5,-45.7,-45.7,-45.7,-45.7,1.0,0.0,18.0,1.0,0.7,0.5,,,,,,,,,,,,,,,,,,,,,,,,,,,,,,,,,,,,,,,,
1974,2,132.0,-11.0,,,,,,,,,,,,,,,,,,,,,,,,,,,,,,,,,,,,,,,,8.2,8.2,8.2,8.2,2.0,0.0,20.0,0.5,0.2,0.2,5.72,6.67,7.63,6.67,2.0,1.98,20.0,0.5,0.2,0.2,-5.06,-2.43,0.2,-2.43,2.0,5.45,20.0,0.5,0.2,0.2,1002.81,1003.9,1004.99,1003.9,2.0,2.26,20.0,0.5,0.2,0.2,,,,,,,,,,,,,,,,,,,,,,,,,,,,,,,,,,,,,,,,,,,,,,,,,,,,,,,,,,,,,,,,,,,,,,,,,,,,,,,,,,,,,,,,,,,,,,,,,,,,,,,,,,,,,,,,,,,,,,,,,,,,,,,,,,,,,,,,,,,,,,,,,,,,,,
1974,2,132.0,-10.0,27.67,28.6,29.42,28.42,6.0,1.2,14.0,0.3,0.5,0.7,27.54,27.7,28.44,27.88,6.0,0.51,14.0,0.3,0.5,0.7,18.73,19.58,20.47,19.66,6.0,0.98,14.0,0.3,0.5,0.7,81.2,82.2,86.3,83.1,6.0,2.6,14.0,0.3,0.7,5.1,6.2,9.13,7.02,6.0,2.29,14.0,0.3,0.5,0.7,5.0,5.31,6.43,5.64,6.0,0.82,14.0,0.3,0.5,0.7,-7.0,-2.57,-0.89,-3.64,6.0,3.11,14.0,0.3,0.5,0.7,1003.97,1004.85,1005.17,1004.58,6.0,1.05,14.0,0.3,0.5,0.7,6.6,8.0,8.0,7.4,5.0,0.9,14.0,0.4,0.5,0.6,25.6,35.2,54.1,40.9,6.0,19.3,14.0,0.3,0.5,0.7,-64.5,-15.8,-4.5,-31.3,6.0,34.6,14.0,0.3,0.5,0.7,-0.72,0.85,1.62,0.53,6.0,1.19,14.0,0.3,0.5,0.7,-4.0,6.4,10.7,5.1,6.0,8.9,14.0,0.3,0.5,0.7,3.64,4.98,5.92,4.84,6.0,1.27,14.0,0.3,0.5,0.7,20.4,33.6,46.5,34.8,6.0,16.5,14.0,0.3,0.5,0.7,138.6,150.0,176.2,157.0,6.0,22.1,14.0,0.3,0.5,0.7,-197.7,-72.0,-24.4,-102.0,6.0,87.2,14.0,0.3,0.5,0.7,95.5,108.5,122.8,110.9,6.0,18.3,14.0,0.3,0.5,0.7,-146.3,-50.1,-16.8,-73.7,6.0,64.9,14.0,0.3,0.5,0.7,18.0,29.6,34.2,27.7,6.0,9.3,14.0,0.3,0.5,0.7,-35.6,-11.2,-5.1,-18.5,6.0,17.7,14.0,0.3,0.5,0.7,132.5,243.0,782.5,445.0,6.0,445.5,14.0,0.3,0.5,0.7,135.0,245.0,785.0,445.0,6.0,445.0,14.0,0.3,0.5,0.7
1974,2,132.0,-8.0,,,,,,,,,,,,,,,,,,,,,,,,,,,,,,,,,,,,,,,,8.2,8.2,8.2,8.2,1.0,0.0,6.0,0.0,0.5,1.0,8.2,8.2,8.2,8.2,1.0,0.0,6.0,0.0,0.5,1.0,0.0,0.0,0.0,0.0,1.0,0.0,6.0,0.0,0.5,1.0,1005.2,1005.2,1005.2,1005.2,1.0,0.0,6.0,0.0,0.5,1.0,,,,,,,,,,,,,,,,,,,,,,,,,,,,,,,,,,,,,,,,,,,,,,,,,,,,,,,,,,,,,,,,,,,,,,,,,,,,,,,,,,,,,,,,,,,,,,,,,,,,,,,,,,,,,,,,,,,,,,,,,,,,,,,,,,,,,,,,,,,,,,,,,,,,,,
1974,2,132.0,-7.0,,,,,,,,,,,,,,,,,,,,,,,,,,,,,,,,,,,,,,,,5.0,5.0,5.0,5.0,1.0,0.0,20.0,0.0,0.0,0.7,4.33,4.33,4.33,4.33,1.0,0.0,20.0,0.0,0.0,0.7,-2.5,-2.5,-2.5,-2.5,1.0,0.0,20.0,0.0,0.0,0.7,1007.0,1007.0,1007.0,1007.0,1.0,0.0,20.0,0.0,0.0,0.7,,,,,,,,,,,,,,,,,,,,,,,,,,,,,,,,,,,,,,,,,,,,,,,,,,,,,,,,,,,,,,,,,,,,,,,,,,,,,,,,,,,,,,,,,,,,,,,,,,,,,,,,,,,,,,,,,,,,,,,,,,,,,,,,,,,,,,,,,,,,,,,,,,,,,,
1974,2,132.0,-5.0,27.22,27.7,28.59,27.9,3.0,1.01,16.0,0.3,0.5,0.8,27.66,28.0,28.2,27.93,3.0,0.4,16.0,0.3,0.5,0.8,17.59,18.5,18.64,18.13,3.0,0.83,16.0,0.3,0.5,0.8,75.3,76.6,78.2,76.7,3.0,2.1,16.0,0.3,0.8,3.15,6.7,7.72,5.47,3.0,3.52,16.0,0.3,0.5,0.8,0.28,4.1,4.24,2.3,3.0,3.29,16.0,0.3,0.5,0.8,-6.48,-5.13,-1.63,-4.08,3.0,3.67,16.0,0.3,0.5,0.8,1007.08,1008.1,1008.1,1007.6,3.0,0.87,16.0,0.3,0.5,0.8,4.3,7.0,7.7,6.0,3.0,2.6,16.0,0.3,0.5,0.8,7.6,28.9,32.1,20.1,3.0,19.5,16.0,0.3,0.5,0.8,-50.7,-34.4,-10.9,-30.9,3.0,29.3,16.0,0.3,0.5,0.8,-0.87,-0.6,0.83,-0.03,3.0,1.34,16.0,0.3,0.5,0.8,-3.2,-1.5,7.9,2.3,3.0,8.8,16.0,0.3,0.5,0.8,4.08,4.89,7.05,5.55,3.0,2.25,16.0,0.3,0.5,0.8,14.2,32.8,55.5,34.8,3.0,30.3,16.0,0.3,0.5,0.8,7.1,112.8,119.0,64.2,3.0,92.1,16.0,0.3,0.5,0.8,-179.4,-145.2,-46.1,-113.5,3.0,101.4,16.0,0.3,0.5,0.8,3.2,70.4,76.7,40.7,3.0,59.7,16.0,0.3,0.5,0.8,-113.4,-95.0,-30.1,-72.3,3.0,64.0,16.0,0.3,0.5,0.8,2.9,21.1,29.2,16.2,3.0,19.8,16.0,0.3,0.5,0.8,-47.0,-25.1,-8.0,-27.4,3.0,28.7,16.0,0.3,0.5,0.8,98.0,301.0,472.0,285.0,3.0,274.5,16.0,0.3,0.5,0.8,100.0,300.0,470.0,285.0,3.0,275.0,16.0,0.3,0.5,0.8
1974,2,132.0,-4.0,28.3,28.3,28.3,28.3,1.0,0.0,8.0,0.0,0.0,0.4,27.0,27.0,27.0,27.0,1.0,0.0,8.0,0.0,0.0,0.4,18.2,18.2,18.2,18.2,1.0,0.0,8.0,0.0,0.0,0.4,81.2,81.2,81.2,81.2,1.0,0.0,8.0,0.0,0.4,4.6,4.6,4.6,4.6,1.0,0.0,8.0,0.0,0.0,0.4,4.53,4.53,4.53,4.53,1.0,0.0,8.0,0.0,0.0,0.4,0.8,0.8,0.8,0.8,1.0,0.0,8.0,0.0,0.0,0.4,1004.8,1004.8,1004.8,1004.8,1.0,0.0,8.0,0.0,0.0,0.4,6.0,6.0,6.0,6.0,1.0,0.0,8.0,0.0,0.0,0.4,20.8,20.8,20.8,20.8,1.0,0.0,8.0,0.0,0.0,0.4,3.7,3.7,3.7,3.7,1.0,0.0,8.0,0.0,0.0,0.4,1.3,1.3,1.3,1.3,1.0,0.0,8.0,0.0,0.0,0.4,6.0,6.0,6.0,6.0,1.0,0.0,8.0,0.0,0.0,0.4,6.08,6.08,6.08,6.08,1.0,0.0,8.0,0.0,0.0,0.4,28.0,28.0,28.0,28.0,1.0,0.0,8.0,0.0,0.0,0.4,122.3,122.3,122.3,122.3,1.0,0.0,8.0,0.0,0.0,0.4,21.6,21.6,21.6,21.6,1.0,0.0,8.0,0.0,0.0,0.4,82.5,82.5,82.5,82.5,1.0,0.0,8.0,0.0,0.0,0.4,14.5,14.5,14.5,14.5,1.0,0.0,8.0,0.0,0.0,0.4,27.6,27.6,27.6,27.6,1.0,0.0,8.0,0.0,0.0,0.4,4.9,4.9,4.9,4.9,1.0,0.0,8.0,0.0,0.0,0.4,97.5,97.5,97.5,97.5,1.0,0.0,8.0,0.0,0.0,0.4,95.0,95.0,95.0,95.0,1.0,0.0,8.0,0.0,0.0,0.4
1974,2,132.0,-3.0,27.7,27.7,27.7,27.7,1.0,0.0,22.0,1.0,0.2,0.2,26.7,26.7,26.7,26.7,1.0,0.0,22.0,1.0,0.2,0.2,20.26,20.26,20.26,20.26,1.0,0.0,22.0,1.0,0.2,0.2,92.0,92.0,92.0,92.0,1.0,0.0,22.0,1.0,0.2,2.6,2.6,2.6,2.6,1.0,0.0,22.0,1.0,0.2,0.2,0.45,0.45,0.45,0.45,1.0,0.0,22.0,1.0,0.2,0.2,-2.56,-2.56,-2.56,-2.56,1.0,0.0,22.0,1.0,0.2,0.2,1007.0,1007.0,1007.0,1007.0,1.0,0.0,22.0,1.0,0.2,0.2,8.0,8.0,8.0,8.0,1.0,0.0,22.0,1.0,0.2,0.2,1.2,1.2,1.2,1.2,1.0,0.0,22.0,1.0,0.2,0.2,-6.7,-6.7,-6.7,-6.7,1.0,0.0,22.0,1.0,0.2,0.2,1.0,1.0,1.0,1.0,1.0,0.0,22.0,1.0,0.2,0.2,2.6,2.6,2.6,2.6,1.0,0.0,22.0,1.0,0.2,0.2,3.13,3.13,3.13,3.13,1.0,0.0,22.0,1.0,0.2,0.2,8.1,8.1,8.1,8.1,1.0,0.0,22.0,1.0,0.2,0.2,12.1,12.1,12.1,12.1,1.0,0.0,22.0,1.0,0.2,0.2,-68.4,-68.4,-68.4,-68.4,1.0,0.0,22.0,1.0,0.2,0.2,9.1,9.1,9.1,9.1,1.0,0.0,22.0,1.0,0.2,0.2,-51.9,-51.9,-51.9,-51.9,1.0,0.0,22.0,1.0,0.2,0.2,1.4,1.4,1.4,1.4,1.0,0.0,22.0,1.0,0.2,0.2,-8.0,-8.0,-8.0,-8.0,1.0,0.0,22.0,1.0,0.2,0.2,17.5,17.5,17.5,17.5,1.0,0.0,22.0,1.0,0.2,0.2,20.0,20.0,20.0,20.0,1.0,0.0,22.0,1.0,0.2,0.2
1974,2,132.0,-1.0,28.3,28.3,28.3,28.3,1.0,0.0,28.0,0.0,0.4,0.7,26.6,26.6,26.6,26.6,1.0,0.0,28.0,0.0,0.4,0.7,17.73,17.73,17.73,17.73,1.0,0.0,28.0,0.0,0.4,0.7,81.1,81.1,81.1,81.1,1.0,0.0,28.0,0.0,0.7,,,,,,,,,,,,,,,,,,,,,,,,,,,,,,,,,,,,,,,,,,,,,,,,,,,,,,,,,,,,,,,,,,,,,,,,,,,,,,,,,,,,,,,,,,,,,,,,,,,,,,,,,,,,,,,,,,,,,,,,,,,,,,,,,,,,,,,,,,,,,,,,,,,,,,,,,,,,,,,,,,,,,,,,,,,,,,,,,,,,,,,,,,,,,,
1974,2,132.0,1.0,29.4,29.4,29.4,29.4,1.0,0.0,18.0,1.0,0.1,0.9,26.4,26.4,26.4,26.4,1.0,0.0,18.0,1.0,0.1,0.9,19.03,19.03,19.03,19.03,1.0,0.0,18.0,1.0,0.1,0.9,88.2,88.2,88.2,88.2,1.0,0.0,18.0,1.0,0.9,1.5,1.5,1.5,1.5,1.0,0.0,18.0,1.0,0.1,0.9,-0.51,-0.51,-0.51,-0.51,1.0,0.0,18.0,1.0,0.1,0.9,1.41,1.41,1.41,1.41,1.0,0.0,18.0,1.0,0.1,0.9,1009.0,1009.0,1009.0,1009.0,1.0,0.0,18.0,1.0,0.1,0.9,8.0,8.0,8.0,8.0,1.0,0.0,18.0,1.0,0.1,0.9,-0.8,-0.8,-0.8,-0.8,1.0,0.0,18.0,1.0,0.1,0.9,2.1,2.1,2.1,2.1,1.0,0.0,18.0,1.0,0.1,0.9,3.0,3.0,3.0,3.0,1.0,0.0,18.0,1.0,0.1,0.9,4.5,4.5,4.5,4.5,1.0,0.0,18.0,1.0,0.1,0.9,6.77,6.77,6.77,6.77,1.0,0.0,18.0,1.0,0.1,0.9,10.2,10.2,10.2,10.2,1.0,0.0,18.0,1.0,0.1,0.9,-13.5,-13.5,-13.5,-13.5,1.0,0.0,18.0,1.0,0.1,0.9,37.2,37.2,37.2,37.2,1.0,0.0,18.0,1.0,0.1,0.9,-9.8,-9.8,-9.8,-9.8,1.0,0.0,18.0,1.0,0.1,0.9,26.8,26.8,26.8,26.8,1.0,0.0,18.0,1.0,0.1,0.9,-3.5,-3.5,-3.5,-3.5,1.0,0.0,18.0,1.0,0.1,0.9,9.5,9.5,9.5,9.5,1.0,0.0,18.0,1.0,0.1,0.9,3.5,3.5,3.5,3.5,1.0,0.0,18.0,1.0,0.1,0.9,5.0,5.0,5.0,5.0,1.0,0.0,18.0,1.0,0.1,0.9
1974,2,132.0,2.0,28.3,28.3,28.3,28.3,1.0,0.0,18.0,0.0,0.3,0.1,27.0,27.0,27.0,27.0,1.0,0.0,18.0,0.0,0.3,0.1,17.59,17.59,17.59,17.59,1.0,0.0,18.0,0.0,0.3,0.1,78.8,78.8,78.8,78.8,1.0,0.0,18.0,0.0,0.1,0.0,0.0,0.0,0.0,1.0,0.0,18.0,0.0,0.3,0.1,0.0,0.0,0.0,0.0,1.0,0.0,18.0,0.0,0.3,0.1,0.0,0.0,0.0,0.0,1.0,0.0,18.0,0.0,0.3,0.1,1008.4,1008.4,1008.4,1008.4,1.0,0.0,18.0,0.0,0.3,0.1,8.0,8.0,8.0,8.0,1.0,0.0,18.0,0.0,0.3,0.1,0.0,0.0,0.0,0.0,1.0,0.0,18.0,0.0,0.3,0.1,0.0,0.0,0.0,0.0,1.0,0.0,18.0,0.0,0.3,0.1,1.3,1.3,1.3,1.3,1.0,0.0,18.0,0.0,0.3,0.1,0.0,0.0,0.0,0.0,1.0,0.0,18.0,0.0,0.3,0.1,6.61,6.61,6.61,6.61,1.0,0.0,18.0,0.0,0.3,0.1,0.0,0.0,0.0,0.0,1.0,0.0,18.0,0.0,0.3,0.1,0.0,0.0,0.0,0.0,1.0,0.0,18.0,0.0,0.3,0.1,0.0,0.0,0.0,0.0,1.0,0.0,18.0,0.0,0.3,0.1,0.0,0.0,0.0,0.0,1.0,0.0,18.0,0.0,0.3,0.1,0.0,0.0,0.0,0.0,1.0,0.0,18.0,0.0,0.3,0.1,0.0,0.0,0.0,0.0,1.0,0.0,18.0,0.0,0.3,0.1,0.0,0.0,0.0,0.0,1.0,0.0,18.0,0.0,0.3,0.1,0.0,0.0,0.0,0.0,1.0,0.0,18.0,0.0,0.3,0.1,0.0,0.0,0.0,0.0,1.0,0.0,18.0,0.0,0.3,0.1
1974,2,132.0,7.0,28.08,28.25,28.42,28.25,2.0,0.35,8.0,1.0,0.1,0.7,27.24,27.75,28.26,27.75,2.0,1.06,8.0,1.0,0.1,0.7,18.65,18.67,18.68,18.67,2.0,0.02,8.0,1.0,0.1,0.7,77.8,80.1,82.5,80.1,2.0,5.0,8.0,1.0,0.7,8.95,10.55,12.15,10.55,2.0,3.32,8.0,1.0,0.1,0.7,-7.97,-7.29,-6.6,-7.29,2.0,1.42,8.0,1.0,0.1,0.7,-9.15,-7.58,-6.0,-7.58,2.0,3.26,8.0,1.0,0.1,0.7,1009.57,1010.15,1010.73,1010.15,2.0,1.2,8.0,1.0,0.1,0.7,2.5,3.5,4.5,3.5,2.0,2.1,8.0,1.0,0.1,0.7,-98.2,-79.2,-60.3,-79.2,2.0,39.2,8.0,1.0,0.1,0.7,-114.1,-85.3,-56.6,-85.3,2.0,59.6,8.0,1.0,0.1,0.7,-0.18,0.5,1.18,0.5,2.0,1.41,8.0,1.0,0.1,0.7,-3.5,2.9,9.3,2.9,2.0,13.3,8.0,1.0,0.1,0.7,5.18,5.42,5.66,5.42,2.0,0.5,8.0,1.0,0.1,0.7,50.2,56.4,62.5,56.4,2.0,12.8,8.0,1.0,0.1,0.7,-225.7,-203.0,-180.2,-203.0,2.0,47.2,8.0,1.0,0.1,0.7,-259.5,-212.0,-164.4,-212.0,2.0,98.5,8.0,1.0,0.1,0.7,-148.9,-136.0,-123.1,-136.0,2.0,26.7,8.0,1.0,0.1,0.7,-170.9,-141.5,-112.0,-141.5,2.0,61.0,8.0,1.0,0.1,0.7,-41.1,-39.2,-37.2,-39.2,2.0,4.1,8.0,1.0,0.1,0.7,-47.0,-40.3,-33.5,-40.3,2.0,13.9,8.0,1.0,0.1,0.7,804.5,1349.0,1893.5,1349.0,2.0,1128.0,8.0,1.0,0.1,0.7,805.0,1350.0,1895.0,1350.0,2.0,1130.0,8.0,1.0,0.1,0.7
1974,2,132.0,8.0,28.08,28.25,28.42,28.25,2.0,0.35,2.0,1.0,0.7,0.6,26.24,26.75,27.26,26.75,2.0,1.06,2.0,1.0,0.7,0.6,19.86,19.87,19.87,19.87,2.0,0.01,2.0,1.0,0.7,0.6,87.5,90.2,93.0,90.2,2.0,5.6,2.0,1.0,0.6,8.95,9.5,10.05,9.5,2.0,1.13,2.0,1.0,0.7,0.6,-8.26,-7.59,-6.93,-7.59,2.0,1.38,2.0,1.0,0.7,0.6,-6.4,-3.19,0.02,-3.19,2.0,6.65,2.0,1.0,0.7,0.6,1008.13,1008.4,1008.67,1008.4,2.0,0.57,2.0,1.0,0.7,0.6,1.6,3.0,4.4,3.0,2.0,2.8,2.0,1.0,0.7,0.6,-73.5,-71.4,-69.2,-71.4,2.0,4.5,2.0,1.0,0.7,0.6,-66.3,-34.1,-1.8,-34.1,2.0,66.8,2.0,1.0,0.7,0.6,0.82,1.5,2.18,1.5,2.0,1.41,2.0,1.0,0.7,0.6,7.7,15.1,22.4,15.1,2.0,15.1,2.0,1.0,0.7,0.6,4.02,4.26,4.5,4.26,2.0,0.5,2.0,1.0,0.7,0.6,36.1,40.8,45.4,40.8,2.0,9.6,2.0,1.0,0.7,0.6,-225.5,-203.9,-182.2,-203.9,2.0,44.9,2.0,1.0,0.7,0.6,-166.0,-81.8,2.4,-81.8,2.0,174.4,2.0,1.0,0.7,0.6,-164.1,-150.9,-137.6,-150.9,2.0,27.4,2.0,1.0,0.7,0.6,-127.1,-63.3,0.4,-63.3,2.0,132.0,2.0,1.0,0.7,0.6,-33.0,-32.0,-31.0,-32.0,2.0,2.1,2.0,1.0,0.7,0.6,-29.7,-15.3,-0.8,-15.3,2.0,29.9,2.0,1.0,0.7,0.6,727.5,875.5,1024.0,875.5,2.0,307.0,2.0,1.0,0.7,0.6,725.0,875.0,1025.0,875.0,2.0,305.0,2.0,1.0,0.7,0.6
1974,2,132.0,9.0,27.85,28.45,29.0,28.43,4.0,0.67,4.0,0.0,0.5,0.5,27.24,27.55,27.65,27.45,4.0,0.31,4.0,0.0,0.5,0.5,18.66,18.67,19.14,18.89,4.0,0.45,4.0,0.0,0.5,0.5,80.5,82.2,84.5,82.5,4.0,2.4,4.0,0.0,0.5,9.54,11.35,13.69,11.6,4.0,2.45,4.0,0.0,0.5,0.5,-11.24,-9.84,-9.46,-10.33,4.0,1.46,4.0,0.0,0.5,0.5,-7.77,-3.6,0.85,-3.47,4.0,5.0,4.0,0.0,0.5,0.5,1009.94,1010.35,1011.29,1010.6,4.0,0.99,4.0,0.0,0.5,0.5,1.5,2.0,5.1,3.3,4.0,3.2,4.0,0.0,0.5,0.5,-154.8,-111.8,-90.3,-122.1,4.0,42.3,4.0,0.0,0.5,0.5,-105.4,-51.8,7.9,-48.9,4.0,65.4,4.0,0.0,0.5,0.5,0.2,0.85,1.76,0.98,4.0,0.92,4.0,0.0,0.5,0.5,1.9,10.7,24.3,13.0,4.0,13.4,4.0,0.0,0.5,0.5,4.85,5.25,6.06,5.45,4.0,0.78,4.0,0.0,0.5,0.5,46.3,59.4,83.3,64.6,4.0,22.8,4.0,0.0,0.5,0.5,-305.8,-271.1,-261.7,-283.2,4.0,36.6,4.0,0.0,0.5,0.5,-212.0,-97.2,23.4,-94.4,4.0,136.8,4.0,0.0,0.5,0.5,-213.9,-188.1,-176.7,-195.0,4.0,26.7,4.0,0.0,0.5,0.5,-148.9,-67.2,15.8,-66.6,4.0,95.8,4.0,0.0,0.5,0.5,-68.7,-51.0,-46.0,-57.1,4.0,16.6,4.0,0.0,0.5,0.5,-46.5,-23.1,4.2,-21.3,4.0,29.3,4.0,0.0,0.5,0.5,869.5,1544.0,2586.5,1719.5,4.0,1037.5,4.0,0.0,0.5,0.5,870.0,1545.0,2585.0,1720.0,4.0,1040.0,4.0,0.0,0.5,0.5
1974,2,132.0,10.0,27.9,28.0,28.0,27.95,4.0,0.1,12.0,0.0,0.6,0.3,25.74,26.45,26.95,26.35,4.0,0.72,12.0,0.0,0.6,0.3,17.85,18.63,19.2,18.53,4.0,0.82,12.0,0.0,0.6,0.3,83.6,85.9,89.2,86.4,4.0,4.3,12.0,0.0,0.3,8.44,11.8,15.16,11.8,4.0,3.88,12.0,0.0,0.6,0.3,-14.21,-10.74,-7.37,-10.79,4.0,4.12,12.0,0.0,0.6,0.3,-6.41,-3.39,-0.72,-3.56,4.0,3.41,12.0,0.0,0.6,0.3,1009.27,1010.5,1011.68,1010.48,4.0,1.56,12.0,0.0,0.6,0.3,2.5,3.5,6.1,4.3,4.0,2.6,12.0,0.0,0.6,0.3,-215.8,-133.4,-62.5,-138.9,4.0,90.0,12.0,0.0,0.6,0.3,-78.7,-28.2,-6.3,-41.8,4.0,49.5,12.0,0.0,0.6,0.3,0.95,1.5,2.26,1.6,4.0,0.78,12.0,0.0,0.6,0.3,11.2,17.7,25.9,18.5,4.0,9.7,12.0,0.0,0.6,0.3,4.41,4.98,5.85,5.12,4.0,0.87,12.0,0.0,0.6,0.3,44.3,58.9,75.1,59.7,4.0,19.0,12.0,0.0,0.6,0.3,-375.6,-289.4,-193.6,-284.9,4.0,109.4,12.0,0.0,0.6,0.3,-169.4,-87.5,-19.3,-94.0,4.0,90.9,12.0,0.0,0.6,0.3,-268.0,-199.1,-135.3,-201.5,4.0,82.2,12.0,0.0,0.6,0.3,-115.1,-60.6,-13.7,-64.2,4.0,61.3,12.0,0.0,0.6,0.3,-69.3,-53.0,-38.4,-53.8,4.0,17.9,12.0,0.0,0.6,0.3,-37.0,-19.6,-3.2,-20.1,4.0,19.8,12.0,0.0,0.6,0.3,602.5,1983.0,3488.5,2042.5,4.0,1666.5,12.0,0.0,0.6,0.3,600.0,1985.0,3490.0,2045.0,4.0,1665.0,12.0,0.0,0.6,0.3
1974,2,132.0,11.0,27.9,28.5,29.0,28.45,4.0,0.64,18.0,0.5,0.3,0.7,25.48,26.5,27.52,26.5,4.0,1.29,18.0,0.5,0.3,0.7,16.67,18.27,19.27,17.98,4.0,1.81,18.0,0.5,0.3,0.7,78.7,82.0,87.0,82.8,4.0,5.0,18.0,0.5,0.7,5.39,6.2,7.22,6.3,4.0,1.14,18.0,0.5,0.3,0.7,-5.05,-4.94,-4.66,-4.86,4.0,0.31,18.0,0.5,0.3,0.7,-5.14,-3.58,-2.69,-3.9,4.0,1.54,18.0,0.5,0.3,0.7,1008.96,1009.95,1010.63,1009.8,4.0,1.28,18.0,0.5,0.3,0.7,2.0,3.0,5.6,3.8,4.0,3.0,18.0,0.5,0.3,0.7,-36.3,-31.3,-25.2,-30.8,4.0,6.9,18.0,0.5,0.3,0.7,-37.5,-22.5,-14.5,-25.9,4.0,14.7,18.0,0.5,0.3,0.7,0.95,2.4,2.9,1.95,4.0,1.37,18.0,0.5,0.3,0.7,6.4,14.4,15.6,11.2,4.0,7.5,18.0,0.5,0.3,0.7,5.2,6.32,7.63,6.41,4.0,1.42,18.0,0.5,0.3,0.7,36.5,38.1,42.3,39.3,4.0,4.2,18.0,0.5,0.3,0.7,-138.6,-131.0,-118.9,-128.9,4.0,11.8,18.0,0.5,0.3,0.7,-141.9,-93.8,-68.7,-104.7,4.0,46.1,18.0,0.5,0.3,0.7,-97.3,-85.6,-77.8,-87.5,4.0,11.8,18.0,0.5,0.3,0.7,-98.3,-65.5,-44.9,-71.3,4.0,32.1,18.0,0.5,0.3,0.7,-35.9,-29.8,-26.2,-31.0,4.0,6.3,18.0,0.5,0.3,0.7,-26.6,-22.8,-20.5,-23.5,4.0,4.7,18.0,0.5,0.3,0.7,157.5,243.0,382.5,269.0,4.0,143.5,18.0,0.5,0.3,0.7,160.0,245.0,380.0,270.0,4.0,145.0,18.0,0.5,0.3,0.7
1974,2,132.0,12.0,26.16,26.5,26.98,26.57,3.0,0.6,10.0,0.3,0.4,0.4,26.38,26.8,29.11,27.7,4.0,2.36,10.0,0.5,0.4,0.5,16.13,17.45,17.47,16.82,3.0,1.12,10.0,0.3,0.4,0.4,62.5,79.2,79.2,71.0,3.0,14.2,10.0,0.3,0.4,3.6,5.65,11.21,7.33,4.0,5.1,10.0,0.5,0.4,0.5,-10.53,-5.42,-3.35,-6.87,4.0,4.81,10.0,0.5,0.4,0.5,-3.83,-2.22,-0.86,-2.34,4.0,2.04,10.0,0.5,0.4,0.5,1008.13,1009.25,1010.26,1009.2,4.0,1.26,10.0,0.5,0.4,0.5,2.0,3.5,6.1,4.0,4.0,2.9,10.0,0.5,0.4,0.5,-128.6,-34.3,-12.1,-68.7,4.0,86.6,10.0,0.5,0.4,0.5,-46.8,-13.4,-3.1,-24.4,4.0,32.1,10.0,0.5,0.4,0.5,-3.46,-0.8,0.02,-1.7,3.0,2.67,10.0,0.3,0.4,0.4,-12.5,-2.9,1.2,-5.6,3.0,10.3,10.0,0.3,0.4,0.4,4.11,5.18,5.86,4.99,3.0,1.29,10.0,0.3,0.4,0.4,16.0,22.3,34.3,25.0,3.0,13.6,10.0,0.3,0.4,0.4,-276.6,-145.6,-96.9,-184.9,4.0,120.3,10.0,0.5,0.4,0.5,-100.7,-63.4,-26.7,-63.7,4.0,52.6,10.0,0.5,0.4,0.5,-106.1,-62.9,-53.0,-79.2,3.0,41.4,10.0,0.3,0.4,0.4,-40.2,-27.9,-8.9,-24.6,3.0,23.2,10.0,0.3,0.4,0.4,-31.7,-19.3,-15.0,-23.2,3.0,12.7,10.0,0.3,0.4,0.4,-12.8,-11.1,-3.5,-8.3,3.0,7.3,10.0,0.3,0.4,0.4,46.5,251.5,1781.5,884.0,4.0,1414.5,10.0,0.5,0.4,0.5,45.0,250.0,1780.0,885.0,4.0,1415.0,10.0,0.5,0.4,0.5
1974,2,132.0,13.0,26.41,27.2,29.0,27.75,10.0,1.52,16.0,0.7,0.4,0.5,26.41,27.4,28.69,27.5,10.0,1.53,16.0,0.7,0.4,0.5,16.25,17.45,18.01,17.18,10.0,0.92,16.0,0.7,0.4,0.5,69.0,72.9,80.8,75.0,10.0,7.6,16.0,0.7,0.5,6.87,8.7,13.31,9.63,11.0,3.5,16.0,0.6,0.5,0.5,-11.56,-7.24,-5.49,-8.14,11.0,3.14,16.0,0.6,0.5,0.5,-8.55,-2.8,-1.06,-4.2,11.0,3.48,16.0,0.6,0.5,0.5,1007.89,1008.45,1010.0,1009.02,10.0,1.52,16.0,0.7,0.4,0.5,2.0,3.0,6.8,4.2,11.0,2.3,16.0,0.6,0.5,0.5,-154.4,-63.2,-41.2,-87.3,11.0,57.2,16.0,0.6,0.5,0.5,-103.7,-23.0,-3.8,-45.0,11.0,49.2,16.0,0.6,0.5,0.5,-2.2,0.0,3.43,0.25,10.0,2.78,16.0,0.7,0.4,0.5,-16.6,0.0,40.7,8.1,10.0,28.4,16.0,0.7,0.4,0.5,4.13,6.08,8.37,6.3,10.0,2.51,16.0,0.7,0.4,0.5,37.0,49.1,102.7,61.1,10.0,35.4,16.0,0.7,0.4,0.5,-277.6,-194.8,-149.1,-208.5,10.0,74.7,16.0,0.7,0.4,0.5,-226.9,-94.3,-54.5,-123.4,10.0,85.7,16.0,0.7,0.4,0.5,-195.8,-121.4,-86.3,-132.4,10.0,53.2,16.0,0.7,0.4,0.5,-149.0,-57.1,-32.0,-79.2,10.0,58.8,16.0,0.7,0.4,0.5,-77.3,-45.2,-33.0,-48.5,10.0,23.3,16.0,0.7,0.4,0.5,-66.0,-17.7,-8.5,-33.7,10.0,31.3,16.0,0.7,0.4,0.5,344.5,658.5,2369.5,1208.5,11.0,1044.5,16.0,0.6,0.5,0.5,345.0,660.0,2370.0,1210.0,11.0,1045.0,16.0,0.6,0.5,0.5
1974,2,132.0,14.0,25.29,27.2,27.54,26.43,3.0,1.78,8.0,1.0,0.2,0.4,26.3,27.8,29.64,27.97,3.0,2.45,8.0,1.0,0.2,0.4,17.24,18.79,19.19,18.23,3.0,1.51,8.0,1.0,0.2,0.4,73.8,80.3,80.4,77.2,3.0,5.6,8.0,1.0,0.4,6.34,8.2,11.42,8.85,4.0,3.69,12.0,0.8,0.2,0.5,-7.34,-6.02,-4.71,-6.02,4.0,1.56,12.0,0.8,0.2,0.5,-9.89,-3.77,0.0,-4.89,4.0,5.94,12.0,0.8,0.2,0.5,1009.24,1009.65,1012.26,1010.7,4.0,2.55,12.0,0.8,0.2,0.5,3.0,3.0,6.4,4.7,3.0,2.9,8.0,1.0,0.2,0.4,-78.8,-48.6,-31.6,-54.9,4.0,31.0,12.0,0.8,0.2,0.5,-118.9,-32.8,0.0,-58.2,4.0,79.0,12.0,0.8,0.2,0.5,-3.21,-2.8,0.2,-1.53,3.0,2.73,8.0,1.0,0.2,0.4,-22.4,-14.3,10.6,-6.1,3.0,25.2,8.0,1.0,0.2,0.4,1.49,3.96,5.43,3.48,3.0,2.92,8.0,1.0,0.2,0.4,8.2,20.2,64.5,36.0,3.0,43.4,8.0,1.0,0.2,0.4,-202.6,-177.9,-162.7,-182.5,3.0,29.5,8.0,1.0,0.2,0.4,-210.4,0.0,0.0,-102.7,3.0,177.9,8.0,1.0,0.2,0.4,-135.2,-114.8,-103.9,-119.4,3.0,23.3,8.0,1.0,0.2,0.4,-135.8,0.0,0.0,-66.3,3.0,114.8,8.0,1.0,0.2,0.4,-35.4,-20.2,-8.2,-21.8,3.0,20.0,8.0,1.0,0.2,0.4,-50.3,0.0,0.0,-24.6,3.0,42.5,8.0,1.0,0.2,0.4,287.0,557.5,1720.5,983.5,4.0,1155.5,12.0,0.8,0.2,0.5,285.0,560.0,1720.0,985.0,4.0,1155.0,12.0,0.8,0.2,0.5
1974,2,132.0,15.0,26.29,27.35,28.0,27.35,8.0,0.97,18.0,0.4,0.3,0.6,25.27,26.1,27.65,26.48,9.0,1.72,18.0,0.3,0.3,0.5,14.91,16.31,17.57,16.23,9.0,1.65,18.0,0.3,0.3,0.5,70.6,77.7,80.6,75.1,9.0,6.9,18.0,0.3,0.5,5.1,7.7,12.2,8.62,9.0,3.43,18.0,0.3,0.3,0.5,-9.64,-5.1,-3.22,-6.16,9.0,3.26,18.0,0.3,0.3,0.5,-8.81,-5.98,1.27,-4.14,9.0,4.76,18.0,0.3,0.3,0.5,1009.8,1011.0,1012.54,1010.84,9.0,1.99,18.0,0.3,0.3,0.5,2.0,3.0,7.0,4.1,9.0,2.9,18.0,0.3,0.3,0.5,-106.3,-26.0,-21.4,-60.4,9.0,52.0,18.0,0.3,0.3,0.5,-108.9,-55.6,6.5,-45.3,9.0,56.6,18.0,0.3,0.3,0.5,-0.44,1.05,1.5,0.69,8.0,1.09,18.0,0.4,0.3,0.6,-4.6,6.6,14.4,5.4,8.0,9.2,18.0,0.4,0.3,0.6,5.92,6.17,7.95,6.41,8.0,1.75,18.0,0.4,0.3,0.6,31.5,47.1,68.8,50.8,8.0,22.2,18.0,0.4,0.3,0.6,-253.7,-134.2,-93.6,-162.4,9.0,83.8,18.0,0.3,0.3,0.5,-234.3,-155.4,34.9,-107.7,9.0,124.6,18.0,0.3,0.3,0.5,-163.3,-88.2,-53.6,-101.9,9.0,55.7,18.0,0.3,0.3,0.5,-135.8,-97.5,22.4,-61.9,9.0,73.6,18.0,0.3,0.3,0.5,-46.1,-30.6,-24.4,-33.9,8.0,16.6,18.0,0.4,0.3,0.6,-60.8,-22.8,4.9,-26.5,8.0,32.4,18.0,0.4,0.3,0.6,132.5,456.5,1862.5,927.0,9.0,1006.5,18.0,0.3,0.3,0.5,135.0,455.0,1865.0,925.0,9.0,1005.0,18.0,0.3,0.3,0.5
1974,2,132.0,16.0,26.04,26.7,27.29,26.75,10.0,0.66,16.0,0.6,0.5,0.5,24.2,25.55,27.58,25.73,12.0,1.57,16.0,0.7,0.4,0.5,13.99,15.97,17.06,15.63,12.0,1.62,16.0,0.7,0.4,0.5,71.5,77.1,79.8,75.7,12.0,5.5,16.0,0.7,0.5,6.29,9.8,11.71,9.26,12.0,3.27,16.0,0.7,0.4,0.5,-8.15,-5.73,-1.31,-4.91,12.0,3.7,16.0,0.7,0.4,0.5,-10.3,-7.26,-2.5,-6.38,12.0,4.46,16.0,0.7,0.4,0.5,1011.05,1012.2,1013.83,1012.43,12.0,1.47,16.0,0.7,0.4,0.5,3.7,5.5,8.0,5.5,12.0,1.9,16.0,0.7,0.4,0.5,-84.0,-45.1,-5.4,-48.9,12.0,47.1,16.0,0.7,0.4,0.5,-124.1,-67.2,-16.7,-71.3,12.0,58.9,16.0,0.7,0.4,0.5,-0.84,1.15,1.96,0.84,10.0,1.53,16.0,0.6,0.5,0.5,-4.7,8.5,23.6,10.5,10.0,14.7,16.0,0.6,0.5,0.5,4.63,5.95,6.76,6.01,10.0,1.71,16.0,0.6,0.5,0.5,29.9,50.5,79.8,54.4,10.0,29.5,16.0,0.6,0.5,0.5,-199.8,-144.0,-31.7,-126.6,12.0,94.9,16.0,0.7,0.4,0.5,-252.2,-179.1,-63.0,-160.1,12.0,111.5,16.0,0.7,0.4,0.5,-121.6,-88.5,-19.2,-74.3,12.0,55.5,16.0,0.7,0.4,0.5,-153.3,-107.7,-39.1,-95.7,12.0,66.0,16.0,0.7,0.4,0.5,-49.3,-30.1,-1.1,-26.4,10.0,23.3,16.0,0.6,0.5,0.5,-72.3,-32.8,-8.6,-39.2,10.0,33.8,16.0,0.6,0.5,0.5,258.0,948.5,1622.0,1067.5,12.0,1009.0,16.0,0.7,0.4,0.5,260.0,950.0,1620.0,1070.0,12.0,1010.0,16.0,0.7,0.4,0.5
1974,2,132.0,17.0,25.5,25.8,27.07,25.97,10.0,1.03,18.0,0.6,0.4,0.5,24.86,25.5,26.17,25.38,13.0,1.04,16.0,0.5,0.4,0.5,13.42,15.76,16.63,15.42,12.0,1.9,16.0,0.5,0.4,0.5,72.2,78.3,81.9,76.8,12.0,7.6,16.0,0.5,0.5,4.05,7.7,12.36,7.75,13.0,3.54,16.0,0.5,0.4,0.5,-8.48,-4.65,-2.08,-5.34,13.0,3.38,16.0,0.5,0.4,0.5,-8.23,-4.32,0.13,-4.11,13.0,4.13,16.0,0.5,0.4,0.5,1010.93,1012.2,1014.05,1012.27,13.0,1.61,16.0,0.5,0.4,0.5,2.0,3.0,6.0,3.6,13.0,2.1,16.0,0.5,0.4,0.5,-106.2,-39.7,-10.8,-48.8,13.0,46.9,16.0,0.5,0.4,0.5,-79.9,-19.9,0.6,-39.8,13.0,50.3,16.0,0.5,0.4,0.5,-0.5,0.0,2.07,0.74,10.0,1.71,18.0,0.6,0.4,0.5,-3.3,0.0,15.2,8.5,10.0,19.0,18.0,0.6,0.4,0.5,3.62,4.5,7.05,5.32,10.0,2.34,18.0,0.6,0.4,0.5,15.0,32.8,60.6,42.9,10.0,37.9,18.0,0.6,0.4,0.5,-201.5,-115.8,-51.2,-135.5,13.0,87.2,16.0,0.5,0.4,0.5,-203.1,-110.2,3.3,-101.9,13.0,100.4,16.0,0.5,0.4,0.5,-95.0,-63.1,-28.6,-71.3,12.0,39.9,16.0,0.5,0.4,0.5,-119.1,-71.5,4.1,-59.6,12.0,59.6,16.0,0.5,0.4,0.5,-39.3,-13.5,-6.7,-25.0,10.0,25.0,18.0,0.6,0.4,0.5,-56.6,-23.8,-7.7,-32.2,10.0,31.8,18.0,0.6,0.4,0.5,67.0,456.5,1888.0,745.5,13.0,810.0,16.0,0.5,0.4,0.5,65.0,455.0,1890.0,745.0,13.0,810.0,16.0,0.5,0.4,0.5
1974,2,132.0,18.0,24.0,25.4,26.6,25.38,6.0,1.32,14.0,0.7,0.5,0.2,22.58,24.35,26.16,24.86,8.0,2.94,12.0,0.8,0.5,0.4,12.51,13.35,14.05,13.4,7.0,1.16,12.0,0.7,0.5,0.3,64.1,75.7,79.1,72.7,7.0,9.2,12.0,0.7,0.3,4.5,9.75,15.07,9.83,8.0,4.59,12.0,0.8,0.5,0.4,-9.6,-3.24,-2.05,-5.13,8.0,4.59,12.0,0.8,0.5,0.4,-11.78,-7.18,-3.19,-7.44,8.0,4.11,12.0,0.8,0.5,0.4,1012.02,1015.25,1016.27,1014.69,8.0,3.05,12.0,0.8,0.5,0.4,1.1,3.5,5.9,3.5,8.0,2.4,12.0,0.8,0.5,0.4,-141.7,-26.9,-8.7,-60.8,8.0,76.1,12.0,0.8,0.5,0.4,-151.9,-85.0,-15.2,-86.3,8.0,69.1,12.0,0.8,0.5,0.4,0.85,1.7,2.81,1.77,6.0,1.49,14.0,0.7,0.5,0.2,3.7,16.6,37.3,21.0,6.0,23.4,14.0,0.7,0.5,0.2,5.39,5.82,8.81,6.6,6.0,1.83,14.0,0.7,0.5,0.2,39.1,64.4,135.7,78.1,6.0,48.4,14.0,0.7,0.5,0.2,-251.9,-77.2,-50.6,-129.7,8.0,112.6,12.0,0.8,0.5,0.4,-282.7,-167.3,-82.9,-179.7,8.0,94.9,12.0,0.8,0.5,0.4,-134.0,-36.5,-23.2,-64.4,7.0,62.6,12.0,0.7,0.5,0.3,-157.8,-102.9,-43.4,-108.9,7.0,52.1,12.0,0.7,0.5,0.3,-94.8,-18.2,-7.5,-42.0,6.0,48.6,14.0,0.7,0.5,0.2,-81.1,-60.4,-33.4,-59.5,6.0,30.8,14.0,0.7,0.5,0.2,112.0,1050.0,3458.5,1488.0,8.0,1498.5,12.0,0.8,0.5,0.4,110.0,1050.0,3460.0,1490.0,8.0,1500.0,12.0,0.8,0.5,0.4
1974,2,132.0,19.0,24.0,25.75,26.69,25.57,6.0,1.44,16.0,0.5,0.3,0.4,21.0,24.0,25.02,23.36,7.0,1.97,14.0,0.6,0.3,0.5,11.5,14.51,14.67,13.64,7.0,1.9,14.0,0.6,0.3,0.5,73.7,75.0,78.6,76.1,7.0,3.8,14.0,0.6,0.5,6.62,7.7,18.02,10.8,7.0,5.65,14.0,0.6,0.3,0.5,-9.55,-6.6,-1.55,-6.33,7.0,5.64,14.0,0.6,0.3,0.5,-12.86,-4.79,1.43,-5.57,7.0,7.29,14.0,0.6,0.3,0.5,1010.91,1015.1,1019.52,1015.39,7.0,4.21,14.0,0.6,0.3,0.5,2.0,4.0,6.0,4.3,7.0,1.9,14.0,0.6,0.3,0.5,-176.4,-44.2,-7.1,-81.9,7.0,107.1,14.0,0.6,0.3,0.5,-170.2,-24.4,10.9,-88.8,7.0,120.4,14.0,0.6,0.3,0.5,0.48,2.7,4.71,2.48,6.0,2.51,16.0,0.5,0.3,0.4,2.9,25.5,85.3,38.1,6.0,44.7,16.0,0.5,0.3,0.4,5.0,6.69,9.34,6.98,6.0,2.27,16.0,0.5,0.3,0.4,32.3,62.6,169.2,89.9,6.0,69.9,16.0,0.5,0.3,0.4,-201.4,-165.0,-39.3,-147.3,7.0,123.5,14.0,0.6,0.3,0.5,-270.1,-119.8,36.3,-119.4,7.0,156.3,14.0,0.6,0.3,0.5,-114.1,-95.8,-26.2,-84.6,7.0,68.6,14.0,0.6,0.3,0.5,-147.9,-79.2,20.8,-67.1,7.0,87.1,14.0,0.6,0.3,0.5,-102.9,-30.6,-5.6,-48.7,6.0,58.3,16.0,0.5,0.3,0.4,-103.5,-56.6,7.9,-56.5,6.0,67.0,16.0,0.5,0.3,0.4,292.5,456.5,5856.0,2214.5,7.0,2732.0,14.0,0.6,0.3,0.5,295.0,455.0,5855.0,2215.0,7.0,2730.0,14.0,0.6,0.3,0.5
1974,2,132.0,20.0,24.06,25.0,25.0,24.63,8.0,1.27,10.0,0.8,0.5,0.6,21.16,22.6,23.73,22.58,9.0,1.75,10.0,0.8,0.5,0.6,10.56,13.67,15.51,13.18,8.0,2.75,10.0,0.8,0.5,0.6,69.2,76.8,87.4,75.9,8.0,10.6,10.0,0.8,0.6,6.5,7.7,15.93,9.84,7.0,5.18,12.0,0.9,0.5,0.6,-10.34,-6.15,-2.48,-6.13,7.0,4.32,12.0,0.9,0.5,0.6,-10.73,-7.7,0.0,-6.66,7.0,5.05,12.0,0.9,0.5,0.6,1011.44,1014.5,1021.11,1016.2,9.0,4.52,10.0,0.8,0.5,0.6,3.0,3.5,4.9,3.9,8.0,1.6,12.0,0.9,0.5,0.5,-164.7,-44.9,-6.4,-76.0,7.0,80.0,12.0,0.9,0.5,0.6,-175.9,-59.3,0.0,-85.5,7.0,80.8,12.0,0.9,0.5,0.6,0.41,1.95,2.89,1.85,8.0,1.63,10.0,0.8,0.5,0.6,2.4,4.1,55.7,23.4,6.0,33.3,12.0,0.8,0.5,0.7,4.31,5.77,8.31,6.15,8.0,1.99,10.0,0.8,0.5,0.6,26.6,46.0,140.2,70.3,6.0,57.1,12.0,0.8,0.5,0.7,-207.9,-129.1,-56.0,-136.5,7.0,92.6,12.0,0.9,0.5,0.6,-233.8,-166.3,0.0,-142.8,7.0,105.2,12.0,0.9,0.5,0.6,-116.8,-87.2,-26.4,-76.6,6.0,53.1,12.0,0.8,0.5,0.7,-120.6,-74.4,0.0,-65.9,6.0,55.7,12.0,0.8,0.5,0.7,-95.9,-26.7,-13.1,-44.9,6.0,44.1,12.0,0.8,0.5,0.7,-93.8,-39.9,0.0,-46.7,6.0,46.9,12.0,0.8,0.5,0.7,287.0,456.5,4042.5,1646.0,7.0,1883.0,12.0,0.9,0.5,0.6,285.0,455.0,4040.0,1645.0,7.0,1885.0,12.0,0.9,0.5,0.6
1974,2,132.0,21.0,22.24,22.75,23.26,22.75,2.0,1.06,14.0,1.0,0.8,0.8,20.32,21.0,23.05,21.67,3.0,2.08,10.0,0.7,0.8,0.6,9.45,10.52,13.01,11.22,3.0,2.68,10.0,0.7,0.8,0.6,64.3,68.6,73.9,69.1,3.0,7.0,10.0,0.7,0.6,4.76,5.1,10.77,7.7,3.0,4.94,10.0,0.7,0.8,0.6,-8.44,-4.53,0.8,-3.84,3.0,6.8,10.0,0.7,0.8,0.6,-7.12,-3.91,-0.69,-3.91,3.0,4.71,10.0,0.7,0.8,0.6,1015.31,1019.0,1021.39,1018.37,3.0,4.48,10.0,0.7,0.8,0.6,2.3,3.0,3.0,2.7,3.0,0.6,10.0,0.7,0.8,0.6,-100.5,-20.8,4.8,-47.2,3.0,80.4,10.0,0.7,0.8,0.6,-85.1,-19.9,-3.8,-43.9,3.0,63.1,10.0,0.7,0.8,0.6,2.08,2.25,2.42,2.25,2.0,0.35,14.0,1.0,0.8,0.8,13.9,21.9,29.8,21.9,2.0,16.5,14.0,1.0,0.8,0.8,7.37,7.39,7.42,7.39,2.0,0.05,14.0,1.0,0.8,0.8,47.4,68.5,89.7,68.5,2.0,43.9,14.0,1.0,0.8,0.8,-181.7,-108.7,10.2,-86.2,3.0,141.9,10.0,0.7,0.8,0.6,-148.3,-78.1,-11.7,-79.9,3.0,100.0,10.0,0.7,0.8,0.6,-94.1,-64.2,-0.3,-47.6,3.0,70.1,10.0,0.7,0.8,0.6,-72.9,-35.0,-3.4,-38.1,3.0,51.0,10.0,0.7,0.8,0.6,-60.3,-26.1,8.2,-26.1,2.0,71.0,14.0,1.0,0.8,0.8,-58.4,-46.4,-34.3,-46.4,2.0,24.9,14.0,1.0,0.8,0.8,108.5,132.5,1684.5,878.5,3.0,1323.0,10.0,0.7,0.8,0.6,110.0,135.0,1685.0,880.0,3.0,1325.0,10.0,0.7,0.8,0.6
1974,2,132.0,22.0,22.71,23.5,26.05,24.24,5.0,1.97,18.0,0.8,0.4,0.5,19.78,21.0,26.5,22.68,5.0,3.53,18.0,0.8,0.4,0.5,9.04,13.95,18.38,13.85,5.0,4.92,18.0,0.8,0.4,0.5,63.7,81.1,90.9,78.1,5.0,13.8,18.0,0.8,0.5,4.92,6.7,8.88,7.08,5.0,2.85,18.0,0.8,0.4,0.5,-5.86,-1.25,1.02,-2.28,5.0,5.26,18.0,0.8,0.4,0.5,-5.34,-1.57,6.27,0.08,5.0,6.05,18.0,0.8,0.4,0.5,1011.09,1016.9,1021.01,1016.16,5.0,5.34,18.0,0.8,0.4,0.5,4.3,6.0,7.0,5.6,5.0,1.7,18.0,0.8,0.4,0.5,-58.3,-9.0,4.4,-27.3,5.0,54.3,18.0,0.8,0.4,0.5,-41.7,-7.2,43.3,-2.5,5.0,49.1,18.0,0.8,0.4,0.5,-0.05,2.5,2.87,1.56,5.0,1.74,18.0,0.8,0.4,0.5,-0.2,11.5,22.0,11.6,5.0,15.6,18.0,0.8,0.4,0.5,2.75,4.03,7.93,5.08,5.0,2.71,18.0,0.8,0.4,0.5,18.4,19.3,60.4,38.4,5.0,33.6,18.0,0.8,0.4,0.5,-131.0,-33.1,22.2,-50.5,5.0,107.8,18.0,0.8,0.4,0.5,-104.9,-33.0,166.2,18.6,5.0,142.9,18.0,0.8,0.4,0.5,-71.8,-24.7,17.1,-25.0,5.0,58.1,18.0,0.8,0.4,0.5,-47.7,-22.0,116.0,24.4,5.0,90.1,18.0,0.8,0.4,0.5,-36.6,-6.9,4.4,-17.1,5.0,38.6,18.0,0.8,0.4,0.5,-42.4,-6.3,17.2,-11.8,5.0,30.8,18.0,0.8,0.4,0.5,120.0,301.0,837.0,509.5,5.0,644.0,18.0,0.8,0.4,0.5,120.0,300.0,835.0,510.0,5.0,645.0,18.0,0.8,0.4,0.5
1974,2,132.0,23.0,20.19,22.0,23.71,22.1,11.0,1.87,18.0,0.6,0.2,0.6,18.0,20.0,23.05,20.55,13.0,2.5,16.0,0.5,0.2,0.5,7.82,12.06,15.64,11.94,11.0,4.24,18.0,0.6,0.2,0.6,59.4,82.9,89.7,75.8,11.0,16.4,18.0,0.6,0.6,3.1,6.7,9.35,7.08,13.0,4.42,16.0,0.5,0.2,0.5,-3.49,-1.16,0.12,-1.48,13.0,2.81,16.0,0.5,0.2,0.5,-7.18,-2.91,7.64,-1.85,13.0,7.74,16.0,0.5,0.2,0.5,1010.27,1016.1,1018.37,1015.18,13.0,5.5,16.0,0.5,0.2,0.5,3.0,6.0,8.0,5.8,13.0,2.5,16.0,0.5,0.2,0.5,-26.6,-7.8,0.9,-15.3,13.0,37.7,16.0,0.5,0.2,0.5,-53.3,-9.0,59.6,-26.2,13.0,106.1,16.0,0.5,0.2,0.5,0.5,1.0,2.62,1.35,11.0,2.31,18.0,0.6,0.2,0.6,2.5,6.0,20.5,14.7,11.0,34.0,18.0,0.6,0.2,0.6,1.75,5.16,8.23,4.69,11.0,3.54,18.0,0.6,0.2,0.6,6.9,40.3,58.3,41.3,11.0,51.5,18.0,0.6,0.2,0.6,-81.1,-22.8,2.2,-32.4,13.0,55.0,16.0,0.5,0.2,0.5,-129.3,-62.6,178.1,-23.1,13.0,159.4,16.0,0.5,0.2,0.5,-57.4,-18.7,-4.5,-25.4,11.0,31.9,18.0,0.6,0.2,0.6,-56.0,-32.4,129.3,7.6,11.0,99.2,18.0,0.6,0.2,0.6,-21.3,-7.0,2.6,-8.4,11.0,22.7,18.0,0.6,0.2,0.6,-50.5,-17.6,14.7,-26.5,11.0,56.2,18.0,0.6,0.2,0.6,30.0,301.0,817.5,843.0,13.0,1833.0,16.0,0.5,0.2,0.5,30.0,300.0,815.0,845.0,13.0,1835.0,16.0,0.5,0.2,0.5
1974,2,132.0,24.0,19.94,21.85,24.0,22.16,14.0,2.21,20.0,0.4,0.5,0.4,16.61,20.0,22.0,19.79,15.0,3.08,20.0,0.5,0.5,0.4,7.55,11.9,15.1,11.33,14.0,3.5,20.0,0.4,0.5,0.4,62.3,73.3,91.7,76.2,14.0,13.7,20.0,0.4,0.4,4.32,6.7,9.06,6.72,15.0,2.94,20.0,0.5,0.5,0.4,-4.79,-1.08,2.55,-1.07,15.0,3.73,20.0,0.5,0.5,0.4,-7.03,-4.42,-0.24,-3.77,15.0,5.16,20.0,0.5,0.5,0.4,1011.0,1015.5,1019.18,1015.11,15.0,3.82,20.0,0.5,0.5,0.4,2.2,6.0,7.8,5.3,15.0,2.5,20.0,0.5,0.5,0.4,-41.5,-3.4,12.1,-10.5,15.0,31.8,20.0,0.5,0.5,0.4,-62.9,-24.4,-0.7,-31.1,15.0,57.5,20.0,0.5,0.5,0.4,0.06,2.75,5.11,2.24,14.0,3.09,20.0,0.4,0.5,0.4,0.4,14.9,42.9,18.2,14.0,26.1,20.0,0.4,0.5,0.4,2.54,5.4,8.72,5.4,14.0,2.83,20.0,0.4,0.5,0.4,16.2,31.8,71.1,41.6,14.0,33.9,20.0,0.4,0.5,0.4,-98.0,-21.5,53.4,-24.3,15.0,74.8,20.0,0.5,0.5,0.4,-135.6,-79.1,-5.9,-68.2,15.0,98.4,20.0,0.5,0.5,0.4,-62.8,-7.1,37.3,-15.8,14.0,44.9,20.0,0.4,0.5,0.4,-80.3,-49.2,-1.0,-35.5,14.0,54.4,20.0,0.4,0.5,0.4,-18.5,-2.9,9.5,-4.1,14.0,22.9,20.0,0.4,0.5,0.4,-56.7,-21.5,-0.1,-26.3,14.0,41.6,20.0,0.4,0.5,0.4,83.0,301.0,748.0,488.5,15.0,735.5,20.0,0.5,0.5,0.4,85.0,300.0,750.0,490.0,15.0,735.0,20.0,0.5,0.5,0.4
1974,2,132.0,25.0,20.22,21.1,22.0,21.14,15.0,1.45,18.0,0.3,0.5,0.4,15.63,20.0,21.37,19.13,17.0,2.76,18.0,0.4,0.5,0.5,7.23,12.24,13.27,10.74,14.0,2.92,18.0,0.3,0.5,0.4,66.5,80.5,90.8,77.2,14.0,12.5,18.0,0.3,0.4,4.37,6.2,9.53,6.74,17.0,2.57,18.0,0.4,0.5,0.5,-4.56,-1.74,3.78,-1.08,17.0,3.98,18.0,0.4,0.5,0.5,-7.54,-4.75,2.79,-2.86,17.0,5.39,18.0,0.4,0.5,0.5,1010.38,1015.65,1021.37,1016.05,16.0,5.07,18.0,0.3,0.5,0.5,2.0,6.0,7.0,5.2,17.0,2.4,18.0,0.4,0.5,0.5,-28.9,-7.4,22.8,-9.5,17.0,34.3,18.0,0.4,0.5,0.5,-61.9,-24.4,14.2,-19.8,17.0,51.0,18.0,0.4,0.5,0.5,-0.51,1.5,4.62,1.99,15.0,2.5,18.0,0.3,0.5,0.4,-2.5,13.8,27.4,14.9,15.0,18.1,18.0,0.3,0.5,0.4,2.84,4.72,7.7,4.91,14.0,2.49,18.0,0.3,0.5,0.4,19.4,28.5,63.6,35.8,14.0,21.5,18.0,0.3,0.5,0.4,-92.6,-28.4,78.3,-21.8,17.0,78.3,18.0,0.4,0.5,0.5,-130.3,-76.5,55.1,-50.1,17.0,102.9,18.0,0.4,0.5,0.5,-45.0,-5.2,48.1,-8.2,14.0,47.5,18.0,0.3,0.5,0.4,-78.4,-49.7,32.3,-26.9,14.0,67.3,18.0,0.3,0.5,0.4,-23.9,-1.5,12.5,-4.8,14.0,22.2,18.0,0.3,0.5,0.4,-49.8,-18.5,19.1,-16.2,14.0,32.3,18.0,0.3,0.5,0.4,84.0,238.5,867.5,439.5,17.0,461.5,18.0,0.4,0.5,0.5,85.0,240.0,865.0,440.0,17.0,460.0,18.0,0.4,0.5,0.5
1974,2,132.0,26.0,19.75,20.85,21.18,20.57,12.0,0.95,18.0,0.6,0.5,0.5,15.83,17.5,19.64,17.68,13.0,2.67,16.0,0.6,0.5,0.5,8.4,9.67,11.44,9.66,10.0,1.76,18.0,0.6,0.6,0.5,71.8,80.5,84.3,78.0,10.0,7.6,18.0,0.6,0.5,5.67,7.7,8.7,7.44,12.0,3.63,16.0,0.6,0.5,0.5,0.0,3.29,5.31,2.6,12.0,3.7,16.0,0.6,0.5,0.5,-8.28,-6.26,0.3,-5.12,12.0,4.89,16.0,0.6,0.5,0.5,1012.32,1017.9,1020.73,1016.68,12.0,4.49,18.0,0.6,0.5,0.5,2.9,6.0,8.0,5.7,13.0,2.2,16.0,0.6,0.5,0.5,0.0,20.8,47.3,23.5,12.0,33.0,16.0,0.6,0.5,0.5,-72.0,-48.2,1.5,-51.1,12.0,66.0,16.0,0.6,0.5,0.5,1.05,3.25,5.35,3.33,12.0,2.1,18.0,0.6,0.5,0.5,2.9,33.5,48.3,26.3,11.0,20.6,16.0,0.5,0.5,0.5,3.67,5.26,7.39,5.39,10.0,1.72,18.0,0.6,0.6,0.5,25.4,49.7,58.0,43.2,9.0,16.5,18.0,0.6,0.6,0.5,0.0,53.5,89.0,48.8,12.0,68.4,16.0,0.6,0.5,0.5,-135.1,-106.8,4.7,-85.1,12.0,81.2,16.0,0.6,0.5,0.5,5.8,33.6,48.2,24.6,9.0,33.6,18.0,0.6,0.6,0.5,-86.9,-58.0,-3.3,-56.3,9.0,50.1,18.0,0.6,0.6,0.5,2.2,13.9,29.1,11.0,9.0,25.5,18.0,0.6,0.6,0.5,-49.9,-35.7,-2.4,-30.1,9.0,23.7,18.0,0.6,0.6,0.5,195.0,456.5,658.5,694.5,12.0,1068.5,16.0,0.6,0.5,0.5,195.0,455.0,660.0,695.0,12.0,1070.0,16.0,0.6,0.5,0.5
1974,2,132.0,27.0,20.0,20.2,21.0,20.3,9.0,0.66,14.0,0.7,0.5,0.2,15.0,18.25,19.74,17.89,10.0,2.38,14.0,0.6,0.6,0.3,8.6,10.37,11.21,9.98,9.0,1.86,14.0,0.7,0.5,0.2,69.5,77.0,81.3,76.5,9.0,9.7,14.0,0.7,0.2,4.48,6.7,12.79,8.14,11.0,4.13,16.0,0.5,0.5,0.3,-4.69,0.0,3.89,-0.54,11.0,4.03,16.0,0.5,0.5,0.3,-11.53,-5.13,1.35,-5.52,11.0,6.3,16.0,0.5,0.5,0.3,1013.97,1019.4,1024.06,1018.6,11.0,5.57,16.0,0.5,0.5,0.3,5.6,7.0,8.0,6.3,11.0,2.3,16.0,0.5,0.5,0.3,-36.5,0.0,21.5,-3.4,11.0,38.6,16.0,0.5,0.5,0.3,-151.1,-34.4,6.9,-66.0,11.0,84.8,16.0,0.5,0.5,0.3,0.22,2.0,3.87,2.09,9.0,1.96,14.0,0.7,0.5,0.2,1.2,12.6,32.4,18.2,9.0,20.0,14.0,0.7,0.5,0.2,3.49,4.62,5.53,4.79,9.0,1.59,14.0,0.7,0.5,0.2,14.9,30.9,56.8,37.6,9.0,24.5,14.0,0.7,0.5,0.2,-92.2,-23.4,78.0,-11.9,10.0,77.8,14.0,0.6,0.6,0.3,-173.3,-88.3,34.7,-75.5,10.0,98.0,14.0,0.6,0.6,0.3,-50.3,-30.7,42.3,-9.3,9.0,44.9,14.0,0.7,0.5,0.2,-97.8,-30.4,25.3,-37.1,9.0,56.6,14.0,0.7,0.5,0.2,-24.8,-10.1,22.6,-1.6,9.0,22.4,14.0,0.7,0.5,0.2,-49.2,-23.7,9.2,-24.8,9.0,31.5,14.0,0.7,0.5,0.2,97.0,301.0,2213.0,955.0,11.0,1245.5,16.0,0.5,0.5,0.3,95.0,300.0,2215.0,955.0,11.0,1245.0,16.0,0.5,0.5,0.3
1974,2,132.0,28.0,19.11,20.3,21.44,20.4,8.0,1.28,12.0,0.5,0.6,0.4,12.8,18.0,20.0,17.09,9.0,3.65,12.0,0.6,0.5,0.4,6.74,9.27,11.11,9.14,9.0,2.26,12.0,0.6,0.5,0.4,71.6,72.6,78.0,74.1,9.0,3.3,12.0,0.6,0.4,6.33,9.3,11.76,8.51,9.0,3.43,12.0,0.6,0.5,0.4,-2.03,3.52,5.56,1.48,9.0,4.36,12.0,0.6,0.5,0.4,-9.95,-4.95,8.64,-1.64,9.0,8.29,12.0,0.6,0.5,0.4,1013.6,1015.4,1020.11,1016.51,9.0,4.33,12.0,0.6,0.5,0.4,6.0,7.0,7.0,6.6,9.0,0.9,12.0,0.6,0.5,0.4,-17.0,28.9,44.8,13.4,9.0,45.3,12.0,0.6,0.5,0.4,-115.9,-34.4,82.6,-19.0,9.0,87.7,12.0,0.6,0.5,0.4,0.19,2.25,6.22,2.88,8.0,2.72,12.0,0.5,0.6,0.4,0.4,12.0,50.0,25.7,8.0,31.6,12.0,0.5,0.6,0.4,3.92,5.56,6.71,5.45,8.0,1.4,12.0,0.5,0.6,0.4,32.6,36.9,79.2,46.1,8.0,26.7,12.0,0.5,0.6,0.4,-39.9,63.2,73.4,16.7,9.0,68.7,12.0,0.6,0.5,0.4,-121.3,-61.9,171.1,-7.0,9.0,146.7,12.0,0.6,0.5,0.4,-22.3,30.9,39.4,8.7,9.0,36.0,12.0,0.6,0.5,0.4,-62.6,-34.6,91.3,-1.5,9.0,79.3,12.0,0.6,0.5,0.4,-11.0,3.8,36.7,6.6,8.0,28.4,12.0,0.5,0.6,0.4,-67.4,-16.2,32.0,-14.0,8.0,45.4,12.0,0.5,0.6,0.4,255.0,804.5,1654.0,856.5,9.0,681.0,12.0,0.6,0.5,0.4,255.0,805.0,1655.0,855.0,9.0,680.0,12.0,0.6,0.5,0.4
1974,2,132.0,29.0,17.0,19.4,20.6,19.12,25.0,1.56,12.0,0.7,0.4,0.5,10.79,15.1,18.5,14.91,28.0,3.62,14.0,0.8,0.4,0.6,5.41,8.22,10.55,7.99,20.0,2.56,14.0,0.8,0.4,0.6,55.6,68.3,86.0,71.2,20.0,14.4,14.0,0.8,0.6,5.41,9.55,12.9,9.12,28.0,3.48,14.0,0.8,0.4,0.6,-5.47,0.0,8.36,0.45,28.0,6.3,14.0,0.8,0.4,0.6,-8.7,-4.41,6.74,-2.35,28.0,7.26,14.0,0.8,0.4,0.6,1009.21,1018.0,1023.5,1017.11,28.0,6.68,14.0,0.8,0.4,0.6,4.0,6.0,8.0,5.9,27.0,2.1,14.0,0.8,0.4,0.6,-42.0,0.0,91.9,10.3,28.0,75.3,14.0,0.8,0.4,0.6,-112.1,-39.5,50.6,-26.8,28.0,80.4,14.0,0.8,0.4,0.6,-1.1,4.1,8.76,4.19,25.0,3.97,12.0,0.7,0.4,0.5,-2.9,31.2,86.5,40.7,25.0,42.6,12.0,0.7,0.4,0.5,3.08,6.71,8.74,6.04,19.0,2.47,14.0,0.7,0.4,0.5,31.3,52.9,74.2,54.5,19.0,29.7,14.0,0.7,0.4,0.5,-91.7,0.0,114.4,2.5,28.0,93.4,14.0,0.8,0.4,0.6,-102.9,-68.7,125.3,-14.4,28.0,112.8,14.0,0.8,0.4,0.6,-38.3,0.0,53.7,9.3,20.0,52.7,14.0,0.8,0.4,0.6,-42.9,-23.2,92.9,7.0,20.0,64.9,14.0,0.8,0.4,0.6,-25.4,0.0,54.0,11.2,19.0,42.8,14.0,0.7,0.4,0.5,-54.9,-19.1,30.4,-16.7,19.0,41.9,14.0,0.7,0.4,0.5,163.0,873.0,2146.5,1064.0,28.0,900.5,14.0,0.8,0.4,0.6,165.0,875.0,2145.0,1065.0,28.0,900.0,14.0,0.8,0.4,0.6
1974,2,132.0,30.0,18.23,19.4,20.81,19.34,11.0,1.85,16.0,0.8,0.4,0.5,11.26,15.6,19.21,15.45,11.0,4.13,16.0,0.8,0.4,0.5,5.43,7.36,10.6,7.95,10.0,2.84,18.0,0.8,0.4,0.6,58.1,68.5,74.9,68.5,10.0,11.3,18.0,0.8,0.6,4.6,7.95,13.0,8.48,12.0,5.12,16.0,0.8,0.4,0.5,-4.4,0.0,5.64,0.86,12.0,6.56,16.0,0.8,0.4,0.5,-7.75,-3.19,4.28,-3.24,12.0,7.02,16.0,0.8,0.4,0.5,1011.75,1018.9,1021.28,1016.97,12.0,5.44,16.0,0.8,0.4,0.5,1.5,6.5,8.0,5.3,12.0,3.1,16.0,0.8,0.4,0.5,-42.5,0.0,51.6,14.2,12.0,86.7,16.0,0.8,0.4,0.5,-101.4,-19.8,23.3,-50.2,12.0,100.5,16.0,0.8,0.4,0.5,-0.69,2.6,9.61,3.86,10.0,5.12,16.0,0.8,0.4,0.5,1.3,13.6,109.6,48.0,10.0,60.5,16.0,0.8,0.4,0.5,2.43,3.87,8.89,5.43,9.0,3.38,16.0,0.8,0.4,0.6,11.9,30.4,119.5,54.3,9.0,55.8,16.0,0.8,0.4,0.6,-65.4,0.0,89.6,7.7,11.0,94.3,16.0,0.8,0.4,0.5,-97.6,-56.8,37.7,-46.3,11.0,107.3,16.0,0.8,0.4,0.5,-27.4,0.0,51.7,11.6,10.0,45.5,18.0,0.8,0.4,0.6,-48.5,-22.8,20.5,-19.3,10.0,59.5,18.0,0.8,0.4,0.6,-20.7,0.0,38.1,14.3,9.0,50.2,16.0,0.8,0.4,0.6,-76.3,-17.8,-1.1,-36.3,9.0,46.9,16.0,0.8,0.4,0.6,97.5,504.0,2367.5,1274.5,12.0,1898.5,16.0,0.8,0.4,0.5,95.0,505.0,2370.0,1275.0,12.0,1900.0,16.0,0.8,0.4,0.5
1974,2,132.0,31.0,18.64,19.0,19.91,19.09,15.0,1.62,18.0,0.4,0.4,0.4,6.63,15.0,17.45,12.44,17.0,5.17,18.0,0.4,0.4,0.4,4.23,8.52,9.95,7.56,11.0,2.74,16.0,0.4,0.4,0.4,64.0,74.9,87.4,75.0,11.0,9.9,16.0,0.4,0.4,7.47,9.3,14.63,9.91,17.0,4.38,18.0,0.4,0.4,0.4,-0.33,3.18,6.55,3.17,17.0,4.0,18.0,0.4,0.4,0.4,-11.64,-6.77,7.08,-4.34,17.0,8.76,18.0,0.4,0.4,0.4,1010.49,1015.2,1023.65,1016.25,17.0,6.25,18.0,0.4,0.4,0.4,3.0,6.0,8.0,5.4,15.0,2.7,18.0,0.5,0.4,0.4,-0.7,38.1,76.6,37.9,17.0,51.4,18.0,0.4,0.4,0.4,-166.9,-48.7,59.6,-55.2,17.0,114.2,18.0,0.4,0.4,0.4,1.68,3.8,12.59,6.19,15.0,5.26,18.0,0.4,0.4,0.4,12.6,40.3,101.3,62.6,15.0,62.4,18.0,0.4,0.4,0.4,3.1,5.35,9.24,5.88,11.0,2.99,16.0,0.4,0.4,0.4,15.1,57.4,77.4,56.0,11.0,43.7,16.0,0.4,0.4,0.4,-5.2,30.7,73.4,31.0,17.0,52.1,18.0,0.4,0.4,0.4,-138.6,-46.9,126.0,-34.5,17.0,136.1,18.0,0.4,0.4,0.4,-13.9,18.6,46.0,16.9,11.0,37.3,16.0,0.4,0.4,0.4,-77.7,-25.7,71.3,-11.5,11.0,82.8,16.0,0.4,0.4,0.4,-5.5,8.0,44.4,19.3,11.0,35.4,16.0,0.4,0.4,0.4,-70.5,-27.9,25.9,-27.7,11.0,53.4,16.0,0.4,0.4,0.4,418.0,804.5,3134.5,1458.0,17.0,1306.0,18.0,0.4,0.4,0.4,420.0,805.0,3135.0,1460.0,17.0,1305.0,18.0,0.4,0.4,0.4
1974,2,132.0,32.0,15.44,18.85,20.34,17.97,10.0,2.87,18.0,0.5,0.6,0.4,4.79,9.4,11.7,8.99,11.0,3.68,20.0,0.5,0.6,0.4,3.67,4.56,5.3,4.64,8.0,1.52,20.0,0.5,0.5,0.4,59.4,62.3,70.4,63.9,8.0,8.5,20.0,0.5,0.4,7.29,10.3,16.77,11.43,11.0,4.6,20.0,0.5,0.6,0.4,-3.19,2.63,7.7,2.3,11.0,5.54,20.0,0.5,0.6,0.4,-14.14,-9.68,-5.62,-9.9,11.0,4.52,20.0,0.5,0.6,0.4,1013.38,1016.8,1026.33,1018.72,11.0,6.25,20.0,0.5,0.6,0.4,2.4,6.5,7.6,5.2,10.0,2.8,18.0,0.6,0.5,0.4,-33.1,20.3,128.0,36.4,11.0,77.4,20.0,0.5,0.6,0.4,-239.4,-99.7,-42.8,-130.8,11.0,104.9,20.0,0.5,0.6,0.4,7.33,8.9,11.61,9.25,10.0,2.35,18.0,0.5,0.6,0.4,65.0,95.4,156.1,107.3,10.0,51.7,18.0,0.5,0.6,0.4,7.32,7.93,8.08,7.52,7.0,1.21,20.0,0.4,0.5,0.3,40.7,82.7,134.4,91.9,7.0,44.6,20.0,0.4,0.5,0.3,-42.3,17.6,48.6,11.6,11.0,56.7,20.0,0.5,0.6,0.4,-112.3,-68.0,-47.3,-88.5,11.0,67.3,20.0,0.5,0.6,0.4,-22.9,11.0,14.6,2.5,8.0,28.4,20.0,0.5,0.5,0.4,-57.7,-37.3,-23.6,-47.3,8.0,37.2,20.0,0.5,0.5,0.4,-23.4,27.9,50.0,21.4,7.0,38.9,20.0,0.4,0.5,0.3,-132.1,-77.7,-31.5,-83.0,7.0,42.1,20.0,0.4,0.5,0.3,392.0,1092.5,4768.0,2177.0,11.0,2220.0,20.0,0.5,0.6,0.4,390.0,1095.0,4770.0,2175.0,11.0,2220.0,20.0,0.5,0.6,0.4
1974,2,132.0,33.0,10.39,12.6,17.74,14.0,4.0,4.83,22.0,0.3,0.4,0.5,5.38,6.4,11.43,8.14,5.0,3.59,20.0,0.4,0.3,0.6,3.93,4.34,5.28,4.59,4.0,1.08,22.0,0.3,0.4,0.5,64.7,69.3,77.1,70.8,4.0,7.6,22.0,0.3,0.5,4.38,5.1,6.61,5.52,5.0,1.62,20.0,0.4,0.3,0.6,-3.3,0.0,4.46,0.48,5.0,4.08,20.0,0.4,0.3,0.6,-5.91,-3.52,-2.08,-3.76,5.0,2.48,20.0,0.4,0.3,0.6,1014.73,1022.7,1026.09,1020.92,5.0,6.01,20.0,0.4,0.3,0.6,1.3,8.0,8.0,5.2,5.0,3.9,20.0,0.4,0.3,0.6,-15.9,0.0,25.9,5.1,5.0,25.4,20.0,0.4,0.3,0.6,-39.4,-16.7,-10.3,-23.4,5.0,19.5,20.0,0.4,0.3,0.6,5.1,6.2,7.72,6.4,4.0,1.56,22.0,0.3,0.4,0.5,26.2,33.2,52.7,39.2,4.0,19.5,22.0,0.3,0.4,0.5,3.78,5.08,7.43,5.58,4.0,2.39,22.0,0.3,0.4,0.5,19.3,32.2,46.8,33.0,4.0,15.9,22.0,0.3,0.4,0.5,-29.6,0.0,36.5,1.2,5.0,38.2,20.0,0.4,0.3,0.6,-41.6,-28.5,-12.5,-26.5,5.0,17.6,20.0,0.4,0.3,0.6,-17.6,-5.3,12.0,-2.9,4.0,19.8,22.0,0.3,0.4,0.5,-26.1,-22.4,-16.1,-21.2,4.0,6.5,22.0,0.3,0.4,0.5,-24.0,-6.3,16.4,-3.9,4.0,27.4,22.0,0.3,0.4,0.5,-33.2,-24.0,-17.0,-25.1,4.0,10.0,22.0,0.3,0.4,0.5,85.0,132.5,319.0,206.0,5.0,198.0,20.0,0.4,0.3,0.6,85.0,135.0,320.0,205.0,5.0,200.0,20.0,0.4,0.3,0.6
1974,2,132.0,34.0,9.4,9.4,9.4,9.4,1.0,0.0,24.0,1.0,0.9,0.2,6.8,6.8,6.8,6.8,1.0,0.0,24.0,1.0,0.9,0.2,3.87,3.87,3.87,3.87,1.0,0.0,24.0,1.0,0.9,0.2,63.7,63.7,63.7,63.7,1.0,0.0,24.0,1.0,0.2,2.6,2.6,2.6,2.6,1.0,0.0,24.0,1.0,0.9,0.2,0.0,0.0,0.0,0.0,1.0,0.0,24.0,1.0,0.9,0.2,-2.6,-2.6,-2.6,-2.6,1.0,0.0,24.0,1.0,0.9,0.2,1017.7,1017.7,1017.7,1017.7,1.0,0.0,24.0,1.0,0.9,0.2,8.0,8.0,8.0,8.0,1.0,0.0,24.0,1.0,0.9,0.2,0.0,0.0,0.0,0.0,1.0,0.0,24.0,1.0,0.9,0.2,-6.8,-6.8,-6.8,-6.8,1.0,0.0,24.0,1.0,0.9,0.2,2.6,2.6,2.6,2.6,1.0,0.0,24.0,1.0,0.9,0.2,6.8,6.8,6.8,6.8,1.0,0.0,24.0,1.0,0.9,0.2,3.4,3.4,3.4,3.4,1.0,0.0,24.0,1.0,0.9,0.2,8.8,8.8,8.8,8.8,1.0,0.0,24.0,1.0,0.9,0.2,0.0,0.0,0.0,0.0,1.0,0.0,24.0,1.0,0.9,0.2,-17.7,-17.7,-17.7,-17.7,1.0,0.0,24.0,1.0,0.9,0.2,0.0,0.0,0.0,0.0,1.0,0.0,24.0,1.0,0.9,0.2,-10.1,-10.1,-10.1,-10.1,1.0,0.0,24.0,1.0,0.9,0.2,0.0,0.0,0.0,0.0,1.0,0.0,24.0,1.0,0.9,0.2,-8.8,-8.8,-8.8,-8.8,1.0,0.0,24.0,1.0,0.9,0.2,17.5,17.5,17.5,17.5,1.0,0.0,24.0,1.0,0.9,0.2,20.0,20.0,20.0,20.0,1.0,0.0,24.0,1.0,0.9,0.2
1974,2,132.0,35.0,10.0,10.7,12.86,11.31,7.0,1.56,18.0,0.4,0.3,0.5,0.11,3.9,7.22,3.81,8.0,4.64,14.0,0.5,0.2,0.4,3.64,3.64,3.64,3.64,1.0,0.0,10.0,0.0,0.0,0.4,90.4,90.4,90.4,90.4,1.0,0.0,10.0,0.0,0.4,3.27,8.2,11.95,8.07,9.0,4.85,16.0,0.4,0.2,0.4,-3.17,0.89,10.31,3.19,9.0,7.09,16.0,0.4,0.2,0.4,-8.83,-3.6,0.0,-4.07,9.0,4.05,16.0,0.4,0.2,0.4,1017.02,1019.0,1025.37,1020.67,7.0,5.18,14.0,0.4,0.2,0.4,5.1,7.0,8.0,6.7,8.0,1.3,18.0,0.5,0.2,0.4,-31.5,2.3,115.6,37.7,9.0,91.8,16.0,0.4,0.2,0.4,-91.7,-24.4,0.0,-37.1,9.0,47.9,16.0,0.4,0.2,0.4,,,,,,,,,,,,,,,,,,,,,,,,,,,,,,,,,,,,,,,,,-20.9,-7.4,0.0,-11.3,7.0,14.7,14.0,0.6,0.2,0.4,-36.6,-2.4,0.6,-16.4,7.0,27.7,14.0,0.6,0.2,0.4,3.2,3.2,3.2,3.2,1.0,0.0,10.0,0.0,0.0,0.4,-8.9,-8.9,-8.9,-8.9,1.0,0.0,10.0,0.0,0.0,0.4,,,,,,,,,,,,,,,,,,,,,,,,,,,,,,,,,,,,,,,,
1974,2,132.0,36.0,11.1,12.1,15.0,12.89,7.0,1.75,6.0,0.4,0.4,0.4,2.46,6.3,8.07,5.2,10.0,3.37,10.0,0.5,0.4,0.5,4.29,4.97,5.64,4.96,4.0,0.83,8.0,0.5,0.4,0.4,77.0,82.6,90.5,83.7,4.0,8.3,8.0,0.5,0.4,6.91,11.05,13.47,10.32,10.0,3.07,10.0,0.5,0.4,0.5,-6.47,-3.17,0.67,-1.95,10.0,5.94,10.0,0.5,0.4,0.5,-10.69,-7.39,1.07,-6.0,10.0,6.95,10.0,0.5,0.4,0.5,1012.26,1017.95,1022.01,1017.53,10.0,5.28,10.0,0.5,0.4,0.5,7.0,7.5,8.0,7.0,8.0,1.7,12.0,0.5,0.4,0.4,-76.3,-23.9,4.5,-16.6,10.0,78.7,10.0,0.5,0.4,0.5,-129.4,-92.9,9.8,-75.4,10.0,76.2,10.0,0.5,0.4,0.5,5.26,6.7,11.45,7.46,7.0,3.45,6.0,0.4,0.4,0.4,59.5,72.0,135.1,84.0,7.0,47.4,6.0,0.4,0.4,0.4,2.69,3.68,4.12,3.42,4.0,0.93,8.0,0.5,0.4,0.4,26.0,42.5,50.0,38.2,4.0,16.9,8.0,0.5,0.4,0.4,-34.9,-21.9,-2.5,-20.5,10.0,19.0,10.0,0.5,0.4,0.5,-60.9,-37.8,36.5,-20.5,10.0,46.3,10.0,0.5,0.4,0.5,-36.5,-28.3,-6.7,-21.9,4.0,20.4,8.0,0.5,0.4,0.4,-52.7,-37.2,6.4,-23.8,4.0,43.6,8.0,0.5,0.4,0.4,-34.9,-23.8,-5.0,-20.1,4.0,18.2,8.0,0.5,0.4,0.4,-38.7,-33.0,-6.7,-23.2,4.0,25.4,8.0,0.5,0.4,0.4,332.0,1351.5,2455.0,1359.0,10.0,1010.5,10.0,0.5,0.4,0.5,330.0,1350.0,2455.0,1360.0,10.0,1010.0,10.0,0.5,0.4,0.5
1974,2,132.0,37.0,8.38,10.0,13.1,10.64,7.0,2.58,10.0,0.7,0.5,0.6,1.62,5.9,8.41,4.94,8.0,4.02,10.0,0.6,0.5,0.6,4.88,4.91,4.94,4.91,3.0,0.04,14.0,0.3,0.7,0.6,71.4,80.6,87.5,79.5,3.0,11.8,14.0,0.3,0.6,6.87,8.75,11.58,8.83,8.0,3.4,10.0,0.6,0.5,0.6,-4.87,-1.15,1.27,-1.97,8.0,3.47,10.0,0.6,0.5,0.6,-8.98,-4.68,7.88,-2.29,8.0,8.84,10.0,0.6,0.5,0.6,1014.03,1021.2,1029.27,1021.58,8.0,7.19,10.0,0.6,0.5,0.6,3.2,7.0,7.4,5.4,5.0,3.2,10.0,0.6,0.6,0.5,-47.5,-7.7,5.2,-22.3,8.0,35.1,10.0,0.6,0.5,0.6,-104.1,-39.1,63.6,-36.1,8.0,94.6,10.0,0.6,0.5,0.6,2.07,6.1,10.46,5.97,7.0,4.0,10.0,0.7,0.5,0.6,11.3,56.7,104.8,62.5,7.0,57.5,10.0,0.7,0.5,0.6,2.49,3.28,3.9,3.19,3.0,1.03,14.0,0.3,0.7,0.6,11.9,14.2,25.3,18.5,3.0,10.5,14.0,0.3,0.7,0.6,-15.2,0.0,11.5,-0.8,8.0,15.2,10.0,0.6,0.5,0.6,-37.2,3.9,53.6,9.5,8.0,44.4,10.0,0.6,0.5,0.6,-19.0,-11.2,4.0,-7.6,3.0,17.2,14.0,0.3,0.7,0.6,-28.8,-6.4,19.0,-4.9,3.0,35.1,14.0,0.3,0.7,0.6,-11.9,-4.9,4.9,-3.6,3.0,12.4,14.0,0.3,0.7,0.6,-19.7,-5.4,7.4,-6.2,3.0,19.9,14.0,0.3,0.7,0.6,328.5,678.0,1565.0,944.0,8.0,872.5,10.0,0.6,0.5,0.6,330.0,680.0,1565.0,945.0,8.0,870.0,10.0,0.6,0.5,0.6
1974,2,132.0,38.0,5.97,7.95,11.88,8.37,12.0,2.88,12.0,0.4,0.3,0.5,-1.55,1.25,4.53,1.4,12.0,3.16,12.0,0.4,0.3,0.5,4.02,4.02,4.51,4.26,3.0,0.42,18.0,0.3,0.1,0.6,79.7,79.7,83.8,81.7,3.0,3.5,18.0,0.3,0.6,4.5,11.5,15.0,10.8,10.0,5.94,12.0,0.4,0.3,0.5,-2.02,-0.61,6.23,1.41,10.0,4.19,12.0,0.4,0.3,0.5,-14.77,-9.55,4.27,-6.57,10.0,9.85,12.0,0.4,0.3,0.5,1014.17,1021.6,1025.38,1020.66,12.0,5.84,12.0,0.4,0.3,0.5,0.0,6.0,7.7,4.4,9.0,3.5,12.0,0.6,0.3,0.5,-12.9,-2.2,74.3,27.8,10.0,61.9,12.0,0.4,0.3,0.5,-221.6,-103.5,21.3,-117.6,10.0,160.0,12.0,0.4,0.3,0.5,2.05,6.4,13.5,6.97,12.0,5.39,12.0,0.4,0.3,0.5,7.6,57.5,191.8,93.1,10.0,97.5,12.0,0.4,0.3,0.5,1.8,1.82,1.82,1.81,3.0,0.02,18.0,0.3,0.1,0.6,6.6,6.6,9.0,7.8,3.0,2.1,18.0,0.3,0.1,0.6,-7.9,-4.5,4.6,1.0,10.0,17.8,12.0,0.4,0.3,0.5,11.2,21.0,27.6,18.5,10.0,17.4,12.0,0.4,0.3,0.5,-10.8,-4.9,-4.9,-7.8,3.0,4.9,18.0,0.3,0.1,0.6,13.6,13.6,20.3,16.8,3.0,5.7,18.0,0.3,0.1,0.6,-4.2,-2.2,-2.2,-3.2,3.0,1.6,18.0,0.3,0.1,0.6,6.2,6.2,8.0,7.1,3.0,1.5,18.0,0.3,0.1,0.6,106.0,1598.5,3375.0,2356.0,10.0,3242.0,12.0,0.4,0.3,0.5,105.0,1600.0,3375.0,2355.0,10.0,3240.0,12.0,0.4,0.3,0.5
1974,2,132.0,39.0,,,,,,,,,,,,,,,,,,,,,,,,,,,,,,,,,,,,,,,,4.33,11.4,12.9,9.11,8.0,4.69,10.0,0.5,0.3,0.5,-1.37,1.12,3.84,0.26,8.0,4.13,10.0,0.5,0.3,0.5,-12.64,-9.08,0.21,-7.13,8.0,6.45,10.0,0.5,0.3,0.5,1015.59,1021.5,1028.17,1021.18,12.0,8.16,12.0,0.7,0.3,0.5,,,,,,,,,,,,,,,,,,,,,,,,,,,,,,,,,,,,,,,,,,,,,,,,,,,,,,,,,,,,,,,,,,,,,,,,,,,,,,,,,,,,,,,,,,,,,,,,,,,,,,,,,,,,,,,,,,,,,,,,,,,,,,,,,,,,,,,,,,,,,,,,,,,,,,
1974,2,132.0,40.0,1.1,4.15,5.67,3.61,22.0,2.29,12.0,0.4,0.4,0.4,-5.4,-3.4,1.71,-2.43,23.0,3.83,12.0,0.4,0.4,0.4,3.42,3.42,3.42,3.42,1.0,0.0,18.0,0.0,0.5,0.2,90.3,90.3,90.3,90.3,1.0,0.0,18.0,0.0,0.2,7.2,10.3,13.0,10.18,20.0,4.04,10.0,0.4,0.4,0.5,-2.05,2.52,5.49,1.71,20.0,5.37,10.0,0.4,0.4,0.5,-11.62,-9.21,-1.79,-7.37,20.0,6.03,10.0,0.4,0.4,0.5,1014.49,1021.9,1030.5,1022.42,23.0,6.99,12.0,0.4,0.4,0.4,2.0,4.0,7.0,4.1,19.0,2.4,10.0,0.5,0.4,0.5,-24.2,20.3,60.5,26.9,20.0,74.5,10.0,0.4,0.4,0.5,-144.5,-100.4,-9.3,-90.2,20.0,77.2,10.0,0.4,0.4,0.5,0.8,6.4,10.23,5.91,22.0,4.42,12.0,0.4,0.4,0.4,9.2,82.6,115.0,69.6,19.0,44.3,12.0,0.3,0.4,0.5,0.65,0.65,0.65,0.65,1.0,0.0,18.0,0.0,0.5,0.2,6.4,6.4,6.4,6.4,1.0,0.0,18.0,0.0,0.5,0.2,-25.1,-7.3,4.1,-9.6,20.0,21.9,10.0,0.4,0.4,0.5,-1.0,29.1,54.3,28.6,20.0,28.6,10.0,0.4,0.4,0.5,0.0,0.0,0.0,0.0,1.0,0.0,18.0,0.0,0.5,0.2,-33.5,-33.5,-33.5,-33.5,1.0,0.0,18.0,0.0,0.5,0.2,0.0,0.0,0.0,0.0,1.0,0.0,18.0,0.0,0.5,0.2,-6.4,-6.4,-6.4,-6.4,1.0,0.0,18.0,0.0,0.5,0.2,373.0,1100.5,2197.0,1494.5,20.0,1331.0,10.0,0.4,0.4,0.5,375.0,1100.0,2195.0,1495.0,20.0,1330.0,10.0,0.4,0.4,0.5
1974,2,132.0,41.0,,,,,,,,,,,,,,,,,,,,,,,,,,,,,,,,,,,,,,,,5.06,9.0,14.9,9.41,30.0,4.36,16.0,0.6,0.5,0.5,-0.55,2.74,7.7,3.12,30.0,4.47,16.0,0.6,0.5,0.5,-12.74,-7.26,1.23,-5.29,30.0,7.18,16.0,0.6,0.5,0.5,1015.28,1019.9,1027.99,1021.15,33.0,5.8,14.0,0.6,0.5,0.5,,,,,,,,,,,,,,,,,,,,,,,,,,,,,,,,,,,,,,,,,,,,,,,,,,,,,,,,,,,,,,,,,,,,,,,,,,,,,,,,,,,,,,,,,,,,,,,,,,,,,,,,,,,,,,,,,,,,,,,,,,,,,,,,,,,,,,,,,,,,,,,,,,,,,,
1974,2,132.0,42.0,-0.5,0.0,1.0,0.42,131.0,1.44,14.0,0.5,0.6,0.7,-11.18,-7.1,-1.81,-6.73,140.0,4.54,14.0,0.5,0.6,0.7,1.59,2.47,3.34,2.47,2.0,1.81,12.0,0.5,0.5,0.7,69.5,81.9,94.3,81.9,2.0,25.6,12.0,0.5,0.7,4.0,7.2,12.0,7.68,121.0,4.22,14.0,0.5,0.5,0.7,-2.05,2.46,6.43,2.07,121.0,4.27,14.0,0.5,0.5,0.7,-10.65,-5.37,0.0,-5.16,121.0,5.28,14.0,0.5,0.5,0.7,1015.12,1020.8,1027.48,1021.5,147.0,6.11,14.0,0.5,0.5,0.7,0.0,2.0,7.4,2.7,93.0,2.9,14.0,0.7,0.5,0.7,-9.6,10.8,70.9,23.9,121.0,51.9,14.0,0.5,0.5,0.7,-135.1,-35.5,0.0,-56.1,121.0,75.9,14.0,0.5,0.5,0.7,3.07,7.5,11.0,6.97,125.0,4.36,14.0,0.5,0.6,0.7,12.2,46.0,111.1,59.3,100.0,48.2,14.0,0.4,0.6,0.7,0.56,1.45,2.35,1.45,2.0,1.86,12.0,0.5,0.5,0.7,5.4,16.6,27.9,16.6,2.0,23.3,12.0,0.5,0.5,0.7,-56.8,-14.4,4.4,-20.5,114.0,36.8,16.0,0.5,0.5,0.7,2.5,38.3,96.3,46.0,114.0,51.4,16.0,0.5,0.5,0.7,-1.6,-0.9,-0.3,-0.9,2.0,1.3,12.0,0.5,0.5,0.7,-11.5,-5.5,0.5,-5.5,2.0,12.4,12.0,0.5,0.5,0.7,-0.1,0.0,0.0,0.0,2.0,0.0,12.0,0.5,0.5,0.7,-27.9,-16.5,-5.2,-16.5,2.0,23.5,12.0,0.5,0.5,0.7,64.0,373.0,1728.0,908.0,121.0,1394.0,14.0,0.5,0.5,0.7,65.0,375.0,1730.0,910.0,121.0,1395.0,14.0,0.5,0.5,0.7
1974,2,132.0,43.0,,,,,,,,,,,,,,,,,,,,,,,,,,,,,,,,,,,,,,,,6.6,7.45,8.3,7.45,2.0,1.77,6.0,0.0,0.3,0.0,2.24,3.81,5.38,3.81,2.0,3.25,6.0,0.0,0.3,0.0,-7.38,-4.82,-2.27,-4.82,2.0,5.3,6.0,0.0,0.3,0.0,1015.45,1018.35,1021.25,1018.35,2.0,6.01,6.0,0.0,0.3,0.0,,,,,,,,,,,,,,,,,,,,,,,,,,,,,,,,,,,,,,,,,,,,,,,,,,,,,,,,,,,,,,,,,,,,,,,,,,,,,,,,,,,,,,,,,,,,,,,,,,,,,,,,,,,,,,,,,,,,,,,,,,,,,,,,,,,,,,,,,,,,,,,,,,,,,,
1974,2,133.0,-46.0,12.4,12.4,12.4,12.4,1.0,0.0,12.0,1.0,0.4,0.5,12.0,12.0,12.0,12.0,1.0,0.0,12.0,1.0,0.4,0.5,6.27,6.27,6.27,6.27,1.0,0.0,12.0,1.0,0.4,0.5,71.5,71.5,71.5,71.5,1.0,0.0,12.0,1.0,0.5,2.76,3.1,10.13,6.37,3.0,6.1,12.0,1.0,0.4,0.7,2.14,2.44,8.7,5.35,3.0,5.42,12.0,1.0,0.4,0.7,-5.33,-2.37,-0.15,-2.73,3.0,3.81,12.0,1.0,0.4,0.7,1002.0,1002.0,1002.0,1002.0,1.0,0.0,12.0,1.0,0.4,0.5,2.0,4.0,6.0,4.0,3.0,3.0,12.0,1.0,0.4,0.7,6.2,6.4,108.2,56.0,3.0,86.2,12.0,1.0,0.4,0.7,-63.6,-7.4,-0.8,-31.6,3.0,50.6,12.0,1.0,0.4,0.7,0.4,0.4,0.4,0.4,1.0,0.0,12.0,1.0,0.4,0.5,5.4,5.4,5.4,5.4,1.0,0.0,12.0,1.0,0.4,0.5,2.75,2.75,2.75,2.75,1.0,0.0,12.0,1.0,0.4,0.5,36.9,36.9,36.9,36.9,1.0,0.0,12.0,1.0,0.4,0.5,139.3,139.3,139.3,139.3,1.0,0.0,12.0,1.0,0.4,0.5,-80.4,-80.4,-80.4,-80.4,1.0,0.0,12.0,1.0,0.4,0.5,72.7,72.7,72.7,72.7,1.0,0.0,12.0,1.0,0.4,0.5,-42.0,-42.0,-42.0,-42.0,1.0,0.0,12.0,1.0,0.4,0.5,32.0,32.0,32.0,32.0,1.0,0.0,12.0,1.0,0.4,0.5,-18.4,-18.4,-18.4,-18.4,1.0,0.0,12.0,1.0,0.4,0.5,21.5,30.0,1652.0,818.0,3.0,1375.5,12.0,1.0,0.4,0.7,20.0,30.0,1650.0,820.0,3.0,1375.0,12.0,1.0,0.4,0.7
1974,2,133.0,-41.0,15.06,15.2,16.43,15.73,3.0,1.1,12.0,0.3,0.5,0.8,13.36,13.7,15.54,14.43,3.0,1.72,12.0,0.3,0.5,0.8,6.39,7.83,8.46,7.44,3.0,1.56,12.0,0.3,0.5,0.8,64.3,75.2,81.0,72.7,3.0,12.4,12.0,0.3,0.8,5.51,6.4,7.29,6.4,2.0,1.84,16.0,0.0,0.5,0.6,-0.33,1.84,4.01,1.84,2.0,4.5,16.0,0.0,0.5,0.6,-6.24,-3.35,-0.46,-3.35,2.0,5.99,16.0,0.0,0.5,0.6,1008.97,1017.3,1017.44,1013.3,3.0,7.1,12.0,0.3,0.5,0.8,4.3,5.0,5.0,4.7,3.0,0.6,12.0,0.3,0.5,0.8,-4.6,7.7,19.9,7.7,2.0,25.4,16.0,0.0,0.5,0.6,-48.4,-26.9,-5.5,-26.9,2.0,44.5,16.0,0.0,0.5,0.6,0.89,1.5,1.7,1.3,3.0,0.62,12.0,0.3,0.5,0.8,5.3,6.9,8.5,6.9,2.0,3.2,16.0,0.0,0.5,0.6,2.91,3.37,4.45,3.67,3.0,1.15,12.0,0.3,0.5,0.8,15.7,19.9,24.0,19.9,2.0,8.6,16.0,0.0,0.5,0.6,-7.9,22.2,52.3,22.2,2.0,62.4,16.0,0.0,0.5,0.6,-102.8,-56.3,-9.9,-56.3,2.0,96.2,16.0,0.0,0.5,0.6,-3.6,13.8,31.2,13.8,2.0,36.1,16.0,0.0,0.5,0.6,-54.8,-29.7,-4.7,-29.7,2.0,51.9,16.0,0.0,0.5,0.6,-1.6,4.5,10.7,4.5,2.0,12.8,16.0,0.0,0.5,0.6,-21.1,-11.6,-2.0,-11.6,2.0,19.7,16.0,0.0,0.5,0.6,184.0,294.5,405.0,294.5,2.0,229.0,16.0,0.0,0.5,0.6,185.0,295.0,405.0,295.0,2.0,230.0,16.0,0.0,0.5,0.6
1974,2,133.0,-39.0,17.0,17.0,17.0,17.0,1.0,0.0,22.0,1.0,0.2,0.6,16.0,16.0,16.0,16.0,1.0,0.0,22.0,1.0,0.2,0.6,6.17,6.17,6.17,6.17,1.0,0.0,22.0,1.0,0.2,0.6,54.7,54.7,54.7,54.7,1.0,0.0,22.0,1.0,0.6,11.8,11.8,11.8,11.8,1.0,0.0,22.0,1.0,0.2,0.6,4.04,4.04,4.04,4.04,1.0,0.0,22.0,1.0,0.2,0.6,11.09,11.09,11.09,11.09,1.0,0.0,22.0,1.0,0.2,0.6,1010.2,1010.2,1010.2,1010.2,1.0,0.0,22.0,1.0,0.2,0.6,2.0,2.0,2.0,2.0,1.0,0.0,22.0,1.0,0.2,0.6,47.6,47.6,47.6,47.6,1.0,0.0,22.0,1.0,0.2,0.6,130.8,130.8,130.8,130.8,1.0,0.0,22.0,1.0,0.2,0.6,1.0,1.0,1.0,1.0,1.0,0.0,22.0,1.0,0.2,0.6,11.8,11.8,11.8,11.8,1.0,0.0,22.0,1.0,0.2,0.6,5.89,5.89,5.89,5.89,1.0,0.0,22.0,1.0,0.2,0.6,69.5,69.5,69.5,69.5,1.0,0.0,22.0,1.0,0.2,0.6,64.6,64.6,64.6,64.6,1.0,0.0,22.0,1.0,0.2,0.6,177.4,177.4,177.4,177.4,1.0,0.0,22.0,1.0,0.2,0.6,24.9,24.9,24.9,24.9,1.0,0.0,22.0,1.0,0.2,0.6,68.5,68.5,68.5,68.5,1.0,0.0,22.0,1.0,0.2,0.6,23.8,23.8,23.8,23.8,1.0,0.0,22.0,1.0,0.2,0.6,65.3,65.3,65.3,65.3,1.0,0.0,22.0,1.0,0.2,0.6,1643.0,1643.0,1643.0,1643.0,1.0,0.0,22.0,1.0,0.2,0.6,1645.0,1645.0,1645.0,1645.0,1.0,0.0,22.0,1.0,0.2,0.6
1974,2,133.0,-38.0,17.18,18.0,18.36,17.94,7.0,0.88,16.0,0.7,0.6,0.5,15.61,16.75,18.69,16.9,8.0,1.46,16.0,0.6,0.5,0.5,6.32,8.11,9.54,8.09,7.0,1.68,14.0,0.7,0.5,0.5,58.4,67.9,71.8,67.4,7.0,7.8,14.0,0.7,0.5,3.1,4.85,9.4,6.01,10.0,3.27,16.0,0.7,0.4,0.5,-3.92,0.53,6.28,1.04,10.0,5.14,16.0,0.7,0.4,0.5,0.34,2.19,5.04,2.11,10.0,4.27,16.0,0.7,0.4,0.5,1014.19,1018.45,1022.47,1017.67,10.0,5.84,16.0,0.7,0.4,0.5,1.9,6.0,7.6,5.1,10.0,2.7,16.0,0.7,0.4,0.5,-16.4,1.6,70.0,18.5,10.0,46.6,16.0,0.7,0.4,0.5,1.6,7.9,28.5,15.5,10.0,42.9,16.0,0.7,0.4,0.5,-0.09,1.6,3.06,1.37,6.0,1.85,14.0,0.7,0.6,0.5,-0.9,6.5,19.3,10.0,6.0,16.7,14.0,0.7,0.6,0.5,3.92,5.25,6.38,5.08,6.0,1.56,14.0,0.7,0.6,0.5,14.4,22.9,38.6,30.8,6.0,27.1,14.0,0.7,0.6,0.5,-53.3,8.3,72.2,7.2,8.0,70.1,16.0,0.6,0.5,0.5,1.8,44.8,88.6,33.9,8.0,80.7,16.0,0.6,0.5,0.5,-26.2,6.7,44.8,3.4,7.0,36.1,14.0,0.7,0.5,0.5,-3.7,18.4,44.1,12.0,7.0,44.1,14.0,0.7,0.5,0.5,-13.5,-3.1,18.5,4.9,6.0,26.5,14.0,0.7,0.6,0.5,1.8,20.5,33.2,22.2,6.0,23.4,14.0,0.7,0.6,0.5,30.0,115.0,861.0,415.0,10.0,609.0,16.0,0.7,0.4,0.5,30.0,115.0,860.0,415.0,10.0,610.0,16.0,0.7,0.4,0.5
1974,2,133.0,-36.0,18.39,18.85,19.58,18.98,4.0,0.84,14.0,0.8,0.3,0.6,17.05,17.45,19.42,18.2,4.0,1.83,14.0,0.8,0.3,0.6,7.88,8.29,9.59,8.71,4.0,1.3,14.0,0.8,0.3,0.6,64.3,66.7,69.8,67.0,4.0,3.2,14.0,0.8,0.6,3.58,6.15,11.71,7.58,4.0,5.36,14.0,0.8,0.3,0.6,-3.49,-2.26,-0.68,-2.09,4.0,1.73,14.0,0.8,0.3,0.6,0.67,4.74,11.65,6.09,4.0,6.85,14.0,0.8,0.3,0.6,1012.87,1016.55,1018.4,1015.68,4.0,3.94,14.0,0.8,0.3,0.6,2.4,6.0,7.0,4.8,4.0,3.3,14.0,0.8,0.3,0.6,-13.8,-10.6,-4.6,-9.3,4.0,6.7,14.0,0.8,0.3,0.6,2.7,36.0,147.8,73.5,4.0,103.4,14.0,0.8,0.3,0.6,-0.28,1.0,1.8,0.78,4.0,1.27,14.0,0.8,0.3,0.6,-1.3,8.3,20.7,9.6,4.0,13.2,14.0,0.8,0.3,0.6,4.4,4.93,5.4,4.9,4.0,0.67,14.0,0.8,0.3,0.6,15.7,29.3,64.2,39.5,4.0,32.5,14.0,0.8,0.3,0.6,-68.5,-39.8,-11.6,-40.0,4.0,35.2,14.0,0.8,0.3,0.6,14.0,83.7,198.4,105.2,4.0,115.2,14.0,0.8,0.3,0.6,-33.4,-18.6,-5.7,-19.5,4.0,17.6,14.0,0.8,0.3,0.6,7.1,41.6,92.5,49.4,4.0,52.3,14.0,0.8,0.3,0.6,-15.2,-11.0,-3.5,-9.4,4.0,7.3,14.0,0.8,0.3,0.6,2.7,23.5,63.9,32.9,4.0,39.0,14.0,0.8,0.3,0.6,48.5,310.0,1995.5,989.5,4.0,1563.5,14.0,0.8,0.3,0.6,50.0,310.0,1995.0,990.0,4.0,1565.0,14.0,0.8,0.3,0.6
1974,2,133.0,-11.0,,,,,,,,,,,,,,,,,,,,,,,,,,,,,,,,,,,,,,,,4.4,7.2,7.88,6.17,3.0,2.7,20.0,0.3,0.7,0.5,3.98,6.77,7.74,5.88,3.0,2.86,20.0,0.3,0.7,0.5,-2.17,-1.55,-0.49,-1.34,3.0,1.24,20.0,0.3,0.7,0.5,1003.03,1003.1,1006.65,1004.8,3.0,3.03,20.0,0.3,0.7,0.5,,,,,,,,,,,,,,,,,,,,,,,,,,,,,,,,,,,,,,,,,,,,,,,,,,,,,,,,,,,,,,,,,,,,,,,,,,,,,,,,,,,,,,,,,,,,,,,,,,,,,,,,,,,,,,,,,,,,,,,,,,,,,,,,,,,,,,,,,,,,,,,,,,,,,,
1974,2,133.0,-10.0,27.8,28.0,28.53,28.22,6.0,0.61,16.0,0.5,0.4,0.3,27.68,28.1,28.6,28.12,6.0,0.61,16.0,0.5,0.4,0.3,19.75,20.49,21.26,20.43,6.0,0.88,16.0,0.5,0.4,0.3,84.1,84.3,85.9,85.2,6.0,2.3,16.0,0.5,0.3,4.5,5.4,7.05,6.0,6.0,2.24,16.0,0.5,0.4,0.3,4.33,4.98,5.99,5.08,6.0,1.06,16.0,0.5,0.4,0.3,-3.89,-2.09,-0.54,-2.5,6.0,2.93,16.0,0.5,0.4,0.3,1004.11,1004.95,1005.68,1005.05,6.0,1.6,16.0,0.5,0.4,0.3,2.6,7.0,7.2,5.5,6.0,2.8,16.0,0.5,0.4,0.3,19.5,26.9,42.7,32.2,6.0,19.0,16.0,0.5,0.4,0.3,-29.7,-10.8,-2.8,-20.0,6.0,30.8,16.0,0.5,0.4,0.3,-0.52,-0.1,0.92,0.1,6.0,0.86,16.0,0.5,0.4,0.3,-2.9,-0.4,5.9,1.7,6.0,6.9,16.0,0.5,0.4,0.3,2.42,3.44,4.99,3.74,6.0,1.39,16.0,0.5,0.4,0.3,14.3,16.8,30.0,24.0,6.0,18.7,16.0,0.5,0.4,0.3,118.7,142.4,166.8,142.8,6.0,29.4,16.0,0.5,0.4,0.3,-109.4,-58.7,-15.9,-70.4,6.0,81.9,16.0,0.5,0.4,0.3,83.6,103.9,125.3,103.9,6.0,22.1,16.0,0.5,0.4,0.3,-78.4,-43.7,-11.9,-51.0,6.0,58.1,16.0,0.5,0.4,0.3,12.7,15.1,25.2,19.4,6.0,10.4,16.0,0.5,0.4,0.3,-17.1,-6.3,-0.9,-11.2,6.0,18.2,16.0,0.5,0.4,0.3,91.5,159.0,415.0,302.5,6.0,392.0,16.0,0.5,0.4,0.3,90.0,160.0,415.0,305.0,6.0,390.0,16.0,0.5,0.4,0.3
1974,2,133.0,-8.0,,,,,,,,,,,,,,,,,,,,,,,,,,,,,,,,,,,,,,,,5.68,7.15,8.62,7.15,2.0,3.04,14.0,0.5,0.7,0.6,5.23,6.38,7.52,6.38,2.0,2.37,14.0,0.5,0.7,0.6,-4.18,-3.18,-2.18,-3.18,2.0,2.08,14.0,0.5,0.7,0.6,1006.22,1007.55,1008.88,1007.55,2.0,2.76,14.0,0.5,0.7,0.6,,,,,,,,,,,,,,,,,,,,,,,,,,,,,,,,,,,,,,,,,,,,,,,,,,,,,,,,,,,,,,,,,,,,,,,,,,,,,,,,,,,,,,,,,,,,,,,,,,,,,,,,,,,,,,,,,,,,,,,,,,,,,,,,,,,,,,,,,,,,,,,,,,,,,,
1974,2,133.0,-5.0,27.38,28.2,28.2,27.8,3.0,0.69,8.0,0.0,0.4,0.6,26.66,27.0,27.34,27.0,3.0,0.5,8.0,0.0,0.4,0.6,17.57,17.68,18.29,17.92,3.0,0.57,8.0,0.0,0.4,0.6,79.1,80.8,81.0,80.1,3.0,1.5,8.0,0.0,0.6,3.23,4.6,7.06,5.13,3.0,2.84,8.0,0.0,0.4,0.6,3.11,4.53,5.73,4.42,3.0,1.92,8.0,0.0,0.4,0.6,-3.88,-0.89,0.26,-1.79,3.0,3.13,8.0,0.0,0.4,0.6,1004.36,1006.0,1008.12,1006.23,3.0,2.76,8.0,0.0,0.4,0.6,6.3,7.0,7.7,7.0,3.0,1.0,8.0,0.0,0.4,0.6,11.0,20.8,41.8,26.2,3.0,23.1,8.0,0.0,0.4,0.6,-30.2,-2.3,1.8,-14.0,3.0,25.5,8.0,0.0,0.4,0.6,0.04,1.2,1.54,0.8,3.0,1.15,8.0,0.0,0.4,0.6,-1.4,4.4,5.2,1.9,3.0,5.3,8.0,0.0,0.4,0.6,4.67,6.5,6.56,5.63,3.0,1.58,8.0,0.0,0.4,0.6,21.1,30.3,31.0,26.2,3.0,8.0,8.0,0.0,0.4,0.6,83.0,122.3,156.7,119.9,3.0,54.0,8.0,0.0,0.4,0.6,-106.4,-23.6,7.2,-49.0,3.0,86.1,8.0,0.0,0.4,0.6,54.7,79.4,104.8,79.7,3.0,36.7,8.0,0.0,0.4,0.6,-71.8,-15.7,4.6,-33.2,3.0,58.0,8.0,0.0,0.4,0.6,18.4,24.0,28.0,23.2,3.0,7.0,8.0,0.0,0.4,0.6,-15.6,-5.8,1.8,-6.9,3.0,12.7,8.0,0.0,0.4,0.6,43.0,97.5,407.5,222.0,3.0,288.0,8.0,0.0,0.4,0.6,45.0,95.0,405.0,220.0,3.0,290.0,8.0,0.0,0.4,0.6
1974,2,133.0,1.0,28.3,28.3,28.3,28.3,1.0,0.0,18.0,0.0,0.4,0.6,27.0,27.0,27.0,27.0,1.0,0.0,18.0,0.0,0.4,0.6,17.51,17.51,17.51,17.51,1.0,0.0,18.0,0.0,0.4,0.6,78.3,78.3,78.3,78.3,1.0,0.0,18.0,0.0,0.6,0.0,0.0,0.0,0.0,1.0,0.0,18.0,0.0,0.4,0.6,0.0,0.0,0.0,0.0,1.0,0.0,18.0,0.0,0.4,0.6,0.0,0.0,0.0,0.0,1.0,0.0,18.0,0.0,0.4,0.6,1006.8,1006.8,1006.8,1006.8,1.0,0.0,18.0,0.0,0.4,0.6,3.0,3.0,3.0,3.0,1.0,0.0,18.0,0.0,0.4,0.6,0.0,0.0,0.0,0.0,1.0,0.0,18.0,0.0,0.4,0.6,0.0,0.0,0.0,0.0,1.0,0.0,18.0,0.0,0.4,0.6,1.3,1.3,1.3,1.3,1.0,0.0,18.0,0.0,0.4,0.6,0.0,0.0,0.0,0.0,1.0,0.0,18.0,0.0,0.4,0.6,6.73,6.73,6.73,6.73,1.0,0.0,18.0,0.0,0.4,0.6,0.0,0.0,0.0,0.0,1.0,0.0,18.0,0.0,0.4,0.6,0.0,0.0,0.0,0.0,1.0,0.0,18.0,0.0,0.4,0.6,0.0,0.0,0.0,0.0,1.0,0.0,18.0,0.0,0.4,0.6,0.0,0.0,0.0,0.0,1.0,0.0,18.0,0.0,0.4,0.6,0.0,0.0,0.0,0.0,1.0,0.0,18.0,0.0,0.4,0.6,0.0,0.0,0.0,0.0,1.0,0.0,18.0,0.0,0.4,0.6,0.0,0.0,0.0,0.0,1.0,0.0,18.0,0.0,0.4,0.6,0.0,0.0,0.0,0.0,1.0,0.0,18.0,0.0,0.4,0.6,0.0,0.0,0.0,0.0,1.0,0.0,18.0,0.0,0.4,0.6
1974,2,133.0,2.0,29.4,29.4,29.4,29.4,1.0,0.0,16.0,0.0,0.6,0.8,26.7,26.7,26.7,26.7,1.0,0.0,16.0,0.0,0.6,0.8,17.86,17.86,17.86,17.86,1.0,0.0,16.0,0.0,0.6,0.8,81.1,81.1,81.1,81.1,1.0,0.0,16.0,0.0,0.8,2.6,2.6,2.6,2.6,1.0,0.0,16.0,0.0,0.6,0.8,0.0,0.0,0.0,0.0,1.0,0.0,16.0,0.0,0.6,0.8,2.6,2.6,2.6,2.6,1.0,0.0,16.0,0.0,0.6,0.8,1005.4,1005.4,1005.4,1005.4,1.0,0.0,16.0,0.0,0.6,0.8,8.0,8.0,8.0,8.0,1.0,0.0,16.0,0.0,0.6,0.8,0.0,0.0,0.0,0.0,1.0,0.0,16.0,0.0,0.6,0.8,6.8,6.8,6.8,6.8,1.0,0.0,16.0,0.0,0.6,0.8,2.7,2.7,2.7,2.7,1.0,0.0,16.0,0.0,0.6,0.8,7.0,7.0,7.0,7.0,1.0,0.0,16.0,0.0,0.6,0.8,8.04,8.04,8.04,8.04,1.0,0.0,16.0,0.0,0.6,0.8,20.9,20.9,20.9,20.9,1.0,0.0,16.0,0.0,0.6,0.8,0.0,0.0,0.0,0.0,1.0,0.0,16.0,0.0,0.6,0.8,69.4,69.4,69.4,69.4,1.0,0.0,16.0,0.0,0.6,0.8,0.0,0.0,0.0,0.0,1.0,0.0,16.0,0.0,0.6,0.8,46.4,46.4,46.4,46.4,1.0,0.0,16.0,0.0,0.6,0.8,0.0,0.0,0.0,0.0,1.0,0.0,16.0,0.0,0.6,0.8,20.9,20.9,20.9,20.9,1.0,0.0,16.0,0.0,0.6,0.8,17.5,17.5,17.5,17.5,1.0,0.0,16.0,0.0,0.6,0.8,20.0,20.0,20.0,20.0,1.0,0.0,16.0,0.0,0.6,0.8
1974,2,133.0,7.0,28.12,28.15,28.18,28.15,2.0,0.07,2.0,1.0,0.6,0.3,27.23,27.5,27.77,27.5,2.0,0.57,2.0,1.0,0.6,0.3,17.76,18.13,18.5,18.13,2.0,0.77,2.0,1.0,0.6,0.3,78.5,78.8,79.2,78.8,2.0,0.8,2.0,1.0,0.3,8.28,8.45,8.62,8.45,2.0,0.35,2.0,1.0,0.6,0.3,-8.16,-8.13,-8.09,-8.13,2.0,0.07,2.0,1.0,0.6,0.3,1.67,2.2,2.73,2.2,2.0,1.1,2.0,1.0,0.6,0.3,1008.86,1009.2,1009.54,1009.2,2.0,0.71,2.0,1.0,0.6,0.3,2.0,2.0,2.0,2.0,2.0,0.0,2.0,1.0,0.6,0.3,-70.3,-68.7,-67.0,-68.7,2.0,3.5,2.0,1.0,0.6,0.3,13.9,18.8,23.6,18.8,2.0,10.0,2.0,1.0,0.6,0.3,0.34,0.65,0.96,0.65,2.0,0.64,2.0,1.0,0.6,0.3,2.9,5.6,8.3,5.6,2.0,5.6,2.0,1.0,0.6,0.3,5.41,5.84,6.26,5.84,2.0,0.89,2.0,1.0,0.6,0.3,44.9,49.5,54.1,49.5,2.0,9.6,2.0,1.0,0.6,0.3,-224.7,-223.4,-222.1,-223.4,2.0,2.7,2.0,1.0,0.6,0.3,46.2,60.2,74.1,60.2,2.0,28.9,2.0,1.0,0.6,0.3,-149.7,-147.3,-144.9,-147.3,2.0,5.0,2.0,1.0,0.6,0.3,30.7,39.5,48.2,39.5,2.0,18.2,2.0,1.0,0.6,0.3,-51.1,-47.4,-43.8,-47.4,2.0,7.6,2.0,1.0,0.6,0.3,9.3,13.3,17.4,13.3,2.0,8.4,2.0,1.0,0.6,0.3,568.5,605.0,641.5,605.0,2.0,76.0,2.0,1.0,0.6,0.3,570.0,605.0,640.0,605.0,2.0,75.0,2.0,1.0,0.6,0.3
1974,2,133.0,8.0,28.1,28.1,28.1,28.1,1.0,0.0,2.0,1.0,0.1,0.1,28.2,28.2,28.2,28.2,1.0,0.0,2.0,1.0,0.1,0.1,18.72,18.72,18.72,18.72,1.0,0.0,2.0,1.0,0.1,0.1,78.0,78.0,78.0,78.0,1.0,0.0,2.0,1.0,0.1,8.7,8.7,8.7,8.7,1.0,0.0,2.0,1.0,0.1,0.1,-8.57,-8.57,-8.57,-8.57,1.0,0.0,2.0,1.0,0.1,0.1,1.51,1.51,1.51,1.51,1.0,0.0,2.0,1.0,0.1,0.1,1007.1,1007.1,1007.1,1007.1,1.0,0.0,2.0,1.0,0.1,0.1,2.0,2.0,2.0,2.0,1.0,0.0,2.0,1.0,0.1,0.1,-74.5,-74.5,-74.5,-74.5,1.0,0.0,2.0,1.0,0.1,0.1,13.1,13.1,13.1,13.1,1.0,0.0,2.0,1.0,0.1,0.1,-0.1,-0.1,-0.1,-0.1,1.0,0.0,2.0,1.0,0.1,0.1,-0.9,-0.9,-0.9,-0.9,1.0,0.0,2.0,1.0,0.1,0.1,5.22,5.22,5.22,5.22,1.0,0.0,2.0,1.0,0.1,0.1,45.4,45.4,45.4,45.4,1.0,0.0,2.0,1.0,0.1,0.1,-241.6,-241.6,-241.6,-241.6,1.0,0.0,2.0,1.0,0.1,0.1,42.6,42.6,42.6,42.6,1.0,0.0,2.0,1.0,0.1,0.1,-160.4,-160.4,-160.4,-160.4,1.0,0.0,2.0,1.0,0.1,0.1,28.3,28.3,28.3,28.3,1.0,0.0,2.0,1.0,0.1,0.1,-44.7,-44.7,-44.7,-44.7,1.0,0.0,2.0,1.0,0.1,0.1,7.9,7.9,7.9,7.9,1.0,0.0,2.0,1.0,0.1,0.1,658.5,658.5,658.5,658.5,1.0,0.0,2.0,1.0,0.1,0.1,660.0,660.0,660.0,660.0,1.0,0.0,2.0,1.0,0.1,0.1
1974,2,133.0,9.0,28.0,28.0,28.0,28.0,1.0,0.0,2.0,1.0,0.7,0.3,30.3,30.3,30.3,30.3,1.0,0.0,2.0,1.0,0.7,0.3,19.85,19.85,19.85,19.85,1.0,0.0,2.0,1.0,0.7,0.3,73.3,73.3,73.3,73.3,1.0,0.0,2.0,1.0,0.3,6.7,6.7,6.7,6.7,1.0,0.0,2.0,1.0,0.7,0.3,-5.8,-5.8,-5.8,-5.8,1.0,0.0,2.0,1.0,0.7,0.3,-3.35,-3.35,-3.35,-3.35,1.0,0.0,2.0,1.0,0.7,0.3,1009.0,1009.0,1009.0,1009.0,1.0,0.0,2.0,1.0,0.7,0.3,5.0,5.0,5.0,5.0,1.0,0.0,2.0,1.0,0.7,0.3,-38.9,-38.9,-38.9,-38.9,1.0,0.0,2.0,1.0,0.7,0.3,-22.4,-22.4,-22.4,-22.4,1.0,0.0,2.0,1.0,0.7,0.3,-2.3,-2.3,-2.3,-2.3,1.0,0.0,2.0,1.0,0.7,0.3,-15.4,-15.4,-15.4,-15.4,1.0,0.0,2.0,1.0,0.7,0.3,3.9,3.9,3.9,3.9,1.0,0.0,2.0,1.0,0.7,0.3,26.2,26.2,26.2,26.2,1.0,0.0,2.0,1.0,0.7,0.3,-175.8,-175.8,-175.8,-175.8,1.0,0.0,2.0,1.0,0.7,0.3,-101.5,-101.5,-101.5,-101.5,1.0,0.0,2.0,1.0,0.7,0.3,-115.2,-115.2,-115.2,-115.2,1.0,0.0,2.0,1.0,0.7,0.3,-66.5,-66.5,-66.5,-66.5,1.0,0.0,2.0,1.0,0.7,0.3,-22.6,-22.6,-22.6,-22.6,1.0,0.0,2.0,1.0,0.7,0.3,-13.1,-13.1,-13.1,-13.1,1.0,0.0,2.0,1.0,0.7,0.3,301.0,301.0,301.0,301.0,1.0,0.0,2.0,1.0,0.7,0.3,300.0,300.0,300.0,300.0,1.0,0.0,2.0,1.0,0.7,0.3
1974,2,133.0,11.0,27.24,27.65,28.95,28.08,4.0,1.33,12.0,0.5,0.1,0.5,23.95,24.5,26.05,24.98,4.0,1.44,12.0,0.5,0.1,0.5,17.51,18.09,18.61,18.06,4.0,0.63,12.0,0.5,0.1,0.5,85.9,94.4,97.5,91.8,4.0,9.4,12.0,0.5,0.5,5.11,6.2,11.46,8.23,3.0,4.97,12.0,0.3,0.1,0.6,-10.62,-5.37,-4.11,-7.32,3.0,5.06,12.0,0.3,0.1,0.6,-4.23,-3.1,-3.0,-3.6,3.0,1.0,12.0,0.3,0.1,0.6,1009.74,1011.6,1013.2,1011.48,4.0,2.0,12.0,0.5,0.1,0.5,3.4,6.5,8.0,5.8,4.0,2.9,12.0,0.5,0.1,0.5,-134.5,-33.3,-21.6,-77.0,3.0,90.9,12.0,0.3,0.1,0.6,-51.2,-19.2,-15.4,-33.0,3.0,28.8,12.0,0.3,0.1,0.6,2.74,3.0,3.47,3.1,4.0,0.58,12.0,0.5,0.1,0.5,17.1,24.2,36.1,26.6,3.0,14.1,12.0,0.3,0.1,0.6,4.01,5.13,7.65,5.8,4.0,2.48,12.0,0.5,0.1,0.5,38.4,42.5,48.5,43.4,3.0,7.4,12.0,0.3,0.1,0.6,-254.7,-128.3,-105.7,-179.0,3.0,117.7,12.0,0.3,0.1,0.6,-103.2,-79.8,-75.9,-89.3,3.0,21.6,12.0,0.3,0.1,0.6,-195.9,-94.3,-71.9,-133.0,3.0,96.7,12.0,0.3,0.1,0.6,-77.7,-54.5,-52.5,-64.9,3.0,20.5,12.0,0.3,0.1,0.6,-43.2,-32.6,-31.9,-37.5,3.0,9.3,12.0,0.3,0.1,0.6,-24.5,-18.3,-17.8,-21.0,3.0,5.5,12.0,0.3,0.1,0.6,142.0,238.5,1909.0,1007.0,3.0,1455.5,12.0,0.3,0.1,0.6,140.0,240.0,1910.0,1005.0,3.0,1455.0,12.0,0.3,0.1,0.6
1974,2,133.0,12.0,27.09,27.95,28.17,27.82,10.0,0.62,20.0,0.7,0.3,0.4,26.5,27.0,27.57,26.67,10.0,1.39,20.0,0.7,0.3,0.4,18.24,18.64,20.11,18.77,9.0,1.8,20.0,0.7,0.4,0.4,83.3,83.8,90.5,85.7,9.0,3.9,20.0,0.7,0.4,6.84,8.2,11.86,8.84,10.0,2.74,20.0,0.7,0.3,0.4,-10.41,-6.95,-5.38,-6.95,10.0,4.12,20.0,0.7,0.3,0.4,-5.73,-4.58,-2.63,-4.41,10.0,1.43,20.0,0.7,0.3,0.4,1008.64,1010.4,1011.79,1010.18,10.0,1.64,20.0,0.7,0.3,0.4,1.6,6.0,7.0,4.9,11.0,2.7,20.0,0.6,0.4,0.4,-128.0,-56.8,-34.9,-69.9,10.0,57.5,20.0,0.7,0.3,0.4,-61.4,-42.4,-20.3,-40.1,10.0,18.8,20.0,0.7,0.3,0.4,-0.06,0.9,1.83,1.15,10.0,1.62,20.0,0.7,0.3,0.4,-0.5,7.3,12.0,7.2,10.0,11.4,20.0,0.7,0.3,0.4,3.11,3.96,6.54,4.7,9.0,2.12,20.0,0.7,0.4,0.4,31.1,36.1,47.2,38.3,9.0,9.7,20.0,0.7,0.4,0.4,-279.6,-189.9,-143.9,-189.4,10.0,111.2,20.0,0.7,0.3,0.4,-154.2,-126.0,-70.7,-117.3,10.0,37.3,20.0,0.7,0.3,0.4,-210.8,-137.1,-92.0,-134.7,9.0,82.0,20.0,0.7,0.4,0.4,-114.0,-85.4,-58.2,-86.1,9.0,25.7,20.0,0.7,0.4,0.4,-33.2,-31.3,-20.8,-25.4,9.0,18.3,20.0,0.7,0.4,0.4,-25.0,-18.1,-12.8,-21.5,9.0,12.8,20.0,0.7,0.4,0.4,332.0,557.5,1778.5,881.0,10.0,834.5,20.0,0.7,0.3,0.4,330.0,560.0,1780.0,880.0,10.0,835.0,20.0,0.7,0.3,0.4
1974,2,133.0,13.0,27.09,28.0,28.3,27.97,10.0,1.08,14.0,0.6,0.5,0.5,26.0,27.5,28.3,27.19,11.0,1.55,16.0,0.6,0.5,0.5,16.36,17.57,18.62,17.51,11.0,1.2,16.0,0.6,0.5,0.5,74.0,79.2,84.3,78.0,11.0,8.2,16.0,0.6,0.5,7.29,7.7,11.29,8.79,11.0,2.65,16.0,0.6,0.5,0.5,-9.45,-6.3,-5.06,-7.15,11.0,2.82,16.0,0.6,0.5,0.5,-6.26,-4.58,-3.35,-4.63,11.0,2.05,16.0,0.6,0.5,0.5,1008.38,1010.0,1013.71,1010.53,11.0,2.51,16.0,0.6,0.5,0.5,2.0,5.5,6.0,4.5,10.0,2.0,16.0,0.7,0.5,0.5,-108.6,-51.3,-36.6,-69.1,11.0,50.8,16.0,0.6,0.5,0.5,-61.4,-45.4,-25.3,-42.9,11.0,21.8,16.0,0.6,0.5,0.5,0.0,0.55,2.57,0.83,10.0,1.97,14.0,0.6,0.5,0.5,0.0,4.3,26.5,9.5,10.0,17.5,14.0,0.6,0.5,0.5,4.92,5.61,7.3,6.11,10.0,1.79,14.0,0.6,0.5,0.5,37.9,46.1,80.3,54.3,10.0,23.7,14.0,0.6,0.5,0.5,-252.0,-166.9,-145.4,-192.8,11.0,70.3,16.0,0.6,0.5,0.5,-170.3,-129.2,-93.9,-125.1,11.0,53.1,16.0,0.6,0.5,0.5,-163.8,-108.7,-81.7,-125.6,11.0,50.6,16.0,0.6,0.5,0.5,-109.6,-85.2,-59.6,-80.4,11.0,34.5,16.0,0.6,0.5,0.5,-52.1,-36.8,-32.5,-43.9,10.0,19.4,14.0,0.6,0.5,0.5,-45.3,-28.1,-14.9,-29.1,10.0,19.6,14.0,0.6,0.5,0.5,392.0,456.5,1546.0,858.0,11.0,798.5,16.0,0.6,0.5,0.5,390.0,455.0,1545.0,860.0,11.0,800.0,16.0,0.6,0.5,0.5
1974,2,133.0,14.0,26.91,27.85,28.0,27.59,8.0,0.63,16.0,0.3,0.5,0.5,24.63,26.0,26.42,25.73,9.0,1.47,14.0,0.3,0.5,0.5,15.93,17.12,17.75,17.03,8.0,0.96,16.0,0.3,0.5,0.5,76.4,80.7,84.6,80.9,8.0,4.7,16.0,0.3,0.5,6.67,10.3,12.93,9.68,9.0,3.35,14.0,0.3,0.5,0.5,-11.08,-7.89,-5.3,-7.75,9.0,3.13,14.0,0.3,0.5,0.5,-7.08,-6.62,-1.28,-5.1,9.0,3.14,14.0,0.3,0.5,0.5,1011.13,1011.9,1012.96,1012.07,9.0,1.17,14.0,0.3,0.5,0.5,1.8,6.0,7.7,5.2,9.0,2.9,14.0,0.3,0.5,0.5,-144.6,-81.3,-38.0,-83.2,9.0,56.9,14.0,0.3,0.5,0.5,-85.5,-66.3,-12.9,-56.1,9.0,35.0,14.0,0.3,0.5,0.5,0.61,1.75,2.0,1.51,8.0,1.33,16.0,0.3,0.5,0.5,6.3,12.7,27.8,16.5,8.0,14.1,16.0,0.3,0.5,0.5,4.96,5.94,7.06,6.09,8.0,1.21,16.0,0.3,0.5,0.5,36.0,64.5,81.0,58.9,8.0,23.6,16.0,0.3,0.5,0.5,-288.6,-181.5,-132.1,-198.2,9.0,78.4,14.0,0.3,0.5,0.5,-186.6,-152.3,-32.0,-128.9,9.0,79.1,14.0,0.3,0.5,0.5,-205.7,-113.2,-83.2,-132.0,8.0,59.7,16.0,0.3,0.5,0.5,-122.6,-93.9,-9.1,-81.4,8.0,54.0,16.0,0.3,0.5,0.5,-62.2,-44.7,-34.9,-45.9,8.0,16.7,16.0,0.3,0.5,0.5,-50.1,-33.2,-2.6,-32.2,8.0,25.5,16.0,0.3,0.5,0.5,352.0,1092.5,2256.0,1181.0,9.0,937.5,14.0,0.3,0.5,0.5,350.0,1095.0,2255.0,1180.0,9.0,935.0,14.0,0.3,0.5,0.5
1974,2,133.0,15.0,25.0,27.0,27.23,26.46,7.0,1.13,12.0,0.4,0.5,0.3,25.57,26.0,26.95,26.27,7.0,0.94,12.0,0.4,0.5,0.3,16.42,16.83,17.5,16.89,7.0,0.47,12.0,0.4,0.5,0.3,74.4,81.1,82.3,79.5,7.0,5.7,12.0,0.4,0.3,7.93,14.4,16.5,11.69,7.0,5.29,12.0,0.4,0.5,0.3,-10.64,-9.26,-2.79,-7.92,7.0,3.72,12.0,0.4,0.5,0.3,-12.64,-9.58,-2.83,-8.08,7.0,4.9,12.0,0.4,0.5,0.3,1009.98,1014.0,1016.0,1013.21,7.0,2.92,12.0,0.4,0.5,0.3,3.0,4.0,6.0,4.3,7.0,1.5,12.0,0.4,0.5,0.3,-175.0,-133.3,-22.2,-107.7,7.0,73.4,12.0,0.4,0.5,0.3,-208.6,-142.7,-24.6,-115.4,7.0,85.7,12.0,0.4,0.5,0.3,-1.95,1.2,2.01,0.19,7.0,1.99,12.0,0.4,0.5,0.3,-25.5,17.3,20.3,3.9,7.0,23.9,12.0,0.4,0.5,0.3,3.3,4.78,6.11,4.73,7.0,1.41,12.0,0.4,0.5,0.3,27.1,54.4,81.1,56.8,7.0,31.0,12.0,0.4,0.5,0.3,-285.3,-240.7,-71.7,-208.0,7.0,96.5,12.0,0.4,0.5,0.3,-329.2,-239.4,-79.1,-210.7,7.0,127.9,12.0,0.4,0.5,0.3,-175.3,-156.7,-47.1,-133.3,7.0,62.4,12.0,0.4,0.5,0.3,-207.5,-167.5,-47.0,-135.5,7.0,81.5,12.0,0.4,0.5,0.3,-55.1,-35.0,-18.2,-37.1,7.0,20.5,12.0,0.4,0.5,0.3,-62.2,-45.8,-9.1,-40.9,7.0,27.4,12.0,0.4,0.5,0.3,526.0,2986.0,4492.0,2358.0,7.0,1916.5,12.0,0.4,0.5,0.3,525.0,2985.0,4490.0,2360.0,7.0,1915.0,12.0,0.4,0.5,0.3
1974,2,133.0,16.0,26.63,28.0,28.34,27.5,3.0,1.32,12.0,0.7,0.7,0.6,25.5,25.5,26.39,25.93,3.0,0.75,12.0,0.7,0.7,0.6,14.01,16.32,17.17,15.61,3.0,2.39,12.0,0.7,0.7,0.6,67.1,74.5,82.4,74.7,3.0,11.2,12.0,0.7,0.6,10.04,10.55,11.06,10.55,2.0,1.06,14.0,1.0,0.8,0.5,-7.45,-5.22,-3.0,-5.22,2.0,4.61,14.0,1.0,0.8,0.5,-10.14,-8.01,-5.89,-8.01,2.0,4.4,14.0,1.0,0.8,0.5,1010.0,1010.0,1013.96,1011.93,3.0,3.35,12.0,0.7,0.7,0.6,5.0,5.0,6.4,5.7,3.0,1.2,12.0,0.7,0.7,0.6,-73.5,-52.7,-31.9,-52.7,2.0,43.1,14.0,1.0,0.8,0.5,-113.4,-86.9,-60.4,-86.9,2.0,55.0,14.0,1.0,0.8,0.5,0.72,1.2,2.43,1.57,3.0,1.29,12.0,0.7,0.7,0.6,6.6,8.7,10.8,8.7,2.0,4.3,14.0,1.0,0.8,0.5,7.01,7.28,7.86,7.43,3.0,0.63,12.0,0.7,0.7,0.6,74.6,81.6,88.6,81.6,2.0,14.5,14.0,1.0,0.8,0.5,-199.3,-138.7,-78.2,-138.7,2.0,125.5,14.0,1.0,0.8,0.5,-259.6,-207.5,-155.5,-207.5,2.0,107.8,14.0,1.0,0.8,0.5,-120.6,-82.0,-43.3,-82.0,2.0,80.0,14.0,1.0,0.8,0.5,-133.9,-112.0,-90.1,-112.0,2.0,45.3,14.0,1.0,0.8,0.5,-54.5,-38.9,-23.2,-38.9,2.0,32.4,14.0,1.0,0.8,0.5,-81.7,-63.0,-44.3,-63.0,2.0,38.7,14.0,1.0,0.8,0.5,1021.0,1192.0,1363.5,1192.0,2.0,355.0,14.0,1.0,0.8,0.5,1020.0,1190.0,1365.0,1190.0,2.0,355.0,14.0,1.0,0.8,0.5
1974,2,133.0,17.0,26.13,26.7,27.37,26.78,5.0,0.79,10.0,0.2,0.4,0.5,24.82,25.2,26.0,25.34,5.0,0.65,10.0,0.2,0.4,0.5,15.63,16.51,17.09,16.28,5.0,1.18,10.0,0.2,0.4,0.5,77.2,81.1,84.1,80.7,5.0,4.3,10.0,0.2,0.5,3.42,6.2,8.92,6.18,5.0,2.84,10.0,0.2,0.4,0.5,-6.75,-3.6,-1.3,-3.91,5.0,3.88,10.0,0.2,0.4,0.5,-5.1,-1.06,0.59,-2.22,5.0,3.94,10.0,0.2,0.4,0.5,1009.93,1010.5,1012.82,1011.28,5.0,1.74,10.0,0.2,0.4,0.5,0.6,2.0,5.4,2.8,5.0,2.6,10.0,0.2,0.4,0.5,-52.2,-13.0,-0.9,-25.5,5.0,37.2,10.0,0.2,0.4,0.5,-39.4,-3.3,5.5,-16.4,5.0,34.7,10.0,0.2,0.4,0.5,0.63,1.2,2.42,1.44,5.0,1.09,10.0,0.2,0.4,0.5,5.5,8.7,12.1,8.4,5.0,5.1,10.0,0.2,0.4,0.5,4.78,5.32,6.91,5.78,5.0,1.26,10.0,0.2,0.4,0.5,18.8,45.6,46.6,35.1,5.0,15.5,10.0,0.2,0.4,0.5,-167.1,-93.6,-32.3,-97.6,5.0,97.1,10.0,0.2,0.4,0.5,-129.6,-26.7,14.7,-57.0,5.0,101.8,10.0,0.2,0.4,0.5,-103.5,-59.4,-22.5,-62.2,5.0,62.9,10.0,0.2,0.4,0.5,-81.2,-18.3,9.7,-36.3,5.0,66.3,10.0,0.2,0.4,0.5,-42.4,-18.9,-7.5,-22.6,5.0,21.4,10.0,0.2,0.4,0.5,-31.6,-6.9,2.9,-13.6,5.0,21.3,10.0,0.2,0.4,0.5,40.5,238.5,712.0,355.5,5.0,356.5,10.0,0.2,0.4,0.5,40.0,240.0,710.0,355.0,5.0,355.0,10.0,0.2,0.4,0.5
1974,2,133.0,18.0,25.5,25.5,25.5,25.5,2.0,0.0,14.0,0.5,0.4,0.7,23.06,25.25,27.02,25.05,4.0,2.4,10.0,0.8,0.4,0.6,9.86,13.47,16.3,13.1,4.0,3.84,10.0,0.8,0.4,0.6,56.3,64.7,73.4,64.8,4.0,10.9,10.0,0.8,0.6,5.1,5.65,8.35,6.68,4.0,2.47,10.0,0.8,0.4,0.6,-5.35,-3.97,0.04,-2.72,4.0,4.15,10.0,0.8,0.4,0.6,-6.93,-3.23,-1.21,-4.03,4.0,4.1,10.0,0.8,0.4,0.6,1010.0,1012.25,1016.6,1013.25,4.0,4.09,10.0,0.8,0.4,0.6,1.5,4.0,6.5,4.0,4.0,2.9,10.0,0.8,0.4,0.6,-37.4,-29.4,-2.0,-20.1,4.0,25.6,10.0,0.8,0.4,0.6,-61.7,-16.5,-6.2,-33.2,4.0,45.1,10.0,0.8,0.4,0.6,-1.84,-1.5,-1.16,-1.5,2.0,0.71,14.0,0.5,0.4,0.7,-9.4,-7.6,-5.9,-7.6,2.0,3.6,14.0,0.5,0.4,0.7,3.79,4.17,4.55,4.17,2.0,0.78,14.0,0.5,0.4,0.7,19.3,21.3,23.2,21.3,2.0,4.0,14.0,0.5,0.4,0.7,-135.8,-99.8,8.3,-65.4,4.0,105.6,10.0,0.8,0.4,0.6,-161.9,-86.8,-33.4,-97.1,4.0,89.6,10.0,0.8,0.4,0.6,-69.5,-49.9,14.4,-28.6,4.0,58.8,10.0,0.8,0.4,0.6,-75.0,-52.9,-19.1,-47.3,4.0,36.2,10.0,0.8,0.4,0.6,-15.7,-4.5,6.7,-4.5,2.0,23.1,14.0,0.5,0.4,0.7,-13.8,-13.1,-12.4,-13.1,2.0,1.5,14.0,0.5,0.4,0.7,132.5,185.5,686.0,399.0,4.0,465.0,10.0,0.8,0.4,0.6,135.0,185.0,685.0,400.0,4.0,465.0,10.0,0.8,0.4,0.6
1974,2,133.0,19.0,24.0,24.95,25.71,24.98,6.0,1.01,18.0,0.7,0.5,0.5,23.0,23.8,25.83,23.93,9.0,1.95,18.0,0.6,0.5,0.5,10.03,14.97,17.08,13.85,8.0,3.67,18.0,0.5,0.5,0.5,57.0,75.7,90.3,73.8,8.0,15.4,18.0,0.5,0.5,4.37,8.7,10.4,7.7,9.0,2.82,18.0,0.6,0.5,0.5,-7.93,-2.98,-1.26,-3.52,9.0,4.3,18.0,0.6,0.5,0.5,-8.37,-3.14,0.71,-3.09,9.0,5.61,18.0,0.6,0.5,0.5,1011.78,1013.0,1014.94,1013.2,9.0,2.51,18.0,0.6,0.5,0.5,1.3,2.0,6.7,3.7,9.0,2.7,18.0,0.6,0.5,0.5,-79.1,-25.9,-6.0,-33.9,9.0,38.4,18.0,0.6,0.5,0.5,-87.2,-12.9,8.6,-26.6,9.0,55.9,18.0,0.6,0.5,0.5,-1.71,0.8,1.71,0.27,6.0,1.89,18.0,0.7,0.5,0.5,-7.5,4.6,15.9,5.1,6.0,14.1,18.0,0.7,0.5,0.5,1.77,3.61,6.48,4.56,6.0,3.75,18.0,0.7,0.5,0.5,12.7,17.2,48.9,35.4,6.0,45.1,18.0,0.7,0.5,0.5,-186.6,-71.4,-27.6,-82.1,9.0,104.9,18.0,0.6,0.5,0.5,-187.1,-77.8,15.6,-71.3,9.0,131.1,18.0,0.6,0.5,0.5,-77.1,-40.0,-11.8,-40.0,8.0,68.1,18.0,0.5,0.5,0.5,-92.2,-48.6,22.1,-27.2,8.0,78.7,18.0,0.5,0.5,0.5,-19.5,-10.1,-3.2,-12.4,6.0,17.0,18.0,0.7,0.5,0.5,-38.3,-7.8,7.4,-20.4,6.0,50.6,18.0,0.7,0.5,0.5,86.0,658.5,1137.0,614.5,9.0,502.5,18.0,0.6,0.5,0.5,85.0,660.0,1135.0,615.0,9.0,500.0,18.0,0.6,0.5,0.5
1974,2,133.0,20.0,22.48,25.5,26.05,24.64,7.0,1.86,12.0,0.3,0.4,0.3,21.29,23.0,25.0,23.12,11.0,1.67,16.0,0.4,0.4,0.4,10.01,13.51,14.59,12.76,10.0,2.28,16.0,0.4,0.4,0.4,60.0,76.9,83.6,73.3,10.0,11.4,16.0,0.4,0.4,3.1,6.7,11.51,6.96,11.0,3.7,16.0,0.4,0.4,0.4,-5.36,-2.96,-1.99,-3.54,11.0,2.4,16.0,0.4,0.4,0.4,-10.19,-3.52,-2.37,-5.58,11.0,3.64,16.0,0.4,0.4,0.4,1012.56,1015.5,1017.21,1015.05,11.0,2.58,16.0,0.4,0.4,0.4,1.0,3.0,5.4,3.5,11.0,2.3,16.0,0.4,0.4,0.4,-51.0,-19.9,-5.8,-29.6,11.0,31.9,16.0,0.4,0.4,0.4,-123.1,-20.3,-7.4,-50.1,11.0,51.3,16.0,0.4,0.4,0.4,-1.07,1.5,4.57,1.53,7.0,2.98,12.0,0.3,0.4,0.3,-3.3,3.9,36.2,17.2,7.0,27.0,12.0,0.3,0.4,0.3,2.78,5.21,11.14,7.06,7.0,4.25,12.0,0.3,0.4,0.3,8.6,51.2,88.0,53.4,7.0,51.1,12.0,0.3,0.4,0.3,-132.8,-68.0,-47.0,-81.5,11.0,55.3,16.0,0.4,0.4,0.4,-216.8,-84.6,-57.4,-124.6,11.0,75.2,16.0,0.4,0.4,0.4,-49.4,-33.2,-25.5,-38.7,10.0,25.9,16.0,0.4,0.4,0.4,-110.0,-59.1,-33.2,-71.0,10.0,42.5,16.0,0.4,0.4,0.4,-39.7,-21.0,-5.5,-22.8,7.0,17.6,12.0,0.3,0.4,0.3,-82.7,-32.9,-6.6,-47.1,7.0,49.3,12.0,0.3,0.4,0.3,30.0,301.0,1525.5,614.0,11.0,760.0,16.0,0.4,0.4,0.4,30.0,300.0,1525.0,615.0,11.0,760.0,16.0,0.4,0.4,0.4
1974,2,133.0,21.0,24.24,24.65,25.17,24.7,4.0,0.63,16.0,0.3,0.4,0.1,22.4,22.6,25.22,23.7,6.0,2.28,14.0,0.2,0.5,0.3,11.67,14.53,16.61,14.31,5.0,3.05,14.0,0.2,0.5,0.2,64.9,71.5,89.9,76.7,5.0,14.3,14.0,0.2,0.2,2.89,5.1,6.91,4.97,6.0,2.11,14.0,0.2,0.5,0.3,-4.86,-2.99,-1.88,-3.04,6.0,1.86,14.0,0.2,0.5,0.3,-2.86,-1.87,1.49,-0.73,6.0,4.34,14.0,0.2,0.5,0.3,1011.94,1014.55,1017.0,1014.47,6.0,2.38,14.0,0.2,0.5,0.3,1.0,5.0,8.0,4.7,6.0,3.1,14.0,0.2,0.5,0.3,-24.8,-21.4,-5.8,-16.8,6.0,10.6,14.0,0.2,0.5,0.3,-15.1,-5.3,11.5,-0.4,6.0,30.8,14.0,0.2,0.5,0.3,-1.36,1.25,1.87,0.3,4.0,2.58,16.0,0.3,0.4,0.1,-0.2,8.9,10.7,5.4,4.0,8.6,16.0,0.3,0.4,0.1,2.69,3.88,6.5,4.56,4.0,2.95,16.0,0.3,0.4,0.1,10.6,20.4,36.3,23.3,4.0,16.3,16.0,0.3,0.4,0.1,-107.5,-69.9,-42.6,-69.0,6.0,41.3,14.0,0.2,0.5,0.3,-73.6,-41.7,36.6,-15.9,6.0,103.8,14.0,0.2,0.5,0.3,-51.2,-48.7,-18.4,-36.3,5.0,22.5,14.0,0.2,0.5,0.2,-51.4,-24.3,49.2,-1.2,5.0,82.1,14.0,0.2,0.5,0.2,-29.8,-9.1,-2.2,-15.7,4.0,20.0,16.0,0.3,0.4,0.1,-16.1,-3.9,6.7,-4.6,4.0,15.2,16.0,0.3,0.4,0.1,25.5,132.5,333.0,177.0,6.0,171.5,14.0,0.2,0.5,0.3,25.0,135.0,335.0,175.0,6.0,170.0,14.0,0.2,0.5,0.3
1974,2,133.0,22.0,22.75,23.3,24.17,23.32,11.0,1.3,12.0,0.1,0.5,0.4,18.69,21.0,21.78,20.38,13.0,1.77,12.0,0.1,0.5,0.4,8.76,12.2,13.36,11.07,12.0,2.73,12.0,0.1,0.5,0.4,66.5,78.4,83.5,74.5,12.0,12.8,12.0,0.1,0.4,2.55,6.2,9.44,6.62,13.0,3.42,12.0,0.1,0.5,0.4,-5.92,-3.91,0.25,-2.99,13.0,4.42,12.0,0.1,0.5,0.4,-6.0,-3.28,0.1,-3.69,13.0,3.9,12.0,0.1,0.5,0.4,1013.39,1016.0,1019.7,1016.35,13.0,3.99,12.0,0.1,0.5,0.4,2.0,4.0,7.3,4.7,12.0,2.6,12.0,0.1,0.5,0.4,-47.4,-19.9,0.6,-23.8,13.0,42.3,12.0,0.1,0.5,0.4,-46.4,-20.3,0.2,-33.9,13.0,48.6,12.0,0.1,0.5,0.4,2.0,2.8,4.71,3.09,11.0,1.55,12.0,0.1,0.5,0.4,6.9,15.4,45.4,24.3,11.0,21.5,12.0,0.1,0.5,0.4,4.94,7.31,8.26,7.24,10.0,2.14,12.0,0.1,0.5,0.4,20.5,44.5,89.4,54.2,10.0,34.5,12.0,0.1,0.5,0.4,-125.5,-84.8,5.2,-61.1,13.0,87.1,12.0,0.1,0.5,0.4,-114.1,-71.1,2.2,-71.2,13.0,75.0,12.0,0.1,0.5,0.4,-70.5,-28.4,8.8,-28.6,12.0,47.2,12.0,0.1,0.5,0.4,-67.5,-36.4,-3.7,-40.9,12.0,40.3,12.0,0.1,0.5,0.4,-50.3,-26.7,1.9,-23.9,10.0,37.3,12.0,0.1,0.5,0.4,-59.0,-23.7,-7.6,-34.5,10.0,33.3,12.0,0.1,0.5,0.4,17.0,238.5,848.0,522.0,13.0,740.0,12.0,0.1,0.5,0.4,15.0,240.0,850.0,520.0,13.0,740.0,12.0,0.1,0.5,0.4
1974,2,133.0,23.0,20.84,24.0,25.0,22.98,5.0,2.56,16.0,0.2,0.3,0.5,17.86,18.7,19.87,18.87,6.0,1.27,16.0,0.3,0.3,0.5,7.97,9.0,9.78,8.88,4.0,1.09,16.0,0.3,0.3,0.5,61.3,71.4,73.6,67.7,4.0,9.2,16.0,0.3,0.5,6.6,7.2,10.04,8.25,6.0,2.51,16.0,0.3,0.3,0.5,-8.13,-0.92,2.78,-2.35,6.0,6.36,16.0,0.3,0.3,0.5,-7.29,-5.83,-3.24,-5.0,6.0,3.31,16.0,0.3,0.3,0.5,1018.02,1019.65,1022.85,1019.97,6.0,3.19,16.0,0.3,0.3,0.5,3.0,3.0,4.8,4.0,5.0,2.2,16.0,0.4,0.4,0.4,-72.8,-5.1,21.1,-26.5,6.0,71.3,16.0,0.3,0.3,0.5,-60.6,-46.6,-24.6,-41.6,6.0,28.5,16.0,0.3,0.3,0.5,2.08,4.1,5.58,3.94,5.0,2.0,16.0,0.2,0.3,0.5,13.2,29.5,62.5,36.2,5.0,25.4,16.0,0.2,0.3,0.5,6.75,8.55,9.37,8.08,4.0,2.07,16.0,0.3,0.3,0.5,43.6,73.4,101.9,72.7,4.0,34.7,16.0,0.3,0.3,0.5,-165.2,-19.1,49.1,-48.6,6.0,121.6,16.0,0.3,0.3,0.5,-131.9,-107.1,-61.1,-91.3,6.0,61.5,16.0,0.3,0.3,0.5,-74.4,-2.1,32.5,-20.1,4.0,72.7,16.0,0.3,0.3,0.5,-65.7,-48.4,-42.2,-53.7,4.0,16.5,16.0,0.3,0.3,0.5,-66.6,-7.4,30.1,-17.8,4.0,64.2,16.0,0.3,0.3,0.5,-64.4,-41.9,-34.9,-49.3,4.0,21.8,16.0,0.3,0.3,0.5,288.0,373.0,1081.5,706.0,6.0,733.5,16.0,0.3,0.3,0.5,290.0,375.0,1080.0,705.0,6.0,735.0,16.0,0.3,0.3,0.5
1974,2,133.0,24.0,20.33,22.2,22.5,21.46,5.0,1.49,14.0,0.2,0.4,0.4,17.01,18.0,22.35,19.28,5.0,3.23,14.0,0.2,0.4,0.4,6.87,8.17,10.57,8.75,5.0,2.53,14.0,0.2,0.4,0.4,54.0,67.4,75.2,63.9,5.0,16.7,14.0,0.2,0.4,8.35,10.3,11.3,9.78,5.0,1.91,14.0,0.2,0.4,0.4,-10.32,-9.79,-1.06,-5.76,5.0,7.91,14.0,0.2,0.4,0.4,-5.02,-3.86,-0.3,-2.73,5.0,3.15,14.0,0.2,0.4,0.4,1017.14,1019.8,1020.87,1018.94,5.0,2.96,14.0,0.2,0.4,0.4,3.9,6.0,8.0,5.8,5.0,2.5,14.0,0.2,0.4,0.4,-114.0,-104.5,0.6,-60.5,5.0,81.6,14.0,0.2,0.4,0.4,-51.0,-43.2,-6.1,-30.8,5.0,30.4,14.0,0.2,0.4,0.4,-0.55,3.7,4.5,2.18,5.0,2.98,14.0,0.2,0.4,0.4,-6.6,34.4,50.9,23.2,5.0,32.3,14.0,0.2,0.4,0.4,5.45,7.58,8.86,7.13,5.0,2.13,14.0,0.2,0.4,0.4,47.0,85.7,95.8,72.6,5.0,30.3,14.0,0.2,0.4,0.4,-207.6,-176.1,-42.1,-123.5,5.0,142.4,14.0,0.2,0.4,0.4,-82.3,-69.6,-8.2,-46.8,5.0,58.1,14.0,0.2,0.4,0.4,-88.2,-80.7,-19.3,-52.8,5.0,62.8,14.0,0.2,0.4,0.4,-40.4,-31.6,3.6,-19.9,5.0,31.1,14.0,0.2,0.4,0.4,-92.4,-74.2,3.4,-46.5,5.0,61.4,14.0,0.2,0.4,0.4,-36.9,-29.6,-7.2,-22.7,5.0,20.0,14.0,0.2,0.4,0.4,620.5,1092.5,1443.0,1016.5,5.0,481.5,14.0,0.2,0.4,0.4,620.0,1095.0,1445.0,1015.0,5.0,480.0,14.0,0.2,0.4,0.4
1974,2,133.0,25.0,19.81,22.0,23.05,21.52,5.0,2.06,14.0,0.4,0.6,0.5,15.82,18.0,18.37,17.3,5.0,1.48,14.0,0.4,0.6,0.5,7.69,8.1,9.27,8.5,5.0,1.53,14.0,0.4,0.6,0.5,64.1,65.2,75.9,69.5,5.0,7.9,14.0,0.4,0.5,8.9,10.8,11.48,10.28,5.0,1.49,14.0,0.4,0.6,0.5,-10.91,-9.79,1.92,-5.28,5.0,7.48,14.0,0.4,0.6,0.5,-7.38,-5.65,-2.56,-5.05,5.0,3.41,14.0,0.4,0.6,0.5,1017.32,1020.9,1022.26,1020.02,5.0,2.61,14.0,0.4,0.6,0.5,5.6,7.0,8.0,6.8,5.0,1.3,14.0,0.4,0.6,0.5,-121.8,-110.6,15.8,-63.0,5.0,79.1,14.0,0.4,0.6,0.5,-72.1,-51.5,-30.2,-49.9,5.0,31.7,14.0,0.4,0.6,0.5,3.67,4.5,4.68,4.22,5.0,0.72,14.0,0.4,0.6,0.5,34.0,43.2,54.3,43.7,5.0,11.4,14.0,0.4,0.6,0.5,6.6,7.33,8.4,7.46,5.0,1.04,14.0,0.4,0.6,0.5,56.9,82.9,93.9,77.6,5.0,20.5,14.0,0.4,0.6,0.5,-196.3,-185.9,30.8,-99.1,5.0,132.5,14.0,0.4,0.6,0.5,-120.8,-100.5,-46.1,-84.9,5.0,53.9,14.0,0.4,0.6,0.5,-96.4,-88.6,15.6,-48.8,5.0,66.3,14.0,0.4,0.6,0.5,-63.8,-50.9,-20.6,-42.4,5.0,27.0,14.0,0.4,0.6,0.5,-91.6,-71.8,13.2,-44.3,5.0,59.0,14.0,0.4,0.6,0.5,-48.2,-41.4,-22.5,-35.4,5.0,21.4,14.0,0.4,0.6,0.5,712.0,1259.5,1516.0,1140.5,5.0,452.5,14.0,0.4,0.6,0.5,710.0,1260.0,1515.0,1140.0,5.0,450.0,14.0,0.4,0.6,0.5
1974,2,133.0,26.0,19.25,20.25,21.51,20.54,12.0,1.74,16.0,0.6,0.4,0.4,15.0,19.0,20.06,18.08,13.0,2.86,18.0,0.5,0.4,0.4,8.24,9.32,13.03,10.18,12.0,2.33,18.0,0.5,0.3,0.5,69.9,78.2,91.1,78.3,12.0,10.8,18.0,0.5,0.5,3.1,5.7,8.76,6.56,13.0,3.6,18.0,0.5,0.4,0.4,-3.95,0.0,3.93,-0.02,13.0,4.1,18.0,0.5,0.4,0.4,-8.1,-3.28,0.95,-3.99,13.0,5.05,18.0,0.5,0.4,0.4,1011.47,1021.0,1023.84,1019.3,13.0,5.53,18.0,0.5,0.4,0.4,2.0,5.0,8.0,4.9,13.0,2.5,18.0,0.5,0.4,0.4,-19.9,0.0,30.9,5.8,13.0,29.7,18.0,0.5,0.4,0.4,-74.6,-16.7,2.7,-40.2,13.0,69.9,18.0,0.5,0.4,0.4,0.87,2.15,3.75,2.32,12.0,1.75,16.0,0.6,0.4,0.4,4.1,11.2,29.4,14.3,12.0,13.9,16.0,0.6,0.4,0.4,4.18,5.46,5.85,4.92,11.0,1.63,18.0,0.5,0.4,0.5,14.1,25.6,40.1,27.0,11.0,13.0,18.0,0.5,0.4,0.5,-67.5,0.0,75.0,-0.6,13.0,82.2,18.0,0.5,0.4,0.4,-131.6,-53.4,15.7,-67.5,13.0,88.7,18.0,0.5,0.4,0.4,-43.7,-7.0,42.6,2.2,12.0,50.8,18.0,0.5,0.3,0.5,-64.7,-34.1,10.2,-28.4,12.0,36.8,18.0,0.5,0.3,0.5,-18.5,4.4,11.6,-3.6,11.0,18.3,18.0,0.5,0.4,0.5,-32.0,-12.6,6.3,-14.5,11.0,19.8,18.0,0.5,0.4,0.5,30.0,185.0,672.5,571.0,13.0,1071.0,18.0,0.5,0.4,0.4,30.0,185.0,670.0,570.0,13.0,1070.0,18.0,0.5,0.4,0.4
1974,2,133.0,27.0,18.97,20.2,21.0,20.15,12.0,0.92,18.0,0.8,0.2,0.4,15.37,18.95,21.05,17.99,12.0,2.77,18.0,0.8,0.2,0.4,7.39,8.34,13.88,10.46,11.0,3.15,18.0,0.7,0.2,0.4,66.6,78.2,92.3,80.1,11.0,12.7,18.0,0.7,0.4,2.85,7.45,9.55,6.48,12.0,3.06,18.0,0.8,0.2,0.4,-6.78,1.25,5.92,-0.31,12.0,5.43,18.0,0.8,0.2,0.4,-5.26,-0.52,5.17,-0.24,12.0,5.05,18.0,0.8,0.2,0.4,1010.92,1013.25,1020.38,1015.16,12.0,4.93,18.0,0.8,0.2,0.4,1.7,7.5,8.0,5.3,12.0,3.2,18.0,0.8,0.2,0.4,-55.7,2.6,48.0,-2.6,12.0,45.7,18.0,0.8,0.2,0.4,-41.7,-0.7,38.3,-4.1,12.0,45.2,18.0,0.8,0.2,0.4,-0.65,1.25,5.5,2.16,12.0,2.98,18.0,0.8,0.2,0.4,-1.7,4.9,42.4,18.0,12.0,25.8,18.0,0.8,0.2,0.4,0.87,6.21,7.25,4.31,11.0,3.17,18.0,0.7,0.2,0.4,4.0,13.7,59.5,30.5,11.0,29.1,18.0,0.7,0.2,0.4,-112.2,24.6,83.2,-5.1,12.0,92.4,18.0,0.8,0.2,0.4,-81.5,-10.3,106.3,5.6,12.0,86.5,18.0,0.8,0.2,0.4,-51.8,17.2,46.7,6.1,11.0,49.9,18.0,0.7,0.2,0.4,-41.6,-18.1,49.2,0.9,11.0,46.4,18.0,0.7,0.2,0.4,-43.2,2.7,24.9,-3.2,11.0,33.3,18.0,0.7,0.2,0.4,-38.4,-1.2,3.4,-14.6,11.0,22.8,18.0,0.7,0.2,0.4,24.5,415.0,877.5,428.5,12.0,392.0,18.0,0.8,0.2,0.4,25.0,415.0,880.0,430.0,12.0,390.0,18.0,0.8,0.2,0.4
1974,2,133.0,28.0,18.5,20.0,20.5,19.57,21.0,1.26,18.0,0.5,0.4,0.4,12.5,16.0,18.85,15.85,21.0,3.42,18.0,0.5,0.4,0.4,5.75,8.06,9.87,8.58,19.0,2.93,18.0,0.5,0.4,0.4,63.6,78.0,82.5,74.5,19.0,11.0,18.0,0.5,0.4,3.77,8.2,12.8,8.74,21.0,4.52,18.0,0.5,0.4,0.4,-6.09,2.37,6.16,1.72,21.0,6.18,18.0,0.5,0.4,0.4,-9.73,-3.6,2.66,-4.26,21.0,6.35,18.0,0.5,0.4,0.4,1012.67,1017.0,1022.17,1017.21,21.0,5.88,18.0,0.5,0.4,0.4,3.2,7.0,8.0,6.0,21.0,2.2,18.0,0.5,0.4,0.4,-54.7,13.1,94.9,23.2,21.0,82.0,18.0,0.5,0.4,0.4,-130.4,-25.9,17.0,-54.2,21.0,87.9,18.0,0.5,0.4,0.4,-1.41,5.0,6.93,3.72,21.0,3.94,18.0,0.5,0.4,0.4,-9.1,48.4,72.4,40.0,21.0,38.2,18.0,0.5,0.4,0.4,3.14,6.34,8.02,5.66,19.0,3.12,18.0,0.5,0.4,0.4,18.5,58.4,87.1,58.2,19.0,42.7,18.0,0.5,0.4,0.4,-97.4,43.4,95.1,24.1,21.0,90.4,18.0,0.5,0.4,0.4,-126.3,-63.3,43.7,-61.4,21.0,95.0,18.0,0.5,0.4,0.4,-56.2,25.4,45.7,14.0,19.0,46.5,18.0,0.5,0.4,0.4,-73.6,-37.6,26.1,-30.0,19.0,48.6,18.0,0.5,0.4,0.4,-26.4,18.8,46.7,11.9,19.0,43.3,18.0,0.5,0.4,0.4,-68.0,-42.9,17.4,-33.3,19.0,47.0,18.0,0.5,0.4,0.4,55.5,551.5,2097.0,1223.5,21.0,1651.5,18.0,0.5,0.4,0.4,55.0,550.0,2095.0,1225.0,21.0,1650.0,18.0,0.5,0.4,0.4
1974,2,133.0,29.0,18.62,20.0,21.0,19.72,21.0,1.36,16.0,0.4,0.5,0.5,11.3,15.0,18.2,14.8,22.0,3.13,16.0,0.5,0.5,0.4,4.9,8.03,10.6,7.56,20.0,2.41,16.0,0.5,0.5,0.5,60.3,70.8,82.5,70.3,20.0,10.6,16.0,0.5,0.5,5.47,9.0,12.3,9.18,22.0,4.01,16.0,0.5,0.5,0.4,-4.33,2.87,9.67,3.32,22.0,6.2,16.0,0.5,0.5,0.4,-10.36,-6.37,-0.47,-5.35,22.0,4.94,16.0,0.5,0.5,0.4,1012.0,1016.15,1021.53,1016.72,22.0,4.96,16.0,0.5,0.5,0.4,2.9,7.0,8.0,5.8,19.0,2.6,18.0,0.5,0.5,0.5,-26.7,19.4,114.1,41.6,22.0,77.5,16.0,0.5,0.5,0.4,-124.2,-50.2,-0.7,-62.6,22.0,66.1,16.0,0.5,0.5,0.4,2.03,5.5,7.5,5.12,21.0,2.62,16.0,0.4,0.5,0.5,10.4,52.1,92.9,50.8,21.0,40.1,16.0,0.4,0.5,0.5,4.43,7.32,8.96,6.82,20.0,2.13,16.0,0.5,0.5,0.5,24.6,62.4,104.8,64.1,20.0,39.2,16.0,0.5,0.5,0.5,-64.3,48.9,119.0,40.2,22.0,85.2,16.0,0.5,0.5,0.4,-146.6,-75.2,-7.0,-73.9,22.0,76.8,16.0,0.5,0.5,0.4,-44.2,25.7,67.3,19.8,20.0,46.4,16.0,0.5,0.5,0.5,-73.2,-31.5,-0.1,-35.5,20.0,42.8,16.0,0.5,0.5,0.5,-24.2,18.3,76.2,23.6,20.0,48.2,16.0,0.5,0.5,0.5,-76.2,-40.9,-0.1,-38.2,20.0,37.5,16.0,0.5,0.5,0.5,168.0,731.5,1861.0,1198.0,22.0,1326.5,16.0,0.5,0.5,0.4,170.0,730.0,1860.0,1200.0,22.0,1325.0,16.0,0.5,0.5,0.4
1974,2,133.0,30.0,17.0,19.35,20.2,18.99,30.0,1.65,16.0,0.3,0.6,0.4,9.82,14.0,18.28,13.95,33.0,3.91,16.0,0.4,0.6,0.4,4.58,7.03,10.48,7.6,25.0,3.05,16.0,0.4,0.6,0.4,56.0,72.6,86.0,72.3,25.0,15.2,16.0,0.4,0.4,5.02,9.55,12.35,9.21,32.0,4.02,16.0,0.4,0.6,0.4,-2.93,4.85,9.64,4.5,32.0,6.07,16.0,0.4,0.6,0.4,-9.51,-4.5,2.27,-3.86,32.0,5.54,16.0,0.4,0.6,0.4,1010.62,1017.0,1024.38,1016.9,33.0,6.3,16.0,0.4,0.6,0.4,2.8,7.0,8.0,5.9,31.0,2.3,16.0,0.4,0.6,0.4,-12.9,33.8,116.2,58.2,32.0,89.5,16.0,0.4,0.6,0.4,-99.8,-36.2,11.7,-42.2,32.0,65.9,16.0,0.4,0.6,0.4,-0.4,4.85,8.52,4.58,30.0,4.11,16.0,0.3,0.6,0.4,-2.3,45.2,85.9,47.5,29.0,52.8,16.0,0.3,0.6,0.4,1.82,6.8,8.92,5.69,24.0,3.35,16.0,0.4,0.6,0.4,17.4,54.4,76.8,56.2,23.0,46.1,16.0,0.4,0.6,0.4,-44.1,53.4,162.0,57.4,32.0,85.0,16.0,0.4,0.6,0.4,-103.3,-59.4,31.2,-43.0,32.0,80.8,16.0,0.4,0.6,0.4,-22.5,28.9,89.8,30.9,24.0,49.8,16.0,0.4,0.6,0.4,-61.8,-24.1,18.7,-21.2,24.0,45.9,16.0,0.4,0.6,0.4,-17.2,18.6,45.7,25.2,23.0,52.0,16.0,0.4,0.6,0.4,-64.9,-35.7,9.1,-27.4,23.0,35.8,16.0,0.4,0.6,0.4,127.5,873.0,1884.0,1247.5,32.0,1607.5,16.0,0.4,0.6,0.4,130.0,875.0,1885.0,1250.0,32.0,1610.0,16.0,0.4,0.6,0.4
1974,2,133.0,31.0,19.07,19.5,20.0,19.66,12.0,0.94,16.0,0.5,0.4,0.5,8.81,13.5,18.39,13.45,15.0,4.22,14.0,0.5,0.4,0.5,4.58,6.6,8.24,6.68,7.0,2.28,16.0,0.6,0.4,0.5,62.7,81.0,88.2,78.0,8.0,12.6,16.0,0.6,0.5,4.32,9.3,12.08,8.41,15.0,4.23,14.0,0.5,0.4,0.5,-5.26,0.89,5.85,0.88,15.0,5.86,14.0,0.5,0.4,0.5,-9.78,-5.02,3.74,-3.22,15.0,6.88,14.0,0.5,0.4,0.5,1013.37,1018.0,1020.68,1017.1,12.0,4.5,14.0,0.5,0.4,0.5,2.1,7.0,8.0,5.6,14.0,2.7,14.0,0.6,0.4,0.5,-44.4,4.5,57.7,15.8,15.0,67.8,14.0,0.5,0.4,0.5,-133.0,-25.6,17.5,-39.9,15.0,78.6,14.0,0.5,0.4,0.5,1.15,8.55,10.78,6.93,12.0,4.44,16.0,0.5,0.4,0.5,6.2,71.6,133.2,73.2,12.0,65.9,16.0,0.5,0.4,0.5,6.17,7.32,9.33,7.35,7.0,2.06,16.0,0.6,0.4,0.5,27.8,75.4,127.3,74.6,7.0,50.7,16.0,0.6,0.4,0.5,-82.4,13.3,71.5,3.1,15.0,68.7,14.0,0.5,0.4,0.5,-104.7,-51.8,69.6,-20.9,15.0,89.9,14.0,0.5,0.4,0.5,-59.4,15.8,50.1,5.5,7.0,52.3,16.0,0.6,0.4,0.5,-43.6,-34.0,27.6,-11.6,7.0,40.8,16.0,0.6,0.4,0.5,-29.3,38.3,69.9,23.7,7.0,59.2,16.0,0.6,0.4,0.5,-93.2,-37.7,11.7,-35.7,7.0,58.5,16.0,0.6,0.4,0.5,83.0,804.5,1768.0,990.5,15.0,1015.5,14.0,0.5,0.4,0.5,85.0,805.0,1770.0,990.0,15.0,1015.0,14.0,0.5,0.4,0.5
1974,2,133.0,32.0,18.3,20.0,21.08,19.7,21.0,1.3,14.0,0.4,0.5,0.4,9.0,14.4,17.2,13.27,23.0,4.21,14.0,0.4,0.5,0.4,4.98,5.82,7.86,6.48,16.0,2.32,14.0,0.4,0.4,0.3,51.6,68.4,80.6,67.0,16.0,14.5,14.0,0.4,0.3,4.61,7.7,11.29,7.95,20.0,4.31,14.0,0.5,0.5,0.4,-4.79,0.89,3.98,0.72,20.0,5.66,14.0,0.5,0.5,0.4,-9.4,-4.11,3.87,-3.47,20.0,6.31,14.0,0.5,0.5,0.4,1011.49,1017.0,1024.51,1017.54,23.0,5.68,14.0,0.4,0.5,0.4,0.2,7.0,8.0,5.0,21.0,3.4,14.0,0.4,0.5,0.4,-28.8,3.4,34.1,15.0,20.0,77.5,14.0,0.5,0.5,0.4,-127.3,-24.6,19.8,-40.4,20.0,73.7,14.0,0.5,0.5,0.4,2.35,4.9,10.93,6.22,21.0,4.39,14.0,0.4,0.5,0.4,12.5,44.2,116.3,65.4,18.0,75.1,14.0,0.4,0.5,0.5,5.19,8.62,10.11,7.69,15.0,2.74,14.0,0.3,0.4,0.3,23.3,63.4,120.5,75.2,12.0,55.7,12.0,0.4,0.5,0.4,-68.8,9.8,59.1,3.6,20.0,56.2,14.0,0.5,0.5,0.4,-90.6,-33.0,63.2,-28.0,20.0,86.7,14.0,0.5,0.5,0.4,-27.0,0.0,47.4,3.4,13.0,34.5,12.0,0.5,0.5,0.4,-57.5,-20.0,28.7,-12.8,13.0,50.0,12.0,0.5,0.5,0.4,-52.0,0.0,58.8,8.6,12.0,68.9,12.0,0.4,0.5,0.4,-98.9,-23.4,25.8,-35.3,12.0,55.6,12.0,0.4,0.5,0.4,98.0,456.5,1440.0,960.5,20.0,1395.5,14.0,0.5,0.5,0.4,100.0,455.0,1440.0,960.0,20.0,1395.0,14.0,0.5,0.5,0.4
1974,2,133.0,33.0,18.1,18.3,18.5,18.3,2.0,0.42,14.0,0.0,0.5,0.1,8.34,8.85,9.36,8.85,2.0,1.06,14.0,0.0,0.5,0.1,7.05,7.05,7.05,7.05,1.0,0.0,16.0,0.0,0.2,0.1,96.0,96.0,96.0,96.0,1.0,0.0,16.0,0.0,0.1,9.8,9.8,9.8,9.8,1.0,0.0,14.0,0.0,0.7,0.2,6.3,6.3,6.3,6.3,1.0,0.0,14.0,0.0,0.7,0.2,-7.51,-7.51,-7.51,-7.51,1.0,0.0,14.0,0.0,0.7,0.2,1022.84,1026.8,1030.76,1026.8,2.0,8.2,14.0,0.0,0.5,0.1,0.6,2.0,3.4,2.0,2.0,2.8,14.0,0.0,0.5,0.1,61.7,61.7,61.7,61.7,1.0,0.0,14.0,0.0,0.7,0.2,-73.6,-73.6,-73.6,-73.6,1.0,0.0,14.0,0.0,0.7,0.2,,,,,,,,,,,,,,,,,,,,,,,,,,,,,,,,,,,,,,,,,,,,,,,,,,,,,,,,,,,,,,,,,,,,,,,,,,,,,,,,,,,,,,,,,,,,,,,,,,,,,,,,,,,,,,,,,,,,,,,,
1974,2,133.0,34.0,,,,,,,,,,,,,,,,,,,,,,,,,,,,,,,,,,,,,,,,10.0,10.0,10.0,10.0,1.0,0.0,8.0,1.0,0.4,0.2,-7.66,-7.66,-7.66,-7.66,1.0,0.0,8.0,1.0,0.4,0.2,-6.43,-6.43,-6.43,-6.43,1.0,0.0,8.0,1.0,0.4,0.2,1015.4,1015.4,1015.4,1015.4,1.0,0.0,8.0,1.0,0.4,0.2,,,,,,,,,,,,,,,,,,,,,,,,,,,,,,,,,,,,,,,,,,,,,,,,,,,,,,,,,,,,,,,,,,,,,,,,,,,,,,,,,,,,,,,,,,,,,,,,,,,,,,,,,,,,,,,,,,,,,,,,,,,,,,,,,,,,,,,,,,,,,,,,,,,,,,
1974,2,133.0,35.0,,,,,,,,,,,,,,,,,,,,,,,,,,,,,,,,,,,,,,,,6.2,7.95,11.58,8.24,8.0,4.67,12.0,0.5,0.3,0.7,-5.77,-0.54,8.31,0.61,8.0,7.03,12.0,0.5,0.3,0.7,-9.76,-4.44,1.34,-4.04,8.0,5.56,12.0,0.5,0.3,0.7,1017.63,1019.6,1022.82,1020.93,7.0,5.3,14.0,0.4,0.3,0.6,,,,,,,,,,,,,,,,,,,,,,,,,,,,,,,,,,,,,,,,,,,,,,,,,,,,,,,,,,,,,,,,,,,,,,,,,,,,,,,,,,,,,,,,,,,,,,,,,,,,,,,,,,,,,,,,,,,,,,,,,,,,,,,,,,,,,,,,,,,,,,,,,,,,,,
1974,2,133.0,36.0,9.9,12.0,14.0,11.39,7.0,2.83,20.0,0.9,0.5,0.3,-0.73,2.8,9.81,3.83,9.0,4.81,20.0,0.8,0.5,0.3,5.55,5.55,5.55,5.55,1.0,0.0,20.0,1.0,0.8,0.6,77.1,77.1,77.1,77.1,1.0,0.0,20.0,1.0,0.6,4.03,7.0,9.5,6.73,9.0,2.47,20.0,0.8,0.5,0.3,-1.65,3.85,7.8,3.42,9.0,4.88,20.0,0.8,0.5,0.3,-4.09,-2.31,2.37,-0.95,9.0,4.37,20.0,0.8,0.5,0.3,1016.33,1019.0,1022.09,1019.11,9.0,3.64,20.0,0.8,0.5,0.3,5.2,7.0,8.0,6.5,8.0,2.1,20.0,0.9,0.5,0.3,-5.8,19.2,65.1,26.5,9.0,43.7,20.0,0.8,0.5,0.3,-30.0,-17.4,9.4,-4.6,9.0,36.1,20.0,0.8,0.5,0.3,3.66,7.8,12.05,7.89,7.0,4.75,20.0,0.9,0.5,0.3,14.8,49.0,89.9,53.5,7.0,38.0,20.0,0.9,0.5,0.3,2.05,2.05,2.05,2.05,1.0,0.0,20.0,1.0,0.8,0.6,20.1,20.1,20.1,20.1,1.0,0.0,20.0,1.0,0.8,0.6,-23.8,0.0,13.1,-3.4,9.0,23.0,20.0,0.8,0.5,0.3,-9.7,0.0,29.3,9.2,9.0,31.0,20.0,0.8,0.5,0.3,-27.2,-27.2,-27.2,-27.2,1.0,0.0,20.0,1.0,0.8,0.6,47.1,47.1,47.1,47.1,1.0,0.0,20.0,1.0,0.8,0.6,-10.1,-10.1,-10.1,-10.1,1.0,0.0,20.0,1.0,0.8,0.6,17.4,17.4,17.4,17.4,1.0,0.0,20.0,1.0,0.8,0.6,65.5,343.0,865.0,415.0,9.0,370.0,20.0,0.8,0.5,0.3,65.0,345.0,865.0,415.0,9.0,370.0,20.0,0.8,0.5,0.3
1974,2,133.0,37.0,9.71,11.0,13.41,11.35,11.0,1.94,16.0,0.5,0.3,0.2,1.0,3.3,7.59,3.59,14.0,3.63,16.0,0.6,0.4,0.3,4.79,4.97,5.16,4.97,2.0,0.38,18.0,0.5,0.3,0.2,74.4,74.8,75.2,74.8,2.0,0.9,18.0,0.5,0.2,7.97,9.3,12.13,10.01,13.0,2.18,16.0,0.6,0.4,0.3,-4.16,0.0,7.6,0.49,13.0,5.71,16.0,0.6,0.4,0.3,-11.31,-6.3,7.74,-3.03,13.0,8.4,16.0,0.6,0.4,0.3,1016.21,1019.6,1023.02,1019.16,14.0,4.94,16.0,0.6,0.4,0.3,6.2,8.0,8.0,7.2,11.0,1.4,16.0,0.7,0.4,0.3,-43.8,0.0,77.4,8.5,13.0,60.0,16.0,0.6,0.4,0.3,-137.2,-61.7,65.0,-38.3,13.0,93.5,16.0,0.6,0.4,0.3,2.74,8.5,12.23,8.15,11.0,4.57,16.0,0.5,0.3,0.2,34.9,86.5,129.6,85.9,10.0,46.8,14.0,0.5,0.3,0.3,2.47,2.47,2.47,2.47,1.0,0.0,18.0,0.0,0.1,0.4,19.1,19.1,19.1,19.1,1.0,0.0,18.0,0.0,0.1,0.4,-29.9,-4.6,6.9,-8.8,13.0,20.0,16.0,0.6,0.4,0.3,-33.5,3.1,51.8,6.6,13.0,39.5,16.0,0.6,0.4,0.3,-23.4,-21.2,-19.1,-21.2,2.0,4.4,18.0,0.5,0.3,0.2,33.1,36.8,40.5,36.8,2.0,7.6,18.0,0.5,0.3,0.2,-9.5,-9.5,-9.5,-9.5,1.0,0.0,18.0,0.0,0.1,0.4,16.5,16.5,16.5,16.5,1.0,0.0,18.0,0.0,0.1,0.4,506.5,804.5,1793.0,1139.0,13.0,767.0,16.0,0.6,0.4,0.3,505.0,805.0,1795.0,1140.0,13.0,765.0,16.0,0.6,0.4,0.3
1974,2,133.0,38.0,7.64,10.35,12.57,9.92,10.0,2.98,16.0,0.8,0.5,0.4,-2.7,2.3,7.88,2.04,11.0,5.05,18.0,0.7,0.5,0.4,4.14,4.14,4.14,4.14,1.0,0.0,18.0,1.0,0.9,0.8,61.8,61.8,61.8,61.8,1.0,0.0,18.0,1.0,0.8,3.49,7.05,12.96,8.01,10.0,4.66,16.0,0.8,0.5,0.5,-2.65,2.56,6.19,1.38,10.0,5.41,16.0,0.8,0.5,0.5,-10.55,-4.67,2.63,-4.05,10.0,6.58,16.0,0.8,0.5,0.5,1016.2,1017.8,1022.65,1019.15,11.0,4.47,18.0,0.7,0.5,0.4,6.3,8.0,8.0,7.4,9.0,0.9,18.0,0.8,0.5,0.4,-8.1,11.6,79.5,15.4,10.0,66.9,16.0,0.8,0.5,0.5,-125.8,-37.5,10.6,-57.7,10.0,76.2,16.0,0.8,0.5,0.5,4.0,9.2,12.81,8.48,10.0,4.93,16.0,0.8,0.5,0.4,14.8,63.9,165.5,87.6,9.0,75.6,16.0,0.9,0.5,0.4,3.81,3.81,3.81,3.81,1.0,0.0,18.0,1.0,0.9,0.8,15.6,15.6,15.6,15.6,1.0,0.0,18.0,1.0,0.9,0.8,-25.1,3.2,21.0,-2.5,10.0,25.6,16.0,0.8,0.5,0.5,0.9,17.2,29.6,20.6,10.0,27.8,16.0,0.8,0.5,0.5,14.7,14.7,14.7,14.7,1.0,0.0,18.0,1.0,0.9,0.8,8.5,8.5,8.5,8.5,1.0,0.0,18.0,1.0,0.9,0.8,13.5,13.5,13.5,13.5,1.0,0.0,18.0,1.0,0.9,0.8,7.8,7.8,7.8,7.8,1.0,0.0,18.0,1.0,0.9,0.8,44.5,431.0,2175.5,1003.5,10.0,1185.0,16.0,0.8,0.5,0.5,45.0,430.0,2175.0,1005.0,10.0,1185.0,16.0,0.8,0.5,0.5
1974,2,133.0,39.0,1.95,5.5,9.99,6.23,12.0,4.28,16.0,0.5,0.4,0.4,-2.02,2.3,7.43,2.18,13.0,4.84,16.0,0.5,0.5,0.5,3.27,4.27,4.55,3.92,3.0,0.98,18.0,0.0,0.3,0.5,53.1,72.1,82.1,67.7,3.0,21.6,18.0,0.0,0.5,4.01,6.1,9.99,6.84,14.0,3.33,16.0,0.6,0.5,0.4,0.04,2.3,6.16,2.64,14.0,3.98,16.0,0.6,0.5,0.4,-6.89,0.36,4.39,-0.89,14.0,6.1,16.0,0.6,0.5,0.4,1014.59,1015.4,1018.45,1017.01,13.0,4.81,16.0,0.5,0.5,0.5,1.0,6.0,8.0,4.9,13.0,3.0,16.0,0.5,0.5,0.4,0.2,12.7,44.1,20.8,14.0,42.6,16.0,0.6,0.5,0.4,-61.3,0.8,24.6,-14.6,14.0,60.4,16.0,0.6,0.5,0.4,-0.16,3.4,10.4,4.33,12.0,6.52,16.0,0.5,0.4,0.4,-1.6,10.1,123.2,46.5,12.0,64.7,16.0,0.5,0.4,0.4,1.33,2.56,3.42,2.38,3.0,1.54,18.0,0.0,0.3,0.5,6.8,13.1,20.3,13.5,3.0,9.9,18.0,0.0,0.3,0.5,-4.1,9.0,19.8,5.6,13.0,19.5,16.0,0.5,0.5,0.5,-0.1,17.7,31.3,20.9,13.0,21.9,16.0,0.5,0.5,0.5,12.4,13.3,19.1,15.7,3.0,5.3,18.0,0.0,0.3,0.5,3.6,11.2,17.7,10.6,3.0,10.3,18.0,0.0,0.3,0.5,4.7,6.5,14.5,9.5,3.0,7.6,18.0,0.0,0.3,0.5,3.6,11.3,14.0,8.8,3.0,7.9,18.0,0.0,0.3,0.5,64.5,227.0,996.5,546.0,14.0,683.5,16.0,0.6,0.5,0.4,65.0,225.0,995.0,545.0,14.0,685.0,16.0,0.6,0.5,0.4
1974,2,133.0,40.0,,,,,,,,,,,,,,,,,,,,,,,,,,,,,,,,,,,,,,,,4.82,6.6,11.17,7.47,16.0,3.32,16.0,0.4,0.5,0.4,-1.31,1.99,4.48,1.56,16.0,3.49,16.0,0.4,0.5,0.4,-10.58,-4.21,4.84,-3.06,16.0,6.77,16.0,0.4,0.5,0.4,1013.89,1015.8,1022.92,1018.05,17.0,5.59,16.0,0.4,0.5,0.4,,,,,,,,,,,,,,,,,,,,,,,,,,,,,,,,,,,,,,,,,,,,,,,,,,,,,,,,,,,,,,,,,,,,,,,,,,,,,,,,,,,,,,,,,,,,,,,,,,,,,,,,,,,,,,,,,,,,,,,,,,,,,,,,,,,,,,,,,,,,,,,,,,,,,,
1974,2,133.0,41.0,,,,,,,,,,,,,,,,,,,,,,,,,,,,,,,,,,,,,,,,6.21,9.35,13.98,9.83,20.0,3.67,16.0,0.8,0.4,0.4,-4.72,4.77,7.58,3.63,20.0,5.73,16.0,0.8,0.4,0.4,-9.64,-6.61,-0.76,-5.5,20.0,6.05,16.0,0.8,0.4,0.4,1013.23,1015.85,1021.73,1017.16,22.0,4.68,16.0,0.7,0.4,0.4,,,,,,,,,,,,,,,,,,,,,,,,,,,,,,,,,,,,,,,,,,,,,,,,,,,,,,,,,,,,,,,,,,,,,,,,,,,,,,,,,,,,,,,,,,,,,,,,,,,,,,,,,,,,,,,,,,,,,,,,,,,,,,,,,,,,,,,,,,,,,,,,,,,,,,
1974,2,133.0,42.0,0.0,2.0,3.0,1.7,117.0,1.57,14.0,0.5,0.5,0.6,-9.5,-5.4,1.0,-4.67,124.0,5.16,14.0,0.6,0.5,0.6,3.74,3.74,3.74,3.74,1.0,0.0,8.0,0.0,0.3,0.0,75.2,75.2,75.2,75.2,1.0,0.0,8.0,0.0,0.0,3.0,6.2,11.0,6.87,107.0,4.24,14.0,0.6,0.5,0.6,0.0,2.64,8.46,3.21,107.0,4.9,14.0,0.6,0.5,0.6,-7.52,-3.55,0.0,-3.51,107.0,4.34,14.0,0.6,0.5,0.6,1014.8,1020.75,1027.7,1020.95,124.0,6.11,14.0,0.6,0.5,0.6,0.0,0.0,6.0,2.0,107.0,2.8,14.0,0.6,0.5,0.6,0.0,12.3,83.2,33.0,107.0,60.5,14.0,0.6,0.5,0.6,-63.5,-19.2,0.0,-33.3,107.0,57.6,14.0,0.6,0.5,0.6,0.13,6.05,11.5,6.17,116.0,5.31,14.0,0.6,0.5,0.6,0.0,38.3,96.5,47.6,98.0,55.2,12.0,0.6,0.5,0.6,0.43,0.43,0.43,0.43,1.0,0.0,8.0,0.0,0.3,0.0,3.7,3.7,3.7,3.7,1.0,0.0,8.0,0.0,0.3,0.0,-55.6,-12.7,10.3,-18.7,106.0,39.1,14.0,0.6,0.5,0.6,-5.3,16.3,48.7,21.7,106.0,39.5,14.0,0.6,0.5,0.6,-24.9,-24.9,-24.9,-24.9,1.0,0.0,8.0,0.0,0.3,0.0,-20.9,-20.9,-20.9,-20.9,1.0,0.0,8.0,0.0,0.3,0.0,-2.9,-2.9,-2.9,-2.9,1.0,0.0,8.0,0.0,0.3,0.0,-2.4,-2.4,-2.4,-2.4,1.0,0.0,8.0,0.0,0.3,0.0,27.0,238.5,1331.0,725.5,107.0,1138.0,14.0,0.6,0.5,0.6,25.0,240.0,1330.0,725.0,107.0,1140.0,14.0,0.6,0.5,0.6
1974,2,134.0,-45.0,11.0,11.0,11.0,11.0,1.0,0.0,24.0,1.0,0.7,0.8,13.8,13.8,13.8,13.8,1.0,0.0,24.0,1.0,0.7,0.8,8.87,8.87,8.87,8.87,1.0,0.0,24.0,1.0,0.7,0.8,90.7,90.7,90.7,90.7,1.0,0.0,24.0,1.0,0.8,12.3,12.3,12.3,12.3,1.0,0.0,24.0,1.0,0.7,0.8,12.11,12.11,12.11,12.11,1.0,0.0,24.0,1.0,0.7,0.8,2.14,2.14,2.14,2.14,1.0,0.0,24.0,1.0,0.7,0.8,1012.1,1012.1,1012.1,1012.1,1.0,0.0,24.0,1.0,0.7,0.8,8.0,8.0,8.0,8.0,1.0,0.0,24.0,1.0,0.7,0.8,149.0,149.0,149.0,149.0,1.0,0.0,24.0,1.0,0.7,0.8,26.3,26.3,26.3,26.3,1.0,0.0,24.0,1.0,0.7,0.8,-2.8,-2.8,-2.8,-2.8,1.0,0.0,24.0,1.0,0.7,0.8,-34.4,-34.4,-34.4,-34.4,1.0,0.0,24.0,1.0,0.7,0.8,-0.73,-0.73,-0.73,-0.73,1.0,0.0,24.0,1.0,0.7,0.8,-9.0,-9.0,-9.0,-9.0,1.0,0.0,24.0,1.0,0.7,0.8,167.2,167.2,167.2,167.2,1.0,0.0,24.0,1.0,0.7,0.8,29.5,29.5,29.5,29.5,1.0,0.0,24.0,1.0,0.7,0.8,107.5,107.5,107.5,107.5,1.0,0.0,24.0,1.0,0.7,0.8,19.0,19.0,19.0,19.0,1.0,0.0,24.0,1.0,0.7,0.8,-8.9,-8.9,-8.9,-8.9,1.0,0.0,24.0,1.0,0.7,0.8,-1.6,-1.6,-1.6,-1.6,1.0,0.0,24.0,1.0,0.7,0.8,1861.0,1861.0,1861.0,1861.0,1.0,0.0,24.0,1.0,0.7,0.8,1860.0,1860.0,1860.0,1860.0,1.0,0.0,24.0,1.0,0.7,0.8
1974,2,134.0,-41.0,,,,,,,,,,,,,,,,,,,,,,,,,,,,,,,,,,,,,,,,0.0,0.0,0.0,0.0,1.0,0.0,20.0,1.0,0.2,0.4,0.0,0.0,0.0,0.0,1.0,0.0,20.0,1.0,0.2,0.4,0.0,0.0,0.0,0.0,1.0,0.0,20.0,1.0,0.2,0.4,1024.5,1024.5,1024.5,1024.5,1.0,0.0,20.0,1.0,0.2,0.4,,,,,,,,,,,,,,,,,,,,,,,,,,,,,,,,,,,,,,,,,,,,,,,,,,,,,,,,,,,,,,,,,,,,,,,,,,,,,,,,,,,,,,,,,,,,,,,,,,,,,,,,,,,,,,,,,,,,,,,,,,,,,,,,,,,,,,,,,,,,,,,,,,,,,,
1974,2,134.0,-39.0,17.64,18.6,19.56,18.6,2.0,1.98,4.0,0.0,0.6,0.4,15.16,16.8,16.94,16.07,3.0,1.45,4.0,0.3,0.5,0.3,8.38,8.76,9.14,8.76,2.0,0.79,6.0,0.5,0.3,0.2,77.9,79.2,80.5,79.2,2.0,2.7,6.0,0.5,0.2,10.03,12.9,14.61,12.33,3.0,3.39,4.0,0.3,0.5,0.3,-3.82,0.0,1.83,-0.97,3.0,4.22,4.0,0.3,0.5,0.3,8.64,12.9,14.45,11.58,3.0,4.4,4.0,0.3,0.5,0.3,1012.09,1018.3,1020.14,1016.17,3.0,6.18,4.0,0.3,0.5,0.3,4.6,6.0,7.4,6.0,3.0,2.0,4.0,0.3,0.5,0.3,-33.2,0.0,28.1,-2.5,3.0,45.0,4.0,0.3,0.5,0.3,92.4,166.4,212.2,152.6,3.0,88.6,4.0,0.3,0.5,0.3,2.86,3.0,3.14,3.0,2.0,0.28,4.0,0.0,0.6,0.4,29.2,32.0,34.8,32.0,2.0,5.9,4.0,0.0,0.6,0.4,3.92,3.92,3.92,3.92,1.0,0.0,6.0,0.0,0.3,0.2,50.6,50.6,50.6,50.6,1.0,0.0,6.0,0.0,0.3,0.2,-64.1,0.0,31.0,-16.2,3.0,71.1,4.0,0.3,0.5,0.3,135.4,185.8,235.0,185.2,3.0,72.9,4.0,0.3,0.5,0.3,4.0,12.5,21.0,12.5,2.0,17.6,6.0,0.5,0.3,0.2,111.4,123.5,135.7,123.5,2.0,25.2,6.0,0.5,0.3,0.2,0.0,0.0,0.0,0.0,1.0,0.0,6.0,0.0,0.3,0.2,50.6,50.6,50.6,50.6,1.0,0.0,6.0,0.0,0.3,0.2,1131.0,2146.5,3174.5,2152.5,3.0,1497.0,4.0,0.3,0.5,0.3,1130.0,2145.0,3175.0,2150.0,3.0,1495.0,4.0,0.3,0.5,0.3
1974,2,134.0,-38.0,17.65,18.3,18.79,18.19,9.0,0.7,14.0,0.7,0.4,0.4,15.58,18.0,19.66,17.97,13.0,2.17,16.0,0.5,0.4,0.3,7.46,9.97,11.33,9.55,12.0,1.87,14.0,0.6,0.4,0.4,65.4,73.5,80.1,73.5,12.0,9.4,14.0,0.6,0.4,2.6,6.2,8.76,5.66,13.0,2.95,16.0,0.5,0.4,0.3,-4.53,-0.96,2.46,-0.76,13.0,4.66,16.0,0.5,0.4,0.3,-0.15,1.67,7.26,2.6,13.0,3.71,16.0,0.5,0.4,0.3,1010.56,1019.7,1022.13,1017.22,13.0,6.3,16.0,0.5,0.4,0.3,2.9,5.0,8.0,5.0,13.0,2.2,16.0,0.5,0.4,0.3,-37.9,-2.3,11.9,-0.5,13.0,39.5,16.0,0.5,0.4,0.3,-1.4,4.3,56.7,18.8,13.0,32.9,16.0,0.5,0.4,0.3,-1.17,-0.4,1.76,0.1,9.0,2.06,14.0,0.7,0.4,0.4,-7.5,-1.8,10.6,2.4,9.0,12.0,14.0,0.7,0.4,0.4,2.29,3.21,5.44,3.67,9.0,1.64,14.0,0.7,0.4,0.4,6.7,16.8,31.7,19.9,9.0,14.8,14.0,0.7,0.4,0.4,-83.3,-17.7,43.1,-15.8,13.0,89.0,16.0,0.5,0.4,0.3,-3.0,29.2,108.5,41.8,13.0,63.2,16.0,0.5,0.4,0.3,-57.4,-12.2,31.9,-8.4,12.0,52.9,14.0,0.6,0.4,0.4,-4.6,12.5,55.8,22.7,12.0,37.8,14.0,0.6,0.4,0.4,-14.6,-5.5,17.5,-1.1,9.0,15.1,14.0,0.7,0.4,0.4,-3.0,3.9,24.1,9.8,9.0,18.1,14.0,0.7,0.4,0.4,17.5,238.5,672.5,322.5,13.0,382.0,16.0,0.5,0.4,0.3,20.0,240.0,670.0,320.0,13.0,380.0,16.0,0.5,0.4,0.3
1974,2,134.0,-36.0,17.55,18.65,19.24,18.28,6.0,1.33,14.0,0.3,0.5,0.6,17.36,17.6,18.21,17.85,6.0,0.8,14.0,0.3,0.5,0.6,7.64,8.23,11.15,9.26,5.0,2.1,14.0,0.4,0.5,0.6,61.9,67.4,86.2,72.8,5.0,13.0,14.0,0.4,0.6,4.6,6.7,8.6,6.68,5.0,2.11,16.0,0.2,0.4,0.5,-4.39,-2.8,3.94,-0.69,5.0,4.43,16.0,0.2,0.4,0.5,2.17,5.13,7.83,4.93,5.0,3.1,16.0,0.2,0.4,0.5,1014.86,1016.45,1017.63,1016.68,6.0,2.41,14.0,0.3,0.5,0.6,3.8,4.0,7.2,5.0,6.0,2.0,14.0,0.3,0.5,0.6,-25.1,-20.8,26.1,-2.6,5.0,31.2,16.0,0.2,0.4,0.5,10.0,34.4,67.5,38.0,5.0,30.8,16.0,0.2,0.4,0.5,-0.75,0.85,1.52,0.43,6.0,1.47,14.0,0.3,0.5,0.6,3.1,7.4,8.1,5.6,5.0,4.7,16.0,0.2,0.4,0.5,2.62,3.56,4.9,3.63,5.0,1.54,14.0,0.4,0.5,0.6,12.1,27.6,43.8,28.0,4.0,18.8,16.0,0.3,0.4,0.6,-80.5,-48.8,69.0,-13.7,5.0,79.0,16.0,0.2,0.4,0.5,38.5,99.6,135.7,87.7,5.0,53.7,16.0,0.2,0.4,0.5,-50.5,-35.2,7.5,-22.1,4.0,40.4,16.0,0.3,0.4,0.6,33.4,62.2,63.5,49.1,4.0,27.2,16.0,0.3,0.4,0.6,-14.8,-9.3,10.1,-2.6,4.0,18.5,16.0,0.3,0.4,0.6,4.5,21.4,39.3,21.9,4.0,20.1,16.0,0.3,0.4,0.6,97.5,301.0,644.0,370.0,5.0,306.0,16.0,0.2,0.4,0.5,95.0,300.0,645.0,370.0,5.0,305.0,16.0,0.2,0.4,0.5
1974,2,134.0,-11.0,28.3,28.65,29.21,28.75,4.0,0.54,16.0,1.0,0.6,0.8,27.9,28.75,29.76,28.83,4.0,1.09,16.0,1.0,0.6,0.8,19.39,20.41,21.08,20.24,4.0,1.05,16.0,1.0,0.6,0.8,77.3,80.9,84.8,81.1,4.0,5.4,16.0,1.0,0.8,5.86,7.45,8.46,7.18,4.0,1.62,16.0,1.0,0.6,0.8,5.31,6.48,6.89,6.12,4.0,1.18,16.0,1.0,0.6,0.8,-4.88,-3.32,-2.41,-3.63,4.0,1.53,16.0,1.0,0.6,0.8,1002.74,1004.2,1005.98,1004.35,4.0,1.91,16.0,1.0,0.6,0.8,7.5,8.0,8.0,7.8,4.0,0.5,16.0,1.0,0.6,0.8,31.9,50.1,58.1,45.2,4.0,16.9,16.0,1.0,0.6,0.8,-41.5,-24.5,-14.1,-27.7,4.0,16.8,16.0,1.0,0.6,0.8,-1.13,0.0,0.97,-0.07,4.0,1.33,16.0,1.0,0.6,0.8,-6.6,-0.5,7.6,0.5,4.0,8.9,16.0,1.0,0.6,0.8,4.24,4.66,5.21,4.72,4.0,0.59,16.0,1.0,0.6,0.8,28.8,36.2,38.7,33.8,4.0,8.1,16.0,1.0,0.6,0.8,152.7,185.8,197.8,175.7,4.0,30.8,16.0,1.0,0.6,0.8,-141.1,-95.6,-69.8,-105.0,4.0,45.5,16.0,1.0,0.6,0.8,102.8,130.3,145.1,124.2,4.0,27.3,16.0,1.0,0.6,0.8,-103.0,-68.2,-46.9,-74.6,4.0,34.7,16.0,1.0,0.6,0.8,23.2,30.9,34.8,29.1,4.0,7.4,16.0,1.0,0.6,0.8,-21.9,-16.4,-11.7,-16.8,4.0,5.9,16.0,1.0,0.6,0.8,212.5,426.0,607.5,411.0,4.0,238.5,16.0,1.0,0.6,0.8,215.0,425.0,605.0,410.0,4.0,240.0,16.0,1.0,0.6,0.8
1974,2,134.0,-10.0,27.79,28.0,28.52,28.25,6.0,1.17,14.0,0.8,0.6,0.5,26.59,27.0,27.65,27.05,6.0,1.27,14.0,0.8,0.6,0.5,17.71,19.59,21.24,19.52,6.0,1.74,14.0,0.8,0.6,0.5,79.2,85.6,94.7,86.7,6.0,7.4,14.0,0.8,0.5,4.1,5.65,8.24,6.25,6.0,2.48,14.0,0.8,0.6,0.5,3.55,5.11,6.64,5.11,6.0,1.48,14.0,0.8,0.6,0.5,-5.56,-2.05,-1.25,-3.09,6.0,2.85,14.0,0.8,0.6,0.5,1003.37,1004.85,1007.0,1004.92,6.0,1.9,14.0,0.8,0.6,0.5,5.8,7.0,8.0,6.8,6.0,1.3,14.0,0.8,0.6,0.5,14.6,32.4,50.1,34.6,6.0,21.8,14.0,0.8,0.6,0.5,-47.0,-8.4,-5.7,-23.9,6.0,31.1,14.0,0.8,0.6,0.5,0.94,1.0,1.6,1.2,6.0,0.47,14.0,0.8,0.6,0.5,4.1,5.0,13.8,7.8,6.0,5.2,14.0,0.8,0.6,0.5,2.57,4.89,6.44,4.74,6.0,2.09,14.0,0.8,0.6,0.5,10.5,31.3,44.7,32.9,6.0,25.5,14.0,0.8,0.6,0.5,95.9,138.9,172.6,138.2,6.0,40.8,14.0,0.8,0.6,0.5,-154.5,-55.3,-33.7,-86.2,6.0,82.4,14.0,0.8,0.6,0.5,76.5,95.2,119.4,98.4,6.0,25.1,14.0,0.8,0.6,0.5,-108.0,-43.8,-22.2,-61.4,6.0,56.3,14.0,0.8,0.6,0.5,9.1,26.9,37.9,26.1,6.0,16.2,14.0,0.8,0.6,0.5,-30.7,-7.6,-3.5,-17.2,6.0,22.7,14.0,0.8,0.6,0.5,69.0,199.0,588.0,347.5,6.0,397.0,14.0,0.8,0.6,0.5,70.0,200.0,590.0,350.0,6.0,395.0,14.0,0.8,0.6,0.5
1974,2,134.0,-9.0,28.0,28.0,28.0,28.0,1.0,0.0,6.0,1.0,0.8,0.5,29.5,29.5,29.5,29.5,1.0,0.0,6.0,1.0,0.8,0.5,25.36,25.36,25.36,25.36,1.0,0.0,6.0,1.0,0.8,0.5,97.1,97.1,97.1,97.1,1.0,0.0,6.0,1.0,0.5,8.2,8.2,8.2,8.2,1.0,0.0,6.0,1.0,0.8,0.5,7.1,7.1,7.1,7.1,1.0,0.0,6.0,1.0,0.8,0.5,-4.1,-4.1,-4.1,-4.1,1.0,0.0,6.0,1.0,0.8,0.5,1002.9,1002.9,1002.9,1002.9,1.0,0.0,6.0,1.0,0.8,0.5,7.0,7.0,7.0,7.0,1.0,0.0,6.0,1.0,0.8,0.5,58.2,58.2,58.2,58.2,1.0,0.0,6.0,1.0,0.8,0.5,-33.6,-33.6,-33.6,-33.6,1.0,0.0,6.0,1.0,0.8,0.5,-1.5,-1.5,-1.5,-1.5,1.0,0.0,6.0,1.0,0.8,0.5,-12.3,-12.3,-12.3,-12.3,1.0,0.0,6.0,1.0,0.8,0.5,-1.45,-1.45,-1.45,-1.45,1.0,0.0,6.0,1.0,0.8,0.5,-11.9,-11.9,-11.9,-11.9,1.0,0.0,6.0,1.0,0.8,0.5,209.5,209.5,209.5,209.5,1.0,0.0,6.0,1.0,0.8,0.5,-120.9,-120.9,-120.9,-120.9,1.0,0.0,6.0,1.0,0.8,0.5,180.1,180.1,180.1,180.1,1.0,0.0,6.0,1.0,0.8,0.5,-104.0,-104.0,-104.0,-104.0,1.0,0.0,6.0,1.0,0.8,0.5,-10.3,-10.3,-10.3,-10.3,1.0,0.0,6.0,1.0,0.8,0.5,6.0,6.0,6.0,6.0,1.0,0.0,6.0,1.0,0.8,0.5,551.5,551.5,551.5,551.5,1.0,0.0,6.0,1.0,0.8,0.5,550.0,550.0,550.0,550.0,1.0,0.0,6.0,1.0,0.8,0.5
1974,2,134.0,-6.0,28.45,29.0,29.68,29.07,3.0,0.9,10.0,1.0,0.7,0.8,27.5,29.0,29.0,28.27,3.0,1.27,10.0,1.0,0.7,0.8,18.3,18.48,18.67,18.48,2.0,0.39,10.0,1.0,0.8,0.8,74.4,74.4,79.7,77.0,3.0,4.4,10.0,1.0,0.8,5.11,6.2,6.54,5.83,3.0,1.1,10.0,1.0,0.7,0.8,4.16,4.53,6.01,5.07,3.0,1.44,10.0,1.0,0.7,0.8,-3.5,-0.8,-0.25,-1.85,3.0,2.54,10.0,1.0,0.7,0.8,1004.51,1004.75,1004.99,1004.75,2.0,0.5,10.0,1.0,0.8,0.8,7.2,7.5,7.8,7.5,2.0,0.7,10.0,1.0,0.6,0.9,22.1,24.7,38.5,30.1,3.0,12.9,10.0,1.0,0.7,0.8,-21.3,-3.7,-1.2,-11.0,3.0,16.0,10.0,1.0,0.7,0.8,0.32,1.0,1.27,0.8,3.0,0.72,10.0,1.0,0.7,0.8,1.5,4.6,7.9,4.7,3.0,4.7,10.0,1.0,0.7,0.8,6.04,6.24,6.45,6.24,2.0,0.42,10.0,1.0,0.8,0.8,39.9,40.2,40.4,40.2,2.0,0.5,10.0,1.0,0.8,0.8,120.6,131.4,164.3,142.2,3.0,33.3,10.0,1.0,0.7,0.8,-101.4,-23.2,-7.4,-53.6,3.0,73.7,10.0,1.0,0.7,0.8,82.3,98.4,114.5,98.4,2.0,33.4,10.0,1.0,0.8,0.8,-75.0,-44.5,-14.1,-44.5,2.0,63.0,10.0,1.0,0.8,0.8,28.3,32.9,37.6,32.9,2.0,9.7,10.0,1.0,0.8,0.8,-26.1,-15.5,-4.9,-15.5,2.0,22.0,10.0,1.0,0.8,0.8,142.0,238.5,281.0,212.0,3.0,104.0,10.0,1.0,0.7,0.8,140.0,240.0,280.0,210.0,3.0,105.0,10.0,1.0,0.7,0.8
1974,2,134.0,-5.0,27.16,27.5,27.7,27.43,3.0,0.4,10.0,0.7,0.2,0.2,25.98,27.0,27.55,26.77,3.0,1.17,10.0,0.7,0.2,0.2,17.68,18.04,18.6,18.14,3.0,0.68,10.0,0.7,0.2,0.2,78.9,80.3,85.7,82.3,3.0,5.2,10.0,0.7,0.2,5.58,7.7,9.47,7.53,3.0,2.85,10.0,0.7,0.2,0.2,5.21,6.67,7.5,6.36,3.0,1.7,10.0,0.7,0.2,0.2,-5.74,-3.85,-1.77,-3.76,3.0,2.91,10.0,0.7,0.2,0.2,1006.16,1006.5,1007.32,1006.73,3.0,0.87,10.0,0.7,0.2,0.2,7.2,7.5,7.8,7.5,2.0,0.7,8.0,1.0,0.3,0.1,30.5,51.3,71.8,51.2,3.0,30.2,10.0,0.7,0.2,0.2,-56.0,-29.6,-11.9,-33.8,3.0,32.5,10.0,0.7,0.2,0.2,0.0,0.0,1.37,0.67,3.0,1.15,10.0,0.7,0.2,0.2,0.0,0.0,14.1,6.9,3.0,11.9,10.0,0.7,0.2,0.2,4.77,4.93,5.01,4.89,3.0,0.18,10.0,0.7,0.2,0.2,26.9,36.1,47.0,37.0,3.0,14.7,10.0,0.7,0.2,0.2,142.3,185.4,196.2,169.6,3.0,41.7,10.0,0.7,0.2,0.2,-149.2,-107.0,-48.7,-99.1,3.0,73.9,10.0,0.7,0.2,0.2,94.1,125.7,137.1,115.8,3.0,32.6,10.0,0.7,0.2,0.2,-104.6,-72.6,-32.6,-68.7,3.0,52.8,10.0,0.7,0.2,0.2,25.2,31.3,37.2,31.2,3.0,8.8,10.0,0.7,0.2,0.2,-28.6,-18.1,-8.4,-18.5,3.0,14.8,10.0,0.7,0.2,0.2,211.5,456.5,891.0,549.0,3.0,504.0,10.0,0.7,0.2,0.2,210.0,455.0,890.0,550.0,3.0,505.0,10.0,0.7,0.2,0.2
1974,2,134.0,-1.0,28.51,28.75,28.99,28.75,2.0,0.49,16.0,0.0,0.3,0.6,27.95,28.05,28.15,28.05,2.0,0.21,16.0,0.0,0.3,0.6,18.46,18.6,18.75,18.6,2.0,0.3,16.0,0.0,0.3,0.6,78.0,78.2,78.4,78.2,2.0,0.4,16.0,0.0,0.6,1.06,3.35,5.64,3.35,2.0,4.74,16.0,0.0,0.3,0.6,0.36,1.15,1.93,1.15,2.0,1.62,16.0,0.0,0.3,0.6,-5.3,-3.15,-1.0,-3.15,2.0,4.45,16.0,0.0,0.3,0.6,1006.85,1007.4,1007.95,1007.4,2.0,1.13,16.0,0.0,0.3,0.6,6.3,7.0,7.7,7.0,2.0,1.4,16.0,0.0,0.3,0.6,2.4,7.7,12.9,7.7,2.0,10.9,16.0,0.0,0.3,0.6,-35.5,-21.1,-6.7,-21.1,2.0,29.8,16.0,0.0,0.3,0.6,0.36,0.7,1.04,0.7,2.0,0.71,16.0,0.0,0.3,0.6,0.2,0.7,1.1,0.7,2.0,0.9,16.0,0.0,0.3,0.6,5.77,6.28,6.78,6.28,2.0,1.05,16.0,0.0,0.3,0.6,5.9,18.5,31.2,18.5,2.0,26.2,16.0,0.0,0.3,0.6,10.3,32.3,54.4,32.3,2.0,45.7,16.0,0.0,0.3,0.6,-149.4,-88.8,-28.2,-88.8,2.0,125.5,16.0,0.0,0.3,0.6,6.8,21.6,36.3,21.6,2.0,30.5,16.0,0.0,0.3,0.6,-99.7,-59.2,-18.8,-59.2,2.0,83.8,16.0,0.0,0.3,0.6,2.0,6.3,10.7,6.3,2.0,9.0,16.0,0.0,0.3,0.6,-29.3,-17.4,-5.5,-17.4,2.0,24.6,16.0,0.0,0.3,0.6,47.5,150.5,253.0,150.5,2.0,212.5,16.0,0.0,0.3,0.6,50.0,150.0,255.0,150.0,2.0,215.0,16.0,0.0,0.3,0.6
1974,2,134.0,10.0,27.66,28.0,28.0,27.83,3.0,0.29,14.0,0.7,0.4,0.4,27.82,28.3,28.91,28.37,3.0,0.8,14.0,0.7,0.4,0.4,18.35,19.9,19.99,19.18,3.0,1.35,14.0,0.7,0.4,0.4,76.8,78.6,81.1,79.0,3.0,3.2,14.0,0.7,0.4,7.7,7.7,8.79,8.23,3.0,0.92,14.0,0.7,0.4,0.4,-6.98,-6.67,-6.67,-6.82,3.0,0.26,14.0,0.7,0.4,0.4,-5.3,-3.85,-3.85,-4.56,3.0,1.23,14.0,0.7,0.4,0.4,1006.5,1006.5,1006.57,1006.53,3.0,0.06,14.0,0.7,0.4,0.4,3.0,3.0,4.4,3.7,3.0,1.2,14.0,0.7,0.4,0.4,-61.5,-51.3,-51.3,-56.3,3.0,8.6,14.0,0.7,0.4,0.4,-47.4,-29.6,-29.6,-38.3,3.0,15.0,14.0,0.7,0.4,0.4,-0.91,-0.3,-0.16,-0.53,3.0,0.59,14.0,0.7,0.4,0.4,-7.0,-2.3,-1.4,-4.2,3.0,4.5,14.0,0.7,0.4,0.4,3.83,3.91,4.99,4.4,3.0,0.95,14.0,0.7,0.4,0.4,29.5,30.1,44.5,36.8,3.0,12.4,14.0,0.7,0.4,0.4,-196.0,-194.7,-190.6,-193.4,3.0,4.1,14.0,0.7,0.4,0.4,-148.3,-112.4,-110.1,-128.8,3.0,31.4,14.0,0.7,0.4,0.4,-133.3,-132.7,-127.8,-130.6,3.0,4.4,14.0,0.7,0.4,0.4,-96.4,-77.1,-76.8,-86.4,3.0,16.4,14.0,0.7,0.4,0.4,-35.0,-26.1,-25.5,-30.2,3.0,7.8,14.0,0.7,0.4,0.4,-27.2,-15.1,-14.7,-20.8,3.0,10.4,14.0,0.7,0.4,0.4,456.5,456.5,694.0,572.5,3.0,201.0,14.0,0.7,0.4,0.4,455.0,455.0,695.0,570.0,3.0,200.0,14.0,0.7,0.4,0.4
1974,2,134.0,11.0,28.0,28.0,29.37,28.67,3.0,1.15,12.0,0.7,0.5,0.5,27.32,28.0,29.37,28.33,3.0,1.53,12.0,0.7,0.5,0.5,17.5,17.63,17.76,17.63,2.0,0.27,14.0,0.5,0.4,0.6,75.7,76.7,77.8,76.7,2.0,2.2,14.0,0.5,0.6,5.58,7.7,8.38,7.0,3.0,2.14,12.0,0.7,0.5,0.5,-6.71,-5.59,-4.18,-5.45,3.0,1.86,12.0,0.7,0.5,0.5,-5.49,-2.96,-2.74,-4.08,3.0,2.24,12.0,0.7,0.5,0.5,1005.79,1007.5,1009.89,1007.83,3.0,3.01,12.0,0.7,0.5,0.5,2.3,3.0,3.0,2.7,3.0,0.6,12.0,0.7,0.5,0.5,-53.5,-48.7,-26.5,-40.2,3.0,21.1,12.0,0.7,0.5,0.5,-46.0,-20.3,-15.7,-30.6,3.0,23.9,12.0,0.7,0.5,0.5,-1.37,0.0,2.05,0.33,3.0,2.52,12.0,0.7,0.5,0.5,-11.9,0.0,9.4,-1.2,3.0,15.6,12.0,0.7,0.5,0.5,6.49,7.6,8.72,7.6,2.0,2.31,14.0,0.5,0.4,0.6,43.0,44.2,45.4,44.2,2.0,2.5,14.0,0.5,0.4,0.6,-191.5,-167.8,-118.2,-155.2,3.0,54.8,12.0,0.7,0.5,0.5,-161.8,-79.8,-75.7,-117.8,3.0,71.2,12.0,0.7,0.5,0.5,-118.2,-95.2,-72.2,-95.2,2.0,47.7,14.0,0.5,0.4,0.6,-50.8,-49.3,-47.7,-49.3,2.0,3.3,14.0,0.5,0.4,0.6,-41.5,-37.9,-34.2,-37.9,2.0,7.5,14.0,0.5,0.4,0.6,-25.5,-21.5,-17.6,-21.5,2.0,8.2,14.0,0.5,0.4,0.6,211.5,456.5,594.5,404.0,3.0,284.0,12.0,0.7,0.5,0.5,210.0,455.0,595.0,405.0,3.0,285.0,12.0,0.7,0.5,0.5
1974,2,134.0,12.0,27.88,28.05,28.22,28.05,2.0,0.35,22.0,1.0,0.3,0.4,27.59,31.0,31.07,29.37,3.0,2.92,22.0,0.7,0.4,0.6,18.11,19.17,20.24,19.17,2.0,2.21,22.0,1.0,0.3,0.4,63.9,67.8,71.6,67.8,2.0,8.0,22.0,1.0,0.4,7.36,7.7,7.7,7.53,3.0,0.29,22.0,0.7,0.4,0.6,-7.19,-7.09,-6.28,-6.74,3.0,0.73,22.0,0.7,0.4,0.6,-4.21,-2.63,-1.69,-2.94,3.0,1.87,22.0,0.7,0.4,0.6,1007.32,1007.8,1009.3,1008.3,3.0,1.51,22.0,0.7,0.4,0.6,1.3,2.0,4.7,3.0,3.0,2.6,22.0,0.7,0.4,0.6,-54.2,-51.1,-47.2,-50.7,3.0,5.2,22.0,0.7,0.4,0.6,-32.5,-20.3,-12.6,-22.5,3.0,14.7,22.0,0.7,0.4,0.6,-3.2,-3.0,-2.8,-3.0,2.0,0.42,22.0,1.0,0.3,0.4,-23.3,-22.3,-21.3,-22.3,2.0,2.1,22.0,1.0,0.3,0.4,3.86,4.69,5.52,4.69,2.0,1.72,22.0,1.0,0.3,0.4,29.3,34.7,40.0,34.7,2.0,11.2,22.0,1.0,0.3,0.4,-210.2,-188.1,-184.5,-197.2,3.0,20.4,22.0,0.7,0.4,0.6,-126.5,-68.5,-48.3,-86.9,3.0,59.5,22.0,0.7,0.4,0.6,-124.5,-123.6,-122.7,-123.6,2.0,1.8,22.0,1.0,0.3,0.4,-89.8,-62.3,-34.8,-62.3,2.0,57.0,22.0,1.0,0.3,0.4,-38.5,-31.2,-23.9,-31.2,2.0,15.1,22.0,1.0,0.3,0.4,-15.7,-12.3,-8.9,-12.3,2.0,6.9,22.0,1.0,0.3,0.4,399.5,456.5,456.5,429.0,3.0,48.0,22.0,0.7,0.4,0.6,400.0,455.0,455.0,430.0,3.0,50.0,22.0,0.7,0.4,0.6
1974,2,134.0,13.0,26.94,28.05,29.48,28.2,4.0,1.53,18.0,0.3,0.3,0.3,25.33,27.2,27.8,26.58,5.0,1.6,16.0,0.2,0.3,0.4,16.87,17.57,17.61,17.24,3.0,0.61,16.0,0.3,0.3,0.3,72.1,75.2,77.0,74.6,3.0,3.6,16.0,0.3,0.3,6.41,7.95,9.28,7.85,4.0,1.79,18.0,0.3,0.3,0.3,-7.62,-6.09,-5.43,-6.51,4.0,1.44,18.0,0.3,0.3,0.3,-5.13,-3.29,1.64,-1.82,4.0,4.74,18.0,0.3,0.3,0.3,1007.21,1008.5,1009.98,1008.62,5.0,1.68,16.0,0.2,0.3,0.4,1.3,3.0,4.4,2.8,5.0,1.9,16.0,0.2,0.3,0.4,-71.2,-48.8,-34.9,-52.8,4.0,23.2,18.0,0.3,0.3,0.3,-41.4,-22.2,19.9,-11.3,4.0,42.4,18.0,0.3,0.3,0.3,-0.55,0.3,2.57,0.98,4.0,2.1,18.0,0.3,0.3,0.3,-3.9,3.7,19.8,7.8,4.0,15.2,18.0,0.3,0.3,0.3,4.62,5.09,7.44,6.01,3.0,2.21,16.0,0.3,0.3,0.3,32.0,38.3,69.2,50.3,3.0,29.2,16.0,0.3,0.3,0.3,-209.9,-165.1,-146.3,-177.5,4.0,42.3,18.0,0.3,0.3,0.3,-137.2,-87.5,45.6,-47.7,4.0,129.2,18.0,0.3,0.3,0.3,-133.0,-117.1,-101.6,-117.3,3.0,23.0,16.0,0.3,0.3,0.3,-78.0,-34.4,44.4,-17.2,3.0,90.9,16.0,0.3,0.3,0.3,-58.7,-29.4,-27.9,-43.0,3.0,25.5,16.0,0.3,0.3,0.3,-20.0,-9.9,25.4,2.4,3.0,34.9,16.0,0.3,0.3,0.3,274.5,516.0,806.5,539.5,4.0,331.0,18.0,0.3,0.3,0.3,275.0,515.0,805.0,540.0,4.0,330.0,18.0,0.3,0.3,0.3
1974,2,134.0,14.0,26.63,26.7,28.27,27.43,3.0,1.36,14.0,0.3,0.3,0.2,25.89,26.5,28.48,27.17,3.0,1.99,14.0,0.3,0.3,0.2,15.66,15.9,16.68,16.16,3.0,0.78,14.0,0.3,0.3,0.2,64.7,73.6,80.0,72.4,3.0,11.2,14.0,0.3,0.2,5.93,7.7,11.25,8.57,3.0,3.97,14.0,0.3,0.3,0.2,-8.34,-5.02,-4.97,-6.62,3.0,2.83,14.0,0.3,0.3,0.2,-7.53,-5.9,-2.48,-5.03,3.0,3.78,14.0,0.3,0.3,0.2,1008.61,1009.7,1010.59,1009.6,3.0,1.45,14.0,0.3,0.3,0.2,3.3,4.0,6.0,4.7,3.0,2.1,14.0,0.3,0.3,0.2,-99.1,-38.1,-29.6,-63.7,3.0,55.6,14.0,0.3,0.3,0.2,-87.4,-45.4,-17.5,-52.3,3.0,51.6,14.0,0.3,0.3,0.2,-1.53,1.0,2.02,0.27,3.0,2.68,14.0,0.3,0.3,0.2,-12.6,5.1,23.6,5.5,3.0,26.5,14.0,0.3,0.3,0.2,5.33,6.46,8.37,6.84,3.0,2.25,14.0,0.3,0.3,0.2,32.5,49.7,97.3,64.5,3.0,49.1,14.0,0.3,0.3,0.2,-224.9,-145.5,-134.0,-178.7,3.0,72.6,14.0,0.3,0.3,0.2,-205.0,-173.4,-70.5,-138.6,3.0,103.0,14.0,0.3,0.3,0.2,-134.4,-85.6,-79.7,-106.6,3.0,44.0,14.0,0.3,0.3,0.2,-119.1,-91.7,-39.4,-79.6,3.0,59.3,14.0,0.3,0.3,0.2,-72.6,-32.0,-26.6,-49.2,3.0,36.8,14.0,0.3,0.3,0.2,-64.5,-38.1,-15.0,-39.7,3.0,36.3,14.0,0.3,0.3,0.2,235.5,456.5,1610.0,912.0,3.0,1081.5,14.0,0.3,0.3,0.2,235.0,455.0,1610.0,910.0,3.0,1080.0,14.0,0.3,0.3,0.2
1974,2,134.0,15.0,27.16,27.35,28.52,27.72,6.0,0.8,14.0,0.7,0.3,0.3,23.38,26.0,26.99,25.76,7.0,2.01,14.0,0.6,0.3,0.4,15.26,16.84,18.72,16.91,6.0,1.83,14.0,0.7,0.3,0.3,72.3,81.3,87.0,79.8,6.0,9.0,14.0,0.7,0.3,8.05,10.3,14.4,10.94,7.0,3.54,14.0,0.6,0.3,0.4,-11.13,-7.89,-5.13,-8.67,7.0,3.15,14.0,0.6,0.3,0.4,-9.26,-6.62,-2.75,-6.19,7.0,3.16,14.0,0.6,0.3,0.4,1011.99,1013.5,1014.31,1012.97,7.0,1.67,14.0,0.6,0.3,0.4,4.9,7.0,8.0,6.6,7.0,1.9,14.0,0.6,0.3,0.4,-159.9,-81.3,-51.7,-103.0,7.0,62.1,14.0,0.6,0.3,0.4,-133.3,-68.2,-22.3,-74.9,7.0,48.8,14.0,0.6,0.3,0.4,0.46,1.25,2.7,1.5,6.0,2.13,14.0,0.7,0.3,0.3,6.8,15.6,34.6,19.2,6.0,20.1,14.0,0.7,0.3,0.3,4.15,5.93,8.57,6.37,6.0,2.69,14.0,0.7,0.3,0.3,34.7,71.8,112.2,75.6,6.0,48.0,14.0,0.7,0.3,0.3,-299.1,-198.0,-137.2,-224.0,7.0,86.3,14.0,0.6,0.3,0.4,-241.1,-152.3,-71.0,-157.0,7.0,79.3,14.0,0.6,0.3,0.4,-185.5,-147.6,-90.2,-147.3,6.0,58.6,14.0,0.7,0.3,0.3,-143.3,-111.4,-45.9,-98.8,6.0,49.2,14.0,0.7,0.3,0.3,-86.0,-49.2,-32.6,-57.6,6.0,35.4,14.0,0.7,0.3,0.3,-77.2,-43.1,-11.9,-45.8,6.0,37.5,14.0,0.7,0.3,0.3,531.5,1092.5,2986.0,1646.5,7.0,1209.0,14.0,0.6,0.3,0.4,530.0,1095.0,2985.0,1645.0,7.0,1210.0,14.0,0.6,0.3,0.4
1974,2,134.0,16.0,26.08,27.15,27.59,27.08,8.0,1.04,14.0,0.6,0.3,0.4,25.13,25.6,27.81,26.01,9.0,1.8,14.0,0.6,0.3,0.4,13.63,16.43,17.23,15.76,9.0,1.89,14.0,0.6,0.3,0.4,69.6,77.2,81.7,75.1,9.0,7.1,14.0,0.6,0.4,7.83,10.3,14.13,10.63,9.0,3.16,14.0,0.6,0.3,0.4,-11.45,-8.92,-5.85,-8.3,9.0,3.39,14.0,0.6,0.3,0.4,-8.94,-5.15,-3.89,-6.06,9.0,2.62,14.0,0.6,0.3,0.4,1011.69,1013.0,1016.4,1013.48,9.0,3.0,14.0,0.6,0.3,0.4,5.3,6.0,7.7,6.1,9.0,1.8,14.0,0.6,0.3,0.4,-157.9,-91.9,-38.6,-96.0,9.0,59.5,14.0,0.6,0.3,0.4,-121.6,-53.0,-36.8,-70.0,9.0,46.6,14.0,0.6,0.3,0.4,0.51,1.05,1.57,0.66,8.0,1.72,14.0,0.6,0.3,0.4,3.7,11.2,23.9,8.0,8.0,18.9,14.0,0.6,0.3,0.4,4.53,6.4,8.49,6.36,8.0,2.23,14.0,0.6,0.3,0.4,35.7,55.9,124.6,69.9,8.0,40.2,14.0,0.6,0.3,0.4,-299.9,-220.7,-154.3,-215.3,9.0,87.9,14.0,0.6,0.3,0.4,-228.1,-148.8,-91.7,-157.3,9.0,67.7,14.0,0.6,0.3,0.4,-166.5,-129.6,-97.4,-128.8,9.0,53.3,14.0,0.6,0.3,0.4,-132.2,-89.2,-54.4,-94.4,9.0,38.4,14.0,0.6,0.3,0.4,-96.3,-50.3,-26.9,-53.7,8.0,33.9,14.0,0.6,0.3,0.4,-79.4,-34.2,-17.8,-41.8,8.0,27.7,14.0,0.6,0.3,0.4,482.0,1092.5,2829.5,1491.0,9.0,1219.0,14.0,0.6,0.3,0.4,480.0,1095.0,2830.0,1490.0,9.0,1220.0,14.0,0.6,0.3,0.4
1974,2,134.0,17.0,26.06,26.8,27.0,26.48,8.0,1.02,12.0,0.3,0.3,0.4,22.68,24.5,25.0,24.22,9.0,1.36,12.0,0.2,0.3,0.4,13.67,14.96,17.33,15.41,8.0,2.13,12.0,0.3,0.3,0.4,70.8,82.8,88.2,80.3,8.0,7.7,12.0,0.3,0.4,5.8,14.4,15.27,11.19,9.0,4.81,12.0,0.2,0.3,0.4,-13.1,-9.26,-2.98,-8.44,9.0,4.61,12.0,0.2,0.3,0.4,-10.13,-7.2,-3.81,-6.86,9.0,3.13,12.0,0.2,0.3,0.4,1012.13,1014.5,1017.22,1014.49,9.0,3.17,12.0,0.2,0.3,0.4,4.5,8.0,8.0,6.3,9.0,2.7,12.0,0.2,0.3,0.4,-198.4,-133.3,-20.0,-112.5,9.0,83.5,12.0,0.2,0.3,0.4,-148.0,-81.1,-27.2,-86.6,9.0,57.2,12.0,0.2,0.3,0.4,1.71,1.95,2.44,1.98,8.0,0.76,12.0,0.3,0.3,0.4,12.8,27.5,30.6,23.9,8.0,14.5,12.0,0.3,0.3,0.4,4.8,5.99,8.13,6.2,8.0,1.89,12.0,0.3,0.3,0.4,36.2,70.8,121.2,72.8,8.0,40.6,12.0,0.3,0.3,0.4,-327.6,-206.4,-73.1,-203.4,9.0,113.7,12.0,0.2,0.3,0.4,-231.6,-175.8,-94.7,-163.7,9.0,70.8,12.0,0.2,0.3,0.4,-213.8,-128.9,-47.1,-129.5,8.0,77.4,12.0,0.3,0.3,0.4,-148.0,-100.6,-57.4,-101.3,8.0,42.6,12.0,0.3,0.3,0.4,-81.4,-53.2,-21.2,-53.7,8.0,35.0,12.0,0.3,0.3,0.4,-62.2,-45.1,-22.2,-45.5,8.0,28.6,12.0,0.3,0.3,0.4,220.0,2986.0,3559.5,2033.0,9.0,1568.5,12.0,0.2,0.3,0.4,220.0,2985.0,3560.0,2035.0,9.0,1570.0,12.0,0.2,0.3,0.4
1974,2,134.0,18.0,24.0,24.35,25.47,24.9,8.0,1.55,14.0,0.4,0.4,0.5,23.8,24.0,26.97,24.85,8.0,1.96,14.0,0.4,0.4,0.5,12.86,14.88,16.42,14.78,8.0,1.93,14.0,0.4,0.4,0.5,71.5,74.1,79.7,75.3,8.0,4.9,14.0,0.4,0.5,3.71,9.5,14.34,8.86,8.0,6.13,14.0,0.4,0.4,0.5,-12.6,-5.9,-0.65,-6.22,8.0,5.66,14.0,0.4,0.4,0.5,-10.05,-4.89,0.0,-4.33,8.0,5.44,14.0,0.4,0.4,0.5,1010.67,1014.05,1017.39,1014.15,8.0,3.41,14.0,0.4,0.4,0.5,3.0,4.5,8.0,5.0,8.0,2.7,14.0,0.4,0.4,0.5,-175.2,-62.4,-2.5,-82.5,8.0,88.5,14.0,0.4,0.4,0.5,-140.6,-45.8,0.0,-61.0,8.0,71.9,14.0,0.4,0.4,0.5,-0.98,0.25,1.4,0.05,8.0,1.78,14.0,0.4,0.4,0.5,-3.5,0.0,7.7,3.2,8.0,14.5,14.0,0.4,0.4,0.5,2.94,4.81,6.92,4.93,8.0,2.23,14.0,0.4,0.4,0.5,10.0,35.9,83.6,42.6,8.0,37.5,14.0,0.4,0.4,0.5,-302.3,-142.4,-17.2,-149.5,8.0,134.7,14.0,0.4,0.4,0.5,-239.3,-116.8,0.0,-99.1,8.0,127.1,14.0,0.4,0.4,0.5,-176.9,-81.0,-11.1,-88.7,8.0,83.4,14.0,0.4,0.4,0.5,-129.8,-68.2,0.0,-55.2,8.0,72.0,14.0,0.4,0.4,0.5,-54.9,-26.1,-2.2,-27.8,8.0,25.9,14.0,0.4,0.4,0.5,-61.7,-18.2,0.0,-25.7,8.0,34.2,14.0,0.4,0.4,0.5,52.5,1409.0,2952.5,1536.0,8.0,1596.5,14.0,0.4,0.4,0.5,50.0,1410.0,2955.0,1535.0,8.0,1595.0,14.0,0.4,0.4,0.5
1974,2,134.0,19.0,24.32,25.25,26.1,25.23,6.0,0.95,14.0,0.7,0.6,0.3,22.98,24.0,25.21,24.15,6.0,1.23,14.0,0.7,0.6,0.3,10.52,12.82,16.03,13.21,5.0,2.81,14.0,0.8,0.5,0.4,60.9,61.4,85.1,70.9,5.0,13.6,14.0,0.8,0.4,7.35,10.3,11.9,9.5,6.0,3.01,14.0,0.7,0.6,0.3,-8.41,-6.02,-3.93,-6.23,6.0,2.35,14.0,0.7,0.6,0.3,-10.31,-6.6,-1.28,-6.03,6.0,4.65,14.0,0.7,0.6,0.3,1015.8,1016.75,1018.2,1016.87,6.0,2.14,14.0,0.7,0.6,0.3,2.9,6.0,6.0,4.6,5.0,2.2,14.0,0.8,0.5,0.4,-80.6,-67.9,-32.2,-60.7,6.0,29.7,14.0,0.7,0.6,0.3,-122.7,-68.0,-9.9,-67.0,6.0,56.8,14.0,0.7,0.6,0.3,0.29,1.5,1.6,1.08,6.0,0.92,14.0,0.7,0.6,0.3,3.0,9.2,19.5,10.1,6.0,10.3,14.0,0.7,0.6,0.3,4.27,7.56,8.7,6.61,5.0,2.64,14.0,0.8,0.5,0.4,37.1,77.8,105.3,72.0,5.0,35.8,14.0,0.8,0.5,0.4,-207.2,-138.3,-97.4,-149.4,6.0,54.8,14.0,0.7,0.6,0.3,-245.5,-158.9,-31.8,-144.4,6.0,110.8,14.0,0.7,0.6,0.3,-140.0,-64.8,-55.8,-91.5,5.0,48.0,14.0,0.8,0.5,0.4,-116.5,-107.4,-43.9,-84.5,5.0,43.1,14.0,0.8,0.5,0.4,-52.7,-41.6,-26.6,-40.1,5.0,13.2,14.0,0.8,0.5,0.4,-91.2,-73.1,-8.8,-54.7,5.0,42.9,14.0,0.8,0.5,0.4,451.5,1092.5,1688.0,1051.5,6.0,667.0,14.0,0.7,0.6,0.3,450.0,1095.0,1690.0,1050.0,6.0,665.0,14.0,0.7,0.6,0.3
1974,2,134.0,20.0,23.95,24.1,24.63,24.17,7.0,0.69,10.0,0.6,0.3,0.4,20.52,22.0,26.02,22.7,7.0,2.75,10.0,0.6,0.3,0.4,9.38,11.79,15.89,12.54,6.0,3.53,10.0,0.5,0.3,0.4,64.7,76.3,84.0,74.5,6.0,11.2,10.0,0.5,0.4,5.08,8.2,11.82,8.34,7.0,3.45,10.0,0.6,0.3,0.4,-5.08,-4.04,-2.5,-3.34,7.0,3.21,10.0,0.6,0.3,0.4,-10.67,-7.71,-0.7,-5.55,7.0,5.82,10.0,0.6,0.3,0.4,1012.53,1014.6,1019.08,1015.77,7.0,3.5,10.0,0.6,0.3,0.4,2.9,5.0,7.0,4.9,7.0,2.4,10.0,0.6,0.3,0.4,-49.0,-25.6,-21.1,-32.1,7.0,28.2,10.0,0.6,0.3,0.4,-130.9,-63.2,-3.7,-62.9,7.0,64.8,10.0,0.6,0.3,0.4,-1.14,2.0,3.67,1.47,7.0,2.69,10.0,0.6,0.3,0.4,-5.8,23.6,40.7,18.3,7.0,23.4,10.0,0.6,0.3,0.4,1.84,6.88,9.36,6.01,6.0,3.86,10.0,0.5,0.3,0.4,9.3,67.0,104.3,61.9,6.0,47.2,10.0,0.5,0.3,0.4,-131.7,-88.8,-46.4,-73.2,7.0,78.3,10.0,0.6,0.3,0.4,-228.7,-146.4,-16.1,-114.9,7.0,126.0,10.0,0.6,0.3,0.4,-61.0,-46.7,-8.2,-32.1,6.0,49.2,10.0,0.5,0.3,0.4,-114.9,-85.4,-0.2,-64.9,6.0,72.9,10.0,0.5,0.3,0.4,-39.6,-22.9,-7.3,-24.6,6.0,22.2,10.0,0.5,0.3,0.4,-96.1,-63.0,-0.8,-54.0,6.0,45.9,10.0,0.5,0.3,0.4,131.0,551.5,1653.5,837.5,7.0,784.0,10.0,0.6,0.3,0.4,130.0,550.0,1655.0,835.0,7.0,785.0,10.0,0.6,0.3,0.4
1974,2,134.0,21.0,23.66,24.5,25.29,24.43,10.0,0.87,14.0,0.3,0.2,0.5,19.45,21.0,23.68,21.59,13.0,2.1,14.0,0.3,0.2,0.5,8.3,10.87,15.58,11.76,12.0,3.6,14.0,0.3,0.2,0.5,58.4,71.3,85.7,72.4,12.0,13.8,14.0,0.3,0.5,4.36,6.7,9.4,6.49,13.0,2.79,14.0,0.3,0.2,0.5,-5.1,-0.72,1.03,-1.05,13.0,3.23,14.0,0.3,0.2,0.5,-8.96,-4.31,0.19,-3.79,13.0,5.12,14.0,0.3,0.2,0.5,1011.83,1015.5,1018.81,1015.25,13.0,3.67,14.0,0.3,0.2,0.5,1.9,6.0,8.0,4.9,13.0,2.9,14.0,0.3,0.2,0.5,-26.8,-1.5,3.4,-8.3,13.0,21.4,14.0,0.3,0.2,0.5,-87.0,-28.9,0.4,-34.1,13.0,47.5,14.0,0.3,0.2,0.5,-0.19,2.25,5.03,2.5,10.0,2.51,14.0,0.3,0.2,0.5,0.5,11.1,46.9,19.4,10.0,22.0,14.0,0.3,0.2,0.5,2.49,5.61,10.94,6.65,10.0,3.91,14.0,0.3,0.2,0.5,11.6,27.4,92.3,48.1,10.0,44.4,14.0,0.3,0.2,0.5,-98.3,-17.0,23.9,-20.1,13.0,71.2,14.0,0.3,0.2,0.5,-171.1,-86.1,4.2,-74.3,13.0,107.5,14.0,0.3,0.2,0.5,-44.1,-4.7,24.3,-3.3,12.0,38.1,14.0,0.3,0.2,0.5,-80.5,-47.8,8.2,-33.1,12.0,59.5,14.0,0.3,0.2,0.5,-17.8,0.0,6.8,-5.4,10.0,21.0,14.0,0.3,0.2,0.5,-92.3,-14.7,2.7,-37.4,10.0,50.1,14.0,0.3,0.2,0.5,89.0,301.0,832.0,414.5,13.0,439.5,14.0,0.3,0.2,0.5,90.0,300.0,830.0,415.0,13.0,440.0,14.0,0.3,0.2,0.5
1974,2,134.0,22.0,23.59,24.1,25.0,24.07,11.0,0.91,18.0,0.4,0.5,0.5,19.0,20.8,23.55,21.35,13.0,2.11,16.0,0.3,0.5,0.5,8.92,12.06,15.44,12.15,12.0,3.12,18.0,0.3,0.5,0.5,64.6,80.3,87.0,77.1,12.0,13.0,18.0,0.3,0.5,4.1,7.2,12.0,7.75,13.0,4.29,16.0,0.3,0.5,0.5,-8.03,-2.64,0.15,-3.45,13.0,4.67,16.0,0.3,0.5,0.5,-7.18,-4.93,0.2,-4.21,13.0,5.43,16.0,0.3,0.5,0.5,1012.9,1017.1,1019.55,1016.25,13.0,3.37,16.0,0.3,0.5,0.5,1.0,3.5,7.3,3.9,12.0,2.8,18.0,0.3,0.5,0.5,-83.2,-17.7,0.7,-40.7,13.0,58.5,16.0,0.3,0.5,0.5,-76.6,-38.4,0.8,-44.0,13.0,62.7,16.0,0.3,0.5,0.5,0.8,3.1,5.0,2.91,11.0,2.03,18.0,0.4,0.5,0.5,3.6,19.2,57.0,27.1,11.0,26.1,18.0,0.4,0.5,0.5,3.69,6.84,10.12,6.55,11.0,3.04,18.0,0.4,0.5,0.5,14.4,65.4,93.7,53.8,11.0,41.3,18.0,0.4,0.5,0.5,-153.5,-60.6,3.0,-70.1,13.0,96.2,16.0,0.3,0.5,0.5,-146.2,-102.4,4.6,-80.6,13.0,115.3,16.0,0.3,0.5,0.5,-94.7,-31.4,5.0,-39.1,12.0,60.5,18.0,0.3,0.5,0.5,-83.5,-54.4,7.9,-39.5,12.0,72.2,18.0,0.3,0.5,0.5,-45.5,-8.7,3.2,-19.6,11.0,27.9,18.0,0.4,0.5,0.5,-85.7,-40.5,4.0,-40.4,11.0,43.5,18.0,0.4,0.5,0.5,69.0,373.0,1742.5,861.5,13.0,1020.5,16.0,0.3,0.5,0.5,70.0,375.0,1745.0,860.0,13.0,1020.0,16.0,0.3,0.5,0.5
1974,2,134.0,23.0,21.0,22.4,23.19,22.27,16.0,1.21,12.0,0.6,0.4,0.3,18.01,20.75,22.98,20.63,20.0,2.58,12.0,0.6,0.4,0.3,8.44,12.43,14.23,11.52,17.0,2.95,14.0,0.6,0.4,0.3,63.7,76.3,86.7,75.9,17.0,13.8,14.0,0.6,0.3,4.61,6.2,10.27,7.47,20.0,4.57,12.0,0.6,0.4,0.3,-4.77,1.25,6.18,0.93,20.0,4.52,12.0,0.6,0.4,0.3,-7.7,-4.95,0.0,-4.65,20.0,5.96,12.0,0.6,0.4,0.3,1011.02,1015.6,1017.99,1015.03,20.0,3.94,12.0,0.6,0.4,0.3,2.0,6.0,8.0,4.9,20.0,2.7,12.0,0.6,0.4,0.3,-24.3,8.9,38.2,10.6,20.0,53.3,12.0,0.6,0.4,0.3,-63.0,-25.2,0.0,-50.9,20.0,103.0,12.0,0.6,0.4,0.3,-0.5,1.55,4.49,1.8,16.0,2.35,12.0,0.6,0.4,0.3,-2.4,7.9,32.6,17.3,16.0,31.5,12.0,0.6,0.4,0.3,2.73,4.99,8.96,5.39,16.0,3.29,12.0,0.6,0.4,0.3,12.9,32.3,78.0,47.1,16.0,49.9,12.0,0.6,0.4,0.3,-96.0,23.4,119.6,20.7,20.0,97.5,12.0,0.6,0.4,0.3,-157.7,-102.4,0.0,-86.1,20.0,114.5,12.0,0.6,0.4,0.3,-33.8,10.8,77.4,21.1,17.0,54.8,14.0,0.6,0.4,0.3,-97.6,-58.1,0.0,-46.4,17.0,66.1,14.0,0.6,0.4,0.3,-30.6,4.6,21.2,-3.0,16.0,28.8,12.0,0.6,0.4,0.3,-66.3,-23.7,3.6,-35.1,16.0,52.0,12.0,0.6,0.4,0.3,98.0,238.5,1084.5,994.5,20.0,1977.5,12.0,0.6,0.4,0.3,100.0,240.0,1085.0,995.0,20.0,1980.0,12.0,0.6,0.4,0.3
1974,2,134.0,24.0,20.12,22.0,23.3,21.62,11.0,1.62,10.0,0.5,0.5,0.4,16.22,18.75,21.87,18.54,14.0,2.29,12.0,0.6,0.5,0.4,7.87,8.78,11.86,9.51,13.0,2.03,12.0,0.6,0.5,0.4,62.3,71.9,80.3,72.4,13.0,9.9,12.0,0.6,0.4,5.1,7.45,12.4,8.79,14.0,4.42,12.0,0.6,0.5,0.4,-8.73,1.28,4.58,-0.45,14.0,6.46,12.0,0.6,0.5,0.4,-7.92,-5.09,-3.44,-6.32,14.0,4.2,12.0,0.6,0.5,0.4,1013.03,1016.95,1018.66,1016.54,14.0,3.97,12.0,0.6,0.5,0.4,3.1,6.5,7.9,5.8,14.0,2.1,12.0,0.6,0.5,0.4,-87.4,6.7,50.6,-5.3,14.0,79.5,12.0,0.6,0.5,0.4,-103.4,-43.4,-24.5,-69.7,14.0,82.8,12.0,0.6,0.5,0.4,0.29,4.4,5.98,3.56,11.0,2.84,10.0,0.5,0.5,0.4,1.7,28.8,68.2,33.7,11.0,30.7,10.0,0.5,0.5,0.4,4.01,6.75,8.89,6.64,11.0,2.58,10.0,0.5,0.5,0.4,16.5,43.9,101.5,60.4,11.0,40.7,10.0,0.5,0.5,0.4,-167.0,22.4,86.2,-16.6,14.0,123.5,12.0,0.6,0.5,0.4,-143.0,-109.7,-74.1,-112.9,14.0,67.6,12.0,0.6,0.5,0.4,-70.8,11.9,50.5,1.3,13.0,56.0,12.0,0.6,0.5,0.4,-70.4,-58.4,-32.2,-57.8,13.0,32.8,12.0,0.6,0.5,0.4,-20.2,8.8,38.8,6.8,11.0,40.9,10.0,0.5,0.5,0.4,-83.3,-41.2,-14.3,-49.5,11.0,35.5,10.0,0.5,0.5,0.4,132.5,415.0,1906.5,1209.5,14.0,1719.5,12.0,0.6,0.5,0.4,135.0,415.0,1905.0,1210.0,14.0,1720.0,12.0,0.6,0.5,0.4
1974,2,134.0,25.0,20.43,21.45,23.0,21.64,10.0,1.51,10.0,0.5,0.3,0.4,15.37,17.85,19.53,17.82,10.0,2.49,10.0,0.5,0.3,0.4,7.57,9.52,10.39,9.42,10.0,2.01,10.0,0.5,0.3,0.4,59.2,76.6,87.4,74.7,10.0,14.1,10.0,0.5,0.4,5.13,8.2,13.9,8.98,11.0,4.25,10.0,0.5,0.3,0.4,-3.66,3.35,5.73,0.94,11.0,7.09,10.0,0.5,0.3,0.4,-9.14,-5.98,0.35,-4.75,11.0,5.55,10.0,0.5,0.3,0.4,1016.39,1017.5,1019.67,1018.1,10.0,2.05,10.0,0.5,0.3,0.4,4.6,5.0,7.4,5.5,11.0,1.8,10.0,0.5,0.3,0.4,-58.6,13.1,66.2,-3.8,11.0,94.8,10.0,0.5,0.3,0.4,-119.3,-51.1,12.3,-50.9,11.0,68.3,10.0,0.5,0.3,0.4,1.72,4.0,5.88,3.8,9.0,2.86,10.0,0.4,0.3,0.4,6.1,31.2,68.9,33.3,9.0,30.3,10.0,0.4,0.3,0.4,5.09,6.86,8.64,6.86,9.0,1.72,10.0,0.4,0.3,0.4,22.9,55.3,79.3,56.7,9.0,36.3,10.0,0.4,0.3,0.4,-92.8,48.6,94.6,7.6,10.0,126.7,10.0,0.5,0.3,0.4,-142.6,-88.7,16.7,-62.0,10.0,93.5,10.0,0.5,0.3,0.4,-56.9,24.0,42.2,2.7,10.0,66.7,10.0,0.5,0.3,0.4,-91.1,-43.7,7.5,-36.8,10.0,50.4,10.0,0.5,0.3,0.4,7.7,14.7,45.9,9.1,9.0,54.4,10.0,0.4,0.3,0.4,-57.9,-35.0,15.1,-24.0,9.0,35.2,10.0,0.4,0.3,0.4,159.0,551.5,2685.5,1170.0,11.0,1225.0,10.0,0.5,0.3,0.4,160.0,550.0,2685.0,1170.0,11.0,1225.0,10.0,0.5,0.3,0.4
1974,2,134.0,26.0,19.32,20.0,20.18,19.74,5.0,0.84,10.0,1.0,0.4,0.5,14.05,15.0,15.14,14.63,7.0,0.96,10.0,0.7,0.4,0.5,5.3,5.37,6.89,6.22,6.0,1.93,10.0,0.8,0.4,0.5,50.3,52.5,67.4,59.3,6.0,15.8,10.0,0.8,0.5,6.62,7.2,10.4,8.31,7.0,2.48,10.0,0.7,0.4,0.5,2.57,4.31,6.24,2.79,7.0,5.54,10.0,0.7,0.4,0.5,-8.75,-5.13,-3.58,-5.89,7.0,2.57,10.0,0.7,0.4,0.5,1016.64,1018.9,1019.54,1018.69,7.0,3.26,10.0,0.7,0.4,0.5,3.0,6.0,7.0,5.1,7.0,2.2,10.0,0.7,0.4,0.5,13.3,29.6,45.3,14.8,7.0,59.6,10.0,0.7,0.4,0.5,-92.2,-34.4,-25.5,-53.6,7.0,35.4,10.0,0.7,0.4,0.5,4.64,5.0,5.57,5.06,5.0,0.59,10.0,1.0,0.4,0.5,29.4,32.8,43.0,35.7,5.0,7.8,10.0,1.0,0.4,0.5,8.22,9.09,9.38,8.78,5.0,1.12,10.0,1.0,0.4,0.5,50.0,61.1,72.0,62.0,5.0,14.2,10.0,1.0,0.4,0.5,38.2,65.0,87.9,37.5,7.0,84.9,10.0,0.7,0.4,0.5,-127.7,-77.5,-50.7,-86.2,7.0,37.7,10.0,0.7,0.4,0.5,-6.3,21.5,34.3,5.9,6.0,50.6,10.0,0.8,0.4,0.5,-53.8,-24.7,-18.8,-35.5,6.0,24.6,10.0,0.8,0.4,0.5,35.0,39.2,47.7,41.1,5.0,9.8,10.0,1.0,0.4,0.5,-58.7,-32.4,-29.5,-43.1,5.0,21.8,10.0,1.0,0.4,0.5,292.5,373.0,1131.5,712.0,7.0,621.0,10.0,0.7,0.4,0.5,295.0,375.0,1130.0,710.0,7.0,620.0,10.0,0.7,0.4,0.5
1974,2,134.0,27.0,18.27,20.0,20.61,19.61,10.0,1.14,16.0,0.6,0.4,0.3,12.87,14.05,15.8,14.2,12.0,1.38,14.0,0.6,0.4,0.3,5.68,7.19,8.16,7.09,12.0,1.3,14.0,0.6,0.4,0.3,61.0,71.3,81.5,71.1,12.0,12.8,14.0,0.6,0.3,8.07,8.7,10.43,9.17,12.0,1.51,14.0,0.6,0.4,0.3,-3.41,3.37,7.14,1.89,12.0,5.7,14.0,0.6,0.4,0.3,-8.57,-7.11,-5.58,-6.97,12.0,2.15,14.0,0.6,0.4,0.3,1017.8,1019.5,1023.2,1019.86,12.0,4.1,14.0,0.6,0.4,0.3,4.0,6.0,7.3,5.8,12.0,1.6,14.0,0.6,0.4,0.3,-32.8,26.9,66.2,15.7,12.0,57.4,14.0,0.6,0.4,0.3,-78.3,-62.2,-45.6,-65.0,12.0,28.0,14.0,0.6,0.4,0.3,2.6,6.8,7.16,5.58,10.0,2.22,16.0,0.6,0.4,0.3,25.7,54.8,66.3,49.3,10.0,19.5,16.0,0.6,0.4,0.3,5.54,7.0,8.1,7.02,10.0,1.45,16.0,0.6,0.4,0.3,48.2,60.4,78.5,62.7,10.0,14.8,16.0,0.6,0.4,0.3,-50.9,43.7,102.1,22.5,12.0,81.3,14.0,0.6,0.4,0.3,-135.4,-95.3,-77.5,-100.7,12.0,38.0,14.0,0.6,0.4,0.3,-28.2,23.7,40.5,9.8,12.0,41.3,14.0,0.6,0.4,0.3,-61.3,-53.8,-32.0,-50.7,12.0,20.3,14.0,0.6,0.4,0.3,-13.8,20.2,62.2,19.1,10.0,42.6,16.0,0.6,0.4,0.3,-51.1,-48.0,-32.7,-44.9,10.0,11.1,16.0,0.6,0.4,0.3,527.5,658.5,1135.0,830.0,12.0,439.0,14.0,0.6,0.4,0.3,525.0,660.0,1135.0,830.0,12.0,440.0,14.0,0.6,0.4,0.3
1974,2,134.0,28.0,17.66,18.8,20.71,19.06,11.0,1.48,14.0,0.3,0.4,0.4,12.66,14.0,16.58,14.22,11.0,1.89,14.0,0.3,0.4,0.4,4.58,5.21,8.46,6.06,11.0,1.78,14.0,0.3,0.4,0.4,48.0,57.6,72.1,59.6,11.0,10.7,14.0,0.3,0.4,7.29,9.3,13.31,10.02,11.0,2.91,14.0,0.3,0.4,0.4,-4.88,2.5,8.1,1.7,11.0,6.29,14.0,0.3,0.4,0.4,-10.2,-7.1,0.81,-5.65,11.0,6.41,14.0,0.3,0.4,0.4,1014.98,1019.35,1022.9,1018.63,12.0,4.38,14.0,0.3,0.4,0.4,2.6,4.0,6.8,4.5,11.0,2.4,14.0,0.3,0.4,0.4,-42.7,36.0,102.2,27.9,11.0,66.9,14.0,0.3,0.4,0.4,-136.0,-58.2,6.2,-66.9,11.0,79.7,14.0,0.3,0.4,0.4,2.9,4.5,7.05,4.85,11.0,2.03,14.0,0.3,0.4,0.4,19.4,41.9,81.3,52.6,11.0,32.1,14.0,0.3,0.4,0.4,6.78,7.36,8.72,7.62,11.0,1.43,14.0,0.3,0.4,0.4,48.9,64.2,113.4,78.5,11.0,32.4,14.0,0.3,0.4,0.4,-76.4,32.0,108.7,16.9,11.0,91.5,14.0,0.3,0.4,0.4,-131.3,-99.4,12.5,-70.9,11.0,89.7,14.0,0.3,0.4,0.4,-36.3,11.7,48.9,6.2,11.0,42.6,14.0,0.3,0.4,0.4,-58.3,-34.2,6.2,-25.8,11.0,40.0,14.0,0.3,0.4,0.4,-31.9,20.7,68.8,18.7,11.0,47.6,14.0,0.3,0.4,0.4,-86.9,-51.2,6.9,-47.8,11.0,51.5,14.0,0.3,0.4,0.4,392.0,804.5,2369.5,1244.5,11.0,1004.0,14.0,0.3,0.4,0.4,390.0,805.0,2370.0,1245.0,11.0,1005.0,14.0,0.3,0.4,0.4
1974,2,134.0,29.0,18.0,18.8,19.64,19.03,7.0,0.91,14.0,0.9,0.4,0.5,11.74,17.0,18.89,15.56,8.0,4.77,16.0,0.9,0.3,0.5,4.72,8.17,11.01,8.15,8.0,3.05,16.0,0.9,0.3,0.5,64.4,74.9,79.0,71.2,8.0,11.3,16.0,0.9,0.5,5.87,8.75,14.45,9.45,8.0,4.1,16.0,0.9,0.3,0.5,-4.65,4.82,6.92,2.45,8.0,6.67,16.0,0.9,0.3,0.5,-8.92,-0.9,7.63,-1.29,8.0,8.1,16.0,0.9,0.3,0.5,1012.87,1017.65,1020.83,1017.25,8.0,3.8,16.0,0.9,0.3,0.5,4.0,5.0,5.9,4.8,8.0,2.0,16.0,0.9,0.3,0.5,-43.9,36.8,80.4,35.3,8.0,75.6,16.0,0.9,0.3,0.5,-129.2,-1.3,75.9,-24.8,8.0,107.6,16.0,0.9,0.3,0.5,-0.07,1.0,5.96,2.24,7.0,3.2,14.0,0.9,0.4,0.5,-0.8,9.8,89.0,30.4,7.0,48.7,14.0,0.9,0.4,0.5,2.93,3.98,6.92,4.98,7.0,2.51,14.0,0.9,0.4,0.5,21.4,35.1,106.4,55.2,7.0,46.5,14.0,0.9,0.4,0.5,-79.6,45.8,143.7,29.6,8.0,109.5,16.0,0.9,0.3,0.5,-116.5,-0.8,132.9,1.9,8.0,121.8,16.0,0.9,0.3,0.5,-43.3,27.2,51.3,13.1,8.0,54.5,16.0,0.9,0.3,0.5,-40.9,-2.4,71.4,3.4,8.0,65.9,16.0,0.9,0.3,0.5,-18.2,14.0,46.2,20.2,7.0,45.7,14.0,0.9,0.4,0.5,-87.5,5.3,17.4,-18.1,7.0,52.5,14.0,0.9,0.4,0.5,206.0,699.0,3081.0,1280.5,8.0,1415.5,16.0,0.9,0.3,0.5,205.0,700.0,3080.0,1280.0,8.0,1415.0,16.0,0.9,0.3,0.5
1974,2,134.0,30.0,18.11,19.0,20.47,19.16,14.0,1.31,14.0,0.4,0.3,0.4,10.3,13.75,17.5,13.97,16.0,3.27,14.0,0.4,0.3,0.4,5.26,6.67,9.93,7.37,15.0,2.28,16.0,0.3,0.3,0.4,59.8,74.2,82.5,72.5,15.0,12.4,16.0,0.3,0.4,4.59,9.3,13.29,9.23,16.0,4.57,14.0,0.4,0.3,0.4,-4.72,5.43,9.56,4.04,16.0,7.58,14.0,0.4,0.3,0.4,-7.42,-2.06,0.0,-3.28,16.0,5.04,14.0,0.4,0.3,0.4,1011.31,1017.0,1022.43,1016.67,16.0,5.97,14.0,0.4,0.3,0.4,2.0,7.0,8.0,5.7,15.0,2.8,16.0,0.4,0.3,0.5,-25.8,64.9,96.4,60.4,16.0,105.0,14.0,0.4,0.3,0.4,-72.4,-11.5,0.0,-38.9,16.0,68.9,14.0,0.4,0.3,0.4,2.0,4.95,8.92,5.24,14.0,3.12,14.0,0.4,0.3,0.4,14.0,35.1,94.6,55.7,14.0,47.8,14.0,0.4,0.3,0.4,4.25,6.41,7.97,6.33,14.0,1.9,14.0,0.4,0.3,0.4,29.0,43.0,110.0,64.8,14.0,41.2,14.0,0.4,0.3,0.4,-64.2,86.1,139.1,50.8,16.0,100.5,14.0,0.4,0.3,0.4,-112.2,-24.7,0.0,-37.1,16.0,62.7,14.0,0.4,0.3,0.4,-21.9,44.1,81.2,32.0,15.0,52.7,16.0,0.3,0.3,0.4,-54.9,-13.0,0.0,-18.5,15.0,34.1,16.0,0.3,0.3,0.4,-13.2,36.4,75.5,35.7,14.0,49.9,14.0,0.4,0.3,0.4,-48.2,-15.7,0.0,-26.6,14.0,39.8,14.0,0.4,0.3,0.4,119.5,804.5,2372.0,1371.5,16.0,1900.0,14.0,0.4,0.3,0.4,120.0,805.0,2370.0,1370.0,16.0,1900.0,14.0,0.4,0.3,0.4
1974,2,134.0,31.0,16.7,18.6,21.0,18.68,22.0,2.33,16.0,0.3,0.4,0.4,9.71,14.0,16.94,13.48,28.0,3.9,16.0,0.4,0.5,0.4,4.69,5.89,9.8,6.73,19.0,2.37,16.0,0.3,0.4,0.4,51.1,72.3,81.2,69.7,19.0,14.8,16.0,0.3,0.4,4.1,7.2,10.58,7.06,29.0,3.33,14.0,0.4,0.4,0.4,-3.35,0.0,4.34,0.39,29.0,3.75,14.0,0.4,0.4,0.4,-7.1,-3.55,5.41,-1.67,29.0,6.75,14.0,0.4,0.4,0.4,1010.71,1018.55,1023.6,1017.51,28.0,6.4,14.0,0.4,0.4,0.4,1.1,5.0,8.0,4.6,27.0,2.8,16.0,0.4,0.4,0.4,-20.7,0.0,31.5,3.5,29.0,32.1,14.0,0.4,0.4,0.4,-58.8,-12.8,41.5,-10.5,29.0,70.9,14.0,0.4,0.4,0.4,1.49,5.0,9.58,5.4,21.0,4.08,16.0,0.3,0.4,0.4,5.1,35.4,62.4,35.8,21.0,30.5,16.0,0.3,0.4,0.4,4.08,6.96,8.11,6.45,17.0,2.08,18.0,0.3,0.5,0.3,14.1,33.5,63.4,38.4,17.0,23.4,18.0,0.3,0.5,0.3,-38.4,0.0,66.9,6.4,28.0,53.9,16.0,0.4,0.5,0.4,-80.0,-44.5,55.8,-14.1,28.0,87.8,16.0,0.4,0.5,0.4,-17.0,0.0,33.1,6.4,19.0,23.3,16.0,0.3,0.4,0.4,-45.4,-18.5,16.6,-8.3,19.0,47.8,16.0,0.3,0.4,0.4,-17.2,0.0,21.7,3.3,17.0,23.0,18.0,0.3,0.5,0.3,-55.0,-15.1,20.3,-16.8,17.0,35.6,18.0,0.3,0.5,0.3,69.0,373.0,1185.5,580.0,29.0,635.0,14.0,0.4,0.4,0.4,70.0,375.0,1185.0,580.0,29.0,635.0,14.0,0.4,0.4,0.4
1974,2,134.0,32.0,16.63,19.15,20.0,18.6,10.0,1.75,12.0,0.5,0.5,0.6,10.62,13.9,16.71,13.33,13.0,3.5,14.0,0.5,0.5,0.6,6.76,8.76,11.38,8.88,7.0,2.18,10.0,0.6,0.5,0.5,69.2,88.3,90.1,81.5,7.0,11.6,10.0,0.6,0.5,2.85,8.2,13.12,8.45,12.0,5.38,12.0,0.6,0.5,0.6,-1.67,0.94,4.63,0.76,12.0,6.73,12.0,0.6,0.5,0.6,-11.06,-1.98,6.74,-1.29,12.0,7.69,12.0,0.6,0.5,0.6,1011.13,1013.95,1024.18,1015.78,12.0,6.49,12.0,0.5,0.5,0.5,2.7,7.0,8.0,5.4,13.0,3.0,14.0,0.5,0.5,0.6,-8.5,6.5,29.0,5.5,12.0,109.6,12.0,0.6,0.5,0.6,-125.1,-5.2,74.5,-14.3,12.0,95.6,12.0,0.6,0.5,0.6,1.39,3.0,6.84,3.87,10.0,2.76,12.0,0.5,0.5,0.6,7.3,17.1,94.1,37.8,10.0,41.7,12.0,0.5,0.5,0.6,2.0,4.74,5.89,4.1,7.0,1.92,10.0,0.6,0.5,0.5,12.2,19.4,33.4,29.6,7.0,31.8,10.0,0.6,0.5,0.5,-25.8,11.3,70.0,4.7,12.0,83.1,12.0,0.6,0.5,0.6,-91.2,-28.7,121.9,-0.9,12.0,104.5,12.0,0.6,0.5,0.6,-20.5,21.3,31.6,-3.3,7.0,65.4,10.0,0.6,0.5,0.5,-18.4,-12.2,77.6,23.1,7.0,59.7,10.0,0.6,0.5,0.5,-15.2,3.4,13.8,-8.9,7.0,39.5,10.0,0.6,0.5,0.5,-11.8,-8.9,19.8,3.5,7.0,19.3,10.0,0.6,0.5,0.5,24.5,551.5,2474.5,1326.5,12.0,1869.5,12.0,0.6,0.5,0.6,25.0,550.0,2475.0,1325.0,12.0,1870.0,12.0,0.6,0.5,0.6
1974,2,134.0,33.0,13.05,18.1,20.27,17.16,8.0,3.58,16.0,0.6,0.5,0.4,6.47,8.5,10.79,8.84,10.0,3.04,18.0,0.5,0.5,0.4,3.43,4.97,7.01,5.28,5.0,2.37,20.0,0.6,0.4,0.4,52.6,64.1,76.5,64.6,5.0,14.4,20.0,0.6,0.4,6.43,10.15,13.51,10.21,10.0,5.21,18.0,0.5,0.5,0.4,-6.62,-5.37,1.75,-3.53,10.0,4.47,18.0,0.5,0.5,0.4,-12.03,-8.54,-3.72,-8.53,10.0,5.32,18.0,0.5,0.5,0.4,1008.58,1016.1,1025.7,1016.95,10.0,8.42,18.0,0.5,0.5,0.4,0.3,6.0,8.0,5.0,9.0,3.6,16.0,0.6,0.4,0.4,-94.5,-53.6,12.5,-46.6,10.0,56.1,18.0,0.5,0.5,0.4,-159.9,-90.0,-25.9,-111.6,10.0,110.1,18.0,0.5,0.5,0.4,3.28,9.65,10.53,7.7,8.0,3.77,16.0,0.6,0.5,0.4,38.2,85.5,145.1,95.2,8.0,75.0,16.0,0.6,0.5,0.4,4.02,6.47,9.0,6.51,4.0,2.87,22.0,0.8,0.5,0.5,26.0,62.6,78.8,52.9,4.0,35.4,22.0,0.8,0.5,0.5,-78.3,-37.6,4.8,-36.3,10.0,42.4,18.0,0.5,0.5,0.4,-135.3,-52.9,-31.0,-73.9,10.0,54.5,18.0,0.5,0.5,0.4,-43.6,-16.7,3.2,-19.3,5.0,27.9,20.0,0.6,0.4,0.4,-54.6,-19.9,-6.8,-31.6,5.0,37.5,20.0,0.6,0.4,0.4,-55.3,-39.0,-13.9,-34.8,4.0,25.2,22.0,0.8,0.5,0.5,-56.0,-45.9,-21.5,-39.0,4.0,26.5,22.0,0.8,0.5,0.5,312.0,1067.5,2476.5,1823.5,10.0,2386.0,18.0,0.5,0.5,0.4,310.0,1070.0,2475.0,1825.0,10.0,2385.0,18.0,0.5,0.5,0.4
1974,2,134.0,34.0,7.6,8.0,8.57,9.37,9.0,4.04,22.0,0.3,0.7,0.5,4.83,5.85,6.9,5.33,10.0,2.98,20.0,0.4,0.6,0.5,4.0,4.48,5.01,4.53,8.0,0.66,24.0,0.4,0.7,0.6,70.2,77.2,81.6,76.0,8.0,5.5,24.0,0.4,0.6,1.21,2.6,5.87,3.29,10.0,2.73,20.0,0.4,0.6,0.5,-2.28,-0.49,2.04,-0.36,10.0,2.15,20.0,0.4,0.6,0.5,-5.18,-1.13,0.0,-2.24,10.0,3.02,20.0,0.4,0.6,0.5,1013.64,1016.0,1017.04,1016.3,10.0,3.7,20.0,0.4,0.6,0.5,6.0,8.0,8.0,6.6,10.0,2.5,20.0,0.4,0.6,0.5,-10.7,-1.0,4.8,-2.2,10.0,11.9,20.0,0.4,0.6,0.5,-31.9,-2.0,0.0,-13.7,10.0,25.2,20.0,0.4,0.6,0.5,0.73,2.2,3.19,3.17,9.0,4.78,22.0,0.3,0.7,0.5,0.3,2.2,8.5,17.2,9.0,44.0,22.0,0.3,0.7,0.5,1.48,2.21,2.85,2.11,8.0,0.77,24.0,0.4,0.7,0.6,2.2,5.0,7.1,4.7,8.0,3.0,24.0,0.4,0.7,0.6,-5.8,-1.2,14.6,2.9,10.0,11.4,20.0,0.4,0.6,0.5,-29.7,-5.9,-0.8,-14.3,10.0,19.4,20.0,0.4,0.6,0.5,-3.0,-0.9,12.1,2.7,8.0,7.4,24.0,0.4,0.7,0.6,-12.1,-4.3,-0.1,-8.8,8.0,12.5,24.0,0.4,0.7,0.6,-2.0,-0.6,2.2,0.0,8.0,2.7,24.0,0.4,0.7,0.6,-7.0,-3.1,0.0,-3.6,8.0,3.5,24.0,0.4,0.7,0.6,2.0,17.5,243.0,118.0,10.0,221.0,20.0,0.4,0.6,0.5,0.0,20.0,245.0,120.0,10.0,220.0,20.0,0.4,0.6,0.5
1974,2,134.0,35.0,,,,,,,,,,,,,,,,,,,,,,,,,,,,,,,,,,,,,,,,8.46,15.9,15.9,12.27,3.0,6.29,4.0,0.7,0.7,0.7,-2.76,-2.76,2.48,-0.2,3.0,4.44,4.0,0.7,0.7,0.7,-15.66,-15.66,-5.56,-10.73,3.0,8.54,4.0,0.7,0.7,0.7,1016.76,1018.4,1027.89,1022.23,3.0,8.8,4.0,0.7,0.7,0.7,,,,,,,,,,,,,,,,,,,,,,,,,,,,,,,,,,,,,,,,,,,,,,,,,,,,,,,,,,,,,,,,,,,,,,,,,,,,,,,,,,,,,,,,,,,,,,,,,,,,,,,,,,,,,,,,,,,,,,,,,,,,,,,,,,,,,,,,,,,,,,,,,,,,,,
1974,2,134.0,36.0,8.76,11.0,13.74,11.18,16.0,3.16,12.0,0.8,0.5,0.5,0.22,3.5,10.12,4.23,15.0,5.15,12.0,0.8,0.5,0.5,5.09,5.29,5.49,5.29,2.0,0.41,12.0,0.5,0.3,0.1,69.1,70.3,71.6,70.3,2.0,2.5,12.0,0.5,0.1,8.08,8.7,13.52,9.89,16.0,3.24,12.0,0.8,0.5,0.5,-6.13,2.61,6.53,0.98,16.0,5.85,12.0,0.8,0.5,0.5,-12.24,-7.26,2.15,-5.72,16.0,6.68,12.0,0.8,0.5,0.5,1014.92,1019.0,1025.16,1018.69,15.0,4.93,12.0,0.8,0.5,0.5,6.0,8.0,8.0,7.0,13.0,2.2,12.0,0.8,0.5,0.5,-52.4,21.2,54.6,7.3,16.0,65.5,12.0,0.8,0.5,0.5,-166.4,-60.6,13.1,-71.3,16.0,87.3,12.0,0.8,0.5,0.5,1.47,7.9,10.89,6.88,15.0,5.09,12.0,0.8,0.5,0.5,12.4,74.0,123.0,72.2,15.0,56.5,12.0,0.8,0.5,0.5,3.41,5.17,6.93,5.17,2.0,3.64,12.0,0.5,0.3,0.1,28.6,44.3,60.1,44.3,2.0,32.6,12.0,0.5,0.3,0.1,-52.2,0.0,26.1,-12.4,15.0,41.6,12.0,0.8,0.5,0.5,-40.4,-13.9,23.3,-7.6,15.0,41.9,12.0,0.8,0.5,0.5,-40.7,-36.1,-31.5,-36.1,2.0,9.5,12.0,0.5,0.3,0.1,11.9,21.3,30.7,21.3,2.0,19.4,12.0,0.5,0.3,0.1,-58.0,-40.0,-22.0,-40.0,2.0,37.3,12.0,0.5,0.3,0.1,12.4,14.0,15.6,14.0,2.0,3.2,12.0,0.5,0.3,0.1,527.0,658.5,2480.5,1276.5,16.0,1270.0,12.0,0.8,0.5,0.5,525.0,660.0,2480.0,1275.0,16.0,1270.0,12.0,0.8,0.5,0.5
1974,2,134.0,37.0,7.0,10.1,11.73,9.54,22.0,3.28,14.0,0.3,0.5,0.4,1.11,3.5,7.54,3.98,24.0,3.18,14.0,0.3,0.5,0.4,3.08,4.53,4.84,4.07,5.0,1.11,12.0,0.4,0.5,0.4,59.4,68.7,73.4,66.3,5.0,9.4,12.0,0.4,0.4,3.97,7.45,10.03,7.35,26.0,3.34,14.0,0.3,0.5,0.5,-2.61,1.11,7.07,1.77,26.0,4.49,14.0,0.3,0.5,0.5,-7.27,-4.3,6.02,-2.27,26.0,6.21,14.0,0.3,0.5,0.5,1014.95,1018.7,1027.6,1020.12,25.0,5.88,14.0,0.4,0.5,0.4,1.3,6.0,8.0,5.1,22.0,2.9,14.0,0.4,0.5,0.5,-20.8,4.4,70.1,15.5,26.0,44.5,14.0,0.3,0.5,0.5,-64.9,-20.6,44.7,-14.6,26.0,68.4,14.0,0.3,0.5,0.5,1.87,6.0,10.91,5.79,21.0,4.27,14.0,0.3,0.5,0.4,4.2,51.0,95.0,49.7,21.0,46.8,14.0,0.3,0.5,0.4,2.84,3.47,5.17,3.89,5.0,1.62,12.0,0.4,0.5,0.4,7.0,13.7,36.9,20.9,5.0,18.0,12.0,0.4,0.5,0.4,-10.3,1.8,16.4,1.2,24.0,19.1,14.0,0.3,0.5,0.4,-28.8,-7.7,18.3,-1.1,24.0,31.7,14.0,0.3,0.5,0.4,-2.4,2.3,4.0,0.7,5.0,4.4,12.0,0.4,0.5,0.4,-13.7,-4.0,29.2,6.1,5.0,24.8,12.0,0.4,0.5,0.4,-5.9,1.7,3.9,-1.2,5.0,8.6,12.0,0.4,0.5,0.4,-21.6,-3.0,19.8,-2.4,5.0,28.1,12.0,0.4,0.5,0.4,63.0,415.0,1011.0,639.5,26.0,749.5,14.0,0.3,0.5,0.5,65.0,415.0,1010.0,640.0,26.0,750.0,14.0,0.3,0.5,0.5
1974,2,134.0,38.0,2.9,9.8,11.73,7.87,13.0,4.37,14.0,0.5,0.4,0.4,-1.0,2.35,8.14,3.14,14.0,4.45,16.0,0.6,0.4,0.4,4.47,4.62,5.21,4.83,4.0,0.59,14.0,1.0,0.3,0.3,69.1,71.2,82.7,75.7,4.0,10.9,14.0,1.0,0.3,2.23,6.1,10.64,6.78,14.0,4.49,16.0,0.6,0.4,0.4,-5.15,1.3,3.84,-0.18,14.0,4.85,16.0,0.6,0.4,0.4,-8.24,-3.52,3.04,-3.53,14.0,5.72,16.0,0.6,0.4,0.4,1012.2,1018.3,1021.49,1017.89,14.0,7.28,16.0,0.6,0.4,0.4,5.4,8.0,8.0,6.3,13.0,2.9,16.0,0.6,0.4,0.4,-35.9,2.8,22.4,-12.2,14.0,65.2,16.0,0.6,0.4,0.4,-87.7,-22.3,12.3,-42.6,14.0,73.7,16.0,0.6,0.4,0.4,1.02,3.0,10.93,4.41,13.0,5.05,14.0,0.5,0.4,0.4,0.7,11.4,91.7,41.5,13.0,57.4,14.0,0.5,0.4,0.4,3.34,3.55,3.91,3.62,4.0,0.37,14.0,1.0,0.3,0.3,10.1,16.1,47.7,28.3,4.0,30.8,14.0,1.0,0.3,0.3,-10.8,2.8,21.1,5.5,14.0,21.2,16.0,0.6,0.4,0.4,-8.3,8.0,25.4,3.9,14.0,21.6,16.0,0.6,0.4,0.4,-23.6,9.2,19.0,-1.8,4.0,33.5,14.0,1.0,0.3,0.3,-38.5,-3.6,11.2,-13.2,4.0,33.8,14.0,1.0,0.3,0.3,-22.7,6.6,12.6,-4.5,4.0,29.1,14.0,1.0,0.3,0.3,-34.1,-1.9,8.0,-12.6,4.0,30.5,14.0,1.0,0.3,0.3,13.0,227.0,1215.0,778.0,14.0,1539.5,16.0,0.6,0.4,0.4,15.0,225.0,1215.0,780.0,14.0,1540.0,16.0,0.6,0.4,0.4
1974,2,134.0,39.0,3.25,5.6,6.99,5.51,14.0,2.61,16.0,0.9,0.4,0.5,-1.14,5.15,9.94,4.51,14.0,4.78,16.0,0.9,0.4,0.5,2.55,2.62,2.68,2.62,2.0,0.14,26.0,0.5,0.8,0.5,80.9,84.3,87.8,84.3,2.0,7.2,26.0,0.5,0.5,4.16,7.1,8.95,6.96,14.0,2.84,16.0,0.9,0.4,0.5,-3.79,0.0,5.48,0.68,14.0,4.31,16.0,0.9,0.4,0.5,-7.63,0.61,5.93,-0.46,14.0,6.39,16.0,0.9,0.4,0.5,1014.91,1019.1,1030.99,1021.23,14.0,8.43,16.0,0.9,0.4,0.5,2.0,6.5,8.0,5.2,14.0,3.1,16.0,0.9,0.4,0.5,-41.9,0.0,40.5,0.8,14.0,37.6,16.0,0.9,0.4,0.5,-68.3,-0.1,35.8,-12.9,14.0,60.0,16.0,0.9,0.4,0.5,-2.94,0.6,5.78,1.0,14.0,4.89,16.0,0.9,0.4,0.5,-16.5,3.2,51.3,15.9,14.0,41.8,16.0,0.9,0.4,0.5,2.29,2.81,3.33,2.81,2.0,1.08,26.0,0.5,0.8,0.5,26.5,33.8,41.0,33.8,2.0,15.0,26.0,0.5,0.8,0.5,-9.8,2.7,14.7,3.2,14.0,20.4,16.0,0.9,0.4,0.5,-8.8,26.4,51.8,23.0,14.0,26.2,16.0,0.9,0.4,0.5,-14.8,-13.0,-11.3,-13.0,2.0,3.6,26.0,0.5,0.8,0.5,-28.5,-27.9,-27.3,-27.9,2.0,1.2,26.0,0.5,0.8,0.5,-19.9,-15.0,-10.2,-15.0,2.0,10.1,26.0,0.5,0.8,0.5,-35.8,-30.1,-24.4,-30.1,2.0,11.7,26.0,0.5,0.8,0.5,72.5,358.0,718.0,499.0,14.0,550.5,16.0,0.9,0.4,0.5,70.0,360.0,720.0,500.0,14.0,550.0,16.0,0.9,0.4,0.5
1974,2,134.0,40.0,1.17,2.4,6.31,3.55,24.0,2.75,16.0,0.4,0.4,0.5,-4.83,-2.0,3.2,-1.25,25.0,3.85,16.0,0.5,0.4,0.5,2.1,2.22,2.34,2.22,2.0,0.25,26.0,0.0,0.6,0.2,78.3,82.2,86.1,82.2,2.0,8.1,26.0,0.0,0.2,5.07,8.85,12.9,8.73,26.0,3.48,18.0,0.5,0.4,0.5,-3.51,3.6,8.42,3.5,26.0,5.46,18.0,0.5,0.4,0.5,-9.58,-5.79,2.75,-4.29,26.0,5.46,18.0,0.5,0.4,0.5,1011.31,1015.8,1023.87,1016.73,27.0,6.17,18.0,0.5,0.4,0.5,3.4,6.0,8.0,5.3,19.0,2.8,18.0,0.4,0.4,0.5,-24.6,29.4,109.2,41.7,26.0,62.9,18.0,0.5,0.4,0.5,-129.6,-52.1,8.8,-50.9,26.0,60.0,18.0,0.5,0.4,0.5,2.7,5.5,8.31,5.4,23.0,3.76,16.0,0.4,0.4,0.5,14.9,53.9,92.1,54.6,22.0,41.1,16.0,0.5,0.4,0.5,1.74,1.83,1.92,1.83,2.0,0.19,26.0,0.0,0.6,0.2,22.3,23.1,24.0,23.1,2.0,1.8,26.0,0.0,0.6,0.2,-33.4,-7.9,14.1,-13.0,24.0,30.9,16.0,0.5,0.4,0.5,-10.2,14.9,48.0,16.7,24.0,27.1,16.0,0.5,0.4,0.5,-2.5,3.6,9.8,3.6,2.0,12.7,26.0,0.0,0.6,0.2,-29.1,-26.2,-23.2,-26.2,2.0,6.1,26.0,0.0,0.6,0.2,-1.3,4.2,9.6,4.2,2.0,11.3,26.0,0.0,0.6,0.2,-21.5,-21.3,-21.2,-21.3,2.0,0.3,26.0,0.0,0.6,0.2,130.5,694.0,2146.5,976.5,26.0,974.5,18.0,0.5,0.4,0.5,130.0,695.0,2145.0,975.0,26.0,975.0,18.0,0.5,0.4,0.5
1974,2,134.0,41.0,,,,,,,,,,,,,,,,,,,,,,,,,,,,,,,,,,,,,,,,4.64,8.2,10.15,7.7,25.0,3.08,16.0,0.5,0.4,0.4,-4.41,3.42,8.19,2.6,25.0,5.02,16.0,0.5,0.4,0.4,-8.34,-4.75,1.16,-3.82,25.0,4.89,16.0,0.5,0.4,0.4,1012.58,1016.85,1025.4,1018.24,26.0,6.52,16.0,0.5,0.4,0.4,,,,,,,,,,,,,,,,,,,,,,,,,,,,,,,,,,,,,,,,,,,,,,,,,,,,,,,,,,,,,,,,,,,,,,,,,,,,,,,,,,,,,,,,,,,,,,,,,,,,,,,,,,,,,,,,,,,,,,,,,,,,,,,,,,,,,,,,,,,,,,,,,,,,,,
1974,2,134.0,42.0,0.4,1.9,3.63,2.13,80.0,2.21,14.0,0.5,0.4,0.4,-6.65,-3.3,1.0,-3.02,81.0,3.83,14.0,0.5,0.4,0.5,1.43,1.76,2.08,1.76,2.0,0.67,16.0,1.0,0.2,0.3,65.9,74.3,82.6,74.3,2.0,17.3,16.0,1.0,0.3,2.1,6.2,11.0,6.83,79.0,4.02,14.0,0.5,0.4,0.4,-1.5,2.8,7.71,2.96,79.0,5.17,14.0,0.5,0.4,0.4,-7.63,-2.08,0.11,-2.34,79.0,4.72,14.0,0.5,0.4,0.4,1011.95,1018.9,1026.25,1018.68,84.0,7.01,14.0,0.5,0.4,0.5,0.0,0.0,7.0,2.4,76.0,3.0,14.0,0.5,0.4,0.4,-8.5,13.1,74.8,28.8,79.0,63.2,14.0,0.5,0.4,0.4,-70.1,-13.0,0.1,-20.3,79.0,51.8,14.0,0.5,0.4,0.4,0.98,4.85,9.02,5.06,76.0,4.25,14.0,0.5,0.4,0.4,0.0,32.4,69.2,38.7,69.0,44.0,14.0,0.5,0.4,0.4,1.89,2.11,2.33,2.11,2.0,0.46,16.0,1.0,0.2,0.3,15.7,22.6,29.4,22.6,2.0,14.2,16.0,1.0,0.2,0.3,-35.3,-1.7,13.3,-11.1,74.0,29.8,14.0,0.5,0.4,0.4,0.0,7.6,32.0,12.1,74.0,23.2,14.0,0.5,0.4,0.4,-9.7,1.1,11.9,1.1,2.0,22.3,16.0,1.0,0.2,0.3,-5.0,-4.2,-3.4,-4.2,2.0,1.7,16.0,1.0,0.2,0.3,-4.8,10.2,25.2,10.2,2.0,31.0,16.0,1.0,0.2,0.3,-5.4,-5.0,-4.5,-5.0,2.0,1.0,16.0,1.0,0.2,0.3,9.5,238.5,1331.0,663.0,79.0,996.5,14.0,0.5,0.4,0.4,10.0,240.0,1330.0,665.0,79.0,995.0,14.0,0.5,0.4,0.4
1974,2,134.0,43.0,,,,,,,,,,,,,,,,,,,,,,,,,,,,,,,,,,,,,,,,4.03,8.0,11.02,8.15,23.0,4.69,16.0,0.6,0.6,0.2,-0.58,6.13,8.89,4.12,23.0,4.81,16.0,0.6,0.6,0.2,-7.31,-3.5,-0.68,-5.0,23.0,4.95,16.0,0.6,0.6,0.2,1012.59,1020.6,1025.7,1019.24,23.0,6.16,16.0,0.6,0.6,0.2,,,,,,,,,,,,,,,,,,,,,,,,,,,,,,,,,,,,,,,,,,,,,,,,,,,,,,,,,,,,,,,,,,,,,,,,,,,,,,,,,,,,,,,,,,,,,,,,,,,,,,,,,,,,,,,,,,,,,,,,,,,,,,,,,,,,,,,,,,,,,,,,,,,,,,
1974,2,135.0,-65.0,1.2,1.2,1.2,1.2,1.0,0.0,4.0,1.0,0.3,0.3,2.2,2.2,2.2,2.2,1.0,0.0,4.0,1.0,0.3,0.3,4.57,4.57,4.57,4.57,1.0,0.0,4.0,1.0,0.3,0.3,100.0,100.0,100.0,100.0,1.0,0.0,4.0,1.0,0.3,3.1,3.1,3.1,3.1,1.0,0.0,4.0,1.0,0.3,0.3,3.1,3.1,3.1,3.1,1.0,0.0,4.0,1.0,0.3,0.3,0.0,0.0,0.0,0.0,1.0,0.0,4.0,1.0,0.3,0.3,981.2,981.2,981.2,981.2,1.0,0.0,4.0,1.0,0.3,0.3,8.0,8.0,8.0,8.0,1.0,0.0,4.0,1.0,0.3,0.3,9.6,9.6,9.6,9.6,1.0,0.0,4.0,1.0,0.3,0.3,0.0,0.0,0.0,0.0,1.0,0.0,4.0,1.0,0.3,0.3,-1.0,-1.0,-1.0,-1.0,1.0,0.0,4.0,1.0,0.3,0.3,-3.1,-3.1,-3.1,-3.1,1.0,0.0,4.0,1.0,0.3,0.3,-0.32,-0.32,-0.32,-0.32,1.0,0.0,4.0,1.0,0.3,0.3,-1.0,-1.0,-1.0,-1.0,1.0,0.0,4.0,1.0,0.3,0.3,6.8,6.8,6.8,6.8,1.0,0.0,4.0,1.0,0.3,0.3,0.0,0.0,0.0,0.0,1.0,0.0,4.0,1.0,0.3,0.3,14.2,14.2,14.2,14.2,1.0,0.0,4.0,1.0,0.3,0.3,0.0,0.0,0.0,0.0,1.0,0.0,4.0,1.0,0.3,0.3,-1.0,-1.0,-1.0,-1.0,1.0,0.0,4.0,1.0,0.3,0.3,0.0,0.0,0.0,0.0,1.0,0.0,4.0,1.0,0.3,0.3,30.0,30.0,30.0,30.0,1.0,0.0,4.0,1.0,0.3,0.3,30.0,30.0,30.0,30.0,1.0,0.0,4.0,1.0,0.3,0.3
1974,2,135.0,-45.0,12.8,12.8,12.8,12.8,1.0,0.0,12.0,0.0,0.5,0.2,10.4,10.4,10.4,10.4,1.0,0.0,12.0,0.0,0.5,0.2,6.68,6.68,6.68,6.68,1.0,0.0,12.0,0.0,0.5,0.2,85.1,85.1,85.1,85.1,1.0,0.0,12.0,0.0,0.2,6.2,6.2,6.2,6.2,1.0,0.0,12.0,0.0,0.5,0.2,4.75,4.75,4.75,4.75,1.0,0.0,12.0,0.0,0.5,0.2,-3.99,-3.99,-3.99,-3.99,1.0,0.0,12.0,0.0,0.5,0.2,1007.4,1007.4,1007.4,1007.4,1.0,0.0,12.0,0.0,0.5,0.2,4.0,4.0,4.0,4.0,1.0,0.0,12.0,0.0,0.5,0.2,29.4,29.4,29.4,29.4,1.0,0.0,12.0,0.0,0.5,0.2,-24.7,-24.7,-24.7,-24.7,1.0,0.0,12.0,0.0,0.5,0.2,2.4,2.4,2.4,2.4,1.0,0.0,12.0,0.0,0.5,0.2,14.9,14.9,14.9,14.9,1.0,0.0,12.0,0.0,0.5,0.2,2.54,2.54,2.54,2.54,1.0,0.0,12.0,0.0,0.5,0.2,15.7,15.7,15.7,15.7,1.0,0.0,12.0,0.0,0.5,0.2,49.4,49.4,49.4,49.4,1.0,0.0,12.0,0.0,0.5,0.2,-41.4,-41.4,-41.4,-41.4,1.0,0.0,12.0,0.0,0.5,0.2,31.7,31.7,31.7,31.7,1.0,0.0,12.0,0.0,0.5,0.2,-26.6,-26.6,-26.6,-26.6,1.0,0.0,12.0,0.0,0.5,0.2,12.0,12.0,12.0,12.0,1.0,0.0,12.0,0.0,0.5,0.2,-10.1,-10.1,-10.1,-10.1,1.0,0.0,12.0,0.0,0.5,0.2,238.5,238.5,238.5,238.5,1.0,0.0,12.0,0.0,0.5,0.2,240.0,240.0,240.0,240.0,1.0,0.0,12.0,0.0,0.5,0.2
1974,2,135.0,-44.0,13.4,13.4,13.4,13.4,1.0,0.0,12.0,1.0,0.2,0.2,12.6,12.6,12.6,12.6,1.0,0.0,12.0,1.0,0.2,0.2,7.63,7.63,7.63,7.63,1.0,0.0,12.0,1.0,0.2,0.2,84.2,84.2,84.2,84.2,1.0,0.0,12.0,1.0,0.2,9.3,9.3,9.3,9.3,1.0,0.0,12.0,1.0,0.2,0.2,7.12,7.12,7.12,7.12,1.0,0.0,12.0,1.0,0.2,0.2,-5.98,-5.98,-5.98,-5.98,1.0,0.0,12.0,1.0,0.2,0.2,1009.8,1009.8,1009.8,1009.8,1.0,0.0,12.0,1.0,0.2,0.2,7.0,7.0,7.0,7.0,1.0,0.0,12.0,1.0,0.2,0.2,66.3,66.3,66.3,66.3,1.0,0.0,12.0,1.0,0.2,0.2,-55.6,-55.6,-55.6,-55.6,1.0,0.0,12.0,1.0,0.2,0.2,0.8,0.8,0.8,0.8,1.0,0.0,12.0,1.0,0.2,0.2,7.4,7.4,7.4,7.4,1.0,0.0,12.0,1.0,0.2,0.2,1.93,1.93,1.93,1.93,1.0,0.0,12.0,1.0,0.2,0.2,18.0,18.0,18.0,18.0,1.0,0.0,12.0,1.0,0.2,0.2,89.8,89.8,89.8,89.8,1.0,0.0,12.0,1.0,0.2,0.2,-75.3,-75.3,-75.3,-75.3,1.0,0.0,12.0,1.0,0.2,0.2,54.3,54.3,54.3,54.3,1.0,0.0,12.0,1.0,0.2,0.2,-45.6,-45.6,-45.6,-45.6,1.0,0.0,12.0,1.0,0.2,0.2,13.8,13.8,13.8,13.8,1.0,0.0,12.0,1.0,0.2,0.2,-11.6,-11.6,-11.6,-11.6,1.0,0.0,12.0,1.0,0.2,0.2,804.5,804.5,804.5,804.5,1.0,0.0,12.0,1.0,0.2,0.2,805.0,805.0,805.0,805.0,1.0,0.0,12.0,1.0,0.2,0.2
1974,2,135.0,-41.0,16.78,16.95,17.12,16.95,2.0,0.35,16.0,1.0,0.1,0.5,15.79,16.4,17.22,16.5,3.0,1.05,16.0,1.0,0.1,0.4,7.06,7.52,9.22,8.12,3.0,1.67,16.0,1.0,0.1,0.4,64.2,65.8,75.1,69.6,3.0,8.6,16.0,1.0,0.4,1.46,4.6,7.81,4.63,3.0,4.65,16.0,1.0,0.1,0.4,-2.02,0.0,4.08,1.01,3.0,4.55,16.0,1.0,0.1,0.4,-5.98,-3.52,-1.12,-3.55,3.0,3.56,16.0,1.0,0.1,0.4,1010.01,1024.0,1024.34,1017.33,3.0,11.98,16.0,1.0,0.1,0.4,7.0,7.0,7.0,7.0,3.0,0.0,16.0,1.0,0.1,0.4,-9.3,0.0,37.9,14.0,3.0,36.7,16.0,1.0,0.1,0.4,-50.4,-16.2,-5.1,-27.5,3.0,34.5,16.0,1.0,0.1,0.4,-0.63,-0.05,0.53,-0.05,2.0,1.2,16.0,1.0,0.1,0.5,-6.5,-2.3,1.8,-2.3,2.0,8.5,16.0,1.0,0.1,0.5,2.32,3.22,4.12,3.22,2.0,1.86,16.0,1.0,0.1,0.5,18.2,19.3,20.4,19.3,2.0,2.2,16.0,1.0,0.1,0.5,-33.1,0.0,71.8,18.9,3.0,78.6,16.0,1.0,0.1,0.4,-103.9,-57.8,-18.3,-61.1,3.0,62.8,16.0,1.0,0.1,0.4,-15.2,0.0,40.8,12.5,3.0,42.4,16.0,1.0,0.1,0.4,-57.1,-26.5,-8.4,-32.6,3.0,36.0,16.0,1.0,0.1,0.4,-9.5,-1.0,7.5,-1.0,2.0,17.5,16.0,1.0,0.1,0.5,-15.6,-14.8,-14.0,-14.8,2.0,1.7,16.0,1.0,0.1,0.5,31.0,97.5,580.0,300.5,3.0,439.0,16.0,1.0,0.1,0.4,30.0,95.0,580.0,300.0,3.0,440.0,16.0,1.0,0.1,0.4
1974,2,135.0,-39.0,15.63,17.0,17.61,16.63,3.0,1.48,24.0,0.7,0.6,0.5,16.13,19.0,19.34,17.77,3.0,2.58,24.0,0.7,0.6,0.5,7.54,8.45,9.36,8.45,3.0,1.34,24.0,0.7,0.6,0.5,64.4,68.2,69.5,66.9,3.0,3.9,24.0,0.7,0.5,4.6,4.6,7.06,5.8,3.0,2.08,24.0,0.7,0.6,0.5,-6.29,-4.53,1.65,-2.37,3.0,6.11,24.0,0.7,0.6,0.5,0.8,0.8,3.05,1.9,3.0,1.91,24.0,0.7,0.6,0.5,1014.79,1019.5,1020.52,1017.7,3.0,4.48,24.0,0.7,0.6,0.5,2.6,4.0,5.4,4.0,3.0,2.0,24.0,0.7,0.6,0.5,-46.4,-20.8,7.6,-19.4,3.0,39.6,24.0,0.7,0.6,0.5,3.7,3.7,24.1,13.7,3.0,17.3,24.0,0.7,0.6,0.5,-3.24,-1.6,0.99,-1.13,3.0,3.13,24.0,0.7,0.6,0.5,-14.9,-7.4,10.0,-2.6,3.0,18.7,24.0,0.7,0.6,0.5,2.31,2.87,4.27,3.28,3.0,1.48,24.0,0.7,0.6,0.5,10.6,13.2,31.8,21.0,3.0,16.9,24.0,0.7,0.6,0.5,-99.8,-88.3,30.7,-35.8,3.0,105.9,24.0,0.7,0.6,0.5,15.3,15.6,46.4,30.5,3.0,26.2,24.0,0.7,0.6,0.5,-48.5,-44.3,12.1,-18.8,3.0,49.6,24.0,0.7,0.6,0.5,7.1,7.8,22.4,14.6,3.0,12.6,24.0,0.7,0.6,0.5,-28.0,-13.0,2.2,-12.9,3.0,22.1,24.0,0.7,0.6,0.5,1.8,2.3,14.5,8.0,3.0,10.5,24.0,0.7,0.6,0.5,97.5,97.5,407.5,248.5,3.0,262.0,24.0,0.7,0.6,0.5,95.0,95.0,405.0,250.0,3.0,260.0,24.0,0.7,0.6,0.5
1974,2,135.0,-38.0,17.2,17.95,18.87,17.85,8.0,1.25,16.0,0.1,0.5,0.2,15.49,16.5,18.1,16.81,9.0,1.41,14.0,0.1,0.4,0.2,6.36,8.16,11.32,8.68,9.0,2.27,14.0,0.1,0.4,0.2,57.8,71.2,83.0,72.4,9.0,13.8,14.0,0.1,0.2,4.66,7.2,7.7,7.45,8.0,4.22,16.0,0.1,0.5,0.2,-5.57,-0.34,5.75,0.86,8.0,6.91,16.0,0.1,0.5,0.2,2.36,4.16,7.29,3.7,8.0,4.11,16.0,0.1,0.5,0.2,1013.01,1017.0,1020.63,1016.61,9.0,3.99,14.0,0.1,0.4,0.2,2.0,3.0,8.0,4.6,9.0,3.1,14.0,0.1,0.4,0.2,-41.9,-2.8,38.6,24.1,8.0,95.8,16.0,0.1,0.5,0.2,9.7,20.3,56.1,33.5,8.0,52.6,16.0,0.1,0.5,0.2,-0.62,1.15,2.19,0.81,8.0,1.45,16.0,0.1,0.5,0.2,-6.5,7.1,12.7,4.6,7.0,11.8,16.0,0.1,0.5,0.2,1.77,3.83,5.49,3.61,8.0,2.33,16.0,0.1,0.5,0.2,11.4,20.5,31.0,25.4,7.0,28.1,16.0,0.1,0.5,0.2,-96.1,-6.3,105.2,13.6,8.0,120.7,16.0,0.1,0.5,0.2,42.4,68.4,110.6,58.9,8.0,71.7,16.0,0.1,0.5,0.2,-63.8,-3.8,59.9,2.8,8.0,64.6,16.0,0.1,0.5,0.2,17.7,34.7,55.7,27.6,8.0,38.6,16.0,0.1,0.5,0.2,-9.4,4.3,24.5,11.1,7.0,29.7,16.0,0.1,0.5,0.2,-3.8,11.2,27.4,13.7,7.0,17.4,16.0,0.1,0.5,0.2,101.5,378.5,456.5,855.5,8.0,1648.5,16.0,0.1,0.5,0.2,100.0,380.0,455.0,855.0,8.0,1650.0,16.0,0.1,0.5,0.2
1974,2,135.0,-36.0,19.24,19.4,19.71,19.48,4.0,0.38,16.0,0.3,0.4,0.6,17.92,18.9,20.45,19.18,4.0,1.73,16.0,0.3,0.4,0.6,10.33,11.6,12.72,11.53,4.0,1.38,16.0,0.3,0.4,0.6,78.4,83.1,88.2,83.3,4.0,6.1,16.0,0.3,0.6,3.81,4.85,6.72,5.25,4.0,2.14,16.0,0.3,0.4,0.6,-4.48,-3.55,0.19,-2.21,4.0,3.45,16.0,0.3,0.4,0.6,1.16,2.05,5.25,3.15,4.0,3.12,16.0,0.3,0.4,0.6,1010.43,1013.15,1014.82,1012.65,4.0,2.8,16.0,0.3,0.4,0.6,0.0,3.0,6.5,3.2,4.0,3.8,16.0,0.3,0.4,0.6,-21.7,-14.6,8.1,-7.2,4.0,21.1,16.0,0.3,0.4,0.6,4.2,8.9,39.3,21.2,4.0,28.3,16.0,0.3,0.4,0.6,-0.74,0.35,1.33,0.3,4.0,1.44,16.0,0.3,0.4,0.6,-3.9,2.6,7.2,1.7,4.0,7.2,16.0,0.3,0.4,0.6,1.57,2.57,3.54,2.55,4.0,1.14,16.0,0.3,0.4,0.6,6.5,12.3,23.1,14.7,4.0,11.1,16.0,0.3,0.4,0.6,-87.3,-65.3,2.5,-43.4,4.0,66.0,16.0,0.3,0.4,0.6,21.5,42.4,100.8,60.3,4.0,57.4,16.0,0.3,0.4,0.6,-52.4,-40.9,-1.3,-27.5,4.0,38.4,16.0,0.3,0.4,0.6,13.7,26.1,56.4,34.7,4.0,30.5,16.0,0.3,0.4,0.6,-11.7,-5.7,3.5,-4.2,4.0,10.8,16.0,0.3,0.4,0.6,2.5,3.6,16.8,9.3,4.0,12.5,16.0,0.3,0.4,0.6,62.0,115.0,352.0,203.0,4.0,236.5,16.0,0.3,0.4,0.6,60.0,115.0,350.0,205.0,4.0,235.0,16.0,0.3,0.4,0.6
1974,2,135.0,-35.0,21.0,21.0,21.0,21.0,1.0,0.0,4.0,0.0,0.9,0.3,21.5,21.5,21.5,21.5,1.0,0.0,4.0,0.0,0.9,0.3,11.94,11.94,11.94,11.94,1.0,0.0,4.0,0.0,0.9,0.3,75.1,75.1,75.1,75.1,1.0,0.0,4.0,0.0,0.3,4.6,4.6,4.6,4.6,1.0,0.0,4.0,0.0,0.9,0.3,-4.53,-4.53,-4.53,-4.53,1.0,0.0,4.0,0.0,0.9,0.3,0.8,0.8,0.8,0.8,1.0,0.0,4.0,0.0,0.9,0.3,1014.5,1014.5,1014.5,1014.5,1.0,0.0,4.0,0.0,0.9,0.3,0.0,0.0,0.0,0.0,1.0,0.0,4.0,0.0,0.9,0.3,-20.8,-20.8,-20.8,-20.8,1.0,0.0,4.0,0.0,0.9,0.3,3.7,3.7,3.7,3.7,1.0,0.0,4.0,0.0,0.9,0.3,-0.5,-0.5,-0.5,-0.5,1.0,0.0,4.0,0.0,0.9,0.3,-2.3,-2.3,-2.3,-2.3,1.0,0.0,4.0,0.0,0.9,0.3,3.52,3.52,3.52,3.52,1.0,0.0,4.0,0.0,0.9,0.3,16.2,16.2,16.2,16.2,1.0,0.0,4.0,0.0,0.9,0.3,-97.4,-97.4,-97.4,-97.4,1.0,0.0,4.0,0.0,0.9,0.3,17.2,17.2,17.2,17.2,1.0,0.0,4.0,0.0,0.9,0.3,-54.1,-54.1,-54.1,-54.1,1.0,0.0,4.0,0.0,0.9,0.3,9.5,9.5,9.5,9.5,1.0,0.0,4.0,0.0,0.9,0.3,-15.9,-15.9,-15.9,-15.9,1.0,0.0,4.0,0.0,0.9,0.3,2.8,2.8,2.8,2.8,1.0,0.0,4.0,0.0,0.9,0.3,97.5,97.5,97.5,97.5,1.0,0.0,4.0,0.0,0.9,0.3,95.0,95.0,95.0,95.0,1.0,0.0,4.0,0.0,0.9,0.3
1974,2,135.0,-11.0,27.59,28.2,28.7,28.14,5.0,0.96,14.0,0.4,0.6,0.6,27.13,28.2,31.78,28.99,8.0,2.1,14.0,0.5,0.5,0.4,19.06,19.59,20.11,19.59,4.0,0.67,14.0,0.3,0.6,0.5,80.2,83.7,86.3,83.6,5.0,4.0,14.0,0.4,0.6,4.6,6.65,11.08,7.31,8.0,3.08,14.0,0.5,0.5,0.4,4.35,6.59,9.73,6.98,8.0,2.74,14.0,0.5,0.5,0.4,-3.61,-1.07,0.0,-1.65,8.0,2.07,14.0,0.5,0.5,0.4,1001.4,1003.55,1005.91,1004.05,6.0,2.97,14.0,0.5,0.6,0.4,4.2,6.5,7.9,6.3,8.0,1.6,14.0,0.5,0.5,0.4,20.0,46.1,107.9,58.4,8.0,43.2,14.0,0.5,0.5,0.4,-40.1,-5.1,0.0,-16.2,8.0,24.2,14.0,0.5,0.5,0.4,-0.3,0.4,1.28,0.56,5.0,1.07,14.0,0.4,0.6,0.6,-1.3,2.0,11.5,5.7,5.0,11.5,14.0,0.4,0.6,0.6,3.87,4.56,5.17,4.52,4.0,0.95,14.0,0.3,0.6,0.5,16.7,19.9,43.5,29.7,4.0,22.8,14.0,0.3,0.6,0.5,119.1,200.1,277.5,205.3,8.0,89.6,14.0,0.5,0.5,0.4,-115.0,-31.7,0.0,-48.2,8.0,59.1,14.0,0.5,0.5,0.4,81.8,85.1,145.6,112.4,4.0,58.0,14.0,0.3,0.6,0.5,-74.8,-22.3,-6.7,-39.9,4.0,51.6,14.0,0.3,0.6,0.5,16.6,19.1,38.5,27.1,4.0,18.7,14.0,0.3,0.6,0.5,-20.2,-5.3,-1.5,-10.6,4.0,14.5,14.0,0.3,0.6,0.5,97.5,342.0,1372.0,579.5,8.0,593.5,14.0,0.5,0.5,0.4,95.0,340.0,1370.0,580.0,8.0,595.0,14.0,0.5,0.5,0.4
1974,2,135.0,-10.0,27.4,27.4,27.4,27.4,1.0,0.0,10.0,1.0,0.5,0.6,25.8,25.8,25.8,25.8,1.0,0.0,10.0,1.0,0.5,0.6,19.55,19.55,19.55,19.55,1.0,0.0,10.0,1.0,0.5,0.6,93.7,93.7,93.7,93.7,1.0,0.0,10.0,1.0,0.6,4.6,4.6,4.6,4.6,1.0,0.0,10.0,1.0,0.5,0.6,4.53,4.53,4.53,4.53,1.0,0.0,10.0,1.0,0.5,0.6,0.8,0.8,0.8,0.8,1.0,0.0,10.0,1.0,0.5,0.6,1006.5,1006.5,1006.5,1006.5,1.0,0.0,10.0,1.0,0.5,0.6,8.0,8.0,8.0,8.0,1.0,0.0,10.0,1.0,0.5,0.6,20.8,20.8,20.8,20.8,1.0,0.0,10.0,1.0,0.5,0.6,3.7,3.7,3.7,3.7,1.0,0.0,10.0,1.0,0.5,0.6,1.6,1.6,1.6,1.6,1.0,0.0,10.0,1.0,0.5,0.6,7.4,7.4,7.4,7.4,1.0,0.0,10.0,1.0,0.5,0.6,3.44,3.44,3.44,3.44,1.0,0.0,10.0,1.0,0.5,0.6,15.8,15.8,15.8,15.8,1.0,0.0,10.0,1.0,0.5,0.6,116.9,116.9,116.9,116.9,1.0,0.0,10.0,1.0,0.5,0.6,20.6,20.6,20.6,20.6,1.0,0.0,10.0,1.0,0.5,0.6,88.5,88.5,88.5,88.5,1.0,0.0,10.0,1.0,0.5,0.6,15.6,15.6,15.6,15.6,1.0,0.0,10.0,1.0,0.5,0.6,15.6,15.6,15.6,15.6,1.0,0.0,10.0,1.0,0.5,0.6,2.7,2.7,2.7,2.7,1.0,0.0,10.0,1.0,0.5,0.6,97.5,97.5,97.5,97.5,1.0,0.0,10.0,1.0,0.5,0.6,95.0,95.0,95.0,95.0,1.0,0.0,10.0,1.0,0.5,0.6
1974,2,135.0,-9.0,,,,,,,,,,,,,,,,,,,,,,,,,,,,,,,,,,,,,,,,7.0,7.0,7.0,7.0,1.0,0.0,20.0,1.0,0.0,0.7,3.5,3.5,3.5,3.5,1.0,0.0,20.0,1.0,0.0,0.7,-6.06,-6.06,-6.06,-6.06,1.0,0.0,20.0,1.0,0.0,0.7,1006.2,1006.2,1006.2,1006.2,1.0,0.0,20.0,1.0,0.0,0.7,,,,,,,,,,,,,,,,,,,,,,,,,,,,,,,,,,,,,,,,,,,,,,,,,,,,,,,,,,,,,,,,,,,,,,,,,,,,,,,,,,,,,,,,,,,,,,,,,,,,,,,,,,,,,,,,,,,,,,,,,,,,,,,,,,,,,,,,,,,,,,,,,,,,,,
1974,2,135.0,-8.0,29.5,29.5,29.5,29.5,1.0,0.0,4.0,0.0,0.8,0.9,27.5,27.5,27.5,27.5,1.0,0.0,4.0,0.0,0.8,0.9,18.85,18.85,18.85,18.85,1.0,0.0,4.0,0.0,0.8,0.9,81.7,81.7,81.7,81.7,1.0,0.0,4.0,0.0,0.9,9.8,9.8,9.8,9.8,1.0,0.0,4.0,0.0,0.8,0.9,7.51,7.51,7.51,7.51,1.0,0.0,4.0,0.0,0.8,0.9,-6.3,-6.3,-6.3,-6.3,1.0,0.0,4.0,0.0,0.8,0.9,1006.5,1006.5,1006.5,1006.5,1.0,0.0,4.0,0.0,0.8,0.9,6.0,6.0,6.0,6.0,1.0,0.0,4.0,0.0,0.8,0.9,73.6,73.6,73.6,73.6,1.0,0.0,4.0,0.0,0.8,0.9,-61.7,-61.7,-61.7,-61.7,1.0,0.0,4.0,0.0,0.8,0.9,2.0,2.0,2.0,2.0,1.0,0.0,4.0,0.0,0.8,0.9,19.6,19.6,19.6,19.6,1.0,0.0,4.0,0.0,0.8,0.9,7.17,7.17,7.17,7.17,1.0,0.0,4.0,0.0,0.8,0.9,70.3,70.3,70.3,70.3,1.0,0.0,4.0,0.0,0.8,0.9,206.4,206.4,206.4,206.4,1.0,0.0,4.0,0.0,0.8,0.9,-173.2,-173.2,-173.2,-173.2,1.0,0.0,4.0,0.0,0.8,0.9,141.5,141.5,141.5,141.5,1.0,0.0,4.0,0.0,0.8,0.9,-118.7,-118.7,-118.7,-118.7,1.0,0.0,4.0,0.0,0.8,0.9,53.8,53.8,53.8,53.8,1.0,0.0,4.0,0.0,0.8,0.9,-45.2,-45.2,-45.2,-45.2,1.0,0.0,4.0,0.0,0.8,0.9,941.0,941.0,941.0,941.0,1.0,0.0,4.0,0.0,0.8,0.9,940.0,940.0,940.0,940.0,1.0,0.0,4.0,0.0,0.8,0.9
1974,2,135.0,-7.0,27.24,27.8,29.1,28.15,4.0,1.31,10.0,0.8,0.5,0.5,27.79,28.55,29.26,28.53,4.0,0.9,10.0,0.8,0.5,0.5,18.19,18.85,18.93,18.57,4.0,0.66,10.0,0.8,0.5,0.5,73.0,74.6,78.7,75.8,4.0,4.1,10.0,0.8,0.5,4.6,4.85,6.72,5.62,4.0,1.73,10.0,0.8,0.5,0.5,4.19,4.47,5.45,4.8,4.0,1.01,10.0,0.8,0.5,0.5,-3.98,-2.42,-1.51,-2.73,4.0,1.86,10.0,0.8,0.5,0.5,1002.4,1005.55,1007.5,1004.98,4.0,3.42,10.0,0.8,0.5,0.5,6.0,6.5,7.0,6.5,4.0,0.6,10.0,0.8,0.5,0.5,19.5,21.7,37.7,28.3,4.0,15.6,10.0,0.8,0.5,0.5,-28.8,-11.8,-7.0,-17.6,4.0,17.5,10.0,0.8,0.5,0.5,-1.0,-0.45,0.26,-0.37,4.0,0.75,10.0,0.8,0.5,0.5,-4.8,-2.3,1.2,-1.8,4.0,3.6,10.0,0.8,0.5,0.5,4.53,4.91,6.63,5.55,4.0,1.73,10.0,0.8,0.5,0.5,23.7,30.3,36.2,30.0,4.0,7.3,10.0,0.8,0.5,0.5,119.6,130.9,154.1,136.6,4.0,25.8,10.0,0.8,0.5,0.5,-111.1,-69.3,-43.1,-76.8,4.0,50.4,10.0,0.8,0.5,0.5,76.7,84.6,102.7,89.4,4.0,20.5,10.0,0.8,0.5,0.5,-75.1,-44.5,-27.2,-50.8,4.0,35.3,10.0,0.8,0.5,0.5,20.6,24.5,32.0,26.2,4.0,7.7,10.0,0.8,0.5,0.5,-17.9,-11.9,-8.7,-13.2,4.0,6.8,10.0,0.8,0.5,0.5,97.5,115.0,352.0,219.5,4.0,222.0,10.0,0.8,0.5,0.5,95.0,115.0,350.0,220.0,4.0,220.0,10.0,0.8,0.5,0.5
1974,2,135.0,-6.0,28.2,28.2,28.2,28.2,1.0,0.0,8.0,1.0,0.7,0.1,26.6,26.6,26.6,26.6,1.0,0.0,8.0,1.0,0.7,0.1,17.96,17.96,17.96,17.96,1.0,0.0,8.0,1.0,0.7,0.1,82.1,82.1,82.1,82.1,1.0,0.0,8.0,1.0,0.1,9.3,9.3,9.3,9.3,1.0,0.0,8.0,1.0,0.7,0.1,9.16,9.16,9.16,9.16,1.0,0.0,8.0,1.0,0.7,0.1,-1.61,-1.61,-1.61,-1.61,1.0,0.0,8.0,1.0,0.7,0.1,1006.2,1006.2,1006.2,1006.2,1.0,0.0,8.0,1.0,0.7,0.1,7.0,7.0,7.0,7.0,1.0,0.0,8.0,1.0,0.7,0.1,85.2,85.2,85.2,85.2,1.0,0.0,8.0,1.0,0.7,0.1,-15.0,-15.0,-15.0,-15.0,1.0,0.0,8.0,1.0,0.7,0.1,1.6,1.6,1.6,1.6,1.0,0.0,8.0,1.0,0.7,0.1,14.9,14.9,14.9,14.9,1.0,0.0,8.0,1.0,0.7,0.1,6.15,6.15,6.15,6.15,1.0,0.0,8.0,1.0,0.7,0.1,57.2,57.2,57.2,57.2,1.0,0.0,8.0,1.0,0.7,0.1,243.6,243.6,243.6,243.6,1.0,0.0,8.0,1.0,0.7,0.1,-43.0,-43.0,-43.0,-43.0,1.0,0.0,8.0,1.0,0.7,0.1,164.5,164.5,164.5,164.5,1.0,0.0,8.0,1.0,0.7,0.1,-29.0,-29.0,-29.0,-29.0,1.0,0.0,8.0,1.0,0.7,0.1,56.4,56.4,56.4,56.4,1.0,0.0,8.0,1.0,0.7,0.1,-9.9,-9.9,-9.9,-9.9,1.0,0.0,8.0,1.0,0.7,0.1,804.5,804.5,804.5,804.5,1.0,0.0,8.0,1.0,0.7,0.1,805.0,805.0,805.0,805.0,1.0,0.0,8.0,1.0,0.7,0.1
1974,2,135.0,-1.0,28.4,28.4,28.4,28.4,1.0,0.0,28.0,1.0,0.7,0.4,25.1,25.1,25.1,25.1,1.0,0.0,28.0,1.0,0.7,0.4,17.2,17.2,17.2,17.2,1.0,0.0,28.0,1.0,0.7,0.4,86.0,86.0,86.0,86.0,1.0,0.0,28.0,1.0,0.4,,,,,,,,,,,,,,,,,,,,,,,,,,,,,,,,,,,,,,,,,,,,,,,,,,,,,,,,,,,,,,,,,,,,,,,,,,,,,,,,,,,,,,,,,,,,,,,,,,,,,,,,,,,,,,,,,,,,,,,,,,,,,,,,,,,,,,,,,,,,,,,,,,,,,,,,,,,,,,,,,,,,,,,,,,,,,,,,,,,,,,,,,,,,,,
1974,2,135.0,0.0,28.9,28.9,28.9,28.9,1.0,0.0,18.0,1.0,0.3,0.6,29.0,29.0,29.0,29.0,1.0,0.0,18.0,1.0,0.3,0.6,18.74,18.74,18.74,18.74,1.0,0.0,18.0,1.0,0.3,0.6,74.4,74.4,74.4,74.4,1.0,0.0,18.0,1.0,0.6,1.0,1.0,1.0,1.0,1.0,0.0,18.0,1.0,0.3,0.6,0.94,0.94,0.94,0.94,1.0,0.0,18.0,1.0,0.3,0.6,0.34,0.34,0.34,0.34,1.0,0.0,18.0,1.0,0.3,0.6,1005.9,1005.9,1005.9,1005.9,1.0,0.0,18.0,1.0,0.3,0.6,6.0,6.0,6.0,6.0,1.0,0.0,18.0,1.0,0.3,0.6,0.9,0.9,0.9,0.9,1.0,0.0,18.0,1.0,0.3,0.6,0.3,0.3,0.3,0.3,1.0,0.0,18.0,1.0,0.3,0.6,-0.1,-0.1,-0.1,-0.1,1.0,0.0,18.0,1.0,0.3,0.6,-0.1,-0.1,-0.1,-0.1,1.0,0.0,18.0,1.0,0.3,0.6,6.39,6.39,6.39,6.39,1.0,0.0,18.0,1.0,0.3,0.6,6.4,6.4,6.4,6.4,1.0,0.0,18.0,1.0,0.3,0.6,27.3,27.3,27.3,27.3,1.0,0.0,18.0,1.0,0.3,0.6,9.9,9.9,9.9,9.9,1.0,0.0,18.0,1.0,0.3,0.6,17.6,17.6,17.6,17.6,1.0,0.0,18.0,1.0,0.3,0.6,6.4,6.4,6.4,6.4,1.0,0.0,18.0,1.0,0.3,0.6,6.0,6.0,6.0,6.0,1.0,0.0,18.0,1.0,0.3,0.6,2.2,2.2,2.2,2.2,1.0,0.0,18.0,1.0,0.3,0.6,1.0,1.0,1.0,1.0,1.0,0.0,18.0,1.0,0.3,0.6,0.0,0.0,0.0,0.0,1.0,0.0,18.0,1.0,0.3,0.6
1974,2,135.0,3.0,29.4,29.4,29.4,29.4,1.0,0.0,16.0,0.0,0.0,0.7,26.3,26.3,26.3,26.3,1.0,0.0,16.0,0.0,0.0,0.7,18.46,18.46,18.46,18.46,1.0,0.0,16.0,0.0,0.0,0.7,86.1,86.1,86.1,86.1,1.0,0.0,16.0,0.0,0.7,6.2,6.2,6.2,6.2,1.0,0.0,16.0,0.0,0.0,0.7,-4.75,-4.75,-4.75,-4.75,1.0,0.0,16.0,0.0,0.0,0.7,-3.99,-3.99,-3.99,-3.99,1.0,0.0,16.0,0.0,0.0,0.7,1008.8,1008.8,1008.8,1008.8,1.0,0.0,16.0,0.0,0.0,0.7,8.0,8.0,8.0,8.0,1.0,0.0,16.0,0.0,0.0,0.7,-29.4,-29.4,-29.4,-29.4,1.0,0.0,16.0,0.0,0.0,0.7,-24.7,-24.7,-24.7,-24.7,1.0,0.0,16.0,0.0,0.0,0.7,3.1,3.1,3.1,3.1,1.0,0.0,16.0,0.0,0.0,0.7,19.2,19.2,19.2,19.2,1.0,0.0,16.0,0.0,0.0,0.7,7.34,7.34,7.34,7.34,1.0,0.0,16.0,0.0,0.0,0.7,45.5,45.5,45.5,45.5,1.0,0.0,16.0,0.0,0.0,0.7,-124.9,-124.9,-124.9,-124.9,1.0,0.0,16.0,0.0,0.0,0.7,-104.8,-104.8,-104.8,-104.8,1.0,0.0,16.0,0.0,0.0,0.7,-87.7,-87.7,-87.7,-87.7,1.0,0.0,16.0,0.0,0.0,0.7,-73.6,-73.6,-73.6,-73.6,1.0,0.0,16.0,0.0,0.0,0.7,-34.9,-34.9,-34.9,-34.9,1.0,0.0,16.0,0.0,0.0,0.7,-29.3,-29.3,-29.3,-29.3,1.0,0.0,16.0,0.0,0.0,0.7,238.5,238.5,238.5,238.5,1.0,0.0,16.0,0.0,0.0,0.7,240.0,240.0,240.0,240.0,1.0,0.0,16.0,0.0,0.0,0.7
1974,2,135.0,9.0,27.0,27.0,27.0,27.0,1.0,0.0,26.0,1.0,0.4,0.1,27.6,27.6,27.6,27.6,1.0,0.0,26.0,1.0,0.4,0.1,18.75,18.75,18.75,18.75,1.0,0.0,26.0,1.0,0.4,0.1,80.8,80.8,80.8,80.8,1.0,0.0,26.0,1.0,0.1,9.3,9.3,9.3,9.3,1.0,0.0,26.0,1.0,0.4,0.1,-7.12,-7.12,-7.12,-7.12,1.0,0.0,26.0,1.0,0.4,0.1,-5.98,-5.98,-5.98,-5.98,1.0,0.0,26.0,1.0,0.4,0.1,1005.7,1005.7,1005.7,1005.7,1.0,0.0,26.0,1.0,0.4,0.1,4.0,4.0,4.0,4.0,1.0,0.0,26.0,1.0,0.4,0.1,-66.3,-66.3,-66.3,-66.3,1.0,0.0,26.0,1.0,0.4,0.1,-55.6,-55.6,-55.6,-55.6,1.0,0.0,26.0,1.0,0.4,0.1,-0.6,-0.6,-0.6,-0.6,1.0,0.0,26.0,1.0,0.4,0.1,-5.6,-5.6,-5.6,-5.6,1.0,0.0,26.0,1.0,0.4,0.1,3.71,3.71,3.71,3.71,1.0,0.0,26.0,1.0,0.4,0.1,34.5,34.5,34.5,34.5,1.0,0.0,26.0,1.0,0.4,0.1,-196.6,-196.6,-196.6,-196.6,1.0,0.0,26.0,1.0,0.4,0.1,-165.0,-165.0,-165.0,-165.0,1.0,0.0,26.0,1.0,0.4,0.1,-133.6,-133.6,-133.6,-133.6,1.0,0.0,26.0,1.0,0.4,0.1,-112.1,-112.1,-112.1,-112.1,1.0,0.0,26.0,1.0,0.4,0.1,-26.5,-26.5,-26.5,-26.5,1.0,0.0,26.0,1.0,0.4,0.1,-22.2,-22.2,-22.2,-22.2,1.0,0.0,26.0,1.0,0.4,0.1,804.5,804.5,804.5,804.5,1.0,0.0,26.0,1.0,0.4,0.1,805.0,805.0,805.0,805.0,1.0,0.0,26.0,1.0,0.4,0.1
1974,2,135.0,12.0,27.83,27.9,27.97,27.9,2.0,0.14,20.0,1.0,0.4,0.4,25.79,27.5,27.84,26.83,3.0,1.61,14.0,1.0,0.5,0.3,16.65,16.92,17.19,16.92,2.0,0.56,20.0,1.0,0.4,0.4,76.8,79.5,82.2,79.5,2.0,5.6,20.0,1.0,0.4,5.1,5.1,6.19,5.63,3.0,0.92,14.0,1.0,0.5,0.3,-6.12,-5.1,-4.63,-5.37,3.0,1.12,14.0,1.0,0.5,0.3,-2.11,-1.16,-0.37,-1.24,3.0,1.28,14.0,1.0,0.5,0.3,1010.15,1010.9,1011.65,1010.9,2.0,1.56,20.0,1.0,0.4,0.4,3.0,5.0,7.0,5.0,3.0,3.0,14.0,1.0,0.5,0.3,-38.4,-26.0,-23.6,-30.9,3.0,11.6,14.0,1.0,0.5,0.3,-11.4,-7.8,-2.5,-6.9,3.0,6.5,14.0,1.0,0.5,0.3,0.87,1.65,2.43,1.65,2.0,1.63,20.0,1.0,0.4,0.4,5.1,10.7,16.2,10.7,2.0,11.5,20.0,1.0,0.4,0.4,6.46,6.66,6.85,6.66,2.0,0.4,20.0,1.0,0.4,0.4,34.7,39.5,44.3,39.5,2.0,9.9,20.0,1.0,0.4,0.4,-157.9,-142.8,-128.2,-143.1,3.0,21.7,14.0,1.0,0.5,0.3,-57.1,-29.1,-9.2,-33.1,3.0,35.2,14.0,1.0,0.5,0.3,-103.8,-92.7,-81.6,-92.7,2.0,23.0,20.0,1.0,0.4,0.4,-40.2,-31.7,-23.2,-31.7,2.0,17.6,20.0,1.0,0.4,0.4,-43.0,-37.0,-30.9,-37.0,2.0,12.5,20.0,1.0,0.4,0.4,-15.0,-12.2,-9.4,-12.2,2.0,5.8,20.0,1.0,0.4,0.4,132.5,132.5,247.5,188.5,3.0,97.0,14.0,1.0,0.5,0.3,135.0,135.0,245.0,190.0,3.0,95.0,14.0,1.0,0.5,0.3
1974,2,135.0,13.0,26.4,27.2,27.98,27.1,5.0,1.26,16.0,0.4,0.5,0.2,26.73,27.35,27.98,27.46,8.0,0.72,16.0,0.4,0.5,0.2,16.53,18.43,20.85,18.72,6.0,2.16,16.0,0.3,0.5,0.2,74.5,82.9,88.8,82.0,6.0,7.9,16.0,0.3,0.2,5.87,7.95,8.64,7.33,8.0,2.08,16.0,0.4,0.5,0.2,-7.69,-7.0,-5.46,-6.55,8.0,1.7,16.0,0.4,0.5,0.2,-4.84,-2.72,-2.01,-3.11,8.0,1.61,16.0,0.4,0.5,0.2,1009.1,1009.6,1011.06,1010.06,7.0,1.19,18.0,0.3,0.5,0.2,1.0,3.5,6.4,3.8,6.0,2.8,14.0,0.3,0.6,0.2,-65.3,-53.6,-32.5,-51.0,8.0,22.6,16.0,0.4,0.5,0.2,-42.6,-21.6,-11.8,-25.4,8.0,16.2,16.0,0.4,0.5,0.2,-1.18,-0.5,0.61,-0.4,5.0,1.18,16.0,0.4,0.5,0.2,-4.9,-3.4,5.5,-0.5,5.0,5.9,16.0,0.4,0.5,0.2,1.9,2.89,5.03,3.38,5.0,1.92,16.0,0.4,0.5,0.2,12.7,23.7,37.9,24.7,5.0,15.3,16.0,0.4,0.5,0.2,-214.9,-193.6,-151.2,-179.9,8.0,46.6,16.0,0.4,0.5,0.2,-129.2,-77.2,-55.7,-85.0,8.0,42.6,16.0,0.4,0.5,0.2,-155.1,-126.9,-81.9,-118.6,6.0,39.2,16.0,0.3,0.5,0.2,-93.1,-64.7,-27.6,-61.5,6.0,36.3,16.0,0.3,0.5,0.2,-34.4,-18.2,-12.0,-21.7,5.0,13.5,16.0,0.4,0.5,0.2,-17.6,-11.9,-4.1,-11.1,5.0,8.1,16.0,0.4,0.5,0.2,206.0,504.0,646.5,468.5,8.0,281.5,16.0,0.4,0.5,0.2,205.0,505.0,645.0,470.0,8.0,280.0,16.0,0.4,0.5,0.2
1974,2,135.0,14.0,26.7,27.2,28.3,27.44,5.0,0.81,18.0,0.4,0.4,0.4,25.51,27.25,28.17,26.92,6.0,1.62,16.0,0.5,0.4,0.4,15.99,17.02,18.61,17.22,5.0,1.59,18.0,0.4,0.4,0.4,75.9,79.4,80.9,78.5,5.0,3.7,18.0,0.4,0.4,4.39,7.7,8.2,6.67,6.0,2.03,16.0,0.5,0.4,0.4,-6.88,-6.47,-4.0,-5.73,6.0,1.83,16.0,0.5,0.4,0.4,-4.14,-3.33,-2.16,-3.28,6.0,1.32,16.0,0.5,0.4,0.4,1009.32,1010.8,1011.37,1010.48,5.0,1.26,18.0,0.4,0.4,0.4,3.8,4.5,5.4,4.7,6.0,1.4,16.0,0.5,0.4,0.4,-53.9,-51.3,-17.8,-41.2,6.0,21.1,16.0,0.5,0.4,0.4,-32.4,-26.3,-8.1,-23.5,6.0,13.9,16.0,0.5,0.4,0.4,-0.54,0.9,1.86,0.74,5.0,1.28,18.0,0.4,0.4,0.4,-3.2,3.2,14.7,5.6,5.0,9.8,18.0,0.4,0.4,0.4,5.25,5.6,6.26,5.74,5.0,0.7,18.0,0.4,0.4,0.4,23.5,37.9,49.5,37.0,5.0,14.7,18.0,0.4,0.4,0.4,-196.9,-165.7,-110.0,-155.1,6.0,52.6,16.0,0.5,0.4,0.4,-114.5,-90.7,-56.4,-87.4,6.0,32.4,16.0,0.5,0.4,0.4,-124.1,-94.9,-63.3,-92.8,5.0,34.3,18.0,0.4,0.4,0.4,-76.1,-70.2,-34.0,-57.8,5.0,23.7,18.0,0.4,0.4,0.4,-40.8,-32.8,-20.8,-30.9,5.0,11.4,18.0,0.4,0.4,0.4,-27.6,-18.9,-11.2,-19.8,5.0,10.5,18.0,0.4,0.4,0.4,87.0,456.5,551.5,360.0,6.0,227.5,16.0,0.5,0.4,0.4,85.0,455.0,550.0,360.0,6.0,230.0,16.0,0.5,0.4,0.4
1974,2,135.0,15.0,24.59,25.85,27.11,25.85,2.0,2.62,14.0,0.5,0.1,0.6,25.89,26.5,27.11,26.5,2.0,1.27,14.0,0.5,0.1,0.6,16.61,17.43,18.25,17.43,2.0,1.7,14.0,0.5,0.1,0.6,74.6,81.2,87.8,81.2,2.0,13.7,14.0,0.5,0.6,4.67,5.9,7.13,5.9,2.0,2.55,14.0,0.5,0.1,0.6,-6.22,-5.26,-4.3,-5.26,2.0,1.99,14.0,0.5,0.1,0.6,-3.02,-1.22,0.57,-1.22,2.0,3.71,14.0,0.5,0.1,0.6,1012.39,1013.45,1014.51,1013.45,2.0,2.19,14.0,0.5,0.1,0.6,2.1,4.5,6.9,4.5,2.0,4.9,14.0,0.5,0.1,0.6,-45.7,-33.6,-21.4,-33.6,2.0,25.1,14.0,0.5,0.1,0.6,-24.0,-11.9,0.1,-11.9,2.0,25.0,14.0,0.5,0.1,0.6,-2.53,-0.65,1.23,-0.65,2.0,3.89,14.0,0.5,0.1,0.6,-20.7,-8.8,3.1,-8.8,2.0,24.6,14.0,0.5,0.1,0.6,2.71,3.49,4.27,3.49,2.0,1.62,14.0,0.5,0.1,0.6,18.2,18.5,18.9,18.5,2.0,0.7,14.0,0.5,0.1,0.6,-169.4,-140.7,-112.0,-140.7,2.0,59.5,14.0,0.5,0.1,0.6,-83.1,-34.8,13.5,-34.8,2.0,100.0,14.0,0.5,0.1,0.6,-102.5,-90.0,-77.6,-90.0,2.0,25.8,14.0,0.5,0.1,0.6,-48.4,-18.2,12.1,-18.2,2.0,62.7,14.0,0.5,0.1,0.6,-17.5,-16.7,-16.0,-16.7,2.0,1.6,14.0,0.5,0.1,0.6,-6.6,-1.3,4.0,-1.3,2.0,11.0,14.0,0.5,0.1,0.6,130.5,262.5,395.0,262.5,2.0,274.0,14.0,0.5,0.1,0.6,130.0,265.0,395.0,265.0,2.0,275.0,14.0,0.5,0.1,0.6
1974,2,135.0,16.0,27.22,27.9,28.47,27.85,4.0,0.9,10.0,0.5,0.5,0.5,25.14,25.65,26.37,25.75,4.0,0.76,10.0,0.5,0.5,0.5,16.27,16.54,17.3,16.78,3.0,0.78,6.0,0.3,0.4,0.5,76.9,83.9,84.0,80.5,3.0,6.0,6.0,0.3,0.5,6.91,7.95,8.78,7.85,4.0,1.29,10.0,0.5,0.5,0.5,-7.83,-6.7,-4.24,-6.07,4.0,2.38,10.0,0.5,0.5,0.5,-6.25,-3.39,-0.31,-3.28,4.0,3.84,10.0,0.5,0.5,0.5,1009.33,1012.7,1015.33,1012.35,4.0,3.64,10.0,0.5,0.5,0.5,3.0,4.5,7.0,5.0,4.0,2.4,10.0,0.5,0.5,0.5,-67.0,-47.3,-29.2,-48.1,4.0,23.1,10.0,0.5,0.5,0.5,-53.7,-28.2,-0.9,-27.3,4.0,32.4,10.0,0.5,0.5,0.5,1.75,2.0,2.46,2.1,4.0,0.45,10.0,0.5,0.5,0.5,15.3,16.3,16.8,16.1,4.0,1.0,10.0,0.5,0.5,0.5,5.47,5.78,7.93,6.68,3.0,1.97,6.0,0.3,0.4,0.5,48.1,49.5,62.7,55.2,3.0,11.8,6.0,0.3,0.4,0.5,-201.9,-174.4,-108.4,-156.0,4.0,61.1,10.0,0.5,0.5,0.5,-160.3,-84.9,-6.8,-83.6,4.0,99.7,10.0,0.5,0.5,0.5,-129.8,-122.4,-72.7,-101.7,3.0,45.5,6.0,0.3,0.4,0.5,-117.3,-76.9,-9.7,-63.8,3.0,79.6,6.0,0.3,0.4,0.5,-59.9,-42.9,-24.7,-42.3,3.0,25.8,6.0,0.3,0.4,0.5,-38.3,-24.8,0.3,-19.1,3.0,28.7,6.0,0.3,0.4,0.5,342.0,504.0,684.0,512.5,4.0,234.5,10.0,0.5,0.5,0.5,340.0,505.0,685.0,515.0,4.0,235.0,10.0,0.5,0.5,0.5
1974,2,135.0,17.0,,,,,,,,,,,,,,,,,,,,,,,,,,,,,,,,,,,,,,,,2.67,3.9,5.13,3.9,2.0,2.55,10.0,0.5,0.4,0.6,-4.82,-3.66,-2.51,-3.66,2.0,2.39,10.0,0.5,0.4,0.6,-1.53,-0.62,0.29,-0.62,2.0,1.89,10.0,0.5,0.4,0.6,1014.7,1014.7,1014.7,1014.7,1.0,0.0,18.0,0.0,0.3,0.7,,,,,,,,,,,,,,,,,,,,,,,,,,,,,,,,,,,,,,,,,,,,,,,,,,,,,,,,,,,,,,,,,,,,,,,,,,,,,,,,,,,,,,,,,,,,,,,,,,,,,,,,,,,,,,,,,,,,,,,,,,,,,,,,,,,,,,,,,,,,,,,,,,,,,,
1974,2,135.0,18.0,26.0,26.0,26.0,26.0,1.0,0.0,28.0,1.0,0.8,0.1,26.32,27.0,27.68,27.0,2.0,1.41,20.0,1.0,0.4,0.4,20.12,20.12,20.12,20.12,1.0,0.0,28.0,1.0,0.8,0.1,85.3,85.3,85.3,85.3,1.0,0.0,28.0,1.0,0.1,6.85,8.25,9.65,8.25,2.0,2.9,20.0,1.0,0.4,0.4,0.82,2.58,4.33,2.58,2.0,3.64,20.0,1.0,0.4,0.4,-8.49,-7.56,-6.63,-7.56,2.0,1.92,20.0,1.0,0.4,0.4,1012.32,1013.0,1013.68,1013.0,2.0,1.41,20.0,1.0,0.4,0.4,4.6,6.0,7.4,6.0,2.0,2.8,20.0,1.0,0.4,0.4,8.4,26.5,44.6,26.5,2.0,37.5,20.0,1.0,0.4,0.4,-83.4,-65.2,-46.9,-65.2,2.0,37.8,20.0,1.0,0.4,0.4,-2.0,-2.0,-2.0,-2.0,1.0,0.0,28.0,1.0,0.8,0.1,-12.4,-12.4,-12.4,-12.4,1.0,0.0,28.0,1.0,0.8,0.1,0.87,0.87,0.87,0.87,1.0,0.0,28.0,1.0,0.8,0.1,5.4,5.4,5.4,5.4,1.0,0.0,28.0,1.0,0.8,0.1,21.3,67.0,112.7,67.0,2.0,94.7,20.0,1.0,0.4,0.4,-222.7,-202.8,-182.9,-202.8,2.0,41.2,20.0,1.0,0.4,0.4,0.0,0.0,0.0,0.0,1.0,0.0,28.0,1.0,0.8,0.1,-124.7,-124.7,-124.7,-124.7,1.0,0.0,28.0,1.0,0.8,0.1,0.0,0.0,0.0,0.0,1.0,0.0,28.0,1.0,0.8,0.1,-5.4,-5.4,-5.4,-5.4,1.0,0.0,28.0,1.0,0.8,0.1,374.0,665.5,957.0,665.5,2.0,604.0,20.0,1.0,0.4,0.4,375.0,665.0,955.0,665.0,2.0,605.0,20.0,1.0,0.4,0.4
1974,2,135.0,19.0,23.73,24.85,26.52,25.15,6.0,2.03,18.0,0.5,0.3,0.4,21.12,23.55,25.12,23.28,6.0,1.98,18.0,0.5,0.3,0.4,14.25,15.48,15.75,14.79,6.0,1.94,18.0,0.5,0.3,0.4,74.8,80.4,93.3,83.1,6.0,10.5,18.0,0.5,0.4,1.29,5.1,8.13,4.95,6.0,3.54,18.0,0.5,0.3,0.4,-2.72,-0.8,-0.07,-1.26,6.0,1.41,18.0,0.5,0.3,0.4,-7.92,-4.76,-0.09,-4.22,6.0,4.08,18.0,0.5,0.3,0.4,1011.26,1012.8,1014.62,1013.12,6.0,2.29,18.0,0.5,0.3,0.4,1.0,5.5,7.2,4.7,6.0,3.1,18.0,0.5,0.3,0.4,-17.1,-5.3,0.0,-9.4,6.0,12.8,18.0,0.5,0.3,0.4,-65.0,-24.3,0.3,-32.5,6.0,35.8,18.0,0.5,0.3,0.4,0.0,1.45,3.36,1.87,6.0,2.09,18.0,0.5,0.3,0.4,0.0,6.7,19.2,8.9,6.0,9.3,18.0,0.5,0.3,0.4,3.11,5.41,6.76,5.28,6.0,2.01,18.0,0.5,0.3,0.4,10.4,19.8,36.3,24.4,6.0,20.8,18.0,0.5,0.3,0.4,-63.2,-17.2,-1.8,-28.0,6.0,31.0,18.0,0.5,0.3,0.4,-167.1,-117.0,-3.0,-94.1,6.0,87.5,18.0,0.5,0.3,0.4,-37.2,-12.4,-1.1,-17.1,6.0,18.0,18.0,0.5,0.3,0.4,-103.7,-73.2,-1.2,-57.9,6.0,54.8,18.0,0.5,0.3,0.4,-10.6,-3.2,-0.3,-6.0,6.0,8.0,18.0,0.5,0.3,0.4,-35.5,-18.6,0.6,-19.2,6.0,24.4,18.0,0.5,0.3,0.4,2.5,132.5,556.5,278.0,6.0,365.0,18.0,0.5,0.3,0.4,5.0,135.0,555.0,280.0,6.0,365.0,18.0,0.5,0.3,0.4
1974,2,135.0,20.0,23.48,24.5,25.52,24.5,4.0,1.29,16.0,0.8,0.2,0.4,21.9,23.2,24.3,23.02,5.0,1.86,14.0,0.8,0.3,0.4,13.68,14.48,14.81,14.26,4.0,0.91,16.0,0.8,0.2,0.4,73.6,79.6,82.7,78.2,4.0,5.9,16.0,0.8,0.4,6.75,8.7,11.17,8.82,5.0,2.64,14.0,0.8,0.3,0.4,-10.49,-5.9,2.04,-4.31,5.0,7.06,14.0,0.8,0.3,0.4,-5.67,-4.95,-3.91,-4.89,5.0,1.16,14.0,0.8,0.3,0.4,1014.85,1017.0,1018.18,1016.62,5.0,1.75,14.0,0.8,0.3,0.4,2.9,5.0,7.4,5.0,5.0,2.7,14.0,0.8,0.3,0.4,-117.4,-45.4,17.8,-47.4,5.0,74.7,14.0,0.8,0.3,0.4,-51.4,-39.9,-33.7,-41.9,5.0,11.9,14.0,0.8,0.3,0.4,-0.57,1.05,1.99,0.73,4.0,2.0,16.0,0.8,0.2,0.4,-7.3,10.1,13.1,3.2,4.0,16.7,16.0,0.8,0.2,0.4,3.14,5.24,6.61,4.89,4.0,2.11,16.0,0.8,0.2,0.4,28.7,40.3,50.1,39.4,4.0,12.8,16.0,0.8,0.2,0.4,-254.2,-141.0,40.8,-107.6,5.0,161.2,14.0,0.8,0.3,0.4,-123.8,-118.3,-92.6,-111.0,5.0,17.9,14.0,0.8,0.3,0.4,-157.1,-114.9,-36.4,-97.6,4.0,75.3,16.0,0.8,0.2,0.4,-69.3,-61.3,-57.0,-63.1,4.0,8.0,16.0,0.8,0.2,0.4,-42.6,-31.7,-11.1,-27.1,4.0,20.3,16.0,0.8,0.2,0.4,-33.2,-24.6,-12.2,-22.8,4.0,12.4,16.0,0.8,0.2,0.4,338.5,658.5,1399.5,830.0,5.0,612.5,14.0,0.8,0.3,0.4,340.0,660.0,1400.0,830.0,5.0,615.0,14.0,0.8,0.3,0.4
1974,2,135.0,21.0,22.82,23.0,25.37,23.9,5.0,1.52,16.0,0.4,0.5,0.5,21.48,22.25,22.89,22.1,6.0,1.47,16.0,0.3,0.5,0.4,11.18,11.99,12.94,12.1,6.0,1.11,16.0,0.3,0.5,0.4,63.8,72.4,85.1,74.1,6.0,11.9,16.0,0.3,0.4,5.1,5.9,10.61,7.35,6.0,2.97,16.0,0.3,0.5,0.4,-9.37,-5.9,-3.63,-5.85,6.0,4.39,16.0,0.3,0.5,0.4,-4.87,-2.02,0.18,-2.18,6.0,2.76,16.0,0.3,0.5,0.4,1016.78,1017.25,1019.12,1017.72,6.0,1.3,16.0,0.3,0.5,0.4,1.0,5.0,8.0,4.7,6.0,3.7,16.0,0.3,0.5,0.4,-99.9,-35.4,-18.5,-51.7,6.0,50.9,16.0,0.3,0.5,0.4,-48.7,-12.2,0.9,-20.1,6.0,25.6,16.0,0.3,0.5,0.4,-0.05,0.5,2.98,1.28,5.0,1.94,16.0,0.4,0.5,0.5,-2.2,5.2,15.2,5.9,5.0,11.9,16.0,0.4,0.5,0.5,5.44,6.21,7.78,6.5,5.0,1.68,16.0,0.4,0.5,0.5,33.5,44.6,67.3,49.2,5.0,18.9,16.0,0.4,0.5,0.5,-214.2,-131.3,-69.8,-131.5,6.0,103.4,16.0,0.3,0.5,0.4,-107.6,-48.4,3.6,-50.1,6.0,61.9,16.0,0.3,0.5,0.4,-105.3,-74.7,-39.4,-67.7,6.0,51.3,16.0,0.3,0.5,0.4,-59.5,-22.7,2.3,-26.3,6.0,33.8,16.0,0.3,0.5,0.4,-60.2,-44.6,-13.0,-36.8,5.0,31.4,16.0,0.4,0.5,0.5,-32.9,-25.0,0.0,-18.3,5.0,17.1,16.0,0.4,0.5,0.5,132.5,216.5,1206.5,572.5,6.0,643.5,16.0,0.3,0.5,0.4,135.0,215.0,1205.0,570.0,6.0,645.0,16.0,0.3,0.5,0.4
1974,2,135.0,22.0,23.48,24.5,24.84,24.17,3.0,1.04,12.0,0.7,0.8,0.3,17.9,22.0,22.68,20.33,3.0,3.79,12.0,0.7,0.8,0.3,10.23,12.35,13.84,12.04,3.0,2.66,12.0,0.7,0.8,0.3,77.8,82.4,82.9,80.4,3.0,4.2,12.0,0.7,0.3,3.9,6.7,8.47,6.2,3.0,3.38,12.0,0.7,0.8,0.3,-6.25,0.0,1.77,-2.19,3.0,6.18,12.0,0.7,0.8,0.3,-5.09,-1.61,-0.51,-2.77,3.0,3.5,12.0,0.7,0.8,0.3,1014.75,1017.0,1018.37,1016.57,3.0,2.68,12.0,0.7,0.8,0.3,3.3,6.0,7.4,5.3,3.0,3.1,12.0,0.7,0.8,0.3,-58.1,0.0,4.6,-26.1,3.0,51.2,12.0,0.7,0.8,0.3,-35.4,-15.0,-4.8,-20.0,3.0,22.9,12.0,0.7,0.8,0.3,2.16,2.5,5.57,3.83,3.0,2.75,12.0,0.7,0.8,0.3,10.9,23.3,39.4,25.1,3.0,20.9,12.0,0.7,0.8,0.3,5.7,6.72,7.73,6.72,3.0,1.48,12.0,0.7,0.8,0.3,26.7,54.9,60.1,43.7,3.0,26.3,12.0,0.7,0.8,0.3,-137.5,0.0,40.8,-47.2,3.0,136.9,12.0,0.7,0.8,0.3,-84.5,-35.5,-11.3,-47.6,3.0,54.6,12.0,0.7,0.8,0.3,-77.2,0.0,25.8,-25.1,3.0,78.5,12.0,0.7,0.8,0.3,-48.6,-19.9,-6.3,-27.3,3.0,31.6,12.0,0.7,0.8,0.3,-42.0,0.0,9.3,-16.0,3.0,40.1,12.0,0.7,0.8,0.3,-40.9,-10.9,-3.4,-21.9,3.0,29.1,12.0,0.7,0.8,0.3,107.5,301.0,644.5,374.0,3.0,398.5,12.0,0.7,0.8,0.3,105.0,300.0,645.0,375.0,3.0,400.0,12.0,0.7,0.8,0.3
1974,2,135.0,23.0,22.0,24.0,25.19,23.54,17.0,1.7,14.0,0.2,0.4,0.4,19.26,21.0,23.03,20.97,17.0,2.12,14.0,0.2,0.4,0.4,9.83,11.97,14.3,11.96,17.0,2.51,14.0,0.2,0.4,0.4,66.6,78.3,86.5,77.0,17.0,10.6,14.0,0.2,0.4,4.87,7.7,10.76,7.77,17.0,2.76,14.0,0.2,0.4,0.4,-7.46,-4.6,1.26,-3.4,17.0,4.8,14.0,0.2,0.4,0.4,-8.63,-3.52,0.8,-3.25,17.0,5.02,14.0,0.2,0.4,0.4,1011.65,1017.5,1019.55,1016.67,17.0,4.17,14.0,0.2,0.4,0.4,2.5,6.0,7.5,5.1,17.0,2.6,14.0,0.2,0.4,0.4,-75.4,-24.4,6.4,-33.5,17.0,47.6,14.0,0.2,0.4,0.4,-88.9,-22.5,4.1,-33.5,17.0,49.2,14.0,0.2,0.4,0.4,0.26,2.7,4.23,2.57,17.0,2.51,14.0,0.2,0.4,0.4,2.2,15.8,44.0,22.1,17.0,21.1,14.0,0.2,0.4,0.4,3.33,6.55,9.1,6.16,17.0,3.21,14.0,0.2,0.4,0.4,22.2,42.2,82.7,49.4,17.0,33.6,14.0,0.2,0.4,0.4,-158.7,-101.2,28.1,-70.7,17.0,100.8,14.0,0.2,0.4,0.4,-165.7,-70.5,20.1,-61.4,17.0,106.5,14.0,0.2,0.4,0.4,-84.7,-48.4,17.6,-37.6,17.0,59.6,14.0,0.2,0.4,0.4,-87.4,-36.6,11.3,-31.5,17.0,63.7,14.0,0.2,0.4,0.4,-58.2,-23.8,3.5,-23.7,17.0,33.3,14.0,0.2,0.4,0.4,-71.4,-23.1,0.0,-29.4,17.0,33.1,14.0,0.2,0.4,0.4,116.5,456.5,1254.0,646.0,17.0,657.5,14.0,0.2,0.4,0.4,115.0,455.0,1255.0,645.0,17.0,660.0,14.0,0.2,0.4,0.4
1974,2,135.0,24.0,19.46,21.0,22.08,20.82,11.0,1.69,12.0,0.6,0.3,0.5,16.98,20.0,21.07,19.55,13.0,2.31,14.0,0.6,0.3,0.5,7.0,11.2,13.76,10.47,11.0,3.08,12.0,0.7,0.4,0.5,55.9,63.4,91.0,71.1,11.0,17.4,12.0,0.7,0.5,3.91,5.1,7.8,6.04,13.0,3.75,14.0,0.6,0.3,0.5,-4.11,0.0,2.56,-0.9,13.0,3.87,14.0,0.6,0.3,0.5,-6.8,-4.31,0.17,-3.92,13.0,4.59,14.0,0.6,0.3,0.5,1013.47,1014.9,1021.14,1016.89,13.0,4.31,14.0,0.6,0.3,0.5,2.7,4.0,8.0,4.8,12.0,2.2,12.0,0.7,0.4,0.5,-18.9,0.0,17.2,-0.7,13.0,35.7,14.0,0.6,0.3,0.5,-46.3,-25.9,0.9,-36.5,13.0,64.1,14.0,0.6,0.3,0.5,-1.93,1.0,3.54,0.71,11.0,2.74,12.0,0.6,0.3,0.5,-5.8,5.2,25.3,8.5,11.0,19.2,12.0,0.6,0.3,0.5,2.01,3.5,7.8,4.63,10.0,3.52,12.0,0.7,0.4,0.5,10.8,15.9,52.4,28.1,10.0,25.6,12.0,0.7,0.4,0.5,-88.8,0.0,50.3,-20.1,13.0,75.4,14.0,0.6,0.3,0.5,-131.6,-85.7,3.5,-72.6,13.0,82.7,14.0,0.6,0.3,0.5,-57.9,0.0,6.5,-15.4,11.0,37.0,12.0,0.7,0.4,0.5,-53.2,-34.9,9.2,-27.6,11.0,38.1,12.0,0.7,0.4,0.5,-14.1,-3.8,12.3,-5.0,10.0,22.6,12.0,0.7,0.4,0.5,-33.6,-14.3,2.5,-18.1,10.0,25.2,12.0,0.7,0.4,0.5,63.0,132.5,476.0,508.5,13.0,1071.5,14.0,0.6,0.3,0.5,65.0,135.0,475.0,510.0,13.0,1070.0,14.0,0.6,0.3,0.5
1974,2,135.0,25.0,19.6,21.0,23.62,21.7,6.0,2.53,16.0,0.5,0.5,0.3,17.22,19.55,20.89,19.44,8.0,2.82,16.0,0.5,0.4,0.4,7.23,10.57,12.68,10.06,7.0,2.66,16.0,0.6,0.5,0.4,59.0,72.9,82.4,71.8,7.0,12.0,16.0,0.6,0.4,5.7,6.2,16.7,9.03,8.0,5.77,16.0,0.5,0.4,0.4,-8.95,-0.54,5.21,-2.06,8.0,7.4,16.0,0.5,0.4,0.4,-8.63,-2.89,4.77,-3.18,8.0,7.43,16.0,0.5,0.4,0.4,1011.46,1014.25,1017.96,1015.24,8.0,4.63,16.0,0.5,0.4,0.4,2.1,4.0,5.9,4.0,8.0,2.4,16.0,0.5,0.4,0.4,-90.8,-3.3,29.3,-33.2,8.0,114.8,16.0,0.5,0.4,0.4,-148.1,-19.2,29.6,-56.7,8.0,112.3,16.0,0.5,0.4,0.4,-0.83,2.35,6.19,2.45,6.0,3.9,16.0,0.5,0.5,0.3,-4.0,17.1,90.9,37.4,6.0,55.2,16.0,0.5,0.5,0.3,2.56,5.02,11.0,6.41,6.0,4.7,16.0,0.5,0.5,0.3,14.7,41.6,135.4,76.4,6.0,91.3,16.0,0.5,0.5,0.3,-187.6,-13.2,82.2,-45.7,8.0,140.5,16.0,0.5,0.4,0.4,-163.6,-59.5,95.5,-47.0,8.0,132.4,16.0,0.5,0.4,0.4,-36.6,0.0,48.9,-4.5,7.0,58.5,16.0,0.6,0.5,0.4,-68.4,-28.4,58.0,-18.0,7.0,73.1,16.0,0.6,0.5,0.4,-53.9,-1.5,9.2,-31.8,6.0,90.8,16.0,0.5,0.5,0.3,-104.8,-31.1,18.0,-41.2,6.0,62.0,16.0,0.5,0.5,0.3,185.0,238.5,4886.0,1643.5,8.0,2464.0,16.0,0.5,0.4,0.4,185.0,240.0,4885.0,1645.0,8.0,2465.0,16.0,0.5,0.4,0.4
1974,2,135.0,26.0,18.9,20.0,20.62,19.53,7.0,1.35,20.0,0.4,0.4,0.3,17.95,18.9,20.08,19.09,7.0,1.51,20.0,0.4,0.4,0.3,9.99,10.57,13.47,11.11,7.0,1.87,20.0,0.4,0.4,0.3,72.4,82.1,86.2,80.7,7.0,8.5,20.0,0.4,0.3,6.7,6.7,7.82,7.43,7.0,1.32,20.0,0.4,0.4,0.3,1.9,2.46,4.53,2.53,7.0,4.39,20.0,0.4,0.4,0.3,-6.3,-5.15,5.21,-2.37,7.0,5.73,20.0,0.4,0.4,0.3,1009.9,1014.6,1018.17,1015.13,8.0,6.23,20.0,0.4,0.4,0.4,2.9,7.0,8.0,5.6,7.0,2.7,20.0,0.4,0.4,0.3,12.4,17.7,31.9,20.9,7.0,39.9,20.0,0.4,0.4,0.3,-42.7,-38.9,35.1,-18.8,7.0,41.7,20.0,0.4,0.4,0.3,-0.69,0.5,2.0,0.44,7.0,1.65,20.0,0.4,0.4,0.3,-4.7,3.9,13.4,2.9,7.0,11.4,20.0,0.4,0.4,0.3,1.59,3.96,4.9,3.01,7.0,2.29,20.0,0.4,0.4,0.3,10.6,26.5,34.3,22.5,7.0,17.5,20.0,0.4,0.4,0.3,31.9,48.0,97.5,50.6,7.0,85.7,20.0,0.4,0.4,0.3,-109.8,-103.0,112.4,-40.2,7.0,110.9,20.0,0.4,0.4,0.3,15.6,33.1,61.1,28.7,7.0,48.1,20.0,0.4,0.4,0.3,-58.8,-53.9,71.8,-17.8,7.0,67.9,20.0,0.4,0.4,0.3,-4.2,9.1,17.9,8.7,7.0,16.4,20.0,0.4,0.4,0.3,-29.5,-20.9,-8.9,-17.2,7.0,13.9,20.0,0.4,0.4,0.3,301.0,301.0,487.0,446.5,7.0,291.0,20.0,0.4,0.4,0.3,300.0,300.0,485.0,445.0,7.0,290.0,20.0,0.4,0.4,0.3
1974,2,135.0,27.0,18.87,20.0,21.19,20.19,7.0,1.64,14.0,0.3,0.7,0.3,14.0,18.0,18.94,16.85,11.0,3.04,14.0,0.2,0.6,0.4,6.08,9.21,10.48,8.66,8.0,2.1,16.0,0.1,0.7,0.3,60.8,77.2,82.1,74.0,8.0,11.9,16.0,0.1,0.3,5.75,7.2,8.77,7.25,11.0,1.78,14.0,0.2,0.6,0.4,-6.57,2.63,5.8,0.76,11.0,5.95,14.0,0.2,0.6,0.4,-5.12,-1.74,1.91,-1.27,11.0,4.81,14.0,0.2,0.6,0.4,1010.67,1016.95,1020.61,1016.56,12.0,4.9,14.0,0.3,0.6,0.4,1.0,2.5,6.6,3.4,10.0,2.6,14.0,0.2,0.6,0.4,-45.2,20.3,39.0,5.1,11.0,47.3,14.0,0.2,0.6,0.4,-37.2,-10.3,13.8,-6.6,11.0,42.9,14.0,0.2,0.6,0.4,0.98,2.0,4.55,3.01,7.0,3.1,14.0,0.3,0.7,0.3,7.2,12.4,24.4,20.9,7.0,23.6,14.0,0.3,0.7,0.3,3.88,5.6,7.2,5.52,6.0,1.88,14.0,0.2,0.7,0.2,30.4,33.8,44.6,37.9,6.0,11.5,14.0,0.2,0.7,0.2,-121.5,30.3,119.3,9.5,11.0,104.0,14.0,0.2,0.6,0.4,-71.9,-24.8,42.1,-12.3,11.0,81.4,14.0,0.2,0.6,0.4,-52.6,10.0,44.9,0.0,8.0,50.4,16.0,0.1,0.7,0.3,-38.5,-11.2,-1.1,-6.8,8.0,47.7,16.0,0.1,0.7,0.3,-33.0,-5.3,20.8,-6.5,6.0,25.8,14.0,0.2,0.7,0.2,-40.2,-12.8,1.6,-15.7,6.0,29.1,14.0,0.2,0.7,0.2,194.5,373.0,719.5,446.0,11.0,341.5,14.0,0.2,0.6,0.4,195.0,375.0,720.0,445.0,11.0,340.0,14.0,0.2,0.6,0.4
1974,2,135.0,28.0,17.59,18.9,19.6,18.55,6.0,1.42,14.0,0.3,0.2,0.2,14.01,16.6,17.69,16.0,6.0,2.18,14.0,0.3,0.2,0.2,7.53,9.94,10.74,9.33,6.0,1.82,14.0,0.3,0.2,0.2,76.5,83.3,85.8,81.7,6.0,5.6,14.0,0.3,0.2,6.49,9.0,12.03,9.18,6.0,2.91,14.0,0.3,0.2,0.2,-5.39,3.15,8.69,2.23,6.0,6.78,14.0,0.3,0.2,0.2,-9.12,-6.57,-0.92,-4.98,6.0,5.29,14.0,0.3,0.2,0.2,1009.69,1013.25,1020.5,1014.57,6.0,5.78,14.0,0.3,0.2,0.2,3.2,5.0,8.0,5.0,6.0,3.0,14.0,0.3,0.2,0.2,-44.4,20.6,109.8,28.9,6.0,72.7,14.0,0.3,0.2,0.2,-99.2,-62.7,-7.0,-55.9,6.0,54.4,14.0,0.3,0.2,0.2,0.56,2.3,5.52,2.55,6.0,2.71,14.0,0.3,0.2,0.2,1.3,23.5,45.5,22.6,6.0,27.3,14.0,0.3,0.2,0.2,2.5,3.61,6.33,3.96,6.0,2.22,14.0,0.3,0.2,0.2,15.1,34.3,56.6,35.9,6.0,23.9,14.0,0.3,0.2,0.2,-80.9,50.2,143.5,38.7,6.0,112.8,14.0,0.3,0.2,0.2,-135.0,-96.8,-14.3,-73.5,6.0,85.5,14.0,0.3,0.2,0.2,-45.5,29.1,84.1,23.0,6.0,67.2,14.0,0.3,0.2,0.2,-74.3,-55.0,-9.0,-41.2,6.0,49.7,14.0,0.3,0.2,0.2,-22.3,9.0,20.2,2.6,6.0,25.0,14.0,0.3,0.2,0.2,-48.1,-24.0,-0.6,-23.9,6.0,28.3,14.0,0.3,0.2,0.2,277.0,774.5,1747.0,971.0,6.0,797.5,14.0,0.3,0.2,0.2,275.0,775.0,1745.0,970.0,6.0,800.0,14.0,0.3,0.2,0.2
1974,2,135.0,29.0,15.69,16.5,18.73,17.16,5.0,1.86,14.0,0.4,0.5,0.4,12.27,13.8,17.0,14.36,5.0,2.62,14.0,0.4,0.5,0.4,5.56,7.18,10.75,7.86,5.0,2.88,14.0,0.4,0.5,0.4,59.4,88.0,89.5,75.9,5.0,20.1,14.0,0.4,0.4,9.75,11.85,14.9,11.67,6.0,3.45,16.0,0.3,0.5,0.4,-2.6,3.64,11.89,4.35,6.0,7.61,16.0,0.3,0.5,0.4,-7.05,-3.97,11.33,0.15,6.0,9.73,16.0,0.3,0.5,0.4,1009.65,1013.25,1018.05,1013.93,6.0,6.07,16.0,0.3,0.5,0.4,4.6,6.0,7.4,6.0,5.0,1.6,14.0,0.4,0.5,0.4,-24.5,39.3,159.5,59.0,6.0,107.1,16.0,0.3,0.5,0.4,-86.9,-34.5,134.2,11.7,6.0,122.8,16.0,0.3,0.5,0.4,-0.87,2.0,7.0,2.8,5.0,4.04,14.0,0.4,0.5,0.4,-10.6,11.4,81.0,30.7,5.0,49.0,14.0,0.4,0.5,0.4,0.69,5.6,7.31,4.34,5.0,3.61,14.0,0.4,0.5,0.4,10.2,38.7,77.0,44.2,5.0,41.3,14.0,0.4,0.5,0.4,10.4,59.4,183.3,91.8,5.0,107.7,14.0,0.4,0.5,0.4,-90.8,-73.9,38.1,-24.8,5.0,116.9,14.0,0.4,0.5,0.4,10.0,38.8,101.9,55.6,5.0,63.2,14.0,0.4,0.5,0.4,-50.4,-27.6,28.1,-8.4,5.0,71.8,14.0,0.4,0.5,0.4,-4.8,15.9,52.7,24.9,5.0,40.8,14.0,0.4,0.5,0.4,-52.6,-36.4,-1.8,-28.9,5.0,26.0,14.0,0.4,0.5,0.4,1038.0,1703.0,3308.0,1911.0,6.0,1248.0,16.0,0.3,0.5,0.4,1040.0,1705.0,3310.0,1910.0,6.0,1250.0,16.0,0.3,0.5,0.4
1974,2,135.0,30.0,17.48,18.5,18.64,18.27,7.0,0.81,14.0,0.7,0.4,0.5,10.69,16.1,19.47,15.75,8.0,4.59,14.0,0.8,0.3,0.5,6.55,8.9,11.41,8.78,6.0,2.7,12.0,0.7,0.4,0.5,73.0,80.5,83.6,77.7,6.0,10.7,12.0,0.7,0.5,6.81,8.2,10.57,8.66,8.0,2.92,14.0,0.8,0.3,0.5,-5.11,4.86,8.57,2.81,8.0,7.16,14.0,0.8,0.3,0.5,-7.06,-4.63,-0.17,-3.62,8.0,4.37,14.0,0.8,0.3,0.5,1008.45,1014.2,1025.04,1015.53,7.0,7.32,14.0,0.7,0.4,0.5,3.1,6.0,8.0,5.4,8.0,3.1,14.0,0.8,0.3,0.5,-37.7,39.1,74.6,35.1,8.0,76.4,14.0,0.8,0.3,0.5,-94.8,-33.5,-0.8,-35.8,8.0,48.6,14.0,0.8,0.3,0.5,-0.62,5.3,6.57,3.41,7.0,3.84,14.0,0.7,0.4,0.5,-5.4,40.2,72.3,35.7,7.0,45.3,14.0,0.7,0.4,0.5,1.97,3.99,6.59,4.23,6.0,2.36,12.0,0.7,0.4,0.5,14.3,30.4,55.0,33.3,6.0,20.3,12.0,0.7,0.4,0.5,-68.3,68.8,145.0,40.2,8.0,112.4,14.0,0.8,0.3,0.5,-95.6,-65.1,-3.3,-44.6,8.0,63.0,14.0,0.8,0.3,0.5,-27.5,41.0,89.9,34.2,6.0,56.4,12.0,0.7,0.4,0.5,-39.1,-22.8,10.4,-15.4,6.0,38.8,12.0,0.7,0.4,0.5,-33.6,12.6,19.8,0.2,6.0,27.5,12.0,0.7,0.4,0.5,-44.0,-16.1,1.5,-19.2,6.0,23.3,12.0,0.7,0.4,0.5,318.0,557.5,1193.0,859.0,8.0,924.5,14.0,0.8,0.3,0.5,320.0,560.0,1195.0,860.0,8.0,925.0,14.0,0.8,0.3,0.5
1974,2,135.0,31.0,17.71,18.0,18.49,17.86,14.0,1.39,16.0,0.6,0.5,0.4,9.66,11.2,17.21,12.54,17.0,3.86,16.0,0.5,0.4,0.4,4.49,6.13,7.94,6.36,15.0,2.16,16.0,0.5,0.5,0.4,55.9,66.5,77.9,66.9,15.0,10.6,16.0,0.5,0.4,3.87,7.2,12.81,8.98,17.0,5.3,16.0,0.5,0.4,0.4,-4.17,1.25,9.79,2.13,17.0,7.18,16.0,0.5,0.4,0.4,-9.71,-4.21,-1.93,-5.34,17.0,5.21,16.0,0.5,0.4,0.4,1012.1,1019.2,1024.96,1018.64,17.0,5.85,16.0,0.5,0.4,0.4,2.4,5.0,8.0,5.3,16.0,2.5,16.0,0.5,0.4,0.4,-31.9,9.0,120.0,35.9,17.0,108.9,16.0,0.5,0.4,0.4,-130.9,-38.4,-7.0,-68.8,17.0,96.2,16.0,0.5,0.4,0.4,0.47,6.85,8.19,5.36,14.0,4.31,16.0,0.6,0.5,0.4,2.1,64.9,109.8,59.2,14.0,52.6,16.0,0.6,0.5,0.4,6.08,6.85,8.12,6.58,14.0,2.42,16.0,0.6,0.5,0.4,19.4,62.4,106.0,66.5,14.0,49.8,16.0,0.6,0.5,0.4,-52.1,10.0,106.4,20.8,17.0,79.3,16.0,0.5,0.4,0.4,-99.0,-45.4,-21.5,-61.0,17.0,74.0,16.0,0.5,0.4,0.4,-28.8,0.0,50.6,9.8,15.0,41.4,16.0,0.5,0.5,0.4,-49.7,-22.4,-9.9,-31.3,15.0,37.3,16.0,0.5,0.5,0.4,-31.7,2.3,78.1,17.4,14.0,61.2,16.0,0.6,0.5,0.4,-70.8,-26.5,-3.4,-38.1,14.0,40.2,16.0,0.6,0.5,0.4,58.5,373.0,2112.0,1564.0,17.0,2573.0,16.0,0.5,0.4,0.4,60.0,375.0,2110.0,1565.0,17.0,2575.0,16.0,0.5,0.4,0.4
1974,2,135.0,32.0,17.23,18.2,20.62,18.78,16.0,1.73,14.0,0.6,0.7,0.3,7.11,10.2,17.68,12.09,17.0,4.65,14.0,0.5,0.6,0.3,3.86,4.5,6.37,5.26,11.0,1.92,14.0,0.5,0.7,0.3,57.2,61.0,75.8,64.8,11.0,10.6,14.0,0.5,0.3,3.41,7.2,11.03,7.14,17.0,3.85,14.0,0.5,0.6,0.3,-2.9,0.0,4.39,0.79,17.0,3.64,14.0,0.5,0.6,0.3,-8.8,-4.1,6.03,-1.82,17.0,7.18,14.0,0.5,0.6,0.3,1012.24,1020.2,1025.68,1018.85,17.0,6.66,14.0,0.5,0.6,0.3,1.0,4.5,6.6,4.1,16.0,2.6,14.0,0.5,0.6,0.3,-12.8,0.0,38.8,7.1,17.0,35.4,14.0,0.5,0.6,0.3,-84.1,-16.8,37.7,-18.3,17.0,78.2,14.0,0.5,0.6,0.3,1.69,6.75,11.16,6.37,16.0,4.2,14.0,0.6,0.7,0.3,11.1,32.2,92.4,50.2,16.0,50.2,14.0,0.6,0.7,0.3,6.19,7.9,8.74,7.45,11.0,1.73,14.0,0.5,0.7,0.3,21.1,36.3,79.2,51.2,11.0,37.3,14.0,0.5,0.7,0.3,-33.9,0.0,38.5,8.4,17.0,38.1,14.0,0.5,0.6,0.3,-87.6,-26.6,105.8,4.0,17.0,92.6,14.0,0.5,0.6,0.3,-15.3,0.0,14.6,1.2,11.0,16.1,14.0,0.5,0.7,0.3,-40.6,-16.4,-4.0,-12.8,11.0,44.2,14.0,0.5,0.7,0.3,-19.5,0.0,20.2,3.1,11.0,28.0,14.0,0.5,0.7,0.3,-75.6,-34.9,-5.7,-38.3,11.0,43.2,14.0,0.5,0.7,0.3,45.5,373.0,1344.0,663.5,17.0,798.5,14.0,0.5,0.6,0.3,45.0,375.0,1345.0,665.0,17.0,800.0,14.0,0.5,0.6,0.3
1974,2,135.0,33.0,16.94,18.0,19.33,17.8,11.0,2.23,16.0,0.7,0.5,0.4,11.73,14.15,16.73,13.84,12.0,3.38,16.0,0.8,0.5,0.4,5.95,8.21,10.13,8.04,6.0,2.34,14.0,0.5,0.6,0.3,53.2,77.5,83.8,71.1,6.0,15.2,14.0,0.5,0.3,5.92,8.2,11.05,8.61,12.0,2.75,16.0,0.8,0.5,0.4,-4.46,3.84,5.18,1.16,12.0,4.81,16.0,0.8,0.5,0.4,-8.7,-4.15,6.38,-2.39,12.0,7.59,16.0,0.8,0.5,0.4,1009.14,1013.55,1026.74,1016.0,12.0,8.98,16.0,0.8,0.5,0.4,1.2,4.0,7.4,4.5,11.0,3.0,16.0,0.8,0.5,0.4,-32.4,29.0,49.0,12.1,12.0,43.8,16.0,0.8,0.5,0.4,-82.7,-22.0,53.0,-21.1,12.0,83.2,16.0,0.8,0.5,0.4,0.22,3.8,7.3,3.93,11.0,4.04,16.0,0.7,0.5,0.4,3.0,24.5,66.2,34.8,11.0,41.2,16.0,0.7,0.5,0.4,2.84,4.64,6.19,4.54,5.0,2.14,14.0,0.4,0.6,0.2,27.4,41.7,72.8,47.6,5.0,24.8,14.0,0.4,0.6,0.2,-58.6,40.2,81.5,18.6,12.0,71.7,16.0,0.8,0.5,0.4,-92.4,-59.0,110.0,-16.5,12.0,110.1,16.0,0.8,0.5,0.4,7.8,38.0,48.1,27.1,6.0,32.4,14.0,0.5,0.6,0.3,-56.7,16.2,97.9,14.9,6.0,80.7,14.0,0.5,0.6,0.3,-3.8,14.2,30.6,13.1,5.0,25.8,14.0,0.4,0.6,0.2,-60.4,14.7,30.5,-9.0,5.0,49.7,14.0,0.4,0.6,0.2,211.5,551.5,1357.0,817.5,12.0,692.0,16.0,0.8,0.5,0.4,210.0,550.0,1355.0,820.0,12.0,690.0,16.0,0.8,0.5,0.4
1974,2,135.0,34.0,9.09,9.7,10.31,9.7,2.0,1.27,24.0,0.5,0.0,0.3,0.24,7.2,8.97,4.67,3.0,6.77,24.0,0.7,0.1,0.3,4.93,5.41,5.89,5.41,2.0,1.0,24.0,0.5,0.0,0.3,76.2,78.4,80.6,78.4,2.0,4.5,24.0,0.5,0.3,4.76,5.1,5.85,5.3,3.0,0.82,24.0,0.7,0.1,0.3,1.24,3.91,4.91,3.09,3.0,2.78,24.0,0.7,0.1,0.3,-4.12,-3.1,1.25,-1.47,3.0,4.18,24.0,0.7,0.1,0.3,1013.1,1013.1,1015.08,1014.07,3.0,1.67,24.0,0.7,0.1,0.3,2.2,7.0,7.7,5.0,3.0,4.4,24.0,0.7,0.1,0.3,6.3,19.9,29.0,17.7,3.0,16.8,24.0,0.7,0.1,0.3,-20.5,-19.2,5.3,-7.9,3.0,21.3,24.0,0.7,0.1,0.3,0.93,1.2,1.47,1.2,2.0,0.57,24.0,0.5,0.0,0.3,5.3,6.2,7.0,6.2,2.0,1.7,24.0,0.5,0.0,0.3,1.88,2.04,2.21,2.04,2.0,0.34,24.0,0.5,0.0,0.3,10.6,10.8,11.1,10.8,2.0,0.5,24.0,0.5,0.0,0.3,-8.0,0.0,35.9,13.6,3.0,34.3,24.0,0.7,0.1,0.3,-32.3,-30.4,-16.4,-24.4,3.0,12.7,24.0,0.7,0.1,0.3,5.2,16.4,27.6,16.4,2.0,23.2,24.0,0.5,0.0,0.3,-21.2,-20.3,-19.4,-20.3,2.0,1.9,24.0,0.5,0.0,0.3,1.5,4.8,8.1,4.8,2.0,6.8,24.0,0.5,0.0,0.3,-9.7,-8.0,-6.4,-8.0,2.0,3.5,24.0,0.5,0.0,0.3,108.5,132.5,205.0,156.0,3.0,73.5,24.0,0.7,0.1,0.3,110.0,135.0,205.0,155.0,3.0,75.0,24.0,0.7,0.1,0.3
1974,2,135.0,35.0,8.0,8.0,8.0,8.0,1.0,0.0,12.0,1.0,0.0,0.4,1.32,2.0,2.68,2.0,2.0,1.41,10.0,1.0,0.3,0.6,4.26,4.26,4.26,4.26,1.0,0.0,10.0,1.0,0.5,0.9,91.2,91.2,91.2,91.2,1.0,0.0,10.0,1.0,0.9,10.45,11.85,13.25,11.85,2.0,2.9,10.0,1.0,0.3,0.6,5.19,6.13,7.07,6.13,2.0,1.95,10.0,1.0,0.3,0.6,-11.99,-9.68,-7.37,-9.68,2.0,4.78,10.0,1.0,0.3,0.6,1016.06,1016.4,1016.74,1016.4,2.0,0.71,10.0,1.0,0.3,0.6,7.2,7.5,7.8,7.5,2.0,0.7,10.0,1.0,0.3,0.6,67.3,69.8,72.4,69.8,2.0,5.3,10.0,1.0,0.3,0.6,-162.5,-121.6,-80.7,-121.6,2.0,84.7,10.0,1.0,0.3,0.6,,,,,,,,,,,,,,,,,,,,,,,,,,,,,,,,,,,,,,,,,8.6,10.9,13.2,10.9,2.0,4.8,10.0,1.0,0.3,0.6,-34.0,-22.7,-11.5,-22.7,2.0,23.3,10.0,1.0,0.3,0.6,20.2,20.2,20.2,20.2,1.0,0.0,10.0,1.0,0.5,0.9,-55.6,-55.6,-55.6,-55.6,1.0,0.0,10.0,1.0,0.5,0.9,,,,,,,,,,,,,,,,,,,,,,,,,,,,,,,,,,,,,,,,
1974,2,135.0,36.0,4.07,10.3,12.03,9.41,24.0,3.89,16.0,0.3,0.3,0.4,3.02,5.7,9.1,5.73,24.0,3.47,16.0,0.3,0.4,0.4,4.51,5.45,5.56,5.06,4.0,0.87,16.0,0.5,0.5,0.5,65.7,75.0,78.8,71.6,5.0,11.7,14.0,0.6,0.6,2.1,4.1,11.51,6.64,23.0,5.59,16.0,0.3,0.4,0.4,-1.69,1.35,8.93,2.54,23.0,5.5,16.0,0.3,0.4,0.4,-8.43,-3.76,0.0,-4.29,23.0,4.58,16.0,0.3,0.4,0.4,1014.8,1018.3,1024.45,1018.53,23.0,4.91,18.0,0.3,0.4,0.4,0.7,6.0,8.0,5.2,22.0,3.0,16.0,0.4,0.4,0.4,-4.1,2.8,98.7,36.2,23.0,87.4,16.0,0.3,0.4,0.4,-89.6,-16.0,0.0,-50.5,23.0,82.2,16.0,0.3,0.4,0.4,-0.3,2.9,9.26,3.84,23.0,5.1,16.0,0.3,0.3,0.4,-0.3,12.9,67.6,38.0,22.0,62.1,16.0,0.3,0.3,0.4,2.47,2.64,3.28,2.87,4.0,0.64,16.0,0.5,0.5,0.5,2.4,5.8,7.4,4.9,4.0,3.5,16.0,0.5,0.5,0.5,-7.1,10.6,30.0,14.3,23.0,29.1,16.0,0.3,0.4,0.4,-36.5,-17.7,1.8,-18.6,23.0,27.2,16.0,0.3,0.4,0.4,2.4,6.2,7.6,5.1,4.0,3.6,16.0,0.5,0.5,0.5,-7.1,0.7,5.3,-0.8,4.0,9.4,16.0,0.5,0.5,0.5,1.1,2.7,5.6,3.3,4.0,3.3,16.0,0.5,0.5,0.5,-3.3,0.7,2.7,-0.3,4.0,4.3,16.0,0.5,0.5,0.5,9.5,69.0,1533.0,1065.0,23.0,2242.0,16.0,0.3,0.4,0.4,10.0,70.0,1535.0,1065.0,23.0,2240.0,16.0,0.3,0.4,0.4
1974,2,135.0,37.0,8.17,10.35,11.58,9.98,12.0,2.26,12.0,0.4,0.4,0.3,-1.15,2.6,6.19,2.3,12.0,4.32,10.0,0.4,0.4,0.2,5.15,5.15,5.15,5.15,1.0,0.0,16.0,0.0,0.0,0.2,74.4,74.4,74.4,74.4,1.0,0.0,16.0,0.0,0.2,4.82,8.2,17.57,10.35,13.0,6.89,12.0,0.5,0.4,0.3,-0.45,1.7,13.08,4.09,13.0,7.82,12.0,0.5,0.4,0.3,-11.81,-5.37,0.26,-5.65,13.0,7.04,12.0,0.5,0.4,0.3,1014.97,1018.1,1025.24,1019.65,13.0,5.37,12.0,0.5,0.4,0.3,5.7,7.0,8.0,6.6,13.0,1.8,12.0,0.5,0.4,0.3,-2.8,16.7,183.0,72.2,13.0,161.7,12.0,0.5,0.4,0.3,-251.6,-33.3,0.8,-89.5,13.0,135.0,12.0,0.5,0.4,0.3,2.45,9.0,11.75,7.92,11.0,5.07,10.0,0.4,0.4,0.3,18.2,65.1,166.7,94.2,11.0,94.6,10.0,0.4,0.4,0.3,2.68,2.68,2.68,2.68,1.0,0.0,16.0,0.0,0.0,0.2,5.6,5.6,5.6,5.6,1.0,0.0,16.0,0.0,0.0,0.2,-18.7,3.9,16.4,0.8,12.0,21.1,10.0,0.4,0.4,0.2,-34.5,-5.9,20.1,-9.7,12.0,31.3,10.0,0.4,0.4,0.2,8.3,8.3,8.3,8.3,1.0,0.0,16.0,0.0,0.0,0.2,-7.0,-7.0,-7.0,-7.0,1.0,0.0,16.0,0.0,0.0,0.2,4.3,4.3,4.3,4.3,1.0,0.0,16.0,0.0,0.0,0.2,-3.6,-3.6,-3.6,-3.6,1.0,0.0,16.0,0.0,0.0,0.2,116.0,551.5,5606.5,2704.5,13.0,4404.5,12.0,0.5,0.4,0.3,115.0,550.0,5605.0,2705.0,13.0,4405.0,12.0,0.5,0.4,0.3
1974,2,135.0,38.0,5.0,6.6,8.39,6.27,15.0,2.39,18.0,0.6,0.5,0.5,-1.59,0.0,6.38,1.54,15.0,4.32,18.0,0.6,0.5,0.5,3.14,3.71,4.28,3.71,4.0,0.69,20.0,0.8,0.7,0.3,67.3,80.6,92.1,79.8,4.0,15.0,20.0,0.8,0.3,5.23,8.7,12.98,9.38,15.0,4.59,18.0,0.6,0.5,0.5,-6.35,0.0,3.84,-0.53,15.0,6.4,18.0,0.6,0.5,0.5,-11.53,-6.24,2.55,-4.75,15.0,7.07,18.0,0.6,0.5,0.5,1013.3,1018.6,1028.09,1019.04,15.0,6.71,18.0,0.6,0.5,0.5,4.1,7.5,8.0,6.5,14.0,2.0,18.0,0.6,0.5,0.5,-75.3,0.0,24.6,-4.8,15.0,95.2,18.0,0.6,0.5,0.5,-143.6,-44.9,13.0,-64.9,15.0,87.3,18.0,0.6,0.5,0.5,-0.33,5.3,8.08,4.73,15.0,5.17,18.0,0.6,0.5,0.5,-3.0,58.8,100.2,50.0,15.0,56.2,18.0,0.6,0.5,0.5,1.63,2.36,2.85,2.24,4.0,0.77,20.0,0.8,0.7,0.3,8.7,23.1,37.4,23.0,4.0,16.6,20.0,0.8,0.7,0.3,-11.6,0.0,10.1,-1.0,15.0,16.4,18.0,0.6,0.5,0.5,-28.1,11.0,34.3,9.2,15.0,32.1,18.0,0.6,0.5,0.5,-20.8,-7.3,10.4,-5.3,4.0,18.5,20.0,0.8,0.7,0.3,-36.1,-9.8,19.5,-8.3,4.0,32.3,20.0,0.8,0.7,0.3,-18.7,-8.3,4.8,-7.0,4.0,13.7,20.0,0.8,0.7,0.3,-32.4,-12.2,6.9,-12.7,4.0,22.6,20.0,0.8,0.7,0.3,144.5,658.5,2186.0,1398.0,15.0,1747.0,18.0,0.6,0.5,0.5,145.0,660.0,2185.0,1400.0,15.0,1745.0,18.0,0.6,0.5,0.5
1974,2,135.0,39.0,2.54,6.0,9.46,6.33,33.0,3.39,16.0,0.6,0.4,0.5,-4.95,-1.2,5.0,0.08,33.0,4.26,16.0,0.6,0.4,0.5,3.27,3.27,3.27,3.27,1.0,0.0,26.0,1.0,0.2,0.0,98.5,98.5,98.5,98.5,1.0,0.0,26.0,1.0,0.0,4.0,10.3,14.9,9.46,32.0,4.54,14.0,0.6,0.4,0.5,-2.57,5.55,9.69,4.28,32.0,6.24,14.0,0.6,0.4,0.5,-10.01,-5.13,3.17,-3.48,32.0,6.53,14.0,0.6,0.4,0.5,1010.92,1017.5,1025.52,1018.02,34.0,7.49,16.0,0.6,0.4,0.5,2.0,7.0,8.0,6.1,26.0,2.6,14.0,0.8,0.4,0.5,-10.5,43.3,142.9,53.1,32.0,82.7,14.0,0.6,0.4,0.5,-131.0,-42.8,13.1,-48.3,32.0,84.5,14.0,0.6,0.4,0.5,2.54,5.2,10.56,6.25,33.0,4.7,16.0,0.6,0.4,0.5,7.1,41.0,139.3,64.6,31.0,65.1,14.0,0.6,0.4,0.5,2.33,2.33,2.33,2.33,1.0,0.0,26.0,1.0,0.2,0.0,27.5,27.5,27.5,27.5,1.0,0.0,26.0,1.0,0.2,0.0,-42.2,-12.6,17.6,-12.2,31.0,31.7,14.0,0.6,0.4,0.5,-1.9,15.2,34.7,15.8,31.0,22.1,14.0,0.6,0.4,0.5,-29.5,-29.5,-29.5,-29.5,1.0,0.0,26.0,1.0,0.2,0.0,-24.8,-24.8,-24.8,-24.8,1.0,0.0,26.0,1.0,0.2,0.0,-21.0,-21.0,-21.0,-21.0,1.0,0.0,26.0,1.0,0.2,0.0,-17.7,-17.7,-17.7,-17.7,1.0,0.0,26.0,1.0,0.2,0.0,64.0,1100.5,3308.0,1394.0,32.0,1323.0,14.0,0.6,0.4,0.5,65.0,1100.0,3310.0,1395.0,32.0,1325.0,14.0,0.6,0.4,0.5
1974,2,135.0,40.0,1.61,3.9,6.0,4.04,20.0,2.47,18.0,0.4,0.4,0.4,-4.08,-2.0,2.57,-1.29,21.0,3.01,20.0,0.4,0.4,0.4,2.04,2.1,2.17,2.1,2.0,0.14,26.0,0.0,0.6,0.1,76.9,77.7,78.6,77.7,2.0,1.8,26.0,0.0,0.1,6.22,8.7,11.79,8.95,20.0,2.59,18.0,0.5,0.4,0.4,2.74,5.48,9.38,5.02,20.0,3.85,18.0,0.5,0.4,0.4,-9.49,-6.09,-3.1,-5.6,20.0,4.08,18.0,0.5,0.4,0.4,1012.09,1015.1,1022.27,1016.56,21.0,6.41,20.0,0.4,0.4,0.4,3.0,7.5,8.0,6.4,20.0,2.3,18.0,0.5,0.4,0.4,13.0,46.8,94.6,49.3,20.0,42.7,18.0,0.5,0.4,0.4,-100.0,-54.7,-19.3,-57.7,20.0,44.7,18.0,0.5,0.4,0.4,1.8,5.55,8.69,5.34,20.0,3.49,18.0,0.4,0.4,0.4,14.0,51.9,99.3,49.1,19.0,35.9,18.0,0.4,0.4,0.4,2.18,2.49,2.81,2.49,2.0,0.65,26.0,0.0,0.6,0.1,25.2,29.8,34.4,29.8,2.0,9.6,26.0,0.0,0.6,0.1,-29.8,-7.2,2.1,-10.3,20.0,20.6,18.0,0.5,0.4,0.4,-5.6,12.7,33.0,10.6,20.0,19.3,18.0,0.5,0.4,0.4,16.0,16.0,16.0,16.0,2.0,0.0,26.0,0.0,0.6,0.1,-19.1,-19.1,-19.1,-19.1,2.0,0.0,26.0,0.0,0.6,0.1,16.2,19.2,22.1,19.2,2.0,6.2,26.0,0.0,0.6,0.1,-26.4,-22.8,-19.3,-22.8,2.0,7.4,26.0,0.0,0.6,0.1,240.5,658.5,1640.0,883.0,20.0,632.5,18.0,0.5,0.4,0.4,240.0,660.0,1640.0,885.0,20.0,635.0,18.0,0.5,0.4,0.4
1974,2,135.0,41.0,1.0,2.0,5.0,3.06,13.0,2.58,16.0,0.5,0.5,0.4,-4.53,-2.0,-0.23,-1.64,11.0,4.24,18.0,0.5,0.4,0.4,4.65,4.65,4.65,4.65,1.0,0.0,18.0,1.0,0.4,0.8,63.4,63.4,63.4,63.4,1.0,0.0,18.0,1.0,0.8,6.15,7.2,10.53,8.09,12.0,3.52,16.0,0.5,0.5,0.3,0.0,4.98,7.62,4.7,12.0,4.25,16.0,0.5,0.5,0.3,-7.57,-5.0,-2.88,-5.13,12.0,3.6,16.0,0.5,0.5,0.3,1011.18,1020.4,1026.54,1018.44,13.0,7.41,16.0,0.5,0.5,0.4,0.0,3.0,7.1,3.5,13.0,3.2,16.0,0.5,0.5,0.4,0.0,38.0,78.1,49.2,12.0,60.4,16.0,0.5,0.5,0.3,-80.9,-33.3,-17.3,-50.5,12.0,49.4,16.0,0.5,0.5,0.3,2.4,6.0,7.83,4.71,11.0,5.02,18.0,0.5,0.4,0.4,20.7,42.7,70.4,38.3,10.0,40.8,18.0,0.4,0.4,0.3,-0.5,-0.5,-0.5,-0.5,1.0,0.0,18.0,1.0,0.4,0.8,-3.6,-3.6,-3.6,-3.6,1.0,0.0,18.0,1.0,0.4,0.8,-35.0,-13.9,-0.8,-18.3,10.0,18.1,18.0,0.4,0.4,0.3,0.0,10.2,28.6,8.3,10.0,31.4,18.0,0.4,0.4,0.3,0.0,0.0,0.0,0.0,1.0,0.0,18.0,1.0,0.4,0.8,-33.5,-33.5,-33.5,-33.5,1.0,0.0,18.0,1.0,0.4,0.8,0.0,0.0,0.0,0.0,1.0,0.0,18.0,1.0,0.4,0.8,3.6,3.6,3.6,3.6,1.0,0.0,18.0,1.0,0.4,0.8,232.5,373.0,1402.0,848.0,12.0,1192.5,16.0,0.5,0.5,0.3,235.0,375.0,1400.0,850.0,12.0,1190.0,16.0,0.5,0.5,0.3
1974,2,135.0,42.0,,,,,,,,,,,,,,,,,,,,,,,,,,,,,,,,,,,,,,,,4.04,8.2,11.62,7.87,79.0,3.62,14.0,0.5,0.4,0.3,-3.06,3.42,9.4,3.22,79.0,5.8,14.0,0.5,0.4,0.3,-8.06,-3.76,0.0,-3.63,79.0,4.27,14.0,0.5,0.4,0.3,1012.63,1018.6,1025.7,1018.85,85.0,6.73,14.0,0.5,0.4,0.3,,,,,,,,,,,,,,,,,,,,,,,,,,,,,,,,,,,,,,,,,,,,,,,,,,,,,,,,,,,,,,,,,,,,,,,,,,,,,,,,,,,,,,,,,,,,,,,,,,,,,,,,,,,,,,,,,,,,,,,,,,,,,,,,,,,,,,,,,,,,,,,,,,,,,,
1974,2,135.0,43.0,,,,,,,,,,,,,,,,,,,,,,,,,,,,,,,,,,,,,,,,4.81,8.7,14.29,9.04,37.0,5.22,14.0,0.6,0.4,0.5,-2.28,2.39,8.9,2.51,37.0,6.82,14.0,0.6,0.4,0.5,-8.89,-5.0,0.0,-4.84,37.0,5.83,14.0,0.6,0.4,0.5,1012.29,1017.4,1024.6,1017.9,36.0,5.45,14.0,0.6,0.4,0.5,,,,,,,,,,,,,,,,,,,,,,,,,,,,,,,,,,,,,,,,,,,,,,,,,,,,,,,,,,,,,,,,,,,,,,,,,,,,,,,,,,,,,,,,,,,,,,,,,,,,,,,,,,,,,,,,,,,,,,,,,,,,,,,,,,,,,,,,,,,,,,,,,,,,,,
1974,2,135.0,44.0,,,,,,,,,,,,,,,,,,,,,,,,,,,,,,,,,,,,,,,,8.03,9.8,11.92,9.97,3.0,2.85,14.0,1.0,0.7,0.1,4.99,6.24,7.77,6.38,3.0,2.04,14.0,1.0,0.7,0.1,-9.83,-4.9,-4.01,-6.87,3.0,4.59,14.0,1.0,0.7,0.1,1013.3,1016.3,1021.49,1017.37,3.0,6.07,14.0,1.0,0.7,0.1,,,,,,,,,,,,,,,,,,,,,,,,,,,,,,,,,,,,,,,,,,,,,,,,,,,,,,,,,,,,,,,,,,,,,,,,,,,,,,,,,,,,,,,,,,,,,,,,,,,,,,,,,,,,,,,,,,,,,,,,,,,,,,,,,,,,,,,,,,,,,,,,,,,,,,
1974,2,136.0,-44.0,14.7,14.7,14.7,14.7,1.0,0.0,12.0,1.0,0.7,0.6,13.1,13.1,13.1,13.1,1.0,0.0,12.0,1.0,0.7,0.6,6.21,6.21,6.21,6.21,1.0,0.0,12.0,1.0,0.7,0.6,66.5,66.5,66.5,66.5,1.0,0.0,12.0,1.0,0.6,8.2,8.2,8.2,8.2,1.0,0.0,12.0,1.0,0.7,0.6,6.28,6.28,6.28,6.28,1.0,0.0,12.0,1.0,0.7,0.6,-5.27,-5.27,-5.27,-5.27,1.0,0.0,12.0,1.0,0.7,0.6,1011.0,1011.0,1011.0,1011.0,1.0,0.0,12.0,1.0,0.7,0.6,8.0,8.0,8.0,8.0,1.0,0.0,12.0,1.0,0.7,0.6,51.5,51.5,51.5,51.5,1.0,0.0,12.0,1.0,0.7,0.6,-43.2,-43.2,-43.2,-43.2,1.0,0.0,12.0,1.0,0.7,0.6,1.6,1.6,1.6,1.6,1.0,0.0,12.0,1.0,0.7,0.6,13.1,13.1,13.1,13.1,1.0,0.0,12.0,1.0,0.7,0.6,4.18,4.18,4.18,4.18,1.0,0.0,12.0,1.0,0.7,0.6,34.3,34.3,34.3,34.3,1.0,0.0,12.0,1.0,0.7,0.6,82.3,82.3,82.3,82.3,1.0,0.0,12.0,1.0,0.7,0.6,-69.0,-69.0,-69.0,-69.0,1.0,0.0,12.0,1.0,0.7,0.6,39.0,39.0,39.0,39.0,1.0,0.0,12.0,1.0,0.7,0.6,-32.7,-32.7,-32.7,-32.7,1.0,0.0,12.0,1.0,0.7,0.6,26.3,26.3,26.3,26.3,1.0,0.0,12.0,1.0,0.7,0.6,-22.0,-22.0,-22.0,-22.0,1.0,0.0,12.0,1.0,0.7,0.6,551.5,551.5,551.5,551.5,1.0,0.0,12.0,1.0,0.7,0.6,550.0,550.0,550.0,550.0,1.0,0.0,12.0,1.0,0.7,0.6
1974,2,136.0,-41.0,16.0,16.0,16.0,16.0,1.0,0.0,12.0,0.0,0.4,0.7,14.5,14.5,14.5,14.5,1.0,0.0,12.0,0.0,0.4,0.7,8.48,8.48,8.48,8.48,1.0,0.0,12.0,0.0,0.4,0.7,83.3,83.3,83.3,83.3,1.0,0.0,12.0,0.0,0.7,5.1,5.1,5.1,5.1,1.0,0.0,12.0,0.0,0.4,0.7,5.02,5.02,5.02,5.02,1.0,0.0,12.0,0.0,0.4,0.7,0.89,0.89,0.89,0.89,1.0,0.0,12.0,0.0,0.4,0.7,1017.3,1017.3,1017.3,1017.3,1.0,0.0,12.0,0.0,0.4,0.7,5.0,5.0,5.0,5.0,1.0,0.0,12.0,0.0,0.4,0.7,25.6,25.6,25.6,25.6,1.0,0.0,12.0,0.0,0.4,0.7,4.5,4.5,4.5,4.5,1.0,0.0,12.0,0.0,0.4,0.7,1.5,1.5,1.5,1.5,1.0,0.0,12.0,0.0,0.4,0.7,7.7,7.7,7.7,7.7,1.0,0.0,12.0,0.0,0.4,0.7,2.75,2.75,2.75,2.75,1.0,0.0,12.0,0.0,0.4,0.7,14.0,14.0,14.0,14.0,1.0,0.0,12.0,0.0,0.4,0.7,72.8,72.8,72.8,72.8,1.0,0.0,12.0,0.0,0.4,0.7,12.8,12.8,12.8,12.8,1.0,0.0,12.0,0.0,0.4,0.7,42.6,42.6,42.6,42.6,1.0,0.0,12.0,0.0,0.4,0.7,7.5,7.5,7.5,7.5,1.0,0.0,12.0,0.0,0.4,0.7,13.8,13.8,13.8,13.8,1.0,0.0,12.0,0.0,0.4,0.7,2.4,2.4,2.4,2.4,1.0,0.0,12.0,0.0,0.4,0.7,132.5,132.5,132.5,132.5,1.0,0.0,12.0,0.0,0.4,0.7,135.0,135.0,135.0,135.0,1.0,0.0,12.0,0.0,0.4,0.7
1974,2,136.0,-40.0,17.2,17.2,17.2,17.2,1.0,0.0,6.0,0.0,0.1,0.1,12.6,12.6,12.6,12.6,1.0,0.0,6.0,0.0,0.1,0.1,6.49,6.49,6.49,6.49,1.0,0.0,6.0,0.0,0.1,0.1,72.1,72.1,72.1,72.1,1.0,0.0,6.0,0.0,0.1,15.4,15.4,15.4,15.4,1.0,0.0,6.0,0.0,0.1,0.1,2.67,2.67,2.67,2.67,1.0,0.0,6.0,0.0,0.1,0.1,15.17,15.17,15.17,15.17,1.0,0.0,6.0,0.0,0.1,0.1,1015.3,1015.3,1015.3,1015.3,1.0,0.0,6.0,0.0,0.1,0.1,6.0,6.0,6.0,6.0,1.0,0.0,6.0,0.0,0.1,0.1,41.2,41.2,41.2,41.2,1.0,0.0,6.0,0.0,0.1,0.1,233.6,233.6,233.6,233.6,1.0,0.0,6.0,0.0,0.1,0.1,4.6,4.6,4.6,4.6,1.0,0.0,6.0,0.0,0.1,0.1,70.8,70.8,70.8,70.8,1.0,0.0,6.0,0.0,0.1,0.1,5.67,5.67,5.67,5.67,1.0,0.0,6.0,0.0,0.1,0.1,87.3,87.3,87.3,87.3,1.0,0.0,6.0,0.0,0.1,0.1,33.7,33.7,33.7,33.7,1.0,0.0,6.0,0.0,0.1,0.1,191.1,191.1,191.1,191.1,1.0,0.0,6.0,0.0,0.1,0.1,17.4,17.4,17.4,17.4,1.0,0.0,6.0,0.0,0.1,0.1,98.4,98.4,98.4,98.4,1.0,0.0,6.0,0.0,0.1,0.1,15.2,15.2,15.2,15.2,1.0,0.0,6.0,0.0,0.1,0.1,86.0,86.0,86.0,86.0,1.0,0.0,6.0,0.0,0.1,0.1,3652.5,3652.5,3652.5,3652.5,1.0,0.0,6.0,0.0,0.1,0.1,3650.0,3650.0,3650.0,3650.0,1.0,0.0,6.0,0.0,0.1,0.1
1974,2,136.0,-39.0,17.17,18.45,19.0,18.1,4.0,1.19,24.0,1.0,0.4,0.9,17.88,19.45,19.84,19.02,6.0,1.06,20.0,1.0,0.4,0.9,9.56,9.85,11.26,10.4,5.0,1.32,20.0,1.0,0.4,0.9,69.6,73.8,81.7,75.5,5.0,7.5,20.0,1.0,0.9,3.86,5.1,7.3,5.12,6.0,2.38,20.0,1.0,0.4,0.9,-7.28,-2.51,0.87,-2.68,6.0,4.3,20.0,1.0,0.4,0.9,-0.99,1.16,3.15,0.73,6.0,3.05,20.0,1.0,0.4,0.9,1016.39,1020.65,1022.87,1019.0,6.0,5.79,20.0,1.0,0.4,0.9,0.8,6.5,8.0,5.0,6.0,3.6,20.0,1.0,0.4,0.9,-53.2,-12.8,3.5,-19.9,6.0,29.5,20.0,1.0,0.4,0.9,-5.0,5.6,14.9,3.4,6.0,15.6,20.0,1.0,0.4,0.9,-2.0,-0.75,0.02,-0.97,4.0,1.43,24.0,1.0,0.4,0.9,-9.4,-2.8,1.8,-3.8,4.0,7.4,24.0,1.0,0.4,0.9,1.39,2.37,3.6,2.49,4.0,1.36,24.0,1.0,0.4,0.9,4.8,6.7,15.9,10.2,4.0,8.8,24.0,1.0,0.4,0.9,-134.1,-46.9,16.8,-49.4,6.0,80.6,20.0,1.0,0.4,0.9,-19.8,21.2,60.0,12.4,6.0,59.0,20.0,1.0,0.4,0.9,-74.1,-22.1,13.7,-26.9,5.0,47.8,20.0,1.0,0.4,0.9,-22.1,9.2,18.8,-1.9,5.0,34.5,20.0,1.0,0.4,0.9,-12.8,-0.6,3.5,-4.5,4.0,12.7,24.0,1.0,0.4,0.9,-0.8,4.1,4.6,2.0,4.0,4.8,24.0,1.0,0.4,0.9,77.5,132.5,390.5,199.0,6.0,176.0,20.0,1.0,0.4,0.9,75.0,135.0,390.0,200.0,6.0,175.0,20.0,1.0,0.4,0.9
1974,2,136.0,-38.0,18.3,18.3,18.37,18.33,3.0,0.06,12.0,0.7,0.3,0.3,15.32,17.4,18.33,17.13,6.0,1.72,16.0,0.5,0.2,0.2,7.37,10.79,11.49,9.72,6.0,2.34,16.0,0.5,0.2,0.2,68.5,84.1,88.5,79.1,6.0,13.0,16.0,0.5,0.2,5.46,6.95,9.92,7.38,6.0,3.24,16.0,0.5,0.2,0.2,-4.24,-2.09,2.39,-0.49,6.0,6.31,16.0,0.5,0.2,0.2,-1.23,3.1,6.84,2.82,6.0,5.12,16.0,0.5,0.2,0.2,1010.63,1013.0,1018.01,1014.18,6.0,4.4,16.0,0.5,0.2,0.2,1.6,4.5,8.0,4.5,6.0,3.2,16.0,0.5,0.2,0.2,-29.8,-10.8,29.4,8.3,6.0,67.5,16.0,0.5,0.2,0.2,-11.6,19.2,53.2,19.3,6.0,47.3,16.0,0.5,0.2,0.2,-0.44,1.4,2.7,1.13,3.0,2.31,12.0,0.7,0.3,0.3,-7.9,9.4,23.9,8.0,3.0,23.4,12.0,0.7,0.3,0.3,1.94,2.58,5.66,3.77,3.0,2.91,12.0,0.7,0.3,0.3,18.2,20.2,51.4,34.5,3.0,27.3,12.0,0.7,0.3,0.3,-74.4,-35.2,46.8,-3.6,6.0,119.2,16.0,0.5,0.2,0.2,-23.5,47.7,116.4,42.2,6.0,85.4,16.0,0.5,0.2,0.2,-46.0,-19.6,27.4,-2.9,6.0,70.8,16.0,0.5,0.2,0.2,-14.1,24.0,57.2,19.5,6.0,44.7,16.0,0.5,0.2,0.2,-15.4,-11.4,9.3,-3.2,3.0,19.5,12.0,0.7,0.3,0.3,-4.7,0.0,44.3,19.3,3.0,39.6,12.0,0.7,0.3,0.3,192.5,337.0,1022.5,599.0,6.0,669.5,16.0,0.5,0.2,0.2,195.0,335.0,1025.0,600.0,6.0,670.0,16.0,0.5,0.2,0.2
1974,2,136.0,-36.0,18.81,20.35,21.0,19.93,4.0,1.42,14.0,0.8,0.5,0.6,17.95,19.2,19.71,18.85,4.0,1.3,14.0,0.8,0.5,0.6,8.19,9.39,11.73,9.93,4.0,2.22,14.0,0.8,0.5,0.6,62.3,72.7,84.9,73.6,4.0,14.6,14.0,0.8,0.6,4.1,5.4,7.22,5.65,4.0,1.84,14.0,0.8,0.5,0.6,-4.18,-2.37,0.36,-1.93,4.0,2.72,14.0,0.8,0.5,0.6,1.55,4.59,6.42,4.01,4.0,3.48,14.0,0.8,0.5,0.6,1013.48,1015.9,1017.95,1015.73,4.0,2.59,14.0,0.8,0.5,0.6,1.0,1.0,3.6,2.3,4.0,2.5,14.0,0.8,0.5,0.6,-23.0,-9.7,4.0,-9.5,4.0,16.9,14.0,0.8,0.5,0.6,6.4,25.5,47.0,26.6,4.0,26.1,14.0,0.8,0.5,0.6,0.63,1.0,1.52,1.08,4.0,0.7,14.0,0.8,0.5,0.6,2.6,5.9,10.7,6.6,4.0,5.2,14.0,0.8,0.5,0.6,2.99,4.78,6.07,4.54,4.0,2.34,14.0,0.8,0.5,0.6,12.3,25.9,44.4,28.2,4.0,20.9,14.0,0.8,0.5,0.6,-80.2,-45.2,8.2,-36.4,4.0,52.9,14.0,0.8,0.5,0.6,25.4,83.1,125.9,76.0,4.0,69.1,14.0,0.8,0.5,0.6,-48.7,-25.6,3.0,-23.0,4.0,30.4,14.0,0.8,0.5,0.6,10.8,43.4,58.5,35.1,4.0,32.0,14.0,0.8,0.5,0.6,-13.8,-4.6,3.4,-5.2,4.0,12.5,14.0,0.8,0.5,0.6,8.5,22.0,40.3,24.3,4.0,22.8,14.0,0.8,0.5,0.6,69.0,185.0,382.5,224.0,4.0,190.0,14.0,0.8,0.5,0.6,70.0,185.0,380.0,225.0,4.0,190.0,14.0,0.8,0.5,0.6
1974,2,136.0,-14.0,28.16,28.5,28.84,28.5,2.0,0.71,18.0,0.5,0.7,0.6,28.09,29.8,31.51,29.8,2.0,3.54,18.0,0.5,0.7,0.6,20.03,20.5,20.97,20.5,2.0,0.98,18.0,0.5,0.7,0.6,69.4,78.8,88.2,78.8,2.0,19.5,18.0,0.5,0.6,5.27,5.65,6.03,5.65,2.0,0.78,18.0,0.5,0.7,0.6,-3.38,-1.15,1.08,-1.15,2.0,4.62,18.0,0.5,0.7,0.6,-5.31,-4.19,-3.07,-4.19,2.0,2.32,18.0,0.5,0.7,0.6,1004.16,1004.5,1004.84,1004.5,2.0,0.71,18.0,0.5,0.7,0.6,3.6,5.0,6.4,5.0,2.0,2.8,18.0,0.5,0.7,0.6,-16.9,-4.7,7.5,-4.7,2.0,25.2,18.0,0.5,0.7,0.6,-32.5,-24.6,-16.7,-24.6,2.0,16.3,18.0,0.5,0.7,0.6,-2.67,-1.3,0.07,-1.3,2.0,2.83,18.0,0.5,0.7,0.6,-13.5,-6.2,1.0,-6.2,2.0,15.0,18.0,0.5,0.7,0.6,3.13,4.09,5.05,4.09,2.0,1.98,18.0,0.5,0.7,0.6,18.4,22.3,26.2,22.3,2.0,8.0,18.0,0.5,0.7,0.6,-110.8,-42.4,26.1,-42.4,2.0,141.8,18.0,0.5,0.7,0.6,-146.9,-120.7,-94.5,-120.7,2.0,54.2,18.0,0.5,0.7,0.6,-66.5,-21.3,23.9,-21.3,2.0,93.7,18.0,0.5,0.7,0.6,-111.9,-87.0,-62.1,-87.0,2.0,51.6,18.0,0.5,0.7,0.6,-19.5,-9.3,0.9,-9.3,2.0,21.2,18.0,0.5,0.7,0.6,-15.4,-14.8,-14.3,-14.8,2.0,1.2,18.0,0.5,0.7,0.6,149.5,185.5,221.5,185.5,2.0,74.5,18.0,0.5,0.7,0.6,150.0,185.0,220.0,185.0,2.0,75.0,18.0,0.5,0.7,0.6
1974,2,136.0,-11.0,27.98,28.2,28.54,28.3,7.0,0.58,18.0,0.6,0.4,0.4,27.06,28.0,28.94,27.94,8.0,1.4,18.0,0.6,0.4,0.4,18.5,19.4,20.71,19.57,6.0,1.41,18.0,0.5,0.3,0.4,82.8,84.0,87.9,85.0,6.0,3.6,18.0,0.5,0.4,6.81,8.45,9.3,7.59,8.0,2.63,18.0,0.6,0.4,0.4,3.57,7.35,8.12,6.38,8.0,2.72,18.0,0.6,0.4,0.4,-5.64,-2.07,-0.08,-2.82,8.0,3.1,18.0,0.6,0.4,0.4,1003.4,1004.0,1006.31,1005.12,9.0,2.5,18.0,0.7,0.4,0.4,4.2,7.0,8.0,6.5,8.0,1.8,18.0,0.6,0.4,0.4,31.3,60.8,70.6,52.7,8.0,26.7,18.0,0.6,0.4,0.4,-52.3,-16.6,-0.1,-24.6,8.0,29.6,18.0,0.6,0.4,0.4,0.09,0.5,0.99,0.51,7.0,1.44,18.0,0.6,0.4,0.4,2.0,5.6,11.7,7.4,6.0,9.3,18.0,0.5,0.3,0.4,3.9,5.07,5.8,4.82,6.0,1.38,18.0,0.5,0.3,0.4,33.1,51.1,53.6,44.7,5.0,11.8,18.0,0.4,0.2,0.4,85.2,203.0,212.9,164.9,7.0,71.9,18.0,0.6,0.3,0.4,-173.7,-75.6,-21.5,-89.7,7.0,86.4,18.0,0.6,0.3,0.4,101.9,145.4,147.8,125.6,5.0,38.2,18.0,0.4,0.2,0.4,-137.3,-52.9,-16.9,-73.0,5.0,67.9,18.0,0.4,0.2,0.4,24.7,35.2,43.9,34.6,5.0,12.7,18.0,0.4,0.2,0.4,-38.9,-19.0,-3.9,-21.5,5.0,20.0,18.0,0.4,0.2,0.4,318.0,605.0,804.5,548.0,8.0,286.5,18.0,0.6,0.4,0.4,320.0,605.0,805.0,550.0,8.0,285.0,18.0,0.6,0.4,0.4
1974,2,136.0,-10.0,27.9,28.5,29.52,28.7,4.0,1.01,12.0,0.8,0.3,0.6,27.69,28.3,28.91,28.3,4.0,0.77,12.0,0.8,0.3,0.6,19.16,19.74,22.89,20.97,4.0,3.12,12.0,0.8,0.3,0.6,79.9,83.1,93.0,86.3,4.0,9.5,12.0,0.8,0.6,6.1,7.7,9.3,7.7,4.0,2.16,12.0,0.8,0.3,0.6,4.82,5.82,7.19,5.99,4.0,1.43,12.0,0.8,0.3,0.6,-6.76,-4.16,-1.8,-4.27,4.0,3.07,12.0,0.8,0.3,0.6,1004.25,1005.45,1005.7,1005.0,4.0,1.15,12.0,0.8,0.3,0.6,6.0,6.5,7.5,6.8,4.0,1.0,12.0,0.8,0.3,0.6,29.3,48.3,65.8,47.6,4.0,21.2,12.0,0.8,0.3,0.6,-61.5,-31.4,-13.3,-37.1,4.0,32.8,12.0,0.8,0.3,0.6,-0.45,0.8,1.21,0.4,4.0,1.24,12.0,0.8,0.3,0.6,-4.0,4.7,10.0,3.1,4.0,10.7,12.0,0.8,0.3,0.6,0.97,5.41,6.73,3.92,4.0,4.14,12.0,0.8,0.3,0.6,5.9,32.1,53.1,29.6,4.0,35.9,12.0,0.8,0.3,0.6,133.4,165.0,208.0,170.4,4.0,45.2,12.0,0.8,0.3,0.6,-190.2,-116.5,-52.0,-120.9,4.0,86.9,12.0,0.8,0.3,0.6,92.4,113.1,166.1,128.5,4.0,49.5,12.0,0.8,0.3,0.6,-133.7,-89.8,-42.9,-88.4,4.0,59.3,12.0,0.8,0.3,0.6,1.2,26.4,39.6,20.7,4.0,26.4,12.0,0.8,0.3,0.6,-39.7,-14.7,0.2,-19.5,4.0,26.2,12.0,0.8,0.3,0.6,247.0,462.5,835.0,537.5,4.0,408.0,12.0,0.8,0.3,0.6,245.0,460.0,835.0,535.0,4.0,410.0,12.0,0.8,0.3,0.6
1974,2,136.0,-9.0,27.7,27.9,28.1,27.9,2.0,0.42,6.0,0.0,0.8,0.4,26.7,26.9,27.1,26.9,2.0,0.42,6.0,0.0,0.8,0.4,18.94,19.02,19.11,19.02,2.0,0.18,6.0,0.0,0.8,0.4,84.5,85.2,85.9,85.2,2.0,1.4,6.0,0.0,0.4,5.35,5.9,6.45,5.9,2.0,1.13,6.0,0.0,0.8,0.4,5.22,5.66,6.09,5.66,2.0,0.9,6.0,0.0,0.8,0.4,-1.79,-0.7,0.38,-0.7,2.0,2.25,6.0,0.0,0.8,0.4,1002.82,1003.3,1003.78,1003.3,2.0,0.99,6.0,0.0,0.8,0.4,7.2,7.5,7.8,7.5,2.0,0.7,6.0,0.0,0.8,0.4,28.2,33.9,39.6,33.9,2.0,11.7,6.0,0.0,0.8,0.4,-12.2,-5.4,1.4,-5.4,2.0,14.1,6.0,0.0,0.8,0.4,0.59,1.0,1.41,1.0,2.0,0.85,6.0,0.0,0.8,0.4,3.4,6.4,9.3,6.4,2.0,6.1,6.0,0.0,0.8,0.4,4.37,4.73,5.1,4.73,2.0,0.76,6.0,0.0,0.8,0.4,23.6,28.3,33.1,28.3,2.0,9.8,6.0,0.0,0.8,0.4,141.5,152.0,162.6,152.0,2.0,21.8,6.0,0.0,0.8,0.4,-47.5,-18.4,10.6,-18.4,2.0,60.1,6.0,0.0,0.8,0.4,99.8,107.6,115.3,107.6,2.0,16.1,6.0,0.0,0.8,0.4,-33.7,-13.2,7.4,-13.2,2.0,42.6,6.0,0.0,0.8,0.4,23.0,27.1,31.2,27.1,2.0,8.5,6.0,0.0,0.8,0.4,-9.6,-4.2,1.2,-4.2,2.0,11.2,6.0,0.0,0.8,0.4,159.5,216.5,274.0,216.5,2.0,119.0,6.0,0.0,0.8,0.4,160.0,215.0,275.0,215.0,2.0,120.0,6.0,0.0,0.8,0.4
1974,2,136.0,-8.0,28.1,28.3,29.46,28.77,3.0,1.08,8.0,0.0,0.2,0.5,26.32,27.0,27.68,27.0,3.0,1.0,8.0,0.0,0.2,0.5,17.85,18.65,18.72,18.29,3.0,0.71,8.0,0.0,0.2,0.5,79.7,82.5,83.3,81.5,3.0,2.8,8.0,0.0,0.5,5.29,5.7,8.16,6.7,3.0,2.27,8.0,0.0,0.2,0.5,4.96,5.02,6.46,5.69,3.0,1.24,8.0,0.0,0.2,0.5,-4.99,-2.85,-0.3,-2.65,3.0,3.44,8.0,0.0,0.2,0.5,1003.54,1004.7,1005.11,1004.33,3.0,1.19,8.0,0.0,0.2,0.5,6.3,7.0,7.7,7.0,2.0,1.4,8.0,0.0,0.1,0.5,26.4,28.1,54.2,40.0,3.0,22.8,8.0,0.0,0.2,0.5,-43.1,-16.2,-2.1,-22.4,3.0,30.5,8.0,0.0,0.2,0.5,0.73,2.3,2.78,1.77,3.0,1.57,8.0,0.0,0.2,0.5,5.4,17.1,20.0,12.8,3.0,11.3,8.0,0.0,0.2,0.5,5.73,6.86,7.69,6.71,3.0,1.44,8.0,0.0,0.2,0.5,32.7,46.0,58.1,45.4,3.0,18.6,8.0,0.0,0.2,0.5,135.6,140.6,171.1,153.0,3.0,28.1,8.0,0.0,0.2,0.5,-130.5,-76.9,-7.5,-69.2,3.0,90.4,8.0,0.0,0.2,0.5,92.9,93.7,114.7,103.6,3.0,18.1,8.0,0.0,0.2,0.5,-88.3,-53.5,-5.7,-47.1,3.0,60.7,8.0,0.0,0.2,0.5,30.5,39.8,46.0,38.3,3.0,11.4,8.0,0.0,0.2,0.5,-35.3,-23.0,-4.2,-19.8,3.0,23.0,8.0,0.0,0.2,0.5,149.5,185.0,608.0,374.0,3.0,373.5,8.0,0.0,0.2,0.5,150.0,185.0,610.0,375.0,3.0,375.0,8.0,0.0,0.2,0.5
1974,2,136.0,-1.0,28.96,29.1,29.24,29.1,2.0,0.28,12.0,0.5,0.6,0.8,28.16,28.5,28.84,28.5,2.0,0.71,12.0,0.5,0.6,0.8,17.96,18.73,19.5,18.73,2.0,1.59,12.0,0.5,0.6,0.8,75.0,76.7,78.3,76.7,2.0,3.4,12.0,0.5,0.8,0.73,2.3,3.87,2.3,2.0,3.25,12.0,0.5,0.6,0.8,0.63,1.99,3.35,1.99,2.0,2.82,12.0,0.5,0.6,0.8,0.37,1.15,1.93,1.15,2.0,1.63,12.0,0.5,0.6,0.8,1007.71,1008.15,1008.59,1008.15,2.0,0.92,12.0,0.5,0.6,0.8,5.3,6.0,6.7,6.0,2.0,1.4,12.0,0.5,0.6,0.8,2.9,9.2,15.4,9.2,2.0,13.0,12.0,0.5,0.6,0.8,1.7,5.3,8.9,5.3,2.0,7.5,12.0,0.5,0.6,0.8,0.12,0.6,1.08,0.6,2.0,0.99,12.0,0.5,0.6,0.8,0.9,3.0,5.0,3.0,2.0,4.2,12.0,0.5,0.6,0.8,5.66,6.64,7.63,6.64,2.0,2.04,12.0,0.5,0.6,0.8,5.9,18.6,31.3,18.6,2.0,26.3,12.0,0.5,0.6,0.8,17.7,55.8,93.8,55.8,2.0,78.9,12.0,0.5,0.6,0.8,10.2,32.2,54.2,32.2,2.0,45.5,12.0,0.5,0.6,0.8,11.1,35.1,59.0,35.1,2.0,49.6,12.0,0.5,0.6,0.8,6.4,20.2,34.1,20.2,2.0,28.6,12.0,0.5,0.6,0.8,5.1,16.1,27.1,16.1,2.0,22.8,12.0,0.5,0.6,0.8,3.0,9.3,15.6,9.3,2.0,13.1,12.0,0.5,0.6,0.8,15.5,48.5,82.0,48.5,2.0,69.0,12.0,0.5,0.6,0.8,15.0,50.0,80.0,50.0,2.0,70.0,12.0,0.5,0.6,0.8
1974,2,136.0,4.0,29.4,29.4,29.4,29.4,1.0,0.0,16.0,1.0,0.5,0.8,26.1,26.1,26.1,26.1,1.0,0.0,16.0,1.0,0.5,0.8,15.97,15.97,15.97,15.97,1.0,0.0,16.0,1.0,0.5,0.8,75.3,75.3,75.3,75.3,1.0,0.0,16.0,1.0,0.8,7.7,7.7,7.7,7.7,1.0,0.0,16.0,1.0,0.5,0.8,-4.95,-4.95,-4.95,-4.95,1.0,0.0,16.0,1.0,0.5,0.8,-5.9,-5.9,-5.9,-5.9,1.0,0.0,16.0,1.0,0.5,0.8,1006.3,1006.3,1006.3,1006.3,1.0,0.0,16.0,1.0,0.5,0.8,8.0,8.0,8.0,8.0,1.0,0.0,16.0,1.0,0.5,0.8,-38.1,-38.1,-38.1,-38.1,1.0,0.0,16.0,1.0,0.5,0.8,-45.4,-45.4,-45.4,-45.4,1.0,0.0,16.0,1.0,0.5,0.8,3.3,3.3,3.3,3.3,1.0,0.0,16.0,1.0,0.5,0.8,25.4,25.4,25.4,25.4,1.0,0.0,16.0,1.0,0.5,0.8,9.9,9.9,9.9,9.9,1.0,0.0,16.0,1.0,0.5,0.8,76.2,76.2,76.2,76.2,1.0,0.0,16.0,1.0,0.5,0.8,-129.2,-129.2,-129.2,-129.2,1.0,0.0,16.0,1.0,0.5,0.8,-154.0,-154.0,-154.0,-154.0,1.0,0.0,16.0,1.0,0.5,0.8,-79.1,-79.1,-79.1,-79.1,1.0,0.0,16.0,1.0,0.5,0.8,-94.2,-94.2,-94.2,-94.2,1.0,0.0,16.0,1.0,0.5,0.8,-49.0,-49.0,-49.0,-49.0,1.0,0.0,16.0,1.0,0.5,0.8,-58.4,-58.4,-58.4,-58.4,1.0,0.0,16.0,1.0,0.5,0.8,456.5,456.5,456.5,456.5,1.0,0.0,16.0,1.0,0.5,0.8,455.0,455.0,455.0,455.0,1.0,0.0,16.0,1.0,0.5,0.8
1974,2,136.0,7.0,27.4,27.4,27.4,27.4,1.0,0.0,26.0,1.0,0.7,0.7,27.6,27.6,27.6,27.6,1.0,0.0,26.0,1.0,0.7,0.7,19.06,19.06,19.06,19.06,1.0,0.0,26.0,1.0,0.7,0.7,82.2,82.2,82.2,82.2,1.0,0.0,26.0,1.0,0.7,9.3,9.3,9.3,9.3,1.0,0.0,26.0,1.0,0.7,0.7,-7.12,-7.12,-7.12,-7.12,1.0,0.0,26.0,1.0,0.7,0.7,-5.98,-5.98,-5.98,-5.98,1.0,0.0,26.0,1.0,0.7,0.7,1007.4,1007.4,1007.4,1007.4,1.0,0.0,26.0,1.0,0.7,0.7,5.0,5.0,5.0,5.0,1.0,0.0,26.0,1.0,0.7,0.7,-66.3,-66.3,-66.3,-66.3,1.0,0.0,26.0,1.0,0.7,0.7,-55.6,-55.6,-55.6,-55.6,1.0,0.0,26.0,1.0,0.7,0.7,-0.2,-0.2,-0.2,-0.2,1.0,0.0,26.0,1.0,0.7,0.7,-1.9,-1.9,-1.9,-1.9,1.0,0.0,26.0,1.0,0.7,0.7,3.9,3.9,3.9,3.9,1.0,0.0,26.0,1.0,0.7,0.7,36.3,36.3,36.3,36.3,1.0,0.0,26.0,1.0,0.7,0.7,-196.6,-196.6,-196.6,-196.6,1.0,0.0,26.0,1.0,0.7,0.7,-165.0,-165.0,-165.0,-165.0,1.0,0.0,26.0,1.0,0.7,0.7,-135.8,-135.8,-135.8,-135.8,1.0,0.0,26.0,1.0,0.7,0.7,-113.9,-113.9,-113.9,-113.9,1.0,0.0,26.0,1.0,0.7,0.7,-27.8,-27.8,-27.8,-27.8,1.0,0.0,26.0,1.0,0.7,0.7,-23.3,-23.3,-23.3,-23.3,1.0,0.0,26.0,1.0,0.7,0.7,804.5,804.5,804.5,804.5,1.0,0.0,26.0,1.0,0.7,0.7,805.0,805.0,805.0,805.0,1.0,0.0,26.0,1.0,0.7,0.7
1974,2,136.0,9.0,27.0,27.0,27.0,27.0,1.0,0.0,26.0,1.0,0.4,0.1,27.6,27.6,27.6,27.6,1.0,0.0,26.0,1.0,0.4,0.1,18.75,18.75,18.75,18.75,1.0,0.0,26.0,1.0,0.4,0.1,80.8,80.8,80.8,80.8,1.0,0.0,26.0,1.0,0.1,9.3,9.3,9.3,9.3,1.0,0.0,26.0,1.0,0.4,0.1,-7.12,-7.12,-7.12,-7.12,1.0,0.0,26.0,1.0,0.4,0.1,-5.98,-5.98,-5.98,-5.98,1.0,0.0,26.0,1.0,0.4,0.1,1005.7,1005.7,1005.7,1005.7,1.0,0.0,26.0,1.0,0.4,0.1,4.0,4.0,4.0,4.0,1.0,0.0,26.0,1.0,0.4,0.1,-66.3,-66.3,-66.3,-66.3,1.0,0.0,26.0,1.0,0.4,0.1,-55.6,-55.6,-55.6,-55.6,1.0,0.0,26.0,1.0,0.4,0.1,-0.6,-0.6,-0.6,-0.6,1.0,0.0,26.0,1.0,0.4,0.1,-5.6,-5.6,-5.6,-5.6,1.0,0.0,26.0,1.0,0.4,0.1,3.71,3.71,3.71,3.71,1.0,0.0,26.0,1.0,0.4,0.1,34.5,34.5,34.5,34.5,1.0,0.0,26.0,1.0,0.4,0.1,-196.6,-196.6,-196.6,-196.6,1.0,0.0,26.0,1.0,0.4,0.1,-165.0,-165.0,-165.0,-165.0,1.0,0.0,26.0,1.0,0.4,0.1,-133.6,-133.6,-133.6,-133.6,1.0,0.0,26.0,1.0,0.4,0.1,-112.1,-112.1,-112.1,-112.1,1.0,0.0,26.0,1.0,0.4,0.1,-26.5,-26.5,-26.5,-26.5,1.0,0.0,26.0,1.0,0.4,0.1,-22.2,-22.2,-22.2,-22.2,1.0,0.0,26.0,1.0,0.4,0.1,804.5,804.5,804.5,804.5,1.0,0.0,26.0,1.0,0.4,0.1,805.0,805.0,805.0,805.0,1.0,0.0,26.0,1.0,0.4,0.1
1974,2,136.0,10.0,28.0,28.0,28.0,28.0,1.0,0.0,20.0,1.0,0.1,0.3,28.0,28.0,28.0,28.0,1.0,0.0,20.0,1.0,0.1,0.3,18.55,18.55,18.55,18.55,1.0,0.0,20.0,1.0,0.1,0.3,78.4,78.4,78.4,78.4,1.0,0.0,20.0,1.0,0.3,6.7,6.7,6.7,6.7,1.0,0.0,20.0,1.0,0.1,0.3,-6.3,-6.3,-6.3,-6.3,1.0,0.0,20.0,1.0,0.1,0.3,-2.29,-2.29,-2.29,-2.29,1.0,0.0,20.0,1.0,0.1,0.3,1010.2,1010.2,1010.2,1010.2,1.0,0.0,20.0,1.0,0.1,0.3,6.0,6.0,6.0,6.0,1.0,0.0,20.0,1.0,0.1,0.3,-42.2,-42.2,-42.2,-42.2,1.0,0.0,20.0,1.0,0.1,0.3,-15.4,-15.4,-15.4,-15.4,1.0,0.0,20.0,1.0,0.1,0.3,0.0,0.0,0.0,0.0,1.0,0.0,20.0,1.0,0.1,0.3,0.0,0.0,0.0,0.0,1.0,0.0,20.0,1.0,0.1,0.3,5.18,5.18,5.18,5.18,1.0,0.0,20.0,1.0,0.1,0.3,34.7,34.7,34.7,34.7,1.0,0.0,20.0,1.0,0.1,0.3,-176.3,-176.3,-176.3,-176.3,1.0,0.0,20.0,1.0,0.1,0.3,-64.2,-64.2,-64.2,-64.2,1.0,0.0,20.0,1.0,0.1,0.3,-116.8,-116.8,-116.8,-116.8,1.0,0.0,20.0,1.0,0.1,0.3,-42.5,-42.5,-42.5,-42.5,1.0,0.0,20.0,1.0,0.1,0.3,-32.6,-32.6,-32.6,-32.6,1.0,0.0,20.0,1.0,0.1,0.3,-11.9,-11.9,-11.9,-11.9,1.0,0.0,20.0,1.0,0.1,0.3,301.0,301.0,301.0,301.0,1.0,0.0,20.0,1.0,0.1,0.3,300.0,300.0,300.0,300.0,1.0,0.0,20.0,1.0,0.1,0.3
1974,2,136.0,11.0,30.0,30.0,30.0,30.0,1.0,0.0,8.0,1.0,0.0,0.9,28.5,28.5,28.5,28.5,1.0,0.0,8.0,1.0,0.0,0.9,17.58,17.58,17.58,17.58,1.0,0.0,8.0,1.0,0.0,0.9,72.1,72.1,72.1,72.1,1.0,0.0,8.0,1.0,0.9,6.7,6.7,6.7,6.7,1.0,0.0,8.0,1.0,0.0,0.9,-5.13,-5.13,-5.13,-5.13,1.0,0.0,8.0,1.0,0.0,0.9,-4.31,-4.31,-4.31,-4.31,1.0,0.0,8.0,1.0,0.0,0.9,1008.8,1008.8,1008.8,1008.8,1.0,0.0,8.0,1.0,0.0,0.9,2.0,2.0,2.0,2.0,1.0,0.0,8.0,1.0,0.0,0.9,-34.4,-34.4,-34.4,-34.4,1.0,0.0,8.0,1.0,0.0,0.9,-28.9,-28.9,-28.9,-28.9,1.0,0.0,8.0,1.0,0.0,0.9,1.5,1.5,1.5,1.5,1.0,0.0,8.0,1.0,0.0,0.9,10.1,10.1,10.1,10.1,1.0,0.0,8.0,1.0,0.0,0.9,9.15,9.15,9.15,9.15,1.0,0.0,8.0,1.0,0.0,0.9,61.3,61.3,61.3,61.3,1.0,0.0,8.0,1.0,0.0,0.9,-146.3,-146.3,-146.3,-146.3,1.0,0.0,8.0,1.0,0.0,0.9,-122.7,-122.7,-122.7,-122.7,1.0,0.0,8.0,1.0,0.0,0.9,-90.2,-90.2,-90.2,-90.2,1.0,0.0,8.0,1.0,0.0,0.9,-75.7,-75.7,-75.7,-75.7,1.0,0.0,8.0,1.0,0.0,0.9,-47.0,-47.0,-47.0,-47.0,1.0,0.0,8.0,1.0,0.0,0.9,-39.4,-39.4,-39.4,-39.4,1.0,0.0,8.0,1.0,0.0,0.9,301.0,301.0,301.0,301.0,1.0,0.0,8.0,1.0,0.0,0.9,300.0,300.0,300.0,300.0,1.0,0.0,8.0,1.0,0.0,0.9
1974,2,136.0,12.0,28.41,28.65,28.89,28.65,2.0,0.49,22.0,0.5,0.6,0.7,27.53,27.6,27.67,27.6,2.0,0.14,22.0,0.5,0.6,0.7,19.59,19.59,19.59,19.59,1.0,0.0,28.0,1.0,0.4,0.8,84.2,84.2,84.2,84.2,1.0,0.0,28.0,1.0,0.8,5.51,6.4,7.29,6.4,2.0,1.84,22.0,0.5,0.6,0.7,-6.88,-6.13,-5.37,-6.13,2.0,1.56,22.0,0.5,0.6,0.7,-2.36,-1.76,-1.16,-1.76,2.0,1.24,22.0,0.5,0.6,0.7,1010.5,1011.15,1011.8,1011.15,2.0,1.34,22.0,0.5,0.6,0.7,6.0,6.0,6.0,6.0,1.0,0.0,28.0,1.0,0.4,0.8,-50.9,-40.7,-30.4,-40.7,2.0,21.3,22.0,0.5,0.6,0.7,-17.8,-12.4,-7.0,-12.4,2.0,11.1,22.0,0.5,0.6,0.7,0.74,1.05,1.36,1.05,2.0,0.64,22.0,0.5,0.6,0.7,5.1,6.1,7.2,6.1,2.0,2.1,22.0,0.5,0.6,0.7,4.56,4.56,4.56,4.56,1.0,0.0,28.0,1.0,0.4,0.8,35.1,35.1,35.1,35.1,1.0,0.0,28.0,1.0,0.4,0.8,-190.5,-169.3,-148.0,-169.3,2.0,44.1,22.0,0.5,0.6,0.7,-65.2,-48.7,-32.1,-48.7,2.0,34.4,22.0,0.5,0.6,0.7,-141.8,-141.8,-141.8,-141.8,1.0,0.0,28.0,1.0,0.4,0.8,-51.6,-51.6,-51.6,-51.6,1.0,0.0,28.0,1.0,0.4,0.8,-33.0,-33.0,-33.0,-33.0,1.0,0.0,28.0,1.0,0.4,0.8,-12.0,-12.0,-12.0,-12.0,1.0,0.0,28.0,1.0,0.4,0.8,184.0,294.5,405.0,294.5,2.0,229.0,22.0,0.5,0.6,0.7,185.0,295.0,405.0,295.0,2.0,230.0,22.0,0.5,0.6,0.7
1974,2,136.0,13.0,27.3,27.5,27.7,27.5,2.0,0.42,16.0,1.0,0.4,0.4,27.63,27.7,27.77,27.7,2.0,0.14,20.0,1.0,0.3,0.4,17.6,17.6,17.6,17.6,2.0,0.0,20.0,1.0,0.3,0.4,75.3,75.6,75.9,75.6,2.0,0.6,20.0,1.0,0.4,9.21,10.3,12.42,10.8,3.0,2.39,18.0,1.0,0.5,0.4,-10.08,-9.68,-8.22,-9.16,3.0,1.44,18.0,1.0,0.5,0.4,-7.26,-4.35,-3.79,-5.5,3.0,2.73,18.0,1.0,0.5,0.4,1007.66,1007.8,1008.96,1008.3,3.0,1.04,18.0,1.0,0.5,0.4,3.6,5.0,5.7,4.7,3.0,1.5,18.0,1.0,0.5,0.4,-125.5,-99.7,-76.4,-100.9,3.0,36.0,18.0,1.0,0.5,0.4,-90.8,-37.8,-36.8,-63.2,3.0,45.2,18.0,1.0,0.5,0.4,0.2,0.2,0.2,0.2,1.0,0.0,18.0,1.0,0.0,0.5,1.7,1.7,1.7,1.7,1.0,0.0,18.0,1.0,0.0,0.5,5.91,5.91,5.91,5.91,1.0,0.0,18.0,1.0,0.0,0.5,51.4,51.4,51.4,51.4,1.0,0.0,18.0,1.0,0.0,0.5,-273.1,-246.7,-220.2,-246.7,2.0,54.7,20.0,1.0,0.3,0.4,-220.5,-179.8,-139.0,-179.8,2.0,84.4,20.0,1.0,0.3,0.4,-173.1,-156.7,-140.3,-156.7,2.0,34.0,20.0,1.0,0.3,0.4,-139.7,-114.1,-88.5,-114.1,2.0,53.1,20.0,1.0,0.3,0.4,-44.5,-44.5,-44.5,-44.5,1.0,0.0,18.0,1.0,0.0,0.5,-25.7,-25.7,-25.7,-25.7,1.0,0.0,18.0,1.0,0.0,0.5,796.5,1092.5,1989.0,1386.0,3.0,910.0,18.0,1.0,0.5,0.4,795.0,1095.0,1990.0,1385.0,3.0,910.0,18.0,1.0,0.5,0.4
1974,2,136.0,14.0,27.53,28.3,29.0,28.2,5.0,0.95,18.0,0.2,0.5,0.5,25.03,25.8,26.28,25.66,5.0,0.83,18.0,0.2,0.5,0.5,15.7,16.23,17.73,16.69,4.0,1.44,18.0,0.3,0.5,0.6,75.1,81.2,89.9,82.4,4.0,8.8,18.0,0.3,0.6,7.33,7.7,9.65,8.42,5.0,1.76,18.0,0.2,0.5,0.5,-7.94,-6.67,-5.62,-6.78,5.0,1.38,18.0,0.2,0.5,0.5,-5.79,-4.35,-4.14,-4.94,5.0,1.35,18.0,0.2,0.5,0.5,1009.2,1012.0,1013.94,1011.54,5.0,2.65,18.0,0.2,0.5,0.5,3.0,5.0,7.5,5.3,4.0,2.6,18.0,0.3,0.5,0.6,-77.3,-51.3,-41.4,-58.9,5.0,24.5,18.0,0.2,0.5,0.5,-54.2,-37.8,-29.4,-43.3,5.0,22.1,18.0,0.2,0.5,0.5,1.85,2.6,3.27,2.54,5.0,1.08,18.0,0.2,0.5,0.5,14.9,20.9,31.0,21.9,5.0,10.5,18.0,0.2,0.5,0.5,5.66,7.0,8.42,7.04,4.0,1.8,18.0,0.3,0.5,0.6,40.5,50.7,82.3,60.9,4.0,30.1,18.0,0.3,0.5,0.6,-209.7,-162.7,-143.5,-174.3,5.0,38.2,18.0,0.2,0.5,0.5,-149.0,-115.7,-104.8,-127.2,5.0,36.7,18.0,0.2,0.5,0.5,-124.6,-110.7,-94.5,-109.6,4.0,23.5,18.0,0.3,0.5,0.6,-104.5,-79.9,-65.4,-84.7,4.0,24.0,18.0,0.3,0.5,0.6,-65.8,-41.7,-31.1,-48.1,4.0,23.1,18.0,0.3,0.5,0.6,-48.9,-28.4,-26.1,-37.1,4.0,20.0,18.0,0.3,0.5,0.6,399.5,456.5,945.0,663.0,5.0,454.0,18.0,0.2,0.5,0.5,400.0,455.0,945.0,665.0,5.0,455.0,18.0,0.2,0.5,0.5
1974,2,136.0,15.0,26.85,27.2,28.0,27.42,9.0,0.61,18.0,0.7,0.3,0.4,25.07,25.85,28.5,26.54,8.0,2.08,18.0,0.6,0.4,0.4,16.37,16.75,17.43,16.64,7.0,1.39,16.0,0.6,0.4,0.5,69.9,82.0,86.0,78.6,7.0,8.6,16.0,0.6,0.5,6.2,6.2,8.87,6.99,9.0,2.09,18.0,0.7,0.3,0.4,-6.2,-4.95,-4.75,-5.2,9.0,1.25,18.0,0.7,0.3,0.4,-5.96,-3.99,-0.42,-4.02,9.0,3.03,18.0,0.7,0.3,0.4,1009.4,1012.0,1014.2,1011.9,9.0,2.17,18.0,0.7,0.3,0.4,2.0,6.0,8.0,5.0,9.0,3.0,18.0,0.7,0.3,0.4,-49.1,-38.1,-29.4,-37.7,9.0,16.0,18.0,0.7,0.3,0.4,-52.9,-24.7,-1.3,-32.5,9.0,30.4,18.0,0.7,0.3,0.4,-0.63,1.5,2.84,0.94,8.0,2.41,18.0,0.6,0.4,0.4,-3.9,7.4,17.7,5.9,8.0,21.6,18.0,0.6,0.4,0.4,4.85,5.52,7.88,6.24,7.0,1.9,16.0,0.6,0.4,0.5,32.5,41.8,61.9,44.3,7.0,20.9,16.0,0.6,0.4,0.5,-176.4,-126.4,-119.3,-140.1,8.0,44.5,18.0,0.6,0.4,0.4,-179.4,-101.8,-4.5,-99.6,8.0,82.0,18.0,0.6,0.4,0.4,-105.3,-82.9,-65.0,-84.4,7.0,24.3,16.0,0.6,0.4,0.5,-106.0,-66.7,-27.2,-71.5,7.0,49.6,16.0,0.6,0.4,0.5,-40.4,-32.0,-25.0,-31.5,7.0,10.9,16.0,0.6,0.4,0.5,-40.7,-26.9,-7.2,-28.1,7.0,22.7,16.0,0.6,0.4,0.5,238.5,238.5,710.5,421.5,9.0,333.0,18.0,0.7,0.3,0.4,240.0,240.0,710.0,420.0,9.0,335.0,18.0,0.7,0.3,0.4
1974,2,136.0,16.0,25.82,27.5,29.0,27.4,5.0,1.64,12.0,0.4,0.5,0.7,24.32,26.0,27.87,25.96,5.0,2.13,12.0,0.4,0.5,0.7,15.25,15.51,17.36,16.24,5.0,1.46,12.0,0.4,0.5,0.7,70.9,78.9,84.7,77.8,5.0,8.1,12.0,0.4,0.7,8.49,10.3,10.3,9.38,5.0,1.79,12.0,0.4,0.5,0.7,-7.65,-6.62,-1.35,-4.83,5.0,3.55,12.0,0.4,0.5,0.7,-8.77,-6.62,-6.13,-7.39,5.0,1.8,12.0,0.4,0.5,0.7,1010.01,1013.0,1015.07,1012.5,5.0,2.9,12.0,0.4,0.5,0.7,0.6,2.0,6.7,3.4,5.0,3.4,12.0,0.4,0.5,0.7,-76.4,-68.2,-8.3,-47.2,5.0,37.7,12.0,0.4,0.5,0.7,-90.3,-68.2,-52.4,-70.7,5.0,25.7,12.0,0.4,0.5,0.7,0.93,1.2,1.94,1.44,5.0,0.75,12.0,0.4,0.5,0.7,8.3,12.4,19.5,14.0,5.0,8.5,12.0,0.4,0.5,0.7,5.01,6.49,8.33,6.69,5.0,2.05,12.0,0.4,0.5,0.7,45.1,66.8,83.4,64.6,5.0,26.5,12.0,0.4,0.5,0.7,-204.0,-185.4,-33.9,-130.7,5.0,97.5,12.0,0.4,0.5,0.7,-226.0,-184.1,-157.6,-190.1,5.0,37.3,12.0,0.4,0.5,0.7,-122.7,-115.2,-22.4,-79.2,5.0,57.7,12.0,0.4,0.5,0.7,-149.9,-102.7,-96.8,-119.7,5.0,28.9,12.0,0.4,0.5,0.7,-63.9,-43.0,-5.8,-37.0,5.0,32.0,12.0,0.4,0.5,0.7,-58.6,-51.2,-39.5,-48.7,5.0,14.5,12.0,0.4,0.5,0.7,684.5,1092.5,1092.5,891.5,5.0,371.0,12.0,0.4,0.5,0.7,685.0,1095.0,1095.0,890.0,5.0,370.0,12.0,0.4,0.5,0.7
1974,2,136.0,17.0,25.95,26.7,27.45,26.7,3.0,1.1,10.0,0.3,0.3,0.3,23.35,25.25,26.41,24.9,4.0,1.93,10.0,0.3,0.2,0.4,14.28,15.24,16.29,15.28,4.0,1.21,10.0,0.3,0.2,0.4,72.6,81.1,83.3,78.1,4.0,7.8,10.0,0.3,0.4,4.58,6.4,9.06,6.8,4.0,2.78,10.0,0.3,0.2,0.4,-8.25,-5.54,-3.75,-5.98,4.0,2.87,10.0,0.3,0.2,0.4,-3.69,-3.08,-2.59,-3.14,4.0,0.65,10.0,0.3,0.2,0.4,1010.26,1013.1,1014.26,1012.3,4.0,2.72,10.0,0.3,0.2,0.4,2.5,4.0,6.6,4.5,4.0,2.6,10.0,0.3,0.2,0.4,-76.7,-36.9,-17.5,-46.6,4.0,39.0,10.0,0.3,0.2,0.4,-33.1,-21.3,-11.9,-22.4,4.0,12.5,10.0,0.3,0.2,0.4,0.76,1.1,1.17,0.97,3.0,0.32,10.0,0.3,0.3,0.3,3.5,5.6,8.1,5.8,3.0,3.4,10.0,0.3,0.3,0.3,4.83,5.23,7.72,6.25,3.0,2.3,10.0,0.3,0.3,0.3,26.0,35.7,42.3,34.2,3.0,12.0,10.0,0.3,0.3,0.3,-191.1,-140.3,-99.1,-144.9,4.0,58.2,10.0,0.3,0.2,0.4,-86.8,-73.8,-68.4,-77.4,4.0,12.1,10.0,0.3,0.2,0.4,-121.3,-85.2,-58.1,-89.5,4.0,38.2,10.0,0.3,0.2,0.4,-55.5,-46.6,-40.4,-47.9,4.0,10.1,10.0,0.3,0.2,0.4,-36.6,-30.9,-21.0,-28.9,3.0,11.5,10.0,0.3,0.3,0.3,-21.1,-17.9,-15.1,-18.1,3.0,4.4,10.0,0.3,0.3,0.3,99.5,294.5,790.0,437.5,4.0,468.5,10.0,0.3,0.2,0.4,100.0,295.0,790.0,440.0,4.0,470.0,10.0,0.3,0.2,0.4
1974,2,136.0,18.0,25.43,27.0,27.41,26.43,3.0,1.53,8.0,0.7,0.2,0.2,22.86,24.5,27.16,25.0,3.0,3.18,8.0,0.7,0.2,0.2,14.31,17.67,17.83,16.11,3.0,2.91,8.0,0.7,0.2,0.2,74.9,77.1,87.2,81.0,3.0,9.6,8.0,0.7,0.2,2.17,3.6,8.51,5.3,3.0,4.88,8.0,0.7,0.2,0.2,-4.42,-2.31,-1.7,-3.04,3.0,2.09,8.0,0.7,0.2,0.2,-7.26,-2.76,-1.23,-4.21,3.0,4.59,8.0,0.7,0.2,0.2,1009.18,1010.2,1011.36,1010.27,3.0,1.6,8.0,0.7,0.2,0.2,2.0,2.0,6.1,4.0,3.0,3.5,8.0,0.7,0.2,0.2,-42.5,-8.3,-4.1,-22.9,3.0,30.8,8.0,0.7,0.2,0.2,-72.1,-9.9,-3.7,-37.2,3.0,55.4,8.0,0.7,0.2,0.2,0.25,2.5,2.57,1.43,3.0,1.93,8.0,0.7,0.2,0.2,-0.8,3.8,20.4,9.7,3.0,16.3,8.0,0.7,0.2,0.2,4.88,5.3,6.25,5.56,3.0,1.02,8.0,0.7,0.2,0.2,10.9,19.1,55.3,32.8,3.0,34.7,8.0,0.7,0.2,0.2,-102.3,-65.7,-44.4,-73.2,3.0,42.9,8.0,0.7,0.2,0.2,-166.0,-78.3,-33.4,-99.2,3.0,98.7,8.0,0.7,0.2,0.2,-60.2,-41.4,-30.2,-45.1,3.0,22.2,8.0,0.7,0.2,0.2,-97.1,-49.4,-21.9,-59.3,3.0,55.8,8.0,0.7,0.2,0.2,-28.5,-12.3,-8.4,-18.3,3.0,15.7,8.0,0.7,0.2,0.2,-47.3,-14.6,-6.3,-26.5,3.0,31.8,8.0,0.7,0.2,0.2,17.0,46.5,874.5,436.5,3.0,713.0,8.0,0.7,0.2,0.2,15.0,45.0,875.0,435.0,3.0,715.0,8.0,0.7,0.2,0.2
1974,2,136.0,19.0,25.19,25.6,26.56,25.87,3.0,1.03,16.0,0.3,0.6,0.8,23.65,24.4,27.54,25.57,3.0,3.02,16.0,0.3,0.6,0.8,13.64,16.51,18.74,16.2,3.0,3.74,16.0,0.3,0.6,0.8,72.5,79.0,84.1,78.3,3.0,8.5,16.0,0.3,0.8,2.76,3.1,4.47,3.6,3.0,1.32,16.0,0.3,0.6,0.8,-3.59,-2.91,-1.53,-2.57,3.0,1.54,16.0,0.3,0.6,0.8,-2.57,-1.06,1.33,-0.63,3.0,2.88,16.0,0.3,0.6,0.8,1011.23,1013.0,1014.77,1013.0,3.0,2.6,16.0,0.3,0.6,0.8,1.3,2.0,2.0,1.7,3.0,0.6,16.0,0.3,0.6,0.8,-16.5,-9.0,-4.4,-10.4,3.0,8.9,16.0,0.3,0.6,0.8,-12.5,-3.3,3.3,-4.6,3.0,11.6,16.0,0.3,0.6,0.8,-0.98,1.2,1.54,0.3,3.0,2.01,16.0,0.3,0.6,0.8,-3.2,3.1,6.9,1.9,3.0,7.5,16.0,0.3,0.6,0.8,3.01,4.05,6.35,4.66,3.0,2.5,16.0,0.3,0.6,0.8,8.7,10.5,29.2,18.7,3.0,16.6,16.0,0.3,0.6,0.8,-88.9,-84.5,-41.6,-65.7,3.0,38.3,16.0,0.3,0.6,0.8,-61.9,-30.7,30.9,-15.8,3.0,69.2,16.0,0.3,0.6,0.8,-54.6,-48.1,-25.3,-40.1,3.0,22.5,16.0,0.3,0.6,0.8,-34.2,-21.0,20.9,-7.0,3.0,42.1,16.0,0.3,0.6,0.8,-22.1,-7.3,-4.8,-13.3,3.0,13.7,16.0,0.3,0.6,0.8,-17.4,-2.7,5.9,-5.7,3.0,17.3,16.0,0.3,0.6,0.8,21.5,30.0,100.0,60.0,3.0,63.0,16.0,0.3,0.6,0.8,20.0,30.0,100.0,60.0,3.0,65.0,16.0,0.3,0.6,0.8
1974,2,136.0,20.0,24.57,25.8,26.62,25.6,3.0,1.51,18.0,1.0,0.4,0.7,22.79,24.5,25.25,24.03,3.0,1.84,18.0,1.0,0.4,0.7,11.24,12.72,14.68,12.96,3.0,2.53,18.0,1.0,0.4,0.7,62.0,76.2,77.5,69.9,3.0,12.6,18.0,1.0,0.7,5.54,10.8,13.6,9.6,3.0,5.99,18.0,1.0,0.4,0.7,-7.71,-3.69,0.66,-3.53,3.0,6.13,18.0,1.0,0.4,0.7,-11.01,-10.15,-4.28,-7.7,3.0,5.37,18.0,1.0,0.4,0.7,1012.68,1015.0,1019.1,1015.87,3.0,4.76,18.0,1.0,0.4,0.7,6.0,6.0,6.7,6.3,3.0,0.6,18.0,1.0,0.4,0.7,-110.1,-39.9,-7.0,-58.1,3.0,77.1,18.0,1.0,0.4,0.7,-150.9,-109.6,-38.1,-94.8,3.0,83.6,18.0,1.0,0.4,0.7,-0.28,0.2,3.48,1.57,3.0,2.99,18.0,1.0,0.4,0.7,-3.5,0.6,51.1,23.2,3.0,44.5,18.0,1.0,0.4,0.7,6.08,8.02,8.96,7.53,3.0,2.15,18.0,1.0,0.4,0.7,38.5,86.6,123.1,80.9,3.0,62.2,18.0,1.0,0.4,0.7,-172.6,-90.5,18.2,-77.5,3.0,140.2,18.0,1.0,0.4,0.7,-250.3,-248.6,-106.0,-179.8,3.0,121.4,18.0,1.0,0.4,0.7,-95.5,-39.0,16.2,-39.7,3.0,81.9,18.0,1.0,0.4,0.7,-133.1,-107.1,-50.5,-92.2,3.0,61.9,18.0,1.0,0.4,0.7,-70.9,-29.6,0.1,-35.2,3.0,52.2,18.0,1.0,0.4,0.7,-99.1,-81.4,-31.3,-65.6,3.0,51.5,18.0,1.0,0.4,0.7,420.0,1259.5,2658.0,1532.5,3.0,1656.0,18.0,1.0,0.4,0.7,420.0,1260.0,2660.0,1530.0,3.0,1655.0,18.0,1.0,0.4,0.7
1974,2,136.0,21.0,24.5,25.0,25.76,25.13,4.0,0.75,18.0,0.8,0.6,0.5,20.9,22.0,24.34,22.46,5.0,2.48,16.0,0.6,0.6,0.6,9.91,11.79,15.13,12.49,4.0,3.19,18.0,0.8,0.6,0.5,60.6,68.3,77.8,69.2,4.0,10.0,18.0,0.8,0.5,5.8,6.7,8.88,7.4,5.0,2.58,16.0,0.6,0.6,0.6,-1.88,2.29,6.67,2.56,5.0,5.25,16.0,0.6,0.6,0.6,-5.98,-3.91,5.8,-0.82,5.0,6.21,16.0,0.6,0.6,0.6,1012.81,1015.0,1016.37,1014.58,5.0,2.28,16.0,0.6,0.6,0.6,5.5,7.0,7.4,6.4,5.0,1.9,16.0,0.6,0.6,0.6,-10.3,15.4,65.2,29.2,5.0,54.7,16.0,0.6,0.6,0.6,-49.5,-19.9,40.6,-9.1,5.0,49.0,16.0,0.6,0.6,0.6,1.03,2.5,2.5,1.8,4.0,1.4,18.0,0.8,0.6,0.5,5.0,14.1,16.8,11.1,4.0,9.0,18.0,0.8,0.6,0.5,5.54,8.26,9.21,7.42,4.0,2.5,18.0,0.8,0.6,0.5,36.2,49.9,55.0,45.8,4.0,13.6,18.0,0.8,0.6,0.5,-41.4,59.1,139.9,53.2,5.0,105.6,16.0,0.6,0.6,0.6,-120.2,-86.0,141.6,-8.1,5.0,142.2,16.0,0.6,0.6,0.6,-22.1,13.5,51.0,14.4,4.0,43.7,18.0,0.8,0.6,0.5,-50.2,18.3,90.2,19.9,4.0,81.7,18.0,0.8,0.6,0.5,-20.6,-0.5,22.0,0.7,4.0,27.3,18.0,0.8,0.6,0.5,-46.6,-5.7,32.9,-6.8,4.0,46.6,18.0,0.8,0.6,0.5,199.5,301.0,837.0,537.5,5.0,624.0,16.0,0.6,0.6,0.6,200.0,300.0,835.0,540.0,5.0,625.0,16.0,0.6,0.6,0.6
1974,2,136.0,22.0,23.13,24.0,25.0,24.0,5.0,1.06,24.0,0.4,0.3,0.4,20.27,21.5,23.26,21.64,5.0,1.84,24.0,0.4,0.3,0.4,12.76,12.78,14.11,13.34,5.0,0.82,24.0,0.4,0.3,0.4,79.5,80.5,87.0,83.3,5.0,6.1,24.0,0.4,0.4,6.33,7.2,10.03,8.04,5.0,2.25,24.0,0.4,0.3,0.4,-4.11,-1.95,2.55,-0.72,5.0,6.01,24.0,0.4,0.3,0.4,-7.66,-6.3,-2.81,-5.16,5.0,3.97,24.0,0.4,0.3,0.4,1012.96,1017.0,1018.04,1015.28,5.0,4.79,24.0,0.4,0.3,0.4,3.6,5.0,7.4,5.4,5.0,2.1,24.0,0.4,0.3,0.4,-39.7,-11.1,25.4,-6.5,5.0,59.6,24.0,0.4,0.3,0.4,-68.1,-42.2,-13.9,-41.3,5.0,40.6,24.0,0.4,0.3,0.4,1.2,2.5,3.68,2.36,5.0,1.63,24.0,0.4,0.3,0.4,6.6,25.2,27.3,18.0,5.0,13.0,24.0,0.4,0.3,0.4,3.95,5.76,6.23,5.26,5.0,1.35,24.0,0.4,0.3,0.4,32.0,33.7,53.2,41.7,5.0,14.5,24.0,0.4,0.3,0.4,-87.6,-44.8,64.2,-11.2,5.0,137.6,24.0,0.4,0.3,0.4,-153.5,-132.2,-64.2,-107.6,5.0,85.2,24.0,0.4,0.3,0.4,-52.4,-27.0,38.5,-6.3,5.0,83.6,24.0,0.4,0.3,0.4,-97.8,-80.4,-38.6,-66.4,5.0,52.1,24.0,0.4,0.3,0.4,-25.4,-11.4,8.8,-8.2,5.0,27.0,24.0,0.4,0.3,0.4,-45.9,-31.2,-16.5,-29.6,5.0,21.6,24.0,0.4,0.3,0.4,258.5,373.0,1037.5,621.5,5.0,515.5,24.0,0.4,0.3,0.4,260.0,375.0,1040.0,620.0,5.0,515.0,24.0,0.4,0.3,0.4
1974,2,136.0,23.0,23.36,24.4,25.05,24.32,5.0,1.09,12.0,0.8,0.4,0.5,19.29,21.0,22.62,20.7,7.0,2.09,10.0,0.7,0.4,0.6,7.95,11.12,13.42,10.7,4.0,3.26,14.0,0.8,0.3,0.6,56.3,70.7,79.1,67.8,4.0,14.1,14.0,0.8,0.6,4.6,5.7,7.8,6.39,7.0,1.94,10.0,0.7,0.4,0.6,-3.59,1.25,4.61,0.8,7.0,4.15,10.0,0.7,0.4,0.6,-7.11,-5.02,-2.85,-4.89,7.0,2.35,10.0,0.7,0.4,0.6,1009.04,1015.0,1019.31,1014.83,7.0,6.23,10.0,0.7,0.4,0.6,1.0,7.0,8.0,5.0,7.0,3.2,10.0,0.7,0.4,0.6,-17.3,9.0,22.8,7.0,7.0,31.6,10.0,0.7,0.4,0.6,-52.1,-28.1,-13.1,-34.4,7.0,23.9,10.0,0.7,0.4,0.6,1.46,3.4,3.98,2.94,5.0,1.51,12.0,0.8,0.4,0.5,7.6,17.3,29.6,19.0,5.0,13.0,12.0,0.8,0.4,0.5,5.15,7.14,10.43,7.76,4.0,3.28,14.0,0.8,0.3,0.6,26.3,45.1,78.2,52.0,4.0,31.8,14.0,0.8,0.3,0.6,-75.1,25.0,104.3,15.5,7.0,81.9,10.0,0.7,0.4,0.6,-128.3,-113.5,-60.0,-98.0,7.0,42.9,10.0,0.7,0.4,0.6,-12.4,24.4,50.3,19.2,4.0,41.1,14.0,0.8,0.3,0.6,-64.7,-52.7,-25.1,-45.2,4.0,25.6,14.0,0.8,0.3,0.6,-25.8,12.3,19.6,-2.4,4.0,38.4,14.0,0.8,0.3,0.6,-66.5,-42.8,-13.6,-40.2,4.0,31.4,14.0,0.8,0.3,0.6,97.5,185.0,479.5,326.0,7.0,305.5,10.0,0.7,0.4,0.6,95.0,185.0,480.0,325.0,7.0,305.0,10.0,0.7,0.4,0.6
1974,2,136.0,24.0,22.0,22.25,23.96,22.69,10.0,1.02,16.0,0.5,0.4,0.5,17.21,19.65,20.57,19.48,10.0,2.49,16.0,0.5,0.4,0.5,7.67,9.86,12.26,10.2,10.0,2.45,16.0,0.5,0.4,0.5,64.2,73.5,82.4,71.9,10.0,10.1,16.0,0.5,0.5,4.24,7.7,13.76,8.54,10.0,4.63,16.0,0.5,0.4,0.5,-5.81,-1.23,5.79,0.27,10.0,6.3,16.0,0.5,0.4,0.5,-10.93,-3.36,-0.96,-4.85,10.0,6.05,16.0,0.5,0.4,0.5,1010.42,1017.8,1020.06,1016.1,11.0,4.66,16.0,0.5,0.5,0.5,2.4,4.0,7.6,4.7,10.0,2.4,16.0,0.5,0.4,0.5,-41.1,-5.6,72.7,17.2,10.0,67.9,16.0,0.5,0.4,0.5,-135.7,-21.5,-2.5,-54.4,10.0,97.3,16.0,0.5,0.4,0.5,1.17,3.2,5.57,3.21,10.0,2.56,16.0,0.5,0.4,0.5,7.2,18.6,60.6,28.6,10.0,38.8,16.0,0.5,0.4,0.5,4.17,6.76,9.97,6.94,10.0,2.84,16.0,0.5,0.4,0.5,30.3,37.8,108.3,60.7,10.0,51.7,16.0,0.5,0.4,0.5,-111.0,-24.6,108.1,9.4,10.0,137.9,16.0,0.5,0.4,0.5,-186.2,-62.7,-19.3,-83.9,10.0,108.6,16.0,0.5,0.4,0.5,-60.5,-10.7,58.7,5.7,10.0,80.2,16.0,0.5,0.4,0.5,-81.9,-37.1,-9.5,-39.0,10.0,52.4,16.0,0.5,0.4,0.5,-25.1,-11.0,32.7,1.7,10.0,32.4,16.0,0.5,0.4,0.5,-106.6,-24.1,-4.4,-45.3,10.0,58.5,16.0,0.5,0.4,0.5,83.5,456.5,2626.5,1158.5,10.0,1531.5,16.0,0.5,0.4,0.5,85.0,455.0,2625.0,1160.0,10.0,1530.0,16.0,0.5,0.4,0.5
1974,2,136.0,25.0,19.0,20.0,21.83,20.15,8.0,1.38,14.0,0.5,0.4,0.6,17.88,19.5,20.37,19.13,9.0,1.55,12.0,0.6,0.5,0.6,9.04,11.94,13.23,11.23,7.0,2.71,14.0,0.6,0.4,0.6,73.5,86.5,91.2,80.5,7.0,16.8,14.0,0.6,0.6,3.6,5.7,7.43,5.43,9.0,1.9,12.0,0.6,0.5,0.6,-4.88,-2.8,-0.68,-2.12,9.0,3.25,12.0,0.6,0.5,0.6,-3.67,2.64,5.3,1.27,9.0,4.4,12.0,0.6,0.5,0.6,1012.9,1016.65,1019.86,1016.52,10.0,4.03,14.0,0.5,0.5,0.6,2.3,5.0,7.2,4.4,9.0,2.6,12.0,0.6,0.5,0.6,-28.5,-12.9,-3.0,-11.7,9.0,22.1,12.0,0.6,0.5,0.6,-24.1,9.5,30.7,6.1,9.0,31.3,12.0,0.6,0.5,0.6,0.0,0.75,1.44,0.63,8.0,1.19,14.0,0.5,0.4,0.6,0.0,3.0,11.8,4.3,8.0,6.7,14.0,0.5,0.4,0.6,1.07,2.8,5.31,3.18,7.0,2.49,14.0,0.6,0.4,0.6,6.6,21.0,23.5,16.3,7.0,10.6,14.0,0.6,0.4,0.6,-87.9,-57.5,-13.2,-42.9,9.0,57.2,12.0,0.6,0.5,0.6,-59.5,55.3,104.7,28.4,9.0,84.5,12.0,0.6,0.5,0.6,-50.2,-38.2,-13.7,-34.3,7.0,22.5,14.0,0.6,0.4,0.6,-19.8,18.5,81.8,24.0,7.0,56.5,14.0,0.6,0.4,0.6,-16.6,-7.9,-1.2,-9.7,7.0,9.8,14.0,0.6,0.4,0.6,-10.3,0.0,21.6,3.9,7.0,14.2,14.0,0.6,0.4,0.6,46.5,185.0,414.5,214.0,9.0,191.0,12.0,0.6,0.5,0.6,45.0,185.0,415.0,215.0,9.0,190.0,12.0,0.6,0.5,0.6
1974,2,136.0,26.0,18.99,20.0,20.64,20.17,7.0,1.64,14.0,0.6,0.3,0.5,14.71,16.9,20.79,17.59,10.0,3.15,12.0,0.5,0.2,0.4,6.25,7.97,11.7,8.79,10.0,3.02,12.0,0.5,0.2,0.4,55.3,70.4,79.9,68.5,10.0,12.0,12.0,0.5,0.4,4.1,5.65,10.89,7.24,10.0,3.99,12.0,0.5,0.2,0.4,-3.4,1.99,5.33,0.74,10.0,6.15,12.0,0.5,0.2,0.4,-5.78,-2.82,0.51,-2.93,10.0,5.12,12.0,0.5,0.2,0.4,1011.34,1017.7,1025.12,1017.99,11.0,6.52,12.0,0.5,0.2,0.4,1.4,3.0,5.6,3.4,10.0,2.1,12.0,0.5,0.2,0.4,-16.5,10.6,52.7,2.6,10.0,67.7,12.0,0.5,0.2,0.4,-41.6,-12.5,2.6,-31.7,10.0,70.0,12.0,0.5,0.2,0.4,-1.1,2.0,4.5,2.11,7.0,3.86,14.0,0.6,0.3,0.5,-8.5,12.4,36.3,14.9,7.0,28.0,14.0,0.6,0.3,0.5,2.86,4.65,8.35,5.33,7.0,3.67,14.0,0.6,0.3,0.5,12.6,24.4,50.6,38.5,7.0,41.6,14.0,0.6,0.3,0.5,-75.4,29.5,84.7,8.7,10.0,115.5,12.0,0.5,0.2,0.4,-85.4,-45.0,11.9,-40.8,10.0,78.6,12.0,0.5,0.2,0.4,-46.2,13.1,33.1,-0.1,10.0,60.4,12.0,0.5,0.2,0.4,-42.7,-17.9,7.3,-15.4,10.0,33.9,12.0,0.5,0.2,0.4,-2.5,24.4,35.1,17.4,7.0,20.3,14.0,0.6,0.3,0.5,-39.8,-15.7,1.0,-25.3,7.0,44.1,14.0,0.6,0.3,0.5,69.0,185.5,1463.5,749.5,10.0,1199.5,12.0,0.5,0.2,0.4,70.0,185.0,1465.0,750.0,10.0,1200.0,12.0,0.5,0.2,0.4
1974,2,136.0,27.0,17.85,19.6,20.57,19.28,9.0,1.34,18.0,0.3,0.6,0.4,13.95,16.1,19.96,16.75,12.0,2.89,16.0,0.3,0.6,0.4,5.76,8.99,11.29,8.55,12.0,2.77,16.0,0.3,0.6,0.4,58.2,71.8,82.7,70.6,12.0,15.5,16.0,0.3,0.4,5.9,7.7,10.49,7.72,13.0,2.97,16.0,0.3,0.5,0.4,-6.03,0.0,5.11,-0.43,13.0,5.83,16.0,0.3,0.5,0.4,-6.09,-1.25,6.12,-0.57,13.0,6.24,16.0,0.3,0.5,0.4,1013.18,1015.0,1018.43,1016.18,13.0,3.54,16.0,0.3,0.5,0.4,2.0,5.0,7.0,4.6,13.0,2.3,16.0,0.3,0.5,0.4,-46.4,0.0,51.1,-6.0,13.0,61.2,16.0,0.3,0.5,0.4,-48.8,-9.0,38.3,-10.6,13.0,58.3,16.0,0.3,0.5,0.4,-0.37,2.0,3.78,1.94,9.0,2.94,18.0,0.3,0.6,0.4,-2.3,18.6,28.6,13.5,9.0,18.4,18.0,0.3,0.6,0.4,2.35,5.43,6.6,4.75,9.0,2.27,18.0,0.3,0.6,0.4,14.5,28.6,51.9,37.7,9.0,29.4,18.0,0.3,0.6,0.4,-92.7,11.3,74.9,-6.4,12.0,99.0,16.0,0.3,0.6,0.4,-89.3,-30.3,129.2,0.8,12.0,109.6,16.0,0.3,0.6,0.4,-37.2,6.9,31.8,-3.1,12.0,48.7,16.0,0.3,0.6,0.4,-37.9,-16.0,72.7,7.3,12.0,53.0,16.0,0.3,0.6,0.4,-34.0,0.0,21.5,-3.9,9.0,26.8,18.0,0.3,0.6,0.4,-29.3,-5.0,16.2,-9.0,9.0,40.5,18.0,0.3,0.6,0.4,218.5,456.5,1166.0,652.5,13.0,667.5,16.0,0.3,0.5,0.4,220.0,455.0,1165.0,655.0,13.0,665.0,16.0,0.3,0.5,0.4
1974,2,136.0,28.0,19.24,19.75,20.26,19.75,4.0,0.65,22.0,0.0,0.6,0.5,16.31,19.0,20.73,18.4,5.0,3.56,22.0,0.0,0.6,0.6,9.33,11.97,13.21,11.15,5.0,3.22,22.0,0.0,0.6,0.6,75.7,83.6,89.2,82.0,5.0,11.4,22.0,0.0,0.6,4.19,7.2,8.92,6.58,5.0,2.75,22.0,0.0,0.6,0.6,1.41,3.91,7.47,4.18,5.0,3.95,22.0,0.0,0.6,0.6,-4.75,-1.99,1.2,-1.98,5.0,4.4,22.0,0.0,0.6,0.6,1008.82,1010.0,1019.41,1013.3,5.0,6.05,22.0,0.0,0.6,0.6,1.9,3.0,5.7,3.6,5.0,2.6,22.0,0.0,0.6,0.6,11.1,29.6,58.6,33.9,5.0,30.2,22.0,0.0,0.6,0.6,-40.9,-5.2,6.1,-17.5,5.0,37.7,22.0,0.0,0.6,0.6,0.5,0.75,4.14,2.25,4.0,3.18,22.0,0.0,0.6,0.5,3.4,5.8,37.5,19.8,4.0,30.3,22.0,0.0,0.6,0.5,1.97,2.6,5.79,3.82,4.0,3.07,22.0,0.0,0.6,0.5,13.7,17.3,50.0,31.2,4.0,31.2,22.0,0.0,0.6,0.5,11.8,78.1,140.4,74.1,5.0,77.5,22.0,0.0,0.6,0.6,-69.6,-43.8,23.9,-26.9,5.0,64.7,22.0,0.0,0.6,0.6,2.9,46.8,91.7,45.7,5.0,50.3,22.0,0.0,0.6,0.6,-38.0,-27.5,14.3,-13.8,5.0,34.5,22.0,0.0,0.6,0.6,11.6,15.6,23.2,17.3,4.0,7.2,22.0,0.0,0.6,0.5,-40.3,-2.1,5.1,-16.9,4.0,37.9,22.0,0.0,0.6,0.5,90.5,373.0,712.0,397.5,5.0,335.0,22.0,0.0,0.6,0.6,90.0,375.0,710.0,395.0,5.0,335.0,22.0,0.0,0.6,0.6
1974,2,136.0,29.0,16.48,19.0,19.4,18.2,7.0,1.42,20.0,0.3,0.6,0.4,12.02,16.75,19.0,16.09,8.0,3.98,20.0,0.4,0.5,0.4,5.31,8.82,11.29,8.47,7.0,2.98,20.0,0.3,0.6,0.4,66.1,71.5,86.0,73.9,7.0,11.5,20.0,0.3,0.4,8.2,9.25,10.74,9.76,8.0,3.45,20.0,0.4,0.5,0.4,-1.59,3.08,8.7,3.64,8.0,5.85,20.0,0.4,0.5,0.4,-8.14,5.09,7.99,1.06,8.0,8.37,20.0,0.4,0.5,0.4,1015.56,1017.25,1020.67,1017.96,8.0,4.25,20.0,0.4,0.5,0.4,2.3,6.5,7.9,5.6,8.0,2.4,20.0,0.4,0.5,0.4,-16.4,23.9,90.0,48.0,8.0,82.8,20.0,0.4,0.5,0.4,-85.9,38.6,65.7,-3.9,8.0,98.1,20.0,0.4,0.5,0.4,-1.14,0.0,7.52,2.53,7.0,4.9,20.0,0.3,0.6,0.4,-9.8,0.0,83.0,31.4,7.0,58.8,20.0,0.3,0.6,0.4,1.22,2.77,8.19,4.49,7.0,3.63,20.0,0.3,0.6,0.4,10.0,28.6,99.1,51.2,7.0,48.5,20.0,0.3,0.6,0.4,-26.2,50.1,152.4,60.1,8.0,88.7,20.0,0.4,0.5,0.4,-96.9,104.4,137.2,40.5,8.0,122.0,20.0,0.4,0.5,0.4,-16.1,34.4,82.8,34.9,7.0,49.0,20.0,0.3,0.6,0.4,-42.3,57.9,84.6,23.1,7.0,69.0,20.0,0.3,0.6,0.4,-6.3,6.5,64.5,20.7,7.0,45.5,20.0,0.3,0.6,0.4,-75.2,7.7,9.0,-23.6,7.0,46.8,20.0,0.3,0.6,0.4,551.5,822.0,1241.0,1268.0,8.0,1520.0,20.0,0.4,0.5,0.4,550.0,820.0,1240.0,1270.0,8.0,1520.0,20.0,0.4,0.5,0.4
1974,2,136.0,30.0,17.0,18.0,18.46,17.7,15.0,1.3,16.0,0.5,0.6,0.4,11.09,15.6,18.14,14.84,19.0,3.35,14.0,0.5,0.5,0.5,5.75,7.02,10.64,7.79,17.0,2.58,16.0,0.5,0.5,0.4,62.7,73.4,92.3,74.3,17.0,14.5,16.0,0.5,0.4,5.1,8.2,12.39,9.2,19.0,4.91,14.0,0.5,0.5,0.5,-2.98,2.24,9.28,3.35,19.0,6.6,14.0,0.5,0.5,0.5,-7.7,-3.99,6.15,-2.05,19.0,7.32,14.0,0.5,0.5,0.5,1008.0,1017.5,1025.61,1016.67,19.0,7.95,14.0,0.5,0.5,0.5,1.9,7.0,8.0,5.4,19.0,2.8,14.0,0.5,0.5,0.5,-19.8,13.1,91.6,55.3,19.0,115.2,14.0,0.5,0.5,0.5,-70.0,-24.7,41.8,-25.2,19.0,105.5,14.0,0.5,0.5,0.5,0.11,3.9,6.0,3.26,15.0,3.35,16.0,0.5,0.6,0.4,2.0,17.4,75.2,31.7,15.0,36.1,16.0,0.5,0.6,0.4,1.74,5.6,6.84,4.61,15.0,2.58,16.0,0.5,0.6,0.4,9.7,45.8,70.0,45.3,15.0,33.9,16.0,0.5,0.6,0.4,-41.6,44.8,152.6,53.9,19.0,108.8,14.0,0.5,0.5,0.5,-93.6,-60.0,76.0,-19.6,19.0,114.4,14.0,0.5,0.5,0.5,-19.6,29.7,103.3,35.6,17.0,62.1,16.0,0.5,0.5,0.4,-56.2,-31.3,39.5,-16.8,17.0,52.7,16.0,0.5,0.5,0.4,-14.4,3.0,46.4,17.6,15.0,35.5,16.0,0.5,0.6,0.4,-51.2,-22.4,23.5,-18.1,15.0,37.5,16.0,0.5,0.6,0.4,132.5,551.5,1902.0,1561.0,19.0,2928.5,14.0,0.5,0.5,0.5,135.0,550.0,1900.0,1560.0,19.0,2930.0,14.0,0.5,0.5,0.5
1974,2,136.0,31.0,16.38,18.0,18.3,17.43,16.0,1.72,12.0,0.6,0.3,0.4,9.99,14.5,17.54,14.18,17.0,3.42,14.0,0.6,0.3,0.4,5.08,8.27,11.07,7.73,13.0,2.62,10.0,0.7,0.3,0.4,62.5,72.9,85.2,73.4,13.0,11.5,10.0,0.7,0.4,5.42,10.8,15.63,10.85,17.0,4.86,14.0,0.6,0.3,0.4,-4.96,2.67,9.16,1.85,17.0,7.72,14.0,0.6,0.3,0.4,-10.95,-4.37,8.34,-2.27,17.0,8.93,14.0,0.6,0.3,0.4,1009.07,1014.9,1021.97,1015.08,17.0,6.29,14.0,0.6,0.3,0.4,2.0,6.0,7.5,5.3,17.0,2.7,14.0,0.6,0.3,0.4,-42.4,20.8,133.5,31.8,17.0,117.3,14.0,0.6,0.3,0.4,-171.1,-24.9,82.4,-37.1,17.0,126.6,14.0,0.6,0.3,0.4,0.44,3.75,7.99,3.23,16.0,4.54,12.0,0.6,0.3,0.4,3.8,32.9,120.5,48.3,16.0,62.3,12.0,0.6,0.3,0.4,1.38,5.35,7.25,4.55,13.0,3.36,10.0,0.7,0.3,0.4,15.2,45.2,95.5,57.4,13.0,50.9,10.0,0.7,0.3,0.4,-76.6,46.5,130.8,26.4,17.0,94.6,14.0,0.6,0.3,0.4,-129.8,-45.8,137.2,-13.5,17.0,131.2,14.0,0.6,0.3,0.4,-51.0,-16.2,58.9,5.9,13.0,56.7,10.0,0.7,0.3,0.4,-63.9,-20.5,71.0,-2.5,13.0,80.4,10.0,0.7,0.3,0.4,-36.0,-7.8,35.0,2.8,13.0,56.2,10.0,0.7,0.3,0.4,-72.5,-30.3,27.2,-24.5,13.0,48.4,10.0,0.7,0.3,0.4,161.0,1259.5,3821.5,2000.0,17.0,2009.0,14.0,0.6,0.3,0.4,160.0,1260.0,3820.0,2000.0,17.0,2010.0,14.0,0.6,0.3,0.4
1974,2,136.0,32.0,16.7,17.8,18.99,17.74,27.0,2.02,14.0,0.7,0.4,0.5,8.59,12.2,17.0,12.39,37.0,3.96,14.0,0.7,0.4,0.5,3.97,6.77,8.84,6.4,30.0,2.27,14.0,0.8,0.4,0.5,54.9,70.0,84.2,70.4,30.0,13.3,14.0,0.8,0.5,3.38,6.7,12.9,7.86,36.0,4.5,14.0,0.7,0.4,0.5,-2.35,2.54,7.98,3.19,36.0,5.93,14.0,0.7,0.4,0.5,-7.04,-3.79,0.0,-3.65,36.0,4.93,14.0,0.7,0.4,0.5,1009.4,1015.4,1024.72,1016.61,35.0,7.16,14.0,0.7,0.4,0.5,1.7,5.0,8.0,4.6,37.0,2.9,14.0,0.7,0.4,0.5,-9.8,13.5,84.3,37.9,36.0,89.2,14.0,0.7,0.4,0.5,-81.8,-22.5,0.0,-37.5,36.0,63.6,14.0,0.7,0.4,0.5,0.55,5.4,9.95,5.48,27.0,4.86,14.0,0.7,0.4,0.5,2.4,37.5,91.6,47.5,27.0,52.6,14.0,0.7,0.4,0.5,3.29,6.36,8.34,6.04,26.0,2.74,14.0,0.8,0.3,0.5,13.9,34.6,98.1,50.6,26.0,42.1,14.0,0.8,0.3,0.5,-35.5,35.9,83.1,31.6,36.0,68.3,14.0,0.7,0.4,0.5,-80.6,-43.8,0.0,-36.6,36.0,68.5,14.0,0.7,0.4,0.5,-20.9,17.0,48.9,15.8,30.0,36.6,14.0,0.8,0.4,0.5,-43.5,-19.8,0.0,-22.4,30.0,32.0,14.0,0.8,0.4,0.5,-11.8,13.4,63.9,24.3,26.0,46.1,14.0,0.8,0.3,0.5,-46.3,-21.6,0.0,-26.1,26.0,31.4,14.0,0.8,0.3,0.5,39.0,301.0,2146.5,1023.0,36.0,1611.5,14.0,0.7,0.4,0.5,40.0,300.0,2145.0,1025.0,36.0,1610.0,14.0,0.7,0.4,0.5
1974,2,136.0,33.0,15.96,18.3,20.0,17.84,17.0,2.75,10.0,0.7,0.5,0.4,7.32,11.75,13.66,11.06,18.0,3.38,12.0,0.7,0.5,0.4,3.91,6.63,8.74,6.42,14.0,2.11,12.0,0.6,0.4,0.3,57.3,75.1,90.2,73.3,14.0,14.0,12.0,0.6,0.3,4.8,8.2,14.35,9.57,18.0,4.81,12.0,0.7,0.5,0.4,-6.83,-3.21,4.26,-2.2,18.0,5.82,12.0,0.7,0.5,0.4,-12.4,-5.71,-2.62,-6.08,18.0,6.48,12.0,0.7,0.5,0.4,1005.59,1018.0,1023.21,1014.95,17.0,7.77,10.0,0.7,0.5,0.4,2.0,5.0,8.0,5.1,18.0,2.7,12.0,0.7,0.5,0.4,-76.8,-17.0,33.4,-29.5,18.0,86.9,12.0,0.7,0.5,0.4,-168.6,-44.3,-13.7,-71.9,18.0,109.1,12.0,0.7,0.5,0.4,3.02,6.1,10.82,6.45,17.0,3.86,10.0,0.7,0.5,0.4,13.1,57.1,99.1,62.9,17.0,48.4,10.0,0.7,0.5,0.4,4.0,6.59,8.59,6.31,14.0,2.1,12.0,0.6,0.4,0.3,29.8,63.8,88.3,64.6,14.0,36.0,12.0,0.6,0.4,0.3,-91.5,-41.2,27.0,-34.1,18.0,63.3,12.0,0.7,0.5,0.4,-165.0,-47.7,-30.0,-61.3,18.0,91.5,12.0,0.7,0.5,0.4,-73.0,-16.6,21.3,-23.6,14.0,44.3,12.0,0.6,0.4,0.3,-101.1,-31.6,-16.7,-39.3,14.0,60.9,12.0,0.6,0.4,0.3,-32.7,-19.7,37.8,-8.9,14.0,43.1,12.0,0.6,0.4,0.3,-84.7,-50.5,-17.5,-45.5,14.0,40.2,12.0,0.6,0.4,0.3,113.5,551.5,2977.5,1576.5,18.0,2227.5,12.0,0.7,0.5,0.4,115.0,550.0,2980.0,1575.0,18.0,2225.0,12.0,0.7,0.5,0.4
1974,2,136.0,34.0,16.63,18.0,19.37,18.0,2.0,2.83,26.0,0.5,0.5,0.5,17.58,17.75,17.92,17.75,2.0,0.35,26.0,0.5,0.5,0.5,11.53,11.76,12.0,11.76,2.0,0.49,26.0,0.5,0.5,0.5,89.5,92.5,95.5,92.5,2.0,6.2,26.0,0.5,0.5,11.8,11.8,11.8,11.8,1.0,0.0,26.0,0.0,0.5,0.7,7.58,7.58,7.58,7.58,1.0,0.0,26.0,0.0,0.5,0.7,9.04,9.04,9.04,9.04,1.0,0.0,26.0,0.0,0.5,0.7,1001.87,1003.75,1005.63,1003.75,2.0,3.89,26.0,0.5,0.5,0.5,7.2,7.5,7.8,7.5,2.0,0.7,26.0,0.5,0.5,0.5,89.5,89.5,89.5,89.5,1.0,0.0,26.0,0.0,0.5,0.7,106.7,106.7,106.7,106.7,1.0,0.0,26.0,0.0,0.5,0.7,-0.94,0.25,1.44,0.25,2.0,2.47,26.0,0.5,0.5,0.5,23.6,23.6,23.6,23.6,1.0,0.0,26.0,0.0,0.5,0.7,-0.11,1.27,2.66,1.27,2.0,2.86,26.0,0.5,0.5,0.5,38.9,38.9,38.9,38.9,1.0,0.0,26.0,0.0,0.5,0.7,136.5,136.5,136.5,136.5,1.0,0.0,26.0,0.0,0.5,0.7,162.7,162.7,162.7,162.7,1.0,0.0,26.0,0.0,0.5,0.7,86.6,86.6,86.6,86.6,1.0,0.0,26.0,0.0,0.5,0.7,103.2,103.2,103.2,103.2,1.0,0.0,26.0,0.0,0.5,0.7,25.0,25.0,25.0,25.0,1.0,0.0,26.0,0.0,0.5,0.7,29.8,29.8,29.8,29.8,1.0,0.0,26.0,0.0,0.5,0.7,1643.0,1643.0,1643.0,1643.0,1.0,0.0,26.0,0.0,0.5,0.7,1645.0,1645.0,1645.0,1645.0,1.0,0.0,26.0,0.0,0.5,0.7
1974,2,136.0,35.0,,,,,,,,,,,,,,,,,,,,,,,,,,,,,,,,,,,,,,,,3.1,3.1,3.1,3.1,1.0,0.0,10.0,0.0,0.0,0.8,1.99,1.99,1.99,1.99,1.0,0.0,10.0,0.0,0.0,0.8,-2.37,-2.37,-2.37,-2.37,1.0,0.0,10.0,0.0,0.0,0.8,1012.5,1012.5,1012.5,1012.5,1.0,0.0,10.0,0.0,0.0,0.8,,,,,,,,,,,,,,,,,,,,,,,,,,,,,,,,,,,,,,,,,,,,,,,,,,,,,,,,,,,,,,,,,,,,,,,,,,,,,,,,,,,,,,,,,,,,,,,,,,,,,,,,,,,,,,,,,,,,,,,,,,,,,,,,,,,,,,,,,,,,,,,,,,,,,,
1974,2,136.0,36.0,,,,,,,,,,,,,,,,,,,,,,,,,,,,,,,,,,,,,,,,1.62,5.1,8.31,4.97,3.0,4.9,12.0,0.3,0.0,0.6,0.0,0.0,4.3,2.1,3.0,3.64,12.0,0.3,0.0,0.6,-3.48,0.0,5.12,0.8,3.0,6.34,12.0,0.3,0.0,0.6,1007.1,1010.1,1010.99,1009.07,3.0,2.99,12.0,0.3,0.0,0.6,,,,,,,,,,,,,,,,,,,,,,,,,,,,,,,,,,,,,,,,,,,,,,,,,,,,,,,,,,,,,,,,,,,,,,,,,,,,,,,,,,,,,,,,,,,,,,,,,,,,,,,,,,,,,,,,,,,,,,,,,,,,,,,,,,,,,,,,,,,,,,,,,,,,,,
1974,2,136.0,37.0,7.57,10.25,12.1,9.74,14.0,2.57,14.0,0.6,0.3,0.3,1.84,3.8,5.78,3.59,15.0,1.84,14.0,0.6,0.3,0.3,3.51,3.61,3.7,3.61,2.0,0.2,24.0,0.0,0.0,0.6,75.9,76.4,76.9,76.4,2.0,1.0,24.0,0.0,0.6,7.2,10.0,14.9,10.77,14.0,5.25,14.0,0.6,0.3,0.4,-6.38,-0.75,8.58,0.96,14.0,8.45,14.0,0.6,0.3,0.4,-12.73,-6.56,-4.06,-6.75,14.0,5.56,14.0,0.6,0.3,0.4,1012.23,1015.2,1020.51,1015.82,15.0,5.77,14.0,0.6,0.3,0.3,6.0,7.5,8.0,7.0,12.0,1.5,14.0,0.7,0.3,0.3,-64.1,-2.2,109.5,31.7,14.0,139.3,14.0,0.6,0.3,0.4,-190.4,-67.3,-17.5,-94.8,14.0,100.2,14.0,0.6,0.3,0.4,4.61,5.95,8.06,6.25,14.0,2.4,14.0,0.6,0.3,0.3,29.0,53.0,94.1,68.0,13.0,49.0,16.0,0.5,0.3,0.4,4.16,4.26,4.36,4.26,2.0,0.21,24.0,0.0,0.0,0.6,40.6,45.7,50.7,45.7,2.0,10.4,24.0,0.0,0.0,0.6,-33.6,-3.4,17.1,-0.5,14.0,31.2,14.0,0.6,0.3,0.4,-58.5,-15.7,-5.9,-21.8,14.0,29.1,14.0,0.6,0.3,0.4,-38.3,-30.6,-22.9,-30.6,2.0,15.9,24.0,0.0,0.0,0.6,-24.0,-23.6,-23.3,-23.6,2.0,0.8,24.0,0.0,0.0,0.6,-42.5,-35.3,-28.0,-35.3,2.0,15.1,24.0,0.0,0.0,0.6,-28.9,-27.9,-27.0,-27.9,2.0,2.0,24.0,0.0,0.0,0.6,373.0,1000.0,3308.0,2166.5,14.0,3200.0,14.0,0.6,0.3,0.4,375.0,1000.0,3310.0,2165.0,14.0,3200.0,14.0,0.6,0.3,0.4
1974,2,136.0,38.0,,,,,,,,,,,,,,,,,,,,,,,,,,,,,,,,,,,,,,,,4.0,7.6,12.4,7.78,30.0,3.71,16.0,0.3,0.5,0.5,0.0,2.89,7.04,3.26,30.0,4.26,16.0,0.3,0.5,0.5,-7.28,-3.35,5.06,-2.31,30.0,6.46,16.0,0.3,0.5,0.5,1011.34,1017.4,1025.14,1018.44,31.0,8.26,16.0,0.3,0.4,0.6,,,,,,,,,,,,,,,,,,,,,,,,,,,,,,,,,,,,,,,,,,,,,,,,,,,,,,,,,,,,,,,,,,,,,,,,,,,,,,,,,,,,,,,,,,,,,,,,,,,,,,,,,,,,,,,,,,,,,,,,,,,,,,,,,,,,,,,,,,,,,,,,,,,,,,
1974,2,136.0,39.0,4.53,8.0,8.82,6.96,15.0,2.22,14.0,0.6,0.4,0.5,-3.18,-0.6,2.0,-0.06,20.0,2.87,14.0,0.6,0.4,0.5,2.36,2.5,3.88,3.11,3.0,1.23,20.0,1.0,0.4,0.2,82.9,87.3,89.5,86.3,3.0,4.9,20.0,1.0,0.2,5.8,9.8,12.06,8.91,19.0,4.32,16.0,0.6,0.4,0.5,-1.88,5.0,9.24,3.51,19.0,6.78,16.0,0.6,0.4,0.5,-8.71,-4.6,0.0,-4.07,19.0,5.09,16.0,0.6,0.4,0.5,1011.93,1017.55,1026.56,1018.27,20.0,6.83,14.0,0.6,0.4,0.5,5.0,8.0,8.0,6.6,15.0,1.8,16.0,0.7,0.4,0.4,-11.9,35.5,110.3,36.3,19.0,94.4,16.0,0.6,0.4,0.5,-110.9,-27.6,0.0,-45.7,19.0,63.9,16.0,0.6,0.4,0.5,4.05,8.1,9.8,7.07,15.0,3.39,14.0,0.6,0.4,0.5,24.7,60.4,102.5,62.1,14.0,39.4,16.0,0.6,0.4,0.4,2.96,3.63,3.65,3.31,3.0,0.57,20.0,1.0,0.4,0.2,34.8,45.0,52.7,43.8,3.0,13.2,20.0,1.0,0.4,0.2,-36.1,-7.7,4.5,-8.2,19.0,24.0,16.0,0.6,0.4,0.5,-15.9,0.0,19.2,-1.1,19.0,19.2,16.0,0.6,0.4,0.5,-34.2,21.9,23.6,-4.7,3.0,48.2,20.0,1.0,0.4,0.2,-29.6,-18.3,-15.5,-22.4,3.0,10.9,20.0,1.0,0.4,0.2,-25.1,26.0,31.8,3.9,3.0,45.8,20.0,1.0,0.4,0.2,-28.7,-28.2,-19.2,-24.0,3.0,7.8,20.0,1.0,0.4,0.2,199.0,941.0,1753.5,1181.5,19.0,1446.0,16.0,0.6,0.4,0.5,200.0,940.0,1755.0,1180.0,19.0,1445.0,16.0,0.6,0.4,0.5
1974,2,136.0,40.0,,,,,,,,,,,,,,,,,,,,,,,,,,,,,,,,,,,,,,,,6.08,8.7,11.42,9.02,16.0,4.66,18.0,0.6,0.5,0.4,4.59,6.97,9.64,6.65,16.0,3.84,18.0,0.6,0.5,0.4,-6.15,-4.17,1.86,-3.3,16.0,5.91,18.0,0.6,0.5,0.4,1010.62,1014.5,1022.77,1016.24,17.0,6.17,18.0,0.6,0.5,0.4,,,,,,,,,,,,,,,,,,,,,,,,,,,,,,,,,,,,,,,,,,,,,,,,,,,,,,,,,,,,,,,,,,,,,,,,,,,,,,,,,,,,,,,,,,,,,,,,,,,,,,,,,,,,,,,,,,,,,,,,,,,,,,,,,,,,,,,,,,,,,,,,,,,,,,
1974,2,136.0,41.0,1.0,2.55,5.84,3.13,50.0,2.59,14.0,0.5,0.5,0.7,-4.2,-1.25,2.0,-1.26,54.0,3.08,14.0,0.5,0.5,0.7,2.41,2.41,2.41,2.41,1.0,0.0,8.0,0.0,0.2,0.9,63.1,63.1,63.1,63.1,1.0,0.0,8.0,0.0,0.9,6.05,8.7,11.8,8.75,53.0,3.48,14.0,0.5,0.5,0.7,-2.9,5.52,9.49,4.04,53.0,6.4,14.0,0.5,0.5,0.7,-7.04,-2.3,3.95,-1.79,53.0,5.41,14.0,0.5,0.5,0.7,1012.95,1016.7,1023.37,1017.01,53.0,6.6,14.0,0.5,0.5,0.7,0.0,5.5,8.0,4.5,50.0,2.9,14.0,0.5,0.5,0.7,-16.8,36.1,99.4,43.5,53.0,81.4,14.0,0.5,0.5,0.7,-63.8,-17.7,25.7,-21.3,53.0,62.8,14.0,0.5,0.5,0.7,-0.19,4.2,7.51,4.08,49.0,3.84,14.0,0.5,0.5,0.7,-3.4,35.4,65.4,33.0,47.0,33.2,14.0,0.5,0.5,0.7,1.58,1.58,1.58,1.58,1.0,0.0,8.0,0.0,0.2,0.9,14.2,14.2,14.2,14.2,1.0,0.0,8.0,0.0,0.2,0.9,-37.1,-3.4,11.1,-8.5,52.0,23.6,14.0,0.5,0.4,0.7,-3.9,5.9,26.9,9.1,52.0,18.2,14.0,0.5,0.4,0.7,-18.8,-18.8,-18.8,-18.8,1.0,0.0,8.0,0.0,0.2,0.9,-10.8,-10.8,-10.8,-10.8,1.0,0.0,8.0,0.0,0.2,0.9,-12.3,-12.3,-12.3,-12.3,1.0,0.0,8.0,0.0,0.2,0.9,-7.1,-7.1,-7.1,-7.1,1.0,0.0,8.0,0.0,0.2,0.9,221.5,658.5,1643.0,1008.0,53.0,1252.5,14.0,0.5,0.5,0.7,220.0,660.0,1645.0,1010.0,53.0,1255.0,14.0,0.5,0.5,0.7
1974,2,136.0,42.0,0.8,2.1,6.4,3.21,64.0,2.54,16.0,0.5,0.4,0.1,-5.54,-3.0,2.65,-1.78,68.0,4.18,16.0,0.5,0.4,0.2,2.27,2.27,2.27,2.27,1.0,0.0,26.0,1.0,0.2,0.1,94.1,94.1,94.1,94.1,1.0,0.0,26.0,1.0,0.1,4.76,8.45,12.0,8.57,66.0,3.8,14.0,0.5,0.4,0.2,0.0,5.08,9.65,4.89,66.0,4.64,14.0,0.5,0.4,0.2,-8.33,-3.66,1.68,-3.63,66.0,5.46,14.0,0.5,0.4,0.2,1011.36,1016.7,1023.9,1017.27,69.0,6.3,16.0,0.5,0.4,0.2,2.0,6.0,8.0,5.0,58.0,2.7,14.0,0.6,0.4,0.2,0.0,40.1,94.6,51.0,66.0,56.4,14.0,0.5,0.4,0.2,-102.8,-24.4,7.2,-41.3,66.0,75.3,14.0,0.5,0.4,0.2,0.0,5.0,9.16,4.96,63.0,4.68,16.0,0.5,0.4,0.1,0.0,33.9,78.4,41.1,60.0,52.1,16.0,0.5,0.4,0.1,2.41,2.41,2.41,2.41,1.0,0.0,26.0,1.0,0.2,0.1,11.1,11.1,11.1,11.1,1.0,0.0,26.0,1.0,0.2,0.1,-35.5,-8.4,19.9,-10.7,65.0,29.8,14.0,0.5,0.4,0.2,-10.6,8.2,27.3,6.7,65.0,28.6,14.0,0.5,0.4,0.2,6.7,6.7,6.7,6.7,1.0,0.0,26.0,1.0,0.2,0.1,-8.0,-8.0,-8.0,-8.0,1.0,0.0,26.0,1.0,0.2,0.1,7.1,7.1,7.1,7.1,1.0,0.0,26.0,1.0,0.2,0.1,-8.5,-8.5,-8.5,-8.5,1.0,0.0,26.0,1.0,0.2,0.1,108.5,605.0,1728.0,1016.0,66.0,1309.0,14.0,0.5,0.4,0.2,110.0,605.0,1730.0,1015.0,66.0,1310.0,14.0,0.5,0.4,0.2
1974,2,136.0,43.0,,,,,,,,,,,,,,,,,,,,,,,,,,,,,,,,,,,,,,,,7.2,8.7,13.0,10.63,10.0,4.6,14.0,0.9,0.3,0.4,1.73,4.93,7.03,3.81,10.0,5.85,14.0,0.9,0.3,0.4,-11.63,-7.37,-4.09,-7.72,10.0,5.49,14.0,0.9,0.3,0.4,1012.44,1017.1,1027.29,1019.14,10.0,7.42,14.0,0.9,0.3,0.4,,,,,,,,,,,,,,,,,,,,,,,,,,,,,,,,,,,,,,,,,,,,,,,,,,,,,,,,,,,,,,,,,,,,,,,,,,,,,,,,,,,,,,,,,,,,,,,,,,,,,,,,,,,,,,,,,,,,,,,,,,,,,,,,,,,,,,,,,,,,,,,,,,,,,,
1974,2,136.0,44.0,,,,,,,,,,,,,,,,,,,,,,,,,,,,,,,,,,,,,,,,6.2,8.7,11.8,8.93,29.0,3.25,14.0,0.6,0.4,0.6,1.02,6.2,9.33,5.31,29.0,4.61,14.0,0.6,0.4,0.6,-8.3,-4.75,0.9,-3.67,29.0,5.36,14.0,0.6,0.4,0.6,1011.44,1014.7,1024.11,1015.95,29.0,5.62,14.0,0.6,0.4,0.6,,,,,,,,,,,,,,,,,,,,,,,,,,,,,,,,,,,,,,,,,,,,,,,,,,,,,,,,,,,,,,,,,,,,,,,,,,,,,,,,,,,,,,,,,,,,,,,,,,,,,,,,,,,,,,,,,,,,,,,,,,,,,,,,,,,,,,,,,,,,,,,,,,,,,,
1974,2,136.0,45.0,,,,,,,,,,,,,,,,,,,,,,,,,,,,,,,,,,,,,,,,3.86,8.7,10.24,7.98,11.0,4.01,14.0,0.5,0.8,0.1,-3.27,3.28,8.12,2.44,11.0,5.69,14.0,0.5,0.8,0.1,-9.26,-5.59,0.66,-4.83,11.0,4.65,14.0,0.5,0.8,0.1,1006.63,1014.1,1025.14,1015.85,11.0,8.78,14.0,0.5,0.8,0.1,,,,,,,,,,,,,,,,,,,,,,,,,,,,,,,,,,,,,,,,,,,,,,,,,,,,,,,,,,,,,,,,,,,,,,,,,,,,,,,,,,,,,,,,,,,,,,,,,,,,,,,,,,,,,,,,,,,,,,,,,,,,,,,,,,,,,,,,,,,,,,,,,,,,,,
1974,2,137.0,-46.0,,,,,,,,,,,,,,,,,,,,,,,,,,,,,,,,,,,,,,,,14.4,14.4,14.4,14.4,1.0,0.0,24.0,1.0,0.9,0.9,11.03,11.03,11.03,11.03,1.0,0.0,24.0,1.0,0.9,0.9,-9.26,-9.26,-9.26,-9.26,1.0,0.0,24.0,1.0,0.9,0.9,1008.6,1008.6,1008.6,1008.6,1.0,0.0,24.0,1.0,0.9,0.9,8.0,8.0,8.0,8.0,1.0,0.0,24.0,1.0,0.9,0.9,158.8,158.8,158.8,158.8,1.0,0.0,24.0,1.0,0.9,0.9,-133.3,-133.3,-133.3,-133.3,1.0,0.0,24.0,1.0,0.9,0.9,,,,,,,,,,,,,,,,,,,,,,,,,,,,,,,,,,,,,,,,,132.4,132.4,132.4,132.4,1.0,0.0,24.0,1.0,0.9,0.9,-111.1,-111.1,-111.1,-111.1,1.0,0.0,24.0,1.0,0.9,0.9,96.3,96.3,96.3,96.3,1.0,0.0,24.0,1.0,0.9,0.9,-80.8,-80.8,-80.8,-80.8,1.0,0.0,24.0,1.0,0.9,0.9,,,,,,,,,,,,,,,,,,,,,,,,,,,,,,,,,,,,,,,,
1974,2,137.0,-44.0,15.0,15.0,15.0,15.0,1.0,0.0,24.0,0.0,0.5,0.7,13.1,13.1,13.1,13.1,1.0,0.0,24.0,0.0,0.5,0.7,9.19,9.19,9.19,9.19,1.0,0.0,24.0,0.0,0.5,0.7,98.7,98.7,98.7,98.7,1.0,0.0,24.0,0.0,0.7,4.98,7.95,10.92,7.95,2.0,6.15,14.0,0.0,0.5,0.4,4.72,7.13,9.53,7.13,2.0,4.99,14.0,0.0,0.5,0.4,0.98,3.08,5.17,3.08,2.0,4.35,14.0,0.0,0.5,0.4,1016.9,1016.9,1016.9,1016.9,1.0,0.0,24.0,0.0,0.5,0.7,8.0,8.0,8.0,8.0,2.0,0.0,14.0,0.0,0.5,0.4,31.7,72.0,112.3,72.0,2.0,83.5,14.0,0.0,0.5,0.4,12.0,37.8,63.6,37.8,2.0,53.5,14.0,0.0,0.5,0.4,1.9,1.9,1.9,1.9,1.0,0.0,24.0,0.0,0.5,0.7,23.4,23.4,23.4,23.4,1.0,0.0,24.0,0.0,0.5,0.7,1.35,1.35,1.35,1.35,1.0,0.0,24.0,0.0,0.5,0.7,16.6,16.6,16.6,16.6,1.0,0.0,24.0,0.0,0.5,0.7,139.5,139.5,139.5,139.5,1.0,0.0,24.0,0.0,0.5,0.7,80.6,80.6,80.6,80.6,1.0,0.0,24.0,0.0,0.5,0.7,97.9,97.9,97.9,97.9,1.0,0.0,24.0,0.0,0.5,0.7,56.5,56.5,56.5,56.5,1.0,0.0,24.0,0.0,0.5,0.7,14.4,14.4,14.4,14.4,1.0,0.0,24.0,0.0,0.5,0.7,8.3,8.3,8.3,8.3,1.0,0.0,24.0,0.0,0.5,0.7,334.5,954.0,1573.0,954.0,2.0,1283.0,14.0,0.0,0.5,0.4,335.0,955.0,1575.0,955.0,2.0,1285.0,14.0,0.0,0.5,0.4
1974,2,137.0,-41.0,17.3,17.3,17.3,17.3,1.0,0.0,10.0,1.0,0.9,1.0,17.2,17.2,17.2,17.2,1.0,0.0,10.0,1.0,0.9,1.0,7.53,7.53,7.53,7.53,1.0,0.0,10.0,1.0,0.9,1.0,62.6,62.6,62.6,62.6,1.0,0.0,10.0,1.0,1.0,6.7,6.7,6.7,6.7,1.0,0.0,10.0,1.0,0.9,1.0,-6.3,-6.3,-6.3,-6.3,1.0,0.0,10.0,1.0,0.9,1.0,2.29,2.29,2.29,2.29,1.0,0.0,10.0,1.0,0.9,1.0,1023.2,1023.2,1023.2,1023.2,1.0,0.0,10.0,1.0,0.9,1.0,5.0,5.0,5.0,5.0,1.0,0.0,10.0,1.0,0.9,1.0,-42.2,-42.2,-42.2,-42.2,1.0,0.0,10.0,1.0,0.9,1.0,15.4,15.4,15.4,15.4,1.0,0.0,10.0,1.0,0.9,1.0,0.1,0.1,0.1,0.1,1.0,0.0,10.0,1.0,0.9,1.0,0.7,0.7,0.7,0.7,1.0,0.0,10.0,1.0,0.9,1.0,4.61,4.61,4.61,4.61,1.0,0.0,10.0,1.0,0.9,1.0,30.9,30.9,30.9,30.9,1.0,0.0,10.0,1.0,0.9,1.0,-108.3,-108.3,-108.3,-108.3,1.0,0.0,10.0,1.0,0.9,1.0,39.4,39.4,39.4,39.4,1.0,0.0,10.0,1.0,0.9,1.0,-47.4,-47.4,-47.4,-47.4,1.0,0.0,10.0,1.0,0.9,1.0,17.3,17.3,17.3,17.3,1.0,0.0,10.0,1.0,0.9,1.0,-29.0,-29.0,-29.0,-29.0,1.0,0.0,10.0,1.0,0.9,1.0,10.6,10.6,10.6,10.6,1.0,0.0,10.0,1.0,0.9,1.0,301.0,301.0,301.0,301.0,1.0,0.0,10.0,1.0,0.9,1.0,300.0,300.0,300.0,300.0,1.0,0.0,10.0,1.0,0.9,1.0
1974,2,137.0,-39.0,16.94,17.2,17.32,17.18,6.0,0.36,16.0,0.5,0.4,0.9,16.47,17.55,18.97,17.53,8.0,1.85,14.0,0.6,0.5,0.8,7.56,8.74,11.17,9.19,6.0,1.8,16.0,0.5,0.4,0.9,68.9,77.5,88.0,77.2,6.0,12.0,16.0,0.5,0.9,3.21,5.1,8.14,6.03,8.0,3.22,14.0,0.6,0.5,0.8,-3.01,-0.44,1.53,0.19,8.0,3.62,14.0,0.6,0.5,0.8,-3.29,2.66,7.3,2.11,8.0,5.8,14.0,0.6,0.5,0.8,1015.04,1018.5,1021.29,1017.4,8.0,4.82,14.0,0.6,0.5,0.8,1.0,5.0,5.1,4.0,7.0,2.5,12.0,0.7,0.5,0.8,-12.0,-2.3,9.7,9.1,8.0,36.7,14.0,0.6,0.5,0.8,-17.2,9.6,54.8,17.0,8.0,53.9,14.0,0.6,0.5,0.8,-0.82,0.05,1.19,0.32,6.0,1.33,16.0,0.5,0.4,0.9,-3.5,0.6,9.5,4.7,6.0,14.5,16.0,0.5,0.4,0.9,1.0,3.35,4.27,2.93,6.0,1.61,16.0,0.5,0.4,0.9,7.1,13.9,32.1,19.5,6.0,17.4,16.0,0.5,0.4,0.9,-49.6,-8.4,27.3,-0.8,8.0,56.0,14.0,0.6,0.5,0.8,-66.3,45.8,125.2,30.6,8.0,100.2,14.0,0.6,0.5,0.8,-23.2,5.6,21.6,5.5,6.0,31.6,16.0,0.5,0.4,0.9,-5.2,21.5,66.4,17.1,6.0,60.3,16.0,0.5,0.4,0.9,-3.6,2.4,12.6,5.5,6.0,14.6,16.0,0.5,0.4,0.9,-0.4,10.6,29.3,13.4,6.0,17.1,16.0,0.5,0.4,0.9,34.0,132.5,541.0,406.5,8.0,620.5,14.0,0.6,0.5,0.8,35.0,135.0,540.0,405.0,8.0,620.0,14.0,0.6,0.5,0.8
1974,2,137.0,-37.0,,,,,,,,,,,,,,,,,,,,,,,,,,,,,,,,,,,,,,,,4.1,4.1,4.1,4.1,1.0,0.0,22.0,1.0,0.5,0.5,0.0,0.0,0.0,0.0,1.0,0.0,22.0,1.0,0.5,0.5,4.1,4.1,4.1,4.1,1.0,0.0,22.0,1.0,0.5,0.5,1014.2,1014.2,1014.2,1014.2,1.0,0.0,22.0,1.0,0.5,0.5,,,,,,,,,,,,,,,,,,,,,,,,,,,,,,,,,,,,,,,,,,,,,,,,,,,,,,,,,,,,,,,,,,,,,,,,,,,,,,,,,,,,,,,,,,,,,,,,,,,,,,,,,,,,,,,,,,,,,,,,,,,,,,,,,,,,,,,,,,,,,,,,,,,,,,
1974,2,137.0,-36.0,20.51,20.9,21.0,20.74,5.0,0.42,14.0,0.2,0.4,0.5,18.74,20.0,21.37,20.02,5.0,1.4,14.0,0.2,0.4,0.5,11.29,11.36,12.89,12.05,4.0,1.47,12.0,0.0,0.3,0.6,74.6,80.2,86.3,80.5,4.0,7.8,12.0,0.0,0.6,4.42,5.1,9.69,7.08,5.0,4.48,14.0,0.2,0.4,0.5,-5.96,-3.52,0.68,-2.63,5.0,4.47,14.0,0.2,0.4,0.5,1.88,3.85,7.97,4.97,5.0,4.82,14.0,0.2,0.4,0.5,1009.52,1012.0,1015.32,1012.36,5.0,3.88,14.0,0.2,0.4,0.5,0.0,1.0,7.4,3.2,5.0,4.0,14.0,0.2,0.4,0.5,-57.1,-16.2,6.9,-26.0,5.0,51.8,14.0,0.2,0.4,0.5,8.6,15.8,92.0,51.2,5.0,79.8,14.0,0.2,0.4,0.5,-0.51,1.0,1.81,0.72,5.0,1.22,14.0,0.2,0.4,0.5,-2.3,4.6,17.8,7.7,5.0,11.8,14.0,0.2,0.4,0.5,2.5,4.03,4.2,3.38,4.0,1.46,12.0,0.0,0.3,0.6,10.9,17.5,24.0,17.5,4.0,9.3,12.0,0.0,0.3,0.6,-118.7,-70.5,10.7,-52.8,5.0,85.2,14.0,0.2,0.4,0.5,37.5,82.8,148.1,95.1,5.0,87.2,14.0,0.2,0.4,0.5,-57.1,-28.0,17.8,-20.1,4.0,51.2,12.0,0.0,0.3,0.6,16.0,38.7,51.1,33.8,4.0,24.6,12.0,0.0,0.3,0.6,-10.5,-5.8,7.0,-1.9,4.0,14.2,12.0,0.0,0.3,0.6,5.8,13.7,18.7,12.3,4.0,9.2,12.0,0.0,0.3,0.6,87.0,132.5,1399.0,781.5,5.0,1415.0,14.0,0.2,0.4,0.5,85.0,135.0,1400.0,780.0,5.0,1415.0,14.0,0.2,0.4,0.5
1974,2,137.0,-35.0,21.0,21.0,21.0,21.0,1.0,0.0,10.0,1.0,0.2,0.7,25.5,25.5,25.5,25.5,1.0,0.0,10.0,1.0,0.2,0.7,14.26,14.26,14.26,14.26,1.0,0.0,10.0,1.0,0.2,0.7,70.3,70.3,70.3,70.3,1.0,0.0,10.0,1.0,0.7,2.6,2.6,2.6,2.6,1.0,0.0,10.0,1.0,0.2,0.7,-1.3,-1.3,-1.3,-1.3,1.0,0.0,10.0,1.0,0.2,0.7,-2.25,-2.25,-2.25,-2.25,1.0,0.0,10.0,1.0,0.2,0.7,1014.0,1014.0,1014.0,1014.0,1.0,0.0,10.0,1.0,0.2,0.7,1.0,1.0,1.0,1.0,1.0,0.0,10.0,1.0,0.2,0.7,-3.4,-3.4,-3.4,-3.4,1.0,0.0,10.0,1.0,0.2,0.7,-5.9,-5.9,-5.9,-5.9,1.0,0.0,10.0,1.0,0.2,0.7,-4.5,-4.5,-4.5,-4.5,1.0,0.0,10.0,1.0,0.2,0.7,-11.7,-11.7,-11.7,-11.7,1.0,0.0,10.0,1.0,0.2,0.7,1.2,1.2,1.2,1.2,1.0,0.0,10.0,1.0,0.2,0.7,3.1,3.1,3.1,3.1,1.0,0.0,10.0,1.0,0.2,0.7,-33.1,-33.1,-33.1,-33.1,1.0,0.0,10.0,1.0,0.2,0.7,-57.4,-57.4,-57.4,-57.4,1.0,0.0,10.0,1.0,0.2,0.7,-18.5,-18.5,-18.5,-18.5,1.0,0.0,10.0,1.0,0.2,0.7,-32.1,-32.1,-32.1,-32.1,1.0,0.0,10.0,1.0,0.2,0.7,-1.6,-1.6,-1.6,-1.6,1.0,0.0,10.0,1.0,0.2,0.7,-2.7,-2.7,-2.7,-2.7,1.0,0.0,10.0,1.0,0.2,0.7,17.5,17.5,17.5,17.5,1.0,0.0,10.0,1.0,0.2,0.7,20.0,20.0,20.0,20.0,1.0,0.0,10.0,1.0,0.2,0.7
1974,2,137.0,-34.0,23.02,23.05,23.08,23.05,2.0,0.07,24.0,0.5,0.4,0.9,24.24,24.75,25.26,24.75,2.0,1.06,24.0,0.5,0.4,0.9,11.61,12.42,13.23,12.42,2.0,1.68,24.0,0.5,0.4,0.9,58.5,64.6,70.8,64.6,2.0,12.7,24.0,0.5,0.9,5.51,6.4,7.29,6.4,2.0,1.84,24.0,0.5,0.4,0.9,0.96,1.11,1.27,1.11,2.0,0.32,24.0,0.5,0.4,0.9,5.43,6.3,7.18,6.3,2.0,1.81,24.0,0.5,0.4,0.9,1017.26,1017.4,1017.54,1017.4,2.0,0.28,24.0,0.5,0.4,0.9,7.2,7.5,7.8,7.5,2.0,0.7,24.0,0.5,0.4,0.9,5.4,7.4,9.4,7.4,2.0,4.1,24.0,0.5,0.4,0.9,30.8,42.0,53.2,42.0,2.0,23.2,24.0,0.5,0.4,0.9,-2.18,-1.7,-1.22,-1.7,2.0,0.99,24.0,0.5,0.4,0.9,-16.4,-11.8,-7.2,-11.8,2.0,9.5,24.0,0.5,0.4,0.9,4.23,5.07,5.91,5.07,2.0,1.75,24.0,0.5,0.4,0.9,24.2,34.1,43.9,34.1,2.0,20.5,24.0,0.5,0.4,0.9,23.3,27.7,32.1,27.7,2.0,9.1,24.0,0.5,0.4,0.9,132.1,157.0,181.8,157.0,2.0,51.5,24.0,0.5,0.4,0.9,12.5,13.5,14.5,13.5,2.0,2.1,24.0,0.5,0.4,0.9,71.0,76.7,82.5,76.7,2.0,11.9,24.0,0.5,0.4,0.9,4.2,5.9,7.6,5.9,2.0,3.6,24.0,0.5,0.4,0.9,23.8,33.5,43.3,33.5,2.0,20.2,24.0,0.5,0.4,0.9,184.0,294.5,405.0,294.5,2.0,229.0,24.0,0.5,0.4,0.9,185.0,295.0,405.0,295.0,2.0,230.0,24.0,0.5,0.4,0.9
1974,2,137.0,-14.0,29.0,29.0,29.0,29.0,1.0,0.0,20.0,0.0,0.4,0.5,28.0,28.0,28.0,28.0,1.0,0.0,20.0,0.0,0.4,0.5,20.25,20.25,20.25,20.25,1.0,0.0,20.0,0.0,0.4,0.5,85.3,85.3,85.3,85.3,1.0,0.0,20.0,0.0,0.5,6.2,6.2,6.2,6.2,1.0,0.0,20.0,0.0,0.4,0.5,2.12,2.12,2.12,2.12,1.0,0.0,20.0,0.0,0.4,0.5,-5.83,-5.83,-5.83,-5.83,1.0,0.0,20.0,0.0,0.4,0.5,1007.4,1007.4,1007.4,1007.4,1.0,0.0,20.0,0.0,0.4,0.5,2.0,2.0,2.0,2.0,1.0,0.0,20.0,0.0,0.4,0.5,13.1,13.1,13.1,13.1,1.0,0.0,20.0,0.0,0.4,0.5,-36.1,-36.1,-36.1,-36.1,1.0,0.0,20.0,0.0,0.4,0.5,1.0,1.0,1.0,1.0,1.0,0.0,20.0,0.0,0.4,0.5,6.2,6.2,6.2,6.2,1.0,0.0,20.0,0.0,0.4,0.5,4.99,4.99,4.99,4.99,1.0,0.0,20.0,0.0,0.4,0.5,31.0,31.0,31.0,31.0,1.0,0.0,20.0,0.0,0.4,0.5,59.4,59.4,59.4,59.4,1.0,0.0,20.0,0.0,0.4,0.5,-163.1,-163.1,-163.1,-163.1,1.0,0.0,20.0,0.0,0.4,0.5,42.9,42.9,42.9,42.9,1.0,0.0,20.0,0.0,0.4,0.5,-118.0,-118.0,-118.0,-118.0,1.0,0.0,20.0,0.0,0.4,0.5,10.6,10.6,10.6,10.6,1.0,0.0,20.0,0.0,0.4,0.5,-29.1,-29.1,-29.1,-29.1,1.0,0.0,20.0,0.0,0.4,0.5,238.5,238.5,238.5,238.5,1.0,0.0,20.0,0.0,0.4,0.5,240.0,240.0,240.0,240.0,1.0,0.0,20.0,0.0,0.4,0.5
1974,2,137.0,-13.0,28.0,28.0,28.0,28.0,1.0,0.0,14.0,1.0,0.0,1.0,27.6,27.6,27.6,27.6,1.0,0.0,14.0,1.0,0.0,1.0,18.75,18.75,18.75,18.75,1.0,0.0,14.0,1.0,0.0,1.0,80.8,80.8,80.8,80.8,1.0,0.0,14.0,1.0,1.0,6.2,6.2,6.2,6.2,1.0,0.0,14.0,1.0,0.0,1.0,4.75,4.75,4.75,4.75,1.0,0.0,14.0,1.0,0.0,1.0,-3.99,-3.99,-3.99,-3.99,1.0,0.0,14.0,1.0,0.0,1.0,1005.8,1005.8,1005.8,1005.8,1.0,0.0,14.0,1.0,0.0,1.0,8.0,8.0,8.0,8.0,1.0,0.0,14.0,1.0,0.0,1.0,29.4,29.4,29.4,29.4,1.0,0.0,14.0,1.0,0.0,1.0,-24.7,-24.7,-24.7,-24.7,1.0,0.0,14.0,1.0,0.0,1.0,0.4,0.4,0.4,0.4,1.0,0.0,14.0,1.0,0.0,1.0,2.5,2.5,2.5,2.5,1.0,0.0,14.0,1.0,0.0,1.0,5.09,5.09,5.09,5.09,1.0,0.0,14.0,1.0,0.0,1.0,31.5,31.5,31.5,31.5,1.0,0.0,14.0,1.0,0.0,1.0,131.1,131.1,131.1,131.1,1.0,0.0,14.0,1.0,0.0,1.0,-110.0,-110.0,-110.0,-110.0,1.0,0.0,14.0,1.0,0.0,1.0,89.0,89.0,89.0,89.0,1.0,0.0,14.0,1.0,0.0,1.0,-74.7,-74.7,-74.7,-74.7,1.0,0.0,14.0,1.0,0.0,1.0,24.2,24.2,24.2,24.2,1.0,0.0,14.0,1.0,0.0,1.0,-20.3,-20.3,-20.3,-20.3,1.0,0.0,14.0,1.0,0.0,1.0,238.5,238.5,238.5,238.5,1.0,0.0,14.0,1.0,0.0,1.0,240.0,240.0,240.0,240.0,1.0,0.0,14.0,1.0,0.0,1.0
1974,2,137.0,-12.0,,,,,,,,,,,,,,,,,,,,,,,,,,,,,,,,,,,,,,,,5.91,9.8,9.8,7.9,3.0,3.29,14.0,0.3,0.4,0.9,5.69,9.65,9.65,7.72,3.0,3.35,14.0,0.3,0.4,0.9,-0.42,1.7,1.7,0.67,3.0,1.79,14.0,0.3,0.4,0.9,1008.31,1008.55,1008.79,1008.55,2.0,0.5,14.0,0.0,0.4,0.9,,,,,,,,,,,,,,,,,,,,,,,,,,,,,,,,,,,,,,,,,,,,,,,,,,,,,,,,,,,,,,,,,,,,,,,,,,,,,,,,,,,,,,,,,,,,,,,,,,,,,,,,,,,,,,,,,,,,,,,,,,,,,,,,,,,,,,,,,,,,,,,,,,,,,,
1974,2,137.0,-11.0,27.65,28.0,28.27,27.97,9.0,0.61,16.0,0.1,0.6,0.4,26.12,27.5,28.0,27.45,11.0,1.2,16.0,0.1,0.6,0.4,18.43,19.18,19.81,19.09,9.0,0.77,16.0,0.1,0.6,0.4,79.3,82.3,87.7,83.5,9.0,4.3,16.0,0.1,0.4,5.54,8.2,9.3,7.35,11.0,2.42,16.0,0.1,0.6,0.4,4.66,6.28,8.13,6.17,11.0,2.27,16.0,0.1,0.6,0.4,-5.27,-3.18,-1.07,-3.35,11.0,2.43,16.0,0.1,0.6,0.4,1003.38,1004.2,1005.04,1004.07,11.0,1.23,16.0,0.1,0.6,0.4,4.6,6.0,7.4,6.0,11.0,1.5,16.0,0.1,0.6,0.4,27.8,51.5,77.6,49.7,11.0,26.1,16.0,0.1,0.6,0.4,-43.2,-25.9,-2.2,-27.0,11.0,25.9,16.0,0.1,0.6,0.4,0.03,0.3,1.47,0.64,9.0,0.99,16.0,0.1,0.6,0.4,0.3,2.0,14.2,6.0,9.0,8.5,16.0,0.1,0.6,0.4,3.72,4.91,5.83,4.76,9.0,1.37,16.0,0.1,0.6,0.4,24.6,37.0,51.9,36.7,9.0,19.0,16.0,0.1,0.6,0.4,129.1,174.6,234.4,169.3,11.0,62.5,16.0,0.1,0.6,0.4,-147.0,-89.1,-29.4,-92.9,11.0,67.0,16.0,0.1,0.6,0.4,77.7,121.6,157.6,114.0,9.0,46.7,16.0,0.1,0.6,0.4,-105.3,-61.0,-9.8,-64.8,9.0,51.7,16.0,0.1,0.6,0.4,23.1,28.4,44.8,30.2,9.0,15.4,16.0,0.1,0.6,0.4,-23.8,-15.6,-1.1,-17.1,9.0,16.8,16.0,0.1,0.6,0.4,180.0,551.5,804.5,504.0,11.0,360.0,16.0,0.1,0.6,0.4,180.0,550.0,805.0,505.0,11.0,360.0,16.0,0.1,0.6,0.4
1974,2,137.0,-10.0,27.63,28.0,28.52,28.08,4.0,0.7,6.0,0.5,0.3,0.5,27.63,28.0,28.87,28.2,5.0,0.91,8.0,0.4,0.3,0.5,18.75,18.9,21.07,19.91,5.0,2.02,8.0,0.4,0.3,0.5,76.4,78.9,89.3,82.8,5.0,9.2,8.0,0.4,0.5,6.15,8.2,9.85,7.82,5.0,3.11,8.0,0.4,0.3,0.5,3.43,6.28,8.6,6.02,5.0,3.32,8.0,0.4,0.3,0.5,-6.29,-3.69,-2.6,-4.41,5.0,2.33,8.0,0.4,0.3,0.5,1003.92,1004.5,1005.59,1004.72,5.0,0.99,8.0,0.4,0.3,0.5,6.0,6.0,7.4,6.6,5.0,0.9,8.0,0.4,0.3,0.5,28.7,51.5,80.1,54.2,5.0,38.3,8.0,0.4,0.3,0.5,-54.8,-39.9,-16.7,-37.4,5.0,25.7,8.0,0.4,0.3,0.5,-0.5,-0.25,0.16,-0.17,4.0,0.39,6.0,0.5,0.3,0.5,-4.4,-2.0,0.4,-2.0,4.0,2.8,6.0,0.5,0.3,0.5,2.13,4.55,5.36,3.78,4.0,2.34,6.0,0.5,0.3,0.5,6.8,28.2,46.7,26.8,4.0,23.1,6.0,0.5,0.3,0.5,96.9,175.9,248.1,171.0,5.0,94.8,8.0,0.4,0.3,0.5,-177.5,-103.4,-74.7,-124.8,5.0,66.7,8.0,0.4,0.3,0.5,64.3,147.3,165.8,120.2,5.0,64.9,8.0,0.4,0.3,0.5,-133.6,-69.2,-50.6,-88.3,5.0,46.7,8.0,0.4,0.3,0.5,3.9,14.4,33.9,18.7,4.0,18.9,6.0,0.5,0.3,0.5,-29.0,-12.4,-5.5,-17.0,4.0,16.9,6.0,0.5,0.3,0.5,356.5,551.5,970.5,637.0,5.0,451.0,8.0,0.4,0.3,0.5,355.0,550.0,970.0,635.0,5.0,450.0,8.0,0.4,0.3,0.5
1974,2,137.0,-2.0,28.7,28.7,28.7,28.7,1.0,0.0,28.0,1.0,0.4,0.9,27.2,27.2,27.2,27.2,1.0,0.0,28.0,1.0,0.4,0.9,19.03,19.03,19.03,19.03,1.0,0.0,28.0,1.0,0.4,0.9,84.2,84.2,84.2,84.2,1.0,0.0,28.0,1.0,0.9,,,,,,,,,,,,,,,,,,,,,,,,,,,,,,,,,,,,,,,,,,,,,,,,,,,,,,,,,,,,,,,,,,,,,,,,,,,,,,,,,,,,,,,,,,,,,,,,,,,,,,,,,,,,,,,,,,,,,,,,,,,,,,,,,,,,,,,,,,,,,,,,,,,,,,,,,,,,,,,,,,,,,,,,,,,,,,,,,,,,,,,,,,,,,,
1974,2,137.0,-1.0,30.3,30.3,30.3,30.3,1.0,0.0,4.0,0.0,0.4,0.6,25.0,25.0,25.0,25.0,1.0,0.0,4.0,0.0,0.4,0.6,17.65,17.65,17.65,17.65,1.0,0.0,4.0,0.0,0.4,0.6,88.7,88.7,88.7,88.7,1.0,0.0,4.0,0.0,0.6,4.1,4.1,4.1,4.1,1.0,0.0,4.0,0.0,0.4,0.6,2.64,2.64,2.64,2.64,1.0,0.0,4.0,0.0,0.4,0.6,-3.14,-3.14,-3.14,-3.14,1.0,0.0,4.0,0.0,0.4,0.6,1005.2,1005.2,1005.2,1005.2,1.0,0.0,4.0,0.0,0.4,0.6,6.0,6.0,6.0,6.0,1.0,0.0,4.0,0.0,0.4,0.6,10.8,10.8,10.8,10.8,1.0,0.0,4.0,0.0,0.4,0.6,-12.9,-12.9,-12.9,-12.9,1.0,0.0,4.0,0.0,0.4,0.6,5.3,5.3,5.3,5.3,1.0,0.0,4.0,0.0,0.4,0.6,21.7,21.7,21.7,21.7,1.0,0.0,4.0,0.0,0.4,0.6,9.66,9.66,9.66,9.66,1.0,0.0,4.0,0.0,0.4,0.6,39.6,39.6,39.6,39.6,1.0,0.0,4.0,0.0,0.4,0.6,65.9,65.9,65.9,65.9,1.0,0.0,4.0,0.0,0.4,0.6,-78.5,-78.5,-78.5,-78.5,1.0,0.0,4.0,0.0,0.4,0.6,46.5,46.5,46.5,46.5,1.0,0.0,4.0,0.0,0.4,0.6,-55.4,-55.4,-55.4,-55.4,1.0,0.0,4.0,0.0,0.4,0.6,25.4,25.4,25.4,25.4,1.0,0.0,4.0,0.0,0.4,0.6,-30.3,-30.3,-30.3,-30.3,1.0,0.0,4.0,0.0,0.4,0.6,69.0,69.0,69.0,69.0,1.0,0.0,4.0,0.0,0.4,0.6,70.0,70.0,70.0,70.0,1.0,0.0,4.0,0.0,0.4,0.6
1974,2,137.0,5.0,28.9,28.9,28.9,28.9,1.0,0.0,16.0,1.0,0.8,0.6,28.9,28.9,28.9,28.9,1.0,0.0,16.0,1.0,0.8,0.6,21.09,21.09,21.09,21.09,1.0,0.0,16.0,1.0,0.8,0.6,84.4,84.4,84.4,84.4,1.0,0.0,16.0,1.0,0.6,9.3,9.3,9.3,9.3,1.0,0.0,16.0,1.0,0.8,0.6,-5.98,-5.98,-5.98,-5.98,1.0,0.0,16.0,1.0,0.8,0.6,-7.12,-7.12,-7.12,-7.12,1.0,0.0,16.0,1.0,0.8,0.6,1009.0,1009.0,1009.0,1009.0,1.0,0.0,16.0,1.0,0.8,0.6,7.0,7.0,7.0,7.0,1.0,0.0,16.0,1.0,0.8,0.6,-55.6,-55.6,-55.6,-55.6,1.0,0.0,16.0,1.0,0.8,0.6,-66.3,-66.3,-66.3,-66.3,1.0,0.0,16.0,1.0,0.8,0.6,0.0,0.0,0.0,0.0,1.0,0.0,16.0,1.0,0.8,0.6,0.0,0.0,0.0,0.0,1.0,0.0,16.0,1.0,0.8,0.6,3.97,3.97,3.97,3.97,1.0,0.0,16.0,1.0,0.8,0.6,36.9,36.9,36.9,36.9,1.0,0.0,16.0,1.0,0.8,0.6,-172.8,-172.8,-172.8,-172.8,1.0,0.0,16.0,1.0,0.8,0.6,-205.9,-205.9,-205.9,-205.9,1.0,0.0,16.0,1.0,0.8,0.6,-126.1,-126.1,-126.1,-126.1,1.0,0.0,16.0,1.0,0.8,0.6,-150.2,-150.2,-150.2,-150.2,1.0,0.0,16.0,1.0,0.8,0.6,-23.7,-23.7,-23.7,-23.7,1.0,0.0,16.0,1.0,0.8,0.6,-28.3,-28.3,-28.3,-28.3,1.0,0.0,16.0,1.0,0.8,0.6,804.5,804.5,804.5,804.5,1.0,0.0,16.0,1.0,0.8,0.6,805.0,805.0,805.0,805.0,1.0,0.0,16.0,1.0,0.8,0.6
1974,2,137.0,6.0,28.0,28.0,28.0,28.0,1.0,0.0,24.0,0.0,0.6,0.3,27.0,27.0,27.0,27.0,1.0,0.0,24.0,0.0,0.6,0.3,19.94,19.94,19.94,19.94,1.0,0.0,24.0,0.0,0.6,0.3,88.8,88.8,88.8,88.8,1.0,0.0,24.0,0.0,0.3,6.7,6.7,6.7,6.7,1.0,0.0,24.0,0.0,0.6,0.3,-5.8,-5.8,-5.8,-5.8,1.0,0.0,24.0,0.0,0.6,0.3,3.35,3.35,3.35,3.35,1.0,0.0,24.0,0.0,0.6,0.3,1004.9,1004.9,1004.9,1004.9,1.0,0.0,24.0,0.0,0.6,0.3,6.0,6.0,6.0,6.0,1.0,0.0,24.0,0.0,0.6,0.3,-38.9,-38.9,-38.9,-38.9,1.0,0.0,24.0,0.0,0.6,0.3,22.4,22.4,22.4,22.4,1.0,0.0,24.0,0.0,0.6,0.3,1.0,1.0,1.0,1.0,1.0,0.0,24.0,0.0,0.6,0.3,6.7,6.7,6.7,6.7,1.0,0.0,24.0,0.0,0.6,0.3,3.92,3.92,3.92,3.92,1.0,0.0,24.0,0.0,0.6,0.3,26.3,26.3,26.3,26.3,1.0,0.0,24.0,0.0,0.6,0.3,-156.7,-156.7,-156.7,-156.7,1.0,0.0,24.0,0.0,0.6,0.3,90.5,90.5,90.5,90.5,1.0,0.0,24.0,0.0,0.6,0.3,-115.7,-115.7,-115.7,-115.7,1.0,0.0,24.0,0.0,0.6,0.3,66.8,66.8,66.8,66.8,1.0,0.0,24.0,0.0,0.6,0.3,-22.7,-22.7,-22.7,-22.7,1.0,0.0,24.0,0.0,0.6,0.3,13.1,13.1,13.1,13.1,1.0,0.0,24.0,0.0,0.6,0.3,301.0,301.0,301.0,301.0,1.0,0.0,24.0,0.0,0.6,0.3,300.0,300.0,300.0,300.0,1.0,0.0,24.0,0.0,0.6,0.3
1974,2,137.0,10.0,,,,,,,,,,,,,,,,,,,,,,,,,,,,,,,,,,,,,,,,10.8,10.8,10.8,10.8,1.0,0.0,20.0,1.0,0.8,0.2,-8.27,-8.27,-8.27,-8.27,1.0,0.0,20.0,1.0,0.8,0.2,-6.94,-6.94,-6.94,-6.94,1.0,0.0,20.0,1.0,0.8,0.2,1008.2,1008.2,1008.2,1008.2,1.0,0.0,20.0,1.0,0.8,0.2,,,,,,,,,,,,,,,,,,,,,,,,,,,,,,,,,,,,,,,,,,,,,,,,,,,,,,,,,,,,,,,,,,,,,,,,,,,,,,,,,,,,,,,,,,,,,,,,,,,,,,,,,,,,,,,,,,,,,,,,,,,,,,,,,,,,,,,,,,,,,,,,,,,,,,
1974,2,137.0,11.0,,,,,,,,,,,,,,,,,,,,,,,,,,,,,,,,,,,,,,,,8.11,8.35,8.59,8.35,2.0,0.49,12.0,0.5,0.5,0.5,-7.52,-6.74,-5.96,-6.74,2.0,1.62,12.0,0.5,0.5,0.5,-5.83,-4.03,-2.23,-4.03,2.0,3.73,12.0,0.5,0.5,0.5,1007.9,1009.85,1011.8,1009.85,2.0,4.03,12.0,0.5,0.5,0.5,,,,,,,,,,,,,,,,,,,,,,,,,,,,,,,,,,,,,,,,,,,,,,,,,,,,,,,,,,,,,,,,,,,,,,,,,,,,,,,,,,,,,,,,,,,,,,,,,,,,,,,,,,,,,,,,,,,,,,,,,,,,,,,,,,,,,,,,,,,,,,,,,,,,,,
1974,2,137.0,12.0,30.0,30.0,30.0,30.0,1.0,0.0,8.0,1.0,0.4,0.1,28.2,28.2,28.2,28.2,1.0,0.0,8.0,1.0,0.4,0.1,16.99,16.99,16.99,16.99,1.0,0.0,8.0,1.0,0.4,0.1,71.2,71.2,71.2,71.2,1.0,0.0,8.0,1.0,0.1,4.93,5.65,6.37,5.65,2.0,1.48,10.0,0.5,0.2,0.4,-6.02,-5.41,-4.81,-5.41,2.0,1.25,10.0,0.5,0.2,0.4,-2.05,-1.55,-1.04,-1.55,2.0,1.06,10.0,0.5,0.2,0.4,1009.09,1010.35,1011.61,1010.35,2.0,2.62,10.0,0.5,0.2,0.4,3.2,3.5,3.8,3.5,2.0,0.7,10.0,0.5,0.2,0.4,-38.8,-31.5,-24.2,-31.5,2.0,15.1,10.0,0.5,0.2,0.4,-13.5,-9.5,-5.5,-9.5,2.0,8.3,10.0,0.5,0.2,0.4,1.8,1.8,1.8,1.8,1.0,0.0,8.0,1.0,0.4,0.1,8.3,8.3,8.3,8.3,1.0,0.0,8.0,1.0,0.4,0.1,9.65,9.65,9.65,9.65,1.0,0.0,8.0,1.0,0.4,0.1,44.4,44.4,44.4,44.4,1.0,0.0,8.0,1.0,0.4,0.1,-127.7,-127.7,-127.7,-127.7,1.0,0.0,8.0,1.0,0.4,0.1,-22.5,-22.5,-22.5,-22.5,1.0,0.0,8.0,1.0,0.4,0.1,-77.0,-77.0,-77.0,-77.0,1.0,0.0,8.0,1.0,0.4,0.1,-13.6,-13.6,-13.6,-13.6,1.0,0.0,8.0,1.0,0.4,0.1,-43.7,-43.7,-43.7,-43.7,1.0,0.0,8.0,1.0,0.4,0.1,-7.7,-7.7,-7.7,-7.7,1.0,0.0,8.0,1.0,0.4,0.1,129.5,199.0,268.5,199.0,2.0,144.0,10.0,0.5,0.2,0.4,130.0,200.0,270.0,200.0,2.0,145.0,10.0,0.5,0.2,0.4
1974,2,137.0,13.0,27.56,28.0,28.27,27.85,8.0,0.53,16.0,0.6,0.3,0.4,26.4,28.3,28.97,28.07,9.0,1.64,14.0,0.6,0.3,0.4,17.38,18.04,18.78,18.0,8.0,0.84,14.0,0.5,0.3,0.4,70.7,77.0,84.4,77.7,8.0,7.8,14.0,0.5,0.4,5.1,7.7,8.57,7.18,9.0,1.76,14.0,0.6,0.3,0.4,-7.93,-6.28,-4.35,-6.0,9.0,2.06,14.0,0.6,0.3,0.4,-5.02,-2.63,-1.51,-2.98,9.0,2.51,14.0,0.6,0.3,0.4,1009.0,1009.5,1012.0,1010.03,9.0,1.66,14.0,0.6,0.3,0.4,1.5,4.0,5.0,3.7,9.0,2.1,14.0,0.6,0.3,0.4,-66.0,-51.5,-20.9,-45.3,9.0,23.8,14.0,0.6,0.3,0.4,-41.8,-20.3,-9.6,-23.7,9.0,19.6,14.0,0.6,0.3,0.4,-2.12,-0.2,1.87,-0.19,8.0,2.02,16.0,0.6,0.3,0.4,-17.3,-1.7,9.8,-2.8,8.0,16.0,16.0,0.6,0.3,0.4,4.71,5.08,5.9,5.29,7.0,0.82,16.0,0.6,0.3,0.4,29.7,37.1,42.1,38.2,7.0,9.7,16.0,0.6,0.3,0.4,-228.1,-172.7,-116.9,-169.2,9.0,63.0,14.0,0.6,0.3,0.4,-139.2,-67.2,-43.2,-84.0,9.0,72.0,14.0,0.6,0.3,0.4,-140.9,-99.4,-72.3,-102.2,8.0,35.9,14.0,0.5,0.3,0.4,-90.5,-47.6,-25.8,-54.1,8.0,47.9,14.0,0.5,0.3,0.4,-39.1,-35.5,-23.8,-30.8,7.0,10.4,16.0,0.6,0.3,0.4,-34.9,-14.9,-8.7,-19.4,7.0,11.9,16.0,0.6,0.3,0.4,132.5,456.5,629.5,427.0,9.0,252.5,14.0,0.6,0.3,0.4,135.0,455.0,630.0,425.0,9.0,255.0,14.0,0.6,0.3,0.4
1974,2,137.0,14.0,27.46,27.8,28.14,27.8,2.0,0.71,16.0,0.0,0.2,0.4,26.26,26.4,26.54,26.4,2.0,0.28,16.0,0.0,0.2,0.4,15.97,16.92,17.87,16.92,2.0,1.97,16.0,0.0,0.2,0.4,74.8,78.6,82.4,78.6,2.0,7.8,16.0,0.0,0.4,5.27,5.65,6.03,5.65,2.0,0.78,16.0,0.0,0.2,0.4,-5.6,-5.12,-4.64,-5.12,2.0,1.0,16.0,0.0,0.2,0.4,-2.48,-2.34,-2.19,-2.34,2.0,0.3,16.0,0.0,0.2,0.4,1010.02,1010.5,1010.98,1010.5,2.0,0.99,16.0,0.0,0.2,0.4,5.2,5.5,5.8,5.5,2.0,0.7,16.0,0.0,0.2,0.4,-34.0,-29.3,-24.7,-29.3,2.0,9.6,16.0,0.0,0.2,0.4,-13.1,-13.1,-13.0,-13.1,2.0,0.1,16.0,0.0,0.2,0.4,1.2,1.4,1.6,1.4,2.0,0.42,16.0,0.0,0.2,0.4,7.1,7.7,8.4,7.7,2.0,1.3,16.0,0.0,0.2,0.4,6.05,6.53,7.02,6.53,2.0,1.01,16.0,0.0,0.2,0.4,32.1,37.3,42.5,37.3,2.0,10.8,16.0,0.0,0.2,0.4,-147.1,-135.1,-123.1,-135.1,2.0,24.9,16.0,0.0,0.2,0.4,-65.9,-61.7,-57.5,-61.7,2.0,8.7,16.0,0.0,0.2,0.4,-88.9,-85.7,-82.4,-85.7,2.0,6.8,16.0,0.0,0.2,0.4,-44.5,-39.8,-35.1,-39.8,2.0,9.7,16.0,0.0,0.2,0.4,-39.6,-34.0,-28.3,-34.0,2.0,11.7,16.0,0.0,0.2,0.4,-15.3,-15.1,-14.9,-15.1,2.0,0.4,16.0,0.0,0.2,0.4,149.5,185.5,221.5,185.5,2.0,74.5,16.0,0.0,0.2,0.4,150.0,185.0,220.0,185.0,2.0,75.0,16.0,0.0,0.2,0.4
1974,2,137.0,15.0,26.9,27.75,28.52,27.73,6.0,0.97,18.0,0.7,0.6,0.4,25.24,25.75,26.14,25.75,6.0,0.6,18.0,0.7,0.6,0.4,16.58,17.37,18.3,17.4,6.0,0.97,18.0,0.7,0.6,0.4,81.0,83.0,89.2,84.1,6.0,4.9,18.0,0.7,0.4,7.06,9.0,10.84,8.92,6.0,2.8,18.0,0.7,0.6,0.4,-7.94,-6.26,-3.43,-5.85,6.0,3.66,18.0,0.7,0.6,0.4,-8.28,-5.7,-3.58,-5.79,6.0,2.91,18.0,0.7,0.6,0.4,1009.61,1011.5,1012.5,1011.12,6.0,1.5,18.0,0.7,0.6,0.4,7.0,8.0,8.0,7.2,6.0,2.0,18.0,0.7,0.6,0.4,-83.9,-51.8,-15.8,-56.0,6.0,49.9,18.0,0.7,0.6,0.4,-85.9,-59.7,-28.2,-56.6,6.0,35.2,18.0,0.7,0.6,0.4,0.58,2.2,3.08,1.98,6.0,1.24,18.0,0.7,0.6,0.4,5.5,15.0,35.8,18.9,6.0,15.4,18.0,0.7,0.6,0.4,4.16,5.96,7.66,5.96,6.0,2.06,18.0,0.7,0.6,0.4,29.9,47.0,75.3,55.2,6.0,33.6,18.0,0.7,0.6,0.4,-204.2,-161.5,-86.8,-150.8,6.0,95.1,18.0,0.7,0.6,0.4,-208.9,-149.9,-91.5,-149.3,6.0,74.6,18.0,0.7,0.6,0.4,-132.0,-113.2,-57.2,-99.8,6.0,60.2,18.0,0.7,0.6,0.4,-150.0,-97.3,-60.0,-102.2,6.0,54.7,18.0,0.7,0.6,0.4,-61.9,-33.8,-19.3,-40.7,6.0,34.0,18.0,0.7,0.6,0.4,-51.3,-30.5,-19.2,-33.2,6.0,17.9,18.0,0.7,0.6,0.4,382.5,746.5,1310.5,881.0,6.0,714.5,18.0,0.7,0.6,0.4,380.0,745.0,1310.0,880.0,6.0,715.0,18.0,0.7,0.6,0.4
1974,2,137.0,16.0,26.19,26.75,27.8,26.77,6.0,1.03,12.0,0.7,0.3,0.4,25.17,26.05,27.32,26.08,6.0,1.39,12.0,0.7,0.3,0.4,14.62,16.26,17.42,15.95,6.0,1.87,12.0,0.7,0.3,0.4,66.7,77.3,83.1,76.0,6.0,11.4,12.0,0.7,0.4,8.39,11.05,12.34,10.7,6.0,2.55,12.0,0.7,0.3,0.4,-8.54,-6.88,-4.04,-6.79,6.0,2.65,12.0,0.7,0.3,0.4,-11.09,-7.94,-4.2,-7.67,6.0,3.3,12.0,0.7,0.3,0.4,1009.83,1011.0,1014.03,1011.98,6.0,3.27,12.0,0.7,0.3,0.4,1.8,4.0,7.2,4.3,6.0,2.8,12.0,0.7,0.3,0.4,-97.3,-56.6,-47.1,-74.3,6.0,43.7,12.0,0.7,0.3,0.4,-131.3,-99.5,-35.4,-87.8,6.0,50.0,12.0,0.7,0.3,0.4,-0.78,-0.1,2.55,0.68,6.0,1.96,12.0,0.7,0.3,0.4,-7.4,0.0,30.1,9.5,6.0,21.9,12.0,0.7,0.3,0.4,4.45,6.08,7.41,6.09,6.0,1.92,12.0,0.7,0.3,0.4,39.9,58.1,92.3,68.0,6.0,36.5,12.0,0.7,0.3,0.4,-230.7,-182.7,-101.9,-178.7,6.0,73.3,12.0,0.7,0.3,0.4,-268.9,-212.7,-108.7,-197.5,6.0,79.5,12.0,0.7,0.3,0.4,-141.2,-106.7,-69.0,-105.6,6.0,33.3,12.0,0.7,0.3,0.4,-185.0,-119.0,-64.0,-122.6,6.0,56.4,12.0,0.7,0.3,0.4,-50.3,-31.8,-27.4,-42.5,6.0,29.1,12.0,0.7,0.3,0.4,-78.6,-46.3,-21.2,-49.4,6.0,30.6,12.0,0.7,0.3,0.4,599.5,1368.0,1920.5,1399.5,6.0,931.0,12.0,0.7,0.3,0.4,600.0,1370.0,1920.0,1400.0,6.0,930.0,12.0,0.7,0.3,0.4
1974,2,137.0,17.0,26.16,26.5,26.84,26.5,2.0,0.71,12.0,0.5,0.3,0.5,23.22,24.35,25.48,24.35,2.0,2.33,12.0,0.5,0.3,0.5,13.99,14.48,14.96,14.48,2.0,1.0,12.0,0.5,0.3,0.5,73.8,76.4,78.9,76.4,2.0,5.3,12.0,0.5,0.5,9.11,10.0,10.89,10.0,2.0,1.84,12.0,0.5,0.3,0.5,-7.99,-4.14,-0.28,-4.14,2.0,7.99,12.0,0.5,0.3,0.5,-8.1,-7.11,-6.11,-7.11,2.0,2.06,12.0,0.5,0.3,0.5,1011.82,1012.5,1013.18,1012.5,2.0,1.41,12.0,0.5,0.3,0.5,4.6,6.0,7.4,6.0,2.0,2.8,12.0,0.5,0.3,0.5,-90.9,-48.7,-6.5,-48.7,2.0,87.5,12.0,0.5,0.3,0.5,-72.8,-69.2,-65.5,-69.2,2.0,7.6,12.0,0.5,0.3,0.5,1.37,2.15,2.93,2.15,2.0,1.63,12.0,0.5,0.3,0.5,14.1,20.0,25.9,20.0,2.0,12.3,12.0,0.5,0.3,0.5,7.13,7.19,7.24,7.19,2.0,0.12,12.0,0.5,0.3,0.5,65.9,71.7,77.6,71.7,2.0,12.0,12.0,0.5,0.3,0.5,-208.6,-110.1,-11.5,-110.1,2.0,204.2,12.0,0.5,0.3,0.5,-186.9,-170.7,-154.5,-170.7,2.0,33.7,12.0,0.5,0.3,0.5,-121.7,-63.9,-6.1,-63.9,2.0,119.8,12.0,0.5,0.3,0.5,-112.8,-101.9,-90.9,-101.9,2.0,22.7,12.0,0.5,0.3,0.5,-56.7,-29.3,-1.8,-29.3,2.0,56.9,12.0,0.5,0.3,0.5,-58.8,-51.2,-43.6,-51.2,2.0,15.7,12.0,0.5,0.3,0.5,783.0,1050.5,1318.5,1050.5,2.0,554.5,12.0,0.5,0.3,0.5,785.0,1050.0,1320.0,1050.0,2.0,555.0,12.0,0.5,0.3,0.5
1974,2,137.0,18.0,25.24,26.1,27.38,26.3,4.0,1.34,8.0,0.3,0.6,0.3,22.01,23.5,25.36,23.82,5.0,2.47,8.0,0.4,0.6,0.3,13.15,13.25,15.64,14.34,5.0,2.04,8.0,0.4,0.6,0.3,74.0,79.1,81.3,77.8,5.0,4.8,8.0,0.4,0.3,6.68,7.7,12.61,9.6,3.0,4.65,8.0,0.3,0.5,0.3,-6.96,-5.9,-3.32,-5.16,3.0,2.74,8.0,0.3,0.5,0.3,-10.66,-5.83,-5.23,-7.89,3.0,4.36,8.0,0.3,0.5,0.3,1011.82,1012.1,1015.95,1013.76,5.0,3.11,8.0,0.4,0.6,0.3,4.0,8.0,8.0,6.4,5.0,2.2,8.0,0.4,0.6,0.3,-90.2,-45.4,-23.4,-56.5,3.0,49.9,8.0,0.3,0.5,0.3,-143.3,-38.1,-36.8,-88.8,3.0,89.6,8.0,0.3,0.5,0.3,-0.1,2.55,4.26,2.1,4.0,2.66,8.0,0.3,0.6,0.3,16.6,34.0,51.5,34.0,2.0,36.2,6.0,0.0,0.4,0.3,5.36,6.97,8.2,6.79,4.0,2.09,8.0,0.3,0.6,0.3,60.9,79.4,98.0,79.4,2.0,38.5,6.0,0.0,0.4,0.3,-154.1,-141.0,-77.0,-116.1,3.0,60.4,8.0,0.3,0.5,0.3,-230.6,-129.9,-122.0,-175.2,3.0,88.7,8.0,0.3,0.5,0.3,-91.7,-76.5,-43.5,-67.8,3.0,36.1,8.0,0.3,0.5,0.3,-141.2,-77.2,-68.3,-104.1,3.0,58.3,8.0,0.3,0.5,0.3,-51.2,-46.7,-42.1,-46.7,2.0,9.4,6.0,0.0,0.4,0.3,-83.0,-63.0,-42.9,-63.0,2.0,41.6,6.0,0.0,0.4,0.3,307.5,456.5,2403.0,1334.5,3.0,1712.5,8.0,0.3,0.5,0.3,310.0,455.0,2405.0,1335.0,3.0,1715.0,8.0,0.3,0.5,0.3
1974,2,137.0,19.0,24.63,24.9,25.17,24.9,2.0,0.57,18.0,0.5,0.6,0.1,25.4,25.4,25.4,25.4,1.0,0.0,24.0,0.0,0.9,0.0,15.79,15.79,15.79,15.79,1.0,0.0,24.0,0.0,0.9,0.0,78.1,78.1,78.1,78.1,1.0,0.0,24.0,0.0,0.0,10.3,10.3,10.3,10.3,1.0,0.0,12.0,1.0,0.4,0.3,-6.62,-6.62,-6.62,-6.62,1.0,0.0,12.0,1.0,0.4,0.3,-7.89,-7.89,-7.89,-7.89,1.0,0.0,12.0,1.0,0.4,0.3,1006.92,1008.9,1010.88,1008.9,2.0,4.1,18.0,0.5,0.6,0.1,2.1,4.5,6.9,4.5,2.0,4.9,18.0,0.5,0.6,0.1,-68.2,-68.2,-68.2,-68.2,1.0,0.0,12.0,1.0,0.4,0.3,-81.3,-81.3,-81.3,-81.3,1.0,0.0,12.0,1.0,0.4,0.3,,,,,,,,,,,,,,,,,,,,,,,,,,,,,,,,,,,,,,,,,,,,,,,,,,,,,,,,,,,,,,,,,,,,,,,,,,,,,,,,,,,,,,,,,,,,,,,,,,,,,,,,,,,,,,,,,,,,,,,,
1974,2,137.0,20.0,24.56,25.45,25.94,25.29,8.0,0.61,16.0,0.5,0.5,0.3,22.22,24.8,25.5,24.44,8.0,2.63,16.0,0.5,0.5,0.3,11.51,14.98,17.69,14.89,8.0,3.6,16.0,0.5,0.5,0.3,68.8,78.0,83.9,76.6,8.0,7.9,16.0,0.5,0.3,4.58,6.7,10.82,7.27,7.0,2.81,16.0,0.6,0.5,0.3,-8.29,-4.1,-0.9,-3.64,7.0,4.51,16.0,0.6,0.5,0.3,-6.96,-5.83,0.08,-4.24,7.0,3.57,16.0,0.6,0.5,0.3,1012.91,1013.25,1015.28,1013.55,8.0,1.81,16.0,0.5,0.5,0.3,2.3,6.0,7.0,5.1,8.0,2.4,16.0,0.5,0.5,0.3,-89.8,-16.8,-6.5,-35.0,7.0,43.7,16.0,0.6,0.5,0.3,-75.3,-36.1,0.3,-37.6,7.0,33.8,16.0,0.6,0.5,0.3,0.5,0.65,2.83,0.85,8.0,2.6,16.0,0.5,0.5,0.3,2.4,5.7,19.2,7.0,7.0,15.6,16.0,0.6,0.5,0.3,3.26,5.53,8.27,5.23,8.0,3.55,16.0,0.5,0.5,0.3,22.4,48.4,56.9,38.7,7.0,25.0,16.0,0.6,0.5,0.3,-211.4,-98.4,-16.2,-87.6,7.0,120.1,16.0,0.6,0.5,0.3,-177.4,-128.2,2.2,-98.9,7.0,87.9,16.0,0.6,0.5,0.3,-131.6,-59.6,-6.3,-52.1,7.0,81.9,16.0,0.6,0.5,0.3,-110.5,-63.2,1.6,-56.9,7.0,57.2,16.0,0.6,0.5,0.3,-37.4,-23.9,-11.0,-24.0,7.0,12.9,16.0,0.6,0.5,0.3,-50.0,-31.1,-2.9,-29.3,7.0,23.1,16.0,0.6,0.5,0.3,96.0,301.0,1268.5,540.0,7.0,566.5,16.0,0.6,0.5,0.3,95.0,300.0,1270.0,540.0,7.0,565.0,16.0,0.6,0.5,0.3
1974,2,137.0,21.0,24.48,25.15,25.67,25.08,4.0,0.83,20.0,0.5,0.3,0.4,22.09,24.5,25.24,23.76,5.0,2.11,18.0,0.4,0.3,0.4,12.93,13.94,16.55,14.65,5.0,2.57,18.0,0.4,0.3,0.4,75.7,78.8,83.4,79.5,5.0,6.2,18.0,0.4,0.4,3.69,7.2,7.7,5.86,5.0,2.46,18.0,0.4,0.3,0.4,-6.02,-5.9,0.14,-3.22,5.0,4.38,18.0,0.4,0.3,0.4,-4.95,-3.6,0.61,-2.31,5.0,3.19,18.0,0.4,0.3,0.4,1012.5,1014.0,1017.41,1015.06,5.0,3.85,18.0,0.4,0.3,0.4,1.0,2.0,5.5,3.2,5.0,2.9,18.0,0.4,0.3,0.4,-45.4,-44.9,3.9,-24.3,5.0,29.7,18.0,0.4,0.3,0.4,-38.1,-25.9,3.4,-18.5,5.0,22.3,18.0,0.4,0.3,0.4,-0.29,0.75,1.26,0.5,4.0,1.08,20.0,0.5,0.3,0.4,0.0,5.0,9.7,4.9,4.0,6.0,20.0,0.5,0.3,0.4,2.96,5.28,5.93,4.49,4.0,2.28,20.0,0.5,0.3,0.4,14.9,33.4,40.8,28.1,4.0,18.1,20.0,0.5,0.3,0.4,-138.9,-127.8,1.9,-72.6,5.0,102.4,18.0,0.4,0.3,0.4,-116.5,-73.8,14.8,-52.3,5.0,75.5,18.0,0.4,0.3,0.4,-84.1,-73.0,-4.2,-45.4,5.0,59.7,18.0,0.4,0.3,0.4,-70.6,-42.1,7.4,-32.1,5.0,44.8,18.0,0.4,0.3,0.4,-31.2,-15.8,11.8,-10.0,4.0,26.9,20.0,0.5,0.3,0.4,-26.2,-12.4,7.3,-9.6,4.0,20.1,20.0,0.5,0.3,0.4,65.0,373.0,456.5,278.5,5.0,211.0,18.0,0.4,0.3,0.4,65.0,375.0,455.0,280.0,5.0,210.0,18.0,0.4,0.3,0.4
1974,2,137.0,22.0,,,,,,,,,,,,,,,,,,,,,,,,,,,,,,,,,,,,,,,,9.3,9.3,9.3,9.3,1.0,0.0,4.0,1.0,0.9,0.2,-9.3,-9.3,-9.3,-9.3,1.0,0.0,4.0,1.0,0.9,0.2,0.0,0.0,0.0,0.0,1.0,0.0,4.0,1.0,0.9,0.2,1011.03,1014.1,1017.17,1014.1,2.0,6.36,12.0,1.0,0.8,0.6,,,,,,,,,,,,,,,,,,,,,,,,,,,,,,,,,,,,,,,,,,,,,,,,,,,,,,,,,,,,,,,,,,,,,,,,,,,,,,,,,,,,,,,,,,,,,,,,,,,,,,,,,,,,,,,,,,,,,,,,,,,,,,,,,,,,,,,,,,,,,,,,,,,,,,
1974,2,137.0,23.0,22.29,23.4,24.0,23.26,8.0,0.78,18.0,0.5,0.6,0.4,17.0,20.0,22.24,19.77,11.0,2.48,16.0,0.4,0.7,0.4,8.94,11.46,15.28,11.9,9.0,3.0,18.0,0.4,0.6,0.3,64.2,80.9,88.8,78.4,9.0,12.3,18.0,0.4,0.3,6.79,9.3,13.81,9.6,11.0,4.03,16.0,0.4,0.7,0.4,-8.34,0.0,3.58,-1.42,11.0,5.55,16.0,0.4,0.7,0.4,-11.93,-7.09,-1.31,-6.38,11.0,6.31,16.0,0.4,0.7,0.4,1009.57,1016.15,1018.7,1015.55,12.0,4.71,16.0,0.4,0.6,0.4,3.4,6.5,8.0,6.1,10.0,2.1,16.0,0.4,0.7,0.4,-99.0,0.0,30.3,-23.6,11.0,69.1,16.0,0.4,0.7,0.4,-166.3,-51.1,-9.5,-79.1,11.0,90.0,16.0,0.4,0.7,0.4,0.06,2.1,4.89,2.53,8.0,2.44,18.0,0.5,0.6,0.4,0.4,19.5,83.7,34.7,8.0,38.7,18.0,0.5,0.6,0.4,1.81,5.8,8.18,5.36,8.0,3.2,18.0,0.5,0.6,0.4,10.6,53.9,127.7,65.0,8.0,54.5,18.0,0.5,0.6,0.4,-160.2,0.0,82.7,-23.6,11.0,105.9,16.0,0.4,0.7,0.4,-226.4,-127.6,-22.2,-118.5,11.0,127.8,16.0,0.4,0.7,0.4,-91.5,0.0,41.5,-18.9,9.0,63.0,18.0,0.4,0.6,0.3,-113.6,-106.6,6.6,-62.5,9.0,85.0,18.0,0.4,0.6,0.3,-61.7,0.7,9.3,-17.6,8.0,37.5,18.0,0.5,0.6,0.4,-109.2,-42.2,2.2,-51.4,8.0,54.9,18.0,0.5,0.6,0.4,317.5,804.5,2645.5,1344.5,11.0,1621.0,16.0,0.4,0.7,0.4,320.0,805.0,2645.0,1345.0,11.0,1620.0,16.0,0.4,0.7,0.4
1974,2,137.0,24.0,19.36,21.9,23.09,21.57,10.0,2.23,20.0,0.6,0.4,0.3,17.34,19.0,21.88,19.56,12.0,2.71,18.0,0.7,0.4,0.4,7.93,9.85,14.64,10.8,11.0,3.04,18.0,0.6,0.4,0.4,62.1,75.0,86.5,74.0,11.0,13.3,18.0,0.6,0.4,3.6,5.7,8.11,6.07,11.0,2.22,18.0,0.6,0.4,0.4,-6.44,-2.55,-1.54,-3.11,11.0,3.72,18.0,0.6,0.4,0.4,-5.83,-1.99,0.81,-2.59,11.0,3.69,18.0,0.6,0.4,0.4,1015.25,1017.95,1023.28,1018.71,12.0,3.87,18.0,0.7,0.4,0.4,2.0,4.5,7.3,4.5,12.0,2.5,18.0,0.7,0.4,0.4,-49.6,-11.2,-7.0,-22.4,11.0,29.6,18.0,0.6,0.4,0.4,-43.5,-6.5,4.6,-19.1,11.0,29.0,18.0,0.6,0.4,0.4,-2.36,1.75,5.36,1.54,10.0,3.57,20.0,0.6,0.4,0.3,-13.9,3.6,37.4,8.1,9.0,25.2,18.0,0.6,0.4,0.4,1.09,5.23,9.45,4.88,10.0,4.18,20.0,0.6,0.4,0.3,4.2,21.7,50.8,27.7,9.0,26.6,18.0,0.6,0.4,0.4,-125.6,-54.6,-27.1,-57.6,11.0,81.9,18.0,0.6,0.4,0.4,-98.6,-45.8,20.1,-43.0,11.0,65.0,18.0,0.6,0.4,0.4,-68.0,-33.7,-14.6,-32.0,10.0,48.4,18.0,0.6,0.4,0.4,-38.2,-24.3,16.9,-16.2,10.0,36.3,18.0,0.6,0.4,0.4,-33.8,-18.8,0.7,-18.5,9.0,20.4,18.0,0.6,0.4,0.4,-44.0,-3.2,0.0,-16.4,9.0,21.6,18.0,0.6,0.4,0.4,46.5,185.0,540.0,307.0,11.0,290.5,18.0,0.6,0.4,0.4,45.0,185.0,540.0,305.0,11.0,290.0,18.0,0.6,0.4,0.4
1974,2,137.0,25.0,18.79,19.95,20.5,19.65,6.0,1.04,22.0,0.7,0.4,0.5,16.98,18.0,19.21,17.92,6.0,1.69,22.0,0.7,0.4,0.5,8.09,10.12,11.38,9.68,6.0,2.15,22.0,0.7,0.4,0.5,67.5,79.5,82.8,75.3,6.0,10.1,22.0,0.7,0.5,4.89,5.95,6.94,6.18,6.0,1.94,22.0,0.7,0.4,0.5,-4.93,-3.21,-3.1,-4.35,6.0,2.68,22.0,0.7,0.4,0.5,-5.37,-4.14,0.54,-2.73,6.0,3.29,22.0,0.7,0.4,0.5,1017.78,1018.75,1019.81,1018.58,6.0,1.99,22.0,0.7,0.4,0.5,5.8,6.5,8.0,6.7,6.0,1.2,22.0,0.7,0.4,0.5,-36.4,-19.2,-15.9,-30.8,6.0,32.1,22.0,0.7,0.4,0.5,-33.3,-22.4,2.2,-16.8,6.0,18.2,22.0,0.7,0.4,0.5,-0.21,2.0,3.29,1.73,6.0,1.99,22.0,0.7,0.4,0.5,-0.8,10.7,20.4,10.5,6.0,11.7,22.0,0.7,0.4,0.5,2.21,4.38,6.62,4.49,6.0,2.39,22.0,0.7,0.4,0.5,18.1,24.5,41.0,27.5,6.0,14.8,22.0,0.7,0.4,0.5,-91.7,-60.9,-52.6,-78.1,6.0,48.8,22.0,0.7,0.4,0.5,-85.2,-75.4,10.9,-45.8,6.0,58.8,22.0,0.7,0.4,0.5,-53.6,-35.0,-25.1,-43.0,6.0,29.9,22.0,0.7,0.4,0.5,-46.9,-35.3,6.5,-22.4,6.0,31.8,22.0,0.7,0.4,0.5,-23.5,-18.0,-11.8,-17.1,6.0,7.1,22.0,0.7,0.4,0.5,-35.5,-18.0,0.9,-18.0,6.0,18.3,22.0,0.7,0.4,0.5,119.5,212.0,383.5,301.0,6.0,320.5,22.0,0.7,0.4,0.5,120.0,210.0,385.0,300.0,6.0,320.0,22.0,0.7,0.4,0.5
1974,2,137.0,26.0,19.19,19.45,19.76,19.48,4.0,0.41,20.0,0.8,0.4,0.4,16.19,17.5,18.5,17.35,4.0,1.8,20.0,0.8,0.6,0.4,8.1,9.24,11.08,9.58,3.0,2.2,24.0,0.7,0.5,0.4,65.7,74.9,82.1,73.9,3.0,12.1,24.0,0.7,0.4,5.48,6.2,8.88,7.2,5.0,2.68,18.0,0.8,0.5,0.4,-3.58,-1.25,3.1,0.09,5.0,5.83,18.0,0.8,0.5,0.4,-6.33,-5.37,0.43,-3.06,5.0,5.13,18.0,0.8,0.5,0.4,1014.76,1017.5,1018.05,1016.64,5.0,2.01,18.0,0.8,0.5,0.4,1.9,4.0,4.4,3.2,5.0,1.9,18.0,0.8,0.5,0.4,-20.4,-9.0,40.5,12.8,5.0,60.6,18.0,0.8,0.5,0.4,-57.8,-33.3,3.4,-27.0,5.0,39.1,18.0,0.8,0.5,0.4,0.48,1.5,1.84,1.17,3.0,1.04,24.0,0.7,0.5,0.4,3.4,10.8,11.9,7.7,3.0,6.7,24.0,0.7,0.5,0.4,2.92,4.79,5.63,4.29,3.0,2.04,24.0,0.7,0.5,0.4,17.4,29.7,39.0,28.3,3.0,15.9,24.0,0.7,0.5,0.4,-38.8,-20.5,71.2,14.5,4.0,93.9,20.0,0.8,0.6,0.4,-109.7,-91.2,14.9,-49.4,4.0,106.7,20.0,0.8,0.6,0.4,-23.3,-11.8,-10.2,-16.6,3.0,10.5,24.0,0.7,0.5,0.4,-52.4,-49.6,30.0,-12.1,3.0,68.5,24.0,0.7,0.5,0.4,-12.5,-7.5,-3.8,-8.1,3.0,6.4,24.0,0.7,0.5,0.4,-37.3,-25.7,-0.3,-19.0,3.0,27.7,24.0,0.7,0.5,0.4,166.0,238.5,837.0,514.5,5.0,637.0,18.0,0.8,0.5,0.4,165.0,240.0,835.0,515.0,5.0,635.0,18.0,0.8,0.5,0.4
1974,2,137.0,27.0,18.17,19.75,20.0,19.29,12.0,1.07,16.0,0.5,0.5,0.4,13.5,17.9,18.91,16.5,13.0,2.47,16.0,0.5,0.5,0.5,7.29,8.69,9.9,8.63,11.0,1.5,14.0,0.5,0.5,0.5,64.4,72.7,81.0,73.3,11.0,9.1,14.0,0.5,0.5,6.65,8.2,10.79,8.95,13.0,3.39,16.0,0.5,0.5,0.5,-8.21,0.0,4.88,0.04,13.0,7.34,16.0,0.5,0.5,0.5,-8.23,-5.13,3.63,-3.01,13.0,5.88,16.0,0.5,0.5,0.5,1011.98,1017.5,1022.49,1017.8,13.0,4.94,16.0,0.5,0.5,0.5,2.9,5.0,6.2,4.9,13.0,2.1,16.0,0.5,0.5,0.5,-77.3,0.0,35.5,1.0,13.0,94.4,16.0,0.5,0.5,0.5,-72.1,-34.4,37.0,-29.9,13.0,66.1,16.0,0.5,0.5,0.5,0.75,2.0,5.63,2.5,12.0,2.26,16.0,0.5,0.5,0.4,3.1,14.9,46.6,23.8,12.0,26.7,16.0,0.5,0.5,0.4,4.53,5.07,6.41,5.18,11.0,1.47,14.0,0.5,0.5,0.5,28.7,42.8,59.3,44.1,11.0,19.3,14.0,0.5,0.5,0.5,-139.4,0.0,70.1,-4.7,13.0,112.0,16.0,0.5,0.5,0.5,-130.3,-74.5,65.3,-45.3,13.0,97.6,16.0,0.5,0.5,0.5,-79.8,0.0,31.8,-13.9,11.0,55.7,14.0,0.5,0.5,0.5,-69.1,-31.5,38.1,-20.9,11.0,56.8,14.0,0.5,0.5,0.5,-42.4,0.0,28.5,-2.7,11.0,32.6,14.0,0.5,0.5,0.5,-47.9,-32.8,14.8,-20.5,11.0,31.2,14.0,0.5,0.5,0.5,295.0,551.5,1337.5,1036.0,13.0,1291.5,16.0,0.5,0.5,0.5,295.0,550.0,1335.0,1035.0,13.0,1290.0,16.0,0.5,0.5,0.5
1974,2,137.0,28.0,17.7,18.0,20.0,18.66,18.0,1.29,12.0,0.6,0.5,0.6,13.5,15.5,18.39,15.54,20.0,2.4,14.0,0.6,0.5,0.6,5.9,7.34,12.02,8.32,18.0,2.73,12.0,0.6,0.5,0.6,59.8,73.7,91.1,73.8,18.0,14.2,12.0,0.6,0.6,5.61,9.8,13.97,10.45,19.0,5.2,14.0,0.6,0.5,0.6,-0.63,2.31,7.69,3.06,19.0,6.97,14.0,0.6,0.5,0.6,-10.61,-2.76,5.28,-2.95,19.0,8.64,14.0,0.6,0.5,0.6,1012.02,1018.0,1021.89,1017.67,20.0,5.11,14.0,0.6,0.5,0.6,2.9,5.0,7.1,5.0,19.0,2.2,12.0,0.6,0.5,0.6,-3.6,10.6,110.0,56.2,19.0,136.3,14.0,0.6,0.5,0.6,-132.1,-31.2,37.8,-52.6,19.0,135.7,14.0,0.6,0.5,0.6,0.56,3.5,5.43,3.06,18.0,2.27,12.0,0.6,0.5,0.6,3.4,30.9,68.1,34.8,17.0,29.2,14.0,0.6,0.5,0.6,1.89,5.27,7.32,5.03,18.0,2.65,12.0,0.6,0.5,0.6,9.5,52.7,78.4,52.0,17.0,34.9,14.0,0.6,0.5,0.6,-11.8,39.3,129.4,42.7,19.0,112.1,14.0,0.6,0.5,0.6,-150.3,-38.6,94.5,-32.9,19.0,133.6,14.0,0.6,0.5,0.6,-24.6,16.6,60.4,12.7,17.0,50.7,14.0,0.6,0.5,0.6,-64.4,-16.6,70.4,-0.2,17.0,71.9,14.0,0.6,0.5,0.6,-4.8,1.4,39.2,14.9,17.0,36.7,14.0,0.6,0.5,0.6,-69.2,-16.3,10.8,-26.8,17.0,41.7,14.0,0.6,0.5,0.6,177.5,941.0,2728.5,2140.5,19.0,4261.5,14.0,0.6,0.5,0.6,180.0,940.0,2730.0,2140.0,19.0,4260.0,14.0,0.6,0.5,0.6
1974,2,137.0,29.0,17.0,18.1,20.0,18.69,18.0,2.18,14.0,0.3,0.3,0.5,14.0,17.0,18.33,16.17,22.0,2.38,12.0,0.4,0.3,0.5,6.36,8.15,11.36,8.65,18.0,2.43,14.0,0.3,0.3,0.5,62.9,77.2,88.8,74.4,18.0,14.6,14.0,0.3,0.5,6.03,9.8,13.73,9.8,22.0,3.49,12.0,0.4,0.3,0.5,-6.51,-1.64,8.59,0.11,22.0,7.6,12.0,0.4,0.3,0.5,-7.63,2.7,5.82,0.19,22.0,7.41,12.0,0.4,0.3,0.5,1009.33,1013.9,1020.33,1014.91,22.0,5.57,12.0,0.4,0.3,0.5,2.0,5.5,8.0,5.1,20.0,2.7,12.0,0.4,0.3,0.5,-64.4,-8.4,101.1,6.8,22.0,93.1,12.0,0.4,0.3,0.5,-86.9,12.5,58.6,0.9,22.0,89.8,12.0,0.4,0.3,0.5,-0.5,2.3,4.21,2.53,18.0,3.23,14.0,0.3,0.3,0.5,-2.9,15.2,51.3,28.4,18.0,40.1,14.0,0.3,0.3,0.5,1.44,5.13,6.79,4.61,17.0,2.91,14.0,0.3,0.3,0.5,12.9,44.7,71.8,44.7,17.0,34.9,14.0,0.3,0.3,0.5,-108.2,-26.4,146.5,0.9,22.0,122.0,12.0,0.4,0.3,0.5,-123.3,47.5,98.9,11.9,22.0,114.6,12.0,0.4,0.3,0.5,-53.1,-10.8,55.7,-2.2,18.0,62.0,14.0,0.3,0.3,0.5,-49.4,28.9,56.0,13.5,18.0,62.2,14.0,0.3,0.3,0.5,-26.2,0.0,28.2,-1.5,17.0,36.8,14.0,0.3,0.3,0.5,-50.4,2.7,32.0,-8.1,17.0,43.8,14.0,0.3,0.3,0.5,223.5,941.0,2592.5,1278.0,22.0,1102.5,12.0,0.4,0.3,0.5,225.0,940.0,2595.0,1280.0,22.0,1100.0,12.0,0.4,0.3,0.5
1974,2,137.0,30.0,17.9,18.0,18.1,18.08,14.0,0.81,8.0,0.6,0.5,0.3,12.0,13.8,18.97,14.98,17.0,3.35,10.0,0.7,0.5,0.3,4.82,5.56,9.02,6.94,12.0,2.59,10.0,0.7,0.4,0.3,54.9,60.0,71.9,62.6,12.0,8.3,10.0,0.7,0.3,5.72,9.3,14.31,9.54,14.0,4.12,10.0,0.7,0.5,0.3,-1.97,4.35,7.09,3.35,14.0,5.22,10.0,0.7,0.5,0.3,-7.85,-3.98,9.85,-1.63,14.0,8.54,10.0,0.7,0.5,0.3,1007.24,1013.15,1020.18,1013.75,14.0,6.63,10.0,0.7,0.5,0.3,3.4,5.0,7.6,5.4,16.0,1.9,10.0,0.7,0.5,0.3,-14.5,30.6,85.4,44.4,14.0,70.3,10.0,0.7,0.5,0.3,-79.8,-20.0,114.5,-9.1,14.0,108.6,10.0,0.7,0.5,0.3,-0.42,4.3,5.95,3.53,14.0,3.55,8.0,0.6,0.5,0.3,-12.3,25.8,72.5,25.9,11.0,46.3,10.0,0.6,0.4,0.3,4.64,7.14,8.44,6.5,10.0,2.56,8.0,0.6,0.4,0.4,28.0,56.6,88.8,57.6,10.0,31.6,8.0,0.6,0.4,0.4,-39.1,54.3,112.4,47.2,14.0,81.0,10.0,0.7,0.5,0.3,-99.1,-53.1,190.1,-3.2,14.0,144.7,10.0,0.7,0.5,0.3,-19.1,8.8,31.7,11.8,12.0,32.8,10.0,0.7,0.4,0.3,-48.8,-26.0,53.2,-6.2,12.0,70.0,10.0,0.7,0.4,0.3,-6.0,20.0,44.6,20.1,10.0,27.7,8.0,0.6,0.4,0.4,-71.2,-36.0,15.7,-30.9,10.0,49.1,8.0,0.6,0.4,0.4,187.0,804.5,2933.0,1326.5,14.0,1361.5,10.0,0.7,0.5,0.3,185.0,805.0,2935.0,1325.0,14.0,1360.0,10.0,0.7,0.5,0.3
1974,2,137.0,31.0,16.95,18.0,18.4,17.49,13.0,1.53,10.0,0.6,0.4,0.4,12.0,13.6,17.43,14.33,16.0,2.58,10.0,0.6,0.4,0.4,5.38,6.53,9.32,7.13,12.0,1.92,12.0,0.8,0.4,0.4,57.1,64.9,81.2,66.7,12.0,12.4,12.0,0.8,0.4,4.99,9.3,10.85,9.09,13.0,3.77,14.0,0.7,0.4,0.4,-2.63,1.96,8.74,2.69,13.0,5.05,14.0,0.7,0.4,0.4,-9.52,-8.08,-3.07,-6.82,13.0,4.47,14.0,0.7,0.4,0.4,1011.75,1020.0,1021.35,1017.82,13.0,5.35,14.0,0.7,0.4,0.4,2.0,3.0,8.0,4.0,16.0,2.8,10.0,0.6,0.4,0.4,-9.1,22.2,81.3,33.8,13.0,57.0,14.0,0.7,0.4,0.4,-103.4,-66.2,-14.8,-75.2,13.0,74.2,14.0,0.7,0.4,0.4,-0.07,4.3,6.4,3.05,13.0,3.32,10.0,0.6,0.4,0.4,-8.8,9.1,49.9,20.4,10.0,35.5,12.0,0.7,0.4,0.4,3.02,4.15,7.69,5.09,9.0,2.43,12.0,0.8,0.4,0.4,22.7,31.6,76.8,49.2,9.0,35.6,12.0,0.8,0.4,0.4,-42.9,35.3,113.4,33.0,13.0,76.2,14.0,0.7,0.4,0.4,-179.3,-96.9,-43.3,-101.0,13.0,69.9,14.0,0.7,0.4,0.4,-26.9,9.7,50.7,13.6,12.0,36.5,12.0,0.8,0.4,0.4,-87.8,-35.6,-18.2,-46.2,12.0,34.6,12.0,0.8,0.4,0.4,-14.4,11.5,25.4,10.6,9.0,25.5,12.0,0.8,0.4,0.4,-75.7,-31.1,-11.5,-41.1,9.0,36.3,12.0,0.8,0.4,0.4,126.0,804.5,1277.0,1133.5,13.0,1485.0,14.0,0.7,0.4,0.4,125.0,805.0,1275.0,1135.0,13.0,1485.0,14.0,0.7,0.4,0.4
1974,2,137.0,32.0,16.0,17.9,19.03,17.64,19.0,1.88,10.0,0.5,0.5,0.5,9.0,11.65,15.65,12.25,24.0,3.31,10.0,0.5,0.5,0.5,4.04,5.36,8.13,5.64,17.0,1.81,10.0,0.6,0.5,0.5,53.7,63.1,68.8,62.6,17.0,8.4,10.0,0.6,0.5,7.03,9.3,12.3,9.3,21.0,3.05,10.0,0.6,0.5,0.5,-1.93,1.61,7.16,1.75,21.0,6.24,10.0,0.6,0.5,0.5,-9.9,-7.1,0.0,-5.47,21.0,5.16,10.0,0.6,0.5,0.5,1013.19,1019.0,1022.16,1017.84,21.0,5.51,10.0,0.6,0.6,0.5,2.5,6.0,7.0,4.8,23.0,2.4,8.0,0.6,0.5,0.5,-18.3,13.1,57.5,18.1,21.0,82.1,10.0,0.6,0.5,0.5,-103.7,-58.2,0.0,-53.0,21.0,53.9,10.0,0.6,0.5,0.5,2.43,6.5,7.44,5.53,19.0,2.37,10.0,0.5,0.5,0.5,19.0,57.9,73.9,52.4,16.0,27.7,10.0,0.6,0.5,0.5,5.6,6.94,8.27,6.83,16.0,1.49,10.0,0.6,0.5,0.4,45.1,67.8,81.6,65.1,15.0,21.8,10.0,0.7,0.5,0.4,-25.0,19.2,60.0,15.9,21.0,88.1,10.0,0.6,0.5,0.5,-111.7,-75.6,0.0,-58.7,21.0,64.6,10.0,0.6,0.5,0.5,-12.2,8.2,32.1,6.3,16.0,53.7,8.0,0.6,0.5,0.5,-48.9,-34.6,0.0,-25.1,16.0,27.1,8.0,0.6,0.5,0.5,-16.9,10.3,42.5,3.7,15.0,36.5,10.0,0.7,0.5,0.4,-78.4,-55.7,-1.7,-45.5,15.0,38.2,10.0,0.7,0.5,0.4,348.5,804.5,1861.0,1052.5,21.0,928.5,10.0,0.6,0.5,0.5,350.0,805.0,1860.0,1055.0,21.0,930.0,10.0,0.6,0.5,0.5
1974,2,137.0,33.0,15.0,17.9,19.0,17.42,29.0,1.97,14.0,0.4,0.5,0.4,6.66,9.6,13.02,10.24,36.0,3.51,14.0,0.5,0.5,0.4,3.73,5.28,6.77,5.45,27.0,1.65,18.0,0.4,0.5,0.5,57.1,71.3,85.7,71.1,27.0,13.6,18.0,0.4,0.5,5.1,9.0,13.4,9.33,32.0,4.53,16.0,0.5,0.5,0.4,-5.06,2.64,6.72,0.97,32.0,6.04,16.0,0.5,0.5,0.4,-10.64,-6.17,-2.07,-6.39,32.0,5.55,16.0,0.5,0.5,0.4,1009.74,1014.4,1024.42,1015.89,32.0,6.95,16.0,0.4,0.5,0.5,2.2,5.5,8.0,5.3,34.0,2.7,14.0,0.5,0.5,0.4,-40.0,13.0,69.2,7.6,32.0,80.6,16.0,0.5,0.5,0.4,-139.7,-45.2,-5.4,-78.4,32.0,93.5,16.0,0.5,0.5,0.4,4.12,7.9,10.18,7.24,29.0,3.39,14.0,0.4,0.5,0.4,19.3,69.8,119.7,73.1,25.0,56.9,16.0,0.4,0.5,0.5,4.92,7.44,9.05,7.0,23.0,1.93,16.0,0.3,0.5,0.4,33.7,73.2,112.4,75.4,22.0,39.8,16.0,0.4,0.5,0.4,-64.6,22.1,53.0,2.4,32.0,61.4,16.0,0.5,0.5,0.4,-114.3,-60.6,-16.3,-63.4,32.0,72.3,16.0,0.5,0.5,0.4,-34.7,13.1,36.6,0.9,26.0,37.2,16.0,0.4,0.5,0.4,-66.9,-41.1,-16.1,-43.9,26.0,31.3,16.0,0.4,0.5,0.4,-39.5,14.3,59.0,9.2,22.0,52.0,16.0,0.4,0.5,0.4,-78.8,-49.0,-27.2,-57.5,22.0,36.0,16.0,0.4,0.5,0.4,132.5,731.5,2406.0,1419.0,32.0,1942.5,16.0,0.5,0.5,0.4,135.0,730.0,2405.0,1420.0,32.0,1945.0,16.0,0.5,0.5,0.4
1974,2,137.0,34.0,12.9,14.0,17.61,15.13,7.0,2.29,16.0,0.1,0.6,0.3,5.76,7.4,12.98,9.24,7.0,4.27,16.0,0.1,0.6,0.3,4.66,6.16,7.74,6.2,3.0,2.26,22.0,0.0,0.7,0.2,68.0,72.3,76.5,72.2,3.0,6.2,22.0,0.0,0.2,7.6,10.0,15.23,12.0,6.0,6.36,18.0,0.0,0.7,0.4,-1.29,3.46,11.6,5.35,6.0,9.88,18.0,0.0,0.7,0.4,-9.23,-2.95,5.15,-2.06,6.0,8.73,18.0,0.0,0.7,0.4,1010.78,1016.65,1023.96,1017.48,6.0,7.65,18.0,0.0,0.7,0.4,0.0,0.0,3.2,1.9,7.0,3.0,16.0,0.1,0.6,0.3,-9.3,30.1,173.7,106.9,6.0,220.9,18.0,0.0,0.7,0.4,-173.4,-22.7,46.5,-43.4,6.0,122.5,18.0,0.0,0.7,0.4,2.15,7.1,9.04,5.89,7.0,3.28,16.0,0.1,0.6,0.3,15.4,48.2,145.3,78.3,6.0,79.7,18.0,0.0,0.7,0.4,3.34,4.2,5.25,4.29,3.0,1.4,22.0,0.0,0.7,0.2,28.5,44.1,46.4,37.6,3.0,14.3,22.0,0.0,0.7,0.2,-13.6,32.4,111.8,37.3,6.0,68.5,18.0,0.0,0.7,0.4,-52.6,-19.2,68.4,8.0,6.0,97.5,18.0,0.0,0.7,0.4,-20.9,16.6,18.7,-0.7,3.0,32.7,22.0,0.0,0.7,0.2,-8.9,22.2,71.4,31.0,3.0,59.4,22.0,0.0,0.7,0.2,-9.9,8.3,22.0,6.1,3.0,23.4,22.0,0.0,0.7,0.2,-19.7,10.6,35.3,7.9,3.0,40.4,22.0,0.0,0.7,0.2,439.5,1050.5,4630.0,3208.5,6.0,5414.0,18.0,0.0,0.7,0.4,440.0,1050.0,4630.0,3210.0,6.0,5415.0,18.0,0.0,0.7,0.4
1974,2,137.0,37.0,6.3,9.0,11.83,8.97,21.0,2.96,16.0,0.4,0.4,0.5,-0.61,3.5,8.03,3.88,23.0,4.36,16.0,0.4,0.5,0.5,3.08,3.08,3.08,3.08,1.0,0.0,26.0,0.0,0.8,0.7,80.8,80.8,80.8,80.8,1.0,0.0,26.0,0.0,0.7,6.2,8.2,10.8,8.2,20.0,2.78,16.0,0.5,0.5,0.5,0.0,5.48,9.16,4.16,20.0,4.7,16.0,0.5,0.5,0.5,-7.49,-4.29,4.05,-2.1,20.0,5.79,16.0,0.5,0.5,0.5,1013.5,1020.0,1025.45,1019.07,23.0,7.29,16.0,0.4,0.5,0.5,3.0,7.0,8.0,6.0,20.0,2.5,14.0,0.4,0.5,0.5,0.0,44.3,100.6,39.6,20.0,47.9,16.0,0.5,0.5,0.5,-69.6,-24.3,33.1,-18.9,20.0,57.4,16.0,0.5,0.5,0.5,0.92,5.5,9.79,4.96,21.0,5.18,16.0,0.4,0.4,0.5,8.0,34.3,94.7,44.8,17.0,55.1,16.0,0.5,0.4,0.5,3.99,3.99,3.99,3.99,1.0,0.0,26.0,0.0,0.8,0.7,24.7,24.7,24.7,24.7,1.0,0.0,26.0,0.0,0.8,0.7,-8.5,9.4,38.2,13.3,19.0,32.8,16.0,0.5,0.5,0.5,-20.5,0.0,41.1,9.3,19.0,36.3,16.0,0.5,0.5,0.5,-12.3,-12.3,-12.3,-12.3,1.0,0.0,26.0,0.0,0.8,0.7,-14.6,-14.6,-14.6,-14.6,1.0,0.0,26.0,0.0,0.8,0.7,-15.9,-15.9,-15.9,-15.9,1.0,0.0,26.0,0.0,0.8,0.7,-18.9,-18.9,-18.9,-18.9,1.0,0.0,26.0,0.0,0.8,0.7,238.5,551.5,1259.5,720.0,20.0,537.5,16.0,0.5,0.5,0.5,240.0,550.0,1260.0,720.0,20.0,535.0,16.0,0.5,0.5,0.5
1974,2,137.0,38.0,5.3,10.0,10.16,8.47,15.0,3.28,16.0,0.3,0.3,0.5,-1.73,1.4,6.13,2.14,22.0,3.97,16.0,0.3,0.4,0.5,2.79,3.15,4.38,3.57,3.0,1.22,22.0,0.3,0.2,0.5,68.3,81.1,86.9,77.7,3.0,13.9,22.0,0.3,0.5,5.4,8.2,15.0,9.48,22.0,4.13,16.0,0.3,0.4,0.5,-2.97,4.87,8.83,3.74,22.0,6.78,16.0,0.3,0.4,0.5,-9.4,-3.99,0.95,-3.65,22.0,6.06,16.0,0.3,0.4,0.5,1008.53,1015.55,1023.27,1015.64,22.0,7.51,16.0,0.3,0.4,0.5,4.0,8.0,8.0,6.4,20.0,2.7,16.0,0.4,0.4,0.5,-30.6,31.3,82.3,43.1,22.0,95.2,16.0,0.3,0.4,0.5,-107.2,-38.9,6.9,-36.1,22.0,83.1,16.0,0.3,0.4,0.5,2.02,7.4,11.72,6.71,15.0,5.05,16.0,0.3,0.3,0.5,21.6,60.3,98.1,66.3,14.0,59.4,16.0,0.2,0.4,0.5,4.29,4.52,4.75,4.52,3.0,0.34,22.0,0.3,0.2,0.5,25.6,34.8,45.2,35.4,3.0,14.3,22.0,0.3,0.2,0.5,-17.8,-4.5,29.0,3.1,21.0,27.7,16.0,0.3,0.4,0.5,-17.6,5.3,12.0,2.1,21.0,21.5,16.0,0.3,0.4,0.5,14.1,15.6,21.1,17.6,3.0,5.4,22.0,0.3,0.2,0.5,-21.8,-18.6,-11.8,-16.9,3.0,7.5,22.0,0.3,0.2,0.5,20.8,22.3,24.2,22.5,3.0,2.5,22.0,0.3,0.2,0.5,-38.0,-26.6,-13.4,-25.7,3.0,18.0,22.0,0.3,0.2,0.5,160.5,551.5,3375.0,1341.0,22.0,1529.0,16.0,0.3,0.4,0.5,160.0,550.0,3375.0,1340.0,22.0,1530.0,16.0,0.3,0.4,0.5
1974,2,137.0,39.0,2.89,6.5,9.24,6.62,19.0,3.05,14.0,0.5,0.5,0.3,-3.0,2.3,5.0,1.34,25.0,3.2,16.0,0.4,0.4,0.3,2.21,2.59,4.07,3.03,5.0,1.0,10.0,0.2,0.4,0.4,61.3,72.1,83.8,71.5,5.0,14.4,10.0,0.2,0.4,4.58,8.7,14.49,9.25,24.0,4.46,16.0,0.5,0.4,0.3,1.01,5.25,10.85,5.42,24.0,6.24,16.0,0.5,0.4,0.3,-8.49,-4.57,0.0,-4.02,24.0,4.76,16.0,0.5,0.4,0.3,1011.21,1017.9,1024.31,1017.1,26.0,8.01,16.0,0.4,0.4,0.3,5.0,7.0,8.0,6.2,21.0,2.0,16.0,0.5,0.4,0.4,3.9,48.3,137.6,68.2,24.0,90.3,16.0,0.5,0.4,0.3,-97.5,-37.7,0.0,-46.1,24.0,60.0,16.0,0.5,0.4,0.3,1.17,5.5,9.86,5.36,19.0,4.55,14.0,0.5,0.5,0.3,0.9,43.3,149.5,61.0,18.0,72.6,16.0,0.5,0.5,0.4,2.11,4.41,5.05,3.62,5.0,1.97,10.0,0.2,0.4,0.4,4.4,33.4,74.2,38.2,5.0,35.4,10.0,0.2,0.4,0.4,-26.2,0.0,12.6,-3.6,23.0,24.7,16.0,0.4,0.4,0.3,-11.9,0.0,24.0,3.0,23.0,16.7,16.0,0.4,0.4,0.3,-16.0,29.6,36.3,12.4,5.0,34.6,10.0,0.2,0.4,0.4,-8.7,-2.2,0.0,-4.1,5.0,4.8,10.0,0.2,0.4,0.4,-13.1,3.2,72.3,22.7,5.0,47.5,10.0,0.2,0.4,0.4,-13.3,-4.9,0.0,-7.4,5.0,10.9,10.0,0.2,0.4,0.4,102.5,658.5,3062.0,1324.0,24.0,1480.5,16.0,0.5,0.4,0.3,105.0,660.0,3060.0,1325.0,24.0,1480.0,16.0,0.5,0.4,0.3
1974,2,137.0,40.0,,,,,,,,,,,,,,,,,,,,,,,,,,,,,,,,,,,,,,,,4.1,7.95,11.12,8.4,16.0,4.56,16.0,0.4,0.5,0.3,-0.42,4.79,7.79,4.98,16.0,6.04,16.0,0.4,0.5,0.3,-8.17,-3.47,0.0,-4.03,16.0,3.98,16.0,0.4,0.5,0.3,1012.76,1015.1,1023.5,1017.14,16.0,6.72,16.0,0.4,0.5,0.3,,,,,,,,,,,,,,,,,,,,,,,,,,,,,,,,,,,,,,,,,,,,,,,,,,,,,,,,,,,,,,,,,,,,,,,,,,,,,,,,,,,,,,,,,,,,,,,,,,,,,,,,,,,,,,,,,,,,,,,,,,,,,,,,,,,,,,,,,,,,,,,,,,,,,,
1974,2,137.0,41.0,1.5,2.85,6.0,3.41,58.0,2.39,14.0,0.6,0.5,0.7,-4.23,-1.65,2.6,-1.07,62.0,3.42,14.0,0.6,0.5,0.7,2.64,3.1,3.56,3.1,2.0,0.95,16.0,0.0,0.5,0.6,79.6,87.9,96.1,87.9,2.0,17.2,16.0,0.0,0.6,5.0,8.0,10.8,7.93,59.0,3.29,16.0,0.6,0.5,0.7,-2.12,5.02,8.4,3.85,59.0,5.26,16.0,0.6,0.5,0.7,-7.09,-3.1,1.67,-2.66,59.0,4.99,16.0,0.6,0.5,0.7,1011.0,1016.6,1024.03,1016.87,63.0,7.08,14.0,0.6,0.5,0.7,1.0,6.0,8.0,5.0,58.0,2.8,14.0,0.6,0.5,0.7,-10.0,33.6,86.6,39.1,59.0,62.7,16.0,0.6,0.5,0.7,-73.1,-19.2,8.4,-26.3,59.0,56.2,16.0,0.6,0.5,0.7,0.95,4.0,7.98,4.28,56.0,3.81,16.0,0.6,0.5,0.7,6.1,31.2,61.4,34.4,51.0,35.4,16.0,0.6,0.4,0.7,0.93,1.94,2.95,1.94,2.0,2.09,16.0,0.0,0.5,0.6,7.1,14.2,21.3,14.2,2.0,14.7,16.0,0.0,0.5,0.6,-29.6,-5.2,10.1,-7.9,57.0,23.9,16.0,0.6,0.5,0.7,-5.5,5.7,21.5,6.5,57.0,18.3,16.0,0.6,0.5,0.7,-25.1,-13.7,-2.3,-13.7,2.0,23.7,16.0,0.0,0.5,0.6,-13.6,-5.9,1.8,-5.9,2.0,15.9,16.0,0.0,0.5,0.6,-2.5,0.3,3.0,0.3,2.0,5.7,16.0,0.0,0.5,0.6,-20.3,-11.8,-3.3,-11.8,2.0,17.6,16.0,0.0,0.5,0.6,125.0,512.0,1259.5,775.5,59.0,1082.5,16.0,0.6,0.5,0.7,125.0,510.0,1260.0,775.0,59.0,1080.0,16.0,0.6,0.5,0.7
1974,2,137.0,42.0,,,,,,,,,,,,,,,,,,,,,,,,,,,,,,,,,,,,,,,,7.0,8.7,13.98,9.95,40.0,3.53,14.0,0.5,0.3,0.2,2.41,7.07,11.6,6.4,40.0,5.28,14.0,0.5,0.3,0.2,-9.29,-3.7,1.42,-3.72,40.0,5.47,14.0,0.5,0.3,0.2,1011.25,1016.2,1024.15,1016.3,42.0,7.03,12.0,0.5,0.3,0.2,,,,,,,,,,,,,,,,,,,,,,,,,,,,,,,,,,,,,,,,,,,,,,,,,,,,,,,,,,,,,,,,,,,,,,,,,,,,,,,,,,,,,,,,,,,,,,,,,,,,,,,,,,,,,,,,,,,,,,,,,,,,,,,,,,,,,,,,,,,,,,,,,,,,,,
1974,2,137.0,43.0,,,,,,,,,,,,,,,,,,,,,,,,,,,,,,,,,,,,,,,,8.15,10.8,13.27,10.7,5.0,2.8,18.0,0.4,0.3,0.4,0.67,3.69,9.96,4.82,5.0,6.46,18.0,0.4,0.3,0.4,-10.87,-6.24,-4.1,-7.25,5.0,3.8,18.0,0.4,0.3,0.4,1013.39,1015.2,1020.1,1016.72,5.0,5.32,18.0,0.4,0.3,0.4,,,,,,,,,,,,,,,,,,,,,,,,,,,,,,,,,,,,,,,,,,,,,,,,,,,,,,,,,,,,,,,,,,,,,,,,,,,,,,,,,,,,,,,,,,,,,,,,,,,,,,,,,,,,,,,,,,,,,,,,,,,,,,,,,,,,,,,,,,,,,,,,,,,,,,
1974,2,137.0,44.0,,,,,,,,,,,,,,,,,,,,,,,,,,,,,,,,,,,,,,,,4.54,8.0,11.88,8.52,17.0,4.21,14.0,0.6,0.4,0.5,-3.87,2.57,9.6,3.0,17.0,7.27,14.0,0.6,0.4,0.5,-7.48,-3.06,3.13,-2.39,17.0,5.13,14.0,0.6,0.4,0.5,1011.8,1016.3,1022.78,1016.78,21.0,5.51,14.0,0.6,0.4,0.5,,,,,,,,,,,,,,,,,,,,,,,,,,,,,,,,,,,,,,,,,,,,,,,,,,,,,,,,,,,,,,,,,,,,,,,,,,,,,,,,,,,,,,,,,,,,,,,,,,,,,,,,,,,,,,,,,,,,,,,,,,,,,,,,,,,,,,,,,,,,,,,,,,,,,,
1974,2,137.0,45.0,,,,,,,,,,,,,,,,,,,,,,,,,,,,,,,,,,,,,,,,3.02,6.2,10.96,6.51,59.0,3.75,12.0,0.5,0.4,0.5,-3.04,1.37,5.75,1.76,59.0,4.77,12.0,0.5,0.4,0.5,-8.56,-3.5,0.0,-3.53,59.0,4.32,12.0,0.5,0.4,0.5,1009.5,1017.9,1025.42,1017.77,63.0,6.88,12.0,0.5,0.4,0.5,,,,,,,,,,,,,,,,,,,,,,,,,,,,,,,,,,,,,,,,,,,,,,,,,,,,,,,,,,,,,,,,,,,,,,,,,,,,,,,,,,,,,,,,,,,,,,,,,,,,,,,,,,,,,,,,,,,,,,,,,,,,,,,,,,,,,,,,,,,,,,,,,,,,,,
1974,2,137.0,46.0,,,,,,,,,,,,,,,,,,,,,,,,,,,,,,,,,,,,,,,,6.32,7.0,7.68,7.0,2.0,1.41,14.0,1.0,0.8,0.1,3.79,5.5,7.21,5.5,2.0,3.54,14.0,1.0,0.8,0.1,-4.37,-2.6,-0.82,-2.6,2.0,3.67,14.0,1.0,0.8,0.1,1009.72,1014.5,1019.28,1014.5,2.0,9.9,14.0,1.0,0.8,0.1,,,,,,,,,,,,,,,,,,,,,,,,,,,,,,,,,,,,,,,,,,,,,,,,,,,,,,,,,,,,,,,,,,,,,,,,,,,,,,,,,,,,,,,,,,,,,,,,,,,,,,,,,,,,,,,,,,,,,,,,,,,,,,,,,,,,,,,,,,,,,,,,,,,,,,
1974,2,138.0,-65.0,1.6,1.6,1.6,1.6,1.0,0.0,4.0,1.0,0.0,0.2,1.9,1.9,1.9,1.9,1.0,0.0,4.0,1.0,0.0,0.2,4.47,4.47,4.47,4.47,1.0,0.0,4.0,1.0,0.0,0.2,100.0,100.0,100.0,100.0,1.0,0.0,4.0,1.0,0.2,3.6,3.6,3.6,3.6,1.0,0.0,4.0,1.0,0.0,0.2,3.12,3.12,3.12,3.12,1.0,0.0,4.0,1.0,0.0,0.2,-1.8,-1.8,-1.8,-1.8,1.0,0.0,4.0,1.0,0.0,0.2,981.7,981.7,981.7,981.7,1.0,0.0,4.0,1.0,0.0,0.2,8.0,8.0,8.0,8.0,1.0,0.0,4.0,1.0,0.0,0.2,11.2,11.2,11.2,11.2,1.0,0.0,4.0,1.0,0.0,0.2,-6.5,-6.5,-6.5,-6.5,1.0,0.0,4.0,1.0,0.0,0.2,-0.3,-0.3,-0.3,-0.3,1.0,0.0,4.0,1.0,0.0,0.2,-1.1,-1.1,-1.1,-1.1,1.0,0.0,4.0,1.0,0.0,0.2,-0.1,-0.1,-0.1,-0.1,1.0,0.0,4.0,1.0,0.0,0.2,-0.3,-0.3,-0.3,-0.3,1.0,0.0,4.0,1.0,0.0,0.2,5.9,5.9,5.9,5.9,1.0,0.0,4.0,1.0,0.0,0.2,-3.4,-3.4,-3.4,-3.4,1.0,0.0,4.0,1.0,0.0,0.2,13.9,13.9,13.9,13.9,1.0,0.0,4.0,1.0,0.0,0.2,-8.0,-8.0,-8.0,-8.0,1.0,0.0,4.0,1.0,0.0,0.2,-0.3,-0.3,-0.3,-0.3,1.0,0.0,4.0,1.0,0.0,0.2,0.2,0.2,0.2,0.2,1.0,0.0,4.0,1.0,0.0,0.2,46.5,46.5,46.5,46.5,1.0,0.0,4.0,1.0,0.0,0.2,45.0,45.0,45.0,45.0,1.0,0.0,4.0,1.0,0.0,0.2
1974,2,138.0,-43.0,15.6,15.6,15.6,15.6,1.0,0.0,12.0,1.0,0.2,0.3,16.3,16.3,16.3,16.3,1.0,0.0,12.0,1.0,0.2,0.3,8.14,8.14,8.14,8.14,1.0,0.0,12.0,1.0,0.2,0.3,70.8,70.8,70.8,70.8,1.0,0.0,12.0,1.0,0.3,8.2,8.2,8.2,8.2,1.0,0.0,12.0,1.0,0.2,0.3,8.2,8.2,8.2,8.2,1.0,0.0,12.0,1.0,0.2,0.3,0.0,0.0,0.0,0.0,1.0,0.0,12.0,1.0,0.2,0.3,1011.8,1011.8,1011.8,1011.8,1.0,0.0,12.0,1.0,0.2,0.3,8.0,8.0,8.0,8.0,1.0,0.0,12.0,1.0,0.2,0.3,67.2,67.2,67.2,67.2,1.0,0.0,12.0,1.0,0.2,0.3,0.0,0.0,0.0,0.0,1.0,0.0,12.0,1.0,0.2,0.3,-0.7,-0.7,-0.7,-0.7,1.0,0.0,12.0,1.0,0.2,0.3,-5.7,-5.7,-5.7,-5.7,1.0,0.0,12.0,1.0,0.2,0.3,2.87,2.87,2.87,2.87,1.0,0.0,12.0,1.0,0.2,0.3,23.5,23.5,23.5,23.5,1.0,0.0,12.0,1.0,0.2,0.3,133.7,133.7,133.7,133.7,1.0,0.0,12.0,1.0,0.2,0.3,0.0,0.0,0.0,0.0,1.0,0.0,12.0,1.0,0.2,0.3,66.8,66.8,66.8,66.8,1.0,0.0,12.0,1.0,0.2,0.3,0.0,0.0,0.0,0.0,1.0,0.0,12.0,1.0,0.2,0.3,23.5,23.5,23.5,23.5,1.0,0.0,12.0,1.0,0.2,0.3,0.0,0.0,0.0,0.0,1.0,0.0,12.0,1.0,0.2,0.3,551.5,551.5,551.5,551.5,1.0,0.0,12.0,1.0,0.2,0.3,550.0,550.0,550.0,550.0,1.0,0.0,12.0,1.0,0.2,0.3
1974,2,138.0,-42.0,,,,,,,,,,,,,,,,,,,,,,,,,,,,,,,,,,,,,,,,4.1,4.1,4.1,4.1,1.0,0.0,18.0,0.0,0.2,0.2,4.1,4.1,4.1,4.1,1.0,0.0,18.0,0.0,0.2,0.2,0.0,0.0,0.0,0.0,1.0,0.0,18.0,0.0,0.2,0.2,1022.0,1022.0,1022.0,1022.0,1.0,0.0,18.0,0.0,0.2,0.2,8.0,8.0,8.0,8.0,1.0,0.0,18.0,0.0,0.2,0.2,16.8,16.8,16.8,16.8,1.0,0.0,18.0,0.0,0.2,0.2,0.0,0.0,0.0,0.0,1.0,0.0,18.0,0.0,0.2,0.2,,,,,,,,,,,,,,,,,,,,,,,,,,,,,,,,,,,,,,,,,57.4,57.4,57.4,57.4,1.0,0.0,18.0,0.0,0.2,0.2,0.0,0.0,0.0,0.0,1.0,0.0,18.0,0.0,0.2,0.2,26.8,26.8,26.8,26.8,1.0,0.0,18.0,0.0,0.2,0.2,0.0,0.0,0.0,0.0,1.0,0.0,18.0,0.0,0.2,0.2,,,,,,,,,,,,,,,,,,,,,,,,,,,,,,,,,,,,,,,,
1974,2,138.0,-40.0,16.32,17.0,17.2,16.77,3.0,0.68,14.0,0.3,0.8,0.5,14.22,14.9,15.51,14.87,3.0,0.95,14.0,0.3,0.8,0.5,5.76,6.21,7.67,6.71,3.0,1.46,14.0,0.3,0.8,0.5,57.3,59.1,70.4,63.7,3.0,10.3,14.0,0.3,0.5,5.27,6.7,12.64,8.9,3.0,5.73,14.0,0.3,0.8,0.5,0.73,2.29,2.3,1.53,3.0,1.33,14.0,0.3,0.8,0.5,4.72,6.3,12.51,8.56,3.0,6.04,14.0,0.3,0.8,0.5,1011.62,1012.1,1017.22,1014.37,3.0,4.55,14.0,0.3,0.8,0.5,3.2,8.0,8.0,5.7,3.0,4.0,14.0,0.3,0.8,0.5,3.4,10.6,13.8,8.6,3.0,7.9,14.0,0.3,0.8,0.5,25.9,42.2,175.3,99.2,3.0,120.1,14.0,0.3,0.8,0.5,0.8,2.1,2.99,1.9,3.0,1.61,14.0,0.3,0.8,0.5,4.0,9.7,38.8,21.1,3.0,27.4,14.0,0.3,0.8,0.5,3.81,5.84,6.44,5.14,3.0,2.02,14.0,0.3,0.8,0.5,21.6,26.9,79.2,49.8,3.0,46.6,14.0,0.3,0.8,0.5,10.9,34.3,35.6,23.5,3.0,20.4,14.0,0.3,0.8,0.5,72.1,99.5,177.7,124.3,3.0,80.3,14.0,0.3,0.8,0.5,4.5,14.3,17.6,11.1,3.0,9.9,14.0,0.3,0.8,0.5,33.6,52.6,75.1,54.3,3.0,30.4,14.0,0.3,0.8,0.5,2.1,6.6,11.2,6.7,3.0,6.7,14.0,0.3,0.8,0.5,19.7,23.3,78.0,48.3,3.0,47.9,14.0,0.3,0.8,0.5,162.0,301.0,2588.5,1350.0,3.0,1996.5,14.0,0.3,0.8,0.5,160.0,300.0,2590.0,1350.0,3.0,1995.0,14.0,0.3,0.8,0.5
1974,2,138.0,-39.0,16.7,18.1,18.82,17.81,11.0,1.28,16.0,0.3,0.3,0.7,16.27,17.2,18.38,17.49,12.0,1.41,16.0,0.3,0.3,0.7,7.5,8.59,11.93,9.53,12.0,2.12,16.0,0.3,0.3,0.7,63.1,73.3,92.2,76.6,12.0,13.3,16.0,0.3,0.7,2.6,4.6,9.55,5.61,12.0,3.05,16.0,0.3,0.3,0.7,-2.88,-1.35,4.74,-0.3,12.0,4.9,16.0,0.3,0.3,0.7,0.0,1.64,5.53,2.64,12.0,3.46,16.0,0.3,0.3,0.7,1010.78,1017.25,1022.48,1016.78,12.0,5.57,16.0,0.3,0.3,0.7,0.6,4.0,8.0,4.0,11.0,3.1,16.0,0.4,0.3,0.7,-13.3,-3.3,29.3,3.0,12.0,43.7,16.0,0.3,0.3,0.7,0.0,9.7,33.3,16.6,12.0,32.3,16.0,0.3,0.3,0.7,-1.39,0.4,1.88,0.29,11.0,1.69,16.0,0.3,0.3,0.7,-9.9,1.8,8.2,-0.6,11.0,13.5,16.0,0.3,0.3,0.7,1.08,2.51,4.84,2.92,11.0,2.19,16.0,0.3,0.3,0.7,3.7,11.5,35.9,16.1,11.0,16.9,16.0,0.3,0.3,0.7,-52.6,-22.8,76.6,-3.8,12.0,91.9,16.0,0.3,0.3,0.7,0.0,28.7,94.5,43.2,12.0,60.0,16.0,0.3,0.3,0.7,-35.2,-11.0,38.2,-5.3,12.0,54.2,16.0,0.3,0.3,0.7,0.0,18.9,41.4,20.7,12.0,28.7,16.0,0.3,0.3,0.7,-8.2,-1.9,11.8,1.5,11.0,10.7,16.0,0.3,0.3,0.7,-0.5,3.1,34.6,12.0,11.0,17.2,16.0,0.3,0.3,0.7,17.5,97.5,877.5,331.5,12.0,424.0,16.0,0.3,0.3,0.7,20.0,95.0,880.0,330.0,12.0,425.0,16.0,0.3,0.3,0.7
1974,2,138.0,-37.0,18.43,18.5,19.39,18.9,3.0,0.78,22.0,1.0,0.7,0.6,17.52,18.0,18.96,18.23,3.0,1.07,22.0,1.0,0.7,0.6,9.75,9.85,9.86,9.81,3.0,0.09,22.0,1.0,0.7,0.6,73.0,77.4,79.1,76.1,3.0,4.6,22.0,1.0,0.6,6.68,7.7,8.79,7.73,3.0,1.55,22.0,1.0,0.7,0.6,-4.16,-3.1,-2.78,-3.46,3.0,1.06,22.0,1.0,0.7,0.6,5.96,7.24,7.79,6.89,3.0,1.38,22.0,1.0,0.7,0.6,1018.31,1019.2,1020.22,1019.27,3.0,1.4,22.0,1.0,0.7,0.6,5.6,7.0,7.0,6.3,3.0,1.2,22.0,1.0,0.7,0.6,-36.0,-20.3,-19.6,-27.6,3.0,13.6,22.0,1.0,0.7,0.6,40.4,55.7,68.8,54.6,3.0,20.8,22.0,1.0,0.7,0.6,0.4,0.4,0.95,0.67,3.0,0.46,22.0,1.0,0.7,0.6,3.3,3.7,6.3,4.7,3.0,2.4,22.0,1.0,0.7,0.6,3.29,3.42,4.11,3.69,3.0,0.64,22.0,1.0,0.7,0.6,22.4,24.8,36.0,29.1,3.0,10.6,22.0,1.0,0.7,0.6,-78.6,-53.6,-49.4,-63.7,3.0,23.1,22.0,1.0,0.7,0.6,104.7,130.2,148.0,126.5,3.0,31.8,22.0,1.0,0.7,0.6,-40.8,-30.1,-27.3,-34.0,3.0,10.5,22.0,1.0,0.7,0.6,58.2,71.4,76.8,67.6,3.0,14.0,22.0,1.0,0.7,0.6,-17.4,-10.6,-9.2,-13.2,3.0,6.4,22.0,1.0,0.7,0.6,20.0,23.3,31.7,25.8,3.0,8.9,22.0,1.0,0.7,0.6,307.5,456.5,694.0,499.5,3.0,285.5,22.0,1.0,0.7,0.6,310.0,455.0,695.0,500.0,3.0,285.0,22.0,1.0,0.7,0.6
1974,2,138.0,-36.0,20.49,21.55,22.61,21.55,2.0,2.19,10.0,1.0,0.1,0.3,21.0,21.0,21.0,21.0,1.0,0.0,4.0,1.0,0.2,0.2,10.25,10.25,10.25,10.25,1.0,0.0,4.0,1.0,0.2,0.2,66.8,66.8,66.8,66.8,1.0,0.0,4.0,1.0,0.2,3.41,5.15,6.89,5.15,2.0,3.61,10.0,1.0,0.1,0.3,-4.55,-3.7,-2.84,-3.7,2.0,1.77,10.0,1.0,0.1,0.3,0.19,2.5,4.82,2.5,2.0,4.8,10.0,1.0,0.1,0.3,1007.44,1012.05,1016.66,1012.05,2.0,9.55,10.0,1.0,0.1,0.3,0.2,0.5,0.8,0.5,2.0,0.7,10.0,1.0,0.1,0.3,-33.1,-22.2,-11.4,-22.2,2.0,22.5,10.0,1.0,0.1,0.3,5.3,21.6,37.8,21.6,2.0,33.8,10.0,1.0,0.1,0.3,-1.0,-1.0,-1.0,-1.0,1.0,0.0,4.0,1.0,0.2,0.2,-7.7,-7.7,-7.7,-7.7,1.0,0.0,4.0,1.0,0.2,0.2,4.21,4.21,4.21,4.21,1.0,0.0,4.0,1.0,0.2,0.2,32.4,32.4,32.4,32.4,1.0,0.0,4.0,1.0,0.2,0.2,-103.9,-103.9,-103.9,-103.9,1.0,0.0,4.0,1.0,0.2,0.2,123.9,123.9,123.9,123.9,1.0,0.0,4.0,1.0,0.2,0.2,-50.7,-50.7,-50.7,-50.7,1.0,0.0,4.0,1.0,0.2,0.2,60.5,60.5,60.5,60.5,1.0,0.0,4.0,1.0,0.2,0.2,-20.8,-20.8,-20.8,-20.8,1.0,0.0,4.0,1.0,0.2,0.2,24.8,24.8,24.8,24.8,1.0,0.0,4.0,1.0,0.2,0.2,87.0,237.0,387.0,237.0,2.0,310.5,10.0,1.0,0.1,0.3,85.0,235.0,385.0,235.0,2.0,310.0,10.0,1.0,0.1,0.3
1974,2,138.0,-13.0,28.9,28.9,28.9,28.9,1.0,0.0,4.0,0.0,0.9,0.7,28.1,28.1,28.1,28.1,1.0,0.0,4.0,0.0,0.9,0.7,18.81,18.81,18.81,18.81,1.0,0.0,4.0,0.0,0.9,0.7,78.4,78.4,78.4,78.4,1.0,0.0,4.0,0.0,0.7,4.6,4.6,4.6,4.6,1.0,0.0,4.0,0.0,0.9,0.7,4.53,4.53,4.53,4.53,1.0,0.0,4.0,0.0,0.9,0.7,-0.8,-0.8,-0.8,-0.8,1.0,0.0,4.0,0.0,0.9,0.7,1002.5,1002.5,1002.5,1002.5,1.0,0.0,4.0,0.0,0.9,0.7,8.0,8.0,8.0,8.0,1.0,0.0,4.0,0.0,0.9,0.7,20.8,20.8,20.8,20.8,1.0,0.0,4.0,0.0,0.9,0.7,-3.7,-3.7,-3.7,-3.7,1.0,0.0,4.0,0.0,0.9,0.7,0.8,0.8,0.8,0.8,1.0,0.0,4.0,0.0,0.9,0.7,3.7,3.7,3.7,3.7,1.0,0.0,4.0,0.0,0.9,0.7,6.41,6.41,6.41,6.41,1.0,0.0,4.0,0.0,0.9,0.7,29.5,29.5,29.5,29.5,1.0,0.0,4.0,0.0,0.9,0.7,127.3,127.3,127.3,127.3,1.0,0.0,4.0,0.0,0.9,0.7,-22.4,-22.4,-22.4,-22.4,1.0,0.0,4.0,0.0,0.9,0.7,85.2,85.2,85.2,85.2,1.0,0.0,4.0,0.0,0.9,0.7,-15.0,-15.0,-15.0,-15.0,1.0,0.0,4.0,0.0,0.9,0.7,29.0,29.0,29.0,29.0,1.0,0.0,4.0,0.0,0.9,0.7,-5.1,-5.1,-5.1,-5.1,1.0,0.0,4.0,0.0,0.9,0.7,97.5,97.5,97.5,97.5,1.0,0.0,4.0,0.0,0.9,0.7,95.0,95.0,95.0,95.0,1.0,0.0,4.0,0.0,0.9,0.7
1974,2,138.0,-12.0,28.0,28.0,28.0,28.0,1.0,0.0,14.0,0.0,0.3,0.2,25.11,27.5,27.84,26.5,3.0,2.18,14.0,0.0,0.4,0.4,20.56,20.56,20.56,20.56,1.0,0.0,14.0,0.0,0.3,0.2,88.9,88.9,88.9,88.9,1.0,0.0,14.0,0.0,0.2,6.83,8.2,8.54,7.7,3.0,1.32,14.0,0.0,0.4,0.4,5.97,6.28,7.57,6.76,3.0,1.25,14.0,0.0,0.4,0.4,-4.54,-2.98,-2.39,-3.46,3.0,1.63,14.0,0.0,0.4,0.4,1006.2,1010.3,1010.78,1008.53,3.0,3.68,14.0,0.0,0.4,0.4,4.6,8.0,8.0,6.3,3.0,2.9,14.0,0.0,0.4,0.4,41.0,51.5,64.9,52.9,3.0,17.5,14.0,0.0,0.4,0.4,-37.7,-25.9,-17.2,-27.4,3.0,15.1,14.0,0.0,0.4,0.4,0.5,0.5,0.5,0.5,1.0,0.0,14.0,0.0,0.3,0.2,4.1,4.1,4.1,4.1,1.0,0.0,14.0,0.0,0.3,0.2,3.31,3.31,3.31,3.31,1.0,0.0,14.0,0.0,0.3,0.2,27.2,27.2,27.2,27.2,1.0,0.0,14.0,0.0,0.3,0.2,150.3,172.7,211.1,180.5,3.0,45.0,14.0,0.0,0.4,0.4,-125.4,-83.3,-61.2,-93.1,3.0,47.8,14.0,0.0,0.4,0.4,129.1,129.1,129.1,129.1,1.0,0.0,14.0,0.0,0.3,0.2,-108.4,-108.4,-108.4,-108.4,1.0,0.0,14.0,0.0,0.3,0.2,20.8,20.8,20.8,20.8,1.0,0.0,14.0,0.0,0.3,0.2,-17.5,-17.5,-17.5,-17.5,1.0,0.0,14.0,0.0,0.3,0.2,337.5,551.5,624.5,482.5,3.0,218.5,14.0,0.0,0.4,0.4,340.0,550.0,625.0,485.0,3.0,220.0,14.0,0.0,0.4,0.4
1974,2,138.0,-11.0,27.84,28.0,29.23,28.31,10.0,0.7,12.0,0.2,0.6,0.6,28.0,28.0,28.5,28.24,9.0,0.79,14.0,0.2,0.6,0.5,18.77,19.51,23.7,20.75,8.0,3.1,12.0,0.3,0.6,0.5,79.1,81.3,98.3,85.4,8.0,9.3,12.0,0.3,0.5,6.05,8.0,9.0,7.5,9.0,2.32,12.0,0.2,0.6,0.6,2.34,6.67,6.98,5.35,9.0,2.8,12.0,0.2,0.6,0.6,-5.9,-5.27,-2.82,-4.53,9.0,2.35,12.0,0.2,0.6,0.6,1003.37,1005.1,1005.67,1004.61,10.0,1.26,12.0,0.2,0.6,0.6,3.4,4.5,8.0,5.3,10.0,2.5,12.0,0.2,0.6,0.6,14.9,51.5,63.3,44.7,9.0,26.1,12.0,0.2,0.6,0.6,-52.3,-32.5,-12.6,-36.9,9.0,26.4,12.0,0.2,0.6,0.6,-0.45,-0.1,1.29,0.1,9.0,1.13,14.0,0.2,0.6,0.5,-3.8,-0.3,12.4,2.0,8.0,9.2,12.0,0.3,0.6,0.6,0.21,4.71,5.68,3.51,8.0,3.47,12.0,0.3,0.6,0.5,-3.1,32.3,54.6,27.9,7.0,33.1,12.0,0.3,0.7,0.5,41.0,192.2,197.3,147.3,8.0,84.0,12.0,0.3,0.6,0.6,-170.6,-131.3,-70.8,-126.0,8.0,71.0,12.0,0.3,0.6,0.6,15.4,130.3,144.5,100.7,7.0,63.9,12.0,0.3,0.7,0.5,-153.4,-121.0,-73.7,-107.6,7.0,42.7,12.0,0.3,0.7,0.5,-0.1,28.0,41.4,22.3,7.0,21.2,12.0,0.3,0.7,0.5,-35.5,-16.2,2.3,-17.4,7.0,24.9,12.0,0.3,0.7,0.5,227.5,512.0,736.0,520.0,9.0,359.0,12.0,0.2,0.6,0.6,230.0,510.0,735.0,520.0,9.0,360.0,12.0,0.2,0.6,0.6
1974,2,138.0,-10.0,27.79,28.4,28.81,28.3,3.0,0.75,8.0,1.0,0.3,0.6,27.66,28.0,28.0,27.83,3.0,0.29,8.0,1.0,0.3,0.6,18.96,19.35,20.04,19.49,3.0,0.8,8.0,1.0,0.3,0.6,81.3,81.3,84.0,82.6,3.0,2.3,8.0,1.0,0.6,5.86,6.2,8.32,7.07,3.0,1.95,8.0,1.0,0.3,0.6,5.68,5.83,7.81,6.73,3.0,1.75,8.0,1.0,0.3,0.6,-2.84,-2.12,-1.35,-2.1,3.0,1.1,8.0,1.0,0.3,0.6,1002.73,1004.3,1004.57,1003.67,3.0,1.46,8.0,1.0,0.3,0.6,7.3,8.0,8.0,7.7,3.0,0.6,8.0,1.0,0.3,0.6,33.3,36.1,66.9,49.8,3.0,27.3,8.0,1.0,0.3,0.6,-24.4,-13.1,-8.0,-16.1,3.0,12.2,8.0,1.0,0.3,0.6,-0.21,0.4,1.15,0.47,3.0,1.0,8.0,1.0,0.3,0.6,-0.9,3.7,7.0,3.1,3.0,5.9,8.0,1.0,0.3,0.6,3.92,4.14,5.78,4.83,3.0,1.49,8.0,1.0,0.3,0.6,28.0,37.3,38.1,33.2,3.0,8.2,8.0,1.0,0.3,0.6,157.1,163.1,218.8,187.4,3.0,49.8,8.0,1.0,0.3,0.6,-79.6,-59.4,-37.4,-58.6,3.0,30.9,8.0,1.0,0.3,0.6,107.7,112.7,157.2,132.0,3.0,39.9,8.0,1.0,0.3,0.6,-57.2,-41.0,-25.7,-41.5,3.0,23.1,8.0,1.0,0.3,0.6,26.7,36.2,36.6,31.7,3.0,8.2,8.0,1.0,0.3,0.6,-11.6,-8.1,-7.0,-9.2,3.0,3.5,8.0,1.0,0.3,0.6,202.0,238.5,624.5,409.5,3.0,343.0,8.0,1.0,0.3,0.6,200.0,240.0,625.0,410.0,3.0,345.0,8.0,1.0,0.3,0.6
1974,2,138.0,-2.0,28.22,28.25,28.28,28.25,2.0,0.07,24.0,0.5,0.7,0.6,27.23,27.95,28.67,27.95,2.0,1.48,24.0,0.5,0.7,0.6,17.64,17.7,17.76,17.7,2.0,0.12,24.0,0.5,0.7,0.6,72.3,75.1,77.9,75.1,2.0,5.9,24.0,0.5,0.6,2.64,5.1,7.56,5.1,2.0,5.09,24.0,0.5,0.7,0.6,0.75,3.98,7.2,3.98,2.0,6.68,24.0,0.5,0.7,0.6,-1.09,-0.65,-0.21,-0.65,2.0,0.92,24.0,0.5,0.7,0.6,1007.28,1008.3,1009.32,1008.3,2.0,2.12,24.0,0.5,0.7,0.6,3.8,5.5,7.2,5.5,2.0,3.5,24.0,0.5,0.7,0.6,11.1,37.3,63.5,37.3,2.0,54.3,24.0,0.5,0.7,0.6,-1.6,-1.0,-0.3,-1.0,2.0,1.4,24.0,0.5,0.7,0.6,-0.38,0.3,0.98,0.3,2.0,1.41,24.0,0.5,0.7,0.6,0.9,5.1,9.3,5.1,2.0,8.7,24.0,0.5,0.7,0.6,6.4,6.43,6.46,6.43,2.0,0.07,24.0,0.5,0.7,0.6,17.0,33.0,48.9,33.0,2.0,33.1,24.0,0.5,0.7,0.6,18.8,106.1,193.4,106.1,2.0,180.9,24.0,0.5,0.7,0.6,-31.7,-18.8,-6.0,-18.8,2.0,26.6,24.0,0.5,0.7,0.6,13.1,70.0,126.8,70.0,2.0,117.8,24.0,0.5,0.7,0.6,-19.4,-11.6,-3.7,-11.6,2.0,16.3,24.0,0.5,0.7,0.6,4.9,25.8,46.6,25.8,2.0,43.2,24.0,0.5,0.7,0.6,-7.0,-4.1,-1.3,-4.1,2.0,5.9,24.0,0.5,0.7,0.6,107.5,331.0,554.5,331.0,2.0,463.0,24.0,0.5,0.7,0.6,105.0,330.0,555.0,330.0,2.0,465.0,24.0,0.5,0.7,0.6
1974,2,138.0,4.0,28.0,28.0,28.0,28.0,1.0,0.0,24.0,0.0,0.9,0.8,25.6,25.6,25.6,25.6,1.0,0.0,24.0,0.0,0.9,0.8,19.89,19.89,19.89,19.89,1.0,0.0,24.0,0.0,0.9,0.8,96.5,96.5,96.5,96.5,1.0,0.0,24.0,0.0,0.8,5.7,5.7,5.7,5.7,1.0,0.0,24.0,0.0,0.9,0.8,-5.7,-5.7,-5.7,-5.7,1.0,0.0,24.0,0.0,0.9,0.8,0.0,0.0,0.0,0.0,1.0,0.0,24.0,0.0,0.9,0.8,1007.1,1007.1,1007.1,1007.1,1.0,0.0,24.0,0.0,0.9,0.8,7.0,7.0,7.0,7.0,1.0,0.0,24.0,0.0,0.9,0.8,-32.5,-32.5,-32.5,-32.5,1.0,0.0,24.0,0.0,0.9,0.8,0.0,0.0,0.0,0.0,1.0,0.0,24.0,0.0,0.9,0.8,2.4,2.4,2.4,2.4,1.0,0.0,24.0,0.0,0.9,0.8,13.7,13.7,13.7,13.7,1.0,0.0,24.0,0.0,0.9,0.8,3.91,3.91,3.91,3.91,1.0,0.0,24.0,0.0,0.9,0.8,22.3,22.3,22.3,22.3,1.0,0.0,24.0,0.0,0.9,0.8,-145.9,-145.9,-145.9,-145.9,1.0,0.0,24.0,0.0,0.9,0.8,0.0,0.0,0.0,0.0,1.0,0.0,24.0,0.0,0.9,0.8,-113.4,-113.4,-113.4,-113.4,1.0,0.0,24.0,0.0,0.9,0.8,0.0,0.0,0.0,0.0,1.0,0.0,24.0,0.0,0.9,0.8,-22.3,-22.3,-22.3,-22.3,1.0,0.0,24.0,0.0,0.9,0.8,0.0,0.0,0.0,0.0,1.0,0.0,24.0,0.0,0.9,0.8,185.0,185.0,185.0,185.0,1.0,0.0,24.0,0.0,0.9,0.8,185.0,185.0,185.0,185.0,1.0,0.0,24.0,0.0,0.9,0.8
1974,2,138.0,6.0,30.0,30.0,30.0,30.0,1.0,0.0,16.0,1.0,0.8,0.7,28.3,28.3,28.3,28.3,1.0,0.0,16.0,1.0,0.8,0.7,18.77,18.77,18.77,18.77,1.0,0.0,16.0,1.0,0.8,0.7,77.5,77.5,77.5,77.5,1.0,0.0,16.0,1.0,0.7,9.3,9.3,9.3,9.3,1.0,0.0,16.0,1.0,0.8,0.7,-8.05,-8.05,-8.05,-8.05,1.0,0.0,16.0,1.0,0.8,0.7,-4.65,-4.65,-4.65,-4.65,1.0,0.0,16.0,1.0,0.8,0.7,1004.4,1004.4,1004.4,1004.4,1.0,0.0,16.0,1.0,0.8,0.7,8.0,8.0,8.0,8.0,1.0,0.0,16.0,1.0,0.8,0.7,-74.9,-74.9,-74.9,-74.9,1.0,0.0,16.0,1.0,0.8,0.7,-43.2,-43.2,-43.2,-43.2,1.0,0.0,16.0,1.0,0.8,0.7,1.7,1.7,1.7,1.7,1.0,0.0,16.0,1.0,0.8,0.7,15.8,15.8,15.8,15.8,1.0,0.0,16.0,1.0,0.8,0.7,8.08,8.08,8.08,8.08,1.0,0.0,16.0,1.0,0.8,0.7,75.1,75.1,75.1,75.1,1.0,0.0,16.0,1.0,0.8,0.7,-227.9,-227.9,-227.9,-227.9,1.0,0.0,16.0,1.0,0.8,0.7,-131.6,-131.6,-131.6,-131.6,1.0,0.0,16.0,1.0,0.8,0.7,-151.2,-151.2,-151.2,-151.2,1.0,0.0,16.0,1.0,0.8,0.7,-87.3,-87.3,-87.3,-87.3,1.0,0.0,16.0,1.0,0.8,0.7,-65.1,-65.1,-65.1,-65.1,1.0,0.0,16.0,1.0,0.8,0.7,-37.6,-37.6,-37.6,-37.6,1.0,0.0,16.0,1.0,0.8,0.7,804.5,804.5,804.5,804.5,1.0,0.0,16.0,1.0,0.8,0.7,805.0,805.0,805.0,805.0,1.0,0.0,16.0,1.0,0.8,0.7
1974,2,138.0,11.0,28.0,28.0,28.0,28.0,1.0,0.0,2.0,1.0,0.8,0.3,25.0,25.0,25.0,25.0,1.0,0.0,2.0,1.0,0.8,0.3,18.63,18.63,18.63,18.63,1.0,0.0,2.0,1.0,0.8,0.3,94.2,94.2,94.2,94.2,1.0,0.0,2.0,1.0,0.3,5.7,5.7,5.7,5.7,1.0,0.0,2.0,1.0,0.8,0.3,-5.61,-5.61,-5.61,-5.61,1.0,0.0,2.0,1.0,0.8,0.3,-0.99,-0.99,-0.99,-0.99,1.0,0.0,2.0,1.0,0.8,0.3,1012.0,1012.0,1012.0,1012.0,1.0,0.0,2.0,1.0,0.8,0.3,8.0,8.0,8.0,8.0,1.0,0.0,2.0,1.0,0.8,0.3,-32.0,-32.0,-32.0,-32.0,1.0,0.0,2.0,1.0,0.8,0.3,-5.6,-5.6,-5.6,-5.6,1.0,0.0,2.0,1.0,0.8,0.3,3.0,3.0,3.0,3.0,1.0,0.0,2.0,1.0,0.8,0.3,17.1,17.1,17.1,17.1,1.0,0.0,2.0,1.0,0.8,0.3,5.06,5.06,5.06,5.06,1.0,0.0,2.0,1.0,0.8,0.3,28.8,28.8,28.8,28.8,1.0,0.0,2.0,1.0,0.8,0.3,-140.3,-140.3,-140.3,-140.3,1.0,0.0,2.0,1.0,0.8,0.3,-24.7,-24.7,-24.7,-24.7,1.0,0.0,2.0,1.0,0.8,0.3,-104.6,-104.6,-104.6,-104.6,1.0,0.0,2.0,1.0,0.8,0.3,-18.4,-18.4,-18.4,-18.4,1.0,0.0,2.0,1.0,0.8,0.3,-28.4,-28.4,-28.4,-28.4,1.0,0.0,2.0,1.0,0.8,0.3,-5.0,-5.0,-5.0,-5.0,1.0,0.0,2.0,1.0,0.8,0.3,185.0,185.0,185.0,185.0,1.0,0.0,2.0,1.0,0.8,0.3,185.0,185.0,185.0,185.0,1.0,0.0,2.0,1.0,0.8,0.3
1974,2,138.0,12.0,30.0,30.0,30.0,30.0,1.0,0.0,6.0,0.0,0.8,0.3,27.0,27.0,27.0,27.0,1.0,0.0,6.0,0.0,0.8,0.3,15.91,15.91,15.91,15.91,1.0,0.0,6.0,0.0,0.8,0.3,71.4,71.4,71.4,71.4,1.0,0.0,6.0,0.0,0.3,6.7,6.7,6.7,6.7,1.0,0.0,6.0,0.0,0.8,0.3,-6.6,-6.6,-6.6,-6.6,1.0,0.0,6.0,0.0,0.8,0.3,-1.16,-1.16,-1.16,-1.16,1.0,0.0,6.0,0.0,0.8,0.3,1010.2,1010.2,1010.2,1010.2,1.0,0.0,6.0,0.0,0.8,0.3,6.0,6.0,6.0,6.0,1.0,0.0,6.0,0.0,0.8,0.3,-44.2,-44.2,-44.2,-44.2,1.0,0.0,6.0,0.0,0.8,0.3,-7.8,-7.8,-7.8,-7.8,1.0,0.0,6.0,0.0,0.8,0.3,3.0,3.0,3.0,3.0,1.0,0.0,6.0,0.0,0.8,0.3,20.1,20.1,20.1,20.1,1.0,0.0,6.0,0.0,0.8,0.3,10.78,10.78,10.78,10.78,1.0,0.0,6.0,0.0,0.8,0.3,72.2,72.2,72.2,72.2,1.0,0.0,6.0,0.0,0.8,0.3,-178.2,-178.2,-178.2,-178.2,1.0,0.0,6.0,0.0,0.8,0.3,-31.4,-31.4,-31.4,-31.4,1.0,0.0,6.0,0.0,0.8,0.3,-105.0,-105.0,-105.0,-105.0,1.0,0.0,6.0,0.0,0.8,0.3,-18.5,-18.5,-18.5,-18.5,1.0,0.0,6.0,0.0,0.8,0.3,-71.1,-71.1,-71.1,-71.1,1.0,0.0,6.0,0.0,0.8,0.3,-12.5,-12.5,-12.5,-12.5,1.0,0.0,6.0,0.0,0.8,0.3,301.0,301.0,301.0,301.0,1.0,0.0,6.0,0.0,0.8,0.3,300.0,300.0,300.0,300.0,1.0,0.0,6.0,0.0,0.8,0.3
1974,2,138.0,13.0,27.19,27.8,28.01,27.67,7.0,0.48,18.0,0.7,0.6,0.5,26.19,26.5,27.09,26.84,7.0,0.98,18.0,0.7,0.6,0.5,17.39,17.91,18.97,18.02,6.0,0.88,18.0,0.7,0.7,0.4,78.0,82.3,85.8,81.8,6.0,5.1,18.0,0.7,0.4,7.56,8.75,11.11,8.98,6.0,2.48,24.0,0.7,0.5,0.5,-10.44,-8.47,-5.9,-8.22,6.0,2.58,24.0,0.7,0.5,0.5,-4.43,-3.44,-2.02,-3.15,6.0,1.8,24.0,0.7,0.5,0.5,1010.31,1011.0,1012.04,1010.79,7.0,2.01,18.0,0.7,0.6,0.5,1.0,6.0,7.0,4.6,7.0,3.0,18.0,0.9,0.5,0.5,-116.3,-74.3,-45.5,-79.1,6.0,42.5,24.0,0.7,0.5,0.5,-45.0,-34.7,-10.3,-29.6,6.0,19.7,24.0,0.7,0.5,0.5,-0.08,1.1,2.0,0.83,7.0,1.33,18.0,0.7,0.6,0.5,-7.6,6.6,13.1,3.2,5.0,15.8,24.0,0.6,0.7,0.5,4.23,5.3,6.4,5.4,6.0,1.34,18.0,0.7,0.7,0.4,33.8,44.6,66.6,49.9,4.0,21.5,24.0,0.5,0.7,0.4,-290.8,-236.0,-150.4,-224.5,5.0,84.3,24.0,0.6,0.7,0.5,-129.2,-96.8,-79.2,-102.8,5.0,29.5,24.0,0.6,0.7,0.5,-191.8,-144.9,-97.4,-144.6,4.0,58.5,24.0,0.5,0.7,0.4,-89.1,-69.5,-53.0,-71.0,4.0,23.5,24.0,0.5,0.7,0.4,-62.6,-38.7,-27.5,-44.8,4.0,22.3,24.0,0.5,0.7,0.4,-25.3,-20.7,-16.8,-21.1,4.0,5.1,24.0,0.5,0.7,0.4,465.0,678.0,1384.0,860.0,6.0,614.0,24.0,0.7,0.5,0.5,465.0,680.0,1385.0,860.0,6.0,615.0,24.0,0.7,0.5,0.5
1974,2,138.0,14.0,27.45,28.0,28.0,27.73,3.0,0.46,2.0,0.7,0.3,0.4,27.09,27.7,27.9,27.5,3.0,0.62,2.0,0.7,0.3,0.4,17.65,18.55,18.66,18.16,3.0,0.82,2.0,0.7,0.3,0.4,78.3,78.4,79.7,79.0,3.0,1.1,2.0,0.7,0.4,5.45,6.2,7.91,6.67,3.0,1.84,2.0,0.7,0.3,0.4,-6.4,-5.83,-3.04,-4.74,3.0,2.63,2.0,0.7,0.3,0.4,-5.34,-4.79,-2.97,-4.17,3.0,1.82,2.0,0.7,0.3,0.4,1008.29,1010.0,1010.82,1009.57,3.0,1.89,2.0,0.7,0.3,0.4,2.2,2.5,2.8,2.5,2.0,0.7,2.0,1.0,0.2,0.2,-51.0,-36.1,-17.5,-34.3,3.0,24.6,2.0,0.7,0.3,0.4,-41.0,-24.4,-16.7,-28.7,3.0,18.1,2.0,0.7,0.3,0.4,0.1,0.3,0.37,0.23,3.0,0.21,2.0,0.7,0.3,0.4,0.8,2.5,2.6,1.7,3.0,1.5,2.0,0.7,0.3,0.4,5.11,5.18,5.32,5.21,3.0,0.16,2.0,0.7,0.3,0.4,28.6,33.4,40.8,34.7,3.0,9.0,2.0,0.7,0.3,0.4,-175.6,-156.1,-82.9,-129.9,3.0,71.6,2.0,0.7,0.3,0.4,-148.3,-134.2,-81.4,-115.3,3.0,51.7,2.0,0.7,0.3,0.4,-117.0,-100.3,-53.9,-85.8,3.0,47.9,2.0,0.7,0.3,0.4,-99.7,-88.9,-53.2,-76.7,3.0,35.7,2.0,0.7,0.3,0.4,-33.1,-31.4,-16.1,-24.8,3.0,13.7,2.0,0.7,0.3,0.4,-27.3,-24.8,-15.7,-21.5,3.0,9.0,2.0,0.7,0.3,0.4,166.0,238.5,525.0,343.0,3.0,278.0,2.0,0.7,0.3,0.4,165.0,240.0,525.0,345.0,3.0,280.0,2.0,0.7,0.3,0.4
1974,2,138.0,15.0,26.56,26.7,27.45,27.0,3.0,0.7,22.0,1.0,0.4,0.6,25.79,26.0,26.37,26.08,4.0,0.46,18.0,0.8,0.4,0.6,16.82,17.43,17.49,17.16,3.0,0.55,22.0,1.0,0.4,0.6,78.0,83.6,84.6,81.3,3.0,5.2,22.0,1.0,0.6,4.05,6.15,7.72,5.9,4.0,2.27,18.0,0.8,0.4,0.6,-6.35,-4.71,-3.27,-4.8,4.0,1.92,18.0,0.8,0.4,0.6,-4.38,-3.69,-2.37,-3.39,4.0,1.35,18.0,0.8,0.4,0.6,1008.53,1010.15,1012.03,1010.28,4.0,2.1,18.0,0.8,0.4,0.6,2.5,3.0,3.0,2.8,4.0,0.5,18.0,0.8,0.4,0.6,-49.4,-29.8,-13.8,-31.5,4.0,22.0,18.0,0.8,0.4,0.6,-33.5,-25.0,-10.5,-22.1,4.0,14.0,18.0,0.8,0.4,0.6,0.69,1.1,1.1,0.9,3.0,0.35,22.0,1.0,0.4,0.6,2.8,3.4,7.2,5.0,3.0,3.5,22.0,1.0,0.4,0.6,4.25,4.51,6.17,5.2,3.0,1.53,22.0,1.0,0.4,0.6,16.2,21.1,45.6,30.7,3.0,23.0,22.0,1.0,0.4,0.6,-167.6,-122.5,-84.4,-125.8,4.0,52.4,18.0,0.8,0.4,0.6,-115.2,-97.4,-61.4,-88.7,4.0,35.8,18.0,0.8,0.4,0.6,-101.9,-68.4,-53.7,-77.5,3.0,36.2,22.0,1.0,0.4,0.6,-64.5,-57.4,-36.7,-50.7,3.0,21.2,22.0,1.0,0.4,0.6,-38.8,-16.1,-13.4,-25.9,3.0,20.4,22.0,1.0,0.4,0.6,-23.7,-13.5,-9.1,-16.3,3.0,11.0,22.0,1.0,0.4,0.6,79.0,253.0,466.5,272.0,4.0,235.5,18.0,0.8,0.4,0.6,80.0,255.0,465.0,270.0,4.0,235.0,18.0,0.8,0.4,0.6
1974,2,138.0,16.0,25.81,27.0,28.43,26.86,7.0,1.71,16.0,0.6,0.6,0.4,25.0,25.8,26.99,26.11,7.0,1.37,16.0,0.6,0.6,0.4,15.51,16.4,17.02,16.7,7.0,1.66,16.0,0.6,0.6,0.4,75.0,81.4,82.5,79.1,7.0,5.4,16.0,0.6,0.4,5.03,9.3,12.5,9.33,7.0,4.34,16.0,0.6,0.6,0.4,-9.36,-4.21,-3.5,-5.97,7.0,3.04,16.0,0.6,0.6,0.4,-11.61,-4.1,0.16,-5.21,7.0,6.16,16.0,0.6,0.6,0.4,1009.7,1013.2,1015.67,1012.76,7.0,3.21,16.0,0.6,0.6,0.4,1.0,7.0,8.0,4.9,7.0,3.3,16.0,0.6,0.6,0.4,-90.7,-51.7,-19.5,-62.7,7.0,55.5,16.0,0.6,0.6,0.4,-145.3,-33.6,0.8,-67.7,7.0,84.7,16.0,0.6,0.6,0.4,-1.13,0.8,3.43,0.74,7.0,2.26,16.0,0.6,0.6,0.4,-9.6,3.2,36.5,12.1,7.0,28.9,16.0,0.6,0.6,0.4,3.11,5.42,7.99,5.5,7.0,2.18,16.0,0.6,0.6,0.4,19.3,53.8,84.9,56.3,7.0,44.7,16.0,0.6,0.6,0.4,-250.9,-112.5,-87.7,-155.2,7.0,77.6,16.0,0.6,0.6,0.4,-292.4,-105.8,4.5,-129.7,7.0,157.0,16.0,0.6,0.6,0.4,-142.1,-78.9,-57.1,-97.6,7.0,45.9,16.0,0.6,0.6,0.4,-192.1,-63.7,3.2,-83.4,7.0,104.1,16.0,0.6,0.6,0.4,-55.6,-21.5,-16.7,-34.7,7.0,28.4,16.0,0.6,0.6,0.4,-78.6,-12.4,0.5,-35.8,7.0,44.6,16.0,0.6,0.6,0.4,128.5,804.5,1986.5,1283.0,7.0,1543.0,16.0,0.6,0.6,0.4,130.0,805.0,1985.0,1285.0,7.0,1545.0,16.0,0.6,0.6,0.4
1974,2,138.0,17.0,26.11,27.1,28.87,27.23,8.0,1.32,14.0,0.5,0.3,0.5,24.11,25.05,26.94,25.64,8.0,2.24,14.0,0.5,0.3,0.5,14.71,16.09,16.36,15.86,8.0,1.04,14.0,0.5,0.3,0.5,74.7,79.4,82.9,77.7,8.0,7.9,14.0,0.5,0.5,4.66,9.0,11.74,8.8,8.0,4.5,14.0,0.5,0.3,0.5,-9.58,-4.97,-1.99,-5.38,8.0,4.85,14.0,0.5,0.3,0.5,-10.16,-5.3,0.41,-5.04,8.0,4.8,14.0,0.5,0.3,0.5,1009.46,1013.5,1015.36,1012.73,8.0,3.04,14.0,0.5,0.3,0.5,2.0,3.5,7.8,4.3,8.0,2.8,14.0,0.5,0.3,0.5,-107.3,-46.5,-9.9,-64.0,8.0,70.1,14.0,0.5,0.3,0.5,-123.9,-51.0,0.2,-60.8,8.0,64.4,14.0,0.5,0.3,0.5,-0.14,1.85,2.93,1.59,8.0,2.16,14.0,0.5,0.3,0.5,-0.3,14.6,34.5,21.8,8.0,28.3,14.0,0.5,0.3,0.5,5.25,6.41,7.67,6.8,8.0,1.97,14.0,0.5,0.3,0.5,24.4,52.8,79.2,64.8,8.0,52.3,14.0,0.5,0.3,0.5,-242.0,-126.5,-48.8,-132.8,8.0,123.9,14.0,0.5,0.3,0.5,-241.6,-132.8,15.0,-121.9,8.0,116.2,14.0,0.5,0.3,0.5,-153.6,-80.3,-31.9,-84.1,8.0,74.0,14.0,0.5,0.3,0.5,-146.2,-85.4,6.4,-77.7,8.0,71.7,14.0,0.5,0.3,0.5,-67.5,-25.8,-10.9,-40.9,8.0,48.2,14.0,0.5,0.3,0.5,-63.3,-33.0,4.4,-37.6,8.0,41.1,14.0,0.5,0.3,0.5,101.5,774.5,1621.0,1173.5,8.0,1482.0,14.0,0.5,0.3,0.5,100.0,775.0,1620.0,1175.0,8.0,1480.0,14.0,0.5,0.3,0.5
1974,2,138.0,18.0,25.32,26.0,26.68,26.0,3.0,1.0,14.0,0.0,0.4,0.5,24.17,25.6,25.87,25.03,3.0,1.34,14.0,0.0,0.4,0.5,15.04,16.3,18.39,16.7,3.0,2.48,14.0,0.0,0.4,0.5,79.8,80.2,88.3,83.9,3.0,7.0,14.0,0.0,0.5,5.93,7.7,9.47,7.7,3.0,2.6,14.0,0.0,0.4,0.5,-7.33,-3.91,-3.04,-5.15,3.0,3.32,14.0,0.0,0.4,0.5,-6.57,-5.15,-3.87,-5.22,3.0,1.98,14.0,0.0,0.4,0.5,1010.25,1010.8,1012.3,1011.27,3.0,1.55,14.0,0.0,0.4,0.5,3.2,8.0,8.0,5.7,3.0,4.0,14.0,0.0,0.4,0.5,-69.2,-20.3,-20.0,-44.0,3.0,41.4,14.0,0.0,0.4,0.5,-54.9,-53.0,-28.2,-41.8,3.0,21.8,14.0,0.0,0.4,0.5,-0.09,1.0,2.02,0.97,3.0,1.55,14.0,0.0,0.4,0.5,-2.6,5.1,14.8,6.1,3.0,12.7,14.0,0.0,0.4,0.5,3.17,3.52,5.59,4.36,3.0,1.92,14.0,0.0,0.4,0.5,22.0,36.2,45.9,34.0,3.0,17.7,14.0,0.0,0.4,0.5,-188.1,-101.6,-74.5,-130.6,3.0,86.9,14.0,0.0,0.4,0.5,-157.9,-131.8,-100.0,-129.0,3.0,42.5,14.0,0.0,0.4,0.5,-123.3,-75.6,-50.0,-86.4,3.0,54.5,14.0,0.0,0.4,0.5,-98.0,-83.9,-70.0,-84.0,3.0,20.6,14.0,0.0,0.4,0.5,-26.9,-17.3,-13.5,-20.1,3.0,10.1,14.0,0.0,0.4,0.5,-38.1,-18.1,-12.5,-25.1,3.0,19.7,14.0,0.0,0.4,0.5,235.5,456.5,891.0,560.5,3.0,488.5,14.0,0.0,0.4,0.5,235.0,455.0,890.0,560.0,3.0,490.0,14.0,0.0,0.4,0.5
1974,2,138.0,19.0,25.19,26.0,27.0,25.92,6.0,1.11,14.0,0.8,0.4,0.5,24.59,25.0,25.5,24.83,6.0,0.93,14.0,0.8,0.4,0.5,15.46,17.47,18.61,17.19,6.0,1.46,14.0,0.8,0.4,0.5,84.5,88.3,92.4,87.9,6.0,5.5,14.0,0.8,0.5,3.1,6.7,9.05,6.68,6.0,3.45,14.0,0.8,0.4,0.5,-6.02,-2.6,0.32,-3.03,6.0,3.9,14.0,0.8,0.4,0.5,-7.97,-5.3,-2.35,-5.08,6.0,2.89,14.0,0.8,0.4,0.5,1010.97,1013.6,1015.81,1013.5,6.0,2.59,14.0,0.8,0.4,0.5,2.0,4.0,6.2,4.2,6.0,2.1,14.0,0.8,0.4,0.5,-51.2,-12.2,1.0,-28.3,6.0,45.0,14.0,0.8,0.4,0.5,-73.4,-35.5,-7.3,-41.2,6.0,36.0,14.0,0.8,0.4,0.5,0.9,1.0,1.5,1.08,6.0,0.38,14.0,0.8,0.4,0.5,3.3,6.4,10.5,6.9,6.0,3.8,14.0,0.8,0.4,0.5,3.06,3.54,4.8,3.73,6.0,0.96,14.0,0.8,0.4,0.5,13.3,25.3,34.9,24.7,6.0,12.7,14.0,0.8,0.4,0.5,-150.5,-66.4,8.0,-76.3,6.0,97.4,14.0,0.8,0.4,0.5,-190.5,-134.1,-58.8,-124.8,6.0,69.0,14.0,0.8,0.4,0.5,-97.0,-46.9,5.9,-51.6,6.0,67.6,14.0,0.8,0.4,0.5,-129.0,-92.4,-43.4,-86.3,6.0,48.3,14.0,0.8,0.4,0.5,-26.7,-11.0,0.8,-12.7,6.0,14.2,14.0,0.8,0.4,0.5,-26.8,-21.8,-6.1,-18.2,6.0,10.0,14.0,0.8,0.4,0.5,30.0,301.0,822.0,512.0,6.0,689.0,14.0,0.8,0.4,0.5,30.0,300.0,820.0,510.0,6.0,690.0,14.0,0.8,0.4,0.5
1974,2,138.0,20.0,24.63,26.0,26.18,25.5,5.0,1.0,14.0,0.6,0.7,0.5,22.82,24.0,26.36,24.54,5.0,2.06,14.0,0.6,0.7,0.5,14.26,16.42,17.54,15.95,5.0,1.75,14.0,0.6,0.7,0.5,78.7,80.6,87.2,82.9,5.0,6.7,14.0,0.6,0.5,3.15,4.6,7.11,5.02,5.0,2.66,14.0,0.6,0.7,0.5,-5.11,-4.04,-1.41,-3.27,5.0,2.79,14.0,0.6,0.7,0.5,-3.67,-0.8,-0.18,-2.0,5.0,3.52,14.0,0.6,0.7,0.5,1010.5,1011.5,1012.81,1011.98,6.0,2.01,14.0,0.5,0.7,0.5,2.9,6.0,7.4,5.2,5.0,2.8,14.0,0.6,0.7,0.5,-30.3,-20.8,-9.8,-19.8,5.0,14.6,14.0,0.6,0.7,0.5,-30.2,-3.7,-1.4,-16.7,5.0,30.6,14.0,0.6,0.7,0.5,-0.99,1.0,2.73,0.96,5.0,2.19,14.0,0.6,0.7,0.5,-2.5,4.6,20.6,9.3,5.0,15.5,14.0,0.6,0.7,0.5,3.43,3.5,5.51,4.48,5.0,1.99,14.0,0.6,0.7,0.5,10.5,18.8,39.2,25.8,5.0,25.3,14.0,0.6,0.7,0.5,-119.7,-103.8,-29.5,-77.1,5.0,69.1,14.0,0.6,0.7,0.5,-83.6,-18.4,-4.1,-45.2,5.0,79.7,14.0,0.6,0.7,0.5,-81.2,-66.0,-17.5,-51.5,5.0,47.8,14.0,0.6,0.7,0.5,-52.9,-11.7,-2.6,-28.2,5.0,48.4,14.0,0.6,0.7,0.5,-22.3,-18.5,-6.8,-14.5,5.0,11.3,14.0,0.6,0.7,0.5,-26.3,-3.3,-0.5,-14.4,5.0,28.6,14.0,0.6,0.7,0.5,45.0,97.5,392.0,213.5,5.0,263.0,14.0,0.6,0.7,0.5,45.0,95.0,390.0,215.0,5.0,265.0,14.0,0.6,0.7,0.5
1974,2,138.0,21.0,24.0,24.7,25.0,24.68,8.0,1.17,18.0,0.6,0.6,0.4,21.11,23.8,26.0,23.41,9.0,2.54,18.0,0.6,0.6,0.4,11.07,14.58,17.78,14.59,7.0,3.65,18.0,0.7,0.6,0.4,71.0,82.1,88.4,79.9,7.0,9.0,18.0,0.7,0.4,3.23,4.6,10.19,5.77,9.0,3.73,18.0,0.6,0.6,0.4,-5.5,-1.96,0.0,-2.18,9.0,3.31,18.0,0.6,0.6,0.4,-7.92,0.0,3.65,-1.34,9.0,5.75,18.0,0.6,0.6,0.4,1010.71,1013.4,1019.33,1014.46,10.0,4.58,18.0,0.5,0.6,0.4,3.3,5.0,7.0,5.1,9.0,2.0,18.0,0.6,0.6,0.4,-42.1,-12.8,0.0,-17.6,9.0,22.3,18.0,0.6,0.6,0.4,-88.2,0.0,17.3,-22.1,9.0,57.8,18.0,0.6,0.6,0.4,-1.8,1.35,2.59,0.74,8.0,2.45,18.0,0.6,0.6,0.4,-5.6,2.8,27.3,8.5,8.0,19.7,18.0,0.6,0.6,0.4,0.88,3.4,6.34,3.52,6.0,3.07,20.0,0.8,0.6,0.3,3.1,14.5,71.7,30.5,6.0,36.1,20.0,0.8,0.6,0.3,-110.5,-42.0,0.0,-45.9,9.0,74.6,18.0,0.6,0.6,0.4,-167.3,0.0,85.5,-25.3,9.0,126.3,18.0,0.6,0.6,0.4,-54.6,-21.9,2.6,-20.0,7.0,42.2,18.0,0.7,0.6,0.4,-125.4,0.0,67.8,-17.5,7.0,87.3,18.0,0.7,0.6,0.4,-16.2,-2.1,1.0,-6.2,6.0,10.7,20.0,0.8,0.6,0.3,-68.1,-0.9,5.0,-20.5,6.0,41.9,20.0,0.8,0.6,0.3,34.5,97.5,1154.5,418.5,9.0,592.0,18.0,0.6,0.6,0.4,35.0,95.0,1155.0,420.0,9.0,590.0,18.0,0.6,0.6,0.4
1974,2,138.0,22.0,22.0,24.0,24.54,23.37,11.0,1.2,20.0,0.2,0.4,0.4,19.89,21.5,23.13,21.42,12.0,1.68,18.0,0.2,0.4,0.4,10.81,13.19,14.71,12.9,10.0,2.03,22.0,0.1,0.4,0.4,73.6,80.6,86.6,80.2,10.0,6.9,22.0,0.1,0.4,4.97,8.75,13.28,9.04,12.0,3.72,18.0,0.2,0.4,0.4,-11.22,-3.88,0.39,-4.51,12.0,5.53,18.0,0.2,0.4,0.4,-7.95,-3.56,4.27,-2.89,12.0,6.41,18.0,0.2,0.4,0.4,1010.41,1016.3,1020.56,1016.55,13.0,5.24,18.0,0.2,0.4,0.4,3.7,6.0,8.0,5.8,12.0,2.0,18.0,0.2,0.4,0.4,-132.6,-35.0,1.2,-54.4,12.0,69.6,18.0,0.2,0.4,0.4,-103.9,-25.9,20.3,-41.7,12.0,66.9,18.0,0.2,0.4,0.4,-0.71,2.0,4.09,1.74,11.0,2.19,20.0,0.2,0.4,0.4,-4.5,16.4,47.5,21.6,11.0,25.9,20.0,0.2,0.4,0.4,1.72,6.03,7.56,4.91,10.0,2.9,22.0,0.1,0.4,0.4,10.7,52.0,96.7,52.5,10.0,42.4,22.0,0.1,0.4,0.4,-238.2,-79.3,9.4,-95.9,12.0,118.7,18.0,0.2,0.4,0.4,-163.2,-68.4,97.3,-53.5,12.0,133.7,18.0,0.2,0.4,0.4,-143.9,-40.4,12.6,-56.3,10.0,74.0,22.0,0.1,0.4,0.4,-98.0,-37.4,69.2,-24.0,10.0,84.2,22.0,0.1,0.4,0.4,-69.8,-12.2,2.2,-27.5,10.0,38.1,22.0,0.1,0.4,0.4,-65.9,-25.0,8.3,-29.6,10.0,40.0,22.0,0.1,0.4,0.4,123.5,678.0,2360.0,1084.5,12.0,1067.5,18.0,0.2,0.4,0.4,125.0,680.0,2360.0,1085.0,12.0,1070.0,18.0,0.2,0.4,0.4
1974,2,138.0,23.0,20.67,22.95,24.1,22.42,6.0,2.15,18.0,0.5,0.6,0.5,20.29,20.8,22.74,21.77,6.0,2.89,18.0,0.5,0.6,0.5,10.06,11.42,13.36,11.85,6.0,2.65,18.0,0.5,0.6,0.5,66.3,72.9,79.8,72.5,6.0,8.3,18.0,0.5,0.5,6.03,9.3,11.8,8.24,7.0,3.39,20.0,0.6,0.6,0.5,-3.29,-1.7,1.31,-1.24,7.0,3.99,20.0,0.6,0.6,0.5,-10.29,-6.11,-1.64,-5.74,7.0,5.88,20.0,0.6,0.6,0.5,1013.95,1015.5,1020.8,1017.06,7.0,4.26,20.0,0.6,0.6,0.5,4.0,7.0,8.0,6.0,7.0,2.0,20.0,0.6,0.6,0.5,-26.2,-16.7,9.7,-7.8,7.0,41.0,20.0,0.6,0.6,0.5,-121.4,-55.6,-3.3,-59.7,7.0,62.0,20.0,0.6,0.6,0.5,-2.71,0.7,4.1,0.65,6.0,3.26,18.0,0.5,0.6,0.5,-9.6,5.7,44.7,12.4,6.0,27.7,18.0,0.5,0.6,0.5,1.92,6.22,7.06,5.11,6.0,2.84,18.0,0.5,0.6,0.5,11.1,47.5,79.9,45.3,6.0,32.7,18.0,0.5,0.6,0.5,-98.5,-39.0,-21.8,-54.0,6.0,58.0,18.0,0.5,0.6,0.5,-198.5,-125.7,-3.5,-95.5,6.0,136.1,18.0,0.5,0.6,0.5,-55.9,-23.2,-12.0,-30.0,6.0,29.1,18.0,0.5,0.6,0.5,-109.2,-58.3,-1.6,-49.6,6.0,79.2,18.0,0.5,0.6,0.5,-19.7,-10.2,0.0,-11.8,6.0,16.6,18.0,0.5,0.6,0.5,-78.7,-37.6,0.7,-37.3,6.0,37.7,18.0,0.5,0.6,0.5,228.0,804.5,1643.0,789.5,7.0,669.0,20.0,0.6,0.6,0.5,230.0,805.0,1645.0,790.0,7.0,670.0,20.0,0.6,0.6,0.5
1974,2,138.0,24.0,20.0,22.5,23.89,21.86,15.0,2.06,18.0,0.6,0.5,0.4,18.0,20.75,22.47,20.32,14.0,2.76,18.0,0.6,0.5,0.4,8.82,10.63,13.62,11.13,14.0,2.91,18.0,0.6,0.5,0.4,67.0,74.6,82.7,74.0,14.0,10.5,18.0,0.6,0.4,4.21,5.7,8.2,6.07,15.0,2.47,18.0,0.6,0.5,0.4,-6.53,-3.99,-1.48,-3.89,15.0,3.36,18.0,0.6,0.5,0.4,-4.26,-1.61,4.07,-1.09,15.0,4.11,18.0,0.6,0.5,0.4,1014.2,1016.5,1021.39,1017.43,15.0,3.86,18.0,0.6,0.5,0.4,2.0,4.0,7.0,4.6,15.0,2.5,18.0,0.6,0.5,0.4,-60.1,-24.7,-4.7,-29.5,15.0,31.5,18.0,0.6,0.5,0.4,-36.0,-4.5,25.5,-9.8,15.0,31.8,18.0,0.6,0.5,0.4,-0.98,1.45,3.5,1.35,14.0,3.06,18.0,0.6,0.5,0.4,-6.0,6.4,20.2,6.9,14.0,15.9,18.0,0.6,0.5,0.4,2.07,5.54,7.51,5.05,14.0,2.82,18.0,0.6,0.5,0.4,11.9,25.7,55.0,29.4,14.0,21.0,18.0,0.6,0.5,0.4,-119.5,-78.9,-24.0,-77.1,14.0,69.4,18.0,0.6,0.5,0.4,-68.3,-23.6,95.8,-6.4,14.0,78.8,18.0,0.6,0.5,0.4,-65.3,-40.9,-12.8,-40.1,14.0,36.0,18.0,0.6,0.5,0.4,-36.2,-12.9,54.9,0.8,14.0,46.2,18.0,0.6,0.5,0.4,-38.4,-14.2,-0.3,-17.9,14.0,23.3,18.0,0.6,0.5,0.4,-31.6,-3.6,9.5,-9.6,14.0,19.6,18.0,0.6,0.5,0.4,75.0,185.0,551.5,333.5,15.0,379.0,18.0,0.6,0.5,0.4,75.0,185.0,550.0,335.0,15.0,380.0,18.0,0.6,0.5,0.4
1974,2,138.0,25.0,19.32,20.0,22.0,20.4,6.0,1.33,10.0,0.5,0.5,0.4,17.9,18.75,20.0,18.83,6.0,1.03,10.0,0.5,0.5,0.4,7.93,8.86,10.29,9.02,6.0,1.22,10.0,0.5,0.5,0.4,57.2,67.1,77.3,67.7,6.0,12.4,10.0,0.5,0.4,7.6,8.2,8.82,8.22,6.0,0.8,10.0,0.5,0.5,0.4,-7.54,-6.32,-1.96,-4.64,6.0,4.71,10.0,0.5,0.5,0.4,-6.5,-3.24,1.47,-2.19,6.0,5.28,10.0,0.5,0.5,0.4,1015.78,1016.75,1019.89,1017.27,6.0,2.79,10.0,0.5,0.5,0.4,2.8,5.0,8.0,5.2,6.0,2.6,10.0,0.5,0.5,0.4,-59.8,-53.5,-12.8,-37.7,6.0,40.3,10.0,0.5,0.5,0.4,-49.2,-25.0,13.7,-15.7,6.0,45.9,10.0,0.5,0.5,0.4,-0.68,1.5,3.71,1.57,6.0,2.26,10.0,0.5,0.5,0.4,-5.5,11.3,29.5,12.6,6.0,18.7,10.0,0.5,0.5,0.4,5.16,5.72,6.52,5.86,6.0,1.44,10.0,0.5,0.5,0.4,39.6,46.4,55.0,47.7,6.0,10.2,10.0,0.5,0.5,0.4,-137.7,-123.5,-33.5,-85.1,6.0,89.5,10.0,0.5,0.5,0.4,-120.2,-62.9,28.0,-42.2,6.0,101.2,10.0,0.5,0.5,0.4,-67.4,-57.0,-19.8,-44.6,6.0,42.5,10.0,0.5,0.5,0.4,-57.5,-26.7,15.0,-16.0,6.0,48.8,10.0,0.5,0.5,0.4,-52.5,-29.8,-10.7,-27.4,6.0,30.5,10.0,0.5,0.5,0.4,-37.3,-21.6,5.6,-16.1,6.0,26.2,10.0,0.5,0.5,0.4,439.5,557.5,688.5,568.0,6.0,164.5,10.0,0.5,0.5,0.4,440.0,560.0,690.0,570.0,6.0,165.0,10.0,0.5,0.5,0.4
1974,2,138.0,26.0,18.0,19.0,21.57,19.47,10.0,1.61,12.0,0.4,0.5,0.5,14.0,16.25,19.51,17.01,12.0,3.29,14.0,0.3,0.5,0.6,7.4,8.84,13.14,9.7,11.0,3.17,12.0,0.4,0.5,0.5,66.7,76.4,89.8,77.1,11.0,13.3,12.0,0.4,0.5,6.29,8.45,11.6,8.82,12.0,3.95,14.0,0.3,0.5,0.6,-7.15,-0.57,5.18,-0.76,12.0,6.79,14.0,0.3,0.5,0.6,-9.17,-5.5,3.3,-3.1,12.0,6.57,14.0,0.3,0.5,0.6,1013.37,1016.5,1022.0,1016.88,12.0,4.77,14.0,0.3,0.5,0.6,4.4,7.0,8.0,6.3,10.0,1.8,14.0,0.3,0.5,0.6,-58.4,-2.5,45.7,-3.8,12.0,84.6,14.0,0.3,0.5,0.6,-107.3,-38.6,26.1,-41.2,12.0,78.6,14.0,0.3,0.5,0.6,-0.79,2.0,5.29,1.94,10.0,3.11,12.0,0.4,0.5,0.5,-4.4,14.0,54.3,22.9,10.0,30.3,12.0,0.4,0.5,0.5,1.2,4.47,6.29,4.21,10.0,2.82,12.0,0.4,0.5,0.5,9.0,31.0,68.1,38.6,10.0,30.6,12.0,0.4,0.5,0.5,-126.9,-9.8,70.7,-18.0,12.0,107.7,14.0,0.3,0.5,0.6,-127.2,-81.6,62.1,-37.6,12.0,107.2,14.0,0.3,0.5,0.6,-79.1,-6.7,33.9,-18.0,11.0,60.9,12.0,0.4,0.5,0.5,-69.3,-38.2,43.1,-13.8,11.0,65.7,12.0,0.4,0.5,0.5,-37.1,-11.4,16.3,-9.1,10.0,29.7,12.0,0.4,0.5,0.5,-54.6,-14.8,7.8,-22.2,10.0,32.7,12.0,0.4,0.5,0.5,258.0,605.0,1743.5,1080.0,12.0,1340.0,14.0,0.3,0.5,0.6,260.0,605.0,1745.0,1080.0,12.0,1340.0,14.0,0.3,0.5,0.6
1974,2,138.0,27.0,18.43,19.2,21.0,19.65,10.0,1.44,14.0,0.5,0.4,0.4,15.19,17.15,19.63,17.29,12.0,2.28,14.0,0.4,0.4,0.4,7.09,8.77,12.85,9.69,12.0,2.58,14.0,0.4,0.4,0.4,62.9,79.2,94.4,78.3,12.0,13.9,14.0,0.4,0.4,5.29,7.45,9.55,7.51,12.0,2.62,14.0,0.4,0.4,0.4,-5.85,-0.77,2.4,-1.25,12.0,3.95,14.0,0.4,0.4,0.4,-6.55,-2.05,8.33,-0.38,12.0,7.13,14.0,0.4,0.4,0.4,1010.75,1019.1,1022.23,1017.23,12.0,6.1,14.0,0.4,0.4,0.4,2.6,6.0,8.0,5.5,11.0,2.4,12.0,0.5,0.4,0.4,-35.0,-2.4,23.4,-6.9,12.0,30.2,14.0,0.4,0.4,0.4,-49.7,-10.0,73.7,4.8,12.0,70.2,14.0,0.4,0.4,0.4,-0.27,1.5,4.29,1.98,10.0,2.19,14.0,0.5,0.4,0.4,-4.0,11.1,30.1,11.8,10.0,16.1,14.0,0.5,0.4,0.4,1.34,4.83,6.71,4.4,10.0,2.74,14.0,0.5,0.4,0.4,9.1,29.8,51.6,30.5,10.0,20.9,14.0,0.5,0.4,0.4,-84.6,-12.5,44.0,-20.5,12.0,66.0,14.0,0.4,0.4,0.4,-101.7,-33.9,169.7,2.3,12.0,131.6,14.0,0.4,0.4,0.4,-46.5,-6.8,27.5,-9.2,12.0,35.8,14.0,0.4,0.4,0.4,-52.5,-18.0,106.7,7.8,12.0,78.0,14.0,0.4,0.4,0.4,-12.9,0.0,10.6,-4.3,10.0,20.5,14.0,0.5,0.4,0.4,-41.5,-11.9,15.2,-13.5,10.0,28.8,14.0,0.5,0.4,0.4,155.5,426.0,877.5,565.5,12.0,522.0,14.0,0.4,0.4,0.4,155.0,425.0,880.0,565.0,12.0,520.0,14.0,0.4,0.4,0.4
1974,2,138.0,28.0,17.93,19.0,20.0,18.8,10.0,1.65,14.0,0.3,0.3,0.2,12.79,16.0,18.62,15.9,11.0,2.69,12.0,0.3,0.3,0.3,6.84,8.41,12.32,9.3,10.0,2.47,14.0,0.3,0.3,0.2,73.2,80.4,91.0,81.2,10.0,8.4,14.0,0.3,0.2,5.83,7.7,10.99,8.14,11.0,3.8,12.0,0.3,0.3,0.3,-6.88,-2.96,3.56,-1.68,11.0,6.65,12.0,0.3,0.3,0.3,-9.68,0.0,2.8,-1.4,11.0,6.15,12.0,0.3,0.3,0.3,1008.29,1013.2,1018.24,1013.63,11.0,6.0,12.0,0.3,0.3,0.3,4.4,6.5,8.0,6.3,10.0,1.6,12.0,0.3,0.3,0.3,-49.2,-13.6,47.7,3.8,11.0,79.9,12.0,0.3,0.3,0.3,-107.6,0.0,15.7,-25.7,11.0,71.7,12.0,0.3,0.3,0.3,0.71,2.3,5.29,2.91,10.0,2.23,14.0,0.3,0.3,0.2,5.2,15.4,67.4,30.1,10.0,33.2,14.0,0.3,0.3,0.2,1.85,4.8,6.44,4.23,10.0,2.1,14.0,0.3,0.3,0.2,12.2,32.3,80.1,39.8,10.0,33.0,14.0,0.3,0.3,0.2,-112.2,-40.9,44.5,-36.0,11.0,95.7,12.0,0.3,0.3,0.3,-126.5,0.0,41.1,-12.4,11.0,90.3,12.0,0.3,0.3,0.3,-62.2,-25.4,35.0,-16.7,10.0,53.9,14.0,0.3,0.3,0.2,-64.9,7.5,24.8,-5.4,10.0,55.4,14.0,0.3,0.3,0.2,-30.6,-5.4,34.4,0.7,10.0,37.0,14.0,0.3,0.3,0.2,-62.1,3.6,11.1,-15.0,10.0,35.2,14.0,0.3,0.3,0.2,216.5,456.5,1466.0,891.0,11.0,1223.5,12.0,0.3,0.3,0.3,215.0,455.0,1465.0,890.0,11.0,1225.0,12.0,0.3,0.3,0.3
1974,2,138.0,29.0,16.13,20.0,20.0,18.4,5.0,2.22,18.0,0.4,0.5,0.4,13.79,17.95,19.59,17.1,6.0,3.01,18.0,0.5,0.6,0.5,6.55,11.0,13.25,10.24,6.0,3.38,18.0,0.5,0.6,0.5,70.5,85.4,90.5,81.5,6.0,13.8,18.0,0.5,0.5,2.1,8.45,10.65,7.47,6.0,4.62,18.0,0.5,0.6,0.5,-2.65,-0.18,4.21,0.59,6.0,5.08,18.0,0.5,0.6,0.5,-9.86,2.08,5.87,-0.45,6.0,7.86,18.0,0.5,0.6,0.5,1002.32,1014.6,1020.81,1012.68,6.0,9.18,18.0,0.5,0.6,0.5,4.6,6.0,8.0,6.0,6.0,1.9,18.0,0.5,0.6,0.5,-23.9,-0.4,46.2,13.5,6.0,59.9,18.0,0.5,0.6,0.5,-105.6,4.4,49.0,-19.9,6.0,84.2,18.0,0.5,0.6,0.5,-0.74,0.6,1.98,0.68,5.0,1.86,18.0,0.4,0.5,0.4,-6.1,1.3,14.0,4.6,5.0,17.6,18.0,0.4,0.5,0.4,0.97,1.48,3.36,2.14,5.0,1.61,18.0,0.4,0.5,0.4,4.1,8.3,25.3,15.0,5.0,18.3,18.0,0.4,0.5,0.4,-39.6,-3.5,73.8,8.3,6.0,78.5,18.0,0.5,0.6,0.5,-130.3,39.9,105.4,10.1,6.0,123.4,18.0,0.5,0.6,0.5,-21.9,-2.5,41.6,2.0,6.0,40.3,18.0,0.5,0.6,0.5,-62.1,27.0,63.3,14.4,6.0,66.9,18.0,0.5,0.6,0.5,-7.0,-0.3,1.6,-2.1,5.0,5.1,18.0,0.4,0.5,0.4,-15.7,5.3,7.8,-4.3,5.0,23.7,18.0,0.4,0.5,0.4,9.5,605.0,1301.5,809.0,6.0,990.5,18.0,0.5,0.6,0.5,10.0,605.0,1300.0,810.0,6.0,990.0,18.0,0.5,0.6,0.5
1974,2,138.0,30.0,17.5,18.0,19.0,18.06,14.0,0.9,8.0,0.6,0.3,0.3,11.91,13.8,17.69,14.45,19.0,3.08,10.0,0.6,0.3,0.3,5.14,6.41,10.12,7.2,16.0,2.53,10.0,0.7,0.3,0.3,57.3,66.4,84.9,67.6,16.0,13.3,10.0,0.7,0.3,5.1,9.8,12.63,9.61,17.0,5.25,10.0,0.7,0.3,0.3,-0.54,3.91,8.88,4.54,17.0,5.05,10.0,0.7,0.3,0.3,-10.07,-7.89,-1.77,-6.85,17.0,5.34,10.0,0.7,0.3,0.3,1011.16,1019.2,1022.05,1017.41,17.0,5.63,10.0,0.7,0.3,0.3,4.9,6.0,7.0,5.6,19.0,1.3,10.0,0.6,0.3,0.3,-3.6,19.9,116.5,62.9,17.0,95.8,10.0,0.7,0.3,0.3,-122.3,-66.2,-9.0,-87.2,17.0,106.9,10.0,0.7,0.3,0.3,0.14,3.65,4.3,2.9,14.0,3.36,8.0,0.6,0.3,0.3,-1.7,25.2,56.7,29.7,12.0,51.5,10.0,0.8,0.2,0.3,2.47,5.71,7.19,4.96,12.0,2.61,10.0,0.8,0.2,0.3,32.9,58.1,78.2,55.2,12.0,31.1,10.0,0.8,0.2,0.3,-7.9,50.8,96.8,67.8,17.0,89.3,10.0,0.7,0.3,0.3,-133.1,-108.4,-21.6,-97.7,17.0,96.9,10.0,0.7,0.3,0.3,-3.8,27.8,56.9,35.7,16.0,45.2,10.0,0.7,0.3,0.3,-78.2,-48.8,-16.9,-48.7,16.0,50.5,10.0,0.7,0.3,0.3,-7.6,16.5,50.3,22.2,12.0,29.5,10.0,0.8,0.2,0.3,-64.4,-53.2,-7.8,-44.4,12.0,27.0,10.0,0.8,0.2,0.3,132.5,941.0,2017.0,1759.5,17.0,3317.5,10.0,0.7,0.3,0.3,135.0,940.0,2015.0,1760.0,17.0,3315.0,10.0,0.7,0.3,0.3
1974,2,138.0,31.0,17.09,18.5,20.0,18.27,13.0,1.37,12.0,0.4,0.5,0.5,9.69,12.7,15.07,12.47,16.0,2.67,12.0,0.5,0.5,0.5,5.05,5.77,6.47,5.92,12.0,0.85,12.0,0.4,0.5,0.5,59.8,65.5,83.1,69.1,12.0,11.5,12.0,0.4,0.5,5.59,10.8,13.71,10.61,16.0,5.08,12.0,0.5,0.5,0.5,1.27,5.8,11.94,5.24,16.0,6.49,12.0,0.5,0.5,0.5,-10.09,-6.02,0.0,-5.14,16.0,6.8,12.0,0.5,0.5,0.5,1010.63,1016.8,1021.53,1015.59,16.0,6.31,12.0,0.5,0.5,0.5,2.8,5.5,7.0,4.9,16.0,2.5,12.0,0.5,0.5,0.5,4.8,64.4,188.0,71.7,16.0,98.9,12.0,0.5,0.5,0.5,-137.8,-44.6,0.0,-69.3,16.0,126.4,12.0,0.5,0.5,0.5,3.08,6.5,9.0,6.1,13.0,2.91,12.0,0.4,0.5,0.5,20.9,64.3,122.0,70.1,13.0,58.0,12.0,0.4,0.5,0.5,6.14,6.81,8.4,7.02,11.0,1.66,12.0,0.4,0.5,0.5,33.8,56.5,110.7,70.4,11.0,44.5,12.0,0.4,0.5,0.5,14.7,68.5,141.0,59.7,16.0,86.5,12.0,0.5,0.5,0.5,-97.7,-70.9,0.0,-51.4,16.0,78.5,12.0,0.5,0.5,0.5,8.0,26.5,56.8,26.3,12.0,30.1,12.0,0.4,0.5,0.5,-61.2,-38.2,-13.3,-39.4,12.0,32.7,12.0,0.4,0.5,0.5,6.6,29.1,67.2,34.2,11.0,39.7,12.0,0.4,0.5,0.5,-91.9,-45.9,-4.4,-48.2,11.0,44.8,12.0,0.4,0.5,0.5,202.5,1268.0,2579.5,2035.5,16.0,2976.5,12.0,0.5,0.5,0.5,200.0,1270.0,2580.0,2035.0,16.0,2975.0,12.0,0.5,0.5,0.5
1974,2,138.0,32.0,17.01,17.75,18.44,17.71,8.0,1.28,10.0,0.4,0.3,0.7,10.81,14.0,16.6,13.57,13.0,3.01,14.0,0.5,0.3,0.6,5.13,6.9,10.22,7.38,10.0,2.33,12.0,0.4,0.2,0.5,64.4,78.4,88.1,76.3,10.0,12.6,12.0,0.4,0.5,8.64,12.05,18.25,12.34,12.0,4.77,12.0,0.4,0.3,0.6,-12.91,0.98,2.32,-2.38,12.0,7.47,12.0,0.4,0.3,0.6,-11.38,-6.71,13.1,-1.49,12.0,11.16,12.0,0.4,0.3,0.6,1006.82,1010.5,1023.21,1012.82,12.0,8.43,12.0,0.4,0.3,0.6,5.7,8.0,8.0,7.1,12.0,1.6,14.0,0.4,0.3,0.6,-244.4,7.7,28.1,-53.1,12.0,131.4,12.0,0.4,0.3,0.6,-152.3,-54.2,172.5,-9.9,12.0,164.0,12.0,0.4,0.3,0.6,2.06,4.5,6.79,4.35,8.0,3.05,10.0,0.4,0.3,0.7,30.4,63.9,94.7,58.5,8.0,36.5,10.0,0.4,0.3,0.7,3.93,5.72,6.58,5.45,7.0,1.8,10.0,0.4,0.2,0.7,52.3,70.1,104.2,76.4,7.0,29.0,10.0,0.4,0.2,0.7,-196.1,7.8,36.5,-36.1,12.0,101.6,12.0,0.4,0.3,0.6,-134.1,-67.5,219.7,5.3,12.0,163.6,12.0,0.4,0.3,0.6,-97.2,4.9,19.3,-25.9,10.0,58.8,12.0,0.4,0.2,0.5,-74.5,-29.3,124.2,2.5,10.0,94.0,12.0,0.4,0.2,0.5,-89.6,8.2,14.0,-20.0,7.0,55.5,10.0,0.4,0.2,0.7,-69.6,-57.3,40.5,-33.1,7.0,53.1,10.0,0.4,0.2,0.7,676.5,1752.0,6093.0,2655.5,12.0,2574.0,12.0,0.4,0.3,0.6,675.0,1750.0,6095.0,2655.0,12.0,2575.0,12.0,0.4,0.3,0.6
1974,2,138.0,33.0,17.09,18.15,19.74,17.78,10.0,2.65,16.0,0.4,0.3,0.6,9.79,10.6,14.35,11.78,11.0,2.38,14.0,0.5,0.3,0.6,4.74,5.82,8.71,6.45,8.0,1.9,12.0,0.4,0.4,0.5,57.6,68.7,80.8,70.4,8.0,13.3,12.0,0.4,0.5,8.45,14.15,15.53,12.48,12.0,3.55,14.0,0.4,0.3,0.6,-5.77,6.66,10.94,3.58,12.0,8.38,14.0,0.4,0.3,0.6,-10.88,-7.3,0.38,-4.78,12.0,8.57,14.0,0.4,0.3,0.6,1005.55,1015.7,1021.21,1013.83,12.0,7.46,14.0,0.4,0.3,0.6,3.0,7.0,8.0,6.1,11.0,2.8,14.0,0.5,0.3,0.5,-62.2,58.8,156.6,49.6,12.0,119.8,14.0,0.4,0.3,0.6,-169.4,-66.5,7.8,-65.6,12.0,126.7,14.0,0.4,0.3,0.6,2.04,7.5,8.67,5.76,10.0,4.02,16.0,0.4,0.3,0.6,29.7,70.0,130.2,72.1,10.0,59.5,16.0,0.4,0.3,0.6,3.86,6.75,8.53,6.28,8.0,2.45,12.0,0.4,0.4,0.5,53.6,60.2,123.7,83.0,8.0,40.0,12.0,0.4,0.4,0.5,-75.2,84.3,127.9,43.6,11.0,102.0,14.0,0.5,0.3,0.6,-139.0,-81.6,-40.6,-64.2,11.0,110.6,14.0,0.5,0.3,0.6,-43.5,51.9,80.0,28.2,8.0,57.4,12.0,0.4,0.4,0.5,-66.3,-37.4,-30.6,-25.2,8.0,66.8,12.0,0.4,0.4,0.5,-17.7,33.9,87.2,22.2,8.0,75.0,12.0,0.4,0.4,0.5,-71.1,-41.2,-27.8,-37.4,8.0,41.2,12.0,0.4,0.4,0.5,607.0,2836.0,3745.5,2365.0,12.0,1584.5,14.0,0.4,0.3,0.6,605.0,2835.0,3745.0,2365.0,12.0,1585.0,14.0,0.4,0.3,0.6
1974,2,138.0,34.0,12.82,15.0,17.72,15.15,11.0,2.45,14.0,0.5,0.4,0.3,7.06,9.75,14.87,10.7,14.0,3.57,16.0,0.5,0.5,0.3,3.95,4.65,6.71,5.21,8.0,1.69,16.0,0.5,0.5,0.4,55.2,71.7,80.7,70.0,8.0,12.5,16.0,0.5,0.4,5.1,8.7,12.14,8.85,13.0,4.12,16.0,0.5,0.5,0.4,-6.43,4.79,10.65,3.77,13.0,7.93,16.0,0.5,0.5,0.4,-4.9,-0.99,3.07,-0.68,13.0,4.81,16.0,0.5,0.5,0.4,1009.53,1013.3,1023.11,1015.42,13.0,6.29,16.0,0.5,0.5,0.4,1.5,3.5,7.0,3.8,12.0,2.7,14.0,0.6,0.5,0.4,-44.2,32.0,131.7,50.7,13.0,103.0,16.0,0.5,0.5,0.4,-36.4,-5.6,14.3,-11.8,13.0,55.8,16.0,0.5,0.5,0.4,2.35,5.6,7.84,4.8,11.0,4.12,14.0,0.5,0.4,0.3,23.1,38.4,72.3,44.6,10.0,50.8,14.0,0.5,0.5,0.4,4.23,5.15,7.5,5.48,7.0,1.86,14.0,0.6,0.5,0.4,33.3,44.0,48.6,50.6,7.0,29.2,14.0,0.6,0.5,0.4,-53.4,62.3,108.1,38.0,13.0,86.5,16.0,0.5,0.5,0.4,-39.8,-9.4,31.8,0.6,13.0,63.1,16.0,0.5,0.5,0.4,-20.5,14.6,69.5,24.9,8.0,47.7,16.0,0.5,0.5,0.4,-18.3,-6.2,12.4,-2.7,8.0,35.3,16.0,0.5,0.5,0.4,-28.5,28.5,46.8,24.3,7.0,51.5,14.0,0.6,0.5,0.4,-23.1,-10.2,1.6,-7.5,7.0,21.0,14.0,0.6,0.5,0.4,132.5,658.5,1835.0,1144.5,13.0,1487.5,16.0,0.5,0.5,0.4,135.0,660.0,1835.0,1145.0,13.0,1490.0,16.0,0.5,0.5,0.4
1974,2,138.0,35.0,10.0,11.1,12.15,10.96,11.0,1.09,16.0,0.4,0.7,0.1,6.57,8.3,10.21,8.38,11.0,1.78,16.0,0.4,0.7,0.1,3.57,4.47,5.99,4.62,11.0,1.05,16.0,0.4,0.7,0.1,55.6,65.3,89.6,68.6,11.0,17.3,16.0,0.4,0.1,2.1,3.1,6.61,4.21,11.0,2.27,16.0,0.4,0.7,0.1,-2.64,-1.08,4.09,0.31,11.0,3.36,16.0,0.4,0.7,0.1,-1.66,-1.06,4.07,0.2,11.0,3.64,16.0,0.4,0.7,0.1,1013.63,1018.4,1023.74,1018.62,11.0,4.9,16.0,0.4,0.7,0.1,5.6,7.0,8.0,6.7,11.0,1.8,16.0,0.4,0.7,0.1,-7.6,-2.8,25.1,4.8,11.0,19.2,16.0,0.4,0.7,0.1,-5.7,-2.3,26.2,4.6,11.0,24.8,16.0,0.4,0.7,0.1,1.16,2.2,4.32,2.58,11.0,1.82,16.0,0.4,0.7,0.1,3.4,8.7,14.1,9.9,11.0,9.9,16.0,0.4,0.7,0.1,2.2,3.1,4.6,3.47,11.0,1.05,16.0,0.4,0.7,0.1,6.7,12.6,23.5,14.7,11.0,8.8,16.0,0.4,0.7,0.1,-22.7,-6.6,38.6,2.8,11.0,30.1,16.0,0.4,0.7,0.1,-11.6,-8.4,36.5,5.0,11.0,30.7,16.0,0.4,0.7,0.1,-13.3,-3.9,19.3,1.9,11.0,15.9,16.0,0.4,0.7,0.1,-7.3,-5.5,18.9,1.0,11.0,15.6,16.0,0.4,0.7,0.1,-10.1,-5.1,12.7,-0.5,11.0,11.4,16.0,0.4,0.7,0.1,-5.9,-2.3,14.2,0.0,11.0,13.5,16.0,0.4,0.7,0.1,9.5,30.0,294.0,139.0,11.0,180.5,16.0,0.4,0.7,0.1,10.0,30.0,295.0,140.0,11.0,180.0,16.0,0.4,0.7,0.1
1974,2,138.0,37.0,,,,,,,,,,,,,,,,,,,,,,,,,,,,,,,,,,,,,,,,7.2,9.9,15.9,11.11,10.0,4.81,14.0,0.7,0.3,0.7,-3.45,4.69,12.7,4.6,10.0,8.15,14.0,0.7,0.3,0.7,-9.33,-2.38,4.76,-2.09,10.0,8.1,14.0,0.7,0.3,0.7,1012.78,1018.85,1027.84,1019.64,10.0,6.91,14.0,0.7,0.3,0.7,,,,,,,,,,,,,,,,,,,,,,,,,,,,,,,,,,,,,,,,,,,,,,,,,,,,,,,,,,,,,,,,,,,,,,,,,,,,,,,,,,,,,,,,,,,,,,,,,,,,,,,,,,,,,,,,,,,,,,,,,,,,,,,,,,,,,,,,,,,,,,,,,,,,,,
1974,2,138.0,38.0,,,,,,,,,,,,,,,,,,,,,,,,,,,,,,,,,,,,,,,,5.1,8.2,13.42,9.26,16.0,4.64,14.0,0.6,0.5,0.4,0.0,2.7,9.26,3.65,16.0,5.42,14.0,0.6,0.5,0.4,-9.36,-6.69,-0.57,-5.72,16.0,5.88,14.0,0.6,0.5,0.4,1013.28,1018.0,1026.82,1019.37,16.0,8.12,14.0,0.6,0.5,0.4,,,,,,,,,,,,,,,,,,,,,,,,,,,,,,,,,,,,,,,,,,,,,,,,,,,,,,,,,,,,,,,,,,,,,,,,,,,,,,,,,,,,,,,,,,,,,,,,,,,,,,,,,,,,,,,,,,,,,,,,,,,,,,,,,,,,,,,,,,,,,,,,,,,,,,
1974,2,138.0,39.0,,,,,,,,,,,,,,,,,,,,,,,,,,,,,,,,,,,,,,,,6.65,9.8,11.8,10.16,17.0,4.67,18.0,0.4,0.5,0.4,0.0,6.43,9.2,5.33,17.0,6.89,18.0,0.4,0.5,0.4,-7.58,-5.52,-1.67,-3.96,17.0,6.11,18.0,0.4,0.5,0.4,1011.74,1017.85,1023.13,1017.56,18.0,7.54,18.0,0.4,0.4,0.4,,,,,,,,,,,,,,,,,,,,,,,,,,,,,,,,,,,,,,,,,,,,,,,,,,,,,,,,,,,,,,,,,,,,,,,,,,,,,,,,,,,,,,,,,,,,,,,,,,,,,,,,,,,,,,,,,,,,,,,,,,,,,,,,,,,,,,,,,,,,,,,,,,,,,,
1974,2,138.0,40.0,3.22,6.2,9.0,6.01,17.0,2.84,16.0,0.4,0.3,0.4,-2.71,1.0,3.06,0.35,18.0,2.79,18.0,0.4,0.3,0.4,2.09,2.39,2.68,2.39,2.0,0.61,14.0,0.0,0.6,0.2,63.5,70.7,77.9,70.7,2.0,14.9,14.0,0.0,0.2,5.73,9.9,13.84,10.11,18.0,4.6,18.0,0.4,0.3,0.4,3.06,7.75,9.62,6.94,18.0,4.34,18.0,0.4,0.3,0.4,-10.73,-5.27,0.27,-4.6,18.0,6.09,18.0,0.4,0.3,0.4,1010.27,1016.05,1022.45,1015.89,18.0,6.12,18.0,0.4,0.3,0.4,2.4,7.0,8.0,5.6,16.0,3.0,18.0,0.5,0.4,0.4,12.9,70.4,130.2,81.4,18.0,76.2,18.0,0.4,0.3,0.4,-138.5,-37.7,1.4,-59.9,18.0,92.4,18.0,0.4,0.3,0.4,2.99,4.5,9.19,5.45,17.0,3.49,16.0,0.4,0.3,0.4,11.9,45.0,109.6,56.5,17.0,55.6,16.0,0.4,0.3,0.4,3.6,4.22,4.84,4.22,2.0,1.29,14.0,0.0,0.6,0.2,37.5,59.7,82.0,59.7,2.0,46.1,14.0,0.0,0.6,0.2,-23.2,2.1,20.4,-0.9,18.0,22.7,18.0,0.4,0.3,0.4,-15.0,0.7,24.7,5.1,18.0,20.8,18.0,0.4,0.3,0.4,24.7,28.1,31.5,28.1,2.0,7.0,14.0,0.0,0.6,0.2,-10.1,-6.0,-1.9,-6.0,2.0,8.5,14.0,0.0,0.6,0.2,36.6,57.0,77.3,57.0,2.0,42.2,14.0,0.0,0.6,0.2,-26.6,-15.8,-5.0,-15.8,2.0,22.3,14.0,0.0,0.6,0.2,191.0,970.5,2735.5,1639.5,18.0,1826.0,18.0,0.4,0.3,0.4,190.0,970.0,2735.0,1640.0,18.0,1825.0,18.0,0.4,0.3,0.4
1974,2,138.0,41.0,2.0,5.0,9.0,5.22,107.0,3.02,14.0,0.5,0.4,0.6,-3.88,0.0,3.38,-0.11,112.0,3.58,14.0,0.5,0.4,0.6,2.41,3.49,3.68,3.06,3.0,1.0,12.0,0.0,0.3,0.4,64.0,75.2,80.8,72.4,3.0,12.6,12.0,0.0,0.4,5.1,8.45,12.02,8.81,108.0,3.61,14.0,0.5,0.4,0.6,0.0,6.31,9.65,5.21,108.0,5.6,14.0,0.5,0.4,0.6,-7.5,-2.4,2.08,-2.7,108.0,5.02,14.0,0.5,0.4,0.6,1010.73,1017.5,1023.49,1017.32,109.0,6.59,14.0,0.5,0.4,0.6,4.7,7.0,8.0,6.1,100.0,2.2,14.0,0.6,0.4,0.6,0.0,48.9,98.9,55.1,108.0,73.0,14.0,0.5,0.4,0.6,-77.9,-14.8,10.9,-33.0,108.0,62.0,14.0,0.5,0.4,0.6,0.93,5.5,10.0,5.23,106.0,4.63,14.0,0.5,0.4,0.6,11.4,42.4,95.9,52.3,102.0,52.4,14.0,0.5,0.4,0.6,1.19,1.8,4.1,2.63,3.0,2.25,12.0,0.0,0.3,0.4,12.4,19.8,69.9,40.6,3.0,45.8,12.0,0.0,0.3,0.4,-32.3,-2.6,15.3,-6.8,107.0,24.6,14.0,0.5,0.4,0.6,-8.1,0.0,18.3,3.9,107.0,18.2,14.0,0.5,0.4,0.6,-17.2,28.3,31.0,7.4,3.0,39.7,12.0,0.0,0.3,0.4,-8.0,0.0,16.2,4.0,3.0,18.1,12.0,0.0,0.3,0.4,-11.3,6.8,61.9,24.9,3.0,55.9,12.0,0.0,0.3,0.4,-21.8,0.0,3.9,-8.7,3.0,20.3,12.0,0.0,0.3,0.4,132.5,605.0,1736.0,1044.5,108.0,1232.5,14.0,0.5,0.4,0.6,135.0,605.0,1735.0,1045.0,108.0,1230.0,14.0,0.5,0.4,0.6
1974,2,138.0,42.0,,,,,,,,,,,,,,,,,,,,,,,,,,,,,,,,,,,,,,,,6.2,8.2,11.3,8.46,18.0,2.6,14.0,0.6,0.5,0.4,0.0,6.5,9.62,5.17,18.0,5.72,14.0,0.6,0.5,0.4,-6.34,-2.36,1.2,-1.95,18.0,4.16,14.0,0.6,0.5,0.4,1007.32,1016.0,1025.33,1016.01,18.0,8.72,14.0,0.6,0.5,0.4,,,,,,,,,,,,,,,,,,,,,,,,,,,,,,,,,,,,,,,,,,,,,,,,,,,,,,,,,,,,,,,,,,,,,,,,,,,,,,,,,,,,,,,,,,,,,,,,,,,,,,,,,,,,,,,,,,,,,,,,,,,,,,,,,,,,,,,,,,,,,,,,,,,,,,
1974,2,138.0,43.0,,,,,,,,,,,,,,,,,,,,,,,,,,,,,,,,,,,,,,,,3.73,6.2,12.57,7.82,5.0,4.78,14.0,0.8,0.3,0.2,0.67,2.41,4.3,2.45,5.0,1.98,14.0,0.8,0.3,0.2,-12.49,-3.99,-1.59,-6.34,5.0,6.14,14.0,0.8,0.3,0.2,1005.49,1011.9,1021.29,1012.88,5.0,8.91,14.0,0.8,0.3,0.2,,,,,,,,,,,,,,,,,,,,,,,,,,,,,,,,,,,,,,,,,,,,,,,,,,,,,,,,,,,,,,,,,,,,,,,,,,,,,,,,,,,,,,,,,,,,,,,,,,,,,,,,,,,,,,,,,,,,,,,,,,,,,,,,,,,,,,,,,,,,,,,,,,,,,,
1974,2,138.0,44.0,,,,,,,,,,,,,,,,,,,,,,,,,,,,,,,,,,,,,,,,6.63,8.7,14.41,9.88,17.0,4.19,14.0,0.4,0.4,0.5,-0.58,5.37,13.02,5.45,17.0,7.36,14.0,0.4,0.4,0.5,-7.7,-4.9,-2.4,-4.46,17.0,3.78,14.0,0.4,0.4,0.5,1009.22,1012.3,1023.2,1015.18,17.0,6.42,14.0,0.4,0.4,0.5,,,,,,,,,,,,,,,,,,,,,,,,,,,,,,,,,,,,,,,,,,,,,,,,,,,,,,,,,,,,,,,,,,,,,,,,,,,,,,,,,,,,,,,,,,,,,,,,,,,,,,,,,,,,,,,,,,,,,,,,,,,,,,,,,,,,,,,,,,,,,,,,,,,,,,
1974,2,138.0,45.0,,,,,,,,,,,,,,,,,,,,,,,,,,,,,,,,,,,,,,,,4.5,8.7,12.9,8.79,29.0,4.01,14.0,0.5,0.4,0.5,-3.14,1.88,8.49,2.46,29.0,5.87,14.0,0.5,0.4,0.5,-10.3,-5.47,0.49,-5.09,29.0,5.34,14.0,0.5,0.4,0.5,1006.94,1013.25,1022.94,1014.42,30.0,7.39,14.0,0.5,0.4,0.5,,,,,,,,,,,,,,,,,,,,,,,,,,,,,,,,,,,,,,,,,,,,,,,,,,,,,,,,,,,,,,,,,,,,,,,,,,,,,,,,,,,,,,,,,,,,,,,,,,,,,,,,,,,,,,,,,,,,,,,,,,,,,,,,,,,,,,,,,,,,,,,,,,,,,,
1974,2,138.0,46.0,,,,,,,,,,,,,,,,,,,,,,,,,,,,,,,,,,,,,,,,4.1,8.45,11.0,8.63,38.0,3.94,14.0,0.6,0.4,0.4,-3.02,3.41,7.52,3.11,38.0,4.79,14.0,0.6,0.4,0.4,-9.06,-5.95,-1.46,-5.83,38.0,4.91,14.0,0.6,0.4,0.4,1007.31,1014.2,1025.1,1015.54,37.0,7.75,14.0,0.6,0.4,0.4,,,,,,,,,,,,,,,,,,,,,,,,,,,,,,,,,,,,,,,,,,,,,,,,,,,,,,,,,,,,,,,,,,,,,,,,,,,,,,,,,,,,,,,,,,,,,,,,,,,,,,,,,,,,,,,,,,,,,,,,,,,,,,,,,,,,,,,,,,,,,,,,,,,,,,
1974,2,138.0,47.0,,,,,,,,,,,,,,,,,,,,,,,,,,,,,,,,,,,,,,,,3.25,6.5,12.03,6.97,6.0,4.82,14.0,0.3,0.5,0.1,-0.72,2.05,5.68,2.86,6.0,5.44,14.0,0.3,0.5,0.1,-7.21,-3.52,0.46,-3.75,6.0,5.03,14.0,0.3,0.5,0.1,1006.6,1022.1,1025.1,1017.6,6.0,9.46,14.0,0.3,0.5,0.1,,,,,,,,,,,,,,,,,,,,,,,,,,,,,,,,,,,,,,,,,,,,,,,,,,,,,,,,,,,,,,,,,,,,,,,,,,,,,,,,,,,,,,,,,,,,,,,,,,,,,,,,,,,,,,,,,,,,,,,,,,,,,,,,,,,,,,,,,,,,,,,,,,,,,,
1974,2,139.0,-42.0,15.86,16.0,16.14,16.0,2.0,0.28,16.0,0.0,0.4,0.3,14.52,14.55,14.58,14.55,2.0,0.07,16.0,0.0,0.4,0.3,7.13,7.13,7.13,7.13,1.0,0.0,22.0,0.0,0.3,0.5,69.5,69.5,69.5,69.5,1.0,0.0,22.0,0.0,0.5,4.08,6.2,8.32,6.2,2.0,4.38,16.0,0.0,0.4,0.3,3.89,5.58,7.27,5.58,2.0,3.5,16.0,0.0,0.4,0.3,0.74,2.33,3.91,2.33,2.0,3.29,16.0,0.0,0.4,0.3,1010.18,1011.65,1013.12,1011.65,2.0,3.04,16.0,0.0,0.4,0.3,1.1,3.5,5.9,3.5,2.0,4.9,16.0,0.0,0.4,0.3,20.0,42.3,64.5,42.3,2.0,46.2,16.0,0.0,0.4,0.3,6.9,21.6,36.4,21.6,2.0,30.6,16.0,0.0,0.4,0.3,1.28,1.45,1.62,1.45,2.0,0.35,16.0,0.0,0.4,0.3,5.6,9.8,13.9,9.8,2.0,8.5,16.0,0.0,0.4,0.3,4.34,4.34,4.34,4.34,1.0,0.0,22.0,0.0,0.3,0.5,40.3,40.3,40.3,40.3,1.0,0.0,22.0,0.0,0.3,0.5,56.6,81.0,105.4,81.0,2.0,50.6,16.0,0.0,0.4,0.3,10.7,33.7,56.7,33.7,2.0,47.7,16.0,0.0,0.4,0.3,57.4,57.4,57.4,57.4,1.0,0.0,22.0,0.0,0.3,0.5,33.2,33.2,33.2,33.2,1.0,0.0,22.0,0.0,0.3,0.5,34.9,34.9,34.9,34.9,1.0,0.0,22.0,0.0,0.3,0.5,20.2,20.2,20.2,20.2,1.0,0.0,22.0,0.0,0.3,0.5,152.5,417.0,681.5,417.0,2.0,547.5,16.0,0.0,0.4,0.3,155.0,415.0,680.0,415.0,2.0,550.0,16.0,0.0,0.4,0.3
1974,2,139.0,-39.0,17.2,18.0,18.38,17.86,5.0,0.65,16.0,0.8,0.5,0.5,17.25,17.5,19.29,18.24,5.0,1.61,14.0,0.8,0.4,0.6,8.79,9.86,11.22,10.0,5.0,1.32,14.0,0.8,0.4,0.6,72.3,75.5,81.5,76.8,5.0,5.2,14.0,0.8,0.6,4.19,6.95,8.82,6.52,6.0,2.57,16.0,0.8,0.4,0.6,-3.24,-0.67,0.47,-1.51,6.0,3.53,16.0,0.8,0.4,0.6,-0.47,4.32,6.49,2.56,6.0,5.87,16.0,0.8,0.4,0.6,1013.09,1017.95,1020.05,1016.82,6.0,4.18,16.0,0.8,0.4,0.6,0.8,1.5,4.6,2.5,6.0,2.6,16.0,0.8,0.4,0.6,-23.6,-2.6,2.2,-13.3,6.0,31.0,16.0,0.8,0.4,0.6,-12.2,28.4,46.4,14.5,6.0,48.1,16.0,0.8,0.4,0.6,-1.11,0.4,0.65,-0.2,4.0,1.42,14.0,0.8,0.5,0.5,-9.9,1.5,3.3,-3.1,4.0,11.4,14.0,0.8,0.5,0.5,2.38,3.29,3.72,3.06,4.0,0.93,14.0,0.8,0.5,0.5,11.4,18.6,26.1,18.8,4.0,9.4,14.0,0.8,0.5,0.5,-76.0,-23.3,0.0,-41.1,5.0,61.3,14.0,0.8,0.4,0.6,-48.2,85.1,115.1,33.8,5.0,126.8,14.0,0.8,0.4,0.6,-44.7,-11.9,0.0,-23.9,5.0,36.9,14.0,0.8,0.4,0.6,-26.7,50.9,58.4,17.3,5.0,69.1,14.0,0.8,0.4,0.6,-5.7,-2.6,0.0,-2.8,4.0,3.3,14.0,0.8,0.5,0.5,-5.6,13.5,25.9,10.3,4.0,19.9,14.0,0.8,0.5,0.5,81.0,347.5,688.5,379.0,6.0,314.5,16.0,0.8,0.4,0.6,80.0,345.0,690.0,380.0,6.0,315.0,16.0,0.8,0.4,0.6
1974,2,139.0,-38.0,17.13,17.4,17.67,17.4,2.0,0.57,16.0,0.5,0.4,0.8,16.21,16.65,17.09,16.65,2.0,0.92,16.0,0.5,0.4,0.8,8.57,9.08,9.59,9.08,2.0,1.05,16.0,0.5,0.4,0.8,75.2,77.5,79.9,77.5,2.0,4.8,16.0,0.5,0.8,4.85,5.4,5.95,5.4,2.0,1.13,16.0,0.5,0.4,0.8,-1.42,0.09,1.6,0.09,2.0,3.13,16.0,0.5,0.4,0.8,4.28,4.9,5.53,4.9,2.0,1.3,16.0,0.5,0.4,0.8,1015.9,1018.25,1020.61,1018.25,2.0,4.88,16.0,0.5,0.4,0.8,8.0,8.0,8.0,8.0,2.0,0.0,16.0,0.5,0.4,0.8,-9.4,-1.3,6.8,-1.3,2.0,16.8,16.0,0.5,0.4,0.8,21.1,27.2,33.3,27.2,2.0,12.6,16.0,0.5,0.4,0.8,0.58,0.75,0.92,0.75,2.0,0.35,16.0,0.5,0.4,0.8,3.3,3.9,4.4,3.9,2.0,1.1,16.0,0.5,0.4,0.8,2.88,3.2,3.52,3.2,2.0,0.67,16.0,0.5,0.4,0.8,16.9,16.9,16.9,16.9,2.0,0.0,16.0,0.5,0.4,0.8,-25.0,0.1,25.1,0.1,2.0,52.0,16.0,0.5,0.4,0.8,69.6,82.3,94.9,82.3,2.0,26.2,16.0,0.5,0.4,0.8,-14.5,-0.8,12.8,-0.8,2.0,28.3,16.0,0.5,0.4,0.8,37.0,45.2,53.4,45.2,2.0,17.0,16.0,0.5,0.4,0.8,-3.5,1.3,6.2,1.3,2.0,10.1,16.0,0.5,0.4,0.8,14.8,15.3,15.7,15.3,2.0,0.9,16.0,0.5,0.4,0.8,119.5,168.0,216.0,168.0,2.0,99.5,16.0,0.5,0.4,0.8,120.0,170.0,215.0,170.0,2.0,100.0,16.0,0.5,0.4,0.8
1974,2,139.0,-37.0,17.32,18.0,18.68,18.0,2.0,1.41,10.0,1.0,0.1,0.2,17.98,19.0,20.91,19.43,3.0,2.18,12.0,0.7,0.2,0.2,9.64,11.22,12.43,11.04,3.0,2.04,12.0,0.7,0.2,0.2,74.7,79.5,81.4,78.1,3.0,5.0,12.0,0.7,0.2,6.86,7.2,7.54,7.2,2.0,0.71,10.0,1.0,0.1,0.2,3.03,3.88,4.74,3.88,2.0,1.77,10.0,1.0,0.1,0.2,4.77,5.77,6.77,5.77,2.0,2.07,10.0,1.0,0.1,0.2,1008.28,1011.9,1018.38,1013.3,3.0,7.5,12.0,0.7,0.2,0.2,1.6,5.0,6.4,4.0,3.0,3.6,12.0,0.7,0.2,0.2,22.5,27.3,32.1,27.3,2.0,10.0,10.0,1.0,0.1,0.2,33.1,42.3,51.5,42.3,2.0,19.0,10.0,1.0,0.1,0.2,-1.44,-0.25,0.94,-0.25,2.0,2.47,10.0,1.0,0.1,0.2,-9.4,-0.9,7.6,-0.9,2.0,17.6,10.0,1.0,0.1,0.2,1.43,2.73,4.03,2.73,2.0,2.7,10.0,1.0,0.1,0.2,10.3,20.6,30.9,20.6,2.0,21.4,10.0,1.0,0.1,0.2,54.2,71.8,89.4,71.8,2.0,36.4,10.0,1.0,0.1,0.2,88.9,104.2,119.5,104.2,2.0,31.7,10.0,1.0,0.1,0.2,28.9,40.5,52.2,40.5,2.0,24.1,10.0,1.0,0.1,0.2,50.9,56.4,61.9,56.4,2.0,11.4,10.0,1.0,0.1,0.2,5.5,8.2,10.9,8.2,2.0,5.7,10.0,1.0,0.1,0.2,8.3,18.5,28.8,18.5,2.0,21.2,10.0,1.0,0.1,0.2,325.5,378.5,432.0,378.5,2.0,110.0,10.0,1.0,0.1,0.2,325.0,380.0,430.0,380.0,2.0,110.0,10.0,1.0,0.1,0.2
1974,2,139.0,-36.0,,,,,,,,,,,,,,,,,,,,,,,,,,,,,,,,,,,,,,,,5.1,5.1,5.1,5.1,1.0,0.0,26.0,0.0,0.3,0.5,-3.91,-3.91,-3.91,-3.91,1.0,0.0,26.0,0.0,0.3,0.5,3.28,3.28,3.28,3.28,1.0,0.0,26.0,0.0,0.3,0.5,1021.0,1021.0,1021.0,1021.0,1.0,0.0,26.0,0.0,0.3,0.5,,,,,,,,,,,,,,,,,,,,,,,,,,,,,,,,,,,,,,,,,,,,,,,,,,,,,,,,,,,,,,,,,,,,,,,,,,,,,,,,,,,,,,,,,,,,,,,,,,,,,,,,,,,,,,,,,,,,,,,,,,,,,,,,,,,,,,,,,,,,,,,,,,,,,,
1974,2,139.0,-14.0,29.0,29.0,29.0,29.0,1.0,0.0,20.0,0.0,0.0,0.8,28.92,28.95,28.98,28.95,2.0,0.07,10.0,0.5,0.0,0.8,19.91,19.91,19.92,19.91,2.0,0.0,10.0,0.5,0.0,0.8,79.1,79.3,79.4,79.3,2.0,0.3,10.0,0.5,0.8,3.41,5.15,6.89,5.15,2.0,3.61,10.0,0.5,0.0,0.8,2.68,3.6,4.52,3.6,2.0,1.91,10.0,0.5,0.0,0.8,-5.17,-3.6,-2.03,-3.6,2.0,3.25,10.0,0.5,0.0,0.8,1005.93,1006.0,1006.07,1006.0,2.0,0.14,10.0,0.5,0.0,0.8,6.2,6.5,6.8,6.5,2.0,0.7,10.0,0.5,0.0,0.8,11.0,22.0,33.0,22.0,2.0,22.8,10.0,0.5,0.0,0.8,-38.7,-24.4,-10.1,-24.4,2.0,29.7,10.0,0.5,0.0,0.8,0.1,0.1,0.1,0.1,1.0,0.0,20.0,0.0,0.0,0.8,0.3,0.3,0.3,0.3,1.0,0.0,20.0,0.0,0.0,0.8,5.37,5.37,5.37,5.37,1.0,0.0,20.0,0.0,0.0,0.8,14.0,14.0,14.0,14.0,1.0,0.0,20.0,0.0,0.0,0.8,77.5,104.3,131.1,104.3,2.0,55.5,10.0,0.5,0.0,0.8,-149.9,-104.3,-58.8,-104.3,2.0,94.4,10.0,0.5,0.0,0.8,53.4,71.7,90.0,71.7,2.0,38.0,10.0,0.5,0.0,0.8,-102.9,-71.7,-40.4,-71.7,2.0,64.7,10.0,0.5,0.0,0.8,12.1,12.1,12.1,12.1,1.0,0.0,20.0,0.0,0.0,0.8,-7.0,-7.0,-7.0,-7.0,1.0,0.0,20.0,0.0,0.0,0.8,87.0,237.0,387.0,237.0,2.0,310.5,10.0,0.5,0.0,0.8,85.0,235.0,385.0,235.0,2.0,310.0,10.0,0.5,0.0,0.8
1974,2,139.0,-12.0,27.32,28.0,28.0,27.67,3.0,0.58,8.0,0.0,0.3,0.8,27.74,28.25,28.5,28.13,4.0,0.48,10.0,0.0,0.3,0.7,18.15,19.24,19.53,18.85,3.0,1.07,8.0,0.0,0.3,0.8,74.2,78.5,83.1,78.6,3.0,6.5,8.0,0.0,0.8,5.36,7.75,9.82,7.6,4.0,2.65,10.0,0.0,0.3,0.7,2.08,7.08,9.15,5.68,4.0,5.11,10.0,0.0,0.3,0.7,-4.49,-3.06,-1.42,-2.96,4.0,1.79,10.0,0.0,0.3,0.7,1004.71,1006.05,1007.44,1006.08,4.0,1.77,10.0,0.0,0.3,0.7,6.0,6.5,7.5,6.8,4.0,1.0,10.0,0.0,0.3,0.7,14.2,56.4,90.4,52.5,4.0,48.3,10.0,0.0,0.3,0.7,-32.1,-19.2,-12.3,-22.1,4.0,15.3,10.0,0.0,0.3,0.7,-1.18,-0.5,0.18,-0.5,3.0,1.0,8.0,0.0,0.3,0.8,-6.3,-5.1,0.5,-3.0,3.0,5.3,8.0,0.0,0.3,0.8,4.31,4.64,4.76,4.54,3.0,0.35,8.0,0.0,0.3,0.8,23.3,25.7,40.8,31.9,3.0,13.8,8.0,0.0,0.3,0.8,56.5,196.7,258.8,159.4,4.0,144.9,10.0,0.0,0.3,0.7,-126.9,-87.1,-39.8,-83.5,4.0,50.7,10.0,0.0,0.3,0.7,19.2,120.1,171.3,95.8,3.0,113.4,8.0,0.0,0.3,0.8,-63.0,-34.4,-25.4,-43.9,3.0,28.8,8.0,0.0,0.3,0.8,2.9,25.4,40.1,21.6,3.0,27.5,8.0,0.0,0.3,0.8,-16.9,-8.3,-5.7,-11.2,3.0,8.6,8.0,0.0,0.3,0.8,164.5,521.5,955.5,558.0,4.0,469.5,10.0,0.0,0.3,0.7,165.0,520.0,955.0,560.0,4.0,470.0,10.0,0.0,0.3,0.7
1974,2,139.0,-11.0,27.72,27.9,28.4,28.04,11.0,0.53,16.0,0.8,0.5,0.5,26.95,27.55,28.05,27.43,12.0,1.32,16.0,0.8,0.4,0.4,18.16,18.74,19.32,18.74,10.0,0.53,16.0,0.8,0.4,0.4,78.7,81.2,84.3,82.0,10.0,7.8,16.0,0.8,0.4,6.49,7.7,8.65,7.55,11.0,1.44,16.0,0.7,0.4,0.4,3.78,5.52,6.64,4.65,11.0,3.57,16.0,0.7,0.4,0.4,-6.95,-4.42,-1.92,-4.55,11.0,2.37,16.0,0.7,0.4,0.4,1002.95,1004.9,1007.03,1004.83,12.0,1.88,16.0,0.8,0.4,0.4,7.0,8.0,8.0,7.7,11.0,0.5,16.0,0.8,0.5,0.4,25.6,39.7,56.2,35.3,11.0,29.9,16.0,0.7,0.4,0.4,-61.2,-29.6,-13.6,-36.4,11.0,24.6,16.0,0.7,0.4,0.4,-0.42,0.7,1.48,0.65,11.0,1.35,16.0,0.8,0.5,0.5,-0.9,6.1,11.3,5.5,10.0,9.3,16.0,0.8,0.4,0.4,4.37,4.81,6.16,5.04,10.0,0.94,16.0,0.8,0.4,0.4,29.2,35.7,45.8,38.9,9.0,12.6,16.0,0.8,0.4,0.4,101.6,146.5,188.9,127.1,11.0,99.4,16.0,0.7,0.4,0.4,-192.4,-119.3,-53.7,-125.5,11.0,64.7,16.0,0.7,0.4,0.4,89.0,107.3,120.1,101.0,9.0,23.9,16.0,0.8,0.4,0.4,-133.0,-83.0,-51.2,-87.9,9.0,42.3,16.0,0.8,0.4,0.4,22.0,27.4,36.9,27.9,9.0,8.8,16.0,0.8,0.4,0.4,-35.4,-23.3,-12.4,-25.1,9.0,14.1,16.0,0.8,0.4,0.4,275.0,456.5,656.0,474.5,11.0,272.5,16.0,0.7,0.4,0.4,275.0,455.0,655.0,475.0,11.0,270.0,16.0,0.7,0.4,0.4
1974,2,139.0,-10.0,28.2,28.2,28.2,28.2,1.0,0.0,6.0,1.0,0.4,0.2,28.6,28.6,28.6,28.6,1.0,0.0,6.0,1.0,0.4,0.2,20.6,20.6,20.6,20.6,1.0,0.0,6.0,1.0,0.4,0.2,83.3,83.3,83.3,83.3,1.0,0.0,6.0,1.0,0.2,9.3,9.3,9.3,9.3,1.0,0.0,6.0,1.0,0.4,0.2,9.16,9.16,9.16,9.16,1.0,0.0,6.0,1.0,0.4,0.2,-1.61,-1.61,-1.61,-1.61,1.0,0.0,6.0,1.0,0.4,0.2,1002.3,1002.3,1002.3,1002.3,1.0,0.0,6.0,1.0,0.4,0.2,8.0,8.0,8.0,8.0,1.0,0.0,6.0,1.0,0.4,0.2,85.2,85.2,85.2,85.2,1.0,0.0,6.0,1.0,0.4,0.2,-15.0,-15.0,-15.0,-15.0,1.0,0.0,6.0,1.0,0.4,0.2,-0.4,-0.4,-0.4,-0.4,1.0,0.0,6.0,1.0,0.4,0.2,-3.7,-3.7,-3.7,-3.7,1.0,0.0,6.0,1.0,0.4,0.2,3.6,3.6,3.6,3.6,1.0,0.0,6.0,1.0,0.4,0.2,33.5,33.5,33.5,33.5,1.0,0.0,6.0,1.0,0.4,0.2,261.9,261.9,261.9,261.9,1.0,0.0,6.0,1.0,0.4,0.2,-46.2,-46.2,-46.2,-46.2,1.0,0.0,6.0,1.0,0.4,0.2,188.7,188.7,188.7,188.7,1.0,0.0,6.0,1.0,0.4,0.2,-33.3,-33.3,-33.3,-33.3,1.0,0.0,6.0,1.0,0.4,0.2,33.0,33.0,33.0,33.0,1.0,0.0,6.0,1.0,0.4,0.2,-5.8,-5.8,-5.8,-5.8,1.0,0.0,6.0,1.0,0.4,0.2,804.5,804.5,804.5,804.5,1.0,0.0,6.0,1.0,0.4,0.2,805.0,805.0,805.0,805.0,1.0,0.0,6.0,1.0,0.4,0.2
1974,2,139.0,-2.0,28.9,28.9,28.9,28.9,1.0,0.0,20.0,1.0,0.6,0.4,28.7,28.7,28.7,28.7,1.0,0.0,20.0,1.0,0.6,0.4,19.93,19.93,19.93,19.93,1.0,0.0,20.0,1.0,0.6,0.4,80.4,80.4,80.4,80.4,1.0,0.0,20.0,1.0,0.4,0.0,0.0,0.0,0.0,1.0,0.0,20.0,1.0,0.6,0.4,0.0,0.0,0.0,0.0,1.0,0.0,20.0,1.0,0.6,0.4,0.0,0.0,0.0,0.0,1.0,0.0,20.0,1.0,0.6,0.4,1005.4,1005.4,1005.4,1005.4,1.0,0.0,20.0,1.0,0.6,0.4,5.0,5.0,5.0,5.0,1.0,0.0,20.0,1.0,0.6,0.4,0.0,0.0,0.0,0.0,1.0,0.0,20.0,1.0,0.6,0.4,0.0,0.0,0.0,0.0,1.0,0.0,20.0,1.0,0.6,0.4,0.2,0.2,0.2,0.2,1.0,0.0,20.0,1.0,0.6,0.4,0.0,0.0,0.0,0.0,1.0,0.0,20.0,1.0,0.6,0.4,5.22,5.22,5.22,5.22,1.0,0.0,20.0,1.0,0.6,0.4,0.0,0.0,0.0,0.0,1.0,0.0,20.0,1.0,0.6,0.4,0.0,0.0,0.0,0.0,1.0,0.0,20.0,1.0,0.6,0.4,0.0,0.0,0.0,0.0,1.0,0.0,20.0,1.0,0.6,0.4,0.0,0.0,0.0,0.0,1.0,0.0,20.0,1.0,0.6,0.4,0.0,0.0,0.0,0.0,1.0,0.0,20.0,1.0,0.6,0.4,0.0,0.0,0.0,0.0,1.0,0.0,20.0,1.0,0.6,0.4,0.0,0.0,0.0,0.0,1.0,0.0,20.0,1.0,0.6,0.4,0.0,0.0,0.0,0.0,1.0,0.0,20.0,1.0,0.6,0.4,0.0,0.0,0.0,0.0,1.0,0.0,20.0,1.0,0.6,0.4
1974,2,139.0,-1.0,30.5,30.5,30.5,30.5,1.0,0.0,4.0,0.0,0.2,0.6,26.6,26.6,26.6,26.6,1.0,0.0,4.0,0.0,0.2,0.6,17.72,17.72,17.72,17.72,1.0,0.0,4.0,0.0,0.2,0.6,81.1,81.1,81.1,81.1,1.0,0.0,4.0,0.0,0.6,5.1,5.1,5.1,5.1,1.0,0.0,4.0,0.0,0.2,0.6,2.55,2.55,2.55,2.55,1.0,0.0,4.0,0.0,0.2,0.6,-4.42,-4.42,-4.42,-4.42,1.0,0.0,4.0,0.0,0.2,0.6,1007.3,1007.3,1007.3,1007.3,1.0,0.0,4.0,0.0,0.2,0.6,7.0,7.0,7.0,7.0,1.0,0.0,4.0,0.0,0.2,0.6,13.0,13.0,13.0,13.0,1.0,0.0,4.0,0.0,0.2,0.6,-22.5,-22.5,-22.5,-22.5,1.0,0.0,4.0,0.0,0.2,0.6,3.9,3.9,3.9,3.9,1.0,0.0,4.0,0.0,0.2,0.6,19.9,19.9,19.9,19.9,1.0,0.0,4.0,0.0,0.2,0.6,9.85,9.85,9.85,9.85,1.0,0.0,4.0,0.0,0.2,0.6,50.2,50.2,50.2,50.2,1.0,0.0,4.0,0.0,0.2,0.6,67.8,67.8,67.8,67.8,1.0,0.0,4.0,0.0,0.2,0.6,-117.5,-117.5,-117.5,-117.5,1.0,0.0,4.0,0.0,0.2,0.6,45.2,45.2,45.2,45.2,1.0,0.0,4.0,0.0,0.2,0.6,-78.3,-78.3,-78.3,-78.3,1.0,0.0,4.0,0.0,0.2,0.6,25.1,25.1,25.1,25.1,1.0,0.0,4.0,0.0,0.2,0.6,-43.5,-43.5,-43.5,-43.5,1.0,0.0,4.0,0.0,0.2,0.6,132.5,132.5,132.5,132.5,1.0,0.0,4.0,0.0,0.2,0.6,135.0,135.0,135.0,135.0,1.0,0.0,4.0,0.0,0.2,0.6
1974,2,139.0,6.0,28.9,28.9,28.9,28.9,1.0,0.0,16.0,0.0,0.5,0.7,27.2,27.2,27.2,27.2,1.0,0.0,16.0,0.0,0.5,0.7,16.89,16.89,16.89,16.89,1.0,0.0,16.0,0.0,0.5,0.7,74.6,74.6,74.6,74.6,1.0,0.0,16.0,0.0,0.7,10.3,10.3,10.3,10.3,1.0,0.0,16.0,0.0,0.5,0.7,-10.3,-10.3,-10.3,-10.3,1.0,0.0,16.0,0.0,0.5,0.7,0.0,0.0,0.0,0.0,1.0,0.0,16.0,0.0,0.5,0.7,1006.0,1006.0,1006.0,1006.0,1.0,0.0,16.0,0.0,0.5,0.7,5.0,5.0,5.0,5.0,1.0,0.0,16.0,0.0,0.5,0.7,-106.1,-106.1,-106.1,-106.1,1.0,0.0,16.0,0.0,0.5,0.7,0.0,0.0,0.0,0.0,1.0,0.0,16.0,0.0,0.5,0.7,1.7,1.7,1.7,1.7,1.0,0.0,16.0,0.0,0.5,0.7,17.5,17.5,17.5,17.5,1.0,0.0,16.0,0.0,0.5,0.7,8.24,8.24,8.24,8.24,1.0,0.0,16.0,0.0,0.5,0.7,84.9,84.9,84.9,84.9,1.0,0.0,16.0,0.0,0.5,0.7,-280.2,-280.2,-280.2,-280.2,1.0,0.0,16.0,0.0,0.5,0.7,0.0,0.0,0.0,0.0,1.0,0.0,16.0,0.0,0.5,0.7,-174.0,-174.0,-174.0,-174.0,1.0,0.0,16.0,0.0,0.5,0.7,0.0,0.0,0.0,0.0,1.0,0.0,16.0,0.0,0.5,0.7,-84.9,-84.9,-84.9,-84.9,1.0,0.0,16.0,0.0,0.5,0.7,0.0,0.0,0.0,0.0,1.0,0.0,16.0,0.0,0.5,0.7,1092.5,1092.5,1092.5,1092.5,1.0,0.0,16.0,0.0,0.5,0.7,1095.0,1095.0,1095.0,1095.0,1.0,0.0,16.0,0.0,0.5,0.7
1974,2,139.0,7.0,29.16,29.5,29.84,29.5,2.0,0.71,20.0,0.5,0.7,0.6,27.32,28.0,28.27,27.8,3.0,0.72,16.0,0.7,0.6,0.5,19.38,19.38,19.38,19.38,1.0,0.0,20.0,0.0,0.5,0.9,81.8,81.8,81.8,81.8,1.0,0.0,20.0,0.0,0.9,3.56,6.7,7.04,5.33,3.0,2.81,16.0,0.7,0.6,0.5,-5.77,-4.63,-0.75,-3.29,3.0,3.85,16.0,0.7,0.6,0.5,-4.49,-2.29,0.51,-2.0,3.0,3.68,16.0,0.7,0.6,0.5,1008.83,1008.9,1008.97,1008.9,2.0,0.14,20.0,0.5,0.7,0.6,3.6,5.0,6.4,5.0,3.0,2.0,16.0,0.7,0.6,0.5,-39.4,-33.3,-9.1,-24.4,3.0,23.5,16.0,0.7,0.6,0.5,-32.0,-15.4,-2.3,-17.1,3.0,21.8,16.0,0.7,0.6,0.5,1.1,1.3,1.5,1.3,2.0,0.42,20.0,0.5,0.7,0.6,7.5,9.1,10.8,9.1,2.0,3.4,20.0,0.5,0.7,0.6,5.82,5.82,5.82,5.82,1.0,0.0,20.0,0.0,0.5,0.9,39.0,39.0,39.0,39.0,1.0,0.0,20.0,0.0,0.5,0.9,-162.1,-131.4,-22.4,-93.1,3.0,107.6,16.0,0.7,0.6,0.5,-127.3,-64.2,13.2,-57.2,3.0,103.0,16.0,0.7,0.6,0.5,-122.0,-122.0,-122.0,-122.0,1.0,0.0,20.0,0.0,0.5,0.9,-44.4,-44.4,-44.4,-44.4,1.0,0.0,20.0,0.0,0.5,0.9,-36.7,-36.7,-36.7,-36.7,1.0,0.0,20.0,0.0,0.5,0.9,-13.3,-13.3,-13.3,-13.3,1.0,0.0,20.0,0.0,0.5,0.9,102.0,301.0,350.0,228.0,3.0,192.5,16.0,0.7,0.6,0.5,100.0,300.0,350.0,230.0,3.0,195.0,16.0,0.7,0.6,0.5
1974,2,139.0,8.0,26.63,28.0,29.37,28.0,2.0,2.83,16.0,0.5,0.4,0.2,26.21,26.65,27.09,26.65,2.0,0.92,16.0,0.5,0.4,0.2,17.52,17.52,17.52,17.52,1.0,0.0,14.0,1.0,0.7,0.1,83.6,83.6,83.6,83.6,1.0,0.0,14.0,1.0,0.1,12.13,12.85,13.57,12.85,2.0,1.48,16.0,0.5,0.4,0.2,-12.9,-10.74,-8.59,-10.74,2.0,4.47,16.0,0.5,0.4,0.2,-7.6,-4.52,-1.43,-4.52,2.0,6.39,16.0,0.5,0.4,0.2,1008.29,1010.0,1011.71,1010.0,2.0,3.54,16.0,0.5,0.4,0.2,2.0,2.0,2.0,2.0,1.0,0.0,14.0,1.0,0.7,0.1,-176.8,-141.4,-106.0,-141.4,2.0,73.3,16.0,0.5,0.4,0.2,-89.7,-53.3,-16.9,-53.3,2.0,75.4,16.0,0.5,0.4,0.2,0.43,1.35,2.27,1.35,2.0,1.91,16.0,0.5,0.4,0.2,6.0,18.8,31.6,18.8,2.0,26.5,16.0,0.5,0.4,0.2,3.49,3.49,3.49,3.49,1.0,0.0,14.0,1.0,0.7,0.1,41.2,41.2,41.2,41.2,1.0,0.0,14.0,1.0,0.7,0.1,-350.5,-288.3,-226.1,-288.3,2.0,128.9,16.0,0.5,0.4,0.2,-197.7,-117.5,-37.3,-117.5,2.0,166.2,16.0,0.5,0.4,0.2,-132.9,-132.9,-132.9,-132.9,1.0,0.0,14.0,1.0,0.7,0.1,-158.4,-158.4,-158.4,-158.4,1.0,0.0,14.0,1.0,0.7,0.1,-26.5,-26.5,-26.5,-26.5,1.0,0.0,14.0,1.0,0.7,0.1,-31.6,-31.6,-31.6,-31.6,1.0,0.0,14.0,1.0,0.7,0.1,1808.5,2164.5,2520.0,2164.5,2.0,737.0,16.0,0.5,0.4,0.2,1810.0,2165.0,2520.0,2165.0,2.0,735.0,16.0,0.5,0.4,0.2
1974,2,139.0,11.0,27.6,27.6,27.6,27.6,1.0,0.0,10.0,1.0,0.5,0.5,27.1,27.1,27.1,27.1,1.0,0.0,10.0,1.0,0.5,0.5,19.62,19.62,19.62,19.62,1.0,0.0,10.0,1.0,0.5,0.5,87.3,87.3,87.3,87.3,1.0,0.0,10.0,1.0,0.5,2.6,2.6,2.6,2.6,1.0,0.0,10.0,1.0,0.5,0.5,-2.56,-2.56,-2.56,-2.56,1.0,0.0,10.0,1.0,0.5,0.5,0.45,0.45,0.45,0.45,1.0,0.0,10.0,1.0,0.5,0.5,1008.9,1008.9,1008.9,1008.9,1.0,0.0,10.0,1.0,0.5,0.5,6.0,6.0,6.0,6.0,1.0,0.0,10.0,1.0,0.5,0.5,-6.7,-6.7,-6.7,-6.7,1.0,0.0,10.0,1.0,0.5,0.5,1.2,1.2,1.2,1.2,1.0,0.0,10.0,1.0,0.5,0.5,0.5,0.5,0.5,0.5,1.0,0.0,10.0,1.0,0.5,0.5,1.3,1.3,1.3,1.3,1.0,0.0,10.0,1.0,0.5,0.5,3.59,3.59,3.59,3.59,1.0,0.0,10.0,1.0,0.5,0.5,9.3,9.3,9.3,9.3,1.0,0.0,10.0,1.0,0.5,0.5,-69.4,-69.4,-69.4,-69.4,1.0,0.0,10.0,1.0,0.5,0.5,12.2,12.2,12.2,12.2,1.0,0.0,10.0,1.0,0.5,0.5,-50.2,-50.2,-50.2,-50.2,1.0,0.0,10.0,1.0,0.5,0.5,8.9,8.9,8.9,8.9,1.0,0.0,10.0,1.0,0.5,0.5,-9.2,-9.2,-9.2,-9.2,1.0,0.0,10.0,1.0,0.5,0.5,1.6,1.6,1.6,1.6,1.0,0.0,10.0,1.0,0.5,0.5,17.5,17.5,17.5,17.5,1.0,0.0,10.0,1.0,0.5,0.5,20.0,20.0,20.0,20.0,1.0,0.0,10.0,1.0,0.5,0.5
1974,2,139.0,13.0,26.17,28.15,28.3,27.54,8.0,1.05,14.0,0.4,0.5,0.4,26.73,27.2,28.3,27.3,8.0,1.32,14.0,0.4,0.5,0.4,17.74,19.84,20.81,19.49,8.0,1.4,14.0,0.4,0.5,0.4,79.4,86.7,92.0,85.8,8.0,7.6,14.0,0.4,0.4,5.1,7.95,10.69,8.03,8.0,3.01,14.0,0.4,0.5,0.4,-10.53,-7.66,-5.1,-7.53,8.0,3.27,14.0,0.4,0.5,0.4,-3.83,-1.79,-0.16,-2.0,8.0,1.63,14.0,0.4,0.5,0.4,1007.65,1009.5,1011.61,1009.5,9.0,2.14,16.0,0.3,0.6,0.4,0.5,5.0,6.7,4.3,9.0,3.0,16.0,0.3,0.6,0.4,-112.6,-61.0,-26.0,-68.8,8.0,50.3,14.0,0.4,0.5,0.4,-20.3,-17.5,-1.3,-18.0,8.0,17.8,14.0,0.4,0.5,0.4,-2.07,0.4,1.54,0.24,8.0,2.06,14.0,0.4,0.5,0.4,-11.2,3.0,16.6,2.0,8.0,13.0,14.0,0.4,0.5,0.4,3.24,3.4,3.87,3.66,8.0,1.56,14.0,0.4,0.5,0.4,19.4,29.7,34.7,28.7,8.0,12.7,14.0,0.4,0.5,0.4,-281.6,-207.4,-144.3,-207.3,8.0,93.0,14.0,0.4,0.5,0.4,-95.4,-48.2,-4.3,-54.1,8.0,44.6,14.0,0.4,0.5,0.4,-220.5,-150.8,-91.1,-149.5,8.0,69.7,14.0,0.4,0.5,0.4,-68.1,-37.2,-3.0,-39.1,8.0,31.1,14.0,0.4,0.5,0.4,-34.2,-25.5,-16.4,-25.9,8.0,12.5,14.0,0.4,0.5,0.4,-16.3,-6.0,-0.5,-8.8,8.0,9.4,14.0,0.4,0.5,0.4,132.5,504.0,1224.5,715.0,8.0,712.0,14.0,0.4,0.5,0.4,135.0,505.0,1225.0,715.0,8.0,710.0,14.0,0.4,0.5,0.4
1974,2,139.0,14.0,27.22,28.05,29.19,28.2,4.0,1.37,18.0,0.3,0.3,0.5,24.69,25.6,26.36,25.53,4.0,0.99,18.0,0.3,0.3,0.5,16.15,16.47,17.82,16.97,3.0,1.3,20.0,0.0,0.4,0.4,77.9,83.4,84.6,81.3,3.0,5.2,20.0,0.0,0.4,8.46,9.3,14.12,11.2,4.0,4.92,18.0,0.3,0.3,0.5,-9.62,-6.9,-3.17,-6.42,4.0,4.89,18.0,0.3,0.3,0.5,-11.85,-7.64,-4.86,-8.32,4.0,4.5,18.0,0.3,0.3,0.5,1008.93,1010.2,1012.05,1010.48,4.0,1.98,18.0,0.3,0.3,0.5,2.0,5.5,8.0,5.0,4.0,3.6,18.0,0.3,0.3,0.5,-146.8,-58.8,-24.4,-84.4,4.0,94.7,18.0,0.3,0.3,0.5,-178.5,-71.0,-42.0,-108.5,4.0,105.1,18.0,0.3,0.3,0.5,1.1,2.75,4.24,2.68,4.0,2.03,18.0,0.3,0.3,0.5,8.7,23.9,63.5,35.5,4.0,39.9,18.0,0.3,0.3,0.5,4.99,8.14,9.51,7.27,3.0,3.4,20.0,0.0,0.4,0.4,42.3,62.7,148.1,94.4,3.0,82.2,20.0,0.0,0.4,0.4,-245.6,-181.8,-83.2,-165.2,4.0,123.0,18.0,0.3,0.3,0.5,-293.7,-192.7,-128.3,-210.1,4.0,109.1,18.0,0.3,0.3,0.5,-175.4,-131.5,-114.5,-144.7,3.0,46.0,20.0,0.0,0.4,0.4,-194.3,-110.3,-77.1,-135.1,3.0,88.5,20.0,0.0,0.4,0.4,-99.6,-54.3,-34.4,-66.7,3.0,49.0,20.0,0.0,0.4,0.4,-108.2,-31.3,-24.3,-65.4,3.0,68.1,20.0,0.0,0.4,0.4,622.0,804.5,3700.0,2099.0,4.0,2826.5,18.0,0.3,0.3,0.5,620.0,805.0,3700.0,2100.0,4.0,2825.0,18.0,0.3,0.3,0.5
1974,2,139.0,15.0,26.66,27.05,28.0,27.22,6.0,0.65,14.0,0.5,0.1,0.2,25.48,26.2,27.14,26.63,7.0,1.63,12.0,0.6,0.2,0.2,16.8,18.18,18.83,17.63,6.0,1.83,14.0,0.5,0.1,0.2,70.0,81.6,86.6,79.7,6.0,9.2,14.0,0.5,0.2,6.62,9.3,9.42,8.53,7.0,2.15,12.0,0.6,0.2,0.2,-8.3,-4.65,-3.11,-5.4,7.0,3.06,12.0,0.6,0.2,0.2,-8.74,-5.9,-1.11,-5.34,7.0,3.58,12.0,0.6,0.2,0.2,1009.79,1010.0,1013.52,1011.1,7.0,1.86,12.0,0.6,0.2,0.2,3.0,3.0,8.0,4.4,7.0,2.5,12.0,0.6,0.2,0.2,-69.8,-43.2,-28.6,-49.0,7.0,36.2,12.0,0.6,0.2,0.2,-81.3,-69.6,-7.4,-48.5,7.0,36.2,12.0,0.6,0.2,0.2,-0.58,0.95,1.17,0.32,6.0,1.63,14.0,0.5,0.1,0.2,-4.7,5.6,11.8,3.1,6.0,14.6,14.0,0.5,0.1,0.2,3.66,4.56,6.47,5.0,6.0,1.83,14.0,0.5,0.1,0.2,26.6,36.2,57.8,41.5,6.0,18.2,14.0,0.5,0.1,0.2,-247.0,-124.2,-78.0,-145.3,7.0,86.0,12.0,0.6,0.2,0.2,-218.7,-154.6,-28.8,-138.7,7.0,91.8,12.0,0.6,0.2,0.2,-159.2,-87.3,-54.3,-100.2,6.0,56.2,14.0,0.5,0.1,0.2,-145.7,-97.5,-13.1,-86.1,6.0,65.9,14.0,0.5,0.1,0.2,-55.2,-26.0,-9.1,-30.8,6.0,22.6,14.0,0.5,0.1,0.2,-35.4,-24.1,-7.5,-21.4,6.0,14.3,14.0,0.5,0.1,0.2,292.5,804.5,844.5,720.0,7.0,487.0,12.0,0.6,0.2,0.2,295.0,805.0,845.0,720.0,7.0,485.0,12.0,0.6,0.2,0.2
1974,2,139.0,16.0,25.64,25.95,26.68,26.15,4.0,0.74,14.0,0.8,0.4,0.5,24.76,26.15,26.86,25.83,4.0,1.36,16.0,0.8,0.5,0.4,13.99,16.52,17.51,15.77,3.0,2.66,12.0,0.7,0.4,0.4,72.7,80.5,81.6,77.3,3.0,7.1,12.0,0.7,0.4,7.52,9.8,11.25,9.58,5.0,2.28,16.0,0.8,0.5,0.5,-8.79,-7.24,-6.92,-7.78,5.0,1.21,16.0,0.8,0.5,0.5,-8.62,-2.63,-0.17,-3.99,5.0,4.79,16.0,0.8,0.5,0.5,1009.65,1010.8,1012.74,1011.18,4.0,1.88,14.0,0.8,0.4,0.5,2.6,3.0,7.4,4.6,5.0,2.7,16.0,0.8,0.5,0.5,-99.1,-68.2,-54.0,-75.3,5.0,24.5,16.0,0.8,0.5,0.5,-98.1,-20.3,0.4,-44.3,5.0,58.8,16.0,0.8,0.5,0.5,0.3,0.5,1.18,0.73,3.0,0.68,12.0,0.7,0.4,0.4,2.5,4.9,14.8,8.6,3.0,9.5,12.0,0.7,0.4,0.4,4.4,4.63,6.63,5.49,3.0,1.79,12.0,0.7,0.4,0.4,35.5,45.3,80.9,57.9,3.0,35.0,12.0,0.7,0.4,0.4,-229.7,-190.3,-180.1,-204.2,4.0,36.7,16.0,0.8,0.5,0.4,-225.7,-122.5,8.6,-109.2,4.0,137.9,16.0,0.8,0.5,0.4,-155.5,-117.1,-109.7,-132.3,3.0,36.0,12.0,0.7,0.4,0.4,-93.0,-20.7,14.3,-38.9,3.0,80.2,12.0,0.7,0.4,0.4,-56.9,-44.7,-35.0,-45.9,3.0,16.1,12.0,0.7,0.4,0.4,-52.7,-5.4,3.7,-24.1,3.0,44.3,12.0,0.7,0.4,0.4,426.0,941.0,1477.5,1002.0,5.0,710.0,16.0,0.8,0.5,0.5,425.0,940.0,1480.0,1000.0,5.0,710.0,16.0,0.8,0.5,0.5
1974,2,139.0,17.0,25.5,26.85,27.17,26.58,6.0,0.92,14.0,0.5,0.4,0.3,22.73,24.85,27.0,24.73,6.0,2.42,14.0,0.5,0.4,0.3,11.7,15.89,18.91,15.47,6.0,3.65,14.0,0.5,0.4,0.3,67.2,79.5,90.0,78.7,6.0,12.7,14.0,0.5,0.3,3.5,9.3,10.84,8.08,6.0,3.9,14.0,0.5,0.4,0.3,-7.28,-5.77,-3.03,-5.4,6.0,2.25,14.0,0.5,0.4,0.3,-7.76,-5.98,-1.84,-5.5,6.0,4.15,14.0,0.5,0.4,0.3,1009.74,1012.55,1015.6,1012.65,6.0,3.03,14.0,0.5,0.4,0.3,1.8,6.5,7.2,5.2,6.0,2.9,14.0,0.5,0.4,0.3,-69.4,-61.6,-9.9,-48.4,6.0,30.9,14.0,0.5,0.4,0.3,-86.4,-55.6,-6.6,-57.3,6.0,55.9,14.0,0.5,0.4,0.3,0.0,1.25,3.24,1.85,6.0,2.42,14.0,0.5,0.4,0.3,0.0,11.6,36.7,21.3,6.0,30.6,14.0,0.5,0.4,0.3,3.46,6.78,8.63,6.31,6.0,2.87,14.0,0.5,0.4,0.3,11.0,68.1,93.8,58.8,6.0,41.6,14.0,0.5,0.4,0.3,-183.3,-129.8,-81.8,-131.6,6.0,52.6,14.0,0.5,0.4,0.3,-181.0,-144.9,-49.6,-129.2,6.0,90.1,14.0,0.5,0.4,0.3,-99.3,-71.4,-57.2,-77.9,6.0,24.0,14.0,0.5,0.4,0.3,-116.4,-71.3,-36.4,-78.8,6.0,62.3,14.0,0.5,0.4,0.3,-66.5,-37.3,-10.5,-38.0,6.0,26.2,14.0,0.5,0.4,0.3,-66.7,-43.8,-4.6,-41.7,6.0,36.9,14.0,0.5,0.4,0.3,43.0,804.5,1310.5,821.0,6.0,782.0,14.0,0.5,0.4,0.3,45.0,805.0,1310.0,820.0,6.0,780.0,14.0,0.5,0.4,0.3
1974,2,139.0,18.0,27.25,27.8,28.28,27.77,3.0,0.75,12.0,0.3,0.4,0.3,25.77,27.0,29.05,27.4,3.0,2.42,12.0,0.3,0.4,0.3,12.88,16.0,18.6,15.75,3.0,4.2,12.0,0.3,0.4,0.3,58.4,60.4,79.8,68.9,3.0,17.3,12.0,0.3,0.3,4.08,5.1,8.65,6.33,3.0,3.52,12.0,0.3,0.4,0.3,-6.38,-3.12,-2.73,-4.52,3.0,2.93,12.0,0.3,0.4,0.3,-5.09,-1.8,2.44,-1.33,3.0,5.53,12.0,0.3,0.4,0.3,1011.0,1011.65,1012.67,1011.83,4.0,0.99,14.0,0.5,0.5,0.4,2.0,4.0,6.0,4.0,3.0,3.0,12.0,0.3,0.4,0.3,-59.6,-13.0,-11.8,-35.2,3.0,39.9,12.0,0.3,0.4,0.3,-48.6,-6.5,13.3,-17.4,3.0,46.3,12.0,0.3,0.4,0.3,-1.5,0.0,2.25,0.37,3.0,2.77,12.0,0.3,0.4,0.3,-7.7,0.0,23.2,7.6,3.0,23.5,12.0,0.3,0.4,0.3,4.08,7.43,11.19,7.63,3.0,5.21,12.0,0.3,0.4,0.3,18.2,37.9,103.0,60.1,3.0,65.0,12.0,0.3,0.4,0.3,-162.4,-84.2,-78.9,-119.8,3.0,68.5,12.0,0.3,0.4,0.3,-129.3,-48.6,75.0,-27.6,3.0,150.8,12.0,0.3,0.4,0.3,-81.2,-61.8,-47.5,-64.3,3.0,24.8,12.0,0.3,0.4,0.3,-63.0,-35.7,36.9,-13.6,3.0,75.6,12.0,0.3,0.4,0.3,-75.7,-19.0,-11.4,-43.0,3.0,51.5,12.0,0.3,0.4,0.3,-59.9,-4.5,21.0,-19.1,3.0,60.6,12.0,0.3,0.4,0.3,74.0,132.5,788.0,424.0,3.0,580.5,12.0,0.3,0.4,0.3,75.0,135.0,790.0,425.0,3.0,580.0,12.0,0.3,0.4,0.3
1974,2,139.0,19.0,24.95,26.0,26.37,25.7,5.0,1.1,18.0,0.6,0.6,0.7,24.4,26.0,27.05,25.7,5.0,2.02,18.0,0.6,0.6,0.7,14.37,16.8,18.11,16.27,4.0,2.54,22.0,0.8,0.6,0.6,75.1,77.3,82.7,78.8,4.0,5.2,22.0,0.8,0.6,0.63,1.5,5.68,3.08,5.0,3.72,18.0,0.6,0.6,0.7,-4.16,-0.5,0.27,-1.77,5.0,2.77,18.0,0.6,0.6,0.7,-3.74,-0.87,0.47,-1.7,5.0,3.24,18.0,0.6,0.6,0.7,1009.96,1011.1,1014.19,1011.87,6.0,2.32,18.0,0.7,0.5,0.7,1.0,3.0,5.5,3.3,4.0,2.6,22.0,0.5,0.6,0.6,-27.4,-0.5,0.4,-13.2,5.0,24.2,18.0,0.6,0.6,0.7,-28.3,-0.9,0.7,-14.3,5.0,29.2,18.0,0.6,0.6,0.7,-2.5,0.5,1.91,0.0,5.0,2.55,18.0,0.6,0.6,0.7,-3.0,0.0,13.0,5.6,5.0,15.2,18.0,0.6,0.6,0.7,2.15,3.02,5.94,4.0,4.0,2.87,22.0,0.8,0.6,0.6,2.8,8.2,45.7,23.5,4.0,35.2,22.0,0.8,0.6,0.6,-99.6,-14.0,7.3,-41.6,5.0,63.9,18.0,0.6,0.6,0.7,-87.7,-24.2,12.6,-39.2,5.0,74.0,18.0,0.6,0.6,0.7,-66.0,-31.9,1.9,-32.1,4.0,40.6,22.0,0.8,0.6,0.6,-62.7,-23.8,3.3,-29.5,4.0,46.6,22.0,0.8,0.6,0.6,-30.7,-5.9,0.6,-14.7,4.0,23.4,22.0,0.8,0.6,0.6,-33.5,-3.9,1.0,-15.7,4.0,28.6,22.0,0.8,0.6,0.6,0.5,3.5,323.5,171.0,5.0,354.5,18.0,0.6,0.6,0.7,0.0,5.0,325.0,170.0,5.0,355.0,18.0,0.6,0.6,0.7
1974,2,139.0,20.0,24.13,25.0,26.73,25.44,9.0,1.65,20.0,0.8,0.4,0.5,21.0,22.6,23.88,22.81,12.0,2.07,18.0,0.8,0.4,0.5,11.09,13.53,16.03,13.52,10.0,2.46,20.0,0.9,0.4,0.5,70.8,76.2,84.8,77.5,10.0,7.0,20.0,0.9,0.5,5.79,9.3,10.68,8.84,12.0,2.58,18.0,0.8,0.4,0.5,-7.36,-5.13,-1.33,-4.89,12.0,3.02,18.0,0.8,0.4,0.5,-10.38,-5.31,1.38,-4.74,12.0,5.68,18.0,0.8,0.4,0.5,1011.77,1016.4,1021.7,1016.32,12.0,4.3,18.0,0.8,0.4,0.5,3.7,5.5,8.0,5.5,12.0,2.4,18.0,0.8,0.4,0.5,-77.0,-47.8,-13.7,-44.8,12.0,30.4,18.0,0.8,0.4,0.5,-111.2,-49.4,7.6,-53.9,12.0,58.0,18.0,0.8,0.4,0.5,0.04,3.0,4.0,2.14,9.0,2.95,20.0,0.8,0.4,0.5,2.3,27.9,45.6,24.2,9.0,23.6,20.0,0.8,0.4,0.5,2.89,6.47,7.72,5.57,8.0,2.63,20.0,0.9,0.4,0.5,15.8,57.3,91.1,55.8,8.0,34.9,20.0,0.9,0.4,0.5,-166.2,-114.2,-28.0,-109.3,12.0,67.5,18.0,0.8,0.4,0.5,-223.8,-118.7,31.1,-103.5,12.0,130.4,18.0,0.8,0.4,0.5,-92.6,-73.3,-36.2,-64.0,10.0,31.8,20.0,0.9,0.4,0.5,-128.3,-68.2,24.7,-59.1,10.0,79.5,20.0,0.9,0.4,0.5,-46.1,-26.2,-12.6,-27.4,8.0,18.3,20.0,0.9,0.4,0.5,-84.9,-40.1,-0.6,-43.6,8.0,37.6,20.0,0.9,0.4,0.5,202.5,804.5,1232.5,847.0,12.0,602.0,18.0,0.8,0.4,0.5,200.0,805.0,1235.0,845.0,12.0,600.0,18.0,0.8,0.4,0.5
1974,2,139.0,21.0,23.13,24.0,24.73,23.78,9.0,0.94,16.0,0.6,0.5,0.5,22.0,23.0,26.37,23.52,10.0,2.72,16.0,0.6,0.4,0.5,13.06,14.62,17.09,14.76,9.0,2.68,16.0,0.6,0.5,0.5,75.3,79.7,84.2,80.0,9.0,5.7,16.0,0.6,0.5,4.93,7.7,10.3,7.46,10.0,2.83,16.0,0.6,0.4,0.5,-8.0,-6.47,1.23,-4.09,10.0,4.69,16.0,0.6,0.4,0.5,-5.25,-0.34,4.49,-0.92,10.0,5.32,16.0,0.6,0.4,0.5,1011.03,1012.7,1014.86,1013.18,10.0,2.63,16.0,0.6,0.4,0.5,2.0,3.0,7.0,4.0,10.0,2.5,16.0,0.6,0.4,0.5,-74.6,-50.0,9.1,-36.3,10.0,43.6,16.0,0.6,0.4,0.5,-36.8,-6.7,32.6,-10.2,10.0,48.5,16.0,0.6,0.4,0.5,-2.46,0.0,1.37,0.09,9.0,2.86,16.0,0.6,0.5,0.5,-9.8,0.0,10.5,6.2,9.0,23.3,16.0,0.6,0.5,0.5,1.4,2.87,5.06,3.62,9.0,2.98,16.0,0.6,0.5,0.5,9.0,24.6,39.0,31.5,9.0,32.7,16.0,0.6,0.5,0.5,-190.1,-145.6,24.7,-95.3,10.0,107.6,16.0,0.6,0.4,0.5,-117.1,-7.8,112.5,-12.5,10.0,116.5,16.0,0.6,0.4,0.5,-130.2,-91.7,5.0,-71.3,9.0,64.3,16.0,0.6,0.5,0.5,-52.4,27.5,73.2,5.4,9.0,66.4,16.0,0.6,0.5,0.5,-29.5,-18.0,0.0,-13.7,9.0,17.5,16.0,0.6,0.5,0.5,-19.5,0.0,12.5,-13.0,9.0,38.4,16.0,0.6,0.5,0.5,155.5,456.5,1092.5,564.0,10.0,440.5,16.0,0.6,0.4,0.5,155.0,455.0,1095.0,565.0,10.0,440.0,16.0,0.6,0.4,0.5
1974,2,139.0,22.0,22.0,23.3,24.0,23.05,11.0,1.3,18.0,0.5,0.3,0.4,19.63,22.0,23.41,21.6,11.0,2.43,18.0,0.5,0.3,0.4,10.25,12.61,15.15,12.59,11.0,2.36,18.0,0.5,0.3,0.4,72.0,78.5,83.4,77.7,11.0,5.7,18.0,0.5,0.4,4.89,5.7,10.01,6.92,11.0,2.83,18.0,0.5,0.3,0.4,-9.18,-4.79,-2.25,-4.93,11.0,3.59,18.0,0.5,0.3,0.4,-6.11,-1.67,2.73,-1.71,11.0,4.21,18.0,0.5,0.3,0.4,1012.59,1016.5,1018.03,1015.9,11.0,3.04,18.0,0.5,0.3,0.4,2.7,6.5,8.0,5.7,10.0,2.8,18.0,0.5,0.3,0.5,-87.3,-24.4,-14.4,-42.1,11.0,38.9,18.0,0.5,0.3,0.4,-55.0,-4.5,17.0,-14.9,11.0,36.7,18.0,0.5,0.3,0.4,-0.41,1.0,3.5,1.45,11.0,2.4,18.0,0.5,0.3,0.4,-3.0,7.4,13.0,7.8,11.0,12.4,18.0,0.5,0.3,0.4,2.91,5.43,7.56,4.97,11.0,2.5,18.0,0.5,0.3,0.4,22.4,30.2,41.4,31.5,11.0,14.7,18.0,0.5,0.3,0.4,-203.8,-105.5,-49.4,-108.5,11.0,77.5,18.0,0.5,0.3,0.4,-134.8,-31.9,62.9,-33.5,11.0,91.6,18.0,0.5,0.3,0.4,-114.8,-60.4,-29.4,-64.6,11.0,46.2,18.0,0.5,0.3,0.4,-75.0,-15.6,39.9,-17.7,11.0,54.8,18.0,0.5,0.3,0.4,-33.1,-20.1,-6.2,-20.4,11.0,18.2,18.0,0.5,0.3,0.4,-26.7,-10.3,7.1,-10.3,11.0,20.0,18.0,0.5,0.3,0.4,118.0,185.0,1004.0,486.5,11.0,494.0,18.0,0.5,0.3,0.4,120.0,185.0,1005.0,485.0,11.0,495.0,18.0,0.5,0.3,0.4
1974,2,139.0,23.0,21.3,23.25,24.57,22.97,10.0,1.78,12.0,0.6,0.3,0.3,19.59,22.25,23.91,21.95,10.0,2.43,12.0,0.6,0.3,0.3,8.87,13.58,16.41,13.04,10.0,3.86,12.0,0.6,0.3,0.3,60.7,79.1,92.7,77.8,10.0,15.2,12.0,0.6,0.3,4.6,5.7,7.7,6.02,10.0,1.96,12.0,0.6,0.3,0.3,-5.78,-2.23,2.28,-1.78,10.0,4.32,12.0,0.6,0.3,0.3,-4.59,1.82,5.68,1.11,10.0,4.53,12.0,0.6,0.3,0.3,1010.14,1014.7,1017.07,1013.81,10.0,3.33,12.0,0.6,0.3,0.3,3.0,4.5,7.6,5.1,10.0,2.2,12.0,0.6,0.3,0.3,-48.8,-12.3,10.5,-15.8,10.0,30.3,12.0,0.6,0.3,0.3,-23.8,8.5,40.0,9.6,10.0,32.1,12.0,0.6,0.3,0.3,-1.11,1.05,2.91,1.02,10.0,2.22,12.0,0.6,0.3,0.3,-7.7,4.3,19.3,4.1,10.0,13.7,12.0,0.6,0.3,0.3,1.07,4.41,8.07,4.5,10.0,3.4,12.0,0.6,0.3,0.3,4.4,22.1,46.9,25.3,10.0,20.4,12.0,0.6,0.3,0.3,-131.8,-48.0,50.1,-38.3,10.0,98.1,12.0,0.6,0.3,0.3,-90.0,39.0,129.4,29.8,10.0,97.2,12.0,0.6,0.3,0.3,-73.9,-30.1,29.6,-19.5,10.0,62.5,12.0,0.6,0.3,0.3,-37.0,24.2,84.7,26.3,10.0,55.1,12.0,0.6,0.3,0.3,-26.2,-0.9,6.1,-7.8,10.0,21.8,12.0,0.6,0.3,0.3,-37.1,2.4,11.2,-7.2,10.0,23.0,12.0,0.6,0.3,0.3,97.5,185.0,456.5,280.5,10.0,240.5,12.0,0.6,0.3,0.3,95.0,185.0,455.0,280.0,10.0,240.0,12.0,0.6,0.3,0.3
1974,2,139.0,24.0,21.22,22.0,24.31,22.29,15.0,1.81,14.0,0.5,0.6,0.4,17.18,20.0,21.73,19.68,17.0,2.52,14.0,0.5,0.6,0.3,8.32,10.57,13.05,10.6,16.0,2.56,14.0,0.5,0.6,0.3,64.5,73.9,82.1,73.2,16.0,9.1,14.0,0.5,0.3,5.1,6.7,9.53,7.3,17.0,2.31,14.0,0.5,0.6,0.3,-9.22,0.99,2.74,-2.01,17.0,5.53,14.0,0.5,0.6,0.3,-6.11,0.0,4.12,-0.74,17.0,5.15,14.0,0.5,0.6,0.3,1011.5,1016.0,1018.98,1015.64,17.0,3.35,14.0,0.5,0.6,0.3,2.0,5.5,7.0,5.0,16.0,2.4,14.0,0.6,0.5,0.3,-85.8,5.6,13.3,-20.2,17.0,52.5,14.0,0.5,0.6,0.3,-37.9,0.0,32.3,-3.0,17.0,40.7,14.0,0.5,0.6,0.3,0.0,2.0,5.5,2.63,15.0,2.45,14.0,0.5,0.6,0.4,0.0,18.6,30.7,17.3,15.0,15.3,14.0,0.5,0.6,0.4,3.7,5.87,9.16,6.23,15.0,2.59,14.0,0.5,0.6,0.4,20.1,38.1,66.4,42.3,15.0,20.9,14.0,0.5,0.6,0.4,-188.9,15.1,58.6,-42.2,17.0,113.0,14.0,0.5,0.6,0.3,-109.2,0.0,94.7,-5.4,17.0,101.2,14.0,0.5,0.6,0.3,-97.6,-0.6,28.2,-25.8,16.0,58.8,14.0,0.5,0.6,0.3,-45.3,0.0,62.2,7.0,16.0,55.7,14.0,0.5,0.6,0.3,-54.5,1.9,9.2,-14.9,15.0,32.7,14.0,0.5,0.6,0.4,-35.2,0.0,14.0,-11.3,15.0,30.2,14.0,0.5,0.6,0.4,132.5,301.0,867.5,501.5,17.0,429.5,14.0,0.5,0.6,0.3,135.0,300.0,865.0,500.0,17.0,430.0,14.0,0.5,0.6,0.3
1974,2,139.0,25.0,18.77,22.0,23.14,21.22,17.0,2.05,16.0,0.3,0.3,0.4,17.0,20.0,21.5,19.61,15.0,2.61,16.0,0.3,0.3,0.3,8.32,10.56,14.12,11.26,15.0,2.72,16.0,0.3,0.3,0.3,70.8,77.2,91.1,78.1,15.0,9.9,16.0,0.3,0.3,4.1,6.2,8.71,6.58,17.0,2.88,16.0,0.3,0.3,0.4,-7.45,-2.63,2.98,-2.32,17.0,4.42,16.0,0.3,0.3,0.4,-5.35,0.0,6.12,0.52,17.0,5.36,16.0,0.3,0.3,0.4,1011.54,1017.0,1019.64,1015.84,17.0,4.87,16.0,0.3,0.3,0.4,2.0,6.0,7.5,5.6,17.0,2.3,16.0,0.3,0.3,0.4,-57.4,-13.1,14.4,-18.2,17.0,36.5,16.0,0.3,0.3,0.4,-31.8,0.0,43.2,7.9,17.0,49.8,16.0,0.3,0.3,0.4,0.22,2.0,3.28,2.04,15.0,1.96,16.0,0.3,0.3,0.3,0.0,11.4,25.5,14.4,15.0,16.3,16.0,0.3,0.3,0.3,3.45,5.85,6.63,4.9,15.0,2.15,16.0,0.3,0.3,0.3,7.0,39.8,50.6,33.3,15.0,21.5,16.0,0.3,0.3,0.3,-145.4,-71.1,41.0,-58.1,15.0,85.4,16.0,0.3,0.3,0.3,-86.0,0.0,138.0,30.2,15.0,103.2,16.0,0.3,0.3,0.3,-75.6,-42.4,27.2,-29.4,15.0,49.4,16.0,0.3,0.3,0.3,-44.2,0.0,82.1,22.7,15.0,62.5,16.0,0.3,0.3,0.3,-41.7,-17.5,0.9,-19.8,15.0,21.0,16.0,0.3,0.3,0.3,-39.2,0.0,18.6,-1.5,15.0,28.2,16.0,0.3,0.3,0.3,69.0,238.5,668.0,434.0,17.0,476.5,16.0,0.3,0.3,0.4,70.0,240.0,670.0,435.0,17.0,475.0,16.0,0.3,0.3,0.4
1974,2,139.0,26.0,18.0,19.0,20.1,19.26,13.0,1.48,12.0,0.5,0.3,0.4,14.52,17.4,20.39,17.79,15.0,3.21,12.0,0.5,0.3,0.4,6.62,9.19,11.83,9.27,13.0,2.53,14.0,0.5,0.3,0.4,67.3,77.3,87.0,75.2,13.0,14.5,14.0,0.5,0.4,5.23,6.7,9.83,7.2,15.0,2.14,12.0,0.5,0.3,0.4,-6.89,-4.37,3.96,-2.27,15.0,5.35,12.0,0.5,0.3,0.4,-5.65,-3.66,3.5,-1.47,15.0,4.86,12.0,0.5,0.3,0.4,1010.44,1015.5,1018.6,1014.54,15.0,5.61,12.0,0.5,0.3,0.4,4.2,6.0,7.0,5.9,15.0,1.6,12.0,0.5,0.3,0.4,-55.4,-25.6,22.7,-18.9,15.0,46.3,12.0,0.5,0.3,0.4,-37.7,-20.9,27.9,-10.2,15.0,43.6,12.0,0.5,0.3,0.4,-0.6,2.1,4.87,1.94,13.0,3.15,12.0,0.5,0.3,0.4,-5.0,14.7,35.0,12.9,13.0,22.3,12.0,0.5,0.3,0.4,1.78,3.85,6.97,4.44,12.0,2.69,12.0,0.4,0.3,0.4,13.2,28.4,50.4,31.5,12.0,18.4,12.0,0.4,0.3,0.4,-148.8,-72.8,68.5,-47.7,15.0,97.2,12.0,0.5,0.3,0.4,-90.3,-61.7,78.3,-16.3,15.0,88.5,12.0,0.5,0.3,0.4,-68.6,-44.6,27.9,-23.8,13.0,52.7,14.0,0.5,0.3,0.4,-45.5,-33.3,31.9,-10.8,13.0,51.6,14.0,0.5,0.3,0.4,-22.8,-10.5,14.7,-5.8,12.0,23.2,12.0,0.4,0.3,0.4,-37.3,-18.2,4.5,-17.7,12.0,22.4,12.0,0.4,0.3,0.4,144.5,301.0,972.5,471.5,15.0,434.0,12.0,0.5,0.3,0.4,145.0,300.0,975.0,470.0,15.0,435.0,12.0,0.5,0.3,0.4
1974,2,139.0,27.0,18.18,18.5,20.18,19.04,5.0,1.15,12.0,0.8,0.4,0.5,13.71,16.75,17.5,15.95,6.0,2.01,10.0,0.7,0.3,0.4,5.6,7.57,10.7,8.12,4.0,3.1,12.0,0.8,0.4,0.4,59.1,69.3,85.4,72.1,4.0,17.0,12.0,0.8,0.4,5.58,8.45,9.13,7.87,6.0,2.12,10.0,0.7,0.3,0.4,-5.69,0.9,4.54,-0.62,6.0,6.41,10.0,0.7,0.3,0.4,-7.53,-5.35,0.76,-3.68,6.0,4.57,10.0,0.7,0.3,0.4,1010.99,1015.9,1019.04,1015.42,6.0,5.4,10.0,0.7,0.3,0.4,2.0,4.0,7.0,4.3,6.0,2.3,10.0,0.7,0.3,0.4,-43.8,12.4,39.0,-5.9,6.0,61.5,10.0,0.7,0.3,0.4,-65.5,-37.0,4.3,-30.7,6.0,36.1,10.0,0.7,0.3,0.4,1.63,2.6,5.03,3.3,5.0,2.32,12.0,0.8,0.4,0.5,13.4,17.4,42.5,27.2,5.0,20.5,12.0,0.8,0.4,0.5,3.39,5.51,7.94,5.66,4.0,2.69,12.0,0.8,0.4,0.4,28.7,50.2,67.3,48.1,4.0,24.9,12.0,0.8,0.4,0.4,-100.8,6.6,72.1,-18.0,6.0,105.0,10.0,0.7,0.3,0.4,-103.4,-81.2,13.5,-53.2,6.0,71.6,10.0,0.7,0.3,0.4,-77.5,-13.4,27.0,-24.7,4.0,62.8,12.0,0.8,0.4,0.4,-39.2,-16.9,23.0,-8.5,4.0,39.7,12.0,0.8,0.4,0.4,-28.1,12.4,37.7,5.1,4.0,39.4,12.0,0.8,0.4,0.4,-55.5,-22.5,5.7,-24.8,4.0,36.1,12.0,0.8,0.4,0.4,174.5,605.0,782.5,574.5,6.0,407.5,10.0,0.7,0.3,0.4,175.0,605.0,785.0,575.0,6.0,410.0,10.0,0.7,0.3,0.4
1974,2,139.0,28.0,18.0,18.7,19.55,18.93,7.0,0.94,18.0,1.0,0.6,0.2,13.43,18.9,19.62,17.29,7.0,3.58,18.0,1.0,0.6,0.2,6.74,11.25,12.25,9.68,7.0,2.9,18.0,1.0,0.6,0.2,64.6,78.1,82.6,76.8,7.0,9.9,18.0,1.0,0.2,7.5,9.3,10.85,8.81,7.0,2.71,18.0,1.0,0.6,0.2,-4.67,0.0,7.75,2.26,7.0,6.34,18.0,1.0,0.6,0.2,-4.24,3.6,8.23,2.16,7.0,6.81,18.0,1.0,0.6,0.2,1011.64,1014.9,1016.81,1015.56,7.0,4.69,18.0,1.0,0.6,0.2,4.8,6.0,7.0,5.4,7.0,2.6,18.0,1.0,0.6,0.2,-43.7,0.0,77.6,24.0,7.0,66.8,18.0,1.0,0.6,0.2,-49.6,13.0,75.7,14.2,7.0,67.9,18.0,1.0,0.6,0.2,-1.5,-0.2,6.07,1.64,7.0,3.71,18.0,1.0,0.6,0.2,-12.4,-0.7,65.9,19.1,7.0,41.1,18.0,1.0,0.6,0.2,1.24,2.19,7.33,3.91,7.0,2.96,18.0,1.0,0.6,0.2,11.2,18.3,85.2,38.2,7.0,34.6,18.0,1.0,0.6,0.2,-91.0,0.0,121.9,22.7,7.0,96.2,18.0,1.0,0.6,0.2,-51.5,68.0,170.9,56.3,7.0,118.3,18.0,1.0,0.6,0.2,-53.9,0.0,53.6,8.4,7.0,51.6,18.0,1.0,0.6,0.2,-28.5,44.0,100.6,36.4,7.0,65.7,18.0,1.0,0.6,0.2,-5.9,0.0,56.0,23.5,7.0,35.8,18.0,1.0,0.6,0.2,-31.2,4.4,16.0,-7.7,7.0,30.1,18.0,1.0,0.6,0.2,437.0,804.5,1278.0,836.5,7.0,539.5,18.0,1.0,0.6,0.2,435.0,805.0,1280.0,835.0,7.0,540.0,18.0,1.0,0.6,0.2
1974,2,139.0,29.0,16.9,17.0,18.09,17.26,7.0,1.44,16.0,0.9,0.1,0.4,13.59,15.0,17.53,15.46,11.0,2.44,14.0,0.7,0.3,0.4,6.33,7.54,10.57,8.51,10.0,2.55,14.0,0.7,0.3,0.4,63.8,71.5,89.8,74.8,10.0,12.3,14.0,0.7,0.4,6.21,9.3,12.96,9.35,11.0,4.61,14.0,0.7,0.3,0.4,-1.59,6.66,12.2,5.62,11.0,7.37,14.0,0.7,0.3,0.4,-6.04,-4.21,-1.2,-3.87,11.0,3.44,14.0,0.7,0.3,0.4,1011.05,1014.7,1021.0,1015.27,11.0,4.65,14.0,0.7,0.3,0.4,2.6,6.0,7.4,5.2,11.0,2.5,14.0,0.7,0.3,0.4,-12.2,58.0,162.0,71.1,11.0,94.5,14.0,0.7,0.3,0.4,-51.5,-43.2,-4.9,-43.7,11.0,52.4,14.0,0.7,0.3,0.4,-0.57,1.0,3.09,0.99,7.0,2.79,16.0,0.9,0.1,0.4,-1.8,4.1,51.3,15.2,7.0,32.6,16.0,0.9,0.1,0.4,0.65,1.7,4.8,2.39,6.0,2.01,16.0,0.8,0.1,0.4,4.9,8.7,69.8,28.9,6.0,36.3,16.0,0.8,0.1,0.4,-26.2,100.0,163.5,74.6,11.0,114.9,14.0,0.7,0.3,0.4,-94.7,-54.7,-14.7,-55.6,11.0,51.1,14.0,0.7,0.3,0.4,-24.5,42.7,81.5,31.2,10.0,60.7,14.0,0.7,0.3,0.4,-59.0,-28.6,-8.2,-30.4,10.0,29.0,14.0,0.7,0.3,0.4,-4.2,4.3,64.4,21.4,6.0,33.9,16.0,0.8,0.1,0.4,-20.2,-5.7,0.2,-12.6,6.0,20.7,16.0,0.8,0.1,0.4,296.5,804.5,2201.5,1323.0,11.0,1436.5,14.0,0.7,0.3,0.4,295.0,805.0,2200.0,1325.0,11.0,1435.0,14.0,0.7,0.3,0.4
1974,2,139.0,30.0,17.6,17.9,18.23,17.98,10.0,0.44,8.0,0.4,0.4,0.5,11.86,13.0,16.79,14.09,11.0,2.25,10.0,0.5,0.4,0.5,5.75,5.93,8.85,7.09,9.0,2.12,10.0,0.4,0.5,0.5,59.7,67.1,76.5,68.4,9.0,12.2,10.0,0.4,0.5,6.2,10.0,13.7,10.16,9.0,4.36,10.0,0.4,0.5,0.5,0.55,4.75,11.19,5.18,9.0,6.87,10.0,0.4,0.5,0.5,-10.57,-6.33,-0.76,-5.72,9.0,4.56,10.0,0.4,0.5,0.5,1008.55,1019.2,1022.41,1016.66,9.0,7.25,10.0,0.4,0.5,0.5,5.6,7.0,8.0,6.7,11.0,1.8,10.0,0.5,0.4,0.5,6.5,29.4,148.2,71.0,9.0,111.2,10.0,0.4,0.5,0.5,-119.9,-94.0,-6.2,-68.4,9.0,56.7,10.0,0.4,0.5,0.5,2.5,4.6,6.0,4.2,10.0,1.8,8.0,0.4,0.4,0.5,13.1,46.9,66.5,45.9,8.0,34.8,10.0,0.4,0.5,0.5,5.51,6.67,6.99,6.28,8.0,1.02,10.0,0.4,0.5,0.5,34.1,74.6,81.5,66.9,8.0,34.1,10.0,0.4,0.5,0.5,6.6,77.8,172.4,71.3,9.0,97.6,10.0,0.4,0.5,0.5,-130.9,-75.9,-13.0,-75.2,9.0,56.2,10.0,0.4,0.5,0.5,3.2,29.8,88.9,37.4,9.0,49.0,10.0,0.4,0.5,0.5,-59.9,-37.5,-8.7,-36.6,9.0,25.1,10.0,0.4,0.5,0.5,1.5,23.4,66.8,31.7,8.0,47.1,10.0,0.4,0.5,0.5,-73.2,-42.7,-1.9,-39.9,8.0,33.2,10.0,0.4,0.5,0.5,238.5,1000.0,2624.0,1606.0,9.0,1990.5,10.0,0.4,0.5,0.5,240.0,1000.0,2625.0,1605.0,9.0,1990.0,10.0,0.4,0.5,0.5
1974,2,139.0,31.0,17.69,17.8,18.79,18.13,10.0,0.84,6.0,0.5,0.4,0.4,11.4,11.95,15.14,12.79,10.0,1.91,6.0,0.5,0.4,0.4,5.05,5.84,9.6,6.84,7.0,2.39,8.0,0.3,0.4,0.5,52.3,66.7,83.5,70.4,7.0,16.2,8.0,0.3,0.5,7.7,9.0,18.52,11.63,7.0,5.08,8.0,0.3,0.4,0.5,-1.46,5.79,17.41,6.96,7.0,8.45,8.0,0.3,0.4,0.5,-7.58,-6.67,-6.49,-6.89,7.0,0.51,8.0,0.3,0.4,0.5,1003.45,1010.3,1020.88,1012.36,7.0,9.38,8.0,0.3,0.4,0.5,5.3,8.0,8.0,7.1,10.0,1.7,6.0,0.5,0.4,0.4,-11.2,52.1,322.5,115.6,7.0,153.2,8.0,0.3,0.4,0.5,-117.4,-62.0,-51.3,-79.0,7.0,31.0,8.0,0.3,0.4,0.5,4.1,6.2,6.4,5.34,10.0,1.8,6.0,0.5,0.4,0.4,28.2,57.6,86.7,59.8,7.0,34.7,8.0,0.3,0.4,0.5,4.94,7.1,8.24,6.26,7.0,2.38,8.0,0.3,0.4,0.5,38.1,74.1,132.7,78.3,7.0,51.6,8.0,0.3,0.4,0.5,-18.5,66.0,210.6,87.4,7.0,112.1,8.0,0.3,0.4,0.5,-106.8,-91.0,-78.5,-91.3,7.0,12.5,8.0,0.3,0.4,0.5,-11.0,36.8,91.3,36.0,7.0,50.9,8.0,0.3,0.4,0.5,-64.0,-40.6,-32.9,-46.9,7.0,15.9,8.0,0.3,0.4,0.5,-5.8,47.6,124.7,55.7,7.0,61.2,8.0,0.3,0.4,0.5,-54.8,-48.8,-33.0,-43.3,7.0,16.7,8.0,0.3,0.4,0.5,456.5,729.0,6357.0,2419.0,7.0,2887.5,8.0,0.3,0.4,0.5,455.0,730.0,6355.0,2420.0,7.0,2890.0,8.0,0.3,0.4,0.5
1974,2,139.0,32.0,17.45,18.0,18.28,17.98,13.0,1.14,6.0,0.5,0.4,0.6,11.13,12.1,15.12,12.67,15.0,2.74,6.0,0.5,0.4,0.6,4.75,6.39,9.0,6.64,10.0,2.24,6.0,0.7,0.4,0.6,57.6,74.3,89.8,73.9,10.0,16.2,6.0,0.7,0.6,7.41,10.15,14.93,10.51,12.0,4.58,8.0,0.7,0.4,0.6,-5.12,2.98,6.85,1.07,12.0,7.77,8.0,0.7,0.4,0.6,-11.05,-8.18,-2.41,-6.3,12.0,6.04,8.0,0.7,0.4,0.6,1010.36,1015.6,1022.3,1016.25,12.0,6.4,8.0,0.7,0.4,0.6,3.0,6.0,8.0,5.5,13.0,2.2,6.0,0.6,0.4,0.6,-51.9,25.9,79.8,7.8,12.0,121.5,8.0,0.7,0.4,0.6,-147.2,-71.1,-11.0,-78.2,12.0,86.9,8.0,0.7,0.4,0.6,3.94,5.9,7.37,5.44,13.0,2.43,6.0,0.5,0.4,0.6,18.9,47.9,114.7,57.8,10.0,44.0,6.0,0.7,0.4,0.6,2.95,6.64,7.88,5.84,9.0,2.52,4.0,0.7,0.4,0.6,24.0,66.4,96.7,61.7,9.0,35.0,4.0,0.7,0.4,0.6,-81.3,35.9,84.0,9.9,12.0,92.0,8.0,0.7,0.4,0.6,-122.8,-91.8,-39.8,-69.4,12.0,85.0,8.0,0.7,0.4,0.6,-38.8,14.4,68.3,9.5,10.0,59.5,6.0,0.7,0.4,0.6,-72.1,-48.4,-21.2,-36.9,10.0,53.5,6.0,0.7,0.4,0.6,-45.0,8.7,23.1,-5.5,9.0,44.9,4.0,0.7,0.4,0.6,-71.8,-56.9,-11.0,-43.2,9.0,36.7,4.0,0.7,0.4,0.6,445.0,1046.5,3369.0,1783.5,12.0,2045.0,8.0,0.7,0.4,0.6,445.0,1045.0,3370.0,1785.0,12.0,2045.0,8.0,0.7,0.4,0.6
1974,2,139.0,33.0,17.71,18.5,18.6,18.3,8.0,0.95,10.0,0.5,0.4,0.5,8.92,10.2,15.11,11.53,13.0,3.86,14.0,0.6,0.5,0.5,3.74,5.15,7.43,5.86,7.0,2.55,14.0,0.4,0.5,0.5,49.8,72.2,95.2,72.9,7.0,22.2,14.0,0.4,0.5,6.97,9.0,14.07,9.74,10.0,4.17,14.0,0.5,0.5,0.5,-2.48,2.18,9.96,3.59,10.0,6.85,14.0,0.5,0.5,0.5,-6.95,-3.81,-0.58,-2.71,10.0,7.31,14.0,0.5,0.5,0.5,1008.29,1018.7,1024.88,1016.78,9.0,8.48,14.0,0.4,0.5,0.4,2.1,6.0,7.9,5.1,14.0,2.4,12.0,0.6,0.5,0.5,-24.4,23.6,105.1,45.5,10.0,86.0,14.0,0.5,0.5,0.5,-52.9,-39.8,-1.2,-15.5,10.0,101.6,14.0,0.5,0.5,0.5,6.64,8.45,8.5,7.59,8.0,3.4,10.0,0.5,0.4,0.5,46.1,69.7,126.1,85.5,5.0,68.4,12.0,0.4,0.3,0.5,4.55,8.24,9.42,6.96,6.0,3.35,12.0,0.5,0.4,0.5,48.4,74.8,89.2,68.9,5.0,34.2,12.0,0.4,0.3,0.5,-26.2,44.7,74.9,34.9,9.0,62.5,16.0,0.6,0.5,0.5,-69.3,-27.0,-3.6,-12.5,9.0,107.1,16.0,0.6,0.5,0.5,-17.1,10.0,48.1,17.0,6.0,40.6,14.0,0.3,0.4,0.5,-40.4,-17.0,24.1,1.3,6.0,88.1,14.0,0.3,0.4,0.5,-37.8,-11.7,41.2,2.9,5.0,63.2,12.0,0.4,0.3,0.5,-67.9,-49.6,-6.6,-38.1,5.0,35.9,12.0,0.4,0.3,0.5,355.5,731.5,2885.0,1375.0,10.0,1408.0,14.0,0.5,0.5,0.5,355.0,730.0,2885.0,1375.0,10.0,1410.0,14.0,0.5,0.5,0.5
1974,2,139.0,34.0,13.39,15.8,18.75,15.83,21.0,2.86,14.0,0.6,0.5,0.5,7.0,9.35,15.24,10.8,24.0,3.9,16.0,0.6,0.5,0.6,3.73,4.46,8.21,5.3,14.0,2.36,16.0,0.4,0.5,0.5,53.7,65.5,86.3,66.7,14.0,16.0,16.0,0.4,0.5,3.43,7.2,12.3,7.71,22.0,4.4,16.0,0.5,0.5,0.6,-4.71,0.0,10.35,1.65,22.0,6.71,16.0,0.5,0.5,0.6,-5.57,-2.07,2.14,-1.79,22.0,5.51,16.0,0.5,0.5,0.6,1007.14,1014.3,1022.33,1014.7,21.0,8.42,16.0,0.5,0.5,0.6,0.2,5.0,8.0,4.3,21.0,3.2,14.0,0.6,0.5,0.5,-32.7,0.0,126.5,31.0,22.0,81.4,16.0,0.5,0.5,0.6,-45.7,-9.3,28.7,-14.8,22.0,70.0,16.0,0.5,0.5,0.6,-0.47,5.6,9.97,5.01,21.0,4.87,14.0,0.6,0.5,0.5,-7.6,24.5,68.1,36.9,19.0,55.0,16.0,0.5,0.5,0.6,3.23,5.7,9.11,5.88,12.0,2.86,16.0,0.4,0.5,0.5,17.6,38.5,63.0,44.4,12.0,35.3,16.0,0.4,0.5,0.5,-56.2,0.0,89.4,16.4,22.0,74.0,16.0,0.5,0.5,0.6,-73.2,-18.9,28.7,-11.5,22.0,70.2,16.0,0.5,0.5,0.6,-21.2,0.0,43.7,7.7,14.0,29.2,16.0,0.4,0.5,0.5,-50.6,-8.1,5.4,-7.7,14.0,45.8,16.0,0.4,0.5,0.5,-16.0,0.0,51.0,15.2,12.0,40.8,16.0,0.4,0.5,0.5,-37.6,-16.4,13.3,-14.3,12.0,35.6,16.0,0.4,0.5,0.5,43.0,373.0,1861.0,921.5,22.0,1379.5,16.0,0.5,0.5,0.6,45.0,375.0,1860.0,920.0,22.0,1380.0,16.0,0.5,0.5,0.6
1974,2,139.0,35.0,6.9,9.85,15.65,11.02,6.0,4.36,14.0,0.5,0.8,0.3,3.71,5.6,8.91,6.11,9.0,2.71,14.0,0.3,0.8,0.4,2.47,2.76,3.79,2.95,7.0,0.75,16.0,0.3,0.8,0.5,41.3,47.6,59.7,50.5,7.0,9.9,16.0,0.3,0.5,0.97,5.1,7.93,4.97,9.0,3.49,14.0,0.3,0.8,0.4,-1.19,0.0,1.31,-0.5,9.0,2.68,14.0,0.3,0.8,0.4,-7.27,-4.1,-0.66,-4.33,9.0,3.37,14.0,0.3,0.8,0.4,1023.58,1025.2,1025.72,1024.1,9.0,4.23,14.0,0.3,0.8,0.4,1.0,3.0,5.5,3.1,9.0,2.3,14.0,0.3,0.8,0.4,-6.1,0.0,13.5,-2.0,9.0,20.2,14.0,0.3,0.8,0.4,-56.4,-17.7,-3.3,-30.9,9.0,33.8,14.0,0.3,0.8,0.4,2.73,4.15,5.93,4.92,6.0,3.49,14.0,0.5,0.8,0.3,0.0,13.7,37.2,22.9,6.0,31.9,14.0,0.5,0.8,0.3,3.28,3.35,5.21,4.2,4.0,1.76,16.0,0.5,0.8,0.3,0.0,6.1,12.9,6.4,4.0,7.4,16.0,0.5,0.8,0.3,-5.6,0.0,7.1,-1.3,9.0,16.8,14.0,0.3,0.8,0.4,-49.9,-16.4,-2.4,-24.6,9.0,25.1,14.0,0.3,0.8,0.4,-0.2,0.0,4.6,1.3,7.0,3.6,16.0,0.3,0.8,0.5,-21.5,-10.2,0.0,-11.0,7.0,9.6,16.0,0.3,0.8,0.5,-2.2,0.0,0.0,-1.0,4.0,2.1,16.0,0.5,0.8,0.3,-12.5,-5.8,0.0,-6.2,4.0,7.3,16.0,0.5,0.8,0.3,12.5,132.5,503.5,278.0,9.0,357.5,14.0,0.3,0.8,0.4,15.0,135.0,505.0,280.0,9.0,355.0,14.0,0.3,0.8,0.4
1974,2,139.0,38.0,,,,,,,,,,,,,,,,,,,,,,,,,,,,,,,,,,,,,,,,4.33,11.8,14.19,9.98,5.0,6.01,10.0,0.2,0.2,0.7,-5.38,-2.3,1.14,-2.17,5.0,4.06,10.0,0.2,0.2,0.7,-13.63,-5.1,2.08,-5.4,5.0,10.09,10.0,0.2,0.2,0.7,1006.68,1012.75,1016.75,1012.12,6.0,5.79,10.0,0.3,0.1,0.6,,,,,,,,,,,,,,,,,,,,,,,,,,,,,,,,,,,,,,,,,,,,,,,,,,,,,,,,,,,,,,,,,,,,,,,,,,,,,,,,,,,,,,,,,,,,,,,,,,,,,,,,,,,,,,,,,,,,,,,,,,,,,,,,,,,,,,,,,,,,,,,,,,,,,,
1974,2,139.0,39.0,,,,,,,,,,,,,,,,,,,,,,,,,,,,,,,,,,,,,,,,4.49,7.0,8.66,6.97,10.0,2.55,14.0,0.6,0.3,0.4,0.3,5.1,7.1,3.75,10.0,3.88,14.0,0.6,0.3,0.4,-6.2,-4.07,1.84,-2.83,10.0,4.57,14.0,0.6,0.3,0.4,1011.79,1019.0,1024.0,1018.6,10.0,6.14,14.0,0.6,0.3,0.4,,,,,,,,,,,,,,,,,,,,,,,,,,,,,,,,,,,,,,,,,,,,,,,,,,,,,,,,,,,,,,,,,,,,,,,,,,,,,,,,,,,,,,,,,,,,,,,,,,,,,,,,,,,,,,,,,,,,,,,,,,,,,,,,,,,,,,,,,,,,,,,,,,,,,,
1974,2,139.0,40.0,7.94,8.5,10.0,8.43,32.0,1.96,12.0,0.5,0.4,0.5,-0.45,2.2,5.58,2.39,36.0,3.18,12.0,0.5,0.4,0.5,2.24,3.07,3.9,3.07,2.0,1.72,10.0,0.5,0.2,0.8,60.4,76.5,92.5,76.5,2.0,33.3,10.0,0.5,0.8,4.0,8.7,12.83,8.83,33.0,4.62,12.0,0.5,0.4,0.5,-3.93,4.63,11.48,3.89,33.0,7.38,12.0,0.5,0.4,0.5,-6.39,-2.05,2.98,-1.43,33.0,5.44,12.0,0.5,0.4,0.5,1008.81,1016.4,1023.8,1015.97,36.0,7.38,12.0,0.5,0.4,0.5,1.8,7.0,8.0,6.0,32.0,2.9,12.0,0.6,0.4,0.5,-15.7,37.8,137.1,54.9,33.0,101.2,12.0,0.5,0.4,0.5,-63.9,-14.1,14.6,-16.5,33.0,75.1,12.0,0.5,0.4,0.5,2.62,6.0,9.58,6.02,32.0,3.52,12.0,0.5,0.4,0.5,11.9,48.7,105.5,59.1,29.0,51.6,12.0,0.4,0.4,0.5,3.12,3.29,3.46,3.29,2.0,0.36,10.0,0.5,0.2,0.8,23.4,23.4,23.4,23.4,1.0,0.0,8.0,0.0,0.2,0.8,-21.2,0.0,18.4,2.0,33.0,22.4,12.0,0.5,0.4,0.5,-16.9,-1.9,9.0,0.0,33.0,19.5,12.0,0.5,0.4,0.5,-32.5,-32.5,-32.5,-32.5,1.0,0.0,8.0,0.0,0.2,0.8,-5.7,-5.7,-5.7,-5.7,1.0,0.0,8.0,0.0,0.2,0.8,-23.1,-23.1,-23.1,-23.1,1.0,0.0,8.0,0.0,0.2,0.8,-4.1,-4.1,-4.1,-4.1,1.0,0.0,8.0,0.0,0.2,0.8,64.0,658.5,2114.0,1278.0,33.0,1963.5,12.0,0.5,0.4,0.5,65.0,660.0,2115.0,1280.0,33.0,1965.0,12.0,0.5,0.4,0.5
1974,2,139.0,41.0,2.0,7.0,9.2,6.09,121.0,3.24,14.0,0.5,0.5,0.5,-3.2,0.85,4.0,0.51,126.0,3.52,14.0,0.5,0.5,0.5,2.93,3.07,3.21,3.07,2.0,0.29,16.0,0.0,0.2,0.3,70.5,73.1,75.8,73.1,2.0,5.4,16.0,0.0,0.3,5.1,8.7,12.91,9.14,120.0,3.88,14.0,0.5,0.5,0.5,-1.44,5.32,10.42,4.41,120.0,6.32,14.0,0.5,0.5,0.5,-7.06,-3.25,3.36,-2.73,120.0,5.68,14.0,0.5,0.5,0.5,1008.49,1014.7,1023.03,1015.19,126.0,7.4,16.0,0.5,0.5,0.5,5.0,7.0,8.0,6.3,106.0,2.5,14.0,0.6,0.5,0.5,-5.8,38.3,127.9,46.7,120.0,82.0,14.0,0.5,0.5,0.5,-78.4,-24.8,24.6,-33.0,120.0,76.0,14.0,0.5,0.5,0.5,1.67,5.1,9.0,5.47,119.0,4.1,14.0,0.5,0.5,0.5,10.3,45.2,90.0,51.7,112.0,49.3,14.0,0.5,0.5,0.5,3.28,3.55,3.82,3.55,2.0,0.57,16.0,0.0,0.2,0.3,12.3,21.3,30.2,21.3,2.0,18.5,16.0,0.0,0.2,0.3,-24.3,0.0,18.7,-2.6,118.0,29.2,14.0,0.5,0.5,0.5,-12.1,0.0,19.6,2.7,118.0,18.9,14.0,0.5,0.5,0.5,-22.8,-11.6,-0.4,-11.6,2.0,23.2,16.0,0.0,0.2,0.3,-4.0,-0.4,3.3,-0.4,2.0,7.5,16.0,0.0,0.2,0.3,-27.6,-14.3,-0.9,-14.3,2.0,27.7,16.0,0.0,0.2,0.3,-4.3,-0.2,4.0,-0.2,2.0,8.7,16.0,0.0,0.2,0.3,132.5,658.5,2152.5,1189.5,120.0,1375.0,14.0,0.5,0.5,0.5,135.0,660.0,2150.0,1190.0,120.0,1375.0,14.0,0.5,0.5,0.5
1974,2,139.0,42.0,3.28,6.0,8.12,5.91,81.0,2.55,14.0,0.6,0.5,0.4,-2.0,0.7,3.05,0.43,86.0,2.63,14.0,0.6,0.5,0.4,4.01,4.01,4.01,4.01,1.0,0.0,20.0,1.0,0.0,0.2,93.1,93.1,93.1,93.1,1.0,0.0,20.0,1.0,0.2,5.06,9.0,13.94,9.29,87.0,4.07,14.0,0.6,0.5,0.4,-0.72,5.0,9.35,4.38,87.0,5.63,14.0,0.6,0.5,0.4,-9.19,-3.35,3.48,-3.49,87.0,6.36,14.0,0.6,0.5,0.4,1007.73,1015.5,1022.23,1015.1,85.0,6.99,14.0,0.6,0.5,0.4,5.0,7.0,8.0,6.4,80.0,1.9,14.0,0.6,0.5,0.4,-1.9,40.5,106.7,47.6,87.0,71.3,14.0,0.6,0.5,0.4,-115.2,-19.2,20.6,-44.1,87.0,87.1,14.0,0.6,0.5,0.4,2.36,4.95,9.73,5.58,80.0,3.98,14.0,0.6,0.5,0.4,10.6,49.1,98.3,54.8,80.0,47.6,14.0,0.6,0.5,0.4,3.11,3.11,3.11,3.11,1.0,0.0,20.0,1.0,0.0,0.2,0.0,0.0,0.0,0.0,1.0,0.0,20.0,1.0,0.0,0.2,-16.9,0.0,14.8,-1.3,86.0,18.4,14.0,0.6,0.5,0.4,-11.4,0.0,12.4,1.1,86.0,18.7,14.0,0.6,0.5,0.4,0.0,0.0,0.0,0.0,1.0,0.0,20.0,1.0,0.0,0.2,0.0,0.0,0.0,0.0,1.0,0.0,20.0,1.0,0.0,0.2,0.0,0.0,0.0,0.0,1.0,0.0,20.0,1.0,0.0,0.2,0.0,0.0,0.0,0.0,1.0,0.0,20.0,1.0,0.0,0.2,130.0,729.0,2706.0,1263.0,87.0,1352.5,14.0,0.6,0.5,0.4,130.0,730.0,2705.0,1265.0,87.0,1355.0,14.0,0.6,0.5,0.4
1974,2,139.0,43.0,,,,,,,,,,,,,,,,,,,,,,,,,,,,,,,,,,,,,,,,5.12,9.25,15.88,10.11,20.0,5.05,14.0,0.4,0.6,0.3,0.0,6.72,14.91,5.82,20.0,7.68,14.0,0.4,0.6,0.3,-6.2,-1.46,3.59,-2.03,20.0,5.82,14.0,0.4,0.6,0.3,1008.9,1014.9,1021.39,1014.52,20.0,6.52,14.0,0.4,0.6,0.3,,,,,,,,,,,,,,,,,,,,,,,,,,,,,,,,,,,,,,,,,,,,,,,,,,,,,,,,,,,,,,,,,,,,,,,,,,,,,,,,,,,,,,,,,,,,,,,,,,,,,,,,,,,,,,,,,,,,,,,,,,,,,,,,,,,,,,,,,,,,,,,,,,,,,,
1974,2,139.0,44.0,,,,,,,,,,,,,,,,,,,,,,,,,,,,,,,,,,,,,,,,4.4,8.5,15.57,9.62,22.0,5.36,14.0,0.6,0.4,0.3,-2.0,1.88,8.56,3.2,22.0,5.97,14.0,0.6,0.4,0.3,-12.6,-3.74,3.86,-4.06,22.0,7.87,14.0,0.6,0.4,0.3,1008.36,1015.2,1021.95,1015.07,24.0,6.48,14.0,0.6,0.4,0.3,,,,,,,,,,,,,,,,,,,,,,,,,,,,,,,,,,,,,,,,,,,,,,,,,,,,,,,,,,,,,,,,,,,,,,,,,,,,,,,,,,,,,,,,,,,,,,,,,,,,,,,,,,,,,,,,,,,,,,,,,,,,,,,,,,,,,,,,,,,,,,,,,,,,,,
1974,2,139.0,45.0,,,,,,,,,,,,,,,,,,,,,,,,,,,,,,,,,,,,,,,,5.1,8.45,12.4,8.44,34.0,3.59,14.0,0.5,0.5,0.5,-6.56,1.11,5.83,0.3,34.0,5.49,14.0,0.5,0.5,0.5,-10.45,-5.17,-0.24,-5.38,34.0,5.13,14.0,0.5,0.5,0.5,1008.26,1017.1,1024.67,1015.9,36.0,8.22,14.0,0.5,0.5,0.5,,,,,,,,,,,,,,,,,,,,,,,,,,,,,,,,,,,,,,,,,,,,,,,,,,,,,,,,,,,,,,,,,,,,,,,,,,,,,,,,,,,,,,,,,,,,,,,,,,,,,,,,,,,,,,,,,,,,,,,,,,,,,,,,,,,,,,,,,,,,,,,,,,,,,,
1974,2,139.0,46.0,,,,,,,,,,,,,,,,,,,,,,,,,,,,,,,,,,,,,,,,4.04,6.6,12.8,7.94,16.0,5.28,16.0,0.6,0.4,0.4,-4.62,0.96,3.8,0.26,16.0,5.62,16.0,0.6,0.4,0.4,-9.4,-4.29,0.0,-4.69,16.0,6.33,16.0,0.6,0.4,0.4,1008.93,1012.9,1023.05,1014.54,16.0,6.93,16.0,0.6,0.4,0.4,,,,,,,,,,,,,,,,,,,,,,,,,,,,,,,,,,,,,,,,,,,,,,,,,,,,,,,,,,,,,,,,,,,,,,,,,,,,,,,,,,,,,,,,,,,,,,,,,,,,,,,,,,,,,,,,,,,,,,,,,,,,,,,,,,,,,,,,,,,,,,,,,,,,,,
1974,2,139.0,47.0,,,,,,,,,,,,,,,,,,,,,,,,,,,,,,,,,,,,,,,,5.66,9.4,12.0,9.22,42.0,3.62,16.0,0.6,0.5,0.5,-4.02,1.96,7.54,1.54,42.0,5.57,16.0,0.6,0.5,0.5,-11.13,-6.91,-1.46,-6.48,42.0,4.87,16.0,0.6,0.5,0.5,1005.4,1011.7,1021.95,1012.73,42.0,6.63,16.0,0.6,0.5,0.5,,,,,,,,,,,,,,,,,,,,,,,,,,,,,,,,,,,,,,,,,,,,,,,,,,,,,,,,,,,,,,,,,,,,,,,,,,,,,,,,,,,,,,,,,,,,,,,,,,,,,,,,,,,,,,,,,,,,,,,,,,,,,,,,,,,,,,,,,,,,,,,,,,,,,,
1974,2,139.0,48.0,,,,,,,,,,,,,,,,,,,,,,,,,,,,,,,,,,,,,,,,3.0,7.45,12.03,7.6,6.0,4.45,16.0,0.7,0.8,0.2,-6.18,-1.5,0.21,-2.58,6.0,5.14,16.0,0.7,0.8,0.2,-9.24,-4.53,-2.6,-5.81,6.0,3.78,16.0,0.7,0.8,0.2,1002.73,1007.85,1013.79,1008.65,6.0,7.07,16.0,0.7,0.8,0.2,,,,,,,,,,,,,,,,,,,,,,,,,,,,,,,,,,,,,,,,,,,,,,,,,,,,,,,,,,,,,,,,,,,,,,,,,,,,,,,,,,,,,,,,,,,,,,,,,,,,,,,,,,,,,,,,,,,,,,,,,,,,,,,,,,,,,,,,,,,,,,,,,,,,,,
1974,2,140.0,-65.0,1.7,1.7,1.7,1.7,1.0,0.0,4.0,0.0,0.4,0.1,1.1,1.1,1.1,1.1,1.0,0.0,4.0,0.0,0.4,0.1,4.22,4.22,4.22,4.22,1.0,0.0,4.0,0.0,0.4,0.1,100.0,100.0,100.0,100.0,1.0,0.0,4.0,0.0,0.1,3.6,3.6,3.6,3.6,1.0,0.0,4.0,0.0,0.4,0.1,-3.12,-3.12,-3.12,-3.12,1.0,0.0,4.0,0.0,0.4,0.1,1.8,1.8,1.8,1.8,1.0,0.0,4.0,0.0,0.4,0.1,982.6,982.6,982.6,982.6,1.0,0.0,4.0,0.0,0.4,0.1,8.0,8.0,8.0,8.0,1.0,0.0,4.0,0.0,0.4,0.1,-11.2,-11.2,-11.2,-11.2,1.0,0.0,4.0,0.0,0.4,0.1,6.5,6.5,6.5,6.5,1.0,0.0,4.0,0.0,0.4,0.1,0.6,0.6,0.6,0.6,1.0,0.0,4.0,0.0,0.4,0.1,2.2,2.2,2.2,2.2,1.0,0.0,4.0,0.0,0.4,0.1,0.19,0.19,0.19,0.19,1.0,0.0,4.0,0.0,0.4,0.1,0.7,0.7,0.7,0.7,1.0,0.0,4.0,0.0,0.4,0.1,-3.4,-3.4,-3.4,-3.4,1.0,0.0,4.0,0.0,0.4,0.1,2.0,2.0,2.0,2.0,1.0,0.0,4.0,0.0,0.4,0.1,-13.2,-13.2,-13.2,-13.2,1.0,0.0,4.0,0.0,0.4,0.1,7.6,7.6,7.6,7.6,1.0,0.0,4.0,0.0,0.4,0.1,-0.6,-0.6,-0.6,-0.6,1.0,0.0,4.0,0.0,0.4,0.1,0.3,0.3,0.3,0.3,1.0,0.0,4.0,0.0,0.4,0.1,46.5,46.5,46.5,46.5,1.0,0.0,4.0,0.0,0.4,0.1,45.0,45.0,45.0,45.0,1.0,0.0,4.0,0.0,0.4,0.1
1974,2,140.0,-43.0,15.0,15.0,15.0,15.0,1.0,0.0,24.0,0.0,0.2,0.9,14.9,14.9,14.9,14.9,1.0,0.0,24.0,0.0,0.2,0.9,8.14,8.14,8.14,8.14,1.0,0.0,24.0,0.0,0.2,0.9,78.0,78.0,78.0,78.0,1.0,0.0,24.0,0.0,0.9,10.3,10.3,10.3,10.3,1.0,0.0,24.0,0.0,0.2,0.9,7.89,7.89,7.89,7.89,1.0,0.0,24.0,0.0,0.2,0.9,6.62,6.62,6.62,6.62,1.0,0.0,24.0,0.0,0.2,0.9,1018.2,1018.2,1018.2,1018.2,1.0,0.0,24.0,0.0,0.2,0.9,8.0,8.0,8.0,8.0,1.0,0.0,24.0,0.0,0.2,0.9,81.3,81.3,81.3,81.3,1.0,0.0,24.0,0.0,0.2,0.9,68.2,68.2,68.2,68.2,1.0,0.0,24.0,0.0,0.2,0.9,0.1,0.1,0.1,0.1,1.0,0.0,24.0,0.0,0.2,0.9,1.0,1.0,1.0,1.0,1.0,0.0,24.0,0.0,0.2,0.9,2.38,2.38,2.38,2.38,1.0,0.0,24.0,0.0,0.2,0.9,24.5,24.5,24.5,24.5,1.0,0.0,24.0,0.0,0.2,0.9,117.6,117.6,117.6,117.6,1.0,0.0,24.0,0.0,0.2,0.9,98.6,98.6,98.6,98.6,1.0,0.0,24.0,0.0,0.2,0.9,64.3,64.3,64.3,64.3,1.0,0.0,24.0,0.0,0.2,0.9,53.9,53.9,53.9,53.9,1.0,0.0,24.0,0.0,0.2,0.9,18.8,18.8,18.8,18.8,1.0,0.0,24.0,0.0,0.2,0.9,15.8,15.8,15.8,15.8,1.0,0.0,24.0,0.0,0.2,0.9,1092.5,1092.5,1092.5,1092.5,1.0,0.0,24.0,0.0,0.2,0.9,1095.0,1095.0,1095.0,1095.0,1.0,0.0,24.0,0.0,0.2,0.9
1974,2,140.0,-40.0,17.7,17.7,17.7,17.7,1.0,0.0,10.0,0.0,0.5,0.5,17.0,17.0,17.0,17.0,1.0,0.0,10.0,0.0,0.5,0.5,11.19,11.19,11.19,11.19,1.0,0.0,10.0,0.0,0.5,0.5,93.8,93.8,93.8,93.8,1.0,0.0,10.0,0.0,0.5,4.6,4.6,4.6,4.6,1.0,0.0,10.0,0.0,0.5,0.5,-4.6,-4.6,-4.6,-4.6,1.0,0.0,10.0,0.0,0.5,0.5,0.0,0.0,0.0,0.0,1.0,0.0,10.0,0.0,0.5,0.5,1021.2,1021.2,1021.2,1021.2,1.0,0.0,10.0,0.0,0.5,0.5,3.0,3.0,3.0,3.0,1.0,0.0,10.0,0.0,0.5,0.5,-21.2,-21.2,-21.2,-21.2,1.0,0.0,10.0,0.0,0.5,0.5,0.0,0.0,0.0,0.0,1.0,0.0,10.0,0.0,0.5,0.5,0.7,0.7,0.7,0.7,1.0,0.0,10.0,0.0,0.5,0.5,3.2,3.2,3.2,3.2,1.0,0.0,10.0,0.0,0.5,0.5,1.29,1.29,1.29,1.29,1.0,0.0,10.0,0.0,0.5,0.5,5.9,5.9,5.9,5.9,1.0,0.0,10.0,0.0,0.5,0.5,-78.2,-78.2,-78.2,-78.2,1.0,0.0,10.0,0.0,0.5,0.5,0.0,0.0,0.0,0.0,1.0,0.0,10.0,0.0,0.5,0.5,-51.5,-51.5,-51.5,-51.5,1.0,0.0,10.0,0.0,0.5,0.5,0.0,0.0,0.0,0.0,1.0,0.0,10.0,0.0,0.5,0.5,-5.9,-5.9,-5.9,-5.9,1.0,0.0,10.0,0.0,0.5,0.5,0.0,0.0,0.0,0.0,1.0,0.0,10.0,0.0,0.5,0.5,97.5,97.5,97.5,97.5,1.0,0.0,10.0,0.0,0.5,0.5,95.0,95.0,95.0,95.0,1.0,0.0,10.0,0.0,0.5,0.5
1974,2,140.0,-39.0,17.21,17.95,18.21,17.92,10.0,0.89,18.0,0.3,0.4,0.7,16.01,16.8,19.5,17.6,11.0,1.98,18.0,0.3,0.4,0.7,8.91,9.88,11.07,10.0,10.0,1.78,18.0,0.3,0.4,0.7,76.5,80.9,85.4,80.3,10.0,7.9,18.0,0.3,0.7,4.6,5.7,8.36,6.07,11.0,2.31,18.0,0.3,0.4,0.7,-5.12,-1.15,5.6,0.3,11.0,5.02,18.0,0.3,0.4,0.7,-1.88,2.96,5.25,1.81,11.0,4.12,18.0,0.3,0.4,0.7,1013.24,1019.4,1020.44,1017.1,11.0,4.55,18.0,0.3,0.4,0.7,5.6,8.0,8.0,6.7,11.0,2.1,18.0,0.3,0.4,0.7,-32.8,-1.7,39.6,5.6,11.0,38.9,18.0,0.3,0.4,0.7,-13.1,13.6,33.1,9.4,11.0,32.1,18.0,0.3,0.4,0.7,-2.26,0.8,2.27,0.44,10.0,2.52,18.0,0.3,0.4,0.7,-5.5,4.1,15.6,3.7,10.0,17.5,18.0,0.3,0.4,0.7,1.19,2.43,4.79,2.72,10.0,2.11,18.0,0.3,0.4,0.7,8.4,14.5,33.0,18.2,10.0,15.8,18.0,0.3,0.4,0.7,-86.0,-24.7,104.5,7.2,11.0,91.4,18.0,0.3,0.4,0.7,-36.2,48.2,85.0,26.2,11.0,72.5,18.0,0.3,0.4,0.7,-32.6,-7.7,63.3,10.2,10.0,50.9,18.0,0.3,0.4,0.7,-25.5,18.2,51.5,12.1,10.0,41.1,18.0,0.3,0.4,0.7,-12.1,0.4,10.7,-1.3,10.0,13.3,18.0,0.3,0.4,0.7,-2.9,4.0,26.6,10.7,10.0,17.7,18.0,0.3,0.4,0.7,97.5,185.0,600.0,310.0,11.0,283.0,18.0,0.3,0.4,0.7,95.0,185.0,600.0,310.0,11.0,285.0,18.0,0.3,0.4,0.7
1974,2,140.0,-14.0,28.0,28.0,28.0,28.0,1.0,0.0,20.0,1.0,0.3,1.0,28.8,28.8,28.8,28.8,1.0,0.0,20.0,1.0,0.3,1.0,19.51,19.51,19.51,19.51,1.0,0.0,20.0,1.0,0.3,1.0,78.5,78.5,78.5,78.5,1.0,0.0,20.0,1.0,1.0,0.0,0.0,0.0,0.0,1.0,0.0,20.0,1.0,0.3,1.0,0.0,0.0,0.0,0.0,1.0,0.0,20.0,1.0,0.3,1.0,0.0,0.0,0.0,0.0,1.0,0.0,20.0,1.0,0.3,1.0,1008.6,1008.6,1008.6,1008.6,1.0,0.0,20.0,1.0,0.3,1.0,7.0,7.0,7.0,7.0,1.0,0.0,20.0,1.0,0.3,1.0,0.0,0.0,0.0,0.0,1.0,0.0,20.0,1.0,0.3,1.0,0.0,0.0,0.0,0.0,1.0,0.0,20.0,1.0,0.3,1.0,-0.8,-0.8,-0.8,-0.8,1.0,0.0,20.0,1.0,0.3,1.0,0.0,0.0,0.0,0.0,1.0,0.0,20.0,1.0,0.3,1.0,4.26,4.26,4.26,4.26,1.0,0.0,20.0,1.0,0.3,1.0,0.0,0.0,0.0,0.0,1.0,0.0,20.0,1.0,0.3,1.0,0.0,0.0,0.0,0.0,1.0,0.0,20.0,1.0,0.3,1.0,0.0,0.0,0.0,0.0,1.0,0.0,20.0,1.0,0.3,1.0,0.0,0.0,0.0,0.0,1.0,0.0,20.0,1.0,0.3,1.0,0.0,0.0,0.0,0.0,1.0,0.0,20.0,1.0,0.3,1.0,0.0,0.0,0.0,0.0,1.0,0.0,20.0,1.0,0.3,1.0,0.0,0.0,0.0,0.0,1.0,0.0,20.0,1.0,0.3,1.0,0.0,0.0,0.0,0.0,1.0,0.0,20.0,1.0,0.3,1.0,0.0,0.0,0.0,0.0,1.0,0.0,20.0,1.0,0.3,1.0
1974,2,140.0,-13.0,28.0,28.0,28.0,28.0,1.0,0.0,26.0,0.0,0.7,0.5,27.4,27.4,27.4,27.4,1.0,0.0,26.0,0.0,0.7,0.5,22.46,22.46,22.46,22.46,1.0,0.0,26.0,0.0,0.7,0.5,97.7,97.7,97.7,97.7,1.0,0.0,26.0,0.0,0.5,3.6,3.6,3.6,3.6,1.0,0.0,26.0,0.0,0.7,0.5,3.55,3.55,3.55,3.55,1.0,0.0,26.0,0.0,0.7,0.5,-0.63,-0.63,-0.63,-0.63,1.0,0.0,26.0,0.0,0.7,0.5,1005.9,1005.9,1005.9,1005.9,1.0,0.0,26.0,0.0,0.7,0.5,8.0,8.0,8.0,8.0,1.0,0.0,26.0,0.0,0.7,0.5,12.8,12.8,12.8,12.8,1.0,0.0,26.0,0.0,0.7,0.5,-2.3,-2.3,-2.3,-2.3,1.0,0.0,26.0,0.0,0.7,0.5,0.6,0.6,0.6,0.6,1.0,0.0,26.0,0.0,0.7,0.5,2.2,2.2,2.2,2.2,1.0,0.0,26.0,0.0,0.7,0.5,1.38,1.38,1.38,1.38,1.0,0.0,26.0,0.0,0.7,0.5,5.0,5.0,5.0,5.0,1.0,0.0,26.0,0.0,0.7,0.5,97.1,97.1,97.1,97.1,1.0,0.0,26.0,0.0,0.7,0.5,-17.1,-17.1,-17.1,-17.1,1.0,0.0,26.0,0.0,0.7,0.5,79.6,79.6,79.6,79.6,1.0,0.0,26.0,0.0,0.7,0.5,-14.0,-14.0,-14.0,-14.0,1.0,0.0,26.0,0.0,0.7,0.5,4.9,4.9,4.9,4.9,1.0,0.0,26.0,0.0,0.7,0.5,-0.9,-0.9,-0.9,-0.9,1.0,0.0,26.0,0.0,0.7,0.5,46.5,46.5,46.5,46.5,1.0,0.0,26.0,0.0,0.7,0.5,45.0,45.0,45.0,45.0,1.0,0.0,26.0,0.0,0.7,0.5
1974,2,140.0,-12.0,28.0,28.0,28.0,28.0,1.0,0.0,14.0,1.0,0.4,1.0,28.0,28.0,28.0,28.0,1.0,0.0,14.0,1.0,0.4,1.0,19.45,19.45,19.45,19.45,1.0,0.0,14.0,1.0,0.4,1.0,81.8,81.8,81.8,81.8,1.0,0.0,14.0,1.0,1.0,8.2,8.2,8.2,8.2,1.0,0.0,14.0,1.0,0.4,1.0,7.1,7.1,7.1,7.1,1.0,0.0,14.0,1.0,0.4,1.0,-4.1,-4.1,-4.1,-4.1,1.0,0.0,14.0,1.0,0.4,1.0,1005.3,1005.3,1005.3,1005.3,1.0,0.0,14.0,1.0,0.4,1.0,8.0,8.0,8.0,8.0,1.0,0.0,14.0,1.0,0.4,1.0,58.2,58.2,58.2,58.2,1.0,0.0,14.0,1.0,0.4,1.0,-33.6,-33.6,-33.6,-33.6,1.0,0.0,14.0,1.0,0.4,1.0,0.0,0.0,0.0,0.0,1.0,0.0,14.0,1.0,0.4,1.0,0.0,0.0,0.0,0.0,1.0,0.0,14.0,1.0,0.4,1.0,4.39,4.39,4.39,4.39,1.0,0.0,14.0,1.0,0.4,1.0,36.0,36.0,36.0,36.0,1.0,0.0,14.0,1.0,0.4,1.0,198.8,198.8,198.8,198.8,1.0,0.0,14.0,1.0,0.4,1.0,-114.8,-114.8,-114.8,-114.8,1.0,0.0,14.0,1.0,0.4,1.0,138.1,138.1,138.1,138.1,1.0,0.0,14.0,1.0,0.4,1.0,-79.8,-79.8,-79.8,-79.8,1.0,0.0,14.0,1.0,0.4,1.0,31.2,31.2,31.2,31.2,1.0,0.0,14.0,1.0,0.4,1.0,-18.0,-18.0,-18.0,-18.0,1.0,0.0,14.0,1.0,0.4,1.0,551.5,551.5,551.5,551.5,1.0,0.0,14.0,1.0,0.4,1.0,550.0,550.0,550.0,550.0,1.0,0.0,14.0,1.0,0.4,1.0
1974,2,140.0,-11.0,27.8,28.2,29.4,28.47,6.0,0.74,14.0,0.7,0.5,0.3,27.0,27.4,28.89,27.45,8.0,1.34,14.0,0.8,0.5,0.3,18.84,19.29,20.82,19.69,6.0,1.03,14.0,0.7,0.5,0.3,81.3,88.1,94.5,88.1,6.0,6.5,14.0,0.7,0.3,6.7,7.95,10.12,7.51,8.0,2.8,14.0,0.8,0.5,0.3,5.13,6.62,7.44,5.98,8.0,2.3,14.0,0.8,0.5,0.3,-7.67,-2.89,-1.18,-3.74,8.0,3.19,14.0,0.8,0.5,0.3,1001.91,1004.15,1006.43,1004.19,8.0,2.28,14.0,0.8,0.5,0.3,6.9,7.0,8.0,7.0,7.0,1.0,16.0,0.9,0.5,0.2,38.8,55.2,68.0,49.6,8.0,23.2,14.0,0.8,0.5,0.3,-77.3,-24.8,-2.6,-33.4,8.0,33.8,14.0,0.8,0.5,0.3,0.43,1.7,2.52,1.53,6.0,1.25,14.0,0.7,0.5,0.3,3.9,14.9,24.7,13.9,6.0,11.6,14.0,0.7,0.5,0.3,4.64,4.93,5.25,4.89,6.0,0.38,14.0,0.7,0.5,0.3,32.7,41.4,50.0,41.3,6.0,9.8,14.0,0.7,0.5,0.3,129.0,179.1,205.7,163.9,8.0,65.5,14.0,0.8,0.5,0.3,-205.6,-80.7,-32.3,-100.4,8.0,84.6,14.0,0.8,0.5,0.3,119.5,133.6,140.8,128.2,6.0,18.3,14.0,0.7,0.5,0.3,-164.3,-96.3,-17.7,-91.0,6.0,70.1,14.0,0.7,0.5,0.3,27.5,32.4,35.8,31.9,6.0,5.4,14.0,0.7,0.5,0.3,-38.3,-25.6,-4.7,-22.7,6.0,16.7,14.0,0.7,0.5,0.3,301.0,504.0,1044.5,557.0,8.0,384.0,14.0,0.8,0.5,0.3,300.0,505.0,1045.0,555.0,8.0,385.0,14.0,0.8,0.5,0.3
1974,2,140.0,-3.0,28.23,28.5,28.77,28.5,2.0,0.57,24.0,0.0,0.4,0.8,27.65,27.75,27.85,27.75,2.0,0.21,24.0,0.0,0.4,0.8,17.5,17.51,17.52,17.51,2.0,0.02,24.0,0.0,0.4,0.8,74.5,74.9,75.4,74.9,2.0,0.9,24.0,0.0,0.8,1.15,2.55,3.95,2.55,2.0,2.9,24.0,0.0,0.4,0.8,0.32,1.94,3.57,1.94,2.0,3.36,24.0,0.0,0.4,0.8,-1.28,-0.66,-0.04,-0.66,2.0,1.29,24.0,0.0,0.4,0.8,1006.14,1006.65,1007.16,1006.65,2.0,1.06,24.0,0.0,0.4,0.8,2.5,3.5,4.5,3.5,2.0,2.1,24.0,0.0,0.4,0.8,3.0,9.8,16.7,9.8,2.0,14.2,24.0,0.0,0.4,0.8,-6.1,-3.6,-1.0,-3.6,2.0,5.2,24.0,0.0,0.4,0.8,0.37,0.75,1.13,0.75,2.0,0.78,24.0,0.0,0.4,0.8,0.7,0.8,0.9,0.8,2.0,0.2,24.0,0.0,0.4,0.8,6.62,7.02,7.42,7.02,2.0,0.83,24.0,0.0,0.4,0.8,7.9,16.7,25.5,16.7,2.0,18.2,24.0,0.0,0.4,0.8,9.1,54.3,99.6,54.3,2.0,93.7,24.0,0.0,0.4,0.8,-35.8,-18.5,-1.2,-18.5,2.0,35.9,24.0,0.0,0.4,0.8,5.6,34.0,62.4,34.0,2.0,58.9,24.0,0.0,0.4,0.8,-22.5,-11.6,-0.7,-11.6,2.0,22.6,24.0,0.0,0.4,0.8,1.6,12.3,22.9,12.3,2.0,22.0,24.0,0.0,0.4,0.8,-8.2,-4.1,0.0,-4.1,2.0,8.5,24.0,0.0,0.4,0.8,15.5,48.5,82.0,48.5,2.0,68.5,24.0,0.0,0.4,0.8,15.0,50.0,80.0,50.0,2.0,70.0,24.0,0.0,0.4,0.8
1974,2,140.0,-1.0,30.5,30.5,30.5,30.5,1.0,0.0,4.0,1.0,0.7,0.5,30.0,30.0,30.0,30.0,3.0,0.0,4.0,0.7,0.7,0.6,17.44,17.65,17.65,17.55,3.0,0.18,4.0,0.7,0.7,0.6,65.3,66.2,66.2,65.8,3.0,0.7,4.0,0.7,0.6,1.5,1.5,2.59,2.03,3.0,0.92,4.0,0.7,0.7,0.6,1.41,1.41,2.44,1.91,3.0,0.87,4.0,0.7,0.7,0.6,-0.89,-0.51,-0.51,-0.7,3.0,0.32,4.0,0.7,0.7,0.6,1004.53,1004.8,1004.8,1004.67,3.0,0.23,4.0,0.7,0.7,0.6,5.0,5.0,5.0,5.0,3.0,0.0,4.0,0.7,0.7,0.6,2.1,2.1,6.8,4.4,3.0,4.0,4.0,0.7,0.7,0.6,-2.5,-0.8,-0.8,-1.6,3.0,1.5,4.0,0.7,0.7,0.6,0.5,0.5,0.5,0.5,1.0,0.0,4.0,1.0,0.7,0.5,0.8,0.8,0.8,0.8,1.0,0.0,4.0,1.0,0.7,0.5,10.31,10.31,10.31,10.31,1.0,0.0,4.0,1.0,0.7,0.5,15.5,15.5,15.5,15.5,1.0,0.0,4.0,1.0,0.7,0.5,42.3,42.3,73.1,57.3,3.0,26.0,4.0,0.7,0.7,0.6,-26.6,-15.4,-15.4,-20.9,3.0,9.5,4.0,0.7,0.7,0.6,24.6,24.9,43.0,33.6,3.0,15.5,4.0,0.7,0.7,0.6,-15.7,-9.1,-8.9,-12.2,3.0,5.6,4.0,0.7,0.7,0.6,14.5,14.5,14.5,14.5,1.0,0.0,4.0,1.0,0.7,0.5,-5.3,-5.3,-5.3,-5.3,1.0,0.0,4.0,1.0,0.7,0.5,3.5,3.5,21.5,12.0,3.0,15.5,4.0,0.7,0.7,0.6,5.0,5.0,20.0,10.0,3.0,15.0,4.0,0.7,0.7,0.6
1974,2,140.0,3.0,28.6,28.6,28.6,28.6,1.0,0.0,24.0,1.0,0.1,0.1,28.6,28.6,28.6,28.6,1.0,0.0,24.0,1.0,0.1,0.1,17.66,17.66,17.66,17.66,1.0,0.0,24.0,1.0,0.1,0.1,71.7,71.7,71.7,71.7,1.0,0.0,24.0,1.0,0.1,,,,,,,,,,,,,,,,,,,,,,,,,,,,,,,,,,,,,,,,,,,,,,,,,,,,,,,,,,,,,,,,,,,,,,,,,,,,,,,,,,,,,,,,,,,,,,,,,,,,,,,,,,,,,,,,,,,,,,,,,,,,,,,,,,,,,,,,,,,,,,,,,,,,,,,,,,,,,,,,,,,,,,,,,,,,,,,,,,,,,,,,,,,,,,
1974,2,140.0,5.0,30.0,30.0,30.0,30.0,1.0,0.0,16.0,0.0,0.2,0.7,28.0,28.0,28.0,28.0,1.0,0.0,16.0,0.0,0.2,0.7,19.88,19.88,19.88,19.88,1.0,0.0,16.0,0.0,0.2,0.7,83.8,83.8,83.8,83.8,1.0,0.0,16.0,0.0,0.7,9.3,9.3,9.3,9.3,1.0,0.0,16.0,0.0,0.2,0.7,-8.05,-8.05,-8.05,-8.05,1.0,0.0,16.0,0.0,0.2,0.7,-4.65,-4.65,-4.65,-4.65,1.0,0.0,16.0,0.0,0.2,0.7,1007.6,1007.6,1007.6,1007.6,1.0,0.0,16.0,0.0,0.2,0.7,8.0,8.0,8.0,8.0,1.0,0.0,16.0,0.0,0.2,0.7,-74.9,-74.9,-74.9,-74.9,1.0,0.0,16.0,0.0,0.2,0.7,-43.2,-43.2,-43.2,-43.2,1.0,0.0,16.0,0.0,0.2,0.7,2.0,2.0,2.0,2.0,1.0,0.0,16.0,0.0,0.2,0.7,18.6,18.6,18.6,18.6,1.0,0.0,16.0,0.0,0.2,0.7,6.88,6.88,6.88,6.88,1.0,0.0,16.0,0.0,0.2,0.7,64.0,64.0,64.0,64.0,1.0,0.0,16.0,0.0,0.2,0.7,-225.5,-225.5,-225.5,-225.5,1.0,0.0,16.0,0.0,0.2,0.7,-130.2,-130.2,-130.2,-130.2,1.0,0.0,16.0,0.0,0.2,0.7,-160.1,-160.1,-160.1,-160.1,1.0,0.0,16.0,0.0,0.2,0.7,-92.5,-92.5,-92.5,-92.5,1.0,0.0,16.0,0.0,0.2,0.7,-55.4,-55.4,-55.4,-55.4,1.0,0.0,16.0,0.0,0.2,0.7,-32.0,-32.0,-32.0,-32.0,1.0,0.0,16.0,0.0,0.2,0.7,804.5,804.5,804.5,804.5,1.0,0.0,16.0,0.0,0.2,0.7,805.0,805.0,805.0,805.0,1.0,0.0,16.0,0.0,0.2,0.7
1974,2,140.0,6.0,,,,,,,,,,,,,,,,,,,,,,,,,,,,,,,,,,,,,,,,7.2,7.2,7.2,7.2,1.0,0.0,20.0,1.0,0.9,0.6,-4.63,-4.63,-4.63,-4.63,1.0,0.0,20.0,1.0,0.9,0.6,-5.52,-5.52,-5.52,-5.52,1.0,0.0,20.0,1.0,0.9,0.6,1006.1,1006.1,1006.1,1006.1,1.0,0.0,20.0,1.0,0.9,0.6,,,,,,,,,,,,,,,,,,,,,,,,,,,,,,,,,,,,,,,,,,,,,,,,,,,,,,,,,,,,,,,,,,,,,,,,,,,,,,,,,,,,,,,,,,,,,,,,,,,,,,,,,,,,,,,,,,,,,,,,,,,,,,,,,,,,,,,,,,,,,,,,,,,,,,
1974,2,140.0,7.0,28.9,28.9,28.9,28.9,1.0,0.0,16.0,0.0,0.9,0.3,27.13,27.4,27.67,27.4,2.0,0.57,18.0,0.0,0.5,0.2,19.26,19.26,19.26,19.26,1.0,0.0,16.0,0.0,0.9,0.3,82.3,82.3,82.3,82.3,1.0,0.0,16.0,0.0,0.3,8.95,9.5,10.05,9.5,2.0,1.13,18.0,0.0,0.5,0.2,-8.8,-8.55,-8.29,-8.55,2.0,0.53,18.0,0.0,0.5,0.2,-4.8,-4.06,-3.32,-4.06,2.0,1.54,18.0,0.0,0.5,0.2,1009.46,1009.6,1009.74,1009.6,2.0,0.28,18.0,0.0,0.5,0.2,6.3,7.0,7.7,7.0,2.0,1.4,18.0,0.0,0.5,0.2,-88.6,-81.5,-74.4,-81.5,2.0,14.7,18.0,0.0,0.5,0.2,-48.7,-39.5,-30.2,-39.5,2.0,19.2,18.0,0.0,0.5,0.2,1.1,1.1,1.1,1.1,1.0,0.0,16.0,0.0,0.9,0.3,11.3,11.3,11.3,11.3,1.0,0.0,16.0,0.0,0.9,0.3,5.79,5.79,5.79,5.79,1.0,0.0,16.0,0.0,0.9,0.3,59.6,59.6,59.6,59.6,1.0,0.0,16.0,0.0,0.9,0.3,-243.7,-234.4,-225.1,-234.4,2.0,19.3,18.0,0.0,0.5,0.2,-133.2,-111.8,-90.3,-111.8,2.0,44.4,18.0,0.0,0.5,0.2,-171.8,-171.8,-171.8,-171.8,1.0,0.0,16.0,0.0,0.9,0.3,-99.2,-99.2,-99.2,-99.2,1.0,0.0,16.0,0.0,0.9,0.3,-51.6,-51.6,-51.6,-51.6,1.0,0.0,16.0,0.0,0.9,0.3,-29.8,-29.8,-29.8,-29.8,1.0,0.0,16.0,0.0,0.9,0.3,727.5,875.5,1024.0,875.5,2.0,307.0,18.0,0.0,0.5,0.2,725.0,875.0,1025.0,875.0,2.0,305.0,18.0,0.0,0.5,0.2
1974,2,140.0,9.0,27.4,27.4,27.4,27.4,1.0,0.0,8.0,0.0,0.2,0.8,26.8,26.8,26.8,26.8,1.0,0.0,8.0,0.0,0.2,0.8,19.56,19.56,19.56,19.56,1.0,0.0,8.0,0.0,0.2,0.8,88.3,88.3,88.3,88.3,1.0,0.0,8.0,0.0,0.8,2.6,2.6,2.6,2.6,1.0,0.0,8.0,0.0,0.2,0.8,-2.56,-2.56,-2.56,-2.56,1.0,0.0,8.0,0.0,0.2,0.8,-0.45,-0.45,-0.45,-0.45,1.0,0.0,8.0,0.0,0.2,0.8,1005.9,1005.9,1005.9,1005.9,1.0,0.0,8.0,0.0,0.2,0.8,7.0,7.0,7.0,7.0,1.0,0.0,8.0,0.0,0.2,0.8,-6.7,-6.7,-6.7,-6.7,1.0,0.0,8.0,0.0,0.2,0.8,-1.2,-1.2,-1.2,-1.2,1.0,0.0,8.0,0.0,0.2,0.8,0.6,0.6,0.6,0.6,1.0,0.0,8.0,0.0,0.2,0.8,1.6,1.6,1.6,1.6,1.0,0.0,8.0,0.0,0.2,0.8,3.44,3.44,3.44,3.44,1.0,0.0,8.0,0.0,0.2,0.8,8.9,8.9,8.9,8.9,1.0,0.0,8.0,0.0,0.2,0.8,-68.6,-68.6,-68.6,-68.6,1.0,0.0,8.0,0.0,0.2,0.8,-12.1,-12.1,-12.1,-12.1,1.0,0.0,8.0,0.0,0.2,0.8,-50.1,-50.1,-50.1,-50.1,1.0,0.0,8.0,0.0,0.2,0.8,-8.8,-8.8,-8.8,-8.8,1.0,0.0,8.0,0.0,0.2,0.8,-8.8,-8.8,-8.8,-8.8,1.0,0.0,8.0,0.0,0.2,0.8,-1.6,-1.6,-1.6,-1.6,1.0,0.0,8.0,0.0,0.2,0.8,17.5,17.5,17.5,17.5,1.0,0.0,8.0,0.0,0.2,0.8,20.0,20.0,20.0,20.0,1.0,0.0,8.0,0.0,0.2,0.8
1974,2,140.0,10.0,27.5,27.5,27.5,27.5,1.0,0.0,22.0,0.0,0.9,0.5,27.2,27.2,27.2,27.2,1.0,0.0,22.0,0.0,0.9,0.5,18.84,18.84,18.84,18.84,1.0,0.0,22.0,0.0,0.9,0.5,83.2,83.2,83.2,83.2,1.0,0.0,22.0,0.0,0.5,9.3,9.3,9.3,9.3,1.0,0.0,22.0,0.0,0.9,0.5,-8.74,-8.74,-8.74,-8.74,1.0,0.0,22.0,0.0,0.9,0.5,-3.18,-3.18,-3.18,-3.18,1.0,0.0,22.0,0.0,0.9,0.5,1007.0,1007.0,1007.0,1007.0,1.0,0.0,22.0,0.0,0.9,0.5,8.0,8.0,8.0,8.0,1.0,0.0,22.0,0.0,0.9,0.5,-81.3,-81.3,-81.3,-81.3,1.0,0.0,22.0,0.0,0.9,0.5,-29.6,-29.6,-29.6,-29.6,1.0,0.0,22.0,0.0,0.9,0.5,0.3,0.3,0.3,0.3,1.0,0.0,22.0,0.0,0.9,0.5,2.8,2.8,2.8,2.8,1.0,0.0,22.0,0.0,0.9,0.5,4.27,4.27,4.27,4.27,1.0,0.0,22.0,0.0,0.9,0.5,39.7,39.7,39.7,39.7,1.0,0.0,22.0,0.0,0.9,0.5,-237.7,-237.7,-237.7,-237.7,1.0,0.0,22.0,0.0,0.9,0.5,-86.5,-86.5,-86.5,-86.5,1.0,0.0,22.0,0.0,0.9,0.5,-164.6,-164.6,-164.6,-164.6,1.0,0.0,22.0,0.0,0.9,0.5,-59.9,-59.9,-59.9,-59.9,1.0,0.0,22.0,0.0,0.9,0.5,-37.3,-37.3,-37.3,-37.3,1.0,0.0,22.0,0.0,0.9,0.5,-13.6,-13.6,-13.6,-13.6,1.0,0.0,22.0,0.0,0.9,0.5,804.5,804.5,804.5,804.5,1.0,0.0,22.0,0.0,0.9,0.5,805.0,805.0,805.0,805.0,1.0,0.0,22.0,0.0,0.9,0.5
1974,2,140.0,11.0,27.6,27.6,27.6,27.6,1.0,0.0,22.0,1.0,0.6,0.8,27.9,27.9,27.9,27.9,1.0,0.0,22.0,1.0,0.6,0.8,17.79,17.79,17.79,17.79,1.0,0.0,22.0,1.0,0.6,0.8,75.6,75.6,75.6,75.6,1.0,0.0,22.0,1.0,0.8,10.8,10.8,10.8,10.8,1.0,0.0,22.0,1.0,0.6,0.8,-9.35,-9.35,-9.35,-9.35,1.0,0.0,22.0,1.0,0.6,0.8,-5.4,-5.4,-5.4,-5.4,1.0,0.0,22.0,1.0,0.6,0.8,1009.1,1009.1,1009.1,1009.1,1.0,0.0,22.0,1.0,0.6,0.8,4.0,4.0,4.0,4.0,1.0,0.0,22.0,1.0,0.6,0.8,-101.0,-101.0,-101.0,-101.0,1.0,0.0,22.0,1.0,0.6,0.8,-58.3,-58.3,-58.3,-58.3,1.0,0.0,22.0,1.0,0.6,0.8,-0.3,-0.3,-0.3,-0.3,1.0,0.0,22.0,1.0,0.6,0.8,-3.2,-3.2,-3.2,-3.2,1.0,0.0,22.0,1.0,0.6,0.8,5.4,5.4,5.4,5.4,1.0,0.0,22.0,1.0,0.6,0.8,58.4,58.4,58.4,58.4,1.0,0.0,22.0,1.0,0.6,0.8,-261.0,-261.0,-261.0,-261.0,1.0,0.0,22.0,1.0,0.6,0.8,-150.7,-150.7,-150.7,-150.7,1.0,0.0,22.0,1.0,0.6,0.8,-166.4,-166.4,-166.4,-166.4,1.0,0.0,22.0,1.0,0.6,0.8,-96.1,-96.1,-96.1,-96.1,1.0,0.0,22.0,1.0,0.6,0.8,-50.5,-50.5,-50.5,-50.5,1.0,0.0,22.0,1.0,0.6,0.8,-29.2,-29.2,-29.2,-29.2,1.0,0.0,22.0,1.0,0.6,0.8,1259.5,1259.5,1259.5,1259.5,1.0,0.0,22.0,1.0,0.6,0.8,1260.0,1260.0,1260.0,1260.0,1.0,0.0,22.0,1.0,0.6,0.8
1974,2,140.0,12.0,27.1,27.6,29.05,28.05,4.0,1.37,12.0,0.5,0.3,0.5,27.24,27.5,27.5,27.38,4.0,0.25,12.0,0.5,0.3,0.5,16.93,18.09,18.78,17.87,4.0,1.13,12.0,0.5,0.3,0.5,74.7,80.0,81.7,78.3,4.0,4.8,12.0,0.5,0.5,4.34,7.7,11.06,7.7,4.0,3.88,12.0,0.5,0.3,0.5,-7.59,-4.99,-3.7,-5.62,4.0,2.69,12.0,0.5,0.3,0.5,-7.7,-4.02,-2.08,-4.85,4.0,3.67,12.0,0.5,0.3,0.5,1007.61,1010.0,1011.5,1009.58,4.0,2.33,12.0,0.5,0.3,0.5,4.5,5.5,6.0,5.3,4.0,1.0,12.0,0.5,0.3,0.5,-83.3,-41.9,-16.2,-49.4,4.0,41.1,12.0,0.5,0.3,0.5,-85.7,-34.6,-8.9,-46.7,4.0,48.5,12.0,0.5,0.3,0.5,-0.4,0.1,1.81,0.68,4.0,1.61,12.0,0.5,0.3,0.5,-4.5,-0.6,8.2,1.7,4.0,8.7,12.0,0.5,0.3,0.5,4.24,5.6,7.81,6.0,4.0,2.41,12.0,0.5,0.3,0.5,29.9,41.4,55.5,42.7,4.0,19.3,12.0,0.5,0.3,0.5,-208.7,-136.0,-100.8,-153.9,4.0,74.4,12.0,0.5,0.3,0.5,-211.7,-110.5,-56.8,-133.1,4.0,101.0,12.0,0.5,0.3,0.5,-131.1,-90.7,-66.8,-98.6,4.0,41.7,12.0,0.5,0.3,0.5,-138.5,-69.2,-38.0,-87.4,4.0,69.0,12.0,0.5,0.3,0.5,-49.6,-30.1,-17.8,-33.5,4.0,19.6,12.0,0.5,0.3,0.5,-34.4,-24.1,-13.8,-24.1,4.0,11.9,12.0,0.5,0.3,0.5,82.5,678.5,1355.5,717.0,4.0,736.0,12.0,0.5,0.3,0.5,80.0,680.0,1355.0,715.0,4.0,735.0,12.0,0.5,0.3,0.5
1974,2,140.0,13.0,27.71,28.3,29.3,28.48,5.0,1.05,20.0,0.6,0.2,0.4,26.47,27.9,28.9,27.65,6.0,1.29,18.0,0.7,0.2,0.4,17.09,18.16,20.33,18.68,4.0,2.34,22.0,0.5,0.3,0.4,75.7,77.2,83.4,79.5,4.0,5.8,22.0,0.5,0.4,5.97,8.2,10.71,8.38,6.0,2.65,18.0,0.7,0.2,0.4,-9.88,-8.08,-5.54,-7.79,6.0,2.35,18.0,0.7,0.2,0.4,-4.07,-2.34,-1.47,-2.87,6.0,1.79,18.0,0.7,0.2,0.4,1009.61,1011.0,1012.02,1010.75,6.0,1.56,18.0,0.7,0.2,0.4,2.0,4.5,7.2,4.7,6.0,2.5,18.0,0.7,0.2,0.4,-106.2,-66.5,-33.3,-70.4,6.0,40.4,18.0,0.7,0.2,0.4,-44.4,-13.1,-12.4,-26.9,6.0,25.7,18.0,0.7,0.2,0.4,-0.22,0.0,2.62,1.08,5.0,2.03,20.0,0.6,0.2,0.4,-2.7,0.0,20.4,7.3,5.0,14.2,20.0,0.6,0.2,0.4,3.91,5.01,6.46,5.18,4.0,1.88,22.0,0.5,0.3,0.4,24.9,43.0,69.5,47.0,4.0,26.6,22.0,0.5,0.3,0.4,-266.2,-233.4,-143.9,-215.7,6.0,66.7,18.0,0.7,0.2,0.4,-109.9,-62.8,-42.6,-78.8,6.0,49.5,18.0,0.7,0.2,0.4,-178.3,-163.0,-118.9,-149.3,4.0,46.6,22.0,0.5,0.3,0.4,-84.8,-52.7,-37.9,-61.0,4.0,34.3,22.0,0.5,0.3,0.4,-63.2,-37.4,-23.0,-42.9,4.0,24.6,22.0,0.5,0.3,0.4,-28.4,-20.0,-8.4,-18.5,4.0,12.0,22.0,0.5,0.3,0.4,216.5,557.5,1251.5,740.0,6.0,646.5,18.0,0.7,0.2,0.4,215.0,560.0,1250.0,740.0,6.0,645.0,18.0,0.7,0.2,0.4
1974,2,140.0,14.0,26.95,27.5,28.05,27.5,2.0,1.13,18.0,1.0,0.0,0.4,26.03,28.25,30.47,28.25,2.0,4.6,24.0,0.5,0.0,0.2,20.47,20.47,20.47,20.47,1.0,0.0,28.0,1.0,0.0,0.2,70.5,70.5,70.5,70.5,1.0,0.0,28.0,1.0,0.2,7.52,8.2,8.95,8.23,3.0,1.05,18.0,0.7,0.0,0.3,-7.96,-6.28,-6.25,-7.09,3.0,1.43,18.0,0.7,0.0,0.3,-4.74,-3.6,-3.31,-4.02,3.0,1.11,18.0,0.7,0.0,0.3,1008.02,1008.7,1009.95,1008.98,4.0,1.47,16.0,0.5,0.2,0.3,4.0,4.0,6.7,5.3,3.0,2.3,16.0,0.7,0.3,0.3,-71.8,-51.5,-47.0,-59.2,3.0,19.4,18.0,0.7,0.0,0.3,-38.9,-29.6,-27.1,-32.9,3.0,9.1,18.0,0.7,0.0,0.3,-3.2,-3.2,-3.2,-3.2,1.0,0.0,28.0,1.0,0.0,0.2,-26.2,-26.2,-26.2,-26.2,1.0,0.0,28.0,1.0,0.0,0.2,3.72,3.72,3.72,3.72,1.0,0.0,28.0,1.0,0.0,0.2,30.5,30.5,30.5,30.5,1.0,0.0,28.0,1.0,0.0,0.2,-215.2,-208.2,-201.1,-208.2,2.0,14.6,24.0,0.5,0.0,0.2,-152.3,-122.8,-93.2,-122.8,2.0,61.2,24.0,0.5,0.0,0.2,-128.6,-128.6,-128.6,-128.6,1.0,0.0,28.0,1.0,0.0,0.2,-107.9,-107.9,-107.9,-107.9,1.0,0.0,28.0,1.0,0.0,0.2,-23.4,-23.4,-23.4,-23.4,1.0,0.0,28.0,1.0,0.0,0.2,-19.6,-19.6,-19.6,-19.6,1.0,0.0,28.0,1.0,0.0,0.2,430.0,551.5,724.0,576.5,3.0,216.5,18.0,0.7,0.0,0.3,430.0,550.0,725.0,575.0,3.0,215.0,18.0,0.7,0.0,0.3
1974,2,140.0,15.0,26.32,27.0,27.37,26.9,5.0,0.74,12.0,0.4,0.4,0.6,24.0,24.5,27.9,25.72,5.0,2.17,12.0,0.4,0.4,0.6,15.12,15.52,18.33,16.62,5.0,2.33,12.0,0.4,0.4,0.6,72.9,80.9,90.0,80.7,5.0,11.1,12.0,0.4,0.6,5.97,10.05,14.54,10.38,6.0,4.86,14.0,0.3,0.5,0.6,-9.35,-6.82,-5.43,-7.21,6.0,2.46,14.0,0.3,0.5,0.6,-11.55,-6.96,-1.68,-6.71,6.0,5.53,14.0,0.3,0.5,0.6,1010.32,1011.0,1013.68,1011.8,5.0,1.82,12.0,0.4,0.4,0.6,1.6,3.0,7.0,4.0,5.0,2.8,12.0,0.4,0.4,0.6,-136.9,-67.5,-32.8,-83.5,6.0,62.3,14.0,0.3,0.5,0.6,-163.2,-80.4,-10.4,-90.6,6.0,92.7,14.0,0.3,0.5,0.6,-0.9,2.0,2.73,1.18,5.0,2.23,12.0,0.4,0.4,0.6,-5.9,20.4,30.1,13.7,5.0,19.4,12.0,0.4,0.4,0.6,4.61,6.46,6.68,5.59,5.0,2.07,12.0,0.4,0.4,0.6,26.4,42.4,95.2,56.9,5.0,38.6,12.0,0.4,0.4,0.6,-233.9,-198.0,-140.0,-188.1,5.0,64.2,12.0,0.4,0.4,0.6,-278.7,-78.7,-38.5,-142.8,5.0,137.0,12.0,0.4,0.4,0.6,-155.1,-129.9,-81.8,-120.7,5.0,41.6,12.0,0.4,0.4,0.6,-171.8,-56.1,-20.9,-89.0,5.0,85.3,12.0,0.4,0.4,0.6,-61.2,-39.8,-21.4,-40.9,5.0,22.0,12.0,0.4,0.4,0.6,-72.9,-21.6,-9.2,-37.0,5.0,35.3,12.0,0.4,0.4,0.6,216.5,1260.0,3145.5,1748.5,6.0,1888.5,14.0,0.3,0.5,0.6,215.0,1260.0,3145.0,1750.0,6.0,1890.0,14.0,0.3,0.5,0.6
1974,2,140.0,16.0,26.13,27.0,27.29,26.97,14.0,0.7,12.0,0.4,0.4,0.5,25.63,27.0,28.75,27.21,14.0,1.7,12.0,0.4,0.4,0.5,16.77,18.28,19.0,17.87,13.0,1.4,12.0,0.4,0.4,0.6,73.8,83.7,85.2,80.3,13.0,6.5,12.0,0.4,0.6,4.16,9.25,10.3,8.11,14.0,2.78,12.0,0.4,0.4,0.5,-9.33,-7.7,-3.86,-6.94,14.0,2.46,12.0,0.4,0.4,0.5,-6.54,-2.72,0.0,-3.04,14.0,3.27,12.0,0.4,0.4,0.5,1010.18,1011.2,1012.46,1011.13,15.0,1.3,12.0,0.3,0.4,0.5,2.0,3.0,6.0,3.6,13.0,1.8,12.0,0.4,0.4,0.6,-100.4,-61.2,-17.2,-61.2,14.0,35.1,12.0,0.4,0.4,0.5,-67.6,-21.6,0.0,-30.7,14.0,33.8,12.0,0.4,0.4,0.5,-1.75,-0.25,1.59,-0.24,14.0,2.04,12.0,0.4,0.4,0.5,-7.7,-2.0,16.2,0.3,14.0,18.2,12.0,0.4,0.4,0.5,2.52,4.43,6.5,4.53,13.0,1.85,12.0,0.4,0.4,0.6,15.6,31.3,64.0,37.9,13.0,24.0,12.0,0.4,0.4,0.6,-261.6,-201.6,-104.6,-187.9,14.0,65.0,12.0,0.4,0.4,0.5,-175.8,-70.9,0.0,-81.0,14.0,86.5,12.0,0.4,0.4,0.5,-150.4,-134.7,-72.1,-120.0,13.0,42.9,12.0,0.4,0.4,0.6,-115.6,-43.5,0.0,-49.1,13.0,57.9,12.0,0.4,0.4,0.6,-50.5,-24.0,-15.5,-31.2,13.0,18.8,12.0,0.4,0.4,0.6,-35.3,-6.3,0.0,-16.1,13.0,21.2,12.0,0.4,0.4,0.6,73.0,822.0,1092.5,697.5,14.0,487.0,12.0,0.4,0.4,0.5,75.0,820.0,1095.0,695.0,14.0,485.0,12.0,0.4,0.4,0.5
1974,2,140.0,17.0,25.64,26.4,27.0,26.36,8.0,0.83,18.0,0.6,0.4,0.4,23.39,25.0,27.37,25.48,9.0,2.04,18.0,0.6,0.4,0.4,14.07,15.71,17.96,16.0,8.0,2.12,18.0,0.5,0.4,0.4,74.0,79.0,85.7,80.2,8.0,7.5,18.0,0.5,0.4,6.83,8.7,10.3,8.8,9.0,2.06,18.0,0.6,0.4,0.4,-8.83,-6.67,-5.43,-6.84,9.0,2.25,18.0,0.6,0.4,0.4,-4.93,-3.85,-2.05,-4.2,9.0,3.71,18.0,0.6,0.4,0.4,1011.61,1013.3,1014.43,1012.97,10.0,1.56,18.0,0.5,0.4,0.4,2.0,4.0,7.7,4.7,9.0,2.8,18.0,0.6,0.4,0.4,-87.2,-51.3,-37.0,-59.5,9.0,25.0,18.0,0.6,0.4,0.4,-48.9,-29.6,-16.6,-42.3,9.0,48.6,18.0,0.6,0.4,0.4,-1.49,1.0,2.77,0.83,8.0,2.42,18.0,0.6,0.4,0.4,-11.4,8.7,25.0,9.3,8.0,25.6,18.0,0.6,0.4,0.4,3.87,6.05,7.27,5.49,7.0,2.57,18.0,0.6,0.3,0.4,26.9,48.1,78.7,49.2,7.0,29.8,18.0,0.6,0.3,0.4,-220.6,-183.4,-129.9,-177.0,9.0,64.2,18.0,0.6,0.4,0.4,-123.4,-99.7,-53.2,-102.9,9.0,83.4,18.0,0.6,0.4,0.4,-131.1,-119.1,-71.6,-103.6,8.0,34.7,18.0,0.5,0.4,0.4,-75.7,-62.7,-27.0,-66.8,8.0,63.5,18.0,0.5,0.4,0.4,-59.4,-27.4,-13.3,-35.7,7.0,25.7,18.0,0.6,0.3,0.4,-48.0,-14.4,-4.3,-25.6,7.0,28.3,18.0,0.6,0.3,0.4,320.5,658.5,1092.5,786.5,9.0,594.0,18.0,0.6,0.4,0.4,320.0,660.0,1095.0,785.0,9.0,595.0,18.0,0.6,0.4,0.4
1974,2,140.0,18.0,25.81,26.35,27.0,26.18,14.0,1.04,16.0,0.6,0.5,0.5,24.05,25.25,26.59,25.39,14.0,1.93,16.0,0.6,0.5,0.5,14.28,15.67,17.58,15.57,13.0,2.33,16.0,0.5,0.5,0.4,69.4,77.7,84.7,76.7,13.0,8.8,16.0,0.5,0.4,6.2,7.7,9.77,7.86,14.0,1.85,16.0,0.6,0.5,0.5,-7.7,-6.07,-3.71,-5.86,14.0,2.09,16.0,0.6,0.5,0.5,-6.58,-2.87,1.23,-2.49,14.0,4.69,16.0,0.6,0.5,0.5,1011.8,1013.4,1015.0,1013.4,15.0,2.12,16.0,0.6,0.5,0.4,1.0,3.0,6.0,3.4,14.0,2.3,16.0,0.6,0.5,0.5,-65.8,-46.0,-25.9,-47.2,14.0,22.6,16.0,0.6,0.5,0.5,-67.4,-17.2,8.7,-23.8,14.0,43.4,16.0,0.6,0.5,0.5,-0.78,0.5,2.19,0.79,14.0,1.63,16.0,0.6,0.5,0.5,-6.4,2.6,19.5,6.9,14.0,14.9,16.0,0.6,0.5,0.5,3.71,5.83,7.78,5.61,13.0,2.08,16.0,0.5,0.5,0.4,23.6,43.3,71.8,46.2,13.0,22.6,16.0,0.5,0.5,0.4,-207.2,-143.1,-89.6,-149.0,14.0,55.0,16.0,0.6,0.5,0.5,-164.3,-72.2,32.5,-59.1,14.0,116.1,16.0,0.6,0.5,0.5,-114.7,-90.4,-57.3,-90.0,13.0,31.0,16.0,0.5,0.5,0.4,-100.5,-41.3,16.7,-41.6,13.0,72.5,16.0,0.5,0.5,0.4,-57.3,-24.5,-15.4,-33.7,13.0,21.5,16.0,0.5,0.5,0.4,-48.2,-15.7,2.3,-20.1,13.0,26.3,16.0,0.5,0.5,0.4,238.5,456.5,932.5,561.0,14.0,362.0,16.0,0.6,0.5,0.5,240.0,455.0,935.0,560.0,14.0,360.0,16.0,0.6,0.5,0.5
1974,2,140.0,19.0,24.53,25.5,27.0,25.71,14.0,1.6,14.0,0.7,0.4,0.3,21.85,24.05,26.15,24.22,18.0,2.38,14.0,0.6,0.4,0.3,13.61,14.63,17.17,14.85,15.0,2.1,16.0,0.6,0.4,0.3,74.3,78.6,87.3,80.6,15.0,7.2,16.0,0.6,0.3,4.95,7.95,11.1,8.31,18.0,3.83,14.0,0.6,0.4,0.3,-8.77,-5.56,-1.05,-5.24,18.0,4.31,14.0,0.6,0.4,0.3,-8.67,-5.31,0.62,-4.2,18.0,4.62,14.0,0.6,0.4,0.3,1009.41,1014.0,1017.22,1013.54,18.0,3.34,14.0,0.6,0.4,0.3,2.0,6.0,7.0,5.1,17.0,2.4,14.0,0.6,0.4,0.3,-92.0,-49.5,-9.1,-55.5,18.0,59.8,14.0,0.6,0.4,0.3,-99.9,-34.0,2.5,-45.5,18.0,52.7,14.0,0.6,0.4,0.3,-0.47,0.7,3.39,1.01,14.0,2.18,14.0,0.7,0.4,0.3,0.0,6.2,32.0,13.5,14.0,19.5,14.0,0.7,0.4,0.3,3.96,5.05,6.58,5.15,12.0,1.88,16.0,0.7,0.4,0.3,19.4,46.9,76.7,47.4,12.0,26.2,16.0,0.7,0.4,0.3,-216.4,-123.1,-25.6,-123.4,18.0,98.9,14.0,0.6,0.4,0.3,-209.6,-122.8,16.7,-95.3,18.0,107.8,14.0,0.6,0.4,0.3,-142.5,-74.5,-45.5,-85.8,15.0,51.6,16.0,0.6,0.4,0.3,-127.4,-78.5,-3.9,-68.3,15.0,64.4,16.0,0.6,0.4,0.3,-53.3,-29.3,-8.5,-30.7,12.0,19.3,16.0,0.7,0.4,0.3,-55.4,-12.8,2.5,-25.8,12.0,31.7,16.0,0.7,0.4,0.3,122.0,504.0,1375.5,919.5,18.0,1092.5,14.0,0.6,0.4,0.3,120.0,505.0,1375.0,920.0,18.0,1090.0,14.0,0.6,0.4,0.3
1974,2,140.0,20.0,22.79,24.0,25.0,23.88,11.0,1.19,16.0,0.4,0.3,0.4,20.29,23.5,24.71,23.01,11.0,1.93,16.0,0.4,0.3,0.4,12.0,14.44,15.73,13.93,11.0,2.12,16.0,0.4,0.3,0.4,75.3,80.4,83.4,79.2,11.0,6.8,16.0,0.4,0.4,3.98,7.7,9.77,7.38,11.0,3.25,16.0,0.4,0.3,0.4,-7.09,-3.99,0.36,-3.83,11.0,4.17,16.0,0.4,0.3,0.4,-5.92,-1.99,2.55,-2.06,11.0,5.68,16.0,0.4,0.3,0.4,1011.63,1014.1,1016.0,1014.05,11.0,2.4,16.0,0.4,0.3,0.4,1.6,4.0,6.8,4.2,11.0,2.5,16.0,0.4,0.3,0.4,-54.6,-24.7,1.1,-31.0,11.0,42.0,16.0,0.4,0.3,0.4,-43.7,-6.2,15.4,-22.5,11.0,64.0,16.0,0.4,0.3,0.4,-1.71,0.5,4.12,0.87,11.0,2.83,16.0,0.4,0.3,0.4,-9.0,1.6,31.8,10.4,11.0,26.0,16.0,0.4,0.3,0.4,1.98,4.16,8.28,4.57,11.0,3.02,16.0,0.4,0.3,0.4,9.0,28.5,62.7,37.5,11.0,31.6,16.0,0.4,0.3,0.4,-171.0,-99.6,5.3,-90.8,11.0,98.1,16.0,0.4,0.3,0.4,-127.8,-48.8,62.0,-40.6,11.0,122.2,16.0,0.4,0.3,0.4,-100.1,-65.4,2.6,-54.3,11.0,59.8,16.0,0.4,0.3,0.4,-75.9,-30.7,41.3,-21.3,11.0,74.7,16.0,0.4,0.3,0.4,-37.5,-18.3,3.9,-14.9,11.0,20.5,16.0,0.4,0.3,0.4,-54.3,-8.8,4.4,-20.1,11.0,38.0,16.0,0.4,0.3,0.4,69.5,456.5,982.5,629.5,11.0,787.5,16.0,0.4,0.3,0.4,70.0,455.0,980.0,630.0,11.0,785.0,16.0,0.4,0.3,0.4
1974,2,140.0,21.0,23.0,24.0,24.0,23.61,9.0,1.32,12.0,0.6,0.4,0.4,20.13,22.0,24.17,22.07,9.0,2.1,12.0,0.6,0.4,0.4,10.19,12.43,14.59,12.32,9.0,2.32,12.0,0.6,0.4,0.4,68.0,75.6,78.6,73.9,9.0,6.2,12.0,0.6,0.4,5.7,7.7,8.07,7.2,9.0,1.96,12.0,0.6,0.4,0.4,-5.85,-4.95,-1.92,-4.26,9.0,2.06,12.0,0.6,0.4,0.4,-6.83,-5.9,-4.49,-5.32,9.0,2.38,12.0,0.6,0.4,0.4,1012.7,1015.0,1017.1,1014.81,9.0,2.66,12.0,0.6,0.4,0.4,1.0,2.0,5.7,3.3,9.0,2.7,12.0,0.6,0.4,0.4,-43.4,-33.6,-9.7,-33.3,9.0,23.1,12.0,0.6,0.4,0.4,-54.8,-38.1,-22.1,-41.2,9.0,27.1,12.0,0.6,0.4,0.4,0.63,1.0,3.1,1.54,9.0,1.76,12.0,0.6,0.4,0.4,3.6,11.3,24.5,12.0,9.0,11.6,12.0,0.6,0.4,0.4,4.4,5.54,7.15,5.88,9.0,1.85,12.0,0.6,0.4,0.4,30.9,42.6,60.3,43.2,9.0,18.3,12.0,0.6,0.4,0.4,-141.1,-108.9,-43.6,-95.3,9.0,48.5,12.0,0.6,0.4,0.4,-142.9,-116.0,-100.8,-114.6,9.0,51.1,12.0,0.6,0.4,0.4,-79.5,-61.5,-24.2,-53.9,9.0,28.5,12.0,0.6,0.4,0.4,-84.3,-64.5,-49.9,-62.6,9.0,28.0,12.0,0.6,0.4,0.4,-32.3,-30.6,-11.6,-24.6,9.0,13.0,12.0,0.6,0.4,0.4,-54.3,-27.4,-15.7,-32.5,9.0,19.8,12.0,0.6,0.4,0.4,185.0,456.5,526.0,452.0,9.0,404.0,12.0,0.6,0.4,0.4,185.0,455.0,525.0,450.0,9.0,405.0,12.0,0.6,0.4,0.4
1974,2,140.0,22.0,22.38,24.0,25.78,24.07,15.0,1.63,14.0,0.5,0.6,0.4,19.5,22.95,24.25,21.98,16.0,2.44,14.0,0.5,0.6,0.4,8.33,13.19,15.23,12.29,16.0,3.24,14.0,0.5,0.6,0.4,61.6,72.0,84.9,73.5,16.0,11.5,14.0,0.5,0.4,6.7,8.5,11.11,8.74,16.0,2.52,14.0,0.5,0.6,0.4,-9.39,-4.6,4.31,-3.37,16.0,5.99,14.0,0.5,0.6,0.4,-6.79,-3.69,3.35,-1.95,16.0,5.99,14.0,0.5,0.6,0.4,1012.31,1013.05,1017.74,1014.48,16.0,3.05,14.0,0.5,0.6,0.4,3.4,5.0,6.0,5.0,16.0,1.7,14.0,0.5,0.6,0.4,-96.7,-38.0,31.8,-37.4,16.0,58.0,14.0,0.5,0.6,0.4,-58.4,-29.5,22.4,-21.1,16.0,62.7,14.0,0.5,0.6,0.4,-0.67,2.0,5.39,2.16,15.0,2.96,14.0,0.5,0.6,0.4,-4.4,18.0,46.9,20.7,15.0,28.7,14.0,0.5,0.6,0.4,4.2,6.3,9.51,6.62,15.0,3.76,14.0,0.5,0.6,0.4,23.7,55.0,94.6,60.4,15.0,44.4,14.0,0.5,0.6,0.4,-205.8,-97.4,101.6,-71.1,16.0,137.5,14.0,0.5,0.6,0.4,-146.9,-83.2,83.0,-32.7,16.0,128.1,14.0,0.5,0.6,0.4,-99.2,-55.6,56.2,-37.7,16.0,80.6,14.0,0.5,0.6,0.4,-77.1,-39.3,57.2,-9.5,16.0,70.8,14.0,0.5,0.6,0.4,-73.8,-20.6,10.5,-30.3,15.0,39.3,14.0,0.5,0.6,0.4,-63.0,-27.8,12.0,-28.4,15.0,50.0,14.0,0.5,0.6,0.4,301.0,657.0,1373.0,826.0,16.0,633.0,14.0,0.5,0.6,0.4,300.0,655.0,1375.0,825.0,16.0,635.0,14.0,0.5,0.6,0.4
1974,2,140.0,23.0,22.5,23.0,25.0,23.3,15.0,1.68,14.0,0.5,0.4,0.4,19.5,22.0,23.75,21.66,14.0,2.2,14.0,0.5,0.4,0.4,9.85,12.67,15.42,12.44,14.0,2.84,14.0,0.5,0.4,0.4,68.7,76.4,87.5,76.1,14.0,9.4,14.0,0.5,0.4,3.13,7.45,11.17,6.88,14.0,3.81,14.0,0.5,0.3,0.4,-7.02,-1.02,2.67,-1.9,14.0,4.45,14.0,0.5,0.3,0.4,-5.55,-1.0,7.46,0.5,14.0,6.44,14.0,0.5,0.3,0.4,1011.22,1016.0,1018.93,1015.81,15.0,4.38,14.0,0.5,0.4,0.4,3.1,5.0,7.0,4.9,14.0,2.1,14.0,0.5,0.4,0.3,-64.6,-3.7,9.7,-21.1,14.0,40.9,14.0,0.5,0.3,0.4,-42.6,-2.9,62.0,12.9,14.0,65.9,14.0,0.5,0.3,0.4,0.03,1.5,3.47,1.94,14.0,1.96,14.0,0.5,0.4,0.4,0.0,17.0,29.2,17.0,13.0,16.0,14.0,0.5,0.4,0.3,3.89,5.27,7.49,5.73,14.0,2.55,14.0,0.5,0.4,0.4,16.1,44.6,60.1,42.4,13.0,29.0,14.0,0.5,0.4,0.3,-141.8,-45.1,64.9,-41.9,13.0,97.6,14.0,0.5,0.4,0.3,-102.5,0.0,185.8,24.5,13.0,144.6,14.0,0.5,0.4,0.3,-64.2,-23.4,41.9,-20.5,13.0,54.8,14.0,0.5,0.4,0.3,-49.3,0.0,124.3,24.4,13.0,90.1,14.0,0.5,0.4,0.3,-51.5,-11.6,9.6,-17.2,13.0,29.9,14.0,0.5,0.4,0.3,-52.8,0.0,20.8,-7.3,13.0,38.9,14.0,0.5,0.4,0.3,31.0,415.0,1402.5,595.0,14.0,647.5,14.0,0.5,0.3,0.4,30.0,415.0,1405.0,595.0,14.0,645.0,14.0,0.5,0.3,0.4
1974,2,140.0,24.0,21.0,22.3,23.75,22.34,11.0,1.51,6.0,0.5,0.5,0.4,16.97,18.55,23.08,19.79,12.0,3.05,6.0,0.6,0.5,0.4,7.88,10.26,12.66,10.43,11.0,2.97,6.0,0.5,0.5,0.4,60.9,63.2,85.0,70.9,11.0,11.4,6.0,0.5,0.4,4.47,7.95,9.8,7.25,12.0,2.58,6.0,0.6,0.5,0.4,-6.23,-2.58,3.67,-1.85,12.0,4.94,6.0,0.6,0.5,0.4,-8.6,-4.28,0.25,-4.1,12.0,4.18,6.0,0.6,0.5,0.4,1011.24,1016.4,1019.09,1015.65,12.0,5.1,6.0,0.6,0.5,0.4,2.7,5.0,7.3,4.9,12.0,2.5,6.0,0.6,0.5,0.4,-58.6,-17.6,24.1,-16.7,12.0,42.0,6.0,0.6,0.5,0.4,-85.0,-36.4,1.4,-37.4,12.0,37.8,6.0,0.6,0.5,0.4,-1.47,2.1,6.4,2.38,11.0,3.66,6.0,0.5,0.5,0.4,-6.2,17.2,54.2,22.1,11.0,28.9,6.0,0.5,0.5,0.4,4.28,6.43,9.87,6.39,11.0,3.33,6.0,0.5,0.5,0.4,15.9,49.7,78.3,48.9,11.0,32.0,6.0,0.5,0.5,0.4,-136.4,-51.3,64.9,-36.3,12.0,97.2,6.0,0.6,0.5,0.4,-153.2,-81.3,5.9,-72.5,12.0,78.3,6.0,0.6,0.5,0.4,-68.8,-33.5,27.0,-22.0,11.0,50.6,6.0,0.5,0.5,0.4,-67.1,-34.0,4.3,-30.3,11.0,42.2,6.0,0.5,0.5,0.4,-51.8,-30.2,20.6,-17.4,11.0,32.6,6.0,0.5,0.5,0.4,-66.1,-29.9,-2.2,-33.7,11.0,31.8,6.0,0.5,0.5,0.4,90.0,504.0,941.0,509.0,12.0,397.0,6.0,0.6,0.5,0.4,90.0,505.0,940.0,510.0,12.0,395.0,6.0,0.6,0.5,0.4
1974,2,140.0,25.0,19.0,20.0,20.89,19.79,9.0,1.01,12.0,0.4,0.4,0.5,17.13,20.4,20.89,19.24,9.0,1.92,12.0,0.4,0.4,0.4,8.6,9.72,12.62,10.18,8.0,2.53,12.0,0.4,0.4,0.4,64.0,68.9,87.8,74.0,8.0,13.9,12.0,0.4,0.4,4.97,6.7,9.3,6.73,12.0,2.56,12.0,0.5,0.5,0.4,-5.35,0.89,5.33,-0.17,12.0,5.14,12.0,0.5,0.5,0.4,-6.59,-3.14,4.42,-2.12,12.0,4.96,12.0,0.5,0.5,0.4,1009.55,1016.0,1023.21,1016.11,11.0,5.97,12.0,0.5,0.4,0.4,4.2,6.0,7.3,5.6,12.0,2.2,12.0,0.5,0.5,0.4,-38.8,6.1,40.6,-0.3,12.0,42.6,12.0,0.5,0.5,0.4,-60.2,-17.6,22.5,-20.8,12.0,39.0,12.0,0.5,0.5,0.4,-0.53,0.95,2.83,0.99,8.0,1.5,12.0,0.4,0.4,0.4,-4.6,4.6,20.8,7.7,8.0,12.5,12.0,0.4,0.4,0.4,1.4,5.07,5.54,4.35,8.0,2.35,12.0,0.4,0.4,0.4,5.7,30.4,47.8,30.3,8.0,24.4,12.0,0.4,0.4,0.4,-115.6,-15.7,53.9,-22.7,9.0,93.5,12.0,0.4,0.4,0.4,-97.0,-13.2,92.8,-12.5,9.0,96.5,12.0,0.4,0.4,0.4,-58.7,-17.5,35.5,-13.9,8.0,48.8,12.0,0.4,0.4,0.4,-50.1,-22.2,57.4,-7.2,8.0,51.9,12.0,0.4,0.4,0.4,-35.9,-3.3,18.6,-8.1,8.0,25.2,12.0,0.4,0.4,0.4,-30.1,-10.4,3.7,-16.5,8.0,25.0,12.0,0.4,0.4,0.4,123.5,306.0,804.5,414.5,12.0,324.0,12.0,0.5,0.5,0.4,125.0,305.0,805.0,415.0,12.0,325.0,12.0,0.5,0.5,0.4
1974,2,140.0,26.0,19.25,20.8,21.5,20.4,6.0,1.27,12.0,0.2,0.5,0.5,15.39,17.25,19.8,17.38,6.0,2.16,12.0,0.3,0.3,0.5,7.69,10.01,12.76,9.9,6.0,3.01,12.0,0.3,0.3,0.5,70.0,77.7,94.3,78.8,6.0,17.4,12.0,0.3,0.5,4.5,7.7,14.45,8.6,7.0,4.81,12.0,0.3,0.4,0.6,-5.46,0.89,5.25,1.15,7.0,6.58,12.0,0.3,0.4,0.6,-10.07,-2.44,3.16,-3.41,7.0,7.14,12.0,0.3,0.4,0.6,1011.37,1014.95,1017.4,1014.29,8.0,4.14,14.0,0.3,0.4,0.5,5.8,6.0,7.0,6.0,7.0,1.9,12.0,0.3,0.4,0.6,-34.4,2.3,76.2,28.8,7.0,79.9,12.0,0.3,0.4,0.6,-154.5,-6.4,19.9,-52.7,7.0,90.0,12.0,0.3,0.4,0.6,0.91,1.7,4.11,2.44,5.0,2.48,14.0,0.2,0.4,0.5,4.1,10.5,29.6,17.7,5.0,24.0,14.0,0.2,0.4,0.5,1.82,3.7,7.06,4.48,5.0,3.66,14.0,0.2,0.4,0.5,5.3,28.5,55.5,33.3,5.0,37.4,14.0,0.2,0.4,0.5,-109.3,-7.7,91.9,1.6,6.0,114.5,12.0,0.3,0.3,0.5,-125.2,0.2,66.4,-20.8,6.0,100.0,12.0,0.3,0.3,0.5,-59.6,-4.8,39.2,-2.0,6.0,61.1,12.0,0.3,0.3,0.5,-49.6,-3.2,38.3,-6.6,6.0,53.4,12.0,0.3,0.3,0.5,-27.1,-1.2,19.0,-1.1,5.0,30.8,14.0,0.2,0.4,0.5,-34.2,3.3,12.0,-12.1,5.0,40.7,14.0,0.2,0.4,0.5,93.5,456.5,3018.0,1179.0,7.0,1497.0,12.0,0.3,0.4,0.6,95.0,455.0,3020.0,1180.0,7.0,1495.0,12.0,0.3,0.4,0.6
1974,2,140.0,27.0,20.24,20.75,21.26,20.75,2.0,1.06,10.0,0.0,0.3,0.0,14.32,15.0,15.68,15.0,3.0,1.0,16.0,0.0,0.3,0.2,6.09,6.4,7.95,7.01,3.0,1.46,16.0,0.0,0.3,0.2,60.5,61.2,72.1,66.2,3.0,9.5,16.0,0.0,0.2,7.87,9.3,10.32,9.1,3.0,1.81,16.0,0.0,0.3,0.2,3.89,5.4,5.97,4.94,3.0,1.58,16.0,0.0,0.3,0.2,-9.16,-8.74,-5.23,-7.23,3.0,3.16,16.0,0.0,0.3,0.2,1013.71,1014.6,1020.33,1016.97,3.0,5.27,16.0,0.0,0.3,0.2,5.0,7.0,7.7,6.3,3.0,2.1,16.0,0.0,0.3,0.2,34.4,44.9,54.1,44.3,3.0,14.4,16.0,0.0,0.3,0.2,-94.7,-81.3,-43.5,-69.4,3.0,38.9,16.0,0.0,0.3,0.2,5.4,6.25,7.1,6.25,2.0,1.77,10.0,0.0,0.3,0.0,43.1,58.5,73.9,58.5,2.0,31.8,10.0,0.0,0.3,0.0,8.32,9.01,9.69,9.01,2.0,1.42,10.0,0.0,0.3,0.0,65.6,82.9,100.1,82.9,2.0,35.7,10.0,0.0,0.3,0.0,58.7,75.6,87.8,73.3,3.0,21.4,16.0,0.0,0.3,0.2,-137.0,-130.9,-78.4,-108.3,3.0,47.2,16.0,0.0,0.3,0.2,29.0,32.1,37.4,33.2,3.0,6.2,16.0,0.0,0.3,0.2,-69.4,-55.6,-33.4,-51.5,3.0,26.6,16.0,0.0,0.3,0.2,50.6,52.0,53.4,52.0,2.0,3.0,10.0,0.0,0.3,0.0,-83.4,-61.2,-39.1,-61.2,2.0,45.9,10.0,0.0,0.3,0.0,510.0,804.5,1115.0,812.5,3.0,443.5,16.0,0.0,0.3,0.2,510.0,805.0,1115.0,810.0,3.0,445.0,16.0,0.0,0.3,0.2
1974,2,140.0,28.0,18.07,19.4,20.5,19.22,6.0,1.34,20.0,0.3,0.5,0.3,13.0,13.5,19.73,15.66,9.0,3.31,16.0,0.2,0.5,0.3,6.46,9.09,11.28,9.22,8.0,2.75,16.0,0.3,0.6,0.3,68.8,76.6,93.2,80.0,8.0,12.8,16.0,0.3,0.3,2.6,4.6,7.7,4.98,9.0,2.76,16.0,0.2,0.5,0.3,-4.45,0.45,2.93,0.15,9.0,3.96,16.0,0.2,0.5,0.3,-4.56,-1.99,4.44,-0.96,9.0,4.33,16.0,0.2,0.5,0.3,1010.35,1020.5,1023.21,1017.22,9.0,6.32,16.0,0.2,0.5,0.3,2.0,2.0,6.7,3.7,9.0,2.6,16.0,0.2,0.5,0.3,-33.6,1.2,15.5,-0.2,9.0,31.0,16.0,0.2,0.5,0.3,-24.9,-5.2,30.4,-4.3,9.0,32.3,16.0,0.2,0.5,0.3,0.44,0.75,5.7,2.32,6.0,2.75,20.0,0.3,0.5,0.3,2.6,3.9,37.0,16.7,6.0,22.9,20.0,0.3,0.5,0.3,0.9,4.29,5.7,3.84,6.0,2.55,20.0,0.3,0.5,0.3,2.7,33.0,43.7,27.1,6.0,19.9,20.0,0.3,0.5,0.3,-88.9,7.7,38.2,-7.8,9.0,67.2,16.0,0.2,0.5,0.3,-59.9,-26.9,87.9,-3.5,9.0,70.5,16.0,0.2,0.5,0.3,-55.9,8.9,18.5,-4.2,8.0,39.0,16.0,0.3,0.6,0.3,-29.3,-18.7,50.8,-0.4,8.0,42.6,16.0,0.3,0.6,0.3,-24.9,0.0,23.3,0.3,6.0,23.3,20.0,0.3,0.5,0.3,-36.8,0.2,20.9,-5.2,6.0,26.4,20.0,0.3,0.5,0.3,17.5,97.5,456.5,230.0,9.0,281.5,16.0,0.2,0.5,0.3,20.0,95.0,455.0,230.0,9.0,280.0,16.0,0.2,0.5,0.3
1974,2,140.0,29.0,17.09,18.2,19.31,18.15,6.0,1.7,18.0,0.5,0.5,0.7,12.93,14.6,17.14,15.14,5.0,2.98,18.0,0.6,0.5,0.7,5.34,6.65,10.42,7.89,5.0,3.45,18.0,0.6,0.5,0.7,57.9,70.3,84.9,71.4,5.0,16.3,18.0,0.6,0.7,6.37,9.25,11.4,8.9,6.0,2.68,18.0,0.5,0.5,0.7,-0.07,5.7,10.16,4.2,6.0,7.79,18.0,0.5,0.5,0.7,-5.24,0.13,4.17,-0.33,6.0,4.5,18.0,0.5,0.5,0.7,1015.9,1020.65,1023.5,1019.68,6.0,5.0,18.0,0.5,0.5,0.7,2.6,5.0,6.4,4.6,5.0,2.1,16.0,0.6,0.6,0.7,-11.3,43.5,116.1,40.6,6.0,85.4,18.0,0.5,0.5,0.7,-40.5,2.1,26.1,-6.1,6.0,39.0,18.0,0.5,0.5,0.7,0.32,3.0,5.04,2.84,5.0,2.68,18.0,0.6,0.5,0.7,1.6,35.4,45.0,25.8,5.0,22.8,18.0,0.6,0.5,0.7,1.89,5.79,7.42,4.88,5.0,2.96,18.0,0.6,0.5,0.7,17.0,53.3,72.2,46.5,5.0,31.4,18.0,0.6,0.5,0.7,-25.0,53.0,144.6,49.3,5.0,126.2,18.0,0.6,0.5,0.7,-67.5,-27.7,51.3,-9.5,5.0,68.3,18.0,0.6,0.5,0.7,-17.2,34.6,62.7,19.4,5.0,62.2,18.0,0.6,0.5,0.7,-31.2,-15.4,28.8,-2.0,5.0,39.0,18.0,0.6,0.5,0.7,-6.0,34.3,66.2,30.9,5.0,41.7,18.0,0.6,0.5,0.7,-35.7,-4.0,9.1,-11.4,5.0,24.2,18.0,0.6,0.5,0.7,266.0,822.0,1484.0,860.5,6.0,623.5,18.0,0.5,0.5,0.7,265.0,820.0,1485.0,860.0,6.0,625.0,18.0,0.5,0.5,0.7
1974,2,140.0,30.0,17.18,17.6,17.91,17.68,13.0,0.73,8.0,0.4,0.6,0.4,11.74,16.1,17.2,15.35,15.0,3.7,8.0,0.4,0.6,0.4,5.8,7.7,9.29,7.71,8.0,2.0,8.0,0.3,0.5,0.4,61.6,72.2,81.7,72.5,8.0,9.7,8.0,0.3,0.4,4.34,9.25,14.23,9.09,12.0,5.55,8.0,0.3,0.6,0.4,-2.47,0.54,9.2,1.79,12.0,5.65,8.0,0.3,0.6,0.4,-5.77,-0.89,13.71,0.73,12.0,9.22,8.0,0.3,0.6,0.4,1011.14,1013.0,1022.72,1016.17,12.0,7.56,8.0,0.3,0.6,0.4,3.2,7.0,8.0,5.8,15.0,2.7,8.0,0.4,0.6,0.4,-35.2,3.3,106.0,24.2,12.0,68.3,8.0,0.3,0.6,0.4,-44.5,-2.2,191.0,15.5,12.0,136.1,8.0,0.3,0.6,0.4,-0.05,0.6,4.91,1.44,13.0,3.19,8.0,0.4,0.6,0.4,1.8,13.8,52.1,26.6,10.0,36.8,8.0,0.3,0.5,0.4,3.28,4.99,7.08,4.99,8.0,2.01,8.0,0.3,0.5,0.4,29.1,57.8,65.3,59.7,8.0,34.3,8.0,0.3,0.5,0.4,-42.4,8.6,108.1,24.9,12.0,76.5,8.0,0.3,0.6,0.4,-74.8,-8.3,235.9,27.9,12.0,140.9,8.0,0.3,0.6,0.4,-22.6,17.8,57.0,12.6,8.0,42.7,8.0,0.3,0.5,0.4,-54.3,-5.1,128.0,27.3,8.0,91.6,8.0,0.3,0.5,0.4,-9.6,4.6,63.5,15.0,8.0,44.1,8.0,0.3,0.5,0.4,-31.1,-5.7,42.3,-7.7,8.0,54.6,8.0,0.3,0.5,0.4,101.5,822.0,2887.5,1514.0,12.0,1805.5,8.0,0.3,0.6,0.4,100.0,820.0,2885.0,1515.0,12.0,1805.0,8.0,0.3,0.6,0.4
1974,2,140.0,31.0,17.0,17.2,17.85,17.54,11.0,0.89,8.0,0.4,0.6,0.4,10.95,13.5,15.4,13.14,12.0,2.8,8.0,0.4,0.6,0.4,5.34,5.75,6.4,5.87,9.0,0.79,10.0,0.4,0.6,0.4,58.3,60.8,67.0,62.1,9.0,7.1,10.0,0.4,0.4,8.3,10.55,14.26,11.73,10.0,4.42,10.0,0.5,0.6,0.4,-2.32,6.85,12.99,6.25,10.0,8.96,10.0,0.5,0.6,0.4,-6.62,-3.08,3.1,-2.7,10.0,6.37,10.0,0.5,0.6,0.4,1009.36,1017.95,1021.34,1016.29,10.0,6.63,10.0,0.5,0.6,0.4,5.7,7.0,8.0,6.8,12.0,1.3,8.0,0.4,0.6,0.4,-35.3,69.4,171.3,94.8,10.0,161.0,10.0,0.5,0.6,0.4,-76.6,-35.8,20.0,-42.5,10.0,74.9,10.0,0.5,0.6,0.4,1.8,4.0,6.52,3.8,11.0,2.23,8.0,0.4,0.6,0.4,14.4,53.6,79.8,51.3,9.0,34.5,10.0,0.4,0.6,0.4,5.76,6.36,7.36,6.6,9.0,1.24,10.0,0.4,0.6,0.4,45.8,73.7,93.0,75.2,9.0,30.9,10.0,0.4,0.6,0.4,-9.6,76.0,159.0,77.6,10.0,109.4,10.0,0.5,0.6,0.4,-82.5,-38.2,48.8,-21.0,10.0,76.6,10.0,0.5,0.6,0.4,12.1,54.2,70.8,42.7,9.0,47.6,10.0,0.4,0.6,0.4,-29.3,-13.0,29.9,-5.3,9.0,34.3,10.0,0.4,0.6,0.4,8.4,57.7,91.6,50.3,9.0,56.1,10.0,0.4,0.6,0.4,-32.5,-16.7,22.9,-14.0,9.0,33.3,10.0,0.4,0.6,0.4,574.5,1176.0,2921.5,2328.0,10.0,3123.5,10.0,0.5,0.6,0.4,575.0,1175.0,2920.0,2330.0,10.0,3125.0,10.0,0.5,0.6,0.4
1974,2,140.0,32.0,17.0,17.4,18.91,17.54,21.0,1.66,12.0,0.3,0.5,0.5,10.17,14.5,16.45,13.94,21.0,3.63,12.0,0.4,0.6,0.5,4.98,5.77,9.78,6.89,14.0,2.23,12.0,0.4,0.6,0.4,57.9,65.5,71.4,67.1,14.0,10.5,12.0,0.4,0.4,6.04,10.8,12.9,9.76,19.0,3.58,12.0,0.4,0.5,0.5,-4.15,3.85,10.7,3.1,19.0,6.65,12.0,0.4,0.5,0.5,-5.0,2.64,10.62,1.63,19.0,7.5,12.0,0.4,0.5,0.5,1009.41,1015.2,1024.29,1016.16,19.0,8.01,12.0,0.4,0.5,0.5,4.0,6.0,7.7,5.8,22.0,1.7,12.0,0.4,0.5,0.5,-25.9,27.7,145.3,41.7,19.0,80.8,12.0,0.4,0.5,0.5,-58.2,10.8,115.6,16.8,19.0,89.0,12.0,0.4,0.5,0.5,1.0,3.3,7.69,3.53,20.0,3.18,12.0,0.4,0.5,0.5,8.7,24.6,87.3,34.4,17.0,39.6,12.0,0.4,0.6,0.5,3.85,6.66,7.11,5.71,14.0,2.03,12.0,0.4,0.6,0.4,31.6,58.3,76.9,55.1,14.0,23.4,12.0,0.4,0.6,0.4,-44.4,45.0,112.4,44.0,18.0,94.2,12.0,0.4,0.6,0.5,-48.4,34.8,176.4,51.0,18.0,109.4,12.0,0.4,0.6,0.5,15.3,26.9,55.5,38.6,14.0,41.6,12.0,0.4,0.6,0.4,-31.3,19.0,86.7,30.5,14.0,59.8,12.0,0.4,0.6,0.4,8.4,24.8,70.8,31.0,14.0,31.8,12.0,0.4,0.6,0.4,-33.6,20.6,53.5,12.2,14.0,40.2,12.0,0.4,0.6,0.4,223.0,1259.5,2146.5,1271.0,19.0,1029.0,12.0,0.4,0.5,0.5,225.0,1260.0,2145.0,1270.0,19.0,1030.0,12.0,0.4,0.5,0.5
1974,2,140.0,33.0,16.17,17.4,18.0,17.28,19.0,1.02,10.0,0.5,0.5,0.4,8.97,12.1,15.82,12.13,26.0,3.32,10.0,0.5,0.5,0.4,4.43,6.43,7.54,6.06,14.0,1.31,10.0,0.4,0.4,0.4,60.7,71.6,84.9,72.7,14.0,10.8,10.0,0.4,0.4,4.77,10.55,17.83,11.23,22.0,5.85,12.0,0.5,0.5,0.4,-4.11,5.4,14.43,4.96,22.0,9.4,12.0,0.5,0.5,0.4,-7.51,-2.91,3.0,-1.78,22.0,6.99,12.0,0.5,0.5,0.4,1008.27,1018.0,1022.13,1015.29,21.0,8.57,12.0,0.4,0.5,0.4,3.7,6.0,8.0,5.5,24.0,2.2,10.0,0.5,0.5,0.4,-18.4,48.0,244.9,88.9,22.0,159.4,12.0,0.5,0.5,0.4,-73.6,-27.0,21.7,-12.3,22.0,117.3,12.0,0.5,0.5,0.4,3.8,6.0,7.67,5.85,19.0,2.71,10.0,0.5,0.5,0.4,25.5,70.7,103.2,68.6,15.0,57.9,12.0,0.4,0.4,0.4,4.91,5.75,7.55,6.22,13.0,1.55,10.0,0.4,0.4,0.4,34.4,63.2,92.1,68.1,12.0,46.0,10.0,0.4,0.4,0.4,-49.3,60.3,154.9,61.5,22.0,124.8,12.0,0.5,0.5,0.4,-69.0,-29.0,40.7,-8.4,22.0,96.2,12.0,0.5,0.5,0.4,-33.9,37.8,64.3,20.7,13.0,53.6,10.0,0.5,0.4,0.4,-45.8,-13.8,9.7,-14.0,13.0,30.8,10.0,0.5,0.4,0.4,-30.9,31.1,84.3,32.0,12.0,63.1,10.0,0.4,0.4,0.4,-37.6,-22.0,9.0,-20.3,12.0,40.4,10.0,0.4,0.4,0.4,109.0,1192.0,5675.0,2567.5,22.0,3272.5,12.0,0.5,0.5,0.4,110.0,1190.0,5675.0,2565.0,22.0,3270.0,12.0,0.5,0.5,0.4
1974,2,140.0,34.0,14.04,16.1,18.6,15.99,40.0,2.31,12.0,0.5,0.5,0.5,8.01,11.3,13.95,10.94,52.0,2.91,14.0,0.5,0.5,0.5,3.73,5.03,7.81,5.62,32.0,2.13,14.0,0.4,0.5,0.5,54.0,66.5,87.7,68.5,32.0,15.7,14.0,0.4,0.5,5.1,9.3,13.33,9.84,46.0,5.04,14.0,0.6,0.5,0.5,-7.63,-1.77,6.15,-1.13,46.0,7.27,14.0,0.6,0.5,0.5,-10.84,-3.98,2.76,-4.13,46.0,7.27,14.0,0.6,0.5,0.5,1007.33,1015.3,1024.54,1015.62,43.0,8.32,14.0,0.5,0.5,0.6,3.0,6.0,8.0,5.5,50.0,2.6,14.0,0.6,0.5,0.5,-91.5,-10.6,60.8,-10.3,46.0,108.3,14.0,0.6,0.5,0.5,-149.9,-33.5,19.7,-59.4,46.0,119.7,14.0,0.6,0.5,0.5,1.15,6.05,8.08,5.07,40.0,3.71,12.0,0.5,0.5,0.5,6.3,32.5,75.1,41.7,34.0,54.1,14.0,0.5,0.4,0.5,3.61,6.65,7.93,5.65,29.0,2.68,14.0,0.4,0.5,0.5,11.4,39.3,73.0,46.3,29.0,35.7,14.0,0.4,0.5,0.5,-82.0,-16.5,73.0,-13.7,46.0,78.6,14.0,0.6,0.5,0.5,-111.1,-37.5,38.0,-40.5,46.0,89.2,14.0,0.6,0.5,0.5,-47.8,-5.9,49.1,-7.2,32.0,41.8,14.0,0.4,0.5,0.5,-58.6,-12.3,11.5,-17.6,32.0,50.2,14.0,0.4,0.5,0.5,-54.0,-6.0,20.5,-9.0,29.0,39.1,14.0,0.4,0.5,0.5,-39.5,-19.7,6.8,-21.0,29.0,37.7,14.0,0.4,0.5,0.5,133.5,804.5,2369.5,1767.5,46.0,2678.0,14.0,0.6,0.5,0.5,135.0,805.0,2370.0,1765.0,46.0,2680.0,14.0,0.6,0.5,0.5
1974,2,140.0,35.0,11.0,14.0,15.8,13.57,348.0,2.59,18.0,0.5,0.7,0.5,5.2,8.2,12.2,8.63,370.0,3.83,18.0,0.5,0.7,0.5,3.96,4.91,5.39,4.9,37.0,1.07,14.0,0.6,0.7,0.6,58.9,70.1,78.6,68.8,37.0,11.8,14.0,0.6,0.6,4.1,8.2,13.0,8.24,343.0,4.56,16.0,0.5,0.7,0.5,-6.28,0.0,3.91,-0.79,343.0,5.37,16.0,0.5,0.7,0.5,-9.62,-4.63,2.81,-3.55,343.0,6.85,16.0,0.5,0.7,0.5,1007.1,1015.3,1023.11,1015.36,360.0,8.14,18.0,0.5,0.7,0.5,1.0,6.0,8.0,5.0,303.0,3.1,16.0,0.6,0.7,0.5,-61.4,0.0,25.9,-4.6,343.0,72.8,16.0,0.5,0.7,0.5,-106.1,-26.0,11.9,-34.7,343.0,96.9,16.0,0.5,0.7,0.5,0.45,5.0,9.22,4.86,346.0,4.22,18.0,0.5,0.7,0.5,0.0,30.4,83.3,41.2,315.0,47.7,18.0,0.5,0.7,0.5,1.83,2.41,6.24,3.59,32.0,2.56,14.0,0.6,0.7,0.7,10.2,19.0,66.6,35.1,32.0,43.5,14.0,0.6,0.7,0.7,-52.7,0.0,22.8,-4.9,338.0,52.4,16.0,0.5,0.7,0.5,-70.7,-30.8,26.8,-16.5,338.0,73.6,16.0,0.5,0.7,0.5,-27.1,0.0,13.5,-3.8,37.0,33.8,14.0,0.6,0.7,0.6,-57.1,-33.2,-11.7,-29.5,37.0,36.5,14.0,0.6,0.7,0.6,-10.7,0.0,11.3,6.9,32.0,38.6,14.0,0.6,0.7,0.7,-33.5,-16.2,-4.9,-25.8,32.0,30.5,14.0,0.6,0.7,0.7,69.0,551.5,2197.0,1118.0,343.0,1718.5,16.0,0.5,0.7,0.5,70.0,550.0,2195.0,1120.0,343.0,1720.0,16.0,0.5,0.7,0.5
1974,2,140.0,36.0,9.0,12.15,14.0,11.72,142.0,2.36,14.0,0.5,0.8,0.5,4.0,6.75,10.2,6.89,148.0,3.32,14.0,0.5,0.8,0.5,3.87,4.07,4.26,4.07,3.0,0.29,16.0,0.0,0.7,0.0,72.7,73.6,74.2,73.4,3.0,1.1,16.0,0.0,0.0,3.1,7.0,11.83,7.02,145.0,4.25,14.0,0.5,0.8,0.5,-4.76,0.0,5.11,0.09,145.0,4.7,14.0,0.5,0.8,0.5,-8.94,-3.55,1.09,-3.75,145.0,5.6,14.0,0.5,0.8,0.5,1010.21,1016.3,1023.2,1016.17,150.0,7.66,14.0,0.5,0.8,0.5,0.0,3.0,8.0,4.0,119.0,3.3,14.0,0.6,0.8,0.5,-39.1,0.0,33.5,-1.8,145.0,51.5,14.0,0.5,0.8,0.5,-87.1,-19.2,2.7,-39.1,145.0,76.4,14.0,0.5,0.8,0.5,1.24,4.35,8.96,4.75,142.0,3.74,14.0,0.5,0.8,0.5,1.8,21.9,69.7,36.4,138.0,40.6,14.0,0.5,0.8,0.5,4.04,4.08,4.52,4.28,3.0,0.39,16.0,0.0,0.7,0.0,17.4,18.9,22.5,19.9,3.0,3.8,16.0,0.0,0.7,0.0,-37.1,0.0,27.1,-2.2,143.0,33.6,14.0,0.5,0.8,0.5,-64.1,-19.7,10.1,-24.1,143.0,46.2,14.0,0.5,0.8,0.5,12.3,13.3,17.0,14.6,3.0,3.6,16.0,0.0,0.7,0.0,-7.5,10.0,10.8,1.8,3.0,15.2,16.0,0.0,0.7,0.0,13.3,14.5,17.2,15.3,3.0,2.9,16.0,0.0,0.7,0.0,-7.2,10.8,11.7,2.5,3.0,15.6,16.0,0.0,0.7,0.0,30.0,343.0,1655.5,767.0,145.0,1261.0,14.0,0.5,0.8,0.5,30.0,345.0,1655.0,765.0,145.0,1260.0,14.0,0.5,0.8,0.5
1974,2,140.0,37.0,,,,,,,,,,,,,,,,,,,,,,,,,,,,,,,,,,,,,,,,4.59,5.65,6.71,5.65,2.0,2.19,18.0,1.0,0.4,0.1,1.13,3.55,5.97,3.55,2.0,5.01,18.0,1.0,0.4,0.1,1.7,2.68,3.65,2.68,2.0,2.02,18.0,1.0,0.4,0.1,1009.6,1011.75,1013.9,1011.75,2.0,4.45,18.0,1.0,0.4,0.1,,,,,,,,,,,,,,,,,,,,,,,,,,,,,,,,,,,,,,,,,,,,,,,,,,,,,,,,,,,,,,,,,,,,,,,,,,,,,,,,,,,,,,,,,,,,,,,,,,,,,,,,,,,,,,,,,,,,,,,,,,,,,,,,,,,,,,,,,,,,,,,,,,,,,,
1974,2,140.0,38.0,,,,,,,,,,,,,,,,,,,,,,,,,,,,,,,,,,,,,,,,3.99,5.9,7.81,5.9,2.0,3.96,14.0,0.5,0.8,0.8,2.95,3.52,4.09,3.52,2.0,1.18,14.0,0.5,0.8,0.8,-6.58,-4.54,-2.5,-4.54,2.0,4.23,14.0,0.5,0.8,0.8,1009.21,1012.25,1015.29,1012.25,2.0,6.29,14.0,0.5,0.8,0.8,,,,,,,,,,,,,,,,,,,,,,,,,,,,,,,,,,,,,,,,,,,,,,,,,,,,,,,,,,,,,,,,,,,,,,,,,,,,,,,,,,,,,,,,,,,,,,,,,,,,,,,,,,,,,,,,,,,,,,,,,,,,,,,,,,,,,,,,,,,,,,,,,,,,,,
1974,2,140.0,41.0,2.93,6.2,9.31,6.14,87.0,3.26,14.0,0.5,0.4,0.4,-1.66,1.9,4.5,1.82,88.0,3.12,14.0,0.6,0.4,0.4,2.92,3.33,3.74,3.33,4.0,0.49,14.0,0.8,0.6,0.5,75.9,89.9,92.3,84.4,4.0,14.2,14.0,0.8,0.5,4.1,8.0,12.46,8.3,86.0,4.52,14.0,0.5,0.4,0.4,-0.44,4.96,11.03,4.4,86.0,6.99,14.0,0.5,0.4,0.4,-4.97,-0.62,3.48,-0.9,86.0,4.57,14.0,0.5,0.4,0.4,1005.92,1014.4,1021.46,1013.94,90.0,7.4,14.0,0.6,0.4,0.4,3.0,7.0,8.0,5.9,74.0,2.3,14.0,0.6,0.4,0.4,-2.2,34.7,128.2,47.5,86.0,110.0,14.0,0.5,0.4,0.4,-42.3,-1.3,26.8,-4.7,86.0,57.9,14.0,0.5,0.4,0.4,0.33,4.0,8.63,4.4,85.0,4.56,14.0,0.5,0.4,0.4,0.3,30.0,77.5,41.3,81.0,56.8,14.0,0.5,0.4,0.4,2.21,2.93,3.43,2.82,4.0,0.74,14.0,0.8,0.6,0.5,10.3,32.6,46.0,28.4,4.0,21.6,14.0,0.8,0.6,0.5,-16.4,2.6,22.6,4.5,84.0,27.3,14.0,0.5,0.4,0.4,-10.0,0.0,11.0,2.7,84.0,20.8,14.0,0.5,0.4,0.4,-44.7,-17.6,11.2,-16.8,4.0,32.9,14.0,0.8,0.6,0.5,-16.7,0.5,6.2,-5.0,4.0,18.6,14.0,0.8,0.6,0.5,-40.9,-16.6,9.7,-15.6,4.0,29.9,14.0,0.8,0.6,0.5,-15.3,0.3,5.4,-4.7,4.0,17.0,14.0,0.8,0.6,0.5,69.0,512.0,1941.5,1150.5,86.0,2209.0,14.0,0.5,0.4,0.4,70.0,510.0,1940.0,1150.0,86.0,2210.0,14.0,0.5,0.4,0.4
1974,2,140.0,42.0,,,,,,,,,,,,,,,,,,,,,,,,,,,,,,,,,,,,,,,,4.1,6.55,14.75,8.87,6.0,5.82,8.0,0.3,0.2,0.6,-5.93,-1.57,0.75,-2.6,6.0,3.92,8.0,0.3,0.2,0.6,-7.7,0.7,7.06,-0.81,6.0,10.19,8.0,0.3,0.2,0.6,1012.49,1017.75,1021.52,1017.4,6.0,4.92,8.0,0.3,0.2,0.6,,,,,,,,,,,,,,,,,,,,,,,,,,,,,,,,,,,,,,,,,,,,,,,,,,,,,,,,,,,,,,,,,,,,,,,,,,,,,,,,,,,,,,,,,,,,,,,,,,,,,,,,,,,,,,,,,,,,,,,,,,,,,,,,,,,,,,,,,,,,,,,,,,,,,,
1974,2,140.0,43.0,,,,,,,,,,,,,,,,,,,,,,,,,,,,,,,,,,,,,,,,4.1,8.2,14.3,9.38,43.0,4.62,12.0,0.5,0.2,0.5,-3.37,2.76,12.94,3.99,43.0,6.95,12.0,0.5,0.2,0.5,-7.93,-2.43,4.1,-2.4,43.0,6.38,12.0,0.5,0.2,0.5,1007.71,1016.15,1021.86,1015.0,46.0,7.02,12.0,0.5,0.2,0.5,,,,,,,,,,,,,,,,,,,,,,,,,,,,,,,,,,,,,,,,,,,,,,,,,,,,,,,,,,,,,,,,,,,,,,,,,,,,,,,,,,,,,,,,,,,,,,,,,,,,,,,,,,,,,,,,,,,,,,,,,,,,,,,,,,,,,,,,,,,,,,,,,,,,,,
1974,2,140.0,44.0,,,,,,,,,,,,,,,,,,,,,,,,,,,,,,,,,,,,,,,,4.81,8.0,13.93,8.7,37.0,4.31,16.0,0.4,0.4,0.4,-3.86,5.0,9.18,3.02,37.0,6.55,16.0,0.4,0.4,0.4,-8.21,-2.0,2.36,-2.75,37.0,6.03,16.0,0.4,0.4,0.4,1008.05,1013.3,1021.17,1013.97,38.0,6.7,16.0,0.4,0.5,0.4,,,,,,,,,,,,,,,,,,,,,,,,,,,,,,,,,,,,,,,,,,,,,,,,,,,,,,,,,,,,,,,,,,,,,,,,,,,,,,,,,,,,,,,,,,,,,,,,,,,,,,,,,,,,,,,,,,,,,,,,,,,,,,,,,,,,,,,,,,,,,,,,,,,,,,
1974,2,140.0,45.0,,,,,,,,,,,,,,,,,,,,,,,,,,,,,,,,,,,,,,,,4.07,8.2,10.6,7.71,43.0,3.12,16.0,0.7,0.4,0.5,-5.14,0.0,5.41,0.64,43.0,5.72,16.0,0.7,0.4,0.5,-8.18,-4.1,0.0,-4.11,43.0,4.5,16.0,0.7,0.4,0.5,1008.87,1016.6,1022.17,1015.77,43.0,6.39,16.0,0.7,0.4,0.5,,,,,,,,,,,,,,,,,,,,,,,,,,,,,,,,,,,,,,,,,,,,,,,,,,,,,,,,,,,,,,,,,,,,,,,,,,,,,,,,,,,,,,,,,,,,,,,,,,,,,,,,,,,,,,,,,,,,,,,,,,,,,,,,,,,,,,,,,,,,,,,,,,,,,,
1974,2,140.0,46.0,,,,,,,,,,,,,,,,,,,,,,,,,,,,,,,,,,,,,,,,4.04,8.2,12.0,8.43,35.0,4.1,12.0,0.5,0.4,0.4,-3.83,0.0,5.56,0.35,35.0,5.1,12.0,0.5,0.4,0.4,-11.17,-6.3,-1.93,-6.43,35.0,4.6,12.0,0.5,0.4,0.4,1006.17,1016.4,1023.59,1015.48,37.0,8.3,12.0,0.5,0.4,0.4,,,,,,,,,,,,,,,,,,,,,,,,,,,,,,,,,,,,,,,,,,,,,,,,,,,,,,,,,,,,,,,,,,,,,,,,,,,,,,,,,,,,,,,,,,,,,,,,,,,,,,,,,,,,,,,,,,,,,,,,,,,,,,,,,,,,,,,,,,,,,,,,,,,,,,
1974,2,140.0,47.0,,,,,,,,,,,,,,,,,,,,,,,,,,,,,,,,,,,,,,,,4.0,8.0,13.0,8.22,36.0,4.46,14.0,0.4,0.4,0.4,-4.7,0.0,5.38,0.32,36.0,4.95,14.0,0.4,0.4,0.4,-10.64,-4.84,0.04,-5.35,36.0,5.94,14.0,0.4,0.4,0.4,1006.3,1015.2,1023.78,1014.49,39.0,7.68,14.0,0.4,0.4,0.4,,,,,,,,,,,,,,,,,,,,,,,,,,,,,,,,,,,,,,,,,,,,,,,,,,,,,,,,,,,,,,,,,,,,,,,,,,,,,,,,,,,,,,,,,,,,,,,,,,,,,,,,,,,,,,,,,,,,,,,,,,,,,,,,,,,,,,,,,,,,,,,,,,,,,,
1974,2,140.0,48.0,,,,,,,,,,,,,,,,,,,,,,,,,,,,,,,,,,,,,,,,3.09,8.0,12.98,8.28,95.0,5.69,14.0,0.5,0.4,0.4,-2.55,0.34,4.92,1.41,95.0,4.87,14.0,0.5,0.4,0.4,-11.32,-6.28,0.0,-6.13,95.0,6.15,14.0,0.5,0.4,0.4,1005.07,1012.9,1024.05,1013.86,101.0,9.21,14.0,0.5,0.4,0.4,,,,,,,,,,,,,,,,,,,,,,,,,,,,,,,,,,,,,,,,,,,,,,,,,,,,,,,,,,,,,,,,,,,,,,,,,,,,,,,,,,,,,,,,,,,,,,,,,,,,,,,,,,,,,,,,,,,,,,,,,,,,,,,,,,,,,,,,,,,,,,,,,,,,,,
1974,2,140.0,49.0,,,,,,,,,,,,,,,,,,,,,,,,,,,,,,,,,,,,,,,,1.27,5.0,8.56,5.2,5.0,4.97,14.0,0.8,0.4,0.1,-0.47,3.21,6.63,3.18,5.0,3.97,14.0,0.8,0.4,0.1,-6.07,-2.05,0.56,-2.86,5.0,4.46,14.0,0.8,0.4,0.1,1009.6,1022.3,1025.44,1018.26,5.0,8.85,14.0,0.8,0.4,0.1,,,,,,,,,,,,,,,,,,,,,,,,,,,,,,,,,,,,,,,,,,,,,,,,,,,,,,,,,,,,,,,,,,,,,,,,,,,,,,,,,,,,,,,,,,,,,,,,,,,,,,,,,,,,,,,,,,,,,,,,,,,,,,,,,,,,,,,,,,,,,,,,,,,,,,
1974,2,140.0,53.0,,,,,,,,,,,,,,,,,,,,,,,,,,,,,,,,,,,,,,,,14.9,14.9,14.9,14.9,1.0,0.0,2.0,1.0,0.0,0.8,-5.1,-5.1,-5.1,-5.1,1.0,0.0,2.0,1.0,0.0,0.8,-14.0,-14.0,-14.0,-14.0,1.0,0.0,2.0,1.0,0.0,0.8,1004.6,1004.6,1004.6,1004.6,1.0,0.0,2.0,1.0,0.0,0.8,,,,,,,,,,,,,,,,,,,,,,,,,,,,,,,,,,,,,,,,,,,,,,,,,,,,,,,,,,,,,,,,,,,,,,,,,,,,,,,,,,,,,,,,,,,,,,,,,,,,,,,,,,,,,,,,,,,,,,,,,,,,,,,,,,,,,,,,,,,,,,,,,,,,,,
1974,2,140.0,57.0,,,,,,,,,,,,,,,,,,,,,,,,,,,,,,,,,,,,,,,,8.2,8.2,8.2,8.2,1.0,0.0,8.0,0.0,0.5,0.5,-5.27,-5.27,-5.27,-5.27,1.0,0.0,8.0,0.0,0.5,0.5,-6.28,-6.28,-6.28,-6.28,1.0,0.0,8.0,0.0,0.5,0.5,1025.4,1025.4,1025.4,1025.4,1.0,0.0,8.0,0.0,0.5,0.5,,,,,,,,,,,,,,,,,,,,,,,,,,,,,,,,,,,,,,,,,,,,,,,,,,,,,,,,,,,,,,,,,,,,,,,,,,,,,,,,,,,,,,,,,,,,,,,,,,,,,,,,,,,,,,,,,,,,,,,,,,,,,,,,,,,,,,,,,,,,,,,,,,,,,,
1974,2,141.0,-43.0,14.3,14.3,14.3,14.3,1.0,0.0,22.0,0.0,0.4,0.7,13.73,14.45,15.17,14.45,2.0,1.48,20.0,0.5,0.3,0.5,6.26,7.23,8.21,7.23,2.0,2.02,20.0,0.5,0.3,0.5,63.7,69.7,75.8,69.7,2.0,12.6,20.0,0.5,0.5,8.1,10.05,12.0,10.05,2.0,4.03,20.0,0.5,0.3,0.5,3.07,6.98,10.89,6.98,2.0,8.1,20.0,0.5,0.3,0.5,3.01,4.67,6.32,4.67,2.0,3.43,20.0,0.5,0.3,0.5,1004.15,1006.2,1008.25,1006.2,2.0,4.24,20.0,0.5,0.3,0.5,2.1,4.5,6.9,4.5,2.0,4.9,20.0,0.5,0.3,0.5,33.6,86.4,139.3,86.4,2.0,109.5,20.0,0.5,0.3,0.5,32.4,40.0,47.5,40.0,2.0,15.7,20.0,0.5,0.3,0.5,0.9,0.9,0.9,0.9,1.0,0.0,22.0,0.0,0.4,0.7,6.5,6.5,6.5,6.5,1.0,0.0,22.0,0.0,0.4,0.7,4.34,4.34,4.34,4.34,1.0,0.0,22.0,0.0,0.4,0.7,31.2,31.2,31.2,31.2,1.0,0.0,22.0,0.0,0.4,0.7,45.3,106.8,168.3,106.8,2.0,127.4,20.0,0.5,0.3,0.5,44.3,64.9,85.4,64.9,2.0,42.6,20.0,0.5,0.3,0.5,23.6,58.6,93.7,58.6,2.0,72.7,20.0,0.5,0.3,0.5,22.9,30.3,37.7,30.3,2.0,15.4,20.0,0.5,0.3,0.5,5.4,5.4,5.4,5.4,1.0,0.0,22.0,0.0,0.4,0.7,30.8,30.8,30.8,30.8,1.0,0.0,22.0,0.0,0.4,0.7,654.5,1260.0,1865.0,1260.0,2.0,1254.0,20.0,0.5,0.3,0.5,655.0,1260.0,1865.0,1260.0,2.0,1255.0,20.0,0.5,0.3,0.5
1974,2,141.0,-41.0,,,,,,,,,,,,,,,,,,,,,,,,,,,,,,,,,,,,,,,,3.1,3.1,3.1,3.1,1.0,0.0,14.0,1.0,0.6,0.4,0.0,0.0,0.0,0.0,1.0,0.0,14.0,1.0,0.6,0.4,3.1,3.1,3.1,3.1,1.0,0.0,14.0,1.0,0.6,0.4,1017.8,1017.8,1017.8,1017.8,1.0,0.0,14.0,1.0,0.6,0.4,,,,,,,,,,,,,,,,,,,,,,,,,,,,,,,,,,,,,,,,,,,,,,,,,,,,,,,,,,,,,,,,,,,,,,,,,,,,,,,,,,,,,,,,,,,,,,,,,,,,,,,,,,,,,,,,,,,,,,,,,,,,,,,,,,,,,,,,,,,,,,,,,,,,,,
1974,2,141.0,-40.0,16.32,17.0,17.68,17.0,3.0,1.0,14.0,1.0,0.3,0.6,15.86,16.0,16.41,16.13,3.0,0.42,14.0,1.0,0.3,0.6,6.94,7.88,8.05,7.51,3.0,0.88,14.0,1.0,0.3,0.6,60.4,70.7,72.1,66.4,3.0,9.3,14.0,1.0,0.6,7.02,7.7,12.96,9.93,3.0,4.76,14.0,1.0,0.3,0.6,-0.37,1.34,5.68,2.62,3.0,4.57,14.0,1.0,0.3,0.6,6.91,7.58,11.51,9.17,3.0,3.64,14.0,1.0,0.3,0.6,1011.76,1013.4,1017.5,1014.6,3.0,4.33,14.0,1.0,0.3,0.6,3.3,6.0,6.7,5.0,3.0,2.6,14.0,1.0,0.3,0.6,-2.1,10.3,84.2,40.4,3.0,68.3,14.0,1.0,0.3,0.6,48.7,58.4,158.7,102.7,3.0,89.2,14.0,1.0,0.3,0.6,0.38,1.2,1.34,0.87,3.0,0.76,14.0,1.0,0.3,0.6,3.4,10.8,16.0,9.8,3.0,9.3,14.0,1.0,0.3,0.6,3.43,4.18,5.64,4.52,3.0,1.65,14.0,1.0,0.3,0.6,29.5,48.6,59.3,44.5,3.0,22.1,14.0,1.0,0.3,0.6,-5.7,22.2,90.1,41.7,3.0,72.2,14.0,1.0,0.3,0.6,112.0,125.9,183.8,147.4,3.0,55.8,14.0,1.0,0.3,0.6,-3.7,8.7,44.2,20.0,3.0,36.4,14.0,1.0,0.3,0.6,50.7,53.7,88.8,69.4,3.0,31.0,14.0,1.0,0.3,0.6,0.2,8.4,24.6,12.3,3.0,18.2,14.0,1.0,0.3,0.6,29.1,47.9,53.2,41.3,3.0,18.6,14.0,1.0,0.3,0.6,350.0,456.5,2638.0,1470.0,3.0,1891.5,14.0,1.0,0.3,0.6,350.0,455.0,2640.0,1470.0,3.0,1890.0,14.0,1.0,0.3,0.6
1974,2,141.0,-39.0,18.0,18.0,18.56,18.18,10.0,0.33,14.0,0.7,0.5,0.4,16.92,18.0,20.0,18.38,12.0,1.76,14.0,0.6,0.5,0.3,8.42,10.52,11.84,10.26,11.0,1.65,14.0,0.6,0.5,0.4,69.8,77.6,85.9,78.5,11.0,10.2,14.0,0.6,0.4,2.89,6.7,8.36,6.14,11.0,2.65,14.0,0.5,0.5,0.3,-3.28,-0.89,4.78,-0.02,11.0,3.95,14.0,0.5,0.5,0.3,0.69,4.94,7.5,4.09,11.0,3.8,14.0,0.5,0.5,0.3,1011.21,1018.35,1020.96,1016.98,12.0,4.8,14.0,0.6,0.5,0.3,2.0,4.0,6.4,4.1,11.0,2.4,14.0,0.6,0.4,0.4,-21.5,-2.3,26.4,-1.0,11.0,26.7,14.0,0.5,0.5,0.3,2.7,28.9,62.1,33.8,11.0,35.3,14.0,0.5,0.5,0.3,-1.8,0.0,1.4,-0.28,10.0,1.75,14.0,0.7,0.5,0.4,-12.5,2.9,10.5,-0.5,9.0,11.4,12.0,0.7,0.5,0.4,1.12,2.69,4.35,2.72,10.0,1.54,14.0,0.7,0.5,0.4,7.5,15.9,31.9,18.8,9.0,15.2,12.0,0.7,0.5,0.4,-70.2,-16.9,81.8,-3.8,11.0,73.8,14.0,0.5,0.5,0.3,13.0,86.4,141.5,73.2,11.0,66.7,14.0,0.5,0.5,0.3,-40.1,-7.1,45.5,-2.1,10.0,42.7,12.0,0.6,0.5,0.4,9.6,44.5,76.1,47.6,10.0,33.8,12.0,0.6,0.5,0.4,-8.4,-1.3,13.3,1.6,9.0,12.7,12.0,0.7,0.5,0.4,3.1,12.6,21.9,14.4,9.0,15.1,12.0,0.7,0.5,0.4,24.5,301.0,600.0,348.5,11.0,346.0,14.0,0.5,0.5,0.3,25.0,300.0,600.0,350.0,11.0,345.0,14.0,0.5,0.5,0.3
1974,2,141.0,-13.0,27.8,27.8,27.8,27.8,1.0,0.0,28.0,0.0,0.5,1.0,27.48,28.5,29.52,28.5,2.0,2.12,22.0,0.5,0.5,1.0,18.4,18.4,18.4,18.4,1.0,0.0,28.0,0.0,0.5,1.0,82.2,82.2,82.2,82.2,1.0,0.0,28.0,0.0,1.0,2.14,4.6,7.06,4.6,2.0,5.09,22.0,0.5,0.5,1.0,1.14,3.23,5.31,3.23,2.0,4.32,22.0,0.5,0.5,1.0,0.01,2.14,4.28,2.14,2.0,4.42,22.0,0.5,0.5,1.0,1005.19,1005.6,1006.01,1005.6,2.0,0.85,22.0,0.5,0.5,1.0,6.3,7.0,7.7,7.0,2.0,1.4,22.0,0.5,0.5,1.0,8.3,25.8,43.4,25.8,2.0,36.3,22.0,0.5,0.5,1.0,6.0,21.1,36.2,21.1,2.0,31.3,22.0,0.5,0.5,1.0,0.8,0.8,0.8,0.8,1.0,0.0,28.0,0.0,0.5,1.0,0.8,0.8,0.8,0.8,1.0,0.0,28.0,0.0,0.5,1.0,5.14,5.14,5.14,5.14,1.0,0.0,28.0,0.0,0.5,1.0,5.1,5.1,5.1,5.1,1.0,0.0,28.0,0.0,0.5,1.0,33.9,96.6,159.3,96.6,2.0,129.9,22.0,0.5,0.5,1.0,2.7,65.8,128.8,65.8,2.0,130.6,22.0,0.5,0.5,1.0,3.2,3.2,3.2,3.2,1.0,0.0,28.0,0.0,0.5,1.0,-18.1,-18.1,-18.1,-18.1,1.0,0.0,28.0,0.0,0.5,1.0,0.9,0.9,0.9,0.9,1.0,0.0,28.0,0.0,0.5,1.0,-5.1,-5.1,-5.1,-5.1,1.0,0.0,28.0,0.0,0.5,1.0,88.5,276.0,464.0,276.0,2.0,389.0,22.0,0.5,0.5,1.0,90.0,275.0,465.0,275.0,2.0,390.0,22.0,0.5,0.5,1.0
1974,2,141.0,-12.0,27.16,27.6,28.1,27.65,6.0,0.6,14.0,0.2,0.5,0.5,27.5,27.75,28.22,27.83,6.0,0.34,14.0,0.2,0.5,0.5,19.73,20.01,21.06,20.42,6.0,1.38,14.0,0.2,0.5,0.5,82.4,86.3,89.4,86.6,6.0,5.1,14.0,0.2,0.5,3.65,5.1,6.72,4.95,6.0,2.84,14.0,0.2,0.5,0.5,1.38,3.69,5.7,3.47,6.0,2.35,14.0,0.2,0.5,0.5,-3.4,-0.54,3.79,-0.33,6.0,4.17,14.0,0.2,0.5,0.5,1004.27,1004.95,1005.48,1004.83,6.0,0.86,14.0,0.2,0.5,0.5,3.8,6.0,8.0,5.8,6.0,2.1,14.0,0.2,0.5,0.5,7.1,18.1,40.1,21.9,6.0,18.4,14.0,0.2,0.5,0.5,-22.3,-3.3,17.9,-6.2,6.0,29.0,14.0,0.2,0.5,0.5,-1.12,-0.15,0.6,-0.18,6.0,0.89,14.0,0.2,0.5,0.5,-7.9,-1.3,1.8,-2.3,6.0,5.5,14.0,0.2,0.5,0.5,1.64,3.31,4.68,2.96,6.0,2.01,14.0,0.2,0.5,0.5,-0.7,16.8,23.5,12.9,6.0,12.2,14.0,0.2,0.5,0.5,38.1,102.3,161.1,97.2,6.0,66.5,14.0,0.2,0.5,0.5,-95.0,-15.2,104.9,-10.0,6.0,116.5,14.0,0.2,0.5,0.5,27.6,73.5,118.0,72.4,6.0,51.9,14.0,0.2,0.5,0.5,-69.2,-12.4,72.8,-8.1,6.0,83.0,14.0,0.2,0.5,0.5,-0.7,8.9,14.5,7.3,6.0,7.5,14.0,0.2,0.5,0.5,-8.2,0.3,18.2,2.7,6.0,14.8,14.0,0.2,0.5,0.5,77.0,132.5,325.0,210.0,6.0,232.5,14.0,0.2,0.5,0.5,75.0,135.0,325.0,210.0,6.0,235.0,14.0,0.2,0.5,0.5
1974,2,141.0,-11.0,27.68,28.0,28.92,28.15,6.0,0.69,14.0,0.8,0.4,0.3,27.9,28.15,28.6,28.22,6.0,0.51,14.0,0.8,0.4,0.3,19.9,19.95,20.58,20.37,6.0,1.01,14.0,0.8,0.4,0.3,80.9,83.5,87.9,84.7,6.0,5.3,14.0,0.8,0.3,4.79,6.2,7.91,6.25,6.0,1.81,14.0,0.8,0.4,0.3,2.54,3.35,5.13,3.56,6.0,1.72,14.0,0.8,0.4,0.3,-6.37,-5.2,-1.68,-4.43,6.0,2.91,14.0,0.8,0.4,0.3,1004.77,1006.65,1008.12,1006.47,6.0,1.81,14.0,0.8,0.4,0.3,4.8,6.5,7.2,6.2,6.0,1.5,14.0,0.8,0.4,0.3,11.2,22.6,36.5,22.8,6.0,13.2,14.0,0.8,0.4,0.3,-50.7,-29.5,-10.4,-31.4,6.0,25.0,14.0,0.8,0.4,0.3,-0.61,-0.1,0.63,-0.07,6.0,1.07,14.0,0.8,0.4,0.3,-3.5,-0.4,4.7,-0.1,6.0,6.7,14.0,0.8,0.4,0.3,2.45,3.79,5.25,3.68,6.0,1.6,14.0,0.8,0.4,0.3,14.6,24.4,35.8,24.8,6.0,14.5,14.0,0.8,0.4,0.3,72.5,93.0,144.9,100.6,6.0,49.6,14.0,0.8,0.4,0.3,-179.2,-144.9,-48.8,-124.9,6.0,82.1,14.0,0.8,0.4,0.3,50.7,71.3,102.2,72.4,6.0,34.4,14.0,0.8,0.4,0.3,-126.9,-104.1,-33.4,-88.4,6.0,58.1,14.0,0.8,0.4,0.3,3.8,15.9,17.2,12.5,6.0,7.0,14.0,0.8,0.4,0.3,-31.7,-20.8,-4.7,-19.8,6.0,15.5,14.0,0.8,0.4,0.3,115.0,238.5,498.0,295.0,6.0,225.0,14.0,0.8,0.4,0.3,115.0,240.0,500.0,295.0,6.0,225.0,14.0,0.8,0.4,0.3
1974,2,141.0,-1.0,30.2,30.2,30.2,30.2,1.0,0.0,4.0,1.0,0.9,0.5,28.9,28.9,28.9,28.9,1.0,0.0,4.0,1.0,0.9,0.5,16.35,16.35,16.35,16.35,1.0,0.0,4.0,1.0,0.9,0.5,65.5,65.5,65.5,65.5,1.0,0.0,4.0,1.0,0.5,1.0,1.0,1.0,1.0,1.0,0.0,4.0,1.0,0.9,0.5,0.64,0.64,0.64,0.64,1.0,0.0,4.0,1.0,0.9,0.5,0.77,0.77,0.77,0.77,1.0,0.0,4.0,1.0,0.9,0.5,1008.0,1008.0,1008.0,1008.0,1.0,0.0,4.0,1.0,0.9,0.5,5.0,5.0,5.0,5.0,1.0,0.0,4.0,1.0,0.9,0.5,0.6,0.6,0.6,0.6,1.0,0.0,4.0,1.0,0.9,0.5,0.8,0.8,0.8,0.8,1.0,0.0,4.0,1.0,0.9,0.5,1.3,1.3,1.3,1.3,1.0,0.0,4.0,1.0,0.9,0.5,1.3,1.3,1.3,1.3,1.0,0.0,4.0,1.0,0.9,0.5,10.72,10.72,10.72,10.72,1.0,0.0,4.0,1.0,0.9,0.5,10.7,10.7,10.7,10.7,1.0,0.0,4.0,1.0,0.9,0.5,18.6,18.6,18.6,18.6,1.0,0.0,4.0,1.0,0.9,0.5,22.1,22.1,22.1,22.1,1.0,0.0,4.0,1.0,0.9,0.5,10.5,10.5,10.5,10.5,1.0,0.0,4.0,1.0,0.9,0.5,12.5,12.5,12.5,12.5,1.0,0.0,4.0,1.0,0.9,0.5,6.9,6.9,6.9,6.9,1.0,0.0,4.0,1.0,0.9,0.5,8.2,8.2,8.2,8.2,1.0,0.0,4.0,1.0,0.9,0.5,1.0,1.0,1.0,1.0,1.0,0.0,4.0,1.0,0.9,0.5,0.0,0.0,0.0,0.0,1.0,0.0,4.0,1.0,0.9,0.5
1974,2,141.0,1.0,28.9,28.9,28.9,28.9,1.0,0.0,24.0,1.0,0.2,0.7,27.4,27.4,27.4,27.4,1.0,0.0,24.0,1.0,0.2,0.7,19.55,19.55,19.55,19.55,1.0,0.0,24.0,1.0,0.2,0.7,85.2,85.2,85.2,85.2,1.0,0.0,24.0,1.0,0.7,5.1,5.1,5.1,5.1,1.0,0.0,24.0,1.0,0.2,0.7,-5.1,-5.1,-5.1,-5.1,1.0,0.0,24.0,1.0,0.2,0.7,0.0,0.0,0.0,0.0,1.0,0.0,24.0,1.0,0.2,0.7,1006.4,1006.4,1006.4,1006.4,1.0,0.0,24.0,1.0,0.2,0.7,7.0,7.0,7.0,7.0,1.0,0.0,24.0,1.0,0.2,0.7,-26.0,-26.0,-26.0,-26.0,1.0,0.0,24.0,1.0,0.2,0.7,0.0,0.0,0.0,0.0,1.0,0.0,24.0,1.0,0.2,0.7,1.5,1.5,1.5,1.5,1.0,0.0,24.0,1.0,0.2,0.7,7.7,7.7,7.7,7.7,1.0,0.0,24.0,1.0,0.2,0.7,5.57,5.57,5.57,5.57,1.0,0.0,24.0,1.0,0.2,0.7,28.4,28.4,28.4,28.4,1.0,0.0,24.0,1.0,0.2,0.7,-139.7,-139.7,-139.7,-139.7,1.0,0.0,24.0,1.0,0.2,0.7,0.0,0.0,0.0,0.0,1.0,0.0,24.0,1.0,0.2,0.7,-99.7,-99.7,-99.7,-99.7,1.0,0.0,24.0,1.0,0.2,0.7,0.0,0.0,0.0,0.0,1.0,0.0,24.0,1.0,0.2,0.7,-28.4,-28.4,-28.4,-28.4,1.0,0.0,24.0,1.0,0.2,0.7,0.0,0.0,0.0,0.0,1.0,0.0,24.0,1.0,0.2,0.7,132.5,132.5,132.5,132.5,1.0,0.0,24.0,1.0,0.2,0.7,135.0,135.0,135.0,135.0,1.0,0.0,24.0,1.0,0.2,0.7
1974,2,141.0,4.0,,,,,,,,,,,,,,,,,,,,,,,,,,,,,,,,,,,,,,,,4.93,6.7,8.47,6.7,2.0,3.68,12.0,0.0,0.3,0.7,-7.34,-5.8,-4.27,-5.8,2.0,3.18,12.0,0.0,0.3,0.7,-4.24,-3.35,-2.46,-3.35,2.0,1.84,12.0,0.0,0.3,0.7,1004.5,1004.5,1004.5,1004.5,1.0,0.0,16.0,0.0,0.4,0.8,,,,,,,,,,,,,,,,,,,,,,,,,,,,,,,,,,,,,,,,,,,,,,,,,,,,,,,,,,,,,,,,,,,,,,,,,,,,,,,,,,,,,,,,,,,,,,,,,,,,,,,,,,,,,,,,,,,,,,,,,,,,,,,,,,,,,,,,,,,,,,,,,,,,,,
1974,2,141.0,6.0,28.03,28.1,28.17,28.1,2.0,0.14,14.0,1.0,0.4,0.3,27.25,27.35,27.45,27.35,2.0,0.21,14.0,1.0,0.4,0.3,18.91,19.22,19.52,19.22,2.0,0.63,14.0,1.0,0.4,0.3,83.1,84.0,84.8,84.0,2.0,1.8,14.0,1.0,0.3,3.68,3.85,4.02,3.85,2.0,0.35,14.0,1.0,0.4,0.3,-3.83,-3.4,-2.96,-3.4,2.0,0.91,14.0,1.0,0.4,0.3,-2.06,-1.51,-0.97,-1.51,2.0,1.13,14.0,1.0,0.4,0.3,1004.9,1005.55,1006.2,1005.55,2.0,1.34,14.0,1.0,0.4,0.3,8.0,8.0,8.0,8.0,2.0,0.0,14.0,1.0,0.4,0.3,-15.5,-13.2,-11.0,-13.2,2.0,4.7,14.0,1.0,0.4,0.3,-7.5,-5.6,-3.8,-5.6,2.0,3.8,14.0,1.0,0.4,0.3,0.58,0.75,0.92,0.75,2.0,0.35,14.0,1.0,0.4,0.3,2.2,3.0,3.7,3.0,2.0,1.6,14.0,1.0,0.4,0.3,4.35,4.77,5.18,4.77,2.0,0.87,14.0,1.0,0.4,0.3,16.1,18.5,20.9,18.5,2.0,5.0,14.0,1.0,0.4,0.3,-104.4,-92.8,-81.2,-92.8,2.0,24.0,14.0,1.0,0.4,0.3,-56.6,-41.5,-26.4,-41.5,2.0,31.3,14.0,1.0,0.4,0.3,-72.4,-65.0,-57.7,-65.0,2.0,15.2,14.0,1.0,0.4,0.3,-40.4,-29.4,-18.5,-29.4,2.0,22.7,14.0,1.0,0.4,0.3,-20.1,-16.6,-13.1,-16.6,2.0,7.3,14.0,1.0,0.4,0.3,-8.7,-6.7,-4.7,-6.7,2.0,4.1,14.0,1.0,0.4,0.3,50.0,58.0,65.5,58.0,2.0,15.5,14.0,1.0,0.4,0.3,50.0,60.0,65.0,60.0,2.0,15.0,14.0,1.0,0.4,0.3
1974,2,141.0,8.0,27.63,27.7,27.77,27.7,2.0,0.14,14.0,0.5,0.5,0.0,26.95,27.05,27.15,27.05,2.0,0.21,14.0,0.5,0.5,0.0,19.13,19.15,19.17,19.15,2.0,0.05,14.0,0.5,0.5,0.0,84.5,85.2,85.9,85.2,2.0,1.4,14.0,0.5,0.0,4.67,5.9,7.13,5.9,2.0,2.55,14.0,0.5,0.5,0.0,-6.22,-5.26,-4.3,-5.26,2.0,1.99,14.0,0.5,0.5,0.0,-3.46,-2.63,-1.79,-2.63,2.0,1.73,14.0,0.5,0.5,0.0,1004.93,1005.85,1006.77,1005.85,2.0,1.91,14.0,0.5,0.5,0.0,6.3,7.0,7.7,7.0,2.0,1.4,14.0,0.5,0.5,0.0,-45.7,-33.6,-21.4,-33.6,2.0,25.1,14.0,0.5,0.5,0.0,-25.9,-17.7,-9.5,-17.7,2.0,16.9,14.0,0.5,0.5,0.0,0.48,0.65,0.82,0.65,2.0,0.35,14.0,0.5,0.5,0.0,3.2,3.4,3.6,3.4,2.0,0.4,14.0,0.5,0.5,0.0,4.21,4.26,4.32,4.26,2.0,0.11,14.0,0.5,0.5,0.0,20.1,25.0,30.0,25.0,2.0,10.2,14.0,0.5,0.5,0.0,-169.0,-142.5,-116.0,-142.5,2.0,55.0,14.0,0.5,0.5,0.0,-94.1,-71.2,-48.4,-71.2,2.0,47.4,14.0,0.5,0.5,0.0,-119.0,-100.7,-82.4,-100.7,2.0,37.9,14.0,0.5,0.5,0.0,-66.2,-50.2,-34.3,-50.2,2.0,33.0,14.0,0.5,0.5,0.0,-26.2,-22.3,-18.5,-22.3,2.0,7.9,14.0,0.5,0.5,0.0,-14.5,-11.1,-7.7,-11.1,2.0,7.1,14.0,0.5,0.5,0.0,130.5,262.5,395.0,262.5,2.0,274.0,14.0,0.5,0.5,0.0,130.0,265.0,395.0,265.0,2.0,275.0,14.0,0.5,0.5,0.0
1974,2,141.0,9.0,28.0,28.0,28.0,28.0,2.0,0.0,16.0,0.5,0.6,0.4,26.74,27.05,27.36,27.05,2.0,0.64,16.0,0.5,0.6,0.4,18.8,19.47,20.15,19.47,2.0,1.4,16.0,0.5,0.6,0.4,85.3,86.7,88.2,86.7,2.0,3.0,16.0,0.5,0.4,4.6,4.6,4.6,4.6,2.0,0.0,16.0,0.5,0.6,0.4,-4.37,-4.03,-3.68,-4.03,2.0,0.71,16.0,0.5,0.6,0.4,-2.61,-1.88,-1.14,-1.88,2.0,1.53,16.0,0.5,0.6,0.4,1007.82,1008.3,1008.78,1008.3,2.0,0.99,16.0,0.5,0.6,0.4,6.2,6.5,6.8,6.5,2.0,0.7,16.0,0.5,0.6,0.4,-20.1,-18.5,-16.9,-18.5,2.0,3.3,16.0,0.5,0.6,0.4,-12.0,-8.6,-5.2,-8.6,2.0,7.0,16.0,0.5,0.6,0.4,0.64,0.95,1.26,0.95,2.0,0.64,16.0,0.5,0.6,0.4,3.0,4.4,5.8,4.4,2.0,2.9,16.0,0.5,0.6,0.4,3.61,4.3,4.99,4.3,2.0,1.42,16.0,0.5,0.6,0.4,16.6,19.8,22.9,19.8,2.0,6.5,16.0,0.5,0.6,0.4,-119.7,-109.2,-98.6,-109.2,2.0,21.8,16.0,0.5,0.6,0.4,-69.7,-50.3,-31.0,-50.3,2.0,40.1,16.0,0.5,0.6,0.4,-88.3,-78.9,-69.5,-78.9,2.0,19.5,16.0,0.5,0.6,0.4,-48.6,-35.5,-22.4,-35.5,2.0,27.1,16.0,0.5,0.6,0.4,-18.1,-16.8,-15.5,-16.8,2.0,2.7,16.0,0.5,0.6,0.4,-13.6,-9.2,-4.7,-9.2,2.0,9.2,16.0,0.5,0.6,0.4,97.5,97.5,97.5,97.5,2.0,0.0,16.0,0.5,0.6,0.4,95.0,95.0,95.0,95.0,2.0,0.0,16.0,0.5,0.6,0.4
1974,2,141.0,10.0,31.0,31.0,31.0,31.0,1.0,0.0,12.0,0.0,0.8,0.3,27.0,27.0,27.0,27.0,1.0,0.0,12.0,0.0,0.8,0.3,18.67,18.67,18.67,18.67,1.0,0.0,12.0,0.0,0.8,0.3,83.7,83.7,83.7,83.7,1.0,0.0,12.0,0.0,0.3,8.2,8.2,8.2,8.2,1.0,0.0,12.0,0.0,0.8,0.3,-7.1,-7.1,-7.1,-7.1,1.0,0.0,12.0,0.0,0.8,0.3,-4.1,-4.1,-4.1,-4.1,1.0,0.0,12.0,0.0,0.8,0.3,1010.0,1010.0,1010.0,1010.0,1.0,0.0,12.0,0.0,0.8,0.3,1.0,1.0,1.0,1.0,1.0,0.0,12.0,0.0,0.8,0.3,-58.2,-58.2,-58.2,-58.2,1.0,0.0,12.0,0.0,0.8,0.3,-33.6,-33.6,-33.6,-33.6,1.0,0.0,12.0,0.0,0.8,0.3,4.0,4.0,4.0,4.0,1.0,0.0,12.0,0.0,0.8,0.3,32.8,32.8,32.8,32.8,1.0,0.0,12.0,0.0,0.8,0.3,9.63,9.63,9.63,9.63,1.0,0.0,12.0,0.0,0.8,0.3,79.0,79.0,79.0,79.0,1.0,0.0,12.0,0.0,0.8,0.3,-191.7,-191.7,-191.7,-191.7,1.0,0.0,12.0,0.0,0.8,0.3,-110.7,-110.7,-110.7,-110.7,1.0,0.0,12.0,0.0,0.8,0.3,-132.6,-132.6,-132.6,-132.6,1.0,0.0,12.0,0.0,0.8,0.3,-76.5,-76.5,-76.5,-76.5,1.0,0.0,12.0,0.0,0.8,0.3,-68.4,-68.4,-68.4,-68.4,1.0,0.0,12.0,0.0,0.8,0.3,-39.5,-39.5,-39.5,-39.5,1.0,0.0,12.0,0.0,0.8,0.3,551.5,551.5,551.5,551.5,1.0,0.0,12.0,0.0,0.8,0.3,550.0,550.0,550.0,550.0,1.0,0.0,12.0,0.0,0.8,0.3
1974,2,141.0,11.0,29.0,29.0,29.0,29.0,1.0,0.0,10.0,1.0,0.2,0.0,29.8,29.8,29.8,29.8,1.0,0.0,10.0,1.0,0.2,0.0,19.67,19.67,19.67,19.67,1.0,0.0,10.0,1.0,0.2,0.0,74.6,74.6,74.6,74.6,1.0,0.0,10.0,1.0,0.0,3.05,6.7,9.3,6.2,4.0,3.67,10.0,1.0,0.2,0.4,-8.74,-6.3,-0.99,-4.93,4.0,4.93,10.0,1.0,0.2,0.4,-3.18,-2.29,0.04,-1.6,4.0,2.14,10.0,1.0,0.2,0.4,1006.0,1006.2,1014.28,1009.38,5.0,4.54,12.0,0.8,0.1,0.5,3.6,4.0,5.0,4.2,5.0,0.8,12.0,0.8,0.1,0.5,-81.3,-48.5,-5.8,-43.7,4.0,44.0,10.0,1.0,0.2,0.4,-29.6,-17.7,-1.3,-15.5,4.0,16.6,10.0,1.0,0.2,0.4,-0.8,-0.8,-0.8,-0.8,1.0,0.0,10.0,1.0,0.2,0.0,-3.3,-3.3,-3.3,-3.3,1.0,0.0,10.0,1.0,0.2,0.0,5.6,5.6,5.6,5.6,1.0,0.0,10.0,1.0,0.2,0.0,23.0,23.0,23.0,23.0,1.0,0.0,10.0,1.0,0.2,0.0,-114.8,-114.8,-114.8,-114.8,1.0,0.0,10.0,1.0,0.2,0.0,-41.8,-41.8,-41.8,-41.8,1.0,0.0,10.0,1.0,0.2,0.0,-75.8,-75.8,-75.8,-75.8,1.0,0.0,10.0,1.0,0.2,0.0,-27.6,-27.6,-27.6,-27.6,1.0,0.0,10.0,1.0,0.2,0.0,-21.6,-21.6,-21.6,-21.6,1.0,0.0,10.0,1.0,0.2,0.0,-7.9,-7.9,-7.9,-7.9,1.0,0.0,10.0,1.0,0.2,0.0,37.5,436.5,804.5,421.5,4.0,442.5,10.0,1.0,0.2,0.4,40.0,435.0,805.0,420.0,4.0,440.0,10.0,1.0,0.2,0.4
1974,2,141.0,12.0,27.9,28.75,29.6,28.75,2.0,1.77,14.0,1.0,0.5,0.4,28.19,28.6,29.01,28.6,2.0,0.85,14.0,1.0,0.5,0.4,17.61,17.68,17.75,17.68,2.0,0.14,14.0,1.0,0.5,0.4,70.2,72.2,74.2,72.2,2.0,4.2,14.0,1.0,0.4,6.94,7.45,7.96,7.45,2.0,1.06,14.0,1.0,0.5,0.4,-6.97,-6.7,-6.42,-6.7,2.0,0.57,14.0,1.0,0.5,0.4,-3.81,-3.2,-2.58,-3.2,2.0,1.28,14.0,1.0,0.5,0.4,1009.33,1009.6,1009.87,1009.6,2.0,0.57,14.0,1.0,0.5,0.4,6.0,6.0,6.0,6.0,2.0,0.0,14.0,1.0,0.5,0.4,-55.7,-50.2,-44.7,-50.2,2.0,11.3,14.0,1.0,0.5,0.4,-30.7,-24.5,-18.3,-24.5,2.0,12.9,14.0,1.0,0.5,0.4,-0.29,0.15,0.59,0.15,2.0,0.92,14.0,1.0,0.5,0.4,-2.6,0.6,3.9,0.6,2.0,6.7,14.0,1.0,0.5,0.4,5.88,7.2,8.53,7.2,2.0,2.75,14.0,1.0,0.5,0.4,46.0,52.2,58.4,52.2,2.0,12.8,14.0,1.0,0.5,0.4,-196.5,-191.3,-186.2,-191.3,2.0,10.6,14.0,1.0,0.5,0.4,-107.2,-90.9,-74.5,-90.9,2.0,33.9,14.0,1.0,0.5,0.4,-123.8,-118.5,-113.1,-118.5,2.0,11.0,14.0,1.0,0.5,0.4,-67.7,-56.6,-45.5,-56.6,2.0,23.1,14.0,1.0,0.5,0.4,-54.4,-47.5,-40.6,-47.5,2.0,14.3,14.0,1.0,0.5,0.4,-21.5,-21.3,-21.1,-21.3,2.0,0.4,14.0,1.0,0.5,0.4,340.5,426.0,511.5,426.0,2.0,177.0,14.0,1.0,0.5,0.4,340.0,425.0,510.0,425.0,2.0,175.0,14.0,1.0,0.5,0.4
1974,2,141.0,13.0,27.05,28.0,28.3,27.9,9.0,1.0,18.0,0.4,0.4,0.4,26.11,27.8,28.48,27.44,8.0,1.16,18.0,0.5,0.5,0.4,17.78,20.03,21.13,19.54,8.0,1.97,18.0,0.5,0.5,0.4,76.1,84.8,95.3,85.4,8.0,8.9,18.0,0.5,0.4,6.6,8.7,9.3,8.11,9.0,2.5,18.0,0.4,0.4,0.4,-9.0,-7.58,-6.48,-7.38,9.0,2.02,18.0,0.4,0.4,0.4,-4.57,-1.61,-0.41,-2.54,9.0,2.76,18.0,0.4,0.4,0.4,1008.77,1011.2,1012.37,1010.86,9.0,1.85,18.0,0.4,0.4,0.4,3.3,4.0,4.7,4.2,9.0,1.6,18.0,0.4,0.4,0.4,-82.4,-65.5,-43.1,-64.1,9.0,30.1,18.0,0.4,0.4,0.4,-41.8,-15.0,-1.3,-24.6,9.0,32.1,18.0,0.4,0.4,0.4,-0.5,0.5,2.08,0.61,8.0,1.18,18.0,0.5,0.5,0.4,-3.6,5.1,13.5,5.8,8.0,9.6,18.0,0.5,0.5,0.4,3.07,4.08,5.33,4.27,8.0,1.28,18.0,0.5,0.5,0.4,23.0,32.2,41.9,33.8,8.0,13.7,18.0,0.5,0.5,0.4,-244.7,-210.2,-167.0,-201.2,8.0,58.3,18.0,0.5,0.5,0.4,-121.7,-60.4,-42.9,-82.0,8.0,64.9,18.0,0.5,0.5,0.4,-185.0,-143.6,-126.4,-144.8,8.0,47.9,18.0,0.5,0.5,0.4,-76.9,-46.0,-28.6,-57.6,8.0,47.6,18.0,0.5,0.5,0.4,-39.3,-28.3,-21.8,-30.6,8.0,12.1,18.0,0.5,0.5,0.4,-20.9,-8.1,-5.9,-12.5,8.0,10.1,18.0,0.5,0.5,0.4,297.0,658.5,804.5,663.0,9.0,517.5,18.0,0.4,0.4,0.4,295.0,660.0,805.0,665.0,9.0,515.0,18.0,0.4,0.4,0.4
1974,2,141.0,14.0,26.83,27.1,27.91,27.25,10.0,0.61,18.0,0.5,0.4,0.7,26.32,27.0,27.88,27.03,11.0,0.73,18.0,0.5,0.5,0.7,16.61,18.07,20.66,18.59,10.0,2.11,18.0,0.5,0.4,0.7,76.1,80.4,92.4,82.9,10.0,8.7,18.0,0.5,0.7,7.7,8.2,9.3,8.5,11.0,0.72,18.0,0.5,0.5,0.7,-8.32,-7.58,-6.51,-7.44,11.0,0.94,18.0,0.5,0.5,0.7,-5.08,-4.35,-0.78,-3.21,11.0,2.64,18.0,0.5,0.5,0.7,1009.26,1010.5,1012.08,1010.6,11.0,1.59,18.0,0.5,0.5,0.7,1.0,2.0,4.0,2.6,11.0,1.9,18.0,0.5,0.5,0.7,-77.5,-63.2,-51.4,-63.6,11.0,12.4,18.0,0.5,0.5,0.7,-45.2,-37.8,-6.0,-27.8,11.0,22.8,18.0,0.5,0.5,0.7,-0.61,0.25,1.0,0.17,10.0,0.91,18.0,0.5,0.4,0.7,-5.4,1.9,8.1,1.0,10.0,8.0,18.0,0.5,0.4,0.7,2.19,3.78,5.97,4.11,10.0,1.9,18.0,0.5,0.4,0.7,17.4,34.1,50.3,34.8,10.0,16.7,18.0,0.5,0.4,0.7,-225.6,-203.4,-178.9,-201.0,11.0,25.9,18.0,0.5,0.5,0.7,-140.2,-117.4,-20.6,-87.1,11.0,71.9,18.0,0.5,0.5,0.7,-154.7,-134.6,-124.6,-135.5,10.0,19.1,18.0,0.5,0.4,0.7,-96.1,-81.2,-9.5,-57.9,10.0,53.2,18.0,0.5,0.4,0.7,-46.0,-27.9,-15.2,-30.1,10.0,14.6,18.0,0.5,0.4,0.7,-28.2,-16.6,-3.2,-15.2,10.0,12.3,18.0,0.5,0.4,0.7,456.5,551.5,804.5,626.5,11.0,163.5,18.0,0.5,0.5,0.7,455.0,550.0,805.0,625.0,11.0,165.0,18.0,0.5,0.5,0.7
1974,2,141.0,15.0,27.0,27.0,27.37,26.97,10.0,0.74,10.0,0.8,0.4,0.6,26.59,27.6,27.96,27.26,10.0,0.82,10.0,0.8,0.4,0.6,16.68,17.55,19.45,17.93,9.0,2.25,12.0,0.8,0.5,0.5,74.5,81.0,84.8,79.7,9.0,9.8,12.0,0.8,0.5,5.57,8.75,10.3,8.08,10.0,3.91,10.0,0.8,0.4,0.6,-8.93,-7.3,-4.4,-6.52,10.0,2.96,10.0,0.8,0.4,0.6,-6.62,-4.21,0.0,-3.48,10.0,4.29,10.0,0.8,0.4,0.6,1010.22,1011.85,1013.85,1011.95,12.0,1.73,12.0,0.8,0.4,0.6,2.6,4.0,7.0,4.6,11.0,2.2,12.0,0.7,0.4,0.5,-92.6,-63.3,-25.8,-62.4,10.0,40.5,10.0,0.8,0.4,0.6,-68.2,-37.2,0.0,-40.4,10.0,51.3,10.0,0.8,0.4,0.6,-1.0,-0.35,0.5,-0.29,10.0,0.99,10.0,0.8,0.4,0.6,-10.3,-2.2,4.6,-1.1,10.0,9.9,10.0,0.8,0.4,0.6,1.53,4.8,5.87,4.37,9.0,2.47,12.0,0.8,0.5,0.5,4.9,40.6,51.3,34.5,9.0,27.9,12.0,0.8,0.5,0.5,-235.6,-202.6,-118.1,-177.0,10.0,79.4,10.0,0.8,0.4,0.6,-185.4,-112.8,0.0,-93.8,10.0,113.8,10.0,0.8,0.4,0.6,-163.5,-138.4,-68.0,-114.2,9.0,57.0,12.0,0.8,0.5,0.5,-110.9,-61.9,0.0,-53.8,9.0,76.2,12.0,0.8,0.5,0.5,-49.9,-31.1,-4.0,-27.8,9.0,21.3,12.0,0.8,0.5,0.5,-30.2,-12.3,0.0,-17.3,9.0,21.4,12.0,0.8,0.5,0.5,178.0,699.0,1092.5,833.5,10.0,870.0,10.0,0.8,0.4,0.6,180.0,700.0,1095.0,835.0,10.0,870.0,10.0,0.8,0.4,0.6
1974,2,141.0,16.0,26.0,27.0,27.83,27.03,19.0,0.82,16.0,0.7,0.6,0.5,24.41,26.0,27.61,26.04,19.0,1.72,16.0,0.7,0.6,0.5,15.45,16.68,18.26,16.84,19.0,1.48,16.0,0.7,0.6,0.5,74.2,80.4,86.0,80.1,19.0,6.4,16.0,0.7,0.5,6.04,8.7,11.17,8.83,19.0,3.28,16.0,0.7,0.6,0.5,-9.35,-8.18,-4.06,-7.23,19.0,2.41,16.0,0.7,0.6,0.5,-6.34,-3.18,0.0,-3.77,19.0,4.12,16.0,0.7,0.6,0.5,1010.19,1012.0,1014.2,1012.0,19.0,2.18,16.0,0.7,0.6,0.5,2.0,3.0,6.1,3.8,19.0,2.2,16.0,0.7,0.6,0.5,-103.1,-71.1,-21.6,-69.8,19.0,42.3,16.0,0.7,0.6,0.5,-69.7,-29.6,0.0,-43.0,19.0,58.5,16.0,0.7,0.6,0.5,-0.61,1.0,3.0,0.99,19.0,1.74,16.0,0.7,0.6,0.5,-4.3,6.2,22.9,9.9,19.0,17.0,16.0,0.7,0.6,0.5,4.08,5.41,7.6,5.55,19.0,1.88,16.0,0.7,0.6,0.5,28.7,40.3,77.6,48.4,19.0,25.1,16.0,0.7,0.6,0.5,-248.7,-200.3,-115.1,-187.8,19.0,62.1,16.0,0.7,0.6,0.5,-166.0,-82.7,0.0,-94.7,19.0,100.7,16.0,0.7,0.6,0.5,-171.3,-125.8,-68.3,-121.7,19.0,41.4,16.0,0.7,0.6,0.5,-112.6,-53.1,0.0,-60.9,19.0,66.1,16.0,0.7,0.6,0.5,-58.1,-37.9,-21.9,-39.2,19.0,19.3,16.0,0.7,0.6,0.5,-47.3,-20.9,0.0,-22.2,19.0,24.1,16.0,0.7,0.6,0.5,223.0,658.5,1424.0,974.0,19.0,1047.0,16.0,0.7,0.6,0.5,225.0,660.0,1425.0,975.0,19.0,1045.0,16.0,0.7,0.6,0.5
1974,2,141.0,17.0,26.0,26.65,27.5,26.56,24.0,1.08,12.0,0.6,0.3,0.6,23.98,25.5,26.7,25.5,26.0,1.78,14.0,0.7,0.3,0.5,14.55,16.16,17.44,16.0,22.0,1.42,14.0,0.6,0.3,0.5,73.0,80.6,85.6,80.3,22.0,7.7,14.0,0.6,0.5,5.1,8.2,12.05,8.43,27.0,2.86,14.0,0.7,0.3,0.5,-9.11,-7.53,-3.86,-6.48,27.0,2.97,14.0,0.7,0.3,0.5,-7.85,-3.18,0.76,-3.43,27.0,4.16,14.0,0.7,0.3,0.5,1010.03,1012.5,1015.0,1012.89,27.0,2.77,14.0,0.7,0.3,0.5,2.0,5.0,7.0,4.6,27.0,2.5,14.0,0.7,0.3,0.5,-97.9,-65.5,-20.5,-59.8,27.0,40.4,14.0,0.7,0.3,0.5,-80.6,-24.7,2.0,-37.9,27.0,47.1,14.0,0.7,0.3,0.5,-0.25,1.5,2.75,1.13,23.0,1.82,12.0,0.7,0.3,0.5,-1.9,12.4,30.1,13.0,23.0,15.4,12.0,0.7,0.3,0.5,4.18,6.09,7.26,5.77,21.0,1.68,14.0,0.6,0.3,0.5,23.1,48.7,78.1,53.2,21.0,26.8,14.0,0.6,0.3,0.5,-236.1,-194.3,-104.4,-168.8,26.0,70.6,14.0,0.7,0.3,0.5,-185.7,-62.3,26.1,-79.4,26.0,101.2,14.0,0.7,0.3,0.5,-149.5,-122.3,-63.4,-107.0,22.0,46.6,14.0,0.6,0.3,0.5,-132.8,-58.8,3.4,-57.4,22.0,68.4,14.0,0.6,0.3,0.5,-60.7,-39.5,-17.7,-40.4,21.0,24.6,14.0,0.6,0.3,0.5,-51.8,-15.9,2.0,-24.3,21.0,27.5,14.0,0.6,0.3,0.5,132.5,551.5,1764.0,802.5,27.0,757.5,14.0,0.7,0.3,0.5,135.0,550.0,1765.0,800.0,27.0,760.0,14.0,0.7,0.3,0.5
1974,2,141.0,18.0,25.0,26.0,26.58,25.78,12.0,0.87,14.0,0.5,0.5,0.4,22.45,25.0,26.0,24.62,13.0,2.07,14.0,0.5,0.5,0.5,14.08,15.91,16.55,15.44,13.0,1.4,14.0,0.5,0.5,0.5,76.5,80.9,83.9,80.1,13.0,6.4,14.0,0.5,0.5,6.17,8.45,10.55,8.7,12.0,3.47,14.0,0.5,0.5,0.5,-8.35,-5.06,0.0,-4.15,12.0,4.58,14.0,0.5,0.5,0.5,-9.7,-3.69,3.54,-3.7,12.0,6.32,14.0,0.5,0.5,0.5,1011.5,1013.6,1016.49,1014.24,14.0,2.84,14.0,0.4,0.5,0.5,4.1,6.0,7.9,5.6,14.0,2.2,14.0,0.4,0.5,0.5,-86.0,-29.4,0.0,-41.9,12.0,57.0,14.0,0.5,0.5,0.5,-96.0,-33.0,25.3,-42.9,12.0,75.3,14.0,0.5,0.5,0.5,-0.51,1.0,3.13,0.9,12.0,2.24,14.0,0.5,0.5,0.4,-6.8,6.7,31.8,10.8,11.0,19.4,14.0,0.5,0.5,0.4,3.6,5.03,6.56,5.12,12.0,1.75,14.0,0.5,0.5,0.4,15.2,49.8,61.9,43.2,11.0,21.5,14.0,0.5,0.5,0.4,-199.8,-135.2,0.0,-103.0,12.0,112.2,14.0,0.5,0.5,0.5,-212.0,-93.3,89.6,-82.9,12.0,147.0,14.0,0.5,0.5,0.5,-130.0,-82.0,0.0,-65.8,12.0,72.6,14.0,0.5,0.5,0.5,-125.7,-56.1,57.6,-52.5,12.0,94.1,14.0,0.5,0.5,0.5,-45.4,-14.3,-1.5,-21.0,11.0,22.5,14.0,0.5,0.5,0.4,-50.5,-17.7,10.9,-20.3,11.0,32.8,14.0,0.5,0.5,0.4,249.0,605.0,1182.0,963.0,12.0,1187.5,14.0,0.5,0.5,0.5,250.0,605.0,1180.0,965.0,12.0,1190.0,14.0,0.5,0.5,0.5
1974,2,141.0,19.0,23.87,25.0,27.63,25.48,12.0,1.9,16.0,0.6,0.4,0.4,21.87,25.0,26.75,24.51,12.0,2.4,16.0,0.6,0.4,0.4,12.27,14.78,17.51,14.48,12.0,2.71,16.0,0.6,0.4,0.4,66.1,77.5,81.6,74.7,12.0,7.4,16.0,0.6,0.4,3.47,7.7,9.3,6.83,12.0,2.66,16.0,0.6,0.4,0.4,-7.02,-3.09,-0.27,-3.56,12.0,3.49,16.0,0.6,0.4,0.4,-7.79,-3.67,0.98,-3.11,12.0,4.61,16.0,0.6,0.4,0.4,1009.45,1011.5,1014.02,1012.18,12.0,3.4,16.0,0.6,0.4,0.4,2.0,4.0,6.5,4.4,12.0,2.3,16.0,0.6,0.4,0.4,-57.3,-20.4,-1.6,-28.6,12.0,31.8,16.0,0.6,0.4,0.4,-66.2,-23.2,6.5,-26.1,12.0,38.2,16.0,0.6,0.4,0.4,-1.14,1.5,2.9,0.98,12.0,2.9,16.0,0.6,0.4,0.4,-5.9,12.3,21.2,11.4,12.0,19.6,16.0,0.6,0.4,0.4,3.94,5.99,9.14,6.01,12.0,3.13,16.0,0.6,0.4,0.4,13.2,50.5,63.0,45.6,12.0,27.4,16.0,0.6,0.4,0.4,-178.4,-77.5,-8.3,-90.0,12.0,89.9,16.0,0.6,0.4,0.4,-168.6,-89.4,25.5,-68.3,12.0,105.6,16.0,0.6,0.4,0.4,-116.7,-44.7,-4.7,-54.0,12.0,57.3,16.0,0.6,0.4,0.4,-87.3,-52.2,17.1,-36.5,12.0,61.1,16.0,0.6,0.4,0.4,-41.0,-23.0,3.2,-19.5,12.0,21.1,16.0,0.6,0.4,0.4,-59.2,-19.7,6.8,-22.7,12.0,39.9,16.0,0.6,0.4,0.4,42.5,456.5,804.5,439.5,12.0,323.5,16.0,0.6,0.4,0.4,40.0,455.0,805.0,440.0,12.0,325.0,16.0,0.6,0.4,0.4
1974,2,141.0,20.0,23.5,24.25,25.63,24.61,10.0,1.19,10.0,0.4,0.5,0.3,21.88,23.5,24.17,23.01,11.0,1.7,10.0,0.4,0.4,0.4,12.33,13.63,14.53,13.39,9.0,1.87,10.0,0.2,0.5,0.3,68.5,76.4,86.2,77.3,9.0,9.6,10.0,0.2,0.3,5.99,7.7,10.33,7.95,11.0,3.04,10.0,0.4,0.4,0.4,-6.84,-4.75,0.0,-3.97,11.0,3.57,10.0,0.4,0.4,0.4,-8.36,-4.95,-2.07,-5.3,11.0,4.23,10.0,0.4,0.4,0.4,1013.17,1014.0,1015.0,1014.18,11.0,1.08,10.0,0.4,0.4,0.4,2.6,6.0,8.0,5.5,11.0,2.7,10.0,0.4,0.4,0.4,-68.2,-36.1,0.0,-36.5,11.0,35.3,10.0,0.4,0.4,0.4,-87.7,-38.1,-9.9,-49.3,11.0,55.4,10.0,0.4,0.4,0.4,0.27,0.75,2.79,1.67,10.0,2.15,10.0,0.4,0.5,0.3,1.1,5.8,16.7,15.8,10.0,29.7,10.0,0.4,0.5,0.3,4.16,6.4,8.75,6.42,8.0,2.14,10.0,0.3,0.5,0.3,26.6,49.0,74.9,53.1,8.0,35.8,10.0,0.3,0.5,0.3,-163.1,-114.0,0.0,-92.5,11.0,86.0,10.0,0.4,0.4,0.4,-205.0,-117.9,-46.9,-119.4,11.0,91.4,10.0,0.4,0.4,0.4,-109.4,-80.0,-22.1,-66.8,9.0,48.6,10.0,0.2,0.5,0.3,-90.8,-56.4,-29.4,-56.9,9.0,55.2,10.0,0.2,0.5,0.3,-42.7,-32.9,-10.4,-29.2,8.0,20.5,10.0,0.3,0.5,0.3,-50.0,-31.5,-10.4,-40.2,8.0,35.6,10.0,0.3,0.5,0.3,216.5,456.5,1150.5,713.0,11.0,786.0,10.0,0.4,0.4,0.4,215.0,455.0,1150.0,715.0,11.0,785.0,10.0,0.4,0.4,0.4
1974,2,141.0,21.0,24.59,26.0,27.21,25.86,11.0,1.45,14.0,0.5,0.4,0.4,22.09,23.0,24.5,23.18,11.0,1.35,14.0,0.5,0.4,0.4,11.83,13.82,15.75,13.83,10.0,2.17,14.0,0.5,0.4,0.4,71.1,77.0,92.7,79.5,11.0,10.8,14.0,0.5,0.4,7.7,10.3,11.13,9.12,11.0,3.46,14.0,0.5,0.4,0.4,-10.73,-8.92,-2.91,-7.43,11.0,4.15,14.0,0.5,0.4,0.4,-4.91,0.0,4.72,-0.42,11.0,5.03,14.0,0.5,0.4,0.4,1012.71,1015.0,1017.87,1015.47,10.0,2.71,14.0,0.5,0.4,0.4,1.0,5.0,6.0,4.3,11.0,2.5,14.0,0.5,0.4,0.4,-120.0,-91.9,-22.4,-77.0,11.0,51.1,14.0,0.5,0.4,0.4,-48.0,0.0,53.0,-3.2,11.0,51.9,14.0,0.5,0.4,0.4,1.29,3.0,3.71,2.68,11.0,1.19,14.0,0.5,0.4,0.4,12.5,30.8,36.1,26.3,11.0,15.1,14.0,0.5,0.4,0.4,5.03,6.55,9.05,6.88,10.0,1.97,14.0,0.5,0.4,0.4,47.0,67.6,92.1,65.4,10.0,31.4,14.0,0.5,0.4,0.4,-241.7,-200.7,-66.8,-173.1,11.0,95.7,14.0,0.5,0.4,0.4,-106.7,0.0,108.7,-6.9,11.0,112.5,14.0,0.5,0.4,0.4,-143.4,-126.5,-46.1,-109.3,10.0,62.0,14.0,0.5,0.4,0.4,-46.3,12.2,75.9,10.8,10.0,61.8,14.0,0.5,0.4,0.4,-88.1,-55.4,-17.3,-54.2,10.0,35.9,14.0,0.5,0.4,0.4,-33.0,8.1,23.1,-3.4,10.0,34.2,14.0,0.5,0.4,0.4,456.5,1092.5,1410.0,994.0,11.0,623.5,14.0,0.5,0.4,0.4,455.0,1095.0,1410.0,995.0,11.0,625.0,14.0,0.5,0.4,0.4
1974,2,141.0,22.0,22.35,24.0,25.0,23.76,9.0,1.59,12.0,0.7,0.5,0.5,20.05,22.4,24.64,22.27,9.0,2.09,12.0,0.7,0.5,0.5,9.6,11.22,13.32,11.22,9.0,1.88,12.0,0.7,0.5,0.5,63.4,68.4,75.1,67.6,9.0,10.5,12.0,0.7,0.5,3.71,9.3,10.67,7.72,9.0,4.08,12.0,0.7,0.5,0.5,-8.94,-5.52,1.31,-4.06,9.0,5.1,12.0,0.7,0.5,0.5,-9.02,-4.21,-0.45,-4.51,9.0,4.04,12.0,0.7,0.5,0.5,1012.17,1018.5,1019.97,1016.69,9.0,5.26,12.0,0.7,0.5,0.5,3.3,7.0,7.7,5.4,9.0,2.7,12.0,0.7,0.5,0.5,-93.0,-39.7,3.8,-41.9,9.0,54.6,12.0,0.7,0.5,0.5,-88.6,-36.3,-1.2,-44.2,9.0,41.7,12.0,0.7,0.5,0.5,0.05,1.6,3.76,1.49,9.0,2.14,12.0,0.7,0.5,0.5,0.0,5.4,31.1,9.3,9.0,21.0,12.0,0.7,0.5,0.5,5.68,6.15,9.86,7.11,9.0,2.39,12.0,0.7,0.5,0.5,21.5,46.9,99.1,58.7,9.0,43.0,12.0,0.7,0.5,0.5,-219.8,-110.3,27.2,-97.9,9.0,122.8,12.0,0.7,0.5,0.5,-189.1,-92.6,-9.1,-97.5,9.0,85.8,12.0,0.7,0.5,0.5,-96.8,-54.3,12.6,-45.7,9.0,57.3,12.0,0.7,0.5,0.5,-91.9,-45.6,-5.5,-46.0,9.0,40.9,12.0,0.7,0.5,0.5,-54.0,-25.7,8.2,-28.8,9.0,45.1,12.0,0.7,0.5,0.5,-72.9,-30.1,-2.5,-35.2,9.0,37.1,12.0,0.7,0.5,0.5,94.0,804.5,1214.5,756.0,9.0,630.0,12.0,0.7,0.5,0.5,95.0,805.0,1215.0,755.0,9.0,630.0,12.0,0.7,0.5,0.5
1974,2,141.0,23.0,21.76,22.9,24.39,22.86,8.0,1.42,14.0,0.5,0.4,0.5,19.8,21.1,23.56,21.58,9.0,2.1,14.0,0.4,0.5,0.6,10.5,12.79,14.69,12.18,8.0,2.62,14.0,0.5,0.4,0.5,68.6,74.1,82.3,75.7,8.0,12.8,14.0,0.5,0.5,2.81,8.5,10.8,7.31,10.0,3.99,14.0,0.4,0.4,0.5,-6.94,-2.31,1.4,-2.25,10.0,4.28,14.0,0.4,0.4,0.5,-8.89,-4.14,4.46,-2.87,10.0,6.49,14.0,0.4,0.4,0.5,1010.59,1014.6,1018.8,1014.28,9.0,4.55,14.0,0.4,0.5,0.6,2.4,5.0,6.0,4.6,10.0,2.0,14.0,0.4,0.4,0.5,-71.2,-13.2,11.5,-20.2,10.0,43.7,14.0,0.4,0.4,0.5,-96.0,-26.4,34.5,-31.9,10.0,62.6,14.0,0.4,0.4,0.5,-0.33,1.7,2.47,1.34,8.0,1.56,14.0,0.5,0.4,0.5,-3.4,12.8,23.3,12.0,8.0,14.1,14.0,0.5,0.4,0.5,2.32,5.27,7.37,5.21,8.0,2.53,14.0,0.5,0.4,0.5,7.3,45.0,56.9,39.2,8.0,30.6,14.0,0.5,0.4,0.5,-126.9,-47.4,29.2,-37.0,9.0,86.1,14.0,0.4,0.5,0.6,-179.1,-56.5,104.4,-40.8,9.0,138.6,14.0,0.4,0.5,0.6,-70.6,-32.7,11.6,-27.0,8.0,54.7,14.0,0.5,0.4,0.5,-85.4,-48.6,80.3,-23.6,8.0,81.0,14.0,0.5,0.4,0.5,-28.7,-7.7,14.1,-6.8,8.0,21.6,14.0,0.5,0.4,0.5,-46.6,-20.6,8.4,-21.6,8.0,40.5,14.0,0.5,0.4,0.5,23.0,630.5,1259.5,663.5,10.0,539.0,14.0,0.4,0.4,0.5,25.0,630.0,1260.0,665.0,10.0,540.0,14.0,0.4,0.4,0.5
1974,2,141.0,24.0,21.28,22.5,24.16,22.5,9.0,1.49,14.0,0.7,0.4,0.3,18.21,19.55,23.34,20.21,10.0,2.38,12.0,0.6,0.4,0.3,10.54,11.86,13.71,11.87,9.0,2.8,14.0,0.7,0.4,0.3,72.1,79.7,89.2,78.5,9.0,11.7,14.0,0.7,0.3,4.81,7.7,10.44,7.75,10.0,2.73,12.0,0.6,0.4,0.3,-6.74,-0.27,4.42,-0.84,10.0,5.7,12.0,0.6,0.4,0.3,-8.69,-3.82,0.0,-3.86,10.0,4.93,12.0,0.6,0.4,0.3,1009.43,1014.9,1020.57,1015.12,10.0,4.85,12.0,0.6,0.4,0.3,3.4,6.5,8.0,5.9,10.0,2.2,12.0,0.6,0.4,0.3,-65.2,-3.0,24.7,-8.6,10.0,53.0,12.0,0.6,0.4,0.3,-90.3,-21.2,0.0,-34.1,10.0,52.5,12.0,0.6,0.4,0.3,-0.78,2.7,4.13,2.04,9.0,2.56,14.0,0.7,0.4,0.3,-4.1,22.1,37.1,16.7,9.0,21.1,14.0,0.7,0.4,0.3,2.85,5.51,7.81,5.12,9.0,2.99,14.0,0.7,0.4,0.3,18.8,41.3,62.0,39.9,9.0,26.0,14.0,0.7,0.4,0.3,-145.2,-4.7,94.2,-18.4,10.0,116.6,12.0,0.6,0.4,0.3,-168.9,-83.0,0.0,-72.7,10.0,100.3,12.0,0.6,0.4,0.3,-77.7,-14.3,61.0,-15.7,9.0,70.6,14.0,0.7,0.4,0.3,-97.8,-46.9,0.0,-42.1,9.0,68.1,14.0,0.7,0.4,0.3,-28.2,6.0,14.8,-3.9,9.0,32.6,14.0,0.7,0.4,0.3,-50.9,-34.0,-1.5,-27.7,9.0,22.8,14.0,0.7,0.4,0.3,112.5,462.5,1169.5,625.5,10.0,596.0,12.0,0.6,0.4,0.3,110.0,460.0,1170.0,625.0,10.0,595.0,12.0,0.6,0.4,0.3
1974,2,141.0,25.0,20.68,21.6,22.37,21.51,9.0,0.84,12.0,0.6,0.6,0.5,16.33,18.85,21.0,18.98,10.0,2.66,16.0,0.6,0.6,0.4,6.74,8.68,11.01,8.84,8.0,2.03,16.0,0.5,0.6,0.4,55.6,68.5,74.6,65.5,8.0,9.8,16.0,0.5,0.4,5.33,8.2,15.47,9.3,11.0,5.1,16.0,0.6,0.5,0.5,-5.83,3.1,6.71,0.94,11.0,6.31,16.0,0.6,0.5,0.5,-13.23,-5.9,-1.74,-6.83,11.0,5.39,16.0,0.6,0.5,0.5,1009.71,1016.6,1020.9,1015.64,11.0,5.28,16.0,0.6,0.5,0.5,3.2,6.0,8.0,5.5,11.0,2.5,16.0,0.6,0.5,0.5,-54.0,14.6,88.6,21.2,11.0,83.2,16.0,0.6,0.5,0.5,-205.8,-45.4,-5.7,-86.0,11.0,96.4,16.0,0.6,0.5,0.5,1.2,3.8,5.26,3.53,8.0,1.97,14.0,0.5,0.6,0.5,9.2,24.8,65.1,37.9,8.0,36.8,14.0,0.5,0.6,0.5,4.85,8.33,9.34,7.37,7.0,2.1,14.0,0.4,0.6,0.4,38.1,48.4,142.3,75.3,7.0,52.5,14.0,0.4,0.6,0.4,-112.2,61.8,117.3,25.6,10.0,117.2,16.0,0.6,0.6,0.4,-237.2,-99.6,-30.3,-114.9,10.0,94.7,16.0,0.6,0.6,0.4,-26.6,35.3,67.6,23.6,8.0,56.5,16.0,0.5,0.6,0.4,-112.1,-56.9,-39.7,-68.4,8.0,39.0,16.0,0.5,0.6,0.4,-35.0,31.1,79.2,24.0,7.0,51.7,14.0,0.4,0.6,0.4,-109.7,-37.1,-19.9,-57.4,7.0,46.7,14.0,0.4,0.6,0.4,168.5,551.5,3782.0,1508.5,11.0,1973.5,16.0,0.6,0.5,0.5,170.0,550.0,3780.0,1510.0,11.0,1975.0,16.0,0.6,0.5,0.5
1974,2,141.0,26.0,18.35,18.95,21.2,19.43,12.0,1.69,10.0,0.4,0.6,0.5,15.1,17.45,20.65,17.71,12.0,2.59,10.0,0.5,0.7,0.5,6.95,8.11,12.52,9.33,12.0,2.96,10.0,0.5,0.7,0.5,56.8,72.5,89.1,72.6,12.0,14.8,10.0,0.5,0.5,3.05,7.2,14.5,8.19,13.0,5.46,10.0,0.5,0.6,0.5,0.0,4.75,9.65,4.57,13.0,5.65,10.0,0.5,0.6,0.5,-8.1,-3.1,0.61,-4.09,13.0,5.46,10.0,0.5,0.6,0.5,1006.54,1012.0,1018.19,1012.32,13.0,5.99,10.0,0.5,0.6,0.5,3.0,5.0,7.1,4.8,13.0,2.2,10.0,0.5,0.6,0.5,0.0,29.4,122.2,51.4,13.0,75.7,10.0,0.5,0.6,0.5,-102.5,-24.7,2.3,-55.8,13.0,88.5,10.0,0.5,0.6,0.5,-1.47,2.5,4.12,1.67,11.0,3.45,10.0,0.5,0.7,0.5,-4.6,21.7,39.5,25.2,11.0,42.6,10.0,0.5,0.7,0.5,0.54,5.62,7.41,4.56,11.0,3.41,10.0,0.5,0.7,0.5,2.2,45.8,81.3,47.5,11.0,49.2,10.0,0.5,0.7,0.5,23.7,81.9,174.8,93.6,12.0,76.3,10.0,0.5,0.7,0.5,-146.6,-59.9,2.7,-71.5,12.0,85.2,10.0,0.5,0.7,0.5,14.6,39.8,74.8,43.5,12.0,30.8,10.0,0.5,0.7,0.5,-62.8,-27.8,1.7,-34.3,12.0,45.8,10.0,0.5,0.7,0.5,0.0,18.7,44.0,26.2,11.0,27.5,10.0,0.5,0.7,0.5,-55.0,-22.9,-0.7,-34.5,11.0,45.6,10.0,0.5,0.7,0.5,28.5,373.0,3049.5,1264.0,13.0,1718.5,10.0,0.5,0.6,0.5,30.0,375.0,3050.0,1265.0,13.0,1720.0,10.0,0.5,0.6,0.5
1974,2,141.0,27.0,17.05,18.4,20.0,18.59,11.0,1.72,12.0,0.5,0.4,0.5,13.94,15.0,17.19,15.53,13.0,2.27,12.0,0.5,0.4,0.5,6.0,7.25,9.16,8.04,12.0,3.23,12.0,0.4,0.3,0.4,57.8,68.0,86.6,71.4,12.0,15.9,12.0,0.4,0.4,4.73,7.45,10.71,7.39,14.0,2.96,12.0,0.4,0.4,0.4,0.28,5.94,7.55,4.71,14.0,3.67,12.0,0.4,0.4,0.4,-7.07,-4.32,-1.17,-3.91,14.0,3.7,12.0,0.4,0.4,0.4,1010.16,1015.45,1023.39,1016.69,14.0,6.41,12.0,0.4,0.4,0.4,2.0,4.0,6.0,4.0,14.0,2.2,12.0,0.4,0.4,0.4,1.4,44.8,65.8,42.2,14.0,34.9,12.0,0.4,0.4,0.4,-65.6,-36.2,-7.4,-35.7,14.0,36.0,12.0,0.4,0.4,0.4,0.17,2.9,4.77,2.69,11.0,2.25,12.0,0.5,0.4,0.5,1.1,31.3,34.0,19.9,11.0,16.3,12.0,0.5,0.4,0.5,1.18,5.8,8.04,5.07,10.0,3.49,12.0,0.4,0.4,0.4,14.0,54.5,60.4,42.6,10.0,26.4,12.0,0.4,0.4,0.4,0.9,88.4,115.3,70.7,13.0,56.4,12.0,0.5,0.4,0.5,-100.3,-53.2,-15.7,-48.8,13.0,54.8,12.0,0.5,0.4,0.5,17.0,38.8,53.0,33.6,12.0,27.9,12.0,0.4,0.3,0.4,-45.4,-33.3,-7.9,-23.3,12.0,33.5,12.0,0.4,0.3,0.4,12.8,40.3,53.6,35.7,10.0,20.6,12.0,0.4,0.4,0.4,-41.7,-19.2,-5.4,-21.7,10.0,18.7,12.0,0.4,0.4,0.4,110.0,415.0,1231.0,568.5,14.0,473.0,12.0,0.4,0.4,0.4,110.0,415.0,1230.0,570.0,14.0,475.0,12.0,0.4,0.4,0.4
1974,2,141.0,28.0,17.24,18.65,19.49,18.56,8.0,1.92,14.0,0.4,0.5,0.5,13.2,14.5,19.56,15.68,8.0,3.16,14.0,0.4,0.5,0.5,5.97,6.67,11.47,7.85,8.0,2.89,14.0,0.4,0.5,0.5,59.1,68.3,81.7,68.9,8.0,10.2,14.0,0.4,0.5,6.47,7.7,10.1,8.06,9.0,2.54,14.0,0.3,0.4,0.4,-2.5,2.05,7.98,2.05,9.0,5.74,14.0,0.3,0.4,0.4,-5.25,-2.8,5.67,-0.12,9.0,6.47,14.0,0.3,0.4,0.4,1013.2,1020.6,1022.88,1018.84,9.0,4.73,14.0,0.3,0.4,0.4,2.0,6.0,8.0,5.4,7.0,2.8,16.0,0.4,0.5,0.5,-18.4,8.4,65.4,20.0,9.0,50.6,14.0,0.3,0.4,0.4,-38.9,-14.6,43.8,7.9,9.0,67.4,14.0,0.3,0.4,0.4,-1.46,4.3,5.94,2.89,8.0,3.43,14.0,0.4,0.5,0.5,-13.3,30.1,43.2,19.6,8.0,27.5,14.0,0.4,0.5,0.5,1.36,6.34,7.97,5.43,8.0,3.25,14.0,0.4,0.5,0.5,14.6,42.4,59.6,39.6,8.0,23.6,14.0,0.4,0.5,0.5,-52.7,14.4,97.7,15.6,8.0,77.9,14.0,0.4,0.5,0.5,-83.2,-24.4,137.2,16.8,8.0,126.5,14.0,0.4,0.5,0.5,-31.7,6.0,39.4,5.1,8.0,38.2,14.0,0.4,0.5,0.5,-38.5,-10.5,83.4,15.7,8.0,71.2,14.0,0.4,0.5,0.5,-7.7,8.3,52.6,11.5,8.0,35.9,14.0,0.4,0.5,0.5,-28.0,-10.2,9.7,-13.5,8.0,26.6,14.0,0.4,0.5,0.5,274.5,456.5,1068.5,669.0,9.0,645.0,14.0,0.3,0.4,0.4,275.0,455.0,1070.0,670.0,9.0,645.0,14.0,0.3,0.4,0.4
1974,2,141.0,29.0,17.56,18.25,19.87,18.35,8.0,1.78,16.0,0.5,0.2,0.3,13.34,15.35,17.98,15.85,8.0,2.55,16.0,0.5,0.2,0.3,5.76,7.52,11.67,8.14,7.0,2.68,16.0,0.6,0.2,0.3,60.1,69.7,83.2,70.8,7.0,12.3,16.0,0.6,0.3,5.1,7.2,9.0,6.57,9.0,3.12,14.0,0.6,0.2,0.3,-1.86,0.89,7.58,2.13,9.0,6.01,14.0,0.6,0.2,0.3,-4.22,-2.63,2.08,-1.61,9.0,3.75,14.0,0.6,0.2,0.3,1013.06,1021.9,1024.3,1017.88,8.0,8.51,16.0,0.5,0.2,0.3,2.8,7.0,7.7,5.8,9.0,2.3,14.0,0.6,0.2,0.3,-9.5,4.5,61.2,18.1,9.0,55.2,14.0,0.6,0.2,0.3,-35.3,-20.3,11.9,-14.5,9.0,24.9,14.0,0.6,0.2,0.3,0.06,1.9,5.28,2.5,8.0,2.65,16.0,0.5,0.2,0.3,0.0,12.9,45.9,19.5,8.0,22.7,16.0,0.5,0.2,0.3,2.5,5.78,7.05,5.02,7.0,2.83,16.0,0.6,0.2,0.3,8.6,27.4,62.8,33.4,7.0,27.9,16.0,0.6,0.2,0.3,0.0,53.3,114.2,38.4,8.0,89.9,16.0,0.5,0.2,0.3,-48.1,-29.1,45.6,-12.8,8.0,63.5,16.0,0.5,0.2,0.3,-3.3,10.8,58.0,15.5,7.0,46.1,16.0,0.6,0.2,0.3,-25.3,-12.2,34.5,0.2,7.0,35.4,16.0,0.6,0.2,0.3,-1.3,2.3,50.5,13.1,7.0,30.4,16.0,0.6,0.2,0.3,-23.6,-4.8,4.9,-13.7,7.0,27.2,16.0,0.6,0.2,0.3,132.5,373.0,736.0,433.0,9.0,398.0,14.0,0.6,0.2,0.3,135.0,375.0,735.0,435.0,9.0,400.0,14.0,0.6,0.2,0.3
1974,2,141.0,30.0,17.15,18.15,20.0,18.44,12.0,1.35,10.0,0.4,0.4,0.3,12.0,14.0,18.04,14.27,15.0,3.15,10.0,0.4,0.4,0.3,5.8,6.6,10.56,7.71,14.0,2.28,10.0,0.4,0.4,0.3,67.1,70.6,82.6,72.4,14.0,10.4,10.0,0.4,0.3,7.2,8.7,14.46,10.01,15.0,3.75,10.0,0.4,0.4,0.3,-4.42,4.75,10.31,3.65,15.0,7.25,10.0,0.4,0.4,0.3,-9.16,-3.6,4.99,-2.61,15.0,6.88,10.0,0.4,0.4,0.3,1006.01,1014.5,1020.78,1014.11,15.0,6.53,10.0,0.4,0.4,0.3,2.1,5.5,7.0,5.1,14.0,2.4,10.0,0.4,0.4,0.3,-30.6,29.4,150.8,54.3,15.0,104.3,10.0,0.4,0.4,0.3,-115.0,-41.2,39.1,-32.8,15.0,75.4,10.0,0.4,0.4,0.3,1.0,4.1,6.5,3.9,12.0,2.36,10.0,0.4,0.4,0.3,8.2,37.9,68.9,41.8,12.0,32.7,10.0,0.4,0.4,0.3,4.39,5.93,7.3,5.72,12.0,1.75,10.0,0.4,0.4,0.3,33.6,55.3,83.2,59.3,12.0,30.8,10.0,0.4,0.4,0.3,-52.2,67.1,133.1,51.2,15.0,90.9,10.0,0.4,0.4,0.3,-109.1,-50.8,93.4,-21.4,15.0,105.9,10.0,0.4,0.4,0.3,-21.6,37.0,71.3,29.6,14.0,45.4,10.0,0.4,0.4,0.3,-59.0,-21.4,52.1,-5.0,14.0,60.0,10.0,0.4,0.4,0.3,-34.4,17.1,69.9,22.6,12.0,52.8,10.0,0.4,0.4,0.3,-44.5,-29.7,20.8,-20.5,12.0,31.3,10.0,0.4,0.4,0.3,373.0,658.5,3050.5,1426.5,15.0,1549.0,10.0,0.4,0.4,0.3,375.0,660.0,3050.0,1425.0,15.0,1550.0,10.0,0.4,0.4,0.3
1974,2,141.0,31.0,17.0,17.4,18.63,17.58,12.0,1.45,12.0,0.4,0.5,0.5,10.31,12.0,16.47,13.65,13.0,4.02,12.0,0.5,0.4,0.5,4.87,6.7,10.64,7.54,10.0,3.02,14.0,0.4,0.4,0.5,61.3,66.7,85.9,70.9,10.0,13.9,14.0,0.4,0.5,4.63,8.75,14.9,9.91,14.0,4.7,12.0,0.5,0.4,0.4,-2.39,2.64,11.41,3.61,14.0,6.47,12.0,0.5,0.4,0.4,-7.47,0.78,10.42,1.08,14.0,8.4,12.0,0.5,0.4,0.4,1013.09,1021.2,1024.99,1018.13,14.0,8.2,12.0,0.5,0.4,0.4,3.0,6.0,7.9,5.4,14.0,2.4,12.0,0.5,0.4,0.4,-12.2,10.8,169.9,53.6,14.0,87.0,12.0,0.5,0.4,0.4,-95.2,2.8,145.5,13.7,14.0,116.4,12.0,0.5,0.4,0.4,0.34,3.65,7.28,3.72,12.0,3.68,12.0,0.4,0.5,0.5,7.9,27.6,65.4,33.4,12.0,40.4,12.0,0.4,0.5,0.5,2.93,5.65,7.49,5.21,10.0,2.76,14.0,0.4,0.4,0.5,21.8,45.1,65.8,46.0,10.0,30.7,14.0,0.4,0.4,0.5,-29.3,30.3,129.6,46.7,13.0,86.6,12.0,0.5,0.4,0.5,-74.1,36.1,173.6,41.5,13.0,126.2,12.0,0.5,0.4,0.5,-9.6,14.2,74.4,27.7,10.0,47.7,14.0,0.4,0.4,0.5,-32.2,16.9,95.7,26.5,10.0,65.4,14.0,0.4,0.4,0.5,-22.3,15.5,50.0,13.7,10.0,41.3,14.0,0.4,0.4,0.5,-34.7,5.8,30.4,-1.1,10.0,37.0,14.0,0.4,0.4,0.5,99.5,699.0,3308.0,1590.5,14.0,1639.5,12.0,0.5,0.4,0.4,100.0,700.0,3310.0,1590.0,14.0,1640.0,12.0,0.5,0.4,0.4
1974,2,141.0,32.0,16.45,17.0,19.3,17.48,17.0,1.72,12.0,0.6,0.4,0.6,9.17,12.5,16.67,13.16,21.0,3.6,14.0,0.7,0.4,0.6,4.8,7.34,9.5,7.29,18.0,2.23,12.0,0.7,0.4,0.6,64.2,72.6,86.3,74.9,18.0,12.3,12.0,0.7,0.6,5.2,13.0,18.0,12.08,21.0,6.1,14.0,0.7,0.4,0.6,-3.54,7.26,13.89,6.43,21.0,8.7,14.0,0.7,0.4,0.6,-10.62,-3.35,4.32,-2.9,21.0,7.9,14.0,0.7,0.4,0.6,1003.2,1012.25,1017.17,1010.57,22.0,8.32,12.0,0.7,0.4,0.5,4.0,7.0,8.0,6.0,22.0,2.3,12.0,0.7,0.4,0.5,-19.6,82.1,244.4,111.9,21.0,164.5,14.0,0.7,0.4,0.6,-151.3,-32.8,28.7,-44.6,21.0,137.9,14.0,0.7,0.4,0.6,0.77,4.2,6.89,3.68,16.0,3.47,12.0,0.7,0.4,0.6,7.6,45.2,94.5,51.8,15.0,55.2,14.0,0.7,0.3,0.6,3.24,5.07,6.53,5.02,15.0,1.87,12.0,0.7,0.4,0.6,16.6,64.7,99.4,63.9,14.0,42.9,12.0,0.6,0.3,0.6,-37.0,83.5,185.5,78.2,20.0,117.6,14.0,0.7,0.4,0.6,-128.7,-47.1,46.3,-22.9,20.0,103.6,14.0,0.7,0.4,0.6,-18.6,54.9,107.1,50.7,17.0,70.8,12.0,0.6,0.4,0.6,-66.7,-33.4,23.3,-15.8,17.0,58.0,12.0,0.6,0.4,0.6,-25.0,29.7,69.4,30.5,14.0,56.5,12.0,0.6,0.3,0.6,-56.5,-16.3,17.3,-21.6,14.0,39.2,12.0,0.6,0.3,0.6,142.0,2197.0,5832.0,3112.0,21.0,3988.5,14.0,0.7,0.4,0.6,140.0,2195.0,5830.0,3110.0,21.0,3990.0,14.0,0.7,0.4,0.6
1974,2,141.0,33.0,15.86,17.0,17.9,16.74,19.0,1.68,18.0,0.6,0.4,0.6,8.79,14.0,16.5,13.0,23.0,4.03,16.0,0.6,0.4,0.6,5.6,8.19,8.84,7.48,15.0,1.93,20.0,0.6,0.5,0.5,64.7,76.8,88.8,76.2,15.0,12.1,20.0,0.6,0.5,6.95,10.8,17.25,11.26,23.0,5.44,16.0,0.7,0.4,0.5,-5.02,4.63,14.92,3.99,23.0,9.03,16.0,0.7,0.4,0.5,-9.28,-3.6,3.29,-2.78,23.0,7.46,16.0,0.7,0.4,0.5,1006.09,1012.2,1019.65,1012.82,21.0,7.06,18.0,0.6,0.4,0.6,3.5,7.0,8.0,6.1,23.0,2.2,16.0,0.6,0.4,0.6,-46.4,33.3,226.2,59.0,23.0,144.0,16.0,0.7,0.4,0.5,-107.2,-33.3,31.8,-35.8,23.0,123.2,16.0,0.7,0.4,0.5,1.69,3.6,8.01,4.11,19.0,2.9,18.0,0.6,0.4,0.6,10.0,32.6,61.3,38.4,18.0,36.0,18.0,0.6,0.4,0.6,2.98,4.46,6.91,4.54,15.0,2.13,20.0,0.6,0.5,0.5,22.8,45.7,78.2,48.6,15.0,26.8,20.0,0.6,0.5,0.5,-74.9,37.2,229.1,57.6,22.0,128.0,16.0,0.6,0.4,0.5,-95.9,-39.5,48.5,-28.8,22.0,100.9,16.0,0.6,0.4,0.5,-46.4,39.3,91.5,30.6,15.0,70.4,20.0,0.6,0.5,0.5,-53.5,-35.0,25.5,-21.0,15.0,67.9,20.0,0.6,0.5,0.5,-13.5,28.8,58.2,23.7,15.0,35.3,20.0,0.6,0.5,0.5,-27.5,-16.8,26.1,-6.0,15.0,36.9,20.0,0.6,0.5,0.5,336.5,1259.5,5140.0,2379.5,23.0,2549.5,16.0,0.7,0.4,0.5,335.0,1260.0,5140.0,2380.0,23.0,2550.0,16.0,0.7,0.4,0.5
1974,2,141.0,34.0,14.23,17.1,17.89,16.15,32.0,2.95,16.0,0.4,0.4,0.5,8.26,9.9,14.24,10.83,44.0,3.28,16.0,0.4,0.4,0.5,3.35,5.15,8.75,5.68,30.0,2.38,16.0,0.4,0.4,0.5,50.9,64.2,85.2,66.5,30.0,16.9,16.0,0.4,0.5,4.85,8.45,13.34,9.05,42.0,4.83,16.0,0.5,0.4,0.5,-6.05,-1.27,6.57,-0.43,42.0,7.04,16.0,0.5,0.4,0.5,-9.21,-4.26,0.0,-3.48,42.0,6.72,16.0,0.5,0.4,0.5,1007.5,1014.5,1023.33,1014.42,41.0,8.27,16.0,0.4,0.4,0.5,1.0,6.0,8.0,5.0,42.0,2.9,14.0,0.5,0.4,0.5,-52.1,-4.4,72.9,-0.8,42.0,102.3,16.0,0.5,0.4,0.5,-90.2,-24.6,0.0,-35.1,42.0,110.2,16.0,0.5,0.4,0.5,1.47,5.55,8.92,5.67,32.0,3.34,16.0,0.4,0.4,0.5,14.7,41.1,87.1,50.0,30.0,41.4,16.0,0.4,0.4,0.5,3.31,6.61,9.04,6.31,27.0,2.43,16.0,0.4,0.4,0.5,25.6,47.5,99.8,56.3,27.0,33.2,16.0,0.4,0.4,0.5,-66.4,-12.5,71.7,-6.5,41.0,80.1,16.0,0.5,0.4,0.5,-81.8,-41.8,0.0,-27.5,41.0,86.7,16.0,0.5,0.4,0.5,-27.9,0.0,32.4,-0.5,30.0,39.7,16.0,0.4,0.4,0.5,-39.0,-18.7,4.7,-8.6,30.0,49.7,16.0,0.4,0.4,0.5,-31.7,0.0,48.9,7.9,27.0,47.2,16.0,0.4,0.4,0.5,-58.2,-25.0,0.0,-27.2,27.0,36.6,16.0,0.4,0.4,0.5,115.0,605.0,2416.0,1455.5,42.0,2428.0,16.0,0.5,0.4,0.5,115.0,605.0,2415.0,1455.0,42.0,2430.0,16.0,0.5,0.4,0.5
1974,2,141.0,35.0,12.3,14.5,16.0,14.33,345.0,1.83,14.0,0.4,0.2,0.6,5.6,7.8,10.92,8.19,359.0,2.97,14.0,0.4,0.2,0.6,3.23,4.26,5.41,4.73,20.0,1.72,14.0,0.4,0.3,0.4,43.9,56.1,74.5,59.9,20.0,16.6,14.0,0.4,0.4,4.1,8.2,13.93,8.69,358.0,4.73,14.0,0.4,0.2,0.6,-6.5,0.0,4.86,-0.77,358.0,5.72,14.0,0.4,0.2,0.6,-10.22,-5.32,0.0,-4.61,358.0,6.6,14.0,0.4,0.2,0.6,1006.3,1015.05,1023.98,1014.86,368.0,8.55,14.0,0.4,0.2,0.6,2.0,7.0,8.0,5.7,324.0,2.6,14.0,0.5,0.2,0.6,-67.4,0.0,43.2,-7.1,358.0,76.3,14.0,0.4,0.2,0.6,-129.9,-37.9,0.0,-48.1,358.0,100.7,14.0,0.4,0.2,0.6,2.5,6.3,9.5,6.12,343.0,3.44,14.0,0.4,0.2,0.6,12.8,45.1,87.8,51.2,330.0,43.3,14.0,0.4,0.2,0.6,3.73,5.23,8.24,5.44,20.0,2.0,14.0,0.4,0.3,0.4,16.2,54.2,81.0,50.9,20.0,33.4,14.0,0.4,0.3,0.4,-52.9,0.0,35.4,-6.8,345.0,52.3,14.0,0.4,0.2,0.6,-82.9,-38.1,0.0,-31.8,345.0,66.0,14.0,0.4,0.2,0.6,-11.6,0.0,60.6,15.6,20.0,41.9,14.0,0.4,0.3,0.4,-44.8,-14.1,0.0,-13.0,20.0,40.2,14.0,0.4,0.3,0.4,-17.2,0.0,56.9,15.0,20.0,37.6,14.0,0.4,0.3,0.4,-69.9,-22.4,0.0,-26.9,20.0,37.7,14.0,0.4,0.3,0.4,69.0,551.5,2705.5,1273.0,358.0,1718.5,14.0,0.4,0.2,0.6,70.0,550.0,2705.0,1275.0,358.0,1720.0,14.0,0.4,0.2,0.6
1974,2,141.0,36.0,9.5,12.45,15.0,12.39,224.0,2.8,14.0,0.6,0.1,0.5,3.0,6.1,9.49,6.37,235.0,3.33,14.0,0.5,0.1,0.5,3.05,3.57,4.98,4.31,18.0,2.41,14.0,0.4,0.4,0.4,53.1,64.1,85.4,66.2,18.0,13.8,14.0,0.4,0.4,3.1,7.2,11.8,7.4,224.0,4.35,14.0,0.5,0.1,0.5,-4.75,0.0,5.37,0.69,224.0,5.08,14.0,0.5,0.1,0.5,-9.14,-4.75,0.0,-4.7,224.0,5.04,14.0,0.5,0.1,0.5,1008.71,1016.6,1025.15,1016.38,235.0,8.4,14.0,0.6,0.1,0.5,1.3,4.0,8.0,4.4,192.0,2.8,14.0,0.6,0.2,0.5,-39.9,0.0,46.5,7.8,224.0,64.4,14.0,0.5,0.1,0.5,-93.5,-29.4,0.0,-48.7,224.0,73.8,14.0,0.5,0.1,0.5,2.9,6.05,9.2,5.96,222.0,3.51,14.0,0.5,0.1,0.5,7.1,40.0,81.9,45.9,207.0,43.0,14.0,0.5,0.1,0.5,4.38,7.33,8.32,6.03,17.0,3.27,16.0,0.5,0.4,0.4,19.2,73.5,119.1,74.8,17.0,58.9,16.0,0.5,0.4,0.4,-32.4,0.0,26.5,-1.5,220.0,37.3,14.0,0.5,0.1,0.5,-56.5,-24.2,0.0,-27.0,220.0,43.3,14.0,0.5,0.1,0.5,-11.0,8.5,36.3,8.5,18.0,46.4,14.0,0.4,0.4,0.4,-53.8,-28.0,-2.0,-33.2,18.0,35.6,14.0,0.4,0.4,0.4,-8.6,13.1,83.9,33.3,17.0,53.9,16.0,0.5,0.4,0.4,-81.1,-66.6,-3.1,-54.5,17.0,46.6,16.0,0.5,0.4,0.4,30.0,373.0,1643.0,872.5,224.0,1564.0,14.0,0.5,0.1,0.5,30.0,375.0,1645.0,870.0,224.0,1565.0,14.0,0.5,0.1,0.5
1974,2,141.0,37.0,8.0,9.7,12.0,9.85,171.0,2.59,12.0,0.5,0.3,0.4,1.2,4.75,8.0,4.67,186.0,3.45,12.0,0.5,0.3,0.4,3.78,4.03,4.76,4.83,13.0,2.48,14.0,0.6,0.4,0.3,57.0,74.1,86.9,73.8,13.0,15.5,14.0,0.6,0.3,2.1,6.2,11.8,6.82,181.0,4.55,12.0,0.5,0.3,0.4,-3.84,1.51,7.53,1.99,181.0,5.53,12.0,0.5,0.3,0.4,-7.64,-2.55,1.07,-2.9,181.0,4.94,12.0,0.5,0.3,0.4,1010.6,1016.2,1022.6,1015.94,185.0,6.85,12.0,0.5,0.3,0.4,0.0,4.0,8.0,4.2,154.0,3.1,12.0,0.6,0.4,0.4,-19.2,4.5,81.6,23.5,181.0,70.6,12.0,0.5,0.3,0.4,-79.2,-12.3,3.3,-32.1,181.0,65.3,12.0,0.5,0.3,0.4,1.75,4.9,9.02,5.35,170.0,3.54,12.0,0.5,0.3,0.4,3.7,27.0,76.0,38.5,163.0,39.5,12.0,0.5,0.3,0.4,2.12,3.05,3.93,2.89,11.0,1.31,12.0,0.5,0.4,0.3,4.0,20.5,35.2,19.9,9.0,18.3,10.0,0.4,0.3,0.3,-16.5,0.0,18.9,1.6,179.0,26.2,12.0,0.5,0.3,0.4,-30.0,-5.8,7.2,-9.0,179.0,28.0,12.0,0.5,0.3,0.4,0.9,11.1,23.3,12.9,11.0,15.5,12.0,0.5,0.4,0.3,-24.6,-9.3,15.6,-5.3,11.0,31.6,12.0,0.5,0.4,0.3,-1.2,4.7,20.3,10.0,9.0,13.9,10.0,0.4,0.3,0.3,-17.6,-4.0,2.7,-8.9,9.0,19.7,10.0,0.4,0.3,0.3,9.5,238.5,1643.0,796.5,181.0,1406.5,12.0,0.5,0.3,0.4,10.0,240.0,1645.0,795.0,181.0,1405.0,12.0,0.5,0.3,0.4
1974,2,141.0,38.0,4.05,8.0,10.94,7.79,194.0,3.76,14.0,0.6,0.3,0.3,0.0,2.1,5.2,2.6,199.0,2.36,14.0,0.6,0.3,0.3,2.82,3.48,4.1,3.52,12.0,0.74,16.0,0.5,0.5,0.2,56.8,69.3,82.1,70.4,12.0,14.8,16.0,0.5,0.2,5.0,8.2,12.97,8.63,192.0,4.14,14.0,0.6,0.4,0.3,-2.96,4.79,9.12,3.79,192.0,5.98,14.0,0.6,0.4,0.3,-8.49,-3.99,2.06,-3.71,192.0,5.28,14.0,0.6,0.4,0.3,1004.0,1015.8,1023.6,1014.87,201.0,8.6,14.0,0.6,0.3,0.3,1.0,4.0,8.0,4.5,174.0,2.9,14.0,0.6,0.4,0.3,-15.6,33.3,120.6,45.2,192.0,81.7,14.0,0.6,0.4,0.3,-98.7,-27.7,8.9,-41.7,192.0,70.2,14.0,0.6,0.4,0.3,1.0,5.25,8.73,5.22,188.0,4.46,14.0,0.6,0.3,0.3,3.7,39.3,94.6,49.4,176.0,53.9,14.0,0.6,0.4,0.3,0.74,2.88,3.76,2.8,10.0,1.9,16.0,0.5,0.4,0.2,4.8,16.6,31.7,20.0,10.0,17.4,16.0,0.5,0.4,0.2,-8.5,3.4,24.4,7.1,187.0,23.9,14.0,0.6,0.4,0.3,-23.2,-5.9,7.2,-7.5,187.0,19.8,14.0,0.6,0.4,0.3,2.2,15.7,27.1,17.0,12.0,15.0,16.0,0.5,0.5,0.2,-17.3,-0.9,26.6,4.5,12.0,23.7,16.0,0.5,0.5,0.2,1.4,8.6,22.0,12.8,10.0,16.6,16.0,0.5,0.4,0.2,-6.9,1.4,16.1,2.1,10.0,16.8,16.0,0.5,0.4,0.2,125.0,551.5,2181.5,1119.5,192.0,1550.0,14.0,0.6,0.4,0.3,125.0,550.0,2180.0,1120.0,192.0,1550.0,14.0,0.6,0.4,0.3
1974,2,141.0,39.0,7.93,11.5,16.02,11.33,7.0,4.47,18.0,0.4,0.4,0.5,2.57,6.9,10.56,6.6,6.0,3.97,20.0,0.5,0.3,0.5,5.71,5.71,5.71,5.71,1.0,0.0,16.0,1.0,0.5,0.5,73.7,73.7,73.7,73.7,1.0,0.0,16.0,1.0,0.5,5.05,8.2,10.8,7.99,7.0,2.58,18.0,0.4,0.4,0.5,-7.0,1.4,8.79,0.84,7.0,7.67,18.0,0.4,0.4,0.5,-6.38,-1.88,0.0,-3.1,7.0,3.19,18.0,0.4,0.4,0.5,1002.4,1015.2,1024.51,1013.31,7.0,10.53,18.0,0.4,0.4,0.5,2.9,6.0,7.0,5.0,4.0,3.5,18.0,0.8,0.4,0.4,-66.6,5.7,77.6,10.3,7.0,71.6,18.0,0.4,0.4,0.5,-53.3,-15.8,0.0,-26.9,7.0,32.5,18.0,0.4,0.4,0.5,2.75,6.15,8.09,5.87,6.0,3.59,20.0,0.5,0.3,0.5,29.7,51.9,58.7,44.5,6.0,18.7,20.0,0.5,0.3,0.5,2.59,2.59,2.59,2.59,1.0,0.0,16.0,1.0,0.5,0.5,27.9,27.9,27.9,27.9,1.0,0.0,16.0,1.0,0.5,0.5,-71.9,-8.3,42.4,-4.4,6.0,69.8,20.0,0.5,0.3,0.5,-34.1,-11.6,0.0,-22.0,6.0,33.8,20.0,0.5,0.3,0.5,60.7,60.7,60.7,60.7,1.0,0.0,16.0,1.0,0.5,0.5,-10.7,-10.7,-10.7,-10.7,1.0,0.0,16.0,1.0,0.5,0.5,27.5,27.5,27.5,27.5,1.0,0.0,16.0,1.0,0.5,0.5,-4.8,-4.8,-4.8,-4.8,1.0,0.0,16.0,1.0,0.5,0.5,129.5,551.5,1259.5,640.5,7.0,477.5,18.0,0.4,0.4,0.5,130.0,550.0,1260.0,640.0,7.0,475.0,18.0,0.4,0.4,0.5
1974,2,141.0,40.0,4.8,7.1,8.69,6.79,27.0,2.44,14.0,0.5,0.7,0.6,-1.62,0.0,2.99,0.35,29.0,2.46,14.0,0.6,0.7,0.6,2.81,2.81,2.81,2.81,1.0,0.0,24.0,0.0,0.9,0.4,71.8,71.8,71.8,71.8,1.0,0.0,24.0,0.0,0.4,4.24,9.8,12.9,9.05,28.0,4.41,14.0,0.5,0.7,0.6,-1.03,6.28,11.56,5.21,28.0,6.96,14.0,0.5,0.7,0.6,-7.05,-1.9,2.88,-2.27,28.0,4.74,14.0,0.5,0.7,0.6,1008.4,1016.2,1022.92,1015.64,27.0,6.49,14.0,0.6,0.7,0.7,3.3,6.0,8.0,5.7,28.0,2.3,14.0,0.5,0.7,0.7,-1.9,63.8,142.7,61.1,28.0,91.5,14.0,0.5,0.7,0.6,-83.2,-8.5,20.1,-25.4,28.0,58.1,14.0,0.5,0.7,0.6,3.68,7.2,9.81,6.54,26.0,3.55,14.0,0.5,0.7,0.6,10.7,65.2,110.8,61.2,24.0,51.4,14.0,0.5,0.7,0.6,2.51,2.51,2.51,2.51,1.0,0.0,24.0,0.0,0.9,0.4,12.5,12.5,12.5,12.5,1.0,0.0,24.0,0.0,0.9,0.4,-7.5,2.3,20.1,4.0,27.0,18.2,14.0,0.6,0.7,0.6,-8.0,0.0,7.2,0.6,27.0,12.4,14.0,0.6,0.7,0.6,13.2,13.2,13.2,13.2,1.0,0.0,24.0,0.0,0.9,0.4,4.8,4.8,4.8,4.8,1.0,0.0,24.0,0.0,0.9,0.4,11.8,11.8,11.8,11.8,1.0,0.0,24.0,0.0,0.9,0.4,4.3,4.3,4.3,4.3,1.0,0.0,24.0,0.0,0.9,0.4,77.0,941.0,2146.5,1225.5,28.0,1188.5,14.0,0.5,0.7,0.6,75.0,940.0,2145.0,1225.0,28.0,1190.0,14.0,0.5,0.7,0.6
1974,2,141.0,41.0,2.0,4.15,8.8,5.03,86.0,3.24,14.0,0.6,0.5,0.5,-0.1,1.05,3.1,1.15,88.0,2.74,14.0,0.6,0.5,0.5,2.59,3.03,3.5,3.07,6.0,0.51,10.0,0.5,0.4,0.4,63.9,70.9,96.0,76.8,6.0,16.7,10.0,0.5,0.4,4.1,7.2,11.8,8.04,82.0,4.36,14.0,0.6,0.5,0.5,-3.0,3.18,9.8,3.46,82.0,6.52,14.0,0.6,0.5,0.5,-6.34,-1.23,3.17,-1.43,82.0,5.27,14.0,0.6,0.5,0.5,1006.49,1017.1,1022.2,1015.28,89.0,7.94,14.0,0.6,0.5,0.5,1.4,6.0,8.0,5.0,79.0,2.8,14.0,0.6,0.5,0.5,-13.5,15.8,106.2,40.5,82.0,92.1,14.0,0.6,0.5,0.5,-58.7,-3.6,16.0,-14.2,82.0,69.4,14.0,0.6,0.5,0.5,0.0,3.55,8.45,3.93,84.0,3.76,14.0,0.6,0.5,0.5,-1.0,24.9,61.4,33.4,76.0,44.2,14.0,0.6,0.5,0.5,1.8,2.17,2.65,2.25,6.0,0.54,10.0,0.5,0.4,0.4,16.4,17.2,17.9,17.1,4.0,0.9,12.0,0.3,0.5,0.4,-4.9,0.0,13.4,3.5,80.0,15.8,14.0,0.6,0.5,0.5,-7.6,0.0,7.6,-0.9,80.0,18.1,14.0,0.6,0.5,0.5,-11.3,6.4,28.5,8.5,4.0,23.5,12.0,0.3,0.5,0.4,-17.4,-5.9,1.9,-7.7,4.0,11.9,12.0,0.3,0.5,0.4,-9.9,5.6,17.1,3.7,4.0,15.8,12.0,0.3,0.5,0.4,-13.4,-5.8,1.6,-5.9,4.0,8.8,12.0,0.3,0.5,0.4,69.0,373.0,1643.0,1043.0,82.0,1723.5,14.0,0.6,0.5,0.5,70.0,375.0,1645.0,1045.0,82.0,1725.0,14.0,0.6,0.5,0.5
1974,2,141.0,42.0,0.54,1.7,2.86,1.7,2.0,2.4,12.0,0.5,0.6,0.3,2.62,6.1,8.01,5.33,3.0,4.01,12.0,0.7,0.6,0.3,4.7,4.7,4.7,4.7,1.0,0.0,12.0,1.0,0.5,0.2,66.5,66.5,66.5,66.5,1.0,0.0,12.0,1.0,0.2,4.88,8.7,12.59,8.73,3.0,5.65,12.0,0.7,0.6,0.3,3.95,6.66,8.43,6.2,3.0,3.31,12.0,0.7,0.6,0.3,-9.3,-5.59,-2.83,-6.06,3.0,4.76,12.0,0.7,0.6,0.3,1010.23,1010.5,1019.85,1014.93,3.0,8.03,12.0,0.7,0.6,0.3,6.2,6.5,6.8,6.5,2.0,0.7,8.0,1.0,0.6,0.4,24.1,58.0,109.4,66.5,3.0,62.9,12.0,0.7,0.6,0.3,-123.9,-48.7,-18.7,-70.8,3.0,79.4,12.0,0.7,0.6,0.3,,,,,,,,,,,,,,,,,,,,,,,,,,,,,,,,,,,,,,,,,14.7,40.7,69.1,41.9,3.0,39.9,12.0,0.7,0.6,0.3,-77.8,-34.1,-11.9,-44.6,3.0,49.2,12.0,0.7,0.6,0.3,43.5,43.5,43.5,43.5,1.0,0.0,12.0,1.0,0.5,0.2,-51.8,-51.8,-51.8,-51.8,1.0,0.0,12.0,1.0,0.5,0.2,,,,,,,,,,,,,,,,,,,,,,,,,,,,,,,,,,,,,,,,
1974,2,141.0,43.0,,,,,,,,,,,,,,,,,,,,,,,,,,,,,,,,,,,,,,,,8.1,10.05,12.0,10.05,2.0,4.03,16.0,0.5,0.4,0.5,7.98,9.66,11.34,9.66,2.0,3.48,16.0,0.5,0.4,0.5,-3.71,-2.21,-0.7,-2.21,2.0,3.12,16.0,0.5,0.4,0.5,1008.73,1011.8,1014.87,1011.8,2.0,6.36,16.0,0.5,0.4,0.5,,,,,,,,,,,,,,,,,,,,,,,,,,,,,,,,,,,,,,,,,,,,,,,,,,,,,,,,,,,,,,,,,,,,,,,,,,,,,,,,,,,,,,,,,,,,,,,,,,,,,,,,,,,,,,,,,,,,,,,,,,,,,,,,,,,,,,,,,,,,,,,,,,,,,,
1974,2,141.0,44.0,,,,,,,,,,,,,,,,,,,,,,,,,,,,,,,,,,,,,,,,5.02,8.2,14.88,9.17,20.0,4.24,14.0,0.5,0.2,0.5,-2.58,2.05,9.37,2.53,20.0,6.11,14.0,0.5,0.2,0.5,-11.4,-5.49,2.26,-5.12,20.0,5.92,14.0,0.5,0.2,0.5,1007.56,1014.1,1022.97,1013.94,21.0,7.38,14.0,0.5,0.2,0.5,,,,,,,,,,,,,,,,,,,,,,,,,,,,,,,,,,,,,,,,,,,,,,,,,,,,,,,,,,,,,,,,,,,,,,,,,,,,,,,,,,,,,,,,,,,,,,,,,,,,,,,,,,,,,,,,,,,,,,,,,,,,,,,,,,,,,,,,,,,,,,,,,,,,,,
1974,2,141.0,45.0,,,,,,,,,,,,,,,,,,,,,,,,,,,,,,,,,,,,,,,,4.1,8.2,12.0,8.4,41.0,4.2,14.0,0.5,0.4,0.5,-4.7,1.03,7.52,1.41,41.0,6.56,14.0,0.5,0.4,0.5,-7.63,-4.35,-0.17,-3.97,41.0,5.37,14.0,0.5,0.4,0.5,1003.71,1013.9,1023.33,1013.66,41.0,8.68,14.0,0.5,0.5,0.5,,,,,,,,,,,,,,,,,,,,,,,,,,,,,,,,,,,,,,,,,,,,,,,,,,,,,,,,,,,,,,,,,,,,,,,,,,,,,,,,,,,,,,,,,,,,,,,,,,,,,,,,,,,,,,,,,,,,,,,,,,,,,,,,,,,,,,,,,,,,,,,,,,,,,,
1974,2,141.0,46.0,,,,,,,,,,,,,,,,,,,,,,,,,,,,,,,,,,,,,,,,4.0,9.0,13.0,8.98,51.0,4.52,16.0,0.5,0.5,0.5,-6.28,0.0,4.95,-0.11,51.0,5.65,16.0,0.5,0.5,0.5,-11.57,-3.6,3.86,-3.77,51.0,7.5,16.0,0.5,0.5,0.5,1003.92,1012.6,1021.6,1012.28,58.0,8.24,16.0,0.5,0.5,0.5,,,,,,,,,,,,,,,,,,,,,,,,,,,,,,,,,,,,,,,,,,,,,,,,,,,,,,,,,,,,,,,,,,,,,,,,,,,,,,,,,,,,,,,,,,,,,,,,,,,,,,,,,,,,,,,,,,,,,,,,,,,,,,,,,,,,,,,,,,,,,,,,,,,,,,
1974,2,141.0,47.0,,,,,,,,,,,,,,,,,,,,,,,,,,,,,,,,,,,,,,,,4.2,9.8,14.9,9.65,59.0,4.74,16.0,0.7,0.5,0.5,-2.52,1.25,5.81,1.79,59.0,4.94,16.0,0.7,0.5,0.5,-13.56,-8.18,-0.71,-6.93,59.0,6.39,16.0,0.7,0.5,0.5,1002.65,1012.7,1023.71,1013.48,67.0,9.1,16.0,0.7,0.5,0.5,,,,,,,,,,,,,,,,,,,,,,,,,,,,,,,,,,,,,,,,,,,,,,,,,,,,,,,,,,,,,,,,,,,,,,,,,,,,,,,,,,,,,,,,,,,,,,,,,,,,,,,,,,,,,,,,,,,,,,,,,,,,,,,,,,,,,,,,,,,,,,,,,,,,,,
1974,2,141.0,48.0,,,,,,,,,,,,,,,,,,,,,,,,,,,,,,,,,,,,,,,,3.83,11.0,14.17,9.62,25.0,5.1,14.0,0.8,0.5,0.2,-0.97,1.06,5.64,2.22,25.0,4.36,14.0,0.8,0.5,0.2,-13.15,-10.0,-3.06,-8.18,25.0,5.33,14.0,0.8,0.5,0.2,1006.31,1018.7,1023.86,1017.14,29.0,8.2,14.0,0.8,0.4,0.2,,,,,,,,,,,,,,,,,,,,,,,,,,,,,,,,,,,,,,,,,,,,,,,,,,,,,,,,,,,,,,,,,,,,,,,,,,,,,,,,,,,,,,,,,,,,,,,,,,,,,,,,,,,,,,,,,,,,,,,,,,,,,,,,,,,,,,,,,,,,,,,,,,,,,,
1974,2,141.0,49.0,,,,,,,,,,,,,,,,,,,,,,,,,,,,,,,,,,,,,,,,6.34,9.0,9.55,7.97,3.0,2.51,14.0,0.0,0.5,0.2,-4.3,0.0,1.19,-1.52,3.0,4.23,14.0,0.0,0.5,0.2,-8.53,-7.51,-5.65,-7.1,3.0,2.13,14.0,0.0,0.5,0.2,1008.27,1016.8,1023.22,1015.77,3.0,10.99,14.0,0.0,0.5,0.2,,,,,,,,,,,,,,,,,,,,,,,,,,,,,,,,,,,,,,,,,,,,,,,,,,,,,,,,,,,,,,,,,,,,,,,,,,,,,,,,,,,,,,,,,,,,,,,,,,,,,,,,,,,,,,,,,,,,,,,,,,,,,,,,,,,,,,,,,,,,,,,,,,,,,,
1974,2,141.0,50.0,,,,,,,,,,,,,,,,,,,,,,,,,,,,,,,,,,,,,,,,6.35,7.1,7.85,7.1,2.0,1.56,22.0,0.5,0.9,0.8,5.97,6.1,6.22,6.1,2.0,0.26,22.0,0.5,0.9,0.8,-4.6,-3.16,-1.71,-3.16,2.0,2.99,22.0,0.5,0.9,0.8,989.8,996.1,1001.81,995.94,7.0,5.46,22.0,0.6,0.8,0.8,,,,,,,,,,,,,,,,,,,,,,,,,,,,,,,,,,,,,,,,,,,,,,,,,,,,,,,,,,,,,,,,,,,,,,,,,,,,,,,,,,,,,,,,,,,,,,,,,,,,,,,,,,,,,,,,,,,,,,,,,,,,,,,,,,,,,,,,,,,,,,,,,,,,,,
1974,2,141.0,51.0,,,,,,,,,,,,,,,,,,,,,,,,,,,,,,,,,,,,,,,,3.58,4.6,11.33,7.33,4.0,6.5,24.0,0.5,0.8,0.1,-1.04,2.51,9.21,4.01,4.0,6.69,24.0,0.5,0.8,0.1,-6.15,0.74,3.28,-1.33,4.0,6.72,24.0,0.5,0.8,0.1,1006.0,1007.05,1009.53,1007.54,12.0,1.78,24.0,0.5,0.8,0.2,,,,,,,,,,,,,,,,,,,,,,,,,,,,,,,,,,,,,,,,,,,,,,,,,,,,,,,,,,,,,,,,,,,,,,,,,,,,,,,,,,,,,,,,,,,,,,,,,,,,,,,,,,,,,,,,,,,,,,,,,,,,,,,,,,,,,,,,,,,,,,,,,,,,,,
1974,2,141.0,52.0,,,,,,,,,,,,,,,,,,,,,,,,,,,,,,,,,,,,,,,,3.1,3.1,3.1,3.1,1.0,0.0,4.0,0.0,0.1,0.4,-1.99,-1.99,-1.99,-1.99,1.0,0.0,4.0,0.0,0.1,0.4,-2.37,-2.37,-2.37,-2.37,1.0,0.0,4.0,0.0,0.1,0.4,1021.5,1021.5,1021.5,1021.5,1.0,0.0,4.0,0.0,0.1,0.4,,,,,,,,,,,,,,,,,,,,,,,,,,,,,,,,,,,,,,,,,,,,,,,,,,,,,,,,,,,,,,,,,,,,,,,,,,,,,,,,,,,,,,,,,,,,,,,,,,,,,,,,,,,,,,,,,,,,,,,,,,,,,,,,,,,,,,,,,,,,,,,,,,,,,,
1974,2,141.0,84.0,,,,,,,,,,,,,,,,,,,,,,,,,,,,,,,,,,,,,,,,2.1,4.1,4.1,3.55,11.0,1.04,2.0,0.0,0.5,0.7,1.9,3.85,4.1,2.98,11.0,1.9,2.0,0.0,0.5,0.7,-1.4,0.0,1.37,-0.11,11.0,1.27,2.0,0.0,0.5,0.7,1034.26,1034.7,1037.09,1035.48,11.0,1.7,2.0,0.0,0.5,0.7,,,,,,,,,,,,,,,,,,,,,,,,,,,,,,,,,,,,,,,,,,,,,,,,,,,,,,,,,,,,,,,,,,,,,,,,,,,,,,,,,,,,,,,,,,,,,,,,,,,,,,,,,,,,,,,,,,,,,,,,,,,,,,,,,,,,,,,,,,,,,,,,,,,,,,
1974,2,142.0,-66.0,1.5,1.5,1.5,1.5,1.0,0.0,4.0,0.0,0.9,1.0,0.4,0.4,0.4,0.4,1.0,0.0,4.0,0.0,0.9,1.0,3.73,3.73,3.73,3.73,1.0,0.0,4.0,0.0,0.9,1.0,93.0,93.0,93.0,93.0,1.0,0.0,4.0,0.0,1.0,9.8,9.8,9.8,9.8,1.0,0.0,4.0,0.0,0.9,1.0,-7.51,-7.51,-7.51,-7.51,1.0,0.0,4.0,0.0,0.9,1.0,6.3,6.3,6.3,6.3,1.0,0.0,4.0,0.0,0.9,1.0,982.1,982.1,982.1,982.1,1.0,0.0,4.0,0.0,0.9,1.0,8.0,8.0,8.0,8.0,1.0,0.0,4.0,0.0,0.9,1.0,-73.6,-73.6,-73.6,-73.6,1.0,0.0,4.0,0.0,0.9,1.0,61.7,61.7,61.7,61.7,1.0,0.0,4.0,0.0,0.9,1.0,1.1,1.1,1.1,1.1,1.0,0.0,4.0,0.0,0.9,1.0,10.8,10.8,10.8,10.8,1.0,0.0,4.0,0.0,0.9,1.0,0.61,0.61,0.61,0.61,1.0,0.0,4.0,0.0,0.9,1.0,6.0,6.0,6.0,6.0,1.0,0.0,4.0,0.0,0.9,1.0,-3.0,-3.0,-3.0,-3.0,1.0,0.0,4.0,0.0,0.9,1.0,2.5,2.5,2.5,2.5,1.0,0.0,4.0,0.0,0.9,1.0,-28.0,-28.0,-28.0,-28.0,1.0,0.0,4.0,0.0,0.9,1.0,23.5,23.5,23.5,23.5,1.0,0.0,4.0,0.0,0.9,1.0,-4.6,-4.6,-4.6,-4.6,1.0,0.0,4.0,0.0,0.9,1.0,3.9,3.9,3.9,3.9,1.0,0.0,4.0,0.0,0.9,1.0,941.0,941.0,941.0,941.0,1.0,0.0,4.0,0.0,0.9,1.0,940.0,940.0,940.0,940.0,1.0,0.0,4.0,0.0,0.9,1.0
1974,2,142.0,-42.0,16.0,16.0,16.0,16.0,1.0,0.0,24.0,1.0,0.7,0.9,15.9,15.9,15.9,15.9,1.0,0.0,24.0,1.0,0.7,0.9,9.84,9.84,9.84,9.84,1.0,0.0,24.0,1.0,0.7,0.9,88.5,88.5,88.5,88.5,1.0,0.0,24.0,1.0,0.9,5.1,5.1,5.1,5.1,1.0,0.0,24.0,1.0,0.7,0.9,3.91,3.91,3.91,3.91,1.0,0.0,24.0,1.0,0.7,0.9,3.28,3.28,3.28,3.28,1.0,0.0,24.0,1.0,0.7,0.9,1020.9,1020.9,1020.9,1020.9,1.0,0.0,24.0,1.0,0.7,0.9,8.0,8.0,8.0,8.0,1.0,0.0,24.0,1.0,0.7,0.9,19.9,19.9,19.9,19.9,1.0,0.0,24.0,1.0,0.7,0.9,16.7,16.7,16.7,16.7,1.0,0.0,24.0,1.0,0.7,0.9,0.1,0.1,0.1,0.1,1.0,0.0,24.0,1.0,0.7,0.9,0.5,0.5,0.5,0.5,1.0,0.0,24.0,1.0,0.7,0.9,1.36,1.36,1.36,1.36,1.0,0.0,24.0,1.0,0.7,0.9,6.9,6.9,6.9,6.9,1.0,0.0,24.0,1.0,0.7,0.9,62.1,62.1,62.1,62.1,1.0,0.0,24.0,1.0,0.7,0.9,52.1,52.1,52.1,52.1,1.0,0.0,24.0,1.0,0.7,0.9,38.4,38.4,38.4,38.4,1.0,0.0,24.0,1.0,0.7,0.9,32.2,32.2,32.2,32.2,1.0,0.0,24.0,1.0,0.7,0.9,5.3,5.3,5.3,5.3,1.0,0.0,24.0,1.0,0.7,0.9,4.5,4.5,4.5,4.5,1.0,0.0,24.0,1.0,0.7,0.9,132.5,132.5,132.5,132.5,1.0,0.0,24.0,1.0,0.7,0.9,135.0,135.0,135.0,135.0,1.0,0.0,24.0,1.0,0.7,0.9
1974,2,142.0,-40.0,18.0,18.0,18.0,18.0,1.0,0.0,26.0,1.0,0.9,1.0,18.3,18.3,18.3,18.3,1.0,0.0,26.0,1.0,0.9,1.0,9.83,9.83,9.83,9.83,1.0,0.0,26.0,1.0,0.9,1.0,76.0,76.0,76.0,76.0,1.0,0.0,26.0,1.0,1.0,2.6,2.6,2.6,2.6,1.0,0.0,26.0,1.0,0.9,1.0,-2.6,-2.6,-2.6,-2.6,1.0,0.0,26.0,1.0,0.9,1.0,0.0,0.0,0.0,0.0,1.0,0.0,26.0,1.0,0.9,1.0,1021.0,1021.0,1021.0,1021.0,1.0,0.0,26.0,1.0,0.9,1.0,8.0,8.0,8.0,8.0,1.0,0.0,26.0,1.0,0.9,1.0,-6.8,-6.8,-6.8,-6.8,1.0,0.0,26.0,1.0,0.9,1.0,0.0,0.0,0.0,0.0,1.0,0.0,26.0,1.0,0.9,1.0,-0.3,-0.3,-0.3,-0.3,1.0,0.0,26.0,1.0,0.9,1.0,-0.8,-0.8,-0.8,-0.8,1.0,0.0,26.0,1.0,0.9,1.0,2.89,2.89,2.89,2.89,1.0,0.0,26.0,1.0,0.9,1.0,7.5,7.5,7.5,7.5,1.0,0.0,26.0,1.0,0.9,1.0,-47.6,-47.6,-47.6,-47.6,1.0,0.0,26.0,1.0,0.9,1.0,0.0,0.0,0.0,0.0,1.0,0.0,26.0,1.0,0.9,1.0,-25.6,-25.6,-25.6,-25.6,1.0,0.0,26.0,1.0,0.9,1.0,0.0,0.0,0.0,0.0,1.0,0.0,26.0,1.0,0.9,1.0,-7.5,-7.5,-7.5,-7.5,1.0,0.0,26.0,1.0,0.9,1.0,0.0,0.0,0.0,0.0,1.0,0.0,26.0,1.0,0.9,1.0,17.5,17.5,17.5,17.5,1.0,0.0,26.0,1.0,0.9,1.0,20.0,20.0,20.0,20.0,1.0,0.0,26.0,1.0,0.9,1.0
1974,2,142.0,-39.0,17.81,18.0,19.01,18.01,7.0,1.04,16.0,0.7,0.4,0.2,17.04,18.3,18.96,18.18,8.0,1.0,16.0,0.5,0.3,0.2,9.32,10.74,12.44,10.84,8.0,1.56,16.0,0.5,0.3,0.2,77.4,82.1,93.9,83.6,8.0,9.1,16.0,0.5,0.2,2.82,6.4,9.62,6.41,8.0,3.57,18.0,0.5,0.2,0.2,-8.84,-1.78,4.39,-1.85,8.0,6.27,18.0,0.5,0.2,0.2,-4.69,0.97,3.85,0.37,8.0,4.04,18.0,0.5,0.2,0.2,1010.12,1020.3,1022.06,1016.46,9.0,7.92,16.0,0.6,0.3,0.2,1.0,7.0,8.0,4.9,9.0,3.6,16.0,0.6,0.3,0.2,-85.3,-4.1,20.4,-21.9,8.0,58.9,18.0,0.5,0.2,0.2,-38.4,2.7,31.4,-2.1,8.0,37.1,18.0,0.5,0.2,0.2,-1.86,-0.05,1.72,-0.03,6.0,1.84,14.0,0.7,0.4,0.2,-11.9,-8.2,3.6,-5.1,5.0,8.3,16.0,0.6,0.3,0.2,0.32,2.52,3.89,2.18,6.0,2.36,14.0,0.7,0.4,0.2,1.1,7.7,14.2,7.0,5.0,9.1,16.0,0.6,0.3,0.2,-172.1,-16.4,79.0,-34.0,7.0,125.6,18.0,0.4,0.2,0.2,-100.6,19.5,72.0,7.8,7.0,82.2,18.0,0.4,0.2,0.2,-96.2,-8.2,43.7,-20.9,7.0,77.2,18.0,0.4,0.2,0.2,-59.8,9.8,50.9,4.0,7.0,52.0,18.0,0.4,0.2,0.2,-4.9,-4.6,12.1,2.2,5.0,9.9,16.0,0.6,0.3,0.2,-6.8,2.7,4.6,-0.3,5.0,6.4,16.0,0.6,0.3,0.2,26.5,294.5,898.0,480.5,8.0,570.5,18.0,0.5,0.2,0.2,25.0,295.0,900.0,480.0,8.0,570.0,18.0,0.5,0.2,0.2
1974,2,142.0,-12.0,27.58,28.0,28.0,27.8,5.0,0.35,18.0,0.8,0.9,0.7,26.69,27.25,27.87,27.28,4.0,0.76,16.0,0.8,0.8,0.8,17.9,19.05,19.74,18.83,4.0,1.13,16.0,0.8,0.8,0.8,76.1,82.2,89.7,82.9,4.0,8.0,16.0,0.8,0.8,2.97,4.6,7.33,5.04,5.0,3.04,18.0,0.8,0.9,0.7,0.0,3.98,5.91,3.44,5.0,3.78,18.0,0.8,0.9,0.7,-3.72,-1.61,-0.89,-2.37,5.0,2.23,18.0,0.8,0.9,0.7,1003.94,1005.1,1006.5,1005.16,5.0,1.35,18.0,0.8,0.9,0.7,2.9,7.0,7.0,5.2,5.0,2.7,18.0,0.8,0.9,0.7,0.0,16.6,42.7,24.0,5.0,35.3,18.0,0.8,0.9,0.7,-23.6,-10.6,-2.2,-13.6,5.0,15.0,18.0,0.8,0.9,0.7,0.04,0.55,0.9,0.48,4.0,0.54,16.0,0.8,0.8,0.8,-0.8,1.8,4.0,1.6,4.0,2.9,16.0,0.8,0.8,0.8,3.51,4.79,5.8,4.66,4.0,1.41,16.0,0.8,0.8,0.8,8.9,15.6,35.6,22.0,4.0,19.8,16.0,0.8,0.8,0.8,50.8,107.1,186.5,118.1,4.0,106.2,16.0,0.8,0.8,0.8,-54.2,-36.5,-22.9,-38.5,4.0,19.3,16.0,0.8,0.8,0.8,37.3,79.2,126.6,81.8,4.0,69.0,16.0,0.8,0.8,0.8,-37.9,-23.6,-15.7,-26.6,4.0,14.1,16.0,0.8,0.8,0.8,5.6,14.2,34.0,19.5,4.0,21.3,16.0,0.8,0.8,0.8,-9.2,-7.5,-4.0,-6.6,4.0,3.4,16.0,0.8,0.8,0.8,44.0,97.5,445.0,242.0,5.0,326.0,18.0,0.8,0.9,0.7,45.0,95.0,445.0,240.0,5.0,325.0,18.0,0.8,0.9,0.7
1974,2,142.0,-11.0,29.0,29.0,29.0,29.0,1.0,0.0,16.0,0.0,0.6,0.3,27.0,27.0,27.0,27.0,1.0,0.0,16.0,0.0,0.6,0.3,19.84,19.84,19.84,19.84,1.0,0.0,16.0,0.0,0.6,0.3,88.3,88.3,88.3,88.3,1.0,0.0,16.0,0.0,0.3,7.7,7.7,7.7,7.7,1.0,0.0,16.0,0.0,0.6,0.3,3.85,3.85,3.85,3.85,1.0,0.0,16.0,0.0,0.6,0.3,-6.67,-6.67,-6.67,-6.67,1.0,0.0,16.0,0.0,0.6,0.3,1003.8,1003.8,1003.8,1003.8,1.0,0.0,16.0,0.0,0.6,0.3,4.0,4.0,4.0,4.0,1.0,0.0,16.0,0.0,0.6,0.3,29.6,29.6,29.6,29.6,1.0,0.0,16.0,0.0,0.6,0.3,-51.3,-51.3,-51.3,-51.3,1.0,0.0,16.0,0.0,0.6,0.3,2.0,2.0,2.0,2.0,1.0,0.0,16.0,0.0,0.6,0.3,15.4,15.4,15.4,15.4,1.0,0.0,16.0,0.0,0.6,0.3,5.5,5.5,5.5,5.5,1.0,0.0,16.0,0.0,0.6,0.3,42.3,42.3,42.3,42.3,1.0,0.0,16.0,0.0,0.6,0.3,104.0,104.0,104.0,104.0,1.0,0.0,16.0,0.0,0.6,0.3,-180.0,-180.0,-180.0,-180.0,1.0,0.0,16.0,0.0,0.6,0.3,76.4,76.4,76.4,76.4,1.0,0.0,16.0,0.0,0.6,0.3,-132.3,-132.3,-132.3,-132.3,1.0,0.0,16.0,0.0,0.6,0.3,21.2,21.2,21.2,21.2,1.0,0.0,16.0,0.0,0.6,0.3,-36.7,-36.7,-36.7,-36.7,1.0,0.0,16.0,0.0,0.6,0.3,456.5,456.5,456.5,456.5,1.0,0.0,16.0,0.0,0.6,0.3,455.0,455.0,455.0,455.0,1.0,0.0,16.0,0.0,0.6,0.3
1974,2,142.0,-3.0,28.6,28.6,28.6,28.6,1.0,0.0,28.0,1.0,0.0,0.2,26.9,26.9,26.9,26.9,1.0,0.0,28.0,1.0,0.0,0.2,17.66,17.66,17.66,17.66,1.0,0.0,28.0,1.0,0.0,0.2,79.2,79.2,79.2,79.2,1.0,0.0,28.0,1.0,0.2,8.7,8.7,8.7,8.7,1.0,0.0,28.0,1.0,0.0,0.2,6.66,6.66,6.66,6.66,1.0,0.0,28.0,1.0,0.0,0.2,-5.59,-5.59,-5.59,-5.59,1.0,0.0,28.0,1.0,0.0,0.2,1004.2,1004.2,1004.2,1004.2,1.0,0.0,28.0,1.0,0.0,0.2,6.0,6.0,6.0,6.0,1.0,0.0,28.0,1.0,0.0,0.2,58.0,58.0,58.0,58.0,1.0,0.0,28.0,1.0,0.0,0.2,-48.7,-48.7,-48.7,-48.7,1.0,0.0,28.0,1.0,0.0,0.2,1.7,1.7,1.7,1.7,1.0,0.0,28.0,1.0,0.0,0.2,14.8,14.8,14.8,14.8,1.0,0.0,28.0,1.0,0.0,0.2,7.07,7.07,7.07,7.07,1.0,0.0,28.0,1.0,0.0,0.2,61.5,61.5,61.5,61.5,1.0,0.0,28.0,1.0,0.0,0.2,179.3,179.3,179.3,179.3,1.0,0.0,28.0,1.0,0.0,0.2,-150.4,-150.4,-150.4,-150.4,1.0,0.0,28.0,1.0,0.0,0.2,117.7,117.7,117.7,117.7,1.0,0.0,28.0,1.0,0.0,0.2,-98.8,-98.8,-98.8,-98.8,1.0,0.0,28.0,1.0,0.0,0.2,47.1,47.1,47.1,47.1,1.0,0.0,28.0,1.0,0.0,0.2,-39.5,-39.5,-39.5,-39.5,1.0,0.0,28.0,1.0,0.0,0.2,658.5,658.5,658.5,658.5,1.0,0.0,28.0,1.0,0.0,0.2,660.0,660.0,660.0,660.0,1.0,0.0,28.0,1.0,0.0,0.2
1974,2,142.0,-1.0,30.1,30.1,30.1,30.1,1.0,0.0,4.0,0.0,0.8,0.5,28.0,28.0,28.0,28.0,1.0,0.0,4.0,0.0,0.8,0.5,20.17,20.17,20.17,20.17,1.0,0.0,4.0,0.0,0.8,0.5,84.8,84.8,84.8,84.8,1.0,0.0,4.0,0.0,0.5,,,,,,,,,,,,,,,,,,,,,,,,,,,,,,,,,,,,,,,,,,,,,,,,,,,,,,,,,,,,,,,,,,,,,,,,,,,,,,,,,,,,,,,,,,,,,,,,,,,,,,,,,,,,,,,,,,,,,,,,,,,,,,,,,,,,,,,,,,,,,,,,,,,,,,,,,,,,,,,,,,,,,,,,,,,,,,,,,,,,,,,,,,,,,,
1974,2,142.0,0.0,29.0,29.0,29.0,29.0,1.0,0.0,24.0,0.0,0.3,0.1,27.2,27.2,27.2,27.2,1.0,0.0,24.0,0.0,0.3,0.1,19.7,19.7,19.7,19.7,1.0,0.0,24.0,0.0,0.3,0.1,86.7,86.7,86.7,86.7,1.0,0.0,24.0,0.0,0.1,3.1,3.1,3.1,3.1,1.0,0.0,24.0,0.0,0.3,0.1,2.91,2.91,2.91,2.91,1.0,0.0,24.0,0.0,0.3,0.1,-1.06,-1.06,-1.06,-1.06,1.0,0.0,24.0,0.0,0.3,0.1,1004.9,1004.9,1004.9,1004.9,1.0,0.0,24.0,0.0,0.3,0.1,6.0,6.0,6.0,6.0,1.0,0.0,24.0,0.0,0.3,0.1,9.0,9.0,9.0,9.0,1.0,0.0,24.0,0.0,0.3,0.1,-3.3,-3.3,-3.3,-3.3,1.0,0.0,24.0,0.0,0.3,0.1,1.8,1.8,1.8,1.8,1.0,0.0,24.0,0.0,0.3,0.1,5.6,5.6,5.6,5.6,1.0,0.0,24.0,0.0,0.3,0.1,5.61,5.61,5.61,5.61,1.0,0.0,24.0,0.0,0.3,0.1,17.4,17.4,17.4,17.4,1.0,0.0,24.0,0.0,0.3,0.1,79.2,79.2,79.2,79.2,1.0,0.0,24.0,0.0,0.3,0.1,-28.8,-28.8,-28.8,-28.8,1.0,0.0,24.0,0.0,0.3,0.1,57.4,57.4,57.4,57.4,1.0,0.0,24.0,0.0,0.3,0.1,-20.9,-20.9,-20.9,-20.9,1.0,0.0,24.0,0.0,0.3,0.1,16.3,16.3,16.3,16.3,1.0,0.0,24.0,0.0,0.3,0.1,-5.9,-5.9,-5.9,-5.9,1.0,0.0,24.0,0.0,0.3,0.1,30.0,30.0,30.0,30.0,1.0,0.0,24.0,0.0,0.3,0.1,30.0,30.0,30.0,30.0,1.0,0.0,24.0,0.0,0.3,0.1
1974,2,142.0,4.0,28.98,30.0,30.89,29.93,3.0,1.4,16.0,0.7,0.7,0.4,25.9,27.2,29.18,27.53,3.0,2.42,16.0,0.7,0.7,0.4,17.8,18.17,18.53,18.17,2.0,0.76,12.0,1.0,0.6,0.2,72.6,78.5,84.4,78.5,2.0,12.2,12.0,1.0,0.2,1.67,3.1,5.56,3.6,3.0,2.88,16.0,0.7,0.7,0.4,-4.71,-2.37,-1.28,-2.98,3.0,2.57,16.0,0.7,0.7,0.4,-2.92,-1.99,-0.19,-1.57,3.0,2.03,16.0,0.7,0.7,0.4,1005.79,1006.4,1007.49,1006.63,3.0,1.27,16.0,0.7,0.7,0.4,1.3,4.0,4.7,3.0,3.0,2.6,16.0,0.7,0.7,0.4,-28.9,-7.4,-2.9,-15.7,3.0,20.4,16.0,0.7,0.7,0.4,-17.3,-6.2,-1.5,-9.3,3.0,11.9,16.0,0.7,0.7,0.4,0.95,3.2,3.81,2.4,3.0,2.21,16.0,0.7,0.7,0.4,0.8,4.1,8.1,4.5,3.0,5.3,16.0,0.7,0.7,0.4,7.09,7.48,7.87,7.48,2.0,0.8,12.0,1.0,0.6,0.2,26.6,37.7,48.8,37.7,2.0,23.0,12.0,1.0,0.6,0.2,-138.3,-60.1,-33.3,-85.2,3.0,79.9,16.0,0.7,0.7,0.4,-84.8,-50.4,-4.1,-44.6,3.0,59.4,16.0,0.7,0.7,0.4,-98.0,-75.2,-52.4,-75.2,2.0,47.1,12.0,1.0,0.6,0.2,-58.3,-48.9,-39.5,-48.9,2.0,19.5,12.0,1.0,0.6,0.2,-41.9,-31.6,-21.2,-31.6,2.0,21.4,12.0,1.0,0.6,0.2,-24.9,-20.4,-15.9,-20.4,2.0,9.3,12.0,1.0,0.6,0.2,10.0,30.0,215.0,110.5,3.0,165.5,16.0,0.7,0.7,0.4,10.0,30.0,215.0,110.0,3.0,165.0,16.0,0.7,0.7,0.4
1974,2,142.0,5.0,28.73,28.8,28.87,28.8,2.0,0.14,20.0,0.5,0.7,0.2,27.73,28.0,28.27,28.0,3.0,0.4,20.0,0.3,0.5,0.4,18.39,18.5,18.61,18.5,2.0,0.23,20.0,0.5,0.7,0.2,76.4,78.0,79.6,78.0,2.0,3.2,20.0,0.5,0.2,3.74,6.2,8.66,6.2,2.0,5.09,20.0,0.0,0.4,0.4,-7.55,-5.52,-3.5,-5.52,2.0,4.19,20.0,0.0,0.4,0.4,-4.05,-2.22,-0.4,-2.22,2.0,3.78,20.0,0.0,0.4,0.4,1005.64,1008.1,1009.26,1007.47,3.0,2.71,20.0,0.3,0.5,0.4,2.8,4.5,6.2,4.5,2.0,3.5,20.0,0.5,0.7,0.2,-71.0,-44.9,-18.8,-44.9,2.0,54.1,20.0,0.0,0.4,0.4,-40.2,-23.4,-6.6,-23.4,2.0,34.8,20.0,0.0,0.4,0.4,0.6,0.8,1.0,0.8,2.0,0.42,20.0,0.5,0.7,0.2,2.9,2.9,2.9,2.9,1.0,0.0,20.0,0.0,0.8,0.2,6.29,6.46,6.62,6.46,2.0,0.34,20.0,0.5,0.7,0.2,16.2,16.2,16.2,16.2,1.0,0.0,20.0,0.0,0.8,0.2,-211.1,-154.2,-97.2,-154.2,2.0,118.1,20.0,0.0,0.4,0.4,-113.4,-62.4,-11.3,-62.4,2.0,105.8,20.0,0.0,0.4,0.4,-47.8,-47.8,-47.8,-47.8,1.0,0.0,20.0,0.0,0.8,0.2,8.4,8.4,8.4,8.4,1.0,0.0,20.0,0.0,0.8,0.2,-15.9,-15.9,-15.9,-15.9,1.0,0.0,20.0,0.0,0.8,0.2,2.8,2.8,2.8,2.8,1.0,0.0,20.0,0.0,0.8,0.2,164.0,479.5,794.5,479.5,2.0,653.0,20.0,0.0,0.4,0.4,165.0,480.0,795.0,480.0,2.0,655.0,20.0,0.0,0.4,0.4
1974,2,142.0,6.0,28.5,28.5,28.5,28.5,1.0,0.0,22.0,1.0,0.3,0.6,28.0,28.0,28.0,28.0,1.0,0.0,22.0,1.0,0.3,0.6,18.61,18.61,18.61,18.61,1.0,0.0,22.0,1.0,0.3,0.6,78.4,78.4,78.4,78.4,1.0,0.0,22.0,1.0,0.6,,,,,,,,,,,,,,,,,,,,,,,,,,,,,,,,,,,,,,,,,,,,,,,,,,,,,,,,,,,,,,,,,,,,,,,,,,,,,,,,,,,,,,,,,,,,,,,,,,,,,,,,,,,,,,,,,,,,,,,,,,,,,,,,,,,,,,,,,,,,,,,,,,,,,,,,,,,,,,,,,,,,,,,,,,,,,,,,,,,,,,,,,,,,,,
1974,2,142.0,7.0,28.2,28.2,28.2,28.2,1.0,0.0,20.0,0.0,0.7,0.9,26.5,26.5,26.5,26.5,1.0,0.0,20.0,0.0,0.7,0.9,18.54,18.54,18.54,18.54,1.0,0.0,20.0,0.0,0.7,0.9,85.1,85.1,85.1,85.1,1.0,0.0,20.0,0.0,0.9,7.7,7.7,7.7,7.7,1.0,0.0,20.0,0.0,0.7,0.9,-5.9,-5.9,-5.9,-5.9,1.0,0.0,20.0,0.0,0.7,0.9,-4.95,-4.95,-4.95,-4.95,1.0,0.0,20.0,0.0,0.7,0.9,1004.6,1004.6,1004.6,1004.6,1.0,0.0,20.0,0.0,0.7,0.9,8.0,8.0,8.0,8.0,1.0,0.0,20.0,0.0,0.7,0.9,-45.4,-45.4,-45.4,-45.4,1.0,0.0,20.0,0.0,0.7,0.9,-38.1,-38.1,-38.1,-38.1,1.0,0.0,20.0,0.0,0.7,0.9,1.7,1.7,1.7,1.7,1.0,0.0,20.0,0.0,0.7,0.9,13.1,13.1,13.1,13.1,1.0,0.0,20.0,0.0,0.7,0.9,5.61,5.61,5.61,5.61,1.0,0.0,20.0,0.0,0.7,0.9,43.2,43.2,43.2,43.2,1.0,0.0,20.0,0.0,0.7,0.9,-156.3,-156.3,-156.3,-156.3,1.0,0.0,20.0,0.0,0.7,0.9,-131.2,-131.2,-131.2,-131.2,1.0,0.0,20.0,0.0,0.7,0.9,-109.4,-109.4,-109.4,-109.4,1.0,0.0,20.0,0.0,0.7,0.9,-91.8,-91.8,-91.8,-91.8,1.0,0.0,20.0,0.0,0.7,0.9,-33.1,-33.1,-33.1,-33.1,1.0,0.0,20.0,0.0,0.7,0.9,-27.7,-27.7,-27.7,-27.7,1.0,0.0,20.0,0.0,0.7,0.9,456.5,456.5,456.5,456.5,1.0,0.0,20.0,0.0,0.7,0.9,455.0,455.0,455.0,455.0,1.0,0.0,20.0,0.0,0.7,0.9
1974,2,142.0,8.0,28.14,28.45,28.76,28.45,2.0,0.64,12.0,0.5,0.4,0.3,26.9,27.75,28.6,27.75,2.0,1.77,18.0,0.5,0.5,0.5,19.31,19.31,19.31,19.31,1.0,0.0,8.0,0.0,0.6,0.2,88.8,88.8,88.8,88.8,1.0,0.0,8.0,0.0,0.2,5.11,6.2,9.0,7.03,3.0,2.94,16.0,0.7,0.5,0.5,-7.6,-4.75,-3.08,-5.32,3.0,3.35,16.0,0.7,0.5,0.5,-4.78,-3.99,-3.98,-4.37,3.0,0.67,16.0,0.7,0.5,0.5,1006.43,1006.5,1006.57,1006.5,2.0,0.14,12.0,0.5,0.4,0.3,5.3,6.0,6.0,5.7,3.0,0.6,16.0,0.7,0.5,0.5,-72.1,-29.4,-16.6,-44.0,3.0,42.5,16.0,0.7,0.5,0.5,-44.1,-24.7,-20.4,-32.0,3.0,18.5,16.0,0.7,0.5,0.5,1.5,1.5,1.5,1.5,1.0,0.0,8.0,0.0,0.6,0.2,6.9,6.9,6.9,6.9,1.0,0.0,8.0,0.0,0.6,0.2,4.51,4.51,4.51,4.51,1.0,0.0,8.0,0.0,0.6,0.2,20.7,20.7,20.7,20.7,1.0,0.0,8.0,0.0,0.6,0.2,-125.5,-99.3,-73.1,-99.3,2.0,54.3,18.0,0.5,0.5,0.5,-114.0,-110.6,-107.2,-110.6,2.0,7.1,18.0,0.5,0.5,0.5,-44.4,-44.4,-44.4,-44.4,1.0,0.0,8.0,0.0,0.6,0.2,-76.9,-76.9,-76.9,-76.9,1.0,0.0,8.0,0.0,0.6,0.2,-10.4,-10.4,-10.4,-10.4,1.0,0.0,8.0,0.0,0.6,0.2,-18.0,-18.0,-18.0,-18.0,1.0,0.0,8.0,0.0,0.6,0.2,142.0,238.5,821.5,476.0,3.0,538.5,16.0,0.7,0.5,0.5,140.0,240.0,820.0,475.0,3.0,540.0,16.0,0.7,0.5,0.5
1974,2,142.0,9.0,28.0,28.0,28.0,28.0,1.0,0.0,20.0,0.0,0.4,0.3,28.0,28.0,28.0,28.0,1.0,0.0,20.0,0.0,0.4,0.3,18.6,18.6,18.6,18.6,1.0,0.0,20.0,0.0,0.4,0.3,78.4,78.4,78.4,78.4,1.0,0.0,20.0,0.0,0.3,7.95,8.5,9.05,8.5,2.0,1.13,16.0,0.5,0.4,0.2,-7.71,-6.98,-6.24,-6.98,2.0,1.52,16.0,0.5,0.4,0.2,-4.9,-4.8,-4.7,-4.8,2.0,0.21,16.0,0.5,0.4,0.2,1006.66,1007.0,1007.34,1007.0,2.0,0.71,16.0,0.5,0.4,0.2,2.5,3.5,4.5,3.5,2.0,2.1,16.0,0.5,0.4,0.2,-70.2,-60.2,-50.1,-60.2,2.0,20.8,16.0,0.5,0.4,0.2,-42.4,-40.7,-38.9,-40.7,2.0,3.6,16.0,0.5,0.4,0.2,0.0,0.0,0.0,0.0,1.0,0.0,20.0,0.0,0.4,0.3,0.0,0.0,0.0,0.0,1.0,0.0,20.0,0.0,0.4,0.3,5.19,5.19,5.19,5.19,1.0,0.0,20.0,0.0,0.4,0.3,40.0,40.0,40.0,40.0,1.0,0.0,20.0,0.0,0.4,0.3,-165.2,-165.2,-165.2,-165.2,1.0,0.0,20.0,0.0,0.4,0.3,-138.6,-138.6,-138.6,-138.6,1.0,0.0,20.0,0.0,0.4,0.3,-109.7,-109.7,-109.7,-109.7,1.0,0.0,20.0,0.0,0.4,0.3,-92.1,-92.1,-92.1,-92.1,1.0,0.0,20.0,0.0,0.4,0.3,-30.6,-30.6,-30.6,-30.6,1.0,0.0,20.0,0.0,0.4,0.3,-25.7,-25.7,-25.7,-25.7,1.0,0.0,20.0,0.0,0.4,0.3,511.5,630.5,749.0,630.5,2.0,246.0,16.0,0.5,0.4,0.2,510.0,630.0,750.0,630.0,2.0,245.0,16.0,0.5,0.4,0.2
1974,2,142.0,10.0,27.3,27.3,27.3,27.3,1.0,0.0,20.0,1.0,0.0,0.7,28.2,28.2,28.2,28.2,1.0,0.0,20.0,1.0,0.0,0.7,18.63,18.63,18.63,18.63,1.0,0.0,20.0,1.0,0.0,0.7,77.5,77.5,77.5,77.5,1.0,0.0,20.0,1.0,0.7,7.7,7.7,7.7,7.7,1.0,0.0,20.0,1.0,0.0,0.7,-6.67,-6.67,-6.67,-6.67,1.0,0.0,20.0,1.0,0.0,0.7,-3.85,-3.85,-3.85,-3.85,1.0,0.0,20.0,1.0,0.0,0.7,1006.2,1006.2,1006.2,1006.2,1.0,0.0,20.0,1.0,0.0,0.7,6.0,6.0,6.0,6.0,1.0,0.0,20.0,1.0,0.0,0.7,-51.3,-51.3,-51.3,-51.3,1.0,0.0,20.0,1.0,0.0,0.7,-29.6,-29.6,-29.6,-29.6,1.0,0.0,20.0,1.0,0.0,0.7,-0.9,-0.9,-0.9,-0.9,1.0,0.0,20.0,1.0,0.0,0.7,-6.9,-6.9,-6.9,-6.9,1.0,0.0,20.0,1.0,0.0,0.7,4.23,4.23,4.23,4.23,1.0,0.0,20.0,1.0,0.0,0.7,32.6,32.6,32.6,32.6,1.0,0.0,20.0,1.0,0.0,0.7,-188.0,-188.0,-188.0,-188.0,1.0,0.0,20.0,1.0,0.0,0.7,-108.6,-108.6,-108.6,-108.6,1.0,0.0,20.0,1.0,0.0,0.7,-124.2,-124.2,-124.2,-124.2,1.0,0.0,20.0,1.0,0.0,0.7,-71.7,-71.7,-71.7,-71.7,1.0,0.0,20.0,1.0,0.0,0.7,-28.2,-28.2,-28.2,-28.2,1.0,0.0,20.0,1.0,0.0,0.7,-16.3,-16.3,-16.3,-16.3,1.0,0.0,20.0,1.0,0.0,0.7,456.5,456.5,456.5,456.5,1.0,0.0,20.0,1.0,0.0,0.7,455.0,455.0,455.0,455.0,1.0,0.0,20.0,1.0,0.0,0.7
1974,2,142.0,11.0,27.08,27.25,27.42,27.25,2.0,0.35,12.0,0.0,0.6,0.4,25.06,26.25,27.44,26.25,2.0,2.47,12.0,0.0,0.6,0.4,17.21,17.8,18.4,17.8,2.0,1.24,12.0,0.0,0.6,0.4,80.4,83.5,86.6,83.5,2.0,6.5,12.0,0.0,0.4,9.19,10.25,11.31,10.25,2.0,2.19,12.0,0.0,0.6,0.4,-10.69,-9.83,-8.97,-9.83,2.0,1.78,12.0,0.0,0.6,0.4,-3.64,-2.77,-1.91,-2.77,2.0,1.79,12.0,0.0,0.6,0.4,1009.58,1009.75,1009.92,1009.75,2.0,0.35,12.0,0.0,0.6,0.4,3.2,3.5,3.8,3.5,2.0,0.7,12.0,0.0,0.6,0.4,-121.9,-102.7,-83.5,-102.7,2.0,39.8,12.0,0.0,0.6,0.4,-42.2,-30.4,-18.6,-30.4,2.0,24.4,12.0,0.0,0.6,0.4,-0.02,1.0,2.02,1.0,2.0,2.12,12.0,0.0,0.6,0.4,-1.5,7.9,17.4,7.9,2.0,19.6,12.0,0.0,0.6,0.4,4.54,4.91,5.27,4.91,2.0,0.75,12.0,0.0,0.6,0.4,48.0,49.5,50.9,49.5,2.0,3.1,12.0,0.0,0.6,0.4,-294.5,-260.2,-225.9,-260.2,2.0,71.1,12.0,0.0,0.6,0.4,-100.9,-75.0,-49.1,-75.0,2.0,53.7,12.0,0.0,0.6,0.4,-197.3,-176.1,-154.9,-176.1,2.0,43.9,12.0,0.0,0.6,0.4,-67.5,-50.5,-33.5,-50.5,2.0,35.2,12.0,0.0,0.6,0.4,-48.2,-47.5,-46.9,-47.5,2.0,1.4,12.0,0.0,0.6,0.4,-16.2,-12.9,-9.7,-12.9,2.0,6.7,12.0,0.0,0.6,0.4,814.5,1151.0,1487.0,1151.0,2.0,696.0,12.0,0.0,0.6,0.4,815.0,1150.0,1485.0,1150.0,2.0,695.0,12.0,0.0,0.6,0.4
1974,2,142.0,12.0,27.0,27.5,28.41,27.8,5.0,1.25,12.0,0.6,0.3,0.5,25.63,26.0,27.37,26.4,5.0,1.14,12.0,0.6,0.3,0.5,17.47,17.52,17.96,17.74,5.0,0.53,12.0,0.6,0.3,0.5,80.2,83.6,85.3,82.6,5.0,5.1,12.0,0.6,0.5,9.93,10.3,12.98,11.42,5.0,2.6,12.0,0.6,0.3,0.5,-10.59,-8.74,-8.38,-9.43,5.0,1.66,12.0,0.6,0.3,0.5,-8.34,-6.62,-3.4,-6.16,5.0,2.9,12.0,0.6,0.3,0.5,1010.27,1012.0,1012.74,1011.56,5.0,1.69,12.0,0.6,0.3,0.5,5.9,7.0,7.4,6.6,5.0,1.5,12.0,0.6,0.3,0.5,-134.0,-97.8,-81.3,-110.7,5.0,47.2,12.0,0.6,0.3,0.5,-111.4,-68.2,-33.8,-75.7,5.0,53.2,12.0,0.6,0.3,0.5,0.82,1.5,2.0,1.4,5.0,0.65,12.0,0.6,0.3,0.5,11.7,15.9,20.1,15.5,5.0,6.5,12.0,0.6,0.3,0.5,4.64,4.9,6.8,5.73,5.0,1.93,12.0,0.6,0.3,0.5,51.6,56.4,79.3,63.5,5.0,16.3,12.0,0.6,0.3,0.5,-281.5,-244.7,-212.3,-248.9,5.0,44.0,12.0,0.6,0.3,0.5,-212.3,-172.1,-92.9,-160.7,5.0,72.5,12.0,0.6,0.3,0.5,-192.7,-153.1,-146.3,-167.3,5.0,30.0,12.0,0.6,0.3,0.5,-145.6,-116.2,-62.1,-108.6,5.0,49.9,12.0,0.6,0.3,0.5,-66.1,-43.2,-42.4,-53.2,5.0,16.3,12.0,0.6,0.3,0.5,-40.9,-35.6,-24.0,-33.0,5.0,12.2,12.0,0.6,0.3,0.5,987.5,1092.5,2384.0,1690.5,5.0,1321.5,12.0,0.6,0.3,0.5,985.0,1095.0,2385.0,1690.0,5.0,1320.0,12.0,0.6,0.3,0.5
1974,2,142.0,13.0,27.0,28.0,28.55,27.9,11.0,0.96,18.0,0.5,0.5,0.5,26.88,27.7,27.92,27.58,11.0,0.88,18.0,0.5,0.5,0.5,17.23,18.44,20.83,18.82,10.0,2.07,18.0,0.5,0.5,0.4,69.8,84.0,90.4,81.7,10.0,10.1,18.0,0.5,0.4,8.49,9.3,11.01,9.35,11.0,2.07,18.0,0.5,0.5,0.5,-9.22,-8.7,-7.98,-8.43,11.0,1.42,18.0,0.5,0.5,0.5,-5.14,-2.8,0.0,-3.04,11.0,3.16,18.0,0.5,0.5,0.5,1008.37,1010.25,1012.5,1010.52,12.0,1.97,18.0,0.6,0.5,0.5,2.6,3.0,5.4,3.7,11.0,1.5,18.0,0.5,0.5,0.5,-100.1,-81.3,-67.8,-80.7,11.0,25.5,18.0,0.5,0.5,0.5,-56.6,-23.0,0.0,-32.6,11.0,41.4,18.0,0.5,0.5,0.5,-0.67,0.5,1.04,0.32,11.0,1.02,18.0,0.5,0.5,0.5,-4.4,4.7,12.8,4.0,11.0,9.4,18.0,0.5,0.5,0.5,2.67,4.48,6.72,4.5,10.0,1.84,18.0,0.5,0.5,0.4,27.1,36.8,59.7,41.1,10.0,17.7,18.0,0.5,0.5,0.4,-256.1,-239.2,-217.7,-232.5,11.0,39.4,18.0,0.5,0.5,0.5,-142.8,-77.7,0.0,-82.4,11.0,83.7,18.0,0.5,0.5,0.5,-188.5,-152.9,-145.9,-160.2,10.0,41.6,18.0,0.5,0.5,0.4,-105.8,-42.2,0.0,-55.6,10.0,59.6,18.0,0.5,0.5,0.4,-49.5,-34.6,-26.3,-36.3,10.0,12.9,18.0,0.5,0.5,0.4,-32.3,-10.7,0.0,-14.8,10.0,17.8,18.0,0.5,0.5,0.4,614.5,804.5,1335.5,925.5,11.0,600.0,18.0,0.5,0.5,0.5,615.0,805.0,1335.0,925.0,11.0,600.0,18.0,0.5,0.5,0.5
1974,2,142.0,14.0,27.0,27.4,28.0,27.41,17.0,0.76,14.0,0.3,0.6,0.6,25.85,26.15,27.0,26.31,18.0,0.65,14.0,0.3,0.6,0.5,16.98,17.95,18.68,17.77,18.0,1.08,14.0,0.3,0.6,0.5,78.1,83.3,88.9,83.1,18.0,5.5,14.0,0.3,0.5,5.87,8.45,13.05,9.1,18.0,3.2,14.0,0.3,0.6,0.5,-8.74,-7.42,-5.61,-7.57,18.0,2.2,14.0,0.3,0.6,0.5,-9.14,-2.46,0.0,-3.57,18.0,4.34,14.0,0.3,0.6,0.5,1008.44,1010.0,1013.91,1010.78,19.0,2.63,14.0,0.3,0.6,0.5,1.0,3.0,6.0,3.5,17.0,2.2,14.0,0.2,0.6,0.5,-115.4,-61.8,-33.1,-74.5,18.0,46.5,14.0,0.3,0.6,0.5,-109.8,-17.8,0.0,-43.0,18.0,57.0,14.0,0.3,0.6,0.5,0.0,1.0,1.89,1.05,17.0,0.92,14.0,0.3,0.6,0.6,0.0,10.2,15.0,8.4,17.0,6.6,14.0,0.3,0.6,0.6,4.11,4.91,6.5,5.18,17.0,1.35,14.0,0.3,0.6,0.6,32.2,43.8,58.4,43.9,17.0,13.6,14.0,0.3,0.6,0.6,-233.6,-196.6,-143.7,-198.8,18.0,55.7,14.0,0.3,0.6,0.5,-240.8,-64.9,0.0,-94.0,18.0,114.3,14.0,0.3,0.6,0.5,-155.7,-132.2,-96.6,-134.5,18.0,40.3,14.0,0.3,0.6,0.5,-169.2,-42.2,0.0,-65.0,18.0,79.6,14.0,0.3,0.6,0.5,-43.3,-34.3,-29.3,-36.8,17.0,11.1,14.0,0.3,0.6,0.6,-36.9,-13.8,0.0,-16.5,17.0,19.4,14.0,0.3,0.6,0.6,206.5,605.0,2225.0,1034.5,18.0,1074.5,14.0,0.3,0.6,0.5,205.0,605.0,2225.0,1035.0,18.0,1075.0,14.0,0.3,0.6,0.5
1974,2,142.0,15.0,26.0,27.0,28.0,27.02,18.0,1.02,16.0,0.4,0.2,0.4,25.51,26.2,27.0,26.35,20.0,0.97,14.0,0.5,0.2,0.4,16.77,17.76,18.65,17.87,19.0,0.98,16.0,0.4,0.2,0.4,77.7,83.7,88.6,83.6,19.0,5.9,16.0,0.4,0.4,6.21,8.7,10.3,8.49,20.0,2.28,14.0,0.5,0.2,0.4,-9.21,-7.89,-4.77,-7.3,20.0,2.2,14.0,0.5,0.2,0.4,-6.58,-2.26,0.0,-2.56,20.0,3.64,14.0,0.5,0.2,0.4,1009.01,1010.75,1012.8,1010.99,20.0,1.89,14.0,0.5,0.2,0.4,1.0,5.0,7.0,4.4,20.0,2.7,14.0,0.5,0.2,0.4,-90.2,-69.2,-36.3,-65.3,20.0,32.1,14.0,0.5,0.2,0.4,-67.9,-17.2,0.0,-27.4,20.0,38.4,14.0,0.5,0.2,0.4,0.0,0.5,1.65,0.63,18.0,1.44,16.0,0.4,0.2,0.4,0.0,5.2,14.1,5.6,18.0,9.2,16.0,0.4,0.2,0.4,3.28,4.59,5.97,4.57,18.0,1.5,16.0,0.4,0.2,0.4,26.7,36.2,57.4,39.4,18.0,15.6,16.0,0.4,0.2,0.4,-241.8,-202.8,-125.9,-192.1,20.0,58.8,14.0,0.5,0.2,0.4,-168.0,-58.0,0.0,-66.9,20.0,97.7,14.0,0.5,0.2,0.4,-162.2,-138.7,-81.8,-131.9,19.0,43.1,16.0,0.4,0.2,0.4,-116.7,-44.3,0.0,-47.3,19.0,67.5,16.0,0.4,0.2,0.4,-48.8,-34.0,-20.9,-34.1,18.0,14.9,16.0,0.4,0.2,0.4,-24.4,-12.3,0.0,-12.9,18.0,16.0,16.0,0.4,0.2,0.4,239.5,658.5,1092.5,737.5,20.0,546.5,14.0,0.5,0.2,0.4,240.0,660.0,1095.0,740.0,20.0,545.0,14.0,0.5,0.2,0.4
1974,2,142.0,16.0,25.06,26.7,27.18,26.33,8.0,1.42,14.0,0.4,0.5,0.3,25.0,25.4,26.0,25.52,10.0,0.48,14.0,0.4,0.5,0.4,14.61,16.51,18.18,16.35,8.0,1.81,14.0,0.4,0.5,0.3,70.4,80.1,88.3,79.7,8.0,8.2,14.0,0.4,0.3,5.57,8.2,9.87,8.17,10.0,2.39,14.0,0.4,0.5,0.4,-8.87,-7.83,-3.63,-6.34,10.0,3.31,14.0,0.4,0.5,0.4,-6.21,-3.25,-1.37,-3.73,10.0,2.96,14.0,0.4,0.5,0.4,1008.98,1011.5,1013.5,1011.3,9.0,2.53,14.0,0.3,0.5,0.3,0.9,3.5,7.0,3.8,10.0,2.8,14.0,0.4,0.5,0.4,-94.0,-62.3,-24.0,-57.1,10.0,36.3,14.0,0.4,0.5,0.4,-48.8,-22.8,-10.9,-32.9,10.0,37.0,14.0,0.4,0.5,0.4,-0.44,0.65,1.69,0.7,8.0,1.19,14.0,0.4,0.5,0.3,-4.6,7.1,12.5,4.5,8.0,8.5,14.0,0.4,0.5,0.3,3.51,5.09,5.83,5.16,8.0,1.73,14.0,0.4,0.5,0.3,29.8,40.0,59.4,42.8,8.0,14.5,14.0,0.4,0.5,0.3,-226.0,-197.6,-91.1,-161.9,10.0,85.3,14.0,0.4,0.5,0.4,-157.4,-84.5,-34.7,-95.8,10.0,76.9,14.0,0.4,0.5,0.4,-141.2,-136.7,-85.3,-112.1,8.0,56.1,14.0,0.4,0.5,0.3,-89.3,-38.7,-23.8,-55.5,8.0,54.9,14.0,0.4,0.5,0.3,-49.5,-36.1,-25.9,-34.3,8.0,19.0,14.0,0.4,0.5,0.3,-28.2,-17.2,-4.6,-17.7,8.0,15.3,14.0,0.4,0.5,0.3,178.0,551.5,969.0,676.5,10.0,597.5,14.0,0.4,0.5,0.4,180.0,550.0,970.0,675.0,10.0,600.0,14.0,0.4,0.5,0.4
1974,2,142.0,17.0,25.04,27.0,28.0,26.69,17.0,1.45,14.0,0.6,0.4,0.4,24.82,25.75,26.79,25.82,18.0,1.79,14.0,0.6,0.4,0.4,14.71,15.99,17.09,16.25,18.0,2.08,14.0,0.6,0.4,0.4,70.8,78.5,81.5,78.3,18.0,7.6,14.0,0.6,0.4,7.7,8.45,11.3,9.14,18.0,2.64,14.0,0.6,0.4,0.4,-9.79,-7.7,-2.98,-7.02,18.0,3.13,14.0,0.6,0.4,0.4,-7.76,-2.8,0.0,-3.53,18.0,4.49,14.0,0.6,0.4,0.4,1011.05,1012.8,1014.89,1012.89,18.0,2.16,14.0,0.6,0.4,0.4,1.0,3.0,6.3,3.5,18.0,2.5,14.0,0.6,0.4,0.4,-107.4,-63.2,-34.1,-67.1,18.0,39.7,14.0,0.6,0.4,0.4,-81.3,-23.0,0.0,-38.8,18.0,55.7,14.0,0.6,0.4,0.4,-0.5,1.0,2.91,0.91,17.0,2.27,14.0,0.6,0.4,0.4,-4.3,10.3,30.1,11.8,17.0,21.3,14.0,0.6,0.4,0.4,3.26,6.53,8.4,5.71,17.0,2.84,14.0,0.6,0.4,0.4,17.7,55.8,86.2,55.0,17.0,34.5,14.0,0.6,0.4,0.4,-245.6,-201.4,-69.8,-182.6,18.0,82.6,14.0,0.6,0.4,0.4,-195.1,-72.9,0.0,-87.8,18.0,107.7,14.0,0.6,0.4,0.4,-173.1,-123.2,-41.7,-114.9,18.0,55.1,14.0,0.6,0.4,0.4,-124.2,-41.2,0.0,-55.9,18.0,68.8,14.0,0.6,0.4,0.4,-73.1,-37.1,-5.4,-39.3,17.0,29.3,14.0,0.6,0.4,0.4,-50.1,-15.1,0.2,-24.5,17.0,35.6,14.0,0.6,0.4,0.4,456.5,605.0,1443.0,943.0,18.0,781.5,14.0,0.6,0.4,0.4,455.0,605.0,1445.0,945.0,18.0,780.0,14.0,0.6,0.4,0.4
1974,2,142.0,18.0,25.11,26.9,27.89,26.6,15.0,1.24,12.0,0.7,0.5,0.4,23.69,25.0,27.01,25.29,16.0,1.98,12.0,0.7,0.5,0.5,14.56,15.41,16.57,15.41,16.0,1.45,12.0,0.7,0.5,0.5,67.5,76.0,83.6,77.1,16.0,9.8,12.0,0.7,0.5,6.39,8.2,11.23,8.22,16.0,3.63,12.0,0.7,0.5,0.5,-10.79,-6.05,0.0,-5.3,16.0,5.16,12.0,0.7,0.5,0.5,-6.84,-4.07,1.42,-2.71,16.0,4.57,12.0,0.7,0.5,0.5,1012.19,1013.3,1015.0,1013.19,16.0,2.09,12.0,0.7,0.5,0.5,2.0,4.5,7.9,4.6,14.0,2.6,12.0,0.7,0.5,0.4,-121.4,-40.5,0.0,-54.6,16.0,63.3,12.0,0.7,0.5,0.5,-62.0,-34.9,9.5,-27.4,16.0,43.2,12.0,0.7,0.5,0.5,-0.39,1.5,3.0,1.34,15.0,1.79,12.0,0.7,0.5,0.4,-2.4,8.7,32.6,11.8,15.0,19.2,12.0,0.7,0.5,0.4,4.81,6.81,8.14,6.42,15.0,2.33,12.0,0.7,0.5,0.4,16.3,47.1,92.6,55.0,15.0,39.6,12.0,0.7,0.5,0.4,-283.1,-162.4,0.0,-135.9,16.0,131.9,12.0,0.7,0.5,0.5,-165.7,-104.2,36.5,-64.8,16.0,112.2,12.0,0.7,0.5,0.5,-164.4,-95.1,0.0,-80.8,16.0,78.3,12.0,0.7,0.5,0.5,-101.3,-61.5,22.1,-39.1,16.0,69.3,12.0,0.7,0.5,0.5,-86.1,-20.2,0.0,-36.5,15.0,44.2,12.0,0.7,0.5,0.4,-50.5,-11.6,0.0,-21.0,15.0,31.0,12.0,0.7,0.5,0.4,262.0,551.5,1433.5,835.0,16.0,796.0,12.0,0.7,0.5,0.5,260.0,550.0,1435.0,835.0,16.0,795.0,12.0,0.7,0.5,0.5
1974,2,142.0,19.0,25.0,25.75,27.47,25.94,14.0,1.23,12.0,0.6,0.2,0.5,22.19,24.6,25.81,24.26,16.0,1.9,10.0,0.5,0.2,0.5,13.0,14.6,15.57,14.4,16.0,1.38,10.0,0.5,0.2,0.5,70.2,76.4,80.1,76.4,16.0,6.6,10.0,0.5,0.5,5.52,8.2,10.11,7.94,16.0,2.48,10.0,0.5,0.2,0.5,-9.2,-4.96,1.05,-4.04,16.0,4.82,10.0,0.5,0.2,0.5,-7.23,-3.75,-0.6,-3.8,16.0,4.16,10.0,0.5,0.2,0.5,1011.08,1013.5,1015.12,1013.34,16.0,1.79,10.0,0.5,0.2,0.5,4.0,6.0,7.8,5.5,15.0,2.5,10.0,0.5,0.3,0.5,-94.7,-28.0,8.1,-37.8,16.0,49.3,10.0,0.5,0.2,0.5,-77.5,-30.4,-2.8,-32.4,16.0,39.2,10.0,0.5,0.2,0.5,0.53,1.5,2.97,1.39,14.0,1.91,12.0,0.6,0.2,0.5,3.6,8.7,29.4,11.7,14.0,20.9,12.0,0.6,0.2,0.5,4.34,6.97,7.72,6.33,14.0,1.88,12.0,0.6,0.2,0.5,32.3,42.8,75.1,51.5,14.0,25.1,12.0,0.6,0.2,0.5,-224.3,-121.4,23.2,-101.6,16.0,120.9,10.0,0.5,0.2,0.5,-169.1,-99.1,-14.7,-87.6,16.0,99.3,10.0,0.5,0.2,0.5,-125.9,-67.6,15.9,-59.3,16.0,72.3,10.0,0.5,0.2,0.5,-102.6,-60.5,-8.4,-53.8,16.0,59.0,10.0,0.5,0.2,0.5,-59.9,-27.5,0.0,-28.2,14.0,32.9,12.0,0.6,0.2,0.5,-41.3,-18.2,-0.5,-20.2,14.0,33.2,12.0,0.6,0.2,0.5,173.0,551.5,1035.0,637.0,16.0,510.0,10.0,0.5,0.2,0.5,175.0,550.0,1035.0,635.0,16.0,510.0,10.0,0.5,0.2,0.5
1974,2,142.0,20.0,23.81,25.2,27.47,25.27,14.0,1.76,12.0,0.6,0.5,0.4,20.91,22.0,22.99,21.94,14.0,1.45,12.0,0.6,0.5,0.4,9.75,13.55,14.89,12.54,13.0,2.96,12.0,0.6,0.5,0.4,60.0,77.0,87.0,75.8,13.0,14.0,12.0,0.6,0.4,6.2,7.95,9.3,8.2,14.0,2.15,12.0,0.6,0.5,0.4,-8.17,-5.37,-1.69,-5.17,14.0,3.02,12.0,0.6,0.5,0.4,-9.12,-4.34,0.0,-4.06,14.0,4.63,12.0,0.6,0.5,0.4,1011.52,1014.35,1017.09,1013.84,14.0,4.19,12.0,0.6,0.5,0.4,2.1,6.0,7.0,5.1,14.0,2.5,12.0,0.6,0.5,0.4,-66.7,-33.8,-15.4,-44.0,14.0,35.9,12.0,0.6,0.5,0.4,-84.5,-26.9,0.0,-36.3,14.0,48.4,12.0,0.6,0.5,0.4,2.53,3.25,4.37,3.33,14.0,1.36,12.0,0.6,0.5,0.4,17.7,24.7,47.1,28.3,14.0,16.2,12.0,0.6,0.5,0.4,5.78,7.41,9.9,7.64,13.0,2.36,12.0,0.6,0.5,0.4,48.6,65.7,80.8,62.6,13.0,19.1,12.0,0.6,0.5,0.4,-181.4,-118.1,-35.7,-113.4,14.0,67.3,12.0,0.6,0.5,0.4,-191.5,-101.2,0.0,-87.1,14.0,99.6,12.0,0.6,0.5,0.4,-116.8,-60.8,-16.7,-67.2,13.0,50.5,12.0,0.6,0.5,0.4,-99.1,-63.0,0.0,-54.4,13.0,57.5,12.0,0.6,0.5,0.4,-63.8,-42.3,-13.1,-37.8,13.0,24.9,12.0,0.6,0.5,0.4,-75.5,-32.9,0.0,-34.6,13.0,33.8,12.0,0.6,0.5,0.4,238.5,504.0,804.5,666.5,14.0,601.0,12.0,0.6,0.5,0.4,240.0,505.0,805.0,665.0,14.0,600.0,12.0,0.6,0.5,0.4
1974,2,142.0,21.0,23.32,23.95,25.07,24.38,8.0,1.6,12.0,0.4,0.5,0.5,20.01,20.75,22.89,21.26,8.0,1.48,12.0,0.4,0.5,0.5,10.59,12.19,14.89,12.48,8.0,2.87,12.0,0.4,0.5,0.5,71.9,74.6,91.7,78.9,8.0,14.0,12.0,0.4,0.5,4.1,7.2,10.9,7.0,8.0,3.16,12.0,0.4,0.5,0.5,-7.08,-5.3,-2.16,-4.5,8.0,2.58,12.0,0.4,0.5,0.5,-8.15,-3.09,2.92,-2.5,8.0,5.39,12.0,0.4,0.5,0.5,1011.78,1016.3,1019.68,1015.3,8.0,5.22,12.0,0.4,0.5,0.5,3.4,7.0,8.0,6.1,8.0,2.6,12.0,0.4,0.5,0.5,-62.9,-38.5,-8.5,-37.1,8.0,29.4,12.0,0.4,0.5,0.5,-89.2,-15.7,19.8,-24.2,8.0,54.2,12.0,0.4,0.5,0.5,1.5,3.1,4.09,3.11,8.0,2.25,12.0,0.4,0.5,0.5,5.2,14.8,33.6,24.4,8.0,27.1,12.0,0.4,0.5,0.5,3.22,7.14,9.46,6.59,8.0,3.74,12.0,0.4,0.5,0.5,20.0,30.8,79.9,48.4,8.0,44.5,12.0,0.4,0.5,0.5,-141.5,-114.8,-44.7,-95.8,8.0,53.3,12.0,0.4,0.5,0.5,-170.7,-61.8,64.1,-48.9,8.0,115.1,12.0,0.4,0.5,0.5,-85.3,-69.7,-19.2,-56.4,8.0,33.6,12.0,0.4,0.5,0.5,-92.3,-28.2,44.2,-21.4,8.0,71.0,12.0,0.4,0.5,0.5,-56.5,-20.6,-3.3,-29.9,8.0,26.3,12.0,0.4,0.5,0.5,-59.8,-21.4,1.3,-31.5,8.0,42.6,12.0,0.4,0.5,0.5,69.0,378.5,1333.5,533.5,8.0,586.0,12.0,0.4,0.5,0.5,70.0,380.0,1335.0,535.0,8.0,585.0,12.0,0.4,0.5,0.5
1974,2,142.0,22.0,22.0,24.05,25.0,23.4,10.0,1.7,12.0,0.2,0.4,0.4,19.47,20.0,23.9,21.43,11.0,2.21,12.0,0.2,0.4,0.4,7.74,13.19,16.2,12.59,9.0,4.04,12.0,0.2,0.4,0.4,54.0,85.8,93.3,77.5,9.0,19.5,12.0,0.2,0.4,4.07,6.2,8.7,6.17,11.0,2.91,12.0,0.2,0.4,0.4,-7.79,-5.83,0.0,-4.54,11.0,3.7,12.0,0.2,0.4,0.4,-3.58,0.0,3.16,-0.32,11.0,3.72,12.0,0.2,0.4,0.4,1010.79,1016.3,1018.27,1014.61,11.0,5.01,12.0,0.2,0.4,0.4,1.4,5.5,7.1,4.8,10.0,2.6,12.0,0.2,0.4,0.5,-64.8,-36.1,0.0,-35.9,11.0,35.1,12.0,0.2,0.4,0.4,-23.5,0.0,21.6,0.2,11.0,25.4,12.0,0.2,0.4,0.4,-0.29,2.55,4.46,2.13,10.0,2.75,12.0,0.2,0.4,0.4,-1.9,13.1,30.7,12.2,10.0,20.8,12.0,0.2,0.4,0.4,0.52,6.77,11.05,5.51,9.0,5.04,12.0,0.2,0.4,0.4,0.0,12.8,67.3,28.3,9.0,34.8,12.0,0.2,0.4,0.4,-159.3,-115.4,0.0,-96.6,11.0,82.0,12.0,0.2,0.4,0.4,-71.4,0.0,69.7,-4.9,11.0,75.8,12.0,0.2,0.4,0.4,-116.8,-38.8,-5.2,-63.5,9.0,62.3,12.0,0.2,0.4,0.4,-32.1,-14.1,16.0,-14.0,9.0,32.7,12.0,0.2,0.4,0.4,-51.4,-5.8,0.0,-18.3,9.0,29.7,12.0,0.2,0.4,0.4,-40.3,-4.8,0.0,-17.8,9.0,22.3,12.0,0.2,0.4,0.4,85.0,238.5,658.5,361.5,11.0,329.5,12.0,0.2,0.4,0.4,85.0,240.0,660.0,360.0,11.0,330.0,12.0,0.2,0.4,0.4
1974,2,142.0,23.0,21.49,24.0,25.0,23.62,10.0,1.8,14.0,0.7,0.4,0.6,18.54,19.25,24.1,20.84,10.0,2.81,14.0,0.7,0.4,0.6,7.69,9.89,15.17,11.0,10.0,3.83,14.0,0.7,0.4,0.6,57.8,69.3,82.4,69.9,10.0,12.4,14.0,0.7,0.6,5.0,7.45,8.2,6.99,10.0,2.38,14.0,0.7,0.4,0.6,-4.69,0.36,3.13,-0.2,10.0,4.57,14.0,0.7,0.4,0.6,-7.99,-4.39,0.0,-3.55,10.0,5.0,14.0,0.7,0.4,0.6,1013.13,1018.65,1020.47,1017.73,10.0,4.11,14.0,0.7,0.4,0.6,2.3,5.0,7.0,4.7,9.0,2.2,16.0,0.7,0.4,0.6,-42.3,1.5,18.5,-7.0,10.0,38.9,14.0,0.7,0.4,0.6,-63.8,-23.0,0.0,-28.2,10.0,43.2,14.0,0.7,0.4,0.6,1.27,3.0,5.36,2.78,10.0,3.09,14.0,0.7,0.4,0.6,5.9,20.4,40.5,21.0,10.0,26.4,14.0,0.7,0.4,0.6,5.06,7.91,10.27,7.19,10.0,3.96,14.0,0.7,0.4,0.6,21.2,52.3,72.5,50.9,10.0,36.7,14.0,0.7,0.4,0.6,-92.6,6.7,60.9,-0.7,10.0,95.3,14.0,0.7,0.4,0.6,-155.4,-81.6,0.0,-65.5,10.0,109.0,14.0,0.7,0.4,0.6,-46.0,2.4,25.2,2.4,10.0,53.3,14.0,0.7,0.4,0.6,-76.8,-29.9,0.0,-28.0,10.0,63.9,14.0,0.7,0.4,0.6,-44.5,5.5,21.2,-5.9,10.0,40.0,14.0,0.7,0.4,0.6,-62.5,-45.3,-4.5,-38.2,10.0,31.0,14.0,0.7,0.4,0.6,141.5,415.0,551.5,446.0,10.0,396.0,14.0,0.7,0.4,0.6,140.0,415.0,550.0,445.0,10.0,395.0,14.0,0.7,0.4,0.6
1974,2,142.0,24.0,21.78,22.3,23.32,22.55,13.0,1.03,12.0,0.6,0.4,0.5,18.13,19.0,20.87,19.62,15.0,1.71,12.0,0.5,0.4,0.5,7.55,9.85,10.59,9.66,12.0,2.34,12.0,0.7,0.4,0.5,56.2,69.2,75.4,67.3,12.0,10.0,12.0,0.7,0.5,5.34,7.7,11.69,8.39,15.0,2.88,12.0,0.5,0.4,0.5,-8.17,-1.08,2.31,-1.59,15.0,5.31,12.0,0.5,0.4,0.5,-8.55,-7.24,-1.03,-5.43,15.0,4.61,12.0,0.5,0.4,0.5,1011.83,1019.5,1022.6,1017.33,15.0,5.04,12.0,0.5,0.4,0.5,3.0,5.0,7.8,5.2,15.0,2.1,12.0,0.5,0.4,0.5,-88.8,-6.7,18.3,-17.6,15.0,59.8,12.0,0.5,0.4,0.5,-93.5,-59.3,-5.7,-53.9,15.0,43.1,12.0,0.5,0.4,0.5,1.69,3.2,4.04,2.91,13.0,2.32,12.0,0.6,0.4,0.5,9.7,28.5,45.4,26.1,13.0,20.5,12.0,0.6,0.4,0.5,6.23,7.82,8.55,7.37,12.0,2.86,12.0,0.7,0.4,0.5,49.8,72.5,93.5,68.8,12.0,29.3,12.0,0.7,0.4,0.5,-155.1,-25.8,47.7,-29.8,15.0,104.4,12.0,0.5,0.4,0.5,-164.0,-138.0,-19.2,-104.2,15.0,96.5,12.0,0.5,0.4,0.5,-90.2,-8.3,20.4,-17.9,12.0,54.3,12.0,0.7,0.4,0.5,-85.7,-70.4,-47.8,-57.5,12.0,51.9,12.0,0.7,0.4,0.5,-60.1,0.0,16.3,-13.0,12.0,41.5,12.0,0.7,0.4,0.5,-74.4,-56.1,-46.1,-56.8,12.0,24.6,12.0,0.7,0.4,0.5,156.0,456.5,1598.5,784.0,15.0,664.0,12.0,0.5,0.4,0.5,155.0,455.0,1600.0,785.0,15.0,665.0,12.0,0.5,0.4,0.5
1974,2,142.0,25.0,20.9,21.85,23.29,22.05,10.0,1.36,18.0,0.7,0.3,0.4,17.0,20.85,23.36,20.31,10.0,2.9,18.0,0.7,0.3,0.4,7.18,12.25,16.13,11.77,10.0,4.21,18.0,0.7,0.3,0.4,57.9,80.1,90.8,76.6,10.0,15.7,18.0,0.7,0.4,4.53,7.95,9.87,7.3,10.0,2.66,18.0,0.7,0.3,0.4,-5.4,3.16,5.03,0.43,10.0,5.31,18.0,0.7,0.3,0.4,-6.53,-1.02,5.63,-1.09,10.0,6.04,18.0,0.7,0.3,0.4,1010.63,1019.2,1021.96,1017.21,10.0,5.13,18.0,0.7,0.3,0.4,3.4,4.5,6.0,4.6,10.0,1.5,18.0,0.7,0.3,0.4,-49.0,18.8,32.8,-1.8,10.0,45.6,18.0,0.7,0.3,0.4,-66.7,-4.2,43.1,-12.6,10.0,55.7,18.0,0.7,0.3,0.4,-1.29,0.9,5.19,1.74,10.0,3.36,18.0,0.7,0.3,0.4,-9.7,2.8,43.1,14.2,10.0,30.8,18.0,0.7,0.3,0.4,0.14,3.96,9.48,4.73,10.0,4.35,18.0,0.7,0.3,0.4,2.0,25.0,81.9,36.3,10.0,39.0,18.0,0.7,0.3,0.4,-99.8,59.8,107.5,9.2,10.0,104.8,18.0,0.7,0.3,0.4,-122.9,-17.2,132.8,-8.5,10.0,125.6,18.0,0.7,0.3,0.4,-53.1,27.0,57.9,5.4,10.0,59.4,18.0,0.7,0.3,0.4,-61.7,-6.3,85.7,4.8,10.0,76.5,18.0,0.7,0.3,0.4,-23.5,2.2,33.7,1.6,10.0,35.2,18.0,0.7,0.3,0.4,-52.6,-11.5,2.5,-23.6,10.0,33.5,18.0,0.7,0.3,0.4,96.0,504.0,969.0,524.0,10.0,433.0,18.0,0.7,0.3,0.4,95.0,505.0,970.0,525.0,10.0,435.0,18.0,0.7,0.3,0.4
1974,2,142.0,26.0,18.96,20.0,21.78,20.6,8.0,2.42,10.0,0.9,0.4,0.3,17.82,19.0,20.89,19.0,8.0,1.74,10.0,0.9,0.4,0.3,7.94,11.17,12.79,10.89,8.0,2.82,10.0,0.9,0.4,0.3,69.2,80.0,87.6,78.6,8.0,13.2,10.0,0.9,0.3,4.16,5.4,9.01,5.85,8.0,2.73,10.0,0.9,0.4,0.3,-2.5,3.8,6.44,1.9,8.0,5.28,10.0,0.9,0.4,0.3,-4.48,-1.04,3.26,-1.08,8.0,3.65,10.0,0.9,0.4,0.3,1008.53,1014.15,1021.01,1014.56,8.0,6.61,10.0,0.9,0.4,0.3,4.0,7.0,7.0,5.8,8.0,2.1,10.0,0.9,0.4,0.3,-9.8,18.3,42.7,11.8,8.0,43.6,10.0,0.9,0.4,0.3,-39.9,-4.0,17.7,-10.6,8.0,28.9,10.0,0.9,0.4,0.3,-1.0,0.55,3.91,1.6,8.0,3.28,10.0,0.9,0.4,0.3,-5.6,0.8,34.5,13.8,8.0,30.1,10.0,0.9,0.4,0.3,0.64,3.37,8.95,4.32,8.0,4.06,10.0,0.9,0.4,0.3,3.2,12.3,79.7,30.3,8.0,40.8,10.0,0.9,0.4,0.3,-40.7,78.2,129.3,40.5,8.0,98.2,10.0,0.9,0.4,0.3,-80.1,-21.1,68.4,-16.9,8.0,69.0,10.0,0.9,0.4,0.3,-19.7,46.0,66.6,24.0,8.0,55.6,10.0,0.9,0.4,0.3,-31.9,-12.0,41.7,-5.3,8.0,40.6,10.0,0.9,0.4,0.3,-15.1,-0.7,10.4,-1.0,8.0,41.9,10.0,0.9,0.4,0.3,-40.6,-3.6,-0.2,-16.0,8.0,25.9,10.0,0.9,0.4,0.3,72.0,159.0,748.5,316.5,8.0,356.0,10.0,0.9,0.4,0.3,70.0,160.0,750.0,315.0,8.0,355.0,10.0,0.9,0.4,0.3
1974,2,142.0,27.0,19.38,20.15,21.29,20.33,4.0,1.27,12.0,0.5,0.6,0.2,15.21,17.0,19.55,17.24,5.0,2.69,10.0,0.4,0.6,0.2,8.06,9.1,11.21,9.54,5.0,2.02,10.0,0.4,0.6,0.2,71.2,77.6,85.7,78.0,5.0,10.4,10.0,0.4,0.2,4.6,5.1,7.88,6.26,5.0,2.62,10.0,0.4,0.6,0.2,-3.89,-2.55,1.73,-1.17,5.0,3.71,10.0,0.4,0.6,0.2,-6.75,-3.99,1.59,-3.09,5.0,5.33,10.0,0.4,0.6,0.2,1017.17,1017.5,1020.83,1018.76,5.0,2.28,10.0,0.4,0.6,0.2,3.0,5.0,7.5,5.3,4.0,2.6,8.0,0.3,0.7,0.2,-17.9,-13.0,10.8,-4.1,5.0,20.3,10.0,0.4,0.6,0.2,-58.3,-22.5,7.3,-29.3,5.0,51.5,10.0,0.4,0.6,0.2,0.0,1.8,6.17,3.03,4.0,4.03,12.0,0.5,0.6,0.2,0.0,8.3,56.0,27.1,4.0,43.8,12.0,0.5,0.6,0.2,2.81,5.13,7.48,5.14,4.0,2.7,12.0,0.5,0.6,0.2,15.0,24.5,59.5,36.7,4.0,32.4,12.0,0.5,0.6,0.2,-69.3,-43.3,35.6,-17.3,5.0,70.2,10.0,0.4,0.6,0.2,-105.1,-75.1,28.7,-46.7,5.0,80.6,10.0,0.4,0.6,0.2,-33.8,-23.2,21.5,-6.7,5.0,39.3,10.0,0.4,0.6,0.2,-65.4,-40.2,14.9,-29.2,5.0,48.8,10.0,0.4,0.6,0.2,-22.2,-5.4,6.4,-7.8,4.0,19.0,12.0,0.5,0.6,0.2,-48.7,-2.3,7.5,-19.8,4.0,43.4,12.0,0.5,0.6,0.2,97.5,132.5,611.5,365.0,5.0,503.5,10.0,0.4,0.6,0.2,95.0,135.0,610.0,365.0,5.0,505.0,10.0,0.4,0.6,0.2
1974,2,142.0,28.0,17.0,18.95,20.29,18.85,10.0,1.86,12.0,0.5,0.5,0.5,13.93,15.5,18.8,16.11,10.0,2.22,12.0,0.5,0.5,0.5,6.97,7.65,9.47,8.14,10.0,1.73,12.0,0.5,0.5,0.5,64.0,71.0,79.8,71.6,10.0,10.7,12.0,0.5,0.5,5.57,6.7,9.76,7.3,10.0,2.48,12.0,0.5,0.5,0.5,-3.58,2.99,6.37,2.24,10.0,5.18,12.0,0.5,0.5,0.5,-5.69,-3.27,2.88,-1.33,10.0,5.56,12.0,0.5,0.5,0.5,1016.43,1019.8,1022.4,1019.58,10.0,3.27,12.0,0.5,0.5,0.5,2.0,6.5,8.0,5.3,10.0,3.1,12.0,0.5,0.5,0.5,-20.5,14.5,47.7,21.1,10.0,47.3,12.0,0.5,0.5,0.5,-44.2,-18.9,16.6,-6.2,10.0,52.7,12.0,0.5,0.5,0.5,0.21,2.45,5.07,2.74,10.0,2.77,12.0,0.5,0.5,0.5,1.3,11.2,44.7,19.1,10.0,20.7,12.0,0.5,0.5,0.5,3.75,4.98,6.86,5.38,10.0,1.78,12.0,0.5,0.5,0.5,28.1,34.4,51.1,38.8,10.0,16.3,12.0,0.5,0.5,0.5,-54.2,48.7,103.1,31.8,10.0,80.5,12.0,0.5,0.5,0.5,-82.6,-46.4,55.2,-12.0,10.0,97.8,12.0,0.5,0.5,0.5,-21.8,26.0,51.6,18.1,10.0,38.2,12.0,0.5,0.5,0.5,-46.2,-20.2,27.3,-6.1,10.0,50.0,12.0,0.5,0.5,0.5,-18.7,15.8,32.5,12.0,10.0,29.6,12.0,0.5,0.5,0.5,-26.4,-20.5,14.6,-10.2,10.0,28.1,12.0,0.5,0.5,0.5,178.0,306.0,1020.5,520.5,10.0,553.0,12.0,0.5,0.5,0.5,180.0,305.0,1020.0,520.0,10.0,555.0,12.0,0.5,0.5,0.5
1974,2,142.0,29.0,17.27,18.3,19.73,18.49,9.0,1.52,12.0,0.6,0.3,0.5,12.13,13.5,18.12,14.51,9.0,2.84,12.0,0.6,0.3,0.5,6.42,7.07,10.48,7.96,9.0,2.35,12.0,0.6,0.3,0.5,69.9,74.0,82.0,75.7,9.0,7.1,12.0,0.6,0.5,6.5,11.3,16.07,11.71,9.0,4.82,12.0,0.6,0.3,0.5,-6.13,4.42,15.13,4.78,9.0,10.29,12.0,0.6,0.3,0.5,-7.63,-3.4,-0.47,-2.76,9.0,6.11,12.0,0.6,0.3,0.5,1007.0,1018.5,1019.81,1013.41,9.0,7.14,12.0,0.6,0.3,0.5,3.8,7.0,8.0,6.3,9.0,2.3,12.0,0.6,0.3,0.5,-56.4,22.5,244.7,88.0,9.0,161.0,12.0,0.6,0.3,0.5,-79.6,-47.6,-2.4,-34.2,9.0,75.3,12.0,0.6,0.3,0.5,2.42,3.5,6.0,3.98,9.0,2.42,12.0,0.6,0.3,0.5,12.3,52.2,90.4,50.9,9.0,41.7,12.0,0.6,0.3,0.5,4.41,5.6,6.87,5.31,9.0,2.03,12.0,0.6,0.3,0.5,23.9,68.1,104.9,64.2,9.0,40.5,12.0,0.6,0.3,0.5,-86.0,83.5,185.0,59.1,9.0,130.7,12.0,0.6,0.3,0.5,-102.1,-48.2,-7.5,-30.1,9.0,100.3,12.0,0.6,0.3,0.5,-44.5,50.4,91.5,30.4,9.0,68.0,12.0,0.6,0.3,0.5,-54.3,-26.6,-3.8,-13.3,9.0,61.5,12.0,0.6,0.3,0.5,-43.0,19.2,100.3,27.2,9.0,66.2,12.0,0.6,0.3,0.5,-44.1,-21.6,-2.6,-22.6,9.0,22.1,12.0,0.6,0.3,0.5,391.5,1443.0,4173.0,2337.0,9.0,2404.5,12.0,0.6,0.3,0.5,390.0,1445.0,4175.0,2335.0,9.0,2405.0,12.0,0.6,0.3,0.5
1974,2,142.0,30.0,17.04,17.4,18.0,17.43,15.0,0.5,12.0,0.6,0.4,0.3,14.68,17.0,17.6,16.49,16.0,1.8,12.0,0.6,0.4,0.2,6.7,10.47,11.38,9.53,11.0,2.45,14.0,0.7,0.4,0.3,63.0,83.4,93.1,79.8,11.0,13.7,14.0,0.7,0.3,5.1,9.3,14.2,10.43,13.0,4.56,12.0,0.7,0.4,0.3,-2.1,3.91,12.49,4.44,13.0,8.25,12.0,0.7,0.4,0.3,-8.48,-1.39,4.48,-1.76,13.0,6.77,12.0,0.7,0.4,0.3,1003.7,1011.2,1020.53,1011.81,13.0,7.57,12.0,0.7,0.4,0.3,3.1,8.0,8.0,6.5,15.0,2.5,12.0,0.6,0.4,0.3,-19.1,25.0,178.5,72.4,13.0,129.6,12.0,0.7,0.4,0.3,-108.3,-11.1,22.4,-29.7,13.0,72.2,12.0,0.7,0.4,0.3,-0.2,0.2,2.78,1.01,15.0,1.55,12.0,0.6,0.4,0.3,-3.3,15.5,38.2,15.8,12.0,20.5,12.0,0.8,0.4,0.3,0.97,2.57,5.48,3.02,10.0,2.3,12.0,0.8,0.4,0.3,5.6,25.4,68.3,33.5,10.0,32.4,12.0,0.8,0.4,0.3,-39.8,65.3,167.9,64.8,13.0,134.6,12.0,0.7,0.4,0.3,-120.6,-23.6,77.4,-22.5,13.0,112.8,12.0,0.7,0.4,0.3,-41.0,19.5,50.6,14.9,11.0,67.1,14.0,0.7,0.4,0.3,-64.2,-4.7,67.7,-1.3,11.0,71.2,14.0,0.7,0.4,0.3,-4.4,3.0,45.8,19.5,10.0,34.0,12.0,0.8,0.4,0.3,-42.0,-3.4,2.5,-14.0,10.0,22.4,12.0,0.8,0.4,0.3,132.5,804.5,2898.5,1765.0,13.0,2041.5,12.0,0.7,0.4,0.3,135.0,805.0,2900.0,1765.0,13.0,2040.0,12.0,0.7,0.4,0.3
1974,2,142.0,31.0,17.0,17.5,17.8,17.36,15.0,0.81,12.0,0.5,0.4,0.5,12.19,14.0,16.39,14.04,15.0,2.04,12.0,0.5,0.4,0.5,5.43,6.66,9.4,7.11,15.0,1.84,12.0,0.5,0.4,0.5,60.9,69.4,79.1,70.4,15.0,9.5,12.0,0.5,0.5,6.81,12.3,14.7,10.95,15.0,4.94,12.0,0.5,0.4,0.5,-3.97,4.21,10.09,4.79,15.0,7.34,12.0,0.5,0.4,0.5,-12.23,-3.85,0.0,-4.1,15.0,7.53,12.0,0.5,0.4,0.5,1007.02,1016.5,1023.04,1015.08,15.0,7.99,12.0,0.5,0.4,0.5,3.2,7.0,8.0,6.2,15.0,2.2,12.0,0.5,0.4,0.5,-47.5,44.2,153.8,65.6,15.0,128.8,12.0,0.5,0.4,0.5,-178.7,-29.6,0.0,-63.0,15.0,102.5,12.0,0.5,0.4,0.5,1.18,3.3,5.11,3.32,15.0,1.93,12.0,0.5,0.4,0.5,9.7,30.7,64.3,36.3,15.0,27.4,12.0,0.5,0.4,0.5,3.15,5.23,6.77,5.19,15.0,1.67,12.0,0.5,0.4,0.5,23.1,48.6,91.6,56.7,15.0,31.8,12.0,0.5,0.4,0.5,-60.6,71.9,133.5,63.9,15.0,93.6,12.0,0.5,0.4,0.5,-174.8,-46.6,0.0,-51.0,15.0,111.8,12.0,0.5,0.4,0.5,-32.0,40.3,74.0,31.2,15.0,47.8,12.0,0.5,0.4,0.5,-86.2,-24.3,0.0,-24.9,15.0,57.7,12.0,0.5,0.4,0.5,-15.8,21.3,66.7,25.3,15.0,41.2,12.0,0.5,0.4,0.5,-65.4,-24.3,0.0,-25.2,15.0,37.3,12.0,0.5,0.4,0.5,317.0,1861.0,3183.0,2095.0,15.0,2555.5,12.0,0.5,0.4,0.5,315.0,1860.0,3185.0,2095.0,15.0,2555.0,12.0,0.5,0.4,0.5
1974,2,142.0,32.0,16.44,17.2,18.5,17.38,23.0,1.48,14.0,0.7,0.5,0.5,11.54,13.0,17.5,14.26,27.0,3.13,14.0,0.6,0.5,0.5,5.17,6.8,9.74,7.46,19.0,2.28,14.0,0.6,0.5,0.5,61.4,68.8,85.9,72.0,19.0,12.0,14.0,0.6,0.5,8.17,12.05,17.03,12.74,26.0,4.98,14.0,0.7,0.5,0.5,-8.12,6.93,15.6,4.35,26.0,10.69,14.0,0.7,0.5,0.5,-7.92,0.0,8.31,0.34,26.0,7.72,14.0,0.7,0.5,0.5,1010.25,1014.2,1019.46,1013.9,23.0,6.93,16.0,0.7,0.5,0.5,4.4,7.0,8.0,6.4,29.0,1.8,14.0,0.7,0.5,0.5,-87.4,53.5,271.9,77.6,26.0,195.4,14.0,0.7,0.5,0.5,-97.3,0.0,82.7,5.9,26.0,119.2,14.0,0.7,0.5,0.5,0.0,4.4,5.6,3.11,23.0,2.86,14.0,0.7,0.5,0.5,0.0,32.2,76.4,38.7,20.0,45.2,14.0,0.7,0.5,0.5,3.08,5.24,6.44,4.8,17.0,1.98,14.0,0.7,0.5,0.5,29.0,57.6,94.9,66.5,17.0,43.8,14.0,0.7,0.5,0.5,-124.7,108.6,172.3,60.8,24.0,154.1,14.0,0.7,0.5,0.5,-100.9,0.0,131.5,17.7,24.0,119.9,14.0,0.7,0.5,0.5,-60.6,52.9,109.8,32.7,19.0,79.4,14.0,0.6,0.5,0.5,-49.1,0.0,74.2,9.0,19.0,69.8,14.0,0.6,0.5,0.5,-45.2,17.9,85.5,16.7,17.0,72.0,14.0,0.7,0.5,0.5,-43.8,0.0,31.2,-7.5,17.0,32.9,14.0,0.7,0.5,0.5,545.5,1752.0,4943.0,3074.0,26.0,3954.5,14.0,0.7,0.5,0.5,545.0,1750.0,4945.0,3075.0,26.0,3955.0,14.0,0.7,0.5,0.5
1974,2,142.0,33.0,16.2,17.4,18.02,17.31,31.0,1.34,16.0,0.4,0.5,0.5,11.36,13.1,15.53,13.15,37.0,2.43,16.0,0.4,0.5,0.5,5.03,6.57,9.33,6.95,30.0,2.15,16.0,0.4,0.5,0.5,57.2,68.6,87.4,71.1,30.0,14.9,16.0,0.4,0.5,6.28,11.3,16.38,11.99,34.0,4.88,16.0,0.4,0.5,0.5,-6.59,1.74,11.74,1.78,34.0,8.75,16.0,0.4,0.5,0.5,-10.86,-5.13,4.44,-4.26,34.0,8.57,16.0,0.4,0.5,0.5,1003.32,1011.2,1022.48,1012.32,34.0,8.64,16.0,0.4,0.5,0.5,1.6,7.0,8.0,5.8,36.0,2.9,16.0,0.5,0.5,0.4,-73.4,8.9,202.0,29.8,34.0,134.2,16.0,0.4,0.5,0.5,-131.3,-41.2,49.2,-52.9,34.0,143.4,16.0,0.4,0.5,0.5,1.5,4.4,5.8,3.91,31.0,2.22,16.0,0.4,0.5,0.5,12.2,36.1,92.3,46.6,28.0,38.4,16.0,0.4,0.5,0.5,2.17,6.03,7.39,5.23,27.0,2.38,16.0,0.4,0.5,0.5,24.9,63.9,92.8,60.6,27.0,34.6,16.0,0.4,0.5,0.5,-79.5,23.7,167.6,23.6,34.0,111.6,16.0,0.4,0.5,0.5,-138.3,-67.4,58.8,-50.9,34.0,124.9,16.0,0.4,0.5,0.5,-42.1,17.0,85.8,15.4,30.0,62.3,16.0,0.4,0.5,0.5,-81.7,-28.0,29.6,-23.5,30.0,77.2,16.0,0.4,0.5,0.5,-40.7,4.5,54.1,3.4,27.0,52.7,16.0,0.4,0.5,0.5,-62.5,-19.5,21.8,-22.3,27.0,41.4,16.0,0.4,0.5,0.5,253.5,1451.5,4398.0,2544.5,34.0,2374.5,16.0,0.4,0.5,0.5,255.0,1450.0,4400.0,2545.0,34.0,2375.0,16.0,0.4,0.5,0.5
1974,2,142.0,34.0,14.44,16.0,17.69,15.65,29.0,2.38,12.0,0.5,0.3,0.5,8.07,10.6,15.26,11.07,41.0,3.56,12.0,0.5,0.3,0.5,4.52,5.82,8.6,6.56,27.0,2.27,12.0,0.4,0.4,0.5,60.0,76.7,89.8,75.7,27.0,13.4,12.0,0.4,0.5,6.22,10.8,15.4,11.52,39.0,5.15,12.0,0.5,0.3,0.5,-10.27,0.0,6.25,-0.31,39.0,8.48,12.0,0.5,0.3,0.5,-12.63,-4.65,5.25,-4.14,39.0,8.55,12.0,0.5,0.3,0.5,1001.02,1013.0,1020.68,1011.51,39.0,9.0,12.0,0.5,0.3,0.5,4.0,8.0,8.0,6.5,37.0,2.1,10.0,0.5,0.3,0.5,-116.6,0.0,74.8,3.1,39.0,145.1,12.0,0.5,0.3,0.5,-205.1,-36.1,56.0,-69.0,39.0,140.3,12.0,0.5,0.3,0.5,0.97,3.5,8.67,4.41,29.0,3.67,12.0,0.5,0.3,0.5,3.6,43.2,89.8,46.7,27.0,39.7,12.0,0.5,0.3,0.5,2.37,4.17,6.27,4.36,23.0,2.25,12.0,0.4,0.4,0.5,17.2,42.2,78.5,47.3,23.0,30.1,12.0,0.4,0.4,0.5,-112.9,0.0,71.6,-10.4,39.0,93.6,12.0,0.5,0.3,0.5,-121.7,-41.4,65.7,-29.9,39.0,100.3,12.0,0.5,0.3,0.5,-60.9,8.1,39.5,-2.6,27.0,55.4,12.0,0.4,0.4,0.5,-56.8,-19.2,47.1,-6.2,27.0,61.0,12.0,0.4,0.4,0.5,-40.1,0.0,19.8,-6.2,23.0,28.7,12.0,0.4,0.4,0.5,-69.0,-2.3,14.8,-19.7,23.0,44.5,12.0,0.4,0.4,0.5,240.0,1259.5,3652.5,2508.0,39.0,3453.0,12.0,0.5,0.3,0.5,240.0,1260.0,3650.0,2510.0,39.0,3455.0,12.0,0.5,0.3,0.5
1974,2,142.0,35.0,15.88,16.8,17.53,16.49,18.0,1.32,12.0,0.5,0.4,0.4,6.88,9.2,12.72,9.48,31.0,3.15,16.0,0.5,0.4,0.5,3.64,4.49,7.54,5.38,15.0,2.2,14.0,0.5,0.4,0.4,55.4,74.2,88.8,73.3,16.0,14.8,14.0,0.6,0.4,6.2,10.3,15.08,11.27,27.0,5.43,18.0,0.6,0.4,0.5,-8.44,-1.61,10.25,1.67,27.0,9.39,18.0,0.6,0.4,0.5,-9.07,-5.83,3.71,-3.9,27.0,7.38,18.0,0.6,0.4,0.5,1004.0,1011.0,1023.31,1011.59,27.0,10.9,18.0,0.6,0.4,0.5,5.8,8.0,8.0,7.0,31.0,1.7,16.0,0.5,0.4,0.5,-94.9,-15.0,124.8,51.8,27.0,177.8,18.0,0.6,0.4,0.5,-97.9,-36.3,46.0,-39.8,27.0,127.6,18.0,0.6,0.4,0.5,2.24,7.6,11.01,6.78,18.0,4.03,12.0,0.5,0.4,0.4,37.4,72.6,127.2,79.4,14.0,52.9,14.0,0.6,0.4,0.4,2.3,7.58,8.25,5.99,12.0,2.83,14.0,0.5,0.4,0.4,27.5,51.8,88.2,59.8,12.0,33.7,14.0,0.5,0.4,0.4,-76.8,-12.9,100.4,15.8,27.0,98.2,18.0,0.6,0.4,0.5,-72.3,-41.5,40.8,-19.2,27.0,82.8,18.0,0.6,0.4,0.5,-54.9,-12.5,46.1,-1.7,15.0,55.4,14.0,0.5,0.4,0.4,-56.3,-23.7,23.2,-12.5,15.0,59.0,14.0,0.5,0.4,0.4,-29.7,-19.7,50.3,2.1,12.0,46.7,14.0,0.5,0.4,0.4,-69.9,-43.2,12.1,-37.5,12.0,36.2,14.0,0.5,0.4,0.4,238.5,1092.5,3462.5,2595.0,27.0,4325.0,18.0,0.6,0.4,0.5,240.0,1095.0,3460.0,2595.0,27.0,4325.0,18.0,0.6,0.4,0.5
1974,2,142.0,36.0,10.35,15.0,17.7,14.5,21.0,3.57,12.0,0.5,0.4,0.4,4.8,7.2,11.0,8.0,23.0,3.58,12.0,0.5,0.4,0.4,3.96,5.08,7.4,5.63,16.0,2.21,14.0,0.4,0.5,0.4,71.9,76.4,87.0,79.0,16.0,8.4,14.0,0.4,0.4,6.45,11.3,17.25,12.07,23.0,6.39,14.0,0.5,0.4,0.4,-6.14,2.46,11.8,2.82,23.0,9.38,14.0,0.5,0.4,0.4,-13.59,-6.62,-0.97,-6.14,23.0,7.58,14.0,0.5,0.4,0.4,992.7,1013.1,1022.36,1009.06,25.0,12.51,14.0,0.6,0.4,0.4,4.0,7.0,8.0,6.3,25.0,2.1,14.0,0.6,0.4,0.4,-59.1,16.7,197.4,64.4,23.0,179.9,14.0,0.5,0.4,0.4,-212.9,-68.2,-2.0,-88.9,23.0,147.1,14.0,0.5,0.4,0.4,2.88,7.0,10.07,6.52,19.0,4.03,12.0,0.5,0.4,0.4,8.9,72.1,163.1,83.5,17.0,74.7,12.0,0.4,0.4,0.4,1.94,5.08,6.72,4.49,14.0,2.34,12.0,0.4,0.5,0.4,25.2,50.4,127.7,69.7,13.0,50.4,12.0,0.3,0.5,0.4,-44.9,8.5,115.8,21.2,21.0,90.1,12.0,0.5,0.5,0.4,-77.5,-43.6,-2.8,-28.6,21.0,76.1,12.0,0.5,0.5,0.4,-32.8,14.8,89.3,22.1,15.0,70.5,14.0,0.3,0.5,0.4,-65.4,-30.4,-2.2,-21.2,15.0,59.1,14.0,0.3,0.5,0.4,-47.0,14.2,97.8,18.1,13.0,63.6,12.0,0.3,0.5,0.4,-82.1,-26.3,0.7,-29.1,13.0,49.8,12.0,0.3,0.5,0.4,269.0,1443.0,5140.0,3263.0,23.0,4421.5,14.0,0.5,0.4,0.4,270.0,1445.0,5140.0,3265.0,23.0,4420.0,14.0,0.5,0.4,0.4
1974,2,142.0,37.0,7.79,12.0,14.26,11.57,7.0,5.02,14.0,0.7,0.6,0.3,4.19,7.3,10.33,7.1,8.0,3.14,12.0,0.5,0.5,0.2,5.4,5.73,6.06,5.73,2.0,0.69,20.0,0.5,0.7,0.5,86.3,87.3,87.8,87.0,3.0,1.1,16.0,0.7,0.4,5.0,8.7,11.76,8.9,9.0,4.47,14.0,0.6,0.5,0.3,0.1,5.9,7.82,4.83,9.0,5.18,14.0,0.6,0.5,0.3,-6.48,-2.07,7.1,-0.75,9.0,7.44,14.0,0.6,0.5,0.3,1011.13,1019.85,1024.8,1018.2,8.0,10.38,14.0,0.5,0.5,0.3,5.3,7.0,8.0,6.7,9.0,1.5,14.0,0.6,0.5,0.3,0.9,48.7,67.7,53.6,9.0,78.9,14.0,0.6,0.5,0.3,-57.3,-11.7,69.6,-8.9,9.0,95.6,14.0,0.6,0.5,0.3,0.19,4.75,8.8,4.53,6.0,5.14,14.0,0.7,0.5,0.2,1.9,28.3,54.1,26.0,6.0,30.4,14.0,0.7,0.5,0.2,0.01,0.58,1.14,0.58,2.0,1.17,20.0,0.5,0.7,0.5,0.2,4.8,9.4,4.8,2.0,9.5,20.0,0.5,0.7,0.5,-1.7,19.8,68.9,31.3,8.0,55.9,12.0,0.5,0.5,0.2,-23.6,-14.9,27.6,-5.8,8.0,68.2,12.0,0.5,0.5,0.2,34.0,40.5,47.1,40.5,2.0,13.6,20.0,0.5,0.7,0.5,-3.3,8.5,20.4,8.5,2.0,24.6,20.0,0.5,0.7,0.5,0.6,4.9,9.3,4.9,2.0,9.1,20.0,0.5,0.7,0.5,-1.9,-1.6,-1.4,-1.6,2.0,0.5,20.0,0.5,0.7,0.5,170.0,658.5,1654.0,1206.5,9.0,1654.0,14.0,0.6,0.5,0.3,170.0,660.0,1655.0,1205.0,9.0,1655.0,14.0,0.6,0.5,0.3
1974,2,142.0,38.0,2.4,7.0,9.17,6.22,22.0,3.3,14.0,0.5,0.2,0.5,0.65,2.55,5.4,2.73,24.0,2.61,14.0,0.5,0.3,0.5,2.66,4.32,4.39,3.68,5.0,0.95,22.0,0.4,0.4,0.4,63.3,71.5,80.3,71.8,5.0,9.4,22.0,0.4,0.4,3.49,7.7,12.36,8.47,23.0,4.64,14.0,0.5,0.3,0.5,-1.51,5.52,10.9,4.85,23.0,6.29,14.0,0.5,0.3,0.5,-7.7,-3.13,1.6,-2.69,23.0,4.98,14.0,0.5,0.3,0.5,1010.19,1015.5,1022.31,1015.92,23.0,6.62,14.0,0.5,0.3,0.5,0.3,6.0,8.0,4.7,21.0,3.1,14.0,0.5,0.3,0.5,-3.6,44.9,123.6,61.5,23.0,99.7,14.0,0.5,0.3,0.5,-88.0,-25.9,7.4,-27.6,23.0,56.6,14.0,0.5,0.3,0.5,-1.93,4.8,8.07,3.7,22.0,4.57,14.0,0.5,0.2,0.5,-10.1,25.8,82.0,37.5,21.0,54.9,12.0,0.5,0.2,0.5,0.13,0.39,1.7,0.82,5.0,0.83,22.0,0.4,0.4,0.4,1.4,2.0,12.7,6.0,5.0,6.2,22.0,0.4,0.4,0.4,-7.6,6.2,24.7,7.7,23.0,16.6,14.0,0.5,0.3,0.5,-17.3,-4.8,8.5,-1.8,23.0,22.9,14.0,0.5,0.3,0.5,11.2,19.0,28.6,19.1,5.0,10.3,22.0,0.4,0.4,0.4,-3.9,12.9,31.7,14.1,5.0,24.2,22.0,0.4,0.4,0.4,0.6,0.8,10.8,4.9,5.0,5.9,22.0,0.4,0.4,0.4,0.7,1.9,4.4,2.6,5.0,3.2,22.0,0.4,0.4,0.4,45.0,456.5,1899.0,1185.5,23.0,1783.5,14.0,0.5,0.3,0.5,45.0,455.0,1900.0,1185.0,23.0,1785.0,14.0,0.5,0.3,0.5
1974,2,142.0,39.0,1.81,6.0,8.5,5.72,46.0,3.34,14.0,0.6,0.2,0.4,0.0,2.0,5.44,2.31,49.0,2.86,16.0,0.6,0.2,0.4,3.53,3.64,3.89,3.71,5.0,0.22,16.0,0.6,0.6,0.4,74.6,80.8,83.5,79.1,5.0,5.8,16.0,0.6,0.4,3.1,7.0,9.8,6.67,46.0,3.47,16.0,0.7,0.2,0.4,-2.0,2.57,7.62,3.02,46.0,5.08,16.0,0.7,0.2,0.4,-6.03,-1.3,4.1,-1.02,46.0,4.61,16.0,0.7,0.2,0.4,1006.15,1016.8,1024.11,1016.16,48.0,7.18,16.0,0.6,0.2,0.4,1.0,5.0,8.0,4.4,46.0,3.0,14.0,0.6,0.3,0.4,-10.7,12.3,63.2,29.9,46.0,56.3,16.0,0.7,0.2,0.4,-47.1,-3.8,25.4,-10.5,46.0,42.4,16.0,0.7,0.2,0.4,-1.3,4.0,7.49,3.35,46.0,4.36,14.0,0.6,0.2,0.4,-4.2,20.0,55.5,27.2,43.0,38.4,14.0,0.6,0.2,0.4,0.69,0.73,1.4,1.08,5.0,0.83,16.0,0.6,0.6,0.4,4.2,4.9,10.4,7.2,5.0,5.1,16.0,0.6,0.6,0.4,-10.8,0.0,25.0,4.9,45.0,20.4,14.0,0.6,0.2,0.4,-9.7,0.0,13.5,1.1,45.0,15.3,14.0,0.6,0.2,0.4,0.5,18.0,28.6,14.8,5.0,16.5,16.0,0.6,0.6,0.4,-5.7,11.9,15.3,4.8,5.0,16.4,16.0,0.6,0.6,0.4,-1.3,3.7,5.5,2.2,5.0,4.7,16.0,0.6,0.6,0.4,-4.9,2.5,3.0,-1.1,5.0,7.8,16.0,0.6,0.6,0.4,30.0,343.0,941.0,545.0,46.0,758.5,16.0,0.7,0.2,0.4,30.0,345.0,940.0,545.0,46.0,760.0,16.0,0.7,0.2,0.4
1974,2,142.0,40.0,2.11,5.0,8.89,5.36,27.0,3.26,16.0,0.7,0.3,0.1,0.0,1.1,2.34,1.39,28.0,1.69,14.0,0.6,0.3,0.1,2.35,2.6,3.05,2.7,3.0,0.52,24.0,0.3,0.6,0.0,57.8,64.2,79.4,68.5,3.0,16.2,24.0,0.3,0.0,4.01,6.2,14.53,8.21,27.0,4.75,14.0,0.7,0.3,0.2,-0.93,1.7,8.86,3.27,27.0,4.99,14.0,0.7,0.3,0.2,-11.11,-3.46,3.89,-3.08,27.0,6.84,14.0,0.7,0.3,0.2,1010.46,1017.5,1022.61,1016.79,28.0,6.39,14.0,0.7,0.3,0.2,2.0,6.0,8.0,5.2,29.0,2.8,14.0,0.7,0.3,0.2,-2.9,12.3,110.5,41.5,27.0,70.6,14.0,0.7,0.3,0.2,-137.4,-16.8,16.5,-45.4,27.0,89.4,14.0,0.7,0.3,0.2,0.6,3.0,8.14,3.87,26.0,3.67,14.0,0.7,0.3,0.1,4.3,18.8,64.4,34.4,24.0,42.1,14.0,0.7,0.3,0.2,1.2,1.82,2.6,1.9,3.0,1.03,24.0,0.3,0.6,0.0,4.3,7.3,8.4,6.4,3.0,3.1,24.0,0.3,0.6,0.0,-0.1,0.0,13.2,3.6,26.0,7.6,14.0,0.7,0.3,0.2,-15.7,-1.3,4.2,-2.5,26.0,12.5,14.0,0.7,0.3,0.2,0.6,1.9,4.4,2.5,3.0,2.8,24.0,0.3,0.6,0.0,4.1,10.4,24.7,14.3,3.0,15.5,24.0,0.3,0.6,0.0,0.5,1.6,2.2,1.4,3.0,1.3,24.0,0.3,0.6,0.0,3.3,7.3,8.3,5.9,3.0,3.9,24.0,0.3,0.6,0.0,64.5,238.5,3108.5,1147.0,27.0,1627.5,14.0,0.7,0.3,0.2,65.0,240.0,3110.0,1145.0,27.0,1625.0,14.0,0.7,0.3,0.2
1974,2,142.0,41.0,0.47,3.0,6.02,3.28,63.0,2.66,14.0,0.5,0.4,0.7,-1.6,1.0,3.0,0.69,66.0,2.49,14.0,0.5,0.4,0.6,2.76,2.97,3.46,3.06,9.0,0.39,12.0,0.4,0.3,0.5,68.8,81.3,90.2,80.0,9.0,10.2,12.0,0.4,0.5,4.1,7.2,13.0,8.35,64.0,4.29,14.0,0.5,0.4,0.7,-5.52,3.23,10.22,2.39,64.0,7.39,14.0,0.5,0.4,0.7,-6.95,-1.54,1.55,-2.57,64.0,4.7,14.0,0.5,0.4,0.7,1004.94,1017.1,1022.2,1015.32,65.0,7.81,14.0,0.5,0.4,0.7,1.0,6.0,8.0,5.1,58.0,2.9,14.0,0.5,0.4,0.6,-39.7,16.8,116.6,24.8,64.0,93.4,14.0,0.5,0.4,0.7,-84.5,-10.3,6.3,-33.6,64.0,59.2,14.0,0.5,0.4,0.7,-0.5,2.2,5.73,2.44,62.0,3.28,14.0,0.5,0.4,0.7,-4.1,17.2,48.2,22.4,61.0,33.3,14.0,0.5,0.4,0.7,0.91,1.36,2.05,1.37,9.0,0.6,12.0,0.4,0.3,0.5,8.6,13.3,27.9,16.2,9.0,11.2,12.0,0.4,0.3,0.5,-17.9,0.0,12.9,0.1,64.0,18.6,14.0,0.5,0.4,0.7,-9.8,0.0,6.5,-0.8,64.0,11.6,14.0,0.5,0.4,0.7,-39.1,10.6,32.0,-2.8,9.0,34.3,12.0,0.4,0.3,0.5,-36.6,-14.6,1.8,-19.0,9.0,19.3,12.0,0.4,0.3,0.5,-23.9,1.6,11.6,-3.2,9.0,16.5,12.0,0.4,0.3,0.5,-15.6,-4.5,1.0,-7.0,9.0,9.1,12.0,0.4,0.3,0.5,69.0,373.0,2198.0,1053.0,64.0,1308.0,14.0,0.5,0.4,0.7,70.0,375.0,2200.0,1055.0,64.0,1310.0,14.0,0.5,0.4,0.7
1974,2,142.0,42.0,,,,,,,,,,,,,,,,,,,,,,,,,,,,,,,,,,,,,,,,4.1,4.1,4.1,4.1,1.0,0.0,16.0,1.0,0.3,0.3,2.05,2.05,2.05,2.05,1.0,0.0,16.0,1.0,0.3,0.3,-3.55,-3.55,-3.55,-3.55,1.0,0.0,16.0,1.0,0.3,0.3,1021.2,1021.2,1021.2,1021.2,1.0,0.0,16.0,1.0,0.3,0.3,,,,,,,,,,,,,,,,,,,,,,,,,,,,,,,,,,,,,,,,,,,,,,,,,,,,,,,,,,,,,,,,,,,,,,,,,,,,,,,,,,,,,,,,,,,,,,,,,,,,,,,,,,,,,,,,,,,,,,,,,,,,,,,,,,,,,,,,,,,,,,,,,,,,,,
1974,2,142.0,44.0,,,,,,,,,,,,,,,,,,,,,,,,,,,,,,,,,,,,,,,,18.0,18.0,18.0,18.0,1.0,0.0,4.0,1.0,0.5,0.4,15.59,15.59,15.59,15.59,1.0,0.0,4.0,1.0,0.5,0.4,-9.0,-9.0,-9.0,-9.0,1.0,0.0,4.0,1.0,0.5,0.4,1015.1,1015.1,1015.1,1015.1,1.0,0.0,4.0,1.0,0.5,0.4,,,,,,,,,,,,,,,,,,,,,,,,,,,,,,,,,,,,,,,,,,,,,,,,,,,,,,,,,,,,,,,,,,,,,,,,,,,,,,,,,,,,,,,,,,,,,,,,,,,,,,,,,,,,,,,,,,,,,,,,,,,,,,,,,,,,,,,,,,,,,,,,,,,,,,
1974,2,142.0,45.0,,,,,,,,,,,,,,,,,,,,,,,,,,,,,,,,,,,,,,,,1.57,6.2,11.36,6.29,9.0,4.97,16.0,0.6,0.3,0.8,-2.93,0.0,8.44,2.43,9.0,5.48,16.0,0.6,0.3,0.8,-6.16,0.0,1.53,-1.88,9.0,5.34,16.0,0.6,0.3,0.8,1005.12,1008.6,1018.83,1010.59,9.0,6.83,16.0,0.6,0.3,0.8,,,,,,,,,,,,,,,,,,,,,,,,,,,,,,,,,,,,,,,,,,,,,,,,,,,,,,,,,,,,,,,,,,,,,,,,,,,,,,,,,,,,,,,,,,,,,,,,,,,,,,,,,,,,,,,,,,,,,,,,,,,,,,,,,,,,,,,,,,,,,,,,,,,,,,
1974,2,142.0,46.0,,,,,,,,,,,,,,,,,,,,,,,,,,,,,,,,,,,,,,,,0.0,5.1,8.86,4.85,11.0,4.2,12.0,0.5,0.5,0.3,-0.93,0.0,4.58,0.77,11.0,4.45,12.0,0.5,0.5,0.3,-5.47,-2.07,1.98,-1.53,11.0,4.53,12.0,0.5,0.5,0.3,1004.8,1013.1,1022.55,1013.73,11.0,8.07,12.0,0.5,0.5,0.3,,,,,,,,,,,,,,,,,,,,,,,,,,,,,,,,,,,,,,,,,,,,,,,,,,,,,,,,,,,,,,,,,,,,,,,,,,,,,,,,,,,,,,,,,,,,,,,,,,,,,,,,,,,,,,,,,,,,,,,,,,,,,,,,,,,,,,,,,,,,,,,,,,,,,,
1974,2,142.0,47.0,,,,,,,,,,,,,,,,,,,,,,,,,,,,,,,,,,,,,,,,1.0,2.55,4.68,2.83,4.0,2.58,4.0,0.8,0.1,0.0,-1.81,-1.29,-0.51,-1.17,4.0,0.89,4.0,0.8,0.1,0.0,-4.44,-1.3,0.0,-2.18,4.0,2.89,4.0,0.8,0.1,0.0,996.86,1018.3,1022.33,1011.44,5.0,13.63,10.0,0.6,0.0,0.1,,,,,,,,,,,,,,,,,,,,,,,,,,,,,,,,,,,,,,,,,,,,,,,,,,,,,,,,,,,,,,,,,,,,,,,,,,,,,,,,,,,,,,,,,,,,,,,,,,,,,,,,,,,,,,,,,,,,,,,,,,,,,,,,,,,,,,,,,,,,,,,,,,,,,,
1974,2,142.0,48.0,,,,,,,,,,,,,,,,,,,,,,,,,,,,,,,,,,,,,,,,3.22,6.2,10.8,6.32,11.0,3.47,16.0,0.7,0.1,0.3,-4.45,0.0,5.96,0.84,11.0,5.44,16.0,0.7,0.1,0.3,-6.61,-4.0,0.0,-3.13,11.0,3.85,16.0,0.7,0.1,0.3,1000.7,1015.5,1021.45,1013.26,11.0,10.7,16.0,0.7,0.1,0.3,,,,,,,,,,,,,,,,,,,,,,,,,,,,,,,,,,,,,,,,,,,,,,,,,,,,,,,,,,,,,,,,,,,,,,,,,,,,,,,,,,,,,,,,,,,,,,,,,,,,,,,,,,,,,,,,,,,,,,,,,,,,,,,,,,,,,,,,,,,,,,,,,,,,,,
1974,2,142.0,51.0,,,,,,,,,,,,,,,,,,,,,,,,,,,,,,,,,,,,,,,,0.0,0.0,0.0,0.0,1.0,0.0,28.0,1.0,0.0,0.5,0.0,0.0,0.0,0.0,1.0,0.0,28.0,1.0,0.0,0.5,0.0,0.0,0.0,0.0,1.0,0.0,28.0,1.0,0.0,0.5,1013.57,1016.3,1019.61,1016.58,4.0,3.63,26.0,0.8,0.0,0.5,,,,,,,,,,,,,,,,,,,,,,,,,,,,,,,,,,,,,,,,,,,,,,,,,,,,,,,,,,,,,,,,,,,,,,,,,,,,,,,,,,,,,,,,,,,,,,,,,,,,,,,,,,,,,,,,,,,,,,,,,,,,,,,,,,,,,,,,,,,,,,,,,,,,,,
1974,2,142.0,84.0,,,,,,,,,,,,,,,,,,,,,,,,,,,,,,,,,,,,,,,,2.1,3.1,4.1,2.98,16.0,0.81,10.0,0.0,0.7,0.6,2.02,2.91,3.74,2.8,16.0,0.72,10.0,0.0,0.7,0.6,-1.27,0.0,1.06,0.05,16.0,1.09,10.0,0.0,0.7,0.6,1033.21,1037.8,1042.66,1037.72,18.0,4.52,10.0,0.0,0.7,0.6,,,,,,,,,,,,,,,,,,,,,,,,,,,,,,,,,,,,,,,,,,,,,,,,,,,,,,,,,,,,,,,,,,,,,,,,,,,,,,,,,,,,,,,,,,,,,,,,,,,,,,,,,,,,,,,,,,,,,,,,,,,,,,,,,,,,,,,,,,,,,,,,,,,,,,
1974,2,143.0,-44.0,,,,,,,,,,,,,,,,,,,,,,,,,,,,,,,,,,,,,,,,15.4,15.4,15.4,15.4,1.0,0.0,18.0,0.0,0.9,0.5,7.7,7.7,7.7,7.7,1.0,0.0,18.0,0.0,0.9,0.5,-13.34,-13.34,-13.34,-13.34,1.0,0.0,18.0,0.0,0.9,0.5,1004.5,1004.5,1004.5,1004.5,1.0,0.0,18.0,0.0,0.9,0.5,1.0,1.0,1.0,1.0,1.0,0.0,18.0,0.0,0.9,0.5,118.6,118.6,118.6,118.6,1.0,0.0,18.0,0.0,0.9,0.5,-205.4,-205.4,-205.4,-205.4,1.0,0.0,18.0,0.0,0.9,0.5,,,,,,,,,,,,,,,,,,,,,,,,,,,,,,,,,,,,,,,,,130.9,130.9,130.9,130.9,1.0,0.0,18.0,0.0,0.9,0.5,-226.7,-226.7,-226.7,-226.7,1.0,0.0,18.0,0.0,0.9,0.5,74.5,74.5,74.5,74.5,1.0,0.0,18.0,0.0,0.9,0.5,-129.0,-129.0,-129.0,-129.0,1.0,0.0,18.0,0.0,0.9,0.5,,,,,,,,,,,,,,,,,,,,,,,,,,,,,,,,,,,,,,,,
1974,2,143.0,-43.0,15.1,15.1,15.1,15.1,1.0,0.0,22.0,1.0,0.2,0.2,15.2,15.2,15.2,15.2,1.0,0.0,22.0,1.0,0.2,0.2,6.21,6.21,6.21,6.21,1.0,0.0,22.0,1.0,0.2,0.2,58.0,58.0,58.0,58.0,1.0,0.0,22.0,1.0,0.2,7.2,7.2,7.2,7.2,1.0,0.0,22.0,1.0,0.2,0.2,1.25,1.25,1.25,1.25,1.0,0.0,22.0,1.0,0.2,0.2,7.09,7.09,7.09,7.09,1.0,0.0,22.0,1.0,0.2,0.2,1011.0,1011.0,1011.0,1011.0,1.0,0.0,22.0,1.0,0.2,0.2,1.0,1.0,1.0,1.0,1.0,0.0,22.0,1.0,0.2,0.2,9.0,9.0,9.0,9.0,1.0,0.0,22.0,1.0,0.2,0.2,51.1,51.1,51.1,51.1,1.0,0.0,22.0,1.0,0.2,0.2,-0.1,-0.1,-0.1,-0.1,1.0,0.0,22.0,1.0,0.2,0.2,-0.7,-0.7,-0.7,-0.7,1.0,0.0,22.0,1.0,0.2,0.2,4.46,4.46,4.46,4.46,1.0,0.0,22.0,1.0,0.2,0.2,32.1,32.1,32.1,32.1,1.0,0.0,22.0,1.0,0.2,0.2,19.0,19.0,19.0,19.0,1.0,0.0,22.0,1.0,0.2,0.2,107.8,107.8,107.8,107.8,1.0,0.0,22.0,1.0,0.2,0.2,7.8,7.8,7.8,7.8,1.0,0.0,22.0,1.0,0.2,0.2,44.0,44.0,44.0,44.0,1.0,0.0,22.0,1.0,0.2,0.2,5.6,5.6,5.6,5.6,1.0,0.0,22.0,1.0,0.2,0.2,31.6,31.6,31.6,31.6,1.0,0.0,22.0,1.0,0.2,0.2,373.0,373.0,373.0,373.0,1.0,0.0,22.0,1.0,0.2,0.2,375.0,375.0,375.0,375.0,1.0,0.0,22.0,1.0,0.2,0.2
1974,2,143.0,-41.0,,,,,,,,,,,,,,,,,,,,,,,,,,,,,,,,,,,,,,,,14.9,14.9,14.9,14.9,1.0,0.0,2.0,1.0,0.8,0.2,7.45,7.45,7.45,7.45,1.0,0.0,2.0,1.0,0.8,0.2,12.9,12.9,12.9,12.9,1.0,0.0,2.0,1.0,0.8,0.2,1017.1,1017.1,1017.1,1017.1,1.0,0.0,2.0,1.0,0.8,0.2,,,,,,,,,,,,,,,,,,,,,,,,,,,,,,,,,,,,,,,,,,,,,,,,,,,,,,,,,,,,,,,,,,,,,,,,,,,,,,,,,,,,,,,,,,,,,,,,,,,,,,,,,,,,,,,,,,,,,,,,,,,,,,,,,,,,,,,,,,,,,,,,,,,,,,
1974,2,143.0,-40.0,17.14,17.3,17.98,17.55,4.0,0.71,18.0,0.8,0.5,0.9,16.26,16.4,17.11,16.64,5.0,0.48,14.0,0.8,0.5,0.9,7.66,7.99,9.14,8.32,5.0,0.78,14.0,0.8,0.5,0.9,66.3,69.4,77.1,71.2,5.0,6.3,14.0,0.8,0.9,3.87,6.7,11.53,7.72,5.0,4.96,14.0,0.8,0.5,0.9,-0.84,0.0,4.8,1.5,5.0,3.25,14.0,0.8,0.5,0.9,1.94,6.3,11.19,6.69,5.0,5.45,14.0,0.8,0.5,0.9,1014.39,1019.5,1020.37,1017.46,5.0,4.32,14.0,0.8,0.5,0.9,5.9,8.0,8.0,7.0,5.0,1.7,14.0,0.8,0.5,0.9,-5.6,0.0,42.9,17.3,5.0,37.9,14.0,0.8,0.5,0.9,5.6,42.2,136.3,72.4,5.0,90.5,14.0,0.8,0.5,0.9,0.38,0.9,1.63,1.0,4.0,0.91,18.0,0.8,0.5,0.9,2.6,5.5,10.8,6.6,4.0,6.4,18.0,0.8,0.5,0.9,3.52,4.18,4.28,3.91,4.0,0.64,18.0,0.8,0.5,0.9,12.1,21.0,48.3,29.8,4.0,25.6,18.0,0.8,0.5,0.9,-13.6,0.0,81.1,25.4,5.0,54.0,14.0,0.8,0.5,0.9,32.1,102.0,186.5,110.5,5.0,89.5,14.0,0.8,0.5,0.9,-6.4,0.0,41.9,13.2,5.0,27.2,14.0,0.8,0.5,0.9,17.7,48.5,87.0,53.1,5.0,42.4,14.0,0.8,0.5,0.9,-5.1,6.7,18.3,6.6,4.0,14.3,18.0,0.8,0.5,0.9,6.3,18.7,45.4,25.5,4.0,26.5,18.0,0.8,0.5,0.9,68.0,301.0,1844.5,974.5,5.0,1528.0,14.0,0.8,0.5,0.9,70.0,300.0,1845.0,975.0,5.0,1530.0,14.0,0.8,0.5,0.9
1974,2,143.0,-39.0,18.12,18.6,18.74,18.43,3.0,0.47,18.0,0.7,0.4,0.2,17.95,20.0,21.43,19.7,3.0,2.56,18.0,0.7,0.4,0.2,8.91,11.38,13.82,11.36,3.0,3.6,18.0,0.7,0.4,0.2,69.3,78.2,86.3,77.8,3.0,12.5,18.0,0.7,0.2,4.08,6.2,7.22,5.67,3.0,2.35,18.0,0.7,0.4,0.2,-2.66,-2.12,-1.59,-2.12,3.0,0.79,18.0,0.7,0.4,0.2,-3.64,1.06,5.51,0.94,3.0,6.71,18.0,0.7,0.4,0.2,1010.45,1011.0,1016.73,1013.53,3.0,5.1,18.0,0.7,0.4,0.2,2.9,7.0,7.0,5.0,3.0,3.5,18.0,0.7,0.4,0.2,-12.2,-10.3,-9.4,-10.8,3.0,2.1,18.0,0.7,0.4,0.2,-23.6,3.3,40.9,8.5,3.0,47.5,18.0,0.7,0.4,0.2,-3.31,-1.4,0.78,-1.27,3.0,3.0,18.0,0.7,0.4,0.2,-19.2,-4.3,8.1,-5.5,3.0,20.0,18.0,0.7,0.4,0.2,-0.86,1.97,4.47,1.81,3.0,3.91,18.0,0.7,0.4,0.2,-7.3,6.1,31.6,12.0,3.0,28.9,18.0,0.7,0.4,0.2,-54.6,-46.9,-30.4,-42.6,3.0,18.1,18.0,0.7,0.4,0.2,-81.2,21.2,94.7,7.1,3.0,129.4,18.0,0.7,0.4,0.2,-32.7,-31.7,-17.1,-25.1,3.0,12.8,18.0,0.7,0.4,0.2,-55.6,12.1,44.0,-5.4,3.0,74.5,18.0,0.7,0.4,0.2,-7.0,-5.7,1.3,-2.9,3.0,6.6,18.0,0.7,0.4,0.2,5.4,12.7,33.2,19.2,3.0,21.1,18.0,0.7,0.4,0.2,96.0,238.5,387.5,241.5,3.0,213.5,18.0,0.7,0.4,0.2,95.0,240.0,385.0,240.0,3.0,215.0,18.0,0.7,0.4,0.2
1974,2,143.0,-15.0,27.9,27.9,27.9,27.9,1.0,0.0,16.0,0.0,0.9,0.9,26.6,26.6,26.6,26.6,1.0,0.0,16.0,0.0,0.9,0.9,17.68,17.68,17.68,17.68,1.0,0.0,16.0,0.0,0.9,0.9,80.6,80.6,80.6,80.6,1.0,0.0,16.0,0.0,0.9,2.1,2.1,2.1,2.1,1.0,0.0,16.0,0.0,0.9,0.9,2.1,2.1,2.1,2.1,1.0,0.0,16.0,0.0,0.9,0.9,0.0,0.0,0.0,0.0,1.0,0.0,16.0,0.0,0.9,0.9,1003.6,1003.6,1003.6,1003.6,1.0,0.0,16.0,0.0,0.9,0.9,,,,,,,,,,,,,,,,,,,,,,,,,,,,,,,1.3,1.3,1.3,1.3,1.0,0.0,16.0,0.0,0.9,0.9,2.7,2.7,2.7,2.7,1.0,0.0,16.0,0.0,0.9,0.9,6.07,6.07,6.07,6.07,1.0,0.0,16.0,0.0,0.9,0.9,12.7,12.7,12.7,12.7,1.0,0.0,16.0,0.0,0.9,0.9,55.9,55.9,55.9,55.9,1.0,0.0,16.0,0.0,0.9,0.9,0.0,0.0,0.0,0.0,1.0,0.0,16.0,0.0,0.9,0.9,37.1,37.1,37.1,37.1,1.0,0.0,16.0,0.0,0.9,0.9,0.0,0.0,0.0,0.0,1.0,0.0,16.0,0.0,0.9,0.9,12.7,12.7,12.7,12.7,1.0,0.0,16.0,0.0,0.9,0.9,0.0,0.0,0.0,0.0,1.0,0.0,16.0,0.0,0.9,0.9,9.5,9.5,9.5,9.5,1.0,0.0,16.0,0.0,0.9,0.9,10.0,10.0,10.0,10.0,1.0,0.0,16.0,0.0,0.9,0.9
1974,2,143.0,-14.0,28.1,28.3,29.05,28.57,3.0,0.74,16.0,1.0,0.7,0.2,25.93,27.5,28.52,27.23,3.0,1.91,16.0,1.0,0.7,0.2,18.26,19.54,19.79,19.03,3.0,1.2,16.0,1.0,0.7,0.2,80.8,84.7,86.7,83.8,3.0,4.4,16.0,1.0,0.2,4.08,5.1,7.56,5.8,3.0,2.62,16.0,1.0,0.7,0.2,-3.63,-0.63,4.94,0.63,3.0,6.37,16.0,1.0,0.7,0.2,-4.09,-3.55,-0.52,-2.34,3.0,2.82,16.0,1.0,0.7,0.2,1005.17,1006.6,1006.87,1006.03,3.0,1.34,16.0,1.0,0.7,0.2,6.0,6.0,7.4,6.7,3.0,1.2,16.0,1.0,0.7,0.2,-18.2,-2.3,44.0,12.6,3.0,47.4,16.0,1.0,0.7,0.2,-29.9,-12.8,-1.0,-15.4,3.0,21.3,16.0,1.0,0.7,0.2,0.13,1.9,2.51,1.33,3.0,1.82,16.0,1.0,0.7,0.2,1.4,9.7,19.7,10.5,3.0,13.5,16.0,1.0,0.7,0.2,4.93,6.21,6.28,5.62,3.0,1.11,16.0,1.0,0.7,0.2,20.9,32.2,47.1,33.9,3.0,19.2,16.0,1.0,0.7,0.2,-100.0,-18.1,123.8,11.2,3.0,165.9,16.0,1.0,0.7,0.2,-107.5,-102.8,-16.0,-62.7,3.0,75.5,16.0,1.0,0.7,0.2,-70.9,-12.4,86.9,7.5,3.0,116.9,16.0,1.0,0.7,0.2,-74.8,-70.6,-10.6,-43.4,3.0,52.6,16.0,1.0,0.7,0.2,-22.5,-2.7,31.1,4.1,3.0,39.7,16.0,1.0,0.7,0.2,-23.3,-15.4,-1.1,-12.3,3.0,16.5,16.0,1.0,0.7,0.2,74.0,132.5,491.5,279.5,3.0,331.0,16.0,1.0,0.7,0.2,75.0,135.0,490.0,280.0,3.0,330.0,16.0,1.0,0.7,0.2
1974,2,143.0,-13.0,27.2,27.75,29.21,28.1,6.0,1.19,16.0,1.0,0.4,0.5,26.79,27.2,28.42,27.38,6.0,0.94,16.0,1.0,0.4,0.5,19.07,19.32,20.97,19.76,6.0,1.01,16.0,1.0,0.4,0.5,78.9,87.3,92.8,86.4,6.0,7.1,16.0,1.0,0.5,0.79,3.1,6.51,3.52,6.0,2.96,16.0,1.0,0.4,0.5,-0.93,1.46,4.26,1.71,6.0,2.92,16.0,1.0,0.4,0.5,-3.06,-0.53,1.06,-1.09,6.0,3.18,16.0,1.0,0.4,0.5,1004.3,1007.35,1009.71,1006.88,6.0,3.22,16.0,1.0,0.4,0.5,5.0,6.0,7.2,6.2,6.0,1.2,16.0,1.0,0.4,0.5,-1.6,4.5,31.0,11.5,6.0,17.3,16.0,1.0,0.4,0.5,-21.0,-1.6,2.2,-9.8,6.0,21.5,16.0,1.0,0.4,0.5,-0.4,0.3,1.81,0.72,6.0,1.32,16.0,1.0,0.4,0.5,-0.3,1.1,8.5,4.8,6.0,9.2,16.0,1.0,0.4,0.5,2.05,4.03,6.21,4.24,6.0,2.23,16.0,1.0,0.4,0.5,1.7,11.0,28.0,15.5,6.0,16.7,16.0,1.0,0.4,0.5,-25.2,41.5,111.9,46.2,6.0,78.8,16.0,1.0,0.4,0.5,-81.2,-15.1,29.0,-28.4,6.0,83.7,16.0,1.0,0.4,0.5,-18.7,27.9,84.8,34.8,6.0,59.5,16.0,1.0,0.4,0.5,-62.3,-10.2,21.0,-21.9,6.0,61.8,16.0,1.0,0.4,0.5,-2.4,5.4,22.2,8.1,6.0,12.3,16.0,1.0,0.4,0.5,-14.4,-2.0,3.0,-6.7,6.0,16.8,16.0,1.0,0.4,0.5,1.0,30.0,283.5,126.0,6.0,185.5,16.0,1.0,0.4,0.5,0.0,30.0,285.0,125.0,6.0,185.0,16.0,1.0,0.4,0.5
1974,2,143.0,-12.0,27.25,27.8,29.3,28.27,3.0,1.55,14.0,0.3,0.1,0.3,26.2,27.5,27.84,27.03,3.0,1.27,14.0,0.3,0.1,0.3,18.81,18.96,19.39,19.1,3.0,0.45,14.0,0.3,0.1,0.3,82.2,82.3,88.2,85.1,3.0,5.0,14.0,0.3,0.3,3.23,4.6,6.37,4.8,3.0,2.31,14.0,0.3,0.1,0.3,0.12,3.98,4.42,2.31,3.0,3.47,14.0,0.3,0.1,0.3,-4.49,-2.3,-2.09,-3.27,3.0,1.95,14.0,0.3,0.1,0.3,1004.79,1006.5,1006.64,1005.73,3.0,1.5,14.0,0.3,0.1,0.3,6.3,7.0,7.7,7.0,3.0,1.0,14.0,0.3,0.1,0.3,2.9,18.3,28.6,15.8,3.0,19.0,14.0,0.3,0.1,0.3,-30.5,-10.6,-6.9,-18.5,3.0,18.6,14.0,0.3,0.1,0.3,-0.4,-0.2,2.94,1.23,3.0,2.75,14.0,0.3,0.1,0.3,-1.2,-0.9,21.3,9.8,3.0,18.9,14.0,0.3,0.1,0.3,3.65,4.0,6.77,5.18,3.0,2.51,14.0,0.3,0.1,0.3,12.0,18.4,45.5,28.5,3.0,26.0,14.0,0.3,0.1,0.3,4.0,111.5,116.3,61.4,3.0,93.0,14.0,0.3,0.1,0.3,-116.8,-64.4,-57.8,-86.8,3.0,47.4,14.0,0.3,0.1,0.3,3.1,78.1,84.0,44.4,3.0,66.0,14.0,0.3,0.1,0.3,-84.8,-45.1,-40.1,-62.1,3.0,35.9,14.0,0.3,0.1,0.3,1.1,15.9,30.5,15.8,3.0,21.6,14.0,0.3,0.1,0.3,-33.3,-9.2,-7.7,-20.2,3.0,21.0,14.0,0.3,0.1,0.3,43.0,97.5,285.5,162.5,3.0,186.5,14.0,0.3,0.1,0.3,45.0,95.0,285.0,165.0,3.0,185.0,14.0,0.3,0.1,0.3
1974,2,143.0,-4.0,28.5,28.5,28.5,28.5,1.0,0.0,28.0,1.0,0.5,0.8,26.6,26.6,26.6,26.6,1.0,0.0,28.0,1.0,0.5,0.8,17.69,17.69,17.69,17.69,1.0,0.0,28.0,1.0,0.5,0.8,81.1,81.1,81.1,81.1,1.0,0.0,28.0,1.0,0.8,5.1,5.1,5.1,5.1,1.0,0.0,28.0,1.0,0.5,0.8,3.91,3.91,3.91,3.91,1.0,0.0,28.0,1.0,0.5,0.8,-3.28,-3.28,-3.28,-3.28,1.0,0.0,28.0,1.0,0.5,0.8,1008.7,1008.7,1008.7,1008.7,1.0,0.0,28.0,1.0,0.5,0.8,7.0,7.0,7.0,7.0,1.0,0.0,28.0,1.0,0.5,0.8,19.9,19.9,19.9,19.9,1.0,0.0,28.0,1.0,0.5,0.8,-16.7,-16.7,-16.7,-16.7,1.0,0.0,28.0,1.0,0.5,0.8,1.9,1.9,1.9,1.9,1.0,0.0,28.0,1.0,0.5,0.8,9.7,9.7,9.7,9.7,1.0,0.0,28.0,1.0,0.5,0.8,6.79,6.79,6.79,6.79,1.0,0.0,28.0,1.0,0.5,0.8,34.6,34.6,34.6,34.6,1.0,0.0,28.0,1.0,0.5,0.8,103.9,103.9,103.9,103.9,1.0,0.0,28.0,1.0,0.5,0.8,-87.2,-87.2,-87.2,-87.2,1.0,0.0,28.0,1.0,0.5,0.8,69.1,69.1,69.1,69.1,1.0,0.0,28.0,1.0,0.5,0.8,-58.0,-58.0,-58.0,-58.0,1.0,0.0,28.0,1.0,0.5,0.8,26.5,26.5,26.5,26.5,1.0,0.0,28.0,1.0,0.5,0.8,-22.2,-22.2,-22.2,-22.2,1.0,0.0,28.0,1.0,0.5,0.8,132.5,132.5,132.5,132.5,1.0,0.0,28.0,1.0,0.5,0.8,135.0,135.0,135.0,135.0,1.0,0.0,28.0,1.0,0.5,0.8
1974,2,143.0,-2.0,28.9,28.9,28.9,28.9,1.0,0.0,24.0,0.0,0.5,0.5,26.2,26.2,26.2,26.2,1.0,0.0,24.0,0.0,0.5,0.5,18.74,18.74,18.74,18.74,1.0,0.0,24.0,0.0,0.5,0.5,87.7,87.7,87.7,87.7,1.0,0.0,24.0,0.0,0.5,,,,,,,,,,,,,,,,,,,,,,,,,,,,,,,,,,,,,,,,,,,,,,,,,,,,,,,,,,,,,,,,,,,,,,,,,,,,,,,,,,,,,,,,,,,,,,,,,,,,,,,,,,,,,,,,,,,,,,,,,,,,,,,,,,,,,,,,,,,,,,,,,,,,,,,,,,,,,,,,,,,,,,,,,,,,,,,,,,,,,,,,,,,,,,
1974,2,143.0,-1.0,30.1,30.1,30.1,30.1,1.0,0.0,4.0,0.0,0.8,0.5,28.0,28.0,28.0,28.0,1.0,0.0,4.0,0.0,0.8,0.5,19.93,19.93,19.93,19.93,1.0,0.0,4.0,0.0,0.8,0.5,83.8,83.8,83.8,83.8,1.0,0.0,4.0,0.0,0.5,,,,,,,,,,,,,,,,,,,,,,,,,,,,,,,,,,,,,,,,,,,,,,,,,,,,,,,,,,,,,,,,,,,,,,,,,,,,,,,,,,,,,,,,,,,,,,,,,,,,,,,,,,,,,,,,,,,,,,,,,,,,,,,,,,,,,,,,,,,,,,,,,,,,,,,,,,,,,,,,,,,,,,,,,,,,,,,,,,,,,,,,,,,,,,
1974,2,143.0,2.0,28.89,29.3,29.71,29.3,2.0,0.85,14.0,0.5,0.6,0.7,25.42,26.75,28.08,26.75,2.0,2.76,14.0,0.5,0.6,0.7,17.79,18.05,18.31,18.05,2.0,0.54,14.0,0.5,0.6,0.7,76.8,82.1,87.3,82.1,2.0,10.8,14.0,0.5,0.7,1.57,2.8,4.03,2.8,2.0,2.55,14.0,0.5,0.6,0.7,-3.74,-2.48,-1.23,-2.48,2.0,2.6,14.0,0.5,0.6,0.7,-1.45,-1.17,-0.89,-1.17,2.0,0.57,14.0,0.5,0.6,0.7,1004.12,1004.15,1004.18,1004.15,2.0,0.07,14.0,0.5,0.6,0.7,3.8,5.5,7.2,5.5,2.0,3.5,14.0,0.5,0.6,0.7,-16.8,-10.3,-3.7,-10.3,2.0,13.6,14.0,0.5,0.6,0.7,-6.2,-4.0,-1.8,-4.0,2.0,4.6,14.0,0.5,0.6,0.7,1.63,2.55,3.47,2.55,2.0,1.91,14.0,0.5,0.6,0.7,3.9,9.6,15.3,9.6,2.0,11.8,14.0,0.5,0.6,0.7,7.38,7.74,8.1,7.74,2.0,0.74,14.0,0.5,0.6,0.7,12.2,20.7,29.2,20.7,2.0,17.6,14.0,0.5,0.6,0.7,-93.1,-62.8,-32.5,-62.8,2.0,62.8,14.0,0.5,0.6,0.7,-36.3,-30.5,-24.7,-30.5,2.0,12.0,14.0,0.5,0.6,0.7,-66.1,-44.1,-22.1,-44.1,2.0,45.6,14.0,0.5,0.6,0.7,-25.6,-21.0,-16.3,-21.0,2.0,9.7,14.0,0.5,0.6,0.7,-27.1,-18.3,-9.4,-18.3,2.0,18.3,14.0,0.5,0.6,0.7,-10.6,-8.8,-7.1,-8.8,2.0,3.6,14.0,0.5,0.6,0.7,16.5,49.0,82.0,49.0,2.0,68.0,14.0,0.5,0.6,0.7,15.0,50.0,80.0,50.0,2.0,70.0,14.0,0.5,0.6,0.7
1974,2,143.0,3.0,28.8,28.8,28.8,28.8,1.0,0.0,22.0,0.0,0.9,0.9,28.2,28.2,28.2,28.2,1.0,0.0,22.0,0.0,0.9,0.9,17.83,17.83,17.83,17.83,1.0,0.0,22.0,0.0,0.9,0.9,74.3,74.3,74.3,74.3,1.0,0.0,22.0,0.0,0.9,0.0,0.0,0.0,0.0,1.0,0.0,22.0,0.0,0.9,0.9,0.0,0.0,0.0,0.0,1.0,0.0,22.0,0.0,0.9,0.9,0.0,0.0,0.0,0.0,1.0,0.0,22.0,0.0,0.9,0.9,1007.2,1007.2,1007.2,1007.2,1.0,0.0,22.0,0.0,0.9,0.9,3.0,3.0,3.0,3.0,1.0,0.0,22.0,0.0,0.9,0.9,0.0,0.0,0.0,0.0,1.0,0.0,22.0,0.0,0.9,0.9,0.0,0.0,0.0,0.0,1.0,0.0,22.0,0.0,0.9,0.9,0.6,0.6,0.6,0.6,1.0,0.0,22.0,0.0,0.9,0.9,0.0,0.0,0.0,0.0,1.0,0.0,22.0,0.0,0.9,0.9,7.12,7.12,7.12,7.12,1.0,0.0,22.0,0.0,0.9,0.9,0.0,0.0,0.0,0.0,1.0,0.0,22.0,0.0,0.9,0.9,0.0,0.0,0.0,0.0,1.0,0.0,22.0,0.0,0.9,0.9,0.0,0.0,0.0,0.0,1.0,0.0,22.0,0.0,0.9,0.9,0.0,0.0,0.0,0.0,1.0,0.0,22.0,0.0,0.9,0.9,0.0,0.0,0.0,0.0,1.0,0.0,22.0,0.0,0.9,0.9,0.0,0.0,0.0,0.0,1.0,0.0,22.0,0.0,0.9,0.9,0.0,0.0,0.0,0.0,1.0,0.0,22.0,0.0,0.9,0.9,0.0,0.0,0.0,0.0,1.0,0.0,22.0,0.0,0.9,0.9,0.0,0.0,0.0,0.0,1.0,0.0,22.0,0.0,0.9,0.9
1974,2,143.0,4.0,28.82,29.3,29.78,29.3,2.0,0.99,22.0,0.5,0.3,0.5,28.39,28.8,29.21,28.8,2.0,0.85,22.0,0.5,0.3,0.5,18.61,18.61,18.61,18.61,1.0,0.0,20.0,0.0,0.2,0.1,77.5,77.5,77.5,77.5,1.0,0.0,20.0,0.0,0.1,4.89,9.8,14.71,9.8,2.0,10.18,22.0,0.5,0.3,0.5,-11.36,-7.79,-4.22,-7.79,2.0,7.4,22.0,0.5,0.3,0.5,-9.26,-5.69,-2.11,-5.69,2.0,7.41,22.0,0.5,0.3,0.5,1006.85,1006.95,1007.05,1006.95,2.0,0.21,22.0,0.5,0.3,0.5,1.8,3.5,5.2,3.5,2.0,3.5,22.0,0.5,0.3,0.5,-187.3,-114.0,-40.7,-114.0,2.0,151.8,22.0,0.5,0.3,0.5,-156.5,-93.5,-30.5,-93.5,2.0,130.5,22.0,0.5,0.3,0.5,0.43,0.5,0.57,0.5,2.0,0.14,22.0,0.5,0.3,0.5,2.5,5.6,8.7,5.6,2.0,6.5,22.0,0.5,0.3,0.5,6.06,6.06,6.06,6.06,1.0,0.0,20.0,0.0,0.2,0.1,15.7,15.7,15.7,15.7,1.0,0.0,20.0,0.0,0.2,0.1,-333.6,-227.5,-121.5,-227.5,2.0,219.7,22.0,0.5,0.3,0.5,-272.3,-167.0,-61.7,-167.0,2.0,218.2,22.0,0.5,0.3,0.5,-47.7,-47.7,-47.7,-47.7,1.0,0.0,20.0,0.0,0.2,0.1,-8.4,-8.4,-8.4,-8.4,1.0,0.0,20.0,0.0,0.2,0.1,-15.5,-15.5,-15.5,-15.5,1.0,0.0,20.0,0.0,0.2,0.1,-2.7,-2.7,-2.7,-2.7,1.0,0.0,20.0,0.0,0.2,0.1,794.5,2465.5,4136.0,2465.5,2.0,3461.5,22.0,0.5,0.3,0.5,795.0,2465.0,4135.0,2465.0,2.0,3460.0,22.0,0.5,0.3,0.5
1974,2,143.0,5.0,29.0,29.0,29.0,29.0,2.0,0.0,14.0,1.0,0.7,0.5,28.44,29.4,30.36,29.4,2.0,1.98,14.0,1.0,0.7,0.5,19.06,19.92,20.77,19.92,2.0,1.77,14.0,1.0,0.7,0.5,76.1,77.0,78.0,77.0,2.0,2.0,14.0,1.0,0.5,1.57,2.8,4.03,2.8,2.0,2.55,14.0,1.0,0.7,0.5,-3.97,-2.62,-1.27,-2.62,2.0,2.8,14.0,1.0,0.7,0.5,-0.64,-0.38,-0.12,-0.38,2.0,0.54,14.0,1.0,0.7,0.5,1004.16,1004.5,1004.84,1004.5,2.0,0.71,14.0,1.0,0.7,0.5,6.0,6.0,6.0,6.0,2.0,0.0,14.0,1.0,0.7,0.5,-17.9,-10.9,-3.9,-10.9,2.0,14.5,14.0,1.0,0.7,0.5,-0.6,-0.4,-0.1,-0.4,2.0,0.5,14.0,1.0,0.7,0.5,-1.36,-0.4,0.56,-0.4,2.0,1.98,14.0,1.0,0.7,0.5,-6.8,-3.6,-0.5,-3.6,2.0,6.6,14.0,1.0,0.7,0.5,4.53,5.4,6.26,5.4,2.0,1.79,14.0,1.0,0.7,0.5,8.6,12.8,17.1,12.8,2.0,8.7,14.0,1.0,0.7,0.5,-122.1,-79.8,-37.6,-79.8,2.0,87.5,14.0,1.0,0.7,0.5,-18.0,-10.7,-3.4,-10.7,2.0,15.2,14.0,1.0,0.7,0.5,-83.8,-54.7,-25.6,-54.7,2.0,60.4,14.0,1.0,0.7,0.5,-12.0,-7.1,-2.3,-7.1,2.0,10.1,14.0,1.0,0.7,0.5,-16.7,-11.6,-6.6,-11.6,2.0,10.4,14.0,1.0,0.7,0.5,-4.3,-2.6,-0.8,-2.6,2.0,3.6,14.0,1.0,0.7,0.5,16.5,49.0,82.0,49.0,2.0,68.0,14.0,1.0,0.7,0.5,15.0,50.0,80.0,50.0,2.0,70.0,14.0,1.0,0.7,0.5
1974,2,143.0,6.0,28.66,29.0,29.34,29.0,2.0,0.71,14.0,0.5,0.3,0.6,27.9,28.75,29.6,28.75,2.0,1.77,14.0,0.5,0.3,0.6,18.77,19.13,19.48,19.13,2.0,0.73,14.0,0.5,0.3,0.6,72.3,77.5,82.8,77.5,2.0,10.9,14.0,0.5,0.6,3.0,3.85,4.7,3.85,2.0,1.77,14.0,0.5,0.3,0.6,-2.96,-2.29,-1.61,-2.29,2.0,1.4,14.0,0.5,0.3,0.6,-3.64,-3.08,-2.51,-3.08,2.0,1.17,14.0,0.5,0.3,0.6,1007.18,1007.35,1007.52,1007.35,2.0,0.35,14.0,0.5,0.3,0.6,4.2,4.5,4.8,4.5,2.0,0.7,14.0,0.5,0.3,0.6,-14.6,-10.0,-5.5,-10.0,2.0,9.4,14.0,0.5,0.3,0.6,-17.7,-12.9,-8.1,-12.9,2.0,9.9,14.0,0.5,0.3,0.6,-0.26,0.25,0.76,0.25,2.0,1.06,14.0,0.5,0.3,0.6,-0.3,1.9,4.1,1.9,2.0,4.5,14.0,0.5,0.3,0.6,5.26,6.13,6.99,6.13,2.0,1.79,14.0,0.5,0.3,0.6,20.1,22.0,23.9,22.0,2.0,3.9,14.0,0.5,0.3,0.6,-82.0,-64.6,-47.1,-64.6,2.0,36.2,14.0,0.5,0.3,0.6,-101.1,-87.5,-73.9,-87.5,2.0,28.2,14.0,0.5,0.3,0.6,-58.0,-44.3,-30.6,-44.3,2.0,28.4,14.0,0.5,0.3,0.6,-71.2,-59.3,-47.4,-59.3,2.0,24.6,14.0,0.5,0.3,0.6,-14.9,-12.8,-10.6,-12.8,2.0,4.5,14.0,0.5,0.3,0.6,-18.6,-17.8,-17.0,-17.8,2.0,1.7,14.0,0.5,0.3,0.6,36.0,75.0,114.5,75.0,2.0,81.5,14.0,0.5,0.3,0.6,35.0,75.0,115.0,75.0,2.0,80.0,14.0,0.5,0.3,0.6
1974,2,143.0,7.0,31.0,31.0,31.0,31.0,1.0,0.0,12.0,1.0,0.0,0.9,28.0,28.0,28.0,28.0,1.0,0.0,12.0,1.0,0.0,0.9,19.85,19.85,19.85,19.85,1.0,0.0,12.0,1.0,0.0,0.9,83.8,83.8,83.8,83.8,1.0,0.0,12.0,1.0,0.9,6.7,6.7,6.7,6.7,1.0,0.0,12.0,1.0,0.0,0.9,-6.3,-6.3,-6.3,-6.3,1.0,0.0,12.0,1.0,0.0,0.9,-2.29,-2.29,-2.29,-2.29,1.0,0.0,12.0,1.0,0.0,0.9,1009.0,1009.0,1009.0,1009.0,1.0,0.0,12.0,1.0,0.0,0.9,5.0,5.0,5.0,5.0,1.0,0.0,12.0,1.0,0.0,0.9,-42.2,-42.2,-42.2,-42.2,1.0,0.0,12.0,1.0,0.0,0.9,-15.4,-15.4,-15.4,-15.4,1.0,0.0,12.0,1.0,0.0,0.9,3.0,3.0,3.0,3.0,1.0,0.0,12.0,1.0,0.0,0.9,20.1,20.1,20.1,20.1,1.0,0.0,12.0,1.0,0.0,0.9,8.48,8.48,8.48,8.48,1.0,0.0,12.0,1.0,0.0,0.9,56.8,56.8,56.8,56.8,1.0,0.0,12.0,1.0,0.0,0.9,-176.3,-176.3,-176.3,-176.3,1.0,0.0,12.0,1.0,0.0,0.9,-64.2,-64.2,-64.2,-64.2,1.0,0.0,12.0,1.0,0.0,0.9,-125.0,-125.0,-125.0,-125.0,1.0,0.0,12.0,1.0,0.0,0.9,-45.5,-45.5,-45.5,-45.5,1.0,0.0,12.0,1.0,0.0,0.9,-53.4,-53.4,-53.4,-53.4,1.0,0.0,12.0,1.0,0.0,0.9,-19.4,-19.4,-19.4,-19.4,1.0,0.0,12.0,1.0,0.0,0.9,301.0,301.0,301.0,301.0,1.0,0.0,12.0,1.0,0.0,0.9,300.0,300.0,300.0,300.0,1.0,0.0,12.0,1.0,0.0,0.9
1974,2,143.0,8.0,28.0,28.0,28.0,28.0,1.0,0.0,14.0,1.0,0.4,0.3,28.5,28.5,28.5,28.5,1.0,0.0,14.0,1.0,0.4,0.3,19.99,19.99,19.99,19.99,1.0,0.0,14.0,1.0,0.4,0.3,81.9,81.9,81.9,81.9,1.0,0.0,14.0,1.0,0.3,9.3,9.3,9.3,9.3,1.0,0.0,14.0,1.0,0.4,0.3,-9.16,-9.16,-9.16,-9.16,1.0,0.0,14.0,1.0,0.4,0.3,-1.61,-1.61,-1.61,-1.61,1.0,0.0,14.0,1.0,0.4,0.3,1008.5,1008.5,1008.5,1008.5,1.0,0.0,14.0,1.0,0.4,0.3,4.0,4.0,4.0,4.0,1.0,0.0,14.0,1.0,0.4,0.3,-85.2,-85.2,-85.2,-85.2,1.0,0.0,14.0,1.0,0.4,0.3,-15.0,-15.0,-15.0,-15.0,1.0,0.0,14.0,1.0,0.4,0.3,-0.5,-0.5,-0.5,-0.5,1.0,0.0,14.0,1.0,0.4,0.3,-4.6,-4.6,-4.6,-4.6,1.0,0.0,14.0,1.0,0.4,0.3,3.79,3.79,3.79,3.79,1.0,0.0,14.0,1.0,0.4,0.3,35.2,35.2,35.2,35.2,1.0,0.0,14.0,1.0,0.4,0.3,-261.0,-261.0,-261.0,-261.0,1.0,0.0,14.0,1.0,0.4,0.3,-46.0,-46.0,-46.0,-46.0,1.0,0.0,14.0,1.0,0.4,0.3,-183.0,-183.0,-183.0,-183.0,1.0,0.0,14.0,1.0,0.4,0.3,-32.3,-32.3,-32.3,-32.3,1.0,0.0,14.0,1.0,0.4,0.3,-34.7,-34.7,-34.7,-34.7,1.0,0.0,14.0,1.0,0.4,0.3,-6.1,-6.1,-6.1,-6.1,1.0,0.0,14.0,1.0,0.4,0.3,804.5,804.5,804.5,804.5,1.0,0.0,14.0,1.0,0.4,0.3,805.0,805.0,805.0,805.0,1.0,0.0,14.0,1.0,0.4,0.3
1974,2,143.0,9.0,27.6,27.8,27.94,27.77,3.0,0.25,14.0,1.0,0.3,0.4,27.16,27.5,29.96,28.53,3.0,2.24,14.0,1.0,0.3,0.4,18.05,18.18,18.81,18.43,3.0,0.6,14.0,1.0,0.3,0.4,71.0,78.4,80.6,75.9,3.0,7.4,14.0,1.0,0.4,8.89,9.3,9.98,9.43,3.0,0.81,14.0,1.0,0.3,0.4,-9.98,-9.3,-8.8,-9.39,3.0,0.87,14.0,1.0,0.3,0.4,-1.03,0.0,0.0,-0.5,3.0,0.87,14.0,1.0,0.3,0.4,1010.66,1011.0,1011.68,1011.17,3.0,0.76,14.0,1.0,0.3,0.4,3.6,5.0,5.7,4.7,3.0,1.5,14.0,1.0,0.3,0.4,-99.9,-86.5,-78.3,-89.0,3.0,15.9,14.0,1.0,0.3,0.4,-9.0,0.0,0.0,-4.4,3.0,7.6,14.0,1.0,0.3,0.4,-2.09,0.5,0.5,-0.77,3.0,2.19,14.0,1.0,0.3,0.4,-21.8,4.4,4.6,-8.3,3.0,22.2,14.0,1.0,0.3,0.4,4.48,4.81,5.44,4.96,3.0,0.72,14.0,1.0,0.3,0.4,44.6,44.8,48.3,46.4,3.0,3.0,14.0,1.0,0.3,0.4,-298.4,-251.1,-240.5,-269.0,3.0,45.1,14.0,1.0,0.3,0.4,-28.4,0.0,0.0,-13.8,3.0,24.0,14.0,1.0,0.3,0.4,-188.0,-169.1,-158.9,-173.3,3.0,21.7,14.0,1.0,0.3,0.4,-18.6,0.0,0.0,-9.1,3.0,15.7,14.0,1.0,0.3,0.4,-47.7,-44.8,-44.6,-46.1,3.0,2.6,14.0,1.0,0.3,0.4,-5.9,0.0,0.0,-2.9,3.0,5.0,14.0,1.0,0.3,0.4,705.0,804.5,1001.0,852.0,3.0,221.0,14.0,1.0,0.3,0.4,705.0,805.0,1000.0,850.0,3.0,220.0,14.0,1.0,0.3,0.4
1974,2,143.0,11.0,28.0,28.0,28.0,28.0,1.0,0.0,26.0,1.0,0.8,0.6,29.5,29.5,29.5,29.5,1.0,0.0,26.0,1.0,0.8,0.6,21.36,21.36,21.36,21.36,1.0,0.0,26.0,1.0,0.8,0.6,82.5,82.5,82.5,82.5,1.0,0.0,26.0,1.0,0.6,7.2,7.2,7.2,7.2,1.0,0.0,26.0,1.0,0.8,0.6,-6.77,-6.77,-6.77,-6.77,1.0,0.0,26.0,1.0,0.8,0.6,-2.46,-2.46,-2.46,-2.46,1.0,0.0,26.0,1.0,0.8,0.6,1009.14,1011.6,1014.06,1011.6,2.0,5.09,20.0,0.5,0.8,0.7,3.0,3.0,3.0,3.0,1.0,0.0,26.0,1.0,0.8,0.6,-48.7,-48.7,-48.7,-48.7,1.0,0.0,26.0,1.0,0.8,0.6,-17.7,-17.7,-17.7,-17.7,1.0,0.0,26.0,1.0,0.8,0.6,-1.5,-1.5,-1.5,-1.5,1.0,0.0,26.0,1.0,0.8,0.6,-10.8,-10.8,-10.8,-10.8,1.0,0.0,26.0,1.0,0.8,0.6,2.42,2.42,2.42,2.42,1.0,0.0,26.0,1.0,0.8,0.6,17.4,17.4,17.4,17.4,1.0,0.0,26.0,1.0,0.8,0.6,-199.6,-199.6,-199.6,-199.6,1.0,0.0,26.0,1.0,0.8,0.6,-72.6,-72.6,-72.6,-72.6,1.0,0.0,26.0,1.0,0.8,0.6,-144.5,-144.5,-144.5,-144.5,1.0,0.0,26.0,1.0,0.8,0.6,-52.6,-52.6,-52.6,-52.6,1.0,0.0,26.0,1.0,0.8,0.6,-16.4,-16.4,-16.4,-16.4,1.0,0.0,26.0,1.0,0.8,0.6,-6.0,-6.0,-6.0,-6.0,1.0,0.0,26.0,1.0,0.8,0.6,373.0,373.0,373.0,373.0,1.0,0.0,26.0,1.0,0.8,0.6,375.0,375.0,375.0,375.0,1.0,0.0,26.0,1.0,0.8,0.6
1974,2,143.0,12.0,27.19,28.0,29.0,28.02,16.0,0.9,16.0,0.6,0.6,0.5,26.35,27.5,28.5,27.49,17.0,1.09,16.0,0.6,0.6,0.5,17.88,18.67,20.4,18.83,16.0,1.59,18.0,0.6,0.6,0.5,78.4,83.7,86.0,82.2,16.0,6.2,18.0,0.6,0.5,5.42,8.2,9.99,8.14,17.0,2.67,16.0,0.6,0.6,0.5,-9.61,-7.2,-5.39,-7.59,17.0,2.29,16.0,0.6,0.6,0.5,-4.49,-1.88,0.0,-2.02,17.0,2.59,16.0,0.6,0.6,0.5,1008.21,1009.2,1011.36,1009.61,18.0,2.13,16.0,0.6,0.6,0.5,3.0,4.0,5.5,4.3,17.0,1.4,16.0,0.6,0.6,0.5,-96.8,-58.0,-29.3,-67.3,17.0,45.3,16.0,0.6,0.6,0.5,-40.3,-15.4,0.0,-20.4,17.0,31.8,16.0,0.6,0.6,0.5,-0.31,0.5,1.25,0.46,16.0,1.17,16.0,0.6,0.6,0.5,-2.1,3.9,12.2,4.4,16.0,9.6,16.0,0.6,0.6,0.5,3.48,4.49,5.07,4.74,15.0,1.52,18.0,0.6,0.6,0.5,21.3,36.4,43.8,36.0,15.0,16.7,18.0,0.6,0.6,0.5,-254.3,-195.9,-148.9,-208.1,17.0,63.1,16.0,0.6,0.6,0.5,-116.7,-49.5,0.0,-55.3,17.0,71.1,16.0,0.6,0.6,0.5,-152.2,-130.7,-106.2,-134.7,16.0,29.4,18.0,0.6,0.6,0.5,-72.5,-28.9,0.0,-32.1,16.0,39.4,18.0,0.6,0.6,0.5,-38.5,-32.7,-20.9,-33.6,15.0,15.4,18.0,0.6,0.6,0.5,-17.8,-5.8,0.0,-6.3,15.0,13.2,18.0,0.6,0.6,0.5,161.0,551.5,1014.0,720.5,17.0,839.0,16.0,0.6,0.6,0.5,160.0,550.0,1015.0,720.0,17.0,840.0,16.0,0.6,0.6,0.5
1974,2,143.0,13.0,27.0,28.0,28.5,27.77,19.0,0.71,14.0,0.7,0.3,0.4,26.5,27.5,28.3,27.49,20.0,1.14,14.0,0.6,0.3,0.4,16.34,17.58,19.23,18.06,19.0,1.82,14.0,0.7,0.3,0.4,71.1,77.7,85.6,78.8,19.0,7.9,14.0,0.7,0.4,7.2,7.95,9.3,8.39,20.0,2.3,14.0,0.6,0.3,0.4,-8.74,-7.7,-6.11,-7.84,20.0,2.29,14.0,0.6,0.3,0.4,-4.4,-1.92,0.0,-1.79,20.0,2.46,14.0,0.6,0.3,0.4,1007.67,1009.8,1012.86,1010.15,21.0,2.43,14.0,0.6,0.3,0.4,2.0,4.0,5.0,3.5,20.0,2.0,14.0,0.6,0.3,0.4,-81.3,-59.3,-44.9,-70.7,20.0,40.8,14.0,0.6,0.3,0.4,-38.1,-18.8,0.0,-17.1,20.0,22.5,14.0,0.6,0.3,0.4,-0.99,0.5,1.66,0.31,19.0,1.43,14.0,0.7,0.3,0.4,-9.2,3.9,13.3,1.3,19.0,14.2,14.0,0.7,0.3,0.4,3.68,5.76,7.17,5.37,19.0,1.7,14.0,0.7,0.3,0.4,31.8,46.7,58.1,44.5,19.0,14.7,14.0,0.7,0.3,0.4,-257.6,-207.1,-165.3,-216.4,20.0,68.2,14.0,0.6,0.3,0.4,-118.8,-55.4,0.0,-49.2,20.0,68.3,14.0,0.6,0.3,0.4,-175.2,-141.1,-103.0,-144.1,19.0,48.8,14.0,0.7,0.3,0.4,-81.8,-45.2,0.0,-33.1,19.0,45.4,14.0,0.7,0.3,0.4,-52.9,-43.7,-27.7,-41.2,19.0,13.0,14.0,0.7,0.3,0.4,-23.0,-7.7,0.0,-9.9,19.0,15.6,14.0,0.7,0.3,0.4,373.0,504.0,804.5,722.0,20.0,634.5,14.0,0.6,0.3,0.4,375.0,505.0,805.0,720.0,20.0,635.0,14.0,0.6,0.3,0.4
1974,2,143.0,14.0,26.68,27.5,28.0,27.39,13.0,0.64,16.0,0.8,0.4,0.3,26.0,27.0,28.0,26.89,12.0,1.14,16.0,0.8,0.4,0.3,16.52,17.78,19.36,17.82,11.0,1.61,14.0,0.7,0.4,0.4,74.8,81.9,85.1,80.0,11.0,5.4,14.0,0.7,0.4,5.1,11.8,13.0,10.16,13.0,3.91,16.0,0.8,0.4,0.3,-12.29,-8.29,-3.13,-8.02,13.0,4.73,16.0,0.8,0.4,0.3,-8.85,-4.21,0.0,-4.1,13.0,4.1,16.0,0.8,0.4,0.3,1009.81,1010.5,1011.08,1010.57,13.0,1.29,16.0,0.8,0.4,0.3,3.9,5.0,6.1,4.8,13.0,2.0,16.0,0.8,0.4,0.3,-159.9,-83.2,-22.8,-93.4,13.0,77.8,16.0,0.8,0.4,0.3,-85.7,-47.6,0.0,-48.1,13.0,46.6,16.0,0.8,0.4,0.3,-0.63,0.5,1.25,0.56,12.0,1.27,16.0,0.8,0.4,0.3,-4.9,6.4,14.0,4.2,12.0,10.1,16.0,0.8,0.4,0.3,3.98,4.81,6.62,5.22,11.0,1.28,14.0,0.7,0.4,0.4,30.4,56.7,63.6,52.9,11.0,26.8,14.0,0.7,0.4,0.4,-346.8,-209.1,-82.6,-207.3,12.0,128.7,16.0,0.8,0.4,0.3,-243.8,-113.1,0.0,-110.1,12.0,115.9,16.0,0.8,0.4,0.3,-220.7,-134.8,-53.9,-131.7,11.0,80.3,14.0,0.7,0.4,0.4,-167.0,-71.0,0.0,-72.5,11.0,84.4,14.0,0.7,0.4,0.4,-60.6,-39.1,-14.8,-41.6,11.0,31.0,14.0,0.7,0.4,0.4,-47.0,-19.6,0.0,-20.7,11.0,21.5,14.0,0.7,0.4,0.4,132.5,1643.0,2198.0,1448.5,13.0,1161.0,16.0,0.8,0.4,0.3,135.0,1645.0,2200.0,1450.0,13.0,1160.0,16.0,0.8,0.4,0.3
1974,2,143.0,15.0,26.21,27.0,27.33,26.91,10.0,0.68,16.0,0.5,0.4,0.3,26.09,26.45,28.59,27.1,10.0,1.48,16.0,0.5,0.4,0.3,15.64,17.32,18.5,17.28,8.0,1.95,16.0,0.5,0.4,0.3,73.5,78.0,81.3,78.1,8.0,4.7,16.0,0.5,0.3,7.63,9.8,15.81,11.01,10.0,3.79,16.0,0.5,0.4,0.3,-10.79,-8.83,-6.9,-9.08,10.0,2.35,16.0,0.5,0.4,0.3,-9.65,-5.12,-2.61,-5.65,10.0,4.05,16.0,0.5,0.4,0.3,1009.71,1010.35,1012.66,1010.75,10.0,1.58,16.0,0.5,0.4,0.3,2.4,4.0,6.7,4.3,10.0,2.2,16.0,0.5,0.4,0.3,-181.2,-86.6,-51.2,-106.8,10.0,61.1,16.0,0.5,0.4,0.3,-151.8,-48.1,-20.0,-74.5,10.0,76.9,16.0,0.5,0.4,0.3,-1.1,0.0,1.0,-0.19,10.0,1.31,16.0,0.5,0.4,0.3,-10.3,0.3,11.9,-0.9,10.0,13.8,16.0,0.5,0.4,0.3,3.54,5.34,6.41,5.11,8.0,1.48,16.0,0.5,0.4,0.3,36.8,48.0,97.8,61.1,8.0,30.5,16.0,0.5,0.4,0.3,-289.9,-250.0,-182.7,-245.3,10.0,59.2,16.0,0.5,0.4,0.3,-251.8,-134.0,-72.6,-152.0,10.0,107.6,16.0,0.5,0.4,0.3,-190.7,-167.2,-125.2,-161.0,8.0,35.9,16.0,0.5,0.4,0.3,-195.0,-86.2,-60.5,-108.3,8.0,71.9,16.0,0.5,0.4,0.3,-62.9,-41.2,-31.9,-49.0,8.0,23.8,16.0,0.5,0.4,0.3,-59.6,-27.8,-10.0,-33.2,8.0,25.0,16.0,0.5,0.4,0.3,449.5,948.5,3985.0,1790.0,10.0,1764.5,16.0,0.5,0.4,0.3,450.0,950.0,3985.0,1790.0,10.0,1765.0,16.0,0.5,0.4,0.3
1974,2,143.0,16.0,26.68,27.45,28.31,27.39,16.0,0.91,14.0,0.4,0.6,0.6,24.0,25.75,26.81,25.56,16.0,1.68,14.0,0.4,0.6,0.6,14.86,16.96,18.12,16.7,14.0,1.43,12.0,0.4,0.6,0.5,69.6,85.1,92.3,81.8,15.0,10.5,14.0,0.5,0.6,6.81,9.8,11.19,9.18,15.0,2.89,14.0,0.5,0.6,0.6,-10.28,-7.2,-5.79,-7.75,15.0,2.98,14.0,0.5,0.6,0.6,-7.3,-3.69,0.0,-3.29,15.0,3.72,14.0,0.5,0.6,0.6,1009.69,1012.5,1014.0,1012.03,15.0,1.85,14.0,0.4,0.6,0.6,3.0,4.5,8.0,4.9,16.0,2.4,14.0,0.4,0.6,0.6,-108.8,-68.2,-46.4,-78.0,15.0,48.3,14.0,0.5,0.6,0.6,-78.7,-33.6,0.0,-36.0,15.0,42.8,14.0,0.5,0.6,0.6,0.0,2.5,3.06,1.83,16.0,1.92,14.0,0.4,0.6,0.6,0.0,21.8,32.0,17.5,15.0,17.8,14.0,0.5,0.6,0.6,4.16,6.39,8.08,6.26,14.0,1.99,12.0,0.4,0.6,0.5,39.9,61.4,83.2,59.8,13.0,25.3,14.0,0.5,0.6,0.5,-267.8,-198.8,-140.8,-197.9,15.0,76.2,14.0,0.5,0.6,0.6,-179.8,-97.9,0.0,-81.7,15.0,92.5,14.0,0.5,0.6,0.6,-185.6,-128.9,-104.2,-133.6,13.0,50.3,14.0,0.5,0.6,0.5,-127.9,-68.0,0.0,-69.3,13.0,59.1,14.0,0.5,0.6,0.5,-83.2,-53.5,-20.7,-51.3,13.0,27.0,14.0,0.5,0.6,0.5,-37.3,-24.4,0.0,-23.2,13.0,18.9,14.0,0.5,0.6,0.5,317.0,941.0,1402.5,989.0,15.0,878.5,14.0,0.5,0.6,0.6,315.0,940.0,1400.0,990.0,15.0,880.0,14.0,0.5,0.6,0.6
1974,2,143.0,17.0,25.77,27.0,28.14,26.88,17.0,1.28,12.0,0.6,0.4,0.5,23.54,25.5,27.43,25.52,17.0,1.78,12.0,0.6,0.4,0.5,15.21,16.42,18.37,16.45,17.0,1.66,12.0,0.6,0.4,0.5,73.4,79.5,87.9,80.7,17.0,7.1,12.0,0.6,0.5,5.42,9.3,11.76,8.62,17.0,3.51,12.0,0.6,0.4,0.5,-9.59,-7.53,-2.98,-6.64,17.0,4.01,12.0,0.6,0.4,0.5,-6.78,-3.35,0.65,-3.37,17.0,4.04,12.0,0.6,0.4,0.5,1010.63,1012.0,1013.59,1012.24,17.0,2.16,12.0,0.6,0.4,0.5,1.0,4.0,8.0,4.6,17.0,2.8,12.0,0.6,0.4,0.5,-108.2,-66.2,-19.2,-66.4,17.0,50.6,12.0,0.6,0.4,0.5,-79.2,-33.6,2.6,-36.5,17.0,45.2,12.0,0.6,0.4,0.5,0.0,1.7,3.18,1.36,17.0,1.78,12.0,0.6,0.4,0.5,0.0,6.2,35.5,14.1,17.0,18.8,12.0,0.6,0.4,0.5,3.83,6.1,7.95,5.76,17.0,2.28,12.0,0.6,0.4,0.5,23.0,60.2,76.1,52.2,17.0,32.2,12.0,0.6,0.4,0.5,-244.4,-198.8,-73.3,-169.8,17.0,100.1,12.0,0.6,0.4,0.5,-166.3,-82.1,16.5,-81.8,17.0,95.9,12.0,0.6,0.4,0.5,-160.0,-125.2,-47.7,-106.7,17.0,61.8,12.0,0.6,0.4,0.5,-115.3,-45.6,10.5,-53.7,17.0,64.3,12.0,0.6,0.4,0.5,-68.8,-36.6,-5.9,-42.0,17.0,33.3,12.0,0.6,0.4,0.5,-40.2,-19.3,0.0,-19.5,17.0,23.1,12.0,0.6,0.4,0.5,161.0,804.5,1635.5,909.5,17.0,750.5,12.0,0.6,0.4,0.5,160.0,805.0,1635.0,910.0,17.0,750.0,12.0,0.6,0.4,0.5
1974,2,143.0,18.0,25.21,26.4,27.87,26.57,9.0,1.59,14.0,0.3,0.6,0.3,22.99,24.5,25.12,24.43,9.0,1.61,12.0,0.3,0.5,0.3,12.8,14.51,16.27,14.48,9.0,1.94,12.0,0.3,0.5,0.3,67.1,80.4,86.9,76.7,9.0,13.4,12.0,0.3,0.3,8.41,10.55,12.3,10.32,10.0,2.18,12.0,0.3,0.5,0.3,-9.39,-8.55,-6.87,-7.68,10.0,2.5,12.0,0.3,0.5,0.3,-7.91,-6.0,-4.21,-6.36,10.0,2.51,12.0,0.3,0.5,0.3,1012.54,1014.75,1016.86,1014.71,10.0,2.14,12.0,0.3,0.5,0.3,3.7,7.5,8.0,6.2,10.0,2.6,12.0,0.3,0.5,0.3,-111.9,-90.8,-61.4,-82.4,10.0,33.1,12.0,0.3,0.5,0.3,-97.2,-55.7,-35.4,-69.2,10.0,40.2,12.0,0.3,0.5,0.3,0.52,2.7,4.49,2.28,8.0,2.39,14.0,0.4,0.6,0.2,4.4,28.2,52.4,25.3,8.0,29.9,14.0,0.4,0.6,0.2,6.36,8.05,9.18,7.88,8.0,1.76,14.0,0.4,0.6,0.2,54.9,88.8,113.0,87.1,8.0,33.4,14.0,0.4,0.6,0.2,-226.9,-202.5,-167.2,-184.1,9.0,66.1,12.0,0.3,0.5,0.3,-214.2,-155.1,-102.1,-158.3,9.0,67.2,12.0,0.3,0.5,0.3,-131.3,-116.4,-93.4,-106.3,9.0,36.4,12.0,0.3,0.5,0.3,-110.1,-89.2,-56.1,-92.8,9.0,40.0,12.0,0.3,0.5,0.3,-83.0,-69.9,-51.1,-65.6,8.0,17.5,14.0,0.4,0.6,0.2,-72.6,-50.9,-22.2,-54.5,8.0,34.2,14.0,0.4,0.6,0.2,597.5,1176.0,1861.0,1229.0,10.0,695.0,12.0,0.3,0.5,0.3,595.0,1175.0,1860.0,1230.0,10.0,695.0,12.0,0.3,0.5,0.3
1974,2,143.0,19.0,25.59,26.0,27.0,26.18,13.0,0.72,12.0,0.8,0.5,0.3,22.6,23.75,27.47,24.59,14.0,2.35,12.0,0.8,0.5,0.4,11.77,14.47,17.3,14.58,11.0,2.64,14.0,0.9,0.4,0.3,68.5,76.5,84.2,76.2,12.0,7.6,12.0,0.8,0.3,2.39,8.45,9.3,7.31,14.0,3.53,12.0,0.8,0.5,0.4,-8.54,-7.38,-1.63,-5.16,14.0,4.21,12.0,0.8,0.5,0.4,-7.35,-1.47,0.0,-3.1,14.0,3.66,12.0,0.8,0.5,0.4,1012.45,1014.1,1016.13,1014.25,13.0,2.46,12.0,0.8,0.5,0.3,2.0,5.5,8.0,4.9,14.0,2.7,12.0,0.8,0.5,0.4,-74.9,-55.6,-3.4,-44.4,14.0,41.1,12.0,0.8,0.5,0.4,-64.1,-12.4,0.0,-29.5,14.0,40.1,12.0,0.8,0.5,0.4,-1.19,2.3,3.4,1.78,13.0,2.14,12.0,0.8,0.5,0.3,-4.2,21.8,27.5,18.5,13.0,17.3,12.0,0.8,0.5,0.3,4.65,7.45,8.73,6.63,11.0,2.38,14.0,0.9,0.4,0.3,31.1,64.1,80.8,56.8,11.0,28.3,14.0,0.9,0.4,0.3,-201.2,-171.8,-44.4,-124.1,14.0,99.4,12.0,0.8,0.5,0.4,-163.2,-38.6,0.0,-72.8,14.0,84.5,12.0,0.8,0.5,0.4,-131.5,-92.0,-30.4,-74.1,11.0,59.5,14.0,0.9,0.4,0.3,-98.4,-49.2,-7.8,-52.4,11.0,55.5,14.0,0.9,0.4,0.3,-68.3,-49.1,-5.4,-37.6,11.0,35.5,14.0,0.9,0.4,0.3,-57.2,-37.8,-1.4,-27.4,11.0,26.6,14.0,0.9,0.4,0.3,27.5,605.0,804.5,610.0,14.0,494.0,12.0,0.8,0.5,0.4,30.0,605.0,805.0,610.0,14.0,495.0,12.0,0.8,0.5,0.4
1974,2,143.0,20.0,25.0,25.5,26.92,25.74,9.0,1.14,12.0,0.8,0.4,0.2,23.0,24.5,26.19,24.47,10.0,1.65,12.0,0.7,0.4,0.2,12.79,14.53,16.27,14.71,10.0,1.64,12.0,0.7,0.4,0.2,68.2,77.9,84.2,77.0,10.0,7.8,12.0,0.7,0.2,4.64,9.55,10.8,7.88,10.0,3.77,12.0,0.7,0.4,0.2,-9.01,-6.12,-1.31,-5.46,10.0,3.8,12.0,0.7,0.4,0.2,-5.21,-0.58,6.11,-0.11,10.0,5.97,12.0,0.7,0.4,0.2,1007.93,1012.0,1018.7,1012.82,10.0,5.02,12.0,0.7,0.4,0.2,1.4,7.0,8.0,5.5,10.0,3.0,12.0,0.7,0.4,0.2,-86.4,-61.1,-4.1,-51.9,10.0,39.3,12.0,0.7,0.4,0.2,-39.3,-3.9,65.6,2.8,10.0,62.0,12.0,0.7,0.4,0.2,0.0,0.5,2.94,1.11,9.0,1.58,12.0,0.8,0.4,0.2,0.0,0.0,29.9,9.7,9.0,16.4,12.0,0.8,0.4,0.2,3.44,6.76,7.49,5.8,9.0,1.9,12.0,0.8,0.4,0.2,20.4,35.2,78.7,45.8,9.0,30.0,12.0,0.8,0.4,0.2,-215.6,-148.8,-35.3,-132.3,10.0,89.8,12.0,0.7,0.4,0.2,-120.8,-13.6,158.8,3.5,10.0,146.9,12.0,0.7,0.4,0.2,-123.8,-91.5,-22.7,-80.6,10.0,54.8,12.0,0.7,0.4,0.2,-69.2,-9.1,90.2,4.0,10.0,87.4,12.0,0.7,0.4,0.2,-58.2,-29.9,-17.1,-35.2,9.0,22.9,12.0,0.8,0.4,0.2,-24.8,0.0,23.7,-0.8,9.0,36.7,12.0,0.8,0.4,0.2,146.0,873.0,1259.5,743.0,10.0,541.5,12.0,0.7,0.4,0.2,145.0,875.0,1260.0,745.0,10.0,540.0,12.0,0.7,0.4,0.2
1974,2,143.0,21.0,23.34,24.0,26.1,24.64,5.0,2.13,12.0,0.6,0.4,0.4,21.86,24.0,25.0,23.36,7.0,2.18,12.0,0.6,0.3,0.4,11.2,12.34,14.6,12.85,5.0,1.88,14.0,0.6,0.3,0.3,70.2,76.4,79.5,74.6,5.0,8.1,14.0,0.6,0.3,2.58,6.2,10.37,6.77,7.0,3.8,12.0,0.6,0.3,0.4,-9.02,-1.97,-0.38,-4.45,7.0,4.78,12.0,0.6,0.3,0.4,-4.81,-4.04,2.73,-1.32,7.0,4.46,12.0,0.6,0.3,0.4,1011.86,1016.5,1019.93,1016.47,7.0,4.09,12.0,0.6,0.3,0.4,1.6,5.0,8.0,4.7,6.0,3.7,12.0,0.7,0.2,0.3,-93.7,-8.9,-0.8,-43.6,7.0,54.8,12.0,0.6,0.3,0.4,-47.9,-24.4,8.1,-17.5,7.0,33.9,12.0,0.6,0.3,0.4,-0.87,0.0,2.19,0.74,5.0,3.09,12.0,0.6,0.4,0.4,-5.1,0.0,22.6,9.6,5.0,29.8,12.0,0.6,0.4,0.4,4.34,5.86,9.33,6.79,4.0,3.23,14.0,0.8,0.3,0.2,29.5,60.0,92.6,61.0,4.0,43.8,14.0,0.8,0.3,0.2,-199.6,-49.5,-9.5,-103.3,7.0,112.8,12.0,0.6,0.3,0.4,-111.7,-91.1,68.1,-26.0,7.0,104.0,12.0,0.6,0.3,0.4,-127.1,-90.6,-26.4,-81.4,5.0,57.1,14.0,0.6,0.3,0.3,-59.4,-53.2,-29.2,-43.0,5.0,30.6,14.0,0.6,0.3,0.3,-80.2,-53.9,-27.7,-54.0,4.0,37.4,14.0,0.8,0.3,0.2,-46.3,-25.9,-6.9,-26.6,4.0,25.6,14.0,0.8,0.3,0.2,17.0,238.5,1119.0,562.5,7.0,632.5,12.0,0.6,0.3,0.4,15.0,240.0,1120.0,565.0,7.0,630.0,12.0,0.6,0.3,0.4
1974,2,143.0,22.0,22.79,24.5,26.21,24.5,2.0,3.54,24.0,0.5,0.3,0.3,25.0,25.0,25.0,25.0,2.0,0.0,24.0,0.5,0.3,0.3,16.61,16.98,17.34,16.98,2.0,0.76,24.0,0.5,0.3,0.3,84.3,86.1,87.8,86.1,2.0,3.7,24.0,0.5,0.3,1.57,2.8,4.03,2.8,2.0,2.55,24.0,0.5,0.3,0.3,-1.32,-0.79,-0.25,-0.79,2.0,1.11,24.0,0.5,0.3,0.3,1.53,2.66,3.8,2.66,2.0,2.35,24.0,0.5,0.3,0.3,1013.15,1013.7,1014.25,1013.7,2.0,1.13,24.0,0.5,0.3,0.3,1.5,2.5,3.5,2.5,2.0,2.1,24.0,0.5,0.3,0.3,-6.1,-3.6,-1.1,-3.6,2.0,5.1,24.0,0.5,0.3,0.3,4.0,10.4,16.9,10.4,2.0,13.4,24.0,0.5,0.3,0.3,-2.21,-0.5,1.21,-0.5,2.0,3.54,24.0,0.5,0.3,0.3,-11.3,-5.9,-0.5,-5.9,2.0,11.2,24.0,0.5,0.3,0.3,0.05,2.39,4.73,2.39,2.0,4.86,24.0,0.5,0.3,0.3,-3.1,0.5,4.1,0.5,2.0,7.5,24.0,0.5,0.3,0.3,-33.1,-19.7,-6.2,-19.7,2.0,27.8,24.0,0.5,0.3,0.3,38.2,66.5,94.9,66.5,2.0,58.7,24.0,0.5,0.3,0.3,-23.2,-13.8,-4.4,-13.8,2.0,19.5,24.0,0.5,0.3,0.3,25.8,46.1,66.3,46.1,2.0,41.9,24.0,0.5,0.3,0.3,0.3,0.8,1.4,0.8,2.0,1.2,24.0,0.5,0.3,0.3,-2.9,0.7,4.2,0.7,2.0,7.3,24.0,0.5,0.3,0.3,16.5,49.0,82.0,49.0,2.0,68.0,24.0,0.5,0.3,0.3,15.0,50.0,80.0,50.0,2.0,70.0,24.0,0.5,0.3,0.3
1974,2,143.0,23.0,22.67,24.75,25.79,24.25,4.0,2.33,14.0,0.8,0.4,0.5,19.95,22.8,25.03,22.33,7.0,2.66,16.0,0.7,0.4,0.4,10.49,13.29,16.54,13.49,6.0,3.01,16.0,0.7,0.4,0.5,68.5,82.6,89.2,78.3,6.0,14.7,16.0,0.7,0.5,3.79,4.85,6.51,5.05,6.0,1.76,18.0,0.8,0.4,0.4,-2.53,0.67,2.18,-0.14,6.0,3.48,18.0,0.8,0.4,0.4,-5.37,0.7,2.96,-0.68,6.0,4.59,18.0,0.8,0.4,0.4,1011.89,1012.9,1016.24,1014.04,7.0,4.13,16.0,0.7,0.4,0.4,1.0,3.0,7.0,4.1,7.0,3.2,16.0,0.7,0.4,0.4,-13.7,4.4,11.4,-1.8,6.0,19.7,18.0,0.8,0.4,0.4,-31.5,2.9,9.5,-8.4,6.0,28.5,18.0,0.8,0.4,0.4,-1.23,0.45,3.07,0.9,4.0,2.76,14.0,0.8,0.4,0.5,-10.0,-1.6,3.7,-3.1,3.0,10.1,18.0,1.0,0.3,0.4,3.1,5.06,7.63,5.35,4.0,2.97,14.0,0.8,0.4,0.5,16.7,16.9,21.6,19.1,3.0,4.0,18.0,1.0,0.3,0.4,-55.4,15.2,46.2,-0.3,6.0,75.0,18.0,0.8,0.4,0.4,-108.0,17.5,74.1,-9.8,6.0,103.9,18.0,0.8,0.4,0.4,-9.4,17.2,35.9,15.4,5.0,34.1,18.0,0.8,0.3,0.5,-66.8,24.6,43.3,-5.1,5.0,68.1,18.0,0.8,0.3,0.5,0.9,2.9,11.8,6.3,3.0,8.5,18.0,1.0,0.3,0.4,-9.3,5.8,18.0,4.4,3.0,20.1,18.0,1.0,0.3,0.4,58.5,115.0,283.5,168.5,6.0,159.5,18.0,0.8,0.4,0.4,60.0,115.0,285.0,170.0,6.0,160.0,18.0,0.8,0.4,0.4
1974,2,143.0,24.0,22.08,22.9,24.71,23.32,6.0,1.4,16.0,0.5,0.5,0.5,18.61,20.4,21.08,20.1,8.0,1.37,16.0,0.5,0.4,0.4,9.23,9.53,11.93,10.44,6.0,1.79,16.0,0.5,0.5,0.5,61.9,66.1,87.0,71.6,6.0,12.7,16.0,0.5,0.5,4.89,9.0,12.72,9.13,8.0,4.02,16.0,0.5,0.4,0.4,-8.13,0.13,8.62,-0.21,8.0,8.19,16.0,0.5,0.4,0.4,-10.05,-3.01,-0.17,-4.25,8.0,4.85,16.0,0.5,0.4,0.4,1009.64,1014.65,1018.1,1014.48,8.0,5.11,16.0,0.5,0.4,0.4,3.0,7.0,8.0,5.7,7.0,2.4,16.0,0.4,0.4,0.5,-70.0,3.5,80.6,3.0,8.0,95.6,16.0,0.5,0.4,0.4,-113.0,-27.4,-0.8,-50.9,8.0,67.5,16.0,0.5,0.4,0.4,1.62,2.75,4.89,3.18,6.0,1.85,16.0,0.5,0.5,0.5,22.3,26.0,47.9,33.2,6.0,19.7,16.0,0.5,0.5,0.5,6.82,7.4,8.1,7.44,6.0,0.65,16.0,0.5,0.5,0.5,60.6,75.3,95.8,80.5,6.0,25.3,16.0,0.5,0.5,0.5,-168.5,3.3,180.7,-1.1,8.0,167.9,16.0,0.5,0.4,0.4,-186.6,-61.4,-3.7,-84.8,8.0,96.9,16.0,0.5,0.4,0.4,-88.5,0.8,98.3,3.5,6.0,97.8,16.0,0.5,0.5,0.5,-111.5,-46.6,-14.5,-55.2,6.0,51.8,16.0,0.5,0.5,0.5,-64.8,-3.9,65.4,-1.6,6.0,67.8,16.0,0.5,0.5,0.5,-85.3,-37.7,-6.4,-42.3,6.0,40.9,16.0,0.5,0.5,0.5,128.0,731.5,2068.5,1152.5,8.0,1232.5,16.0,0.5,0.4,0.4,130.0,730.0,2070.0,1155.0,8.0,1230.0,16.0,0.5,0.4,0.4
1974,2,143.0,25.0,20.57,21.7,23.13,21.85,12.0,1.46,12.0,0.5,0.5,0.5,17.42,19.5,22.24,19.71,11.0,2.49,14.0,0.4,0.5,0.5,8.57,10.24,14.49,10.9,11.0,2.95,14.0,0.4,0.5,0.5,60.3,77.4,87.2,75.5,11.0,12.6,14.0,0.4,0.5,5.05,6.2,8.35,6.59,13.0,2.15,12.0,0.5,0.5,0.5,-4.81,-2.12,3.66,-1.28,13.0,4.57,12.0,0.5,0.5,0.5,-7.27,-2.96,1.74,-2.53,13.0,4.7,12.0,0.5,0.5,0.5,1013.35,1018.2,1021.35,1017.42,11.0,4.61,14.0,0.4,0.5,0.5,2.0,4.0,6.0,3.9,13.0,2.1,12.0,0.5,0.5,0.5,-24.6,-13.1,24.4,-6.8,13.0,37.1,12.0,0.5,0.5,0.5,-56.0,-13.6,8.9,-19.3,13.0,39.0,12.0,0.5,0.5,0.5,-1.06,2.85,4.51,1.98,10.0,3.0,14.0,0.4,0.5,0.5,-8.4,17.4,34.5,14.4,10.0,20.0,14.0,0.4,0.5,0.5,1.06,6.57,7.78,5.38,10.0,3.87,14.0,0.4,0.5,0.5,8.4,34.6,77.8,39.3,10.0,32.3,14.0,0.4,0.5,0.5,-85.3,-9.7,85.9,-8.9,11.0,91.7,14.0,0.4,0.5,0.5,-158.7,-72.4,-12.0,-63.9,11.0,98.8,14.0,0.4,0.5,0.5,-45.4,-5.3,49.2,-1.4,11.0,50.2,14.0,0.4,0.5,0.5,-71.0,-41.6,-7.1,-31.5,11.0,58.1,14.0,0.4,0.5,0.5,-28.7,-4.1,16.1,-8.6,10.0,31.6,14.0,0.4,0.5,0.5,-58.9,-18.1,4.3,-25.6,10.0,30.9,14.0,0.4,0.5,0.5,129.5,238.5,588.5,373.0,13.0,333.5,12.0,0.5,0.5,0.5,130.0,240.0,590.0,375.0,13.0,335.0,12.0,0.5,0.5,0.5
1974,2,143.0,26.0,19.48,21.0,21.19,20.67,7.0,1.32,16.0,0.1,0.4,0.3,15.93,17.8,19.1,17.77,7.0,2.18,16.0,0.1,0.5,0.4,7.94,10.01,11.87,9.96,7.0,2.23,16.0,0.1,0.5,0.4,68.9,73.7,89.9,78.1,7.0,10.8,16.0,0.1,0.4,4.21,6.95,8.59,6.93,8.0,2.81,16.0,0.1,0.4,0.4,-7.04,-4.59,2.02,-2.44,8.0,6.77,16.0,0.1,0.4,0.4,-3.21,-2.22,1.26,-1.24,8.0,2.88,16.0,0.1,0.4,0.4,1007.29,1015.9,1019.27,1014.7,8.0,7.63,16.0,0.1,0.4,0.4,4.1,6.5,8.0,6.3,8.0,1.9,16.0,0.1,0.4,0.4,-53.9,-27.2,7.0,-10.2,8.0,69.2,16.0,0.1,0.4,0.4,-25.6,-12.5,11.4,-8.2,8.0,20.8,16.0,0.1,0.4,0.4,0.4,3.0,4.81,2.83,6.0,2.38,18.0,0.2,0.5,0.4,2.7,15.8,25.1,16.4,6.0,15.3,18.0,0.2,0.5,0.4,4.18,5.96,6.73,5.42,6.0,1.73,18.0,0.2,0.5,0.4,21.7,32.2,43.0,31.4,6.0,13.5,18.0,0.2,0.5,0.4,-99.4,-85.2,48.4,-31.6,7.0,122.1,16.0,0.1,0.5,0.4,-53.7,-38.0,-10.4,-26.6,7.0,51.6,16.0,0.1,0.5,0.4,-59.8,-48.0,24.2,-14.7,7.0,75.4,16.0,0.1,0.5,0.4,-27.5,-25.2,-7.0,-16.0,7.0,27.8,16.0,0.1,0.5,0.4,-37.3,-24.7,-3.6,-19.3,6.0,21.6,18.0,0.2,0.5,0.4,-23.3,-15.1,2.8,-10.7,6.0,17.8,18.0,0.2,0.5,0.4,76.0,337.0,636.0,487.5,8.0,593.0,16.0,0.1,0.4,0.4,75.0,335.0,635.0,485.0,8.0,595.0,16.0,0.1,0.4,0.4
1974,2,143.0,27.0,18.0,18.0,19.02,18.5,3.0,0.87,14.0,0.0,0.2,0.4,13.38,15.4,17.52,15.45,4.0,2.42,10.0,0.3,0.4,0.5,6.47,6.81,9.21,7.82,3.0,2.18,14.0,0.0,0.2,0.4,69.3,70.3,77.6,73.4,3.0,6.7,14.0,0.0,0.4,4.31,5.65,7.51,5.9,4.0,2.15,10.0,0.3,0.4,0.5,1.1,3.53,5.75,3.43,4.0,2.9,10.0,0.3,0.4,0.5,-5.36,-4.54,-3.34,-4.36,4.0,1.26,10.0,0.3,0.4,0.5,1019.27,1022.0,1022.0,1020.67,3.0,2.31,14.0,0.0,0.2,0.4,2.5,4.0,5.5,4.0,4.0,1.8,10.0,0.3,0.4,0.5,4.0,18.9,44.4,23.9,4.0,25.9,10.0,0.3,0.4,0.5,-37.9,-25.4,-17.0,-27.3,4.0,16.0,10.0,0.3,0.4,0.5,2.36,4.2,4.75,3.57,3.0,1.83,14.0,0.0,0.2,0.4,13.5,26.0,38.0,25.7,3.0,17.9,14.0,0.0,0.2,0.4,4.4,5.9,6.24,5.33,3.0,1.43,14.0,0.0,0.2,0.4,24.5,36.6,49.6,37.0,3.0,18.4,14.0,0.0,0.2,0.4,18.7,52.4,76.6,47.9,4.0,37.3,10.0,0.3,0.4,0.5,-82.7,-63.8,-50.7,-66.6,4.0,20.0,10.0,0.3,0.4,0.5,10.3,32.3,39.0,24.8,3.0,22.0,14.0,0.0,0.2,0.4,-47.2,-35.3,-29.7,-38.4,3.0,13.0,14.0,0.0,0.2,0.4,8.9,28.0,38.0,23.5,3.0,21.7,14.0,0.0,0.2,0.4,-31.9,-23.5,-20.3,-26.0,3.0,8.7,14.0,0.0,0.2,0.4,87.5,185.5,458.5,269.0,4.0,271.0,10.0,0.3,0.4,0.5,90.0,185.0,460.0,270.0,4.0,270.0,10.0,0.3,0.4,0.5
1974,2,143.0,28.0,17.46,19.0,19.68,18.56,5.0,1.56,12.0,0.6,0.4,0.7,13.59,15.6,17.34,15.54,5.0,2.72,12.0,0.6,0.4,0.7,6.25,7.32,8.46,7.35,4.0,1.28,12.0,0.5,0.4,0.7,65.8,73.5,76.4,71.2,4.0,7.4,12.0,0.5,0.7,7.52,12.9,17.73,12.76,5.0,5.33,12.0,0.6,0.4,0.7,4.01,12.7,17.46,10.78,5.0,8.1,12.0,0.6,0.4,0.7,-4.86,-2.95,-1.88,-3.46,5.0,2.43,12.0,0.6,0.4,0.7,1004.35,1006.5,1020.03,1011.26,5.0,8.7,12.0,0.6,0.4,0.7,2.6,4.0,6.7,4.6,5.0,2.4,12.0,0.6,0.4,0.7,28.6,163.9,310.5,169.0,5.0,153.5,12.0,0.6,0.4,0.7,-60.0,-50.2,-21.6,-41.8,5.0,22.5,12.0,0.6,0.4,0.7,0.28,2.7,5.6,3.02,5.0,3.1,12.0,0.6,0.4,0.7,5.1,19.4,89.6,41.9,5.0,45.7,12.0,0.6,0.4,0.7,3.58,6.03,7.75,5.68,4.0,2.5,12.0,0.5,0.4,0.7,26.5,67.8,123.6,74.7,4.0,57.9,12.0,0.5,0.4,0.7,62.4,152.4,291.5,167.9,5.0,137.1,12.0,0.6,0.4,0.7,-81.1,-47.8,-24.2,-54.8,5.0,40.6,12.0,0.6,0.4,0.7,22.3,69.4,99.0,61.1,4.0,53.8,12.0,0.5,0.4,0.7,-43.7,-17.3,-12.2,-27.4,4.0,25.2,12.0,0.5,0.4,0.7,13.5,66.7,121.8,67.6,4.0,65.2,12.0,0.5,0.4,0.7,-22.7,-19.1,-11.5,-17.2,4.0,8.2,12.0,0.5,0.4,0.7,426.0,2146.5,5623.5,2949.5,5.0,2856.5,12.0,0.6,0.4,0.7,425.0,2145.0,5625.0,2950.0,5.0,2855.0,12.0,0.6,0.4,0.7
1974,2,143.0,29.0,17.98,19.5,20.68,19.47,7.0,1.63,12.0,0.6,0.4,0.4,13.82,17.5,20.0,16.86,7.0,3.14,12.0,0.6,0.4,0.4,6.72,9.36,11.66,9.2,6.0,2.74,12.0,0.7,0.3,0.4,63.7,70.1,80.3,71.6,6.0,11.6,12.0,0.7,0.4,6.18,8.7,15.42,10.43,7.0,4.48,12.0,0.6,0.4,0.4,-3.85,5.61,13.85,5.08,7.0,8.82,12.0,0.6,0.4,0.4,-8.08,-0.99,4.09,-1.55,7.0,6.02,12.0,0.6,0.4,0.4,1002.39,1019.8,1020.83,1013.61,7.0,9.67,12.0,0.6,0.4,0.4,1.9,6.0,8.0,5.1,7.0,3.1,12.0,0.6,0.4,0.4,-30.6,32.0,219.8,63.1,7.0,129.0,12.0,0.6,0.4,0.4,-127.4,-5.6,25.7,-31.9,7.0,74.8,12.0,0.6,0.4,0.4,0.95,2.2,4.56,2.61,7.0,2.06,12.0,0.6,0.4,0.4,8.9,19.1,63.9,31.1,7.0,32.8,12.0,0.6,0.4,0.4,3.66,5.31,6.86,5.16,6.0,1.68,12.0,0.7,0.3,0.4,23.3,43.2,82.9,50.9,6.0,30.9,12.0,0.7,0.3,0.4,-72.6,95.0,176.0,82.8,7.0,141.8,12.0,0.6,0.4,0.4,-100.7,-13.8,81.6,-14.5,7.0,96.2,12.0,0.6,0.4,0.4,-48.9,40.3,103.8,32.8,6.0,75.6,12.0,0.7,0.3,0.4,-29.2,-2.7,49.4,3.7,6.0,52.5,12.0,0.7,0.3,0.4,-20.2,28.5,53.5,18.7,6.0,49.3,12.0,0.7,0.3,0.4,-21.8,-3.4,15.8,-9.5,6.0,33.3,12.0,0.7,0.3,0.4,236.0,658.5,3670.0,1687.5,7.0,1705.0,12.0,0.6,0.4,0.4,235.0,660.0,3670.0,1690.0,7.0,1705.0,12.0,0.6,0.4,0.4
1974,2,143.0,30.0,16.98,17.3,18.05,17.49,7.0,0.81,14.0,0.7,0.4,0.5,12.64,14.0,15.31,13.86,7.0,1.51,14.0,0.7,0.4,0.5,6.55,7.04,7.92,7.24,6.0,0.86,14.0,0.8,0.3,0.5,64.5,69.3,85.1,73.8,6.0,12.0,14.0,0.8,0.5,4.05,5.1,9.3,6.31,7.0,2.68,14.0,0.7,0.4,0.5,0.54,1.74,5.61,1.8,7.0,3.54,14.0,0.7,0.4,0.5,-7.17,-4.53,3.61,-2.16,7.0,5.66,14.0,0.7,0.4,0.5,1012.57,1019.3,1022.88,1018.74,7.0,4.79,14.0,0.7,0.4,0.5,1.9,4.0,6.1,4.3,7.0,2.7,14.0,0.7,0.4,0.5,1.1,8.4,49.0,12.2,7.0,32.8,14.0,0.7,0.4,0.5,-66.7,-20.8,15.0,-24.6,7.0,41.8,14.0,0.7,0.4,0.5,1.88,3.3,5.12,3.63,7.0,2.16,14.0,0.7,0.4,0.5,7.7,10.2,47.6,26.9,7.0,24.7,14.0,0.7,0.4,0.5,4.47,4.94,5.96,5.16,6.0,0.9,14.0,0.8,0.3,0.5,19.6,23.1,43.2,30.7,6.0,16.8,14.0,0.8,0.3,0.5,8.9,27.0,71.3,25.8,7.0,43.5,14.0,0.7,0.4,0.5,-92.6,-68.0,55.3,-24.1,7.0,76.4,14.0,0.7,0.4,0.5,-2.4,10.1,22.4,10.0,6.0,26.8,14.0,0.8,0.3,0.5,-56.8,-5.7,27.9,-11.1,6.0,43.5,14.0,0.8,0.3,0.5,-3.2,7.0,13.1,3.7,6.0,18.4,14.0,0.8,0.3,0.5,-34.4,-2.8,18.3,-8.2,6.0,31.2,14.0,0.8,0.3,0.5,67.0,132.5,804.5,371.0,7.0,364.5,14.0,0.7,0.4,0.5,65.0,135.0,805.0,370.0,7.0,365.0,14.0,0.7,0.4,0.5
1974,2,143.0,31.0,15.47,16.8,18.21,16.98,11.0,1.71,16.0,0.5,0.6,0.6,11.67,14.5,17.24,14.7,11.0,3.27,16.0,0.5,0.6,0.6,6.03,7.2,10.12,7.83,11.0,2.14,16.0,0.5,0.6,0.6,65.0,73.0,84.8,73.8,11.0,9.9,16.0,0.5,0.6,8.43,13.4,17.9,13.48,11.0,5.16,16.0,0.5,0.6,0.6,-4.81,5.1,16.51,5.61,11.0,9.88,16.0,0.5,0.6,0.6,-6.81,-3.58,13.35,1.32,11.0,9.61,16.0,0.5,0.6,0.6,1003.32,1013.7,1021.83,1012.75,11.0,9.84,16.0,0.5,0.6,0.6,3.9,6.0,8.0,5.6,10.0,2.3,16.0,0.4,0.6,0.6,-45.5,66.3,302.7,112.5,11.0,191.0,16.0,0.5,0.6,0.6,-104.9,-28.9,183.8,13.6,11.0,136.2,16.0,0.5,0.6,0.6,-0.71,2.0,4.83,2.28,11.0,3.57,16.0,0.5,0.6,0.6,-8.2,23.3,53.2,28.4,11.0,46.5,16.0,0.5,0.6,0.6,1.78,3.68,5.63,4.25,11.0,2.52,16.0,0.5,0.6,0.6,20.6,40.8,98.8,56.9,11.0,40.4,16.0,0.5,0.6,0.6,-49.2,74.8,231.5,88.6,11.0,140.0,16.0,0.5,0.6,0.6,-88.7,-45.2,207.4,38.6,11.0,143.1,16.0,0.5,0.6,0.6,-25.1,47.0,106.4,43.9,11.0,67.6,16.0,0.5,0.6,0.6,-48.2,-22.8,129.7,25.1,11.0,80.3,16.0,0.5,0.6,0.6,-27.0,11.0,76.7,20.6,11.0,49.7,16.0,0.5,0.6,0.6,-31.9,-13.8,27.6,-11.3,11.0,46.1,16.0,0.5,0.6,0.6,626.5,2406.0,6014.5,3470.5,11.0,3607.5,16.0,0.5,0.6,0.6,625.0,2405.0,6015.0,3470.0,11.0,3610.0,16.0,0.5,0.6,0.6
1974,2,143.0,32.0,16.35,17.0,18.16,17.2,23.0,1.24,14.0,0.3,0.4,0.6,10.19,13.15,16.0,13.3,26.0,2.79,14.0,0.3,0.4,0.6,4.92,6.38,8.76,6.89,22.0,2.21,14.0,0.4,0.4,0.6,55.0,66.8,84.8,69.0,22.0,15.5,14.0,0.4,0.6,5.7,8.1,15.81,10.49,24.0,5.25,14.0,0.4,0.4,0.6,-6.88,4.57,15.66,3.63,24.0,10.17,14.0,0.4,0.4,0.6,-4.65,-1.36,2.4,-1.2,24.0,4.85,14.0,0.4,0.4,0.6,1000.1,1014.5,1023.61,1013.12,24.0,10.2,14.0,0.4,0.4,0.6,2.0,5.5,8.0,5.1,26.0,2.7,14.0,0.3,0.4,0.6,-51.2,32.0,249.3,68.7,24.0,168.8,14.0,0.4,0.4,0.6,-35.3,-10.7,20.3,-12.3,24.0,55.4,14.0,0.4,0.4,0.6,0.5,3.5,7.0,3.67,23.0,3.06,14.0,0.3,0.4,0.6,5.1,32.2,56.2,34.9,21.0,32.8,14.0,0.4,0.4,0.6,3.08,6.37,7.06,5.49,20.0,2.39,14.0,0.4,0.4,0.6,23.8,48.5,85.8,55.6,20.0,35.1,14.0,0.4,0.4,0.6,-96.8,67.2,198.8,53.5,24.0,141.5,14.0,0.4,0.4,0.6,-54.8,-17.4,33.5,-7.3,24.0,66.6,14.0,0.4,0.4,0.6,-34.8,41.4,108.5,30.1,22.0,70.7,14.0,0.4,0.4,0.6,-23.2,-5.9,17.3,1.4,22.0,37.1,14.0,0.4,0.4,0.6,-54.7,0.0,79.2,9.1,20.0,62.0,14.0,0.4,0.4,0.6,-36.3,-9.7,0.0,-11.5,20.0,20.3,14.0,0.4,0.4,0.6,185.0,531.5,4025.5,2079.5,24.0,2800.5,14.0,0.4,0.4,0.6,185.0,530.0,4025.0,2080.0,24.0,2800.0,14.0,0.4,0.4,0.6
1974,2,143.0,33.0,15.63,16.95,17.87,16.68,24.0,1.52,16.0,0.5,0.4,0.5,10.0,11.1,15.92,12.32,33.0,3.33,16.0,0.5,0.4,0.5,5.01,6.41,7.78,6.45,26.0,1.64,16.0,0.5,0.5,0.6,57.5,73.4,85.8,71.2,26.0,13.4,16.0,0.5,0.6,5.65,9.3,15.44,10.89,32.0,5.14,16.0,0.5,0.4,0.5,-2.14,2.72,8.82,3.92,32.0,5.87,16.0,0.5,0.4,0.5,-12.16,-4.41,4.05,-3.83,32.0,9.13,16.0,0.5,0.4,0.5,1005.84,1016.4,1022.16,1013.63,30.0,8.07,14.0,0.5,0.5,0.6,3.2,7.0,8.0,6.1,34.0,2.2,16.0,0.5,0.4,0.5,-23.0,25.4,87.3,55.5,32.0,107.3,16.0,0.5,0.4,0.5,-162.6,-33.7,41.8,-34.4,32.0,153.2,16.0,0.5,0.4,0.5,0.39,4.5,7.03,3.82,24.0,3.67,16.0,0.5,0.4,0.5,2.2,35.0,57.4,33.8,22.0,36.0,16.0,0.5,0.4,0.6,3.21,5.23,7.01,5.19,23.0,2.06,16.0,0.5,0.5,0.6,28.2,42.0,67.0,47.9,22.0,24.8,16.0,0.5,0.4,0.6,-20.6,40.4,130.7,55.5,31.0,83.3,16.0,0.5,0.4,0.5,-128.8,-62.8,61.9,-35.9,31.0,123.7,16.0,0.5,0.4,0.5,-6.5,22.3,72.6,34.4,25.0,46.0,16.0,0.4,0.5,0.6,-64.9,-22.6,40.6,-5.8,25.0,69.3,16.0,0.4,0.5,0.6,-13.9,18.7,38.2,18.6,22.0,30.0,16.0,0.5,0.4,0.6,-51.1,-16.6,25.7,-13.3,22.0,39.7,16.0,0.5,0.4,0.6,181.0,804.5,3682.0,2221.5,32.0,3018.5,16.0,0.5,0.4,0.5,180.0,805.0,3680.0,2220.0,32.0,3020.0,16.0,0.5,0.4,0.5
1974,2,143.0,34.0,15.58,17.0,17.81,16.93,26.0,1.54,16.0,0.5,0.5,0.5,7.82,11.0,15.59,11.61,33.0,3.53,14.0,0.5,0.5,0.4,4.89,6.15,8.67,6.75,28.0,2.23,16.0,0.5,0.5,0.5,66.4,76.2,84.1,76.0,28.0,10.9,16.0,0.5,0.5,5.48,10.55,17.88,11.43,34.0,5.0,14.0,0.5,0.5,0.4,-3.77,2.24,10.99,2.86,34.0,6.86,14.0,0.5,0.5,0.4,-13.7,-5.41,4.72,-5.46,34.0,8.57,14.0,0.5,0.5,0.4,1002.16,1011.0,1017.8,1011.07,33.0,7.63,14.0,0.5,0.5,0.4,2.1,7.0,8.0,5.7,33.0,2.4,14.0,0.5,0.5,0.4,-51.5,11.6,134.4,33.6,34.0,98.5,14.0,0.5,0.5,0.4,-245.0,-51.5,24.9,-87.7,34.0,146.5,14.0,0.5,0.5,0.4,0.4,5.5,9.08,5.1,25.0,4.34,16.0,0.5,0.5,0.5,6.0,34.0,117.1,59.6,25.0,62.6,16.0,0.5,0.5,0.5,2.53,5.54,7.46,5.27,25.0,2.73,16.0,0.5,0.5,0.5,22.0,45.9,107.1,57.9,25.0,41.9,16.0,0.5,0.5,0.5,-41.8,26.6,116.3,37.1,33.0,86.6,14.0,0.5,0.5,0.4,-105.8,-56.4,57.6,-45.5,33.0,105.8,14.0,0.5,0.5,0.4,-33.4,21.9,59.7,20.9,28.0,52.6,16.0,0.5,0.5,0.5,-57.0,-31.4,27.9,-18.5,28.0,59.2,16.0,0.5,0.5,0.5,-15.3,12.0,44.7,14.5,25.0,35.8,16.0,0.5,0.5,0.5,-85.7,-27.2,14.3,-32.9,25.0,51.2,16.0,0.5,0.5,0.5,172.5,1176.0,5720.0,2363.5,34.0,2651.5,14.0,0.5,0.5,0.4,175.0,1175.0,5720.0,2365.0,34.0,2650.0,14.0,0.5,0.5,0.4
1974,2,143.0,35.0,15.86,17.0,18.0,16.65,17.0,1.85,12.0,0.5,0.3,0.4,7.0,8.6,11.29,9.26,28.0,2.7,12.0,0.5,0.4,0.4,3.91,4.86,6.07,5.08,16.0,1.55,10.0,0.6,0.3,0.3,57.3,67.7,78.9,67.2,16.0,12.6,10.0,0.6,0.3,8.2,11.3,14.77,11.33,27.0,3.26,12.0,0.6,0.4,0.4,-10.43,-1.74,7.12,-1.32,27.0,8.01,12.0,0.6,0.4,0.4,-11.07,-5.98,4.19,-4.64,27.0,7.45,12.0,0.6,0.4,0.4,1007.93,1013.65,1023.47,1014.37,28.0,7.92,12.0,0.5,0.4,0.4,6.0,7.0,8.0,6.8,26.0,1.4,12.0,0.6,0.4,0.4,-126.1,-8.9,65.2,-12.3,27.0,108.4,12.0,0.6,0.4,0.4,-130.4,-55.6,21.4,-58.6,27.0,100.6,12.0,0.6,0.4,0.4,4.62,7.2,10.46,7.1,17.0,3.09,12.0,0.5,0.3,0.4,31.7,88.5,135.3,83.9,17.0,44.4,12.0,0.5,0.3,0.4,5.4,6.55,8.58,6.79,13.0,1.79,10.0,0.6,0.4,0.3,61.4,86.0,110.4,85.0,13.0,26.5,10.0,0.6,0.4,0.3,-93.0,-10.5,58.1,-18.9,27.0,74.7,12.0,0.6,0.4,0.4,-85.1,-49.8,25.1,-31.3,27.0,81.2,12.0,0.6,0.4,0.4,-56.8,-16.8,46.4,-7.1,15.0,47.0,10.0,0.6,0.3,0.3,-51.4,-22.2,-10.7,-17.5,15.0,50.1,10.0,0.6,0.3,0.3,-64.2,-16.2,81.6,-4.3,13.0,65.2,10.0,0.6,0.4,0.3,-82.4,-45.7,-6.5,-43.2,13.0,47.2,10.0,0.6,0.4,0.3,551.5,1443.0,3229.5,1801.5,27.0,1426.0,12.0,0.6,0.4,0.4,550.0,1445.0,3230.0,1800.0,27.0,1425.0,12.0,0.6,0.4,0.4
1974,2,143.0,36.0,14.0,15.5,18.0,15.79,19.0,1.91,14.0,0.7,0.4,0.5,5.0,8.0,15.0,9.18,24.0,4.34,12.0,0.6,0.4,0.4,3.22,4.29,6.21,4.6,16.0,1.54,14.0,0.7,0.4,0.5,58.2,71.3,89.8,72.6,18.0,16.2,12.0,0.7,0.5,6.85,11.8,16.31,11.95,24.0,5.21,14.0,0.6,0.4,0.4,-0.63,1.38,7.22,1.67,24.0,5.33,14.0,0.6,0.4,0.4,-11.47,-4.87,14.99,-1.93,24.0,11.87,14.0,0.6,0.4,0.4,1006.1,1012.75,1019.0,1012.64,22.0,6.86,14.0,0.6,0.4,0.4,5.8,7.0,8.0,6.6,25.0,1.9,14.0,0.6,0.4,0.4,-6.4,11.1,89.3,26.2,24.0,78.2,14.0,0.6,0.4,0.4,-166.8,-35.6,226.1,-20.5,24.0,194.2,14.0,0.6,0.4,0.4,1.6,8.0,12.0,7.04,19.0,4.8,14.0,0.7,0.4,0.5,11.4,80.2,178.2,85.6,18.0,69.9,14.0,0.7,0.4,0.5,4.66,6.57,8.58,6.62,16.0,2.33,14.0,0.7,0.4,0.5,31.1,61.5,139.4,74.1,16.0,49.6,14.0,0.7,0.4,0.5,-5.5,9.8,43.0,11.1,23.0,35.1,14.0,0.6,0.4,0.4,-77.8,-37.2,178.2,8.9,23.0,129.2,14.0,0.6,0.4,0.4,-22.2,2.6,27.6,4.4,16.0,23.8,14.0,0.7,0.4,0.5,-44.3,-29.5,5.4,-19.5,16.0,49.1,14.0,0.7,0.4,0.5,-34.4,3.2,56.0,9.8,16.0,55.6,14.0,0.7,0.4,0.5,-95.4,-49.9,9.2,-46.2,16.0,53.4,14.0,0.7,0.4,0.5,326.0,1652.0,4415.0,2615.0,24.0,2587.5,14.0,0.6,0.4,0.4,325.0,1650.0,4415.0,2615.0,24.0,2585.0,14.0,0.6,0.4,0.4
1974,2,143.0,37.0,8.91,10.2,13.28,10.62,17.0,2.55,18.0,0.4,0.5,0.4,2.77,6.0,11.18,6.47,17.0,5.25,18.0,0.5,0.5,0.4,3.72,4.87,6.52,5.05,12.0,1.55,18.0,0.4,0.5,0.5,75.1,84.7,90.2,82.9,13.0,9.3,18.0,0.5,0.5,5.33,10.05,11.8,9.99,16.0,4.74,20.0,0.4,0.5,0.4,-1.88,2.95,8.93,2.65,16.0,6.89,20.0,0.4,0.5,0.4,-8.77,-5.03,6.83,-1.84,16.0,8.39,20.0,0.4,0.5,0.4,1004.72,1010.0,1016.1,1011.03,17.0,6.22,20.0,0.4,0.5,0.4,3.7,8.0,8.0,6.7,18.0,2.1,20.0,0.4,0.5,0.4,-7.1,25.1,106.4,41.0,16.0,108.7,20.0,0.4,0.5,0.4,-84.4,-30.2,67.6,-0.5,16.0,125.1,20.0,0.4,0.5,0.4,0.95,5.4,8.39,4.97,16.0,3.88,18.0,0.4,0.5,0.5,2.1,45.2,86.6,45.4,15.0,43.6,20.0,0.4,0.5,0.5,2.01,3.11,4.38,3.01,12.0,1.53,18.0,0.4,0.5,0.5,8.6,32.0,47.2,29.4,12.0,19.3,18.0,0.4,0.5,0.5,-18.2,5.1,65.6,24.2,16.0,73.5,20.0,0.4,0.5,0.4,-38.0,-14.9,50.9,10.6,16.0,84.8,20.0,0.4,0.5,0.4,-19.7,19.2,58.5,19.2,12.0,49.6,18.0,0.4,0.5,0.5,-29.0,-5.0,63.2,10.9,12.0,51.8,18.0,0.4,0.5,0.5,-10.8,2.9,26.2,5.0,12.0,26.4,18.0,0.4,0.5,0.5,-27.9,-4.3,22.6,-4.1,12.0,24.0,18.0,0.4,0.5,0.5,152.5,1017.0,1643.0,1710.0,16.0,2568.0,20.0,0.4,0.5,0.4,155.0,1015.0,1645.0,1710.0,16.0,2570.0,20.0,0.4,0.5,0.4
1974,2,143.0,38.0,1.16,7.35,9.49,6.29,14.0,3.79,18.0,0.4,0.5,0.3,2.51,3.25,8.59,4.86,14.0,3.03,18.0,0.4,0.5,0.3,2.9,4.52,5.73,4.29,9.0,1.37,20.0,0.4,0.6,0.3,65.1,76.7,86.3,75.9,9.0,12.0,20.0,0.4,0.3,3.59,7.45,11.36,7.82,12.0,4.44,18.0,0.5,0.5,0.3,-3.27,2.49,6.11,1.88,12.0,4.95,18.0,0.5,0.5,0.3,-6.5,-0.17,6.96,-0.32,12.0,7.61,18.0,0.5,0.5,0.3,1008.66,1013.15,1021.03,1013.77,12.0,8.8,18.0,0.5,0.5,0.3,2.5,7.5,8.0,5.8,12.0,3.0,18.0,0.5,0.6,0.3,-36.8,8.7,47.5,12.9,12.0,48.9,18.0,0.5,0.5,0.3,-56.6,-0.2,53.0,-11.2,12.0,101.3,18.0,0.5,0.5,0.3,-1.82,1.35,3.78,1.42,14.0,4.08,18.0,0.4,0.5,0.3,-15.7,10.7,52.0,11.8,12.0,35.9,18.0,0.5,0.5,0.3,0.93,1.68,2.49,1.4,9.0,1.6,20.0,0.4,0.6,0.3,4.1,10.9,24.6,10.9,9.0,13.8,20.0,0.4,0.6,0.3,-12.3,10.1,22.1,6.1,12.0,19.4,18.0,0.5,0.5,0.3,-20.3,0.0,61.9,9.9,12.0,39.7,18.0,0.5,0.5,0.3,-14.7,13.0,22.6,6.0,9.0,18.2,20.0,0.4,0.6,0.3,-14.1,0.0,43.3,5.8,9.0,39.4,20.0,0.4,0.6,0.3,-2.7,6.0,9.7,5.0,9.0,8.6,20.0,0.4,0.6,0.3,-13.4,-1.1,9.3,-1.5,9.0,14.8,20.0,0.4,0.6,0.3,53.5,415.0,1498.0,924.0,12.0,1295.0,18.0,0.5,0.5,0.3,55.0,415.0,1500.0,925.0,12.0,1295.0,18.0,0.5,0.5,0.3
1974,2,143.0,39.0,1.73,3.6,6.14,4.19,10.0,2.68,14.0,0.4,0.4,0.3,1.82,3.0,3.54,3.11,11.0,1.85,14.0,0.5,0.4,0.3,3.02,3.93,4.24,3.64,3.0,0.93,18.0,0.3,0.5,0.0,66.1,84.2,89.4,77.9,3.0,17.9,18.0,0.3,0.0,2.03,3.6,7.51,4.54,9.0,2.92,12.0,0.6,0.4,0.4,-4.56,-1.05,1.65,-0.48,9.0,4.38,12.0,0.6,0.4,0.4,-4.76,-1.88,1.33,-1.49,9.0,3.13,12.0,0.6,0.4,0.4,1011.03,1015.8,1019.49,1015.28,9.0,4.76,12.0,0.6,0.4,0.4,4.3,8.0,8.0,6.5,11.0,2.8,14.0,0.5,0.4,0.3,-24.2,-2.2,3.3,0.1,9.0,37.0,12.0,0.6,0.4,0.4,-27.3,-3.8,2.8,-7.2,9.0,23.2,12.0,0.6,0.4,0.4,-1.26,0.75,4.93,1.57,10.0,2.93,14.0,0.4,0.4,0.3,-2.1,11.5,26.4,12.1,8.0,14.5,12.0,0.5,0.4,0.4,0.77,1.44,2.06,1.42,3.0,0.94,18.0,0.3,0.5,0.0,3.0,7.4,18.0,10.4,3.0,11.3,18.0,0.3,0.5,0.0,-11.9,-3.1,4.0,-1.3,9.0,11.4,12.0,0.6,0.4,0.4,-7.0,-5.3,4.3,-3.9,9.0,9.6,12.0,0.6,0.4,0.4,-15.1,-4.6,14.9,-0.2,3.0,22.3,18.0,0.3,0.5,0.0,2.5,8.0,8.5,5.6,3.0,4.8,18.0,0.3,0.5,0.0,-5.2,-0.5,14.6,4.6,3.0,15.1,18.0,0.3,0.5,0.0,0.3,0.8,5.6,2.9,3.0,4.3,18.0,0.3,0.5,0.0,8.5,46.5,438.0,211.5,9.0,320.5,12.0,0.6,0.4,0.4,10.0,45.0,440.0,210.0,9.0,320.0,12.0,0.6,0.4,0.4
1974,2,143.0,40.0,1.47,4.7,7.3,4.52,11.0,3.35,20.0,0.5,0.4,0.4,0.99,2.3,3.08,2.14,13.0,1.8,18.0,0.5,0.5,0.4,2.87,3.51,3.97,3.41,5.0,0.76,22.0,0.8,0.5,0.2,63.9,81.7,86.0,75.5,5.0,13.5,22.0,0.8,0.2,2.1,4.35,5.38,4.36,12.0,2.8,18.0,0.5,0.4,0.4,-0.14,1.64,2.97,1.75,12.0,3.51,18.0,0.5,0.4,0.4,-4.27,-1.98,1.42,-1.73,12.0,3.1,18.0,0.5,0.4,0.4,1011.12,1014.8,1019.82,1015.05,12.0,6.06,18.0,0.5,0.4,0.4,2.8,8.0,8.0,6.3,11.0,3.1,18.0,0.5,0.4,0.4,-0.4,3.9,14.2,12.8,12.0,36.2,18.0,0.5,0.4,0.4,-25.0,-4.7,5.6,-11.2,12.0,22.7,18.0,0.5,0.4,0.4,-0.01,1.7,5.0,2.75,11.0,2.84,20.0,0.5,0.4,0.4,0.2,7.1,19.9,11.4,10.0,13.1,20.0,0.6,0.4,0.4,0.84,2.31,3.51,2.21,5.0,1.43,22.0,0.8,0.5,0.2,3.0,6.9,10.3,6.6,5.0,4.0,22.0,0.8,0.5,0.2,-4.3,2.3,9.3,1.7,12.0,8.8,18.0,0.5,0.4,0.4,-11.8,-2.1,7.2,-3.0,12.0,9.5,18.0,0.5,0.4,0.4,4.0,6.1,8.3,6.0,5.0,2.8,22.0,0.8,0.5,0.2,-9.6,-5.1,2.3,-3.4,5.0,10.7,22.0,0.8,0.5,0.2,1.6,2.4,5.7,3.4,5.0,2.4,22.0,0.8,0.5,0.2,-7.0,-3.6,2.9,-1.9,5.0,6.8,22.0,0.8,0.5,0.2,9.5,83.0,159.5,206.0,12.0,458.0,18.0,0.5,0.4,0.4,10.0,85.0,160.0,205.0,12.0,460.0,18.0,0.5,0.4,0.4
1974,2,143.0,41.0,0.6,0.7,3.66,1.85,123.0,2.29,16.0,0.5,0.4,0.7,-1.42,0.95,3.0,0.83,126.0,2.24,16.0,0.5,0.4,0.7,2.43,2.78,3.23,2.87,6.0,0.51,12.0,0.5,0.4,0.5,73.1,78.9,89.6,80.4,6.0,8.9,12.0,0.5,0.5,1.73,7.0,11.85,7.3,119.0,5.07,16.0,0.5,0.4,0.7,-2.35,3.76,9.89,3.5,119.0,6.55,16.0,0.5,0.4,0.7,-5.27,0.0,2.74,-1.43,119.0,4.7,16.0,0.5,0.4,0.7,1004.81,1015.45,1021.9,1014.53,124.0,7.73,16.0,0.5,0.4,0.7,0.0,4.0,8.0,4.2,120.0,3.3,16.0,0.5,0.5,0.7,-12.5,21.7,105.3,37.5,119.0,91.6,16.0,0.5,0.4,0.7,-47.8,0.0,19.1,-19.3,119.0,69.4,16.0,0.5,0.4,0.7,-1.9,0.2,4.56,1.04,123.0,3.4,16.0,0.5,0.4,0.7,-16.4,0.0,29.0,7.9,116.0,37.3,16.0,0.5,0.4,0.7,1.14,1.26,1.45,1.29,6.0,0.28,12.0,0.5,0.4,0.5,6.9,10.7,15.4,11.1,4.0,5.1,14.0,0.8,0.4,0.5,-10.6,0.0,19.0,4.2,119.0,18.5,16.0,0.5,0.4,0.7,-8.2,0.0,6.7,0.2,119.0,13.8,16.0,0.5,0.4,0.7,-15.2,0.7,21.1,2.8,4.0,21.7,14.0,0.8,0.4,0.5,-18.4,-15.8,-6.1,-12.4,4.0,10.1,14.0,0.8,0.4,0.5,-9.5,-1.3,6.4,-1.5,4.0,9.2,14.0,0.8,0.4,0.5,-11.9,-6.3,-1.3,-6.6,4.0,6.8,14.0,0.8,0.4,0.5,6.0,343.0,1666.5,1012.5,119.0,1797.0,16.0,0.5,0.4,0.7,5.0,345.0,1665.0,1010.0,119.0,1795.0,16.0,0.5,0.4,0.7
1974,2,143.0,42.0,,,,,,,,,,,,,,,,,,,,,,,,,,,,,,,,,,,,,,,,2.67,6.2,13.64,7.73,43.0,5.83,14.0,0.6,0.7,0.1,-1.17,2.91,11.61,4.61,43.0,6.86,14.0,0.6,0.7,0.1,-4.16,0.0,5.3,-0.21,43.0,5.12,14.0,0.6,0.7,0.1,1006.6,1013.05,1022.0,1014.2,44.0,7.37,14.0,0.6,0.7,0.1,,,,,,,,,,,,,,,,,,,,,,,,,,,,,,,,,,,,,,,,,,,,,,,,,,,,,,,,,,,,,,,,,,,,,,,,,,,,,,,,,,,,,,,,,,,,,,,,,,,,,,,,,,,,,,,,,,,,,,,,,,,,,,,,,,,,,,,,,,,,,,,,,,,,,,
1974,2,143.0,44.0,,,,,,,,,,,,,,,,,,,,,,,,,,,,,,,,,,,,,,,,6.2,6.2,6.2,6.2,1.0,0.0,4.0,1.0,0.9,0.0,-4.75,-4.75,-4.75,-4.75,1.0,0.0,4.0,1.0,0.9,0.0,-3.99,-3.99,-3.99,-3.99,1.0,0.0,4.0,1.0,0.9,0.0,1021.1,1021.1,1021.1,1021.1,1.0,0.0,4.0,1.0,0.9,0.0,,,,,,,,,,,,,,,,,,,,,,,,,,,,,,,,,,,,,,,,,,,,,,,,,,,,,,,,,,,,,,,,,,,,,,,,,,,,,,,,,,,,,,,,,,,,,,,,,,,,,,,,,,,,,,,,,,,,,,,,,,,,,,,,,,,,,,,,,,,,,,,,,,,,,,
1974,2,143.0,45.0,,,,,,,,,,,,,,,,,,,,,,,,,,,,,,,,,,,,,,,,8.7,8.7,8.7,8.7,1.0,0.0,14.0,1.0,0.4,0.2,4.35,4.35,4.35,4.35,1.0,0.0,14.0,1.0,0.4,0.2,-7.53,-7.53,-7.53,-7.53,1.0,0.0,14.0,1.0,0.4,0.2,1038.1,1038.1,1038.1,1038.1,1.0,0.0,14.0,1.0,0.4,0.2,,,,,,,,,,,,,,,,,,,,,,,,,,,,,,,,,,,,,,,,,,,,,,,,,,,,,,,,,,,,,,,,,,,,,,,,,,,,,,,,,,,,,,,,,,,,,,,,,,,,,,,,,,,,,,,,,,,,,,,,,,,,,,,,,,,,,,,,,,,,,,,,,,,,,,
1974,2,143.0,47.0,,,,,,,,,,,,,,,,,,,,,,,,,,,,,,,,,,,,,,,,11.8,11.8,11.8,11.8,1.0,0.0,6.0,1.0,0.0,0.5,9.04,9.04,9.04,9.04,1.0,0.0,6.0,1.0,0.0,0.5,-7.58,-7.58,-7.58,-7.58,1.0,0.0,6.0,1.0,0.0,0.5,1006.5,1006.5,1006.5,1006.5,1.0,0.0,6.0,1.0,0.0,0.5,,,,,,,,,,,,,,,,,,,,,,,,,,,,,,,,,,,,,,,,,,,,,,,,,,,,,,,,,,,,,,,,,,,,,,,,,,,,,,,,,,,,,,,,,,,,,,,,,,,,,,,,,,,,,,,,,,,,,,,,,,,,,,,,,,,,,,,,,,,,,,,,,,,,,,
1974,2,143.0,48.0,,,,,,,,,,,,,,,,,,,,,,,,,,,,,,,,,,,,,,,,18.0,18.0,18.0,18.0,1.0,0.0,12.0,1.0,0.0,0.9,0.0,0.0,0.0,0.0,1.0,0.0,12.0,1.0,0.0,0.9,-18.0,-18.0,-18.0,-18.0,1.0,0.0,12.0,1.0,0.0,0.9,1011.5,1011.5,1011.5,1011.5,1.0,0.0,12.0,1.0,0.0,0.9,,,,,,,,,,,,,,,,,,,,,,,,,,,,,,,,,,,,,,,,,,,,,,,,,,,,,,,,,,,,,,,,,,,,,,,,,,,,,,,,,,,,,,,,,,,,,,,,,,,,,,,,,,,,,,,,,,,,,,,,,,,,,,,,,,,,,,,,,,,,,,,,,,,,,,
1974,2,143.0,58.0,,,,,,,,,,,,,,,,,,,,,,,,,,,,,,,,,,,,,,,,6.2,6.2,6.2,6.2,1.0,0.0,14.0,0.0,0.6,0.0,3.99,3.99,3.99,3.99,1.0,0.0,14.0,0.0,0.6,0.0,-4.75,-4.75,-4.75,-4.75,1.0,0.0,14.0,0.0,0.6,0.0,993.3,993.3,993.3,993.3,1.0,0.0,14.0,0.0,0.6,0.0,,,,,,,,,,,,,,,,,,,,,,,,,,,,,,,,,,,,,,,,,,,,,,,,,,,,,,,,,,,,,,,,,,,,,,,,,,,,,,,,,,,,,,,,,,,,,,,,,,,,,,,,,,,,,,,,,,,,,,,,,,,,,,,,,,,,,,,,,,,,,,,,,,,,,,
1974,2,143.0,84.0,,,,,,,,,,,,,,,,,,,,,,,,,,,,,,,,,,,,,,,,1.0,2.1,4.93,2.96,21.0,2.14,14.0,0.0,0.2,0.6,-0.31,1.35,4.88,2.02,21.0,2.73,14.0,0.0,0.2,0.6,-2.05,-0.94,0.0,-0.7,21.0,1.22,14.0,0.0,0.2,0.6,1020.08,1044.65,1046.16,1036.69,18.0,13.12,12.0,0.0,0.2,0.6,,,,,,,,,,,,,,,,,,,,,,,,,,,,,,,,,,,,,,,,,,,,,,,,,,,,,,,,,,,,,,,,,,,,,,,,,,,,,,,,,,,,,,,,,,,,,,,,,,,,,,,,,,,,,,,,,,,,,,,,,,,,,,,,,,,,,,,,,,,,,,,,,,,,,,
1974,2,144.0,-50.0,,,,,,,,,,,,,,,,,,,,,,,,,,,,,,,,,,,,,,,,4.14,7.45,10.76,7.45,2.0,6.86,20.0,1.0,0.8,0.6,3.75,6.55,9.35,6.55,2.0,5.8,20.0,1.0,0.8,0.6,-5.03,-2.63,-0.23,-2.63,2.0,4.98,20.0,1.0,0.8,0.6,1017.78,1018.6,1019.42,1018.6,2.0,1.7,20.0,1.0,0.8,0.6,,,,,,,,,,,,,,,,,,,,,,,,,,,,,,,,,,,,,,,,,,,,,,,,,,,,,,,,,,,,,,,,,,,,,,,,,,,,,,,,,,,,,,,,,,,,,,,,,,,,,,,,,,,,,,,,,,,,,,,,,,,,,,,,,,,,,,,,,,,,,,,,,,,,,,
1974,2,144.0,-48.0,11.4,11.4,11.4,11.4,1.0,0.0,18.0,0.0,0.5,0.2,9.8,9.8,9.8,9.8,1.0,0.0,18.0,0.0,0.5,0.2,6.66,6.66,6.66,6.66,1.0,0.0,18.0,0.0,0.5,0.2,89.2,89.2,89.2,89.2,1.0,0.0,18.0,0.0,0.2,12.3,12.3,12.3,12.3,1.0,0.0,18.0,0.0,0.5,0.2,9.42,9.42,9.42,9.42,1.0,0.0,18.0,0.0,0.5,0.2,7.91,7.91,7.91,7.91,1.0,0.0,18.0,0.0,0.5,0.2,1017.0,1017.0,1017.0,1017.0,1.0,0.0,18.0,0.0,0.5,0.2,8.0,8.0,8.0,8.0,1.0,0.0,18.0,0.0,0.5,0.2,115.9,115.9,115.9,115.9,1.0,0.0,18.0,0.0,0.5,0.2,97.2,97.2,97.2,97.2,1.0,0.0,18.0,0.0,0.5,0.2,1.6,1.6,1.6,1.6,1.0,0.0,18.0,0.0,0.5,0.2,19.7,19.7,19.7,19.7,1.0,0.0,18.0,0.0,0.5,0.2,1.66,1.66,1.66,1.66,1.0,0.0,18.0,0.0,0.5,0.2,20.4,20.4,20.4,20.4,1.0,0.0,18.0,0.0,0.5,0.2,92.3,92.3,92.3,92.3,1.0,0.0,18.0,0.0,0.5,0.2,77.5,77.5,77.5,77.5,1.0,0.0,18.0,0.0,0.5,0.2,62.7,62.7,62.7,62.7,1.0,0.0,18.0,0.0,0.5,0.2,52.7,52.7,52.7,52.7,1.0,0.0,18.0,0.0,0.5,0.2,15.6,15.6,15.6,15.6,1.0,0.0,18.0,0.0,0.5,0.2,13.1,13.1,13.1,13.1,1.0,0.0,18.0,0.0,0.5,0.2,1861.0,1861.0,1861.0,1861.0,1.0,0.0,18.0,0.0,0.5,0.2,1860.0,1860.0,1860.0,1860.0,1.0,0.0,18.0,0.0,0.5,0.2
1974,2,144.0,-47.0,12.52,12.55,12.58,12.55,2.0,0.07,18.0,0.5,0.1,0.5,10.82,11.3,11.78,11.3,2.0,0.99,18.0,0.5,0.1,0.5,5.46,6.56,7.66,6.56,2.0,2.28,18.0,0.5,0.1,0.5,67.7,78.2,88.7,78.2,2.0,21.8,18.0,0.5,0.5,12.3,12.3,12.3,12.3,1.0,0.0,18.0,0.0,0.2,0.1,7.91,7.91,7.91,7.91,1.0,0.0,18.0,0.0,0.2,0.1,9.42,9.42,9.42,9.42,1.0,0.0,18.0,0.0,0.2,0.1,1009.6,1011.95,1014.31,1011.95,2.0,4.88,18.0,0.5,0.1,0.5,8.0,8.0,8.0,8.0,2.0,0.0,18.0,0.5,0.1,0.5,97.2,97.2,97.2,97.2,1.0,0.0,18.0,0.0,0.2,0.1,115.9,115.9,115.9,115.9,1.0,0.0,18.0,0.0,0.2,0.1,0.74,1.25,1.76,1.25,2.0,1.06,18.0,0.5,0.1,0.5,24.6,24.6,24.6,24.6,1.0,0.0,18.0,0.0,0.2,0.1,1.37,2.46,3.56,2.46,2.0,2.27,18.0,0.5,0.1,0.5,50.1,50.1,50.1,50.1,1.0,0.0,18.0,0.0,0.2,0.1,83.8,83.8,83.8,83.8,1.0,0.0,18.0,0.0,0.2,0.1,99.9,99.9,99.9,99.9,1.0,0.0,18.0,0.0,0.2,0.1,39.1,39.1,39.1,39.1,1.0,0.0,18.0,0.0,0.2,0.1,46.6,46.6,46.6,46.6,1.0,0.0,18.0,0.0,0.2,0.1,32.2,32.2,32.2,32.2,1.0,0.0,18.0,0.0,0.2,0.1,38.4,38.4,38.4,38.4,1.0,0.0,18.0,0.0,0.2,0.1,1861.0,1861.0,1861.0,1861.0,1.0,0.0,18.0,0.0,0.2,0.1,1860.0,1860.0,1860.0,1860.0,1.0,0.0,18.0,0.0,0.2,0.1
1974,2,144.0,-45.0,,,,,,,,,,,,,,,,,,,,,,,,,,,,,,,,,,,,,,,,2.1,2.1,2.1,2.1,1.0,0.0,28.0,0.0,0.8,0.5,1.82,1.82,1.82,1.82,1.0,0.0,28.0,0.0,0.8,0.5,1.05,1.05,1.05,1.05,1.0,0.0,28.0,0.0,0.8,0.5,1020.7,1020.7,1020.7,1020.7,1.0,0.0,28.0,0.0,0.8,0.5,,,,,,,,,,,,,,,,,,,,,,,,,,,,,,,,,,,,,,,,,,,,,,,,,,,,,,,,,,,,,,,,,,,,,,,,,,,,,,,,,,,,,,,,,,,,,,,,,,,,,,,,,,,,,,,,,,,,,,,,,,,,,,,,,,,,,,,,,,,,,,,,,,,,,,
1974,2,144.0,-44.0,,,,,,,,,,,,,,,,,,,,,,,,,,,,,,,,,,,,,,,,6.2,6.2,6.2,6.2,1.0,0.0,4.0,1.0,0.8,1.0,0.0,0.0,0.0,0.0,1.0,0.0,4.0,1.0,0.8,1.0,6.2,6.2,6.2,6.2,1.0,0.0,4.0,1.0,0.8,1.0,1026.5,1026.5,1026.5,1026.5,1.0,0.0,4.0,1.0,0.8,1.0,,,,,,,,,,,,,,,,,,,,,,,,,,,,,,,,,,,,,,,,,,,,,,,,,,,,,,,,,,,,,,,,,,,,,,,,,,,,,,,,,,,,,,,,,,,,,,,,,,,,,,,,,,,,,,,,,,,,,,,,,,,,,,,,,,,,,,,,,,,,,,,,,,,,,,
1974,2,144.0,-43.0,,,,,,,,,,,,,,,,,,,,,,,,,,,,,,,,,,,,,,,,10.8,10.8,10.8,10.8,1.0,0.0,2.0,0.0,0.4,0.7,0.0,0.0,0.0,0.0,1.0,0.0,2.0,0.0,0.4,0.7,10.8,10.8,10.8,10.8,1.0,0.0,2.0,0.0,0.4,0.7,1021.6,1021.6,1021.6,1021.6,1.0,0.0,2.0,0.0,0.4,0.7,,,,,,,,,,,,,,,,,,,,,,,,,,,,,,,,,,,,,,,,,,,,,,,,,,,,,,,,,,,,,,,,,,,,,,,,,,,,,,,,,,,,,,,,,,,,,,,,,,,,,,,,,,,,,,,,,,,,,,,,,,,,,,,,,,,,,,,,,,,,,,,,,,,,,,
1974,2,144.0,-40.0,17.79,18.6,19.02,18.38,6.0,0.78,18.0,0.7,0.5,0.9,17.79,18.1,20.9,19.11,7.0,1.6,20.0,0.7,0.5,0.9,8.99,10.35,12.8,10.5,6.0,2.63,18.0,0.7,0.5,0.9,71.8,80.7,84.0,77.0,6.0,14.0,18.0,0.7,0.9,4.6,5.1,8.3,6.59,7.0,2.28,20.0,0.7,0.5,0.9,-3.96,3.52,5.48,1.93,7.0,5.23,20.0,0.7,0.5,0.9,-3.51,2.3,3.65,0.39,7.0,4.89,20.0,0.7,0.5,0.9,1010.64,1018.6,1020.26,1014.87,7.0,7.68,20.0,0.7,0.5,0.9,0.8,6.0,8.0,4.8,6.0,3.5,20.0,0.8,0.5,0.9,-20.2,16.2,45.9,18.8,7.0,42.8,20.0,0.7,0.5,0.9,-19.1,10.6,37.0,3.4,7.0,38.7,20.0,0.7,0.5,0.9,-2.47,0.35,1.1,-0.42,6.0,1.99,18.0,0.7,0.5,0.9,-14.8,1.6,10.7,-2.3,6.0,15.4,18.0,0.7,0.5,0.9,0.38,2.86,4.26,2.64,6.0,3.01,18.0,0.7,0.5,0.9,0.9,13.8,38.4,18.7,6.0,25.6,18.0,0.7,0.5,0.9,-83.1,62.7,96.2,30.7,7.0,99.5,20.0,0.7,0.5,0.9,-73.6,41.4,66.0,1.8,7.0,94.8,20.0,0.7,0.5,0.9,-13.0,33.4,53.2,24.4,6.0,54.1,18.0,0.7,0.5,0.9,-32.2,26.1,37.4,0.6,6.0,58.8,18.0,0.7,0.5,0.9,-0.9,11.1,32.3,14.6,6.0,17.1,18.0,0.7,0.5,0.9,4.5,10.6,20.4,14.4,6.0,16.6,18.0,0.7,0.5,0.9,97.5,132.5,577.0,379.5,7.0,376.0,20.0,0.7,0.5,0.9,95.0,135.0,575.0,380.0,7.0,375.0,20.0,0.7,0.5,0.9
1974,2,144.0,-39.0,19.16,19.5,19.84,19.5,2.0,0.71,16.0,0.5,0.1,0.7,17.58,17.75,17.92,17.75,2.0,0.35,16.0,0.5,0.1,0.7,9.82,9.93,10.05,9.93,2.0,0.24,16.0,0.5,0.1,0.7,77.7,79.2,80.8,79.2,2.0,3.2,16.0,0.5,0.7,6.28,6.45,6.62,6.45,2.0,0.35,16.0,0.5,0.1,0.7,2.85,4.41,5.97,4.41,2.0,3.24,16.0,0.5,0.1,0.7,0.92,2.91,4.9,2.91,2.0,4.12,16.0,0.5,0.1,0.7,1014.68,1017.65,1020.62,1017.65,2.0,6.15,16.0,0.5,0.1,0.7,1.1,3.5,5.9,3.5,2.0,4.9,16.0,0.5,0.1,0.7,18.2,29.0,39.9,29.0,2.0,22.4,16.0,0.5,0.1,0.7,5.7,18.1,30.4,18.1,2.0,25.5,16.0,0.5,0.1,0.7,1.58,1.75,1.92,1.75,2.0,0.35,16.0,0.5,0.1,0.7,10.4,11.2,12.0,11.2,2.0,1.7,16.0,0.5,0.1,0.7,3.72,4.1,4.48,4.1,2.0,0.78,16.0,0.5,0.1,0.7,24.6,26.3,28.0,26.3,2.0,3.6,16.0,0.5,0.1,0.7,50.7,77.7,104.7,77.7,2.0,55.9,16.0,0.5,0.1,0.7,16.6,52.4,88.2,52.4,2.0,74.2,16.0,0.5,0.1,0.7,28.2,44.2,60.2,44.2,2.0,33.2,16.0,0.5,0.1,0.7,9.0,28.4,47.8,28.4,2.0,40.2,16.0,0.5,0.1,0.7,12.1,16.8,21.6,16.8,2.0,9.8,16.0,0.5,0.1,0.7,4.3,13.6,22.8,13.6,2.0,19.2,16.0,0.5,0.1,0.7,248.0,269.5,291.0,269.5,2.0,44.0,16.0,0.5,0.1,0.7,250.0,270.0,290.0,270.0,2.0,45.0,16.0,0.5,0.1,0.7
1974,2,144.0,-15.0,27.85,28.3,29.0,28.41,9.0,0.73,14.0,0.4,0.6,0.7,25.32,27.2,30.01,27.51,9.0,2.08,14.0,0.4,0.6,0.7,18.28,19.21,19.77,19.19,9.0,1.07,14.0,0.4,0.6,0.7,75.5,84.2,90.5,83.5,9.0,8.5,14.0,0.4,0.7,1.93,4.6,6.2,4.22,9.0,2.44,14.0,0.4,0.6,0.7,-3.1,-1.8,-0.36,-1.62,9.0,2.55,14.0,0.4,0.6,0.7,-2.46,0.0,3.75,0.49,9.0,4.03,14.0,0.4,0.6,0.7,1005.02,1006.0,1007.32,1006.11,9.0,1.15,14.0,0.4,0.6,0.7,4.2,6.0,8.0,6.1,8.0,1.9,14.0,0.5,0.6,0.7,-16.9,-9.6,-0.6,-8.0,9.0,14.4,14.0,0.4,0.6,0.7,-12.3,0.0,19.0,0.7,9.0,26.5,14.0,0.4,0.6,0.7,-1.01,0.8,2.87,0.9,9.0,2.0,14.0,0.4,0.6,0.7,-2.9,0.0,15.5,4.3,9.0,9.3,14.0,0.4,0.6,0.7,3.32,5.91,6.54,5.25,9.0,1.49,14.0,0.4,0.6,0.7,7.5,21.9,34.0,22.1,9.0,13.8,14.0,0.4,0.6,0.7,-87.7,-47.7,-9.8,-45.5,9.0,73.0,14.0,0.4,0.6,0.7,-68.5,0.0,98.0,11.7,9.0,107.9,14.0,0.4,0.6,0.7,-59.0,-34.6,-7.1,-30.6,9.0,48.6,14.0,0.4,0.6,0.7,-48.6,0.0,71.6,7.9,9.0,77.8,14.0,0.4,0.6,0.7,-19.9,-10.9,-1.2,-10.8,9.0,13.7,14.0,0.4,0.6,0.7,-7.5,0.0,23.2,5.9,9.0,19.4,14.0,0.4,0.6,0.7,10.5,97.5,238.5,138.0,9.0,150.0,14.0,0.4,0.6,0.7,10.0,95.0,240.0,140.0,9.0,150.0,14.0,0.4,0.6,0.7
1974,2,144.0,-14.0,,,,,,,,,,,,,,,,,,,,,,,,,,,,,,,,,,,,,,,,3.1,3.1,3.1,3.1,1.0,0.0,22.0,1.0,0.7,0.7,0.0,0.0,0.0,0.0,1.0,0.0,22.0,1.0,0.7,0.7,-3.1,-3.1,-3.1,-3.1,1.0,0.0,22.0,1.0,0.7,0.7,1003.2,1003.2,1003.2,1003.2,1.0,0.0,22.0,1.0,0.7,0.7,,,,,,,,,,,,,,,,,,,,,,,,,,,,,,,,,,,,,,,,,,,,,,,,,,,,,,,,,,,,,,,,,,,,,,,,,,,,,,,,,,,,,,,,,,,,,,,,,,,,,,,,,,,,,,,,,,,,,,,,,,,,,,,,,,,,,,,,,,,,,,,,,,,,,,
1974,2,144.0,-10.0,27.76,28.1,28.44,28.1,2.0,0.71,22.0,0.0,0.5,0.8,27.46,27.6,27.74,27.6,2.0,0.28,22.0,0.0,0.5,0.8,17.25,17.64,18.02,17.64,2.0,0.79,22.0,0.0,0.5,0.8,75.1,76.0,77.0,76.0,2.0,2.0,22.0,0.0,0.8,0.0,0.0,0.0,0.0,1.0,0.0,22.0,0.0,0.5,0.9,0.0,0.0,0.0,0.0,1.0,0.0,22.0,0.0,0.5,0.9,0.0,0.0,0.0,0.0,1.0,0.0,22.0,0.0,0.5,0.9,1005.47,1006.25,1007.04,1006.25,2.0,1.63,22.0,0.0,0.5,0.8,3.0,3.0,3.0,3.0,2.0,0.0,22.0,0.0,0.5,0.8,0.0,0.0,0.0,0.0,1.0,0.0,22.0,0.0,0.5,0.9,0.0,0.0,0.0,0.0,1.0,0.0,22.0,0.0,0.5,0.9,0.3,0.5,0.7,0.5,2.0,0.42,22.0,0.0,0.5,0.8,0.0,0.0,0.0,0.0,1.0,0.0,22.0,0.0,0.5,0.9,6.22,6.34,6.46,6.34,2.0,0.25,22.0,0.0,0.5,0.8,0.0,0.0,0.0,0.0,1.0,0.0,22.0,0.0,0.5,0.9,0.0,0.0,0.0,0.0,1.0,0.0,22.0,0.0,0.5,0.9,0.0,0.0,0.0,0.0,1.0,0.0,22.0,0.0,0.5,0.9,0.0,0.0,0.0,0.0,1.0,0.0,22.0,0.0,0.5,0.9,0.0,0.0,0.0,0.0,1.0,0.0,22.0,0.0,0.5,0.9,0.0,0.0,0.0,0.0,1.0,0.0,22.0,0.0,0.5,0.9,0.0,0.0,0.0,0.0,1.0,0.0,22.0,0.0,0.5,0.9,0.0,0.0,0.0,0.0,1.0,0.0,22.0,0.0,0.5,0.9,0.0,0.0,0.0,0.0,1.0,0.0,22.0,0.0,0.5,0.9
1974,2,144.0,-3.0,28.4,28.4,28.4,28.4,1.0,0.0,24.0,1.0,0.9,0.3,28.0,28.0,28.0,28.0,1.0,0.0,24.0,1.0,0.9,0.3,19.13,19.13,19.13,19.13,1.0,0.0,24.0,1.0,0.9,0.3,80.3,80.3,80.3,80.3,1.0,0.0,24.0,1.0,0.3,0.0,0.0,0.0,0.0,1.0,0.0,24.0,1.0,0.9,0.3,0.0,0.0,0.0,0.0,1.0,0.0,24.0,1.0,0.9,0.3,0.0,0.0,0.0,0.0,1.0,0.0,24.0,1.0,0.9,0.3,1003.6,1003.6,1003.6,1003.6,1.0,0.0,24.0,1.0,0.9,0.3,6.0,6.0,6.0,6.0,1.0,0.0,24.0,1.0,0.9,0.3,0.0,0.0,0.0,0.0,1.0,0.0,24.0,1.0,0.9,0.3,0.0,0.0,0.0,0.0,1.0,0.0,24.0,1.0,0.9,0.3,0.4,0.4,0.4,0.4,1.0,0.0,24.0,1.0,0.9,0.3,0.0,0.0,0.0,0.0,1.0,0.0,24.0,1.0,0.9,0.3,5.33,5.33,5.33,5.33,1.0,0.0,24.0,1.0,0.9,0.3,0.0,0.0,0.0,0.0,1.0,0.0,24.0,1.0,0.9,0.3,0.0,0.0,0.0,0.0,1.0,0.0,24.0,1.0,0.9,0.3,0.0,0.0,0.0,0.0,1.0,0.0,24.0,1.0,0.9,0.3,0.0,0.0,0.0,0.0,1.0,0.0,24.0,1.0,0.9,0.3,0.0,0.0,0.0,0.0,1.0,0.0,24.0,1.0,0.9,0.3,0.0,0.0,0.0,0.0,1.0,0.0,24.0,1.0,0.9,0.3,0.0,0.0,0.0,0.0,1.0,0.0,24.0,1.0,0.9,0.3,0.0,0.0,0.0,0.0,1.0,0.0,24.0,1.0,0.9,0.3,0.0,0.0,0.0,0.0,1.0,0.0,24.0,1.0,0.9,0.3
1974,2,144.0,-1.0,30.03,30.1,30.17,30.1,2.0,0.14,12.0,0.5,0.6,0.5,29.1,29.3,29.5,29.3,2.0,0.42,12.0,0.5,0.6,0.5,18.91,19.1,19.28,19.1,2.0,0.38,12.0,0.5,0.6,0.5,74.2,74.5,74.8,74.5,2.0,0.6,12.0,0.5,0.5,0.32,1.0,1.0,0.67,3.0,0.58,12.0,0.3,0.5,0.7,-0.83,-0.5,-0.16,-0.49,3.0,0.49,12.0,0.3,0.5,0.7,-0.59,0.0,0.12,-0.23,3.0,0.56,12.0,0.3,0.5,0.7,1004.32,1005.65,1006.98,1005.65,2.0,2.76,12.0,0.5,0.6,0.5,4.3,7.0,7.7,6.0,3.0,2.6,12.0,0.3,0.5,0.7,-0.8,-0.5,-0.2,-0.5,3.0,0.5,12.0,0.3,0.5,0.7,-0.6,0.0,0.1,-0.2,3.0,0.6,12.0,0.3,0.5,0.7,0.53,0.8,1.07,0.8,2.0,0.57,12.0,0.5,0.6,0.5,0.5,0.8,1.1,0.8,2.0,0.6,12.0,0.5,0.6,0.5,7.62,7.88,8.13,7.88,2.0,0.53,12.0,0.5,0.6,0.5,7.6,7.9,8.1,7.9,2.0,0.5,12.0,0.5,0.6,0.5,-26.8,-21.8,-16.8,-21.8,2.0,10.4,12.0,0.5,0.6,0.5,-20.3,-10.0,0.3,-10.0,2.0,21.4,12.0,0.5,0.6,0.5,-17.5,-14.2,-10.9,-14.2,2.0,6.8,12.0,0.5,0.6,0.5,-13.2,-6.5,0.2,-6.5,2.0,13.9,12.0,0.5,0.6,0.5,-6.9,-5.8,-4.6,-5.8,2.0,2.3,12.0,0.5,0.6,0.5,-5.8,-2.9,0.0,-2.9,2.0,6.0,12.0,0.5,0.6,0.5,0.5,1.0,1.0,0.5,3.0,0.5,12.0,0.3,0.5,0.7,0.0,0.0,0.0,0.0,3.0,0.0,12.0,0.3,0.5,0.7
1974,2,144.0,0.0,28.6,28.6,28.6,28.6,2.0,0.0,14.0,0.0,0.4,0.6,27.0,27.0,27.2,27.1,3.0,0.17,12.0,0.0,0.3,0.4,19.11,19.15,19.18,19.15,2.0,0.07,14.0,0.0,0.4,0.6,84.4,84.7,85.0,84.7,2.0,0.7,14.0,0.0,0.6,0.98,3.1,4.12,2.57,3.0,2.35,12.0,0.0,0.3,0.4,-1.83,0.0,1.57,-0.13,3.0,2.49,12.0,0.0,0.3,0.4,-3.21,-1.55,-0.49,-1.84,3.0,2.01,12.0,0.0,0.3,0.4,1005.61,1005.85,1006.09,1005.85,2.0,0.49,14.0,0.0,0.4,0.6,7.3,8.0,8.0,7.7,3.0,0.6,12.0,0.0,0.3,0.4,-5.7,0.0,7.2,0.8,3.0,9.5,12.0,0.0,0.3,0.4,-14.0,-4.8,-1.5,-7.7,3.0,9.5,12.0,0.0,0.3,0.4,1.35,1.45,1.55,1.45,2.0,0.21,14.0,0.0,0.4,0.6,4.6,5.7,6.8,5.7,2.0,2.4,14.0,0.0,0.4,0.6,5.5,5.55,5.59,5.55,2.0,0.08,14.0,0.0,0.4,0.6,18.4,21.4,24.4,21.4,2.0,6.2,14.0,0.0,0.4,0.6,-50.0,0.0,42.4,-3.7,3.0,67.8,12.0,0.0,0.3,0.4,-86.9,-42.3,-13.4,-50.0,3.0,54.2,12.0,0.0,0.3,0.4,-36.4,-3.8,28.8,-3.8,2.0,67.5,14.0,0.0,0.4,0.6,-68.7,-52.9,-37.1,-52.9,2.0,32.8,14.0,0.0,0.4,0.6,-10.3,-0.9,8.5,-0.9,2.0,19.5,14.0,0.0,0.4,0.6,-20.1,-15.4,-10.7,-15.4,2.0,9.8,14.0,0.0,0.4,0.6,9.5,30.0,76.0,42.5,3.0,50.0,12.0,0.0,0.3,0.4,10.0,30.0,75.0,40.0,3.0,50.0,12.0,0.0,0.3,0.4
1974,2,144.0,1.0,29.32,29.8,30.28,29.8,2.0,0.99,22.0,1.0,0.3,0.3,30.1,30.3,30.5,30.3,2.0,0.42,22.0,1.0,0.3,0.3,18.71,18.9,19.09,18.9,2.0,0.4,22.0,1.0,0.3,0.3,69.6,69.7,69.8,69.7,2.0,0.2,22.0,1.0,0.3,2.92,3.6,4.28,3.6,2.0,1.41,22.0,1.0,0.3,0.3,-2.4,-2.07,-1.73,-2.07,2.0,0.7,22.0,1.0,0.3,0.3,-3.56,-1.94,-0.31,-1.94,2.0,3.38,22.0,1.0,0.3,0.3,1006.63,1006.9,1007.17,1006.9,2.0,0.57,22.0,1.0,0.3,0.3,3.2,3.5,3.8,3.5,2.0,0.7,22.0,1.0,0.3,0.3,-7.1,-6.9,-6.7,-6.9,2.0,0.4,22.0,1.0,0.3,0.3,-16.5,-9.4,-2.2,-9.4,2.0,14.9,22.0,1.0,0.3,0.3,-1.18,-0.5,0.18,-0.5,2.0,1.41,22.0,1.0,0.3,0.3,-5.6,-2.8,0.0,-2.8,2.0,5.8,22.0,1.0,0.3,0.3,6.65,7.59,8.53,7.59,2.0,1.95,22.0,1.0,0.3,0.3,24.2,26.0,27.8,26.0,2.0,3.7,22.0,1.0,0.3,0.3,-72.3,-62.5,-52.7,-62.5,2.0,20.3,22.0,1.0,0.3,0.3,-109.1,-59.4,-9.6,-59.4,2.0,103.1,22.0,1.0,0.3,0.3,-44.9,-38.9,-33.0,-38.9,2.0,12.4,22.0,1.0,0.3,0.3,-68.4,-37.2,-6.1,-37.2,2.0,64.6,22.0,1.0,0.3,0.3,-20.9,-16.4,-11.9,-16.4,2.0,9.3,22.0,1.0,0.3,0.3,-22.0,-11.4,-0.9,-11.4,2.0,21.9,22.0,1.0,0.3,0.3,30.0,57.5,84.5,57.5,2.0,56.5,22.0,1.0,0.3,0.3,30.0,55.0,85.0,55.0,2.0,55.0,22.0,1.0,0.3,0.3
1974,2,144.0,2.0,29.0,29.0,29.0,29.0,1.0,0.0,22.0,0.0,0.3,0.0,26.5,26.5,26.5,26.5,1.0,0.0,22.0,0.0,0.3,0.0,20.2,20.2,20.2,20.2,1.0,0.0,22.0,0.0,0.3,0.0,92.6,92.6,92.6,92.6,1.0,0.0,22.0,0.0,0.0,0.0,0.0,0.0,0.0,1.0,0.0,22.0,0.0,0.3,0.0,0.0,0.0,0.0,0.0,1.0,0.0,22.0,0.0,0.3,0.0,0.0,0.0,0.0,0.0,1.0,0.0,22.0,0.0,0.3,0.0,1004.0,1004.0,1004.0,1004.0,1.0,0.0,22.0,0.0,0.3,0.0,0.0,0.0,0.0,0.0,1.0,0.0,22.0,0.0,0.3,0.0,0.0,0.0,0.0,0.0,1.0,0.0,22.0,0.0,0.3,0.0,0.0,0.0,0.0,0.0,1.0,0.0,22.0,0.0,0.3,0.0,2.5,2.5,2.5,2.5,1.0,0.0,22.0,0.0,0.3,0.0,0.0,0.0,0.0,0.0,1.0,0.0,22.0,0.0,0.3,0.0,5.13,5.13,5.13,5.13,1.0,0.0,22.0,0.0,0.3,0.0,0.0,0.0,0.0,0.0,1.0,0.0,22.0,0.0,0.3,0.0,0.0,0.0,0.0,0.0,1.0,0.0,22.0,0.0,0.3,0.0,0.0,0.0,0.0,0.0,1.0,0.0,22.0,0.0,0.3,0.0,0.0,0.0,0.0,0.0,1.0,0.0,22.0,0.0,0.3,0.0,0.0,0.0,0.0,0.0,1.0,0.0,22.0,0.0,0.3,0.0,0.0,0.0,0.0,0.0,1.0,0.0,22.0,0.0,0.3,0.0,0.0,0.0,0.0,0.0,1.0,0.0,22.0,0.0,0.3,0.0,0.0,0.0,0.0,0.0,1.0,0.0,22.0,0.0,0.3,0.0,0.0,0.0,0.0,0.0,1.0,0.0,22.0,0.0,0.3,0.0
1974,2,144.0,3.0,28.5,28.5,28.5,28.5,1.0,0.0,18.0,0.0,0.5,0.5,27.0,27.0,27.0,27.0,1.0,0.0,18.0,0.0,0.5,0.5,19.08,19.08,19.08,19.08,1.0,0.0,18.0,0.0,0.5,0.5,85.2,85.2,85.2,85.2,1.0,0.0,18.0,0.0,0.5,,,,,,,,,,,,,,,,,,,,,,,,,,,,,,,,,,,,,,,,,,,,,,,,,,,,,,,,,,,,,,,,,,,,,,,,,,,,,,,,,,,,,,,,,,,,,,,,,,,,,,,,,,,,,,,,,,,,,,,,,,,,,,,,,,,,,,,,,,,,,,,,,,,,,,,,,,,,,,,,,,,,,,,,,,,,,,,,,,,,,,,,,,,,,,
1974,2,144.0,4.0,28.5,28.5,28.5,28.5,1.0,0.0,8.0,1.0,0.7,0.6,27.5,27.5,27.5,27.5,1.0,0.0,8.0,1.0,0.7,0.6,19.88,19.88,19.88,19.88,1.0,0.0,8.0,1.0,0.7,0.6,86.3,86.3,86.3,86.3,1.0,0.0,8.0,1.0,0.6,8.2,8.2,8.2,8.2,1.0,0.0,8.0,1.0,0.7,0.6,-8.08,-8.08,-8.08,-8.08,1.0,0.0,8.0,1.0,0.7,0.6,1.42,1.42,1.42,1.42,1.0,0.0,8.0,1.0,0.7,0.6,1007.5,1007.5,1007.5,1007.5,1.0,0.0,8.0,1.0,0.7,0.6,4.0,4.0,4.0,4.0,1.0,0.0,8.0,1.0,0.7,0.6,-66.2,-66.2,-66.2,-66.2,1.0,0.0,8.0,1.0,0.7,0.6,11.7,11.7,11.7,11.7,1.0,0.0,8.0,1.0,0.7,0.6,1.0,1.0,1.0,1.0,1.0,0.0,8.0,1.0,0.7,0.6,8.2,8.2,8.2,8.2,1.0,0.0,8.0,1.0,0.7,0.6,4.62,4.62,4.62,4.62,1.0,0.0,8.0,1.0,0.7,0.6,37.9,37.9,37.9,37.9,1.0,0.0,8.0,1.0,0.7,0.6,-222.1,-222.1,-222.1,-222.1,1.0,0.0,8.0,1.0,0.7,0.6,39.2,39.2,39.2,39.2,1.0,0.0,8.0,1.0,0.7,0.6,-160.6,-160.6,-160.6,-160.6,1.0,0.0,8.0,1.0,0.7,0.6,28.3,28.3,28.3,28.3,1.0,0.0,8.0,1.0,0.7,0.6,-37.3,-37.3,-37.3,-37.3,1.0,0.0,8.0,1.0,0.7,0.6,6.6,6.6,6.6,6.6,1.0,0.0,8.0,1.0,0.7,0.6,551.5,551.5,551.5,551.5,1.0,0.0,8.0,1.0,0.7,0.6,550.0,550.0,550.0,550.0,1.0,0.0,8.0,1.0,0.7,0.6
1974,2,144.0,5.0,28.0,28.0,28.0,28.0,1.0,0.0,14.0,0.0,0.9,0.5,26.58,26.75,26.92,26.75,2.0,0.35,12.0,0.0,0.6,0.5,17.53,18.99,20.45,18.99,2.0,3.03,12.0,0.0,0.6,0.5,80.4,86.0,91.6,86.0,2.0,11.7,12.0,0.0,0.5,7.61,8.5,9.39,8.5,2.0,1.84,12.0,0.0,0.6,0.5,-9.12,-7.66,-6.2,-7.66,2.0,3.03,12.0,0.0,0.6,0.5,-3.89,-2.31,-0.73,-2.31,2.0,3.27,12.0,0.0,0.6,0.5,1007.24,1007.75,1008.26,1007.75,2.0,1.06,12.0,0.0,0.6,0.5,3.8,5.5,7.2,5.5,2.0,3.5,12.0,0.0,0.6,0.5,-87.1,-67.9,-48.7,-67.9,2.0,39.8,12.0,0.0,0.6,0.5,-28.0,-16.7,-5.3,-16.7,2.0,23.6,12.0,0.0,0.6,0.5,1.5,1.5,1.5,1.5,1.0,0.0,14.0,0.0,0.9,0.5,14.7,14.7,14.7,14.7,1.0,0.0,14.0,0.0,0.9,0.5,6.92,6.92,6.92,6.92,1.0,0.0,14.0,0.0,0.9,0.5,67.8,67.8,67.8,67.8,1.0,0.0,14.0,0.0,0.9,0.5,-242.1,-204.3,-166.5,-204.3,2.0,78.3,12.0,0.0,0.6,0.5,-105.1,-62.5,-19.8,-62.5,2.0,88.4,12.0,0.0,0.6,0.5,-157.4,-140.8,-124.2,-140.8,2.0,34.4,12.0,0.0,0.6,0.5,-82.3,-48.9,-15.5,-48.9,2.0,69.1,12.0,0.0,0.6,0.5,-67.8,-67.8,-67.8,-67.8,1.0,0.0,14.0,0.0,0.9,0.5,0.0,0.0,0.0,0.0,1.0,0.0,14.0,0.0,0.9,0.5,463.5,657.0,851.0,657.0,2.0,401.5,12.0,0.0,0.6,0.5,465.0,655.0,850.0,655.0,2.0,400.0,12.0,0.0,0.6,0.5
1974,2,144.0,6.0,28.0,28.0,28.0,28.0,2.0,0.0,14.0,0.0,0.2,0.5,26.5,26.5,26.5,26.5,2.0,0.0,14.0,0.0,0.2,0.5,17.08,17.62,18.17,17.62,2.0,1.13,14.0,0.0,0.2,0.5,78.9,81.4,84.0,81.4,2.0,5.2,14.0,0.0,0.5,7.27,8.5,9.73,8.5,2.0,2.55,14.0,0.0,0.2,0.5,-9.58,-8.37,-7.16,-8.37,2.0,2.51,14.0,0.0,0.2,0.5,-1.69,-1.48,-1.26,-1.48,2.0,0.44,14.0,0.0,0.2,0.5,1010.16,1010.5,1010.84,1010.5,2.0,0.71,14.0,0.0,0.2,0.5,3.0,3.0,3.0,3.0,2.0,0.0,14.0,0.0,0.2,0.5,-94.9,-74.3,-53.8,-74.3,2.0,42.6,14.0,0.0,0.2,0.5,-16.7,-13.1,-9.5,-13.1,2.0,7.5,14.0,0.0,0.2,0.5,1.5,1.5,1.5,1.5,2.0,0.0,14.0,0.0,0.2,0.5,10.9,12.8,14.6,12.8,2.0,3.8,14.0,0.0,0.2,0.5,5.54,6.1,6.65,6.1,2.0,1.15,14.0,0.0,0.2,0.5,41.1,53.3,65.5,53.3,2.0,25.3,14.0,0.0,0.2,0.5,-253.9,-221.8,-189.8,-221.8,2.0,66.4,14.0,0.0,0.2,0.5,-44.8,-39.1,-33.5,-39.1,2.0,11.7,14.0,0.0,0.2,0.5,-162.9,-146.1,-129.4,-146.1,2.0,34.7,14.0,0.0,0.2,0.5,-28.7,-25.8,-22.8,-25.8,2.0,6.1,14.0,0.0,0.2,0.5,-64.5,-52.5,-40.5,-52.5,2.0,24.9,14.0,0.0,0.2,0.5,-11.4,-9.3,-7.1,-9.3,2.0,4.4,14.0,0.0,0.2,0.5,426.5,696.5,967.0,696.5,2.0,560.0,14.0,0.0,0.2,0.5,425.0,695.0,965.0,695.0,2.0,560.0,14.0,0.0,0.2,0.5
1974,2,144.0,7.0,28.5,28.5,28.5,28.5,1.0,0.0,14.0,1.0,0.7,0.8,30.0,30.0,30.0,30.0,1.0,0.0,14.0,1.0,0.7,0.8,21.12,21.12,21.12,21.12,1.0,0.0,14.0,1.0,0.7,0.8,79.2,79.2,79.2,79.2,1.0,0.0,14.0,1.0,0.8,12.9,12.9,12.9,12.9,1.0,0.0,14.0,1.0,0.7,0.8,-12.12,-12.12,-12.12,-12.12,1.0,0.0,14.0,1.0,0.7,0.8,-4.41,-4.41,-4.41,-4.41,1.0,0.0,14.0,1.0,0.7,0.8,1007.5,1007.5,1007.5,1007.5,1.0,0.0,14.0,1.0,0.7,0.8,7.0,7.0,7.0,7.0,1.0,0.0,14.0,1.0,0.7,0.8,-156.4,-156.4,-156.4,-156.4,1.0,0.0,14.0,1.0,0.7,0.8,-56.9,-56.9,-56.9,-56.9,1.0,0.0,14.0,1.0,0.7,0.8,-1.5,-1.5,-1.5,-1.5,1.0,0.0,14.0,1.0,0.7,0.8,-19.3,-19.3,-19.3,-19.3,1.0,0.0,14.0,1.0,0.7,0.8,3.39,3.39,3.39,3.39,1.0,0.0,14.0,1.0,0.7,0.8,43.7,43.7,43.7,43.7,1.0,0.0,14.0,1.0,0.7,0.8,-363.7,-363.7,-363.7,-363.7,1.0,0.0,14.0,1.0,0.7,0.8,-132.4,-132.4,-132.4,-132.4,1.0,0.0,14.0,1.0,0.7,0.8,-256.0,-256.0,-256.0,-256.0,1.0,0.0,14.0,1.0,0.7,0.8,-93.2,-93.2,-93.2,-93.2,1.0,0.0,14.0,1.0,0.7,0.8,-41.1,-41.1,-41.1,-41.1,1.0,0.0,14.0,1.0,0.7,0.8,-15.0,-15.0,-15.0,-15.0,1.0,0.0,14.0,1.0,0.7,0.8,2146.5,2146.5,2146.5,2146.5,1.0,0.0,14.0,1.0,0.7,0.8,2145.0,2145.0,2145.0,2145.0,1.0,0.0,14.0,1.0,0.7,0.8
1974,2,144.0,8.0,28.0,28.0,28.0,28.0,1.0,0.0,14.0,1.0,0.3,0.5,28.0,28.0,28.0,28.0,1.0,0.0,14.0,1.0,0.3,0.5,18.69,18.69,18.69,18.69,1.0,0.0,14.0,1.0,0.3,0.5,78.9,78.9,78.9,78.9,1.0,0.0,14.0,1.0,0.5,12.9,12.9,12.9,12.9,1.0,0.0,14.0,1.0,0.3,0.5,-12.12,-12.12,-12.12,-12.12,1.0,0.0,14.0,1.0,0.3,0.5,-4.41,-4.41,-4.41,-4.41,1.0,0.0,14.0,1.0,0.3,0.5,1009.0,1009.0,1009.0,1009.0,1.0,0.0,14.0,1.0,0.3,0.5,7.0,7.0,7.0,7.0,1.0,0.0,14.0,1.0,0.3,0.5,-156.4,-156.4,-156.4,-156.4,1.0,0.0,14.0,1.0,0.3,0.5,-56.9,-56.9,-56.9,-56.9,1.0,0.0,14.0,1.0,0.3,0.5,0.0,0.0,0.0,0.0,1.0,0.0,14.0,1.0,0.3,0.5,0.0,0.0,0.0,0.0,1.0,0.0,14.0,1.0,0.3,0.5,5.07,5.07,5.07,5.07,1.0,0.0,14.0,1.0,0.3,0.5,65.4,65.4,65.4,65.4,1.0,0.0,14.0,1.0,0.3,0.5,-339.4,-339.4,-339.4,-339.4,1.0,0.0,14.0,1.0,0.3,0.5,-123.5,-123.5,-123.5,-123.5,1.0,0.0,14.0,1.0,0.3,0.5,-226.5,-226.5,-226.5,-226.5,1.0,0.0,14.0,1.0,0.3,0.5,-82.4,-82.4,-82.4,-82.4,1.0,0.0,14.0,1.0,0.3,0.5,-61.5,-61.5,-61.5,-61.5,1.0,0.0,14.0,1.0,0.3,0.5,-22.4,-22.4,-22.4,-22.4,1.0,0.0,14.0,1.0,0.3,0.5,2146.5,2146.5,2146.5,2146.5,1.0,0.0,14.0,1.0,0.3,0.5,2145.0,2145.0,2145.0,2145.0,1.0,0.0,14.0,1.0,0.3,0.5
1974,2,144.0,10.0,27.67,28.0,28.0,27.89,10.0,0.61,14.0,0.5,0.7,0.6,27.0,27.5,28.41,27.76,11.0,1.15,14.0,0.5,0.7,0.6,18.69,19.05,19.82,19.19,10.0,0.84,16.0,0.6,0.7,0.6,76.3,83.7,88.5,82.2,10.0,7.4,16.0,0.6,0.6,5.25,8.7,9.92,8.46,11.0,2.84,14.0,0.5,0.7,0.6,-9.52,-7.1,-4.94,-7.56,11.0,2.95,14.0,0.5,0.7,0.6,-4.76,-3.18,-1.51,-2.85,11.0,2.52,14.0,0.5,0.7,0.6,1007.0,1008.25,1010.68,1009.03,12.0,2.65,14.0,0.6,0.8,0.6,3.0,4.0,6.4,4.6,11.0,1.8,14.0,0.5,0.7,0.6,-95.1,-58.2,-26.4,-71.4,11.0,50.6,14.0,0.5,0.7,0.6,-45.5,-29.6,-8.5,-28.1,11.0,23.2,14.0,0.5,0.7,0.6,-0.57,0.25,1.0,0.0,10.0,1.62,14.0,0.5,0.7,0.6,-5.3,2.1,6.6,-0.7,10.0,14.5,14.0,0.5,0.7,0.6,3.28,4.24,5.87,4.49,9.0,1.16,16.0,0.6,0.7,0.6,20.1,33.1,50.4,34.4,9.0,14.4,16.0,0.6,0.7,0.6,-272.9,-198.8,-133.4,-210.1,11.0,82.4,14.0,0.5,0.7,0.6,-135.1,-97.0,-40.2,-79.4,11.0,70.4,14.0,0.5,0.7,0.6,-162.0,-133.8,-93.3,-133.2,10.0,43.9,16.0,0.6,0.7,0.6,-86.2,-57.8,-27.6,-50.2,10.0,49.1,16.0,0.6,0.7,0.6,-39.7,-28.6,-17.6,-29.6,9.0,13.0,16.0,0.6,0.7,0.6,-20.5,-16.5,-4.8,-13.1,9.0,13.7,16.0,0.6,0.7,0.6,149.0,658.5,992.5,800.0,11.0,806.0,14.0,0.5,0.7,0.6,150.0,660.0,990.0,800.0,11.0,805.0,14.0,0.5,0.7,0.6
1974,2,144.0,11.0,27.5,28.0,28.97,27.93,14.0,0.83,16.0,0.7,0.4,0.4,27.19,28.0,29.0,28.05,16.0,0.89,14.0,0.8,0.4,0.4,18.47,18.71,20.83,19.18,15.0,1.31,16.0,0.7,0.3,0.4,76.6,78.9,84.2,80.3,15.0,4.3,16.0,0.7,0.4,6.58,9.0,10.8,8.74,16.0,2.61,14.0,0.8,0.4,0.4,-10.64,-7.64,-6.36,-8.24,16.0,2.68,14.0,0.8,0.4,0.4,-3.91,-1.88,0.0,-1.68,16.0,2.39,14.0,0.8,0.4,0.4,1006.77,1009.0,1011.25,1009.28,17.0,2.6,14.0,0.8,0.4,0.4,2.4,6.0,7.0,5.0,16.0,2.0,14.0,0.8,0.4,0.4,-114.9,-65.9,-42.0,-78.5,16.0,47.1,14.0,0.8,0.4,0.4,-34.7,-19.0,0.0,-16.5,16.0,20.9,14.0,0.8,0.4,0.4,-1.0,0.0,0.97,-0.21,14.0,1.22,16.0,0.7,0.4,0.4,-10.6,0.0,5.1,-1.1,14.0,12.6,16.0,0.7,0.4,0.4,2.72,4.44,5.33,4.45,14.0,1.49,16.0,0.7,0.4,0.4,22.6,37.3,56.9,40.6,14.0,24.2,16.0,0.7,0.4,0.4,-297.0,-221.7,-175.4,-230.2,16.0,70.3,14.0,0.8,0.4,0.4,-110.6,-52.3,0.0,-48.1,16.0,67.1,14.0,0.8,0.4,0.4,-197.9,-162.2,-118.0,-157.6,15.0,44.4,16.0,0.7,0.3,0.4,-76.5,-35.0,0.0,-37.7,15.0,42.4,16.0,0.7,0.3,0.4,-46.5,-34.5,-21.1,-38.1,14.0,24.0,16.0,0.7,0.4,0.4,-17.3,-7.2,0.0,-8.5,14.0,12.2,16.0,0.7,0.4,0.4,289.5,731.5,1259.5,837.0,16.0,705.0,14.0,0.8,0.4,0.4,290.0,730.0,1260.0,835.0,16.0,705.0,14.0,0.8,0.4,0.4
1974,2,144.0,12.0,27.0,27.8,28.81,27.96,9.0,1.22,14.0,0.6,0.5,0.4,26.5,27.3,28.03,27.28,11.0,0.89,14.0,0.5,0.5,0.4,17.58,18.55,20.56,18.81,10.0,2.08,14.0,0.5,0.6,0.4,78.1,81.5,92.0,83.5,10.0,8.3,14.0,0.5,0.4,5.25,9.3,11.71,8.61,11.0,3.38,14.0,0.5,0.5,0.4,-11.71,-7.12,-4.75,-8.13,11.0,3.51,14.0,0.5,0.5,0.4,-3.76,-0.99,0.0,-1.85,11.0,2.07,14.0,0.5,0.5,0.4,1006.58,1009.0,1010.21,1008.62,11.0,3.09,14.0,0.5,0.5,0.4,2.0,3.0,5.3,3.4,10.0,2.0,14.0,0.6,0.5,0.4,-137.4,-66.3,-25.5,-80.5,11.0,56.1,14.0,0.5,0.5,0.4,-34.7,-5.6,0.0,-16.1,11.0,19.7,14.0,0.5,0.5,0.4,0.0,0.9,1.5,0.8,9.0,1.21,14.0,0.6,0.5,0.4,0.0,11.1,14.5,7.0,9.0,8.3,14.0,0.6,0.5,0.4,2.82,4.14,7.6,4.9,9.0,2.34,14.0,0.6,0.5,0.4,23.6,37.7,66.5,45.7,9.0,26.0,14.0,0.6,0.5,0.4,-322.9,-195.9,-135.3,-220.9,11.0,92.9,14.0,0.5,0.5,0.4,-99.7,-28.7,0.0,-49.9,11.0,56.0,14.0,0.5,0.5,0.4,-208.4,-159.8,-92.7,-157.3,10.0,70.0,14.0,0.5,0.6,0.4,-73.3,-21.4,0.0,-35.2,10.0,39.4,14.0,0.5,0.6,0.4,-54.4,-29.4,-23.1,-42.0,9.0,24.9,14.0,0.6,0.5,0.4,-22.4,-9.4,0.0,-12.6,9.0,15.5,14.0,0.6,0.5,0.4,149.0,804.5,1615.5,895.5,11.0,773.5,14.0,0.5,0.5,0.4,150.0,805.0,1615.0,895.0,11.0,775.0,14.0,0.5,0.5,0.4
1974,2,144.0,13.0,26.5,27.7,29.07,27.69,10.0,1.39,12.0,0.6,0.4,0.3,25.93,27.2,28.29,27.1,10.0,1.19,12.0,0.6,0.4,0.3,17.65,18.55,18.82,18.22,9.0,1.1,12.0,0.6,0.4,0.3,77.6,80.3,83.4,80.2,9.0,4.6,12.0,0.6,0.3,5.1,8.2,9.59,7.71,10.0,2.07,12.0,0.6,0.4,0.3,-9.2,-7.41,-4.89,-7.15,10.0,1.97,12.0,0.6,0.4,0.3,-4.17,-2.02,-0.38,-2.31,10.0,1.95,12.0,0.6,0.4,0.3,1009.71,1011.1,1011.96,1010.68,10.0,1.58,12.0,0.6,0.4,0.3,2.4,3.0,4.6,3.2,10.0,1.2,12.0,0.6,0.4,0.3,-87.0,-62.8,-24.9,-58.5,10.0,28.9,12.0,0.6,0.4,0.3,-40.3,-13.1,-1.9,-19.0,10.0,19.3,12.0,0.6,0.4,0.3,-0.57,0.6,2.14,0.59,10.0,1.85,12.0,0.6,0.4,0.3,-5.3,3.6,19.2,4.1,10.0,17.0,12.0,0.6,0.4,0.3,3.69,4.9,6.61,5.01,9.0,2.77,12.0,0.6,0.4,0.3,25.1,28.5,48.7,37.4,9.0,26.6,12.0,0.6,0.4,0.3,-244.8,-197.9,-135.5,-193.3,10.0,53.7,12.0,0.6,0.4,0.3,-113.1,-55.2,-10.2,-63.2,10.0,54.0,12.0,0.6,0.4,0.3,-164.4,-128.0,-90.9,-127.2,9.0,38.1,12.0,0.6,0.4,0.3,-71.1,-40.2,-4.4,-42.9,9.0,36.4,12.0,0.6,0.4,0.3,-45.8,-26.3,-22.7,-33.8,9.0,23.0,12.0,0.6,0.4,0.3,-21.0,-12.5,-1.2,-14.4,9.0,15.4,12.0,0.6,0.4,0.3,132.5,557.5,882.5,545.5,10.0,362.5,12.0,0.6,0.4,0.3,135.0,560.0,885.0,545.0,10.0,360.0,12.0,0.6,0.4,0.3
1974,2,144.0,14.0,26.31,28.0,29.0,27.78,17.0,1.53,14.0,0.7,0.4,0.5,26.0,27.0,27.55,26.9,17.0,1.29,14.0,0.7,0.4,0.5,17.41,18.36,19.12,18.35,17.0,1.65,14.0,0.7,0.4,0.5,78.3,82.5,86.6,82.7,17.0,6.4,14.0,0.7,0.5,5.46,8.2,11.3,8.16,17.0,3.6,14.0,0.7,0.4,0.5,-9.95,-8.08,-5.25,-7.31,17.0,3.13,14.0,0.7,0.4,0.5,-6.02,-2.98,0.0,-2.94,17.0,2.82,14.0,0.7,0.4,0.5,1008.17,1010.9,1012.09,1010.29,17.0,1.81,14.0,0.7,0.4,0.5,3.0,4.0,6.9,4.5,14.0,1.7,14.0,0.8,0.4,0.5,-110.1,-66.2,-30.5,-69.9,17.0,42.3,14.0,0.7,0.4,0.5,-72.2,-22.4,0.0,-30.4,17.0,33.4,14.0,0.7,0.4,0.5,-0.58,1.1,2.68,0.88,17.0,1.78,14.0,0.7,0.4,0.5,-7.5,8.2,21.2,7.8,17.0,17.2,14.0,0.7,0.4,0.5,1.03,5.73,7.26,5.15,17.0,3.07,14.0,0.7,0.4,0.5,3.9,35.6,74.9,42.0,17.0,38.6,14.0,0.7,0.4,0.5,-262.9,-220.5,-140.2,-195.9,17.0,83.2,14.0,0.7,0.4,0.5,-156.2,-80.3,0.0,-77.7,17.0,74.1,14.0,0.7,0.4,0.5,-171.4,-155.3,-97.3,-133.8,17.0,57.6,14.0,0.7,0.4,0.5,-96.5,-56.5,0.0,-52.8,17.0,50.4,14.0,0.7,0.4,0.5,-67.5,-35.6,-3.6,-36.9,17.0,33.1,14.0,0.7,0.4,0.5,-32.9,-8.7,0.0,-17.0,17.0,22.6,14.0,0.7,0.4,0.5,173.5,551.5,1443.0,805.0,17.0,650.0,14.0,0.7,0.4,0.5,175.0,550.0,1445.0,805.0,17.0,650.0,14.0,0.7,0.4,0.5
1974,2,144.0,15.0,26.74,28.0,28.5,27.89,14.0,1.05,16.0,0.6,0.4,0.3,26.0,26.5,27.0,26.57,14.0,1.06,14.0,0.6,0.4,0.4,16.24,17.2,17.86,17.0,12.0,1.1,14.0,0.6,0.4,0.4,76.2,78.8,84.6,79.3,13.0,5.2,14.0,0.6,0.4,6.2,7.7,10.8,8.57,15.0,2.76,14.0,0.6,0.4,0.3,-9.94,-6.77,-5.54,-7.83,15.0,2.6,14.0,0.6,0.4,0.3,-4.99,-2.46,0.0,-2.77,15.0,2.39,14.0,0.6,0.4,0.3,1009.56,1011.6,1014.44,1011.64,14.0,2.51,14.0,0.6,0.4,0.3,2.0,3.5,6.0,4.1,14.0,2.1,16.0,0.6,0.4,0.4,-101.3,-51.3,-34.4,-73.5,15.0,49.7,14.0,0.6,0.4,0.3,-65.7,-18.4,0.0,-26.7,15.0,27.7,14.0,0.6,0.4,0.3,-0.05,1.5,2.55,1.26,13.0,1.37,16.0,0.6,0.4,0.3,-0.3,9.2,19.4,10.6,13.0,13.4,16.0,0.6,0.4,0.3,5.51,6.65,7.82,6.6,11.0,1.78,16.0,0.5,0.4,0.3,38.7,56.3,77.2,59.4,11.0,24.0,16.0,0.5,0.4,0.3,-261.4,-198.6,-144.1,-209.7,14.0,70.6,14.0,0.6,0.4,0.4,-134.1,-72.3,0.0,-74.0,14.0,66.0,14.0,0.6,0.4,0.4,-175.8,-128.6,-91.6,-135.9,12.0,47.0,14.0,0.6,0.4,0.4,-91.5,-58.6,-13.1,-55.2,12.0,39.9,14.0,0.6,0.4,0.4,-66.2,-52.9,-35.4,-53.8,11.0,24.9,16.0,0.5,0.4,0.3,-29.6,-20.0,-6.4,-20.4,11.0,14.2,16.0,0.5,0.4,0.3,238.5,456.5,1259.5,826.0,15.0,834.5,14.0,0.6,0.4,0.3,240.0,455.0,1260.0,825.0,15.0,835.0,14.0,0.6,0.4,0.3
1974,2,144.0,16.0,26.0,27.0,28.71,27.23,11.0,1.46,16.0,0.6,0.3,0.5,25.0,26.5,27.41,26.42,11.0,1.34,16.0,0.6,0.3,0.5,15.74,16.98,19.52,17.77,9.0,2.7,14.0,0.6,0.4,0.5,76.3,79.8,92.0,82.4,10.0,8.3,16.0,0.6,0.4,5.29,8.75,11.3,8.12,10.0,3.39,16.0,0.7,0.3,0.4,-8.97,-7.1,-4.97,-6.72,10.0,2.75,16.0,0.7,0.3,0.4,-6.48,-2.99,0.0,-3.44,10.0,3.73,16.0,0.7,0.3,0.4,1012.26,1013.0,1014.61,1013.39,10.0,1.3,14.0,0.6,0.3,0.5,0.9,5.0,7.6,4.4,10.0,3.0,16.0,0.7,0.3,0.4,-98.0,-64.5,-26.8,-61.7,10.0,37.6,16.0,0.7,0.3,0.4,-66.3,-28.4,0.0,-36.6,10.0,42.0,16.0,0.7,0.3,0.4,-0.5,0.0,1.83,0.81,11.0,1.76,16.0,0.6,0.3,0.5,-4.2,0.0,8.0,1.2,10.0,7.0,16.0,0.7,0.3,0.4,2.12,5.18,7.6,5.04,9.0,2.65,14.0,0.6,0.4,0.5,12.4,29.3,52.6,32.2,8.0,21.4,16.0,0.6,0.3,0.4,-240.6,-185.8,-128.7,-180.0,10.0,78.4,16.0,0.7,0.3,0.4,-166.4,-83.7,0.0,-89.3,10.0,95.2,16.0,0.7,0.3,0.4,-186.7,-110.7,-72.8,-121.8,8.0,73.7,16.0,0.6,0.3,0.4,-111.3,-61.5,-2.2,-61.9,8.0,64.5,16.0,0.6,0.3,0.4,-40.5,-26.1,-8.3,-25.2,8.0,15.2,16.0,0.6,0.3,0.4,-32.2,-8.1,-0.3,-14.8,8.0,20.9,16.0,0.6,0.3,0.4,157.5,699.0,1443.0,766.0,10.0,618.5,16.0,0.7,0.3,0.4,160.0,700.0,1445.0,765.0,10.0,620.0,16.0,0.7,0.3,0.4
1974,2,144.0,17.0,26.85,27.3,28.58,27.6,9.0,1.08,14.0,0.1,0.5,0.5,25.13,25.6,28.03,26.23,10.0,1.55,14.0,0.2,0.6,0.5,15.93,17.27,18.73,17.46,9.0,1.79,16.0,0.2,0.5,0.5,74.7,82.1,85.0,80.4,10.0,6.8,14.0,0.2,0.5,5.57,9.8,11.44,8.9,10.0,3.06,14.0,0.2,0.6,0.5,-9.68,-8.2,-4.82,-6.77,10.0,4.43,14.0,0.2,0.6,0.5,-6.03,-2.59,0.62,-3.09,10.0,4.03,14.0,0.2,0.6,0.5,1009.13,1013.1,1015.56,1012.61,9.0,2.93,16.0,0.2,0.5,0.5,1.9,4.0,7.0,4.4,10.0,2.8,14.0,0.2,0.6,0.5,-103.3,-87.5,-25.2,-68.3,10.0,45.3,14.0,0.2,0.6,0.5,-71.1,-17.6,3.3,-36.1,10.0,51.8,14.0,0.2,0.6,0.5,0.63,1.3,3.17,1.68,9.0,1.9,14.0,0.1,0.5,0.5,4.7,12.1,26.1,15.4,9.0,21.7,14.0,0.1,0.5,0.5,5.09,6.22,6.7,5.92,8.0,2.32,16.0,0.1,0.5,0.5,26.5,51.9,67.5,55.1,8.0,36.4,16.0,0.1,0.5,0.5,-254.3,-206.3,-129.0,-178.8,10.0,117.0,14.0,0.2,0.6,0.5,-156.0,-64.8,17.8,-77.9,10.0,101.9,14.0,0.2,0.6,0.5,-176.4,-115.6,-73.7,-113.3,9.0,86.3,16.0,0.2,0.5,0.5,-106.8,-47.9,14.5,-53.4,9.0,67.3,16.0,0.2,0.5,0.5,-60.5,-48.8,-15.6,-36.1,8.0,30.9,16.0,0.1,0.5,0.5,-41.2,-17.8,-1.7,-27.8,8.0,38.3,16.0,0.1,0.5,0.5,178.0,948.5,1532.0,924.5,10.0,761.5,14.0,0.2,0.6,0.5,180.0,950.0,1530.0,925.0,10.0,760.0,14.0,0.2,0.6,0.5
1974,2,144.0,18.0,25.13,26.3,26.7,25.91,9.0,0.97,12.0,0.3,0.3,0.4,24.31,25.1,27.0,25.52,10.0,1.83,12.0,0.3,0.3,0.4,14.65,15.49,17.88,15.89,9.0,2.13,12.0,0.3,0.3,0.4,70.2,75.6,84.1,77.4,9.0,7.4,12.0,0.3,0.4,4.1,7.45,9.9,7.08,10.0,3.13,12.0,0.3,0.3,0.4,-7.23,-3.73,-2.32,-4.45,10.0,2.83,12.0,0.3,0.3,0.4,-3.08,-1.61,6.12,-0.42,10.0,5.94,12.0,0.3,0.3,0.4,1007.43,1011.25,1013.89,1010.85,10.0,3.33,12.0,0.3,0.3,0.4,1.0,3.0,5.0,3.1,10.0,2.4,12.0,0.3,0.3,0.4,-57.0,-23.1,-9.3,-33.7,10.0,31.0,12.0,0.3,0.3,0.4,-20.3,-8.1,58.2,-3.3,10.0,61.9,12.0,0.3,0.3,0.4,-1.31,0.0,1.65,0.33,9.0,2.28,12.0,0.3,0.3,0.4,-5.4,0.0,12.3,4.9,9.0,22.9,12.0,0.3,0.3,0.4,3.03,6.44,6.99,5.08,9.0,2.57,12.0,0.3,0.3,0.4,14.2,38.3,55.5,38.4,9.0,25.7,12.0,0.3,0.3,0.4,-190.2,-91.1,-54.5,-116.2,10.0,77.4,12.0,0.3,0.3,0.4,-77.6,-40.1,170.7,-5.0,10.0,145.5,12.0,0.3,0.3,0.4,-119.5,-55.5,-36.7,-76.9,9.0,53.6,12.0,0.3,0.3,0.4,-44.0,-32.1,114.9,-0.7,9.0,101.6,12.0,0.3,0.3,0.4,-42.1,-15.4,-2.8,-21.8,9.0,18.4,12.0,0.3,0.3,0.4,-22.8,-8.2,12.8,-8.8,9.0,36.8,12.0,0.3,0.3,0.4,69.0,426.0,1002.0,547.0,10.0,598.0,12.0,0.3,0.3,0.4,70.0,425.0,1000.0,545.0,10.0,600.0,12.0,0.3,0.3,0.4
1974,2,144.0,19.0,26.7,26.7,26.7,26.7,1.0,0.0,20.0,1.0,0.5,0.1,25.16,25.5,25.84,25.5,2.0,0.71,22.0,0.5,0.3,0.4,15.49,16.86,18.23,16.86,2.0,2.84,22.0,0.5,0.3,0.4,77.9,82.7,87.6,82.7,2.0,10.0,22.0,0.5,0.4,6.44,6.95,7.46,6.95,2.0,1.06,22.0,0.5,0.3,0.4,-5.3,-4.01,-2.72,-4.01,2.0,2.67,22.0,0.5,0.3,0.4,-4.12,-0.44,3.24,-0.44,2.0,7.62,22.0,0.5,0.3,0.4,1012.37,1014.25,1016.13,1014.25,2.0,3.89,22.0,0.5,0.3,0.4,3.0,3.0,3.0,3.0,2.0,0.0,22.0,0.5,0.3,0.4,-40.3,-29.3,-18.3,-29.3,2.0,22.8,22.0,0.5,0.3,0.4,-24.3,1.0,26.3,1.0,2.0,52.5,22.0,0.5,0.3,0.4,1.7,1.7,1.7,1.7,1.0,0.0,20.0,1.0,0.5,0.1,10.5,10.5,10.5,10.5,1.0,0.0,20.0,1.0,0.5,0.1,6.96,6.96,6.96,6.96,1.0,0.0,20.0,1.0,0.5,0.1,43.2,43.2,43.2,43.2,1.0,0.0,20.0,1.0,0.5,0.1,-137.4,-103.2,-68.9,-103.2,2.0,71.0,22.0,0.5,0.3,0.4,-102.1,-8.5,85.1,-8.5,2.0,194.0,22.0,0.5,0.3,0.4,-98.6,-71.4,-44.2,-71.4,2.0,56.4,22.0,0.5,0.3,0.4,-58.0,3.4,64.8,3.4,2.0,127.2,22.0,0.5,0.3,0.4,-14.8,-14.8,-14.8,-14.8,1.0,0.0,20.0,1.0,0.5,0.1,-40.6,-40.6,-40.6,-40.6,1.0,0.0,20.0,1.0,0.5,0.1,273.0,347.5,422.0,347.5,2.0,154.5,22.0,0.5,0.3,0.4,275.0,345.0,420.0,345.0,2.0,155.0,22.0,0.5,0.3,0.4
1974,2,144.0,20.0,25.16,25.5,25.84,25.5,2.0,0.71,4.0,0.5,0.5,0.7,22.64,23.6,24.56,23.6,2.0,1.98,4.0,0.5,0.5,0.7,15.14,15.27,15.39,15.27,2.0,0.26,4.0,0.5,0.5,0.7,80.4,84.6,88.7,84.6,2.0,8.6,4.0,0.5,0.7,5.27,5.65,6.03,5.65,2.0,0.78,4.0,0.5,0.5,0.7,-5.9,-5.45,-5.0,-5.45,2.0,0.93,4.0,0.5,0.5,0.7,-0.63,0.33,1.3,0.33,2.0,1.99,4.0,0.5,0.5,0.7,1014.07,1014.45,1014.83,1014.45,2.0,0.78,4.0,0.5,0.5,0.7,5.5,6.5,7.5,6.5,2.0,2.1,4.0,0.5,0.5,0.7,-35.7,-31.1,-26.6,-31.1,2.0,9.5,4.0,0.5,0.5,0.7,-4.2,1.1,6.4,1.1,2.0,11.0,4.0,0.5,0.5,0.7,1.29,1.9,2.51,1.9,2.0,1.27,4.0,0.5,0.5,0.7,7.5,10.2,13.0,10.2,2.0,5.7,4.0,0.5,0.5,0.7,4.81,5.09,5.38,5.09,2.0,0.59,4.0,0.5,0.5,0.7,25.5,29.0,32.5,29.0,2.0,7.3,4.0,0.5,0.5,0.7,-145.3,-129.5,-113.7,-129.5,2.0,32.7,4.0,0.5,0.5,0.7,-16.5,5.9,28.3,5.9,2.0,46.4,4.0,0.5,0.5,0.7,-90.8,-83.3,-75.8,-83.3,2.0,15.6,4.0,0.5,0.5,0.7,-9.8,4.8,19.5,4.8,2.0,30.4,4.0,0.5,0.5,0.7,-31.9,-28.0,-24.2,-28.0,2.0,8.0,4.0,0.5,0.5,0.7,-3.7,1.1,5.9,1.1,2.0,10.0,4.0,0.5,0.5,0.7,149.5,185.5,221.5,185.5,2.0,74.5,4.0,0.5,0.5,0.7,150.0,185.0,220.0,185.0,2.0,75.0,4.0,0.5,0.5,0.7
1974,2,144.0,21.0,22.95,24.75,26.1,24.53,6.0,1.87,14.0,0.7,0.7,0.6,22.18,24.0,24.89,23.71,8.0,1.6,14.0,0.8,0.7,0.5,13.41,15.73,17.65,15.82,7.0,2.88,14.0,0.7,0.8,0.5,72.6,83.4,96.0,84.3,7.0,12.1,14.0,0.7,0.5,7.2,7.95,8.7,7.76,8.0,1.31,14.0,0.8,0.7,0.5,-6.58,-3.99,-0.18,-2.89,8.0,5.16,14.0,0.8,0.7,0.5,-5.08,-2.31,5.28,-1.08,8.0,5.75,14.0,0.8,0.7,0.5,1012.73,1014.5,1016.59,1015.06,8.0,3.6,14.0,0.8,0.7,0.5,3.1,6.5,8.0,5.8,8.0,2.5,14.0,0.8,0.7,0.5,-56.6,-28.7,-1.7,-23.5,8.0,42.8,14.0,0.8,0.7,0.5,-37.6,-13.0,45.8,-7.8,8.0,46.7,14.0,0.8,0.7,0.5,-1.24,0.3,2.1,0.08,6.0,2.38,14.0,0.7,0.7,0.6,-8.9,2.8,16.2,1.7,6.0,18.4,14.0,0.7,0.7,0.6,-0.51,4.76,7.36,3.47,6.0,4.72,14.0,0.7,0.7,0.6,-4.6,40.3,56.5,29.6,6.0,38.6,14.0,0.7,0.7,0.6,-154.5,-97.0,-4.3,-64.1,8.0,120.9,14.0,0.8,0.7,0.5,-121.1,-54.4,125.1,-22.9,8.0,139.8,14.0,0.8,0.7,0.5,-85.3,-51.9,6.1,-28.7,7.0,76.5,14.0,0.7,0.8,0.5,-90.7,-64.0,74.7,-13.4,7.0,99.6,14.0,0.7,0.8,0.5,-34.5,-6.6,16.1,-6.6,6.0,28.0,14.0,0.7,0.7,0.6,-41.7,-16.8,15.8,-16.8,6.0,37.0,14.0,0.7,0.7,0.6,373.0,504.0,658.5,501.0,8.0,212.0,14.0,0.8,0.7,0.5,375.0,505.0,660.0,500.0,8.0,210.0,14.0,0.8,0.7,0.5
1974,2,144.0,22.0,24.06,25.0,26.0,25.06,8.0,1.27,10.0,0.5,0.5,0.4,21.5,22.5,23.73,22.56,9.0,1.81,12.0,0.6,0.6,0.4,11.81,12.78,14.52,13.39,9.0,2.66,12.0,0.6,0.6,0.4,72.7,75.1,89.6,78.4,9.0,10.4,12.0,0.6,0.4,3.37,8.2,11.03,7.53,9.0,3.58,12.0,0.6,0.6,0.4,-8.22,-1.4,0.0,-3.67,9.0,4.46,12.0,0.6,0.6,0.4,-8.26,-3.85,0.44,-4.08,9.0,4.78,12.0,0.6,0.6,0.4,1010.65,1014.5,1016.27,1014.29,9.0,3.54,12.0,0.6,0.6,0.4,2.3,6.0,7.0,5.1,9.0,2.5,12.0,0.6,0.6,0.4,-80.0,-5.7,0.0,-37.7,9.0,51.1,12.0,0.6,0.6,0.4,-87.1,-15.8,7.9,-31.1,9.0,51.7,12.0,0.6,0.6,0.4,1.0,1.25,4.33,2.38,8.0,2.13,10.0,0.5,0.5,0.4,3.2,12.3,43.3,18.5,8.0,19.4,10.0,0.5,0.5,0.4,4.75,6.07,8.44,6.3,8.0,2.23,10.0,0.5,0.5,0.4,20.0,55.5,70.4,49.1,8.0,29.6,10.0,0.5,0.5,0.4,-182.9,-30.9,0.0,-81.8,9.0,101.2,12.0,0.6,0.6,0.4,-177.1,-84.8,7.7,-89.3,9.0,105.3,12.0,0.6,0.6,0.4,-101.6,-21.2,0.0,-45.5,9.0,57.1,12.0,0.6,0.6,0.4,-103.8,-58.4,4.6,-53.3,9.0,59.7,12.0,0.6,0.6,0.4,-57.7,-7.8,0.0,-23.0,8.0,29.0,10.0,0.5,0.5,0.4,-66.1,-21.4,6.3,-27.4,8.0,36.4,10.0,0.5,0.5,0.4,40.5,551.5,1348.5,677.5,9.0,661.0,12.0,0.6,0.6,0.4,40.0,550.0,1350.0,675.0,9.0,660.0,12.0,0.6,0.6,0.4
1974,2,144.0,23.0,23.27,24.5,26.05,24.4,13.0,1.51,18.0,0.5,0.5,0.5,20.03,21.6,24.16,21.85,14.0,1.98,16.0,0.5,0.4,0.5,9.58,13.51,14.53,12.53,14.0,2.68,16.0,0.5,0.4,0.5,62.6,73.8,90.9,76.4,14.0,12.2,16.0,0.5,0.5,5.1,7.45,9.26,7.45,14.0,2.77,16.0,0.5,0.4,0.5,-7.23,-2.92,4.03,-1.97,14.0,5.89,16.0,0.5,0.4,0.5,-6.67,-2.4,4.66,-1.53,14.0,5.1,16.0,0.5,0.4,0.5,1011.91,1014.75,1018.64,1014.79,14.0,3.47,16.0,0.5,0.4,0.5,3.1,6.0,7.9,5.5,14.0,2.3,16.0,0.5,0.4,0.5,-65.6,-15.7,27.5,-25.4,14.0,57.6,16.0,0.5,0.4,0.5,-57.6,-12.6,24.2,-14.8,14.0,46.1,16.0,0.5,0.4,0.5,0.95,2.9,3.6,2.48,13.0,1.59,18.0,0.5,0.5,0.5,6.8,14.4,38.7,19.7,13.0,14.7,18.0,0.5,0.5,0.5,3.96,6.15,9.94,6.69,13.0,2.78,18.0,0.5,0.5,0.5,20.6,45.2,76.5,51.7,13.0,30.9,18.0,0.5,0.5,0.5,-165.9,-62.4,83.8,-42.6,14.0,130.1,16.0,0.5,0.4,0.5,-135.5,-50.3,113.8,-31.1,14.0,110.3,16.0,0.5,0.4,0.5,-95.9,-33.9,55.4,-26.2,14.0,79.0,16.0,0.5,0.4,0.5,-66.7,-34.1,60.7,-13.7,14.0,58.9,16.0,0.5,0.4,0.5,-51.3,-5.8,22.3,-10.9,13.0,40.4,18.0,0.5,0.5,0.5,-61.6,-7.6,16.7,-18.5,13.0,41.5,18.0,0.5,0.5,0.5,132.5,415.0,795.0,584.0,14.0,645.0,16.0,0.5,0.4,0.5,135.0,415.0,795.0,585.0,14.0,645.0,16.0,0.5,0.4,0.5
1974,2,144.0,24.0,20.79,23.0,24.71,22.91,11.0,1.84,14.0,0.7,0.4,0.4,19.0,21.5,24.21,21.95,11.0,2.69,14.0,0.7,0.4,0.4,9.12,13.0,16.82,12.9,10.0,3.68,14.0,0.7,0.4,0.3,63.8,76.9,86.0,76.0,10.0,11.6,14.0,0.7,0.3,2.69,6.2,8.2,5.52,11.0,2.82,14.0,0.7,0.4,0.4,-5.31,1.4,3.87,0.35,11.0,4.35,14.0,0.7,0.4,0.4,-5.37,-2.07,1.21,-2.12,11.0,4.17,14.0,0.7,0.4,0.4,1011.58,1017.5,1018.4,1015.83,11.0,3.84,14.0,0.7,0.4,0.4,0.9,4.5,7.6,4.2,10.0,3.1,14.0,0.7,0.4,0.4,-37.8,5.7,27.5,1.0,11.0,33.3,14.0,0.7,0.4,0.4,-43.2,-7.8,6.1,-17.0,11.0,32.9,14.0,0.7,0.4,0.4,-1.83,0.5,3.83,0.95,11.0,3.66,14.0,0.7,0.4,0.4,-4.3,4.1,22.0,8.7,11.0,19.7,14.0,0.7,0.4,0.4,-0.49,5.77,8.79,4.54,10.0,4.53,14.0,0.7,0.4,0.3,-0.5,20.6,50.2,27.9,10.0,32.3,14.0,0.7,0.4,0.3,-110.2,37.2,82.6,7.3,11.0,91.9,14.0,0.7,0.4,0.4,-121.9,-41.8,33.3,-40.8,11.0,92.6,14.0,0.7,0.4,0.4,-60.6,16.9,38.5,-1.3,10.0,47.7,14.0,0.7,0.4,0.3,-68.0,-19.3,34.2,-14.0,10.0,58.0,14.0,0.7,0.4,0.3,-33.1,-0.3,13.5,-3.8,10.0,28.0,14.0,0.7,0.4,0.3,-31.5,-11.9,-3.6,-21.0,10.0,24.9,14.0,0.7,0.4,0.3,21.5,238.5,551.5,285.0,11.0,299.5,14.0,0.7,0.4,0.4,20.0,240.0,550.0,285.0,11.0,300.0,14.0,0.7,0.4,0.4
1974,2,144.0,25.0,20.0,21.5,23.0,21.54,8.0,1.46,14.0,0.6,0.3,0.4,18.11,20.0,20.59,19.49,8.0,2.04,14.0,0.6,0.3,0.4,7.5,9.59,11.25,9.59,8.0,1.98,14.0,0.6,0.3,0.4,53.0,71.2,77.3,68.3,8.0,12.4,14.0,0.6,0.4,3.83,7.45,9.12,6.64,8.0,2.48,14.0,0.6,0.3,0.4,-6.88,0.62,1.57,-1.42,8.0,4.34,14.0,0.6,0.3,0.4,-7.04,-4.68,-2.6,-4.33,8.0,3.73,14.0,0.6,0.3,0.4,1014.93,1015.95,1021.1,1017.08,8.0,3.95,14.0,0.6,0.3,0.4,2.2,5.5,6.0,4.5,8.0,2.4,14.0,0.6,0.3,0.4,-52.7,2.2,14.4,-11.5,8.0,34.7,14.0,0.6,0.3,0.4,-55.1,-35.7,-7.4,-33.3,8.0,33.0,14.0,0.6,0.3,0.4,0.06,2.35,4.44,2.05,8.0,2.52,14.0,0.6,0.3,0.4,0.3,13.3,19.3,11.0,8.0,16.6,14.0,0.6,0.3,0.4,4.55,6.72,8.61,6.4,8.0,2.24,14.0,0.6,0.3,0.4,20.9,36.8,65.3,41.9,8.0,23.8,14.0,0.6,0.3,0.4,-137.9,9.5,31.6,-32.3,8.0,88.7,14.0,0.6,0.3,0.4,-143.2,-89.1,-49.7,-83.9,8.0,75.0,14.0,0.6,0.3,0.4,-54.8,4.3,19.2,-11.5,8.0,38.1,14.0,0.6,0.3,0.4,-77.4,-35.8,-22.1,-42.0,8.0,43.2,14.0,0.6,0.3,0.4,-42.1,1.8,9.0,-9.4,8.0,31.9,14.0,0.6,0.3,0.4,-52.7,-22.5,-16.5,-28.1,8.0,23.5,14.0,0.6,0.3,0.4,62.0,415.0,766.0,393.0,8.0,305.0,14.0,0.6,0.3,0.4,60.0,415.0,765.0,395.0,8.0,305.0,14.0,0.6,0.3,0.4
1974,2,144.0,26.0,,,,,,,,,,,,,,,,,,,,,,,,,,,,,,,,,,,,,,,,8.2,8.2,8.2,8.2,1.0,0.0,8.0,0.0,0.0,0.3,6.28,6.28,6.28,6.28,1.0,0.0,8.0,0.0,0.0,0.3,-5.27,-5.27,-5.27,-5.27,1.0,0.0,8.0,0.0,0.0,0.3,1006.9,1006.9,1006.9,1006.9,1.0,0.0,8.0,0.0,0.0,0.3,,,,,,,,,,,,,,,,,,,,,,,,,,,,,,,,,,,,,,,,,,,,,,,,,,,,,,,,,,,,,,,,,,,,,,,,,,,,,,,,,,,,,,,,,,,,,,,,,,,,,,,,,,,,,,,,,,,,,,,,,,,,,,,,,,,,,,,,,,,,,,,,,,,,,,
1974,2,144.0,27.0,19.32,20.0,20.22,19.82,5.0,0.6,10.0,0.4,0.5,0.5,16.4,18.0,20.84,18.46,5.0,2.91,10.0,0.4,0.5,0.5,7.64,9.83,10.6,9.15,4.0,2.07,10.0,0.5,0.7,0.5,58.0,66.6,79.5,68.6,4.0,13.4,10.0,0.5,0.5,5.75,8.7,13.11,9.12,5.0,5.14,10.0,0.4,0.5,0.5,-3.65,6.28,12.78,4.72,5.0,9.16,10.0,0.4,0.5,0.5,-5.27,-4.35,-0.33,-3.08,5.0,2.61,10.0,0.4,0.5,0.5,1006.57,1010.5,1019.64,1012.78,5.0,7.2,10.0,0.4,0.5,0.5,4.0,7.0,8.0,6.2,5.0,2.0,10.0,0.4,0.5,0.5,-25.3,51.5,169.8,69.2,5.0,114.1,10.0,0.4,0.5,0.5,-57.1,-37.8,-0.5,-32.6,5.0,33.8,10.0,0.4,0.5,0.5,-0.62,2.0,2.91,1.36,5.0,2.34,10.0,0.4,0.5,0.5,-5.4,16.4,40.3,18.9,5.0,31.9,10.0,0.4,0.5,0.5,3.73,4.89,6.66,5.18,4.0,1.82,10.0,0.5,0.7,0.5,22.7,45.5,84.2,53.1,4.0,45.5,10.0,0.5,0.7,0.5,-79.3,113.1,207.7,66.6,5.0,163.0,10.0,0.4,0.5,0.5,-95.7,-76.4,-6.5,-55.7,5.0,47.0,10.0,0.4,0.5,0.5,-43.3,37.6,109.1,33.1,4.0,90.8,10.0,0.5,0.7,0.5,-36.5,-19.1,-2.6,-19.5,4.0,19.8,10.0,0.5,0.7,0.5,-25.4,17.7,76.2,25.0,4.0,65.3,10.0,0.5,0.7,0.5,-32.6,-13.6,-1.0,-16.6,4.0,19.0,10.0,0.5,0.7,0.5,351.0,658.5,2377.0,1301.5,5.0,1441.0,10.0,0.4,0.5,0.5,350.0,660.0,2375.0,1300.0,5.0,1440.0,10.0,0.4,0.5,0.5
1974,2,144.0,28.0,17.53,18.4,19.83,18.62,6.0,1.61,12.0,0.2,0.3,0.3,15.46,17.5,18.75,17.05,6.0,2.32,12.0,0.2,0.3,0.3,7.16,9.05,10.56,8.87,5.0,1.75,10.0,0.2,0.3,0.3,69.9,73.6,78.3,74.2,5.0,7.1,10.0,0.2,0.3,7.7,8.2,12.93,10.28,5.0,4.18,10.0,0.2,0.3,0.3,-0.52,7.58,12.73,6.71,5.0,7.66,10.0,0.2,0.3,0.3,-4.88,1.34,3.95,-0.06,5.0,5.89,10.0,0.2,0.3,0.3,1007.39,1015.0,1023.97,1015.6,7.0,8.56,14.0,0.3,0.4,0.3,5.2,8.0,8.0,6.6,5.0,2.6,12.0,0.2,0.2,0.3,-4.3,58.4,176.5,90.6,5.0,126.9,10.0,0.2,0.3,0.3,-57.9,10.3,33.3,-6.3,5.0,52.4,10.0,0.2,0.3,0.3,-0.76,1.55,2.83,1.57,6.0,2.51,12.0,0.2,0.3,0.3,3.8,13.1,51.4,28.3,5.0,44.2,10.0,0.2,0.3,0.3,3.56,5.15,5.81,4.66,5.0,2.15,10.0,0.2,0.3,0.3,27.6,40.1,77.6,52.1,5.0,41.4,10.0,0.2,0.3,0.3,-9.1,122.1,194.5,99.7,5.0,109.0,10.0,0.2,0.3,0.3,-76.7,21.5,75.3,4.7,5.0,107.1,10.0,0.2,0.3,0.3,-5.5,55.5,101.5,50.1,5.0,57.4,10.0,0.2,0.3,0.3,-44.3,9.8,40.0,0.3,5.0,60.6,10.0,0.2,0.3,0.3,-0.6,39.5,76.4,41.7,5.0,49.0,10.0,0.2,0.3,0.3,-13.1,7.0,19.9,5.0,5.0,22.4,10.0,0.2,0.3,0.3,456.5,551.5,2651.0,1583.5,5.0,2127.5,10.0,0.2,0.3,0.3,455.0,550.0,2650.0,1585.0,5.0,2125.0,10.0,0.2,0.3,0.3
1974,2,144.0,29.0,17.79,18.0,18.81,18.47,7.0,1.22,16.0,0.4,0.5,0.6,14.52,17.6,18.39,16.71,8.0,2.16,16.0,0.5,0.5,0.6,6.6,9.4,11.41,8.92,7.0,2.35,16.0,0.4,0.5,0.6,65.9,73.6,83.6,74.3,7.0,10.4,16.0,0.4,0.6,4.66,7.45,12.9,8.61,8.0,4.22,16.0,0.5,0.5,0.6,3.86,4.45,7.99,5.32,8.0,2.56,16.0,0.5,0.5,0.6,-9.71,1.85,5.54,-1.53,8.0,7.81,16.0,0.5,0.5,0.6,1008.88,1015.4,1019.09,1014.26,8.0,6.41,16.0,0.5,0.5,0.6,3.0,5.0,6.9,4.6,8.0,2.1,16.0,0.5,0.5,0.6,16.1,34.3,103.0,52.7,8.0,44.8,16.0,0.5,0.5,0.6,-125.2,8.2,34.0,-37.8,8.0,92.1,16.0,0.5,0.5,0.6,0.28,2.2,3.64,1.99,7.0,1.76,16.0,0.4,0.5,0.6,2.4,10.3,52.1,21.3,7.0,23.8,16.0,0.4,0.5,0.6,2.91,4.52,6.24,4.5,6.0,1.94,16.0,0.3,0.4,0.6,13.8,24.6,87.7,42.4,6.0,36.5,16.0,0.3,0.4,0.6,69.5,73.4,125.6,86.7,8.0,35.7,16.0,0.5,0.5,0.6,-163.1,34.4,86.9,-16.4,8.0,122.9,16.0,0.5,0.5,0.6,32.1,37.3,54.1,41.3,7.0,15.7,16.0,0.4,0.5,0.6,-47.1,26.2,49.3,8.9,7.0,57.7,16.0,0.4,0.5,0.6,9.8,14.9,37.9,24.7,6.0,23.3,16.0,0.3,0.4,0.6,-63.2,7.3,14.2,-14.5,6.0,44.3,16.0,0.3,0.4,0.6,101.5,448.5,2146.5,1059.5,8.0,1175.5,16.0,0.5,0.5,0.6,100.0,450.0,2145.0,1060.0,8.0,1175.0,16.0,0.5,0.5,0.6
1974,2,144.0,30.0,17.0,17.0,18.0,17.55,17.0,0.8,16.0,0.4,0.4,0.4,12.54,14.0,15.78,13.99,17.0,1.59,16.0,0.4,0.4,0.4,5.22,6.71,8.08,6.76,17.0,1.53,16.0,0.4,0.4,0.4,54.2,67.3,80.3,68.3,17.0,12.7,16.0,0.4,0.4,5.96,11.8,14.36,10.92,17.0,3.75,16.0,0.4,0.4,0.4,-3.23,4.6,12.4,4.68,17.0,7.02,16.0,0.4,0.4,0.4,-10.46,-6.7,-4.78,-6.52,17.0,4.8,16.0,0.4,0.4,0.4,1010.68,1018.5,1023.39,1017.12,17.0,7.0,16.0,0.4,0.4,0.4,2.5,4.0,6.0,4.1,17.0,2.1,16.0,0.4,0.4,0.4,-29.0,56.9,178.5,67.5,17.0,95.5,16.0,0.4,0.4,0.4,-130.1,-89.8,-24.4,-73.6,17.0,68.5,16.0,0.4,0.4,0.4,1.59,3.0,6.0,3.56,17.0,2.02,16.0,0.4,0.4,0.4,13.6,38.7,67.1,39.9,17.0,26.1,16.0,0.4,0.4,0.4,3.85,6.04,7.22,5.66,17.0,1.68,16.0,0.4,0.4,0.4,36.8,57.9,90.4,61.6,17.0,26.4,16.0,0.4,0.4,0.4,-43.1,74.5,160.1,67.3,17.0,96.4,16.0,0.4,0.4,0.4,-145.8,-97.1,-66.8,-87.8,17.0,69.5,16.0,0.4,0.4,0.4,-19.2,42.2,84.6,32.8,17.0,48.5,16.0,0.4,0.4,0.4,-74.8,-41.3,-25.2,-43.8,17.0,34.2,16.0,0.4,0.4,0.4,-21.8,25.7,67.3,22.7,17.0,41.7,16.0,0.4,0.4,0.4,-69.8,-35.6,-22.8,-37.7,17.0,30.6,16.0,0.4,0.4,0.4,223.5,1643.0,2972.5,1711.0,17.0,1272.5,16.0,0.4,0.4,0.4,225.0,1645.0,2970.0,1710.0,17.0,1275.0,16.0,0.4,0.4,0.4
1974,2,144.0,31.0,15.71,16.6,17.37,16.48,9.0,0.91,14.0,0.7,0.6,0.5,12.81,16.2,17.07,15.31,9.0,2.36,14.0,0.7,0.6,0.5,5.59,8.75,9.22,7.93,8.0,1.96,16.0,0.6,0.6,0.6,60.8,72.4,79.3,71.7,8.0,10.0,16.0,0.6,0.6,6.97,10.3,18.33,11.67,9.0,5.6,14.0,0.7,0.6,0.5,-3.67,3.69,16.88,5.18,9.0,9.6,14.0,0.7,0.6,0.5,-3.8,6.7,10.15,3.35,9.0,7.03,14.0,0.7,0.6,0.5,999.24,1012.9,1014.97,1009.76,9.0,8.45,14.0,0.7,0.6,0.5,6.3,7.0,8.0,6.9,9.0,1.3,14.0,0.7,0.6,0.5,-23.1,39.9,311.3,103.6,9.0,165.0,14.0,0.7,0.6,0.5,-27.3,44.9,129.0,47.0,9.0,103.2,14.0,0.7,0.6,0.5,-0.23,0.6,2.73,1.17,9.0,1.81,14.0,0.7,0.6,0.5,-2.9,9.5,21.0,8.3,9.0,13.6,14.0,0.7,0.6,0.5,2.63,3.55,5.43,3.72,8.0,1.59,16.0,0.6,0.6,0.6,23.5,40.9,49.2,43.4,8.0,27.9,16.0,0.6,0.6,0.6,-42.6,63.2,267.6,84.5,9.0,150.6,14.0,0.7,0.6,0.5,-44.4,115.2,170.9,62.4,9.0,111.7,14.0,0.7,0.6,0.5,-13.8,36.1,125.6,55.0,8.0,70.8,16.0,0.6,0.6,0.6,-19.8,66.6,86.4,38.1,8.0,60.8,16.0,0.6,0.6,0.6,-5.9,20.9,45.9,23.4,8.0,37.1,16.0,0.6,0.6,0.6,-19.7,16.7,36.1,11.0,8.0,28.1,16.0,0.6,0.6,0.6,343.0,1092.5,6221.0,2649.5,9.0,3236.5,14.0,0.7,0.6,0.5,345.0,1095.0,6220.0,2650.0,9.0,3235.0,14.0,0.7,0.6,0.5
1974,2,144.0,32.0,16.0,17.0,17.6,17.02,25.0,1.15,16.0,0.6,0.6,0.5,10.0,14.0,16.78,13.7,29.0,3.17,16.0,0.5,0.6,0.5,5.24,6.4,8.74,6.93,24.0,2.01,14.0,0.5,0.6,0.5,56.5,71.6,81.2,70.1,24.0,12.0,14.0,0.5,0.5,7.18,12.3,15.44,12.04,26.0,3.99,16.0,0.5,0.6,0.5,-0.07,5.9,13.23,6.16,26.0,7.08,16.0,0.5,0.6,0.5,-11.64,-2.92,6.17,-2.88,26.0,8.28,16.0,0.5,0.6,0.5,1003.88,1012.85,1020.24,1012.01,26.0,8.11,14.0,0.5,0.6,0.5,4.0,6.0,8.0,5.9,29.0,2.1,16.0,0.5,0.6,0.5,-0.7,77.1,178.7,92.9,26.0,119.8,16.0,0.5,0.6,0.5,-149.0,-33.7,73.8,-37.1,26.0,111.7,16.0,0.5,0.6,0.5,-1.0,3.5,6.8,3.0,25.0,3.78,16.0,0.6,0.6,0.5,-9.1,33.0,86.8,37.3,22.0,52.9,16.0,0.5,0.6,0.5,2.63,5.54,7.51,5.08,22.0,2.5,14.0,0.5,0.6,0.5,38.0,60.2,88.4,66.2,21.0,38.0,16.0,0.5,0.6,0.5,-1.0,81.0,151.4,82.3,26.0,100.4,16.0,0.5,0.6,0.5,-158.6,-40.3,87.2,-33.7,26.0,126.6,16.0,0.5,0.6,0.5,0.0,50.7,91.9,47.2,23.0,50.3,14.0,0.5,0.6,0.5,-68.1,-19.4,57.0,-11.4,23.0,64.3,14.0,0.5,0.6,0.5,0.0,43.4,59.4,37.6,21.0,48.4,16.0,0.5,0.6,0.5,-63.4,-7.7,24.7,-17.7,21.0,43.4,16.0,0.5,0.6,0.5,371.0,1861.0,3679.5,2317.5,26.0,2176.0,16.0,0.5,0.6,0.5,370.0,1860.0,3680.0,2320.0,26.0,2175.0,16.0,0.5,0.6,0.5
1974,2,144.0,33.0,16.0,17.0,17.8,16.9,21.0,1.05,16.0,0.6,0.4,0.4,9.14,12.5,16.41,13.01,28.0,3.68,16.0,0.6,0.4,0.4,4.57,6.49,9.94,7.02,24.0,2.38,16.0,0.5,0.4,0.4,63.4,76.0,85.2,75.2,24.0,12.4,16.0,0.5,0.4,6.39,12.3,17.67,12.01,27.0,5.3,16.0,0.6,0.4,0.4,0.0,3.13,9.43,3.68,27.0,5.5,16.0,0.6,0.4,0.4,-13.93,-5.83,10.43,-3.27,27.0,11.07,16.0,0.6,0.4,0.4,1004.81,1013.2,1021.67,1013.23,25.0,8.29,16.0,0.6,0.4,0.4,6.0,7.0,8.0,6.8,26.0,1.7,16.0,0.6,0.4,0.4,0.0,53.0,121.1,54.3,27.0,86.8,16.0,0.6,0.4,0.4,-205.0,-51.7,137.5,-43.6,27.0,187.4,16.0,0.6,0.4,0.4,0.21,5.0,8.32,4.53,21.0,3.42,16.0,0.6,0.4,0.4,0.1,54.9,100.1,63.3,20.0,63.6,16.0,0.6,0.4,0.4,2.22,5.38,6.82,4.96,21.0,2.47,16.0,0.6,0.4,0.4,18.8,59.1,100.3,67.5,20.0,51.8,16.0,0.6,0.4,0.4,0.0,55.4,113.0,46.1,27.0,67.1,16.0,0.6,0.4,0.4,-158.8,-54.7,167.1,-21.2,27.0,142.5,16.0,0.6,0.4,0.4,-4.8,23.4,62.1,23.5,23.0,37.0,16.0,0.6,0.4,0.4,-79.6,-31.1,104.3,-6.6,23.0,85.2,16.0,0.6,0.4,0.4,0.0,13.8,31.4,16.7,20.0,42.9,16.0,0.6,0.4,0.4,-86.6,-33.7,22.4,-32.4,20.0,65.1,16.0,0.6,0.4,0.4,266.0,1861.0,5557.0,2705.5,27.0,2879.0,16.0,0.6,0.4,0.4,265.0,1860.0,5555.0,2705.0,27.0,2880.0,16.0,0.6,0.4,0.4
1974,2,144.0,34.0,14.02,16.5,18.1,16.04,24.0,2.47,14.0,0.6,0.5,0.4,7.0,10.0,14.63,10.77,38.0,3.58,14.0,0.6,0.5,0.4,4.67,5.61,8.57,6.31,26.0,2.32,14.0,0.5,0.5,0.4,65.1,75.0,83.3,73.6,26.0,10.7,14.0,0.5,0.4,7.7,12.9,18.13,13.2,38.0,5.09,14.0,0.6,0.5,0.4,-3.66,4.58,12.86,4.89,38.0,7.64,14.0,0.6,0.5,0.4,-13.31,-7.11,5.08,-5.05,38.0,9.79,14.0,0.6,0.5,0.4,1000.64,1010.0,1017.45,1009.68,35.0,7.27,14.0,0.6,0.5,0.4,6.0,7.5,8.0,6.8,36.0,1.7,14.0,0.6,0.4,0.4,-42.3,37.2,251.0,84.1,38.0,132.4,14.0,0.6,0.5,0.4,-235.4,-87.5,66.9,-77.1,38.0,171.7,14.0,0.6,0.5,0.4,0.5,3.95,10.0,5.02,24.0,4.23,14.0,0.6,0.5,0.4,7.9,53.5,124.3,65.6,24.0,57.7,14.0,0.6,0.5,0.4,2.61,4.73,7.71,5.1,23.0,2.42,14.0,0.6,0.5,0.4,36.9,59.6,100.2,70.3,23.0,39.2,14.0,0.6,0.5,0.4,-36.2,48.4,122.4,44.6,38.0,81.2,14.0,0.6,0.5,0.4,-134.2,-70.1,62.8,-34.5,38.0,122.6,14.0,0.6,0.5,0.4,-15.0,44.3,78.4,36.2,26.0,45.5,14.0,0.5,0.5,0.4,-63.1,-27.2,59.9,-1.4,26.0,79.2,14.0,0.5,0.5,0.4,-6.6,31.1,80.6,34.7,23.0,43.7,14.0,0.6,0.5,0.4,-74.0,-36.1,37.0,-24.9,23.0,53.6,14.0,0.6,0.5,0.4,456.5,2146.5,5963.5,3308.5,38.0,3286.5,14.0,0.6,0.5,0.4,455.0,2145.0,5965.0,3310.0,38.0,3285.0,14.0,0.6,0.5,0.4
1974,2,144.0,35.0,14.13,15.8,17.63,15.96,22.0,1.95,14.0,0.6,0.5,0.5,6.52,10.0,13.97,10.08,39.0,3.39,14.0,0.6,0.5,0.5,4.37,5.0,6.83,5.64,25.0,1.97,14.0,0.6,0.5,0.5,63.3,76.4,84.1,73.1,26.0,13.0,14.0,0.6,0.5,6.22,11.3,16.45,11.55,39.0,4.89,14.0,0.6,0.5,0.5,-5.64,1.96,12.64,2.84,39.0,8.66,14.0,0.6,0.5,0.5,-10.6,-4.21,4.02,-2.81,39.0,8.34,14.0,0.6,0.5,0.5,1007.74,1015.5,1021.0,1014.06,38.0,7.19,14.0,0.6,0.4,0.5,4.0,7.0,8.0,6.5,37.0,2.1,14.0,0.6,0.4,0.5,-57.2,22.2,189.6,56.7,39.0,134.2,14.0,0.6,0.5,0.5,-125.7,-44.9,33.5,-29.2,39.0,137.9,14.0,0.6,0.5,0.5,0.67,7.5,10.37,5.95,22.0,5.07,14.0,0.6,0.5,0.5,9.3,58.7,121.7,64.9,22.0,73.2,14.0,0.6,0.5,0.5,2.97,5.54,7.81,5.46,21.0,2.98,14.0,0.6,0.5,0.5,36.5,47.6,89.6,62.3,21.0,49.6,14.0,0.6,0.5,0.5,-59.2,16.5,130.1,31.6,38.0,101.2,14.0,0.6,0.4,0.5,-88.3,-29.0,38.0,-8.0,38.0,99.3,14.0,0.6,0.4,0.5,-34.8,13.7,75.2,18.0,24.0,61.1,14.0,0.6,0.5,0.5,-49.2,-20.6,19.1,-11.6,24.0,50.5,14.0,0.6,0.5,0.5,-36.3,11.5,59.1,14.9,21.0,60.4,14.0,0.6,0.5,0.5,-59.7,-26.0,8.0,-31.5,21.0,40.1,14.0,0.6,0.5,0.5,240.0,1443.0,4456.0,2396.5,39.0,2854.5,14.0,0.6,0.5,0.5,240.0,1445.0,4455.0,2395.0,39.0,2855.0,14.0,0.6,0.5,0.5
1974,2,144.0,36.0,14.27,16.0,18.73,16.28,9.0,2.14,10.0,0.4,0.5,0.6,3.67,8.0,11.41,7.84,11.0,4.37,8.0,0.5,0.5,0.6,2.79,3.58,6.39,4.52,7.0,2.26,10.0,0.4,0.6,0.6,60.9,79.5,96.4,78.7,10.0,17.3,10.0,0.4,0.6,10.52,12.9,19.95,14.03,11.0,4.91,8.0,0.5,0.5,0.6,4.39,10.65,14.91,7.98,11.0,9.41,8.0,0.5,0.5,0.6,-11.05,-4.04,7.83,-1.83,11.0,8.84,8.0,0.5,0.5,0.6,1006.0,1014.25,1016.0,1011.16,8.0,7.98,10.0,0.5,0.5,0.6,4.4,6.5,7.6,5.9,10.0,2.1,8.0,0.5,0.5,0.6,32.3,130.8,272.7,114.8,11.0,184.3,8.0,0.5,0.5,0.6,-179.4,-47.6,108.9,-34.6,11.0,147.4,8.0,0.5,0.5,0.6,3.27,7.0,13.83,7.81,9.0,5.64,10.0,0.4,0.5,0.6,32.2,112.2,166.7,108.2,9.0,71.3,10.0,0.4,0.5,0.6,3.41,7.28,10.86,7.11,6.0,3.73,10.0,0.5,0.5,0.5,44.7,114.1,130.7,93.6,6.0,47.4,10.0,0.5,0.5,0.5,31.7,52.7,89.3,41.3,11.0,87.7,8.0,0.5,0.5,0.6,-59.3,-15.4,97.7,11.3,11.0,75.0,8.0,0.5,0.5,0.6,20.3,30.0,63.9,14.5,7.0,74.0,10.0,0.4,0.6,0.6,-37.7,-17.2,14.5,-7.2,7.0,46.0,10.0,0.4,0.6,0.6,4.5,87.4,116.7,64.2,6.0,65.0,10.0,0.5,0.5,0.5,-71.2,-55.5,10.3,-37.6,6.0,43.4,10.0,0.5,0.5,0.5,1236.5,2146.5,7963.0,3671.5,11.0,3183.5,8.0,0.5,0.5,0.6,1235.0,2145.0,7965.0,3670.0,11.0,3185.0,8.0,0.5,0.5,0.6
1974,2,144.0,37.0,9.75,12.1,16.25,12.6,12.0,3.47,14.0,0.6,0.5,0.5,3.06,4.75,7.46,5.19,14.0,2.84,16.0,0.6,0.4,0.4,3.09,3.75,4.71,3.99,13.0,1.01,16.0,0.5,0.5,0.4,66.3,71.9,82.4,71.9,13.0,11.7,16.0,0.5,0.4,6.2,9.3,14.31,9.92,14.0,4.03,16.0,0.6,0.4,0.4,0.0,0.98,5.77,1.23,14.0,6.37,16.0,0.6,0.4,0.4,-10.16,-6.43,-1.61,-5.64,14.0,6.77,16.0,0.6,0.4,0.4,1012.94,1018.0,1021.97,1017.57,14.0,5.18,16.0,0.6,0.4,0.4,5.6,7.0,8.0,6.5,11.0,1.3,18.0,0.6,0.4,0.4,0.0,5.6,67.1,16.3,14.0,89.9,16.0,0.6,0.4,0.4,-119.7,-61.1,-12.4,-69.8,14.0,91.6,16.0,0.6,0.4,0.4,4.07,7.9,10.25,7.37,12.0,3.62,14.0,0.6,0.5,0.5,31.2,71.9,123.9,78.1,12.0,52.3,14.0,0.6,0.5,0.5,3.97,5.17,7.1,5.32,11.0,2.21,14.0,0.5,0.5,0.5,28.7,46.5,80.1,52.6,11.0,27.0,14.0,0.5,0.5,0.5,0.0,3.3,15.3,-1.4,14.0,28.9,16.0,0.6,0.4,0.4,-40.7,-25.5,-0.5,-16.8,14.0,40.3,16.0,0.6,0.4,0.4,-3.8,3.8,18.9,1.2,13.0,25.6,16.0,0.5,0.5,0.4,-31.8,-21.8,-2.8,-16.6,13.0,28.3,16.0,0.5,0.5,0.4,-2.6,5.5,37.2,11.8,11.0,27.5,14.0,0.5,0.5,0.5,-76.2,-39.5,-9.8,-38.3,11.0,35.4,14.0,0.5,0.5,0.5,238.5,804.5,2933.0,1459.0,14.0,1673.0,16.0,0.6,0.4,0.4,240.0,805.0,2935.0,1460.0,14.0,1675.0,16.0,0.6,0.4,0.4
1974,2,144.0,38.0,7.46,9.5,11.82,9.5,15.0,2.43,18.0,0.4,0.3,0.3,2.03,5.1,6.98,4.83,14.0,2.9,18.0,0.4,0.3,0.4,3.06,4.56,4.77,4.14,11.0,0.84,18.0,0.5,0.3,0.4,65.8,74.1,86.8,75.2,11.0,11.4,18.0,0.5,0.4,5.23,9.8,14.37,10.34,14.0,5.42,18.0,0.4,0.3,0.4,-5.31,2.15,9.03,1.63,14.0,8.61,18.0,0.4,0.3,0.4,-9.34,-2.76,2.44,-2.95,14.0,7.62,18.0,0.4,0.3,0.4,1007.01,1016.4,1018.41,1012.86,14.0,8.75,18.0,0.4,0.3,0.4,4.4,8.0,8.0,6.5,15.0,2.5,18.0,0.4,0.3,0.3,-56.3,11.7,85.8,32.8,14.0,153.7,18.0,0.4,0.3,0.4,-100.3,-18.5,34.0,-39.9,14.0,112.6,18.0,0.4,0.3,0.4,2.51,5.3,7.46,4.71,14.0,2.69,18.0,0.4,0.3,0.4,20.7,38.7,76.6,52.1,13.0,45.8,18.0,0.5,0.3,0.4,1.97,3.52,4.59,3.39,11.0,1.41,18.0,0.5,0.3,0.4,15.4,36.2,52.5,35.0,11.0,23.9,18.0,0.5,0.3,0.4,-29.1,11.3,33.4,-0.1,13.0,40.0,18.0,0.5,0.3,0.4,-50.9,-3.8,21.3,-7.4,13.0,50.4,18.0,0.5,0.3,0.4,-30.2,7.4,29.8,2.5,11.0,39.2,18.0,0.5,0.3,0.4,-42.6,-5.5,24.0,-3.4,11.0,34.8,18.0,0.5,0.3,0.4,-13.5,4.4,38.0,8.8,11.0,35.5,18.0,0.5,0.3,0.4,-36.2,-2.6,12.3,-6.8,11.0,22.9,18.0,0.5,0.3,0.4,148.0,941.0,2967.0,2061.0,14.0,3410.5,18.0,0.4,0.3,0.4,150.0,940.0,2965.0,2060.0,14.0,3410.0,18.0,0.4,0.3,0.4
1974,2,144.0,39.0,5.26,7.0,9.73,7.9,17.0,3.53,20.0,0.5,0.6,0.2,-0.62,3.75,5.2,2.92,16.0,2.71,18.0,0.4,0.6,0.2,3.05,3.42,4.03,3.52,11.0,0.49,18.0,0.4,0.6,0.2,62.7,74.8,82.3,74.4,11.0,11.9,18.0,0.4,0.2,4.41,10.3,14.05,9.36,17.0,4.48,20.0,0.5,0.6,0.3,-2.57,3.86,10.45,4.16,17.0,6.52,20.0,0.5,0.6,0.3,-10.37,-2.76,2.7,-3.22,17.0,6.42,20.0,0.5,0.6,0.3,1010.04,1014.5,1020.0,1014.4,17.0,5.88,20.0,0.5,0.6,0.3,7.0,8.0,8.0,7.6,14.0,0.5,20.0,0.5,0.6,0.2,-10.2,43.7,140.8,59.3,17.0,85.1,20.0,0.5,0.6,0.3,-114.4,-20.3,22.2,-38.7,17.0,83.6,20.0,0.5,0.6,0.3,1.57,3.5,9.45,4.39,15.0,4.59,18.0,0.5,0.6,0.2,5.9,24.0,117.7,45.1,14.0,53.0,18.0,0.5,0.6,0.2,1.53,2.9,4.39,2.89,11.0,1.58,18.0,0.4,0.6,0.2,9.6,22.5,42.0,25.8,11.0,19.7,18.0,0.4,0.6,0.2,-14.0,0.0,34.2,6.8,15.0,22.6,18.0,0.5,0.6,0.3,-19.6,-2.7,13.2,-5.7,15.0,21.0,18.0,0.5,0.6,0.3,-13.5,10.6,30.5,10.5,11.0,21.8,18.0,0.4,0.6,0.2,-24.2,-8.5,8.5,-8.2,11.0,17.3,18.0,0.4,0.6,0.2,-15.5,4.0,33.0,9.0,11.0,27.4,18.0,0.4,0.6,0.2,-12.3,-4.8,9.1,-4.6,11.0,15.9,18.0,0.4,0.6,0.2,93.0,1092.5,2840.5,1352.5,17.0,1471.0,20.0,0.5,0.6,0.3,95.0,1095.0,2840.0,1355.0,17.0,1470.0,20.0,0.5,0.6,0.3
1974,2,144.0,40.0,4.46,6.6,7.7,5.89,8.0,2.65,18.0,0.5,0.4,0.2,1.52,1.7,3.92,2.31,8.0,1.88,18.0,0.5,0.4,0.2,2.41,3.55,3.98,3.3,5.0,0.87,18.0,0.8,0.4,0.2,56.6,60.8,90.8,71.9,5.0,19.8,18.0,0.8,0.2,7.35,8.45,12.29,9.33,6.0,2.8,16.0,0.7,0.4,0.2,-7.19,0.02,8.51,0.58,6.0,8.76,16.0,0.7,0.4,0.2,-6.91,-2.31,3.02,-2.06,6.0,5.48,16.0,0.7,0.4,0.2,1009.46,1015.25,1016.81,1013.02,6.0,5.82,16.0,0.7,0.4,0.2,8.0,8.0,8.0,8.0,8.0,0.0,18.0,0.5,0.4,0.2,-63.5,-7.4,82.2,7.0,6.0,96.1,16.0,0.7,0.4,0.2,-90.4,-22.8,24.4,-29.2,6.0,57.3,16.0,0.7,0.4,0.2,0.74,4.25,5.88,3.58,8.0,2.34,18.0,0.5,0.4,0.2,5.3,28.6,35.9,24.2,6.0,18.0,16.0,0.7,0.4,0.2,1.39,2.5,3.78,2.47,5.0,1.58,18.0,0.8,0.4,0.2,10.7,21.6,33.5,21.1,5.0,13.9,18.0,0.8,0.4,0.2,-16.7,4.8,24.8,8.4,6.0,33.6,16.0,0.7,0.4,0.2,-17.5,1.7,7.1,-4.6,6.0,19.6,16.0,0.7,0.4,0.2,-24.0,13.6,26.8,4.6,5.0,29.2,18.0,0.8,0.4,0.2,-24.3,4.9,10.4,-4.1,5.0,19.1,18.0,0.8,0.4,0.2,-5.3,20.3,29.9,13.2,5.0,19.9,18.0,0.8,0.4,0.2,-6.1,7.4,9.5,2.1,5.0,11.4,18.0,0.8,0.4,0.2,407.0,605.0,1868.0,1003.0,6.0,864.5,16.0,0.7,0.4,0.2,405.0,605.0,1870.0,1005.0,6.0,865.0,16.0,0.7,0.4,0.2
1974,2,144.0,41.0,0.1,1.6,4.38,2.18,25.0,2.34,14.0,0.5,0.4,0.7,-2.71,-0.6,1.2,-0.58,23.0,1.81,14.0,0.5,0.3,0.7,2.22,2.82,3.24,2.68,9.0,0.58,12.0,0.7,0.4,0.7,74.9,77.3,90.1,77.3,9.0,14.6,12.0,0.7,0.7,3.26,6.2,12.71,8.49,21.0,6.16,14.0,0.6,0.4,0.7,-0.93,4.75,10.65,4.42,21.0,5.49,14.0,0.6,0.4,0.7,-10.03,-2.05,2.54,-3.7,21.0,6.97,14.0,0.6,0.4,0.7,1002.39,1015.2,1019.61,1012.22,23.0,10.5,14.0,0.6,0.3,0.7,0.5,5.0,8.0,4.7,23.0,3.2,14.0,0.5,0.3,0.7,-2.0,29.4,127.7,60.0,21.0,92.5,14.0,0.6,0.4,0.7,-101.8,-6.4,9.7,-65.6,21.0,145.9,14.0,0.6,0.4,0.7,-0.35,2.8,5.61,2.73,23.0,3.0,14.0,0.5,0.3,0.7,-0.6,27.3,61.7,29.7,20.0,31.0,14.0,0.6,0.4,0.7,0.94,1.26,2.76,1.68,9.0,1.01,12.0,0.7,0.4,0.7,3.4,17.0,35.3,22.0,8.0,21.9,14.0,0.8,0.5,0.7,-14.9,0.0,6.4,-3.1,20.0,11.7,14.0,0.6,0.4,0.7,-2.9,1.3,9.5,3.8,20.0,13.7,14.0,0.6,0.4,0.7,0.9,12.8,20.7,13.5,8.0,14.8,14.0,0.8,0.5,0.7,-30.9,-13.5,8.7,-16.7,8.0,26.9,14.0,0.8,0.5,0.7,0.2,4.0,14.5,8.1,8.0,12.4,14.0,0.8,0.5,0.7,-34.9,-11.4,1.6,-17.0,8.0,21.7,14.0,0.8,0.5,0.7,35.5,238.5,2059.0,1825.0,21.0,3940.0,14.0,0.6,0.4,0.7,35.0,240.0,2060.0,1825.0,21.0,3940.0,14.0,0.6,0.4,0.7
1974,2,144.0,42.0,0.0,2.0,4.01,2.03,70.0,2.04,12.0,0.6,0.4,0.4,-3.77,-1.65,1.2,-1.35,74.0,2.74,12.0,0.6,0.4,0.4,1.96,2.44,3.27,2.62,7.0,0.71,12.0,0.9,0.4,0.3,56.6,78.0,87.0,74.6,7.0,16.9,12.0,0.9,0.3,3.1,7.1,10.8,6.71,74.0,3.76,12.0,0.6,0.4,0.4,-3.15,2.38,8.41,2.64,74.0,5.37,12.0,0.6,0.4,0.4,-5.0,0.0,4.92,-0.32,74.0,4.89,12.0,0.6,0.4,0.4,1004.77,1018.1,1022.73,1015.15,75.0,8.32,12.0,0.5,0.4,0.4,0.0,3.5,8.0,3.8,68.0,3.1,12.0,0.6,0.4,0.4,-15.5,11.2,89.7,28.8,74.0,58.7,12.0,0.6,0.4,0.4,-35.2,0.0,36.1,-1.6,74.0,47.9,12.0,0.6,0.4,0.4,0.29,3.4,6.31,3.33,70.0,3.38,12.0,0.6,0.4,0.4,0.0,14.8,45.1,19.7,70.0,26.9,12.0,0.6,0.4,0.4,0.7,1.05,2.09,1.33,7.0,0.69,12.0,0.9,0.4,0.3,5.1,8.1,11.9,8.4,7.0,3.3,12.0,0.9,0.4,0.3,-11.7,0.0,13.1,-0.4,74.0,17.0,12.0,0.6,0.4,0.4,-5.5,0.0,13.3,3.8,74.0,14.4,12.0,0.6,0.4,0.4,3.9,10.2,24.2,13.3,7.0,16.0,12.0,0.9,0.4,0.3,-0.3,9.7,15.1,8.0,7.0,8.1,12.0,0.9,0.4,0.3,3.4,4.4,11.9,5.4,7.0,5.7,12.0,0.9,0.4,0.3,-0.3,2.3,7.0,2.4,7.0,4.5,12.0,0.9,0.4,0.3,30.0,358.0,1259.5,591.0,74.0,773.0,12.0,0.6,0.4,0.4,30.0,360.0,1260.0,590.0,74.0,775.0,12.0,0.6,0.4,0.4
1974,2,144.0,43.0,,,,,,,,,,,,,,,,,,,,,,,,,,,,,,,,,,,,,,,,0.0,0.0,0.0,0.0,1.0,0.0,14.0,1.0,0.0,0.1,0.0,0.0,0.0,0.0,1.0,0.0,14.0,1.0,0.0,0.1,0.0,0.0,0.0,0.0,1.0,0.0,14.0,1.0,0.0,0.1,1016.2,1016.2,1016.2,1016.2,1.0,0.0,14.0,1.0,0.0,0.1,,,,,,,,,,,,,,,,,,,,,,,,,,,,,,,,,,,,,,,,,,,,,,,,,,,,,,,,,,,,,,,,,,,,,,,,,,,,,,,,,,,,,,,,,,,,,,,,,,,,,,,,,,,,,,,,,,,,,,,,,,,,,,,,,,,,,,,,,,,,,,,,,,,,,,
1974,2,144.0,44.0,,,,,,,,,,,,,,,,,,,,,,,,,,,,,,,,,,,,,,,,11.8,11.8,11.8,11.8,1.0,0.0,28.0,0.0,0.9,0.9,10.22,10.22,10.22,10.22,1.0,0.0,28.0,0.0,0.9,0.9,-5.9,-5.9,-5.9,-5.9,1.0,0.0,28.0,0.0,0.9,0.9,1013.9,1013.9,1013.9,1013.9,1.0,0.0,28.0,0.0,0.9,0.9,,,,,,,,,,,,,,,,,,,,,,,,,,,,,,,,,,,,,,,,,,,,,,,,,,,,,,,,,,,,,,,,,,,,,,,,,,,,,,,,,,,,,,,,,,,,,,,,,,,,,,,,,,,,,,,,,,,,,,,,,,,,,,,,,,,,,,,,,,,,,,,,,,,,,,
1974,2,144.0,45.0,,,,,,,,,,,,,,,,,,,,,,,,,,,,,,,,,,,,,,,,8.2,8.2,8.2,8.2,1.0,0.0,28.0,1.0,0.4,0.8,6.28,6.28,6.28,6.28,1.0,0.0,28.0,1.0,0.4,0.8,-5.27,-5.27,-5.27,-5.27,1.0,0.0,28.0,1.0,0.4,0.8,1021.0,1021.0,1021.0,1021.0,1.0,0.0,28.0,1.0,0.4,0.8,,,,,,,,,,,,,,,,,,,,,,,,,,,,,,,,,,,,,,,,,,,,,,,,,,,,,,,,,,,,,,,,,,,,,,,,,,,,,,,,,,,,,,,,,,,,,,,,,,,,,,,,,,,,,,,,,,,,,,,,,,,,,,,,,,,,,,,,,,,,,,,,,,,,,,
1974,2,144.0,49.0,,,,,,,,,,,,,,,,,,,,,,,,,,,,,,,,,,,,,,,,15.9,15.9,15.9,15.9,1.0,0.0,14.0,1.0,0.0,0.6,2.76,2.76,2.76,2.76,1.0,0.0,14.0,1.0,0.0,0.6,-15.66,-15.66,-15.66,-15.66,1.0,0.0,14.0,1.0,0.0,0.6,992.9,992.9,992.9,992.9,1.0,0.0,14.0,1.0,0.0,0.6,,,,,,,,,,,,,,,,,,,,,,,,,,,,,,,,,,,,,,,,,,,,,,,,,,,,,,,,,,,,,,,,,,,,,,,,,,,,,,,,,,,,,,,,,,,,,,,,,,,,,,,,,,,,,,,,,,,,,,,,,,,,,,,,,,,,,,,,,,,,,,,,,,,,,,
1974,2,144.0,52.0,,,,,,,,,,,,,,,,,,,,,,,,,,,,,,,,,,,,,,,,6.2,6.2,6.2,6.2,1.0,0.0,28.0,1.0,0.8,0.7,0.0,0.0,0.0,0.0,1.0,0.0,28.0,1.0,0.8,0.7,-6.2,-6.2,-6.2,-6.2,1.0,0.0,28.0,1.0,0.8,0.7,1009.4,1009.4,1009.4,1009.4,1.0,0.0,28.0,1.0,0.8,0.7,,,,,,,,,,,,,,,,,,,,,,,,,,,,,,,,,,,,,,,,,,,,,,,,,,,,,,,,,,,,,,,,,,,,,,,,,,,,,,,,,,,,,,,,,,,,,,,,,,,,,,,,,,,,,,,,,,,,,,,,,,,,,,,,,,,,,,,,,,,,,,,,,,,,,,
1974,2,145.0,-66.0,1.7,1.7,1.7,1.7,1.0,0.0,4.0,1.0,0.5,0.8,0.0,0.0,0.0,0.0,1.0,0.0,4.0,1.0,0.5,0.8,3.9,3.9,3.9,3.9,1.0,0.0,4.0,1.0,0.5,0.8,100.0,100.0,100.0,100.0,1.0,0.0,4.0,1.0,0.8,7.2,7.2,7.2,7.2,1.0,0.0,4.0,1.0,0.5,0.8,-5.52,-5.52,-5.52,-5.52,1.0,0.0,4.0,1.0,0.5,0.8,4.63,4.63,4.63,4.63,1.0,0.0,4.0,1.0,0.5,0.8,982.3,982.3,982.3,982.3,1.0,0.0,4.0,1.0,0.5,0.8,8.0,8.0,8.0,8.0,1.0,0.0,4.0,1.0,0.5,0.8,-39.7,-39.7,-39.7,-39.7,1.0,0.0,4.0,1.0,0.5,0.8,33.3,33.3,33.3,33.3,1.0,0.0,4.0,1.0,0.5,0.8,1.7,1.7,1.7,1.7,1.0,0.0,4.0,1.0,0.5,0.8,12.2,12.2,12.2,12.2,1.0,0.0,4.0,1.0,0.5,0.8,0.51,0.51,0.51,0.51,1.0,0.0,4.0,1.0,0.5,0.8,3.7,3.7,3.7,3.7,1.0,0.0,4.0,1.0,0.5,0.8,0.0,0.0,0.0,0.0,1.0,0.0,4.0,1.0,0.5,0.8,0.0,0.0,0.0,0.0,1.0,0.0,4.0,1.0,0.5,0.8,-21.5,-21.5,-21.5,-21.5,1.0,0.0,4.0,1.0,0.5,0.8,18.0,18.0,18.0,18.0,1.0,0.0,4.0,1.0,0.5,0.8,-2.8,-2.8,-2.8,-2.8,1.0,0.0,4.0,1.0,0.5,0.8,2.4,2.4,2.4,2.4,1.0,0.0,4.0,1.0,0.5,0.8,373.0,373.0,373.0,373.0,1.0,0.0,4.0,1.0,0.5,0.8,375.0,375.0,375.0,375.0,1.0,0.0,4.0,1.0,0.5,0.8
1974,2,145.0,-45.0,,,,,,,,,,,,,,,,,,,,,,,,,,,,,,,,,,,,,,,,7.2,7.2,7.2,7.2,1.0,0.0,4.0,1.0,0.3,0.7,-4.63,-4.63,-4.63,-4.63,1.0,0.0,4.0,1.0,0.3,0.7,5.52,5.52,5.52,5.52,1.0,0.0,4.0,1.0,0.3,0.7,1025.3,1025.3,1025.3,1025.3,1.0,0.0,4.0,1.0,0.3,0.7,,,,,,,,,,,,,,,,,,,,,,,,,,,,,,,,,,,,,,,,,,,,,,,,,,,,,,,,,,,,,,,,,,,,,,,,,,,,,,,,,,,,,,,,,,,,,,,,,,,,,,,,,,,,,,,,,,,,,,,,,,,,,,,,,,,,,,,,,,,,,,,,,,,,,,
1974,2,145.0,-44.0,15.6,15.6,15.6,15.6,1.0,0.0,22.0,1.0,0.4,0.4,15.1,15.1,15.1,15.1,1.0,0.0,22.0,1.0,0.4,0.4,6.65,6.65,6.65,6.65,1.0,0.0,22.0,1.0,0.4,0.4,62.5,62.5,62.5,62.5,1.0,0.0,22.0,1.0,0.4,8.6,10.55,12.5,10.55,2.0,4.03,20.0,1.0,0.3,0.5,4.91,5.63,6.34,5.63,2.0,1.47,20.0,1.0,0.3,0.5,-9.98,-4.37,1.24,-4.37,2.0,11.63,20.0,1.0,0.3,0.5,1006.62,1008.8,1010.98,1008.8,2.0,4.53,20.0,1.0,0.3,0.5,5.5,6.5,7.5,6.5,2.0,2.1,20.0,1.0,0.3,0.5,52.9,56.4,59.8,56.4,2.0,7.1,20.0,1.0,0.3,0.5,-137.2,-69.5,-1.8,-69.5,2.0,140.3,20.0,1.0,0.3,0.5,0.5,0.5,0.5,0.5,1.0,0.0,22.0,1.0,0.4,0.4,3.9,3.9,3.9,3.9,1.0,0.0,22.0,1.0,0.4,0.4,4.36,4.36,4.36,4.36,1.0,0.0,22.0,1.0,0.4,0.4,33.6,33.6,33.6,33.6,1.0,0.0,22.0,1.0,0.4,0.4,100.7,100.7,100.7,100.7,1.0,0.0,22.0,1.0,0.4,0.4,58.1,58.1,58.1,58.1,1.0,0.0,22.0,1.0,0.4,0.4,44.3,44.3,44.3,44.3,1.0,0.0,22.0,1.0,0.4,0.4,25.6,25.6,25.6,25.6,1.0,0.0,22.0,1.0,0.4,0.4,29.1,29.1,29.1,29.1,1.0,0.0,22.0,1.0,0.4,0.4,16.8,16.8,16.8,16.8,1.0,0.0,22.0,1.0,0.4,0.4,766.0,1431.5,2096.5,1431.5,2.0,1378.5,20.0,1.0,0.3,0.5,765.0,1430.0,2095.0,1430.0,2.0,1380.0,20.0,1.0,0.3,0.5
1974,2,145.0,-41.0,17.0,17.0,17.0,17.0,1.0,0.0,24.0,1.0,0.3,1.0,17.0,18.0,19.0,18.14,19.0,1.0,14.0,0.3,0.7,0.7,10.11,10.11,10.11,10.11,1.0,0.0,24.0,1.0,0.3,1.0,76.1,76.1,76.1,76.1,1.0,0.0,24.0,1.0,1.0,4.6,7.7,9.44,7.58,19.0,3.14,14.0,0.3,0.7,0.7,-5.39,4.31,8.17,1.9,19.0,7.13,14.0,0.3,0.7,0.7,-3.23,-0.8,4.27,0.27,19.0,3.97,14.0,0.3,0.7,0.7,1005.91,1017.9,1020.74,1013.71,19.0,9.31,14.0,0.3,0.7,0.7,0.0,3.0,6.1,3.1,19.0,2.9,14.0,0.3,0.7,0.7,-34.2,24.4,75.8,18.8,19.0,75.5,14.0,0.3,0.7,0.7,-30.1,-3.7,35.7,6.0,19.0,40.0,14.0,0.3,0.7,0.7,-1.7,-1.7,-1.7,-1.7,1.0,0.0,24.0,1.0,0.3,1.0,-13.9,-13.9,-13.9,-13.9,1.0,0.0,24.0,1.0,0.3,1.0,1.84,1.84,1.84,1.84,1.0,0.0,24.0,1.0,0.3,1.0,15.1,15.1,15.1,15.1,1.0,0.0,24.0,1.0,0.3,1.0,-97.0,86.1,138.9,32.6,19.0,127.0,14.0,0.3,0.7,0.7,-56.9,-14.4,77.0,5.3,19.0,73.1,14.0,0.3,0.7,0.7,71.8,71.8,71.8,71.8,1.0,0.0,24.0,1.0,0.3,1.0,41.4,41.4,41.4,41.4,1.0,0.0,24.0,1.0,0.3,1.0,13.1,13.1,13.1,13.1,1.0,0.0,24.0,1.0,0.3,1.0,7.6,7.6,7.6,7.6,1.0,0.0,24.0,1.0,0.3,1.0,97.5,456.5,845.5,663.5,19.0,851.5,14.0,0.3,0.7,0.7,95.0,455.0,845.0,665.0,19.0,850.0,14.0,0.3,0.7,0.7
1974,2,145.0,-40.0,17.74,18.1,19.14,18.43,4.0,1.09,16.0,0.3,0.5,0.9,17.0,18.0,19.0,18.11,17.0,0.99,14.0,0.2,0.4,0.6,10.03,10.5,10.6,10.37,6.0,0.3,14.0,0.5,0.5,0.8,77.4,81.1,82.8,80.4,6.0,2.8,14.0,0.5,0.8,4.6,6.7,9.3,6.74,17.0,3.46,14.0,0.2,0.4,0.6,-7.6,3.52,6.44,0.5,17.0,7.08,14.0,0.2,0.4,0.6,-3.49,0.0,3.14,0.3,17.0,3.12,14.0,0.2,0.4,0.6,1005.39,1014.8,1018.56,1013.06,17.0,6.37,14.0,0.2,0.4,0.6,2.0,6.0,8.0,4.9,17.0,2.8,14.0,0.2,0.4,0.6,-62.6,16.2,43.1,-5.3,17.0,74.7,14.0,0.2,0.4,0.6,-29.2,0.0,18.6,-0.5,17.0,30.7,14.0,0.2,0.4,0.6,-0.4,0.2,1.38,0.48,4.0,1.14,16.0,0.3,0.5,0.9,-2.8,2.1,8.4,2.8,4.0,6.6,16.0,0.3,0.5,0.9,2.33,2.69,3.53,2.92,4.0,0.86,16.0,0.3,0.5,0.9,15.3,22.3,27.3,21.3,4.0,8.7,16.0,0.3,0.5,0.9,-136.8,59.9,109.4,6.4,17.0,129.0,14.0,0.2,0.4,0.6,-62.9,0.0,53.3,4.5,17.0,56.0,14.0,0.2,0.4,0.6,14.6,54.1,77.3,38.7,6.0,66.9,14.0,0.5,0.5,0.8,0.0,12.2,41.7,20.1,6.0,24.8,14.0,0.5,0.5,0.8,13.0,19.5,25.3,19.2,4.0,8.4,16.0,0.3,0.5,0.9,2.4,7.8,12.9,7.6,4.0,6.6,16.0,0.3,0.5,0.9,97.5,301.0,804.5,553.5,17.0,868.5,14.0,0.2,0.4,0.6,95.0,300.0,805.0,555.0,17.0,870.0,14.0,0.2,0.4,0.6
1974,2,145.0,-39.0,18.98,19.7,20.21,19.6,4.0,0.78,22.0,0.3,0.4,0.2,18.26,19.65,20.31,19.3,4.0,1.38,22.0,0.3,0.4,0.2,9.75,11.38,13.25,11.5,4.0,2.22,22.0,0.3,0.4,0.2,72.2,81.3,93.0,82.6,4.0,12.4,22.0,0.3,0.2,3.1,3.1,5.22,4.13,3.0,1.79,20.0,0.3,0.5,0.2,-2.08,0.0,0.0,-1.02,3.0,1.76,20.0,0.3,0.5,0.2,-5.22,-3.1,-1.35,-3.28,3.0,2.84,20.0,0.3,0.5,0.2,1014.4,1016.75,1018.31,1016.38,4.0,2.9,22.0,0.3,0.4,0.2,3.5,4.5,6.6,5.0,4.0,2.2,22.0,0.3,0.4,0.2,-6.5,0.0,0.0,-3.2,3.0,5.5,20.0,0.3,0.5,0.2,-29.3,-9.6,-4.2,-16.6,3.0,19.3,20.0,0.3,0.5,0.2,-0.55,-0.1,1.19,0.3,4.0,1.2,22.0,0.3,0.4,0.2,-3.0,-1.5,0.1,-1.4,3.0,2.3,20.0,0.3,0.5,0.2,0.88,2.5,4.43,2.65,4.0,2.07,22.0,0.3,0.4,0.2,3.6,6.5,10.4,7.0,3.0,5.0,20.0,0.3,0.5,0.2,-42.7,0.0,0.0,-20.9,3.0,36.1,20.0,0.3,0.5,0.2,-101.0,-62.3,-27.3,-64.1,3.0,54.0,20.0,0.3,0.5,0.2,-22.0,0.0,0.0,-10.7,3.0,18.6,20.0,0.3,0.5,0.2,-65.7,-44.0,-17.8,-41.8,3.0,35.1,20.0,0.3,0.5,0.2,-8.2,0.0,0.0,-4.0,3.0,7.0,20.0,0.3,0.5,0.2,-5.2,-2.3,-2.2,-3.6,3.0,2.5,20.0,0.3,0.5,0.2,30.0,30.0,172.0,99.5,3.0,120.5,20.0,0.3,0.5,0.2,30.0,30.0,170.0,100.0,3.0,120.0,20.0,0.3,0.5,0.2
1974,2,145.0,-17.0,26.5,29.0,29.43,28.23,7.0,1.46,16.0,0.7,0.6,0.7,26.93,29.3,29.83,28.51,7.0,1.77,16.0,0.7,0.6,0.7,18.23,18.72,19.87,18.91,7.0,0.95,16.0,0.7,0.6,0.7,71.7,75.2,84.4,77.6,7.0,7.2,16.0,0.7,0.7,3.1,4.1,4.6,4.03,7.0,0.67,16.0,0.7,0.6,0.7,-3.19,-2.96,-2.04,-2.1,7.0,2.37,16.0,0.7,0.6,0.7,0.0,2.64,3.55,2.24,7.0,1.66,16.0,0.7,0.6,0.7,1005.7,1007.3,1008.5,1006.99,7.0,1.73,16.0,0.7,0.6,0.7,4.0,7.0,7.0,6.0,7.0,1.8,16.0,0.7,0.6,0.7,-13.8,-12.9,-6.6,-9.3,7.0,8.8,16.0,0.7,0.6,0.7,0.0,10.8,16.3,9.7,7.0,7.8,16.0,0.7,0.6,0.7,-2.35,0.7,1.07,-0.29,7.0,2.09,16.0,0.7,0.6,0.7,-10.7,2.2,4.4,-1.5,7.0,8.9,16.0,0.7,0.6,0.7,2.19,6.53,7.46,5.29,7.0,2.65,16.0,0.7,0.6,0.7,10.0,26.0,30.5,21.1,7.0,10.8,16.0,0.7,0.6,0.7,-89.6,-79.8,-62.5,-62.6,7.0,64.9,16.0,0.7,0.6,0.7,0.0,73.8,104.8,64.7,7.0,48.6,16.0,0.7,0.6,0.7,-61.7,-55.6,-38.3,-40.5,7.0,44.7,16.0,0.7,0.6,0.7,0.0,46.9,72.4,42.4,7.0,32.0,16.0,0.7,0.6,0.7,-20.8,-15.0,-5.7,-11.8,7.0,11.8,16.0,0.7,0.6,0.7,0.0,16.7,24.8,13.5,7.0,11.0,16.0,0.7,0.6,0.7,30.0,69.0,97.5,70.0,7.0,30.0,16.0,0.7,0.6,0.7,30.0,70.0,95.0,70.0,7.0,30.0,16.0,0.7,0.6,0.7
1974,2,145.0,-16.0,27.2,28.0,29.0,28.07,7.0,0.75,16.0,0.7,0.4,0.6,26.97,28.1,29.86,28.27,7.0,1.63,16.0,0.7,0.4,0.6,18.54,19.12,19.89,19.3,7.0,1.33,16.0,0.7,0.4,0.6,72.6,80.8,88.4,80.1,7.0,8.2,16.0,0.7,0.6,2.07,6.2,7.78,5.44,7.0,2.83,16.0,0.7,0.4,0.6,-6.05,-3.99,-0.82,-3.49,7.0,3.16,16.0,0.7,0.4,0.6,1.06,3.28,4.86,3.1,7.0,2.68,16.0,0.7,0.4,0.6,1003.7,1006.0,1006.4,1005.51,7.0,1.66,16.0,0.7,0.4,0.6,3.9,6.0,8.0,5.7,7.0,2.2,16.0,0.7,0.4,0.6,-55.7,-24.7,-1.2,-25.8,7.0,24.1,16.0,0.7,0.4,0.6,1.6,16.7,31.2,21.8,7.0,23.1,16.0,0.7,0.4,0.6,-1.08,-0.1,0.95,-0.2,7.0,1.5,16.0,0.7,0.4,0.6,-7.1,-0.8,2.3,-3.5,7.0,10.9,16.0,0.7,0.4,0.6,4.71,5.1,5.51,4.66,7.0,1.75,16.0,0.7,0.4,0.6,7.2,28.0,39.7,25.2,7.0,17.4,16.0,0.7,0.4,0.6,-186.6,-112.4,-22.8,-101.4,7.0,90.4,16.0,0.7,0.4,0.6,29.2,88.5,145.3,90.7,7.0,81.4,16.0,0.7,0.4,0.6,-115.6,-77.3,-15.4,-68.7,7.0,59.6,16.0,0.7,0.4,0.6,19.7,64.9,105.6,61.5,7.0,52.8,16.0,0.7,0.4,0.6,-31.3,-21.4,-2.6,-16.2,7.0,17.3,16.0,0.7,0.4,0.6,3.4,6.8,29.2,13.8,7.0,14.7,16.0,0.7,0.4,0.6,9.0,238.5,473.0,269.0,7.0,283.0,16.0,0.7,0.4,0.6,10.0,240.0,475.0,270.0,7.0,285.0,16.0,0.7,0.4,0.6
1974,2,145.0,-15.0,27.2,27.2,28.43,27.8,3.0,1.04,14.0,0.3,0.3,0.3,25.79,27.5,28.52,27.17,3.0,2.02,14.0,0.3,0.3,0.3,18.39,18.68,20.27,19.31,3.0,1.48,14.0,0.3,0.3,0.3,81.9,83.4,89.2,85.5,3.0,5.7,14.0,0.3,0.3,2.01,3.1,4.47,3.23,3.0,1.8,14.0,0.3,0.3,0.3,-1.81,0.96,3.32,0.76,3.0,3.76,14.0,0.3,0.3,0.3,-2.11,-1.15,-0.36,-1.23,3.0,1.28,14.0,0.3,0.3,0.3,1007.28,1008.1,1009.06,1008.17,3.0,1.3,14.0,0.3,0.3,0.3,1.6,3.0,5.0,3.3,3.0,2.5,14.0,0.3,0.3,0.3,-6.1,1.4,15.8,4.8,3.0,16.3,14.0,0.3,0.3,0.3,-9.4,-1.7,-0.5,-4.9,3.0,7.1,14.0,0.3,0.3,0.3,-0.75,1.5,1.98,0.63,3.0,2.14,14.0,0.3,0.3,0.3,-0.4,4.7,9.1,4.4,3.0,7.0,14.0,0.3,0.3,0.3,2.56,4.42,5.85,4.21,3.0,2.41,14.0,0.3,0.3,0.3,8.1,20.2,21.8,15.1,3.0,10.9,14.0,0.3,0.3,0.3,-49.3,28.0,84.2,17.7,3.0,98.2,14.0,0.3,0.3,0.3,-54.1,-33.3,-10.6,-32.4,3.0,31.9,14.0,0.3,0.3,0.3,-33.1,20.3,61.5,14.3,3.0,69.5,14.0,0.3,0.3,0.3,-39.4,-24.1,-7.7,-23.6,3.0,23.3,14.0,0.3,0.3,0.3,-13.3,1.6,13.9,0.3,3.0,19.9,14.0,0.3,0.3,0.3,-8.3,-2.0,-0.6,-4.4,3.0,6.0,14.0,0.3,0.3,0.3,12.0,30.0,100.0,55.5,3.0,68.5,14.0,0.3,0.3,0.3,10.0,30.0,100.0,55.0,3.0,70.0,14.0,0.3,0.3,0.3
1974,2,145.0,-10.0,27.84,28.15,28.46,28.15,2.0,0.64,14.0,1.0,0.4,0.6,27.1,27.3,27.5,27.3,2.0,0.42,14.0,1.0,0.4,0.6,17.98,18.34,18.69,18.34,2.0,0.74,14.0,1.0,0.4,0.6,79.6,80.2,80.9,80.2,2.0,1.4,14.0,1.0,0.6,8.37,8.75,9.13,8.75,2.0,0.78,14.0,1.0,0.4,0.6,7.29,7.66,8.03,7.66,2.0,0.76,14.0,1.0,0.4,0.6,-5.03,-2.99,-0.95,-2.99,2.0,4.23,14.0,1.0,0.4,0.6,1002.62,1003.95,1005.28,1003.95,2.0,2.76,14.0,1.0,0.4,0.6,7.2,7.5,7.8,7.5,2.0,0.7,14.0,1.0,0.4,0.6,66.4,66.7,67.1,66.7,2.0,0.7,14.0,1.0,0.4,0.6,-46.8,-27.8,-8.8,-27.8,2.0,39.3,14.0,1.0,0.4,0.6,0.34,0.85,1.36,0.85,2.0,1.06,14.0,1.0,0.4,0.6,2.9,7.0,11.2,7.0,2.0,8.6,14.0,1.0,0.4,0.6,4.94,5.77,6.59,5.77,2.0,1.71,14.0,1.0,0.4,0.6,44.7,49.8,54.9,49.8,2.0,10.5,14.0,1.0,0.4,0.6,200.6,209.0,217.5,209.0,2.0,17.5,14.0,1.0,0.4,0.6,-138.8,-82.5,-26.2,-82.5,2.0,116.7,14.0,1.0,0.4,0.6,136.2,140.2,144.2,140.2,2.0,8.3,14.0,1.0,0.4,0.6,-94.8,-56.4,-17.9,-56.4,2.0,79.7,14.0,1.0,0.4,0.6,36.4,44.8,53.3,44.8,2.0,17.5,14.0,1.0,0.4,0.6,-22.9,-13.6,-4.3,-13.6,2.0,19.2,14.0,1.0,0.4,0.6,591.5,678.0,764.0,678.0,2.0,179.0,14.0,1.0,0.4,0.6,590.0,680.0,765.0,680.0,2.0,180.0,14.0,1.0,0.4,0.6
1974,2,145.0,-4.0,28.5,28.5,28.5,28.5,1.0,0.0,26.0,0.0,0.1,0.5,26.8,26.8,26.8,26.8,1.0,0.0,26.0,0.0,0.1,0.5,17.33,17.33,17.33,17.33,1.0,0.0,26.0,0.0,0.1,0.5,78.3,78.3,78.3,78.3,1.0,0.0,26.0,0.0,0.5,10.3,10.3,10.3,10.3,1.0,0.0,26.0,0.0,0.1,0.5,7.89,7.89,7.89,7.89,1.0,0.0,26.0,0.0,0.1,0.5,-6.62,-6.62,-6.62,-6.62,1.0,0.0,26.0,0.0,0.1,0.5,1005.2,1005.2,1005.2,1005.2,1.0,0.0,26.0,0.0,0.1,0.5,3.0,3.0,3.0,3.0,1.0,0.0,26.0,0.0,0.1,0.5,81.3,81.3,81.3,81.3,1.0,0.0,26.0,0.0,0.1,0.5,-68.2,-68.2,-68.2,-68.2,1.0,0.0,26.0,0.0,0.1,0.5,1.7,1.7,1.7,1.7,1.0,0.0,26.0,0.0,0.1,0.5,17.5,17.5,17.5,17.5,1.0,0.0,26.0,0.0,0.1,0.5,7.24,7.24,7.24,7.24,1.0,0.0,26.0,0.0,0.1,0.5,74.6,74.6,74.6,74.6,1.0,0.0,26.0,0.0,0.1,0.5,211.5,211.5,211.5,211.5,1.0,0.0,26.0,0.0,0.1,0.5,-177.4,-177.4,-177.4,-177.4,1.0,0.0,26.0,0.0,0.1,0.5,136.7,136.7,136.7,136.7,1.0,0.0,26.0,0.0,0.1,0.5,-114.7,-114.7,-114.7,-114.7,1.0,0.0,26.0,0.0,0.1,0.5,57.1,57.1,57.1,57.1,1.0,0.0,26.0,0.0,0.1,0.5,-47.9,-47.9,-47.9,-47.9,1.0,0.0,26.0,0.0,0.1,0.5,1092.5,1092.5,1092.5,1092.5,1.0,0.0,26.0,0.0,0.1,0.5,1095.0,1095.0,1095.0,1095.0,1.0,0.0,26.0,0.0,0.1,0.5
1974,2,145.0,-3.0,28.76,29.1,29.44,29.1,2.0,0.71,14.0,1.0,0.7,0.6,25.85,26.6,28.37,27.1,3.0,1.9,16.0,0.7,0.7,0.8,17.72,18.88,19.25,18.49,3.0,1.17,16.0,0.7,0.7,0.8,77.2,84.0,87.3,82.3,3.0,7.5,16.0,0.7,0.8,1.95,4.0,4.41,3.2,3.0,1.93,12.0,0.7,0.5,0.7,-1.18,-0.77,2.85,0.8,3.0,3.25,12.0,0.7,0.5,0.7,-2.77,-0.64,0.34,-1.2,3.0,2.33,12.0,0.7,0.5,0.7,1005.53,1007.1,1007.37,1006.47,3.0,1.46,16.0,0.7,0.7,0.8,3.0,5.5,7.5,5.3,4.0,2.8,14.0,0.8,0.5,0.8,-4.0,-0.8,14.0,4.9,3.0,14.0,12.0,0.7,0.5,0.7,-10.5,-0.6,2.3,-4.0,3.0,9.8,12.0,0.7,0.5,0.7,0.65,1.2,1.75,1.2,2.0,1.13,14.0,1.0,0.7,0.6,9.2,9.2,9.2,9.2,1.0,0.0,8.0,1.0,0.9,0.3,5.58,6.29,7.01,6.29,2.0,1.48,14.0,1.0,0.7,0.6,24.1,24.1,24.1,24.1,1.0,0.0,8.0,1.0,0.9,0.3,2.7,50.5,98.3,50.5,2.0,99.0,14.0,0.5,0.7,0.6,-10.4,2.4,15.3,2.4,2.0,26.6,14.0,0.5,0.7,0.6,2.9,37.4,71.9,37.4,2.0,71.5,14.0,0.5,0.7,0.6,-6.8,2.2,11.3,2.2,2.0,18.8,14.0,0.5,0.7,0.6,23.8,23.8,23.8,23.8,1.0,0.0,8.0,1.0,0.9,0.3,4.2,4.2,4.2,4.2,1.0,0.0,8.0,1.0,0.9,0.3,21.0,64.0,87.0,54.0,3.0,49.0,12.0,0.7,0.5,0.7,20.0,65.0,85.0,55.0,3.0,50.0,12.0,0.7,0.5,0.7
1974,2,145.0,-2.0,29.0,29.0,29.0,29.0,1.0,0.0,8.0,1.0,0.0,0.9,27.49,28.1,28.71,28.1,2.0,1.27,8.0,1.0,0.0,0.8,19.96,19.96,19.96,19.96,1.0,0.0,8.0,1.0,0.0,0.9,87.8,87.8,87.8,87.8,1.0,0.0,8.0,1.0,0.9,3.84,4.35,4.86,4.35,2.0,1.06,8.0,1.0,0.0,0.8,-3.72,-2.21,-0.7,-2.21,2.0,3.12,8.0,1.0,0.0,0.8,-1.57,0.53,2.62,0.53,2.0,4.35,8.0,1.0,0.0,0.8,1003.5,1003.5,1003.5,1003.5,1.0,0.0,8.0,1.0,0.0,0.9,7.2,7.5,7.8,7.5,2.0,0.7,8.0,1.0,0.0,0.8,-19.0,-11.3,-3.6,-11.3,2.0,15.9,8.0,1.0,0.0,0.8,-8.9,0.0,8.8,0.0,2.0,18.4,8.0,1.0,0.0,0.8,1.8,1.8,1.8,1.8,1.0,0.0,8.0,1.0,0.0,0.9,9.2,9.2,9.2,9.2,1.0,0.0,8.0,1.0,0.0,0.9,5.38,5.38,5.38,5.38,1.0,0.0,8.0,1.0,0.0,0.9,27.4,27.4,27.4,27.4,1.0,0.0,8.0,1.0,0.0,0.9,-101.1,-60.1,-19.1,-60.1,2.0,84.9,8.0,1.0,0.0,0.8,-41.8,17.5,76.8,17.5,2.0,122.9,8.0,1.0,0.0,0.8,-88.2,-88.2,-88.2,-88.2,1.0,0.0,8.0,1.0,0.0,0.9,-50.9,-50.9,-50.9,-50.9,1.0,0.0,8.0,1.0,0.0,0.9,-23.8,-23.8,-23.8,-23.8,1.0,0.0,8.0,1.0,0.0,0.9,-13.7,-13.7,-13.7,-13.7,1.0,0.0,8.0,1.0,0.0,0.9,60.5,89.5,119.0,89.5,2.0,61.0,8.0,1.0,0.0,0.8,60.0,90.0,120.0,90.0,2.0,60.0,8.0,1.0,0.0,0.8
1974,2,145.0,-1.0,28.7,28.7,28.7,28.7,1.0,0.0,20.0,0.0,0.0,0.2,27.9,27.9,27.9,27.9,1.0,0.0,20.0,0.0,0.0,0.2,18.72,18.72,18.72,18.72,1.0,0.0,20.0,0.0,0.0,0.2,79.4,79.4,79.4,79.4,1.0,0.0,20.0,0.0,0.2,,,,,,,,,,,,,,,,,,,,,,,,,,,,,,,,,,,,,,,,,,,,,,,,,,,,,,,,,,,,,,,,,,,,,,,,,,,,,,,,,,,,,,,,,,,,,,,,,,,,,,,,,,,,,,,,,,,,,,,,,,,,,,,,,,,,,,,,,,,,,,,,,,,,,,,,,,,,,,,,,,,,,,,,,,,,,,,,,,,,,,,,,,,,,,
1974,2,145.0,0.0,28.6,28.6,28.6,28.6,1.0,0.0,8.0,0.0,0.2,0.7,27.3,27.3,27.3,27.3,1.0,0.0,8.0,0.0,0.2,0.7,18.74,18.74,18.74,18.74,1.0,0.0,8.0,0.0,0.2,0.7,82.2,82.2,82.2,82.2,1.0,0.0,8.0,0.0,0.7,3.1,3.1,3.1,3.1,1.0,0.0,8.0,0.0,0.2,0.7,-2.68,-2.68,-2.68,-2.68,1.0,0.0,8.0,0.0,0.2,0.7,-1.55,-1.55,-1.55,-1.55,1.0,0.0,8.0,0.0,0.2,0.7,1006.2,1006.2,1006.2,1006.2,1.0,0.0,8.0,0.0,0.2,0.7,8.0,8.0,8.0,8.0,1.0,0.0,8.0,0.0,0.2,0.7,-8.3,-8.3,-8.3,-8.3,1.0,0.0,8.0,0.0,0.2,0.7,-4.8,-4.8,-4.8,-4.8,1.0,0.0,8.0,0.0,0.2,0.7,1.3,1.3,1.3,1.3,1.0,0.0,8.0,0.0,0.2,0.7,4.0,4.0,4.0,4.0,1.0,0.0,8.0,0.0,0.2,0.7,5.95,5.95,5.95,5.95,1.0,0.0,8.0,0.0,0.2,0.7,18.4,18.4,18.4,18.4,1.0,0.0,8.0,0.0,0.2,0.7,-73.3,-73.3,-73.3,-73.3,1.0,0.0,8.0,0.0,0.2,0.7,-42.3,-42.3,-42.3,-42.3,1.0,0.0,8.0,0.0,0.2,0.7,-50.3,-50.3,-50.3,-50.3,1.0,0.0,8.0,0.0,0.2,0.7,-29.0,-29.0,-29.0,-29.0,1.0,0.0,8.0,0.0,0.2,0.7,-16.0,-16.0,-16.0,-16.0,1.0,0.0,8.0,0.0,0.2,0.7,-9.2,-9.2,-9.2,-9.2,1.0,0.0,8.0,0.0,0.2,0.7,30.0,30.0,30.0,30.0,1.0,0.0,8.0,0.0,0.2,0.7,30.0,30.0,30.0,30.0,1.0,0.0,8.0,0.0,0.2,0.7
1974,2,145.0,2.0,30.32,31.0,31.68,31.0,2.0,1.41,20.0,0.0,0.5,0.3,27.29,27.9,28.51,27.9,2.0,1.27,20.0,0.0,0.5,0.3,18.7,18.7,18.7,18.7,1.0,0.0,18.0,0.0,0.2,0.4,83.7,83.7,83.7,83.7,1.0,0.0,18.0,0.0,0.4,4.51,5.4,6.29,5.4,2.0,1.84,20.0,0.0,0.5,0.3,-6.25,-5.28,-4.3,-5.28,2.0,2.01,20.0,0.0,0.5,0.3,-1.18,-0.7,-0.22,-0.7,2.0,0.99,20.0,0.0,0.5,0.3,1008.15,1008.25,1008.35,1008.25,2.0,0.21,20.0,0.0,0.5,0.3,2.0,2.0,2.0,2.0,1.0,0.0,18.0,0.0,0.2,0.4,-40.3,-30.3,-20.4,-30.3,2.0,20.6,20.0,0.0,0.5,0.3,-4.8,-2.9,-0.9,-2.9,2.0,4.1,20.0,0.0,0.5,0.3,3.03,3.1,3.17,3.1,2.0,0.14,20.0,0.0,0.5,0.3,14.2,16.6,19.0,16.6,2.0,4.9,20.0,0.0,0.5,0.3,8.04,8.04,8.04,8.04,1.0,0.0,18.0,0.0,0.2,0.4,53.9,53.9,53.9,53.9,1.0,0.0,18.0,0.0,0.2,0.4,-169.8,-145.9,-122.1,-145.9,2.0,49.5,20.0,0.0,0.5,0.3,-34.0,-20.2,-6.4,-20.2,2.0,28.6,20.0,0.0,0.5,0.3,-125.3,-125.3,-125.3,-125.3,1.0,0.0,18.0,0.0,0.2,0.4,0.0,0.0,0.0,0.0,1.0,0.0,18.0,0.0,0.2,0.4,-53.9,-53.9,-53.9,-53.9,1.0,0.0,18.0,0.0,0.2,0.4,0.0,0.0,0.0,0.0,1.0,0.0,18.0,0.0,0.2,0.4,105.5,185.0,264.0,185.0,2.0,164.0,20.0,0.0,0.5,0.3,105.0,185.0,265.0,185.0,2.0,165.0,20.0,0.0,0.5,0.3
1974,2,145.0,3.0,28.5,28.5,28.5,28.5,1.0,0.0,8.0,0.0,0.5,0.5,26.8,26.8,26.8,26.8,1.0,0.0,8.0,0.0,0.5,0.5,19.95,19.95,19.95,19.95,1.0,0.0,8.0,0.0,0.5,0.5,89.9,89.9,89.9,89.9,1.0,0.0,8.0,0.0,0.5,6.2,6.2,6.2,6.2,1.0,0.0,8.0,0.0,0.5,0.5,-5.37,-5.37,-5.37,-5.37,1.0,0.0,8.0,0.0,0.5,0.5,3.1,3.1,3.1,3.1,1.0,0.0,8.0,0.0,0.5,0.5,1004.1,1004.1,1004.1,1004.1,1.0,0.0,8.0,0.0,0.5,0.5,2.0,2.0,2.0,2.0,1.0,0.0,8.0,0.0,0.5,0.5,-33.3,-33.3,-33.3,-33.3,1.0,0.0,8.0,0.0,0.5,0.5,19.2,19.2,19.2,19.2,1.0,0.0,8.0,0.0,0.5,0.5,1.7,1.7,1.7,1.7,1.0,0.0,8.0,0.0,0.5,0.5,10.5,10.5,10.5,10.5,1.0,0.0,8.0,0.0,0.5,0.5,4.64,4.64,4.64,4.64,1.0,0.0,8.0,0.0,0.5,0.5,28.8,28.8,28.8,28.8,1.0,0.0,8.0,0.0,0.5,0.5,-143.9,-143.9,-143.9,-143.9,1.0,0.0,8.0,0.0,0.5,0.5,83.1,83.1,83.1,83.1,1.0,0.0,8.0,0.0,0.5,0.5,-107.1,-107.1,-107.1,-107.1,1.0,0.0,8.0,0.0,0.5,0.5,61.9,61.9,61.9,61.9,1.0,0.0,8.0,0.0,0.5,0.5,-24.9,-24.9,-24.9,-24.9,1.0,0.0,8.0,0.0,0.5,0.5,14.4,14.4,14.4,14.4,1.0,0.0,8.0,0.0,0.5,0.5,238.5,238.5,238.5,238.5,1.0,0.0,8.0,0.0,0.5,0.5,240.0,240.0,240.0,240.0,1.0,0.0,8.0,0.0,0.5,0.5
1974,2,145.0,4.0,27.0,27.0,27.0,27.0,1.0,0.0,14.0,1.0,0.9,0.2,28.5,28.5,28.5,28.5,1.0,0.0,14.0,1.0,0.9,0.2,17.56,17.56,17.56,17.56,1.0,0.0,14.0,1.0,0.9,0.2,72.1,72.1,72.1,72.1,1.0,0.0,14.0,1.0,0.2,6.02,6.7,7.38,6.7,2.0,1.41,12.0,1.0,0.6,0.5,-6.67,-5.45,-4.23,-5.45,2.0,2.53,12.0,1.0,0.6,0.5,-4.09,-3.5,-2.91,-3.5,2.0,1.23,12.0,1.0,0.6,0.5,1006.21,1007.75,1009.29,1007.75,2.0,3.18,12.0,1.0,0.6,0.5,5.3,6.0,6.7,6.0,2.0,1.4,12.0,1.0,0.6,0.5,-50.2,-38.3,-26.4,-38.3,2.0,24.6,12.0,1.0,0.6,0.5,-24.2,-22.6,-21.0,-22.6,2.0,3.3,12.0,1.0,0.6,0.5,-1.5,-1.5,-1.5,-1.5,1.0,0.0,14.0,1.0,0.9,0.2,-11.5,-11.5,-11.5,-11.5,1.0,0.0,14.0,1.0,0.9,0.2,4.8,4.8,4.8,4.8,1.0,0.0,14.0,1.0,0.9,0.2,37.0,37.0,37.0,37.0,1.0,0.0,14.0,1.0,0.9,0.2,-206.2,-206.2,-206.2,-206.2,1.0,0.0,14.0,1.0,0.9,0.2,-75.1,-75.1,-75.1,-75.1,1.0,0.0,14.0,1.0,0.9,0.2,-127.1,-127.1,-127.1,-127.1,1.0,0.0,14.0,1.0,0.9,0.2,-46.3,-46.3,-46.3,-46.3,1.0,0.0,14.0,1.0,0.9,0.2,-34.7,-34.7,-34.7,-34.7,1.0,0.0,14.0,1.0,0.9,0.2,-12.6,-12.6,-12.6,-12.6,1.0,0.0,14.0,1.0,0.9,0.2,228.5,321.0,413.5,321.0,2.0,192.0,12.0,1.0,0.6,0.5,230.0,320.0,415.0,320.0,2.0,190.0,12.0,1.0,0.6,0.5
1974,2,145.0,7.0,28.5,28.5,28.5,28.5,1.0,0.0,14.0,1.0,0.2,0.4,28.0,28.0,28.0,28.0,1.0,0.0,14.0,1.0,0.2,0.4,20.28,20.28,20.28,20.28,1.0,0.0,14.0,1.0,0.2,0.4,85.3,85.3,85.3,85.3,1.0,0.0,14.0,1.0,0.4,10.3,10.3,10.3,10.3,1.0,0.0,14.0,1.0,0.2,0.4,-10.14,-10.14,-10.14,-10.14,1.0,0.0,14.0,1.0,0.2,0.4,-1.79,-1.79,-1.79,-1.79,1.0,0.0,14.0,1.0,0.2,0.4,1006.0,1006.0,1006.0,1006.0,1.0,0.0,14.0,1.0,0.2,0.4,8.0,8.0,8.0,8.0,1.0,0.0,14.0,1.0,0.2,0.4,-104.5,-104.5,-104.5,-104.5,1.0,0.0,14.0,1.0,0.2,0.4,-18.4,-18.4,-18.4,-18.4,1.0,0.0,14.0,1.0,0.2,0.4,0.5,0.5,0.5,0.5,1.0,0.0,14.0,1.0,0.2,0.4,5.2,5.2,5.2,5.2,1.0,0.0,14.0,1.0,0.2,0.4,4.27,4.27,4.27,4.27,1.0,0.0,14.0,1.0,0.2,0.4,43.9,43.9,43.9,43.9,1.0,0.0,14.0,1.0,0.2,0.4,-284.0,-284.0,-284.0,-284.0,1.0,0.0,14.0,1.0,0.2,0.4,-50.1,-50.1,-50.1,-50.1,1.0,0.0,14.0,1.0,0.2,0.4,-205.7,-205.7,-205.7,-205.7,1.0,0.0,14.0,1.0,0.2,0.4,-36.3,-36.3,-36.3,-36.3,1.0,0.0,14.0,1.0,0.2,0.4,-43.3,-43.3,-43.3,-43.3,1.0,0.0,14.0,1.0,0.2,0.4,-7.6,-7.6,-7.6,-7.6,1.0,0.0,14.0,1.0,0.2,0.4,1092.5,1092.5,1092.5,1092.5,1.0,0.0,14.0,1.0,0.2,0.4,1095.0,1095.0,1095.0,1095.0,1.0,0.0,14.0,1.0,0.2,0.4
1974,2,145.0,8.0,29.5,29.5,29.5,29.5,1.0,0.0,8.0,1.0,0.9,0.4,30.0,30.0,30.0,30.0,1.0,0.0,8.0,1.0,0.9,0.4,21.12,21.12,21.12,21.12,1.0,0.0,8.0,1.0,0.9,0.4,79.2,79.2,79.2,79.2,1.0,0.0,8.0,1.0,0.4,4.6,4.6,4.6,4.6,1.0,0.0,8.0,1.0,0.9,0.4,-4.6,-4.6,-4.6,-4.6,1.0,0.0,8.0,1.0,0.9,0.4,0.0,0.0,0.0,0.0,1.0,0.0,8.0,1.0,0.9,0.4,1007.6,1007.6,1007.6,1007.6,1.0,0.0,8.0,1.0,0.9,0.4,6.0,6.0,6.0,6.0,1.0,0.0,8.0,1.0,0.9,0.4,-21.2,-21.2,-21.2,-21.2,1.0,0.0,8.0,1.0,0.9,0.4,0.0,0.0,0.0,0.0,1.0,0.0,8.0,1.0,0.9,0.4,-0.5,-0.5,-0.5,-0.5,1.0,0.0,8.0,1.0,0.9,0.4,-2.3,-2.3,-2.3,-2.3,1.0,0.0,8.0,1.0,0.9,0.4,4.87,4.87,4.87,4.87,1.0,0.0,8.0,1.0,0.9,0.4,22.4,22.4,22.4,22.4,1.0,0.0,8.0,1.0,0.9,0.4,-138.0,-138.0,-138.0,-138.0,1.0,0.0,8.0,1.0,0.9,0.4,0.0,0.0,0.0,0.0,1.0,0.0,8.0,1.0,0.9,0.4,-97.1,-97.1,-97.1,-97.1,1.0,0.0,8.0,1.0,0.9,0.4,0.0,0.0,0.0,0.0,1.0,0.0,8.0,1.0,0.9,0.4,-22.4,-22.4,-22.4,-22.4,1.0,0.0,8.0,1.0,0.9,0.4,0.0,0.0,0.0,0.0,1.0,0.0,8.0,1.0,0.9,0.4,97.5,97.5,97.5,97.5,1.0,0.0,8.0,1.0,0.9,0.4,95.0,95.0,95.0,95.0,1.0,0.0,8.0,1.0,0.9,0.4
1974,2,145.0,9.0,27.11,28.0,28.5,28.06,8.0,0.82,16.0,0.4,0.7,0.6,27.05,27.5,28.31,27.42,9.0,1.4,16.0,0.3,0.7,0.5,18.75,19.65,21.9,19.88,8.0,1.65,16.0,0.4,0.7,0.5,77.0,83.5,94.8,84.9,8.0,9.3,16.0,0.4,0.5,8.33,9.8,13.2,10.33,9.0,2.34,16.0,0.3,0.7,0.5,-11.79,-9.21,-8.1,-9.79,9.0,1.99,16.0,0.3,0.7,0.5,-4.38,-2.98,0.47,-2.45,9.0,2.67,16.0,0.3,0.7,0.5,1006.05,1008.0,1012.27,1009.06,11.0,3.83,16.0,0.4,0.6,0.5,2.1,3.5,4.9,3.6,8.0,1.4,18.0,0.3,0.7,0.5,-156.1,-90.2,-67.5,-105.2,9.0,45.4,16.0,0.3,0.7,0.5,-57.1,-25.9,2.1,-29.8,9.0,34.1,16.0,0.3,0.7,0.5,-0.94,0.35,1.0,0.61,8.0,2.06,16.0,0.4,0.7,0.6,-8.5,3.2,13.2,5.4,8.0,18.6,16.0,0.4,0.7,0.6,1.63,3.92,5.57,3.66,7.0,1.83,16.0,0.4,0.7,0.5,13.3,44.3,67.4,41.1,7.0,25.9,16.0,0.4,0.7,0.5,-325.2,-262.5,-209.4,-268.7,9.0,57.1,16.0,0.3,0.7,0.5,-121.2,-72.3,12.6,-67.5,9.0,73.4,16.0,0.3,0.7,0.5,-220.7,-194.8,-170.9,-196.6,8.0,30.7,16.0,0.4,0.7,0.5,-87.4,-47.4,22.6,-43.6,8.0,53.7,16.0,0.4,0.7,0.5,-58.7,-43.6,-13.1,-38.4,7.0,23.5,16.0,0.4,0.7,0.5,-26.8,-8.5,1.9,-12.7,7.0,13.7,16.0,0.4,0.7,0.5,580.5,941.0,2350.5,1260.0,9.0,871.0,16.0,0.3,0.7,0.5,580.0,940.0,2350.0,1260.0,9.0,870.0,16.0,0.3,0.7,0.5
1974,2,145.0,10.0,27.0,28.0,29.0,28.0,26.0,0.99,16.0,0.6,0.4,0.4,26.83,28.0,28.5,27.76,27.0,1.32,14.0,0.6,0.4,0.4,17.9,19.51,20.28,19.28,26.0,1.09,14.0,0.6,0.4,0.4,76.8,83.8,86.3,82.3,26.0,6.8,14.0,0.6,0.4,6.34,9.0,11.3,8.97,28.0,2.57,14.0,0.6,0.4,0.4,-11.13,-8.68,-6.22,-8.5,28.0,2.6,14.0,0.6,0.4,0.4,-3.67,-2.09,0.0,-2.17,28.0,1.89,14.0,0.6,0.4,0.4,1006.09,1007.7,1009.2,1007.72,28.0,1.55,14.0,0.6,0.4,0.4,3.0,5.0,6.7,4.7,28.0,1.8,14.0,0.6,0.4,0.4,-125.7,-78.5,-39.5,-82.6,28.0,43.1,14.0,0.6,0.4,0.4,-35.5,-21.2,0.0,-20.9,28.0,19.3,14.0,0.6,0.4,0.4,-1.1,0.4,1.34,0.1,25.0,1.62,16.0,0.6,0.4,0.4,-13.2,2.3,15.0,0.0,25.0,17.8,16.0,0.6,0.4,0.4,2.96,4.82,6.03,4.41,25.0,1.58,16.0,0.6,0.4,0.4,21.9,43.8,55.6,40.1,25.0,17.8,16.0,0.6,0.4,0.4,-310.5,-234.9,-166.7,-235.1,27.0,73.9,14.0,0.6,0.4,0.4,-111.7,-57.9,0.0,-61.6,27.0,54.7,14.0,0.6,0.4,0.4,-219.6,-177.0,-110.7,-163.5,26.0,49.3,14.0,0.6,0.4,0.4,-68.5,-39.9,0.0,-45.9,26.0,34.3,14.0,0.6,0.4,0.4,-54.8,-37.8,-20.9,-38.1,25.0,17.5,16.0,0.6,0.4,0.4,-15.4,-9.7,-3.0,-10.4,25.0,7.5,16.0,0.6,0.4,0.4,256.0,731.5,1443.0,887.5,28.0,603.0,14.0,0.6,0.4,0.4,255.0,730.0,1445.0,885.0,28.0,605.0,14.0,0.6,0.4,0.4
1974,2,145.0,11.0,27.04,29.0,29.31,28.34,16.0,1.48,14.0,0.4,0.5,0.5,26.69,27.5,28.31,27.5,16.0,1.08,14.0,0.4,0.5,0.5,17.5,18.88,19.85,18.81,16.0,1.8,14.0,0.4,0.5,0.5,75.5,82.0,91.2,82.0,16.0,9.0,14.0,0.4,0.5,8.31,10.3,11.61,9.97,16.0,2.51,14.0,0.4,0.5,0.5,-10.63,-8.93,-5.59,-8.68,16.0,2.63,14.0,0.4,0.5,0.5,-7.41,-3.44,-1.51,-4.05,16.0,2.75,14.0,0.4,0.5,0.5,1008.15,1010.0,1011.73,1010.01,16.0,1.94,14.0,0.4,0.5,0.5,2.0,5.0,6.0,4.4,16.0,1.9,14.0,0.4,0.5,0.5,-124.6,-94.0,-55.1,-91.6,16.0,45.6,14.0,0.4,0.5,0.5,-78.8,-36.1,-13.4,-43.0,16.0,31.5,14.0,0.4,0.5,0.5,0.0,0.8,1.85,0.84,16.0,1.49,14.0,0.4,0.5,0.5,0.0,7.5,19.5,7.7,16.0,15.3,14.0,0.4,0.5,0.5,2.58,6.08,7.99,5.49,16.0,2.93,14.0,0.4,0.5,0.5,25.7,58.5,86.4,54.2,16.0,33.0,14.0,0.4,0.5,0.5,-299.2,-249.5,-152.1,-238.7,16.0,72.6,14.0,0.4,0.5,0.5,-205.3,-97.2,-40.3,-111.1,16.0,74.0,14.0,0.4,0.5,0.5,-197.8,-159.4,-117.9,-160.6,16.0,42.4,14.0,0.4,0.5,0.5,-156.4,-63.8,-24.5,-79.0,16.0,58.8,14.0,0.4,0.5,0.5,-80.1,-53.8,-17.7,-49.7,16.0,32.4,14.0,0.4,0.5,0.5,-26.2,-17.8,-5.2,-17.9,16.0,13.9,14.0,0.4,0.5,0.5,589.0,1092.5,1567.0,1157.0,16.0,715.5,14.0,0.4,0.5,0.5,590.0,1095.0,1565.0,1155.0,16.0,715.0,14.0,0.4,0.5,0.5
1974,2,145.0,12.0,27.25,28.25,29.5,28.23,12.0,1.24,16.0,0.8,0.3,0.4,26.0,28.0,29.23,27.95,13.0,1.38,16.0,0.8,0.3,0.5,17.78,18.77,20.3,19.15,13.0,1.24,16.0,0.8,0.3,0.5,76.3,81.8,84.6,81.1,13.0,5.3,16.0,0.8,0.5,8.56,10.8,12.95,10.17,13.0,3.24,16.0,0.8,0.3,0.5,-10.37,-9.35,-7.97,-8.89,13.0,3.14,16.0,0.8,0.3,0.5,-7.21,-4.65,-1.34,-4.25,13.0,2.73,16.0,0.8,0.3,0.5,1008.37,1009.5,1011.05,1009.72,13.0,1.48,16.0,0.8,0.3,0.5,2.0,3.0,6.0,4.0,13.0,1.7,16.0,0.8,0.3,0.5,-131.4,-101.0,-72.7,-99.4,13.0,46.2,16.0,0.8,0.3,0.5,-84.1,-58.3,-2.0,-48.8,13.0,36.6,16.0,0.8,0.3,0.5,-0.5,0.0,0.63,0.28,12.0,1.32,16.0,0.8,0.3,0.4,-5.3,0.0,7.4,2.7,12.0,14.1,16.0,0.8,0.3,0.4,3.34,4.63,6.67,5.0,12.0,2.03,16.0,0.8,0.3,0.4,24.2,41.6,87.4,52.6,12.0,29.9,16.0,0.8,0.3,0.4,-300.3,-257.2,-203.6,-249.6,13.0,92.2,16.0,0.8,0.3,0.5,-210.6,-130.6,-37.4,-120.4,13.0,79.6,16.0,0.8,0.3,0.5,-215.5,-180.6,-137.5,-170.1,13.0,63.0,16.0,0.8,0.3,0.5,-137.0,-85.6,-27.0,-81.9,13.0,53.3,16.0,0.8,0.3,0.5,-77.6,-38.8,-23.5,-46.3,12.0,27.3,16.0,0.8,0.3,0.4,-38.1,-23.7,-3.9,-21.9,12.0,17.5,16.0,0.8,0.3,0.4,631.0,1259.5,2171.5,1305.5,13.0,822.0,16.0,0.8,0.3,0.5,630.0,1260.0,2170.0,1305.0,13.0,820.0,16.0,0.8,0.3,0.5
1974,2,145.0,13.0,26.53,29.0,29.47,28.39,14.0,1.4,14.0,0.6,0.2,0.5,26.0,27.2,28.05,27.18,13.0,1.1,14.0,0.6,0.2,0.5,17.44,17.98,19.86,18.37,13.0,1.55,14.0,0.6,0.2,0.5,74.3,81.2,88.8,81.5,13.0,6.7,14.0,0.6,0.5,8.74,11.05,12.39,10.25,14.0,3.59,14.0,0.6,0.2,0.5,-12.22,-9.79,-7.19,-9.34,14.0,3.48,14.0,0.6,0.2,0.5,-5.87,-4.47,-0.09,-3.22,14.0,2.98,14.0,0.6,0.2,0.5,1007.81,1010.5,1012.47,1010.3,14.0,1.99,14.0,0.6,0.2,0.5,3.1,5.5,7.0,5.1,14.0,2.1,14.0,0.6,0.2,0.5,-150.1,-110.5,-66.6,-107.1,14.0,60.6,14.0,0.6,0.2,0.5,-70.8,-47.8,-0.2,-38.4,14.0,34.6,14.0,0.6,0.2,0.5,-0.06,1.5,2.0,1.15,13.0,1.12,14.0,0.6,0.2,0.5,-0.5,16.2,23.1,12.9,13.0,14.3,14.0,0.6,0.2,0.5,4.25,5.39,7.7,5.91,13.0,1.89,14.0,0.6,0.2,0.5,41.3,63.7,93.6,67.3,13.0,32.8,14.0,0.6,0.2,0.5,-345.1,-275.9,-203.2,-270.6,13.0,79.1,14.0,0.6,0.2,0.5,-159.5,-128.1,3.6,-92.7,13.0,83.0,14.0,0.6,0.2,0.5,-224.7,-180.9,-134.4,-180.8,13.0,49.4,14.0,0.6,0.2,0.5,-106.3,-91.2,2.9,-62.0,13.0,57.0,14.0,0.6,0.2,0.5,-88.0,-59.2,-36.1,-61.2,13.0,30.6,14.0,0.6,0.2,0.5,-42.4,-31.4,0.4,-22.9,13.0,20.6,14.0,0.6,0.2,0.5,667.5,1351.5,1903.5,1406.0,14.0,1014.0,14.0,0.6,0.2,0.5,670.0,1350.0,1905.0,1405.0,14.0,1015.0,14.0,0.6,0.2,0.5
1974,2,145.0,14.0,27.27,28.0,28.27,27.58,8.0,1.1,14.0,0.5,0.3,0.4,26.17,27.25,27.98,27.33,8.0,1.4,14.0,0.5,0.3,0.4,17.89,18.62,19.7,18.59,7.0,1.18,16.0,0.4,0.3,0.4,75.4,79.8,88.4,82.3,7.0,6.9,16.0,0.4,0.4,6.48,9.0,9.74,8.3,8.0,2.54,14.0,0.5,0.3,0.4,-9.74,-8.38,-5.61,-7.35,8.0,3.57,14.0,0.5,0.3,0.4,-4.3,-3.08,0.0,-2.38,8.0,2.04,14.0,0.5,0.3,0.4,1007.72,1010.05,1011.8,1009.73,8.0,2.15,14.0,0.5,0.3,0.4,2.0,3.5,6.9,4.0,8.0,2.4,14.0,0.5,0.3,0.4,-95.0,-75.3,-36.9,-68.8,8.0,37.8,14.0,0.5,0.3,0.4,-42.6,-14.3,0.0,-19.2,8.0,19.7,14.0,0.5,0.3,0.4,-1.84,0.55,2.13,0.25,8.0,1.95,14.0,0.5,0.3,0.4,-6.2,5.0,19.6,3.3,8.0,16.1,14.0,0.5,0.3,0.4,3.82,4.15,5.78,4.52,7.0,1.86,16.0,0.4,0.3,0.4,12.8,38.8,54.4,38.4,7.0,24.4,16.0,0.4,0.3,0.4,-269.2,-233.3,-148.8,-198.2,8.0,97.5,14.0,0.5,0.3,0.4,-110.1,-87.2,0.0,-64.7,8.0,55.3,14.0,0.5,0.3,0.4,-176.1,-150.4,-102.7,-130.5,7.0,67.4,16.0,0.4,0.3,0.4,-78.6,-62.6,0.0,-50.2,7.0,35.6,16.0,0.4,0.3,0.4,-54.2,-38.8,-8.8,-33.9,7.0,26.3,16.0,0.4,0.3,0.4,-25.0,-12.3,0.0,-11.7,7.0,10.9,16.0,0.4,0.3,0.4,285.0,731.5,926.0,697.0,8.0,430.5,14.0,0.5,0.3,0.4,285.0,730.0,925.0,695.0,8.0,430.0,14.0,0.5,0.3,0.4
1974,2,145.0,15.0,27.0,27.1,27.62,27.3,4.0,0.48,10.0,0.8,0.5,0.5,26.08,27.0,27.37,26.88,6.0,0.74,12.0,0.8,0.6,0.6,17.14,18.0,18.42,17.79,4.0,0.92,12.0,0.8,0.7,0.7,76.8,79.7,84.6,80.7,4.0,5.5,12.0,0.8,0.7,7.04,9.3,10.9,8.58,6.0,3.14,12.0,0.8,0.6,0.6,-10.74,-9.02,-5.11,-7.39,6.0,5.08,12.0,0.8,0.6,0.6,-3.37,-1.92,0.09,-1.78,6.0,1.76,12.0,0.8,0.6,0.6,1008.69,1010.7,1012.37,1010.52,6.0,2.05,12.0,0.8,0.6,0.6,2.8,3.0,5.4,3.8,6.0,1.8,12.0,0.8,0.6,0.6,-117.1,-83.9,-44.8,-76.7,6.0,47.5,12.0,0.8,0.6,0.6,-30.4,-21.2,0.2,-17.4,6.0,14.8,12.0,0.8,0.6,0.6,-0.52,0.55,1.57,0.53,4.0,1.3,10.0,0.8,0.5,0.5,-4.9,5.9,17.5,6.3,4.0,13.9,10.0,0.8,0.5,0.5,4.16,4.6,6.39,5.26,3.0,1.73,8.0,0.7,0.7,0.6,42.8,42.8,69.2,55.7,3.0,22.4,8.0,0.7,0.7,0.6,-280.0,-248.2,-139.0,-197.9,6.0,135.2,12.0,0.8,0.6,0.6,-91.2,-50.0,2.5,-47.5,6.0,47.8,12.0,0.8,0.6,0.6,-191.4,-174.8,-146.6,-169.2,4.0,29.9,12.0,0.8,0.7,0.7,-55.7,-33.7,-15.4,-35.5,4.0,30.5,12.0,0.8,0.7,0.7,-68.4,-42.8,-42.3,-55.1,3.0,21.9,8.0,0.7,0.7,0.6,-12.0,-7.4,-2.4,-7.2,3.0,7.1,8.0,0.7,0.7,0.6,441.0,804.5,1297.5,813.5,6.0,509.5,12.0,0.8,0.6,0.6,440.0,805.0,1300.0,815.0,6.0,510.0,12.0,0.8,0.6,0.6
1974,2,145.0,16.0,26.74,27.2,27.71,27.23,4.0,0.63,8.0,0.5,0.3,0.5,25.71,26.6,26.91,26.33,4.0,0.92,8.0,0.5,0.3,0.5,16.91,17.4,17.88,17.4,2.0,1.01,14.0,0.0,0.1,0.5,78.2,80.7,82.9,80.5,4.0,3.3,8.0,0.5,0.5,8.99,9.3,9.3,9.15,4.0,0.3,8.0,0.5,0.3,0.5,-9.23,-8.95,-8.65,-8.94,4.0,0.34,8.0,0.5,0.3,0.5,-2.44,-1.56,-0.72,-1.58,4.0,1.3,8.0,0.5,0.3,0.5,1012.83,1014.2,1015.57,1014.2,2.0,2.83,14.0,0.0,0.1,0.5,2.3,3.0,5.7,4.0,3.0,2.6,2.0,0.7,0.3,0.7,-85.9,-83.2,-77.7,-81.9,4.0,5.4,8.0,0.5,0.3,0.5,-22.6,-14.1,-6.3,-14.4,4.0,12.1,8.0,0.5,0.3,0.5,-0.08,0.6,1.9,0.9,4.0,1.51,8.0,0.5,0.3,0.5,-0.7,5.6,16.8,7.9,4.0,13.2,8.0,0.5,0.3,0.5,4.03,5.23,6.44,5.23,2.0,2.5,14.0,0.0,0.1,0.5,36.8,46.6,56.3,46.6,2.0,20.3,14.0,0.0,0.1,0.5,-247.6,-238.0,-223.3,-235.6,4.0,16.2,8.0,0.5,0.3,0.5,-64.9,-40.3,-18.0,-41.4,4.0,34.8,8.0,0.5,0.3,0.5,-164.4,-155.7,-147.0,-155.7,2.0,18.0,14.0,0.0,0.1,0.5,-21.2,-12.6,-4.0,-12.6,2.0,17.8,14.0,0.0,0.1,0.5,-55.6,-46.1,-36.6,-46.1,2.0,19.6,14.0,0.0,0.1,0.5,-8.9,-5.3,-1.7,-5.3,2.0,7.5,14.0,0.0,0.1,0.5,728.0,804.5,804.5,768.0,4.0,73.0,8.0,0.5,0.3,0.5,730.0,805.0,805.0,770.0,4.0,75.0,8.0,0.5,0.3,0.5
1974,2,145.0,17.0,26.95,28.0,29.5,28.16,5.0,1.31,12.0,0.8,0.3,0.4,24.9,26.6,27.04,26.15,6.0,1.15,12.0,0.7,0.3,0.4,15.27,16.79,17.9,16.67,5.0,1.46,12.0,0.8,0.3,0.4,73.4,78.8,81.6,77.7,5.0,4.9,12.0,0.8,0.4,5.46,10.05,11.44,8.93,6.0,3.96,12.0,0.7,0.3,0.4,-11.06,-9.74,-5.03,-8.36,6.0,3.75,12.0,0.7,0.3,0.4,-4.23,-1.06,0.35,-1.82,6.0,3.1,12.0,0.7,0.3,0.4,1010.81,1013.0,1014.58,1012.37,6.0,2.88,12.0,0.7,0.3,0.4,2.8,3.5,5.6,4.2,6.0,2.1,12.0,0.7,0.3,0.4,-127.1,-97.9,-29.7,-86.8,6.0,58.1,12.0,0.7,0.3,0.4,-48.7,-6.6,0.9,-23.6,6.0,38.7,12.0,0.7,0.3,0.4,0.28,2.5,2.87,1.78,5.0,1.51,12.0,0.8,0.3,0.4,3.2,24.5,34.1,20.7,5.0,19.4,12.0,0.8,0.3,0.4,6.38,7.23,8.3,7.26,5.0,1.12,12.0,0.8,0.3,0.4,57.8,73.3,96.6,76.1,5.0,28.9,12.0,0.8,0.3,0.4,-285.4,-263.0,-136.0,-218.7,6.0,95.9,12.0,0.7,0.3,0.4,-110.6,-28.8,8.6,-46.9,6.0,77.4,12.0,0.7,0.3,0.4,-183.3,-169.4,-139.0,-159.5,5.0,35.7,12.0,0.8,0.3,0.4,-78.2,-35.6,0.0,-40.8,5.0,45.2,12.0,0.8,0.3,0.4,-87.6,-73.3,-57.0,-71.5,5.0,24.3,12.0,0.8,0.3,0.4,-39.7,-12.0,0.0,-19.8,5.0,24.3,12.0,0.8,0.3,0.4,192.5,1017.0,1554.0,1039.0,6.0,944.0,12.0,0.7,0.3,0.4,195.0,1015.0,1555.0,1040.0,6.0,945.0,12.0,0.7,0.3,0.4
1974,2,145.0,18.0,25.86,27.0,27.79,26.77,10.0,1.69,16.0,0.4,0.5,0.5,23.77,25.0,27.74,25.41,10.0,1.78,16.0,0.4,0.5,0.5,14.28,15.31,16.02,15.39,10.0,1.37,16.0,0.4,0.5,0.5,69.6,77.4,81.4,76.1,10.0,5.5,16.0,0.4,0.5,5.07,7.7,10.87,7.55,10.0,3.57,16.0,0.4,0.5,0.5,-9.3,-6.64,-4.13,-6.32,10.0,3.14,16.0,0.4,0.5,0.5,-5.64,-3.86,1.41,-2.87,10.0,3.56,16.0,0.4,0.5,0.5,1011.54,1013.0,1014.69,1013.07,10.0,1.77,16.0,0.4,0.5,0.5,0.9,6.0,8.0,4.8,10.0,3.3,16.0,0.4,0.5,0.5,-97.8,-50.0,-21.3,-57.5,10.0,41.7,16.0,0.4,0.5,0.5,-62.0,-33.7,9.3,-28.6,10.0,34.3,16.0,0.4,0.5,0.5,-1.8,1.8,3.61,1.36,10.0,2.39,16.0,0.4,0.5,0.5,-5.9,15.4,30.6,14.9,10.0,19.6,16.0,0.4,0.5,0.5,4.96,7.12,8.53,6.69,10.0,2.19,16.0,0.4,0.5,0.5,32.6,58.4,77.6,54.9,10.0,29.8,16.0,0.4,0.5,0.5,-225.7,-159.3,-109.6,-161.0,10.0,81.8,16.0,0.4,0.5,0.5,-133.5,-106.9,33.8,-71.0,10.0,88.1,16.0,0.4,0.5,0.5,-136.8,-97.3,-62.4,-98.5,10.0,53.5,16.0,0.4,0.5,0.5,-83.6,-62.9,19.9,-44.0,10.0,54.2,16.0,0.4,0.5,0.5,-71.4,-43.3,-26.7,-46.2,10.0,26.6,16.0,0.4,0.5,0.5,-44.4,-26.6,8.0,-20.9,10.0,26.1,16.0,0.4,0.5,0.5,135.0,456.5,1293.0,662.5,10.0,613.5,16.0,0.4,0.5,0.5,135.0,455.0,1295.0,660.0,10.0,615.0,16.0,0.4,0.5,0.5
1974,2,145.0,19.0,25.5,25.65,27.1,26.13,6.0,0.88,20.0,0.3,0.6,0.5,23.0,25.0,25.5,24.66,9.0,1.6,16.0,0.3,0.6,0.5,13.54,14.27,15.33,14.59,7.0,1.83,18.0,0.3,0.6,0.5,66.7,73.3,77.6,73.3,7.0,8.4,18.0,0.3,0.5,3.64,6.7,10.96,7.2,9.0,3.74,16.0,0.3,0.6,0.5,-10.44,-5.13,-3.01,-6.4,9.0,4.14,16.0,0.3,0.6,0.5,-4.23,-2.44,0.0,-1.87,9.0,2.27,16.0,0.3,0.6,0.5,1010.06,1013.0,1014.64,1013.08,8.0,3.23,16.0,0.3,0.7,0.5,1.0,3.0,8.0,4.2,9.0,3.2,16.0,0.3,0.6,0.5,-116.0,-34.4,-11.5,-59.7,9.0,63.6,16.0,0.3,0.6,0.5,-28.9,-6.4,0.0,-13.7,9.0,18.0,16.0,0.3,0.6,0.5,-0.31,1.0,2.29,0.98,6.0,1.7,20.0,0.3,0.6,0.5,-2.1,3.4,15.7,7.7,6.0,17.2,20.0,0.3,0.6,0.5,5.16,6.55,8.4,6.73,6.0,1.54,20.0,0.3,0.6,0.5,15.5,38.5,63.3,43.1,6.0,31.1,20.0,0.3,0.6,0.5,-238.4,-139.6,-75.9,-154.3,9.0,93.0,16.0,0.3,0.6,0.5,-96.5,-62.3,0.0,-45.9,9.0,55.9,16.0,0.3,0.6,0.5,-132.1,-73.2,-39.6,-76.4,7.0,44.8,18.0,0.3,0.6,0.5,-49.7,-44.0,1.1,-25.1,7.0,32.3,18.0,0.3,0.6,0.5,-62.1,-29.5,-12.0,-37.3,6.0,31.8,20.0,0.3,0.6,0.5,-28.6,-17.2,1.7,-14.5,6.0,16.2,20.0,0.3,0.6,0.5,57.5,301.0,1377.5,667.5,9.0,908.0,16.0,0.3,0.6,0.5,60.0,300.0,1380.0,665.0,9.0,910.0,16.0,0.3,0.6,0.5
1974,2,145.0,20.0,25.56,26.5,27.5,26.51,11.0,0.96,14.0,0.6,0.6,0.3,23.22,25.25,26.2,24.87,12.0,2.02,14.0,0.6,0.5,0.3,13.66,16.39,17.53,16.01,11.0,2.37,14.0,0.6,0.6,0.3,72.8,80.9,83.2,79.7,11.0,8.2,14.0,0.6,0.3,2.69,4.1,9.69,5.79,11.0,4.54,14.0,0.6,0.5,0.4,-6.4,-2.68,-0.62,-3.46,11.0,5.07,14.0,0.6,0.5,0.4,-3.0,-0.72,2.9,-0.64,11.0,4.26,14.0,0.6,0.5,0.4,1010.6,1013.5,1017.7,1013.69,12.0,3.25,14.0,0.6,0.5,0.3,2.0,4.5,8.0,4.8,12.0,2.4,14.0,0.6,0.5,0.3,-62.9,-8.3,-1.9,-36.6,11.0,71.7,14.0,0.6,0.5,0.4,-9.9,-1.5,18.8,-5.9,11.0,42.0,14.0,0.6,0.5,0.4,0.09,1.0,3.03,1.29,11.0,1.4,14.0,0.6,0.6,0.3,-0.9,4.3,8.8,6.9,10.0,12.8,14.0,0.7,0.6,0.3,4.65,5.8,7.43,5.67,11.0,2.61,14.0,0.6,0.6,0.3,5.2,21.2,41.2,24.9,10.0,23.7,14.0,0.7,0.6,0.3,-147.8,-65.8,-17.4,-79.3,11.0,112.5,14.0,0.6,0.5,0.4,-82.0,-18.7,71.8,-13.5,11.0,100.7,14.0,0.6,0.5,0.4,-76.9,-35.0,-7.7,-34.3,10.0,52.8,14.0,0.7,0.6,0.3,-52.5,-13.6,47.4,-6.6,10.0,71.3,14.0,0.7,0.6,0.3,-33.1,-10.7,1.3,-12.8,10.0,20.0,14.0,0.7,0.6,0.3,-17.3,-4.2,6.5,-9.2,10.0,24.0,14.0,0.7,0.6,0.3,21.5,69.0,1002.0,594.5,11.0,1123.5,14.0,0.6,0.5,0.4,20.0,70.0,1000.0,595.0,11.0,1125.0,14.0,0.6,0.5,0.4
1974,2,145.0,21.0,24.79,26.0,26.91,25.8,11.0,1.26,14.0,0.4,0.4,0.4,20.0,24.05,27.13,23.9,12.0,3.03,14.0,0.4,0.4,0.3,11.81,14.71,16.72,14.31,11.0,2.43,14.0,0.5,0.4,0.3,66.2,77.2,84.4,75.7,11.0,9.8,14.0,0.5,0.3,4.72,8.45,9.3,7.32,12.0,2.43,14.0,0.4,0.4,0.3,-6.52,-4.27,2.93,-2.94,12.0,4.23,14.0,0.4,0.4,0.3,-8.18,-4.1,2.2,-2.98,12.0,5.22,14.0,0.4,0.4,0.3,1009.94,1012.75,1016.64,1013.43,12.0,3.87,14.0,0.4,0.4,0.3,2.0,5.5,8.0,5.0,12.0,2.6,14.0,0.4,0.4,0.3,-55.6,-30.4,13.3,-25.5,12.0,36.2,14.0,0.4,0.4,0.3,-71.1,-27.6,9.8,-26.5,12.0,45.1,14.0,0.4,0.4,0.3,-0.41,2.4,4.21,2.08,11.0,2.39,14.0,0.4,0.4,0.4,-2.1,20.9,38.7,18.7,11.0,20.2,14.0,0.4,0.4,0.4,4.42,6.23,8.66,6.49,10.0,2.12,16.0,0.4,0.3,0.3,17.6,49.0,75.6,48.1,10.0,26.0,16.0,0.4,0.3,0.3,-167.2,-100.6,64.0,-66.6,12.0,97.3,14.0,0.4,0.4,0.3,-169.6,-84.5,58.5,-61.7,12.0,127.3,14.0,0.4,0.4,0.3,-87.3,-62.4,12.2,-45.6,11.0,55.2,14.0,0.5,0.4,0.3,-105.2,-39.6,46.2,-31.4,11.0,73.6,14.0,0.5,0.4,0.3,-52.0,-34.1,-5.5,-28.6,10.0,26.1,16.0,0.4,0.3,0.3,-43.5,-21.0,12.2,-14.3,10.0,37.8,16.0,0.4,0.3,0.3,111.0,605.0,804.5,502.0,12.0,345.5,14.0,0.4,0.4,0.3,110.0,605.0,805.0,500.0,12.0,345.0,14.0,0.4,0.4,0.3
1974,2,145.0,22.0,23.4,24.25,25.62,24.67,6.0,1.78,14.0,0.5,0.1,0.4,19.99,23.0,25.9,22.81,7.0,2.55,14.0,0.6,0.3,0.3,12.09,13.83,16.25,13.8,6.0,2.49,14.0,0.5,0.3,0.3,69.6,74.9,82.5,76.9,6.0,9.4,14.0,0.5,0.3,6.08,7.2,8.22,6.9,7.0,1.76,14.0,0.6,0.3,0.3,-6.31,-4.1,-0.88,-3.47,7.0,3.65,14.0,0.6,0.3,0.3,-7.15,-2.8,2.31,-2.32,7.0,5.0,14.0,0.6,0.3,0.3,1009.71,1012.0,1015.79,1013.23,7.0,4.58,14.0,0.6,0.3,0.3,4.0,5.0,7.0,5.4,7.0,1.6,14.0,0.6,0.3,0.3,-45.8,-33.6,-5.1,-23.8,7.0,29.6,14.0,0.6,0.3,0.3,-58.8,-23.0,14.3,-19.6,7.0,38.0,14.0,0.6,0.3,0.3,1.07,3.0,4.26,2.37,6.0,2.55,14.0,0.5,0.1,0.4,2.5,21.6,32.8,17.0,6.0,18.7,14.0,0.5,0.1,0.4,2.79,6.53,8.64,5.97,5.0,3.45,16.0,0.4,0.2,0.4,11.8,40.5,67.0,40.4,5.0,29.0,16.0,0.4,0.2,0.4,-146.9,-81.2,-23.0,-73.0,7.0,81.4,14.0,0.6,0.3,0.3,-144.0,-63.4,51.0,-50.3,7.0,121.4,14.0,0.6,0.3,0.3,-76.9,-55.9,-4.9,-40.5,6.0,48.2,14.0,0.5,0.3,0.3,-61.9,-36.4,41.8,-18.9,6.0,74.4,14.0,0.5,0.3,0.3,-60.9,-38.1,-5.6,-34.3,5.0,28.8,16.0,0.4,0.2,0.4,-27.3,-9.1,12.4,-8.6,5.0,22.0,16.0,0.4,0.2,0.4,229.0,373.0,556.5,379.5,7.0,219.0,14.0,0.6,0.3,0.3,230.0,375.0,555.0,380.0,7.0,220.0,14.0,0.6,0.3,0.3
1974,2,145.0,23.0,23.24,24.5,25.03,24.2,7.0,1.23,10.0,0.4,0.4,0.4,19.9,20.5,24.13,21.47,7.0,2.9,10.0,0.4,0.4,0.4,8.18,11.52,15.18,11.72,6.0,3.81,12.0,0.3,0.3,0.5,57.9,69.4,84.8,71.1,6.0,14.2,12.0,0.3,0.5,0.48,5.1,8.73,5.13,7.0,3.7,10.0,0.4,0.4,0.4,-0.34,1.74,4.08,1.27,7.0,4.49,10.0,0.4,0.4,0.4,-6.02,-4.35,-0.31,-3.64,7.0,2.63,10.0,0.4,0.4,0.4,1010.43,1016.0,1016.69,1013.99,7.0,4.04,10.0,0.4,0.4,0.4,1.8,3.0,7.2,4.0,6.0,2.9,12.0,0.5,0.3,0.4,-3.2,8.9,22.1,6.6,7.0,39.1,10.0,0.4,0.4,0.4,-49.0,-24.4,-0.2,-26.2,7.0,22.2,10.0,0.4,0.4,0.4,-1.14,4.0,5.01,2.73,7.0,2.99,10.0,0.4,0.4,0.4,0.0,25.5,37.2,21.8,7.0,16.3,10.0,0.4,0.4,0.4,4.44,7.88,10.94,7.16,6.0,4.39,12.0,0.3,0.3,0.5,-0.1,51.6,65.8,40.6,6.0,33.3,12.0,0.3,0.3,0.5,-7.0,34.9,84.0,25.3,7.0,91.7,10.0,0.4,0.4,0.4,-121.8,-89.2,-7.3,-72.1,7.0,50.4,10.0,0.4,0.4,0.4,-18.2,10.7,22.2,-1.3,6.0,44.8,12.0,0.3,0.3,0.5,-52.6,-37.9,-4.4,-33.7,6.0,27.5,12.0,0.3,0.3,0.5,-10.1,9.8,28.5,5.6,6.0,29.8,12.0,0.3,0.3,0.5,-57.9,-34.9,0.0,-32.8,6.0,29.4,12.0,0.3,0.3,0.5,0.0,132.5,665.5,300.0,7.0,322.5,10.0,0.4,0.4,0.4,0.0,135.0,665.0,300.0,7.0,325.0,10.0,0.4,0.4,0.4
1974,2,145.0,24.0,22.64,22.9,23.26,22.95,4.0,0.42,10.0,0.5,0.5,0.4,18.9,19.5,20.79,19.83,4.0,1.23,10.0,0.5,0.5,0.4,9.69,10.39,11.5,10.58,4.0,1.16,10.0,0.5,0.5,0.4,68.9,72.5,77.9,73.4,4.0,5.5,10.0,0.5,0.4,6.94,7.7,8.78,7.85,4.0,1.15,10.0,0.5,0.5,0.4,4.17,6.97,7.89,6.07,4.0,2.64,10.0,0.5,0.5,0.4,-5.51,-4.12,-3.18,-4.34,4.0,1.51,10.0,0.5,0.5,0.4,1007.31,1009.0,1012.79,1010.0,4.0,3.91,10.0,0.5,0.5,0.4,4.4,7.0,8.0,6.3,4.0,2.4,10.0,0.5,0.5,0.4,29.4,54.0,69.3,49.6,4.0,25.9,10.0,0.5,0.5,0.4,-42.7,-34.1,-24.4,-33.6,4.0,10.6,10.0,0.5,0.5,0.4,1.98,3.25,4.26,3.13,4.0,1.38,10.0,0.5,0.5,0.4,15.4,25.3,33.8,24.7,4.0,11.5,10.0,0.5,0.5,0.4,6.0,6.82,7.87,6.93,4.0,1.27,10.0,0.5,0.5,0.4,48.1,57.8,59.6,54.0,4.0,9.6,10.0,0.5,0.5,0.4,86.6,142.7,152.8,120.8,4.0,52.3,10.0,0.5,0.5,0.4,-104.3,-82.4,-66.2,-85.1,4.0,26.4,10.0,0.5,0.5,0.4,47.3,76.1,82.2,65.3,4.0,29.5,10.0,0.5,0.5,0.4,-55.1,-47.0,-35.4,-45.3,4.0,13.3,10.0,0.5,0.5,0.4,26.7,43.5,53.7,40.3,4.0,16.6,10.0,0.5,0.5,0.4,-42.7,-25.1,-19.9,-31.0,4.0,16.0,10.0,0.5,0.5,0.4,335.5,462.5,684.0,507.5,4.0,224.0,10.0,0.5,0.5,0.4,335.0,460.0,685.0,505.0,4.0,225.0,10.0,0.5,0.5,0.4
1974,2,145.0,25.0,20.55,22.0,23.23,21.94,5.0,1.81,14.0,0.8,0.3,0.5,18.31,18.7,22.23,19.77,6.0,2.23,12.0,0.8,0.4,0.4,7.58,8.94,11.78,9.68,5.0,3.53,14.0,0.8,0.3,0.5,58.9,66.4,78.4,67.9,5.0,14.7,14.0,0.8,0.5,4.19,6.95,9.51,6.78,6.0,2.87,12.0,0.8,0.4,0.4,-5.88,2.22,6.79,0.95,6.0,6.81,12.0,0.8,0.4,0.4,-4.48,-3.39,2.35,-1.9,6.0,3.42,12.0,0.8,0.4,0.4,1009.76,1018.0,1024.72,1017.46,7.0,7.8,14.0,0.7,0.5,0.5,4.6,6.5,8.0,6.2,6.0,1.9,12.0,0.8,0.4,0.4,-44.1,9.7,54.6,6.8,6.0,60.5,12.0,0.8,0.4,0.4,-34.4,-27.4,7.5,-20.0,6.0,24.3,12.0,0.8,0.4,0.4,1.78,2.2,3.68,2.62,5.0,1.09,14.0,0.8,0.3,0.5,9.8,15.8,35.7,21.3,5.0,15.2,14.0,0.8,0.3,0.5,5.56,7.35,7.92,6.74,5.0,1.75,14.0,0.8,0.3,0.5,33.6,55.4,73.2,52.0,5.0,26.3,14.0,0.8,0.3,0.5,-105.1,49.0,127.6,21.5,6.0,126.8,12.0,0.8,0.4,0.4,-79.8,-63.4,52.4,-31.4,6.0,67.9,12.0,0.8,0.4,0.4,-46.3,7.0,66.9,8.8,5.0,64.8,14.0,0.8,0.3,0.5,-38.6,-27.4,-1.3,-19.0,5.0,34.1,14.0,0.8,0.3,0.5,-51.5,1.7,49.9,-0.3,5.0,55.5,14.0,0.8,0.3,0.5,-36.4,-24.5,-11.4,-22.4,5.0,19.1,14.0,0.8,0.3,0.5,81.0,337.0,864.0,447.5,6.0,419.0,12.0,0.8,0.4,0.4,80.0,335.0,865.0,450.0,6.0,420.0,12.0,0.8,0.4,0.4
1974,2,145.0,26.0,19.5,20.5,21.12,20.1,7.0,1.31,16.0,0.4,0.5,0.4,14.38,18.0,19.91,18.19,7.0,3.41,16.0,0.4,0.5,0.4,7.25,8.94,11.95,9.64,6.0,2.86,14.0,0.5,0.4,0.5,66.2,73.4,80.7,74.1,6.0,9.5,14.0,0.5,0.5,3.58,7.7,10.57,7.8,7.0,4.39,16.0,0.4,0.5,0.4,-0.26,1.79,7.82,2.52,7.0,5.13,16.0,0.4,0.5,0.4,-10.24,-2.37,3.11,-3.71,7.0,6.36,16.0,0.4,0.5,0.4,1013.69,1016.65,1020.66,1017.98,8.0,5.54,18.0,0.4,0.5,0.4,1.0,3.0,7.0,3.7,7.0,3.3,16.0,0.4,0.5,0.4,-1.6,6.2,64.3,31.4,7.0,64.8,16.0,0.4,0.5,0.4,-108.9,-7.4,12.5,-48.0,7.0,78.9,16.0,0.4,0.5,0.4,-0.64,1.4,5.69,1.91,7.0,3.74,16.0,0.4,0.5,0.4,-4.3,10.8,32.2,23.0,7.0,44.9,16.0,0.4,0.5,0.4,2.57,4.55,7.89,4.83,6.0,3.05,14.0,0.5,0.4,0.5,19.3,29.0,58.1,43.1,6.0,48.1,14.0,0.5,0.4,0.5,-5.0,29.6,138.9,38.4,7.0,84.9,16.0,0.4,0.5,0.4,-172.0,-34.2,61.1,-56.7,7.0,111.0,16.0,0.4,0.5,0.4,1.1,19.0,72.0,25.3,6.0,44.7,14.0,0.5,0.4,0.5,-95.2,-8.1,31.5,-24.1,6.0,65.0,14.0,0.5,0.4,0.5,-5.6,10.9,37.4,17.6,6.0,39.3,14.0,0.5,0.4,0.5,-51.0,-9.1,4.7,-23.7,6.0,44.2,14.0,0.5,0.4,0.5,46.0,456.5,1236.5,916.5,7.0,1447.0,16.0,0.4,0.5,0.4,45.0,455.0,1235.0,915.0,7.0,1445.0,16.0,0.4,0.5,0.4
1974,2,145.0,27.0,20.0,20.0,20.14,20.07,3.0,0.12,20.0,0.3,0.4,0.4,14.77,17.5,20.23,17.5,3.0,4.0,20.0,0.3,0.4,0.4,7.69,9.9,12.19,9.94,3.0,3.3,20.0,0.3,0.4,0.4,72.7,79.9,82.0,77.4,3.0,7.2,20.0,0.3,0.4,8.87,10.3,13.44,11.13,3.0,3.43,20.0,0.3,0.4,0.4,0.0,0.0,7.79,3.8,3.0,6.59,20.0,0.3,0.4,0.4,-9.14,-8.2,4.43,-2.49,3.0,11.1,20.0,0.3,0.4,0.4,1010.95,1014.3,1023.15,1016.96,5.0,7.89,20.0,0.2,0.4,0.5,4.6,6.0,7.4,6.0,3.0,2.0,20.0,0.3,0.4,0.4,0.0,0.0,116.1,56.7,3.0,98.2,20.0,0.3,0.4,0.4,-118.8,-67.2,51.1,-34.6,3.0,127.6,20.0,0.3,0.4,0.4,-0.09,2.5,5.23,2.57,3.0,3.9,20.0,0.3,0.4,0.4,-2.6,20.5,72.6,34.7,3.0,56.5,20.0,0.3,0.4,0.4,2.49,4.63,6.88,4.68,3.0,3.22,20.0,0.3,0.4,0.4,22.5,37.9,92.7,57.1,3.0,54.0,20.0,0.3,0.4,0.4,0.0,0.0,105.2,51.4,3.0,89.0,20.0,0.3,0.4,0.4,-139.0,-129.3,110.1,-17.1,3.0,206.7,20.0,0.3,0.4,0.4,0.0,0.0,51.9,25.3,3.0,43.9,20.0,0.3,0.4,0.4,-75.7,-63.8,72.9,-2.8,3.0,121.0,20.0,0.3,0.4,0.4,0.0,0.0,61.8,30.2,3.0,52.2,20.0,0.3,0.4,0.4,-63.9,-37.9,-1.5,-32.8,3.0,45.9,20.0,0.3,0.4,0.4,723.0,1092.5,2605.0,1650.5,3.0,1460.5,20.0,0.3,0.4,0.4,725.0,1095.0,2605.0,1650.0,3.0,1460.0,20.0,0.3,0.4,0.4
1974,2,145.0,28.0,16.5,17.6,19.29,18.04,7.0,1.65,14.0,0.6,0.5,0.6,17.02,18.5,20.0,18.34,8.0,1.94,12.0,0.6,0.4,0.6,8.38,10.26,12.27,10.33,8.0,1.84,12.0,0.6,0.4,0.6,70.7,77.0,87.7,78.5,8.0,9.5,12.0,0.6,0.6,6.76,9.0,13.06,9.59,8.0,3.38,12.0,0.6,0.4,0.6,1.75,6.5,9.94,6.04,8.0,5.14,12.0,0.6,0.4,0.6,-4.82,0.0,7.59,1.36,8.0,6.8,12.0,0.6,0.4,0.6,1014.0,1015.5,1020.35,1016.54,11.0,5.47,14.0,0.6,0.4,0.6,4.2,7.0,7.9,6.1,8.0,2.1,12.0,0.6,0.4,0.6,13.1,48.0,101.2,61.5,8.0,76.4,12.0,0.6,0.4,0.6,-66.4,0.0,61.2,12.5,8.0,81.9,12.0,0.6,0.4,0.6,-3.05,-0.5,1.52,-0.77,7.0,2.22,14.0,0.6,0.5,0.6,-27.0,-6.7,9.6,-5.0,7.0,21.1,14.0,0.6,0.5,0.6,-0.77,2.39,5.55,2.17,7.0,2.74,14.0,0.6,0.5,0.6,-5.3,19.4,34.3,21.5,7.0,32.8,14.0,0.6,0.5,0.6,31.6,115.9,198.9,112.4,8.0,93.1,12.0,0.6,0.4,0.6,-83.3,0.0,133.6,26.1,8.0,114.3,12.0,0.6,0.4,0.6,17.6,60.8,114.7,60.8,8.0,52.5,12.0,0.6,0.4,0.6,-39.8,0.0,76.5,19.2,8.0,68.1,12.0,0.6,0.4,0.6,-5.3,3.4,27.0,16.5,7.0,31.8,14.0,0.6,0.5,0.6,-4.7,0.0,19.3,1.5,7.0,16.9,14.0,0.6,0.5,0.6,309.0,746.5,2260.5,1188.0,8.0,1224.0,12.0,0.6,0.4,0.6,310.0,745.0,2260.0,1190.0,8.0,1225.0,12.0,0.6,0.4,0.6
1974,2,145.0,29.0,17.0,17.45,18.57,17.9,10.0,1.29,14.0,0.5,0.3,0.4,14.53,16.1,18.25,16.42,11.0,2.09,12.0,0.5,0.3,0.5,6.23,8.54,10.93,8.65,10.0,2.18,14.0,0.5,0.3,0.4,63.2,72.4,87.6,74.4,10.0,12.3,14.0,0.5,0.4,5.1,7.7,12.93,8.98,10.0,3.97,14.0,0.5,0.3,0.4,1.51,6.4,12.11,6.2,10.0,5.72,14.0,0.5,0.3,0.4,-5.4,1.64,5.57,0.75,10.0,5.42,14.0,0.5,0.3,0.4,1003.6,1014.6,1021.84,1013.22,10.0,8.34,14.0,0.5,0.3,0.4,3.3,5.0,7.6,5.3,10.0,2.4,12.0,0.6,0.3,0.4,9.5,42.7,157.2,72.9,10.0,79.1,14.0,0.5,0.3,0.4,-69.0,8.4,43.8,-5.1,10.0,62.1,14.0,0.5,0.3,0.4,0.1,1.2,3.61,1.64,10.0,1.86,14.0,0.5,0.3,0.4,-0.2,10.9,39.5,16.7,10.0,19.3,14.0,0.5,0.3,0.4,2.88,4.07,5.95,4.13,10.0,1.74,14.0,0.5,0.3,0.4,19.1,25.3,73.2,41.5,10.0,31.4,14.0,0.5,0.3,0.4,24.6,112.2,187.1,100.0,10.0,85.5,14.0,0.5,0.3,0.4,-74.2,25.6,90.5,15.8,10.0,81.4,14.0,0.5,0.3,0.4,13.5,60.2,78.4,48.0,10.0,41.2,14.0,0.5,0.3,0.4,-35.4,16.1,39.5,10.6,10.0,40.6,14.0,0.5,0.3,0.4,3.1,20.9,60.3,29.4,10.0,33.7,14.0,0.5,0.3,0.4,-30.5,1.2,20.0,-0.9,10.0,28.2,14.0,0.5,0.3,0.4,132.5,456.5,2172.5,1127.5,10.0,1240.0,14.0,0.5,0.3,0.4,135.0,455.0,2175.0,1130.0,10.0,1240.0,14.0,0.5,0.3,0.4
1974,2,145.0,30.0,17.0,17.8,18.73,17.96,5.0,1.23,16.0,0.2,0.4,0.5,12.32,13.0,16.78,14.4,5.0,2.9,12.0,0.2,0.5,0.5,6.6,6.89,7.07,6.83,4.0,0.29,14.0,0.0,0.5,0.4,68.7,72.8,77.7,73.2,4.0,6.8,14.0,0.0,0.4,7.79,13.1,17.35,12.95,6.0,5.3,14.0,0.3,0.4,0.5,-3.38,0.97,12.71,4.16,6.0,10.01,14.0,0.3,0.4,0.5,-13.72,-6.93,-2.46,-7.71,6.0,6.08,14.0,0.3,0.4,0.5,1012.95,1016.5,1023.46,1018.0,5.0,5.88,16.0,0.2,0.4,0.5,4.0,7.0,8.0,6.2,5.0,2.0,16.0,0.2,0.4,0.5,-36.2,21.5,191.6,86.3,6.0,179.3,14.0,0.3,0.4,0.5,-199.4,-69.4,-15.3,-101.3,6.0,103.3,14.0,0.3,0.4,0.5,3.07,5.15,6.81,4.95,4.0,2.68,14.0,0.0,0.5,0.4,32.4,46.6,97.3,64.0,4.0,47.0,14.0,0.0,0.5,0.4,5.4,6.06,6.81,6.1,4.0,1.01,14.0,0.0,0.5,0.4,54.9,87.0,111.8,83.5,4.0,36.1,14.0,0.0,0.5,0.4,-58.3,-34.4,204.5,60.6,5.0,166.8,12.0,0.2,0.5,0.5,-164.1,-79.9,-24.6,-92.0,5.0,79.1,12.0,0.2,0.5,0.5,-27.8,25.8,110.6,40.7,4.0,84.5,14.0,0.0,0.5,0.4,-79.7,-30.7,-9.5,-44.0,4.0,49.9,14.0,0.0,0.5,0.4,-27.5,21.1,83.1,27.5,4.0,65.2,14.0,0.0,0.5,0.4,-80.1,-27.8,-9.1,-43.9,4.0,52.7,14.0,0.0,0.5,0.4,486.5,2273.0,5369.5,3095.0,6.0,3167.5,14.0,0.3,0.4,0.5,485.0,2275.0,5370.0,3095.0,6.0,3165.0,14.0,0.3,0.4,0.5
1974,2,145.0,31.0,15.9,17.0,18.5,17.07,13.0,1.34,14.0,0.6,0.5,0.5,12.0,13.0,17.35,14.38,17.0,2.92,14.0,0.6,0.5,0.5,5.89,6.74,8.83,7.25,13.0,1.59,12.0,0.6,0.5,0.5,63.0,71.5,79.1,72.3,13.0,9.8,12.0,0.6,0.5,6.2,8.7,16.81,9.95,16.0,5.23,14.0,0.7,0.5,0.6,-0.37,5.13,13.09,4.8,16.0,8.79,14.0,0.7,0.5,0.6,-5.83,-3.54,2.94,-1.8,16.0,5.26,14.0,0.7,0.5,0.6,1002.47,1013.1,1017.75,1012.44,14.0,7.76,14.0,0.6,0.5,0.5,2.0,6.0,7.5,5.1,17.0,2.3,14.0,0.6,0.5,0.5,-9.8,34.4,193.6,60.6,16.0,155.3,14.0,0.7,0.5,0.6,-53.0,-22.0,18.4,-16.0,16.0,63.3,14.0,0.7,0.5,0.6,-0.02,4.0,4.64,3.12,13.0,2.75,14.0,0.6,0.5,0.5,-0.5,30.8,68.5,35.2,12.0,45.4,12.0,0.7,0.5,0.5,3.69,5.02,6.74,4.97,12.0,1.77,12.0,0.7,0.5,0.5,29.2,40.2,83.9,53.1,11.0,37.0,12.0,0.7,0.5,0.5,-1.1,65.8,176.3,72.5,16.0,116.1,14.0,0.7,0.5,0.6,-77.6,-42.7,43.1,-20.7,16.0,73.4,14.0,0.7,0.5,0.6,7.0,30.3,107.6,47.5,12.0,59.0,12.0,0.7,0.5,0.5,-44.0,-25.4,6.5,-15.9,12.0,39.1,12.0,0.7,0.5,0.5,0.3,23.4,62.0,30.2,11.0,47.2,12.0,0.7,0.5,0.5,-37.4,-19.6,12.1,-15.5,11.0,31.2,12.0,0.7,0.5,0.5,238.5,658.5,4753.0,1843.0,16.0,2579.0,14.0,0.7,0.5,0.6,240.0,660.0,4755.0,1845.0,16.0,2580.0,14.0,0.7,0.5,0.6
1974,2,145.0,32.0,16.42,17.0,17.88,17.03,30.0,0.91,16.0,0.7,0.3,0.5,9.37,13.9,16.74,13.89,36.0,3.46,14.0,0.7,0.3,0.5,4.72,6.61,9.89,7.07,31.0,2.4,14.0,0.7,0.4,0.5,60.0,73.8,87.7,72.2,31.0,13.8,14.0,0.7,0.5,5.1,12.3,16.58,11.9,32.0,5.01,14.0,0.7,0.4,0.5,-4.82,4.06,12.15,3.85,32.0,8.03,14.0,0.7,0.4,0.5,-12.12,-5.84,7.02,-3.1,32.0,9.03,14.0,0.7,0.4,0.5,1000.76,1011.0,1019.37,1010.63,31.0,7.76,14.0,0.7,0.4,0.5,5.0,7.0,8.0,6.2,36.0,1.9,14.0,0.7,0.3,0.5,-37.3,28.8,156.6,55.7,32.0,140.5,14.0,0.7,0.4,0.5,-183.7,-62.4,63.2,-55.6,32.0,129.3,14.0,0.7,0.4,0.5,0.0,2.8,6.44,3.27,30.0,3.14,16.0,0.7,0.3,0.5,0.0,28.6,103.8,46.1,27.0,51.2,14.0,0.7,0.4,0.5,1.56,5.61,7.04,4.9,27.0,2.49,14.0,0.7,0.4,0.5,15.7,57.8,106.2,59.1,27.0,46.5,14.0,0.7,0.4,0.5,-60.2,59.8,150.9,43.1,32.0,106.9,14.0,0.7,0.4,0.5,-163.7,-63.6,98.5,-29.3,32.0,128.2,14.0,0.7,0.4,0.5,-22.0,28.6,72.9,26.5,30.0,47.3,14.0,0.7,0.4,0.5,-74.6,-31.9,45.3,-13.2,30.0,73.0,14.0,0.7,0.4,0.5,-17.8,17.2,76.8,24.2,27.0,54.3,14.0,0.7,0.4,0.5,-65.6,-21.2,18.2,-20.2,27.0,42.6,14.0,0.7,0.4,0.5,132.5,1861.0,4562.0,2539.0,32.0,2594.5,14.0,0.7,0.4,0.5,135.0,1860.0,4560.0,2540.0,32.0,2595.0,14.0,0.7,0.4,0.5
1974,2,145.0,33.0,16.0,17.0,19.0,17.18,29.0,1.63,14.0,0.6,0.3,0.4,10.0,13.0,15.49,12.97,33.0,3.27,14.0,0.6,0.4,0.4,5.18,6.58,8.29,6.9,28.0,2.06,16.0,0.6,0.4,0.5,56.4,75.6,94.1,74.9,28.0,16.0,16.0,0.6,0.5,7.7,12.9,18.0,12.39,31.0,4.87,14.0,0.6,0.4,0.5,-2.02,5.1,11.77,4.71,31.0,6.85,14.0,0.6,0.4,0.5,-9.33,0.0,12.94,0.88,31.0,10.56,14.0,0.6,0.4,0.5,1009.13,1016.45,1020.6,1014.13,30.0,7.86,14.0,0.6,0.4,0.5,5.0,8.0,8.0,7.0,32.0,1.5,14.0,0.6,0.4,0.4,-9.9,58.4,167.3,74.5,31.0,108.9,14.0,0.6,0.4,0.5,-111.9,0.0,194.7,21.0,31.0,170.9,14.0,0.6,0.4,0.5,1.1,4.0,8.47,4.38,29.0,3.82,14.0,0.6,0.3,0.4,16.7,43.9,104.9,54.7,27.0,48.9,14.0,0.6,0.4,0.4,3.42,4.93,8.07,5.5,26.0,2.31,14.0,0.7,0.3,0.5,36.3,58.8,98.6,66.2,26.0,36.5,14.0,0.7,0.3,0.5,-22.2,58.5,167.3,63.9,31.0,95.1,14.0,0.6,0.4,0.5,-104.9,0.0,205.1,35.1,31.0,139.0,14.0,0.6,0.4,0.5,-10.6,34.3,83.0,40.0,28.0,55.3,16.0,0.6,0.4,0.5,-55.3,4.3,96.5,18.5,28.0,81.1,16.0,0.6,0.4,0.5,-11.3,21.1,53.3,26.0,26.0,47.1,14.0,0.7,0.3,0.5,-67.2,3.5,45.2,-6.2,26.0,54.1,14.0,0.7,0.3,0.5,456.5,2146.5,5832.0,2751.0,31.0,2676.5,14.0,0.6,0.4,0.5,455.0,2145.0,5830.0,2750.0,31.0,2675.0,14.0,0.6,0.4,0.5
1974,2,145.0,34.0,15.0,16.5,17.0,15.73,27.0,2.06,16.0,0.7,0.4,0.5,7.91,11.6,15.28,11.79,36.0,3.51,16.0,0.6,0.4,0.4,4.61,6.57,9.18,7.13,29.0,2.53,14.0,0.7,0.4,0.5,65.2,76.5,92.5,78.8,29.0,13.1,14.0,0.7,0.5,7.48,14.15,18.67,13.11,36.0,5.38,16.0,0.6,0.4,0.4,0.0,5.02,15.93,6.5,36.0,8.34,16.0,0.6,0.4,0.4,-10.44,-2.67,8.28,-1.69,36.0,9.47,16.0,0.6,0.4,0.4,1001.55,1010.0,1017.92,1009.54,36.0,8.49,16.0,0.6,0.4,0.4,6.0,7.0,8.0,6.8,33.0,2.0,16.0,0.6,0.4,0.5,0.0,44.7,265.7,112.0,36.0,161.2,16.0,0.6,0.4,0.4,-190.2,-36.8,79.7,-24.6,36.0,150.7,16.0,0.6,0.4,0.4,1.01,2.5,7.0,3.61,27.0,4.1,16.0,0.7,0.4,0.5,8.9,32.3,88.3,39.2,27.0,63.2,16.0,0.7,0.4,0.5,1.62,4.18,6.89,4.04,27.0,2.82,16.0,0.7,0.4,0.5,16.5,49.0,88.6,47.2,27.0,42.2,16.0,0.7,0.4,0.5,0.0,57.1,189.9,81.2,36.0,111.3,16.0,0.6,0.4,0.4,-104.7,-33.4,123.9,-4.7,36.0,119.6,16.0,0.6,0.4,0.4,0.0,31.5,106.4,51.3,29.0,73.6,14.0,0.7,0.4,0.5,-60.3,-9.9,76.9,2.1,29.0,66.6,14.0,0.7,0.4,0.5,-9.1,9.1,55.6,19.6,27.0,43.6,16.0,0.7,0.4,0.5,-47.2,-3.7,24.2,-12.7,27.0,40.5,16.0,0.7,0.4,0.5,419.5,2836.0,6537.0,3370.0,36.0,3289.0,16.0,0.6,0.4,0.4,420.0,2835.0,6535.0,3370.0,36.0,3290.0,16.0,0.6,0.4,0.4
1974,2,145.0,35.0,16.0,16.7,18.13,17.04,29.0,1.32,14.0,0.6,0.3,0.4,7.02,8.9,14.46,10.0,33.0,3.41,14.0,0.7,0.3,0.4,3.97,4.66,8.07,5.39,26.0,1.97,14.0,0.7,0.4,0.4,55.1,73.5,87.1,71.7,27.0,15.3,14.0,0.7,0.4,7.34,13.4,19.52,13.5,31.0,6.26,14.0,0.7,0.4,0.4,-7.96,0.0,10.38,1.01,31.0,9.85,14.0,0.7,0.4,0.4,-15.79,-6.11,9.44,-4.69,31.0,10.33,14.0,0.7,0.4,0.4,1003.11,1012.0,1020.2,1011.46,30.0,8.88,14.0,0.7,0.4,0.4,5.8,8.0,8.0,7.0,31.0,1.5,14.0,0.7,0.3,0.4,-92.0,0.0,163.3,39.3,31.0,192.9,14.0,0.7,0.4,0.4,-271.3,-53.2,161.2,-68.2,31.0,198.2,14.0,0.7,0.4,0.4,2.94,8.0,9.95,7.36,29.0,3.49,14.0,0.6,0.3,0.4,38.8,70.0,135.5,80.9,27.0,46.7,14.0,0.6,0.4,0.4,3.26,7.17,8.59,6.75,25.0,2.43,14.0,0.6,0.4,0.4,35.7,65.8,114.6,79.7,25.0,48.2,14.0,0.6,0.4,0.4,-71.5,0.0,139.1,20.5,31.0,121.9,14.0,0.7,0.4,0.4,-129.0,-50.7,145.7,-28.4,31.0,128.6,14.0,0.7,0.4,0.4,-49.4,-3.3,37.0,-4.2,26.0,56.0,14.0,0.7,0.4,0.4,-66.7,-26.0,2.9,-23.4,26.0,69.3,14.0,0.7,0.4,0.4,-57.4,-10.3,26.1,-10.2,25.0,48.0,14.0,0.6,0.4,0.4,-114.3,-56.3,4.3,-52.2,25.0,60.7,14.0,0.6,0.4,0.4,404.5,2406.0,7442.5,4042.5,31.0,4588.0,14.0,0.7,0.4,0.4,405.0,2405.0,7440.0,4040.0,31.0,4590.0,14.0,0.7,0.4,0.4
1974,2,145.0,36.0,15.35,16.2,17.0,16.26,11.0,1.0,16.0,0.5,0.3,0.2,4.45,5.4,11.67,7.42,13.0,3.97,14.0,0.5,0.3,0.3,3.84,4.66,7.67,5.41,10.0,2.03,14.0,0.6,0.3,0.3,70.5,77.7,83.5,77.3,10.0,9.3,14.0,0.6,0.3,8.85,11.8,13.9,12.43,11.0,4.67,12.0,0.6,0.3,0.3,1.7,4.41,12.22,5.82,11.0,5.99,12.0,0.6,0.3,0.3,-12.85,-6.89,3.6,-4.91,11.0,9.59,12.0,0.6,0.3,0.3,1006.3,1013.5,1020.83,1013.01,11.0,6.47,12.0,0.6,0.3,0.3,4.0,7.0,8.0,6.1,13.0,2.3,14.0,0.5,0.3,0.3,17.7,56.9,155.5,90.1,11.0,117.2,12.0,0.6,0.3,0.3,-171.2,-58.2,42.4,-75.8,11.0,166.4,12.0,0.6,0.3,0.3,3.59,9.1,12.4,8.41,11.0,4.32,16.0,0.5,0.3,0.2,36.0,84.6,131.6,82.0,9.0,53.5,14.0,0.6,0.3,0.3,3.48,6.54,7.97,5.86,9.0,2.28,14.0,0.6,0.3,0.3,41.1,59.1,85.9,62.7,9.0,27.0,14.0,0.6,0.3,0.3,9.8,32.8,73.3,41.5,11.0,45.5,12.0,0.6,0.3,0.3,-66.7,-31.7,54.0,-6.8,11.0,91.5,12.0,0.6,0.3,0.3,8.4,29.0,59.6,32.6,10.0,30.9,14.0,0.6,0.3,0.3,-45.5,-20.6,48.2,-6.7,10.0,60.3,14.0,0.6,0.3,0.3,7.2,17.6,63.3,28.6,9.0,35.5,14.0,0.6,0.3,0.3,-57.5,-31.1,15.6,-30.0,9.0,44.2,14.0,0.6,0.3,0.3,700.0,1643.0,2685.5,2801.0,11.0,4148.5,12.0,0.6,0.3,0.3,700.0,1645.0,2685.0,2800.0,11.0,4150.0,12.0,0.6,0.3,0.3
1974,2,145.0,37.0,8.59,9.8,13.83,10.94,11.0,3.34,14.0,0.3,0.2,0.4,3.0,5.0,7.1,5.16,13.0,2.06,14.0,0.2,0.3,0.4,2.89,3.26,3.79,3.46,9.0,0.84,14.0,0.1,0.3,0.5,60.6,68.1,73.5,68.4,10.0,11.1,12.0,0.1,0.4,9.15,12.7,17.13,13.55,12.0,5.72,12.0,0.2,0.3,0.4,-2.24,8.42,13.57,6.03,12.0,10.68,12.0,0.2,0.3,0.4,-9.98,-5.21,1.25,-5.04,12.0,7.19,12.0,0.2,0.3,0.4,1001.55,1016.05,1018.45,1013.13,12.0,7.65,14.0,0.3,0.2,0.5,2.8,7.0,8.0,5.2,13.0,2.9,14.0,0.2,0.3,0.4,-38.4,76.0,232.5,103.9,12.0,214.4,12.0,0.2,0.3,0.4,-130.0,-65.7,18.0,-80.7,12.0,162.2,12.0,0.2,0.3,0.4,3.0,4.9,8.83,5.52,11.0,4.09,14.0,0.3,0.2,0.4,43.2,61.1,118.9,75.9,10.0,67.5,14.0,0.2,0.2,0.4,3.65,4.01,5.9,4.53,8.0,2.31,14.0,0.1,0.2,0.4,29.7,44.6,85.8,57.9,8.0,44.1,14.0,0.1,0.2,0.4,-15.3,35.6,65.1,21.5,12.0,64.5,12.0,0.2,0.3,0.4,-46.2,-22.7,11.3,-13.9,12.0,36.9,12.0,0.2,0.3,0.4,-34.7,24.2,47.9,12.0,9.0,45.2,14.0,0.1,0.3,0.5,-38.7,-18.0,-11.4,-20.0,9.0,22.1,14.0,0.1,0.3,0.5,-9.0,31.6,73.2,29.8,8.0,52.1,14.0,0.1,0.2,0.4,-43.7,-22.3,-15.0,-31.5,8.0,30.2,14.0,0.1,0.2,0.4,767.5,2158.5,5026.5,3939.0,12.0,6133.5,12.0,0.2,0.3,0.4,765.0,2160.0,5025.0,3940.0,12.0,6135.0,12.0,0.2,0.3,0.4
1974,2,145.0,38.0,9.77,11.0,13.46,11.23,17.0,2.86,14.0,0.5,0.4,0.3,3.43,4.5,7.5,5.16,19.0,2.19,14.0,0.5,0.4,0.3,3.02,3.77,5.77,4.16,15.0,1.3,12.0,0.5,0.5,0.3,62.5,70.1,88.0,74.5,15.0,12.6,12.0,0.5,0.3,3.95,8.45,11.8,8.35,18.0,4.27,14.0,0.4,0.5,0.3,-7.61,0.13,7.1,-0.53,18.0,7.13,14.0,0.4,0.5,0.3,-8.92,-5.12,1.24,-4.46,18.0,4.46,14.0,0.4,0.5,0.3,1009.69,1016.25,1020.1,1015.01,18.0,5.66,14.0,0.4,0.5,0.3,4.7,8.0,8.0,6.6,18.0,2.2,14.0,0.5,0.4,0.3,-73.9,-0.1,56.3,-7.1,18.0,86.6,14.0,0.4,0.5,0.3,-91.9,-46.5,3.1,-48.9,18.0,62.9,14.0,0.4,0.5,0.3,2.0,6.7,9.96,6.17,17.0,3.48,14.0,0.5,0.4,0.3,7.6,58.7,106.7,59.9,16.0,44.3,14.0,0.5,0.4,0.3,2.21,4.65,6.21,4.5,14.0,1.74,14.0,0.5,0.5,0.3,9.8,42.8,64.0,43.1,14.0,24.6,14.0,0.5,0.5,0.3,-39.3,0.9,29.0,-4.1,18.0,32.1,14.0,0.4,0.5,0.3,-34.3,-20.2,6.8,-17.3,18.0,18.5,14.0,0.4,0.5,0.3,-42.1,-4.5,23.8,-5.0,15.0,29.2,12.0,0.5,0.5,0.3,-27.3,-19.6,7.0,-15.5,15.0,16.4,12.0,0.5,0.5,0.3,-45.8,-8.3,33.3,-8.9,14.0,36.2,14.0,0.5,0.5,0.3,-53.9,-23.0,2.8,-23.9,14.0,24.3,14.0,0.5,0.5,0.3,62.0,605.0,1643.0,1023.0,18.0,1363.0,14.0,0.4,0.5,0.3,60.0,605.0,1645.0,1025.0,18.0,1365.0,14.0,0.4,0.5,0.3
1974,2,145.0,39.0,7.53,8.0,9.71,8.65,11.0,1.49,20.0,0.5,0.2,0.4,2.0,2.8,4.25,3.08,12.0,1.11,18.0,0.4,0.3,0.3,3.01,3.36,4.25,3.53,7.0,0.65,16.0,0.1,0.3,0.4,63.7,69.3,85.7,74.0,7.0,13.6,16.0,0.1,0.4,4.52,8.7,13.14,9.56,7.0,5.06,16.0,0.1,0.4,0.3,-1.89,8.57,10.07,5.0,7.0,7.69,16.0,0.1,0.4,0.3,-5.79,0.0,3.23,-1.23,7.0,6.48,16.0,0.1,0.4,0.3,1007.66,1014.5,1021.5,1012.21,9.0,12.4,16.0,0.2,0.3,0.4,4.0,8.0,8.0,6.9,12.0,1.8,18.0,0.4,0.3,0.3,-10.3,74.5,133.2,69.4,7.0,104.8,16.0,0.1,0.4,0.3,-67.6,0.0,29.8,-20.4,7.0,97.3,16.0,0.1,0.4,0.3,4.62,5.5,6.88,5.47,11.0,1.76,20.0,0.5,0.2,0.4,25.4,45.4,71.6,46.5,6.0,23.5,18.0,0.2,0.3,0.4,3.33,3.56,3.94,3.79,7.0,0.73,16.0,0.1,0.3,0.4,26.1,39.2,41.9,34.7,5.0,10.9,18.0,0.0,0.3,0.3,-5.0,27.6,39.7,16.3,7.0,26.1,16.0,0.1,0.4,0.3,-17.9,0.0,11.5,0.0,7.0,19.2,16.0,0.1,0.4,0.3,-13.1,28.8,35.7,14.1,5.0,29.1,18.0,0.0,0.3,0.3,-14.5,5.7,19.2,4.2,5.0,20.8,18.0,0.0,0.3,0.3,-19.8,30.2,31.7,9.0,5.0,33.6,18.0,0.0,0.3,0.3,-17.8,5.4,19.3,2.0,5.0,19.8,18.0,0.0,0.3,0.3,94.0,658.5,2323.0,1536.0,7.0,2031.5,16.0,0.1,0.4,0.3,95.0,660.0,2325.0,1535.0,7.0,2030.0,16.0,0.1,0.4,0.3
1974,2,145.0,40.0,7.0,7.8,8.08,7.79,15.0,0.86,18.0,0.3,0.4,0.3,0.0,2.0,3.82,2.05,15.0,2.33,18.0,0.3,0.4,0.3,2.84,3.34,3.75,3.35,10.0,0.51,16.0,0.2,0.4,0.3,63.9,75.2,87.9,75.5,10.0,11.4,16.0,0.2,0.3,6.27,9.4,17.81,11.55,16.0,5.58,18.0,0.3,0.5,0.4,0.0,7.35,13.05,7.48,16.0,6.9,18.0,0.3,0.5,0.4,-10.5,-3.88,4.18,-4.18,16.0,6.89,18.0,0.3,0.5,0.4,1009.11,1014.1,1019.24,1013.54,16.0,7.48,18.0,0.3,0.5,0.4,5.0,7.0,8.0,6.4,14.0,2.1,18.0,0.4,0.4,0.3,0.0,62.4,216.4,116.3,16.0,142.8,18.0,0.3,0.5,0.4,-184.5,-44.6,24.0,-67.0,16.0,104.0,18.0,0.3,0.5,0.4,4.43,5.5,8.55,5.92,13.0,1.99,16.0,0.3,0.4,0.3,25.9,52.6,117.3,73.6,12.0,55.1,16.0,0.3,0.4,0.3,2.49,3.15,3.66,3.09,10.0,0.55,16.0,0.2,0.4,0.3,17.6,31.2,47.6,35.2,10.0,22.2,16.0,0.2,0.4,0.3,-9.1,5.6,22.9,5.9,14.0,16.1,16.0,0.3,0.4,0.4,-20.9,-3.3,14.3,-2.9,14.0,16.6,16.0,0.3,0.4,0.4,-1.5,22.9,49.3,24.1,10.0,26.3,16.0,0.2,0.4,0.3,-23.6,-9.4,13.7,-7.3,10.0,24.6,16.0,0.2,0.4,0.3,-1.5,20.2,42.5,24.2,10.0,27.2,16.0,0.2,0.4,0.3,-29.8,-10.0,13.2,-8.7,10.0,19.8,16.0,0.2,0.4,0.3,256.5,835.0,5652.0,2645.0,16.0,3385.0,18.0,0.3,0.5,0.4,255.0,835.0,5650.0,2645.0,16.0,3385.0,18.0,0.3,0.5,0.4
1974,2,145.0,41.0,4.0,6.65,7.12,5.77,16.0,2.26,10.0,0.3,0.4,0.6,-1.46,0.0,1.2,-0.08,17.0,1.77,10.0,0.2,0.3,0.6,2.49,3.13,3.72,3.16,10.0,0.76,10.0,0.1,0.5,0.6,71.2,85.7,96.5,83.4,10.0,12.8,10.0,0.1,0.6,4.99,13.0,20.01,12.92,13.0,6.87,12.0,0.1,0.4,0.6,-2.2,6.84,12.21,4.38,13.0,7.79,12.0,0.1,0.4,0.6,-18.8,-4.45,2.57,-7.55,13.0,9.21,12.0,0.1,0.4,0.6,992.09,1006.1,1019.19,1004.94,17.0,12.2,10.0,0.2,0.3,0.6,4.4,7.0,8.0,6.3,16.0,2.4,10.0,0.3,0.4,0.6,-22.2,63.2,232.0,82.3,13.0,123.4,12.0,0.1,0.4,0.6,-376.2,-57.8,14.0,-145.5,13.0,180.6,12.0,0.1,0.4,0.6,2.12,6.8,8.0,5.73,16.0,2.85,10.0,0.3,0.4,0.6,15.3,82.3,161.6,86.0,12.0,67.5,12.0,0.1,0.4,0.6,2.21,3.18,3.68,2.88,10.0,1.08,10.0,0.1,0.5,0.6,8.7,56.7,71.4,44.4,9.0,29.8,10.0,0.0,0.5,0.6,-13.9,-4.9,0.6,-6.1,13.0,16.2,12.0,0.1,0.4,0.6,-0.9,5.8,19.1,6.5,13.0,12.5,12.0,0.1,0.4,0.6,-0.9,19.7,38.4,19.6,9.0,17.2,10.0,0.0,0.5,0.6,-53.6,-46.8,-6.6,-32.3,9.0,26.5,10.0,0.0,0.5,0.6,-3.4,23.7,33.7,15.8,9.0,17.6,10.0,0.0,0.5,0.6,-67.1,-44.8,-6.9,-39.1,9.0,28.2,10.0,0.0,0.5,0.6,126.0,2197.0,8011.5,3803.5,13.0,3803.5,12.0,0.1,0.4,0.6,125.0,2195.0,8010.0,3805.0,13.0,3805.0,12.0,0.1,0.4,0.6
1974,2,145.0,42.0,0.44,1.8,3.29,1.97,57.0,1.75,14.0,0.6,0.3,0.5,-4.73,-1.0,2.0,-1.37,62.0,2.82,14.0,0.5,0.4,0.5,1.9,1.9,1.9,1.9,1.0,0.0,8.0,1.0,0.8,0.5,73.5,73.5,73.5,73.5,1.0,0.0,8.0,1.0,0.5,2.1,6.2,10.8,6.78,57.0,4.33,14.0,0.5,0.4,0.6,-1.62,1.35,8.23,2.64,57.0,5.37,14.0,0.5,0.4,0.6,-6.2,-1.35,4.53,-0.85,57.0,5.37,14.0,0.5,0.4,0.6,1006.71,1016.3,1022.23,1014.37,62.0,9.13,14.0,0.5,0.4,0.5,0.0,4.0,8.0,3.9,55.0,3.1,14.0,0.6,0.4,0.5,-6.8,5.7,77.6,33.2,57.0,68.5,14.0,0.5,0.4,0.6,-45.3,-2.8,40.0,-7.1,57.0,59.7,14.0,0.5,0.4,0.6,0.07,2.9,6.45,3.25,56.0,2.87,14.0,0.6,0.3,0.5,0.0,16.4,41.0,20.3,50.0,21.9,16.0,0.6,0.4,0.5,2.16,2.16,2.16,2.16,1.0,0.0,8.0,1.0,0.8,0.5,13.4,13.4,13.4,13.4,1.0,0.0,8.0,1.0,0.8,0.5,-10.1,0.0,13.4,0.6,55.0,14.2,14.0,0.6,0.4,0.6,-0.6,2.7,23.0,7.7,55.0,14.4,14.0,0.6,0.4,0.6,-2.0,-2.0,-2.0,-2.0,1.0,0.0,8.0,1.0,0.8,0.5,-11.6,-11.6,-11.6,-11.6,1.0,0.0,8.0,1.0,0.8,0.5,-2.3,-2.3,-2.3,-2.3,1.0,0.0,8.0,1.0,0.8,0.5,-13.2,-13.2,-13.2,-13.2,1.0,0.0,8.0,1.0,0.8,0.5,9.5,238.5,1259.5,724.0,57.0,1253.5,14.0,0.5,0.4,0.6,10.0,240.0,1260.0,725.0,57.0,1255.0,14.0,0.5,0.4,0.6
1974,2,145.0,43.0,0.02,1.3,2.66,1.64,16.0,2.16,14.0,0.4,0.7,0.1,-4.51,-3.2,0.66,-1.85,19.0,3.85,14.0,0.5,0.7,0.1,3.76,3.76,3.76,3.76,1.0,0.0,28.0,1.0,0.9,0.0,57.0,57.0,57.0,57.0,1.0,0.0,28.0,1.0,0.0,5.87,8.7,17.0,9.89,18.0,5.96,14.0,0.5,0.7,0.1,0.5,6.51,13.16,6.77,18.0,6.47,14.0,0.5,0.7,0.1,-5.13,-2.05,3.6,-2.16,18.0,6.62,14.0,0.5,0.7,0.1,995.61,1007.3,1021.23,1008.31,19.0,11.32,14.0,0.5,0.7,0.1,1.5,5.0,8.0,4.9,17.0,3.1,14.0,0.5,0.7,0.2,1.1,44.0,200.4,92.2,18.0,121.9,14.0,0.5,0.7,0.1,-45.1,-8.6,48.7,-34.7,18.0,115.3,14.0,0.5,0.7,0.1,0.27,3.05,6.06,3.0,16.0,3.48,14.0,0.4,0.7,0.1,0.8,26.1,71.1,28.0,15.0,38.3,14.0,0.5,0.7,0.1,2.85,2.85,2.85,2.85,1.0,0.0,28.0,1.0,0.9,0.0,20.5,20.5,20.5,20.5,1.0,0.0,28.0,1.0,0.9,0.0,-50.8,-27.0,0.0,-23.5,18.0,22.1,14.0,0.5,0.7,0.1,-8.8,0.0,15.2,-0.1,18.0,25.0,14.0,0.5,0.7,0.1,-20.8,-20.8,-20.8,-20.8,1.0,0.0,28.0,1.0,0.9,0.0,-17.4,-17.4,-17.4,-17.4,1.0,0.0,28.0,1.0,0.9,0.0,-15.7,-15.7,-15.7,-15.7,1.0,0.0,28.0,1.0,0.9,0.0,-13.2,-13.2,-13.2,-13.2,1.0,0.0,28.0,1.0,0.9,0.0,206.5,658.5,4913.0,2067.5,18.0,3089.5,14.0,0.5,0.7,0.1,205.0,660.0,4915.0,2065.0,18.0,3090.0,14.0,0.5,0.7,0.1
1974,2,145.0,44.0,,,,,,,,,,,,,,,,,,,,,,,,,,,,,,,,,,,,,,,,9.0,11.8,14.63,12.34,9.0,4.03,4.0,0.4,0.8,0.0,5.36,6.3,9.23,7.47,9.0,2.76,4.0,0.4,0.8,0.0,-12.62,-9.04,-6.89,-9.72,9.0,3.3,4.0,0.4,0.8,0.0,1015.87,1019.6,1021.21,1018.88,9.0,2.53,4.0,0.4,0.8,0.0,,,,,,,,,,,,,,,,,,,,,,,,,,,,,,,,,,,,,,,,,,,,,,,,,,,,,,,,,,,,,,,,,,,,,,,,,,,,,,,,,,,,,,,,,,,,,,,,,,,,,,,,,,,,,,,,,,,,,,,,,,,,,,,,,,,,,,,,,,,,,,,,,,,,,,
1974,2,145.0,46.0,,,,,,,,,,,,,,,,,,,,,,,,,,,,,,,,,,,,,,,,10.8,10.8,10.8,10.8,1.0,0.0,28.0,0.0,0.4,0.8,1.88,1.88,1.88,1.88,1.0,0.0,28.0,0.0,0.4,0.8,-10.64,-10.64,-10.64,-10.64,1.0,0.0,28.0,0.0,0.4,0.8,1025.0,1025.0,1025.0,1025.0,1.0,0.0,28.0,0.0,0.4,0.8,,,,,,,,,,,,,,,,,,,,,,,,,,,,,,,,,,,,,,,,,,,,,,,,,,,,,,,,,,,,,,,,,,,,,,,,,,,,,,,,,,,,,,,,,,,,,,,,,,,,,,,,,,,,,,,,,,,,,,,,,,,,,,,,,,,,,,,,,,,,,,,,,,,,,,
1974,2,145.0,51.0,,,,,,,,,,,,,,,,,,,,,,,,,,,,,,,,,,,,,,,,5.1,5.1,5.1,5.1,1.0,0.0,28.0,1.0,0.5,0.7,3.28,3.28,3.28,3.28,1.0,0.0,28.0,1.0,0.5,0.7,-3.91,-3.91,-3.91,-3.91,1.0,0.0,28.0,1.0,0.5,0.7,1001.0,1001.0,1001.0,1001.0,1.0,0.0,28.0,1.0,0.5,0.7,,,,,,,,,,,,,,,,,,,,,,,,,,,,,,,,,,,,,,,,,,,,,,,,,,,,,,,,,,,,,,,,,,,,,,,,,,,,,,,,,,,,,,,,,,,,,,,,,,,,,,,,,,,,,,,,,,,,,,,,,,,,,,,,,,,,,,,,,,,,,,,,,,,,,,
1974,2,145.0,52.0,,,,,,,,,,,,,,,,,,,,,,,,,,,,,,,,,,,,,,,,9.96,10.3,10.64,10.3,2.0,0.71,12.0,0.5,0.6,0.8,-3.38,-2.7,-2.02,-2.7,2.0,1.41,12.0,0.5,0.6,0.8,-7.01,-0.25,6.51,-0.25,2.0,14.0,12.0,0.5,0.6,0.8,1001.6,1003.75,1005.9,1003.75,2.0,4.45,12.0,0.5,0.6,0.8,,,,,,,,,,,,,,,,,,,,,,,,,,,,,,,,,,,,,,,,,,,,,,,,,,,,,,,,,,,,,,,,,,,,,,,,,,,,,,,,,,,,,,,,,,,,,,,,,,,,,,,,,,,,,,,,,,,,,,,,,,,,,,,,,,,,,,,,,,,,,,,,,,,,,,
1974,2,145.0,53.0,,,,,,,,,,,,,,,,,,,,,,,,,,,,,,,,,,,,,,,,14.9,14.9,14.9,14.9,1.0,0.0,24.0,1.0,0.6,0.3,14.9,14.9,14.9,14.9,1.0,0.0,24.0,1.0,0.6,0.3,0.0,0.0,0.0,0.0,1.0,0.0,24.0,1.0,0.6,0.3,998.6,998.6,998.6,998.6,1.0,0.0,24.0,1.0,0.6,0.3,,,,,,,,,,,,,,,,,,,,,,,,,,,,,,,,,,,,,,,,,,,,,,,,,,,,,,,,,,,,,,,,,,,,,,,,,,,,,,,,,,,,,,,,,,,,,,,,,,,,,,,,,,,,,,,,,,,,,,,,,,,,,,,,,,,,,,,,,,,,,,,,,,,,,,
1974,2,145.0,54.0,,,,,,,,,,,,,,,,,,,,,,,,,,,,,,,,,,,,,,,,11.8,11.8,11.8,11.8,1.0,0.0,2.0,0.0,0.8,0.7,-10.22,-10.22,-10.22,-10.22,1.0,0.0,2.0,0.0,0.8,0.7,-5.9,-5.9,-5.9,-5.9,1.0,0.0,2.0,0.0,0.8,0.7,1016.0,1016.0,1016.0,1016.0,1.0,0.0,2.0,0.0,0.8,0.7,,,,,,,,,,,,,,,,,,,,,,,,,,,,,,,,,,,,,,,,,,,,,,,,,,,,,,,,,,,,,,,,,,,,,,,,,,,,,,,,,,,,,,,,,,,,,,,,,,,,,,,,,,,,,,,,,,,,,,,,,,,,,,,,,,,,,,,,,,,,,,,,,,,,,,
1974,2,145.0,84.0,,,,,,,,,,,,,,,,,,,,,,,,,,,,,,,,,,,,,,,,4.1,5.1,6.2,5.14,8.0,1.35,22.0,0.0,0.1,0.6,-4.66,-2.89,4.27,-1.21,8.0,4.52,22.0,0.0,0.1,0.6,-3.91,-2.89,-2.04,-2.69,8.0,1.29,22.0,0.0,0.1,0.6,1037.5,1037.5,1037.5,1037.5,1.0,0.0,2.0,0.0,0.0,0.7,,,,,,,,,,,,,,,,,,,,,,,,,,,,,,,,,,,,,,,,,,,,,,,,,,,,,,,,,,,,,,,,,,,,,,,,,,,,,,,,,,,,,,,,,,,,,,,,,,,,,,,,,,,,,,,,,,,,,,,,,,,,,,,,,,,,,,,,,,,,,,,,,,,,,,
1974,2,146.0,-57.0,2.4,2.4,2.4,2.4,1.0,0.0,8.0,1.0,0.9,1.0,4.3,4.3,4.3,4.3,1.0,0.0,8.0,1.0,0.9,1.0,5.11,5.11,5.11,5.11,1.0,0.0,8.0,1.0,0.9,1.0,97.9,97.9,97.9,97.9,1.0,0.0,8.0,1.0,1.0,13.9,13.9,13.9,13.9,1.0,0.0,8.0,1.0,0.9,1.0,10.65,10.65,10.65,10.65,1.0,0.0,8.0,1.0,0.9,1.0,-8.93,-8.93,-8.93,-8.93,1.0,0.0,8.0,1.0,0.9,1.0,996.9,996.9,996.9,996.9,1.0,0.0,8.0,1.0,0.9,1.0,8.0,8.0,8.0,8.0,1.0,0.0,8.0,1.0,0.9,1.0,148.0,148.0,148.0,148.0,1.0,0.0,8.0,1.0,0.9,1.0,-124.2,-124.2,-124.2,-124.2,1.0,0.0,8.0,1.0,0.9,1.0,-1.9,-1.9,-1.9,-1.9,1.0,0.0,8.0,1.0,0.9,1.0,-26.4,-26.4,-26.4,-26.4,1.0,0.0,8.0,1.0,0.9,1.0,-0.55,-0.55,-0.55,-0.55,1.0,0.0,8.0,1.0,0.9,1.0,-7.6,-7.6,-7.6,-7.6,1.0,0.0,8.0,1.0,0.9,1.0,45.8,45.8,45.8,45.8,1.0,0.0,8.0,1.0,0.9,1.0,-38.4,-38.4,-38.4,-38.4,1.0,0.0,8.0,1.0,0.9,1.0,54.4,54.4,54.4,54.4,1.0,0.0,8.0,1.0,0.9,1.0,-45.7,-45.7,-45.7,-45.7,1.0,0.0,8.0,1.0,0.9,1.0,-5.8,-5.8,-5.8,-5.8,1.0,0.0,8.0,1.0,0.9,1.0,4.9,4.9,4.9,4.9,1.0,0.0,8.0,1.0,0.9,1.0,2685.5,2685.5,2685.5,2685.5,1.0,0.0,8.0,1.0,0.9,1.0,2685.0,2685.0,2685.0,2685.0,1.0,0.0,8.0,1.0,0.9,1.0
1974,2,146.0,-47.0,,,,,,,,,,,,,,,,,,,,,,,,,,,,,,,,,,,,,,,,2.1,2.1,2.1,2.1,1.0,0.0,4.0,1.0,0.4,0.4,1.61,1.61,1.61,1.61,1.0,0.0,4.0,1.0,0.4,0.4,-1.35,-1.35,-1.35,-1.35,1.0,0.0,4.0,1.0,0.4,0.4,1020.4,1020.4,1020.4,1020.4,1.0,0.0,4.0,1.0,0.4,0.4,,,,,,,,,,,,,,,,,,,,,,,,,,,,,,,,,,,,,,,,,,,,,,,,,,,,,,,,,,,,,,,,,,,,,,,,,,,,,,,,,,,,,,,,,,,,,,,,,,,,,,,,,,,,,,,,,,,,,,,,,,,,,,,,,,,,,,,,,,,,,,,,,,,,,,
1974,2,146.0,-45.0,,,,,,,,,,,,,,,,,,,,,,,,,,,,,,,,,,,,,,,,3.1,3.1,3.1,3.1,1.0,0.0,28.0,0.0,0.0,1.0,-1.06,-1.06,-1.06,-1.06,1.0,0.0,28.0,0.0,0.0,1.0,-2.91,-2.91,-2.91,-2.91,1.0,0.0,28.0,0.0,0.0,1.0,1021.9,1021.9,1021.9,1021.9,1.0,0.0,28.0,0.0,0.0,1.0,,,,,,,,,,,,,,,,,,,,,,,,,,,,,,,,,,,,,,,,,,,,,,,,,,,,,,,,,,,,,,,,,,,,,,,,,,,,,,,,,,,,,,,,,,,,,,,,,,,,,,,,,,,,,,,,,,,,,,,,,,,,,,,,,,,,,,,,,,,,,,,,,,,,,,
1974,2,146.0,-41.0,,,,,,,,,,,,,,,,,,,,,,,,,,,,,,,,,,,,,,,,6.7,6.7,6.7,6.7,1.0,0.0,10.0,1.0,0.1,0.8,-6.3,-6.3,-6.3,-6.3,1.0,0.0,10.0,1.0,0.1,0.8,-2.29,-2.29,-2.29,-2.29,1.0,0.0,10.0,1.0,0.1,0.8,1022.5,1022.5,1022.5,1022.5,1.0,0.0,10.0,1.0,0.1,0.8,,,,,,,,,,,,,,,,,,,,,,,,,,,,,,,,,,,,,,,,,,,,,,,,,,,,,,,,,,,,,,,,,,,,,,,,,,,,,,,,,,,,,,,,,,,,,,,,,,,,,,,,,,,,,,,,,,,,,,,,,,,,,,,,,,,,,,,,,,,,,,,,,,,,,,
1974,2,146.0,-40.0,17.5,18.0,19.07,18.34,7.0,1.08,24.0,0.6,0.3,0.8,15.98,17.8,18.48,17.64,7.0,1.51,24.0,0.6,0.3,0.8,9.19,9.85,10.85,10.36,7.0,1.65,24.0,0.6,0.3,0.8,75.5,80.2,94.4,82.9,7.0,8.6,24.0,0.6,0.8,4.48,5.1,9.35,6.1,7.0,2.88,24.0,0.6,0.3,0.8,-5.06,3.35,4.23,0.54,7.0,6.54,24.0,0.6,0.3,0.8,1.29,1.74,2.47,2.16,7.0,1.78,24.0,0.6,0.3,0.8,1017.97,1019.1,1021.01,1019.13,7.0,2.04,24.0,0.6,0.3,0.8,3.0,7.0,7.0,5.3,7.0,2.5,24.0,0.6,0.3,0.8,-28.3,18.3,25.4,1.5,7.0,58.1,24.0,0.6,0.3,0.8,2.7,10.6,16.2,12.4,7.0,12.7,24.0,0.6,0.3,0.8,-0.95,0.1,2.36,0.7,7.0,1.94,24.0,0.6,0.3,0.8,-4.2,0.5,23.5,6.4,7.0,13.0,24.0,0.6,0.3,0.8,2.02,2.94,4.22,2.68,7.0,1.86,24.0,0.6,0.3,0.8,10.4,14.0,33.3,19.4,7.0,15.0,24.0,0.6,0.3,0.8,-82.0,51.9,75.6,9.3,7.0,117.3,24.0,0.6,0.3,0.8,25.7,29.7,43.3,36.6,7.0,27.2,24.0,0.6,0.3,0.8,-53.6,29.2,41.2,1.7,7.0,67.1,24.0,0.6,0.3,0.8,15.2,18.6,23.7,21.0,7.0,15.1,24.0,0.6,0.3,0.8,-11.9,11.7,16.7,1.6,7.0,22.4,24.0,0.6,0.3,0.8,-0.1,4.0,8.0,7.0,7.0,10.0,24.0,0.6,0.3,0.8,93.0,132.5,818.0,362.0,7.0,418.5,24.0,0.6,0.3,0.8,95.0,135.0,820.0,360.0,7.0,420.0,24.0,0.6,0.3,0.8
1974,2,146.0,-19.0,27.23,27.9,28.94,27.94,8.0,0.88,14.0,0.9,0.6,0.6,26.88,28.75,29.39,28.33,8.0,1.23,14.0,0.9,0.6,0.6,17.59,18.67,19.05,18.46,8.0,0.95,14.0,0.9,0.6,0.6,68.7,77.2,85.6,76.8,8.0,8.1,14.0,0.9,0.6,4.21,5.1,6.14,5.08,8.0,1.27,14.0,0.9,0.6,0.6,-5.75,-4.16,-2.66,-4.2,8.0,1.58,14.0,0.9,0.6,0.6,1.18,2.34,3.26,2.31,8.0,1.53,14.0,0.9,0.6,0.6,1007.71,1009.0,1010.11,1008.33,8.0,2.29,14.0,0.9,0.6,0.6,4.0,5.5,6.0,5.0,8.0,1.6,14.0,0.9,0.6,0.6,-35.0,-21.2,-11.4,-22.7,8.0,12.7,14.0,0.9,0.6,0.6,3.9,12.9,16.3,11.9,8.0,8.6,14.0,0.9,0.6,0.6,-1.6,-0.15,0.44,-0.39,8.0,1.35,14.0,0.9,0.6,0.6,-10.4,-0.9,2.5,-2.3,8.0,7.3,14.0,0.9,0.6,0.6,2.99,5.67,6.59,5.25,8.0,1.8,14.0,0.9,0.6,0.6,16.9,23.8,36.7,25.9,8.0,9.9,14.0,0.9,0.6,0.6,-155.4,-116.3,-73.4,-118.9,8.0,45.4,14.0,0.9,0.6,0.6,34.6,62.2,95.9,65.1,8.0,43.4,14.0,0.9,0.6,0.6,-109.8,-75.6,-49.7,-77.7,8.0,29.7,14.0,0.9,0.6,0.6,20.7,44.5,58.4,42.4,8.0,28.4,14.0,0.9,0.6,0.6,-25.6,-17.9,-14.5,-20.8,8.0,8.7,14.0,0.9,0.6,0.6,5.8,11.8,20.8,13.0,8.0,10.1,14.0,0.9,0.6,0.6,76.0,132.5,232.5,151.0,8.0,90.0,14.0,0.9,0.6,0.6,75.0,135.0,230.0,150.0,8.0,90.0,14.0,0.9,0.6,0.6
1974,2,146.0,-18.0,27.0,28.45,29.0,28.15,6.0,0.97,20.0,1.0,0.2,0.4,27.36,28.45,29.75,28.55,4.0,1.76,18.0,1.0,0.2,0.4,18.03,18.6,19.99,18.99,4.0,1.56,18.0,1.0,0.2,0.4,75.7,76.6,79.4,77.5,4.0,2.6,18.0,1.0,0.4,4.5,4.85,7.3,5.55,6.0,1.51,20.0,1.0,0.2,0.4,-3.64,-2.79,0.0,-2.2,6.0,1.8,20.0,1.0,0.2,0.4,2.35,3.95,7.3,4.29,6.0,2.85,20.0,1.0,0.2,0.4,1004.65,1008.5,1010.64,1007.83,6.0,3.34,20.0,1.0,0.2,0.4,3.0,4.0,4.6,4.2,6.0,1.5,20.0,1.0,0.2,0.4,-16.7,-13.4,0.0,-10.1,6.0,8.1,20.0,1.0,0.2,0.4,10.8,19.1,53.4,27.2,6.0,23.2,20.0,1.0,0.2,0.4,-1.61,-0.95,-0.02,-0.82,4.0,1.03,18.0,1.0,0.2,0.4,-6.9,-4.5,-0.3,-3.6,4.0,4.4,18.0,1.0,0.2,0.4,3.83,4.4,5.0,4.42,4.0,0.69,18.0,1.0,0.2,0.4,16.7,19.5,24.3,20.5,4.0,4.7,18.0,1.0,0.2,0.4,-113.6,-96.7,-76.6,-95.2,4.0,26.8,18.0,1.0,0.2,0.4,39.8,94.6,108.8,75.2,4.0,51.6,18.0,1.0,0.2,0.4,-76.8,-63.3,-50.1,-63.5,4.0,19.1,18.0,1.0,0.2,0.4,26.2,62.5,71.3,49.4,4.0,33.8,18.0,1.0,0.2,0.4,-16.7,-14.7,-12.0,-14.3,4.0,2.8,18.0,1.0,0.2,0.4,5.2,15.0,19.7,12.6,4.0,9.3,18.0,1.0,0.2,0.4,91.5,115.0,390.5,204.5,6.0,166.5,20.0,1.0,0.2,0.4,90.0,115.0,390.0,205.0,6.0,165.0,20.0,1.0,0.2,0.4
1974,2,146.0,-17.0,27.6,27.8,28.28,27.93,3.0,0.51,22.0,0.0,0.3,0.3,26.25,27.0,27.68,26.97,3.0,1.05,22.0,0.0,0.3,0.3,18.1,19.09,19.67,18.89,3.0,1.16,22.0,0.0,0.3,0.3,83.9,84.0,84.8,84.3,3.0,0.7,22.0,0.0,0.3,4.54,8.7,8.7,6.67,3.0,3.52,22.0,0.0,0.3,0.3,-4.35,-4.35,-1.69,-3.05,3.0,2.25,22.0,0.0,0.3,0.3,4.14,7.53,7.53,5.88,3.0,2.87,22.0,0.0,0.3,0.3,1005.25,1005.8,1005.94,1005.6,3.0,0.53,22.0,0.0,0.3,0.3,0.6,2.0,2.7,1.7,3.0,1.5,22.0,0.0,0.3,0.3,-37.8,-37.8,-12.8,-25.6,3.0,21.2,22.0,0.0,0.3,0.3,25.3,65.5,65.5,45.9,3.0,34.0,22.0,0.0,0.3,0.3,0.5,0.5,1.46,0.97,3.0,0.81,22.0,0.0,0.3,0.3,4.4,4.4,4.8,4.5,3.0,0.3,22.0,0.0,0.3,0.3,4.23,4.64,5.51,4.87,3.0,0.96,22.0,0.0,0.3,0.3,21.7,35.2,38.7,30.3,3.0,13.2,22.0,0.0,0.3,0.3,-120.4,-117.4,-45.3,-83.6,3.0,62.4,22.0,0.0,0.3,0.3,109.8,203.4,208.6,160.2,3.0,81.4,22.0,0.0,0.3,0.3,-85.5,-83.0,-31.8,-59.2,3.0,44.4,22.0,0.0,0.3,0.3,76.5,143.8,148.2,113.1,3.0,58.9,22.0,0.0,0.3,0.3,-19.3,-17.6,-7.4,-13.5,3.0,9.4,22.0,0.0,0.3,0.3,20.0,30.5,33.5,26.9,3.0,10.4,22.0,0.0,0.3,0.3,221.0,658.5,658.5,445.0,3.0,370.0,22.0,0.0,0.3,0.3,220.0,660.0,660.0,445.0,3.0,370.0,22.0,0.0,0.3,0.3
1974,2,146.0,-10.0,27.64,28.1,28.45,28.05,4.0,0.48,20.0,0.3,0.3,0.4,26.62,27.45,27.81,27.23,4.0,0.87,20.0,0.3,0.3,0.4,17.39,18.03,18.53,17.96,4.0,0.68,20.0,0.3,0.3,0.4,75.8,76.8,83.1,79.3,4.0,6.0,20.0,0.3,0.4,4.34,4.6,7.32,5.78,4.0,2.69,20.0,0.3,0.3,0.4,2.14,3.15,3.68,2.92,4.0,1.1,20.0,0.3,0.3,0.4,-6.66,-3.69,-2.88,-4.72,4.0,3.07,20.0,0.3,0.3,0.4,1004.96,1007.1,1007.51,1006.28,4.0,2.14,20.0,0.3,0.3,0.4,4.0,6.5,8.0,6.0,4.0,2.4,20.0,0.3,0.3,0.4,9.5,16.0,25.9,17.6,4.0,11.4,20.0,0.3,0.3,0.4,-55.0,-16.0,-13.1,-33.2,4.0,38.1,20.0,0.3,0.3,0.4,-0.15,0.5,1.83,0.83,4.0,1.26,20.0,0.3,0.3,0.4,-0.7,5.2,11.2,5.2,4.0,6.8,20.0,0.3,0.3,0.4,5.32,5.7,6.58,5.94,4.0,0.89,20.0,0.3,0.3,0.4,23.1,25.5,49.8,36.0,4.0,23.1,20.0,0.3,0.3,0.4,59.7,87.1,97.8,79.1,4.0,28.3,20.0,0.3,0.3,0.4,-182.3,-102.5,-78.3,-129.1,4.0,84.1,20.0,0.3,0.3,0.4,38.9,56.1,66.2,52.7,4.0,20.6,20.0,0.3,0.3,0.4,-115.2,-66.4,-53.4,-83.5,4.0,51.1,20.0,0.3,0.3,0.4,11.3,19.4,23.8,17.6,4.0,7.8,20.0,0.3,0.3,0.4,-44.8,-19.7,-15.8,-29.8,4.0,24.5,20.0,0.3,0.3,0.4,82.5,97.5,539.5,301.0,4.0,427.0,20.0,0.3,0.3,0.4,80.0,95.0,540.0,300.0,4.0,425.0,20.0,0.3,0.3,0.4
1974,2,146.0,-5.0,27.93,28.2,28.61,28.27,3.0,0.5,16.0,0.3,0.6,0.8,26.17,27.6,27.8,27.0,3.0,1.31,16.0,0.3,0.6,0.8,18.71,18.88,18.93,18.82,3.0,0.17,16.0,0.3,0.6,0.8,80.3,80.3,88.3,84.2,3.0,6.7,16.0,0.3,0.8,2.6,2.6,3.97,3.27,3.0,1.15,16.0,0.3,0.6,0.8,-0.06,2.6,3.23,1.61,3.0,2.56,16.0,0.3,0.6,0.8,0.71,2.25,2.73,1.74,3.0,1.54,16.0,0.3,0.6,0.8,1005.11,1006.0,1006.75,1005.93,3.0,1.2,16.0,0.3,0.6,0.8,3.0,5.0,7.0,5.0,3.0,3.0,16.0,0.3,0.6,0.8,-0.2,6.8,13.2,6.5,3.0,9.8,16.0,0.3,0.6,0.8,1.9,5.9,11.1,6.5,3.0,6.8,16.0,0.3,0.6,0.8,0.42,0.9,2.13,1.27,3.0,1.29,16.0,0.3,0.6,0.8,1.1,2.3,9.2,5.1,3.0,6.4,16.0,0.3,0.6,0.8,5.03,5.26,5.77,5.4,3.0,0.55,16.0,0.3,0.6,0.8,13.7,15.6,21.5,17.5,3.0,5.9,16.0,0.3,0.6,0.8,-1.5,72.5,84.4,42.2,3.0,68.1,16.0,0.3,0.6,0.8,19.7,62.1,71.2,45.8,3.0,40.3,16.0,0.3,0.6,0.8,-0.9,49.3,61.1,30.5,3.0,48.2,16.0,0.3,0.6,0.8,13.3,41.9,51.4,32.6,3.0,29.1,16.0,0.3,0.6,0.8,0.6,15.6,17.6,9.3,3.0,13.6,16.0,0.3,0.6,0.8,3.5,11.1,14.1,8.9,3.0,8.0,16.0,0.3,0.6,0.8,17.5,17.5,72.0,44.0,3.0,46.0,16.0,0.3,0.6,0.8,20.0,20.0,70.0,45.0,3.0,45.0,16.0,0.3,0.6,0.8
1974,2,146.0,-4.0,28.56,28.7,29.25,28.9,3.0,0.53,22.0,0.3,0.4,0.6,27.44,28.4,28.95,28.2,3.0,1.11,22.0,0.3,0.4,0.6,17.2,17.83,18.19,17.7,3.0,0.73,22.0,0.3,0.4,0.6,72.6,73.5,74.8,73.7,3.0,1.6,22.0,0.3,0.6,1.14,3.6,6.06,3.6,2.0,5.09,24.0,0.0,0.5,0.5,0.73,2.31,3.89,2.31,2.0,3.27,24.0,0.0,0.5,0.5,-4.64,-2.76,-0.88,-2.76,2.0,3.9,24.0,0.0,0.5,0.5,1005.47,1006.9,1008.2,1006.83,3.0,2.0,22.0,0.3,0.4,0.6,2.6,4.0,6.7,4.7,3.0,3.1,22.0,0.3,0.4,0.6,5.3,16.7,28.0,16.7,2.0,23.6,24.0,0.0,0.5,0.5,-33.4,-19.9,-6.3,-19.9,2.0,28.1,24.0,0.0,0.5,0.5,0.3,0.3,1.12,0.7,3.0,0.69,22.0,0.3,0.4,0.6,0.3,1.1,1.8,1.1,2.0,1.5,24.0,0.0,0.5,0.5,7.18,7.61,7.65,7.42,3.0,0.38,22.0,0.3,0.4,0.6,8.0,25.1,42.3,25.1,2.0,35.5,24.0,0.0,0.5,0.5,20.9,65.7,110.6,65.7,2.0,92.9,24.0,0.0,0.5,0.5,-131.8,-78.3,-24.9,-78.3,2.0,110.8,24.0,0.0,0.5,0.5,13.1,41.3,69.4,41.3,2.0,58.4,24.0,0.0,0.5,0.5,-82.8,-49.2,-15.6,-49.2,2.0,69.6,24.0,0.0,0.5,0.5,5.1,16.2,27.2,16.2,2.0,22.8,24.0,0.0,0.5,0.5,-32.4,-19.2,-6.1,-19.2,2.0,27.2,24.0,0.0,0.5,0.5,59.0,186.5,314.0,186.5,2.0,264.0,24.0,0.0,0.5,0.5,60.0,185.0,315.0,185.0,2.0,265.0,24.0,0.0,0.5,0.5
1974,2,146.0,-1.0,30.2,30.2,30.2,30.2,1.0,0.0,4.0,1.0,0.0,0.5,31.0,31.0,31.0,31.0,1.0,0.0,4.0,1.0,0.0,0.5,18.75,18.75,18.75,18.75,1.0,0.0,4.0,1.0,0.0,0.5,66.4,66.4,66.4,66.4,1.0,0.0,4.0,1.0,0.5,2.1,2.1,2.1,2.1,1.0,0.0,4.0,1.0,0.0,0.5,-1.05,-1.05,-1.05,-1.05,1.0,0.0,4.0,1.0,0.0,0.5,-1.82,-1.82,-1.82,-1.82,1.0,0.0,4.0,1.0,0.0,0.5,1005.4,1005.4,1005.4,1005.4,1.0,0.0,4.0,1.0,0.0,0.5,4.0,4.0,4.0,4.0,1.0,0.0,4.0,1.0,0.0,0.5,-2.2,-2.2,-2.2,-2.2,1.0,0.0,4.0,1.0,0.0,0.5,-3.8,-3.8,-3.8,-3.8,1.0,0.0,4.0,1.0,0.0,0.5,-0.8,-0.8,-0.8,-0.8,1.0,0.0,4.0,1.0,0.0,0.5,-1.7,-1.7,-1.7,-1.7,1.0,0.0,4.0,1.0,0.0,0.5,8.38,8.38,8.38,8.38,1.0,0.0,4.0,1.0,0.0,0.5,17.6,17.6,17.6,17.6,1.0,0.0,4.0,1.0,0.0,0.5,-32.5,-32.5,-32.5,-32.5,1.0,0.0,4.0,1.0,0.0,0.5,-56.4,-56.4,-56.4,-56.4,1.0,0.0,4.0,1.0,0.0,0.5,-19.7,-19.7,-19.7,-19.7,1.0,0.0,4.0,1.0,0.0,0.5,-34.1,-34.1,-34.1,-34.1,1.0,0.0,4.0,1.0,0.0,0.5,-8.8,-8.8,-8.8,-8.8,1.0,0.0,4.0,1.0,0.0,0.5,-15.2,-15.2,-15.2,-15.2,1.0,0.0,4.0,1.0,0.0,0.5,9.5,9.5,9.5,9.5,1.0,0.0,4.0,1.0,0.0,0.5,10.0,10.0,10.0,10.0,1.0,0.0,4.0,1.0,0.0,0.5
1974,2,146.0,1.0,,,,,,,,,,,,,,,,,,,,,,,,,,,,,,,,,,,,,,,,4.51,5.4,6.29,5.4,2.0,1.84,20.0,0.0,0.5,0.5,-5.75,-3.71,-1.66,-3.71,2.0,4.23,20.0,0.0,0.5,0.5,-3.4,-2.02,-0.64,-2.02,2.0,2.86,20.0,0.0,0.5,0.5,1005.5,1005.5,1005.5,1005.5,1.0,0.0,22.0,0.0,0.8,0.4,,,,,,,,,,,,,,,,,,,,,,,,,,,,,,,,,,,,,,,,,,,,,,,,,,,,,,,,,,,,,,,,,,,,,,,,,,,,,,,,,,,,,,,,,,,,,,,,,,,,,,,,,,,,,,,,,,,,,,,,,,,,,,,,,,,,,,,,,,,,,,,,,,,,,,
1974,2,146.0,2.0,29.21,30.0,30.16,29.7,4.0,0.81,16.0,0.0,0.3,0.3,26.43,28.1,28.72,27.6,4.0,1.81,16.0,0.0,0.3,0.3,18.44,18.65,19.5,18.96,3.0,0.82,14.0,0.0,0.3,0.1,77.3,78.9,93.3,85.2,3.0,12.9,14.0,0.0,0.1,0.83,2.6,7.17,3.97,3.0,4.8,14.0,0.0,0.3,0.1,-5.78,-0.89,-0.28,-2.98,3.0,4.42,14.0,0.0,0.3,0.1,-3.17,0.0,1.67,-0.74,3.0,3.6,14.0,0.0,0.3,0.1,1006.79,1008.1,1010.14,1008.45,4.0,2.05,16.0,0.0,0.3,0.3,0.5,3.5,6.0,3.3,4.0,3.2,16.0,0.0,0.3,0.3,-51.9,-2.3,-0.7,-25.7,3.0,42.6,14.0,0.0,0.3,0.1,-29.5,0.0,4.3,-12.3,3.0,27.0,14.0,0.0,0.3,0.1,1.37,2.05,2.83,2.1,4.0,1.1,16.0,0.0,0.3,0.3,2.9,9.1,15.6,9.2,3.0,9.3,14.0,0.0,0.3,0.1,5.7,8.02,8.59,7.17,3.0,2.24,14.0,0.0,0.3,0.1,3.8,12.0,54.8,28.9,3.0,40.1,14.0,0.0,0.3,0.1,-161.0,-22.2,-7.1,-82.6,3.0,124.3,14.0,0.0,0.3,0.1,-88.9,0.0,41.7,-23.0,3.0,97.7,14.0,0.0,0.3,0.1,-108.1,-17.7,-5.6,-56.0,3.0,82.1,14.0,0.0,0.3,0.1,-59.2,0.0,33.2,-12.7,3.0,68.6,14.0,0.0,0.3,0.1,-45.4,-4.1,-1.3,-22.9,3.0,36.2,14.0,0.0,0.3,0.1,-25.5,0.0,7.7,-8.7,3.0,25.4,14.0,0.0,0.3,0.1,5.5,17.5,554.5,274.0,3.0,459.5,14.0,0.0,0.3,0.1,5.0,20.0,555.0,275.0,3.0,460.0,14.0,0.0,0.3,0.1
1974,2,146.0,3.0,29.0,29.0,29.0,29.0,1.0,0.0,14.0,1.0,0.3,0.6,30.0,30.0,30.0,30.0,1.0,0.0,14.0,1.0,0.3,0.6,17.81,17.81,17.81,17.81,1.0,0.0,14.0,1.0,0.3,0.6,67.0,67.0,67.0,67.0,1.0,0.0,14.0,1.0,0.6,7.2,7.2,7.2,7.2,1.0,0.0,14.0,1.0,0.3,0.6,-6.77,-6.77,-6.77,-6.77,1.0,0.0,14.0,1.0,0.3,0.6,-2.46,-2.46,-2.46,-2.46,1.0,0.0,14.0,1.0,0.3,0.6,1008.0,1008.0,1008.0,1008.0,1.0,0.0,14.0,1.0,0.3,0.6,6.0,6.0,6.0,6.0,1.0,0.0,14.0,1.0,0.3,0.6,-48.7,-48.7,-48.7,-48.7,1.0,0.0,14.0,1.0,0.3,0.6,-17.7,-17.7,-17.7,-17.7,1.0,0.0,14.0,1.0,0.3,0.6,-1.0,-1.0,-1.0,-1.0,1.0,0.0,14.0,1.0,0.3,0.6,-7.2,-7.2,-7.2,-7.2,1.0,0.0,14.0,1.0,0.3,0.6,7.41,7.41,7.41,7.41,1.0,0.0,14.0,1.0,0.3,0.6,53.4,53.4,53.4,53.4,1.0,0.0,14.0,1.0,0.3,0.6,-203.0,-203.0,-203.0,-203.0,1.0,0.0,14.0,1.0,0.3,0.6,-73.9,-73.9,-73.9,-73.9,1.0,0.0,14.0,1.0,0.3,0.6,-120.5,-120.5,-120.5,-120.5,1.0,0.0,14.0,1.0,0.3,0.6,-43.9,-43.9,-43.9,-43.9,1.0,0.0,14.0,1.0,0.3,0.6,-50.2,-50.2,-50.2,-50.2,1.0,0.0,14.0,1.0,0.3,0.6,-18.3,-18.3,-18.3,-18.3,1.0,0.0,14.0,1.0,0.3,0.6,373.0,373.0,373.0,373.0,1.0,0.0,14.0,1.0,0.3,0.6,375.0,375.0,375.0,375.0,1.0,0.0,14.0,1.0,0.3,0.6
1974,2,146.0,4.0,,,,,,,,,,,,,,,,,,,,,,,,,,,,,,,,,,,,,,,,4.1,4.1,4.1,4.1,1.0,0.0,10.0,1.0,0.1,0.0,-0.71,-0.71,-0.71,-0.71,1.0,0.0,10.0,1.0,0.1,0.0,-4.04,-4.04,-4.04,-4.04,1.0,0.0,10.0,1.0,0.1,0.0,1008.0,1008.0,1008.0,1008.0,1.0,0.0,10.0,1.0,0.1,0.0,6.0,6.0,6.0,6.0,1.0,0.0,10.0,1.0,0.1,0.0,-2.9,-2.9,-2.9,-2.9,1.0,0.0,10.0,1.0,0.1,0.0,-16.6,-16.6,-16.6,-16.6,1.0,0.0,10.0,1.0,0.1,0.0,,,,,,,,,,,,,,,,,,,,,,,,,,,,,,,,,,,,,,,,,-20.6,-20.6,-20.6,-20.6,1.0,0.0,10.0,1.0,0.1,0.0,-117.1,-117.1,-117.1,-117.1,1.0,0.0,10.0,1.0,0.1,0.0,-13.3,-13.3,-13.3,-13.3,1.0,0.0,10.0,1.0,0.1,0.0,-75.5,-75.5,-75.5,-75.5,1.0,0.0,10.0,1.0,0.1,0.0,,,,,,,,,,,,,,,,,,,,,,,,,,,,,,,,,,,,,,,,
1974,2,146.0,6.0,28.46,28.6,30.58,29.5,3.0,1.73,16.0,0.7,0.8,0.5,28.16,28.3,28.44,28.3,3.0,0.2,16.0,0.7,0.8,0.5,19.54,19.71,19.88,19.71,2.0,0.35,16.0,0.5,0.8,0.4,81.3,81.3,81.4,81.3,2.0,0.0,16.0,0.5,0.4,8.87,10.3,10.3,9.6,3.0,1.21,16.0,0.7,0.8,0.5,-9.68,-9.68,-5.87,-7.82,3.0,3.22,16.0,0.7,0.8,0.5,-5.97,-3.52,-3.52,-4.72,3.0,2.07,16.0,0.7,0.8,0.5,1004.25,1005.0,1007.46,1005.83,3.0,2.46,16.0,0.7,0.8,0.5,2.3,3.0,6.4,4.3,3.0,3.2,16.0,0.7,0.8,0.5,-99.7,-99.7,-54.6,-77.7,3.0,38.1,16.0,0.7,0.8,0.5,-51.3,-36.3,-36.3,-43.6,3.0,12.7,16.0,0.7,0.8,0.5,0.16,0.3,2.28,1.2,3.0,1.73,16.0,0.7,0.8,0.5,1.7,3.1,18.9,10.1,3.0,14.0,16.0,0.7,0.8,0.5,4.81,4.88,4.94,4.88,2.0,0.13,16.0,0.5,0.8,0.4,49.6,50.2,50.9,50.2,2.0,1.3,16.0,0.5,0.8,0.4,-274.6,-272.0,-165.5,-221.3,3.0,91.2,16.0,0.7,0.8,0.5,-169.0,-100.4,-99.4,-133.5,3.0,58.5,16.0,0.7,0.8,0.5,-192.4,-190.7,-189.1,-190.7,2.0,3.4,16.0,0.5,0.8,0.4,-70.0,-69.4,-68.8,-69.4,2.0,1.2,16.0,0.5,0.8,0.4,-47.8,-47.2,-46.6,-47.2,2.0,1.2,16.0,0.5,0.8,0.4,-17.4,-17.2,-17.0,-17.2,2.0,0.5,16.0,0.5,0.8,0.4,723.0,1092.5,1092.5,912.5,3.0,312.5,16.0,0.7,0.8,0.5,725.0,1095.0,1095.0,910.0,3.0,315.0,16.0,0.7,0.8,0.5
1974,2,146.0,7.0,27.45,28.4,29.05,28.32,13.0,0.98,16.0,0.7,0.7,0.5,27.5,28.0,29.0,28.15,16.0,0.79,14.0,0.7,0.7,0.5,17.58,18.82,19.92,19.13,15.0,1.6,14.0,0.7,0.7,0.5,75.4,79.0,83.7,79.8,15.0,5.4,14.0,0.7,0.5,5.81,8.2,10.69,8.33,15.0,2.54,14.0,0.7,0.7,0.5,-10.27,-7.12,-4.63,-7.28,15.0,2.58,14.0,0.7,0.7,0.5,-5.75,-3.35,-0.22,-3.26,15.0,2.47,14.0,0.7,0.7,0.5,1005.41,1007.1,1008.39,1007.46,17.0,2.69,14.0,0.6,0.7,0.5,3.0,6.0,7.0,5.3,16.0,1.9,14.0,0.7,0.7,0.5,-106.5,-63.2,-29.5,-66.1,15.0,40.0,14.0,0.7,0.7,0.5,-51.7,-23.0,-1.3,-29.6,15.0,25.4,14.0,0.7,0.7,0.5,-1.05,0.5,1.05,0.17,13.0,1.08,16.0,0.7,0.7,0.5,-10.9,4.1,8.6,1.3,13.0,10.0,16.0,0.7,0.7,0.5,3.84,5.07,6.28,5.02,13.0,1.97,16.0,0.7,0.7,0.5,20.5,51.1,61.7,42.4,13.0,20.6,16.0,0.7,0.7,0.5,-283.8,-210.2,-131.5,-204.9,15.0,72.3,14.0,0.7,0.7,0.5,-167.4,-88.8,-6.1,-92.1,15.0,70.5,14.0,0.7,0.7,0.5,-200.3,-141.7,-89.1,-140.8,15.0,56.1,14.0,0.7,0.7,0.5,-108.1,-56.5,-4.3,-60.8,15.0,45.2,14.0,0.7,0.7,0.5,-52.4,-39.7,-20.1,-37.7,13.0,19.0,16.0,0.7,0.7,0.5,-28.9,-18.6,0.0,-16.3,13.0,13.6,16.0,0.7,0.7,0.5,197.0,551.5,1222.5,727.5,15.0,561.0,14.0,0.7,0.7,0.5,195.0,550.0,1225.0,730.0,15.0,560.0,14.0,0.7,0.7,0.5
1974,2,146.0,8.0,28.0,28.65,29.0,28.66,20.0,0.94,16.0,0.4,0.3,0.4,26.95,27.5,28.25,27.55,23.0,1.16,16.0,0.4,0.3,0.4,18.77,19.87,19.91,19.72,20.0,1.16,16.0,0.4,0.3,0.4,80.3,83.7,85.2,83.7,20.0,3.8,16.0,0.4,0.4,7.2,9.55,11.63,9.3,22.0,2.38,16.0,0.4,0.4,0.4,-11.13,-8.89,-6.41,-8.77,22.0,2.4,16.0,0.4,0.4,0.4,-3.57,-1.83,0.0,-2.02,22.0,2.39,16.0,0.4,0.4,0.4,1006.25,1007.8,1010.21,1008.25,23.0,2.51,14.0,0.4,0.3,0.4,2.0,4.0,8.0,4.5,20.0,2.3,16.0,0.4,0.3,0.4,-135.4,-82.6,-46.5,-86.7,22.0,41.7,16.0,0.4,0.4,0.4,-35.1,-17.2,0.0,-19.4,22.0,28.1,16.0,0.4,0.4,0.4,-0.49,1.0,2.0,1.1,20.0,1.83,16.0,0.4,0.3,0.4,-3.5,7.5,15.4,9.5,20.0,18.4,16.0,0.4,0.3,0.4,3.21,4.91,6.44,4.69,18.0,1.73,16.0,0.4,0.3,0.4,27.4,41.0,51.7,41.1,18.0,17.3,16.0,0.4,0.3,0.4,-314.9,-245.5,-179.4,-242.1,22.0,67.2,16.0,0.4,0.4,0.4,-100.8,-50.2,0.0,-55.8,22.0,65.7,16.0,0.4,0.4,0.4,-231.2,-171.2,-123.9,-170.7,20.0,49.2,16.0,0.4,0.3,0.4,-74.2,-41.7,0.0,-41.1,20.0,46.6,16.0,0.4,0.3,0.4,-49.4,-38.5,-24.2,-37.8,18.0,14.6,16.0,0.4,0.3,0.4,-22.0,-11.2,0.0,-12.5,18.0,14.1,16.0,0.4,0.3,0.4,373.0,873.0,1576.5,954.0,22.0,661.5,16.0,0.4,0.4,0.4,375.0,875.0,1575.0,955.0,22.0,660.0,16.0,0.4,0.4,0.4
1974,2,146.0,9.0,27.5,28.0,29.5,28.37,15.0,1.2,14.0,0.5,0.2,0.3,27.5,28.0,28.81,27.99,16.0,0.87,14.0,0.4,0.2,0.3,17.6,18.9,19.66,18.84,16.0,0.89,14.0,0.4,0.2,0.3,74.3,79.5,84.6,79.7,16.0,5.9,14.0,0.4,0.3,8.05,10.3,11.19,9.64,15.0,1.97,14.0,0.5,0.2,0.3,-10.2,-8.92,-7.32,-8.5,15.0,1.81,14.0,0.5,0.2,0.3,-6.27,-3.52,-0.3,-3.63,15.0,2.94,14.0,0.5,0.2,0.3,1007.58,1009.0,1010.5,1009.14,16.0,1.25,14.0,0.4,0.2,0.3,2.0,4.0,5.8,4.0,15.0,2.2,14.0,0.5,0.2,0.3,-113.9,-86.5,-61.8,-84.7,15.0,29.7,14.0,0.5,0.2,0.3,-69.3,-36.3,-2.3,-37.1,15.0,33.6,14.0,0.5,0.2,0.3,-1.0,0.5,2.0,0.38,15.0,1.7,14.0,0.5,0.2,0.3,-12.2,4.7,18.1,3.8,14.0,17.0,14.0,0.5,0.2,0.3,3.43,5.95,7.25,5.53,15.0,1.87,14.0,0.5,0.2,0.3,31.6,60.9,74.6,53.4,14.0,22.5,14.0,0.5,0.2,0.3,-282.1,-249.8,-207.7,-237.8,15.0,50.6,14.0,0.5,0.2,0.3,-177.9,-97.2,-8.5,-102.3,15.0,82.9,14.0,0.5,0.2,0.3,-195.6,-172.6,-130.7,-160.7,15.0,34.7,14.0,0.5,0.2,0.3,-119.0,-72.0,-5.5,-67.6,15.0,53.7,14.0,0.5,0.2,0.3,-65.9,-45.8,-27.6,-47.1,14.0,20.0,14.0,0.5,0.2,0.3,-38.0,-14.4,-0.2,-20.7,14.0,18.2,14.0,0.5,0.2,0.3,533.5,1092.5,1402.5,993.0,15.0,475.5,14.0,0.5,0.2,0.3,535.0,1095.0,1400.0,995.0,15.0,475.0,14.0,0.5,0.2,0.3
1974,2,146.0,11.0,27.64,27.9,28.0,27.83,4.0,0.24,10.0,0.3,0.6,0.5,26.48,27.4,27.8,27.15,4.0,0.85,10.0,0.3,0.6,0.5,17.91,18.95,20.13,19.02,4.0,1.66,10.0,0.3,0.6,0.5,76.4,82.7,92.9,84.6,4.0,11.4,10.0,0.3,0.5,6.41,7.2,8.56,7.48,4.0,1.7,10.0,0.3,0.6,0.5,-8.25,-7.15,-5.66,-6.97,4.0,1.99,10.0,0.3,0.6,0.5,-2.35,-0.63,1.92,-0.23,4.0,2.94,10.0,0.3,0.6,0.5,1007.16,1008.0,1008.26,1007.73,4.0,0.91,10.0,0.3,0.6,0.5,3.5,5.0,6.0,4.8,4.0,1.5,10.0,0.3,0.6,0.5,-72.0,-51.4,-37.3,-54.5,4.0,26.9,10.0,0.3,0.6,0.5,-21.5,-4.5,10.9,-5.2,4.0,22.3,10.0,0.3,0.6,0.5,0.1,0.35,1.29,0.68,4.0,0.91,10.0,0.3,0.6,0.5,0.7,3.2,8.3,4.4,4.0,5.1,10.0,0.3,0.6,0.5,3.32,4.5,5.74,4.53,4.0,1.58,10.0,0.3,0.6,0.5,25.0,37.7,43.1,34.2,4.0,13.4,10.0,0.3,0.6,0.5,-225.6,-198.6,-153.3,-189.9,4.0,56.1,10.0,0.3,0.6,0.5,-64.0,-17.4,49.9,-7.5,4.0,78.0,10.0,0.3,0.6,0.5,-155.5,-128.2,-106.8,-131.0,4.0,34.4,10.0,0.3,0.6,0.5,-44.7,-11.8,40.5,-2.5,4.0,59.4,10.0,0.3,0.6,0.5,-42.0,-36.2,-22.9,-32.6,4.0,14.8,10.0,0.3,0.6,0.5,-10.0,-3.1,5.1,-2.5,4.0,9.9,10.0,0.3,0.6,0.5,274.5,373.0,671.0,468.0,4.0,327.5,10.0,0.3,0.6,0.5,275.0,375.0,670.0,470.0,4.0,330.0,10.0,0.3,0.6,0.5
1974,2,146.0,12.0,27.19,27.6,28.24,27.74,5.0,0.77,16.0,0.2,0.4,0.6,25.82,27.8,27.95,27.06,5.0,1.22,16.0,0.2,0.4,0.6,18.41,18.92,19.24,18.83,4.0,0.58,14.0,0.3,0.3,0.6,80.8,81.3,84.9,82.8,4.0,3.6,14.0,0.3,0.6,5.65,8.2,10.85,8.02,5.0,3.7,16.0,0.2,0.4,0.6,-9.71,-8.08,-4.82,-7.27,5.0,3.55,16.0,0.2,0.4,0.6,-3.92,-1.42,1.02,-1.1,5.0,3.72,16.0,0.2,0.4,0.6,1007.89,1009.4,1011.62,1009.64,5.0,2.08,16.0,0.2,0.4,0.6,4.6,6.0,6.7,5.8,5.0,1.5,16.0,0.2,0.4,0.6,-106.1,-66.2,-33.8,-68.7,5.0,47.4,16.0,0.2,0.4,0.6,-36.2,-11.7,17.6,-7.7,5.0,38.1,16.0,0.2,0.4,0.6,-0.07,0.8,1.37,0.68,5.0,0.76,16.0,0.2,0.4,0.6,-0.8,1.7,12.8,5.5,5.0,8.2,16.0,0.2,0.4,0.6,4.27,4.53,5.21,4.73,4.0,0.67,14.0,0.3,0.3,0.6,24.5,40.7,47.5,36.2,4.0,17.1,14.0,0.3,0.3,0.6,-260.7,-224.5,-126.6,-194.8,5.0,92.5,16.0,0.2,0.4,0.6,-101.1,-39.6,28.1,-27.5,5.0,100.4,16.0,0.2,0.4,0.6,-185.7,-160.8,-88.7,-138.3,4.0,74.1,14.0,0.3,0.3,0.6,-50.9,-26.5,38.8,-7.0,4.0,73.3,14.0,0.3,0.3,0.6,-43.4,-37.5,-22.5,-33.2,4.0,16.8,14.0,0.3,0.3,0.6,-12.9,-7.2,8.1,-2.6,4.0,16.8,14.0,0.3,0.3,0.6,293.0,551.5,1293.5,750.5,5.0,630.5,16.0,0.2,0.4,0.6,295.0,550.0,1295.0,750.0,5.0,630.0,16.0,0.2,0.4,0.6
1974,2,146.0,13.0,24.4,27.5,28.48,27.09,7.0,2.05,10.0,0.4,0.5,0.6,26.62,26.7,27.68,27.0,6.0,0.65,10.0,0.5,0.4,0.5,17.17,18.21,19.13,18.24,5.0,1.55,12.0,0.6,0.4,0.6,77.0,83.1,84.7,81.1,5.0,5.9,12.0,0.6,0.6,6.15,8.7,10.47,8.74,7.0,2.89,10.0,0.4,0.5,0.6,-9.88,-7.24,-5.63,-7.59,7.0,3.71,10.0,0.4,0.5,0.6,-4.83,-2.63,0.17,-2.32,7.0,3.21,10.0,0.4,0.5,0.6,1008.53,1010.2,1010.5,1009.67,6.0,1.1,10.0,0.5,0.4,0.5,3.0,5.0,6.0,5.0,7.0,1.5,10.0,0.4,0.5,0.6,-104.2,-58.0,-34.8,-75.2,7.0,59.3,10.0,0.4,0.5,0.6,-43.5,-20.3,1.7,-16.2,7.0,28.6,10.0,0.4,0.5,0.6,-1.19,1.15,1.84,0.53,6.0,1.77,10.0,0.5,0.4,0.5,-9.8,11.6,17.8,6.9,6.0,14.2,10.0,0.5,0.4,0.5,1.72,5.23,7.58,4.97,5.0,3.54,12.0,0.6,0.4,0.6,14.8,40.3,68.2,42.9,5.0,33.9,12.0,0.6,0.4,0.6,-290.5,-207.7,-150.8,-212.8,6.0,105.9,10.0,0.5,0.4,0.5,-132.7,-99.1,20.4,-62.9,6.0,96.0,10.0,0.5,0.4,0.5,-157.7,-131.8,-88.2,-123.5,5.0,60.7,12.0,0.6,0.4,0.6,-90.6,-76.8,-3.8,-47.5,5.0,70.1,12.0,0.6,0.4,0.6,-55.7,-37.9,-12.1,-36.1,5.0,30.0,12.0,0.6,0.4,0.6,-38.9,-13.8,-2.4,-19.3,5.0,21.4,12.0,0.6,0.4,0.6,233.5,658.5,1169.0,867.0,7.0,867.0,10.0,0.4,0.5,0.6,235.0,660.0,1170.0,865.0,7.0,865.0,10.0,0.4,0.5,0.6
1974,2,146.0,14.0,27.36,28.15,28.5,28.06,8.0,0.6,10.0,0.8,0.4,0.3,26.63,27.8,28.87,27.61,9.0,1.33,10.0,0.8,0.4,0.3,16.67,17.68,19.29,17.77,8.0,1.43,10.0,0.8,0.4,0.3,76.6,77.6,80.1,77.6,8.0,4.0,10.0,0.8,0.3,6.2,7.7,10.3,7.84,9.0,2.65,10.0,0.8,0.4,0.3,-7.81,-6.62,-5.38,-6.32,9.0,1.97,10.0,0.8,0.4,0.3,-7.55,-2.46,-1.41,-3.69,9.0,3.49,10.0,0.8,0.4,0.3,1007.5,1010.7,1012.42,1010.2,9.0,2.85,10.0,0.8,0.4,0.3,2.1,3.5,5.0,4.0,8.0,2.0,8.0,0.8,0.4,0.3,-77.7,-58.3,-34.1,-52.8,9.0,25.1,10.0,0.8,0.4,0.3,-77.7,-17.7,-11.1,-35.8,9.0,37.3,10.0,0.8,0.4,0.3,-0.44,0.05,1.94,0.63,8.0,1.39,10.0,0.8,0.4,0.3,-2.8,0.4,15.1,6.0,8.0,13.5,10.0,0.8,0.4,0.3,4.97,5.6,7.56,6.05,8.0,1.76,10.0,0.8,0.4,0.3,31.4,45.3,74.8,52.0,8.0,22.2,10.0,0.8,0.4,0.3,-219.3,-178.8,-140.2,-174.4,9.0,56.5,10.0,0.8,0.4,0.3,-205.2,-67.0,-40.5,-98.9,9.0,91.2,10.0,0.8,0.4,0.3,-145.5,-111.0,-98.5,-122.0,8.0,30.0,10.0,0.8,0.4,0.3,-121.8,-51.4,-31.7,-74.0,8.0,50.4,10.0,0.8,0.4,0.3,-44.3,-40.6,-30.6,-40.1,8.0,10.0,10.0,0.8,0.4,0.3,-63.4,-15.7,-8.2,-28.9,8.0,26.2,10.0,0.8,0.4,0.3,238.5,456.5,1092.5,619.5,9.0,451.5,10.0,0.8,0.4,0.3,240.0,455.0,1095.0,620.0,9.0,450.0,10.0,0.8,0.4,0.3
1974,2,146.0,15.0,27.05,27.3,28.0,27.4,9.0,0.75,16.0,0.6,0.5,0.4,25.21,26.1,27.11,26.31,10.0,1.31,16.0,0.5,0.5,0.4,14.24,17.49,18.68,16.78,8.0,2.72,18.0,0.5,0.5,0.5,69.8,77.8,86.2,77.8,9.0,9.8,16.0,0.6,0.4,6.7,7.7,9.87,8.44,10.0,2.44,16.0,0.5,0.5,0.4,-8.62,-7.0,-6.16,-7.2,10.0,3.46,16.0,0.5,0.5,0.4,-4.99,-2.48,-1.16,-2.65,10.0,2.78,16.0,0.5,0.5,0.4,1008.07,1010.5,1011.87,1009.68,9.0,2.61,18.0,0.4,0.5,0.5,2.4,3.5,5.6,3.8,10.0,1.5,16.0,0.5,0.5,0.4,-83.5,-52.2,-39.6,-66.3,10.0,54.1,16.0,0.5,0.5,0.4,-49.3,-19.0,-7.8,-24.2,10.0,24.5,16.0,0.5,0.5,0.4,-0.08,1.0,2.2,0.94,9.0,1.52,16.0,0.6,0.5,0.4,-2.8,8.7,17.7,7.7,9.0,11.4,16.0,0.6,0.5,0.4,3.02,5.81,9.86,6.22,8.0,3.15,18.0,0.5,0.5,0.5,32.9,51.3,77.2,52.8,8.0,25.7,18.0,0.5,0.5,0.5,-233.7,-179.1,-170.1,-189.6,10.0,91.0,16.0,0.5,0.5,0.4,-132.2,-63.5,-30.3,-68.2,10.0,73.9,16.0,0.5,0.5,0.4,-149.5,-125.9,-92.8,-126.1,8.0,72.9,18.0,0.5,0.5,0.5,-101.0,-39.6,-21.2,-44.5,8.0,49.9,18.0,0.5,0.5,0.5,-64.3,-34.6,-18.1,-39.8,8.0,26.8,18.0,0.5,0.5,0.5,-40.9,-12.1,-5.7,-22.7,8.0,27.2,18.0,0.5,0.5,0.5,301.0,456.5,969.0,756.0,10.0,826.0,16.0,0.5,0.5,0.4,300.0,455.0,970.0,755.0,10.0,825.0,16.0,0.5,0.5,0.4
1974,2,146.0,16.0,26.79,27.1,27.36,27.08,4.0,0.38,16.0,0.3,0.6,0.3,25.83,27.1,28.73,27.28,4.0,1.77,16.0,0.3,0.6,0.3,17.16,17.71,18.37,17.76,4.0,0.72,16.0,0.3,0.6,0.3,72.4,78.6,84.8,78.6,4.0,7.2,16.0,0.3,0.3,4.6,6.7,9.06,6.83,4.0,2.86,16.0,0.3,0.6,0.3,-7.58,-6.42,-4.12,-5.87,4.0,2.29,16.0,0.3,0.6,0.3,-4.72,-1.81,0.74,-1.98,4.0,3.71,16.0,0.3,0.6,0.3,1007.86,1010.2,1012.07,1009.98,4.0,3.08,16.0,0.3,0.6,0.3,2.5,3.5,6.1,4.3,4.0,2.6,16.0,0.3,0.6,0.3,-69.1,-43.9,-20.4,-44.7,4.0,30.7,16.0,0.3,0.6,0.3,-45.4,-13.0,1.7,-21.4,4.0,33.3,16.0,0.3,0.6,0.3,-1.39,-0.05,0.98,-0.2,4.0,1.56,16.0,0.3,0.6,0.3,-10.2,-0.7,8.8,-0.7,4.0,13.3,16.0,0.3,0.6,0.3,3.83,4.55,5.59,4.71,4.0,1.07,16.0,0.3,0.6,0.3,21.5,32.3,44.1,32.8,4.0,16.2,16.0,0.3,0.6,0.3,-207.2,-179.2,-112.7,-160.8,4.0,63.7,16.0,0.3,0.6,0.3,-125.3,-52.6,18.6,-53.3,4.0,95.9,16.0,0.3,0.6,0.3,-135.6,-115.1,-71.7,-104.2,4.0,40.8,16.0,0.3,0.6,0.3,-83.4,-32.9,13.9,-34.6,4.0,65.3,16.0,0.3,0.6,0.3,-37.3,-31.1,-19.0,-28.3,4.0,13.0,16.0,0.3,0.6,0.3,-22.8,-8.2,1.7,-10.4,4.0,17.7,16.0,0.3,0.6,0.3,112.5,321.0,790.0,445.5,4.0,464.0,16.0,0.3,0.6,0.3,115.0,320.0,790.0,445.0,4.0,465.0,16.0,0.3,0.6,0.3
1974,2,146.0,17.0,26.35,28.0,28.21,27.49,11.0,0.96,14.0,0.5,0.5,0.5,25.0,26.0,27.1,26.29,13.0,1.08,14.0,0.5,0.5,0.5,15.28,16.63,18.08,16.77,12.0,1.74,14.0,0.4,0.5,0.5,68.4,79.8,86.2,79.0,12.0,9.5,14.0,0.4,0.5,3.76,5.7,7.85,5.94,13.0,3.05,14.0,0.5,0.5,0.5,-7.7,-5.7,-3.53,-5.34,13.0,2.73,14.0,0.5,0.5,0.5,-4.95,0.0,0.41,-1.23,13.0,2.73,14.0,0.5,0.5,0.5,1009.8,1012.0,1012.95,1012.1,13.0,2.37,14.0,0.5,0.5,0.5,1.5,4.0,6.0,3.5,12.0,2.2,14.0,0.5,0.5,0.5,-60.0,-32.5,-14.3,-39.2,13.0,27.9,14.0,0.5,0.5,0.5,-38.1,0.0,1.2,-11.5,13.0,22.2,14.0,0.5,0.5,0.5,-0.44,1.5,3.0,1.15,11.0,1.74,14.0,0.5,0.5,0.5,-1.9,8.6,16.2,7.3,11.0,12.0,14.0,0.5,0.5,0.5,4.33,7.03,7.78,6.25,11.0,1.93,14.0,0.5,0.5,0.5,12.5,42.7,58.7,37.3,11.0,24.1,14.0,0.5,0.5,0.5,-194.0,-148.2,-95.2,-140.0,13.0,69.8,14.0,0.5,0.5,0.5,-125.3,0.0,10.9,-32.0,13.0,72.3,14.0,0.5,0.5,0.5,-126.0,-89.8,-44.1,-84.8,12.0,46.7,14.0,0.4,0.5,0.5,-77.9,0.0,13.1,-21.3,12.0,48.1,14.0,0.4,0.5,0.5,-50.9,-34.2,-10.8,-32.9,11.0,21.4,14.0,0.5,0.5,0.5,-31.6,0.0,4.2,-10.9,11.0,18.3,14.0,0.5,0.5,0.5,62.5,185.0,490.0,344.5,13.0,323.5,14.0,0.5,0.5,0.5,60.0,185.0,490.0,345.0,13.0,325.0,14.0,0.5,0.5,0.5
1974,2,146.0,18.0,25.45,27.0,27.21,26.41,13.0,1.22,16.0,0.6,0.5,0.6,24.26,25.0,26.55,25.3,13.0,1.28,16.0,0.6,0.5,0.6,14.24,15.48,16.51,15.37,13.0,1.26,16.0,0.6,0.5,0.6,73.6,75.6,80.9,76.5,13.0,4.2,16.0,0.6,0.6,6.6,10.3,12.31,9.46,13.0,2.76,16.0,0.6,0.5,0.6,-9.73,-7.89,-5.6,-7.67,13.0,2.21,16.0,0.6,0.5,0.6,-7.9,-5.15,0.12,-4.1,13.0,4.21,16.0,0.6,0.5,0.6,1011.38,1013.0,1015.91,1013.17,13.0,2.44,16.0,0.6,0.5,0.6,1.0,4.0,7.0,4.2,13.0,2.5,16.0,0.6,0.5,0.6,-119.1,-81.3,-33.2,-77.7,13.0,40.0,16.0,0.6,0.5,0.6,-90.4,-53.0,0.9,-46.8,13.0,46.7,16.0,0.6,0.5,0.6,-0.64,1.2,2.91,1.11,13.0,1.91,16.0,0.6,0.5,0.6,-7.4,14.2,30.0,10.3,13.0,19.8,16.0,0.6,0.5,0.6,3.16,6.17,8.35,6.2,13.0,2.29,16.0,0.6,0.5,0.6,34.0,60.0,86.0,56.8,13.0,25.0,16.0,0.6,0.5,0.6,-251.5,-201.2,-143.6,-192.6,13.0,52.0,16.0,0.6,0.5,0.6,-190.7,-125.1,3.2,-100.4,13.0,108.4,16.0,0.6,0.5,0.6,-155.6,-123.3,-84.3,-117.0,13.0,32.1,16.0,0.6,0.5,0.6,-126.2,-73.6,2.0,-61.1,13.0,68.3,16.0,0.6,0.5,0.6,-74.7,-41.4,-29.2,-47.1,13.0,22.9,16.0,0.6,0.5,0.6,-47.0,-30.6,0.7,-25.5,13.0,22.1,16.0,0.6,0.5,0.6,289.5,1092.5,1865.0,1042.5,13.0,744.5,16.0,0.6,0.5,0.6,290.0,1095.0,1865.0,1045.0,13.0,745.0,16.0,0.6,0.5,0.6
1974,2,146.0,19.0,25.79,27.25,27.94,26.78,8.0,1.36,14.0,0.6,0.4,0.3,23.27,25.0,25.5,24.66,9.0,1.8,14.0,0.7,0.4,0.4,13.7,15.85,18.41,15.89,8.0,2.45,14.0,0.6,0.4,0.3,74.3,85.0,91.4,82.2,8.0,9.9,14.0,0.6,0.3,3.73,5.1,10.56,6.03,9.0,3.65,14.0,0.7,0.4,0.4,-8.54,-4.79,-2.35,-4.92,9.0,3.17,14.0,0.7,0.4,0.4,-6.38,-0.87,1.02,-2.03,9.0,3.51,14.0,0.7,0.4,0.4,1010.34,1014.3,1016.51,1013.69,8.0,3.07,14.0,0.6,0.4,0.3,2.0,3.0,7.7,4.2,9.0,2.7,14.0,0.7,0.4,0.4,-91.9,-24.4,-9.0,-39.5,9.0,40.7,14.0,0.7,0.4,0.4,-68.4,-0.9,4.2,-20.8,9.0,39.5,14.0,0.7,0.4,0.4,1.38,2.25,2.94,2.16,8.0,1.18,14.0,0.6,0.4,0.3,5.1,12.0,28.2,16.4,8.0,15.3,14.0,0.6,0.4,0.3,4.94,5.56,8.31,6.16,8.0,1.77,14.0,0.6,0.4,0.3,25.8,36.4,56.5,39.6,8.0,18.7,14.0,0.6,0.4,0.3,-188.5,-130.0,-58.6,-118.7,9.0,71.2,14.0,0.7,0.4,0.4,-139.6,-21.7,26.1,-45.4,9.0,80.4,14.0,0.7,0.4,0.4,-121.8,-90.1,-59.5,-89.1,8.0,39.0,14.0,0.6,0.4,0.3,-95.8,-16.7,23.4,-29.6,8.0,56.9,14.0,0.6,0.4,0.3,-44.4,-31.0,-17.3,-32.8,8.0,14.6,14.0,0.6,0.4,0.3,-36.2,-10.5,5.3,-14.7,8.0,21.3,14.0,0.6,0.4,0.3,52.5,132.5,1300.5,460.0,9.0,679.0,14.0,0.7,0.4,0.4,55.0,135.0,1300.0,460.0,9.0,680.0,14.0,0.7,0.4,0.4
1974,2,146.0,20.0,25.37,25.8,26.1,25.7,6.0,0.68,18.0,0.3,0.5,0.2,21.19,22.5,24.65,22.75,6.0,2.03,18.0,0.3,0.5,0.2,14.42,14.78,15.14,14.77,5.0,0.43,20.0,0.4,0.5,0.2,73.5,84.2,93.2,83.6,5.0,10.5,20.0,0.4,0.2,5.05,10.8,12.33,9.4,7.0,3.45,18.0,0.4,0.5,0.2,-9.93,-4.79,3.57,-3.8,7.0,7.01,18.0,0.4,0.5,0.2,-9.22,-6.94,0.08,-4.59,7.0,4.94,18.0,0.4,0.5,0.2,1009.0,1015.0,1017.52,1014.6,7.0,4.6,18.0,0.4,0.5,0.2,1.0,5.0,8.0,4.9,7.0,3.2,18.0,0.4,0.5,0.2,-117.2,-24.4,35.9,-34.9,7.0,82.4,18.0,0.4,0.5,0.2,-107.4,-75.0,0.4,-54.2,7.0,55.0,18.0,0.4,0.5,0.2,0.95,3.25,4.41,2.95,6.0,2.12,18.0,0.3,0.5,0.2,3.9,25.1,53.1,27.6,6.0,24.3,18.0,0.3,0.5,0.2,5.13,5.9,6.54,5.78,5.0,1.14,20.0,0.4,0.5,0.2,31.9,42.0,67.8,48.5,5.0,20.6,20.0,0.4,0.5,0.2,-229.6,-144.1,-65.5,-135.8,6.0,119.4,18.0,0.3,0.5,0.2,-182.8,-74.6,8.3,-79.3,6.0,103.3,18.0,0.3,0.5,0.2,-152.0,-126.2,-66.2,-112.3,5.0,45.4,20.0,0.4,0.5,0.2,-112.9,0.0,9.4,-41.0,5.0,69.1,20.0,0.4,0.5,0.2,-60.0,-33.3,-29.9,-42.5,5.0,16.9,20.0,0.4,0.5,0.2,-35.0,0.0,4.4,-12.8,5.0,24.8,20.0,0.4,0.5,0.2,129.5,1259.5,1874.5,1095.5,7.0,790.5,18.0,0.4,0.5,0.2,130.0,1260.0,1875.0,1095.0,7.0,790.0,18.0,0.4,0.5,0.2
1974,2,146.0,21.0,25.32,26.0,26.82,26.07,3.0,1.1,12.0,0.3,0.5,0.4,21.93,23.3,23.71,22.83,3.0,1.36,12.0,0.3,0.5,0.4,11.52,13.74,13.83,12.7,3.0,1.92,12.0,0.3,0.5,0.4,64.1,74.5,84.0,74.0,3.0,14.6,12.0,0.3,0.4,7.86,8.2,10.66,9.23,3.0,2.24,12.0,0.3,0.5,0.4,-7.81,-7.24,-6.32,-7.07,3.0,1.1,12.0,0.3,0.5,0.4,-7.43,-1.42,1.35,-3.0,3.0,6.57,12.0,0.3,0.5,0.4,1014.13,1015.5,1016.25,1015.2,3.0,1.57,12.0,0.3,0.5,0.4,3.3,4.0,5.4,4.3,3.0,1.5,12.0,0.3,0.5,0.4,-68.5,-66.2,-59.0,-63.9,3.0,7.2,12.0,0.3,0.5,0.4,-86.0,-11.7,10.1,-37.3,3.0,73.9,12.0,0.3,0.5,0.4,1.99,3.9,4.45,3.23,3.0,1.89,12.0,0.3,0.5,0.4,15.9,32.0,48.0,32.0,3.0,23.5,12.0,0.3,0.5,0.4,6.35,7.06,10.45,8.37,3.0,3.21,12.0,0.3,0.5,0.4,58.1,83.3,93.7,76.1,3.0,26.8,12.0,0.3,0.5,0.4,-183.3,-172.9,-140.7,-162.3,3.0,32.6,12.0,0.3,0.5,0.4,-159.1,-33.2,32.4,-62.6,3.0,142.6,12.0,0.3,0.5,0.4,-94.7,-84.7,-82.7,-88.6,3.0,9.4,12.0,0.3,0.5,0.4,-101.5,-14.9,20.0,-40.2,3.0,91.6,12.0,0.3,0.5,0.4,-80.1,-43.6,-42.3,-60.8,3.0,31.5,12.0,0.3,0.5,0.4,-54.7,-17.1,5.4,-24.5,3.0,44.5,12.0,0.3,0.5,0.4,486.5,551.5,1296.5,883.5,3.0,659.5,12.0,0.3,0.5,0.4,485.0,550.0,1295.0,885.0,3.0,660.0,12.0,0.3,0.5,0.4
1974,2,146.0,22.0,23.43,25.5,26.79,25.13,4.0,2.32,10.0,0.8,0.3,0.3,21.82,24.0,25.6,23.86,5.0,2.22,12.0,0.8,0.4,0.3,9.57,12.11,16.41,12.95,4.0,4.49,14.0,0.8,0.4,0.4,55.1,75.0,84.4,70.0,4.0,18.8,14.0,0.8,0.4,3.87,5.7,10.71,7.0,5.0,3.96,12.0,0.8,0.4,0.3,-6.99,-2.3,0.96,-2.92,5.0,5.93,12.0,0.8,0.4,0.3,-5.77,-3.98,-1.5,-3.62,5.0,3.83,12.0,0.8,0.4,0.3,1012.46,1015.0,1020.89,1016.36,5.0,4.78,12.0,0.8,0.4,0.3,2.0,5.5,8.0,5.0,4.0,3.6,14.0,0.8,0.4,0.4,-67.7,-10.6,15.4,-26.6,5.0,70.2,12.0,0.8,0.4,0.3,-63.2,-20.9,-9.5,-33.7,5.0,34.4,12.0,0.8,0.4,0.3,-2.52,1.85,4.02,0.8,4.0,4.28,10.0,0.8,0.3,0.3,-5.6,11.2,32.6,13.4,4.0,24.5,10.0,0.8,0.3,0.3,1.62,10.45,10.83,6.32,3.0,7.63,14.0,0.7,0.4,0.4,28.1,102.4,124.9,77.1,3.0,74.2,14.0,0.7,0.4,0.4,-171.2,-50.6,16.2,-74.4,5.0,141.8,12.0,0.8,0.4,0.3,-132.9,-87.9,-33.4,-80.3,5.0,88.1,12.0,0.8,0.4,0.3,-67.2,-28.0,15.5,-25.9,4.0,62.0,14.0,0.8,0.4,0.4,-73.0,-45.3,5.1,-34.5,4.0,56.0,14.0,0.8,0.4,0.4,-85.8,3.2,36.0,-24.3,3.0,92.3,14.0,0.7,0.4,0.4,-75.2,-46.3,-18.5,-46.9,3.0,41.5,14.0,0.7,0.4,0.4,68.0,185.0,1277.0,620.5,5.0,785.5,12.0,0.8,0.4,0.3,70.0,185.0,1275.0,620.0,5.0,785.0,12.0,0.8,0.4,0.3
1974,2,146.0,23.0,24.06,25.0,26.04,24.98,5.0,1.16,12.0,0.0,0.4,0.4,19.03,19.5,22.58,20.68,5.0,2.53,12.0,0.0,0.4,0.4,8.48,9.88,14.3,11.26,5.0,3.58,12.0,0.0,0.4,0.4,62.2,70.5,83.1,72.4,5.0,11.0,12.0,0.0,0.4,3.24,5.1,11.03,6.56,5.0,4.85,12.0,0.0,0.4,0.4,-0.64,1.74,6.16,2.61,5.0,3.91,12.0,0.0,0.4,0.4,-9.1,-4.79,1.75,-3.67,5.0,6.06,12.0,0.0,0.4,0.4,1011.49,1014.0,1015.94,1013.48,5.0,3.26,12.0,0.0,0.4,0.4,1.6,6.0,7.4,4.8,5.0,3.1,12.0,0.0,0.4,0.4,-3.2,8.9,69.2,30.1,5.0,44.5,12.0,0.0,0.4,0.4,-100.6,-24.4,8.9,-41.6,5.0,60.1,12.0,0.0,0.4,0.4,3.06,4.9,5.62,4.3,5.0,2.43,12.0,0.0,0.4,0.4,0.6,25.5,53.2,27.0,5.0,27.0,12.0,0.0,0.4,0.4,6.31,9.25,10.68,8.52,5.0,3.45,12.0,0.0,0.4,0.4,9.7,47.2,100.2,52.6,5.0,46.8,12.0,0.0,0.4,0.4,-15.8,34.0,121.7,50.8,5.0,82.9,12.0,0.0,0.4,0.4,-177.5,-93.5,43.4,-67.9,5.0,129.5,12.0,0.0,0.4,0.4,-10.7,17.2,63.7,26.3,5.0,49.5,12.0,0.0,0.4,0.4,-90.3,-47.4,29.3,-32.2,5.0,76.6,12.0,0.0,0.4,0.4,-1.9,16.1,55.4,25.1,5.0,31.0,12.0,0.0,0.4,0.4,-80.7,-44.3,5.2,-38.7,5.0,45.0,12.0,0.0,0.4,0.4,84.0,132.5,1373.5,644.0,5.0,809.5,12.0,0.0,0.4,0.4,85.0,135.0,1375.0,645.0,5.0,810.0,12.0,0.0,0.4,0.4
1974,2,146.0,24.0,22.93,23.2,23.27,23.1,3.0,0.26,12.0,0.7,0.3,0.3,20.6,20.6,22.1,21.33,3.0,1.27,12.0,0.7,0.3,0.3,8.19,9.56,10.97,9.58,3.0,2.04,12.0,0.7,0.3,0.3,54.6,63.3,66.3,60.5,3.0,8.8,12.0,0.7,0.3,9.62,10.3,10.3,9.97,3.0,0.58,12.0,0.7,0.3,0.3,-8.76,-7.89,3.58,-2.71,3.0,10.09,12.0,0.7,0.3,0.3,-4.03,-1.61,4.01,-0.05,3.0,6.04,12.0,0.7,0.3,0.3,1013.56,1020.6,1028.8,1020.72,5.0,8.36,18.0,0.8,0.4,0.4,4.6,6.0,7.4,6.0,3.0,2.0,12.0,0.7,0.3,0.3,-83.9,-81.3,36.9,-24.9,3.0,101.1,12.0,0.7,0.3,0.3,-41.0,-15.0,41.8,0.0,3.0,62.0,12.0,0.7,0.3,0.3,1.04,2.2,2.47,1.77,3.0,1.12,12.0,0.7,0.3,0.3,10.7,22.7,23.7,17.3,3.0,10.6,12.0,0.7,0.3,0.3,6.68,7.79,9.33,8.0,3.0,1.95,12.0,0.7,0.3,0.3,68.8,80.3,89.3,79.1,3.0,15.0,12.0,0.7,0.3,0.3,-185.9,-179.9,68.3,-61.6,3.0,212.5,12.0,0.7,0.3,0.3,-83.0,-33.3,92.5,3.9,3.0,132.5,12.0,0.7,0.3,0.3,-84.5,-69.1,36.3,-25.2,3.0,96.3,12.0,0.7,0.3,0.3,-37.5,-12.2,48.6,5.2,3.0,64.9,12.0,0.7,0.3,0.3,-78.2,-48.6,32.0,-23.7,3.0,83.6,12.0,0.7,0.3,0.3,-32.5,-16.2,22.7,-5.2,3.0,41.6,12.0,0.7,0.3,0.3,896.0,1092.5,1092.5,996.5,3.0,166.5,12.0,0.7,0.3,0.3,895.0,1095.0,1095.0,995.0,3.0,165.0,12.0,0.7,0.3,0.3
1974,2,146.0,25.0,19.77,20.5,22.47,21.03,6.0,1.91,16.0,0.7,0.6,0.5,15.79,17.1,19.64,17.77,6.0,2.66,16.0,0.7,0.6,0.5,7.92,8.42,13.33,10.09,6.0,3.23,16.0,0.7,0.6,0.5,66.6,76.7,91.9,78.2,6.0,13.2,16.0,0.7,0.5,7.06,8.75,10.4,8.48,6.0,2.24,16.0,0.7,0.6,0.5,-6.79,1.06,6.31,0.15,6.0,6.77,16.0,0.7,0.6,0.5,-7.35,-5.11,-1.63,-4.31,6.0,4.83,16.0,0.7,0.6,0.5,1011.9,1015.9,1018.94,1015.71,7.0,4.13,16.0,0.7,0.7,0.5,4.8,8.0,8.0,6.4,5.0,3.0,16.0,0.8,0.7,0.5,-57.7,16.3,52.8,4.4,6.0,62.4,16.0,0.7,0.6,0.5,-76.7,-40.7,-19.4,-44.8,6.0,42.9,16.0,0.7,0.6,0.5,1.58,3.4,5.0,3.27,6.0,1.91,16.0,0.7,0.6,0.5,11.1,26.2,47.5,28.4,6.0,19.2,16.0,0.7,0.6,0.5,3.1,5.91,7.65,5.47,6.0,2.48,16.0,0.7,0.6,0.5,18.0,47.0,77.0,47.2,6.0,26.9,16.0,0.7,0.6,0.5,-116.4,17.2,96.3,-1.2,6.0,112.8,16.0,0.7,0.6,0.5,-123.7,-82.5,-22.8,-69.9,6.0,94.7,16.0,0.7,0.6,0.5,-52.0,11.5,53.7,3.2,6.0,57.8,16.0,0.7,0.6,0.5,-69.0,-41.2,-6.8,-37.5,6.0,62.9,16.0,0.7,0.6,0.5,-44.8,0.4,39.5,-2.7,6.0,47.8,16.0,0.7,0.6,0.5,-35.2,-27.8,-10.7,-23.1,6.0,21.4,16.0,0.7,0.6,0.5,382.5,678.0,1127.0,710.5,6.0,429.5,16.0,0.7,0.6,0.5,380.0,680.0,1125.0,710.0,6.0,430.0,16.0,0.7,0.6,0.5
1974,2,146.0,26.0,19.6,21.0,21.14,20.44,5.0,0.99,16.0,0.4,0.5,0.5,15.48,18.65,20.09,18.15,6.0,2.41,14.0,0.3,0.5,0.5,6.66,10.52,10.82,9.24,6.0,2.43,14.0,0.3,0.5,0.5,62.7,73.3,78.9,70.2,6.0,11.1,14.0,0.3,0.5,8.87,10.8,12.5,10.57,6.0,2.11,14.0,0.3,0.5,0.5,-0.47,5.22,8.6,3.52,6.0,7.02,14.0,0.3,0.5,0.5,-9.94,-8.13,-4.82,-7.26,6.0,3.31,14.0,0.3,0.5,0.5,1009.49,1016.75,1021.69,1015.78,8.0,5.96,14.0,0.4,0.5,0.6,5.2,7.0,7.2,6.2,6.0,2.1,14.0,0.3,0.5,0.5,-3.5,58.6,107.7,44.6,6.0,76.7,14.0,0.3,0.5,0.5,-119.8,-84.2,-41.8,-79.6,6.0,44.1,14.0,0.3,0.5,0.5,0.11,2.3,5.75,2.62,5.0,3.39,16.0,0.4,0.5,0.5,-4.0,21.4,63.8,26.9,5.0,40.9,16.0,0.4,0.5,0.5,3.35,4.94,9.11,5.97,5.0,3.25,16.0,0.4,0.5,0.5,29.2,46.0,104.7,62.8,5.0,39.1,16.0,0.4,0.5,0.5,-13.4,82.6,179.5,65.1,6.0,134.0,14.0,0.3,0.5,0.5,-168.8,-133.8,-95.0,-129.6,6.0,59.2,14.0,0.3,0.5,0.5,-12.1,40.8,96.2,32.3,6.0,72.9,14.0,0.3,0.5,0.5,-79.9,-63.3,-47.2,-63.7,6.0,30.6,14.0,0.3,0.5,0.5,-10.4,18.1,36.9,13.9,5.0,40.3,16.0,0.4,0.5,0.5,-88.9,-26.8,-17.3,-48.2,5.0,41.1,16.0,0.4,0.5,0.5,715.5,1268.0,1956.0,1294.5,6.0,671.0,14.0,0.3,0.5,0.5,715.0,1270.0,1955.0,1295.0,6.0,670.0,14.0,0.3,0.5,0.5
1974,2,146.0,27.0,18.27,19.2,21.15,19.73,9.0,1.71,14.0,0.8,0.5,0.5,17.63,19.0,20.87,19.28,9.0,1.73,14.0,0.8,0.5,0.5,8.27,10.48,12.91,10.74,9.0,2.46,14.0,0.8,0.5,0.5,64.8,78.4,85.2,76.5,9.0,10.1,14.0,0.8,0.5,6.81,9.3,14.83,10.49,8.0,4.47,16.0,0.8,0.5,0.6,-5.98,-0.81,12.37,2.06,8.0,9.21,16.0,0.8,0.5,0.6,-7.57,-0.54,7.81,-0.02,8.0,7.49,16.0,0.8,0.5,0.6,1012.0,1019.05,1024.96,1017.97,12.0,8.11,16.0,0.7,0.5,0.5,3.8,7.0,7.0,5.8,9.0,2.3,14.0,0.8,0.5,0.5,-38.1,-7.5,187.4,56.5,8.0,140.8,16.0,0.8,0.5,0.6,-114.9,-3.3,71.6,-13.4,8.0,87.9,16.0,0.8,0.5,0.6,-1.58,1.0,1.92,0.46,9.0,2.27,14.0,0.8,0.5,0.5,-17.2,9.4,15.1,2.3,8.0,19.9,16.0,0.8,0.5,0.6,0.64,4.15,5.4,3.59,9.0,2.84,14.0,0.8,0.5,0.5,4.1,38.1,82.5,39.4,8.0,37.4,16.0,0.8,0.5,0.6,-116.7,-16.1,224.0,34.2,8.0,167.4,16.0,0.8,0.5,0.6,-135.8,-12.0,158.1,3.0,8.0,146.7,16.0,0.8,0.5,0.6,-55.4,-8.5,104.0,12.6,8.0,83.7,16.0,0.8,0.5,0.6,-62.0,-8.1,97.9,8.1,8.0,82.1,16.0,0.8,0.5,0.6,-18.6,-3.6,66.2,9.0,8.0,47.8,16.0,0.8,0.5,0.6,-41.7,-3.5,7.7,-11.7,8.0,25.1,16.0,0.8,0.5,0.6,318.0,804.5,3368.5,1776.0,8.0,2329.5,16.0,0.8,0.5,0.6,320.0,805.0,3370.0,1775.0,8.0,2330.0,16.0,0.8,0.5,0.6
1974,2,146.0,28.0,19.11,20.0,21.6,20.18,9.0,1.15,10.0,0.6,0.6,0.5,15.53,18.0,19.47,17.57,9.0,2.61,10.0,0.6,0.6,0.5,8.11,8.66,11.48,9.46,9.0,2.0,10.0,0.6,0.6,0.5,66.5,74.5,82.7,75.1,9.0,7.9,10.0,0.6,0.5,5.83,8.2,10.03,8.58,9.0,3.01,10.0,0.6,0.6,0.5,-3.32,5.15,8.08,3.84,9.0,5.93,10.0,0.6,0.6,0.5,-5.88,-1.42,6.15,-1.0,9.0,6.24,10.0,0.6,0.6,0.5,1011.01,1019.1,1023.52,1017.98,11.0,6.81,12.0,0.5,0.5,0.5,3.3,6.0,8.0,5.6,9.0,2.4,10.0,0.6,0.6,0.5,-18.8,51.5,66.2,45.4,9.0,63.7,10.0,0.6,0.6,0.5,-41.8,-11.7,56.2,-11.2,9.0,70.7,10.0,0.6,0.6,0.5,0.33,3.5,4.73,2.61,9.0,2.87,10.0,0.6,0.6,0.5,3.3,23.0,30.5,24.9,9.0,32.6,10.0,0.6,0.6,0.5,2.61,5.5,7.5,5.24,9.0,2.28,10.0,0.6,0.6,0.5,23.4,38.8,58.6,46.5,9.0,34.1,10.0,0.6,0.6,0.5,-49.5,100.4,128.9,63.1,9.0,94.0,10.0,0.6,0.6,0.5,-123.9,-22.9,118.9,-11.9,9.0,113.0,10.0,0.6,0.6,0.5,-25.8,54.4,67.4,32.5,9.0,50.0,10.0,0.6,0.6,0.5,-57.4,-12.0,71.0,-1.1,9.0,63.3,10.0,0.6,0.6,0.5,-23.3,14.2,47.5,21.7,9.0,42.2,10.0,0.6,0.6,0.5,-35.1,-7.8,15.2,-13.8,9.0,32.7,10.0,0.6,0.6,0.5,199.5,551.5,1015.0,868.0,9.0,1086.0,10.0,0.6,0.6,0.5,200.0,550.0,1015.0,870.0,9.0,1085.0,10.0,0.6,0.6,0.5
1974,2,146.0,29.0,17.89,18.35,19.37,18.51,10.0,0.89,14.0,0.6,0.4,0.4,14.59,17.2,18.3,16.64,11.0,1.78,14.0,0.6,0.4,0.4,6.14,8.69,10.19,8.54,11.0,2.32,14.0,0.6,0.4,0.4,60.7,71.2,79.9,71.6,11.0,12.6,14.0,0.6,0.4,5.33,9.3,11.3,8.85,11.0,4.09,14.0,0.6,0.4,0.4,0.66,4.65,9.23,5.01,11.0,5.97,14.0,0.6,0.4,0.4,-6.51,-3.52,4.87,-1.22,11.0,6.16,14.0,0.6,0.4,0.4,1012.03,1017.5,1019.33,1015.76,11.0,4.12,14.0,0.6,0.4,0.4,1.6,5.0,8.0,4.6,11.0,2.8,14.0,0.6,0.4,0.4,-1.1,37.9,98.6,55.9,11.0,91.8,14.0,0.6,0.4,0.4,-72.8,-36.1,37.3,-15.7,11.0,65.4,14.0,0.6,0.4,0.4,0.54,1.0,3.7,1.93,10.0,1.94,14.0,0.6,0.4,0.4,3.3,9.3,40.0,19.9,10.0,22.3,14.0,0.6,0.4,0.4,3.04,4.49,6.92,4.78,10.0,2.38,14.0,0.6,0.4,0.4,12.4,38.4,84.6,44.7,10.0,34.5,14.0,0.6,0.4,0.4,8.4,88.4,137.3,78.1,11.0,95.4,14.0,0.6,0.4,0.4,-97.5,-56.4,91.0,-12.6,11.0,105.7,14.0,0.6,0.4,0.4,1.9,49.9,66.5,35.1,11.0,49.4,14.0,0.6,0.4,0.4,-41.4,-28.7,51.8,1.3,11.0,60.7,14.0,0.6,0.4,0.4,2.7,14.5,67.6,30.8,10.0,34.8,14.0,0.6,0.4,0.4,-39.7,-23.4,7.0,-18.3,10.0,27.8,14.0,0.6,0.4,0.4,168.5,804.5,1443.0,1122.5,11.0,1499.5,14.0,0.6,0.4,0.4,170.0,805.0,1445.0,1125.0,11.0,1500.0,14.0,0.6,0.4,0.4
1974,2,146.0,30.0,16.3,17.0,18.39,17.37,15.0,1.08,16.0,0.5,0.4,0.5,13.34,15.0,16.39,14.88,15.0,1.66,16.0,0.5,0.4,0.5,7.06,7.65,8.73,8.01,14.0,1.36,16.0,0.5,0.4,0.5,65.3,76.7,82.6,75.5,14.0,8.7,16.0,0.5,0.5,8.99,12.3,15.4,13.01,15.0,4.65,16.0,0.5,0.4,0.5,2.07,9.26,15.19,9.11,15.0,7.78,16.0,0.5,0.4,0.5,-10.28,-2.41,5.99,-1.84,15.0,7.06,16.0,0.5,0.4,0.5,1005.67,1015.4,1018.16,1012.86,15.0,6.59,16.0,0.5,0.4,0.5,4.0,6.0,7.0,5.5,15.0,1.6,16.0,0.5,0.4,0.5,24.6,99.7,234.0,147.6,15.0,162.2,16.0,0.5,0.4,0.5,-123.7,-33.6,77.7,-15.9,15.0,93.7,16.0,0.5,0.4,0.5,0.77,2.5,3.89,2.49,15.0,2.09,16.0,0.5,0.4,0.5,9.0,29.5,58.2,32.7,15.0,24.9,16.0,0.5,0.4,0.5,3.34,4.39,5.38,4.41,14.0,1.6,16.0,0.5,0.4,0.5,36.3,58.6,82.3,58.4,14.0,24.9,16.0,0.5,0.4,0.5,31.8,123.1,241.0,134.6,15.0,115.6,16.0,0.5,0.4,0.5,-138.8,-30.2,106.7,-22.3,15.0,106.9,16.0,0.5,0.4,0.5,19.5,72.4,155.8,79.3,14.0,57.3,16.0,0.5,0.4,0.5,-85.2,-8.0,57.8,-10.2,14.0,60.9,16.0,0.5,0.4,0.5,10.3,45.4,80.0,45.9,14.0,32.0,16.0,0.5,0.4,0.5,-46.3,-6.5,17.0,-10.7,14.0,29.8,16.0,0.5,0.4,0.5,734.0,1861.0,3652.5,3071.5,15.0,3604.0,16.0,0.5,0.4,0.5,735.0,1860.0,3650.0,3070.0,15.0,3605.0,16.0,0.5,0.4,0.5
1974,2,146.0,31.0,16.27,17.0,18.98,17.41,15.0,1.23,14.0,0.6,0.4,0.6,11.57,13.5,15.93,13.99,16.0,2.63,14.0,0.6,0.4,0.6,5.86,6.97,9.74,7.48,14.0,2.18,14.0,0.6,0.4,0.6,63.9,71.8,85.3,73.7,14.0,10.8,14.0,0.6,0.6,6.89,10.3,12.67,9.42,16.0,3.71,14.0,0.6,0.4,0.6,-4.64,0.0,9.76,1.99,16.0,6.71,14.0,0.6,0.4,0.6,-7.53,0.0,9.92,0.58,16.0,7.66,14.0,0.6,0.4,0.6,1008.52,1016.15,1022.22,1015.57,16.0,6.96,14.0,0.6,0.4,0.6,5.4,8.0,8.0,7.0,16.0,1.5,14.0,0.6,0.4,0.6,-46.8,0.0,110.3,26.5,16.0,79.3,14.0,0.6,0.4,0.6,-75.6,0.0,106.3,8.1,16.0,85.8,14.0,0.6,0.4,0.6,0.0,4.0,5.89,3.31,15.0,3.22,14.0,0.6,0.4,0.6,0.0,28.8,57.2,30.6,15.0,39.9,14.0,0.6,0.4,0.6,2.36,5.1,6.63,4.77,14.0,2.43,14.0,0.6,0.4,0.6,6.9,48.7,72.1,45.9,14.0,33.9,14.0,0.6,0.4,0.6,-71.3,0.0,132.1,24.9,16.0,91.0,14.0,0.6,0.4,0.6,-90.7,0.0,155.3,24.1,16.0,112.7,14.0,0.6,0.4,0.6,-43.1,0.0,75.8,11.9,14.0,50.3,14.0,0.6,0.4,0.6,-43.1,0.0,92.3,18.3,14.0,64.0,14.0,0.6,0.4,0.6,-17.3,0.0,55.0,15.7,14.0,41.1,14.0,0.6,0.4,0.6,-55.2,0.0,26.9,-8.9,14.0,37.1,14.0,0.6,0.4,0.6,328.5,1100.5,2038.0,1152.5,16.0,871.0,14.0,0.6,0.4,0.6,330.0,1100.0,2040.0,1150.0,16.0,870.0,14.0,0.6,0.4,0.6
1974,2,146.0,32.0,16.0,17.3,19.0,17.33,25.0,1.33,14.0,0.6,0.4,0.5,10.72,14.0,17.28,14.21,29.0,3.1,14.0,0.6,0.4,0.5,5.41,7.91,10.44,7.94,27.0,2.16,14.0,0.6,0.4,0.5,66.9,78.8,87.6,78.4,27.0,11.2,14.0,0.6,0.5,9.3,11.3,17.0,12.4,29.0,4.42,14.0,0.6,0.4,0.5,0.0,5.4,14.72,5.54,29.0,7.74,14.0,0.6,0.4,0.5,-10.49,0.0,9.33,-0.34,29.0,9.33,14.0,0.6,0.4,0.5,1004.28,1015.0,1019.46,1012.71,27.0,7.95,14.0,0.6,0.4,0.5,3.0,7.0,8.0,6.1,29.0,2.3,14.0,0.6,0.4,0.5,0.0,51.5,250.3,88.7,29.0,136.6,14.0,0.6,0.4,0.5,-131.4,0.0,132.1,-4.3,29.0,130.4,14.0,0.6,0.4,0.5,0.0,2.0,7.92,3.08,25.0,3.31,14.0,0.6,0.4,0.5,0.0,25.8,87.1,36.2,25.0,40.3,14.0,0.6,0.4,0.5,2.18,3.99,6.74,4.21,24.0,2.23,14.0,0.6,0.4,0.5,23.7,45.3,81.3,51.0,24.0,30.0,14.0,0.6,0.4,0.5,0.0,56.5,199.7,75.1,29.0,114.3,14.0,0.6,0.4,0.5,-110.2,0.0,142.9,7.4,29.0,137.2,14.0,0.6,0.4,0.5,0.0,32.1,123.1,39.2,27.0,68.7,14.0,0.6,0.4,0.5,-56.9,0.0,78.7,9.3,27.0,76.0,14.0,0.6,0.4,0.5,0.0,22.8,52.0,27.3,24.0,32.4,14.0,0.6,0.4,0.5,-62.0,0.0,22.5,-13.3,24.0,40.0,14.0,0.6,0.4,0.5,804.5,1443.0,4913.0,2613.5,29.0,2534.5,14.0,0.6,0.4,0.5,805.0,1445.0,4915.0,2615.0,29.0,2535.0,14.0,0.6,0.4,0.5
1974,2,146.0,33.0,15.09,16.0,18.0,16.41,21.0,1.62,14.0,0.5,0.4,0.4,9.9,13.4,16.0,12.77,25.0,2.68,14.0,0.6,0.4,0.5,5.24,7.58,9.67,7.56,23.0,2.06,16.0,0.6,0.4,0.4,69.9,80.9,93.7,80.2,23.0,11.8,16.0,0.6,0.4,6.16,11.55,15.4,11.07,26.0,4.51,16.0,0.6,0.4,0.5,-4.03,0.63,5.62,1.11,26.0,7.15,16.0,0.6,0.4,0.5,-11.33,-0.23,11.21,0.25,26.0,9.76,16.0,0.6,0.4,0.5,1009.08,1015.55,1022.52,1015.27,26.0,7.09,16.0,0.6,0.4,0.5,5.8,7.0,8.0,6.6,25.0,2.0,16.0,0.6,0.5,0.4,-34.4,4.5,87.9,23.0,26.0,114.2,16.0,0.6,0.4,0.5,-151.5,1.9,146.1,5.5,26.0,138.1,16.0,0.6,0.4,0.5,0.17,3.5,7.41,3.83,21.0,3.13,14.0,0.5,0.4,0.4,0.6,34.8,99.2,42.2,21.0,41.2,14.0,0.5,0.4,0.4,1.3,4.69,6.93,4.16,21.0,2.52,14.0,0.5,0.4,0.4,12.3,53.9,94.2,46.4,21.0,34.9,14.0,0.5,0.4,0.4,-52.3,0.0,64.7,14.0,25.0,93.7,14.0,0.6,0.4,0.5,-100.0,-27.0,168.0,17.9,25.0,129.2,14.0,0.6,0.4,0.5,-38.6,0.0,43.8,7.7,23.0,59.6,16.0,0.6,0.4,0.4,-57.2,8.2,103.9,15.3,23.0,75.5,16.0,0.6,0.4,0.4,-23.1,0.0,26.1,-1.3,21.0,35.5,14.0,0.5,0.4,0.4,-50.4,-1.3,26.3,-9.7,21.0,46.0,14.0,0.5,0.4,0.4,235.0,1543.0,3652.5,2026.5,26.0,2337.5,16.0,0.6,0.4,0.5,235.0,1545.0,3650.0,2025.0,26.0,2340.0,16.0,0.6,0.4,0.5
1974,2,146.0,34.0,12.08,15.6,17.0,15.08,33.0,2.19,14.0,0.5,0.5,0.5,7.21,10.6,15.47,11.06,39.0,3.37,14.0,0.5,0.5,0.4,4.72,5.76,9.32,6.51,33.0,2.2,14.0,0.5,0.5,0.4,66.1,80.2,88.6,77.5,34.0,12.5,14.0,0.5,0.4,5.72,12.9,17.98,12.4,39.0,5.71,14.0,0.5,0.5,0.4,0.0,5.27,13.41,6.58,39.0,7.71,14.0,0.5,0.5,0.4,-10.71,-4.04,5.09,-2.05,39.0,9.06,14.0,0.5,0.5,0.4,999.14,1010.0,1018.0,1008.86,37.0,8.35,14.0,0.5,0.5,0.4,4.8,7.0,8.0,6.4,35.0,1.9,14.0,0.5,0.5,0.4,0.0,61.4,208.3,102.2,39.0,160.1,14.0,0.5,0.5,0.4,-162.1,-28.9,41.8,-31.8,39.0,147.3,14.0,0.5,0.5,0.4,1.82,4.5,7.0,4.15,33.0,3.51,14.0,0.5,0.5,0.5,16.3,41.6,82.1,46.9,33.0,61.9,14.0,0.5,0.5,0.5,2.69,4.21,6.59,4.23,30.0,2.43,14.0,0.5,0.5,0.5,18.9,51.0,76.1,49.0,30.0,42.1,14.0,0.5,0.5,0.5,0.0,68.5,146.1,73.1,39.0,103.2,14.0,0.5,0.5,0.4,-83.2,-30.3,61.1,-4.5,39.0,110.7,14.0,0.5,0.5,0.4,7.8,44.2,72.7,47.7,33.0,62.1,14.0,0.5,0.5,0.4,-52.6,0.0,29.5,1.4,33.0,62.0,14.0,0.5,0.5,0.4,0.0,21.9,69.2,29.1,30.0,40.6,14.0,0.5,0.5,0.5,-55.0,-9.4,17.3,-16.0,30.0,38.4,14.0,0.5,0.5,0.5,187.0,2146.5,5817.5,3134.0,39.0,3707.0,14.0,0.5,0.5,0.4,185.0,2145.0,5820.0,3135.0,39.0,3705.0,14.0,0.5,0.5,0.4
1974,2,146.0,35.0,15.27,16.75,18.0,16.72,16.0,1.73,16.0,0.8,0.4,0.3,6.56,8.0,13.92,9.7,27.0,3.84,14.0,0.5,0.4,0.4,4.01,5.07,6.44,5.47,18.0,1.81,14.0,0.7,0.4,0.3,58.4,76.1,91.6,75.1,18.0,15.6,14.0,0.7,0.3,6.33,10.8,18.0,12.02,27.0,5.79,14.0,0.5,0.4,0.4,-4.99,1.25,14.23,3.45,27.0,9.94,14.0,0.5,0.4,0.4,-9.58,-5.98,1.64,-3.81,27.0,7.57,14.0,0.5,0.4,0.4,1009.54,1014.0,1021.96,1014.76,27.0,6.79,14.0,0.5,0.4,0.4,5.7,7.0,8.0,6.8,24.0,1.5,14.0,0.5,0.4,0.3,-48.9,9.0,220.2,68.0,27.0,177.3,14.0,0.5,0.4,0.4,-109.4,-51.1,17.7,-47.6,27.0,142.3,14.0,0.5,0.4,0.4,0.45,7.75,10.19,6.28,16.0,5.1,16.0,0.8,0.4,0.3,-2.6,73.6,111.6,74.0,16.0,70.6,16.0,0.8,0.4,0.3,3.54,6.21,7.67,5.9,14.0,2.68,14.0,0.7,0.4,0.3,23.2,66.5,93.3,69.4,14.0,45.0,14.0,0.7,0.4,0.3,-34.1,8.8,151.3,43.1,27.0,116.5,14.0,0.5,0.4,0.4,-88.4,-36.2,16.4,-21.2,27.0,81.1,14.0,0.5,0.4,0.4,-13.7,30.8,85.7,33.7,18.0,57.6,14.0,0.7,0.4,0.3,-54.5,-30.6,3.3,-18.8,18.0,53.7,14.0,0.7,0.4,0.3,-28.0,19.3,69.8,25.4,14.0,53.6,14.0,0.7,0.4,0.3,-73.9,-37.8,8.1,-35.0,14.0,48.2,14.0,0.7,0.4,0.3,255.5,1259.5,5832.0,3006.5,27.0,3999.0,14.0,0.5,0.4,0.4,255.0,1260.0,5830.0,3005.0,27.0,4000.0,14.0,0.5,0.4,0.4
1974,2,146.0,36.0,11.88,16.0,17.62,14.8,15.0,2.99,14.0,0.7,0.5,0.3,6.58,11.7,13.73,10.83,17.0,3.88,14.0,0.7,0.5,0.3,4.06,5.58,8.61,6.37,16.0,2.58,14.0,0.7,0.5,0.3,61.2,77.6,90.8,75.6,16.0,13.9,14.0,0.7,0.3,7.97,14.4,20.08,14.3,17.0,5.58,14.0,0.7,0.5,0.3,-6.54,2.5,13.03,3.19,17.0,10.08,14.0,0.7,0.5,0.3,-10.05,-5.27,13.56,-0.59,17.0,11.65,14.0,0.7,0.5,0.3,999.19,1009.0,1017.74,1007.79,17.0,10.81,14.0,0.7,0.5,0.3,6.0,8.0,8.0,6.8,14.0,2.0,14.0,0.7,0.5,0.3,-60.9,36.0,200.7,56.3,17.0,205.9,14.0,0.7,0.5,0.3,-135.3,-44.2,259.9,15.2,17.0,207.2,14.0,0.7,0.5,0.3,1.0,5.0,7.35,4.26,15.0,3.36,14.0,0.7,0.5,0.3,13.1,56.5,100.8,55.5,15.0,47.5,14.0,0.7,0.5,0.3,3.0,4.11,7.3,4.44,15.0,2.23,14.0,0.7,0.5,0.3,33.7,49.6,95.2,57.5,15.0,33.6,14.0,0.7,0.5,0.3,-65.8,35.0,141.1,34.1,17.0,125.7,14.0,0.7,0.5,0.3,-77.2,-40.4,187.7,27.5,17.0,137.2,14.0,0.7,0.5,0.3,-21.0,17.5,82.7,26.6,16.0,76.3,14.0,0.7,0.5,0.3,-49.6,-28.3,117.0,13.0,16.0,84.9,14.0,0.7,0.5,0.3,0.0,9.0,80.3,25.8,15.0,38.2,14.0,0.7,0.5,0.3,-71.9,-31.1,30.6,-22.8,15.0,44.0,14.0,0.7,0.5,0.3,507.5,2986.0,8570.0,4252.0,17.0,4596.0,14.0,0.7,0.5,0.3,510.0,2985.0,8570.0,4250.0,17.0,4595.0,14.0,0.7,0.5,0.3
1974,2,146.0,37.0,9.38,10.0,15.41,11.78,11.0,3.49,16.0,0.5,0.4,0.5,3.87,5.75,6.88,5.63,12.0,1.82,16.0,0.5,0.4,0.5,3.06,3.57,4.11,3.66,10.0,0.9,16.0,0.6,0.3,0.5,58.1,69.7,82.3,69.3,11.0,15.8,16.0,0.5,0.5,8.51,10.8,15.81,11.67,12.0,4.49,16.0,0.5,0.4,0.5,-0.81,2.99,12.11,5.12,12.0,6.9,16.0,0.5,0.4,0.5,-10.7,-9.32,-5.79,-7.17,12.0,6.04,16.0,0.5,0.4,0.5,1010.17,1015.8,1020.28,1015.5,11.0,6.34,18.0,0.5,0.3,0.5,4.6,7.0,8.0,6.4,11.0,1.7,16.0,0.5,0.3,0.5,-7.5,31.0,191.8,82.0,12.0,129.7,16.0,0.5,0.4,0.5,-144.8,-93.3,-35.2,-72.0,12.0,106.7,16.0,0.5,0.4,0.5,3.79,4.5,10.03,5.95,11.0,3.72,16.0,0.5,0.4,0.5,30.6,45.2,118.7,72.0,11.0,61.5,16.0,0.5,0.4,0.5,3.02,5.52,7.73,5.31,9.0,2.58,18.0,0.7,0.3,0.5,26.1,34.8,89.0,59.5,9.0,46.8,18.0,0.7,0.3,0.5,-5.3,11.6,76.5,28.9,12.0,45.2,16.0,0.5,0.4,0.5,-65.3,-43.1,-29.1,-39.6,12.0,38.4,16.0,0.5,0.4,0.5,-10.0,7.1,26.0,8.8,10.0,18.7,16.0,0.6,0.3,0.5,-42.8,-29.1,-21.9,-31.5,10.0,10.9,16.0,0.6,0.3,0.5,-4.2,8.1,55.0,22.2,9.0,46.8,18.0,0.7,0.3,0.5,-70.0,-34.8,-24.6,-48.1,9.0,28.6,18.0,0.7,0.3,0.5,660.5,1268.0,3973.0,2300.5,12.0,2811.0,16.0,0.5,0.4,0.5,660.0,1270.0,3975.0,2300.0,12.0,2810.0,16.0,0.5,0.4,0.5
1974,2,146.0,38.0,8.83,10.0,11.35,10.56,24.0,2.32,16.0,0.4,0.4,0.6,2.06,4.5,8.87,5.22,27.0,3.12,16.0,0.4,0.4,0.6,3.15,3.76,5.85,4.53,23.0,1.48,16.0,0.4,0.4,0.6,68.7,81.6,89.3,80.1,24.0,9.6,16.0,0.4,0.6,6.48,11.85,17.0,12.32,28.0,5.98,16.0,0.4,0.4,0.6,-4.58,3.74,14.12,4.59,28.0,9.01,16.0,0.4,0.4,0.6,-10.83,-6.93,4.27,-4.11,28.0,8.52,16.0,0.4,0.4,0.6,1004.57,1015.5,1019.6,1013.18,25.0,8.74,16.0,0.4,0.4,0.6,4.0,7.0,8.0,6.2,26.0,2.3,16.0,0.4,0.4,0.5,-39.3,30.7,234.8,86.0,28.0,188.4,16.0,0.4,0.4,0.6,-196.0,-60.4,53.8,-67.9,28.0,140.3,16.0,0.4,0.4,0.6,1.65,5.0,8.35,5.13,24.0,2.98,16.0,0.4,0.4,0.6,13.9,49.5,92.3,60.2,24.0,50.1,16.0,0.4,0.4,0.6,2.24,3.64,4.81,3.48,22.0,1.32,16.0,0.5,0.4,0.6,14.9,36.6,61.3,39.6,22.0,22.8,16.0,0.5,0.4,0.6,-23.6,15.0,38.7,9.0,27.0,38.2,16.0,0.4,0.4,0.6,-45.4,-15.9,35.9,0.3,27.0,59.3,16.0,0.4,0.4,0.6,-22.4,15.9,39.1,11.5,23.0,37.5,16.0,0.4,0.4,0.6,-36.9,-21.4,18.1,-10.0,23.0,45.5,16.0,0.4,0.4,0.6,-20.3,9.7,35.2,11.3,22.0,28.9,16.0,0.5,0.4,0.6,-36.4,-21.8,6.8,-16.7,22.0,30.1,16.0,0.5,0.4,0.6,277.0,1703.0,4913.0,3290.5,28.0,4763.5,16.0,0.4,0.4,0.6,275.0,1705.0,4915.0,3290.0,28.0,4765.0,16.0,0.4,0.4,0.6
1974,2,146.0,39.0,8.0,9.1,11.0,9.57,12.0,1.74,14.0,0.8,0.4,0.4,2.9,4.5,10.05,6.09,13.0,3.32,14.0,0.8,0.4,0.4,3.5,4.12,6.4,4.74,11.0,1.4,16.0,0.8,0.4,0.4,72.3,84.9,89.9,81.9,11.0,11.1,16.0,0.8,0.4,5.92,10.3,12.08,9.6,12.0,3.92,16.0,0.8,0.3,0.3,-4.32,4.85,9.2,3.37,12.0,6.11,16.0,0.8,0.3,0.3,-9.25,-3.92,2.16,-2.83,12.0,7.58,16.0,0.8,0.3,0.3,1011.86,1015.0,1016.43,1015.35,13.0,3.9,14.0,0.8,0.4,0.4,4.0,7.0,8.0,6.5,13.0,2.2,14.0,0.8,0.4,0.4,-48.6,29.2,101.5,39.3,12.0,78.7,16.0,0.8,0.3,0.3,-99.2,-33.0,29.9,-28.2,12.0,97.6,16.0,0.8,0.3,0.3,-0.26,4.6,6.38,3.47,12.0,3.81,14.0,0.8,0.4,0.4,-9.9,28.3,58.8,28.1,11.0,45.9,16.0,0.8,0.4,0.4,0.64,2.74,4.21,2.48,11.0,1.79,16.0,0.8,0.4,0.4,1.2,18.8,36.7,21.1,10.0,22.3,16.0,0.8,0.4,0.4,-16.9,21.9,50.8,20.3,12.0,41.8,16.0,0.8,0.3,0.3,-48.8,-17.8,21.4,-10.2,12.0,66.2,16.0,0.8,0.3,0.3,-23.1,14.7,44.5,12.2,10.0,33.1,16.0,0.8,0.4,0.4,-40.9,-17.1,35.9,-5.9,10.0,46.1,16.0,0.8,0.4,0.4,-7.5,2.0,32.1,10.0,10.0,21.9,16.0,0.8,0.4,0.4,-20.5,-10.6,-0.8,-11.4,10.0,15.9,16.0,0.8,0.4,0.4,211.5,1092.5,1771.0,1289.5,12.0,1340.5,16.0,0.8,0.3,0.3,210.0,1095.0,1770.0,1290.0,12.0,1340.0,16.0,0.8,0.3,0.3
1974,2,146.0,40.0,3.92,7.0,7.71,6.31,11.0,2.74,14.0,0.6,0.4,0.4,-0.08,1.5,5.24,2.14,11.0,3.45,14.0,0.6,0.4,0.4,2.96,3.46,4.06,3.57,10.0,0.97,14.0,0.7,0.4,0.4,61.0,82.6,92.3,78.2,10.0,18.4,14.0,0.7,0.4,2.11,10.3,12.14,9.06,10.0,6.12,14.0,0.7,0.3,0.4,1.82,5.72,9.28,6.47,10.0,5.64,14.0,0.7,0.3,0.4,-9.3,-3.35,0.7,-3.28,10.0,6.19,14.0,0.7,0.3,0.4,1009.73,1014.5,1021.65,1015.49,11.0,6.77,14.0,0.6,0.4,0.4,3.0,6.5,8.0,5.5,10.0,2.8,12.0,0.6,0.4,0.4,5.6,62.5,99.3,86.1,10.0,116.7,14.0,0.7,0.3,0.4,-119.0,-32.9,2.5,-45.2,10.0,76.3,14.0,0.7,0.3,0.4,2.47,4.0,7.0,4.17,11.0,3.99,14.0,0.6,0.4,0.4,0.4,36.6,71.8,37.2,10.0,52.4,14.0,0.7,0.3,0.4,1.6,2.45,3.07,2.62,10.0,1.41,14.0,0.7,0.4,0.4,11.4,21.9,33.4,24.0,9.0,16.1,16.0,0.8,0.4,0.4,0.0,6.8,28.8,12.1,10.0,14.5,14.0,0.7,0.3,0.4,-12.1,0.0,1.9,4.4,10.0,28.7,14.0,0.7,0.3,0.4,10.7,28.3,38.2,25.8,9.0,19.6,16.0,0.8,0.4,0.4,-33.3,-14.9,1.9,-13.7,9.0,21.1,16.0,0.8,0.4,0.4,7.9,12.2,24.5,17.4,9.0,15.6,16.0,0.8,0.4,0.4,-19.9,-9.4,2.4,-8.7,9.0,15.5,16.0,0.8,0.4,0.4,20.5,1092.5,1793.5,1677.0,10.0,2576.5,14.0,0.7,0.3,0.4,20.0,1095.0,1795.0,1675.0,10.0,2575.0,14.0,0.7,0.3,0.4
1974,2,146.0,41.0,4.13,7.0,7.79,6.2,14.0,2.17,14.0,0.2,0.5,0.5,-2.53,0.0,2.82,-0.07,16.0,2.92,14.0,0.3,0.5,0.5,2.97,3.33,4.0,3.49,5.0,0.74,14.0,0.4,0.5,0.6,77.7,84.0,88.9,82.9,5.0,8.9,14.0,0.4,0.6,7.2,8.2,18.65,11.23,15.0,6.0,14.0,0.3,0.5,0.5,-2.76,2.96,12.89,4.48,15.0,8.47,14.0,0.3,0.5,0.5,-9.88,-6.28,-0.33,-5.25,15.0,6.95,14.0,0.3,0.5,0.5,998.56,1016.0,1021.06,1011.36,16.0,11.73,14.0,0.3,0.5,0.5,5.0,7.0,7.9,6.1,14.0,1.7,14.0,0.3,0.5,0.5,-22.0,13.6,237.0,86.1,15.0,158.6,14.0,0.3,0.5,0.5,-119.8,-51.8,-1.0,-71.3,15.0,122.8,14.0,0.3,0.5,0.5,2.52,7.5,9.67,6.71,14.0,3.48,14.0,0.2,0.5,0.5,22.6,63.4,110.4,69.0,13.0,51.2,14.0,0.2,0.5,0.5,1.52,2.66,3.3,2.47,5.0,0.91,14.0,0.4,0.5,0.6,23.3,32.1,62.8,41.0,5.0,21.4,14.0,0.4,0.5,0.6,-22.1,0.0,9.8,-4.7,15.0,17.9,14.0,0.3,0.5,0.5,-15.7,0.0,27.1,5.4,15.0,24.5,14.0,0.3,0.5,0.5,-22.5,35.4,55.8,22.3,5.0,44.6,14.0,0.4,0.5,0.6,-45.0,-14.1,16.0,-11.2,5.0,43.1,14.0,0.4,0.5,0.6,-13.0,20.7,49.2,18.6,5.0,34.3,14.0,0.4,0.5,0.6,-34.6,-10.4,1.5,-15.3,5.0,25.9,14.0,0.4,0.5,0.6,373.0,551.5,6821.5,2683.5,15.0,3758.0,14.0,0.3,0.5,0.5,375.0,550.0,6820.0,2685.0,15.0,3760.0,14.0,0.3,0.5,0.5
1974,2,146.0,42.0,0.97,2.1,6.6,3.02,26.0,2.43,18.0,0.6,0.3,0.6,-1.78,0.0,2.69,0.47,29.0,3.44,18.0,0.6,0.3,0.6,2.28,2.78,3.37,2.78,5.0,0.71,16.0,0.4,0.2,0.4,74.6,81.2,90.0,81.9,5.0,11.3,16.0,0.4,0.4,3.01,7.2,13.77,7.61,27.0,5.27,18.0,0.6,0.3,0.6,-1.94,0.0,6.87,1.18,27.0,7.09,18.0,0.6,0.3,0.6,-7.04,-1.35,4.66,-0.85,27.0,5.96,18.0,0.6,0.3,0.6,1004.6,1016.6,1023.16,1014.58,29.0,8.52,18.0,0.6,0.3,0.6,0.0,6.0,8.0,4.8,29.0,3.3,18.0,0.6,0.3,0.6,-13.8,0.0,51.5,17.0,27.0,117.4,18.0,0.6,0.3,0.6,-50.3,-2.8,38.9,1.4,27.0,70.7,18.0,0.6,0.3,0.6,-0.03,2.45,6.02,2.87,26.0,3.75,18.0,0.6,0.3,0.6,-2.6,15.1,50.0,18.7,23.0,35.0,18.0,0.7,0.3,0.6,1.01,1.63,2.67,1.78,5.0,0.9,16.0,0.4,0.2,0.4,8.1,18.8,23.1,16.1,5.0,7.9,16.0,0.4,0.2,0.4,-0.1,0.8,13.2,4.7,26.0,15.1,18.0,0.6,0.3,0.6,-5.3,0.0,27.7,6.0,26.0,17.8,18.0,0.6,0.3,0.6,-10.9,-4.7,12.4,1.0,5.0,21.6,16.0,0.4,0.2,0.4,-28.2,-12.0,5.0,-11.2,5.0,18.6,16.0,0.4,0.2,0.4,-5.8,-3.3,7.4,0.9,5.0,12.2,16.0,0.4,0.2,0.4,-19.9,-6.2,2.9,-7.8,5.0,12.7,16.0,0.4,0.2,0.4,27.5,373.0,2617.5,1167.5,27.0,2109.5,18.0,0.6,0.3,0.6,25.0,375.0,2620.0,1165.0,27.0,2110.0,18.0,0.6,0.3,0.6
1974,2,146.0,43.0,0.0,1.0,2.5,1.16,75.0,1.46,12.0,0.7,0.6,0.4,-4.2,0.0,2.03,-0.85,81.0,3.17,12.0,0.7,0.5,0.4,2.69,3.17,3.59,3.14,3.0,0.66,12.0,0.7,0.4,0.0,78.1,93.6,98.0,88.2,3.0,15.3,12.0,0.7,0.0,1.0,6.7,11.8,7.31,76.0,5.55,12.0,0.7,0.6,0.4,-0.06,2.8,7.64,3.29,76.0,5.72,12.0,0.7,0.6,0.4,-7.76,-1.96,2.47,-2.59,76.0,5.87,12.0,0.7,0.6,0.4,1004.52,1016.0,1023.46,1014.39,81.0,8.84,12.0,0.7,0.5,0.4,0.0,4.0,7.0,4.0,72.0,2.9,12.0,0.7,0.5,0.4,-0.1,13.7,89.4,39.0,76.0,102.9,12.0,0.7,0.6,0.4,-75.7,-7.9,13.4,-31.7,76.0,84.5,12.0,0.7,0.6,0.4,-1.0,1.8,5.03,1.89,75.0,3.12,12.0,0.7,0.6,0.4,-4.2,12.3,49.5,19.8,71.0,30.7,12.0,0.7,0.6,0.4,0.72,0.91,1.56,1.14,3.0,0.64,12.0,0.7,0.4,0.0,1.7,5.2,8.1,4.9,3.0,4.8,12.0,0.7,0.4,0.0,-22.7,0.0,7.5,-6.3,76.0,20.8,12.0,0.7,0.6,0.4,-8.2,0.0,25.2,5.7,76.0,18.9,12.0,0.7,0.6,0.4,4.0,12.6,15.4,9.8,3.0,8.7,12.0,0.7,0.4,0.0,-13.6,0.0,0.0,-6.6,3.0,11.5,12.0,0.7,0.4,0.0,1.1,3.4,7.5,4.3,3.0,4.8,12.0,0.7,0.4,0.0,-2.7,0.0,0.0,-1.3,3.0,2.3,12.0,0.7,0.4,0.0,1.0,306.0,1643.0,1197.5,76.0,2456.0,12.0,0.7,0.6,0.4,0.0,305.0,1645.0,1200.0,76.0,2455.0,12.0,0.7,0.6,0.4
1974,2,146.0,44.0,,,,,,,,,,,,,,,,,,,,,,,,,,,,,,,,,,,,,,,,6.9,12.35,15.9,10.87,6.0,6.18,14.0,0.5,0.6,0.1,1.2,11.13,14.34,8.9,6.0,6.77,14.0,0.5,0.6,0.1,-8.08,-5.0,-2.19,-4.88,6.0,3.21,14.0,0.5,0.6,0.1,993.84,1012.3,1021.43,1008.39,7.0,12.92,12.0,0.6,0.7,0.1,,,,,,,,,,,,,,,,,,,,,,,,,,,,,,,,,,,,,,,,,,,,,,,,,,,,,,,,,,,,,,,,,,,,,,,,,,,,,,,,,,,,,,,,,,,,,,,,,,,,,,,,,,,,,,,,,,,,,,,,,,,,,,,,,,,,,,,,,,,,,,,,,,,,,,
1974,2,146.0,45.0,,,,,,,,,,,,,,,,,,,,,,,,,,,,,,,,,,,,,,,,10.78,12.9,14.27,12.53,3.0,2.57,10.0,0.3,0.7,0.3,2.92,9.21,9.67,6.36,3.0,5.52,10.0,0.3,0.7,0.3,-11.23,-3.35,4.6,-3.32,3.0,11.6,10.0,0.3,0.7,0.3,1002.94,1003.9,1013.52,1008.13,3.0,8.57,10.0,0.3,0.7,0.3,,,,,,,,,,,,,,,,,,,,,,,,,,,,,,,,,,,,,,,,,,,,,,,,,,,,,,,,,,,,,,,,,,,,,,,,,,,,,,,,,,,,,,,,,,,,,,,,,,,,,,,,,,,,,,,,,,,,,,,,,,,,,,,,,,,,,,,,,,,,,,,,,,,,,,
1974,2,146.0,48.0,,,,,,,,,,,,,,,,,,,,,,,,,,,,,,,,,,,,,,,,8.1,10.05,12.0,10.05,2.0,4.03,18.0,0.5,0.8,0.5,7.17,9.18,11.19,9.18,2.0,4.16,18.0,0.5,0.8,0.5,-4.28,-4.01,-3.73,-4.01,2.0,0.57,18.0,0.5,0.8,0.5,1008.58,1012.2,1015.82,1012.2,2.0,7.5,18.0,0.5,0.8,0.5,,,,,,,,,,,,,,,,,,,,,,,,,,,,,,,,,,,,,,,,,,,,,,,,,,,,,,,,,,,,,,,,,,,,,,,,,,,,,,,,,,,,,,,,,,,,,,,,,,,,,,,,,,,,,,,,,,,,,,,,,,,,,,,,,,,,,,,,,,,,,,,,,,,,,,
1974,2,146.0,50.0,,,,,,,,,,,,,,,,,,,,,,,,,,,,,,,,,,,,,,,,13.9,13.9,13.9,13.9,1.0,0.0,14.0,0.0,0.4,0.6,-2.41,-2.41,-2.41,-2.41,1.0,0.0,14.0,0.0,0.4,0.6,-13.69,-13.69,-13.69,-13.69,1.0,0.0,14.0,0.0,0.4,0.6,1010.3,1010.3,1010.3,1010.3,1.0,0.0,14.0,0.0,0.4,0.6,,,,,,,,,,,,,,,,,,,,,,,,,,,,,,,,,,,,,,,,,,,,,,,,,,,,,,,,,,,,,,,,,,,,,,,,,,,,,,,,,,,,,,,,,,,,,,,,,,,,,,,,,,,,,,,,,,,,,,,,,,,,,,,,,,,,,,,,,,,,,,,,,,,,,,
1974,2,146.0,51.0,,,,,,,,,,,,,,,,,,,,,,,,,,,,,,,,,,,,,,,,26.2,26.2,26.2,26.2,1.0,0.0,14.0,0.0,0.3,0.8,20.07,20.07,20.07,20.07,1.0,0.0,14.0,0.0,0.3,0.8,-16.84,-16.84,-16.84,-16.84,1.0,0.0,14.0,0.0,0.3,0.8,1011.5,1011.5,1011.5,1011.5,1.0,0.0,14.0,0.0,0.3,0.8,,,,,,,,,,,,,,,,,,,,,,,,,,,,,,,,,,,,,,,,,,,,,,,,,,,,,,,,,,,,,,,,,,,,,,,,,,,,,,,,,,,,,,,,,,,,,,,,,,,,,,,,,,,,,,,,,,,,,,,,,,,,,,,,,,,,,,,,,,,,,,,,,,,,,,
1974,2,146.0,52.0,,,,,,,,,,,,,,,,,,,,,,,,,,,,,,,,,,,,,,,,7.36,7.7,8.04,7.7,2.0,0.71,18.0,0.5,0.2,0.6,6.36,6.52,6.69,6.52,2.0,0.34,18.0,0.5,0.2,0.6,-4.83,-3.87,-2.91,-3.87,2.0,1.99,18.0,0.5,0.2,0.6,1008.5,1009.8,1011.1,1009.8,2.0,2.69,18.0,0.5,0.2,0.6,,,,,,,,,,,,,,,,,,,,,,,,,,,,,,,,,,,,,,,,,,,,,,,,,,,,,,,,,,,,,,,,,,,,,,,,,,,,,,,,,,,,,,,,,,,,,,,,,,,,,,,,,,,,,,,,,,,,,,,,,,,,,,,,,,,,,,,,,,,,,,,,,,,,,,
1974,2,146.0,54.0,,,,,,,,,,,,,,,,,,,,,,,,,,,,,,,,,,,,,,,,8.7,8.7,8.7,8.7,1.0,0.0,16.0,1.0,0.6,0.0,2.98,2.98,2.98,2.98,1.0,0.0,16.0,1.0,0.6,0.0,-8.18,-8.18,-8.18,-8.18,1.0,0.0,16.0,1.0,0.6,0.0,1011.8,1011.8,1011.8,1011.8,1.0,0.0,16.0,1.0,0.6,0.0,,,,,,,,,,,,,,,,,,,,,,,,,,,,,,,,,,,,,,,,,,,,,,,,,,,,,,,,,,,,,,,,,,,,,,,,,,,,,,,,,,,,,,,,,,,,,,,,,,,,,,,,,,,,,,,,,,,,,,,,,,,,,,,,,,,,,,,,,,,,,,,,,,,,,,
1974,2,146.0,57.0,,,,,,,,,,,,,,,,,,,,,,,,,,,,,,,,,,,,,,,,5.1,5.1,5.1,5.1,1.0,0.0,16.0,0.0,0.3,0.3,4.79,4.79,4.79,4.79,1.0,0.0,16.0,0.0,0.3,0.3,1.74,1.74,1.74,1.74,1.0,0.0,16.0,0.0,0.3,0.3,1015.0,1015.0,1015.0,1015.0,1.0,0.0,16.0,0.0,0.3,0.3,,,,,,,,,,,,,,,,,,,,,,,,,,,,,,,,,,,,,,,,,,,,,,,,,,,,,,,,,,,,,,,,,,,,,,,,,,,,,,,,,,,,,,,,,,,,,,,,,,,,,,,,,,,,,,,,,,,,,,,,,,,,,,,,,,,,,,,,,,,,,,,,,,,,,,
1974,2,147.0,-60.0,2.1,2.1,2.1,2.1,1.0,0.0,8.0,1.0,0.2,0.2,2.4,2.4,2.4,2.4,1.0,0.0,8.0,1.0,0.2,0.2,4.51,4.51,4.51,4.51,1.0,0.0,8.0,1.0,0.2,0.2,97.2,97.2,97.2,97.2,1.0,0.0,8.0,1.0,0.2,9.8,9.8,9.8,9.8,1.0,0.0,8.0,1.0,0.2,0.2,3.35,3.35,3.35,3.35,1.0,0.0,8.0,1.0,0.2,0.2,-9.21,-9.21,-9.21,-9.21,1.0,0.0,8.0,1.0,0.2,0.2,981.1,981.1,981.1,981.1,1.0,0.0,8.0,1.0,0.2,0.2,8.0,8.0,8.0,8.0,1.0,0.0,8.0,1.0,0.2,0.2,32.8,32.8,32.8,32.8,1.0,0.0,8.0,1.0,0.2,0.2,-90.2,-90.2,-90.2,-90.2,1.0,0.0,8.0,1.0,0.2,0.2,-0.3,-0.3,-0.3,-0.3,1.0,0.0,8.0,1.0,0.2,0.2,-2.9,-2.9,-2.9,-2.9,1.0,0.0,8.0,1.0,0.2,0.2,0.03,0.03,0.03,0.03,1.0,0.0,8.0,1.0,0.2,0.2,0.3,0.3,0.3,0.3,1.0,0.0,8.0,1.0,0.2,0.2,8.0,8.0,8.0,8.0,1.0,0.0,8.0,1.0,0.2,0.2,-22.1,-22.1,-22.1,-22.1,1.0,0.0,8.0,1.0,0.2,0.2,15.1,15.1,15.1,15.1,1.0,0.0,8.0,1.0,0.2,0.2,-41.5,-41.5,-41.5,-41.5,1.0,0.0,8.0,1.0,0.2,0.2,0.1,0.1,0.1,0.1,1.0,0.0,8.0,1.0,0.2,0.2,-0.3,-0.3,-0.3,-0.3,1.0,0.0,8.0,1.0,0.2,0.2,941.0,941.0,941.0,941.0,1.0,0.0,8.0,1.0,0.2,0.2,940.0,940.0,940.0,940.0,1.0,0.0,8.0,1.0,0.2,0.2
1974,2,147.0,-59.0,,,,,,,,,,,,,,,,,,,,,,,,,,,,,,,,,,,,,,,,12.9,12.9,12.9,12.9,1.0,0.0,8.0,1.0,0.0,0.5,8.29,8.29,8.29,8.29,1.0,0.0,8.0,1.0,0.0,0.5,-9.88,-9.88,-9.88,-9.88,1.0,0.0,8.0,1.0,0.0,0.5,977.5,977.5,977.5,977.5,1.0,0.0,8.0,1.0,0.0,0.5,,,,,,,,,,,,,,,,,,,,,,,,,,,,,,,,,,,,,,,,,,,,,,,,,,,,,,,,,,,,,,,,,,,,,,,,,,,,,,,,,,,,,,,,,,,,,,,,,,,,,,,,,,,,,,,,,,,,,,,,,,,,,,,,,,,,,,,,,,,,,,,,,,,,,,
1974,2,147.0,-55.0,,,,,,,,,,,,,,,,,,,,,,,,,,,,,,,,,,,,,,,,6.2,6.2,6.2,6.2,1.0,0.0,10.0,1.0,0.6,0.6,3.99,3.99,3.99,3.99,1.0,0.0,10.0,1.0,0.6,0.6,-4.75,-4.75,-4.75,-4.75,1.0,0.0,10.0,1.0,0.6,0.6,980.7,980.7,980.7,980.7,1.0,0.0,10.0,1.0,0.6,0.6,,,,,,,,,,,,,,,,,,,,,,,,,,,,,,,,,,,,,,,,,,,,,,,,,,,,,,,,,,,,,,,,,,,,,,,,,,,,,,,,,,,,,,,,,,,,,,,,,,,,,,,,,,,,,,,,,,,,,,,,,,,,,,,,,,,,,,,,,,,,,,,,,,,,,,
1974,2,147.0,-54.0,,,,,,,,,,,,,,,,,,,,,,,,,,,,,,,,,,,,,,,,19.0,19.0,19.0,19.0,1.0,0.0,12.0,1.0,0.0,1.0,-6.5,-6.5,-6.5,-6.5,1.0,0.0,12.0,1.0,0.0,1.0,-17.85,-17.85,-17.85,-17.85,1.0,0.0,12.0,1.0,0.0,1.0,992.1,992.1,992.1,992.1,1.0,0.0,12.0,1.0,0.0,1.0,,,,,,,,,,,,,,,,,,,,,,,,,,,,,,,,,,,,,,,,,,,,,,,,,,,,,,,,,,,,,,,,,,,,,,,,,,,,,,,,,,,,,,,,,,,,,,,,,,,,,,,,,,,,,,,,,,,,,,,,,,,,,,,,,,,,,,,,,,,,,,,,,,,,,,
1974,2,147.0,-53.0,,,,,,,,,,,,,,,,,,,,,,,,,,,,,,,,,,,,,,,,9.8,9.8,9.8,9.8,1.0,0.0,12.0,1.0,0.2,0.1,9.65,9.65,9.65,9.65,1.0,0.0,12.0,1.0,0.2,0.1,-1.7,-1.7,-1.7,-1.7,1.0,0.0,12.0,1.0,0.2,0.1,994.6,994.6,994.6,994.6,1.0,0.0,12.0,1.0,0.2,0.1,,,,,,,,,,,,,,,,,,,,,,,,,,,,,,,,,,,,,,,,,,,,,,,,,,,,,,,,,,,,,,,,,,,,,,,,,,,,,,,,,,,,,,,,,,,,,,,,,,,,,,,,,,,,,,,,,,,,,,,,,,,,,,,,,,,,,,,,,,,,,,,,,,,,,,
1974,2,147.0,-45.0,,,,,,,,,,,,,,,,,,,,,,,,,,,,,,,,,,,,,,,,12.3,12.3,12.3,12.3,1.0,0.0,18.0,1.0,0.1,0.8,-10.65,-10.65,-10.65,-10.65,1.0,0.0,18.0,1.0,0.1,0.8,-6.15,-6.15,-6.15,-6.15,1.0,0.0,18.0,1.0,0.1,0.8,1012.6,1012.6,1012.6,1012.6,1.0,0.0,18.0,1.0,0.1,0.8,,,,,,,,,,,,,,,,,,,,,,,,,,,,,,,,,,,,,,,,,,,,,,,,,,,,,,,,,,,,,,,,,,,,,,,,,,,,,,,,,,,,,,,,,,,,,,,,,,,,,,,,,,,,,,,,,,,,,,,,,,,,,,,,,,,,,,,,,,,,,,,,,,,,,,
1974,2,147.0,-44.0,14.16,14.5,14.84,14.5,2.0,0.71,26.0,0.5,0.6,0.4,13.48,14.5,15.52,14.5,2.0,2.12,26.0,0.5,0.6,0.4,7.28,7.65,8.03,7.65,2.0,0.78,26.0,0.5,0.6,0.4,74.1,75.2,76.2,75.2,2.0,2.1,26.0,0.5,0.4,7.28,7.45,7.62,7.45,2.0,0.35,26.0,0.5,0.6,0.4,-4.91,-0.21,4.48,-0.21,2.0,9.73,26.0,0.5,0.6,0.4,-0.44,1.3,3.04,1.3,2.0,3.61,26.0,0.5,0.6,0.4,1015.41,1019.1,1022.79,1019.1,2.0,7.64,26.0,0.5,0.6,0.4,2.5,3.5,4.5,3.5,2.0,2.1,26.0,0.5,0.6,0.4,-34.8,0.1,35.1,0.1,2.0,72.4,26.0,0.5,0.6,0.4,-2.9,10.3,23.5,10.3,2.0,27.3,26.0,0.5,0.6,0.4,-1.37,0.0,1.37,0.0,2.0,2.83,26.0,0.5,0.6,0.4,-9.7,0.5,10.7,0.5,2.0,21.1,26.0,0.5,0.6,0.4,1.9,2.53,3.17,2.53,2.0,1.32,26.0,0.5,0.6,0.4,13.9,19.1,24.3,19.1,2.0,10.7,26.0,0.5,0.6,0.4,-81.7,-13.4,54.9,-13.4,2.0,141.5,26.0,0.5,0.6,0.4,-8.9,15.0,38.9,15.0,2.0,49.5,26.0,0.5,0.6,0.4,-41.4,-5.4,30.6,-5.4,2.0,74.6,26.0,0.5,0.6,0.4,-4.3,8.5,21.4,8.5,2.0,26.6,26.0,0.5,0.6,0.4,-5.9,5.9,17.7,5.9,2.0,24.4,26.0,0.5,0.6,0.4,0.4,5.7,10.9,5.7,2.0,10.9,26.0,0.5,0.6,0.4,386.5,415.0,443.5,415.0,2.0,59.0,26.0,0.5,0.6,0.4,385.0,415.0,445.0,415.0,2.0,60.0,26.0,0.5,0.6,0.4
1974,2,147.0,-40.0,18.0,18.2,18.71,18.3,7.0,0.37,18.0,0.7,0.4,0.7,16.76,19.0,20.57,18.9,7.0,2.12,18.0,0.7,0.4,0.7,8.43,9.31,12.23,9.77,7.0,2.03,18.0,0.7,0.4,0.7,63.1,71.9,78.2,71.4,7.0,7.1,18.0,0.7,0.7,6.06,10.3,12.15,9.6,6.0,4.1,16.0,0.7,0.4,0.7,-4.35,2.65,9.62,2.64,6.0,8.64,16.0,0.7,0.4,0.7,-1.94,6.53,7.35,3.69,6.0,5.29,16.0,0.7,0.4,0.7,1011.9,1015.5,1017.34,1015.13,7.0,3.33,18.0,0.7,0.4,0.7,0.0,3.0,5.1,3.0,7.0,2.8,18.0,0.7,0.4,0.7,-33.3,42.8,120.0,48.6,6.0,103.4,16.0,0.7,0.4,0.7,-12.4,60.5,89.6,45.7,6.0,60.7,16.0,0.7,0.4,0.7,-1.91,-0.7,2.0,-0.6,7.0,2.19,18.0,0.7,0.4,0.7,-22.6,-3.2,15.8,-5.3,6.0,24.1,16.0,0.7,0.4,0.7,1.16,3.55,5.07,3.27,7.0,2.02,18.0,0.7,0.4,0.7,3.5,35.4,56.7,32.4,6.0,26.0,16.0,0.7,0.4,0.7,-88.3,41.1,200.7,47.0,6.0,163.5,16.0,0.7,0.4,0.7,-39.2,106.8,143.0,65.6,6.0,101.2,16.0,0.7,0.4,0.7,-47.6,16.4,113.5,25.7,6.0,83.9,16.0,0.7,0.4,0.7,-20.5,50.4,76.1,34.8,6.0,52.0,16.0,0.7,0.4,0.7,-20.0,-2.1,47.7,7.3,6.0,33.7,16.0,0.7,0.4,0.7,-5.0,13.7,31.8,13.0,6.0,23.0,16.0,0.7,0.4,0.7,248.5,1123.5,1899.0,1281.5,6.0,1295.0,16.0,0.7,0.4,0.7,250.0,1125.0,1900.0,1280.0,6.0,1295.0,16.0,0.7,0.4,0.7
1974,2,147.0,-39.0,17.17,17.95,20.11,18.54,10.0,1.7,18.0,0.4,0.5,0.2,16.82,18.5,20.5,18.64,90.0,1.76,16.0,0.6,0.1,0.7,9.31,10.55,12.8,10.95,9.0,1.81,18.0,0.3,0.6,0.2,65.6,78.3,91.0,77.8,89.0,11.6,14.0,0.6,0.7,3.6,5.7,10.3,6.69,93.0,3.66,16.0,0.6,0.1,0.6,-7.7,0.0,7.24,-0.1,93.0,6.64,16.0,0.6,0.1,0.6,-2.93,0.0,4.93,0.97,93.0,3.68,16.0,0.6,0.1,0.6,1008.13,1017.4,1020.01,1014.95,10.0,7.21,18.0,0.4,0.5,0.2,2.0,4.0,8.0,4.8,61.0,2.8,16.0,0.6,0.2,0.6,-59.3,0.0,55.7,-0.1,93.0,69.4,16.0,0.6,0.1,0.6,-20.3,0.0,38.1,10.0,93.0,36.2,16.0,0.6,0.1,0.6,-1.66,-0.2,0.6,-0.11,9.0,1.43,18.0,0.3,0.6,0.2,-8.9,-0.2,6.1,-1.2,9.0,7.5,18.0,0.3,0.6,0.2,0.88,3.05,3.47,2.45,9.0,1.71,18.0,0.3,0.6,0.2,3.0,13.4,19.6,13.1,9.0,11.9,18.0,0.3,0.6,0.2,-150.2,0.0,114.7,-8.4,90.0,121.3,16.0,0.6,0.1,0.7,-52.7,0.0,83.9,18.3,90.0,68.5,16.0,0.6,0.1,0.7,-27.2,12.3,43.3,9.1,9.0,59.8,18.0,0.3,0.6,0.2,-17.1,21.8,37.3,12.4,9.0,33.2,18.0,0.3,0.6,0.2,-9.3,1.8,15.4,4.3,9.0,15.3,18.0,0.3,0.6,0.2,1.4,2.8,11.8,4.4,9.0,7.7,18.0,0.3,0.6,0.2,46.5,185.0,1092.5,570.5,93.0,733.5,16.0,0.6,0.1,0.6,45.0,185.0,1095.0,570.0,93.0,735.0,16.0,0.6,0.1,0.6
1974,2,147.0,-20.0,27.96,28.0,28.19,28.12,6.0,0.39,14.0,0.3,0.5,0.8,27.02,28.25,29.36,28.14,8.0,1.4,14.0,0.5,0.5,0.8,17.6,18.71,20.72,19.26,7.0,1.78,14.0,0.4,0.5,0.8,70.2,81.2,84.4,79.1,7.0,7.4,14.0,0.4,0.8,4.66,5.4,6.59,5.91,8.0,1.72,14.0,0.5,0.5,0.8,-5.64,-4.95,-4.04,-5.26,8.0,1.72,14.0,0.5,0.5,0.8,-1.55,0.4,4.08,0.83,8.0,2.73,14.0,0.5,0.5,0.8,1006.64,1007.7,1009.05,1007.31,7.0,2.76,14.0,0.4,0.5,0.8,1.3,5.0,7.7,4.6,9.0,3.0,14.0,0.6,0.5,0.8,-34.2,-25.2,-20.8,-33.5,8.0,23.6,14.0,0.5,0.5,0.8,-7.9,1.8,23.3,3.3,8.0,19.5,14.0,0.5,0.5,0.8,-1.68,-0.25,1.14,-0.23,6.0,1.51,14.0,0.3,0.5,0.8,-9.3,-1.1,5.3,-1.5,6.0,7.6,14.0,0.3,0.5,0.8,4.68,5.49,6.05,5.24,6.0,1.12,14.0,0.3,0.5,0.8,23.9,28.1,29.9,26.8,6.0,5.8,14.0,0.3,0.5,0.8,-166.0,-143.9,-109.3,-147.4,8.0,43.6,14.0,0.5,0.5,0.8,-45.0,10.9,113.6,23.9,8.0,75.5,14.0,0.5,0.5,0.8,-101.1,-95.4,-70.0,-90.7,7.0,17.1,14.0,0.4,0.5,0.8,-1.7,15.2,82.4,28.3,7.0,47.7,14.0,0.4,0.5,0.8,-28.6,-25.3,-17.9,-24.2,6.0,6.5,14.0,0.3,0.5,0.8,-1.1,2.4,15.9,5.9,6.0,10.3,14.0,0.3,0.5,0.8,101.5,159.0,288.0,259.0,8.0,283.5,14.0,0.5,0.5,0.8,100.0,160.0,290.0,260.0,8.0,285.0,14.0,0.5,0.5,0.8
1974,2,147.0,-19.0,27.13,27.4,27.67,27.4,2.0,0.57,14.0,0.5,0.2,0.1,25.38,26.85,28.32,26.85,2.0,3.04,14.0,0.5,0.2,0.1,18.97,19.05,19.13,19.05,2.0,0.17,14.0,0.5,0.2,0.1,79.0,86.8,94.6,86.8,2.0,16.2,14.0,0.5,0.1,6.58,9.75,12.92,9.75,2.0,6.58,14.0,0.5,0.2,0.1,-6.82,-6.0,-5.17,-6.0,2.0,1.7,14.0,0.5,0.2,0.1,3.45,7.11,10.77,7.11,2.0,7.58,14.0,0.5,0.2,0.1,1007.93,1008.0,1008.07,1008.0,2.0,0.14,14.0,0.5,0.2,0.1,5.5,6.5,7.5,6.5,2.0,2.1,14.0,0.5,0.2,0.1,-91.1,-64.1,-37.0,-64.1,2.0,56.0,14.0,0.5,0.2,0.1,36.0,94.2,152.5,94.2,2.0,120.7,14.0,0.5,0.2,0.1,-0.64,0.55,1.74,0.55,2.0,2.47,14.0,0.5,0.2,0.1,0.1,13.5,26.9,13.5,2.0,27.7,14.0,0.5,0.2,0.1,3.45,3.91,4.36,3.91,2.0,0.94,14.0,0.5,0.2,0.1,27.0,35.0,43.0,35.0,2.0,16.6,14.0,0.5,0.2,0.1,-171.7,-158.4,-145.1,-158.4,2.0,27.5,14.0,0.5,0.2,0.1,91.4,179.3,267.2,179.3,2.0,182.0,14.0,0.5,0.2,0.1,-130.5,-114.4,-98.2,-114.4,2.0,33.4,14.0,0.5,0.2,0.1,65.7,136.0,206.3,136.0,2.0,145.7,14.0,0.5,0.2,0.1,-23.1,-22.6,-22.1,-22.6,2.0,1.0,14.0,0.5,0.2,0.1,13.1,24.2,35.3,24.2,2.0,23.0,14.0,0.5,0.2,0.1,585.5,1559.5,2533.0,1559.5,2.0,2017.5,14.0,0.5,0.2,0.1,585.0,1560.0,2535.0,1560.0,2.0,2020.0,14.0,0.5,0.2,0.1
1974,2,147.0,-17.0,27.5,27.5,27.5,27.5,1.0,0.0,26.0,0.0,0.2,0.9,27.5,27.5,27.5,27.5,1.0,0.0,26.0,0.0,0.2,0.9,18.09,18.09,18.09,18.09,1.0,0.0,26.0,0.0,0.2,0.9,78.4,78.4,78.4,78.4,1.0,0.0,26.0,0.0,0.9,8.7,8.7,8.7,8.7,1.0,0.0,26.0,0.0,0.2,0.9,-4.35,-4.35,-4.35,-4.35,1.0,0.0,26.0,0.0,0.2,0.9,7.53,7.53,7.53,7.53,1.0,0.0,26.0,0.0,0.2,0.9,1005.0,1005.0,1005.0,1005.0,1.0,0.0,26.0,0.0,0.2,0.9,6.0,6.0,6.0,6.0,1.0,0.0,26.0,0.0,0.2,0.9,-37.8,-37.8,-37.8,-37.8,1.0,0.0,26.0,0.0,0.2,0.9,65.5,65.5,65.5,65.5,1.0,0.0,26.0,0.0,0.2,0.9,0.0,0.0,0.0,0.0,1.0,0.0,26.0,0.0,0.2,0.9,0.0,0.0,0.0,0.0,1.0,0.0,26.0,0.0,0.2,0.9,5.07,5.07,5.07,5.07,1.0,0.0,26.0,0.0,0.2,0.9,44.1,44.1,44.1,44.1,1.0,0.0,26.0,0.0,0.2,0.9,-119.6,-119.6,-119.6,-119.6,1.0,0.0,26.0,0.0,0.2,0.9,207.2,207.2,207.2,207.2,1.0,0.0,26.0,0.0,0.2,0.9,-78.7,-78.7,-78.7,-78.7,1.0,0.0,26.0,0.0,0.2,0.9,136.3,136.3,136.3,136.3,1.0,0.0,26.0,0.0,0.2,0.9,-22.0,-22.0,-22.0,-22.0,1.0,0.0,26.0,0.0,0.2,0.9,38.2,38.2,38.2,38.2,1.0,0.0,26.0,0.0,0.2,0.9,658.5,658.5,658.5,658.5,1.0,0.0,26.0,0.0,0.2,0.9,660.0,660.0,660.0,660.0,1.0,0.0,26.0,0.0,0.2,0.9
1974,2,147.0,-16.0,27.48,28.5,29.52,28.5,2.0,2.12,26.0,0.0,0.7,0.3,28.1,28.3,28.5,28.3,2.0,0.42,26.0,0.0,0.7,0.3,20.77,21.74,22.71,21.74,2.0,2.01,26.0,0.0,0.7,0.3,86.6,89.5,92.4,89.5,2.0,6.0,26.0,0.0,0.3,5.51,6.4,7.29,6.4,2.0,1.84,26.0,0.0,0.7,0.3,-4.17,-0.44,3.29,-0.44,2.0,7.72,26.0,0.0,0.7,0.3,0.04,2.03,4.02,2.03,2.0,4.13,26.0,0.0,0.7,0.3,1004.1,1004.3,1004.5,1004.3,2.0,0.42,26.0,0.0,0.7,0.3,3.0,3.0,3.0,3.0,2.0,0.0,26.0,0.0,0.7,0.3,-34.1,-9.9,14.3,-9.9,2.0,50.2,26.0,0.0,0.7,0.3,2.2,16.8,31.3,16.8,2.0,30.1,26.0,0.0,0.7,0.3,-0.62,0.2,1.02,0.2,2.0,1.7,26.0,0.0,0.7,0.3,-5.3,-0.3,4.8,-0.3,2.0,10.5,26.0,0.0,0.7,0.3,2.42,2.93,3.44,2.93,2.0,1.06,26.0,0.0,0.7,0.3,17.1,17.8,18.5,17.8,2.0,1.4,26.0,0.0,0.7,0.3,-116.2,-10.8,94.6,-10.8,2.0,218.4,26.0,0.0,0.7,0.3,0.7,56.6,112.6,56.6,2.0,115.9,26.0,0.0,0.7,0.3,-82.4,-1.8,78.9,-1.8,2.0,167.0,26.0,0.0,0.7,0.3,-1.3,40.0,81.4,40.0,2.0,85.6,26.0,0.0,0.7,0.3,-7.9,2.8,13.5,2.8,2.0,22.2,26.0,0.0,0.7,0.3,-1.0,3.8,8.6,3.8,2.0,9.9,26.0,0.0,0.7,0.3,184.0,294.5,405.0,294.5,2.0,229.0,26.0,0.0,0.7,0.3,185.0,295.0,405.0,295.0,2.0,230.0,26.0,0.0,0.7,0.3
1974,2,147.0,-11.0,29.0,29.2,29.34,29.17,3.0,0.25,22.0,1.0,0.7,0.8,28.0,28.0,29.5,28.73,3.0,1.27,22.0,1.0,0.7,0.8,17.78,18.2,19.49,18.63,3.0,1.3,22.0,1.0,0.7,0.8,74.2,74.3,75.8,75.0,3.0,1.3,22.0,1.0,0.8,4.08,5.1,6.19,5.13,3.0,1.55,22.0,1.0,0.7,0.8,3.65,4.79,5.02,4.35,3.0,1.08,22.0,1.0,0.7,0.8,-3.49,-1.74,0.68,-1.42,3.0,3.07,22.0,1.0,0.7,0.8,1003.98,1005.0,1007.25,1005.6,3.0,2.46,22.0,1.0,0.7,0.8,6.0,6.0,6.7,6.3,3.0,0.6,22.0,1.0,0.7,0.8,15.4,24.4,31.2,23.4,3.0,11.6,22.0,1.0,0.7,0.8,-22.5,-8.9,1.6,-10.4,3.0,17.7,22.0,1.0,0.7,0.8,-0.26,0.9,1.1,0.43,3.0,1.08,22.0,1.0,0.7,0.8,-0.1,6.0,6.1,3.1,3.0,5.2,22.0,1.0,0.7,0.8,6.21,6.96,7.62,6.92,3.0,1.03,22.0,1.0,0.7,0.8,27.2,40.4,44.7,36.0,3.0,13.3,22.0,1.0,0.7,0.8,106.9,134.2,140.7,124.0,3.0,26.3,22.0,1.0,0.7,0.8,-97.8,-48.8,21.6,-38.4,3.0,87.9,22.0,1.0,0.7,0.8,69.5,84.3,90.5,80.1,3.0,15.8,22.0,1.0,0.7,0.8,-63.2,-30.7,14.9,-24.3,3.0,57.5,22.0,1.0,0.7,0.8,23.8,35.7,37.3,30.7,3.0,10.8,22.0,1.0,0.7,0.8,-24.8,-13.8,2.8,-11.1,3.0,20.4,22.0,1.0,0.7,0.8,74.0,132.5,247.5,160.0,3.0,129.0,22.0,1.0,0.7,0.8,75.0,135.0,245.0,160.0,3.0,130.0,22.0,1.0,0.7,0.8
1974,2,147.0,-8.0,28.9,28.9,28.9,28.9,1.0,0.0,8.0,1.0,0.7,1.0,27.0,27.0,27.0,27.0,1.0,0.0,8.0,1.0,0.7,1.0,18.69,18.69,18.69,18.69,1.0,0.0,8.0,1.0,0.7,1.0,83.7,83.7,83.7,83.7,1.0,0.0,8.0,1.0,1.0,4.1,4.1,4.1,4.1,1.0,0.0,8.0,1.0,0.7,1.0,0.71,0.71,0.71,0.71,1.0,0.0,8.0,1.0,0.7,1.0,4.04,4.04,4.04,4.04,1.0,0.0,8.0,1.0,0.7,1.0,1008.6,1008.6,1008.6,1008.6,1.0,0.0,8.0,1.0,0.7,1.0,7.0,7.0,7.0,7.0,1.0,0.0,8.0,1.0,0.7,1.0,2.9,2.9,2.9,2.9,1.0,0.0,8.0,1.0,0.7,1.0,16.6,16.6,16.6,16.6,1.0,0.0,8.0,1.0,0.7,1.0,1.9,1.9,1.9,1.9,1.0,0.0,8.0,1.0,0.7,1.0,7.8,7.8,7.8,7.8,1.0,0.0,8.0,1.0,0.7,1.0,6.37,6.37,6.37,6.37,1.0,0.0,8.0,1.0,0.7,1.0,26.1,26.1,26.1,26.1,1.0,0.0,8.0,1.0,0.7,1.0,19.2,19.2,19.2,19.2,1.0,0.0,8.0,1.0,0.7,1.0,109.0,109.0,109.0,109.0,1.0,0.0,8.0,1.0,0.7,1.0,13.3,13.3,13.3,13.3,1.0,0.0,8.0,1.0,0.7,1.0,75.5,75.5,75.5,75.5,1.0,0.0,8.0,1.0,0.7,1.0,4.5,4.5,4.5,4.5,1.0,0.0,8.0,1.0,0.7,1.0,25.7,25.7,25.7,25.7,1.0,0.0,8.0,1.0,0.7,1.0,69.0,69.0,69.0,69.0,1.0,0.0,8.0,1.0,0.7,1.0,70.0,70.0,70.0,70.0,1.0,0.0,8.0,1.0,0.7,1.0
1974,2,147.0,-7.0,28.64,28.95,29.26,28.95,2.0,0.64,14.0,1.0,0.8,0.8,29.66,30.0,30.34,30.0,2.0,0.71,14.0,1.0,0.8,0.8,17.77,18.09,18.41,18.09,2.0,0.66,14.0,1.0,0.8,0.8,65.4,67.9,70.3,67.9,2.0,5.1,14.0,1.0,0.8,1.63,3.0,5.87,3.73,3.0,3.16,16.0,0.7,0.7,0.7,-1.92,0.0,0.85,-0.52,3.0,2.08,16.0,0.7,0.7,0.7,-5.17,-1.03,0.36,-2.37,3.0,4.21,16.0,0.7,0.7,0.7,1004.16,1005.15,1006.14,1005.15,2.0,2.05,14.0,1.0,0.8,0.8,2.6,4.0,6.7,4.7,3.0,3.1,16.0,0.7,0.7,0.7,-5.8,0.0,6.1,0.2,3.0,8.7,16.0,0.7,0.7,0.7,-35.8,-3.1,-0.3,-17.7,3.0,28.9,16.0,0.7,0.7,0.7,-1.08,-1.05,-1.02,-1.05,2.0,0.07,14.0,1.0,0.8,0.8,-6.8,-4.5,-2.1,-4.5,2.0,4.9,14.0,1.0,0.8,0.8,6.39,7.14,7.89,7.14,2.0,1.56,14.0,1.0,0.8,0.8,14.5,32.7,50.9,32.7,2.0,37.7,14.0,1.0,0.8,0.8,6.1,19.1,32.1,19.1,2.0,27.0,14.0,1.0,0.8,0.8,-177.3,-93.4,-9.5,-93.4,2.0,173.8,14.0,1.0,0.8,0.8,3.5,11.0,18.5,11.0,2.0,15.6,14.0,1.0,0.8,0.8,-102.2,-53.2,-4.2,-53.2,2.0,101.5,14.0,1.0,0.8,0.8,1.6,5.2,8.7,5.2,2.0,7.3,14.0,1.0,0.8,0.8,-48.2,-26.2,-4.2,-26.2,2.0,45.6,14.0,1.0,0.8,0.8,9.5,27.0,263.5,133.5,3.0,208.0,16.0,0.7,0.7,0.7,10.0,25.0,265.0,135.0,3.0,210.0,16.0,0.7,0.7,0.7
1974,2,147.0,-6.0,28.4,28.65,29.16,28.78,4.0,0.48,12.0,0.3,0.5,0.6,25.94,26.85,28.23,27.08,4.0,1.39,12.0,0.3,0.5,0.6,18.16,18.84,18.96,18.57,4.0,0.65,12.0,0.3,0.5,0.6,76.1,85.0,89.6,82.9,4.0,8.9,12.0,0.3,0.6,4.6,4.6,5.69,5.13,3.0,0.92,12.0,0.3,0.5,0.6,3.67,3.98,3.98,3.83,3.0,0.27,12.0,0.3,0.5,0.6,-4.18,-2.96,-2.51,-3.34,3.0,1.27,12.0,0.3,0.5,0.6,1005.0,1006.25,1008.03,1006.5,4.0,1.8,12.0,0.3,0.5,0.6,7.0,7.0,7.0,7.0,4.0,0.0,12.0,0.3,0.5,0.6,16.9,18.3,22.7,19.7,3.0,4.4,12.0,0.3,0.5,0.6,-24.4,-13.6,-11.5,-17.9,3.0,10.1,12.0,0.3,0.5,0.6,0.93,1.8,2.46,1.7,4.0,0.92,12.0,0.3,0.5,0.6,5.9,10.6,11.5,8.8,3.0,4.4,12.0,0.3,0.5,0.6,5.54,5.9,7.24,6.37,4.0,1.28,12.0,0.3,0.5,0.6,25.3,26.0,43.1,34.0,3.0,14.8,12.0,0.3,0.5,0.6,95.4,102.8,111.0,103.2,3.0,11.4,12.0,0.3,0.5,0.6,-117.9,-77.2,-65.0,-91.1,3.0,40.6,12.0,0.3,0.5,0.6,67.4,70.2,73.9,70.6,3.0,4.8,12.0,0.3,0.5,0.6,-74.7,-55.5,-47.4,-60.9,3.0,20.5,12.0,0.3,0.5,0.6,20.5,21.6,29.3,24.8,3.0,7.0,12.0,0.3,0.5,0.6,-32.0,-16.7,-13.8,-22.8,3.0,14.3,12.0,0.3,0.5,0.6,97.5,97.5,193.5,144.5,3.0,81.5,12.0,0.3,0.5,0.6,95.0,95.0,195.0,145.0,3.0,80.0,12.0,0.3,0.5,0.6
1974,2,147.0,-5.0,29.5,29.5,29.5,29.5,1.0,0.0,24.0,1.0,0.0,0.3,28.5,28.5,28.5,28.5,1.0,0.0,24.0,1.0,0.0,0.3,18.95,18.95,18.95,18.95,1.0,0.0,24.0,1.0,0.0,0.3,77.6,77.6,77.6,77.6,1.0,0.0,24.0,1.0,0.3,1.0,1.0,1.0,1.0,1.0,0.0,24.0,1.0,0.0,0.3,0.98,0.98,0.98,0.98,1.0,0.0,24.0,1.0,0.0,0.3,-0.17,-0.17,-0.17,-0.17,1.0,0.0,24.0,1.0,0.0,0.3,1007.0,1007.0,1007.0,1007.0,1.0,0.0,24.0,1.0,0.0,0.3,7.0,7.0,7.0,7.0,1.0,0.0,24.0,1.0,0.0,0.3,1.0,1.0,1.0,1.0,1.0,0.0,24.0,1.0,0.0,0.3,-0.2,-0.2,-0.2,-0.2,1.0,0.0,24.0,1.0,0.0,0.3,1.0,1.0,1.0,1.0,1.0,0.0,24.0,1.0,0.0,0.3,1.0,1.0,1.0,1.0,1.0,0.0,24.0,1.0,0.0,0.3,7.05,7.05,7.05,7.05,1.0,0.0,24.0,1.0,0.0,0.3,7.1,7.1,7.1,7.1,1.0,0.0,24.0,1.0,0.0,0.3,28.1,28.1,28.1,28.1,1.0,0.0,24.0,1.0,0.0,0.3,-4.9,-4.9,-4.9,-4.9,1.0,0.0,24.0,1.0,0.0,0.3,18.7,18.7,18.7,18.7,1.0,0.0,24.0,1.0,0.0,0.3,-3.3,-3.3,-3.3,-3.3,1.0,0.0,24.0,1.0,0.0,0.3,6.9,6.9,6.9,6.9,1.0,0.0,24.0,1.0,0.0,0.3,-1.2,-1.2,-1.2,-1.2,1.0,0.0,24.0,1.0,0.0,0.3,1.0,1.0,1.0,1.0,1.0,0.0,24.0,1.0,0.0,0.3,0.0,0.0,0.0,0.0,1.0,0.0,24.0,1.0,0.0,0.3
1974,2,147.0,-1.0,30.6,30.6,30.6,30.6,1.0,0.0,4.0,1.0,0.1,0.6,30.0,30.0,30.0,30.0,1.0,0.0,4.0,1.0,0.1,0.6,18.36,18.36,18.36,18.36,1.0,0.0,4.0,1.0,0.1,0.6,69.0,69.0,69.0,69.0,1.0,0.0,4.0,1.0,0.6,2.1,2.1,2.1,2.1,1.0,0.0,4.0,1.0,0.1,0.6,-0.36,-0.36,-0.36,-0.36,1.0,0.0,4.0,1.0,0.1,0.6,-2.07,-2.07,-2.07,-2.07,1.0,0.0,4.0,1.0,0.1,0.6,1008.1,1008.1,1008.1,1008.1,1.0,0.0,4.0,1.0,0.1,0.6,8.0,8.0,8.0,8.0,1.0,0.0,4.0,1.0,0.1,0.6,-0.8,-0.8,-0.8,-0.8,1.0,0.0,4.0,1.0,0.1,0.6,-4.3,-4.3,-4.3,-4.3,1.0,0.0,4.0,1.0,0.1,0.6,0.6,0.6,0.6,0.6,1.0,0.0,4.0,1.0,0.1,0.6,1.3,1.3,1.3,1.3,1.0,0.0,4.0,1.0,0.1,0.6,9.34,9.34,9.34,9.34,1.0,0.0,4.0,1.0,0.1,0.6,19.6,19.6,19.6,19.6,1.0,0.0,4.0,1.0,0.1,0.6,-10.9,-10.9,-10.9,-10.9,1.0,0.0,4.0,1.0,0.1,0.6,-62.0,-62.0,-62.0,-62.0,1.0,0.0,4.0,1.0,0.1,0.6,-6.7,-6.7,-6.7,-6.7,1.0,0.0,4.0,1.0,0.1,0.6,-38.0,-38.0,-38.0,-38.0,1.0,0.0,4.0,1.0,0.1,0.6,-3.4,-3.4,-3.4,-3.4,1.0,0.0,4.0,1.0,0.1,0.6,-19.3,-19.3,-19.3,-19.3,1.0,0.0,4.0,1.0,0.1,0.6,9.5,9.5,9.5,9.5,1.0,0.0,4.0,1.0,0.1,0.6,10.0,10.0,10.0,10.0,1.0,0.0,4.0,1.0,0.1,0.6
1974,2,147.0,0.0,29.01,30.1,31.4,30.2,3.0,1.75,22.0,1.0,0.6,0.5,29.5,29.5,29.57,29.53,3.0,0.06,22.0,1.0,0.6,0.5,18.17,18.38,18.59,18.38,2.0,0.43,18.0,1.0,0.6,0.6,70.2,71.0,71.9,71.0,2.0,1.8,18.0,1.0,0.6,3.1,3.1,3.1,3.1,1.0,0.0,28.0,1.0,0.6,0.4,2.91,2.91,2.91,2.91,1.0,0.0,28.0,1.0,0.6,0.4,-1.06,-1.06,-1.06,-1.06,1.0,0.0,28.0,1.0,0.6,0.4,1006.79,1008.5,1008.98,1007.9,3.0,1.68,22.0,1.0,0.6,0.5,3.0,5.0,5.7,4.3,3.0,2.1,22.0,1.0,0.6,0.5,9.0,9.0,9.0,9.0,1.0,0.0,28.0,1.0,0.6,0.4,-3.3,-3.3,-3.3,-3.3,1.0,0.0,28.0,1.0,0.6,0.4,,,,,,,,,,,,,,,,,,,,,,,,,,,,,,,,,,,,,,,,,,,,,,,,,,,,,,,,,,,,,,,,,,,,,,,,,,,,,,,,,,,,,,,,,,,,,,,,,,,,,,,,,,,,,,,,,,,,,,,,
1974,2,147.0,1.0,29.5,29.5,29.5,29.5,1.0,0.0,8.0,1.0,0.4,0.0,29.0,29.0,29.0,29.0,1.0,0.0,8.0,1.0,0.4,0.0,21.18,21.18,21.18,21.18,1.0,0.0,8.0,1.0,0.4,0.0,83.9,83.9,83.9,83.9,1.0,0.0,8.0,1.0,0.0,10.8,10.8,10.8,10.8,1.0,0.0,8.0,1.0,0.4,0.0,-9.35,-9.35,-9.35,-9.35,1.0,0.0,8.0,1.0,0.4,0.0,5.4,5.4,5.4,5.4,1.0,0.0,8.0,1.0,0.4,0.0,1004.7,1004.7,1004.7,1004.7,1.0,0.0,8.0,1.0,0.4,0.0,8.0,8.0,8.0,8.0,1.0,0.0,8.0,1.0,0.4,0.0,-101.0,-101.0,-101.0,-101.0,1.0,0.0,8.0,1.0,0.4,0.0,58.3,58.3,58.3,58.3,1.0,0.0,8.0,1.0,0.4,0.0,0.5,0.5,0.5,0.5,1.0,0.0,8.0,1.0,0.4,0.0,5.4,5.4,5.4,5.4,1.0,0.0,8.0,1.0,0.4,0.0,4.89,4.89,4.89,4.89,1.0,0.0,8.0,1.0,0.4,0.0,52.8,52.8,52.8,52.8,1.0,0.0,8.0,1.0,0.4,0.0,-271.2,-271.2,-271.2,-271.2,1.0,0.0,8.0,1.0,0.4,0.0,156.6,156.6,156.6,156.6,1.0,0.0,8.0,1.0,0.4,0.0,-198.1,-198.1,-198.1,-198.1,1.0,0.0,8.0,1.0,0.4,0.0,114.4,114.4,114.4,114.4,1.0,0.0,8.0,1.0,0.4,0.0,-45.7,-45.7,-45.7,-45.7,1.0,0.0,8.0,1.0,0.4,0.0,26.4,26.4,26.4,26.4,1.0,0.0,8.0,1.0,0.4,0.0,1259.5,1259.5,1259.5,1259.5,1.0,0.0,8.0,1.0,0.4,0.0,1260.0,1260.0,1260.0,1260.0,1.0,0.0,8.0,1.0,0.4,0.0
1974,2,147.0,2.0,29.08,29.25,29.42,29.25,2.0,0.35,14.0,0.5,0.3,0.6,28.74,29.25,29.76,29.25,2.0,1.06,14.0,0.5,0.3,0.6,19.22,19.31,19.39,19.31,2.0,0.17,14.0,0.5,0.3,0.6,73.7,75.7,77.6,75.7,2.0,4.0,14.0,0.5,0.6,4.35,4.9,5.45,4.9,2.0,1.13,14.0,0.5,0.3,0.6,-5.36,-4.83,-4.29,-4.83,2.0,1.11,14.0,0.5,0.3,0.6,-0.95,-0.85,-0.76,-0.85,2.0,0.2,14.0,0.5,0.3,0.6,1006.58,1006.75,1006.92,1006.75,2.0,0.35,14.0,0.5,0.3,0.6,6.0,6.0,6.0,6.0,2.0,0.0,14.0,0.5,0.3,0.6,-29.5,-24.3,-19.0,-24.3,2.0,10.9,14.0,0.5,0.3,0.6,-5.2,-4.3,-3.4,-4.3,2.0,1.9,14.0,0.5,0.3,0.6,-0.68,0.0,0.68,0.0,2.0,1.41,14.0,0.5,0.3,0.6,-2.5,0.8,4.1,0.8,2.0,6.9,14.0,0.5,0.3,0.6,5.99,6.33,6.67,6.33,2.0,0.7,14.0,0.5,0.3,0.6,26.3,31.4,36.5,31.4,2.0,10.6,14.0,0.5,0.3,0.6,-153.8,-140.6,-127.3,-140.6,2.0,27.5,14.0,0.5,0.3,0.6,-27.1,-24.8,-22.4,-24.8,2.0,4.8,14.0,0.5,0.3,0.6,-103.1,-93.1,-83.1,-93.1,2.0,20.7,14.0,0.5,0.3,0.6,-18.2,-16.4,-14.7,-16.4,2.0,3.6,14.0,0.5,0.3,0.6,-36.0,-30.9,-25.9,-30.9,2.0,10.4,14.0,0.5,0.3,0.6,-6.3,-5.5,-4.6,-5.5,2.0,1.8,14.0,0.5,0.3,0.6,87.5,127.0,166.5,127.0,2.0,82.0,14.0,0.5,0.3,0.6,85.0,125.0,165.0,125.0,2.0,80.0,14.0,0.5,0.3,0.6
1974,2,147.0,3.0,28.83,29.55,30.27,29.55,2.0,1.48,12.0,1.0,0.8,0.8,28.29,28.9,29.51,28.9,2.0,1.27,12.0,1.0,0.8,0.8,19.06,19.4,19.73,19.4,2.0,0.69,12.0,1.0,0.8,0.8,73.5,77.6,81.8,77.6,2.0,8.7,12.0,1.0,0.8,7.11,8.0,8.89,8.0,2.0,1.84,12.0,1.0,0.8,0.8,-8.77,-7.93,-7.09,-7.93,2.0,1.74,12.0,1.0,0.8,0.8,0.26,0.81,1.36,0.81,2.0,1.14,12.0,1.0,0.8,0.8,1003.97,1005.4,1006.83,1005.4,2.0,2.97,12.0,1.0,0.8,0.8,6.3,7.0,7.7,7.0,2.0,1.4,12.0,1.0,0.8,0.8,-78.8,-65.0,-51.3,-65.0,2.0,28.5,12.0,1.0,0.8,0.8,2.4,7.5,12.6,7.5,2.0,10.6,12.0,1.0,0.8,0.8,0.55,0.65,0.75,0.65,2.0,0.21,12.0,1.0,0.8,0.8,4.0,5.4,6.8,5.4,2.0,2.9,12.0,1.0,0.8,0.8,5.31,6.78,8.25,6.78,2.0,3.04,12.0,1.0,0.8,0.8,39.2,57.0,74.8,57.0,2.0,36.8,12.0,1.0,0.8,0.8,-259.4,-230.3,-201.1,-230.3,2.0,60.3,12.0,1.0,0.8,0.8,7.6,24.1,40.5,24.1,2.0,34.0,12.0,1.0,0.8,0.8,-166.8,-153.2,-139.6,-153.2,2.0,28.2,12.0,1.0,0.8,0.8,4.8,15.3,25.7,15.3,2.0,21.6,12.0,1.0,0.8,0.8,-73.7,-56.4,-39.0,-56.4,2.0,35.9,12.0,1.0,0.8,0.8,2.3,7.2,12.1,7.2,2.0,10.2,12.0,1.0,0.8,0.8,380.5,552.5,724.5,552.5,2.0,356.0,12.0,1.0,0.8,0.8,380.0,555.0,725.0,555.0,2.0,355.0,12.0,1.0,0.8,0.8
1974,2,147.0,4.0,28.52,29.0,30.5,29.38,5.0,1.06,16.0,0.6,0.6,0.4,25.57,27.8,30.0,27.74,5.0,2.3,16.0,0.6,0.6,0.4,18.19,18.77,20.02,19.09,4.0,1.47,16.0,0.5,0.6,0.3,72.4,84.2,91.8,82.2,4.0,12.4,16.0,0.5,0.3,6.43,7.7,7.88,7.18,5.0,1.22,16.0,0.6,0.6,0.4,-7.54,-7.24,-6.34,-6.93,5.0,1.14,16.0,0.6,0.6,0.4,-2.63,-1.25,1.08,-0.84,5.0,1.92,16.0,0.6,0.6,0.4,1004.13,1004.7,1005.43,1004.8,5.0,0.8,16.0,0.6,0.6,0.4,5.3,7.0,8.0,6.6,5.0,1.7,16.0,0.6,0.6,0.4,-59.6,-55.7,-41.8,-50.9,5.0,15.2,16.0,0.6,0.6,0.4,-20.3,-9.0,7.1,-6.7,5.0,14.5,16.0,0.6,0.6,0.4,-0.05,2.3,3.07,1.64,5.0,1.88,16.0,0.6,0.6,0.4,-1.0,17.7,24.5,12.7,5.0,14.7,16.0,0.6,0.6,0.4,4.72,5.74,8.14,6.4,4.0,2.53,16.0,0.5,0.6,0.3,35.3,44.2,49.1,42.3,4.0,9.2,16.0,0.5,0.6,0.3,-217.0,-187.4,-169.9,-191.2,5.0,28.9,16.0,0.6,0.6,0.4,-66.7,-37.5,31.3,-21.1,5.0,51.1,16.0,0.6,0.6,0.4,-143.3,-135.8,-111.1,-127.6,4.0,26.7,16.0,0.5,0.6,0.3,-49.4,-37.9,-4.4,-27.4,4.0,30.7,16.0,0.5,0.6,0.3,-47.3,-41.5,-33.9,-40.6,4.0,8.9,16.0,0.5,0.6,0.3,-15.2,-9.7,2.2,-6.6,4.0,11.4,16.0,0.5,0.6,0.3,285.5,456.5,491.0,394.0,5.0,159.0,16.0,0.6,0.6,0.4,285.0,455.0,490.0,395.0,5.0,160.0,16.0,0.6,0.6,0.4
1974,2,147.0,5.0,28.43,29.0,29.0,28.64,7.0,0.75,14.0,0.3,0.7,0.6,26.56,28.0,28.94,27.94,8.0,1.24,14.0,0.4,0.7,0.6,18.58,19.72,21.1,19.85,8.0,1.48,14.0,0.4,0.7,0.6,75.3,85.2,91.3,83.9,8.0,7.2,14.0,0.4,0.6,5.33,8.2,9.74,7.84,8.0,2.09,14.0,0.4,0.7,0.6,-8.68,-7.8,-5.01,-7.2,8.0,1.79,14.0,0.4,0.7,0.6,-3.33,-0.87,2.36,-1.01,8.0,3.31,14.0,0.4,0.7,0.6,1005.37,1006.35,1007.0,1006.36,8.0,0.98,14.0,0.4,0.7,0.6,3.0,5.5,7.0,5.1,8.0,2.2,14.0,0.4,0.7,0.6,-81.3,-65.2,-27.1,-59.5,8.0,26.4,14.0,0.4,0.7,0.6,-32.5,-4.4,16.6,-11.4,8.0,30.5,14.0,0.4,0.7,0.6,-0.14,1.0,2.0,0.5,7.0,1.71,14.0,0.3,0.7,0.6,-1.4,8.2,10.7,3.1,7.0,15.5,14.0,0.3,0.7,0.6,3.22,4.38,6.26,4.94,7.0,1.72,14.0,0.3,0.7,0.6,26.1,31.5,57.2,39.0,7.0,20.9,14.0,0.3,0.7,0.6,-230.4,-216.5,-136.4,-201.2,8.0,51.3,14.0,0.4,0.7,0.6,-98.8,-23.5,67.5,-27.9,8.0,93.2,14.0,0.4,0.7,0.6,-169.5,-151.6,-96.8,-142.3,8.0,34.1,14.0,0.4,0.7,0.6,-64.3,-16.7,49.4,-15.9,8.0,63.2,14.0,0.4,0.7,0.6,-53.1,-29.6,-24.5,-34.7,7.0,15.6,14.0,0.3,0.7,0.6,-20.7,-10.1,9.1,-9.2,7.0,21.6,14.0,0.3,0.7,0.6,159.5,551.5,926.0,568.0,8.0,362.5,14.0,0.4,0.7,0.6,160.0,550.0,925.0,570.0,8.0,365.0,14.0,0.4,0.7,0.6
1974,2,147.0,6.0,27.4,28.5,29.5,28.36,25.0,1.05,16.0,0.7,0.5,0.4,27.0,28.5,29.0,28.25,26.0,1.02,16.0,0.7,0.4,0.4,18.71,19.86,21.09,19.95,26.0,1.27,16.0,0.7,0.4,0.4,76.6,83.9,86.4,82.9,26.0,4.6,16.0,0.7,0.4,5.7,7.7,9.8,7.77,26.0,1.86,16.0,0.7,0.4,0.4,-9.21,-6.67,-4.29,-6.74,26.0,2.39,16.0,0.7,0.4,0.4,-4.37,-3.31,-1.25,-3.06,26.0,1.91,16.0,0.7,0.4,0.4,1006.49,1007.85,1009.52,1008.0,26.0,1.73,16.0,0.7,0.4,0.4,3.0,6.0,7.0,5.4,26.0,1.9,16.0,0.7,0.4,0.4,-90.2,-51.2,-21.1,-55.6,26.0,31.1,16.0,0.7,0.4,0.4,-36.3,-24.2,-9.0,-24.6,26.0,17.4,16.0,0.7,0.4,0.4,-1.1,0.0,1.6,0.11,25.0,1.37,16.0,0.7,0.5,0.4,-10.7,0.0,10.4,0.1,25.0,10.6,16.0,0.7,0.5,0.4,2.79,4.12,6.22,4.4,25.0,1.71,16.0,0.7,0.5,0.4,23.0,31.0,45.2,33.1,25.0,12.9,16.0,0.7,0.5,0.4,-262.9,-193.4,-120.2,-190.6,26.0,68.5,16.0,0.7,0.4,0.4,-118.2,-92.8,-36.1,-86.6,26.0,54.4,16.0,0.7,0.4,0.4,-184.1,-131.7,-85.3,-135.8,26.0,52.6,16.0,0.7,0.4,0.4,-83.1,-65.2,-23.6,-60.3,26.0,36.3,16.0,0.7,0.4,0.4,-38.1,-26.1,-18.6,-28.0,25.0,12.9,16.0,0.7,0.5,0.4,-23.8,-11.9,-4.4,-14.2,25.0,10.9,16.0,0.7,0.5,0.4,185.0,456.5,941.0,548.5,26.0,378.5,16.0,0.7,0.4,0.4,185.0,455.0,940.0,550.0,26.0,380.0,16.0,0.7,0.4,0.4
1974,2,147.0,7.0,28.0,29.0,29.37,28.78,9.0,0.62,12.0,0.8,0.2,0.2,27.11,28.0,29.73,28.24,9.0,1.46,12.0,0.8,0.2,0.2,18.76,19.21,19.69,19.15,9.0,0.54,12.0,0.8,0.2,0.2,74.0,79.3,84.8,79.9,9.0,6.9,12.0,0.8,0.2,5.83,7.7,8.43,7.09,9.0,1.6,12.0,0.8,0.2,0.2,-7.57,-6.3,-5.2,-6.43,9.0,1.62,12.0,0.8,0.2,0.2,-4.22,-2.29,-1.41,-2.59,9.0,1.58,12.0,0.8,0.2,0.2,1005.5,1009.3,1010.0,1008.27,9.0,2.27,12.0,0.8,0.2,0.2,3.8,6.0,7.0,5.8,9.0,1.6,12.0,0.8,0.2,0.2,-63.6,-45.4,-30.9,-47.7,9.0,20.8,12.0,0.8,0.2,0.2,-35.6,-15.4,-8.9,-19.0,9.0,13.3,12.0,0.8,0.2,0.2,-0.37,0.5,1.8,0.53,9.0,1.57,12.0,0.8,0.2,0.2,-2.8,3.9,11.5,3.2,9.0,8.6,12.0,0.8,0.2,0.2,4.99,5.35,6.44,5.75,9.0,0.97,12.0,0.8,0.2,0.2,29.8,46.4,49.4,40.5,9.0,10.1,12.0,0.8,0.2,0.2,-218.5,-170.0,-153.7,-182.0,9.0,47.7,12.0,0.8,0.2,0.2,-123.3,-61.9,-40.3,-73.7,9.0,45.6,12.0,0.8,0.2,0.2,-148.3,-120.2,-97.5,-123.4,9.0,33.2,12.0,0.8,0.2,0.2,-83.0,-43.8,-27.4,-49.8,9.0,30.3,12.0,0.8,0.2,0.2,-47.9,-40.2,-26.2,-36.9,9.0,10.8,12.0,0.8,0.2,0.2,-24.2,-11.9,-8.3,-14.1,9.0,8.6,12.0,0.8,0.2,0.2,199.5,456.5,604.0,403.0,9.0,232.5,12.0,0.8,0.2,0.2,200.0,455.0,605.0,405.0,9.0,230.0,12.0,0.8,0.2,0.2
1974,2,147.0,8.0,29.0,29.0,29.0,29.0,1.0,0.0,10.0,1.0,0.0,0.3,29.0,29.0,29.0,29.0,1.0,0.0,10.0,1.0,0.0,0.3,21.53,21.53,21.53,21.53,1.0,0.0,10.0,1.0,0.0,0.3,85.4,85.4,85.4,85.4,1.0,0.0,10.0,1.0,0.3,3.1,3.1,3.1,3.1,1.0,0.0,10.0,1.0,0.0,0.3,-2.68,-2.68,-2.68,-2.68,1.0,0.0,10.0,1.0,0.0,0.3,-1.55,-1.55,-1.55,-1.55,1.0,0.0,10.0,1.0,0.0,0.3,1006.0,1006.0,1006.0,1006.0,1.0,0.0,10.0,1.0,0.0,0.3,7.0,7.0,7.0,7.0,1.0,0.0,10.0,1.0,0.0,0.3,-8.3,-8.3,-8.3,-8.3,1.0,0.0,10.0,1.0,0.0,0.3,-4.8,-4.8,-4.8,-4.8,1.0,0.0,10.0,1.0,0.0,0.3,0.0,0.0,0.0,0.0,1.0,0.0,10.0,1.0,0.0,0.3,0.0,0.0,0.0,0.0,1.0,0.0,10.0,1.0,0.0,0.3,3.74,3.74,3.74,3.74,1.0,0.0,10.0,1.0,0.0,0.3,11.6,11.6,11.6,11.6,1.0,0.0,10.0,1.0,0.0,0.3,-77.9,-77.9,-77.9,-77.9,1.0,0.0,10.0,1.0,0.0,0.3,-44.9,-44.9,-44.9,-44.9,1.0,0.0,10.0,1.0,0.0,0.3,-57.8,-57.8,-57.8,-57.8,1.0,0.0,10.0,1.0,0.0,0.3,-33.4,-33.4,-33.4,-33.4,1.0,0.0,10.0,1.0,0.0,0.3,-10.1,-10.1,-10.1,-10.1,1.0,0.0,10.0,1.0,0.0,0.3,-5.8,-5.8,-5.8,-5.8,1.0,0.0,10.0,1.0,0.0,0.3,30.0,30.0,30.0,30.0,1.0,0.0,10.0,1.0,0.0,0.3,30.0,30.0,30.0,30.0,1.0,0.0,10.0,1.0,0.0,0.3
1974,2,147.0,10.0,27.8,27.8,27.8,27.8,1.0,0.0,14.0,0.0,0.0,0.9,27.1,27.1,27.1,27.1,1.0,0.0,14.0,0.0,0.0,0.9,18.88,18.88,18.88,18.88,1.0,0.0,14.0,0.0,0.0,0.9,84.2,84.2,84.2,84.2,1.0,0.0,14.0,0.0,0.9,10.3,10.3,10.3,10.3,1.0,0.0,14.0,0.0,0.0,0.9,-10.14,-10.14,-10.14,-10.14,1.0,0.0,14.0,0.0,0.0,0.9,-1.79,-1.79,-1.79,-1.79,1.0,0.0,14.0,0.0,0.0,0.9,1011.1,1011.1,1011.1,1011.1,1.0,0.0,14.0,0.0,0.0,0.9,6.0,6.0,6.0,6.0,1.0,0.0,14.0,0.0,0.0,0.9,-104.5,-104.5,-104.5,-104.5,1.0,0.0,14.0,0.0,0.0,0.9,-18.4,-18.4,-18.4,-18.4,1.0,0.0,14.0,0.0,0.0,0.9,0.7,0.7,0.7,0.7,1.0,0.0,14.0,0.0,0.0,0.9,7.2,7.2,7.2,7.2,1.0,0.0,14.0,0.0,0.0,0.9,4.55,4.55,4.55,4.55,1.0,0.0,14.0,0.0,0.0,0.9,46.9,46.9,46.9,46.9,1.0,0.0,14.0,0.0,0.0,0.9,-274.9,-274.9,-274.9,-274.9,1.0,0.0,14.0,0.0,0.0,0.9,-48.5,-48.5,-48.5,-48.5,1.0,0.0,14.0,0.0,0.0,0.9,-191.5,-191.5,-191.5,-191.5,1.0,0.0,14.0,0.0,0.0,0.9,-33.8,-33.8,-33.8,-33.8,1.0,0.0,14.0,0.0,0.0,0.9,-46.2,-46.2,-46.2,-46.2,1.0,0.0,14.0,0.0,0.0,0.9,-8.1,-8.1,-8.1,-8.1,1.0,0.0,14.0,0.0,0.0,0.9,1092.5,1092.5,1092.5,1092.5,1.0,0.0,14.0,0.0,0.0,0.9,1095.0,1095.0,1095.0,1095.0,1.0,0.0,14.0,0.0,0.0,0.9
1974,2,147.0,11.0,27.63,27.7,29.27,28.43,3.0,1.36,14.0,0.7,0.6,0.6,27.19,27.6,28.28,27.73,3.0,0.81,14.0,0.7,0.6,0.6,18.44,19.15,19.32,18.89,3.0,0.69,14.0,0.7,0.6,0.6,79.7,81.2,82.2,81.0,3.0,1.9,14.0,0.7,0.6,3.79,8.7,8.7,6.3,3.0,4.16,14.0,0.7,0.6,0.6,-8.53,-8.18,-2.95,-5.8,3.0,4.58,14.0,0.7,0.6,0.6,-0.96,0.0,2.03,0.52,3.0,2.24,14.0,0.7,0.6,0.6,1008.25,1009.0,1009.68,1008.97,3.0,1.05,14.0,0.7,0.6,0.6,1.6,5.0,5.7,3.7,3.0,3.2,14.0,0.7,0.6,0.6,-74.2,-71.1,-23.1,-49.2,3.0,42.0,14.0,0.7,0.6,0.6,-1.4,0.0,17.7,7.9,3.0,15.6,14.0,0.7,0.6,0.6,-0.61,0.0,2.05,0.7,3.0,2.04,14.0,0.7,0.6,0.6,-5.3,0.0,3.1,-1.1,3.0,6.2,14.0,0.7,0.6,0.6,3.99,4.05,7.15,5.54,3.0,2.65,14.0,0.7,0.6,0.6,19.7,34.5,35.0,27.5,3.0,12.7,14.0,0.7,0.6,0.6,-241.5,-225.6,-81.1,-162.8,3.0,129.5,14.0,0.7,0.6,0.6,-26.0,0.0,56.1,14.7,3.0,61.4,14.0,0.7,0.6,0.6,-164.9,-156.5,-56.0,-111.5,3.0,88.8,14.0,0.7,0.6,0.6,-17.4,0.0,38.9,10.5,3.0,42.2,14.0,0.7,0.6,0.6,-34.1,-33.1,-13.5,-24.0,3.0,17.0,14.0,0.7,0.6,0.6,-8.3,0.0,8.2,0.0,3.0,12.1,14.0,0.7,0.6,0.6,211.5,658.5,658.5,440.0,3.0,378.0,14.0,0.7,0.6,0.6,210.0,660.0,660.0,440.0,3.0,380.0,14.0,0.7,0.6,0.6
1974,2,147.0,12.0,28.0,28.0,28.0,28.0,2.0,0.0,16.0,0.5,0.4,0.5,26.52,27.3,27.55,27.05,4.0,0.73,16.0,0.3,0.6,0.3,20.0,20.56,21.13,20.56,2.0,1.18,24.0,0.5,0.6,0.4,86.8,90.0,93.3,90.0,2.0,6.8,24.0,0.5,0.4,6.34,8.75,10.06,8.23,4.0,2.37,16.0,0.3,0.6,0.3,-9.7,-8.4,-5.92,-7.84,4.0,2.51,16.0,0.3,0.6,0.3,-2.61,-1.56,0.7,-0.98,4.0,2.51,16.0,0.3,0.6,0.3,1006.69,1008.05,1009.15,1007.93,4.0,1.44,16.0,0.3,0.6,0.3,3.5,5.0,6.5,5.0,4.0,1.8,16.0,0.3,0.6,0.3,-97.7,-74.3,-39.6,-68.9,4.0,36.4,16.0,0.3,0.6,0.3,-26.0,-14.4,1.9,-12.1,4.0,19.2,16.0,0.3,0.6,0.3,0.56,0.7,0.84,0.7,2.0,0.28,16.0,0.5,0.4,0.5,5.6,7.1,8.6,7.1,2.0,3.1,16.0,0.5,0.4,0.5,2.42,2.42,2.42,2.42,1.0,0.0,26.0,1.0,0.4,0.6,25.0,25.0,25.0,25.0,1.0,0.0,26.0,1.0,0.4,0.6,-264.6,-231.3,-159.8,-213.1,4.0,70.9,16.0,0.3,0.6,0.3,-71.4,-42.7,17.2,-27.8,4.0,67.1,16.0,0.3,0.6,0.3,-206.3,-183.3,-160.3,-183.3,2.0,47.7,24.0,0.5,0.6,0.4,-36.4,-32.3,-28.3,-32.3,2.0,8.4,24.0,0.5,0.6,0.4,-24.6,-24.6,-24.6,-24.6,1.0,0.0,26.0,1.0,0.4,0.6,-4.3,-4.3,-4.3,-4.3,1.0,0.0,26.0,1.0,0.4,0.6,287.0,699.0,1020.5,656.0,4.0,442.0,16.0,0.3,0.6,0.3,285.0,700.0,1020.0,655.0,4.0,440.0,16.0,0.3,0.6,0.3
1974,2,147.0,13.0,27.24,27.7,28.48,27.83,7.0,1.19,12.0,0.4,0.5,0.4,26.5,26.7,27.0,26.93,9.0,0.81,10.0,0.4,0.5,0.4,16.15,18.73,20.12,18.3,6.0,2.26,14.0,0.7,0.5,0.4,76.3,85.0,88.5,82.6,8.0,7.2,12.0,0.5,0.4,5.53,7.7,10.03,7.66,9.0,2.2,10.0,0.4,0.5,0.4,-8.1,-7.12,-5.28,-6.99,9.0,1.89,10.0,0.4,0.5,0.4,-5.17,-1.16,1.02,-1.79,9.0,2.94,10.0,0.4,0.5,0.4,1007.86,1010.0,1012.21,1010.13,7.0,2.11,14.0,0.6,0.4,0.4,1.5,3.0,6.2,3.8,9.0,2.4,10.0,0.4,0.5,0.4,-78.5,-58.4,-29.8,-56.9,9.0,28.2,10.0,0.4,0.5,0.4,-47.6,-7.8,4.2,-17.9,9.0,27.1,10.0,0.4,0.5,0.4,0.74,1.0,1.22,0.91,7.0,0.64,12.0,0.4,0.5,0.4,4.7,8.0,10.6,7.4,7.0,6.2,12.0,0.4,0.5,0.4,3.95,5.62,8.03,5.78,5.0,2.57,16.0,0.6,0.4,0.3,22.0,48.9,79.3,49.8,5.0,29.7,16.0,0.6,0.4,0.3,-230.0,-190.2,-140.2,-188.6,9.0,52.7,10.0,0.4,0.5,0.4,-139.8,-30.8,27.7,-48.3,9.0,79.0,10.0,0.4,0.5,0.4,-178.7,-138.0,-102.4,-141.0,6.0,43.0,14.0,0.7,0.5,0.4,-93.3,-44.2,6.6,-42.5,6.0,54.1,14.0,0.7,0.5,0.4,-60.7,-46.0,-20.9,-41.4,5.0,21.1,16.0,0.6,0.4,0.3,-51.0,-16.7,1.6,-22.5,5.0,27.6,16.0,0.6,0.4,0.3,178.0,456.5,1015.0,545.5,9.0,388.0,10.0,0.4,0.5,0.4,180.0,455.0,1015.0,545.0,9.0,390.0,10.0,0.4,0.5,0.4
1974,2,147.0,14.0,27.01,27.55,28.28,27.56,14.0,1.25,14.0,0.4,0.5,0.4,26.0,26.7,27.79,26.97,14.0,1.12,14.0,0.4,0.5,0.4,16.79,17.42,17.98,17.42,13.0,0.92,16.0,0.5,0.6,0.4,75.4,78.2,81.9,78.6,14.0,3.4,14.0,0.4,0.4,5.76,7.95,10.24,7.86,14.0,1.97,14.0,0.4,0.5,0.4,-8.04,-7.11,-5.39,-6.93,14.0,1.89,14.0,0.4,0.5,0.4,-4.93,-2.72,1.83,-2.35,14.0,3.05,14.0,0.4,0.5,0.4,1008.43,1010.0,1010.74,1009.94,13.0,2.11,16.0,0.5,0.6,0.4,2.0,3.0,5.0,3.6,14.0,1.9,14.0,0.4,0.5,0.4,-80.9,-57.0,-31.3,-57.7,14.0,27.1,14.0,0.4,0.5,0.4,-42.9,-21.6,10.1,-22.6,14.0,25.2,14.0,0.4,0.5,0.4,-0.88,0.7,1.97,0.59,14.0,1.59,14.0,0.4,0.5,0.4,-5.1,5.1,11.5,5.0,14.0,13.4,14.0,0.4,0.5,0.4,4.94,5.37,7.26,5.8,13.0,1.81,16.0,0.5,0.6,0.4,30.8,46.5,56.3,46.0,13.0,19.3,16.0,0.5,0.6,0.4,-225.5,-193.5,-154.9,-186.5,14.0,49.8,14.0,0.4,0.5,0.4,-130.5,-76.4,52.8,-62.8,14.0,81.5,14.0,0.4,0.5,0.4,-148.9,-126.2,-96.4,-121.6,13.0,34.5,16.0,0.5,0.6,0.4,-85.2,-53.7,37.0,-40.8,13.0,54.2,16.0,0.5,0.6,0.4,-54.7,-38.8,-26.3,-39.7,13.0,16.2,16.0,0.5,0.6,0.4,-35.0,-14.1,10.4,-13.9,13.0,21.9,16.0,0.5,0.6,0.4,192.5,504.0,1074.5,569.0,14.0,357.0,14.0,0.4,0.5,0.4,190.0,505.0,1075.0,570.0,14.0,355.0,14.0,0.4,0.5,0.4
1974,2,147.0,15.0,26.03,27.0,28.37,26.88,9.0,1.45,16.0,0.8,0.4,0.4,26.59,27.0,28.0,27.23,10.0,0.87,14.0,0.8,0.4,0.4,16.26,17.35,19.06,17.81,9.0,1.76,14.0,0.8,0.4,0.5,70.5,79.2,87.4,79.0,9.0,9.2,14.0,0.8,0.5,4.81,8.7,12.07,8.53,10.0,3.51,14.0,0.8,0.4,0.4,-11.14,-8.05,-4.18,-7.75,10.0,3.4,14.0,0.8,0.4,0.4,-4.7,-3.85,-0.74,-2.98,10.0,2.24,14.0,0.8,0.4,0.4,1010.0,1010.8,1011.77,1011.1,10.0,1.45,14.0,0.8,0.4,0.4,2.0,4.0,6.0,4.2,10.0,2.0,14.0,0.8,0.4,0.4,-135.8,-70.0,-20.2,-76.7,10.0,59.4,14.0,0.8,0.4,0.4,-57.8,-33.1,-3.2,-29.2,10.0,26.8,14.0,0.8,0.4,0.4,-2.12,0.0,0.87,-0.43,9.0,1.5,16.0,0.8,0.4,0.4,-25.5,0.0,5.0,-6.1,9.0,15.3,16.0,0.8,0.4,0.4,3.35,4.5,5.98,4.32,8.0,1.7,14.0,0.8,0.5,0.4,13.0,33.3,59.0,38.9,8.0,27.7,14.0,0.8,0.5,0.4,-292.5,-219.0,-115.6,-210.8,10.0,93.4,14.0,0.8,0.4,0.4,-132.1,-104.3,-20.1,-81.4,10.0,61.0,14.0,0.8,0.4,0.4,-192.1,-151.4,-77.7,-138.6,9.0,53.2,14.0,0.8,0.4,0.5,-76.9,-55.2,-13.7,-47.1,9.0,38.6,14.0,0.8,0.4,0.5,-55.5,-27.7,-12.4,-35.7,8.0,26.3,14.0,0.8,0.5,0.4,-21.5,-16.7,-3.3,-14.7,8.0,10.1,14.0,0.8,0.5,0.4,112.5,658.5,1843.5,909.5,10.0,934.0,14.0,0.8,0.4,0.4,110.0,660.0,1845.0,910.0,10.0,935.0,14.0,0.8,0.4,0.4
1974,2,147.0,16.0,26.95,28.5,28.52,27.93,7.0,1.06,18.0,0.6,0.4,0.3,25.11,26.25,27.44,26.56,8.0,1.47,16.0,0.5,0.4,0.3,16.15,17.95,20.64,18.21,7.0,2.1,18.0,0.6,0.4,0.3,76.9,81.5,88.9,82.6,7.0,7.5,18.0,0.6,0.3,5.22,7.2,9.23,7.78,8.0,2.97,16.0,0.5,0.4,0.3,-8.68,-6.77,-4.12,-6.79,8.0,2.42,16.0,0.5,0.4,0.3,-3.16,-2.62,2.58,-1.54,8.0,4.07,16.0,0.5,0.4,0.3,1010.22,1012.0,1013.39,1011.68,8.0,1.89,16.0,0.5,0.4,0.3,1.1,2.5,6.8,3.4,8.0,2.7,16.0,0.5,0.4,0.3,-80.1,-48.9,-21.7,-58.8,8.0,42.7,16.0,0.5,0.4,0.3,-29.2,-14.5,16.3,-19.8,8.0,46.5,16.0,0.5,0.4,0.3,0.43,1.0,2.52,1.14,7.0,1.31,18.0,0.6,0.4,0.3,2.9,8.7,15.7,9.0,7.0,9.6,18.0,0.6,0.4,0.3,3.37,5.77,6.94,5.43,7.0,2.19,18.0,0.6,0.4,0.3,20.7,45.8,53.8,40.9,7.0,16.5,18.0,0.6,0.4,0.3,-227.0,-176.4,-108.8,-179.3,8.0,60.1,16.0,0.5,0.4,0.3,-82.6,-70.3,65.5,-39.4,8.0,104.6,16.0,0.5,0.4,0.3,-164.0,-123.0,-72.2,-121.7,7.0,46.2,18.0,0.6,0.4,0.3,-65.5,-53.4,45.2,-38.2,7.0,71.0,18.0,0.6,0.4,0.3,-50.5,-38.4,-19.3,-35.7,7.0,15.5,18.0,0.6,0.4,0.3,-19.8,-15.7,8.2,-8.3,7.0,20.4,18.0,0.6,0.4,0.3,144.5,378.5,788.0,672.0,8.0,850.5,16.0,0.5,0.4,0.3,145.0,380.0,790.0,670.0,8.0,850.0,16.0,0.5,0.4,0.3
1974,2,147.0,17.0,26.59,28.0,28.5,27.73,11.0,1.23,14.0,0.5,0.4,0.4,25.0,26.4,27.0,26.16,14.0,0.95,12.0,0.6,0.4,0.4,16.23,17.52,19.19,17.41,12.0,1.55,14.0,0.6,0.4,0.4,74.8,84.0,89.5,82.1,12.0,8.0,14.0,0.6,0.4,7.23,9.3,13.84,9.85,14.0,3.11,12.0,0.6,0.4,0.4,-10.58,-8.43,-5.45,-8.22,14.0,2.11,12.0,0.6,0.4,0.4,-8.91,-2.72,0.0,-4.17,14.0,4.28,12.0,0.6,0.4,0.4,1007.61,1012.35,1012.97,1011.46,14.0,3.22,12.0,0.6,0.4,0.4,4.0,6.0,7.0,5.6,14.0,1.9,12.0,0.6,0.4,0.4,-144.0,-78.2,-48.1,-85.8,14.0,44.2,12.0,0.6,0.4,0.4,-121.6,-21.8,0.0,-51.7,14.0,58.4,12.0,0.6,0.4,0.4,0.59,1.5,2.5,1.55,11.0,1.06,14.0,0.5,0.4,0.4,4.5,13.9,23.0,14.2,11.0,10.7,14.0,0.5,0.4,0.4,3.43,6.16,7.82,5.87,11.0,2.07,14.0,0.5,0.4,0.4,33.9,57.3,66.9,55.2,11.0,23.5,14.0,0.5,0.4,0.4,-265.0,-227.1,-142.0,-214.7,14.0,53.9,12.0,0.6,0.4,0.4,-222.4,-74.2,0.0,-106.6,14.0,107.3,12.0,0.6,0.4,0.4,-174.7,-153.1,-99.6,-140.6,12.0,38.4,14.0,0.6,0.4,0.4,-145.7,-45.2,0.0,-66.7,12.0,68.0,14.0,0.6,0.4,0.4,-58.5,-37.2,-32.1,-46.4,11.0,20.5,14.0,0.5,0.4,0.4,-45.2,-21.9,-3.2,-24.1,11.0,22.0,14.0,0.5,0.4,0.4,378.5,804.5,2651.5,1227.0,14.0,1049.0,12.0,0.6,0.4,0.4,380.0,805.0,2650.0,1225.0,14.0,1050.0,12.0,0.6,0.4,0.4
1974,2,147.0,18.0,27.0,28.0,28.0,27.33,9.0,1.41,16.0,1.0,0.5,0.5,24.9,26.0,27.26,26.34,9.0,1.52,16.0,1.0,0.5,0.5,14.81,16.05,19.13,16.62,8.0,2.05,16.0,1.0,0.5,0.4,67.6,78.6,85.7,77.5,8.0,9.7,16.0,1.0,0.4,5.67,8.7,11.17,8.57,9.0,2.74,16.0,1.0,0.5,0.5,-10.1,-6.24,-3.23,-6.31,9.0,3.41,16.0,1.0,0.5,0.5,-7.93,-3.6,1.37,-3.5,9.0,4.45,16.0,1.0,0.5,0.5,1009.36,1011.5,1014.7,1011.51,9.0,2.75,16.0,1.0,0.5,0.5,3.0,5.0,7.7,5.2,9.0,2.5,16.0,1.0,0.5,0.5,-110.3,-44.9,-20.6,-59.7,9.0,48.2,16.0,1.0,0.5,0.5,-80.0,-25.9,12.2,-34.9,9.0,43.4,16.0,1.0,0.5,0.5,-0.5,1.5,2.37,0.99,9.0,1.88,16.0,1.0,0.5,0.5,-3.3,19.5,22.4,11.5,9.0,15.0,16.0,1.0,0.5,0.5,4.41,6.15,7.28,6.11,8.0,1.8,16.0,1.0,0.5,0.4,28.6,50.9,62.6,53.0,8.0,30.5,16.0,1.0,0.5,0.4,-262.7,-162.1,-84.3,-167.0,9.0,89.8,16.0,1.0,0.5,0.5,-197.2,-93.6,35.6,-87.5,9.0,115.0,16.0,1.0,0.5,0.5,-157.4,-92.5,-48.3,-95.2,8.0,51.8,16.0,1.0,0.5,0.4,-138.9,-78.7,-4.2,-67.5,8.0,73.7,16.0,1.0,0.5,0.4,-50.8,-25.6,-17.1,-36.5,8.0,29.7,16.0,1.0,0.5,0.4,-58.8,-24.5,-1.1,-27.2,8.0,29.9,16.0,1.0,0.5,0.4,197.5,658.5,1393.5,803.0,9.0,695.5,16.0,1.0,0.5,0.5,200.0,660.0,1395.0,805.0,9.0,695.0,16.0,1.0,0.5,0.5
1974,2,147.0,19.0,25.86,27.0,27.5,26.73,7.0,0.93,18.0,0.4,0.5,0.3,23.95,24.3,25.56,24.69,7.0,1.19,18.0,0.4,0.5,0.3,14.46,14.9,16.7,15.31,7.0,1.42,18.0,0.4,0.5,0.3,70.4,77.6,84.9,79.3,7.0,8.8,18.0,0.4,0.3,7.33,11.8,12.4,9.53,7.0,4.83,18.0,0.4,0.5,0.3,-11.6,-10.65,-5.62,-8.28,7.0,4.47,18.0,0.4,0.5,0.3,-6.2,-4.95,-3.84,-4.54,7.0,2.29,18.0,0.4,0.5,0.3,1013.65,1014.4,1014.76,1014.03,7.0,1.62,18.0,0.4,0.5,0.3,2.9,7.0,7.0,5.6,7.0,2.5,18.0,0.4,0.5,0.3,-144.0,-130.8,-43.2,-97.2,7.0,64.9,18.0,0.4,0.5,0.3,-77.0,-47.6,-36.3,-51.4,7.0,32.2,18.0,0.4,0.5,0.3,0.69,1.6,3.52,2.04,7.0,1.34,18.0,0.4,0.5,0.3,6.9,19.3,33.2,19.8,7.0,14.0,18.0,0.4,0.5,0.3,6.26,6.45,7.65,6.64,7.0,0.81,18.0,0.4,0.5,0.3,46.2,64.3,81.5,63.5,7.0,33.9,18.0,0.4,0.5,0.3,-296.6,-258.8,-137.6,-206.4,7.0,115.5,18.0,0.4,0.5,0.3,-151.5,-121.2,-92.2,-113.0,7.0,59.0,18.0,0.4,0.5,0.3,-186.2,-154.7,-87.2,-129.4,7.0,70.5,18.0,0.4,0.5,0.3,-90.2,-76.8,-63.0,-70.4,7.0,33.9,18.0,0.4,0.5,0.3,-76.2,-60.5,-35.4,-54.9,7.0,30.6,18.0,0.4,0.5,0.3,-41.6,-31.2,-21.0,-30.8,7.0,17.3,18.0,0.4,0.5,0.3,434.5,1643.0,1914.5,1337.0,7.0,1044.0,18.0,0.4,0.5,0.3,435.0,1645.0,1915.0,1335.0,7.0,1045.0,18.0,0.4,0.5,0.3
1974,2,147.0,20.0,23.98,25.6,26.0,24.96,5.0,1.6,10.0,0.6,0.6,0.6,22.46,25.0,26.61,24.58,5.0,2.52,10.0,0.6,0.6,0.6,13.25,14.84,16.37,14.81,4.0,2.14,12.0,0.8,0.6,0.6,72.0,76.5,78.2,75.2,4.0,4.5,12.0,0.8,0.6,2.06,7.2,9.57,6.43,6.0,4.61,8.0,0.5,0.6,0.5,-8.91,-3.75,0.31,-4.36,6.0,5.23,8.0,0.5,0.6,0.5,-5.27,-1.0,1.57,-1.9,6.0,4.04,8.0,0.5,0.6,0.5,1011.78,1013.75,1017.57,1014.82,6.0,5.04,8.0,0.5,0.6,0.5,3.0,4.0,6.7,4.8,5.0,2.2,10.0,0.6,0.5,0.5,-84.8,-20.2,2.7,-41.7,6.0,63.1,8.0,0.5,0.6,0.5,-60.6,-2.6,12.0,-18.6,6.0,37.5,8.0,0.5,0.6,0.5,-1.61,-0.5,2.46,0.38,5.0,2.87,10.0,0.6,0.6,0.6,-7.4,0.0,19.8,6.8,5.0,21.3,10.0,0.6,0.6,0.6,4.02,5.87,7.49,5.76,4.0,2.59,12.0,0.8,0.6,0.6,16.9,56.1,77.3,47.5,4.0,37.3,12.0,0.8,0.6,0.6,-235.0,-145.7,11.6,-123.7,5.0,142.5,10.0,0.6,0.6,0.6,-138.8,0.0,40.4,-41.8,5.0,101.0,10.0,0.6,0.6,0.6,-133.9,-44.5,9.6,-61.3,4.0,89.0,12.0,0.8,0.6,0.6,-85.0,-31.8,17.0,-33.9,4.0,61.7,12.0,0.8,0.6,0.6,-54.2,-16.6,7.0,-23.3,4.0,38.6,12.0,0.8,0.6,0.6,-52.3,-13.3,6.3,-22.5,4.0,38.9,12.0,0.8,0.6,0.6,14.0,395.0,966.0,602.0,6.0,803.5,8.0,0.5,0.6,0.5,15.0,395.0,965.0,600.0,6.0,805.0,8.0,0.5,0.6,0.5
1974,2,147.0,21.0,24.11,25.25,25.76,24.95,4.0,1.17,18.0,0.5,0.5,0.5,20.63,26.0,26.87,24.2,5.0,3.44,16.0,0.6,0.6,0.5,11.21,15.45,17.17,14.47,5.0,3.26,16.0,0.6,0.6,0.5,72.5,75.0,79.2,75.6,5.0,3.5,16.0,0.6,0.5,2.83,4.1,7.75,5.02,5.0,2.9,16.0,0.6,0.6,0.5,0.48,2.46,3.23,1.84,5.0,1.9,16.0,0.6,0.6,0.5,-7.42,-1.23,1.44,-2.64,5.0,4.83,16.0,0.6,0.6,0.5,1012.09,1013.5,1014.81,1013.34,5.0,1.79,16.0,0.6,0.6,0.5,3.0,6.0,8.0,5.6,5.0,2.5,16.0,0.6,0.6,0.5,7.0,12.9,14.8,10.8,5.0,7.5,16.0,0.6,0.6,0.5,-58.1,-4.4,4.7,-23.2,5.0,36.7,16.0,0.6,0.6,0.5,-2.44,2.0,4.76,1.2,4.0,4.37,18.0,0.5,0.5,0.5,-4.3,17.0,37.7,16.7,4.0,24.2,18.0,0.5,0.5,0.5,2.45,7.16,9.01,5.8,4.0,4.4,18.0,0.5,0.5,0.5,10.5,44.4,71.6,41.2,4.0,36.3,18.0,0.5,0.5,0.5,7.1,49.3,85.0,43.3,5.0,50.0,16.0,0.6,0.6,0.5,-151.6,-32.0,38.6,-51.4,5.0,104.7,16.0,0.6,0.6,0.5,2.5,26.0,51.3,24.9,5.0,31.4,16.0,0.6,0.6,0.5,-81.6,-20.5,23.5,-27.4,5.0,58.0,16.0,0.6,0.6,0.5,6.6,15.3,20.1,13.4,4.0,9.5,18.0,0.5,0.5,0.5,-69.1,-31.2,7.5,-30.8,4.0,44.6,18.0,0.5,0.5,0.5,31.0,69.0,477.5,230.0,5.0,280.5,16.0,0.6,0.6,0.5,30.0,70.0,475.0,230.0,5.0,280.0,16.0,0.6,0.6,0.5
1974,2,147.0,22.0,24.95,26.0,26.79,25.88,4.0,1.44,8.0,0.5,0.3,0.7,20.0,21.0,24.31,22.1,4.0,3.02,8.0,0.5,0.3,0.7,9.75,11.4,13.28,11.51,4.0,2.05,8.0,0.5,0.3,0.7,60.4,63.3,80.7,70.2,4.0,16.1,8.0,0.5,0.7,3.31,4.35,5.96,4.63,4.0,1.92,8.0,0.5,0.3,0.7,0.41,2.72,3.38,1.94,4.0,2.22,8.0,0.5,0.3,0.7,-5.16,-3.31,-2.43,-3.78,4.0,1.8,8.0,0.5,0.3,0.7,1012.24,1013.5,1014.5,1013.38,4.0,1.31,8.0,0.5,0.3,0.7,0.5,4.0,7.5,4.0,4.0,4.1,8.0,0.5,0.3,0.7,3.3,11.7,19.7,11.5,4.0,12.0,8.0,0.5,0.3,0.7,-32.2,-14.6,-8.2,-20.0,4.0,17.4,8.0,0.5,0.3,0.7,2.48,4.0,5.05,3.78,4.0,2.02,8.0,0.5,0.3,0.7,9.3,22.0,28.2,18.9,4.0,12.1,8.0,0.5,0.3,0.7,8.14,9.54,10.6,9.38,4.0,1.6,8.0,0.5,0.3,0.7,29.8,39.6,55.7,42.6,4.0,16.9,8.0,0.5,0.3,0.7,3.9,57.5,70.6,38.2,4.0,49.7,8.0,0.5,0.3,0.7,-103.3,-69.6,-58.7,-80.5,4.0,31.1,8.0,0.5,0.3,0.7,6.1,31.3,33.0,20.1,4.0,24.6,8.0,0.5,0.3,0.7,-57.2,-41.7,-27.5,-42.3,4.0,17.2,8.0,0.5,0.3,0.7,1.2,24.7,33.7,17.8,4.0,22.1,8.0,0.5,0.3,0.7,-43.4,-29.2,-25.8,-34.3,4.0,15.0,8.0,0.5,0.3,0.7,42.0,83.0,242.0,139.5,4.0,159.5,8.0,0.5,0.3,0.7,40.0,85.0,240.0,140.0,4.0,160.0,8.0,0.5,0.3,0.7
1974,2,147.0,23.0,23.1,23.85,24.76,23.93,4.0,0.98,12.0,0.5,0.6,0.6,18.41,21.0,22.59,20.7,5.0,2.9,12.0,0.4,0.6,0.5,9.04,10.23,14.43,11.67,4.0,3.96,14.0,0.5,0.5,0.5,58.2,74.2,90.2,74.2,4.0,18.5,14.0,0.5,0.5,4.92,5.1,8.11,6.56,5.0,3.23,12.0,0.4,0.6,0.5,-3.66,3.91,5.66,1.75,5.0,5.23,12.0,0.4,0.6,0.5,-3.42,-2.96,5.52,0.56,5.0,5.72,12.0,0.4,0.6,0.5,1011.01,1012.6,1016.03,1013.46,5.0,3.04,12.0,0.4,0.6,0.5,5.0,6.0,8.0,6.4,5.0,1.5,12.0,0.4,0.6,0.5,-17.6,19.9,51.3,21.2,5.0,47.1,12.0,0.4,0.6,0.5,-18.2,-13.6,52.9,16.3,5.0,57.6,12.0,0.4,0.6,0.5,-0.1,2.75,4.76,2.35,4.0,3.32,12.0,0.5,0.6,0.6,-0.5,15.1,23.7,11.8,4.0,16.2,12.0,0.5,0.6,0.6,2.9,8.9,9.6,6.31,3.0,5.4,12.0,0.7,0.5,0.6,14.8,45.4,53.0,34.2,3.0,29.7,12.0,0.7,0.5,0.6,-78.4,82.8,107.9,29.1,5.0,104.4,12.0,0.4,0.6,0.5,-72.2,-56.5,111.2,8.2,5.0,107.9,12.0,0.4,0.6,0.5,-19.3,37.5,65.6,23.8,4.0,65.8,14.0,0.5,0.5,0.5,-31.6,14.1,82.2,24.8,4.0,67.9,14.0,0.5,0.5,0.5,10.8,34.8,40.6,25.9,3.0,23.2,12.0,0.7,0.5,0.6,-34.1,-29.2,-9.0,-21.7,3.0,19.5,12.0,0.7,0.5,0.6,120.0,132.5,797.0,481.5,5.0,771.5,12.0,0.4,0.6,0.5,120.0,135.0,795.0,480.0,5.0,770.0,12.0,0.4,0.6,0.5
1974,2,147.0,24.0,20.17,23.0,24.0,22.13,4.0,2.59,12.0,0.8,0.4,0.4,19.48,20.55,23.67,21.53,4.0,3.1,12.0,0.8,0.4,0.4,8.93,11.87,17.21,13.01,4.0,5.14,12.0,0.8,0.4,0.4,61.5,79.0,97.3,79.4,4.0,20.7,12.0,0.8,0.4,4.9,7.7,8.79,6.87,3.0,2.94,12.0,0.7,0.2,0.5,-5.83,-1.8,4.29,-0.79,3.0,7.46,12.0,0.7,0.2,0.5,-4.08,0.0,2.13,-0.95,3.0,4.62,12.0,0.7,0.2,0.5,1012.5,1017.8,1022.69,1018.47,6.0,6.24,14.0,0.7,0.4,0.5,3.4,7.0,8.0,5.8,4.0,3.3,12.0,0.8,0.4,0.4,-42.5,-6.5,43.2,0.2,3.0,63.0,12.0,0.7,0.2,0.5,-37.9,0.0,7.7,-14.8,3.0,35.8,12.0,0.7,0.2,0.5,-1.76,-0.3,3.05,0.6,4.0,3.19,12.0,0.8,0.4,0.4,-1.5,6.9,33.9,16.0,3.0,27.1,12.0,0.7,0.2,0.5,-1.24,3.03,8.64,3.67,4.0,5.77,12.0,0.8,0.4,0.4,14.4,55.5,80.6,47.7,3.0,49.0,12.0,0.7,0.2,0.5,-122.3,-36.0,81.0,-21.0,3.0,149.5,12.0,0.7,0.2,0.5,-77.5,0.0,42.6,-17.1,3.0,89.2,12.0,0.7,0.2,0.5,-56.6,-26.2,34.0,-11.7,3.0,67.5,12.0,0.7,0.2,0.5,-35.5,0.0,31.0,-2.2,3.0,48.7,12.0,0.7,0.2,0.5,-37.2,2.4,49.0,5.8,3.0,63.2,12.0,0.7,0.2,0.5,-41.8,-4.1,-1.3,-21.1,3.0,33.1,12.0,0.7,0.2,0.5,177.0,456.5,694.0,436.0,3.0,379.5,12.0,0.7,0.2,0.5,175.0,455.0,695.0,435.0,3.0,380.0,12.0,0.7,0.2,0.5
1974,2,147.0,25.0,20.55,21.0,21.71,21.0,7.0,0.78,12.0,0.3,0.5,0.7,18.0,18.8,20.89,19.01,8.0,1.61,12.0,0.3,0.5,0.6,8.0,8.84,10.65,9.4,7.0,2.02,12.0,0.3,0.5,0.7,62.9,69.9,82.6,69.9,7.0,11.7,12.0,0.3,0.7,5.87,8.25,10.19,7.99,8.0,2.14,12.0,0.3,0.5,0.6,-6.8,3.95,7.07,1.04,8.0,6.83,12.0,0.3,0.5,0.6,-6.21,-4.82,-0.39,-3.79,8.0,3.63,12.0,0.3,0.5,0.6,1009.1,1014.6,1020.94,1014.82,9.0,5.35,12.0,0.3,0.5,0.6,6.8,7.0,8.0,6.9,7.0,1.8,14.0,0.1,0.5,0.6,-49.0,20.5,66.3,8.0,8.0,62.2,12.0,0.3,0.5,0.6,-55.6,-40.6,-2.3,-35.1,8.0,31.3,12.0,0.3,0.5,0.6,1.1,1.4,3.74,2.27,7.0,1.44,12.0,0.3,0.5,0.7,8.5,13.0,28.8,19.9,7.0,14.5,12.0,0.3,0.5,0.7,4.99,5.97,7.33,6.06,7.0,1.51,12.0,0.3,0.5,0.7,39.2,55.5,62.9,52.1,7.0,17.4,12.0,0.3,0.5,0.7,-131.4,82.8,129.5,24.0,8.0,125.0,12.0,0.3,0.5,0.6,-111.9,-92.3,-6.4,-69.9,8.0,70.7,12.0,0.3,0.5,0.6,-50.1,55.9,63.3,11.8,7.0,63.7,12.0,0.3,0.5,0.7,-66.6,-49.5,-27.0,-46.6,7.0,26.5,12.0,0.3,0.5,0.7,-59.6,15.9,42.8,-1.4,7.0,48.8,12.0,0.3,0.5,0.7,-39.9,-34.7,-12.7,-27.0,7.0,15.2,12.0,0.3,0.5,0.7,206.0,589.0,1060.5,603.0,8.0,396.0,12.0,0.3,0.5,0.6,205.0,590.0,1060.0,605.0,8.0,395.0,12.0,0.3,0.5,0.6
1974,2,147.0,26.0,18.28,19.1,20.13,19.2,4.0,1.25,14.0,0.3,0.3,0.6,17.18,18.15,18.76,17.98,4.0,0.99,14.0,0.3,0.3,0.6,7.44,8.25,8.59,8.03,4.0,0.78,14.0,0.3,0.3,0.6,59.8,62.3,65.9,62.8,4.0,3.8,14.0,0.3,0.6,5.62,6.45,9.63,7.58,4.0,3.22,14.0,0.3,0.3,0.6,-3.46,1.64,6.5,1.53,4.0,6.68,14.0,0.3,0.3,0.6,-7.09,-5.05,-1.25,-4.21,4.0,3.94,14.0,0.3,0.3,0.6,1015.59,1016.5,1026.15,1019.57,7.0,7.68,18.0,0.4,0.3,0.5,3.4,5.0,6.6,5.0,4.0,2.4,14.0,0.3,0.3,0.6,-23.2,8.4,68.7,22.1,4.0,67.6,14.0,0.3,0.3,0.6,-69.2,-29.2,-5.4,-37.0,4.0,44.5,14.0,0.3,0.3,0.6,-0.05,1.65,2.46,1.23,4.0,1.69,14.0,0.3,0.3,0.6,2.9,13.7,14.3,8.8,4.0,10.4,14.0,0.3,0.3,0.6,4.48,6.04,7.14,5.82,4.0,1.58,14.0,0.3,0.3,0.6,29.9,42.2,55.7,42.8,4.0,16.2,14.0,0.3,0.3,0.6,-64.3,27.4,113.4,24.7,4.0,120.3,14.0,0.3,0.3,0.6,-129.1,-91.2,-19.7,-75.2,4.0,71.7,14.0,0.3,0.3,0.6,-27.7,11.4,52.8,12.5,4.0,55.1,14.0,0.3,0.3,0.6,-60.8,-40.4,-8.0,-34.7,4.0,33.7,14.0,0.3,0.3,0.6,-25.0,11.5,35.9,5.7,4.0,40.6,14.0,0.3,0.3,0.6,-34.0,-26.0,-7.3,-20.9,4.0,20.6,14.0,0.3,0.3,0.6,183.0,269.5,1118.0,633.0,4.0,821.5,14.0,0.3,0.3,0.6,185.0,270.0,1120.0,635.0,4.0,820.0,14.0,0.3,0.3,0.6
1974,2,147.0,27.0,18.02,21.1,24.58,21.26,5.0,3.59,12.0,0.6,0.6,0.6,17.96,19.5,21.25,19.67,6.0,1.73,12.0,0.7,0.7,0.7,9.56,11.54,13.66,11.42,6.0,2.18,12.0,0.7,0.7,0.7,67.7,80.5,88.8,80.1,6.0,12.6,12.0,0.7,0.7,6.27,7.45,7.8,7.02,6.0,1.29,12.0,0.7,0.7,0.7,0.13,2.03,3.75,1.46,6.0,3.16,12.0,0.7,0.7,0.7,-1.92,6.18,7.68,3.5,6.0,5.79,12.0,0.7,0.7,0.7,1011.34,1015.7,1018.51,1015.07,6.0,4.25,12.0,0.7,0.7,0.7,5.8,7.5,8.0,6.5,6.0,2.7,12.0,0.7,0.7,0.7,3.9,16.0,26.5,12.7,6.0,18.0,12.0,0.7,0.7,0.7,-12.2,45.1,60.0,27.7,6.0,43.6,12.0,0.7,0.7,0.7,-1.71,3.3,3.62,1.26,5.0,3.42,12.0,0.6,0.6,0.6,-13.7,15.2,27.1,6.9,5.0,25.4,12.0,0.6,0.6,0.6,-0.22,6.84,7.8,4.47,5.0,4.36,12.0,0.6,0.6,0.6,-1.6,33.5,56.3,29.1,5.0,30.0,12.0,0.6,0.6,0.6,2.4,44.2,74.0,30.9,6.0,59.2,12.0,0.7,0.7,0.7,-37.0,117.0,162.5,70.9,6.0,116.9,12.0,0.7,0.7,0.7,4.0,26.5,40.7,20.9,6.0,32.6,12.0,0.7,0.7,0.7,-18.0,76.7,98.1,46.9,6.0,66.1,12.0,0.7,0.7,0.7,-13.0,-0.2,22.9,2.9,5.0,24.3,12.0,0.6,0.6,0.6,-23.5,-1.8,17.3,-2.7,5.0,36.7,12.0,0.6,0.6,0.6,259.0,415.0,476.0,372.5,6.0,159.5,12.0,0.7,0.7,0.7,260.0,415.0,475.0,375.0,6.0,160.0,12.0,0.7,0.7,0.7
1974,2,147.0,28.0,17.06,18.75,19.4,18.42,10.0,1.35,14.0,0.9,0.3,0.5,16.03,18.2,20.12,18.32,9.0,2.23,12.0,0.9,0.3,0.4,8.27,9.32,10.28,9.34,8.0,1.92,12.0,1.0,0.3,0.5,61.9,69.7,80.9,71.7,8.0,12.5,12.0,1.0,0.5,6.84,7.95,13.22,9.25,10.0,3.89,14.0,0.9,0.3,0.5,-2.06,3.37,6.31,3.39,10.0,5.95,14.0,0.9,0.3,0.5,-6.55,2.84,6.91,1.29,10.0,7.76,14.0,0.9,0.3,0.5,1008.66,1013.75,1018.89,1013.95,10.0,6.49,14.0,0.9,0.3,0.5,4.4,7.0,8.0,6.1,10.0,2.4,14.0,0.9,0.3,0.5,-18.2,26.9,50.2,35.3,10.0,87.7,14.0,0.9,0.3,0.5,-77.1,13.9,58.1,12.9,10.0,94.7,14.0,0.9,0.3,0.5,-3.04,0.4,2.27,-0.01,9.0,2.62,12.0,0.9,0.3,0.4,-12.4,3.3,16.7,4.1,9.0,21.4,12.0,0.9,0.3,0.4,1.45,3.47,5.85,3.64,8.0,2.17,12.0,1.0,0.3,0.5,10.6,26.6,50.8,32.9,8.0,27.0,12.0,1.0,0.3,0.5,34.7,76.7,107.2,73.7,9.0,92.1,12.0,0.9,0.3,0.4,-107.8,38.6,125.6,5.6,9.0,119.6,12.0,0.9,0.3,0.4,16.2,35.9,60.6,37.2,8.0,50.2,12.0,1.0,0.3,0.5,-46.1,-8.6,55.8,-2.1,8.0,63.1,12.0,1.0,0.3,0.5,4.0,10.9,32.7,19.6,8.0,27.2,12.0,1.0,0.3,0.5,-41.6,-0.8,9.4,-11.5,8.0,25.1,12.0,1.0,0.3,0.5,332.0,504.0,2556.0,1212.5,10.0,1543.5,14.0,0.9,0.3,0.5,330.0,505.0,2555.0,1210.0,10.0,1545.0,14.0,0.9,0.3,0.5
1974,2,147.0,29.0,18.4,19.0,19.67,19.15,6.0,1.06,18.0,0.7,0.5,0.3,16.48,17.75,20.0,18.02,6.0,1.69,18.0,0.7,0.5,0.3,7.43,8.8,11.25,9.2,6.0,2.04,18.0,0.7,0.5,0.3,64.3,70.1,77.6,70.7,6.0,8.4,18.0,0.7,0.3,9.03,11.8,17.05,12.64,7.0,5.18,16.0,0.6,0.6,0.4,0.52,9.04,17.03,9.48,7.0,7.87,16.0,0.6,0.6,0.4,-7.65,0.0,3.81,-0.94,7.0,6.75,16.0,0.6,0.6,0.4,1002.43,1015.5,1017.31,1011.47,7.0,8.07,16.0,0.6,0.6,0.4,5.8,8.0,8.0,6.6,7.0,2.6,16.0,0.6,0.6,0.4,1.4,106.7,290.4,151.9,7.0,139.8,16.0,0.6,0.6,0.4,-99.2,0.0,57.6,-20.1,7.0,78.4,16.0,0.6,0.6,0.4,-0.14,1.05,2.52,1.13,6.0,1.4,18.0,0.7,0.5,0.3,-1.3,10.5,36.5,15.1,6.0,19.5,18.0,0.7,0.5,0.3,3.42,4.37,6.17,4.64,6.0,1.54,18.0,0.7,0.5,0.3,23.6,67.8,93.1,62.7,6.0,37.7,18.0,0.7,0.5,0.3,3.3,212.1,289.8,167.6,6.0,150.4,18.0,0.7,0.5,0.3,-105.8,28.1,94.1,14.5,6.0,114.5,18.0,0.7,0.5,0.3,2.3,92.6,138.6,78.8,6.0,72.6,18.0,0.7,0.5,0.3,-49.8,14.7,54.9,11.3,6.0,59.5,18.0,0.7,0.5,0.3,0.8,59.0,88.9,52.0,6.0,45.9,18.0,0.7,0.5,0.3,-33.3,5.6,15.4,-4.3,6.0,27.7,18.0,0.7,0.5,0.3,768.0,1643.0,4957.0,2828.0,7.0,2322.5,16.0,0.6,0.6,0.4,770.0,1645.0,4955.0,2830.0,7.0,2320.0,16.0,0.6,0.6,0.4
1974,2,147.0,30.0,16.45,17.8,18.5,17.51,11.0,1.01,20.0,0.7,0.4,0.4,14.0,15.9,17.86,16.05,11.0,2.39,20.0,0.7,0.4,0.4,6.22,7.37,9.95,8.03,10.0,2.24,20.0,0.7,0.4,0.4,61.4,71.9,87.6,72.5,10.0,14.7,20.0,0.7,0.4,5.92,10.8,12.9,10.21,11.0,3.7,20.0,0.7,0.4,0.4,-2.52,4.41,9.68,3.61,11.0,6.15,20.0,0.7,0.4,0.4,-11.56,-3.52,3.59,-3.73,11.0,7.8,20.0,0.7,0.4,0.4,1005.47,1015.0,1021.03,1013.76,11.0,8.21,20.0,0.7,0.4,0.4,3.2,6.0,8.0,5.6,11.0,2.3,20.0,0.7,0.4,0.4,-9.8,56.9,108.1,45.6,11.0,69.7,20.0,0.7,0.4,0.4,-157.4,-36.3,37.8,-58.4,11.0,91.7,20.0,0.7,0.4,0.4,-0.62,2.0,3.0,1.45,11.0,2.62,20.0,0.7,0.4,0.4,-6.7,13.4,31.5,10.7,11.0,26.5,20.0,0.7,0.4,0.4,2.73,4.61,6.63,4.44,10.0,2.22,20.0,0.7,0.4,0.4,29.1,38.3,52.5,38.4,10.0,16.1,20.0,0.7,0.4,0.4,-37.1,70.6,165.7,64.2,11.0,102.0,20.0,0.7,0.4,0.4,-199.6,-58.1,58.7,-63.1,11.0,126.7,20.0,0.7,0.4,0.4,-15.3,22.0,83.7,33.3,10.0,54.9,20.0,0.7,0.4,0.4,-115.1,-7.4,37.4,-29.8,10.0,69.2,20.0,0.7,0.4,0.4,-21.7,2.8,35.9,7.2,10.0,28.3,20.0,0.7,0.4,0.4,-37.5,-8.9,20.1,-8.9,10.0,30.9,20.0,0.7,0.4,0.4,247.5,1259.5,2146.5,1409.5,11.0,980.5,20.0,0.7,0.4,0.4,250.0,1260.0,2145.0,1410.0,11.0,980.0,20.0,0.7,0.4,0.4
1974,2,147.0,31.0,15.56,16.85,18.09,16.88,18.0,1.56,16.0,0.3,0.5,0.5,12.0,14.4,17.2,14.68,20.0,2.81,16.0,0.4,0.5,0.5,5.65,6.5,9.61,7.45,18.0,2.16,16.0,0.3,0.5,0.6,63.6,70.9,84.8,72.4,18.0,11.5,16.0,0.3,0.6,5.12,9.3,14.89,10.06,20.0,4.76,16.0,0.4,0.5,0.5,-3.17,3.05,9.65,2.61,20.0,6.76,16.0,0.4,0.5,0.5,-8.74,-1.68,7.58,-0.82,20.0,8.69,16.0,0.4,0.5,0.5,1010.91,1013.5,1018.19,1013.92,19.0,5.49,16.0,0.3,0.5,0.5,3.0,7.0,8.0,5.7,20.0,2.3,16.0,0.4,0.5,0.5,-33.5,13.7,99.4,25.0,20.0,102.0,16.0,0.4,0.5,0.5,-81.3,-6.9,65.4,-7.7,20.0,126.9,16.0,0.4,0.5,0.5,0.52,3.0,5.15,2.62,18.0,2.48,16.0,0.3,0.5,0.5,2.9,23.1,58.1,26.5,18.0,34.4,16.0,0.3,0.5,0.5,2.58,4.91,6.51,4.48,17.0,2.12,18.0,0.4,0.6,0.6,17.2,33.1,73.7,44.5,17.0,31.3,18.0,0.4,0.6,0.6,-47.5,51.4,96.8,29.3,20.0,94.4,16.0,0.4,0.5,0.5,-129.2,-29.1,136.4,-3.3,20.0,132.3,16.0,0.4,0.5,0.5,-24.3,21.2,55.9,13.3,18.0,55.5,16.0,0.3,0.5,0.6,-58.9,-8.9,84.9,7.9,18.0,75.7,16.0,0.3,0.5,0.6,-6.4,18.5,58.4,24.5,17.0,33.6,18.0,0.4,0.6,0.6,-44.8,-13.6,16.9,-13.4,17.0,33.6,18.0,0.4,0.6,0.6,134.5,804.5,3303.0,1703.0,20.0,2102.0,16.0,0.4,0.5,0.5,135.0,805.0,3305.0,1705.0,20.0,2100.0,16.0,0.4,0.5,0.5
1974,2,147.0,32.0,16.25,17.25,18.31,17.29,16.0,1.1,14.0,0.6,0.4,0.4,9.5,12.0,17.51,13.25,23.0,4.03,14.0,0.7,0.4,0.4,4.7,6.7,10.55,7.23,19.0,2.54,14.0,0.6,0.4,0.4,66.1,80.0,94.1,79.4,19.0,14.2,14.0,0.6,0.4,4.43,10.8,16.13,10.8,22.0,5.52,14.0,0.7,0.4,0.4,1.48,5.15,10.83,5.64,22.0,4.8,14.0,0.7,0.4,0.4,-11.4,-3.97,8.21,-2.49,22.0,9.48,14.0,0.7,0.4,0.4,1003.21,1008.5,1021.14,1011.67,19.0,9.8,14.0,0.6,0.4,0.4,3.3,7.0,8.0,6.1,22.0,2.1,14.0,0.7,0.4,0.4,5.2,53.0,174.7,81.1,22.0,83.1,14.0,0.7,0.4,0.4,-179.5,-18.7,93.5,-27.5,22.0,145.8,14.0,0.7,0.4,0.4,0.69,6.5,7.8,4.95,16.0,3.6,14.0,0.6,0.4,0.4,8.3,80.9,115.2,61.2,16.0,52.1,14.0,0.6,0.4,0.4,1.18,5.55,7.01,4.67,16.0,2.73,14.0,0.6,0.4,0.4,11.5,66.6,104.8,58.3,16.0,42.6,14.0,0.6,0.4,0.4,18.7,63.9,118.6,68.8,22.0,63.5,14.0,0.7,0.4,0.4,-108.8,-51.6,150.8,-1.8,22.0,134.3,14.0,0.7,0.4,0.4,8.7,36.6,77.3,41.2,18.0,40.7,14.0,0.6,0.4,0.4,-63.2,-53.5,69.6,-3.2,18.0,86.4,14.0,0.6,0.4,0.4,1.9,31.2,58.6,34.4,16.0,32.5,14.0,0.6,0.4,0.4,-78.7,-43.4,14.0,-33.8,16.0,43.6,14.0,0.6,0.4,0.4,90.0,1268.0,4212.5,2174.5,22.0,2188.0,14.0,0.7,0.4,0.4,90.0,1270.0,4215.0,2175.0,22.0,2190.0,14.0,0.7,0.4,0.4
1974,2,147.0,33.0,14.74,16.5,18.1,16.51,25.0,1.68,16.0,0.6,0.4,0.4,8.97,10.25,14.02,10.98,26.0,2.59,16.0,0.6,0.3,0.4,4.88,6.18,7.26,6.38,26.0,1.65,16.0,0.6,0.3,0.4,64.6,77.0,90.4,77.4,26.0,11.8,16.0,0.6,0.4,6.18,11.55,16.53,11.77,26.0,5.48,16.0,0.6,0.3,0.4,0.95,3.32,12.22,5.6,26.0,7.27,16.0,0.6,0.3,0.4,-10.68,-3.97,8.76,-2.4,26.0,9.09,16.0,0.6,0.3,0.4,1003.66,1016.2,1022.5,1013.74,26.0,8.62,16.0,0.6,0.3,0.4,5.0,7.0,8.0,6.4,26.0,1.8,16.0,0.6,0.3,0.4,2.1,34.4,158.9,86.2,26.0,145.6,16.0,0.6,0.3,0.4,-148.5,-22.4,91.1,-35.6,26.0,141.2,16.0,0.6,0.3,0.4,2.42,6.0,8.08,5.45,25.0,2.9,16.0,0.6,0.4,0.4,19.5,53.6,118.1,67.7,25.0,53.6,16.0,0.6,0.4,0.4,3.66,5.44,7.23,5.3,25.0,1.82,16.0,0.6,0.4,0.4,29.6,62.4,97.2,63.9,25.0,36.1,16.0,0.6,0.4,0.4,8.6,43.1,116.0,57.1,26.0,75.6,16.0,0.6,0.3,0.4,-90.6,-38.0,126.9,-8.5,26.0,107.5,16.0,0.6,0.3,0.4,4.3,25.4,65.8,34.4,26.0,45.0,16.0,0.6,0.3,0.4,-60.9,-20.1,63.5,-7.1,26.0,64.4,16.0,0.6,0.3,0.4,-2.4,17.9,74.6,33.9,25.0,43.8,16.0,0.6,0.4,0.4,-72.4,-23.3,41.4,-17.8,25.0,46.0,16.0,0.6,0.4,0.4,236.5,1560.5,4520.5,2709.5,26.0,3419.5,16.0,0.6,0.3,0.4,235.0,1560.0,4520.0,2710.0,26.0,3420.0,16.0,0.6,0.3,0.4
1974,2,147.0,34.0,13.0,15.5,17.0,15.43,23.0,1.77,14.0,0.3,0.5,0.4,8.05,11.0,13.86,10.9,27.0,2.64,14.0,0.4,0.5,0.4,4.93,6.03,7.6,6.36,23.0,1.53,12.0,0.3,0.5,0.4,66.8,77.9,87.3,78.6,23.0,9.6,12.0,0.3,0.4,7.76,11.8,17.0,12.61,27.0,4.56,14.0,0.4,0.5,0.4,0.0,8.92,15.14,6.2,27.0,8.79,14.0,0.4,0.5,0.4,-12.72,-3.69,6.92,-3.0,27.0,7.71,14.0,0.4,0.5,0.4,1005.4,1012.8,1016.3,1011.35,25.0,7.24,14.0,0.3,0.5,0.4,5.0,7.0,8.0,6.5,25.0,1.4,12.0,0.4,0.5,0.4,0.0,91.9,237.1,103.1,27.0,146.2,14.0,0.4,0.5,0.4,-212.1,-41.2,56.8,-54.9,27.0,112.9,14.0,0.4,0.5,0.4,2.0,4.5,7.25,4.42,23.0,3.13,14.0,0.3,0.5,0.4,21.6,45.1,74.3,54.3,23.0,51.4,14.0,0.3,0.5,0.4,2.46,4.6,6.23,4.47,22.0,2.0,12.0,0.3,0.5,0.4,27.8,45.8,87.0,54.7,22.0,35.6,12.0,0.3,0.5,0.4,0.0,89.3,150.8,64.1,27.0,94.9,14.0,0.4,0.5,0.4,-104.3,-40.6,88.5,-19.1,27.0,85.9,14.0,0.4,0.5,0.4,-14.0,42.6,81.6,29.9,23.0,53.4,12.0,0.3,0.5,0.4,-70.4,-30.2,39.8,-16.6,23.0,51.1,12.0,0.3,0.5,0.4,-13.2,15.0,67.9,23.9,22.0,44.7,12.0,0.3,0.5,0.4,-55.1,-23.3,16.1,-21.3,22.0,36.3,12.0,0.3,0.5,0.4,468.5,1643.0,4913.0,2788.0,27.0,2715.5,14.0,0.4,0.5,0.4,470.0,1645.0,4915.0,2790.0,27.0,2715.0,14.0,0.4,0.5,0.4
1974,2,147.0,35.0,11.5,14.0,16.58,14.13,25.0,2.26,14.0,0.7,0.4,0.4,7.02,10.6,13.95,9.91,33.0,3.09,12.0,0.6,0.4,0.4,4.1,6.29,7.94,6.03,29.0,1.77,12.0,0.7,0.4,0.4,64.1,79.8,93.6,77.7,29.0,14.1,12.0,0.7,0.4,5.19,15.4,19.55,13.59,33.0,7.21,12.0,0.6,0.4,0.4,-8.02,1.3,14.46,3.0,33.0,11.38,12.0,0.6,0.4,0.4,-10.6,-3.99,10.33,-2.02,33.0,9.98,12.0,0.6,0.4,0.4,998.16,1012.0,1019.89,1009.51,33.0,10.76,12.0,0.6,0.4,0.4,6.0,7.0,8.0,6.8,29.0,1.9,14.0,0.6,0.4,0.4,-96.5,3.4,274.2,76.7,33.0,258.3,12.0,0.6,0.4,0.4,-231.3,-24.7,214.4,-28.4,33.0,180.9,12.0,0.6,0.4,0.4,0.81,3.6,7.11,3.92,25.0,3.71,14.0,0.7,0.4,0.4,4.1,38.0,100.7,45.8,25.0,53.9,14.0,0.7,0.4,0.4,1.25,3.98,6.63,4.03,24.0,2.38,14.0,0.7,0.4,0.4,15.6,39.0,89.8,48.3,24.0,34.3,14.0,0.7,0.4,0.4,-61.6,13.0,147.4,25.7,33.0,119.2,12.0,0.6,0.4,0.4,-94.8,-37.2,138.3,0.9,33.0,103.1,12.0,0.6,0.4,0.4,-56.8,12.1,102.5,21.7,29.0,80.3,12.0,0.7,0.4,0.4,-64.0,-21.3,92.7,-2.1,29.0,68.0,12.0,0.7,0.4,0.4,-25.4,0.0,35.1,2.1,24.0,39.0,14.0,0.7,0.4,0.4,-59.5,-13.6,18.1,-16.3,24.0,42.5,14.0,0.7,0.4,0.4,141.0,3652.5,7477.0,4686.5,33.0,6434.5,12.0,0.6,0.4,0.4,140.0,3650.0,7475.0,4685.0,33.0,6435.0,12.0,0.6,0.4,0.4
1974,2,147.0,36.0,10.5,13.0,17.29,13.74,11.0,3.06,16.0,0.5,0.5,0.3,6.67,8.75,12.38,9.12,12.0,2.9,14.0,0.4,0.5,0.3,4.52,5.93,7.26,5.85,11.0,1.46,16.0,0.5,0.5,0.3,67.6,84.1,88.2,78.8,11.0,10.5,16.0,0.5,0.3,7.15,11.3,16.01,12.02,13.0,4.44,16.0,0.5,0.4,0.3,-10.11,-0.89,8.97,-0.71,13.0,10.07,16.0,0.5,0.4,0.3,-7.32,-2.5,7.8,-0.12,13.0,8.62,16.0,0.5,0.4,0.3,1003.74,1012.0,1017.79,1009.66,13.0,11.07,16.0,0.5,0.4,0.3,3.7,7.5,8.0,6.3,12.0,2.4,14.0,0.4,0.4,0.3,-109.7,-4.5,94.2,5.7,13.0,159.0,16.0,0.5,0.4,0.3,-83.5,-25.6,154.0,21.1,13.0,125.3,16.0,0.5,0.4,0.3,-0.24,3.5,9.83,4.43,11.0,5.09,16.0,0.5,0.5,0.3,0.8,45.3,101.2,45.7,11.0,57.6,16.0,0.5,0.5,0.3,1.78,3.87,6.97,4.08,11.0,2.68,16.0,0.5,0.5,0.3,19.0,39.7,77.7,45.7,11.0,31.9,16.0,0.5,0.5,0.3,-90.2,3.1,84.0,5.2,12.0,98.3,14.0,0.4,0.5,0.3,-51.0,-24.6,108.9,22.7,12.0,101.2,14.0,0.4,0.5,0.3,-56.1,9.0,47.6,3.9,11.0,58.8,16.0,0.5,0.5,0.3,-39.3,-18.1,72.7,11.3,11.0,64.4,16.0,0.5,0.5,0.3,-24.8,-0.6,40.7,5.3,11.0,42.5,16.0,0.5,0.5,0.3,-49.8,-12.1,16.9,-15.3,11.0,34.9,16.0,0.5,0.5,0.3,366.5,1443.0,4105.0,2412.0,13.0,2420.5,16.0,0.5,0.4,0.3,365.0,1445.0,4105.0,2410.0,13.0,2420.0,16.0,0.5,0.4,0.3
1974,2,147.0,37.0,14.0,14.0,16.0,14.8,5.0,1.1,10.0,0.8,0.6,0.4,4.0,5.0,6.0,5.03,8.0,1.46,8.0,0.8,0.6,0.5,3.16,3.53,4.55,3.82,5.0,0.79,12.0,0.8,0.5,0.6,65.2,72.7,85.4,74.3,6.0,9.6,10.0,0.8,0.5,4.45,11.8,24.56,13.81,8.0,9.05,8.0,0.8,0.6,0.5,3.83,5.9,20.62,9.99,8.0,9.63,8.0,0.8,0.6,0.5,-10.56,-6.23,-0.12,-5.92,8.0,7.29,8.0,0.8,0.6,0.5,1006.79,1014.0,1024.36,1015.9,7.0,9.09,8.0,0.7,0.5,0.6,5.1,6.0,7.0,6.1,8.0,1.2,8.0,0.8,0.6,0.5,18.6,69.7,552.3,210.4,8.0,264.1,8.0,0.8,0.6,0.5,-128.8,-75.9,-0.4,-97.3,8.0,180.3,8.0,0.8,0.6,0.5,7.56,10.0,10.73,9.36,5.0,2.01,10.0,0.8,0.6,0.4,82.3,123.0,178.4,124.9,5.0,62.2,10.0,0.8,0.6,0.4,5.66,6.64,7.5,6.58,4.0,1.3,12.0,0.8,0.5,0.5,46.1,78.3,103.0,74.7,4.0,43.8,12.0,0.8,0.5,0.5,21.9,33.9,63.5,51.1,8.0,58.0,8.0,0.8,0.6,0.5,-58.1,-26.7,-0.5,-24.6,8.0,33.6,8.0,0.8,0.6,0.5,20.3,24.4,54.9,35.7,5.0,20.8,12.0,0.8,0.5,0.6,-47.1,-37.6,-5.4,-28.8,5.0,23.5,12.0,0.8,0.5,0.6,27.7,39.1,83.1,54.7,4.0,46.4,12.0,0.8,0.5,0.5,-67.8,-44.3,-10.3,-39.3,4.0,34.1,12.0,0.8,0.5,0.5,201.5,1652.0,15497.0,5867.0,8.0,8412.0,8.0,0.8,0.6,0.5,200.0,1650.0,15495.0,5865.0,8.0,8410.0,8.0,0.8,0.6,0.5
1974,2,147.0,38.0,8.77,10.0,14.46,10.88,17.0,3.19,12.0,0.6,0.4,0.5,3.27,5.5,8.51,5.82,17.0,2.76,12.0,0.6,0.4,0.5,3.28,3.79,5.29,4.14,15.0,0.98,12.0,0.7,0.3,0.5,60.9,71.8,89.1,73.9,16.0,12.5,12.0,0.7,0.6,5.1,11.8,14.86,10.55,17.0,4.43,12.0,0.6,0.4,0.5,-4.03,3.28,10.39,3.28,17.0,7.54,12.0,0.6,0.4,0.5,-10.97,-4.32,1.69,-4.14,17.0,7.17,12.0,0.6,0.4,0.5,1010.5,1015.3,1018.92,1014.79,16.0,5.53,12.0,0.7,0.3,0.5,5.5,7.0,8.0,6.5,17.0,2.4,12.0,0.6,0.4,0.5,-51.3,16.7,145.0,35.8,17.0,110.7,12.0,0.6,0.4,0.5,-138.3,-19.9,19.1,-52.4,17.0,99.8,12.0,0.6,0.4,0.5,2.0,5.9,7.46,5.06,17.0,2.87,12.0,0.6,0.4,0.5,15.5,32.2,103.6,56.4,17.0,46.9,12.0,0.6,0.4,0.5,3.23,3.83,5.94,4.22,15.0,1.37,12.0,0.7,0.3,0.5,22.1,33.7,70.0,43.0,15.0,21.9,12.0,0.7,0.3,0.5,-16.7,28.3,39.1,16.5,17.0,31.6,12.0,0.6,0.4,0.5,-46.0,-27.2,9.1,-16.4,17.0,44.1,12.0,0.6,0.4,0.5,-13.4,17.6,39.0,12.5,15.0,27.7,12.0,0.7,0.3,0.5,-46.6,-21.0,3.1,-19.0,15.0,28.2,12.0,0.7,0.3,0.5,-12.1,20.2,60.6,19.9,15.0,30.8,12.0,0.7,0.3,0.5,-41.6,-24.6,2.8,-21.3,15.0,24.6,12.0,0.7,0.3,0.5,132.5,1643.0,3293.0,1752.5,17.0,1592.5,12.0,0.6,0.4,0.5,135.0,1645.0,3295.0,1755.0,17.0,1595.0,12.0,0.6,0.4,0.5
1974,2,147.0,39.0,7.65,9.25,10.35,9.1,24.0,2.13,14.0,0.7,0.4,0.5,2.91,5.0,6.5,4.62,27.0,2.44,16.0,0.7,0.4,0.5,3.29,4.32,5.0,4.16,22.0,0.76,16.0,0.6,0.4,0.5,71.6,80.3,88.0,80.0,24.0,8.2,14.0,0.7,0.5,6.2,9.25,16.55,11.28,26.0,5.64,14.0,0.7,0.4,0.5,-5.71,3.59,10.29,2.07,26.0,8.65,14.0,0.7,0.4,0.5,-12.26,-3.11,3.18,-4.12,26.0,8.21,14.0,0.7,0.4,0.5,1004.55,1014.0,1017.69,1012.94,25.0,7.43,16.0,0.7,0.4,0.5,7.0,8.0,8.0,7.3,27.0,1.1,16.0,0.7,0.4,0.5,-59.5,22.8,151.3,30.5,26.0,150.3,14.0,0.7,0.4,0.5,-195.7,-16.9,33.9,-75.5,26.0,160.8,14.0,0.7,0.4,0.5,1.65,4.5,8.02,4.47,24.0,3.8,14.0,0.7,0.4,0.5,8.2,39.6,79.8,46.7,23.0,44.7,14.0,0.7,0.4,0.5,2.23,3.17,4.1,3.24,22.0,1.1,16.0,0.6,0.4,0.5,19.2,30.3,49.6,33.8,21.0,18.7,14.0,0.6,0.4,0.5,-28.4,10.5,46.1,9.5,26.0,42.5,14.0,0.7,0.4,0.5,-46.9,-10.1,12.2,-19.3,26.0,43.5,14.0,0.7,0.4,0.5,-34.3,13.6,40.8,4.3,21.0,39.1,14.0,0.6,0.4,0.5,-41.5,-7.8,15.2,-12.8,21.0,27.7,14.0,0.6,0.4,0.5,-20.3,12.2,26.5,6.6,21.0,25.5,14.0,0.6,0.4,0.5,-32.0,-12.7,6.7,-11.5,21.0,26.8,14.0,0.6,0.4,0.5,238.5,822.0,4535.5,2686.0,26.0,4671.0,14.0,0.7,0.4,0.5,240.0,820.0,4535.0,2685.0,26.0,4670.0,14.0,0.7,0.4,0.5
1974,2,147.0,40.0,5.79,7.0,9.71,7.45,11.0,2.98,16.0,0.2,0.5,0.4,1.12,3.0,6.41,3.65,11.0,2.59,16.0,0.2,0.5,0.4,3.14,3.7,5.13,3.92,9.0,1.05,18.0,0.2,0.5,0.4,61.9,82.6,92.7,78.1,9.0,14.3,18.0,0.2,0.4,6.33,10.3,14.0,9.66,9.0,4.5,16.0,0.1,0.5,0.4,3.28,6.67,10.71,6.91,9.0,3.63,16.0,0.1,0.5,0.4,-11.78,-3.52,0.41,-4.53,9.0,5.92,16.0,0.1,0.5,0.4,1013.47,1017.0,1020.59,1015.25,11.0,9.13,16.0,0.2,0.5,0.4,1.8,6.0,7.7,5.2,9.0,2.9,14.0,0.1,0.6,0.4,31.3,51.3,123.5,75.3,9.0,57.5,16.0,0.1,0.5,0.4,-160.8,-29.6,-0.7,-59.4,9.0,83.2,16.0,0.1,0.5,0.4,-0.41,4.8,7.0,3.8,11.0,3.57,16.0,0.2,0.5,0.4,2.3,43.4,96.5,49.2,9.0,42.9,16.0,0.1,0.5,0.4,1.67,2.32,3.05,2.32,9.0,1.17,18.0,0.2,0.5,0.4,14.8,18.9,35.1,23.1,7.0,14.9,18.0,0.1,0.5,0.4,4.4,12.2,29.7,18.2,9.0,15.8,16.0,0.1,0.5,0.4,-14.0,-6.9,5.6,-4.0,9.0,11.4,16.0,0.1,0.5,0.4,19.8,22.3,27.9,23.9,7.0,10.9,18.0,0.1,0.5,0.4,-36.7,-9.9,-3.9,-14.9,7.0,16.6,18.0,0.1,0.5,0.4,13.9,18.6,26.6,17.9,7.0,9.5,18.0,0.1,0.5,0.4,-23.0,-5.5,-3.1,-13.0,7.0,13.6,18.0,0.1,0.5,0.4,255.0,1092.5,2759.5,1391.0,9.0,1308.5,16.0,0.1,0.5,0.4,255.0,1095.0,2760.0,1390.0,9.0,1310.0,16.0,0.1,0.5,0.4
1974,2,147.0,41.0,2.27,4.0,7.38,4.52,17.0,2.57,14.0,0.5,0.4,0.4,-1.0,1.0,2.58,1.03,18.0,2.01,14.0,0.4,0.4,0.4,2.46,3.29,4.29,3.32,11.0,0.84,14.0,0.5,0.5,0.3,63.6,84.8,100.0,82.7,13.0,14.9,12.0,0.6,0.3,6.7,8.45,16.94,10.44,16.0,5.21,16.0,0.4,0.5,0.4,-6.33,4.47,8.84,1.75,16.0,9.35,16.0,0.4,0.5,0.4,-6.94,-3.96,0.0,-2.39,16.0,6.82,16.0,0.4,0.5,0.4,1000.59,1012.6,1019.77,1009.71,17.0,12.2,16.0,0.4,0.5,0.4,5.0,8.0,8.0,6.8,16.0,1.8,16.0,0.4,0.5,0.4,-49.5,33.7,109.6,11.0,16.0,152.2,16.0,0.4,0.5,0.4,-94.7,-32.0,0.0,-18.6,16.0,114.8,16.0,0.4,0.5,0.4,1.5,2.55,5.81,3.39,16.0,2.55,14.0,0.5,0.4,0.3,17.2,24.8,37.6,30.9,13.0,19.7,16.0,0.5,0.5,0.3,0.93,1.69,2.38,1.66,11.0,0.76,14.0,0.5,0.5,0.3,11.0,14.8,21.0,17.2,10.0,8.9,14.0,0.5,0.5,0.3,-18.5,0.0,14.6,-2.8,15.0,17.2,16.0,0.4,0.5,0.4,-8.6,0.0,6.9,3.5,15.0,16.1,16.0,0.4,0.5,0.4,-12.2,14.5,23.3,4.7,10.0,34.5,14.0,0.5,0.5,0.3,-26.5,-16.6,-1.5,-11.4,10.0,20.4,14.0,0.5,0.5,0.3,-7.3,8.0,17.2,6.0,10.0,12.3,14.0,0.5,0.5,0.3,-14.5,-10.9,-0.7,-8.4,10.0,11.8,14.0,0.5,0.5,0.3,301.0,605.0,5058.5,2040.0,16.0,2836.0,16.0,0.4,0.5,0.4,300.0,605.0,5060.0,2040.0,16.0,2835.0,16.0,0.4,0.5,0.4
1974,2,147.0,42.0,1.0,2.0,7.0,3.33,13.0,2.68,14.0,0.5,0.4,0.3,-1.96,0.0,2.0,0.51,14.0,2.51,14.0,0.4,0.4,0.4,2.75,3.06,4.46,3.36,7.0,1.06,14.0,0.6,0.5,0.2,77.9,86.4,93.6,83.9,7.0,16.4,14.0,0.6,0.2,5.1,9.9,16.2,10.29,16.0,5.54,16.0,0.5,0.4,0.4,-1.38,6.53,11.71,5.88,16.0,6.35,16.0,0.5,0.4,0.4,-10.35,-5.54,1.92,-3.8,16.0,7.14,16.0,0.5,0.4,0.4,1003.34,1016.5,1020.73,1012.44,16.0,10.2,16.0,0.5,0.4,0.4,4.2,6.0,8.0,6.1,15.0,1.9,14.0,0.5,0.4,0.4,-8.5,56.7,183.3,84.6,16.0,103.9,16.0,0.5,0.4,0.4,-149.3,-47.2,6.0,-52.8,16.0,106.4,16.0,0.5,0.4,0.4,-0.41,2.0,4.66,2.52,11.0,3.34,14.0,0.4,0.4,0.3,0.0,16.5,59.1,24.8,11.0,28.7,14.0,0.4,0.4,0.3,1.06,1.35,3.18,1.8,7.0,1.16,14.0,0.6,0.5,0.2,9.0,18.1,21.5,16.2,7.0,9.3,14.0,0.6,0.5,0.2,-13.3,0.0,14.9,-1.8,14.0,14.3,14.0,0.4,0.4,0.4,-2.8,0.0,19.6,9.7,14.0,20.4,14.0,0.4,0.4,0.4,-5.3,-3.3,31.9,6.9,7.0,20.4,14.0,0.6,0.5,0.2,-28.5,-19.9,3.3,-6.9,7.0,35.6,14.0,0.6,0.5,0.2,-3.8,-1.6,14.3,3.1,7.0,10.8,14.0,0.6,0.5,0.2,-19.0,-11.6,0.8,-8.9,7.0,13.1,14.0,0.6,0.5,0.2,132.5,994.5,4302.5,1965.0,16.0,2206.5,16.0,0.5,0.4,0.4,135.0,995.0,4300.0,1965.0,16.0,2205.0,16.0,0.5,0.4,0.4
1974,2,147.0,43.0,0.36,2.0,3.2,2.02,61.0,2.04,14.0,0.7,0.4,0.6,-4.23,-1.1,1.0,-1.47,63.0,2.97,14.0,0.7,0.3,0.5,2.88,3.31,3.45,3.2,5.0,0.33,10.0,0.6,0.5,0.4,82.0,88.1,94.2,88.5,5.0,7.6,10.0,0.6,0.4,4.1,9.0,16.77,10.04,59.0,5.9,14.0,0.7,0.3,0.5,-3.96,4.1,10.15,3.03,59.0,7.72,14.0,0.7,0.3,0.5,-10.65,-3.91,2.56,-3.79,59.0,7.34,14.0,0.7,0.3,0.5,993.8,1013.95,1021.0,1009.82,64.0,12.59,14.0,0.7,0.3,0.5,0.0,6.0,8.0,4.8,55.0,3.1,14.0,0.7,0.3,0.5,-25.7,32.0,124.2,33.5,59.0,129.2,14.0,0.7,0.3,0.5,-159.1,-35.5,8.0,-57.2,59.0,123.9,14.0,0.7,0.3,0.5,0.25,3.2,7.17,3.39,60.0,3.57,14.0,0.7,0.4,0.5,2.3,26.2,77.1,36.6,56.0,40.3,14.0,0.7,0.3,0.5,0.55,1.33,1.93,1.26,5.0,0.7,10.0,0.6,0.5,0.4,8.1,15.0,38.8,21.7,5.0,16.6,10.0,0.6,0.5,0.4,-29.2,-4.6,6.8,-11.1,59.0,20.9,14.0,0.7,0.3,0.5,-10.4,0.2,26.9,6.8,59.0,20.7,14.0,0.7,0.3,0.5,-25.9,30.8,37.3,8.9,5.0,38.3,10.0,0.6,0.5,0.4,-44.5,-40.6,13.0,-18.9,5.0,35.9,10.0,0.6,0.5,0.4,-6.0,4.8,25.0,8.6,5.0,16.0,10.0,0.6,0.5,0.4,-29.7,-6.4,5.1,-10.5,5.0,19.4,10.0,0.6,0.5,0.4,69.0,729.0,4730.0,2102.5,59.0,2851.5,14.0,0.7,0.3,0.5,70.0,730.0,4730.0,2105.0,59.0,2850.0,14.0,0.7,0.3,0.5
1974,2,147.0,44.0,0.5,2.0,3.0,1.73,81.0,1.36,12.0,0.6,0.5,0.5,-6.06,-4.4,0.0,-3.78,92.0,3.31,12.0,0.6,0.6,0.5,2.01,2.62,3.22,2.62,2.0,1.26,6.0,0.5,0.6,0.3,69.7,79.1,88.6,79.1,2.0,19.6,6.0,0.5,0.3,5.64,9.8,17.0,11.26,86.0,5.42,12.0,0.6,0.5,0.5,0.0,7.1,12.98,6.48,86.0,7.39,12.0,0.6,0.5,0.5,-11.05,-5.86,0.0,-5.71,86.0,5.26,12.0,0.6,0.5,0.5,996.2,1007.3,1020.47,1007.35,91.0,11.68,12.0,0.6,0.6,0.5,3.0,7.0,8.0,5.8,56.0,2.4,14.0,0.6,0.6,0.5,0.0,65.5,218.8,90.8,86.0,127.5,12.0,0.6,0.5,0.5,-169.4,-54.2,0.0,-82.5,86.0,96.9,12.0,0.6,0.5,0.5,2.14,6.0,8.1,5.36,81.0,3.36,12.0,0.6,0.5,0.5,13.0,66.0,108.0,62.6,76.0,47.7,12.0,0.6,0.5,0.5,0.94,1.65,2.37,1.65,2.0,1.48,6.0,0.5,0.6,0.3,7.5,23.6,39.7,23.6,2.0,33.4,6.0,0.5,0.6,0.3,-66.5,-26.2,1.1,-26.7,86.0,40.2,12.0,0.6,0.5,0.5,0.0,22.1,42.9,18.7,86.0,31.7,12.0,0.6,0.5,0.5,4.5,14.2,23.9,14.2,2.0,20.1,6.0,0.5,0.6,0.3,-8.7,-5.2,-1.6,-5.2,2.0,7.3,6.0,0.5,0.6,0.3,7.0,22.2,37.3,22.2,2.0,31.4,6.0,0.5,0.6,0.3,-13.6,-8.1,-2.6,-8.1,2.0,11.4,6.0,0.5,0.6,0.3,184.5,941.0,4913.0,2419.0,86.0,2691.5,12.0,0.6,0.5,0.5,185.0,940.0,4915.0,2420.0,86.0,2690.0,12.0,0.6,0.5,0.5
1974,2,147.0,45.0,,,,,,,,,,,,,,,,,,,,,,,,,,,,,,,,,,,,,,,,4.1,8.7,12.81,8.95,33.0,4.88,8.0,0.5,0.6,0.1,1.97,5.37,10.21,5.18,33.0,5.58,8.0,0.5,0.6,0.1,-8.23,-3.69,-0.74,-4.75,33.0,4.95,8.0,0.5,0.6,0.1,1000.7,1011.7,1020.55,1010.95,33.0,9.1,8.0,0.5,0.6,0.1,,,,,,,,,,,,,,,,,,,,,,,,,,,,,,,,,,,,,,,,,,,,,,,,,,,,,,,,,,,,,,,,,,,,,,,,,,,,,,,,,,,,,,,,,,,,,,,,,,,,,,,,,,,,,,,,,,,,,,,,,,,,,,,,,,,,,,,,,,,,,,,,,,,,,,
1974,2,147.0,46.0,1.0,1.0,1.0,1.0,1.0,0.0,4.0,0.0,0.1,0.9,-5.39,-3.0,1.1,-2.17,3.0,4.8,6.0,0.0,0.1,0.7,4.37,4.37,4.37,4.37,1.0,0.0,12.0,0.0,0.2,0.9,92.5,92.5,92.5,92.5,1.0,0.0,12.0,0.0,0.9,10.33,14.9,15.24,12.83,3.0,4.02,6.0,0.0,0.1,0.7,1.3,4.1,11.18,6.19,3.0,7.46,6.0,0.0,0.1,0.7,-12.42,-7.1,-5.85,-9.09,3.0,5.11,6.0,0.0,0.1,0.7,1007.53,1016.2,1019.2,1013.43,3.0,8.88,6.0,0.0,0.1,0.7,6.3,7.0,7.7,7.0,3.0,1.0,6.0,0.0,0.1,0.7,10.7,33.6,162.8,85.5,3.0,120.1,6.0,0.0,0.1,0.7,-177.3,-81.1,-65.5,-120.5,3.0,88.7,6.0,0.0,0.1,0.7,,,,,,,,,,,,,,,,,,,,,,,,,,,,,,,,,,,,,,,,,-8.4,0.0,29.6,10.4,3.0,29.3,6.0,0.0,0.1,0.7,-4.0,21.3,72.9,34.1,3.0,57.4,6.0,0.0,0.1,0.7,63.3,63.3,63.3,63.3,1.0,0.0,12.0,0.0,0.2,0.9,-23.0,-23.0,-23.0,-23.0,1.0,0.0,12.0,0.0,0.2,0.9,,,,,,,,,,,,,,,,,,,,,,,,,,,,,,,,,,,,,,,,
1974,2,147.0,47.0,,,,,,,,,,,,,,,,,,,,,,,,,,,,,,,,,,,,,,,,23.1,23.1,23.1,23.1,1.0,0.0,4.0,0.0,0.1,0.0,7.9,7.9,7.9,7.9,1.0,0.0,4.0,0.0,0.1,0.0,-21.71,-21.71,-21.71,-21.71,1.0,0.0,4.0,0.0,0.1,0.0,1016.7,1016.7,1016.7,1016.7,1.0,0.0,4.0,0.0,0.1,0.0,,,,,,,,,,,,,,,,,,,,,,,,,,,,,,,,,,,,,,,,,,,,,,,,,,,,,,,,,,,,,,,,,,,,,,,,,,,,,,,,,,,,,,,,,,,,,,,,,,,,,,,,,,,,,,,,,,,,,,,,,,,,,,,,,,,,,,,,,,,,,,,,,,,,,,
1974,2,147.0,48.0,,,,,,,,,,,,,,,,,,,,,,,,,,,,,,,,,,,,,,,,8.7,11.3,14.42,11.55,4.0,3.32,10.0,0.8,0.4,0.1,1.61,9.78,13.43,7.62,4.0,7.76,10.0,0.8,0.4,0.1,-4.28,2.8,6.57,1.22,4.0,7.02,10.0,0.8,0.4,0.1,1002.14,1009.1,1015.64,1008.9,4.0,8.04,10.0,0.8,0.4,0.1,,,,,,,,,,,,,,,,,,,,,,,,,,,,,,,,,,,,,,,,,,,,,,,,,,,,,,,,,,,,,,,,,,,,,,,,,,,,,,,,,,,,,,,,,,,,,,,,,,,,,,,,,,,,,,,,,,,,,,,,,,,,,,,,,,,,,,,,,,,,,,,,,,,,,,
1974,2,147.0,50.0,,,,,,,,,,,,,,,,,,,,,,,,,,,,,,,,,,,,,,,,13.9,13.9,13.9,13.9,1.0,0.0,4.0,0.0,0.9,0.4,4.75,4.75,4.75,4.75,1.0,0.0,4.0,0.0,0.9,0.4,-13.06,-13.06,-13.06,-13.06,1.0,0.0,4.0,0.0,0.9,0.4,1014.7,1014.7,1014.7,1014.7,1.0,0.0,4.0,0.0,0.9,0.4,,,,,,,,,,,,,,,,,,,,,,,,,,,,,,,,,,,,,,,,,,,,,,,,,,,,,,,,,,,,,,,,,,,,,,,,,,,,,,,,,,,,,,,,,,,,,,,,,,,,,,,,,,,,,,,,,,,,,,,,,,,,,,,,,,,,,,,,,,,,,,,,,,,,,,
1974,2,147.0,52.0,,,,,,,,,,,,,,,,,,,,,,,,,,,,,,,,,,,,,,,,14.9,14.9,14.9,14.9,1.0,0.0,6.0,1.0,0.7,0.6,2.59,2.59,2.59,2.59,1.0,0.0,6.0,1.0,0.7,0.6,-14.67,-14.67,-14.67,-14.67,1.0,0.0,6.0,1.0,0.7,0.6,1012.2,1012.2,1012.2,1012.2,1.0,0.0,6.0,1.0,0.7,0.6,,,,,,,,,,,,,,,,,,,,,,,,,,,,,,,,,,,,,,,,,,,,,,,,,,,,,,,,,,,,,,,,,,,,,,,,,,,,,,,,,,,,,,,,,,,,,,,,,,,,,,,,,,,,,,,,,,,,,,,,,,,,,,,,,,,,,,,,,,,,,,,,,,,,,,
1974,2,147.0,54.0,,,,,,,,,,,,,,,,,,,,,,,,,,,,,,,,,,,,,,,,13.9,13.9,13.9,13.9,1.0,0.0,10.0,1.0,0.4,0.8,-4.75,-4.75,-4.75,-4.75,1.0,0.0,10.0,1.0,0.4,0.8,-13.06,-13.06,-13.06,-13.06,1.0,0.0,10.0,1.0,0.4,0.8,1019.9,1019.9,1019.9,1019.9,1.0,0.0,10.0,1.0,0.4,0.8,,,,,,,,,,,,,,,,,,,,,,,,,,,,,,,,,,,,,,,,,,,,,,,,,,,,,,,,,,,,,,,,,,,,,,,,,,,,,,,,,,,,,,,,,,,,,,,,,,,,,,,,,,,,,,,,,,,,,,,,,,,,,,,,,,,,,,,,,,,,,,,,,,,,,,
1974,2,148.0,-66.0,1.5,1.5,1.5,1.5,1.0,0.0,4.0,1.0,0.0,0.7,-2.0,-2.0,-2.0,-2.0,1.0,0.0,4.0,1.0,0.0,0.7,3.03,3.03,3.03,3.03,1.0,0.0,4.0,1.0,0.0,0.7,90.1,90.1,90.1,90.1,1.0,0.0,4.0,1.0,0.7,8.2,8.2,8.2,8.2,1.0,0.0,4.0,1.0,0.0,0.7,-6.28,-6.28,-6.28,-6.28,1.0,0.0,4.0,1.0,0.0,0.7,5.27,5.27,5.27,5.27,1.0,0.0,4.0,1.0,0.0,0.7,982.2,982.2,982.2,982.2,1.0,0.0,4.0,1.0,0.0,0.7,8.0,8.0,8.0,8.0,1.0,0.0,4.0,1.0,0.0,0.7,-51.5,-51.5,-51.5,-51.5,1.0,0.0,4.0,1.0,0.0,0.7,43.2,43.2,43.2,43.2,1.0,0.0,4.0,1.0,0.0,0.7,3.5,3.5,3.5,3.5,1.0,0.0,4.0,1.0,0.0,0.7,28.7,28.7,28.7,28.7,1.0,0.0,4.0,1.0,0.0,0.7,1.31,1.31,1.31,1.31,1.0,0.0,4.0,1.0,0.0,0.7,10.7,10.7,10.7,10.7,1.0,0.0,4.0,1.0,0.0,0.7,12.6,12.6,12.6,12.6,1.0,0.0,4.0,1.0,0.0,0.7,-10.5,-10.5,-10.5,-10.5,1.0,0.0,4.0,1.0,0.0,0.7,-19.0,-19.0,-19.0,-19.0,1.0,0.0,4.0,1.0,0.0,0.7,16.0,16.0,16.0,16.0,1.0,0.0,4.0,1.0,0.0,0.7,-8.2,-8.2,-8.2,-8.2,1.0,0.0,4.0,1.0,0.0,0.7,6.9,6.9,6.9,6.9,1.0,0.0,4.0,1.0,0.0,0.7,551.5,551.5,551.5,551.5,1.0,0.0,4.0,1.0,0.0,0.7,550.0,550.0,550.0,550.0,1.0,0.0,4.0,1.0,0.0,0.7
1974,2,148.0,-51.0,,,,,,,,,,,,,,,,,,,,,,,,,,,,,,,,,,,,,,,,11.8,11.8,11.8,11.8,1.0,0.0,4.0,0.0,0.0,0.8,7.58,7.58,7.58,7.58,1.0,0.0,4.0,0.0,0.0,0.8,-9.04,-9.04,-9.04,-9.04,1.0,0.0,4.0,0.0,0.0,0.8,1005.8,1005.8,1005.8,1005.8,1.0,0.0,4.0,0.0,0.0,0.8,,,,,,,,,,,,,,,,,,,,,,,,,,,,,,,,,,,,,,,,,,,,,,,,,,,,,,,,,,,,,,,,,,,,,,,,,,,,,,,,,,,,,,,,,,,,,,,,,,,,,,,,,,,,,,,,,,,,,,,,,,,,,,,,,,,,,,,,,,,,,,,,,,,,,,
1974,2,148.0,-49.0,,,,,,,,,,,,,,,,,,,,,,,,,,,,,,,,,,,,,,,,9.8,9.8,9.8,9.8,1.0,0.0,26.0,1.0,0.0,1.0,9.65,9.65,9.65,9.65,1.0,0.0,26.0,1.0,0.0,1.0,-1.7,-1.7,-1.7,-1.7,1.0,0.0,26.0,1.0,0.0,1.0,1010.9,1010.9,1010.9,1010.9,1.0,0.0,26.0,1.0,0.0,1.0,,,,,,,,,,,,,,,,,,,,,,,,,,,,,,,,,,,,,,,,,,,,,,,,,,,,,,,,,,,,,,,,,,,,,,,,,,,,,,,,,,,,,,,,,,,,,,,,,,,,,,,,,,,,,,,,,,,,,,,,,,,,,,,,,,,,,,,,,,,,,,,,,,,,,,
1974,2,148.0,-43.0,17.7,17.7,17.7,17.7,1.0,0.0,28.0,0.0,0.5,0.7,16.5,16.5,16.5,16.5,1.0,0.0,28.0,0.0,0.5,0.7,9.82,9.82,9.82,9.82,1.0,0.0,28.0,0.0,0.5,0.7,85.2,85.2,85.2,85.2,1.0,0.0,28.0,0.0,0.7,6.7,6.7,6.7,6.7,1.0,0.0,28.0,0.0,0.5,0.7,-3.35,-3.35,-3.35,-3.35,1.0,0.0,28.0,0.0,0.5,0.7,5.8,5.8,5.8,5.8,1.0,0.0,28.0,0.0,0.5,0.7,1022.6,1022.6,1022.6,1022.6,1.0,0.0,28.0,0.0,0.5,0.7,8.0,8.0,8.0,8.0,1.0,0.0,28.0,0.0,0.5,0.7,-22.4,-22.4,-22.4,-22.4,1.0,0.0,28.0,0.0,0.5,0.7,38.9,38.9,38.9,38.9,1.0,0.0,28.0,0.0,0.5,0.7,1.2,1.2,1.2,1.2,1.0,0.0,28.0,0.0,0.5,0.7,8.0,8.0,8.0,8.0,1.0,0.0,28.0,0.0,0.5,0.7,2.64,2.64,2.64,2.64,1.0,0.0,28.0,0.0,0.5,0.7,17.7,17.7,17.7,17.7,1.0,0.0,28.0,0.0,0.5,0.7,-55.3,-55.3,-55.3,-55.3,1.0,0.0,28.0,0.0,0.5,0.7,95.7,95.7,95.7,95.7,1.0,0.0,28.0,0.0,0.5,0.7,-32.9,-32.9,-32.9,-32.9,1.0,0.0,28.0,0.0,0.5,0.7,57.0,57.0,57.0,57.0,1.0,0.0,28.0,0.0,0.5,0.7,-8.9,-8.9,-8.9,-8.9,1.0,0.0,28.0,0.0,0.5,0.7,15.3,15.3,15.3,15.3,1.0,0.0,28.0,0.0,0.5,0.7,301.0,301.0,301.0,301.0,1.0,0.0,28.0,0.0,0.5,0.7,300.0,300.0,300.0,300.0,1.0,0.0,28.0,0.0,0.5,0.7
1974,2,148.0,-42.0,14.4,14.4,14.4,14.4,1.0,0.0,28.0,0.0,0.7,0.1,16.5,16.5,16.5,16.5,1.0,0.0,28.0,0.0,0.7,0.1,8.19,8.19,8.19,8.19,1.0,0.0,28.0,0.0,0.7,0.1,71.3,71.3,71.3,71.3,1.0,0.0,28.0,0.0,0.1,6.2,6.2,6.2,6.2,1.0,0.0,28.0,0.0,0.7,0.1,-3.99,-3.99,-3.99,-3.99,1.0,0.0,28.0,0.0,0.7,0.1,-4.75,-4.75,-4.75,-4.75,1.0,0.0,28.0,0.0,0.7,0.1,1026.1,1026.1,1026.1,1026.1,1.0,0.0,28.0,0.0,0.7,0.1,4.0,4.0,4.0,4.0,1.0,0.0,28.0,0.0,0.7,0.1,-24.7,-24.7,-24.7,-24.7,1.0,0.0,28.0,0.0,0.7,0.1,-29.4,-29.4,-29.4,-29.4,1.0,0.0,28.0,0.0,0.7,0.1,-2.1,-2.1,-2.1,-2.1,1.0,0.0,28.0,0.0,0.7,0.1,-13.0,-13.0,-13.0,-13.0,1.0,0.0,28.0,0.0,0.7,0.1,1.85,1.85,1.85,1.85,1.0,0.0,28.0,0.0,0.7,0.1,11.5,11.5,11.5,11.5,1.0,0.0,28.0,0.0,0.7,0.1,-65.8,-65.8,-65.8,-65.8,1.0,0.0,28.0,0.0,0.7,0.1,-78.4,-78.4,-78.4,-78.4,1.0,0.0,28.0,0.0,0.7,0.1,-32.6,-32.6,-32.6,-32.6,1.0,0.0,28.0,0.0,0.7,0.1,-38.9,-38.9,-38.9,-38.9,1.0,0.0,28.0,0.0,0.7,0.1,-7.4,-7.4,-7.4,-7.4,1.0,0.0,28.0,0.0,0.7,0.1,-8.8,-8.8,-8.8,-8.8,1.0,0.0,28.0,0.0,0.7,0.1,238.5,238.5,238.5,238.5,1.0,0.0,28.0,0.0,0.7,0.1,240.0,240.0,240.0,240.0,1.0,0.0,28.0,0.0,0.7,0.1
1974,2,148.0,-41.0,18.57,19.15,19.73,19.15,2.0,1.2,16.0,1.0,0.0,0.4,20.68,20.85,21.02,20.85,2.0,0.35,16.0,1.0,0.0,0.4,11.35,12.26,13.17,12.26,2.0,1.88,16.0,1.0,0.0,0.4,74.6,79.9,85.3,79.9,2.0,11.1,16.0,1.0,0.4,5.09,6.15,7.21,6.15,2.0,2.19,16.0,1.0,0.0,0.4,-2.96,-1.76,-0.56,-1.76,2.0,2.49,16.0,1.0,0.0,0.4,-6.01,-2.37,1.27,-2.37,2.0,7.54,16.0,1.0,0.0,0.4,1008.61,1012.5,1016.39,1012.5,2.0,8.06,16.0,1.0,0.0,0.4,2.5,3.5,4.5,3.5,2.0,2.1,16.0,1.0,0.0,0.4,-13.6,-8.1,-2.6,-8.1,2.0,11.5,16.0,1.0,0.0,0.4,-47.7,-22.8,2.0,-22.8,2.0,51.5,16.0,1.0,0.0,0.4,-2.45,-1.7,-0.95,-1.7,2.0,1.56,16.0,1.0,0.0,0.4,-11.6,-8.7,-5.9,-8.7,2.0,5.8,16.0,1.0,0.0,0.4,0.09,1.56,3.03,1.56,2.0,3.04,16.0,1.0,0.0,0.4,2.3,12.9,23.6,12.9,2.0,22.1,16.0,1.0,0.0,0.4,-62.6,-37.2,-11.8,-37.2,2.0,52.6,16.0,1.0,0.0,0.4,-123.5,-48.1,27.3,-48.1,2.0,156.3,16.0,1.0,0.0,0.4,-40.3,-23.9,-7.6,-23.9,2.0,33.9,16.0,1.0,0.0,0.4,-64.4,-22.0,20.5,-22.0,2.0,87.9,16.0,1.0,0.0,0.4,0.3,1.0,1.7,1.0,2.0,1.5,16.0,1.0,0.0,0.4,-24.3,-15.2,-6.0,-15.2,2.0,19.0,16.0,1.0,0.0,0.4,154.5,277.0,399.5,277.0,2.0,254.0,16.0,1.0,0.0,0.4,155.0,275.0,400.0,275.0,2.0,255.0,16.0,1.0,0.0,0.4
1974,2,148.0,-40.0,19.5,19.5,19.5,19.5,1.0,0.0,16.0,0.0,0.0,1.0,19.6,19.6,19.6,19.6,1.0,0.0,16.0,0.0,0.0,1.0,14.04,14.04,14.04,14.04,1.0,0.0,16.0,0.0,0.0,1.0,99.4,99.4,99.4,99.4,1.0,0.0,16.0,0.0,1.0,11.3,11.3,11.3,11.3,1.0,0.0,16.0,0.0,0.0,1.0,-9.79,-9.79,-9.79,-9.79,1.0,0.0,16.0,0.0,0.0,1.0,-5.65,-5.65,-5.65,-5.65,1.0,0.0,16.0,0.0,0.0,1.0,1016.9,1016.9,1016.9,1016.9,1.0,0.0,16.0,0.0,0.0,1.0,2.0,2.0,2.0,2.0,1.0,0.0,16.0,0.0,0.0,1.0,-110.6,-110.6,-110.6,-110.6,1.0,0.0,16.0,0.0,0.0,1.0,-63.8,-63.8,-63.8,-63.8,1.0,0.0,16.0,0.0,0.0,1.0,-0.1,-0.1,-0.1,-0.1,1.0,0.0,16.0,0.0,0.0,1.0,-1.1,-1.1,-1.1,-1.1,1.0,0.0,16.0,0.0,0.0,1.0,0.0,0.0,0.0,0.0,1.0,0.0,16.0,0.0,0.0,1.0,0.0,0.0,0.0,0.0,1.0,0.0,16.0,0.0,0.0,1.0,-191.8,-191.8,-191.8,-191.8,1.0,0.0,16.0,0.0,0.0,1.0,-110.7,-110.7,-110.7,-110.7,1.0,0.0,16.0,0.0,0.0,1.0,-137.4,-137.4,-137.4,-137.4,1.0,0.0,16.0,0.0,0.0,1.0,-79.3,-79.3,-79.3,-79.3,1.0,0.0,16.0,0.0,0.0,1.0,0.0,0.0,0.0,0.0,1.0,0.0,16.0,0.0,0.0,1.0,0.0,0.0,0.0,0.0,1.0,0.0,16.0,0.0,0.0,1.0,1443.0,1443.0,1443.0,1443.0,1.0,0.0,16.0,0.0,0.0,1.0,1445.0,1445.0,1445.0,1445.0,1.0,0.0,16.0,0.0,0.0,1.0
1974,2,148.0,-39.0,18.59,20.0,20.92,19.67,11.0,1.59,18.0,0.8,0.5,0.6,17.5,19.0,20.76,19.1,93.0,1.62,14.0,0.7,0.1,0.4,8.29,9.27,11.47,9.69,12.0,1.53,18.0,0.8,0.5,0.6,64.7,79.3,92.1,79.2,92.0,12.2,14.0,0.7,0.4,3.6,7.7,11.3,7.51,94.0,3.99,14.0,0.7,0.1,0.4,-7.75,0.0,7.89,0.05,94.0,7.3,14.0,0.7,0.1,0.4,-3.66,0.72,5.83,1.0,94.0,4.3,14.0,0.7,0.1,0.4,1010.61,1018.5,1022.44,1016.19,13.0,6.2,18.0,0.7,0.4,0.5,0.0,5.0,8.0,4.3,65.0,3.5,14.0,0.7,0.2,0.4,-81.3,0.0,81.3,3.6,94.0,82.4,14.0,0.7,0.1,0.4,-33.4,2.2,68.2,11.7,94.0,46.5,14.0,0.7,0.1,0.4,-0.12,1.5,3.15,1.14,11.0,1.89,18.0,0.8,0.5,0.6,-1.2,5.6,16.7,5.8,11.0,19.2,18.0,0.8,0.5,0.6,3.38,4.81,6.09,4.58,11.0,2.04,18.0,0.8,0.5,0.6,15.5,24.1,55.4,31.7,11.0,22.0,18.0,0.8,0.5,0.6,-151.5,0.0,140.6,-4.9,93.0,138.7,14.0,0.7,0.1,0.4,-73.6,14.8,101.8,17.1,93.0,81.4,14.0,0.7,0.1,0.4,-33.2,44.9,80.7,25.1,12.0,60.2,18.0,0.8,0.5,0.6,4.4,52.1,59.4,40.1,12.0,42.2,18.0,0.8,0.5,0.6,-16.9,-1.0,44.8,10.3,11.0,30.6,18.0,0.8,0.5,0.6,-2.2,14.1,32.4,14.8,11.0,17.2,18.0,0.8,0.5,0.6,46.5,456.5,1443.0,773.5,94.0,931.0,14.0,0.7,0.1,0.4,45.0,455.0,1445.0,775.0,94.0,930.0,14.0,0.7,0.1,0.4
1974,2,148.0,-38.0,,,,,,,,,,,,,,,,,,,,,,,,,,,,,,,,,,,,,,,,11.8,11.8,11.8,11.8,1.0,0.0,18.0,0.0,0.6,1.0,5.9,5.9,5.9,5.9,1.0,0.0,18.0,0.0,0.6,1.0,-10.22,-10.22,-10.22,-10.22,1.0,0.0,18.0,0.0,0.6,1.0,1006.2,1006.2,1006.2,1006.2,1.0,0.0,18.0,0.0,0.6,1.0,,,,,,,,,,,,,,,,,,,,,,,,,,,,,,,,,,,,,,,,,,,,,,,,,,,,,,,,,,,,,,,,,,,,,,,,,,,,,,,,,,,,,,,,,,,,,,,,,,,,,,,,,,,,,,,,,,,,,,,,,,,,,,,,,,,,,,,,,,,,,,,,,,,,,,
1974,2,148.0,-21.0,27.25,27.8,28.28,27.77,3.0,0.75,18.0,0.3,0.7,0.9,26.72,27.2,29.11,27.9,3.0,1.85,18.0,0.3,0.7,0.9,17.92,19.04,19.26,18.6,3.0,1.05,18.0,0.3,0.7,0.9,74.3,80.1,83.9,79.1,3.0,7.1,18.0,0.3,0.9,3.58,4.6,4.6,4.1,3.0,0.87,18.0,0.3,0.7,0.9,-3.57,-2.68,-2.42,-2.99,3.0,0.88,18.0,0.3,0.7,0.9,1.79,2.3,3.45,2.61,3.0,1.25,18.0,0.3,0.7,0.9,1007.55,1008.3,1009.67,1008.6,3.0,1.57,18.0,0.3,0.7,0.9,1.3,2.0,3.4,2.3,3.0,1.5,18.0,0.3,0.7,0.9,-15.9,-10.6,-9.0,-12.4,3.0,5.2,18.0,0.3,0.7,0.9,6.6,10.6,15.9,11.2,3.0,6.8,18.0,0.3,0.7,0.9,-0.87,0.5,0.57,-0.13,3.0,1.18,18.0,0.3,0.7,0.9,-4.1,1.9,2.2,-0.9,3.0,5.2,18.0,0.3,0.7,0.9,4.39,5.03,5.31,4.86,3.0,0.69,18.0,0.3,0.7,0.9,16.0,23.1,24.4,20.3,3.0,6.7,18.0,0.3,0.7,0.9,-95.2,-73.0,-70.3,-82.5,3.0,20.1,18.0,0.3,0.7,0.9,48.1,61.0,100.9,74.2,3.0,40.3,18.0,0.3,0.7,0.9,-63.8,-52.0,-46.4,-55.0,3.0,13.0,18.0,0.3,0.7,0.9,33.2,40.0,64.5,48.6,3.0,24.1,18.0,0.3,0.7,0.9,-17.7,-12.5,-11.5,-14.5,3.0,4.8,18.0,0.3,0.7,0.9,8.0,11.6,18.5,13.2,3.0,7.8,18.0,0.3,0.7,0.9,51.0,97.5,97.5,75.0,3.0,39.0,18.0,0.3,0.7,0.9,50.0,95.0,95.0,75.0,3.0,40.0,18.0,0.3,0.7,0.9
1974,2,148.0,-20.0,26.39,26.85,29.1,27.7,4.0,2.23,14.0,0.8,0.1,0.3,25.54,26.4,27.52,26.53,4.0,1.21,12.0,0.8,0.2,0.3,16.59,18.74,18.88,17.75,3.0,1.88,12.0,0.7,0.2,0.3,76.1,89.8,92.4,84.4,3.0,12.9,12.0,0.7,0.3,6.12,7.2,8.97,7.5,5.0,1.92,14.0,0.8,0.2,0.3,-6.84,-5.15,-4.03,-5.39,5.0,1.46,14.0,0.8,0.2,0.3,-0.46,3.28,7.77,3.61,5.0,4.39,14.0,0.8,0.2,0.3,1006.2,1007.0,1009.74,1007.93,4.0,2.55,14.0,0.8,0.1,0.3,2.5,7.0,8.0,5.4,5.0,3.4,14.0,0.8,0.2,0.3,-51.8,-44.9,-28.6,-40.5,5.0,13.8,14.0,0.8,0.2,0.3,-3.3,16.7,70.5,31.6,5.0,42.5,14.0,0.8,0.2,0.3,-0.11,0.3,1.26,0.57,3.0,1.03,12.0,0.7,0.2,0.3,-1.2,1.5,12.4,5.5,3.0,10.6,12.0,0.7,0.2,0.3,2.83,3.48,5.52,4.16,3.0,2.05,12.0,0.7,0.2,0.3,20.2,35.8,47.6,33.9,3.0,20.1,12.0,0.7,0.2,0.3,-160.3,-120.5,-105.5,-132.3,4.0,38.8,12.0,0.8,0.2,0.3,40.3,138.2,209.5,125.5,4.0,103.0,12.0,0.8,0.2,0.3,-89.8,-73.2,-66.9,-78.2,3.0,17.4,12.0,0.7,0.2,0.3,77.1,110.7,150.5,113.7,3.0,53.8,12.0,0.7,0.2,0.3,-23.8,-17.9,-12.4,-18.1,3.0,8.3,12.0,0.7,0.2,0.3,15.5,31.0,41.2,28.4,3.0,18.9,12.0,0.7,0.2,0.3,239.5,373.0,749.0,490.0,5.0,369.0,14.0,0.8,0.2,0.3,240.0,375.0,750.0,490.0,5.0,370.0,14.0,0.8,0.2,0.3
1974,2,148.0,-17.0,,,,,,,,,,,,,,,,,,,,,,,,,,,,,,,,,,,,,,,,10.3,10.3,10.3,10.3,1.0,0.0,22.0,0.0,0.5,0.4,-9.68,-9.68,-9.68,-9.68,1.0,0.0,22.0,0.0,0.5,0.4,-3.52,-3.52,-3.52,-3.52,1.0,0.0,22.0,0.0,0.5,0.4,1013.6,1013.6,1013.6,1013.6,1.0,0.0,22.0,0.0,0.5,0.4,,,,,,,,,,,,,,,,,,,,,,,,,,,,,,,,,,,,,,,,,,,,,,,,,,,,,,,,,,,,,,,,,,,,,,,,,,,,,,,,,,,,,,,,,,,,,,,,,,,,,,,,,,,,,,,,,,,,,,,,,,,,,,,,,,,,,,,,,,,,,,,,,,,,,,
1974,2,148.0,-16.0,28.66,29.0,29.34,29.0,2.0,0.71,16.0,1.0,0.2,0.5,28.13,28.4,28.67,28.4,2.0,0.57,16.0,1.0,0.2,0.5,19.7,20.23,20.75,20.23,2.0,1.09,16.0,1.0,0.2,0.5,82.1,82.8,83.5,82.8,2.0,1.5,16.0,1.0,0.5,2.06,4.35,6.64,4.35,2.0,4.74,16.0,1.0,0.2,0.5,-6.56,-4.1,-1.64,-4.1,2.0,5.09,16.0,1.0,0.2,0.5,-0.73,-0.43,-0.14,-0.43,2.0,0.61,16.0,1.0,0.2,0.5,1002.06,1003.25,1004.44,1003.25,2.0,2.47,16.0,1.0,0.2,0.5,6.3,7.0,7.7,7.0,2.0,1.4,16.0,1.0,0.2,0.5,-50.0,-29.9,-9.8,-29.9,2.0,41.6,16.0,1.0,0.2,0.5,-0.7,-0.4,-0.1,-0.4,2.0,0.6,16.0,1.0,0.2,0.5,0.53,0.6,0.67,0.6,2.0,0.14,16.0,1.0,0.2,0.5,1.2,2.3,3.4,2.3,2.0,2.2,16.0,1.0,0.2,0.5,5.12,5.14,5.15,5.14,2.0,0.03,16.0,1.0,0.2,0.5,10.6,22.3,33.9,22.3,2.0,24.2,16.0,1.0,0.2,0.5,-183.7,-115.0,-46.3,-115.0,2.0,142.3,16.0,1.0,0.2,0.5,-21.0,-12.5,-4.0,-12.5,2.0,17.6,16.0,1.0,0.2,0.5,-127.7,-80.2,-32.6,-80.2,2.0,98.5,16.0,1.0,0.2,0.5,-15.3,-9.1,-2.9,-9.1,2.0,12.9,16.0,1.0,0.2,0.5,-33.5,-21.0,-8.4,-21.0,2.0,26.0,16.0,1.0,0.2,0.5,-3.8,-2.2,-0.7,-2.2,2.0,3.2,16.0,1.0,0.2,0.5,73.5,229.0,384.0,229.0,2.0,322.0,16.0,1.0,0.2,0.5,75.0,230.0,385.0,230.0,2.0,320.0,16.0,1.0,0.2,0.5
1974,2,148.0,-15.0,30.0,30.0,30.0,30.0,1.0,0.0,28.0,1.0,0.4,0.1,27.8,27.8,27.8,27.8,1.0,0.0,28.0,1.0,0.4,0.1,21.62,21.62,21.62,21.62,1.0,0.0,28.0,1.0,0.4,0.1,91.6,91.6,91.6,91.6,1.0,0.0,28.0,1.0,0.1,0.0,0.0,0.0,0.0,1.0,0.0,28.0,1.0,0.4,0.1,0.0,0.0,0.0,0.0,1.0,0.0,28.0,1.0,0.4,0.1,0.0,0.0,0.0,0.0,1.0,0.0,28.0,1.0,0.4,0.1,1002.2,1002.2,1002.2,1002.2,1.0,0.0,28.0,1.0,0.4,0.1,6.0,6.0,6.0,6.0,1.0,0.0,28.0,1.0,0.4,0.1,0.0,0.0,0.0,0.0,1.0,0.0,28.0,1.0,0.4,0.1,0.0,0.0,0.0,0.0,1.0,0.0,28.0,1.0,0.4,0.1,2.2,2.2,2.2,2.2,1.0,0.0,28.0,1.0,0.4,0.1,0.0,0.0,0.0,0.0,1.0,0.0,28.0,1.0,0.4,0.1,5.29,5.29,5.29,5.29,1.0,0.0,28.0,1.0,0.4,0.1,0.0,0.0,0.0,0.0,1.0,0.0,28.0,1.0,0.4,0.1,0.0,0.0,0.0,0.0,1.0,0.0,28.0,1.0,0.4,0.1,0.0,0.0,0.0,0.0,1.0,0.0,28.0,1.0,0.4,0.1,0.0,0.0,0.0,0.0,1.0,0.0,28.0,1.0,0.4,0.1,0.0,0.0,0.0,0.0,1.0,0.0,28.0,1.0,0.4,0.1,0.0,0.0,0.0,0.0,1.0,0.0,28.0,1.0,0.4,0.1,0.0,0.0,0.0,0.0,1.0,0.0,28.0,1.0,0.4,0.1,0.0,0.0,0.0,0.0,1.0,0.0,28.0,1.0,0.4,0.1,0.0,0.0,0.0,0.0,1.0,0.0,28.0,1.0,0.4,0.1
1974,2,148.0,-13.0,28.63,28.9,29.38,29.0,3.0,0.56,18.0,0.3,0.8,0.8,27.76,28.1,29.94,28.83,3.0,1.72,18.0,0.3,0.8,0.8,19.81,20.19,20.58,20.19,2.0,0.81,12.0,0.5,0.9,0.8,75.5,78.0,80.6,78.0,2.0,5.3,12.0,0.5,0.8,1.3,4.1,4.44,2.9,3.0,2.52,18.0,0.3,0.8,0.8,1.0,3.14,4.09,2.56,3.0,2.32,18.0,0.3,0.8,0.8,-2.05,-0.8,-0.25,-1.14,3.0,1.35,18.0,0.3,0.8,0.8,1003.74,1006.4,1007.9,1005.83,3.0,3.09,18.0,0.3,0.8,0.8,4.3,5.0,7.0,5.7,3.0,2.1,18.0,0.3,0.8,0.8,4.1,12.9,18.3,11.2,3.0,10.5,18.0,0.3,0.8,0.8,-8.5,-3.7,-1.2,-4.8,3.0,5.5,18.0,0.3,0.8,0.8,-0.57,0.8,0.87,0.17,3.0,1.18,18.0,0.3,0.8,0.8,1.2,3.7,3.7,2.5,3.0,2.1,18.0,0.3,0.8,0.8,5.44,5.5,5.57,5.5,2.0,0.13,12.0,0.5,0.9,0.8,4.1,12.9,21.7,12.9,2.0,18.2,12.0,0.5,0.9,0.8,27.5,86.7,114.4,71.3,3.0,65.0,18.0,0.3,0.8,0.8,-56.8,-22.4,-7.1,-31.7,3.0,37.2,18.0,0.3,0.8,0.8,14.1,44.5,74.8,44.5,2.0,62.9,12.0,0.5,0.9,0.8,-13.2,-7.8,-2.5,-7.8,2.0,11.1,12.0,0.5,0.9,0.8,4.0,12.7,21.3,12.7,2.0,17.9,12.0,0.5,0.9,0.8,-3.8,-2.2,-0.7,-2.2,2.0,3.2,12.0,0.5,0.9,0.8,22.0,69.0,88.5,55.5,3.0,50.0,18.0,0.3,0.8,0.8,20.0,70.0,90.0,55.0,3.0,50.0,18.0,0.3,0.8,0.8
1974,2,148.0,-12.0,27.52,28.0,29.37,28.43,3.0,1.4,18.0,0.0,0.4,0.7,27.93,28.0,28.96,28.43,3.0,0.84,18.0,0.0,0.4,0.7,19.24,19.8,20.2,19.72,3.0,0.7,18.0,0.0,0.4,0.7,79.5,80.3,82.3,80.9,3.0,2.1,18.0,0.0,0.7,2.14,4.6,8.49,5.3,3.0,4.69,18.0,0.0,0.4,0.7,0.69,4.32,5.89,3.31,3.0,3.91,18.0,0.0,0.4,0.7,-5.89,-1.57,-0.5,-3.15,3.0,4.18,18.0,0.0,0.4,0.7,1005.76,1005.9,1006.65,1006.2,3.0,0.7,18.0,0.0,0.4,0.7,3.6,5.0,7.0,5.3,3.0,2.5,18.0,0.0,0.4,0.7,5.6,19.9,52.9,29.0,3.0,35.5,18.0,0.0,0.4,0.7,-57.8,-7.2,-2.3,-29.5,3.0,45.0,18.0,0.0,0.4,0.7,-0.41,0.0,0.41,0.0,3.0,0.6,18.0,0.0,0.4,0.7,-4.2,0.0,0.4,-1.9,3.0,3.8,18.0,0.0,0.4,0.7,3.94,4.04,5.65,4.77,3.0,1.41,18.0,0.0,0.4,0.7,10.3,18.6,33.2,21.7,3.0,17.0,18.0,0.0,0.4,0.7,18.3,121.0,164.5,92.1,3.0,109.9,18.0,0.0,0.4,0.7,-164.2,-44.1,-14.0,-88.1,3.0,116.5,18.0,0.0,0.4,0.7,13.2,85.6,112.9,63.6,3.0,75.4,18.0,0.0,0.4,0.7,-112.1,-31.1,-9.9,-60.3,3.0,79.0,18.0,0.0,0.4,0.7,1.2,17.4,23.1,12.3,3.0,16.7,18.0,0.0,0.4,0.7,-23.0,-6.3,-2.0,-12.3,3.0,16.2,18.0,0.0,0.4,0.7,31.5,97.5,777.0,397.0,3.0,604.5,18.0,0.0,0.4,0.7,30.0,95.0,775.0,395.0,3.0,605.0,18.0,0.0,0.4,0.7
1974,2,148.0,-11.0,27.9,28.25,28.97,28.43,4.0,0.71,12.0,0.3,0.3,0.4,27.9,28.0,28.52,28.2,4.0,0.54,12.0,0.3,0.3,0.4,18.64,19.36,19.57,19.12,4.0,0.76,12.0,0.3,0.3,0.4,77.5,79.9,81.3,79.4,4.0,2.3,12.0,0.3,0.4,6.34,7.95,10.35,8.33,4.0,2.98,12.0,0.3,0.3,0.4,4.87,6.03,9.44,7.1,4.0,3.15,12.0,0.3,0.3,0.4,-5.09,-4.15,-1.04,-3.12,4.0,3.34,12.0,0.3,0.3,0.4,1003.0,1004.15,1006.82,1004.88,4.0,2.47,12.0,0.3,0.3,0.4,4.5,6.0,7.5,6.0,4.0,1.8,12.0,0.3,0.3,0.4,30.9,48.2,102.2,65.7,4.0,52.8,12.0,0.3,0.3,0.4,-48.7,-39.5,-11.3,-30.5,4.0,27.3,12.0,0.3,0.3,0.4,-0.01,0.3,0.45,0.23,4.0,0.31,12.0,0.3,0.3,0.4,0.0,1.8,4.2,2.1,4.0,3.2,12.0,0.3,0.3,0.4,4.71,5.56,5.98,5.36,4.0,0.83,12.0,0.3,0.3,0.4,31.7,40.4,56.8,44.1,4.0,15.7,12.0,0.3,0.3,0.4,138.8,168.2,263.5,199.7,4.0,87.2,12.0,0.3,0.3,0.4,-142.6,-115.9,-27.8,-86.6,4.0,94.4,12.0,0.3,0.3,0.4,95.2,111.8,178.3,135.6,4.0,60.9,12.0,0.3,0.3,0.4,-98.6,-77.7,-17.1,-58.7,4.0,64.5,12.0,0.3,0.3,0.4,24.8,35.5,51.6,38.1,4.0,17.3,12.0,0.3,0.3,0.4,-24.6,-23.1,-4.9,-15.1,4.0,17.2,12.0,0.3,0.3,0.4,287.0,504.0,1237.5,750.5,4.0,761.5,12.0,0.3,0.3,0.4,285.0,505.0,1235.0,750.0,4.0,760.0,12.0,0.3,0.3,0.4
1974,2,148.0,-8.0,30.6,30.6,30.6,30.6,1.0,0.0,10.0,1.0,0.0,1.0,30.8,30.8,30.8,30.8,1.0,0.0,10.0,1.0,0.0,1.0,18.76,18.76,18.76,18.76,1.0,0.0,10.0,1.0,0.0,1.0,67.1,67.1,67.1,67.1,1.0,0.0,10.0,1.0,1.0,3.1,3.1,3.1,3.1,1.0,0.0,10.0,1.0,0.0,1.0,-1.99,-1.99,-1.99,-1.99,1.0,0.0,10.0,1.0,0.0,1.0,2.37,2.37,2.37,2.37,1.0,0.0,10.0,1.0,0.0,1.0,1005.0,1005.0,1005.0,1005.0,1.0,0.0,10.0,1.0,0.0,1.0,3.0,3.0,3.0,3.0,1.0,0.0,10.0,1.0,0.0,1.0,-6.2,-6.2,-6.2,-6.2,1.0,0.0,10.0,1.0,0.0,1.0,7.4,7.4,7.4,7.4,1.0,0.0,10.0,1.0,0.0,1.0,-0.2,-0.2,-0.2,-0.2,1.0,0.0,10.0,1.0,0.0,1.0,-0.6,-0.6,-0.6,-0.6,1.0,0.0,10.0,1.0,0.0,1.0,9.03,9.03,9.03,9.03,1.0,0.0,10.0,1.0,0.0,1.0,28.0,28.0,28.0,28.0,1.0,0.0,10.0,1.0,0.0,1.0,-61.4,-61.4,-61.4,-61.4,1.0,0.0,10.0,1.0,0.0,1.0,73.1,73.1,73.1,73.1,1.0,0.0,10.0,1.0,0.0,1.0,-37.4,-37.4,-37.4,-37.4,1.0,0.0,10.0,1.0,0.0,1.0,44.6,44.6,44.6,44.6,1.0,0.0,10.0,1.0,0.0,1.0,-18.0,-18.0,-18.0,-18.0,1.0,0.0,10.0,1.0,0.0,1.0,21.4,21.4,21.4,21.4,1.0,0.0,10.0,1.0,0.0,1.0,30.0,30.0,30.0,30.0,1.0,0.0,10.0,1.0,0.0,1.0,30.0,30.0,30.0,30.0,1.0,0.0,10.0,1.0,0.0,1.0
1974,2,148.0,-7.0,28.05,28.25,28.45,28.25,4.0,0.24,18.0,0.5,0.6,0.5,26.43,28.0,28.37,27.56,5.0,1.14,16.0,0.6,0.5,0.6,17.66,18.45,18.85,18.26,4.0,0.91,18.0,0.5,0.6,0.5,77.8,79.3,83.4,80.5,4.0,3.9,18.0,0.5,0.5,2.2,3.6,5.05,3.7,5.0,1.95,16.0,0.6,0.5,0.6,-1.83,0.63,2.87,0.6,5.0,2.73,16.0,0.6,0.5,0.6,-4.13,-3.55,0.47,-2.25,5.0,2.58,16.0,0.6,0.5,0.6,1004.37,1006.5,1007.88,1006.16,5.0,2.54,18.0,0.4,0.6,0.4,4.9,7.0,8.0,6.4,5.0,2.1,16.0,0.6,0.5,0.6,-3.8,2.3,15.9,6.1,5.0,13.9,16.0,0.6,0.5,0.6,-21.8,-12.8,0.9,-12.0,5.0,14.5,16.0,0.6,0.5,0.6,0.19,1.1,1.9,1.05,4.0,1.0,18.0,0.5,0.6,0.5,1.3,3.9,6.3,3.8,4.0,3.2,18.0,0.5,0.6,0.5,5.37,5.44,6.55,5.94,4.0,1.08,18.0,0.5,0.6,0.5,13.6,21.0,29.4,21.5,4.0,11.3,18.0,0.5,0.6,0.5,-49.8,18.1,78.3,17.1,5.0,75.0,16.0,0.6,0.5,0.6,-117.7,-93.4,12.8,-62.7,5.0,71.8,16.0,0.6,0.5,0.6,-35.1,6.0,61.3,12.7,4.0,58.2,18.0,0.5,0.6,0.5,-82.8,-29.0,8.6,-36.7,4.0,54.0,18.0,0.5,0.6,0.5,-13.8,1.8,17.4,1.8,4.0,18.9,18.0,0.5,0.6,0.5,-23.6,-8.3,3.1,-10.1,4.0,15.6,18.0,0.5,0.6,0.5,12.5,46.5,153.5,87.5,5.0,122.0,16.0,0.6,0.5,0.6,10.0,45.0,155.0,85.0,5.0,120.0,16.0,0.6,0.5,0.6
1974,2,148.0,-4.0,27.8,27.8,27.8,27.8,1.0,0.0,26.0,1.0,0.4,0.1,26.6,26.6,26.6,26.6,1.0,0.0,26.0,1.0,0.4,0.1,17.34,17.34,17.34,17.34,1.0,0.0,26.0,1.0,0.4,0.1,79.2,79.2,79.2,79.2,1.0,0.0,26.0,1.0,0.1,10.3,10.3,10.3,10.3,1.0,0.0,26.0,1.0,0.4,0.1,8.92,8.92,8.92,8.92,1.0,0.0,26.0,1.0,0.4,0.1,-5.15,-5.15,-5.15,-5.15,1.0,0.0,26.0,1.0,0.4,0.1,1004.4,1004.4,1004.4,1004.4,1.0,0.0,26.0,1.0,0.4,0.1,7.0,7.0,7.0,7.0,1.0,0.0,26.0,1.0,0.4,0.1,91.9,91.9,91.9,91.9,1.0,0.0,26.0,1.0,0.4,0.1,-53.0,-53.0,-53.0,-53.0,1.0,0.0,26.0,1.0,0.4,0.1,1.2,1.2,1.2,1.2,1.0,0.0,26.0,1.0,0.4,0.1,12.4,12.4,12.4,12.4,1.0,0.0,26.0,1.0,0.4,0.1,6.25,6.25,6.25,6.25,1.0,0.0,26.0,1.0,0.4,0.1,64.3,64.3,64.3,64.3,1.0,0.0,26.0,1.0,0.4,0.1,237.3,237.3,237.3,237.3,1.0,0.0,26.0,1.0,0.4,0.1,-137.0,-137.0,-137.0,-137.0,1.0,0.0,26.0,1.0,0.4,0.1,154.7,154.7,154.7,154.7,1.0,0.0,26.0,1.0,0.4,0.1,-89.3,-89.3,-89.3,-89.3,1.0,0.0,26.0,1.0,0.4,0.1,55.7,55.7,55.7,55.7,1.0,0.0,26.0,1.0,0.4,0.1,-32.2,-32.2,-32.2,-32.2,1.0,0.0,26.0,1.0,0.4,0.1,1092.5,1092.5,1092.5,1092.5,1.0,0.0,26.0,1.0,0.4,0.1,1095.0,1095.0,1095.0,1095.0,1.0,0.0,26.0,1.0,0.4,0.1
1974,2,148.0,-1.0,29.17,30.6,30.87,30.03,3.0,1.34,10.0,0.7,0.6,0.7,25.48,26.5,27.66,26.57,3.0,1.6,10.0,0.7,0.6,0.7,19.34,19.96,20.02,19.69,3.0,0.55,10.0,0.7,0.6,0.7,85.9,91.5,94.5,90.2,3.0,6.4,10.0,0.7,0.7,1.98,4.1,4.71,3.37,3.0,2.1,16.0,0.7,0.9,0.8,-2.44,-0.77,0.24,-1.09,3.0,1.98,16.0,0.7,0.9,0.8,-3.97,-3.83,-1.65,-2.84,3.0,1.9,16.0,0.7,0.9,0.8,1004.38,1005.0,1006.36,1005.35,4.0,1.53,14.0,0.8,0.6,0.6,4.4,7.5,8.0,6.3,4.0,2.9,14.0,0.8,0.6,0.6,-11.2,-0.8,1.7,-4.6,3.0,10.1,16.0,0.7,0.9,0.8,-18.3,-16.6,-5.7,-12.1,3.0,10.0,16.0,0.7,0.9,0.8,3.02,3.5,3.91,3.47,3.0,0.65,10.0,0.7,0.6,0.7,5.0,9.8,14.6,9.8,2.0,9.9,12.0,0.5,0.9,0.9,6.22,7.86,8.22,7.23,3.0,1.57,10.0,0.7,0.6,0.7,12.2,20.3,28.5,20.3,2.0,16.9,12.0,0.5,0.9,0.9,-15.2,-1.4,12.4,-1.4,2.0,28.6,12.0,0.5,0.9,0.9,-92.9,-62.6,-32.2,-62.6,2.0,62.8,12.0,0.5,0.9,0.9,-10.7,-0.6,9.5,-0.6,2.0,20.9,12.0,0.5,0.9,0.9,-69.8,-46.7,-23.6,-46.7,2.0,47.9,12.0,0.5,0.9,0.9,-4.5,-0.4,3.7,-0.4,2.0,8.5,12.0,0.5,0.9,0.9,-27.6,-18.6,-9.6,-18.6,2.0,18.6,12.0,0.5,0.9,0.9,22.5,69.0,107.0,65.0,3.0,62.0,16.0,0.7,0.9,0.8,25.0,70.0,105.0,65.0,3.0,60.0,16.0,0.7,0.9,0.8
1974,2,148.0,0.0,29.85,30.6,31.56,30.7,3.0,1.25,14.0,0.3,0.6,0.4,27.4,28.9,29.45,28.43,3.0,1.55,14.0,0.3,0.6,0.4,19.26,19.53,19.8,19.53,2.0,0.57,12.0,0.0,0.8,0.3,80.6,83.1,85.6,83.1,2.0,5.1,12.0,0.0,0.3,4.42,5.1,5.85,5.13,3.0,1.05,14.0,0.3,0.6,0.4,-4.54,-3.99,-0.78,-2.69,3.0,2.97,14.0,0.3,0.6,0.4,-4.52,-4.04,-2.47,-3.51,3.0,1.57,14.0,0.3,0.6,0.4,1004.31,1005.2,1006.7,1005.5,3.0,1.77,14.0,0.3,0.6,0.4,7.0,7.0,7.7,7.3,3.0,0.6,14.0,0.3,0.6,0.4,-24.6,-24.4,-5.8,-15.4,3.0,15.9,14.0,0.3,0.6,0.4,-25.4,-16.6,-11.3,-18.3,3.0,10.4,14.0,0.3,0.6,0.4,1.14,2.3,3.39,2.27,3.0,1.65,14.0,0.3,0.6,0.4,6.6,14.3,15.4,11.1,3.0,7.0,14.0,0.3,0.6,0.4,6.53,7.41,8.29,7.41,2.0,1.82,12.0,0.0,0.8,0.3,31.9,33.4,34.9,33.4,2.0,3.1,12.0,0.0,0.8,0.3,-132.1,-118.4,-24.6,-79.3,3.0,85.7,14.0,0.3,0.6,0.4,-130.5,-107.8,-68.6,-99.8,3.0,45.9,14.0,0.3,0.6,0.4,-78.2,-40.9,-3.7,-40.9,2.0,77.2,12.0,0.0,0.8,0.3,-70.5,-56.0,-41.5,-56.0,2.0,30.0,12.0,0.0,0.8,0.3,-23.7,-11.6,0.5,-11.6,2.0,25.1,12.0,0.0,0.8,0.3,-31.2,-22.9,-14.6,-22.9,2.0,17.3,12.0,0.0,0.8,0.3,89.0,132.5,205.0,146.5,3.0,85.5,14.0,0.3,0.6,0.4,90.0,135.0,205.0,145.0,3.0,85.0,14.0,0.3,0.6,0.4
1974,2,148.0,1.0,29.0,29.3,30.11,29.58,5.0,0.83,16.0,0.4,0.5,0.5,25.56,27.5,28.56,27.12,5.0,1.71,16.0,0.4,0.5,0.5,17.32,18.37,20.22,18.75,4.0,1.86,16.0,0.5,0.4,0.5,76.1,78.8,84.4,80.2,4.0,5.3,16.0,0.5,0.5,4.0,5.1,7.38,5.44,5.0,2.21,16.0,0.4,0.5,0.5,-6.33,-4.79,-2.39,-4.49,5.0,2.14,16.0,0.4,0.5,0.5,-4.61,-1.74,-0.79,-2.47,5.0,2.12,16.0,0.4,0.5,0.5,1003.32,1004.3,1008.18,1005.46,5.0,2.59,16.0,0.4,0.5,0.5,2.6,4.0,5.7,4.2,5.0,1.9,16.0,0.4,0.5,0.5,-47.5,-24.4,-9.9,-27.7,5.0,20.2,16.0,0.4,0.5,0.5,-28.2,-9.0,-5.6,-15.7,5.0,14.9,16.0,0.4,0.5,0.5,0.93,1.5,4.17,2.46,5.0,2.3,16.0,0.4,0.5,0.5,4.6,10.0,18.4,12.1,5.0,11.5,16.0,0.4,0.5,0.5,5.82,7.14,7.91,6.87,4.0,1.37,16.0,0.5,0.4,0.5,25.2,36.4,47.3,36.2,4.0,15.6,16.0,0.5,0.4,0.5,-177.2,-139.0,-60.1,-123.7,5.0,62.5,16.0,0.4,0.5,0.5,-120.7,-50.6,-21.8,-66.9,5.0,56.9,16.0,0.4,0.5,0.5,-124.9,-108.2,-62.5,-94.3,4.0,42.0,16.0,0.5,0.4,0.5,-70.9,-27.7,-10.5,-40.1,4.0,45.4,16.0,0.5,0.4,0.5,-43.5,-30.9,-23.2,-33.2,4.0,15.4,16.0,0.5,0.4,0.5,-18.6,-10.6,-4.5,-11.5,4.0,10.3,16.0,0.5,0.4,0.5,87.5,132.5,403.5,221.0,5.0,186.5,16.0,0.4,0.5,0.5,90.0,135.0,405.0,220.0,5.0,185.0,16.0,0.4,0.5,0.5
1974,2,148.0,2.0,28.9,29.8,31.33,30.1,4.0,1.5,12.0,0.8,0.2,0.5,25.95,27.55,29.1,27.53,4.0,2.09,12.0,0.8,0.2,0.5,18.13,19.08,19.94,19.03,4.0,1.04,12.0,0.8,0.2,0.5,74.9,82.0,90.5,82.6,4.0,9.0,12.0,0.8,0.5,3.58,4.6,6.46,5.0,4.0,1.98,12.0,0.8,0.2,0.5,-5.01,-2.02,1.41,-1.81,4.0,3.88,12.0,0.8,0.2,0.5,-5.03,-2.12,1.15,-1.95,4.0,3.57,12.0,0.8,0.2,0.5,1003.24,1005.0,1007.29,1005.25,4.0,2.4,12.0,0.8,0.2,0.5,5.0,7.0,8.0,6.5,4.0,1.9,12.0,0.8,0.2,0.5,-31.7,-8.3,4.4,-13.4,4.0,23.7,12.0,0.8,0.2,0.5,-32.3,-11.5,3.9,-14.1,4.0,21.3,12.0,0.8,0.2,0.5,0.33,2.15,4.86,2.58,4.0,3.31,12.0,0.8,0.2,0.5,3.9,13.3,18.0,11.1,4.0,10.9,12.0,0.8,0.2,0.5,5.21,7.61,10.86,8.02,4.0,3.33,12.0,0.8,0.2,0.5,29.0,37.8,44.8,36.9,4.0,11.6,12.0,0.8,0.2,0.5,-141.1,-60.6,35.2,-53.3,4.0,105.2,12.0,0.8,0.2,0.5,-138.7,-56.1,30.5,-54.2,4.0,97.6,12.0,0.8,0.2,0.5,-99.9,-40.3,25.7,-37.3,4.0,75.6,12.0,0.8,0.2,0.5,-95.4,-38.8,21.6,-37.0,4.0,67.5,12.0,0.8,0.2,0.5,-26.0,-10.9,16.6,-5.0,4.0,27.5,12.0,0.8,0.2,0.5,-38.2,-10.6,11.4,-13.3,4.0,30.5,12.0,0.8,0.2,0.5,48.5,101.0,302.5,172.0,4.0,194.5,12.0,0.8,0.2,0.5,50.0,100.0,300.0,170.0,4.0,195.0,12.0,0.8,0.2,0.5
1974,2,148.0,3.0,28.06,28.5,28.98,28.48,8.0,0.51,16.0,0.6,0.5,0.5,28.0,28.75,30.44,28.94,8.0,1.5,16.0,0.6,0.5,0.5,18.57,19.64,21.21,19.82,8.0,1.44,16.0,0.6,0.5,0.5,74.8,78.8,83.6,79.0,8.0,4.7,16.0,0.6,0.5,5.33,8.2,9.68,7.39,8.0,2.63,16.0,0.6,0.5,0.5,-8.45,-6.88,-3.65,-6.46,8.0,2.51,16.0,0.6,0.5,0.5,-3.9,0.63,3.31,-0.11,8.0,3.91,16.0,0.6,0.5,0.5,1004.88,1006.75,1009.39,1006.88,8.0,2.45,16.0,0.6,0.5,0.5,4.1,5.5,6.0,5.1,8.0,2.0,16.0,0.6,0.5,0.5,-81.8,-54.7,-20.5,-53.3,8.0,30.1,16.0,0.6,0.5,0.5,-28.6,4.5,32.1,2.2,8.0,33.3,16.0,0.6,0.5,0.5,-2.0,-0.25,0.44,-0.46,8.0,1.52,16.0,0.6,0.5,0.5,-16.6,-2.2,3.2,-3.8,8.0,12.1,16.0,0.6,0.5,0.5,4.13,4.43,6.07,4.68,8.0,1.25,16.0,0.6,0.5,0.5,22.8,37.5,47.2,33.8,8.0,13.3,16.0,0.6,0.5,0.5,-258.3,-192.6,-107.0,-187.4,8.0,75.8,16.0,0.6,0.5,0.5,-115.5,17.5,96.7,-0.2,8.0,113.5,16.0,0.6,0.5,0.5,-183.5,-125.7,-70.2,-129.2,8.0,55.3,16.0,0.6,0.5,0.5,-75.3,11.1,70.2,1.4,8.0,78.0,16.0,0.6,0.5,0.5,-41.3,-31.8,-15.3,-29.8,8.0,13.2,16.0,0.6,0.5,0.5,-23.3,4.2,13.3,-2.3,8.0,17.1,16.0,0.6,0.5,0.5,159.5,557.5,910.0,521.5,8.0,344.5,16.0,0.6,0.5,0.5,160.0,560.0,910.0,520.0,8.0,345.0,16.0,0.6,0.5,0.5
1974,2,148.0,4.0,28.35,29.25,30.0,29.28,18.0,1.13,16.0,0.4,0.5,0.4,26.0,28.25,29.99,28.03,20.0,1.77,16.0,0.4,0.5,0.4,17.87,19.87,21.17,19.85,20.0,1.67,16.0,0.4,0.5,0.4,75.9,83.6,88.2,83.6,20.0,7.7,16.0,0.4,0.4,5.1,6.2,8.2,6.34,20.0,1.71,16.0,0.4,0.5,0.4,-6.77,-5.23,-4.1,-5.49,20.0,1.57,16.0,0.4,0.5,0.4,-5.26,-1.85,0.0,-1.87,20.0,2.69,16.0,0.4,0.5,0.4,1005.5,1007.0,1008.8,1007.08,20.0,2.15,16.0,0.4,0.5,0.4,2.9,6.0,7.1,5.3,19.0,2.1,16.0,0.4,0.5,0.4,-51.5,-32.1,-22.6,-36.8,20.0,17.9,16.0,0.4,0.5,0.4,-43.0,-8.9,0.0,-12.9,20.0,21.5,16.0,0.4,0.5,0.4,-0.8,0.5,3.3,0.97,18.0,2.01,16.0,0.4,0.5,0.4,-5.7,3.1,20.5,6.2,18.0,12.7,16.0,0.4,0.5,0.4,3.66,5.32,8.27,5.8,18.0,2.77,16.0,0.4,0.5,0.4,17.1,31.6,57.0,37.4,18.0,20.6,16.0,0.4,0.5,0.4,-196.2,-150.6,-110.7,-153.9,20.0,45.2,16.0,0.4,0.5,0.4,-144.8,-51.1,0.0,-51.8,20.0,75.5,16.0,0.4,0.5,0.4,-144.6,-102.8,-71.7,-109.4,20.0,34.4,16.0,0.4,0.5,0.4,-102.8,-34.5,0.0,-35.3,20.0,51.6,16.0,0.4,0.5,0.4,-43.0,-29.7,-16.3,-30.3,18.0,12.7,16.0,0.4,0.5,0.4,-36.6,-10.0,2.1,-15.5,18.0,22.7,16.0,0.4,0.5,0.4,132.5,238.5,551.5,306.0,20.0,207.5,16.0,0.4,0.5,0.4,135.0,240.0,550.0,305.0,20.0,210.0,16.0,0.4,0.5,0.4
1974,2,148.0,5.0,28.47,29.65,30.0,29.21,8.0,1.06,12.0,0.6,0.2,0.3,27.09,28.35,29.94,28.44,8.0,1.54,12.0,0.6,0.2,0.3,18.02,18.62,19.5,18.7,8.0,0.84,12.0,0.6,0.2,0.3,72.4,78.3,79.4,76.9,8.0,4.8,12.0,0.6,0.3,5.22,6.2,9.62,7.01,8.0,2.21,12.0,0.6,0.2,0.3,-7.87,-5.97,-4.24,-6.09,8.0,2.16,12.0,0.6,0.2,0.3,-4.3,-2.46,-0.12,-2.16,8.0,2.94,12.0,0.6,0.2,0.3,1005.0,1007.25,1008.96,1006.94,8.0,2.13,12.0,0.6,0.2,0.3,3.1,6.5,8.0,5.9,8.0,2.2,12.0,0.6,0.2,0.3,-79.3,-37.0,-18.6,-46.5,8.0,28.7,12.0,0.6,0.2,0.3,-31.8,-17.8,-0.7,-18.4,8.0,25.8,12.0,0.6,0.2,0.3,-0.39,0.95,2.87,0.78,8.0,2.11,12.0,0.6,0.2,0.3,-4.3,5.6,15.2,2.9,8.0,17.0,12.0,0.6,0.2,0.3,6.11,7.37,8.06,6.91,8.0,2.08,12.0,0.6,0.2,0.3,26.7,46.3,62.8,46.8,8.0,18.1,12.0,0.6,0.2,0.3,-234.4,-173.7,-116.8,-175.4,8.0,68.7,12.0,0.6,0.2,0.3,-117.4,-69.7,-3.5,-63.8,8.0,83.6,12.0,0.6,0.2,0.3,-146.7,-114.4,-77.7,-115.1,8.0,44.2,12.0,0.6,0.2,0.3,-76.1,-46.9,-2.2,-40.8,8.0,54.0,12.0,0.6,0.2,0.3,-57.5,-40.4,-23.7,-39.8,8.0,15.6,12.0,0.6,0.2,0.3,-38.8,-11.9,-0.9,-15.1,8.0,22.7,12.0,0.6,0.2,0.3,144.5,238.5,898.0,437.5,8.0,386.0,12.0,0.6,0.2,0.3,145.0,240.0,900.0,440.0,8.0,385.0,12.0,0.6,0.2,0.3
1974,2,148.0,10.0,27.63,28.1,28.37,28.03,6.0,0.65,16.0,0.3,0.5,0.5,27.0,27.0,28.83,27.65,8.0,1.19,16.0,0.4,0.6,0.5,18.52,19.08,19.86,19.02,8.0,1.18,16.0,0.4,0.6,0.5,75.4,82.3,88.0,81.8,8.0,6.3,16.0,0.4,0.5,5.92,7.95,10.12,7.96,8.0,2.77,16.0,0.4,0.6,0.5,-9.51,-7.7,-5.91,-7.65,8.0,2.51,16.0,0.4,0.6,0.5,-3.28,0.0,2.49,-0.41,8.0,2.6,16.0,0.4,0.6,0.5,1005.81,1006.15,1007.97,1006.83,8.0,1.52,16.0,0.4,0.6,0.5,2.2,5.0,6.9,4.5,8.0,2.4,16.0,0.4,0.6,0.5,-96.5,-61.2,-35.4,-67.0,8.0,40.3,16.0,0.4,0.6,0.5,-33.4,0.0,20.4,-6.2,8.0,26.7,16.0,0.4,0.6,0.5,-0.22,1.1,1.37,0.58,6.0,1.47,16.0,0.3,0.5,0.5,-0.1,6.8,12.5,5.9,6.0,11.0,16.0,0.3,0.5,0.5,4.26,5.14,5.9,5.09,6.0,1.34,16.0,0.3,0.5,0.5,25.3,38.7,50.0,38.2,6.0,12.7,16.0,0.3,0.5,0.5,-256.8,-215.8,-175.1,-210.6,8.0,65.5,16.0,0.4,0.6,0.5,-88.9,0.0,67.3,-11.3,8.0,70.0,16.0,0.4,0.6,0.5,-188.7,-149.5,-112.3,-147.2,8.0,51.9,16.0,0.4,0.6,0.5,-65.4,0.0,47.8,-8.8,8.0,50.2,16.0,0.4,0.6,0.5,-47.0,-36.3,-25.3,-36.4,6.0,11.3,16.0,0.3,0.5,0.5,-14.0,0.0,14.3,-0.2,6.0,14.0,16.0,0.3,0.5,0.5,215.5,504.0,1044.5,661.5,8.0,579.0,16.0,0.4,0.6,0.5,215.0,505.0,1045.0,660.0,8.0,580.0,16.0,0.4,0.6,0.5
1974,2,148.0,11.0,27.18,28.0,29.83,28.3,8.0,1.16,16.0,0.8,0.6,0.5,26.8,28.0,28.89,27.72,9.0,1.1,14.0,0.8,0.6,0.4,17.32,18.39,19.39,18.39,6.0,1.47,20.0,0.7,0.7,0.4,72.5,78.8,86.7,80.4,7.0,9.5,16.0,0.7,0.5,4.37,9.3,10.8,7.93,9.0,3.53,14.0,0.8,0.6,0.4,-10.5,-7.71,-3.55,-7.02,9.0,3.82,14.0,0.8,0.6,0.4,-3.2,-1.41,2.45,-1.05,9.0,3.46,14.0,0.8,0.6,0.4,1006.24,1007.85,1009.6,1007.88,8.0,1.55,16.0,0.8,0.6,0.4,2.0,3.0,7.7,4.6,9.0,2.8,14.0,0.8,0.6,0.4,-113.4,-63.2,-16.4,-66.8,9.0,48.1,14.0,0.8,0.6,0.4,-34.6,-2.1,19.1,-11.1,9.0,31.6,14.0,0.8,0.6,0.4,-0.96,0.5,3.01,0.74,8.0,1.8,16.0,0.8,0.6,0.5,-6.3,2.4,12.2,4.0,8.0,13.8,16.0,0.8,0.6,0.5,4.38,6.53,7.84,6.02,6.0,2.32,20.0,0.7,0.7,0.4,20.0,41.5,59.7,41.0,6.0,22.6,20.0,0.7,0.7,0.4,-294.6,-208.0,-100.1,-195.0,9.0,106.5,14.0,0.8,0.6,0.4,-90.0,-37.8,69.1,-28.8,9.0,94.2,14.0,0.8,0.6,0.4,-195.9,-112.1,-67.7,-122.2,6.0,79.2,20.0,0.7,0.7,0.4,-57.9,-12.9,42.3,-20.4,6.0,73.4,20.0,0.7,0.7,0.4,-51.3,-33.6,-18.0,-32.9,6.0,18.4,20.0,0.7,0.7,0.4,-22.2,-4.5,7.0,-9.9,6.0,27.8,20.0,0.7,0.7,0.4,86.0,804.5,1259.5,735.0,9.0,565.5,14.0,0.8,0.6,0.4,85.0,805.0,1260.0,735.0,9.0,565.0,14.0,0.8,0.6,0.4
1974,2,148.0,12.0,26.55,28.5,30.0,28.36,9.0,1.7,14.0,0.3,0.4,0.5,27.0,27.65,28.29,27.61,10.0,0.68,14.0,0.3,0.4,0.5,17.54,19.03,19.85,19.03,9.0,2.21,14.0,0.3,0.4,0.5,75.6,83.0,86.9,82.1,10.0,8.4,14.0,0.3,0.5,5.29,9.0,10.09,8.03,10.0,2.7,14.0,0.3,0.4,0.5,-8.72,-7.61,-5.09,-6.96,10.0,2.15,14.0,0.3,0.4,0.5,-6.67,-2.99,-0.34,-3.0,10.0,3.25,14.0,0.3,0.4,0.5,1008.71,1010.2,1011.96,1010.11,9.0,1.58,14.0,0.3,0.4,0.5,2.4,3.0,5.6,3.6,10.0,1.6,14.0,0.3,0.4,0.5,-85.9,-70.9,-27.4,-60.5,10.0,29.3,14.0,0.3,0.4,0.5,-69.3,-26.3,-1.0,-29.6,10.0,33.2,14.0,0.3,0.4,0.5,-0.53,1.0,1.87,0.62,9.0,1.48,14.0,0.3,0.4,0.5,-1.3,9.3,15.7,5.3,9.0,14.0,14.0,0.3,0.4,0.5,2.38,6.67,8.25,5.47,8.0,3.08,16.0,0.4,0.4,0.5,8.5,61.1,70.7,46.9,8.0,29.8,16.0,0.4,0.4,0.5,-241.6,-214.9,-138.1,-192.7,10.0,61.1,14.0,0.3,0.4,0.5,-188.0,-84.6,-9.3,-84.1,10.0,90.2,14.0,0.3,0.4,0.5,-178.0,-160.3,-96.8,-138.6,9.0,46.3,14.0,0.3,0.4,0.5,-131.0,-66.3,-4.6,-63.0,9.0,60.5,14.0,0.3,0.4,0.5,-62.1,-47.5,-7.5,-39.9,8.0,25.9,16.0,0.4,0.4,0.5,-43.6,-15.6,-2.3,-17.8,8.0,23.5,16.0,0.4,0.4,0.5,157.5,731.5,1028.0,660.0,10.0,427.5,14.0,0.3,0.4,0.5,160.0,730.0,1030.0,660.0,10.0,425.0,14.0,0.3,0.4,0.5
1974,2,148.0,13.0,27.13,28.0,28.37,27.89,9.0,1.04,20.0,0.8,0.4,0.4,26.71,27.4,28.0,27.43,10.0,0.69,18.0,0.8,0.4,0.4,16.35,16.53,18.74,17.37,9.0,1.25,20.0,0.8,0.4,0.4,71.7,76.3,83.2,76.3,9.0,5.6,20.0,0.8,0.4,6.0,8.5,10.09,8.19,10.0,2.87,18.0,0.8,0.4,0.4,-8.82,-7.88,-6.0,-7.36,10.0,2.19,18.0,0.8,0.4,0.4,-4.65,-1.76,0.0,-2.61,10.0,3.2,18.0,0.8,0.4,0.4,1009.0,1009.9,1012.57,1010.17,10.0,2.46,18.0,0.8,0.4,0.4,1.4,2.5,4.0,2.7,10.0,1.3,18.0,0.8,0.4,0.4,-99.3,-67.1,-37.1,-65.2,10.0,32.5,18.0,0.8,0.4,0.4,-43.2,-11.3,0.0,-26.9,10.0,39.8,18.0,0.8,0.4,0.4,-0.58,0.6,1.37,0.52,9.0,1.18,20.0,0.8,0.4,0.4,-1.5,5.6,12.3,5.3,9.0,10.4,20.0,0.8,0.4,0.4,4.88,6.53,7.43,6.24,9.0,2.13,20.0,0.8,0.4,0.4,40.6,51.9,66.2,52.6,9.0,23.5,20.0,0.8,0.4,0.4,-245.9,-217.3,-163.4,-202.3,10.0,62.1,18.0,0.8,0.4,0.4,-127.5,-46.9,0.0,-71.1,10.0,86.7,18.0,0.8,0.4,0.4,-160.1,-131.4,-92.3,-127.5,9.0,44.8,20.0,0.8,0.4,0.4,-76.3,-43.5,0.0,-50.8,9.0,59.6,20.0,0.8,0.4,0.4,-56.1,-47.3,-39.3,-46.9,9.0,19.7,20.0,0.8,0.4,0.4,-43.4,-16.1,0.0,-18.5,9.0,20.5,20.0,0.8,0.4,0.4,235.5,630.5,1028.0,722.5,10.0,608.5,18.0,0.8,0.4,0.4,235.0,630.0,1030.0,725.0,10.0,610.0,18.0,0.8,0.4,0.4
1974,2,148.0,14.0,26.64,27.9,28.67,27.78,10.0,1.06,16.0,0.7,0.5,0.5,25.4,27.0,28.45,26.99,9.0,1.59,18.0,0.8,0.5,0.5,16.9,17.66,19.31,17.97,9.0,1.5,18.0,0.8,0.5,0.5,71.2,81.3,89.8,80.8,9.0,8.5,18.0,0.8,0.5,3.96,7.95,9.3,6.63,10.0,3.25,16.0,0.7,0.5,0.5,-9.16,-6.8,-3.8,-6.25,10.0,3.11,16.0,0.7,0.5,0.5,-3.22,-1.61,-0.23,-1.73,10.0,1.7,16.0,0.7,0.5,0.5,1006.46,1009.8,1011.67,1009.21,10.0,2.65,16.0,0.7,0.5,0.5,2.0,4.5,6.0,4.0,10.0,2.4,16.0,0.7,0.5,0.5,-85.2,-54.3,-15.9,-50.4,10.0,34.6,16.0,0.7,0.5,0.5,-30.6,-13.3,-0.7,-14.5,10.0,14.5,16.0,0.7,0.5,0.5,-0.87,1.0,1.87,0.77,9.0,1.6,18.0,0.8,0.5,0.5,-7.2,5.1,15.7,4.1,9.0,12.0,18.0,0.8,0.5,0.5,3.8,5.11,7.32,5.48,9.0,1.85,18.0,0.8,0.5,0.5,27.6,37.8,55.2,39.1,9.0,16.3,18.0,0.8,0.5,0.5,-239.3,-208.0,-123.7,-187.7,9.0,65.7,18.0,0.8,0.5,0.5,-96.1,-42.8,-21.8,-52.3,9.0,46.6,18.0,0.8,0.5,0.5,-161.5,-147.6,-83.0,-124.6,9.0,43.0,18.0,0.8,0.5,0.5,-60.8,-28.5,-14.8,-33.6,9.0,28.2,18.0,0.8,0.5,0.5,-48.6,-35.5,-27.1,-36.2,9.0,12.6,18.0,0.8,0.5,0.5,-18.9,-6.7,-3.6,-12.0,9.0,14.0,18.0,0.8,0.5,0.5,74.0,504.0,804.5,455.5,10.0,375.0,16.0,0.7,0.5,0.5,75.0,505.0,805.0,455.0,10.0,375.0,16.0,0.7,0.5,0.5
1974,2,148.0,15.0,26.36,27.2,28.0,27.17,10.0,1.13,18.0,0.5,0.4,0.6,25.83,26.0,28.55,26.74,11.0,1.76,18.0,0.5,0.4,0.6,14.69,16.98,19.16,16.72,9.0,2.48,18.0,0.4,0.4,0.6,62.1,79.2,86.7,75.0,9.0,12.3,18.0,0.4,0.6,6.2,8.2,10.3,8.18,11.0,2.1,18.0,0.5,0.4,0.6,-8.23,-7.1,-3.57,-6.16,11.0,2.83,18.0,0.5,0.4,0.6,-6.89,-3.52,0.0,-3.59,11.0,3.76,18.0,0.5,0.4,0.6,1009.51,1012.2,1012.82,1011.65,11.0,1.96,18.0,0.5,0.4,0.6,1.3,3.0,4.7,3.1,9.0,1.8,18.0,0.4,0.4,0.6,-87.0,-51.8,-19.6,-51.8,11.0,31.8,18.0,0.5,0.4,0.6,-66.0,-33.3,0.0,-33.9,11.0,39.6,18.0,0.5,0.4,0.6,-1.19,0.9,2.0,0.46,10.0,2.03,18.0,0.5,0.4,0.6,-8.0,6.4,16.5,4.4,10.0,17.8,18.0,0.5,0.4,0.6,5.12,6.24,7.2,6.2,9.0,1.9,18.0,0.4,0.4,0.6,33.2,54.3,61.8,49.4,9.0,17.8,18.0,0.4,0.4,0.6,-236.6,-180.9,-92.0,-165.7,11.0,77.6,18.0,0.5,0.4,0.6,-170.1,-91.6,0.0,-92.5,11.0,96.0,18.0,0.5,0.4,0.6,-136.9,-115.3,-50.1,-97.0,9.0,50.5,18.0,0.4,0.4,0.6,-91.8,-51.4,-7.3,-56.7,9.0,67.6,18.0,0.4,0.4,0.6,-57.7,-38.3,-15.8,-37.3,9.0,23.1,18.0,0.4,0.4,0.6,-30.8,-27.1,-2.9,-22.7,9.0,19.4,18.0,0.4,0.4,0.6,238.5,551.5,1092.5,648.0,11.0,471.0,18.0,0.5,0.4,0.6,240.0,550.0,1095.0,650.0,11.0,470.0,18.0,0.5,0.4,0.6
1974,2,148.0,16.0,27.5,28.0,28.1,27.92,6.0,0.38,18.0,0.5,0.3,0.4,24.09,24.5,25.0,24.33,6.0,0.93,20.0,0.5,0.3,0.4,16.67,17.59,17.83,17.32,5.0,0.75,20.0,0.6,0.2,0.4,90.2,91.4,93.4,91.7,5.0,2.8,20.0,0.6,0.4,6.15,7.0,7.2,6.59,7.0,0.8,18.0,0.4,0.3,0.3,-6.59,-4.79,-4.6,-5.31,7.0,1.08,18.0,0.4,0.3,0.3,-5.52,-2.46,-2.1,-3.5,7.0,1.68,18.0,0.4,0.3,0.3,1008.45,1009.0,1012.91,1010.37,7.0,2.75,18.0,0.4,0.3,0.3,1.0,2.0,7.0,3.3,6.0,2.9,20.0,0.5,0.3,0.4,-46.2,-33.3,-24.7,-35.2,7.0,9.4,18.0,0.4,0.3,0.3,-39.7,-17.7,-12.9,-23.6,7.0,12.6,18.0,0.4,0.3,0.3,3.32,3.5,4.05,3.7,5.0,0.76,20.0,0.6,0.2,0.4,18.3,25.2,27.3,23.6,5.0,5.4,20.0,0.6,0.2,0.4,6.15,6.18,6.41,6.28,5.0,0.24,20.0,0.6,0.2,0.4,35.6,41.6,44.5,40.0,5.0,5.4,20.0,0.6,0.2,0.4,-138.9,-116.6,-110.1,-124.1,6.0,24.6,20.0,0.5,0.3,0.4,-135.1,-89.0,-46.9,-89.9,6.0,43.6,20.0,0.5,0.3,0.4,-90.1,-81.4,-76.3,-82.5,5.0,10.1,20.0,0.6,0.2,0.4,-97.0,-80.3,-33.5,-68.1,5.0,32.7,20.0,0.6,0.2,0.4,-33.2,-28.6,-27.0,-30.1,5.0,5.4,20.0,0.6,0.2,0.4,-34.1,-29.0,-13.0,-24.5,5.0,11.1,20.0,0.6,0.2,0.4,233.5,343.0,373.0,296.0,7.0,94.5,18.0,0.4,0.3,0.3,235.0,345.0,375.0,295.0,7.0,95.0,18.0,0.4,0.3,0.3
1974,2,148.0,17.0,26.0,26.0,27.02,26.5,3.0,0.87,16.0,0.7,0.5,0.3,26.32,27.0,27.34,26.83,3.0,0.76,16.0,0.7,0.5,0.3,16.84,17.55,18.27,17.55,3.0,1.05,16.0,0.7,0.5,0.3,74.9,76.5,84.9,79.8,3.0,7.9,16.0,0.7,0.3,8.2,8.2,8.2,8.2,3.0,0.0,16.0,0.7,0.5,0.3,-8.16,-8.08,-6.16,-7.18,3.0,1.66,16.0,0.7,0.5,0.3,-4.74,-1.42,-0.45,-2.57,3.0,3.29,16.0,0.7,0.5,0.3,1010.66,1011.0,1012.57,1011.6,3.0,1.49,16.0,0.7,0.5,0.3,3.3,6.0,7.4,5.3,3.0,3.1,16.0,0.7,0.5,0.3,-66.9,-66.2,-50.5,-58.9,3.0,13.6,16.0,0.7,0.5,0.3,-38.9,-11.7,-3.7,-21.1,3.0,27.0,16.0,0.7,0.5,0.3,-1.34,-1.0,0.71,-0.33,3.0,1.61,16.0,0.7,0.5,0.3,-11.0,-8.2,5.8,-2.7,3.0,13.2,16.0,0.7,0.5,0.3,3.77,4.36,4.49,4.14,3.0,0.56,16.0,0.7,0.5,0.3,30.9,35.7,36.8,33.9,3.0,4.6,16.0,0.7,0.5,0.3,-220.6,-210.0,-163.8,-192.6,3.0,44.2,16.0,0.7,0.5,0.3,-127.5,-37.0,-11.8,-68.9,3.0,89.2,16.0,0.7,0.5,0.3,-148.2,-143.9,-105.1,-127.0,3.0,34.8,16.0,0.7,0.5,0.3,-79.2,-26.5,-8.4,-43.4,3.0,53.9,16.0,0.7,0.5,0.3,-33.1,-28.7,-25.5,-29.3,3.0,5.6,16.0,0.7,0.5,0.3,-21.5,-6.2,-2.0,-11.6,3.0,15.0,16.0,0.7,0.5,0.3,551.5,551.5,551.5,551.5,3.0,0.0,16.0,0.7,0.5,0.3,550.0,550.0,550.0,550.0,3.0,0.0,16.0,0.7,0.5,0.3
1974,2,148.0,18.0,26.26,27.0,27.14,26.7,5.0,0.7,10.0,0.4,0.5,0.5,24.14,25.3,26.84,25.54,5.0,1.77,10.0,0.4,0.5,0.5,14.94,15.68,16.08,15.51,5.0,0.86,10.0,0.4,0.5,0.5,71.2,76.6,81.7,76.4,5.0,7.8,10.0,0.4,0.5,6.43,9.3,10.48,8.54,5.0,2.37,10.0,0.4,0.5,0.5,-8.04,-5.98,-4.39,-6.25,5.0,2.3,10.0,0.4,0.5,0.5,-8.23,-3.52,-1.56,-4.76,5.0,3.79,10.0,0.4,0.5,0.5,1011.93,1012.2,1014.76,1013.2,5.0,1.77,10.0,0.4,0.5,0.5,2.6,4.0,6.4,4.4,5.0,2.1,10.0,0.4,0.5,0.5,-71.7,-51.1,-34.3,-54.1,5.0,28.2,10.0,0.4,0.5,0.5,-82.1,-36.3,-9.0,-46.0,5.0,42.7,10.0,0.4,0.5,0.5,-0.72,1.7,2.81,1.16,5.0,1.86,10.0,0.4,0.5,0.5,-5.5,12.2,27.8,11.4,5.0,16.7,10.0,0.4,0.5,0.5,5.26,6.9,7.4,6.4,5.0,1.59,10.0,0.4,0.5,0.5,39.7,49.9,66.5,53.6,5.0,19.1,10.0,0.4,0.5,0.5,-200.1,-141.7,-121.2,-157.8,5.0,52.9,10.0,0.4,0.5,0.5,-203.5,-86.0,-42.9,-119.9,5.0,96.2,10.0,0.4,0.5,0.5,-119.3,-94.7,-70.0,-95.4,5.0,29.6,10.0,0.4,0.5,0.5,-132.8,-49.8,-24.4,-75.3,5.0,63.2,10.0,0.4,0.5,0.5,-60.2,-36.0,-26.3,-42.5,5.0,24.2,10.0,0.4,0.5,0.5,-40.9,-29.0,-10.8,-26.5,5.0,15.7,10.0,0.4,0.5,0.5,285.5,804.5,1153.5,732.5,5.0,475.0,10.0,0.4,0.5,0.5,285.0,805.0,1155.0,735.0,5.0,475.0,10.0,0.4,0.5,0.5
1974,2,148.0,19.0,25.29,25.8,26.52,25.9,4.0,0.84,12.0,0.8,0.3,0.3,23.45,24.7,25.27,24.38,4.0,1.33,12.0,0.8,0.3,0.3,14.25,15.28,15.48,14.89,4.0,0.95,12.0,0.8,0.3,0.3,76.5,79.3,80.3,78.4,4.0,2.8,12.0,0.8,0.3,7.02,9.3,12.3,9.56,5.0,3.89,12.0,0.6,0.3,0.4,-5.04,-2.98,1.05,-1.92,5.0,5.73,12.0,0.6,0.3,0.4,-10.26,-8.18,-5.55,-7.98,5.0,3.51,12.0,0.6,0.3,0.4,1012.63,1014.0,1016.89,1014.76,5.0,2.85,12.0,0.6,0.3,0.4,3.3,7.0,8.0,5.8,5.0,2.7,12.0,0.6,0.3,0.4,-51.4,-25.9,33.7,-8.9,5.0,73.4,12.0,0.6,0.3,0.4,-121.8,-75.0,-49.9,-86.5,5.0,65.2,12.0,0.6,0.3,0.4,0.6,1.05,2.5,1.53,4.0,1.37,12.0,0.8,0.3,0.3,3.6,9.7,24.3,13.7,4.0,13.7,12.0,0.8,0.3,0.3,4.64,6.05,7.3,5.98,4.0,1.56,12.0,0.8,0.3,0.3,28.6,53.6,73.2,51.0,4.0,26.5,12.0,0.8,0.3,0.3,-145.7,-72.2,-68.5,-105.5,4.0,71.0,12.0,0.8,0.3,0.3,-198.6,-187.2,-125.6,-163.2,4.0,57.5,12.0,0.8,0.3,0.3,-87.3,-44.5,-41.8,-63.7,4.0,40.9,12.0,0.8,0.3,0.3,-122.3,-111.3,-75.4,-99.4,4.0,35.0,12.0,0.8,0.3,0.3,-42.0,-18.6,-13.0,-27.1,4.0,21.5,12.0,0.8,0.3,0.3,-57.7,-42.1,-25.0,-41.4,4.0,21.2,12.0,0.8,0.3,0.3,443.0,804.5,2007.5,1220.0,5.0,1242.5,12.0,0.6,0.3,0.4,445.0,805.0,2010.0,1220.0,5.0,1240.0,12.0,0.6,0.3,0.4
1974,2,148.0,20.0,23.74,24.25,24.76,24.25,2.0,1.06,18.0,0.5,0.0,0.2,24.09,24.5,26.21,25.13,3.0,1.64,18.0,0.3,0.3,0.3,15.39,17.51,18.34,16.88,3.0,2.23,18.0,0.3,0.3,0.3,78.5,78.8,91.2,84.7,3.0,10.7,18.0,0.3,0.3,3.08,4.1,4.78,3.93,3.0,1.26,18.0,0.3,0.3,0.3,-3.43,-1.99,2.03,-0.73,3.0,4.15,18.0,0.3,0.3,0.3,0.53,1.67,2.77,1.65,3.0,1.64,18.0,0.3,0.3,0.3,1008.69,1013.2,1015.11,1011.93,3.0,4.83,18.0,0.3,0.3,0.3,1.3,2.0,2.7,2.0,2.0,1.4,22.0,0.0,0.4,0.3,-13.1,-5.2,12.0,-0.7,3.0,18.8,18.0,0.3,0.3,0.3,1.4,4.3,12.8,7.0,3.0,8.7,18.0,0.3,0.3,0.3,-2.87,-1.5,-0.13,-1.5,2.0,2.83,18.0,0.5,0.0,0.2,-7.3,-3.3,0.7,-3.3,2.0,8.2,18.0,0.5,0.0,0.2,0.64,0.86,1.07,0.86,2.0,0.44,18.0,0.5,0.0,0.2,2.1,3.7,5.2,3.7,2.0,3.2,18.0,0.5,0.0,0.2,-84.0,-53.8,48.3,-18.7,3.0,101.5,18.0,0.3,0.3,0.3,14.3,45.1,69.1,41.8,3.0,40.3,18.0,0.3,0.3,0.3,-51.4,-34.9,38.9,-6.9,3.0,70.4,18.0,0.3,0.3,0.3,9.3,29.3,51.2,30.2,3.0,30.7,18.0,0.3,0.3,0.3,-0.2,1.7,3.7,1.7,2.0,4.0,18.0,0.5,0.0,0.2,1.4,2.4,3.4,2.4,2.0,2.1,18.0,0.5,0.0,0.2,34.0,69.0,112.5,73.0,3.0,57.5,18.0,0.3,0.3,0.3,35.0,70.0,110.0,75.0,3.0,60.0,18.0,0.3,0.3,0.3
1974,2,148.0,21.0,24.97,25.8,26.0,25.5,4.0,0.76,10.0,0.8,0.7,0.4,22.38,24.45,26.73,24.55,4.0,3.02,10.0,0.8,0.7,0.4,12.08,14.31,17.8,14.91,4.0,3.7,10.0,0.8,0.7,0.4,67.8,71.8,87.2,77.2,4.0,15.5,10.0,0.8,0.4,5.1,6.15,7.46,6.28,4.0,1.37,10.0,0.8,0.7,0.4,-6.22,-4.95,-4.17,-5.18,4.0,1.51,10.0,0.8,0.7,0.4,-3.27,0.87,2.21,-0.46,4.0,4.0,10.0,0.8,0.7,0.4,1013.95,1014.25,1014.76,1014.35,4.0,0.51,10.0,0.8,0.7,0.4,3.0,3.5,6.1,4.5,4.0,2.4,10.0,0.8,0.7,0.4,-41.6,-26.0,-25.1,-33.0,4.0,15.1,10.0,0.8,0.7,0.4,-23.5,4.4,14.9,-3.9,4.0,28.5,10.0,0.8,0.7,0.4,-1.18,0.75,3.1,0.95,4.0,3.16,10.0,0.8,0.7,0.4,-5.4,4.5,21.3,7.8,4.0,20.7,10.0,0.8,0.7,0.4,2.94,5.45,7.98,5.46,4.0,3.5,10.0,0.8,0.7,0.4,15.0,35.7,58.9,36.9,4.0,27.5,10.0,0.8,0.7,0.4,-159.3,-132.1,-96.6,-128.2,4.0,41.2,10.0,0.8,0.7,0.4,-68.6,21.8,53.7,-6.1,4.0,87.3,10.0,0.8,0.7,0.4,-94.3,-86.8,-59.2,-77.2,4.0,25.4,10.0,0.8,0.7,0.4,-36.8,17.1,34.3,-0.4,4.0,49.3,10.0,0.8,0.7,0.4,-39.7,-29.8,-14.8,-27.3,4.0,16.4,10.0,0.8,0.7,0.4,-31.7,1.1,9.4,-10.6,4.0,34.0,10.0,0.8,0.7,0.4,132.5,253.0,417.0,274.0,4.0,166.5,10.0,0.8,0.7,0.4,135.0,255.0,415.0,275.0,4.0,165.0,10.0,0.8,0.7,0.4
1974,2,148.0,22.0,26.11,26.35,26.59,26.35,2.0,0.49,8.0,0.5,0.1,0.2,21.32,21.8,22.28,21.8,2.0,0.99,8.0,0.5,0.1,0.2,9.53,10.24,10.96,10.24,2.0,1.48,8.0,0.5,0.1,0.2,60.6,63.1,65.5,63.1,2.0,5.1,8.0,0.5,0.2,6.85,8.25,9.65,8.25,2.0,2.9,8.0,0.5,0.1,0.2,-9.11,-7.89,-6.67,-7.89,2.0,2.53,8.0,0.5,0.1,0.2,1.46,2.3,3.13,2.3,2.0,1.73,8.0,0.5,0.1,0.2,1013.06,1014.25,1015.44,1014.25,2.0,2.47,8.0,0.5,0.1,0.2,3.2,3.5,3.8,3.5,2.0,0.7,8.0,0.5,0.1,0.2,-89.9,-68.8,-47.7,-68.8,2.0,43.7,8.0,0.5,0.1,0.2,11.4,21.5,31.6,21.5,2.0,20.9,8.0,0.5,0.1,0.2,3.83,4.55,5.27,4.55,2.0,1.48,8.0,0.5,0.1,0.2,27.4,39.7,52.0,39.7,2.0,25.4,8.0,0.5,0.1,0.2,10.19,11.18,12.18,11.18,2.0,2.06,8.0,0.5,0.1,0.2,71.4,95.2,119.1,95.2,2.0,49.4,8.0,0.5,0.1,0.2,-193.6,-170.8,-148.0,-170.8,2.0,47.3,8.0,0.5,0.1,0.2,32.2,49.3,66.4,49.3,2.0,35.4,8.0,0.5,0.1,0.2,-85.8,-79.0,-72.1,-79.0,2.0,14.2,8.0,0.5,0.1,0.2,15.4,22.3,29.2,22.3,2.0,14.3,8.0,0.5,0.1,0.2,-112.4,-90.9,-69.4,-90.9,2.0,44.5,8.0,0.5,0.1,0.2,15.9,27.5,39.1,27.5,2.0,24.1,8.0,0.5,0.1,0.2,374.0,665.5,957.0,665.5,2.0,604.0,8.0,0.5,0.1,0.2,375.0,665.0,955.0,665.0,2.0,605.0,8.0,0.5,0.1,0.2
1974,2,148.0,23.0,22.44,22.9,24.12,23.37,6.0,1.42,14.0,0.8,0.6,0.7,19.94,20.4,21.67,21.05,6.0,1.98,14.0,0.8,0.6,0.7,8.77,10.28,12.08,10.63,6.0,2.59,14.0,0.8,0.6,0.7,61.2,69.4,75.1,67.8,6.0,9.2,14.0,0.8,0.7,3.96,6.95,8.24,6.33,6.0,3.0,14.0,0.8,0.6,0.7,-6.01,-1.15,3.14,-1.48,6.0,4.65,14.0,0.8,0.6,0.7,-6.63,-4.08,0.11,-2.77,6.0,4.85,14.0,0.8,0.6,0.7,1010.33,1015.65,1018.3,1014.94,8.0,3.55,14.0,0.8,0.6,0.6,2.8,5.0,8.0,5.2,6.0,2.6,14.0,0.8,0.6,0.7,-48.3,-7.7,16.9,-15.5,6.0,40.1,14.0,0.8,0.6,0.7,-54.8,-24.8,6.9,-21.5,6.0,39.2,14.0,0.8,0.6,0.7,0.94,2.1,4.35,2.32,6.0,2.68,14.0,0.8,0.6,0.7,4.5,15.6,17.6,10.4,6.0,12.1,14.0,0.8,0.6,0.7,5.21,7.97,9.45,7.32,6.0,3.01,14.0,0.8,0.6,0.7,15.7,42.6,70.1,42.8,6.0,24.6,14.0,0.8,0.6,0.7,-124.5,-28.6,62.2,-33.3,6.0,95.9,14.0,0.8,0.6,0.7,-134.8,-82.6,8.7,-51.6,6.0,110.1,14.0,0.8,0.6,0.7,-65.6,-17.5,27.3,-20.0,6.0,45.9,14.0,0.8,0.6,0.7,-55.1,-41.4,7.3,-20.2,6.0,59.6,14.0,0.8,0.6,0.7,-37.4,-2.5,28.7,-5.0,6.0,34.2,14.0,0.8,0.6,0.7,-48.5,-30.0,-9.7,-28.0,6.0,25.7,14.0,0.8,0.6,0.7,78.0,337.0,588.0,387.5,6.0,385.0,14.0,0.8,0.6,0.7,80.0,335.0,590.0,385.0,6.0,385.0,14.0,0.8,0.6,0.7
1974,2,148.0,24.0,21.38,22.0,22.62,22.0,4.0,0.83,16.0,0.8,0.4,0.5,19.24,20.85,22.88,21.05,4.0,2.67,16.0,0.8,0.4,0.5,10.77,13.54,14.1,12.48,4.0,2.85,16.0,0.8,0.4,0.5,70.0,81.9,88.4,79.3,4.0,11.5,16.0,0.8,0.5,5.36,7.2,8.78,7.08,4.0,2.09,16.0,0.8,0.4,0.5,-1.72,3.47,5.62,2.02,4.0,5.61,16.0,0.8,0.4,0.5,-5.68,-3.81,0.81,-2.5,4.0,5.08,16.0,0.8,0.4,0.5,1007.56,1014.5,1021.07,1014.77,6.0,8.16,16.0,0.5,0.3,0.5,4.3,5.0,5.7,5.0,3.0,1.0,18.0,1.0,0.5,0.4,-22.7,19.2,42.3,10.2,4.0,47.8,16.0,0.8,0.4,0.5,-50.7,-24.9,7.7,-21.7,4.0,39.9,16.0,0.8,0.4,0.5,-0.26,1.15,2.14,0.95,4.0,1.85,16.0,0.8,0.4,0.5,-0.2,10.0,12.1,6.1,4.0,10.4,16.0,0.8,0.4,0.5,2.93,2.98,5.23,4.03,4.0,2.16,16.0,0.8,0.4,0.5,20.9,25.7,30.8,25.8,4.0,6.4,16.0,0.8,0.4,0.5,-40.7,75.4,123.1,42.8,4.0,118.8,16.0,0.8,0.4,0.5,-119.0,-73.9,30.8,-45.5,4.0,114.1,16.0,0.8,0.4,0.5,-30.8,41.3,77.9,24.3,4.0,76.1,16.0,0.8,0.4,0.5,-77.0,-42.3,22.4,-28.0,4.0,70.5,16.0,0.8,0.4,0.5,-3.7,16.2,21.0,9.0,4.0,18.4,16.0,0.8,0.4,0.5,-23.6,-16.6,1.8,-11.2,4.0,17.8,16.0,0.8,0.4,0.5,164.5,395.0,684.0,423.0,4.0,317.5,16.0,0.8,0.4,0.5,165.0,395.0,685.0,425.0,4.0,315.0,16.0,0.8,0.4,0.5
1974,2,148.0,25.0,19.67,21.7,22.55,21.26,5.0,1.73,16.0,0.2,0.6,0.6,16.39,20.0,21.33,19.12,5.0,2.62,16.0,0.2,0.6,0.6,6.48,11.19,13.38,10.2,5.0,3.66,16.0,0.2,0.6,0.6,56.6,77.7,83.8,72.0,5.0,15.8,16.0,0.2,0.6,8.02,9.3,9.67,8.96,5.0,1.02,16.0,0.2,0.6,0.6,-8.83,-4.65,2.55,-3.38,5.0,6.25,16.0,0.2,0.6,0.6,-3.9,-1.42,8.05,1.06,5.0,6.83,16.0,0.2,0.6,0.6,1013.8,1021.35,1023.6,1019.77,6.0,4.98,18.0,0.2,0.5,0.6,2.3,5.0,5.4,4.0,5.0,2.0,16.0,0.2,0.6,0.6,-80.2,-43.2,22.3,-32.1,5.0,59.2,16.0,0.2,0.6,0.6,-33.0,-11.7,74.9,12.3,5.0,59.9,16.0,0.2,0.6,0.6,0.39,2.5,3.85,2.14,5.0,2.67,16.0,0.2,0.6,0.6,2.4,22.3,35.4,19.7,5.0,26.5,16.0,0.2,0.6,0.6,3.08,4.84,8.34,5.51,5.0,3.14,16.0,0.2,0.6,0.6,28.6,39.7,73.3,49.7,5.0,31.5,16.0,0.2,0.6,0.6,-163.6,-97.6,50.9,-60.6,5.0,118.4,16.0,0.2,0.6,0.6,-63.6,-28.5,171.8,32.9,5.0,133.3,16.0,0.2,0.6,0.6,-76.6,-65.5,27.1,-31.2,5.0,63.2,16.0,0.2,0.6,0.6,-26.7,-12.1,107.8,28.9,5.0,74.3,16.0,0.2,0.6,0.6,-60.2,-18.4,8.3,-27.4,5.0,43.8,16.0,0.2,0.6,0.6,-32.0,-6.9,19.6,-7.5,5.0,33.9,16.0,0.2,0.6,0.6,516.5,804.5,909.5,742.0,5.0,249.5,16.0,0.2,0.6,0.6,515.0,805.0,910.0,740.0,5.0,250.0,16.0,0.2,0.6,0.6
1974,2,148.0,26.0,18.92,19.6,20.28,19.6,2.0,1.41,18.0,0.5,0.5,0.7,16.62,18.8,21.26,18.93,3.0,3.4,14.0,0.7,0.5,0.6,6.8,7.35,10.83,8.78,3.0,3.2,14.0,0.7,0.5,0.6,54.9,67.5,72.1,63.6,3.0,13.0,14.0,0.7,0.6,7.53,9.3,9.98,8.77,3.0,1.86,14.0,0.7,0.5,0.6,-3.73,1.79,6.07,1.18,3.0,7.19,14.0,0.7,0.5,0.6,-7.65,-2.29,2.45,-2.6,3.0,7.4,14.0,0.7,0.5,0.6,1018.36,1020.0,1020.27,1019.33,3.0,1.51,14.0,0.7,0.5,0.6,5.6,7.0,7.0,6.3,3.0,1.2,14.0,0.7,0.5,0.6,-22.9,18.4,57.0,17.0,3.0,58.6,14.0,0.7,0.5,0.6,-76.2,-15.4,24.6,-25.5,3.0,74.4,14.0,0.7,0.5,0.6,0.63,2.4,4.17,2.4,2.0,3.68,18.0,0.5,0.5,0.7,7.0,25.1,43.1,25.1,2.0,37.4,18.0,0.5,0.5,0.7,6.83,7.16,7.49,7.16,2.0,0.68,18.0,0.5,0.5,0.7,50.1,61.7,73.3,61.7,2.0,24.0,18.0,0.5,0.5,0.7,-71.9,27.9,132.0,30.0,3.0,149.4,14.0,0.7,0.5,0.6,-121.7,-43.1,57.4,-32.4,3.0,131.5,14.0,0.7,0.5,0.6,-24.0,13.1,72.6,24.1,3.0,71.3,14.0,0.7,0.5,0.6,-55.7,-15.0,34.7,-10.6,3.0,66.3,14.0,0.7,0.5,0.6,-33.2,-14.2,4.8,-14.2,2.0,39.4,18.0,0.5,0.5,0.7,-67.7,-46.4,-25.2,-46.4,2.0,44.0,18.0,0.5,0.5,0.7,460.5,804.5,1001.0,732.5,3.0,401.0,14.0,0.7,0.5,0.6,460.0,805.0,1000.0,735.0,3.0,400.0,14.0,0.7,0.5,0.6
1974,2,148.0,27.0,18.59,18.9,19.57,19.04,5.0,0.55,10.0,0.4,0.6,0.5,18.42,19.9,20.67,19.67,7.0,1.61,10.0,0.4,0.6,0.5,9.89,10.8,14.21,11.83,5.0,2.29,12.0,0.4,0.6,0.6,76.2,83.0,98.1,85.6,5.0,13.6,12.0,0.4,0.6,6.15,7.2,8.7,7.04,7.0,1.34,10.0,0.4,0.6,0.5,3.55,5.02,5.59,4.63,7.0,1.18,10.0,0.4,0.6,0.5,-4.12,3.1,6.66,1.58,7.0,5.51,10.0,0.4,0.6,0.5,1008.36,1011.85,1017.4,1012.57,6.0,4.5,10.0,0.3,0.6,0.5,3.0,6.0,8.0,5.9,7.0,2.5,10.0,0.4,0.6,0.5,25.2,29.4,48.7,32.8,7.0,11.8,10.0,0.4,0.6,0.5,-25.9,19.2,58.0,14.6,7.0,42.1,10.0,0.4,0.6,0.5,-1.51,-1.2,0.71,-0.4,5.0,1.84,10.0,0.4,0.6,0.5,-12.2,-10.4,4.4,-4.1,5.0,12.6,10.0,0.4,0.6,0.5,-0.62,1.6,4.02,1.69,4.0,2.68,10.0,0.5,0.6,0.5,-4.8,11.7,26.6,10.9,4.0,18.2,10.0,0.5,0.6,0.5,65.8,107.4,110.8,91.1,7.0,25.1,10.0,0.4,0.6,0.5,-70.8,62.0,132.0,30.8,7.0,107.9,10.0,0.4,0.6,0.5,33.6,47.0,78.3,53.4,5.0,24.2,12.0,0.4,0.6,0.6,-49.4,45.3,76.8,19.9,5.0,69.5,12.0,0.4,0.6,0.6,-3.4,3.3,15.1,5.7,4.0,11.6,10.0,0.5,0.6,0.5,-21.2,-11.2,-3.2,-12.1,4.0,10.8,10.0,0.5,0.6,0.5,233.5,373.0,658.5,382.0,7.0,207.0,10.0,0.4,0.6,0.5,235.0,375.0,660.0,380.0,7.0,205.0,10.0,0.4,0.6,0.5
1974,2,148.0,28.0,17.95,18.9,19.5,18.68,5.0,1.03,12.0,0.8,0.5,0.5,14.22,16.7,17.85,16.06,5.0,2.56,12.0,0.8,0.5,0.5,6.04,7.49,8.89,7.62,5.0,2.02,12.0,0.8,0.5,0.5,61.1,64.2,72.0,66.5,5.0,9.0,12.0,0.8,0.5,9.44,12.6,15.5,12.48,4.0,3.7,10.0,0.8,0.4,0.5,2.53,8.71,13.1,7.86,4.0,7.84,10.0,0.8,0.4,0.5,-3.51,-0.71,7.43,1.84,4.0,8.54,10.0,0.8,0.4,0.5,1009.4,1019.6,1021.26,1015.76,5.0,7.52,12.0,0.8,0.5,0.5,5.4,7.0,7.5,6.5,4.0,1.7,10.0,0.8,0.4,0.5,12.7,83.6,190.7,100.9,4.0,128.2,10.0,0.8,0.4,0.5,-36.1,-5.8,107.0,33.6,4.0,116.5,10.0,0.8,0.4,0.5,1.21,2.2,3.77,2.62,5.0,2.26,12.0,0.8,0.5,0.5,13.9,20.9,67.5,39.8,4.0,45.3,10.0,0.8,0.4,0.5,4.83,5.97,6.74,5.75,5.0,1.59,12.0,0.8,0.5,0.5,48.5,58.0,95.7,71.4,4.0,35.9,10.0,0.8,0.4,0.5,41.9,148.0,178.1,111.7,4.0,108.6,10.0,0.8,0.4,0.5,-59.0,-12.3,139.7,37.9,4.0,157.1,10.0,0.8,0.4,0.5,15.3,66.1,83.8,50.3,4.0,53.8,10.0,0.8,0.4,0.5,-26.4,-5.5,81.2,25.9,4.0,87.8,10.0,0.8,0.4,0.5,20.0,53.3,91.5,55.7,4.0,54.0,10.0,0.8,0.4,0.5,-21.2,-4.5,23.6,0.9,4.0,32.3,10.0,0.8,0.4,0.5,888.5,2123.0,3775.0,2322.5,4.0,1771.5,10.0,0.8,0.4,0.5,890.0,2125.0,3775.0,2320.0,4.0,1770.0,10.0,0.8,0.4,0.5
1974,2,148.0,29.0,17.5,17.7,18.41,18.07,6.0,0.97,16.0,0.8,0.5,0.5,16.0,17.3,19.52,17.54,7.0,1.62,16.0,0.7,0.4,0.5,7.03,10.04,11.7,9.48,7.0,2.31,16.0,0.7,0.4,0.5,62.7,75.2,85.9,75.3,7.0,13.8,16.0,0.7,0.5,6.03,11.8,13.04,10.21,7.0,4.48,16.0,0.7,0.4,0.5,2.12,9.04,10.86,6.55,7.0,6.38,16.0,0.7,0.4,0.5,-3.49,4.75,7.8,3.04,7.0,6.35,16.0,0.7,0.4,0.5,1004.4,1017.5,1020.0,1013.36,7.0,7.37,16.0,0.7,0.4,0.5,1.0,3.0,5.0,3.0,6.0,1.9,16.0,0.7,0.4,0.4,3.3,90.2,136.1,77.1,7.0,96.1,16.0,0.7,0.4,0.5,-34.9,29.4,92.7,36.5,7.0,79.9,16.0,0.7,0.4,0.5,-2.1,0.3,2.41,0.35,6.0,2.44,16.0,0.8,0.5,0.5,-26.9,3.4,27.6,1.2,6.0,29.4,16.0,0.8,0.5,0.5,0.88,2.12,6.85,3.29,6.0,3.0,16.0,0.8,0.5,0.5,5.9,21.3,74.6,34.7,6.0,34.4,16.0,0.8,0.5,0.5,37.1,147.3,182.1,117.9,7.0,119.6,16.0,0.7,0.4,0.5,-55.8,78.4,150.9,58.3,7.0,110.2,16.0,0.7,0.4,0.5,20.9,64.2,112.1,58.1,7.0,66.8,16.0,0.7,0.4,0.5,-24.4,41.4,94.4,40.2,7.0,63.7,16.0,0.7,0.4,0.5,1.9,16.8,68.8,28.7,6.0,33.6,16.0,0.8,0.5,0.5,-28.2,2.5,10.6,-6.4,6.0,21.6,16.0,0.8,0.5,0.5,228.0,1643.0,2236.0,1552.5,7.0,1354.0,16.0,0.7,0.4,0.5,230.0,1645.0,2235.0,1550.0,7.0,1355.0,16.0,0.7,0.4,0.5
1974,2,148.0,30.0,16.97,17.8,18.37,17.76,13.0,1.04,12.0,0.4,0.4,0.4,13.11,14.6,17.0,15.08,15.0,2.42,12.0,0.5,0.4,0.4,5.81,7.24,10.77,7.9,12.0,2.11,12.0,0.3,0.4,0.4,62.7,73.5,91.2,75.7,12.0,13.5,12.0,0.3,0.4,4.21,9.3,15.4,10.0,15.0,6.23,12.0,0.5,0.4,0.4,-2.07,3.98,14.22,5.75,15.0,7.95,12.0,0.5,0.4,0.4,-5.78,0.0,5.84,1.28,15.0,6.74,12.0,0.5,0.4,0.4,1005.15,1012.5,1019.81,1012.9,14.0,7.49,12.0,0.4,0.4,0.4,2.8,7.0,8.0,5.9,13.0,2.9,12.0,0.5,0.4,0.4,-14.8,41.2,219.0,94.3,15.0,133.6,12.0,0.5,0.4,0.4,-43.8,0.0,75.5,18.5,15.0,90.6,12.0,0.5,0.4,0.4,0.77,2.5,4.55,2.98,13.0,2.26,12.0,0.4,0.4,0.4,5.0,20.5,67.0,36.2,13.0,43.2,12.0,0.4,0.4,0.4,2.55,5.42,6.32,4.8,12.0,1.78,12.0,0.3,0.4,0.4,11.0,37.1,101.6,54.2,12.0,41.4,12.0,0.3,0.4,0.4,-34.4,62.9,180.0,78.5,15.0,109.0,12.0,0.5,0.4,0.4,-80.1,0.0,101.3,27.4,15.0,106.8,12.0,0.5,0.4,0.4,-12.7,59.0,113.7,52.0,12.0,58.2,12.0,0.3,0.4,0.4,-28.7,0.0,47.2,16.4,12.0,60.0,12.0,0.3,0.4,0.4,-8.4,15.4,91.9,38.8,12.0,50.2,12.0,0.3,0.4,0.4,-30.8,0.0,28.0,-0.4,12.0,27.4,12.0,0.3,0.4,0.4,75.0,804.5,3652.5,2080.0,15.0,2370.5,12.0,0.5,0.4,0.4,75.0,805.0,3650.0,2080.0,15.0,2370.0,12.0,0.5,0.4,0.4
1974,2,148.0,31.0,16.5,17.0,18.91,17.49,21.0,1.67,14.0,0.7,0.5,0.6,12.79,14.75,18.0,15.17,24.0,3.22,14.0,0.8,0.4,0.6,5.47,7.08,10.41,7.8,21.0,2.29,14.0,0.7,0.5,0.6,58.5,71.2,91.0,73.6,21.0,16.2,14.0,0.7,0.6,6.14,11.05,17.35,12.19,24.0,6.12,14.0,0.8,0.4,0.6,-1.19,7.67,16.03,8.17,24.0,8.52,14.0,0.8,0.4,0.6,-4.84,1.32,8.42,1.68,24.0,6.87,14.0,0.8,0.4,0.6,1005.93,1015.8,1019.83,1013.12,22.0,7.63,14.0,0.7,0.4,0.6,6.0,8.0,8.0,6.9,24.0,1.6,14.0,0.8,0.4,0.6,-6.0,74.1,267.4,142.5,24.0,192.2,14.0,0.8,0.4,0.6,-46.3,10.0,101.0,18.0,24.0,101.1,14.0,0.8,0.4,0.6,0.5,3.0,5.91,2.62,21.0,3.37,14.0,0.7,0.5,0.6,4.1,31.1,57.1,35.7,21.0,50.7,14.0,0.7,0.5,0.6,3.71,4.9,6.47,4.67,21.0,1.9,14.0,0.7,0.5,0.6,25.7,52.9,78.3,58.6,21.0,44.3,14.0,0.7,0.5,0.6,-15.7,115.5,245.9,117.5,24.0,112.7,14.0,0.8,0.4,0.6,-55.2,19.8,155.1,36.0,24.0,104.8,14.0,0.8,0.4,0.6,-13.5,57.9,132.2,55.3,21.0,60.6,14.0,0.7,0.5,0.6,-26.5,29.1,73.1,24.8,21.0,58.4,14.0,0.7,0.5,0.6,-9.2,38.9,77.1,38.8,21.0,52.2,14.0,0.7,0.5,0.6,-27.5,3.6,40.4,3.2,21.0,35.4,14.0,0.7,0.5,0.6,242.0,1351.5,5234.5,3281.5,24.0,4930.0,14.0,0.8,0.4,0.6,240.0,1350.0,5235.0,3280.0,24.0,4930.0,14.0,0.8,0.4,0.6
1974,2,148.0,32.0,16.0,16.75,17.53,16.65,22.0,0.89,18.0,0.6,0.4,0.5,10.5,15.2,16.51,13.98,23.0,2.78,18.0,0.6,0.4,0.5,5.36,7.47,10.1,7.59,22.0,2.29,18.0,0.6,0.4,0.5,60.3,72.1,89.9,74.9,22.0,13.3,18.0,0.6,0.5,8.74,12.3,18.02,13.13,23.0,5.36,18.0,0.6,0.4,0.5,2.06,9.04,14.98,8.31,23.0,6.48,18.0,0.6,0.4,0.5,-10.47,0.0,8.96,-0.56,23.0,9.71,18.0,0.6,0.4,0.5,1002.69,1014.5,1018.55,1011.97,23.0,8.01,18.0,0.6,0.4,0.5,5.0,6.0,8.0,6.3,23.0,1.5,18.0,0.6,0.4,0.5,13.5,101.0,247.3,129.2,23.0,126.6,18.0,0.6,0.4,0.5,-148.1,0.0,126.0,-2.7,23.0,163.6,18.0,0.6,0.4,0.5,0.07,1.15,6.63,2.53,22.0,2.9,18.0,0.6,0.4,0.5,0.8,17.2,69.2,35.2,22.0,43.5,18.0,0.6,0.4,0.5,1.31,4.49,6.42,4.08,21.0,2.2,18.0,0.6,0.4,0.5,20.5,51.5,83.8,53.6,21.0,33.6,18.0,0.6,0.4,0.5,24.8,119.4,182.6,114.3,23.0,99.2,18.0,0.6,0.4,0.5,-116.7,0.0,151.6,10.4,23.0,137.6,18.0,0.6,0.4,0.5,10.5,52.2,109.2,60.7,22.0,57.1,18.0,0.6,0.4,0.5,-53.6,0.0,89.5,13.8,22.0,82.8,18.0,0.6,0.4,0.5,5.8,32.4,75.6,37.1,21.0,31.4,18.0,0.6,0.4,0.5,-58.9,0.0,24.5,-14.2,21.0,38.7,18.0,0.6,0.4,0.5,675.5,1861.0,5902.5,3293.0,23.0,3096.0,18.0,0.6,0.4,0.5,675.0,1860.0,5905.0,3295.0,23.0,3095.0,18.0,0.6,0.4,0.5
1974,2,148.0,33.0,15.92,17.0,18.0,17.17,21.0,1.38,12.0,0.6,0.5,0.4,9.81,11.5,15.17,12.12,25.0,3.03,12.0,0.6,0.5,0.4,5.53,6.55,10.11,7.34,22.0,2.28,12.0,0.6,0.5,0.4,67.2,76.0,93.8,79.8,22.0,12.7,12.0,0.6,0.4,9.19,11.3,15.4,12.48,25.0,4.58,12.0,0.6,0.5,0.4,-0.34,3.18,10.37,4.87,25.0,8.16,12.0,0.6,0.5,0.4,-10.33,-4.55,7.94,-1.89,25.0,9.4,12.0,0.6,0.5,0.4,1001.71,1012.8,1022.0,1011.36,25.0,9.7,12.0,0.6,0.5,0.4,6.0,8.0,8.0,7.2,24.0,1.4,12.0,0.6,0.5,0.4,-3.5,41.2,148.9,75.1,25.0,161.1,12.0,0.6,0.5,0.4,-120.5,-56.9,75.4,-14.6,25.0,142.8,12.0,0.6,0.5,0.4,1.27,5.7,8.0,5.23,21.0,3.33,12.0,0.6,0.5,0.4,11.2,65.3,122.0,64.9,21.0,54.2,12.0,0.6,0.5,0.4,3.6,5.75,6.74,4.99,20.0,2.39,12.0,0.6,0.5,0.4,27.7,62.1,97.1,60.1,20.0,41.0,12.0,0.6,0.5,0.4,-3.8,40.1,156.0,54.5,25.0,97.9,12.0,0.6,0.5,0.4,-111.9,-47.8,124.6,-1.9,25.0,129.2,12.0,0.6,0.5,0.4,-6.9,19.9,94.8,29.2,22.0,62.0,12.0,0.6,0.5,0.4,-57.9,-29.3,86.6,6.4,22.0,83.9,12.0,0.6,0.5,0.4,0.0,14.1,66.3,24.5,20.0,47.0,12.0,0.6,0.5,0.4,-67.0,-28.3,22.6,-28.3,20.0,42.4,12.0,0.6,0.5,0.4,776.5,1443.0,3652.5,2804.5,25.0,3791.0,12.0,0.6,0.5,0.4,775.0,1445.0,3650.0,2805.0,25.0,3790.0,12.0,0.6,0.5,0.4
1974,2,148.0,34.0,14.4,16.3,17.0,16.05,26.0,1.94,12.0,0.4,0.4,0.4,7.62,10.0,14.09,10.52,35.0,3.47,12.0,0.4,0.4,0.4,4.59,5.72,9.19,6.36,27.0,2.04,12.0,0.4,0.4,0.4,68.1,75.0,87.7,76.9,27.0,12.2,12.0,0.4,0.4,7.48,15.4,22.32,14.95,36.0,6.68,12.0,0.4,0.4,0.4,2.4,10.8,18.66,10.84,36.0,7.59,12.0,0.4,0.4,0.4,-13.71,-2.9,5.01,-3.67,36.0,9.06,12.0,0.4,0.4,0.4,996.54,1007.0,1017.45,1006.51,33.0,9.5,14.0,0.4,0.4,0.4,4.0,7.0,8.0,6.2,32.0,1.9,12.0,0.4,0.4,0.4,14.6,170.8,396.5,203.3,36.0,188.9,12.0,0.4,0.4,0.4,-238.4,-13.9,75.8,-60.5,36.0,175.7,12.0,0.4,0.4,0.4,2.37,5.55,9.0,5.47,26.0,3.31,12.0,0.4,0.4,0.4,24.6,65.6,154.3,85.3,26.0,63.9,12.0,0.4,0.4,0.4,2.64,5.66,7.05,5.19,25.0,2.16,12.0,0.4,0.4,0.4,34.5,67.2,137.5,78.1,25.0,47.2,12.0,0.4,0.4,0.4,20.4,103.9,230.2,121.0,35.0,102.2,12.0,0.4,0.4,0.4,-118.0,-31.7,75.6,-18.9,35.0,99.7,12.0,0.4,0.4,0.4,12.1,66.0,136.0,73.2,27.0,62.9,12.0,0.4,0.4,0.4,-72.2,-30.8,50.7,-13.8,27.0,67.1,12.0,0.4,0.4,0.4,10.6,48.6,110.4,56.0,25.0,45.9,12.0,0.4,0.4,0.4,-86.8,-6.7,20.9,-28.7,25.0,48.5,12.0,0.4,0.4,0.4,419.5,3652.5,11127.5,5252.5,36.0,5145.0,12.0,0.4,0.4,0.4,420.0,3650.0,11130.0,5250.0,36.0,5145.0,12.0,0.4,0.4,0.4
1974,2,148.0,35.0,14.22,16.0,16.91,15.53,15.0,1.89,16.0,0.7,0.4,0.3,7.99,10.5,13.51,10.98,23.0,2.74,14.0,0.7,0.4,0.3,4.41,6.62,7.66,6.48,19.0,2.13,14.0,0.7,0.4,0.4,67.6,77.3,94.2,79.4,19.0,14.7,14.0,0.7,0.4,6.46,10.8,16.46,11.94,21.0,5.41,14.0,0.7,0.4,0.3,0.0,4.6,11.94,5.42,21.0,7.21,14.0,0.7,0.4,0.3,-10.29,-4.41,8.61,-1.74,21.0,9.65,14.0,0.7,0.4,0.3,1003.63,1014.0,1021.21,1011.7,23.0,9.99,14.0,0.7,0.4,0.3,3.2,7.0,8.0,6.0,21.0,2.6,14.0,0.8,0.5,0.3,0.0,39.9,156.4,88.9,21.0,151.8,14.0,0.7,0.4,0.3,-132.1,-36.1,96.6,-22.9,21.0,149.5,14.0,0.7,0.4,0.3,1.33,5.5,8.11,5.01,15.0,3.21,16.0,0.7,0.4,0.3,15.5,59.5,96.2,60.2,15.0,38.8,16.0,0.7,0.4,0.3,2.87,5.23,6.35,4.44,15.0,2.21,16.0,0.7,0.4,0.3,36.3,53.8,87.7,54.1,15.0,30.0,16.0,0.7,0.4,0.3,0.0,46.9,152.4,66.6,21.0,93.6,14.0,0.7,0.4,0.3,-96.8,-40.8,130.4,-1.1,21.0,102.0,14.0,0.7,0.4,0.3,7.4,28.7,81.2,43.3,18.0,61.3,16.0,0.7,0.4,0.3,-56.3,-30.2,78.0,-2.3,18.0,66.2,16.0,0.7,0.4,0.3,-4.2,15.6,46.3,18.2,15.0,26.8,16.0,0.7,0.4,0.3,-63.0,-18.1,38.9,-11.6,15.0,53.1,16.0,0.7,0.4,0.3,276.5,1259.5,4525.5,2807.0,21.0,3823.5,14.0,0.7,0.4,0.3,275.0,1260.0,4525.0,2805.0,21.0,3825.0,14.0,0.7,0.4,0.3
1974,2,148.0,36.0,11.72,13.0,14.0,12.95,14.0,1.44,16.0,0.3,0.4,0.5,7.38,10.0,10.89,9.55,15.0,2.19,14.0,0.3,0.3,0.5,4.05,6.22,7.02,5.95,13.0,1.55,16.0,0.3,0.3,0.5,64.1,84.4,94.4,79.6,13.0,14.3,16.0,0.3,0.5,8.67,12.9,18.89,13.57,15.0,4.41,14.0,0.3,0.3,0.5,-5.75,4.93,16.1,4.57,15.0,9.71,14.0,0.3,0.3,0.5,-9.43,-6.33,7.92,-2.73,15.0,9.6,14.0,0.3,0.3,0.5,1000.34,1010.3,1015.73,1008.33,15.0,8.78,14.0,0.3,0.3,0.5,5.9,8.0,8.0,6.9,13.0,2.0,14.0,0.2,0.3,0.5,-78.7,51.5,295.8,80.6,15.0,171.3,14.0,0.3,0.3,0.5,-138.5,-63.8,138.9,-42.8,15.0,148.4,14.0,0.3,0.3,0.5,1.7,3.25,5.28,3.58,14.0,3.08,16.0,0.3,0.4,0.5,20.7,42.0,76.3,47.5,14.0,43.9,16.0,0.3,0.4,0.5,1.94,3.27,5.14,3.38,13.0,1.84,16.0,0.3,0.3,0.5,25.5,37.0,58.1,42.6,13.0,23.5,16.0,0.3,0.3,0.5,-57.9,53.0,116.0,40.8,15.0,95.0,14.0,0.3,0.3,0.5,-89.7,-52.7,103.7,-18.4,15.0,98.5,14.0,0.3,0.3,0.5,-36.5,26.2,65.7,20.3,13.0,57.7,16.0,0.3,0.3,0.5,-58.9,-31.3,38.7,-25.4,13.0,59.1,16.0,0.3,0.3,0.5,-20.0,18.3,38.9,16.7,13.0,34.3,16.0,0.3,0.3,0.5,-43.2,-23.5,5.4,-20.6,13.0,24.0,16.0,0.3,0.3,0.5,671.5,2146.5,6742.0,3269.5,15.0,2985.5,14.0,0.3,0.3,0.5,670.0,2145.0,6740.0,3270.0,15.0,2985.0,14.0,0.3,0.3,0.5
1974,2,148.0,37.0,10.07,11.6,13.89,11.85,8.0,1.68,12.0,0.5,0.4,0.3,6.35,7.4,8.73,7.36,9.0,1.38,12.0,0.6,0.5,0.4,3.67,4.82,5.44,4.57,5.0,1.04,12.0,0.4,0.5,0.2,65.2,81.3,87.6,77.4,7.0,13.6,12.0,0.6,0.3,7.27,14.4,16.88,13.63,8.0,6.84,12.0,0.5,0.5,0.3,-12.39,-2.86,10.99,0.77,8.0,13.97,12.0,0.5,0.5,0.3,-5.06,-2.02,0.48,-1.26,8.0,7.82,12.0,0.5,0.5,0.3,1004.9,1014.6,1020.22,1013.34,7.0,7.97,14.0,0.4,0.5,0.3,6.1,8.0,8.0,6.9,8.0,2.1,10.0,0.6,0.5,0.3,-164.2,-19.2,159.0,49.5,8.0,284.2,12.0,0.5,0.5,0.3,-107.3,-17.2,1.5,-19.4,8.0,122.9,12.0,0.5,0.5,0.3,2.22,4.9,7.28,4.7,8.0,2.34,12.0,0.5,0.4,0.3,16.4,59.0,125.8,71.1,7.0,66.7,14.0,0.4,0.5,0.3,3.28,4.02,4.77,3.98,5.0,0.95,12.0,0.4,0.5,0.2,34.7,49.7,63.8,50.0,5.0,19.7,12.0,0.4,0.5,0.2,-92.7,-24.9,63.4,-6.1,8.0,99.7,12.0,0.5,0.5,0.3,-35.2,-10.1,3.8,-1.7,8.0,64.6,12.0,0.5,0.5,0.3,-38.4,-14.3,39.5,-4.7,5.0,49.1,12.0,0.4,0.5,0.2,-34.5,-12.3,29.6,-2.2,5.0,51.4,12.0,0.4,0.5,0.2,-29.2,-6.8,51.3,5.7,5.0,44.5,12.0,0.4,0.5,0.2,-35.4,-18.6,14.1,-12.4,5.0,36.2,12.0,0.4,0.5,0.2,449.5,3029.0,4814.0,4242.5,8.0,5429.5,12.0,0.5,0.5,0.3,450.0,3030.0,4815.0,4240.0,8.0,5430.0,12.0,0.5,0.5,0.3
1974,2,148.0,38.0,9.43,11.2,12.79,10.44,10.0,3.12,10.0,0.6,0.5,0.4,3.0,4.5,7.33,5.16,11.0,2.13,10.0,0.6,0.5,0.4,3.43,4.04,4.34,3.98,9.0,0.62,10.0,0.6,0.4,0.4,65.0,73.0,87.4,75.4,10.0,11.3,10.0,0.6,0.4,4.6,12.3,19.87,13.13,11.0,7.85,10.0,0.6,0.5,0.4,2.48,9.58,16.94,10.54,11.0,7.66,10.0,0.6,0.5,0.4,-10.91,-6.15,-2.34,-6.65,11.0,4.66,10.0,0.6,0.5,0.4,1012.0,1013.5,1019.7,1014.1,10.0,6.79,10.0,0.6,0.4,0.4,5.2,7.0,7.4,6.4,11.0,1.4,10.0,0.6,0.5,0.4,9.0,131.0,309.5,191.1,11.0,220.9,10.0,0.6,0.5,0.4,-243.8,-75.6,-10.8,-108.5,11.0,108.6,10.0,0.6,0.5,0.4,1.69,6.0,7.79,5.06,10.0,2.89,10.0,0.6,0.5,0.4,20.2,29.9,89.1,49.2,10.0,39.8,10.0,0.6,0.5,0.4,2.82,4.3,5.15,3.99,9.0,1.49,10.0,0.6,0.4,0.4,14.1,30.3,66.4,41.8,9.0,27.4,10.0,0.6,0.4,0.4,11.6,48.0,67.6,52.6,11.0,44.0,10.0,0.6,0.5,0.4,-53.0,-33.9,-10.6,-34.7,11.0,27.3,10.0,0.6,0.5,0.4,10.8,32.7,45.5,35.2,9.0,28.2,10.0,0.6,0.4,0.4,-35.0,-20.1,-5.1,-21.1,9.0,13.9,10.0,0.6,0.4,0.4,7.6,26.2,54.9,32.8,9.0,23.8,10.0,0.6,0.4,0.4,-37.8,-15.1,-2.3,-21.1,9.0,21.1,10.0,0.6,0.4,0.4,97.5,1861.0,7906.0,4628.5,11.0,6696.5,10.0,0.6,0.5,0.4,95.0,1860.0,7905.0,4630.0,11.0,6695.0,10.0,0.6,0.5,0.4
1974,2,148.0,39.0,6.5,9.0,10.98,8.78,20.0,1.88,14.0,0.7,0.5,0.5,1.59,5.0,5.5,4.0,21.0,1.99,14.0,0.7,0.5,0.5,3.17,3.62,4.7,3.84,20.0,0.78,14.0,0.7,0.5,0.5,64.7,76.6,87.2,76.5,20.0,11.7,14.0,0.7,0.5,10.31,12.85,16.5,13.45,20.0,4.04,14.0,0.7,0.5,0.6,-8.2,7.48,11.79,4.29,20.0,8.99,14.0,0.7,0.5,0.6,-14.27,-5.49,5.11,-4.26,20.0,9.36,14.0,0.7,0.5,0.6,1007.35,1012.0,1016.48,1012.65,21.0,5.52,14.0,0.7,0.5,0.5,6.0,7.5,8.0,7.2,18.0,1.0,14.0,0.8,0.5,0.5,-114.4,85.7,151.2,56.0,20.0,139.1,14.0,0.7,0.5,0.6,-222.4,-61.3,52.8,-75.5,20.0,160.5,14.0,0.7,0.5,0.6,2.0,5.0,7.49,4.88,20.0,2.52,14.0,0.7,0.5,0.5,26.3,59.0,114.5,69.0,19.0,41.9,14.0,0.7,0.5,0.5,2.26,3.01,4.36,3.21,20.0,1.17,14.0,0.7,0.5,0.5,22.6,40.0,63.1,44.0,19.0,18.1,14.0,0.7,0.5,0.5,-40.9,14.8,43.0,7.8,20.0,42.3,14.0,0.7,0.5,0.6,-32.9,-12.1,25.6,-2.6,20.0,40.6,14.0,0.7,0.5,0.6,-22.8,27.5,38.2,15.3,19.0,35.2,14.0,0.7,0.5,0.5,-54.5,-23.1,18.3,-13.2,19.0,38.9,14.0,0.7,0.5,0.5,-14.5,26.5,39.8,19.8,19.0,25.4,14.0,0.7,0.5,0.5,-51.1,-18.7,17.2,-17.1,19.0,31.6,14.0,0.7,0.5,0.5,1095.5,2133.5,4492.0,3086.5,20.0,2809.0,14.0,0.7,0.5,0.6,1095.0,2135.0,4490.0,3085.0,20.0,2810.0,14.0,0.7,0.5,0.6
1974,2,148.0,40.0,4.0,9.0,10.39,7.69,15.0,3.26,14.0,0.4,0.6,0.3,0.61,4.5,7.56,4.0,15.0,3.27,14.0,0.4,0.6,0.3,2.93,3.81,5.02,3.93,8.0,1.0,14.0,0.4,0.6,0.3,70.1,80.8,96.4,82.6,11.0,12.5,12.0,0.4,0.3,8.6,10.3,13.0,10.85,13.0,2.84,14.0,0.5,0.6,0.3,-6.35,5.1,9.92,1.84,13.0,8.24,14.0,0.5,0.6,0.3,-10.53,-4.95,3.57,-3.41,13.0,7.16,14.0,0.5,0.6,0.3,1001.22,1011.0,1018.59,1009.99,11.0,11.01,16.0,0.4,0.6,0.3,6.0,7.0,8.0,7.0,15.0,1.1,14.0,0.4,0.6,0.3,-92.3,26.0,108.1,12.9,13.0,96.7,14.0,0.5,0.6,0.3,-112.4,-38.1,37.4,-40.6,13.0,96.8,14.0,0.5,0.6,0.3,0.44,4.0,8.72,3.69,15.0,4.44,14.0,0.4,0.6,0.3,18.6,49.0,84.6,46.0,13.0,42.4,14.0,0.5,0.6,0.3,0.78,2.59,4.62,2.61,8.0,2.15,14.0,0.4,0.6,0.3,20.5,35.4,49.3,35.3,7.0,20.7,16.0,0.4,0.6,0.3,-56.9,0.0,28.7,-8.3,13.0,47.2,14.0,0.5,0.6,0.3,-24.5,0.0,17.7,-2.9,13.0,35.8,14.0,0.5,0.6,0.3,-1.3,23.6,42.0,18.8,7.0,25.2,16.0,0.4,0.6,0.3,-31.9,-19.8,0.8,-21.6,7.0,28.7,16.0,0.4,0.6,0.3,-0.7,18.0,28.4,15.8,7.0,21.7,16.0,0.4,0.6,0.3,-45.0,-22.8,0.3,-23.4,7.0,22.0,16.0,0.4,0.6,0.3,639.0,1092.5,2198.0,1514.5,13.0,1067.0,14.0,0.5,0.6,0.3,640.0,1095.0,2200.0,1515.0,13.0,1065.0,14.0,0.5,0.6,0.3
1974,2,148.0,41.0,2.0,3.0,7.41,4.2,11.0,2.6,16.0,0.6,0.3,0.5,-1.04,0.0,3.12,0.85,11.0,2.35,16.0,0.6,0.3,0.5,2.82,3.39,3.78,3.41,8.0,0.68,16.0,0.8,0.4,0.5,76.3,82.1,86.2,81.5,8.0,6.4,16.0,0.8,0.5,3.86,9.8,18.0,10.85,11.0,6.42,16.0,0.6,0.3,0.5,-0.3,3.18,11.57,4.63,11.0,5.64,16.0,0.6,0.3,0.5,-13.79,-8.74,-0.6,-7.06,11.0,7.79,16.0,0.6,0.3,0.5,1010.55,1016.0,1020.74,1013.88,11.0,10.62,16.0,0.6,0.3,0.5,5.6,8.0,8.0,7.2,11.0,1.5,16.0,0.6,0.3,0.5,-0.6,29.6,208.3,77.0,11.0,101.4,16.0,0.6,0.3,0.5,-248.2,-81.3,-1.3,-108.1,11.0,135.6,16.0,0.6,0.3,0.5,1.37,3.5,5.6,3.35,11.0,3.48,16.0,0.6,0.3,0.5,13.5,39.6,65.0,40.9,11.0,29.6,16.0,0.6,0.3,0.5,1.15,1.93,3.0,1.97,8.0,1.34,16.0,0.8,0.4,0.5,4.2,21.9,28.1,18.6,8.0,11.6,16.0,0.8,0.4,0.5,-11.7,0.0,4.8,-1.9,11.0,7.5,16.0,0.6,0.3,0.5,-13.1,0.0,11.5,-1.1,11.0,15.6,16.0,0.6,0.3,0.5,0.5,9.4,30.7,12.7,8.0,14.1,16.0,0.8,0.4,0.5,-34.7,-29.1,-7.1,-22.3,8.0,16.4,16.0,0.8,0.4,0.5,-0.6,6.8,16.4,7.6,8.0,8.5,16.0,0.8,0.4,0.5,-23.1,-18.8,-4.0,-16.1,8.0,9.5,16.0,0.8,0.4,0.5,81.5,941.0,5832.0,2518.5,11.0,3019.5,16.0,0.6,0.3,0.5,80.0,940.0,5830.0,2520.0,11.0,3020.0,16.0,0.6,0.3,0.5
1974,2,148.0,42.0,1.41,1.7,2.71,1.89,8.0,0.69,18.0,0.9,0.3,0.6,-1.66,0.6,3.07,0.6,10.0,2.29,18.0,0.8,0.5,0.6,3.07,3.43,4.07,3.62,8.0,0.68,18.0,0.9,0.4,0.6,80.6,89.6,95.4,87.3,8.0,10.4,18.0,0.9,0.6,8.6,13.2,19.41,13.56,10.0,5.45,18.0,0.8,0.4,0.5,-2.57,2.48,17.4,5.84,10.0,9.86,18.0,0.8,0.4,0.5,-8.99,-6.6,8.5,-2.25,10.0,9.66,18.0,0.8,0.4,0.5,992.88,1003.3,1011.94,1003.96,10.0,11.68,18.0,0.8,0.4,0.5,7.6,8.0,8.0,7.5,11.0,1.5,18.0,0.8,0.4,0.6,-30.4,25.9,337.8,110.3,10.0,179.4,18.0,0.8,0.4,0.5,-154.3,-66.0,113.5,-30.2,10.0,148.5,18.0,0.8,0.4,0.5,-1.07,1.1,4.0,1.16,7.0,2.39,18.0,0.9,0.4,0.7,-17.2,21.2,75.3,25.1,6.0,45.7,16.0,0.8,0.3,0.7,0.4,1.18,1.41,0.98,6.0,0.61,16.0,0.8,0.3,0.7,5.1,19.5,26.6,17.2,6.0,12.4,16.0,0.8,0.3,0.7,-20.4,-5.3,-0.4,-6.7,9.0,18.4,18.0,0.8,0.5,0.6,-6.2,5.6,19.9,6.5,9.0,21.2,18.0,0.8,0.5,0.6,-9.4,16.0,54.0,21.2,8.0,32.6,18.0,0.9,0.4,0.6,-37.0,-20.4,5.1,-13.3,8.0,32.2,18.0,0.9,0.4,0.6,-0.2,18.7,24.5,14.7,6.0,12.6,16.0,0.8,0.3,0.7,-10.2,-7.3,0.5,-6.1,6.0,6.8,16.0,0.8,0.3,0.7,664.0,2301.5,7354.5,3526.0,10.0,3058.0,18.0,0.8,0.4,0.5,665.0,2300.0,7355.0,3525.0,10.0,3060.0,18.0,0.8,0.4,0.5
1974,2,148.0,43.0,0.95,1.8,2.0,1.48,13.0,0.67,18.0,0.5,0.2,0.6,-3.94,-2.3,-0.06,-2.19,14.0,2.0,18.0,0.5,0.3,0.6,2.52,2.61,2.83,2.67,3.0,0.23,14.0,0.3,0.4,0.4,79.5,79.9,80.8,80.1,3.0,1.0,14.0,0.3,0.4,8.77,11.05,15.9,12.08,14.0,5.02,18.0,0.5,0.3,0.6,0.09,8.26,12.01,6.19,14.0,6.31,18.0,0.5,0.3,0.6,-13.67,-5.83,1.42,-5.74,14.0,8.11,18.0,0.5,0.3,0.6,1003.15,1013.3,1017.94,1010.24,14.0,10.04,18.0,0.5,0.3,0.6,2.3,7.0,8.0,5.6,9.0,3.0,20.0,0.6,0.2,0.7,0.4,82.4,162.1,92.5,14.0,109.0,18.0,0.5,0.3,0.6,-217.3,-59.3,12.3,-95.0,14.0,140.1,18.0,0.5,0.3,0.6,2.81,4.0,5.32,3.83,13.0,2.19,18.0,0.5,0.2,0.6,25.8,47.7,70.6,51.0,13.0,32.8,18.0,0.5,0.2,0.6,1.62,1.76,1.83,1.73,3.0,0.16,14.0,0.3,0.4,0.4,20.3,22.7,31.7,25.9,3.0,8.8,14.0,0.3,0.4,0.4,-30.4,-19.2,2.4,-17.2,14.0,22.3,18.0,0.5,0.3,0.6,0.0,17.7,40.6,20.0,14.0,21.7,18.0,0.5,0.3,0.6,27.5,31.6,39.8,33.6,3.0,9.2,14.0,0.3,0.4,0.4,-39.1,-11.5,-3.7,-21.1,3.0,27.3,14.0,0.3,0.4,0.4,19.9,21.3,22.5,21.2,3.0,1.9,14.0,0.3,0.4,0.4,-21.2,-7.8,-2.5,-11.8,3.0,14.2,14.0,0.3,0.4,0.4,676.5,1368.0,4019.5,2681.5,14.0,3339.5,18.0,0.5,0.3,0.6,675.0,1370.0,4020.0,2680.0,14.0,3340.0,18.0,0.5,0.3,0.6
1974,2,148.0,44.0,0.34,1.7,3.23,1.75,73.0,1.43,14.0,0.5,0.3,0.5,-4.0,-1.8,1.5,-1.27,89.0,2.83,14.0,0.6,0.3,0.6,3.59,3.59,3.59,3.59,1.0,0.0,10.0,1.0,0.9,0.2,100.0,100.0,100.0,100.0,1.0,0.0,10.0,1.0,0.2,4.75,10.8,17.0,10.55,87.0,5.49,16.0,0.6,0.3,0.6,-1.61,4.75,11.93,5.05,87.0,7.18,16.0,0.6,0.3,0.6,-10.37,-4.42,4.94,-3.45,87.0,7.31,16.0,0.6,0.3,0.6,992.9,1011.5,1018.76,1007.91,92.0,12.18,14.0,0.5,0.3,0.6,2.0,7.0,8.0,5.7,67.0,2.8,16.0,0.6,0.3,0.6,-5.9,49.0,164.1,73.0,87.0,125.0,16.0,0.6,0.3,0.6,-149.6,-26.0,38.1,-52.9,87.0,121.4,16.0,0.6,0.3,0.6,0.05,3.25,5.82,2.88,72.0,2.97,14.0,0.5,0.3,0.5,0.0,28.6,73.4,34.9,68.0,39.1,16.0,0.6,0.3,0.5,0.56,0.56,0.56,0.56,1.0,0.0,10.0,1.0,0.9,0.2,8.7,8.7,8.7,8.7,1.0,0.0,10.0,1.0,0.9,0.2,-33.0,-1.1,5.8,-9.0,85.0,24.0,16.0,0.6,0.3,0.6,-6.3,4.7,32.5,8.5,85.0,21.9,16.0,0.6,0.3,0.6,-42.4,-42.4,-42.4,-42.4,1.0,0.0,10.0,1.0,0.9,0.2,-35.6,-35.6,-35.6,-35.6,1.0,0.0,10.0,1.0,0.9,0.2,-6.6,-6.6,-6.6,-6.6,1.0,0.0,10.0,1.0,0.9,0.2,-5.6,-5.6,-5.6,-5.6,1.0,0.0,10.0,1.0,0.9,0.2,110.0,1259.5,4913.0,2201.0,87.0,3078.5,16.0,0.6,0.3,0.6,110.0,1260.0,4915.0,2200.0,87.0,3080.0,16.0,0.6,0.3,0.6
1974,2,148.0,45.0,,,,,,,,,,,,,,,,,,,,,,,,,,,,,,,,,,,,,,,,6.2,11.8,18.81,11.82,40.0,6.14,12.0,0.5,0.6,0.4,-5.0,4.69,13.03,4.26,40.0,9.07,12.0,0.5,0.6,0.4,-13.48,-4.58,4.03,-4.33,40.0,7.8,12.0,0.5,0.6,0.4,995.26,1011.5,1023.44,1009.41,43.0,13.43,12.0,0.5,0.6,0.4,,,,,,,,,,,,,,,,,,,,,,,,,,,,,,,,,,,,,,,,,,,,,,,,,,,,,,,,,,,,,,,,,,,,,,,,,,,,,,,,,,,,,,,,,,,,,,,,,,,,,,,,,,,,,,,,,,,,,,,,,,,,,,,,,,,,,,,,,,,,,,,,,,,,,,
1974,2,148.0,46.0,,,,,,,,,,,,,,,,,,,,,,,,,,,,,,,,,,,,,,,,8.61,9.5,10.39,9.5,2.0,1.84,12.0,0.5,0.5,0.5,-7.78,-1.3,5.18,-1.3,2.0,13.44,12.0,0.5,0.5,0.5,0.0,0.0,0.0,0.0,2.0,0.0,12.0,0.5,0.5,0.5,1008.36,1013.0,1017.64,1013.0,2.0,9.62,12.0,0.5,0.5,0.5,,,,,,,,,,,,,,,,,,,,,,,,,,,,,,,,,,,,,,,,,,,,,,,,,,,,,,,,,,,,,,,,,,,,,,,,,,,,,,,,,,,,,,,,,,,,,,,,,,,,,,,,,,,,,,,,,,,,,,,,,,,,,,,,,,,,,,,,,,,,,,,,,,,,,,
1974,2,148.0,47.0,,,,,,,,,,,,,,,,,,,,,,,,,,,,,,,,,,,,,,,,9.8,9.8,9.8,9.8,1.0,0.0,16.0,0.0,0.4,0.3,-7.51,-7.51,-7.51,-7.51,1.0,0.0,16.0,0.0,0.4,0.3,6.3,6.3,6.3,6.3,1.0,0.0,16.0,0.0,0.4,0.3,1012.1,1012.1,1012.1,1012.1,1.0,0.0,16.0,0.0,0.4,0.3,,,,,,,,,,,,,,,,,,,,,,,,,,,,,,,,,,,,,,,,,,,,,,,,,,,,,,,,,,,,,,,,,,,,,,,,,,,,,,,,,,,,,,,,,,,,,,,,,,,,,,,,,,,,,,,,,,,,,,,,,,,,,,,,,,,,,,,,,,,,,,,,,,,,,,
1974,2,148.0,48.0,,,,,,,,,,,,,,,,,,,,,,,,,,,,,,,,,,,,,,,,12.29,13.35,14.41,13.35,2.0,2.19,10.0,0.5,0.7,0.5,3.77,7.48,11.18,7.48,2.0,7.68,10.0,0.5,0.7,0.5,-10.96,-9.54,-8.11,-9.54,2.0,2.95,10.0,0.5,0.7,0.5,1015.85,1016.4,1016.95,1016.4,2.0,1.13,10.0,0.5,0.7,0.5,,,,,,,,,,,,,,,,,,,,,,,,,,,,,,,,,,,,,,,,,,,,,,,,,,,,,,,,,,,,,,,,,,,,,,,,,,,,,,,,,,,,,,,,,,,,,,,,,,,,,,,,,,,,,,,,,,,,,,,,,,,,,,,,,,,,,,,,,,,,,,,,,,,,,,
1974,2,148.0,49.0,,,,,,,,,,,,,,,,,,,,,,,,,,,,,,,,,,,,,,,,5.1,8.2,12.2,8.62,5.0,3.65,12.0,1.0,0.5,0.6,-0.64,2.24,5.51,2.44,5.0,5.33,12.0,1.0,0.5,0.6,-8.38,-4.79,1.71,-3.49,5.0,7.43,12.0,1.0,0.5,0.6,1010.44,1016.0,1019.73,1014.92,5.0,7.7,12.0,1.0,0.5,0.6,,,,,,,,,,,,,,,,,,,,,,,,,,,,,,,,,,,,,,,,,,,,,,,,,,,,,,,,,,,,,,,,,,,,,,,,,,,,,,,,,,,,,,,,,,,,,,,,,,,,,,,,,,,,,,,,,,,,,,,,,,,,,,,,,,,,,,,,,,,,,,,,,,,,,,
1974,2,148.0,50.0,,,,,,,,,,,,,,,,,,,,,,,,,,,,,,,,,,,,,,,,8.87,13.35,14.9,11.95,4.0,4.1,16.0,0.5,0.5,0.2,-4.03,-1.02,5.02,0.43,4.0,6.56,16.0,0.5,0.5,0.2,-13.24,-6.77,5.08,-4.2,4.0,11.85,16.0,0.5,0.5,0.2,1002.93,1008.95,1014.29,1008.63,4.0,8.07,16.0,0.5,0.5,0.2,,,,,,,,,,,,,,,,,,,,,,,,,,,,,,,,,,,,,,,,,,,,,,,,,,,,,,,,,,,,,,,,,,,,,,,,,,,,,,,,,,,,,,,,,,,,,,,,,,,,,,,,,,,,,,,,,,,,,,,,,,,,,,,,,,,,,,,,,,,,,,,,,,,,,,
1974,2,148.0,51.0,,,,,,,,,,,,,,,,,,,,,,,,,,,,,,,,,,,,,,,,7.61,8.5,9.39,8.5,2.0,1.84,4.0,0.0,0.1,0.2,-1.54,0.44,2.43,0.44,2.0,4.11,4.0,0.0,0.1,0.2,-8.82,-7.99,-7.15,-7.99,2.0,1.73,4.0,0.0,0.1,0.2,1013.74,1015.55,1017.36,1015.55,2.0,3.75,4.0,0.0,0.1,0.2,,,,,,,,,,,,,,,,,,,,,,,,,,,,,,,,,,,,,,,,,,,,,,,,,,,,,,,,,,,,,,,,,,,,,,,,,,,,,,,,,,,,,,,,,,,,,,,,,,,,,,,,,,,,,,,,,,,,,,,,,,,,,,,,,,,,,,,,,,,,,,,,,,,,,,
1974,2,148.0,52.0,,,,,,,,,,,,,,,,,,,,,,,,,,,,,,,,,,,,,,,,9.53,11.3,13.07,11.3,2.0,3.68,6.0,0.0,0.6,0.6,-6.32,-4.96,-3.61,-4.96,2.0,2.81,6.0,0.0,0.6,0.6,-11.42,-10.11,-8.79,-10.11,2.0,2.73,6.0,0.0,0.6,0.6,1012.76,1013.75,1014.74,1013.75,2.0,2.05,6.0,0.0,0.6,0.6,,,,,,,,,,,,,,,,,,,,,,,,,,,,,,,,,,,,,,,,,,,,,,,,,,,,,,,,,,,,,,,,,,,,,,,,,,,,,,,,,,,,,,,,,,,,,,,,,,,,,,,,,,,,,,,,,,,,,,,,,,,,,,,,,,,,,,,,,,,,,,,,,,,,,,
1974,2,148.0,53.0,-1.1,-1.1,-1.1,-1.1,1.0,0.0,6.0,1.0,0.6,0.0,-10.6,-10.6,-10.6,-10.6,1.0,0.0,6.0,1.0,0.6,0.0,1.09,1.09,1.09,1.09,1.0,0.0,6.0,1.0,0.6,0.0,64.5,64.5,64.5,64.5,1.0,0.0,6.0,1.0,0.0,14.9,14.9,14.9,14.9,1.0,0.0,6.0,1.0,0.6,0.0,2.59,2.59,2.59,2.59,1.0,0.0,6.0,1.0,0.6,0.0,-14.67,-14.67,-14.67,-14.67,1.0,0.0,6.0,1.0,0.6,0.0,1013.2,1013.2,1013.2,1013.2,1.0,0.0,6.0,1.0,0.6,0.0,6.0,6.0,6.0,6.0,1.0,0.0,6.0,1.0,0.6,0.0,38.6,38.6,38.6,38.6,1.0,0.0,6.0,1.0,0.6,0.0,-218.6,-218.6,-218.6,-218.6,1.0,0.0,6.0,1.0,0.6,0.0,9.5,9.5,9.5,9.5,1.0,0.0,6.0,1.0,0.6,0.0,141.6,141.6,141.6,141.6,1.0,0.0,6.0,1.0,0.6,0.0,2.4,2.4,2.4,2.4,1.0,0.0,6.0,1.0,0.6,0.0,35.7,35.7,35.7,35.7,1.0,0.0,6.0,1.0,0.6,0.0,-27.4,-27.4,-27.4,-27.4,1.0,0.0,6.0,1.0,0.6,0.0,155.5,155.5,155.5,155.5,1.0,0.0,6.0,1.0,0.6,0.0,2.8,2.8,2.8,2.8,1.0,0.0,6.0,1.0,0.6,0.0,-16.0,-16.0,-16.0,-16.0,1.0,0.0,6.0,1.0,0.6,0.0,6.2,6.2,6.2,6.2,1.0,0.0,6.0,1.0,0.6,0.0,-35.2,-35.2,-35.2,-35.2,1.0,0.0,6.0,1.0,0.6,0.0,3308.0,3308.0,3308.0,3308.0,1.0,0.0,6.0,1.0,0.6,0.0,3310.0,3310.0,3310.0,3310.0,1.0,0.0,6.0,1.0,0.6,0.0
1974,2,148.0,54.0,,,,,,,,,,,,,,,,,,,,,,,,,,,,,,,,,,,,,,,,8.7,8.7,8.7,8.7,1.0,0.0,2.0,1.0,0.3,0.3,-4.35,-4.35,-4.35,-4.35,1.0,0.0,2.0,1.0,0.3,0.3,-7.53,-7.53,-7.53,-7.53,1.0,0.0,2.0,1.0,0.3,0.3,1017.5,1017.5,1017.5,1017.5,1.0,0.0,2.0,1.0,0.3,0.3,,,,,,,,,,,,,,,,,,,,,,,,,,,,,,,,,,,,,,,,,,,,,,,,,,,,,,,,,,,,,,,,,,,,,,,,,,,,,,,,,,,,,,,,,,,,,,,,,,,,,,,,,,,,,,,,,,,,,,,,,,,,,,,,,,,,,,,,,,,,,,,,,,,,,,
1974,2,148.0,55.0,,,,,,,,,,,,,,,,,,,,,,,,,,,,,,,,,,,,,,,,9.8,9.8,9.8,9.8,1.0,0.0,16.0,0.0,0.2,0.3,9.65,9.65,9.65,9.65,1.0,0.0,16.0,0.0,0.2,0.3,1.7,1.7,1.7,1.7,1.0,0.0,16.0,0.0,0.2,0.3,1011.1,1011.1,1011.1,1011.1,1.0,0.0,16.0,0.0,0.2,0.3,,,,,,,,,,,,,,,,,,,,,,,,,,,,,,,,,,,,,,,,,,,,,,,,,,,,,,,,,,,,,,,,,,,,,,,,,,,,,,,,,,,,,,,,,,,,,,,,,,,,,,,,,,,,,,,,,,,,,,,,,,,,,,,,,,,,,,,,,,,,,,,,,,,,,,
1974,2,149.0,-53.0,,,,,,,,,,,,,,,,,,,,,,,,,,,,,,,,,,,,,,,,8.7,8.7,8.7,8.7,1.0,0.0,6.0,1.0,0.4,0.3,4.35,4.35,4.35,4.35,1.0,0.0,6.0,1.0,0.4,0.3,7.53,7.53,7.53,7.53,1.0,0.0,6.0,1.0,0.4,0.3,1007.3,1007.3,1007.3,1007.3,1.0,0.0,6.0,1.0,0.4,0.3,,,,,,,,,,,,,,,,,,,,,,,,,,,,,,,,,,,,,,,,,,,,,,,,,,,,,,,,,,,,,,,,,,,,,,,,,,,,,,,,,,,,,,,,,,,,,,,,,,,,,,,,,,,,,,,,,,,,,,,,,,,,,,,,,,,,,,,,,,,,,,,,,,,,,,
1974,2,149.0,-45.0,14.8,14.8,14.8,14.8,1.0,0.0,22.0,0.0,0.8,0.9,12.9,12.9,12.9,12.9,1.0,0.0,22.0,0.0,0.8,0.9,6.64,6.64,6.64,6.64,1.0,0.0,22.0,0.0,0.8,0.9,72.1,72.1,72.1,72.1,1.0,0.0,22.0,0.0,0.9,3.1,3.1,3.1,3.1,1.0,0.0,22.0,0.0,0.8,0.9,0.54,0.54,0.54,0.54,1.0,0.0,22.0,0.0,0.8,0.9,3.05,3.05,3.05,3.05,1.0,0.0,22.0,0.0,0.8,0.9,1013.3,1013.3,1013.3,1013.3,1.0,0.0,22.0,0.0,0.8,0.9,1.0,1.0,1.0,1.0,1.0,0.0,22.0,0.0,0.8,0.9,1.7,1.7,1.7,1.7,1.0,0.0,22.0,0.0,0.8,0.9,9.5,9.5,9.5,9.5,1.0,0.0,22.0,0.0,0.8,0.9,1.9,1.9,1.9,1.9,1.0,0.0,22.0,0.0,0.8,0.9,5.9,5.9,5.9,5.9,1.0,0.0,22.0,0.0,0.8,0.9,3.8,3.8,3.8,3.8,1.0,0.0,22.0,0.0,0.8,0.9,11.8,11.8,11.8,11.8,1.0,0.0,22.0,0.0,0.8,0.9,6.9,6.9,6.9,6.9,1.0,0.0,22.0,0.0,0.8,0.9,39.4,39.4,39.4,39.4,1.0,0.0,22.0,0.0,0.8,0.9,3.6,3.6,3.6,3.6,1.0,0.0,22.0,0.0,0.8,0.9,20.3,20.3,20.3,20.3,1.0,0.0,22.0,0.0,0.8,0.9,2.0,2.0,2.0,2.0,1.0,0.0,22.0,0.0,0.8,0.9,11.6,11.6,11.6,11.6,1.0,0.0,22.0,0.0,0.8,0.9,30.0,30.0,30.0,30.0,1.0,0.0,22.0,0.0,0.8,0.9,30.0,30.0,30.0,30.0,1.0,0.0,22.0,0.0,0.8,0.9
1974,2,149.0,-43.0,,,,,,,,,,,,,,,,,,,,,,,,,,,,,,,,,,,,,,,,10.8,10.8,10.8,10.8,1.0,0.0,16.0,0.0,0.3,0.4,-6.94,-6.94,-6.94,-6.94,1.0,0.0,16.0,0.0,0.3,0.4,-8.27,-8.27,-8.27,-8.27,1.0,0.0,16.0,0.0,0.3,0.4,1020.8,1020.8,1020.8,1020.8,1.0,0.0,16.0,0.0,0.3,0.4,,,,,,,,,,,,,,,,,,,,,,,,,,,,,,,,,,,,,,,,,,,,,,,,,,,,,,,,,,,,,,,,,,,,,,,-131.2,-131.2,-131.2,-131.2,1.0,0.0,16.0,0.0,0.3,0.4,-156.4,-156.4,-156.4,-156.4,1.0,0.0,16.0,0.0,0.3,0.4,-77.2,-77.2,-77.2,-77.2,1.0,0.0,16.0,0.0,0.3,0.4,-92.0,-92.0,-92.0,-92.0,1.0,0.0,16.0,0.0,0.3,0.4,,,,,,,,,,,,,,,,,,,,,,,,,,,,,,,,,,,,,,,,
1974,2,149.0,-42.0,18.25,18.8,19.35,18.8,2.0,1.13,6.0,0.5,0.7,0.8,16.57,17.15,17.73,17.15,2.0,1.2,6.0,0.5,0.7,0.8,8.36,8.44,8.52,8.44,2.0,0.18,6.0,0.5,0.7,0.8,68.6,70.1,71.6,70.1,2.0,3.0,6.0,0.5,0.8,2.6,2.6,2.6,2.6,2.0,0.0,6.0,0.5,0.7,0.8,-2.59,-2.58,-2.57,-2.58,2.0,0.03,6.0,0.5,0.7,0.8,0.07,0.23,0.38,0.23,2.0,0.32,6.0,0.5,0.7,0.8,1013.28,1019.25,1025.22,1019.25,2.0,12.37,6.0,0.5,0.7,0.8,7.2,7.5,7.8,7.5,2.0,0.7,6.0,0.5,0.7,0.8,-6.7,-6.7,-6.7,-6.7,2.0,0.1,6.0,0.5,0.7,0.8,0.2,0.6,1.0,0.6,2.0,0.8,6.0,0.5,0.7,0.8,0.52,1.65,2.78,1.65,2.0,2.33,6.0,0.5,0.7,0.8,1.4,4.3,7.2,4.3,2.0,6.1,6.0,0.5,0.7,0.8,4.36,4.99,5.61,4.99,2.0,1.3,6.0,0.5,0.7,0.8,11.3,13.0,14.6,13.0,2.0,3.4,6.0,0.5,0.7,0.8,-45.5,-44.2,-43.0,-44.2,2.0,2.6,6.0,0.5,0.7,0.8,1.3,4.1,6.8,4.1,2.0,5.7,6.0,0.5,0.7,0.8,-21.9,-21.8,-21.7,-21.8,2.0,0.2,6.0,0.5,0.7,0.8,0.6,1.9,3.3,1.9,2.0,2.7,6.0,0.5,0.7,0.8,-14.6,-12.9,-11.2,-12.9,2.0,3.5,6.0,0.5,0.7,0.8,0.3,0.9,1.5,0.9,2.0,1.3,6.0,0.5,0.7,0.8,17.5,17.5,17.5,17.5,2.0,0.0,6.0,0.5,0.7,0.8,20.0,20.0,20.0,20.0,2.0,0.0,6.0,0.5,0.7,0.8
1974,2,149.0,-41.0,20.0,20.0,20.0,20.0,1.0,0.0,14.0,0.0,0.1,0.6,17.7,17.7,17.7,17.7,1.0,0.0,14.0,0.0,0.1,0.6,7.56,7.56,7.56,7.56,1.0,0.0,14.0,0.0,0.1,0.6,60.6,60.6,60.6,60.6,1.0,0.0,14.0,0.0,0.6,5.1,5.1,5.1,5.1,1.0,0.0,14.0,0.0,0.1,0.6,-1.74,-1.74,-1.74,-1.74,1.0,0.0,14.0,0.0,0.1,0.6,4.79,4.79,4.79,4.79,1.0,0.0,14.0,0.0,0.1,0.6,1019.3,1019.3,1019.3,1019.3,1.0,0.0,14.0,0.0,0.1,0.6,3.0,3.0,3.0,3.0,1.0,0.0,14.0,0.0,0.1,0.6,-8.9,-8.9,-8.9,-8.9,1.0,0.0,14.0,0.0,0.1,0.6,24.4,24.4,24.4,24.4,1.0,0.0,14.0,0.0,0.1,0.6,2.3,2.3,2.3,2.3,1.0,0.0,14.0,0.0,0.1,0.6,11.7,11.7,11.7,11.7,1.0,0.0,14.0,0.0,0.1,0.6,6.9,6.9,6.9,6.9,1.0,0.0,14.0,0.0,0.1,0.6,35.2,35.2,35.2,35.2,1.0,0.0,14.0,0.0,0.1,0.6,-30.9,-30.9,-30.9,-30.9,1.0,0.0,14.0,0.0,0.1,0.6,84.8,84.8,84.8,84.8,1.0,0.0,14.0,0.0,0.1,0.6,-13.2,-13.2,-13.2,-13.2,1.0,0.0,14.0,0.0,0.1,0.6,36.2,36.2,36.2,36.2,1.0,0.0,14.0,0.0,0.1,0.6,-12.0,-12.0,-12.0,-12.0,1.0,0.0,14.0,0.0,0.1,0.6,33.0,33.0,33.0,33.0,1.0,0.0,14.0,0.0,0.1,0.6,132.5,132.5,132.5,132.5,1.0,0.0,14.0,0.0,0.1,0.6,135.0,135.0,135.0,135.0,1.0,0.0,14.0,0.0,0.1,0.6
1974,2,149.0,-40.0,20.01,20.5,21.43,20.68,5.0,0.93,10.0,0.4,0.6,0.6,17.82,19.0,19.73,18.9,5.0,1.34,10.0,0.4,0.6,0.6,8.07,9.85,11.64,10.1,5.0,2.65,10.0,0.4,0.6,0.6,63.5,72.7,83.5,73.9,5.0,13.1,10.0,0.4,0.6,2.83,4.1,6.32,4.62,5.0,2.87,10.0,0.4,0.6,0.6,-1.71,0.0,1.45,-0.03,5.0,2.64,10.0,0.4,0.6,0.6,0.37,2.3,6.0,3.15,5.0,3.94,10.0,0.4,0.6,0.6,1011.14,1019.0,1020.88,1016.52,5.0,6.03,10.0,0.4,0.6,0.6,3.0,5.0,7.4,5.2,5.0,2.3,10.0,0.4,0.6,0.6,-5.2,0.0,6.7,1.0,5.0,11.0,10.0,0.4,0.6,0.6,-0.4,10.6,42.3,22.3,5.0,36.8,10.0,0.4,0.6,0.6,0.7,1.5,3.22,1.78,5.0,1.67,10.0,0.4,0.6,0.6,0.5,6.9,19.6,9.9,5.0,11.9,10.0,0.4,0.6,0.6,2.74,5.12,7.71,5.04,5.0,3.14,10.0,0.4,0.6,0.6,4.3,23.5,47.3,27.6,5.0,30.0,10.0,0.4,0.6,0.6,-34.5,0.0,27.6,-1.8,5.0,52.3,10.0,0.4,0.6,0.6,5.4,43.7,110.1,57.9,5.0,75.4,10.0,0.4,0.6,0.6,-22.7,0.0,14.5,-3.4,5.0,31.6,10.0,0.4,0.6,0.6,1.6,22.9,48.4,25.2,5.0,33.7,10.0,0.4,0.6,0.6,-1.7,0.0,7.4,3.3,5.0,9.7,10.0,0.4,0.6,0.6,3.3,11.8,47.3,24.8,5.0,31.3,10.0,0.4,0.6,0.6,31.0,69.0,355.5,204.0,5.0,337.5,10.0,0.4,0.6,0.6,30.0,70.0,355.0,205.0,5.0,335.0,10.0,0.4,0.6,0.6
1974,2,149.0,-39.0,19.78,21.2,22.03,21.01,7.0,1.19,18.0,0.6,0.3,0.8,18.84,20.9,22.04,20.37,7.0,1.9,18.0,0.6,0.3,0.8,9.82,11.27,13.66,11.53,7.0,2.04,18.0,0.6,0.3,0.8,71.2,74.4,83.7,77.4,7.0,10.4,18.0,0.6,0.8,4.6,7.7,9.44,7.4,7.0,2.87,18.0,0.6,0.3,0.8,-6.36,-3.91,4.18,-1.93,7.0,5.9,18.0,0.6,0.3,0.8,-5.16,-3.28,4.68,-1.39,7.0,5.54,18.0,0.6,0.3,0.8,1007.88,1016.3,1019.3,1014.93,7.0,5.28,18.0,0.6,0.3,0.8,1.0,2.0,7.0,3.9,7.0,3.3,18.0,0.6,0.3,0.8,-53.7,-19.9,21.0,-18.3,7.0,55.1,18.0,0.6,0.3,0.8,-41.8,-16.7,43.2,-13.4,7.0,55.0,18.0,0.6,0.3,0.8,-1.63,1.7,1.76,0.64,7.0,1.92,18.0,0.6,0.3,0.8,-13.8,7.8,16.2,2.2,7.0,17.2,18.0,0.6,0.3,0.8,2.36,4.62,5.32,3.96,7.0,1.91,18.0,0.6,0.3,0.8,11.1,27.1,40.8,26.6,7.0,13.2,18.0,0.6,0.3,0.8,-144.7,-83.6,78.5,-47.0,7.0,116.7,18.0,0.6,0.3,0.8,-99.5,-70.2,83.7,-30.9,7.0,116.4,18.0,0.6,0.3,0.8,-78.4,-38.5,41.1,-28.4,7.0,65.1,18.0,0.6,0.3,0.8,-66.2,-32.3,44.1,-21.3,7.0,68.2,18.0,0.6,0.3,0.8,-24.2,-5.5,21.8,-3.9,7.0,25.0,18.0,0.6,0.3,0.8,-20.3,-6.6,17.6,-1.8,7.0,18.8,18.0,0.6,0.3,0.8,97.5,456.5,855.0,571.5,7.0,629.0,18.0,0.6,0.3,0.8,95.0,455.0,855.0,570.0,7.0,630.0,18.0,0.6,0.3,0.8
1974,2,149.0,-38.0,17.4,18.25,19.1,18.25,2.0,1.77,24.0,0.5,0.6,0.1,18.04,19.0,19.0,18.53,3.0,0.81,24.0,0.3,0.6,0.2,8.87,10.52,10.8,9.85,3.0,1.52,24.0,0.3,0.6,0.2,69.2,77.6,79.7,74.5,3.0,8.2,24.0,0.3,0.2,6.08,8.2,10.32,8.2,2.0,4.38,24.0,0.5,0.6,0.1,5.91,7.82,9.73,7.82,2.0,3.96,24.0,0.5,0.6,0.1,1.36,2.38,3.39,2.38,2.0,2.11,24.0,0.5,0.6,0.1,1016.55,1018.8,1018.94,1017.77,3.0,1.97,24.0,0.3,0.6,0.2,8.0,8.0,8.0,8.0,2.0,0.0,24.0,0.5,0.6,0.1,40.6,72.8,105.0,72.8,2.0,66.7,24.0,0.5,0.6,0.1,10.7,24.1,37.5,24.1,2.0,27.7,24.0,0.5,0.6,0.1,-0.43,-0.05,0.33,-0.05,2.0,0.78,24.0,0.5,0.6,0.1,-5.3,-2.1,1.1,-2.1,2.0,6.6,24.0,0.5,0.6,0.1,3.56,3.69,3.83,3.69,2.0,0.28,24.0,0.5,0.6,0.1,22.0,30.9,39.8,30.9,2.0,18.5,24.0,0.5,0.6,0.1,109.9,141.2,172.4,141.2,2.0,64.7,24.0,0.5,0.6,0.1,25.0,42.4,59.9,42.4,2.0,36.2,24.0,0.5,0.6,0.1,58.1,69.5,80.8,69.5,2.0,23.6,24.0,0.5,0.6,0.1,12.8,20.3,27.9,20.3,2.0,15.6,24.0,0.5,0.6,0.1,21.3,29.4,37.5,29.4,2.0,16.8,24.0,0.5,0.6,0.1,5.0,9.1,13.1,9.1,2.0,8.4,24.0,0.5,0.6,0.1,340.5,788.0,1235.0,788.0,2.0,926.5,24.0,0.5,0.6,0.1,340.0,790.0,1235.0,790.0,2.0,925.0,24.0,0.5,0.6,0.1
1974,2,149.0,-22.0,26.83,27.5,28.38,27.6,4.0,1.02,16.0,0.8,0.7,0.8,27.44,27.8,29.73,28.5,5.0,1.57,14.0,0.6,0.7,0.9,17.92,18.43,19.16,18.53,5.0,0.81,14.0,0.6,0.7,0.9,72.0,78.6,80.9,76.3,5.0,8.1,14.0,0.6,0.9,4.0,5.1,5.68,4.82,5.0,1.67,14.0,0.6,0.7,0.9,-5.06,-4.42,-2.8,-3.96,5.0,1.33,14.0,0.6,0.7,0.9,0.82,2.55,4.05,2.47,5.0,1.66,14.0,0.6,0.7,0.9,1005.95,1009.8,1010.5,1008.12,5.0,4.04,14.0,0.6,0.7,0.9,2.0,2.0,4.0,2.8,5.0,1.1,14.0,0.6,0.7,0.9,-28.8,-22.5,-12.1,-20.7,5.0,11.2,14.0,0.6,0.7,0.9,3.4,13.0,23.2,13.6,5.0,11.2,14.0,0.6,0.7,0.9,-2.31,-1.3,-0.24,-1.27,4.0,1.21,16.0,0.8,0.7,0.8,-11.8,-6.6,-1.2,-6.5,4.0,6.2,16.0,0.8,0.7,0.8,3.04,4.77,6.46,4.75,4.0,2.28,16.0,0.8,0.7,0.8,10.7,16.3,30.1,20.2,4.0,12.9,16.0,0.8,0.7,0.8,-141.2,-122.3,-84.5,-112.6,5.0,36.5,14.0,0.6,0.7,0.9,23.6,70.6,118.0,70.7,5.0,48.0,14.0,0.6,0.7,0.9,-97.5,-81.4,-49.6,-74.1,5.0,27.1,14.0,0.6,0.7,0.9,15.8,47.0,73.2,45.4,5.0,30.2,14.0,0.6,0.7,0.9,-21.6,-14.5,-10.3,-15.9,4.0,6.9,16.0,0.8,0.7,0.8,2.8,7.3,20.4,11.4,4.0,12.5,16.0,0.8,0.7,0.8,87.5,132.5,194.0,141.5,5.0,104.0,14.0,0.6,0.7,0.9,90.0,135.0,195.0,140.0,5.0,105.0,14.0,0.6,0.7,0.9
1974,2,149.0,-21.0,26.8,27.0,29.73,28.23,3.0,2.4,18.0,1.0,0.4,0.2,27.75,28.5,29.25,28.5,2.0,1.56,18.0,1.0,0.4,0.3,16.68,17.12,17.56,17.12,2.0,0.9,18.0,1.0,0.4,0.3,65.6,70.6,75.6,70.6,2.0,10.3,18.0,1.0,0.3,7.87,9.3,9.98,8.93,3.0,1.58,18.0,1.0,0.4,0.2,-8.65,-8.05,-6.32,-7.5,3.0,1.77,18.0,1.0,0.4,0.2,4.64,4.65,4.99,4.81,3.0,0.3,18.0,1.0,0.4,0.2,1007.62,1011.1,1011.44,1009.57,3.0,3.1,18.0,1.0,0.4,0.2,5.0,7.0,7.7,6.3,3.0,2.1,18.0,1.0,0.4,0.2,-86.5,-74.9,-50.9,-68.8,3.0,26.6,18.0,1.0,0.4,0.2,36.5,43.2,49.9,43.2,3.0,9.9,18.0,1.0,0.4,0.2,-2.5,-1.65,-0.8,-1.65,2.0,1.77,18.0,1.0,0.4,0.3,-23.3,-15.5,-7.7,-15.5,2.0,16.2,18.0,1.0,0.4,0.3,4.74,5.08,5.42,5.08,2.0,0.7,18.0,1.0,0.4,0.3,47.9,49.5,51.1,49.5,2.0,3.3,18.0,1.0,0.4,0.3,-243.5,-241.4,-239.4,-241.4,2.0,4.2,18.0,1.0,0.4,0.3,138.2,139.4,140.6,139.4,2.0,2.5,18.0,1.0,0.4,0.3,-154.3,-145.6,-136.8,-145.6,2.0,18.2,18.0,1.0,0.4,0.3,79.0,84.0,89.1,84.0,2.0,10.5,18.0,1.0,0.4,0.3,-44.3,-42.9,-41.5,-42.9,2.0,2.9,18.0,1.0,0.4,0.3,24.0,24.8,25.6,24.8,2.0,1.7,18.0,1.0,0.4,0.3,510.0,804.5,1001.0,757.0,3.0,362.0,18.0,1.0,0.4,0.2,510.0,805.0,1000.0,755.0,3.0,360.0,18.0,1.0,0.4,0.2
1974,2,149.0,-15.0,29.5,29.5,29.5,29.5,1.0,0.0,28.0,1.0,0.6,1.0,27.9,27.9,27.9,27.9,1.0,0.0,28.0,1.0,0.6,1.0,21.56,21.56,21.56,21.56,1.0,0.0,28.0,1.0,0.6,1.0,91.0,91.0,91.0,91.0,1.0,0.0,28.0,1.0,1.0,7.7,7.7,7.7,7.7,1.0,0.0,28.0,1.0,0.6,1.0,2.63,2.63,2.63,2.63,1.0,0.0,28.0,1.0,0.6,1.0,-7.24,-7.24,-7.24,-7.24,1.0,0.0,28.0,1.0,0.6,1.0,1004.8,1004.8,1004.8,1004.8,1.0,0.0,28.0,1.0,0.6,1.0,6.0,6.0,6.0,6.0,1.0,0.0,28.0,1.0,0.6,1.0,20.3,20.3,20.3,20.3,1.0,0.0,28.0,1.0,0.6,1.0,-55.7,-55.7,-55.7,-55.7,1.0,0.0,28.0,1.0,0.6,1.0,1.6,1.6,1.6,1.6,1.0,0.0,28.0,1.0,0.6,1.0,12.3,12.3,12.3,12.3,1.0,0.0,28.0,1.0,0.6,1.0,4.5,4.5,4.5,4.5,1.0,0.0,28.0,1.0,0.6,1.0,34.7,34.7,34.7,34.7,1.0,0.0,28.0,1.0,0.6,1.0,73.5,73.5,73.5,73.5,1.0,0.0,28.0,1.0,0.6,1.0,-201.9,-201.9,-201.9,-201.9,1.0,0.0,28.0,1.0,0.6,1.0,56.8,56.8,56.8,56.8,1.0,0.0,28.0,1.0,0.6,1.0,-156.0,-156.0,-156.0,-156.0,1.0,0.0,28.0,1.0,0.6,1.0,11.9,11.9,11.9,11.9,1.0,0.0,28.0,1.0,0.6,1.0,-32.6,-32.6,-32.6,-32.6,1.0,0.0,28.0,1.0,0.6,1.0,456.5,456.5,456.5,456.5,1.0,0.0,28.0,1.0,0.6,1.0,455.0,455.0,455.0,455.0,1.0,0.0,28.0,1.0,0.6,1.0
1974,2,149.0,-14.0,27.83,28.55,29.27,28.55,2.0,1.48,12.0,1.0,0.8,0.5,29.81,30.05,30.29,30.05,2.0,0.49,12.0,1.0,0.8,0.5,19.95,19.96,19.96,19.96,2.0,0.01,12.0,1.0,0.8,0.5,73.8,74.6,75.5,74.6,2.0,1.8,12.0,1.0,0.5,4.93,5.65,6.37,5.65,2.0,1.48,12.0,1.0,0.8,0.5,-2.76,1.03,4.83,1.03,2.0,7.87,12.0,1.0,0.8,0.5,-0.85,-0.18,0.49,-0.18,2.0,1.39,12.0,1.0,0.8,0.5,1005.06,1006.9,1008.74,1006.9,2.0,3.82,12.0,1.0,0.8,0.5,2.8,4.5,6.2,4.5,2.0,3.5,12.0,1.0,0.8,0.5,-10.5,11.7,33.9,11.7,2.0,46.0,12.0,1.0,0.8,0.5,-6.0,-2.1,1.9,-2.1,2.0,8.1,12.0,1.0,0.8,0.5,-1.98,-1.5,-1.02,-1.5,2.0,0.99,12.0,1.0,0.8,0.5,-13.0,-9.2,-5.4,-9.2,2.0,7.8,12.0,1.0,0.8,0.5,3.69,4.68,5.67,4.68,2.0,2.05,12.0,1.0,0.8,0.5,22.7,24.9,27.1,24.9,2.0,4.7,12.0,1.0,0.8,0.5,-84.8,29.1,143.0,29.1,2.0,235.9,12.0,1.0,0.8,0.5,-25.2,-5.1,14.9,-5.1,2.0,41.6,12.0,1.0,0.8,0.5,-55.2,20.6,96.4,20.6,2.0,157.0,12.0,1.0,0.8,0.5,-17.0,-3.6,9.7,-3.6,2.0,27.7,12.0,1.0,0.8,0.5,-20.0,-3.2,13.5,-3.2,2.0,34.7,12.0,1.0,0.8,0.5,-2.4,0.6,3.5,0.6,2.0,6.1,12.0,1.0,0.8,0.5,129.5,199.0,268.5,199.0,2.0,144.0,12.0,1.0,0.8,0.5,130.0,200.0,270.0,200.0,2.0,145.0,12.0,1.0,0.8,0.5
1974,2,149.0,-13.0,27.56,28.55,29.54,28.55,2.0,2.05,24.0,0.5,0.5,0.2,27.48,28.5,29.52,28.5,2.0,2.12,24.0,0.5,0.5,0.2,19.3,19.75,20.21,19.75,2.0,0.94,24.0,0.5,0.5,0.2,77.8,80.8,83.8,80.8,2.0,6.2,24.0,0.5,0.2,3.41,5.15,6.89,5.15,2.0,3.61,24.0,0.5,0.5,0.2,-1.12,1.73,4.57,1.73,2.0,5.9,24.0,0.5,0.5,0.2,-4.31,-2.92,-1.53,-2.92,2.0,2.87,24.0,0.5,0.5,0.2,1005.24,1005.55,1005.86,1005.55,2.0,0.64,24.0,0.5,0.5,0.2,7.0,7.0,7.0,7.0,2.0,0.0,24.0,0.5,0.5,0.2,1.9,19.5,37.2,19.5,2.0,36.6,24.0,0.5,0.5,0.2,-32.4,-20.2,-8.0,-20.2,2.0,25.3,24.0,0.5,0.5,0.2,0.02,0.05,0.08,0.05,2.0,0.07,24.0,0.5,0.5,0.2,0.1,0.4,0.6,0.4,2.0,0.5,24.0,0.5,0.5,0.2,3.96,4.96,5.95,4.96,2.0,2.06,24.0,0.5,0.5,0.2,18.3,21.8,25.3,21.8,2.0,7.3,24.0,0.5,0.5,0.2,-36.4,43.0,122.4,43.0,2.0,164.4,24.0,0.5,0.5,0.2,-116.7,-80.2,-43.7,-80.2,2.0,75.6,24.0,0.5,0.5,0.2,-24.1,31.4,86.8,31.4,2.0,114.9,24.0,0.5,0.5,0.2,-82.4,-56.3,-30.3,-56.3,2.0,54.0,24.0,0.5,0.5,0.2,-9.9,2.5,14.9,2.5,2.0,25.7,24.0,0.5,0.5,0.2,-15.5,-11.5,-7.5,-11.5,2.0,8.2,24.0,0.5,0.5,0.2,87.0,237.0,387.0,237.0,2.0,310.5,24.0,0.5,0.5,0.2,85.0,235.0,385.0,235.0,2.0,310.0,24.0,0.5,0.5,0.2
1974,2,149.0,-12.0,28.4,28.4,28.4,28.4,1.0,0.0,4.0,1.0,0.3,0.8,28.0,28.0,28.0,28.0,1.0,0.0,4.0,1.0,0.3,0.8,19.12,19.12,19.12,19.12,1.0,0.0,4.0,1.0,0.3,0.8,80.3,80.3,80.3,80.3,1.0,0.0,4.0,1.0,0.8,13.4,13.4,13.4,13.4,1.0,0.0,4.0,1.0,0.3,0.8,13.2,13.2,13.2,13.2,1.0,0.0,4.0,1.0,0.3,0.8,-2.33,-2.33,-2.33,-2.33,1.0,0.0,4.0,1.0,0.3,0.8,1004.2,1004.2,1004.2,1004.2,1.0,0.0,4.0,1.0,0.3,0.8,7.0,7.0,7.0,7.0,1.0,0.0,4.0,1.0,0.3,0.8,176.8,176.8,176.8,176.8,1.0,0.0,4.0,1.0,0.3,0.8,-31.2,-31.2,-31.2,-31.2,1.0,0.0,4.0,1.0,0.3,0.8,0.4,0.4,0.4,0.4,1.0,0.0,4.0,1.0,0.3,0.8,5.4,5.4,5.4,5.4,1.0,0.0,4.0,1.0,0.3,0.8,5.32,5.32,5.32,5.32,1.0,0.0,4.0,1.0,0.3,0.8,71.3,71.3,71.3,71.3,1.0,0.0,4.0,1.0,0.3,0.8,369.5,369.5,369.5,369.5,1.0,0.0,4.0,1.0,0.3,0.8,-65.2,-65.2,-65.2,-65.2,1.0,0.0,4.0,1.0,0.3,0.8,252.3,252.3,252.3,252.3,1.0,0.0,4.0,1.0,0.3,0.8,-44.5,-44.5,-44.5,-44.5,1.0,0.0,4.0,1.0,0.3,0.8,70.2,70.2,70.2,70.2,1.0,0.0,4.0,1.0,0.3,0.8,-12.4,-12.4,-12.4,-12.4,1.0,0.0,4.0,1.0,0.3,0.8,2406.0,2406.0,2406.0,2406.0,1.0,0.0,4.0,1.0,0.3,0.8,2405.0,2405.0,2405.0,2405.0,1.0,0.0,4.0,1.0,0.3,0.8
1974,2,149.0,-11.0,28.05,28.6,28.74,28.4,3.0,0.53,18.0,0.7,0.4,0.2,26.54,27.7,27.9,27.23,3.0,1.08,18.0,0.7,0.4,0.2,18.4,18.74,18.75,18.58,3.0,0.29,18.0,0.7,0.4,0.2,79.3,80.3,84.3,81.8,3.0,3.8,18.0,0.7,0.2,6.83,8.2,11.0,8.9,3.0,3.11,18.0,0.7,0.4,0.2,5.3,5.37,9.97,7.58,3.0,3.92,18.0,0.7,0.4,0.2,-3.61,2.14,2.79,-0.35,3.0,5.16,18.0,0.7,0.4,0.2,1003.82,1005.8,1005.94,1004.9,3.0,1.73,18.0,0.7,0.4,0.2,4.3,7.0,7.7,6.0,3.0,2.6,18.0,0.7,0.4,0.2,36.4,43.2,115.4,75.2,3.0,64.1,18.0,0.7,0.4,0.2,-29.1,19.2,24.0,-2.0,3.0,43.0,18.0,0.7,0.4,0.2,0.83,0.9,1.51,1.17,3.0,0.55,18.0,0.7,0.4,0.2,5.7,7.4,17.5,11.5,3.0,9.3,18.0,0.7,0.4,0.2,5.56,5.95,6.15,5.86,3.0,0.44,18.0,0.7,0.4,0.2,41.9,48.8,60.7,51.2,3.0,13.9,18.0,0.7,0.4,0.2,147.4,150.3,262.7,203.8,3.0,96.3,18.0,0.7,0.4,0.2,-101.1,55.5,76.9,-10.6,3.0,142.4,18.0,0.7,0.4,0.2,99.4,100.7,182.7,140.1,3.0,70.0,18.0,0.7,0.4,0.2,-68.0,39.0,52.0,-6.9,3.0,96.5,18.0,0.7,0.4,0.2,32.0,33.5,55.2,43.4,3.0,19.0,18.0,0.7,0.4,0.2,-21.9,11.5,16.9,-2.2,3.0,30.7,18.0,0.7,0.4,0.2,337.5,551.5,1445.0,883.5,3.0,861.0,18.0,0.7,0.4,0.2,340.0,550.0,1445.0,885.0,3.0,860.0,18.0,0.7,0.4,0.2
1974,2,149.0,-10.0,,,,,,,,,,,,,,,,,,,,,,,,,,,,,,,,,,,,,,,,0.0,0.0,0.0,0.0,1.0,0.0,22.0,1.0,0.9,1.0,0.0,0.0,0.0,0.0,1.0,0.0,22.0,1.0,0.9,1.0,0.0,0.0,0.0,0.0,1.0,0.0,22.0,1.0,0.9,1.0,1006.3,1006.3,1006.3,1006.3,1.0,0.0,22.0,1.0,0.9,1.0,,,,,,,,,,,,,,,,,,,,,,,,,,,,,,,,,,,,,,,,,,,,,,,,,,,,,,,,,,,,,,,,,,,,,,,,,,,,,,,,,,,,,,,,,,,,,,,,,,,,,,,,,,,,,,,,,,,,,,,,,,,,,,,,,,,,,,,,,,,,,,,,,,,,,,
1974,2,149.0,-8.0,28.09,28.6,29.48,28.78,4.0,0.91,10.0,1.0,0.4,0.6,25.53,27.45,28.21,26.9,4.0,1.9,10.0,1.0,0.4,0.6,17.94,18.59,19.4,18.67,4.0,0.99,10.0,1.0,0.4,0.6,77.2,84.1,91.0,84.1,4.0,8.2,10.0,1.0,0.6,3.58,4.35,4.6,4.1,4.0,0.71,10.0,1.0,0.4,0.6,-0.48,1.75,3.25,1.4,4.0,2.28,10.0,1.0,0.4,0.6,-0.1,3.29,3.7,1.87,4.0,3.23,10.0,1.0,0.4,0.6,1003.4,1007.25,1009.58,1006.53,4.0,3.88,10.0,1.0,0.4,0.6,4.0,6.0,7.5,5.8,4.0,2.2,10.0,1.0,0.4,0.6,-2.2,7.6,15.0,6.4,4.0,10.3,10.0,1.0,0.4,0.6,-2.6,12.6,16.0,7.0,4.0,14.1,10.0,1.0,0.4,0.6,0.95,1.25,2.86,1.88,4.0,1.51,10.0,1.0,0.4,0.6,4.1,4.4,12.1,7.9,4.0,7.3,10.0,1.0,0.4,0.6,5.03,6.51,7.53,6.29,4.0,1.9,10.0,1.0,0.4,0.6,21.5,26.1,28.4,25.0,4.0,5.5,10.0,1.0,0.4,0.6,-13.2,43.4,83.9,35.7,4.0,60.1,10.0,1.0,0.4,0.6,-1.2,86.1,97.7,50.0,4.0,87.1,10.0,1.0,0.4,0.6,-9.1,30.9,61.5,26.4,4.0,43.3,10.0,1.0,0.4,0.6,-4.2,58.9,67.5,32.9,4.0,61.6,10.0,1.0,0.4,0.6,-2.6,8.9,16.6,7.1,4.0,12.4,10.0,1.0,0.4,0.6,5.2,24.0,25.2,15.6,4.0,17.9,10.0,1.0,0.4,0.6,48.5,83.0,97.5,73.5,4.0,32.0,10.0,1.0,0.4,0.6,50.0,85.0,95.0,75.0,4.0,30.0,10.0,1.0,0.4,0.6
1974,2,149.0,-5.0,,,,,,,,,,,,,,,,,,,,,,,,,,,,,,,,,,,,,,,,1.0,1.0,1.0,1.0,1.0,0.0,22.0,0.0,0.9,0.5,-0.17,-0.17,-0.17,-0.17,1.0,0.0,22.0,0.0,0.9,0.5,0.98,0.98,0.98,0.98,1.0,0.0,22.0,0.0,0.9,0.5,1008.7,1008.7,1008.7,1008.7,1.0,0.0,22.0,0.0,0.9,0.5,,,,,,,,,,,,,,,,,,,,,,,,,,,,,,,,,,,,,,,,,,,,,,,,,,,,,,,,,,,,,,,,,,,,,,,,,,,,,,,,,,,,,,,,,,,,,,,,,,,,,,,,,,,,,,,,,,,,,,,,,,,,,,,,,,,,,,,,,,,,,,,,,,,,,,
1974,2,149.0,-3.0,29.0,29.0,29.0,29.0,1.0,0.0,16.0,1.0,0.7,0.8,27.0,27.0,27.0,27.0,1.0,0.0,16.0,1.0,0.7,0.8,18.74,18.74,18.74,18.74,1.0,0.0,16.0,1.0,0.7,0.8,83.7,83.7,83.7,83.7,1.0,0.0,16.0,1.0,0.8,1.0,1.0,1.0,1.0,1.0,0.0,16.0,1.0,0.7,0.8,1.0,1.0,1.0,1.0,1.0,0.0,16.0,1.0,0.7,0.8,0.0,0.0,0.0,0.0,1.0,0.0,16.0,1.0,0.7,0.8,1006.2,1006.2,1006.2,1006.2,1.0,0.0,16.0,1.0,0.7,0.8,7.0,7.0,7.0,7.0,1.0,0.0,16.0,1.0,0.7,0.8,1.0,1.0,1.0,1.0,1.0,0.0,16.0,1.0,0.7,0.8,0.0,0.0,0.0,0.0,1.0,0.0,16.0,1.0,0.7,0.8,2.0,2.0,2.0,2.0,1.0,0.0,16.0,1.0,0.7,0.8,2.0,2.0,2.0,2.0,1.0,0.0,16.0,1.0,0.7,0.8,6.54,6.54,6.54,6.54,1.0,0.0,16.0,1.0,0.7,0.8,6.5,6.5,6.5,6.5,1.0,0.0,16.0,1.0,0.7,0.8,27.0,27.0,27.0,27.0,1.0,0.0,16.0,1.0,0.7,0.8,0.0,0.0,0.0,0.0,1.0,0.0,16.0,1.0,0.7,0.8,18.7,18.7,18.7,18.7,1.0,0.0,16.0,1.0,0.7,0.8,0.0,0.0,0.0,0.0,1.0,0.0,16.0,1.0,0.7,0.8,6.5,6.5,6.5,6.5,1.0,0.0,16.0,1.0,0.7,0.8,0.0,0.0,0.0,0.0,1.0,0.0,16.0,1.0,0.7,0.8,1.0,1.0,1.0,1.0,1.0,0.0,16.0,1.0,0.7,0.8,0.0,0.0,0.0,0.0,1.0,0.0,16.0,1.0,0.7,0.8
1974,2,149.0,-2.0,29.13,29.4,31.17,30.13,3.0,1.63,14.0,0.0,0.5,0.5,25.67,27.1,27.44,26.57,3.0,1.38,14.0,0.0,0.5,0.5,17.74,18.16,18.58,18.16,2.0,0.88,12.0,0.0,0.2,0.6,84.0,85.7,87.3,85.7,2.0,3.5,12.0,0.0,0.6,2.42,3.1,3.78,3.1,3.0,1.0,14.0,0.0,0.5,0.5,-3.72,-2.91,-1.17,-2.46,3.0,1.91,14.0,0.0,0.5,0.5,0.34,1.06,1.75,1.04,3.0,1.03,14.0,0.0,0.5,0.5,1004.32,1005.0,1007.53,1005.9,3.0,2.48,14.0,0.0,0.5,0.5,7.2,7.5,7.8,7.5,2.0,0.7,12.0,0.0,0.2,0.6,-14.3,-9.0,-3.4,-8.9,3.0,8.0,14.0,0.0,0.5,0.5,1.0,3.3,4.0,2.5,3.0,2.3,14.0,0.0,0.5,0.5,2.84,4.0,4.27,3.57,3.0,1.12,14.0,0.0,0.5,0.5,7.8,9.2,14.1,10.9,3.0,4.9,14.0,0.0,0.5,0.5,7.25,7.46,7.67,7.46,2.0,0.43,12.0,0.0,0.2,0.6,23.7,27.0,30.3,27.0,2.0,6.8,12.0,0.0,0.2,0.6,-95.0,-78.9,-31.9,-63.8,3.0,48.0,14.0,0.0,0.5,0.5,9.1,28.7,48.1,28.6,3.0,28.5,14.0,0.0,0.5,0.5,-69.2,-63.3,-57.4,-63.3,2.0,12.2,12.0,0.0,0.2,0.6,3.2,10.0,16.8,10.0,2.0,14.1,12.0,0.0,0.2,0.6,-30.1,-26.3,-22.6,-26.3,2.0,7.8,12.0,0.0,0.2,0.6,1.2,3.8,6.4,3.8,2.0,5.4,12.0,0.0,0.2,0.6,16.0,30.0,56.5,36.0,3.0,30.5,14.0,0.0,0.5,0.5,15.0,30.0,55.0,35.0,3.0,30.0,14.0,0.0,0.5,0.5
1974,2,149.0,-1.0,29.34,29.9,32.0,30.38,6.0,1.29,14.0,0.5,0.5,0.5,27.24,28.75,29.6,28.55,6.0,1.19,14.0,0.5,0.5,0.5,18.39,18.75,21.0,19.67,5.0,1.95,12.0,0.4,0.4,0.6,73.3,79.5,84.5,79.0,5.0,6.1,12.0,0.4,0.6,1.0,3.6,5.1,3.23,6.0,1.96,14.0,0.5,0.5,0.5,-5.1,-1.98,-0.6,-2.54,6.0,2.17,14.0,0.5,0.5,0.5,-0.53,0.0,1.34,0.29,6.0,1.95,14.0,0.5,0.5,0.5,1006.67,1007.0,1008.37,1007.32,6.0,1.12,14.0,0.5,0.5,0.5,3.0,7.0,8.0,5.8,5.0,2.6,12.0,0.4,0.5,0.6,-26.0,-7.4,-0.9,-11.4,6.0,12.3,14.0,0.5,0.5,0.5,-1.4,0.0,4.0,1.7,6.0,7.6,14.0,0.5,0.5,0.5,0.74,1.45,2.64,1.83,6.0,1.55,14.0,0.5,0.5,0.5,2.0,4.4,9.5,5.3,6.0,4.0,14.0,0.5,0.5,0.5,6.64,7.11,7.83,7.24,5.0,0.7,12.0,0.4,0.4,0.6,13.9,32.7,35.8,26.2,5.0,12.9,12.0,0.4,0.4,0.6,-139.4,-59.1,-16.6,-72.1,6.0,60.5,14.0,0.5,0.5,0.5,-15.3,0.0,38.4,8.8,6.0,57.7,14.0,0.5,0.5,0.5,-94.1,-67.9,-15.0,-56.8,5.0,41.0,12.0,0.4,0.4,0.6,-18.6,0.0,29.6,6.0,5.0,47.3,12.0,0.4,0.4,0.6,-35.8,-21.0,-6.3,-21.0,5.0,15.6,12.0,0.4,0.4,0.6,-6.1,0.0,9.1,1.6,5.0,15.0,12.0,0.4,0.4,0.6,1.0,57.5,132.5,63.5,6.0,64.0,14.0,0.5,0.5,0.5,0.0,55.0,135.0,65.0,6.0,65.0,14.0,0.5,0.5,0.5
1974,2,149.0,0.0,28.58,28.75,28.92,28.75,2.0,0.35,20.0,0.5,0.1,0.4,25.16,25.5,29.25,27.17,3.0,3.33,16.0,0.7,0.1,0.6,16.91,17.64,18.6,17.76,3.0,1.24,16.0,0.7,0.1,0.6,71.8,81.0,86.2,79.1,3.0,10.7,16.0,0.7,0.6,4.76,5.1,5.51,5.13,3.0,0.55,16.0,0.7,0.1,0.6,-4.4,-4.37,-4.34,-4.37,3.0,0.05,16.0,0.7,0.1,0.6,-0.26,2.55,3.31,1.55,3.0,2.76,16.0,0.7,0.1,0.6,1005.82,1006.5,1007.52,1006.67,3.0,1.26,16.0,0.7,0.1,0.6,2.0,2.0,6.1,4.0,3.0,3.5,16.0,0.7,0.1,0.6,-24.1,-22.5,-20.7,-22.4,3.0,2.5,16.0,0.7,0.1,0.6,-0.8,13.0,18.4,8.9,3.0,14.5,16.0,0.7,0.1,0.6,-1.55,0.5,2.55,0.5,2.0,4.24,20.0,0.5,0.1,0.4,-6.5,4.2,15.0,4.2,2.0,22.2,20.0,0.5,0.1,0.4,5.96,7.07,8.18,7.07,2.0,2.3,20.0,0.5,0.1,0.4,28.9,37.3,45.7,37.3,2.0,17.3,20.0,0.5,0.1,0.4,-126.8,-111.3,-110.7,-118.6,3.0,13.4,16.0,0.7,0.1,0.6,-13.1,63.8,84.0,36.1,3.0,75.0,16.0,0.7,0.1,0.6,-80.9,-77.9,-74.1,-77.5,3.0,5.0,16.0,0.7,0.1,0.6,-6.2,45.0,55.7,25.2,3.0,48.5,16.0,0.7,0.1,0.6,-35.7,-30.7,-25.8,-30.7,2.0,10.2,20.0,0.5,0.1,0.4,-2.2,11.6,25.4,11.6,2.0,28.6,20.0,0.5,0.1,0.4,108.5,132.5,168.5,138.5,3.0,44.0,16.0,0.7,0.1,0.6,110.0,135.0,170.0,140.0,3.0,45.0,16.0,0.7,0.1,0.6
1974,2,149.0,1.0,29.0,29.0,29.0,29.0,1.0,0.0,22.0,1.0,0.7,0.7,28.0,28.0,28.0,28.0,1.0,0.0,22.0,1.0,0.7,0.7,21.16,21.16,21.16,21.16,1.0,0.0,22.0,1.0,0.7,0.7,88.9,88.9,88.9,88.9,1.0,0.0,22.0,1.0,0.7,,,,,,,,,,,,,,,,,,,,,,,,,,,,,,,,,,,,,,,,,,,,,,,,,,,,,,,,,,,,,,,,,,,,,,,,,,,,,,,,,,,,,,,,,,,,,,,,,,,,,,,,,,,,,,,,,,,,,,,,,,,,,,,,,,,,,,,,,,,,,,,,,,,,,,,,,,,,,,,,,,,,,,,,,,,,,,,,,,,,,,,,,,,,,,
1974,2,149.0,2.0,28.5,29.25,30.0,29.41,14.0,1.06,16.0,0.7,0.5,0.6,27.4,29.0,30.14,28.72,13.0,1.86,14.0,0.7,0.5,0.6,18.45,19.69,19.99,19.3,13.0,0.87,14.0,0.7,0.5,0.6,70.5,78.4,83.9,78.3,13.0,8.9,14.0,0.7,0.6,3.1,4.1,8.64,5.29,14.0,2.86,16.0,0.7,0.5,0.6,-8.61,-3.73,-1.59,-4.26,14.0,3.81,16.0,0.7,0.5,0.6,-2.55,0.0,1.6,-0.07,14.0,2.05,16.0,0.7,0.5,0.6,1005.0,1006.95,1007.79,1006.66,14.0,1.76,16.0,0.7,0.5,0.6,3.1,6.0,7.9,5.6,14.0,1.9,16.0,0.7,0.5,0.6,-74.4,-16.3,-4.9,-31.9,14.0,36.2,16.0,0.7,0.5,0.6,-9.5,0.0,8.0,0.5,14.0,12.4,16.0,0.7,0.5,0.6,-1.05,0.0,2.08,0.64,13.0,2.04,14.0,0.7,0.5,0.6,-5.2,0.0,8.7,1.4,13.0,7.4,14.0,0.7,0.5,0.6,4.64,5.61,8.21,6.55,13.0,2.23,14.0,0.7,0.5,0.6,17.1,35.7,52.5,33.5,13.0,16.6,14.0,0.7,0.5,0.6,-246.1,-115.3,-63.3,-129.4,13.0,112.1,14.0,0.7,0.5,0.6,-73.8,0.0,42.2,-7.8,13.0,57.9,14.0,0.7,0.5,0.6,-163.6,-70.5,-36.9,-86.2,13.0,75.6,14.0,0.7,0.5,0.6,-50.0,0.0,25.1,-5.0,13.0,38.1,14.0,0.7,0.5,0.6,-51.5,-30.9,-9.6,-26.9,13.0,22.4,14.0,0.7,0.5,0.6,-17.4,0.0,9.2,-3.6,13.0,13.7,14.0,0.7,0.5,0.6,30.0,72.0,646.0,278.5,14.0,355.0,16.0,0.7,0.5,0.6,30.0,70.0,645.0,280.0,14.0,355.0,16.0,0.7,0.5,0.6
1974,2,149.0,3.0,28.0,29.5,30.13,29.26,12.0,1.05,14.0,0.7,0.2,0.4,26.98,29.0,30.0,28.48,13.0,1.76,14.0,0.6,0.2,0.4,18.45,19.83,21.12,19.72,13.0,1.67,14.0,0.6,0.2,0.4,75.7,79.2,86.2,80.7,13.0,4.6,14.0,0.6,0.4,3.0,4.6,5.84,4.58,13.0,1.92,14.0,0.6,0.2,0.4,-5.72,-4.1,-2.78,-4.26,13.0,2.02,14.0,0.6,0.2,0.4,-1.18,0.0,1.6,0.02,13.0,1.64,14.0,0.6,0.2,0.4,1005.63,1008.2,1009.1,1007.56,13.0,2.01,14.0,0.6,0.2,0.4,3.0,7.0,8.0,6.0,12.0,2.4,14.0,0.6,0.2,0.4,-33.6,-19.9,-8.4,-23.0,13.0,20.0,14.0,0.6,0.2,0.4,-6.1,0.0,4.7,0.1,13.0,8.4,14.0,0.6,0.2,0.4,-1.0,0.5,2.01,0.74,12.0,1.71,14.0,0.7,0.2,0.4,-5.0,2.6,7.4,2.2,12.0,6.6,14.0,0.7,0.2,0.4,3.59,6.92,7.95,6.04,12.0,2.15,14.0,0.7,0.2,0.4,14.1,30.3,36.6,26.5,12.0,11.5,14.0,0.7,0.2,0.4,-169.2,-113.3,-82.5,-122.0,13.0,58.8,14.0,0.6,0.2,0.4,-35.0,0.0,43.3,0.6,13.0,47.6,14.0,0.6,0.2,0.4,-122.0,-75.5,-54.7,-85.0,13.0,42.9,14.0,0.6,0.2,0.4,-23.2,0.0,30.0,1.4,13.0,33.0,14.0,0.6,0.2,0.4,-33.5,-29.9,-14.1,-24.4,12.0,10.7,14.0,0.7,0.2,0.4,-10.0,0.0,6.5,-2.2,12.0,11.4,14.0,0.7,0.2,0.4,28.0,97.5,203.0,146.0,13.0,181.0,14.0,0.6,0.2,0.4,30.0,95.0,205.0,145.0,13.0,180.0,14.0,0.6,0.2,0.4
1974,2,149.0,7.0,26.79,28.5,30.21,28.5,2.0,3.54,24.0,1.0,0.8,0.4,28.16,28.5,28.84,28.5,2.0,0.71,24.0,1.0,0.8,0.4,17.29,18.49,19.69,18.49,2.0,2.49,24.0,1.0,0.8,0.4,69.7,76.0,82.3,76.0,2.0,13.1,24.0,1.0,0.4,5.1,5.1,5.1,5.1,2.0,0.0,24.0,1.0,0.8,0.4,-3.81,-3.59,-3.38,-3.59,2.0,0.44,24.0,1.0,0.8,0.4,-3.81,-3.59,-3.38,-3.59,2.0,0.44,24.0,1.0,0.8,0.4,1007.82,1008.5,1009.18,1008.5,2.0,1.41,24.0,1.0,0.8,0.4,3.0,5.0,7.0,5.0,2.0,4.2,24.0,1.0,0.8,0.4,-19.4,-18.3,-17.2,-18.3,2.0,2.3,24.0,1.0,0.8,0.4,-19.4,-18.3,-17.2,-18.3,2.0,2.3,24.0,1.0,0.8,0.4,-2.05,0.0,2.05,0.0,2.0,4.24,24.0,1.0,0.8,0.4,-10.4,0.0,10.4,0.0,2.0,21.6,24.0,1.0,0.8,0.4,4.95,6.24,7.53,6.24,2.0,2.67,24.0,1.0,0.8,0.4,25.2,31.8,38.4,31.8,2.0,13.6,24.0,1.0,0.8,0.4,-109.9,-102.5,-95.2,-102.5,2.0,15.2,24.0,1.0,0.8,0.4,-107.1,-102.2,-97.3,-102.2,2.0,10.1,24.0,1.0,0.8,0.4,-66.2,-65.9,-65.5,-65.9,2.0,0.7,24.0,1.0,0.8,0.4,-75.3,-67.0,-58.7,-67.0,2.0,17.2,24.0,1.0,0.8,0.4,-25.1,-21.8,-18.5,-21.8,2.0,6.8,24.0,1.0,0.8,0.4,-29.0,-23.0,-17.0,-23.0,2.0,12.4,24.0,1.0,0.8,0.4,132.5,132.5,132.5,132.5,2.0,0.0,24.0,1.0,0.8,0.4,135.0,135.0,135.0,135.0,2.0,0.0,24.0,1.0,0.8,0.4
1974,2,149.0,8.0,28.0,29.0,30.52,29.25,4.0,1.5,22.0,1.0,0.5,0.6,27.79,28.1,28.62,28.13,6.0,0.69,18.0,0.8,0.5,0.6,18.99,19.93,21.56,20.22,5.0,1.54,20.0,1.0,0.5,0.7,79.4,82.8,88.3,83.3,5.0,5.5,20.0,1.0,0.7,4.19,8.2,9.92,7.53,6.0,3.47,18.0,0.8,0.5,0.6,-9.21,-7.9,-3.51,-6.67,6.0,3.16,18.0,0.8,0.5,0.6,-3.72,-2.15,1.53,-1.95,6.0,3.49,18.0,0.8,0.5,0.6,1005.86,1006.55,1008.4,1007.1,6.0,1.79,18.0,0.8,0.5,0.6,2.8,4.0,6.2,4.3,6.0,2.0,18.0,0.8,0.5,0.6,-91.5,-65.1,-15.4,-59.0,6.0,42.0,18.0,0.8,0.5,0.6,-36.2,-7.9,13.5,-17.5,6.0,41.4,18.0,0.8,0.5,0.6,-0.81,0.75,2.42,0.8,4.0,1.89,22.0,1.0,0.5,0.6,-8.3,1.5,15.7,3.6,4.0,14.6,22.0,1.0,0.5,0.6,3.37,6.38,7.95,5.69,4.0,3.07,22.0,1.0,0.5,0.6,23.4,49.6,66.1,45.0,4.0,25.7,22.0,1.0,0.5,0.6,-266.9,-222.0,-97.8,-189.3,6.0,91.5,18.0,0.8,0.5,0.6,-105.5,-59.1,43.3,-54.7,6.0,99.3,18.0,0.8,0.5,0.6,-189.6,-173.1,-119.7,-156.0,5.0,49.1,20.0,1.0,0.5,0.7,-86.4,-44.5,33.4,-34.9,5.0,74.3,20.0,1.0,0.5,0.7,-56.5,-40.1,-21.2,-38.9,4.0,21.5,22.0,1.0,0.5,0.6,-33.1,-19.6,-6.8,-19.9,4.0,18.6,22.0,1.0,0.5,0.6,81.0,557.5,1022.5,649.0,6.0,668.5,18.0,0.8,0.5,0.6,80.0,560.0,1025.0,650.0,6.0,670.0,18.0,0.8,0.5,0.6
1974,2,149.0,9.0,27.69,27.9,28.8,28.22,5.0,0.79,14.0,0.2,0.3,0.6,27.0,27.35,28.19,27.6,6.0,0.74,12.0,0.3,0.3,0.6,16.72,18.36,19.58,18.15,5.0,1.62,14.0,0.2,0.3,0.6,72.8,76.0,86.4,78.8,5.0,7.2,14.0,0.2,0.6,4.89,8.45,9.9,7.7,6.0,2.54,12.0,0.3,0.3,0.6,-9.7,-8.19,-3.83,-7.22,6.0,2.79,12.0,0.3,0.3,0.6,-3.33,-1.02,0.61,-0.98,6.0,2.47,12.0,0.3,0.3,0.6,1006.9,1008.0,1008.5,1007.57,6.0,1.36,12.0,0.3,0.3,0.6,2.8,6.0,7.0,5.2,6.0,2.1,12.0,0.3,0.3,0.6,-96.8,-69.2,-18.8,-61.4,6.0,36.6,12.0,0.3,0.3,0.6,-20.8,-4.2,5.3,-5.9,6.0,20.6,12.0,0.3,0.3,0.6,-0.08,0.7,1.62,0.7,5.0,1.17,14.0,0.2,0.3,0.6,-2.0,6.1,16.2,6.7,5.0,11.3,14.0,0.2,0.3,0.6,5.07,6.11,6.71,5.96,5.0,0.92,14.0,0.2,0.3,0.6,37.4,48.6,58.7,47.8,5.0,13.0,14.0,0.2,0.3,0.6,-264.9,-229.7,-106.6,-199.2,6.0,76.8,12.0,0.3,0.3,0.6,-92.8,-27.7,16.7,-27.2,6.0,67.8,12.0,0.3,0.3,0.6,-191.0,-150.5,-109.7,-146.0,5.0,55.1,14.0,0.2,0.3,0.6,-46.3,0.0,18.7,-10.3,5.0,44.9,14.0,0.2,0.3,0.6,-55.2,-48.6,-36.0,-45.6,5.0,12.9,14.0,0.2,0.3,0.6,-17.1,0.0,7.0,-3.4,5.0,15.7,14.0,0.2,0.3,0.6,119.5,605.0,972.5,574.0,6.0,415.0,12.0,0.3,0.3,0.6,120.0,605.0,970.0,575.0,6.0,415.0,12.0,0.3,0.3,0.6
1974,2,149.0,10.0,27.69,28.15,28.67,28.18,4.0,0.67,8.0,0.8,0.4,0.5,27.24,27.5,27.81,27.53,4.0,0.45,8.0,0.8,0.4,0.5,19.96,20.17,20.38,20.17,2.0,0.43,14.0,0.5,0.6,0.4,80.4,88.8,88.9,84.7,3.0,7.1,10.0,0.7,0.4,6.41,8.25,12.29,9.3,4.0,4.08,8.0,0.8,0.4,0.5,-10.64,-7.57,-6.36,-8.46,4.0,3.17,8.0,0.8,0.4,0.5,-6.14,-2.95,-0.6,-3.35,4.0,3.39,8.0,0.8,0.4,0.5,1008.43,1008.5,1008.91,1008.67,3.0,0.38,12.0,0.7,0.4,0.6,2.5,4.5,6.5,4.5,4.0,2.4,8.0,0.8,0.4,0.5,-137.7,-63.0,-41.3,-88.3,4.0,73.1,8.0,0.8,0.4,0.5,-79.5,-26.1,-4.3,-41.2,4.0,51.1,8.0,0.8,0.4,0.5,0.14,0.6,1.17,0.65,4.0,0.68,8.0,0.8,0.4,0.5,0.3,4.9,9.2,4.8,4.0,5.4,8.0,0.8,0.4,0.5,3.34,3.91,4.48,3.91,2.0,1.18,14.0,0.5,0.6,0.4,20.2,25.8,31.5,25.8,2.0,11.8,14.0,0.5,0.6,0.4,-296.7,-208.2,-173.5,-233.9,4.0,91.8,8.0,0.8,0.4,0.5,-171.3,-81.1,-16.4,-93.3,4.0,95.2,8.0,0.8,0.4,0.5,-140.1,-129.2,-118.3,-129.2,2.0,22.6,14.0,0.5,0.6,0.4,-21.5,-12.8,-4.1,-12.8,2.0,18.1,14.0,0.5,0.6,0.4,-31.1,-25.6,-20.1,-25.6,2.0,11.4,14.0,0.5,0.6,0.4,-5.0,-3.0,-0.9,-3.0,2.0,4.2,14.0,0.5,0.6,0.4,274.5,589.0,2151.0,1184.5,4.0,1483.0,8.0,0.8,0.4,0.5,275.0,590.0,2150.0,1185.0,4.0,1485.0,8.0,0.8,0.4,0.5
1974,2,149.0,11.0,27.0,27.7,29.0,27.94,10.0,1.01,12.0,0.3,0.4,0.4,27.0,27.5,27.73,27.5,10.0,0.61,12.0,0.3,0.4,0.4,17.58,18.81,20.34,18.99,9.0,1.33,14.0,0.2,0.4,0.4,78.5,81.5,87.3,82.3,10.0,4.3,12.0,0.3,0.4,6.84,9.8,11.09,8.95,10.0,2.48,12.0,0.3,0.4,0.4,-9.99,-8.23,-6.64,-8.14,10.0,2.23,12.0,0.3,0.4,0.4,-5.44,-3.52,0.0,-3.05,10.0,2.5,12.0,0.3,0.4,0.4,1006.12,1008.0,1008.87,1007.64,9.0,1.63,14.0,0.2,0.4,0.4,1.9,4.0,6.1,4.2,10.0,2.3,12.0,0.3,0.4,0.4,-110.2,-81.9,-45.8,-77.6,10.0,35.5,12.0,0.3,0.4,0.4,-58.0,-35.3,0.0,-30.7,10.0,25.3,12.0,0.3,0.4,0.4,-0.29,0.05,1.29,0.44,10.0,0.95,12.0,0.3,0.4,0.4,-2.2,0.2,9.0,3.7,10.0,8.6,12.0,0.3,0.4,0.4,3.74,4.81,5.55,4.71,9.0,0.88,14.0,0.2,0.4,0.4,31.0,46.7,54.2,41.8,9.0,14.8,14.0,0.2,0.4,0.4,-275.0,-224.0,-182.7,-224.5,10.0,64.6,12.0,0.3,0.4,0.4,-146.8,-97.6,0.0,-83.2,10.0,67.7,12.0,0.3,0.4,0.4,-172.7,-149.4,-127.1,-150.3,9.0,45.9,14.0,0.2,0.4,0.4,-96.6,-63.0,0.0,-54.8,9.0,49.4,14.0,0.2,0.4,0.4,-46.5,-42.9,-30.4,-37.4,9.0,11.5,14.0,0.2,0.4,0.4,-27.1,-12.7,0.0,-15.4,9.0,14.5,14.0,0.2,0.4,0.4,332.0,941.0,1364.5,852.0,10.0,489.5,12.0,0.3,0.4,0.4,330.0,940.0,1365.0,850.0,10.0,490.0,12.0,0.3,0.4,0.4
1974,2,149.0,12.0,27.0,28.45,29.29,28.15,10.0,1.13,16.0,0.8,0.4,0.6,26.41,27.5,30.0,27.78,11.0,1.81,16.0,0.8,0.4,0.6,17.57,18.6,20.34,18.97,10.0,1.77,16.0,0.8,0.4,0.6,76.5,80.5,90.7,82.2,10.0,8.0,16.0,0.8,0.6,5.99,8.7,10.3,8.52,11.0,2.5,16.0,0.8,0.4,0.6,-10.14,-8.7,-3.19,-7.32,11.0,3.55,16.0,0.8,0.4,0.6,-5.42,-3.35,-1.05,-3.06,11.0,2.06,16.0,0.8,0.4,0.6,1007.39,1009.8,1011.0,1009.28,11.0,2.11,16.0,0.8,0.4,0.6,2.0,3.0,4.0,3.4,11.0,1.9,16.0,0.8,0.4,0.6,-104.5,-75.7,-18.8,-70.0,11.0,48.3,16.0,0.8,0.4,0.6,-37.3,-20.9,-9.5,-23.4,11.0,16.0,16.0,0.8,0.4,0.6,-0.5,0.25,2.29,0.59,10.0,2.31,16.0,0.8,0.4,0.6,-5.0,3.3,17.8,2.9,10.0,19.6,16.0,0.8,0.4,0.6,3.27,4.72,6.86,5.05,10.0,1.94,16.0,0.8,0.4,0.6,24.9,39.2,58.2,40.8,10.0,15.3,16.0,0.8,0.4,0.6,-298.4,-240.8,-83.9,-205.4,11.0,101.0,16.0,0.8,0.4,0.6,-147.5,-86.0,-30.4,-84.0,11.0,55.6,16.0,0.8,0.4,0.6,-201.6,-159.3,-56.5,-138.2,10.0,75.4,16.0,0.8,0.4,0.6,-97.2,-64.0,-35.1,-62.5,10.0,33.3,16.0,0.8,0.4,0.6,-50.4,-29.3,-21.4,-33.1,10.0,16.2,16.0,0.8,0.4,0.6,-29.1,-18.5,-5.3,-18.6,10.0,14.8,16.0,0.8,0.4,0.6,216.5,658.5,1092.5,763.5,11.0,599.5,16.0,0.8,0.4,0.6,215.0,660.0,1095.0,765.0,11.0,600.0,16.0,0.8,0.4,0.6
1974,2,149.0,13.0,27.95,28.0,28.57,28.29,7.0,0.91,16.0,0.9,0.3,0.4,26.14,27.5,28.0,27.03,7.0,1.09,16.0,0.9,0.3,0.4,17.3,18.47,18.92,18.19,6.0,1.15,18.0,0.8,0.3,0.5,76.2,82.7,86.6,82.3,6.0,6.3,18.0,0.8,0.5,6.15,7.2,8.22,7.11,7.0,1.23,16.0,0.9,0.3,0.4,-7.15,-6.24,-4.73,-6.07,7.0,1.37,16.0,0.9,0.3,0.4,-4.11,-3.85,-2.96,-3.62,7.0,0.64,16.0,0.9,0.3,0.4,1008.48,1009.3,1012.5,1009.91,7.0,1.84,16.0,0.9,0.3,0.4,1.0,2.0,8.0,3.4,7.0,3.2,16.0,0.9,0.3,0.4,-58.8,-44.9,-29.1,-44.6,7.0,17.1,16.0,0.9,0.3,0.4,-29.8,-25.9,-24.1,-25.9,7.0,6.5,16.0,0.9,0.3,0.4,-0.02,0.5,3.51,1.26,7.0,1.7,16.0,0.9,0.3,0.4,-0.2,3.9,21.9,8.1,7.0,11.2,16.0,0.9,0.3,0.4,4.02,5.66,7.6,6.05,6.0,2.45,18.0,0.8,0.3,0.5,31.4,35.8,45.0,40.2,6.0,14.7,18.0,0.8,0.3,0.5,-196.9,-168.4,-123.4,-164.7,7.0,41.1,16.0,0.9,0.3,0.4,-112.8,-99.6,-82.7,-97.6,7.0,15.4,16.0,0.9,0.3,0.4,-131.2,-101.6,-82.3,-104.7,6.0,25.0,18.0,0.8,0.3,0.5,-75.8,-71.4,-62.6,-67.9,6.0,11.8,18.0,0.8,0.3,0.5,-36.1,-30.0,-27.2,-33.0,6.0,10.1,18.0,0.8,0.3,0.5,-28.9,-17.9,-15.7,-22.7,6.0,11.3,18.0,0.8,0.3,0.5,233.5,373.0,556.5,387.5,7.0,182.5,16.0,0.9,0.3,0.4,235.0,375.0,555.0,385.0,7.0,185.0,16.0,0.9,0.3,0.4
1974,2,149.0,14.0,26.55,27.8,28.58,27.58,9.0,0.92,14.0,0.4,0.4,0.6,25.71,26.7,27.57,26.77,9.0,0.95,14.0,0.4,0.4,0.6,16.66,18.14,19.22,17.35,9.0,2.62,14.0,0.4,0.4,0.6,75.0,81.7,83.1,78.8,9.0,10.7,14.0,0.4,0.6,6.83,7.2,9.73,8.29,9.0,2.06,14.0,0.4,0.4,0.6,-8.03,-5.8,-4.87,-6.46,9.0,2.73,14.0,0.4,0.4,0.6,-6.09,-4.63,-1.94,-3.65,9.0,3.48,14.0,0.4,0.4,0.6,1010.16,1011.9,1014.2,1011.99,9.0,2.15,14.0,0.4,0.4,0.6,1.3,3.0,4.7,3.2,9.0,2.0,14.0,0.4,0.4,0.6,-77.2,-39.7,-34.8,-58.0,9.0,41.5,14.0,0.4,0.4,0.6,-53.2,-39.7,-14.6,-31.6,9.0,29.6,14.0,0.4,0.4,0.6,-0.79,1.1,2.15,0.81,9.0,1.34,14.0,0.4,0.4,0.6,-5.6,11.3,17.4,7.7,9.0,12.3,14.0,0.4,0.4,0.6,4.03,5.22,6.52,5.78,9.0,2.71,14.0,0.4,0.4,0.6,27.6,39.8,78.4,48.9,9.0,27.5,14.0,0.4,0.4,0.6,-209.4,-156.1,-127.2,-172.5,9.0,72.2,14.0,0.4,0.4,0.6,-163.2,-127.7,-50.0,-96.8,9.0,95.6,14.0,0.4,0.4,0.6,-136.5,-106.9,-80.7,-111.6,9.0,50.1,14.0,0.4,0.4,0.6,-103.1,-81.0,-29.3,-63.3,9.0,64.6,14.0,0.4,0.4,0.6,-71.1,-26.8,-19.5,-39.7,9.0,30.5,14.0,0.4,0.4,0.6,-32.0,-20.3,-13.7,-18.8,9.0,18.5,14.0,0.4,0.4,0.6,320.5,373.0,947.0,673.5,9.0,604.5,14.0,0.4,0.4,0.6,320.0,375.0,945.0,675.0,9.0,605.0,14.0,0.4,0.4,0.6
1974,2,149.0,15.0,26.6,26.9,27.15,26.88,4.0,0.33,18.0,0.3,0.3,0.3,26.44,26.85,27.68,27.05,4.0,0.9,18.0,0.3,0.3,0.3,16.6,16.69,17.29,16.93,4.0,0.55,18.0,0.3,0.3,0.3,71.9,76.4,79.7,75.9,4.0,5.0,18.0,0.3,0.3,6.94,7.45,9.32,8.1,4.0,1.85,18.0,0.3,0.3,0.3,-8.76,-6.74,-5.66,-7.19,4.0,2.15,18.0,0.3,0.3,0.3,-4.01,-3.65,-3.09,-3.56,4.0,0.69,18.0,0.3,0.3,0.3,1008.8,1011.25,1011.5,1010.2,4.0,2.28,18.0,0.3,0.3,0.3,0.5,2.5,4.0,2.3,4.0,2.1,18.0,0.3,0.3,0.3,-83.9,-50.3,-39.4,-61.2,4.0,33.5,18.0,0.3,0.3,0.3,-34.6,-27.4,-23.0,-28.7,4.0,8.2,18.0,0.3,0.3,0.3,-0.81,-0.05,0.45,-0.17,4.0,0.76,18.0,0.3,0.3,0.3,-6.0,-0.2,4.2,-0.9,4.0,6.3,18.0,0.3,0.3,0.3,4.89,5.21,5.65,5.27,4.0,0.51,18.0,0.3,0.3,0.3,34.0,39.9,52.0,42.8,4.0,11.3,18.0,0.3,0.3,0.3,-236.8,-185.6,-151.9,-193.9,4.0,55.1,18.0,0.3,0.3,0.3,-107.0,-96.4,-84.8,-95.9,4.0,17.1,18.0,0.3,0.3,0.3,-146.0,-116.0,-97.3,-121.4,4.0,34.8,18.0,0.3,0.3,0.3,-67.9,-62.6,-52.3,-60.2,4.0,11.5,18.0,0.3,0.3,0.3,-48.8,-36.2,-27.7,-38.2,4.0,12.9,18.0,0.3,0.3,0.3,-20.9,-18.3,-16.3,-18.6,4.0,2.8,18.0,0.3,0.3,0.3,335.5,415.0,877.5,597.5,4.0,446.0,18.0,0.3,0.3,0.3,335.0,415.0,875.0,600.0,4.0,445.0,18.0,0.3,0.3,0.3
1974,2,149.0,16.0,27.12,27.9,28.47,27.8,4.0,0.99,22.0,0.8,0.3,0.5,26.05,26.65,27.36,26.7,4.0,0.76,22.0,0.8,0.3,0.5,15.16,16.09,16.78,15.98,4.0,1.11,22.0,0.8,0.3,0.5,70.9,73.7,75.2,73.1,4.0,2.7,22.0,0.8,0.5,7.2,8.75,12.19,9.65,4.0,3.19,22.0,0.8,0.3,0.5,-12.0,-8.45,-6.77,-9.34,4.0,3.31,22.0,0.8,0.3,0.5,-2.46,-2.13,0.41,-1.07,4.0,2.35,22.0,0.8,0.3,0.5,1010.72,1013.0,1013.71,1012.25,4.0,2.18,22.0,0.8,0.3,0.5,1.5,2.0,2.5,2.0,4.0,0.8,22.0,0.8,0.3,0.5,-149.4,-76.6,-48.7,-98.0,4.0,66.9,22.0,0.8,0.3,0.5,-18.1,-17.7,9.1,-5.1,4.0,25.8,22.0,0.8,0.3,0.5,-0.24,1.3,2.42,1.1,4.0,1.67,22.0,0.8,0.3,0.5,-0.8,10.3,27.2,13.1,4.0,19.4,22.0,0.8,0.3,0.5,5.74,8.11,9.1,7.45,4.0,2.2,22.0,0.8,0.3,0.5,48.0,69.6,101.2,74.4,4.0,39.0,22.0,0.8,0.3,0.5,-318.5,-231.0,-180.7,-248.8,4.0,85.1,22.0,0.8,0.3,0.5,-66.0,-56.3,9.8,-29.3,4.0,62.1,22.0,0.8,0.3,0.5,-192.5,-141.0,-106.9,-149.3,4.0,53.3,22.0,0.8,0.3,0.5,-39.2,-32.5,6.1,-17.3,4.0,37.4,22.0,0.8,0.3,0.5,-99.6,-67.1,-45.1,-72.1,4.0,39.1,22.0,0.8,0.3,0.5,-17.8,-11.9,6.3,-6.1,4.0,19.3,22.0,0.8,0.3,0.5,373.0,733.0,1927.0,1131.0,4.0,1090.5,22.0,0.8,0.3,0.5,375.0,735.0,1925.0,1130.0,4.0,1090.0,22.0,0.8,0.3,0.5
1974,2,149.0,17.0,24.73,26.5,26.57,25.67,3.0,1.53,6.0,0.0,0.1,0.4,25.54,26.7,26.9,26.23,3.0,1.08,6.0,0.0,0.1,0.4,15.67,17.35,17.47,16.59,3.0,1.47,6.0,0.0,0.1,0.4,76.6,78.8,79.1,77.9,3.0,1.9,6.0,0.0,0.4,4.06,7.2,9.32,6.7,3.0,3.87,6.0,0.0,0.1,0.4,-8.24,-6.77,-3.82,-6.04,3.0,3.3,6.0,0.0,0.1,0.4,-4.3,-2.46,-1.39,-2.83,3.0,2.15,6.0,0.0,0.1,0.4,1010.66,1012.5,1013.59,1012.13,3.0,2.17,6.0,0.0,0.1,0.4,2.1,4.5,6.9,4.5,2.0,4.9,8.0,0.0,0.0,0.1,-78.2,-48.7,-19.8,-49.0,3.0,42.8,6.0,0.0,0.1,0.4,-41.8,-17.7,-7.2,-24.4,3.0,26.0,6.0,0.0,0.1,0.4,-2.07,-0.5,0.93,-0.57,3.0,2.2,6.0,0.0,0.1,0.4,-20.8,-3.6,1.7,-9.4,3.0,17.3,6.0,0.0,0.1,0.4,2.14,4.13,5.99,4.06,3.0,2.82,6.0,0.0,0.1,0.4,14.1,17.8,26.0,20.0,3.0,8.9,6.0,0.0,0.1,0.4,-220.6,-182.7,-99.7,-160.6,3.0,90.6,6.0,0.0,0.1,0.4,-115.0,-66.5,-36.3,-75.4,3.0,58.2,6.0,0.0,0.1,0.4,-143.3,-118.5,-62.5,-103.2,3.0,60.7,6.0,0.0,0.1,0.4,-74.7,-43.1,-22.7,-48.6,3.0,38.3,6.0,0.0,0.1,0.4,-24.4,-16.7,-12.7,-18.5,3.0,8.7,6.0,0.0,0.1,0.4,-8.9,-6.2,-6.1,-7.5,3.0,2.3,6.0,0.0,0.1,0.4,130.5,373.0,864.5,494.5,3.0,547.5,6.0,0.0,0.1,0.4,130.0,375.0,865.0,495.0,3.0,550.0,6.0,0.0,0.1,0.4
1974,2,149.0,18.0,26.33,27.25,27.9,27.13,4.0,0.94,14.0,1.0,0.5,0.3,25.0,25.85,27.38,26.18,4.0,1.46,14.0,1.0,0.5,0.3,15.01,16.26,18.47,16.72,4.0,2.35,14.0,1.0,0.5,0.3,72.4,76.4,85.5,78.8,4.0,8.7,14.0,1.0,0.3,5.39,6.7,9.32,7.33,4.0,2.57,14.0,1.0,0.5,0.3,-8.51,-6.6,-4.72,-6.61,4.0,2.36,14.0,1.0,0.5,0.3,-3.47,-1.16,1.25,-1.11,4.0,3.55,14.0,1.0,0.5,0.3,1012.38,1013.45,1014.31,1013.35,4.0,1.2,14.0,1.0,0.5,0.3,3.5,5.5,7.0,5.3,4.0,2.1,14.0,1.0,0.5,0.3,-80.7,-45.2,-25.7,-52.8,4.0,35.9,14.0,1.0,0.5,0.3,-35.5,-8.0,6.1,-14.4,4.0,31.6,14.0,1.0,0.5,0.3,-0.52,1.4,2.38,0.95,4.0,2.12,14.0,1.0,0.5,0.3,-3.3,9.4,23.2,9.9,4.0,18.2,14.0,1.0,0.5,0.3,3.79,5.17,7.78,5.76,4.0,2.57,14.0,1.0,0.5,0.3,20.5,35.7,74.9,47.2,4.0,37.2,14.0,1.0,0.5,0.3,-212.8,-173.4,-129.5,-171.2,4.0,54.6,14.0,1.0,0.5,0.3,-86.6,-30.6,32.7,-27.2,4.0,91.0,14.0,1.0,0.5,0.3,-127.2,-106.7,-85.9,-106.6,4.0,25.3,14.0,1.0,0.5,0.3,-50.8,-18.8,26.3,-12.6,4.0,59.0,14.0,1.0,0.5,0.3,-67.5,-35.2,-18.2,-42.5,4.0,32.3,14.0,1.0,0.5,0.3,-30.0,-6.2,4.1,-12.7,4.0,26.1,14.0,1.0,0.5,0.3,157.5,321.0,877.5,508.5,4.0,520.5,14.0,1.0,0.5,0.3,160.0,320.0,875.0,510.0,4.0,520.0,14.0,1.0,0.5,0.3
1974,2,149.0,19.0,23.48,25.6,26.72,25.2,7.0,1.6,14.0,0.4,0.3,0.4,23.78,24.4,26.11,24.84,7.0,1.28,14.0,0.4,0.3,0.4,13.33,14.77,15.4,14.59,6.0,1.12,16.0,0.5,0.4,0.3,69.5,74.6,78.2,73.8,6.0,6.7,16.0,0.5,0.3,4.93,9.3,12.38,8.66,7.0,4.36,14.0,0.4,0.3,0.4,-10.72,-7.2,-4.84,-7.41,7.0,3.62,14.0,0.4,0.3,0.4,-6.96,-5.98,0.05,-3.75,7.0,3.6,14.0,0.4,0.3,0.4,1011.98,1013.2,1015.36,1014.0,7.0,2.4,14.0,0.4,0.3,0.4,1.0,4.0,7.4,4.2,5.0,3.3,16.0,0.6,0.3,0.3,-132.8,-66.3,-24.5,-77.4,7.0,58.5,14.0,0.4,0.3,0.4,-82.8,-55.6,0.1,-44.7,7.0,42.6,14.0,0.4,0.3,0.4,-2.54,1.1,2.23,0.36,7.0,2.36,14.0,0.4,0.3,0.4,-4.4,13.5,26.3,10.1,7.0,16.6,14.0,0.4,0.3,0.4,3.63,6.33,7.59,5.65,6.0,2.26,16.0,0.5,0.4,0.3,17.1,64.8,95.9,58.9,6.0,40.3,16.0,0.5,0.4,0.3,-278.4,-170.3,-127.7,-182.3,7.0,88.4,14.0,0.4,0.3,0.4,-166.0,-142.9,1.2,-92.0,7.0,88.3,14.0,0.4,0.3,0.4,-160.1,-117.0,-57.0,-106.6,6.0,55.5,16.0,0.5,0.4,0.3,-95.2,-91.6,-6.1,-62.9,6.0,51.2,16.0,0.5,0.4,0.3,-83.1,-49.7,-16.7,-49.2,6.0,34.4,16.0,0.5,0.4,0.3,-48.0,-41.7,-2.5,-30.8,6.0,23.7,16.0,0.5,0.4,0.3,126.5,804.5,1900.5,1043.5,7.0,995.0,14.0,0.4,0.3,0.4,125.0,805.0,1900.0,1045.0,7.0,995.0,14.0,0.4,0.3,0.4
1974,2,149.0,20.0,25.45,26.0,27.71,26.57,3.0,1.72,12.0,0.3,0.4,0.6,21.21,23.8,27.35,24.27,3.0,4.52,12.0,0.3,0.4,0.6,12.94,13.26,17.82,15.33,3.0,4.0,12.0,0.3,0.4,0.6,72.9,79.0,87.3,80.0,3.0,10.6,12.0,0.3,0.6,2.44,7.7,8.04,5.3,3.0,4.6,12.0,0.3,0.4,0.6,-5.0,-1.42,-0.45,-2.7,3.0,3.51,12.0,0.3,0.4,0.6,-5.51,0.0,2.63,-1.41,3.0,6.09,12.0,0.3,0.4,0.6,1006.56,1011.0,1014.28,1010.43,3.0,5.67,12.0,0.3,0.4,0.6,2.5,8.0,8.0,5.3,3.0,4.6,12.0,0.3,0.4,0.6,-38.8,-11.7,-3.7,-21.0,3.0,26.9,12.0,0.3,0.4,0.6,-45.2,0.0,20.2,-12.2,3.0,49.1,12.0,0.3,0.4,0.6,0.1,1.4,4.54,2.3,3.0,3.34,12.0,0.3,0.4,0.6,-2.6,0.0,33.6,15.1,3.0,29.6,12.0,0.3,0.4,0.6,5.44,7.17,7.59,6.53,3.0,1.67,12.0,0.3,0.4,0.6,11.3,35.7,54.9,33.2,3.0,32.0,12.0,0.3,0.4,0.6,-141.0,-28.5,-9.0,-74.0,3.0,104.4,12.0,0.3,0.4,0.6,-110.2,0.0,76.2,-16.6,3.0,137.3,12.0,0.3,0.4,0.6,-96.8,-18.9,-6.0,-50.6,3.0,72.0,12.0,0.3,0.4,0.6,-73.1,0.0,52.4,-10.1,3.0,92.4,12.0,0.3,0.4,0.6,-24.6,-11.1,-3.5,-14.0,3.0,15.7,12.0,0.3,0.4,0.6,-42.9,0.0,12.2,-15.0,3.0,42.4,12.0,0.3,0.4,0.6,145.0,456.5,521.5,336.0,3.0,295.0,12.0,0.3,0.4,0.6,145.0,455.0,520.0,335.0,3.0,295.0,12.0,0.3,0.4,0.6
1974,2,149.0,21.0,24.32,25.0,25.68,25.0,3.0,1.0,14.0,0.7,0.2,0.3,21.58,23.9,25.81,23.7,3.0,3.1,14.0,0.7,0.2,0.3,12.58,12.93,16.07,14.29,3.0,2.82,14.0,0.7,0.2,0.3,73.5,80.2,82.0,77.8,3.0,6.6,14.0,0.7,0.3,3.9,6.7,10.93,7.4,3.0,5.19,14.0,0.7,0.2,0.3,-8.13,0.45,0.94,-3.5,3.0,7.47,14.0,0.7,0.2,0.3,-5.9,-4.41,0.35,-2.82,3.0,4.78,14.0,0.7,0.2,0.3,1011.98,1013.0,1016.14,1014.03,3.0,3.18,14.0,0.7,0.2,0.3,1.0,3.0,6.4,3.7,3.0,4.0,14.0,0.7,0.2,0.3,-106.4,1.2,5.7,-49.1,3.0,92.9,14.0,0.7,0.2,0.3,-52.9,-44.2,-9.5,-31.5,3.0,33.6,14.0,0.7,0.2,0.3,-1.49,1.1,4.1,1.3,3.0,4.1,14.0,0.7,0.2,0.3,-0.3,14.2,29.7,14.7,3.0,21.9,14.0,0.7,0.2,0.3,2.9,6.76,8.0,5.48,3.0,3.9,14.0,0.7,0.2,0.3,20.2,57.5,77.8,49.2,3.0,42.8,14.0,0.7,0.2,0.3,-193.9,12.1,20.1,-84.6,3.0,177.7,14.0,0.7,0.2,0.3,-125.8,-105.4,13.2,-57.4,3.0,110.0,14.0,0.7,0.2,0.3,-104.5,7.9,12.4,-44.8,3.0,97.0,14.0,0.7,0.2,0.3,-74.0,-57.0,12.5,-31.4,3.0,67.2,14.0,0.7,0.2,0.3,-55.8,0.5,7.0,-23.8,3.0,50.6,14.0,0.7,0.2,0.3,-48.1,-29.8,-7.5,-27.9,3.0,29.8,14.0,0.7,0.2,0.3,107.5,301.0,1561.0,821.5,3.0,1156.0,14.0,0.7,0.2,0.3,105.0,300.0,1560.0,820.0,3.0,1155.0,14.0,0.7,0.2,0.3
1974,2,149.0,22.0,24.6,25.45,26.3,25.45,2.0,1.77,8.0,1.0,0.5,0.8,21.84,23.4,25.22,23.53,4.0,1.97,8.0,0.5,0.6,0.6,10.06,10.83,13.62,11.79,4.0,2.84,8.0,0.5,0.6,0.6,55.9,66.8,75.0,65.5,4.0,14.1,8.0,0.5,0.6,3.29,6.15,7.96,5.65,4.0,2.85,8.0,0.5,0.6,0.6,-4.23,1.93,4.1,0.02,4.0,5.74,8.0,0.5,0.6,0.6,-4.24,-1.5,0.42,-1.89,4.0,3.61,8.0,0.5,0.6,0.6,1009.48,1013.55,1018.67,1014.05,4.0,5.74,8.0,0.5,0.6,0.6,7.5,8.0,8.0,7.8,4.0,0.5,8.0,0.5,0.6,0.6,-34.7,9.9,25.0,-4.2,4.0,43.2,8.0,0.5,0.6,0.6,-32.5,-9.5,-1.1,-16.5,4.0,24.2,8.0,0.5,0.6,0.6,1.32,1.8,2.28,1.8,2.0,0.99,8.0,1.0,0.5,0.8,10.6,14.1,17.6,14.1,2.0,7.2,8.0,1.0,0.5,0.8,8.91,10.27,11.64,10.27,2.0,2.82,8.0,1.0,0.5,0.8,69.6,82.2,94.8,82.2,2.0,26.1,8.0,1.0,0.5,0.8,-108.3,41.8,89.6,-7.0,4.0,139.7,8.0,0.5,0.6,0.6,-93.2,-35.5,10.8,-40.9,4.0,80.6,8.0,0.5,0.6,0.6,-40.5,20.4,44.5,2.8,4.0,57.4,8.0,0.5,0.6,0.6,-45.3,-15.5,11.1,-17.0,4.0,42.6,8.0,0.5,0.6,0.6,-78.3,-33.6,11.1,-33.6,2.0,92.6,8.0,1.0,0.5,0.8,-49.2,-36.3,-23.5,-36.3,2.0,26.7,8.0,1.0,0.5,0.8,51.0,277.0,506.0,278.5,4.0,265.5,8.0,0.5,0.6,0.6,50.0,275.0,505.0,280.0,4.0,265.0,8.0,0.5,0.6,0.6
1974,2,149.0,23.0,23.07,24.15,25.91,24.47,6.0,1.92,8.0,0.7,0.3,0.6,19.95,20.75,24.81,21.87,6.0,2.75,8.0,0.7,0.3,0.6,9.7,11.7,14.21,12.01,6.0,2.83,8.0,0.7,0.3,0.6,68.1,72.8,80.3,73.0,6.0,10.3,8.0,0.7,0.6,3.5,4.6,11.11,6.5,6.0,4.0,8.0,0.7,0.3,0.6,-4.27,0.69,3.93,-0.77,6.0,6.1,8.0,0.7,0.3,0.6,-5.43,-3.02,-0.15,-3.19,6.0,4.07,8.0,0.7,0.3,0.6,1012.61,1014.75,1016.49,1014.95,6.0,3.01,8.0,0.7,0.3,0.6,2.0,4.5,7.0,4.5,6.0,2.3,8.0,0.7,0.3,0.6,-36.0,4.6,24.0,-13.6,6.0,65.6,8.0,0.7,0.3,0.6,-63.7,-13.3,-1.0,-30.8,6.0,43.4,8.0,0.7,0.3,0.6,1.48,2.55,3.62,2.6,6.0,2.1,8.0,0.7,0.3,0.6,8.2,16.2,27.1,17.2,6.0,13.4,8.0,0.7,0.3,0.6,4.75,7.61,9.4,7.2,6.0,2.54,8.0,0.7,0.3,0.6,29.1,43.5,62.0,43.2,6.0,19.4,8.0,0.7,0.3,0.6,-97.4,9.0,78.0,-19.8,6.0,124.9,8.0,0.7,0.3,0.6,-110.1,-68.5,0.0,-64.9,6.0,85.2,8.0,0.7,0.3,0.6,-61.3,1.1,39.6,-17.4,6.0,73.0,8.0,0.7,0.3,0.6,-64.8,-32.9,1.1,-33.7,6.0,47.1,8.0,0.7,0.3,0.6,-28.9,6.5,36.6,1.6,6.0,37.9,8.0,0.7,0.3,0.6,-36.5,-23.3,-3.9,-22.9,6.0,23.4,8.0,0.7,0.3,0.6,43.0,101.0,1384.0,566.5,6.0,793.5,8.0,0.7,0.3,0.6,45.0,100.0,1385.0,565.0,6.0,795.0,8.0,0.7,0.3,0.6
1974,2,149.0,24.0,22.05,22.15,22.25,22.15,2.0,0.21,6.0,0.5,0.4,0.6,19.93,20.2,20.47,20.2,2.0,0.57,6.0,0.5,0.4,0.6,8.84,9.22,9.6,9.22,2.0,0.78,6.0,0.5,0.4,0.6,59.5,63.3,67.0,63.3,2.0,7.8,6.0,0.5,0.6,5.25,6.65,8.05,6.65,2.0,2.9,6.0,0.5,0.4,0.6,-7.61,-6.39,-5.17,-6.39,2.0,2.53,6.0,0.5,0.4,0.6,-2.5,-1.49,-0.47,-1.49,2.0,2.1,6.0,0.5,0.4,0.6,1016.28,1017.95,1019.62,1017.95,2.0,3.46,6.0,0.5,0.4,0.6,6.0,6.0,6.0,6.0,2.0,0.0,6.0,0.5,0.4,0.6,-63.2,-46.1,-29.1,-46.1,2.0,35.3,6.0,0.5,0.4,0.6,-21.8,-12.9,-4.1,-12.9,2.0,18.3,6.0,0.5,0.4,0.6,1.57,1.95,2.33,1.95,2.0,0.78,6.0,0.5,0.4,0.6,11.6,11.8,12.1,11.8,2.0,0.5,6.0,0.5,0.4,0.6,7.02,7.32,7.62,7.32,2.0,0.62,6.0,0.5,0.4,0.6,37.3,49.6,61.8,49.6,2.0,25.4,6.0,0.5,0.4,0.6,-156.1,-129.7,-103.4,-129.7,2.0,54.7,6.0,0.5,0.4,0.6,-51.6,-30.6,-9.7,-30.6,2.0,43.3,6.0,0.5,0.4,0.6,-66.8,-57.9,-49.1,-57.9,2.0,18.3,6.0,0.5,0.4,0.6,-21.7,-12.9,-4.1,-12.9,2.0,18.2,6.0,0.5,0.4,0.6,-58.4,-47.5,-36.7,-47.5,2.0,22.5,6.0,0.5,0.4,0.6,-19.4,-11.5,-3.7,-11.5,2.0,16.3,6.0,0.5,0.4,0.6,186.5,378.0,569.5,378.0,2.0,397.0,6.0,0.5,0.4,0.6,185.0,380.0,570.0,380.0,2.0,395.0,6.0,0.5,0.4,0.6
1974,2,149.0,25.0,21.24,21.55,21.86,21.55,2.0,0.64,8.0,0.5,0.3,0.4,17.9,22.0,24.05,21.0,3.0,4.58,8.0,0.3,0.3,0.5,9.45,10.33,11.2,10.33,2.0,1.82,8.0,0.5,0.3,0.4,62.6,70.0,77.4,70.0,2.0,15.2,8.0,0.5,0.4,4.76,5.1,6.87,5.8,3.0,1.66,8.0,0.3,0.3,0.5,-2.85,1.34,2.83,0.02,3.0,4.31,8.0,0.3,0.3,0.5,-0.25,2.96,6.11,2.93,3.0,4.66,8.0,0.3,0.3,0.5,1010.73,1016.6,1018.78,1014.8,3.0,6.1,8.0,0.3,0.3,0.5,0.0,0.0,4.8,2.3,3.0,4.0,8.0,0.3,0.3,0.5,-13.4,10.3,14.3,0.7,3.0,22.0,8.0,0.3,0.3,0.5,-1.8,13.6,44.2,21.0,3.0,34.3,8.0,0.3,0.3,0.5,-2.33,1.05,4.43,1.05,2.0,7.0,8.0,0.5,0.3,0.4,-20.4,0.3,21.0,0.3,2.0,42.9,8.0,0.5,0.3,0.4,4.45,5.61,6.77,5.61,2.0,2.41,8.0,0.5,0.3,0.4,31.2,33.7,36.2,33.7,2.0,5.1,8.0,0.5,0.3,0.4,-41.7,33.4,63.5,11.4,3.0,79.4,8.0,0.3,0.3,0.5,1.6,65.1,150.1,75.6,3.0,109.1,8.0,0.3,0.3,0.5,-34.0,-13.9,6.2,-13.9,2.0,41.6,8.0,0.5,0.3,0.4,0.7,36.1,71.6,36.1,2.0,73.4,8.0,0.5,0.3,0.4,-28.7,-14.9,-1.2,-14.9,2.0,28.5,8.0,0.5,0.3,0.4,-6.0,8.4,22.9,8.4,2.0,30.0,8.0,0.5,0.3,0.4,108.5,132.5,353.5,229.0,3.0,198.0,8.0,0.3,0.3,0.5,110.0,135.0,355.0,230.0,3.0,200.0,8.0,0.3,0.3,0.5
1974,2,149.0,26.0,19.78,20.0,21.18,20.44,5.0,1.07,6.0,0.8,0.6,0.5,18.75,19.5,22.0,19.93,7.0,2.59,6.0,0.9,0.5,0.5,5.95,7.0,12.04,8.56,6.0,3.89,6.0,0.8,0.5,0.5,47.0,54.8,82.7,60.8,6.0,21.9,6.0,0.8,0.5,5.17,6.7,9.62,7.2,8.0,2.05,10.0,0.8,0.5,0.6,-1.45,5.3,8.05,4.2,8.0,4.58,10.0,0.8,0.5,0.6,-5.72,-2.67,3.56,-1.52,8.0,4.44,10.0,0.8,0.5,0.6,1010.25,1018.5,1022.07,1017.0,7.0,5.88,10.0,0.7,0.5,0.6,5.1,7.0,7.0,6.1,8.0,1.9,10.0,0.8,0.5,0.6,-9.5,34.9,79.6,36.3,8.0,39.4,10.0,0.8,0.5,0.6,-46.7,-15.8,20.4,-15.1,8.0,34.6,10.0,0.8,0.5,0.6,-0.16,0.5,3.47,1.4,5.0,2.23,6.0,0.8,0.6,0.5,-0.8,4.9,19.4,8.3,5.0,13.5,6.0,0.8,0.6,0.5,2.06,6.94,8.66,5.58,5.0,3.9,6.0,0.8,0.6,0.5,20.2,48.8,52.8,37.6,5.0,23.0,6.0,0.8,0.6,0.5,-34.7,93.8,153.2,77.3,7.0,90.6,6.0,0.9,0.5,0.5,-91.7,-26.9,78.7,-8.1,7.0,83.0,6.0,0.9,0.5,0.5,-15.3,38.7,94.7,38.5,6.0,51.9,6.0,0.8,0.5,0.5,-40.4,-18.6,24.9,-9.5,6.0,39.8,6.0,0.8,0.5,0.5,-22.4,0.0,37.9,7.0,5.0,35.1,6.0,0.8,0.6,0.5,-41.0,-15.9,-6.3,-22.1,5.0,19.7,6.0,0.8,0.6,0.5,138.5,306.0,898.0,456.0,8.0,375.5,10.0,0.8,0.5,0.6,140.0,305.0,900.0,455.0,8.0,375.0,10.0,0.8,0.5,0.6
1974,2,149.0,27.0,19.03,20.35,22.19,20.6,4.0,1.94,10.0,0.0,0.2,0.4,17.67,18.5,20.76,19.71,7.0,3.03,16.0,0.1,0.2,0.4,8.88,9.89,10.14,9.58,5.0,0.67,10.0,0.0,0.3,0.5,67.1,71.6,80.1,73.5,5.0,7.6,10.0,0.0,0.5,5.35,6.45,9.51,6.8,6.0,2.87,14.0,0.2,0.2,0.4,-0.82,2.74,5.69,2.64,6.0,4.59,14.0,0.2,0.2,0.4,-6.29,-0.71,4.97,-0.79,6.0,5.8,14.0,0.2,0.2,0.4,1013.0,1016.65,1018.31,1015.28,6.0,4.82,14.0,0.0,0.3,0.5,0.8,6.5,7.2,4.8,6.0,3.4,14.0,0.2,0.2,0.4,-5.1,17.8,54.9,25.6,6.0,42.8,14.0,0.2,0.2,0.4,-44.3,-15.9,31.4,-12.4,6.0,44.1,14.0,0.2,0.2,0.4,1.67,2.45,2.76,2.23,4.0,0.86,10.0,0.0,0.2,0.4,10.3,20.3,26.9,18.7,4.0,10.1,10.0,0.0,0.2,0.4,4.09,5.67,7.28,5.69,4.0,1.86,10.0,0.0,0.2,0.4,25.4,45.9,71.7,48.4,4.0,27.1,10.0,0.0,0.2,0.4,-14.6,49.0,108.5,51.8,6.0,90.1,14.0,0.2,0.2,0.4,-109.0,-8.8,88.9,-12.1,6.0,107.2,14.0,0.2,0.2,0.4,0.6,34.1,60.9,31.3,5.0,47.0,10.0,0.0,0.3,0.5,-63.3,-34.9,48.5,-12.6,5.0,59.6,10.0,0.0,0.3,0.5,-5.3,20.2,53.8,24.1,4.0,38.7,10.0,0.0,0.2,0.4,-42.0,-24.5,0.4,-21.0,4.0,31.7,10.0,0.0,0.2,0.4,191.0,269.5,864.0,447.5,6.0,411.0,14.0,0.2,0.2,0.4,190.0,270.0,865.0,445.0,6.0,410.0,14.0,0.2,0.2,0.4
1974,2,149.0,28.0,17.8,18.05,18.67,18.23,4.0,0.57,14.0,0.5,0.4,0.5,17.21,18.3,18.5,17.87,3.0,1.02,18.0,0.7,0.3,0.5,8.22,9.78,11.29,9.76,3.0,2.25,18.0,0.7,0.3,0.5,67.8,75.5,85.7,76.7,3.0,13.2,18.0,0.7,0.5,6.39,7.7,9.1,7.6,5.0,2.14,14.0,0.4,0.5,0.6,-1.0,2.63,5.7,1.98,5.0,4.93,14.0,0.4,0.5,0.6,-5.58,3.55,7.33,1.34,5.0,6.73,14.0,0.4,0.5,0.6,1014.38,1016.0,1020.0,1016.92,5.0,2.9,14.0,0.4,0.5,0.6,6.3,7.0,8.0,7.0,5.0,1.2,14.0,0.4,0.5,0.6,-17.2,20.3,46.6,12.2,5.0,44.7,14.0,0.4,0.5,0.6,-45.4,14.6,62.2,9.6,5.0,57.2,14.0,0.4,0.5,0.6,-0.55,0.0,0.75,0.1,3.0,0.95,18.0,0.7,0.3,0.5,-5.4,0.0,6.5,0.6,3.0,8.7,18.0,0.7,0.3,0.5,1.44,3.2,4.48,2.97,3.0,2.23,18.0,0.7,0.3,0.5,8.4,13.1,34.3,21.1,3.0,20.2,18.0,0.7,0.3,0.5,-68.1,37.5,75.7,4.6,3.0,109.1,18.0,0.7,0.3,0.5,-55.3,65.0,115.9,31.1,3.0,128.9,18.0,0.7,0.3,0.5,-45.2,20.0,35.0,-4.5,3.0,62.5,18.0,0.7,0.3,0.5,-23.1,34.7,72.5,24.9,3.0,70.5,18.0,0.7,0.3,0.5,-0.6,6.6,21.4,10.3,3.0,16.5,18.0,0.7,0.3,0.5,-21.6,4.7,9.2,-5.9,3.0,24.4,18.0,0.7,0.3,0.5,315.0,456.5,761.5,516.5,5.0,319.5,14.0,0.4,0.5,0.6,315.0,455.0,760.0,515.0,5.0,320.0,14.0,0.4,0.5,0.6
1974,2,149.0,29.0,16.95,18.0,20.0,18.01,7.0,1.52,18.0,0.6,0.4,0.4,14.85,15.5,17.0,16.21,9.0,2.01,16.0,0.6,0.5,0.4,6.27,7.82,10.7,8.18,8.0,2.39,18.0,0.5,0.5,0.4,61.1,73.1,89.8,73.7,8.0,17.1,18.0,0.5,0.4,5.36,6.2,10.74,7.37,10.0,3.41,18.0,0.5,0.5,0.4,-3.46,2.12,6.27,2.22,10.0,5.35,18.0,0.5,0.5,0.4,-5.29,-1.68,5.74,-0.82,10.0,6.1,18.0,0.5,0.5,0.4,1008.27,1016.5,1020.09,1014.71,9.0,7.1,18.0,0.4,0.5,0.4,4.9,7.5,8.0,6.3,10.0,2.6,18.0,0.5,0.5,0.4,-16.3,13.1,68.3,28.8,10.0,60.5,18.0,0.5,0.5,0.4,-50.6,-8.4,34.4,-17.3,10.0,62.9,18.0,0.5,0.5,0.4,0.9,2.2,4.52,2.33,7.0,2.04,18.0,0.6,0.4,0.4,5.1,18.7,27.9,15.8,7.0,13.3,18.0,0.6,0.4,0.4,1.78,5.87,7.07,4.72,7.0,2.99,18.0,0.6,0.4,0.4,10.1,39.0,43.8,33.0,7.0,25.1,18.0,0.6,0.4,0.4,-55.7,32.0,78.5,25.4,9.0,86.6,16.0,0.6,0.5,0.4,-70.2,-20.8,89.8,8.0,9.0,80.2,16.0,0.6,0.5,0.4,-17.7,21.9,39.7,20.2,8.0,37.8,18.0,0.5,0.5,0.4,-32.9,-10.6,48.7,-0.9,8.0,46.5,18.0,0.5,0.5,0.4,-21.4,-1.6,39.4,12.2,7.0,34.9,18.0,0.6,0.4,0.4,-25.1,-10.0,11.9,-3.2,7.0,22.2,18.0,0.6,0.4,0.4,155.0,238.5,1535.5,675.0,10.0,991.5,18.0,0.5,0.5,0.4,155.0,240.0,1535.0,675.0,10.0,990.0,18.0,0.5,0.5,0.4
1974,2,149.0,30.0,17.27,17.7,18.84,17.87,15.0,1.06,18.0,0.3,0.5,0.3,13.0,15.5,18.88,15.7,17.0,2.96,18.0,0.4,0.4,0.3,5.87,7.08,11.24,7.86,15.0,2.47,18.0,0.3,0.5,0.3,58.5,72.4,83.6,71.3,15.0,11.6,18.0,0.3,0.3,6.09,9.8,12.29,9.84,16.0,3.9,18.0,0.4,0.5,0.3,-1.42,6.64,11.98,5.08,16.0,7.57,18.0,0.4,0.5,0.3,-5.29,-1.12,6.14,-0.1,16.0,5.79,18.0,0.4,0.5,0.3,1010.25,1017.0,1020.28,1015.1,15.0,6.82,18.0,0.3,0.5,0.3,2.0,5.0,7.8,4.7,15.0,2.6,18.0,0.3,0.4,0.3,-6.6,54.7,145.9,68.4,16.0,118.3,18.0,0.4,0.5,0.3,-41.1,-9.2,62.1,1.4,16.0,56.8,18.0,0.4,0.5,0.3,-0.26,3.3,4.5,2.61,15.0,2.49,18.0,0.3,0.5,0.3,-5.5,28.1,57.1,25.6,14.0,26.8,18.0,0.3,0.5,0.3,1.93,5.72,6.72,4.85,15.0,2.25,18.0,0.3,0.5,0.3,17.1,57.9,68.2,48.0,14.0,27.4,18.0,0.3,0.5,0.3,-19.9,79.8,165.2,76.1,16.0,124.0,18.0,0.4,0.5,0.3,-78.7,-14.6,121.4,9.4,16.0,93.8,18.0,0.4,0.5,0.3,-10.5,39.1,80.5,38.8,14.0,68.1,18.0,0.3,0.5,0.3,-32.2,-7.1,78.9,9.9,14.0,51.8,18.0,0.3,0.5,0.3,-3.1,22.0,67.2,26.5,14.0,40.3,18.0,0.3,0.5,0.3,-37.4,-5.9,12.2,-7.7,14.0,28.1,18.0,0.3,0.5,0.3,256.0,948.5,1879.0,1428.5,16.0,2052.5,18.0,0.4,0.5,0.3,255.0,950.0,1880.0,1430.0,16.0,2055.0,18.0,0.4,0.5,0.3
1974,2,149.0,31.0,16.54,17.1,18.98,17.76,15.0,1.4,14.0,0.5,0.5,0.3,12.19,13.85,15.62,13.95,16.0,2.07,14.0,0.5,0.5,0.4,5.43,6.6,9.66,7.23,15.0,2.2,14.0,0.5,0.5,0.3,60.2,68.2,85.7,71.6,15.0,13.8,14.0,0.5,0.3,7.08,10.55,15.02,11.79,16.0,5.76,14.0,0.5,0.5,0.4,-1.78,5.1,13.74,6.67,16.0,8.63,14.0,0.5,0.5,0.4,-7.43,0.0,9.52,0.89,16.0,7.66,14.0,0.5,0.5,0.4,1003.99,1017.9,1021.12,1014.74,16.0,8.61,14.0,0.5,0.5,0.4,2.0,5.0,8.0,5.0,15.0,2.6,14.0,0.5,0.5,0.4,-12.3,52.2,207.4,120.2,16.0,210.3,14.0,0.5,0.5,0.4,-69.9,0.0,112.6,15.8,16.0,84.8,14.0,0.5,0.5,0.4,2.07,3.2,5.86,3.75,15.0,1.83,14.0,0.5,0.5,0.3,25.2,32.2,54.0,38.0,15.0,16.0,14.0,0.5,0.5,0.3,3.17,5.97,7.24,5.43,15.0,1.94,14.0,0.5,0.5,0.3,32.4,50.1,79.0,61.6,15.0,43.9,14.0,0.5,0.5,0.3,-24.8,68.8,191.2,94.4,16.0,122.1,14.0,0.5,0.5,0.4,-90.5,0.0,147.0,22.0,16.0,115.0,14.0,0.5,0.5,0.4,-12.4,26.7,106.2,40.4,15.0,53.6,14.0,0.5,0.5,0.3,-43.8,0.0,94.5,14.8,15.0,69.2,14.0,0.5,0.5,0.3,-8.1,25.7,71.6,35.9,15.0,55.9,14.0,0.5,0.5,0.3,-38.3,0.0,40.8,-0.4,15.0,38.5,14.0,0.5,0.5,0.3,360.0,1176.0,3398.5,3004.0,16.0,5546.0,14.0,0.5,0.5,0.4,360.0,1175.0,3400.0,3005.0,16.0,5545.0,14.0,0.5,0.5,0.4
1974,2,149.0,32.0,15.0,16.5,17.4,16.47,19.0,1.11,16.0,0.6,0.4,0.6,8.99,12.6,15.6,12.5,25.0,3.13,16.0,0.6,0.4,0.6,5.3,6.31,8.94,6.96,24.0,2.18,16.0,0.6,0.4,0.6,60.2,73.1,93.9,76.5,24.0,14.4,16.0,0.6,0.6,8.57,14.15,17.67,12.76,22.0,4.91,16.0,0.6,0.4,0.6,0.0,6.71,13.76,6.93,22.0,6.23,16.0,0.6,0.4,0.6,-11.8,-2.43,8.84,-2.16,22.0,10.04,16.0,0.6,0.4,0.6,1001.15,1014.7,1021.64,1012.33,25.0,9.36,16.0,0.6,0.4,0.6,4.8,7.0,8.0,6.4,25.0,1.8,16.0,0.6,0.4,0.6,0.0,81.6,228.9,106.9,22.0,106.5,16.0,0.6,0.4,0.6,-190.5,-17.6,81.8,-44.2,22.0,154.2,16.0,0.6,0.4,0.6,0.07,2.5,7.39,3.39,19.0,3.4,16.0,0.6,0.4,0.6,-0.3,31.8,97.3,43.0,16.0,48.9,16.0,0.6,0.4,0.6,2.01,4.97,6.39,4.22,18.0,2.37,16.0,0.6,0.4,0.6,7.7,34.5,90.7,47.1,15.0,36.4,16.0,0.5,0.4,0.6,0.0,78.3,162.2,81.5,22.0,80.9,16.0,0.6,0.4,0.6,-118.6,-33.5,116.3,-5.4,22.0,127.1,16.0,0.6,0.4,0.6,0.0,46.7,78.9,43.5,21.0,45.3,16.0,0.6,0.4,0.6,-66.0,-26.7,71.2,-7.6,21.0,72.1,16.0,0.6,0.4,0.6,0.0,22.4,73.1,30.7,15.0,36.8,16.0,0.5,0.4,0.6,-46.8,1.1,24.7,-6.9,15.0,35.9,16.0,0.5,0.4,0.6,635.5,2836.0,5526.5,2892.0,22.0,2284.0,16.0,0.6,0.4,0.6,635.0,2835.0,5525.0,2890.0,22.0,2285.0,16.0,0.6,0.4,0.6
1974,2,149.0,33.0,15.07,16.6,17.5,16.36,18.0,1.31,16.0,0.6,0.4,0.5,11.0,12.5,17.27,13.08,22.0,3.18,16.0,0.6,0.5,0.5,5.24,6.39,11.25,7.42,20.0,2.51,16.0,0.6,0.4,0.5,64.3,74.2,90.9,76.5,20.0,13.9,16.0,0.6,0.5,6.95,12.3,16.21,12.42,23.0,5.8,18.0,0.6,0.4,0.5,-1.15,6.24,14.39,5.74,23.0,8.2,18.0,0.6,0.4,0.5,-12.14,-1.3,9.36,-1.81,23.0,9.48,18.0,0.6,0.4,0.5,1008.17,1013.75,1021.43,1013.18,22.0,7.6,16.0,0.6,0.5,0.5,5.3,8.0,8.0,6.8,22.0,1.8,18.0,0.6,0.4,0.5,-3.0,45.4,221.5,94.7,23.0,153.7,18.0,0.6,0.4,0.5,-180.6,-3.4,101.4,-27.0,23.0,161.4,18.0,0.6,0.4,0.5,-0.26,2.95,6.15,2.79,18.0,3.43,16.0,0.6,0.4,0.5,-4.0,19.4,82.4,36.4,18.0,51.2,16.0,0.6,0.4,0.5,1.31,4.6,6.54,3.89,18.0,2.36,16.0,0.6,0.4,0.5,9.0,43.2,98.3,49.1,18.0,40.6,16.0,0.6,0.4,0.5,-16.5,71.8,168.0,72.6,22.0,115.6,16.0,0.6,0.5,0.5,-130.7,-25.1,167.0,-1.5,22.0,133.5,16.0,0.6,0.5,0.5,-10.0,46.5,94.4,38.5,20.0,62.5,16.0,0.6,0.4,0.5,-70.5,-2.9,104.8,4.2,20.0,78.1,16.0,0.6,0.4,0.5,-5.0,5.9,70.1,20.0,18.0,41.5,16.0,0.6,0.4,0.5,-63.4,-8.7,13.2,-15.9,18.0,42.3,16.0,0.6,0.4,0.5,336.5,1861.0,4260.0,3128.0,23.0,3807.0,18.0,0.6,0.4,0.5,335.0,1860.0,4260.0,3130.0,23.0,3805.0,18.0,0.6,0.4,0.5
1974,2,149.0,34.0,16.0,16.6,18.0,16.51,20.0,1.83,14.0,0.4,0.5,0.3,10.17,13.0,16.07,13.34,22.0,3.01,14.0,0.4,0.4,0.3,5.79,6.86,10.0,7.52,20.0,2.09,14.0,0.4,0.5,0.3,67.5,78.7,87.9,77.3,20.0,9.8,14.0,0.4,0.3,7.7,13.1,17.83,13.15,22.0,5.65,14.0,0.4,0.4,0.3,-0.89,4.75,15.76,6.2,22.0,9.16,14.0,0.4,0.4,0.3,-9.1,0.0,11.03,0.78,22.0,9.39,14.0,0.4,0.4,0.3,1000.66,1012.45,1017.7,1009.33,22.0,9.17,14.0,0.4,0.4,0.3,3.0,7.0,8.0,5.8,20.0,2.5,14.0,0.4,0.5,0.3,-2.3,70.5,284.5,116.1,22.0,175.8,14.0,0.4,0.4,0.3,-111.1,0.0,177.7,17.8,22.0,148.0,14.0,0.4,0.4,0.3,0.01,3.0,8.27,3.13,20.0,4.29,14.0,0.4,0.5,0.3,0.1,32.9,148.4,48.5,20.0,68.9,14.0,0.4,0.5,0.3,1.37,4.55,6.63,4.29,19.0,3.11,14.0,0.4,0.5,0.3,11.4,54.0,128.0,61.5,19.0,55.0,14.0,0.4,0.5,0.3,-10.7,77.8,184.2,71.7,22.0,120.8,14.0,0.4,0.4,0.3,-88.4,0.0,170.9,29.9,22.0,128.9,14.0,0.4,0.4,0.3,-8.1,45.4,105.2,40.0,20.0,71.1,14.0,0.4,0.5,0.3,-52.6,0.0,100.0,15.2,20.0,73.0,14.0,0.4,0.5,0.3,-0.3,34.1,113.3,44.0,19.0,57.2,14.0,0.4,0.5,0.3,-62.5,0.0,14.3,-17.4,19.0,37.2,14.0,0.4,0.5,0.3,456.5,2273.0,5675.0,3483.0,22.0,3716.5,14.0,0.4,0.4,0.3,455.0,2275.0,5675.0,3485.0,22.0,3715.0,14.0,0.4,0.4,0.3
1974,2,149.0,35.0,13.2,16.65,17.67,15.86,24.0,2.23,18.0,0.5,0.4,0.4,7.0,9.2,13.92,10.11,33.0,3.11,14.0,0.5,0.4,0.4,4.53,5.81,8.13,5.96,27.0,1.85,16.0,0.5,0.4,0.4,64.3,75.7,87.2,74.4,27.0,14.1,16.0,0.5,0.4,4.18,11.8,19.38,11.6,33.0,6.37,14.0,0.5,0.4,0.4,-3.21,4.95,13.22,4.9,33.0,7.77,14.0,0.5,0.4,0.4,-11.59,-4.1,5.0,-3.03,33.0,9.2,14.0,0.5,0.4,0.4,1009.52,1014.0,1020.95,1013.88,33.0,7.49,14.0,0.5,0.4,0.4,4.0,7.0,8.0,6.3,30.0,2.0,14.0,0.5,0.4,0.4,-16.4,33.3,208.6,84.3,33.0,146.7,14.0,0.5,0.4,0.4,-192.0,-32.0,43.7,-38.6,33.0,161.3,14.0,0.5,0.4,0.4,2.65,6.5,7.54,5.59,24.0,2.8,18.0,0.5,0.4,0.4,24.5,62.2,108.2,71.2,24.0,47.2,18.0,0.5,0.4,0.4,3.34,5.63,6.87,5.35,23.0,1.78,18.0,0.6,0.4,0.4,23.3,72.7,102.4,66.3,23.0,36.2,18.0,0.6,0.4,0.4,-40.7,52.5,127.8,56.6,33.0,93.0,14.0,0.5,0.4,0.4,-104.2,-36.9,61.6,-10.4,33.0,102.3,14.0,0.5,0.4,0.4,-26.3,20.5,89.1,31.0,27.0,59.3,16.0,0.5,0.4,0.4,-66.2,0.0,33.7,-2.0,27.0,62.3,16.0,0.5,0.4,0.4,-20.1,28.3,72.7,22.5,23.0,43.5,18.0,0.6,0.4,0.4,-71.4,-18.6,32.8,-17.1,23.0,56.3,18.0,0.6,0.4,0.4,74.0,1643.0,7291.0,2970.5,33.0,3571.0,14.0,0.5,0.4,0.4,75.0,1645.0,7290.0,2970.0,33.0,3570.0,14.0,0.5,0.4,0.4
1974,2,149.0,36.0,11.43,13.0,15.57,13.14,19.0,2.62,16.0,0.2,0.5,0.5,5.0,7.5,9.5,7.88,19.0,3.21,16.0,0.2,0.5,0.5,3.64,4.87,6.51,5.23,17.0,1.75,16.0,0.2,0.5,0.4,60.0,75.0,89.0,74.3,17.0,13.6,16.0,0.2,0.4,9.14,12.9,20.6,13.67,19.0,6.41,16.0,0.2,0.5,0.5,-6.29,3.69,18.38,5.09,19.0,10.23,16.0,0.2,0.5,0.5,-10.23,-7.12,0.91,-5.21,19.0,8.82,16.0,0.2,0.5,0.5,995.78,1014.2,1018.1,1009.66,19.0,11.91,16.0,0.2,0.5,0.5,4.1,7.0,8.0,6.1,18.0,2.5,16.0,0.2,0.5,0.5,-76.2,39.9,345.9,102.2,19.0,197.9,16.0,0.2,0.5,0.5,-123.0,-73.6,16.8,-59.6,19.0,186.8,16.0,0.2,0.5,0.5,2.93,5.5,9.0,5.25,19.0,4.08,16.0,0.2,0.5,0.5,26.2,55.5,143.1,71.2,19.0,67.9,16.0,0.2,0.5,0.5,2.58,4.55,6.86,4.59,17.0,2.23,16.0,0.2,0.5,0.4,29.4,57.0,98.4,63.6,17.0,40.3,16.0,0.2,0.5,0.4,-36.4,30.8,118.0,34.9,19.0,98.9,16.0,0.2,0.5,0.5,-97.4,-42.7,8.2,-34.5,19.0,85.9,16.0,0.2,0.5,0.5,-21.1,20.8,95.6,28.3,17.0,66.9,16.0,0.2,0.5,0.4,-62.7,-31.3,15.6,-21.8,17.0,62.4,16.0,0.2,0.5,0.4,0.0,22.8,78.1,30.7,17.0,50.7,16.0,0.2,0.5,0.4,-69.3,-26.6,9.8,-28.0,17.0,38.9,16.0,0.2,0.5,0.4,768.0,2146.5,8742.0,4186.5,19.0,4848.5,16.0,0.2,0.5,0.5,770.0,2145.0,8740.0,4185.0,19.0,4850.0,16.0,0.2,0.5,0.5
1974,2,149.0,37.0,11.0,11.5,12.91,11.78,8.0,1.29,12.0,0.9,0.5,0.5,2.33,6.75,7.5,5.63,8.0,2.89,12.0,0.9,0.5,0.5,3.84,5.03,5.23,4.61,5.0,0.87,14.0,0.8,0.4,0.4,75.2,80.7,87.6,80.4,7.0,12.0,12.0,0.9,0.5,9.87,16.45,20.81,15.6,6.0,5.48,12.0,0.8,0.4,0.4,-2.13,11.09,18.62,8.55,6.0,12.38,12.0,0.8,0.4,0.4,-11.25,-6.22,0.0,-6.27,6.0,5.82,12.0,0.8,0.4,0.4,1000.63,1012.5,1019.05,1011.26,5.0,12.15,14.0,0.8,0.4,0.4,7.0,8.0,8.0,7.5,8.0,0.8,12.0,0.9,0.5,0.5,-21.9,173.8,388.0,179.3,6.0,230.5,12.0,0.8,0.4,0.4,-214.2,-81.2,0.0,-99.4,6.0,99.9,12.0,0.8,0.4,0.4,4.73,5.35,8.67,6.15,8.0,2.74,12.0,0.9,0.5,0.5,53.8,89.7,197.5,118.0,6.0,79.4,12.0,0.8,0.4,0.4,3.0,4.25,5.11,4.12,5.0,1.17,14.0,0.8,0.4,0.4,42.9,46.0,72.1,57.4,5.0,24.2,14.0,0.8,0.4,0.4,-16.0,25.4,57.8,20.2,6.0,59.1,12.0,0.8,0.4,0.4,-59.2,-28.8,0.0,-31.2,6.0,30.2,12.0,0.8,0.4,0.4,-18.9,21.8,69.0,23.0,5.0,53.4,14.0,0.8,0.4,0.4,-51.4,-31.3,-16.5,-34.6,5.0,29.5,14.0,0.8,0.4,0.4,-16.0,29.5,65.1,25.0,5.0,49.7,14.0,0.8,0.4,0.4,-44.3,-35.2,-12.3,-29.1,5.0,19.7,14.0,0.8,0.4,0.4,981.0,4570.0,9017.5,4934.0,6.0,3959.0,12.0,0.8,0.4,0.4,980.0,4570.0,9020.0,4935.0,6.0,3960.0,12.0,0.8,0.4,0.4
1974,2,149.0,38.0,10.9,13.5,14.52,12.75,4.0,2.63,8.0,0.3,0.3,0.6,2.9,5.0,7.1,5.0,4.0,3.27,8.0,0.3,0.3,0.6,3.1,3.83,4.32,3.71,3.0,0.89,8.0,0.3,0.4,0.6,55.5,64.2,69.3,62.4,3.0,10.2,8.0,0.3,0.6,6.0,11.05,12.64,9.4,4.0,5.03,8.0,0.3,0.3,0.6,4.65,8.77,9.6,7.2,4.0,4.16,8.0,0.3,0.3,0.6,-8.19,-5.52,-1.5,-4.87,4.0,5.0,8.0,0.3,0.3,0.6,1015.16,1018.45,1024.93,1019.98,4.0,6.38,8.0,0.3,0.3,0.6,3.0,4.0,6.1,4.5,4.0,2.5,8.0,0.3,0.3,0.6,44.9,103.6,118.1,82.5,4.0,55.0,8.0,0.3,0.3,0.6,-105.2,-61.3,-23.3,-64.1,4.0,58.2,8.0,0.3,0.3,0.6,6.95,8.0,8.52,7.75,4.0,1.26,8.0,0.3,0.3,0.6,45.8,88.4,108.1,77.5,4.0,46.1,8.0,0.3,0.3,0.6,5.58,6.0,6.77,6.17,3.0,0.89,8.0,0.3,0.4,0.6,26.2,55.4,82.8,54.5,3.0,41.5,8.0,0.3,0.4,0.6,9.8,26.6,43.9,26.8,4.0,19.6,8.0,0.3,0.3,0.6,-39.1,-15.8,5.8,-16.7,4.0,28.8,8.0,0.3,0.3,0.6,10.8,23.8,30.9,20.9,3.0,14.9,8.0,0.3,0.4,0.6,-25.6,-19.7,-0.6,-13.3,3.0,19.2,8.0,0.3,0.4,0.6,19.5,48.0,57.2,38.6,3.0,28.7,8.0,0.3,0.4,0.6,-58.8,-27.7,-1.3,-30.0,3.0,42.1,8.0,0.3,0.4,0.6,525.0,1368.0,2043.0,1288.0,4.0,1008.0,8.0,0.3,0.3,0.6,525.0,1370.0,2045.0,1290.0,4.0,1010.0,8.0,0.3,0.3,0.6
1974,2,149.0,39.0,6.21,7.0,9.79,7.35,10.0,2.45,14.0,0.8,0.4,0.5,1.25,3.0,6.13,3.63,12.0,2.53,14.0,0.8,0.5,0.4,3.33,3.69,4.39,3.75,9.0,0.75,14.0,0.9,0.5,0.5,66.6,75.5,90.7,76.6,9.0,15.6,14.0,0.9,0.5,8.32,17.75,22.27,16.42,12.0,7.76,14.0,0.8,0.5,0.4,5.57,15.59,17.8,11.73,12.0,9.02,14.0,0.8,0.5,0.4,-15.12,-3.62,0.63,-5.9,12.0,9.21,14.0,0.8,0.5,0.4,1000.24,1010.0,1015.08,1008.76,12.0,8.36,14.0,0.8,0.5,0.4,5.3,6.0,8.0,6.1,9.0,2.2,14.0,0.8,0.4,0.5,38.5,291.0,362.3,234.0,12.0,232.3,14.0,0.8,0.5,0.4,-342.1,-48.1,4.5,-141.2,12.0,230.8,14.0,0.8,0.5,0.4,1.07,4.25,6.14,3.6,10.0,2.8,14.0,0.8,0.4,0.5,4.4,61.3,115.2,65.1,10.0,59.5,14.0,0.8,0.4,0.5,1.34,2.72,3.66,2.56,9.0,1.16,14.0,0.9,0.5,0.5,14.1,44.3,69.5,41.5,9.0,25.7,14.0,0.9,0.5,0.5,3.1,41.0,53.4,26.1,12.0,34.3,14.0,0.8,0.5,0.4,-21.0,-12.4,12.4,-4.0,12.0,28.0,14.0,0.8,0.5,0.4,15.0,35.8,65.0,36.9,9.0,38.0,14.0,0.9,0.5,0.5,-63.5,-24.5,4.9,-22.8,9.0,39.1,14.0,0.9,0.5,0.5,6.4,41.6,52.5,29.2,9.0,25.2,14.0,0.9,0.5,0.5,-44.8,-15.2,-0.3,-20.1,9.0,23.6,14.0,0.9,0.5,0.5,586.0,5595.5,11321.5,7203.0,12.0,8491.5,14.0,0.8,0.5,0.4,585.0,5595.0,11320.0,7205.0,12.0,8490.0,14.0,0.8,0.5,0.4
1974,2,149.0,40.0,6.38,9.0,10.0,8.19,16.0,2.39,14.0,0.5,0.5,0.4,1.07,4.0,7.5,4.03,18.0,2.67,14.0,0.4,0.5,0.4,3.18,3.86,4.46,3.86,13.0,0.81,14.0,0.5,0.5,0.3,61.4,79.4,91.4,76.1,14.0,14.1,14.0,0.4,0.4,6.47,8.7,13.32,9.74,17.0,3.9,16.0,0.5,0.5,0.4,-5.14,3.85,9.64,2.68,17.0,7.44,16.0,0.5,0.5,0.4,-9.2,-5.9,1.79,-3.93,17.0,6.05,16.0,0.5,0.5,0.4,1005.84,1012.5,1017.3,1010.98,18.0,8.43,16.0,0.5,0.5,0.4,6.0,8.0,8.0,7.0,19.0,1.7,16.0,0.5,0.5,0.4,-39.4,29.6,106.1,38.6,17.0,100.1,16.0,0.5,0.5,0.4,-126.6,-45.4,12.9,-54.7,17.0,80.4,16.0,0.5,0.5,0.4,1.88,5.5,7.62,4.49,16.0,3.84,14.0,0.5,0.5,0.4,15.8,49.6,92.9,55.7,15.0,49.8,16.0,0.5,0.5,0.4,1.79,2.77,4.1,2.81,13.0,1.29,14.0,0.5,0.5,0.3,14.3,26.0,44.2,27.9,12.0,15.2,16.0,0.5,0.5,0.3,-22.1,1.9,39.3,7.5,16.0,29.0,16.0,0.5,0.5,0.4,-24.9,-2.9,15.3,-4.6,16.0,22.0,16.0,0.5,0.5,0.4,-21.5,7.2,25.1,5.2,12.0,25.3,16.0,0.5,0.5,0.3,-33.5,-16.7,15.1,-13.2,12.0,27.9,16.0,0.5,0.5,0.3,-25.6,5.6,20.7,2.9,12.0,21.7,16.0,0.5,0.5,0.3,-34.1,-14.8,4.6,-14.2,12.0,19.5,16.0,0.5,0.5,0.3,272.0,658.5,2404.0,1398.0,17.0,1846.0,16.0,0.5,0.5,0.4,270.0,660.0,2405.0,1400.0,17.0,1845.0,16.0,0.5,0.5,0.4
1974,2,149.0,41.0,2.01,4.25,7.92,4.85,14.0,2.93,16.0,0.7,0.4,0.5,-0.94,2.25,8.79,3.45,14.0,4.58,18.0,0.8,0.4,0.5,3.68,3.98,4.67,4.34,8.0,1.04,20.0,0.8,0.4,0.6,75.7,80.6,89.5,81.3,10.0,8.0,18.0,0.8,0.5,6.7,11.05,17.62,11.96,16.0,6.04,16.0,0.8,0.4,0.6,-10.24,3.04,13.81,2.22,16.0,11.0,16.0,0.8,0.4,0.6,-9.14,-4.36,0.0,-4.8,16.0,6.16,16.0,0.8,0.4,0.6,1007.08,1010.5,1015.47,1009.47,14.0,8.87,18.0,0.7,0.3,0.6,7.4,8.0,8.0,7.6,16.0,1.1,16.0,0.8,0.4,0.6,-108.8,23.7,230.3,48.3,16.0,192.8,16.0,0.8,0.4,0.6,-126.5,-28.9,0.0,-73.2,16.0,133.9,16.0,0.8,0.4,0.6,-0.5,1.1,5.42,2.19,12.0,3.36,18.0,0.8,0.5,0.5,-3.4,12.5,79.7,32.3,12.0,49.9,18.0,0.8,0.5,0.5,0.3,0.91,1.33,0.94,7.0,0.56,22.0,0.7,0.4,0.6,2.0,5.7,16.9,9.3,7.0,8.1,22.0,0.7,0.4,0.6,-33.8,-8.4,14.0,-2.3,14.0,87.1,18.0,0.8,0.4,0.5,-14.9,-3.9,16.1,-2.8,14.0,28.0,18.0,0.8,0.4,0.5,-24.2,11.0,20.6,11.6,8.0,55.2,20.0,0.8,0.4,0.6,-25.9,-16.3,18.7,-11.0,8.0,25.5,20.0,0.8,0.4,0.6,-11.2,1.3,4.4,-2.9,7.0,9.4,22.0,0.7,0.4,0.6,-7.8,-3.5,-0.6,-2.5,7.0,7.8,22.0,0.7,0.4,0.6,301.0,1368.0,5482.5,3070.5,16.0,4363.5,16.0,0.8,0.4,0.6,300.0,1370.0,5480.0,3070.0,16.0,4365.0,16.0,0.8,0.4,0.6
1974,2,149.0,42.0,1.58,2.95,3.81,2.62,16.0,1.71,16.0,0.6,0.4,0.5,-1.79,0.0,2.0,0.14,18.0,2.18,16.0,0.5,0.4,0.5,2.24,2.99,3.59,3.0,13.0,0.81,18.0,0.7,0.5,0.5,55.1,82.0,91.9,79.4,13.0,15.2,18.0,0.7,0.5,4.87,6.7,13.09,8.51,17.0,4.89,16.0,0.5,0.4,0.5,-1.8,1.4,9.28,2.74,17.0,6.71,16.0,0.5,0.4,0.5,-7.88,-2.67,2.67,-2.16,17.0,6.55,16.0,0.5,0.4,0.5,1006.96,1014.6,1019.78,1013.89,17.0,6.82,16.0,0.5,0.4,0.5,4.1,8.0,8.0,6.5,17.0,2.1,16.0,0.5,0.4,0.5,-9.0,5.7,107.6,44.3,17.0,101.2,16.0,0.5,0.4,0.5,-71.4,-15.8,18.9,-15.3,17.0,94.3,16.0,0.5,0.4,0.5,0.69,2.4,4.5,2.85,16.0,2.58,16.0,0.6,0.4,0.5,2.7,19.9,34.4,21.3,15.0,21.9,16.0,0.6,0.4,0.5,0.75,1.34,2.56,1.62,13.0,1.12,18.0,0.7,0.5,0.5,3.3,9.1,16.9,11.0,13.0,9.3,18.0,0.7,0.5,0.5,-8.7,-1.3,6.6,-1.0,17.0,11.9,16.0,0.5,0.4,0.5,-5.8,0.0,13.1,1.4,17.0,19.0,16.0,0.5,0.4,0.5,-9.0,0.0,10.2,-0.3,13.0,16.2,18.0,0.7,0.5,0.5,-19.5,-6.7,9.3,-6.3,13.0,16.8,18.0,0.7,0.5,0.5,-2.8,0.0,9.3,3.5,13.0,9.0,18.0,0.7,0.5,0.5,-13.8,-6.5,1.7,-6.4,13.0,9.0,18.0,0.7,0.5,0.5,116.5,301.0,2265.5,1296.0,17.0,2190.0,16.0,0.5,0.4,0.5,115.0,300.0,2265.0,1295.0,17.0,2190.0,16.0,0.5,0.4,0.5
1974,2,149.0,43.0,0.43,1.85,4.29,2.12,10.0,2.21,16.0,0.7,0.3,0.4,-2.63,0.4,2.46,-0.02,12.0,2.69,16.0,0.6,0.4,0.4,2.81,3.08,4.31,3.39,6.0,0.76,12.0,0.7,0.3,0.3,80.2,85.5,89.5,85.1,6.0,4.3,12.0,0.7,0.3,8.67,13.4,17.64,13.08,10.0,5.48,14.0,0.6,0.4,0.5,-1.28,9.9,16.43,7.3,10.0,10.4,14.0,0.6,0.4,0.5,-6.84,-1.4,5.86,-0.58,10.0,7.23,14.0,0.6,0.4,0.5,997.71,1002.0,1010.66,1002.97,11.0,9.17,16.0,0.6,0.4,0.5,7.0,8.0,8.0,7.3,12.0,1.7,16.0,0.6,0.4,0.4,-16.5,116.6,283.9,114.2,10.0,187.0,14.0,0.6,0.4,0.5,-121.1,-23.5,95.5,-14.1,10.0,107.3,14.0,0.6,0.4,0.5,-1.36,2.4,4.9,2.04,10.0,2.99,16.0,0.7,0.3,0.4,-6.6,37.1,73.9,29.7,8.0,41.2,14.0,0.8,0.3,0.4,0.01,0.9,1.37,0.75,6.0,0.74,12.0,0.7,0.3,0.3,-0.7,13.4,28.0,13.3,6.0,14.0,12.0,0.7,0.3,0.3,-44.6,-9.2,0.0,-16.3,10.0,25.2,14.0,0.6,0.4,0.5,0.0,8.3,19.4,10.7,10.0,14.7,14.0,0.6,0.4,0.5,-2.0,36.1,52.2,29.0,6.0,28.3,12.0,0.7,0.3,0.3,-23.5,-5.5,18.7,0.7,6.0,31.1,12.0,0.7,0.3,0.3,0.5,12.3,26.3,13.1,6.0,12.4,12.0,0.7,0.3,0.3,-9.6,-4.7,0.8,-4.2,6.0,5.2,12.0,0.7,0.3,0.3,659.5,2416.0,5544.0,3221.5,10.0,2895.5,14.0,0.6,0.4,0.5,660.0,2415.0,5545.0,3220.0,10.0,2895.0,14.0,0.6,0.4,0.5
1974,2,149.0,44.0,0.48,1.35,3.02,1.73,32.0,1.51,16.0,0.5,0.4,0.6,-3.76,-0.5,2.23,-0.86,34.0,2.85,16.0,0.4,0.3,0.6,2.88,3.32,3.58,3.2,7.0,0.55,12.0,0.6,0.4,0.3,81.4,90.1,93.4,86.9,7.0,10.0,12.0,0.6,0.3,5.02,9.8,16.5,11.09,34.0,5.51,16.0,0.4,0.3,0.6,-5.05,6.52,12.03,3.62,34.0,9.06,16.0,0.4,0.3,0.6,-7.41,-2.78,3.14,-3.32,34.0,7.07,16.0,0.4,0.3,0.6,1002.23,1014.0,1019.47,1010.13,33.0,11.07,16.0,0.5,0.3,0.6,2.3,6.0,8.0,5.4,28.0,2.6,16.0,0.4,0.3,0.6,-40.9,61.1,149.6,37.7,34.0,148.4,16.0,0.4,0.3,0.6,-93.2,-14.2,28.4,-56.4,34.0,136.2,16.0,0.4,0.3,0.6,-0.1,2.75,5.72,2.52,32.0,2.97,16.0,0.5,0.4,0.6,-0.4,24.6,68.5,33.6,32.0,40.3,16.0,0.5,0.4,0.6,0.72,1.2,2.17,1.35,7.0,0.67,12.0,0.6,0.4,0.3,7.4,15.5,27.4,18.6,7.0,11.6,12.0,0.6,0.4,0.3,-33.8,0.0,16.1,-5.3,34.0,31.4,16.0,0.4,0.3,0.6,-4.5,0.0,19.8,5.1,34.0,19.2,16.0,0.4,0.3,0.6,20.9,30.0,39.9,30.2,7.0,17.7,12.0,0.6,0.4,0.3,-20.8,0.0,13.4,-9.1,7.0,30.1,12.0,0.6,0.4,0.3,3.9,11.8,27.4,14.5,7.0,13.5,12.0,0.6,0.4,0.3,-10.5,0.0,1.8,-3.6,7.0,9.7,12.0,0.6,0.4,0.3,127.0,941.0,4532.5,2445.0,34.0,3497.0,16.0,0.4,0.3,0.6,125.0,940.0,4530.0,2445.0,34.0,3495.0,16.0,0.4,0.3,0.6
1974,2,149.0,45.0,,,,,,,,,,,,,,,,,,,,,,,,,,,,,,,,,,,,,,,,6.2,9.25,15.44,10.05,48.0,4.69,16.0,0.5,0.4,0.4,-5.01,1.97,10.53,2.32,48.0,7.95,16.0,0.5,0.4,0.4,-9.05,-2.39,5.68,-2.69,48.0,7.0,16.0,0.5,0.4,0.4,994.61,1007.8,1015.6,1006.14,50.0,10.05,16.0,0.5,0.4,0.4,,,,,,,,,,,,,,,,,,,,,,,,,,,,,,,,,,,,,,,,,,,,,,,,,,,,,,,,,,,,,,,,,,,,,,,,,,,,,,,,,,,,,,,,,,,,,,,,,,,,,,,,,,,,,,,,,,,,,,,,,,,,,,,,,,,,,,,,,,,,,,,,,,,,,,
1974,2,149.0,46.0,,,,,,,,,,,,,,,,,,,,,,,,,,,,,,,,,,,,,,,,7.2,14.9,19.0,14.24,10.0,6.46,12.0,0.7,0.4,0.5,-4.57,2.0,17.8,3.75,10.0,11.98,12.0,0.7,0.4,0.5,-13.82,-6.16,3.98,-5.1,10.0,8.88,12.0,0.7,0.4,0.5,997.63,1010.8,1017.97,1009.01,10.0,10.34,12.0,0.7,0.4,0.5,,,,,,,,,,,,,,,,,,,,,,,,,,,,,,,,,,,,,,,,,,,,,,,,,,,,,,,,,,,,,,,,,,,,,,,,,,,,,,,,,,,,,,,,,,,,,,,,,,,,,,,,,,,,,,,,,,,,,,,,,,,,,,,,,,,,,,,,,,,,,,,,,,,,,,
1974,2,149.0,47.0,,,,,,,,,,,,,,,,,,,,,,,,,,,,,,,,,,,,,,,,4.67,9.8,19.8,11.94,9.0,7.21,14.0,0.3,0.5,0.5,-5.13,0.0,7.24,1.49,9.0,9.68,14.0,0.3,0.5,0.5,-14.67,-4.9,1.02,-6.04,9.0,8.68,14.0,0.3,0.5,0.5,1002.71,1012.5,1015.69,1008.14,9.0,10.04,14.0,0.3,0.5,0.5,,,,,,,,,,,,,,,,,,,,,,,,,,,,,,,,,,,,,,,,,,,,,,,,,,,,,,,,,,,,,,,,,,,,,,,,,,,,,,,,,,,,,,,,,,,,,,,,,,,,,,,,,,,,,,,,,,,,,,,,,,,,,,,,,,,,,,,,,,,,,,,,,,,,,,
1974,2,149.0,48.0,,,,,,,,,,,,,,,,,,,,,,,,,,,,,,,,,,,,,,,,6.2,12.9,13.14,11.27,7.0,4.22,12.0,0.6,0.5,0.4,-10.02,0.0,8.36,-0.72,7.0,9.03,12.0,0.6,0.5,0.4,-10.27,-2.12,0.11,-5.39,7.0,7.06,12.0,0.6,0.5,0.4,1002.6,1010.35,1013.04,1008.91,8.0,5.42,14.0,0.5,0.5,0.4,,,,,,,,,,,,,,,,,,,,,,,,,,,,,,,,,,,,,,,,,,,,,,,,,,,,,,,,,,,,,,,,,,,,,,,,,,,,,,,,,,,,,,,,,,,,,,,,,,,,,,,,,,,,,,,,,,,,,,,,,,,,,,,,,,,,,,,,,,,,,,,,,,,,,,
1974,2,149.0,49.0,,,,,,,,,,,,,,,,,,,,,,,,,,,,,,,,,,,,,,,,5.4,8.7,12.6,9.53,9.0,4.6,12.0,0.1,0.5,0.4,-3.92,0.0,5.48,1.07,9.0,6.55,12.0,0.1,0.5,0.4,-8.19,-5.9,0.58,-5.72,9.0,6.51,12.0,0.1,0.5,0.4,1008.27,1011.6,1019.41,1010.64,9.0,9.93,12.0,0.1,0.5,0.4,,,,,,,,,,,,,,,,,,,,,,,,,,,,,,,,,,,,,,,,,,,,,,,,,,,,,,,,,,,,,,,,,,,,,,,,,,,,,,,,,,,,,,,,,,,,,,,,,,,,,,,,,,,,,,,,,,,,,,,,,,,,,,,,,,,,,,,,,,,,,,,,,,,,,,
1974,2,149.0,50.0,,,,,,,,,,,,,,,,,,,,,,,,,,,,,,,,,,,,,,,,11.12,11.8,13.92,12.5,3.0,2.14,8.0,0.7,0.5,0.3,-0.9,5.1,9.67,4.4,3.0,7.77,8.0,0.7,0.5,0.3,-12.78,-10.15,-3.22,-8.05,3.0,7.23,8.0,0.7,0.5,0.3,1008.97,1011.7,1012.86,1010.93,3.0,2.93,8.0,0.7,0.5,0.3,,,,,,,,,,,,,,,,,,,,,,,,,,,,,,,,,,,,,,,,,,,,,,,,,,,,,,,,,,,,,,,,,,,,,,,,,,,,,,,,,,,,,,,,,,,,,,,,,,,,,,,,,,,,,,,,,,,,,,,,,,,,,,,,,,,,,,,,,,,,,,,,,,,,,,
1974,2,149.0,51.0,,,,,,,,,,,,,,,,,,,,,,,,,,,,,,,,,,,,,,,,14.38,15.4,16.48,15.43,4.0,1.33,12.0,0.8,0.7,0.3,-4.58,7.51,11.38,3.59,4.0,11.93,12.0,0.8,0.7,0.3,-13.03,-6.67,4.83,-4.22,4.0,11.66,12.0,0.8,0.7,0.3,1005.93,1010.75,1013.27,1009.65,4.0,5.17,12.0,0.8,0.7,0.3,,,,,,,,,,,,,,,,,,,,,,,,,,,,,,,,,,,,,,,,,,,,,,,,,,,,,,,,,,,,,,,,,,,,,,,,,,,,,,,,,,,,,,,,,,,,,,,,,,,,,,,,,,,,,,,,,,,,,,,,,,,,,,,,,,,,,,,,,,,,,,,,,,,,,,
1974,2,149.0,52.0,,,,,,,,,,,,,,,,,,,,,,,,,,,,,,,,,,,,,,,,2.1,7.2,7.75,5.46,5.0,3.13,14.0,0.6,0.6,0.6,-4.32,-1.25,3.49,-0.6,5.0,5.58,14.0,0.6,0.6,0.6,-2.11,0.0,2.59,0.5,5.0,3.89,14.0,0.6,0.6,0.6,1005.61,1013.3,1013.69,1009.82,5.0,6.56,14.0,0.6,0.6,0.6,,,,,,,,,,,,,,,,,,,,,,,,,,,,,,,,,,,,,,,,,,,,,,,,,,,,,,,,,,,,,,,,,,,,,,,,,,,,,,,,,,,,,,,,,,,,,,,,,,,,,,,,,,,,,,,,,,,,,,,,,,,,,,,,,,,,,,,,,,,,,,,,,,,,,,
1974,2,149.0,53.0,,,,,,,,,,,,,,,,,,,,,,,,,,,,,,,,,,,,,,,,5.0,6.95,8.9,6.95,2.0,4.03,6.0,0.5,0.4,0.6,-1.95,-0.47,1.01,-0.47,2.0,3.07,6.0,0.5,0.4,0.6,-8.62,-6.4,-4.17,-6.4,2.0,4.6,6.0,0.5,0.4,0.6,1007.49,1013.5,1017.05,1012.3,3.0,7.08,4.0,0.3,0.6,0.5,,,,,,,,,,,,,,,,,,,,,,,,,,,,,,,,,,,,,,,,,,,,,,,,,,,,,,,,,,,,,,,,,,,,,,,,,,,,,,,,,,,,,,,,,,,,,,,,,,,,,,,,,,,,,,,,,,,,,,,,,,,,,,,,,,,,,,,,,,,,,,,,,,,,,,
1974,2,149.0,55.0,,,,,,,,,,,,,,,,,,,,,,,,,,,,,,,,,,,,,,,,9.68,11.8,13.23,11.47,3.0,2.62,4.0,0.7,0.6,0.7,-8.22,0.0,2.03,-3.02,3.0,7.95,4.0,0.7,0.6,0.7,-10.65,-8.18,-7.34,-8.98,3.0,2.52,4.0,0.7,0.6,0.7,1015.23,1016.0,1019.33,1017.23,4.0,3.24,4.0,0.8,0.6,0.6,,,,,,,,,,,,,,,,,,,,,,,,,,,,,,,,,,,,,,,,,,,,,,,,,,,,,,,,,,,,,,,,,,,,,,,,,,,,,,,,,,,,,,,,,,,,,,,,,,,,,,,,,,,,,,,,,,,,,,,,,,,,,,,,,,,,,,,,,,,,,,,,,,,,,,
1974,2,149.0,56.0,,,,,,,,,,,,,,,,,,,,,,,,,,,,,,,,,,,,,,,,7.2,7.2,7.2,7.2,1.0,0.0,18.0,0.0,0.1,0.4,-7.09,-7.09,-7.09,-7.09,1.0,0.0,18.0,0.0,0.1,0.4,1.25,1.25,1.25,1.25,1.0,0.0,18.0,0.0,0.1,0.4,1010.7,1010.7,1010.7,1010.7,1.0,0.0,18.0,0.0,0.1,0.4,,,,,,,,,,,,,,,,,,,,,,,,,,,,,,,,,,,,,,,,,,,,,,,,,,,,,,,,,,,,,,,,,,,,,,,,,,,,,,,,,,,,,,,,,,,,,,,,,,,,,,,,,,,,,,,,,,,,,,,,,,,,,,,,,,,,,,,,,,,,,,,,,,,,,,
1974,2,149.0,57.0,,,,,,,,,,,,,,,,,,,,,,,,,,,,,,,,,,,,,,,,13.9,13.9,13.9,13.9,1.0,0.0,2.0,0.0,0.9,0.0,-12.04,-12.04,-12.04,-12.04,1.0,0.0,2.0,0.0,0.9,0.0,-6.95,-6.95,-6.95,-6.95,1.0,0.0,2.0,0.0,0.9,0.0,1017.34,1017.85,1018.36,1017.85,2.0,1.06,6.0,0.0,0.6,0.2,,,,,,,,,,,,,,,,,,,,,,,,,,,,,,,,,,,,,,,,,,,,,,,,,,,,,,,,,,,,,,,,,,,,,,,,,,,,,,,,,,,,,,,,,,,,,,,,,,,,,,,,,,,,,,,,,,,,,,,,,,,,,,,,,,,,,,,,,,,,,,,,,,,,,,
1974,2,150.0,-66.0,1.1,1.1,1.1,1.1,1.0,0.0,4.0,0.0,0.6,1.0,-2.8,-2.8,-2.8,-2.8,1.0,0.0,4.0,0.0,0.6,1.0,3.18,3.18,3.18,3.18,1.0,0.0,4.0,0.0,0.6,1.0,100.0,100.0,100.0,100.0,1.0,0.0,4.0,0.0,1.0,7.7,7.7,7.7,7.7,1.0,0.0,4.0,0.0,0.6,1.0,-4.95,-4.95,-4.95,-4.95,1.0,0.0,4.0,0.0,0.6,1.0,5.9,5.9,5.9,5.9,1.0,0.0,4.0,0.0,0.6,1.0,981.0,981.0,981.0,981.0,1.0,0.0,4.0,0.0,0.6,1.0,8.0,8.0,8.0,8.0,1.0,0.0,4.0,0.0,0.6,1.0,-38.1,-38.1,-38.1,-38.1,1.0,0.0,4.0,0.0,0.6,1.0,45.4,45.4,45.4,45.4,1.0,0.0,4.0,0.0,0.6,1.0,3.9,3.9,3.9,3.9,1.0,0.0,4.0,0.0,0.6,1.0,30.0,30.0,30.0,30.0,1.0,0.0,4.0,0.0,0.6,1.0,1.05,1.05,1.05,1.05,1.0,0.0,4.0,0.0,0.6,1.0,8.1,8.1,8.1,8.1,1.0,0.0,4.0,0.0,0.6,1.0,13.9,13.9,13.9,13.9,1.0,0.0,4.0,0.0,0.6,1.0,-16.5,-16.5,-16.5,-16.5,1.0,0.0,4.0,0.0,0.6,1.0,-15.7,-15.7,-15.7,-15.7,1.0,0.0,4.0,0.0,0.6,1.0,18.7,18.7,18.7,18.7,1.0,0.0,4.0,0.0,0.6,1.0,-5.2,-5.2,-5.2,-5.2,1.0,0.0,4.0,0.0,0.6,1.0,6.2,6.2,6.2,6.2,1.0,0.0,4.0,0.0,0.6,1.0,456.5,456.5,456.5,456.5,1.0,0.0,4.0,0.0,0.6,1.0,455.0,455.0,455.0,455.0,1.0,0.0,4.0,0.0,0.6,1.0
1974,2,150.0,-56.0,,,,,,,,,,,,,,,,,,,,,,,,,,,,,,,,,,,,,,,,8.7,8.7,8.7,8.7,1.0,0.0,6.0,0.0,0.6,0.8,6.66,6.66,6.66,6.66,1.0,0.0,6.0,0.0,0.6,0.8,-5.59,-5.59,-5.59,-5.59,1.0,0.0,6.0,0.0,0.6,0.8,1006.6,1006.6,1006.6,1006.6,1.0,0.0,6.0,0.0,0.6,0.8,,,,,,,,,,,,,,,,,,,,,,,,,,,,,,,,,,,,,,,,,,,,,,,,,,,,,,,,,,,,,,,,,,,,,,,,,,,,,,,,,,,,,,,,,,,,,,,,,,,,,,,,,,,,,,,,,,,,,,,,,,,,,,,,,,,,,,,,,,,,,,,,,,,,,,
1974,2,150.0,-52.0,,,,,,,,,,,,,,,,,,,,,,,,,,,,,,,,,,,,,,,,15.9,15.9,15.9,15.9,1.0,0.0,26.0,1.0,0.8,0.1,15.66,15.66,15.66,15.66,1.0,0.0,26.0,1.0,0.8,0.1,-2.76,-2.76,-2.76,-2.76,1.0,0.0,26.0,1.0,0.8,0.1,1000.6,1000.6,1000.6,1000.6,1.0,0.0,26.0,1.0,0.8,0.1,,,,,,,,,,,,,,,,,,,,,,,,,,,,,,,,,,,,,,,,,,,,,,,,,,,,,,,,,,,,,,,,,,,,,,,,,,,,,,,,,,,,,,,,,,,,,,,,,,,,,,,,,,,,,,,,,,,,,,,,,,,,,,,,,,,,,,,,,,,,,,,,,,,,,,
1974,2,150.0,-42.0,15.88,19.5,19.5,17.73,3.0,3.06,16.0,0.7,0.4,0.4,14.17,16.7,16.84,15.53,3.0,2.2,16.0,0.7,0.4,0.4,6.82,9.23,10.38,8.61,3.0,2.67,16.0,0.7,0.4,0.4,67.3,77.8,87.9,77.6,3.0,15.1,16.0,0.7,0.4,2.14,4.6,6.03,4.1,3.0,2.88,16.0,0.7,0.4,0.4,-0.64,0.0,2.95,1.13,3.0,2.81,16.0,0.7,0.4,0.4,0.73,1.57,5.07,2.87,3.0,3.37,16.0,0.7,0.4,0.4,1015.41,1019.1,1026.13,1020.73,3.0,7.98,16.0,0.7,0.4,0.4,3.2,8.0,8.0,5.7,3.0,4.0,16.0,0.7,0.4,0.4,-0.6,0.0,13.6,6.3,3.0,11.8,16.0,0.7,0.4,0.4,2.5,7.2,32.9,17.5,3.0,24.0,16.0,0.7,0.4,0.4,1.64,2.6,2.74,2.2,3.0,0.87,16.0,0.7,0.4,0.4,3.7,5.5,13.6,8.6,3.0,7.8,16.0,0.7,0.4,0.4,3.49,4.19,4.59,4.05,3.0,0.82,16.0,0.7,0.4,0.4,8.3,19.3,28.0,18.2,3.0,14.5,16.0,0.7,0.4,0.4,-10.7,0.0,38.4,13.5,3.0,37.8,16.0,0.7,0.4,0.4,10.4,20.5,83.8,46.5,3.0,58.3,16.0,0.7,0.4,0.4,-7.0,0.0,16.8,4.8,3.0,17.9,16.0,0.7,0.4,0.4,5.4,9.0,45.0,24.8,3.0,32.1,16.0,0.7,0.4,0.4,-2.0,0.0,12.4,5.0,3.0,11.4,16.0,0.7,0.4,0.4,2.8,6.6,24.0,13.2,3.0,16.5,16.0,0.7,0.4,0.4,31.5,97.5,236.0,133.0,3.0,153.0,16.0,0.7,0.4,0.4,30.0,95.0,235.0,135.0,3.0,155.0,16.0,0.7,0.4,0.4
1974,2,150.0,-40.0,20.0,20.15,20.88,20.43,4.0,0.67,12.0,0.3,0.5,0.5,18.86,20.4,21.16,20.03,4.0,1.5,12.0,0.3,0.5,0.5,11.14,14.12,14.67,12.94,3.0,2.78,14.0,0.0,0.4,0.4,75.9,91.1,93.9,85.0,3.0,14.2,14.0,0.0,0.4,5.03,7.7,7.96,6.55,4.0,2.64,12.0,0.3,0.5,0.5,-6.08,-3.14,0.24,-2.93,4.0,3.88,12.0,0.3,0.5,0.5,-6.78,-1.95,3.1,-1.85,4.0,5.76,12.0,0.3,0.5,0.5,1014.58,1020.15,1022.37,1018.55,4.0,5.27,12.0,0.3,0.5,0.5,0.5,4.0,7.0,3.8,4.0,3.8,12.0,0.3,0.5,0.5,-48.7,-24.2,-2.6,-25.6,4.0,28.0,12.0,0.3,0.5,0.5,-52.2,-20.1,20.1,-16.3,4.0,43.1,12.0,0.3,0.5,0.5,-0.32,0.15,1.14,0.4,4.0,1.14,12.0,0.3,0.5,0.5,-2.6,0.6,9.0,3.1,4.0,9.3,12.0,0.3,0.5,0.5,0.77,0.86,3.45,2.08,3.0,2.23,14.0,0.0,0.4,0.4,5.9,6.6,10.4,8.1,3.0,3.5,14.0,0.0,0.4,0.4,-116.5,-66.2,3.8,-56.8,4.0,73.4,12.0,0.3,0.5,0.5,-143.6,-42.2,57.4,-43.0,4.0,116.9,12.0,0.3,0.5,0.5,-54.0,-20.0,4.8,-24.5,3.0,43.3,14.0,0.0,0.4,0.4,-103.7,-83.3,-13.2,-59.0,3.0,69.6,14.0,0.0,0.4,0.4,-2.8,-1.1,4.9,1.0,3.0,6.0,14.0,0.0,0.4,0.4,-5.8,-4.3,5.0,-0.5,3.0,8.5,14.0,0.0,0.4,0.4,226.5,456.5,506.0,370.5,4.0,239.5,12.0,0.3,0.5,0.5,225.0,455.0,505.0,370.0,4.0,240.0,12.0,0.3,0.5,0.5
1974,2,150.0,-39.0,21.24,21.7,22.26,21.75,4.0,0.62,16.0,0.3,0.5,0.6,18.74,20.0,20.0,19.46,5.0,0.78,16.0,0.4,0.4,0.6,9.19,10.24,10.76,9.99,4.0,1.02,16.0,0.3,0.5,0.6,67.0,70.6,77.0,71.9,4.0,6.5,16.0,0.3,0.6,5.25,10.8,11.47,8.78,5.0,3.7,16.0,0.4,0.4,0.6,-6.21,0.0,4.78,-0.85,5.0,6.71,16.0,0.4,0.4,0.6,1.44,4.75,10.71,5.75,5.0,4.78,16.0,0.4,0.4,0.6,1008.13,1020.9,1023.72,1016.9,5.0,8.41,16.0,0.4,0.4,0.6,3.3,6.0,8.0,5.6,5.0,2.6,16.0,0.4,0.4,0.6,-51.6,0.0,43.3,-6.3,5.0,71.6,16.0,0.4,0.4,0.6,14.2,29.4,121.9,60.1,5.0,59.2,16.0,0.4,0.4,0.6,2.05,2.3,2.81,2.43,4.0,0.5,16.0,0.3,0.5,0.6,9.9,21.6,32.2,21.0,4.0,13.0,16.0,0.3,0.5,0.6,5.44,6.47,6.93,6.2,4.0,1.19,16.0,0.3,0.5,0.6,27.7,59.7,79.2,53.7,4.0,31.0,16.0,0.3,0.5,0.6,-121.9,0.0,95.5,-16.3,5.0,133.8,16.0,0.4,0.4,0.6,28.6,95.0,203.3,111.2,5.0,91.2,16.0,0.4,0.4,0.6,-20.2,19.6,53.0,16.5,4.0,45.5,16.0,0.3,0.5,0.6,25.8,69.9,103.7,65.0,4.0,47.8,16.0,0.3,0.5,0.6,-8.4,13.0,33.1,12.4,4.0,25.1,16.0,0.3,0.5,0.6,16.2,49.8,74.1,45.4,4.0,35.1,16.0,0.3,0.5,0.6,168.5,1259.5,1524.5,947.5,5.0,773.5,16.0,0.4,0.4,0.6,170.0,1260.0,1525.0,945.0,5.0,775.0,16.0,0.4,0.4,0.6
1974,2,150.0,-38.0,20.0,20.2,23.41,20.96,14.0,1.96,18.0,0.6,0.2,0.7,17.49,19.5,21.8,19.61,15.0,2.07,18.0,0.6,0.2,0.7,9.33,10.57,13.83,11.35,15.0,2.22,18.0,0.6,0.2,0.7,66.1,80.2,92.2,79.5,15.0,10.7,18.0,0.6,0.7,2.9,6.7,8.4,6.16,13.0,3.57,16.0,0.6,0.2,0.7,-1.21,0.87,4.12,1.36,13.0,3.5,16.0,0.6,0.2,0.7,-2.93,2.64,7.93,2.46,13.0,5.75,16.0,0.6,0.2,0.7,1004.96,1015.7,1018.82,1013.95,15.0,6.51,18.0,0.6,0.2,0.7,1.2,4.0,8.0,4.5,15.0,2.9,18.0,0.6,0.2,0.7,-4.0,0.9,33.1,12.9,13.0,25.2,16.0,0.6,0.2,0.7,-9.4,10.8,63.6,28.4,13.0,58.9,16.0,0.6,0.2,0.7,0.53,1.5,2.95,1.41,14.0,1.88,18.0,0.6,0.2,0.7,0.6,8.3,15.8,10.1,12.0,18.2,16.0,0.6,0.2,0.7,1.7,4.66,5.6,4.24,14.0,2.39,18.0,0.6,0.2,0.7,3.4,25.1,46.1,30.4,12.0,34.6,16.0,0.6,0.2,0.7,-25.8,19.9,70.3,25.6,13.0,70.5,16.0,0.6,0.2,0.7,-62.2,47.4,144.3,46.7,13.0,108.1,16.0,0.6,0.2,0.7,-17.5,12.0,45.8,14.8,13.0,39.6,16.0,0.6,0.2,0.7,-42.7,24.4,84.0,21.4,13.0,58.4,16.0,0.6,0.2,0.7,-0.2,5.1,23.8,8.4,12.0,17.2,16.0,0.6,0.2,0.7,-4.2,7.3,39.7,19.9,12.0,37.5,16.0,0.6,0.2,0.7,27.0,301.0,603.0,463.5,13.0,661.0,16.0,0.6,0.2,0.7,25.0,300.0,605.0,465.0,13.0,660.0,16.0,0.6,0.2,0.7
1974,2,150.0,-37.0,20.4,22.05,23.0,21.77,6.0,1.28,22.0,0.3,0.5,0.6,19.5,19.9,22.27,20.74,8.0,1.67,22.0,0.4,0.5,0.6,9.63,10.28,10.81,10.28,6.0,0.91,22.0,0.3,0.5,0.6,63.4,71.0,76.5,70.8,6.0,7.0,22.0,0.3,0.6,3.08,4.6,6.75,5.14,7.0,1.94,24.0,0.4,0.5,0.6,-2.2,-1.57,-0.43,-1.89,7.0,2.06,24.0,0.4,0.5,0.6,-2.38,4.32,6.74,2.9,7.0,4.05,24.0,0.4,0.5,0.6,1017.52,1019.75,1022.81,1019.69,8.0,3.05,22.0,0.4,0.5,0.6,0.8,1.5,7.2,3.2,6.0,3.4,24.0,0.5,0.5,0.6,-11.8,-7.2,-1.1,-10.6,7.0,14.4,24.0,0.4,0.5,0.6,-6.7,19.9,45.5,20.6,7.0,24.4,24.0,0.4,0.5,0.6,0.52,1.6,2.92,1.65,6.0,1.21,22.0,0.3,0.5,0.6,1.8,9.2,17.5,9.7,6.0,8.0,22.0,0.3,0.5,0.6,5.28,5.63,6.9,5.9,6.0,0.85,22.0,0.3,0.5,0.6,22.2,31.1,43.7,32.6,6.0,10.9,22.0,0.3,0.5,0.6,-48.5,-30.7,-10.3,-38.3,7.0,40.8,24.0,0.4,0.5,0.6,-53.6,84.3,131.5,54.3,7.0,83.2,24.0,0.4,0.5,0.6,-28.3,-17.2,-11.2,-21.0,6.0,18.9,22.0,0.3,0.5,0.6,11.2,47.1,68.6,39.3,6.0,37.4,22.0,0.3,0.5,0.6,-17.9,-8.3,-5.9,-11.9,6.0,11.6,22.0,0.3,0.5,0.6,6.4,22.8,43.2,21.8,6.0,22.8,22.0,0.3,0.5,0.6,29.0,97.5,308.0,185.5,7.0,167.5,24.0,0.4,0.5,0.6,30.0,95.0,310.0,185.0,7.0,165.0,24.0,0.4,0.5,0.6
1974,2,150.0,-36.0,20.59,23.5,24.4,22.78,11.0,1.74,20.0,0.4,0.7,0.5,19.95,21.3,23.02,21.52,13.0,1.43,18.0,0.4,0.7,0.5,10.95,12.48,15.17,12.74,12.0,2.11,18.0,0.3,0.7,0.5,71.7,76.1,91.6,79.2,12.0,11.5,18.0,0.3,0.5,3.1,5.1,9.71,6.92,11.0,4.88,16.0,0.4,0.7,0.5,-2.58,-0.45,3.91,0.71,11.0,3.54,16.0,0.4,0.7,0.5,-3.33,4.32,7.57,3.73,11.0,6.93,16.0,0.4,0.7,0.5,1007.54,1017.1,1019.51,1014.15,13.0,6.71,18.0,0.4,0.7,0.5,1.9,7.0,8.0,5.7,13.0,2.9,18.0,0.4,0.7,0.5,-10.7,-1.2,52.7,14.2,11.0,34.2,16.0,0.4,0.7,0.5,-12.6,19.9,71.0,52.9,11.0,112.0,16.0,0.4,0.7,0.5,0.0,1.3,2.75,1.24,11.0,1.98,20.0,0.4,0.7,0.5,3.9,5.5,19.8,9.5,9.0,12.4,18.0,0.3,0.7,0.4,1.76,4.25,7.54,4.45,11.0,2.6,20.0,0.4,0.7,0.5,10.3,18.2,37.2,23.6,9.0,18.8,18.0,0.3,0.7,0.4,-54.6,-10.4,80.9,14.2,11.0,75.0,16.0,0.4,0.7,0.5,-76.9,96.0,151.0,73.8,11.0,144.0,16.0,0.4,0.7,0.5,-33.4,-8.9,51.2,8.1,10.0,51.6,16.0,0.3,0.7,0.4,-54.1,37.3,90.9,23.3,10.0,67.2,16.0,0.3,0.7,0.4,-16.0,-4.5,5.7,-4.0,9.0,12.3,18.0,0.3,0.7,0.4,-8.2,6.6,34.3,11.8,9.0,25.5,18.0,0.3,0.7,0.4,30.0,132.5,923.5,946.5,11.0,2174.0,16.0,0.4,0.7,0.5,30.0,135.0,925.0,945.0,11.0,2175.0,16.0,0.4,0.7,0.5
1974,2,150.0,-23.0,24.95,26.9,27.9,26.45,4.0,1.86,22.0,0.5,0.7,0.7,24.4,26.75,28.31,26.38,4.0,2.9,22.0,0.5,0.7,0.7,13.9,16.73,19.13,16.53,4.0,3.16,22.0,0.5,0.7,0.7,69.4,73.6,84.0,76.6,4.0,10.5,22.0,0.5,0.7,4.29,6.95,9.87,7.08,4.0,4.17,22.0,0.5,0.7,0.7,-5.98,-3.08,3.09,-1.52,4.0,5.81,22.0,0.5,0.7,0.7,2.68,3.48,7.29,4.92,4.0,3.88,22.0,0.5,0.7,0.7,1010.0,1011.25,1012.19,1011.1,4.0,1.68,22.0,0.5,0.7,0.7,2.4,5.5,7.0,4.8,4.0,3.4,22.0,0.5,0.7,0.7,-58.1,-19.8,23.2,-17.6,4.0,51.7,22.0,0.5,0.7,0.7,13.0,24.2,81.0,45.9,4.0,57.5,22.0,0.5,0.7,0.7,-1.13,0.25,1.26,0.08,4.0,1.46,22.0,0.5,0.7,0.7,-6.5,4.9,11.6,2.7,4.0,11.1,22.0,0.5,0.7,0.7,3.02,5.4,7.32,5.18,4.0,3.08,22.0,0.5,0.7,0.7,17.3,37.6,75.9,46.2,4.0,43.9,22.0,0.5,0.7,0.7,-168.7,-87.9,68.9,-51.6,4.0,148.3,22.0,0.5,0.7,0.7,67.3,89.9,197.7,130.6,4.0,106.2,22.0,0.5,0.7,0.7,-100.0,-49.9,38.5,-31.6,4.0,86.5,22.0,0.5,0.7,0.7,43.5,53.9,113.4,77.3,4.0,56.1,22.0,0.5,0.7,0.7,-41.8,-14.7,18.7,-11.7,4.0,38.6,22.0,0.5,0.7,0.7,9.3,18.8,58.5,33.2,4.0,40.4,22.0,0.5,0.7,0.7,148.0,337.0,1152.5,636.0,4.0,831.5,22.0,0.5,0.7,0.7,150.0,335.0,1155.0,635.0,4.0,830.0,22.0,0.5,0.7,0.7
1974,2,150.0,-22.0,25.89,27.5,28.0,27.31,11.0,1.53,16.0,0.5,0.5,0.3,25.55,26.5,27.44,26.65,11.0,1.91,16.0,0.5,0.5,0.3,15.21,16.84,21.19,17.54,10.0,2.72,14.0,0.6,0.4,0.4,70.5,75.3,89.9,78.2,10.0,10.7,14.0,0.6,0.4,4.27,9.3,11.96,8.56,11.0,3.94,18.0,0.5,0.5,0.3,-9.06,-5.9,-3.57,-6.03,11.0,2.99,18.0,0.5,0.5,0.3,2.32,5.52,8.28,5.91,11.0,2.96,18.0,0.5,0.5,0.3,1006.11,1008.95,1009.85,1007.58,12.0,3.99,16.0,0.5,0.5,0.3,1.7,3.5,7.3,4.3,12.0,2.6,16.0,0.5,0.5,0.3,-110.1,-45.4,-16.3,-61.7,11.0,46.2,18.0,0.5,0.5,0.3,10.2,53.0,96.6,60.6,11.0,47.7,18.0,0.5,0.5,0.3,-0.64,0.3,1.0,0.27,10.0,1.21,14.0,0.6,0.4,0.4,-1.4,3.1,9.8,4.5,9.0,6.9,16.0,0.6,0.5,0.4,1.95,6.07,7.4,5.36,10.0,3.32,14.0,0.6,0.4,0.4,26.3,53.8,79.0,50.0,9.0,28.0,16.0,0.6,0.5,0.4,-221.8,-149.3,-86.6,-148.3,10.0,71.6,16.0,0.5,0.5,0.3,64.6,138.8,216.4,148.2,10.0,75.6,16.0,0.5,0.5,0.3,-135.5,-83.9,-47.5,-87.7,9.0,44.7,16.0,0.6,0.5,0.4,45.2,88.3,126.4,89.7,9.0,45.7,16.0,0.6,0.5,0.4,-52.9,-32.0,-19.9,-34.8,9.0,19.0,16.0,0.6,0.5,0.4,15.5,32.5,59.0,34.9,9.0,22.3,16.0,0.6,0.5,0.4,90.0,804.5,1733.5,976.0,11.0,945.0,18.0,0.5,0.5,0.3,90.0,805.0,1735.0,975.0,11.0,945.0,18.0,0.5,0.5,0.3
1974,2,150.0,-16.0,28.16,28.5,28.84,28.5,2.0,0.71,16.0,0.5,0.3,0.6,28.21,28.65,29.09,28.65,2.0,0.92,16.0,0.5,0.3,0.6,20.42,20.42,20.42,20.42,1.0,0.0,8.0,0.0,0.0,0.6,85.8,85.8,85.8,85.8,1.0,0.0,8.0,0.0,0.6,2.26,2.6,2.94,2.6,2.0,0.71,16.0,0.5,0.3,0.6,-2.57,-1.53,-0.48,-1.53,2.0,2.16,16.0,0.5,0.3,0.6,-1.85,-1.32,-0.79,-1.32,2.0,1.1,16.0,0.5,0.3,0.6,1005.24,1005.75,1006.26,1005.75,2.0,1.06,16.0,0.5,0.3,0.6,3.6,5.0,6.4,5.0,2.0,2.8,16.0,0.5,0.3,0.6,-8.0,-4.7,-1.5,-4.7,2.0,6.7,16.0,0.5,0.3,0.6,-4.0,-3.0,-2.1,-3.0,2.0,1.9,16.0,0.5,0.3,0.6,-0.93,-0.15,0.63,-0.15,2.0,1.63,16.0,0.5,0.3,0.6,-3.1,-1.0,1.1,-1.0,2.0,4.3,16.0,0.5,0.3,0.6,4.88,4.88,4.88,4.88,1.0,0.0,8.0,0.0,0.0,0.6,10.3,10.3,10.3,10.3,1.0,0.0,8.0,0.0,0.0,0.6,-75.3,-44.7,-14.2,-44.7,2.0,63.3,16.0,0.5,0.3,0.6,-52.0,-37.3,-22.6,-37.3,2.0,30.4,16.0,0.5,0.3,0.6,0.0,0.0,0.0,0.0,1.0,0.0,8.0,0.0,0.0,0.6,-42.9,-42.9,-42.9,-42.9,1.0,0.0,8.0,0.0,0.0,0.6,0.0,0.0,0.0,0.0,1.0,0.0,8.0,0.0,0.0,0.6,-10.3,-10.3,-10.3,-10.3,1.0,0.0,8.0,0.0,0.0,0.6,12.5,19.5,26.5,19.5,2.0,14.5,16.0,0.5,0.3,0.6,15.0,20.0,25.0,20.0,2.0,15.0,16.0,0.5,0.3,0.6
1974,2,150.0,-15.0,28.78,29.2,30.6,29.56,5.0,0.99,20.0,0.8,0.7,0.6,27.72,28.4,29.63,28.65,6.0,1.19,20.0,0.7,0.6,0.6,18.22,19.29,20.49,19.35,4.0,1.53,18.0,0.8,0.6,0.6,72.6,80.1,87.0,79.8,4.0,9.0,18.0,0.8,0.6,3.0,3.6,7.36,5.15,6.0,3.49,20.0,0.7,0.6,0.6,-3.22,-0.35,3.97,0.97,6.0,5.48,20.0,0.7,0.6,0.6,-4.41,-2.31,0.37,-2.11,6.0,2.73,20.0,0.7,0.6,0.6,1002.45,1006.75,1009.0,1006.23,6.0,3.85,20.0,0.7,0.6,0.6,2.8,3.0,4.8,3.8,6.0,2.1,20.0,0.7,0.6,0.6,-11.6,-1.4,37.5,19.5,6.0,55.4,20.0,0.7,0.6,0.6,-38.5,-6.6,1.3,-15.1,6.0,21.6,20.0,0.7,0.6,0.6,-0.08,1.0,1.91,0.98,5.0,1.24,20.0,0.8,0.7,0.6,-0.7,3.1,14.4,7.5,5.0,14.5,20.0,0.8,0.7,0.6,6.25,6.77,7.88,7.05,4.0,1.22,18.0,0.8,0.6,0.6,18.2,26.5,56.1,36.7,4.0,28.6,18.0,0.8,0.6,0.6,-94.4,-9.2,113.1,25.3,6.0,154.6,20.0,0.7,0.6,0.6,-124.4,-63.8,10.8,-59.8,6.0,79.2,20.0,0.7,0.6,0.6,-52.4,-4.7,135.6,39.5,4.0,136.4,18.0,0.8,0.6,0.6,-66.0,-43.0,-19.9,-42.9,4.0,35.0,18.0,0.8,0.6,0.6,-23.1,-3.0,42.3,9.0,4.0,46.0,18.0,0.8,0.6,0.6,-21.8,-14.8,-6.3,-14.1,4.0,11.1,18.0,0.8,0.6,0.6,27.5,46.5,528.5,337.0,6.0,645.0,20.0,0.7,0.6,0.6,25.0,45.0,530.0,335.0,6.0,645.0,20.0,0.7,0.6,0.6
1974,2,150.0,-13.0,28.32,29.0,29.68,29.0,2.0,1.41,26.0,0.5,0.4,0.3,26.81,27.05,27.29,27.05,2.0,0.49,26.0,0.5,0.4,0.3,14.15,16.95,19.75,16.95,2.0,5.79,26.0,0.5,0.4,0.3,62.7,75.9,89.2,75.9,2.0,27.5,26.0,0.5,0.3,5.51,6.4,7.29,6.4,2.0,1.84,26.0,0.5,0.4,0.3,-4.44,-1.31,1.82,-1.31,2.0,6.49,26.0,0.5,0.4,0.3,-2.5,0.52,3.54,0.52,2.0,6.26,26.0,0.5,0.4,0.3,1005.89,1007.8,1009.71,1007.8,2.0,3.96,26.0,0.5,0.4,0.3,4.6,6.0,7.4,6.0,2.0,2.8,26.0,0.5,0.4,0.3,-35.6,-14.3,6.9,-14.3,2.0,43.9,26.0,0.5,0.4,0.3,-10.7,9.1,28.9,9.1,2.0,41.0,26.0,0.5,0.4,0.3,1.03,1.95,2.87,1.95,2.0,1.91,26.0,0.5,0.4,0.3,6.6,10.7,14.9,10.7,2.0,8.6,26.0,0.5,0.4,0.3,6.59,8.33,10.06,8.33,2.0,3.59,26.0,0.5,0.4,0.3,38.1,56.6,75.1,56.6,2.0,38.3,26.0,0.5,0.4,0.3,-122.1,-37.0,48.0,-37.0,2.0,176.2,26.0,0.5,0.4,0.3,-66.2,15.7,97.5,15.7,2.0,169.7,26.0,0.5,0.4,0.3,-52.8,-3.4,46.0,-3.4,2.0,102.4,26.0,0.5,0.4,0.3,-59.1,-9.3,40.5,-9.3,2.0,103.1,26.0,0.5,0.4,0.3,-50.9,-22.6,5.8,-22.6,2.0,58.7,26.0,0.5,0.4,0.3,-10.5,15.6,41.7,15.6,2.0,54.0,26.0,0.5,0.4,0.3,184.0,294.5,405.0,294.5,2.0,229.0,26.0,0.5,0.4,0.3,185.0,295.0,405.0,295.0,2.0,230.0,26.0,0.5,0.4,0.3
1974,2,150.0,-12.0,28.24,28.7,29.0,28.63,4.0,0.45,20.0,0.5,0.4,0.5,27.34,28.1,28.81,28.08,4.0,0.88,20.0,0.5,0.4,0.5,18.25,18.66,18.79,18.53,4.0,0.39,20.0,0.5,0.4,0.5,74.8,76.8,80.4,77.6,4.0,4.1,20.0,0.5,0.5,3.31,5.15,9.4,6.3,4.0,4.26,20.0,0.5,0.4,0.5,3.13,4.96,8.35,5.71,4.0,3.61,20.0,0.5,0.4,0.5,-4.23,-1.71,-0.62,-2.39,4.0,2.65,20.0,0.5,0.4,0.5,1002.6,1004.5,1005.56,1004.1,4.0,1.89,20.0,0.5,0.4,0.5,7.0,7.0,7.7,7.3,3.0,0.6,18.0,0.7,0.4,0.6,11.1,26.5,85.8,47.5,4.0,57.1,20.0,0.5,0.4,0.5,-45.9,-8.3,-1.6,-23.0,4.0,35.5,20.0,0.5,0.4,0.5,0.19,0.6,0.9,0.55,4.0,0.44,20.0,0.5,0.4,0.5,0.5,2.2,8.0,4.2,4.0,5.6,20.0,0.5,0.4,0.5,5.82,6.49,6.67,6.25,4.0,0.68,20.0,0.5,0.4,0.5,21.5,34.2,53.9,37.5,4.0,20.8,20.0,0.5,0.4,0.5,87.6,141.1,231.7,158.8,4.0,96.5,20.0,0.5,0.4,0.5,-116.6,-49.3,-17.7,-66.3,4.0,71.5,20.0,0.5,0.4,0.5,57.2,90.9,156.5,106.1,4.0,68.4,20.0,0.5,0.4,0.5,-79.4,-31.9,-11.6,-44.9,4.0,50.0,20.0,0.5,0.4,0.5,20.3,33.0,48.1,34.1,4.0,17.7,20.0,0.5,0.4,0.5,-23.8,-11.4,-4.0,-13.8,4.0,13.7,20.0,0.5,0.4,0.5,42.0,153.5,1088.5,546.5,4.0,881.5,20.0,0.5,0.4,0.5,40.0,155.0,1090.0,545.0,4.0,880.0,20.0,0.5,0.4,0.5
1974,2,150.0,-11.0,30.6,30.6,30.6,30.6,1.0,0.0,26.0,1.0,0.1,0.2,26.7,26.7,26.7,26.7,1.0,0.0,26.0,1.0,0.1,0.2,18.82,18.82,18.82,18.82,1.0,0.0,26.0,1.0,0.1,0.2,85.2,85.2,85.2,85.2,1.0,0.0,26.0,1.0,0.2,7.7,7.7,7.7,7.7,1.0,0.0,26.0,1.0,0.1,0.2,6.67,6.67,6.67,6.67,1.0,0.0,26.0,1.0,0.1,0.2,3.85,3.85,3.85,3.85,1.0,0.0,26.0,1.0,0.1,0.2,1001.8,1001.8,1001.8,1001.8,1.0,0.0,26.0,1.0,0.1,0.2,7.0,7.0,7.0,7.0,1.0,0.0,26.0,1.0,0.1,0.2,51.3,51.3,51.3,51.3,1.0,0.0,26.0,1.0,0.1,0.2,29.6,29.6,29.6,29.6,1.0,0.0,26.0,1.0,0.1,0.2,3.9,3.9,3.9,3.9,1.0,0.0,26.0,1.0,0.1,0.2,30.0,30.0,30.0,30.0,1.0,0.0,26.0,1.0,0.1,0.2,9.06,9.06,9.06,9.06,1.0,0.0,26.0,1.0,0.1,0.2,69.7,69.7,69.7,69.7,1.0,0.0,26.0,1.0,0.1,0.2,178.0,178.0,178.0,178.0,1.0,0.0,26.0,1.0,0.1,0.2,102.8,102.8,102.8,102.8,1.0,0.0,26.0,1.0,0.1,0.2,125.5,125.5,125.5,125.5,1.0,0.0,26.0,1.0,0.1,0.2,72.5,72.5,72.5,72.5,1.0,0.0,26.0,1.0,0.1,0.2,60.4,60.4,60.4,60.4,1.0,0.0,26.0,1.0,0.1,0.2,34.9,34.9,34.9,34.9,1.0,0.0,26.0,1.0,0.1,0.2,456.5,456.5,456.5,456.5,1.0,0.0,26.0,1.0,0.1,0.2,455.0,455.0,455.0,455.0,1.0,0.0,26.0,1.0,0.1,0.2
1974,2,150.0,-9.0,28.7,28.9,29.65,29.17,3.0,0.74,12.0,0.0,0.5,0.9,27.33,27.6,27.87,27.6,3.0,0.4,12.0,0.0,0.5,0.9,18.41,18.7,18.89,18.65,3.0,0.35,12.0,0.0,0.5,0.9,79.5,80.7,81.4,80.5,3.0,1.4,12.0,0.0,0.9,2.42,3.1,4.87,3.63,3.0,1.86,12.0,0.0,0.5,0.9,-1.84,-1.61,-1.57,-1.7,3.0,0.22,12.0,0.0,0.5,0.9,1.77,2.68,4.51,3.13,3.0,2.04,12.0,0.0,0.5,0.9,1006.15,1006.9,1007.79,1006.97,3.0,1.2,12.0,0.0,0.5,0.9,4.0,6.0,6.0,5.0,3.0,1.7,12.0,0.0,0.5,0.9,-9.1,-4.8,-3.8,-6.4,3.0,4.1,12.0,0.0,0.5,0.9,4.6,8.3,23.5,13.9,3.0,14.7,12.0,0.0,0.5,0.9,0.93,1.0,2.23,1.57,3.0,1.07,12.0,0.0,0.5,0.9,3.7,5.7,5.8,4.8,3.0,1.7,12.0,0.0,0.5,0.9,5.93,6.37,7.83,6.87,3.0,1.46,12.0,0.0,0.5,0.9,18.5,19.8,28.5,23.4,3.0,8.0,12.0,0.0,0.5,0.9,-50.6,-43.8,-43.5,-47.0,3.0,5.9,12.0,0.0,0.5,0.9,48.9,75.2,124.8,86.6,3.0,56.4,12.0,0.0,0.5,0.9,-34.6,-29.4,-29.1,-31.8,3.0,4.5,12.0,0.0,0.5,0.9,32.8,50.2,85.3,58.8,3.0,39.2,12.0,0.0,0.5,0.9,-12.9,-11.1,-10.3,-11.6,3.0,1.9,12.0,0.0,0.5,0.9,13.3,17.1,26.3,19.7,3.0,9.8,12.0,0.0,0.5,0.9,16.0,30.0,136.0,74.5,3.0,96.0,12.0,0.0,0.5,0.9,15.0,30.0,135.0,75.0,3.0,95.0,12.0,0.0,0.5,0.9
1974,2,150.0,-8.0,27.92,28.6,29.56,28.73,3.0,1.21,24.0,0.3,0.2,0.3,27.16,27.5,28.52,27.83,3.0,1.04,24.0,0.3,0.2,0.3,17.65,18.56,19.47,18.56,3.0,1.33,24.0,0.3,0.2,0.3,77.6,79.0,79.9,78.7,3.0,1.7,24.0,0.3,0.3,1.3,4.1,7.65,4.47,3.0,4.66,24.0,0.3,0.2,0.3,0.0,0.0,1.4,0.68,3.0,1.18,24.0,0.3,0.2,0.3,-7.48,-3.55,-1.13,-4.28,3.0,4.69,24.0,0.3,0.2,0.3,1003.75,1004.5,1006.27,1005.0,3.0,1.9,24.0,0.3,0.2,0.3,7.0,7.0,7.7,7.3,3.0,0.6,24.0,0.3,0.2,0.3,0.0,0.0,5.7,2.8,3.0,4.9,24.0,0.3,0.2,0.3,-63.7,-14.6,-4.6,-33.7,3.0,46.3,24.0,0.3,0.2,0.3,0.73,1.0,1.07,0.9,3.0,0.26,24.0,0.3,0.2,0.3,1.4,4.5,7.8,4.6,3.0,4.7,24.0,0.3,0.2,0.3,6.11,6.19,6.66,6.38,3.0,0.44,24.0,0.3,0.2,0.3,8.1,25.4,51.8,29.8,3.0,32.2,24.0,0.3,0.2,0.3,0.0,0.0,38.5,18.8,3.0,32.5,24.0,0.3,0.2,0.3,-215.1,-97.6,-31.0,-122.4,3.0,136.6,24.0,0.3,0.2,0.3,0.0,0.0,26.0,12.7,3.0,22.0,24.0,0.3,0.2,0.3,-147.2,-65.9,-20.9,-83.6,3.0,93.8,24.0,0.3,0.2,0.3,0.0,0.0,8.7,4.2,3.0,7.3,24.0,0.3,0.2,0.3,-50.7,-22.0,-7.0,-28.7,3.0,32.5,24.0,0.3,0.2,0.3,22.0,69.0,571.0,291.0,3.0,446.0,24.0,0.3,0.2,0.3,20.0,70.0,570.0,290.0,3.0,445.0,24.0,0.3,0.2,0.3
1974,2,150.0,-7.0,28.0,28.0,28.0,28.0,1.0,0.0,26.0,1.0,0.0,0.6,28.0,28.0,28.0,28.0,1.0,0.0,26.0,1.0,0.0,0.6,18.76,18.76,18.76,18.76,1.0,0.0,26.0,1.0,0.0,0.6,78.9,78.9,78.9,78.9,1.0,0.0,26.0,1.0,0.6,4.1,4.1,4.1,4.1,1.0,0.0,26.0,1.0,0.0,0.6,-2.05,-2.05,-2.05,-2.05,1.0,0.0,26.0,1.0,0.0,0.6,3.55,3.55,3.55,3.55,1.0,0.0,26.0,1.0,0.0,0.6,1005.63,1007.0,1008.37,1007.0,2.0,2.83,26.0,1.0,0.3,0.5,5.0,5.0,5.0,5.0,1.0,0.0,26.0,1.0,0.0,0.6,-8.4,-8.4,-8.4,-8.4,1.0,0.0,26.0,1.0,0.0,0.6,14.6,14.6,14.6,14.6,1.0,0.0,26.0,1.0,0.0,0.6,0.0,0.0,0.0,0.0,1.0,0.0,26.0,1.0,0.0,0.6,0.0,0.0,0.0,0.0,1.0,0.0,26.0,1.0,0.0,0.6,5.09,5.09,5.09,5.09,1.0,0.0,26.0,1.0,0.0,0.6,20.9,20.9,20.9,20.9,1.0,0.0,26.0,1.0,0.0,0.6,-57.4,-57.4,-57.4,-57.4,1.0,0.0,26.0,1.0,0.0,0.6,99.4,99.4,99.4,99.4,1.0,0.0,26.0,1.0,0.0,0.6,-38.5,-38.5,-38.5,-38.5,1.0,0.0,26.0,1.0,0.0,0.6,66.6,66.6,66.6,66.6,1.0,0.0,26.0,1.0,0.0,0.6,-10.4,-10.4,-10.4,-10.4,1.0,0.0,26.0,1.0,0.0,0.6,18.1,18.1,18.1,18.1,1.0,0.0,26.0,1.0,0.0,0.6,69.0,69.0,69.0,69.0,1.0,0.0,26.0,1.0,0.0,0.6,70.0,70.0,70.0,70.0,1.0,0.0,26.0,1.0,0.0,0.6
1974,2,150.0,-5.0,29.4,29.4,29.4,29.4,1.0,0.0,4.0,0.0,0.2,0.4,30.0,30.0,30.0,30.0,1.0,0.0,4.0,0.0,0.2,0.4,18.71,18.71,18.71,18.71,1.0,0.0,4.0,0.0,0.2,0.4,70.3,70.3,70.3,70.3,1.0,0.0,4.0,0.0,0.4,11.8,11.8,11.8,11.8,1.0,0.0,4.0,0.0,0.2,0.4,9.04,9.04,9.04,9.04,1.0,0.0,4.0,0.0,0.2,0.4,-7.58,-7.58,-7.58,-7.58,1.0,0.0,4.0,0.0,0.2,0.4,1007.8,1007.8,1007.8,1007.8,1.0,0.0,4.0,0.0,0.2,0.4,7.0,7.0,7.0,7.0,1.0,0.0,4.0,0.0,0.2,0.4,106.7,106.7,106.7,106.7,1.0,0.0,4.0,0.0,0.2,0.4,-89.5,-89.5,-89.5,-89.5,1.0,0.0,4.0,0.0,0.2,0.4,-0.6,-0.6,-0.6,-0.6,1.0,0.0,4.0,0.0,0.2,0.4,-7.1,-7.1,-7.1,-7.1,1.0,0.0,4.0,0.0,0.2,0.4,7.12,7.12,7.12,7.12,1.0,0.0,4.0,0.0,0.2,0.4,84.1,84.1,84.1,84.1,1.0,0.0,4.0,0.0,0.2,0.4,271.2,271.2,271.2,271.2,1.0,0.0,4.0,0.0,0.2,0.4,-227.5,-227.5,-227.5,-227.5,1.0,0.0,4.0,0.0,0.2,0.4,169.1,169.1,169.1,169.1,1.0,0.0,4.0,0.0,0.2,0.4,-141.9,-141.9,-141.9,-141.9,1.0,0.0,4.0,0.0,0.2,0.4,64.4,64.4,64.4,64.4,1.0,0.0,4.0,0.0,0.2,0.4,-54.0,-54.0,-54.0,-54.0,1.0,0.0,4.0,0.0,0.2,0.4,1643.0,1643.0,1643.0,1643.0,1.0,0.0,4.0,0.0,0.2,0.4,1645.0,1645.0,1645.0,1645.0,1.0,0.0,4.0,0.0,0.2,0.4
1974,2,150.0,-4.0,28.88,29.05,29.22,29.05,2.0,0.35,22.0,1.0,0.4,0.5,26.94,27.25,27.56,27.25,2.0,0.64,22.0,1.0,0.4,0.5,18.81,18.96,19.11,18.96,2.0,0.3,22.0,1.0,0.4,0.5,82.6,83.5,84.3,83.5,2.0,1.7,22.0,1.0,0.5,2.92,3.6,4.28,3.6,2.0,1.41,22.0,1.0,0.4,0.5,1.65,2.41,3.17,2.41,2.0,1.57,22.0,1.0,0.4,0.5,2.36,2.6,2.84,2.6,2.0,0.5,22.0,1.0,0.4,0.5,1006.09,1006.7,1007.31,1006.7,2.0,1.27,22.0,1.0,0.4,0.5,7.2,7.5,7.8,7.5,2.0,0.7,22.0,1.0,0.4,0.5,5.4,9.8,14.2,9.8,2.0,9.1,22.0,1.0,0.4,0.5,7.1,9.7,12.4,9.7,2.0,5.5,22.0,1.0,0.4,0.5,1.32,1.8,2.28,1.8,2.0,0.99,22.0,1.0,0.4,0.5,5.3,5.8,6.3,5.8,2.0,1.0,22.0,1.0,0.4,0.5,5.96,6.38,6.79,6.38,2.0,0.86,22.0,1.0,0.4,0.5,19.5,22.4,25.2,22.4,2.0,5.9,22.0,1.0,0.4,0.5,44.8,66.2,87.6,66.2,2.0,44.4,22.0,1.0,0.4,0.5,63.8,71.1,78.5,71.1,2.0,15.2,22.0,1.0,0.4,0.5,31.2,46.0,60.7,46.0,2.0,30.5,22.0,1.0,0.4,0.5,44.5,49.5,54.4,49.5,2.0,10.2,22.0,1.0,0.4,0.5,10.9,14.7,18.5,14.7,2.0,8.0,22.0,1.0,0.4,0.5,15.9,16.4,16.9,16.4,2.0,0.9,22.0,1.0,0.4,0.5,30.0,57.5,84.5,57.5,2.0,56.5,22.0,1.0,0.4,0.5,30.0,55.0,85.0,55.0,2.0,55.0,22.0,1.0,0.4,0.5
1974,2,150.0,-3.0,29.5,29.75,30.52,30.0,4.0,0.71,16.0,0.3,0.4,0.5,27.19,27.45,27.87,27.53,4.0,0.5,16.0,0.3,0.4,0.5,18.67,18.74,19.53,19.09,3.0,0.7,14.0,0.3,0.3,0.5,81.7,83.7,85.8,83.7,3.0,3.0,14.0,0.3,0.5,0.41,1.3,2.19,1.3,2.0,1.84,12.0,0.0,0.4,0.6,-1.41,-0.84,-0.27,-0.84,2.0,1.18,12.0,0.0,0.4,0.6,-1.68,-1.0,-0.32,-1.0,2.0,1.41,12.0,0.0,0.4,0.6,1005.74,1006.0,1006.58,1006.15,4.0,0.68,16.0,0.3,0.4,0.5,2.3,3.0,5.0,3.7,3.0,2.1,14.0,0.3,0.3,0.5,-3.7,-2.2,-0.7,-2.2,2.0,3.1,12.0,0.0,0.4,0.6,-4.4,-2.6,-0.8,-2.6,2.0,3.7,12.0,0.0,0.4,0.6,2.29,2.5,2.66,2.48,4.0,0.29,16.0,0.3,0.4,0.5,1.0,3.3,5.5,3.3,2.0,4.6,12.0,0.0,0.4,0.6,6.49,7.29,7.9,7.19,3.0,1.04,14.0,0.3,0.3,0.5,3.0,9.5,15.9,9.5,2.0,13.4,12.0,0.0,0.4,0.6,-38.0,-22.6,-7.2,-22.6,2.0,31.9,12.0,0.0,0.4,0.6,-45.2,-26.9,-8.5,-26.9,2.0,38.0,12.0,0.0,0.4,0.6,-26.4,-15.7,-5.0,-15.7,2.0,22.1,12.0,0.0,0.4,0.6,-31.4,-18.7,-5.9,-18.7,2.0,26.4,12.0,0.0,0.4,0.6,-10.3,-6.1,-1.9,-6.1,2.0,8.6,12.0,0.0,0.4,0.6,-12.2,-7.3,-2.3,-7.3,2.0,10.3,12.0,0.0,0.4,0.6,3.0,9.0,15.0,9.0,2.0,12.5,12.0,0.0,0.4,0.6,5.0,10.0,15.0,10.0,2.0,10.0,12.0,0.0,0.4,0.6
1974,2,150.0,-2.0,29.5,29.5,30.52,30.0,3.0,0.87,16.0,0.0,0.6,0.8,28.0,29.5,30.18,29.2,5.0,1.15,16.0,0.4,0.6,0.8,16.83,17.62,18.44,17.64,5.0,1.54,16.0,0.4,0.6,0.8,62.1,68.1,77.7,69.7,5.0,9.8,16.0,0.4,0.8,2.92,4.1,4.87,4.02,5.0,1.38,16.0,0.4,0.6,0.8,-4.83,-4.04,-2.9,-3.98,5.0,1.35,16.0,0.4,0.6,0.8,-0.85,0.0,0.16,-0.27,5.0,0.61,16.0,0.4,0.6,0.8,1005.95,1007.0,1008.22,1007.02,5.0,1.4,16.0,0.4,0.6,0.8,3.3,4.0,4.4,3.8,5.0,1.1,16.0,0.4,0.6,0.8,-24.5,-16.6,-8.5,-17.5,5.0,12.2,16.0,0.4,0.6,0.8,-4.3,0.0,0.4,-1.7,5.0,3.2,16.0,0.4,0.6,0.8,0.48,1.5,2.52,1.5,3.0,1.5,16.0,0.0,0.6,0.8,2.0,6.2,7.3,4.7,3.0,4.1,16.0,0.0,0.6,0.8,8.39,8.4,8.45,8.42,3.0,0.05,16.0,0.0,0.6,0.8,23.3,26.0,31.7,27.5,3.0,6.3,16.0,0.0,0.6,0.8,-146.1,-113.1,-84.2,-117.1,5.0,43.4,16.0,0.4,0.6,0.8,-24.6,0.0,4.6,-8.0,5.0,18.1,16.0,0.4,0.6,0.8,-84.4,-63.6,-53.3,-69.5,5.0,22.7,16.0,0.4,0.6,0.8,-14.9,0.0,3.3,-4.5,5.0,11.1,16.0,0.4,0.6,0.8,-31.4,-26.0,-23.1,-27.2,3.0,6.2,16.0,0.0,0.6,0.8,-4.1,0.0,2.6,-0.7,3.0,4.9,16.0,0.0,0.6,0.8,25.5,69.0,131.0,84.5,5.0,89.0,16.0,0.4,0.6,0.8,25.0,70.0,130.0,85.0,5.0,90.0,16.0,0.4,0.6,0.8
1974,2,150.0,-1.0,29.16,29.5,29.84,29.5,2.0,0.71,14.0,0.0,0.8,1.0,27.48,28.5,28.5,28.0,3.0,0.87,14.0,0.3,0.6,0.8,18.08,19.13,19.65,18.87,3.0,1.17,14.0,0.3,0.6,0.8,75.1,81.4,84.0,79.6,3.0,6.7,14.0,0.3,0.8,5.1,5.65,7.25,6.15,4.0,1.46,16.0,0.5,0.5,0.7,-6.66,-4.92,-4.58,-5.59,4.0,1.68,16.0,0.5,0.5,0.7,-2.01,-0.71,2.09,0.0,4.0,2.85,16.0,0.5,0.5,0.7,1004.95,1007.0,1007.68,1006.33,3.0,2.08,14.0,0.3,0.6,0.8,3.0,4.5,5.5,4.3,4.0,1.7,16.0,0.5,0.5,0.7,-48.7,-27.7,-24.2,-36.1,4.0,20.3,16.0,0.5,0.5,0.7,-12.4,-5.8,12.9,0.0,4.0,17.5,16.0,0.5,0.5,0.7,0.9,1.75,2.6,1.75,2.0,1.77,14.0,0.0,0.8,1.0,5.1,10.6,16.1,10.6,2.0,11.3,14.0,0.0,0.8,1.0,5.74,6.55,7.36,6.55,2.0,1.68,14.0,0.0,0.8,1.0,30.6,37.6,44.7,37.6,2.0,14.6,14.0,0.0,0.8,1.0,-203.2,-145.3,-133.7,-167.9,3.0,54.6,14.0,0.3,0.6,0.8,-27.7,0.0,73.4,22.3,3.0,76.6,14.0,0.3,0.6,0.8,-129.2,-101.5,-94.2,-111.5,3.0,27.1,14.0,0.3,0.6,0.8,-17.1,0.0,52.0,17.1,3.0,52.8,14.0,0.3,0.6,0.8,-35.2,-32.0,-28.8,-32.0,2.0,6.6,14.0,0.0,0.8,1.0,4.9,15.4,25.9,15.4,2.0,21.8,14.0,0.0,0.8,1.0,132.5,185.5,402.5,263.5,4.0,198.0,16.0,0.5,0.5,0.7,135.0,185.0,400.0,265.0,4.0,200.0,16.0,0.5,0.5,0.7
1974,2,150.0,0.0,28.0,29.0,30.0,29.06,9.0,1.13,16.0,0.3,0.6,0.5,27.0,28.25,30.07,28.35,10.0,1.42,16.0,0.4,0.6,0.6,18.66,19.37,20.11,19.39,10.0,1.08,16.0,0.4,0.6,0.6,75.5,81.6,84.0,80.1,10.0,5.8,16.0,0.4,0.6,3.6,5.05,7.49,5.48,10.0,1.9,16.0,0.4,0.6,0.6,-7.17,-4.77,-2.12,-4.62,10.0,2.39,16.0,0.4,0.6,0.6,-3.27,-1.18,0.71,-1.06,10.0,2.51,16.0,0.4,0.6,0.6,1004.13,1006.15,1009.16,1006.48,10.0,2.27,16.0,0.4,0.6,0.6,2.0,2.5,5.7,3.6,10.0,2.2,16.0,0.4,0.6,0.6,-53.7,-24.7,-7.3,-29.1,10.0,21.8,16.0,0.4,0.6,0.6,-17.1,-5.6,5.1,-5.7,10.0,16.8,16.0,0.4,0.6,0.6,-0.23,1.0,2.73,0.83,9.0,1.85,16.0,0.3,0.6,0.5,-2.0,3.6,10.0,3.2,9.0,11.7,16.0,0.3,0.6,0.5,4.26,6.17,8.05,6.22,9.0,2.14,16.0,0.3,0.6,0.5,23.2,30.3,52.5,34.8,9.0,15.4,16.0,0.3,0.6,0.5,-210.8,-130.2,-61.8,-132.3,10.0,70.5,16.0,0.4,0.6,0.6,-89.7,-32.8,21.8,-29.5,10.0,69.1,16.0,0.4,0.6,0.6,-132.8,-91.1,-43.8,-89.1,10.0,44.7,16.0,0.4,0.6,0.6,-63.4,-23.1,13.4,-20.1,10.0,47.1,16.0,0.4,0.6,0.6,-44.2,-26.8,-13.4,-28.7,9.0,17.1,16.0,0.3,0.6,0.5,-23.3,-7.8,7.4,-5.2,9.0,18.6,16.0,0.3,0.6,0.5,46.5,129.0,421.0,220.5,10.0,211.0,16.0,0.4,0.6,0.6,45.0,130.0,420.0,220.0,10.0,210.0,16.0,0.4,0.6,0.6
1974,2,150.0,1.0,28.72,29.0,30.73,29.55,17.0,1.23,14.0,0.6,0.3,0.4,27.0,27.5,29.15,27.68,18.0,1.14,14.0,0.6,0.3,0.4,18.65,19.04,21.11,19.45,18.0,1.06,14.0,0.6,0.3,0.4,78.4,84.5,87.0,83.7,18.0,6.4,14.0,0.6,0.4,3.1,5.1,8.2,5.56,18.0,2.49,14.0,0.6,0.3,0.4,-8.11,-4.35,-1.5,-4.48,18.0,3.36,14.0,0.6,0.3,0.4,-2.65,0.0,2.62,-0.28,18.0,2.51,14.0,0.6,0.3,0.4,1006.28,1008.3,1010.32,1008.14,18.0,2.25,14.0,0.6,0.3,0.4,2.0,7.5,8.0,5.8,18.0,2.8,14.0,0.6,0.3,0.4,-66.5,-22.2,-3.3,-31.6,18.0,31.5,14.0,0.6,0.3,0.4,-16.4,0.0,9.0,-1.2,18.0,15.1,14.0,0.6,0.3,0.4,0.5,2.0,2.84,1.86,17.0,1.35,14.0,0.6,0.3,0.4,2.2,10.3,17.4,10.2,17.0,7.7,14.0,0.6,0.3,0.4,4.81,6.17,8.76,6.63,17.0,2.28,14.0,0.6,0.3,0.4,21.4,38.7,47.0,35.9,17.0,14.1,14.0,0.6,0.3,0.4,-221.6,-126.5,-41.7,-122.8,18.0,91.6,14.0,0.6,0.3,0.4,-74.8,0.0,69.0,-8.2,18.0,69.8,14.0,0.6,0.3,0.4,-157.2,-88.6,-28.1,-87.6,18.0,64.9,14.0,0.6,0.3,0.4,-51.0,0.0,49.4,-5.2,18.0,48.8,14.0,0.6,0.3,0.4,-43.5,-27.6,-9.5,-25.6,17.0,20.7,14.0,0.6,0.3,0.4,-19.9,0.0,15.9,-5.0,17.0,20.4,14.0,0.6,0.3,0.4,30.0,132.5,551.5,271.5,18.0,290.5,14.0,0.6,0.3,0.4,30.0,135.0,550.0,270.0,18.0,290.0,14.0,0.6,0.3,0.4
1974,2,150.0,2.0,28.48,29.25,30.02,29.25,4.0,1.04,12.0,0.3,0.0,0.2,25.78,27.0,29.22,27.52,5.0,2.22,14.0,0.4,0.0,0.2,18.38,18.7,20.02,19.19,5.0,1.44,14.0,0.4,0.0,0.2,77.5,84.6,87.7,83.3,5.0,6.2,14.0,0.4,0.2,2.02,4.6,5.68,4.0,5.0,2.23,14.0,0.4,0.0,0.2,-5.37,-2.25,-1.11,-3.06,5.0,2.62,14.0,0.4,0.0,0.2,-2.38,0.0,0.47,-0.9,5.0,2.32,14.0,0.4,0.0,0.2,1006.0,1007.0,1008.61,1007.32,5.0,1.5,14.0,0.4,0.0,0.2,3.0,5.0,8.0,5.4,5.0,2.5,14.0,0.4,0.0,0.2,-29.8,-8.9,-3.7,-16.2,5.0,17.8,14.0,0.4,0.0,0.2,-9.6,0.0,1.2,-4.4,5.0,11.3,14.0,0.4,0.0,0.2,-0.62,2.75,4.34,1.9,4.0,3.5,12.0,0.3,0.0,0.2,-6.3,8.5,18.7,6.3,4.0,16.5,12.0,0.3,0.0,0.2,4.08,7.19,8.53,6.34,4.0,3.01,12.0,0.3,0.0,0.2,9.5,25.8,41.1,25.3,4.0,18.2,12.0,0.3,0.0,0.2,-140.2,-63.5,-34.3,-83.1,5.0,68.6,14.0,0.4,0.0,0.2,-70.8,0.0,13.4,-27.6,5.0,71.2,14.0,0.4,0.0,0.2,-101.3,-42.1,-24.0,-58.7,5.0,49.2,14.0,0.4,0.0,0.2,-49.2,0.0,8.9,-19.5,5.0,49.4,14.0,0.4,0.0,0.2,-41.1,-22.2,-1.8,-21.5,4.0,22.7,12.0,0.3,0.0,0.2,-9.3,-4.1,0.0,-4.6,4.0,5.4,12.0,0.3,0.0,0.2,11.5,97.5,194.0,110.0,5.0,120.0,14.0,0.4,0.0,0.2,10.0,95.0,195.0,110.0,5.0,120.0,14.0,0.4,0.0,0.2
1974,2,150.0,3.0,,,,,,,,,,,,,,,,,,,,,,,,,,,,,,,,,,,,,,,,3.03,3.1,3.78,3.4,3.0,0.61,16.0,1.0,0.6,0.5,-3.39,-1.99,-1.95,-2.65,3.0,1.2,16.0,1.0,0.6,0.5,0.24,2.3,2.35,1.32,3.0,1.76,16.0,1.0,0.6,0.5,1008.2,1008.2,1008.2,1008.2,2.0,0.0,24.0,1.0,0.6,0.5,,,,,,,,,,,,,,,,,,,,,,,,,,,,,,,,,,,,,,,,,,,,,,,,,,,,,,,,,,,,,,,,,,,,,,,,,,,,,,,,,,,,,,,,,,,,,,,,,,,,,,,,,,,,,,,,,,,,,,,,,,,,,,,,,,,,,,,,,,,,,,,,,,,,,,
1974,2,150.0,4.0,30.0,30.0,30.0,30.0,1.0,0.0,20.0,0.0,0.9,0.3,28.25,28.35,28.45,28.35,2.0,0.21,22.0,0.0,0.7,0.4,19.8,20.97,22.15,20.97,2.0,2.44,22.0,0.0,0.7,0.4,82.3,86.5,90.7,86.5,2.0,8.7,22.0,0.0,0.4,5.67,6.9,8.13,6.9,2.0,2.55,22.0,0.0,0.7,0.4,-7.1,-6.16,-5.23,-6.16,2.0,1.94,22.0,0.0,0.7,0.4,-0.78,1.3,3.38,1.3,2.0,4.31,22.0,0.0,0.7,0.4,1007.51,1008.4,1009.29,1008.4,2.0,1.84,22.0,0.0,0.7,0.4,2.0,2.0,2.0,2.0,2.0,0.0,22.0,0.0,0.7,0.4,-59.0,-45.0,-31.0,-45.0,2.0,29.1,22.0,0.0,0.7,0.4,-1.5,14.5,30.4,14.5,2.0,33.1,22.0,0.0,0.7,0.4,1.8,1.8,1.8,1.8,1.0,0.0,20.0,0.0,0.9,0.3,9.2,9.2,9.2,9.2,1.0,0.0,20.0,0.0,0.9,0.3,7.46,7.46,7.46,7.46,1.0,0.0,20.0,0.0,0.9,0.3,38.0,38.0,38.0,38.0,1.0,0.0,20.0,0.0,0.9,0.3,-202.1,-174.9,-147.8,-174.9,2.0,56.3,22.0,0.0,0.7,0.4,-21.7,37.4,96.5,37.4,2.0,122.4,22.0,0.0,0.7,0.4,-158.5,-131.6,-104.8,-131.6,2.0,55.7,22.0,0.0,0.7,0.4,-12.6,32.6,77.7,32.6,2.0,93.6,22.0,0.0,0.7,0.4,-35.7,-35.7,-35.7,-35.7,1.0,0.0,20.0,0.0,0.9,0.3,-13.0,-13.0,-13.0,-13.0,1.0,0.0,20.0,0.0,0.9,0.3,216.0,395.5,575.0,395.5,2.0,372.0,22.0,0.0,0.7,0.4,215.0,395.0,575.0,395.0,2.0,370.0,22.0,0.0,0.7,0.4
1974,2,150.0,5.0,28.03,28.1,28.17,28.1,2.0,0.14,28.0,0.0,0.6,0.4,26.98,27.75,28.52,27.75,4.0,1.04,18.0,0.3,0.7,0.3,18.99,19.26,20.91,19.93,3.0,1.52,20.0,0.0,0.7,0.3,84.0,88.8,90.3,87.2,3.0,4.9,20.0,0.0,0.3,4.1,4.6,6.2,5.13,4.0,1.46,18.0,0.3,0.7,0.3,-6.11,-4.44,-3.48,-4.78,4.0,1.73,18.0,0.3,0.7,0.3,-1.98,-0.18,1.16,-0.4,4.0,1.88,18.0,0.3,0.7,0.3,1005.74,1006.45,1008.05,1006.88,4.0,1.54,18.0,0.3,0.7,0.3,2.4,5.0,7.0,4.8,4.0,3.0,18.0,0.3,0.7,0.3,-38.9,-20.7,-14.3,-26.3,4.0,17.4,18.0,0.3,0.7,0.3,-9.9,-2.2,5.2,-2.4,4.0,8.7,18.0,0.3,0.7,0.3,0.41,0.85,1.29,0.85,2.0,0.92,28.0,0.0,0.6,0.4,2.2,3.8,5.4,3.8,2.0,3.3,28.0,0.0,0.6,0.4,2.78,3.47,4.17,3.47,2.0,1.45,28.0,0.0,0.6,0.4,17.8,18.0,18.3,18.0,2.0,0.6,28.0,0.0,0.6,0.4,-169.8,-124.9,-96.8,-132.9,4.0,49.2,18.0,0.3,0.7,0.3,-53.3,-5.3,32.9,-10.0,4.0,51.5,18.0,0.3,0.7,0.3,-135.0,-94.7,-71.4,-103.0,3.0,47.1,20.0,0.0,0.7,0.3,-43.3,-27.1,2.8,-20.4,3.0,34.2,20.0,0.0,0.7,0.3,-16.9,-15.7,-14.6,-15.7,2.0,2.3,28.0,0.0,0.6,0.4,-10.5,-7.5,-4.5,-7.5,2.0,6.2,28.0,0.0,0.6,0.4,69.0,101.0,258.5,161.0,4.0,144.5,18.0,0.3,0.7,0.3,70.0,100.0,260.0,160.0,4.0,145.0,18.0,0.3,0.7,0.3
1974,2,150.0,6.0,28.32,29.0,29.68,29.0,3.0,1.0,24.0,0.7,0.3,0.4,26.27,28.0,28.37,27.4,5.0,1.52,16.0,0.6,0.3,0.5,18.46,18.62,18.64,18.55,3.0,0.14,24.0,0.7,0.3,0.4,78.4,78.4,81.0,79.7,3.0,2.2,24.0,0.7,0.4,4.73,5.1,6.75,5.64,5.0,1.37,16.0,0.6,0.3,0.5,-5.2,-3.91,-2.72,-3.95,5.0,1.49,16.0,0.6,0.3,0.5,-5.1,-3.28,0.19,-2.36,5.0,3.6,16.0,0.6,0.3,0.5,1005.0,1005.75,1006.76,1005.88,4.0,1.03,20.0,0.5,0.3,0.5,4.6,5.0,6.7,5.6,5.0,1.5,16.0,0.6,0.3,0.5,-32.1,-19.9,-15.3,-23.5,5.0,13.6,16.0,0.6,0.3,0.5,-35.1,-16.7,-0.3,-16.5,5.0,21.0,16.0,0.6,0.3,0.5,0.32,1.0,2.37,1.33,3.0,1.53,24.0,0.7,0.3,0.4,2.4,7.7,12.9,7.7,3.0,7.7,24.0,0.7,0.3,0.4,5.66,6.65,7.84,6.75,3.0,1.6,24.0,0.7,0.3,0.4,28.2,42.8,48.5,38.4,3.0,15.4,24.0,0.7,0.3,0.4,-142.5,-97.7,-78.0,-107.9,5.0,41.0,16.0,0.6,0.3,0.5,-144.8,-82.0,6.4,-64.8,5.0,101.6,16.0,0.6,0.3,0.5,-102.9,-88.1,-54.1,-78.7,3.0,36.7,24.0,0.7,0.3,0.4,-73.1,-32.1,35.0,-19.3,3.0,79.9,24.0,0.7,0.3,0.4,-39.9,-39.2,-19.7,-30.0,3.0,16.8,24.0,0.7,0.3,0.4,-27.1,-14.6,8.0,-9.7,3.0,26.0,24.0,0.7,0.3,0.4,109.5,132.5,318.0,206.0,5.0,153.0,16.0,0.6,0.3,0.5,110.0,135.0,320.0,205.0,5.0,155.0,16.0,0.6,0.3,0.5
1974,2,150.0,7.0,28.13,29.5,30.05,29.24,5.0,1.21,20.0,0.4,0.7,0.5,26.99,27.2,28.31,27.54,7.0,0.7,18.0,0.4,0.6,0.4,18.67,19.05,20.81,19.71,7.0,1.26,18.0,0.4,0.6,0.4,81.9,85.3,90.1,85.2,7.0,5.2,18.0,0.4,0.4,2.0,5.7,8.22,5.14,7.0,3.14,18.0,0.4,0.6,0.4,-8.08,-4.42,-1.53,-4.54,7.0,3.09,18.0,0.4,0.6,0.4,-2.64,-1.42,0.14,-1.26,7.0,2.3,18.0,0.4,0.6,0.4,1004.95,1006.7,1008.05,1006.73,7.0,1.78,18.0,0.4,0.6,0.4,3.0,6.0,8.0,5.3,7.0,2.3,18.0,0.4,0.6,0.4,-66.5,-22.5,-3.2,-31.5,7.0,28.2,18.0,0.4,0.6,0.4,-13.7,-11.7,1.2,-5.7,7.0,16.1,18.0,0.4,0.6,0.4,0.53,1.4,2.68,1.52,5.0,1.3,20.0,0.4,0.7,0.5,-0.7,6.3,9.9,5.1,5.0,6.0,20.0,0.4,0.7,0.5,3.93,5.26,7.58,5.54,5.0,2.36,20.0,0.4,0.7,0.5,8.0,17.1,38.8,23.2,5.0,22.5,20.0,0.4,0.7,0.5,-222.7,-119.3,-42.9,-125.8,7.0,86.5,18.0,0.4,0.6,0.4,-71.2,-40.6,3.9,-34.9,7.0,62.4,18.0,0.4,0.6,0.4,-151.1,-91.7,-31.0,-89.3,7.0,59.5,18.0,0.4,0.6,0.4,-54.3,-27.3,2.7,-25.3,7.0,43.9,18.0,0.4,0.6,0.4,-36.2,-13.1,-7.5,-21.4,5.0,22.4,20.0,0.4,0.7,0.5,-11.9,-10.3,-2.7,-7.8,5.0,5.5,20.0,0.4,0.7,0.5,9.0,185.0,556.5,253.5,7.0,257.0,18.0,0.4,0.6,0.4,10.0,185.0,555.0,255.0,7.0,255.0,18.0,0.4,0.6,0.4
1974,2,150.0,8.0,27.72,29.0,30.05,28.92,13.0,1.23,14.0,0.5,0.7,0.5,26.06,27.9,28.47,27.44,14.0,1.13,16.0,0.5,0.7,0.5,17.66,18.88,20.74,19.0,13.0,1.72,16.0,0.5,0.7,0.6,74.8,80.3,92.3,83.1,13.0,9.3,16.0,0.5,0.6,5.79,7.95,9.26,8.0,14.0,2.09,16.0,0.5,0.7,0.5,-8.54,-7.18,-5.68,-7.28,14.0,2.15,16.0,0.5,0.7,0.5,-4.36,-1.72,-1.01,-1.9,14.0,2.76,16.0,0.5,0.7,0.5,1004.91,1008.55,1009.56,1007.64,14.0,2.21,16.0,0.5,0.7,0.5,3.0,6.0,8.0,5.6,13.0,2.1,16.0,0.5,0.7,0.5,-74.3,-58.2,-33.2,-62.2,14.0,34.2,16.0,0.5,0.7,0.5,-47.0,-14.7,-5.8,-16.3,14.0,25.5,16.0,0.5,0.7,0.5,-0.08,1.0,4.1,1.47,13.0,2.13,14.0,0.5,0.7,0.5,-0.4,7.7,22.6,11.5,13.0,16.4,14.0,0.5,0.7,0.5,4.47,5.53,8.68,6.08,12.0,2.01,16.0,0.6,0.7,0.5,31.9,43.1,71.7,47.7,12.0,17.0,16.0,0.6,0.7,0.5,-236.8,-200.8,-163.9,-200.1,14.0,61.1,16.0,0.5,0.7,0.5,-121.8,-46.5,-29.1,-52.3,14.0,75.7,16.0,0.5,0.7,0.5,-161.8,-126.7,-105.3,-131.9,13.0,37.6,16.0,0.5,0.7,0.6,-66.0,-35.3,-11.6,-30.9,13.0,50.2,16.0,0.5,0.7,0.6,-67.6,-40.0,-30.3,-43.9,12.0,16.4,16.0,0.6,0.7,0.5,-25.2,-9.2,2.3,-8.6,12.0,17.9,16.0,0.6,0.7,0.5,197.0,504.0,795.0,612.5,14.0,505.0,16.0,0.5,0.7,0.5,195.0,505.0,795.0,615.0,14.0,505.0,16.0,0.5,0.7,0.5
1974,2,150.0,9.0,28.0,28.8,29.89,28.76,8.0,1.13,16.0,0.4,0.4,0.4,25.22,27.0,27.59,26.74,8.0,1.11,14.0,0.3,0.3,0.5,17.37,18.73,19.9,18.63,5.0,1.88,18.0,0.4,0.2,0.5,77.7,82.7,90.7,83.5,5.0,8.1,18.0,0.4,0.5,5.53,8.2,9.14,8.1,9.0,3.71,16.0,0.3,0.4,0.5,-8.89,-7.53,-4.92,-7.13,9.0,3.38,16.0,0.3,0.4,0.5,-5.76,-2.98,0.82,-2.7,9.0,3.27,16.0,0.3,0.4,0.5,1006.55,1007.1,1010.0,1008.22,9.0,1.97,16.0,0.3,0.4,0.5,3.0,4.0,7.0,4.8,9.0,2.3,16.0,0.3,0.4,0.5,-81.4,-65.5,-28.3,-68.5,9.0,61.9,16.0,0.3,0.4,0.5,-47.8,-22.4,5.7,-28.3,9.0,42.5,16.0,0.3,0.4,0.5,0.48,1.2,3.12,1.89,7.0,1.87,14.0,0.3,0.3,0.5,3.2,10.4,32.4,17.8,7.0,16.5,14.0,0.3,0.3,0.5,4.73,5.48,7.48,6.08,5.0,1.96,18.0,0.4,0.2,0.5,35.2,51.0,63.4,50.6,5.0,17.1,18.0,0.4,0.2,0.5,-249.2,-205.7,-134.9,-209.7,8.0,78.7,14.0,0.3,0.3,0.5,-153.0,-86.2,35.7,-76.1,8.0,92.1,14.0,0.3,0.3,0.5,-165.3,-147.0,-122.3,-144.1,5.0,25.9,18.0,0.4,0.2,0.5,-73.4,-47.4,-5.1,-39.4,5.0,46.1,18.0,0.4,0.2,0.5,-60.8,-50.2,-30.5,-47.7,5.0,18.5,18.0,0.4,0.2,0.5,-18.4,-17.0,-5.1,-11.7,5.0,11.7,18.0,0.4,0.2,0.5,178.0,551.5,765.0,854.0,9.0,1215.5,16.0,0.3,0.4,0.5,180.0,550.0,765.0,855.0,9.0,1215.0,16.0,0.3,0.4,0.5
1974,2,150.0,10.0,28.43,29.0,30.0,29.05,10.0,0.96,16.0,0.3,0.2,0.3,25.64,27.0,29.07,27.35,10.0,1.68,16.0,0.3,0.2,0.3,18.78,19.87,19.91,19.67,8.0,0.87,14.0,0.3,0.2,0.4,81.7,88.8,91.2,86.5,8.0,5.4,14.0,0.3,0.4,5.79,7.7,9.59,7.87,10.0,3.2,16.0,0.3,0.2,0.3,-9.02,-6.37,-3.08,-6.62,10.0,3.66,16.0,0.3,0.2,0.3,-5.3,-2.89,-2.03,-3.43,10.0,1.96,16.0,0.3,0.2,0.3,1007.54,1008.0,1009.91,1008.43,10.0,1.46,16.0,0.3,0.2,0.3,1.0,3.5,6.6,3.8,10.0,2.6,16.0,0.3,0.2,0.3,-84.5,-52.2,-18.7,-61.7,10.0,57.0,16.0,0.3,0.2,0.3,-43.3,-22.7,-16.7,-27.6,10.0,18.3,16.0,0.3,0.2,0.3,0.21,2.0,2.79,1.7,10.0,1.8,16.0,0.3,0.2,0.3,1.1,14.4,22.6,13.8,10.0,15.2,16.0,0.3,0.2,0.3,5.34,5.36,6.06,5.67,8.0,1.34,14.0,0.3,0.2,0.4,35.9,42.6,68.3,48.7,8.0,17.5,14.0,0.3,0.2,0.4,-250.0,-172.0,-84.6,-180.7,10.0,102.3,16.0,0.3,0.2,0.3,-138.1,-74.5,-56.2,-92.3,10.0,49.9,16.0,0.3,0.2,0.3,-178.0,-137.7,-115.7,-152.0,8.0,60.3,14.0,0.3,0.2,0.4,-68.9,-55.1,-49.1,-64.8,8.0,33.2,14.0,0.3,0.2,0.4,-63.1,-36.4,-31.6,-43.3,8.0,18.2,14.0,0.3,0.2,0.4,-23.3,-16.9,-13.2,-19.1,8.0,11.1,14.0,0.3,0.2,0.4,204.5,462.5,882.5,713.0,10.0,849.0,16.0,0.3,0.2,0.3,205.0,460.0,885.0,715.0,10.0,850.0,16.0,0.3,0.2,0.3
1974,2,150.0,11.0,27.71,28.75,29.26,28.5,4.0,1.08,18.0,0.8,0.1,0.4,26.48,27.5,28.21,27.25,6.0,1.54,18.0,0.7,0.2,0.4,16.55,19.3,20.07,18.36,4.0,2.57,18.0,0.8,0.1,0.4,65.2,74.4,86.6,75.5,5.0,11.5,18.0,0.8,0.4,6.56,7.95,8.53,7.77,6.0,1.32,18.0,0.7,0.2,0.4,-8.14,-6.76,-5.58,-6.87,6.0,1.86,18.0,0.7,0.2,0.4,-5.16,-1.4,1.37,-1.59,6.0,3.31,18.0,0.7,0.2,0.4,1006.14,1009.0,1010.0,1008.16,5.0,2.2,18.0,0.6,0.1,0.4,2.0,3.5,5.4,3.8,6.0,1.9,18.0,0.7,0.2,0.4,-70.0,-53.6,-34.1,-55.1,6.0,23.8,18.0,0.7,0.2,0.4,-36.2,-11.5,9.1,-12.3,6.0,25.0,18.0,0.7,0.2,0.4,-0.81,1.0,1.76,0.5,4.0,1.78,18.0,0.8,0.1,0.4,-8.7,7.8,14.4,3.1,4.0,16.1,18.0,0.8,0.1,0.4,4.49,5.55,7.91,6.17,4.0,2.63,18.0,0.8,0.1,0.4,39.9,45.5,57.1,48.4,4.0,12.8,18.0,0.8,0.1,0.4,-229.9,-182.5,-139.8,-188.4,6.0,58.0,18.0,0.7,0.2,0.4,-142.6,-39.3,34.9,-44.7,6.0,90.4,18.0,0.7,0.2,0.4,-169.9,-140.4,-92.6,-131.7,4.0,51.5,18.0,0.8,0.1,0.4,-90.8,-65.9,-27.0,-59.2,4.0,44.2,18.0,0.8,0.1,0.4,-43.4,-39.4,-34.9,-39.2,4.0,5.0,18.0,0.8,0.1,0.4,-40.1,-22.2,-7.7,-23.8,4.0,21.4,18.0,0.8,0.1,0.4,283.5,504.0,632.0,503.0,6.0,254.0,18.0,0.7,0.2,0.4,285.0,505.0,630.0,505.0,6.0,255.0,18.0,0.7,0.2,0.4
1974,2,150.0,12.0,26.91,27.9,28.21,27.58,4.0,1.01,12.0,0.8,0.2,0.3,27.27,27.95,29.31,28.28,4.0,1.6,12.0,0.8,0.2,0.3,16.88,17.71,18.2,17.54,3.0,0.97,14.0,0.7,0.3,0.5,70.0,75.4,75.6,72.8,3.0,4.7,14.0,0.7,0.5,7.1,9.3,9.56,8.38,4.0,2.2,12.0,0.8,0.2,0.3,-8.84,-7.81,-5.44,-7.17,4.0,2.33,12.0,0.8,0.2,0.3,-5.46,-4.09,-2.41,-3.94,4.0,1.91,12.0,0.8,0.2,0.3,1008.28,1011.1,1012.67,1010.5,4.0,3.42,12.0,0.8,0.2,0.3,2.0,2.5,4.0,3.0,4.0,1.4,12.0,0.8,0.2,0.3,-84.2,-74.7,-42.0,-63.6,4.0,30.3,12.0,0.8,0.2,0.3,-52.0,-32.4,-15.8,-33.8,4.0,21.0,12.0,0.8,0.2,0.3,-2.35,-0.05,0.89,-0.7,4.0,2.6,12.0,0.8,0.2,0.3,-21.9,-0.5,4.5,-8.3,4.0,22.2,12.0,0.8,0.2,0.3,3.67,5.65,7.1,5.39,3.0,2.52,14.0,0.7,0.3,0.5,30.0,39.7,48.5,39.3,3.0,13.5,14.0,0.7,0.3,0.5,-259.5,-218.2,-149.3,-205.0,4.0,74.8,12.0,0.8,0.2,0.3,-152.7,-112.4,-67.5,-110.2,4.0,52.2,12.0,0.8,0.2,0.3,-155.2,-126.2,-84.0,-119.8,3.0,52.4,14.0,0.7,0.3,0.5,-89.4,-54.1,-37.5,-63.2,3.0,38.9,14.0,0.7,0.3,0.5,-37.1,-30.4,-26.8,-31.9,3.0,7.7,14.0,0.7,0.3,0.5,-31.2,-25.5,-11.1,-21.2,3.0,15.1,14.0,0.7,0.3,0.5,452.5,804.5,876.0,670.5,4.0,364.5,12.0,0.8,0.2,0.3,450.0,805.0,875.0,670.0,4.0,365.0,12.0,0.8,0.2,0.3
1974,2,150.0,13.0,27.8,27.8,27.8,27.8,1.0,0.0,28.0,1.0,0.2,0.0,27.2,27.2,27.2,27.2,1.0,0.0,28.0,1.0,0.2,0.0,15.58,15.58,15.58,15.58,1.0,0.0,28.0,1.0,0.2,0.0,69.3,69.3,69.3,69.3,1.0,0.0,28.0,1.0,0.0,9.3,9.3,9.3,9.3,1.0,0.0,28.0,1.0,0.2,0.0,-8.05,-8.05,-8.05,-8.05,1.0,0.0,28.0,1.0,0.2,0.0,-4.65,-4.65,-4.65,-4.65,1.0,0.0,28.0,1.0,0.2,0.0,1012.5,1012.5,1012.5,1012.5,1.0,0.0,28.0,1.0,0.2,0.0,3.0,3.0,3.0,3.0,1.0,0.0,28.0,1.0,0.2,0.0,-74.9,-74.9,-74.9,-74.9,1.0,0.0,28.0,1.0,0.2,0.0,-43.2,-43.2,-43.2,-43.2,1.0,0.0,28.0,1.0,0.2,0.0,0.6,0.6,0.6,0.6,1.0,0.0,28.0,1.0,0.2,0.0,5.6,5.6,5.6,5.6,1.0,0.0,28.0,1.0,0.2,0.0,7.81,7.81,7.81,7.81,1.0,0.0,28.0,1.0,0.2,0.0,72.7,72.7,72.7,72.7,1.0,0.0,28.0,1.0,0.2,0.0,-219.1,-219.1,-219.1,-219.1,1.0,0.0,28.0,1.0,0.2,0.0,-126.5,-126.5,-126.5,-126.5,1.0,0.0,28.0,1.0,0.2,0.0,-125.5,-125.5,-125.5,-125.5,1.0,0.0,28.0,1.0,0.2,0.0,-72.5,-72.5,-72.5,-72.5,1.0,0.0,28.0,1.0,0.2,0.0,-62.9,-62.9,-62.9,-62.9,1.0,0.0,28.0,1.0,0.2,0.0,-36.3,-36.3,-36.3,-36.3,1.0,0.0,28.0,1.0,0.2,0.0,804.5,804.5,804.5,804.5,1.0,0.0,28.0,1.0,0.2,0.0,805.0,805.0,805.0,805.0,1.0,0.0,28.0,1.0,0.2,0.0
1974,2,150.0,14.0,28.08,28.5,29.24,28.66,5.0,0.85,10.0,0.2,0.4,0.5,25.98,26.4,26.81,26.38,5.0,0.53,10.0,0.2,0.4,0.5,16.8,17.15,17.79,17.24,5.0,0.58,10.0,0.2,0.4,0.5,76.6,78.2,84.5,80.3,5.0,4.6,10.0,0.2,0.5,4.73,5.1,9.67,6.78,5.0,2.81,10.0,0.2,0.4,0.5,-7.78,-4.79,-2.74,-5.09,5.0,3.14,10.0,0.2,0.4,0.5,-5.45,-3.28,2.58,-1.72,5.0,4.4,10.0,0.2,0.4,0.5,1008.0,1010.5,1012.59,1010.32,5.0,3.03,10.0,0.2,0.4,0.5,2.6,3.0,4.7,3.6,5.0,1.5,10.0,0.2,0.4,0.5,-75.6,-24.4,-13.7,-41.1,5.0,36.7,10.0,0.2,0.4,0.5,-54.0,-16.7,11.7,-20.0,5.0,33.7,10.0,0.2,0.4,0.5,1.32,2.6,3.03,2.28,5.0,1.03,10.0,0.2,0.4,0.5,8.6,13.8,22.0,15.7,5.0,10.7,10.0,0.2,0.4,0.5,6.24,7.24,8.4,7.45,5.0,1.6,10.0,0.2,0.4,0.5,30.9,32.0,82.8,52.7,5.0,30.4,10.0,0.2,0.4,0.5,-207.3,-128.0,-70.3,-135.1,5.0,84.9,10.0,0.2,0.4,0.5,-145.9,-83.9,68.2,-45.7,5.0,116.4,10.0,0.2,0.4,0.5,-129.8,-82.2,-49.0,-86.7,5.0,52.3,10.0,0.2,0.4,0.5,-91.5,-58.6,45.2,-28.6,5.0,75.3,10.0,0.2,0.4,0.5,-68.3,-29.6,-17.4,-39.5,5.0,28.6,10.0,0.2,0.4,0.5,-46.3,-20.5,17.5,-15.9,5.0,36.3,10.0,0.2,0.4,0.5,109.5,132.5,909.5,446.5,5.0,470.5,10.0,0.2,0.4,0.5,110.0,135.0,910.0,445.0,5.0,470.0,10.0,0.2,0.4,0.5
1974,2,150.0,15.0,26.7,27.2,27.71,27.24,7.0,0.48,14.0,0.3,0.4,0.6,24.97,26.1,27.28,26.26,7.0,1.47,14.0,0.3,0.4,0.6,15.22,16.66,17.95,16.66,7.0,2.01,14.0,0.3,0.4,0.6,71.8,79.1,80.3,77.9,7.0,5.1,14.0,0.3,0.6,7.58,7.7,8.92,8.36,7.0,2.5,14.0,0.3,0.4,0.6,-7.93,-7.53,-4.85,-7.01,7.0,3.35,14.0,0.3,0.4,0.6,-4.75,-2.63,0.04,-2.87,7.0,3.08,14.0,0.3,0.4,0.6,1010.75,1011.5,1012.09,1011.56,7.0,1.28,14.0,0.3,0.4,0.6,0.0,2.5,4.6,2.7,6.0,2.7,16.0,0.3,0.4,0.5,-70.5,-58.4,-24.9,-63.6,7.0,50.5,14.0,0.3,0.4,0.6,-61.6,-20.3,0.2,-27.4,7.0,28.5,14.0,0.3,0.4,0.6,-0.1,1.1,2.33,0.99,7.0,1.72,14.0,0.3,0.4,0.6,-0.5,9.6,24.9,10.6,7.0,14.4,14.0,0.3,0.4,0.6,4.61,5.89,8.26,6.01,7.0,2.18,14.0,0.3,0.4,0.6,35.2,51.2,70.8,53.6,7.0,30.9,14.0,0.3,0.4,0.6,-211.1,-196.6,-139.4,-183.0,7.0,81.3,14.0,0.3,0.4,0.6,-117.8,-70.3,1.2,-72.6,7.0,77.6,14.0,0.3,0.4,0.6,-137.7,-125.5,-95.8,-114.8,7.0,46.9,14.0,0.3,0.4,0.6,-74.9,-41.1,0.8,-43.7,7.0,47.7,14.0,0.3,0.4,0.6,-53.3,-43.4,-11.9,-43.0,7.0,31.2,14.0,0.3,0.4,0.6,-39.3,-18.5,0.1,-22.0,7.0,24.7,14.0,0.3,0.4,0.6,441.0,456.5,742.0,731.0,7.0,756.0,14.0,0.3,0.4,0.6,440.0,455.0,740.0,730.0,7.0,755.0,14.0,0.3,0.4,0.6
1974,2,150.0,16.0,26.67,27.2,27.81,27.2,5.0,0.73,18.0,0.8,0.3,0.7,26.45,27.2,30.22,28.06,5.0,2.16,18.0,0.8,0.3,0.7,14.67,17.3,18.11,16.43,4.0,2.74,18.0,0.8,0.4,0.6,61.3,73.3,81.5,71.5,4.0,12.7,18.0,0.8,0.6,7.44,7.7,8.22,7.83,4.0,0.63,22.0,0.8,0.4,0.6,-7.39,-6.95,-6.06,-6.74,4.0,0.89,22.0,0.8,0.4,0.6,-4.26,-3.24,1.03,-1.69,4.0,4.11,22.0,0.8,0.4,0.6,1010.41,1012.0,1014.05,1012.22,5.0,2.07,18.0,0.8,0.3,0.7,2.6,3.0,5.4,3.8,5.0,1.6,18.0,0.8,0.3,0.7,-60.9,-53.5,-45.3,-53.1,4.0,10.7,22.0,0.8,0.4,0.6,-31.6,-25.0,10.2,-11.4,4.0,33.3,22.0,0.8,0.4,0.6,-2.94,0.0,0.75,-0.86,5.0,1.94,18.0,0.8,0.3,0.7,-24.2,-11.5,2.4,-10.9,4.0,15.4,22.0,0.8,0.4,0.6,4.33,5.4,8.25,6.25,4.0,2.76,18.0,0.8,0.4,0.6,34.1,40.4,62.8,48.3,3.0,22.1,22.0,0.7,0.5,0.6,-224.1,-193.6,-159.6,-191.9,4.0,38.1,22.0,0.8,0.4,0.6,-112.7,-88.6,32.1,-42.5,4.0,118.6,22.0,0.8,0.4,0.6,-132.2,-114.0,-83.1,-107.8,3.0,36.4,22.0,0.7,0.5,0.6,-63.2,-57.6,37.1,-14.1,3.0,82.6,22.0,0.7,0.5,0.6,-49.4,-35.0,-29.5,-39.4,3.0,15.0,22.0,0.7,0.5,0.6,-37.1,-15.6,8.9,-14.1,3.0,33.7,22.0,0.7,0.5,0.6,413.0,456.5,562.5,486.0,4.0,121.5,22.0,0.8,0.4,0.6,415.0,455.0,560.0,485.0,4.0,120.0,22.0,0.8,0.4,0.6
1974,2,150.0,17.0,27.2,27.2,27.2,27.2,2.0,0.0,16.0,0.5,0.5,0.6,25.78,26.8,27.82,26.8,2.0,2.12,16.0,0.5,0.5,0.6,14.49,15.68,16.87,15.68,2.0,2.47,16.0,0.5,0.5,0.6,69.9,71.0,72.0,71.0,2.0,2.2,16.0,0.5,0.6,8.11,9.0,9.89,9.0,2.0,1.84,16.0,0.5,0.5,0.6,-9.36,-8.69,-8.01,-8.69,2.0,1.4,16.0,0.5,0.5,0.6,0.56,1.76,2.96,1.76,2.0,2.49,16.0,0.5,0.5,0.6,1011.9,1011.9,1011.9,1011.9,2.0,0.0,16.0,0.5,0.5,0.6,0.3,1.0,1.7,1.0,2.0,1.4,16.0,0.5,0.5,0.6,-93.3,-79.5,-65.7,-79.5,2.0,28.6,16.0,0.5,0.5,0.6,5.8,18.1,30.5,18.1,2.0,25.7,16.0,0.5,0.5,0.6,-0.62,0.4,1.42,0.4,2.0,2.12,16.0,0.5,0.5,0.6,-7.2,1.7,10.5,1.7,2.0,18.4,16.0,0.5,0.5,0.6,5.72,6.91,8.1,6.91,2.0,2.47,16.0,0.5,0.5,0.6,55.4,59.9,64.5,59.9,2.0,9.5,16.0,0.5,0.5,0.6,-261.4,-234.4,-207.4,-234.4,2.0,55.9,16.0,0.5,0.5,0.6,15.8,49.8,83.9,49.8,2.0,70.5,16.0,0.5,0.5,0.6,-158.9,-138.0,-117.0,-138.0,2.0,43.4,16.0,0.5,0.5,0.6,9.7,30.7,51.6,30.7,2.0,43.4,16.0,0.5,0.5,0.6,-64.0,-58.3,-52.7,-58.3,2.0,11.8,16.0,0.5,0.5,0.6,2.9,9.1,15.3,9.1,2.0,12.9,16.0,0.5,0.5,0.6,557.5,774.5,992.0,774.5,2.0,450.0,16.0,0.5,0.5,0.6,555.0,775.0,990.0,775.0,2.0,450.0,16.0,0.5,0.5,0.6
1974,2,150.0,18.0,26.74,27.5,28.0,27.38,4.0,0.75,12.0,0.3,0.6,0.4,25.05,25.3,26.34,25.68,4.0,0.97,12.0,0.3,0.6,0.4,14.34,14.87,16.51,15.4,4.0,1.77,12.0,0.3,0.6,0.4,68.4,72.9,82.0,75.1,4.0,9.4,12.0,0.3,0.4,5.81,7.95,9.3,7.58,4.0,2.58,12.0,0.3,0.6,0.4,-7.99,-5.87,-0.45,-4.3,4.0,5.01,12.0,0.3,0.6,0.4,-4.15,-1.41,3.12,-0.55,4.0,5.74,12.0,0.3,0.6,0.4,1011.95,1012.75,1014.55,1013.23,4.0,1.68,12.0,0.3,0.6,0.4,3.0,3.0,4.0,3.5,4.0,1.0,12.0,0.3,0.6,0.4,-74.1,-41.0,3.1,-35.8,4.0,46.7,12.0,0.3,0.6,0.4,-41.3,-8.7,26.5,-7.5,4.0,50.7,12.0,0.3,0.6,0.4,0.59,2.2,2.76,1.7,4.0,1.6,12.0,0.3,0.6,0.4,6.1,17.4,25.4,15.8,4.0,13.8,12.0,0.3,0.6,0.4,6.25,7.11,8.61,7.41,4.0,1.68,12.0,0.3,0.6,0.4,35.7,52.3,81.3,58.2,4.0,30.9,12.0,0.3,0.6,0.4,-200.1,-150.8,-14.5,-109.3,4.0,126.0,12.0,0.3,0.6,0.4,-104.8,-36.9,79.6,-13.7,4.0,145.4,12.0,0.3,0.6,0.4,-115.2,-83.4,-2.4,-59.9,4.0,76.6,12.0,0.3,0.6,0.4,-58.3,-21.0,58.2,-1.0,4.0,93.5,12.0,0.3,0.6,0.4,-68.6,-43.0,-4.6,-36.9,4.0,40.5,12.0,0.3,0.6,0.4,-38.7,-10.0,17.1,-10.8,4.0,43.2,12.0,0.3,0.6,0.4,253.5,504.0,835.0,542.5,4.0,422.0,12.0,0.3,0.6,0.4,255.0,505.0,835.0,540.0,4.0,420.0,12.0,0.3,0.6,0.4
1974,2,150.0,19.0,24.81,25.7,26.59,25.7,2.0,1.84,10.0,0.5,0.5,0.6,23.92,23.95,23.98,23.95,2.0,0.07,10.0,0.5,0.5,0.6,16.06,17.05,18.04,17.05,2.0,2.05,10.0,0.5,0.5,0.6,86.8,92.2,97.5,92.2,2.0,11.1,10.0,0.5,0.6,8.19,9.25,10.31,9.25,2.0,2.19,10.0,0.5,0.5,0.6,-9.02,-8.29,-7.57,-8.29,2.0,1.5,10.0,0.5,0.5,0.6,-4.96,-4.02,-3.07,-4.02,2.0,1.96,10.0,0.5,0.5,0.6,1013.65,1015.25,1016.85,1015.25,2.0,3.32,10.0,0.5,0.5,0.6,8.0,8.0,8.0,8.0,2.0,0.0,10.0,0.5,0.5,0.6,-93.8,-78.4,-62.9,-78.4,2.0,32.0,10.0,0.5,0.5,0.6,-52.3,-39.3,-26.3,-39.3,2.0,26.9,10.0,0.5,0.5,0.6,0.9,1.75,2.6,1.75,2.0,1.77,10.0,0.5,0.5,0.6,8.4,18.1,27.9,18.1,2.0,20.2,10.0,0.5,0.5,0.6,1.53,3.58,5.64,3.58,2.0,4.26,10.0,0.5,0.5,0.6,15.0,37.8,60.6,37.8,2.0,47.3,10.0,0.5,0.5,0.6,-216.3,-198.7,-181.1,-198.7,2.0,36.4,10.0,0.5,0.5,0.6,-119.0,-96.3,-73.5,-96.3,2.0,47.1,10.0,0.5,0.5,0.6,-144.0,-139.9,-135.8,-139.9,2.0,8.5,10.0,0.5,0.5,0.6,-78.6,-66.5,-54.4,-66.5,2.0,25.1,10.0,0.5,0.5,0.6,-52.6,-32.9,-13.3,-32.9,2.0,40.7,10.0,0.5,0.5,0.6,-30.2,-18.6,-6.9,-18.6,2.0,24.1,10.0,0.5,0.5,0.6,584.0,858.0,1132.0,858.0,2.0,568.0,10.0,0.5,0.5,0.6,585.0,860.0,1130.0,860.0,2.0,570.0,10.0,0.5,0.5,0.6
1974,2,150.0,20.0,24.95,26.45,27.04,26.05,6.0,1.27,14.0,0.3,0.5,0.5,23.26,23.5,24.03,23.68,6.0,0.64,14.0,0.3,0.5,0.5,12.23,13.93,14.58,13.47,6.0,1.37,14.0,0.3,0.5,0.5,67.0,75.5,81.0,74.0,6.0,8.3,14.0,0.3,0.5,4.29,9.0,10.84,8.15,6.0,3.66,14.0,0.3,0.5,0.5,-5.76,-3.35,-2.95,-4.68,6.0,3.22,14.0,0.3,0.5,0.5,-8.93,-6.99,-3.02,-6.16,6.0,3.29,14.0,0.3,0.5,0.5,1010.09,1012.6,1015.0,1012.37,6.0,2.74,14.0,0.3,0.5,0.5,1.8,8.0,8.0,5.8,6.0,3.4,14.0,0.3,0.5,0.5,-59.8,-32.9,-12.7,-45.1,6.0,49.9,14.0,0.3,0.5,0.5,-86.6,-73.4,-13.5,-58.2,6.0,39.3,14.0,0.3,0.5,0.5,0.83,2.8,3.58,2.37,6.0,1.52,14.0,0.3,0.5,0.5,2.8,21.1,39.0,22.2,6.0,20.1,14.0,0.3,0.5,0.5,7.43,7.7,7.87,7.66,6.0,0.24,14.0,0.3,0.5,0.5,32.6,68.0,85.3,62.9,6.0,29.3,14.0,0.3,0.5,0.5,-135.9,-78.8,-71.7,-110.4,6.0,74.5,14.0,0.3,0.5,0.5,-209.9,-164.8,-70.0,-145.0,6.0,77.1,14.0,0.3,0.5,0.5,-74.2,-47.7,-38.6,-64.2,6.0,48.8,14.0,0.3,0.5,0.5,-130.0,-89.5,-37.8,-84.1,6.0,48.2,14.0,0.3,0.5,0.5,-43.5,-26.2,-22.4,-36.2,6.0,25.9,14.0,0.3,0.5,0.5,-69.6,-53.1,-23.0,-47.5,6.0,25.7,14.0,0.3,0.5,0.5,83.5,731.5,1310.5,805.0,6.0,775.5,14.0,0.3,0.5,0.5,85.0,730.0,1310.0,805.0,6.0,775.0,14.0,0.3,0.5,0.5
1974,2,150.0,21.0,24.16,25.25,26.21,25.28,6.0,1.13,14.0,0.3,0.4,0.6,21.79,22.7,26.21,23.57,6.0,2.41,14.0,0.3,0.4,0.6,11.55,12.95,14.1,13.05,6.0,1.73,14.0,0.3,0.4,0.6,67.0,70.4,77.0,72.0,6.0,6.4,14.0,0.3,0.6,2.42,5.1,9.15,5.98,5.0,4.55,14.0,0.2,0.4,0.6,-7.86,-1.61,-0.56,-4.04,5.0,5.16,14.0,0.2,0.4,0.6,-4.77,-4.31,0.04,-2.58,5.0,3.17,14.0,0.2,0.4,0.6,1009.19,1014.75,1017.06,1013.55,6.0,3.93,14.0,0.3,0.4,0.6,1.6,3.0,4.8,3.3,6.0,2.7,14.0,0.3,0.4,0.6,-83.4,-3.4,-1.5,-41.8,5.0,72.4,14.0,0.2,0.4,0.6,-40.7,-26.0,0.5,-22.6,5.0,26.4,14.0,0.2,0.4,0.6,-1.02,1.9,5.0,1.72,6.0,3.13,14.0,0.3,0.4,0.6,-3.5,22.8,28.4,14.6,5.0,18.0,14.0,0.2,0.4,0.6,5.88,7.57,8.77,7.09,6.0,2.32,14.0,0.3,0.4,0.6,11.5,47.6,72.9,45.2,5.0,37.1,14.0,0.2,0.4,0.6,-178.8,-41.8,-15.2,-94.4,5.0,118.9,14.0,0.2,0.4,0.6,-106.9,-94.7,1.8,-55.6,5.0,74.2,14.0,0.2,0.4,0.6,-100.9,-21.9,-9.0,-52.1,5.0,63.1,14.0,0.2,0.4,0.6,-58.9,-56.3,2.5,-30.8,5.0,42.6,14.0,0.2,0.4,0.6,-62.1,-10.8,-1.6,-30.1,5.0,39.4,14.0,0.2,0.4,0.6,-41.0,-33.9,-3.3,-24.2,5.0,22.3,14.0,0.2,0.4,0.6,14.5,132.5,1069.5,573.5,5.0,1031.5,14.0,0.2,0.4,0.6,15.0,135.0,1070.0,575.0,5.0,1030.0,14.0,0.2,0.4,0.6
1974,2,150.0,22.0,24.26,24.4,26.86,25.53,3.0,2.14,14.0,0.7,0.1,0.3,22.25,22.8,25.8,24.0,3.0,2.8,14.0,0.7,0.1,0.3,12.31,14.76,15.33,13.85,3.0,2.35,14.0,0.7,0.1,0.3,68.3,69.3,80.2,74.2,3.0,9.7,14.0,0.7,0.3,3.92,4.6,6.72,5.3,3.0,2.14,14.0,0.7,0.1,0.3,-5.29,-2.31,0.84,-2.23,3.0,4.48,14.0,0.7,0.1,0.3,-3.59,-2.76,1.75,-0.96,3.0,4.21,14.0,0.7,0.1,0.3,1009.98,1011.0,1011.14,1010.57,3.0,0.93,14.0,0.7,0.1,0.3,3.0,3.0,6.4,4.7,3.0,2.9,14.0,0.7,0.1,0.3,-37.7,-8.3,4.6,-16.4,3.0,31.7,14.0,0.7,0.1,0.3,-15.7,-9.9,17.1,0.5,3.0,25.6,14.0,0.7,0.1,0.3,-1.21,2.2,4.25,1.53,3.0,4.04,14.0,0.7,0.1,0.3,-11.5,10.1,16.0,2.4,3.0,21.2,14.0,0.7,0.1,0.3,4.84,7.73,8.57,6.73,3.0,2.86,14.0,0.7,0.1,0.3,28.6,32.2,34.5,31.6,3.0,4.3,14.0,0.7,0.1,0.3,-140.6,-52.8,17.8,-61.2,3.0,116.2,14.0,0.7,0.1,0.3,-79.8,-62.9,51.5,-15.3,3.0,104.6,14.0,0.7,0.1,0.3,-81.9,-34.1,6.7,-37.5,3.0,64.9,14.0,0.7,0.1,0.3,-43.3,-40.7,28.1,-8.4,3.0,59.3,14.0,0.7,0.1,0.3,-22.5,-20.7,5.6,-8.8,3.0,23.0,14.0,0.7,0.1,0.3,-28.9,-24.7,1.4,-14.0,3.0,24.0,14.0,0.7,0.1,0.3,62.5,97.5,342.5,200.0,3.0,223.5,14.0,0.7,0.1,0.3,65.0,95.0,345.0,200.0,3.0,225.0,14.0,0.7,0.1,0.3
1974,2,150.0,23.0,23.93,24.0,25.09,24.5,3.0,0.95,12.0,0.7,0.4,0.5,24.45,26.7,26.84,25.67,3.0,1.97,12.0,0.7,0.4,0.5,11.43,14.53,16.58,14.02,3.0,3.8,12.0,0.7,0.4,0.5,56.5,79.2,80.6,68.8,3.0,19.8,12.0,0.7,0.5,3.73,5.1,6.87,5.3,3.0,2.31,12.0,0.7,0.4,0.5,-4.45,1.55,2.23,-1.05,3.0,5.38,12.0,0.7,0.4,0.5,-2.18,2.63,2.67,0.3,3.0,4.09,12.0,0.7,0.4,0.5,1011.63,1011.9,1013.4,1012.5,3.0,1.4,12.0,0.7,0.4,0.5,1.0,3.0,3.7,2.3,3.0,2.1,12.0,0.7,0.4,0.5,-36.5,4.8,10.4,-12.6,3.0,37.5,12.0,0.7,0.4,0.5,-12.7,8.3,16.5,2.0,3.0,22.1,12.0,0.7,0.4,0.5,-2.4,-1.1,0.06,-1.17,3.0,1.8,12.0,0.7,0.4,0.5,-8.1,-5.6,1.4,-3.4,3.0,7.2,12.0,0.7,0.4,0.5,1.97,4.06,8.48,5.2,3.0,4.87,12.0,0.7,0.4,0.5,12.0,31.3,46.6,29.4,3.0,25.4,12.0,0.7,0.4,0.5,-102.3,41.7,59.7,-19.8,3.0,130.1,12.0,0.7,0.4,0.5,-60.9,61.6,68.9,5.3,3.0,106.9,12.0,0.7,0.4,0.5,-63.7,25.5,26.6,-17.5,3.0,75.9,12.0,0.7,0.4,0.5,-18.0,38.3,44.3,13.7,3.0,50.3,12.0,0.7,0.4,0.5,-19.6,1.5,18.8,-0.3,3.0,28.2,12.0,0.7,0.4,0.5,-30.9,2.7,8.2,-11.1,3.0,31.0,12.0,0.7,0.4,0.5,62.5,132.5,353.5,206.5,3.0,222.5,12.0,0.7,0.4,0.5,60.0,135.0,355.0,205.0,3.0,225.0,12.0,0.7,0.4,0.5
1974,2,150.0,24.0,20.85,21.7,24.33,22.62,5.0,2.59,10.0,0.6,0.3,0.2,18.34,20.0,20.97,19.68,5.0,1.68,10.0,0.6,0.3,0.2,9.35,11.32,12.99,11.21,5.0,1.95,10.0,0.6,0.3,0.2,73.6,79.4,83.2,78.4,5.0,8.3,10.0,0.6,0.2,4.6,7.7,7.7,6.46,5.0,1.7,10.0,0.6,0.3,0.2,-6.56,-2.3,3.64,-1.42,5.0,6.0,10.0,0.6,0.3,0.2,-4.11,-2.63,1.81,-1.2,5.0,3.83,10.0,0.6,0.3,0.2,1010.91,1016.0,1019.84,1015.42,5.0,5.13,10.0,0.6,0.3,0.2,1.6,3.0,5.7,3.6,5.0,2.4,10.0,0.6,0.3,0.2,-50.5,-10.6,24.9,-10.5,5.0,45.5,10.0,0.6,0.3,0.2,-20.0,-18.3,13.9,-4.1,5.0,25.1,10.0,0.6,0.3,0.2,1.16,2.0,4.71,2.94,5.0,2.45,10.0,0.6,0.3,0.2,8.9,9.2,28.4,17.1,5.0,11.3,10.0,0.6,0.3,0.2,3.83,5.41,8.15,6.02,5.0,3.07,10.0,0.6,0.3,0.2,27.0,34.2,44.8,35.5,5.0,11.0,10.0,0.6,0.3,0.2,-125.1,-46.0,73.4,-27.0,5.0,122.0,10.0,0.6,0.3,0.2,-80.6,-54.3,31.1,-26.2,5.0,70.5,10.0,0.6,0.3,0.2,-71.7,-26.0,44.5,-13.8,5.0,74.5,10.0,0.6,0.3,0.2,-41.0,-35.5,17.4,-14.3,5.0,38.8,10.0,0.6,0.3,0.2,-32.7,-25.1,13.9,-12.2,5.0,25.4,10.0,0.6,0.3,0.2,-33.9,-7.3,9.8,-10.5,5.0,27.0,10.0,0.6,0.3,0.2,97.5,456.5,456.5,313.0,5.0,196.5,10.0,0.6,0.3,0.2,95.0,455.0,455.0,315.0,5.0,195.0,10.0,0.6,0.3,0.2
1974,2,150.0,25.0,19.63,20.0,22.62,20.94,5.0,1.89,18.0,0.6,0.5,0.6,15.99,20.5,20.86,19.1,7.0,2.49,18.0,0.6,0.6,0.7,6.27,9.23,10.67,8.66,5.0,2.42,18.0,0.6,0.5,0.6,56.4,62.1,70.9,63.5,5.0,8.8,18.0,0.6,0.6,3.53,7.2,8.25,6.1,7.0,2.59,18.0,0.6,0.6,0.7,-4.11,-1.05,5.62,-0.06,7.0,5.37,18.0,0.6,0.6,0.7,-3.46,-1.82,4.63,-0.31,7.0,4.6,18.0,0.6,0.6,0.7,1015.9,1018.5,1020.51,1017.24,7.0,5.18,18.0,0.6,0.6,0.7,6.0,7.0,8.0,7.0,7.0,1.0,18.0,0.6,0.6,0.7,-22.6,-2.2,40.8,-0.1,7.0,44.1,18.0,0.6,0.6,0.7,-24.3,-3.8,33.8,-0.8,7.0,33.1,18.0,0.6,0.6,0.7,-0.54,2.9,4.22,2.2,5.0,2.79,18.0,0.6,0.5,0.6,-2.9,23.0,28.3,14.9,5.0,16.7,18.0,0.6,0.5,0.6,4.88,6.67,8.48,6.74,5.0,2.17,18.0,0.6,0.5,0.6,32.8,50.2,57.8,45.2,5.0,18.1,18.0,0.6,0.5,0.6,-67.5,-18.9,123.1,3.4,7.0,109.9,18.0,0.6,0.6,0.7,-60.1,-32.7,97.0,2.4,7.0,86.3,18.0,0.6,0.6,0.7,-50.1,-7.3,30.0,-9.6,5.0,59.1,18.0,0.6,0.5,0.6,-31.6,-21.3,42.5,0.2,5.0,41.9,18.0,0.6,0.5,0.6,-44.0,-9.6,16.4,-11.8,5.0,36.7,18.0,0.6,0.5,0.6,-40.4,-14.7,21.0,-11.1,5.0,34.7,18.0,0.6,0.5,0.6,45.0,373.0,563.5,327.5,7.0,288.5,18.0,0.6,0.6,0.7,45.0,375.0,565.0,325.0,7.0,290.0,18.0,0.6,0.6,0.7
1974,2,150.0,26.0,20.31,21.4,22.37,21.35,6.0,1.23,6.0,0.5,0.5,0.5,16.48,21.1,23.24,20.56,7.0,3.13,10.0,0.6,0.5,0.5,6.41,9.91,13.18,9.97,5.0,3.78,6.0,0.6,0.4,0.6,56.7,64.3,76.5,67.2,5.0,14.5,6.0,0.6,0.6,3.98,7.2,8.54,6.89,7.0,4.46,10.0,0.6,0.5,0.5,-1.59,4.04,7.1,2.42,7.0,4.75,10.0,0.6,0.5,0.5,-3.97,1.25,3.2,1.49,7.0,6.58,10.0,0.6,0.5,0.5,1009.31,1012.65,1019.48,1013.95,6.0,5.13,6.0,0.5,0.5,0.5,3.0,4.0,7.0,4.7,7.0,2.3,10.0,0.6,0.5,0.5,-7.5,16.6,56.9,22.2,7.0,42.8,10.0,0.6,0.5,0.5,-17.5,2.9,30.0,27.1,7.0,89.4,10.0,0.6,0.5,0.5,-1.44,0.95,3.74,1.37,6.0,3.01,6.0,0.5,0.5,0.5,-13.6,7.5,25.4,5.5,6.0,19.7,6.0,0.5,0.5,0.5,2.65,7.6,8.65,5.93,5.0,3.95,6.0,0.6,0.4,0.6,25.9,58.5,64.7,45.7,5.0,27.7,6.0,0.6,0.4,0.6,-25.5,85.2,152.2,58.1,7.0,95.1,10.0,0.6,0.5,0.5,-63.7,27.6,68.7,43.5,7.0,141.0,10.0,0.6,0.5,0.5,-17.8,63.4,84.8,40.1,5.0,58.8,6.0,0.6,0.4,0.6,-30.2,19.0,80.2,31.0,5.0,84.8,6.0,0.6,0.4,0.6,-24.0,-0.7,34.2,4.2,5.0,36.5,6.0,0.6,0.4,0.6,-42.6,-0.1,35.1,-1.4,5.0,44.9,6.0,0.6,0.4,0.6,66.0,373.0,699.5,739.0,7.0,1302.0,10.0,0.6,0.5,0.5,65.0,375.0,700.0,740.0,7.0,1300.0,10.0,0.6,0.5,0.5
1974,2,150.0,27.0,19.38,19.75,21.25,20.18,6.0,1.21,16.0,0.3,0.4,0.4,16.65,20.0,20.43,18.69,7.0,2.14,16.0,0.3,0.3,0.5,10.24,11.67,13.0,11.08,7.0,2.97,16.0,0.3,0.3,0.5,78.2,88.0,92.7,81.4,7.0,16.2,16.0,0.3,0.5,5.95,8.2,12.9,8.46,7.0,4.17,16.0,0.3,0.3,0.5,-0.24,0.5,4.37,1.99,7.0,5.24,16.0,0.3,0.3,0.5,-8.42,4.41,6.11,0.76,7.0,8.25,16.0,0.3,0.3,0.5,1007.42,1015.3,1020.67,1014.33,7.0,6.64,16.0,0.3,0.3,0.5,2.0,6.5,8.0,5.5,6.0,2.9,18.0,0.2,0.4,0.6,-1.8,0.5,35.0,24.6,7.0,62.1,16.0,0.3,0.3,0.5,-71.9,29.4,59.3,1.1,7.0,90.2,16.0,0.3,0.3,0.5,-0.58,1.1,2.63,1.22,6.0,2.02,16.0,0.3,0.4,0.4,-5.2,8.5,25.8,13.3,6.0,23.2,16.0,0.3,0.4,0.4,1.95,2.54,4.99,3.56,6.0,2.95,16.0,0.3,0.4,0.4,13.4,23.4,48.4,37.0,6.0,41.0,16.0,0.3,0.4,0.4,-4.7,8.5,89.6,40.1,7.0,109.0,16.0,0.3,0.3,0.5,-139.9,92.7,122.2,27.4,7.0,146.0,16.0,0.3,0.3,0.5,-3.1,5.3,53.4,25.3,7.0,74.6,16.0,0.3,0.3,0.5,-66.2,56.3,78.3,24.6,7.0,77.1,16.0,0.3,0.3,0.5,-4.0,4.4,13.3,3.6,6.0,13.6,16.0,0.3,0.4,0.4,-41.5,7.3,23.3,-12.8,6.0,54.1,16.0,0.3,0.4,0.4,227.0,551.5,2146.5,947.5,7.0,884.5,16.0,0.3,0.3,0.5,225.0,550.0,2145.0,950.0,7.0,885.0,16.0,0.3,0.3,0.5
1974,2,150.0,28.0,17.46,17.9,18.27,17.93,6.0,0.56,18.0,0.7,0.4,0.6,14.37,15.7,17.94,15.68,6.0,2.56,18.0,0.7,0.4,0.6,7.53,9.04,9.77,8.71,5.0,1.54,18.0,0.8,0.5,0.7,61.4,73.5,87.7,75.0,5.0,14.9,18.0,0.8,0.7,5.46,9.0,13.52,9.27,6.0,4.79,18.0,0.7,0.4,0.6,3.97,5.4,8.14,5.89,6.0,2.76,18.0,0.7,0.4,0.6,-12.7,-2.22,0.27,-5.03,6.0,6.8,18.0,0.7,0.4,0.6,1015.59,1017.4,1018.73,1017.2,6.0,2.13,18.0,0.7,0.4,0.6,3.8,6.5,8.0,6.0,6.0,2.1,18.0,0.7,0.4,0.6,27.6,57.7,90.5,57.8,6.0,35.9,18.0,0.7,0.4,0.6,-173.1,-14.8,0.7,-70.0,6.0,101.9,18.0,0.7,0.4,0.6,0.77,1.9,3.17,2.25,6.0,2.48,18.0,0.7,0.4,0.6,2.4,11.9,44.2,26.6,6.0,42.2,18.0,0.7,0.4,0.6,2.86,4.27,5.07,3.99,5.0,1.51,18.0,0.8,0.5,0.7,18.4,27.2,57.7,36.1,5.0,26.3,18.0,0.8,0.5,0.7,55.7,81.3,133.2,94.7,6.0,55.0,18.0,0.7,0.4,0.6,-170.8,-38.0,4.2,-67.8,6.0,87.4,18.0,0.7,0.4,0.6,26.9,49.7,74.1,50.9,5.0,25.5,18.0,0.8,0.5,0.7,-46.9,-12.1,5.1,-21.1,5.0,35.8,18.0,0.8,0.5,0.7,16.0,25.3,34.6,25.4,5.0,15.8,18.0,0.8,0.5,0.7,-33.8,-4.7,0.8,-17.1,5.0,30.0,18.0,0.8,0.5,0.7,192.5,774.5,2533.5,1328.5,6.0,1525.5,18.0,0.7,0.4,0.6,195.0,775.0,2535.0,1330.0,6.0,1525.0,18.0,0.7,0.4,0.6
1974,2,150.0,29.0,17.0,17.5,18.55,17.72,13.0,0.77,18.0,0.5,0.4,0.4,14.72,15.5,17.03,15.78,13.0,1.66,18.0,0.5,0.4,0.4,5.75,7.26,9.92,7.7,12.0,2.22,18.0,0.5,0.4,0.4,50.9,71.2,85.2,68.7,12.0,15.6,18.0,0.5,0.4,6.0,7.7,10.55,8.15,13.0,3.57,18.0,0.5,0.4,0.4,-3.86,-1.7,5.27,0.23,13.0,6.78,18.0,0.5,0.4,0.4,-7.89,-1.79,5.12,-1.93,13.0,5.88,18.0,0.5,0.4,0.4,1015.22,1017.5,1020.92,1017.61,13.0,4.19,18.0,0.5,0.4,0.4,2.0,5.0,8.0,4.8,13.0,2.5,18.0,0.5,0.4,0.4,-25.2,-10.8,36.6,0.0,13.0,84.8,18.0,0.5,0.4,0.4,-66.2,-18.4,35.0,-16.9,13.0,54.0,18.0,0.5,0.4,0.4,0.06,1.8,3.59,1.94,13.0,2.02,18.0,0.5,0.4,0.4,0.4,17.6,34.1,17.2,13.0,20.0,18.0,0.5,0.4,0.4,2.85,5.66,6.36,4.9,12.0,2.13,18.0,0.5,0.4,0.4,9.3,43.1,65.5,39.3,12.0,25.7,18.0,0.5,0.4,0.4,-67.6,-23.3,81.6,2.3,13.0,105.9,18.0,0.5,0.4,0.4,-130.4,-27.7,80.9,-24.5,13.0,92.0,18.0,0.5,0.4,0.4,-23.8,-2.0,50.2,9.9,12.0,41.8,18.0,0.5,0.4,0.4,-49.2,-19.7,37.0,-9.9,12.0,45.8,18.0,0.5,0.4,0.4,-12.6,3.1,32.1,9.5,12.0,30.2,18.0,0.5,0.4,0.4,-58.3,-14.5,2.9,-21.6,12.0,28.7,18.0,0.5,0.4,0.4,222.0,456.5,1193.5,833.5,13.0,944.0,18.0,0.5,0.4,0.4,220.0,455.0,1195.0,835.0,13.0,945.0,18.0,0.5,0.4,0.4
1974,2,150.0,30.0,17.5,18.0,18.65,18.41,18.0,1.63,14.0,0.5,0.5,0.4,12.83,17.0,18.8,16.35,21.0,3.03,14.0,0.6,0.5,0.4,6.02,8.91,11.41,8.81,18.0,2.35,14.0,0.5,0.5,0.4,62.7,81.8,87.7,78.0,18.0,12.2,14.0,0.5,0.4,4.27,9.8,14.47,9.46,21.0,4.34,14.0,0.6,0.5,0.4,-4.02,4.04,11.06,3.1,21.0,6.28,14.0,0.6,0.5,0.4,-8.89,0.0,7.86,0.18,21.0,7.95,14.0,0.6,0.5,0.4,1006.87,1015.25,1019.31,1013.71,18.0,6.72,14.0,0.5,0.5,0.4,3.0,6.0,8.0,5.3,20.0,2.4,14.0,0.6,0.5,0.4,-40.7,16.6,133.1,35.4,21.0,81.1,14.0,0.6,0.5,0.4,-92.5,0.0,80.2,10.5,21.0,109.3,14.0,0.6,0.5,0.4,-0.29,3.25,5.29,2.72,18.0,2.74,14.0,0.5,0.5,0.4,-2.9,30.2,49.2,24.9,18.0,28.5,14.0,0.5,0.5,0.4,1.34,5.28,6.4,4.4,18.0,2.34,14.0,0.5,0.5,0.4,11.7,38.9,74.0,41.7,18.0,26.3,14.0,0.5,0.5,0.4,-51.5,67.5,147.5,48.6,21.0,100.0,14.0,0.6,0.5,0.4,-111.7,0.0,152.5,18.6,21.0,132.5,14.0,0.6,0.5,0.4,-32.1,31.4,80.0,33.7,18.0,56.5,14.0,0.5,0.5,0.4,-50.7,-3.1,93.0,9.0,18.0,79.5,14.0,0.5,0.5,0.4,-3.9,9.3,46.4,18.3,18.0,30.2,14.0,0.5,0.5,0.4,-55.0,-1.6,6.8,-14.2,18.0,32.5,14.0,0.5,0.5,0.4,80.0,941.0,3064.0,1375.0,21.0,1554.5,14.0,0.6,0.5,0.4,80.0,940.0,3065.0,1375.0,21.0,1555.0,14.0,0.6,0.5,0.4
1974,2,150.0,31.0,16.5,17.05,18.0,17.28,20.0,1.41,14.0,0.4,0.4,0.4,13.0,14.5,16.05,14.79,23.0,2.17,14.0,0.4,0.4,0.4,5.6,6.55,9.22,7.26,20.0,1.68,14.0,0.4,0.3,0.4,59.2,68.8,87.8,71.9,20.0,13.9,14.0,0.4,0.4,6.2,9.3,15.48,10.73,23.0,5.65,14.0,0.4,0.4,0.4,0.79,6.28,12.6,7.46,23.0,6.62,14.0,0.4,0.4,0.4,-6.44,0.0,7.32,-0.29,23.0,7.08,14.0,0.4,0.4,0.4,1010.83,1018.7,1022.1,1016.48,22.0,6.85,14.0,0.4,0.3,0.4,3.0,6.0,7.5,5.5,23.0,2.0,14.0,0.4,0.4,0.4,7.4,55.7,197.1,111.3,23.0,156.7,14.0,0.4,0.4,0.4,-61.3,0.0,62.6,-11.7,23.0,105.7,14.0,0.4,0.4,0.4,0.51,2.35,4.99,2.82,20.0,2.13,14.0,0.4,0.4,0.4,3.9,25.3,62.5,32.4,20.0,30.3,14.0,0.4,0.4,0.4,3.3,5.34,6.46,4.97,18.0,1.46,16.0,0.4,0.4,0.4,28.3,52.1,82.0,56.8,18.0,38.4,16.0,0.4,0.4,0.4,12.7,110.0,172.7,108.1,23.0,91.5,14.0,0.4,0.4,0.4,-80.3,0.0,123.4,2.5,23.0,103.2,14.0,0.4,0.4,0.4,0.3,57.9,92.0,56.4,20.0,49.6,14.0,0.4,0.3,0.4,-50.6,-3.6,40.4,-7.5,20.0,55.9,14.0,0.4,0.3,0.4,8.0,33.0,70.2,42.8,18.0,42.4,16.0,0.4,0.4,0.4,-28.1,-2.8,30.8,-5.5,18.0,33.4,16.0,0.4,0.4,0.4,238.5,804.5,3818.5,2415.5,23.0,4255.5,14.0,0.4,0.4,0.4,240.0,805.0,3820.0,2415.0,23.0,4255.0,14.0,0.4,0.4,0.4
1974,2,150.0,32.0,16.0,16.7,17.94,16.9,27.0,0.97,14.0,0.4,0.4,0.4,9.94,12.0,14.65,12.2,29.0,2.39,14.0,0.4,0.4,0.5,5.52,6.46,7.26,6.55,29.0,1.42,14.0,0.4,0.4,0.5,61.0,76.8,86.7,73.9,29.0,12.4,14.0,0.4,0.5,7.2,10.3,20.38,12.3,29.0,5.89,14.0,0.4,0.4,0.5,3.14,7.58,16.54,8.98,29.0,7.06,14.0,0.4,0.4,0.5,-7.99,-4.65,4.41,-3.39,29.0,6.8,14.0,0.4,0.4,0.5,1002.0,1014.5,1020.79,1012.33,29.0,8.42,14.0,0.4,0.4,0.5,3.0,6.0,8.0,5.7,29.0,2.1,14.0,0.4,0.4,0.5,24.4,68.2,303.0,145.6,29.0,174.4,14.0,0.4,0.4,0.5,-110.2,-33.3,51.6,-49.9,29.0,112.8,14.0,0.4,0.4,0.5,2.06,5.1,7.44,4.82,27.0,2.47,14.0,0.4,0.4,0.4,18.7,39.1,103.0,61.9,27.0,51.4,14.0,0.4,0.4,0.4,4.33,5.43,6.86,5.48,27.0,1.54,14.0,0.4,0.4,0.4,34.8,49.9,111.0,68.0,27.0,40.3,14.0,0.4,0.4,0.4,38.8,91.4,183.8,107.4,29.0,88.6,14.0,0.4,0.4,0.5,-86.8,-58.5,68.4,-32.1,29.0,86.6,14.0,0.4,0.4,0.5,17.0,44.2,118.4,58.9,29.0,48.4,14.0,0.4,0.4,0.5,-51.7,-24.8,38.5,-18.4,29.0,48.3,14.0,0.4,0.4,0.5,19.4,37.9,96.9,50.6,27.0,45.3,14.0,0.4,0.4,0.4,-46.8,-25.5,7.1,-23.0,27.0,34.1,14.0,0.4,0.4,0.4,373.0,1092.5,8466.0,3282.5,29.0,4612.5,14.0,0.4,0.4,0.5,375.0,1095.0,8465.0,3280.0,29.0,4610.0,14.0,0.4,0.4,0.5
1974,2,150.0,33.0,16.0,17.0,18.0,16.91,29.0,1.38,14.0,0.6,0.4,0.4,10.0,12.0,16.0,12.59,32.0,3.01,14.0,0.5,0.4,0.4,5.34,6.37,10.34,7.12,28.0,2.34,14.0,0.5,0.4,0.4,66.7,76.9,90.1,77.1,28.0,11.5,14.0,0.5,0.4,8.16,14.15,18.04,13.06,32.0,5.39,14.0,0.5,0.4,0.4,-3.25,5.54,13.44,5.02,32.0,8.44,14.0,0.5,0.4,0.4,-11.8,-4.12,10.26,-2.35,32.0,10.11,14.0,0.5,0.4,0.4,1003.44,1013.7,1021.14,1012.47,32.0,8.43,14.0,0.5,0.4,0.4,5.0,6.0,8.0,6.3,30.0,1.9,14.0,0.5,0.4,0.4,-41.5,53.1,233.6,83.1,32.0,149.8,14.0,0.5,0.4,0.4,-193.5,-51.6,115.4,-35.0,32.0,162.9,14.0,0.5,0.4,0.4,1.0,5.0,7.0,4.26,29.0,3.32,14.0,0.6,0.4,0.4,9.1,51.5,97.7,57.0,29.0,50.5,14.0,0.6,0.4,0.4,1.55,5.46,7.0,4.87,27.0,2.61,16.0,0.6,0.4,0.4,20.5,64.3,102.5,63.2,27.0,40.6,16.0,0.6,0.4,0.4,-46.7,70.6,150.5,56.4,32.0,101.2,14.0,0.5,0.4,0.4,-119.5,-43.3,180.7,-8.0,32.0,135.7,14.0,0.5,0.4,0.4,-29.6,38.9,86.9,35.0,28.0,63.1,14.0,0.5,0.4,0.4,-66.9,-23.9,77.1,-3.0,28.0,80.0,14.0,0.5,0.4,0.4,-4.0,12.1,89.3,29.8,27.0,47.3,16.0,0.6,0.4,0.4,-72.6,-25.9,12.8,-26.5,27.0,43.7,16.0,0.6,0.4,0.4,544.0,2836.0,5872.0,3242.0,32.0,2837.0,14.0,0.5,0.4,0.4,545.0,2835.0,5870.0,3240.0,32.0,2835.0,14.0,0.5,0.4,0.4
1974,2,150.0,34.0,15.0,16.05,17.07,16.24,24.0,1.09,14.0,0.4,0.4,0.5,8.11,11.5,16.44,12.47,27.0,3.83,14.0,0.5,0.4,0.5,5.41,6.04,8.42,6.79,21.0,1.88,14.0,0.4,0.4,0.4,66.7,76.8,87.0,76.2,21.0,10.9,14.0,0.4,0.4,7.83,14.4,19.4,13.41,27.0,5.63,14.0,0.5,0.4,0.5,0.0,5.9,14.79,6.31,27.0,8.11,14.0,0.5,0.4,0.5,-12.04,0.0,12.4,-0.3,27.0,10.55,14.0,0.5,0.4,0.5,1001.64,1011.8,1019.91,1010.87,27.0,8.98,14.0,0.5,0.4,0.5,6.0,7.0,8.0,6.8,24.0,1.6,14.0,0.5,0.4,0.5,0.0,53.0,282.0,110.8,27.0,147.6,14.0,0.5,0.4,0.5,-185.7,0.0,165.5,-1.1,27.0,173.1,14.0,0.5,0.4,0.5,0.7,4.05,7.1,3.85,24.0,3.78,14.0,0.4,0.4,0.5,11.6,30.5,85.8,47.9,24.0,47.0,14.0,0.4,0.4,0.5,3.34,5.13,6.43,4.71,20.0,2.14,16.0,0.4,0.4,0.4,24.4,70.4,92.1,61.6,20.0,33.5,16.0,0.4,0.4,0.4,0.0,45.8,188.4,81.9,27.0,110.4,14.0,0.5,0.4,0.5,-99.6,0.0,181.3,24.9,27.0,135.1,14.0,0.5,0.4,0.5,0.0,49.4,117.9,53.3,21.0,63.0,14.0,0.4,0.4,0.4,-75.5,-7.6,92.6,4.5,21.0,77.1,14.0,0.4,0.4,0.4,0.0,28.3,70.6,31.1,20.0,42.8,16.0,0.4,0.4,0.4,-66.2,-12.2,21.1,-21.8,20.0,42.1,16.0,0.4,0.4,0.4,482.0,2986.0,7315.5,3536.0,27.0,2957.0,14.0,0.5,0.4,0.5,480.0,2985.0,7315.0,3535.0,27.0,2955.0,14.0,0.5,0.4,0.5
1974,2,150.0,35.0,13.67,16.85,18.83,16.56,22.0,2.53,14.0,0.5,0.4,0.5,7.0,10.0,14.0,10.46,27.0,3.52,14.0,0.6,0.4,0.4,4.07,5.35,8.51,6.01,21.0,2.1,14.0,0.6,0.4,0.4,66.6,73.1,84.3,73.8,21.0,11.4,14.0,0.6,0.4,5.27,11.05,15.4,10.73,28.0,4.84,14.0,0.5,0.4,0.4,-1.88,3.6,11.8,4.12,28.0,7.37,14.0,0.5,0.4,0.4,-10.33,0.0,7.03,-0.83,28.0,8.38,14.0,0.5,0.4,0.4,1008.1,1013.5,1021.11,1013.43,27.0,6.6,14.0,0.6,0.4,0.4,5.0,7.0,8.0,6.4,28.0,2.2,14.0,0.5,0.4,0.4,-14.5,25.6,162.2,49.9,28.0,113.8,14.0,0.5,0.4,0.4,-114.5,0.0,74.3,-1.0,28.0,127.3,14.0,0.5,0.4,0.4,2.42,6.1,10.0,6.51,21.0,3.87,14.0,0.6,0.4,0.5,22.6,63.0,116.5,65.6,21.0,45.4,14.0,0.6,0.4,0.5,4.03,5.25,8.52,5.92,18.0,2.57,14.0,0.6,0.4,0.5,28.4,61.8,93.0,64.4,18.0,34.2,14.0,0.6,0.4,0.5,-15.4,40.7,111.3,44.5,27.0,87.1,14.0,0.6,0.4,0.4,-85.7,0.0,75.7,8.7,27.0,95.3,14.0,0.6,0.4,0.4,-25.7,22.4,53.3,21.0,21.0,52.6,14.0,0.6,0.4,0.4,-50.7,0.0,77.9,8.4,21.0,62.1,14.0,0.6,0.4,0.4,-14.2,16.6,58.3,22.7,18.0,45.5,14.0,0.6,0.4,0.5,-67.2,-15.5,32.6,-16.3,18.0,51.6,14.0,0.6,0.4,0.5,147.5,1351.5,3652.5,1979.0,28.0,2164.5,14.0,0.5,0.4,0.4,150.0,1350.0,3650.0,1980.0,28.0,2165.0,14.0,0.5,0.4,0.4
1974,2,150.0,36.0,11.27,13.0,17.0,13.62,17.0,2.63,14.0,0.7,0.4,0.5,6.5,8.4,11.0,8.87,21.0,2.78,14.0,0.7,0.4,0.5,4.4,5.41,6.13,5.51,15.0,1.25,14.0,0.8,0.4,0.4,65.6,73.1,91.2,76.9,15.0,12.1,14.0,0.8,0.4,9.3,10.8,21.34,13.89,21.0,6.2,14.0,0.7,0.4,0.5,-3.15,6.62,14.82,6.79,21.0,9.34,14.0,0.7,0.4,0.5,-8.86,-5.64,7.39,-2.36,21.0,9.98,14.0,0.7,0.4,0.5,1000.1,1012.0,1019.5,1010.18,21.0,10.72,14.0,0.7,0.4,0.5,6.0,7.5,8.0,6.9,20.0,1.6,14.0,0.6,0.4,0.4,-42.0,68.2,264.9,128.6,21.0,208.4,14.0,0.7,0.4,0.5,-92.9,-66.3,153.4,-16.4,21.0,188.2,14.0,0.7,0.4,0.5,1.32,4.0,8.0,4.65,17.0,3.79,14.0,0.7,0.4,0.5,10.3,55.8,93.7,57.3,17.0,45.7,14.0,0.7,0.4,0.5,3.03,3.92,5.8,4.34,14.0,1.78,14.0,0.8,0.3,0.5,30.4,49.2,81.9,53.0,14.0,26.4,14.0,0.8,0.3,0.5,-20.5,53.4,163.7,62.3,21.0,96.3,14.0,0.7,0.4,0.5,-78.7,-43.4,80.0,-2.6,21.0,96.7,14.0,0.7,0.4,0.5,28.8,34.3,90.0,49.2,15.0,37.0,14.0,0.8,0.4,0.4,-44.9,-26.8,37.3,-6.7,15.0,58.6,14.0,0.8,0.4,0.4,16.4,24.0,75.5,35.2,14.0,30.7,14.0,0.8,0.3,0.5,-51.4,-25.0,27.3,-15.1,14.0,34.8,14.0,0.8,0.3,0.5,804.5,1259.5,9737.0,4365.5,21.0,5626.5,14.0,0.7,0.4,0.5,805.0,1260.0,9735.0,4365.0,21.0,5625.0,14.0,0.7,0.4,0.5
1974,2,150.0,37.0,9.29,10.0,12.81,10.49,7.0,2.15,12.0,0.3,0.3,0.3,4.56,7.9,8.84,6.95,8.0,2.09,12.0,0.3,0.3,0.3,4.01,4.67,5.57,4.7,6.0,0.84,12.0,0.2,0.4,0.3,65.9,70.4,83.5,73.6,7.0,10.1,12.0,0.1,0.3,6.08,12.3,20.7,12.79,7.0,6.99,12.0,0.3,0.2,0.3,-0.16,2.14,11.22,5.4,7.0,8.71,12.0,0.3,0.2,0.3,-12.52,-8.93,0.06,-7.9,7.0,7.54,12.0,0.3,0.2,0.3,993.49,1014.3,1018.23,1007.12,6.0,15.56,12.0,0.2,0.4,0.3,7.1,8.0,8.0,7.3,8.0,1.8,12.0,0.3,0.3,0.3,-0.6,24.7,165.3,102.3,7.0,187.7,12.0,0.3,0.2,0.3,-162.2,-104.5,0.2,-118.1,7.0,148.2,12.0,0.3,0.2,0.3,1.49,5.0,5.51,3.81,7.0,2.85,12.0,0.3,0.3,0.3,13.3,44.3,122.8,62.6,6.0,63.8,12.0,0.3,0.3,0.3,1.91,3.5,4.5,3.37,6.0,1.32,12.0,0.2,0.4,0.3,15.8,26.9,61.9,38.4,5.0,31.4,14.0,0.2,0.3,0.3,-1.3,15.9,90.0,31.4,7.0,47.4,12.0,0.3,0.2,0.3,-90.9,-48.5,0.5,-49.1,7.0,43.4,12.0,0.3,0.2,0.3,-5.1,7.5,33.1,14.3,5.0,28.2,14.0,0.2,0.3,0.3,-69.5,-42.6,-11.3,-42.3,5.0,40.0,14.0,0.2,0.3,0.3,-6.3,7.2,12.6,3.7,5.0,13.9,14.0,0.2,0.3,0.3,-61.4,-17.3,-3.1,-30.9,5.0,37.7,14.0,0.2,0.3,0.3,229.0,1861.0,8875.5,3744.0,7.0,4536.0,12.0,0.3,0.2,0.3,230.0,1860.0,8875.0,3745.0,7.0,4535.0,12.0,0.3,0.2,0.3
1974,2,150.0,38.0,9.09,11.0,13.81,11.58,5.0,3.9,12.0,0.6,0.2,0.5,4.0,7.0,8.33,6.73,7.0,2.59,12.0,0.6,0.3,0.4,4.13,4.68,5.89,5.0,4.0,1.2,14.0,0.8,0.3,0.6,76.8,81.4,91.1,83.8,4.0,9.4,14.0,0.8,0.6,8.67,17.5,21.46,15.44,5.0,7.95,12.0,0.6,0.2,0.5,6.96,17.5,19.06,13.51,5.0,7.48,12.0,0.6,0.2,0.5,-9.38,-3.55,-2.16,-5.7,5.0,6.04,12.0,0.6,0.2,0.5,988.48,999.0,1012.21,999.71,7.0,12.32,12.0,0.6,0.3,0.4,4.6,8.0,8.0,6.6,5.0,1.9,12.0,0.6,0.2,0.2,73.3,306.3,410.8,254.2,5.0,190.1,12.0,0.6,0.2,0.5,-185.6,-63.8,-9.2,-107.5,5.0,161.9,12.0,0.6,0.2,0.5,2.95,6.5,8.02,5.76,5.0,3.07,12.0,0.6,0.2,0.5,49.6,86.5,149.7,95.4,5.0,62.7,12.0,0.6,0.2,0.5,2.55,3.24,5.25,3.87,4.0,1.85,14.0,0.8,0.3,0.6,35.2,69.5,95.9,65.7,4.0,42.6,14.0,0.8,0.3,0.6,36.4,75.7,101.4,72.1,5.0,47.0,12.0,0.6,0.2,0.5,-41.2,-27.7,-8.6,-26.6,5.0,23.7,12.0,0.6,0.2,0.5,41.0,79.2,100.9,71.3,4.0,44.5,14.0,0.8,0.3,0.6,-41.4,-16.3,-7.0,-23.8,4.0,27.1,14.0,0.8,0.3,0.6,25.5,61.6,95.3,60.4,4.0,45.6,14.0,0.8,0.3,0.6,-27.3,-11.2,-4.4,-15.6,4.0,17.2,14.0,0.8,0.3,0.6,941.0,5359.5,10283.0,5894.0,5.0,5935.0,12.0,0.6,0.2,0.5,940.0,5360.0,10285.0,5895.0,5.0,5935.0,12.0,0.6,0.2,0.5
1974,2,150.0,39.0,7.0,8.5,12.41,9.82,11.0,3.57,12.0,0.4,0.4,0.4,2.62,5.5,8.25,6.23,12.0,4.72,12.0,0.4,0.4,0.4,3.53,4.03,5.38,4.94,11.0,2.72,12.0,0.4,0.4,0.4,69.1,85.2,89.8,80.1,12.0,13.0,12.0,0.4,0.4,5.99,9.8,14.81,10.29,11.0,4.78,12.0,0.4,0.4,0.4,-2.75,6.77,10.21,4.67,11.0,8.69,12.0,0.4,0.4,0.4,-7.07,0.0,4.16,-1.26,11.0,6.18,12.0,0.4,0.4,0.4,1005.05,1013.8,1020.96,1012.25,11.0,7.66,12.0,0.4,0.4,0.4,7.0,8.0,8.0,7.5,11.0,0.7,12.0,0.5,0.3,0.4,-22.4,48.7,137.0,55.3,11.0,136.2,12.0,0.4,0.4,0.4,-96.7,0.0,43.9,-25.4,11.0,86.7,12.0,0.4,0.4,0.4,0.67,3.0,7.45,3.73,11.0,3.95,12.0,0.4,0.4,0.4,0.9,23.6,109.1,47.8,10.0,57.6,12.0,0.3,0.4,0.4,1.26,2.61,4.87,2.82,10.0,1.7,12.0,0.3,0.4,0.4,6.8,24.7,59.5,30.7,10.0,25.6,12.0,0.3,0.4,0.4,-41.3,25.5,41.9,5.7,11.0,56.3,12.0,0.4,0.4,0.4,-17.2,0.0,29.8,13.9,11.0,52.9,12.0,0.4,0.4,0.4,-29.1,24.6,40.3,11.3,11.0,43.5,12.0,0.4,0.4,0.4,-26.6,0.0,20.6,3.1,11.0,41.0,12.0,0.4,0.4,0.4,0.8,23.5,45.9,24.5,10.0,22.1,12.0,0.3,0.4,0.4,-29.8,-2.7,3.4,-11.4,10.0,20.0,12.0,0.3,0.4,0.4,216.5,941.0,3261.0,1778.5,11.0,2244.0,12.0,0.4,0.4,0.4,215.0,940.0,3260.0,1780.0,11.0,2245.0,12.0,0.4,0.4,0.4
1974,2,150.0,40.0,6.0,9.0,10.0,8.55,24.0,2.44,16.0,0.4,0.4,0.5,1.0,4.0,7.5,4.08,24.0,2.71,14.0,0.5,0.4,0.5,2.97,4.12,5.18,4.15,21.0,1.2,14.0,0.4,0.3,0.5,67.7,80.7,87.2,78.9,21.0,11.7,14.0,0.4,0.5,5.1,10.3,16.46,10.35,24.0,5.47,16.0,0.5,0.4,0.5,-2.76,3.12,7.84,3.19,24.0,6.84,16.0,0.5,0.4,0.5,-6.86,-1.32,7.95,-0.72,24.0,9.15,16.0,0.5,0.4,0.5,996.47,1012.0,1016.0,1007.67,25.0,12.06,16.0,0.4,0.4,0.5,5.5,8.0,8.0,6.9,23.0,1.8,16.0,0.5,0.4,0.5,-20.9,19.2,116.8,43.4,24.0,110.2,16.0,0.5,0.4,0.5,-79.5,-5.4,77.1,-10.4,24.0,147.0,16.0,0.5,0.4,0.5,2.17,4.55,7.5,4.62,22.0,3.25,14.0,0.4,0.4,0.5,13.6,33.2,99.7,51.4,20.0,54.2,16.0,0.5,0.4,0.5,1.9,2.63,4.37,3.02,21.0,1.55,14.0,0.4,0.3,0.5,13.6,25.1,54.9,34.2,19.0,29.0,14.0,0.4,0.4,0.5,-12.6,10.3,36.1,7.9,22.0,28.0,14.0,0.5,0.4,0.5,-27.9,-4.0,53.8,10.9,22.0,45.7,14.0,0.5,0.4,0.5,-13.6,11.8,32.6,10.3,19.0,23.3,14.0,0.4,0.4,0.5,-27.3,-14.1,43.7,4.8,19.0,43.0,14.0,0.4,0.4,0.5,-1.2,10.6,23.7,9.3,19.0,19.3,14.0,0.4,0.4,0.5,-31.1,-13.4,20.3,-12.9,19.0,37.9,14.0,0.4,0.4,0.5,132.5,1092.5,4488.5,2061.0,24.0,2681.0,16.0,0.5,0.4,0.5,135.0,1095.0,4490.0,2060.0,24.0,2680.0,16.0,0.5,0.4,0.5
1974,2,150.0,41.0,4.0,4.0,8.92,5.28,9.0,2.97,18.0,0.6,0.4,0.3,0.27,2.0,4.46,2.5,9.0,2.93,16.0,0.6,0.5,0.2,1.95,2.59,3.23,2.6,5.0,0.71,18.0,0.8,0.4,0.1,53.0,73.3,82.3,69.1,7.0,14.2,16.0,0.7,0.2,5.1,9.8,13.19,9.06,10.0,4.3,16.0,0.5,0.4,0.2,-4.2,-1.87,5.18,0.01,10.0,5.21,16.0,0.5,0.4,0.2,-13.07,-7.49,0.6,-6.35,10.0,6.14,16.0,0.5,0.4,0.2,1009.39,1018.75,1023.56,1016.29,8.0,9.12,18.0,0.5,0.4,0.2,5.3,7.0,8.0,6.3,9.0,1.9,14.0,0.6,0.4,0.2,-26.2,-14.1,62.3,7.1,10.0,58.1,16.0,0.5,0.4,0.2,-172.8,-60.6,1.3,-77.3,10.0,82.2,16.0,0.5,0.4,0.2,1.56,2.75,5.78,3.38,8.0,2.15,16.0,0.6,0.5,0.2,14.8,17.4,52.0,27.2,8.0,19.7,16.0,0.6,0.5,0.2,2.23,2.92,3.63,2.94,5.0,0.84,18.0,0.8,0.4,0.1,10.9,18.1,30.3,20.0,5.0,10.2,18.0,0.8,0.4,0.1,-11.5,-3.2,1.8,-4.6,9.0,7.8,16.0,0.6,0.5,0.2,-54.0,-8.7,3.0,-21.4,9.0,39.9,16.0,0.6,0.5,0.2,-6.9,-2.9,12.7,2.3,5.0,13.6,18.0,0.8,0.4,0.1,-25.4,-11.9,4.7,-11.8,5.0,19.1,18.0,0.8,0.4,0.1,-7.8,-5.5,10.1,0.0,5.0,10.7,18.0,0.8,0.4,0.1,-27.6,-17.0,5.0,-12.6,5.0,17.0,18.0,0.8,0.4,0.1,132.5,948.5,2295.0,1187.5,10.0,1209.0,16.0,0.5,0.4,0.2,135.0,950.0,2295.0,1185.0,10.0,1210.0,16.0,0.5,0.4,0.2
1974,2,150.0,42.0,1.71,2.65,5.0,3.13,10.0,2.02,16.0,0.7,0.5,0.4,0.0,1.0,2.57,1.18,10.0,1.38,16.0,0.7,0.5,0.4,2.88,3.85,4.08,3.63,8.0,0.63,18.0,0.6,0.4,0.3,80.4,88.2,92.7,86.4,8.0,9.3,18.0,0.6,0.3,7.06,12.85,16.6,12.3,10.0,4.98,16.0,0.7,0.5,0.4,-0.01,8.23,13.99,7.09,10.0,6.53,16.0,0.7,0.5,0.4,-10.49,-6.48,4.07,-4.98,10.0,8.18,16.0,0.7,0.5,0.4,1009.21,1010.0,1013.27,1007.96,10.0,10.52,16.0,0.7,0.5,0.4,5.9,7.0,8.0,6.7,7.0,1.5,18.0,0.6,0.4,0.4,2.4,83.3,215.4,107.5,10.0,99.6,16.0,0.7,0.5,0.4,-169.4,-81.2,28.1,-89.6,10.0,129.0,16.0,0.7,0.5,0.4,0.0,2.25,4.0,1.95,10.0,2.03,16.0,0.7,0.5,0.4,0.0,24.9,51.1,27.5,10.0,26.4,16.0,0.7,0.5,0.4,0.48,1.44,2.07,1.29,8.0,0.83,18.0,0.6,0.4,0.3,4.1,17.3,30.8,17.2,8.0,11.9,18.0,0.6,0.4,0.3,-6.5,3.9,13.3,3.0,10.0,10.1,16.0,0.7,0.5,0.4,-12.1,0.0,8.7,-0.2,10.0,11.8,16.0,0.7,0.5,0.4,-5.9,19.6,40.9,18.3,8.0,20.9,18.0,0.6,0.4,0.3,-32.0,-25.3,17.4,-19.3,8.0,33.3,18.0,0.6,0.4,0.3,0.3,9.4,19.9,10.4,8.0,10.4,18.0,0.6,0.4,0.3,-16.7,-11.5,2.2,-7.7,8.0,13.4,18.0,0.6,0.4,0.3,372.5,2372.5,4628.0,2674.5,10.0,2466.5,16.0,0.7,0.5,0.4,370.0,2370.0,4630.0,2675.0,10.0,2465.0,16.0,0.7,0.5,0.4
1974,2,150.0,43.0,1.0,1.65,2.19,1.98,14.0,1.16,14.0,0.5,0.3,0.2,-1.97,0.0,1.19,-0.31,14.0,1.67,14.0,0.6,0.3,0.3,2.85,3.11,3.59,3.16,9.0,0.44,12.0,0.6,0.3,0.3,74.1,85.3,89.8,83.5,9.0,8.3,12.0,0.6,0.3,5.1,11.8,13.84,9.63,14.0,5.15,12.0,0.6,0.3,0.3,0.06,5.79,11.99,5.66,14.0,6.69,12.0,0.6,0.3,0.3,-9.29,-4.41,1.08,-2.98,14.0,6.12,12.0,0.6,0.3,0.3,1008.03,1010.65,1018.78,1009.62,14.0,10.83,12.0,0.6,0.3,0.3,4.9,8.0,8.0,6.6,13.0,1.9,14.0,0.5,0.4,0.2,0.1,59.1,155.5,74.8,14.0,107.3,12.0,0.6,0.3,0.3,-113.8,-25.8,1.6,-32.4,14.0,76.0,12.0,0.6,0.3,0.3,0.4,2.5,3.19,2.16,13.0,1.49,14.0,0.5,0.3,0.2,1.9,18.8,47.5,23.2,12.0,21.8,12.0,0.6,0.3,0.2,0.8,1.25,1.6,1.21,9.0,0.4,12.0,0.6,0.3,0.3,3.2,10.1,20.5,11.4,9.0,8.3,12.0,0.6,0.3,0.3,-25.3,0.0,1.7,-7.6,13.0,16.3,12.0,0.6,0.3,0.3,-6.1,1.1,10.6,2.5,13.0,7.9,12.0,0.6,0.3,0.3,0.8,13.2,38.6,18.1,9.0,20.0,12.0,0.6,0.3,0.3,-19.7,-14.9,2.8,-8.8,9.0,13.9,12.0,0.6,0.3,0.3,0.2,6.5,16.6,8.2,9.0,8.7,12.0,0.6,0.3,0.3,-8.7,-4.1,0.8,-4.9,9.0,6.0,12.0,0.6,0.3,0.3,132.5,1652.0,2655.0,1588.5,14.0,1676.0,12.0,0.6,0.3,0.3,135.0,1650.0,2655.0,1590.0,14.0,1675.0,12.0,0.6,0.3,0.3
1974,2,150.0,44.0,0.45,1.5,2.5,1.52,13.0,1.18,16.0,0.8,0.4,0.5,-3.03,0.0,3.19,0.07,13.0,3.06,16.0,0.8,0.4,0.5,2.94,3.24,3.79,3.35,6.0,0.67,14.0,1.0,0.5,0.4,77.0,80.6,91.1,83.8,6.0,9.3,14.0,1.0,0.4,8.46,10.0,15.4,11.18,13.0,4.11,16.0,0.8,0.4,0.4,-4.71,4.9,10.39,3.65,13.0,9.04,16.0,0.8,0.4,0.4,-9.26,-6.11,2.89,-3.97,13.0,6.25,16.0,0.8,0.4,0.4,986.88,999.65,1017.14,1001.42,14.0,14.14,16.0,0.8,0.4,0.5,6.0,8.0,8.0,7.0,10.0,1.4,16.0,0.8,0.4,0.4,-58.5,48.0,137.6,50.9,13.0,134.1,16.0,0.8,0.4,0.4,-111.7,-61.7,41.8,-50.1,13.0,79.4,16.0,0.8,0.4,0.4,-2.46,2.5,4.48,1.57,12.0,3.77,16.0,0.8,0.4,0.5,-18.6,21.7,55.9,18.3,11.0,37.9,16.0,0.9,0.4,0.4,0.3,1.13,1.39,0.94,6.0,0.63,14.0,1.0,0.5,0.4,3.9,13.6,21.5,13.7,6.0,11.2,14.0,1.0,0.5,0.4,-14.4,5.4,21.2,1.7,12.0,22.8,16.0,0.9,0.4,0.4,-12.6,3.1,17.1,1.6,12.0,19.5,16.0,0.9,0.4,0.4,-20.4,26.3,33.7,10.9,6.0,33.0,14.0,1.0,0.5,0.4,-29.5,-19.4,21.9,-8.2,6.0,29.6,14.0,1.0,0.5,0.4,-8.3,1.9,12.6,2.7,6.0,15.1,14.0,1.0,0.5,0.4,-15.8,-4.8,1.1,-6.0,6.0,8.5,14.0,1.0,0.5,0.4,618.5,1000.0,3652.5,1909.5,13.0,1764.0,16.0,0.8,0.4,0.4,620.0,1000.0,3650.0,1910.0,13.0,1765.0,16.0,0.8,0.4,0.4
1974,2,150.0,45.0,0.9,2.0,3.0,1.9,46.0,1.55,16.0,0.4,0.3,0.5,-3.5,-1.3,0.98,-1.31,52.0,2.47,16.0,0.5,0.3,0.6,2.82,3.1,3.15,2.99,3.0,0.26,20.0,0.3,0.3,0.4,82.0,82.0,86.6,84.3,3.0,3.9,20.0,0.3,0.4,6.05,10.8,16.75,11.01,53.0,5.27,16.0,0.5,0.3,0.6,-4.61,5.4,14.56,4.25,53.0,9.42,16.0,0.5,0.3,0.6,-6.78,-1.55,3.61,-1.87,53.0,6.37,16.0,0.5,0.3,0.6,997.35,1010.6,1016.55,1007.36,53.0,10.11,16.0,0.5,0.3,0.6,2.0,6.0,8.0,5.4,40.0,2.8,14.0,0.5,0.3,0.5,-24.0,52.1,235.0,61.7,53.0,157.4,16.0,0.5,0.3,0.6,-97.6,-3.8,38.5,-31.3,53.0,102.1,16.0,0.5,0.3,0.6,0.89,3.5,6.01,3.32,45.0,2.66,16.0,0.4,0.3,0.6,3.0,31.1,76.3,38.3,44.0,40.7,16.0,0.5,0.3,0.6,1.72,2.35,2.35,2.04,3.0,0.54,20.0,0.3,0.3,0.4,16.4,42.2,42.4,29.7,3.0,21.9,20.0,0.3,0.3,0.4,-29.6,-5.2,6.0,-10.4,51.0,26.2,16.0,0.5,0.3,0.6,-8.4,0.0,14.3,2.9,51.0,14.4,16.0,0.5,0.3,0.6,20.1,45.5,52.9,36.7,3.0,25.2,20.0,0.3,0.3,0.4,-14.5,-9.9,-6.4,-10.4,3.0,5.9,20.0,0.3,0.3,0.4,15.2,39.7,41.1,28.4,3.0,21.3,20.0,0.3,0.3,0.4,-12.2,-7.4,-3.8,-8.0,3.0,6.1,20.0,0.3,0.3,0.4,221.5,1259.5,4707.0,2298.0,53.0,3020.0,16.0,0.5,0.3,0.6,220.0,1260.0,4705.0,2300.0,53.0,3020.0,16.0,0.5,0.3,0.6
1974,2,150.0,46.0,,,,,,,,,,,,,,,,,,,,,,,,,,,,,,,,,,,,,,,,6.85,11.8,17.35,11.88,24.0,4.8,14.0,0.7,0.6,0.1,-4.83,7.11,11.27,5.52,24.0,8.93,14.0,0.7,0.6,0.1,-9.87,-4.81,-1.33,-4.86,24.0,5.84,14.0,0.7,0.6,0.1,991.83,1004.35,1015.65,1004.11,24.0,11.22,14.0,0.7,0.6,0.1,,,,,,,,,,,,,,,,,,,,,,,,,,,,,,,,,,,,,,,,,,,,,,,,,,,,,,,,,,,,,,,,,,,,,,,,,,,,,,,,,,,,,,,,,,,,,,,,,,,,,,,,,,,,,,,,,,,,,,,,,,,,,,,,,,,,,,,,,,,,,,,,,,,,,,
1974,2,150.0,47.0,,,,,,,,,,,,,,,,,,,,,,,,,,,,,,,,,,,,,,,,5.58,7.7,9.04,7.33,4.0,2.4,16.0,0.5,0.6,0.5,-3.34,1.65,5.01,0.87,4.0,6.28,16.0,0.5,0.6,0.5,-6.71,-4.55,0.52,-3.16,4.0,4.85,16.0,0.5,0.6,0.5,1011.4,1011.7,1016.93,1014.05,4.0,4.97,16.0,0.5,0.6,0.5,,,,,,,,,,,,,,,,,,,,,,,,,,,,,,,,,,,,,,,,,,,,,,,,,,,,,,,,,,,,,,,,,,,,,,,,,,,,,,,,,,,,,,,,,,,,,,,,,,,,,,,,,,,,,,,,,,,,,,,,,,,,,,,,,,,,,,,,,,,,,,,,,,,,,,
1974,2,150.0,48.0,,,,,,,,,,,,,,,,,,,,,,,,,,,,,,,,,,,,,,,,8.7,8.7,8.7,8.7,1.0,0.0,8.0,1.0,0.9,0.1,1.51,1.51,1.51,1.51,1.0,0.0,8.0,1.0,0.9,0.1,-8.57,-8.57,-8.57,-8.57,1.0,0.0,8.0,1.0,0.9,0.1,1017.4,1017.4,1017.4,1017.4,1.0,0.0,8.0,1.0,0.9,0.1,,,,,,,,,,,,,,,,,,,,,,,,,,,,,,,,,,,,,,,,,,,,,,,,,,,,,,,,,,,,,,,,,,,,,,,,,,,,,,,,,,,,,,,,,,,,,,,,,,,,,,,,,,,,,,,,,,,,,,,,,,,,,,,,,,,,,,,,,,,,,,,,,,,,,,
1974,2,150.0,49.0,,,,,,,,,,,,,,,,,,,,,,,,,,,,,,,,,,,,,,,,9.19,10.25,11.31,10.25,2.0,2.19,18.0,1.0,0.2,0.7,-5.94,-1.14,3.67,-1.14,2.0,9.95,18.0,1.0,0.2,0.7,4.13,6.6,9.07,6.6,2.0,5.12,18.0,1.0,0.2,0.7,987.16,991.15,995.14,991.15,2.0,8.27,18.0,1.0,0.2,0.7,,,,,,,,,,,,,,,,,,,,,,,,,,,,,,,,,,,,,,,,,,,,,,,,,,,,,,,,,,,,,,,,,,,,,,,,,,,,,,,,,,,,,,,,,,,,,,,,,,,,,,,,,,,,,,,,,,,,,,,,,,,,,,,,,,,,,,,,,,,,,,,,,,,,,,
1974,2,150.0,50.0,,,,,,,,,,,,,,,,,,,,,,,,,,,,,,,,,,,,,,,,2.95,4.1,9.0,6.16,7.0,4.88,16.0,0.7,0.2,0.4,-0.14,0.0,7.05,2.83,7.0,5.97,16.0,0.7,0.2,0.4,-4.3,0.0,2.73,-0.99,7.0,4.68,16.0,0.7,0.2,0.4,1009.81,1011.9,1015.32,1010.16,7.0,9.18,16.0,0.7,0.2,0.4,,,,,,,,,,,,,,,,,,,,,,,,,,,,,,,,,,,,,,,,,,,,,,,,,,,,,,,,,,,,,,,,,,,,,,,,,,,,,,,,,,,,,,,,,,,,,,,,,,,,,,,,,,,,,,,,,,,,,,,,,,,,,,,,,,,,,,,,,,,,,,,,,,,,,,
1974,2,150.0,51.0,,,,,,,,,,,,,,,,,,,,,,,,,,,,,,,,,,,,,,,,4.77,6.2,6.88,5.83,3.0,1.58,16.0,0.7,0.3,0.6,0.0,0.0,0.96,0.47,3.0,0.81,16.0,0.7,0.3,0.6,-6.88,-6.2,-4.6,-5.75,3.0,1.72,16.0,0.7,0.3,0.6,994.35,1002.2,1012.99,1003.63,3.0,13.71,16.0,0.7,0.3,0.6,,,,,,,,,,,,,,,,,,,,,,,,,,,,,,,,,,,,,,,,,,,,,,,,,,,,,,,,,,,,,,,,,,,,,,,,,,,,,,,,,,,,,,,,,,,,,,,,,,,,,,,,,,,,,,,,,,,,,,,,,,,,,,,,,,,,,,,,,,,,,,,,,,,,,,
1974,2,150.0,52.0,,,,,,,,,,,,,,,,,,,,,,,,,,,,,,,,,,,,,,,,5.44,8.2,11.4,8.34,8.0,2.96,20.0,0.1,0.3,0.4,0.0,3.25,8.03,2.68,8.0,6.26,20.0,0.1,0.3,0.4,-7.17,-2.11,7.29,-0.92,8.0,6.31,20.0,0.1,0.3,0.4,995.08,1012.8,1021.87,1009.61,8.0,12.74,20.0,0.1,0.3,0.4,,,,,,,,,,,,,,,,,,,,,,,,,,,,,,,,,,,,,,,,,,,,,,,,,,,,,,,,,,,,,,,,,,,,,,,,,,,,,,,,,,,,,,,,,,,,,,,,,,,,,,,,,,,,,,,,,,,,,,,,,,,,,,,,,,,,,,,,,,,,,,,,,,,,,,
1974,2,150.0,53.0,,,,,,,,,,,,,,,,,,,,,,,,,,,,,,,,,,,,,,,,4.1,7.2,11.95,8.44,7.0,4.14,16.0,0.7,0.2,0.5,-1.88,5.37,9.47,3.47,7.0,7.79,16.0,0.7,0.2,0.5,-4.13,-2.46,1.59,-1.74,7.0,4.69,16.0,0.7,0.2,0.5,1005.67,1011.9,1016.78,1008.19,7.0,13.36,16.0,0.7,0.2,0.5,,,,,,,,,,,,,,,,,,,,,,,,,,,,,,,,,,,,,,,,,,,,,,,,,,,,,,,,,,,,,,,,,,,,,,,,,,,,,,,,,,,,,,,,,,,,,,,,,,,,,,,,,,,,,,,,,,,,,,,,,,,,,,,,,,,,,,,,,,,,,,,,,,,,,,
1974,2,150.0,54.0,,,,,,,,,,,,,,,,,,,,,,,,,,,,,,,,,,,,,,,,7.15,10.8,11.9,10.21,7.0,2.72,12.0,0.4,0.5,0.4,-6.33,-1.25,0.36,-2.11,7.0,5.47,12.0,0.4,0.5,0.4,-10.85,-10.22,-6.0,-8.12,7.0,4.12,12.0,0.4,0.5,0.4,1004.18,1017.1,1017.41,1012.98,6.0,6.85,10.0,0.5,0.4,0.5,,,,,,,,,,,,,,,,,,,,,,,,,,,,,,,,,,,,,,,,,,,,,,,,,,,,,,,,,,,,,,,,,,,,,,,,,,,,,,,,,,,,,,,,,,,,,,,,,,,,,,,,,,,,,,,,,,,,,,,,,,,,,,,,,,,,,,,,,,,,,,,,,,,,,,
1974,2,150.0,55.0,,,,,,,,,,,,,,,,,,,,,,,,,,,,,,,,,,,,,,,,3.37,7.2,9.65,6.9,5.0,4.47,16.0,0.6,0.4,0.3,-4.28,1.4,6.24,0.67,5.0,6.32,16.0,0.6,0.4,0.3,-4.75,3.6,3.69,-0.19,5.0,6.24,16.0,0.6,0.4,0.3,1010.39,1012.9,1014.96,1012.98,5.0,3.21,16.0,0.6,0.4,0.3,,,,,,,,,,,,,,,,,,,,,,,,,,,,,,,,,,,,,,,,,,,,,,,,,,,,,,,,,,,,,,,,,,,,,,,,,,,,,,,,,,,,,,,,,,,,,,,,,,,,,,,,,,,,,,,,,,,,,,,,,,,,,,,,,,,,,,,,,,,,,,,,,,,,,,
1974,2,150.0,56.0,,,,,,,,,,,,,,,,,,,,,,,,,,,,,,,,,,,,,,,,7.34,9.8,11.17,9.27,3.0,2.84,10.0,1.0,0.4,0.4,-8.48,-4.75,4.78,-1.92,3.0,10.02,10.0,1.0,0.4,0.4,-5.29,-3.99,1.02,-2.18,3.0,4.88,10.0,1.0,0.4,0.4,1009.61,1017.8,1021.08,1015.4,3.0,8.65,10.0,1.0,0.4,0.4,,,,,,,,,,,,,,,,,,,,,,,,,,,,,,,,,,,,,,,,,,,,,,,,,,,,,,,,,,,,,,,,,,,,,,,,,,,,,,,,,,,,,,,,,,,,,,,,,,,,,,,,,,,,,,,,,,,,,,,,,,,,,,,,,,,,,,,,,,,,,,,,,,,,,,
1974,2,150.0,57.0,,,,,,,,,,,,,,,,,,,,,,,,,,,,,,,,,,,,,,,,12.78,14.9,20.5,16.6,3.0,5.84,4.0,0.3,0.2,0.2,-18.56,-11.8,-10.28,-14.36,3.0,6.46,4.0,0.3,0.2,0.2,-10.3,-7.9,-2.51,-6.44,3.0,5.85,4.0,0.3,0.2,0.2,1016.71,1026.2,1027.36,1022.13,3.0,8.56,4.0,0.3,0.2,0.2,,,,,,,,,,,,,,,,,,,,,,,,,,,,,,,,,,,,,,,,,,,,,,,,,,,,,,,,,,,,,,,,,,,,,,,,,,,,,,,,,,,,,,,,,,,,,,,,,,,,,,,,,,,,,,,,,,,,,,,,,,,,,,,,,,,,,,,,,,,,,,,,,,,,,,
1974,2,150.0,58.0,,,,,,,,,,,,,,,,,,,,,,,,,,,,,,,,,,,,,,,,5.1,6.2,7.25,6.18,4.0,1.67,14.0,0.3,0.5,0.6,-1.45,2.74,6.99,2.77,4.0,4.9,14.0,0.3,0.5,0.6,-4.97,-3.42,-1.34,-3.17,4.0,2.45,14.0,0.3,0.5,0.6,1007.59,1012.55,1017.67,1012.63,4.0,7.6,14.0,0.3,0.5,0.6,,,,,,,,,,,,,,,,,,,,,,,,,,,,,,,,,,,,,,,,,,,,,,,,,,,,,,,,,,,,,,,,,,,,,,,,,,,,,,,,,,,,,,,,,,,,,,,,,,,,,,,,,,,,,,,,,,,,,,,,,,,,,,,,,,,,,,,,,,,,,,,,,,,,,,
1974,2,150.0,59.0,,,,,,,,,,,,,,,,,,,,,,,,,,,,,,,,,,,,,,,,6.77,9.0,20.31,11.92,6.0,6.9,12.0,0.2,0.6,0.3,-19.88,-8.75,-5.62,-11.16,6.0,7.14,12.0,0.2,0.6,0.3,-3.66,-1.4,1.49,-0.52,6.0,4.16,12.0,0.2,0.6,0.3,1011.68,1013.7,1021.94,1015.73,6.0,5.69,12.0,0.2,0.6,0.3,,,,,,,,,,,,,,,,,,,,,,,,,,,,,,,,,,,,,,,,,,,,,,,,,,,,,,,,,,,,,,,,,,,,,,,,,,,,,,,,,,,,,,,,,,,,,,,,,,,,,,,,,,,,,,,,,,,,,,,,,,,,,,,,,,,,,,,,,,,,,,,,,,,,,,
1974,2,151.0,-57.0,,,,,,,,,,,,,,,,,,,,,,,,,,,,,,,,,,,,,,,,8.2,8.2,8.2,8.2,1.0,0.0,6.0,1.0,0.2,0.2,5.27,5.27,5.27,5.27,1.0,0.0,6.0,1.0,0.2,0.2,-6.28,-6.28,-6.28,-6.28,1.0,0.0,6.0,1.0,0.2,0.2,1002.6,1002.6,1002.6,1002.6,1.0,0.0,6.0,1.0,0.2,0.2,,,,,,,,,,,,,,,,,,,,,,,,,,,,,,,,,,,,,,,,,,,,,,,,,,,,,,,,,,,,,,,,,,,,,,,,,,,,,,,,,,,,,,,,,,,,,,,,,,,,,,,,,,,,,,,,,,,,,,,,,,,,,,,,,,,,,,,,,,,,,,,,,,,,,,
1974,2,151.0,-42.0,18.21,19.25,20.29,19.25,4.0,1.44,16.0,0.3,0.6,0.3,14.95,16.5,18.05,16.5,4.0,2.08,16.0,0.3,0.6,0.3,7.73,8.06,8.4,8.07,3.0,0.49,12.0,0.3,0.6,0.4,66.5,72.2,75.4,70.9,3.0,6.6,12.0,0.3,0.4,1.24,2.05,3.91,2.55,4.0,1.83,16.0,0.3,0.6,0.3,-1.22,-0.47,0.91,-0.17,4.0,1.41,16.0,0.3,0.6,0.3,0.03,1.47,3.75,1.87,4.0,2.31,16.0,0.3,0.6,0.3,1014.65,1019.0,1025.18,1019.88,4.0,6.44,16.0,0.3,0.6,0.3,1.4,3.5,4.5,3.0,4.0,2.2,16.0,0.3,0.6,0.3,-1.6,-0.5,4.7,1.4,4.0,5.1,16.0,0.3,0.6,0.3,0.0,3.6,16.0,7.8,4.0,11.6,16.0,0.3,0.6,0.3,2.24,2.75,3.26,2.75,4.0,0.65,16.0,0.3,0.6,0.3,2.8,5.8,13.1,7.9,4.0,7.1,16.0,0.3,0.6,0.3,5.02,5.48,6.3,5.66,3.0,0.96,12.0,0.3,0.6,0.4,9.1,14.2,21.2,15.1,3.0,8.9,12.0,0.3,0.6,0.4,-21.7,-8.9,12.8,-4.6,4.0,22.1,16.0,0.3,0.6,0.3,0.8,24.0,55.0,27.7,4.0,32.8,16.0,0.3,0.6,0.3,-5.5,0.0,9.0,1.7,3.0,10.7,12.0,0.3,0.6,0.4,8.6,20.9,31.5,20.1,3.0,16.7,12.0,0.3,0.6,0.4,-4.3,0.0,5.7,0.7,3.0,7.4,12.0,0.3,0.6,0.4,6.1,14.2,20.2,13.2,3.0,10.4,12.0,0.3,0.6,0.4,2.0,10.5,78.0,38.5,4.0,63.0,16.0,0.3,0.6,0.3,0.0,10.0,80.0,40.0,4.0,65.0,16.0,0.3,0.6,0.3
1974,2,151.0,-40.0,20.7,22.2,22.4,21.57,3.0,1.37,10.0,0.3,0.7,0.5,18.95,21.0,22.71,20.83,3.0,2.75,10.0,0.3,0.7,0.5,11.34,14.49,15.76,13.57,3.0,3.34,10.0,0.3,0.7,0.5,81.8,91.3,93.2,87.6,3.0,8.9,10.0,0.3,0.5,9.21,10.3,10.98,10.1,3.0,1.31,10.0,0.3,0.7,0.5,-4.97,-3.52,3.43,-0.84,3.0,6.58,10.0,0.3,0.7,0.5,-8.45,-5.59,4.83,-1.9,3.0,10.24,10.0,0.3,0.7,0.5,1017.03,1017.1,1019.15,1018.07,3.0,1.76,10.0,0.3,0.7,0.5,1.6,3.0,3.7,2.7,3.0,1.5,10.0,0.3,0.7,0.5,-55.1,-36.3,28.1,-14.0,3.0,63.9,10.0,0.3,0.7,0.5,-90.9,-48.7,52.6,-19.8,3.0,108.1,10.0,0.3,0.7,0.5,-1.2,-1.0,2.75,0.73,3.0,3.27,10.0,0.3,0.7,0.5,-11.3,-11.3,28.1,7.9,3.0,33.3,10.0,0.3,0.7,0.5,0.06,0.2,4.87,2.41,3.0,4.01,10.0,0.3,0.7,0.5,0.6,1.8,50.1,24.8,3.0,41.4,10.0,0.3,0.7,0.5,-101.1,-63.4,86.8,-8.5,3.0,145.6,10.0,0.3,0.7,0.5,-182.0,-131.4,77.2,-54.2,3.0,201.3,10.0,0.3,0.7,0.5,-66.9,-34.8,63.3,-2.5,3.0,99.4,10.0,0.3,0.7,0.5,-125.8,-91.4,36.2,-45.9,3.0,125.0,10.0,0.3,0.7,0.5,-16.9,0.0,0.9,-7.8,3.0,14.7,10.0,0.3,0.7,0.5,-0.8,0.0,46.5,22.3,3.0,39.7,10.0,0.3,0.7,0.5,796.5,1092.5,1332.0,1064.5,3.0,393.0,10.0,0.3,0.7,0.5,795.0,1095.0,1330.0,1065.0,3.0,395.0,10.0,0.3,0.7,0.5
1974,2,151.0,-39.0,21.0,21.7,22.55,21.77,7.0,0.94,10.0,0.3,0.4,0.7,18.54,20.0,21.0,19.69,7.0,1.31,10.0,0.3,0.4,0.7,9.16,9.99,12.68,10.5,7.0,1.72,10.0,0.3,0.4,0.7,68.2,70.6,83.0,73.4,7.0,7.2,10.0,0.3,0.7,8.29,11.05,15.4,11.38,6.0,3.6,12.0,0.3,0.4,0.8,-7.74,1.49,8.15,0.31,6.0,8.44,12.0,0.3,0.4,0.8,0.48,8.99,12.12,7.02,6.0,6.16,12.0,0.3,0.4,0.8,1004.33,1006.8,1025.48,1013.46,7.0,11.63,10.0,0.3,0.4,0.7,2.8,5.5,8.0,5.3,6.0,2.5,12.0,0.2,0.3,0.7,-65.8,12.9,125.6,17.3,6.0,109.8,12.0,0.3,0.4,0.8,0.8,83.6,186.6,89.3,6.0,92.1,12.0,0.3,0.4,0.8,0.0,2.1,3.66,2.09,7.0,1.8,10.0,0.3,0.4,0.7,8.0,33.8,39.4,26.5,6.0,17.3,12.0,0.3,0.4,0.8,2.69,6.83,7.2,5.75,7.0,2.34,10.0,0.3,0.4,0.7,34.1,71.2,109.7,71.5,6.0,34.2,12.0,0.3,0.4,0.8,-158.3,27.7,160.6,2.8,6.0,171.7,12.0,0.3,0.4,0.8,9.4,161.3,241.2,133.1,6.0,120.4,12.0,0.3,0.4,0.8,-88.1,13.7,76.5,-4.6,6.0,93.8,12.0,0.3,0.4,0.8,4.4,80.4,118.8,64.4,6.0,59.7,12.0,0.3,0.4,0.8,-32.3,12.9,58.1,14.2,6.0,43.8,12.0,0.3,0.4,0.8,3.6,68.9,86.3,52.9,6.0,42.2,12.0,0.3,0.4,0.8,584.5,1401.0,3652.5,1844.5,6.0,1493.0,12.0,0.3,0.4,0.8,585.0,1400.0,3650.0,1845.0,6.0,1495.0,12.0,0.3,0.4,0.8
1974,2,151.0,-37.0,21.65,21.75,21.85,21.75,2.0,0.21,10.0,0.0,0.4,0.5,19.93,20.2,20.47,20.2,2.0,0.57,10.0,0.0,0.4,0.5,9.18,10.33,11.49,10.33,2.0,2.4,10.0,0.0,0.4,0.5,63.8,70.3,76.8,70.3,2.0,13.5,10.0,0.0,0.5,3.66,5.95,8.24,5.95,2.0,4.74,10.0,0.0,0.4,0.5,-1.5,-1.25,-1.0,-1.25,2.0,0.51,10.0,0.0,0.4,0.5,-0.6,3.36,7.32,3.36,2.0,8.2,10.0,0.0,0.4,0.5,1014.2,1016.15,1018.1,1016.15,2.0,4.03,10.0,0.0,0.4,0.5,2.6,4.0,5.4,4.0,2.0,2.8,10.0,0.0,0.4,0.5,-13.0,-8.7,-4.3,-8.7,2.0,9.0,10.0,0.0,0.4,0.5,8.2,39.4,70.7,39.4,2.0,64.7,10.0,0.0,0.4,0.5,1.38,1.55,1.72,1.55,2.0,0.35,10.0,0.0,0.4,0.5,5.5,10.1,14.6,10.1,2.0,9.4,10.0,0.0,0.4,0.5,4.81,5.83,6.85,5.83,2.0,2.12,10.0,0.0,0.4,0.5,20.3,39.7,59.1,39.7,2.0,40.2,10.0,0.0,0.4,0.5,-29.8,-25.1,-20.5,-25.1,2.0,9.7,10.0,0.0,0.4,0.5,-13.6,65.5,144.6,65.5,2.0,163.8,10.0,0.0,0.4,0.5,-13.4,-12.3,-11.2,-12.3,2.0,2.3,10.0,0.0,0.4,0.5,-12.2,24.9,61.9,24.9,2.0,76.7,10.0,0.0,0.4,0.5,-10.6,-7.8,-5.1,-7.8,2.0,5.6,10.0,0.0,0.4,0.5,1.7,28.3,54.8,28.3,2.0,55.0,10.0,0.0,0.4,0.5,142.5,411.0,679.5,411.0,2.0,556.5,10.0,0.0,0.4,0.5,140.0,410.0,680.0,410.0,2.0,555.0,10.0,0.0,0.4,0.5
1974,2,151.0,-36.0,23.77,23.9,24.44,24.1,7.0,0.65,8.0,0.6,0.3,0.6,20.64,22.95,23.98,22.6,8.0,2.0,10.0,0.6,0.2,0.7,10.87,13.37,13.89,13.15,8.0,2.52,10.0,0.6,0.2,0.7,67.5,77.2,86.7,76.2,8.0,10.4,10.0,0.6,0.7,7.55,9.3,10.87,8.81,7.0,2.48,8.0,0.6,0.3,0.7,-6.19,-3.18,1.61,-1.67,7.0,4.9,8.0,0.6,0.3,0.7,-6.86,4.6,8.3,0.84,7.0,8.29,8.0,0.6,0.3,0.7,1003.2,1004.5,1018.1,1007.74,8.0,7.46,10.0,0.6,0.2,0.7,3.0,6.0,7.0,5.3,8.0,2.3,10.0,0.6,0.2,0.7,-75.0,-29.6,13.0,-19.0,7.0,50.1,8.0,0.6,0.3,0.7,-59.2,21.2,81.7,1.7,7.0,83.0,8.0,0.6,0.3,0.7,-0.08,1.2,1.77,1.2,7.0,2.03,8.0,0.6,0.3,0.6,-2.5,6.7,11.4,5.0,6.0,10.6,6.0,0.5,0.3,0.6,4.61,5.47,8.0,5.79,7.0,2.69,8.0,0.6,0.3,0.6,30.2,47.3,60.7,43.8,6.0,21.7,6.0,0.5,0.3,0.6,-140.3,-73.5,40.6,-35.0,7.0,112.0,8.0,0.6,0.3,0.7,-164.0,100.3,193.8,17.1,7.0,191.4,8.0,0.6,0.3,0.7,-85.3,-44.2,27.4,-21.9,7.0,66.3,8.0,0.6,0.3,0.7,-86.6,43.8,122.2,15.0,7.0,116.3,8.0,0.6,0.3,0.7,-30.3,-7.6,8.6,-6.6,6.0,26.2,6.0,0.5,0.3,0.6,-52.6,-13.5,37.8,-9.6,6.0,43.8,6.0,0.5,0.3,0.6,439.5,804.5,1288.5,820.0,7.0,586.5,8.0,0.6,0.3,0.7,440.0,805.0,1290.0,820.0,7.0,585.0,8.0,0.6,0.3,0.7
1974,2,151.0,-35.0,22.1,24.4,25.61,24.02,26.0,1.66,10.0,0.7,0.3,0.4,21.69,22.6,24.11,22.84,26.0,1.42,10.0,0.7,0.3,0.4,10.26,12.82,13.95,12.47,25.0,1.63,10.0,0.7,0.3,0.4,65.3,73.0,78.2,71.6,25.0,7.5,10.0,0.7,0.4,1.33,4.8,7.7,5.01,24.0,3.22,10.0,0.7,0.3,0.4,-2.63,-0.48,0.95,-1.0,24.0,2.72,10.0,0.7,0.3,0.4,-3.74,2.35,6.45,1.84,24.0,4.96,10.0,0.7,0.3,0.4,1002.48,1012.6,1017.44,1011.43,26.0,6.76,10.0,0.7,0.3,0.4,2.0,6.0,7.0,4.8,24.0,2.3,10.0,0.7,0.3,0.4,-20.3,-1.3,3.7,-8.5,24.0,23.9,10.0,0.7,0.3,0.4,-15.3,9.5,51.7,16.4,24.0,43.4,10.0,0.7,0.3,0.4,-0.18,1.5,3.12,1.2,25.0,1.65,10.0,0.7,0.3,0.4,-2.2,3.1,20.2,6.6,23.0,11.9,10.0,0.7,0.3,0.4,3.65,6.49,8.65,6.35,25.0,2.19,10.0,0.7,0.3,0.4,8.5,23.1,66.0,35.0,23.0,31.4,10.0,0.7,0.3,0.4,-62.6,-10.7,21.8,-22.6,24.0,61.2,10.0,0.7,0.3,0.4,-89.2,54.4,138.1,38.1,24.0,113.3,10.0,0.7,0.3,0.4,-32.5,-4.9,12.3,-9.1,23.0,31.6,10.0,0.7,0.3,0.4,-53.5,36.1,67.0,18.1,23.0,58.7,10.0,0.7,0.3,0.4,-15.1,-2.5,6.8,-7.4,23.0,20.3,10.0,0.7,0.3,0.4,-23.9,12.0,51.3,14.1,23.0,39.8,10.0,0.7,0.3,0.4,2.5,111.0,456.5,288.5,24.0,479.0,10.0,0.7,0.3,0.4,5.0,110.0,455.0,290.0,24.0,480.0,10.0,0.7,0.3,0.4
1974,2,151.0,-34.0,21.85,22.1,22.95,22.23,12.0,0.89,12.0,0.5,0.7,0.6,21.44,22.35,23.32,22.14,16.0,1.35,12.0,0.6,0.6,0.5,11.05,11.57,13.05,11.78,16.0,1.46,12.0,0.6,0.6,0.5,63.2,69.2,84.8,71.3,16.0,10.4,12.0,0.6,0.5,1.35,6.2,13.9,7.13,15.0,5.65,12.0,0.5,0.6,0.5,-4.07,-0.5,1.88,-0.8,15.0,3.28,12.0,0.5,0.6,0.5,-0.67,2.3,13.55,5.4,15.0,6.62,12.0,0.5,0.6,0.5,1006.0,1012.4,1017.73,1012.19,16.0,5.51,12.0,0.6,0.6,0.5,2.2,4.0,8.0,4.9,15.0,2.5,12.0,0.6,0.6,0.5,-18.0,-0.5,26.1,3.4,15.0,33.2,12.0,0.5,0.6,0.5,-0.7,15.4,188.3,72.3,15.0,93.0,12.0,0.5,0.6,0.5,-0.93,-0.3,0.6,-0.26,12.0,0.73,12.0,0.5,0.7,0.6,-3.5,-1.1,6.0,-0.4,11.0,6.2,12.0,0.5,0.7,0.6,2.93,5.0,6.14,4.87,12.0,2.06,12.0,0.5,0.7,0.6,10.4,48.8,62.2,42.2,11.0,26.8,12.0,0.5,0.7,0.6,-97.1,-11.7,41.7,-19.4,15.0,73.3,12.0,0.5,0.6,0.5,-15.8,53.4,298.8,118.2,15.0,144.4,12.0,0.5,0.6,0.5,-46.4,-6.7,22.6,-8.4,15.0,37.4,12.0,0.5,0.6,0.5,-9.0,25.7,161.4,62.3,15.0,81.9,12.0,0.5,0.6,0.5,-18.2,-1.5,14.0,-4.5,11.0,19.1,12.0,0.5,0.7,0.6,-3.3,43.7,61.8,33.9,11.0,31.9,12.0,0.5,0.7,0.6,4.5,238.5,2685.5,1044.5,15.0,1405.0,12.0,0.5,0.6,0.5,5.0,240.0,2685.0,1045.0,15.0,1405.0,12.0,0.5,0.6,0.5
1974,2,151.0,-24.0,28.05,28.15,28.25,28.15,2.0,0.21,18.0,0.0,0.7,0.6,25.31,25.75,26.19,25.75,2.0,0.92,18.0,0.0,0.7,0.6,15.15,16.35,17.55,16.35,2.0,2.48,18.0,0.0,0.7,0.6,71.5,79.4,87.2,79.4,2.0,16.2,18.0,0.0,0.6,8.08,11.05,14.02,11.05,2.0,6.15,18.0,0.0,0.7,0.6,-10.61,-8.05,-5.5,-8.05,2.0,5.3,18.0,0.0,0.7,0.6,5.89,7.52,9.14,7.52,2.0,3.37,18.0,0.0,0.7,0.6,1009.41,1009.65,1009.89,1009.65,2.0,0.5,18.0,0.0,0.7,0.6,3.0,3.0,3.0,3.0,2.0,0.0,18.0,0.0,0.7,0.6,-157.4,-105.3,-53.1,-105.3,2.0,108.1,18.0,0.0,0.7,0.6,53.1,93.4,133.7,93.4,2.0,83.5,18.0,0.0,0.7,0.6,1.85,2.4,2.95,2.4,2.0,1.13,18.0,0.0,0.7,0.6,21.9,23.0,24.1,23.0,2.0,2.3,18.0,0.0,0.7,0.6,6.54,7.6,8.66,7.6,2.0,2.19,18.0,0.0,0.7,0.6,56.5,90.8,125.0,90.8,2.0,71.0,18.0,0.0,0.7,0.6,-279.2,-209.8,-140.4,-209.8,2.0,143.8,18.0,0.0,0.7,0.6,149.9,195.1,240.3,195.1,2.0,93.7,18.0,0.0,0.7,0.6,-157.2,-125.1,-92.9,-125.1,2.0,66.6,18.0,0.0,0.7,0.6,101.1,118.7,136.3,118.7,2.0,36.5,18.0,0.0,0.7,0.6,-95.0,-67.0,-39.1,-67.0,2.0,57.9,18.0,0.0,0.7,0.6,40.5,60.8,81.2,60.8,2.0,42.1,18.0,0.0,0.7,0.6,832.5,1976.5,3120.5,1976.5,2.0,2370.0,18.0,0.0,0.7,0.6,835.0,1975.0,3120.0,1975.0,2.0,2370.0,18.0,0.0,0.7,0.6
1974,2,151.0,-23.0,27.17,27.55,27.93,27.55,2.0,0.78,8.0,0.5,0.2,0.7,26.63,28.0,30.12,28.37,3.0,2.57,8.0,0.7,0.3,0.5,18.55,18.66,18.81,18.68,3.0,0.19,8.0,0.7,0.3,0.5,70.1,78.9,85.3,77.7,3.0,11.2,8.0,0.7,0.5,3.74,5.85,8.59,6.15,4.0,3.24,10.0,0.5,0.4,0.5,-5.52,-3.45,1.38,-2.13,4.0,5.03,10.0,0.5,0.4,0.5,0.0,2.57,6.58,3.26,4.0,3.92,10.0,0.5,0.4,0.5,1004.44,1010.3,1011.71,1008.18,4.0,6.11,10.0,0.5,0.4,0.5,2.0,3.5,5.6,3.8,4.0,2.5,10.0,0.5,0.4,0.5,-49.5,-17.8,9.9,-19.7,4.0,39.2,10.0,0.5,0.4,0.5,0.0,17.2,58.9,28.9,4.0,38.5,10.0,0.5,0.4,0.5,0.24,0.55,0.86,0.55,2.0,0.64,8.0,0.5,0.2,0.7,1.9,5.3,8.7,5.3,2.0,7.1,8.0,0.5,0.2,0.7,4.02,4.5,4.98,4.5,2.0,1.0,8.0,0.5,0.2,0.7,17.6,26.3,35.1,26.3,2.0,18.1,8.0,0.5,0.2,0.7,-140.6,-72.8,83.0,-29.8,3.0,168.0,8.0,0.7,0.3,0.5,0.0,0.0,140.0,68.4,3.0,118.4,8.0,0.7,0.3,0.5,-99.0,-48.5,49.0,-25.6,3.0,110.2,8.0,0.7,0.3,0.5,0.0,0.0,99.6,48.7,3.0,84.3,8.0,0.7,0.3,0.5,-23.3,-19.3,-15.4,-19.3,2.0,8.2,8.0,0.5,0.2,0.7,4.8,15.0,25.2,15.0,2.0,21.2,8.0,0.5,0.2,0.7,68.5,213.0,715.5,384.0,4.0,486.5,10.0,0.5,0.4,0.5,70.0,215.0,715.0,385.0,4.0,485.0,10.0,0.5,0.4,0.5
1974,2,151.0,-20.0,27.0,27.0,27.0,27.0,1.0,0.0,12.0,0.0,0.8,0.6,26.5,26.5,26.5,26.5,1.0,0.0,12.0,0.0,0.8,0.6,15.55,15.55,15.55,15.55,1.0,0.0,12.0,0.0,0.8,0.6,71.8,71.8,71.8,71.8,1.0,0.0,12.0,0.0,0.6,7.2,7.2,7.2,7.2,1.0,0.0,12.0,0.0,0.8,0.6,-4.63,-4.63,-4.63,-4.63,1.0,0.0,12.0,0.0,0.8,0.6,5.52,5.52,5.52,5.52,1.0,0.0,12.0,0.0,0.8,0.6,1008.2,1008.2,1008.2,1008.2,1.0,0.0,12.0,0.0,0.8,0.6,6.0,6.0,6.0,6.0,1.0,0.0,12.0,0.0,0.8,0.6,-33.3,-33.3,-33.3,-33.3,1.0,0.0,12.0,0.0,0.8,0.6,39.7,39.7,39.7,39.7,1.0,0.0,12.0,0.0,0.8,0.6,0.5,0.5,0.5,0.5,1.0,0.0,12.0,0.0,0.8,0.6,3.6,3.6,3.6,3.6,1.0,0.0,12.0,0.0,0.8,0.6,6.85,6.85,6.85,6.85,1.0,0.0,12.0,0.0,0.8,0.6,49.3,49.3,49.3,49.3,1.0,0.0,12.0,0.0,0.8,0.6,-122.6,-122.6,-122.6,-122.6,1.0,0.0,12.0,0.0,0.8,0.6,146.2,146.2,146.2,146.2,1.0,0.0,12.0,0.0,0.8,0.6,-72.0,-72.0,-72.0,-72.0,1.0,0.0,12.0,0.0,0.8,0.6,85.8,85.8,85.8,85.8,1.0,0.0,12.0,0.0,0.8,0.6,-31.7,-31.7,-31.7,-31.7,1.0,0.0,12.0,0.0,0.8,0.6,37.8,37.8,37.8,37.8,1.0,0.0,12.0,0.0,0.8,0.6,373.0,373.0,373.0,373.0,1.0,0.0,12.0,0.0,0.8,0.6,375.0,375.0,375.0,375.0,1.0,0.0,12.0,0.0,0.8,0.6
1974,2,151.0,-19.0,27.3,27.5,27.7,27.5,2.0,0.42,12.0,0.5,0.5,0.5,26.99,27.4,27.81,27.4,2.0,0.85,12.0,0.5,0.5,0.5,16.53,16.53,16.53,16.53,2.0,0.01,12.0,0.5,0.5,0.5,70.7,72.4,74.2,72.4,2.0,3.6,12.0,0.5,0.5,2.1,2.1,2.1,2.1,1.0,0.0,14.0,1.0,0.5,0.3,-1.82,-1.82,-1.82,-1.82,1.0,0.0,14.0,1.0,0.5,0.3,1.05,1.05,1.05,1.05,1.0,0.0,14.0,1.0,0.5,0.3,1008.91,1009.15,1009.39,1009.15,2.0,0.49,12.0,0.5,0.5,0.5,2.0,2.0,2.0,2.0,2.0,0.0,12.0,0.5,0.5,0.5,-3.8,-3.8,-3.8,-3.8,1.0,0.0,14.0,1.0,0.5,0.3,2.2,2.2,2.2,2.2,1.0,0.0,14.0,1.0,0.5,0.3,-0.1,0.1,0.3,0.1,2.0,0.42,12.0,0.5,0.5,0.5,-0.4,-0.4,-0.4,-0.4,1.0,0.0,14.0,1.0,0.5,0.3,6.25,6.53,6.81,6.53,2.0,0.58,12.0,0.5,0.5,0.5,14.6,14.6,14.6,14.6,1.0,0.0,14.0,1.0,0.5,0.3,-50.9,-50.9,-50.9,-50.9,1.0,0.0,14.0,1.0,0.5,0.3,29.4,29.4,29.4,29.4,1.0,0.0,14.0,1.0,0.5,0.3,-30.1,-30.1,-30.1,-30.1,1.0,0.0,14.0,1.0,0.5,0.3,17.4,17.4,17.4,17.4,1.0,0.0,14.0,1.0,0.5,0.3,-12.6,-12.6,-12.6,-12.6,1.0,0.0,14.0,1.0,0.5,0.3,7.3,7.3,7.3,7.3,1.0,0.0,14.0,1.0,0.5,0.3,9.5,9.5,9.5,9.5,1.0,0.0,14.0,1.0,0.5,0.3,10.0,10.0,10.0,10.0,1.0,0.0,14.0,1.0,0.5,0.3
1974,2,151.0,-17.0,26.4,26.4,28.45,27.4,3.0,1.73,18.0,0.7,0.8,0.6,26.0,26.0,26.68,26.33,3.0,0.58,18.0,0.7,0.8,0.6,18.01,18.65,18.73,18.38,3.0,0.58,18.0,0.7,0.8,0.6,81.8,88.2,88.6,85.2,3.0,5.6,18.0,0.7,0.6,4.42,5.1,5.1,4.77,3.0,0.58,18.0,0.7,0.8,0.6,-4.42,-4.42,-1.4,-2.94,3.0,2.55,18.0,0.7,0.8,0.6,2.55,2.55,3.61,3.07,3.0,0.89,18.0,0.7,0.8,0.6,1002.52,1004.7,1004.7,1003.63,3.0,1.85,18.0,0.7,0.8,0.6,3.0,5.0,5.0,4.0,3.0,1.7,18.0,0.7,0.8,0.6,-22.5,-22.5,-7.1,-15.0,3.0,13.0,18.0,0.7,0.8,0.6,13.0,13.0,15.6,14.3,3.0,2.2,18.0,0.7,0.8,0.6,0.4,0.4,1.77,1.07,3.0,1.15,18.0,0.7,0.8,0.6,2.0,2.0,7.4,4.6,3.0,4.5,18.0,0.7,0.8,0.6,2.96,3.04,6.62,4.75,3.0,3.06,18.0,0.7,0.8,0.6,15.1,15.5,28.1,21.5,3.0,10.8,18.0,0.7,0.8,0.6,-114.8,-114.8,-36.4,-76.6,3.0,66.3,18.0,0.7,0.8,0.6,66.3,66.3,96.6,81.1,3.0,25.6,18.0,0.7,0.8,0.6,-82.7,-82.4,-26.1,-55.1,3.0,47.7,18.0,0.7,0.8,0.6,47.7,47.9,64.8,56.0,3.0,14.4,18.0,0.7,0.8,0.6,-13.3,-12.9,-4.1,-8.8,3.0,7.6,18.0,0.7,0.8,0.6,7.6,7.7,25.6,16.4,3.0,15.2,18.0,0.7,0.8,0.6,89.0,132.5,132.5,111.5,3.0,37.0,18.0,0.7,0.8,0.6,90.0,135.0,135.0,110.0,3.0,35.0,18.0,0.7,0.8,0.6
1974,2,151.0,-16.0,27.95,29.1,29.93,28.95,4.0,1.48,14.0,0.3,0.5,0.6,25.89,27.6,27.67,26.8,3.0,1.47,10.0,0.0,0.5,0.5,18.83,18.9,19.29,19.06,3.0,0.37,10.0,0.0,0.5,0.5,81.7,83.7,90.9,86.2,3.0,7.0,10.0,0.0,0.5,2.34,3.85,6.72,4.5,4.0,2.79,14.0,0.3,0.5,0.6,-2.69,-0.9,4.02,0.59,4.0,5.2,14.0,0.3,0.5,0.6,0.02,2.08,2.94,1.51,4.0,2.07,14.0,0.3,0.5,0.6,1003.49,1005.0,1008.3,1005.85,4.0,3.18,14.0,0.3,0.5,0.6,2.9,6.0,7.5,5.3,4.0,3.1,14.0,0.3,0.5,0.6,-11.8,-2.0,34.1,10.6,4.0,38.1,14.0,0.3,0.5,0.6,-4.5,5.0,11.9,3.8,4.0,11.8,14.0,0.3,0.5,0.6,0.07,1.5,3.14,1.6,3.0,2.25,10.0,0.0,0.5,0.5,1.4,7.7,24.3,12.7,3.0,17.3,10.0,0.0,0.5,0.5,4.44,6.0,6.3,5.39,3.0,1.46,10.0,0.0,0.5,0.5,16.3,30.6,45.7,31.0,3.0,21.6,10.0,0.0,0.5,0.5,-77.8,-12.5,134.4,27.3,3.0,159.2,10.0,0.0,0.5,0.5,-2.0,70.7,84.4,41.9,3.0,68.0,10.0,0.0,0.5,0.5,-54.6,-8.5,101.5,22.7,3.0,117.5,10.0,0.0,0.5,0.5,-3.1,48.1,58.9,28.4,3.0,48.5,10.0,0.0,0.5,0.5,-16.5,-1.7,34.9,9.0,3.0,38.8,10.0,0.0,0.5,0.5,-3.2,9.5,16.4,6.7,3.0,14.6,10.0,0.0,0.5,0.5,13.0,75.0,352.0,177.5,4.0,255.5,14.0,0.3,0.5,0.6,15.0,75.0,350.0,180.0,4.0,255.0,14.0,0.3,0.5,0.6
1974,2,151.0,-15.0,28.3,28.3,28.3,28.3,1.0,0.0,10.0,0.0,0.9,0.5,27.5,27.5,27.5,27.5,1.0,0.0,10.0,0.0,0.9,0.5,19.89,19.89,19.89,19.89,1.0,0.0,10.0,0.0,0.9,0.5,86.3,86.3,86.3,86.3,1.0,0.0,10.0,0.0,0.5,4.1,4.1,4.1,4.1,1.0,0.0,10.0,0.0,0.9,0.5,-2.05,-2.05,-2.05,-2.05,1.0,0.0,10.0,0.0,0.9,0.5,3.55,3.55,3.55,3.55,1.0,0.0,10.0,0.0,0.9,0.5,1007.0,1007.0,1007.0,1007.0,1.0,0.0,10.0,0.0,0.9,0.5,5.0,5.0,5.0,5.0,1.0,0.0,10.0,0.0,0.9,0.5,-8.4,-8.4,-8.4,-8.4,1.0,0.0,10.0,0.0,0.9,0.5,14.6,14.6,14.6,14.6,1.0,0.0,10.0,0.0,0.9,0.5,0.8,0.8,0.8,0.8,1.0,0.0,10.0,0.0,0.9,0.5,3.3,3.3,3.3,3.3,1.0,0.0,10.0,0.0,0.9,0.5,4.34,4.34,4.34,4.34,1.0,0.0,10.0,0.0,0.9,0.5,17.8,17.8,17.8,17.8,1.0,0.0,10.0,0.0,0.9,0.5,-56.4,-56.4,-56.4,-56.4,1.0,0.0,10.0,0.0,0.9,0.5,97.6,97.6,97.6,97.6,1.0,0.0,10.0,0.0,0.9,0.5,-40.8,-40.8,-40.8,-40.8,1.0,0.0,10.0,0.0,0.9,0.5,70.6,70.6,70.6,70.6,1.0,0.0,10.0,0.0,0.9,0.5,-8.9,-8.9,-8.9,-8.9,1.0,0.0,10.0,0.0,0.9,0.5,15.4,15.4,15.4,15.4,1.0,0.0,10.0,0.0,0.9,0.5,69.0,69.0,69.0,69.0,1.0,0.0,10.0,0.0,0.9,0.5,70.0,70.0,70.0,70.0,1.0,0.0,10.0,0.0,0.9,0.5
1974,2,151.0,-14.0,28.3,28.3,28.3,28.3,1.0,0.0,10.0,1.0,0.3,0.9,29.14,30.3,31.46,30.3,2.0,2.4,14.0,1.0,0.2,0.8,19.94,19.94,19.94,19.94,1.0,0.0,10.0,1.0,0.3,0.9,80.9,80.9,80.9,80.9,1.0,0.0,10.0,1.0,0.9,2.6,2.6,2.6,2.6,2.0,0.0,14.0,1.0,0.2,0.8,-1.2,-0.19,0.83,-0.19,2.0,2.1,14.0,1.0,0.2,0.8,2.03,2.12,2.21,2.12,2.0,0.18,14.0,1.0,0.2,0.8,1004.13,1004.4,1004.67,1004.4,2.0,0.57,14.0,1.0,0.2,0.8,5.2,5.5,5.8,5.5,2.0,0.7,14.0,1.0,0.2,0.8,-3.1,-0.5,2.2,-0.5,2.0,5.5,14.0,1.0,0.2,0.8,5.3,5.5,5.7,5.5,2.0,0.5,14.0,1.0,0.2,0.8,-0.3,-0.3,-0.3,-0.3,1.0,0.0,10.0,1.0,0.3,0.9,-0.8,-0.8,-0.8,-0.8,1.0,0.0,10.0,1.0,0.3,0.9,4.35,4.35,4.35,4.35,1.0,0.0,10.0,1.0,0.3,0.9,11.3,11.3,11.3,11.3,1.0,0.0,10.0,1.0,0.3,0.9,-33.6,-3.1,27.4,-3.1,2.0,63.2,14.0,1.0,0.2,0.8,59.4,64.5,69.7,64.5,2.0,10.7,14.0,1.0,0.2,0.8,-33.3,-33.3,-33.3,-33.3,1.0,0.0,10.0,1.0,0.3,0.9,39.7,39.7,39.7,39.7,1.0,0.0,10.0,1.0,0.3,0.9,-7.3,-7.3,-7.3,-7.3,1.0,0.0,10.0,1.0,0.3,0.9,8.7,8.7,8.7,8.7,1.0,0.0,10.0,1.0,0.3,0.9,17.5,17.5,17.5,17.5,2.0,0.0,14.0,1.0,0.2,0.8,20.0,20.0,20.0,20.0,2.0,0.0,14.0,1.0,0.2,0.8
1974,2,151.0,-13.0,28.52,29.15,29.62,29.08,4.0,0.82,18.0,0.5,0.6,0.7,27.19,27.65,28.06,27.63,4.0,0.53,18.0,0.5,0.6,0.7,17.66,18.41,19.92,18.77,4.0,1.42,18.0,0.5,0.6,0.7,74.0,79.9,87.7,80.8,4.0,8.0,18.0,0.5,0.7,3.84,4.35,7.06,5.4,4.0,2.63,18.0,0.5,0.6,0.7,3.12,3.81,6.17,4.61,4.0,2.36,18.0,0.5,0.6,0.7,-3.84,-1.48,1.21,-1.32,4.0,3.09,18.0,0.5,0.6,0.7,1003.11,1005.05,1006.15,1004.65,4.0,1.87,18.0,0.5,0.6,0.7,3.4,6.0,7.5,5.5,4.0,2.6,18.0,0.5,0.6,0.7,12.9,16.5,47.2,29.5,4.0,30.5,18.0,0.5,0.6,0.7,-29.1,-6.8,4.4,-12.1,4.0,22.6,18.0,0.5,0.6,0.7,1.0,1.1,1.93,1.45,4.0,0.77,18.0,0.5,0.6,0.7,4.5,7.4,10.0,7.3,4.0,3.3,18.0,0.5,0.6,0.7,5.42,6.98,7.89,6.67,4.0,1.52,18.0,0.5,0.6,0.7,26.9,32.3,40.2,33.5,4.0,8.4,18.0,0.5,0.6,0.7,87.6,105.3,167.4,126.5,4.0,62.3,18.0,0.5,0.6,0.7,-105.1,-41.2,34.2,-35.7,4.0,85.1,18.0,0.5,0.6,0.7,55.2,73.4,121.0,87.4,4.0,46.8,18.0,0.5,0.6,0.7,-71.4,-26.1,21.5,-25.0,4.0,57.2,18.0,0.5,0.6,0.7,23.5,26.4,33.1,28.2,4.0,7.1,18.0,0.5,0.6,0.7,-22.6,-11.0,9.7,-6.7,4.0,19.8,18.0,0.5,0.6,0.7,57.5,83.0,467.5,254.5,4.0,367.5,18.0,0.5,0.6,0.7,55.0,85.0,470.0,255.0,4.0,365.0,18.0,0.5,0.6,0.7
1974,2,151.0,-12.0,27.31,27.75,28.19,27.75,2.0,0.92,14.0,0.5,0.0,0.8,25.84,26.8,27.76,26.8,2.0,1.98,14.0,0.5,0.0,0.8,17.7,17.91,18.11,17.91,2.0,0.42,14.0,0.5,0.0,0.8,75.9,81.3,86.7,81.3,2.0,11.2,14.0,0.5,0.8,10.3,10.3,10.3,10.3,1.0,0.0,4.0,1.0,0.1,0.7,10.3,10.3,10.3,10.3,1.0,0.0,4.0,1.0,0.1,0.7,0.0,0.0,0.0,0.0,1.0,0.0,4.0,1.0,0.1,0.7,1005.2,1006.05,1006.9,1006.05,2.0,1.77,14.0,0.5,0.0,0.8,3.8,5.5,7.2,5.5,2.0,3.5,14.0,0.5,0.0,0.8,106.1,106.1,106.1,106.1,1.0,0.0,4.0,1.0,0.1,0.7,0.0,0.0,0.0,0.0,1.0,0.0,4.0,1.0,0.1,0.7,0.44,0.95,1.46,0.95,2.0,1.06,14.0,0.5,0.0,0.8,17.5,17.5,17.5,17.5,1.0,0.0,4.0,1.0,0.1,0.7,4.79,5.59,6.39,5.59,2.0,1.66,14.0,0.5,0.0,0.8,45.5,45.5,45.5,45.5,1.0,0.0,4.0,1.0,0.1,0.7,261.6,261.6,261.6,261.6,1.0,0.0,4.0,1.0,0.1,0.7,0.0,0.0,0.0,0.0,1.0,0.0,4.0,1.0,0.1,0.7,187.5,187.5,187.5,187.5,1.0,0.0,4.0,1.0,0.1,0.7,0.0,0.0,0.0,0.0,1.0,0.0,4.0,1.0,0.1,0.7,45.5,45.5,45.5,45.5,1.0,0.0,4.0,1.0,0.1,0.7,0.0,0.0,0.0,0.0,1.0,0.0,4.0,1.0,0.1,0.7,1092.5,1092.5,1092.5,1092.5,1.0,0.0,4.0,1.0,0.1,0.7,1095.0,1095.0,1095.0,1095.0,1.0,0.0,4.0,1.0,0.1,0.7
1974,2,151.0,-11.0,28.72,29.2,30.0,29.19,8.0,0.86,16.0,0.9,0.6,0.6,26.99,28.9,29.83,28.69,7.0,1.39,16.0,0.9,0.7,0.7,17.41,18.17,19.58,18.2,7.0,1.16,16.0,0.9,0.7,0.7,66.3,72.6,81.2,73.8,7.0,6.4,16.0,0.9,0.7,0.29,2.6,3.54,2.45,8.0,1.73,16.0,0.9,0.6,0.6,-1.38,0.23,3.04,0.95,8.0,2.29,16.0,0.9,0.6,0.6,0.0,1.77,2.5,1.24,8.0,1.34,16.0,0.9,0.6,0.6,1004.12,1005.5,1007.37,1005.86,8.0,1.88,16.0,0.9,0.6,0.6,3.1,6.0,6.9,5.4,8.0,1.8,16.0,0.9,0.6,0.6,-3.9,0.6,10.7,4.3,8.0,9.7,16.0,0.9,0.6,0.6,0.0,5.8,8.1,4.2,8.0,4.3,16.0,0.9,0.6,0.6,-0.84,0.7,1.64,0.39,7.0,1.45,16.0,0.9,0.7,0.7,-1.9,1.8,7.5,2.2,7.0,4.6,16.0,0.9,0.7,0.7,5.19,7.7,9.21,7.2,7.0,2.1,16.0,0.9,0.7,0.7,12.3,13.7,37.3,21.1,7.0,16.0,16.0,0.9,0.7,0.7,-42.3,13.3,92.3,30.3,7.0,69.6,16.0,0.9,0.7,0.7,-1.1,52.0,72.6,40.9,7.0,37.9,16.0,0.9,0.7,0.7,-28.4,8.8,53.3,18.3,7.0,43.6,16.0,0.9,0.7,0.7,-0.8,30.7,48.9,26.1,7.0,25.1,16.0,0.9,0.7,0.7,-8.8,2.4,32.5,10.0,7.0,20.9,16.0,0.9,0.7,0.7,-0.2,13.5,18.5,10.6,7.0,9.5,16.0,0.9,0.7,0.7,2.0,17.5,45.0,32.5,8.0,43.0,16.0,0.9,0.6,0.6,0.0,20.0,45.0,35.0,8.0,45.0,16.0,0.9,0.6,0.6
1974,2,151.0,-10.0,28.74,29.45,30.0,29.38,4.0,0.73,16.0,0.5,0.4,0.8,27.34,27.65,27.9,27.63,4.0,0.35,16.0,0.5,0.4,0.8,18.08,18.83,19.9,18.98,4.0,1.26,16.0,0.5,0.4,0.8,77.4,79.9,86.4,81.8,4.0,6.4,16.0,0.5,0.8,1.0,2.6,3.36,2.2,4.0,1.59,16.0,0.5,0.4,0.8,-2.58,-1.19,0.71,-0.95,4.0,1.96,16.0,0.5,0.4,0.8,-0.84,1.0,2.16,0.67,4.0,1.83,16.0,0.5,0.4,0.8,1006.24,1006.55,1007.59,1006.9,4.0,1.03,16.0,0.5,0.4,0.8,6.0,6.0,6.5,6.3,4.0,0.5,16.0,0.5,0.4,0.8,-8.7,-3.7,1.5,-3.6,4.0,6.0,16.0,0.5,0.4,0.8,-1.8,3.1,7.3,2.8,4.0,5.4,16.0,0.5,0.4,0.8,1.09,1.7,2.42,1.75,4.0,0.85,16.0,0.5,0.4,0.8,0.8,3.0,5.8,3.3,4.0,3.2,16.0,0.5,0.4,0.8,5.87,6.83,7.84,6.85,4.0,1.18,16.0,0.5,0.4,0.8,5.6,17.5,26.4,16.1,4.0,13.0,16.0,0.5,0.4,0.8,-71.5,-32.7,19.7,-26.2,4.0,54.4,16.0,0.5,0.4,0.8,-23.4,27.4,60.0,18.7,4.0,51.0,16.0,0.5,0.4,0.8,-46.8,-20.9,13.5,-16.8,4.0,36.1,16.0,0.5,0.4,0.8,-16.1,17.6,39.2,11.9,4.0,34.0,16.0,0.5,0.4,0.8,-20.3,-8.9,4.0,-8.2,4.0,14.3,16.0,0.5,0.4,0.8,-4.7,7.5,17.0,6.2,4.0,13.0,16.0,0.5,0.4,0.8,4.5,19.5,38.5,21.5,4.0,21.0,16.0,0.5,0.4,0.8,5.0,20.0,40.0,20.0,4.0,20.0,16.0,0.5,0.4,0.8
1974,2,151.0,-9.0,28.62,29.0,30.0,29.22,5.0,0.76,20.0,0.4,0.4,0.4,26.48,27.2,28.19,27.5,7.0,1.3,18.0,0.3,0.4,0.3,18.83,19.73,20.71,19.81,5.0,1.32,20.0,0.4,0.4,0.4,76.2,88.8,93.5,85.2,5.0,10.7,20.0,0.4,0.4,0.95,2.6,3.27,2.73,7.0,2.1,18.0,0.3,0.4,0.3,-2.76,0.0,2.38,-0.6,7.0,2.54,18.0,0.3,0.4,0.3,-1.03,0.0,2.14,0.77,7.0,2.35,18.0,0.3,0.4,0.3,1003.24,1004.3,1007.82,1005.15,6.0,2.3,20.0,0.3,0.4,0.4,2.9,5.0,6.1,4.7,7.0,2.3,18.0,0.3,0.4,0.3,-9.3,0.0,6.4,-4.1,7.0,12.3,18.0,0.3,0.4,0.3,-2.4,0.0,7.5,5.3,7.0,13.4,18.0,0.3,0.4,0.3,0.12,1.5,3.06,1.52,5.0,1.74,20.0,0.4,0.4,0.4,2.1,4.7,9.5,5.4,5.0,4.6,20.0,0.4,0.4,0.4,4.87,5.77,6.85,5.83,5.0,1.05,20.0,0.4,0.4,0.4,10.1,15.6,27.5,18.8,5.0,12.2,20.0,0.4,0.4,0.4,-73.5,0.0,64.6,-16.3,7.0,69.5,18.0,0.3,0.4,0.3,-30.4,0.0,58.5,21.0,7.0,65.4,18.0,0.3,0.4,0.3,-64.3,0.0,49.5,-7.3,5.0,60.1,20.0,0.4,0.4,0.4,-22.9,-17.5,63.5,15.0,5.0,54.9,20.0,0.4,0.4,0.4,-20.6,0.0,11.5,-4.0,5.0,16.9,20.0,0.4,0.4,0.4,-8.3,-4.1,17.2,3.6,5.0,16.5,20.0,0.4,0.4,0.4,1.0,17.5,42.5,56.5,7.0,108.5,18.0,0.3,0.4,0.3,0.0,20.0,45.0,55.0,7.0,110.0,18.0,0.3,0.4,0.3
1974,2,151.0,-7.0,31.0,31.0,31.0,31.0,1.0,0.0,26.0,0.0,0.9,0.3,27.83,27.9,27.97,27.9,2.0,0.14,16.0,0.0,0.8,0.5,19.68,19.68,19.68,19.68,1.0,0.0,26.0,0.0,0.9,0.3,83.8,83.8,83.8,83.8,1.0,0.0,26.0,0.0,0.3,0.9,2.85,4.8,2.85,2.0,4.03,16.0,0.0,0.8,0.5,-2.4,-1.42,-0.45,-1.42,2.0,2.02,16.0,0.0,0.8,0.5,0.78,2.47,4.15,2.47,2.0,3.49,16.0,0.0,0.8,0.5,1006.02,1006.5,1008.07,1007.03,3.0,1.57,20.0,0.3,0.7,0.5,2.6,4.0,5.4,4.0,2.0,2.8,16.0,0.0,0.8,0.5,-13.7,-8.1,-2.6,-8.1,2.0,11.5,16.0,0.0,0.8,0.5,4.5,14.1,23.7,14.1,2.0,19.9,16.0,0.0,0.8,0.5,3.2,3.2,3.2,3.2,1.0,0.0,26.0,0.0,0.9,0.3,0.0,0.0,0.0,0.0,1.0,0.0,26.0,0.0,0.9,0.3,8.74,8.74,8.74,8.74,1.0,0.0,26.0,0.0,0.9,0.3,0.0,0.0,0.0,0.0,1.0,0.0,26.0,0.0,0.9,0.3,-67.1,-39.9,-12.7,-39.9,2.0,56.4,16.0,0.0,0.8,0.5,21.9,69.1,116.3,69.1,2.0,97.7,16.0,0.0,0.8,0.5,0.0,0.0,0.0,0.0,1.0,0.0,26.0,0.0,0.9,0.3,0.0,0.0,0.0,0.0,1.0,0.0,26.0,0.0,0.9,0.3,0.0,0.0,0.0,0.0,1.0,0.0,26.0,0.0,0.9,0.3,0.0,0.0,0.0,0.0,1.0,0.0,26.0,0.0,0.9,0.3,29.5,92.5,156.0,92.5,2.0,131.0,16.0,0.0,0.8,0.5,30.0,95.0,155.0,95.0,2.0,130.0,16.0,0.0,0.8,0.5
1974,2,151.0,-5.0,29.4,29.4,29.4,29.4,1.0,0.0,4.0,0.0,0.5,0.9,28.7,28.7,28.7,28.7,1.0,0.0,4.0,0.0,0.5,0.9,17.66,17.66,17.66,17.66,1.0,0.0,4.0,0.0,0.5,0.9,71.3,71.3,71.3,71.3,1.0,0.0,4.0,0.0,0.9,6.2,6.2,6.2,6.2,1.0,0.0,4.0,0.0,0.5,0.9,6.2,6.2,6.2,6.2,1.0,0.0,4.0,0.0,0.5,0.9,0.0,0.0,0.0,0.0,1.0,0.0,4.0,0.0,0.5,0.9,1004.5,1004.5,1004.5,1004.5,1.0,0.0,4.0,0.0,0.5,0.9,6.0,6.0,6.0,6.0,1.0,0.0,4.0,0.0,0.5,0.9,38.4,38.4,38.4,38.4,1.0,0.0,4.0,0.0,0.5,0.9,0.0,0.0,0.0,0.0,1.0,0.0,4.0,0.0,0.5,0.9,0.7,0.7,0.7,0.7,1.0,0.0,4.0,0.0,0.5,0.9,4.3,4.3,4.3,4.3,1.0,0.0,4.0,0.0,0.5,0.9,8.26,8.26,8.26,8.26,1.0,0.0,4.0,0.0,0.5,0.9,51.2,51.2,51.2,51.2,1.0,0.0,4.0,0.0,0.5,0.9,177.9,177.9,177.9,177.9,1.0,0.0,4.0,0.0,0.5,0.9,0.0,0.0,0.0,0.0,1.0,0.0,4.0,0.0,0.5,0.9,109.5,109.5,109.5,109.5,1.0,0.0,4.0,0.0,0.5,0.9,0.0,0.0,0.0,0.0,1.0,0.0,4.0,0.0,0.5,0.9,51.2,51.2,51.2,51.2,1.0,0.0,4.0,0.0,0.5,0.9,0.0,0.0,0.0,0.0,1.0,0.0,4.0,0.0,0.5,0.9,238.5,238.5,238.5,238.5,1.0,0.0,4.0,0.0,0.5,0.9,240.0,240.0,240.0,240.0,1.0,0.0,4.0,0.0,0.5,0.9
1974,2,151.0,-4.0,29.13,29.4,29.67,29.4,2.0,0.57,12.0,1.0,0.3,0.5,27.99,29.9,31.81,29.9,2.0,3.96,12.0,1.0,0.3,0.5,19.6,21.63,23.66,21.63,2.0,4.21,12.0,1.0,0.3,0.5,79.3,80.6,82.0,80.6,2.0,2.9,12.0,1.0,0.5,2.19,2.6,2.6,2.4,3.0,0.35,16.0,1.0,0.5,0.7,-1.88,-0.68,-0.22,-1.04,3.0,1.26,16.0,1.0,0.5,0.7,-1.49,0.89,1.57,0.06,3.0,2.35,16.0,1.0,0.5,0.7,1004.12,1004.8,1007.46,1005.77,3.0,2.59,16.0,1.0,0.5,0.7,6.0,6.0,7.4,6.7,3.0,1.2,16.0,1.0,0.5,0.7,-4.8,-1.4,-0.4,-2.6,3.0,3.3,16.0,1.0,0.5,0.7,-3.9,2.3,3.3,-0.2,3.0,5.7,16.0,1.0,0.5,0.7,-2.68,-0.5,1.68,-0.5,2.0,4.53,12.0,1.0,0.3,0.5,-7.0,-1.3,4.4,-1.3,2.0,11.8,12.0,1.0,0.3,0.5,1.87,4.31,6.74,4.31,2.0,5.05,12.0,1.0,0.3,0.5,4.9,11.2,17.5,11.2,2.0,13.1,12.0,1.0,0.3,0.5,-67.2,-39.9,-12.7,-39.9,2.0,56.5,12.0,1.0,0.3,0.5,-54.7,-20.7,13.3,-20.7,2.0,70.4,12.0,1.0,0.3,0.5,-50.6,-30.1,-9.5,-30.1,2.0,42.5,12.0,1.0,0.3,0.5,-37.3,-13.3,10.7,-13.3,2.0,49.8,12.0,1.0,0.3,0.5,-1.5,-0.9,-0.3,-0.9,2.0,1.3,12.0,1.0,0.3,0.5,-17.1,-9.9,-2.7,-9.9,2.0,14.9,12.0,1.0,0.3,0.5,11.0,17.5,17.5,14.5,3.0,5.5,16.0,1.0,0.5,0.7,10.0,20.0,20.0,15.0,3.0,5.0,16.0,1.0,0.5,0.7
1974,2,151.0,-3.0,31.0,31.0,31.0,31.0,1.0,0.0,18.0,0.0,0.5,0.3,28.3,28.3,28.3,28.3,1.0,0.0,18.0,0.0,0.5,0.3,18.75,18.75,18.75,18.75,1.0,0.0,18.0,0.0,0.5,0.3,77.5,77.5,77.5,77.5,1.0,0.0,18.0,0.0,0.3,2.1,2.3,2.5,2.3,2.0,0.42,22.0,0.5,0.5,0.4,-2.26,-1.62,-0.98,-1.62,2.0,1.33,22.0,0.5,0.5,0.4,-1.51,-0.71,0.08,-0.71,2.0,1.65,22.0,0.5,0.5,0.4,1005.5,1005.5,1005.5,1005.5,1.0,0.0,18.0,0.0,0.5,0.3,2.2,2.5,2.8,2.5,2.0,0.7,22.0,0.5,0.5,0.4,-5.8,-4.0,-2.2,-4.0,2.0,3.7,22.0,0.5,0.5,0.4,-3.0,-1.3,0.4,-1.3,2.0,3.5,22.0,0.5,0.5,0.4,2.7,2.7,2.7,2.7,1.0,0.0,18.0,0.0,0.5,0.3,7.0,7.0,7.0,7.0,1.0,0.0,18.0,0.0,0.5,0.3,9.68,9.68,9.68,9.68,1.0,0.0,18.0,0.0,0.5,0.3,25.2,25.2,25.2,25.2,1.0,0.0,18.0,0.0,0.5,0.3,-72.5,-72.5,-72.5,-72.5,1.0,0.0,18.0,0.0,0.5,0.3,12.8,12.8,12.8,12.8,1.0,0.0,18.0,0.0,0.5,0.3,-48.0,-48.0,-48.0,-48.0,1.0,0.0,18.0,0.0,0.5,0.3,8.5,8.5,8.5,8.5,1.0,0.0,18.0,0.0,0.5,0.3,-24.8,-24.8,-24.8,-24.8,1.0,0.0,18.0,0.0,0.5,0.3,4.4,4.4,4.4,4.4,1.0,0.0,18.0,0.0,0.5,0.3,9.5,13.0,16.0,13.0,2.0,7.0,22.0,0.5,0.5,0.4,10.0,15.0,15.0,15.0,2.0,5.0,22.0,0.5,0.5,0.4
1974,2,151.0,-2.0,28.56,29.0,29.94,29.13,8.0,0.69,16.0,0.8,0.6,0.7,26.5,28.0,29.82,28.02,11.0,1.74,14.0,0.6,0.5,0.6,17.56,19.28,21.48,19.5,11.0,2.12,14.0,0.6,0.5,0.6,75.2,81.1,88.8,81.9,11.0,7.5,14.0,0.6,0.6,3.1,4.1,6.17,4.72,11.0,2.08,14.0,0.6,0.5,0.6,-5.36,-3.14,-2.36,-3.66,11.0,2.81,14.0,0.6,0.5,0.6,-2.84,-0.71,0.3,-1.14,11.0,2.18,14.0,0.6,0.5,0.6,1003.67,1007.0,1008.17,1006.33,11.0,2.38,14.0,0.6,0.5,0.6,4.0,5.5,7.6,5.6,10.0,2.0,14.0,0.7,0.5,0.6,-33.8,-12.9,-7.4,-21.0,11.0,26.7,14.0,0.6,0.5,0.6,-15.9,-2.9,0.6,-6.1,11.0,10.9,14.0,0.6,0.5,0.6,0.06,0.75,2.89,1.19,8.0,1.75,16.0,0.8,0.6,0.7,0.2,3.3,19.0,6.6,8.0,12.4,16.0,0.8,0.6,0.7,4.75,5.95,6.96,5.5,8.0,1.9,16.0,0.8,0.6,0.7,12.4,25.7,34.8,25.5,8.0,11.7,16.0,0.8,0.6,0.7,-157.5,-91.4,-67.0,-103.9,11.0,77.4,14.0,0.6,0.5,0.6,-82.8,-19.9,8.9,-30.1,11.0,59.9,14.0,0.6,0.5,0.6,-118.1,-61.2,-44.7,-74.2,11.0,62.2,14.0,0.6,0.5,0.6,-57.9,-12.7,6.5,-21.5,11.0,41.7,14.0,0.6,0.5,0.6,-22.1,-19.3,-9.5,-16.9,8.0,16.1,16.0,0.8,0.6,0.7,-20.2,-8.1,0.0,-10.6,8.0,12.8,16.0,0.8,0.6,0.7,30.0,69.0,266.5,169.5,11.0,243.5,14.0,0.6,0.5,0.6,30.0,70.0,265.0,170.0,11.0,245.0,14.0,0.6,0.5,0.6
1974,2,151.0,-1.0,28.53,29.25,31.0,29.56,14.0,1.23,14.0,0.4,0.4,0.6,27.86,28.3,29.64,28.41,17.0,1.14,14.0,0.4,0.4,0.6,18.21,19.34,20.76,19.43,17.0,1.24,14.0,0.4,0.4,0.6,70.7,79.0,90.3,80.2,17.0,8.4,14.0,0.4,0.6,2.6,3.6,6.4,4.21,16.0,1.8,14.0,0.4,0.4,0.6,-5.77,-3.6,-1.78,-3.5,16.0,2.3,14.0,0.4,0.4,0.6,-2.89,-0.89,0.33,-0.91,16.0,1.7,14.0,0.4,0.4,0.6,1005.55,1007.0,1009.59,1007.38,17.0,1.99,14.0,0.4,0.4,0.6,3.0,5.5,8.0,5.4,16.0,2.4,14.0,0.4,0.4,0.6,-37.6,-13.0,-4.7,-18.0,16.0,17.2,14.0,0.4,0.4,0.6,-11.2,-3.1,1.0,-4.2,16.0,11.0,14.0,0.4,0.4,0.6,-0.49,1.0,2.95,1.19,14.0,1.76,14.0,0.4,0.4,0.6,-2.2,2.9,11.3,3.9,13.0,6.9,14.0,0.5,0.4,0.6,4.37,7.46,8.94,6.75,14.0,2.48,14.0,0.4,0.4,0.6,13.4,27.5,42.8,27.9,13.0,13.6,14.0,0.5,0.4,0.6,-167.0,-100.3,-51.2,-99.2,16.0,65.6,14.0,0.4,0.4,0.6,-82.4,-25.7,9.5,-26.8,16.0,48.4,14.0,0.4,0.4,0.6,-108.8,-65.6,-34.9,-67.8,16.0,45.2,14.0,0.4,0.4,0.6,-54.9,-16.3,6.7,-17.4,16.0,33.1,14.0,0.4,0.4,0.6,-42.2,-18.3,-12.8,-24.4,13.0,13.3,14.0,0.5,0.4,0.6,-19.1,-6.2,0.2,-8.6,13.0,11.5,14.0,0.5,0.4,0.6,17.5,46.5,281.5,117.5,16.0,146.5,14.0,0.4,0.4,0.6,20.0,45.0,280.0,115.0,16.0,145.0,14.0,0.4,0.4,0.6
1974,2,151.0,0.0,28.45,30.5,30.5,29.5,3.0,1.73,12.0,1.0,0.3,0.3,28.06,29.25,30.55,29.3,4.0,1.77,16.0,1.0,0.4,0.3,18.91,19.62,19.82,19.38,4.0,0.72,16.0,1.0,0.4,0.3,72.0,77.2,79.2,75.7,4.0,5.6,16.0,1.0,0.3,4.34,5.4,6.46,5.4,4.0,1.25,16.0,1.0,0.4,0.3,-6.25,-5.4,-4.21,-5.24,4.0,1.21,16.0,1.0,0.4,0.3,-0.73,0.0,1.2,0.22,4.0,1.53,16.0,1.0,0.4,0.3,1004.29,1005.0,1006.08,1005.18,4.0,1.12,16.0,1.0,0.4,0.3,2.0,5.0,7.5,4.8,4.0,3.3,16.0,1.0,0.4,0.3,-40.4,-29.8,-18.3,-29.4,4.0,12.9,16.0,1.0,0.4,0.3,-3.0,0.0,8.0,2.4,4.0,9.1,16.0,1.0,0.4,0.3,-1.68,-1.0,1.94,0.1,3.0,2.82,12.0,1.0,0.3,0.3,-10.4,-4.1,9.1,-0.8,3.0,14.6,12.0,1.0,0.3,0.3,4.72,7.94,8.89,6.83,3.0,3.2,12.0,1.0,0.3,0.3,25.1,32.5,39.6,32.3,3.0,10.7,12.0,1.0,0.3,0.3,-182.9,-152.5,-123.2,-153.0,4.0,34.5,16.0,1.0,0.4,0.3,-23.1,0.0,35.4,5.9,4.0,46.1,16.0,1.0,0.4,0.3,-123.4,-102.7,-79.9,-101.7,4.0,25.2,16.0,1.0,0.4,0.3,-14.5,0.0,23.9,4.5,4.0,30.4,16.0,1.0,0.4,0.3,-39.0,-30.6,-23.5,-31.3,3.0,11.3,12.0,1.0,0.3,0.3,-7.6,0.0,5.0,-1.3,3.0,9.3,12.0,1.0,0.3,0.3,82.5,168.0,271.0,176.5,4.0,111.0,16.0,1.0,0.4,0.3,80.0,170.0,270.0,175.0,4.0,110.0,16.0,1.0,0.4,0.3
1974,2,151.0,1.0,28.66,29.0,30.02,29.33,3.0,1.04,16.0,0.3,0.7,0.5,26.74,27.5,29.05,27.88,4.0,1.55,14.0,0.3,0.7,0.5,18.17,19.4,19.79,18.99,3.0,1.24,16.0,0.3,0.7,0.5,75.5,81.1,82.9,79.2,3.0,5.7,16.0,0.3,0.5,2.48,4.55,5.05,3.8,4.0,1.92,14.0,0.3,0.7,0.5,-4.38,-3.94,-1.78,-3.12,4.0,2.0,14.0,0.3,0.7,0.5,-2.29,-0.53,1.8,-0.25,4.0,2.43,14.0,0.3,0.7,0.5,1004.06,1006.45,1007.95,1006.03,4.0,2.34,14.0,0.3,0.7,0.5,0.5,3.0,6.6,3.5,4.0,3.7,14.0,0.3,0.7,0.5,-22.1,-18.1,-7.0,-14.7,4.0,10.3,14.0,0.3,0.7,0.5,-10.6,-3.7,7.3,-1.7,4.0,11.3,14.0,0.3,0.7,0.5,0.66,1.0,1.68,1.17,3.0,0.76,16.0,0.3,0.7,0.5,2.0,2.1,4.1,3.0,3.0,1.7,16.0,0.3,0.7,0.5,5.86,6.9,7.75,6.81,3.0,1.39,16.0,0.3,0.7,0.5,13.2,26.9,31.3,22.4,3.0,13.8,16.0,0.3,0.7,0.5,-120.3,-112.9,-53.1,-87.9,4.0,55.9,14.0,0.3,0.7,0.5,-66.0,-17.7,48.5,-9.1,4.0,67.7,14.0,0.3,0.7,0.5,-80.9,-68.9,-23.9,-52.8,3.0,44.0,16.0,0.3,0.7,0.5,-46.7,-39.8,-0.8,-24.1,3.0,36.3,16.0,0.3,0.7,0.5,-27.1,-23.3,-8.2,-17.8,3.0,14.7,16.0,0.3,0.7,0.5,-15.7,-13.5,0.4,-7.8,3.0,12.7,16.0,0.3,0.7,0.5,33.5,97.0,129.0,82.0,4.0,61.0,14.0,0.3,0.7,0.5,35.0,95.0,130.0,80.0,4.0,60.0,14.0,0.3,0.7,0.5
1974,2,151.0,2.0,27.93,30.5,32.0,30.06,5.0,2.07,20.0,0.8,0.7,0.4,28.03,29.2,29.99,29.03,8.0,1.66,20.0,0.6,0.7,0.4,19.57,20.04,22.01,20.27,7.0,1.48,22.0,0.7,0.7,0.4,74.4,79.5,84.9,79.8,7.0,7.1,22.0,0.7,0.4,0.29,4.1,6.08,3.66,8.0,2.66,20.0,0.6,0.7,0.4,-4.79,-2.89,-0.1,-2.93,8.0,2.58,20.0,0.6,0.7,0.4,-2.37,0.0,2.79,0.04,8.0,2.44,20.0,0.6,0.7,0.4,1005.82,1007.0,1008.16,1006.85,8.0,1.85,20.0,0.6,0.7,0.4,0.0,3.0,5.9,3.0,8.0,2.9,20.0,0.6,0.7,0.4,-28.9,-11.8,-0.3,-16.5,8.0,18.0,20.0,0.6,0.7,0.4,-8.6,0.0,11.4,1.4,8.0,11.9,20.0,0.6,0.7,0.4,-0.69,2.0,2.37,0.86,5.0,2.69,20.0,0.8,0.7,0.4,-3.6,5.6,10.5,3.7,5.0,9.2,20.0,0.8,0.7,0.4,4.93,7.92,10.12,7.46,5.0,2.97,20.0,0.8,0.7,0.4,5.2,24.4,52.4,29.3,5.0,29.1,20.0,0.8,0.7,0.4,-141.9,-77.7,-3.1,-85.3,8.0,76.9,20.0,0.6,0.7,0.4,-66.6,0.0,78.2,1.3,8.0,70.9,20.0,0.6,0.7,0.4,-106.8,-55.8,0.0,-59.5,7.0,56.4,22.0,0.7,0.7,0.4,-47.0,0.0,4.2,-6.1,7.0,47.2,22.0,0.7,0.7,0.4,-50.9,-18.7,-1.8,-26.6,5.0,30.2,20.0,0.8,0.7,0.4,-14.5,-7.7,0.0,-7.4,5.0,7.4,20.0,0.8,0.7,0.4,2.0,69.0,226.5,112.5,8.0,132.0,20.0,0.6,0.7,0.4,0.0,70.0,225.0,110.0,8.0,130.0,20.0,0.6,0.7,0.4
1974,2,151.0,3.0,28.6,30.0,30.88,29.86,12.0,1.31,18.0,0.3,0.7,0.4,27.0,28.0,29.47,28.14,14.0,1.41,16.0,0.4,0.7,0.4,16.77,18.7,20.47,18.6,11.0,1.94,16.0,0.3,0.6,0.4,70.8,76.2,86.2,77.1,12.0,8.2,18.0,0.3,0.4,2.6,5.1,6.2,4.66,14.0,1.94,16.0,0.4,0.7,0.4,-5.8,-4.46,-2.56,-4.21,14.0,1.8,16.0,0.4,0.7,0.4,-2.12,0.0,2.04,-0.15,14.0,2.2,16.0,0.4,0.7,0.4,1004.45,1006.0,1007.87,1006.15,13.0,1.57,16.0,0.3,0.7,0.3,2.1,6.0,7.0,5.1,14.0,2.4,16.0,0.4,0.7,0.4,-36.0,-22.8,-6.7,-22.8,14.0,16.8,16.0,0.4,0.7,0.4,-11.1,0.0,12.6,0.7,14.0,13.3,16.0,0.4,0.7,0.4,0.0,1.25,3.63,1.63,12.0,1.59,18.0,0.3,0.7,0.4,0.0,9.0,16.8,8.8,12.0,8.0,18.0,0.3,0.7,0.4,6.42,7.78,8.53,7.71,10.0,1.71,18.0,0.3,0.7,0.4,24.2,43.3,53.6,39.8,10.0,15.0,18.0,0.3,0.7,0.4,-162.6,-119.5,-70.5,-117.7,14.0,50.5,16.0,0.4,0.7,0.4,-59.2,0.0,57.2,-4.3,14.0,59.8,16.0,0.4,0.7,0.4,-106.1,-90.0,-57.5,-88.6,11.0,35.1,16.0,0.3,0.6,0.4,-40.2,6.8,44.4,0.7,11.0,43.4,16.0,0.3,0.6,0.4,-47.5,-40.4,-22.4,-36.1,10.0,14.1,18.0,0.3,0.7,0.4,-16.3,1.1,16.1,0.4,10.0,18.3,18.0,0.3,0.7,0.4,17.5,132.5,238.5,150.0,14.0,149.5,16.0,0.4,0.7,0.4,20.0,135.0,240.0,150.0,14.0,150.0,16.0,0.4,0.7,0.4
1974,2,151.0,4.0,28.53,29.75,30.0,29.41,8.0,0.88,18.0,0.3,0.4,0.6,27.25,28.0,28.78,27.94,12.0,0.99,18.0,0.3,0.4,0.5,18.62,18.8,21.9,19.69,9.0,1.84,20.0,0.3,0.4,0.5,76.5,81.7,89.5,82.8,9.0,7.3,20.0,0.3,0.5,2.47,5.4,7.95,5.4,12.0,2.99,18.0,0.3,0.4,0.5,-7.95,-4.98,-2.03,-4.88,12.0,2.97,18.0,0.3,0.4,0.5,-2.56,-0.54,0.23,-0.65,12.0,2.35,18.0,0.3,0.4,0.5,1004.77,1007.75,1009.05,1007.12,12.0,2.02,18.0,0.3,0.4,0.5,0.6,3.0,6.4,3.6,11.0,2.8,18.0,0.4,0.5,0.5,-63.5,-26.9,-5.2,-34.3,12.0,32.2,18.0,0.3,0.4,0.5,-16.6,-1.7,1.1,-0.9,12.0,20.7,18.0,0.3,0.4,0.5,0.53,1.7,3.0,1.71,8.0,1.62,18.0,0.3,0.4,0.6,1.3,12.7,25.1,13.6,8.0,15.9,18.0,0.3,0.4,0.6,4.62,6.34,8.39,6.39,7.0,1.68,18.0,0.3,0.4,0.5,22.2,41.6,51.6,39.9,7.0,21.4,18.0,0.3,0.4,0.5,-221.6,-138.2,-56.7,-135.8,12.0,80.9,18.0,0.3,0.4,0.5,-73.4,-15.2,6.5,-19.0,12.0,63.6,18.0,0.3,0.4,0.5,-152.0,-86.8,-29.6,-90.8,9.0,58.5,20.0,0.3,0.4,0.5,-49.0,-11.6,0.0,-26.3,9.0,29.0,20.0,0.3,0.4,0.5,-51.6,-39.1,-21.5,-36.9,7.0,23.3,18.0,0.3,0.4,0.5,-16.1,-9.6,0.0,-9.6,7.0,8.9,18.0,0.3,0.4,0.5,15.5,159.0,508.0,295.5,12.0,371.5,18.0,0.3,0.4,0.5,15.0,160.0,510.0,295.0,12.0,370.0,18.0,0.3,0.4,0.5
1974,2,151.0,5.0,29.9,30.0,31.05,30.21,7.0,1.22,18.0,0.6,0.6,0.3,27.48,28.7,30.29,28.91,7.0,1.72,18.0,0.6,0.6,0.3,18.01,19.89,20.84,19.63,6.0,1.8,20.0,0.5,0.5,0.2,71.3,80.6,82.7,78.2,6.0,6.5,20.0,0.5,0.2,2.55,7.2,9.81,6.5,7.0,3.3,18.0,0.6,0.6,0.3,-8.55,-6.77,-2.38,-6.08,7.0,3.17,18.0,0.6,0.6,0.3,-2.3,-1.34,-0.61,-0.68,7.0,2.54,18.0,0.6,0.6,0.3,1004.83,1008.0,1008.33,1006.71,7.0,2.63,18.0,0.6,0.6,0.3,3.9,5.0,7.0,5.3,7.0,2.0,18.0,0.6,0.6,0.3,-83.9,-48.7,-6.1,-48.4,7.0,36.1,18.0,0.6,0.6,0.3,-17.4,-10.3,0.9,-2.4,7.0,23.2,18.0,0.6,0.6,0.3,-0.01,1.3,2.55,1.3,7.0,1.44,18.0,0.6,0.6,0.3,0.0,13.0,24.6,11.2,7.0,11.7,18.0,0.6,0.6,0.3,6.28,7.77,9.35,7.62,6.0,1.86,20.0,0.5,0.5,0.2,13.9,52.8,70.2,45.5,6.0,26.8,20.0,0.5,0.5,0.2,-235.7,-196.2,-72.0,-172.0,7.0,87.2,18.0,0.6,0.6,0.3,-64.5,-36.1,-19.1,-20.6,7.0,70.5,18.0,0.6,0.6,0.3,-144.3,-121.8,-47.9,-104.4,6.0,55.0,20.0,0.5,0.5,0.2,-41.2,-22.1,4.2,-9.4,6.0,53.1,20.0,0.5,0.5,0.2,-62.5,-49.6,-11.2,-42.1,6.0,25.6,20.0,0.5,0.5,0.2,-16.5,-10.8,3.9,-4.5,6.0,20.1,20.0,0.5,0.5,0.2,17.0,373.0,944.0,442.0,7.0,399.5,18.0,0.6,0.6,0.3,15.0,375.0,945.0,440.0,7.0,400.0,18.0,0.6,0.6,0.3
1974,2,151.0,6.0,28.0,29.0,30.13,29.13,12.0,1.09,18.0,0.7,0.3,0.4,26.06,27.25,28.49,27.41,14.0,1.24,18.0,0.6,0.3,0.3,17.74,18.81,21.03,19.31,12.0,1.77,18.0,0.7,0.3,0.3,77.9,84.4,89.9,83.6,12.0,9.2,18.0,0.7,0.3,3.66,7.2,8.17,6.06,14.0,2.26,18.0,0.6,0.3,0.3,-7.65,-5.59,-1.5,-5.05,14.0,2.53,18.0,0.6,0.3,0.3,-3.96,-2.63,-0.06,-2.26,14.0,2.3,18.0,0.6,0.3,0.3,1005.53,1006.8,1007.19,1006.55,14.0,1.35,18.0,0.6,0.3,0.3,5.0,7.0,8.0,5.9,14.0,2.4,18.0,0.6,0.3,0.3,-62.3,-41.5,-4.0,-35.5,14.0,23.0,18.0,0.6,0.3,0.3,-25.9,-17.7,-0.1,-14.0,14.0,17.0,18.0,0.6,0.3,0.3,-0.25,1.9,4.0,1.73,12.0,2.02,18.0,0.7,0.3,0.4,-1.8,8.3,19.0,9.1,12.0,13.9,18.0,0.7,0.3,0.4,4.63,6.13,8.13,6.17,11.0,1.74,18.0,0.6,0.3,0.4,21.7,36.1,48.5,35.7,11.0,15.1,18.0,0.6,0.3,0.4,-196.0,-154.1,-39.1,-138.2,14.0,69.5,18.0,0.6,0.3,0.3,-108.9,-70.8,-1.7,-62.5,14.0,64.0,18.0,0.6,0.3,0.3,-145.1,-111.0,-57.3,-100.4,12.0,45.2,18.0,0.7,0.3,0.3,-83.5,-48.3,3.8,-40.5,12.0,45.9,18.0,0.7,0.3,0.3,-40.9,-33.3,-15.7,-30.8,11.0,13.8,18.0,0.6,0.3,0.4,-22.7,-14.4,2.0,-12.2,11.0,15.3,18.0,0.6,0.3,0.4,50.0,373.0,545.5,299.0,14.0,202.0,18.0,0.6,0.3,0.3,50.0,375.0,545.0,300.0,14.0,200.0,18.0,0.6,0.3,0.3
1974,2,151.0,7.0,28.38,29.0,30.0,29.16,9.0,1.04,14.0,0.9,0.3,0.5,26.06,28.5,29.21,28.01,11.0,1.87,14.0,0.9,0.3,0.4,17.4,19.22,20.65,18.78,8.0,2.12,16.0,0.9,0.3,0.4,77.2,79.0,91.0,80.2,8.0,10.2,16.0,0.9,0.4,6.43,8.75,11.37,8.78,10.0,2.75,14.0,0.9,0.3,0.4,-10.43,-8.14,-4.76,-7.63,10.0,2.85,14.0,0.9,0.3,0.4,-4.74,-1.87,1.07,-2.1,10.0,3.94,14.0,0.9,0.3,0.4,1006.79,1007.9,1010.41,1008.22,11.0,2.01,14.0,0.9,0.3,0.4,5.0,6.0,7.4,6.0,11.0,1.4,14.0,0.9,0.3,0.4,-112.6,-68.4,-33.5,-72.6,10.0,39.4,14.0,0.9,0.3,0.4,-45.7,-10.0,11.6,-18.8,10.0,44.3,14.0,0.9,0.3,0.4,0.0,1.8,3.46,1.59,9.0,1.96,14.0,0.9,0.3,0.5,0.0,11.2,19.1,9.4,8.0,11.7,14.0,0.9,0.3,0.4,5.31,7.37,8.47,6.9,7.0,1.7,16.0,0.9,0.3,0.4,43.1,63.2,69.9,60.4,7.0,15.2,16.0,0.9,0.3,0.4,-288.6,-227.8,-129.1,-215.9,10.0,81.9,14.0,0.9,0.3,0.4,-136.9,-56.5,30.3,-60.9,10.0,112.4,14.0,0.9,0.3,0.4,-193.5,-165.2,-94.4,-147.5,8.0,48.0,16.0,0.9,0.3,0.4,-74.9,-14.1,31.0,-33.7,8.0,82.6,16.0,0.9,0.3,0.4,-68.7,-53.0,-33.2,-51.1,7.0,17.5,16.0,0.9,0.3,0.4,-45.0,-12.1,11.3,-14.5,7.0,29.7,16.0,0.9,0.3,0.4,312.0,678.0,1479.0,844.5,10.0,579.5,14.0,0.9,0.3,0.4,310.0,680.0,1480.0,845.0,10.0,580.0,14.0,0.9,0.3,0.4
1974,2,151.0,8.0,28.23,28.3,28.37,28.3,2.0,0.14,6.0,1.0,0.3,0.3,27.52,28.2,29.43,28.47,3.0,1.42,8.0,1.0,0.2,0.5,16.85,17.19,17.54,17.19,2.0,0.72,6.0,1.0,0.3,0.3,70.9,73.9,76.9,73.9,2.0,6.2,6.0,1.0,0.3,5.89,10.8,11.48,8.73,3.0,4.47,8.0,1.0,0.2,0.5,-11.31,-10.64,-5.69,-8.55,3.0,4.5,8.0,1.0,0.2,0.5,-0.25,1.88,1.99,0.9,3.0,1.85,8.0,1.0,0.2,0.5,1006.32,1007.0,1007.82,1007.07,3.0,1.1,8.0,1.0,0.2,0.5,3.0,5.0,6.4,4.7,3.0,2.5,8.0,1.0,0.2,0.5,-130.1,-114.9,-44.8,-88.1,3.0,66.6,8.0,1.0,0.2,0.5,3.4,20.3,22.9,13.3,3.0,15.5,8.0,1.0,0.2,0.5,0.33,0.6,0.87,0.6,2.0,0.57,6.0,1.0,0.3,0.3,3.7,7.0,10.3,7.0,2.0,6.8,6.0,1.0,0.3,0.3,6.57,7.04,7.5,7.04,2.0,0.96,6.0,1.0,0.3,0.3,76.3,79.2,82.0,79.2,2.0,5.9,6.0,1.0,0.3,0.3,-311.0,-299.9,-164.5,-239.2,3.0,119.5,8.0,1.0,0.2,0.5,-8.4,52.9,54.8,23.9,3.0,52.7,8.0,1.0,0.2,0.5,-201.2,-191.6,-181.9,-191.6,2.0,20.0,6.0,1.0,0.3,0.3,32.1,33.8,35.5,33.8,2.0,3.5,6.0,1.0,0.3,0.3,-80.8,-78.0,-75.2,-78.0,2.0,5.8,6.0,1.0,0.3,0.3,13.3,13.7,14.2,13.7,2.0,1.0,6.0,1.0,0.3,0.3,431.5,1259.5,1521.5,983.0,3.0,833.5,8.0,1.0,0.2,0.5,430.0,1260.0,1520.0,985.0,3.0,835.0,8.0,1.0,0.2,0.5
1974,2,151.0,10.0,28.5,28.5,28.5,28.5,1.0,0.0,28.0,1.0,0.0,0.5,28.0,28.0,28.0,28.0,1.0,0.0,28.0,1.0,0.0,0.5,14.61,14.61,14.61,14.61,1.0,0.0,28.0,1.0,0.0,0.5,61.8,61.8,61.8,61.8,1.0,0.0,28.0,1.0,0.5,7.7,7.7,7.7,7.7,1.0,0.0,28.0,1.0,0.0,0.5,-3.85,-3.85,-3.85,-3.85,1.0,0.0,28.0,1.0,0.0,0.5,-6.67,-6.67,-6.67,-6.67,1.0,0.0,28.0,1.0,0.0,0.5,1008.3,1008.3,1008.3,1008.3,1.0,0.0,28.0,1.0,0.0,0.5,1.0,1.0,1.0,1.0,1.0,0.0,28.0,1.0,0.0,0.5,-29.6,-29.6,-29.6,-29.6,1.0,0.0,28.0,1.0,0.0,0.5,-51.3,-51.3,-51.3,-51.3,1.0,0.0,28.0,1.0,0.0,0.5,0.5,0.5,0.5,0.5,1.0,0.0,28.0,1.0,0.0,0.5,3.9,3.9,3.9,3.9,1.0,0.0,28.0,1.0,0.0,0.5,9.88,9.88,9.88,9.88,1.0,0.0,28.0,1.0,0.0,0.5,76.1,76.1,76.1,76.1,1.0,0.0,28.0,1.0,0.0,0.5,-107.8,-107.8,-107.8,-107.8,1.0,0.0,28.0,1.0,0.0,0.5,-186.7,-186.7,-186.7,-186.7,1.0,0.0,28.0,1.0,0.0,0.5,-56.3,-56.3,-56.3,-56.3,1.0,0.0,28.0,1.0,0.0,0.5,-97.4,-97.4,-97.4,-97.4,1.0,0.0,28.0,1.0,0.0,0.5,-38.0,-38.0,-38.0,-38.0,1.0,0.0,28.0,1.0,0.0,0.5,-65.9,-65.9,-65.9,-65.9,1.0,0.0,28.0,1.0,0.0,0.5,456.5,456.5,456.5,456.5,1.0,0.0,28.0,1.0,0.0,0.5,455.0,455.0,455.0,455.0,1.0,0.0,28.0,1.0,0.0,0.5
1974,2,151.0,13.0,27.8,27.8,27.8,27.8,2.0,0.0,20.0,0.0,0.6,0.1,26.36,26.7,27.04,26.7,2.0,0.71,20.0,0.0,0.6,0.1,15.32,15.71,16.1,15.71,2.0,0.81,20.0,0.0,0.6,0.1,71.5,71.8,72.2,71.8,2.0,0.7,20.0,0.0,0.1,7.27,8.5,9.73,8.5,2.0,2.55,20.0,0.0,0.6,0.1,-8.32,-7.03,-5.73,-7.03,2.0,2.68,20.0,0.0,0.6,0.1,-5.02,-4.73,-4.44,-4.73,2.0,0.6,20.0,0.0,0.6,0.1,1010.72,1011.2,1011.68,1011.2,2.0,0.99,20.0,0.0,0.6,0.1,1.3,2.0,2.7,2.0,2.0,1.4,20.0,0.0,0.6,0.1,-82.8,-63.1,-43.5,-63.1,2.0,40.7,20.0,0.0,0.6,0.1,-49.2,-40.9,-32.7,-40.9,2.0,17.1,20.0,0.0,0.6,0.1,0.76,1.1,1.44,1.1,2.0,0.71,20.0,0.0,0.6,0.1,6.0,10.3,14.5,10.3,2.0,8.8,20.0,0.0,0.6,0.1,7.31,7.72,8.12,7.72,2.0,0.83,20.0,0.0,0.6,0.1,53.8,66.7,79.6,66.7,2.0,26.7,20.0,0.0,0.6,0.1,-218.8,-186.7,-154.5,-186.7,2.0,66.5,20.0,0.0,0.6,0.1,-132.1,-126.0,-120.0,-126.0,2.0,12.6,20.0,0.0,0.6,0.1,-126.8,-109.3,-91.7,-109.3,2.0,36.4,20.0,0.0,0.6,0.1,-76.7,-74.0,-71.4,-74.0,2.0,5.5,20.0,0.0,0.6,0.1,-68.1,-55.3,-42.5,-55.3,2.0,26.5,20.0,0.0,0.6,0.1,-40.9,-36.7,-32.6,-36.7,2.0,8.5,20.0,0.0,0.6,0.1,426.5,696.5,967.0,696.5,2.0,560.0,20.0,0.0,0.6,0.1,425.0,695.0,965.0,695.0,2.0,560.0,20.0,0.0,0.6,0.1
1974,2,151.0,14.0,27.87,28.25,28.63,28.25,2.0,0.78,10.0,0.0,0.3,0.5,26.12,26.15,26.18,26.15,2.0,0.07,10.0,0.0,0.3,0.5,16.71,16.99,17.26,16.99,2.0,0.57,10.0,0.0,0.3,0.5,78.4,79.9,81.4,79.9,2.0,3.1,10.0,0.0,0.5,4.1,4.1,4.1,4.1,2.0,0.0,10.0,0.0,0.3,0.5,-3.35,-2.28,-1.21,-2.28,2.0,2.22,10.0,0.0,0.3,0.5,1.82,2.72,3.62,2.72,2.0,1.86,10.0,0.0,0.3,0.5,1006.32,1006.8,1007.28,1006.8,2.0,0.99,10.0,0.0,0.3,0.5,2.2,2.5,2.8,2.5,2.0,0.7,10.0,0.0,0.3,0.5,-13.8,-9.4,-5.0,-9.4,2.0,9.1,10.0,0.0,0.3,0.5,7.5,11.2,14.8,11.2,2.0,7.6,10.0,0.0,0.3,0.5,1.76,2.1,2.44,2.1,2.0,0.71,10.0,0.0,0.3,0.5,7.2,8.6,10.0,8.6,2.0,2.9,10.0,0.0,0.3,0.5,6.37,7.19,8.02,7.19,2.0,1.71,10.0,0.0,0.3,0.5,26.1,29.5,32.9,29.5,2.0,7.0,10.0,0.0,0.3,0.5,-87.6,-59.6,-31.7,-59.6,2.0,57.9,10.0,0.0,0.3,0.5,47.6,71.2,94.8,71.2,2.0,48.9,10.0,0.0,0.3,0.5,-58.2,-39.4,-20.6,-39.4,2.0,39.0,10.0,0.0,0.3,0.5,31.1,45.7,60.2,45.7,2.0,30.1,10.0,0.0,0.3,0.5,-20.3,-14.5,-8.7,-14.5,2.0,12.1,10.0,0.0,0.3,0.5,12.4,21.2,29.9,21.2,2.0,18.1,10.0,0.0,0.3,0.5,69.0,69.0,69.0,69.0,2.0,0.0,10.0,0.0,0.3,0.5,70.0,70.0,70.0,70.0,2.0,0.0,10.0,0.0,0.3,0.5
1974,2,151.0,15.0,27.02,27.5,28.18,27.58,5.0,0.7,10.0,0.6,0.4,0.5,25.87,26.75,27.41,26.67,6.0,1.08,12.0,0.5,0.4,0.5,14.71,16.66,17.98,16.35,5.0,1.88,10.0,0.6,0.4,0.5,69.4,77.5,81.3,75.4,5.0,9.0,10.0,0.6,0.5,8.2,8.45,11.04,9.58,6.0,2.27,12.0,0.5,0.4,0.5,-9.56,-7.8,-4.48,-7.21,6.0,3.59,12.0,0.5,0.4,0.5,-7.18,-5.72,-3.75,-5.37,6.0,2.34,12.0,0.5,0.4,0.5,1009.08,1011.9,1014.17,1011.83,6.0,2.59,12.0,0.5,0.4,0.5,2.6,4.0,5.0,3.7,6.0,1.6,12.0,0.5,0.4,0.5,-107.5,-65.9,-36.7,-74.3,6.0,52.9,12.0,0.5,0.4,0.5,-72.5,-52.3,-32.4,-52.8,6.0,28.3,12.0,0.5,0.4,0.5,0.01,1.0,1.79,0.98,5.0,1.3,10.0,0.6,0.4,0.5,-0.6,8.2,15.1,7.7,5.0,11.5,10.0,0.6,0.4,0.5,5.41,6.66,8.31,6.76,5.0,1.62,10.0,0.6,0.4,0.5,46.2,68.6,85.6,68.2,5.0,29.3,10.0,0.6,0.4,0.5,-267.2,-207.3,-118.2,-194.8,6.0,99.7,12.0,0.5,0.4,0.5,-191.7,-155.8,-98.0,-142.4,6.0,59.9,12.0,0.5,0.4,0.5,-160.9,-125.5,-69.3,-113.5,5.0,58.1,10.0,0.6,0.4,0.5,-118.2,-95.3,-84.5,-99.6,5.0,20.2,10.0,0.6,0.4,0.5,-74.1,-44.4,-19.7,-47.9,5.0,34.2,10.0,0.6,0.4,0.5,-61.2,-34.3,-27.6,-42.8,5.0,18.7,10.0,0.6,0.4,0.5,551.5,605.0,1421.5,1015.0,6.0,845.0,12.0,0.5,0.4,0.5,550.0,605.0,1420.0,1015.0,6.0,845.0,12.0,0.5,0.4,0.5
1974,2,151.0,16.0,26.56,26.7,27.59,27.07,3.0,0.81,14.0,0.7,0.6,0.5,25.88,26.7,28.61,27.23,3.0,2.05,14.0,0.7,0.6,0.5,17.84,19.15,21.33,19.57,3.0,2.59,14.0,0.7,0.6,0.5,85.1,86.4,87.0,86.1,3.0,1.4,14.0,0.7,0.5,3.05,5.1,5.85,4.47,3.0,2.12,14.0,0.7,0.6,0.5,-5.76,-5.02,-0.5,-3.17,3.0,4.18,14.0,0.7,0.6,0.5,-0.45,0.89,1.2,0.39,3.0,1.29,14.0,0.7,0.6,0.5,1009.5,1011.0,1011.07,1010.3,3.0,1.3,14.0,0.7,0.6,0.5,4.0,6.0,6.0,5.0,3.0,1.7,14.0,0.7,0.6,0.5,-34.0,-25.6,-5.8,-20.0,3.0,21.2,14.0,0.7,0.6,0.5,-3.7,2.8,4.0,0.2,3.0,6.0,14.0,0.7,0.6,0.5,-1.02,0.0,0.68,-0.17,3.0,1.26,14.0,0.7,0.6,0.5,-2.2,0.0,3.5,0.7,3.0,4.2,14.0,0.7,0.6,0.5,1.84,2.84,3.95,2.89,3.0,1.55,14.0,0.7,0.6,0.5,7.6,17.6,21.1,14.4,3.0,10.3,14.0,0.7,0.6,0.5,-151.9,-128.1,-8.3,-81.2,3.0,112.8,14.0,0.7,0.6,0.5,-12.5,22.6,34.3,11.2,3.0,35.7,14.0,0.7,0.6,0.5,-107.3,-86.5,-2.9,-55.8,3.0,80.9,14.0,0.7,0.6,0.5,-9.2,15.3,25.4,8.3,3.0,26.1,14.0,0.7,0.6,0.5,-20.8,-17.4,-4.0,-12.5,3.0,13.0,14.0,0.7,0.6,0.5,-1.5,1.8,3.3,0.9,3.0,3.6,14.0,0.7,0.6,0.5,48.5,132.5,205.0,126.5,3.0,114.5,14.0,0.7,0.6,0.5,50.0,135.0,205.0,125.0,3.0,115.0,14.0,0.7,0.6,0.5
1974,2,151.0,17.0,,,,,,,,,,,,,,,,,,,,,,,,,,,,,,,,,,,,,,,,7.7,7.7,7.7,7.7,1.0,0.0,20.0,1.0,0.8,0.4,-7.24,-7.24,-7.24,-7.24,1.0,0.0,20.0,1.0,0.8,0.4,-2.63,-2.63,-2.63,-2.63,1.0,0.0,20.0,1.0,0.8,0.4,1015.0,1015.0,1015.0,1015.0,1.0,0.0,20.0,1.0,0.8,0.4,,,,,,,,,,,,,,,,,,,,,,,,,,,,,,,,,,,,,,,,,,,,,,,,,,,,,,,,,,,,,,,,,,,,,,,,,,,,,,,,,,,,,,,,,,,,,,,,,,,,,,,,,,,,,,,,,,,,,,,,,,,,,,,,,,,,,,,,,,,,,,,,,,,,,,
1974,2,151.0,18.0,26.7,26.95,27.51,27.1,4.0,0.52,14.0,0.5,0.7,0.6,25.0,26.65,29.09,27.03,4.0,2.42,14.0,0.5,0.7,0.6,15.19,16.13,17.13,16.16,4.0,1.15,14.0,0.5,0.7,0.6,68.3,74.1,77.1,72.8,4.0,6.0,14.0,0.5,0.6,3.94,10.3,11.61,8.14,5.0,5.3,18.0,0.4,0.6,0.5,-11.44,-9.68,-3.94,-7.94,5.0,5.17,18.0,0.4,0.6,0.5,-0.65,0.0,2.82,0.83,5.0,2.12,18.0,0.4,0.6,0.5,1011.39,1014.7,1017.37,1014.48,5.0,3.35,18.0,0.4,0.6,0.5,2.0,3.0,5.4,3.6,5.0,1.8,18.0,0.4,0.6,0.5,-135.8,-99.7,-24.4,-86.6,5.0,72.6,18.0,0.4,0.6,0.5,-6.7,0.0,34.5,10.3,5.0,23.7,18.0,0.4,0.6,0.5,-2.15,0.3,2.28,0.08,4.0,2.68,14.0,0.5,0.7,0.6,-15.5,3.1,28.7,6.5,4.0,26.8,14.0,0.5,0.7,0.6,5.08,6.09,7.47,6.27,4.0,1.41,14.0,0.5,0.7,0.6,41.6,62.7,91.8,66.5,4.0,33.3,14.0,0.5,0.7,0.6,-309.7,-263.7,-217.5,-263.6,4.0,64.8,14.0,0.5,0.7,0.6,-23.4,30.2,81.0,28.8,4.0,63.9,14.0,0.5,0.7,0.6,-191.1,-160.1,-126.8,-159.0,4.0,44.4,14.0,0.5,0.7,0.6,-14.0,18.6,49.9,18.0,4.0,39.1,14.0,0.5,0.7,0.6,-90.4,-60.6,-40.1,-65.0,4.0,33.0,14.0,0.5,0.7,0.6,-6.6,9.1,18.6,6.2,4.0,15.3,14.0,0.5,0.7,0.6,151.5,1092.5,1674.5,1022.0,5.0,1053.0,18.0,0.4,0.6,0.5,150.0,1095.0,1675.0,1020.0,5.0,1055.0,18.0,0.4,0.6,0.5
1974,2,151.0,19.0,24.97,26.6,27.02,26.2,7.0,1.11,10.0,0.7,0.5,0.4,24.03,24.4,25.62,24.76,7.0,1.65,10.0,0.7,0.5,0.4,13.49,15.48,16.39,15.29,6.0,2.02,12.0,0.7,0.4,0.4,74.2,77.5,81.4,77.9,6.0,3.8,12.0,0.7,0.4,6.62,8.2,12.33,8.81,7.0,2.9,10.0,0.7,0.5,0.4,-7.72,-5.98,-4.36,-5.93,7.0,1.75,10.0,0.7,0.5,0.4,-9.55,-4.31,-2.73,-5.85,7.0,3.88,10.0,0.7,0.5,0.4,1015.17,1016.0,1016.42,1015.04,7.0,2.93,10.0,0.7,0.5,0.4,1.0,7.0,8.0,4.9,7.0,3.4,10.0,0.7,0.5,0.4,-64.8,-55.6,-33.5,-53.6,7.0,25.0,10.0,0.7,0.5,0.4,-117.8,-28.9,-19.4,-59.9,7.0,56.3,10.0,0.7,0.5,0.4,0.26,1.1,2.55,1.44,7.0,1.39,10.0,0.7,0.5,0.4,1.9,7.4,32.8,15.5,7.0,17.2,10.0,0.7,0.5,0.4,5.67,6.14,7.19,6.33,6.0,1.35,12.0,0.7,0.4,0.4,31.4,52.6,91.7,59.9,6.0,30.5,12.0,0.7,0.4,0.4,-179.8,-145.9,-106.9,-145.3,7.0,38.0,10.0,0.7,0.5,0.4,-217.9,-120.6,-65.8,-143.2,7.0,91.7,10.0,0.7,0.5,0.4,-101.5,-94.9,-64.9,-85.8,6.0,21.5,12.0,0.7,0.4,0.4,-133.9,-96.3,-55.7,-99.9,6.0,53.2,12.0,0.7,0.4,0.4,-50.6,-33.1,-22.0,-37.1,6.0,17.5,12.0,0.7,0.4,0.4,-80.6,-33.7,-18.3,-44.3,6.0,30.2,12.0,0.7,0.4,0.4,292.5,551.5,1874.5,881.5,7.0,799.0,10.0,0.7,0.5,0.4,295.0,550.0,1875.0,880.0,7.0,800.0,10.0,0.7,0.5,0.4
1974,2,151.0,20.0,25.75,26.5,26.64,26.2,3.0,0.7,14.0,0.3,0.5,0.2,23.68,24.5,26.55,25.1,3.0,2.16,14.0,0.3,0.5,0.2,13.48,14.05,17.15,15.29,3.0,2.89,14.0,0.3,0.5,0.2,73.6,74.4,79.1,76.3,3.0,4.3,14.0,0.3,0.2,5.36,7.0,10.62,7.97,3.0,3.94,14.0,0.3,0.5,0.2,-8.97,-5.36,-3.72,-6.32,3.0,3.94,14.0,0.3,0.5,0.2,-5.32,-3.52,1.95,-1.72,3.0,5.55,14.0,0.3,0.5,0.2,1011.1,1013.9,1013.97,1012.57,3.0,2.4,14.0,0.3,0.5,0.2,3.3,4.0,6.7,5.0,3.0,2.6,14.0,0.3,0.5,0.2,-101.3,-37.5,-21.2,-60.7,3.0,62.0,14.0,0.3,0.5,0.2,-56.8,-16.2,16.4,-20.1,3.0,53.7,14.0,0.3,0.5,0.2,-0.4,0.9,2.61,1.1,3.0,2.21,14.0,0.3,0.5,0.2,-3.5,4.1,29.9,13.0,3.0,25.6,14.0,0.3,0.5,0.2,4.06,6.27,7.9,5.99,3.0,2.83,14.0,0.3,0.5,0.2,23.6,28.9,81.9,52.2,3.0,47.2,14.0,0.3,0.5,0.2,-216.2,-147.5,-96.3,-156.0,3.0,88.2,14.0,0.3,0.5,0.2,-125.2,-86.3,57.1,-35.3,3.0,140.6,14.0,0.3,0.5,0.2,-127.8,-99.7,-60.0,-94.0,3.0,49.9,14.0,0.3,0.5,0.2,-71.2,-49.5,41.4,-15.7,3.0,87.5,14.0,0.3,0.5,0.2,-68.8,-18.5,-17.0,-42.3,3.0,43.2,14.0,0.3,0.5,0.2,-43.4,-22.1,2.3,-20.6,3.0,33.5,14.0,0.3,0.5,0.2,175.5,343.0,1379.0,767.0,3.0,955.0,14.0,0.3,0.5,0.2,175.0,345.0,1380.0,765.0,3.0,955.0,14.0,0.3,0.5,0.2
1974,2,151.0,21.0,24.7,24.7,24.7,24.7,1.0,0.0,18.0,1.0,0.3,0.2,23.8,23.8,23.8,23.8,1.0,0.0,18.0,1.0,0.3,0.2,12.76,12.76,12.76,12.76,1.0,0.0,18.0,1.0,0.3,0.2,70.0,70.0,70.0,70.0,1.0,0.0,18.0,1.0,0.2,5.1,5.1,5.1,5.1,1.0,0.0,18.0,1.0,0.3,0.2,-5.02,-5.02,-5.02,-5.02,1.0,0.0,18.0,1.0,0.3,0.2,-0.89,-0.89,-0.89,-0.89,1.0,0.0,18.0,1.0,0.3,0.2,1017.8,1017.8,1017.8,1017.8,1.0,0.0,18.0,1.0,0.3,0.2,1.0,1.0,1.0,1.0,1.0,0.0,18.0,1.0,0.3,0.2,-25.6,-25.6,-25.6,-25.6,1.0,0.0,18.0,1.0,0.3,0.2,-4.5,-4.5,-4.5,-4.5,1.0,0.0,18.0,1.0,0.3,0.2,0.9,0.9,0.9,0.9,1.0,0.0,18.0,1.0,0.3,0.2,4.6,4.6,4.6,4.6,1.0,0.0,18.0,1.0,0.3,0.2,6.57,6.57,6.57,6.57,1.0,0.0,18.0,1.0,0.3,0.2,33.5,33.5,33.5,33.5,1.0,0.0,18.0,1.0,0.3,0.2,-119.5,-119.5,-119.5,-119.5,1.0,0.0,18.0,1.0,0.3,0.2,-21.1,-21.1,-21.1,-21.1,1.0,0.0,18.0,1.0,0.3,0.2,-64.1,-64.1,-64.1,-64.1,1.0,0.0,18.0,1.0,0.3,0.2,-11.3,-11.3,-11.3,-11.3,1.0,0.0,18.0,1.0,0.3,0.2,-33.0,-33.0,-33.0,-33.0,1.0,0.0,18.0,1.0,0.3,0.2,-5.8,-5.8,-5.8,-5.8,1.0,0.0,18.0,1.0,0.3,0.2,132.5,132.5,132.5,132.5,1.0,0.0,18.0,1.0,0.3,0.2,135.0,135.0,135.0,135.0,1.0,0.0,18.0,1.0,0.3,0.2
1974,2,151.0,22.0,24.59,25.0,25.41,25.0,2.0,0.85,14.0,1.0,0.5,0.5,23.4,24.25,27.1,25.2,4.0,2.64,10.0,1.0,0.3,0.6,12.39,13.87,16.1,14.23,4.0,2.89,10.0,1.0,0.3,0.6,66.1,71.7,75.6,70.9,4.0,6.8,10.0,1.0,0.6,2.84,4.1,9.45,6.05,4.0,5.02,10.0,1.0,0.3,0.6,-6.85,-0.27,0.0,-3.28,4.0,6.21,10.0,1.0,0.3,0.6,-4.13,-2.83,1.16,-1.54,4.0,4.23,10.0,1.0,0.3,0.6,1015.53,1017.9,1019.06,1017.33,4.0,2.31,10.0,1.0,0.3,0.6,5.0,6.0,7.0,6.0,4.0,1.6,10.0,1.0,0.3,0.6,-89.2,-0.8,0.0,-42.6,4.0,84.1,10.0,1.0,0.3,0.6,-18.1,-8.1,29.0,4.8,4.0,38.7,10.0,1.0,0.3,0.6,-0.14,0.85,1.84,0.85,2.0,2.05,14.0,1.0,0.5,0.5,-5.6,-0.5,4.7,-0.5,2.0,10.7,14.0,1.0,0.5,0.5,5.35,5.85,6.35,5.85,2.0,1.03,14.0,1.0,0.5,0.5,28.0,44.5,60.9,44.5,2.0,34.1,14.0,1.0,0.5,0.5,-170.9,-6.3,0.0,-81.8,4.0,155.4,10.0,1.0,0.3,0.6,-111.4,-66.1,30.9,-41.4,4.0,111.0,10.0,1.0,0.3,0.6,-94.8,-3.7,0.0,-45.4,4.0,85.9,10.0,1.0,0.3,0.6,-68.5,-35.6,19.5,-25.0,4.0,65.0,10.0,1.0,0.3,0.6,-54.8,-34.0,-13.2,-34.0,2.0,43.1,14.0,1.0,0.5,0.5,-13.2,1.7,16.6,1.7,2.0,30.8,14.0,1.0,0.5,0.5,23.5,81.0,1323.5,646.5,4.0,1174.0,10.0,1.0,0.3,0.6,25.0,80.0,1325.0,645.0,4.0,1175.0,10.0,1.0,0.3,0.6
1974,2,151.0,23.0,20.95,22.4,23.64,22.3,4.0,1.83,16.0,0.5,0.4,0.7,21.0,21.65,23.98,22.45,4.0,2.18,16.0,0.5,0.4,0.7,11.35,13.6,14.21,12.8,3.0,2.21,20.0,0.3,0.5,0.8,71.6,82.1,89.8,80.8,3.0,13.4,20.0,0.3,0.8,6.34,9.25,11.06,8.73,4.0,2.89,16.0,0.5,0.4,0.7,-8.51,-3.79,2.96,-2.82,4.0,6.95,16.0,0.5,0.4,0.7,-7.7,-5.25,-1.73,-4.74,4.0,4.58,16.0,0.5,0.4,0.7,1011.69,1016.65,1018.57,1015.2,4.0,5.38,16.0,0.5,0.4,0.7,3.6,7.0,7.7,5.7,3.0,3.2,14.0,0.3,0.5,0.7,-80.7,-29.2,33.4,-23.9,4.0,71.7,16.0,0.5,0.4,0.7,-85.7,-42.2,-7.0,-46.2,4.0,51.3,16.0,0.5,0.4,0.7,-1.15,-0.65,0.9,-0.15,4.0,1.44,16.0,0.5,0.4,0.7,-9.5,-3.6,10.5,0.3,4.0,14.9,16.0,0.5,0.4,0.7,0.89,2.8,5.73,3.3,3.0,3.57,20.0,0.3,0.5,0.8,6.8,21.5,61.6,33.9,3.0,41.5,20.0,0.3,0.5,0.8,-205.6,-84.2,61.9,-72.4,4.0,161.9,16.0,0.5,0.4,0.7,-173.0,-122.9,-35.7,-105.2,4.0,98.6,16.0,0.5,0.4,0.7,-70.4,0.0,39.7,-15.0,3.0,81.7,20.0,0.3,0.5,0.8,-92.2,-73.9,-11.0,-52.2,3.0,62.4,20.0,0.3,0.5,0.8,-14.5,0.0,27.4,6.3,3.0,31.1,20.0,0.3,0.5,0.8,-47.4,0.0,2.6,-21.9,3.0,41.2,20.0,0.3,0.5,0.8,287.0,858.0,1355.5,823.0,4.0,628.5,16.0,0.5,0.4,0.7,285.0,860.0,1355.0,825.0,4.0,630.0,16.0,0.5,0.4,0.7
1974,2,151.0,24.0,21.91,23.35,24.52,23.23,4.0,1.65,4.0,0.5,0.4,0.6,20.85,21.6,23.24,22.03,3.0,1.79,6.0,0.3,0.5,0.7,11.2,14.47,14.7,12.99,3.0,2.87,6.0,0.3,0.5,0.7,69.2,78.3,87.5,78.4,3.0,13.4,6.0,0.3,0.7,3.53,6.4,7.96,5.78,4.0,2.8,4.0,0.5,0.4,0.6,-3.11,1.7,2.99,0.02,4.0,4.95,4.0,0.5,0.4,0.6,-5.79,-1.28,1.72,-2.0,4.0,4.74,4.0,0.5,0.4,0.6,1011.29,1016.25,1017.33,1014.4,4.0,4.94,4.0,0.5,0.4,0.6,5.0,5.5,6.5,5.8,4.0,1.0,4.0,0.5,0.4,0.6,-27.2,7.9,16.0,-5.0,4.0,34.4,4.0,0.5,0.4,0.6,-42.7,-7.6,11.3,-15.3,4.0,37.2,4.0,0.5,0.4,0.6,0.04,1.0,1.82,0.93,3.0,1.3,6.0,0.3,0.5,0.7,2.0,8.2,14.2,8.1,3.0,8.9,6.0,0.3,0.5,0.7,2.3,5.21,6.73,4.53,3.0,3.3,6.0,0.3,0.5,0.7,14.9,42.7,52.7,34.0,3.0,28.7,6.0,0.3,0.5,0.7,-90.4,34.2,39.9,-23.8,3.0,107.9,6.0,0.3,0.5,0.7,-127.4,15.5,41.8,-41.4,3.0,133.4,6.0,0.3,0.5,0.7,-41.3,20.6,26.5,-6.7,3.0,55.0,6.0,0.3,0.5,0.7,-76.4,10.6,20.8,-26.9,3.0,78.3,6.0,0.3,0.5,0.7,-36.2,1.9,5.7,-14.9,3.0,33.9,6.0,0.3,0.5,0.7,-28.5,0.7,13.6,-7.3,3.0,31.6,6.0,0.3,0.5,0.7,68.0,294.5,506.0,287.5,4.0,258.0,4.0,0.5,0.4,0.6,70.0,295.0,505.0,285.0,4.0,260.0,4.0,0.5,0.4,0.6
1974,2,151.0,25.0,21.0,21.5,22.0,21.46,7.0,0.46,10.0,0.4,0.5,0.4,18.0,21.0,21.22,19.91,7.0,1.66,10.0,0.4,0.5,0.4,7.02,9.3,15.51,11.02,7.0,4.31,10.0,0.4,0.5,0.4,55.3,61.2,100.0,74.6,7.0,23.7,10.0,0.4,0.4,3.58,4.6,5.1,4.39,7.0,0.81,10.0,0.4,0.5,0.4,-3.54,0.0,5.02,0.67,7.0,3.99,10.0,0.4,0.5,0.4,-2.97,0.71,1.02,-0.36,7.0,2.56,10.0,0.4,0.5,0.4,1010.73,1011.4,1020.1,1014.57,7.0,5.13,10.0,0.4,0.5,0.4,3.0,3.0,7.0,4.1,7.0,2.3,10.0,0.4,0.5,0.4,-16.4,0.0,25.6,3.6,7.0,19.1,10.0,0.4,0.5,0.4,-13.8,2.9,4.9,-1.8,7.0,10.9,10.0,0.4,0.5,0.4,-0.01,0.5,4.0,1.54,7.0,1.91,10.0,0.4,0.5,0.4,0.0,2.6,18.5,6.9,7.0,9.0,10.0,0.4,0.5,0.4,0.0,6.79,9.34,4.88,7.0,4.56,10.0,0.4,0.5,0.4,0.0,23.0,46.8,20.6,7.0,20.8,10.0,0.4,0.5,0.4,-63.8,0.0,105.5,18.0,7.0,79.2,10.0,0.4,0.5,0.4,-53.5,15.1,21.4,-3.7,7.0,50.3,10.0,0.4,0.5,0.4,-21.9,0.0,77.9,21.9,7.0,48.7,10.0,0.4,0.5,0.4,-19.4,11.0,14.7,1.6,7.0,21.7,10.0,0.4,0.5,0.4,-35.9,0.0,0.1,-12.1,7.0,17.4,10.0,0.4,0.5,0.4,-30.1,0.0,1.6,-7.6,7.0,19.7,10.0,0.4,0.5,0.4,46.0,97.5,132.5,91.5,7.0,43.5,10.0,0.4,0.5,0.4,45.0,95.0,135.0,90.0,7.0,45.0,10.0,0.4,0.5,0.4
1974,2,151.0,26.0,22.06,22.2,22.2,22.13,3.0,0.12,22.0,1.0,0.5,0.6,21.23,22.8,22.8,22.03,3.0,1.33,22.0,1.0,0.5,0.6,11.11,13.73,13.73,12.45,3.0,2.22,22.0,1.0,0.5,0.6,70.4,79.1,79.1,74.9,3.0,7.4,22.0,1.0,0.6,7.2,7.2,7.54,7.37,3.0,0.29,22.0,1.0,0.5,0.6,-1.25,-1.25,1.4,0.04,3.0,2.24,22.0,1.0,0.5,0.6,7.09,7.09,7.19,7.14,3.0,0.08,22.0,1.0,0.5,0.6,1007.8,1007.8,1012.71,1010.2,3.0,4.16,22.0,1.0,0.5,0.6,3.6,5.0,5.0,4.3,3.0,1.2,22.0,1.0,0.5,0.6,-9.0,-9.0,11.0,0.8,3.0,16.9,22.0,1.0,0.5,0.6,51.1,51.1,54.2,52.6,3.0,2.7,22.0,1.0,0.5,0.6,-0.6,-0.6,0.83,0.1,3.0,1.21,22.0,1.0,0.5,0.6,-4.3,-4.3,6.5,1.0,3.0,9.2,22.0,1.0,0.5,0.6,3.03,3.03,5.43,4.2,3.0,2.03,22.0,1.0,0.5,0.6,21.8,21.8,41.3,31.3,3.0,16.5,22.0,1.0,0.5,0.6,-28.5,-28.5,27.8,-1.0,3.0,47.6,22.0,1.0,0.5,0.6,152.6,161.7,161.7,157.2,3.0,7.7,22.0,1.0,0.5,0.6,-17.2,-17.2,12.3,-2.8,3.0,25.0,22.0,1.0,0.5,0.6,79.8,97.4,97.4,88.8,3.0,14.9,22.0,1.0,0.5,0.6,-3.8,-3.8,10.6,3.2,3.0,12.1,22.0,1.0,0.5,0.6,21.5,21.5,39.1,30.1,3.0,14.9,22.0,1.0,0.5,0.6,373.0,373.0,430.0,401.0,3.0,48.0,22.0,1.0,0.5,0.6,375.0,375.0,430.0,400.0,3.0,50.0,22.0,1.0,0.5,0.6
1974,2,151.0,27.0,17.63,18.4,19.87,18.79,9.0,1.28,16.0,0.8,0.4,0.5,15.38,18.0,20.23,17.63,9.0,2.5,16.0,0.8,0.4,0.5,7.08,9.22,10.32,8.91,8.0,3.12,16.0,0.8,0.4,0.4,55.2,68.2,86.2,68.6,8.0,17.7,16.0,0.8,0.4,5.1,6.2,12.66,8.51,9.0,5.54,16.0,0.8,0.4,0.5,-4.09,3.28,3.96,1.49,9.0,5.72,16.0,0.8,0.4,0.5,-8.22,-3.18,4.35,-3.16,9.0,8.11,16.0,0.8,0.4,0.5,1016.91,1020.3,1021.8,1019.48,9.0,2.87,16.0,0.8,0.4,0.5,1.3,3.0,7.7,3.9,9.0,3.0,16.0,0.8,0.4,0.5,-32.8,16.7,60.5,18.1,9.0,65.4,16.0,0.8,0.4,0.5,-104.6,-19.9,23.2,-63.1,9.0,141.4,16.0,0.8,0.4,0.5,-0.94,0.6,2.77,1.16,9.0,2.39,16.0,0.8,0.4,0.5,-4.8,4.7,33.6,17.8,9.0,37.0,16.0,0.8,0.4,0.5,2.77,4.15,6.65,4.6,8.0,3.1,16.0,0.8,0.4,0.4,11.1,25.6,48.8,47.5,8.0,67.4,16.0,0.8,0.4,0.4,-65.1,51.2,75.7,21.0,9.0,100.8,16.0,0.8,0.4,0.5,-126.3,-65.2,83.6,-43.3,9.0,126.9,16.0,0.8,0.4,0.5,-34.5,18.8,35.1,-0.4,8.0,44.7,16.0,0.8,0.4,0.4,-43.1,-9.1,42.3,-3.2,8.0,51.1,16.0,0.8,0.4,0.4,-28.1,10.4,21.0,2.1,8.0,26.7,16.0,0.8,0.4,0.4,-36.4,-8.3,9.5,-32.4,8.0,72.1,16.0,0.8,0.4,0.4,132.5,238.5,2178.5,1494.5,9.0,2841.5,16.0,0.8,0.4,0.5,135.0,240.0,2180.0,1495.0,9.0,2840.0,16.0,0.8,0.4,0.5
1974,2,151.0,28.0,17.88,18.8,18.99,18.44,8.0,0.81,12.0,0.4,0.4,0.6,15.64,16.2,19.44,17.2,8.0,1.79,12.0,0.4,0.4,0.6,7.65,8.0,8.91,8.24,8.0,0.83,12.0,0.4,0.4,0.6,64.4,69.0,73.1,68.0,8.0,5.6,12.0,0.4,0.6,7.88,10.05,12.61,9.79,8.0,3.03,12.0,0.4,0.4,0.6,1.94,4.68,10.01,4.8,8.0,6.91,12.0,0.4,0.4,0.6,-9.23,-3.47,1.25,-3.85,8.0,5.26,12.0,0.4,0.4,0.6,1012.47,1018.3,1020.89,1017.16,8.0,4.02,12.0,0.4,0.4,0.6,3.0,5.0,7.0,5.0,7.0,1.9,10.0,0.4,0.4,0.6,15.9,47.5,103.1,53.5,8.0,80.5,12.0,0.4,0.4,0.6,-90.0,-31.9,5.1,-41.1,8.0,61.3,12.0,0.4,0.4,0.6,-0.64,1.35,2.98,1.24,8.0,1.72,12.0,0.4,0.4,0.6,-6.5,15.7,29.8,13.2,8.0,18.1,12.0,0.4,0.4,0.6,3.82,5.08,5.62,4.9,8.0,0.96,12.0,0.4,0.4,0.6,37.5,48.4,63.9,49.5,8.0,21.2,12.0,0.4,0.4,0.6,31.5,76.2,195.2,87.4,8.0,117.1,12.0,0.4,0.4,0.6,-145.0,-64.6,23.7,-63.9,8.0,85.4,12.0,0.4,0.4,0.6,15.8,38.9,82.3,39.2,8.0,54.5,12.0,0.4,0.4,0.6,-73.6,-30.5,12.3,-30.7,8.0,41.3,12.0,0.4,0.4,0.6,7.2,25.1,50.4,24.5,8.0,39.5,12.0,0.4,0.4,0.6,-35.9,-16.0,4.3,-17.8,8.0,25.3,12.0,0.4,0.4,0.6,495.0,1017.0,2030.0,1161.0,8.0,859.5,12.0,0.4,0.4,0.6,495.0,1015.0,2030.0,1160.0,8.0,860.0,12.0,0.4,0.4,0.6
1974,2,151.0,29.0,17.41,19.0,21.0,18.97,11.0,1.68,18.0,0.5,0.4,0.5,14.53,16.5,18.97,17.1,14.0,3.03,16.0,0.5,0.4,0.5,6.67,8.91,11.24,8.95,12.0,2.46,18.0,0.5,0.4,0.5,58.7,75.9,88.8,75.2,12.0,14.9,18.0,0.5,0.5,5.1,8.75,10.77,7.86,14.0,3.52,16.0,0.5,0.4,0.5,-1.68,0.87,6.51,1.85,14.0,4.69,16.0,0.5,0.4,0.5,-9.87,-1.9,4.56,-2.91,14.0,6.65,16.0,0.5,0.4,0.5,1012.6,1016.0,1019.5,1015.78,13.0,4.18,16.0,0.5,0.4,0.5,2.1,7.0,8.0,5.4,14.0,2.6,16.0,0.5,0.4,0.5,-17.3,4.4,44.1,14.8,14.0,48.6,16.0,0.5,0.4,0.5,-104.2,-10.5,23.4,-30.4,14.0,68.3,16.0,0.5,0.4,0.5,-0.74,2.7,4.71,2.23,11.0,2.95,18.0,0.5,0.4,0.5,-4.1,19.4,49.5,19.6,11.0,29.0,18.0,0.5,0.4,0.5,3.12,4.19,6.47,4.4,11.0,2.22,18.0,0.5,0.4,0.5,14.5,39.4,62.9,38.2,11.0,24.3,18.0,0.5,0.4,0.5,-22.1,15.0,117.6,32.9,14.0,85.9,16.0,0.5,0.4,0.5,-139.9,-31.3,109.1,-33.9,14.0,113.6,16.0,0.5,0.4,0.5,-13.3,0.0,64.6,14.5,12.0,46.2,18.0,0.5,0.4,0.5,-70.0,-12.3,27.7,-18.4,12.0,61.0,18.0,0.5,0.4,0.5,-12.8,0.0,24.3,5.3,11.0,21.9,18.0,0.5,0.4,0.5,-61.2,-9.6,9.8,-21.8,11.0,34.0,18.0,0.5,0.4,0.5,132.5,678.0,1249.0,734.5,14.0,633.5,16.0,0.5,0.4,0.5,135.0,680.0,1250.0,735.0,14.0,635.0,16.0,0.5,0.4,0.5
1974,2,151.0,30.0,16.61,17.5,19.0,17.71,15.0,1.23,14.0,0.4,0.4,0.4,14.0,15.0,18.0,15.68,17.0,2.04,14.0,0.5,0.4,0.4,6.12,7.07,11.24,8.1,16.0,2.39,16.0,0.4,0.4,0.4,60.4,67.2,91.1,73.1,16.0,14.8,16.0,0.4,0.4,7.01,11.8,15.13,10.92,17.0,4.65,14.0,0.5,0.4,0.4,-3.72,0.72,11.48,3.45,17.0,7.45,14.0,0.5,0.4,0.4,-4.11,4.1,9.84,3.28,17.0,8.29,14.0,0.5,0.4,0.4,1011.19,1016.85,1021.74,1015.71,16.0,6.7,16.0,0.4,0.4,0.4,2.0,5.0,7.0,4.8,16.0,2.2,14.0,0.4,0.4,0.4,-40.8,1.5,155.0,54.8,17.0,103.7,14.0,0.5,0.4,0.4,-49.5,38.4,147.2,43.4,17.0,117.4,14.0,0.5,0.4,0.4,0.22,3.0,4.0,2.21,15.0,2.17,14.0,0.4,0.4,0.4,1.4,26.8,50.9,23.0,15.0,28.5,14.0,0.4,0.4,0.4,1.62,5.63,6.46,4.66,15.0,2.44,14.0,0.4,0.4,0.4,13.5,60.8,81.3,49.5,15.0,31.7,14.0,0.4,0.4,0.4,-61.6,10.1,169.3,51.2,17.0,121.6,14.0,0.5,0.4,0.4,-59.7,65.6,179.4,59.2,17.0,125.2,14.0,0.5,0.4,0.4,-41.6,14.8,84.1,26.6,16.0,65.0,16.0,0.4,0.4,0.4,-26.5,33.4,116.4,43.1,16.0,74.7,16.0,0.4,0.4,0.4,-8.8,0.0,66.6,18.0,15.0,39.1,14.0,0.4,0.4,0.4,-24.9,11.4,31.1,2.0,15.0,41.8,14.0,0.4,0.4,0.4,356.0,1643.0,3466.5,1925.5,17.0,1751.5,14.0,0.5,0.4,0.4,355.0,1645.0,3465.0,1925.0,17.0,1750.0,14.0,0.5,0.4,0.4
1974,2,151.0,31.0,16.0,17.0,18.32,17.45,13.0,1.64,14.0,0.6,0.5,0.4,11.61,12.3,18.23,14.53,15.0,3.63,14.0,0.7,0.5,0.5,5.36,6.15,9.98,7.27,13.0,2.2,14.0,0.6,0.5,0.4,62.1,72.9,85.5,72.2,13.0,10.6,14.0,0.6,0.4,8.05,10.3,15.18,11.9,15.0,4.71,14.0,0.7,0.5,0.5,0.78,5.83,12.07,6.49,15.0,6.06,14.0,0.7,0.5,0.5,-12.0,-3.85,8.55,-2.13,15.0,9.33,14.0,0.7,0.5,0.5,1003.9,1017.3,1021.05,1014.33,13.0,7.46,14.0,0.6,0.5,0.4,4.0,7.0,7.8,5.8,15.0,2.0,14.0,0.7,0.5,0.5,3.6,56.9,194.5,95.3,15.0,125.4,14.0,0.7,0.5,0.5,-155.2,-29.6,81.3,-33.0,15.0,137.5,14.0,0.7,0.5,0.5,0.0,3.8,6.19,3.62,13.0,3.1,14.0,0.6,0.5,0.4,0.0,37.8,80.9,45.2,13.0,53.9,14.0,0.6,0.5,0.4,1.77,6.48,7.37,5.15,13.0,2.43,14.0,0.6,0.5,0.4,24.8,45.7,100.7,62.8,13.0,42.3,14.0,0.6,0.5,0.4,9.5,74.2,157.6,86.1,15.0,83.7,14.0,0.7,0.5,0.5,-132.3,-54.3,156.1,-3.0,15.0,145.5,14.0,0.7,0.5,0.5,15.0,37.9,97.2,51.2,13.0,45.7,14.0,0.6,0.5,0.4,-66.2,-34.6,82.5,-5.4,13.0,74.3,14.0,0.6,0.5,0.4,9.3,22.8,47.5,33.5,13.0,40.6,14.0,0.6,0.5,0.4,-80.4,-19.2,14.8,-29.5,13.0,47.6,14.0,0.6,0.5,0.4,533.5,1092.5,3504.5,2494.5,15.0,3154.5,14.0,0.7,0.5,0.5,535.0,1095.0,3505.0,2495.0,15.0,3155.0,14.0,0.7,0.5,0.5
1974,2,151.0,32.0,16.0,17.1,19.0,17.26,20.0,1.66,14.0,0.6,0.4,0.4,10.0,12.5,14.7,12.45,22.0,2.57,14.0,0.6,0.4,0.4,5.77,6.61,7.55,6.92,20.0,1.89,14.0,0.6,0.5,0.4,66.5,76.4,88.1,76.0,20.0,12.5,14.0,0.6,0.4,7.2,12.1,19.4,12.94,22.0,5.82,14.0,0.6,0.4,0.4,0.0,9.15,17.8,9.15,22.0,8.54,14.0,0.6,0.4,0.4,-9.96,-0.97,3.24,-2.95,22.0,6.29,14.0,0.6,0.4,0.4,1001.6,1016.25,1019.4,1012.39,22.0,8.53,14.0,0.6,0.4,0.4,4.0,7.0,8.0,6.1,22.0,2.0,14.0,0.6,0.4,0.4,0.0,95.8,341.3,162.5,22.0,181.9,14.0,0.6,0.4,0.4,-171.1,-5.6,27.0,-49.7,22.0,85.7,14.0,0.6,0.4,0.4,0.41,5.0,7.7,4.43,20.0,3.22,14.0,0.6,0.4,0.4,2.6,65.5,96.2,59.5,20.0,52.7,14.0,0.6,0.4,0.4,3.72,5.9,7.47,5.38,19.0,2.51,14.0,0.6,0.5,0.4,14.8,78.2,103.2,68.8,19.0,40.3,14.0,0.6,0.5,0.4,0.0,93.3,213.3,106.9,22.0,108.2,14.0,0.6,0.4,0.4,-102.4,-11.2,45.9,-27.3,22.0,77.4,14.0,0.6,0.4,0.4,0.5,55.4,138.1,65.6,20.0,61.2,14.0,0.6,0.5,0.4,-69.4,-4.2,20.8,-14.6,20.0,47.1,14.0,0.6,0.5,0.4,0.0,54.5,97.9,51.8,19.0,46.3,14.0,0.6,0.5,0.4,-65.1,0.0,3.7,-20.7,19.0,34.6,14.0,0.6,0.5,0.4,384.0,1795.0,7359.0,3506.0,22.0,4266.5,14.0,0.6,0.4,0.4,385.0,1795.0,7360.0,3505.0,22.0,4265.0,14.0,0.6,0.4,0.4
1974,2,151.0,33.0,15.59,17.0,18.14,16.89,19.0,1.67,14.0,0.5,0.4,0.3,10.22,12.1,14.74,12.49,24.0,2.26,14.0,0.5,0.4,0.4,5.38,5.79,7.71,6.51,20.0,1.89,14.0,0.5,0.4,0.3,62.0,69.6,89.0,72.6,20.0,14.0,14.0,0.5,0.3,8.03,10.3,16.5,11.56,24.0,3.82,14.0,0.5,0.4,0.4,-0.6,6.32,12.67,5.29,24.0,6.96,14.0,0.5,0.4,0.4,-11.0,-6.14,1.99,-5.0,24.0,7.09,14.0,0.5,0.4,0.4,1007.65,1014.6,1018.21,1013.28,24.0,6.42,14.0,0.5,0.4,0.4,4.5,7.0,8.0,6.3,23.0,1.9,14.0,0.5,0.4,0.4,-5.8,56.9,218.4,71.8,24.0,105.2,14.0,0.5,0.4,0.4,-153.0,-58.7,11.4,-70.0,24.0,101.5,14.0,0.5,0.4,0.4,1.87,5.0,8.0,4.72,19.0,3.04,14.0,0.5,0.4,0.3,16.4,48.6,124.5,59.0,19.0,48.2,14.0,0.5,0.4,0.3,3.5,6.23,6.95,5.46,19.0,2.36,14.0,0.5,0.4,0.3,32.8,59.6,104.9,62.4,19.0,34.0,14.0,0.5,0.4,0.3,-6.5,73.3,123.2,63.6,24.0,90.2,14.0,0.5,0.4,0.4,-115.1,-73.6,23.9,-52.0,24.0,89.3,14.0,0.5,0.4,0.4,0.2,36.9,66.4,37.5,20.0,45.1,14.0,0.5,0.4,0.3,-70.0,-35.4,22.6,-29.3,20.0,56.8,14.0,0.5,0.4,0.3,6.7,29.1,72.7,35.6,19.0,31.7,14.0,0.5,0.4,0.3,-66.6,-47.1,5.0,-33.7,19.0,41.6,14.0,0.5,0.4,0.3,518.0,1092.5,4492.0,2053.0,24.0,1911.5,14.0,0.5,0.4,0.4,520.0,1095.0,4490.0,2055.0,24.0,1910.0,14.0,0.5,0.4,0.4
1974,2,151.0,34.0,15.26,16.7,17.39,16.22,19.0,1.97,12.0,0.6,0.5,0.3,8.35,12.0,15.51,12.04,18.0,3.31,14.0,0.7,0.5,0.3,5.41,6.41,10.19,7.35,18.0,2.29,14.0,0.7,0.5,0.3,68.8,84.3,91.6,81.2,18.0,11.0,14.0,0.7,0.3,6.55,13.15,18.45,12.57,18.0,5.22,12.0,0.6,0.5,0.3,-4.75,4.95,13.34,4.87,18.0,9.25,12.0,0.6,0.5,0.3,-8.33,-3.78,11.6,-1.69,18.0,9.0,12.0,0.6,0.5,0.3,999.2,1012.2,1020.5,1009.23,19.0,9.84,12.0,0.6,0.5,0.3,5.0,7.0,8.0,6.3,16.0,2.0,12.0,0.7,0.5,0.3,-41.0,41.2,205.4,79.1,18.0,169.6,12.0,0.6,0.5,0.3,-119.2,-35.0,155.5,-20.2,18.0,137.8,12.0,0.6,0.5,0.3,-0.18,3.5,8.74,4.08,18.0,4.29,14.0,0.7,0.5,0.3,2.5,51.5,128.1,61.1,17.0,64.9,12.0,0.6,0.5,0.3,1.1,4.58,7.0,4.14,18.0,3.03,14.0,0.7,0.5,0.3,17.2,39.7,116.1,58.4,17.0,48.1,12.0,0.6,0.5,0.3,-70.0,57.0,138.6,43.7,17.0,107.8,12.0,0.6,0.5,0.3,-89.5,-35.8,168.3,3.3,17.0,116.4,12.0,0.6,0.5,0.3,-46.7,30.0,74.5,24.2,17.0,67.6,12.0,0.6,0.5,0.3,-51.1,-23.2,115.4,4.6,17.0,74.0,12.0,0.6,0.5,0.3,-10.8,31.8,86.9,36.6,17.0,47.7,12.0,0.6,0.5,0.3,-60.2,-15.0,21.5,-22.3,17.0,41.4,12.0,0.6,0.5,0.3,282.0,2276.5,6310.0,2979.5,18.0,3076.0,12.0,0.6,0.5,0.3,280.0,2275.0,6310.0,2980.0,18.0,3075.0,12.0,0.6,0.5,0.3
1974,2,151.0,35.0,12.53,15.6,16.69,14.99,14.0,1.9,14.0,0.6,0.3,0.5,7.0,9.1,12.74,9.87,18.0,3.09,16.0,0.5,0.4,0.5,4.61,5.94,7.19,5.94,14.0,1.4,14.0,0.5,0.3,0.5,74.2,80.1,87.0,79.1,14.0,10.3,14.0,0.5,0.5,5.87,10.3,15.4,10.86,18.0,5.21,16.0,0.5,0.4,0.5,-2.46,4.89,9.96,4.99,18.0,7.82,16.0,0.5,0.4,0.5,-9.89,-5.33,4.63,-3.59,18.0,7.12,16.0,0.5,0.4,0.5,1009.0,1013.5,1016.95,1012.15,17.0,7.45,16.0,0.5,0.4,0.5,5.1,7.0,8.0,6.4,17.0,1.7,14.0,0.5,0.4,0.5,-14.6,44.7,137.6,76.4,18.0,163.2,16.0,0.5,0.4,0.5,-135.0,-45.5,34.7,-42.2,18.0,97.1,16.0,0.5,0.4,0.5,1.56,5.25,8.29,4.94,14.0,3.49,14.0,0.6,0.3,0.5,15.7,44.1,133.5,63.3,14.0,55.2,14.0,0.6,0.3,0.5,2.95,4.1,5.65,4.45,13.0,1.34,14.0,0.5,0.4,0.5,22.3,46.3,95.1,56.1,13.0,35.1,14.0,0.5,0.4,0.5,-23.1,38.0,111.3,52.5,18.0,87.8,16.0,0.5,0.4,0.5,-82.8,-42.5,51.4,-20.1,18.0,71.0,16.0,0.5,0.4,0.5,15.9,27.1,75.9,36.4,14.0,56.8,14.0,0.5,0.3,0.5,-62.1,-40.9,31.4,-20.5,14.0,48.5,14.0,0.5,0.3,0.5,5.9,23.2,34.9,22.2,13.0,43.6,14.0,0.5,0.4,0.5,-57.6,-27.2,22.7,-25.2,13.0,39.0,14.0,0.5,0.4,0.5,206.5,1092.5,3652.5,2266.5,18.0,3885.5,16.0,0.5,0.4,0.5,205.0,1095.0,3650.0,2265.0,18.0,3885.0,16.0,0.5,0.4,0.5
1974,2,151.0,36.0,11.09,12.2,14.1,12.36,13.0,2.13,12.0,0.7,0.3,0.4,5.26,7.5,11.14,8.23,19.0,3.95,12.0,0.7,0.3,0.4,3.71,4.19,5.41,4.68,12.0,1.31,14.0,0.7,0.4,0.3,56.6,65.6,81.6,68.0,12.0,16.5,14.0,0.7,0.3,10.65,11.8,19.9,13.91,18.0,5.31,12.0,0.8,0.3,0.4,-5.9,8.27,17.69,6.7,18.0,10.42,12.0,0.8,0.3,0.4,-10.22,-6.94,2.39,-4.94,18.0,7.13,12.0,0.8,0.3,0.4,1009.42,1015.0,1018.1,1012.92,19.0,7.05,12.0,0.7,0.3,0.4,4.4,7.0,8.0,6.3,18.0,2.1,12.0,0.7,0.3,0.4,-69.6,89.4,352.7,128.3,18.0,212.3,12.0,0.8,0.3,0.4,-136.9,-82.2,27.8,-66.1,18.0,118.0,12.0,0.8,0.3,0.4,0.2,5.5,8.11,4.53,13.0,5.1,12.0,0.7,0.3,0.4,3.5,82.6,120.8,65.3,13.0,74.5,12.0,0.7,0.3,0.4,3.26,4.74,5.38,4.36,11.0,1.77,14.0,0.7,0.4,0.4,32.0,63.9,92.8,59.0,11.0,32.5,14.0,0.7,0.4,0.4,-52.6,56.7,110.2,41.3,18.0,103.4,12.0,0.8,0.3,0.4,-69.6,-50.7,26.6,-27.6,18.0,67.7,12.0,0.8,0.3,0.4,-32.7,31.0,70.1,26.7,11.0,52.3,14.0,0.7,0.4,0.4,-46.6,-24.3,-10.0,-23.8,11.0,37.3,14.0,0.7,0.4,0.4,-30.6,29.0,72.2,25.3,11.0,49.1,14.0,0.7,0.4,0.4,-53.7,-24.4,-10.6,-32.5,11.0,24.6,14.0,0.7,0.4,0.4,1209.5,1643.0,7896.0,3911.0,18.0,4631.0,12.0,0.8,0.3,0.4,1210.0,1645.0,7895.0,3910.0,18.0,4630.0,12.0,0.8,0.3,0.4
1974,2,151.0,37.0,10.9,11.5,12.05,11.44,13.0,0.93,14.0,0.5,0.4,0.4,5.95,6.8,8.0,7.12,13.0,1.4,14.0,0.5,0.4,0.4,3.97,4.54,5.24,4.55,12.0,0.84,16.0,0.5,0.4,0.3,61.7,75.8,87.0,74.1,13.0,13.3,14.0,0.5,0.4,9.64,15.9,19.9,14.77,11.0,5.93,16.0,0.5,0.4,0.4,2.17,7.26,18.48,9.62,11.0,8.39,16.0,0.5,0.4,0.4,-11.26,-8.92,-5.12,-8.64,11.0,4.58,16.0,0.5,0.4,0.4,997.14,1016.75,1021.2,1010.58,12.0,15.01,16.0,0.5,0.4,0.3,3.9,6.0,8.0,5.9,13.0,2.0,14.0,0.5,0.4,0.4,22.2,82.1,375.7,179.6,11.0,206.9,16.0,0.5,0.4,0.4,-182.7,-105.9,-51.9,-123.4,11.0,88.5,16.0,0.5,0.4,0.4,3.5,4.5,5.5,4.32,13.0,1.18,14.0,0.5,0.4,0.4,34.8,59.4,97.1,61.8,11.0,30.4,16.0,0.5,0.4,0.4,2.96,3.95,5.12,3.85,12.0,0.98,16.0,0.5,0.4,0.3,33.1,46.6,68.8,50.1,10.0,18.7,16.0,0.5,0.5,0.4,13.0,58.1,158.5,70.1,11.0,64.3,16.0,0.5,0.4,0.4,-87.3,-60.3,-39.2,-59.9,11.0,29.9,16.0,0.5,0.4,0.4,6.6,24.0,74.2,40.0,10.0,42.9,16.0,0.5,0.5,0.4,-58.1,-38.4,-26.6,-43.4,10.0,20.9,16.0,0.5,0.5,0.4,6.6,24.0,55.9,30.1,10.0,25.7,16.0,0.5,0.5,0.4,-43.5,-33.2,-26.2,-34.6,10.0,12.0,16.0,0.5,0.5,0.4,913.5,4019.5,8190.5,4675.0,11.0,4791.5,16.0,0.5,0.4,0.4,915.0,4020.0,8190.0,4675.0,11.0,4790.0,16.0,0.5,0.4,0.4
1974,2,151.0,38.0,8.47,10.0,10.91,9.89,11.0,1.48,12.0,0.6,0.4,0.4,3.75,6.0,10.31,6.54,12.0,3.13,12.0,0.6,0.4,0.4,3.47,4.05,5.02,4.49,10.0,1.47,12.0,0.6,0.4,0.4,61.2,69.9,86.1,72.9,10.0,13.3,12.0,0.6,0.4,7.57,10.05,21.85,13.24,12.0,6.62,12.0,0.6,0.4,0.4,-6.9,3.77,18.52,4.74,12.0,11.44,12.0,0.6,0.4,0.4,-8.79,-3.21,7.68,-1.01,12.0,8.87,12.0,0.6,0.4,0.4,1002.2,1012.85,1017.38,1009.06,12.0,11.1,12.0,0.6,0.4,0.4,2.3,7.0,8.0,5.7,9.0,2.6,12.0,0.7,0.3,0.3,-58.1,28.2,433.3,108.3,12.0,225.9,12.0,0.6,0.4,0.4,-87.4,-46.1,99.4,1.2,12.0,162.5,12.0,0.6,0.4,0.4,0.0,5.5,6.41,3.66,11.0,3.35,12.0,0.6,0.4,0.4,0.0,42.4,89.3,45.9,11.0,59.4,12.0,0.6,0.4,0.4,2.04,2.94,4.66,3.1,10.0,1.5,12.0,0.6,0.4,0.4,22.6,33.5,58.0,39.0,10.0,28.2,12.0,0.6,0.4,0.4,-52.0,17.2,94.9,16.0,12.0,85.0,12.0,0.6,0.4,0.4,-34.9,-17.4,63.8,9.8,12.0,73.2,12.0,0.6,0.4,0.4,-44.6,3.6,69.7,10.7,10.0,55.0,12.0,0.6,0.4,0.4,-32.6,-15.6,17.6,-4.4,10.0,33.0,12.0,0.6,0.4,0.4,-13.6,5.8,54.0,16.9,10.0,37.3,12.0,0.6,0.4,0.4,-36.0,-9.0,11.6,-11.6,10.0,25.0,12.0,0.6,0.4,0.4,435.5,1017.0,10450.5,4053.0,12.0,4912.0,12.0,0.6,0.4,0.4,435.0,1015.0,10450.0,4055.0,12.0,4910.0,12.0,0.6,0.4,0.4
1974,2,151.0,39.0,9.71,12.25,14.0,12.1,10.0,2.04,12.0,0.4,0.3,0.4,2.79,4.5,8.0,4.86,11.0,2.45,12.0,0.4,0.2,0.4,3.8,4.1,5.09,4.23,9.0,0.76,12.0,0.3,0.3,0.4,65.9,80.8,88.5,78.1,9.0,11.5,12.0,0.3,0.4,7.99,11.8,17.09,12.34,11.0,5.64,12.0,0.4,0.2,0.4,4.76,8.61,15.88,9.93,11.0,7.12,12.0,0.4,0.2,0.4,-8.76,-4.41,0.0,-4.48,11.0,4.25,12.0,0.4,0.2,0.4,1007.0,1012.0,1018.71,1012.33,11.0,6.27,12.0,0.4,0.2,0.4,6.0,8.0,8.0,7.4,11.0,1.1,12.0,0.4,0.2,0.4,45.8,106.1,277.6,156.9,11.0,162.8,12.0,0.4,0.2,0.4,-123.6,-51.5,0.0,-53.7,11.0,55.1,12.0,0.4,0.2,0.4,3.64,8.0,9.79,7.05,10.0,3.01,12.0,0.4,0.3,0.4,37.5,91.7,143.7,95.6,10.0,67.0,12.0,0.4,0.3,0.4,3.09,4.89,5.7,4.37,9.0,1.36,12.0,0.3,0.3,0.4,34.5,45.6,68.9,49.7,9.0,24.8,12.0,0.3,0.3,0.4,18.3,33.1,73.5,42.0,11.0,37.8,12.0,0.4,0.2,0.4,-30.6,-21.1,0.0,-17.7,11.0,16.7,12.0,0.4,0.2,0.4,18.1,32.8,51.5,32.5,9.0,24.6,12.0,0.3,0.3,0.4,-36.5,-23.0,0.0,-19.4,9.0,17.3,12.0,0.3,0.3,0.4,16.8,41.2,62.6,38.3,9.0,26.3,12.0,0.3,0.3,0.4,-43.1,-33.4,0.0,-23.8,9.0,20.3,12.0,0.3,0.3,0.4,512.0,1643.0,5206.0,2997.0,11.0,3713.0,12.0,0.4,0.2,0.4,510.0,1645.0,5205.0,2995.0,11.0,3715.0,12.0,0.4,0.2,0.4
1974,2,151.0,40.0,7.36,9.0,10.0,8.38,13.0,2.32,16.0,0.6,0.5,0.5,2.42,6.0,8.05,5.4,13.0,2.85,16.0,0.6,0.5,0.5,3.65,4.09,4.52,4.16,9.0,0.62,16.0,0.6,0.5,0.4,69.0,79.4,88.7,79.2,11.0,10.3,14.0,0.6,0.5,7.06,8.7,14.5,10.47,13.0,4.18,16.0,0.6,0.5,0.5,-4.31,5.27,11.6,3.76,13.0,8.47,16.0,0.6,0.5,0.5,-6.77,-2.55,4.14,-1.61,13.0,6.81,16.0,0.6,0.5,0.5,1003.76,1009.0,1018.12,1009.4,11.0,8.72,16.0,0.5,0.5,0.5,4.7,8.0,8.0,6.8,12.0,2.0,16.0,0.7,0.4,0.5,-46.6,32.0,136.8,48.6,13.0,130.5,16.0,0.6,0.5,0.5,-85.8,-13.0,34.9,-19.4,13.0,85.7,16.0,0.6,0.5,0.5,0.57,3.0,7.58,2.98,13.0,4.45,16.0,0.6,0.5,0.5,5.4,25.2,65.3,27.6,13.0,56.3,16.0,0.6,0.5,0.5,2.73,2.88,3.49,3.08,9.0,0.53,16.0,0.6,0.5,0.4,20.9,25.1,34.0,26.4,9.0,7.1,16.0,0.6,0.5,0.4,-22.5,19.6,43.7,14.9,13.0,50.5,16.0,0.6,0.5,0.5,-33.6,-3.8,27.9,-0.9,13.0,49.1,16.0,0.6,0.5,0.5,0.0,19.9,28.4,15.8,9.0,25.8,16.0,0.6,0.5,0.4,-28.5,-20.4,5.4,-15.5,9.0,21.9,16.0,0.6,0.5,0.4,0.0,17.2,22.1,10.4,9.0,18.7,16.0,0.6,0.5,0.4,-23.8,-12.5,5.0,-10.8,9.0,15.2,16.0,0.6,0.5,0.4,355.5,658.5,3049.5,1700.0,13.0,2041.5,16.0,0.6,0.5,0.5,355.0,660.0,3050.0,1700.0,13.0,2040.0,16.0,0.6,0.5,0.5
1974,2,151.0,41.0,4.0,6.5,10.0,6.77,22.0,3.07,14.0,0.6,0.5,0.4,0.5,4.0,6.0,3.54,23.0,2.74,14.0,0.6,0.5,0.4,2.78,3.92,5.08,3.94,21.0,1.07,16.0,0.6,0.5,0.4,68.7,85.7,92.9,81.0,23.0,12.4,14.0,0.6,0.4,5.1,9.3,13.37,9.9,23.0,4.68,14.0,0.6,0.5,0.4,-2.13,2.96,9.97,3.2,23.0,7.15,14.0,0.6,0.5,0.4,-9.29,-3.52,5.38,-2.01,23.0,7.64,14.0,0.6,0.5,0.4,1005.92,1013.0,1015.41,1010.55,21.0,9.11,16.0,0.6,0.5,0.4,6.0,8.0,8.0,7.0,23.0,1.6,14.0,0.6,0.5,0.4,-18.8,15.0,110.1,44.1,23.0,116.0,14.0,0.6,0.5,0.4,-100.8,-16.2,65.1,-29.0,23.0,106.8,14.0,0.6,0.5,0.4,-0.37,2.75,6.83,3.25,22.0,4.36,14.0,0.6,0.5,0.4,-4.1,21.3,60.1,31.2,22.0,59.9,14.0,0.6,0.5,0.4,0.7,2.3,3.91,2.4,20.0,1.81,16.0,0.6,0.5,0.4,6.0,17.3,29.7,23.0,20.0,27.2,16.0,0.6,0.5,0.4,-9.4,3.2,48.3,10.6,23.0,32.8,14.0,0.6,0.5,0.4,-17.9,0.0,29.3,5.3,23.0,33.5,14.0,0.6,0.5,0.4,-5.5,10.3,47.0,15.4,21.0,31.9,16.0,0.6,0.5,0.4,-25.2,-12.3,21.7,-3.5,21.0,24.0,16.0,0.6,0.5,0.4,-7.7,3.8,12.8,6.8,20.0,22.5,16.0,0.6,0.5,0.4,-26.7,-5.5,8.9,-11.2,20.0,24.7,16.0,0.6,0.5,0.4,132.5,804.5,2433.0,1675.5,23.0,2389.5,14.0,0.6,0.5,0.4,135.0,805.0,2435.0,1675.0,23.0,2390.0,14.0,0.6,0.5,0.4
1974,2,151.0,42.0,2.0,3.0,4.0,3.27,20.0,1.46,16.0,0.5,0.4,0.5,-1.33,0.75,3.5,0.93,22.0,2.07,16.0,0.6,0.4,0.4,2.5,3.26,3.86,3.3,15.0,0.7,16.0,0.5,0.4,0.5,66.4,82.0,91.3,80.7,17.0,12.4,16.0,0.5,0.5,5.1,7.7,13.09,8.97,25.0,4.28,16.0,0.6,0.4,0.4,-3.32,3.99,10.71,2.62,25.0,7.34,16.0,0.6,0.4,0.4,-6.74,-4.75,0.0,-4.12,25.0,4.84,16.0,0.6,0.4,0.4,1003.12,1013.0,1018.25,1011.48,23.0,7.03,16.0,0.6,0.4,0.4,5.0,7.0,8.0,6.3,22.0,2.2,16.0,0.5,0.4,0.4,-25.0,22.5,144.2,31.3,25.0,103.5,16.0,0.6,0.4,0.4,-88.5,-25.9,0.0,-45.7,25.0,69.8,16.0,0.6,0.4,0.4,0.0,2.25,4.86,2.44,18.0,2.81,16.0,0.6,0.4,0.5,0.0,19.8,47.5,27.5,18.0,38.1,16.0,0.6,0.4,0.5,0.59,1.44,2.36,1.41,14.0,0.86,18.0,0.5,0.4,0.5,4.3,11.2,20.0,13.0,14.0,10.9,18.0,0.5,0.4,0.5,-4.7,0.0,14.7,4.2,22.0,15.1,16.0,0.6,0.4,0.4,-11.4,0.0,12.9,0.4,22.0,12.1,16.0,0.6,0.4,0.4,-9.5,8.1,34.8,11.8,15.0,23.9,16.0,0.5,0.4,0.5,-22.7,-12.8,0.0,-11.2,15.0,18.2,16.0,0.5,0.4,0.5,-6.5,3.0,16.2,4.1,14.0,10.7,18.0,0.5,0.4,0.5,-18.5,-5.6,-0.1,-8.1,14.0,9.8,18.0,0.5,0.4,0.5,132.5,456.5,2249.5,1258.5,25.0,1734.5,16.0,0.6,0.4,0.4,135.0,455.0,2250.0,1260.0,25.0,1735.0,16.0,0.6,0.4,0.4
1974,2,151.0,43.0,1.37,2.0,3.89,2.69,15.0,1.79,14.0,0.4,0.4,0.5,-0.62,0.0,1.56,0.36,16.0,1.19,16.0,0.4,0.4,0.5,2.49,3.55,3.78,3.3,13.0,0.52,14.0,0.4,0.4,0.5,75.9,85.9,93.0,83.7,13.0,10.4,14.0,0.4,0.5,5.3,8.2,16.37,10.2,15.0,6.17,14.0,0.4,0.4,0.5,-3.24,3.1,15.35,4.52,15.0,8.49,14.0,0.4,0.4,0.5,-8.24,-5.81,1.85,-4.05,15.0,6.17,14.0,0.4,0.4,0.5,996.0,1011.5,1016.69,1006.41,15.0,14.4,14.0,0.4,0.4,0.5,7.0,8.0,8.0,7.1,15.0,1.6,16.0,0.3,0.4,0.5,-22.1,9.6,246.0,87.3,15.0,157.8,14.0,0.4,0.4,0.5,-123.7,-43.9,5.7,-65.4,15.0,113.2,14.0,0.4,0.4,0.5,0.11,1.3,4.0,2.31,15.0,2.81,14.0,0.4,0.4,0.5,0.1,12.4,66.0,28.0,14.0,35.2,14.0,0.4,0.4,0.5,0.55,0.98,1.98,1.25,13.0,0.88,14.0,0.4,0.4,0.5,4.3,8.6,20.7,13.6,13.0,13.6,14.0,0.4,0.4,0.5,-9.1,0.0,0.0,-1.2,15.0,10.1,14.0,0.4,0.4,0.5,-3.9,0.0,8.2,1.3,15.0,6.4,14.0,0.4,0.4,0.5,-7.1,14.3,58.3,18.5,13.0,29.9,14.0,0.4,0.4,0.5,-30.3,-14.9,0.5,-14.9,13.0,18.8,14.0,0.4,0.4,0.5,-3.6,2.2,17.6,7.9,13.0,13.1,14.0,0.4,0.4,0.5,-10.8,-4.6,0.1,-6.7,13.0,9.8,14.0,0.4,0.4,0.5,151.0,551.5,4387.5,2382.5,15.0,4376.5,14.0,0.4,0.4,0.5,150.0,550.0,4385.0,2385.0,15.0,4375.0,14.0,0.4,0.4,0.5
1974,2,151.0,44.0,1.0,2.0,4.66,2.65,10.0,1.79,18.0,0.2,0.4,0.6,-2.81,-0.5,3.07,-0.1,10.0,3.78,18.0,0.2,0.4,0.6,2.59,3.08,3.77,3.32,8.0,0.9,18.0,0.1,0.4,0.6,72.4,90.7,99.8,87.1,8.0,13.4,18.0,0.1,0.6,7.91,9.5,16.32,11.92,10.0,5.91,18.0,0.2,0.4,0.6,-6.79,1.55,12.22,1.96,10.0,10.65,18.0,0.2,0.4,0.6,-8.76,-4.65,1.07,-4.55,10.0,7.21,18.0,0.2,0.4,0.6,980.98,1011.5,1020.67,1004.37,10.0,19.01,18.0,0.2,0.4,0.6,4.0,6.0,8.0,5.9,8.0,2.0,18.0,0.3,0.4,0.5,-57.0,14.4,151.9,14.2,10.0,194.6,18.0,0.2,0.4,0.6,-109.6,-38.5,11.6,-80.0,10.0,158.4,18.0,0.2,0.4,0.6,0.71,2.0,5.9,2.75,10.0,4.17,18.0,0.2,0.4,0.6,6.8,31.1,61.8,31.8,10.0,35.1,18.0,0.2,0.4,0.6,0.61,1.33,1.66,1.25,8.0,0.59,18.0,0.1,0.4,0.6,6.3,14.2,29.9,16.8,8.0,11.5,18.0,0.1,0.4,0.6,-22.4,-5.6,4.7,-5.8,10.0,26.3,18.0,0.2,0.4,0.6,0.0,1.5,9.4,0.4,10.0,19.7,18.0,0.2,0.4,0.6,-27.3,-0.3,42.7,5.5,8.0,38.5,18.0,0.1,0.4,0.6,-35.0,-13.1,8.7,-15.1,8.0,25.3,18.0,0.1,0.4,0.6,-7.1,3.1,16.2,3.4,8.0,16.1,18.0,0.1,0.4,0.6,-16.4,-3.7,1.3,-6.5,8.0,11.5,18.0,0.1,0.4,0.6,497.0,875.5,4650.5,3076.5,10.0,5203.5,18.0,0.2,0.4,0.6,495.0,875.0,4650.0,3075.0,10.0,5205.0,18.0,0.2,0.4,0.6
1974,2,151.0,45.0,0.5,1.6,2.49,1.73,20.0,1.34,14.0,0.5,0.3,0.5,-2.0,0.0,3.48,0.71,20.0,2.85,14.0,0.6,0.3,0.5,2.55,3.18,3.6,3.14,5.0,0.72,14.0,0.6,0.5,0.3,71.3,82.6,92.2,83.1,7.0,10.8,14.0,0.6,0.4,4.35,10.8,12.98,10.11,21.0,4.41,14.0,0.5,0.3,0.5,-5.25,4.41,10.99,2.27,21.0,8.53,14.0,0.5,0.3,0.5,-10.04,-3.85,0.0,-4.36,21.0,5.36,14.0,0.5,0.3,0.5,988.75,1007.5,1015.21,1004.17,19.0,14.0,14.0,0.5,0.3,0.5,6.0,7.0,8.0,7.1,14.0,0.9,14.0,0.6,0.3,0.5,-72.7,51.3,138.1,36.1,21.0,119.4,14.0,0.5,0.3,0.5,-115.7,-39.9,0.0,-49.6,21.0,70.7,14.0,0.5,0.3,0.5,-1.03,2.0,3.51,1.39,19.0,2.52,14.0,0.5,0.3,0.5,-5.7,20.6,39.8,19.0,19.0,22.3,14.0,0.5,0.3,0.5,0.9,1.32,1.94,1.34,5.0,0.69,14.0,0.6,0.5,0.3,9.3,14.8,21.6,15.0,5.0,8.1,14.0,0.6,0.5,0.3,-19.3,-6.2,6.6,-4.9,20.0,15.6,14.0,0.6,0.3,0.5,-9.1,0.0,13.3,2.3,20.0,13.2,14.0,0.6,0.3,0.5,-19.9,17.5,34.7,9.7,5.0,29.6,14.0,0.6,0.5,0.3,-27.0,-10.1,7.7,-10.3,5.0,24.7,14.0,0.6,0.5,0.3,-8.1,2.6,16.9,4.5,5.0,14.1,14.0,0.6,0.5,0.3,-11.7,-0.9,3.1,-3.8,5.0,10.2,14.0,0.6,0.5,0.3,90.5,1259.5,2188.0,1580.0,21.0,1662.0,14.0,0.5,0.3,0.5,90.0,1260.0,2190.0,1580.0,21.0,1660.0,14.0,0.5,0.3,0.5
1974,2,151.0,46.0,0.86,2.0,3.0,1.85,37.0,1.32,16.0,0.6,0.4,0.4,-3.94,-2.0,0.0,-1.89,47.0,1.89,14.0,0.6,0.4,0.4,3.55,3.55,3.55,3.55,1.0,0.0,26.0,1.0,0.9,0.3,93.0,93.0,93.0,93.0,1.0,0.0,26.0,1.0,0.3,8.2,12.9,18.0,13.01,45.0,5.28,14.0,0.6,0.4,0.4,-6.37,5.59,13.07,3.49,45.0,9.83,14.0,0.6,0.4,0.4,-14.21,-5.27,3.87,-4.84,45.0,8.25,14.0,0.6,0.4,0.4,994.56,1007.95,1013.87,1004.94,46.0,12.31,14.0,0.6,0.4,0.4,4.6,7.0,8.0,6.2,36.0,2.5,14.0,0.6,0.4,0.4,-111.7,51.5,186.4,36.4,45.0,176.1,14.0,0.6,0.4,0.4,-304.5,-58.2,38.5,-84.6,45.0,145.6,14.0,0.6,0.4,0.4,1.0,3.9,6.11,3.84,37.0,2.4,16.0,0.6,0.4,0.4,9.8,46.0,87.9,48.4,37.0,38.5,16.0,0.6,0.4,0.4,1.02,1.02,1.02,1.02,1.0,0.0,26.0,1.0,0.9,0.3,8.9,8.9,8.9,8.9,1.0,0.0,26.0,1.0,0.9,0.3,-38.4,-10.6,0.0,-14.9,45.0,28.2,14.0,0.6,0.4,0.4,-6.3,0.0,25.4,9.8,45.0,19.6,14.0,0.6,0.4,0.4,15.4,15.4,15.4,15.4,1.0,0.0,26.0,1.0,0.9,0.3,-26.7,-26.7,-26.7,-26.7,1.0,0.0,26.0,1.0,0.9,0.3,4.4,4.4,4.4,4.4,1.0,0.0,26.0,1.0,0.9,0.3,-7.7,-7.7,-7.7,-7.7,1.0,0.0,26.0,1.0,0.9,0.3,551.5,2146.5,5832.0,3298.5,45.0,3429.0,14.0,0.6,0.4,0.4,550.0,2145.0,5830.0,3300.0,45.0,3430.0,14.0,0.6,0.4,0.4
1974,2,151.0,47.0,,,,,,,,,,,,,,,,,,,,,,,,,,,,,,,,,,,,,,,,11.92,13.9,14.9,13.38,8.0,1.81,20.0,0.6,0.4,0.3,-1.22,10.14,14.58,6.93,8.0,9.26,20.0,0.6,0.4,0.3,0.0,2.45,9.29,2.76,8.0,7.65,20.0,0.6,0.4,0.3,988.07,1003.3,1013.44,1002.41,7.0,11.74,22.0,0.7,0.4,0.3,,,,,,,,,,,,,,,,,,,,,,,,,,,,,,,,,,,,,,,,,,,,,,,,,,,,,,,,,,,,,,,,,,,,,,,,,,,,,,,,,,,,,,,,,,,,,,,,,,,,,,,,,,,,,,,,,,,,,,,,,,,,,,,,,,,,,,,,,,,,,,,,,,,,,,
1974,2,151.0,48.0,,,,,,,,,,,,,,,,,,,,,,,,,,,,,,,,,,,,,,,,9.8,9.8,9.8,9.8,1.0,0.0,18.0,1.0,0.2,0.5,7.51,7.51,7.51,7.51,1.0,0.0,18.0,1.0,0.2,0.5,6.3,6.3,6.3,6.3,1.0,0.0,18.0,1.0,0.2,0.5,1004.7,1004.7,1004.7,1004.7,1.0,0.0,18.0,1.0,0.2,0.5,,,,,,,,,,,,,,,,,,,,,,,,,,,,,,,,,,,,,,,,,,,,,,,,,,,,,,,,,,,,,,,,,,,,,,,,,,,,,,,,,,,,,,,,,,,,,,,,,,,,,,,,,,,,,,,,,,,,,,,,,,,,,,,,,,,,,,,,,,,,,,,,,,,,,,
1974,2,151.0,49.0,,,,,,,,,,,,,,,,,,,,,,,,,,,,,,,,,,,,,,,,5.86,11.8,13.23,9.6,3.0,5.73,8.0,0.7,0.0,0.3,1.49,2.41,3.52,2.5,3.0,1.49,8.0,0.7,0.0,0.3,-12.86,-11.09,-5.51,-9.23,3.0,5.62,8.0,0.7,0.0,0.3,1008.9,1008.9,1010.67,1009.77,3.0,1.5,8.0,0.7,0.0,0.3,,,,,,,,,,,,,,,,,,,,,,,,,,,,,,,,,,,,,,,,,,,,,,,,,,,,,,,,,,,,,,,,,,,,,,,,,,,,,,,,,,,,,,,,,,,,,,,,,,,,,,,,,,,,,,,,,,,,,,,,,,,,,,,,,,,,,,,,,,,,,,,,,,,,,,
1974,2,151.0,50.0,,,,,,,,,,,,,,,,,,,,,,,,,,,,,,,,,,,,,,,,5.66,9.0,12.34,9.0,2.0,6.93,10.0,1.0,0.4,0.3,2.48,3.4,4.32,3.4,2.0,1.91,10.0,1.0,0.4,0.3,-11.55,-8.31,-5.06,-8.31,2.0,6.73,10.0,1.0,0.4,0.3,986.92,995.35,1003.78,995.35,2.0,17.47,10.0,1.0,0.4,0.3,,,,,,,,,,,,,,,,,,,,,,,,,,,,,,,,,,,,,,,,,,,,,,,,,,,,,,,,,,,,,,,,,,,,,,,,,,,,,,,,,,,,,,,,,,,,,,,,,,,,,,,,,,,,,,,,,,,,,,,,,,,,,,,,,,,,,,,,,,,,,,,,,,,,,,
1974,2,151.0,51.0,,,,,,,,,,,,,,,,,,,,,,,,,,,,,,,,,,,,,,,,1.67,6.2,11.65,6.7,6.0,5.49,8.0,0.5,0.8,0.7,-7.15,-0.91,0.0,-3.53,6.0,5.54,8.0,0.5,0.8,0.7,-7.15,-4.1,0.22,-4.02,6.0,4.35,8.0,0.5,0.8,0.7,1001.46,1001.7,1002.22,1001.83,6.0,0.5,8.0,0.5,0.8,0.7,,,,,,,,,,,,,,,,,,,,,,,,,,,,,,,,,,,,,,,,,,,,,,,,,,,,,,,,,,,,,,,,,,,,,,,,,,,,,,,,,,,,,,,,,,,,,,,,,,,,,,,,,,,,,,,,,,,,,,,,,,,,,,,,,,,,,,,,,,,,,,,,,,,,,,
1974,2,151.0,52.0,,,,,,,,,,,,,,,,,,,,,,,,,,,,,,,,,,,,,,,,5.86,11.8,13.92,9.93,3.0,6.12,22.0,1.0,0.5,0.4,-13.3,-11.8,-3.38,-8.42,3.0,7.84,22.0,1.0,0.5,0.4,-3.48,0.0,2.08,-0.68,3.0,4.12,22.0,1.0,0.5,0.4,998.36,1001.3,1002.19,1000.3,3.0,2.93,22.0,1.0,0.5,0.4,,,,,,,,,,,,,,,,,,,,,,,,,,,,,,,,,,,,,,,,,,,,,,,,,,,,,,,,,,,,,,,,,,,,,,,,,,,,,,,,,,,,,,,,,,,,,,,,,,,,,,,,,,,,,,,,,,,,,,,,,,,,,,,,,,,,,,,,,,,,,,,,,,,,,,
1974,2,151.0,53.0,,,,,,,,,,,,,,,,,,,,,,,,,,,,,,,,,,,,,,,,7.2,10.8,13.0,10.5,7.0,2.94,18.0,0.6,0.4,0.3,-7.66,1.25,3.34,-0.97,7.0,7.51,18.0,0.6,0.4,0.3,-5.59,1.88,12.71,3.29,7.0,8.2,18.0,0.6,0.4,0.3,994.89,1005.4,1013.43,1005.4,7.0,9.23,18.0,0.6,0.4,0.3,,,,,,,,,,,,,,,,,,,,,,,,,,,,,,,,,,,,,,,,,,,,,,,,,,,,,,,,,,,,,,,,,,,,,,,,,,,,,,,,,,,,,,,,,,,,,,,,,,,,,,,,,,,,,,,,,,,,,,,,,,,,,,,,,,,,,,,,,,,,,,,,,,,,,,
1974,2,151.0,54.0,,,,,,,,,,,,,,,,,,,,,,,,,,,,,,,,,,,,,,,,7.52,8.2,8.2,7.87,3.0,0.58,24.0,0.3,0.5,0.2,4.13,5.27,7.19,5.65,3.0,2.26,24.0,0.3,0.5,0.2,-6.27,-6.24,-2.95,-4.65,3.0,2.79,24.0,0.3,0.5,0.2,1009.3,1013.4,1013.74,1011.57,3.0,3.62,24.0,0.3,0.5,0.2,,,,,,,,,,,,,,,,,,,,,,,,,,,,,,,,,,,,,,,,,,,,,,,,,,,,,,,,,,,,,,,,,,,,,,,,,,,,,,,,,,,,,,,,,,,,,,,,,,,,,,,,,,,,,,,,,,,,,,,,,,,,,,,,,,,,,,,,,,,,,,,,,,,,,,
1974,2,151.0,55.0,,,,,,,,,,,,,,,,,,,,,,,,,,,,,,,,,,,,,,,,7.68,9.0,9.8,8.75,4.0,1.28,12.0,0.3,0.3,0.5,-6.35,-5.21,-0.58,-3.54,4.0,4.69,12.0,0.3,0.3,0.5,-8.87,-6.56,-0.06,-4.56,4.0,6.11,12.0,0.3,0.3,0.5,1005.81,1007.3,1016.91,1010.58,5.0,6.01,12.0,0.4,0.4,0.5,,,,,,,,,,,,,,,,,,,,,,,,,,,,,,,,,,,,,,,,,,,,,,,,,,,,,,,,,,,,,,,,,,,,,,,,,,,,,,,,,,,,,,,,,,,,,,,,,,,,,,,,,,,,,,,,,,,,,,,,,,,,,,,,,,,,,,,,,,,,,,,,,,,,,,
1974,2,151.0,56.0,,,,,,,,,,,,,,,,,,,,,,,,,,,,,,,,,,,,,,,,4.7,6.2,8.15,6.3,5.0,2.77,14.0,0.8,0.4,0.5,-6.59,-0.72,2.48,-1.78,5.0,4.71,14.0,0.8,0.4,0.5,-6.44,-5.37,-1.71,-4.39,5.0,2.67,14.0,0.8,0.4,0.5,1011.37,1013.3,1018.07,1014.22,5.0,3.97,14.0,0.8,0.4,0.5,,,,,,,,,,,,,,,,,,,,,,,,,,,,,,,,,,,,,,,,,,,,,,,,,,,,,,,,,,,,,,,,,,,,,,,,,,,,,,,,,,,,,,,,,,,,,,,,,,,,,,,,,,,,,,,,,,,,,,,,,,,,,,,,,,,,,,,,,,,,,,,,,,,,,,
1974,2,151.0,57.0,,,,,,,,,,,,,,,,,,,,,,,,,,,,,,,,,,,,,,,,3.96,7.95,11.37,7.76,10.0,4.39,18.0,0.4,0.5,0.4,-9.47,-4.19,-0.54,-4.48,10.0,4.79,18.0,0.4,0.5,0.4,-8.3,-0.53,2.49,-1.28,10.0,6.25,18.0,0.4,0.5,0.4,996.8,1010.7,1018.25,1008.49,11.0,9.53,18.0,0.5,0.5,0.4,,,,,,,,,,,,,,,,,,,,,,,,,,,,,,,,,,,,,,,,,,,,,,,,,,,,,,,,,,,,,,,,,,,,,,,,,,,,,,,,,,,,,,,,,,,,,,,,,,,,,,,,,,,,,,,,,,,,,,,,,,,,,,,,,,,,,,,,,,,,,,,,,,,,,,
1974,2,151.0,58.0,,,,,,,,,,,,,,,,,,,,,,,,,,,,,,,,,,,,,,,,2.1,6.2,11.91,6.77,13.0,4.94,18.0,0.6,0.4,0.5,-8.54,1.35,4.27,-1.28,13.0,7.82,18.0,0.6,0.4,0.5,-3.06,-1.61,2.85,-0.61,13.0,3.29,18.0,0.6,0.4,0.5,1002.7,1011.8,1020.56,1010.93,14.0,9.43,18.0,0.6,0.3,0.5,,,,,,,,,,,,,,,,,,,,,,,,,,,,,,,,,,,,,,,,,,,,,,,,,,,,,,,,,,,,,,,,,,,,,,,,,,,,,,,,,,,,,,,,,,,,,,,,,,,,,,,,,,,,,,,,,,,,,,,,,,,,,,,,,,,,,,,,,,,,,,,,,,,,,,
1974,2,151.0,59.0,,,,,,,,,,,,,,,,,,,,,,,,,,,,,,,,,,,,,,,,8.2,8.2,9.97,9.07,3.0,1.5,12.0,0.3,0.6,0.1,-8.92,-6.28,-6.28,-7.57,3.0,2.23,12.0,0.3,0.6,0.1,-4.77,-3.69,2.43,-1.23,3.0,5.69,12.0,0.3,0.6,0.1,1004.02,1006.2,1017.12,1010.47,3.0,10.29,12.0,0.3,0.6,0.1,,,,,,,,,,,,,,,,,,,,,,,,,,,,,,,,,,,,,,,,,,,,,,,,,,,,,,,,,,,,,,,,,,,,,,,,,,,,,,,,,,,,,,,,,,,,,,,,,,,,,,,,,,,,,,,,,,,,,,,,,,,,,,,,,,,,,,,,,,,,,,,,,,,,,,
1974,2,152.0,-59.0,,,,,,,,,,,,,,,,,,,,,,,,,,,,,,,,,,,,,,,,8.2,8.2,8.2,8.2,1.0,0.0,6.0,0.0,0.9,0.5,5.27,5.27,5.27,5.27,1.0,0.0,6.0,0.0,0.9,0.5,-6.28,-6.28,-6.28,-6.28,1.0,0.0,6.0,0.0,0.9,0.5,992.5,992.5,992.5,992.5,1.0,0.0,6.0,0.0,0.9,0.5,,,,,,,,,,,,,,,,,,,,,,,,,,,,,,,,,,,,,,,,,,,,,,,,,,,,,,,,,,,,,,,,,,,,,,,,,,,,,,,,,,,,,,,,,,,,,,,,,,,,,,,,,,,,,,,,,,,,,,,,,,,,,,,,,,,,,,,,,,,,,,,,,,,,,,
1974,2,152.0,-58.0,,,,,,,,,,,,,,,,,,,,,,,,,,,,,,,,,,,,,,,,10.8,10.8,10.8,10.8,1.0,0.0,6.0,1.0,0.3,0.5,6.94,6.94,6.94,6.94,1.0,0.0,6.0,1.0,0.3,0.5,-8.27,-8.27,-8.27,-8.27,1.0,0.0,6.0,1.0,0.3,0.5,995.8,995.8,995.8,995.8,1.0,0.0,6.0,1.0,0.3,0.5,,,,,,,,,,,,,,,,,,,,,,,,,,,,,,,,,,,,,,,,,,,,,,,,,,,,,,,,,,,,,,,,,,,,,,,,,,,,,,,,,,,,,,,,,,,,,,,,,,,,,,,,,,,,,,,,,,,,,,,,,,,,,,,,,,,,,,,,,,,,,,,,,,,,,,
1974,2,152.0,-53.0,,,,,,,,,,,,,,,,,,,,,,,,,,,,,,,,,,,,,,,,0.0,0.0,0.0,0.0,1.0,0.0,26.0,1.0,0.4,0.7,0.0,0.0,0.0,0.0,1.0,0.0,26.0,1.0,0.4,0.7,0.0,0.0,0.0,0.0,1.0,0.0,26.0,1.0,0.4,0.7,1003.0,1003.0,1003.0,1003.0,1.0,0.0,26.0,1.0,0.4,0.7,,,,,,,,,,,,,,,,,,,,,,,,,,,,,,,,,,,,,,,,,,,,,,,,,,,,,,,,,,,,,,,,,,,,,,,,,,,,,,,,,,,,,,,,,,,,,,,,,,,,,,,,,,,,,,,,,,,,,,,,,,,,,,,,,,,,,,,,,,,,,,,,,,,,,,
1974,2,152.0,-43.0,17.8,17.8,17.8,17.8,1.0,0.0,16.0,0.0,0.5,0.8,15.6,15.6,15.6,15.6,1.0,0.0,16.0,0.0,0.5,0.8,7.42,7.42,7.42,7.42,1.0,0.0,16.0,0.0,0.5,0.8,68.4,68.4,68.4,68.4,1.0,0.0,16.0,0.0,0.8,10.3,10.3,10.3,10.3,1.0,0.0,16.0,0.0,0.5,0.8,-7.89,-7.89,-7.89,-7.89,1.0,0.0,16.0,0.0,0.5,0.8,-6.62,-6.62,-6.62,-6.62,1.0,0.0,16.0,0.0,0.5,0.8,1023.7,1023.7,1023.7,1023.7,1.0,0.0,16.0,0.0,0.5,0.8,8.0,8.0,8.0,8.0,1.0,0.0,16.0,0.0,0.5,0.8,-81.3,-81.3,-81.3,-81.3,1.0,0.0,16.0,0.0,0.5,0.8,-68.2,-68.2,-68.2,-68.2,1.0,0.0,16.0,0.0,0.5,0.8,2.2,2.2,2.2,2.2,1.0,0.0,16.0,0.0,0.5,0.8,22.7,22.7,22.7,22.7,1.0,0.0,16.0,0.0,0.5,0.8,5.1,5.1,5.1,5.1,1.0,0.0,16.0,0.0,0.5,0.8,52.6,52.6,52.6,52.6,1.0,0.0,16.0,0.0,0.5,0.8,-123.1,-123.1,-123.1,-123.1,1.0,0.0,16.0,0.0,0.5,0.8,-103.3,-103.3,-103.3,-103.3,1.0,0.0,16.0,0.0,0.5,0.8,-58.6,-58.6,-58.6,-58.6,1.0,0.0,16.0,0.0,0.5,0.8,-49.2,-49.2,-49.2,-49.2,1.0,0.0,16.0,0.0,0.5,0.8,-40.3,-40.3,-40.3,-40.3,1.0,0.0,16.0,0.0,0.5,0.8,-33.8,-33.8,-33.8,-33.8,1.0,0.0,16.0,0.0,0.5,0.8,1092.5,1092.5,1092.5,1092.5,1.0,0.0,16.0,0.0,0.5,0.8,1095.0,1095.0,1095.0,1095.0,1.0,0.0,16.0,0.0,0.5,0.8
1974,2,152.0,-42.0,16.48,17.5,18.52,17.5,2.0,2.12,22.0,0.5,0.5,0.1,16.16,16.5,16.84,16.5,2.0,0.71,22.0,0.5,0.5,0.1,7.95,8.47,8.99,8.47,2.0,1.07,22.0,0.5,0.5,0.1,70.2,73.1,76.0,73.1,2.0,5.9,22.0,0.5,0.1,6.86,7.2,7.54,7.2,2.0,0.71,22.0,0.5,0.5,0.1,2.9,3.47,4.04,3.47,2.0,1.18,22.0,0.5,0.5,0.1,5.47,6.18,6.9,6.18,2.0,1.49,22.0,0.5,0.5,0.1,1019.3,1019.5,1019.7,1019.5,2.0,0.42,22.0,0.5,0.5,0.1,3.0,5.0,7.0,5.0,2.0,4.2,22.0,0.5,0.5,0.1,21.6,24.6,27.5,24.6,2.0,6.1,22.0,0.5,0.5,0.1,37.8,45.1,52.3,45.1,2.0,15.1,22.0,0.5,0.5,0.1,0.32,1.0,1.68,1.0,2.0,1.41,22.0,0.5,0.5,0.1,2.4,7.7,13.0,7.7,2.0,10.9,22.0,0.5,0.5,0.1,3.64,3.92,4.21,3.92,2.0,0.6,22.0,0.5,0.5,0.1,25.1,28.5,31.9,28.5,2.0,7.1,22.0,0.5,0.5,0.1,48.6,56.8,65.1,56.8,2.0,17.1,22.0,0.5,0.5,0.1,88.6,102.6,116.5,102.6,2.0,28.9,22.0,0.5,0.5,0.1,25.7,28.7,31.8,28.7,2.0,6.3,22.0,0.5,0.5,0.1,43.9,53.2,62.4,53.2,2.0,19.2,22.0,0.5,0.5,0.1,12.0,13.3,14.5,13.3,2.0,2.6,22.0,0.5,0.5,0.1,20.1,24.7,29.3,24.7,2.0,9.5,22.0,0.5,0.5,0.1,325.5,378.5,432.0,378.5,2.0,110.0,22.0,0.5,0.5,0.1,325.0,380.0,430.0,380.0,2.0,110.0,22.0,0.5,0.5,0.1
1974,2,152.0,-40.0,19.79,20.4,21.15,20.47,3.0,1.0,18.0,0.7,0.3,0.5,19.89,21.8,23.3,21.6,3.0,2.51,18.0,0.7,0.3,0.5,11.18,11.19,13.65,12.38,3.0,2.09,18.0,0.7,0.3,0.5,67.8,82.7,88.5,78.3,3.0,15.6,18.0,0.7,0.5,5.17,6.4,7.63,6.4,2.0,2.55,14.0,1.0,0.4,0.4,-1.71,-0.44,0.83,-0.44,2.0,2.63,14.0,1.0,0.4,0.4,-2.07,2.05,6.16,2.05,2.0,8.53,14.0,1.0,0.4,0.4,1016.85,1021.9,1022.79,1019.87,3.0,4.69,18.0,0.7,0.3,0.5,3.3,4.0,6.7,5.0,3.0,2.6,18.0,0.7,0.3,0.5,-7.0,0.5,8.1,0.5,2.0,15.7,14.0,1.0,0.4,0.4,-4.9,23.9,52.8,23.9,2.0,59.8,14.0,1.0,0.4,0.4,-3.52,-1.4,1.26,-1.13,3.0,3.51,18.0,0.7,0.3,0.5,-32.1,-21.7,-11.3,-21.7,2.0,21.5,14.0,1.0,0.4,0.4,0.95,2.78,4.05,2.51,3.0,2.29,18.0,0.7,0.3,0.5,4.0,11.6,19.3,11.6,2.0,15.8,14.0,1.0,0.4,0.4,-36.8,-8.0,20.8,-8.0,2.0,59.6,14.0,1.0,0.4,0.4,-42.3,53.5,149.3,53.5,2.0,198.5,14.0,1.0,0.4,0.4,-26.1,-9.1,8.0,-9.1,2.0,35.3,14.0,1.0,0.4,0.4,-35.3,15.6,66.5,15.6,2.0,105.5,14.0,1.0,0.4,0.4,0.4,1.9,3.3,1.9,2.0,3.0,14.0,1.0,0.4,0.4,3.3,11.0,18.8,11.0,2.0,16.1,14.0,1.0,0.4,0.4,169.5,324.5,479.5,324.5,2.0,321.0,14.0,1.0,0.4,0.4,170.0,325.0,480.0,325.0,2.0,320.0,14.0,1.0,0.4,0.4
1974,2,152.0,-39.0,22.0,22.5,22.87,22.5,5.0,0.61,12.0,0.6,0.5,0.5,20.0,21.0,22.37,21.2,5.0,1.3,12.0,0.6,0.5,0.5,10.98,12.7,13.92,12.61,5.0,1.95,12.0,0.6,0.5,0.5,73.0,78.0,88.4,80.2,5.0,7.8,12.0,0.6,0.5,4.92,6.7,11.57,8.02,5.0,3.66,12.0,0.6,0.5,0.5,-1.43,2.96,6.34,2.65,5.0,5.13,12.0,0.6,0.5,0.5,-1.86,3.52,6.29,1.89,5.0,7.37,12.0,0.6,0.5,0.5,1004.32,1013.3,1020.19,1012.54,5.0,8.51,12.0,0.6,0.5,0.5,3.3,5.0,7.4,5.2,5.0,2.4,12.0,0.6,0.5,0.5,-7.3,13.6,64.9,30.0,5.0,57.4,12.0,0.6,0.5,0.5,-32.3,16.7,60.9,11.5,5.0,80.8,12.0,0.6,0.5,0.5,-0.37,1.5,2.87,1.3,5.0,1.82,12.0,0.6,0.5,0.5,-3.9,6.9,26.7,10.4,5.0,17.4,12.0,0.6,0.5,0.5,2.66,4.2,6.32,4.39,5.0,2.41,12.0,0.6,0.5,0.5,15.6,26.1,51.6,31.9,5.0,19.3,12.0,0.6,0.5,0.5,-31.4,62.1,126.9,52.0,5.0,105.1,12.0,0.6,0.5,0.5,-44.9,74.0,125.7,33.2,5.0,161.9,12.0,0.6,0.5,0.5,-18.1,33.2,75.7,31.4,5.0,65.4,12.0,0.6,0.5,0.5,-36.4,41.6,73.7,14.9,5.0,106.1,12.0,0.6,0.5,0.5,-5.2,16.7,35.6,15.3,5.0,22.8,12.0,0.6,0.5,0.5,3.6,20.0,36.1,18.8,5.0,19.8,12.0,0.6,0.5,0.5,120.0,301.0,1583.5,787.5,5.0,896.0,12.0,0.6,0.5,0.5,120.0,300.0,1585.0,785.0,5.0,895.0,12.0,0.6,0.5,0.5
1974,2,152.0,-38.0,21.3,21.3,21.3,21.3,1.0,0.0,28.0,0.0,0.4,1.0,21.2,21.2,21.2,21.2,1.0,0.0,28.0,0.0,0.4,1.0,12.91,12.91,12.91,12.91,1.0,0.0,28.0,0.0,0.4,1.0,83.0,83.0,83.0,83.0,1.0,0.0,28.0,0.0,1.0,0.0,0.0,0.0,0.0,1.0,0.0,28.0,0.0,0.4,1.0,0.0,0.0,0.0,0.0,1.0,0.0,28.0,0.0,0.4,1.0,0.0,0.0,0.0,0.0,1.0,0.0,28.0,0.0,0.4,1.0,1018.8,1018.8,1018.8,1018.8,1.0,0.0,28.0,0.0,0.4,1.0,1.0,1.0,1.0,1.0,1.0,0.0,28.0,0.0,0.4,1.0,0.0,0.0,0.0,0.0,1.0,0.0,28.0,0.0,0.4,1.0,0.0,0.0,0.0,0.0,1.0,0.0,28.0,0.0,0.4,1.0,0.1,0.1,0.1,0.1,1.0,0.0,28.0,0.0,0.4,1.0,0.0,0.0,0.0,0.0,1.0,0.0,28.0,0.0,0.4,1.0,2.77,2.77,2.77,2.77,1.0,0.0,28.0,0.0,0.4,1.0,0.0,0.0,0.0,0.0,1.0,0.0,28.0,0.0,0.4,1.0,0.0,0.0,0.0,0.0,1.0,0.0,28.0,0.0,0.4,1.0,0.0,0.0,0.0,0.0,1.0,0.0,28.0,0.0,0.4,1.0,0.0,0.0,0.0,0.0,1.0,0.0,28.0,0.0,0.4,1.0,0.0,0.0,0.0,0.0,1.0,0.0,28.0,0.0,0.4,1.0,0.0,0.0,0.0,0.0,1.0,0.0,28.0,0.0,0.4,1.0,0.0,0.0,0.0,0.0,1.0,0.0,28.0,0.0,0.4,1.0,0.0,0.0,0.0,0.0,1.0,0.0,28.0,0.0,0.4,1.0,0.0,0.0,0.0,0.0,1.0,0.0,28.0,0.0,0.4,1.0
1974,2,152.0,-36.0,24.21,24.65,25.09,24.65,2.0,0.92,8.0,0.0,0.5,0.6,20.91,21.8,23.3,22.1,3.0,1.77,12.0,0.3,0.3,0.7,11.6,12.02,12.44,12.02,2.0,0.86,8.0,0.0,0.5,0.6,72.0,77.0,82.1,77.0,2.0,10.5,8.0,0.0,0.6,4.56,7.7,15.41,9.93,3.0,8.18,12.0,0.3,0.3,0.7,-3.26,-1.99,-0.63,-1.95,3.0,1.93,12.0,0.3,0.3,0.7,3.74,6.67,15.09,9.35,3.0,8.63,12.0,0.3,0.3,0.7,1005.45,1013.1,1014.74,1010.17,3.0,7.26,12.0,0.3,0.3,0.7,6.0,8.0,8.0,7.0,3.0,1.7,12.0,0.3,0.3,0.7,-22.2,-6.2,-2.0,-11.9,3.0,15.6,12.0,0.3,0.3,0.7,21.3,51.3,262.7,139.9,3.0,192.7,12.0,0.3,0.3,0.7,2.61,3.5,4.39,3.5,2.0,1.84,8.0,0.0,0.5,0.6,19.2,28.3,37.5,28.3,2.0,19.0,8.0,0.0,0.5,0.6,7.42,7.43,7.45,7.43,2.0,0.03,8.0,0.0,0.5,0.6,41.8,82.0,122.1,82.0,2.0,83.2,8.0,0.0,0.5,0.6,-76.0,-40.8,-13.0,-44.4,3.0,46.3,12.0,0.3,0.3,0.7,84.0,160.0,333.5,207.6,3.0,187.4,12.0,0.3,0.3,0.7,-21.2,-12.6,-4.0,-12.6,2.0,17.8,8.0,0.0,0.5,0.6,59.6,123.4,187.1,123.4,2.0,132.1,8.0,0.0,0.5,0.6,-12.5,-7.4,-2.4,-7.4,2.0,10.5,8.0,0.0,0.5,0.6,37.2,79.3,121.3,79.3,2.0,87.0,8.0,0.0,0.5,0.6,165.0,456.5,4827.0,2448.5,3.0,3825.5,12.0,0.3,0.3,0.7,165.0,455.0,4825.0,2450.0,3.0,3825.0,12.0,0.3,0.3,0.7
1974,2,152.0,-35.0,24.16,24.5,24.84,24.5,2.0,0.71,14.0,0.5,0.3,0.5,21.21,22.1,24.08,22.63,3.0,2.15,12.0,0.3,0.2,0.4,9.93,10.16,10.39,10.16,2.0,0.47,14.0,0.5,0.3,0.5,54.7,56.7,58.8,56.7,2.0,4.2,14.0,0.5,0.5,7.39,13.4,17.22,12.33,3.0,7.26,12.0,0.3,0.2,0.4,-5.7,-3.98,-2.85,-4.27,3.0,2.1,12.0,0.3,0.2,0.4,5.76,13.2,16.38,11.12,3.0,7.98,12.0,0.3,0.2,0.4,1006.64,1014.9,1019.13,1012.93,3.0,9.31,12.0,0.3,0.2,0.4,4.6,8.0,8.0,6.3,3.0,2.9,12.0,0.3,0.2,0.4,-94.2,-31.2,-22.4,-57.7,3.0,57.4,12.0,0.3,0.2,0.4,63.3,176.8,287.7,175.5,3.0,164.3,12.0,0.3,0.2,0.4,-0.38,0.95,2.28,0.95,2.0,2.76,14.0,0.5,0.3,0.5,2.3,17.1,32.0,17.1,2.0,30.7,14.0,0.5,0.3,0.5,8.28,8.94,9.6,8.94,2.0,1.37,14.0,0.5,0.3,0.5,51.9,84.7,117.5,84.7,2.0,68.0,14.0,0.5,0.3,0.5,-123.9,-99.6,-66.7,-95.4,3.0,42.0,12.0,0.3,0.2,0.4,131.8,291.6,346.1,240.2,3.0,163.1,12.0,0.3,0.2,0.4,-38.8,-32.3,-25.9,-32.3,2.0,13.4,14.0,0.5,0.3,0.5,40.9,76.9,113.0,76.9,2.0,74.7,14.0,0.5,0.3,0.5,-30.4,-27.4,-24.4,-27.4,2.0,6.1,14.0,0.5,0.3,0.5,36.2,74.5,112.9,74.5,2.0,79.5,14.0,0.5,0.3,0.5,830.0,2406.0,5445.5,3121.0,3.0,3437.0,12.0,0.3,0.2,0.4,830.0,2405.0,5445.0,3120.0,3.0,3435.0,12.0,0.3,0.2,0.4
1974,2,152.0,-34.0,23.0,24.15,25.37,24.2,16.0,1.57,18.0,0.4,0.3,0.5,22.0,23.2,24.69,23.45,16.0,1.49,16.0,0.4,0.3,0.5,12.06,14.22,16.17,14.23,14.0,2.28,18.0,0.4,0.4,0.5,73.5,81.8,86.3,79.1,14.0,11.1,18.0,0.4,0.5,2.6,4.6,9.92,5.43,16.0,3.73,16.0,0.4,0.3,0.5,-4.19,-0.84,0.0,-1.42,16.0,3.38,16.0,0.4,0.3,0.5,-2.11,2.45,8.42,2.75,16.0,4.87,16.0,0.4,0.3,0.5,1011.94,1014.2,1017.93,1014.59,15.0,3.7,18.0,0.4,0.3,0.5,1.4,4.5,8.0,4.6,16.0,3.0,16.0,0.4,0.3,0.5,-19.9,-3.0,0.0,-7.9,16.0,30.4,16.0,0.4,0.3,0.5,-6.9,7.9,82.2,28.6,16.0,51.3,16.0,0.4,0.3,0.5,-0.41,0.7,1.69,0.73,15.0,1.32,18.0,0.4,0.3,0.5,-0.4,2.9,19.1,6.1,15.0,11.9,18.0,0.4,0.3,0.5,2.4,4.85,7.07,4.69,14.0,2.02,18.0,0.4,0.4,0.5,10.5,19.3,45.2,27.7,14.0,21.9,18.0,0.4,0.4,0.5,-99.9,-20.7,0.0,-33.3,16.0,76.8,16.0,0.4,0.3,0.5,-49.3,56.2,191.0,60.6,16.0,109.8,16.0,0.4,0.3,0.5,-63.1,-22.9,0.0,-20.6,14.0,52.3,18.0,0.4,0.4,0.5,-35.5,30.1,72.2,27.8,14.0,62.8,18.0,0.4,0.4,0.5,-25.7,-6.3,0.0,-7.6,14.0,18.8,18.0,0.4,0.4,0.5,-5.6,11.2,37.6,15.8,14.0,25.0,18.0,0.4,0.4,0.5,17.5,97.5,983.0,401.0,16.0,637.0,16.0,0.4,0.3,0.5,20.0,95.0,985.0,400.0,16.0,635.0,16.0,0.4,0.3,0.5
1974,2,152.0,-33.0,23.82,24.8,26.75,24.98,13.0,1.61,18.0,0.4,0.7,0.4,22.04,24.1,25.96,24.04,14.0,1.62,18.0,0.4,0.7,0.4,11.91,12.85,13.67,13.0,13.0,1.45,18.0,0.4,0.7,0.4,63.3,68.3,74.6,69.4,13.0,6.7,18.0,0.4,0.4,2.71,4.6,7.59,5.03,15.0,2.65,18.0,0.3,0.7,0.4,-3.04,-2.46,-1.29,-2.31,15.0,1.15,18.0,0.3,0.7,0.4,-2.63,2.31,6.74,2.22,15.0,4.67,18.0,0.3,0.7,0.4,1011.1,1017.6,1021.37,1016.18,15.0,5.17,18.0,0.3,0.7,0.4,2.2,5.0,7.0,4.6,15.0,2.4,18.0,0.3,0.7,0.4,-19.7,-9.9,-2.8,-11.2,15.0,8.3,18.0,0.3,0.7,0.4,-9.5,6.4,50.8,19.3,15.0,41.4,18.0,0.3,0.7,0.4,-1.93,0.9,2.28,0.78,13.0,2.41,18.0,0.4,0.7,0.4,-10.6,4.0,8.0,0.4,13.0,10.5,18.0,0.4,0.7,0.4,5.06,6.52,8.54,6.78,13.0,1.9,18.0,0.4,0.7,0.4,21.4,27.0,32.2,27.1,13.0,7.7,18.0,0.4,0.7,0.4,-74.1,-59.5,-29.9,-56.4,14.0,31.2,18.0,0.4,0.7,0.4,-76.7,28.3,162.2,42.9,14.0,111.5,18.0,0.4,0.7,0.4,-47.8,-33.1,-17.6,-32.5,13.0,14.8,18.0,0.4,0.7,0.4,-43.9,0.0,57.1,13.1,13.0,52.2,18.0,0.4,0.7,0.4,-25.6,-14.9,-9.0,-16.9,13.0,9.2,18.0,0.4,0.7,0.4,-24.5,0.0,27.3,5.1,13.0,20.8,18.0,0.4,0.7,0.4,20.5,97.5,438.0,244.5,15.0,417.5,18.0,0.3,0.7,0.4,20.0,95.0,440.0,245.0,15.0,415.0,18.0,0.3,0.7,0.4
1974,2,152.0,-32.0,23.16,23.5,23.84,23.5,2.0,0.71,14.0,0.5,0.9,0.1,24.0,24.0,24.0,24.0,2.0,0.0,14.0,0.5,0.9,0.1,13.22,14.24,15.25,14.24,2.0,2.1,14.0,0.5,0.9,0.1,71.6,76.7,81.9,76.7,2.0,10.8,14.0,0.5,0.1,1.51,2.6,4.72,3.1,3.0,2.39,18.0,0.3,0.6,0.3,-2.58,-1.99,-0.63,-1.61,3.0,1.46,18.0,0.3,0.6,0.3,-3.69,-1.0,0.82,-1.42,3.0,3.32,18.0,0.3,0.6,0.3,1011.79,1016.5,1018.0,1014.93,3.0,4.75,18.0,0.3,0.6,0.3,1.0,1.0,3.7,2.3,3.0,2.3,18.0,0.3,0.6,0.3,-12.7,-5.2,-1.6,-7.1,3.0,8.3,18.0,0.3,0.6,0.3,-19.5,-1.0,2.6,-8.3,3.0,17.4,18.0,0.3,0.6,0.3,-0.84,-0.5,-0.16,-0.5,2.0,0.71,14.0,0.5,0.9,0.1,-4.8,-2.8,-0.9,-2.8,2.0,4.0,14.0,0.5,0.9,0.1,2.47,3.8,5.14,3.8,2.0,2.77,14.0,0.5,0.9,0.1,11.2,12.7,14.3,12.7,2.0,3.1,14.0,0.5,0.9,0.1,-65.1,-58.1,-51.1,-58.1,2.0,14.6,14.0,0.5,0.9,0.1,-93.3,-39.2,14.9,-39.2,2.0,112.1,14.0,0.5,0.9,0.1,-41.7,-35.1,-28.5,-35.1,2.0,13.7,14.0,0.5,0.9,0.1,-61.9,-28.2,5.6,-28.2,2.0,70.0,14.0,0.5,0.9,0.1,-10.5,-8.4,-6.2,-8.4,2.0,4.4,14.0,0.5,0.9,0.1,-6.1,0.3,6.6,0.3,2.0,13.2,14.0,0.5,0.9,0.1,6.5,17.5,132.0,68.0,3.0,102.0,18.0,0.3,0.6,0.3,5.0,20.0,130.0,70.0,3.0,100.0,18.0,0.3,0.6,0.3
1974,2,152.0,-31.0,26.7,26.7,26.7,26.7,1.0,0.0,12.0,0.0,0.9,0.4,25.7,25.7,25.7,25.7,1.0,0.0,12.0,0.0,0.9,0.4,16.57,16.57,16.57,16.57,1.0,0.0,12.0,0.0,0.9,0.4,80.0,80.0,80.0,80.0,1.0,0.0,12.0,0.0,0.4,5.1,5.1,5.1,5.1,1.0,0.0,12.0,0.0,0.9,0.4,-2.55,-2.55,-2.55,-2.55,1.0,0.0,12.0,0.0,0.9,0.4,4.42,4.42,4.42,4.42,1.0,0.0,12.0,0.0,0.9,0.4,1007.0,1007.0,1007.0,1007.0,1.0,0.0,12.0,0.0,0.9,0.4,2.0,2.0,2.0,2.0,1.0,0.0,12.0,0.0,0.9,0.4,-13.0,-13.0,-13.0,-13.0,1.0,0.0,12.0,0.0,0.9,0.4,22.5,22.5,22.5,22.5,1.0,0.0,12.0,0.0,0.9,0.4,1.0,1.0,1.0,1.0,1.0,0.0,12.0,0.0,0.9,0.4,5.1,5.1,5.1,5.1,1.0,0.0,12.0,0.0,0.9,0.4,5.47,5.47,5.47,5.47,1.0,0.0,12.0,0.0,0.9,0.4,27.9,27.9,27.9,27.9,1.0,0.0,12.0,0.0,0.9,0.4,-65.5,-65.5,-65.5,-65.5,1.0,0.0,12.0,0.0,0.9,0.4,113.5,113.5,113.5,113.5,1.0,0.0,12.0,0.0,0.9,0.4,-42.2,-42.2,-42.2,-42.2,1.0,0.0,12.0,0.0,0.9,0.4,73.2,73.2,73.2,73.2,1.0,0.0,12.0,0.0,0.9,0.4,-13.9,-13.9,-13.9,-13.9,1.0,0.0,12.0,0.0,0.9,0.4,24.2,24.2,24.2,24.2,1.0,0.0,12.0,0.0,0.9,0.4,132.5,132.5,132.5,132.5,1.0,0.0,12.0,0.0,0.9,0.4,135.0,135.0,135.0,135.0,1.0,0.0,12.0,0.0,0.9,0.4
1974,2,152.0,-26.0,26.0,26.0,26.0,26.0,1.0,0.0,28.0,1.0,0.9,1.0,26.0,26.0,26.0,26.0,1.0,0.0,28.0,1.0,0.9,1.0,14.47,14.47,14.47,14.47,1.0,0.0,28.0,1.0,0.9,1.0,69.1,69.1,69.1,69.1,1.0,0.0,28.0,1.0,1.0,15.4,15.4,15.4,15.4,1.0,0.0,28.0,1.0,0.9,1.0,-13.34,-13.34,-13.34,-13.34,1.0,0.0,28.0,1.0,0.9,1.0,7.7,7.7,7.7,7.7,1.0,0.0,28.0,1.0,0.9,1.0,1011.5,1011.5,1011.5,1011.5,1.0,0.0,28.0,1.0,0.9,1.0,8.0,8.0,8.0,8.0,1.0,0.0,28.0,1.0,0.9,1.0,-205.4,-205.4,-205.4,-205.4,1.0,0.0,28.0,1.0,0.9,1.0,118.6,118.6,118.6,118.6,1.0,0.0,28.0,1.0,0.9,1.0,0.0,0.0,0.0,0.0,1.0,0.0,28.0,1.0,0.9,1.0,0.0,0.0,0.0,0.0,1.0,0.0,28.0,1.0,0.9,1.0,6.56,6.56,6.56,6.56,1.0,0.0,28.0,1.0,0.9,1.0,101.0,101.0,101.0,101.0,1.0,0.0,28.0,1.0,0.9,1.0,-346.8,-346.8,-346.8,-346.8,1.0,0.0,28.0,1.0,0.9,1.0,200.2,200.2,200.2,200.2,1.0,0.0,28.0,1.0,0.9,1.0,-193.0,-193.0,-193.0,-193.0,1.0,0.0,28.0,1.0,0.9,1.0,111.5,111.5,111.5,111.5,1.0,0.0,28.0,1.0,0.9,1.0,-87.5,-87.5,-87.5,-87.5,1.0,0.0,28.0,1.0,0.9,1.0,50.5,50.5,50.5,50.5,1.0,0.0,28.0,1.0,0.9,1.0,3652.5,3652.5,3652.5,3652.5,1.0,0.0,28.0,1.0,0.9,1.0,3650.0,3650.0,3650.0,3650.0,1.0,0.0,28.0,1.0,0.9,1.0
1974,2,152.0,-25.0,25.25,25.8,25.94,25.6,3.0,0.53,14.0,1.0,0.7,0.9,26.63,26.7,26.77,26.7,2.0,0.14,16.0,1.0,0.5,0.9,16.24,16.73,17.21,16.73,2.0,1.0,16.0,1.0,0.5,0.9,74.3,75.9,77.5,75.9,2.0,3.3,16.0,1.0,0.9,4.7,10.3,13.1,8.93,3.0,6.26,14.0,1.0,0.7,0.9,-7.65,-0.36,1.11,-3.2,3.0,6.86,14.0,1.0,0.7,0.9,4.35,9.26,9.86,7.16,3.0,4.43,14.0,1.0,0.7,0.9,1002.33,1009.7,1009.97,1006.23,3.0,6.35,14.0,1.0,0.7,0.9,1.6,3.0,5.7,3.7,3.0,3.1,14.0,1.0,0.7,0.9,-108.7,-0.8,12.3,-47.1,3.0,97.3,14.0,1.0,0.7,0.9,36.1,104.5,124.1,80.7,3.0,67.7,14.0,1.0,0.7,0.9,-0.94,-0.8,-0.66,-0.8,2.0,0.28,16.0,1.0,0.5,0.9,-10.0,-9.5,-8.9,-9.5,2.0,1.2,16.0,1.0,0.5,0.9,3.84,4.33,4.83,4.33,2.0,1.02,16.0,1.0,0.5,0.9,42.9,55.0,67.1,55.0,2.0,25.2,16.0,1.0,0.5,0.9,-239.3,-122.7,-6.2,-122.7,2.0,241.4,16.0,1.0,0.5,0.9,250.3,259.0,267.8,259.0,2.0,18.1,16.0,1.0,0.5,0.9,-143.7,-72.8,-1.8,-72.8,2.0,147.0,16.0,1.0,0.5,0.9,152.8,162.6,172.3,162.6,2.0,20.2,16.0,1.0,0.5,0.9,-45.9,-24.6,-3.4,-24.6,2.0,44.0,16.0,1.0,0.5,0.9,38.3,41.7,45.2,41.7,2.0,7.2,16.0,1.0,0.5,0.9,353.0,1092.5,2385.0,1362.5,3.0,1506.5,14.0,1.0,0.7,0.9,355.0,1095.0,2385.0,1365.0,3.0,1505.0,14.0,1.0,0.7,0.9
1974,2,152.0,-24.0,26.43,26.7,29.05,27.24,7.0,1.69,16.0,0.7,0.2,0.7,26.01,26.75,29.26,27.18,6.0,1.88,16.0,0.7,0.1,0.8,17.52,18.2,19.45,18.48,5.0,1.63,18.0,0.8,0.2,0.7,77.0,82.9,86.0,81.3,5.0,6.4,18.0,0.8,0.7,4.69,6.7,11.99,8.4,6.0,5.48,18.0,0.8,0.3,0.7,-7.69,-3.91,-2.07,-4.93,6.0,3.91,18.0,0.8,0.3,0.7,1.82,5.08,10.61,6.19,6.0,4.92,18.0,0.8,0.3,0.7,1008.17,1011.0,1011.28,1009.8,6.0,2.52,18.0,0.8,0.3,0.7,2.0,4.0,7.0,4.6,7.0,2.5,16.0,0.7,0.2,0.7,-80.5,-32.6,-6.8,-56.9,6.0,81.4,18.0,0.8,0.3,0.7,7.5,30.0,133.2,72.6,6.0,98.9,18.0,0.8,0.3,0.7,-3.09,0.3,2.0,-0.4,6.0,2.56,16.0,0.7,0.1,0.8,-19.7,6.2,17.4,1.8,5.0,23.7,18.0,0.8,0.2,0.7,1.93,3.81,5.93,3.75,5.0,3.12,18.0,0.8,0.2,0.7,11.9,25.1,60.0,35.3,5.0,37.8,18.0,0.8,0.2,0.7,-230.0,-93.0,-50.1,-133.8,5.0,108.0,18.0,0.8,0.2,0.7,46.7,146.7,289.0,167.5,5.0,133.4,18.0,0.8,0.2,0.7,-148.0,-65.3,-34.1,-88.7,5.0,71.0,18.0,0.8,0.2,0.7,30.6,105.7,199.4,115.3,5.0,91.5,18.0,0.8,0.2,0.7,-38.3,-17.1,-8.1,-23.2,5.0,23.5,18.0,0.8,0.2,0.7,0.5,14.4,50.3,24.6,5.0,31.7,18.0,0.8,0.2,0.7,111.5,301.0,2174.5,1364.5,6.0,2462.0,18.0,0.8,0.3,0.7,110.0,300.0,2175.0,1365.0,6.0,2460.0,18.0,0.8,0.3,0.7
1974,2,152.0,-23.0,27.0,27.0,27.0,27.0,1.0,0.0,26.0,0.0,0.9,0.6,27.0,27.0,27.0,27.0,1.0,0.0,26.0,0.0,0.9,0.6,18.03,18.03,18.03,18.03,1.0,0.0,26.0,0.0,0.9,0.6,80.7,80.7,80.7,80.7,1.0,0.0,26.0,0.0,0.6,15.4,15.4,15.4,15.4,1.0,0.0,26.0,0.0,0.9,0.6,-11.8,-11.8,-11.8,-11.8,1.0,0.0,26.0,0.0,0.9,0.6,9.9,9.9,9.9,9.9,1.0,0.0,26.0,0.0,0.9,0.6,1008.0,1008.0,1008.0,1008.0,1.0,0.0,26.0,0.0,0.9,0.6,7.0,7.0,7.0,7.0,1.0,0.0,26.0,0.0,0.9,0.6,-181.7,-181.7,-181.7,-181.7,1.0,0.0,26.0,0.0,0.9,0.6,152.4,152.4,152.4,152.4,1.0,0.0,26.0,0.0,0.9,0.6,0.0,0.0,0.0,0.0,1.0,0.0,26.0,0.0,0.9,0.6,0.0,0.0,0.0,0.0,1.0,0.0,26.0,0.0,0.9,0.6,4.38,4.38,4.38,4.38,1.0,0.0,26.0,0.0,0.9,0.6,67.4,67.4,67.4,67.4,1.0,0.0,26.0,0.0,0.9,0.6,-318.5,-318.5,-318.5,-318.5,1.0,0.0,26.0,0.0,0.9,0.6,267.3,267.3,267.3,267.3,1.0,0.0,26.0,0.0,0.9,0.6,-212.7,-212.7,-212.7,-212.7,1.0,0.0,26.0,0.0,0.9,0.6,178.5,178.5,178.5,178.5,1.0,0.0,26.0,0.0,0.9,0.6,-51.6,-51.6,-51.6,-51.6,1.0,0.0,26.0,0.0,0.9,0.6,43.3,43.3,43.3,43.3,1.0,0.0,26.0,0.0,0.9,0.6,3652.5,3652.5,3652.5,3652.5,1.0,0.0,26.0,0.0,0.9,0.6,3650.0,3650.0,3650.0,3650.0,1.0,0.0,26.0,0.0,0.9,0.6
1974,2,152.0,-20.0,27.6,27.6,27.6,27.6,2.0,0.0,26.0,1.0,0.9,0.2,25.06,25.2,25.34,25.2,2.0,0.28,26.0,1.0,0.9,0.2,15.6,15.67,15.74,15.67,2.0,0.14,26.0,1.0,0.9,0.2,77.7,78.0,78.3,78.0,2.0,0.6,26.0,1.0,0.2,7.7,7.7,7.7,7.7,2.0,0.0,26.0,1.0,0.9,0.2,-5.9,-5.9,-5.9,-5.9,2.0,0.0,26.0,1.0,0.9,0.2,4.95,4.95,4.95,4.95,2.0,0.0,26.0,1.0,0.9,0.2,1006.9,1006.9,1006.9,1006.9,2.0,0.0,26.0,1.0,0.9,0.2,6.0,6.0,6.0,6.0,2.0,0.0,26.0,1.0,0.9,0.2,-45.4,-45.4,-45.4,-45.4,2.0,0.0,26.0,1.0,0.9,0.2,38.1,38.1,38.1,38.1,2.0,0.0,26.0,1.0,0.9,0.2,2.26,2.4,2.54,2.4,2.0,0.28,26.0,1.0,0.9,0.2,17.4,18.5,19.5,18.5,2.0,2.2,26.0,1.0,0.9,0.2,7.51,7.58,7.65,7.58,2.0,0.14,26.0,1.0,0.9,0.2,57.9,58.4,58.9,58.4,2.0,1.1,26.0,1.0,0.9,0.2,-149.4,-148.6,-147.8,-148.6,2.0,1.7,26.0,1.0,0.9,0.2,124.1,124.7,125.4,124.7,2.0,1.4,26.0,1.0,0.9,0.2,-92.8,-92.4,-92.0,-92.4,2.0,0.8,26.0,1.0,0.9,0.2,77.2,77.6,77.9,77.6,2.0,0.7,26.0,1.0,0.9,0.2,-45.1,-44.7,-44.3,-44.7,2.0,0.8,26.0,1.0,0.9,0.2,37.2,37.5,37.8,37.5,2.0,0.7,26.0,1.0,0.9,0.2,456.5,456.5,456.5,456.5,2.0,0.0,26.0,1.0,0.9,0.2,455.0,455.0,455.0,455.0,2.0,0.0,26.0,1.0,0.9,0.2
1974,2,152.0,-19.0,27.24,27.6,28.59,27.9,4.0,1.04,16.0,0.3,0.8,0.9,26.2,27.3,27.5,26.88,4.0,1.06,16.0,0.3,0.8,0.9,17.08,17.81,18.59,17.83,4.0,1.07,16.0,0.3,0.8,0.9,77.6,80.6,82.9,80.2,4.0,3.3,16.0,0.3,0.9,4.58,6.4,7.96,6.28,4.0,1.99,16.0,0.3,0.8,0.9,-6.3,-4.84,-3.96,-5.12,4.0,1.58,16.0,0.3,0.8,0.9,-0.4,2.3,4.5,2.06,4.0,3.66,16.0,0.3,0.8,0.9,1005.45,1006.4,1008.09,1006.75,4.0,1.62,16.0,0.3,0.8,0.9,2.5,5.5,8.0,5.3,4.0,3.2,16.0,0.3,0.8,0.9,-49.8,-32.9,-18.4,-34.0,4.0,18.9,16.0,0.3,0.8,0.9,-6.6,10.7,33.2,13.2,4.0,29.5,16.0,0.3,0.8,0.9,-0.17,1.15,2.21,1.03,4.0,1.42,16.0,0.3,0.8,0.9,-1.5,5.3,10.3,4.5,4.0,7.5,16.0,0.3,0.8,0.9,4.99,5.92,6.74,5.87,4.0,1.02,16.0,0.3,0.8,0.9,30.9,37.2,39.7,35.4,4.0,5.9,16.0,0.3,0.8,0.9,-172.4,-128.6,-104.2,-137.8,4.0,44.2,16.0,0.3,0.8,0.9,-10.8,60.3,121.5,55.6,4.0,100.2,16.0,0.3,0.8,0.9,-112.4,-83.1,-70.4,-91.0,4.0,28.1,16.0,0.3,0.8,0.9,-6.1,40.7,78.2,36.2,4.0,64.8,16.0,0.3,0.8,0.9,-34.0,-27.8,-24.5,-29.2,4.0,6.2,16.0,0.3,0.8,0.9,-0.6,15.5,24.2,11.9,4.0,18.5,16.0,0.3,0.8,0.9,99.5,294.5,506.0,302.5,4.0,237.5,16.0,0.3,0.8,0.9,100.0,295.0,505.0,300.0,4.0,235.0,16.0,0.3,0.8,0.9
1974,2,152.0,-18.0,27.75,28.3,29.87,28.8,3.0,1.61,12.0,0.7,0.8,0.5,27.93,29.3,29.64,28.8,3.0,1.32,12.0,0.7,0.8,0.5,19.11,19.81,19.95,19.54,3.0,0.66,12.0,0.7,0.8,0.5,73.3,78.1,84.0,78.7,3.0,7.9,12.0,0.7,0.5,4.76,5.1,6.19,5.47,3.0,1.1,12.0,0.7,0.8,0.5,-2.97,-2.29,2.36,-0.35,3.0,4.25,12.0,0.7,0.8,0.5,-2.92,-0.8,4.04,0.53,3.0,5.23,12.0,0.7,0.8,0.5,1004.42,1005.1,1006.4,1005.4,3.0,1.47,12.0,0.7,0.8,0.5,3.0,3.0,6.4,4.7,3.0,2.9,12.0,0.7,0.8,0.5,-16.3,-15.4,9.4,-3.7,3.0,21.3,12.0,0.7,0.8,0.5,-14.8,-3.7,27.6,6.2,3.0,32.2,12.0,0.7,0.8,0.5,-1.89,-1.0,1.94,0.0,3.0,2.93,12.0,0.7,0.8,0.5,-8.8,-5.1,13.5,2.1,3.0,17.5,12.0,0.7,0.8,0.5,4.27,4.4,6.84,5.53,3.0,2.12,12.0,0.7,0.8,0.5,20.6,21.5,43.3,31.7,3.0,18.8,12.0,0.7,0.8,0.5,-85.4,-62.6,72.3,-7.9,3.0,124.9,12.0,0.7,0.8,0.5,-85.7,-23.8,109.8,11.2,3.0,146.3,12.0,0.7,0.8,0.5,-59.2,-45.4,43.7,-8.6,3.0,81.8,12.0,0.7,0.8,0.5,-58.1,-15.0,80.4,10.5,3.0,103.8,12.0,0.7,0.8,0.5,-16.9,-13.8,9.2,-4.1,3.0,20.9,12.0,0.7,0.8,0.5,-12.4,-3.5,33.2,10.1,3.0,35.4,12.0,0.7,0.8,0.5,108.5,132.5,247.5,177.0,3.0,108.5,12.0,0.7,0.8,0.5,110.0,135.0,245.0,175.0,3.0,110.0,12.0,0.7,0.8,0.5
1974,2,152.0,-17.0,27.8,29.0,29.84,28.96,9.0,1.03,14.0,0.6,0.6,0.5,26.93,27.2,29.69,27.99,9.0,1.46,14.0,0.6,0.6,0.5,17.61,18.03,19.16,18.28,9.0,0.79,14.0,0.6,0.6,0.5,72.1,77.8,80.5,77.2,9.0,5.2,14.0,0.6,0.5,3.1,4.1,4.97,4.22,9.0,1.74,14.0,0.6,0.6,0.5,-4.11,-1.55,0.0,-1.25,9.0,3.29,14.0,0.6,0.6,0.5,-2.55,2.1,3.02,0.87,9.0,3.11,14.0,0.6,0.6,0.5,1005.21,1007.4,1008.57,1006.88,9.0,2.56,14.0,0.6,0.6,0.5,2.0,3.0,5.7,3.9,9.0,2.3,14.0,0.6,0.6,0.5,-18.0,-4.8,0.0,-2.5,9.0,21.8,14.0,0.6,0.6,0.5,-8.5,4.4,13.0,5.7,9.0,17.4,14.0,0.6,0.6,0.5,-0.18,0.8,2.27,0.97,9.0,1.11,14.0,0.6,0.6,0.5,-0.5,3.7,6.7,3.6,9.0,3.6,14.0,0.6,0.6,0.5,5.91,6.4,8.37,6.95,9.0,1.29,14.0,0.6,0.6,0.5,19.2,25.5,34.0,28.4,9.0,9.6,14.0,0.6,0.6,0.5,-110.4,-43.7,0.0,-35.3,9.0,89.9,14.0,0.6,0.6,0.5,-69.3,56.7,89.7,23.5,9.0,88.3,14.0,0.6,0.6,0.5,-75.1,-27.3,0.0,-23.8,9.0,59.6,14.0,0.6,0.6,0.5,-45.1,36.3,57.2,15.4,9.0,56.8,14.0,0.6,0.6,0.5,-22.8,-9.2,0.0,-8.4,9.0,20.0,14.0,0.6,0.6,0.5,-19.8,15.9,24.3,5.4,9.0,22.1,14.0,0.6,0.6,0.5,30.0,69.0,123.0,115.0,9.0,168.0,14.0,0.6,0.6,0.5,30.0,70.0,125.0,115.0,9.0,170.0,14.0,0.6,0.6,0.5
1974,2,152.0,-16.0,27.97,28.3,29.05,28.53,7.0,0.87,16.0,0.6,0.7,0.5,26.98,28.1,29.4,28.03,7.0,1.15,16.0,0.6,0.7,0.5,17.68,18.3,18.78,18.4,7.0,0.81,16.0,0.6,0.7,0.5,72.1,76.6,82.4,77.5,7.0,7.0,16.0,0.6,0.5,2.12,4.35,4.6,3.64,8.0,1.28,18.0,0.5,0.7,0.5,-4.29,-1.82,-0.7,-2.07,8.0,2.14,18.0,0.5,0.7,0.5,-0.58,1.56,3.68,1.53,8.0,2.14,18.0,0.5,0.7,0.5,1002.85,1005.8,1007.21,1005.04,7.0,3.1,16.0,0.6,0.7,0.5,3.2,6.0,7.0,5.4,8.0,1.9,18.0,0.5,0.7,0.5,-19.7,-6.0,-1.4,-8.5,8.0,10.0,18.0,0.5,0.7,0.5,-3.1,6.0,15.2,6.7,8.0,8.8,18.0,0.5,0.7,0.5,-0.11,0.6,0.92,0.5,7.0,0.58,16.0,0.6,0.7,0.5,-0.5,2.0,3.2,1.6,7.0,2.0,16.0,0.6,0.7,0.5,5.14,5.54,7.69,6.23,7.0,1.5,16.0,0.6,0.7,0.5,20.5,25.0,35.1,24.6,7.0,9.7,16.0,0.6,0.7,0.5,-122.8,-79.2,-19.1,-65.3,7.0,63.4,16.0,0.6,0.7,0.5,28.4,45.7,103.2,55.5,7.0,48.3,16.0,0.6,0.7,0.5,-76.2,-50.3,-13.0,-41.2,7.0,39.6,16.0,0.6,0.7,0.5,21.2,29.0,69.9,37.3,7.0,32.3,16.0,0.6,0.7,0.5,-33.0,-21.6,-3.6,-16.1,7.0,16.0,16.0,0.6,0.7,0.5,4.5,12.5,20.1,11.4,7.0,9.8,16.0,0.6,0.7,0.5,10.5,83.0,97.5,62.5,8.0,42.0,18.0,0.5,0.7,0.5,10.0,85.0,95.0,60.0,8.0,40.0,18.0,0.5,0.7,0.5
1974,2,152.0,-15.0,28.61,29.15,29.49,29.13,8.0,0.53,18.0,0.8,0.6,0.6,27.39,28.7,29.82,28.59,7.0,1.14,18.0,0.7,0.6,0.6,17.39,18.48,18.97,18.4,7.0,1.02,18.0,0.7,0.6,0.6,67.5,78.9,80.9,75.1,7.0,7.4,18.0,0.7,0.6,1.23,4.1,5.04,3.46,8.0,2.02,18.0,0.8,0.6,0.6,-2.95,-1.16,0.86,-1.11,8.0,2.84,18.0,0.8,0.6,0.6,-3.78,-0.49,1.0,-0.89,8.0,2.72,18.0,0.8,0.6,0.6,1004.73,1007.15,1008.2,1006.74,8.0,1.83,18.0,0.8,0.6,0.6,2.1,4.0,6.0,4.1,8.0,2.2,18.0,0.8,0.6,0.6,-13.1,-4.2,3.4,-5.2,8.0,14.3,18.0,0.8,0.6,0.6,-18.8,-2.8,3.0,-4.5,8.0,12.4,18.0,0.8,0.6,0.6,-0.32,0.0,1.41,0.41,7.0,0.97,18.0,0.7,0.6,0.6,-0.2,0.0,6.5,2.9,7.0,4.1,18.0,0.7,0.6,0.6,5.96,7.13,7.95,6.87,7.0,1.26,18.0,0.7,0.6,0.6,7.5,31.0,32.8,22.9,7.0,13.6,18.0,0.7,0.6,0.6,-88.2,0.0,28.0,-24.5,7.0,82.2,18.0,0.7,0.6,0.6,-107.2,-27.1,18.5,-32.4,7.0,79.5,18.0,0.7,0.6,0.6,-61.1,0.0,17.2,-15.9,7.0,55.3,18.0,0.7,0.6,0.6,-74.4,-18.3,11.4,-20.9,7.0,53.6,18.0,0.7,0.6,0.6,-20.6,0.0,7.5,-5.1,7.0,18.5,18.0,0.7,0.6,0.6,-24.4,-6.0,4.6,-9.2,7.0,18.0,18.0,0.7,0.6,0.6,4.0,72.0,128.5,73.5,8.0,66.0,18.0,0.8,0.6,0.6,5.0,70.0,130.0,75.0,8.0,65.0,18.0,0.8,0.6,0.6
1974,2,152.0,-14.0,28.16,28.5,29.4,28.57,7.0,0.72,14.0,0.7,0.5,0.6,26.45,28.3,28.65,27.74,7.0,1.41,14.0,0.7,0.5,0.6,18.57,19.08,19.9,19.09,7.0,1.01,14.0,0.7,0.5,0.6,75.4,80.4,88.2,81.8,7.0,8.3,14.0,0.7,0.6,2.98,4.6,4.97,3.97,9.0,1.77,10.0,0.6,0.5,0.7,-1.92,0.0,4.44,1.29,9.0,3.15,10.0,0.6,0.5,0.7,-2.26,0.0,3.57,0.25,9.0,3.0,10.0,0.6,0.5,0.7,1002.15,1005.5,1007.22,1005.16,7.0,2.92,14.0,0.7,0.5,0.6,3.3,4.0,7.7,5.1,9.0,2.2,10.0,0.6,0.5,0.7,-8.9,0.0,19.8,6.5,9.0,15.6,10.0,0.6,0.5,0.7,-14.0,0.0,15.1,-0.2,9.0,14.7,10.0,0.6,0.5,0.7,-0.21,0.4,1.95,0.83,7.0,1.2,14.0,0.7,0.5,0.6,-0.6,0.9,11.9,3.9,7.0,6.6,14.0,0.7,0.5,0.6,4.28,6.51,6.8,5.59,7.0,1.55,14.0,0.7,0.5,0.6,16.8,20.0,30.1,20.4,7.0,11.0,14.0,0.7,0.5,0.6,-65.1,-23.5,131.8,12.6,7.0,86.3,14.0,0.7,0.5,0.6,-81.6,0.0,112.8,12.3,7.0,94.6,14.0,0.7,0.5,0.6,-43.0,-16.9,92.3,10.9,7.0,62.7,14.0,0.7,0.5,0.6,-63.6,0.0,74.5,6.0,7.0,66.7,14.0,0.7,0.5,0.6,-10.8,-6.0,16.8,-0.2,7.0,13.4,14.0,0.7,0.5,0.6,-10.8,0.0,18.8,2.5,7.0,20.4,14.0,0.7,0.5,0.6,30.0,97.5,123.0,90.0,9.0,69.5,10.0,0.6,0.5,0.7,30.0,95.0,125.0,90.0,9.0,70.0,10.0,0.6,0.5,0.7
1974,2,152.0,-13.0,28.01,28.75,29.4,28.63,6.0,0.8,16.0,0.5,0.3,0.5,25.93,27.0,28.2,26.9,7.0,1.38,18.0,0.6,0.2,0.5,18.44,19.61,21.71,20.02,6.0,1.7,16.0,0.5,0.3,0.5,86.3,89.9,94.2,89.1,6.0,6.7,16.0,0.5,0.5,2.05,2.6,4.68,3.24,7.0,1.73,18.0,0.6,0.2,0.5,-2.67,0.72,1.25,-0.44,7.0,2.13,18.0,0.6,0.2,0.5,-4.34,0.5,2.49,-0.11,7.0,3.23,18.0,0.6,0.2,0.5,1005.97,1006.3,1008.26,1006.89,7.0,1.46,18.0,0.6,0.2,0.5,4.9,6.0,8.0,6.0,7.0,1.7,18.0,0.6,0.2,0.5,-7.6,0.9,4.6,-2.8,7.0,10.7,18.0,0.6,0.2,0.5,-20.3,0.5,6.6,-3.7,7.0,15.1,18.0,0.6,0.2,0.5,0.13,1.3,3.29,1.58,6.0,1.88,16.0,0.5,0.3,0.5,-0.2,4.0,10.6,6.6,6.0,10.6,16.0,0.5,0.3,0.5,3.39,5.31,6.57,4.71,6.0,2.43,16.0,0.5,0.3,0.5,5.1,12.5,20.4,14.7,6.0,13.9,16.0,0.5,0.3,0.5,-74.5,19.0,33.6,-11.2,7.0,55.4,18.0,0.6,0.2,0.5,-112.6,14.1,69.5,-0.4,7.0,83.8,18.0,0.6,0.2,0.5,-61.8,-2.6,17.7,-16.2,6.0,41.7,16.0,0.5,0.3,0.5,-18.1,23.7,55.6,13.3,6.0,55.6,16.0,0.5,0.3,0.5,-8.5,2.0,5.2,-2.6,6.0,12.2,16.0,0.5,0.3,0.5,-6.5,6.9,13.2,1.6,6.0,17.1,16.0,0.5,0.3,0.5,9.0,17.5,104.0,61.0,7.0,84.5,18.0,0.6,0.2,0.5,10.0,20.0,105.0,60.0,7.0,85.0,18.0,0.6,0.2,0.5
1974,2,152.0,-12.0,27.52,28.0,28.49,28.13,8.0,0.65,18.0,0.3,0.3,0.5,27.01,27.15,28.33,27.33,8.0,1.18,18.0,0.3,0.3,0.5,17.05,18.65,19.87,18.35,8.0,1.54,18.0,0.3,0.3,0.5,68.5,82.2,88.2,80.6,8.0,10.1,18.0,0.3,0.5,0.0,3.1,4.87,3.44,7.0,3.59,18.0,0.1,0.3,0.5,0.0,0.75,1.25,1.88,7.0,3.73,18.0,0.1,0.3,0.5,-0.15,0.0,4.53,1.04,7.0,2.72,18.0,0.1,0.3,0.5,1001.71,1005.4,1007.96,1005.16,8.0,2.77,18.0,0.3,0.3,0.5,2.2,5.0,7.9,4.9,8.0,2.9,18.0,0.3,0.3,0.5,0.0,1.7,8.6,16.6,7.0,39.5,18.0,0.1,0.3,0.5,-0.5,0.0,20.8,4.9,7.0,11.5,18.0,0.1,0.3,0.5,0.04,0.4,2.19,0.8,8.0,1.16,18.0,0.3,0.3,0.5,0.0,1.8,8.5,5.7,7.0,10.5,18.0,0.1,0.3,0.5,3.55,5.35,8.15,5.69,8.0,2.17,18.0,0.3,0.3,0.5,0.0,14.8,26.7,16.6,7.0,17.3,18.0,0.1,0.3,0.5,0.0,21.3,32.9,48.1,7.0,92.8,18.0,0.1,0.3,0.5,-3.9,0.0,122.8,28.6,7.0,73.7,18.0,0.1,0.3,0.5,0.0,13.9,24.4,35.5,7.0,70.2,18.0,0.1,0.3,0.5,-2.6,0.0,87.7,21.2,7.0,51.9,18.0,0.1,0.3,0.5,0.0,3.0,6.6,9.2,7.0,18.0,18.0,0.1,0.3,0.5,-1.2,0.0,14.7,2.1,7.0,14.0,18.0,0.1,0.3,0.5,0.0,30.0,145.0,188.5,7.0,401.0,18.0,0.1,0.3,0.5,0.0,30.0,145.0,190.0,7.0,400.0,18.0,0.1,0.3,0.5
1974,2,152.0,-11.0,28.16,28.8,29.13,28.78,6.0,0.7,16.0,0.3,0.1,0.5,26.69,26.9,28.73,27.64,5.0,1.44,14.0,0.2,0.1,0.5,19.16,19.88,19.9,19.57,5.0,0.49,14.0,0.2,0.1,0.5,80.4,85.2,89.0,84.3,5.0,5.9,14.0,0.2,0.5,1.67,4.1,4.6,3.25,6.0,1.87,16.0,0.3,0.1,0.5,-0.13,0.4,1.62,0.59,6.0,0.97,16.0,0.3,0.1,0.5,-0.89,2.3,4.54,1.57,6.0,3.44,16.0,0.3,0.1,0.5,1004.08,1006.35,1007.82,1006.08,6.0,1.9,16.0,0.3,0.1,0.5,2.6,4.5,6.0,4.2,6.0,2.1,16.0,0.3,0.1,0.5,-0.5,1.8,4.5,2.1,6.0,3.5,16.0,0.3,0.1,0.5,-4.1,7.5,20.9,6.2,6.0,15.6,16.0,0.3,0.1,0.5,0.04,1.1,1.85,0.9,5.0,1.24,14.0,0.2,0.1,0.5,0.2,3.6,6.0,2.9,5.0,4.8,14.0,0.2,0.1,0.5,4.48,4.92,5.59,5.02,5.0,0.84,14.0,0.2,0.1,0.5,15.1,22.5,23.1,19.4,5.0,5.7,14.0,0.2,0.1,0.5,-6.1,21.5,47.6,20.0,5.0,28.7,14.0,0.2,0.1,0.5,-29.7,95.0,124.4,48.8,5.0,107.4,14.0,0.2,0.1,0.5,-4.3,15.9,32.7,14.1,5.0,20.1,14.0,0.2,0.1,0.5,-18.5,66.7,90.7,36.6,5.0,74.3,14.0,0.2,0.1,0.5,-1.4,3.1,8.4,3.2,5.0,5.4,14.0,0.2,0.1,0.5,-5.0,17.7,22.3,9.0,5.0,19.0,14.0,0.2,0.1,0.5,7.5,72.0,97.5,58.0,6.0,46.0,16.0,0.3,0.1,0.5,5.0,70.0,95.0,60.0,6.0,45.0,16.0,0.3,0.1,0.5
1974,2,152.0,-10.0,29.19,29.7,30.0,29.6,4.0,0.49,22.0,0.5,0.4,0.6,27.38,28.2,28.4,27.9,3.0,0.79,20.0,0.7,0.4,0.6,18.74,19.44,19.74,19.25,3.0,0.75,20.0,0.7,0.4,0.6,77.0,80.8,86.3,81.6,3.0,6.8,20.0,0.7,0.6,3.81,4.6,5.7,4.75,4.0,1.48,22.0,0.5,0.4,0.6,0.38,0.93,2.76,1.54,4.0,1.9,22.0,0.5,0.4,0.6,-4.85,-0.81,3.8,-0.54,4.0,5.01,22.0,0.5,0.4,0.6,1005.54,1005.8,1006.69,1006.1,4.0,0.96,22.0,0.5,0.4,0.6,6.5,7.5,8.0,7.3,4.0,1.0,22.0,0.5,0.4,0.6,1.6,3.5,16.9,9.0,4.0,13.4,22.0,0.5,0.4,0.6,-27.9,-5.9,15.4,-6.3,4.0,25.8,22.0,0.5,0.4,0.6,1.02,1.5,2.52,1.77,3.0,1.12,20.0,0.7,0.4,0.6,4.0,4.7,15.2,9.5,3.0,9.2,20.0,0.7,0.4,0.6,6.17,6.88,7.92,7.04,3.0,1.29,20.0,0.7,0.4,0.6,26.3,26.9,40.0,33.0,3.0,11.3,20.0,0.7,0.4,0.6,9.6,30.2,89.0,48.8,3.0,60.3,20.0,0.7,0.4,0.6,-68.2,83.0,114.9,24.7,3.0,143.3,20.0,0.7,0.4,0.6,6.2,19.5,64.7,35.1,3.0,44.9,20.0,0.7,0.4,0.6,-52.6,53.6,78.1,13.7,3.0,101.8,20.0,0.7,0.4,0.6,2.8,8.9,23.1,12.9,3.0,15.2,20.0,0.7,0.4,0.6,-16.3,24.5,26.1,5.3,3.0,35.2,20.0,0.7,0.4,0.6,62.0,97.5,204.0,131.5,4.0,117.5,22.0,0.5,0.4,0.6,60.0,95.0,205.0,130.0,4.0,115.0,22.0,0.5,0.4,0.6
1974,2,152.0,-9.0,28.96,29.1,29.24,29.1,2.0,0.28,10.0,1.0,0.3,0.4,28.32,28.8,29.28,28.8,2.0,0.99,10.0,1.0,0.3,0.4,19.02,19.6,20.18,19.6,2.0,1.19,10.0,1.0,0.3,0.4,74.4,78.8,83.2,78.8,2.0,9.2,10.0,1.0,0.4,2.84,3.35,3.86,3.35,2.0,1.06,10.0,1.0,0.3,0.4,-0.19,0.92,2.04,0.92,2.0,2.31,10.0,1.0,0.3,0.4,0.26,1.79,3.33,1.79,2.0,3.17,10.0,1.0,0.3,0.4,1004.14,1004.65,1005.16,1004.65,2.0,1.06,10.0,1.0,0.3,0.4,5.3,6.0,6.7,6.0,2.0,1.4,10.0,1.0,0.3,0.4,-1.4,1.9,5.1,1.9,2.0,6.8,10.0,1.0,0.3,0.4,1.6,7.7,13.7,7.7,2.0,12.5,10.0,1.0,0.3,0.4,-0.31,0.3,0.91,0.3,2.0,1.27,10.0,1.0,0.3,0.4,-0.5,1.7,3.9,1.7,2.0,4.6,10.0,1.0,0.3,0.4,5.51,5.87,6.22,5.87,2.0,0.74,10.0,1.0,0.3,0.4,17.5,19.3,21.1,19.3,2.0,3.7,10.0,1.0,0.3,0.4,-4.8,27.8,60.4,27.8,2.0,67.6,10.0,1.0,0.3,0.4,6.8,50.1,93.3,50.1,2.0,89.6,10.0,1.0,0.3,0.4,-4.6,16.7,38.1,16.7,2.0,44.2,10.0,1.0,0.3,0.4,6.0,37.0,68.1,37.0,2.0,64.4,10.0,1.0,0.3,0.4,-0.6,6.3,13.2,6.3,2.0,14.3,10.0,1.0,0.3,0.4,1.0,9.3,17.7,9.3,2.0,17.3,10.0,1.0,0.3,0.4,25.5,43.0,61.0,43.0,2.0,36.5,10.0,1.0,0.3,0.4,25.0,45.0,60.0,45.0,2.0,35.0,10.0,1.0,0.3,0.4
1974,2,152.0,-8.0,29.8,30.0,30.0,29.9,3.0,0.17,12.0,0.7,0.3,0.4,28.36,28.5,28.84,28.6,3.0,0.36,12.0,0.7,0.3,0.4,17.52,17.59,19.19,18.34,3.0,1.39,12.0,0.7,0.3,0.4,70.6,71.7,79.0,74.7,3.0,6.6,12.0,0.7,0.4,0.49,1.55,2.61,1.55,2.0,2.19,16.0,1.0,0.3,0.2,-1.3,-0.77,-0.25,-0.77,2.0,1.1,16.0,1.0,0.3,0.2,0.43,1.34,2.26,1.34,2.0,1.9,16.0,1.0,0.3,0.2,1006.05,1008.3,1008.5,1007.3,3.0,2.0,12.0,0.7,0.3,0.4,4.0,4.0,6.7,5.3,3.0,2.3,12.0,0.7,0.3,0.4,-4.0,-2.4,-0.8,-2.4,2.0,3.4,16.0,1.0,0.3,0.2,1.3,4.2,7.0,4.2,2.0,5.9,16.0,1.0,0.3,0.2,1.13,1.4,1.47,1.3,3.0,0.26,12.0,0.7,0.3,0.4,0.7,2.2,3.7,2.2,2.0,3.1,16.0,1.0,0.3,0.2,7.3,9.15,9.22,8.28,3.0,1.6,12.0,0.7,0.3,0.4,3.2,10.0,16.8,10.0,2.0,14.1,16.0,1.0,0.3,0.2,-36.9,-21.9,-7.0,-21.9,2.0,31.0,16.0,1.0,0.3,0.2,12.1,38.0,63.9,38.0,2.0,53.7,16.0,1.0,0.3,0.2,-26.0,-15.4,-4.9,-15.4,2.0,21.8,16.0,1.0,0.3,0.2,8.5,26.8,45.0,26.8,2.0,37.8,16.0,1.0,0.3,0.2,-8.4,-5.0,-1.6,-5.0,2.0,7.0,16.0,1.0,0.3,0.2,2.7,8.6,14.5,8.6,2.0,12.2,16.0,1.0,0.3,0.2,4.5,15.0,25.0,15.0,2.0,21.0,16.0,1.0,0.3,0.2,5.0,15.0,25.0,15.0,2.0,20.0,16.0,1.0,0.3,0.2
1974,2,152.0,-7.0,29.32,30.0,30.0,29.67,3.0,0.58,16.0,0.7,0.4,0.6,27.5,27.5,27.7,27.6,3.0,0.17,16.0,0.7,0.4,0.6,18.91,19.31,19.72,19.32,3.0,0.59,16.0,0.7,0.4,0.6,81.1,83.7,85.5,83.3,3.0,3.2,16.0,0.7,0.6,2.6,2.6,2.6,2.6,2.0,0.0,14.0,0.5,0.4,0.8,1.3,1.3,1.3,1.3,2.0,0.0,14.0,0.5,0.4,0.8,2.25,2.25,2.25,2.25,2.0,0.0,14.0,0.5,0.4,0.8,1006.3,1006.3,1006.78,1006.53,3.0,0.4,16.0,0.7,0.4,0.6,5.0,7.0,7.0,6.0,3.0,1.7,16.0,0.7,0.4,0.6,3.4,3.4,3.4,3.4,2.0,0.0,14.0,0.5,0.4,0.8,5.9,5.9,5.9,5.9,2.0,0.0,14.0,0.5,0.4,0.8,1.61,2.5,2.5,2.07,3.0,0.75,16.0,0.7,0.4,0.6,6.5,6.5,6.5,6.5,2.0,0.0,14.0,0.5,0.4,0.8,6.64,6.89,7.3,6.97,3.0,0.48,16.0,0.7,0.4,0.6,18.2,18.7,19.2,18.7,2.0,1.1,14.0,0.5,0.4,0.8,35.8,35.8,35.8,35.8,2.0,0.0,14.0,0.5,0.4,0.8,61.9,61.9,61.9,61.9,2.0,0.0,14.0,0.5,0.4,0.8,25.2,25.5,25.8,25.5,2.0,0.5,14.0,0.5,0.4,0.8,43.7,44.2,44.6,44.2,2.0,0.9,14.0,0.5,0.4,0.8,9.1,9.3,9.6,9.3,2.0,0.5,14.0,0.5,0.4,0.8,15.7,16.2,16.6,16.2,2.0,0.9,14.0,0.5,0.4,0.8,17.5,17.5,17.5,17.5,2.0,0.0,14.0,0.5,0.4,0.8,20.0,20.0,20.0,20.0,2.0,0.0,14.0,0.5,0.4,0.8
1974,2,152.0,-6.0,28.33,28.5,29.64,29.0,5.0,1.19,18.0,0.2,0.6,0.6,26.8,27.1,28.13,27.5,5.0,1.09,18.0,0.2,0.6,0.6,18.62,19.25,20.62,19.6,5.0,1.44,18.0,0.2,0.6,0.6,83.2,85.2,86.1,84.6,5.0,2.1,18.0,0.2,0.6,0.98,3.1,7.33,4.13,3.0,4.74,18.0,0.3,0.7,0.7,-1.1,0.0,1.83,0.36,3.0,2.17,18.0,0.3,0.7,0.7,-6.74,-1.55,-0.49,-3.57,3.0,4.9,18.0,0.3,0.7,0.7,1003.4,1005.1,1006.68,1005.23,6.0,1.98,18.0,0.2,0.5,0.6,3.6,5.0,6.0,4.8,5.0,1.3,18.0,0.2,0.6,0.6,-10.3,0.0,5.7,-2.2,3.0,11.8,18.0,0.3,0.7,0.7,-59.7,-4.8,-1.5,-30.0,3.0,47.8,18.0,0.3,0.7,0.7,1.18,1.6,1.81,1.5,5.0,0.45,18.0,0.2,0.6,0.6,2.0,6.2,10.9,6.4,3.0,6.5,18.0,0.3,0.7,0.7,4.93,5.43,6.89,5.76,5.0,1.16,18.0,0.2,0.6,0.6,6.9,21.8,40.9,23.9,3.0,25.0,18.0,0.3,0.7,0.7,-29.9,0.0,49.1,9.4,3.0,58.4,18.0,0.3,0.7,0.7,-182.6,-41.5,-13.2,-96.6,3.0,132.9,18.0,0.3,0.7,0.7,-21.2,0.0,32.9,5.7,3.0,40.0,18.0,0.3,0.7,0.7,-129.2,-27.9,-8.8,-68.1,3.0,94.8,18.0,0.3,0.7,0.7,-5.9,0.0,12.9,3.4,3.0,14.1,18.0,0.3,0.7,0.7,-36.9,-10.9,-3.5,-20.0,3.0,25.8,18.0,0.3,0.7,0.7,9.5,30.0,558.5,278.0,3.0,456.0,18.0,0.3,0.7,0.7,10.0,30.0,560.0,280.0,3.0,455.0,18.0,0.3,0.7,0.7
1974,2,152.0,-5.0,29.13,29.4,29.67,29.4,3.0,0.4,12.0,0.3,0.5,0.5,27.3,27.5,27.7,27.5,3.0,0.3,12.0,0.3,0.5,0.5,18.03,18.91,20.6,19.31,3.0,1.92,12.0,0.3,0.5,0.5,78.8,80.8,88.9,83.8,3.0,7.8,12.0,0.3,0.5,2.84,3.35,3.86,3.35,2.0,1.06,10.0,0.5,0.5,0.5,0.33,1.03,1.72,1.03,2.0,1.45,10.0,0.5,0.5,0.5,-1.62,0.48,2.57,0.48,2.0,4.35,10.0,0.5,0.5,0.5,1006.89,1007.6,1008.68,1007.78,4.0,1.12,16.0,0.3,0.5,0.5,4.6,6.0,6.7,5.7,3.0,1.5,12.0,0.3,0.5,0.5,1.3,4.2,7.1,4.2,2.0,5.9,10.0,0.5,0.5,0.5,-3.4,3.9,11.2,3.9,2.0,15.1,10.0,0.5,0.5,0.5,1.53,1.6,2.28,1.9,3.0,0.61,12.0,0.3,0.5,0.5,4.3,5.2,6.1,5.2,2.0,1.9,10.0,0.5,0.5,0.5,4.83,6.89,8.23,6.54,3.0,2.51,12.0,0.3,0.5,0.5,12.9,19.1,25.3,19.1,2.0,12.8,10.0,0.5,0.5,0.5,9.0,28.5,47.9,28.5,2.0,40.3,10.0,0.5,0.5,0.5,-44.5,13.6,71.7,13.6,2.0,120.4,10.0,0.5,0.5,0.5,6.2,19.4,32.6,19.4,2.0,27.4,10.0,0.5,0.5,0.5,-36.1,5.8,47.7,5.8,2.0,86.8,10.0,0.5,0.5,0.5,2.2,7.1,11.9,7.1,2.0,10.0,10.0,0.5,0.5,0.5,-4.6,7.2,19.0,7.2,2.0,24.4,10.0,0.5,0.5,0.5,25.5,43.0,61.0,43.0,2.0,36.5,10.0,0.5,0.5,0.5,25.0,45.0,60.0,45.0,2.0,35.0,10.0,0.5,0.5,0.5
1974,2,152.0,-4.0,29.0,29.55,31.0,29.96,10.0,1.19,16.0,0.4,0.7,0.6,26.4,27.9,28.64,27.63,13.0,1.23,16.0,0.4,0.7,0.6,16.91,19.43,20.98,19.06,9.0,1.99,16.0,0.4,0.7,0.7,76.9,81.5,91.8,83.5,9.0,8.9,16.0,0.4,0.7,0.0,2.6,4.57,2.72,14.0,2.7,14.0,0.4,0.7,0.6,-3.03,-0.92,0.0,-1.63,14.0,2.26,14.0,0.4,0.7,0.6,-1.81,0.0,2.83,-0.02,14.0,2.69,14.0,0.4,0.7,0.6,1005.01,1006.65,1009.34,1006.89,14.0,1.88,14.0,0.4,0.7,0.6,3.0,6.0,7.0,5.3,14.0,2.2,14.0,0.4,0.7,0.6,-9.3,-3.1,0.0,-9.4,14.0,21.7,14.0,0.4,0.7,0.6,-4.3,0.0,8.7,-1.4,14.0,16.5,14.0,0.4,0.7,0.6,0.85,2.4,3.39,2.1,9.0,1.37,16.0,0.3,0.7,0.6,0.0,3.1,7.4,4.3,9.0,5.8,16.0,0.3,0.7,0.6,4.74,7.27,9.44,7.3,7.0,2.27,16.0,0.3,0.7,0.6,0.0,19.7,22.1,13.7,7.0,11.2,16.0,0.3,0.7,0.6,-83.5,-20.4,0.0,-44.1,13.0,65.0,16.0,0.4,0.7,0.6,-52.8,0.0,86.4,-4.0,13.0,75.9,16.0,0.4,0.7,0.6,-54.1,-16.4,-2.0,-24.3,9.0,25.5,16.0,0.4,0.7,0.7,-28.6,0.0,60.3,2.3,9.0,54.3,16.0,0.4,0.7,0.7,-13.9,-3.8,0.0,-7.1,7.0,7.7,16.0,0.3,0.7,0.6,-17.1,0.0,16.4,-0.4,7.0,15.0,16.0,0.3,0.7,0.6,0.0,17.5,95.5,96.0,14.0,246.5,14.0,0.4,0.7,0.6,0.0,20.0,95.0,95.0,14.0,245.0,14.0,0.4,0.7,0.6
1974,2,152.0,-3.0,28.5,29.25,30.95,29.67,18.0,1.39,16.0,0.6,0.5,0.5,25.51,28.0,29.0,27.7,20.0,1.86,16.0,0.6,0.5,0.5,18.11,19.26,21.1,19.51,18.0,1.53,16.0,0.6,0.5,0.5,74.8,82.6,89.8,83.1,18.0,7.5,16.0,0.6,0.5,1.52,3.85,5.7,3.78,20.0,2.18,16.0,0.6,0.5,0.5,-4.93,-1.3,2.59,-1.33,20.0,3.56,16.0,0.6,0.5,0.5,-2.29,0.0,1.5,-0.07,20.0,2.3,16.0,0.6,0.5,0.5,1005.51,1006.3,1008.49,1006.63,20.0,1.7,16.0,0.6,0.5,0.5,4.0,5.0,7.0,5.2,20.0,1.9,16.0,0.6,0.5,0.5,-28.1,-3.4,8.4,-9.0,20.0,21.3,16.0,0.6,0.5,0.5,-8.3,0.0,13.0,1.0,20.0,12.4,16.0,0.6,0.5,0.5,0.78,1.95,4.15,2.18,18.0,2.45,16.0,0.6,0.5,0.5,0.0,5.9,22.0,7.7,18.0,12.2,16.0,0.6,0.5,0.5,4.88,6.6,9.83,6.99,17.0,2.8,16.0,0.6,0.5,0.5,12.9,29.8,44.4,28.7,17.0,16.6,16.0,0.6,0.5,0.5,-138.1,-33.1,75.2,-36.7,20.0,98.7,16.0,0.6,0.5,0.5,-59.7,0.0,38.2,-2.2,20.0,63.0,16.0,0.6,0.5,0.5,-96.1,-24.3,50.5,-25.9,18.0,73.2,16.0,0.6,0.5,0.5,-45.2,-1.9,41.0,-1.6,18.0,47.5,16.0,0.6,0.5,0.5,-41.9,-6.8,19.6,-10.1,17.0,26.6,16.0,0.6,0.5,0.5,-13.8,0.0,5.4,-1.2,17.0,18.3,16.0,0.6,0.5,0.5,3.5,58.0,185.0,106.0,20.0,149.5,16.0,0.6,0.5,0.5,5.0,60.0,185.0,105.0,20.0,150.0,16.0,0.6,0.5,0.5
1974,2,152.0,-2.0,29.0,30.0,31.0,30.03,16.0,0.94,14.0,0.6,0.3,0.5,26.03,29.0,30.3,28.53,20.0,1.91,14.0,0.6,0.3,0.5,18.26,19.16,20.79,19.32,18.0,1.29,14.0,0.6,0.3,0.5,71.8,78.7,84.8,78.4,18.0,7.3,14.0,0.6,0.5,1.51,3.1,5.1,3.45,20.0,1.75,14.0,0.6,0.3,0.5,-5.01,-2.91,-0.01,-2.4,20.0,2.36,14.0,0.6,0.3,0.5,-2.68,-0.47,0.88,-0.84,20.0,1.79,14.0,0.6,0.3,0.5,1005.02,1008.3,1009.49,1007.45,20.0,2.26,14.0,0.6,0.3,0.5,3.0,5.0,8.0,5.1,20.0,2.0,14.0,0.6,0.3,0.5,-25.6,-9.5,0.0,-11.6,20.0,12.4,14.0,0.6,0.3,0.5,-11.1,-0.5,2.3,-3.7,20.0,7.9,14.0,0.6,0.3,0.5,0.44,1.0,4.43,1.67,16.0,2.37,14.0,0.6,0.3,0.5,0.7,3.6,18.8,7.7,16.0,10.5,14.0,0.6,0.3,0.5,5.7,7.18,9.35,7.61,15.0,2.0,14.0,0.6,0.3,0.5,13.7,27.1,45.7,27.8,15.0,15.0,14.0,0.6,0.3,0.5,-122.3,-78.9,-0.2,-66.4,20.0,66.0,14.0,0.6,0.3,0.5,-77.8,-14.2,25.5,-24.0,20.0,49.3,14.0,0.6,0.3,0.5,-85.8,-53.0,-3.0,-45.7,18.0,44.1,14.0,0.6,0.3,0.5,-58.1,-17.9,16.5,-18.2,18.0,35.8,14.0,0.6,0.3,0.5,-37.9,-15.3,-3.2,-18.4,15.0,19.2,14.0,0.6,0.3,0.5,-20.1,-7.2,7.6,-7.0,15.0,16.4,14.0,0.6,0.3,0.5,3.5,30.0,132.5,70.0,20.0,73.0,14.0,0.6,0.3,0.5,5.0,30.0,135.0,70.0,20.0,75.0,14.0,0.6,0.3,0.5
1974,2,152.0,-1.0,29.0,29.75,30.94,29.86,8.0,0.97,16.0,0.6,0.3,0.5,28.1,29.0,29.93,29.0,12.0,0.93,16.0,0.7,0.3,0.6,17.41,19.04,21.21,19.48,10.0,2.13,18.0,0.7,0.3,0.6,69.9,75.0,84.3,77.9,10.0,9.0,18.0,0.7,0.6,1.0,3.6,6.33,3.81,12.0,2.44,16.0,0.7,0.3,0.6,-6.22,-2.11,0.0,-2.92,12.0,2.9,16.0,0.7,0.3,0.6,-2.49,-1.2,0.0,-1.41,12.0,1.39,16.0,0.7,0.3,0.6,1005.5,1007.0,1008.0,1006.88,12.0,1.46,16.0,0.7,0.3,0.6,2.6,4.0,5.4,3.9,11.0,1.7,14.0,0.6,0.3,0.5,-39.4,-6.2,0.0,-17.0,12.0,20.4,16.0,0.7,0.3,0.6,-11.6,-4.6,0.0,-5.6,12.0,6.6,16.0,0.7,0.3,0.6,0.5,0.7,1.46,0.94,8.0,0.77,16.0,0.6,0.3,0.5,0.6,2.3,5.3,3.3,8.0,3.4,16.0,0.6,0.3,0.5,6.65,8.01,8.83,7.85,8.0,1.22,16.0,0.6,0.3,0.5,9.3,28.9,51.8,32.4,8.0,21.0,16.0,0.6,0.3,0.5,-179.3,-59.5,0.0,-84.6,12.0,84.2,16.0,0.7,0.3,0.6,-74.0,-34.0,0.0,-41.2,12.0,40.6,16.0,0.7,0.3,0.6,-110.0,-36.3,0.0,-54.3,10.0,56.0,18.0,0.7,0.3,0.6,-41.9,-22.3,-7.5,-28.8,10.0,25.0,18.0,0.7,0.3,0.6,-51.7,-18.4,-0.3,-25.0,8.0,25.1,16.0,0.6,0.3,0.5,-21.3,-9.0,-6.0,-12.9,8.0,10.2,16.0,0.6,0.3,0.5,1.0,49.5,254.0,117.5,12.0,145.5,16.0,0.7,0.3,0.6,0.0,50.0,255.0,115.0,12.0,145.0,16.0,0.7,0.3,0.6
1974,2,152.0,0.0,29.48,31.0,31.05,30.5,7.0,1.04,16.0,0.7,0.2,0.5,26.14,29.15,30.0,28.45,8.0,2.12,14.0,0.6,0.2,0.5,19.18,19.73,20.42,20.02,6.0,1.27,16.0,0.7,0.2,0.4,76.5,79.2,86.6,81.6,6.0,7.8,16.0,0.7,0.4,2.0,3.6,5.2,3.53,7.0,2.26,16.0,0.6,0.2,0.5,-3.72,-1.61,0.0,-2.3,7.0,2.58,16.0,0.6,0.2,0.5,-3.62,0.0,0.06,-1.13,7.0,2.3,16.0,0.6,0.2,0.5,1005.11,1007.0,1007.53,1006.26,8.0,1.78,14.0,0.6,0.2,0.5,2.3,5.5,8.0,5.5,8.0,2.5,14.0,0.6,0.2,0.5,-14.6,-3.4,0.0,-11.4,7.0,18.5,16.0,0.6,0.2,0.5,-13.4,0.0,0.1,-5.5,7.0,10.4,16.0,0.6,0.2,0.5,0.0,2.2,4.1,2.27,7.0,2.2,16.0,0.7,0.2,0.5,0.0,1.6,12.6,8.5,6.0,17.1,16.0,0.7,0.2,0.4,5.85,7.79,9.52,7.76,6.0,1.98,16.0,0.7,0.2,0.4,11.4,23.2,38.1,26.4,6.0,22.7,16.0,0.7,0.2,0.4,-106.5,-43.9,0.0,-62.6,7.0,66.4,16.0,0.6,0.2,0.5,-108.8,0.0,1.8,-35.1,7.0,70.0,16.0,0.6,0.2,0.5,-84.3,-46.0,0.0,-50.0,6.0,52.0,16.0,0.7,0.2,0.4,-33.6,0.0,5.4,-16.9,6.0,49.6,16.0,0.7,0.2,0.4,-35.4,-15.0,0.0,-20.7,6.0,25.1,16.0,0.7,0.2,0.4,-9.0,0.0,1.9,-4.1,6.0,13.6,16.0,0.7,0.2,0.4,9.0,46.5,144.0,91.0,7.0,131.5,16.0,0.6,0.2,0.5,10.0,45.0,145.0,90.0,7.0,130.0,16.0,0.6,0.2,0.5
1974,2,152.0,1.0,29.9,30.5,31.05,30.29,7.0,1.22,18.0,0.7,0.2,0.6,25.95,28.5,29.05,27.79,7.0,1.82,18.0,0.7,0.2,0.6,18.18,18.68,20.23,19.12,6.0,1.41,18.0,0.7,0.2,0.6,74.6,76.8,87.6,80.4,6.0,8.0,18.0,0.7,0.6,4.03,5.1,5.77,4.93,7.0,1.48,18.0,0.7,0.2,0.6,-5.68,-4.37,-3.1,-4.44,7.0,1.64,18.0,0.7,0.2,0.6,-2.68,-1.3,0.05,-1.42,7.0,1.57,18.0,0.7,0.2,0.6,1007.74,1009.8,1010.0,1008.44,7.0,2.73,18.0,0.7,0.2,0.6,1.0,3.0,8.0,4.3,7.0,3.3,18.0,0.7,0.2,0.6,-32.9,-24.9,-12.5,-23.9,7.0,15.0,18.0,0.7,0.2,0.6,-11.3,-8.4,0.3,-6.7,7.0,8.5,18.0,0.7,0.2,0.6,0.45,3.0,4.07,2.5,7.0,2.2,18.0,0.7,0.2,0.6,1.8,17.1,22.8,13.0,7.0,12.2,18.0,0.7,0.2,0.6,7.2,8.23,9.26,8.21,6.0,1.79,18.0,0.7,0.2,0.6,28.8,33.8,49.6,37.2,6.0,12.6,18.0,0.7,0.2,0.6,-163.8,-124.4,-77.9,-122.8,7.0,43.1,18.0,0.7,0.2,0.6,-67.7,-37.7,1.4,-39.0,7.0,44.1,18.0,0.7,0.2,0.6,-96.2,-75.3,-55.2,-77.0,6.0,27.3,18.0,0.7,0.2,0.6,-52.9,-32.5,4.4,-26.7,6.0,32.8,18.0,0.7,0.2,0.6,-49.0,-27.5,-22.5,-33.3,6.0,14.8,18.0,0.7,0.2,0.6,-20.5,-13.1,1.7,-10.2,6.0,12.2,18.0,0.7,0.2,0.6,66.5,132.5,194.0,147.5,7.0,118.0,18.0,0.7,0.2,0.6,65.0,135.0,195.0,145.0,7.0,120.0,18.0,0.7,0.2,0.6
1974,2,152.0,2.0,30.66,31.0,31.34,31.0,2.0,0.71,18.0,0.5,0.0,0.3,27.93,29.2,30.0,28.98,4.0,1.24,18.0,0.5,0.0,0.3,19.7,21.14,21.25,20.49,3.0,1.26,20.0,0.3,0.0,0.4,78.7,79.2,88.0,83.2,3.0,7.7,20.0,0.3,0.4,1.24,2.8,6.82,3.98,4.0,3.8,18.0,0.5,0.0,0.3,-6.07,-1.7,0.06,-2.95,4.0,4.15,18.0,0.5,0.0,0.3,-2.08,-0.27,2.11,0.0,4.0,2.59,18.0,0.5,0.0,0.3,1005.81,1007.65,1008.81,1007.33,4.0,1.85,18.0,0.5,0.0,0.3,2.4,4.0,6.1,4.3,4.0,2.9,18.0,0.5,0.0,0.3,-48.7,-6.6,0.0,-23.5,4.0,39.0,18.0,0.5,0.0,0.3,-6.7,-0.6,15.9,4.4,4.0,17.5,18.0,0.5,0.0,0.3,1.06,2.25,3.44,2.25,2.0,2.47,18.0,0.5,0.0,0.3,6.5,10.5,14.5,10.5,2.0,8.3,18.0,0.5,0.0,0.3,6.69,7.21,7.74,7.21,2.0,1.09,18.0,0.5,0.0,0.3,37.0,46.3,55.6,46.3,2.0,19.2,18.0,0.5,0.0,0.3,-178.5,-47.1,1.4,-86.7,4.0,124.2,18.0,0.5,0.0,0.3,-59.1,-8.8,62.7,1.3,4.0,75.3,18.0,0.5,0.0,0.3,-147.3,-66.9,-16.8,-81.7,3.0,96.5,20.0,0.3,0.0,0.4,-32.6,17.9,51.6,9.7,3.0,62.1,20.0,0.3,0.0,0.4,-51.4,-40.7,-30.0,-40.7,2.0,22.1,18.0,0.5,0.0,0.3,-14.4,-0.3,13.9,-0.3,2.0,29.4,18.0,0.5,0.0,0.3,2.0,36.0,454.0,219.5,4.0,391.0,18.0,0.5,0.0,0.3,0.0,35.0,455.0,220.0,4.0,390.0,18.0,0.5,0.0,0.3
1974,2,152.0,3.0,,,,,,,,,,,,,,,,,,,,,,,,,,,,,,,,,,,,,,,,3.6,3.6,3.6,3.6,1.0,0.0,2.0,1.0,0.1,0.6,-3.55,-3.55,-3.55,-3.55,1.0,0.0,2.0,1.0,0.1,0.6,0.63,0.63,0.63,0.63,1.0,0.0,2.0,1.0,0.1,0.6,1009.5,1009.5,1009.5,1009.5,1.0,0.0,2.0,1.0,0.1,0.6,,,,,,,,,,,,,,,,,,,,,,,,,,,,,,,,,,,,,,,,,,,,,,,,,,,,,,,,,,,,,,,,,,,,,,,,,,,,,,,,,,,,,,,,,,,,,,,,,,,,,,,,,,,,,,,,,,,,,,,,,,,,,,,,,,,,,,,,,,,,,,,,,,,,,,
1974,2,152.0,4.0,,,,,,,,,,,,,,,,,,,,,,,,,,,,,,,,,,,,,,,,9.0,9.0,9.0,9.0,1.0,0.0,4.0,0.0,0.3,0.8,3.08,3.08,3.08,3.08,1.0,0.0,4.0,0.0,0.3,0.8,-8.46,-8.46,-8.46,-8.46,1.0,0.0,4.0,0.0,0.3,0.8,1004.2,1004.2,1004.2,1004.2,1.0,0.0,4.0,0.0,0.3,0.8,,,,,,,,,,,,,,,,,,,,,,,,,,,,,,,,,,,,,,,,,,,,,,,,,,,,,,,,,,,,,,,,,,,,,,,,,,,,,,,,,,,,,,,,,,,,,,,,,,,,,,,,,,,,,,,,,,,,,,,,,,,,,,,,,,,,,,,,,,,,,,,,,,,,,,
1974,2,152.0,7.0,29.0,29.0,29.0,29.0,1.0,0.0,6.0,0.0,0.5,0.4,25.4,25.4,25.4,25.4,1.0,0.0,6.0,0.0,0.5,0.4,18.31,18.31,18.31,18.31,1.0,0.0,6.0,0.0,0.5,0.4,89.8,89.8,89.8,89.8,1.0,0.0,6.0,0.0,0.4,14.4,14.4,14.4,14.4,1.0,0.0,6.0,0.0,0.5,0.4,-14.18,-14.18,-14.18,-14.18,1.0,0.0,6.0,0.0,0.5,0.4,-2.5,-2.5,-2.5,-2.5,1.0,0.0,6.0,0.0,0.5,0.4,1005.2,1005.2,1005.2,1005.2,1.0,0.0,6.0,0.0,0.5,0.4,8.0,8.0,8.0,8.0,1.0,0.0,6.0,0.0,0.5,0.4,-204.2,-204.2,-204.2,-204.2,1.0,0.0,6.0,0.0,0.5,0.4,-36.0,-36.0,-36.0,-36.0,1.0,0.0,6.0,0.0,0.5,0.4,3.6,3.6,3.6,3.6,1.0,0.0,6.0,0.0,0.5,0.4,51.8,51.8,51.8,51.8,1.0,0.0,6.0,0.0,0.5,0.4,6.99,6.99,6.99,6.99,1.0,0.0,6.0,0.0,0.5,0.4,100.7,100.7,100.7,100.7,1.0,0.0,6.0,0.0,0.5,0.4,-360.2,-360.2,-360.2,-360.2,1.0,0.0,6.0,0.0,0.5,0.4,-63.5,-63.5,-63.5,-63.5,1.0,0.0,6.0,0.0,0.5,0.4,-259.6,-259.6,-259.6,-259.6,1.0,0.0,6.0,0.0,0.5,0.4,-45.8,-45.8,-45.8,-45.8,1.0,0.0,6.0,0.0,0.5,0.4,-99.2,-99.2,-99.2,-99.2,1.0,0.0,6.0,0.0,0.5,0.4,-17.5,-17.5,-17.5,-17.5,1.0,0.0,6.0,0.0,0.5,0.4,2986.0,2986.0,2986.0,2986.0,1.0,0.0,6.0,0.0,0.5,0.4,2985.0,2985.0,2985.0,2985.0,1.0,0.0,6.0,0.0,0.5,0.4
1974,2,152.0,8.0,28.5,28.5,28.5,28.5,1.0,0.0,26.0,0.0,0.9,0.4,27.0,27.0,27.0,27.0,1.0,0.0,26.0,0.0,0.9,0.4,17.6,17.6,17.6,17.6,1.0,0.0,26.0,0.0,0.9,0.4,78.8,78.8,78.8,78.8,1.0,0.0,26.0,0.0,0.4,7.7,7.7,7.7,7.7,1.0,0.0,26.0,0.0,0.9,0.4,-5.9,-5.9,-5.9,-5.9,1.0,0.0,26.0,0.0,0.9,0.4,-4.95,-4.95,-4.95,-4.95,1.0,0.0,26.0,0.0,0.9,0.4,1007.7,1007.7,1007.7,1007.7,1.0,0.0,26.0,0.0,0.9,0.4,1.0,1.0,1.0,1.0,1.0,0.0,26.0,0.0,0.9,0.4,-45.4,-45.4,-45.4,-45.4,1.0,0.0,26.0,0.0,0.9,0.4,-38.1,-38.1,-38.1,-38.1,1.0,0.0,26.0,0.0,0.9,0.4,1.5,1.5,1.5,1.5,1.0,0.0,26.0,0.0,0.9,0.4,11.6,11.6,11.6,11.6,1.0,0.0,26.0,0.0,0.9,0.4,6.9,6.9,6.9,6.9,1.0,0.0,26.0,0.0,0.9,0.4,53.1,53.1,53.1,53.1,1.0,0.0,26.0,0.0,0.9,0.4,-159.3,-159.3,-159.3,-159.3,1.0,0.0,26.0,0.0,0.9,0.4,-133.6,-133.6,-133.6,-133.6,1.0,0.0,26.0,0.0,0.9,0.4,-103.8,-103.8,-103.8,-103.8,1.0,0.0,26.0,0.0,0.9,0.4,-87.1,-87.1,-87.1,-87.1,1.0,0.0,26.0,0.0,0.9,0.4,-40.7,-40.7,-40.7,-40.7,1.0,0.0,26.0,0.0,0.9,0.4,-34.2,-34.2,-34.2,-34.2,1.0,0.0,26.0,0.0,0.9,0.4,456.5,456.5,456.5,456.5,1.0,0.0,26.0,0.0,0.9,0.4,455.0,455.0,455.0,455.0,1.0,0.0,26.0,0.0,0.9,0.4
1974,2,152.0,12.0,28.4,28.4,28.4,28.4,1.0,0.0,4.0,1.0,0.7,0.0,26.7,26.7,26.7,26.7,1.0,0.0,4.0,1.0,0.7,0.0,17.36,17.36,17.36,17.36,1.0,0.0,4.0,1.0,0.7,0.0,79.2,79.2,79.2,79.2,1.0,0.0,4.0,1.0,0.0,8.7,8.7,8.7,8.7,1.0,0.0,4.0,1.0,0.7,0.0,-7.53,-7.53,-7.53,-7.53,1.0,0.0,4.0,1.0,0.7,0.0,-4.35,-4.35,-4.35,-4.35,1.0,0.0,4.0,1.0,0.7,0.0,1009.1,1009.1,1009.1,1009.1,1.0,0.0,4.0,1.0,0.7,0.0,3.0,3.0,3.0,3.0,1.0,0.0,4.0,1.0,0.7,0.0,-65.5,-65.5,-65.5,-65.5,1.0,0.0,4.0,1.0,0.7,0.0,-37.8,-37.8,-37.8,-37.8,1.0,0.0,4.0,1.0,0.7,0.0,1.7,1.7,1.7,1.7,1.0,0.0,4.0,1.0,0.7,0.0,14.8,14.8,14.8,14.8,1.0,0.0,4.0,1.0,0.7,0.0,6.96,6.96,6.96,6.96,1.0,0.0,4.0,1.0,0.7,0.0,60.6,60.6,60.6,60.6,1.0,0.0,4.0,1.0,0.7,0.0,-201.2,-201.2,-201.2,-201.2,1.0,0.0,4.0,1.0,0.7,0.0,-116.1,-116.1,-116.1,-116.1,1.0,0.0,4.0,1.0,0.7,0.0,-130.8,-130.8,-130.8,-130.8,1.0,0.0,4.0,1.0,0.7,0.0,-75.5,-75.5,-75.5,-75.5,1.0,0.0,4.0,1.0,0.7,0.0,-52.4,-52.4,-52.4,-52.4,1.0,0.0,4.0,1.0,0.7,0.0,-30.3,-30.3,-30.3,-30.3,1.0,0.0,4.0,1.0,0.7,0.0,658.5,658.5,658.5,658.5,1.0,0.0,4.0,1.0,0.7,0.0,660.0,660.0,660.0,660.0,1.0,0.0,4.0,1.0,0.7,0.0
1974,2,152.0,13.0,,,,,,,,,,,,,,,,,,,,,,,,,,,,,,,,,,,,,,,,5.1,5.1,5.1,5.1,1.0,0.0,6.0,1.0,0.0,0.4,-4.79,-4.79,-4.79,-4.79,1.0,0.0,6.0,1.0,0.0,0.4,-1.74,-1.74,-1.74,-1.74,1.0,0.0,6.0,1.0,0.0,0.4,1010.0,1010.0,1010.0,1010.0,1.0,0.0,6.0,1.0,0.0,0.4,,,,,,,,,,,,,,,,,,,,,,,,,,,,,,,,,,,,,,,,,,,,,,,,,,,,,,,,,,,,,,,,,,,,,,,,,,,,,,,,,,,,,,,,,,,,,,,,,,,,,,,,,,,,,,,,,,,,,,,,,,,,,,,,,,,,,,,,,,,,,,,,,,,,,,
1974,2,152.0,14.0,25.29,27.2,29.11,27.2,2.0,3.96,4.0,1.0,0.3,0.5,27.23,27.3,27.37,27.3,2.0,0.14,4.0,1.0,0.3,0.5,16.65,17.02,17.39,17.02,2.0,0.77,4.0,1.0,0.3,0.5,73.3,75.1,77.0,75.1,2.0,3.9,4.0,1.0,0.5,7.11,8.0,8.89,8.0,2.0,1.84,4.0,1.0,0.3,0.5,-6.91,-6.46,-6.01,-6.46,2.0,0.93,4.0,1.0,0.3,0.5,-5.56,-4.66,-3.77,-4.66,2.0,1.86,4.0,1.0,0.3,0.5,1010.41,1011.3,1012.19,1011.3,2.0,1.84,4.0,1.0,0.3,0.5,3.0,3.0,3.0,3.0,2.0,0.0,4.0,1.0,0.3,0.5,-61.9,-52.6,-43.2,-52.6,2.0,19.4,4.0,1.0,0.3,0.5,-50.3,-39.0,-27.7,-39.0,2.0,23.4,4.0,1.0,0.3,0.5,-1.94,-0.1,1.74,-0.1,2.0,3.82,4.0,1.0,0.3,0.5,-11.9,2.7,17.4,2.7,2.0,30.4,4.0,1.0,0.3,0.5,2.93,5.86,8.79,5.86,2.0,6.08,4.0,1.0,0.3,0.5,23.8,52.5,81.1,52.5,2.0,59.4,4.0,1.0,0.3,0.5,-189.3,-176.5,-163.8,-176.5,2.0,26.4,4.0,1.0,0.3,0.5,-152.3,-127.5,-102.7,-127.5,2.0,51.4,4.0,1.0,0.3,0.5,-114.9,-109.6,-104.4,-109.6,2.0,10.9,4.0,1.0,0.3,0.5,-92.2,-78.7,-65.1,-78.7,2.0,28.0,4.0,1.0,0.3,0.5,-62.3,-40.7,-19.1,-40.7,2.0,44.7,4.0,1.0,0.3,0.5,-51.9,-33.0,-14.0,-33.0,2.0,39.2,4.0,1.0,0.3,0.5,380.5,552.5,724.5,552.5,2.0,356.0,4.0,1.0,0.3,0.5,380.0,555.0,725.0,555.0,2.0,355.0,4.0,1.0,0.3,0.5
1974,2,152.0,15.0,26.86,27.2,27.95,27.4,3.0,0.82,16.0,0.7,0.4,0.5,26.7,26.7,28.95,27.8,3.0,1.91,16.0,0.7,0.4,0.5,16.16,16.49,17.63,16.89,3.0,1.13,16.0,0.7,0.4,0.5,65.2,75.4,80.7,73.0,3.0,11.6,16.0,0.7,0.5,4.06,7.2,11.09,7.57,3.0,5.16,16.0,0.7,0.4,0.5,-9.42,-3.6,-2.92,-6.11,3.0,5.23,16.0,0.7,0.4,0.5,-5.66,-4.41,-1.4,-3.55,3.0,3.21,16.0,0.7,0.4,0.5,1010.82,1011.5,1012.66,1011.73,3.0,1.37,16.0,0.7,0.4,0.5,0.6,2.0,3.4,2.0,3.0,2.0,16.0,0.7,0.4,0.5,-115.0,-25.9,-12.8,-63.0,3.0,81.4,16.0,0.7,0.4,0.5,-53.1,-44.9,-14.2,-33.9,3.0,30.0,16.0,0.7,0.4,0.5,-2.09,0.5,1.25,-0.4,3.0,2.57,16.0,0.7,0.4,0.5,-27.9,3.6,4.0,-11.6,3.0,26.8,16.0,0.7,0.4,0.5,5.93,5.95,6.06,5.99,3.0,0.1,16.0,0.7,0.4,0.5,24.5,44.0,66.4,45.4,3.0,30.7,16.0,0.7,0.4,0.5,-278.7,-96.1,-77.9,-176.4,3.0,162.7,16.0,0.7,0.4,0.5,-155.7,-132.4,-42.0,-99.6,3.0,87.9,16.0,0.7,0.4,0.5,-151.3,-59.4,-51.1,-100.2,3.0,81.5,16.0,0.7,0.4,0.5,-92.6,-70.6,-22.4,-57.8,3.0,52.6,16.0,0.7,0.4,0.5,-56.2,-22.0,-17.5,-36.5,3.0,31.0,16.0,0.7,0.4,0.5,-34.3,-26.3,-8.3,-21.4,3.0,19.5,16.0,0.7,0.4,0.5,130.5,373.0,1584.0,846.0,3.0,1140.5,16.0,0.7,0.4,0.5,130.0,375.0,1585.0,845.0,3.0,1140.0,16.0,0.7,0.4,0.5
1974,2,152.0,16.0,26.44,26.7,26.7,26.56,5.0,0.31,18.0,0.6,0.5,0.1,25.32,26.7,27.24,26.34,5.0,1.04,18.0,0.6,0.5,0.1,12.48,16.12,16.66,14.86,5.0,2.36,18.0,0.6,0.5,0.1,56.1,75.5,81.1,69.9,5.0,13.2,18.0,0.6,0.1,6.02,10.3,12.25,9.48,5.0,3.48,18.0,0.6,0.5,0.1,-10.1,-9.68,-3.87,-7.55,5.0,3.43,18.0,0.6,0.5,0.1,-6.85,-4.75,-4.06,-5.44,5.0,2.1,18.0,0.6,0.5,0.1,1009.69,1012.2,1014.21,1012.18,5.0,2.83,18.0,0.6,0.5,0.1,1.6,5.0,5.4,3.8,5.0,2.2,18.0,0.6,0.5,0.1,-124.3,-99.7,-23.3,-80.8,5.0,55.9,18.0,0.6,0.5,0.1,-85.9,-36.3,-27.8,-55.7,5.0,41.1,18.0,0.6,0.5,0.1,-0.54,0.0,0.94,0.22,5.0,0.94,18.0,0.6,0.5,0.1,-6.8,0.0,7.1,0.4,5.0,7.6,18.0,0.6,0.5,0.1,4.71,5.86,9.47,6.88,5.0,2.56,18.0,0.6,0.5,0.1,42.8,54.5,82.8,64.3,5.0,35.8,18.0,0.6,0.5,0.1,-275.4,-246.8,-99.0,-200.2,5.0,93.9,18.0,0.6,0.5,0.1,-186.7,-118.7,-106.8,-144.5,5.0,59.7,18.0,0.6,0.5,0.1,-161.9,-137.0,-56.6,-114.1,5.0,56.7,18.0,0.6,0.5,0.1,-103.3,-76.5,-55.5,-79.5,5.0,26.5,18.0,0.6,0.5,0.1,-65.4,-43.8,-32.0,-49.7,5.0,28.0,18.0,0.6,0.5,0.1,-57.7,-27.8,-23.1,-39.3,5.0,25.6,18.0,0.6,0.5,0.1,219.0,1092.5,1896.5,1129.0,5.0,1025.5,18.0,0.6,0.5,0.1,220.0,1095.0,1895.0,1130.0,5.0,1025.0,18.0,0.6,0.5,0.1
1974,2,152.0,17.0,24.97,26.2,27.43,26.2,3.0,1.8,20.0,0.3,0.4,0.4,25.73,26.0,27.37,26.53,3.0,1.29,20.0,0.3,0.4,0.4,13.69,17.02,18.09,15.91,3.0,3.36,20.0,0.3,0.4,0.4,63.4,72.1,83.5,73.4,3.0,14.7,20.0,0.3,0.4,3.39,5.1,6.87,5.13,3.0,2.55,20.0,0.3,0.4,0.4,-5.79,-3.91,-2.6,-4.19,3.0,2.35,20.0,0.3,0.4,0.4,-3.67,-3.28,-2.18,-2.93,3.0,1.13,20.0,0.3,0.4,0.4,1010.6,1010.8,1013.33,1011.93,3.0,2.23,20.0,0.3,0.4,0.4,3.0,3.0,6.4,4.7,3.0,2.9,20.0,0.3,0.4,0.4,-41.4,-19.9,-9.9,-25.5,3.0,23.6,20.0,0.3,0.4,0.4,-25.5,-16.7,-8.3,-16.9,3.0,12.7,20.0,0.3,0.4,0.4,-1.61,-1.2,0.98,-0.33,3.0,2.04,20.0,0.3,0.4,0.4,-7.8,-4.7,5.5,-1.2,3.0,10.2,20.0,0.3,0.4,0.4,4.53,5.04,6.36,5.44,3.0,1.39,20.0,0.3,0.4,0.4,15.8,25.7,44.8,30.2,3.0,21.6,20.0,0.3,0.4,0.4,-148.8,-101.6,-70.3,-109.4,3.0,57.9,20.0,0.3,0.4,0.4,-94.3,-85.2,-59.0,-76.9,3.0,26.9,20.0,0.3,0.4,0.4,-78.3,-72.6,-46.2,-62.5,3.0,25.1,20.0,0.3,0.4,0.4,-56.4,-46.7,-34.2,-45.4,3.0,16.3,20.0,0.3,0.4,0.4,-38.0,-19.7,-12.1,-24.9,3.0,19.5,20.0,0.3,0.4,0.4,-23.6,-16.5,-10.1,-16.9,3.0,9.9,20.0,0.3,0.4,0.4,54.0,132.5,353.5,202.5,3.0,227.5,20.0,0.3,0.4,0.4,55.0,135.0,355.0,200.0,3.0,230.0,20.0,0.3,0.4,0.4
1974,2,152.0,18.0,25.5,26.25,27.0,26.25,6.0,0.67,10.0,0.5,0.3,0.6,23.5,24.8,26.41,25.1,6.0,1.87,10.0,0.5,0.3,0.6,14.73,15.35,15.97,15.34,6.0,1.44,10.0,0.5,0.3,0.6,73.7,74.3,83.4,77.1,6.0,5.1,10.0,0.5,0.6,3.29,4.6,6.17,5.05,6.0,2.78,10.0,0.5,0.3,0.6,-4.1,-2.96,-1.57,-3.15,6.0,2.6,10.0,0.5,0.3,0.6,-4.16,-2.66,0.48,-1.85,6.0,3.95,10.0,0.5,0.3,0.6,1008.4,1009.4,1013.77,1010.6,6.0,2.84,10.0,0.5,0.3,0.6,3.8,5.5,8.0,5.7,6.0,2.3,10.0,0.5,0.3,0.6,-27.6,-12.4,-3.3,-20.6,6.0,30.2,10.0,0.5,0.3,0.6,-26.9,-11.3,4.2,-13.8,6.0,30.9,10.0,0.5,0.3,0.6,-0.05,1.1,2.31,1.15,6.0,1.62,10.0,0.5,0.3,0.6,-0.7,4.9,14.7,8.4,6.0,14.6,10.0,0.5,0.3,0.6,5.2,5.49,6.61,6.04,6.0,1.61,10.0,0.5,0.3,0.6,19.4,24.4,39.1,33.6,6.0,30.5,10.0,0.5,0.3,0.6,-102.6,-69.6,-40.7,-76.2,6.0,60.8,10.0,0.5,0.3,0.6,-98.1,-64.8,14.7,-40.7,6.0,101.0,10.0,0.5,0.3,0.6,-59.7,-44.8,-24.3,-45.3,6.0,33.5,10.0,0.5,0.3,0.6,-60.3,-40.7,9.7,-23.8,6.0,61.2,10.0,0.5,0.3,0.6,-29.7,-15.7,-8.9,-22.3,6.0,25.6,10.0,0.5,0.3,0.6,-27.5,-14.7,1.8,-14.8,6.0,27.8,10.0,0.5,0.3,0.6,39.0,97.5,331.0,246.0,6.0,417.0,10.0,0.5,0.3,0.6,40.0,95.0,330.0,245.0,6.0,415.0,10.0,0.5,0.3,0.6
1974,2,152.0,19.0,26.84,27.15,27.56,27.2,4.0,0.47,8.0,0.5,0.3,0.3,24.14,24.95,26.02,25.08,4.0,1.16,8.0,0.5,0.3,0.3,16.17,17.44,17.67,16.94,4.0,1.2,8.0,0.5,0.3,0.3,81.7,84.7,89.0,85.3,4.0,4.5,8.0,0.5,0.3,4.58,5.1,7.82,6.15,4.0,2.81,8.0,0.5,0.3,0.3,-5.33,-3.88,-2.75,-4.03,4.0,2.0,8.0,0.5,0.3,0.3,-6.42,-4.04,-0.83,-3.64,4.0,3.87,8.0,0.5,0.3,0.3,1009.83,1013.85,1014.72,1012.35,4.0,3.96,8.0,0.5,0.3,0.3,2.0,5.0,8.0,5.0,4.0,3.5,8.0,0.5,0.3,0.3,-45.2,-17.9,-12.2,-28.2,4.0,27.0,8.0,0.5,0.3,0.3,-54.2,-20.6,-4.9,-29.2,4.0,37.0,8.0,0.5,0.3,0.3,1.36,2.55,2.85,2.13,4.0,1.11,8.0,0.5,0.3,0.3,5.8,12.1,22.2,13.9,4.0,11.1,8.0,0.5,0.3,0.3,5.09,5.52,6.2,5.64,4.0,0.79,8.0,0.5,0.3,0.3,23.9,26.0,49.3,36.1,4.0,22.0,8.0,0.5,0.3,0.3,-129.7,-96.8,-69.6,-99.5,4.0,45.9,8.0,0.5,0.3,0.3,-159.3,-103.5,-19.3,-90.0,4.0,94.9,8.0,0.5,0.3,0.3,-85.1,-67.8,-48.2,-66.7,4.0,28.5,8.0,0.5,0.3,0.3,-102.9,-70.5,-13.9,-59.0,4.0,61.6,8.0,0.5,0.3,0.3,-33.6,-21.4,-14.4,-23.9,4.0,15.0,8.0,0.5,0.3,0.3,-38.7,-20.4,-4.3,-21.4,4.0,25.0,8.0,0.5,0.3,0.3,99.5,132.5,635.5,356.5,4.0,491.5,8.0,0.5,0.3,0.3,100.0,135.0,635.0,355.0,4.0,490.0,8.0,0.5,0.3,0.3
1974,2,152.0,20.0,25.66,26.0,26.48,26.07,3.0,0.6,18.0,0.7,0.6,0.7,22.95,25.0,25.41,24.2,3.0,1.93,18.0,0.7,0.6,0.7,13.21,13.7,13.87,13.54,3.0,0.5,18.0,0.7,0.6,0.7,68.4,70.6,76.4,72.3,3.0,6.0,18.0,0.7,0.7,2.76,3.1,10.81,6.7,3.0,6.67,18.0,0.7,0.6,0.7,-9.36,-2.68,-0.85,-5.05,3.0,6.56,18.0,0.7,0.6,0.7,-5.74,-2.6,-1.88,-3.78,3.0,3.01,18.0,0.7,0.6,0.7,1012.23,1014.0,1015.37,1013.8,3.0,2.31,18.0,0.7,0.6,0.7,1.5,2.5,3.5,2.5,2.0,2.1,14.0,1.0,0.6,0.7,-125.2,-8.3,-2.6,-62.6,3.0,101.4,18.0,0.7,0.6,0.7,-72.9,-6.8,-5.4,-38.4,3.0,56.5,18.0,0.7,0.6,0.7,1.03,1.1,2.74,1.87,3.0,1.42,18.0,0.7,0.6,0.7,5.2,10.9,14.3,9.8,3.0,6.7,18.0,0.7,0.6,0.7,7.19,7.39,7.9,7.54,3.0,0.53,18.0,0.7,0.6,0.7,19.9,22.9,87.2,52.8,3.0,55.7,18.0,0.7,0.6,0.7,-236.7,-59.1,-18.7,-126.1,3.0,169.9,18.0,0.7,0.6,0.7,-146.4,-65.0,-43.9,-94.5,3.0,79.3,18.0,0.7,0.6,0.7,-127.7,-34.8,-11.1,-68.6,3.0,90.3,18.0,0.7,0.6,0.7,-78.9,-36.2,-25.2,-51.7,3.0,41.5,18.0,0.7,0.6,0.7,-75.5,-19.8,-6.3,-40.4,3.0,53.8,18.0,0.7,0.6,0.7,-45.8,-18.4,-13.7,-29.5,3.0,25.4,18.0,0.7,0.6,0.7,21.5,30.0,2047.5,1011.0,3.0,1710.5,18.0,0.7,0.6,0.7,20.0,30.0,2050.0,1010.0,3.0,1710.0,18.0,0.7,0.6,0.7
1974,2,152.0,21.0,23.39,23.8,24.21,23.8,2.0,0.85,18.0,0.5,0.4,0.7,22.72,23.2,23.68,23.2,2.0,0.99,18.0,0.5,0.4,0.7,13.52,13.86,14.21,13.86,2.0,0.72,18.0,0.5,0.4,0.7,78.4,78.7,79.0,78.7,2.0,0.6,18.0,0.5,0.7,5.27,5.65,6.03,5.65,2.0,0.78,18.0,0.5,0.4,0.7,-5.33,-5.23,-5.14,-5.23,2.0,0.19,18.0,0.5,0.4,0.7,-2.61,-1.55,-0.49,-1.55,2.0,2.19,18.0,0.5,0.4,0.7,1016.98,1017.8,1018.62,1017.8,2.0,1.7,18.0,0.5,0.4,0.7,2.0,2.0,2.0,2.0,2.0,0.0,18.0,0.5,0.4,0.7,-32.1,-29.6,-27.2,-29.6,2.0,5.1,18.0,0.5,0.4,0.7,-16.2,-9.6,-3.1,-9.6,2.0,13.6,18.0,0.5,0.4,0.7,0.53,0.6,0.67,0.6,2.0,0.14,18.0,0.5,0.4,0.7,2.8,3.4,4.1,3.4,2.0,1.3,18.0,0.5,0.4,0.7,4.35,4.45,4.55,4.45,2.0,0.2,18.0,0.5,0.4,0.7,23.9,25.1,26.2,25.1,2.0,2.3,18.0,0.5,0.4,0.7,-121.7,-121.4,-121.0,-121.4,2.0,0.8,18.0,0.5,0.4,0.7,-58.7,-34.9,-11.1,-34.9,2.0,49.3,18.0,0.5,0.4,0.7,-73.0,-72.5,-72.0,-72.5,2.0,1.1,18.0,0.5,0.4,0.7,-34.8,-20.7,-6.6,-20.7,2.0,29.3,18.0,0.5,0.4,0.7,-23.4,-23.3,-23.2,-23.3,2.0,0.2,18.0,0.5,0.4,0.7,-11.2,-6.7,-2.1,-6.7,2.0,9.4,18.0,0.5,0.4,0.7,149.5,185.5,221.5,185.5,2.0,74.5,18.0,0.5,0.4,0.7,150.0,185.0,220.0,185.0,2.0,75.0,18.0,0.5,0.4,0.7
1974,2,152.0,22.0,23.14,23.65,24.79,23.95,4.0,1.12,20.0,0.5,0.6,0.3,21.27,23.8,25.07,23.2,5.0,2.2,16.0,0.4,0.5,0.4,12.75,14.85,17.62,15.08,5.0,2.6,16.0,0.4,0.5,0.4,74.8,89.8,92.4,84.9,5.0,9.7,16.0,0.4,0.4,2.1,5.1,10.53,6.18,5.0,4.45,16.0,0.4,0.5,0.4,-5.27,-1.05,2.33,-1.84,5.0,5.83,16.0,0.4,0.5,0.4,-4.66,-1.35,2.9,-1.2,5.0,5.24,16.0,0.4,0.5,0.4,1012.45,1014.0,1018.65,1015.36,5.0,3.8,16.0,0.4,0.5,0.4,3.3,7.0,7.4,5.6,5.0,2.5,16.0,0.4,0.5,0.4,-52.2,-2.2,17.6,-20.2,5.0,67.0,16.0,0.4,0.5,0.4,-48.3,-2.8,11.4,-17.8,5.0,44.1,16.0,0.4,0.5,0.4,-1.46,0.9,3.26,0.9,4.0,2.73,20.0,0.5,0.6,0.3,-13.4,0.6,18.9,2.6,4.0,21.1,20.0,0.5,0.6,0.3,1.74,3.59,6.37,4.03,4.0,3.2,20.0,0.5,0.6,0.3,10.1,25.9,38.3,24.3,4.0,17.3,20.0,0.5,0.6,0.3,-128.6,-25.0,52.4,-48.0,5.0,142.5,16.0,0.4,0.5,0.4,-99.8,-29.7,71.6,-20.2,5.0,113.8,16.0,0.4,0.5,0.4,-75.2,-18.3,36.1,-26.9,5.0,86.3,16.0,0.4,0.5,0.4,-63.8,-16.1,51.5,-10.1,5.0,77.3,16.0,0.4,0.5,0.4,-24.1,-6.1,8.1,-7.9,4.0,20.6,20.0,0.5,0.6,0.3,-25.9,-8.6,-1.2,-13.3,4.0,18.3,20.0,0.5,0.6,0.3,9.5,132.5,1197.5,547.0,5.0,725.5,16.0,0.4,0.5,0.4,10.0,135.0,1200.0,545.0,5.0,725.0,16.0,0.4,0.5,0.4
1974,2,152.0,23.0,22.71,23.05,24.4,23.58,8.0,1.26,12.0,0.5,0.3,0.5,22.0,22.1,23.78,22.78,8.0,1.6,12.0,0.5,0.3,0.5,12.6,13.24,14.63,13.65,8.0,1.41,12.0,0.5,0.3,0.5,72.5,80.7,87.8,79.7,8.0,11.3,12.0,0.5,0.5,2.21,5.9,12.08,6.75,8.0,4.45,12.0,0.5,0.3,0.5,-3.46,0.0,11.0,1.65,8.0,7.02,12.0,0.5,0.3,0.5,-3.39,-1.87,0.76,-1.98,8.0,3.88,12.0,0.5,0.3,0.5,1006.24,1015.95,1018.92,1014.13,8.0,5.83,12.0,0.5,0.3,0.5,4.0,4.5,8.0,5.5,8.0,2.1,12.0,0.5,0.3,0.5,-33.3,0.0,133.4,26.2,8.0,78.4,12.0,0.5,0.3,0.5,-26.3,-9.0,2.5,-17.6,8.0,37.7,12.0,0.5,0.3,0.5,0.5,0.8,2.13,0.8,8.0,2.27,12.0,0.5,0.3,0.5,1.4,5.6,9.8,8.1,8.0,15.1,12.0,0.5,0.3,0.5,2.89,4.45,6.8,4.51,8.0,2.05,12.0,0.5,0.3,0.5,12.1,16.1,35.4,26.7,8.0,21.9,12.0,0.5,0.3,0.5,-77.4,0.4,241.7,33.0,8.0,157.8,12.0,0.5,0.3,0.5,-71.8,-41.8,20.7,-41.8,8.0,87.2,12.0,0.5,0.3,0.5,-46.7,0.4,160.7,27.6,8.0,105.9,12.0,0.5,0.3,0.5,-44.5,-25.8,9.9,-26.7,8.0,53.4,12.0,0.5,0.3,0.5,-24.1,-1.3,13.3,-1.7,8.0,21.5,12.0,0.5,0.3,0.5,-14.8,-7.1,3.3,-11.5,8.0,26.1,12.0,0.5,0.3,0.5,11.5,262.5,1775.5,673.5,8.0,820.0,12.0,0.5,0.3,0.5,10.0,265.0,1775.0,675.0,8.0,820.0,12.0,0.5,0.3,0.5
1974,2,152.0,24.0,20.98,21.7,22.68,21.83,4.0,1.14,10.0,0.5,0.6,0.6,18.88,21.0,22.37,20.66,5.0,2.06,8.0,0.6,0.6,0.5,11.92,14.79,15.81,13.91,4.0,2.76,10.0,0.5,0.6,0.6,85.3,95.9,100.0,92.8,4.0,9.7,10.0,0.5,0.6,3.73,5.1,6.63,5.34,5.0,2.36,8.0,0.6,0.6,0.5,-5.79,3.1,3.87,-0.26,5.0,5.37,8.0,0.6,0.6,0.5,-4.26,-0.89,0.51,-1.75,5.0,2.91,8.0,0.6,0.6,0.5,1011.26,1014.05,1017.84,1014.53,4.0,4.09,10.0,0.5,0.6,0.6,2.9,5.0,5.0,4.0,5.0,1.7,8.0,0.6,0.6,0.5,-40.5,9.6,17.3,-9.3,5.0,36.6,8.0,0.6,0.6,0.5,-30.9,-4.5,2.1,-14.2,5.0,24.6,8.0,0.6,0.6,0.5,-0.33,1.6,3.32,1.5,4.0,2.19,10.0,0.5,0.6,0.6,-0.8,10.5,22.9,11.0,4.0,13.9,10.0,0.5,0.6,0.6,0.4,2.07,4.41,2.39,4.0,2.36,10.0,0.5,0.6,0.6,1.4,10.3,33.5,17.1,4.0,21.4,10.0,0.5,0.6,0.6,-116.5,71.3,77.9,-1.8,5.0,106.9,8.0,0.6,0.6,0.5,-79.4,-19.5,10.8,-32.1,5.0,53.6,8.0,0.6,0.6,0.5,-13.5,52.4,57.5,23.4,4.0,63.1,10.0,0.5,0.6,0.6,-53.2,-23.0,11.4,-21.0,4.0,38.3,10.0,0.5,0.6,0.6,-18.2,1.4,8.3,-4.6,4.0,21.7,10.0,0.5,0.6,0.6,-21.5,-6.1,0.3,-10.4,4.0,14.3,10.0,0.5,0.6,0.6,54.5,132.5,378.0,233.5,5.0,322.0,8.0,0.6,0.6,0.5,55.0,135.0,380.0,235.0,5.0,320.0,8.0,0.6,0.6,0.5
1974,2,152.0,25.0,20.52,21.65,22.78,21.65,2.0,2.33,22.0,0.5,0.4,0.8,18.84,20.0,21.16,20.0,2.0,2.4,22.0,0.5,0.4,0.8,9.63,10.64,11.64,10.64,2.0,2.08,22.0,0.5,0.4,0.8,71.4,72.7,74.0,72.7,2.0,2.7,22.0,0.5,0.8,3.67,4.9,6.13,4.9,2.0,2.55,22.0,0.5,0.4,0.8,-5.88,-4.12,-2.37,-4.12,2.0,3.64,22.0,0.5,0.4,0.8,0.43,1.34,2.26,1.34,2.0,1.9,22.0,0.5,0.4,0.8,1008.74,1012.9,1017.06,1012.9,2.0,8.63,22.0,0.5,0.4,0.8,2.5,3.5,4.5,3.5,2.0,2.1,22.0,0.5,0.4,0.8,-38.5,-24.8,-11.2,-24.8,2.0,28.3,22.0,0.5,0.4,0.8,1.3,4.2,7.0,4.2,2.0,5.9,22.0,0.5,0.4,0.8,1.62,1.65,1.68,1.65,2.0,0.07,22.0,0.5,0.4,0.8,6.1,8.0,9.9,8.0,2.0,3.9,22.0,0.5,0.4,0.8,5.38,5.56,5.75,5.56,2.0,0.39,22.0,0.5,0.4,0.8,20.0,27.8,35.5,27.8,2.0,16.1,22.0,0.5,0.4,0.8,-126.8,-86.9,-46.9,-86.9,2.0,82.7,22.0,0.5,0.4,0.8,7.8,24.6,41.3,24.6,2.0,34.7,22.0,0.5,0.4,0.8,-70.5,-47.7,-24.8,-47.7,2.0,47.3,22.0,0.5,0.4,0.8,3.9,12.3,20.7,12.3,2.0,17.4,22.0,0.5,0.4,0.8,-34.2,-23.7,-13.1,-23.7,2.0,21.9,22.0,0.5,0.4,0.8,2.3,7.1,11.9,7.1,2.0,10.0,22.0,0.5,0.4,0.8,73.0,165.5,258.0,165.5,2.0,191.5,22.0,0.5,0.4,0.8,75.0,165.0,260.0,165.0,2.0,190.0,22.0,0.5,0.4,0.8
1974,2,152.0,26.0,19.29,23.3,23.68,21.86,5.0,2.4,10.0,0.6,0.4,0.4,16.0,20.8,21.57,19.2,7.0,3.05,10.0,0.6,0.5,0.3,5.8,8.02,12.52,8.77,6.0,3.38,10.0,0.5,0.5,0.4,52.2,59.7,80.7,63.8,6.0,14.3,10.0,0.5,0.4,3.5,6.2,7.37,5.8,7.0,2.96,10.0,0.6,0.5,0.3,-1.62,0.0,3.71,-0.09,7.0,4.8,10.0,0.6,0.5,0.3,-4.63,-2.12,5.44,-0.62,7.0,4.95,10.0,0.6,0.5,0.3,1010.95,1016.4,1022.34,1016.9,7.0,5.19,10.0,0.6,0.5,0.3,2.0,3.0,6.1,4.0,7.0,2.6,10.0,0.6,0.5,0.3,-9.0,0.0,26.4,-6.4,7.0,44.6,10.0,0.6,0.5,0.3,-22.0,-12.2,45.5,1.9,7.0,36.9,10.0,0.6,0.5,0.3,2.5,3.2,4.7,3.74,5.0,2.02,10.0,0.6,0.4,0.4,14.0,21.4,29.4,21.8,5.0,8.8,10.0,0.6,0.4,0.4,7.01,8.12,9.59,8.32,5.0,2.07,10.0,0.6,0.4,0.4,43.1,51.7,56.4,49.6,5.0,11.7,10.0,0.6,0.4,0.4,-28.6,0.0,84.7,-0.2,7.0,102.9,10.0,0.6,0.5,0.3,-74.1,-44.5,117.4,-0.5,7.0,96.5,10.0,0.6,0.5,0.3,-30.0,-2.5,24.7,-9.6,6.0,59.0,10.0,0.5,0.5,0.4,-30.2,-19.7,21.7,-4.7,6.0,39.6,10.0,0.5,0.5,0.4,-26.3,-9.2,17.3,-5.3,5.0,36.1,10.0,0.6,0.4,0.4,-51.9,-28.7,0.4,-23.7,5.0,34.2,10.0,0.6,0.4,0.4,44.5,238.5,415.5,331.5,7.0,431.5,10.0,0.6,0.5,0.3,45.0,240.0,415.0,330.0,7.0,430.0,10.0,0.6,0.5,0.3
1974,2,152.0,27.0,18.55,19.25,20.45,19.52,6.0,1.54,12.0,0.5,0.6,0.2,16.82,18.1,20.0,18.41,8.0,1.84,14.0,0.5,0.5,0.3,8.53,9.85,12.25,10.29,7.0,2.84,14.0,0.6,0.5,0.3,63.7,75.5,92.8,76.1,7.0,14.4,14.0,0.6,0.3,6.29,7.95,11.08,8.2,8.0,2.39,14.0,0.5,0.5,0.3,-2.47,4.08,5.43,1.95,8.0,5.28,14.0,0.5,0.5,0.3,-8.07,4.15,5.9,0.37,8.0,7.08,14.0,0.5,0.5,0.3,1009.37,1015.25,1019.2,1014.59,8.0,4.54,14.0,0.5,0.5,0.3,2.9,6.0,8.0,5.1,7.0,3.0,12.0,0.6,0.6,0.3,-22.2,27.0,42.9,12.8,8.0,54.3,14.0,0.5,0.5,0.3,-80.9,22.3,41.4,-7.0,8.0,66.0,14.0,0.5,0.5,0.3,-0.97,0.75,2.53,0.8,6.0,2.22,12.0,0.5,0.6,0.2,-6.3,8.0,26.1,9.4,6.0,19.3,12.0,0.5,0.6,0.2,-0.04,4.67,6.84,3.59,5.0,3.64,14.0,0.6,0.5,0.3,-0.2,21.5,61.5,28.4,5.0,32.1,14.0,0.6,0.5,0.3,-40.9,81.2,98.7,38.0,8.0,91.8,14.0,0.5,0.5,0.3,-135.8,78.0,128.3,14.9,8.0,127.0,14.0,0.5,0.5,0.3,-22.8,41.0,55.0,16.8,7.0,53.4,14.0,0.6,0.5,0.3,-54.9,40.5,80.4,25.6,7.0,64.1,14.0,0.6,0.5,0.3,-9.7,2.6,16.1,3.4,5.0,18.9,14.0,0.6,0.5,0.3,-24.5,2.2,32.7,2.8,5.0,40.7,14.0,0.6,0.5,0.3,250.0,516.0,1372.0,675.0,8.0,524.0,14.0,0.5,0.5,0.3,250.0,515.0,1370.0,675.0,8.0,525.0,14.0,0.5,0.5,0.3
1974,2,152.0,28.0,17.81,18.65,19.47,18.67,14.0,1.06,16.0,0.5,0.4,0.5,15.04,17.7,19.39,17.41,14.0,2.04,16.0,0.5,0.4,0.5,6.41,8.7,11.1,9.24,13.0,2.37,16.0,0.5,0.4,0.5,61.1,70.7,93.9,74.8,13.0,14.8,16.0,0.5,0.5,6.76,10.3,12.74,9.37,14.0,3.51,16.0,0.5,0.4,0.5,-1.33,4.63,9.57,4.05,14.0,6.11,16.0,0.5,0.4,0.5,-8.87,0.0,7.44,-1.34,14.0,7.08,16.0,0.5,0.4,0.5,1010.42,1016.35,1018.97,1015.46,14.0,4.02,16.0,0.5,0.4,0.5,3.0,5.5,7.0,5.0,14.0,2.2,16.0,0.5,0.4,0.5,-6.0,37.6,99.5,45.8,14.0,79.2,16.0,0.5,0.4,0.5,-90.4,0.0,57.8,-16.1,14.0,77.4,16.0,0.5,0.4,0.5,0.0,1.05,2.29,1.26,14.0,1.52,16.0,0.5,0.4,0.5,0.0,8.4,17.9,9.9,14.0,13.8,16.0,0.5,0.4,0.5,1.59,4.37,6.04,4.16,13.0,2.13,16.0,0.5,0.4,0.5,7.2,40.7,62.2,40.0,13.0,27.5,16.0,0.5,0.4,0.5,-26.7,67.8,193.6,70.4,14.0,114.0,16.0,0.5,0.4,0.5,-128.4,0.0,137.3,-13.7,14.0,123.2,16.0,0.5,0.4,0.5,-1.9,32.6,90.8,41.6,13.0,46.8,16.0,0.5,0.4,0.5,-60.4,0.0,40.8,-13.0,13.0,62.6,16.0,0.5,0.4,0.5,-0.1,27.8,47.6,25.4,13.0,27.4,16.0,0.5,0.4,0.5,-48.6,0.0,8.1,-12.0,13.0,29.6,16.0,0.5,0.4,0.5,310.5,1092.5,2080.0,1135.5,14.0,1037.5,16.0,0.5,0.4,0.5,310.0,1095.0,2080.0,1135.0,14.0,1040.0,16.0,0.5,0.4,0.5
1974,2,152.0,29.0,17.38,18.3,19.0,18.36,16.0,1.19,16.0,0.8,0.3,0.5,13.77,16.5,20.23,16.97,17.0,3.01,16.0,0.8,0.4,0.5,6.59,7.82,12.09,9.11,16.0,2.88,16.0,0.8,0.3,0.5,65.1,71.5,85.6,74.1,16.0,11.4,16.0,0.8,0.5,4.1,8.2,13.82,8.84,17.0,4.8,16.0,0.8,0.4,0.5,-6.02,-1.99,2.18,-0.94,17.0,5.79,16.0,0.8,0.4,0.5,-5.92,3.35,7.62,1.2,17.0,8.36,16.0,0.8,0.4,0.5,1010.6,1017.0,1020.96,1016.29,17.0,5.39,16.0,0.8,0.4,0.5,2.5,5.0,8.0,5.2,17.0,2.6,16.0,0.8,0.4,0.5,-44.7,-15.0,12.0,2.7,17.0,70.6,16.0,0.8,0.4,0.5,-78.8,15.8,72.5,-2.5,17.0,122.2,16.0,0.8,0.4,0.5,-2.25,2.25,4.21,1.45,16.0,2.8,16.0,0.8,0.3,0.5,-14.3,11.3,45.2,13.5,16.0,27.1,16.0,0.8,0.3,0.5,0.9,5.06,6.19,3.99,16.0,2.49,16.0,0.8,0.3,0.5,6.7,20.4,71.6,33.1,16.0,31.2,16.0,0.8,0.3,0.5,-98.9,-32.3,40.6,-22.8,17.0,89.1,16.0,0.8,0.4,0.5,-79.8,57.8,145.5,35.3,17.0,135.0,16.0,0.8,0.4,0.5,-58.3,-21.2,27.1,-13.9,16.0,48.8,16.0,0.8,0.3,0.5,-47.5,19.7,69.9,17.1,16.0,69.2,16.0,0.8,0.3,0.5,-19.4,-7.2,5.5,-1.1,16.0,29.8,16.0,0.8,0.3,0.5,-38.5,3.1,12.0,-8.5,16.0,34.2,16.0,0.8,0.3,0.5,69.0,551.5,2682.0,1305.5,17.0,1750.5,16.0,0.8,0.4,0.5,70.0,550.0,2680.0,1305.0,17.0,1750.0,16.0,0.8,0.4,0.5
1974,2,152.0,30.0,17.5,18.0,18.38,17.85,11.0,0.48,12.0,0.6,0.4,0.4,13.62,15.25,16.64,15.23,12.0,2.11,12.0,0.7,0.4,0.3,6.28,8.2,9.15,7.8,12.0,1.46,12.0,0.7,0.4,0.3,63.5,73.6,80.3,72.4,12.0,9.7,12.0,0.7,0.3,6.57,11.8,14.53,10.63,12.0,3.82,12.0,0.7,0.4,0.3,1.05,5.83,13.82,6.45,12.0,6.08,12.0,0.7,0.4,0.3,-7.28,-3.48,3.84,-1.83,12.0,7.21,12.0,0.7,0.4,0.3,1011.77,1017.25,1021.13,1015.66,12.0,6.24,12.0,0.7,0.4,0.3,4.0,6.0,6.4,5.5,11.0,1.4,12.0,0.7,0.4,0.4,4.3,59.3,200.9,83.4,12.0,87.4,12.0,0.7,0.4,0.3,-91.4,-17.5,47.5,-14.9,12.0,88.2,12.0,0.7,0.4,0.3,0.59,3.0,4.24,2.57,11.0,2.22,12.0,0.6,0.4,0.4,4.5,29.8,47.9,28.3,11.0,24.9,12.0,0.6,0.4,0.4,3.77,4.2,6.48,4.74,11.0,1.45,12.0,0.6,0.4,0.4,25.9,59.5,67.1,52.0,11.0,21.5,12.0,0.6,0.4,0.4,16.2,81.6,214.2,99.7,12.0,94.0,12.0,0.7,0.4,0.3,-116.0,-52.8,54.7,-22.0,12.0,110.7,12.0,0.7,0.4,0.3,6.5,42.0,118.0,51.6,12.0,52.1,12.0,0.7,0.4,0.3,-59.4,-21.7,29.3,-10.8,12.0,54.7,12.0,0.7,0.4,0.3,4.9,35.8,58.2,29.5,11.0,26.4,12.0,0.6,0.4,0.4,-41.5,-14.5,25.5,-9.8,11.0,40.9,12.0,0.6,0.4,0.4,285.0,1652.0,3068.0,1609.0,12.0,1236.0,12.0,0.7,0.4,0.3,285.0,1650.0,3070.0,1610.0,12.0,1235.0,12.0,0.7,0.4,0.3
1974,2,152.0,31.0,16.0,16.5,17.79,16.88,17.0,1.68,18.0,0.6,0.5,0.4,12.57,15.25,18.01,15.62,18.0,2.79,18.0,0.6,0.5,0.4,5.67,8.39,11.36,8.2,17.0,2.5,18.0,0.6,0.5,0.4,62.7,69.2,89.2,74.1,17.0,13.2,18.0,0.6,0.4,6.2,9.25,14.35,9.94,18.0,4.22,18.0,0.6,0.5,0.4,-2.29,1.25,9.64,3.13,18.0,6.61,18.0,0.6,0.5,0.4,-7.73,-1.72,8.2,-0.1,18.0,8.27,18.0,0.6,0.5,0.4,1009.43,1019.0,1022.23,1016.81,17.0,6.23,18.0,0.6,0.5,0.4,3.7,5.5,8.0,5.7,18.0,2.2,18.0,0.6,0.5,0.4,-17.6,9.2,97.7,48.7,18.0,106.0,18.0,0.6,0.5,0.4,-79.5,-13.7,71.3,-10.5,18.0,97.8,18.0,0.6,0.5,0.4,0.22,1.0,3.45,1.52,17.0,2.68,18.0,0.6,0.5,0.4,1.7,13.9,49.5,18.6,17.0,30.3,18.0,0.6,0.5,0.4,1.46,4.48,5.66,3.76,17.0,2.35,18.0,0.6,0.5,0.4,10.8,30.6,79.4,41.3,17.0,37.2,18.0,0.6,0.5,0.4,-38.0,23.1,118.9,41.6,18.0,91.5,18.0,0.6,0.5,0.4,-121.8,-24.0,158.7,12.1,18.0,130.4,18.0,0.6,0.5,0.4,-23.4,12.5,58.4,18.7,17.0,43.3,18.0,0.6,0.5,0.4,-67.6,-12.2,84.9,7.0,17.0,73.1,18.0,0.6,0.5,0.4,-7.1,2.8,46.0,20.0,17.0,37.7,18.0,0.6,0.5,0.4,-33.5,-9.1,18.3,-10.3,17.0,35.1,18.0,0.6,0.5,0.4,238.5,800.0,2977.5,1524.5,18.0,1868.0,18.0,0.6,0.5,0.4,240.0,800.0,2980.0,1525.0,18.0,1870.0,18.0,0.6,0.5,0.4
1974,2,152.0,32.0,16.0,17.0,18.67,17.05,22.0,1.39,14.0,0.5,0.3,0.4,10.53,12.0,16.0,12.76,24.0,2.28,14.0,0.5,0.3,0.5,5.39,6.65,8.71,6.83,23.0,1.82,12.0,0.5,0.3,0.5,61.3,74.1,90.2,74.1,23.0,12.3,12.0,0.5,0.5,8.2,10.3,15.4,11.57,24.0,4.73,14.0,0.5,0.3,0.5,3.04,5.59,11.48,7.29,24.0,6.11,14.0,0.5,0.3,0.5,-8.64,-4.52,8.12,-2.5,24.0,7.92,14.0,0.5,0.3,0.5,1003.92,1014.6,1017.7,1012.13,24.0,8.33,14.0,0.5,0.3,0.5,3.0,4.0,8.0,5.0,23.0,2.2,12.0,0.5,0.3,0.5,32.8,56.3,153.8,106.8,24.0,139.0,14.0,0.5,0.3,0.5,-87.7,-43.9,93.7,-14.2,24.0,112.6,14.0,0.5,0.3,0.5,0.17,4.55,6.67,4.04,22.0,2.67,14.0,0.5,0.3,0.4,2.6,47.0,70.6,43.7,22.0,30.2,14.0,0.5,0.3,0.4,3.04,4.97,7.07,5.12,21.0,2.15,12.0,0.5,0.3,0.5,35.7,57.5,69.6,55.4,21.0,19.6,12.0,0.5,0.3,0.5,32.1,71.6,128.5,92.2,24.0,84.3,14.0,0.5,0.3,0.5,-98.4,-67.3,123.4,-18.5,24.0,110.2,14.0,0.5,0.3,0.5,24.7,40.2,71.8,54.6,23.0,55.0,12.0,0.5,0.3,0.5,-54.3,-33.7,78.9,-5.7,23.0,61.8,12.0,0.5,0.3,0.5,12.2,43.2,59.8,37.7,21.0,24.6,12.0,0.5,0.3,0.5,-53.3,-21.9,19.6,-18.6,21.0,33.8,12.0,0.5,0.3,0.5,551.5,1092.5,3652.5,2409.5,24.0,3340.0,14.0,0.5,0.3,0.5,550.0,1095.0,3650.0,2410.0,24.0,3340.0,14.0,0.5,0.3,0.5
1974,2,152.0,33.0,16.19,17.0,17.5,16.92,16.0,0.62,16.0,0.4,0.3,0.4,9.5,11.25,16.97,12.23,20.0,3.23,16.0,0.4,0.4,0.4,5.65,6.67,9.9,7.34,18.0,2.21,16.0,0.4,0.3,0.4,75.0,80.4,88.8,81.3,18.0,8.2,16.0,0.4,0.4,7.75,14.9,16.99,13.28,20.0,4.45,16.0,0.4,0.4,0.4,-1.93,6.64,13.86,5.83,20.0,8.92,16.0,0.4,0.4,0.4,-11.09,-0.94,7.69,-1.17,20.0,9.41,16.0,0.4,0.4,0.4,1007.01,1012.65,1018.26,1011.51,20.0,6.27,16.0,0.4,0.4,0.4,4.0,6.5,8.0,6.2,18.0,1.9,14.0,0.4,0.3,0.3,-21.8,104.6,221.5,87.0,20.0,137.4,16.0,0.4,0.4,0.4,-144.2,-10.1,92.0,-26.5,20.0,155.3,16.0,0.4,0.4,0.4,0.44,5.6,8.25,4.81,16.0,3.49,16.0,0.4,0.3,0.4,5.6,65.8,123.7,68.1,16.0,53.8,16.0,0.4,0.3,0.4,0.92,5.18,6.2,4.38,15.0,2.36,16.0,0.5,0.3,0.4,13.4,68.4,99.3,65.0,15.0,38.8,16.0,0.5,0.3,0.4,-20.3,88.8,139.8,61.2,20.0,107.8,16.0,0.4,0.4,0.4,-103.8,-9.0,130.7,8.5,20.0,127.6,16.0,0.4,0.4,0.4,-26.7,58.7,85.7,34.0,18.0,63.2,16.0,0.4,0.3,0.4,-58.5,-14.3,74.7,2.3,18.0,85.2,16.0,0.4,0.3,0.4,-9.7,26.1,86.3,29.7,15.0,53.2,16.0,0.5,0.3,0.4,-70.7,-10.5,10.4,-26.8,15.0,38.7,16.0,0.5,0.3,0.4,469.0,3319.0,4906.5,3036.5,20.0,2215.5,16.0,0.4,0.4,0.4,470.0,3320.0,4905.0,3035.0,20.0,2215.0,16.0,0.4,0.4,0.4
1974,2,152.0,34.0,15.0,16.45,17.77,15.97,22.0,1.93,14.0,0.7,0.4,0.3,9.21,12.2,14.38,11.96,25.0,3.19,14.0,0.7,0.4,0.3,5.03,6.36,8.66,6.76,22.0,1.75,14.0,0.6,0.4,0.3,64.7,78.0,88.5,77.1,22.0,11.4,14.0,0.6,0.3,8.03,12.6,16.85,12.56,24.0,4.77,14.0,0.7,0.4,0.4,-0.41,5.4,15.44,6.05,24.0,8.36,14.0,0.7,0.4,0.4,-9.22,-0.99,10.73,-0.02,24.0,8.91,14.0,0.7,0.4,0.4,1002.5,1012.2,1019.6,1010.36,25.0,8.61,14.0,0.7,0.4,0.3,6.0,8.0,8.0,7.2,23.0,1.2,12.0,0.7,0.4,0.4,-2.7,55.6,259.1,99.0,24.0,150.6,14.0,0.7,0.4,0.4,-130.1,-2.1,143.8,-3.5,24.0,125.4,14.0,0.7,0.4,0.4,-0.67,4.15,6.83,3.79,22.0,3.69,14.0,0.7,0.4,0.3,2.1,49.0,95.3,54.3,21.0,59.9,14.0,0.7,0.4,0.3,2.14,4.87,7.4,4.51,20.0,2.47,14.0,0.6,0.5,0.3,26.7,45.8,115.6,62.3,19.0,44.5,14.0,0.7,0.5,0.3,-5.6,58.1,133.5,65.5,24.0,91.1,14.0,0.7,0.4,0.4,-97.4,-9.4,148.4,21.0,24.0,122.6,14.0,0.7,0.4,0.4,6.4,55.1,93.6,44.2,21.0,49.1,14.0,0.7,0.4,0.3,-48.3,-11.9,71.5,5.6,21.0,65.5,14.0,0.7,0.4,0.3,3.6,30.3,109.3,43.7,19.0,49.5,14.0,0.7,0.5,0.3,-59.2,-10.4,25.7,-15.2,19.0,37.0,14.0,0.7,0.5,0.3,518.0,2024.5,4795.5,2801.5,24.0,2691.5,14.0,0.7,0.4,0.4,520.0,2025.0,4795.0,2800.0,24.0,2690.0,14.0,0.7,0.4,0.4
1974,2,152.0,35.0,11.99,15.1,16.5,14.49,18.0,2.38,18.0,0.5,0.4,0.4,7.87,11.8,14.48,11.38,21.0,3.13,16.0,0.5,0.4,0.4,4.69,6.2,9.22,6.55,20.0,1.99,18.0,0.5,0.4,0.4,66.1,74.3,90.1,76.1,20.0,11.2,18.0,0.5,0.4,7.05,12.4,14.9,11.23,21.0,3.97,16.0,0.5,0.4,0.4,0.19,6.62,11.57,4.45,21.0,7.9,16.0,0.5,0.4,0.4,-5.51,2.67,9.25,2.42,21.0,7.68,16.0,0.5,0.4,0.4,1006.34,1014.0,1016.3,1012.57,20.0,5.0,18.0,0.5,0.4,0.4,3.0,7.0,8.0,6.2,20.0,2.4,16.0,0.5,0.4,0.4,0.8,66.3,144.4,52.1,21.0,113.1,16.0,0.5,0.4,0.4,-71.9,37.9,103.2,28.6,21.0,104.6,16.0,0.5,0.4,0.4,-0.81,2.75,6.3,2.63,18.0,3.46,18.0,0.5,0.4,0.4,-9.0,24.1,90.9,34.5,18.0,45.1,18.0,0.5,0.4,0.4,1.59,4.29,5.37,3.54,18.0,2.18,18.0,0.5,0.4,0.4,12.3,46.2,74.3,43.5,18.0,31.4,18.0,0.5,0.4,0.4,3.0,71.2,104.5,44.8,21.0,81.0,16.0,0.5,0.4,0.4,-39.0,33.8,130.6,45.4,21.0,89.8,16.0,0.5,0.4,0.4,0.2,42.1,62.5,25.0,20.0,48.9,18.0,0.5,0.4,0.4,-24.2,28.0,85.4,27.0,20.0,49.9,18.0,0.5,0.4,0.4,-9.8,13.7,57.2,11.7,18.0,39.1,18.0,0.5,0.4,0.4,-25.1,8.1,27.2,5.4,18.0,35.8,18.0,0.5,0.4,0.4,363.0,1906.5,3308.0,1884.0,21.0,1403.0,16.0,0.5,0.4,0.4,365.0,1905.0,3310.0,1885.0,21.0,1405.0,16.0,0.5,0.4,0.4
1974,2,152.0,36.0,12.0,12.3,14.0,12.89,15.0,1.55,12.0,0.5,0.3,0.4,6.0,7.35,10.0,7.98,20.0,1.94,12.0,0.4,0.3,0.4,4.05,4.69,5.5,4.86,17.0,0.95,12.0,0.4,0.3,0.4,61.0,71.1,82.8,71.9,17.0,10.6,12.0,0.4,0.4,7.48,15.4,23.04,15.18,19.0,7.42,12.0,0.4,0.3,0.4,1.43,8.74,19.71,9.59,19.0,10.48,12.0,0.4,0.3,0.4,-12.18,-5.64,2.4,-5.14,19.0,7.97,12.0,0.4,0.3,0.4,998.33,1010.5,1014.0,1006.17,20.0,10.99,12.0,0.4,0.3,0.4,5.0,6.5,8.0,6.1,20.0,2.1,12.0,0.4,0.3,0.4,3.7,96.6,399.2,195.5,19.0,267.2,12.0,0.4,0.3,0.4,-178.3,-62.7,21.4,-72.2,19.0,159.3,12.0,0.4,0.3,0.4,2.22,5.6,6.5,4.81,15.0,2.51,12.0,0.5,0.3,0.4,13.3,83.4,108.8,69.7,14.0,43.1,12.0,0.5,0.3,0.4,3.72,4.6,4.9,4.36,15.0,1.04,12.0,0.5,0.3,0.4,30.9,75.9,91.7,67.3,14.0,32.6,12.0,0.5,0.3,0.4,13.3,62.0,131.5,76.7,19.0,103.4,12.0,0.4,0.3,0.4,-83.7,-39.1,22.1,-31.8,19.0,65.1,12.0,0.4,0.3,0.4,2.8,37.5,75.5,38.6,16.0,51.9,12.0,0.4,0.3,0.4,-48.3,-22.1,17.7,-19.2,16.0,38.4,12.0,0.4,0.3,0.4,0.3,39.7,89.6,37.2,14.0,51.6,12.0,0.5,0.3,0.4,-54.8,-27.5,18.6,-20.9,14.0,36.4,12.0,0.5,0.3,0.4,425.0,3652.5,12322.0,5939.5,19.0,6950.5,12.0,0.4,0.3,0.4,425.0,3650.0,12320.0,5940.0,19.0,6950.0,12.0,0.4,0.3,0.4
1974,2,152.0,37.0,11.63,13.0,13.45,12.71,9.0,0.96,14.0,0.9,0.3,0.4,5.5,8.9,10.57,8.24,10.0,2.44,14.0,0.9,0.4,0.4,4.42,5.49,5.86,5.39,7.0,1.15,16.0,0.9,0.3,0.4,65.5,83.3,93.4,81.2,8.0,15.2,14.0,0.9,0.4,7.53,17.5,28.3,18.33,10.0,10.54,14.0,0.9,0.4,0.4,-0.12,7.12,22.55,11.06,10.0,11.89,14.0,0.9,0.4,0.4,-13.0,-4.37,17.45,-1.32,10.0,14.32,14.0,0.9,0.4,0.4,980.42,1011.6,1018.73,1002.37,9.0,18.29,14.0,0.9,0.3,0.3,4.0,6.5,8.0,6.1,10.0,2.0,14.0,0.9,0.4,0.4,8.8,124.4,618.4,311.6,10.0,348.1,14.0,0.9,0.4,0.4,-282.2,-40.6,514.8,38.5,10.0,359.5,14.0,0.9,0.4,0.4,1.34,4.5,6.37,4.17,9.0,2.32,14.0,0.9,0.3,0.4,14.3,83.4,146.5,84.6,9.0,65.2,14.0,0.9,0.3,0.4,3.13,4.05,4.67,3.78,7.0,1.06,16.0,0.9,0.3,0.4,42.4,85.3,132.0,77.1,7.0,46.9,16.0,0.9,0.3,0.4,-4.4,41.3,195.1,84.9,10.0,112.4,14.0,0.9,0.4,0.4,-75.5,-33.1,163.7,8.8,10.0,112.7,14.0,0.9,0.4,0.4,12.6,38.7,126.4,63.5,7.0,62.2,16.0,0.9,0.3,0.4,-78.8,-39.1,74.1,-14.5,7.0,77.1,16.0,0.9,0.3,0.4,14.2,29.2,101.8,51.2,7.0,45.8,16.0,0.9,0.3,0.4,-49.0,-41.7,67.5,-8.7,7.0,62.4,16.0,0.9,0.3,0.4,481.0,5864.0,22665.0,11566.5,10.0,12568.0,14.0,0.9,0.4,0.4,480.0,5865.0,22665.0,11565.0,10.0,12570.0,14.0,0.9,0.4,0.4
1974,2,152.0,38.0,10.0,10.5,12.5,11.13,8.0,1.33,10.0,0.6,0.5,0.3,5.0,5.0,6.73,5.58,9.0,1.23,10.0,0.7,0.5,0.4,3.85,4.57,5.06,4.47,8.0,0.54,10.0,0.6,0.5,0.3,70.6,75.2,92.0,79.4,8.0,9.8,10.0,0.6,0.3,9.52,14.4,19.6,15.58,8.0,6.75,10.0,0.6,0.5,0.3,7.24,13.27,19.3,12.91,8.0,9.94,10.0,0.6,0.5,0.3,-8.01,-3.4,-2.36,-4.52,8.0,3.18,10.0,0.6,0.5,0.3,986.62,1012.6,1015.37,1003.66,9.0,15.43,10.0,0.7,0.5,0.4,5.0,6.0,8.0,6.2,9.0,1.7,10.0,0.7,0.5,0.4,58.6,191.1,378.3,254.3,8.0,266.1,10.0,0.6,0.5,0.3,-95.3,-66.7,-21.5,-59.5,8.0,40.0,10.0,0.6,0.5,0.3,5.0,5.5,7.16,5.6,8.0,1.45,10.0,0.6,0.5,0.3,56.6,62.9,110.8,84.5,8.0,40.6,10.0,0.6,0.5,0.3,3.04,3.68,4.67,3.8,8.0,0.86,10.0,0.6,0.5,0.3,36.8,52.8,76.8,56.4,8.0,20.0,10.0,0.6,0.5,0.3,38.6,67.7,130.8,73.0,8.0,52.3,10.0,0.6,0.5,0.3,-39.2,-20.4,-11.8,-25.9,8.0,21.5,10.0,0.6,0.5,0.3,33.1,52.3,97.5,60.8,8.0,49.5,10.0,0.6,0.5,0.3,-30.3,-16.5,-9.8,-19.2,8.0,12.9,10.0,0.6,0.5,0.3,31.6,49.1,67.3,45.5,8.0,32.0,10.0,0.6,0.5,0.3,-38.5,-10.8,-8.3,-18.8,8.0,15.8,10.0,0.6,0.5,0.3,875.0,3029.0,7529.5,5811.0,8.0,7358.5,10.0,0.6,0.5,0.3,875.0,3030.0,7530.0,5810.0,8.0,7360.0,10.0,0.6,0.5,0.3
1974,2,152.0,39.0,8.48,10.0,12.0,10.07,7.0,1.77,14.0,0.6,0.3,0.6,2.11,4.05,8.78,5.14,8.0,3.13,12.0,0.6,0.4,0.6,3.63,4.0,4.26,3.92,6.0,0.39,12.0,0.7,0.5,0.6,65.1,82.0,86.8,76.4,7.0,13.4,12.0,0.6,0.6,8.43,11.8,16.6,12.6,8.0,4.38,12.0,0.6,0.4,0.6,-1.27,3.98,8.89,4.75,8.0,7.04,12.0,0.6,0.4,0.6,-10.3,-7.89,8.87,-3.38,8.0,10.6,12.0,0.6,0.4,0.6,1000.42,1016.5,1025.51,1011.06,7.0,16.38,14.0,0.7,0.4,0.6,6.0,6.5,7.9,6.6,8.0,1.1,12.0,0.6,0.4,0.6,-10.4,59.1,113.6,80.6,8.0,129.5,12.0,0.6,0.4,0.6,-147.7,-62.8,100.8,-35.7,8.0,158.0,12.0,0.6,0.4,0.6,1.48,6.5,8.05,5.63,7.0,3.15,14.0,0.6,0.3,0.6,20.4,53.3,92.4,61.6,7.0,38.2,14.0,0.6,0.3,0.6,2.73,3.05,4.79,3.66,5.0,1.22,12.0,0.6,0.4,0.7,23.2,31.6,55.5,39.0,5.0,21.3,12.0,0.6,0.4,0.7,-2.5,17.3,55.7,32.4,8.0,58.0,12.0,0.6,0.4,0.6,-47.6,-18.4,64.4,1.1,8.0,79.3,12.0,0.6,0.4,0.6,-7.4,12.5,30.0,11.6,6.0,21.5,12.0,0.7,0.5,0.6,-31.0,-26.0,48.3,-0.7,6.0,44.7,12.0,0.7,0.5,0.6,-6.7,0.0,42.1,14.2,5.0,26.8,12.0,0.6,0.4,0.7,-36.1,-22.7,-1.9,-18.7,5.0,30.8,12.0,0.6,0.4,0.7,611.5,1652.0,4635.0,2683.0,8.0,2828.5,12.0,0.6,0.4,0.6,610.0,1650.0,4635.0,2685.0,8.0,2830.0,12.0,0.6,0.4,0.6
1974,2,152.0,40.0,6.9,10.0,10.12,9.07,7.0,2.42,12.0,0.6,0.5,0.4,2.13,3.0,5.73,3.56,9.0,2.05,10.0,0.7,0.4,0.5,3.44,4.36,4.71,4.04,7.0,0.85,12.0,0.6,0.5,0.4,74.5,77.7,87.0,80.8,7.0,10.9,12.0,0.6,0.4,8.33,10.3,16.63,11.78,9.0,5.9,10.0,0.7,0.4,0.5,0.74,6.45,13.73,5.83,9.0,7.85,10.0,0.7,0.4,0.5,-10.37,-5.59,-1.87,-5.37,9.0,7.66,10.0,0.7,0.4,0.5,1004.11,1012.15,1015.51,1010.69,8.0,6.44,12.0,0.6,0.5,0.4,5.1,6.5,7.9,6.4,8.0,1.4,10.0,0.8,0.4,0.4,2.7,58.0,247.9,95.5,9.0,145.9,10.0,0.7,0.4,0.5,-135.1,-53.0,-10.6,-85.5,9.0,147.7,10.0,0.7,0.4,0.5,2.86,6.5,8.07,5.36,7.0,3.24,12.0,0.6,0.5,0.4,22.3,72.0,82.5,53.1,7.0,33.9,12.0,0.6,0.5,0.4,2.62,3.24,4.04,3.19,7.0,1.32,12.0,0.6,0.5,0.4,18.9,33.3,46.2,33.6,7.0,13.1,12.0,0.6,0.5,0.4,4.3,20.0,44.9,24.1,9.0,27.2,10.0,0.7,0.4,0.5,-25.4,-13.9,-4.4,-12.9,9.0,41.1,10.0,0.7,0.4,0.5,-1.9,17.3,60.4,20.6,7.0,36.5,12.0,0.6,0.5,0.4,-41.1,-21.8,-8.7,-21.6,7.0,38.7,12.0,0.6,0.5,0.4,-1.4,11.0,24.1,10.6,7.0,22.6,12.0,0.6,0.5,0.4,-40.0,-16.7,-7.4,-15.6,7.0,23.7,12.0,0.6,0.5,0.4,580.5,1092.5,4838.5,2871.0,9.0,4272.5,10.0,0.7,0.4,0.5,580.0,1095.0,4840.0,2870.0,9.0,4275.0,10.0,0.7,0.4,0.5
1974,2,152.0,41.0,4.0,8.0,9.0,6.54,25.0,2.88,16.0,0.4,0.5,0.6,0.28,3.0,6.72,3.16,28.0,2.88,16.0,0.4,0.4,0.6,2.79,3.34,4.67,3.64,17.0,1.14,18.0,0.5,0.4,0.5,69.1,82.8,91.0,80.4,21.0,10.6,16.0,0.4,0.6,7.2,10.55,17.22,11.57,28.0,4.99,16.0,0.4,0.4,0.6,-1.28,5.27,12.36,4.68,28.0,8.31,16.0,0.4,0.4,0.6,-9.98,-3.89,4.63,-2.75,28.0,8.0,16.0,0.4,0.4,0.6,1007.23,1014.0,1018.0,1013.21,23.0,5.96,18.0,0.5,0.4,0.5,5.0,7.0,8.0,6.2,26.0,2.0,16.0,0.5,0.4,0.6,-6.0,49.7,190.5,66.2,28.0,137.9,16.0,0.4,0.4,0.6,-166.7,-40.4,38.7,-44.1,28.0,123.8,16.0,0.4,0.4,0.6,0.48,3.0,7.1,3.44,25.0,3.47,16.0,0.4,0.5,0.6,6.8,30.9,88.9,39.3,25.0,48.2,16.0,0.4,0.5,0.6,1.56,2.42,3.6,2.67,16.0,1.16,18.0,0.5,0.4,0.5,11.3,22.4,48.2,28.5,16.0,18.0,18.0,0.5,0.4,0.5,-8.7,9.3,49.1,9.0,28.0,41.6,16.0,0.4,0.4,0.6,-11.6,0.0,27.9,6.9,28.0,35.8,16.0,0.4,0.4,0.6,6.3,16.2,37.5,21.0,17.0,17.0,18.0,0.5,0.4,0.5,-28.0,-14.7,21.1,-5.6,17.0,34.1,18.0,0.5,0.4,0.5,6.1,11.1,32.9,16.9,16.0,15.7,18.0,0.5,0.4,0.5,-32.0,-14.9,7.2,-14.2,16.0,20.6,18.0,0.5,0.4,0.5,373.0,1176.0,5112.5,2403.0,28.0,2583.5,16.0,0.4,0.4,0.6,375.0,1175.0,5110.0,2405.0,28.0,2585.0,16.0,0.4,0.4,0.6
1974,2,152.0,42.0,1.77,3.5,6.57,4.21,10.0,2.64,18.0,0.7,0.6,0.5,-0.05,1.65,6.0,2.15,12.0,3.65,18.0,0.8,0.6,0.4,3.13,3.9,4.84,3.92,6.0,0.94,20.0,0.8,0.4,0.4,73.6,84.0,91.7,82.6,6.0,9.3,20.0,0.8,0.4,8.89,10.55,13.28,11.48,12.0,4.29,18.0,0.8,0.6,0.4,1.27,5.56,9.2,4.07,12.0,7.41,18.0,0.8,0.6,0.4,-9.01,-6.81,7.61,-2.96,12.0,8.93,18.0,0.8,0.6,0.4,996.25,1007.95,1015.14,1005.1,12.0,11.45,18.0,0.8,0.6,0.4,6.4,7.0,8.0,7.1,10.0,1.0,18.0,0.9,0.6,0.5,5.3,56.3,101.5,30.5,12.0,128.5,18.0,0.8,0.6,0.4,-102.4,-62.5,76.5,-47.5,12.0,143.6,18.0,0.8,0.6,0.4,0.21,1.9,6.57,2.63,10.0,3.33,18.0,0.7,0.6,0.5,1.6,28.4,53.1,26.4,10.0,33.0,18.0,0.7,0.6,0.5,0.67,1.04,2.71,1.58,5.0,1.16,24.0,0.8,0.5,0.5,5.9,13.5,28.0,16.4,5.0,12.2,24.0,0.8,0.5,0.5,-2.1,6.3,49.1,15.5,12.0,30.5,18.0,0.8,0.6,0.4,-12.0,1.8,38.8,10.7,12.0,30.3,18.0,0.8,0.6,0.4,14.1,24.3,38.1,26.4,6.0,13.3,20.0,0.8,0.4,0.4,-26.0,-3.2,39.1,4.1,6.0,34.7,20.0,0.8,0.4,0.4,3.6,4.6,19.0,10.2,5.0,9.4,24.0,0.8,0.5,0.5,-12.4,5.5,10.1,-0.9,5.0,16.3,24.0,0.8,0.5,0.5,716.0,1176.0,2360.0,2201.5,12.0,3227.0,18.0,0.8,0.6,0.4,715.0,1175.0,2360.0,2200.0,12.0,3225.0,18.0,0.8,0.6,0.4
1974,2,152.0,43.0,1.45,2.0,3.63,2.39,12.0,1.09,20.0,0.8,0.4,0.5,0.0,1.6,3.19,2.1,13.0,1.7,20.0,0.7,0.4,0.4,3.22,3.75,4.04,3.8,9.0,0.72,20.0,0.7,0.4,0.5,72.3,84.2,89.6,82.9,9.0,10.6,20.0,0.7,0.5,6.22,10.8,12.61,9.98,11.0,3.78,18.0,0.6,0.4,0.4,-3.37,9.35,12.25,5.85,11.0,7.72,18.0,0.6,0.4,0.4,-5.64,-4.1,2.88,-1.82,11.0,4.79,18.0,0.6,0.4,0.4,1004.17,1013.9,1018.86,1012.0,11.0,8.67,18.0,0.6,0.4,0.4,3.6,8.0,8.0,6.2,11.0,2.4,22.0,0.6,0.4,0.5,-19.9,101.0,151.3,80.9,11.0,100.4,18.0,0.6,0.4,0.4,-58.3,-24.4,22.7,-17.1,11.0,55.7,18.0,0.6,0.4,0.4,-0.75,0.1,1.0,0.12,12.0,1.56,20.0,0.8,0.4,0.5,-13.2,0.7,10.8,-0.9,10.0,18.1,18.0,0.7,0.4,0.4,0.36,0.97,1.53,0.81,9.0,0.86,20.0,0.7,0.4,0.5,2.1,7.1,15.9,7.3,9.0,9.9,20.0,0.7,0.4,0.5,0.0,16.4,41.9,19.9,11.0,22.6,18.0,0.6,0.4,0.4,-13.7,0.0,2.7,-1.1,11.0,16.0,18.0,0.6,0.4,0.4,-5.5,30.0,46.9,24.2,9.0,24.7,20.0,0.7,0.4,0.5,-20.1,-13.3,11.1,-3.0,9.0,22.4,20.0,0.7,0.4,0.5,-2.8,7.0,15.3,5.4,9.0,9.5,20.0,0.7,0.4,0.5,-8.2,-3.2,0.9,-3.5,9.0,4.7,20.0,0.7,0.4,0.5,256.0,1259.5,2006.0,1401.0,11.0,1506.0,18.0,0.6,0.4,0.4,255.0,1260.0,2005.0,1400.0,11.0,1505.0,18.0,0.6,0.4,0.4
1974,2,152.0,44.0,0.9,1.15,3.25,1.91,12.0,1.84,10.0,0.5,0.4,0.4,-1.62,0.1,1.71,-0.14,11.0,1.91,10.0,0.5,0.4,0.4,2.98,3.57,3.76,3.43,9.0,0.39,8.0,0.6,0.5,0.4,82.8,83.4,96.8,87.6,9.0,7.3,8.0,0.6,0.4,5.7,10.8,16.18,11.67,12.0,6.71,10.0,0.5,0.4,0.4,-2.46,4.1,13.51,4.04,12.0,9.98,10.0,0.5,0.4,0.4,-11.17,-5.09,0.0,-6.04,12.0,6.01,10.0,0.5,0.4,0.4,995.58,1012.85,1019.27,1007.0,12.0,15.15,10.0,0.5,0.4,0.4,3.4,6.5,8.0,6.0,10.0,2.0,10.0,0.5,0.4,0.4,-18.4,38.2,225.4,34.6,12.0,208.5,10.0,0.5,0.4,0.4,-165.7,-57.3,0.0,-96.7,12.0,133.9,10.0,0.5,0.4,0.4,-0.21,2.0,3.0,1.95,11.0,2.53,10.0,0.5,0.4,0.4,-2.5,15.4,38.5,19.2,11.0,25.4,10.0,0.5,0.4,0.4,0.41,0.74,1.57,1.08,9.0,0.84,8.0,0.6,0.5,0.4,5.1,7.0,15.4,10.0,9.0,7.4,8.0,0.6,0.5,0.4,-9.8,3.7,12.2,2.4,11.0,14.5,10.0,0.5,0.4,0.4,-9.9,-1.8,11.0,-0.3,11.0,11.1,10.0,0.5,0.4,0.4,-11.7,12.3,49.5,9.4,9.0,40.1,8.0,0.6,0.5,0.4,-38.4,-14.6,0.0,-18.3,9.0,22.9,8.0,0.6,0.5,0.4,-5.2,2.3,5.2,2.7,9.0,10.3,8.0,0.6,0.5,0.4,-8.8,-1.9,0.0,-4.0,9.0,5.8,8.0,0.6,0.5,0.4,185.0,1332.5,4247.0,3231.0,12.0,5330.0,10.0,0.5,0.4,0.4,185.0,1335.0,4245.0,3230.0,12.0,5330.0,10.0,0.5,0.4,0.4
1974,2,152.0,45.0,0.21,2.0,2.29,1.65,10.0,1.55,12.0,0.4,0.3,0.3,-1.73,0.0,2.56,0.11,9.0,2.3,14.0,0.3,0.3,0.4,2.69,3.16,3.6,3.27,7.0,0.65,14.0,0.4,0.3,0.3,80.5,86.4,89.5,81.4,7.0,13.5,14.0,0.4,0.3,6.2,11.05,22.46,13.23,10.0,8.74,12.0,0.4,0.3,0.3,-3.18,5.32,16.22,4.68,10.0,11.93,12.0,0.4,0.3,0.3,-10.55,-5.1,3.99,-4.49,10.0,9.05,12.0,0.4,0.3,0.3,982.23,1005.5,1015.94,1000.71,10.0,17.73,12.0,0.4,0.3,0.3,4.5,8.0,8.0,6.6,9.0,1.9,12.0,0.4,0.3,0.4,-19.7,49.5,302.3,64.1,10.0,287.7,12.0,0.4,0.3,0.3,-185.0,-27.3,24.7,-93.0,10.0,233.9,12.0,0.4,0.3,0.3,-1.23,2.0,3.1,1.17,9.0,2.03,14.0,0.3,0.3,0.4,-18.6,21.7,30.6,12.3,9.0,29.2,14.0,0.3,0.3,0.4,0.36,1.11,1.29,0.97,7.0,0.62,14.0,0.4,0.3,0.3,3.7,7.8,29.5,16.5,7.0,16.1,14.0,0.4,0.3,0.3,-12.9,0.0,17.5,5.7,9.0,29.6,14.0,0.3,0.3,0.4,-8.7,0.0,5.9,-1.5,9.0,18.1,14.0,0.3,0.3,0.4,-17.6,25.8,56.0,13.6,7.0,43.9,14.0,0.4,0.3,0.3,-48.1,-21.7,13.0,-19.8,7.0,37.1,14.0,0.4,0.3,0.3,-6.6,3.0,21.7,6.6,7.0,19.4,14.0,0.4,0.3,0.3,-12.4,0.0,5.5,-1.7,7.0,12.2,14.0,0.4,0.3,0.3,238.5,1368.0,11363.5,5480.0,10.0,8669.0,12.0,0.4,0.3,0.3,240.0,1370.0,11365.0,5480.0,10.0,8670.0,12.0,0.4,0.3,0.3
1974,2,152.0,46.0,1.0,2.0,3.0,1.98,43.0,1.15,14.0,0.6,0.2,0.6,-3.5,-1.75,0.59,-1.7,46.0,2.39,16.0,0.6,0.2,0.6,3.16,3.37,3.37,3.27,3.0,0.18,14.0,0.3,0.6,0.2,81.1,82.7,87.3,84.2,3.0,4.7,14.0,0.3,0.2,7.09,11.4,18.0,11.9,48.0,5.06,14.0,0.6,0.2,0.6,-3.88,8.03,14.34,6.16,48.0,8.28,14.0,0.6,0.2,0.6,-10.93,-2.53,4.11,-3.37,48.0,7.15,14.0,0.6,0.2,0.6,991.14,1009.6,1016.68,1005.02,49.0,11.75,14.0,0.6,0.2,0.6,4.0,7.0,8.0,6.1,39.0,2.2,14.0,0.7,0.2,0.6,-20.3,79.9,238.7,96.0,48.0,137.0,14.0,0.6,0.2,0.6,-156.6,-22.9,35.4,-57.8,48.0,110.6,14.0,0.6,0.2,0.6,1.1,3.3,6.35,3.81,42.0,2.48,14.0,0.6,0.2,0.6,10.5,39.2,91.6,47.6,41.0,41.9,16.0,0.6,0.2,0.6,0.94,1.19,1.91,1.42,3.0,0.73,14.0,0.3,0.6,0.2,11.5,17.8,34.0,22.6,3.0,17.0,14.0,0.3,0.6,0.2,-42.8,-9.5,2.5,-18.7,45.0,28.2,16.0,0.6,0.2,0.6,-8.0,0.0,28.7,6.4,45.0,23.5,16.0,0.6,0.2,0.6,20.9,21.3,38.7,29.6,3.0,14.9,14.0,0.3,0.6,0.2,-57.6,-55.8,-12.6,-35.6,3.0,37.4,14.0,0.3,0.6,0.2,9.2,11.5,13.3,11.2,3.0,3.1,14.0,0.3,0.6,0.2,-30.9,-13.7,-2.3,-16.6,3.0,21.1,14.0,0.3,0.6,0.2,357.0,1487.0,5832.0,2582.0,48.0,2647.0,14.0,0.6,0.2,0.6,355.0,1485.0,5830.0,2580.0,48.0,2645.0,14.0,0.6,0.2,0.6
1974,2,152.0,47.0,0.0,2.0,2.7,1.62,26.0,1.47,12.0,0.5,0.5,0.2,-3.28,-1.65,0.0,-1.47,30.0,1.84,12.0,0.5,0.4,0.2,3.04,3.04,3.04,3.04,1.0,0.0,8.0,0.0,0.0,0.5,96.4,96.4,96.4,96.4,1.0,0.0,8.0,0.0,0.5,4.86,11.8,17.0,11.21,31.0,5.78,12.0,0.5,0.5,0.2,-4.6,3.35,11.66,3.14,31.0,8.57,12.0,0.5,0.5,0.2,-12.34,-4.63,0.0,-5.0,31.0,7.33,12.0,0.5,0.5,0.2,988.41,1003.7,1018.05,1002.67,31.0,13.23,12.0,0.5,0.4,0.2,4.7,6.0,8.0,6.2,24.0,1.6,12.0,0.5,0.5,0.2,-42.7,32.8,187.5,36.3,31.0,148.0,12.0,0.5,0.5,0.2,-171.9,-36.1,0.0,-70.1,31.0,135.6,12.0,0.5,0.5,0.2,1.28,3.7,5.58,3.18,25.0,2.64,12.0,0.5,0.5,0.2,8.3,25.4,51.4,27.7,25.0,36.8,12.0,0.5,0.5,0.2,1.5,1.5,1.5,1.5,1.0,0.0,8.0,0.0,0.0,0.5,5.4,5.4,5.4,5.4,1.0,0.0,8.0,0.0,0.0,0.5,-18.8,0.0,5.1,-1.0,29.0,21.6,12.0,0.4,0.4,0.2,-1.8,0.0,16.5,6.8,29.0,20.6,12.0,0.4,0.4,0.2,8.4,8.4,8.4,8.4,1.0,0.0,8.0,0.0,0.0,0.5,-7.0,-7.0,-7.0,-7.0,1.0,0.0,8.0,0.0,0.0,0.5,4.1,4.1,4.1,4.1,1.0,0.0,8.0,0.0,0.0,0.5,-3.5,-3.5,-3.5,-3.5,1.0,0.0,8.0,0.0,0.0,0.5,117.5,1643.0,4913.0,2549.0,31.0,3326.5,12.0,0.5,0.5,0.2,115.0,1645.0,4915.0,2550.0,31.0,3325.0,12.0,0.5,0.5,0.2
1974,2,152.0,48.0,,,,,,,,,,,,,,,,,,,,,,,,,,,,,,,,,,,,,,,,8.39,14.4,20.67,14.53,4.0,7.5,10.0,0.5,0.3,0.6,-6.3,3.11,3.42,-1.23,4.0,9.08,10.0,0.5,0.3,0.6,-17.71,-13.92,-7.64,-12.74,4.0,6.07,10.0,0.5,0.3,0.6,987.47,995.65,1009.02,998.13,4.0,16.36,10.0,0.5,0.3,0.6,,,,,,,,,,,,,,,,,,,,,,,,,,,,,,,,,,,,,,,,,,,,,,,,,,,,,,,,,,,,,,,,,,,,,,,,,,,,,,,,,,,,,,,,,,,,,,,,,,,,,,,,,,,,,,,,,,,,,,,,,,,,,,,,,,,,,,,,,,,,,,,,,,,,,,
1974,2,152.0,49.0,,,,,,,,,,,,,,,,,,,,,,,,,,,,,,,,,,,,,,,,8.72,14.9,16.67,12.94,5.0,5.11,18.0,0.4,0.1,0.5,-1.69,5.44,10.98,4.03,5.0,9.23,18.0,0.4,0.1,0.5,-14.21,-3.28,4.69,-4.11,5.0,10.43,18.0,0.4,0.1,0.5,991.94,1002.0,1018.03,1004.85,4.0,18.38,16.0,0.5,0.2,0.4,,,,,,,,,,,,,,,,,,,,,,,,,,,,,,,,,,,,,,,,,,,,,,,,,,,,,,,,,,,,,,,,,,,,,,,,,,,,,,,,,,,,,,,,,,,,,,,,,,,,,,,,,,,,,,,,,,,,,,,,,,,,,,,,,,,,,,,,,,,,,,,,,,,,,,
1974,2,152.0,51.0,-1.05,1.0,3.05,1.0,3.0,3.0,22.0,0.7,0.2,0.5,-11.26,-7.1,-0.21,-5.77,3.0,8.18,22.0,0.7,0.2,0.5,4.45,4.45,4.45,4.45,1.0,0.0,18.0,1.0,0.5,0.6,93.1,93.1,93.1,93.1,1.0,0.0,18.0,1.0,0.6,7.73,13.4,14.42,11.13,3.0,5.28,22.0,0.7,0.2,0.5,1.17,13.2,14.36,7.89,3.0,10.69,22.0,0.7,0.2,0.5,-1.74,0.0,1.59,-0.07,3.0,2.44,22.0,0.7,0.2,0.5,995.67,1001.4,1009.25,1002.43,3.0,9.99,22.0,0.7,0.2,0.5,7.2,7.5,7.8,7.5,2.0,0.7,20.0,1.0,0.4,0.4,40.8,176.8,207.7,125.4,3.0,130.1,22.0,0.7,0.2,0.5,-8.9,0.0,21.3,6.1,3.0,22.7,22.0,0.7,0.2,0.5,3.25,8.1,10.22,6.77,3.0,5.23,22.0,0.7,0.2,0.5,27.3,57.1,100.5,63.7,3.0,54.0,22.0,0.7,0.2,0.5,0.68,0.68,0.68,0.68,1.0,0.0,18.0,1.0,0.5,0.6,9.1,9.1,9.1,9.1,1.0,0.0,18.0,1.0,0.5,0.6,-59.6,39.6,52.4,-2.6,3.0,89.8,22.0,0.7,0.2,0.5,2.2,7.0,25.2,13.5,3.0,17.8,22.0,0.7,0.2,0.5,58.8,58.8,58.8,58.8,1.0,0.0,18.0,1.0,0.5,0.6,10.4,10.4,10.4,10.4,1.0,0.0,18.0,1.0,0.5,0.6,9.0,9.0,9.0,9.0,1.0,0.0,18.0,1.0,0.5,0.6,1.6,1.6,1.6,1.6,1.0,0.0,18.0,1.0,0.5,0.6,854.0,2406.0,3021.5,1949.0,3.0,1636.5,22.0,0.7,0.2,0.5,855.0,2405.0,3020.0,1950.0,3.0,1635.0,22.0,0.7,0.2,0.5
1974,2,152.0,52.0,,,,,,,,,,,,,,,,,,,,,,,,,,,,,,,,,,,,,,,,7.68,8.7,12.25,9.93,3.0,3.52,16.0,0.3,0.6,0.5,-2.46,0.0,8.22,2.81,3.0,8.19,16.0,0.3,0.6,0.5,-7.92,-6.24,2.76,-2.66,3.0,8.41,16.0,0.3,0.6,0.5,987.23,993.1,1000.95,994.07,3.0,10.08,16.0,0.3,0.6,0.5,,,,,,,,,,,,,,,,,,,,,,,,,,,,,,,,,,,,,,,,,,,,,,,,,,,,,,,,,,,,,,,,,,,,,,,,,,,,,,,,,,,,,,,,,,,,,,,,,,,,,,,,,,,,,,,,,,,,,,,,,,,,,,,,,,,,,,,,,,,,,,,,,,,,,,
1974,2,152.0,53.0,,,,,,,,,,,,,,,,,,,,,,,,,,,,,,,,,,,,,,,,13.9,13.9,13.9,13.9,1.0,0.0,24.0,0.0,0.4,0.8,13.06,13.06,13.06,13.06,1.0,0.0,24.0,0.0,0.4,0.8,4.75,4.75,4.75,4.75,1.0,0.0,24.0,0.0,0.4,0.8,1005.8,1005.8,1005.8,1005.8,1.0,0.0,24.0,0.0,0.4,0.8,,,,,,,,,,,,,,,,,,,,,,,,,,,,,,,,,,,,,,,,,,,,,,,,,,,,,,,,,,,,,,,,,,,,,,,,,,,,,,,,,,,,,,,,,,,,,,,,,,,,,,,,,,,,,,,,,,,,,,,,,,,,,,,,,,,,,,,,,,,,,,,,,,,,,,
1974,2,152.0,55.0,,,,,,,,,,,,,,,,,,,,,,,,,,,,,,,,,,,,,,,,5.1,5.1,5.1,5.1,1.0,0.0,8.0,0.0,0.0,0.2,4.79,4.79,4.79,4.79,1.0,0.0,8.0,0.0,0.0,0.2,1.74,1.74,1.74,1.74,1.0,0.0,8.0,0.0,0.0,0.2,1011.6,1011.6,1011.6,1011.6,1.0,0.0,8.0,0.0,0.0,0.2,,,,,,,,,,,,,,,,,,,,,,,,,,,,,,,,,,,,,,,,,,,,,,,,,,,,,,,,,,,,,,,,,,,,,,,,,,,,,,,,,,,,,,,,,,,,,,,,,,,,,,,,,,,,,,,,,,,,,,,,,,,,,,,,,,,,,,,,,,,,,,,,,,,,,,
1974,2,152.0,56.0,,,,,,,,,,,,,,,,,,,,,,,,,,,,,,,,,,,,,,,,10.94,13.4,15.86,13.4,2.0,5.09,14.0,0.5,0.5,0.4,-9.73,-7.14,-4.55,-7.14,2.0,5.36,14.0,0.5,0.5,0.4,-12.42,-11.12,-9.81,-11.12,2.0,2.7,14.0,0.5,0.5,0.4,999.98,1006.6,1007.49,1003.8,3.0,6.01,18.0,0.7,0.5,0.4,,,,,,,,,,,,,,,,,,,,,,,,,,,,,,,,,,,,,,,,,,,,,,,,,,,,,,,,,,,,,,,,,,,,,,,,,,,,,,,,,,,,,,,,,,,,,,,,,,,,,,,,,,,,,,,,,,,,,,,,,,,,,,,,,,,,,,,,,,,,,,,,,,,,,,
1974,2,152.0,57.0,,,,,,,,,,,,,,,,,,,,,,,,,,,,,,,,,,,,,,,,8.7,8.7,8.7,8.7,1.0,0.0,6.0,0.0,0.0,0.0,1.51,1.51,1.51,1.51,1.0,0.0,6.0,0.0,0.0,0.0,-8.57,-8.57,-8.57,-8.57,1.0,0.0,6.0,0.0,0.0,0.0,1021.6,1021.6,1021.6,1021.6,1.0,0.0,6.0,0.0,0.0,0.0,,,,,,,,,,,,,,,,,,,,,,,,,,,,,,,,,,,,,,,,,,,,,,,,,,,,,,,,,,,,,,,,,,,,,,,,,,,,,,,,,,,,,,,,,,,,,,,,,,,,,,,,,,,,,,,,,,,,,,,,,,,,,,,,,,,,,,,,,,,,,,,,,,,,,,
1974,2,152.0,58.0,,,,,,,,,,,,,,,,,,,,,,,,,,,,,,,,,,,,,,,,2.46,5.15,10.8,5.83,6.0,4.48,10.0,0.7,0.0,0.1,-3.78,-0.94,3.45,-1.01,6.0,5.54,10.0,0.7,0.0,0.1,-5.87,-2.13,-0.84,-3.43,6.0,3.85,10.0,0.7,0.0,0.1,1014.12,1020.7,1022.04,1018.7,6.0,4.4,10.0,0.7,0.0,0.1,,,,,,,,,,,,,,,,,,,,,,,,,,,,,,,,,,,,,,,,,,,,,,,,,,,,,,,,,,,,,,,,,,,,,,,,,,,,,,,,,,,,,,,,,,,,,,,,,,,,,,,,,,,,,,,,,,,,,,,,,,,,,,,,,,,,,,,,,,,,,,,,,,,,,,
1974,2,153.0,-66.0,1.1,1.1,1.1,1.1,1.0,0.0,4.0,1.0,0.1,0.9,-1.1,-1.1,-1.1,-1.1,1.0,0.0,4.0,1.0,0.1,0.9,3.45,3.45,3.45,3.45,1.0,0.0,4.0,1.0,0.1,0.9,95.7,95.7,95.7,95.7,1.0,0.0,4.0,1.0,0.9,6.7,6.7,6.7,6.7,1.0,0.0,4.0,1.0,0.1,0.9,-3.35,-3.35,-3.35,-3.35,1.0,0.0,4.0,1.0,0.1,0.9,5.8,5.8,5.8,5.8,1.0,0.0,4.0,1.0,0.1,0.9,978.2,978.2,978.2,978.2,1.0,0.0,4.0,1.0,0.1,0.9,8.0,8.0,8.0,8.0,1.0,0.0,4.0,1.0,0.1,0.9,-22.4,-22.4,-22.4,-22.4,1.0,0.0,4.0,1.0,0.1,0.9,38.9,38.9,38.9,38.9,1.0,0.0,4.0,1.0,0.1,0.9,2.2,2.2,2.2,2.2,1.0,0.0,4.0,1.0,0.1,0.9,14.7,14.7,14.7,14.7,1.0,0.0,4.0,1.0,0.1,0.9,0.78,0.78,0.78,0.78,1.0,0.0,4.0,1.0,0.1,0.9,5.2,5.2,5.2,5.2,1.0,0.0,4.0,1.0,0.1,0.9,3.7,3.7,3.7,3.7,1.0,0.0,4.0,1.0,0.1,0.9,-6.4,-6.4,-6.4,-6.4,1.0,0.0,4.0,1.0,0.1,0.9,-11.6,-11.6,-11.6,-11.6,1.0,0.0,4.0,1.0,0.1,0.9,20.0,20.0,20.0,20.0,1.0,0.0,4.0,1.0,0.1,0.9,-2.6,-2.6,-2.6,-2.6,1.0,0.0,4.0,1.0,0.1,0.9,4.5,4.5,4.5,4.5,1.0,0.0,4.0,1.0,0.1,0.9,301.0,301.0,301.0,301.0,1.0,0.0,4.0,1.0,0.1,0.9,300.0,300.0,300.0,300.0,1.0,0.0,4.0,1.0,0.1,0.9
1974,2,153.0,-50.0,11.8,11.8,11.8,11.8,1.0,0.0,14.0,1.0,0.6,0.7,12.0,12.0,12.0,12.0,1.0,0.0,14.0,1.0,0.6,0.7,7.66,7.66,7.66,7.66,1.0,0.0,14.0,1.0,0.6,0.7,87.6,87.6,87.6,87.6,1.0,0.0,14.0,1.0,0.7,3.1,3.1,3.1,3.1,1.0,0.0,14.0,1.0,0.6,0.7,2.37,2.37,2.37,2.37,1.0,0.0,14.0,1.0,0.6,0.7,-1.99,-1.99,-1.99,-1.99,1.0,0.0,14.0,1.0,0.6,0.7,1005.7,1005.7,1005.7,1005.7,1.0,0.0,14.0,1.0,0.6,0.7,8.0,8.0,8.0,8.0,1.0,0.0,14.0,1.0,0.6,0.7,7.4,7.4,7.4,7.4,1.0,0.0,14.0,1.0,0.6,0.7,-6.2,-6.2,-6.2,-6.2,1.0,0.0,14.0,1.0,0.6,0.7,-0.2,-0.2,-0.2,-0.2,1.0,0.0,14.0,1.0,0.6,0.7,-0.6,-0.6,-0.6,-0.6,1.0,0.0,14.0,1.0,0.6,0.7,0.98,0.98,0.98,0.98,1.0,0.0,14.0,1.0,0.6,0.7,3.0,3.0,3.0,3.0,1.0,0.0,14.0,1.0,0.6,0.7,28.5,28.5,28.5,28.5,1.0,0.0,14.0,1.0,0.6,0.7,-23.9,-23.9,-23.9,-23.9,1.0,0.0,14.0,1.0,0.6,0.7,18.2,18.2,18.2,18.2,1.0,0.0,14.0,1.0,0.6,0.7,-15.3,-15.3,-15.3,-15.3,1.0,0.0,14.0,1.0,0.6,0.7,2.3,2.3,2.3,2.3,1.0,0.0,14.0,1.0,0.6,0.7,-2.0,-2.0,-2.0,-2.0,1.0,0.0,14.0,1.0,0.6,0.7,30.0,30.0,30.0,30.0,1.0,0.0,14.0,1.0,0.6,0.7,30.0,30.0,30.0,30.0,1.0,0.0,14.0,1.0,0.6,0.7
1974,2,153.0,-45.0,14.3,14.3,14.3,14.3,1.0,0.0,24.0,1.0,0.9,0.3,14.4,14.4,14.4,14.4,1.0,0.0,24.0,1.0,0.9,0.3,8.14,8.14,8.14,8.14,1.0,0.0,24.0,1.0,0.9,0.3,80.0,80.0,80.0,80.0,1.0,0.0,24.0,1.0,0.3,7.7,7.7,7.7,7.7,1.0,0.0,24.0,1.0,0.9,0.3,5.9,5.9,5.9,5.9,1.0,0.0,24.0,1.0,0.9,0.3,-4.95,-4.95,-4.95,-4.95,1.0,0.0,24.0,1.0,0.9,0.3,1012.5,1012.5,1012.5,1012.5,1.0,0.0,24.0,1.0,0.9,0.3,8.0,8.0,8.0,8.0,1.0,0.0,24.0,1.0,0.9,0.3,45.4,45.4,45.4,45.4,1.0,0.0,24.0,1.0,0.9,0.3,-38.1,-38.1,-38.1,-38.1,1.0,0.0,24.0,1.0,0.9,0.3,-0.1,-0.1,-0.1,-0.1,1.0,0.0,24.0,1.0,0.9,0.3,-0.8,-0.8,-0.8,-0.8,1.0,0.0,24.0,1.0,0.9,0.3,1.98,1.98,1.98,1.98,1.0,0.0,24.0,1.0,0.9,0.3,15.2,15.2,15.2,15.2,1.0,0.0,24.0,1.0,0.9,0.3,84.9,84.9,84.9,84.9,1.0,0.0,24.0,1.0,0.9,0.3,-71.3,-71.3,-71.3,-71.3,1.0,0.0,24.0,1.0,0.9,0.3,48.0,48.0,48.0,48.0,1.0,0.0,24.0,1.0,0.9,0.3,-40.3,-40.3,-40.3,-40.3,1.0,0.0,24.0,1.0,0.9,0.3,11.7,11.7,11.7,11.7,1.0,0.0,24.0,1.0,0.9,0.3,-9.8,-9.8,-9.8,-9.8,1.0,0.0,24.0,1.0,0.9,0.3,456.5,456.5,456.5,456.5,1.0,0.0,24.0,1.0,0.9,0.3,455.0,455.0,455.0,455.0,1.0,0.0,24.0,1.0,0.9,0.3
1974,2,153.0,-44.0,,,,,,,,,,,,,,,,,,,,,,,,,,,,,,,,,,,,,,,,9.3,9.3,9.3,9.3,1.0,0.0,24.0,1.0,0.3,0.9,4.65,4.65,4.65,4.65,1.0,0.0,24.0,1.0,0.3,0.9,8.05,8.05,8.05,8.05,1.0,0.0,24.0,1.0,0.3,0.9,1012.8,1012.8,1012.8,1012.8,1.0,0.0,24.0,1.0,0.3,0.9,,,,,,,,,,,,,,,,,,,,,,,,,,,,,,,,,,,,,,,,,,,,,,,,,,,,,,,,,,,,,,,,,,,,,,,,,,,,,,,,,,,,,,,,,,,,,,,,,,,,,,,,,,,,,,,,,,,,,,,,,,,,,,,,,,,,,,,,,,,,,,,,,,,,,,
1974,2,153.0,-43.0,16.32,17.0,17.89,17.1,3.0,1.15,12.0,0.3,0.5,0.5,14.65,15.4,16.49,15.57,3.0,1.36,12.0,0.3,0.5,0.5,7.65,7.91,8.17,7.91,2.0,0.54,6.0,0.5,0.6,0.6,75.3,76.2,77.1,76.2,2.0,1.9,6.0,0.5,0.6,4.26,4.6,4.6,4.43,3.0,0.29,12.0,0.3,0.5,0.5,-2.64,-1.57,2.45,-0.13,3.0,3.94,12.0,0.3,0.5,0.5,-0.24,2.64,3.79,1.79,3.0,3.04,12.0,0.3,0.5,0.5,1012.88,1016.7,1024.0,1018.4,3.0,8.28,12.0,0.3,0.5,0.5,1.9,6.0,7.4,4.7,3.0,4.2,12.0,0.3,0.5,0.5,-11.1,-7.2,11.3,-0.1,3.0,17.5,12.0,0.3,0.5,0.5,-1.5,10.8,17.0,7.8,3.0,13.8,12.0,0.3,0.5,0.5,0.17,2.7,2.84,1.53,3.0,2.2,12.0,0.3,0.5,0.5,0.6,11.9,12.3,6.6,3.0,9.7,12.0,0.3,0.5,0.5,4.48,4.53,4.57,4.53,2.0,0.09,6.0,0.5,0.6,0.6,19.1,19.7,20.3,19.7,2.0,1.2,6.0,0.5,0.6,0.6,-40.2,-22.5,43.0,0.9,3.0,64.2,12.0,0.3,0.5,0.5,-5.4,40.6,55.1,25.2,3.0,46.2,12.0,0.3,0.5,0.5,-23.8,-18.9,-14.1,-18.9,2.0,10.0,6.0,0.5,0.6,0.6,23.5,27.2,30.8,27.2,2.0,7.6,6.0,0.5,0.6,0.6,-13.3,-10.7,-8.2,-10.7,2.0,5.2,6.0,0.5,0.6,0.6,13.3,15.7,18.1,15.7,2.0,5.1,6.0,0.5,0.6,0.6,78.0,97.5,97.5,88.0,3.0,16.5,12.0,0.3,0.5,0.5,80.0,95.0,95.0,90.0,3.0,15.0,12.0,0.3,0.5,0.5
1974,2,153.0,-42.0,19.5,19.5,19.5,19.5,1.0,0.0,24.0,0.0,0.6,0.5,17.0,17.0,17.0,17.0,1.0,0.0,24.0,0.0,0.6,0.5,9.81,9.81,9.81,9.81,1.0,0.0,24.0,0.0,0.6,0.5,82.5,82.5,82.5,82.5,1.0,0.0,24.0,0.0,0.5,6.49,10.55,14.61,10.55,2.0,8.41,14.0,0.5,0.6,0.5,-0.01,3.34,6.69,3.34,2.0,6.95,14.0,0.5,0.6,0.5,5.9,9.31,12.71,9.31,2.0,7.05,14.0,0.5,0.6,0.5,1023.7,1023.7,1023.7,1023.7,1.0,0.0,24.0,0.0,0.6,0.5,1.8,3.5,5.2,3.5,2.0,3.5,14.0,0.5,0.6,0.5,15.5,64.4,113.4,64.4,2.0,101.4,14.0,0.5,0.6,0.5,54.1,127.8,201.5,127.8,2.0,152.7,14.0,0.5,0.6,0.5,2.5,2.5,2.5,2.5,1.0,0.0,24.0,0.0,0.6,0.5,41.3,41.3,41.3,41.3,1.0,0.0,24.0,0.0,0.6,0.5,4.14,4.14,4.14,4.14,1.0,0.0,24.0,0.0,0.6,0.5,68.3,68.3,68.3,68.3,1.0,0.0,24.0,0.0,0.6,0.5,140.3,140.3,140.3,140.3,1.0,0.0,24.0,0.0,0.6,0.5,242.9,242.9,242.9,242.9,1.0,0.0,24.0,0.0,0.6,0.5,80.9,80.9,80.9,80.9,1.0,0.0,24.0,0.0,0.6,0.5,140.2,140.2,140.2,140.2,1.0,0.0,24.0,0.0,0.6,0.5,34.1,34.1,34.1,34.1,1.0,0.0,24.0,0.0,0.6,0.5,59.1,59.1,59.1,59.1,1.0,0.0,24.0,0.0,0.6,0.5,795.0,2294.5,3794.5,2294.5,2.0,3107.5,14.0,0.5,0.6,0.5,795.0,2295.0,3795.0,2295.0,2.0,3110.0,14.0,0.5,0.6,0.5
1974,2,153.0,-41.0,21.7,21.7,21.7,21.7,1.0,0.0,2.0,1.0,0.2,0.9,22.5,22.5,22.5,22.5,1.0,0.0,2.0,1.0,0.2,0.9,15.2,15.2,15.2,15.2,1.0,0.0,2.0,1.0,0.2,0.9,90.1,90.1,90.1,90.1,1.0,0.0,2.0,1.0,0.9,6.2,6.2,6.2,6.2,1.0,0.0,2.0,1.0,0.2,0.9,2.12,2.12,2.12,2.12,1.0,0.0,2.0,1.0,0.2,0.9,-5.83,-5.83,-5.83,-5.83,1.0,0.0,2.0,1.0,0.2,0.9,1010.23,1013.75,1017.27,1013.75,2.0,7.28,8.0,1.0,0.3,0.7,3.3,4.0,4.7,4.0,2.0,1.4,8.0,1.0,0.3,0.7,13.1,13.1,13.1,13.1,1.0,0.0,2.0,1.0,0.2,0.9,-36.1,-36.1,-36.1,-36.1,1.0,0.0,2.0,1.0,0.2,0.9,-0.8,-0.8,-0.8,-0.8,1.0,0.0,2.0,1.0,0.2,0.9,-5.0,-5.0,-5.0,-5.0,1.0,0.0,2.0,1.0,0.2,0.9,0.87,0.87,0.87,0.87,1.0,0.0,2.0,1.0,0.2,0.9,5.4,5.4,5.4,5.4,1.0,0.0,2.0,1.0,0.2,0.9,47.7,47.7,47.7,47.7,1.0,0.0,2.0,1.0,0.2,0.9,-131.1,-131.1,-131.1,-131.1,1.0,0.0,2.0,1.0,0.2,0.9,32.2,32.2,32.2,32.2,1.0,0.0,2.0,1.0,0.2,0.9,-88.5,-88.5,-88.5,-88.5,1.0,0.0,2.0,1.0,0.2,0.9,1.8,1.8,1.8,1.8,1.0,0.0,2.0,1.0,0.2,0.9,-5.1,-5.1,-5.1,-5.1,1.0,0.0,2.0,1.0,0.2,0.9,238.5,238.5,238.5,238.5,1.0,0.0,2.0,1.0,0.2,0.9,240.0,240.0,240.0,240.0,1.0,0.0,2.0,1.0,0.2,0.9
1974,2,153.0,-40.0,20.4,21.25,22.1,21.25,2.0,1.77,18.0,0.5,0.6,0.5,18.74,19.25,19.76,19.25,2.0,1.06,18.0,0.5,0.6,0.5,9.97,10.17,10.37,10.17,2.0,0.42,18.0,0.5,0.6,0.5,73.3,74.2,75.1,74.2,2.0,1.9,18.0,0.5,0.5,3.49,5.4,7.31,5.4,2.0,3.96,18.0,0.5,0.6,0.5,-3.81,-3.18,-2.54,-3.18,2.0,1.31,18.0,0.5,0.6,0.5,2.22,4.2,6.18,4.2,2.0,4.1,18.0,0.5,0.6,0.5,1023.93,1024.0,1024.07,1024.0,2.0,0.14,18.0,0.5,0.6,0.5,5.2,5.5,5.8,5.5,2.0,0.7,18.0,0.5,0.6,0.5,-29.2,-19.7,-10.3,-19.7,2.0,19.6,18.0,0.5,0.6,0.5,12.1,30.8,49.5,30.8,2.0,38.8,18.0,0.5,0.6,0.5,1.66,2.0,2.34,2.0,2.0,0.71,18.0,0.5,0.6,0.5,7.4,9.4,11.4,9.4,2.0,4.1,18.0,0.5,0.6,0.5,4.81,5.42,6.04,5.42,2.0,1.28,18.0,0.5,0.6,0.5,19.7,26.8,33.8,26.8,2.0,14.5,18.0,0.5,0.6,0.5,-71.0,-60.4,-49.9,-60.4,2.0,21.8,18.0,0.5,0.6,0.5,42.7,78.7,114.7,78.7,2.0,74.5,18.0,0.5,0.6,0.5,-37.8,-32.0,-26.2,-32.0,2.0,12.0,18.0,0.5,0.6,0.5,22.6,41.9,61.1,41.9,2.0,39.9,18.0,0.5,0.6,0.5,-17.8,-16.4,-14.9,-16.4,2.0,3.0,18.0,0.5,0.6,0.5,12.0,20.2,28.3,20.2,2.0,16.9,18.0,0.5,0.6,0.5,102.5,284.5,466.5,284.5,2.0,377.5,18.0,0.5,0.6,0.5,100.0,285.0,465.0,285.0,2.0,375.0,18.0,0.5,0.6,0.5
1974,2,153.0,-39.0,21.63,22.5,22.68,22.24,5.0,0.62,16.0,0.8,0.5,0.8,20.0,21.0,21.4,20.82,5.0,0.87,16.0,0.8,0.5,0.8,9.36,10.24,12.23,10.72,5.0,1.54,16.0,0.8,0.5,0.8,62.3,67.2,81.7,71.1,5.0,12.1,16.0,0.8,0.8,4.73,6.7,7.88,6.36,5.0,1.73,16.0,0.8,0.5,0.8,-6.81,-3.91,1.3,-2.87,5.0,4.63,16.0,0.8,0.5,0.8,-0.84,2.05,5.08,2.25,5.0,3.94,16.0,0.8,0.5,0.8,1020.34,1021.8,1024.96,1022.48,5.0,2.73,16.0,0.8,0.5,0.8,3.5,4.5,6.0,4.8,4.0,1.7,18.0,0.8,0.6,0.8,-48.4,-19.9,5.3,-21.4,5.0,30.1,16.0,0.8,0.5,0.8,-5.6,8.4,35.2,15.4,5.0,31.3,16.0,0.8,0.5,0.8,0.17,1.5,2.68,1.42,5.0,1.4,16.0,0.8,0.5,0.8,0.3,7.7,21.2,10.2,5.0,11.5,16.0,0.8,0.5,0.8,4.05,6.52,7.16,5.84,5.0,1.76,16.0,0.8,0.5,0.8,26.0,33.3,52.3,38.2,5.0,18.3,16.0,0.8,0.5,0.8,-144.6,-82.0,27.2,-60.1,5.0,96.6,16.0,0.8,0.5,0.8,-18.5,43.1,103.6,45.1,5.0,80.5,16.0,0.8,0.5,0.8,-72.9,-40.0,15.5,-30.8,5.0,54.0,16.0,0.8,0.5,0.8,-7.8,24.5,49.4,22.8,5.0,37.2,16.0,0.8,0.5,0.8,-35.5,-25.5,5.1,-17.1,5.0,23.2,16.0,0.8,0.5,0.8,-5.6,8.0,37.5,15.9,5.0,30.7,16.0,0.8,0.5,0.8,109.5,301.0,491.0,302.0,5.0,205.5,16.0,0.8,0.5,0.8,110.0,300.0,490.0,300.0,5.0,205.0,16.0,0.8,0.5,0.8
1974,2,153.0,-38.0,20.0,20.0,20.0,20.0,1.0,0.0,22.0,0.0,0.0,0.1,18.7,18.7,18.7,18.7,1.0,0.0,22.0,0.0,0.0,0.1,9.68,9.68,9.68,9.68,1.0,0.0,22.0,0.0,0.0,0.1,71.7,71.7,71.7,71.7,1.0,0.0,22.0,0.0,0.1,9.8,9.8,9.8,9.8,1.0,0.0,22.0,0.0,0.0,0.1,3.35,3.35,3.35,3.35,1.0,0.0,22.0,0.0,0.0,0.1,9.21,9.21,9.21,9.21,1.0,0.0,22.0,0.0,0.0,0.1,1004.1,1004.1,1004.1,1004.1,1.0,0.0,22.0,0.0,0.0,0.1,4.0,4.0,4.0,4.0,1.0,0.0,22.0,0.0,0.0,0.1,32.8,32.8,32.8,32.8,1.0,0.0,22.0,0.0,0.0,0.1,90.2,90.2,90.2,90.2,1.0,0.0,22.0,0.0,0.0,0.1,1.3,1.3,1.3,1.3,1.0,0.0,22.0,0.0,0.0,0.1,12.7,12.7,12.7,12.7,1.0,0.0,22.0,0.0,0.0,0.1,4.99,4.99,4.99,4.99,1.0,0.0,22.0,0.0,0.0,0.1,48.9,48.9,48.9,48.9,1.0,0.0,22.0,0.0,0.0,0.1,62.7,62.7,62.7,62.7,1.0,0.0,22.0,0.0,0.0,0.1,172.2,172.2,172.2,172.2,1.0,0.0,22.0,0.0,0.0,0.1,32.4,32.4,32.4,32.4,1.0,0.0,22.0,0.0,0.0,0.1,89.1,89.1,89.1,89.1,1.0,0.0,22.0,0.0,0.0,0.1,16.7,16.7,16.7,16.7,1.0,0.0,22.0,0.0,0.0,0.1,46.0,46.0,46.0,46.0,1.0,0.0,22.0,0.0,0.0,0.1,941.0,941.0,941.0,941.0,1.0,0.0,22.0,0.0,0.0,0.1,940.0,940.0,940.0,940.0,1.0,0.0,22.0,0.0,0.0,0.1
1974,2,153.0,-37.0,,,,,,,,,,,,,,,,,,,,,,,,,,,,,,,,,,,,,,,,20.1,20.3,20.5,20.3,2.0,0.42,8.0,0.5,0.6,0.4,0.0,0.0,0.0,0.0,2.0,0.0,8.0,0.5,0.6,0.4,20.1,20.3,20.5,20.3,2.0,0.42,8.0,0.5,0.6,0.4,1004.16,1004.5,1004.84,1004.5,2.0,0.71,8.0,0.5,0.6,0.4,6.0,6.0,6.0,6.0,2.0,0.0,8.0,0.5,0.6,0.4,0.0,0.0,0.0,0.0,2.0,0.0,8.0,0.5,0.6,0.4,403.9,412.2,420.5,412.2,2.0,17.2,8.0,0.5,0.6,0.4,,,,,,,,,,,,,,,,,,,,,,,,,,,,,,,,,,,,,,,,,0.0,0.0,0.0,0.0,2.0,0.0,8.0,0.5,0.6,0.4,416.3,421.2,426.2,421.2,2.0,10.2,8.0,0.5,0.6,0.4,0.0,0.0,0.0,0.0,2.0,0.0,8.0,0.5,0.6,0.4,198.4,199.0,199.6,199.0,2.0,1.2,8.0,0.5,0.6,0.4,,,,,,,,,,,,,,,,,,,,,,,,,,,,,,,,,,,,,,,,
1974,2,153.0,-36.0,25.08,25.25,25.42,25.25,2.0,0.35,8.0,0.0,0.4,0.9,20.63,22.0,23.37,22.0,3.0,2.0,6.0,0.3,0.3,0.8,10.57,10.61,10.65,10.61,2.0,0.09,8.0,0.0,0.4,0.9,66.0,69.4,72.8,69.4,2.0,7.0,8.0,0.0,0.9,7.02,7.7,10.84,8.9,3.0,2.99,6.0,0.3,0.3,0.8,-8.84,-4.95,-2.37,-5.59,3.0,4.78,6.0,0.3,0.3,0.8,-2.07,6.15,6.46,2.28,3.0,7.09,6.0,0.3,0.3,0.8,1005.93,1016.1,1021.36,1013.7,3.0,11.49,6.0,0.3,0.3,0.8,5.0,5.0,5.7,5.3,3.0,0.6,6.0,0.3,0.3,0.8,-101.5,-38.1,-17.4,-59.0,3.0,64.2,6.0,0.3,0.3,0.8,-17.0,44.2,65.7,24.8,3.0,62.8,6.0,0.3,0.3,0.8,3.74,4.25,4.76,4.25,2.0,1.06,8.0,0.0,0.4,0.9,29.5,42.5,55.5,42.5,2.0,26.9,8.0,0.0,0.4,0.9,9.03,9.33,9.63,9.33,2.0,0.62,8.0,0.0,0.4,0.9,72.4,87.4,102.4,87.4,2.0,31.1,8.0,0.0,0.4,0.9,-183.1,-118.8,-55.2,-119.1,3.0,93.7,6.0,0.3,0.3,0.8,-57.6,123.0,138.1,42.2,3.0,159.5,6.0,0.3,0.3,0.8,-97.6,-63.0,-28.4,-63.0,2.0,71.7,8.0,0.0,0.4,0.9,66.3,67.6,69.0,67.6,2.0,2.8,8.0,0.0,0.4,0.9,-81.5,-53.1,-24.6,-53.1,2.0,58.9,8.0,0.0,0.4,0.9,56.2,59.6,62.9,59.6,2.0,6.9,8.0,0.0,0.4,0.9,350.0,456.5,1415.0,872.5,3.0,859.5,6.0,0.3,0.3,0.8,350.0,455.0,1415.0,875.0,3.0,860.0,6.0,0.3,0.3,0.8
1974,2,153.0,-35.0,25.27,26.1,27.68,26.32,5.0,1.56,14.0,0.4,0.4,0.8,22.32,23.8,25.73,24.06,5.0,2.02,14.0,0.4,0.4,0.8,12.46,13.69,14.87,13.55,5.0,1.85,14.0,0.4,0.4,0.8,63.4,73.8,80.6,73.1,5.0,11.6,14.0,0.4,0.8,2.92,5.7,7.07,4.94,5.0,2.99,14.0,0.4,0.4,0.8,-4.41,0.0,1.34,-1.05,5.0,3.45,14.0,0.4,0.4,0.8,-2.81,0.0,4.65,0.36,5.0,5.1,14.0,0.4,0.4,0.8,1011.22,1017.7,1019.05,1015.64,5.0,4.14,14.0,0.4,0.4,0.8,3.0,3.0,3.7,3.4,5.0,0.9,14.0,0.4,0.4,0.8,-24.0,0.0,7.6,-5.8,5.0,19.7,14.0,0.4,0.4,0.8,-21.7,0.0,28.4,0.0,5.0,36.5,14.0,0.4,0.4,0.8,0.59,2.3,3.91,2.26,5.0,2.36,14.0,0.4,0.4,0.8,4.4,13.1,28.1,16.0,5.0,14.4,14.0,0.4,0.4,0.8,5.81,7.42,10.3,7.87,5.0,3.33,14.0,0.4,0.4,0.8,9.1,42.3,74.8,41.9,5.0,35.3,14.0,0.4,0.4,0.8,-97.9,0.0,31.8,-22.2,5.0,78.8,14.0,0.4,0.4,0.8,-70.3,0.0,107.2,4.9,5.0,123.0,14.0,0.4,0.4,0.8,-54.6,0.0,18.2,-13.3,5.0,46.5,14.0,0.4,0.4,0.8,-41.0,0.0,55.9,0.2,5.0,68.9,14.0,0.4,0.4,0.8,-28.5,0.0,9.9,-8.0,5.0,29.3,14.0,0.4,0.4,0.8,-25.7,0.0,43.7,5.1,5.0,49.7,14.0,0.4,0.4,0.8,62.0,185.0,357.5,208.0,5.0,178.0,14.0,0.4,0.4,0.8,60.0,185.0,360.0,210.0,5.0,180.0,14.0,0.4,0.4,0.8
1974,2,153.0,-34.0,22.5,23.5,25.0,23.76,9.0,1.27,12.0,0.3,0.3,0.5,22.29,24.0,25.33,23.76,11.0,1.78,10.0,0.4,0.3,0.4,12.3,14.72,17.17,14.6,9.0,2.46,12.0,0.3,0.3,0.4,72.6,79.3,90.4,80.5,9.0,9.4,12.0,0.3,0.4,4.51,8.2,13.11,9.05,11.0,4.91,10.0,0.4,0.3,0.4,-6.17,-2.24,1.4,-2.18,11.0,3.93,10.0,0.4,0.3,0.4,-7.24,0.0,12.36,1.78,11.0,9.49,10.0,0.4,0.3,0.4,1001.38,1013.1,1015.52,1009.64,11.0,7.0,10.0,0.4,0.3,0.4,2.6,4.0,6.4,4.5,11.0,2.1,10.0,0.4,0.3,0.4,-40.0,-28.9,22.6,-17.4,11.0,47.8,10.0,0.4,0.3,0.4,-61.8,0.0,159.5,35.5,11.0,131.0,10.0,0.4,0.3,0.4,-1.73,0.6,2.51,0.49,8.0,1.93,12.0,0.4,0.3,0.4,-16.4,5.5,20.4,2.2,8.0,24.7,12.0,0.4,0.3,0.4,2.31,3.37,5.66,3.98,8.0,2.58,12.0,0.4,0.3,0.4,9.8,33.3,45.6,37.9,8.0,35.5,12.0,0.4,0.3,0.4,-145.4,-49.3,37.2,-49.5,11.0,96.2,10.0,0.4,0.3,0.4,-173.9,0.0,294.2,41.1,11.0,233.2,10.0,0.4,0.3,0.4,-90.2,-25.1,-10.5,-35.8,9.0,57.4,12.0,0.3,0.3,0.4,-111.9,0.0,122.5,9.9,9.0,144.7,12.0,0.3,0.3,0.4,-20.2,-15.1,-1.8,-12.3,8.0,14.4,12.0,0.4,0.3,0.4,-9.0,6.7,42.0,19.4,8.0,45.7,12.0,0.4,0.3,0.4,143.5,551.5,2254.0,1354.5,11.0,1736.0,10.0,0.4,0.3,0.4,145.0,550.0,2255.0,1355.0,11.0,1735.0,10.0,0.4,0.3,0.4
1974,2,153.0,-33.0,24.02,25.0,26.6,25.28,5.0,1.83,12.0,0.6,0.1,0.7,21.99,23.7,25.36,23.68,4.0,1.94,14.0,0.5,0.1,0.7,12.62,13.9,15.33,13.97,3.0,1.98,12.0,0.7,0.1,0.6,76.2,80.5,82.3,79.2,3.0,4.6,12.0,0.7,0.6,2.58,3.85,7.06,4.77,4.0,3.19,12.0,0.5,0.1,0.9,-2.39,-1.59,-1.13,-1.75,4.0,0.99,12.0,0.5,0.1,0.9,-3.2,-0.99,4.8,0.72,4.0,5.9,12.0,0.5,0.1,0.9,1008.91,1013.2,1015.78,1012.6,5.0,3.77,12.0,0.6,0.1,0.7,2.0,6.0,6.7,4.8,5.0,2.7,12.0,0.6,0.1,0.7,-12.4,-8.4,-4.2,-8.3,4.0,5.6,12.0,0.5,0.1,0.9,-12.4,-2.1,44.6,15.3,4.0,47.4,12.0,0.5,0.1,0.9,0.02,0.9,1.83,0.93,4.0,1.21,14.0,0.5,0.1,0.7,-0.2,2.8,8.5,4.1,3.0,6.5,16.0,0.3,0.1,0.8,4.92,5.48,5.49,5.21,3.0,0.47,12.0,0.7,0.1,0.6,26.1,36.2,46.3,36.2,2.0,20.8,14.0,0.5,0.1,0.8,-66.5,-39.6,-36.6,-51.3,3.0,24.1,16.0,0.3,0.1,0.8,-74.4,0.0,136.3,30.2,3.0,156.5,16.0,0.3,0.1,0.8,-24.3,-22.3,-20.3,-22.3,2.0,4.1,14.0,0.5,0.1,0.8,-40.7,20.5,81.7,20.5,2.0,126.8,14.0,0.5,0.1,0.8,-8.6,-8.1,-7.6,-8.1,2.0,1.1,14.0,0.5,0.1,0.8,-9.0,15.0,39.0,15.0,2.0,49.7,14.0,0.5,0.1,0.8,19.0,63.5,467.5,235.0,4.0,381.5,12.0,0.5,0.1,0.9,20.0,65.0,470.0,235.0,4.0,380.0,12.0,0.5,0.1,0.9
1974,2,153.0,-32.0,24.24,25.6,27.1,25.45,15.0,2.04,20.0,0.6,0.3,0.5,23.0,24.5,25.78,24.39,15.0,1.47,18.0,0.6,0.3,0.5,11.97,13.62,15.3,13.71,14.0,2.1,18.0,0.6,0.3,0.5,63.3,70.8,84.4,72.8,14.0,11.1,18.0,0.6,0.5,2.6,3.6,6.7,4.38,15.0,2.08,20.0,0.6,0.3,0.5,-4.31,-2.6,-0.99,-2.58,15.0,1.61,20.0,0.6,0.3,0.5,-2.23,0.0,5.13,1.37,15.0,3.63,20.0,0.6,0.3,0.5,1010.03,1015.25,1018.2,1014.61,16.0,3.89,20.0,0.6,0.3,0.5,2.0,3.0,6.8,3.8,15.0,2.5,18.0,0.7,0.3,0.5,-21.9,-9.6,-2.5,-12.2,15.0,9.9,20.0,0.6,0.3,0.5,-7.2,0.0,34.4,12.0,15.0,24.6,20.0,0.6,0.3,0.5,0.54,1.5,2.79,1.57,14.0,1.28,18.0,0.6,0.3,0.5,3.3,6.9,10.7,7.0,13.0,4.8,20.0,0.5,0.3,0.5,5.08,7.82,8.77,7.13,14.0,1.81,18.0,0.6,0.3,0.5,12.1,31.7,51.2,33.5,13.0,18.7,20.0,0.5,0.3,0.5,-107.6,-64.2,-20.2,-64.8,14.0,41.0,20.0,0.6,0.3,0.5,-48.1,14.3,128.3,39.0,14.0,86.4,20.0,0.6,0.3,0.5,-47.5,-37.8,-12.1,-32.4,13.0,20.5,20.0,0.5,0.3,0.5,-32.2,0.0,70.9,18.8,13.0,48.9,20.0,0.5,0.3,0.5,-33.1,-21.1,-3.3,-19.8,13.0,13.3,20.0,0.5,0.3,0.5,-13.8,0.0,41.9,11.8,13.0,28.6,20.0,0.5,0.3,0.5,17.5,46.5,301.0,141.5,15.0,180.5,20.0,0.6,0.3,0.5,20.0,45.0,300.0,140.0,15.0,180.0,20.0,0.6,0.3,0.5
1974,2,153.0,-31.0,24.0,25.75,27.67,25.61,24.0,1.8,16.0,0.3,0.4,0.5,23.2,24.0,25.0,24.08,25.0,0.83,16.0,0.4,0.4,0.5,12.73,13.61,15.73,13.89,23.0,1.63,16.0,0.3,0.4,0.5,66.7,73.6,80.6,74.6,23.0,8.2,16.0,0.3,0.5,2.6,5.0,10.28,7.09,25.0,5.62,16.0,0.3,0.4,0.5,-4.9,-2.56,0.67,-1.74,25.0,4.03,16.0,0.3,0.4,0.5,-0.67,3.38,8.87,4.8,25.0,6.36,16.0,0.3,0.4,0.5,1009.0,1014.25,1017.1,1012.35,26.0,6.23,16.0,0.3,0.4,0.5,1.0,3.0,6.2,3.4,25.0,2.6,16.0,0.4,0.4,0.5,-41.3,-8.4,3.1,-7.4,25.0,56.4,16.0,0.3,0.4,0.5,-1.8,16.7,87.9,66.6,25.0,119.1,16.0,0.3,0.4,0.5,-0.25,2.0,3.05,1.54,23.0,1.9,16.0,0.3,0.4,0.5,-1.5,7.3,32.2,10.9,22.0,17.8,16.0,0.3,0.4,0.5,3.71,7.16,8.97,6.56,22.0,2.48,16.0,0.4,0.4,0.5,20.6,32.8,80.5,45.2,21.0,37.3,16.0,0.3,0.4,0.5,-124.0,-62.0,29.6,-44.1,24.0,98.3,16.0,0.3,0.4,0.5,-4.0,83.5,212.6,122.4,24.0,152.6,16.0,0.3,0.4,0.5,-57.7,-35.9,41.2,-20.9,22.0,59.8,16.0,0.3,0.4,0.5,-5.0,44.3,130.1,68.3,22.0,98.5,16.0,0.3,0.4,0.5,-38.7,-13.9,14.0,-11.5,21.0,28.3,16.0,0.3,0.4,0.5,-0.8,19.8,64.9,29.3,21.0,41.1,16.0,0.3,0.4,0.5,17.5,125.0,1117.0,1212.0,25.0,2554.0,16.0,0.3,0.4,0.5,20.0,125.0,1115.0,1210.0,25.0,2555.0,16.0,0.3,0.4,0.5
1974,2,153.0,-30.0,24.06,26.15,27.76,25.76,14.0,1.88,16.0,0.5,0.7,0.6,23.8,24.1,25.31,24.56,16.0,1.0,16.0,0.6,0.7,0.6,12.79,14.6,16.39,14.57,14.0,1.76,16.0,0.5,0.7,0.6,67.1,73.1,84.4,75.8,14.0,9.0,16.0,0.5,0.6,2.63,6.45,8.64,6.69,14.0,4.75,18.0,0.6,0.7,0.6,-5.9,-3.6,0.94,-2.38,14.0,4.0,18.0,0.6,0.7,0.6,1.33,3.82,6.76,4.92,14.0,4.75,18.0,0.6,0.7,0.6,1008.73,1013.75,1016.82,1012.39,16.0,5.12,16.0,0.6,0.7,0.6,0.0,2.0,7.8,3.1,15.0,3.2,16.0,0.5,0.7,0.6,-54.0,-23.4,1.7,-10.1,14.0,50.4,18.0,0.6,0.7,0.6,2.4,22.8,51.2,52.9,14.0,101.8,18.0,0.6,0.7,0.6,-0.44,1.15,2.96,1.19,14.0,1.73,16.0,0.5,0.7,0.6,-4.4,4.8,17.5,5.9,12.0,10.2,16.0,0.5,0.7,0.6,4.39,6.25,7.99,6.26,14.0,1.85,16.0,0.5,0.7,0.6,11.4,40.0,56.2,39.0,12.0,24.4,16.0,0.5,0.7,0.6,-140.8,-88.1,22.6,-57.6,14.0,99.1,18.0,0.6,0.7,0.6,31.2,95.2,162.0,121.7,14.0,120.5,18.0,0.6,0.7,0.6,-62.0,-44.3,20.9,-22.0,12.0,57.1,16.0,0.5,0.7,0.6,18.9,54.7,98.3,74.4,12.0,80.5,16.0,0.5,0.7,0.6,-29.5,-17.3,10.1,-10.9,12.0,23.1,16.0,0.5,0.7,0.6,6.3,24.9,49.9,30.1,12.0,24.5,16.0,0.5,0.7,0.6,18.5,269.5,646.0,886.0,14.0,2275.0,18.0,0.6,0.7,0.6,20.0,270.0,645.0,885.0,14.0,2275.0,18.0,0.6,0.7,0.6
1974,2,153.0,-29.0,25.09,26.2,27.81,26.25,13.0,1.36,14.0,0.5,0.8,0.7,24.0,25.0,25.97,24.86,14.0,1.07,16.0,0.5,0.8,0.6,13.4,14.58,16.04,14.84,14.0,1.36,16.0,0.5,0.8,0.6,71.4,74.7,80.4,75.7,14.0,5.6,16.0,0.5,0.6,4.13,7.7,12.14,7.83,14.0,3.85,16.0,0.5,0.8,0.6,-4.6,-1.8,0.0,-1.86,14.0,3.38,16.0,0.5,0.8,0.6,2.35,7.13,10.55,6.79,14.0,4.01,16.0,0.5,0.8,0.6,1009.71,1010.45,1013.87,1011.63,14.0,2.46,16.0,0.5,0.8,0.6,1.0,3.0,7.0,3.7,14.0,2.9,16.0,0.5,0.8,0.6,-42.4,-10.6,0.0,-19.3,14.0,35.8,16.0,0.5,0.8,0.6,10.7,54.9,144.0,67.0,14.0,63.3,16.0,0.5,0.8,0.6,0.44,1.6,2.12,1.42,13.0,0.92,14.0,0.5,0.8,0.7,3.6,9.2,18.7,10.1,13.0,7.9,14.0,0.5,0.8,0.7,4.89,6.74,7.78,6.45,13.0,1.39,14.0,0.5,0.8,0.7,31.1,45.5,76.8,51.1,13.0,24.3,14.0,0.5,0.8,0.7,-116.0,-46.3,0.0,-47.4,14.0,82.8,16.0,0.5,0.8,0.6,57.2,181.0,263.9,168.1,14.0,97.3,16.0,0.5,0.8,0.6,-67.3,-29.6,0.0,-27.4,14.0,47.2,16.0,0.5,0.8,0.6,34.1,103.1,158.3,100.4,14.0,58.7,16.0,0.5,0.8,0.6,-35.6,-15.6,2.1,-13.9,13.0,24.9,14.0,0.5,0.8,0.7,16.7,44.8,73.2,43.4,13.0,23.6,14.0,0.5,0.8,0.7,70.5,456.5,1803.0,822.0,14.0,992.0,16.0,0.5,0.8,0.6,70.0,455.0,1805.0,820.0,14.0,990.0,16.0,0.5,0.8,0.6
1974,2,153.0,-28.0,26.06,26.6,27.04,26.59,11.0,0.91,16.0,0.4,0.8,0.5,24.06,24.5,26.17,24.94,11.0,1.03,16.0,0.4,0.8,0.5,14.04,14.96,16.48,15.13,10.0,1.33,16.0,0.3,0.8,0.5,66.5,77.9,86.2,76.5,11.0,10.0,16.0,0.4,0.5,5.83,7.2,10.3,7.79,11.0,2.26,16.0,0.4,0.8,0.5,-6.24,-4.5,-3.29,-4.26,11.0,2.26,16.0,0.4,0.8,0.5,3.98,6.6,8.21,6.21,11.0,2.11,16.0,0.4,0.8,0.5,1006.47,1009.9,1013.56,1010.27,10.0,3.63,16.0,0.3,0.8,0.5,2.0,4.0,6.7,4.2,9.0,2.4,20.0,0.4,0.8,0.5,-60.8,-33.3,-15.1,-35.7,11.0,25.3,16.0,0.4,0.8,0.5,23.6,44.2,88.1,52.4,11.0,30.2,16.0,0.4,0.8,0.5,0.68,2.1,2.44,1.65,11.0,1.04,16.0,0.4,0.8,0.5,5.4,11.5,19.3,12.9,11.0,9.7,16.0,0.4,0.8,0.5,4.99,6.6,8.42,6.72,10.0,2.04,16.0,0.3,0.8,0.5,29.6,46.8,82.7,54.5,10.0,27.6,16.0,0.3,0.8,0.5,-158.2,-114.8,-79.7,-105.2,11.0,56.1,16.0,0.4,0.8,0.5,95.2,160.0,199.6,155.6,11.0,55.6,16.0,0.4,0.8,0.5,-98.0,-60.5,-49.9,-64.5,10.0,35.5,16.0,0.3,0.8,0.5,61.5,96.6,128.1,94.0,10.0,31.8,16.0,0.3,0.8,0.5,-44.4,-26.4,-16.2,-27.9,10.0,18.7,16.0,0.3,0.8,0.5,21.3,43.0,63.4,44.4,10.0,25.7,16.0,0.3,0.8,0.5,216.5,373.0,1092.5,582.0,11.0,453.5,16.0,0.4,0.8,0.5,215.0,375.0,1095.0,580.0,11.0,455.0,16.0,0.4,0.8,0.5
1974,2,153.0,-27.0,26.28,26.5,27.07,26.71,9.0,0.65,12.0,0.6,0.6,0.7,24.91,25.4,27.0,25.99,9.0,1.46,12.0,0.6,0.6,0.7,13.98,14.43,17.18,15.33,9.0,1.56,12.0,0.6,0.6,0.7,63.6,70.3,84.6,73.2,9.0,10.6,12.0,0.6,0.7,4.83,8.45,12.83,9.05,8.0,4.17,12.0,0.6,0.6,0.7,-4.38,-2.83,-1.23,-2.84,8.0,3.97,12.0,0.6,0.6,0.7,3.5,7.32,12.08,7.92,8.0,3.79,12.0,0.6,0.6,0.7,1004.48,1008.4,1011.57,1007.31,9.0,4.85,12.0,0.6,0.6,0.7,3.0,6.0,7.7,5.4,9.0,2.5,12.0,0.6,0.6,0.7,-54.3,-21.2,-6.6,-32.7,8.0,55.5,12.0,0.6,0.6,0.7,17.0,61.9,155.6,85.0,8.0,67.4,12.0,0.6,0.6,0.7,-0.69,0.8,1.92,0.72,9.0,1.18,12.0,0.6,0.6,0.7,-5.1,7.1,11.2,5.8,8.0,10.5,12.0,0.6,0.6,0.7,5.27,7.16,7.97,6.73,9.0,1.43,12.0,0.6,0.6,0.7,30.9,55.4,84.1,60.1,8.0,32.6,12.0,0.6,0.6,0.7,-110.7,-69.7,-33.7,-74.7,8.0,104.7,12.0,0.6,0.6,0.7,100.1,188.0,305.5,205.7,8.0,96.5,12.0,0.6,0.6,0.7,-65.7,-49.9,-17.8,-43.7,8.0,56.6,12.0,0.6,0.6,0.7,56.6,111.4,173.7,121.4,8.0,58.8,12.0,0.6,0.6,0.7,-28.8,-14.5,-8.6,-18.1,8.0,30.8,12.0,0.6,0.6,0.7,26.8,53.2,78.8,52.5,8.0,27.0,12.0,0.6,0.6,0.7,120.0,605.0,2115.0,1164.5,8.0,1276.5,12.0,0.6,0.6,0.7,120.0,605.0,2115.0,1165.0,8.0,1275.0,12.0,0.6,0.6,0.7
1974,2,153.0,-26.0,26.0,26.75,28.18,27.01,14.0,1.18,14.0,0.6,0.6,0.6,25.03,26.15,27.4,26.25,14.0,1.22,14.0,0.6,0.6,0.6,15.43,17.62,19.68,17.68,10.0,2.52,12.0,0.6,0.6,0.5,72.4,82.9,94.9,83.5,10.0,12.1,12.0,0.6,0.5,4.13,5.65,9.26,6.9,14.0,4.19,14.0,0.6,0.6,0.6,-5.81,-4.04,-2.39,-4.22,14.0,3.9,14.0,0.6,0.6,0.6,0.13,2.59,8.61,4.22,14.0,3.91,14.0,0.6,0.6,0.6,1006.79,1010.3,1013.27,1010.12,13.0,3.46,14.0,0.6,0.6,0.6,3.1,5.0,6.9,5.1,14.0,1.9,14.0,0.6,0.6,0.6,-47.9,-21.8,-6.8,-40.2,14.0,70.6,14.0,0.6,0.6,0.6,0.4,14.7,79.8,42.5,14.0,63.0,14.0,0.6,0.6,0.6,-0.19,0.9,1.79,0.76,14.0,1.33,14.0,0.6,0.6,0.6,-1.2,5.1,7.4,4.7,14.0,11.4,14.0,0.6,0.6,0.6,1.83,4.62,6.77,4.63,10.0,2.87,12.0,0.6,0.6,0.5,9.3,23.5,47.3,30.3,10.0,30.0,12.0,0.6,0.6,0.5,-158.4,-104.9,-61.0,-112.1,14.0,105.6,14.0,0.6,0.6,0.6,3.2,67.4,237.3,112.5,14.0,107.4,14.0,0.6,0.6,0.6,-103.0,-63.1,-43.0,-69.0,10.0,38.7,12.0,0.6,0.6,0.5,13.8,43.8,135.3,69.2,10.0,61.6,12.0,0.6,0.6,0.5,-31.9,-14.1,-3.3,-17.5,10.0,13.7,12.0,0.6,0.6,0.5,0.0,10.7,38.9,21.3,10.0,29.9,12.0,0.6,0.6,0.5,70.5,185.5,795.0,782.0,14.0,1779.5,14.0,0.6,0.6,0.6,70.0,185.0,795.0,780.0,14.0,1780.0,14.0,0.6,0.6,0.6
1974,2,153.0,-25.0,26.04,27.0,27.8,26.93,16.0,0.96,14.0,0.4,0.5,0.6,25.16,26.1,27.18,26.15,17.0,1.23,14.0,0.5,0.5,0.6,14.74,17.39,19.43,17.15,15.0,2.12,14.0,0.5,0.5,0.6,72.2,82.1,89.4,81.2,17.0,9.8,14.0,0.5,0.6,3.91,7.2,12.04,7.54,17.0,3.89,14.0,0.5,0.5,0.6,-5.65,-3.1,0.72,-2.48,17.0,5.3,14.0,0.5,0.5,0.6,0.0,6.24,7.8,4.34,17.0,4.56,14.0,0.5,0.5,0.6,1005.55,1010.4,1012.07,1009.12,15.0,3.65,14.0,0.5,0.5,0.6,2.0,6.0,7.0,4.9,17.0,2.4,14.0,0.5,0.5,0.6,-54.7,-15.4,3.3,-28.3,17.0,58.3,14.0,0.5,0.5,0.6,0.0,42.2,78.7,41.0,17.0,53.1,14.0,0.5,0.5,0.6,-0.52,1.05,2.34,0.79,16.0,1.53,14.0,0.4,0.5,0.6,0.3,8.5,15.9,7.3,16.0,9.7,14.0,0.4,0.5,0.6,2.72,5.78,6.58,5.02,14.0,1.99,14.0,0.4,0.5,0.6,11.9,48.3,77.9,44.4,14.0,29.0,14.0,0.4,0.5,0.6,-142.6,-74.4,19.9,-63.6,17.0,140.0,14.0,0.5,0.5,0.6,0.0,158.4,196.2,112.7,17.0,118.6,14.0,0.5,0.5,0.6,-116.8,-53.4,0.0,-61.8,15.0,64.3,14.0,0.5,0.5,0.6,0.0,92.4,138.2,86.8,15.0,69.6,14.0,0.5,0.5,0.6,-30.8,-24.1,-0.4,-24.3,14.0,25.4,14.0,0.4,0.5,0.6,0.0,36.4,53.2,30.1,14.0,26.4,14.0,0.4,0.5,0.6,66.0,373.0,1767.0,741.0,17.0,839.5,14.0,0.5,0.5,0.6,65.0,375.0,1765.0,740.0,17.0,840.0,14.0,0.5,0.5,0.6
1974,2,153.0,-24.0,26.59,27.2,28.05,27.3,13.0,0.92,16.0,0.6,0.6,0.6,25.77,26.0,27.64,26.62,13.0,1.12,16.0,0.6,0.6,0.6,14.94,17.09,19.53,17.2,13.0,1.83,16.0,0.6,0.6,0.6,71.9,78.6,86.2,78.7,13.0,7.4,16.0,0.6,0.6,6.65,8.7,12.9,9.28,13.0,3.75,16.0,0.6,0.6,0.6,-7.61,-5.59,4.32,-4.09,13.0,5.86,16.0,0.6,0.6,0.6,-0.49,5.79,8.55,3.98,13.0,6.13,16.0,0.6,0.6,0.6,1005.42,1008.5,1012.82,1007.96,13.0,4.53,16.0,0.6,0.6,0.6,1.9,3.0,7.1,4.2,13.0,2.7,16.0,0.6,0.6,0.6,-75.6,-38.4,30.7,-45.2,13.0,79.7,16.0,0.6,0.6,0.6,-3.3,42.2,79.3,50.6,13.0,86.2,16.0,0.6,0.6,0.6,0.18,0.5,1.44,0.68,13.0,1.04,16.0,0.6,0.6,0.6,0.9,4.5,15.5,6.9,13.0,9.4,16.0,0.6,0.6,0.6,4.28,5.46,7.27,5.64,13.0,1.91,16.0,0.6,0.6,0.6,27.6,48.0,64.2,54.9,13.0,35.9,16.0,0.6,0.6,0.6,-210.8,-140.9,114.9,-106.0,13.0,155.0,16.0,0.6,0.6,0.6,-14.2,153.3,234.0,103.2,13.0,163.6,16.0,0.6,0.6,0.6,-127.9,-93.5,74.7,-66.8,13.0,100.2,16.0,0.6,0.6,0.6,-9.8,97.9,142.3,61.9,13.0,101.3,16.0,0.6,0.6,0.6,-48.7,-28.5,12.9,-26.4,13.0,35.1,16.0,0.6,0.6,0.6,-1.4,27.7,57.5,28.1,13.0,41.4,16.0,0.6,0.6,0.6,295.0,658.5,2146.5,1225.5,13.0,1815.5,16.0,0.6,0.6,0.6,295.0,660.0,2145.0,1225.0,13.0,1815.0,16.0,0.6,0.6,0.6
1974,2,153.0,-23.0,26.5,27.2,28.23,27.39,15.0,1.02,14.0,0.7,0.6,0.5,25.3,27.0,27.81,26.71,16.0,1.15,14.0,0.7,0.6,0.5,16.6,17.57,18.85,17.75,16.0,1.3,14.0,0.7,0.6,0.5,75.3,78.6,86.6,80.9,16.0,6.6,14.0,0.7,0.5,5.34,7.7,11.86,8.47,15.0,3.58,14.0,0.7,0.6,0.5,-8.18,-3.85,2.26,-2.95,15.0,5.35,14.0,0.7,0.6,0.5,1.48,5.15,7.94,5.2,15.0,4.77,14.0,0.7,0.6,0.5,999.92,1009.3,1013.15,1008.12,17.0,5.49,12.0,0.7,0.6,0.5,2.0,4.0,7.5,4.5,17.0,2.3,12.0,0.7,0.6,0.5,-75.6,-24.4,23.8,-23.8,15.0,60.5,14.0,0.7,0.6,0.5,6.4,42.2,70.0,55.4,15.0,72.3,14.0,0.7,0.6,0.5,-0.47,0.75,1.48,0.67,14.0,1.16,14.0,0.6,0.5,0.6,-3.4,6.2,12.8,6.8,13.0,13.2,14.0,0.6,0.5,0.5,3.64,5.14,6.17,5.16,14.0,1.57,14.0,0.6,0.5,0.6,25.3,43.7,71.9,46.7,13.0,24.6,14.0,0.6,0.5,0.5,-215.2,-98.2,62.7,-75.4,14.0,145.7,14.0,0.6,0.6,0.5,39.1,126.1,229.6,135.9,14.0,132.1,14.0,0.6,0.6,0.5,-154.4,-63.7,37.8,-52.4,14.0,100.9,14.0,0.6,0.6,0.5,25.7,84.1,143.0,87.2,14.0,85.0,14.0,0.6,0.6,0.5,-32.0,-24.4,14.3,-16.5,13.0,29.7,14.0,0.6,0.5,0.5,4.7,31.9,49.9,29.7,13.0,28.9,14.0,0.6,0.5,0.5,156.0,456.5,1690.5,946.5,15.0,1262.0,14.0,0.7,0.6,0.5,155.0,455.0,1690.0,945.0,15.0,1260.0,14.0,0.7,0.6,0.5
1974,2,153.0,-22.0,26.67,27.8,28.9,27.71,11.0,1.12,14.0,0.8,0.5,0.5,26.76,27.2,28.64,27.44,11.0,1.61,14.0,0.8,0.5,0.5,16.66,17.5,18.77,17.49,11.0,1.39,14.0,0.8,0.5,0.5,72.2,75.0,80.3,76.2,11.0,4.8,14.0,0.8,0.5,4.81,6.45,10.44,7.05,10.0,2.77,12.0,0.9,0.5,0.5,-5.41,-3.1,1.96,-2.1,10.0,4.13,12.0,0.9,0.5,0.5,0.0,2.34,9.81,3.77,10.0,5.02,12.0,0.9,0.5,0.5,999.48,1007.0,1012.56,1006.61,11.0,7.01,14.0,0.8,0.5,0.5,2.0,5.0,6.0,4.3,11.0,1.8,14.0,0.8,0.5,0.5,-38.6,-16.4,22.2,-9.9,10.0,30.2,12.0,0.9,0.5,0.5,0.0,12.0,104.0,36.2,10.0,54.0,12.0,0.9,0.5,0.5,-0.8,0.2,1.45,0.27,11.0,1.13,14.0,0.8,0.5,0.5,-4.4,1.7,6.4,0.2,10.0,7.1,12.0,0.9,0.5,0.5,5.38,6.01,6.57,5.96,11.0,1.0,14.0,0.8,0.5,0.5,25.5,38.7,63.6,42.2,10.0,17.2,12.0,0.9,0.5,0.5,-154.3,-84.1,52.5,-58.7,10.0,115.3,12.0,0.9,0.5,0.5,0.0,66.4,275.1,104.2,10.0,138.2,12.0,0.9,0.5,0.5,-96.9,-52.9,32.7,-35.4,10.0,75.0,12.0,0.9,0.5,0.5,0.0,40.2,170.1,64.2,10.0,87.2,12.0,0.9,0.5,0.5,-37.5,-19.3,11.7,-13.4,10.0,25.4,12.0,0.9,0.5,0.5,0.0,13.2,59.6,21.9,10.0,29.9,12.0,0.9,0.5,0.5,112.5,269.5,1169.5,504.5,10.0,538.5,12.0,0.9,0.5,0.5,110.0,270.0,1170.0,505.0,10.0,540.0,12.0,0.9,0.5,0.5
1974,2,153.0,-21.0,27.46,28.15,28.96,28.23,10.0,0.8,18.0,0.6,0.5,0.5,26.58,27.3,28.41,27.55,11.0,1.16,18.0,0.5,0.6,0.5,16.51,17.68,20.14,18.02,11.0,2.06,18.0,0.5,0.6,0.5,70.3,78.7,87.5,78.0,11.0,9.3,18.0,0.5,0.5,2.89,5.1,6.41,4.67,11.0,1.8,18.0,0.5,0.6,0.5,-5.75,-4.42,0.62,-2.91,11.0,3.2,18.0,0.5,0.6,0.5,-0.69,1.95,3.07,1.04,11.0,2.55,18.0,0.5,0.6,0.5,1003.85,1006.5,1008.16,1006.47,11.0,2.98,18.0,0.5,0.6,0.5,2.0,3.5,5.6,3.7,10.0,1.9,16.0,0.5,0.5,0.5,-37.0,-21.2,2.0,-17.5,11.0,19.0,18.0,0.5,0.6,0.5,-1.8,9.5,16.6,5.3,11.0,12.8,18.0,0.5,0.6,0.5,-0.01,0.7,1.06,0.57,10.0,0.76,18.0,0.6,0.5,0.5,-0.4,3.1,6.3,3.0,10.0,4.1,18.0,0.6,0.5,0.5,4.26,5.73,7.2,5.73,10.0,1.63,18.0,0.6,0.5,0.5,17.7,32.2,37.7,29.0,10.0,10.8,18.0,0.6,0.5,0.5,-157.5,-132.9,17.0,-80.8,11.0,87.2,18.0,0.5,0.6,0.5,-18.4,54.6,84.6,29.3,11.0,70.3,18.0,0.5,0.6,0.5,-106.2,-70.8,13.4,-51.4,11.0,58.6,18.0,0.5,0.6,0.5,-13.8,34.2,56.5,17.8,11.0,49.9,18.0,0.5,0.6,0.5,-36.8,-28.0,1.5,-20.9,10.0,18.3,18.0,0.6,0.5,0.5,-3.5,13.6,18.9,8.3,10.0,12.6,18.0,0.6,0.5,0.5,24.5,132.5,264.0,139.5,11.0,106.5,18.0,0.5,0.6,0.5,25.0,135.0,265.0,140.0,11.0,105.0,18.0,0.5,0.6,0.5
1974,2,153.0,-20.0,27.35,28.2,28.9,28.16,9.0,0.91,16.0,0.6,0.3,0.7,27.03,27.5,28.82,27.82,9.0,1.18,16.0,0.6,0.3,0.7,17.85,18.76,19.7,18.9,9.0,0.96,16.0,0.6,0.3,0.7,72.9,83.2,87.4,80.6,9.0,6.9,16.0,0.6,0.7,4.23,4.6,8.6,5.83,9.0,2.23,16.0,0.6,0.3,0.7,-6.57,-2.91,1.5,-2.68,9.0,3.78,16.0,0.6,0.3,0.7,-2.57,0.0,5.53,1.51,9.0,4.28,16.0,0.6,0.3,0.7,1004.5,1006.8,1009.69,1006.68,9.0,3.53,16.0,0.6,0.3,0.7,2.3,3.0,3.7,3.0,9.0,1.1,16.0,0.6,0.3,0.7,-43.2,-9.0,6.1,-18.3,9.0,26.7,16.0,0.6,0.3,0.7,-10.6,0.0,46.0,14.9,9.0,34.4,16.0,0.6,0.3,0.7,-0.37,0.3,1.17,0.33,9.0,1.01,16.0,0.6,0.3,0.7,-2.5,0.9,7.2,0.8,9.0,6.7,16.0,0.6,0.3,0.7,4.32,5.37,5.92,5.16,9.0,1.35,16.0,0.6,0.3,0.7,20.0,25.0,46.3,30.2,9.0,14.7,16.0,0.6,0.3,0.7,-174.5,-83.3,41.2,-75.1,9.0,105.8,16.0,0.6,0.3,0.7,-70.0,0.0,162.6,44.7,9.0,122.4,16.0,0.6,0.3,0.7,-121.3,-51.3,29.5,-50.4,9.0,73.2,16.0,0.6,0.3,0.7,-50.7,0.0,110.3,27.4,9.0,80.4,16.0,0.6,0.3,0.7,-31.3,-21.8,5.4,-15.8,9.0,18.6,16.0,0.6,0.3,0.7,-6.5,0.0,32.7,10.4,9.0,22.2,16.0,0.6,0.3,0.7,76.5,97.5,668.5,282.0,9.0,308.0,16.0,0.6,0.3,0.7,75.0,95.0,670.0,280.0,9.0,310.0,16.0,0.6,0.3,0.7
1974,2,153.0,-19.0,27.48,28.4,28.92,28.27,6.0,0.75,20.0,0.7,0.2,0.6,26.48,27.25,28.57,27.6,6.0,1.42,20.0,0.7,0.2,0.6,15.35,18.1,19.13,17.43,6.0,2.02,20.0,0.7,0.2,0.6,65.0,80.0,81.9,75.4,6.0,10.5,20.0,0.7,0.6,2.06,3.6,5.03,3.52,6.0,2.3,20.0,0.7,0.2,0.6,-4.22,-2.6,0.27,-2.17,6.0,2.43,20.0,0.7,0.2,0.6,1.03,2.28,3.69,2.28,6.0,1.54,20.0,0.7,0.2,0.6,1003.53,1004.7,1006.75,1005.45,6.0,3.6,20.0,0.7,0.2,0.6,1.6,2.5,4.4,2.8,6.0,2.0,20.0,0.7,0.2,0.6,-21.6,-9.7,0.7,-11.5,6.0,13.9,20.0,0.7,0.2,0.6,2.7,8.2,18.8,10.8,6.0,10.5,20.0,0.7,0.2,0.6,0.33,0.95,1.16,0.67,6.0,0.9,20.0,0.7,0.2,0.6,-0.6,3.4,6.5,2.9,6.0,3.9,20.0,0.7,0.2,0.6,5.46,5.99,8.94,6.81,6.0,1.88,20.0,0.7,0.2,0.6,12.3,23.8,40.4,24.0,6.0,15.4,20.0,0.7,0.2,0.6,-113.1,-73.0,7.6,-59.7,6.0,66.9,20.0,0.7,0.2,0.6,30.9,62.1,99.0,62.9,6.0,41.9,20.0,0.7,0.2,0.6,-65.7,-45.3,5.2,-36.8,6.0,44.0,20.0,0.7,0.2,0.6,16.1,38.3,69.4,40.9,6.0,30.0,20.0,0.7,0.2,0.6,-31.8,-18.1,1.6,-15.7,6.0,16.9,20.0,0.7,0.2,0.6,9.9,15.4,21.4,14.9,6.0,8.8,20.0,0.7,0.2,0.6,14.0,57.5,139.5,88.5,6.0,112.5,20.0,0.7,0.2,0.6,15.0,55.0,140.0,90.0,6.0,110.0,20.0,0.7,0.2,0.6
1974,2,153.0,-18.0,27.13,27.2,27.4,27.27,3.0,0.21,16.0,0.0,0.3,0.6,26.86,27.0,27.68,27.27,3.0,0.64,16.0,0.0,0.3,0.6,17.18,18.24,18.3,17.75,3.0,0.92,16.0,0.0,0.3,0.6,73.8,81.2,82.2,78.0,3.0,6.7,16.0,0.0,0.6,5.1,5.1,5.1,5.1,3.0,0.0,16.0,0.0,0.3,0.6,-3.05,-2.55,-2.0,-2.52,3.0,0.77,16.0,0.0,0.3,0.6,4.07,4.42,4.67,4.37,3.0,0.44,16.0,0.0,0.3,0.6,1003.1,1004.4,1005.49,1004.3,3.0,1.75,16.0,0.0,0.3,0.6,2.3,3.0,3.0,2.7,3.0,0.6,16.0,0.0,0.3,0.6,-15.5,-13.0,-10.2,-12.9,3.0,3.9,16.0,0.0,0.3,0.6,20.8,22.5,23.8,22.3,3.0,2.3,16.0,0.0,0.3,0.6,-0.31,0.1,0.3,0.0,3.0,0.46,16.0,0.0,0.3,0.6,-1.6,0.5,1.6,0.0,3.0,2.3,16.0,0.0,0.3,0.6,4.43,4.44,5.81,5.1,3.0,1.16,16.0,0.0,0.3,0.6,22.6,22.6,29.6,26.0,3.0,5.9,16.0,0.0,0.3,0.6,-84.3,-68.3,-53.8,-69.1,3.0,22.4,16.0,0.0,0.3,0.6,112.2,118.4,125.9,119.1,3.0,10.0,16.0,0.0,0.3,0.6,-52.2,-46.7,-36.6,-44.4,3.0,11.6,16.0,0.0,0.3,0.6,70.2,80.9,85.4,77.8,3.0,11.4,16.0,0.0,0.3,0.6,-18.0,-11.3,-8.9,-13.4,3.0,6.9,16.0,0.0,0.3,0.6,20.1,21.2,23.9,22.0,3.0,2.9,16.0,0.0,0.3,0.6,132.5,132.5,132.5,132.5,3.0,0.0,16.0,0.0,0.3,0.6,135.0,135.0,135.0,135.0,3.0,0.0,16.0,0.0,0.3,0.6
1974,2,153.0,-17.0,27.79,28.25,28.82,28.3,4.0,0.71,22.0,0.5,0.1,0.4,27.24,27.6,28.17,27.7,4.0,0.67,22.0,0.5,0.1,0.4,18.15,18.28,18.61,18.37,3.0,0.35,20.0,0.3,0.1,0.5,78.0,79.3,82.3,80.1,3.0,3.2,20.0,0.3,0.5,1.48,4.1,5.41,3.48,4.0,2.57,22.0,0.5,0.1,0.4,-2.07,-0.94,-0.42,-1.23,4.0,1.29,22.0,0.5,0.1,0.4,-0.28,2.51,5.33,2.52,4.0,3.24,22.0,0.5,0.1,0.4,1005.25,1005.9,1008.18,1006.68,4.0,2.1,22.0,0.5,0.1,0.4,2.0,2.5,4.0,3.0,4.0,1.4,22.0,0.5,0.1,0.4,-7.6,-5.1,-2.2,-4.9,4.0,3.9,22.0,0.5,0.1,0.4,-0.9,12.8,29.0,14.0,4.0,17.3,22.0,0.5,0.1,0.4,0.55,0.6,0.65,0.6,4.0,0.08,22.0,0.5,0.1,0.4,0.9,2.2,3.0,2.0,4.0,1.5,22.0,0.5,0.1,0.4,4.8,5.68,6.13,5.47,3.0,0.99,20.0,0.3,0.1,0.5,7.1,22.4,29.2,18.3,3.0,16.6,20.0,0.3,0.1,0.5,-58.7,-25.6,-11.4,-34.6,4.0,37.2,22.0,0.5,0.1,0.4,-8.1,67.8,145.4,68.6,4.0,88.7,22.0,0.5,0.1,0.4,-17.6,-16.6,-5.3,-11.6,3.0,10.0,20.0,0.3,0.1,0.5,29.9,94.2,100.0,65.6,3.0,57.0,20.0,0.3,0.1,0.5,-5.1,-3.9,-1.2,-3.2,3.0,2.9,20.0,0.3,0.1,0.5,7.0,22.1,28.8,18.0,3.0,16.3,20.0,0.3,0.1,0.5,14.0,81.0,160.0,87.0,4.0,86.5,22.0,0.5,0.1,0.4,15.0,80.0,160.0,85.0,4.0,85.0,22.0,0.5,0.1,0.4
1974,2,153.0,-16.0,26.79,28.5,28.84,27.83,3.0,1.61,14.0,0.3,0.3,0.7,25.61,26.5,27.52,26.57,3.0,1.4,14.0,0.3,0.3,0.7,18.71,18.81,18.91,18.81,2.0,0.2,8.0,0.5,0.4,0.5,87.4,90.2,92.9,90.2,2.0,5.7,8.0,0.5,0.5,3.88,7.7,8.79,6.37,3.0,3.78,14.0,0.3,0.3,0.7,-5.45,-1.61,2.66,-1.4,3.0,5.95,14.0,0.3,0.3,0.7,-5.07,1.35,2.23,-1.36,3.0,5.84,14.0,0.3,0.3,0.7,1006.21,1007.1,1009.28,1007.73,3.0,2.32,14.0,0.3,0.3,0.7,3.6,7.0,7.7,5.7,3.0,3.2,14.0,0.3,0.3,0.7,-39.1,-3.4,28.4,-5.3,3.0,49.5,14.0,0.3,0.3,0.7,-50.2,2.8,14.7,-17.3,3.0,50.7,14.0,0.3,0.3,0.7,-0.02,1.0,2.57,1.27,3.0,1.91,14.0,0.3,0.3,0.7,-2.0,2.1,21.6,9.6,3.0,18.5,14.0,0.3,0.3,0.7,2.9,3.98,5.06,3.98,2.0,2.24,8.0,0.5,0.4,0.5,23.7,35.1,46.5,35.1,2.0,23.6,8.0,0.5,0.4,0.5,-145.2,-45.0,65.7,-39.9,3.0,154.5,14.0,0.3,0.3,0.7,-126.5,37.8,59.6,-31.8,3.0,149.1,14.0,0.3,0.3,0.7,-99.6,-23.5,52.7,-23.5,2.0,157.8,8.0,0.5,0.4,0.5,-120.6,-51.7,17.1,-51.7,2.0,142.7,8.0,0.5,0.4,0.5,-10.5,4.3,19.0,4.3,2.0,30.6,8.0,0.5,0.4,0.5,-36.7,-19.3,-1.8,-19.3,2.0,36.2,8.0,0.5,0.4,0.5,151.0,456.5,694.0,423.5,3.0,398.5,14.0,0.3,0.3,0.7,150.0,455.0,695.0,425.0,3.0,400.0,14.0,0.3,0.3,0.7
1974,2,153.0,-14.0,28.8,28.8,28.8,28.8,1.0,0.0,20.0,1.0,0.5,0.7,28.0,28.0,28.0,28.0,1.0,0.0,20.0,1.0,0.5,0.7,16.69,16.69,16.69,16.69,1.0,0.0,20.0,1.0,0.5,0.7,70.3,70.3,70.3,70.3,1.0,0.0,20.0,1.0,0.7,5.1,5.1,5.1,5.1,1.0,0.0,20.0,1.0,0.5,0.7,-3.91,-3.91,-3.91,-3.91,1.0,0.0,20.0,1.0,0.5,0.7,3.28,3.28,3.28,3.28,1.0,0.0,20.0,1.0,0.5,0.7,1005.6,1005.6,1005.6,1005.6,1.0,0.0,20.0,1.0,0.5,0.7,5.0,5.0,5.0,5.0,1.0,0.0,20.0,1.0,0.5,0.7,-19.9,-19.9,-19.9,-19.9,1.0,0.0,20.0,1.0,0.5,0.7,16.7,16.7,16.7,16.7,1.0,0.0,20.0,1.0,0.5,0.7,0.8,0.8,0.8,0.8,1.0,0.0,20.0,1.0,0.5,0.7,4.1,4.1,4.1,4.1,1.0,0.0,20.0,1.0,0.5,0.7,8.3,8.3,8.3,8.3,1.0,0.0,20.0,1.0,0.5,0.7,42.3,42.3,42.3,42.3,1.0,0.0,20.0,1.0,0.5,0.7,-109.4,-109.4,-109.4,-109.4,1.0,0.0,20.0,1.0,0.5,0.7,91.8,91.8,91.8,91.8,1.0,0.0,20.0,1.0,0.5,0.7,-65.2,-65.2,-65.2,-65.2,1.0,0.0,20.0,1.0,0.5,0.7,54.7,54.7,54.7,54.7,1.0,0.0,20.0,1.0,0.5,0.7,-32.4,-32.4,-32.4,-32.4,1.0,0.0,20.0,1.0,0.5,0.7,27.2,27.2,27.2,27.2,1.0,0.0,20.0,1.0,0.5,0.7,132.5,132.5,132.5,132.5,1.0,0.0,20.0,1.0,0.5,0.7,135.0,135.0,135.0,135.0,1.0,0.0,20.0,1.0,0.5,0.7
1974,2,153.0,-13.0,29.07,29.65,30.23,29.65,2.0,1.2,24.0,0.5,0.3,0.6,26.72,28.05,29.38,28.05,2.0,2.76,24.0,0.5,0.3,0.6,15.79,17.25,18.71,17.25,2.0,3.03,24.0,0.5,0.3,0.6,71.5,72.1,72.6,72.1,2.0,1.1,24.0,0.5,0.6,2.6,2.6,2.6,2.6,1.0,0.0,22.0,1.0,0.4,0.8,-2.44,-2.44,-2.44,-2.44,1.0,0.0,22.0,1.0,0.4,0.8,-0.89,-0.89,-0.89,-0.89,1.0,0.0,22.0,1.0,0.4,0.8,1006.58,1007.4,1008.22,1007.4,2.0,1.7,24.0,0.5,0.3,0.6,3.2,3.5,3.8,3.5,2.0,0.7,24.0,0.5,0.3,0.6,-6.4,-6.4,-6.4,-6.4,1.0,0.0,22.0,1.0,0.4,0.8,-2.3,-2.3,-2.3,-2.3,1.0,0.0,22.0,1.0,0.4,0.8,0.85,1.6,2.35,1.6,2.0,1.56,24.0,0.5,0.3,0.6,1.3,1.3,1.3,1.3,1.0,0.0,22.0,1.0,0.4,0.8,8.42,9.01,9.6,9.01,2.0,1.22,24.0,0.5,0.3,0.6,21.2,21.2,21.2,21.2,1.0,0.0,22.0,1.0,0.4,0.8,-73.3,-73.3,-73.3,-73.3,1.0,0.0,22.0,1.0,0.4,0.8,-26.7,-26.7,-26.7,-26.7,1.0,0.0,22.0,1.0,0.4,0.8,-47.4,-47.4,-47.4,-47.4,1.0,0.0,22.0,1.0,0.4,0.8,-17.2,-17.2,-17.2,-17.2,1.0,0.0,22.0,1.0,0.4,0.8,-19.9,-19.9,-19.9,-19.9,1.0,0.0,22.0,1.0,0.4,0.8,-7.2,-7.2,-7.2,-7.2,1.0,0.0,22.0,1.0,0.4,0.8,17.5,17.5,17.5,17.5,1.0,0.0,22.0,1.0,0.4,0.8,20.0,20.0,20.0,20.0,1.0,0.0,22.0,1.0,0.4,0.8
1974,2,153.0,-11.0,28.0,28.0,28.0,28.0,1.0,0.0,6.0,1.0,0.1,1.0,25.0,25.0,25.0,25.0,1.0,0.0,6.0,1.0,0.1,1.0,18.3,18.3,18.3,18.3,1.0,0.0,6.0,1.0,0.1,1.0,91.9,91.9,91.9,91.9,1.0,0.0,6.0,1.0,1.0,5.7,5.7,5.7,5.7,1.0,0.0,6.0,1.0,0.1,1.0,5.7,5.7,5.7,5.7,1.0,0.0,6.0,1.0,0.1,1.0,0.0,0.0,0.0,0.0,1.0,0.0,6.0,1.0,0.1,1.0,1005.5,1005.5,1005.5,1005.5,1.0,0.0,6.0,1.0,0.1,1.0,8.0,8.0,8.0,8.0,1.0,0.0,6.0,1.0,0.1,1.0,32.5,32.5,32.5,32.5,1.0,0.0,6.0,1.0,0.1,1.0,0.0,0.0,0.0,0.0,1.0,0.0,6.0,1.0,0.1,1.0,3.0,3.0,3.0,3.0,1.0,0.0,6.0,1.0,0.1,1.0,17.1,17.1,17.1,17.1,1.0,0.0,6.0,1.0,0.1,1.0,5.54,5.54,5.54,5.54,1.0,0.0,6.0,1.0,0.1,1.0,31.6,31.6,31.6,31.6,1.0,0.0,6.0,1.0,0.1,1.0,142.5,142.5,142.5,142.5,1.0,0.0,6.0,1.0,0.1,1.0,0.0,0.0,0.0,0.0,1.0,0.0,6.0,1.0,0.1,1.0,104.3,104.3,104.3,104.3,1.0,0.0,6.0,1.0,0.1,1.0,0.0,0.0,0.0,0.0,1.0,0.0,6.0,1.0,0.1,1.0,31.6,31.6,31.6,31.6,1.0,0.0,6.0,1.0,0.1,1.0,0.0,0.0,0.0,0.0,1.0,0.0,6.0,1.0,0.1,1.0,185.0,185.0,185.0,185.0,1.0,0.0,6.0,1.0,0.1,1.0,185.0,185.0,185.0,185.0,1.0,0.0,6.0,1.0,0.1,1.0
1974,2,153.0,-10.0,28.16,28.5,29.52,28.83,3.0,1.04,20.0,0.7,0.9,0.6,26.24,26.75,27.0,26.63,4.0,0.48,16.0,0.5,0.9,0.7,18.49,19.39,19.74,19.13,4.0,0.93,16.0,0.5,0.9,0.7,85.8,88.0,88.8,87.4,4.0,2.0,16.0,0.5,0.7,1.67,3.1,3.1,2.4,3.0,1.21,20.0,0.7,0.9,0.6,0.0,0.0,0.59,0.29,3.0,0.5,20.0,0.7,0.9,0.6,0.64,3.1,3.1,1.9,3.0,2.08,20.0,0.7,0.9,0.6,1006.45,1008.35,1009.25,1007.88,4.0,1.79,16.0,0.5,0.9,0.7,6.5,7.5,8.0,7.3,4.0,1.0,16.0,0.5,0.9,0.7,0.0,0.0,0.6,0.3,3.0,0.5,20.0,0.7,0.9,0.6,2.7,9.6,9.6,6.2,3.0,5.8,20.0,0.7,0.9,0.6,1.66,2.0,3.02,2.33,3.0,1.04,20.0,0.7,0.9,0.6,3.0,6.2,9.4,6.2,3.0,4.7,20.0,0.7,0.9,0.6,5.29,5.96,6.98,6.13,3.0,1.25,20.0,0.7,0.9,0.6,9.3,18.5,21.7,15.5,3.0,9.4,20.0,0.7,0.9,0.6,0.0,0.0,16.0,7.8,3.0,13.5,20.0,0.7,0.9,0.6,16.4,80.6,81.7,49.8,3.0,54.8,20.0,0.7,0.9,0.6,0.0,0.0,11.5,5.6,3.0,9.8,20.0,0.7,0.9,0.6,10.8,55.2,58.3,35.0,3.0,38.9,20.0,0.7,0.9,0.6,0.0,0.0,2.9,1.4,3.0,2.5,20.0,0.7,0.9,0.6,4.2,18.5,21.7,13.0,3.0,13.6,20.0,0.7,0.9,0.6,10.0,30.0,30.0,20.0,3.0,16.5,20.0,0.7,0.9,0.6,10.0,30.0,30.0,20.0,3.0,15.0,20.0,0.7,0.9,0.6
1974,2,153.0,-9.0,27.17,28.7,29.89,28.61,8.0,1.15,12.0,0.5,0.8,0.6,27.0,27.5,29.0,27.93,9.0,1.15,12.0,0.6,0.7,0.6,18.73,19.56,19.96,19.31,9.0,0.77,12.0,0.6,0.7,0.6,79.0,81.9,85.2,81.8,9.0,5.7,12.0,0.6,0.6,1.0,1.55,5.75,2.45,8.0,2.41,10.0,0.5,0.8,0.6,-4.4,-0.17,0.0,-1.51,8.0,2.26,10.0,0.5,0.8,0.6,-1.97,0.5,1.31,-0.07,8.0,2.22,10.0,0.5,0.8,0.6,1005.13,1005.9,1007.92,1006.37,9.0,1.98,12.0,0.6,0.7,0.6,3.3,6.0,7.0,5.3,9.0,2.1,12.0,0.6,0.7,0.6,-26.6,-0.2,0.0,-8.3,8.0,14.3,10.0,0.5,0.8,0.6,-4.0,0.5,2.6,-0.8,8.0,12.0,10.0,0.5,0.8,0.6,0.0,1.2,1.86,0.91,8.0,0.96,12.0,0.5,0.8,0.6,-0.1,0.0,3.4,1.9,7.0,4.7,10.0,0.4,0.8,0.6,3.51,5.11,6.85,5.34,8.0,1.6,12.0,0.5,0.8,0.6,3.2,6.8,28.7,11.8,7.0,12.1,10.0,0.4,0.8,0.6,-117.6,-4.9,0.0,-42.5,8.0,63.4,10.0,0.5,0.8,0.6,-54.3,13.5,38.8,-0.8,8.0,61.5,10.0,0.5,0.8,0.6,-87.6,-3.4,0.0,-29.8,8.0,45.2,10.0,0.5,0.8,0.6,-38.6,9.5,24.4,-1.8,8.0,44.0,10.0,0.5,0.8,0.6,-22.2,0.0,0.0,-7.0,7.0,11.3,10.0,0.4,0.8,0.6,-12.0,0.0,3.9,-2.2,7.0,10.9,10.0,0.4,0.8,0.6,1.0,5.0,213.0,62.5,8.0,108.5,10.0,0.5,0.8,0.6,0.0,5.0,215.0,60.0,8.0,110.0,10.0,0.5,0.8,0.6
1974,2,153.0,-8.0,28.69,29.75,30.81,29.58,16.0,1.28,14.0,0.4,0.7,0.6,26.27,28.0,30.0,27.91,17.0,1.76,14.0,0.4,0.7,0.6,17.97,18.73,19.89,18.92,17.0,1.05,14.0,0.4,0.7,0.6,74.3,80.5,84.0,80.2,17.0,5.8,14.0,0.4,0.6,1.19,3.1,4.41,2.82,16.0,1.69,16.0,0.4,0.7,0.6,-1.14,0.0,2.05,0.37,16.0,1.72,16.0,0.4,0.7,0.6,-3.99,-2.06,0.0,-2.12,16.0,1.86,16.0,0.4,0.7,0.6,1005.19,1007.0,1007.85,1006.68,18.0,1.58,16.0,0.4,0.7,0.6,5.4,8.0,8.0,6.9,18.0,1.8,16.0,0.4,0.7,0.6,-4.7,0.0,7.2,1.4,16.0,6.9,16.0,0.4,0.7,0.6,-18.6,-5.9,0.0,-8.5,16.0,8.8,16.0,0.4,0.7,0.6,0.22,0.5,4.81,1.59,14.0,2.06,14.0,0.4,0.7,0.6,0.0,1.8,11.4,5.1,13.0,9.5,14.0,0.4,0.7,0.6,4.86,7.15,8.19,7.01,14.0,2.11,14.0,0.4,0.7,0.6,7.6,20.9,34.0,21.5,13.0,14.6,14.0,0.4,0.7,0.6,-32.5,0.0,56.3,9.7,16.0,48.5,16.0,0.4,0.7,0.6,-110.7,-57.0,0.0,-58.8,16.0,50.9,16.0,0.4,0.7,0.6,-22.6,0.0,37.4,6.8,16.0,32.4,16.0,0.4,0.7,0.6,-75.6,-37.7,0.0,-40.5,16.0,35.6,16.0,0.4,0.7,0.6,-8.1,0.0,15.2,2.9,13.0,13.7,14.0,0.4,0.7,0.6,-28.7,-16.7,0.0,-15.9,13.0,15.6,14.0,0.4,0.7,0.6,2.0,30.0,86.5,44.0,16.0,46.5,16.0,0.4,0.7,0.6,0.0,30.0,85.0,45.0,16.0,45.0,16.0,0.4,0.7,0.6
1974,2,153.0,-7.0,28.45,30.0,31.05,29.77,13.0,1.36,14.0,0.5,0.5,0.6,26.53,28.25,29.94,28.04,14.0,1.92,14.0,0.4,0.6,0.6,18.14,19.13,20.09,19.27,13.0,1.5,14.0,0.4,0.6,0.5,74.4,79.3,91.5,81.6,13.0,8.7,14.0,0.4,0.5,1.5,3.35,4.72,3.31,16.0,1.76,14.0,0.4,0.6,0.6,-1.57,0.0,1.14,0.01,16.0,2.19,14.0,0.4,0.6,0.6,-3.96,-2.28,0.0,-2.01,16.0,2.38,14.0,0.4,0.6,0.6,1004.69,1007.0,1009.19,1006.81,16.0,2.29,14.0,0.4,0.6,0.6,4.8,7.0,8.0,6.5,16.0,1.8,14.0,0.4,0.6,0.6,-5.2,0.0,4.7,0.8,16.0,10.6,14.0,0.4,0.6,0.6,-18.6,-5.9,0.0,-9.2,16.0,12.0,14.0,0.4,0.6,0.6,0.0,1.0,2.5,0.91,11.0,1.71,14.0,0.5,0.5,0.5,0.0,3.1,7.8,3.1,11.0,5.7,14.0,0.5,0.5,0.5,4.95,6.91,8.2,6.67,11.0,2.48,14.0,0.5,0.5,0.5,6.3,22.6,26.8,18.6,11.0,11.1,14.0,0.5,0.5,0.5,-33.5,0.0,39.3,7.9,14.0,58.6,14.0,0.4,0.6,0.6,-106.1,-49.8,0.0,-43.2,14.0,60.9,14.0,0.4,0.6,0.6,-24.8,0.0,31.1,6.1,13.0,44.1,14.0,0.4,0.6,0.5,-73.6,-38.1,2.3,-31.2,13.0,44.1,14.0,0.4,0.6,0.5,-7.1,0.6,13.3,3.0,11.0,11.1,14.0,0.5,0.5,0.5,-24.6,-7.2,4.3,-7.0,11.0,17.8,14.0,0.5,0.5,0.5,3.5,38.0,108.5,64.5,16.0,76.5,14.0,0.4,0.6,0.6,5.0,40.0,110.0,65.0,16.0,75.0,14.0,0.4,0.6,0.6
1974,2,153.0,-6.0,28.5,29.25,30.81,29.55,16.0,1.16,16.0,0.6,0.6,0.5,27.17,28.5,30.0,28.62,19.0,1.24,16.0,0.6,0.6,0.5,18.27,19.66,21.24,20.05,17.0,1.97,18.0,0.6,0.6,0.5,74.0,81.1,87.0,81.7,17.0,7.2,18.0,0.6,0.5,1.43,4.1,6.77,4.37,19.0,3.45,16.0,0.6,0.6,0.5,-2.48,0.5,2.27,0.64,19.0,4.08,16.0,0.6,0.6,0.5,-4.39,-2.05,0.11,-2.3,19.0,3.07,16.0,0.6,0.6,0.5,1004.0,1005.1,1009.07,1005.94,19.0,2.56,16.0,0.6,0.6,0.5,4.9,7.0,8.0,6.2,19.0,2.0,16.0,0.6,0.6,0.5,-11.2,0.5,9.1,9.8,19.0,46.2,16.0,0.6,0.6,0.5,-23.2,-7.8,0.1,-16.8,19.0,35.9,16.0,0.6,0.6,0.5,-0.31,1.0,2.0,0.88,16.0,1.48,16.0,0.6,0.6,0.5,-0.9,4.2,8.6,6.6,16.0,13.2,16.0,0.6,0.6,0.5,3.8,6.27,8.07,5.86,15.0,2.06,16.0,0.6,0.6,0.5,5.4,17.0,43.1,29.7,15.0,35.9,16.0,0.6,0.6,0.5,-70.4,15.5,63.7,17.3,19.0,111.6,16.0,0.6,0.6,0.5,-127.0,-57.4,3.2,-64.7,19.0,86.2,16.0,0.6,0.6,0.5,-59.0,10.4,59.4,11.4,17.0,81.3,18.0,0.6,0.6,0.5,-88.9,-33.9,7.0,-42.6,17.0,61.9,18.0,0.6,0.6,0.5,-14.8,1.8,12.3,5.7,15.0,33.0,16.0,0.6,0.6,0.5,-33.3,-8.5,2.3,-15.7,15.0,29.1,16.0,0.6,0.6,0.5,3.0,69.0,311.0,296.0,19.0,826.0,16.0,0.6,0.6,0.5,5.0,70.0,310.0,295.0,19.0,825.0,16.0,0.6,0.6,0.5
1974,2,153.0,-5.0,28.67,30.0,31.5,30.0,22.0,1.39,18.0,0.6,0.3,0.5,26.5,28.0,29.1,28.01,25.0,1.48,16.0,0.6,0.3,0.5,17.64,19.04,20.45,19.24,21.0,1.46,16.0,0.6,0.3,0.5,74.0,79.0,91.2,81.7,21.0,8.9,16.0,0.6,0.5,1.58,3.6,5.1,3.39,27.0,1.95,16.0,0.6,0.3,0.5,-2.43,0.0,1.75,-0.31,27.0,1.92,16.0,0.6,0.3,0.5,-4.41,-3.1,0.0,-2.51,27.0,2.32,16.0,0.6,0.3,0.5,1005.0,1007.0,1008.49,1006.94,28.0,1.66,18.0,0.6,0.4,0.5,3.0,6.0,7.0,5.3,26.0,2.2,16.0,0.6,0.3,0.5,-9.0,0.0,6.1,-1.2,27.0,9.4,16.0,0.6,0.3,0.5,-22.3,-9.6,0.0,-11.6,27.0,14.2,16.0,0.6,0.3,0.5,0.01,2.0,3.5,1.78,20.0,2.08,18.0,0.6,0.3,0.5,0.0,7.1,17.7,6.3,20.0,8.7,18.0,0.6,0.3,0.5,5.14,6.96,9.66,7.17,18.0,2.63,16.0,0.6,0.3,0.5,11.6,27.6,41.2,26.7,18.0,16.5,16.0,0.6,0.3,0.5,-74.2,0.0,50.2,-11.4,25.0,52.8,16.0,0.6,0.3,0.5,-122.6,-96.1,0.0,-71.7,25.0,65.3,16.0,0.6,0.3,0.5,-51.5,0.0,36.3,-9.1,21.0,38.6,16.0,0.6,0.3,0.5,-84.6,-66.6,-4.3,-53.8,21.0,45.5,16.0,0.6,0.3,0.5,-10.3,0.0,15.0,0.0,18.0,13.7,16.0,0.6,0.3,0.5,-38.8,-22.4,-2.7,-22.0,18.0,18.0,16.0,0.6,0.3,0.5,4.0,46.5,132.5,75.0,27.0,108.0,16.0,0.6,0.3,0.5,5.0,45.0,135.0,75.0,27.0,110.0,16.0,0.6,0.3,0.5
1974,2,153.0,-4.0,29.0,29.0,29.68,29.27,6.0,0.43,16.0,0.5,0.3,0.6,25.75,28.0,29.73,28.01,9.0,2.41,16.0,0.4,0.3,0.5,19.67,20.05,21.63,20.32,8.0,1.07,18.0,0.4,0.4,0.5,81.7,85.3,98.3,87.2,8.0,9.1,18.0,0.4,0.5,1.66,3.1,3.47,2.8,9.0,1.21,16.0,0.4,0.3,0.5,-2.69,-0.87,2.58,-0.07,9.0,2.71,16.0,0.4,0.3,0.5,-1.72,-1.06,1.41,-0.29,9.0,1.69,16.0,0.4,0.3,0.5,1006.12,1007.5,1008.5,1007.3,9.0,1.59,16.0,0.4,0.3,0.5,1.3,2.0,7.7,3.7,9.0,3.1,16.0,0.4,0.3,0.5,-7.8,-0.9,7.8,1.0,9.0,10.8,16.0,0.4,0.3,0.5,-4.7,-2.2,6.6,-0.3,9.0,5.7,16.0,0.4,0.3,0.5,0.28,1.0,2.22,1.17,6.0,2.38,16.0,0.5,0.3,0.6,0.9,3.4,9.0,5.9,6.0,10.1,16.0,0.5,0.3,0.6,4.84,5.47,6.33,5.5,6.0,0.84,16.0,0.5,0.3,0.6,9.6,17.0,24.8,17.8,6.0,9.5,16.0,0.5,0.3,0.6,-74.1,-21.7,72.4,-4.2,9.0,71.9,16.0,0.4,0.3,0.5,-51.1,-29.2,34.0,-9.4,9.0,48.5,16.0,0.4,0.3,0.5,-55.5,-8.6,55.5,0.5,8.0,56.3,18.0,0.4,0.4,0.5,-36.5,-20.9,8.0,-15.0,8.0,25.7,18.0,0.4,0.4,0.5,-17.0,-5.2,18.8,0.1,6.0,19.9,16.0,0.5,0.3,0.6,-7.4,-5.8,0.9,-3.3,6.0,7.8,16.0,0.5,0.3,0.6,5.0,30.0,42.0,33.5,9.0,40.0,16.0,0.4,0.3,0.5,5.0,30.0,40.0,35.0,9.0,40.0,16.0,0.4,0.3,0.5
1974,2,153.0,-3.0,28.79,30.5,30.84,29.83,3.0,1.61,16.0,0.7,0.0,0.6,27.7,28.2,30.68,28.96,5.0,1.71,16.0,0.6,0.0,0.4,18.88,19.26,20.31,19.58,4.0,1.05,18.0,0.5,0.0,0.5,74.5,83.3,86.6,80.7,4.0,8.7,18.0,0.5,0.5,2.02,3.1,4.47,3.18,5.0,1.55,16.0,0.6,0.0,0.4,-2.7,-2.37,1.74,-0.71,5.0,2.94,16.0,0.6,0.0,0.4,-1.51,0.89,2.46,0.53,5.0,2.33,16.0,0.6,0.0,0.4,1005.25,1006.5,1008.29,1006.68,5.0,1.78,16.0,0.6,0.0,0.4,1.6,3.0,5.0,3.2,5.0,1.8,16.0,0.6,0.0,0.4,-9.4,-6.4,7.6,-1.2,5.0,12.7,16.0,0.6,0.0,0.4,-4.5,2.3,10.0,2.7,5.0,10.0,16.0,0.6,0.0,0.4,0.32,1.0,2.23,1.27,3.0,1.42,16.0,0.7,0.0,0.6,1.0,3.1,6.0,3.5,3.0,3.7,16.0,0.7,0.0,0.6,5.53,7.24,8.33,6.94,3.0,2.07,16.0,0.7,0.0,0.6,16.0,18.8,30.7,23.3,3.0,11.4,16.0,0.7,0.0,0.6,-78.7,-64.1,53.1,-18.7,5.0,88.2,16.0,0.6,0.0,0.4,-44.8,25.1,71.3,15.2,5.0,70.3,16.0,0.6,0.0,0.4,-55.3,-48.4,-16.5,-36.5,4.0,31.3,18.0,0.5,0.0,0.5,-33.8,1.0,28.8,-2.3,4.0,38.7,18.0,0.5,0.0,0.5,-24.6,-17.7,-13.3,-18.9,3.0,8.3,16.0,0.7,0.0,0.6,-13.9,6.4,8.5,-2.5,3.0,18.1,16.0,0.7,0.0,0.6,11.5,30.0,92.0,50.0,5.0,52.5,16.0,0.6,0.0,0.4,10.0,30.0,90.0,50.0,5.0,55.0,16.0,0.6,0.0,0.4
1974,2,153.0,-2.0,,,,,,,,,,,,,,,,,,,,,,,,,,,,,,,,,,,,,,,,5.0,5.0,5.0,5.0,1.0,0.0,4.0,1.0,0.1,0.8,-3.83,-3.83,-3.83,-3.83,1.0,0.0,4.0,1.0,0.1,0.8,-3.21,-3.21,-3.21,-3.21,1.0,0.0,4.0,1.0,0.1,0.8,1008.5,1008.5,1008.5,1008.5,1.0,0.0,4.0,1.0,0.1,0.8,,,,,,,,,,,,,,,,,,,,,,,,,,,,,,,,,,,,,,,,,,,,,,,,,,,,,,,,,,,,,,,,,,,,,,,,,,,,,,,,,,,,,,,,,,,,,,,,,,,,,,,,,,,,,,,,,,,,,,,,,,,,,,,,,,,,,,,,,,,,,,,,,,,,,,
1974,2,153.0,-1.0,29.58,29.75,29.92,29.75,2.0,0.35,2.0,0.0,0.8,0.8,28.13,28.4,28.67,28.4,2.0,0.57,2.0,0.0,0.8,0.8,17.61,17.61,17.61,17.61,1.0,0.0,2.0,0.0,0.6,0.6,70.9,70.9,70.9,70.9,1.0,0.0,2.0,0.0,0.6,3.15,5.4,7.65,5.4,2.0,4.67,2.0,0.0,0.8,0.8,-6.82,-3.91,-0.99,-3.91,2.0,6.04,2.0,0.0,0.8,0.8,-2.83,-2.52,-2.21,-2.52,2.0,0.64,2.0,0.0,0.8,0.8,1005.55,1006.3,1007.05,1006.3,2.0,1.56,2.0,0.0,0.8,0.8,1.3,2.0,2.7,2.0,2.0,1.4,2.0,0.0,0.8,0.8,-59.7,-35.2,-10.6,-35.2,2.0,50.8,2.0,0.0,0.8,0.8,-22.5,-15.1,-7.8,-15.1,2.0,15.2,2.0,0.0,0.8,0.8,0.91,1.35,1.79,1.35,2.0,0.92,2.0,0.0,0.8,0.8,4.0,9.4,14.9,9.4,2.0,11.3,2.0,0.0,0.8,0.8,8.39,8.39,8.39,8.39,1.0,0.0,2.0,0.0,0.6,0.6,17.6,17.6,17.6,17.6,1.0,0.0,2.0,0.0,0.6,0.6,-190.9,-109.2,-27.5,-109.2,2.0,169.3,2.0,0.0,0.8,0.8,-79.5,-71.4,-63.3,-71.4,2.0,16.8,2.0,0.0,0.8,0.8,6.4,6.4,6.4,6.4,1.0,0.0,2.0,0.0,0.6,0.6,-36.4,-36.4,-36.4,-36.4,1.0,0.0,2.0,0.0,0.6,0.6,3.1,3.1,3.1,3.1,1.0,0.0,2.0,0.0,0.6,0.6,-17.3,-17.3,-17.3,-17.3,1.0,0.0,2.0,0.0,0.6,0.6,112.5,334.0,555.5,334.0,2.0,459.0,2.0,0.0,0.8,0.8,110.0,335.0,555.0,335.0,2.0,460.0,2.0,0.0,0.8,0.8
1974,2,153.0,1.0,,,,,,,,,,,,,,,,,,,,,,,,,,,,,,,,,,,,,,,,2.99,4.9,6.81,4.9,2.0,3.96,4.0,0.5,0.3,0.5,-6.42,-4.67,-2.92,-4.67,2.0,3.63,4.0,0.5,0.3,0.5,0.42,1.32,2.22,1.32,2.0,1.86,4.0,0.5,0.3,0.5,1006.97,1008.2,1009.43,1008.2,2.0,2.55,4.0,0.5,0.3,0.5,1.8,3.5,5.2,3.5,2.0,3.5,4.0,0.5,0.3,0.5,-47.6,-30.1,-12.6,-30.1,2.0,36.3,4.0,0.5,0.3,0.5,3.2,10.1,17.1,10.1,2.0,14.3,4.0,0.5,0.3,0.5,,,,,,,,,,,,,,,,,,,,,,,,,,,,,,,,,,,,,,,,,-185.9,-134.3,-82.8,-134.3,2.0,106.8,4.0,0.5,0.3,0.5,12.1,38.2,64.3,38.2,2.0,54.0,4.0,0.5,0.3,0.5,-169.3,-169.3,-169.3,-169.3,1.0,0.0,8.0,1.0,0.5,0.5,61.6,61.6,61.6,61.6,1.0,0.0,8.0,1.0,0.5,0.5,,,,,,,,,,,,,,,,,,,,,,,,,,,,,,,,,,,,,,,,
1974,2,153.0,5.0,28.7,28.7,28.7,28.7,1.0,0.0,6.0,0.0,0.8,0.5,27.2,27.2,27.2,27.2,1.0,0.0,6.0,0.0,0.8,0.5,17.76,17.76,17.76,17.76,1.0,0.0,6.0,0.0,0.8,0.5,78.3,78.3,78.3,78.3,1.0,0.0,6.0,0.0,0.5,10.3,10.3,10.3,10.3,1.0,0.0,6.0,0.0,0.8,0.5,-9.68,-9.68,-9.68,-9.68,1.0,0.0,6.0,0.0,0.8,0.5,3.52,3.52,3.52,3.52,1.0,0.0,6.0,0.0,0.8,0.5,1005.0,1005.0,1005.0,1005.0,1.0,0.0,6.0,0.0,0.8,0.5,7.0,7.0,7.0,7.0,1.0,0.0,6.0,0.0,0.8,0.5,-99.7,-99.7,-99.7,-99.7,1.0,0.0,6.0,0.0,0.8,0.5,36.3,36.3,36.3,36.3,1.0,0.0,6.0,0.0,0.8,0.5,1.5,1.5,1.5,1.5,1.0,0.0,6.0,0.0,0.8,0.5,15.5,15.5,15.5,15.5,1.0,0.0,6.0,0.0,0.8,0.5,7.1,7.1,7.1,7.1,1.0,0.0,6.0,0.0,0.8,0.5,73.2,73.2,73.2,73.2,1.0,0.0,6.0,0.0,0.8,0.5,-263.3,-263.3,-263.3,-263.3,1.0,0.0,6.0,0.0,0.8,0.5,95.8,95.8,95.8,95.8,1.0,0.0,6.0,0.0,0.8,0.5,-171.9,-171.9,-171.9,-171.9,1.0,0.0,6.0,0.0,0.8,0.5,62.6,62.6,62.6,62.6,1.0,0.0,6.0,0.0,0.8,0.5,-68.7,-68.7,-68.7,-68.7,1.0,0.0,6.0,0.0,0.8,0.5,25.0,25.0,25.0,25.0,1.0,0.0,6.0,0.0,0.8,0.5,1092.5,1092.5,1092.5,1092.5,1.0,0.0,6.0,0.0,0.8,0.5,1095.0,1095.0,1095.0,1095.0,1.0,0.0,6.0,0.0,0.8,0.5
1974,2,153.0,6.0,28.82,28.85,28.88,28.85,2.0,0.07,6.0,0.0,0.4,0.6,25.16,25.5,27.0,26.07,3.0,1.44,10.0,0.0,0.5,0.4,18.17,18.41,19.39,18.77,3.0,0.95,10.0,0.0,0.5,0.4,81.4,89.8,96.8,89.1,3.0,11.3,10.0,0.0,0.4,4.08,5.1,11.11,7.53,3.0,5.56,10.0,0.0,0.5,0.4,-10.61,-3.55,-3.36,-6.91,3.0,6.06,10.0,0.0,0.5,0.4,-0.43,0.0,2.67,1.09,3.0,2.46,10.0,0.0,0.5,0.4,1005.92,1006.4,1008.38,1007.13,3.0,1.91,10.0,0.0,0.5,0.4,8.0,8.0,8.0,8.0,3.0,0.0,10.0,0.0,0.5,0.4,-137.2,-16.7,-14.0,-74.2,3.0,103.1,10.0,0.0,0.5,0.4,-1.5,0.0,13.6,5.9,3.0,12.2,10.0,0.0,0.5,0.4,1.47,2.25,3.03,2.25,2.0,1.63,6.0,0.0,0.4,0.6,15.6,16.3,17.0,16.3,2.0,1.4,6.0,0.0,0.4,0.6,6.76,6.82,6.88,6.82,2.0,0.13,6.0,0.0,0.4,0.6,44.1,65.2,86.3,65.2,2.0,43.7,6.0,0.0,0.4,0.6,-291.0,-88.6,-85.2,-185.8,3.0,172.6,10.0,0.0,0.5,0.4,-10.7,0.0,68.0,28.0,3.0,62.5,10.0,0.0,0.5,0.4,-193.7,-70.4,-63.5,-127.3,3.0,107.3,10.0,0.0,0.5,0.4,-8.5,0.0,49.1,19.8,3.0,45.5,10.0,0.0,0.5,0.4,-84.3,-59.1,-33.8,-59.1,2.0,52.3,6.0,0.0,0.4,0.6,4.2,13.1,22.1,13.1,2.0,18.6,6.0,0.0,0.4,0.6,74.0,132.5,1875.5,955.0,3.0,1499.5,10.0,0.0,0.5,0.4,75.0,135.0,1875.0,955.0,3.0,1500.0,10.0,0.0,0.5,0.4
1974,2,153.0,7.0,26.5,26.5,26.5,26.5,1.0,0.0,26.0,1.0,0.4,0.3,28.0,28.0,28.0,28.0,1.0,0.0,26.0,1.0,0.4,0.3,16.61,16.61,16.61,16.61,1.0,0.0,26.0,1.0,0.4,0.3,69.9,69.9,69.9,69.9,1.0,0.0,26.0,1.0,0.3,7.2,7.2,7.2,7.2,1.0,0.0,26.0,1.0,0.4,0.3,-5.52,-5.52,-5.52,-5.52,1.0,0.0,26.0,1.0,0.4,0.3,-4.63,-4.63,-4.63,-4.63,1.0,0.0,26.0,1.0,0.4,0.3,1004.2,1004.2,1004.2,1004.2,1.0,0.0,26.0,1.0,0.4,0.3,4.0,4.0,4.0,4.0,1.0,0.0,26.0,1.0,0.4,0.3,-39.7,-39.7,-39.7,-39.7,1.0,0.0,26.0,1.0,0.4,0.3,-33.3,-33.3,-33.3,-33.3,1.0,0.0,26.0,1.0,0.4,0.3,-1.5,-1.5,-1.5,-1.5,1.0,0.0,26.0,1.0,0.4,0.3,-10.8,-10.8,-10.8,-10.8,1.0,0.0,26.0,1.0,0.4,0.3,5.22,5.22,5.22,5.22,1.0,0.0,26.0,1.0,0.4,0.3,37.6,37.6,37.6,37.6,1.0,0.0,26.0,1.0,0.4,0.3,-154.4,-154.4,-154.4,-154.4,1.0,0.0,26.0,1.0,0.4,0.3,-129.6,-129.6,-129.6,-129.6,1.0,0.0,26.0,1.0,0.4,0.3,-91.6,-91.6,-91.6,-91.6,1.0,0.0,26.0,1.0,0.4,0.3,-76.9,-76.9,-76.9,-76.9,1.0,0.0,26.0,1.0,0.4,0.3,-28.8,-28.8,-28.8,-28.8,1.0,0.0,26.0,1.0,0.4,0.3,-24.2,-24.2,-24.2,-24.2,1.0,0.0,26.0,1.0,0.4,0.3,373.0,373.0,373.0,373.0,1.0,0.0,26.0,1.0,0.4,0.3,375.0,375.0,375.0,375.0,1.0,0.0,26.0,1.0,0.4,0.3
1974,2,153.0,12.0,26.1,26.1,26.1,26.1,1.0,0.0,22.0,0.0,0.6,0.1,26.7,26.7,26.7,26.7,1.0,0.0,22.0,0.0,0.6,0.1,17.37,17.37,17.37,17.37,1.0,0.0,22.0,0.0,0.6,0.1,79.2,79.2,79.2,79.2,1.0,0.0,22.0,0.0,0.1,7.7,7.7,7.7,7.7,1.0,0.0,22.0,0.0,0.6,0.1,-7.24,-7.24,-7.24,-7.24,1.0,0.0,22.0,0.0,0.6,0.1,-2.63,-2.63,-2.63,-2.63,1.0,0.0,22.0,0.0,0.6,0.1,1008.5,1008.5,1008.5,1008.5,1.0,0.0,22.0,0.0,0.6,0.1,1.0,1.0,1.0,1.0,1.0,0.0,22.0,0.0,0.6,0.1,-55.7,-55.7,-55.7,-55.7,1.0,0.0,22.0,0.0,0.6,0.1,-20.3,-20.3,-20.3,-20.3,1.0,0.0,22.0,0.0,0.6,0.1,-0.6,-0.6,-0.6,-0.6,1.0,0.0,22.0,0.0,0.6,0.1,-4.6,-4.6,-4.6,-4.6,1.0,0.0,22.0,0.0,0.6,0.1,3.85,3.85,3.85,3.85,1.0,0.0,22.0,0.0,0.6,0.1,29.6,29.6,29.6,29.6,1.0,0.0,22.0,0.0,0.6,0.1,-193.2,-193.2,-193.2,-193.2,1.0,0.0,22.0,0.0,0.6,0.1,-70.3,-70.3,-70.3,-70.3,1.0,0.0,22.0,0.0,0.6,0.1,-125.7,-125.7,-125.7,-125.7,1.0,0.0,22.0,0.0,0.6,0.1,-45.8,-45.8,-45.8,-45.8,1.0,0.0,22.0,0.0,0.6,0.1,-27.9,-27.9,-27.9,-27.9,1.0,0.0,22.0,0.0,0.6,0.1,-10.1,-10.1,-10.1,-10.1,1.0,0.0,22.0,0.0,0.6,0.1,456.5,456.5,456.5,456.5,1.0,0.0,22.0,0.0,0.6,0.1,455.0,455.0,455.0,455.0,1.0,0.0,22.0,0.0,0.6,0.1
1974,2,153.0,13.0,27.25,27.8,27.8,27.53,3.0,0.46,22.0,0.3,0.4,0.6,26.45,27.0,27.48,26.97,3.0,0.75,22.0,0.3,0.4,0.6,15.71,16.96,17.22,16.48,3.0,1.19,22.0,0.3,0.4,0.6,71.9,73.3,76.4,74.1,3.0,3.3,22.0,0.3,0.6,7.84,10.3,10.3,9.1,3.0,2.08,22.0,0.3,0.4,0.6,-9.76,-8.92,-6.79,-8.29,3.0,2.24,22.0,0.3,0.4,0.6,-4.58,-3.35,-2.28,-3.43,3.0,1.68,22.0,0.3,0.4,0.6,1007.16,1010.75,1012.72,1009.98,4.0,4.12,20.0,0.3,0.4,0.5,1.3,2.0,4.7,3.0,3.0,2.6,22.0,0.3,0.4,0.6,-100.5,-91.9,-55.7,-78.4,3.0,34.8,22.0,0.3,0.4,0.6,-43.3,-22.4,-19.7,-31.3,3.0,18.9,22.0,0.3,0.4,0.6,0.03,0.1,1.12,0.57,3.0,0.9,22.0,0.3,0.4,0.6,0.3,1.0,11.6,5.8,3.0,9.2,22.0,0.3,0.4,0.6,5.45,6.4,7.7,6.57,3.0,1.65,22.0,0.3,0.4,0.6,43.8,65.9,79.3,61.7,3.0,26.2,22.0,0.3,0.4,0.6,-266.0,-233.7,-181.1,-223.8,3.0,62.7,22.0,0.3,0.4,0.6,-120.8,-90.4,-62.5,-91.6,3.0,42.7,22.0,0.3,0.4,0.6,-160.3,-134.9,-111.5,-135.9,3.0,35.7,22.0,0.3,0.4,0.6,-71.6,-58.1,-39.2,-55.4,3.0,23.9,22.0,0.3,0.4,0.6,-71.1,-64.9,-40.5,-56.0,3.0,23.8,22.0,0.3,0.4,0.6,-34.5,-16.8,-13.1,-23.7,3.0,16.7,22.0,0.3,0.4,0.6,552.0,1092.5,1092.5,828.5,3.0,457.0,22.0,0.3,0.4,0.6,550.0,1095.0,1095.0,830.0,3.0,455.0,22.0,0.3,0.4,0.6
1974,2,153.0,14.0,27.82,28.65,29.43,28.63,4.0,1.15,10.0,1.0,0.5,0.8,27.18,27.75,28.95,28.05,4.0,1.39,10.0,1.0,0.5,0.8,16.31,17.3,20.27,18.25,4.0,2.81,10.0,1.0,0.5,0.8,72.3,76.4,80.9,76.6,4.0,6.0,10.0,1.0,0.8,3.55,4.85,5.94,4.75,4.0,1.69,10.0,1.0,0.5,0.8,-4.75,-3.44,-2.49,-3.61,4.0,1.33,10.0,1.0,0.5,0.8,-3.06,-0.34,2.68,-0.2,4.0,3.7,10.0,1.0,0.5,0.8,1004.93,1009.5,1015.05,1009.9,5.0,5.3,10.0,1.0,0.5,0.6,2.0,2.5,4.0,3.0,4.0,1.4,10.0,1.0,0.5,0.8,-27.5,-16.4,-9.5,-18.4,4.0,12.0,10.0,1.0,0.5,0.8,-15.2,-2.5,16.2,0.4,4.0,21.6,10.0,1.0,0.5,0.8,-0.55,0.8,1.68,0.58,4.0,1.55,10.0,1.0,0.5,0.8,-3.4,4.3,8.8,2.8,4.0,7.9,10.0,1.0,0.5,0.8,4.0,6.52,8.75,6.38,4.0,3.43,10.0,1.0,0.5,0.8,13.1,31.1,47.2,30.2,4.0,19.7,10.0,1.0,0.5,0.8,-131.7,-98.3,-70.6,-101.0,4.0,36.2,10.0,1.0,0.5,0.8,-90.2,-10.0,73.8,-8.3,4.0,106.4,10.0,1.0,0.5,0.8,-81.8,-63.2,-48.2,-64.9,4.0,22.1,10.0,1.0,0.5,0.8,-63.6,-5.3,47.8,-7.8,4.0,73.8,10.0,1.0,0.5,0.8,-40.5,-25.2,-9.9,-25.2,4.0,18.3,10.0,1.0,0.5,0.8,-12.9,-1.9,18.2,2.4,4.0,20.4,10.0,1.0,0.5,0.8,55.5,115.0,220.5,137.0,4.0,119.5,10.0,1.0,0.5,0.8,55.0,115.0,220.0,135.0,4.0,120.0,10.0,1.0,0.5,0.8
1974,2,153.0,15.0,27.43,28.0,28.37,27.88,5.0,0.66,14.0,0.8,0.3,0.7,25.89,26.0,26.99,26.38,5.0,0.73,14.0,0.8,0.3,0.7,16.08,16.89,19.21,17.48,5.0,1.72,14.0,0.8,0.3,0.7,76.5,82.0,86.0,81.3,5.0,5.3,14.0,0.8,0.7,4.58,8.45,12.9,8.4,6.0,4.13,12.0,0.8,0.2,0.6,-11.17,-4.59,-1.79,-5.63,6.0,4.64,12.0,0.8,0.2,0.6,-6.91,-6.37,-2.33,-4.98,6.0,3.53,12.0,0.8,0.2,0.6,1010.22,1011.9,1016.55,1012.73,6.0,3.55,12.0,0.8,0.2,0.6,4.0,5.0,6.2,5.2,6.0,1.2,12.0,0.8,0.2,0.6,-144.1,-31.6,-4.6,-59.5,6.0,67.2,12.0,0.8,0.2,0.6,-83.2,-63.6,-12.6,-51.2,6.0,36.9,12.0,0.8,0.2,0.6,0.69,1.6,2.25,1.5,5.0,0.85,14.0,0.8,0.3,0.7,2.4,17.2,24.9,14.9,5.0,12.8,14.0,0.8,0.3,0.7,4.68,5.8,7.35,6.05,5.0,1.78,14.0,0.8,0.3,0.7,18.9,53.4,82.5,53.6,5.0,39.6,14.0,0.8,0.3,0.7,-293.3,-135.5,-89.6,-178.0,5.0,109.7,14.0,0.8,0.3,0.7,-169.3,-161.4,-44.9,-111.5,5.0,87.9,14.0,0.8,0.3,0.7,-188.2,-89.0,-62.0,-117.8,5.0,72.9,14.0,0.8,0.3,0.7,-112.1,-100.7,-33.0,-74.5,5.0,57.6,14.0,0.8,0.3,0.7,-71.4,-34.3,-15.0,-43.6,5.0,35.1,14.0,0.8,0.3,0.7,-46.7,-32.3,-5.8,-27.2,5.0,24.9,14.0,0.8,0.3,0.7,109.0,605.0,2146.5,942.0,6.0,964.0,12.0,0.8,0.2,0.6,110.0,605.0,2145.0,940.0,6.0,965.0,12.0,0.8,0.2,0.6
1974,2,153.0,16.0,26.18,27.2,28.19,27.27,6.0,1.07,20.0,1.0,0.3,0.4,25.79,27.05,28.65,27.23,6.0,1.85,20.0,1.0,0.3,0.4,15.33,16.63,17.15,16.02,6.0,2.01,20.0,1.0,0.3,0.4,62.9,72.5,77.4,70.8,6.0,7.1,20.0,1.0,0.4,3.79,7.2,9.77,7.28,6.0,4.0,20.0,1.0,0.3,0.4,-9.5,-3.06,-1.98,-5.21,6.0,4.62,20.0,1.0,0.3,0.4,-6.29,-3.4,-1.29,-3.78,6.0,2.93,20.0,1.0,0.3,0.4,1009.29,1011.9,1012.19,1011.12,6.0,1.71,20.0,1.0,0.3,0.4,2.8,3.5,7.2,4.5,6.0,2.4,20.0,1.0,0.3,0.4,-96.6,-13.9,-10.6,-50.4,6.0,69.1,20.0,1.0,0.3,0.4,-66.1,-24.6,-6.9,-31.9,6.0,29.0,20.0,1.0,0.3,0.4,-2.01,0.85,1.29,0.03,6.0,1.89,20.0,1.0,0.3,0.4,-11.8,4.9,8.8,-1.8,6.0,19.4,20.0,1.0,0.3,0.4,5.48,6.79,7.84,6.71,6.0,1.68,20.0,1.0,0.3,0.4,31.9,49.7,68.3,48.9,6.0,24.9,20.0,1.0,0.3,0.4,-273.3,-80.2,-51.6,-147.9,6.0,140.4,20.0,1.0,0.3,0.4,-164.0,-96.9,-36.5,-101.9,6.0,77.3,20.0,1.0,0.3,0.4,-164.8,-43.2,-32.5,-85.7,6.0,80.2,20.0,1.0,0.3,0.4,-103.2,-53.2,-21.2,-60.9,6.0,48.5,20.0,1.0,0.3,0.4,-66.5,-22.6,-10.9,-34.4,6.0,28.8,20.0,1.0,0.3,0.4,-40.7,-23.1,-9.4,-25.9,6.0,20.7,20.0,1.0,0.3,0.4,58.5,395.0,1077.0,703.5,6.0,1004.5,20.0,1.0,0.3,0.4,60.0,395.0,1075.0,705.0,6.0,1005.0,20.0,1.0,0.3,0.4
1974,2,153.0,17.0,27.2,27.2,27.2,27.2,1.0,0.0,8.0,0.0,0.0,0.1,24.01,25.1,26.19,25.1,2.0,2.26,12.0,0.0,0.1,0.5,17.32,17.32,17.32,17.32,1.0,0.0,8.0,0.0,0.0,0.1,79.2,79.2,79.2,79.2,1.0,0.0,8.0,0.0,0.1,6.52,7.2,7.88,7.2,2.0,1.41,12.0,0.0,0.1,0.5,-7.47,-6.95,-6.44,-6.95,2.0,1.06,12.0,0.0,0.1,0.5,-2.36,-1.4,-0.45,-1.4,2.0,1.98,12.0,0.0,0.1,0.5,1012.23,1012.95,1013.67,1012.95,2.0,1.48,12.0,0.0,0.1,0.5,1.6,3.0,4.4,3.0,2.0,2.8,12.0,0.0,0.1,0.5,-59.3,-50.8,-42.4,-50.8,2.0,17.5,12.0,0.0,0.1,0.5,-19.3,-11.5,-3.6,-11.5,2.0,16.3,12.0,0.0,0.1,0.5,0.5,0.5,0.5,0.5,1.0,0.0,8.0,0.0,0.0,0.1,3.1,3.1,3.1,3.1,1.0,0.0,8.0,0.0,0.0,0.1,5.27,5.27,5.27,5.27,1.0,0.0,8.0,0.0,0.0,0.1,32.7,32.7,32.7,32.7,1.0,0.0,8.0,0.0,0.0,0.1,-178.6,-173.3,-168.0,-173.3,2.0,11.0,12.0,0.0,0.1,0.5,-55.4,-33.0,-10.5,-33.0,2.0,46.6,12.0,0.0,0.1,0.5,-107.4,-107.4,-107.4,-107.4,1.0,0.0,8.0,0.0,0.0,0.1,0.0,0.0,0.0,0.0,1.0,0.0,8.0,0.0,0.0,0.1,-32.7,-32.7,-32.7,-32.7,1.0,0.0,8.0,0.0,0.0,0.1,0.0,0.0,0.0,0.0,1.0,0.0,8.0,0.0,0.0,0.1,288.0,395.0,501.5,395.0,2.0,221.5,12.0,0.0,0.1,0.5,290.0,395.0,500.0,395.0,2.0,220.0,12.0,0.0,0.1,0.5
1974,2,153.0,18.0,25.21,26.55,27.52,26.38,4.0,1.53,14.0,0.8,0.7,0.7,24.35,25.5,26.55,25.45,4.0,1.72,14.0,0.8,0.7,0.7,12.55,12.96,15.42,13.93,4.0,2.44,14.0,0.8,0.7,0.7,62.0,68.5,75.1,68.5,4.0,7.7,14.0,0.8,0.7,5.61,6.7,7.72,6.67,3.0,1.55,18.0,1.0,0.7,0.8,-5.1,-2.55,2.13,-1.51,3.0,5.37,18.0,1.0,0.7,0.8,-5.0,-4.42,2.1,-1.52,3.0,5.78,18.0,1.0,0.7,0.8,1011.57,1013.7,1015.36,1013.48,4.0,2.69,14.0,0.8,0.7,0.7,2.0,3.0,4.6,3.3,4.0,2.1,14.0,0.8,0.7,0.7,-39.3,-13.0,15.6,-11.9,3.0,40.2,18.0,1.0,0.7,0.8,-36.7,-22.5,16.3,-10.5,3.0,40.2,18.0,1.0,0.7,0.8,-0.81,1.0,2.66,0.93,4.0,2.01,14.0,0.8,0.7,0.7,-4.9,-3.3,12.9,3.8,3.0,14.5,18.0,1.0,0.7,0.8,5.76,7.43,9.45,7.6,4.0,2.48,14.0,0.8,0.7,0.7,33.0,34.7,71.0,51.6,3.0,31.5,18.0,1.0,0.7,0.8,-130.0,-65.0,60.2,-35.6,3.0,141.6,18.0,1.0,0.7,0.8,-127.5,-112.6,60.6,-35.3,3.0,153.2,18.0,1.0,0.7,0.8,-65.1,-31.3,41.7,-12.1,3.0,79.9,18.0,1.0,0.7,0.8,-63.5,-54.2,44.3,-10.6,3.0,87.5,18.0,1.0,0.7,0.8,-51.5,-17.4,8.6,-21.3,3.0,44.2,18.0,1.0,0.7,0.8,-48.1,-30.1,7.3,-20.6,3.0,41.4,18.0,1.0,0.7,0.8,186.0,301.0,472.0,328.5,3.0,210.5,18.0,1.0,0.7,0.8,185.0,300.0,470.0,330.0,3.0,210.0,18.0,1.0,0.7,0.8
1974,2,153.0,19.0,24.9,26.6,27.21,26.0,7.0,1.56,14.0,0.6,0.2,0.5,23.97,26.1,27.33,26.1,7.0,2.19,14.0,0.6,0.2,0.5,12.83,13.92,20.27,15.62,7.0,3.3,14.0,0.6,0.2,0.5,61.6,73.5,79.1,73.8,7.0,11.8,14.0,0.6,0.5,5.0,8.7,10.3,7.86,7.0,2.74,14.0,0.6,0.2,0.5,-8.64,-6.62,-4.33,-5.78,7.0,3.96,14.0,0.6,0.2,0.5,-3.05,-1.51,2.65,-0.26,7.0,4.98,14.0,0.6,0.2,0.5,1012.49,1014.2,1016.33,1014.61,7.0,2.38,14.0,0.6,0.2,0.5,1.0,2.0,5.1,3.0,7.0,2.2,14.0,0.6,0.2,0.5,-76.0,-63.2,-23.0,-53.1,7.0,36.2,14.0,0.6,0.2,0.5,-25.8,-13.1,12.1,-6.4,7.0,46.7,14.0,0.6,0.2,0.5,-1.17,-0.5,1.21,-0.1,7.0,1.86,14.0,0.6,0.2,0.5,-11.9,-5.1,5.8,-4.6,7.0,11.2,14.0,0.6,0.2,0.5,2.69,4.58,8.07,5.42,7.0,2.56,14.0,0.6,0.2,0.5,23.7,37.6,71.5,42.4,7.0,26.0,14.0,0.6,0.2,0.5,-225.3,-172.8,-116.9,-153.5,7.0,101.7,14.0,0.6,0.2,0.5,-73.9,-39.3,64.2,-2.7,7.0,138.0,14.0,0.6,0.2,0.5,-111.0,-98.9,-88.4,-87.8,7.0,53.3,14.0,0.6,0.2,0.5,-40.1,-19.3,41.5,4.3,7.0,87.6,14.0,0.6,0.2,0.5,-70.4,-28.4,-9.8,-31.9,7.0,34.2,14.0,0.6,0.2,0.5,-15.3,-12.3,18.8,-4.1,7.0,20.0,14.0,0.6,0.2,0.5,127.5,658.5,1092.5,623.0,7.0,423.0,14.0,0.6,0.2,0.5,130.0,660.0,1095.0,625.0,7.0,425.0,14.0,0.6,0.2,0.5
1974,2,153.0,20.0,26.75,26.85,26.95,26.85,2.0,0.21,12.0,0.5,0.8,0.1,23.65,24.4,25.15,24.4,2.0,1.56,12.0,0.5,0.8,0.1,15.26,15.76,16.26,15.76,2.0,1.03,12.0,0.5,0.8,0.1,77.3,83.6,90.0,83.6,2.0,13.2,12.0,0.5,0.1,8.95,9.5,10.05,9.5,2.0,1.13,12.0,0.5,0.8,0.1,-7.83,-7.71,-7.59,-7.71,2.0,0.25,12.0,0.5,0.8,0.1,-6.26,-5.49,-4.71,-5.49,2.0,1.61,12.0,0.5,0.8,0.1,1017.63,1017.7,1017.77,1017.7,2.0,0.14,12.0,0.5,0.8,0.1,6.2,6.5,6.8,6.5,2.0,0.7,12.0,0.5,0.8,0.1,-78.8,-73.4,-68.0,-73.4,2.0,11.1,12.0,0.5,0.8,0.1,-63.4,-53.0,-42.7,-53.0,2.0,21.5,12.0,0.5,0.8,0.1,1.8,2.45,3.1,2.45,2.0,1.34,12.0,0.5,0.8,0.1,17.7,22.5,27.3,22.5,2.0,10.0,12.0,0.5,0.8,0.1,5.6,6.24,6.87,6.24,2.0,1.31,12.0,0.5,0.8,0.1,50.6,60.0,69.4,60.0,2.0,19.5,12.0,0.5,0.8,0.1,-197.1,-188.4,-179.6,-188.4,2.0,18.1,12.0,0.5,0.8,0.1,-158.1,-135.1,-112.1,-135.1,2.0,47.7,12.0,0.5,0.8,0.1,-123.3,-121.4,-119.5,-121.4,2.0,4.0,12.0,0.5,0.8,0.1,-95.1,-85.6,-76.1,-85.6,2.0,19.6,12.0,0.5,0.8,0.1,-53.9,-48.3,-42.6,-48.3,2.0,11.7,12.0,0.5,0.8,0.1,-43.6,-35.3,-27.0,-35.3,2.0,17.2,12.0,0.5,0.8,0.1,727.5,875.5,1024.0,875.5,2.0,307.0,12.0,0.5,0.8,0.1,725.0,875.0,1025.0,875.0,2.0,305.0,12.0,0.5,0.8,0.1
1974,2,153.0,22.0,23.51,24.4,24.4,23.97,3.0,0.75,16.0,0.0,0.4,0.5,20.5,20.5,21.11,20.8,3.0,0.52,16.0,0.0,0.4,0.5,10.79,11.36,11.51,11.15,3.0,0.56,16.0,0.0,0.4,0.5,71.2,72.2,75.7,73.4,3.0,3.5,16.0,0.0,0.5,0.83,2.6,5.74,3.27,3.0,3.65,16.0,0.0,0.4,0.5,-4.58,-2.56,-0.81,-2.69,3.0,2.76,16.0,0.0,0.4,0.5,-3.3,-0.45,-0.14,-1.69,3.0,2.55,16.0,0.0,0.4,0.5,1014.34,1018.3,1019.12,1016.77,3.0,3.74,16.0,0.0,0.4,0.5,3.3,4.0,4.7,4.0,3.0,1.0,16.0,0.0,0.4,0.5,-29.2,-6.7,-2.1,-15.5,3.0,21.3,16.0,0.0,0.4,0.5,-23.1,-1.2,-0.4,-11.5,3.0,18.9,16.0,0.0,0.4,0.5,2.4,3.9,3.9,3.17,3.0,1.27,16.0,0.0,0.4,0.5,3.2,10.1,11.6,7.5,3.0,6.5,16.0,0.0,0.4,0.5,6.58,7.5,8.15,7.36,3.0,1.16,16.0,0.0,0.4,0.5,7.0,22.0,37.2,22.1,3.0,22.1,16.0,0.0,0.4,0.5,-97.2,-52.5,-16.7,-56.8,3.0,59.1,16.0,0.0,0.4,0.5,-70.5,-9.3,-2.9,-36.1,3.0,54.7,16.0,0.0,0.4,0.5,-51.3,-26.9,-8.6,-29.9,3.0,31.4,16.0,0.0,0.4,0.5,-37.4,-4.8,-1.5,-19.1,3.0,29.1,16.0,0.0,0.4,0.5,-30.0,-21.6,-6.9,-18.5,3.0,17.2,16.0,0.0,0.4,0.5,-20.6,-3.8,-1.2,-10.8,3.0,15.4,16.0,0.0,0.4,0.5,5.5,17.5,260.5,130.5,3.0,210.5,16.0,0.0,0.4,0.5,5.0,20.0,260.0,130.0,3.0,210.0,16.0,0.0,0.4,0.5
1974,2,153.0,23.0,22.71,22.95,23.19,22.95,2.0,0.49,6.0,0.0,0.8,0.8,19.32,21.75,24.33,21.83,4.0,3.4,8.0,0.5,0.4,0.5,9.75,12.74,15.66,12.7,3.0,4.33,8.0,0.3,0.5,0.6,71.8,83.0,94.6,83.2,3.0,16.7,8.0,0.3,0.6,2.71,4.85,7.56,5.13,4.0,3.61,8.0,0.5,0.4,0.5,-0.42,1.97,4.08,1.83,4.0,2.9,8.0,0.5,0.4,0.5,-5.14,-0.09,1.85,-1.58,4.0,5.65,8.0,0.5,0.4,0.5,1013.52,1018.5,1019.25,1016.43,3.0,4.57,8.0,0.3,0.5,0.6,2.9,6.0,7.0,5.0,4.0,3.5,8.0,0.5,0.4,0.5,-8.3,7.3,20.1,6.0,4.0,18.2,8.0,0.5,0.4,0.5,-49.6,-0.1,8.5,-19.6,4.0,50.6,8.0,0.5,0.4,0.5,0.96,2.8,4.64,2.8,2.0,3.82,6.0,0.0,0.8,0.8,8.9,27.2,45.4,27.2,2.0,37.8,6.0,0.0,0.8,0.8,1.58,4.74,7.91,4.74,2.0,6.56,6.0,0.0,0.8,0.8,15.0,46.2,77.4,46.2,2.0,64.6,6.0,0.0,0.8,0.8,-6.0,43.6,101.1,47.4,4.0,69.2,8.0,0.5,0.4,0.5,-91.7,-1.8,41.5,-24.0,4.0,105.7,8.0,0.5,0.4,0.5,-5.7,12.5,38.3,16.2,3.0,32.4,8.0,0.3,0.5,0.6,-55.8,-2.2,40.2,-7.7,3.0,70.5,8.0,0.3,0.5,0.6,-13.4,-7.8,-2.3,-7.8,2.0,11.5,6.0,0.0,0.8,0.8,-76.1,-45.1,-14.1,-45.1,2.0,64.2,6.0,0.0,0.8,0.8,47.0,115.0,556.0,293.0,4.0,435.5,8.0,0.5,0.4,0.5,45.0,115.0,555.0,295.0,4.0,435.0,8.0,0.5,0.4,0.5
1974,2,153.0,24.0,21.59,22.55,22.97,22.3,6.0,1.31,10.0,0.7,0.3,0.3,22.24,23.0,24.53,22.94,7.0,1.99,10.0,0.7,0.4,0.4,9.87,14.05,16.18,13.15,5.0,3.79,10.0,0.8,0.2,0.3,63.0,70.7,86.3,74.2,5.0,14.8,10.0,0.8,0.3,4.05,4.6,8.73,6.01,7.0,2.48,10.0,0.7,0.4,0.4,-8.08,2.37,3.99,-0.84,7.0,5.58,10.0,0.7,0.4,0.4,-3.7,1.51,2.41,-0.15,7.0,4.05,10.0,0.7,0.4,0.4,1010.79,1013.65,1018.38,1014.5,6.0,4.44,10.0,0.7,0.3,0.3,2.0,2.0,3.1,2.6,7.0,1.6,10.0,0.7,0.4,0.4,-74.6,7.4,16.6,-16.3,7.0,42.0,10.0,0.7,0.4,0.4,-18.1,6.2,14.6,-0.2,7.0,30.5,10.0,0.7,0.4,0.4,-3.47,-0.7,1.27,-0.63,6.0,3.3,10.0,0.7,0.3,0.3,-16.8,-3.0,10.2,-1.1,6.0,22.2,10.0,0.7,0.3,0.3,-0.54,2.36,7.74,3.57,5.0,4.85,10.0,0.8,0.2,0.3,-1.9,20.6,65.7,31.0,5.0,37.4,10.0,0.8,0.2,0.3,-182.1,58.2,91.8,-19.1,7.0,132.0,10.0,0.7,0.4,0.4,-83.7,38.1,55.4,1.2,7.0,84.9,10.0,0.7,0.4,0.4,-100.7,-20.4,49.0,-24.7,5.0,80.8,10.0,0.8,0.2,0.3,-28.3,21.2,38.5,7.1,5.0,42.2,10.0,0.8,0.2,0.3,-35.6,-20.3,-1.9,-20.1,5.0,19.7,10.0,0.8,0.2,0.3,-29.5,0.2,12.5,-9.5,5.0,39.9,10.0,0.8,0.2,0.3,67.0,97.5,665.5,316.0,7.0,320.0,10.0,0.7,0.4,0.4,65.0,95.0,665.0,315.0,7.0,320.0,10.0,0.7,0.4,0.4
1974,2,153.0,25.0,22.31,23.0,23.56,22.88,5.0,1.08,14.0,0.4,0.4,0.4,18.78,20.5,21.4,20.14,5.0,2.09,14.0,0.4,0.4,0.4,7.06,10.2,13.67,10.56,5.0,3.91,14.0,0.4,0.4,0.4,55.0,71.5,85.3,70.6,5.0,18.2,14.0,0.4,0.4,2.6,4.1,5.78,4.42,5.0,2.51,14.0,0.4,0.4,0.4,-2.64,-2.25,0.89,-1.02,5.0,2.22,14.0,0.4,0.4,0.4,-5.17,-3.14,1.04,-2.56,5.0,4.04,14.0,0.4,0.4,0.4,1009.43,1017.5,1019.81,1015.16,5.0,5.45,14.0,0.4,0.4,0.4,3.5,6.0,7.0,5.2,5.0,2.5,14.0,0.4,0.4,0.4,-10.8,-5.9,2.3,-4.2,5.0,7.4,14.0,0.4,0.4,0.4,-35.8,-12.9,2.7,-19.2,5.0,32.6,14.0,0.4,0.4,0.4,0.97,2.7,4.86,2.74,5.0,2.85,14.0,0.4,0.4,0.4,2.8,10.3,29.0,14.8,5.0,16.0,14.0,0.4,0.4,0.4,3.41,8.33,10.33,6.81,5.0,4.63,14.0,0.4,0.4,0.4,8.9,42.4,53.4,34.1,5.0,28.6,14.0,0.4,0.4,0.4,-49.2,-44.8,20.3,-17.9,5.0,46.3,14.0,0.4,0.4,0.4,-103.8,-53.4,22.7,-48.6,5.0,80.6,14.0,0.4,0.4,0.4,-21.7,-18.6,14.6,-4.9,5.0,27.0,14.0,0.4,0.4,0.4,-46.5,-22.2,15.0,-20.5,5.0,42.4,14.0,0.4,0.4,0.4,-27.2,-13.1,-1.2,-13.9,5.0,13.2,14.0,0.4,0.4,0.4,-47.1,-32.4,2.3,-26.1,5.0,31.7,14.0,0.4,0.4,0.4,17.5,69.0,284.0,166.5,5.0,276.5,14.0,0.4,0.4,0.4,20.0,70.0,285.0,165.0,5.0,275.0,14.0,0.4,0.4,0.4
1974,2,153.0,26.0,19.95,21.25,22.55,21.25,4.0,1.85,14.0,1.0,0.6,0.4,18.77,20.55,21.33,20.08,4.0,2.04,14.0,1.0,0.6,0.4,8.28,10.59,13.48,10.87,4.0,3.63,14.0,1.0,0.6,0.4,61.0,70.8,85.2,73.0,4.0,16.1,14.0,1.0,0.4,4.84,5.9,7.22,6.03,4.0,1.43,14.0,1.0,0.6,0.4,-5.85,-4.38,-0.49,-3.23,4.0,3.58,14.0,1.0,0.6,0.4,-0.25,4.07,4.87,2.39,4.0,4.01,14.0,1.0,0.6,0.4,1012.44,1017.3,1019.81,1016.18,4.0,5.06,14.0,1.0,0.6,0.4,5.4,7.0,7.5,6.5,4.0,1.7,14.0,1.0,0.6,0.4,-42.3,-26.2,-1.8,-22.2,4.0,24.9,14.0,1.0,0.6,0.4,2.2,23.4,31.6,17.2,4.0,23.3,14.0,1.0,0.6,0.4,-0.07,1.1,2.43,1.18,4.0,1.54,14.0,1.0,0.6,0.4,0.1,5.7,14.5,7.2,4.0,9.7,14.0,1.0,0.6,0.4,2.87,6.11,6.76,4.87,4.0,2.98,14.0,1.0,0.6,0.4,16.2,36.7,43.7,30.3,4.0,19.5,14.0,1.0,0.6,0.4,-120.3,-84.9,-4.1,-63.2,4.0,75.2,14.0,1.0,0.6,0.4,0.9,85.3,103.8,53.9,4.0,78.1,14.0,1.0,0.6,0.4,-62.1,-39.3,4.7,-29.2,4.0,42.5,14.0,1.0,0.6,0.4,5.4,43.4,62.5,34.4,4.0,41.8,14.0,1.0,0.6,0.4,-35.9,-26.2,-9.1,-22.7,4.0,17.5,14.0,1.0,0.6,0.4,-11.4,12.4,25.0,7.0,4.0,23.3,14.0,1.0,0.6,0.4,114.0,216.5,382.5,247.0,4.0,165.5,14.0,1.0,0.6,0.4,115.0,215.0,380.0,245.0,4.0,165.0,14.0,1.0,0.6,0.4
1974,2,153.0,27.0,17.99,19.2,19.43,18.9,7.0,0.81,16.0,0.6,0.5,0.5,14.91,16.5,19.98,17.29,8.0,2.86,16.0,0.6,0.5,0.6,5.46,8.05,11.17,8.62,7.0,3.6,16.0,0.6,0.6,0.6,52.8,67.7,77.0,66.1,7.0,15.3,16.0,0.6,0.6,5.28,8.45,10.8,8.23,8.0,3.36,16.0,0.6,0.5,0.6,-0.15,5.36,6.91,3.77,8.0,4.76,16.0,0.6,0.5,0.6,-7.95,-0.13,5.25,-1.53,8.0,6.86,16.0,0.6,0.5,0.6,1016.66,1020.5,1022.92,1019.0,8.0,4.74,16.0,0.6,0.5,0.6,0.0,2.0,7.0,3.1,8.0,3.4,16.0,0.6,0.5,0.6,1.5,35.5,73.1,35.4,8.0,45.0,16.0,0.6,0.5,0.6,-85.9,3.2,45.0,-23.7,8.0,74.8,16.0,0.6,0.5,0.6,-2.2,3.0,4.07,1.57,7.0,3.2,16.0,0.6,0.5,0.5,-11.6,10.4,40.4,16.8,7.0,32.3,16.0,0.6,0.5,0.5,1.11,5.54,8.61,4.93,6.0,4.07,16.0,0.5,0.6,0.5,5.2,26.1,89.6,42.4,6.0,47.7,16.0,0.5,0.6,0.5,-3.0,96.2,129.2,60.0,8.0,86.4,16.0,0.6,0.5,0.6,-119.3,-1.0,104.1,-10.6,8.0,112.6,16.0,0.6,0.5,0.6,-6.2,48.6,52.3,21.5,7.0,50.4,16.0,0.6,0.6,0.6,-31.2,18.5,59.9,13.1,7.0,52.6,16.0,0.6,0.6,0.6,2.2,13.7,33.1,20.3,6.0,27.0,16.0,0.5,0.6,0.5,-56.6,-13.1,7.2,-26.7,6.0,48.6,16.0,0.5,0.6,0.5,151.5,605.0,1259.5,791.0,8.0,719.5,16.0,0.6,0.5,0.6,150.0,605.0,1260.0,790.0,8.0,720.0,16.0,0.6,0.5,0.6
1974,2,153.0,28.0,18.63,19.3,20.0,19.31,9.0,0.75,20.0,0.6,0.5,0.6,17.92,19.1,21.21,19.32,11.0,1.64,20.0,0.6,0.5,0.5,8.27,9.63,12.56,10.18,9.0,2.1,20.0,0.6,0.5,0.6,64.3,72.4,90.3,75.1,9.0,11.9,20.0,0.6,0.6,5.45,8.2,9.71,8.27,11.0,2.62,20.0,0.6,0.5,0.5,-4.19,2.8,9.46,3.0,11.0,6.36,20.0,0.6,0.5,0.5,-1.23,3.52,7.43,2.69,11.0,4.88,20.0,0.6,0.5,0.5,1013.85,1016.0,1018.96,1015.81,9.0,3.3,20.0,0.6,0.5,0.6,2.6,3.0,4.8,3.6,11.0,1.7,20.0,0.6,0.5,0.5,-26.1,23.0,91.9,34.2,11.0,65.6,20.0,0.6,0.5,0.5,-10.7,24.9,60.3,18.0,11.0,49.5,20.0,0.6,0.5,0.5,-0.8,0.5,1.78,0.48,9.0,1.61,20.0,0.6,0.5,0.6,-11.2,5.2,15.7,3.4,9.0,14.3,20.0,0.6,0.5,0.6,0.97,4.25,5.75,3.72,9.0,2.2,20.0,0.6,0.5,0.6,7.2,47.4,54.4,34.6,9.0,21.7,20.0,0.6,0.5,0.6,-90.2,49.0,175.1,51.5,11.0,123.6,20.0,0.6,0.5,0.5,-22.1,68.7,142.1,53.5,11.0,93.8,20.0,0.6,0.5,0.5,-31.6,61.6,90.0,37.6,9.0,60.6,20.0,0.6,0.5,0.6,-17.6,34.7,84.9,31.8,9.0,57.0,20.0,0.6,0.5,0.6,-0.8,16.4,50.5,24.7,9.0,24.1,20.0,0.6,0.5,0.6,-13.9,5.9,26.8,6.5,9.0,22.6,20.0,0.6,0.5,0.6,163.5,551.5,923.5,729.0,11.0,718.5,20.0,0.6,0.5,0.5,165.0,550.0,925.0,730.0,11.0,720.0,20.0,0.6,0.5,0.5
1974,2,153.0,29.0,17.0,17.8,19.0,17.88,16.0,1.19,16.0,0.6,0.4,0.4,13.82,16.95,19.65,16.62,18.0,2.58,16.0,0.7,0.4,0.4,6.68,8.22,10.48,8.6,16.0,2.15,16.0,0.6,0.4,0.4,64.9,71.1,80.8,72.7,16.0,12.2,16.0,0.6,0.4,4.65,7.7,10.95,7.74,18.0,3.53,16.0,0.7,0.4,0.4,-5.0,-0.44,6.56,0.47,18.0,5.55,16.0,0.7,0.4,0.4,-6.78,1.08,7.53,0.7,18.0,6.66,16.0,0.7,0.4,0.4,1013.24,1020.5,1022.28,1018.29,18.0,4.63,16.0,0.7,0.4,0.4,3.7,6.0,8.0,5.8,18.0,2.2,16.0,0.7,0.4,0.4,-35.2,-2.2,56.9,12.0,18.0,63.1,16.0,0.7,0.4,0.4,-61.2,3.6,61.0,2.0,18.0,71.0,16.0,0.7,0.4,0.4,-2.12,0.4,4.27,0.98,16.0,2.73,16.0,0.6,0.4,0.4,-18.6,2.4,26.4,7.8,16.0,25.2,16.0,0.6,0.4,0.4,1.87,4.33,6.46,3.76,14.0,2.48,16.0,0.6,0.4,0.4,16.0,28.4,47.7,31.1,14.0,24.7,16.0,0.6,0.4,0.4,-95.1,-6.7,102.8,-0.4,18.0,89.2,16.0,0.7,0.4,0.4,-96.0,20.4,138.0,20.0,18.0,109.1,16.0,0.7,0.4,0.4,-39.1,0.0,54.5,3.3,16.0,47.6,16.0,0.6,0.4,0.4,-50.8,8.6,73.3,7.6,16.0,55.2,16.0,0.6,0.4,0.4,-15.1,2.2,40.5,8.1,14.0,27.0,16.0,0.6,0.4,0.4,-25.5,4.4,25.2,0.1,14.0,29.1,16.0,0.6,0.4,0.4,106.5,456.5,1315.0,753.0,18.0,932.0,16.0,0.7,0.4,0.4,105.0,455.0,1315.0,755.0,18.0,930.0,16.0,0.7,0.4,0.4
1974,2,153.0,30.0,16.42,17.5,18.38,17.39,11.0,1.11,12.0,0.6,0.4,0.5,14.95,17.1,18.57,16.96,13.0,2.6,14.0,0.7,0.5,0.5,7.31,9.5,10.93,9.27,12.0,1.96,12.0,0.7,0.4,0.5,73.0,80.1,86.7,79.0,12.0,11.4,12.0,0.7,0.5,4.41,10.3,11.91,8.94,13.0,3.88,14.0,0.7,0.5,0.5,-2.12,2.96,10.24,4.38,13.0,6.35,14.0,0.7,0.5,0.5,1.36,3.52,10.16,4.7,13.0,4.08,14.0,0.7,0.5,0.5,1008.11,1011.85,1017.69,1011.85,12.0,5.69,12.0,0.7,0.4,0.5,2.7,6.5,8.0,5.5,12.0,2.7,14.0,0.8,0.5,0.5,-20.5,24.2,116.4,51.3,13.0,71.0,14.0,0.7,0.5,0.5,2.0,22.2,107.6,48.5,13.0,51.0,14.0,0.7,0.5,0.5,-1.23,1.0,3.33,0.99,11.0,2.58,12.0,0.6,0.4,0.5,-11.6,11.3,17.6,3.6,11.0,17.3,12.0,0.6,0.4,0.5,1.12,3.34,5.36,3.2,11.0,2.09,12.0,0.6,0.4,0.5,10.7,27.7,46.0,26.3,11.0,16.5,12.0,0.6,0.4,0.5,-37.3,42.9,175.7,71.9,13.0,109.1,14.0,0.7,0.5,0.5,25.1,51.1,183.1,80.8,13.0,72.1,14.0,0.7,0.5,0.5,-28.8,42.3,89.5,40.2,12.0,65.3,12.0,0.7,0.4,0.5,8.2,37.5,107.3,49.3,12.0,44.4,12.0,0.7,0.4,0.5,-3.3,17.8,39.5,19.2,11.0,20.2,12.0,0.6,0.4,0.5,2.1,8.1,21.8,10.6,11.0,9.8,12.0,0.6,0.4,0.5,89.5,1092.5,1691.0,1046.5,13.0,800.0,14.0,0.7,0.5,0.5,90.0,1095.0,1690.0,1045.0,13.0,800.0,14.0,0.7,0.5,0.5
1974,2,153.0,31.0,15.0,17.8,19.01,17.33,13.0,2.05,14.0,0.6,0.4,0.6,10.77,13.0,15.0,13.15,15.0,2.1,14.0,0.7,0.4,0.6,5.67,6.38,10.13,7.32,13.0,2.14,14.0,0.6,0.4,0.6,64.1,70.2,93.8,78.3,13.0,14.6,14.0,0.6,0.6,6.2,10.8,20.25,12.28,15.0,6.31,14.0,0.7,0.4,0.6,4.23,6.67,12.8,8.39,15.0,6.21,14.0,0.7,0.4,0.6,-10.77,-3.28,2.74,-3.5,15.0,8.61,14.0,0.7,0.4,0.6,1012.24,1019.75,1021.61,1016.89,14.0,7.38,14.0,0.6,0.4,0.6,3.0,5.0,7.8,5.3,15.0,1.9,14.0,0.7,0.4,0.6,23.1,83.2,264.0,133.7,15.0,140.8,14.0,0.7,0.4,0.6,-134.6,-19.2,28.2,-54.4,15.0,155.0,14.0,0.7,0.4,0.6,1.91,4.3,7.7,4.46,13.0,2.84,14.0,0.6,0.4,0.6,18.3,47.7,85.8,49.2,13.0,32.3,14.0,0.6,0.4,0.6,2.69,5.37,7.37,5.01,13.0,2.4,14.0,0.6,0.4,0.6,33.4,49.1,83.6,56.8,13.0,36.6,14.0,0.6,0.4,0.6,54.2,90.3,182.0,112.3,15.0,90.9,14.0,0.7,0.4,0.6,-146.6,-44.5,39.5,-35.8,15.0,120.6,14.0,0.7,0.4,0.6,24.4,58.9,99.7,57.2,13.0,41.9,14.0,0.6,0.4,0.6,-103.8,-20.5,42.7,-17.0,13.0,78.4,14.0,0.6,0.4,0.6,16.0,42.5,60.9,40.4,13.0,34.1,14.0,0.6,0.4,0.6,-51.0,-24.5,3.7,-25.6,13.0,34.5,14.0,0.6,0.4,0.6,238.5,1259.5,8324.0,3282.0,15.0,3823.0,14.0,0.7,0.4,0.6,240.0,1260.0,8325.0,3280.0,15.0,3825.0,14.0,0.7,0.4,0.6
1974,2,153.0,32.0,16.0,17.4,18.15,17.19,18.0,1.08,14.0,0.6,0.4,0.5,9.98,12.0,15.19,12.91,25.0,3.03,14.0,0.6,0.4,0.5,5.18,6.27,7.5,6.47,23.0,1.51,14.0,0.6,0.4,0.6,61.9,77.4,84.8,72.6,23.0,13.0,14.0,0.6,0.6,7.7,11.3,19.31,12.59,25.0,5.85,14.0,0.6,0.4,0.5,2.66,8.2,16.0,9.36,25.0,6.2,14.0,0.6,0.4,0.5,-11.93,-2.98,0.26,-3.66,25.0,7.45,14.0,0.6,0.4,0.5,1009.88,1015.6,1018.35,1013.8,23.0,6.24,14.0,0.6,0.4,0.6,3.8,5.0,7.2,5.3,25.0,1.9,14.0,0.6,0.4,0.5,24.0,71.1,308.4,146.1,25.0,145.0,14.0,0.6,0.4,0.5,-186.4,-20.3,2.0,-63.0,25.0,134.5,14.0,0.6,0.4,0.5,1.56,4.4,7.0,4.22,18.0,2.83,14.0,0.6,0.4,0.5,9.8,46.2,96.3,54.2,18.0,51.0,14.0,0.6,0.4,0.5,3.75,5.79,7.44,5.57,18.0,1.97,14.0,0.6,0.4,0.5,35.2,49.2,106.5,66.4,18.0,38.8,14.0,0.6,0.4,0.5,38.3,108.3,179.8,114.6,25.0,76.6,14.0,0.6,0.4,0.5,-120.8,-41.1,3.4,-32.8,25.0,93.2,14.0,0.6,0.4,0.5,17.0,55.3,110.4,61.6,23.0,44.0,14.0,0.6,0.4,0.6,-74.7,-20.1,4.2,-19.2,23.0,55.2,14.0,0.6,0.4,0.6,9.0,38.6,101.2,48.0,18.0,39.3,14.0,0.6,0.4,0.5,-83.3,-11.1,8.1,-23.0,18.0,40.3,14.0,0.6,0.4,0.5,456.5,1443.0,7219.0,3322.5,25.0,3946.5,14.0,0.6,0.4,0.5,455.0,1445.0,7220.0,3325.0,25.0,3945.0,14.0,0.6,0.4,0.5
1974,2,153.0,33.0,16.5,17.0,18.0,17.14,27.0,1.21,16.0,0.5,0.4,0.4,9.96,13.5,16.2,13.04,30.0,3.23,16.0,0.5,0.4,0.4,5.66,6.99,9.31,7.48,27.0,1.89,16.0,0.5,0.4,0.4,64.8,81.6,90.2,79.3,27.0,11.9,16.0,0.5,0.4,9.3,12.65,17.7,13.11,30.0,4.68,16.0,0.5,0.4,0.4,-6.72,5.09,13.37,4.13,30.0,9.41,16.0,0.5,0.4,0.4,-11.2,-0.65,10.05,-1.12,30.0,9.6,16.0,0.5,0.4,0.4,1004.26,1013.45,1019.0,1012.41,30.0,6.82,16.0,0.5,0.4,0.4,4.0,7.0,8.0,6.3,30.0,2.2,16.0,0.5,0.4,0.4,-78.6,54.4,225.6,64.9,30.0,162.6,16.0,0.5,0.4,0.4,-167.5,-1.7,114.6,-27.2,30.0,154.7,16.0,0.5,0.4,0.4,0.41,4.5,7.7,4.13,27.0,3.55,16.0,0.5,0.4,0.4,4.9,49.6,104.3,55.9,27.0,53.0,16.0,0.5,0.4,0.4,3.25,4.99,6.53,4.69,27.0,1.96,16.0,0.5,0.4,0.4,31.7,60.4,103.1,63.1,27.0,32.7,16.0,0.5,0.4,0.4,-101.0,64.9,156.3,45.6,30.0,120.9,16.0,0.5,0.4,0.4,-117.9,-7.8,166.3,-0.8,30.0,135.1,16.0,0.5,0.4,0.4,-59.2,37.0,94.0,29.3,27.0,77.9,16.0,0.5,0.4,0.4,-83.1,0.0,88.5,3.6,27.0,76.3,16.0,0.5,0.4,0.4,-8.0,20.7,72.2,25.9,27.0,45.3,16.0,0.5,0.4,0.4,-56.6,0.0,36.8,-12.4,27.0,48.0,16.0,0.5,0.4,0.4,804.5,2026.5,5547.5,3104.0,30.0,3099.5,16.0,0.5,0.4,0.4,805.0,2025.0,5545.0,3105.0,30.0,3100.0,16.0,0.5,0.4,0.4
1974,2,153.0,34.0,15.57,16.7,17.37,16.48,18.0,1.19,14.0,0.7,0.4,0.4,8.43,11.0,13.41,11.22,19.0,2.77,14.0,0.6,0.4,0.4,4.86,6.03,8.1,6.38,18.0,1.53,14.0,0.6,0.4,0.4,64.7,79.1,93.5,78.5,18.0,12.6,14.0,0.6,0.4,4.1,10.3,17.07,10.31,19.0,5.51,14.0,0.6,0.4,0.4,-1.19,5.15,10.3,4.8,19.0,7.29,14.0,0.6,0.4,0.4,-7.93,-4.1,3.64,-2.19,19.0,7.74,14.0,0.6,0.4,0.4,1007.0,1016.0,1021.0,1014.05,19.0,7.87,14.0,0.6,0.4,0.4,6.0,7.0,8.0,6.6,17.0,1.9,14.0,0.6,0.4,0.5,-2.1,53.0,160.6,67.3,19.0,123.6,14.0,0.6,0.4,0.4,-111.7,-50.2,21.7,-25.5,19.0,113.7,14.0,0.6,0.4,0.4,2.71,6.0,7.94,5.31,18.0,2.66,14.0,0.7,0.4,0.4,21.2,49.2,107.1,58.2,18.0,41.8,14.0,0.7,0.4,0.4,3.6,5.18,6.97,5.24,17.0,1.59,14.0,0.6,0.4,0.5,28.5,48.0,88.2,56.5,17.0,33.7,14.0,0.6,0.4,0.5,-15.5,55.9,117.1,49.2,19.0,79.1,14.0,0.6,0.4,0.4,-80.0,-43.5,52.7,-11.9,19.0,97.6,14.0,0.6,0.4,0.4,-9.9,27.9,82.4,29.6,18.0,49.9,14.0,0.6,0.4,0.4,-52.5,-28.6,11.3,-13.0,18.0,52.5,14.0,0.6,0.4,0.4,-1.5,28.9,64.9,28.4,17.0,39.4,14.0,0.6,0.4,0.5,-51.2,-19.3,6.5,-21.3,17.0,40.4,14.0,0.6,0.4,0.5,69.0,1092.5,4977.0,1999.0,19.0,2350.5,14.0,0.6,0.4,0.4,70.0,1095.0,4975.0,2000.0,19.0,2350.0,14.0,0.6,0.4,0.4
1974,2,153.0,35.0,13.0,15.0,16.0,14.73,23.0,2.19,14.0,0.7,0.4,0.4,7.66,9.0,13.6,10.33,25.0,2.95,14.0,0.7,0.4,0.4,4.15,5.43,7.61,5.8,21.0,1.86,14.0,0.6,0.5,0.4,62.7,72.2,87.8,73.2,21.0,11.4,14.0,0.6,0.4,6.7,13.9,17.1,12.94,25.0,5.29,14.0,0.7,0.4,0.4,3.26,9.0,15.56,8.99,25.0,7.05,14.0,0.7,0.4,0.4,-8.96,-4.93,4.99,-2.72,25.0,7.8,14.0,0.7,0.4,0.4,1005.24,1013.0,1019.22,1011.65,25.0,8.02,14.0,0.7,0.4,0.4,6.0,7.0,7.3,6.5,24.0,1.2,14.0,0.7,0.5,0.4,19.3,144.1,258.8,142.2,25.0,152.5,14.0,0.7,0.4,0.4,-104.3,-70.9,61.0,-34.8,25.0,123.5,14.0,0.7,0.4,0.4,0.24,4.0,8.0,4.23,23.0,4.03,14.0,0.7,0.4,0.4,-0.8,55.6,112.5,54.5,23.0,52.5,14.0,0.7,0.4,0.4,2.26,4.72,6.46,4.56,19.0,2.61,16.0,0.6,0.5,0.4,24.8,66.4,105.9,63.3,19.0,36.9,16.0,0.6,0.5,0.4,25.6,85.0,140.3,86.5,25.0,71.0,14.0,0.7,0.4,0.4,-79.4,-43.8,60.4,-14.0,25.0,100.2,14.0,0.7,0.4,0.4,11.7,59.4,77.6,50.5,21.0,42.1,14.0,0.6,0.5,0.4,-42.4,-26.5,20.7,-9.8,21.0,58.4,14.0,0.6,0.5,0.4,19.4,42.2,88.5,51.6,19.0,36.0,16.0,0.6,0.5,0.4,-40.8,-22.7,1.8,-22.4,19.0,30.8,16.0,0.6,0.5,0.4,301.0,2685.5,4998.5,3239.0,25.0,3619.0,14.0,0.7,0.4,0.4,300.0,2685.0,5000.0,3240.0,25.0,3620.0,14.0,0.7,0.4,0.4
1974,2,153.0,36.0,11.98,13.5,16.0,13.29,13.0,2.27,14.0,0.4,0.5,0.6,5.0,7.4,12.0,7.98,18.0,2.96,14.0,0.4,0.5,0.5,4.3,4.88,7.77,5.64,13.0,1.87,14.0,0.3,0.5,0.6,67.9,85.7,100.0,83.1,13.0,13.8,14.0,0.3,0.6,9.61,13.9,27.1,16.66,18.0,7.66,14.0,0.4,0.5,0.5,3.86,11.43,25.07,12.42,18.0,9.85,14.0,0.4,0.5,0.5,-10.84,-4.87,4.54,-4.22,18.0,8.57,14.0,0.4,0.5,0.5,996.13,1009.05,1014.12,1006.0,18.0,10.43,14.0,0.4,0.5,0.5,5.5,7.0,8.0,6.7,17.0,1.5,14.0,0.4,0.5,0.5,31.0,144.8,645.2,269.6,18.0,290.4,14.0,0.4,0.5,0.5,-151.9,-62.2,54.1,-82.8,18.0,171.0,14.0,0.4,0.5,0.5,-0.1,6.0,8.71,5.44,13.0,4.52,14.0,0.4,0.5,0.6,-1.5,118.2,128.9,75.7,13.0,66.3,14.0,0.4,0.5,0.6,1.73,4.61,5.98,4.11,12.0,2.51,14.0,0.3,0.5,0.6,13.3,75.5,101.0,61.7,12.0,44.6,14.0,0.3,0.5,0.6,26.6,66.9,207.6,94.8,18.0,83.9,14.0,0.4,0.5,0.5,-91.0,-34.5,41.7,-19.4,18.0,77.3,14.0,0.4,0.5,0.5,17.9,49.3,112.1,52.3,13.0,46.7,14.0,0.3,0.5,0.6,-43.2,-28.7,20.9,-14.9,13.0,52.5,14.0,0.3,0.5,0.6,-0.8,46.9,84.9,44.5,12.0,48.7,14.0,0.3,0.5,0.6,-60.7,-21.0,-6.4,-26.5,12.0,29.1,14.0,0.3,0.5,0.6,917.5,2685.5,19924.5,7578.0,18.0,8628.5,14.0,0.4,0.5,0.5,915.0,2685.0,19925.0,7580.0,18.0,8630.0,14.0,0.4,0.5,0.5
1974,2,153.0,37.0,10.0,12.5,14.46,12.74,17.0,2.09,12.0,0.8,0.3,0.5,5.0,6.75,11.65,8.14,18.0,3.36,12.0,0.8,0.3,0.5,4.33,4.7,5.72,5.05,16.0,1.16,12.0,0.8,0.3,0.5,62.5,78.9,91.0,78.3,16.0,14.2,12.0,0.8,0.5,9.07,15.4,20.82,15.72,19.0,6.31,12.0,0.8,0.3,0.5,1.84,8.27,20.42,9.61,19.0,9.85,12.0,0.8,0.3,0.5,-10.65,-6.24,6.88,-3.28,19.0,9.72,12.0,0.8,0.3,0.5,1005.01,1011.6,1017.24,1009.93,19.0,10.26,12.0,0.8,0.3,0.5,5.0,7.0,8.0,6.6,19.0,1.5,12.0,0.8,0.3,0.5,22.2,89.4,426.8,194.6,19.0,246.7,12.0,0.8,0.3,0.5,-192.1,-55.6,111.4,-60.3,19.0,172.5,12.0,0.8,0.3,0.5,2.77,5.0,6.69,4.83,17.0,2.89,12.0,0.8,0.3,0.5,28.9,77.4,118.4,83.4,17.0,72.1,12.0,0.8,0.3,0.5,2.95,3.94,5.44,4.01,16.0,1.59,12.0,0.8,0.3,0.5,40.3,57.3,77.8,66.7,16.0,48.6,12.0,0.8,0.3,0.5,18.0,75.0,123.9,65.4,18.0,64.5,12.0,0.8,0.3,0.5,-74.7,-40.3,65.2,-6.8,18.0,97.7,12.0,0.8,0.3,0.5,10.5,43.0,98.7,48.6,16.0,48.9,12.0,0.8,0.3,0.5,-48.2,-34.2,17.4,-21.4,16.0,50.2,12.0,0.8,0.3,0.5,1.1,39.9,64.0,45.1,16.0,55.9,12.0,0.8,0.3,0.5,-57.5,-33.2,9.6,-28.0,16.0,31.4,12.0,0.8,0.3,0.5,754.5,3652.5,9036.0,5759.5,19.0,6786.5,12.0,0.8,0.3,0.5,755.0,3650.0,9035.0,5760.0,19.0,6785.0,12.0,0.8,0.3,0.5
1974,2,153.0,38.0,12.74,13.0,15.67,14.15,4.0,2.64,16.0,0.8,0.4,0.3,5.0,7.6,8.37,6.92,5.0,1.83,14.0,0.8,0.3,0.4,4.22,5.6,6.46,5.35,4.0,1.4,16.0,0.8,0.4,0.3,69.7,84.1,94.1,82.0,4.0,14.5,16.0,0.8,0.3,5.81,12.6,18.02,11.95,4.0,7.15,16.0,0.8,0.4,0.3,-0.86,10.07,18.02,8.65,4.0,11.14,16.0,0.8,0.4,0.3,-3.79,0.0,0.37,-1.63,4.0,3.75,16.0,0.8,0.4,0.3,988.57,1005.0,1011.94,1000.82,5.0,12.89,14.0,0.8,0.3,0.4,6.3,7.0,7.7,7.0,3.0,1.0,18.0,1.0,0.5,0.4,1.0,163.3,325.1,163.1,4.0,187.3,16.0,0.8,0.4,0.3,-29.2,0.0,1.5,-13.2,4.0,28.4,16.0,0.8,0.4,0.3,4.21,6.5,9.31,6.75,4.0,3.12,16.0,0.8,0.4,0.3,25.8,93.3,166.7,96.2,4.0,82.4,16.0,0.8,0.4,0.3,3.29,5.07,6.4,4.86,4.0,1.99,16.0,0.8,0.4,0.3,20.9,70.5,114.8,68.0,4.0,54.9,16.0,0.8,0.4,0.3,-9.0,56.8,113.7,52.6,4.0,75.2,16.0,0.8,0.4,0.3,-30.3,0.0,3.4,-12.9,4.0,30.2,16.0,0.8,0.4,0.3,-7.8,39.3,88.5,40.3,4.0,59.6,16.0,0.8,0.4,0.3,-18.8,0.0,2.5,-7.8,4.0,18.9,16.0,0.8,0.4,0.3,0.5,59.5,114.8,57.7,4.0,66.3,16.0,0.8,0.4,0.3,-16.4,0.0,0.9,-7.4,4.0,15.9,16.0,0.8,0.4,0.3,253.5,2908.0,5868.5,3054.0,4.0,3251.5,16.0,0.8,0.4,0.3,255.0,2910.0,5870.0,3055.0,4.0,3250.0,16.0,0.8,0.4,0.3
1974,2,153.0,39.0,9.98,11.0,13.05,11.5,3.0,2.29,12.0,0.3,0.5,0.4,4.48,6.25,7.76,6.13,4.0,1.93,10.0,0.5,0.4,0.4,4.53,5.12,5.71,5.12,2.0,1.23,12.0,0.5,0.3,0.5,82.1,85.0,86.5,84.3,3.0,3.3,12.0,0.3,0.4,14.39,23.2,23.2,18.9,3.0,7.45,12.0,0.3,0.5,0.4,13.97,23.2,23.2,18.69,3.0,7.81,12.0,0.3,0.5,0.4,-2.4,0.0,0.0,-1.17,3.0,2.03,12.0,0.3,0.5,0.4,985.19,998.5,1011.81,998.5,2.0,27.58,12.0,0.5,0.3,0.5,6.5,7.5,8.0,7.3,4.0,1.0,10.0,0.5,0.4,0.4,238.9,538.2,538.2,392.1,3.0,253.2,12.0,0.3,0.5,0.4,-24.8,0.0,0.0,-12.1,3.0,20.9,12.0,0.3,0.5,0.4,2.32,3.0,7.78,5.0,3.0,4.36,12.0,0.3,0.5,0.4,53.8,69.6,92.4,73.0,3.0,28.5,12.0,0.3,0.5,0.4,2.93,4.02,5.11,4.02,2.0,2.25,12.0,0.5,0.3,0.5,56.5,57.1,57.6,57.1,2.0,1.1,12.0,0.5,0.3,0.5,81.7,174.0,181.9,132.8,3.0,81.7,12.0,0.3,0.5,0.4,-9.6,0.0,0.0,-4.7,3.0,8.1,12.0,0.3,0.5,0.4,56.7,90.0,123.4,90.0,2.0,69.1,12.0,0.5,0.3,0.5,-12.6,-7.5,-2.4,-7.5,2.0,10.6,12.0,0.5,0.3,0.5,54.6,55.3,56.0,55.3,2.0,1.4,12.0,0.5,0.3,0.5,-16.6,-9.9,-3.1,-9.9,2.0,14.0,12.0,0.5,0.3,0.5,4709.5,12487.0,12487.0,8689.0,3.0,6578.5,12.0,0.3,0.5,0.4,4710.0,12485.0,12485.0,8690.0,3.0,6580.0,12.0,0.3,0.5,0.4
1974,2,153.0,40.0,8.95,10.0,12.05,10.36,7.0,1.84,16.0,0.4,0.5,0.3,2.86,6.0,8.0,5.29,7.0,3.0,16.0,0.4,0.5,0.3,3.21,4.35,4.61,4.1,7.0,0.91,16.0,0.4,0.5,0.3,67.5,72.3,83.9,73.7,7.0,10.8,16.0,0.4,0.3,7.0,12.9,15.4,11.24,7.0,4.67,16.0,0.4,0.5,0.3,-3.2,7.7,11.28,5.37,7.0,7.12,16.0,0.4,0.5,0.3,-6.78,-4.93,5.94,-1.41,7.0,9.09,16.0,0.4,0.5,0.3,1011.54,1013.0,1016.52,1014.03,7.0,3.62,16.0,0.4,0.5,0.3,5.9,8.0,8.0,7.0,7.0,1.5,16.0,0.4,0.5,0.3,-13.0,91.9,146.5,70.3,7.0,95.3,16.0,0.4,0.5,0.3,-89.0,-53.0,48.5,-21.4,7.0,132.3,16.0,0.4,0.5,0.3,1.48,7.0,8.02,5.07,7.0,3.38,16.0,0.4,0.5,0.3,13.9,77.3,110.3,64.5,7.0,49.9,16.0,0.4,0.5,0.3,2.7,3.35,5.13,3.73,7.0,1.42,16.0,0.4,0.5,0.3,21.2,44.4,73.5,44.9,7.0,25.3,16.0,0.4,0.5,0.3,-25.5,33.5,42.1,18.2,7.0,41.9,16.0,0.4,0.5,0.3,-23.5,0.0,47.2,11.5,7.0,49.3,16.0,0.4,0.5,0.3,-16.9,24.9,39.7,18.7,7.0,28.8,16.0,0.4,0.5,0.3,-23.4,-16.8,27.0,-2.1,7.0,35.7,16.0,0.4,0.5,0.3,-5.9,25.8,65.1,27.5,7.0,32.3,16.0,0.4,0.5,0.3,-37.8,-22.2,17.9,-10.4,7.0,30.6,16.0,0.4,0.5,0.3,357.0,2146.5,3652.5,1990.5,7.0,1517.0,16.0,0.4,0.5,0.3,355.0,2145.0,3650.0,1990.0,7.0,1515.0,16.0,0.4,0.5,0.3
1974,2,153.0,41.0,5.49,7.0,9.0,6.94,12.0,2.04,12.0,0.6,0.5,0.6,0.9,3.5,7.0,3.73,13.0,2.93,12.0,0.5,0.5,0.6,3.4,3.77,4.99,4.07,11.0,1.1,14.0,0.5,0.4,0.5,71.7,80.4,90.3,80.6,13.0,13.5,12.0,0.5,0.6,6.09,10.3,14.6,10.64,13.0,4.25,12.0,0.5,0.5,0.6,-3.72,7.12,10.97,4.16,13.0,8.47,12.0,0.5,0.5,0.6,-9.27,-3.86,3.29,-2.77,13.0,6.47,12.0,0.5,0.5,0.6,1004.35,1014.0,1017.33,1011.44,11.0,6.43,14.0,0.5,0.4,0.5,5.7,7.0,8.0,6.7,12.0,1.8,12.0,0.6,0.4,0.6,-16.3,66.3,131.1,60.4,13.0,124.0,12.0,0.5,0.5,0.6,-117.8,-43.7,27.0,-44.6,13.0,77.9,12.0,0.5,0.5,0.6,0.93,3.25,5.13,3.03,12.0,3.49,12.0,0.6,0.5,0.6,2.4,29.0,68.9,32.2,12.0,43.3,12.0,0.6,0.5,0.6,1.45,2.43,3.11,2.3,10.0,1.36,12.0,0.6,0.5,0.5,11.5,20.3,38.2,22.8,10.0,16.0,12.0,0.6,0.5,0.5,-8.8,0.0,29.4,7.5,13.0,42.5,12.0,0.5,0.5,0.6,-23.9,0.0,19.2,0.9,13.0,31.1,12.0,0.5,0.5,0.6,-5.9,25.0,40.5,18.1,11.0,25.4,14.0,0.5,0.4,0.5,-31.0,-21.0,16.7,-6.0,11.0,29.2,14.0,0.5,0.4,0.5,0.0,17.2,23.7,13.5,10.0,13.9,12.0,0.6,0.5,0.5,-25.7,-10.1,2.3,-12.3,10.0,16.4,12.0,0.6,0.5,0.5,228.0,1092.5,3130.0,1752.0,13.0,1855.0,12.0,0.5,0.5,0.6,230.0,1095.0,3130.0,1750.0,13.0,1855.0,12.0,0.5,0.5,0.6
1974,2,153.0,42.0,2.35,5.25,8.15,5.0,18.0,3.02,14.0,0.5,0.5,0.4,0.86,2.0,3.14,2.09,19.0,1.8,14.0,0.5,0.5,0.4,2.6,3.36,4.27,3.35,16.0,0.79,16.0,0.5,0.4,0.5,62.7,75.9,86.7,74.3,17.0,14.9,14.0,0.5,0.4,5.1,9.3,12.9,9.23,19.0,3.46,14.0,0.5,0.5,0.4,-3.82,4.75,12.12,3.63,19.0,7.25,14.0,0.5,0.5,0.4,-7.91,-4.37,4.05,-2.81,19.0,5.2,14.0,0.5,0.5,0.4,1003.16,1014.0,1017.6,1011.14,18.0,11.82,14.0,0.6,0.4,0.5,5.9,8.0,8.0,6.8,19.0,1.4,14.0,0.5,0.5,0.4,-21.6,29.4,156.4,46.2,19.0,89.2,14.0,0.5,0.5,0.4,-91.6,-24.4,28.2,-28.6,19.0,55.9,14.0,0.5,0.5,0.4,-0.06,3.75,6.36,2.93,18.0,3.64,14.0,0.5,0.5,0.4,-3.5,25.3,63.8,27.9,18.0,40.4,14.0,0.5,0.5,0.4,1.39,2.48,3.09,2.33,15.0,1.15,16.0,0.5,0.4,0.4,9.4,17.4,32.2,21.2,15.0,14.5,16.0,0.5,0.4,0.4,-9.2,0.0,18.2,3.0,19.0,27.1,14.0,0.5,0.5,0.4,-11.2,0.0,15.2,-0.6,19.0,12.0,14.0,0.5,0.5,0.4,-11.7,14.6,37.0,15.2,16.0,23.0,16.0,0.5,0.4,0.5,-23.3,-9.7,17.0,-6.7,16.0,17.5,16.0,0.5,0.4,0.5,-4.5,8.4,20.1,10.4,15.0,15.5,16.0,0.5,0.4,0.4,-18.7,-12.0,6.5,-9.5,15.0,15.4,16.0,0.5,0.4,0.4,132.5,804.5,2146.5,1106.0,19.0,1021.5,14.0,0.5,0.5,0.4,135.0,805.0,2145.0,1105.0,19.0,1020.0,14.0,0.5,0.5,0.4
1974,2,153.0,43.0,2.0,3.0,5.53,3.7,8.0,2.33,12.0,0.4,0.2,0.5,-0.89,1.0,2.82,1.11,8.0,2.11,12.0,0.4,0.2,0.5,3.18,3.77,3.91,3.58,5.0,0.49,16.0,0.6,0.2,0.6,83.0,88.5,100.0,90.5,6.0,7.9,16.0,0.5,0.5,5.87,15.4,18.89,13.18,8.0,6.69,12.0,0.4,0.2,0.5,-13.08,0.74,13.98,1.72,8.0,13.31,12.0,0.4,0.2,0.5,-7.82,-5.35,3.01,-2.96,8.0,7.25,12.0,0.4,0.2,0.5,998.48,1012.0,1013.74,1007.56,7.0,7.23,12.0,0.4,0.2,0.5,3.0,8.0,8.0,6.6,7.0,2.4,14.0,0.4,0.2,0.5,-246.5,6.6,217.8,27.5,8.0,243.7,12.0,0.4,0.2,0.5,-120.8,-40.4,10.8,-35.0,8.0,130.3,12.0,0.4,0.2,0.5,0.07,1.3,4.94,2.59,8.0,3.35,12.0,0.4,0.2,0.5,1.2,20.0,64.3,37.0,8.0,49.2,12.0,0.4,0.2,0.5,0.48,0.7,1.72,1.02,5.0,0.7,16.0,0.6,0.2,0.6,2.4,9.2,17.4,10.7,5.0,10.7,16.0,0.6,0.2,0.6,-20.9,-7.5,6.6,-15.1,8.0,33.2,12.0,0.4,0.2,0.5,-15.2,1.7,7.9,-1.0,8.0,11.6,12.0,0.4,0.2,0.5,-22.7,-3.7,21.0,-2.6,5.0,34.4,16.0,0.6,0.2,0.6,-34.6,-21.2,-5.1,-19.7,5.0,21.0,16.0,0.6,0.2,0.6,-4.1,-0.9,10.2,3.3,5.0,13.5,16.0,0.6,0.2,0.6,-9.3,-7.2,-0.5,-5.1,5.0,5.2,16.0,0.6,0.2,0.6,206.0,3664.0,6745.0,3752.0,8.0,3463.0,12.0,0.4,0.2,0.5,205.0,3665.0,6745.0,3750.0,8.0,3465.0,12.0,0.4,0.2,0.5
1974,2,153.0,44.0,1.56,2.25,3.0,2.38,8.0,0.95,16.0,0.8,0.3,0.4,-1.37,1.0,3.73,1.37,9.0,3.22,14.0,0.8,0.3,0.4,2.95,3.26,3.6,3.26,7.0,0.68,16.0,0.7,0.3,0.4,70.9,85.2,90.1,83.0,8.0,11.3,16.0,0.8,0.4,7.7,9.3,15.89,10.47,9.0,5.95,14.0,0.8,0.3,0.4,-0.98,7.58,12.02,4.2,9.0,10.73,14.0,0.8,0.3,0.4,-7.23,-2.24,0.0,-3.29,9.0,3.39,14.0,0.8,0.3,0.4,995.33,1013.9,1015.98,1007.98,8.0,10.03,16.0,0.8,0.3,0.4,6.0,7.5,8.0,6.8,8.0,1.8,16.0,0.8,0.3,0.3,-7.5,58.4,149.2,30.8,9.0,189.0,14.0,0.8,0.3,0.4,-56.5,-28.9,0.0,-37.1,9.0,46.3,14.0,0.8,0.3,0.4,0.0,2.0,3.5,1.79,8.0,2.38,16.0,0.8,0.3,0.4,0.0,20.1,44.7,22.2,8.0,21.9,16.0,0.8,0.3,0.4,0.77,1.06,1.48,1.19,7.0,0.79,16.0,0.7,0.3,0.4,8.4,13.2,20.2,12.6,7.0,7.3,16.0,0.7,0.3,0.4,-11.4,0.0,25.9,14.3,9.0,39.5,14.0,0.8,0.3,0.4,-14.8,0.0,2.9,-8.1,9.0,22.5,14.0,0.8,0.3,0.4,-3.2,15.8,34.3,10.6,7.0,37.0,16.0,0.7,0.3,0.4,-12.6,-2.8,0.0,-6.0,7.0,7.4,16.0,0.7,0.3,0.4,-1.0,8.3,13.5,5.7,7.0,13.6,16.0,0.7,0.3,0.4,-3.7,-2.3,0.0,-2.5,7.0,3.1,16.0,0.7,0.3,0.4,456.5,804.5,4167.0,2148.0,9.0,2885.5,14.0,0.8,0.3,0.4,455.0,805.0,4165.0,2150.0,9.0,2885.0,14.0,0.8,0.3,0.4
1974,2,153.0,45.0,0.5,1.5,4.14,2.1,10.0,2.0,10.0,0.9,0.3,0.6,-1.62,-1.0,2.62,-0.01,11.0,2.85,12.0,0.8,0.3,0.5,2.83,3.06,3.61,3.17,9.0,0.58,10.0,0.9,0.3,0.5,76.9,82.0,89.5,82.4,10.0,6.3,10.0,0.9,0.6,5.1,11.8,16.47,11.55,11.0,6.57,12.0,0.8,0.3,0.5,-1.11,6.2,12.92,4.79,11.0,10.51,12.0,0.8,0.3,0.5,-11.1,0.0,2.76,-3.26,11.0,6.51,12.0,0.8,0.3,0.5,992.75,1007.75,1014.7,1005.46,10.0,11.64,12.0,0.8,0.3,0.5,4.6,8.0,8.0,6.6,11.0,1.7,12.0,0.8,0.3,0.5,-3.4,69.6,182.6,44.2,11.0,213.9,12.0,0.8,0.3,0.5,-155.6,0.0,24.7,-56.8,11.0,113.7,12.0,0.8,0.3,0.5,-1.66,1.5,3.79,1.71,10.0,3.05,10.0,0.9,0.3,0.6,-16.1,15.5,52.5,18.8,10.0,37.2,10.0,0.9,0.3,0.6,0.83,1.12,1.75,1.32,9.0,0.91,10.0,0.9,0.3,0.5,4.1,11.6,24.8,14.4,9.0,10.9,10.0,0.9,0.3,0.5,-12.9,0.0,25.4,2.9,11.0,18.5,12.0,0.8,0.3,0.5,-20.8,0.0,9.6,-3.7,11.0,17.1,12.0,0.8,0.3,0.5,-5.9,24.6,38.6,14.9,9.0,37.7,10.0,0.9,0.3,0.5,-34.1,0.0,6.5,-10.5,9.0,20.7,10.0,0.9,0.3,0.5,-2.3,5.8,19.7,4.9,9.0,15.8,10.0,0.9,0.3,0.5,-12.3,0.0,1.8,-4.3,9.0,7.4,10.0,0.9,0.3,0.5,132.5,1643.0,4552.5,3018.5,11.0,4402.0,12.0,0.8,0.3,0.5,135.0,1645.0,4550.0,3020.0,11.0,4400.0,12.0,0.8,0.3,0.5
1974,2,153.0,46.0,1.4,2.0,2.63,2.14,12.0,0.82,16.0,0.4,0.3,0.4,0.0,1.0,1.71,1.09,10.0,1.85,18.0,0.3,0.3,0.4,3.17,3.5,3.88,3.54,7.0,0.34,20.0,0.3,0.4,0.4,82.7,90.2,100.0,90.4,7.0,7.4,20.0,0.3,0.4,4.22,12.65,21.7,12.77,12.0,8.37,16.0,0.4,0.3,0.4,-13.37,0.58,15.28,1.88,12.0,13.28,16.0,0.4,0.3,0.4,-10.81,-3.87,-1.18,-4.8,12.0,6.52,16.0,0.4,0.3,0.4,986.56,999.5,1008.06,997.63,12.0,12.3,16.0,0.4,0.3,0.4,7.0,8.0,8.0,7.6,7.0,0.8,16.0,0.6,0.5,0.3,-202.0,4.4,320.3,51.4,12.0,281.2,16.0,0.4,0.3,0.4,-163.0,-49.7,-5.0,-69.4,12.0,145.3,16.0,0.4,0.3,0.4,-0.06,0.95,2.57,0.97,10.0,1.87,18.0,0.3,0.3,0.4,-0.9,11.5,23.7,12.8,10.0,16.7,18.0,0.3,0.3,0.4,0.58,0.7,1.34,0.89,7.0,0.46,20.0,0.3,0.4,0.4,4.2,7.3,22.3,10.8,7.0,9.2,20.0,0.3,0.4,0.4,-17.3,-0.3,10.1,-3.2,10.0,14.9,18.0,0.3,0.3,0.4,-15.8,-2.9,0.0,-6.4,10.0,7.6,18.0,0.3,0.3,0.4,-14.9,20.4,52.3,14.7,7.0,40.1,20.0,0.3,0.4,0.4,-38.0,-12.9,-3.9,-20.4,7.0,21.3,20.0,0.3,0.4,0.4,-3.1,4.1,10.0,1.9,7.0,13.7,20.0,0.3,0.4,0.4,-5.8,-3.8,-1.4,-3.9,7.0,2.9,20.0,0.3,0.4,0.4,80.0,2234.0,10222.5,4608.5,12.0,5647.0,16.0,0.4,0.3,0.4,80.0,2235.0,10225.0,4610.0,12.0,5645.0,16.0,0.4,0.3,0.4
1974,2,153.0,47.0,1.0,2.0,3.11,2.2,25.0,1.38,14.0,0.7,0.3,0.6,-3.09,-1.2,0.87,-1.06,27.0,2.53,16.0,0.7,0.3,0.6,2.73,3.79,3.98,3.37,3.0,0.99,24.0,0.7,0.8,0.3,79.8,82.1,92.4,85.9,4.0,9.6,20.0,0.8,0.4,7.34,11.8,18.0,12.22,28.0,4.98,16.0,0.7,0.3,0.6,4.42,6.93,14.86,7.89,28.0,7.51,16.0,0.7,0.3,0.6,-7.8,-3.82,5.76,-2.29,28.0,7.3,16.0,0.7,0.3,0.6,994.99,1007.8,1011.9,1004.36,27.0,11.3,16.0,0.7,0.3,0.6,5.0,6.0,8.0,6.3,22.0,1.5,14.0,0.8,0.3,0.6,34.6,65.7,232.2,116.3,28.0,145.2,16.0,0.7,0.3,0.6,-122.6,-31.3,55.0,-24.8,28.0,118.7,16.0,0.7,0.3,0.6,0.59,3.65,5.67,3.39,24.0,2.69,14.0,0.7,0.3,0.6,4.0,41.3,76.7,41.6,24.0,42.2,14.0,0.7,0.3,0.6,0.54,0.72,1.68,1.1,3.0,0.9,24.0,0.7,0.8,0.3,7.1,14.8,23.4,15.3,3.0,12.0,24.0,0.7,0.8,0.3,-32.9,-11.8,0.0,-10.7,27.0,27.0,16.0,0.7,0.3,0.6,-11.4,0.0,18.1,-0.9,27.0,22.7,16.0,0.7,0.3,0.6,-12.0,28.4,55.2,21.8,3.0,49.6,24.0,0.7,0.8,0.3,-1.7,5.4,28.4,13.2,3.0,23.0,24.0,0.7,0.8,0.3,1.7,12.8,22.5,12.1,3.0,15.3,24.0,0.7,0.8,0.3,-3.1,0.6,5.2,1.1,3.0,6.1,24.0,0.7,0.8,0.3,397.0,1643.0,5832.0,2764.5,28.0,3131.5,16.0,0.7,0.3,0.6,395.0,1645.0,5830.0,2765.0,28.0,3130.0,16.0,0.7,0.3,0.6
1974,2,153.0,48.0,1.0,2.0,2.49,1.63,14.0,0.94,14.0,0.6,0.6,0.2,-3.07,-1.6,0.0,-1.54,15.0,1.77,16.0,0.6,0.6,0.2,2.6,2.6,2.6,2.6,1.0,0.0,16.0,1.0,0.0,0.2,64.2,64.2,64.2,64.2,1.0,0.0,16.0,1.0,0.2,6.42,10.8,13.43,10.59,15.0,4.45,16.0,0.6,0.6,0.2,-2.17,4.79,9.31,3.91,15.0,5.46,16.0,0.6,0.6,0.2,-10.54,-3.91,6.24,-3.79,15.0,8.84,16.0,0.6,0.6,0.2,993.57,1008.2,1013.51,1002.75,15.0,14.43,16.0,0.6,0.6,0.2,4.0,6.0,7.3,5.7,12.0,1.6,16.0,0.7,0.6,0.2,-9.3,24.7,94.6,42.8,15.0,68.7,16.0,0.6,0.6,0.2,-119.3,-19.9,51.7,-60.3,15.0,151.3,16.0,0.6,0.6,0.2,1.0,3.3,5.57,3.21,14.0,2.18,14.0,0.6,0.6,0.2,11.3,27.0,55.1,33.7,14.0,24.4,14.0,0.6,0.6,0.2,1.75,1.75,1.75,1.75,1.0,0.0,16.0,1.0,0.0,0.2,8.9,8.9,8.9,8.9,1.0,0.0,16.0,1.0,0.0,0.2,-14.7,-3.1,6.4,-3.4,15.0,16.9,16.0,0.6,0.6,0.2,-10.8,0.0,24.5,6.2,15.0,15.4,16.0,0.6,0.6,0.2,12.4,12.4,12.4,12.4,1.0,0.0,16.0,1.0,0.0,0.2,-4.5,-4.5,-4.5,-4.5,1.0,0.0,16.0,1.0,0.0,0.2,8.4,8.4,8.4,8.4,1.0,0.0,16.0,1.0,0.0,0.2,-3.1,-3.1,-3.1,-3.1,1.0,0.0,16.0,1.0,0.0,0.2,268.5,1259.5,2454.5,1878.5,15.0,3000.0,16.0,0.6,0.6,0.2,270.0,1260.0,2455.0,1880.0,15.0,3000.0,16.0,0.6,0.6,0.2
1974,2,153.0,49.0,,,,,,,,,,,,,,,,,,,,,,,,,,,,,,,,,,,,,,,,12.23,18.0,23.77,18.0,4.0,7.16,10.0,0.0,0.4,0.5,-13.85,-6.13,6.53,-3.77,4.0,13.38,10.0,0.0,0.4,0.5,-19.21,-13.96,-7.26,-13.27,4.0,7.1,10.0,0.0,0.4,0.5,974.3,976.35,999.25,986.3,4.0,21.93,10.0,0.0,0.4,0.5,,,,,,,,,,,,,,,,,,,,,,,,,,,,,,,,,,,,,,,,,,,,,,,,,,,,,,,,,,,,,,,,,,,,,,,,,,,,,,,,,,,,,,,,,,,,,,,,,,,,,,,,,,,,,,,,,,,,,,,,,,,,,,,,,,,,,,,,,,,,,,,,,,,,,,
1974,2,153.0,50.0,,,,,,,,,,,,,,,,,,,,,,,,,,,,,,,,,,,,,,,,4.05,6.7,7.72,5.93,4.0,2.68,14.0,0.5,0.2,0.5,-3.29,0.36,3.15,-0.05,4.0,4.79,14.0,0.5,0.2,0.5,-6.28,-4.19,-0.44,-3.4,4.0,3.95,14.0,0.5,0.2,0.5,984.98,993.75,1002.36,993.68,4.0,13.0,14.0,0.5,0.2,0.5,,,,,,,,,,,,,,,,,,,,,,,,,,,,,,,,,,,,,,,,,,,,,,,,,,,,,,,,,,,,,,,,,,,,,,,,,,,,,,,,,,,,,,,,,,,,,,,,,,,,,,,,,,,,,,,,,,,,,,,,,,,,,,,,,,,,,,,,,,,,,,,,,,,,,,
1974,2,153.0,51.0,2.0,2.0,2.0,2.0,2.0,0.0,16.0,0.0,0.7,0.4,-0.63,1.25,3.13,1.25,2.0,3.89,16.0,0.0,0.7,0.4,3.85,3.85,3.85,3.85,1.0,0.0,18.0,0.0,0.5,0.7,75.2,75.2,75.2,75.2,1.0,0.0,18.0,0.0,0.7,9.37,10.8,12.23,10.8,2.0,2.97,16.0,0.0,0.7,0.4,4.52,7.84,11.16,7.84,2.0,6.88,16.0,0.0,0.7,0.4,-6.52,-2.97,0.59,-2.97,2.0,7.36,16.0,0.0,0.7,0.4,993.4,994.25,995.1,994.25,2.0,1.77,16.0,0.0,0.7,0.4,6.3,7.0,7.7,7.0,2.0,1.4,16.0,0.0,0.7,0.4,47.8,94.9,142.0,94.9,2.0,97.6,16.0,0.0,0.7,0.4,-55.3,-21.1,13.0,-21.1,2.0,70.7,16.0,0.0,0.7,0.4,-1.13,0.75,2.63,0.75,2.0,3.89,16.0,0.0,0.7,0.4,-16.9,2.3,21.5,2.3,2.0,39.8,16.0,0.0,0.7,0.4,0.6,0.6,0.6,0.6,1.0,0.0,18.0,0.0,0.5,0.7,7.7,7.7,7.7,7.7,1.0,0.0,18.0,0.0,0.5,0.7,4.3,23.2,42.0,23.2,2.0,39.1,16.0,0.0,0.7,0.4,9.5,10.6,11.7,10.6,2.0,2.3,16.0,0.0,0.7,0.4,49.0,49.0,49.0,49.0,1.0,0.0,18.0,0.0,0.5,0.7,8.6,8.6,8.6,8.6,1.0,0.0,18.0,0.0,0.5,0.7,7.6,7.6,7.6,7.6,1.0,0.0,18.0,0.0,0.5,0.7,1.3,1.3,1.3,1.3,1.0,0.0,18.0,0.0,0.5,0.7,894.5,1402.5,1910.5,1402.5,2.0,1052.5,16.0,0.0,0.7,0.4,895.0,1405.0,1910.0,1405.0,2.0,1050.0,16.0,0.0,0.7,0.4
1974,2,153.0,52.0,,,,,,,,,,,,,,,,,,,,,,,,,,,,,,,,,,,,,,,,10.8,10.8,10.8,10.8,1.0,0.0,16.0,0.0,0.5,0.0,3.69,3.69,3.69,3.69,1.0,0.0,16.0,0.0,0.5,0.0,-10.15,-10.15,-10.15,-10.15,1.0,0.0,16.0,0.0,0.5,0.0,1006.3,1006.3,1006.3,1006.3,1.0,0.0,16.0,0.0,0.5,0.0,,,,,,,,,,,,,,,,,,,,,,,,,,,,,,,,,,,,,,,,,,,,,,,,,,,,,,,,,,,,,,,,,,,,,,,,,,,,,,,,,,,,,,,,,,,,,,,,,,,,,,,,,,,,,,,,,,,,,,,,,,,,,,,,,,,,,,,,,,,,,,,,,,,,,,
1974,2,153.0,53.0,,,,,,,,,,,,,,,,,,,,,,,,,,,,,,,,,,,,,,,,0.0,2.1,3.74,2.25,6.0,2.3,16.0,0.5,0.5,0.4,-0.64,0.0,0.33,-0.25,6.0,1.54,16.0,0.5,0.5,0.4,-3.57,-1.72,0.0,-1.99,6.0,2.05,16.0,0.5,0.5,0.4,991.06,992.6,1004.14,997.02,6.0,10.13,16.0,0.5,0.5,0.4,,,,,,,,,,,,,,,,,,,,,,,,,,,,,,,,,,,,,,,,,,,,,,,,,,,,,,,,,,,,,,,,,,,,,,,,,,,,,,,,,,,,,,,,,,,,,,,,,,,,,,,,,,,,,,,,,,,,,,,,,,,,,,,,,,,,,,,,,,,,,,,,,,,,,,
1974,2,153.0,55.0,,,,,,,,,,,,,,,,,,,,,,,,,,,,,,,,,,,,,,,,9.68,11.8,11.8,10.77,3.0,1.79,10.0,1.0,0.5,0.2,-7.11,-2.98,-2.34,-4.69,3.0,3.8,10.0,1.0,0.5,0.2,-10.53,-8.18,-7.77,-9.13,3.0,2.18,10.0,1.0,0.5,0.2,996.47,1002.2,1009.64,1003.03,3.0,9.68,10.0,1.0,0.5,0.2,,,,,,,,,,,,,,,,,,,,,,,,,,,,,,,,,,,,,,,,,,,,,,,,,,,,,,,,,,,,,,,,,,,,,,,,,,,,,,,,,,,,,,,,,,,,,,,,,,,,,,,,,,,,,,,,,,,,,,,,,,,,,,,,,,,,,,,,,,,,,,,,,,,,,,
1974,2,154.0,-61.0,,,,,,,,,,,,,,,,,,,,,,,,,,,,,,,,,,,,,,,,5.59,6.65,7.71,6.65,2.0,2.19,12.0,0.5,0.5,0.4,-2.16,1.6,5.35,1.6,2.0,7.78,12.0,0.5,0.5,0.4,-3.97,-3.69,-3.41,-3.69,2.0,0.58,12.0,0.5,0.5,0.4,986.6,986.6,986.6,986.6,1.0,0.0,8.0,1.0,0.5,0.2,,,,,,,,,,,,,,,,,,,,,,,,,,,,,,,,,,,,,,,,,,,,,,,,,,,,,,,,,,,,,,,,,,,,,,,,,,,,,,,,,,,,,,,,,,,,,,,,,,,,,,,,,,,,,,,,,,,,,,,,,,,,,,,,,,,,,,,,,,,,,,,,,,,,,,
1974,2,154.0,-43.0,17.16,17.5,17.84,17.5,2.0,0.71,22.0,0.5,0.6,0.4,17.0,17.0,17.0,17.0,2.0,0.0,22.0,0.5,0.6,0.4,9.89,9.89,9.89,9.89,2.0,0.0,22.0,0.5,0.6,0.4,82.5,82.5,82.5,82.5,2.0,0.0,22.0,0.5,0.4,5.35,6.95,8.55,6.95,2.0,3.32,22.0,0.5,0.6,0.4,5.0,5.86,6.72,5.86,2.0,1.78,22.0,0.5,0.6,0.4,0.95,2.99,5.03,2.99,2.0,4.23,22.0,0.5,0.6,0.4,1014.92,1014.95,1014.98,1014.95,2.0,0.07,22.0,0.5,0.6,0.4,6.2,6.5,6.8,6.5,2.0,0.7,22.0,0.5,0.6,0.4,28.3,43.7,59.1,43.7,2.0,31.9,22.0,0.5,0.6,0.4,8.8,27.8,46.8,27.8,2.0,39.3,22.0,0.5,0.6,0.4,0.16,0.5,0.84,0.5,2.0,0.71,22.0,0.5,0.6,0.4,0.7,2.3,3.9,2.3,2.0,3.3,22.0,0.5,0.6,0.4,2.24,2.51,2.78,2.51,2.0,0.56,22.0,0.5,0.6,0.4,14.4,16.5,18.7,16.5,2.0,4.5,22.0,0.5,0.6,0.4,85.0,99.7,114.3,99.7,2.0,30.3,22.0,0.5,0.6,0.4,16.1,50.8,85.5,50.8,2.0,71.9,22.0,0.5,0.6,0.4,49.5,58.0,66.5,58.0,2.0,17.7,22.0,0.5,0.6,0.4,9.4,29.6,49.8,29.6,2.0,41.8,22.0,0.5,0.6,0.4,13.6,14.2,14.8,14.2,2.0,1.2,22.0,0.5,0.6,0.4,2.0,6.3,10.6,6.3,2.0,8.9,22.0,0.5,0.6,0.4,209.5,451.0,692.0,451.0,2.0,500.0,22.0,0.5,0.6,0.4,210.0,450.0,690.0,450.0,2.0,500.0,22.0,0.5,0.6,0.4
1974,2,154.0,-42.0,21.0,21.0,21.0,21.0,1.0,0.0,28.0,0.0,0.5,0.9,19.5,19.5,19.5,19.5,1.0,0.0,28.0,0.0,0.5,0.9,11.33,11.33,11.33,11.33,1.0,0.0,28.0,0.0,0.5,0.9,81.2,81.2,81.2,81.2,1.0,0.0,28.0,0.0,0.9,6.7,6.7,6.7,6.7,1.0,0.0,28.0,0.0,0.5,0.9,1.16,1.16,1.16,1.16,1.0,0.0,28.0,0.0,0.5,0.9,-6.6,-6.6,-6.6,-6.6,1.0,0.0,28.0,0.0,0.5,0.9,1021.7,1021.7,1021.7,1021.7,1.0,0.0,28.0,0.0,0.5,0.9,,,,,,,,,,,,,,,,,,,,,,,,,,,,,,,1.5,1.5,1.5,1.5,1.0,0.0,28.0,0.0,0.5,0.9,10.1,10.1,10.1,10.1,1.0,0.0,28.0,0.0,0.5,0.9,4.01,4.01,4.01,4.01,1.0,0.0,28.0,0.0,0.5,0.9,26.9,26.9,26.9,26.9,1.0,0.0,28.0,0.0,0.5,0.9,22.7,22.7,22.7,22.7,1.0,0.0,28.0,0.0,0.5,0.9,-128.7,-128.7,-128.7,-128.7,1.0,0.0,28.0,0.0,0.5,0.9,13.2,13.2,13.2,13.2,1.0,0.0,28.0,0.0,0.5,0.9,-74.8,-74.8,-74.8,-74.8,1.0,0.0,28.0,0.0,0.5,0.9,4.7,4.7,4.7,4.7,1.0,0.0,28.0,0.0,0.5,0.9,-26.5,-26.5,-26.5,-26.5,1.0,0.0,28.0,0.0,0.5,0.9,301.0,301.0,301.0,301.0,1.0,0.0,28.0,0.0,0.5,0.9,300.0,300.0,300.0,300.0,1.0,0.0,28.0,0.0,0.5,0.9
1974,2,154.0,-41.0,,,,,,,,,,,,,,,,,,,,,,,,,,,,,,,,,,,,,,,,5.1,5.1,5.1,5.1,1.0,0.0,2.0,0.0,0.8,0.7,5.02,5.02,5.02,5.02,1.0,0.0,2.0,0.0,0.8,0.7,-0.89,-0.89,-0.89,-0.89,1.0,0.0,2.0,0.0,0.8,0.7,1020.1,1020.1,1020.1,1020.1,1.0,0.0,2.0,0.0,0.8,0.7,,,,,,,,,,,,,,,,,,,,,,,,,,,,,,,,,,,,,,,,,,,,,,,,,,,,,,,,,,,,,,,,,,,,,,,,,,,,,,,,,,,,,,,,,,,,,,,,,,,,,,,,,,,,,,,,,,,,,,,,,,,,,,,,,,,,,,,,,,,,,,,,,,,,,,
1974,2,154.0,-40.0,20.7,20.7,20.7,20.7,1.0,0.0,18.0,1.0,0.2,0.3,22.0,22.0,22.0,22.0,1.0,0.0,18.0,1.0,0.2,0.3,15.0,15.0,15.0,15.0,1.0,0.0,18.0,1.0,0.2,0.3,91.2,91.2,91.2,91.2,1.0,0.0,18.0,1.0,0.3,8.2,8.2,8.2,8.2,1.0,0.0,18.0,1.0,0.2,0.3,-1.42,-1.42,-1.42,-1.42,1.0,0.0,18.0,1.0,0.2,0.3,-8.08,-8.08,-8.08,-8.08,1.0,0.0,18.0,1.0,0.2,0.3,1013.6,1013.6,1013.6,1013.6,1.0,0.0,18.0,1.0,0.2,0.3,7.0,7.0,7.0,7.0,1.0,0.0,18.0,1.0,0.2,0.3,-11.7,-11.7,-11.7,-11.7,1.0,0.0,18.0,1.0,0.2,0.3,-66.2,-66.2,-66.2,-66.2,1.0,0.0,18.0,1.0,0.2,0.3,-1.3,-1.3,-1.3,-1.3,1.0,0.0,18.0,1.0,0.2,0.3,-10.7,-10.7,-10.7,-10.7,1.0,0.0,18.0,1.0,0.2,0.3,0.19,0.19,0.19,0.19,1.0,0.0,18.0,1.0,0.2,0.3,1.5,1.5,1.5,1.5,1.0,0.0,18.0,1.0,0.2,0.3,-31.3,-31.3,-31.3,-31.3,1.0,0.0,18.0,1.0,0.2,0.3,-177.7,-177.7,-177.7,-177.7,1.0,0.0,18.0,1.0,0.2,0.3,-21.4,-21.4,-21.4,-21.4,1.0,0.0,18.0,1.0,0.2,0.3,-121.1,-121.1,-121.1,-121.1,1.0,0.0,18.0,1.0,0.2,0.3,-0.3,-0.3,-0.3,-0.3,1.0,0.0,18.0,1.0,0.2,0.3,-1.5,-1.5,-1.5,-1.5,1.0,0.0,18.0,1.0,0.2,0.3,551.5,551.5,551.5,551.5,1.0,0.0,18.0,1.0,0.2,0.3,550.0,550.0,550.0,550.0,1.0,0.0,18.0,1.0,0.2,0.3
1974,2,154.0,-39.0,21.82,22.5,23.18,22.5,3.0,1.0,16.0,0.7,0.4,0.4,19.32,20.0,21.37,20.33,3.0,1.53,16.0,0.7,0.4,0.4,10.96,11.89,13.13,12.04,3.0,1.59,16.0,0.7,0.4,0.4,79.3,82.9,83.0,81.2,3.0,3.1,16.0,0.7,0.4,4.68,4.85,5.02,4.85,2.0,0.35,12.0,1.0,0.3,0.3,-1.73,0.92,3.56,0.92,2.0,5.48,12.0,1.0,0.3,0.3,-0.91,0.89,2.69,0.89,2.0,3.73,12.0,1.0,0.3,0.3,1012.13,1017.8,1022.51,1017.33,3.0,7.61,16.0,0.7,0.4,0.4,6.0,6.0,6.0,6.0,2.0,0.0,12.0,1.0,0.3,0.3,-7.6,5.4,18.4,5.4,2.0,26.9,12.0,1.0,0.3,0.3,-4.9,3.7,12.2,3.7,2.0,17.8,12.0,1.0,0.3,0.3,1.5,1.5,2.87,2.17,3.0,1.15,16.0,0.7,0.4,0.4,7.0,7.3,7.5,7.3,2.0,0.5,12.0,1.0,0.3,0.3,4.05,4.41,5.75,4.89,3.0,1.31,16.0,0.7,0.4,0.4,18.6,20.2,21.8,20.2,2.0,3.3,12.0,1.0,0.3,0.3,-33.0,23.1,79.3,23.1,2.0,116.4,12.0,1.0,0.3,0.3,-21.1,16.1,53.2,16.1,2.0,77.0,12.0,1.0,0.3,0.3,-19.2,15.3,49.7,15.3,2.0,71.3,12.0,1.0,0.3,0.3,-13.5,9.0,31.5,9.0,2.0,46.5,12.0,1.0,0.3,0.3,-6.3,4.8,16.0,4.8,2.0,23.1,12.0,1.0,0.3,0.3,-4.3,3.0,10.3,3.0,2.0,15.1,12.0,1.0,0.3,0.3,103.0,115.0,127.0,115.0,2.0,25.0,12.0,1.0,0.3,0.3,105.0,115.0,125.0,115.0,2.0,25.0,12.0,1.0,0.3,0.3
1974,2,154.0,-38.0,20.99,21.4,22.07,21.5,5.0,0.59,8.0,0.4,0.3,0.5,19.38,20.0,20.82,20.14,5.0,1.09,8.0,0.4,0.3,0.5,9.0,9.38,12.16,10.54,5.0,2.53,8.0,0.4,0.3,0.5,63.1,68.6,78.3,71.2,5.0,11.3,8.0,0.4,0.5,5.1,5.9,13.14,8.97,4.0,6.73,8.0,0.3,0.3,0.4,-3.61,-1.64,0.0,-1.8,4.0,2.09,8.0,0.3,0.3,0.4,-5.37,-0.31,11.51,2.92,4.0,11.52,8.0,0.3,0.3,0.4,1004.26,1009.2,1020.55,1012.06,5.0,9.42,8.0,0.4,0.3,0.5,7.0,7.0,8.0,7.4,5.0,0.5,8.0,0.4,0.3,0.5,-18.4,-8.4,0.0,-9.2,4.0,10.7,8.0,0.3,0.3,0.4,-33.0,-1.6,197.1,78.2,4.0,190.2,8.0,0.3,0.3,0.4,0.87,1.5,1.87,1.36,5.0,0.67,8.0,0.4,0.3,0.5,4.7,8.9,22.8,13.5,4.0,14.2,8.0,0.3,0.3,0.4,4.15,5.97,6.93,5.46,5.0,2.07,8.0,0.4,0.3,0.5,23.4,35.6,76.7,49.4,4.0,43.9,8.0,0.3,0.3,0.4,-71.3,-32.8,0.0,-35.5,4.0,41.3,8.0,0.3,0.3,0.4,-114.1,-6.9,219.7,50.1,4.0,225.1,8.0,0.3,0.3,0.4,-32.0,-15.1,0.0,-16.0,4.0,18.5,8.0,0.3,0.3,0.4,-69.4,-4.0,106.8,17.6,4.0,119.1,8.0,0.3,0.3,0.4,-25.1,-11.7,0.0,-12.5,4.0,14.5,8.0,0.3,0.3,0.4,-20.9,4.6,70.0,23.6,4.0,63.4,8.0,0.3,0.3,0.4,132.5,216.5,3736.5,1856.5,4.0,3336.0,8.0,0.3,0.3,0.4,135.0,215.0,3735.0,1855.0,4.0,3335.0,8.0,0.3,0.3,0.4
1974,2,154.0,-37.0,22.6,22.6,22.6,22.6,1.0,0.0,28.0,0.0,0.0,0.7,21.2,21.2,21.2,21.2,1.0,0.0,28.0,0.0,0.0,0.7,11.35,11.35,11.35,11.35,1.0,0.0,28.0,0.0,0.0,0.7,73.1,73.1,73.1,73.1,1.0,0.0,28.0,0.0,0.7,,,,,,,,,,,,,,,,,,,,,,,,,,,,,,,,,,,,,,,,,,,,,,,,,,,,,,,,,,,,,,,,,,,,,,,,,,,,,,,,,,,,,,,,,,,,,,,,,,,,,,,,,,,,,,,,,,,,,,,,,,,,,,,,,,,,,,,,,,,,,,,,,,,,,,,,,,,,,,,,,,,,,,,,,,,,,,,,,,,,,,,,,,,,,,
1974,2,154.0,-36.0,24.61,24.85,25.09,24.85,2.0,0.49,8.0,1.0,0.4,0.9,23.4,24.25,25.1,24.25,2.0,1.77,8.0,1.0,0.4,0.9,12.1,12.38,12.67,12.38,2.0,0.58,8.0,1.0,0.4,0.9,64.1,66.1,68.0,66.1,2.0,4.1,8.0,1.0,0.9,6.78,6.95,7.12,6.95,2.0,0.35,8.0,1.0,0.4,0.9,-3.23,-0.92,1.39,-0.92,2.0,4.79,8.0,1.0,0.4,0.9,5.39,5.95,6.51,5.95,2.0,1.15,8.0,1.0,0.4,0.9,1015.54,1016.5,1017.46,1016.5,2.0,1.98,8.0,1.0,0.4,0.9,3.2,3.5,3.8,3.5,2.0,0.7,8.0,1.0,0.4,0.9,-21.5,-5.6,10.3,-5.6,2.0,32.9,8.0,1.0,0.4,0.9,36.7,41.6,46.4,41.6,2.0,10.1,8.0,1.0,0.4,0.9,-0.01,0.6,1.21,0.6,2.0,1.27,8.0,1.0,0.4,0.9,0.0,4.4,8.8,4.4,2.0,9.1,8.0,1.0,0.4,0.9,7.13,7.15,7.17,7.15,2.0,0.04,8.0,1.0,0.4,0.9,48.6,49.7,50.8,49.7,2.0,2.2,8.0,1.0,0.4,0.9,-83.4,-26.6,30.2,-26.6,2.0,117.7,8.0,1.0,0.4,0.9,134.8,143.2,151.7,143.2,2.0,17.5,8.0,1.0,0.4,0.9,-41.7,-12.8,16.1,-12.8,2.0,59.8,8.0,1.0,0.4,0.9,68.1,73.3,78.6,73.3,2.0,10.8,8.0,1.0,0.4,0.9,-23.2,-6.7,9.8,-6.7,2.0,34.3,8.0,1.0,0.4,0.9,38.6,42.5,46.4,42.5,2.0,8.0,8.0,1.0,0.4,0.9,312.5,337.0,361.5,337.0,2.0,51.5,8.0,1.0,0.4,0.9,310.0,335.0,360.0,335.0,2.0,50.0,8.0,1.0,0.4,0.9
1974,2,154.0,-35.0,24.0,25.0,26.1,25.08,6.0,1.02,18.0,0.3,0.5,0.6,21.63,22.5,23.21,22.47,6.0,1.07,18.0,0.3,0.5,0.6,10.13,12.78,13.47,12.31,6.0,2.31,18.0,0.3,0.5,0.6,65.0,71.3,81.5,72.8,6.0,11.7,18.0,0.3,0.6,2.06,3.85,6.3,3.87,6.0,2.58,18.0,0.3,0.5,0.6,-4.91,-0.23,2.09,-0.7,6.0,3.93,18.0,0.3,0.5,0.6,1.38,2.41,3.35,2.33,6.0,1.44,18.0,0.3,0.5,0.6,1012.74,1016.7,1020.25,1016.42,6.0,4.39,18.0,0.3,0.5,0.6,3.6,6.5,7.2,5.7,6.0,2.3,18.0,0.3,0.5,0.6,-26.3,-0.6,9.8,-3.5,6.0,23.8,18.0,0.3,0.5,0.6,4.6,7.8,21.2,11.6,6.0,10.5,18.0,0.3,0.5,0.6,1.0,3.0,3.47,2.62,6.0,1.37,18.0,0.3,0.5,0.6,2.1,7.5,17.9,10.1,6.0,10.2,18.0,0.3,0.5,0.6,6.02,7.57,9.06,7.53,6.0,3.1,18.0,0.3,0.5,0.6,5.4,30.0,52.8,31.6,6.0,28.7,18.0,0.3,0.5,0.6,-104.3,-5.2,47.9,-12.9,6.0,88.5,18.0,0.3,0.5,0.6,29.1,54.0,75.5,52.7,6.0,34.3,18.0,0.3,0.5,0.6,-49.5,-3.6,26.8,-4.0,6.0,43.6,18.0,0.3,0.5,0.6,14.3,28.6,43.7,28.5,6.0,18.9,18.0,0.3,0.5,0.6,-44.9,-0.6,14.5,-10.3,6.0,36.4,18.0,0.3,0.5,0.6,5.3,15.0,31.7,17.4,6.0,14.2,18.0,0.3,0.5,0.6,14.0,75.0,251.0,118.0,6.0,128.0,18.0,0.3,0.5,0.6,15.0,75.0,250.0,120.0,6.0,130.0,18.0,0.3,0.5,0.6
1974,2,154.0,-34.0,23.03,25.0,25.8,24.72,6.0,2.39,20.0,0.3,0.3,0.5,22.75,23.0,25.02,23.4,7.0,1.35,16.0,0.4,0.3,0.5,12.53,12.99,14.86,13.54,6.0,1.47,20.0,0.3,0.3,0.5,72.7,74.6,81.3,76.9,6.0,7.1,20.0,0.3,0.5,3.55,5.1,10.3,6.17,7.0,3.09,16.0,0.4,0.3,0.5,-4.32,-2.25,1.87,-1.65,7.0,3.16,16.0,0.4,0.3,0.5,-10.14,-1.3,0.25,-2.91,7.0,5.56,16.0,0.4,0.3,0.5,1011.23,1013.2,1019.02,1014.65,6.0,4.16,20.0,0.3,0.3,0.5,2.6,3.0,6.4,4.2,5.0,2.2,16.0,0.6,0.2,0.5,-21.5,-18.4,13.0,-9.0,7.0,18.2,16.0,0.4,0.3,0.5,-104.5,-3.4,1.6,-28.1,7.0,54.4,16.0,0.4,0.3,0.5,-0.42,1.35,2.88,1.58,6.0,2.26,20.0,0.3,0.3,0.5,-2.3,4.6,23.2,8.6,6.0,12.5,20.0,0.3,0.3,0.5,3.26,5.97,8.51,6.01,6.0,3.58,20.0,0.3,0.3,0.5,11.5,22.5,58.3,32.9,6.0,27.9,20.0,0.3,0.3,0.5,-99.9,-51.8,46.4,-38.0,7.0,73.7,16.0,0.4,0.3,0.5,-232.3,-29.9,5.3,-71.6,7.0,130.6,16.0,0.4,0.3,0.5,-62.5,-44.2,-7.8,-31.7,6.0,41.5,20.0,0.3,0.3,0.5,-66.8,-12.6,15.4,-20.8,6.0,64.8,20.0,0.3,0.3,0.5,-22.7,-12.4,1.3,-12.0,6.0,24.9,20.0,0.3,0.3,0.5,-26.1,-5.4,1.2,-16.0,6.0,31.3,20.0,0.3,0.3,0.5,45.5,132.5,1092.5,397.0,7.0,483.5,16.0,0.4,0.3,0.5,45.0,135.0,1095.0,395.0,7.0,485.0,16.0,0.4,0.3,0.5
1974,2,154.0,-33.0,24.7,25.6,26.03,25.47,7.0,0.73,10.0,0.1,0.6,0.3,22.88,23.45,23.84,23.4,6.0,0.49,10.0,0.2,0.6,0.4,11.95,13.75,14.93,13.57,6.0,1.44,10.0,0.2,0.6,0.4,69.3,75.9,81.0,75.7,6.0,6.0,10.0,0.2,0.4,7.29,10.8,13.42,10.55,6.0,3.73,10.0,0.2,0.6,0.4,-4.52,-2.8,1.71,-1.11,6.0,4.92,10.0,0.2,0.6,0.4,6.33,9.03,12.8,9.28,6.0,4.3,10.0,0.2,0.6,0.4,1010.03,1012.35,1017.19,1013.1,6.0,3.66,10.0,0.2,0.6,0.4,2.6,4.5,8.0,4.8,6.0,2.9,10.0,0.2,0.6,0.4,-34.1,-23.1,22.1,-4.0,6.0,57.4,10.0,0.2,0.6,0.4,47.6,99.3,173.1,110.7,6.0,79.8,10.0,0.2,0.6,0.4,1.68,2.0,2.63,2.2,6.0,0.91,10.0,0.2,0.6,0.4,15.6,20.4,26.6,21.2,6.0,5.8,10.0,0.2,0.6,0.4,5.56,6.67,7.97,6.94,6.0,1.69,10.0,0.2,0.6,0.4,54.4,66.8,88.0,69.5,6.0,17.9,10.0,0.2,0.6,0.4,-104.8,-65.7,40.4,-25.2,6.0,115.2,10.0,0.2,0.6,0.4,151.2,210.2,299.8,218.0,6.0,102.7,10.0,0.2,0.6,0.4,-58.5,-37.3,26.1,-10.9,6.0,70.6,10.0,0.2,0.6,0.4,84.6,129.0,172.7,128.3,6.0,63.4,10.0,0.2,0.6,0.4,-35.6,-19.1,9.1,-12.5,6.0,32.2,10.0,0.2,0.6,0.4,40.7,56.8,86.9,60.1,6.0,23.8,10.0,0.2,0.6,0.4,400.5,1402.5,2457.5,1541.0,6.0,1340.5,10.0,0.2,0.6,0.4,400.0,1405.0,2460.0,1540.0,6.0,1340.0,10.0,0.2,0.6,0.4
1974,2,154.0,-32.0,25.0,25.0,25.0,25.0,1.0,0.0,8.0,0.0,0.6,0.1,23.3,23.3,23.3,23.3,1.0,0.0,8.0,0.0,0.6,0.1,12.59,12.59,12.59,12.59,1.0,0.0,8.0,0.0,0.6,0.1,70.8,70.8,70.8,70.8,1.0,0.0,8.0,0.0,0.1,12.3,12.3,12.3,12.3,1.0,0.0,8.0,0.0,0.6,0.1,4.21,4.21,4.21,4.21,1.0,0.0,8.0,0.0,0.6,0.1,11.56,11.56,11.56,11.56,1.0,0.0,8.0,0.0,0.6,0.1,1012.0,1012.0,1012.0,1012.0,1.0,0.0,8.0,0.0,0.6,0.1,6.0,6.0,6.0,6.0,1.0,0.0,8.0,0.0,0.6,0.1,51.7,51.7,51.7,51.7,1.0,0.0,8.0,0.0,0.6,0.1,142.2,142.2,142.2,142.2,1.0,0.0,8.0,0.0,0.6,0.1,1.7,1.7,1.7,1.7,1.0,0.0,8.0,0.0,0.6,0.1,20.9,20.9,20.9,20.9,1.0,0.0,8.0,0.0,0.6,0.1,7.2,7.2,7.2,7.2,1.0,0.0,8.0,0.0,0.6,0.1,88.6,88.6,88.6,88.6,1.0,0.0,8.0,0.0,0.6,0.1,98.0,98.0,98.0,98.0,1.0,0.0,8.0,0.0,0.6,0.1,269.3,269.3,269.3,269.3,1.0,0.0,8.0,0.0,0.6,0.1,53.0,53.0,53.0,53.0,1.0,0.0,8.0,0.0,0.6,0.1,145.6,145.6,145.6,145.6,1.0,0.0,8.0,0.0,0.6,0.1,30.3,30.3,30.3,30.3,1.0,0.0,8.0,0.0,0.6,0.1,83.2,83.2,83.2,83.2,1.0,0.0,8.0,0.0,0.6,0.1,1861.0,1861.0,1861.0,1861.0,1.0,0.0,8.0,0.0,0.6,0.1,1860.0,1860.0,1860.0,1860.0,1.0,0.0,8.0,0.0,0.6,0.1
1974,2,154.0,-31.0,23.84,25.0,26.16,25.0,3.0,1.7,12.0,0.3,0.6,0.5,20.51,22.9,26.72,23.6,3.0,4.59,12.0,0.3,0.6,0.5,10.22,11.98,13.74,11.98,2.0,3.64,8.0,0.0,0.7,0.4,69.9,75.5,81.1,75.5,2.0,11.6,8.0,0.0,0.4,5.39,10.3,11.67,8.57,3.0,4.84,12.0,0.3,0.6,0.5,-2.76,-2.14,-0.68,-1.73,3.0,1.57,12.0,0.3,0.6,0.5,2.9,10.3,11.54,7.29,3.0,6.84,12.0,0.3,0.6,0.5,1012.45,1013.0,1014.3,1013.37,3.0,1.39,12.0,0.3,0.6,0.5,3.3,4.0,6.0,4.7,3.0,2.1,12.0,0.3,0.6,0.5,-20.9,-9.5,-3.0,-11.9,3.0,13.3,12.0,0.3,0.6,0.5,32.5,106.1,135.4,84.5,3.0,77.6,12.0,0.3,0.6,0.5,-2.26,0.4,5.11,1.4,3.0,5.47,12.0,0.3,0.6,0.5,-5.8,4.9,52.9,23.1,3.0,45.8,12.0,0.3,0.6,0.5,4.75,7.89,11.04,7.89,2.0,6.51,8.0,0.0,0.7,0.4,54.5,84.6,114.7,84.6,2.0,62.4,8.0,0.0,0.7,0.4,-74.9,-48.9,-15.5,-45.3,3.0,43.6,12.0,0.3,0.6,0.5,53.0,199.8,252.8,154.0,3.0,151.7,12.0,0.3,0.6,0.5,-26.2,-15.5,-4.9,-15.5,2.0,22.0,8.0,0.0,0.7,0.4,109.5,136.6,163.7,136.6,2.0,56.2,8.0,0.0,0.7,0.4,-5.9,-3.5,-1.1,-3.5,2.0,5.0,8.0,0.0,0.7,0.4,54.0,84.3,114.6,84.3,2.0,62.8,8.0,0.0,0.7,0.4,367.0,1092.5,1617.0,994.5,3.0,919.5,12.0,0.3,0.6,0.5,365.0,1095.0,1615.0,995.0,3.0,920.0,12.0,0.3,0.6,0.5
1974,2,154.0,-30.0,25.99,26.4,26.81,26.4,2.0,0.85,24.0,1.0,0.1,0.7,24.77,25.35,25.93,25.35,2.0,1.2,24.0,1.0,0.1,0.7,12.81,16.2,19.58,16.2,2.0,7.01,24.0,1.0,0.1,0.7,65.4,79.0,92.5,79.0,2.0,28.1,24.0,1.0,0.7,2.58,3.6,4.62,3.6,2.0,2.12,24.0,1.0,0.1,0.7,-2.87,-2.0,-1.12,-2.0,2.0,1.81,24.0,1.0,0.1,0.7,-1.04,0.97,2.97,0.97,2.0,4.16,24.0,1.0,0.1,0.7,1007.75,1011.5,1015.25,1011.5,2.0,7.78,24.0,1.0,0.1,0.7,5.0,5.0,5.0,5.0,2.0,0.0,24.0,1.0,0.1,0.7,-14.3,-9.1,-3.9,-9.1,2.0,10.8,24.0,1.0,0.1,0.7,-0.3,7.9,16.1,7.9,2.0,17.0,24.0,1.0,0.1,0.7,0.88,1.05,1.22,1.05,2.0,0.35,24.0,1.0,0.1,0.7,2.5,4.2,5.8,4.2,2.0,3.5,24.0,1.0,0.1,0.7,2.59,5.37,8.14,5.37,2.0,5.75,24.0,1.0,0.1,0.7,9.9,25.4,40.9,25.4,2.0,32.1,24.0,1.0,0.1,0.7,-70.6,-49.6,-28.6,-49.6,2.0,43.5,24.0,1.0,0.1,0.7,-28.3,22.0,72.3,22.0,2.0,104.2,24.0,1.0,0.1,0.7,-33.4,-26.0,-18.6,-26.0,2.0,15.3,24.0,1.0,0.1,0.7,-28.1,1.1,30.3,1.1,2.0,60.6,24.0,1.0,0.1,0.7,-26.2,-15.9,-5.7,-15.9,2.0,21.2,24.0,1.0,0.1,0.7,3.7,17.1,30.6,17.1,2.0,27.9,24.0,1.0,0.1,0.7,29.0,71.0,113.0,71.0,2.0,87.0,24.0,1.0,0.1,0.7,30.0,70.0,115.0,70.0,2.0,85.0,24.0,1.0,0.1,0.7
1974,2,154.0,-29.0,25.71,26.6,27.07,26.4,5.0,0.81,24.0,1.0,0.4,0.4,24.19,25.5,26.03,25.27,7.0,0.96,20.0,0.7,0.3,0.6,13.65,16.4,16.7,15.21,3.0,2.46,24.0,1.0,0.5,0.5,66.0,76.4,84.0,75.0,3.0,13.2,24.0,1.0,0.5,4.93,9.3,10.32,7.49,7.0,3.59,20.0,0.7,0.3,0.6,-4.91,-3.28,0.0,-3.14,7.0,3.69,20.0,0.7,0.3,0.6,1.63,3.91,10.32,5.23,7.0,4.61,20.0,0.7,0.3,0.6,1012.12,1014.2,1016.54,1013.24,7.0,5.0,20.0,0.7,0.3,0.6,3.0,3.0,6.1,4.1,7.0,2.1,20.0,0.7,0.3,0.6,-46.2,-16.7,0.0,-26.3,7.0,37.9,20.0,0.7,0.3,0.6,15.8,19.9,106.6,50.1,7.0,48.2,20.0,0.7,0.3,0.6,-0.45,1.0,1.96,0.82,5.0,1.31,24.0,1.0,0.4,0.4,-1.2,10.8,13.5,7.3,5.0,8.0,24.0,1.0,0.4,0.4,4.67,5.28,6.84,5.74,3.0,1.64,24.0,1.0,0.5,0.5,13.0,26.9,34.9,24.0,3.0,16.2,24.0,1.0,0.5,0.5,-124.5,-79.3,0.0,-77.3,7.0,89.2,20.0,0.7,0.3,0.6,39.0,94.5,258.6,132.1,7.0,118.7,20.0,0.7,0.3,0.6,-52.0,-48.4,-15.3,-34.0,3.0,29.6,24.0,1.0,0.5,0.5,-4.4,40.6,56.6,26.5,3.0,46.3,24.0,1.0,0.5,0.5,-25.7,-17.3,-5.5,-15.6,3.0,14.9,24.0,1.0,0.5,0.5,2.1,20.6,23.5,13.0,3.0,17.0,24.0,1.0,0.5,0.5,126.5,804.5,1100.5,645.5,7.0,538.5,20.0,0.7,0.3,0.6,125.0,805.0,1100.0,645.0,7.0,540.0,20.0,0.7,0.3,0.6
1974,2,154.0,-28.0,25.03,25.95,27.18,26.11,8.0,1.05,16.0,0.8,0.3,0.5,24.55,25.5,26.65,25.6,9.0,1.05,16.0,0.8,0.3,0.5,13.2,13.56,16.38,14.9,7.0,2.21,16.0,0.7,0.3,0.5,69.0,72.7,80.2,73.5,7.0,6.9,16.0,0.7,0.5,5.97,9.3,12.29,8.88,9.0,3.76,16.0,0.8,0.3,0.5,-6.69,-5.27,-3.34,-4.93,9.0,2.26,16.0,0.8,0.3,0.5,3.97,5.98,10.65,7.05,9.0,3.8,16.0,0.8,0.3,0.5,1012.45,1014.5,1015.47,1014.02,9.0,2.41,16.0,0.8,0.3,0.5,3.0,4.0,5.0,4.0,9.0,1.7,16.0,0.8,0.3,0.5,-77.1,-51.3,-21.1,-48.7,9.0,29.1,16.0,0.8,0.3,0.5,28.3,55.6,133.8,74.6,9.0,70.2,16.0,0.8,0.3,0.5,0.5,0.75,1.0,0.56,8.0,0.99,16.0,0.8,0.3,0.5,1.8,5.2,9.0,2.7,8.0,12.4,16.0,0.8,0.3,0.5,4.21,6.26,7.14,6.09,7.0,2.01,16.0,0.7,0.3,0.5,39.1,54.0,59.7,52.8,7.0,18.9,16.0,0.7,0.3,0.5,-171.3,-140.6,-85.0,-125.8,9.0,58.5,16.0,0.8,0.3,0.5,97.6,161.4,275.7,181.6,9.0,102.3,16.0,0.8,0.3,0.5,-90.3,-80.3,-59.2,-80.5,7.0,27.7,16.0,0.7,0.3,0.5,58.0,95.7,117.9,105.1,7.0,61.6,16.0,0.7,0.3,0.5,-44.9,-33.7,-18.3,-32.4,7.0,12.1,16.0,0.7,0.3,0.5,26.5,28.2,52.0,40.0,7.0,19.4,16.0,0.7,0.3,0.5,216.5,804.5,1974.5,1049.5,9.0,1198.5,16.0,0.8,0.3,0.5,215.0,805.0,1975.0,1050.0,9.0,1200.0,16.0,0.8,0.3,0.5
1974,2,154.0,-27.0,25.64,26.3,26.94,26.25,8.0,0.65,18.0,0.4,0.4,0.6,24.64,24.9,26.11,25.34,10.0,1.1,18.0,0.4,0.3,0.5,15.05,17.23,17.67,16.63,8.0,1.79,20.0,0.5,0.4,0.6,71.7,84.8,89.6,81.4,8.0,9.1,20.0,0.5,0.6,4.03,6.4,11.02,7.39,10.0,4.26,18.0,0.4,0.3,0.5,-5.8,-3.29,-1.38,-3.64,10.0,2.75,18.0,0.4,0.3,0.5,2.02,3.62,10.37,5.28,10.0,5.05,18.0,0.4,0.3,0.5,1005.54,1012.75,1014.17,1010.88,10.0,4.24,18.0,0.4,0.3,0.5,4.0,5.5,7.8,5.5,8.0,1.9,16.0,0.5,0.2,0.5,-47.9,-24.4,-5.6,-30.1,10.0,25.9,18.0,0.4,0.3,0.5,12.5,18.3,117.3,56.2,10.0,76.7,18.0,0.4,0.3,0.5,0.41,0.85,1.44,0.65,8.0,0.92,18.0,0.4,0.4,0.6,1.3,3.7,17.2,5.8,8.0,11.1,18.0,0.4,0.4,0.6,3.75,4.97,6.26,4.86,7.0,1.29,20.0,0.4,0.4,0.6,17.9,52.0,58.2,39.7,7.0,22.9,20.0,0.4,0.4,0.6,-149.5,-81.5,-34.8,-91.3,10.0,66.9,18.0,0.4,0.3,0.5,49.5,89.2,273.2,134.4,10.0,128.4,18.0,0.4,0.3,0.5,-69.8,-42.4,-21.5,-44.4,8.0,29.3,20.0,0.5,0.4,0.6,49.6,66.6,204.0,101.4,8.0,96.6,20.0,0.5,0.4,0.6,-29.8,-10.6,-6.0,-17.2,7.0,15.4,20.0,0.4,0.4,0.6,15.4,26.0,57.4,31.8,7.0,24.5,20.0,0.4,0.4,0.6,68.5,294.5,1408.5,799.0,10.0,1153.0,18.0,0.4,0.3,0.5,70.0,295.0,1410.0,800.0,10.0,1155.0,18.0,0.4,0.3,0.5
1974,2,154.0,-26.0,26.15,27.2,27.52,26.91,7.0,0.95,18.0,0.3,0.3,0.5,25.01,25.5,26.0,25.69,9.0,0.9,18.0,0.3,0.3,0.6,15.35,17.88,18.83,16.98,7.0,2.54,20.0,0.3,0.3,0.4,71.6,87.6,91.6,82.6,7.0,11.6,20.0,0.3,0.4,3.71,8.5,11.08,7.45,8.0,3.85,20.0,0.4,0.3,0.5,-7.55,-3.48,-1.64,-4.21,8.0,3.53,20.0,0.4,0.3,0.5,1.37,3.54,8.59,4.71,8.0,4.49,20.0,0.4,0.3,0.5,1005.14,1010.8,1014.34,1010.4,9.0,4.47,18.0,0.3,0.3,0.6,1.5,6.0,8.0,5.0,9.0,3.1,18.0,0.3,0.3,0.6,-79.5,-34.8,-7.4,-38.7,8.0,34.1,20.0,0.4,0.3,0.5,10.0,17.5,95.3,46.9,8.0,54.3,20.0,0.4,0.3,0.5,0.24,1.7,1.75,1.24,7.0,1.18,18.0,0.3,0.3,0.5,1.4,9.9,19.6,9.8,6.0,10.2,20.0,0.3,0.3,0.5,4.32,4.57,6.14,5.34,6.0,1.91,20.0,0.3,0.3,0.5,20.9,45.7,58.7,43.2,6.0,26.6,20.0,0.3,0.3,0.5,-196.1,-86.5,-44.8,-107.4,8.0,89.2,20.0,0.4,0.3,0.5,35.4,95.0,220.4,120.7,8.0,113.8,20.0,0.4,0.3,0.5,-134.2,-41.4,-24.1,-60.2,7.0,58.2,20.0,0.3,0.3,0.4,22.8,72.0,162.8,86.9,7.0,84.3,20.0,0.3,0.3,0.4,-41.8,-21.0,-5.8,-21.7,6.0,19.9,20.0,0.3,0.3,0.5,4.8,31.5,53.6,31.2,6.0,28.7,20.0,0.3,0.3,0.5,52.5,630.5,1372.0,689.5,8.0,682.0,20.0,0.4,0.3,0.5,50.0,630.0,1370.0,690.0,8.0,680.0,20.0,0.4,0.3,0.5
1974,2,154.0,-25.0,25.79,26.65,27.14,26.73,8.0,1.09,18.0,0.6,0.4,0.5,24.93,25.3,26.37,25.63,9.0,1.16,16.0,0.7,0.4,0.5,16.29,17.14,17.56,16.68,7.0,1.97,18.0,0.6,0.3,0.4,80.2,82.5,86.3,81.5,7.0,8.9,18.0,0.6,0.4,4.16,6.2,11.9,7.7,8.0,5.27,18.0,0.6,0.4,0.5,-6.59,-2.51,3.95,-2.26,8.0,6.02,18.0,0.6,0.4,0.5,-1.02,1.07,7.66,3.51,8.0,6.27,18.0,0.6,0.4,0.5,998.67,1011.1,1012.12,1006.96,9.0,6.56,16.0,0.7,0.4,0.5,3.0,5.0,8.0,5.3,9.0,2.9,16.0,0.7,0.4,0.5,-43.5,-17.1,17.8,-16.1,8.0,72.3,18.0,0.6,0.4,0.5,-1.5,7.3,66.2,50.9,8.0,105.5,18.0,0.6,0.4,0.5,0.43,0.75,1.44,0.89,8.0,0.58,18.0,0.6,0.4,0.5,1.7,4.8,12.6,6.3,8.0,5.2,18.0,0.6,0.4,0.5,3.81,4.26,5.13,4.94,7.0,1.91,18.0,0.6,0.3,0.4,20.1,30.9,69.1,41.2,7.0,24.5,18.0,0.6,0.3,0.4,-171.6,-63.8,100.2,-58.3,8.0,152.3,18.0,0.6,0.4,0.5,-28.6,26.7,192.0,87.4,8.0,156.8,18.0,0.6,0.4,0.5,-120.1,-37.3,82.5,-43.0,7.0,108.6,18.0,0.6,0.3,0.4,-1.4,35.2,111.3,65.5,7.0,108.3,18.0,0.6,0.3,0.4,-31.6,-24.3,17.6,-14.0,7.0,25.8,18.0,0.6,0.3,0.4,-0.3,8.1,65.0,22.7,7.0,33.1,18.0,0.6,0.3,0.4,72.0,243.0,1727.5,1126.0,8.0,1996.5,18.0,0.6,0.4,0.5,70.0,245.0,1730.0,1125.0,8.0,1995.0,18.0,0.6,0.4,0.5
1974,2,154.0,-24.0,26.91,27.15,27.97,27.39,14.0,0.88,14.0,0.5,0.2,0.6,25.36,26.3,27.18,26.32,17.0,0.96,14.0,0.5,0.2,0.6,16.01,17.69,19.04,17.46,14.0,1.53,14.0,0.4,0.2,0.6,75.3,83.1,85.5,82.1,15.0,7.3,14.0,0.4,0.6,3.76,7.2,10.74,7.64,14.0,3.86,14.0,0.6,0.3,0.6,-7.2,-3.52,-1.99,-3.87,14.0,2.93,14.0,0.6,0.3,0.6,0.37,4.45,9.2,4.45,14.0,5.64,14.0,0.6,0.3,0.6,1004.95,1007.7,1011.12,1007.86,16.0,3.11,14.0,0.5,0.2,0.6,2.5,4.0,5.5,3.9,17.0,1.6,14.0,0.5,0.2,0.6,-72.4,-33.1,-4.4,-34.8,14.0,31.6,14.0,0.6,0.3,0.6,0.4,29.6,105.6,46.4,14.0,70.5,14.0,0.6,0.3,0.6,0.03,0.75,1.5,0.96,14.0,0.97,14.0,0.5,0.2,0.6,-0.1,3.1,17.5,8.2,11.0,10.8,14.0,0.6,0.3,0.6,4.6,5.4,7.09,5.69,12.0,1.29,14.0,0.5,0.2,0.6,16.9,43.1,67.7,43.3,10.0,25.6,14.0,0.6,0.3,0.6,-183.9,-95.5,-50.2,-101.2,14.0,77.2,14.0,0.6,0.3,0.6,9.7,118.0,256.4,115.1,14.0,150.1,14.0,0.6,0.3,0.6,-125.0,-54.2,-19.8,-62.0,12.0,53.4,14.0,0.5,0.2,0.6,4.5,73.7,153.2,69.1,12.0,106.8,14.0,0.5,0.2,0.6,-39.6,-22.8,-2.5,-21.4,10.0,20.1,14.0,0.6,0.3,0.6,0.6,26.1,47.4,20.6,10.0,36.9,14.0,0.6,0.3,0.6,59.0,378.5,1239.5,768.0,14.0,965.5,14.0,0.6,0.3,0.6,60.0,380.0,1240.0,770.0,14.0,965.0,14.0,0.6,0.3,0.6
1974,2,154.0,-23.0,26.63,27.7,28.0,27.28,10.0,1.69,14.0,0.5,0.2,0.6,25.18,26.0,27.1,26.4,13.0,1.27,14.0,0.5,0.3,0.7,16.21,16.91,18.77,17.39,9.0,1.41,14.0,0.4,0.2,0.6,77.6,80.9,86.7,81.0,10.0,5.8,14.0,0.5,0.6,2.53,4.6,9.69,5.9,10.0,3.72,12.0,0.4,0.3,0.7,-5.86,-3.0,0.37,-2.61,10.0,3.5,12.0,0.4,0.3,0.7,-0.67,2.43,7.77,3.17,10.0,4.65,12.0,0.4,0.3,0.7,1004.4,1006.3,1008.7,1006.54,13.0,3.57,14.0,0.5,0.3,0.7,1.1,4.5,7.0,4.4,14.0,2.5,12.0,0.5,0.3,0.7,-55.5,-11.5,0.4,-21.7,10.0,27.9,12.0,0.4,0.3,0.7,-1.3,13.3,77.1,32.0,10.0,51.7,12.0,0.4,0.3,0.7,-0.11,1.15,2.0,0.96,10.0,1.16,14.0,0.5,0.2,0.6,0.5,6.0,9.2,7.1,7.0,10.4,12.0,0.4,0.2,0.7,4.02,5.62,7.21,5.71,8.0,2.07,14.0,0.4,0.2,0.7,10.9,24.9,41.7,30.2,6.0,25.3,12.0,0.3,0.2,0.6,-156.5,-76.9,10.7,-67.9,10.0,92.4,12.0,0.4,0.3,0.7,-18.8,61.8,193.3,80.4,10.0,119.5,12.0,0.4,0.3,0.7,-62.8,-40.3,14.2,-29.8,7.0,66.3,14.0,0.4,0.2,0.6,-14.8,59.5,85.3,45.7,7.0,69.1,14.0,0.4,0.2,0.6,-27.1,-7.3,9.6,-6.6,6.0,20.2,12.0,0.3,0.2,0.6,-8.4,13.7,29.0,16.3,6.0,30.9,12.0,0.3,0.2,0.6,18.0,97.5,956.5,446.0,10.0,632.5,12.0,0.4,0.3,0.7,20.0,95.0,955.0,445.0,10.0,635.0,12.0,0.4,0.3,0.7
1974,2,154.0,-22.0,26.42,27.2,28.88,27.52,15.0,1.62,12.0,0.6,0.3,0.6,25.88,27.4,29.0,27.23,18.0,1.67,12.0,0.6,0.4,0.6,16.54,18.3,19.41,17.91,14.0,1.88,14.0,0.6,0.3,0.5,72.8,79.3,83.3,78.2,15.0,7.1,12.0,0.6,0.5,2.82,6.7,10.3,6.9,15.0,3.95,14.0,0.6,0.4,0.6,-8.09,-1.95,1.1,-2.07,15.0,5.51,14.0,0.6,0.4,0.6,-4.05,1.79,5.97,1.77,15.0,5.33,14.0,0.6,0.4,0.6,1000.5,1007.6,1009.89,1006.39,17.0,4.38,12.0,0.5,0.4,0.6,2.0,4.5,7.3,4.5,18.0,2.4,12.0,0.6,0.4,0.6,-74.7,-4.3,7.1,-16.3,15.0,60.5,14.0,0.6,0.4,0.6,-20.4,6.8,68.9,20.2,15.0,56.4,14.0,0.6,0.4,0.6,-0.58,-0.1,1.5,0.05,15.0,1.85,12.0,0.6,0.3,0.6,-7.6,-0.4,7.9,-0.3,13.0,12.4,14.0,0.6,0.3,0.6,3.69,5.19,7.05,5.44,13.0,1.73,12.0,0.5,0.3,0.5,13.3,36.2,55.2,33.5,11.0,20.0,14.0,0.5,0.3,0.5,-221.0,-53.8,32.0,-56.2,15.0,145.0,14.0,0.6,0.4,0.6,-117.1,50.1,155.7,50.3,15.0,147.7,14.0,0.6,0.4,0.6,-162.9,-49.6,8.8,-65.0,12.0,79.5,14.0,0.6,0.3,0.5,-34.5,19.4,94.1,19.9,12.0,82.1,14.0,0.6,0.3,0.5,-45.6,-14.4,3.5,-20.1,11.0,23.0,14.0,0.5,0.3,0.5,-12.4,2.5,24.7,5.8,11.0,25.0,14.0,0.5,0.3,0.5,24.0,301.0,1092.5,638.0,15.0,790.0,14.0,0.6,0.4,0.6,25.0,300.0,1095.0,640.0,15.0,790.0,14.0,0.6,0.4,0.6
1974,2,154.0,-21.0,26.5,28.0,29.0,27.94,21.0,1.36,12.0,0.5,0.3,0.6,25.95,27.0,28.45,26.99,23.0,1.25,12.0,0.4,0.3,0.7,17.12,18.25,19.58,18.35,20.0,1.8,12.0,0.5,0.3,0.6,75.4,78.8,88.8,80.9,20.0,7.8,12.0,0.5,0.6,3.69,6.2,8.61,6.15,21.0,2.81,12.0,0.5,0.3,0.7,-6.57,-3.18,0.0,-2.59,21.0,4.23,12.0,0.5,0.3,0.7,-0.61,2.98,5.88,2.78,21.0,3.81,12.0,0.5,0.3,0.7,1002.6,1006.0,1009.75,1005.94,23.0,4.05,12.0,0.4,0.3,0.7,2.0,4.0,7.5,4.3,23.0,2.6,12.0,0.4,0.3,0.7,-49.0,-13.6,0.0,-18.1,21.0,33.4,12.0,0.5,0.3,0.7,-2.1,20.8,38.7,22.3,21.0,38.3,12.0,0.5,0.3,0.7,-0.1,0.8,1.75,0.85,21.0,1.21,12.0,0.5,0.3,0.6,-0.4,5.7,16.4,6.4,19.0,7.2,12.0,0.5,0.3,0.6,3.55,5.56,7.12,5.52,19.0,2.18,12.0,0.5,0.3,0.6,18.3,34.4,58.3,37.6,17.0,21.4,12.0,0.5,0.3,0.6,-174.1,-82.7,0.0,-68.9,21.0,114.4,12.0,0.5,0.3,0.7,-16.7,80.3,167.0,74.9,21.0,104.9,12.0,0.5,0.3,0.7,-125.4,-53.1,23.4,-44.3,18.0,83.5,12.0,0.5,0.3,0.6,-3.3,61.4,120.6,59.0,18.0,71.4,12.0,0.5,0.3,0.6,-34.9,-16.3,14.1,-8.7,17.0,28.6,12.0,0.5,0.3,0.6,1.2,12.7,35.1,17.9,17.0,26.8,12.0,0.5,0.3,0.6,50.5,238.5,640.0,370.0,21.0,427.5,12.0,0.5,0.3,0.7,50.0,240.0,640.0,370.0,21.0,425.0,12.0,0.5,0.3,0.7
1974,2,154.0,-20.0,27.0,27.45,30.0,28.04,12.0,1.27,14.0,0.6,0.4,0.5,26.64,27.1,28.31,27.48,16.0,0.93,14.0,0.6,0.4,0.6,16.23,18.64,19.86,18.19,15.0,1.74,14.0,0.5,0.4,0.6,74.2,78.5,83.7,79.9,15.0,7.3,14.0,0.5,0.6,1.63,5.7,9.45,5.59,15.0,3.54,14.0,0.6,0.4,0.6,-5.66,-3.35,-0.06,-2.24,15.0,4.13,14.0,0.6,0.4,0.6,-1.68,2.44,6.38,2.49,15.0,4.12,14.0,0.6,0.4,0.6,1005.15,1007.7,1010.42,1007.21,16.0,3.35,14.0,0.6,0.4,0.6,1.0,2.5,5.6,3.2,16.0,2.2,14.0,0.6,0.4,0.6,-38.3,-22.5,-0.1,-15.4,15.0,37.2,14.0,0.6,0.4,0.6,-3.4,6.4,62.7,23.8,15.0,37.4,14.0,0.6,0.4,0.6,-1.13,0.85,2.13,0.68,12.0,1.53,14.0,0.6,0.4,0.5,-3.8,2.5,9.4,2.8,12.0,9.5,14.0,0.6,0.4,0.5,3.5,6.28,7.04,5.54,12.0,2.06,14.0,0.6,0.4,0.5,7.3,23.4,49.3,29.5,12.0,22.1,14.0,0.6,0.4,0.5,-157.2,-90.5,-1.6,-60.6,15.0,115.5,14.0,0.6,0.4,0.6,-47.6,65.0,176.7,67.4,15.0,115.0,14.0,0.6,0.4,0.6,-109.8,-69.6,-4.7,-48.4,14.0,76.0,14.0,0.6,0.4,0.6,-12.5,51.6,130.3,55.2,14.0,71.5,14.0,0.6,0.4,0.6,-32.8,-17.1,-2.0,-12.6,12.0,25.5,14.0,0.6,0.4,0.5,-4.8,12.4,36.0,12.9,12.0,20.9,14.0,0.6,0.4,0.5,4.5,185.0,854.5,370.0,15.0,450.0,14.0,0.6,0.4,0.6,5.0,185.0,855.0,370.0,15.0,450.0,14.0,0.6,0.4,0.6
1974,2,154.0,-19.0,27.5,28.35,29.15,28.44,18.0,0.86,16.0,0.7,0.4,0.6,27.0,28.0,29.4,28.07,23.0,1.15,16.0,0.7,0.4,0.6,17.08,18.64,19.87,18.81,19.0,1.99,16.0,0.6,0.4,0.6,71.5,78.8,86.5,79.4,19.0,8.3,16.0,0.6,0.6,0.83,5.1,7.37,4.45,22.0,3.19,16.0,0.6,0.4,0.6,-5.77,-1.91,0.0,-2.66,22.0,3.25,16.0,0.6,0.4,0.6,0.0,1.28,3.85,1.92,22.0,3.03,16.0,0.6,0.4,0.6,1004.75,1006.5,1009.25,1006.8,23.0,2.89,16.0,0.7,0.4,0.6,1.0,3.0,5.0,3.1,23.0,1.8,16.0,0.7,0.4,0.6,-37.0,-6.0,0.0,-16.3,22.0,23.6,16.0,0.6,0.4,0.6,0.0,5.1,22.8,14.4,22.0,32.6,16.0,0.6,0.4,0.6,-0.66,0.2,1.41,0.33,18.0,1.38,16.0,0.7,0.4,0.6,-3.4,0.0,3.4,0.8,17.0,6.7,16.0,0.7,0.4,0.6,4.31,6.04,7.22,5.45,17.0,2.37,16.0,0.7,0.4,0.6,2.5,25.0,50.7,27.4,16.0,23.8,16.0,0.7,0.4,0.6,-158.6,-54.2,0.0,-73.6,22.0,92.0,16.0,0.6,0.4,0.6,0.0,35.3,106.3,54.5,22.0,88.6,16.0,0.6,0.4,0.6,-119.5,-66.3,0.0,-59.1,18.0,60.4,16.0,0.6,0.4,0.6,0.0,38.4,69.0,43.0,18.0,55.3,16.0,0.6,0.4,0.6,-37.3,-15.9,0.0,-17.6,16.0,19.8,16.0,0.7,0.4,0.6,0.0,6.7,27.5,13.9,16.0,21.0,16.0,0.7,0.4,0.6,1.0,132.5,404.5,229.5,22.0,403.5,16.0,0.6,0.4,0.6,0.0,135.0,405.0,230.0,22.0,405.0,16.0,0.6,0.4,0.6
1974,2,154.0,-18.0,27.54,28.75,29.81,28.5,16.0,1.33,14.0,0.6,0.4,0.6,27.0,27.65,29.15,28.09,18.0,1.35,12.0,0.5,0.4,0.6,17.72,18.64,19.3,18.51,16.0,0.93,12.0,0.5,0.4,0.6,74.4,78.4,82.0,77.9,16.0,5.6,12.0,0.5,0.6,2.61,5.95,8.68,5.54,20.0,2.74,12.0,0.6,0.4,0.6,-6.66,-2.25,3.63,-1.74,20.0,4.85,12.0,0.6,0.4,0.6,-1.04,1.61,5.14,1.85,20.0,3.09,12.0,0.6,0.4,0.6,1003.28,1006.5,1010.03,1006.34,19.0,2.95,12.0,0.5,0.4,0.6,2.0,3.0,6.0,3.7,20.0,2.1,12.0,0.6,0.4,0.6,-44.8,-8.2,20.6,-10.3,20.0,40.0,12.0,0.6,0.4,0.6,-3.2,6.0,37.8,15.3,20.0,24.6,12.0,0.6,0.4,0.6,-1.28,0.8,2.28,0.31,15.0,2.07,12.0,0.5,0.4,0.6,-6.4,4.7,12.0,3.8,15.0,9.1,12.0,0.5,0.4,0.6,4.64,6.53,7.63,6.04,15.0,2.19,12.0,0.5,0.4,0.6,16.4,41.8,53.9,38.5,15.0,19.1,12.0,0.5,0.4,0.6,-186.4,-53.8,122.3,-45.7,18.0,141.6,12.0,0.5,0.4,0.6,-33.1,40.0,150.0,51.6,18.0,91.7,12.0,0.5,0.4,0.6,-126.8,-44.8,69.9,-39.5,16.0,95.6,12.0,0.5,0.4,0.6,0.0,37.4,98.7,45.0,16.0,52.7,12.0,0.5,0.4,0.6,-43.2,-22.6,25.0,-13.9,15.0,34.3,12.0,0.5,0.4,0.6,0.0,12.3,36.2,16.5,15.0,16.7,12.0,0.5,0.4,0.6,18.0,212.0,655.5,292.0,20.0,339.0,12.0,0.6,0.4,0.6,20.0,210.0,655.0,290.0,20.0,340.0,12.0,0.6,0.4,0.6
1974,2,154.0,-17.0,27.5,28.5,29.97,28.6,14.0,1.1,18.0,0.6,0.5,0.5,27.08,28.25,30.31,28.65,16.0,1.39,18.0,0.7,0.5,0.5,17.63,18.62,19.82,18.68,16.0,1.13,18.0,0.7,0.5,0.5,70.2,78.6,79.1,75.8,16.0,4.3,18.0,0.7,0.5,1.54,4.35,7.61,4.36,14.0,2.45,18.0,0.7,0.5,0.5,-6.18,-3.01,-0.47,-3.35,14.0,2.59,18.0,0.7,0.5,0.5,-0.85,0.75,3.85,1.53,14.0,2.28,18.0,0.7,0.5,0.5,1005.18,1007.9,1009.5,1007.37,16.0,2.25,18.0,0.7,0.5,0.5,2.0,3.0,4.8,3.3,15.0,2.0,18.0,0.7,0.5,0.5,-45.0,-11.5,-0.5,-19.7,14.0,20.3,18.0,0.7,0.5,0.5,-2.1,2.4,29.1,9.5,14.0,14.5,18.0,0.7,0.5,0.5,-2.9,0.5,1.5,-0.11,14.0,1.85,18.0,0.6,0.5,0.5,-11.5,1.2,7.8,-1.1,13.0,10.4,18.0,0.7,0.5,0.5,3.99,6.49,7.63,6.01,14.0,2.24,18.0,0.6,0.5,0.5,7.4,21.5,44.4,24.6,13.0,16.7,18.0,0.7,0.5,0.5,-180.0,-86.3,-14.8,-96.6,14.0,74.6,18.0,0.7,0.5,0.5,-23.9,22.3,107.6,43.3,14.0,64.5,18.0,0.7,0.5,0.5,-116.8,-59.0,-9.3,-63.6,14.0,49.2,18.0,0.7,0.5,0.5,-16.3,15.4,71.2,28.2,14.0,42.0,18.0,0.7,0.5,0.5,-43.2,-17.3,-3.2,-19.3,13.0,16.6,18.0,0.7,0.5,0.5,-5.0,1.3,25.6,7.4,13.0,14.0,18.0,0.7,0.5,0.5,3.5,83.0,443.0,156.0,14.0,177.5,18.0,0.7,0.5,0.5,5.0,85.0,445.0,155.0,14.0,180.0,18.0,0.7,0.5,0.5
1974,2,154.0,-16.0,28.0,28.7,29.99,28.87,20.0,1.04,12.0,0.6,0.5,0.5,27.0,28.15,29.17,28.04,24.0,1.16,14.0,0.5,0.5,0.5,18.04,18.91,20.39,19.14,22.0,1.21,14.0,0.5,0.4,0.5,73.0,81.9,88.0,80.6,22.0,6.8,14.0,0.5,0.5,1.21,4.6,7.2,4.96,25.0,3.25,14.0,0.5,0.5,0.5,-5.55,-0.63,1.78,-1.09,25.0,4.35,14.0,0.5,0.5,0.5,-1.52,0.0,4.91,1.19,25.0,3.81,14.0,0.5,0.5,0.5,1003.81,1007.5,1009.54,1006.77,25.0,3.02,14.0,0.5,0.5,0.5,2.0,3.0,6.0,4.1,23.0,2.5,14.0,0.6,0.5,0.5,-40.7,-2.3,10.4,-4.1,25.0,37.7,14.0,0.5,0.5,0.5,-5.8,0.0,34.2,7.7,25.0,34.3,14.0,0.5,0.5,0.5,-1.0,0.5,2.53,0.83,19.0,1.9,14.0,0.5,0.5,0.5,-7.2,0.0,15.9,3.3,19.0,10.4,14.0,0.5,0.5,0.5,3.27,5.87,7.67,5.68,18.0,2.15,14.0,0.5,0.4,0.5,4.2,34.4,42.9,27.5,18.0,19.4,14.0,0.5,0.4,0.5,-157.0,-23.6,32.5,-35.9,24.0,121.3,14.0,0.5,0.5,0.5,-45.9,0.0,147.5,34.5,24.0,109.3,14.0,0.5,0.5,0.5,-104.7,-13.9,22.3,-20.7,22.0,85.6,14.0,0.5,0.4,0.5,-18.5,0.0,104.1,25.4,22.0,77.3,14.0,0.5,0.4,0.5,-35.6,-3.7,11.2,-7.2,18.0,25.1,14.0,0.5,0.4,0.5,-6.2,0.0,27.6,4.0,18.0,21.7,14.0,0.5,0.4,0.5,2.5,97.5,373.0,281.0,25.0,459.5,14.0,0.5,0.5,0.5,5.0,95.0,375.0,280.0,25.0,460.0,14.0,0.5,0.5,0.5
1974,2,154.0,-15.0,28.0,28.55,29.65,28.86,18.0,1.11,14.0,0.6,0.5,0.7,27.49,28.0,29.03,28.25,19.0,1.07,14.0,0.7,0.5,0.7,18.2,18.73,20.06,19.08,18.0,1.11,14.0,0.7,0.5,0.7,74.4,78.4,81.8,78.6,18.0,5.3,14.0,0.7,0.7,2.6,4.1,7.27,4.36,19.0,2.75,14.0,0.6,0.5,0.7,-3.1,0.0,4.87,0.87,19.0,4.52,14.0,0.6,0.5,0.7,-1.59,0.0,3.24,0.55,19.0,2.47,14.0,0.6,0.5,0.7,1003.3,1006.45,1008.49,1005.92,20.0,2.9,14.0,0.6,0.5,0.7,2.0,4.5,7.0,4.6,20.0,2.3,14.0,0.6,0.5,0.7,-9.8,0.0,27.7,10.6,19.0,37.0,14.0,0.6,0.5,0.7,-9.7,0.0,20.0,4.7,19.0,13.4,14.0,0.6,0.5,0.7,-0.73,0.5,1.5,0.46,17.0,1.3,14.0,0.6,0.5,0.7,-4.5,1.3,4.1,0.2,16.0,8.4,14.0,0.6,0.5,0.8,3.87,6.4,7.22,5.91,17.0,1.78,14.0,0.6,0.5,0.7,16.6,22.5,38.0,26.1,16.0,15.7,14.0,0.6,0.5,0.8,-86.8,-4.5,151.2,27.2,18.0,134.6,14.0,0.7,0.5,0.7,-53.3,5.4,98.6,17.2,18.0,71.6,14.0,0.7,0.5,0.7,-58.3,-6.8,114.7,19.1,17.0,94.7,14.0,0.6,0.5,0.7,-24.6,8.1,67.4,16.6,17.0,44.9,14.0,0.6,0.5,0.7,-19.3,-1.1,26.5,5.6,16.0,27.6,14.0,0.6,0.5,0.8,-6.8,4.9,16.7,4.8,16.0,12.3,14.0,0.6,0.5,0.8,17.5,69.0,385.0,191.5,19.0,329.0,14.0,0.6,0.5,0.7,20.0,70.0,385.0,190.0,19.0,330.0,14.0,0.6,0.5,0.7
1974,2,154.0,-14.0,27.69,29.25,30.31,29.26,16.0,1.26,12.0,0.4,0.5,0.5,27.07,28.0,28.75,27.88,21.0,0.76,14.0,0.5,0.5,0.5,18.31,18.97,19.84,19.17,20.0,1.48,14.0,0.5,0.5,0.5,77.5,82.0,85.2,81.4,20.0,7.2,14.0,0.5,0.5,1.6,2.6,6.7,4.2,21.0,3.65,14.0,0.5,0.5,0.5,-2.6,-1.3,2.83,0.35,21.0,4.47,14.0,0.5,0.5,0.5,-3.63,0.0,2.8,-0.2,21.0,3.42,14.0,0.5,0.5,0.5,1003.92,1005.6,1007.91,1005.92,21.0,2.2,14.0,0.5,0.5,0.5,2.2,4.0,7.8,4.9,21.0,2.4,14.0,0.5,0.5,0.5,-7.2,-2.2,13.5,11.8,21.0,45.3,14.0,0.5,0.5,0.5,-16.6,0.0,8.5,-5.8,21.0,34.5,14.0,0.5,0.5,0.5,0.0,1.0,3.31,1.42,16.0,1.53,12.0,0.4,0.5,0.5,0.0,3.6,12.3,7.6,16.0,11.3,12.0,0.4,0.5,0.5,3.45,6.13,9.37,6.44,16.0,2.96,12.0,0.4,0.5,0.5,3.9,23.5,55.8,30.7,16.0,30.2,12.0,0.4,0.5,0.5,-73.0,-35.7,79.9,9.1,21.0,123.6,14.0,0.5,0.5,0.5,-101.8,0.0,76.7,-5.9,21.0,94.9,14.0,0.5,0.5,0.5,-55.6,-26.5,57.3,3.6,20.0,86.7,14.0,0.5,0.5,0.5,-6.3,0.0,53.2,0.9,20.0,62.4,14.0,0.5,0.5,0.5,-18.7,-3.1,37.7,5.1,16.0,35.3,12.0,0.4,0.5,0.5,-1.8,0.0,19.1,1.3,16.0,25.3,12.0,0.4,0.5,0.5,4.5,17.5,301.0,290.5,21.0,680.0,14.0,0.5,0.5,0.5,5.0,20.0,300.0,290.0,21.0,680.0,14.0,0.5,0.5,0.5
1974,2,154.0,-13.0,27.5,28.55,30.0,28.69,18.0,1.34,12.0,0.6,0.6,0.6,27.0,28.0,30.0,28.26,19.0,1.57,14.0,0.5,0.6,0.6,18.72,20.03,21.07,19.92,18.0,1.46,12.0,0.6,0.6,0.6,77.1,81.9,86.5,81.8,18.0,6.4,12.0,0.6,0.6,0.93,3.1,6.84,3.69,19.0,2.94,14.0,0.5,0.6,0.6,-3.41,0.0,2.75,-0.11,19.0,4.15,14.0,0.5,0.6,0.6,0.0,0.89,3.14,1.45,19.0,1.89,14.0,0.5,0.6,0.6,1004.41,1006.9,1009.0,1006.72,19.0,2.13,14.0,0.5,0.6,0.6,2.0,4.0,7.1,4.4,19.0,2.4,14.0,0.5,0.6,0.6,-13.4,0.0,8.8,2.6,19.0,33.1,14.0,0.5,0.6,0.6,0.0,2.3,19.0,8.3,19.0,13.3,14.0,0.5,0.6,0.6,-1.0,0.45,1.37,0.42,18.0,1.75,12.0,0.6,0.6,0.6,-3.4,0.0,5.3,0.8,18.0,6.7,12.0,0.6,0.6,0.6,1.98,4.93,8.02,4.77,17.0,2.49,12.0,0.6,0.6,0.6,3.0,13.2,28.1,15.7,17.0,14.6,12.0,0.6,0.6,0.6,-94.0,0.0,78.1,-4.0,19.0,115.8,14.0,0.5,0.6,0.6,0.0,23.8,84.3,40.6,19.0,52.9,14.0,0.5,0.6,0.6,-75.4,-4.8,58.2,-3.9,18.0,84.7,12.0,0.6,0.6,0.6,0.0,17.4,59.4,26.7,18.0,36.2,12.0,0.6,0.6,0.6,-12.7,-2.7,17.7,1.7,17.0,18.1,12.0,0.6,0.6,0.6,0.0,1.0,12.6,5.4,17.0,10.6,12.0,0.6,0.6,0.6,1.0,30.0,323.0,158.5,19.0,280.5,14.0,0.5,0.6,0.6,0.0,30.0,325.0,160.0,19.0,280.0,14.0,0.5,0.6,0.6
1974,2,154.0,-12.0,28.0,29.45,30.33,29.39,22.0,1.18,16.0,0.4,0.6,0.5,27.0,28.0,29.19,28.34,25.0,1.51,16.0,0.4,0.5,0.5,18.31,19.17,20.63,19.73,23.0,2.35,16.0,0.4,0.5,0.5,76.2,79.0,87.0,81.0,23.0,6.9,16.0,0.4,0.5,1.0,3.1,5.87,3.77,24.0,3.24,16.0,0.4,0.6,0.5,-3.15,0.0,2.98,0.59,24.0,4.36,16.0,0.4,0.6,0.5,-2.17,0.0,2.07,-0.12,24.0,2.44,16.0,0.4,0.6,0.5,1004.06,1006.8,1009.11,1006.61,26.0,2.52,16.0,0.4,0.6,0.5,2.8,5.0,7.0,5.0,25.0,2.1,16.0,0.4,0.6,0.5,-12.2,0.0,13.4,10.1,24.0,46.4,16.0,0.4,0.6,0.5,-9.5,0.0,8.5,-2.6,24.0,14.3,16.0,0.4,0.6,0.5,0.1,1.5,2.0,1.0,21.0,1.84,16.0,0.4,0.6,0.5,0.0,5.6,10.4,4.7,19.0,11.2,16.0,0.4,0.6,0.5,4.42,6.82,7.63,5.91,20.0,2.28,16.0,0.4,0.6,0.5,3.9,23.8,44.4,26.1,18.0,18.9,16.0,0.4,0.6,0.5,-97.0,0.0,97.6,17.0,23.0,121.3,16.0,0.4,0.6,0.5,-60.2,0.0,61.8,-4.8,23.0,72.7,16.0,0.4,0.6,0.5,-77.7,0.0,77.3,14.9,21.0,90.2,18.0,0.4,0.6,0.5,-46.8,0.0,34.3,-3.9,21.0,50.6,18.0,0.4,0.6,0.5,-31.4,2.8,23.3,3.6,18.0,28.9,16.0,0.4,0.6,0.5,-15.9,0.0,9.1,-3.5,18.0,14.6,16.0,0.4,0.6,0.5,1.0,30.0,204.0,215.0,24.0,608.5,16.0,0.4,0.6,0.5,0.0,30.0,205.0,215.0,24.0,610.0,16.0,0.4,0.6,0.5
1974,2,154.0,-11.0,28.0,29.0,30.0,29.16,16.0,1.01,14.0,0.6,0.3,0.6,27.0,28.0,29.33,28.17,22.0,1.22,14.0,0.6,0.4,0.6,17.64,19.52,21.11,19.5,19.0,1.49,14.0,0.6,0.3,0.6,72.0,81.7,87.1,80.8,19.0,7.5,14.0,0.6,0.6,1.0,3.85,5.1,3.64,22.0,2.97,14.0,0.6,0.4,0.6,-3.63,0.0,3.55,-0.02,22.0,3.95,14.0,0.6,0.4,0.6,-1.82,0.0,1.09,-0.63,22.0,2.57,14.0,0.6,0.4,0.6,1005.5,1006.9,1007.95,1006.41,21.0,1.82,14.0,0.6,0.4,0.6,2.3,6.0,7.0,5.1,22.0,2.3,14.0,0.6,0.4,0.6,-15.5,0.0,14.0,1.9,22.0,33.1,14.0,0.6,0.4,0.6,-7.8,0.0,3.5,-6.0,22.0,24.4,14.0,0.6,0.4,0.6,-0.89,0.45,2.81,0.96,16.0,1.75,14.0,0.6,0.3,0.6,-2.2,0.0,11.1,4.7,16.0,9.4,14.0,0.6,0.3,0.6,3.46,6.1,7.68,5.84,16.0,2.0,14.0,0.6,0.3,0.6,5.1,21.9,32.7,24.1,16.0,21.1,14.0,0.6,0.3,0.6,-100.3,0.0,102.3,0.1,22.0,110.7,14.0,0.6,0.4,0.6,-49.1,0.0,30.7,-17.6,22.0,71.8,14.0,0.6,0.4,0.6,-81.6,0.0,76.3,2.1,19.0,83.1,14.0,0.6,0.3,0.6,-31.1,0.0,16.2,-13.9,19.0,44.8,14.0,0.6,0.3,0.6,-28.0,1.7,21.4,-2.3,16.0,28.6,14.0,0.6,0.3,0.6,-11.4,0.0,1.1,-4.8,16.0,14.6,14.0,0.6,0.3,0.6,1.0,58.0,132.5,169.5,22.0,451.0,14.0,0.6,0.4,0.6,0.0,60.0,135.0,170.0,22.0,450.0,14.0,0.6,0.4,0.6
1974,2,154.0,-10.0,28.5,29.0,30.73,29.54,9.0,1.25,16.0,0.2,0.3,0.4,26.47,27.6,29.41,27.77,11.0,1.87,18.0,0.3,0.3,0.5,18.71,19.2,20.97,19.67,10.0,1.13,18.0,0.3,0.3,0.5,76.7,84.5,87.4,82.5,10.0,7.6,18.0,0.3,0.5,1.49,3.6,6.05,3.58,12.0,2.35,16.0,0.5,0.3,0.6,-3.43,-0.67,2.83,-0.43,12.0,3.1,16.0,0.5,0.3,0.6,-3.11,0.0,4.08,0.37,12.0,3.1,16.0,0.5,0.3,0.6,1005.62,1007.2,1008.13,1006.94,12.0,1.5,18.0,0.3,0.3,0.5,1.0,4.0,7.0,3.8,13.0,2.5,16.0,0.4,0.3,0.5,-18.4,-1.4,10.4,-2.4,12.0,17.1,16.0,0.5,0.3,0.6,-13.8,0.0,21.9,3.0,12.0,18.2,16.0,0.5,0.3,0.6,0.6,2.5,4.27,2.35,8.0,2.75,18.0,0.1,0.3,0.4,-0.3,10.2,16.0,11.1,7.0,15.4,18.0,0.1,0.3,0.4,5.73,6.52,7.89,6.59,7.0,1.46,18.0,0.1,0.4,0.4,9.7,28.7,36.2,23.7,6.0,14.6,18.0,0.2,0.3,0.4,-90.1,0.0,83.3,-9.9,9.0,85.8,18.0,0.3,0.4,0.5,-88.8,0.0,91.9,4.9,9.0,87.9,18.0,0.3,0.4,0.5,-66.1,-12.6,34.1,-17.8,8.0,54.9,18.0,0.4,0.4,0.6,-50.0,0.0,68.7,11.6,8.0,60.1,18.0,0.4,0.4,0.6,-20.5,-3.9,16.3,-1.7,6.0,19.6,18.0,0.2,0.3,0.4,-23.2,4.7,24.4,2.4,6.0,22.2,18.0,0.2,0.3,0.4,6.0,49.5,221.5,99.5,12.0,119.5,16.0,0.5,0.3,0.6,5.0,50.0,220.0,100.0,12.0,120.0,16.0,0.5,0.3,0.6
1974,2,154.0,-9.0,28.45,29.5,31.0,29.64,12.0,1.12,16.0,0.5,0.1,0.5,26.0,27.75,29.76,28.04,12.0,2.22,14.0,0.6,0.1,0.5,18.17,18.7,19.05,18.56,9.0,1.33,16.0,0.6,0.1,0.5,75.7,81.2,84.7,80.5,9.0,4.6,16.0,0.6,0.5,0.19,2.6,5.1,2.8,16.0,2.07,16.0,0.6,0.1,0.5,-2.13,-0.53,0.0,-0.88,16.0,1.91,16.0,0.6,0.1,0.5,-3.29,0.0,2.25,-0.73,16.0,2.75,16.0,0.6,0.1,0.5,1004.5,1007.6,1008.89,1006.79,15.0,2.26,14.0,0.5,0.1,0.5,2.0,3.5,8.0,4.5,16.0,2.7,16.0,0.6,0.1,0.5,-9.2,-1.2,0.0,-4.0,16.0,9.2,16.0,0.6,0.1,0.5,-12.6,0.0,5.9,-4.3,16.0,13.6,16.0,0.6,0.1,0.5,1.0,1.7,2.37,1.8,9.0,0.83,16.0,0.6,0.1,0.5,2.1,7.0,12.1,6.8,9.0,5.1,16.0,0.6,0.1,0.5,5.81,7.26,8.28,7.18,9.0,1.62,16.0,0.6,0.1,0.5,10.5,21.2,40.1,24.3,9.0,15.0,16.0,0.6,0.1,0.5,-47.2,-28.2,13.6,-21.0,12.0,50.4,14.0,0.6,0.1,0.5,-118.2,-25.4,67.5,-29.2,12.0,86.7,14.0,0.6,0.1,0.5,-43.4,0.0,26.6,-12.3,9.0,40.8,16.0,0.6,0.1,0.5,-89.4,-6.8,46.8,-17.9,9.0,61.9,16.0,0.6,0.1,0.5,-12.7,0.0,10.4,-4.3,9.0,15.8,16.0,0.6,0.1,0.5,-30.6,-2.6,20.5,-3.4,9.0,24.7,16.0,0.6,0.1,0.5,0.0,17.5,132.5,56.0,16.0,75.0,16.0,0.6,0.1,0.5,0.0,20.0,135.0,55.0,16.0,75.0,16.0,0.6,0.1,0.5
1974,2,154.0,-8.0,28.81,29.85,30.52,29.68,4.0,1.25,18.0,0.8,0.2,0.8,26.68,28.5,30.03,28.37,7.0,1.77,20.0,0.7,0.2,0.6,16.58,19.89,21.46,19.38,6.0,2.92,20.0,0.7,0.3,0.6,74.0,80.5,90.1,80.8,6.0,8.6,20.0,0.7,0.6,0.79,1.8,3.51,2.13,6.0,1.85,20.0,0.7,0.3,0.6,-2.02,-0.5,1.05,-0.43,6.0,1.98,20.0,0.7,0.3,0.6,-0.99,0.0,0.16,-0.67,6.0,2.04,20.0,0.7,0.3,0.6,1006.45,1007.2,1008.81,1007.5,7.0,1.31,20.0,0.7,0.2,0.6,4.9,6.0,7.0,5.9,7.0,2.0,20.0,0.7,0.2,0.6,-9.0,-0.5,1.9,-2.0,6.0,6.2,20.0,0.7,0.3,0.6,-5.0,0.0,0.2,-3.9,6.0,10.0,20.0,0.7,0.3,0.6,0.63,1.25,2.55,1.58,4.0,1.37,18.0,0.8,0.2,0.8,0.5,1.5,2.3,1.4,3.0,1.3,20.0,0.7,0.3,0.9,7.11,8.0,8.99,8.05,4.0,1.12,18.0,0.8,0.2,0.8,2.2,6.9,17.5,9.8,3.0,11.5,20.0,0.7,0.3,0.9,-58.6,-14.2,29.5,-12.4,6.0,54.3,20.0,0.7,0.3,0.6,-29.7,0.0,4.7,-20.2,6.0,61.2,20.0,0.7,0.3,0.6,-35.2,0.0,24.0,-5.4,5.0,38.2,20.0,0.6,0.3,0.6,0.0,0.0,6.5,3.6,5.0,8.0,20.0,0.6,0.3,0.6,-4.7,0.0,15.3,5.2,3.0,15.3,20.0,0.7,0.3,0.9,0.0,0.0,0.0,0.0,3.0,0.0,20.0,0.7,0.3,0.9,1.0,9.5,51.0,30.5,6.0,51.5,20.0,0.7,0.3,0.6,0.0,10.0,50.0,30.0,6.0,50.0,20.0,0.7,0.3,0.6
1974,2,154.0,-7.0,28.89,29.5,31.0,29.88,10.0,1.37,16.0,0.8,0.4,0.7,27.12,28.0,29.17,28.19,11.0,1.09,18.0,0.8,0.4,0.7,18.06,20.11,21.1,20.0,10.0,1.97,16.0,0.8,0.4,0.6,78.1,80.5,94.5,83.9,10.0,9.5,16.0,0.8,0.6,2.1,2.6,5.35,3.52,11.0,2.25,18.0,0.8,0.4,0.7,-1.75,-1.3,2.11,-0.18,11.0,2.4,18.0,0.8,0.4,0.7,-4.14,-1.35,0.93,-1.84,11.0,3.03,18.0,0.8,0.4,0.7,1003.5,1006.0,1008.21,1006.0,11.0,2.13,18.0,0.8,0.4,0.7,3.0,6.0,8.0,5.7,11.0,2.1,18.0,0.8,0.4,0.7,-11.3,-2.8,6.6,-1.5,11.0,10.9,18.0,0.8,0.4,0.7,-22.4,-3.7,2.1,-11.7,11.0,20.8,18.0,0.8,0.4,0.7,0.21,1.6,3.0,1.77,10.0,1.65,16.0,0.8,0.4,0.7,0.0,3.9,20.2,8.0,10.0,10.0,16.0,0.8,0.4,0.7,4.65,6.47,7.97,6.48,9.0,2.89,16.0,0.8,0.4,0.6,8.4,19.4,42.8,24.5,9.0,19.7,16.0,0.8,0.4,0.6,-47.8,-35.4,59.7,-3.7,11.0,67.8,18.0,0.8,0.4,0.7,-111.5,-37.8,26.8,-49.3,11.0,82.5,18.0,0.8,0.4,0.7,-37.4,-24.8,43.1,-5.0,10.0,49.2,16.0,0.8,0.4,0.6,-96.0,-33.4,4.4,-45.9,10.0,60.1,16.0,0.8,0.4,0.6,-12.2,-8.6,13.7,-4.7,9.0,20.5,16.0,0.8,0.4,0.6,-35.3,-11.0,-1.2,-16.1,9.0,18.0,16.0,0.8,0.4,0.6,9.5,17.5,154.5,98.0,11.0,162.0,18.0,0.8,0.4,0.7,10.0,20.0,155.0,100.0,11.0,160.0,18.0,0.8,0.4,0.7
1974,2,154.0,-6.0,28.16,28.5,28.84,28.5,2.0,0.71,12.0,1.0,0.3,0.7,28.48,29.5,30.26,29.38,4.0,1.11,16.0,0.8,0.3,0.5,20.76,21.77,22.25,21.51,3.0,1.11,18.0,0.7,0.3,0.5,77.7,81.6,84.9,81.3,3.0,5.2,18.0,0.7,0.5,2.48,4.1,5.72,4.1,4.0,2.53,16.0,0.8,0.3,0.5,-4.24,-0.52,2.62,-0.8,4.0,4.41,16.0,0.8,0.3,0.5,-1.86,0.0,1.89,0.01,4.0,2.92,16.0,0.8,0.3,0.5,1005.5,1006.25,1007.47,1006.48,4.0,1.18,16.0,0.8,0.3,0.5,1.9,5.0,6.5,4.3,4.0,3.1,16.0,0.8,0.3,0.5,-27.5,-3.7,9.3,-8.9,4.0,26.2,16.0,0.8,0.3,0.5,-7.6,0.0,13.6,2.8,4.0,16.8,16.0,0.8,0.3,0.5,-2.26,-1.75,-1.24,-1.75,2.0,1.06,12.0,1.0,0.3,0.7,-9.3,-7.2,-5.1,-7.2,2.0,4.3,12.0,1.0,0.3,0.7,1.95,3.19,4.43,3.19,2.0,2.57,12.0,1.0,0.3,0.7,8.0,13.1,18.2,13.1,2.0,10.5,12.0,1.0,0.3,0.7,-120.7,-16.2,79.3,-20.5,4.0,127.9,16.0,0.8,0.3,0.5,-55.8,0.0,52.8,-1.4,4.0,84.7,16.0,0.8,0.3,0.5,-21.5,21.8,69.8,24.1,3.0,66.9,18.0,0.7,0.3,0.5,-49.2,0.0,0.0,-24.0,3.0,41.6,18.0,0.7,0.3,0.5,-7.7,-2.3,3.1,-2.3,2.0,11.2,12.0,1.0,0.3,0.7,-14.9,-8.9,-2.8,-8.9,2.0,12.6,12.0,1.0,0.3,0.7,33.5,69.0,228.5,128.0,4.0,166.5,16.0,0.8,0.3,0.5,35.0,70.0,230.0,130.0,4.0,165.0,16.0,0.8,0.3,0.5
1974,2,154.0,-5.0,30.0,30.0,30.0,30.0,1.0,0.0,6.0,0.0,0.5,0.4,28.16,28.5,28.84,28.5,2.0,0.71,16.0,0.0,0.4,0.6,20.79,22.6,24.41,22.6,2.0,3.75,16.0,0.0,0.4,0.6,86.3,91.9,97.4,91.9,2.0,11.5,16.0,0.0,0.6,0.24,0.75,1.26,0.75,2.0,1.06,16.0,0.0,0.4,0.6,-0.97,-0.57,-0.18,-0.57,2.0,0.81,16.0,0.0,0.4,0.6,-0.81,-0.48,-0.15,-0.48,2.0,0.68,16.0,0.0,0.4,0.6,1005.12,1007.1,1007.58,1006.37,3.0,1.91,20.0,0.3,0.5,0.4,3.8,5.5,7.2,5.5,2.0,3.5,16.0,0.0,0.4,0.6,-1.4,-0.9,-0.3,-0.9,2.0,1.2,16.0,0.0,0.4,0.6,-1.2,-0.7,-0.2,-0.7,2.0,1.0,16.0,0.0,0.4,0.6,2.0,2.0,2.0,2.0,1.0,0.0,6.0,0.0,0.5,0.4,3.0,3.0,3.0,3.0,1.0,0.0,6.0,0.0,0.5,0.4,6.91,6.91,6.91,6.91,1.0,0.0,6.0,0.0,0.5,0.4,10.4,10.4,10.4,10.4,1.0,0.0,6.0,0.0,0.5,0.4,-27.1,-16.1,-5.1,-16.1,2.0,22.8,16.0,0.0,0.4,0.6,-22.7,-13.5,-4.3,-13.5,2.0,19.1,16.0,0.0,0.4,0.6,-19.3,-11.5,-3.6,-11.5,2.0,16.2,16.0,0.0,0.4,0.6,-16.2,-9.6,-3.1,-9.6,2.0,13.6,16.0,0.0,0.4,0.6,-7.9,-7.9,-7.9,-7.9,1.0,0.0,6.0,0.0,0.5,0.4,-6.7,-6.7,-6.7,-6.7,1.0,0.0,6.0,0.0,0.5,0.4,0.5,1.5,3.0,1.5,2.0,2.5,16.0,0.0,0.4,0.6,0.0,0.0,5.0,0.0,2.0,0.0,16.0,0.0,0.4,0.6
1974,2,154.0,-4.0,31.0,31.0,31.0,31.0,1.0,0.0,20.0,1.0,0.3,0.2,27.3,27.3,27.3,27.3,1.0,0.0,20.0,1.0,0.3,0.2,21.18,21.18,21.18,21.18,1.0,0.0,20.0,1.0,0.3,0.2,92.6,92.6,92.6,92.6,1.0,0.0,20.0,1.0,0.2,2.6,2.6,2.6,2.6,1.0,0.0,20.0,1.0,0.3,0.2,-2.56,-2.56,-2.56,-2.56,1.0,0.0,20.0,1.0,0.3,0.2,0.45,0.45,0.45,0.45,1.0,0.0,20.0,1.0,0.3,0.2,1004.5,1004.5,1004.5,1004.5,1.0,0.0,20.0,1.0,0.3,0.2,6.0,6.0,6.0,6.0,1.0,0.0,20.0,1.0,0.3,0.2,-6.7,-6.7,-6.7,-6.7,1.0,0.0,20.0,1.0,0.3,0.2,1.2,1.2,1.2,1.2,1.0,0.0,20.0,1.0,0.3,0.2,3.7,3.7,3.7,3.7,1.0,0.0,20.0,1.0,0.3,0.2,9.6,9.6,9.6,9.6,1.0,0.0,20.0,1.0,0.3,0.2,7.28,7.28,7.28,7.28,1.0,0.0,20.0,1.0,0.3,0.2,18.9,18.9,18.9,18.9,1.0,0.0,20.0,1.0,0.3,0.2,-69.9,-69.9,-69.9,-69.9,1.0,0.0,20.0,1.0,0.3,0.2,12.3,12.3,12.3,12.3,1.0,0.0,20.0,1.0,0.3,0.2,-54.2,-54.2,-54.2,-54.2,1.0,0.0,20.0,1.0,0.3,0.2,9.6,9.6,9.6,9.6,1.0,0.0,20.0,1.0,0.3,0.2,-18.6,-18.6,-18.6,-18.6,1.0,0.0,20.0,1.0,0.3,0.2,3.3,3.3,3.3,3.3,1.0,0.0,20.0,1.0,0.3,0.2,17.5,17.5,17.5,17.5,1.0,0.0,20.0,1.0,0.3,0.2,20.0,20.0,20.0,20.0,1.0,0.0,20.0,1.0,0.3,0.2
1974,2,154.0,-3.0,,,,,,,,,,,,,,,,,,,,,,,,,,,,,,,,,,,,,,,,5.4,6.05,6.7,6.05,2.0,1.34,2.0,1.0,0.5,0.6,3.47,3.89,4.31,3.89,2.0,0.86,2.0,1.0,0.5,0.6,4.14,4.63,5.13,4.63,2.0,1.03,2.0,1.0,0.5,0.6,1004.33,1004.4,1004.47,1004.4,2.0,0.14,2.0,1.0,0.5,0.6,,,,,,,,,,,,,,,,,,,,,,,,,,,,,,,,,,,,,,,,,,,,,,,,,,,,,,,,,,,,,,,,,,,,,,,,,,,,,,,,,,,,,,,,,,,,,,,,,,,,,,,,,,,,,,,,,,,,,,,,,,,,,,,,,,,,,,,,,,,,,,,,,,,,,,
1974,2,154.0,-2.0,,,,,,,,,,,,,,,,,,,,,,,,,,,,,,,,,,,,,,,,2.91,4.65,6.39,4.65,2.0,3.61,2.0,0.5,0.4,0.5,-2.07,-1.23,-0.39,-1.23,2.0,1.74,2.0,0.5,0.4,0.5,-6.03,-4.43,-2.84,-4.43,2.0,3.3,2.0,0.5,0.4,0.5,1007.11,1007.35,1007.59,1007.35,2.0,0.5,2.0,0.5,0.4,0.5,,,,,,,,,,,,,,,,,,,,,,,,,,,,,,,,,,,,,,,,,,,,,,,,,,,,,,,,,,,,,,,,,,,,,,,,,,,,,,,,,,,,,,,,,,,,,,,,,,,,,,,,,,,,,,,,,,,,,,,,,,,,,,,,,,,,,,,,,,,,,,,,,,,,,,
1974,2,154.0,-1.0,29.6,29.6,29.6,29.6,1.0,0.0,2.0,0.0,0.7,0.6,28.2,28.2,28.2,28.2,1.0,0.0,2.0,0.0,0.7,0.6,17.58,17.58,17.58,17.58,1.0,0.0,2.0,0.0,0.7,0.6,73.4,73.4,73.4,73.4,1.0,0.0,2.0,0.0,0.6,2.1,2.1,2.1,2.1,1.0,0.0,2.0,0.0,0.7,0.6,-1.82,-1.82,-1.82,-1.82,1.0,0.0,2.0,0.0,0.7,0.6,-1.05,-1.05,-1.05,-1.05,1.0,0.0,2.0,0.0,0.7,0.6,1009.2,1009.2,1009.2,1009.2,1.0,0.0,2.0,0.0,0.7,0.6,3.0,3.0,3.0,3.0,1.0,0.0,2.0,0.0,0.7,0.6,-3.8,-3.8,-3.8,-3.8,1.0,0.0,2.0,0.0,0.7,0.6,-2.2,-2.2,-2.2,-2.2,1.0,0.0,2.0,0.0,0.7,0.6,1.4,1.4,1.4,1.4,1.0,0.0,2.0,0.0,0.7,0.6,2.9,2.9,2.9,2.9,1.0,0.0,2.0,0.0,0.7,0.6,8.53,8.53,8.53,8.53,1.0,0.0,2.0,0.0,0.7,0.6,17.9,17.9,17.9,17.9,1.0,0.0,2.0,0.0,0.7,0.6,-51.3,-51.3,-51.3,-51.3,1.0,0.0,2.0,0.0,0.7,0.6,-29.6,-29.6,-29.6,-29.6,1.0,0.0,2.0,0.0,0.7,0.6,-32.0,-32.0,-32.0,-32.0,1.0,0.0,2.0,0.0,0.7,0.6,-18.5,-18.5,-18.5,-18.5,1.0,0.0,2.0,0.0,0.7,0.6,-15.5,-15.5,-15.5,-15.5,1.0,0.0,2.0,0.0,0.7,0.6,-9.0,-9.0,-9.0,-9.0,1.0,0.0,2.0,0.0,0.7,0.6,9.5,9.5,9.5,9.5,1.0,0.0,2.0,0.0,0.7,0.6,10.0,10.0,10.0,10.0,1.0,0.0,2.0,0.0,0.7,0.6
1974,2,154.0,0.0,,,,,,,,,,,,,,,,,,,,,,,,,,,,,,,,,,,,,,,,2.1,2.1,2.1,2.1,1.0,0.0,2.0,1.0,0.4,0.8,-2.07,-2.07,-2.07,-2.07,1.0,0.0,2.0,1.0,0.4,0.8,0.36,0.36,0.36,0.36,1.0,0.0,2.0,1.0,0.4,0.8,1008.3,1008.3,1008.3,1008.3,1.0,0.0,2.0,1.0,0.4,0.8,,,,,,,,,,,,,,,,,,,,,,,,,,,,,,,,,,,,,,,,,,,,,,,,,,,,,,,,,,,,,,,,,,,,,,,,,,,,,,,,,,,,,,,,,,,,,,,,,,,,,,,,,,,,,,,,,,,,,,,,,,,,,,,,,,,,,,,,,,,,,,,,,,,,,,
1974,2,154.0,4.0,29.2,29.2,29.2,29.2,1.0,0.0,6.0,1.0,0.8,0.5,26.4,26.4,26.4,26.4,1.0,0.0,6.0,1.0,0.8,0.5,18.18,18.18,18.18,18.18,1.0,0.0,6.0,1.0,0.8,0.5,84.1,84.1,84.1,84.1,1.0,0.0,6.0,1.0,0.5,11.3,11.3,11.3,11.3,1.0,0.0,6.0,1.0,0.8,0.5,-10.62,-10.62,-10.62,-10.62,1.0,0.0,6.0,1.0,0.8,0.5,3.86,3.86,3.86,3.86,1.0,0.0,6.0,1.0,0.8,0.5,1005.8,1005.8,1005.8,1005.8,1.0,0.0,6.0,1.0,0.8,0.5,8.0,8.0,8.0,8.0,1.0,0.0,6.0,1.0,0.8,0.5,-120.0,-120.0,-120.0,-120.0,1.0,0.0,6.0,1.0,0.8,0.5,43.7,43.7,43.7,43.7,1.0,0.0,6.0,1.0,0.8,0.5,2.8,2.8,2.8,2.8,1.0,0.0,6.0,1.0,0.8,0.5,31.6,31.6,31.6,31.6,1.0,0.0,6.0,1.0,0.8,0.5,7.4,7.4,7.4,7.4,1.0,0.0,6.0,1.0,0.8,0.5,83.6,83.6,83.6,83.6,1.0,0.0,6.0,1.0,0.8,0.5,-280.3,-280.3,-280.3,-280.3,1.0,0.0,6.0,1.0,0.8,0.5,102.0,102.0,102.0,102.0,1.0,0.0,6.0,1.0,0.8,0.5,-193.1,-193.1,-193.1,-193.1,1.0,0.0,6.0,1.0,0.8,0.5,70.3,70.3,70.3,70.3,1.0,0.0,6.0,1.0,0.8,0.5,-78.6,-78.6,-78.6,-78.6,1.0,0.0,6.0,1.0,0.8,0.5,28.6,28.6,28.6,28.6,1.0,0.0,6.0,1.0,0.8,0.5,1443.0,1443.0,1443.0,1443.0,1.0,0.0,6.0,1.0,0.8,0.5,1445.0,1445.0,1445.0,1445.0,1.0,0.0,6.0,1.0,0.8,0.5
1974,2,154.0,5.0,29.0,29.0,29.0,29.0,1.0,0.0,6.0,1.0,0.2,0.0,27.2,27.2,27.2,27.2,1.0,0.0,6.0,1.0,0.2,0.0,16.92,16.92,16.92,16.92,1.0,0.0,6.0,1.0,0.2,0.0,74.6,74.6,74.6,74.6,1.0,0.0,6.0,1.0,0.0,,,,,,,,,,,,,,,,,,,,,,,,,,,,,,,,,,,,,,,,,,,,,,,,,,,,,,,,,,,,,,,,,,,,,,,,,,,,,,,,,,,,,,,,,,,,,,,,,,,,,,,,,,,,,,,,,,,,,,,,,,,,,,,,,,,,,,,,,,,,,,,,,,,,,,,,,,,,,,,,,,,,,,,,,,,,,,,,,,,,,,,,,,,,,,
1974,2,154.0,9.0,29.0,29.0,29.0,29.0,1.0,0.0,22.0,0.0,0.3,0.1,26.0,26.0,26.0,26.0,1.0,0.0,22.0,0.0,0.3,0.1,18.7,18.7,18.7,18.7,1.0,0.0,22.0,0.0,0.3,0.1,88.7,88.7,88.7,88.7,1.0,0.0,22.0,0.0,0.1,4.0,4.0,4.0,4.0,1.0,0.0,22.0,0.0,0.3,0.1,2.0,2.0,2.0,2.0,1.0,0.0,22.0,0.0,0.3,0.1,-3.46,-3.46,-3.46,-3.46,1.0,0.0,22.0,0.0,0.3,0.1,1008.5,1008.5,1008.5,1008.5,1.0,0.0,22.0,0.0,0.3,0.1,7.0,7.0,7.0,7.0,1.0,0.0,22.0,0.0,0.3,0.1,8.0,8.0,8.0,8.0,1.0,0.0,22.0,0.0,0.3,0.1,-13.9,-13.9,-13.9,-13.9,1.0,0.0,22.0,0.0,0.3,0.1,3.0,3.0,3.0,3.0,1.0,0.0,22.0,0.0,0.3,0.1,12.0,12.0,12.0,12.0,1.0,0.0,22.0,0.0,0.3,0.1,6.52,6.52,6.52,6.52,1.0,0.0,22.0,0.0,0.3,0.1,26.1,26.1,26.1,26.1,1.0,0.0,22.0,0.0,0.3,0.1,52.0,52.0,52.0,52.0,1.0,0.0,22.0,0.0,0.3,0.1,-90.1,-90.1,-90.1,-90.1,1.0,0.0,22.0,0.0,0.3,0.1,37.4,37.4,37.4,37.4,1.0,0.0,22.0,0.0,0.3,0.1,-64.8,-64.8,-64.8,-64.8,1.0,0.0,22.0,0.0,0.3,0.1,13.0,13.0,13.0,13.0,1.0,0.0,22.0,0.0,0.3,0.1,-22.6,-22.6,-22.6,-22.6,1.0,0.0,22.0,0.0,0.3,0.1,64.0,64.0,64.0,64.0,1.0,0.0,22.0,0.0,0.3,0.1,65.0,65.0,65.0,65.0,1.0,0.0,22.0,0.0,0.3,0.1
1974,2,154.0,11.0,28.4,28.4,28.4,28.4,1.0,0.0,4.0,1.0,0.4,0.6,26.7,26.7,26.7,26.7,1.0,0.0,4.0,1.0,0.4,0.6,17.31,17.31,17.31,17.31,1.0,0.0,4.0,1.0,0.4,0.6,79.2,79.2,79.2,79.2,1.0,0.0,4.0,1.0,0.6,7.7,7.7,7.7,7.7,1.0,0.0,4.0,1.0,0.4,0.6,-5.9,-5.9,-5.9,-5.9,1.0,0.0,4.0,1.0,0.4,0.6,-4.95,-4.95,-4.95,-4.95,1.0,0.0,4.0,1.0,0.4,0.6,1006.11,1008.7,1011.29,1008.7,2.0,5.37,6.0,1.0,0.5,0.4,3.0,3.0,3.0,3.0,1.0,0.0,4.0,1.0,0.4,0.6,-45.4,-45.4,-45.4,-45.4,1.0,0.0,4.0,1.0,0.4,0.6,-38.1,-38.1,-38.1,-38.1,1.0,0.0,4.0,1.0,0.4,0.6,1.7,1.7,1.7,1.7,1.0,0.0,4.0,1.0,0.4,0.6,13.1,13.1,13.1,13.1,1.0,0.0,4.0,1.0,0.4,0.6,6.94,6.94,6.94,6.94,1.0,0.0,4.0,1.0,0.4,0.6,53.4,53.4,53.4,53.4,1.0,0.0,4.0,1.0,0.4,0.6,-157.5,-157.5,-157.5,-157.5,1.0,0.0,4.0,1.0,0.4,0.6,-132.2,-132.2,-132.2,-132.2,1.0,0.0,4.0,1.0,0.4,0.6,-102.1,-102.1,-102.1,-102.1,1.0,0.0,4.0,1.0,0.4,0.6,-85.7,-85.7,-85.7,-85.7,1.0,0.0,4.0,1.0,0.4,0.6,-40.9,-40.9,-40.9,-40.9,1.0,0.0,4.0,1.0,0.4,0.6,-34.3,-34.3,-34.3,-34.3,1.0,0.0,4.0,1.0,0.4,0.6,456.5,456.5,456.5,456.5,1.0,0.0,4.0,1.0,0.4,0.6,455.0,455.0,455.0,455.0,1.0,0.0,4.0,1.0,0.4,0.6
1974,2,154.0,12.0,28.5,28.5,28.5,28.5,2.0,0.0,14.0,0.5,0.4,0.6,27.08,27.25,27.42,27.25,2.0,0.35,14.0,0.5,0.4,0.6,20.7,20.85,21.0,20.85,2.0,0.31,14.0,0.5,0.4,0.6,91.7,92.1,92.4,92.1,2.0,0.8,14.0,0.5,0.6,6.0,7.95,9.9,7.95,2.0,4.03,14.0,0.5,0.4,0.6,-7.72,-6.53,-5.34,-6.53,2.0,2.46,14.0,0.5,0.4,0.6,-5.56,-2.6,0.37,-2.6,2.0,6.14,14.0,0.5,0.4,0.6,1004.6,1007.35,1011.57,1008.05,4.0,4.17,12.0,0.3,0.2,0.5,4.3,5.0,5.7,5.0,2.0,1.4,14.0,0.5,0.4,0.6,-79.1,-56.9,-34.7,-56.9,2.0,45.9,14.0,0.5,0.4,0.6,-61.7,-33.0,-4.4,-33.0,2.0,59.3,14.0,0.5,0.4,0.6,1.08,1.25,1.42,1.25,2.0,0.35,14.0,0.5,0.4,0.6,6.9,10.7,14.4,10.7,2.0,7.8,14.0,0.5,0.4,0.6,3.44,3.56,3.69,3.56,2.0,0.26,14.0,0.5,0.4,0.6,20.9,28.8,36.8,28.8,2.0,16.4,14.0,0.5,0.4,0.6,-208.8,-177.6,-146.3,-177.6,2.0,64.8,14.0,0.5,0.4,0.6,-150.1,-69.7,10.6,-69.7,2.0,166.5,14.0,0.5,0.4,0.6,-159.6,-135.8,-112.0,-135.8,2.0,49.3,14.0,0.5,0.4,0.6,-114.6,-53.2,8.2,-53.2,2.0,127.2,14.0,0.5,0.4,0.6,-28.6,-23.6,-18.5,-23.6,2.0,10.5,14.0,0.5,0.4,0.6,-20.9,-10.1,0.8,-10.1,2.0,22.6,14.0,0.5,0.4,0.6,311.5,696.0,1081.0,696.0,2.0,797.0,14.0,0.5,0.4,0.6,310.0,695.0,1080.0,695.0,2.0,795.0,14.0,0.5,0.4,0.6
1974,2,154.0,13.0,27.06,28.25,29.44,28.25,2.0,2.47,16.0,1.0,0.5,0.1,27.16,27.5,27.84,27.5,2.0,0.71,16.0,1.0,0.5,0.1,18.59,18.59,18.59,18.59,1.0,0.0,28.0,1.0,0.5,0.0,78.4,78.4,78.4,78.4,1.0,0.0,28.0,1.0,0.0,5.43,7.2,8.97,7.2,2.0,3.68,16.0,1.0,0.5,0.1,-6.02,-5.41,-4.81,-5.41,2.0,1.25,16.0,1.0,0.5,0.1,-6.19,-3.35,-0.52,-3.35,2.0,5.87,16.0,1.0,0.5,0.1,1008.49,1009.1,1009.71,1009.1,2.0,1.27,16.0,1.0,0.5,0.1,3.3,4.0,4.7,4.0,2.0,1.4,16.0,1.0,0.5,0.1,-55.2,-41.3,-27.3,-41.3,2.0,28.9,16.0,1.0,0.5,0.1,-61.3,-34.9,-8.6,-34.9,2.0,54.6,16.0,1.0,0.5,0.1,-0.79,0.75,2.29,0.75,2.0,3.18,16.0,1.0,0.5,0.1,-1.1,11.3,23.6,11.3,2.0,25.7,16.0,1.0,0.5,0.1,3.16,3.16,3.16,3.16,1.0,0.0,28.0,1.0,0.5,0.0,14.5,14.5,14.5,14.5,1.0,0.0,28.0,1.0,0.5,0.0,-163.2,-148.5,-133.7,-148.5,2.0,30.6,16.0,1.0,0.5,0.1,-167.0,-90.2,-13.4,-90.2,2.0,159.1,16.0,1.0,0.5,0.1,-84.2,-84.2,-84.2,-84.2,1.0,0.0,28.0,1.0,0.5,0.0,14.8,14.8,14.8,14.8,1.0,0.0,28.0,1.0,0.5,0.0,-14.3,-14.3,-14.3,-14.3,1.0,0.0,28.0,1.0,0.5,0.0,2.5,2.5,2.5,2.5,1.0,0.0,28.0,1.0,0.5,0.0,231.5,519.5,807.5,519.5,2.0,596.5,16.0,1.0,0.5,0.1,230.0,520.0,805.0,520.0,2.0,595.0,16.0,1.0,0.5,0.1
1974,2,154.0,14.0,26.93,27.2,28.43,27.67,3.0,1.17,6.0,0.3,0.4,0.6,26.32,27.0,27.14,26.73,3.0,0.64,6.0,0.3,0.4,0.6,16.65,17.51,18.0,17.33,3.0,1.0,6.0,0.3,0.4,0.6,77.7,77.8,80.5,79.1,3.0,2.3,6.0,0.3,0.6,2.6,2.6,5.06,3.8,3.0,2.08,6.0,0.3,0.4,0.6,-4.02,-2.44,-2.31,-3.15,3.0,1.39,6.0,0.3,0.4,0.6,-3.0,-0.89,0.61,-1.19,3.0,2.66,6.0,0.3,0.4,0.6,1010.85,1013.1,1013.71,1012.3,3.0,2.21,6.0,0.3,0.4,0.6,1.0,3.0,3.0,2.0,3.0,1.7,6.0,0.3,0.4,0.6,-22.1,-6.4,-6.0,-13.9,3.0,13.5,6.0,0.3,0.4,0.6,-17.6,-2.3,1.6,-7.9,3.0,14.8,6.0,0.3,0.4,0.6,-0.14,0.0,2.05,0.93,3.0,1.79,6.0,0.3,0.4,0.6,-0.4,0.0,5.3,2.4,3.0,4.7,6.0,0.3,0.4,0.6,4.25,5.05,7.63,5.92,3.0,2.59,6.0,0.3,0.4,0.6,14.2,23.0,28.7,21.5,3.0,10.7,6.0,0.3,0.4,0.6,-108.3,-63.5,-61.7,-84.5,3.0,38.7,6.0,0.3,0.4,0.6,-81.3,-23.1,16.6,-32.1,3.0,72.2,6.0,0.3,0.4,0.6,-69.8,-41.0,-40.1,-54.6,3.0,24.7,6.0,0.3,0.4,0.6,-52.2,-14.4,11.6,-20.2,3.0,47.0,6.0,0.3,0.4,0.6,-23.2,-21.6,-12.8,-18.1,3.0,8.2,6.0,0.3,0.4,0.6,-16.2,-7.9,1.0,-7.6,3.0,12.6,6.0,0.3,0.4,0.6,17.5,17.5,168.5,91.0,3.0,127.5,6.0,0.3,0.4,0.6,20.0,20.0,170.0,90.0,3.0,125.0,6.0,0.3,0.4,0.6
1974,2,154.0,15.0,26.75,27.0,27.78,27.25,4.0,0.73,12.0,0.8,0.4,0.1,26.19,26.8,30.02,27.86,5.0,2.34,10.0,0.6,0.4,0.3,15.76,16.57,19.2,17.4,5.0,2.31,10.0,0.6,0.4,0.3,72.2,74.3,75.3,73.8,5.0,2.0,10.0,0.6,0.3,2.6,5.1,9.15,6.08,5.0,4.45,10.0,0.6,0.4,0.3,-7.92,-5.1,-2.25,-5.4,5.0,3.83,10.0,0.6,0.4,0.3,-2.45,1.3,2.05,-0.15,5.0,3.85,10.0,0.6,0.4,0.3,1007.63,1009.2,1010.87,1009.18,5.0,1.79,10.0,0.6,0.4,0.3,2.3,3.0,3.4,2.8,5.0,1.1,10.0,0.6,0.4,0.3,-81.5,-26.0,-5.9,-46.4,5.0,62.6,10.0,0.6,0.4,0.3,-32.8,3.4,10.3,-12.1,5.0,44.3,10.0,0.6,0.4,0.3,-2.75,-1.35,0.26,-1.25,4.0,1.74,12.0,0.8,0.4,0.1,-16.3,-7.1,0.7,-7.8,4.0,9.9,12.0,0.8,0.4,0.1,3.46,4.93,6.07,4.77,4.0,1.53,12.0,0.8,0.4,0.1,15.7,15.9,21.2,18.3,4.0,5.1,12.0,0.8,0.4,0.1,-215.5,-158.6,-60.3,-148.7,5.0,96.5,10.0,0.6,0.4,0.3,-61.9,34.7,58.1,-0.3,5.0,101.1,10.0,0.6,0.4,0.3,-132.3,-105.3,-36.9,-92.4,5.0,58.1,10.0,0.6,0.4,0.3,-37.0,21.0,35.9,0.4,5.0,61.0,10.0,0.6,0.4,0.3,-19.3,-14.8,-13.6,-16.4,4.0,4.2,12.0,0.8,0.4,0.1,3.7,7.9,10.6,7.2,4.0,5.4,12.0,0.8,0.4,0.1,17.5,132.5,1069.5,575.0,5.0,1030.0,10.0,0.6,0.4,0.3,20.0,135.0,1070.0,575.0,5.0,1030.0,10.0,0.6,0.4,0.3
1974,2,154.0,16.0,26.7,26.95,27.84,27.18,6.0,0.59,16.0,0.5,0.4,0.4,24.48,25.3,26.22,25.38,6.0,0.92,16.0,0.5,0.4,0.4,12.53,16.49,17.01,15.37,6.0,2.7,16.0,0.5,0.4,0.4,62.1,77.3,86.4,76.1,6.0,13.5,16.0,0.5,0.4,5.43,8.2,9.67,7.62,5.0,2.49,18.0,0.6,0.4,0.4,-6.76,-3.18,-2.51,-4.35,5.0,2.6,18.0,0.6,0.4,0.4,-8.32,-6.62,-2.07,-5.43,5.0,3.4,18.0,0.6,0.4,0.4,1010.74,1012.25,1015.11,1012.77,6.0,2.24,16.0,0.5,0.4,0.4,1.0,4.0,5.4,3.4,5.0,2.3,18.0,0.6,0.4,0.4,-53.7,-29.6,-12.4,-34.7,5.0,28.3,18.0,0.6,0.4,0.4,-73.0,-66.2,-9.3,-46.6,5.0,35.1,18.0,0.6,0.4,0.4,0.87,1.7,3.06,1.8,6.0,1.28,16.0,0.5,0.4,0.4,6.0,10.2,22.0,12.9,5.0,9.7,18.0,0.6,0.4,0.4,5.33,6.49,9.41,7.19,6.0,2.24,16.0,0.5,0.4,0.4,39.0,54.7,56.7,48.7,5.0,11.3,18.0,0.6,0.4,0.4,-171.9,-83.0,-61.6,-111.1,5.0,69.1,18.0,0.6,0.4,0.4,-211.5,-176.8,-50.5,-139.5,5.0,88.9,18.0,0.6,0.4,0.4,-118.7,-52.9,-31.2,-70.8,5.0,47.4,18.0,0.6,0.4,0.4,-138.0,-108.7,-26.2,-87.5,5.0,58.8,18.0,0.6,0.4,0.4,-36.8,-30.6,-15.6,-27.1,5.0,12.8,18.0,0.6,0.4,0.4,-53.6,-35.9,-19.8,-35.6,5.0,20.6,18.0,0.6,0.4,0.4,176.5,551.5,909.5,551.0,5.0,414.5,18.0,0.6,0.4,0.4,175.0,550.0,910.0,550.0,5.0,415.0,18.0,0.6,0.4,0.4
1974,2,154.0,17.0,26.7,26.7,26.7,26.7,2.0,0.0,14.0,0.5,0.7,0.3,26.18,26.35,26.52,26.35,2.0,0.35,14.0,0.5,0.7,0.3,16.64,16.68,16.71,16.68,2.0,0.07,14.0,0.5,0.7,0.3,76.8,77.7,78.7,77.7,2.0,2.0,14.0,0.5,0.3,7.28,7.45,7.62,7.45,2.0,0.35,14.0,0.5,0.7,0.3,-6.48,-4.92,-3.36,-4.92,2.0,3.23,14.0,0.5,0.7,0.3,-6.09,-3.62,-1.15,-3.62,2.0,5.12,14.0,0.5,0.7,0.3,1009.55,1009.65,1009.75,1009.65,2.0,0.21,14.0,0.5,0.7,0.3,6.2,6.5,6.8,6.5,2.0,0.7,14.0,0.5,0.7,0.3,-46.8,-36.1,-25.3,-36.1,2.0,22.3,14.0,0.5,0.7,0.3,-46.9,-27.9,-8.8,-27.9,2.0,39.4,14.0,0.5,0.7,0.3,0.18,0.35,0.52,0.35,2.0,0.35,14.0,0.5,0.7,0.3,1.3,2.5,3.8,2.5,2.0,2.5,14.0,0.5,0.7,0.3,5.26,5.3,5.34,5.3,2.0,0.07,14.0,0.5,0.7,0.3,38.3,39.5,40.7,39.5,2.0,2.4,14.0,0.5,0.7,0.3,-169.2,-129.0,-88.8,-129.0,2.0,83.3,14.0,0.5,0.7,0.3,-161.9,-96.2,-30.5,-96.2,2.0,136.1,14.0,0.5,0.7,0.3,-108.3,-82.1,-55.9,-82.1,2.0,54.2,14.0,0.5,0.7,0.3,-101.2,-60.2,-19.1,-60.2,2.0,85.1,14.0,0.5,0.7,0.3,-34.0,-25.9,-17.9,-25.9,2.0,16.8,14.0,0.5,0.7,0.3,-32.6,-19.4,-6.1,-19.4,2.0,27.4,14.0,0.5,0.7,0.3,386.5,415.0,443.5,415.0,2.0,59.0,14.0,0.5,0.7,0.3,385.0,415.0,445.0,415.0,2.0,60.0,14.0,0.5,0.7,0.3
1974,2,154.0,18.0,27.0,27.0,27.0,27.0,1.0,0.0,10.0,1.0,0.3,0.7,26.5,26.5,26.5,26.5,1.0,0.0,10.0,1.0,0.3,0.7,17.58,17.58,17.58,17.58,1.0,0.0,10.0,1.0,0.3,0.7,81.1,81.1,81.1,81.1,1.0,0.0,10.0,1.0,0.7,7.7,7.7,7.7,7.7,1.0,0.0,10.0,1.0,0.3,0.7,1.34,1.34,1.34,1.34,1.0,0.0,10.0,1.0,0.3,0.7,7.58,7.58,7.58,7.58,1.0,0.0,10.0,1.0,0.3,0.7,1009.0,1009.0,1009.0,1009.0,1.0,0.0,10.0,1.0,0.3,0.7,1.0,1.0,1.0,1.0,1.0,0.0,10.0,1.0,0.3,0.7,10.3,10.3,10.3,10.3,1.0,0.0,10.0,1.0,0.3,0.7,58.4,58.4,58.4,58.4,1.0,0.0,10.0,1.0,0.3,0.7,0.5,0.5,0.5,0.5,1.0,0.0,10.0,1.0,0.3,0.7,3.9,3.9,3.9,3.9,1.0,0.0,10.0,1.0,0.3,0.7,4.81,4.81,4.81,4.81,1.0,0.0,10.0,1.0,0.3,0.7,37.0,37.0,37.0,37.0,1.0,0.0,10.0,1.0,0.3,0.7,35.4,35.4,35.4,35.4,1.0,0.0,10.0,1.0,0.3,0.7,201.0,201.0,201.0,201.0,1.0,0.0,10.0,1.0,0.3,0.7,23.5,23.5,23.5,23.5,1.0,0.0,10.0,1.0,0.3,0.7,133.3,133.3,133.3,133.3,1.0,0.0,10.0,1.0,0.3,0.7,6.4,6.4,6.4,6.4,1.0,0.0,10.0,1.0,0.3,0.7,36.5,36.5,36.5,36.5,1.0,0.0,10.0,1.0,0.3,0.7,456.5,456.5,456.5,456.5,1.0,0.0,10.0,1.0,0.3,0.7,455.0,455.0,455.0,455.0,1.0,0.0,10.0,1.0,0.3,0.7
1974,2,154.0,19.0,25.73,26.0,26.07,25.9,3.0,0.26,10.0,0.3,0.3,0.6,23.33,23.4,24.9,24.1,3.0,1.3,10.0,0.3,0.3,0.6,13.07,13.2,13.73,13.39,3.0,0.51,10.0,0.3,0.3,0.6,67.1,74.4,77.0,72.1,3.0,7.6,10.0,0.3,0.6,5.93,7.7,9.47,7.7,3.0,2.6,10.0,0.3,0.3,0.6,-8.33,-4.42,-4.03,-6.14,3.0,3.48,10.0,0.3,0.3,0.6,-5.36,-2.55,-2.03,-3.67,3.0,2.63,10.0,0.3,0.3,0.6,1012.6,1015.6,1015.6,1014.13,3.0,2.54,10.0,0.3,0.3,0.6,0.3,1.0,1.0,0.7,3.0,0.6,10.0,0.3,0.3,0.6,-80.7,-29.6,-24.8,-52.2,3.0,45.4,10.0,0.3,0.3,0.6,-40.9,-18.4,-14.7,-27.6,3.0,20.8,10.0,0.3,0.3,0.6,0.86,2.7,2.7,1.8,3.0,1.56,10.0,0.3,0.3,0.6,4.4,13.8,18.6,11.5,3.0,10.6,10.0,0.3,0.3,0.6,7.24,7.53,7.68,7.46,3.0,0.33,10.0,0.3,0.3,0.6,44.3,54.7,70.3,57.3,3.0,19.2,10.0,0.3,0.3,0.6,-209.9,-102.9,-94.2,-150.9,3.0,94.4,10.0,0.3,0.3,0.6,-125.4,-59.4,-50.1,-87.1,3.0,60.1,10.0,0.3,0.3,0.6,-108.6,-58.3,-55.2,-81.3,3.0,43.9,10.0,0.3,0.3,0.6,-74.3,-33.7,-26.6,-50.0,3.0,37.7,10.0,0.3,0.3,0.6,-63.0,-34.2,-29.5,-46.0,3.0,26.6,10.0,0.3,0.3,0.6,-38.6,-19.8,-15.5,-26.9,3.0,18.0,10.0,0.3,0.3,0.6,235.5,456.5,891.0,560.5,3.0,488.5,10.0,0.3,0.3,0.6,235.0,455.0,890.0,560.0,3.0,490.0,10.0,0.3,0.3,0.6
1974,2,154.0,20.0,24.9,26.45,27.1,26.03,4.0,1.47,8.0,0.8,0.3,0.1,23.89,24.6,25.0,24.45,4.0,0.68,8.0,0.8,0.3,0.1,12.99,14.52,17.04,14.99,4.0,2.67,8.0,0.8,0.3,0.1,69.0,75.8,88.5,78.6,4.0,12.1,8.0,0.8,0.1,5.86,8.5,10.3,8.1,4.0,2.62,8.0,0.8,0.3,0.1,-6.18,-3.05,-1.77,-3.93,4.0,2.9,8.0,0.8,0.3,0.1,-8.47,-5.88,-4.95,-6.67,4.0,2.45,8.0,0.8,0.3,0.1,1010.49,1016.0,1017.78,1014.4,5.0,4.92,8.0,0.8,0.2,0.2,3.6,5.0,7.0,5.2,5.0,1.8,8.0,0.8,0.2,0.2,-56.3,-23.6,-13.4,-34.4,4.0,32.3,8.0,0.8,0.3,0.1,-87.2,-51.3,-29.2,-57.9,4.0,36.3,8.0,0.8,0.3,0.1,0.52,2.25,2.56,1.58,4.0,1.74,8.0,0.8,0.3,0.1,1.8,17.5,26.4,14.3,4.0,15.8,8.0,0.8,0.3,0.1,3.22,7.6,8.68,6.03,4.0,4.12,8.0,0.8,0.3,0.1,21.6,57.6,78.7,50.5,4.0,37.7,8.0,0.8,0.3,0.1,-151.3,-75.6,-42.9,-96.1,4.0,70.2,8.0,0.8,0.3,0.1,-201.7,-144.3,-123.9,-161.9,4.0,54.5,8.0,0.8,0.3,0.1,-101.6,-51.9,-23.0,-61.8,4.0,47.9,8.0,0.8,0.3,0.1,-114.3,-98.5,-79.6,-97.0,4.0,24.8,8.0,0.8,0.3,0.1,-35.4,-15.3,-7.2,-21.0,4.0,22.8,8.0,0.8,0.3,0.1,-66.1,-43.8,-20.3,-43.3,4.0,34.9,8.0,0.8,0.3,0.1,212.5,696.5,1092.5,654.5,4.0,510.5,8.0,0.8,0.3,0.1,215.0,695.0,1095.0,655.0,4.0,510.0,8.0,0.8,0.3,0.1
1974,2,154.0,21.0,24.48,25.5,26.32,25.4,3.0,1.35,22.0,0.7,0.2,0.4,24.66,25.0,25.0,24.83,3.0,0.29,22.0,0.7,0.2,0.4,13.94,13.99,14.3,14.12,3.0,0.28,22.0,0.7,0.2,0.4,71.5,73.2,73.6,72.6,3.0,1.7,22.0,0.7,0.4,4.08,6.2,11.11,7.57,3.0,5.28,22.0,0.7,0.2,0.4,-9.43,-4.75,-3.34,-6.35,3.0,4.67,22.0,0.7,0.2,0.4,-5.84,-3.99,-2.32,-4.08,3.0,2.58,22.0,0.7,0.2,0.4,1013.32,1014.0,1018.44,1015.83,3.0,4.07,22.0,0.7,0.2,0.4,3.0,3.0,5.0,4.0,3.0,1.7,22.0,0.7,0.2,0.4,-115.5,-29.4,-15.0,-64.4,3.0,79.6,22.0,0.7,0.2,0.4,-69.1,-24.7,-11.1,-39.8,3.0,44.4,22.0,0.7,0.2,0.4,-0.37,1.0,1.48,0.57,3.0,1.4,22.0,0.7,0.2,0.4,-3.2,3.1,16.5,6.6,3.0,14.8,22.0,0.7,0.2,0.4,4.78,6.37,7.47,6.13,3.0,1.98,22.0,0.7,0.2,0.4,21.4,25.0,81.0,50.6,3.0,48.9,22.0,0.7,0.2,0.4,-235.7,-118.7,-82.6,-158.2,3.0,117.3,22.0,0.7,0.2,0.4,-146.0,-99.6,-57.5,-101.7,3.0,64.8,22.0,0.7,0.2,0.4,-132.0,-68.6,-47.4,-89.2,3.0,64.5,22.0,0.7,0.2,0.4,-81.9,-57.5,-33.1,-57.5,3.0,35.8,22.0,0.7,0.2,0.4,-69.3,-19.2,-17.8,-43.0,3.0,43.0,22.0,0.7,0.2,0.4,-41.6,-16.1,-11.8,-26.5,3.0,23.6,22.0,0.7,0.2,0.4,96.0,238.5,1718.0,891.5,3.0,1316.0,22.0,0.7,0.2,0.4,95.0,240.0,1720.0,890.0,3.0,1315.0,22.0,0.7,0.2,0.4
1974,2,154.0,22.0,22.51,24.0,26.32,24.32,5.0,2.04,16.0,0.4,0.5,0.5,21.35,22.3,24.65,23.04,5.0,2.37,16.0,0.4,0.5,0.5,11.17,13.17,15.81,13.61,5.0,2.87,16.0,0.4,0.5,0.5,70.2,74.4,84.8,77.1,5.0,9.4,16.0,0.4,0.5,3.24,5.7,9.65,6.38,5.0,5.0,16.0,0.4,0.5,0.5,-9.03,0.0,1.82,-3.29,5.0,6.8,16.0,0.4,0.5,0.5,-4.04,0.0,1.96,-0.61,5.0,3.96,16.0,0.4,0.5,0.5,1012.94,1015.0,1017.6,1015.18,5.0,2.39,16.0,0.4,0.5,0.5,2.0,5.0,6.0,4.2,5.0,2.0,16.0,0.4,0.5,0.5,-99.1,0.0,9.7,-43.6,5.0,86.7,16.0,0.4,0.5,0.5,-25.0,0.0,11.1,-4.0,5.0,23.0,16.0,0.4,0.5,0.5,-0.78,0.5,3.98,1.28,5.0,3.08,16.0,0.4,0.5,0.5,-6.2,2.6,19.5,7.3,5.0,23.9,16.0,0.4,0.5,0.5,1.42,6.13,9.1,5.43,5.0,4.09,16.0,0.4,0.5,0.5,2.0,9.8,71.8,35.4,5.0,50.4,16.0,0.4,0.5,0.5,-206.5,0.0,43.0,-74.6,5.0,158.6,16.0,0.4,0.5,0.5,-88.6,0.0,52.8,-7.7,5.0,97.1,16.0,0.4,0.5,0.5,-110.8,0.0,28.9,-38.3,5.0,90.6,16.0,0.4,0.5,0.5,-50.7,0.0,35.3,-2.5,5.0,62.8,16.0,0.4,0.5,0.5,-68.1,0.0,1.9,-30.7,5.0,52.8,16.0,0.4,0.5,0.5,-13.9,0.0,1.1,-5.7,5.0,10.3,16.0,0.4,0.5,0.5,84.0,185.0,1217.5,675.5,5.0,1131.5,16.0,0.4,0.5,0.5,85.0,185.0,1220.0,675.0,5.0,1130.0,16.0,0.4,0.5,0.5
1974,2,154.0,23.0,22.2,22.55,23.69,22.93,4.0,1.04,16.0,0.0,0.3,0.2,21.73,22.25,23.89,22.61,8.0,0.96,12.0,0.5,0.3,0.5,10.96,12.99,14.53,12.84,5.0,2.36,14.0,0.4,0.2,0.3,68.0,80.6,83.2,76.3,5.0,10.3,14.0,0.4,0.3,2.88,5.1,6.2,5.59,8.0,3.39,12.0,0.5,0.3,0.5,-5.3,-4.42,-0.16,-3.95,8.0,4.43,12.0,0.5,0.3,0.5,-3.04,-1.41,2.31,-0.63,8.0,3.05,12.0,0.5,0.3,0.5,1010.96,1017.5,1019.3,1016.26,7.0,3.95,12.0,0.4,0.3,0.5,1.0,2.0,3.0,2.3,8.0,1.8,12.0,0.5,0.3,0.5,-32.9,-22.5,-0.2,-33.4,8.0,55.8,12.0,0.5,0.3,0.5,-18.5,-6.7,6.0,-4.9,8.0,15.9,12.0,0.5,0.3,0.5,-0.2,0.2,1.65,0.7,4.0,1.38,16.0,0.0,0.3,0.2,-1.2,3.0,11.8,5.2,4.0,8.5,16.0,0.0,0.3,0.2,3.18,3.58,6.17,4.65,3.0,2.38,20.0,0.0,0.2,0.1,27.2,45.7,46.0,36.8,3.0,15.8,20.0,0.0,0.2,0.1,-118.8,-97.2,-3.9,-86.7,8.0,96.5,12.0,0.5,0.3,0.5,-68.2,-31.2,55.5,-12.8,8.0,69.1,12.0,0.5,0.3,0.5,-107.5,-55.0,-27.7,-67.8,5.0,61.9,14.0,0.4,0.2,0.3,-43.6,-25.2,15.4,-14.3,5.0,36.4,14.0,0.4,0.2,0.3,-42.6,-35.0,-22.1,-32.4,3.0,15.2,20.0,0.0,0.2,0.1,-23.0,-9.3,-2.9,-12.9,3.0,15.0,20.0,0.0,0.2,0.1,30.5,132.5,238.5,380.5,8.0,719.0,12.0,0.5,0.3,0.5,30.0,135.0,240.0,380.0,8.0,720.0,12.0,0.5,0.3,0.5
1974,2,154.0,24.0,21.67,23.0,23.3,22.54,5.0,0.97,16.0,0.4,0.6,0.6,19.58,21.0,21.61,20.6,5.0,1.72,16.0,0.4,0.6,0.6,9.44,11.56,11.96,10.61,5.0,2.53,16.0,0.4,0.6,0.6,63.8,74.9,75.8,69.6,5.0,11.7,16.0,0.4,0.6,5.84,9.3,13.11,9.58,5.0,5.56,16.0,0.4,0.6,0.6,-7.67,-3.18,-2.49,-4.9,5.0,3.39,16.0,0.4,0.6,0.6,-11.72,-7.24,-0.83,-6.84,5.0,6.76,16.0,0.4,0.6,0.6,1013.32,1019.0,1020.37,1016.8,5.0,5.63,16.0,0.4,0.6,0.6,2.0,4.0,6.4,4.2,5.0,2.3,16.0,0.4,0.6,0.6,-107.8,-29.6,-15.0,-54.5,5.0,50.0,16.0,0.4,0.6,0.6,-162.8,-55.7,-2.1,-89.0,5.0,125.3,16.0,0.4,0.6,0.6,0.32,1.0,3.72,1.94,5.0,2.23,16.0,0.4,0.6,0.6,3.3,7.0,23.6,14.2,5.0,20.9,16.0,0.4,0.6,0.6,4.38,5.21,8.42,6.37,5.0,3.11,16.0,0.4,0.6,0.6,29.6,53.7,81.5,56.4,5.0,34.2,16.0,0.4,0.6,0.6,-167.1,-56.6,-52.0,-104.0,5.0,78.9,16.0,0.4,0.6,0.6,-229.1,-151.9,-17.0,-138.2,5.0,141.3,16.0,0.4,0.6,0.6,-92.1,-30.4,-23.3,-54.8,5.0,44.8,16.0,0.4,0.6,0.6,-126.2,-53.5,-9.4,-70.4,5.0,79.6,16.0,0.4,0.6,0.6,-43.0,-22.7,-14.0,-28.1,5.0,17.2,16.0,0.4,0.6,0.6,-76.6,-34.6,-5.4,-41.4,5.0,41.5,16.0,0.4,0.6,0.6,296.0,804.5,2823.5,1640.5,5.0,2377.0,16.0,0.4,0.6,0.6,295.0,805.0,2825.0,1640.0,5.0,2375.0,16.0,0.4,0.6,0.6
1974,2,154.0,25.0,21.34,21.8,23.05,22.18,4.0,1.27,10.0,0.3,0.5,0.4,16.24,17.15,20.47,18.3,4.0,3.16,10.0,0.3,0.5,0.4,7.55,9.02,10.58,9.06,4.0,2.09,10.0,0.3,0.5,0.4,61.9,68.0,76.8,69.3,4.0,11.1,10.0,0.3,0.4,2.5,5.65,8.8,5.65,4.0,3.78,10.0,0.3,0.5,0.4,-4.81,-1.38,0.0,-2.36,4.0,3.15,10.0,0.3,0.5,0.4,-6.24,-1.91,1.3,-2.44,4.0,5.62,10.0,0.3,0.5,0.4,1016.43,1020.15,1021.4,1018.98,4.0,3.44,10.0,0.3,0.5,0.4,0.5,1.5,5.1,2.8,4.0,3.6,10.0,0.3,0.5,0.4,-31.6,-5.0,0.0,-15.3,4.0,24.5,10.0,0.3,0.5,0.4,-54.3,-5.3,14.5,-19.2,4.0,53.8,10.0,0.3,0.5,0.4,0.89,4.4,6.81,3.88,4.0,3.95,10.0,0.3,0.5,0.4,-2.9,12.4,50.5,23.3,4.0,38.7,10.0,0.3,0.5,0.4,5.56,7.96,9.43,7.52,4.0,2.42,10.0,0.3,0.5,0.4,21.5,34.5,63.4,42.1,4.0,33.4,10.0,0.3,0.5,0.4,-101.7,-22.8,0.0,-49.6,4.0,72.0,10.0,0.3,0.5,0.4,-100.3,-32.4,33.5,-33.4,4.0,100.1,10.0,0.3,0.5,0.4,-49.3,-9.1,0.0,-23.9,4.0,36.8,10.0,0.3,0.5,0.4,-55.6,-14.1,17.3,-18.9,4.0,56.2,10.0,0.3,0.5,0.4,-28.2,-13.4,0.0,-14.1,4.0,16.3,10.0,0.3,0.5,0.4,-57.4,-16.4,4.0,-26.2,4.0,45.0,10.0,0.3,0.5,0.4,24.0,251.5,710.5,362.0,4.0,437.0,10.0,0.3,0.5,0.4,25.0,250.0,710.0,360.0,4.0,435.0,10.0,0.3,0.5,0.4
1974,2,154.0,26.0,19.48,19.6,22.82,20.77,7.0,1.74,18.0,1.0,0.3,0.5,18.56,20.45,21.0,20.05,8.0,1.31,16.0,0.9,0.3,0.5,8.99,10.01,11.62,10.33,7.0,2.3,18.0,1.0,0.3,0.5,66.2,69.4,75.8,70.9,7.0,10.6,18.0,1.0,0.5,4.23,6.0,9.33,6.78,9.0,3.28,16.0,0.9,0.3,0.5,-5.14,0.0,1.68,-1.03,9.0,3.57,16.0,0.9,0.3,0.5,-6.84,3.85,3.96,0.06,9.0,6.96,16.0,0.9,0.3,0.5,1010.23,1013.1,1017.58,1013.99,9.0,4.38,16.0,0.9,0.3,0.5,4.3,7.0,8.0,6.2,9.0,2.1,16.0,0.9,0.3,0.5,-30.9,0.0,15.0,-5.8,9.0,22.7,16.0,0.9,0.3,0.5,-72.8,15.8,19.5,-19.1,9.0,76.9,16.0,0.9,0.3,0.5,-0.8,0.0,1.98,0.86,7.0,2.25,18.0,1.0,0.3,0.5,-3.3,0.0,14.2,9.2,7.0,21.6,18.0,1.0,0.3,0.5,3.8,4.29,5.91,4.98,7.0,2.82,18.0,1.0,0.3,0.5,16.9,20.0,41.4,34.3,7.0,34.7,18.0,1.0,0.3,0.5,-102.5,-9.8,31.5,-22.6,8.0,76.5,16.0,0.9,0.3,0.5,40.0,78.0,83.1,40.5,8.0,91.4,16.0,0.9,0.3,0.5,-53.8,12.7,16.0,-8.8,7.0,45.3,18.0,1.0,0.3,0.5,14.9,38.3,41.0,22.5,7.0,44.2,18.0,1.0,0.3,0.5,-27.4,5.5,6.6,-5.6,7.0,20.1,18.0,1.0,0.3,0.5,1.1,13.0,16.3,-4.4,7.0,46.0,18.0,1.0,0.3,0.5,76.5,216.0,879.0,544.5,9.0,863.5,16.0,0.9,0.3,0.5,75.0,215.0,880.0,545.0,9.0,865.0,16.0,0.9,0.3,0.5
1974,2,154.0,27.0,18.51,19.0,20.11,19.3,7.0,1.67,14.0,0.7,0.4,0.5,15.43,18.8,20.15,18.26,9.0,2.44,14.0,0.8,0.3,0.5,7.35,8.74,10.41,8.91,7.0,1.69,16.0,0.9,0.3,0.6,60.4,70.4,80.4,69.9,7.0,9.9,16.0,0.9,0.6,3.37,6.7,8.07,6.11,9.0,2.75,14.0,0.8,0.3,0.5,0.0,1.74,6.51,2.93,9.0,3.17,14.0,0.8,0.3,0.5,-6.41,-3.1,2.49,-2.02,9.0,5.03,14.0,0.8,0.3,0.5,1013.54,1017.75,1021.64,1017.58,8.0,3.94,14.0,0.8,0.4,0.5,1.5,4.0,7.7,4.6,9.0,2.8,14.0,0.8,0.3,0.5,0.0,8.9,47.6,23.1,9.0,30.7,14.0,0.8,0.3,0.5,-45.1,-9.6,9.1,-12.2,9.0,41.4,14.0,0.8,0.3,0.5,-0.52,0.5,2.14,0.83,7.0,2.47,14.0,0.7,0.4,0.5,-1.5,4.1,14.6,7.4,7.0,16.7,14.0,0.7,0.4,0.5,3.63,5.11,5.67,4.83,6.0,1.14,16.0,0.8,0.3,0.5,17.5,30.3,39.5,29.5,6.0,13.2,16.0,0.8,0.3,0.5,0.0,38.4,100.6,50.2,9.0,54.9,14.0,0.8,0.3,0.5,-108.4,-62.0,41.6,-38.3,9.0,93.8,14.0,0.8,0.3,0.5,0.0,17.2,46.6,21.1,7.0,20.8,16.0,0.9,0.3,0.6,-62.6,-47.2,18.4,-32.2,7.0,42.8,16.0,0.9,0.3,0.6,0.0,6.2,32.3,13.4,6.0,16.2,16.0,0.8,0.3,0.5,-34.2,-22.3,-2.7,-18.3,6.0,18.4,16.0,0.8,0.3,0.5,40.5,301.0,526.0,353.5,9.0,391.5,14.0,0.8,0.3,0.5,40.0,300.0,525.0,355.0,9.0,390.0,14.0,0.8,0.3,0.5
1974,2,154.0,28.0,17.92,20.0,20.21,19.37,11.0,1.12,16.0,0.6,0.3,0.5,17.0,17.2,20.0,18.15,11.0,2.47,16.0,0.6,0.3,0.5,8.34,9.31,11.08,9.53,10.0,1.78,16.0,0.6,0.3,0.4,69.7,75.0,82.0,75.9,10.0,6.6,16.0,0.6,0.4,6.79,8.2,11.51,8.49,11.0,2.39,16.0,0.6,0.3,0.5,-4.25,2.8,9.24,3.11,11.0,6.11,16.0,0.6,0.3,0.5,-7.43,1.57,5.07,-0.76,11.0,6.04,16.0,0.6,0.3,0.5,1010.52,1016.0,1020.62,1015.43,11.0,5.25,16.0,0.6,0.3,0.5,1.0,3.0,7.4,4.3,11.0,2.9,16.0,0.6,0.3,0.5,-28.3,20.3,109.0,35.0,11.0,62.8,16.0,0.6,0.3,0.5,-57.2,7.2,33.7,-11.1,11.0,54.3,16.0,0.6,0.3,0.5,-0.53,2.5,3.0,1.22,11.0,2.91,16.0,0.6,0.3,0.5,-7.2,15.4,24.9,6.9,11.0,30.5,16.0,0.6,0.3,0.5,3.38,5.34,5.82,4.57,10.0,1.92,16.0,0.6,0.3,0.4,23.6,37.2,50.5,35.8,10.0,18.3,16.0,0.6,0.3,0.4,-79.2,47.7,171.7,61.3,11.0,124.2,16.0,0.6,0.3,0.5,-119.0,26.7,94.3,-11.3,11.0,104.5,16.0,0.6,0.3,0.5,-45.5,24.9,69.3,22.3,10.0,62.2,16.0,0.6,0.3,0.4,-66.7,18.2,56.5,-3.5,10.0,59.0,16.0,0.6,0.3,0.4,-15.8,5.2,34.0,8.2,10.0,25.3,16.0,0.6,0.3,0.4,-40.2,4.6,19.5,-4.7,10.0,32.0,16.0,0.6,0.3,0.4,317.5,551.5,1525.5,747.5,11.0,602.5,16.0,0.6,0.3,0.5,320.0,550.0,1525.0,750.0,11.0,605.0,16.0,0.6,0.3,0.5
1974,2,154.0,29.0,17.0,17.5,18.5,17.71,15.0,0.98,16.0,0.6,0.4,0.5,13.7,15.6,18.3,16.06,18.0,2.3,14.0,0.7,0.4,0.5,6.59,7.64,9.25,7.8,14.0,1.24,14.0,0.6,0.4,0.5,63.4,70.8,79.3,71.4,14.0,7.2,14.0,0.6,0.5,5.87,11.05,15.58,10.41,18.0,4.86,14.0,0.7,0.4,0.5,-2.33,4.37,11.11,3.98,18.0,6.5,14.0,0.7,0.4,0.5,-12.5,-5.29,4.44,-4.96,18.0,7.29,14.0,0.7,0.4,0.5,1012.94,1017.25,1020.55,1016.89,16.0,3.9,14.0,0.6,0.4,0.5,3.0,4.0,8.0,5.1,18.0,2.2,14.0,0.7,0.4,0.5,-16.1,45.4,156.1,62.6,18.0,90.0,14.0,0.7,0.4,0.5,-195.2,-32.8,37.6,-72.6,18.0,103.1,14.0,0.7,0.4,0.5,-0.27,2.5,4.39,2.24,15.0,2.08,16.0,0.6,0.4,0.5,-2.0,24.6,59.4,27.1,15.0,27.1,16.0,0.6,0.4,0.5,3.36,4.73,5.63,4.75,14.0,1.38,14.0,0.6,0.4,0.5,34.0,57.5,85.5,57.8,14.0,25.2,14.0,0.6,0.4,0.5,-38.3,72.8,146.7,55.8,18.0,96.7,14.0,0.7,0.4,0.5,-183.8,-84.0,68.3,-73.8,18.0,114.7,14.0,0.7,0.4,0.5,-11.3,48.8,81.9,39.4,14.0,47.4,14.0,0.6,0.4,0.5,-100.1,-59.7,48.8,-38.4,14.0,64.7,14.0,0.6,0.4,0.5,-6.0,24.6,57.8,27.5,14.0,30.8,14.0,0.6,0.4,0.5,-68.5,-40.5,18.2,-32.0,14.0,36.9,14.0,0.6,0.4,0.5,206.5,1368.0,3786.5,1818.5,18.0,1827.5,14.0,0.7,0.4,0.5,205.0,1370.0,3785.0,1820.0,18.0,1825.0,14.0,0.7,0.4,0.5
1974,2,154.0,30.0,16.06,17.0,18.21,17.17,11.0,1.17,16.0,0.5,0.5,0.4,14.79,17.0,18.09,16.57,11.0,1.78,16.0,0.5,0.5,0.4,7.08,8.48,11.27,8.86,11.0,2.04,16.0,0.5,0.5,0.4,63.5,74.9,88.5,75.0,11.0,12.3,16.0,0.5,0.4,7.08,11.8,14.52,11.55,11.0,3.94,16.0,0.5,0.5,0.4,-1.82,5.9,13.18,5.91,11.0,7.32,16.0,0.5,0.5,0.4,-0.47,7.7,10.14,5.13,11.0,6.42,16.0,0.5,0.5,0.4,1008.47,1014.5,1019.0,1014.31,11.0,5.83,16.0,0.5,0.5,0.4,1.6,5.0,7.4,4.9,11.0,2.6,16.0,0.5,0.5,0.4,-9.3,63.8,191.4,86.9,11.0,107.4,16.0,0.5,0.5,0.4,-19.7,89.4,142.9,61.4,11.0,88.7,16.0,0.5,0.5,0.4,-1.58,1.0,2.21,0.6,11.0,1.89,16.0,0.5,0.5,0.4,-21.9,6.1,24.7,5.7,11.0,23.8,16.0,0.5,0.5,0.4,1.63,3.58,4.81,3.32,11.0,1.82,16.0,0.5,0.5,0.4,18.2,33.7,62.5,38.7,11.0,25.7,16.0,0.5,0.5,0.4,-30.3,96.1,206.2,96.2,11.0,126.7,16.0,0.5,0.5,0.4,-1.9,142.5,168.3,91.2,11.0,104.6,16.0,0.5,0.5,0.4,-13.5,60.2,100.1,49.3,11.0,66.9,16.0,0.5,0.5,0.4,-0.2,77.8,94.1,52.6,11.0,53.5,16.0,0.5,0.5,0.4,-0.2,25.8,50.7,24.5,11.0,29.9,16.0,0.5,0.5,0.4,-12.1,15.1,31.6,10.7,11.0,25.2,16.0,0.5,0.5,0.4,366.5,1643.0,3085.0,2016.0,11.0,1683.0,16.0,0.5,0.5,0.4,365.0,1645.0,3085.0,2015.0,11.0,1685.0,16.0,0.5,0.5,0.4
1974,2,154.0,31.0,15.11,16.4,18.23,16.62,15.0,1.6,16.0,0.5,0.4,0.5,12.5,13.4,16.24,14.08,16.0,2.32,16.0,0.6,0.4,0.5,5.77,6.54,7.21,6.73,14.0,1.4,14.0,0.5,0.4,0.5,59.3,66.9,78.1,67.9,14.0,8.6,14.0,0.5,0.5,5.33,9.3,12.9,9.3,16.0,4.29,16.0,0.6,0.4,0.5,-2.72,1.76,9.9,3.09,16.0,6.16,16.0,0.6,0.4,0.5,-10.45,-3.85,1.52,-4.22,16.0,6.6,16.0,0.6,0.4,0.5,1014.15,1020.15,1022.37,1018.59,16.0,4.11,16.0,0.6,0.4,0.5,3.0,4.5,7.6,4.8,16.0,2.4,16.0,0.6,0.4,0.5,-11.5,13.5,143.8,46.3,16.0,76.0,16.0,0.6,0.4,0.5,-116.3,-27.3,14.0,-53.1,16.0,94.4,16.0,0.6,0.4,0.5,0.29,3.0,4.36,2.61,15.0,2.8,16.0,0.5,0.4,0.5,2.1,18.0,44.2,21.5,15.0,27.7,16.0,0.5,0.4,0.5,3.39,5.54,6.45,4.98,14.0,1.57,14.0,0.5,0.4,0.5,21.9,36.6,65.7,44.8,14.0,25.8,14.0,0.5,0.4,0.5,-37.5,22.0,155.6,42.3,16.0,93.6,16.0,0.6,0.4,0.5,-136.0,-48.9,25.9,-48.6,16.0,93.9,16.0,0.6,0.4,0.5,-5.8,10.9,54.2,17.2,14.0,38.9,14.0,0.5,0.4,0.5,-77.5,-38.0,11.5,-27.5,14.0,48.4,14.0,0.5,0.4,0.5,-3.5,10.9,33.8,14.9,14.0,24.8,14.0,0.5,0.4,0.5,-51.0,-25.8,5.1,-27.5,14.0,34.0,14.0,0.5,0.4,0.5,152.5,804.5,2146.5,1326.0,16.0,1744.0,16.0,0.6,0.4,0.5,155.0,805.0,2145.0,1325.0,16.0,1745.0,16.0,0.6,0.4,0.5
1974,2,154.0,32.0,16.0,17.05,18.65,17.13,18.0,1.18,14.0,0.6,0.5,0.5,11.02,13.2,16.49,13.69,20.0,2.47,14.0,0.6,0.5,0.5,5.82,6.35,10.03,7.35,19.0,2.29,14.0,0.6,0.5,0.5,62.6,71.8,88.5,74.7,19.0,13.1,14.0,0.6,0.5,10.8,12.6,15.38,13.08,20.0,3.17,14.0,0.6,0.5,0.5,0.03,9.15,13.86,7.76,20.0,5.51,14.0,0.6,0.5,0.5,-10.98,-5.4,10.49,-3.35,20.0,9.2,14.0,0.6,0.5,0.5,1006.51,1014.5,1018.48,1012.41,20.0,6.85,14.0,0.6,0.5,0.5,6.0,6.5,8.0,6.5,20.0,1.5,14.0,0.6,0.5,0.5,0.4,103.8,192.3,103.5,20.0,89.4,14.0,0.6,0.5,0.5,-155.0,-58.3,114.9,-49.9,20.0,144.3,14.0,0.6,0.5,0.5,-0.3,3.9,7.0,3.56,18.0,3.09,14.0,0.6,0.5,0.5,-4.1,45.1,91.1,45.3,18.0,41.1,14.0,0.6,0.5,0.5,1.57,5.34,7.55,4.74,17.0,2.76,14.0,0.6,0.5,0.5,20.3,60.4,98.5,60.5,17.0,38.5,14.0,0.6,0.5,0.5,0.6,107.6,166.6,99.8,20.0,73.4,14.0,0.6,0.5,0.5,-121.3,-69.3,167.8,-32.6,20.0,139.0,14.0,0.6,0.5,0.5,0.0,55.3,83.2,49.0,19.0,34.8,14.0,0.6,0.5,0.5,-65.6,-34.3,79.5,-12.6,19.0,85.4,14.0,0.6,0.5,0.5,0.0,41.5,85.3,43.5,17.0,36.5,14.0,0.6,0.5,0.5,-57.2,-24.0,1.3,-28.5,17.0,34.1,14.0,0.6,0.5,0.5,1259.5,2004.0,3642.0,2634.5,20.0,2121.0,14.0,0.6,0.5,0.5,1260.0,2005.0,3640.0,2635.0,20.0,2120.0,14.0,0.6,0.5,0.5
1974,2,154.0,33.0,16.33,17.3,18.47,17.45,27.0,1.43,16.0,0.6,0.4,0.5,9.5,13.45,16.0,13.14,32.0,3.15,16.0,0.7,0.4,0.5,6.12,7.22,9.75,7.67,28.0,1.81,16.0,0.6,0.4,0.5,72.6,83.5,91.8,82.4,28.0,9.6,16.0,0.6,0.5,7.8,12.3,18.8,12.85,33.0,5.34,16.0,0.7,0.4,0.5,-2.82,5.27,11.8,4.79,33.0,8.04,16.0,0.7,0.4,0.5,-9.9,0.0,13.07,0.11,33.0,10.51,16.0,0.7,0.4,0.5,1004.18,1012.0,1019.49,1011.2,33.0,6.96,16.0,0.7,0.4,0.5,4.1,7.0,8.0,6.3,33.0,1.7,16.0,0.7,0.4,0.5,-33.1,68.2,181.7,69.3,33.0,138.8,16.0,0.7,0.4,0.5,-148.7,0.0,174.1,-3.1,33.0,189.1,16.0,0.7,0.4,0.5,0.0,5.0,7.5,4.58,27.0,3.97,16.0,0.6,0.4,0.5,0.0,61.6,120.3,66.2,27.0,73.6,16.0,0.6,0.4,0.5,1.36,5.55,7.27,4.79,26.0,2.58,16.0,0.7,0.4,0.4,13.1,66.9,119.2,67.0,26.0,48.2,16.0,0.7,0.4,0.4,-38.2,85.3,135.4,58.5,32.0,90.9,16.0,0.7,0.4,0.5,-99.1,0.0,182.8,20.2,32.0,145.4,16.0,0.7,0.4,0.5,-6.9,54.9,89.0,41.8,28.0,54.9,16.0,0.6,0.4,0.5,-66.1,-8.1,108.1,8.1,28.0,87.6,16.0,0.6,0.4,0.5,-2.4,19.2,69.5,32.9,26.0,50.5,16.0,0.7,0.4,0.4,-86.6,-5.6,15.4,-21.9,26.0,53.2,16.0,0.7,0.4,0.4,478.0,1861.0,6673.5,3213.0,33.0,3544.5,16.0,0.7,0.4,0.5,480.0,1860.0,6675.0,3215.0,33.0,3545.0,16.0,0.7,0.4,0.5
1974,2,154.0,34.0,15.45,16.0,17.0,15.94,13.0,1.15,14.0,0.5,0.5,0.5,9.0,11.45,13.81,11.63,16.0,2.57,16.0,0.5,0.5,0.4,4.92,6.18,8.13,6.3,13.0,1.36,14.0,0.5,0.5,0.5,63.1,77.4,88.0,75.3,13.0,12.6,14.0,0.5,0.5,7.08,10.55,15.4,10.93,16.0,5.13,16.0,0.5,0.5,0.4,-4.4,8.08,13.86,5.58,16.0,8.49,16.0,0.5,0.5,0.4,-8.51,-3.16,3.49,-2.72,16.0,6.37,16.0,0.5,0.5,0.4,1010.0,1015.25,1020.0,1014.41,16.0,5.66,16.0,0.5,0.5,0.4,3.0,7.0,8.0,5.8,15.0,2.3,16.0,0.5,0.5,0.5,-36.1,73.8,204.9,84.8,16.0,122.8,16.0,0.5,0.5,0.4,-139.6,-30.1,35.1,-37.7,16.0,88.6,16.0,0.5,0.5,0.4,3.32,4.3,7.0,4.55,13.0,2.55,14.0,0.5,0.5,0.5,21.6,36.1,101.5,51.8,13.0,42.0,14.0,0.5,0.5,0.5,3.27,5.27,6.0,4.91,12.0,1.56,14.0,0.6,0.5,0.5,39.0,54.3,84.6,56.1,12.0,24.2,14.0,0.6,0.5,0.5,-56.3,82.6,144.2,57.1,16.0,100.1,16.0,0.5,0.5,0.4,-81.9,-30.0,47.8,-24.8,16.0,82.7,16.0,0.5,0.5,0.4,-44.4,17.1,79.8,25.1,13.0,57.4,14.0,0.5,0.5,0.5,-45.7,-15.2,18.7,-19.6,13.0,41.7,14.0,0.5,0.5,0.5,-32.2,28.2,75.0,25.4,12.0,48.1,14.0,0.6,0.5,0.5,-39.6,-27.0,12.1,-14.7,12.0,27.6,14.0,0.6,0.5,0.5,360.0,1176.0,3652.5,2035.0,16.0,1814.5,16.0,0.5,0.5,0.4,360.0,1175.0,3650.0,2035.0,16.0,1815.0,16.0,0.5,0.5,0.4
1974,2,154.0,35.0,13.31,14.25,15.49,14.35,14.0,1.61,16.0,0.6,0.4,0.5,8.22,10.0,13.65,10.72,17.0,2.86,14.0,0.6,0.4,0.5,4.93,5.78,7.59,6.16,15.0,1.6,14.0,0.7,0.4,0.5,67.7,74.1,80.4,75.3,15.0,7.6,14.0,0.7,0.5,9.57,14.4,16.37,13.22,17.0,3.87,14.0,0.6,0.4,0.5,1.81,9.9,14.67,8.21,17.0,7.12,14.0,0.6,0.4,0.5,-8.4,-4.75,2.75,-2.91,17.0,8.34,14.0,0.6,0.4,0.5,1005.54,1013.2,1014.73,1010.24,17.0,5.87,14.0,0.6,0.4,0.5,4.5,6.0,8.0,6.2,17.0,1.7,14.0,0.6,0.4,0.5,6.9,152.4,222.4,119.6,17.0,116.7,14.0,0.6,0.4,0.5,-103.3,-56.9,25.6,-33.9,17.0,126.8,14.0,0.6,0.4,0.5,-0.44,3.9,6.97,3.61,14.0,3.44,16.0,0.6,0.4,0.5,-7.7,55.7,111.1,52.6,14.0,52.4,16.0,0.6,0.4,0.5,2.56,4.35,5.62,4.04,14.0,1.81,16.0,0.6,0.4,0.5,14.4,59.4,84.1,56.6,14.0,31.0,16.0,0.6,0.4,0.5,16.3,104.3,149.4,82.6,17.0,72.4,14.0,0.6,0.4,0.5,-78.8,-50.0,39.7,-14.9,17.0,107.3,14.0,0.6,0.4,0.5,5.3,67.8,83.1,48.9,15.0,41.6,14.0,0.7,0.4,0.5,-38.9,-24.8,36.5,-3.7,15.0,67.9,14.0,0.7,0.4,0.5,0.3,35.5,80.7,35.7,14.0,37.6,16.0,0.6,0.4,0.5,-43.7,-13.2,3.7,-18.5,14.0,35.4,16.0,0.6,0.4,0.5,878.0,2986.0,4439.0,2822.0,17.0,1761.0,14.0,0.6,0.4,0.5,880.0,2985.0,4440.0,2820.0,17.0,1760.0,14.0,0.6,0.4,0.5
1974,2,154.0,36.0,12.37,13.15,15.15,13.62,12.0,1.77,14.0,0.5,0.5,0.4,6.04,8.0,10.63,8.29,15.0,2.5,14.0,0.4,0.5,0.5,4.23,5.22,6.09,5.44,14.0,1.51,14.0,0.4,0.6,0.4,62.3,81.6,87.2,77.6,14.0,11.7,14.0,0.4,0.4,9.3,13.4,20.25,14.59,15.0,5.72,14.0,0.4,0.5,0.5,3.78,8.74,20.18,10.31,15.0,9.55,14.0,0.4,0.5,0.5,-7.14,-4.2,5.05,-2.8,15.0,6.87,14.0,0.4,0.5,0.5,996.03,1011.0,1014.6,1006.27,15.0,10.38,14.0,0.4,0.5,0.5,6.0,8.0,8.0,6.9,15.0,1.7,14.0,0.4,0.5,0.5,33.1,97.8,409.1,184.0,15.0,221.3,14.0,0.4,0.5,0.5,-113.6,-52.6,61.1,-46.9,15.0,98.6,14.0,0.4,0.5,0.5,3.75,4.85,6.98,5.19,12.0,2.21,14.0,0.5,0.5,0.4,30.3,91.9,114.9,80.3,12.0,40.6,14.0,0.5,0.5,0.4,3.32,4.53,4.97,4.29,12.0,1.42,14.0,0.5,0.5,0.4,34.7,66.6,88.4,65.4,12.0,31.7,14.0,0.5,0.5,0.4,46.8,66.4,150.1,79.2,15.0,76.6,14.0,0.4,0.5,0.5,-57.5,-23.3,41.4,-15.1,15.0,65.2,14.0,0.4,0.5,0.5,26.0,44.4,112.6,50.5,14.0,52.5,14.0,0.4,0.6,0.4,-35.0,-22.2,21.6,-12.4,14.0,42.7,14.0,0.4,0.6,0.4,0.1,48.9,74.1,39.7,12.0,49.9,14.0,0.5,0.5,0.4,-43.8,-18.9,14.4,-19.7,12.0,32.4,14.0,0.5,0.5,0.4,804.5,2406.0,8324.0,4522.0,15.0,4839.0,14.0,0.4,0.5,0.5,805.0,2405.0,8325.0,4520.0,15.0,4840.0,14.0,0.4,0.5,0.5
1974,2,154.0,37.0,11.08,12.25,13.81,12.6,16.0,1.78,14.0,0.4,0.4,0.4,5.0,6.6,11.3,7.92,18.0,3.33,14.0,0.3,0.5,0.4,4.04,4.7,5.61,5.15,15.0,1.81,14.0,0.3,0.5,0.4,59.5,80.8,90.5,77.3,15.0,15.2,14.0,0.3,0.4,7.9,12.35,19.0,13.19,18.0,5.42,14.0,0.3,0.5,0.4,0.0,6.64,17.78,7.5,18.0,8.76,14.0,0.3,0.5,0.4,-11.8,-1.69,7.0,-1.59,18.0,8.64,14.0,0.3,0.5,0.4,1004.52,1011.1,1017.07,1010.02,18.0,7.87,14.0,0.3,0.5,0.4,3.0,6.0,8.0,5.9,17.0,2.0,14.0,0.3,0.5,0.4,0.0,88.5,331.9,131.0,18.0,163.2,14.0,0.3,0.5,0.4,-156.2,-6.1,68.7,-31.3,18.0,134.9,14.0,0.3,0.5,0.4,0.0,5.55,7.31,4.69,16.0,3.79,14.0,0.4,0.4,0.4,0.0,61.1,129.7,68.3,16.0,58.5,14.0,0.4,0.4,0.4,2.99,4.06,5.87,4.0,15.0,2.09,14.0,0.3,0.5,0.4,16.6,63.6,81.0,55.0,15.0,32.7,14.0,0.3,0.5,0.4,0.0,49.7,84.9,44.2,18.0,68.6,14.0,0.3,0.5,0.4,-61.0,-10.5,85.9,1.9,18.0,70.2,14.0,0.3,0.5,0.4,1.4,32.5,81.6,41.2,15.0,37.2,14.0,0.3,0.5,0.4,-47.3,-17.9,51.7,-2.8,15.0,49.7,14.0,0.3,0.5,0.4,0.0,28.8,74.2,36.5,15.0,36.0,14.0,0.3,0.5,0.4,-47.6,-10.0,25.1,-12.7,15.0,37.7,14.0,0.3,0.5,0.4,497.5,1895.0,6859.0,3390.5,18.0,3224.5,14.0,0.3,0.5,0.4,500.0,1895.0,6860.0,3390.0,18.0,3225.0,14.0,0.3,0.5,0.4
1974,2,154.0,38.0,11.63,13.0,13.81,12.83,9.0,2.03,12.0,0.4,0.5,0.3,7.13,7.5,11.1,8.99,9.0,2.81,12.0,0.4,0.5,0.3,4.09,5.37,7.22,5.48,9.0,1.5,12.0,0.4,0.5,0.3,65.7,73.0,85.4,75.2,9.0,12.1,12.0,0.4,0.3,6.24,15.4,23.62,14.8,9.0,8.63,12.0,0.4,0.5,0.3,-4.76,2.8,20.02,6.15,9.0,11.14,12.0,0.4,0.5,0.3,-5.33,5.61,16.91,5.54,9.0,10.94,12.0,0.4,0.5,0.3,984.76,1010.0,1012.8,1003.41,9.0,15.98,12.0,0.4,0.5,0.3,5.0,8.0,8.0,6.8,8.0,1.8,10.0,0.4,0.5,0.3,-42.2,23.0,477.9,155.9,9.0,271.6,12.0,0.4,0.5,0.3,-54.4,32.0,323.3,145.5,9.0,223.9,12.0,0.4,0.5,0.3,-0.37,5.5,6.87,3.84,9.0,4.16,12.0,0.4,0.5,0.3,-6.6,54.2,96.5,50.0,9.0,66.0,12.0,0.4,0.5,0.3,1.14,4.92,5.16,3.85,9.0,2.45,12.0,0.4,0.5,0.3,20.6,41.7,112.9,57.0,9.0,50.5,12.0,0.4,0.5,0.3,-42.7,16.8,149.2,51.2,9.0,92.8,12.0,0.4,0.5,0.3,-39.3,64.6,168.0,67.3,9.0,110.9,12.0,0.4,0.5,0.3,-29.5,11.7,81.4,28.1,9.0,55.5,12.0,0.4,0.5,0.3,-23.3,44.6,95.1,36.3,9.0,61.1,12.0,0.4,0.5,0.3,-5.9,14.2,99.3,33.0,9.0,52.1,12.0,0.4,0.5,0.3,-35.6,2.8,52.0,9.4,9.0,46.6,12.0,0.4,0.5,0.3,258.5,3652.5,13970.5,6395.0,9.0,8460.5,12.0,0.4,0.5,0.3,260.0,3650.0,13970.0,6395.0,9.0,8460.0,12.0,0.4,0.5,0.3
1974,2,154.0,39.0,8.43,10.25,11.65,10.05,4.0,2.35,14.0,0.3,0.4,0.5,1.37,5.25,8.1,4.52,6.0,3.98,14.0,0.2,0.4,0.5,3.36,3.9,4.43,3.9,2.0,1.1,20.0,0.5,0.6,0.4,76.4,85.6,87.2,82.0,4.0,8.4,14.0,0.3,0.5,12.31,21.6,23.91,18.62,6.0,7.2,14.0,0.2,0.4,0.5,7.25,18.0,19.95,13.63,6.0,10.21,14.0,0.2,0.4,0.5,-10.51,3.41,12.95,2.13,6.0,11.62,14.0,0.2,0.4,0.5,1004.51,1007.1,1012.49,1008.47,3.0,5.97,20.0,0.3,0.7,0.3,5.0,7.0,8.0,6.7,6.0,1.5,14.0,0.2,0.4,0.5,110.0,398.9,460.1,313.4,6.0,214.0,14.0,0.2,0.4,0.5,-221.1,55.5,316.6,51.6,6.0,258.2,14.0,0.2,0.4,0.5,0.17,4.6,7.72,3.98,4.0,4.55,14.0,0.3,0.4,0.5,1.0,42.9,118.3,58.9,4.0,92.0,14.0,0.3,0.4,0.5,4.47,4.6,4.73,4.6,2.0,0.27,20.0,0.5,0.6,0.4,40.2,67.8,95.5,67.8,2.0,57.3,20.0,0.5,0.6,0.4,-25.2,76.0,145.1,65.6,6.0,81.7,14.0,0.2,0.4,0.5,-37.6,-15.7,75.7,8.6,6.0,75.0,14.0,0.2,0.4,0.5,-13.3,16.9,47.0,16.9,2.0,62.4,20.0,0.5,0.6,0.4,-31.2,-22.6,-13.9,-22.6,2.0,17.9,20.0,0.5,0.6,0.4,-6.7,34.1,74.9,34.1,2.0,84.5,20.0,0.5,0.6,0.4,-47.1,-31.8,-16.5,-31.8,2.0,31.7,20.0,0.5,0.6,0.4,2180.5,10142.5,13675.0,8598.5,6.0,5960.5,14.0,0.2,0.4,0.5,2180.0,10140.0,13675.0,8600.0,6.0,5960.0,14.0,0.2,0.4,0.5
1974,2,154.0,40.0,8.9,9.4,11.05,9.63,7.0,1.6,10.0,0.6,0.3,0.4,2.0,5.0,7.1,4.83,7.0,2.7,10.0,0.6,0.3,0.4,3.51,3.78,4.62,4.05,4.0,0.92,10.0,0.5,0.2,0.5,73.1,86.5,89.1,82.3,5.0,9.6,10.0,0.6,0.5,9.22,12.9,15.52,12.71,7.0,3.48,10.0,0.6,0.3,0.4,1.22,6.16,11.73,6.04,7.0,7.21,10.0,0.6,0.3,0.4,-8.33,-3.85,12.8,0.19,7.0,10.3,10.0,0.6,0.3,0.4,995.91,1009.6,1013.39,1005.73,6.0,9.89,12.0,0.5,0.3,0.4,6.4,7.0,8.0,6.8,6.0,1.5,10.0,0.7,0.3,0.4,11.8,110.8,146.5,91.3,7.0,92.7,10.0,0.6,0.3,0.4,-86.2,-41.2,175.2,22.6,7.0,153.6,10.0,0.6,0.3,0.4,1.81,6.6,8.05,4.8,7.0,3.94,10.0,0.6,0.3,0.4,23.8,61.6,102.1,54.7,7.0,52.2,10.0,0.6,0.3,0.4,2.99,4.35,4.65,3.84,4.0,1.41,10.0,0.5,0.2,0.5,28.2,43.6,58.7,43.5,4.0,18.2,10.0,0.5,0.2,0.5,8.6,32.1,49.7,28.4,7.0,24.2,10.0,0.6,0.3,0.4,-42.1,-7.7,91.2,17.2,7.0,75.1,10.0,0.6,0.3,0.4,0.3,31.0,40.7,21.0,4.0,29.6,10.0,0.5,0.2,0.5,-24.0,-14.3,29.5,2.0,4.0,44.6,10.0,0.5,0.2,0.5,-11.3,28.2,49.5,19.5,4.0,37.7,10.0,0.5,0.2,0.5,-30.0,-17.5,3.6,-13.4,4.0,26.1,10.0,0.5,0.2,0.5,787.5,2146.5,3756.5,2451.5,7.0,1826.0,10.0,0.6,0.3,0.4,790.0,2145.0,3755.0,2450.0,7.0,1825.0,10.0,0.6,0.3,0.4
1974,2,154.0,41.0,6.4,7.5,8.68,7.52,6.0,1.2,14.0,0.2,0.4,0.5,0.56,1.0,1.97,1.21,8.0,0.81,10.0,0.3,0.4,0.4,2.95,3.18,4.0,3.41,6.0,0.69,14.0,0.2,0.4,0.5,68.4,82.4,92.4,81.5,6.0,13.2,14.0,0.2,0.5,7.88,11.1,18.05,12.24,8.0,4.92,10.0,0.3,0.4,0.4,5.07,8.17,17.49,8.63,8.0,8.05,10.0,0.3,0.4,0.4,-6.62,-4.05,-3.23,-5.11,8.0,3.95,10.0,0.3,0.4,0.4,1001.45,1005.0,1016.02,1008.61,7.0,7.69,12.0,0.3,0.4,0.4,5.2,7.5,8.0,6.9,8.0,1.6,10.0,0.3,0.4,0.4,41.5,80.6,315.7,132.1,8.0,144.8,10.0,0.3,0.4,0.4,-123.4,-54.1,-30.0,-69.5,8.0,63.1,10.0,0.3,0.4,0.4,4.74,5.8,7.81,6.23,6.0,1.79,14.0,0.2,0.4,0.5,57.7,86.0,95.7,80.5,6.0,21.4,14.0,0.2,0.4,0.5,2.03,3.3,3.92,3.06,6.0,0.96,14.0,0.2,0.4,0.5,29.2,35.4,50.9,39.2,6.0,12.6,14.0,0.2,0.4,0.5,0.3,7.7,19.6,11.1,8.0,17.6,10.0,0.3,0.4,0.4,-7.6,-5.1,-0.4,-5.6,8.0,5.4,10.0,0.3,0.4,0.4,8.4,33.6,55.5,32.5,6.0,35.2,14.0,0.2,0.4,0.5,-33.3,-17.5,-11.0,-21.6,6.0,13.2,14.0,0.2,0.4,0.5,7.8,26.8,36.8,22.3,6.0,27.6,14.0,0.2,0.4,0.5,-28.7,-13.2,-10.1,-19.3,6.0,14.1,14.0,0.2,0.4,0.5,495.0,1424.0,5960.5,2649.5,8.0,2802.5,10.0,0.3,0.4,0.4,495.0,1425.0,5960.0,2650.0,8.0,2805.0,10.0,0.3,0.4,0.4
1974,2,154.0,42.0,2.76,5.5,7.81,5.56,16.0,2.48,14.0,0.6,0.4,0.4,1.0,3.0,4.92,2.75,17.0,2.29,14.0,0.6,0.4,0.4,3.07,3.64,4.07,3.59,11.0,0.72,16.0,0.6,0.4,0.5,69.9,85.0,96.4,82.6,14.0,14.4,14.0,0.6,0.5,5.42,8.7,16.14,10.34,17.0,5.01,14.0,0.6,0.4,0.4,-0.62,5.7,11.45,4.78,17.0,6.34,14.0,0.6,0.4,0.4,-9.89,-6.3,0.54,-5.21,17.0,6.73,14.0,0.6,0.4,0.4,1008.66,1013.0,1014.17,1012.24,14.0,2.61,16.0,0.6,0.4,0.5,4.5,8.0,8.0,6.6,17.0,1.9,14.0,0.6,0.4,0.4,-4.7,32.5,152.1,67.1,17.0,91.7,14.0,0.6,0.4,0.4,-153.5,-42.2,3.6,-75.8,17.0,115.0,14.0,0.6,0.4,0.4,0.38,4.0,5.0,2.69,16.0,3.34,14.0,0.6,0.4,0.4,1.8,31.4,59.2,26.7,16.0,37.3,14.0,0.6,0.4,0.4,1.47,2.3,2.97,2.33,11.0,0.8,16.0,0.6,0.4,0.5,12.6,21.2,29.7,21.7,11.0,11.4,16.0,0.6,0.4,0.5,-7.8,4.6,33.5,10.0,17.0,28.5,14.0,0.6,0.4,0.4,-54.1,-5.3,4.9,-14.3,17.0,27.5,14.0,0.6,0.4,0.4,-2.0,9.9,40.3,18.1,11.0,22.0,16.0,0.6,0.4,0.5,-39.6,-11.7,2.4,-16.8,11.0,24.6,16.0,0.6,0.4,0.5,-2.2,7.7,18.2,8.5,11.0,12.1,16.0,0.6,0.4,0.5,-26.0,-9.2,1.0,-12.5,11.0,15.9,16.0,0.6,0.4,0.5,161.0,658.5,4233.0,1905.5,17.0,2449.5,14.0,0.6,0.4,0.4,160.0,660.0,4235.0,1905.0,17.0,2450.0,14.0,0.6,0.4,0.4
1974,2,154.0,43.0,2.0,3.0,3.83,3.06,22.0,1.16,20.0,0.5,0.5,0.5,-1.0,1.6,4.76,2.07,23.0,2.89,20.0,0.4,0.5,0.5,2.55,3.37,5.14,3.75,17.0,1.28,20.0,0.5,0.4,0.5,69.4,82.8,94.8,82.9,17.0,12.2,20.0,0.5,0.5,5.3,9.4,17.64,10.52,22.0,5.32,20.0,0.5,0.5,0.5,-7.28,0.87,7.66,1.03,22.0,8.99,20.0,0.5,0.5,0.5,-5.44,-1.47,7.8,0.39,22.0,7.89,20.0,0.5,0.5,0.5,997.0,1013.05,1016.5,1008.66,22.0,11.18,20.0,0.5,0.5,0.5,5.3,8.0,8.0,7.0,22.0,1.6,20.0,0.5,0.4,0.5,-74.9,3.2,81.5,11.0,22.0,140.2,20.0,0.5,0.5,0.5,-66.6,-5.4,78.5,20.5,22.0,125.6,20.0,0.5,0.5,0.5,-1.33,0.75,4.17,0.94,22.0,3.0,20.0,0.5,0.5,0.5,-17.2,7.7,33.5,4.1,21.0,41.9,20.0,0.5,0.5,0.4,0.11,1.0,2.22,0.98,17.0,1.18,20.0,0.5,0.4,0.5,1.5,7.2,17.4,7.6,17.0,13.4,20.0,0.5,0.4,0.5,-13.9,-4.9,17.7,-5.4,22.0,33.0,20.0,0.5,0.5,0.5,-3.6,3.1,24.9,17.7,22.0,47.0,20.0,0.5,0.5,0.5,-24.8,5.1,21.7,-3.2,17.0,36.3,20.0,0.5,0.4,0.5,-16.1,-3.6,30.7,7.1,17.0,37.0,20.0,0.5,0.4,0.5,-3.4,0.0,13.4,4.6,17.0,10.1,20.0,0.5,0.4,0.5,-12.3,-3.6,1.2,-5.9,17.0,9.0,20.0,0.5,0.4,0.5,150.0,835.0,5677.5,2081.0,22.0,2604.5,20.0,0.5,0.5,0.5,150.0,835.0,5680.0,2080.0,22.0,2605.0,20.0,0.5,0.5,0.5
1974,2,154.0,44.0,1.44,2.0,3.0,2.29,16.0,1.05,12.0,0.3,0.3,0.5,-2.0,0.0,1.58,0.01,17.0,1.72,12.0,0.3,0.3,0.5,2.94,3.32,3.79,3.35,13.0,0.41,10.0,0.2,0.3,0.5,81.8,90.4,93.6,87.4,13.0,11.8,10.0,0.2,0.5,7.97,10.3,16.18,11.5,17.0,4.66,10.0,0.4,0.3,0.6,-6.18,7.53,15.13,4.74,17.0,10.96,10.0,0.4,0.3,0.6,-4.7,-3.39,-0.87,-2.43,17.0,3.44,10.0,0.4,0.3,0.6,997.07,1011.75,1014.62,1005.16,16.0,14.07,10.0,0.3,0.3,0.6,4.7,8.0,8.0,7.0,18.0,1.6,12.0,0.3,0.3,0.5,-63.3,65.5,232.6,61.3,17.0,178.3,10.0,0.4,0.3,0.6,-51.2,-37.8,-8.1,-28.9,17.0,33.8,10.0,0.4,0.3,0.6,-0.25,3.15,4.43,2.35,16.0,2.4,12.0,0.3,0.3,0.5,-4.2,29.3,52.2,29.7,15.0,28.8,10.0,0.3,0.3,0.6,0.55,1.34,1.76,1.18,13.0,0.63,10.0,0.2,0.3,0.5,6.2,14.7,24.1,14.6,13.0,8.4,10.0,0.2,0.3,0.5,-17.6,0.0,11.3,-1.6,16.0,15.9,12.0,0.3,0.3,0.5,-3.7,1.3,8.1,2.4,16.0,5.4,12.0,0.3,0.3,0.5,-39.4,28.5,53.8,16.7,13.0,42.5,10.0,0.2,0.3,0.5,-11.8,-9.5,0.7,-5.2,13.0,13.0,10.0,0.2,0.3,0.5,-6.6,12.9,16.8,6.8,13.0,15.3,10.0,0.2,0.3,0.5,-4.9,-2.6,0.0,-2.7,13.0,3.3,10.0,0.2,0.3,0.5,507.5,1092.5,4237.5,2247.0,17.0,2362.5,10.0,0.4,0.3,0.6,510.0,1095.0,4235.0,2245.0,17.0,2360.0,10.0,0.4,0.3,0.6
1974,2,154.0,45.0,1.0,2.0,3.62,2.25,16.0,1.53,14.0,0.8,0.3,0.5,-1.12,0.25,2.5,0.73,16.0,1.73,14.0,0.8,0.3,0.5,2.51,2.97,3.85,3.11,14.0,0.67,16.0,0.8,0.3,0.5,62.3,77.1,88.3,76.0,14.0,12.7,16.0,0.8,0.5,5.1,7.95,15.05,9.38,18.0,4.75,14.0,0.7,0.3,0.5,0.89,7.19,12.48,6.83,18.0,6.08,14.0,0.7,0.3,0.5,-6.3,-2.56,0.0,-2.38,18.0,4.85,14.0,0.7,0.3,0.5,1000.49,1013.25,1018.0,1010.12,18.0,9.69,14.0,0.7,0.3,0.5,4.7,6.0,8.0,6.2,18.0,2.0,14.0,0.7,0.3,0.5,3.9,57.3,192.7,85.9,18.0,94.6,14.0,0.7,0.3,0.5,-48.5,-17.3,0.0,-16.3,18.0,78.4,14.0,0.7,0.3,0.5,-0.71,1.7,3.93,1.63,15.0,2.23,14.0,0.7,0.3,0.5,-5.5,11.7,28.9,13.4,15.0,23.1,14.0,0.7,0.3,0.5,0.57,1.16,1.5,1.21,13.0,0.8,16.0,0.8,0.3,0.5,2.3,8.6,16.0,11.3,13.0,10.8,16.0,0.8,0.3,0.5,-3.6,0.0,22.1,6.0,16.0,13.0,14.0,0.8,0.3,0.5,-8.1,0.0,5.1,-0.8,16.0,9.8,14.0,0.8,0.3,0.5,2.3,18.1,37.0,19.8,14.0,20.9,16.0,0.8,0.3,0.5,-17.0,-6.6,0.0,-6.4,14.0,18.8,16.0,0.8,0.3,0.5,-0.1,5.8,15.5,8.2,13.0,12.1,16.0,0.8,0.3,0.5,-7.1,-2.2,0.1,-2.9,13.0,5.2,16.0,0.8,0.3,0.5,132.5,504.0,3412.0,1473.0,18.0,1960.0,14.0,0.7,0.3,0.5,135.0,505.0,3410.0,1475.0,18.0,1960.0,14.0,0.7,0.3,0.5
1974,2,154.0,46.0,0.0,1.5,3.14,1.71,12.0,1.94,14.0,0.7,0.4,0.4,-1.5,-0.5,1.0,-0.64,13.0,2.44,12.0,0.7,0.3,0.4,2.67,3.12,3.69,3.19,10.0,0.56,14.0,0.6,0.4,0.4,78.0,89.5,100.0,87.0,11.0,13.3,14.0,0.6,0.4,6.2,8.7,14.54,10.57,13.0,6.28,12.0,0.7,0.3,0.4,-3.31,6.7,9.48,3.45,13.0,10.3,12.0,0.7,0.3,0.4,-8.58,-1.51,4.2,-2.33,13.0,5.97,12.0,0.7,0.3,0.4,997.27,1002.5,1014.44,1004.19,11.0,10.14,14.0,0.6,0.4,0.4,4.5,7.0,8.0,6.3,12.0,2.0,12.0,0.7,0.4,0.4,-21.5,51.8,97.6,24.6,13.0,211.7,12.0,0.7,0.3,0.4,-102.2,-13.1,27.3,-32.0,13.0,91.1,12.0,0.7,0.3,0.4,-0.63,3.0,4.64,2.43,12.0,2.68,14.0,0.7,0.4,0.4,-2.8,27.4,51.6,24.4,12.0,31.1,14.0,0.7,0.4,0.4,0.24,1.14,2.36,1.25,10.0,1.1,14.0,0.6,0.4,0.4,2.9,10.0,21.9,11.8,10.0,11.5,14.0,0.6,0.4,0.4,-7.4,0.0,8.4,3.4,13.0,12.5,12.0,0.7,0.3,0.4,-2.5,0.0,7.6,6.0,13.0,21.7,12.0,0.7,0.3,0.4,-4.4,20.9,38.8,16.3,10.0,39.8,14.0,0.6,0.4,0.4,-26.4,-2.1,17.8,-4.3,10.0,22.1,14.0,0.6,0.4,0.4,-5.5,4.5,17.8,3.4,10.0,15.7,14.0,0.6,0.4,0.4,-5.5,-1.0,2.5,-1.6,10.0,5.1,14.0,0.6,0.4,0.4,238.5,658.5,3264.5,2555.5,13.0,4420.5,12.0,0.7,0.3,0.4,240.0,660.0,3265.0,2555.0,13.0,4420.0,12.0,0.7,0.3,0.4
1974,2,154.0,47.0,0.95,2.0,2.89,1.94,7.0,1.52,14.0,0.9,0.4,0.5,-3.1,0.0,2.89,0.15,8.0,3.09,14.0,0.9,0.4,0.5,3.31,3.81,4.32,3.81,2.0,1.05,16.0,1.0,0.6,0.1,82.3,86.7,91.1,86.7,2.0,9.1,16.0,1.0,0.1,5.87,8.5,19.04,10.68,8.0,6.2,14.0,0.9,0.4,0.5,-6.54,3.63,8.29,2.47,8.0,10.55,14.0,0.9,0.4,0.5,-7.24,-5.91,-0.35,-5.03,8.0,4.63,14.0,0.9,0.4,0.5,976.68,1000.0,1006.43,996.09,7.0,16.24,14.0,0.9,0.4,0.5,6.0,8.0,8.0,7.3,6.0,1.0,14.0,0.8,0.5,0.4,-64.4,20.7,90.7,25.7,8.0,196.1,14.0,0.9,0.4,0.5,-79.8,-45.4,-1.4,-61.7,8.0,85.1,14.0,0.9,0.4,0.5,0.67,2.1,4.19,2.49,7.0,3.14,14.0,0.9,0.4,0.5,4.7,16.0,50.7,36.6,7.0,58.1,14.0,0.9,0.4,0.5,-0.1,0.37,0.83,0.37,2.0,0.96,16.0,1.0,0.6,0.1,-1.0,1.8,4.7,1.8,2.0,5.8,16.0,1.0,0.6,0.1,-34.2,0.0,10.4,-11.7,8.0,29.6,14.0,0.9,0.4,0.5,-25.2,0.0,8.4,-4.5,8.0,19.4,14.0,0.9,0.4,0.5,7.4,11.1,14.7,11.1,2.0,7.6,16.0,1.0,0.6,0.1,-26.2,-13.2,-0.1,-13.2,2.0,27.1,16.0,1.0,0.6,0.1,0.6,2.6,4.7,2.6,2.0,4.2,16.0,1.0,0.6,0.1,2.1,2.1,2.2,2.1,2.0,0.1,16.0,1.0,0.6,0.1,206.0,657.0,7273.0,2438.0,8.0,3498.5,14.0,0.9,0.4,0.5,205.0,655.0,7275.0,2440.0,8.0,3500.0,14.0,0.9,0.4,0.5
1974,2,154.0,48.0,0.37,2.0,3.79,1.94,28.0,1.9,14.0,0.5,0.3,0.5,-3.38,-1.05,1.0,-1.2,30.0,2.56,14.0,0.5,0.4,0.5,3.19,3.19,3.19,3.19,1.0,0.0,10.0,0.0,0.4,0.6,75.2,75.2,75.2,75.2,1.0,0.0,10.0,0.0,0.6,6.48,11.8,18.56,12.88,29.0,6.84,16.0,0.4,0.3,0.5,-7.85,3.91,11.9,2.91,29.0,10.43,16.0,0.4,0.3,0.5,-11.76,-5.81,3.29,-4.68,29.0,8.86,16.0,0.4,0.3,0.5,980.91,1006.05,1013.82,1000.55,30.0,15.19,14.0,0.5,0.4,0.5,4.0,6.0,8.0,5.9,18.0,2.2,16.0,0.5,0.3,0.6,-74.8,16.8,208.3,48.0,29.0,201.8,16.0,0.4,0.3,0.5,-202.2,-51.5,42.4,-87.0,29.0,198.0,16.0,0.4,0.3,0.5,0.23,4.0,5.64,3.19,28.0,2.81,14.0,0.5,0.3,0.5,0.9,35.7,90.5,41.7,27.0,53.8,16.0,0.4,0.3,0.5,2.45,2.45,2.45,2.45,1.0,0.0,10.0,0.0,0.4,0.6,58.0,58.0,58.0,58.0,1.0,0.0,10.0,0.0,0.4,0.6,-43.8,0.0,5.9,-12.4,29.0,26.1,16.0,0.4,0.3,0.5,-15.3,0.0,24.1,2.6,29.0,25.0,16.0,0.4,0.3,0.5,-37.8,-37.8,-37.8,-37.8,1.0,0.0,10.0,0.0,0.4,0.6,-65.4,-65.4,-65.4,-65.4,1.0,0.0,10.0,0.0,0.4,0.6,-29.0,-29.0,-29.0,-29.0,1.0,0.0,10.0,0.0,0.4,0.6,-50.3,-50.3,-50.3,-50.3,1.0,0.0,10.0,0.0,0.4,0.6,318.5,1643.0,6403.5,4046.0,29.0,6046.5,16.0,0.4,0.3,0.5,320.0,1645.0,6405.0,4045.0,29.0,6045.0,16.0,0.4,0.3,0.5
1974,2,154.0,49.0,,,,,,,,,,,,,,,,,,,,,,,,,,,,,,,,,,,,,,,,5.1,13.9,19.0,13.39,15.0,7.19,18.0,0.7,0.6,0.3,-15.19,-1.42,8.86,-1.92,15.0,12.23,18.0,0.7,0.6,0.3,-12.04,-6.5,2.98,-5.27,15.0,7.78,18.0,0.7,0.6,0.3,974.56,997.15,1010.75,994.66,16.0,16.14,16.0,0.6,0.6,0.3,,,,,,,,,,,,,,,,,,,,,,,,,,,,,,,,,,,,,,,,,,,,,,,,,,,,,,,,,,,,,,,,,,,,,,,,,,,,,,,,,,,,,,,,,,,,,,,,,,,,,,,,,,,,,,,,,,,,,,,,,,,,,,,,,,,,,,,,,,,,,,,,,,,,,,
1974,2,154.0,50.0,,,,,,,,,,,,,,,,,,,,,,,,,,,,,,,,,,,,,,,,9.8,9.8,9.8,9.8,1.0,0.0,12.0,0.0,0.6,0.6,-4.9,-4.9,-4.9,-4.9,1.0,0.0,12.0,0.0,0.6,0.6,-8.49,-8.49,-8.49,-8.49,1.0,0.0,12.0,0.0,0.6,0.6,973.1,973.1,973.1,973.1,1.0,0.0,12.0,0.0,0.6,0.6,,,,,,,,,,,,,,,,,,,,,,,,,,,,,,,,,,,,,,,,,,,,,,,,,,,,,,,,,,,,,,,,,,,,,,,,,,,,,,,,,,,,,,,,,,,,,,,,,,,,,,,,,,,,,,,,,,,,,,,,,,,,,,,,,,,,,,,,,,,,,,,,,,,,,,
1974,2,154.0,51.0,,,,,,,,,,,,,,,,,,,,,,,,,,,,,,,,,,,,,,,,4.3,9.8,12.2,8.34,5.0,4.83,16.0,0.4,0.5,0.2,-7.42,-2.12,2.84,-2.32,5.0,6.76,16.0,0.4,0.5,0.2,-6.8,-0.64,4.08,-0.76,5.0,7.56,16.0,0.4,0.5,0.2,984.79,995.9,1008.24,995.73,7.0,11.07,18.0,0.6,0.5,0.3,,,,,,,,,,,,,,,,,,,,,,,,,,,,,,,,,,,,,,,,,,,,,,,,,,,,,,,,,,,,,,,,,,,,,,,,,,,,,,,,,,,,,,,,,,,,,,,,,,,,,,,,,,,,,,,,,,,,,,,,,,,,,,,,,,,,,,,,,,,,,,,,,,,,,,
1974,2,154.0,52.0,,,,,,,,,,,,,,,,,,,,,,,,,,,,,,,,,,,,,,,,5.87,8.2,9.03,7.82,18.0,2.94,16.0,0.7,0.8,0.6,-5.81,-3.86,3.58,-2.59,18.0,4.49,16.0,0.7,0.8,0.6,-7.22,-4.01,5.75,-0.93,18.0,6.73,16.0,0.7,0.8,0.6,993.77,1009.3,1011.76,1007.23,19.0,8.44,16.0,0.7,0.8,0.6,,,,,,,,,,,,,,,,,,,,,,,,,,,,,,,,,,,,,,,,,,,,,,,,,,,,,,,,,,,,,,,,,,,,,,,,,,,,,,,,,,,,,,,,,,,,,,,,,,,,,,,,,,,,,,,,,,,,,,,,,,,,,,,,,,,,,,,,,,,,,,,,,,,,,,
1974,2,154.0,53.0,,,,,,,,,,,,,,,,,,,,,,,,,,,,,,,,,,,,,,,,4.1,8.2,11.85,8.08,70.0,3.81,14.0,0.8,0.7,0.5,-5.11,-2.05,3.86,-1.26,70.0,4.62,14.0,0.8,0.7,0.5,-8.54,-3.01,7.12,-1.53,70.0,7.45,14.0,0.8,0.7,0.5,988.62,1007.4,1016.44,1004.72,69.0,11.62,14.0,0.8,0.7,0.5,,,,,,,,,,,,,,,,,,,,,,,,,,,,,,,,,,,,,,,,,,,,,,,,,,,,,,,,,,,,,,,,,,,,,,,,,,,,,,,,,,,,,,,,,,,,,,,,,,,,,,,,,,,,,,,,,,,,,,,,,,,,,,,,,,,,,,,,,,,,,,,,,,,,,,
1974,2,154.0,54.0,,,,,,,,,,,,,,,,,,,,,,,,,,,,,,,,,,,,,,,,4.1,8.7,11.8,8.31,46.0,4.19,10.0,0.7,0.6,0.3,-5.52,-2.09,0.0,-2.28,46.0,3.75,10.0,0.7,0.6,0.3,-11.66,-5.97,-0.05,-5.96,46.0,5.7,10.0,0.7,0.6,0.3,988.27,1004.65,1012.66,1001.53,48.0,11.27,10.0,0.7,0.6,0.3,,,,,,,,,,,,,,,,,,,,,,,,,,,,,,,,,,,,,,,,,,,,,,,,,,,,,,,,,,,,,,,,,,,,,,,,,,,,,,,,,,,,,,,,,,,,,,,,,,,,,,,,,,,,,,,,,,,,,,,,,,,,,,,,,,,,,,,,,,,,,,,,,,,,,,
1974,2,154.0,55.0,,,,,,,,,,,,,,,,,,,,,,,,,,,,,,,,,,,,,,,,9.01,12.9,19.86,14.4,3.0,8.06,6.0,0.7,0.5,0.2,-7.14,-5.52,-1.75,-4.47,3.0,4.05,6.0,0.7,0.5,0.2,-18.91,-12.9,-7.25,-13.08,3.0,8.54,6.0,0.7,0.5,0.2,1006.79,1018.6,1022.7,1014.83,3.0,12.1,6.0,0.7,0.5,0.2,,,,,,,,,,,,,,,,,,,,,,,,,,,,,,,,,,,,,,,,,,,,,,,,,,,,,,,,,,,,,,,,,,,,,,,,,,,,,,,,,,,,,,,,,,,,,,,,,,,,,,,,,,,,,,,,,,,,,,,,,,,,,,,,,,,,,,,,,,,,,,,,,,,,,,
1974,2,154.0,56.0,,,,,,,,,,,,,,,,,,,,,,,,,,,,,,,,,,,,,,,,8.2,8.2,8.2,8.2,2.0,0.0,12.0,1.0,0.4,0.4,-6.12,-5.78,-5.43,-5.78,2.0,0.71,12.0,1.0,0.4,0.4,-6.12,-5.78,-5.43,-5.78,2.0,0.71,12.0,1.0,0.4,0.4,995.02,995.05,995.08,995.05,2.0,0.07,12.0,1.0,0.4,0.4,,,,,,,,,,,,,,,,,,,,,,,,,,,,,,,,,,,,,,,,,,,,,,,,,,,,,,,,,,,,,,,,,,,,,,,,,,,,,,,,,,,,,,,,,,,,,,,,,,,,,,,,,,,,,,,,,,,,,,,,,,,,,,,,,,,,,,,,,,,,,,,,,,,,,,
1974,2,154.0,57.0,,,,,,,,,,,,,,,,,,,,,,,,,,,,,,,,,,,,,,,,11.8,11.8,11.8,11.8,1.0,0.0,26.0,0.0,0.8,0.3,7.58,7.58,7.58,7.58,1.0,0.0,26.0,0.0,0.8,0.3,9.04,9.04,9.04,9.04,1.0,0.0,26.0,0.0,0.8,0.3,1003.1,1003.1,1003.1,1003.1,1.0,0.0,26.0,0.0,0.8,0.3,,,,,,,,,,,,,,,,,,,,,,,,,,,,,,,,,,,,,,,,,,,,,,,,,,,,,,,,,,,,,,,,,,,,,,,,,,,,,,,,,,,,,,,,,,,,,,,,,,,,,,,,,,,,,,,,,,,,,,,,,,,,,,,,,,,,,,,,,,,,,,,,,,,,,,
1974,2,154.0,59.0,,,,,,,,,,,,,,,,,,,,,,,,,,,,,,,,,,,,,,,,7.2,7.2,7.2,7.2,1.0,0.0,2.0,1.0,0.2,0.1,-5.52,-5.52,-5.52,-5.52,1.0,0.0,2.0,1.0,0.2,0.1,-4.63,-4.63,-4.63,-4.63,1.0,0.0,2.0,1.0,0.2,0.1,1018.6,1018.6,1018.6,1018.6,1.0,0.0,2.0,1.0,0.2,0.1,,,,,,,,,,,,,,,,,,,,,,,,,,,,,,,,,,,,,,,,,,,,,,,,,,,,,,,,,,,,,,,,,,,,,,,,,,,,,,,,,,,,,,,,,,,,,,,,,,,,,,,,,,,,,,,,,,,,,,,,,,,,,,,,,,,,,,,,,,,,,,,,,,,,,,
1974,2,155.0,-63.0,,,,,,,,,,,,,,,,,,,,,,,,,,,,,,,,,,,,,,,,9.8,9.8,9.8,9.8,1.0,0.0,8.0,1.0,0.7,0.9,3.35,3.35,3.35,3.35,1.0,0.0,8.0,1.0,0.7,0.9,-9.21,-9.21,-9.21,-9.21,1.0,0.0,8.0,1.0,0.7,0.9,983.3,983.3,983.3,983.3,1.0,0.0,8.0,1.0,0.7,0.9,,,,,,,,,,,,,,,,,,,,,,,,,,,,,,,,,,,,,,,,,,,,,,,,,,,,,,,,,,,,,,,,,,,,,,,,,,,,,,,,,,,,,,,,,,,,,,,,,,,,,,,,,,,,,,,,,,,,,,,,,,,,,,,,,,,,,,,,,,,,,,,,,,,,,,
1974,2,155.0,-44.0,17.0,17.0,17.34,17.17,3.0,0.29,12.0,0.7,0.4,0.9,14.0,14.0,16.32,15.13,3.0,1.96,12.0,0.7,0.4,0.9,8.22,8.64,9.06,8.64,2.0,0.87,6.0,0.5,0.4,1.0,84.0,87.9,91.9,87.9,2.0,8.2,6.0,0.5,1.0,3.63,9.3,9.3,6.53,3.0,4.79,12.0,0.7,0.4,0.9,1.24,4.65,4.65,2.99,3.0,2.88,12.0,0.7,0.4,0.9,3.2,8.05,8.05,5.68,3.0,4.11,12.0,0.7,0.4,0.9,1014.04,1016.7,1023.32,1018.63,3.0,7.0,12.0,0.7,0.4,0.9,5.3,8.0,8.0,6.7,3.0,2.3,12.0,0.7,0.4,0.9,13.5,43.2,43.2,28.7,3.0,25.2,12.0,0.7,0.4,0.9,24.4,74.9,74.9,50.2,3.0,42.7,12.0,0.7,0.4,0.9,0.68,3.0,3.34,2.03,3.0,2.12,12.0,0.7,0.4,0.9,-1.6,3.0,23.2,10.6,3.0,19.3,12.0,0.7,0.4,0.9,3.24,3.49,3.73,3.49,2.0,0.51,6.0,0.5,0.4,1.0,7.9,16.5,25.1,16.5,2.0,17.8,6.0,0.5,0.4,1.0,17.4,65.1,75.9,47.1,3.0,45.6,12.0,0.7,0.4,0.9,44.8,112.8,131.4,88.7,3.0,66.8,12.0,0.7,0.4,0.9,4.5,20.1,35.8,20.1,2.0,32.4,6.0,0.5,0.4,1.0,18.2,41.0,63.9,41.0,2.0,47.3,6.0,0.5,0.4,1.0,1.2,6.6,12.0,6.6,2.0,11.2,6.0,0.5,0.4,1.0,7.0,14.4,21.8,14.4,2.0,15.2,6.0,0.5,0.4,1.0,256.0,804.5,804.5,536.5,3.0,464.0,12.0,0.7,0.4,0.9,255.0,805.0,805.0,535.0,3.0,465.0,12.0,0.7,0.4,0.9
1974,2,155.0,-42.0,16.2,16.2,16.2,16.2,1.0,0.0,16.0,1.0,0.0,0.5,16.2,16.2,16.2,16.2,1.0,0.0,16.0,1.0,0.0,0.5,8.25,8.25,8.25,8.25,1.0,0.0,16.0,1.0,0.0,0.5,73.2,73.2,73.2,73.2,1.0,0.0,16.0,1.0,0.5,9.3,9.3,9.3,9.3,1.0,0.0,16.0,1.0,0.0,0.5,-9.16,-9.16,-9.16,-9.16,1.0,0.0,16.0,1.0,0.0,0.5,-1.61,-1.61,-1.61,-1.61,1.0,0.0,16.0,1.0,0.0,0.5,1025.4,1025.4,1025.4,1025.4,1.0,0.0,16.0,1.0,0.0,0.5,8.0,8.0,8.0,8.0,1.0,0.0,16.0,1.0,0.0,0.5,-85.2,-85.2,-85.2,-85.2,1.0,0.0,16.0,1.0,0.0,0.5,-15.0,-15.0,-15.0,-15.0,1.0,0.0,16.0,1.0,0.0,0.5,0.0,0.0,0.0,0.0,1.0,0.0,16.0,1.0,0.0,0.5,0.0,0.0,0.0,0.0,1.0,0.0,16.0,1.0,0.0,0.5,3.04,3.04,3.04,3.04,1.0,0.0,16.0,1.0,0.0,0.5,28.3,28.3,28.3,28.3,1.0,0.0,16.0,1.0,0.0,0.5,-148.4,-148.4,-148.4,-148.4,1.0,0.0,16.0,1.0,0.0,0.5,-26.2,-26.2,-26.2,-26.2,1.0,0.0,16.0,1.0,0.0,0.5,-75.6,-75.6,-75.6,-75.6,1.0,0.0,16.0,1.0,0.0,0.5,-13.3,-13.3,-13.3,-13.3,1.0,0.0,16.0,1.0,0.0,0.5,-27.9,-27.9,-27.9,-27.9,1.0,0.0,16.0,1.0,0.0,0.5,-4.9,-4.9,-4.9,-4.9,1.0,0.0,16.0,1.0,0.0,0.5,804.5,804.5,804.5,804.5,1.0,0.0,16.0,1.0,0.0,0.5,805.0,805.0,805.0,805.0,1.0,0.0,16.0,1.0,0.0,0.5
1974,2,155.0,-40.0,20.66,21.0,21.82,21.23,3.0,0.87,24.0,0.3,0.5,0.6,19.11,20.0,20.34,19.73,3.0,0.93,24.0,0.3,0.5,0.6,9.93,10.48,12.63,11.26,3.0,2.09,24.0,0.3,0.5,0.6,73.0,73.2,85.4,79.1,3.0,10.4,24.0,0.3,0.6,3.23,4.6,4.6,3.93,3.0,1.15,24.0,0.3,0.5,0.6,-3.92,-2.44,-1.85,-2.87,3.0,1.56,24.0,0.3,0.5,0.6,-2.95,0.0,0.61,-1.14,3.0,2.79,24.0,0.3,0.5,0.6,1017.61,1022.8,1023.48,1020.6,3.0,4.7,24.0,0.3,0.5,0.6,1.3,2.0,5.4,3.3,3.0,3.2,24.0,0.3,0.5,0.6,-16.7,-7.2,-6.6,-11.6,3.0,8.3,24.0,0.3,0.5,0.6,-13.6,0.0,1.6,-5.9,3.0,12.2,24.0,0.3,0.5,0.6,0.5,0.5,2.55,1.5,3.0,1.73,24.0,0.3,0.5,0.6,2.3,2.3,6.9,4.6,3.0,3.9,24.0,0.3,0.5,0.6,2.63,4.38,6.04,4.34,3.0,2.5,24.0,0.3,0.5,0.6,11.3,17.7,19.4,15.4,3.0,6.2,24.0,0.3,0.5,0.6,-77.3,-45.7,-36.5,-56.6,3.0,31.3,24.0,0.3,0.5,0.6,-60.5,0.0,11.4,-24.0,3.0,56.6,24.0,0.3,0.5,0.6,-40.4,-23.7,-22.1,-31.1,3.0,14.8,24.0,0.3,0.5,0.6,-40.2,0.0,5.9,-16.8,3.0,36.8,24.0,0.3,0.5,0.6,-19.0,-16.6,-7.2,-13.2,3.0,9.1,24.0,0.3,0.5,0.6,-5.4,0.0,4.1,-0.6,3.0,7.0,24.0,0.3,0.5,0.6,43.0,97.5,97.5,70.5,3.0,46.0,24.0,0.3,0.5,0.6,45.0,95.0,95.0,70.0,3.0,45.0,24.0,0.3,0.5,0.6
1974,2,155.0,-39.0,20.18,21.0,22.02,21.1,3.0,1.35,14.0,0.3,0.5,0.8,18.86,19.0,20.37,19.6,3.0,1.22,14.0,0.3,0.5,0.8,12.05,12.05,12.05,12.05,1.0,0.0,14.0,1.0,0.6,0.5,73.6,75.3,77.1,75.3,2.0,3.6,18.0,0.5,0.8,3.39,5.1,14.59,8.9,3.0,8.84,14.0,0.3,0.5,0.8,0.28,0.89,2.95,1.6,3.0,2.05,14.0,0.3,0.5,0.8,2.71,3.28,14.01,8.24,3.0,9.33,14.0,0.3,0.5,0.8,1011.33,1011.6,1011.87,1011.6,2.0,0.57,10.0,0.5,0.4,0.8,3.6,7.0,7.7,5.7,3.0,3.2,14.0,0.3,0.5,0.8,0.7,2.3,14.3,7.4,3.0,10.9,14.0,0.3,0.5,0.8,9.6,16.7,251.7,128.0,3.0,201.8,14.0,0.3,0.5,0.8,1.16,1.5,1.84,1.5,3.0,0.5,14.0,0.3,0.5,0.8,6.0,7.7,15.4,10.6,3.0,7.4,14.0,0.3,0.5,0.8,4.96,4.96,4.96,4.96,1.0,0.0,14.0,1.0,0.6,0.5,25.3,25.3,25.3,25.3,1.0,0.0,14.0,1.0,0.6,0.5,5.4,16.9,61.4,33.0,3.0,43.3,14.0,0.3,0.5,0.8,53.5,68.8,265.7,157.5,3.0,173.3,14.0,0.3,0.5,0.8,47.1,47.1,47.1,47.1,1.0,0.0,14.0,1.0,0.6,0.5,39.5,39.5,39.5,39.5,1.0,0.0,14.0,1.0,0.6,0.5,19.4,19.4,19.4,19.4,1.0,0.0,14.0,1.0,0.6,0.5,16.3,16.3,16.3,16.3,1.0,0.0,14.0,1.0,0.6,0.5,54.0,132.5,4724.0,2336.5,3.0,3917.0,14.0,0.3,0.5,0.8,55.0,135.0,4725.0,2335.0,3.0,3915.0,14.0,0.3,0.5,0.8
1974,2,155.0,-38.0,20.98,21.7,22.14,21.91,7.0,1.46,12.0,0.6,0.6,0.4,19.38,20.0,21.91,20.67,7.0,1.72,12.0,0.6,0.6,0.4,9.68,10.68,13.71,11.59,7.0,2.01,12.0,0.6,0.6,0.4,68.0,73.6,85.1,76.4,7.0,10.0,12.0,0.6,0.4,4.55,5.1,10.3,6.46,7.0,2.78,12.0,0.6,0.6,0.4,-5.22,-4.53,-2.14,-2.5,7.0,5.7,12.0,0.6,0.6,0.4,-2.63,0.0,1.86,-0.77,7.0,3.99,12.0,0.6,0.6,0.4,1007.89,1016.1,1023.05,1015.9,7.0,7.47,12.0,0.6,0.6,0.4,2.0,7.0,8.0,5.6,7.0,3.0,12.0,0.6,0.6,0.4,-45.3,-20.8,-4.5,-9.3,7.0,52.5,12.0,0.6,0.6,0.4,-12.3,0.0,16.8,-8.8,7.0,37.9,12.0,0.6,0.6,0.4,-0.76,2.0,2.43,1.24,7.0,2.31,12.0,0.6,0.6,0.4,-3.4,9.2,13.9,5.0,7.0,14.1,12.0,0.6,0.6,0.4,2.73,5.33,6.28,4.79,7.0,2.53,12.0,0.6,0.6,0.4,18.0,28.2,42.9,29.7,7.0,16.0,12.0,0.6,0.6,0.4,-124.1,-87.4,-47.3,-51.9,7.0,117.5,12.0,0.6,0.6,0.4,-58.3,0.0,38.0,-21.2,7.0,92.1,12.0,0.6,0.6,0.4,-71.5,-42.3,-31.6,-33.2,7.0,61.1,12.0,0.6,0.6,0.4,-36.3,0.0,18.2,-13.3,7.0,52.1,12.0,0.6,0.6,0.4,-28.9,-18.6,-2.2,-10.5,7.0,31.2,12.0,0.6,0.6,0.4,-5.3,0.0,10.1,0.7,7.0,13.5,12.0,0.6,0.6,0.4,95.0,132.5,1092.5,408.5,7.0,474.0,12.0,0.6,0.6,0.4,95.0,135.0,1095.0,410.0,7.0,475.0,12.0,0.6,0.6,0.4
1974,2,155.0,-36.0,22.9,23.75,24.6,23.75,2.0,1.77,16.0,0.5,0.3,0.7,22.16,22.5,22.84,22.5,2.0,0.71,16.0,0.5,0.3,0.7,11.64,11.64,11.64,11.64,2.0,0.0,16.0,0.5,0.3,0.7,67.5,69.1,70.7,69.1,2.0,3.3,16.0,0.5,0.7,5.1,5.1,5.1,5.1,2.0,0.0,16.0,0.5,0.3,0.7,-2.9,-2.08,-1.27,-2.08,2.0,1.69,16.0,0.5,0.3,0.7,-3.61,-0.56,2.49,-0.56,2.0,6.31,16.0,0.5,0.3,0.7,1015.02,1017.2,1019.38,1017.2,2.0,4.53,16.0,0.5,0.3,0.7,1.2,1.5,1.8,1.5,2.0,0.7,16.0,0.5,0.3,0.7,-14.8,-10.6,-6.5,-10.6,2.0,8.6,16.0,0.5,0.3,0.7,-18.4,-2.8,12.7,-2.8,2.0,32.2,16.0,0.5,0.3,0.7,0.74,1.25,1.76,1.25,2.0,1.06,16.0,0.5,0.3,0.7,3.8,6.4,9.0,6.4,2.0,5.4,16.0,0.5,0.3,0.7,5.68,6.67,7.65,6.67,2.0,2.05,16.0,0.5,0.3,0.7,28.9,34.0,39.0,34.0,2.0,10.5,16.0,0.5,0.3,0.7,-63.9,-46.2,-28.6,-46.2,2.0,36.6,16.0,0.5,0.3,0.7,-83.5,-14.8,54.0,-14.8,2.0,142.5,16.0,0.5,0.3,0.7,-33.7,-24.2,-14.7,-24.2,2.0,19.7,16.0,0.5,0.3,0.7,-42.0,-6.5,29.0,-6.5,2.0,73.5,16.0,0.5,0.3,0.7,-15.5,-12.1,-8.8,-12.1,2.0,7.0,16.0,0.5,0.3,0.7,-31.1,-10.2,10.7,-10.2,2.0,43.2,16.0,0.5,0.3,0.7,132.5,132.5,132.5,132.5,2.0,0.0,16.0,0.5,0.3,0.7,135.0,135.0,135.0,135.0,2.0,0.0,16.0,0.5,0.3,0.7
1974,2,155.0,-35.0,23.98,24.2,26.57,25.1,7.0,1.62,14.0,0.4,0.5,0.9,22.6,23.0,23.77,23.06,8.0,0.67,14.0,0.4,0.4,0.9,13.59,15.41,16.5,14.93,7.0,1.54,16.0,0.3,0.4,0.9,82.3,88.5,91.2,85.1,7.0,8.3,16.0,0.3,0.9,2.16,4.85,9.01,5.23,8.0,2.98,14.0,0.4,0.4,0.9,-5.88,-2.61,-0.72,-3.11,8.0,2.84,14.0,0.4,0.4,0.9,-4.12,-2.26,3.81,-0.97,8.0,4.46,14.0,0.4,0.4,0.9,1010.64,1013.75,1015.37,1013.24,8.0,2.84,14.0,0.4,0.4,0.9,3.2,7.0,8.0,6.0,8.0,2.4,14.0,0.4,0.4,0.9,-53.2,-13.1,-1.5,-23.2,8.0,26.4,14.0,0.4,0.4,0.9,-27.1,-5.5,18.1,-3.2,8.0,35.7,14.0,0.4,0.4,0.9,0.94,1.6,4.52,2.17,7.0,1.9,14.0,0.4,0.5,0.9,3.1,4.6,12.7,8.3,7.0,9.2,14.0,0.4,0.5,0.9,3.23,3.98,6.17,4.67,6.0,1.87,16.0,0.3,0.4,0.8,8.6,17.5,30.5,21.4,6.0,16.9,16.0,0.3,0.4,0.8,-139.9,-60.0,-16.2,-73.3,8.0,67.9,14.0,0.4,0.4,0.9,-96.5,-50.9,87.7,-22.0,8.0,105.1,14.0,0.4,0.4,0.9,-86.3,-12.3,-9.9,-44.3,7.0,46.8,16.0,0.3,0.4,0.9,-72.4,-30.7,70.6,-15.3,7.0,69.2,16.0,0.3,0.4,0.9,-22.0,-2.8,-1.9,-10.1,6.0,13.6,16.0,0.3,0.4,0.8,-16.9,-7.5,19.6,0.5,6.0,23.0,16.0,0.3,0.4,0.8,10.0,115.0,748.5,272.0,8.0,342.5,14.0,0.4,0.4,0.9,10.0,115.0,750.0,270.0,8.0,340.0,14.0,0.4,0.4,0.9
1974,2,155.0,-34.0,22.77,25.5,25.57,24.2,3.0,2.34,12.0,0.3,0.6,0.2,21.0,21.0,22.57,21.77,3.0,1.33,12.0,0.3,0.6,0.2,10.08,10.63,13.38,11.71,3.0,2.59,12.0,0.3,0.6,0.2,65.8,69.0,78.0,71.8,3.0,9.3,12.0,0.3,0.2,6.09,9.3,9.98,8.07,3.0,3.04,12.0,0.3,0.6,0.2,-6.6,-1.61,-1.06,-3.78,3.0,4.47,12.0,0.3,0.6,0.2,-4.95,-4.53,4.81,-0.17,3.0,8.09,12.0,0.3,0.6,0.2,1012.17,1014.7,1019.27,1015.7,3.0,5.27,12.0,0.3,0.6,0.2,4.3,7.0,7.0,5.7,3.0,2.3,12.0,0.3,0.6,0.2,-67.5,-15.0,-7.3,-36.9,3.0,48.0,12.0,0.3,0.6,0.2,-42.8,-20.8,51.5,3.8,3.0,72.3,12.0,0.3,0.6,0.2,1.07,2.3,3.8,2.43,3.0,2.0,12.0,0.3,0.6,0.2,9.7,20.7,22.7,16.3,3.0,10.2,12.0,0.3,0.6,0.2,5.92,6.0,8.54,7.2,3.0,2.18,12.0,0.3,0.6,0.2,48.2,55.8,59.1,53.7,3.0,8.2,12.0,0.3,0.6,0.2,-152.6,-33.9,-22.2,-86.2,3.0,105.7,12.0,0.3,0.6,0.2,-112.1,-95.1,101.1,-7.6,3.0,173.6,12.0,0.3,0.6,0.2,-94.3,-15.9,-10.8,-51.7,3.0,68.6,12.0,0.3,0.6,0.2,-66.8,-48.2,46.2,-11.2,3.0,88.7,12.0,0.3,0.6,0.2,-38.9,-9.7,-8.4,-23.3,3.0,25.3,12.0,0.3,0.6,0.2,-39.7,-30.3,27.9,-6.4,3.0,53.6,12.0,0.3,0.6,0.2,321.5,804.5,1001.0,665.0,3.0,512.0,12.0,0.3,0.6,0.2,320.0,805.0,1000.0,665.0,3.0,510.0,12.0,0.3,0.6,0.2
1974,2,155.0,-33.0,23.17,24.4,24.9,24.05,4.0,1.14,14.0,0.3,0.3,0.6,22.9,23.1,23.41,23.15,4.0,0.34,18.0,0.3,0.2,0.5,11.52,12.39,14.25,12.86,4.0,1.93,18.0,0.3,0.2,0.5,64.5,71.2,81.8,73.0,4.0,11.6,18.0,0.3,0.5,3.71,6.7,7.75,5.78,4.0,3.32,18.0,0.3,0.2,0.5,-4.02,-0.76,0.18,-1.87,4.0,3.06,18.0,0.3,0.2,0.5,1.58,4.5,7.68,4.62,4.0,3.6,18.0,0.3,0.2,0.5,1008.49,1012.25,1016.07,1012.28,4.0,4.59,18.0,0.3,0.2,0.5,3.4,6.0,7.5,5.5,4.0,2.6,18.0,0.3,0.2,0.5,-28.4,-6.6,0.2,-13.7,4.0,20.0,18.0,0.3,0.2,0.5,7.8,30.1,60.4,33.9,4.0,32.7,18.0,0.3,0.2,0.5,0.01,1.1,1.24,0.63,3.0,0.99,16.0,0.3,0.3,0.5,-1.9,1.1,8.1,3.0,3.0,7.5,16.0,0.3,0.3,0.5,2.83,5.67,7.68,5.26,3.0,3.57,16.0,0.3,0.3,0.5,7.1,10.1,54.4,30.2,3.0,38.8,16.0,0.3,0.3,0.5,-93.5,-17.8,4.1,-43.5,4.0,71.0,18.0,0.3,0.2,0.5,36.5,103.6,179.3,107.7,4.0,84.7,18.0,0.3,0.2,0.5,-47.5,-8.4,2.3,-22.0,4.0,36.8,18.0,0.3,0.2,0.5,19.4,61.3,99.9,59.7,4.0,46.8,18.0,0.3,0.2,0.5,-8.9,0.0,1.3,-3.7,3.0,8.1,16.0,0.3,0.3,0.5,6.9,10.1,53.6,29.8,3.0,38.2,16.0,0.3,0.3,0.5,143.5,301.0,488.0,315.5,4.0,269.0,18.0,0.3,0.2,0.5,145.0,300.0,490.0,315.0,4.0,270.0,18.0,0.3,0.2,0.5
1974,2,155.0,-32.0,23.73,24.65,25.57,24.65,2.0,1.91,6.0,0.5,0.3,0.7,23.98,24.15,24.32,24.15,2.0,0.35,6.0,0.5,0.3,0.7,15.87,15.88,15.89,15.88,2.0,0.01,6.0,0.5,0.3,0.7,84.2,84.9,85.6,84.9,2.0,1.4,6.0,0.5,0.7,2.6,2.6,2.6,2.6,1.0,0.0,10.0,1.0,0.2,1.0,0.0,0.0,0.0,0.0,1.0,0.0,10.0,1.0,0.2,1.0,2.6,2.6,2.6,2.6,1.0,0.0,10.0,1.0,0.2,1.0,1012.69,1015.25,1017.81,1015.25,2.0,5.3,6.0,0.5,0.3,0.7,2.1,4.5,6.9,4.5,2.0,4.9,6.0,0.5,0.3,0.7,0.0,0.0,0.0,0.0,1.0,0.0,10.0,1.0,0.2,1.0,6.8,6.8,6.8,6.8,1.0,0.0,10.0,1.0,0.2,1.0,-0.25,0.5,1.25,0.5,2.0,1.56,6.0,0.5,0.3,0.7,4.2,4.2,4.2,4.2,1.0,0.0,10.0,1.0,0.2,1.0,2.45,3.49,4.53,3.49,2.0,2.15,6.0,0.5,0.3,0.7,13.0,13.0,13.0,13.0,1.0,0.0,10.0,1.0,0.2,1.0,0.0,0.0,0.0,0.0,1.0,0.0,10.0,1.0,0.2,1.0,63.4,63.4,63.4,63.4,1.0,0.0,10.0,1.0,0.2,1.0,0.0,0.0,0.0,0.0,1.0,0.0,10.0,1.0,0.2,1.0,41.3,41.3,41.3,41.3,1.0,0.0,10.0,1.0,0.2,1.0,0.0,0.0,0.0,0.0,1.0,0.0,10.0,1.0,0.2,1.0,13.0,13.0,13.0,13.0,1.0,0.0,10.0,1.0,0.2,1.0,17.5,17.5,17.5,17.5,1.0,0.0,10.0,1.0,0.2,1.0,20.0,20.0,20.0,20.0,1.0,0.0,10.0,1.0,0.2,1.0
1974,2,155.0,-28.0,,,,,,,,,,,,,,,,,,,,,,,,,,,,,,,,,,,,,,,,3.0,3.0,3.0,3.0,1.0,0.0,8.0,0.0,0.5,0.3,2.95,2.95,2.95,2.95,1.0,0.0,8.0,0.0,0.5,0.3,-0.52,-0.52,-0.52,-0.52,1.0,0.0,8.0,0.0,0.5,0.3,1011.6,1011.6,1011.6,1011.6,1.0,0.0,8.0,0.0,0.5,0.3,,,,,,,,,,,,,,,,,,,,,,,,,,,,,,,,,,,,,,,,,,,,,,,,,,,,,,,,,,,,,,,,,,,,,,,,,,,,,,,,,,,,,,,,,,,,,,,,,,,,,,,,,,,,,,,,,,,,,,,,,,,,,,,,,,,,,,,,,,,,,,,,,,,,,,
1974,2,155.0,-27.0,26.29,26.7,26.9,26.6,3.0,0.46,16.0,0.7,0.3,0.6,25.23,27.0,27.07,26.17,3.0,1.53,16.0,0.7,0.3,0.6,17.94,18.41,18.89,18.41,2.0,0.99,10.0,0.5,0.4,0.5,82.5,89.6,96.7,89.6,2.0,14.7,10.0,0.5,0.5,7.7,7.7,13.37,10.47,3.0,4.79,16.0,0.7,0.3,0.6,-10.48,-6.67,-2.12,-6.31,3.0,6.14,16.0,0.7,0.3,0.6,5.07,7.7,9.46,7.28,3.0,3.24,16.0,0.7,0.3,0.6,1011.21,1012.1,1013.19,1012.2,3.0,1.45,16.0,0.7,0.3,0.6,1.8,3.5,5.2,3.5,2.0,3.5,10.0,0.5,0.4,0.5,-150.2,-51.3,-16.3,-82.5,3.0,101.7,16.0,0.7,0.3,0.6,39.1,59.3,131.1,84.5,3.0,70.9,16.0,0.7,0.3,0.6,-0.68,0.0,1.57,0.43,3.0,1.69,16.0,0.7,0.3,0.6,-5.3,0.0,12.1,3.3,3.0,13.0,16.0,0.7,0.3,0.6,2.93,3.12,3.31,3.12,2.0,0.4,10.0,0.5,0.4,0.5,22.5,24.0,25.5,24.0,2.0,3.1,10.0,0.5,0.4,0.5,-277.5,-162.7,-51.6,-164.5,3.0,165.5,16.0,0.7,0.3,0.6,130.4,208.7,255.8,193.4,3.0,92.8,16.0,0.7,0.3,0.6,-107.2,-63.7,-20.2,-63.7,2.0,90.1,10.0,0.5,0.4,0.5,83.6,105.0,126.4,105.0,2.0,44.4,10.0,0.5,0.4,0.5,-15.9,-9.5,-3.0,-9.5,2.0,13.4,10.0,0.5,0.4,0.5,13.3,18.6,23.8,18.6,2.0,10.8,10.0,0.5,0.4,0.5,456.5,456.5,2941.0,1669.5,3.0,2101.0,16.0,0.7,0.3,0.6,455.0,455.0,2940.0,1670.0,3.0,2100.0,16.0,0.7,0.3,0.6
1974,2,155.0,-26.0,25.77,27.0,27.75,26.77,3.0,1.46,10.0,0.3,0.6,0.6,25.28,26.9,28.26,26.78,4.0,1.76,10.0,0.5,0.5,0.5,17.36,18.21,19.07,18.21,2.0,1.77,14.0,0.5,0.6,0.4,74.3,84.4,90.7,82.6,3.0,12.2,10.0,0.3,0.6,4.42,5.1,12.47,8.37,3.0,6.54,10.0,0.7,0.5,0.5,-2.54,-2.05,-0.65,-1.6,3.0,1.43,10.0,0.7,0.5,0.5,-0.8,5.1,12.31,5.74,3.0,9.62,10.0,0.7,0.5,0.5,1007.38,1008.2,1009.91,1008.63,3.0,1.89,12.0,0.7,0.5,0.3,3.9,6.0,6.5,5.3,4.0,2.2,10.0,0.5,0.5,0.5,-32.6,-8.4,-2.7,-17.4,3.0,23.3,10.0,0.7,0.5,0.5,-1.7,26.0,178.2,86.8,3.0,141.9,10.0,0.7,0.5,0.5,-0.54,-0.4,1.37,0.4,3.0,1.56,10.0,0.3,0.6,0.6,4.2,16.7,29.2,16.7,2.0,25.9,12.0,0.5,0.6,0.7,1.61,3.78,5.95,3.78,2.0,4.5,14.0,0.5,0.6,0.4,28.5,28.5,28.5,28.5,1.0,0.0,20.0,1.0,0.8,0.4,-65.3,-58.4,-18.5,-42.3,3.0,37.0,10.0,0.7,0.5,0.5,-23.8,142.8,310.4,143.3,3.0,244.8,10.0,0.7,0.5,0.5,-34.8,-34.8,-34.8,-34.8,1.0,0.0,20.0,1.0,0.8,0.4,-60.2,-60.2,-60.2,-60.2,1.0,0.0,20.0,1.0,0.8,0.4,-14.3,-14.3,-14.3,-14.3,1.0,0.0,20.0,1.0,0.8,0.4,-24.7,-24.7,-24.7,-24.7,1.0,0.0,20.0,1.0,0.8,0.4,89.0,132.5,2786.0,1407.0,3.0,2263.0,10.0,0.7,0.5,0.5,90.0,135.0,2785.0,1405.0,3.0,2265.0,10.0,0.7,0.5,0.5
1974,2,155.0,-25.0,25.73,26.0,26.48,26.1,3.0,0.56,12.0,1.0,0.7,0.7,25.09,26.75,27.26,26.2,4.0,1.65,10.0,1.0,0.7,0.5,16.03,16.19,16.36,16.19,2.0,0.35,14.0,1.0,0.7,0.6,72.3,74.0,88.5,80.3,3.0,13.1,12.0,1.0,0.7,1.52,4.15,11.02,6.18,4.0,6.54,10.0,1.0,0.7,0.5,-1.93,0.48,3.53,0.78,4.0,3.55,10.0,1.0,0.7,0.5,-0.34,3.07,10.14,4.81,4.0,7.02,10.0,1.0,0.7,0.5,1007.48,1008.5,1012.25,1009.83,3.0,3.69,12.0,1.0,0.7,0.5,2.0,2.5,5.6,3.8,4.0,2.9,10.0,1.0,0.7,0.5,-10.4,1.4,44.1,16.2,4.0,44.4,10.0,1.0,0.7,0.5,-1.1,17.0,132.6,63.5,4.0,107.5,10.0,1.0,0.7,0.5,-0.87,-0.8,1.25,0.17,3.0,1.76,12.0,1.0,0.7,0.7,-4.1,-0.8,22.9,9.2,3.0,21.5,12.0,1.0,0.7,0.7,4.7,5.05,5.4,5.05,2.0,0.73,14.0,1.0,0.7,0.6,9.1,16.8,24.5,16.8,2.0,15.9,14.0,1.0,0.7,0.6,-51.5,12.9,86.4,17.2,4.0,88.5,10.0,1.0,0.7,0.5,-9.1,81.7,248.2,117.8,4.0,168.4,10.0,1.0,0.7,0.5,-43.3,-30.0,-16.7,-30.0,2.0,27.5,14.0,1.0,0.7,0.6,24.2,49.1,74.0,49.1,2.0,51.7,14.0,1.0,0.7,0.6,-12.4,-8.8,-5.2,-8.8,2.0,7.4,14.0,1.0,0.7,0.6,7.4,14.3,21.2,14.3,2.0,14.2,14.0,1.0,0.7,0.6,5.0,124.0,2027.0,975.0,4.0,1788.0,10.0,1.0,0.7,0.5,5.0,125.0,2025.0,975.0,4.0,1790.0,10.0,1.0,0.7,0.5
1974,2,155.0,-22.0,,,,,,,,,,,,,,,,,,,,,,,,,,,,,,,,,,,,,,,,9.3,9.3,9.3,9.3,1.0,0.0,20.0,1.0,0.1,0.7,-9.3,-9.3,-9.3,-9.3,1.0,0.0,20.0,1.0,0.1,0.7,0.0,0.0,0.0,0.0,1.0,0.0,20.0,1.0,0.1,0.7,1011.0,1011.0,1011.0,1011.0,1.0,0.0,20.0,1.0,0.1,0.7,,,,,,,,,,,,,,,,,,,,,,,,,,,,,,,,,,,,,,,,,,,,,,,,,,,,,,,,,,,,,,,,,,,,,,,,,,,,,,,,,,,,,,,,,,,,,,,,,,,,,,,,,,,,,,,,,,,,,,,,,,,,,,,,,,,,,,,,,,,,,,,,,,,,,,
1974,2,155.0,-21.0,24.48,25.5,26.52,25.5,2.0,2.12,14.0,1.0,0.3,1.0,27.16,27.5,27.84,27.5,2.0,0.71,14.0,1.0,0.3,1.0,16.0,17.13,18.26,17.13,2.0,2.35,14.0,1.0,0.3,1.0,68.3,74.8,81.2,74.8,2.0,13.3,14.0,1.0,1.0,0.41,1.3,2.19,1.3,2.0,1.84,14.0,1.0,0.3,1.0,-2.19,-1.3,-0.41,-1.3,2.0,1.84,14.0,1.0,0.3,1.0,0.0,0.0,0.0,0.0,2.0,0.0,14.0,1.0,0.3,1.0,1007.65,1008.4,1009.15,1008.4,2.0,1.56,14.0,1.0,0.3,1.0,3.2,3.5,3.8,3.5,2.0,0.7,14.0,1.0,0.3,1.0,-5.7,-3.4,-1.1,-3.4,2.0,4.8,14.0,1.0,0.3,1.0,0.0,0.0,0.0,0.0,2.0,0.0,14.0,1.0,0.3,1.0,-3.37,-2.0,-0.63,-2.0,2.0,2.83,14.0,1.0,0.3,1.0,0.0,0.0,0.0,0.0,2.0,0.0,14.0,1.0,0.3,1.0,3.3,3.42,3.53,3.42,2.0,0.24,14.0,1.0,0.3,1.0,1.5,4.7,7.8,4.7,2.0,6.6,14.0,1.0,0.3,1.0,-59.1,-35.1,-11.1,-35.1,2.0,49.6,14.0,1.0,0.3,1.0,0.0,0.0,0.0,0.0,2.0,0.0,14.0,1.0,0.3,1.0,-41.1,-24.4,-7.8,-24.4,2.0,34.5,14.0,1.0,0.3,1.0,0.0,0.0,0.0,0.0,2.0,0.0,14.0,1.0,0.3,1.0,-7.8,-4.7,-1.5,-4.7,2.0,6.6,14.0,1.0,0.3,1.0,0.0,0.0,0.0,0.0,2.0,0.0,14.0,1.0,0.3,1.0,3.0,9.0,15.0,9.0,2.0,12.5,14.0,1.0,0.3,1.0,5.0,10.0,15.0,10.0,2.0,10.0,14.0,1.0,0.3,1.0
1974,2,155.0,-20.0,26.73,27.0,27.0,26.87,3.0,0.23,10.0,0.3,0.6,0.5,25.25,26.0,28.18,26.7,3.0,2.23,10.0,0.3,0.6,0.5,16.25,17.31,17.48,16.88,3.0,0.98,10.0,0.3,0.6,0.5,70.9,74.4,83.0,76.9,3.0,9.2,10.0,0.3,0.5,3.39,5.1,6.19,4.8,3.0,2.07,10.0,0.3,0.6,0.5,-0.53,3.91,5.54,2.53,3.0,4.6,10.0,0.3,0.6,0.5,-2.97,-2.29,-0.73,-1.86,3.0,1.68,10.0,0.3,0.6,0.5,1000.38,1001.2,1007.34,1003.8,3.0,5.57,10.0,0.3,0.6,0.5,1.6,3.0,3.0,2.3,3.0,1.2,10.0,0.3,0.6,0.5,1.7,19.9,35.1,18.4,3.0,24.5,10.0,0.3,0.6,0.5,-16.3,-15.4,-4.9,-10.7,3.0,9.3,10.0,0.3,0.6,0.5,-1.18,1.0,1.48,0.17,3.0,2.08,10.0,0.3,0.6,0.5,-2.3,5.1,9.4,3.6,3.0,8.7,10.0,0.3,0.6,0.5,4.76,4.8,6.17,5.45,3.0,1.17,10.0,0.3,0.6,0.5,18.6,31.8,33.8,26.3,3.0,12.1,10.0,0.3,0.6,0.5,-19.6,101.6,139.3,60.8,3.0,121.6,10.0,0.3,0.6,0.5,-76.3,-57.1,-18.1,-47.4,3.0,43.4,10.0,0.3,0.6,0.5,-11.6,61.6,93.9,41.6,3.0,79.2,10.0,0.3,0.6,0.5,-47.9,-39.7,-12.6,-30.4,3.0,27.0,10.0,0.3,0.6,0.5,-0.1,26.6,28.8,14.7,3.0,23.6,10.0,0.3,0.6,0.5,-18.7,-10.9,-3.5,-11.1,3.0,11.2,10.0,0.3,0.6,0.5,54.0,132.5,247.5,150.5,3.0,142.5,10.0,0.3,0.6,0.5,55.0,135.0,245.0,150.0,3.0,140.0,10.0,0.3,0.6,0.5
1974,2,155.0,-19.0,25.42,27.6,28.21,26.83,3.0,2.15,18.0,0.3,0.9,0.5,24.82,27.0,27.2,26.03,3.0,1.94,18.0,0.3,0.9,0.5,15.97,16.24,16.51,16.24,2.0,0.56,14.0,0.5,0.9,0.5,70.5,72.2,73.8,72.2,2.0,3.4,14.0,0.5,0.5,1.3,4.1,4.44,2.9,3.0,2.52,18.0,0.3,0.9,0.5,-3.59,-1.4,-0.45,-2.0,3.0,2.36,18.0,0.3,0.9,0.5,0.0,0.0,2.63,1.28,3.0,2.22,18.0,0.3,0.9,0.5,1008.63,1008.9,1010.81,1009.7,3.0,1.74,18.0,0.3,0.9,0.5,2.3,3.0,5.0,3.7,3.0,2.1,18.0,0.3,0.9,0.5,-16.3,-5.7,-1.8,-9.0,3.0,10.9,18.0,0.3,0.9,0.5,0.0,0.0,10.8,5.3,3.0,9.1,18.0,0.3,0.9,0.5,-1.68,0.3,3.3,0.8,3.0,3.68,18.0,0.3,0.9,0.5,0.4,1.4,13.6,6.9,3.0,10.7,18.0,0.3,0.9,0.5,3.28,4.94,6.6,4.94,2.0,3.44,14.0,0.5,0.9,0.5,5.4,17.0,28.5,17.0,2.0,24.0,14.0,0.5,0.9,0.5,-96.3,-33.4,-10.6,-53.0,3.0,65.0,18.0,0.3,0.9,0.5,0.0,0.0,62.6,30.6,3.0,52.9,18.0,0.3,0.9,0.5,-61.3,-36.4,-11.6,-36.4,2.0,51.5,14.0,0.5,0.9,0.5,0.0,0.0,0.0,0.0,2.0,0.0,14.0,0.5,0.9,0.5,-28.5,-17.0,-5.4,-17.0,2.0,24.0,14.0,0.5,0.9,0.5,0.0,0.0,0.0,0.0,2.0,0.0,14.0,0.5,0.9,0.5,22.0,69.0,88.5,55.5,3.0,50.0,18.0,0.3,0.9,0.5,20.0,70.0,90.0,55.0,3.0,50.0,18.0,0.3,0.9,0.5
1974,2,155.0,-18.0,27.38,28.2,29.7,28.53,3.0,1.72,24.0,0.0,0.2,0.2,25.85,27.0,27.79,26.83,4.0,1.52,22.0,0.3,0.2,0.4,17.74,18.27,18.81,18.27,2.0,1.1,24.0,0.0,0.3,0.3,74.2,78.7,83.1,78.7,2.0,9.2,24.0,0.0,0.3,1.24,3.85,5.1,3.2,4.0,2.44,22.0,0.3,0.2,0.4,-4.53,-3.23,-1.22,-2.89,4.0,2.19,22.0,0.3,0.2,0.4,0.0,0.23,1.93,0.93,4.0,1.58,22.0,0.3,0.2,0.4,1007.38,1008.8,1011.9,1009.6,4.0,3.04,22.0,0.3,0.2,0.4,3.0,3.5,4.0,3.5,4.0,0.6,22.0,0.3,0.2,0.4,-23.1,-13.3,-3.2,-13.1,4.0,11.9,22.0,0.3,0.2,0.4,0.0,0.6,9.3,4.5,4.0,8.2,22.0,0.3,0.2,0.4,0.06,3.4,3.4,1.77,3.0,2.83,24.0,0.0,0.2,0.2,-5.2,0.0,6.0,0.4,3.0,8.3,24.0,0.0,0.2,0.2,5.35,6.56,7.77,6.56,2.0,2.51,24.0,0.0,0.3,0.3,22.1,23.0,24.0,23.0,2.0,1.9,24.0,0.0,0.3,0.3,-126.4,-87.3,-32.9,-80.0,4.0,61.7,22.0,0.3,0.2,0.4,0.0,6.1,52.2,25.2,4.0,42.6,22.0,0.3,0.2,0.4,-82.8,-69.0,-55.2,-69.0,2.0,28.6,24.0,0.0,0.3,0.3,1.4,4.3,7.2,4.3,2.0,6.1,24.0,0.0,0.3,0.3,-23.9,-22.9,-21.8,-22.9,2.0,2.2,24.0,0.0,0.3,0.3,0.6,1.9,3.2,1.9,2.0,2.7,24.0,0.0,0.3,0.3,8.5,75.0,132.5,70.5,4.0,72.0,22.0,0.3,0.2,0.4,10.0,75.0,135.0,70.0,4.0,70.0,22.0,0.3,0.2,0.4
1974,2,155.0,-17.0,30.6,30.6,30.6,30.6,1.0,0.0,22.0,1.0,0.5,0.8,31.0,31.0,31.0,31.0,1.0,0.0,22.0,1.0,0.5,0.8,17.33,17.33,17.33,17.33,1.0,0.0,22.0,1.0,0.5,0.8,61.3,61.3,61.3,61.3,1.0,0.0,22.0,1.0,0.8,2.6,2.6,2.6,2.6,1.0,0.0,22.0,1.0,0.5,0.8,-2.56,-2.56,-2.56,-2.56,1.0,0.0,22.0,1.0,0.5,0.8,0.45,0.45,0.45,0.45,1.0,0.0,22.0,1.0,0.5,0.8,1005.0,1005.0,1005.0,1005.0,1.0,0.0,22.0,1.0,0.5,0.8,2.0,2.0,2.0,2.0,1.0,0.0,22.0,1.0,0.5,0.8,-6.7,-6.7,-6.7,-6.7,1.0,0.0,22.0,1.0,0.5,0.8,1.2,1.2,1.2,1.2,1.0,0.0,22.0,1.0,0.5,0.8,-0.4,-0.4,-0.4,-0.4,1.0,0.0,22.0,1.0,0.5,0.8,-1.0,-1.0,-1.0,-1.0,1.0,0.0,22.0,1.0,0.5,0.8,10.46,10.46,10.46,10.46,1.0,0.0,22.0,1.0,0.5,0.8,27.2,27.2,27.2,27.2,1.0,0.0,22.0,1.0,0.5,0.8,-79.4,-79.4,-79.4,-79.4,1.0,0.0,22.0,1.0,0.5,0.8,14.0,14.0,14.0,14.0,1.0,0.0,22.0,1.0,0.5,0.8,-44.4,-44.4,-44.4,-44.4,1.0,0.0,22.0,1.0,0.5,0.8,7.8,7.8,7.8,7.8,1.0,0.0,22.0,1.0,0.5,0.8,-26.8,-26.8,-26.8,-26.8,1.0,0.0,22.0,1.0,0.5,0.8,4.7,4.7,4.7,4.7,1.0,0.0,22.0,1.0,0.5,0.8,17.5,17.5,17.5,17.5,1.0,0.0,22.0,1.0,0.5,0.8,20.0,20.0,20.0,20.0,1.0,0.0,22.0,1.0,0.5,0.8
1974,2,155.0,-16.0,28.29,29.25,30.52,29.4,4.0,1.34,14.0,0.8,0.6,0.7,26.63,27.5,29.5,27.8,6.0,1.46,14.0,0.7,0.4,0.6,18.45,19.27,20.68,19.55,4.0,1.4,10.0,0.8,0.4,0.7,78.9,81.8,83.3,81.1,4.0,3.1,10.0,0.8,0.7,0.0,3.1,4.93,2.83,6.0,2.56,14.0,0.7,0.4,0.6,-0.29,0.0,2.18,0.59,6.0,1.58,14.0,0.7,0.4,0.6,0.0,2.12,4.34,2.38,6.0,2.54,14.0,0.7,0.4,0.6,1004.13,1005.55,1006.72,1005.12,6.0,2.27,14.0,0.7,0.4,0.6,2.8,3.0,8.0,4.5,6.0,2.7,14.0,0.7,0.4,0.6,-1.2,0.0,6.1,2.0,6.0,6.5,14.0,0.7,0.4,0.6,0.0,8.7,20.8,12.0,6.0,15.0,14.0,0.7,0.4,0.6,0.79,1.4,2.38,1.58,4.0,1.07,14.0,0.8,0.6,0.7,0.0,1.8,4.4,2.2,4.0,2.6,14.0,0.8,0.6,0.7,5.53,5.82,5.89,5.71,3.0,0.28,10.0,0.7,0.5,0.7,3.9,12.4,22.2,13.1,3.0,13.4,10.0,0.7,0.5,0.7,-8.5,0.0,58.5,15.2,6.0,43.6,14.0,0.7,0.4,0.6,0.0,57.2,123.5,64.9,6.0,67.9,14.0,0.7,0.4,0.6,-14.6,18.4,45.8,15.7,4.0,36.8,10.0,0.8,0.4,0.7,6.4,38.9,70.8,38.6,4.0,37.6,10.0,0.8,0.4,0.7,3.7,11.7,15.5,9.6,3.0,8.8,10.0,0.7,0.5,0.7,1.3,4.3,15.4,8.3,3.0,10.8,10.0,0.7,0.5,0.7,0.0,39.0,126.5,69.0,6.0,92.5,14.0,0.7,0.4,0.6,0.0,40.0,125.0,70.0,6.0,90.0,14.0,0.7,0.4,0.6
1974,2,155.0,-15.0,,,,,,,,,,,,,,,,,,,,,,,,,,,,,,,,,,,,,,,,5.1,5.1,5.1,5.1,1.0,0.0,14.0,0.0,0.0,0.5,-2.55,-2.55,-2.55,-2.55,1.0,0.0,14.0,0.0,0.0,0.5,4.42,4.42,4.42,4.42,1.0,0.0,14.0,0.0,0.0,0.5,1007.0,1007.0,1007.0,1007.0,1.0,0.0,14.0,0.0,0.0,0.5,,,,,,,,,,,,,,,,,,,,,,,,,,,,,,,,,,,,,,,,,,,,,,,,,,,,,,,,,,,,,,,,,,,,,,,,,,,,,,,,,,,,,,,,,,,,,,,,,,,,,,,,,,,,,,,,,,,,,,,,,,,,,,,,,,,,,,,,,,,,,,,,,,,,,,
1974,2,155.0,-14.0,,,,,,,,,,,,,,,,,,,,,,,,,,,,,,,,,,,,,,,,2.6,2.6,2.6,2.6,1.0,0.0,14.0,1.0,0.2,0.9,1.67,1.67,1.67,1.67,1.0,0.0,14.0,1.0,0.2,0.9,1.99,1.99,1.99,1.99,1.0,0.0,14.0,1.0,0.2,0.9,1004.5,1004.5,1004.5,1004.5,1.0,0.0,14.0,1.0,0.2,0.9,,,,,,,,,,,,,,,,,,,,,,,,,,,,,,,,,,,,,,,,,,,,,,,,,,,,,,,,,,,,,,,,,,,,,,,,,,,,,,,,,,,,,,,,,,,,,,,,,,,,,,,,,,,,,,,,,,,,,,,,,,,,,,,,,,,,,,,,,,,,,,,,,,,,,,
1974,2,155.0,-13.0,29.0,29.0,29.0,29.0,1.0,0.0,26.0,0.0,0.3,0.4,28.16,28.5,28.84,28.5,2.0,0.71,20.0,0.5,0.2,0.6,15.59,15.59,15.59,15.59,1.0,0.0,26.0,0.0,0.3,0.4,65.7,65.7,65.7,65.7,1.0,0.0,26.0,0.0,0.4,1.0,1.0,1.0,1.0,1.0,0.0,14.0,1.0,0.1,0.8,-0.77,-0.77,-0.77,-0.77,1.0,0.0,14.0,1.0,0.1,0.8,-0.64,-0.64,-0.64,-0.64,1.0,0.0,14.0,1.0,0.1,0.8,1006.4,1007.05,1007.7,1007.05,2.0,1.34,20.0,0.5,0.2,0.6,3.5,4.5,5.5,4.5,2.0,2.1,20.0,0.5,0.2,0.6,-0.8,-0.8,-0.8,-0.8,1.0,0.0,14.0,1.0,0.1,0.8,-0.6,-0.6,-0.6,-0.6,1.0,0.0,14.0,1.0,0.1,0.8,,,,,,,,,,,,,,,,,,,,,,,,,,,,,,,,,,,,,,,,,,,,,,,,,,,,,,,,,,,,,,,,,,,,,,,,,,,,,,,,,,,,,,,,,,,,,,,,,,,,,,,,,,,,,,,,,,,,,,,,
1974,2,155.0,-10.0,,,,,,,,,,,,,,,,,,,,,,,,,,,,,,,,,,,,,,,,1.0,1.0,1.0,1.0,1.0,0.0,28.0,1.0,0.9,0.5,0.87,0.87,0.87,0.87,1.0,0.0,28.0,1.0,0.9,0.5,-0.5,-0.5,-0.5,-0.5,1.0,0.0,28.0,1.0,0.9,0.5,1007.5,1007.5,1007.5,1007.5,1.0,0.0,28.0,1.0,0.9,0.5,4.0,4.0,4.0,4.0,1.0,0.0,28.0,1.0,0.9,0.5,0.9,0.9,0.9,0.9,1.0,0.0,28.0,1.0,0.9,0.5,-0.5,-0.5,-0.5,-0.5,1.0,0.0,28.0,1.0,0.9,0.5,,,,,,,,,,,,,,,,,,,,,,,,,,,,,,,,,,,,,,,,,25.7,25.7,25.7,25.7,1.0,0.0,28.0,1.0,0.9,0.5,-14.8,-14.8,-14.8,-14.8,1.0,0.0,28.0,1.0,0.9,0.5,19.1,19.1,19.1,19.1,1.0,0.0,28.0,1.0,0.9,0.5,-11.0,-11.0,-11.0,-11.0,1.0,0.0,28.0,1.0,0.9,0.5,,,,,,,,,,,,,,,,,,,,,,,,,,,,,,,,,,,,,,,,
1974,2,155.0,-9.0,28.71,30.0,30.76,29.75,4.0,1.32,18.0,0.5,0.6,0.7,27.0,27.5,28.79,27.88,4.0,1.18,18.0,0.5,0.6,0.7,17.58,19.0,20.54,19.06,4.0,1.71,18.0,0.5,0.6,0.7,72.9,81.8,88.8,80.9,4.0,10.2,18.0,0.5,0.7,1.0,2.6,4.15,2.58,4.0,2.12,18.0,0.5,0.6,0.7,-1.97,-0.27,0.38,-0.77,4.0,1.75,18.0,0.5,0.6,0.7,-2.54,-0.99,2.05,-0.28,4.0,3.06,18.0,0.5,0.6,0.7,1002.5,1003.55,1005.86,1004.15,4.0,2.14,18.0,0.5,0.6,0.7,3.0,3.5,4.0,3.5,4.0,0.6,18.0,0.5,0.6,0.7,-9.6,-0.8,0.8,-4.2,4.0,8.4,18.0,0.5,0.6,0.7,-6.9,-2.1,10.4,1.6,4.0,12.8,18.0,0.5,0.6,0.7,0.48,2.0,3.26,1.88,4.0,1.65,18.0,0.5,0.6,0.7,1.0,5.7,13.8,7.3,4.0,8.1,18.0,0.5,0.6,0.7,6.62,7.57,8.3,7.46,4.0,1.0,18.0,0.5,0.6,0.7,6.3,19.3,30.7,18.5,4.0,15.4,18.0,0.5,0.6,0.7,-53.5,-7.5,10.2,-21.0,4.0,47.1,18.0,0.5,0.6,0.7,-70.2,-26.6,55.3,-8.3,4.0,83.7,18.0,0.5,0.6,0.7,-40.8,-5.5,6.6,-16.6,4.0,35.6,18.0,0.5,0.6,0.7,-49.0,-17.3,42.4,-3.9,4.0,62.0,18.0,0.5,0.6,0.7,-14.1,-2.2,2.4,-5.7,4.0,12.0,18.0,0.5,0.6,0.7,-19.0,-6.2,14.3,-2.5,4.0,22.3,18.0,0.5,0.6,0.7,4.5,19.5,83.5,43.0,4.0,61.0,18.0,0.5,0.6,0.7,5.0,20.0,85.0,45.0,4.0,60.0,18.0,0.5,0.6,0.7
1974,2,155.0,-8.0,29.0,29.0,30.87,29.6,8.0,1.3,18.0,0.5,0.4,0.4,26.56,27.5,29.44,27.81,8.0,1.39,18.0,0.5,0.4,0.4,18.8,19.84,21.12,19.95,8.0,1.13,18.0,0.5,0.4,0.4,78.8,83.8,92.5,84.9,8.0,6.9,18.0,0.5,0.4,2.73,3.6,6.07,4.07,9.0,2.2,20.0,0.4,0.4,0.4,-1.31,0.99,2.82,0.89,9.0,2.18,20.0,0.4,0.4,0.4,-5.55,-3.12,-0.29,-3.2,9.0,2.51,20.0,0.4,0.4,0.4,1003.63,1004.8,1006.96,1004.87,9.0,2.22,20.0,0.4,0.4,0.4,4.3,6.0,7.0,5.7,9.0,2.1,20.0,0.4,0.4,0.4,-4.7,5.6,16.5,5.7,9.0,10.1,20.0,0.4,0.4,0.4,-32.9,-11.2,-0.9,-17.5,9.0,17.5,20.0,0.4,0.4,0.4,0.88,2.0,2.5,1.79,8.0,0.99,18.0,0.5,0.4,0.4,3.1,9.0,16.6,9.1,8.0,6.5,18.0,0.5,0.4,0.4,5.14,6.02,7.68,6.33,8.0,1.5,18.0,0.5,0.4,0.4,22.0,27.9,36.6,27.9,8.0,8.4,18.0,0.5,0.4,0.4,-43.6,45.5,82.1,26.3,8.0,65.7,18.0,0.5,0.4,0.4,-145.8,-104.8,-35.4,-97.4,8.0,61.6,18.0,0.5,0.4,0.4,-28.2,34.5,58.5,19.9,8.0,47.3,18.0,0.5,0.4,0.4,-108.6,-75.2,-25.0,-70.9,8.0,46.9,18.0,0.5,0.4,0.4,-11.9,8.7,18.5,5.5,8.0,16.2,18.0,0.5,0.4,0.4,-33.2,-22.1,-9.9,-20.9,8.0,12.7,18.0,0.5,0.4,0.4,21.0,46.5,224.0,117.0,9.0,127.0,20.0,0.4,0.4,0.4,20.0,45.0,225.0,115.0,9.0,125.0,20.0,0.4,0.4,0.4
1974,2,155.0,-6.0,29.19,29.6,30.01,29.6,2.0,0.85,14.0,0.0,0.4,0.4,26.17,26.55,26.93,26.55,2.0,0.78,14.0,0.0,0.4,0.4,18.49,18.49,18.49,18.49,1.0,0.0,6.0,0.0,0.6,0.1,87.7,87.7,87.7,87.7,1.0,0.0,6.0,0.0,0.1,0.63,2.0,2.75,1.7,3.0,1.57,18.0,0.0,0.4,0.5,0.55,1.73,2.38,1.47,3.0,1.36,18.0,0.0,0.4,0.5,0.32,1.0,1.38,0.85,3.0,0.79,18.0,0.0,0.4,0.5,1006.7,1007.05,1007.61,1007.15,4.0,0.54,20.0,0.3,0.4,0.5,8.0,8.0,8.0,8.0,1.0,0.0,6.0,0.0,0.6,0.1,1.1,3.5,6.8,3.9,3.0,4.2,18.0,0.0,0.4,0.5,0.6,2.0,3.9,2.3,3.0,2.4,18.0,0.0,0.4,0.5,3.02,3.05,3.08,3.05,2.0,0.07,14.0,0.0,0.4,0.4,1.5,4.8,8.1,4.8,2.0,6.8,14.0,0.0,0.4,0.4,6.75,6.75,6.75,6.75,1.0,0.0,6.0,0.0,0.6,0.1,0.0,0.0,0.0,0.0,1.0,0.0,6.0,0.0,0.6,0.1,11.5,36.4,61.2,36.4,2.0,51.4,14.0,0.0,0.4,0.4,6.7,21.0,35.3,21.0,2.0,29.7,14.0,0.0,0.4,0.4,0.0,0.0,0.0,0.0,1.0,0.0,6.0,0.0,0.6,0.1,0.0,0.0,0.0,0.0,1.0,0.0,6.0,0.0,0.6,0.1,0.0,0.0,0.0,0.0,1.0,0.0,6.0,0.0,0.6,0.1,0.0,0.0,0.0,0.0,1.0,0.0,6.0,0.0,0.6,0.1,2.5,8.0,23.0,12.5,3.0,15.5,18.0,0.0,0.4,0.5,5.0,10.0,25.0,15.0,3.0,15.0,18.0,0.0,0.4,0.5
1974,2,155.0,-5.0,29.4,30.25,31.1,30.25,2.0,1.77,12.0,0.0,0.6,0.2,26.0,26.0,26.0,26.0,2.0,0.0,12.0,0.0,0.6,0.2,18.7,18.7,18.71,18.7,2.0,0.02,12.0,0.0,0.6,0.2,88.7,88.7,88.7,88.7,2.0,0.0,12.0,0.0,0.2,0.41,1.3,2.19,1.3,2.0,1.84,12.0,0.0,0.6,0.2,-2.15,-1.28,-0.41,-1.28,2.0,1.81,12.0,0.0,0.6,0.2,0.07,0.23,0.38,0.23,2.0,0.32,12.0,0.0,0.6,0.2,1007.61,1008.05,1008.49,1008.05,2.0,0.92,12.0,0.0,0.6,0.2,8.0,8.0,8.0,8.0,2.0,0.0,12.0,0.0,0.6,0.2,-5.6,-3.3,-1.1,-3.3,2.0,4.7,12.0,0.0,0.6,0.2,0.2,0.6,1.0,0.6,2.0,0.8,12.0,0.0,0.6,0.2,3.4,4.25,5.1,4.25,2.0,1.77,12.0,0.0,0.6,0.2,2.3,7.2,12.0,7.2,2.0,10.1,12.0,0.0,0.6,0.2,7.15,8.5,9.85,8.5,2.0,2.8,12.0,0.0,0.6,0.2,4.3,13.6,22.9,13.6,2.0,19.3,12.0,0.0,0.6,0.2,-56.0,-33.3,-10.6,-33.3,2.0,47.1,12.0,0.0,0.6,0.2,1.9,5.9,9.9,5.9,2.0,8.3,12.0,0.0,0.6,0.2,-40.3,-23.9,-7.6,-23.9,2.0,33.8,12.0,0.0,0.6,0.2,1.3,4.2,7.1,4.2,2.0,6.0,12.0,0.0,0.6,0.2,-22.6,-13.4,-4.3,-13.4,2.0,19.0,12.0,0.0,0.6,0.2,0.8,2.4,4.0,2.4,2.0,3.3,12.0,0.0,0.6,0.2,3.0,9.0,15.0,9.0,2.0,12.5,12.0,0.0,0.6,0.2,5.0,10.0,15.0,10.0,2.0,10.0,12.0,0.0,0.6,0.2
1974,2,155.0,-4.0,,,,,,,,,,,,,,,,,,,,,,,,,,,,,,,,,,,,,,,,1.74,2.25,2.76,2.25,2.0,1.06,2.0,0.5,0.6,0.5,-1.62,-0.96,-0.31,-0.96,2.0,1.36,2.0,0.5,0.6,0.5,-2.17,-1.9,-1.63,-1.9,2.0,0.56,2.0,0.5,0.6,0.5,1008.5,1008.5,1008.5,1008.5,2.0,0.0,2.0,0.5,0.6,0.5,,,,,,,,,,,,,,,,,,,,,,,,,,,,,,,,,,,,,,,,,,,,,,,,,,,,,,,,,,,,,,,,,,,,,,,,,,,,,,,,,,,,,,,,,,,,,,,,,,,,,,,,,,,,,,,,,,,,,,,,,,,,,,,,,,,,,,,,,,,,,,,,,,,,,,
1974,2,155.0,-3.0,,,,,,,,,,,,,,,,,,,,,,,,,,,,,,,,,,,,,,,,2.42,3.1,4.47,3.43,3.0,1.53,2.0,0.7,0.3,0.3,-2.47,-0.72,0.5,-0.98,3.0,2.18,2.0,0.7,0.3,0.3,-3.59,-2.91,-2.27,-2.93,3.0,0.97,2.0,0.7,0.3,0.3,1006.11,1007.0,1008.37,1007.23,3.0,1.66,2.0,0.7,0.3,0.3,,,,,,,,,,,,,,,,,,,,,,,,,,,,,,,,,,,,,,,,,,,,,,,,,,,,,,,,,,,,,,,,,,,,,,,,,,,,,,,,,,,,,,,,,,,,,,,,,,,,,,,,,,,,,,,,,,,,,,,,,,,,,,,,,,,,,,,,,,,,,,,,,,,,,,
1974,2,155.0,2.0,29.0,29.0,29.0,29.0,1.0,0.0,26.0,1.0,0.3,0.6,29.0,29.0,29.0,29.0,1.0,0.0,26.0,1.0,0.3,0.6,17.68,17.68,17.68,17.68,1.0,0.0,26.0,1.0,0.3,0.6,70.1,70.1,70.1,70.1,1.0,0.0,26.0,1.0,0.6,4.1,4.1,4.1,4.1,1.0,0.0,26.0,1.0,0.3,0.6,-2.05,-2.05,-2.05,-2.05,1.0,0.0,26.0,1.0,0.3,0.6,-3.55,-3.55,-3.55,-3.55,1.0,0.0,26.0,1.0,0.3,0.6,1003.4,1003.4,1003.4,1003.4,1.0,0.0,26.0,1.0,0.3,0.6,5.0,5.0,5.0,5.0,1.0,0.0,26.0,1.0,0.3,0.6,-8.4,-8.4,-8.4,-8.4,1.0,0.0,26.0,1.0,0.3,0.6,-14.6,-14.6,-14.6,-14.6,1.0,0.0,26.0,1.0,0.3,0.6,0.0,0.0,0.0,0.0,1.0,0.0,26.0,1.0,0.3,0.6,0.0,0.0,0.0,0.0,1.0,0.0,26.0,1.0,0.3,0.6,7.67,7.67,7.67,7.67,1.0,0.0,26.0,1.0,0.3,0.6,31.4,31.4,31.4,31.4,1.0,0.0,26.0,1.0,0.3,0.6,-59.4,-59.4,-59.4,-59.4,1.0,0.0,26.0,1.0,0.3,0.6,-103.0,-103.0,-103.0,-103.0,1.0,0.0,26.0,1.0,0.3,0.6,-36.2,-36.2,-36.2,-36.2,1.0,0.0,26.0,1.0,0.3,0.6,-62.8,-62.8,-62.8,-62.8,1.0,0.0,26.0,1.0,0.3,0.6,-15.7,-15.7,-15.7,-15.7,1.0,0.0,26.0,1.0,0.3,0.6,-27.2,-27.2,-27.2,-27.2,1.0,0.0,26.0,1.0,0.3,0.6,69.0,69.0,69.0,69.0,1.0,0.0,26.0,1.0,0.3,0.6,70.0,70.0,70.0,70.0,1.0,0.0,26.0,1.0,0.3,0.6
1974,2,155.0,3.0,28.66,29.0,29.0,28.83,3.0,0.29,8.0,1.0,0.5,0.6,25.61,26.5,27.11,26.37,3.0,1.11,8.0,1.0,0.5,0.6,17.16,17.39,17.62,17.39,2.0,0.47,4.0,1.0,0.5,0.6,78.6,81.2,83.8,81.2,2.0,5.4,4.0,1.0,0.6,5.86,7.7,8.79,7.33,3.0,2.17,8.0,1.0,0.5,0.6,-7.84,-5.9,-4.07,-5.95,3.0,2.76,8.0,1.0,0.5,0.6,-3.62,-3.18,2.37,-0.69,3.0,4.89,8.0,1.0,0.5,0.6,1007.61,1008.7,1009.52,1008.57,3.0,1.4,8.0,1.0,0.5,0.6,8.0,8.0,8.0,8.0,3.0,0.0,8.0,1.0,0.5,0.6,-69.9,-45.4,-25.4,-47.6,3.0,32.7,8.0,1.0,0.5,0.6,-26.3,-19.2,19.9,-3.5,3.0,36.4,8.0,1.0,0.5,0.6,1.73,2.0,3.23,2.47,3.0,1.17,8.0,1.0,0.5,0.6,11.5,14.9,24.7,18.0,3.0,10.0,8.0,1.0,0.5,0.6,7.63,7.84,8.06,7.84,2.0,0.44,4.0,1.0,0.5,0.6,64.0,66.4,68.9,66.4,2.0,5.1,4.0,1.0,0.5,0.6,-210.6,-148.6,-105.3,-157.8,3.0,77.5,8.0,1.0,0.5,0.6,-96.9,-87.2,57.5,-21.3,3.0,126.7,8.0,1.0,0.5,0.6,-146.3,-127.7,-109.2,-127.7,2.0,38.4,4.0,1.0,0.5,0.6,-34.0,14.0,62.1,14.0,2.0,99.5,4.0,1.0,0.5,0.6,-63.0,-57.0,-50.9,-57.0,2.0,12.5,4.0,1.0,0.5,0.6,-13.7,8.2,30.2,8.2,2.0,45.5,4.0,1.0,0.5,0.6,230.0,456.5,694.0,462.0,3.0,339.5,8.0,1.0,0.5,0.6,230.0,455.0,695.0,460.0,3.0,340.0,8.0,1.0,0.5,0.6
1974,2,155.0,11.0,26.83,28.4,28.47,27.67,3.0,1.36,14.0,0.3,0.3,0.5,26.56,26.7,27.93,27.23,3.0,1.1,14.0,0.3,0.3,0.5,18.18,19.95,23.02,20.58,3.0,3.6,14.0,0.3,0.3,0.5,83.3,92.0,97.5,90.4,3.0,10.5,14.0,0.3,0.5,8.53,10.3,10.98,9.77,3.0,1.86,14.0,0.3,0.3,0.5,-10.32,-9.68,-8.01,-9.18,3.0,1.75,14.0,0.3,0.3,0.5,-3.76,-3.52,-2.92,-3.34,3.0,0.64,14.0,0.3,0.3,0.5,1009.66,1009.8,1010.28,1009.97,3.0,0.47,14.0,0.3,0.3,0.5,2.0,2.0,2.7,2.3,3.0,0.6,14.0,0.3,0.3,0.5,-113.5,-99.7,-69.7,-91.8,3.0,32.9,14.0,0.3,0.3,0.5,-41.3,-36.3,-25.4,-33.4,3.0,12.0,14.0,0.3,0.3,0.5,-0.27,0.0,1.16,0.43,3.0,1.12,14.0,0.3,0.3,0.5,-2.1,0.0,12.0,4.8,3.0,11.1,14.0,0.3,0.3,0.5,0.39,1.24,5.14,2.73,3.0,3.71,14.0,0.3,0.3,0.5,3.0,9.5,51.9,27.1,3.0,38.9,14.0,0.3,0.3,0.5,-288.6,-258.4,-212.9,-250.9,3.0,55.8,14.0,0.3,0.3,0.5,-105.0,-94.1,-77.5,-91.3,3.0,20.3,14.0,0.3,0.3,0.5,-230.6,-167.9,-151.8,-190.7,3.0,60.9,14.0,0.3,0.3,0.5,-83.9,-61.1,-55.3,-69.4,3.0,22.2,14.0,0.3,0.3,0.5,-48.8,-9.0,-2.8,-25.4,3.0,36.6,14.0,0.3,0.3,0.5,-17.8,-3.3,-1.0,-9.3,3.0,13.3,14.0,0.3,0.3,0.5,658.5,1092.5,1332.0,997.5,3.0,500.0,14.0,0.3,0.3,0.5,660.0,1095.0,1330.0,995.0,3.0,500.0,14.0,0.3,0.3,0.5
1974,2,155.0,12.0,27.0,27.0,27.05,27.03,4.0,0.05,20.0,0.3,0.4,0.3,26.29,26.5,27.02,26.65,4.0,0.6,20.0,0.3,0.4,0.3,17.68,17.9,18.17,17.92,4.0,0.32,20.0,0.3,0.4,0.3,79.7,82.6,84.4,82.0,4.0,2.9,20.0,0.3,0.3,3.55,4.6,6.22,4.88,4.0,2.11,20.0,0.3,0.4,0.3,-5.71,-3.52,-2.86,-4.25,4.0,2.38,20.0,0.3,0.4,0.3,-2.96,-1.48,0.68,-1.15,4.0,2.15,20.0,0.3,0.4,0.3,1009.05,1010.2,1010.25,1009.68,4.0,1.12,20.0,0.3,0.4,0.3,2.0,3.0,4.0,3.0,4.0,1.2,20.0,0.3,0.4,0.3,-38.8,-16.2,-10.8,-24.4,4.0,23.8,20.0,0.3,0.4,0.3,-13.6,-6.8,1.8,-6.0,4.0,8.9,20.0,0.3,0.4,0.3,0.03,0.5,0.71,0.38,4.0,0.55,20.0,0.3,0.4,0.3,-0.5,2.3,2.3,1.0,4.0,2.7,20.0,0.3,0.4,0.3,4.26,4.55,4.7,4.48,4.0,0.32,20.0,0.3,0.4,0.3,15.1,20.3,28.7,21.8,4.0,9.5,20.0,0.3,0.4,0.3,-155.4,-93.4,-75.2,-114.3,4.0,67.0,20.0,0.3,0.4,0.3,-78.4,-39.2,17.8,-30.7,4.0,56.7,20.0,0.3,0.4,0.3,-103.3,-63.2,-50.5,-76.3,4.0,42.9,20.0,0.3,0.4,0.3,-53.1,-26.0,12.1,-20.7,4.0,38.5,20.0,0.3,0.4,0.3,-26.2,-15.6,-12.2,-19.0,4.0,10.8,20.0,0.3,0.4,0.3,-13.1,-6.0,3.1,-5.0,4.0,9.6,20.0,0.3,0.4,0.3,55.5,97.5,285.5,167.0,4.0,196.5,20.0,0.3,0.4,0.3,55.0,95.0,285.0,165.0,4.0,195.0,20.0,0.3,0.4,0.3
1974,2,155.0,13.0,27.13,27.4,27.67,27.4,2.0,0.57,18.0,0.5,0.1,0.1,26.19,26.6,27.01,26.6,2.0,0.85,18.0,0.5,0.1,0.1,15.26,16.3,17.33,16.3,2.0,2.15,18.0,0.5,0.1,0.1,68.6,75.1,81.6,75.1,2.0,13.4,18.0,0.5,0.1,3.74,6.2,8.66,6.2,2.0,5.09,18.0,0.5,0.1,0.1,-8.48,-5.95,-3.43,-5.95,2.0,5.23,18.0,0.5,0.1,0.1,-1.23,-0.2,0.82,-0.2,2.0,2.12,18.0,0.5,0.1,0.1,1008.24,1008.75,1009.26,1008.75,2.0,1.06,18.0,0.5,0.1,0.1,1.5,2.5,3.5,2.5,2.0,2.1,18.0,0.5,0.1,0.1,-80.5,-50.2,-19.9,-50.2,2.0,62.7,18.0,0.5,0.1,0.1,-13.5,-6.6,0.2,-6.6,2.0,14.2,18.0,0.5,0.1,0.1,0.66,0.8,0.94,0.8,2.0,0.28,18.0,0.5,0.1,0.1,3.1,4.2,5.4,4.2,2.0,2.3,18.0,0.5,0.1,0.1,5.24,6.64,8.04,6.64,2.0,2.89,18.0,0.5,0.1,0.1,23.6,48.5,73.5,48.5,2.0,51.8,18.0,0.5,0.1,0.1,-230.1,-160.5,-90.9,-160.5,2.0,144.2,18.0,0.5,0.1,0.1,-33.6,-6.2,21.1,-6.2,2.0,56.6,18.0,0.5,0.1,0.1,-126.4,-91.4,-56.4,-91.4,2.0,72.5,18.0,0.5,0.1,0.1,-17.5,-1.0,15.5,-1.0,2.0,34.2,18.0,0.5,0.1,0.1,-72.2,-47.1,-22.0,-47.1,2.0,52.0,18.0,0.5,0.1,0.1,-11.5,-4.4,2.7,-4.4,2.0,14.7,18.0,0.5,0.1,0.1,164.0,479.5,794.5,479.5,2.0,653.0,18.0,0.5,0.1,0.1,165.0,480.0,795.0,480.0,2.0,655.0,18.0,0.5,0.1,0.1
1974,2,155.0,14.0,27.2,27.2,27.2,27.2,1.0,0.0,14.0,1.0,0.3,0.3,27.8,27.8,27.8,27.8,1.0,0.0,14.0,1.0,0.3,0.3,17.85,17.85,17.85,17.85,1.0,0.0,14.0,1.0,0.3,0.3,76.5,76.5,76.5,76.5,1.0,0.0,14.0,1.0,0.3,9.3,9.3,9.3,9.3,1.0,0.0,14.0,1.0,0.3,0.3,-9.16,-9.16,-9.16,-9.16,1.0,0.0,14.0,1.0,0.3,0.3,-1.61,-1.61,-1.61,-1.61,1.0,0.0,14.0,1.0,0.3,0.3,1012.0,1012.0,1012.0,1012.0,1.0,0.0,14.0,1.0,0.3,0.3,2.0,2.0,2.0,2.0,1.0,0.0,14.0,1.0,0.3,0.3,-85.2,-85.2,-85.2,-85.2,1.0,0.0,14.0,1.0,0.3,0.3,-15.0,-15.0,-15.0,-15.0,1.0,0.0,14.0,1.0,0.3,0.3,-0.6,-0.6,-0.6,-0.6,1.0,0.0,14.0,1.0,0.3,0.3,-5.6,-5.6,-5.6,-5.6,1.0,0.0,14.0,1.0,0.3,0.3,4.74,4.74,4.74,4.74,1.0,0.0,14.0,1.0,0.3,0.3,44.0,44.0,44.0,44.0,1.0,0.0,14.0,1.0,0.3,0.3,-254.6,-254.6,-254.6,-254.6,1.0,0.0,14.0,1.0,0.3,0.3,-44.9,-44.9,-44.9,-44.9,1.0,0.0,14.0,1.0,0.3,0.3,-163.5,-163.5,-163.5,-163.5,1.0,0.0,14.0,1.0,0.3,0.3,-28.8,-28.8,-28.8,-28.8,1.0,0.0,14.0,1.0,0.3,0.3,-43.4,-43.4,-43.4,-43.4,1.0,0.0,14.0,1.0,0.3,0.3,-7.6,-7.6,-7.6,-7.6,1.0,0.0,14.0,1.0,0.3,0.3,804.5,804.5,804.5,804.5,1.0,0.0,14.0,1.0,0.3,0.3,805.0,805.0,805.0,805.0,1.0,0.0,14.0,1.0,0.3,0.3
1974,2,155.0,15.0,25.48,27.8,28.48,27.0,3.0,2.31,10.0,0.3,0.5,0.2,26.29,26.7,27.79,27.03,3.0,1.14,10.0,0.3,0.5,0.2,18.4,18.66,19.08,18.74,3.0,0.5,10.0,0.3,0.5,0.2,81.2,83.1,86.6,83.9,3.0,4.0,10.0,0.3,0.2,5.93,7.7,8.04,7.0,3.0,1.66,10.0,0.3,0.5,0.2,-6.7,-4.79,-1.52,-4.13,3.0,3.84,10.0,0.3,0.5,0.2,-1.62,-1.34,5.17,1.71,3.0,5.63,10.0,0.3,0.5,0.2,1007.7,1010.5,1013.3,1010.5,3.0,4.1,10.0,0.3,0.5,0.2,1.6,3.0,4.4,3.0,3.0,2.0,10.0,0.3,0.5,0.2,-47.6,-24.4,-7.8,-27.6,3.0,29.3,10.0,0.3,0.5,0.2,-9.9,-8.9,43.1,16.0,3.0,44.4,10.0,0.3,0.5,0.2,-1.32,-0.5,1.27,-0.03,3.0,1.94,10.0,0.3,0.5,0.2,-7.1,-3.8,10.5,1.6,3.0,13.8,10.0,0.3,0.5,0.2,1.61,4.08,5.86,3.74,3.0,3.13,10.0,0.3,0.5,0.2,11.6,31.4,47.4,29.5,3.0,26.3,10.0,0.3,0.5,0.2,-186.2,-125.1,-39.7,-113.2,3.0,107.8,10.0,0.3,0.5,0.2,-43.1,-37.8,137.4,45.2,3.0,150.5,10.0,0.3,0.5,0.2,-128.1,-89.4,-28.4,-78.5,3.0,73.7,10.0,0.3,0.5,0.2,-30.4,-25.8,94.2,30.5,3.0,103.5,10.0,0.3,0.5,0.2,-21.8,-2.2,-0.7,-11.0,3.0,17.2,10.0,0.3,0.5,0.2,-4.0,-0.8,37.2,16.2,3.0,33.6,10.0,0.3,0.5,0.2,235.5,456.5,521.5,380.0,3.0,219.5,10.0,0.3,0.5,0.2,235.0,455.0,520.0,380.0,3.0,220.0,10.0,0.3,0.5,0.2
1974,2,155.0,16.0,26.22,26.7,27.38,26.8,3.0,0.85,14.0,0.3,0.4,0.5,24.59,25.0,25.68,25.13,3.0,0.81,14.0,0.3,0.4,0.5,14.85,15.9,16.94,15.9,2.0,2.17,20.0,0.5,0.3,0.6,76.8,79.5,82.3,79.5,2.0,5.7,20.0,0.5,0.6,10.62,11.3,11.98,11.3,3.0,1.0,14.0,0.3,0.4,0.5,-10.34,-9.68,-8.98,-9.66,3.0,1.0,14.0,0.3,0.4,0.5,-6.91,-6.15,-4.36,-5.65,3.0,1.92,14.0,0.3,0.4,0.5,1012.9,1012.9,1016.18,1014.5,3.0,2.77,14.0,0.3,0.4,0.5,4.3,7.0,7.7,6.0,3.0,2.6,14.0,0.3,0.4,0.5,-121.1,-99.7,-98.4,-109.5,3.0,18.7,14.0,0.3,0.4,0.5,-80.0,-75.6,-48.8,-64.7,3.0,24.8,14.0,0.3,0.4,0.5,0.54,1.7,2.79,1.67,3.0,1.65,14.0,0.3,0.4,0.5,6.1,19.2,29.3,17.7,3.0,17.0,14.0,0.3,0.4,0.5,4.33,6.18,8.03,6.18,2.0,3.82,20.0,0.5,0.3,0.6,50.5,67.1,83.8,67.1,2.0,34.5,20.0,0.5,0.3,0.6,-264.0,-236.2,-222.7,-243.2,3.0,30.9,14.0,0.3,0.4,0.5,-174.7,-159.9,-109.4,-142.5,3.0,50.1,14.0,0.3,0.4,0.5,-178.3,-162.3,-146.4,-162.3,2.0,33.0,20.0,0.5,0.3,0.6,-98.2,-78.9,-59.6,-78.9,2.0,40.0,20.0,0.5,0.3,0.6,-78.2,-61.5,-44.8,-61.5,2.0,34.6,20.0,0.5,0.3,0.6,-29.7,-26.3,-23.0,-26.3,2.0,7.0,20.0,0.5,0.3,0.6,1204.0,1443.0,1728.0,1465.5,3.0,384.5,14.0,0.3,0.4,0.5,1205.0,1445.0,1730.0,1465.0,3.0,385.0,14.0,0.3,0.4,0.5
1974,2,155.0,17.0,27.2,27.2,27.2,27.2,1.0,0.0,16.0,0.0,0.7,0.1,23.3,23.3,23.3,23.3,1.0,0.0,16.0,0.0,0.7,0.1,16.16,16.16,16.16,16.16,1.0,0.0,16.0,0.0,0.7,0.1,90.7,90.7,90.7,90.7,1.0,0.0,16.0,0.0,0.1,4.1,4.1,4.1,4.1,1.0,0.0,16.0,0.0,0.7,0.1,-3.85,-3.85,-3.85,-3.85,1.0,0.0,16.0,0.0,0.7,0.1,-1.4,-1.4,-1.4,-1.4,1.0,0.0,16.0,0.0,0.7,0.1,1013.5,1013.5,1013.5,1013.5,1.0,0.0,16.0,0.0,0.7,0.1,5.0,5.0,5.0,5.0,1.0,0.0,16.0,0.0,0.7,0.1,-15.8,-15.8,-15.8,-15.8,1.0,0.0,16.0,0.0,0.7,0.1,-5.7,-5.7,-5.7,-5.7,1.0,0.0,16.0,0.0,0.7,0.1,3.9,3.9,3.9,3.9,1.0,0.0,16.0,0.0,0.7,0.1,16.0,16.0,16.0,16.0,1.0,0.0,16.0,0.0,0.7,0.1,6.4,6.4,6.4,6.4,1.0,0.0,16.0,0.0,0.7,0.1,26.2,26.2,26.2,26.2,1.0,0.0,16.0,0.0,0.7,0.1,-89.8,-89.8,-89.8,-89.8,1.0,0.0,16.0,0.0,0.7,0.1,-32.7,-32.7,-32.7,-32.7,1.0,0.0,16.0,0.0,0.7,0.1,-62.2,-62.2,-62.2,-62.2,1.0,0.0,16.0,0.0,0.7,0.1,-22.7,-22.7,-22.7,-22.7,1.0,0.0,16.0,0.0,0.7,0.1,-24.6,-24.6,-24.6,-24.6,1.0,0.0,16.0,0.0,0.7,0.1,-9.0,-9.0,-9.0,-9.0,1.0,0.0,16.0,0.0,0.7,0.1,69.0,69.0,69.0,69.0,1.0,0.0,16.0,0.0,0.7,0.1,70.0,70.0,70.0,70.0,1.0,0.0,16.0,0.0,0.7,0.1
1974,2,155.0,18.0,26.28,26.45,26.62,26.45,2.0,0.35,4.0,0.5,0.5,0.6,24.1,24.35,25.65,24.85,4.0,1.25,8.0,0.5,0.4,0.6,13.33,14.53,16.43,14.87,3.0,2.29,4.0,0.7,0.5,0.6,71.8,77.4,78.6,75.2,3.0,5.4,4.0,0.7,0.6,6.34,7.95,9.3,7.83,4.0,2.14,8.0,0.5,0.4,0.6,-6.85,-4.9,-0.01,-3.5,4.0,4.93,8.0,0.5,0.4,0.6,-3.05,1.07,7.43,2.14,4.0,6.29,8.0,0.5,0.4,0.6,1012.85,1014.95,1016.52,1014.7,4.0,2.27,8.0,0.5,0.4,0.6,3.0,5.0,5.7,4.3,3.0,2.1,10.0,0.7,0.5,0.5,-54.7,-32.7,9.5,-23.1,4.0,43.4,8.0,0.5,0.4,0.6,-20.0,10.7,70.4,24.5,4.0,57.1,8.0,0.5,0.4,0.6,0.32,1.0,1.68,1.0,2.0,1.41,4.0,0.5,0.5,0.6,1.6,5.1,8.6,5.1,2.0,7.2,4.0,0.5,0.5,0.6,4.94,5.66,6.37,5.66,2.0,1.48,4.0,0.5,0.5,0.6,34.4,34.9,35.3,34.9,2.0,0.9,4.0,0.5,0.5,0.6,-173.9,-126.0,-0.7,-89.1,4.0,122.2,8.0,0.5,0.4,0.6,-74.3,31.7,184.6,54.1,4.0,153.5,8.0,0.5,0.4,0.6,-87.7,-56.8,12.7,-38.0,3.0,75.3,4.0,0.7,0.5,0.6,-5.3,85.7,111.6,53.9,3.0,89.9,4.0,0.7,0.5,0.6,-27.0,-26.7,-26.4,-26.7,2.0,0.7,4.0,0.5,0.5,0.6,-14.9,0.4,15.7,0.4,2.0,31.7,4.0,0.5,0.5,0.6,287.0,504.0,835.0,558.5,4.0,399.0,8.0,0.5,0.4,0.6,285.0,505.0,835.0,560.0,4.0,400.0,8.0,0.5,0.4,0.6
1974,2,155.0,19.0,23.86,25.6,26.49,25.43,6.0,1.65,16.0,0.8,0.5,0.5,24.69,25.6,26.33,25.5,6.0,1.23,16.0,0.8,0.5,0.5,13.65,15.27,16.38,15.27,6.0,1.94,16.0,0.8,0.5,0.5,62.6,75.3,86.3,75.6,6.0,12.5,16.0,0.8,0.5,4.96,7.7,10.3,7.36,7.0,3.01,14.0,0.9,0.5,0.5,-8.0,-3.85,0.03,-4.05,7.0,3.95,14.0,0.9,0.5,0.5,-6.67,-4.42,2.26,-2.31,7.0,5.59,14.0,0.9,0.5,0.5,1011.12,1013.95,1016.23,1013.88,6.0,2.6,16.0,0.8,0.5,0.5,2.9,4.0,5.1,3.9,7.0,2.4,14.0,0.9,0.5,0.5,-82.4,-29.6,0.1,-38.6,7.0,40.9,14.0,0.9,0.5,0.5,-52.2,-22.5,7.5,-18.0,7.0,47.4,14.0,0.9,0.5,0.5,-1.6,0.0,0.93,-0.07,6.0,2.7,16.0,0.8,0.5,0.5,-9.4,0.0,9.6,3.3,6.0,22.5,16.0,0.8,0.5,0.5,3.18,5.18,7.85,5.09,6.0,3.01,16.0,0.8,0.5,0.5,16.2,44.1,80.9,45.8,6.0,33.5,16.0,0.8,0.5,0.5,-200.8,-110.0,-55.0,-122.4,6.0,90.8,16.0,0.8,0.5,0.5,-168.2,-137.9,7.1,-74.9,6.0,147.3,16.0,0.8,0.5,0.5,-121.9,-66.4,-28.0,-69.7,6.0,49.7,16.0,0.8,0.5,0.5,-107.0,-80.9,8.1,-47.3,6.0,92.8,16.0,0.8,0.5,0.5,-69.1,-22.0,-8.1,-33.2,6.0,31.7,16.0,0.8,0.5,0.5,-38.6,-15.7,8.7,-13.2,6.0,33.3,16.0,0.8,0.5,0.5,127.0,456.5,1092.5,555.5,7.0,445.5,14.0,0.9,0.5,0.5,125.0,455.0,1095.0,555.0,7.0,445.0,14.0,0.9,0.5,0.5
1974,2,155.0,20.0,25.02,25.7,26.57,25.7,5.0,1.07,10.0,0.6,0.4,0.4,22.9,24.1,25.68,24.28,5.0,1.72,10.0,0.6,0.4,0.4,13.46,14.4,16.1,14.77,5.0,1.67,10.0,0.6,0.4,0.4,69.8,79.2,86.9,78.5,5.0,8.6,10.0,0.6,0.4,5.43,7.7,10.67,7.92,5.0,2.94,10.0,0.6,0.4,0.4,-8.13,-4.75,-1.99,-4.96,5.0,3.72,10.0,0.6,0.4,0.4,-6.66,-3.52,-0.71,-3.76,5.0,4.98,10.0,0.6,0.4,0.4,1012.98,1016.9,1017.52,1015.58,5.0,2.74,10.0,0.6,0.4,0.4,1.6,3.0,7.0,4.0,5.0,2.8,10.0,0.6,0.4,0.4,-71.8,-29.4,-8.2,-39.5,5.0,39.5,10.0,0.6,0.4,0.4,-69.7,-24.7,-8.9,-39.6,5.0,52.2,10.0,0.6,0.4,0.4,-0.4,1.6,3.27,1.42,5.0,1.97,10.0,0.6,0.4,0.4,-3.1,18.1,25.4,12.9,5.0,17.2,10.0,0.6,0.4,0.4,4.76,6.03,6.65,5.83,5.0,1.18,10.0,0.6,0.4,0.4,30.6,38.0,70.6,48.3,5.0,25.8,10.0,0.6,0.4,0.4,-193.8,-110.7,-53.2,-118.2,5.0,84.5,10.0,0.6,0.4,0.4,-158.4,-78.2,-16.3,-87.8,5.0,122.1,10.0,0.6,0.4,0.4,-113.8,-73.1,-34.5,-73.2,5.0,51.9,10.0,0.6,0.4,0.4,-92.8,-50.7,-6.2,-50.0,5.0,68.9,10.0,0.6,0.4,0.4,-43.6,-29.1,-9.2,-27.4,5.0,22.0,10.0,0.6,0.4,0.4,-46.7,-21.2,-3.7,-26.3,5.0,36.0,10.0,0.6,0.4,0.4,176.5,456.5,1220.5,660.0,5.0,585.0,10.0,0.6,0.4,0.4,175.0,455.0,1220.0,660.0,5.0,585.0,10.0,0.6,0.4,0.4
1974,2,155.0,21.0,25.69,26.1,26.51,26.1,2.0,0.85,26.0,0.5,0.8,0.8,23.23,24.15,25.07,24.15,2.0,1.91,26.0,0.5,0.8,0.8,13.03,13.87,14.71,13.87,2.0,1.74,26.0,0.5,0.8,0.8,73.6,73.9,74.2,73.9,2.0,0.6,26.0,0.5,0.8,4.73,8.25,11.77,8.25,2.0,7.28,26.0,0.5,0.8,0.8,-10.19,-7.14,-4.1,-7.14,2.0,6.31,26.0,0.5,0.8,0.8,-5.88,-4.12,-2.37,-4.12,2.0,3.64,26.0,0.5,0.8,0.8,1013.32,1014.0,1014.68,1014.0,2.0,1.41,26.0,0.5,0.8,0.8,3.2,3.5,3.8,3.5,2.0,0.7,26.0,0.5,0.8,0.8,-132.1,-81.9,-31.7,-81.9,2.0,104.1,26.0,0.5,0.8,0.8,-76.3,-47.3,-18.3,-47.3,2.0,60.1,26.0,0.5,0.8,0.8,0.62,1.95,3.28,1.95,2.0,2.76,26.0,0.5,0.8,0.8,8.3,26.1,44.0,26.1,2.0,37.0,26.0,0.5,0.8,0.8,5.91,7.25,8.6,7.25,2.0,2.79,26.0,0.5,0.8,0.8,33.4,70.0,106.6,70.0,2.0,75.8,26.0,0.5,0.8,0.8,-233.5,-166.5,-99.6,-166.5,2.0,138.7,26.0,0.5,0.8,0.8,-134.8,-96.1,-57.5,-96.1,2.0,80.1,26.0,0.5,0.8,0.8,-129.8,-93.6,-57.4,-93.6,2.0,75.0,26.0,0.5,0.8,0.8,-74.9,-54.0,-33.1,-54.0,2.0,43.3,26.0,0.5,0.8,0.8,-92.3,-60.6,-28.9,-60.6,2.0,65.7,26.0,0.5,0.8,0.8,-53.3,-35.0,-16.7,-35.0,2.0,37.9,26.0,0.5,0.8,0.8,407.0,1218.0,2029.0,1218.0,2.0,1680.5,26.0,0.5,0.8,0.8,405.0,1220.0,2030.0,1220.0,2.0,1680.0,26.0,0.5,0.8,0.8
1974,2,155.0,22.0,23.2,23.2,23.2,23.2,1.0,0.0,18.0,1.0,0.5,0.9,21.03,21.1,21.17,21.1,2.0,0.14,22.0,1.0,0.4,0.5,9.96,9.96,9.96,9.96,1.0,0.0,18.0,1.0,0.5,0.9,64.3,64.3,64.3,64.3,1.0,0.0,18.0,1.0,0.9,4.1,4.1,4.1,4.1,2.0,0.0,22.0,1.0,0.4,0.5,-3.82,-3.34,-2.86,-3.34,2.0,0.99,22.0,1.0,0.4,0.5,-2.76,-1.93,-1.1,-1.93,2.0,1.72,22.0,1.0,0.4,0.5,1018.76,1019.75,1020.74,1019.75,2.0,2.05,22.0,1.0,0.4,0.5,6.2,6.5,6.8,6.5,2.0,0.7,22.0,1.0,0.4,0.5,-15.6,-13.7,-11.7,-13.7,2.0,4.1,22.0,1.0,0.4,0.5,-11.3,-7.9,-4.5,-7.9,2.0,7.0,22.0,1.0,0.4,0.5,2.0,2.0,2.0,2.0,1.0,0.0,18.0,1.0,0.5,0.9,8.2,8.2,8.2,8.2,1.0,0.0,18.0,1.0,0.5,0.9,7.62,7.62,7.62,7.62,1.0,0.0,18.0,1.0,0.5,0.9,31.2,31.2,31.2,31.2,1.0,0.0,18.0,1.0,0.5,0.9,-80.2,-70.3,-60.5,-70.3,2.0,20.5,22.0,1.0,0.4,0.5,-58.4,-40.8,-23.1,-40.8,2.0,36.5,22.0,1.0,0.4,0.5,-26.3,-26.3,-26.3,-26.3,1.0,0.0,18.0,1.0,0.5,0.9,-31.3,-31.3,-31.3,-31.3,1.0,0.0,18.0,1.0,0.5,0.9,-20.1,-20.1,-20.1,-20.1,1.0,0.0,18.0,1.0,0.5,0.9,-23.9,-23.9,-23.9,-23.9,1.0,0.0,18.0,1.0,0.5,0.9,69.0,69.0,69.0,69.0,2.0,0.0,22.0,1.0,0.4,0.5,70.0,70.0,70.0,70.0,2.0,0.0,22.0,1.0,0.4,0.5
1974,2,155.0,23.0,22.58,23.3,23.61,23.12,5.0,0.63,12.0,0.4,0.5,0.5,21.68,23.6,24.18,23.0,5.0,1.57,12.0,0.4,0.5,0.5,13.74,16.59,17.74,15.78,4.0,2.69,12.0,0.5,0.7,0.5,85.6,92.1,94.5,90.1,4.0,6.8,12.0,0.5,0.5,5.1,8.2,9.92,7.9,5.0,3.2,12.0,0.4,0.5,0.5,-9.6,1.74,2.64,-2.7,5.0,7.19,12.0,0.4,0.5,0.5,1.78,4.42,5.86,3.94,5.0,2.83,12.0,0.4,0.5,0.5,1009.33,1010.0,1013.52,1011.58,5.0,4.35,12.0,0.4,0.5,0.5,1.6,3.0,4.4,3.0,5.0,1.6,12.0,0.4,0.5,0.5,-100.9,8.9,16.7,-36.9,5.0,80.1,12.0,0.4,0.5,0.5,14.3,23.0,38.6,26.6,5.0,22.8,12.0,0.4,0.5,0.5,-0.56,-0.2,0.9,0.12,5.0,0.98,12.0,0.4,0.5,0.5,-4.0,-1.0,10.1,2.8,5.0,10.9,12.0,0.4,0.5,0.5,0.55,1.14,3.2,1.84,4.0,1.88,12.0,0.5,0.7,0.5,3.6,9.3,37.4,20.0,4.0,26.1,12.0,0.5,0.7,0.5,-206.1,41.9,63.3,-53.4,5.0,154.9,12.0,0.4,0.5,0.5,39.7,104.2,142.0,94.1,5.0,69.6,12.0,0.4,0.5,0.5,-138.6,-44.6,40.7,-48.8,4.0,104.0,12.0,0.5,0.7,0.5,20.9,64.8,111.7,66.2,4.0,57.9,12.0,0.5,0.7,0.5,-37.0,-6.2,1.3,-17.3,4.0,28.3,12.0,0.5,0.7,0.5,1.3,3.4,4.5,2.9,4.0,2.2,12.0,0.5,0.7,0.5,132.5,551.5,1134.0,703.0,5.0,834.0,12.0,0.4,0.5,0.5,135.0,550.0,1135.0,705.0,5.0,835.0,12.0,0.4,0.5,0.5
1974,2,155.0,24.0,23.06,23.2,24.02,23.53,3.0,0.76,18.0,0.3,0.5,0.4,19.74,21.25,22.44,21.1,4.0,1.94,14.0,0.5,0.5,0.4,9.96,10.07,11.55,10.73,4.0,1.44,14.0,0.5,0.5,0.4,63.9,68.2,74.2,69.0,4.0,6.1,14.0,0.5,0.4,2.02,2.85,8.76,5.28,4.0,5.79,14.0,0.5,0.5,0.4,-8.23,-1.7,0.37,-3.83,4.0,6.94,14.0,0.5,0.5,0.4,-1.12,-0.26,1.24,0.05,4.0,1.7,14.0,0.5,0.5,0.4,1011.31,1014.45,1017.38,1014.35,4.0,4.7,14.0,0.5,0.5,0.4,1.0,1.5,3.6,2.3,4.0,1.9,14.0,0.5,0.5,0.4,-104.2,-4.1,1.7,-49.1,4.0,96.2,14.0,0.5,0.5,0.4,-2.6,-0.4,3.9,0.6,4.0,4.9,14.0,0.5,0.5,0.4,1.23,1.5,3.62,2.4,3.0,1.92,18.0,0.3,0.5,0.4,4.9,12.0,18.0,11.5,3.0,9.6,18.0,0.3,0.5,0.4,6.62,7.35,7.53,7.08,3.0,0.71,18.0,0.3,0.5,0.4,12.7,19.8,76.0,43.8,3.0,50.8,18.0,0.3,0.5,0.4,-176.5,-37.3,3.8,-84.1,4.0,147.4,14.0,0.5,0.5,0.4,-22.0,-6.0,26.1,1.7,4.0,34.6,14.0,0.5,0.5,0.4,-82.5,-18.9,1.9,-39.3,4.0,69.3,14.0,0.5,0.5,0.4,-12.0,-3.3,12.3,0.0,4.0,17.1,14.0,0.5,0.5,0.4,-72.6,-8.8,7.5,-32.0,3.0,62.0,18.0,0.3,0.5,0.4,-9.7,-3.2,-1.0,-5.3,3.0,6.6,18.0,0.3,0.5,0.4,10.0,23.5,1421.0,684.0,4.0,1334.5,14.0,0.5,0.5,0.4,10.0,25.0,1420.0,685.0,4.0,1335.0,14.0,0.5,0.5,0.4
1974,2,155.0,25.0,19.57,20.6,21.05,20.33,4.0,0.97,12.0,0.8,0.4,0.5,19.32,21.3,22.32,20.83,3.0,2.24,14.0,0.7,0.3,0.5,8.55,8.68,13.49,10.97,3.0,4.12,14.0,0.7,0.3,0.5,58.1,66.3,82.9,70.4,3.0,18.6,14.0,0.7,0.5,2.0,3.1,5.51,3.73,4.0,2.83,12.0,0.8,0.4,0.5,-2.85,-0.85,2.07,-0.41,4.0,2.95,12.0,0.8,0.4,0.5,-4.05,-0.27,0.18,-1.86,4.0,3.6,12.0,0.8,0.4,0.5,1011.75,1015.05,1016.62,1014.23,4.0,3.23,12.0,0.8,0.4,0.5,2.0,3.0,3.5,2.8,4.0,1.3,12.0,0.8,0.4,0.5,-15.1,-4.3,5.5,-4.8,4.0,12.9,12.0,0.8,0.4,0.5,-30.0,-0.8,0.2,-14.3,4.0,27.7,12.0,0.8,0.4,0.5,-1.26,-0.3,1.13,-0.07,3.0,1.76,14.0,0.7,0.3,0.5,-1.5,-0.9,3.5,1.0,3.0,4.0,14.0,0.7,0.3,0.5,1.85,6.03,6.65,4.29,3.0,3.83,14.0,0.7,0.3,0.5,5.9,18.7,20.6,13.4,3.0,11.7,14.0,0.7,0.3,0.5,-31.5,21.4,51.9,10.4,3.0,61.8,14.0,0.7,0.3,0.5,-6.8,0.0,5.3,-0.7,3.0,8.9,14.0,0.7,0.3,0.5,-13.4,14.8,22.7,4.9,3.0,27.8,14.0,0.7,0.3,0.5,-3.2,0.0,3.7,0.2,3.0,5.0,14.0,0.7,0.3,0.5,-12.6,-0.1,14.7,1.0,3.0,20.0,14.0,0.7,0.3,0.5,-2.2,0.0,0.0,-1.1,3.0,1.9,14.0,0.7,0.3,0.5,14.5,30.0,253.5,129.5,4.0,218.5,12.0,0.8,0.4,0.5,15.0,30.0,255.0,130.0,4.0,220.0,12.0,0.8,0.4,0.5
1974,2,155.0,26.0,19.08,20.5,22.16,20.81,8.0,1.74,10.0,0.5,0.4,0.5,16.22,19.0,21.51,19.0,9.0,2.53,10.0,0.4,0.4,0.4,7.04,9.98,12.28,9.69,9.0,2.77,10.0,0.4,0.4,0.4,62.6,67.4,81.6,69.7,9.0,10.4,10.0,0.4,0.4,2.5,7.7,9.5,6.86,9.0,4.59,10.0,0.4,0.4,0.4,-0.52,2.31,6.44,2.27,9.0,4.48,10.0,0.4,0.4,0.4,-6.94,-1.97,3.85,-2.21,9.0,6.52,10.0,0.4,0.4,0.4,1012.53,1015.9,1019.56,1016.0,9.0,3.73,10.0,0.4,0.4,0.4,0.2,2.5,5.0,3.0,8.0,2.5,10.0,0.4,0.4,0.4,-1.1,8.3,55.3,17.4,9.0,36.2,10.0,0.4,0.4,0.4,-64.3,-4.1,31.6,-28.4,9.0,86.9,10.0,0.4,0.4,0.4,-0.51,3.4,4.41,2.29,8.0,2.56,10.0,0.5,0.4,0.5,-5.1,10.1,26.5,9.6,8.0,16.7,10.0,0.5,0.4,0.5,4.8,6.89,8.39,6.24,8.0,2.53,10.0,0.5,0.4,0.5,7.2,32.0,59.9,38.8,8.0,36.8,10.0,0.5,0.4,0.5,-8.2,37.0,141.5,45.3,9.0,94.9,10.0,0.4,0.4,0.4,-127.8,-30.8,83.5,-36.2,9.0,128.9,10.0,0.4,0.4,0.4,-3.6,16.2,86.6,27.5,9.0,53.9,10.0,0.4,0.4,0.4,-70.2,-13.6,41.8,-12.7,9.0,60.7,10.0,0.4,0.4,0.4,-4.2,3.2,28.9,8.7,8.0,23.8,10.0,0.5,0.4,0.5,-49.0,-15.5,0.0,-24.0,8.0,42.0,10.0,0.5,0.4,0.5,19.5,456.5,865.0,728.0,9.0,1143.5,10.0,0.4,0.4,0.4,20.0,455.0,865.0,730.0,9.0,1145.0,10.0,0.4,0.4,0.4
1974,2,155.0,27.0,17.17,20.25,20.56,19.33,10.0,1.71,18.0,0.4,0.5,0.7,14.65,16.65,21.08,17.82,12.0,3.19,18.0,0.3,0.5,0.7,7.1,9.51,12.8,10.08,11.0,3.01,18.0,0.4,0.5,0.7,68.8,75.7,84.0,76.2,11.0,7.7,18.0,0.4,0.7,3.97,5.7,7.58,6.0,12.0,2.17,18.0,0.3,0.5,0.7,-1.64,3.19,6.61,2.19,12.0,4.57,18.0,0.3,0.5,0.7,-3.11,2.27,4.5,1.1,12.0,4.07,18.0,0.3,0.5,0.7,1013.74,1018.8,1021.05,1017.51,12.0,3.75,18.0,0.3,0.5,0.7,1.5,4.0,5.3,3.3,12.0,2.0,18.0,0.3,0.5,0.7,-10.2,16.0,48.1,16.1,12.0,37.3,18.0,0.3,0.5,0.7,-21.5,10.0,29.1,1.7,12.0,32.0,18.0,0.3,0.5,0.7,-1.14,0.25,3.43,0.9,10.0,2.55,18.0,0.4,0.5,0.7,-4.1,1.0,17.6,5.7,10.0,15.0,18.0,0.4,0.5,0.7,2.18,2.81,6.31,3.57,10.0,2.55,18.0,0.4,0.5,0.7,7.8,18.9,33.4,20.3,10.0,16.6,18.0,0.4,0.5,0.7,-29.3,46.2,100.6,33.2,12.0,80.1,18.0,0.3,0.5,0.7,-47.6,34.0,80.7,25.2,12.0,71.1,18.0,0.3,0.5,0.7,-19.9,20.2,39.4,12.5,11.0,44.2,18.0,0.4,0.5,0.7,-6.5,21.0,46.9,22.6,11.0,35.6,18.0,0.4,0.5,0.7,-10.5,6.5,25.7,5.7,10.0,20.7,18.0,0.4,0.5,0.7,-8.6,6.0,11.4,-0.2,10.0,16.3,18.0,0.4,0.5,0.7,63.5,185.0,446.0,301.5,12.0,349.5,18.0,0.3,0.5,0.7,65.0,185.0,445.0,300.0,12.0,350.0,18.0,0.3,0.5,0.7
1974,2,155.0,28.0,18.89,19.0,20.0,19.23,7.0,0.54,16.0,0.4,0.3,0.5,14.03,17.95,19.0,17.43,8.0,2.65,16.0,0.4,0.3,0.5,5.9,9.42,11.1,9.17,8.0,2.97,16.0,0.4,0.3,0.5,59.5,75.2,81.8,72.1,8.0,12.7,16.0,0.4,0.5,7.76,9.25,11.19,9.39,8.0,2.13,16.0,0.4,0.3,0.5,-5.13,2.21,7.17,1.14,8.0,6.39,16.0,0.4,0.3,0.5,-9.02,4.82,7.13,1.31,8.0,7.81,16.0,0.4,0.3,0.5,1015.02,1017.15,1019.92,1016.66,8.0,4.17,16.0,0.4,0.3,0.5,1.1,3.0,6.7,3.6,8.0,2.6,16.0,0.4,0.3,0.5,-41.2,19.4,81.4,16.1,8.0,62.6,16.0,0.4,0.3,0.5,-92.9,38.7,55.2,4.2,8.0,84.5,16.0,0.4,0.3,0.5,0.57,1.0,1.69,1.26,7.0,2.2,16.0,0.4,0.3,0.5,4.1,9.3,12.0,10.9,7.0,23.3,16.0,0.4,0.3,0.5,3.14,4.03,5.96,4.15,7.0,2.66,16.0,0.4,0.3,0.5,23.6,31.2,52.5,36.2,7.0,27.9,16.0,0.4,0.3,0.5,-96.8,35.7,145.3,17.0,8.0,117.5,16.0,0.4,0.3,0.5,-120.8,88.1,129.0,40.0,8.0,124.6,16.0,0.4,0.3,0.5,-56.5,16.8,64.4,6.8,8.0,65.3,16.0,0.4,0.3,0.5,-46.1,48.6,69.8,30.3,8.0,63.9,16.0,0.4,0.3,0.5,-18.2,-3.2,16.7,1.0,7.0,27.6,16.0,0.4,0.3,0.5,-7.7,19.0,21.2,-0.1,7.0,39.3,16.0,0.4,0.3,0.5,467.0,800.0,1404.0,941.0,8.0,620.0,16.0,0.4,0.3,0.5,465.0,800.0,1405.0,940.0,8.0,620.0,16.0,0.4,0.3,0.5
1974,2,155.0,29.0,16.91,17.85,19.0,17.84,18.0,1.06,12.0,0.7,0.5,0.5,15.0,17.0,18.62,16.78,18.0,1.93,12.0,0.7,0.5,0.5,7.92,8.7,11.55,9.1,18.0,1.76,12.0,0.7,0.5,0.5,66.3,74.0,87.1,76.3,18.0,10.5,12.0,0.7,0.5,6.22,10.05,15.03,10.38,18.0,4.98,12.0,0.7,0.5,0.5,-3.01,2.22,12.81,4.97,18.0,7.4,12.0,0.7,0.5,0.5,-6.62,-1.1,6.63,-0.46,18.0,7.6,12.0,0.7,0.5,0.5,1008.0,1014.55,1019.96,1014.37,18.0,5.52,12.0,0.7,0.5,0.5,2.5,4.0,7.5,4.8,17.0,2.2,14.0,0.8,0.5,0.5,-18.3,12.3,171.8,73.1,18.0,117.2,12.0,0.7,0.5,0.5,-77.2,-8.6,44.4,-11.0,18.0,101.7,12.0,0.7,0.5,0.5,-1.29,0.5,3.0,1.06,18.0,2.46,12.0,0.7,0.5,0.5,-15.9,2.4,30.3,7.4,18.0,25.3,12.0,0.7,0.5,0.5,1.95,3.68,5.13,3.6,18.0,1.87,12.0,0.7,0.5,0.5,11.7,36.1,74.0,39.1,18.0,27.2,12.0,0.7,0.5,0.5,-50.2,36.7,196.5,83.2,18.0,127.0,12.0,0.7,0.5,0.5,-127.7,-16.7,113.0,-5.9,18.0,134.3,12.0,0.7,0.5,0.5,-23.7,21.1,101.9,41.8,18.0,62.3,12.0,0.7,0.5,0.5,-65.2,-9.9,70.6,-2.7,18.0,69.9,12.0,0.7,0.5,0.5,-7.9,9.1,64.4,21.3,18.0,33.0,12.0,0.7,0.5,0.5,-23.4,-2.6,15.9,-5.4,18.0,27.6,12.0,0.7,0.5,0.5,250.0,1017.0,3441.0,1853.5,18.0,2064.0,12.0,0.7,0.5,0.5,250.0,1015.0,3440.0,1855.0,18.0,2065.0,12.0,0.7,0.5,0.5
1974,2,155.0,30.0,16.41,17.3,18.91,17.58,13.0,1.5,12.0,0.6,0.3,0.4,14.5,16.5,19.06,16.69,15.0,2.17,12.0,0.7,0.3,0.4,7.0,9.64,10.61,9.14,13.0,1.81,12.0,0.6,0.3,0.4,66.9,81.9,93.9,80.3,13.0,13.6,12.0,0.6,0.4,6.2,9.3,14.85,9.8,15.0,4.4,12.0,0.7,0.3,0.4,0.71,6.67,11.24,5.72,15.0,5.14,12.0,0.7,0.3,0.4,-7.59,1.15,9.4,1.23,15.0,7.69,12.0,0.7,0.3,0.4,1007.63,1012.5,1019.06,1013.33,13.0,6.18,12.0,0.6,0.3,0.4,3.1,6.0,7.0,5.6,14.0,2.0,14.0,0.6,0.3,0.4,3.6,51.3,148.1,70.7,15.0,67.1,12.0,0.7,0.3,0.4,-69.8,1.7,112.4,20.1,15.0,106.2,12.0,0.7,0.3,0.4,0.45,1.5,2.51,1.48,13.0,2.35,12.0,0.6,0.3,0.4,1.9,13.1,25.4,13.8,13.0,26.7,12.0,0.6,0.3,0.4,1.87,2.92,5.38,3.38,13.0,1.7,12.0,0.6,0.3,0.4,11.2,32.2,61.3,34.9,13.0,24.2,12.0,0.6,0.3,0.4,13.3,96.7,179.9,93.5,15.0,85.6,12.0,0.7,0.3,0.4,-109.4,20.1,161.3,24.2,15.0,131.2,12.0,0.7,0.3,0.4,29.6,59.9,88.0,54.0,13.0,47.9,12.0,0.6,0.3,0.4,-32.7,13.7,95.6,18.5,13.0,73.0,12.0,0.6,0.3,0.4,5.6,20.7,41.0,24.0,13.0,22.5,12.0,0.6,0.3,0.4,-23.7,1.1,25.1,0.0,13.0,27.8,12.0,0.6,0.3,0.4,238.5,804.5,3318.5,1467.5,15.0,1503.0,12.0,0.7,0.3,0.4,240.0,805.0,3320.0,1465.0,15.0,1505.0,12.0,0.7,0.3,0.4
1974,2,155.0,31.0,15.0,16.55,18.28,16.57,14.0,1.58,14.0,0.5,0.4,0.5,11.05,12.75,16.32,13.43,14.0,2.71,14.0,0.5,0.4,0.5,5.82,7.04,7.82,7.2,14.0,1.79,14.0,0.5,0.4,0.5,60.7,71.8,93.4,75.1,14.0,13.7,14.0,0.5,0.5,9.36,11.05,18.37,12.72,14.0,5.18,14.0,0.5,0.4,0.5,0.1,8.07,17.05,8.19,14.0,7.66,14.0,0.5,0.4,0.5,-10.08,-6.47,1.17,-4.65,14.0,6.85,14.0,0.5,0.4,0.5,1010.03,1015.1,1021.22,1014.65,14.0,5.56,14.0,0.5,0.4,0.5,2.9,5.0,6.1,4.8,13.0,2.0,14.0,0.5,0.4,0.5,0.9,99.0,311.9,134.5,14.0,160.8,14.0,0.5,0.4,0.5,-127.4,-84.2,8.4,-67.8,14.0,97.2,14.0,0.5,0.4,0.5,0.1,3.75,5.37,3.14,14.0,2.79,14.0,0.5,0.4,0.5,1.4,38.1,80.9,39.5,14.0,37.9,14.0,0.5,0.4,0.5,2.9,4.33,7.25,4.53,14.0,2.1,14.0,0.5,0.4,0.5,31.2,49.8,80.3,53.0,14.0,24.3,14.0,0.5,0.4,0.5,1.4,101.9,197.2,106.2,14.0,100.2,14.0,0.5,0.4,0.5,-123.5,-81.0,17.6,-50.4,14.0,95.7,14.0,0.5,0.4,0.5,0.7,49.4,113.8,58.5,14.0,62.4,14.0,0.5,0.4,0.5,-64.9,-41.6,8.2,-26.8,14.0,55.4,14.0,0.5,0.4,0.5,0.5,36.2,60.2,34.4,14.0,28.3,14.0,0.5,0.4,0.5,-48.5,-29.1,5.6,-26.2,14.0,28.2,14.0,0.5,0.4,0.5,822.5,1351.5,6215.5,3075.5,14.0,3637.0,14.0,0.5,0.4,0.5,825.0,1350.0,6215.0,3075.0,14.0,3635.0,14.0,0.5,0.4,0.5
1974,2,155.0,32.0,15.59,17.0,18.0,16.91,19.0,1.14,12.0,0.6,0.4,0.5,11.0,13.0,15.99,13.27,20.0,2.2,12.0,0.6,0.4,0.5,6.3,7.12,8.88,7.5,19.0,1.6,12.0,0.6,0.4,0.5,68.7,80.3,88.7,78.2,19.0,11.0,12.0,0.6,0.5,8.48,13.9,17.74,13.35,21.0,4.5,12.0,0.6,0.4,0.5,3.36,9.88,14.52,8.87,21.0,6.05,12.0,0.6,0.4,0.5,-9.05,-4.1,10.21,-1.38,21.0,9.29,12.0,0.6,0.4,0.5,1009.26,1014.0,1018.25,1012.9,21.0,7.25,12.0,0.6,0.4,0.5,3.0,6.0,8.0,5.5,19.0,2.3,12.0,0.6,0.4,0.5,35.6,109.6,231.0,131.8,21.0,119.9,12.0,0.6,0.4,0.5,-123.0,-33.6,157.1,-13.1,21.0,152.4,12.0,0.6,0.4,0.5,0.85,3.25,6.15,3.48,18.0,2.34,12.0,0.6,0.4,0.5,11.9,39.5,80.8,44.2,18.0,31.9,12.0,0.6,0.4,0.5,2.73,4.52,5.26,4.3,17.0,1.57,12.0,0.6,0.4,0.5,33.2,50.9,85.5,56.1,17.0,24.2,12.0,0.6,0.4,0.5,40.5,109.7,196.9,115.7,20.0,91.4,12.0,0.6,0.4,0.5,-110.3,-53.4,38.7,-12.8,20.0,132.8,12.0,0.6,0.4,0.5,20.5,53.8,105.1,62.3,19.0,50.6,12.0,0.6,0.4,0.5,-62.0,-27.5,39.5,-2.1,19.0,82.5,12.0,0.6,0.4,0.5,10.1,44.4,72.9,42.5,17.0,29.2,12.0,0.6,0.4,0.5,-43.5,-13.6,20.3,-12.5,17.0,31.6,12.0,0.6,0.4,0.5,619.0,2685.5,5599.0,3156.0,21.0,2743.0,12.0,0.6,0.4,0.5,620.0,2685.0,5600.0,3155.0,21.0,2745.0,12.0,0.6,0.4,0.5
1974,2,155.0,33.0,15.94,17.0,18.0,17.06,25.0,1.06,16.0,0.5,0.4,0.4,11.0,14.0,16.06,13.58,29.0,2.56,16.0,0.5,0.4,0.4,6.05,7.13,9.0,7.37,25.0,1.75,16.0,0.5,0.4,0.4,62.2,73.6,84.4,74.2,25.0,10.6,16.0,0.5,0.4,8.34,13.65,18.5,13.21,28.0,5.04,16.0,0.5,0.4,0.4,-1.42,5.0,13.74,5.22,28.0,8.38,16.0,0.5,0.4,0.4,-7.65,0.84,12.89,1.94,28.0,10.2,16.0,0.5,0.4,0.4,1003.22,1014.0,1021.0,1012.53,29.0,8.45,16.0,0.5,0.4,0.4,3.0,6.0,8.0,5.6,28.0,2.4,16.0,0.5,0.4,0.4,-3.7,43.8,222.0,85.1,28.0,153.4,16.0,0.5,0.4,0.4,-124.0,2.2,199.3,23.2,28.0,164.4,16.0,0.5,0.4,0.4,0.96,3.1,5.19,3.28,25.0,2.54,16.0,0.5,0.4,0.4,14.3,28.8,97.8,48.8,24.0,45.9,16.0,0.5,0.4,0.4,3.2,5.02,6.45,4.74,25.0,1.8,16.0,0.5,0.4,0.4,34.5,57.3,110.7,67.6,24.0,37.8,16.0,0.5,0.4,0.4,-15.7,63.0,186.9,68.9,28.0,115.8,16.0,0.5,0.4,0.4,-91.9,9.2,203.6,39.0,28.0,143.3,16.0,0.5,0.4,0.4,0.0,40.6,105.3,43.3,24.0,63.2,16.0,0.5,0.4,0.4,-47.7,0.0,108.7,20.3,24.0,81.4,16.0,0.5,0.4,0.4,0.0,29.3,95.0,40.2,24.0,43.1,16.0,0.5,0.4,0.4,-43.7,0.0,51.0,-0.5,24.0,51.6,16.0,0.5,0.4,0.4,582.0,2546.0,6331.5,3258.5,28.0,2967.5,16.0,0.5,0.4,0.4,580.0,2545.0,6330.0,3260.0,28.0,2970.0,16.0,0.5,0.4,0.4
1974,2,155.0,34.0,13.9,16.0,17.1,15.75,13.0,1.74,14.0,0.7,0.6,0.4,10.27,12.0,15.86,12.49,15.0,2.64,14.0,0.7,0.6,0.3,5.63,6.55,8.51,7.02,15.0,1.71,14.0,0.7,0.6,0.3,66.4,78.9,84.6,76.8,15.0,9.8,14.0,0.7,0.3,8.05,12.9,17.78,12.97,15.0,5.46,14.0,0.7,0.6,0.3,2.52,9.9,16.59,9.6,15.0,6.47,14.0,0.7,0.6,0.3,-9.18,-3.13,0.0,-3.98,15.0,7.25,14.0,0.7,0.6,0.3,1001.98,1011.0,1017.39,1009.79,15.0,7.09,14.0,0.7,0.6,0.3,5.1,7.5,8.0,6.6,14.0,2.1,14.0,0.6,0.6,0.3,29.9,144.1,276.7,148.1,15.0,132.8,14.0,0.7,0.6,0.3,-85.8,-56.3,0.0,-59.6,15.0,121.4,14.0,0.7,0.6,0.3,0.5,2.1,6.6,3.39,13.0,3.13,14.0,0.7,0.6,0.4,8.2,43.2,77.4,43.9,13.0,40.3,14.0,0.7,0.6,0.4,2.69,4.04,6.36,4.35,13.0,2.0,14.0,0.7,0.6,0.4,17.4,58.3,82.2,54.4,13.0,29.8,14.0,0.7,0.6,0.4,33.1,101.0,193.2,118.5,15.0,84.5,14.0,0.7,0.6,0.3,-96.0,-46.9,0.0,-39.9,15.0,90.7,14.0,0.7,0.6,0.3,18.0,61.6,119.2,67.5,15.0,48.2,14.0,0.7,0.6,0.3,-55.9,-23.0,0.0,-20.1,15.0,54.5,14.0,0.7,0.6,0.3,17.1,45.1,64.1,43.5,13.0,28.6,14.0,0.7,0.6,0.4,-51.7,-9.7,0.3,-21.7,13.0,26.7,14.0,0.7,0.6,0.4,533.5,2146.5,5628.0,3210.5,15.0,3041.0,14.0,0.7,0.6,0.3,535.0,2145.0,5630.0,3210.0,15.0,3040.0,14.0,0.7,0.6,0.3
1974,2,155.0,35.0,14.19,15.0,16.03,15.0,12.0,1.31,16.0,0.6,0.3,0.4,8.22,10.2,14.17,10.99,15.0,2.86,14.0,0.5,0.3,0.4,4.83,6.43,7.81,6.38,13.0,2.01,14.0,0.5,0.3,0.4,64.0,75.8,93.8,77.2,13.0,14.6,14.0,0.5,0.4,9.19,14.4,18.12,13.78,16.0,4.57,14.0,0.5,0.4,0.4,6.09,10.42,18.12,11.19,16.0,7.18,14.0,0.5,0.4,0.4,-3.69,0.0,3.46,0.24,16.0,6.19,14.0,0.5,0.4,0.4,990.6,1013.0,1016.45,1006.21,15.0,12.03,14.0,0.5,0.4,0.4,2.7,6.0,8.0,5.7,15.0,2.3,14.0,0.5,0.3,0.4,40.2,141.2,328.6,173.1,16.0,148.5,14.0,0.5,0.4,0.4,-56.0,0.0,35.8,6.5,16.0,88.8,14.0,0.5,0.4,0.4,-1.0,5.3,6.98,4.01,12.0,3.68,16.0,0.6,0.3,0.4,-13.9,56.5,117.0,59.6,12.0,59.6,16.0,0.6,0.3,0.4,1.63,5.07,6.31,4.33,12.0,2.5,16.0,0.6,0.3,0.4,22.0,60.0,102.1,62.9,12.0,44.8,16.0,0.6,0.3,0.4,52.5,131.9,165.2,109.4,15.0,75.7,14.0,0.5,0.3,0.4,-46.8,0.0,51.6,11.8,15.0,87.3,14.0,0.5,0.3,0.4,17.1,81.1,99.5,62.8,13.0,48.6,14.0,0.5,0.3,0.4,-25.3,0.0,44.7,10.2,13.0,56.4,14.0,0.5,0.3,0.4,18.7,46.0,101.5,59.2,12.0,45.8,16.0,0.6,0.3,0.4,-16.0,0.0,8.7,0.8,12.0,19.8,16.0,0.6,0.3,0.4,821.0,3029.0,5961.5,3407.0,16.0,2714.5,14.0,0.5,0.4,0.4,820.0,3030.0,5960.0,3405.0,16.0,2715.0,14.0,0.5,0.4,0.4
1974,2,155.0,36.0,12.27,13.0,16.32,14.09,15.0,2.71,14.0,0.8,0.6,0.5,7.8,9.45,11.99,9.66,20.0,2.29,14.0,0.7,0.5,0.5,3.68,5.06,7.4,5.41,15.0,1.91,14.0,0.8,0.6,0.4,58.2,72.9,88.2,70.4,15.0,16.3,14.0,0.8,0.4,6.71,16.25,21.58,14.72,20.0,7.4,14.0,0.7,0.5,0.5,0.04,5.53,20.29,9.4,20.0,11.2,14.0,0.7,0.5,0.5,-5.8,-0.87,7.36,0.76,20.0,7.97,14.0,0.7,0.5,0.5,1000.68,1010.85,1018.0,1008.55,18.0,8.63,14.0,0.7,0.5,0.4,4.7,6.5,7.3,6.1,18.0,1.7,12.0,0.7,0.6,0.5,0.3,38.1,437.5,190.0,20.0,268.1,14.0,0.7,0.5,0.5,-53.1,-4.4,158.8,22.9,20.0,136.0,14.0,0.7,0.5,0.5,1.01,4.5,7.39,4.52,15.0,3.47,14.0,0.8,0.6,0.5,6.8,55.2,110.3,57.8,15.0,48.4,14.0,0.8,0.6,0.5,2.81,4.44,6.0,4.35,14.0,2.36,14.0,0.8,0.6,0.5,20.7,57.4,83.6,57.1,14.0,36.1,14.0,0.8,0.6,0.5,0.4,52.6,205.1,81.9,20.0,113.0,14.0,0.7,0.5,0.5,-50.2,-10.5,88.0,19.3,20.0,92.1,14.0,0.7,0.5,0.5,-32.4,22.0,91.7,32.7,15.0,68.2,14.0,0.8,0.6,0.4,-25.6,-15.2,85.7,13.7,15.0,63.5,14.0,0.8,0.6,0.4,-2.5,37.6,78.4,40.9,14.0,42.8,14.0,0.8,0.6,0.5,-27.7,-8.1,9.4,-5.7,14.0,33.9,14.0,0.8,0.6,0.5,302.0,4294.0,10048.0,5540.0,20.0,6235.0,14.0,0.7,0.5,0.5,300.0,4295.0,10050.0,5540.0,20.0,6235.0,14.0,0.7,0.5,0.5
1974,2,155.0,37.0,11.36,13.0,13.23,12.69,7.0,2.76,12.0,0.4,0.5,0.4,4.09,7.8,12.41,8.15,11.0,3.75,14.0,0.5,0.4,0.4,4.04,4.86,5.15,4.68,7.0,0.83,10.0,0.6,0.5,0.4,71.1,76.9,93.7,81.0,7.0,12.8,10.0,0.6,0.4,10.68,12.9,22.47,15.97,11.0,6.68,14.0,0.5,0.4,0.4,2.89,10.62,19.46,9.88,11.0,11.75,14.0,0.5,0.4,0.4,-10.26,0.0,10.3,-0.63,11.0,8.92,14.0,0.5,0.4,0.4,994.63,1009.0,1012.71,1004.26,11.0,11.04,14.0,0.5,0.4,0.4,6.0,7.0,8.0,7.0,9.0,1.1,14.0,0.6,0.4,0.4,28.6,120.0,438.1,199.9,11.0,281.7,14.0,0.5,0.4,0.4,-171.2,0.0,120.7,-14.4,11.0,160.9,14.0,0.5,0.4,0.4,4.86,5.5,7.35,6.46,7.0,3.79,12.0,0.4,0.5,0.4,32.8,113.3,152.8,100.0,7.0,58.6,12.0,0.4,0.5,0.4,3.94,4.7,5.68,4.9,6.0,1.64,10.0,0.5,0.4,0.3,49.3,79.4,106.6,75.8,6.0,35.0,10.0,0.5,0.4,0.3,29.1,47.3,158.7,63.3,11.0,95.9,14.0,0.5,0.4,0.4,-36.7,0.0,108.9,19.8,11.0,74.1,14.0,0.5,0.4,0.4,39.6,63.0,107.8,72.7,7.0,47.9,10.0,0.6,0.5,0.4,-48.3,-16.9,2.9,-15.6,7.0,38.7,10.0,0.6,0.5,0.4,39.6,58.6,92.3,61.6,6.0,28.7,10.0,0.5,0.4,0.3,-59.8,-28.2,1.3,-24.7,6.0,44.8,10.0,0.5,0.4,0.3,1235.5,2146.5,11413.5,6101.5,11.0,6665.5,14.0,0.5,0.4,0.4,1235.0,2145.0,11415.0,6100.0,11.0,6665.0,14.0,0.5,0.4,0.4
1974,2,155.0,38.0,11.38,11.5,13.62,12.81,7.0,2.46,16.0,0.3,0.2,0.5,4.9,6.75,12.83,7.98,8.0,3.98,16.0,0.4,0.3,0.5,3.02,5.08,6.67,4.96,5.0,2.13,18.0,0.4,0.2,0.5,59.0,87.0,93.3,78.1,5.0,18.4,18.0,0.4,0.5,9.18,11.3,14.57,11.71,7.0,3.62,16.0,0.4,0.2,0.4,6.07,9.79,11.66,8.99,7.0,3.92,16.0,0.4,0.2,0.4,-9.38,-5.65,-3.69,-6.46,7.0,3.86,16.0,0.4,0.2,0.4,1010.28,1013.5,1016.4,1013.1,8.0,4.77,16.0,0.4,0.3,0.5,4.8,6.0,8.0,5.7,7.0,2.9,16.0,0.3,0.3,0.4,40.9,110.6,195.5,113.6,7.0,71.2,16.0,0.4,0.2,0.4,-93.0,-63.8,-40.1,-84.1,7.0,75.8,16.0,0.4,0.2,0.4,4.76,5.9,6.67,5.56,7.0,2.98,16.0,0.3,0.2,0.5,43.5,73.5,101.2,72.6,6.0,46.9,16.0,0.3,0.1,0.4,2.17,3.58,5.66,3.79,5.0,2.32,18.0,0.4,0.2,0.5,22.3,56.3,71.6,49.3,5.0,34.3,18.0,0.4,0.2,0.5,39.2,48.0,75.4,60.7,7.0,38.1,16.0,0.4,0.2,0.4,-69.4,-27.7,-25.8,-42.4,7.0,25.2,16.0,0.4,0.2,0.4,23.7,35.4,53.1,37.1,5.0,18.8,18.0,0.4,0.2,0.5,-60.1,-18.4,-16.2,-34.8,5.0,25.8,18.0,0.4,0.2,0.5,4.8,36.2,64.6,37.1,5.0,35.9,18.0,0.4,0.2,0.5,-36.7,-32.8,-18.6,-27.7,5.0,15.8,18.0,0.4,0.2,0.5,780.5,1443.0,3122.0,2020.0,7.0,1872.5,16.0,0.4,0.2,0.4,780.0,1445.0,3120.0,2020.0,7.0,1875.0,16.0,0.4,0.2,0.4
1974,2,155.0,39.0,9.63,10.0,11.37,10.4,5.0,1.14,14.0,0.6,0.4,0.4,5.09,7.0,8.05,6.6,5.0,2.04,14.0,0.6,0.4,0.4,4.74,5.17,5.31,5.03,4.0,0.45,14.0,0.5,0.4,0.3,77.1,85.8,88.1,82.9,5.0,7.5,14.0,0.6,0.4,7.16,11.6,20.13,13.72,6.0,8.5,14.0,0.7,0.4,0.5,-8.22,5.47,12.0,4.33,6.0,12.62,14.0,0.7,0.4,0.5,-10.01,0.2,6.02,-0.43,6.0,10.77,14.0,0.7,0.4,0.5,990.13,1008.5,1009.51,1000.62,5.0,13.97,16.0,0.6,0.4,0.4,6.6,8.0,8.0,7.4,5.0,0.9,14.0,0.6,0.4,0.4,-76.9,52.9,231.2,117.3,6.0,297.8,14.0,0.7,0.4,0.5,-181.2,-0.7,86.3,-32.0,6.0,229.5,14.0,0.7,0.4,0.5,2.45,3.0,5.28,3.8,5.0,2.25,14.0,0.6,0.4,0.4,19.8,54.0,107.5,61.7,5.0,45.5,14.0,0.6,0.4,0.4,2.07,2.48,3.29,2.67,4.0,0.81,14.0,0.5,0.4,0.3,17.5,35.3,65.7,41.3,4.0,29.3,14.0,0.5,0.4,0.3,-43.0,55.4,95.3,35.5,5.0,82.0,14.0,0.6,0.4,0.4,-50.9,-9.4,70.7,10.1,5.0,88.7,14.0,0.6,0.4,0.4,-44.0,2.2,87.6,20.9,4.0,81.7,14.0,0.5,0.4,0.3,-56.8,-23.2,5.2,-25.7,4.0,38.8,14.0,0.5,0.4,0.3,-29.1,0.1,43.3,6.8,4.0,46.6,14.0,0.5,0.4,0.3,-36.4,-18.4,1.8,-17.3,4.0,22.3,14.0,0.5,0.4,0.3,389.5,1745.0,9308.0,5429.5,6.0,8705.5,14.0,0.7,0.4,0.5,390.0,1745.0,9310.0,5430.0,6.0,8705.0,14.0,0.7,0.4,0.5
1974,2,155.0,40.0,7.0,8.0,11.46,9.08,9.0,2.86,14.0,1.0,0.3,0.5,2.63,3.75,8.0,4.68,10.0,2.92,14.0,0.9,0.3,0.5,3.46,5.82,6.45,5.12,5.0,1.69,12.0,1.0,0.3,0.5,68.7,87.2,91.5,81.1,5.0,13.4,12.0,1.0,0.5,6.63,12.6,17.46,12.8,10.0,6.25,14.0,0.9,0.3,0.5,-2.35,5.67,11.97,5.4,10.0,8.61,14.0,0.9,0.3,0.5,-7.51,-3.28,13.96,1.16,10.0,10.64,14.0,0.9,0.3,0.5,994.52,1008.2,1021.67,1006.68,9.0,14.67,14.0,1.0,0.3,0.5,6.4,7.0,8.0,7.2,10.0,0.8,14.0,0.9,0.3,0.5,-30.7,69.5,170.6,98.8,10.0,172.8,14.0,0.9,0.3,0.5,-102.9,-17.3,274.4,51.3,10.0,180.7,14.0,0.9,0.3,0.5,0.27,4.9,7.37,4.43,9.0,4.39,14.0,1.0,0.3,0.5,5.1,27.9,101.6,53.0,9.0,60.6,14.0,1.0,0.3,0.5,0.11,1.33,4.79,2.19,5.0,2.48,12.0,1.0,0.3,0.5,0.2,25.3,61.8,30.4,5.0,33.3,12.0,1.0,0.3,0.5,-16.2,17.1,72.3,23.3,10.0,50.3,14.0,0.9,0.3,0.5,-28.2,-8.7,53.5,16.4,10.0,57.5,14.0,0.9,0.3,0.5,-27.5,32.7,50.1,16.0,5.0,45.5,12.0,1.0,0.3,0.5,-24.2,-15.3,55.9,13.8,5.0,57.1,12.0,1.0,0.3,0.5,-4.5,-3.0,50.0,18.7,5.0,31.9,12.0,1.0,0.3,0.5,-35.9,-1.7,8.4,-10.0,5.0,26.1,12.0,1.0,0.3,0.5,296.0,2064.5,5485.5,3530.0,10.0,4561.5,14.0,0.9,0.3,0.5,295.0,2065.0,5485.0,3530.0,10.0,4560.0,14.0,0.9,0.3,0.5
1974,2,155.0,41.0,5.71,6.0,8.93,6.95,10.0,2.82,12.0,0.7,0.5,0.4,1.49,2.0,6.36,3.4,12.0,4.09,12.0,0.7,0.5,0.4,2.64,3.34,5.12,3.84,10.0,1.56,12.0,0.7,0.5,0.4,59.4,69.9,86.6,72.8,10.0,14.5,12.0,0.7,0.4,9.67,13.65,15.4,12.35,12.0,3.37,12.0,0.7,0.5,0.4,2.82,10.44,15.0,9.69,12.0,5.29,12.0,0.7,0.5,0.4,-8.71,-3.44,2.61,-3.12,12.0,6.07,12.0,0.7,0.5,0.4,1001.29,1004.25,1015.68,1006.67,12.0,6.95,12.0,0.7,0.5,0.4,4.7,6.0,8.0,6.3,12.0,1.5,12.0,0.7,0.5,0.4,28.5,128.8,233.6,131.1,12.0,87.1,12.0,0.7,0.5,0.4,-118.1,-37.0,39.2,-42.0,12.0,78.4,12.0,0.7,0.5,0.4,3.21,4.05,7.29,4.47,10.0,2.72,12.0,0.7,0.5,0.4,46.3,59.5,72.9,57.5,10.0,30.4,12.0,0.7,0.5,0.4,1.88,3.22,4.37,3.04,9.0,1.75,12.0,0.7,0.5,0.4,28.9,36.5,58.1,38.7,9.0,20.1,12.0,0.7,0.5,0.4,0.0,20.9,48.9,33.9,12.0,58.1,12.0,0.7,0.5,0.4,-16.5,-6.2,19.9,2.8,12.0,26.6,12.0,0.7,0.5,0.4,15.6,32.6,57.9,39.0,10.0,29.8,12.0,0.7,0.5,0.4,-20.8,-10.2,15.0,-2.7,10.0,26.0,12.0,0.7,0.5,0.4,13.8,30.8,48.1,31.8,9.0,19.0,12.0,0.7,0.5,0.4,-34.1,-10.5,-3.0,-15.8,9.0,17.7,12.0,0.7,0.5,0.4,906.5,2546.0,3652.5,2237.0,12.0,1316.5,12.0,0.7,0.5,0.4,905.0,2545.0,3650.0,2235.0,12.0,1315.0,12.0,0.7,0.5,0.4
1974,2,155.0,42.0,2.4,6.75,7.79,5.53,10.0,2.88,16.0,0.7,0.4,0.5,0.0,4.5,8.51,3.93,12.0,4.49,16.0,0.8,0.5,0.5,3.48,4.67,6.79,4.89,7.0,1.89,18.0,0.7,0.5,0.5,87.0,92.6,94.0,90.1,9.0,8.1,16.0,0.8,0.5,3.6,9.75,14.98,10.21,12.0,5.97,16.0,0.8,0.5,0.5,-0.67,2.19,6.52,3.26,12.0,6.48,16.0,0.8,0.5,0.5,-9.14,-5.07,4.91,-2.13,12.0,9.53,16.0,0.8,0.5,0.5,1000.71,1012.95,1017.0,1010.52,10.0,8.08,18.0,0.7,0.5,0.5,5.7,7.0,8.0,6.1,7.0,2.9,14.0,0.9,0.3,0.5,-5.2,13.8,57.2,48.6,12.0,124.8,16.0,0.8,0.5,0.5,-141.0,-30.4,45.0,-14.1,12.0,150.9,16.0,0.8,0.5,0.5,-2.43,3.35,7.57,2.62,10.0,4.89,16.0,0.7,0.4,0.5,-34.7,26.2,62.6,18.4,10.0,59.9,16.0,0.7,0.4,0.5,0.23,1.65,3.3,1.54,6.0,2.05,18.0,0.7,0.4,0.5,-3.3,15.5,25.0,8.5,6.0,24.3,18.0,0.7,0.4,0.5,-3.8,0.2,17.8,8.4,12.0,26.6,16.0,0.8,0.5,0.5,-38.3,-0.7,30.2,8.3,12.0,76.2,16.0,0.8,0.5,0.5,-10.1,4.4,12.1,0.6,7.0,15.2,18.0,0.7,0.5,0.5,-27.4,-12.1,52.9,13.9,7.0,72.1,18.0,0.7,0.5,0.5,-8.6,0.9,3.6,-0.8,6.0,7.3,18.0,0.7,0.4,0.5,-29.1,-16.6,-0.6,-14.3,6.0,19.5,18.0,0.7,0.4,0.5,46.5,1050.0,3709.0,2164.0,12.0,3088.5,16.0,0.8,0.5,0.5,45.0,1050.0,3710.0,2165.0,12.0,3090.0,16.0,0.8,0.5,0.5
1974,2,155.0,43.0,2.07,3.5,6.62,4.04,16.0,2.89,18.0,0.6,0.5,0.4,-0.46,2.5,5.73,2.39,17.0,3.89,16.0,0.6,0.5,0.4,3.02,3.59,5.14,4.11,13.0,1.51,20.0,0.7,0.6,0.4,73.7,84.2,91.0,82.7,13.0,10.0,20.0,0.7,0.4,5.42,8.2,14.83,9.59,17.0,4.58,16.0,0.6,0.5,0.4,-4.43,1.35,9.89,1.84,17.0,7.28,16.0,0.6,0.5,0.4,-8.61,-3.86,4.7,-2.34,17.0,7.5,16.0,0.6,0.5,0.4,1008.15,1012.5,1014.81,1012.29,16.0,6.39,18.0,0.6,0.5,0.4,4.8,6.0,8.0,6.1,16.0,1.8,16.0,0.7,0.5,0.5,-44.2,2.8,126.0,30.9,17.0,99.3,16.0,0.6,0.5,0.4,-112.8,-43.7,23.5,-25.2,17.0,106.1,16.0,0.6,0.5,0.4,0.19,1.25,4.31,1.88,16.0,3.18,18.0,0.6,0.5,0.4,1.3,7.7,63.1,16.2,16.0,45.4,18.0,0.6,0.5,0.4,-0.02,1.34,2.42,1.24,13.0,1.3,20.0,0.7,0.6,0.4,-0.2,9.5,30.3,9.8,13.0,16.5,20.0,0.7,0.6,0.4,-24.0,-0.7,12.3,-4.6,17.0,19.5,16.0,0.6,0.5,0.4,-17.4,0.0,14.5,0.8,17.0,45.0,16.0,0.6,0.5,0.4,-20.8,0.0,21.5,-0.4,13.0,26.2,20.0,0.7,0.6,0.4,-29.2,-9.2,17.9,-2.1,13.0,38.8,20.0,0.7,0.6,0.4,-5.2,0.0,10.6,3.9,13.0,10.5,20.0,0.7,0.6,0.4,-23.6,0.0,5.5,-6.7,13.0,14.1,20.0,0.7,0.6,0.4,161.0,551.5,3367.5,1484.0,17.0,1794.0,16.0,0.6,0.5,0.4,160.0,550.0,3365.0,1485.0,17.0,1795.0,16.0,0.6,0.5,0.4
1974,2,155.0,44.0,2.0,2.95,3.47,2.79,14.0,1.26,18.0,0.4,0.4,0.5,-2.0,1.9,3.19,1.28,13.0,2.87,16.0,0.5,0.4,0.4,3.03,3.51,4.52,3.74,11.0,0.91,18.0,0.5,0.4,0.5,72.6,88.8,97.5,86.8,11.0,11.3,18.0,0.5,0.5,5.64,8.2,13.54,9.18,13.0,4.97,16.0,0.5,0.4,0.5,-0.1,7.53,10.44,6.35,13.0,7.03,16.0,0.5,0.4,0.5,-6.16,0.0,1.99,-1.17,13.0,4.65,16.0,0.5,0.4,0.5,1005.09,1011.0,1014.5,1010.02,13.0,5.9,16.0,0.5,0.4,0.5,3.0,5.5,8.0,5.5,12.0,2.3,16.0,0.3,0.4,0.5,-0.6,65.5,146.0,84.7,13.0,125.3,16.0,0.5,0.4,0.5,-38.5,0.0,19.6,-13.3,13.0,54.7,16.0,0.5,0.4,0.5,-0.55,1.0,5.09,1.65,13.0,3.48,16.0,0.5,0.4,0.4,-3.2,17.5,52.3,16.5,12.0,41.8,16.0,0.5,0.4,0.5,0.04,1.33,1.86,0.95,11.0,1.21,18.0,0.5,0.4,0.5,0.1,8.9,16.5,6.9,11.0,11.8,18.0,0.5,0.4,0.5,-4.6,8.4,19.4,11.6,12.0,29.4,16.0,0.5,0.4,0.5,0.0,6.3,11.8,7.5,12.0,9.9,16.0,0.5,0.4,0.5,-1.3,21.8,50.8,23.6,11.0,31.3,18.0,0.5,0.4,0.5,-15.1,0.0,10.4,-0.4,11.0,13.2,18.0,0.5,0.4,0.5,-5.4,0.1,14.6,2.3,11.0,11.6,18.0,0.5,0.4,0.5,-9.1,0.0,1.2,-3.1,11.0,6.2,18.0,0.5,0.4,0.5,180.0,551.5,2492.5,1513.0,13.0,2560.0,16.0,0.5,0.4,0.5,180.0,550.0,2490.0,1515.0,13.0,2560.0,16.0,0.5,0.4,0.5
1974,2,155.0,45.0,1.57,2.0,3.0,2.29,15.0,0.77,10.0,0.4,0.4,0.3,-1.0,0.0,1.0,0.04,15.0,1.07,10.0,0.4,0.4,0.3,2.76,3.27,3.89,3.3,13.0,0.53,8.0,0.5,0.4,0.3,79.3,90.2,93.1,85.9,13.0,11.5,8.0,0.5,0.3,2.82,12.4,18.56,11.25,15.0,7.34,10.0,0.4,0.4,0.3,0.2,11.65,18.1,9.91,15.0,8.34,10.0,0.4,0.4,0.3,-4.93,-2.1,2.97,-1.46,15.0,3.51,10.0,0.4,0.4,0.3,978.62,998.9,1013.68,996.69,15.0,16.07,10.0,0.4,0.4,0.3,3.9,8.0,8.0,6.2,13.0,2.3,8.0,0.3,0.3,0.3,0.5,144.5,336.9,168.0,15.0,170.8,10.0,0.4,0.4,0.3,-71.6,-4.4,11.6,-16.4,15.0,51.3,10.0,0.4,0.4,0.3,0.5,2.5,3.0,2.25,15.0,1.63,10.0,0.4,0.4,0.3,5.5,9.5,49.3,23.1,15.0,25.0,10.0,0.4,0.4,0.3,0.56,1.2,1.99,1.21,13.0,0.62,8.0,0.5,0.4,0.3,5.1,8.6,31.0,14.4,13.0,11.8,8.0,0.5,0.4,0.3,-9.4,0.0,18.1,2.9,15.0,13.1,10.0,0.4,0.4,0.3,0.0,0.0,4.2,1.0,15.0,4.2,10.0,0.4,0.4,0.3,12.1,37.8,70.4,39.9,13.0,27.2,8.0,0.5,0.4,0.3,-19.6,-6.3,1.2,-6.6,13.0,11.8,8.0,0.5,0.4,0.3,2.5,8.1,27.2,13.2,13.0,12.0,8.0,0.5,0.4,0.3,-5.1,-2.7,0.1,-3.0,13.0,4.5,8.0,0.5,0.4,0.3,24.0,1906.5,6427.5,3122.5,15.0,3667.5,10.0,0.4,0.4,0.3,25.0,1905.0,6425.0,3120.0,15.0,3670.0,10.0,0.4,0.4,0.3
1974,2,155.0,46.0,1.0,2.0,4.0,2.43,15.0,1.83,12.0,0.7,0.5,0.4,-2.12,0.0,1.15,-0.37,18.0,1.69,14.0,0.7,0.5,0.4,2.51,3.07,3.76,3.11,15.0,0.54,14.0,0.7,0.5,0.4,68.5,90.2,97.3,84.6,16.0,13.3,14.0,0.7,0.4,6.9,11.05,15.19,11.03,18.0,4.4,14.0,0.7,0.5,0.4,-13.29,6.89,11.85,3.0,18.0,10.83,14.0,0.7,0.5,0.4,-5.29,-0.85,3.19,-0.88,18.0,4.55,14.0,0.7,0.5,0.4,995.99,1010.5,1015.23,1006.29,17.0,12.63,14.0,0.7,0.5,0.4,4.7,6.0,8.0,6.2,18.0,1.7,14.0,0.7,0.5,0.4,-177.8,60.6,146.5,18.4,18.0,163.8,14.0,0.7,0.5,0.4,-50.9,-8.3,36.6,-5.6,18.0,60.4,14.0,0.7,0.5,0.4,-0.28,3.0,3.93,2.54,15.0,2.76,12.0,0.7,0.5,0.4,0.1,26.6,56.0,31.2,15.0,37.9,12.0,0.7,0.5,0.4,0.85,1.31,2.81,1.52,13.0,1.0,12.0,0.7,0.5,0.4,11.3,16.2,23.2,18.3,13.0,14.3,12.0,0.7,0.5,0.4,-18.8,-3.3,12.3,-5.0,18.0,16.9,14.0,0.7,0.5,0.4,-4.3,0.0,7.9,1.7,18.0,8.0,14.0,0.7,0.5,0.4,-52.5,24.1,37.1,5.2,15.0,38.3,14.0,0.7,0.5,0.4,-19.3,-4.1,9.1,-3.9,15.0,14.9,14.0,0.7,0.5,0.4,-17.0,6.8,17.3,6.5,13.0,22.0,12.0,0.7,0.5,0.4,-4.4,0.0,4.6,0.0,13.0,6.2,12.0,0.7,0.5,0.4,332.5,1368.0,3568.0,1954.5,18.0,1963.0,14.0,0.7,0.5,0.4,330.0,1370.0,3570.0,1955.0,18.0,1965.0,14.0,0.7,0.5,0.4
1974,2,155.0,47.0,1.06,2.0,2.44,1.75,8.0,0.93,18.0,0.8,0.3,0.5,0.0,0.5,3.33,0.79,8.0,2.47,18.0,0.8,0.3,0.5,2.56,3.16,4.03,3.23,5.0,0.99,20.0,0.6,0.3,0.5,73.3,83.5,92.6,79.9,6.0,17.0,18.0,0.7,0.5,4.79,12.1,15.34,11.31,8.0,5.27,18.0,0.8,0.3,0.5,-5.82,5.33,9.51,3.04,8.0,9.67,18.0,0.8,0.3,0.5,-10.34,-4.41,6.94,-2.82,8.0,7.8,18.0,0.8,0.3,0.5,990.99,1002.3,1017.24,1001.69,7.0,16.5,20.0,0.7,0.3,0.5,7.0,8.0,8.0,7.5,4.0,1.0,22.0,0.5,0.4,0.5,-60.4,42.4,140.7,42.9,8.0,150.7,18.0,0.8,0.3,0.5,-140.6,-46.9,71.9,-31.6,8.0,112.8,18.0,0.8,0.3,0.5,-2.16,1.0,2.94,0.96,8.0,2.94,18.0,0.8,0.3,0.5,-13.4,10.3,43.9,14.7,8.0,40.5,18.0,0.8,0.3,0.5,0.0,1.49,1.97,1.14,5.0,1.12,20.0,0.6,0.3,0.5,0.0,15.3,25.6,13.4,5.0,13.0,20.0,0.6,0.3,0.5,0.0,1.1,8.8,5.0,8.0,26.5,18.0,0.8,0.3,0.5,-9.6,0.0,30.4,6.9,8.0,21.2,18.0,0.8,0.3,0.5,-29.4,11.7,46.7,9.7,5.0,44.8,20.0,0.6,0.3,0.5,-25.4,-13.9,29.6,-1.6,5.0,32.6,20.0,0.6,0.3,0.5,-14.8,0.0,6.2,-3.2,5.0,14.9,20.0,0.6,0.3,0.5,-12.9,0.0,4.3,-3.4,5.0,11.9,20.0,0.6,0.3,0.5,182.5,1889.0,3614.0,2222.5,8.0,2014.0,18.0,0.8,0.3,0.5,180.0,1890.0,3615.0,2220.0,8.0,2015.0,18.0,0.8,0.3,0.5
1974,2,155.0,48.0,1.5,2.1,3.29,2.38,10.0,0.94,20.0,0.7,0.4,0.5,-3.31,-1.25,1.17,-1.16,10.0,2.01,20.0,0.7,0.4,0.5,2.85,3.18,3.68,3.26,4.0,0.5,24.0,0.8,0.5,0.2,86.4,95.0,100.0,93.3,4.0,8.3,24.0,0.8,0.2,4.21,10.8,18.89,11.72,9.0,7.11,22.0,0.7,0.4,0.5,-7.46,1.55,12.85,2.28,9.0,11.43,22.0,0.7,0.4,0.5,-5.16,2.68,7.08,1.75,9.0,8.08,22.0,0.7,0.4,0.5,995.74,1004.6,1013.47,1002.53,10.0,13.37,20.0,0.7,0.4,0.5,5.0,8.0,8.0,6.3,8.0,2.9,22.0,0.9,0.4,0.5,-87.1,4.8,190.2,37.2,9.0,215.0,22.0,0.7,0.4,0.5,-54.9,8.3,145.3,22.7,9.0,139.2,22.0,0.7,0.4,0.5,1.43,3.5,5.31,3.54,10.0,2.11,20.0,0.7,0.4,0.5,14.4,30.8,57.2,37.3,9.0,27.1,22.0,0.7,0.4,0.5,0.87,1.28,1.4,1.14,4.0,0.38,24.0,0.8,0.5,0.2,6.3,15.8,26.8,16.5,4.0,12.4,24.0,0.8,0.5,0.2,-22.9,-2.8,5.0,-9.6,9.0,22.8,22.0,0.7,0.4,0.5,-14.4,-0.5,4.2,-1.9,9.0,12.6,22.0,0.7,0.4,0.5,-8.0,23.9,51.3,21.8,4.0,36.0,24.0,0.8,0.5,0.2,12.3,18.5,39.5,25.5,4.0,20.7,24.0,0.8,0.5,0.2,-0.8,11.4,25.2,12.2,4.0,15.3,24.0,0.8,0.5,0.2,5.3,8.2,9.6,7.5,4.0,3.1,24.0,0.8,0.5,0.2,122.5,1259.5,6927.0,3207.5,9.0,3868.0,22.0,0.7,0.4,0.5,120.0,1260.0,6925.0,3205.0,9.0,3870.0,22.0,0.7,0.4,0.5
1974,2,155.0,49.0,0.2,1.5,2.5,1.58,76.0,1.17,14.0,0.5,0.3,0.4,-3.29,0.0,3.06,-0.34,81.0,3.12,14.0,0.5,0.3,0.4,3.55,3.55,3.55,3.55,1.0,0.0,12.0,0.0,0.9,0.2,91.0,91.0,91.0,91.0,1.0,0.0,12.0,0.0,0.2,4.02,9.4,13.98,9.5,78.0,4.95,14.0,0.5,0.3,0.4,-6.56,2.9,8.66,1.91,78.0,8.0,14.0,0.5,0.3,0.4,-10.49,-2.47,3.88,-2.89,78.0,6.31,14.0,0.5,0.3,0.4,988.01,1007.25,1015.46,1003.24,80.0,13.4,14.0,0.5,0.3,0.4,4.0,6.5,8.0,6.2,64.0,2.1,14.0,0.6,0.3,0.4,-50.9,10.4,92.7,22.6,78.0,127.9,14.0,0.5,0.3,0.4,-123.5,-8.7,30.7,-38.4,78.0,87.1,14.0,0.5,0.3,0.4,-1.82,2.0,5.05,1.94,76.0,3.29,14.0,0.5,0.3,0.4,-13.7,17.4,60.0,21.4,73.0,32.5,14.0,0.5,0.3,0.4,0.96,0.96,0.96,0.96,1.0,0.0,12.0,0.0,0.9,0.2,8.4,8.4,8.4,8.4,1.0,0.0,12.0,0.0,0.9,0.2,-21.7,0.0,16.8,-2.9,78.0,20.4,14.0,0.5,0.3,0.4,-9.7,0.0,25.3,5.3,78.0,18.0,14.0,0.5,0.3,0.4,-23.7,-23.7,-23.7,-23.7,1.0,0.0,12.0,0.0,0.9,0.2,-19.9,-19.9,-19.9,-19.9,1.0,0.0,12.0,0.0,0.9,0.2,-6.4,-6.4,-6.4,-6.4,1.0,0.0,12.0,0.0,0.9,0.2,-5.4,-5.4,-5.4,-5.4,1.0,0.0,12.0,0.0,0.9,0.2,65.0,835.0,2731.0,1611.0,78.0,2448.5,14.0,0.5,0.3,0.4,65.0,835.0,2730.0,1610.0,78.0,2450.0,14.0,0.5,0.3,0.4
1974,2,155.0,50.0,,,,,,,,,,,,,,,,,,,,,,,,,,,,,,,,,,,,,,,,6.2,8.7,11.77,8.87,20.0,3.64,14.0,0.6,0.6,0.4,-8.48,1.46,6.3,0.01,20.0,7.37,14.0,0.6,0.6,0.4,-7.58,-2.05,3.09,-2.21,20.0,6.05,14.0,0.6,0.6,0.4,981.21,1001.4,1013.42,999.24,21.0,13.55,14.0,0.6,0.6,0.4,,,,,,,,,,,,,,,,,,,,,,,,,,,,,,,,,,,,,,,,,,,,,,,,,,,,,,,,,,,,,,,,,,,,,,,,,,,,,,,,,,,,,,,,,,,,,,,,,,,,,,,,,,,,,,,,,,,,,,,,,,,,,,,,,,,,,,,,,,,,,,,,,,,,,,
1974,2,155.0,51.0,,,,,,,,,,,,,,,,,,,,,,,,,,,,,,,,,,,,,,,,6.0,8.2,10.38,8.38,13.0,4.63,14.0,0.5,0.5,0.5,-1.24,2.64,6.11,0.95,13.0,6.35,14.0,0.5,0.5,0.5,-9.27,-3.14,1.39,-3.98,13.0,6.26,14.0,0.5,0.5,0.5,998.82,1002.5,1013.22,1004.39,15.0,9.41,12.0,0.6,0.5,0.5,,,,,,,,,,,,,,,,,,,,,,,,,,,,,,,,,,,,,,,,,,,,,,,,,,,,,,,,,,,,,,,,,,,,,,,,,,,,,,,,,,,,,,,,,,,,,,,,,,,,,,,,,,,,,,,,,,,,,,,,,,,,,,,,,,,,,,,,,,,,,,,,,,,,,,
1974,2,155.0,52.0,-1.5,-0.2,0.4,-0.25,73.0,1.31,18.0,0.6,0.5,0.4,-6.0,-3.55,-0.54,-3.23,80.0,3.02,18.0,0.6,0.5,0.4,3.79,3.79,3.79,3.79,2.0,0.0,20.0,1.0,0.0,0.2,72.4,77.4,82.4,77.4,2.0,10.4,20.0,1.0,0.2,5.1,8.2,11.8,8.45,78.0,3.57,18.0,0.6,0.5,0.4,-5.19,1.81,7.97,1.79,78.0,6.42,18.0,0.6,0.5,0.4,-8.19,0.0,4.42,-1.35,78.0,6.23,18.0,0.6,0.5,0.4,1000.51,1008.9,1014.9,1007.76,83.0,8.57,18.0,0.6,0.5,0.4,5.0,7.0,8.0,6.4,64.0,1.9,18.0,0.6,0.5,0.4,-45.9,13.1,72.7,22.7,78.0,82.5,18.0,0.6,0.5,0.4,-71.1,0.0,33.6,-15.1,78.0,65.0,18.0,0.6,0.5,0.4,0.51,3.4,5.87,3.01,72.0,3.11,18.0,0.6,0.5,0.4,4.8,25.4,51.8,27.3,69.0,27.1,18.0,0.6,0.5,0.4,-0.24,-0.17,-0.11,-0.17,2.0,0.13,20.0,1.0,0.0,0.2,-1.4,-1.4,-1.4,-1.4,1.0,0.0,18.0,1.0,0.1,0.3,-24.1,-1.3,18.9,-3.3,77.0,25.9,18.0,0.6,0.5,0.4,-16.1,3.7,33.3,8.8,77.0,25.4,18.0,0.6,0.5,0.4,-14.8,-14.8,-14.8,-14.8,1.0,0.0,18.0,1.0,0.1,0.3,12.4,12.4,12.4,12.4,1.0,0.0,18.0,1.0,0.1,0.3,1.0,1.0,1.0,1.0,1.0,0.0,18.0,1.0,0.1,0.3,-0.9,-0.9,-0.9,-0.9,1.0,0.0,18.0,1.0,0.1,0.3,132.5,551.5,1643.0,940.0,78.0,1188.0,18.0,0.6,0.5,0.4,135.0,550.0,1645.0,940.0,78.0,1190.0,18.0,0.6,0.5,0.4
1974,2,155.0,53.0,-1.8,-1.0,0.59,-0.63,134.0,1.2,20.0,0.5,0.6,0.5,-6.0,-3.5,-1.0,-3.66,161.0,3.17,20.0,0.5,0.6,0.5,3.83,3.83,3.83,3.83,1.0,0.0,22.0,0.0,0.8,0.4,100.0,100.0,100.0,100.0,1.0,0.0,22.0,0.0,0.4,4.1,7.2,10.8,7.36,156.0,3.66,20.0,0.5,0.6,0.5,-4.96,0.0,5.59,0.48,156.0,5.58,20.0,0.5,0.6,0.5,-7.14,0.0,5.45,-0.64,156.0,6.01,20.0,0.5,0.6,0.5,997.14,1009.9,1017.45,1007.71,162.0,10.97,20.0,0.5,0.6,0.5,4.0,7.0,8.0,6.1,90.0,2.3,20.0,0.6,0.6,0.4,-37.8,0.0,37.9,5.2,156.0,67.6,20.0,0.5,0.6,0.5,-58.2,0.0,48.0,-3.9,156.0,62.3,20.0,0.5,0.6,0.5,-0.01,2.9,5.4,2.68,133.0,2.72,20.0,0.5,0.6,0.5,0.0,16.6,47.1,22.7,128.0,25.9,20.0,0.5,0.6,0.5,-0.52,-0.52,-0.52,-0.52,1.0,0.0,22.0,0.0,0.8,0.4,-8.9,-8.9,-8.9,-8.9,1.0,0.0,22.0,0.0,0.8,0.4,-16.1,0.0,15.6,-3.3,153.0,25.6,20.0,0.5,0.6,0.5,-19.3,0.0,33.0,4.4,153.0,28.8,20.0,0.5,0.6,0.5,-49.9,-49.9,-49.9,-49.9,1.0,0.0,22.0,0.0,0.8,0.4,41.9,41.9,41.9,41.9,1.0,0.0,22.0,0.0,0.8,0.4,6.8,6.8,6.8,6.8,1.0,0.0,22.0,0.0,0.8,0.4,-5.7,-5.7,-5.7,-5.7,1.0,0.0,22.0,0.0,0.8,0.4,69.0,373.0,1259.5,712.5,156.0,1002.0,20.0,0.5,0.6,0.5,70.0,375.0,1260.0,715.0,156.0,1000.0,20.0,0.5,0.6,0.5
1974,2,155.0,54.0,,,,,,,,,,,,,,,,,,,,,,,,,,,,,,,,,,,,,,,,1.0,7.2,11.8,7.11,44.0,4.72,12.0,0.6,0.5,0.2,-3.72,0.0,1.15,-0.2,44.0,4.29,12.0,0.6,0.5,0.2,-10.66,-4.5,0.06,-4.24,44.0,6.1,12.0,0.6,0.5,0.2,994.58,1006.7,1011.91,1003.5,45.0,9.29,12.0,0.6,0.5,0.2,,,,,,,,,,,,,,,,,,,,,,,,,,,,,,,,,,,,,,,,,,,,,,,,,,,,,,,,,,,,,,,,,,,,,,,,,,,,,,,,,,,,,,,,,,,,,,,,,,,,,,,,,,,,,,,,,,,,,,,,,,,,,,,,,,,,,,,,,,,,,,,,,,,,,,
1974,2,155.0,55.0,,,,,,,,,,,,,,,,,,,,,,,,,,,,,,,,,,,,,,,,0.0,5.1,7.98,4.49,15.0,3.37,20.0,0.9,0.5,0.1,-4.33,0.0,0.0,-0.94,15.0,3.26,20.0,0.9,0.5,0.1,-5.64,0.0,1.83,-0.95,15.0,4.52,20.0,0.9,0.5,0.1,1002.93,1010.1,1014.37,1007.87,15.0,8.42,20.0,0.9,0.5,0.1,,,,,,,,,,,,,,,,,,,,,,,,,,,,,,,,,,,,,,,,,,,,,,,,,,,,,,,,,,,,,,,,,,,,,,,,,,,,,,,,,,,,,,,,,,,,,,,,,,,,,,,,,,,,,,,,,,,,,,,,,,,,,,,,,,,,,,,,,,,,,,,,,,,,,,
1974,2,155.0,59.0,,,,,,,,,,,,,,,,,,,,,,,,,,,,,,,,,,,,,,,,12.9,12.9,12.9,12.9,1.0,0.0,18.0,0.0,0.1,0.5,11.17,11.17,11.17,11.17,1.0,0.0,18.0,0.0,0.1,0.5,6.45,6.45,6.45,6.45,1.0,0.0,18.0,0.0,0.1,0.5,1013.1,1013.1,1013.1,1013.1,1.0,0.0,18.0,0.0,0.1,0.5,,,,,,,,,,,,,,,,,,,,,,,,,,,,,,,,,,,,,,,,,,,,,,,,,,,,,,,,,,,,,,,,,,,,,,,,,,,,,,,,,,,,,,,,,,,,,,,,,,,,,,,,,,,,,,,,,,,,,,,,,,,,,,,,,,,,,,,,,,,,,,,,,,,,,,
1974,2,156.0,-67.0,1.4,1.4,1.4,1.4,1.0,0.0,6.0,1.0,0.0,0.8,0.7,0.7,0.7,0.7,1.0,0.0,6.0,1.0,0.0,0.8,3.21,3.21,3.21,3.21,1.0,0.0,6.0,1.0,0.0,0.8,78.0,78.0,78.0,78.0,1.0,0.0,6.0,1.0,0.8,4.1,4.1,4.1,4.1,1.0,0.0,6.0,1.0,0.0,0.8,-0.71,-0.71,-0.71,-0.71,1.0,0.0,6.0,1.0,0.0,0.8,4.04,4.04,4.04,4.04,1.0,0.0,6.0,1.0,0.0,0.8,977.1,977.1,977.1,977.1,1.0,0.0,6.0,1.0,0.0,0.8,8.0,8.0,8.0,8.0,1.0,0.0,6.0,1.0,0.0,0.8,-2.9,-2.9,-2.9,-2.9,1.0,0.0,6.0,1.0,0.0,0.8,16.6,16.6,16.6,16.6,1.0,0.0,6.0,1.0,0.0,0.8,0.7,0.7,0.7,0.7,1.0,0.0,6.0,1.0,0.0,0.8,2.9,2.9,2.9,2.9,1.0,0.0,6.0,1.0,0.0,0.8,1.12,1.12,1.12,1.12,1.0,0.0,6.0,1.0,0.0,0.8,4.6,4.6,4.6,4.6,1.0,0.0,6.0,1.0,0.0,0.8,-0.5,-0.5,-0.5,-0.5,1.0,0.0,6.0,1.0,0.0,0.8,2.8,2.8,2.8,2.8,1.0,0.0,6.0,1.0,0.0,0.8,-2.3,-2.3,-2.3,-2.3,1.0,0.0,6.0,1.0,0.0,0.8,13.0,13.0,13.0,13.0,1.0,0.0,6.0,1.0,0.0,0.8,-0.8,-0.8,-0.8,-0.8,1.0,0.0,6.0,1.0,0.0,0.8,4.5,4.5,4.5,4.5,1.0,0.0,6.0,1.0,0.0,0.8,69.0,69.0,69.0,69.0,1.0,0.0,6.0,1.0,0.0,0.8,70.0,70.0,70.0,70.0,1.0,0.0,6.0,1.0,0.0,0.8
1974,2,156.0,-60.0,,,,,,,,,,,,,,,,,,,,,,,,,,,,,,,,,,,,,,,,12.9,12.9,12.9,12.9,1.0,0.0,24.0,1.0,0.6,1.0,11.17,11.17,11.17,11.17,1.0,0.0,24.0,1.0,0.6,1.0,-6.45,-6.45,-6.45,-6.45,1.0,0.0,24.0,1.0,0.6,1.0,984.6,984.6,984.6,984.6,1.0,0.0,24.0,1.0,0.6,1.0,,,,,,,,,,,,,,,,,,,,,,,,,,,,,,,,,,,,,,,,,,,,,,,,,,,,,,,,,,,,,,,,,,,,,,,,,,,,,,,,,,,,,,,,,,,,,,,,,,,,,,,,,,,,,,,,,,,,,,,,,,,,,,,,,,,,,,,,,,,,,,,,,,,,,,
1974,2,156.0,-44.0,17.5,17.5,17.5,17.5,1.0,0.0,18.0,0.0,0.2,0.8,17.3,17.3,17.3,17.3,1.0,0.0,18.0,0.0,0.2,0.8,11.89,11.89,11.89,11.89,1.0,0.0,18.0,0.0,0.2,0.8,96.9,96.9,96.9,96.9,1.0,0.0,18.0,0.0,0.8,9.3,9.3,9.3,9.3,1.0,0.0,18.0,0.0,0.2,0.8,8.74,8.74,8.74,8.74,1.0,0.0,18.0,0.0,0.2,0.8,-3.18,-3.18,-3.18,-3.18,1.0,0.0,18.0,0.0,0.2,0.8,1012.2,1012.2,1012.2,1012.2,1.0,0.0,18.0,0.0,0.2,0.8,8.0,8.0,8.0,8.0,1.0,0.0,18.0,0.0,0.2,0.8,81.3,81.3,81.3,81.3,1.0,0.0,18.0,0.0,0.2,0.8,-29.6,-29.6,-29.6,-29.6,1.0,0.0,18.0,0.0,0.2,0.8,0.2,0.2,0.2,0.2,1.0,0.0,18.0,0.0,0.2,0.8,1.9,1.9,1.9,1.9,1.0,0.0,18.0,0.0,0.2,0.8,0.54,0.54,0.54,0.54,1.0,0.0,18.0,0.0,0.2,0.8,5.1,5.1,5.1,5.1,1.0,0.0,18.0,0.0,0.2,0.8,151.2,151.2,151.2,151.2,1.0,0.0,18.0,0.0,0.2,0.8,-55.0,-55.0,-55.0,-55.0,1.0,0.0,18.0,0.0,0.2,0.8,103.9,103.9,103.9,103.9,1.0,0.0,18.0,0.0,0.2,0.8,-37.8,-37.8,-37.8,-37.8,1.0,0.0,18.0,0.0,0.2,0.8,4.7,4.7,4.7,4.7,1.0,0.0,18.0,0.0,0.2,0.8,-1.7,-1.7,-1.7,-1.7,1.0,0.0,18.0,0.0,0.2,0.8,804.5,804.5,804.5,804.5,1.0,0.0,18.0,0.0,0.2,0.8,805.0,805.0,805.0,805.0,1.0,0.0,18.0,0.0,0.2,0.8
1974,2,156.0,-41.0,20.41,20.65,20.89,20.65,2.0,0.49,16.0,0.0,0.3,0.5,19.52,19.55,19.58,19.55,2.0,0.07,16.0,0.0,0.3,0.5,13.18,13.18,13.18,13.18,1.0,0.0,28.0,0.0,0.0,0.4,94.0,94.0,94.0,94.0,1.0,0.0,28.0,0.0,0.4,0.81,2.55,4.29,2.55,2.0,3.61,16.0,0.0,0.3,0.5,0.76,2.4,4.03,2.4,2.0,3.39,16.0,0.0,0.3,0.5,-1.47,-0.87,-0.28,-0.87,2.0,1.23,16.0,0.0,0.3,0.5,1019.16,1021.0,1022.84,1021.0,2.0,3.82,16.0,0.0,0.3,0.5,1.0,3.0,5.0,3.0,2.0,4.2,16.0,0.0,0.3,0.5,3.9,12.2,20.6,12.2,2.0,17.3,16.0,0.0,0.3,0.5,-7.5,-4.4,-1.4,-4.4,2.0,6.3,16.0,0.0,0.3,0.5,0.9,1.1,1.3,1.1,2.0,0.42,16.0,0.0,0.3,0.5,0.6,2.0,3.4,2.0,2.0,2.9,16.0,0.0,0.3,0.5,2.14,2.14,2.14,2.14,1.0,0.0,28.0,0.0,0.0,0.4,0.0,0.0,0.0,0.0,1.0,0.0,28.0,0.0,0.0,0.4,14.8,46.7,78.6,46.7,2.0,66.1,16.0,0.0,0.3,0.5,-28.6,-17.0,-5.4,-17.0,2.0,24.1,16.0,0.0,0.3,0.5,0.0,0.0,0.0,0.0,1.0,0.0,28.0,0.0,0.0,0.4,0.0,0.0,0.0,0.0,1.0,0.0,28.0,0.0,0.0,0.4,0.0,0.0,0.0,0.0,1.0,0.0,28.0,0.0,0.0,0.4,0.0,0.0,0.0,0.0,1.0,0.0,28.0,0.0,0.0,0.4,21.0,66.5,111.5,66.5,2.0,94.0,16.0,0.0,0.3,0.5,20.0,65.0,110.0,65.0,2.0,95.0,16.0,0.0,0.3,0.5
1974,2,156.0,-40.0,20.16,20.5,21.66,20.9,3.0,1.15,18.0,0.7,0.2,0.4,18.98,20.0,22.05,20.5,3.0,2.29,18.0,0.7,0.2,0.4,9.75,9.81,11.23,10.47,3.0,1.22,18.0,0.7,0.2,0.4,68.2,68.9,73.1,70.6,3.0,3.9,18.0,0.7,0.4,3.26,3.6,6.74,4.97,3.0,2.81,18.0,0.7,0.2,0.4,-2.94,-1.99,-1.6,-2.27,3.0,1.01,18.0,0.7,0.2,0.4,-1.23,1.23,5.9,2.31,3.0,5.31,18.0,0.7,0.2,0.4,1024.27,1025.5,1025.84,1025.07,3.0,1.21,18.0,0.7,0.2,0.4,2.9,7.0,7.0,5.0,3.0,3.5,18.0,0.7,0.2,0.4,-12.0,-11.7,-7.9,-10.0,3.0,3.3,18.0,0.7,0.2,0.4,-3.6,4.4,46.6,21.1,3.0,39.5,18.0,0.7,0.2,0.4,-1.71,0.0,2.53,0.4,3.0,3.12,18.0,0.7,0.2,0.4,-5.3,0.0,9.1,1.9,3.0,10.7,18.0,0.7,0.2,0.4,3.48,4.64,6.04,4.75,3.0,1.88,18.0,0.7,0.2,0.4,13.9,24.1,33.6,23.7,3.0,14.5,18.0,0.7,0.2,0.4,-57.3,-45.8,-34.0,-45.6,3.0,17.1,18.0,0.7,0.2,0.4,-30.1,22.8,117.5,43.2,3.0,109.5,18.0,0.7,0.2,0.4,-30.2,-23.7,-17.0,-23.6,3.0,9.7,18.0,0.7,0.2,0.4,-15.4,12.1,57.4,20.8,3.0,53.9,18.0,0.7,0.2,0.4,-17.5,-6.6,-6.1,-11.7,3.0,9.5,18.0,0.7,0.2,0.4,-2.1,8.2,28.2,12.9,3.0,22.6,18.0,0.7,0.2,0.4,35.0,46.5,391.0,209.5,3.0,296.5,18.0,0.7,0.2,0.4,35.0,45.0,390.0,210.0,3.0,295.0,18.0,0.7,0.2,0.4
1974,2,156.0,-39.0,20.33,20.6,20.87,20.6,2.0,0.57,8.0,0.5,0.4,0.4,17.83,17.9,17.97,17.9,2.0,0.14,8.0,0.5,0.4,0.4,9.87,10.12,10.36,10.12,2.0,0.51,8.0,0.5,0.4,0.4,78.2,80.0,81.8,80.0,2.0,3.7,8.0,0.5,0.4,6.73,10.25,13.77,10.25,2.0,7.28,8.0,0.5,0.4,0.4,-2.53,-2.21,-1.89,-2.21,2.0,0.66,8.0,0.5,0.4,0.4,6.44,9.98,13.52,9.98,2.0,7.34,8.0,0.5,0.4,0.4,1016.51,1019.1,1021.69,1019.1,2.0,5.37,8.0,0.5,0.4,0.4,7.2,7.5,7.8,7.5,2.0,0.7,8.0,0.5,0.4,0.4,-36.1,-25.0,-14.0,-25.0,2.0,22.8,8.0,0.5,0.4,0.4,57.6,129.0,200.4,129.0,2.0,147.9,8.0,0.5,0.4,0.4,2.5,2.7,2.9,2.7,2.0,0.42,8.0,0.5,0.4,0.4,18.7,26.1,33.5,26.1,2.0,15.3,8.0,0.5,0.4,0.4,4.86,4.89,4.92,4.89,2.0,0.06,8.0,0.5,0.4,0.4,32.9,50.3,67.8,50.3,2.0,36.2,8.0,0.5,0.4,0.4,-45.0,-39.5,-34.0,-39.5,2.0,11.5,8.0,0.5,0.4,0.4,115.4,178.1,240.8,178.1,2.0,129.9,8.0,0.5,0.4,0.4,-24.9,-22.2,-19.5,-22.2,2.0,5.5,8.0,0.5,0.4,0.4,65.7,99.1,132.5,99.1,2.0,69.2,8.0,0.5,0.4,0.4,-12.4,-10.8,-9.2,-10.8,2.0,3.3,8.0,0.5,0.4,0.4,31.4,49.0,66.6,49.0,2.0,36.4,8.0,0.5,0.4,0.4,691.0,1892.5,3093.5,1892.5,2.0,2488.5,8.0,0.5,0.4,0.4,690.0,1890.0,3095.0,1890.0,2.0,2490.0,8.0,0.5,0.4,0.4
1974,2,156.0,-38.0,21.16,21.5,23.21,22.17,3.0,1.61,6.0,0.7,0.3,0.4,21.18,22.0,23.37,22.27,3.0,1.62,6.0,0.7,0.3,0.4,11.71,13.63,13.69,12.72,3.0,1.65,6.0,0.7,0.3,0.4,72.0,73.6,80.1,76.0,3.0,6.3,6.0,0.7,0.4,4.58,6.7,8.47,6.53,3.0,2.85,6.0,0.7,0.3,0.4,-3.16,-2.76,1.3,-0.98,3.0,3.61,6.0,0.7,0.3,0.4,-4.7,-2.31,5.23,0.21,3.0,7.59,6.0,0.7,0.3,0.4,1010.53,1015.1,1015.78,1013.2,3.0,4.19,6.0,0.7,0.3,0.4,2.0,4.0,6.0,4.0,3.0,3.0,6.0,0.7,0.3,0.4,-18.5,-9.9,17.0,-0.9,3.0,27.2,6.0,0.7,0.3,0.4,-29.2,-8.3,52.8,11.4,3.0,62.4,6.0,0.7,0.3,0.4,-2.21,-0.5,2.03,-0.1,3.0,3.12,6.0,0.7,0.3,0.4,-14.3,-1.8,19.7,2.6,3.0,25.2,6.0,0.7,0.3,0.4,1.98,2.32,6.01,3.96,3.0,3.28,6.0,0.7,0.3,0.4,9.6,12.2,52.9,30.8,3.0,35.6,6.0,0.7,0.3,0.4,-74.1,-60.7,25.9,-25.0,3.0,79.5,6.0,0.7,0.3,0.4,-111.2,-50.9,107.9,-2.8,3.0,165.8,6.0,0.7,0.3,0.4,-43.2,-37.8,11.5,-16.4,3.0,44.2,6.0,0.7,0.3,0.4,-64.1,-31.8,54.5,-5.4,3.0,89.8,6.0,0.7,0.3,0.4,-6.3,-6.1,14.9,4.0,3.0,17.8,6.0,0.7,0.3,0.4,-8.9,-5.4,44.4,17.2,3.0,43.7,6.0,0.7,0.3,0.4,127.5,301.0,644.5,384.0,3.0,385.5,6.0,0.7,0.3,0.4,125.0,300.0,645.0,385.0,3.0,385.0,6.0,0.7,0.3,0.4
1974,2,156.0,-36.0,22.0,22.25,22.76,22.38,4.0,0.48,16.0,0.3,0.4,0.5,20.48,21.3,22.07,21.28,4.0,1.05,16.0,0.3,0.4,0.5,10.82,11.2,12.51,11.65,4.0,1.4,16.0,0.3,0.4,0.5,66.1,71.8,84.0,74.9,4.0,13.5,16.0,0.3,0.5,4.84,5.65,8.35,6.55,4.0,2.59,16.0,0.3,0.4,0.5,-4.88,-2.63,-0.83,-2.84,4.0,2.61,16.0,0.3,0.4,0.5,1.97,3.87,7.68,4.78,4.0,3.98,16.0,0.3,0.4,0.5,1013.08,1017.55,1020.24,1016.7,4.0,4.57,16.0,0.3,0.4,0.5,3.5,4.0,4.0,3.8,4.0,0.5,16.0,0.3,0.4,0.5,-27.6,-12.6,-4.2,-15.7,4.0,16.2,16.0,0.3,0.4,0.5,10.0,19.0,67.2,37.7,4.0,46.2,16.0,0.3,0.4,0.5,0.21,1.2,1.98,1.1,4.0,1.24,16.0,0.3,0.4,0.5,-0.5,6.6,10.8,5.2,4.0,7.7,16.0,0.3,0.4,0.5,4.2,5.54,6.06,5.15,4.0,1.29,16.0,0.3,0.4,0.5,20.2,31.0,50.3,35.0,4.0,19.6,16.0,0.3,0.4,0.5,-104.3,-54.4,-16.6,-60.2,4.0,56.6,16.0,0.3,0.4,0.5,41.7,79.0,167.0,103.2,4.0,90.7,16.0,0.3,0.4,0.5,-54.6,-31.7,-11.4,-32.9,4.0,28.7,16.0,0.3,0.4,0.5,22.1,49.4,87.8,54.7,4.0,41.8,16.0,0.3,0.4,0.5,-28.4,-12.0,-2.8,-15.4,4.0,16.7,16.0,0.3,0.4,0.5,10.7,15.6,39.7,24.8,4.0,24.7,16.0,0.3,0.4,0.5,114.0,185.5,686.0,390.5,4.0,472.0,16.0,0.3,0.4,0.5,115.0,185.0,685.0,390.0,4.0,470.0,16.0,0.3,0.4,0.5
1974,2,156.0,-35.0,22.59,23.7,24.52,23.47,6.0,1.46,16.0,0.8,0.6,0.8,21.5,22.0,23.21,22.33,6.0,0.98,16.0,0.8,0.6,0.8,11.08,13.59,14.76,13.15,6.0,2.02,16.0,0.8,0.6,0.8,68.0,80.6,84.8,78.2,6.0,9.6,16.0,0.8,0.8,3.08,4.1,8.63,5.78,4.0,4.43,16.0,0.8,0.6,0.7,-5.36,-1.28,1.89,-1.72,4.0,4.84,16.0,0.8,0.6,0.7,0.21,2.53,7.13,3.62,4.0,4.39,16.0,0.8,0.6,0.7,1010.82,1014.0,1016.39,1013.83,6.0,2.99,16.0,0.8,0.6,0.8,6.4,7.5,8.0,7.0,6.0,1.5,16.0,0.8,0.6,0.8,-54.1,-3.3,6.8,-22.7,4.0,50.3,16.0,0.8,0.6,0.7,0.6,11.2,70.8,34.6,4.0,55.1,16.0,0.8,0.6,0.7,0.38,1.0,2.9,1.13,6.0,1.8,16.0,0.8,0.6,0.8,-2.5,3.6,20.9,8.9,4.0,18.6,16.0,0.8,0.6,0.7,3.61,4.64,6.73,4.91,6.0,2.55,16.0,0.8,0.6,0.8,7.1,16.3,66.4,35.8,4.0,48.2,16.0,0.8,0.6,0.7,-118.3,-30.7,43.4,-37.2,4.0,106.5,16.0,0.8,0.6,0.7,5.2,56.0,154.3,78.7,4.0,94.3,16.0,0.8,0.6,0.7,-62.0,-19.8,27.5,-17.4,4.0,57.4,16.0,0.8,0.6,0.7,3.3,32.9,79.3,40.9,4.0,46.2,16.0,0.8,0.6,0.7,-41.4,-5.5,1.8,-19.1,4.0,33.8,16.0,0.8,0.6,0.7,0.9,11.7,53.3,26.4,4.0,38.4,16.0,0.8,0.6,0.7,31.5,72.0,1021.5,505.5,4.0,904.0,16.0,0.8,0.6,0.7,30.0,70.0,1020.0,505.0,4.0,905.0,16.0,0.8,0.6,0.7
1974,2,156.0,-34.0,24.07,24.45,24.83,24.45,2.0,0.78,20.0,0.0,0.8,0.2,20.7,21.35,22.0,21.35,2.0,1.34,20.0,0.0,0.8,0.2,9.26,11.07,12.88,11.07,2.0,3.76,20.0,0.0,0.8,0.2,61.0,69.8,78.5,69.8,2.0,18.1,20.0,0.0,0.2,1.57,2.8,4.03,2.8,2.0,2.55,20.0,0.0,0.8,0.2,-3.99,-2.68,-1.37,-2.68,2.0,2.71,20.0,0.0,0.8,0.2,0.1,0.32,0.54,0.32,2.0,0.45,20.0,0.0,0.8,0.2,1018.93,1019.65,1020.37,1019.65,2.0,1.48,20.0,0.0,0.8,0.2,2.5,3.5,4.5,3.5,2.0,2.1,20.0,0.0,0.8,0.2,-17.9,-11.0,-4.0,-11.0,2.0,14.4,20.0,0.0,0.8,0.2,0.1,0.3,0.5,0.3,2.0,0.5,20.0,0.0,0.8,0.2,2.08,3.1,4.12,3.1,2.0,2.12,20.0,0.0,0.8,0.2,5.0,6.0,6.9,6.0,2.0,2.0,20.0,0.0,0.8,0.2,5.68,7.94,10.2,7.94,2.0,4.68,20.0,0.0,0.8,0.2,12.8,16.3,19.7,16.3,2.0,7.1,20.0,0.0,0.8,0.2,-88.8,-59.1,-29.4,-59.1,2.0,61.5,20.0,0.0,0.8,0.2,2.1,6.6,11.0,6.6,2.0,9.3,20.0,0.0,0.8,0.2,-54.1,-34.8,-15.4,-34.8,2.0,40.1,20.0,0.0,0.8,0.2,0.9,2.7,4.6,2.7,2.0,3.8,20.0,0.0,0.8,0.2,-19.3,-15.0,-10.6,-15.0,2.0,9.0,20.0,0.0,0.8,0.2,1.1,3.6,6.1,3.6,2.0,5.1,20.0,0.0,0.8,0.2,16.5,49.0,82.0,49.0,2.0,68.0,20.0,0.0,0.8,0.2,15.0,50.0,80.0,50.0,2.0,70.0,20.0,0.0,0.8,0.2
1974,2,156.0,-33.0,22.69,23.85,24.65,23.75,6.0,1.49,16.0,0.3,0.2,0.5,21.79,23.0,24.6,23.08,6.0,1.5,16.0,0.3,0.2,0.5,11.67,13.37,14.91,13.15,6.0,2.02,16.0,0.3,0.2,0.5,68.0,76.3,80.5,74.6,6.0,6.7,16.0,0.3,0.5,5.56,6.7,10.71,7.55,6.0,3.26,16.0,0.3,0.2,0.5,-6.63,-2.34,0.01,-2.88,6.0,3.76,16.0,0.3,0.2,0.5,2.9,6.21,9.48,6.14,6.0,3.1,16.0,0.3,0.2,0.5,1012.09,1015.9,1018.23,1015.32,6.0,4.49,16.0,0.3,0.2,0.5,3.6,6.0,6.4,5.3,6.0,2.1,16.0,0.3,0.2,0.5,-53.6,-22.0,1.4,-28.7,6.0,39.6,16.0,0.3,0.2,0.5,14.1,40.2,103.0,53.5,6.0,44.3,16.0,0.3,0.2,0.5,-0.37,1.0,1.54,0.67,6.0,1.1,16.0,0.3,0.2,0.5,-1.7,6.6,16.6,7.5,6.0,9.6,16.0,0.3,0.2,0.5,4.7,5.46,5.7,5.2,6.0,0.83,16.0,0.3,0.2,0.5,28.8,36.4,60.1,40.7,6.0,20.2,16.0,0.3,0.2,0.5,-151.8,-56.4,-1.5,-67.0,6.0,83.7,16.0,0.3,0.2,0.5,71.5,136.4,213.5,141.1,6.0,72.1,16.0,0.3,0.2,0.5,-81.3,-35.2,-2.0,-39.0,6.0,45.7,16.0,0.3,0.2,0.5,41.6,75.2,125.3,81.9,6.0,46.6,16.0,0.3,0.2,0.5,-35.6,-12.8,1.1,-15.4,6.0,21.2,16.0,0.3,0.2,0.5,12.0,34.0,53.2,33.1,6.0,18.8,16.0,0.3,0.2,0.5,195.5,301.0,1251.5,637.0,6.0,701.5,16.0,0.3,0.2,0.5,195.0,300.0,1250.0,635.0,6.0,700.0,16.0,0.3,0.2,0.5
1974,2,156.0,-32.0,24.57,25.2,25.41,25.0,4.0,0.69,10.0,0.0,0.7,0.3,22.73,22.8,22.94,22.83,3.0,0.15,10.0,0.0,0.6,0.3,14.46,16.01,17.0,15.73,3.0,1.88,10.0,0.0,0.6,0.3,83.7,92.4,97.6,90.7,3.0,10.3,10.0,0.0,0.3,7.84,10.3,11.32,9.6,3.0,2.62,10.0,0.0,0.6,0.3,-3.5,0.0,2.4,-0.54,3.0,4.35,10.0,0.0,0.6,0.3,6.01,9.68,11.13,8.6,3.0,3.86,10.0,0.0,0.6,0.3,1008.18,1010.3,1014.19,1011.17,3.0,4.46,10.0,0.0,0.6,0.3,7.3,8.0,8.0,7.7,3.0,0.6,10.0,0.0,0.6,0.3,-23.5,0.0,24.8,0.6,3.0,35.3,10.0,0.0,0.6,0.3,51.3,99.7,126.7,89.3,3.0,55.9,10.0,0.0,0.6,0.3,1.48,2.5,2.7,2.1,3.0,0.96,10.0,0.0,0.6,0.3,13.7,28.8,29.3,21.7,3.0,13.0,10.0,0.0,0.6,0.3,2.19,4.55,5.81,4.01,3.0,2.69,10.0,0.0,0.6,0.3,19.9,46.9,66.4,43.2,3.0,34.2,10.0,0.0,0.6,0.3,-80.6,0.0,54.8,-12.6,3.0,99.8,10.0,0.0,0.6,0.3,137.7,220.7,252.9,195.9,3.0,87.1,10.0,0.0,0.6,0.3,-61.2,0.0,38.5,-11.1,3.0,73.6,10.0,0.0,0.6,0.3,100.5,154.9,159.8,130.7,3.0,48.2,10.0,0.0,0.6,0.3,-3.8,0.0,10.9,3.5,3.0,11.2,10.0,0.0,0.6,0.3,17.2,44.0,65.5,41.4,3.0,35.4,10.0,0.0,0.6,0.3,552.0,1092.5,1468.5,1012.0,3.0,675.0,10.0,0.0,0.6,0.3,550.0,1095.0,1470.0,1010.0,3.0,675.0,10.0,0.0,0.6,0.3
1974,2,156.0,-31.0,25.0,25.0,25.68,25.33,3.0,0.58,12.0,0.0,0.5,0.5,21.71,22.8,23.0,22.37,3.0,1.02,12.0,0.0,0.5,0.5,14.23,14.69,16.0,15.1,3.0,1.35,12.0,0.0,0.5,0.5,84.2,94.0,94.9,89.7,3.0,8.7,12.0,0.0,0.5,3.23,4.6,6.03,4.63,3.0,2.05,12.0,0.0,0.5,0.5,1.06,3.35,3.47,2.29,3.0,1.99,12.0,0.0,0.5,0.5,2.71,2.96,4.9,3.79,3.0,1.75,12.0,0.0,0.5,0.5,1006.9,1012.5,1014.55,1010.77,3.0,5.8,12.0,0.0,0.5,0.5,7.3,8.0,8.0,7.7,3.0,0.6,12.0,0.0,0.5,0.5,5.1,16.2,20.5,12.9,3.0,11.6,12.0,0.0,0.5,0.5,8.9,13.6,30.9,19.7,3.0,16.9,12.0,0.0,0.5,0.5,2.0,2.2,3.97,2.97,3.0,1.59,12.0,0.0,0.5,0.5,10.9,12.5,12.7,11.8,3.0,1.4,12.0,0.0,0.5,0.5,4.11,5.77,6.11,5.12,3.0,1.57,12.0,0.0,0.5,0.5,15.6,16.3,31.6,23.4,3.0,13.2,12.0,0.0,0.5,0.5,24.6,77.4,79.4,52.6,3.0,45.6,12.0,0.0,0.5,0.5,59.0,67.4,112.9,85.5,3.0,42.5,12.0,0.0,0.5,0.5,14.9,46.9,54.9,35.2,3.0,31.0,12.0,0.0,0.5,0.5,41.7,49.1,71.1,56.2,3.0,22.4,12.0,0.0,0.5,0.5,3.7,11.8,16.9,10.4,3.0,9.7,12.0,0.0,0.5,0.5,11.9,16.3,28.0,19.9,3.0,12.2,12.0,0.0,0.5,0.5,43.0,97.5,236.0,138.5,3.0,146.0,12.0,0.0,0.5,0.5,45.0,95.0,235.0,140.0,3.0,145.0,12.0,0.0,0.5,0.5
1974,2,156.0,-30.0,24.1,24.1,24.1,24.1,1.0,0.0,10.0,1.0,0.6,0.6,23.0,23.0,23.0,23.0,1.0,0.0,10.0,1.0,0.6,0.6,12.86,12.86,12.86,12.86,1.0,0.0,10.0,1.0,0.6,0.6,73.4,73.4,73.4,73.4,1.0,0.0,10.0,1.0,0.6,12.3,12.3,12.3,12.3,1.0,0.0,10.0,1.0,0.6,0.6,-2.14,-2.14,-2.14,-2.14,1.0,0.0,10.0,1.0,0.6,0.6,12.11,12.11,12.11,12.11,1.0,0.0,10.0,1.0,0.6,0.6,1010.3,1010.3,1010.3,1010.3,1.0,0.0,10.0,1.0,0.6,0.6,4.0,4.0,4.0,4.0,1.0,0.0,10.0,1.0,0.6,0.6,-26.3,-26.3,-26.3,-26.3,1.0,0.0,10.0,1.0,0.6,0.6,149.0,149.0,149.0,149.0,1.0,0.0,10.0,1.0,0.6,0.6,1.1,1.1,1.1,1.1,1.0,0.0,10.0,1.0,0.6,0.6,13.5,13.5,13.5,13.5,1.0,0.0,10.0,1.0,0.6,0.6,5.92,5.92,5.92,5.92,1.0,0.0,10.0,1.0,0.6,0.6,72.8,72.8,72.8,72.8,1.0,0.0,10.0,1.0,0.6,0.6,-49.1,-49.1,-49.1,-49.1,1.0,0.0,10.0,1.0,0.6,0.6,278.6,278.6,278.6,278.6,1.0,0.0,10.0,1.0,0.6,0.6,-27.5,-27.5,-27.5,-27.5,1.0,0.0,10.0,1.0,0.6,0.6,155.7,155.7,155.7,155.7,1.0,0.0,10.0,1.0,0.6,0.6,-12.6,-12.6,-12.6,-12.6,1.0,0.0,10.0,1.0,0.6,0.6,71.7,71.7,71.7,71.7,1.0,0.0,10.0,1.0,0.6,0.6,1861.0,1861.0,1861.0,1861.0,1.0,0.0,10.0,1.0,0.6,0.6,1860.0,1860.0,1860.0,1860.0,1.0,0.0,10.0,1.0,0.6,0.6
1974,2,156.0,-27.0,26.5,26.5,26.5,26.5,1.0,0.0,14.0,1.0,0.5,0.3,25.7,25.7,25.7,25.7,1.0,0.0,14.0,1.0,0.5,0.3,19.19,19.19,19.19,19.19,1.0,0.0,14.0,1.0,0.5,0.3,93.1,93.1,93.1,93.1,1.0,0.0,14.0,1.0,0.3,4.1,4.1,4.1,4.1,1.0,0.0,14.0,1.0,0.5,0.3,-2.05,-2.05,-2.05,-2.05,1.0,0.0,14.0,1.0,0.5,0.3,3.55,3.55,3.55,3.55,1.0,0.0,14.0,1.0,0.5,0.3,1012.8,1012.8,1012.8,1012.8,1.0,0.0,14.0,1.0,0.5,0.3,3.0,3.0,3.0,3.0,1.0,0.0,14.0,1.0,0.5,0.3,-8.4,-8.4,-8.4,-8.4,1.0,0.0,14.0,1.0,0.5,0.3,14.6,14.6,14.6,14.6,1.0,0.0,14.0,1.0,0.5,0.3,0.8,0.8,0.8,0.8,1.0,0.0,14.0,1.0,0.5,0.3,3.3,3.3,3.3,3.3,1.0,0.0,14.0,1.0,0.5,0.3,2.46,2.46,2.46,2.46,1.0,0.0,14.0,1.0,0.5,0.3,10.1,10.1,10.1,10.1,1.0,0.0,14.0,1.0,0.5,0.3,-52.7,-52.7,-52.7,-52.7,1.0,0.0,14.0,1.0,0.5,0.3,91.3,91.3,91.3,91.3,1.0,0.0,14.0,1.0,0.5,0.3,-39.3,-39.3,-39.3,-39.3,1.0,0.0,14.0,1.0,0.5,0.3,68.1,68.1,68.1,68.1,1.0,0.0,14.0,1.0,0.5,0.3,-5.0,-5.0,-5.0,-5.0,1.0,0.0,14.0,1.0,0.5,0.3,8.7,8.7,8.7,8.7,1.0,0.0,14.0,1.0,0.5,0.3,69.0,69.0,69.0,69.0,1.0,0.0,14.0,1.0,0.5,0.3,70.0,70.0,70.0,70.0,1.0,0.0,14.0,1.0,0.5,0.3
1974,2,156.0,-26.0,24.6,24.8,24.8,24.7,3.0,0.17,10.0,0.3,0.1,0.5,25.0,25.4,26.53,25.75,4.0,1.04,10.0,0.5,0.1,0.4,15.26,16.85,17.07,16.18,3.0,1.45,10.0,0.3,0.1,0.5,76.2,81.5,84.6,80.4,3.0,6.2,10.0,0.3,0.5,5.07,6.2,9.78,7.32,5.0,3.79,14.0,0.4,0.1,0.4,-4.12,-3.05,-1.35,-2.83,5.0,2.12,14.0,0.4,0.1,0.4,2.95,5.37,8.59,5.8,5.0,4.97,14.0,0.4,0.1,0.4,1006.26,1009.7,1014.44,1009.82,5.0,5.31,14.0,0.4,0.1,0.4,1.6,2.0,4.2,3.0,5.0,2.8,14.0,0.4,0.1,0.4,-28.8,-13.1,-6.0,-17.4,5.0,17.1,14.0,0.4,0.1,0.4,20.5,36.1,89.8,57.1,5.0,70.4,14.0,0.4,0.1,0.4,-0.84,-0.5,-0.3,-0.57,3.0,0.4,10.0,0.3,0.1,0.5,-5.5,-3.8,-3.1,-4.2,3.0,1.8,10.0,0.3,0.1,0.5,2.61,2.66,4.01,3.29,3.0,1.16,10.0,0.3,0.1,0.5,22.2,34.7,35.4,28.9,3.0,10.8,10.0,0.3,0.1,0.5,-116.8,-68.9,-26.0,-71.3,4.0,61.4,10.0,0.5,0.1,0.4,51.2,137.0,247.1,148.6,4.0,143.8,10.0,0.5,0.1,0.4,-69.8,-35.7,-11.3,-40.5,3.0,43.0,10.0,0.3,0.1,0.5,80.2,98.2,188.3,133.4,3.0,84.8,10.0,0.3,0.1,0.5,-20.5,-5.6,-1.8,-11.0,3.0,14.4,10.0,0.3,0.1,0.5,17.8,22.9,30.9,24.4,3.0,9.7,10.0,0.3,0.1,0.5,162.0,238.5,1168.5,674.0,5.0,980.0,14.0,0.4,0.1,0.4,160.0,240.0,1170.0,675.0,5.0,980.0,14.0,0.4,0.1,0.4
1974,2,156.0,-25.0,26.07,26.65,27.23,26.65,2.0,1.2,16.0,0.0,0.5,0.8,23.39,24.65,25.91,24.65,2.0,2.62,16.0,0.0,0.5,0.8,19.81,19.81,19.81,19.81,1.0,0.0,8.0,0.0,0.0,0.7,91.5,91.5,91.5,91.5,1.0,0.0,8.0,0.0,0.7,12.9,12.9,12.9,12.9,1.0,0.0,24.0,0.0,0.9,0.8,-4.41,-4.41,-4.41,-4.41,1.0,0.0,24.0,0.0,0.9,0.8,12.12,12.12,12.12,12.12,1.0,0.0,24.0,0.0,0.9,0.8,1010.44,1010.75,1011.06,1010.75,2.0,0.64,16.0,0.0,0.5,0.8,2.2,2.5,2.8,2.5,2.0,0.7,16.0,0.0,0.5,0.8,-56.9,-56.9,-56.9,-56.9,1.0,0.0,24.0,0.0,0.9,0.8,156.4,156.4,156.4,156.4,1.0,0.0,24.0,0.0,0.9,0.8,,,,,,,,,,,,,,,,,,,,,,,,,,,,,,,,,,,,,,,,,,,,,,,,,,,,,,,,,,,,,,,,,,,,,,,,,,,,,,,,,,,,,,,,,,,,,,,,,,,,,,,,,,,,,,,,,,,,,,,,
1974,2,156.0,-24.0,25.8,26.0,26.55,26.17,3.0,0.57,8.0,1.0,0.3,0.7,25.0,25.0,25.2,25.1,3.0,0.17,6.0,0.7,0.2,0.7,16.5,16.5,16.5,16.5,1.0,0.0,10.0,1.0,0.4,1.0,83.9,88.1,92.2,88.1,2.0,8.6,8.0,1.0,0.7,3.4,6.2,12.48,7.9,3.0,6.81,6.0,0.7,0.2,0.7,-1.61,1.61,2.34,0.39,3.0,3.07,6.0,0.7,0.2,0.7,0.78,5.37,12.06,6.4,3.0,8.31,6.0,0.7,0.2,0.7,1005.09,1007.0,1009.53,1007.3,3.0,3.26,8.0,0.7,0.4,0.8,2.0,5.5,8.0,5.0,4.0,3.6,6.0,0.8,0.3,0.7,-12.0,3.4,29.2,8.4,3.0,30.5,6.0,0.7,0.2,0.7,8.6,33.3,170.0,88.0,3.0,127.3,6.0,0.7,0.2,0.7,0.5,0.7,0.9,0.7,2.0,0.42,8.0,1.0,0.2,0.7,4.5,8.9,13.3,8.9,2.0,9.1,8.0,1.0,0.2,0.7,4.17,4.17,4.17,4.17,1.0,0.0,10.0,1.0,0.4,1.0,25.9,25.9,25.9,25.9,1.0,0.0,10.0,1.0,0.4,1.0,-40.8,40.2,58.4,9.5,3.0,77.3,6.0,0.7,0.2,0.7,20.1,135.8,301.9,160.4,3.0,207.5,6.0,0.7,0.2,0.7,-51.2,-51.2,-51.2,-51.2,1.0,0.0,10.0,1.0,0.4,1.0,88.6,88.6,88.6,88.6,1.0,0.0,10.0,1.0,0.4,1.0,-12.9,-12.9,-12.9,-12.9,1.0,0.0,10.0,1.0,0.4,1.0,22.4,22.4,22.4,22.4,1.0,0.0,10.0,1.0,0.4,1.0,82.0,238.5,2568.5,1300.0,3.0,2040.5,6.0,0.7,0.2,0.7,80.0,240.0,2570.0,1300.0,3.0,2040.0,6.0,0.7,0.2,0.7
1974,2,156.0,-23.0,27.06,27.2,27.34,27.2,3.0,0.2,8.0,0.7,0.4,0.4,26.1,26.6,27.0,26.55,4.0,0.53,8.0,0.5,0.4,0.4,18.64,18.64,18.64,18.64,1.0,0.0,16.0,0.0,0.4,0.5,82.9,83.6,83.6,83.3,3.0,0.6,8.0,0.7,0.4,5.45,6.2,12.48,8.9,3.0,5.66,8.0,0.3,0.4,0.3,-1.87,2.67,3.52,0.87,3.0,4.25,8.0,0.3,0.4,0.3,-0.73,4.75,11.86,5.55,3.0,9.25,8.0,0.3,0.4,0.3,1005.61,1008.0,1010.39,1008.0,2.0,4.95,10.0,0.0,0.4,0.4,6.4,8.0,8.0,7.3,4.0,1.5,8.0,0.5,0.4,0.4,-10.5,19.9,34.4,12.1,3.0,33.6,8.0,0.3,0.4,0.3,-2.1,29.4,168.8,82.1,3.0,133.2,8.0,0.3,0.4,0.3,0.38,1.2,1.2,0.8,3.0,0.69,8.0,0.7,0.4,0.4,2.9,9.2,15.5,9.2,2.0,13.1,10.0,0.5,0.4,0.3,3.69,3.69,3.69,3.69,1.0,0.0,16.0,0.0,0.4,0.5,22.9,22.9,22.9,22.9,1.0,0.0,16.0,0.0,0.4,0.5,-51.4,69.5,94.1,22.5,3.0,114.1,8.0,0.3,0.4,0.3,-19.7,128.2,309.9,144.7,3.0,241.8,8.0,0.3,0.4,0.3,-74.3,-74.3,-74.3,-74.3,1.0,0.0,16.0,0.0,0.4,0.5,88.5,88.5,88.5,88.5,1.0,0.0,16.0,0.0,0.4,0.5,-14.7,-14.7,-14.7,-14.7,1.0,0.0,16.0,0.0,0.4,0.5,17.5,17.5,17.5,17.5,1.0,0.0,16.0,0.0,0.4,0.5,166.0,238.5,2568.5,1341.0,3.0,2002.0,8.0,0.3,0.4,0.3,165.0,240.0,2570.0,1340.0,3.0,2000.0,8.0,0.3,0.4,0.3
1974,2,156.0,-22.0,27.8,27.8,27.8,27.8,1.0,0.0,20.0,0.0,0.7,0.2,26.74,27.25,27.76,27.25,2.0,1.06,12.0,0.5,0.6,0.5,17.9,17.9,17.9,17.9,1.0,0.0,20.0,0.0,0.7,0.2,82.6,82.6,82.6,82.6,1.0,0.0,20.0,0.0,0.2,6.2,6.2,6.2,6.2,2.0,0.0,12.0,0.5,0.6,0.5,-1.85,0.82,3.5,0.82,2.0,5.55,12.0,0.5,0.6,0.5,-2.5,0.69,3.88,0.69,2.0,6.61,12.0,0.5,0.6,0.5,1002.67,1005.4,1008.13,1005.4,2.0,5.66,12.0,0.5,0.6,0.5,2.2,2.5,2.8,2.5,2.0,0.7,12.0,0.5,0.6,0.5,-11.5,5.1,21.7,5.1,2.0,34.4,12.0,0.5,0.6,0.5,-15.5,4.3,24.1,4.3,2.0,41.0,12.0,0.5,0.6,0.5,1.3,1.3,1.3,1.3,1.0,0.0,20.0,0.0,0.7,0.2,8.1,8.1,8.1,8.1,1.0,0.0,20.0,0.0,0.7,0.2,5.57,5.57,5.57,5.57,1.0,0.0,20.0,0.0,0.7,0.2,34.5,34.5,34.5,34.5,1.0,0.0,20.0,0.0,0.7,0.2,-48.0,25.4,98.8,25.4,2.0,152.1,12.0,0.5,0.6,0.5,-71.3,15.4,102.0,15.4,2.0,179.5,12.0,0.5,0.6,0.5,-55.5,-55.5,-55.5,-55.5,1.0,0.0,20.0,0.0,0.7,0.2,96.1,96.1,96.1,96.1,1.0,0.0,20.0,0.0,0.7,0.2,-17.3,-17.3,-17.3,-17.3,1.0,0.0,20.0,0.0,0.7,0.2,29.9,29.9,29.9,29.9,1.0,0.0,20.0,0.0,0.7,0.2,238.5,238.5,238.5,238.5,2.0,0.0,12.0,0.5,0.6,0.5,240.0,240.0,240.0,240.0,2.0,0.0,12.0,0.5,0.6,0.5
1974,2,156.0,-21.0,27.3,27.3,27.3,27.3,1.0,0.0,6.0,0.0,0.9,0.4,26.49,27.1,27.71,27.1,2.0,1.27,6.0,0.5,0.9,0.5,18.87,18.87,18.87,18.87,1.0,0.0,6.0,0.0,0.9,0.4,87.7,87.7,87.7,87.7,1.0,0.0,6.0,0.0,0.4,6.85,8.25,9.65,8.25,2.0,2.9,6.0,0.5,0.9,0.5,6.47,7.05,7.62,7.05,2.0,1.2,6.0,0.5,0.9,0.5,-5.57,-3.31,-1.05,-3.31,2.0,4.68,6.0,0.5,0.9,0.5,1000.06,1001.25,1002.44,1001.25,2.0,2.47,6.0,0.5,0.9,0.5,6.3,7.0,7.7,7.0,2.0,1.4,6.0,0.5,0.9,0.5,45.2,59.9,74.5,59.9,2.0,30.3,6.0,0.5,0.9,0.5,-57.4,-34.1,-10.8,-34.1,2.0,48.2,6.0,0.5,0.9,0.5,1.1,1.1,1.1,1.1,1.0,0.0,6.0,0.0,0.9,0.4,11.3,11.3,11.3,11.3,1.0,0.0,6.0,0.0,0.9,0.4,4.14,4.14,4.14,4.14,1.0,0.0,6.0,0.0,0.9,0.4,42.7,42.7,42.7,42.7,1.0,0.0,6.0,0.0,0.9,0.4,178.9,190.2,201.5,190.2,2.0,23.4,6.0,0.5,0.9,0.5,-145.9,-86.7,-27.5,-86.7,2.0,122.7,6.0,0.5,0.9,0.5,148.9,148.9,148.9,148.9,1.0,0.0,6.0,0.0,0.9,0.4,-124.9,-124.9,-124.9,-124.9,1.0,0.0,6.0,0.0,0.9,0.4,32.7,32.7,32.7,32.7,1.0,0.0,6.0,0.0,0.9,0.4,-27.4,-27.4,-27.4,-27.4,1.0,0.0,6.0,0.0,0.9,0.4,374.0,665.5,957.0,665.5,2.0,604.0,6.0,0.5,0.9,0.5,375.0,665.0,955.0,665.0,2.0,605.0,6.0,0.5,0.9,0.5
1974,2,156.0,-20.0,,,,,,,,,,,,,,,,,,,,,,,,,,,,,,,,,,,,,,,,5.1,5.1,5.1,5.1,1.0,0.0,6.0,0.0,0.7,0.7,5.1,5.1,5.1,5.1,1.0,0.0,6.0,0.0,0.7,0.7,0.0,0.0,0.0,0.0,1.0,0.0,6.0,0.0,0.7,0.7,1001.3,1001.3,1001.3,1001.3,1.0,0.0,6.0,0.0,0.7,0.7,,,,,,,,,,,,,,,,,,,,,,,,,,,,,,,,,,,,,,,,,,,,,,,,,,,,,,,,,,,,,,,,,,,,,,,,,,,,,,,,,,,,,,,,,,,,,,,,,,,,,,,,,,,,,,,,,,,,,,,,,,,,,,,,,,,,,,,,,,,,,,,,,,,,,,
1974,2,156.0,-19.0,,,,,,,,,,,,,,,,,,,,,,,,,,,,,,,,,,,,,,,,5.43,6.15,6.87,6.15,2.0,1.48,14.0,0.0,0.7,0.5,-2.57,1.39,5.36,1.39,2.0,8.21,14.0,0.0,0.7,0.5,-2.15,-1.27,-0.4,-1.27,2.0,1.8,14.0,0.0,0.7,0.5,1003.46,1004.45,1005.44,1004.45,2.0,2.05,14.0,0.0,0.7,0.5,,,,,,,,,,,,,,,,,,,,,,,,,,,,,,,,,,,,,,,,,,,,,,,,,,,,,,,,,,,,,,,,,,,,,,,,,,,,,,,,,,,,,,,,,,,,,,,,,,,,,,,,,,,,,,,,,,,,,,,,,,,,,,,,,,,,,,,,,,,,,,,,,,,,,,
1974,2,156.0,-18.0,27.58,27.75,27.92,27.75,2.0,0.35,16.0,0.0,0.4,0.5,26.84,27.75,29.29,28.05,4.0,1.52,12.0,0.3,0.5,0.6,17.49,18.59,18.91,18.21,3.0,1.09,14.0,0.0,0.4,0.5,76.5,77.3,82.7,79.6,3.0,4.9,14.0,0.0,0.5,1.24,2.6,5.01,3.1,4.0,3.0,12.0,0.3,0.5,0.6,-2.25,-1.13,3.77,0.67,4.0,4.48,12.0,0.3,0.5,0.6,0.0,0.65,1.3,0.65,4.0,0.75,12.0,0.3,0.5,0.6,1003.21,1007.55,1007.9,1005.65,4.0,4.11,12.0,0.3,0.5,0.6,2.5,3.5,5.0,3.8,4.0,1.7,12.0,0.3,0.5,0.6,-5.9,-2.9,27.2,10.0,4.0,28.0,12.0,0.3,0.5,0.6,0.0,1.7,3.4,1.7,4.0,2.0,12.0,0.3,0.5,0.6,-0.29,0.15,0.59,0.15,2.0,0.92,16.0,0.0,0.4,0.5,-0.8,0.4,1.5,0.4,2.0,2.4,16.0,0.0,0.4,0.5,5.34,5.66,5.98,5.66,2.0,0.66,16.0,0.0,0.4,0.5,13.9,14.7,15.5,14.7,2.0,1.7,16.0,0.0,0.4,0.5,-62.2,-30.1,113.2,22.9,4.0,132.0,12.0,0.3,0.5,0.6,0.0,17.4,35.9,17.9,4.0,20.7,12.0,0.3,0.5,0.6,-40.7,-38.2,-12.1,-26.7,3.0,23.2,14.0,0.0,0.4,0.5,7.0,22.1,23.5,15.4,3.0,13.4,14.0,0.0,0.4,0.5,-13.5,-12.7,-12.0,-12.7,2.0,1.5,16.0,0.0,0.4,0.5,6.9,7.4,7.8,7.4,2.0,0.9,16.0,0.0,0.4,0.5,8.5,17.5,204.0,102.0,4.0,181.0,12.0,0.3,0.5,0.6,10.0,20.0,205.0,100.0,4.0,180.0,12.0,0.3,0.5,0.6
1974,2,156.0,-17.0,28.0,28.0,28.0,28.0,1.0,0.0,2.0,0.0,0.6,0.9,27.45,28.0,29.37,28.4,3.0,1.44,6.0,0.7,0.6,0.8,19.18,19.26,19.34,19.26,2.0,0.17,8.0,0.5,0.8,0.9,82.2,83.0,83.8,83.0,2.0,1.7,8.0,0.5,0.9,1.97,6.2,7.57,4.8,3.0,4.28,6.0,0.7,0.6,0.8,1.67,5.27,5.91,3.82,3.0,3.34,6.0,0.7,0.6,0.8,0.0,0.0,4.29,2.09,3.0,3.63,6.0,0.7,0.6,0.8,1001.36,1003.2,1007.09,1004.2,3.0,4.29,6.0,0.7,0.6,0.8,4.0,4.5,6.0,5.0,4.0,1.4,8.0,0.8,0.6,0.8,12.2,38.4,41.7,27.2,3.0,23.7,6.0,0.7,0.6,0.8,0.0,0.0,35.2,17.2,3.0,29.7,6.0,0.7,0.6,0.8,0.8,0.8,0.8,0.8,1.0,0.0,2.0,0.0,0.6,0.9,6.6,6.6,6.6,6.6,1.0,0.0,2.0,0.0,0.6,0.9,4.76,4.76,4.76,4.76,1.0,0.0,2.0,0.0,0.6,0.9,39.0,39.0,39.0,39.0,1.0,0.0,2.0,0.0,0.6,0.9,45.5,143.4,172.5,109.8,3.0,97.4,6.0,0.7,0.6,0.8,0.0,0.0,116.6,57.0,3.0,98.6,6.0,0.7,0.6,0.8,16.0,50.4,84.9,50.4,2.0,71.3,8.0,0.5,0.8,0.9,19.1,60.1,101.2,60.1,2.0,85.0,8.0,0.5,0.8,0.9,25.1,25.1,25.1,25.1,1.0,0.0,2.0,0.0,0.6,0.9,29.9,29.9,29.9,29.9,1.0,0.0,2.0,0.0,0.6,0.9,75.5,238.5,452.0,263.0,3.0,276.5,6.0,0.7,0.6,0.8,75.0,240.0,450.0,265.0,3.0,275.0,6.0,0.7,0.6,0.8
1974,2,156.0,-16.0,28.53,28.6,28.87,28.7,3.0,0.26,18.0,0.3,0.6,0.8,26.14,27.55,28.38,27.28,4.0,1.67,18.0,0.5,0.5,0.7,16.78,17.4,19.34,18.04,3.0,1.95,16.0,0.3,0.5,0.6,77.5,83.4,86.8,82.2,3.0,6.9,16.0,0.3,0.6,2.81,4.1,4.86,3.85,4.0,1.32,18.0,0.5,0.5,0.7,-4.73,-3.85,-2.45,-3.6,4.0,1.5,18.0,0.5,0.5,0.7,-1.29,-0.62,0.82,-0.25,4.0,1.36,18.0,0.5,0.5,0.7,1006.7,1007.4,1009.78,1008.2,4.0,2.22,18.0,0.5,0.5,0.7,3.5,4.0,5.0,4.3,4.0,1.3,18.0,0.5,0.5,0.7,-23.1,-16.0,-7.6,-15.4,4.0,9.8,18.0,0.5,0.5,0.7,-3.7,-1.4,3.8,0.0,4.0,5.2,18.0,0.5,0.5,0.7,0.29,0.9,1.04,0.67,3.0,0.59,18.0,0.3,0.6,0.8,1.3,4.1,5.1,3.3,3.0,2.9,18.0,0.3,0.6,0.8,4.74,5.76,6.79,5.76,2.0,2.13,14.0,0.0,0.7,0.8,23.6,27.6,31.6,27.6,2.0,8.3,14.0,0.0,0.7,0.8,-130.2,-102.2,-64.7,-97.7,4.0,41.0,18.0,0.5,0.5,0.7,-35.2,-15.4,22.8,-6.6,4.0,37.4,18.0,0.5,0.5,0.7,-94.3,-75.2,-62.0,-78.1,3.0,23.8,16.0,0.3,0.5,0.6,-13.9,0.0,18.7,2.4,3.0,23.9,16.0,0.3,0.5,0.6,-29.9,-26.6,-23.3,-26.6,2.0,6.9,14.0,0.0,0.7,0.8,1.8,5.7,9.6,5.7,2.0,8.1,14.0,0.0,0.7,0.8,27.0,72.0,116.0,71.5,4.0,54.5,18.0,0.5,0.5,0.7,25.0,70.0,115.0,70.0,4.0,55.0,18.0,0.5,0.5,0.7
1974,2,156.0,-14.0,29.4,29.4,29.4,29.4,1.0,0.0,22.0,0.0,0.2,0.4,27.5,27.5,27.5,27.5,1.0,0.0,22.0,0.0,0.2,0.4,18.1,18.1,18.1,18.1,1.0,0.0,22.0,0.0,0.2,0.4,78.4,78.4,78.4,78.4,1.0,0.0,22.0,0.0,0.4,0.0,0.0,0.0,0.0,1.0,0.0,22.0,0.0,0.2,0.4,0.0,0.0,0.0,0.0,1.0,0.0,22.0,0.0,0.2,0.4,0.0,0.0,0.0,0.0,1.0,0.0,22.0,0.0,0.2,0.4,1004.4,1004.4,1004.4,1004.4,1.0,0.0,22.0,0.0,0.2,0.4,2.0,2.0,2.0,2.0,1.0,0.0,22.0,0.0,0.2,0.4,0.0,0.0,0.0,0.0,1.0,0.0,22.0,0.0,0.2,0.4,0.0,0.0,0.0,0.0,1.0,0.0,22.0,0.0,0.2,0.4,1.9,1.9,1.9,1.9,1.0,0.0,22.0,0.0,0.2,0.4,0.0,0.0,0.0,0.0,1.0,0.0,22.0,0.0,0.2,0.4,7.82,7.82,7.82,7.82,1.0,0.0,22.0,0.0,0.2,0.4,0.0,0.0,0.0,0.0,1.0,0.0,22.0,0.0,0.2,0.4,0.0,0.0,0.0,0.0,1.0,0.0,22.0,0.0,0.2,0.4,0.0,0.0,0.0,0.0,1.0,0.0,22.0,0.0,0.2,0.4,0.0,0.0,0.0,0.0,1.0,0.0,22.0,0.0,0.2,0.4,0.0,0.0,0.0,0.0,1.0,0.0,22.0,0.0,0.2,0.4,0.0,0.0,0.0,0.0,1.0,0.0,22.0,0.0,0.2,0.4,0.0,0.0,0.0,0.0,1.0,0.0,22.0,0.0,0.2,0.4,0.0,0.0,0.0,0.0,1.0,0.0,22.0,0.0,0.2,0.4,0.0,0.0,0.0,0.0,1.0,0.0,22.0,0.0,0.2,0.4
1974,2,156.0,-13.0,28.25,28.8,29.62,28.93,3.0,1.01,16.0,0.7,0.4,0.5,28.13,28.4,28.81,28.47,3.0,0.5,16.0,0.7,0.4,0.5,18.61,20.38,22.07,20.34,3.0,2.53,16.0,0.7,0.4,0.5,74.6,83.3,92.0,83.3,3.0,12.7,16.0,0.7,0.5,2.89,4.6,8.49,5.67,3.0,4.2,16.0,0.7,0.4,0.5,-1.93,-1.57,6.11,2.0,3.0,6.65,16.0,0.7,0.4,0.5,1.12,3.52,4.07,2.62,3.0,2.3,16.0,0.7,0.4,0.5,1001.56,1003.2,1005.25,1003.4,3.0,2.71,16.0,0.7,0.4,0.5,5.0,7.0,7.7,6.3,3.0,2.1,16.0,0.7,0.4,0.5,-6.3,-4.4,66.7,29.3,3.0,60.9,16.0,0.7,0.4,0.5,6.3,19.9,31.1,18.7,3.0,18.2,16.0,0.7,0.4,0.5,-0.34,-0.2,1.3,0.47,3.0,1.33,16.0,0.7,0.4,0.5,-2.9,-0.4,6.1,1.6,3.0,6.9,16.0,0.7,0.4,0.5,3.69,3.95,6.21,4.93,3.0,2.03,16.0,0.7,0.4,0.5,16.2,18.2,30.9,23.4,3.0,11.7,16.0,0.7,0.4,0.5,-55.6,-44.1,173.7,56.6,3.0,189.2,16.0,0.7,0.4,0.5,31.8,100.0,114.4,73.7,3.0,64.7,16.0,0.7,0.4,0.5,-36.9,-36.0,123.3,41.3,3.0,135.1,16.0,0.7,0.4,0.5,22.8,71.8,90.2,56.9,3.0,51.1,16.0,0.7,0.4,0.5,-12.4,-6.2,21.6,4.4,3.0,26.5,16.0,0.7,0.4,0.5,4.0,12.6,15.6,9.9,3.0,8.8,16.0,0.7,0.4,0.5,37.0,97.5,777.0,400.0,3.0,601.5,16.0,0.7,0.4,0.5,35.0,95.0,775.0,400.0,3.0,600.0,16.0,0.7,0.4,0.5
1974,2,156.0,-12.0,30.2,30.2,30.2,30.2,1.0,0.0,26.0,1.0,0.0,0.1,29.0,29.0,29.0,29.0,2.0,0.0,14.0,1.0,0.3,0.2,17.01,17.01,17.01,17.01,1.0,0.0,26.0,1.0,0.0,0.1,67.6,67.6,67.6,67.6,1.0,0.0,26.0,1.0,0.1,1.22,3.85,6.48,3.85,2.0,5.44,14.0,1.0,0.3,0.2,1.22,3.85,6.48,3.85,2.0,5.44,14.0,1.0,0.3,0.2,0.0,0.0,0.0,0.0,2.0,0.0,14.0,1.0,0.3,0.2,1003.32,1004.0,1004.68,1004.0,2.0,1.41,14.0,1.0,0.3,0.2,3.8,5.5,7.2,5.5,2.0,3.5,14.0,1.0,0.3,0.2,9.4,29.6,49.9,29.6,2.0,41.9,14.0,1.0,0.3,0.2,0.0,0.0,0.0,0.0,2.0,0.0,14.0,1.0,0.3,0.2,1.2,1.2,1.2,1.2,1.0,0.0,26.0,1.0,0.0,0.1,0.0,0.0,0.0,0.0,1.0,0.0,26.0,1.0,0.0,0.1,10.14,10.14,10.14,10.14,1.0,0.0,26.0,1.0,0.0,0.1,0.0,0.0,0.0,0.0,1.0,0.0,26.0,1.0,0.0,0.1,35.4,111.7,187.9,111.7,2.0,157.9,14.0,1.0,0.3,0.2,0.0,0.0,0.0,0.0,2.0,0.0,14.0,1.0,0.3,0.2,0.0,0.0,0.0,0.0,1.0,0.0,26.0,1.0,0.0,0.1,0.0,0.0,0.0,0.0,1.0,0.0,26.0,1.0,0.0,0.1,0.0,0.0,0.0,0.0,1.0,0.0,26.0,1.0,0.0,0.1,0.0,0.0,0.0,0.0,1.0,0.0,26.0,1.0,0.0,0.1,72.5,228.5,384.0,228.5,2.0,323.0,14.0,1.0,0.3,0.2,70.0,230.0,385.0,230.0,2.0,325.0,14.0,1.0,0.3,0.2
1974,2,156.0,-11.0,28.63,30.0,30.68,29.67,3.0,1.53,20.0,0.7,0.7,0.4,26.16,26.5,28.89,27.5,3.0,2.18,20.0,0.7,0.7,0.4,18.26,19.54,19.77,19.03,3.0,1.19,20.0,0.7,0.7,0.4,76.7,81.1,88.5,82.6,3.0,8.8,20.0,0.7,0.4,3.42,4.1,4.44,3.93,3.0,0.76,20.0,0.7,0.7,0.4,-3.26,-1.57,1.62,-0.84,3.0,3.63,20.0,0.7,0.7,0.4,-0.49,0.0,2.95,1.2,3.0,2.72,20.0,0.7,0.7,0.4,1001.98,1004.1,1006.76,1004.37,3.0,3.51,20.0,0.7,0.7,0.4,3.3,4.0,6.7,5.0,3.0,2.6,20.0,0.7,0.7,0.4,-13.6,-7.2,4.3,-4.7,3.0,13.3,20.0,0.7,0.7,0.4,-2.0,0.0,13.6,5.7,3.0,12.4,20.0,0.7,0.7,0.4,-0.25,3.5,4.52,2.17,3.0,3.69,20.0,0.7,0.7,0.4,-0.7,15.5,15.9,7.8,3.0,13.9,20.0,0.7,0.7,0.4,5.53,9.02,9.14,7.37,3.0,3.0,20.0,0.7,0.7,0.4,19.8,28.0,37.7,28.8,3.0,13.1,20.0,0.7,0.7,0.4,-95.9,-41.7,41.8,-27.4,3.0,101.6,20.0,0.7,0.7,0.4,-14.6,0.0,78.2,31.1,3.0,73.1,20.0,0.7,0.7,0.4,-63.6,-27.8,32.5,-15.8,3.0,71.2,20.0,0.7,0.7,0.4,-9.7,0.0,52.1,20.7,3.0,48.7,20.0,0.7,0.7,0.4,-15.4,-14.5,14.5,-0.8,3.0,24.9,20.0,0.7,0.7,0.4,-1.9,0.0,27.1,12.3,3.0,23.8,20.0,0.7,0.7,0.4,42.0,69.0,88.5,65.5,3.0,34.0,20.0,0.7,0.7,0.4,40.0,70.0,90.0,65.0,3.0,35.0,20.0,0.7,0.7,0.4
1974,2,156.0,-10.0,28.82,29.0,29.55,29.2,5.0,0.76,16.0,0.4,0.4,0.8,25.0,25.75,28.6,26.5,6.0,1.79,16.0,0.5,0.4,0.7,18.91,19.68,20.64,19.69,6.0,1.01,16.0,0.5,0.4,0.7,82.6,93.9,100.0,90.9,6.0,10.7,16.0,0.5,0.7,4.0,4.85,5.33,4.78,6.0,0.91,16.0,0.5,0.4,0.7,-5.33,-0.01,3.48,-0.56,6.0,4.6,16.0,0.5,0.4,0.7,-2.21,0.0,2.66,-0.06,6.0,2.59,16.0,0.5,0.4,0.7,1004.4,1005.0,1006.6,1005.33,6.0,1.17,16.0,0.5,0.4,0.7,3.0,4.5,8.0,5.2,6.0,2.3,16.0,0.5,0.4,0.7,-28.6,1.1,15.3,-4.1,6.0,24.5,16.0,0.5,0.4,0.7,-10.8,0.0,10.1,-1.1,6.0,11.2,16.0,0.5,0.4,0.7,1.27,3.5,3.68,2.6,5.0,1.64,16.0,0.4,0.4,0.8,4.6,14.4,18.8,12.0,5.0,8.3,16.0,0.4,0.4,0.8,5.15,5.46,6.85,5.88,5.0,0.98,16.0,0.4,0.4,0.8,22.5,27.4,33.7,28.6,5.0,9.2,16.0,0.4,0.4,0.8,-138.3,-3.1,88.3,-18.9,6.0,122.6,16.0,0.5,0.4,0.7,-56.0,0.0,69.6,-0.2,6.0,68.3,16.0,0.5,0.4,0.7,-100.6,-1.9,71.0,-8.9,6.0,88.7,16.0,0.5,0.4,0.7,-43.6,0.0,54.9,0.0,6.0,51.9,16.0,0.5,0.4,0.7,-33.7,-15.5,18.9,-9.3,5.0,29.2,16.0,0.4,0.4,0.8,-3.4,0.0,14.7,4.3,5.0,11.1,16.0,0.4,0.4,0.8,64.5,115.0,154.5,119.5,6.0,67.5,16.0,0.5,0.4,0.7,65.0,115.0,155.0,120.0,6.0,70.0,16.0,0.5,0.4,0.7
1974,2,156.0,-9.0,28.32,29.0,31.05,29.67,3.0,2.08,16.0,0.3,0.3,0.4,25.63,27.0,28.02,26.83,3.0,1.76,16.0,0.3,0.3,0.4,19.1,19.16,19.67,19.38,3.0,0.46,16.0,0.3,0.3,0.4,80.6,85.2,95.3,87.9,3.0,11.0,16.0,0.3,0.4,2.76,3.1,3.44,3.1,3.0,0.5,16.0,0.3,0.3,0.4,-0.65,1.55,1.72,0.56,3.0,1.94,16.0,0.3,0.3,0.4,-2.98,-2.68,-2.21,-2.6,3.0,0.57,16.0,0.3,0.3,0.4,1006.16,1006.5,1007.87,1007.0,3.0,1.32,16.0,0.3,0.3,0.4,6.6,8.0,8.0,7.3,3.0,1.2,16.0,0.3,0.3,0.4,-1.4,4.8,5.9,2.3,3.0,5.8,16.0,0.3,0.3,0.4,-10.3,-8.3,-6.2,-8.2,3.0,3.0,16.0,0.3,0.3,0.4,1.79,3.5,3.84,2.83,3.0,1.61,16.0,0.3,0.3,0.4,5.3,9.1,11.4,8.4,3.0,4.4,16.0,0.3,0.3,0.4,4.94,5.36,9.13,6.99,3.0,3.38,16.0,0.3,0.3,0.4,16.8,17.1,24.7,20.7,3.0,6.6,16.0,0.3,0.3,0.4,-20.2,38.8,45.5,13.2,3.0,52.9,16.0,0.3,0.3,0.4,-78.8,-67.1,-60.0,-69.4,3.0,13.8,16.0,0.3,0.3,0.4,-12.1,30.9,33.2,11.1,3.0,37.3,16.0,0.3,0.3,0.4,-57.6,-53.5,-43.0,-50.4,3.0,11.0,16.0,0.3,0.3,0.4,-9.8,8.3,8.5,-0.4,3.0,15.4,16.0,0.3,0.3,0.4,-19.5,-14.8,-14.5,-16.9,3.0,4.1,16.0,0.3,0.3,0.4,21.5,30.0,41.5,31.5,3.0,14.5,16.0,0.3,0.3,0.4,20.0,30.0,40.0,30.0,3.0,15.0,16.0,0.3,0.3,0.4
1974,2,156.0,-8.0,30.0,30.0,30.0,30.0,2.0,0.0,14.0,0.5,0.4,0.8,26.14,27.3,28.46,27.3,2.0,2.4,14.0,0.5,0.4,0.8,18.92,19.34,19.77,19.34,2.0,0.88,14.0,0.5,0.4,0.8,80.9,85.0,89.0,85.0,2.0,8.4,14.0,0.5,0.8,3.76,4.1,4.44,4.1,2.0,0.71,14.0,0.5,0.4,0.8,1.89,2.56,3.23,2.56,2.0,1.39,14.0,0.5,0.4,0.8,-3.74,-2.47,-1.21,-2.47,2.0,2.61,14.0,0.5,0.4,0.8,1004.71,1007.1,1007.17,1005.97,3.0,2.05,18.0,0.7,0.5,0.8,8.0,8.0,8.0,8.0,2.0,0.0,14.0,0.5,0.4,0.8,8.1,10.0,11.9,10.0,2.0,3.9,14.0,0.5,0.4,0.8,-17.1,-11.1,-5.0,-11.1,2.0,12.5,14.0,0.5,0.4,0.8,1.54,2.7,3.86,2.7,2.0,2.4,14.0,0.5,0.4,0.8,6.4,10.2,14.1,10.2,2.0,7.9,14.0,0.5,0.4,0.8,7.09,7.48,7.87,7.48,2.0,0.81,14.0,0.5,0.4,0.8,29.4,30.4,31.3,30.4,2.0,2.0,14.0,0.5,0.4,0.8,52.8,68.2,83.6,68.2,2.0,31.9,14.0,0.5,0.4,0.8,-108.0,-70.7,-33.4,-70.7,2.0,77.3,14.0,0.5,0.4,0.8,37.0,48.9,60.8,48.9,2.0,24.7,14.0,0.5,0.4,0.8,-74.5,-49.0,-23.5,-49.0,2.0,52.7,14.0,0.5,0.4,0.8,13.7,19.7,25.8,19.7,2.0,12.5,14.0,0.5,0.4,0.8,-25.9,-17.5,-9.0,-17.5,2.0,17.6,14.0,0.5,0.4,0.8,54.5,72.0,89.5,72.0,2.0,36.0,14.0,0.5,0.4,0.8,55.0,70.0,90.0,70.0,2.0,35.0,14.0,0.5,0.4,0.8
1974,2,156.0,-7.0,,,,,,,,,,,,,,,,,,,,,,,,,,,,,,,,,,,,,,,,3.1,3.1,3.1,3.1,1.0,0.0,24.0,1.0,0.5,1.0,3.1,3.1,3.1,3.1,1.0,0.0,24.0,1.0,0.5,1.0,0.0,0.0,0.0,0.0,1.0,0.0,24.0,1.0,0.5,1.0,1007.67,1008.05,1008.43,1008.05,2.0,0.78,26.0,0.5,0.3,0.7,,,,,,,,,,,,,,,,,,,,,,,,,,,,,,,,,,,,,,,,,,,,,,,,,,,,,,,,,,,,,,,,,,,,,,,,,,,,,,,,,,,,,,,,,,,,,,,,,,,,,,,,,,,,,,,,,,,,,,,,,,,,,,,,,,,,,,,,,,,,,,,,,,,,,,
1974,2,156.0,-2.0,29.0,29.0,29.0,29.0,1.0,0.0,26.0,1.0,0.0,0.6,29.0,29.0,29.0,29.0,1.0,0.0,26.0,1.0,0.0,0.6,17.59,17.59,17.59,17.59,1.0,0.0,26.0,1.0,0.0,0.6,70.1,70.1,70.1,70.1,1.0,0.0,26.0,1.0,0.6,2.6,2.6,2.6,2.6,1.0,0.0,26.0,1.0,0.0,0.6,-1.3,-1.3,-1.3,-1.3,1.0,0.0,26.0,1.0,0.0,0.6,-2.25,-2.25,-2.25,-2.25,1.0,0.0,26.0,1.0,0.0,0.6,1008.4,1008.4,1008.4,1008.4,1.0,0.0,26.0,1.0,0.0,0.6,5.0,5.0,5.0,5.0,1.0,0.0,26.0,1.0,0.0,0.6,-3.4,-3.4,-3.4,-3.4,1.0,0.0,26.0,1.0,0.0,0.6,-5.9,-5.9,-5.9,-5.9,1.0,0.0,26.0,1.0,0.0,0.6,0.0,0.0,0.0,0.0,1.0,0.0,26.0,1.0,0.0,0.6,0.0,0.0,0.0,0.0,1.0,0.0,26.0,1.0,0.0,0.6,7.63,7.63,7.63,7.63,1.0,0.0,26.0,1.0,0.0,0.6,19.8,19.8,19.8,19.8,1.0,0.0,26.0,1.0,0.0,0.6,-37.7,-37.7,-37.7,-37.7,1.0,0.0,26.0,1.0,0.0,0.6,-65.3,-65.3,-65.3,-65.3,1.0,0.0,26.0,1.0,0.0,0.6,-22.9,-22.9,-22.9,-22.9,1.0,0.0,26.0,1.0,0.0,0.6,-39.6,-39.6,-39.6,-39.6,1.0,0.0,26.0,1.0,0.0,0.6,-9.9,-9.9,-9.9,-9.9,1.0,0.0,26.0,1.0,0.0,0.6,-17.2,-17.2,-17.2,-17.2,1.0,0.0,26.0,1.0,0.0,0.6,17.5,17.5,17.5,17.5,1.0,0.0,26.0,1.0,0.0,0.6,20.0,20.0,20.0,20.0,1.0,0.0,26.0,1.0,0.0,0.6
1974,2,156.0,-1.0,29.4,29.4,29.4,29.4,1.0,0.0,2.0,1.0,0.3,0.6,29.0,29.0,29.0,29.0,1.0,0.0,2.0,1.0,0.3,0.6,18.74,18.74,18.74,18.74,1.0,0.0,2.0,1.0,0.3,0.6,74.4,74.4,74.4,74.4,1.0,0.0,2.0,1.0,0.6,4.1,4.1,4.1,4.1,1.0,0.0,2.0,1.0,0.3,0.6,-3.14,-3.14,-3.14,-3.14,1.0,0.0,2.0,1.0,0.3,0.6,-2.64,-2.64,-2.64,-2.64,1.0,0.0,2.0,1.0,0.3,0.6,1006.1,1006.1,1006.1,1006.1,1.0,0.0,2.0,1.0,0.3,0.6,3.0,3.0,3.0,3.0,1.0,0.0,2.0,1.0,0.3,0.6,-12.9,-12.9,-12.9,-12.9,1.0,0.0,2.0,1.0,0.3,0.6,-10.8,-10.8,-10.8,-10.8,1.0,0.0,2.0,1.0,0.3,0.6,0.4,0.4,0.4,0.4,1.0,0.0,2.0,1.0,0.3,0.6,1.6,1.6,1.6,1.6,1.0,0.0,2.0,1.0,0.3,0.6,7.14,7.14,7.14,7.14,1.0,0.0,2.0,1.0,0.3,0.6,29.3,29.3,29.3,29.3,1.0,0.0,2.0,1.0,0.3,0.6,-91.1,-91.1,-91.1,-91.1,1.0,0.0,2.0,1.0,0.3,0.6,-76.4,-76.4,-76.4,-76.4,1.0,0.0,2.0,1.0,0.3,0.6,-58.9,-58.9,-58.9,-58.9,1.0,0.0,2.0,1.0,0.3,0.6,-49.4,-49.4,-49.4,-49.4,1.0,0.0,2.0,1.0,0.3,0.6,-22.4,-22.4,-22.4,-22.4,1.0,0.0,2.0,1.0,0.3,0.6,-18.8,-18.8,-18.8,-18.8,1.0,0.0,2.0,1.0,0.3,0.6,69.0,69.0,69.0,69.0,1.0,0.0,2.0,1.0,0.3,0.6,70.0,70.0,70.0,70.0,1.0,0.0,2.0,1.0,0.3,0.6
1974,2,156.0,1.0,28.0,28.0,28.0,28.0,1.0,0.0,4.0,0.0,0.6,0.5,27.1,27.1,27.1,27.1,1.0,0.0,4.0,0.0,0.6,0.5,17.61,17.61,17.61,17.61,1.0,0.0,4.0,0.0,0.6,0.5,78.3,78.3,78.3,78.3,1.0,0.0,4.0,0.0,0.5,6.7,6.7,6.7,6.7,1.0,0.0,4.0,0.0,0.6,0.5,-6.6,-6.6,-6.6,-6.6,1.0,0.0,4.0,0.0,0.6,0.5,1.16,1.16,1.16,1.16,1.0,0.0,4.0,0.0,0.6,0.5,1007.1,1007.1,1007.1,1007.1,1.0,0.0,4.0,0.0,0.6,0.5,6.0,6.0,6.0,6.0,1.0,0.0,4.0,0.0,0.6,0.5,-44.2,-44.2,-44.2,-44.2,1.0,0.0,4.0,0.0,0.6,0.5,7.8,7.8,7.8,7.8,1.0,0.0,4.0,0.0,0.6,0.5,0.9,0.9,0.9,0.9,1.0,0.0,4.0,0.0,0.6,0.5,6.0,6.0,6.0,6.0,1.0,0.0,4.0,0.0,0.6,0.5,6.19,6.19,6.19,6.19,1.0,0.0,4.0,0.0,0.6,0.5,41.5,41.5,41.5,41.5,1.0,0.0,4.0,0.0,0.6,0.5,-178.8,-178.8,-178.8,-178.8,1.0,0.0,4.0,0.0,0.6,0.5,31.5,31.5,31.5,31.5,1.0,0.0,4.0,0.0,0.6,0.5,-116.2,-116.2,-116.2,-116.2,1.0,0.0,4.0,0.0,0.6,0.5,20.5,20.5,20.5,20.5,1.0,0.0,4.0,0.0,0.6,0.5,-40.8,-40.8,-40.8,-40.8,1.0,0.0,4.0,0.0,0.6,0.5,7.2,7.2,7.2,7.2,1.0,0.0,4.0,0.0,0.6,0.5,301.0,301.0,301.0,301.0,1.0,0.0,4.0,0.0,0.6,0.5,300.0,300.0,300.0,300.0,1.0,0.0,4.0,0.0,0.6,0.5
1974,2,156.0,2.0,27.95,28.05,28.15,28.05,2.0,0.21,4.0,0.0,0.1,0.4,27.2,27.2,27.2,27.2,2.0,0.0,4.0,0.0,0.1,0.4,17.75,17.76,17.76,17.76,2.0,0.01,4.0,0.0,0.1,0.4,78.3,78.3,78.3,78.3,2.0,0.0,4.0,0.0,0.4,6.52,7.2,7.88,7.2,2.0,1.41,4.0,0.0,0.1,0.4,-7.87,-7.15,-6.44,-7.15,2.0,1.48,4.0,0.0,0.1,0.4,-0.91,-0.54,-0.17,-0.54,2.0,0.76,4.0,0.0,0.1,0.4,1004.98,1005.15,1005.32,1005.15,2.0,0.35,4.0,0.0,0.1,0.4,5.3,6.0,6.7,6.0,2.0,1.4,4.0,0.0,0.1,0.4,-62.6,-52.5,-42.5,-52.5,2.0,20.8,4.0,0.0,0.1,0.4,-5.6,-3.3,-1.1,-3.3,2.0,4.7,4.0,0.0,0.1,0.4,0.75,0.85,0.95,0.85,2.0,0.21,4.0,0.0,0.1,0.4,5.0,6.3,7.6,6.3,2.0,2.7,4.0,0.0,0.1,0.4,6.02,6.17,6.31,6.17,2.0,0.3,4.0,0.0,0.1,0.4,39.3,44.6,49.9,44.6,2.0,10.9,4.0,0.0,0.1,0.4,-214.0,-194.6,-175.1,-194.6,2.0,40.3,4.0,0.0,0.1,0.4,-24.6,-14.6,-4.6,-14.6,2.0,20.7,4.0,0.0,0.1,0.4,-139.7,-127.0,-114.3,-127.0,2.0,26.3,4.0,0.0,0.1,0.4,-16.1,-9.6,-3.0,-9.6,2.0,13.5,4.0,0.0,0.1,0.4,-49.8,-44.3,-38.9,-44.3,2.0,11.3,4.0,0.0,0.1,0.4,-5.4,-3.2,-1.0,-3.2,2.0,4.5,4.0,0.0,0.1,0.4,288.0,395.0,501.5,395.0,2.0,221.5,4.0,0.0,0.1,0.4,290.0,395.0,500.0,395.0,2.0,220.0,4.0,0.0,0.1,0.4
1974,2,156.0,4.0,,,,,,,,,,,,,,,,,,,,,,,,,,,,,,,,,,,,,,,,4.1,4.1,4.1,4.1,1.0,0.0,16.0,1.0,0.5,0.3,-3.85,-3.85,-3.85,-3.85,1.0,0.0,16.0,1.0,0.5,0.3,1.4,1.4,1.4,1.4,1.0,0.0,16.0,1.0,0.5,0.3,1008.6,1008.6,1008.6,1008.6,1.0,0.0,16.0,1.0,0.5,0.3,,,,,,,,,,,,,,,,,,,,,,,,,,,,,,,,,,,,,,,,,,,,,,,,,,,,,,,,,,,,,,,,,,,,,,,,,,,,,,,,,,,,,,,,,,,,,,,,,,,,,,,,,,,,,,,,,,,,,,,,,,,,,,,,,,,,,,,,,,,,,,,,,,,,,,
1974,2,156.0,10.0,27.03,27.1,27.17,27.1,2.0,0.14,12.0,1.0,0.5,0.4,26.66,27.0,27.34,27.0,2.0,0.71,12.0,1.0,0.5,0.4,19.35,19.46,19.58,19.46,2.0,0.24,12.0,1.0,0.5,0.4,85.8,87.0,88.2,87.0,2.0,2.5,12.0,1.0,0.4,9.3,9.3,9.3,9.3,2.0,0.0,12.0,1.0,0.5,0.4,-9.3,-9.3,-9.3,-9.3,2.0,0.0,12.0,1.0,0.5,0.4,0.0,0.0,0.0,0.0,2.0,0.0,12.0,1.0,0.5,0.4,1007.36,1007.7,1008.04,1007.7,2.0,0.71,12.0,1.0,0.5,0.4,5.0,5.0,5.0,5.0,2.0,0.0,12.0,1.0,0.5,0.4,-86.5,-86.5,-86.5,-86.5,2.0,0.0,12.0,1.0,0.5,0.4,0.0,0.0,0.0,0.0,2.0,0.0,12.0,1.0,0.5,0.4,-0.31,0.1,0.51,0.1,2.0,0.85,12.0,1.0,0.5,0.4,-2.9,0.9,4.7,0.9,2.0,7.9,12.0,1.0,0.5,0.4,2.87,3.09,3.3,3.09,2.0,0.44,12.0,1.0,0.5,0.4,26.7,28.7,30.7,28.7,2.0,4.1,12.0,1.0,0.5,0.4,-254.3,-251.1,-247.9,-251.1,2.0,6.6,12.0,1.0,0.5,0.4,0.0,0.0,0.0,0.0,2.0,0.0,12.0,1.0,0.5,0.4,-182.1,-181.0,-180.0,-181.0,2.0,2.2,12.0,1.0,0.5,0.4,0.0,0.0,0.0,0.0,2.0,0.0,12.0,1.0,0.5,0.4,-30.7,-28.7,-26.7,-28.7,2.0,4.1,12.0,1.0,0.5,0.4,0.0,0.0,0.0,0.0,2.0,0.0,12.0,1.0,0.5,0.4,804.5,804.5,804.5,804.5,2.0,0.0,12.0,1.0,0.5,0.4,805.0,805.0,805.0,805.0,2.0,0.0,12.0,1.0,0.5,0.4
1974,2,156.0,13.0,27.8,27.8,27.8,27.8,1.0,0.0,26.0,1.0,0.7,0.0,26.7,26.7,26.7,26.7,1.0,0.0,26.0,1.0,0.7,0.0,13.84,13.84,13.84,13.84,1.0,0.0,26.0,1.0,0.7,0.0,63.5,63.5,63.5,63.5,1.0,0.0,26.0,1.0,0.0,9.3,9.3,9.3,9.3,1.0,0.0,26.0,1.0,0.7,0.0,-8.05,-8.05,-8.05,-8.05,1.0,0.0,26.0,1.0,0.7,0.0,-4.65,-4.65,-4.65,-4.65,1.0,0.0,26.0,1.0,0.7,0.0,1012.2,1012.2,1012.2,1012.2,1.0,0.0,26.0,1.0,0.7,0.0,1.0,1.0,1.0,1.0,1.0,0.0,26.0,1.0,0.7,0.0,-74.9,-74.9,-74.9,-74.9,1.0,0.0,26.0,1.0,0.7,0.0,-43.2,-43.2,-43.2,-43.2,1.0,0.0,26.0,1.0,0.7,0.0,1.1,1.1,1.1,1.1,1.0,0.0,26.0,1.0,0.7,0.0,10.2,10.2,10.2,10.2,1.0,0.0,26.0,1.0,0.7,0.0,9.56,9.56,9.56,9.56,1.0,0.0,26.0,1.0,0.7,0.0,88.9,88.9,88.9,88.9,1.0,0.0,26.0,1.0,0.7,0.0,-215.0,-215.0,-215.0,-215.0,1.0,0.0,26.0,1.0,0.7,0.0,-124.2,-124.2,-124.2,-124.2,1.0,0.0,26.0,1.0,0.7,0.0,-111.5,-111.5,-111.5,-111.5,1.0,0.0,26.0,1.0,0.7,0.0,-64.4,-64.4,-64.4,-64.4,1.0,0.0,26.0,1.0,0.7,0.0,-77.0,-77.0,-77.0,-77.0,1.0,0.0,26.0,1.0,0.7,0.0,-44.5,-44.5,-44.5,-44.5,1.0,0.0,26.0,1.0,0.7,0.0,804.5,804.5,804.5,804.5,1.0,0.0,26.0,1.0,0.7,0.0,805.0,805.0,805.0,805.0,1.0,0.0,26.0,1.0,0.7,0.0
1974,2,156.0,14.0,27.06,27.2,28.43,27.73,3.0,1.1,10.0,0.7,0.4,0.7,26.52,27.2,27.88,27.2,2.0,1.41,8.0,0.5,0.3,0.7,17.0,17.1,17.21,17.1,2.0,0.22,8.0,0.5,0.3,0.7,73.7,76.3,78.9,76.3,2.0,5.3,8.0,0.5,0.7,3.08,4.1,7.65,5.33,3.0,3.52,10.0,0.7,0.4,0.7,-7.35,-3.14,-2.66,-4.96,3.0,3.77,10.0,0.7,0.4,0.7,-2.08,-0.89,-0.28,-1.17,3.0,1.34,10.0,0.7,0.4,0.7,1012.41,1015.0,1015.34,1013.9,3.0,2.35,10.0,0.7,0.4,0.7,3.3,4.0,4.0,3.7,3.0,0.6,10.0,0.7,0.4,0.7,-63.1,-12.9,-8.4,-35.2,3.0,44.5,10.0,0.7,0.4,0.7,-8.1,-2.3,-0.7,-4.4,3.0,5.7,10.0,0.7,0.4,0.7,-0.4,0.9,2.2,0.9,2.0,2.69,8.0,0.5,0.3,0.7,-6.7,-1.0,4.6,-1.0,2.0,11.7,8.0,0.5,0.3,0.7,5.71,6.68,7.65,6.68,2.0,2.02,8.0,0.5,0.3,0.7,25.5,35.0,44.5,35.0,2.0,19.7,8.0,0.5,0.3,0.7,-230.8,-163.1,-95.5,-163.1,2.0,140.2,8.0,0.5,0.3,0.7,-19.6,-11.6,-3.7,-11.6,2.0,16.5,8.0,0.5,0.3,0.7,-141.6,-100.9,-60.3,-100.9,2.0,84.2,8.0,0.5,0.3,0.7,-12.7,-7.5,-2.4,-7.5,2.0,10.7,8.0,0.5,0.3,0.7,-44.3,-34.3,-24.4,-34.3,2.0,20.6,8.0,0.5,0.3,0.7,-6.1,-3.6,-1.1,-3.6,2.0,5.1,8.0,0.5,0.3,0.7,34.0,69.0,571.0,297.0,3.0,440.0,10.0,0.7,0.4,0.7,35.0,70.0,570.0,295.0,3.0,440.0,10.0,0.7,0.4,0.7
1974,2,156.0,15.0,27.2,27.2,27.2,27.2,1.0,0.0,10.0,0.0,0.0,0.2,26.1,26.1,26.1,26.1,1.0,0.0,10.0,0.0,0.0,0.2,15.92,15.92,15.92,15.92,1.0,0.0,10.0,0.0,0.0,0.2,75.3,75.3,75.3,75.3,1.0,0.0,10.0,0.0,0.2,5.1,5.1,5.1,5.1,1.0,0.0,10.0,0.0,0.0,0.2,-4.42,-4.42,-4.42,-4.42,1.0,0.0,10.0,0.0,0.0,0.2,2.55,2.55,2.55,2.55,1.0,0.0,10.0,0.0,0.0,0.2,1009.5,1009.5,1009.5,1009.5,1.0,0.0,10.0,0.0,0.0,0.2,2.0,2.0,2.0,2.0,1.0,0.0,10.0,0.0,0.0,0.2,-22.5,-22.5,-22.5,-22.5,1.0,0.0,10.0,0.0,0.0,0.2,13.0,13.0,13.0,13.0,1.0,0.0,10.0,0.0,0.0,0.2,1.1,1.1,1.1,1.1,1.0,0.0,10.0,0.0,0.0,0.2,5.6,5.6,5.6,5.6,1.0,0.0,10.0,0.0,0.0,0.2,6.72,6.72,6.72,6.72,1.0,0.0,10.0,0.0,0.0,0.2,34.3,34.3,34.3,34.3,1.0,0.0,10.0,0.0,0.0,0.2,-115.3,-115.3,-115.3,-115.3,1.0,0.0,10.0,0.0,0.0,0.2,66.6,66.6,66.6,66.6,1.0,0.0,10.0,0.0,0.0,0.2,-70.3,-70.3,-70.3,-70.3,1.0,0.0,10.0,0.0,0.0,0.2,40.6,40.6,40.6,40.6,1.0,0.0,10.0,0.0,0.0,0.2,-29.7,-29.7,-29.7,-29.7,1.0,0.0,10.0,0.0,0.0,0.2,17.1,17.1,17.1,17.1,1.0,0.0,10.0,0.0,0.0,0.2,132.5,132.5,132.5,132.5,1.0,0.0,10.0,0.0,0.0,0.2,135.0,135.0,135.0,135.0,1.0,0.0,10.0,0.0,0.0,0.2
1974,2,156.0,16.0,26.44,27.7,29.05,27.78,5.0,1.56,14.0,0.4,0.3,0.4,24.78,26.0,26.74,25.84,5.0,1.2,14.0,0.4,0.3,0.4,13.79,17.22,18.32,16.1,5.0,2.98,14.0,0.4,0.3,0.4,67.8,81.2,85.8,77.1,5.0,11.3,14.0,0.4,0.4,3.37,6.2,9.38,6.7,5.0,4.89,14.0,0.4,0.3,0.4,-8.59,-5.37,-2.26,-5.65,5.0,4.57,14.0,0.4,0.3,0.4,-4.69,-2.64,-1.65,-3.25,5.0,2.47,14.0,0.4,0.3,0.4,1011.39,1011.5,1013.41,1012.34,5.0,1.57,14.0,0.4,0.3,0.4,0.6,2.0,3.4,2.0,5.0,1.6,14.0,0.4,0.3,0.4,-94.2,-33.3,-8.7,-55.6,5.0,77.8,14.0,0.4,0.3,0.4,-52.7,-10.8,-5.8,-30.4,5.0,45.4,14.0,0.4,0.3,0.4,0.34,2.3,3.41,1.94,5.0,2.34,14.0,0.4,0.3,0.4,2.1,9.4,20.3,11.3,5.0,16.6,14.0,0.4,0.3,0.4,4.1,9.2,9.88,7.35,5.0,3.48,14.0,0.4,0.3,0.4,18.0,31.5,77.7,49.4,5.0,50.3,14.0,0.4,0.3,0.4,-224.5,-147.7,-55.2,-147.7,5.0,119.7,14.0,0.4,0.3,0.4,-124.9,-64.3,-41.7,-84.2,5.0,64.7,14.0,0.4,0.3,0.4,-142.2,-99.7,-27.0,-91.0,5.0,72.2,14.0,0.4,0.3,0.4,-78.0,-34.0,-26.1,-50.9,5.0,37.6,14.0,0.4,0.3,0.4,-64.5,-31.0,-10.6,-40.5,5.0,45.2,14.0,0.4,0.3,0.4,-42.8,-18.6,-6.7,-25.6,5.0,25.7,14.0,0.4,0.3,0.4,47.0,238.5,1359.5,772.5,5.0,1421.0,14.0,0.4,0.3,0.4,45.0,240.0,1360.0,775.0,5.0,1420.0,14.0,0.4,0.3,0.4
1974,2,156.0,17.0,26.55,27.3,28.0,27.28,4.0,0.84,20.0,0.5,0.5,0.2,25.24,25.5,26.81,26.0,4.0,1.35,20.0,0.5,0.5,0.2,15.71,16.45,17.28,16.5,4.0,1.17,20.0,0.5,0.5,0.2,72.0,78.9,85.9,79.0,4.0,8.3,20.0,0.5,0.2,5.29,9.75,12.38,8.88,4.0,4.45,20.0,0.5,0.5,0.2,-8.88,-6.17,-4.33,-6.59,4.0,3.38,20.0,0.5,0.5,0.2,-8.21,-4.49,-2.48,-5.3,4.0,4.25,20.0,0.5,0.5,0.2,1010.37,1011.45,1015.51,1012.88,4.0,4.04,20.0,0.5,0.5,0.2,1.5,3.0,4.5,3.0,4.0,1.8,20.0,0.5,0.5,0.2,-108.2,-64.3,-26.4,-67.1,4.0,52.2,20.0,0.5,0.5,0.2,-98.2,-42.9,-19.9,-58.3,4.0,60.3,20.0,0.5,0.5,0.2,0.52,1.3,2.02,1.28,4.0,1.03,20.0,0.5,0.5,0.2,3.7,11.0,16.0,9.9,4.0,7.8,20.0,0.5,0.5,0.2,5.42,6.21,6.96,6.19,4.0,0.93,20.0,0.5,0.5,0.2,35.8,58.2,74.1,55.1,4.0,28.2,20.0,0.5,0.5,0.2,-223.9,-164.8,-117.2,-170.3,4.0,83.1,20.0,0.5,0.5,0.2,-215.2,-119.7,-62.2,-137.8,4.0,108.4,20.0,0.5,0.5,0.2,-141.5,-97.5,-73.8,-107.2,4.0,53.9,20.0,0.5,0.5,0.2,-127.4,-73.9,-41.4,-83.9,4.0,62.6,20.0,0.5,0.5,0.2,-50.4,-42.8,-29.0,-39.9,4.0,16.8,20.0,0.5,0.5,0.2,-56.1,-28.3,-13.1,-34.3,4.0,29.5,20.0,0.5,0.5,0.2,233.0,1050.0,1907.0,1069.0,4.0,991.0,20.0,0.5,0.5,0.2,235.0,1050.0,1905.0,1070.0,4.0,990.0,20.0,0.5,0.5,0.2
1974,2,156.0,18.0,27.0,27.0,27.0,27.0,1.0,0.0,10.0,0.0,0.7,0.7,25.0,25.0,25.0,25.0,1.0,0.0,10.0,0.0,0.7,0.7,17.44,17.44,17.44,17.44,1.0,0.0,10.0,0.0,0.7,0.7,88.1,88.1,88.1,88.1,1.0,0.0,10.0,0.0,0.7,4.6,4.6,4.6,4.6,1.0,0.0,10.0,0.0,0.7,0.7,-3.52,-3.52,-3.52,-3.52,1.0,0.0,10.0,0.0,0.7,0.7,2.96,2.96,2.96,2.96,1.0,0.0,10.0,0.0,0.7,0.7,1011.0,1011.0,1011.0,1011.0,1.0,0.0,10.0,0.0,0.7,0.7,1.0,1.0,1.0,1.0,1.0,0.0,10.0,0.0,0.7,0.7,-16.2,-16.2,-16.2,-16.2,1.0,0.0,10.0,0.0,0.7,0.7,13.6,13.6,13.6,13.6,1.0,0.0,10.0,0.0,0.7,0.7,2.0,2.0,2.0,2.0,1.0,0.0,10.0,0.0,0.7,0.7,9.2,9.2,9.2,9.2,1.0,0.0,10.0,0.0,0.7,0.7,4.9,4.9,4.9,4.9,1.0,0.0,10.0,0.0,0.7,0.7,22.6,22.6,22.6,22.6,1.0,0.0,10.0,0.0,0.7,0.7,-88.1,-88.1,-88.1,-88.1,1.0,0.0,10.0,0.0,0.7,0.7,73.9,73.9,73.9,73.9,1.0,0.0,10.0,0.0,0.7,0.7,-61.4,-61.4,-61.4,-61.4,1.0,0.0,10.0,0.0,0.7,0.7,51.6,51.6,51.6,51.6,1.0,0.0,10.0,0.0,0.7,0.7,-17.3,-17.3,-17.3,-17.3,1.0,0.0,10.0,0.0,0.7,0.7,14.5,14.5,14.5,14.5,1.0,0.0,10.0,0.0,0.7,0.7,97.5,97.5,97.5,97.5,1.0,0.0,10.0,0.0,0.7,0.7,95.0,95.0,95.0,95.0,1.0,0.0,10.0,0.0,0.7,0.7
1974,2,156.0,19.0,25.59,26.0,26.0,25.8,3.0,0.35,14.0,0.7,0.3,0.3,25.15,27.4,28.49,26.83,3.0,2.5,14.0,0.7,0.3,0.3,13.33,15.04,16.74,15.04,2.0,3.54,12.0,0.5,0.1,0.4,68.9,72.2,75.4,72.2,2.0,6.7,12.0,0.5,0.4,6.83,8.2,8.95,7.9,3.0,1.57,14.0,0.7,0.3,0.3,-8.41,-7.71,-5.69,-7.06,3.0,2.07,14.0,0.7,0.3,0.3,-3.73,-3.18,-2.92,-3.32,3.0,0.6,14.0,0.7,0.3,0.3,1012.86,1016.0,1016.34,1014.63,3.0,2.81,14.0,0.7,0.3,0.3,2.3,3.0,5.0,3.7,3.0,2.1,14.0,0.7,0.3,0.3,-75.5,-63.2,-40.2,-58.0,3.0,26.3,14.0,0.7,0.3,0.3,-28.0,-24.7,-23.5,-25.8,3.0,3.4,14.0,0.7,0.3,0.3,-2.68,-2.0,0.66,-1.03,3.0,2.59,14.0,0.7,0.3,0.3,-20.7,-12.4,8.1,-6.4,3.0,21.8,14.0,0.7,0.3,0.3,3.65,5.57,7.5,5.57,2.0,3.99,12.0,0.5,0.1,0.4,26.7,47.6,68.4,47.6,2.0,43.1,12.0,0.5,0.1,0.4,-219.4,-210.6,-155.7,-188.1,3.0,50.6,14.0,0.7,0.3,0.3,-100.4,-81.3,-78.1,-89.1,3.0,17.6,14.0,0.7,0.3,0.3,-105.4,-96.4,-87.5,-96.4,2.0,18.6,12.0,0.5,0.1,0.4,-65.1,-54.9,-44.6,-54.9,2.0,21.2,12.0,0.5,0.1,0.4,-63.8,-43.2,-22.6,-43.2,2.0,42.6,12.0,0.5,0.1,0.4,-24.2,-18.8,-13.5,-18.8,2.0,11.1,12.0,0.5,0.1,0.4,337.5,551.5,724.0,531.5,3.0,283.5,14.0,0.7,0.3,0.3,340.0,550.0,725.0,530.0,3.0,285.0,14.0,0.7,0.3,0.3
1974,2,156.0,20.0,25.43,25.6,27.0,25.56,7.0,1.69,14.0,0.4,0.6,0.4,23.72,24.2,27.4,25.0,8.0,1.83,14.0,0.5,0.6,0.4,13.8,14.52,15.61,14.76,7.0,1.09,14.0,0.4,0.6,0.4,70.5,76.5,86.0,77.2,7.0,7.7,14.0,0.4,0.4,6.15,6.2,9.4,7.43,7.0,2.18,14.0,0.6,0.6,0.4,-7.29,-5.9,-4.34,-5.14,7.0,4.43,14.0,0.6,0.6,0.4,-4.08,-3.1,3.36,-1.4,7.0,4.06,14.0,0.6,0.6,0.4,1013.88,1014.8,1019.32,1016.23,7.0,2.67,14.0,0.4,0.6,0.4,1.0,5.0,8.0,4.6,7.0,3.6,14.0,0.6,0.6,0.4,-68.8,-37.9,-27.1,-44.6,7.0,42.3,14.0,0.6,0.6,0.4,-44.2,-19.2,17.7,-13.6,7.0,32.8,14.0,0.6,0.6,0.4,-2.14,2.2,3.01,0.99,7.0,2.52,14.0,0.4,0.6,0.4,-18.8,17.4,23.5,7.4,6.0,20.8,14.0,0.5,0.6,0.4,4.9,5.95,6.67,5.7,7.0,1.57,14.0,0.4,0.6,0.4,35.6,45.3,52.6,44.8,6.0,18.9,14.0,0.5,0.6,0.4,-200.0,-141.6,-102.0,-124.6,7.0,113.7,14.0,0.6,0.6,0.4,-97.9,-77.5,93.1,-34.9,7.0,104.5,14.0,0.6,0.6,0.4,-119.0,-88.6,-74.2,-98.0,6.0,30.3,14.0,0.5,0.6,0.4,-68.4,-49.2,5.4,-31.1,6.0,60.5,14.0,0.5,0.6,0.4,-49.8,-35.4,-27.6,-38.4,6.0,18.7,14.0,0.5,0.6,0.4,-27.0,-16.8,-0.2,-11.4,6.0,22.2,14.0,0.5,0.6,0.4,233.5,238.5,835.0,507.5,7.0,469.5,14.0,0.6,0.6,0.4,235.0,240.0,835.0,505.0,7.0,470.0,14.0,0.6,0.6,0.4
1974,2,156.0,22.0,21.1,24.0,24.43,23.4,7.0,1.62,16.0,0.7,0.4,0.6,22.72,23.9,25.41,24.26,7.0,2.63,16.0,0.7,0.4,0.6,11.56,12.59,15.82,13.44,5.0,2.46,12.0,0.6,0.2,0.6,60.8,73.4,84.2,71.7,5.0,15.4,12.0,0.6,0.6,4.1,4.6,7.35,5.64,7.0,2.33,16.0,0.7,0.4,0.6,-4.83,-4.04,-3.42,-3.83,7.0,1.29,16.0,0.7,0.4,0.6,-3.89,-1.74,1.14,-0.3,7.0,4.87,16.0,0.7,0.4,0.6,1014.83,1017.3,1019.1,1017.01,7.0,3.04,16.0,0.7,0.4,0.6,2.0,3.0,5.0,3.3,7.0,1.7,16.0,0.7,0.4,0.6,-36.4,-16.6,-15.7,-22.2,7.0,12.1,16.0,0.7,0.4,0.6,-16.6,-8.9,7.5,4.8,7.0,43.6,16.0,0.7,0.4,0.6,-2.88,-1.2,1.68,-0.86,7.0,2.76,16.0,0.7,0.4,0.6,-12.9,-11.5,11.7,-4.3,7.0,14.0,16.0,0.7,0.4,0.6,2.58,6.37,7.93,5.47,5.0,2.85,12.0,0.6,0.2,0.6,17.7,38.4,41.6,31.3,5.0,14.2,12.0,0.6,0.2,0.6,-126.5,-96.5,-72.4,-93.7,7.0,35.2,16.0,0.7,0.4,0.6,-90.9,-51.5,27.9,-4.5,7.0,119.5,16.0,0.7,0.4,0.6,-62.3,-58.1,-31.5,-48.9,5.0,19.2,12.0,0.6,0.2,0.6,-58.6,-31.2,45.0,-2.0,5.0,92.1,12.0,0.6,0.2,0.6,-35.7,-29.4,-6.0,-22.5,5.0,15.7,12.0,0.6,0.2,0.6,-26.5,-13.4,0.1,-11.8,5.0,19.2,12.0,0.6,0.2,0.6,69.0,97.5,407.5,272.0,7.0,378.0,16.0,0.7,0.4,0.6,70.0,95.0,410.0,270.0,7.0,380.0,16.0,0.7,0.4,0.6
1974,2,156.0,23.0,22.71,23.5,24.73,23.8,5.0,1.71,20.0,1.0,0.6,0.4,22.07,24.5,24.9,23.6,7.0,2.09,18.0,0.9,0.5,0.5,11.89,15.4,18.25,14.61,7.0,3.79,18.0,0.9,0.5,0.5,67.1,80.4,92.5,78.9,7.0,13.2,18.0,0.9,0.5,3.02,5.1,8.35,6.0,7.0,3.4,18.0,0.9,0.5,0.5,-4.26,1.48,4.1,-0.68,7.0,5.45,18.0,0.9,0.5,0.5,-3.34,0.0,7.1,1.26,7.0,4.62,18.0,0.9,0.5,0.5,1008.0,1012.0,1018.46,1012.49,7.0,5.74,18.0,0.9,0.5,0.5,1.0,3.0,7.0,4.1,7.0,3.1,18.0,0.9,0.5,0.5,-25.1,2.2,33.6,-11.0,7.0,55.0,18.0,0.9,0.5,0.5,-16.9,0.0,58.2,12.4,7.0,32.9,18.0,0.9,0.5,0.5,-1.44,-1.3,0.84,-0.38,5.0,1.62,20.0,1.0,0.6,0.4,-11.0,-6.9,1.3,-5.1,5.0,6.6,20.0,1.0,0.6,0.4,-0.04,2.13,6.16,3.12,5.0,3.85,20.0,1.0,0.6,0.4,-0.3,9.8,27.1,14.6,5.0,20.9,20.0,1.0,0.6,0.4,-84.2,36.0,102.1,-9.6,7.0,123.9,18.0,0.9,0.5,0.5,-65.9,0.0,176.8,34.2,7.0,112.0,18.0,0.9,0.5,0.5,-36.6,19.1,74.8,2.2,7.0,73.1,18.0,0.9,0.5,0.5,-28.6,0.0,129.6,29.4,7.0,76.7,18.0,0.9,0.5,0.5,-19.4,-0.5,4.9,-7.8,5.0,24.5,20.0,1.0,0.6,0.4,-5.0,-0.8,0.0,-2.6,5.0,4.1,20.0,1.0,0.6,0.4,28.5,132.5,594.0,401.5,7.0,515.0,18.0,0.9,0.5,0.5,30.0,135.0,595.0,400.0,7.0,515.0,18.0,0.9,0.5,0.5
1974,2,156.0,24.0,23.47,23.85,24.23,23.85,2.0,0.78,2.0,1.0,0.1,0.8,20.48,21.05,23.21,21.62,6.0,1.54,4.0,0.7,0.4,0.7,9.41,10.57,11.53,10.51,5.0,1.16,4.0,0.6,0.3,0.7,60.2,63.3,76.7,67.9,5.0,9.9,4.0,0.6,0.7,3.0,4.6,8.98,6.08,6.0,4.23,4.0,0.7,0.4,0.7,-2.77,1.05,5.02,0.97,6.0,4.49,4.0,0.7,0.4,0.7,-6.62,-0.87,1.52,-2.68,6.0,5.7,4.0,0.7,0.4,0.7,1014.13,1014.5,1015.58,1014.9,5.0,1.26,4.0,0.6,0.3,0.7,0.8,4.5,6.4,4.0,6.0,3.0,4.0,0.7,0.4,0.7,-18.5,5.5,28.8,1.4,6.0,38.4,4.0,0.7,0.4,0.7,-67.7,-4.4,4.2,-36.3,6.0,73.0,4.0,0.7,0.4,0.7,2.8,3.0,3.2,3.0,2.0,0.42,2.0,1.0,0.1,0.8,24.8,33.3,41.9,33.3,2.0,17.7,2.0,1.0,0.1,0.8,8.54,9.06,9.59,9.06,2.0,1.09,2.0,1.0,0.1,0.8,75.4,100.3,125.1,100.3,2.0,51.5,2.0,1.0,0.1,0.8,-58.2,25.0,103.2,20.4,6.0,95.4,4.0,0.7,0.4,0.7,-137.8,-17.4,32.9,-55.1,6.0,120.9,4.0,0.7,0.4,0.7,-32.1,-21.1,56.6,4.7,5.0,48.3,4.0,0.6,0.3,0.7,-73.8,-20.9,18.5,-29.7,5.0,58.2,4.0,0.6,0.3,0.7,-31.6,1.1,33.7,1.1,2.0,67.6,2.0,1.0,0.1,0.8,-114.5,-84.7,-54.9,-84.7,2.0,61.8,2.0,1.0,0.1,0.8,27.5,101.0,917.0,565.0,6.0,1051.5,4.0,0.7,0.4,0.7,25.0,100.0,915.0,565.0,6.0,1050.0,4.0,0.7,0.4,0.7
1974,2,156.0,25.0,21.03,22.0,22.72,22.12,9.0,1.27,14.0,0.4,0.6,0.4,18.84,19.65,22.76,20.34,10.0,2.2,12.0,0.5,0.6,0.4,8.04,9.05,12.16,10.09,10.0,2.69,12.0,0.5,0.6,0.4,59.0,63.9,72.4,67.0,10.0,10.0,12.0,0.5,0.4,3.87,5.1,9.0,6.22,9.0,2.55,12.0,0.6,0.5,0.4,-6.92,-3.55,5.72,-1.17,9.0,5.81,12.0,0.6,0.5,0.4,-5.12,-2.44,0.48,-2.26,9.0,2.99,12.0,0.6,0.5,0.4,1013.81,1016.8,1019.26,1016.43,10.0,2.68,12.0,0.5,0.6,0.4,1.4,3.0,4.6,3.2,10.0,2.3,12.0,0.5,0.6,0.4,-52.7,-12.8,47.5,-4.1,9.0,46.2,12.0,0.6,0.5,0.4,-46.8,-8.9,2.7,-18.9,9.0,26.4,12.0,0.6,0.5,0.4,0.73,2.0,2.95,2.06,9.0,1.64,14.0,0.4,0.6,0.4,4.5,8.1,18.2,10.3,8.0,8.0,12.0,0.5,0.5,0.4,5.5,7.32,8.34,7.1,9.0,1.53,14.0,0.4,0.6,0.4,22.9,44.0,55.3,42.1,8.0,17.3,12.0,0.5,0.5,0.4,-130.6,-81.5,114.1,-21.5,9.0,119.8,12.0,0.6,0.5,0.4,-112.0,-47.4,10.9,-44.3,9.0,61.9,12.0,0.6,0.5,0.4,-61.8,-40.0,70.4,-7.0,9.0,62.3,12.0,0.6,0.5,0.4,-48.7,-19.9,8.2,-20.1,9.0,31.3,12.0,0.6,0.5,0.4,-49.3,-24.6,31.6,-14.6,8.0,37.0,12.0,0.5,0.5,0.4,-29.2,-18.2,-6.3,-18.3,8.0,18.3,12.0,0.5,0.5,0.4,60.5,132.5,736.0,348.5,9.0,327.0,12.0,0.6,0.5,0.4,60.0,135.0,735.0,350.0,9.0,325.0,12.0,0.6,0.5,0.4
1974,2,156.0,26.0,21.06,21.3,22.05,21.58,5.0,0.82,14.0,0.4,0.4,0.6,18.63,19.7,21.2,19.62,6.0,1.64,12.0,0.3,0.4,0.6,8.57,9.89,11.56,10.08,5.0,2.17,14.0,0.4,0.4,0.6,61.4,63.5,84.2,71.8,5.0,15.1,14.0,0.4,0.6,4.19,6.65,9.51,6.68,6.0,3.02,12.0,0.3,0.4,0.6,-5.4,-1.15,3.4,-1.12,6.0,5.51,12.0,0.3,0.4,0.6,-7.95,-2.08,0.46,-2.79,6.0,4.65,12.0,0.3,0.4,0.6,1015.03,1018.0,1020.63,1017.97,6.0,3.14,12.0,0.3,0.4,0.6,2.8,4.5,7.2,4.8,6.0,2.3,12.0,0.3,0.4,0.6,-35.5,-5.3,19.4,-7.2,6.0,49.5,12.0,0.3,0.4,0.6,-70.1,-14.0,2.9,-26.6,6.0,39.0,12.0,0.3,0.4,0.6,-0.01,1.7,3.79,2.04,5.0,2.57,14.0,0.4,0.4,0.6,0.5,8.7,32.7,16.5,5.0,21.2,14.0,0.4,0.4,0.6,4.13,5.84,7.59,5.9,5.0,2.81,14.0,0.4,0.4,0.6,14.2,49.0,68.3,43.7,5.0,30.1,14.0,0.4,0.4,0.6,-104.1,-23.0,72.1,-18.7,6.0,110.1,12.0,0.3,0.4,0.6,-143.9,-40.2,8.9,-52.5,6.0,89.7,12.0,0.3,0.4,0.6,-72.6,0.0,39.0,-13.2,5.0,64.8,14.0,0.4,0.4,0.6,-66.8,-33.9,-12.3,-38.7,5.0,30.4,14.0,0.4,0.4,0.6,-23.7,0.0,24.2,-0.7,5.0,32.3,14.0,0.4,0.4,0.6,-59.3,-8.5,-4.5,-29.0,5.0,34.6,14.0,0.4,0.4,0.6,81.0,342.0,864.0,449.5,6.0,438.5,12.0,0.3,0.4,0.6,80.0,340.0,865.0,450.0,6.0,440.0,12.0,0.3,0.4,0.6
1974,2,156.0,27.0,18.68,19.5,21.21,19.93,3.0,1.89,18.0,0.3,0.5,0.5,14.74,15.25,15.66,15.2,4.0,0.57,16.0,0.3,0.6,0.6,7.18,7.55,7.83,7.51,4.0,0.5,16.0,0.3,0.6,0.6,66.9,73.2,74.5,70.8,4.0,5.8,16.0,0.3,0.6,4.19,7.95,10.92,7.58,4.0,5.08,16.0,0.3,0.6,0.6,-0.99,1.66,2.49,0.79,4.0,2.5,16.0,0.3,0.6,0.6,-10.58,-3.85,3.79,-3.42,4.0,8.93,16.0,0.3,0.6,0.6,1019.19,1020.75,1021.79,1020.5,4.0,1.87,16.0,0.3,0.6,0.6,2.5,4.0,5.5,4.0,4.0,1.8,16.0,0.3,0.6,0.6,-11.6,10.6,26.0,7.4,4.0,23.8,16.0,0.3,0.6,0.6,-122.7,-31.6,29.2,-46.1,4.0,99.8,16.0,0.3,0.6,0.6,3.13,4.5,5.87,4.5,3.0,2.0,18.0,0.3,0.5,0.5,30.1,53.3,58.1,44.3,3.0,22.0,18.0,0.3,0.5,0.5,6.22,6.46,7.7,6.94,3.0,1.16,18.0,0.3,0.5,0.5,53.6,67.8,80.6,67.1,3.0,19.8,18.0,0.3,0.5,0.5,-15.9,24.7,38.4,11.9,4.0,38.7,16.0,0.3,0.6,0.6,-160.6,-59.7,59.9,-50.8,4.0,136.9,16.0,0.3,0.6,0.6,-8.3,12.6,17.9,5.1,4.0,19.1,16.0,0.3,0.6,0.6,-81.9,-31.1,26.0,-28.1,4.0,66.2,16.0,0.3,0.6,0.6,-11.1,15.0,15.7,2.6,3.0,22.4,18.0,0.3,0.5,0.5,-78.4,-63.8,9.9,-34.9,3.0,69.3,18.0,0.3,0.5,0.5,218.0,504.0,1523.0,854.0,4.0,1062.5,16.0,0.3,0.6,0.6,220.0,505.0,1525.0,855.0,4.0,1060.0,16.0,0.3,0.6,0.6
1974,2,156.0,28.0,18.75,19.0,20.1,19.22,6.0,0.94,16.0,0.7,0.4,0.4,14.82,17.0,20.0,17.58,11.0,2.66,14.0,0.6,0.4,0.5,6.4,7.72,10.72,8.72,8.0,2.96,14.0,0.5,0.4,0.5,58.1,67.2,89.0,70.9,8.0,14.6,14.0,0.5,0.5,4.39,7.7,15.85,9.07,11.0,5.18,14.0,0.6,0.4,0.5,-4.94,2.3,7.93,1.91,11.0,5.84,14.0,0.6,0.4,0.5,-7.85,1.25,5.9,-0.32,11.0,8.9,14.0,0.6,0.4,0.5,1012.17,1018.5,1021.51,1017.88,8.0,4.92,14.0,0.5,0.4,0.5,2.4,4.5,7.6,4.9,10.0,2.5,14.0,0.7,0.4,0.5,-32.3,10.6,114.0,34.7,11.0,67.5,14.0,0.6,0.4,0.5,-95.6,9.0,45.4,-15.7,11.0,138.9,14.0,0.6,0.4,0.5,-0.41,1.75,2.12,0.97,6.0,1.67,16.0,0.7,0.4,0.4,-6.8,14.2,21.0,8.5,6.0,24.0,16.0,0.7,0.4,0.4,1.96,5.16,6.45,4.27,6.0,2.98,16.0,0.7,0.4,0.4,12.4,35.4,76.4,42.5,6.0,43.9,16.0,0.7,0.4,0.4,-89.9,31.5,131.2,33.0,11.0,105.4,14.0,0.6,0.4,0.5,-114.3,21.3,107.2,9.1,11.0,151.7,14.0,0.6,0.4,0.5,-48.6,25.9,70.6,16.7,8.0,67.4,14.0,0.5,0.4,0.5,-84.5,6.8,43.2,9.3,8.0,97.3,14.0,0.5,0.4,0.5,-23.1,-13.2,44.4,4.7,6.0,39.0,16.0,0.7,0.4,0.4,-31.9,1.7,17.1,-11.2,6.0,49.0,16.0,0.7,0.4,0.4,85.5,456.5,3999.0,1497.0,11.0,2101.0,14.0,0.6,0.4,0.5,85.0,455.0,4000.0,1495.0,11.0,2100.0,14.0,0.6,0.4,0.5
1974,2,156.0,29.0,17.63,18.25,19.0,18.22,10.0,1.01,14.0,0.7,0.5,0.5,15.24,16.5,19.1,16.98,13.0,2.9,14.0,0.7,0.5,0.5,6.94,8.23,11.83,9.13,12.0,2.63,14.0,0.7,0.5,0.5,64.5,73.4,91.2,75.2,12.0,12.2,14.0,0.7,0.5,4.96,8.7,13.09,9.38,13.0,4.51,14.0,0.7,0.5,0.5,1.79,8.08,11.88,6.48,13.0,6.86,14.0,0.7,0.5,0.5,-4.57,0.0,1.98,-1.43,13.0,4.57,14.0,0.7,0.5,0.5,1008.8,1012.95,1018.14,1012.92,12.0,5.33,14.0,0.7,0.5,0.5,4.0,5.0,8.0,5.3,13.0,2.2,14.0,0.7,0.5,0.5,9.5,66.2,151.6,80.3,13.0,100.1,14.0,0.7,0.5,0.5,-56.1,0.0,11.7,-18.7,13.0,55.6,14.0,0.7,0.5,0.5,-1.37,1.0,4.6,1.25,10.0,3.63,14.0,0.7,0.5,0.5,-21.3,7.9,41.0,11.1,10.0,35.5,14.0,0.7,0.5,0.5,0.09,4.1,6.41,3.54,10.0,3.02,14.0,0.7,0.5,0.5,1.1,41.2,71.5,37.5,10.0,35.4,14.0,0.7,0.5,0.5,27.8,125.2,203.2,104.9,13.0,127.2,14.0,0.7,0.5,0.5,-60.1,0.0,38.5,-17.1,13.0,74.4,14.0,0.7,0.5,0.5,5.3,65.7,112.3,52.4,12.0,68.8,14.0,0.7,0.5,0.5,-32.3,-5.8,29.7,-6.3,12.0,38.4,14.0,0.7,0.5,0.5,1.4,34.0,65.0,34.7,10.0,33.8,14.0,0.7,0.5,0.5,-25.1,-1.4,0.0,-9.5,10.0,15.4,14.0,0.7,0.5,0.5,124.5,658.5,2257.5,1367.0,13.0,1576.0,14.0,0.7,0.5,0.5,125.0,660.0,2260.0,1365.0,13.0,1575.0,14.0,0.7,0.5,0.5
1974,2,156.0,30.0,15.43,17.75,18.91,17.33,10.0,1.54,12.0,0.6,0.2,0.3,13.59,15.5,17.0,15.25,11.0,1.85,12.0,0.6,0.2,0.4,6.41,7.58,9.49,7.72,11.0,1.73,12.0,0.6,0.2,0.4,62.6,72.0,80.4,71.4,11.0,11.1,12.0,0.6,0.4,5.45,8.2,13.11,8.98,11.0,3.72,12.0,0.6,0.2,0.4,-5.17,-3.14,6.86,0.81,11.0,6.31,12.0,0.6,0.2,0.4,-1.82,3.66,9.32,3.23,11.0,7.11,12.0,0.6,0.2,0.4,1012.06,1017.9,1021.21,1016.92,11.0,4.6,12.0,0.6,0.2,0.4,2.2,6.0,6.8,4.5,11.0,2.7,12.0,0.6,0.2,0.4,-44.7,-12.9,67.0,10.1,11.0,67.3,12.0,0.6,0.2,0.4,-9.7,20.9,94.1,36.5,11.0,93.5,12.0,0.6,0.2,0.4,-0.07,2.0,3.29,2.15,10.0,2.08,12.0,0.6,0.2,0.3,-0.7,20.1,37.2,19.3,10.0,17.9,12.0,0.6,0.2,0.3,4.11,5.03,5.75,4.85,10.0,1.6,12.0,0.6,0.2,0.3,23.5,38.4,61.6,41.6,10.0,20.7,12.0,0.6,0.2,0.3,-73.8,-47.1,101.2,8.0,11.0,95.3,12.0,0.6,0.2,0.4,-27.3,56.8,154.3,58.2,11.0,107.4,12.0,0.6,0.2,0.4,-42.0,-20.7,48.3,2.2,11.0,49.7,12.0,0.6,0.2,0.4,-12.8,24.6,83.4,31.1,11.0,58.4,12.0,0.6,0.2,0.4,-23.2,5.3,32.9,5.7,10.0,31.7,12.0,0.6,0.2,0.3,-10.9,8.7,44.2,12.5,10.0,33.7,12.0,0.6,0.2,0.3,163.5,551.5,2254.0,1080.0,11.0,1171.5,12.0,0.6,0.2,0.4,165.0,550.0,2255.0,1080.0,11.0,1170.0,12.0,0.6,0.2,0.4
1974,2,156.0,31.0,15.69,16.5,17.0,16.47,19.0,0.9,16.0,0.5,0.5,0.5,12.34,13.5,16.16,14.01,19.0,2.02,16.0,0.5,0.5,0.5,6.19,6.84,9.07,7.31,18.0,1.63,16.0,0.4,0.5,0.5,64.6,72.0,80.3,72.5,18.0,9.5,16.0,0.4,0.5,7.22,12.9,17.96,12.45,20.0,4.64,16.0,0.5,0.5,0.5,-2.38,6.59,14.35,6.18,20.0,7.09,16.0,0.5,0.5,0.5,-12.03,-1.56,9.63,-1.11,20.0,9.64,16.0,0.5,0.5,0.5,1010.99,1016.0,1020.0,1015.16,19.0,5.46,16.0,0.4,0.5,0.4,3.0,5.0,8.0,5.5,20.0,1.9,16.0,0.5,0.5,0.4,-16.6,72.1,206.7,99.0,20.0,123.5,16.0,0.5,0.5,0.5,-163.6,-8.4,94.4,-17.9,20.0,139.4,16.0,0.5,0.5,0.5,-0.01,3.3,4.43,2.47,19.0,2.11,16.0,0.5,0.5,0.5,-0.2,30.8,58.1,30.8,19.0,28.0,16.0,0.5,0.5,0.5,2.39,4.49,5.96,4.35,18.0,1.73,16.0,0.4,0.5,0.5,22.9,47.8,76.8,49.3,18.0,26.4,16.0,0.4,0.5,0.5,-40.5,86.9,160.9,76.4,19.0,91.9,16.0,0.5,0.5,0.5,-150.8,0.0,143.3,0.9,19.0,136.3,16.0,0.5,0.5,0.5,-22.5,40.8,80.7,35.9,18.0,46.2,16.0,0.4,0.5,0.5,-80.8,-11.4,69.0,-0.3,18.0,75.2,16.0,0.4,0.5,0.5,-5.0,20.7,52.6,21.2,18.0,29.4,16.0,0.4,0.5,0.5,-61.0,-5.9,20.3,-16.0,18.0,40.7,16.0,0.4,0.5,0.5,377.5,2146.5,5798.5,2672.5,20.0,2403.5,16.0,0.5,0.5,0.5,380.0,2145.0,5800.0,2670.0,20.0,2405.0,16.0,0.5,0.5,0.5
1974,2,156.0,32.0,15.5,17.0,18.5,16.84,15.0,1.55,12.0,0.3,0.4,0.5,11.77,13.5,15.09,13.54,17.0,2.39,12.0,0.4,0.4,0.5,5.71,6.65,9.31,7.23,17.0,1.55,12.0,0.4,0.4,0.5,61.9,76.0,89.6,74.7,17.0,12.1,12.0,0.4,0.5,7.7,10.3,15.4,11.93,17.0,4.34,12.0,0.4,0.4,0.5,1.89,8.29,12.47,6.67,17.0,7.4,12.0,0.4,0.4,0.5,-8.9,-4.95,3.32,-2.72,17.0,7.76,12.0,0.4,0.4,0.5,1007.78,1013.0,1017.46,1012.29,17.0,6.1,12.0,0.4,0.4,0.5,2.0,5.0,8.0,5.2,17.0,2.7,12.0,0.4,0.4,0.5,12.8,81.3,183.6,77.0,17.0,130.7,12.0,0.4,0.4,0.5,-114.6,-38.1,37.5,-22.0,17.0,132.3,12.0,0.4,0.4,0.5,0.11,3.1,5.5,3.27,15.0,3.34,12.0,0.3,0.4,0.5,1.0,36.0,82.9,40.7,15.0,48.0,12.0,0.3,0.4,0.5,3.01,5.26,6.89,4.84,15.0,2.23,12.0,0.3,0.4,0.5,21.3,43.2,101.9,57.4,15.0,38.5,12.0,0.3,0.4,0.5,25.0,108.3,167.3,83.8,17.0,103.6,12.0,0.4,0.4,0.5,-108.9,-56.9,49.1,-26.2,17.0,106.7,12.0,0.4,0.4,0.5,10.9,56.8,81.1,39.9,17.0,58.7,12.0,0.4,0.4,0.5,-60.5,-32.8,26.4,-12.7,17.0,64.3,12.0,0.4,0.4,0.5,14.7,37.3,74.7,46.5,15.0,33.4,12.0,0.3,0.4,0.5,-37.9,-15.8,0.0,-20.2,15.0,33.7,12.0,0.3,0.4,0.5,456.5,1092.5,3652.5,2386.5,17.0,2756.5,12.0,0.4,0.4,0.5,455.0,1095.0,3650.0,2385.0,17.0,2755.0,12.0,0.4,0.4,0.5
1974,2,156.0,33.0,15.58,16.5,18.0,16.62,25.0,1.65,14.0,0.6,0.4,0.4,11.22,14.0,16.28,13.71,29.0,2.42,14.0,0.6,0.4,0.4,5.46,7.1,9.14,7.35,24.0,1.58,14.0,0.6,0.4,0.4,66.0,77.8,83.5,75.6,24.0,10.1,14.0,0.6,0.4,7.42,12.9,16.85,12.53,29.0,4.64,14.0,0.6,0.4,0.4,-4.1,3.98,14.36,5.5,29.0,8.23,14.0,0.6,0.4,0.4,-10.42,-2.3,11.17,-0.39,29.0,9.22,14.0,0.6,0.4,0.4,1003.89,1010.5,1018.82,1011.39,29.0,7.28,14.0,0.6,0.4,0.4,3.0,6.0,8.0,5.3,27.0,2.5,14.0,0.6,0.4,0.4,-44.9,38.1,241.1,89.4,29.0,139.3,14.0,0.6,0.4,0.4,-115.9,-10.6,150.3,1.7,29.0,138.1,14.0,0.6,0.4,0.4,-0.04,3.2,6.26,3.11,25.0,3.03,14.0,0.6,0.4,0.4,-0.6,34.8,87.8,39.6,25.0,45.2,14.0,0.6,0.4,0.4,2.25,4.34,6.9,4.42,23.0,2.3,14.0,0.6,0.4,0.4,30.6,59.0,88.4,59.2,23.0,35.1,14.0,0.6,0.4,0.4,-62.1,57.6,187.3,71.1,29.0,108.7,14.0,0.6,0.4,0.4,-132.6,-22.5,182.8,9.0,29.0,132.6,14.0,0.6,0.4,0.4,-29.3,49.3,105.2,44.9,24.0,59.2,14.0,0.6,0.4,0.4,-66.5,-7.7,89.7,6.8,24.0,74.1,14.0,0.6,0.4,0.4,-9.0,31.5,83.2,34.5,23.0,45.9,14.0,0.6,0.4,0.4,-45.5,0.0,24.0,-12.7,23.0,37.1,14.0,0.6,0.4,0.4,410.0,2146.5,4865.0,2747.0,29.0,2589.5,14.0,0.6,0.4,0.4,410.0,2145.0,4865.0,2745.0,29.0,2590.0,14.0,0.6,0.4,0.4
1974,2,156.0,34.0,12.4,14.6,16.49,14.54,8.0,2.13,16.0,0.4,0.4,0.6,11.0,11.6,12.0,11.78,8.0,1.96,16.0,0.4,0.4,0.6,4.88,6.04,7.79,6.21,7.0,2.0,16.0,0.4,0.4,0.6,68.3,71.9,82.7,71.3,7.0,16.4,16.0,0.4,0.6,5.1,10.3,15.18,10.21,8.0,5.36,16.0,0.4,0.4,0.6,0.36,5.37,14.11,6.55,8.0,7.57,16.0,0.4,0.4,0.6,-5.12,-1.92,5.81,0.39,8.0,6.43,16.0,0.4,0.4,0.6,999.6,1013.8,1017.71,1010.99,8.0,9.69,16.0,0.4,0.4,0.6,2.0,6.0,8.0,5.6,7.0,2.7,16.0,0.4,0.3,0.5,1.8,53.2,214.1,96.4,8.0,124.2,16.0,0.4,0.4,0.6,-78.4,-11.4,43.3,-2.1,8.0,79.2,16.0,0.4,0.4,0.6,0.64,2.75,4.26,2.76,8.0,2.41,16.0,0.4,0.4,0.6,3.9,14.6,62.8,28.8,8.0,34.7,16.0,0.4,0.4,0.6,2.53,3.62,5.65,3.99,7.0,1.65,16.0,0.4,0.4,0.6,21.3,28.5,44.9,36.5,7.0,24.4,16.0,0.4,0.4,0.6,4.2,74.5,166.3,76.1,8.0,84.7,16.0,0.4,0.4,0.6,-56.6,-21.5,64.2,12.5,8.0,85.9,16.0,0.4,0.4,0.6,-1.5,31.1,65.3,34.7,7.0,44.4,16.0,0.4,0.4,0.6,-24.0,-5.5,40.5,11.9,7.0,49.4,16.0,0.4,0.4,0.6,-0.9,14.0,43.8,20.3,7.0,30.2,16.0,0.4,0.4,0.6,-18.0,-1.8,28.7,1.9,7.0,27.4,16.0,0.4,0.4,0.6,132.5,1301.5,3514.0,1853.5,8.0,2088.0,16.0,0.4,0.4,0.6,135.0,1300.0,3515.0,1855.0,8.0,2090.0,16.0,0.4,0.4,0.6
1974,2,156.0,35.0,12.75,15.0,16.19,14.85,13.0,2.13,16.0,0.7,0.4,0.4,8.44,12.1,13.92,11.7,16.0,2.63,14.0,0.7,0.4,0.4,4.69,6.71,8.71,6.57,14.0,1.81,16.0,0.7,0.4,0.4,62.6,76.0,88.5,75.3,14.0,12.7,16.0,0.7,0.4,11.49,14.15,18.0,15.04,16.0,3.75,14.0,0.7,0.4,0.4,-2.39,11.37,16.19,8.86,16.0,8.95,14.0,0.7,0.4,0.4,-10.75,-1.96,9.28,-0.51,16.0,9.56,14.0,0.7,0.4,0.4,1005.63,1010.0,1016.39,1010.63,15.0,5.67,16.0,0.7,0.4,0.4,3.4,6.5,8.0,5.6,16.0,2.4,14.0,0.7,0.4,0.4,-27.1,137.4,307.2,149.0,16.0,168.6,14.0,0.7,0.4,0.4,-169.1,-22.3,118.4,-16.8,16.0,154.0,14.0,0.7,0.4,0.4,0.18,3.0,6.05,3.07,13.0,3.05,16.0,0.7,0.4,0.4,2.0,54.0,94.7,50.5,13.0,52.1,16.0,0.7,0.4,0.4,1.22,3.5,7.1,3.99,13.0,2.58,16.0,0.7,0.4,0.4,16.7,63.1,91.2,62.6,13.0,46.5,16.0,0.7,0.4,0.4,-31.1,125.7,198.6,99.2,16.0,102.4,14.0,0.7,0.4,0.4,-92.0,-24.3,119.5,5.7,16.0,108.5,14.0,0.7,0.4,0.4,1.5,71.5,94.4,55.1,14.0,49.5,16.0,0.7,0.4,0.4,-59.0,-14.1,72.4,2.6,14.0,66.3,16.0,0.7,0.4,0.4,2.7,40.6,87.7,48.4,13.0,49.7,16.0,0.7,0.4,0.4,-57.0,-0.6,29.2,-7.5,13.0,36.6,16.0,0.7,0.4,0.4,1519.0,2857.0,5832.0,4029.5,16.0,3138.0,14.0,0.7,0.4,0.4,1520.0,2855.0,5830.0,4030.0,16.0,3140.0,14.0,0.7,0.4,0.4
1974,2,156.0,36.0,14.0,15.0,16.78,15.07,17.0,1.78,14.0,0.5,0.5,0.4,8.0,10.0,15.6,11.15,19.0,3.36,14.0,0.5,0.5,0.4,5.36,6.27,8.53,6.8,17.0,1.74,14.0,0.5,0.5,0.4,70.0,78.1,90.4,80.1,17.0,9.8,14.0,0.5,0.4,9.5,14.4,19.67,14.64,19.0,5.81,14.0,0.5,0.5,0.4,0.0,5.9,18.95,8.27,19.0,9.3,14.0,0.5,0.5,0.4,-10.64,0.0,13.36,0.3,19.0,10.05,14.0,0.5,0.5,0.4,998.41,1010.8,1018.01,1007.46,19.0,9.78,14.0,0.5,0.5,0.4,4.0,7.0,8.0,6.3,17.0,2.1,14.0,0.5,0.5,0.4,0.0,70.9,378.5,161.6,19.0,218.6,14.0,0.5,0.5,0.4,-132.4,0.0,194.9,-0.8,19.0,148.2,14.0,0.5,0.5,0.4,-1.2,3.0,9.0,3.94,17.0,4.35,14.0,0.5,0.5,0.4,-12.9,41.8,135.9,57.5,17.0,67.6,14.0,0.5,0.5,0.4,1.62,3.31,6.58,3.92,16.0,2.45,14.0,0.5,0.5,0.4,14.9,41.7,92.0,55.2,16.0,43.5,14.0,0.5,0.5,0.4,0.0,86.4,161.3,82.5,19.0,94.4,14.0,0.5,0.5,0.4,-96.7,0.0,173.1,24.2,19.0,122.7,14.0,0.5,0.5,0.4,0.0,46.9,91.2,48.5,17.0,52.9,14.0,0.5,0.5,0.4,-57.9,0.0,113.0,17.1,17.0,75.7,14.0,0.5,0.5,0.4,0.0,10.3,75.8,33.1,16.0,46.8,14.0,0.5,0.5,0.4,-42.1,-3.7,20.3,-12.1,16.0,40.4,14.0,0.5,0.5,0.4,871.5,2986.0,7614.5,4579.5,19.0,4982.5,14.0,0.5,0.5,0.4,870.0,2985.0,7615.0,4580.0,19.0,4980.0,14.0,0.5,0.5,0.4
1974,2,156.0,37.0,11.14,12.6,14.29,12.97,10.0,2.14,12.0,0.6,0.5,0.5,5.0,6.0,11.74,7.58,13.0,3.63,12.0,0.7,0.5,0.4,4.07,4.36,6.4,5.26,11.0,1.8,12.0,0.6,0.5,0.4,68.9,75.5,91.4,80.3,11.0,10.5,12.0,0.6,0.4,9.0,12.9,18.59,13.48,13.0,6.45,12.0,0.7,0.5,0.4,0.0,9.26,14.64,9.2,13.0,8.28,12.0,0.7,0.5,0.4,-11.08,-4.41,6.4,-3.29,13.0,8.15,12.0,0.7,0.5,0.4,999.21,1009.8,1015.15,1006.46,13.0,11.12,12.0,0.7,0.5,0.4,5.7,7.0,8.0,6.8,12.0,1.5,12.0,0.8,0.6,0.4,0.0,133.3,277.1,170.6,13.0,197.1,12.0,0.7,0.5,0.4,-163.6,-56.9,51.9,-45.1,13.0,128.5,12.0,0.7,0.5,0.4,2.21,6.3,8.29,5.79,10.0,4.16,12.0,0.6,0.5,0.5,22.7,102.8,135.6,88.1,10.0,61.4,12.0,0.6,0.5,0.5,1.71,4.5,5.71,4.05,10.0,2.34,12.0,0.6,0.5,0.5,20.0,59.0,95.8,59.0,10.0,37.6,12.0,0.6,0.5,0.5,0.0,54.6,104.2,56.7,13.0,56.3,12.0,0.7,0.5,0.4,-62.5,-30.0,53.8,-5.6,13.0,72.6,12.0,0.7,0.5,0.4,0.0,43.0,84.5,43.5,11.0,49.2,12.0,0.6,0.5,0.4,-41.7,-23.7,24.7,-12.7,11.0,36.9,12.0,0.6,0.5,0.4,0.0,55.4,73.0,43.0,10.0,37.7,12.0,0.6,0.5,0.5,-54.7,-18.4,0.2,-26.5,10.0,31.9,12.0,0.6,0.5,0.5,750.0,2146.5,6629.5,4071.0,13.0,4997.5,12.0,0.7,0.5,0.4,750.0,2145.0,6630.0,4070.0,13.0,5000.0,12.0,0.7,0.5,0.4
1974,2,156.0,38.0,11.01,12.0,13.0,12.46,8.0,2.05,12.0,0.3,0.3,0.5,4.49,8.0,10.5,8.08,8.0,3.65,12.0,0.3,0.3,0.5,3.66,6.01,7.83,5.88,8.0,2.03,12.0,0.3,0.3,0.5,69.8,82.5,96.4,83.9,8.0,12.5,12.0,0.3,0.5,6.65,13.6,17.44,12.93,8.0,6.09,12.0,0.3,0.3,0.5,-11.14,-0.35,5.76,-2.4,8.0,9.33,12.0,0.3,0.3,0.5,-6.41,-0.62,15.89,3.02,8.0,11.13,12.0,0.3,0.3,0.5,999.23,1007.4,1014.56,1007.49,8.0,7.03,12.0,0.3,0.3,0.5,7.0,8.0,8.0,7.4,7.0,0.8,12.0,0.3,0.3,0.5,-134.8,6.3,76.8,-50.3,8.0,165.7,12.0,0.3,0.3,0.5,-63.9,-2.2,267.4,57.2,8.0,187.0,12.0,0.3,0.3,0.5,0.51,3.85,8.42,4.39,8.0,4.59,12.0,0.3,0.3,0.5,4.1,29.3,123.1,54.3,8.0,70.2,12.0,0.3,0.3,0.5,0.57,2.91,5.57,3.2,8.0,2.73,12.0,0.3,0.3,0.5,8.8,27.6,81.8,40.0,8.0,38.5,12.0,0.3,0.3,0.5,-69.4,-7.4,34.0,-9.0,8.0,58.6,12.0,0.3,0.3,0.5,-28.6,-6.5,159.7,54.9,8.0,109.1,12.0,0.3,0.3,0.5,-55.2,-6.1,27.2,-11.3,8.0,45.4,12.0,0.3,0.3,0.5,-22.8,-4.8,116.8,33.9,8.0,74.3,12.0,0.3,0.3,0.5,-76.9,-0.2,20.8,-14.7,8.0,48.3,12.0,0.3,0.3,0.5,-30.5,-0.3,11.8,-9.1,8.0,25.3,12.0,0.3,0.3,0.5,333.0,2647.5,5310.0,3378.0,8.0,3389.5,12.0,0.3,0.3,0.5,335.0,2650.0,5310.0,3380.0,8.0,3390.0,12.0,0.3,0.3,0.5
1974,2,156.0,39.0,9.11,11.75,13.76,11.45,4.0,2.75,14.0,0.8,0.5,0.2,5.4,6.35,13.0,8.2,6.0,3.76,12.0,0.8,0.4,0.3,3.91,4.37,6.95,5.38,4.0,2.64,12.0,1.0,0.5,0.3,71.7,78.2,86.3,79.4,5.0,12.7,12.0,0.8,0.3,6.6,12.85,23.67,14.83,6.0,9.27,12.0,0.8,0.4,0.3,-4.7,0.01,7.63,2.64,6.0,11.34,12.0,0.8,0.4,0.3,-5.46,6.95,18.66,7.12,6.0,12.34,12.0,0.8,0.4,0.3,1001.37,1012.0,1015.79,1008.06,5.0,12.89,12.0,1.0,0.4,0.3,6.9,8.0,8.0,7.4,5.0,1.3,12.0,0.8,0.5,0.3,-65.4,1.6,182.9,96.8,6.0,285.4,12.0,0.8,0.4,0.3,-34.4,159.5,410.5,189.4,6.0,241.5,12.0,0.8,0.4,0.3,1.29,3.05,6.07,3.65,4.0,2.99,14.0,0.8,0.5,0.2,28.3,39.6,47.5,38.0,4.0,12.1,14.0,0.8,0.5,0.2,1.46,3.25,4.59,3.03,3.0,2.3,14.0,1.0,0.5,0.1,17.6,25.0,31.8,24.7,3.0,10.4,14.0,1.0,0.5,0.1,-44.1,2.3,65.6,18.9,6.0,78.2,12.0,0.8,0.4,0.3,-28.5,46.6,242.6,91.9,6.0,139.1,12.0,0.8,0.4,0.3,-35.1,-22.3,2.5,-16.6,4.0,23.8,12.0,1.0,0.5,0.3,-22.2,-9.4,108.4,40.7,4.0,111.3,12.0,1.0,0.5,0.3,-17.9,-2.5,11.2,-3.3,3.0,21.3,14.0,1.0,0.5,0.1,-20.7,0.0,9.6,-5.4,3.0,22.6,14.0,1.0,0.5,0.1,288.0,3144.5,13596.0,6642.5,6.0,8538.0,12.0,0.8,0.4,0.3,290.0,3145.0,13595.0,6645.0,6.0,8540.0,12.0,0.8,0.4,0.3
1974,2,156.0,40.0,7.59,11.35,12.41,10.45,6.0,2.92,14.0,0.5,0.2,0.6,3.95,6.5,8.07,6.0,7.0,2.4,14.0,0.6,0.2,0.7,4.05,5.45,5.9,5.04,5.0,1.05,14.0,0.4,0.2,0.6,79.3,86.8,94.5,86.8,5.0,8.3,14.0,0.4,0.6,6.08,14.4,22.22,14.77,7.0,8.19,14.0,0.6,0.2,0.7,-6.5,0.63,9.27,1.8,7.0,12.87,14.0,0.6,0.2,0.7,-3.72,7.22,14.7,5.97,7.0,10.52,14.0,0.6,0.2,0.7,991.75,1010.6,1025.22,1007.28,6.0,21.19,14.0,0.5,0.2,0.6,6.0,7.0,8.0,7.0,5.0,1.0,14.0,0.6,0.3,0.8,-54.4,2.3,184.3,48.7,7.0,281.8,14.0,0.6,0.2,0.7,-16.4,152.3,312.4,145.1,7.0,195.6,14.0,0.6,0.2,0.7,1.79,2.6,7.81,4.12,6.0,3.3,14.0,0.5,0.2,0.6,12.3,38.9,114.9,61.0,6.0,63.2,14.0,0.5,0.2,0.6,1.21,2.82,4.59,2.89,5.0,1.81,14.0,0.4,0.2,0.6,9.7,57.5,72.5,45.9,5.0,37.2,14.0,0.4,0.2,0.6,-60.3,2.5,50.9,-7.3,7.0,79.9,14.0,0.6,0.2,0.7,-20.2,49.4,102.4,41.0,7.0,62.6,14.0,0.6,0.2,0.7,-39.4,2.7,36.3,-5.7,5.0,60.3,14.0,0.4,0.2,0.6,-19.2,39.3,99.0,41.4,5.0,64.4,14.0,0.4,0.2,0.6,-20.4,0.9,36.7,4.3,5.0,38.8,14.0,0.4,0.2,0.6,-16.7,12.4,45.5,16.0,5.0,46.5,14.0,0.4,0.2,0.6,229.0,2986.0,10998.0,5710.0,7.0,5981.5,14.0,0.6,0.2,0.7,230.0,2985.0,11000.0,5710.0,7.0,5980.0,14.0,0.6,0.2,0.7
1974,2,156.0,41.0,5.49,7.5,11.02,8.18,12.0,3.71,16.0,0.6,0.6,0.4,1.75,5.0,10.01,5.58,12.0,4.06,16.0,0.6,0.6,0.4,3.24,3.82,6.8,4.78,10.0,1.9,14.0,0.5,0.7,0.4,70.3,84.1,94.8,84.5,11.0,11.6,16.0,0.5,0.4,10.42,13.65,16.75,13.64,12.0,4.3,16.0,0.6,0.6,0.4,0.72,7.13,13.23,6.73,12.0,6.92,16.0,0.6,0.6,0.4,-10.58,-1.25,12.35,0.75,12.0,11.12,16.0,0.6,0.6,0.4,1000.76,1003.9,1015.8,1006.67,11.0,7.11,16.0,0.5,0.6,0.4,6.0,8.0,8.0,7.2,11.0,1.0,16.0,0.5,0.6,0.4,2.6,98.9,182.4,104.4,12.0,122.6,16.0,0.6,0.6,0.4,-148.1,-8.1,222.7,14.1,12.0,175.1,16.0,0.6,0.6,0.4,-2.14,4.35,6.88,2.6,12.0,4.78,16.0,0.6,0.6,0.4,-27.9,47.0,93.4,37.3,12.0,64.6,16.0,0.6,0.6,0.4,-0.88,1.99,3.52,1.68,10.0,2.65,14.0,0.5,0.7,0.4,-9.6,24.6,53.0,25.2,10.0,36.5,14.0,0.5,0.7,0.4,-4.2,18.9,58.0,33.7,12.0,65.8,16.0,0.6,0.6,0.4,-18.2,-3.5,128.4,41.3,12.0,69.7,16.0,0.6,0.6,0.4,-4.0,31.0,41.5,22.1,10.0,26.4,14.0,0.5,0.7,0.4,-37.4,-4.8,87.5,17.4,10.0,61.2,14.0,0.5,0.7,0.4,-3.4,13.1,41.9,21.4,10.0,29.1,14.0,0.5,0.7,0.4,-36.8,-12.9,-3.1,-17.6,10.0,18.4,14.0,0.5,0.7,0.4,1144.0,2566.5,4712.5,3206.0,12.0,2529.5,16.0,0.6,0.6,0.4,1145.0,2565.0,4715.0,3205.0,12.0,2530.0,16.0,0.6,0.6,0.4
1974,2,156.0,42.0,4.9,6.0,7.0,5.73,13.0,1.34,16.0,0.6,0.3,0.5,1.0,3.0,7.1,3.63,13.0,2.83,16.0,0.6,0.3,0.5,2.97,4.28,5.96,4.29,12.0,1.44,16.0,0.7,0.3,0.5,67.1,88.4,93.3,82.2,12.0,16.0,16.0,0.7,0.5,4.97,7.5,18.38,10.28,12.0,6.52,16.0,0.7,0.3,0.5,-0.37,3.59,18.18,6.96,12.0,9.7,16.0,0.7,0.3,0.5,-3.34,-2.65,2.14,-0.95,12.0,3.15,16.0,0.7,0.3,0.5,996.01,1008.0,1016.54,1003.88,13.0,16.06,16.0,0.6,0.3,0.5,4.7,6.5,8.0,6.4,12.0,1.5,14.0,0.6,0.3,0.4,-2.1,18.3,334.6,120.0,12.0,181.3,16.0,0.7,0.3,0.5,-32.5,-13.5,16.5,-10.2,12.0,25.6,16.0,0.7,0.3,0.5,-0.74,3.0,4.57,2.1,13.0,2.94,16.0,0.6,0.3,0.5,-7.8,17.8,50.9,19.3,12.0,39.7,16.0,0.7,0.3,0.5,-0.26,1.68,2.8,1.48,12.0,1.32,16.0,0.7,0.3,0.5,-3.1,12.2,28.2,13.2,11.0,15.9,18.0,0.7,0.3,0.5,-5.0,7.6,85.6,25.2,12.0,58.6,16.0,0.7,0.3,0.5,-8.1,-1.3,12.6,1.4,12.0,17.3,16.0,0.7,0.3,0.5,-5.0,8.9,98.8,30.0,11.0,54.3,18.0,0.7,0.3,0.5,-11.3,-7.4,13.2,-0.3,11.0,15.6,18.0,0.7,0.3,0.5,-3.3,8.1,28.2,11.1,11.0,16.4,18.0,0.7,0.3,0.5,-8.7,-4.5,0.5,-3.6,11.0,5.2,18.0,0.7,0.3,0.5,123.5,495.0,6234.5,2449.0,12.0,3481.5,16.0,0.7,0.3,0.5,125.0,495.0,6235.0,2450.0,12.0,3480.0,16.0,0.7,0.3,0.5
1974,2,156.0,43.0,1.83,4.0,5.0,3.87,15.0,1.86,16.0,0.7,0.4,0.6,0.0,2.25,4.0,1.94,16.0,2.27,16.0,0.7,0.5,0.5,2.94,3.51,3.75,3.38,11.0,0.57,18.0,0.6,0.5,0.6,74.1,82.7,90.1,82.7,13.0,8.7,16.0,0.7,0.5,4.71,10.3,15.07,9.87,15.0,5.57,16.0,0.7,0.5,0.6,-1.22,4.79,12.56,5.35,15.0,6.8,16.0,0.7,0.5,0.6,-9.43,-3.86,1.74,-4.11,15.0,6.36,16.0,0.7,0.5,0.6,1006.53,1012.45,1014.5,1008.9,14.0,10.9,18.0,0.6,0.4,0.6,4.8,7.0,8.0,6.4,13.0,2.0,18.0,0.7,0.5,0.5,-5.6,36.3,166.6,76.2,15.0,96.4,16.0,0.7,0.5,0.6,-99.3,-19.9,20.2,-58.4,15.0,108.8,16.0,0.7,0.5,0.6,-2.17,3.0,5.0,2.07,15.0,3.73,16.0,0.7,0.4,0.6,-19.1,14.0,56.2,21.0,14.0,44.9,16.0,0.7,0.4,0.6,1.28,1.88,2.35,1.83,10.0,0.94,18.0,0.6,0.5,0.6,6.7,22.0,31.7,20.2,10.0,14.8,18.0,0.6,0.5,0.6,0.0,2.6,41.7,11.4,15.0,25.2,16.0,0.7,0.5,0.6,-16.6,0.0,12.5,-3.7,15.0,18.2,16.0,0.7,0.5,0.6,-2.1,16.8,42.5,14.9,11.0,24.8,18.0,0.6,0.5,0.6,-29.2,-6.5,3.0,-13.2,11.0,22.1,18.0,0.6,0.5,0.6,0.2,11.5,19.5,10.4,10.0,10.4,18.0,0.6,0.5,0.6,-28.7,-6.0,2.5,-11.0,10.0,17.6,18.0,0.6,0.5,0.6,105.0,1092.5,3438.0,1833.5,15.0,2358.0,16.0,0.7,0.5,0.6,105.0,1095.0,3440.0,1835.0,15.0,2360.0,16.0,0.7,0.5,0.6
1974,2,156.0,44.0,1.71,2.4,2.79,2.25,10.0,0.62,20.0,0.2,0.5,0.2,-1.63,1.75,3.85,1.49,12.0,2.53,20.0,0.3,0.5,0.2,2.82,3.32,4.58,3.48,8.0,1.0,20.0,0.3,0.6,0.2,70.3,82.0,99.4,80.5,8.0,19.3,20.0,0.3,0.2,4.21,8.2,12.2,8.63,11.0,4.97,20.0,0.3,0.5,0.2,0.0,2.8,9.1,4.62,11.0,5.28,20.0,0.3,0.5,0.2,-6.28,-2.59,3.27,-2.47,11.0,6.97,20.0,0.3,0.5,0.2,1005.47,1011.5,1016.0,1010.97,11.0,4.87,20.0,0.3,0.5,0.2,2.8,6.0,8.0,5.7,11.0,2.9,20.0,0.2,0.5,0.2,0.0,23.0,85.6,48.8,11.0,67.8,20.0,0.3,0.5,0.2,-51.5,-25.9,14.2,-44.3,11.0,110.1,20.0,0.3,0.5,0.2,-2.03,0.0,3.3,0.36,10.0,3.0,20.0,0.2,0.5,0.2,-8.6,0.0,28.9,10.7,9.0,29.7,20.0,0.2,0.6,0.2,-0.1,1.26,1.71,0.98,8.0,1.12,20.0,0.3,0.6,0.2,-1.1,10.7,20.5,9.8,8.0,11.2,20.0,0.3,0.6,0.2,-9.5,0.0,10.2,0.3,11.0,14.2,20.0,0.3,0.5,0.2,-1.8,5.2,27.6,9.6,11.0,15.2,20.0,0.3,0.5,0.2,0.6,13.4,25.8,13.9,8.0,18.7,20.0,0.3,0.6,0.2,-14.0,-7.6,23.0,-0.1,8.0,20.1,20.0,0.3,0.6,0.2,0.3,7.0,19.9,9.3,8.0,9.7,20.0,0.3,0.6,0.2,-9.1,-4.4,-1.6,-4.9,8.0,3.9,20.0,0.3,0.6,0.2,112.5,551.5,2007.5,1293.5,11.0,2059.5,20.0,0.3,0.5,0.2,115.0,550.0,2010.0,1295.0,11.0,2060.0,20.0,0.3,0.5,0.2
1974,2,156.0,45.0,2.17,2.75,4.0,2.83,12.0,1.01,10.0,0.6,0.4,0.6,-1.13,-0.5,2.0,0.38,12.0,2.36,10.0,0.6,0.4,0.6,2.86,3.05,3.98,3.45,11.0,0.78,12.0,0.5,0.4,0.6,80.2,86.4,100.0,88.1,11.0,11.0,12.0,0.5,0.6,4.47,9.65,19.82,11.38,12.0,7.1,10.0,0.6,0.4,0.6,-4.38,0.62,13.85,3.56,12.0,11.73,10.0,0.6,0.4,0.6,-8.94,-1.69,4.14,-1.99,12.0,5.98,10.0,0.6,0.4,0.6,988.25,1009.7,1016.16,1005.33,12.0,13.12,10.0,0.6,0.4,0.6,2.0,5.0,7.7,4.9,9.0,2.8,12.0,0.6,0.4,0.6,-27.2,2.2,230.1,80.0,12.0,250.4,10.0,0.6,0.4,0.6,-83.8,-6.1,98.6,-5.7,12.0,77.8,10.0,0.6,0.4,0.6,0.85,3.5,4.13,2.45,12.0,2.69,10.0,0.6,0.4,0.6,4.1,32.8,55.7,32.8,12.0,31.0,10.0,0.6,0.4,0.6,0.96,1.17,1.85,1.24,11.0,0.86,12.0,0.5,0.4,0.6,5.6,15.4,24.8,15.3,11.0,12.5,12.0,0.5,0.4,0.6,-23.5,-3.9,2.1,-7.6,12.0,14.6,10.0,0.6,0.4,0.6,-4.6,0.0,12.8,2.9,12.0,11.6,10.0,0.6,0.4,0.6,-11.6,3.7,46.0,11.2,11.0,43.0,12.0,0.5,0.4,0.6,-28.6,0.0,17.3,-2.9,11.0,21.0,12.0,0.5,0.4,0.6,-2.8,2.2,23.9,8.6,11.0,16.3,12.0,0.5,0.4,0.6,-10.4,-3.5,4.8,-3.0,11.0,7.4,12.0,0.5,0.4,0.6,90.0,911.0,8106.5,3305.5,12.0,5162.0,10.0,0.6,0.4,0.6,90.0,910.0,8105.0,3305.0,12.0,5160.0,10.0,0.6,0.4,0.6
1974,2,156.0,46.0,0.74,1.05,3.0,1.54,16.0,1.86,12.0,0.5,0.3,0.6,-2.41,0.0,1.47,-0.11,14.0,1.96,12.0,0.5,0.3,0.6,2.93,3.6,3.82,3.43,9.0,0.49,12.0,0.7,0.4,0.6,83.3,87.2,93.0,87.8,10.0,6.4,12.0,0.6,0.5,8.39,12.05,16.58,12.27,16.0,3.88,12.0,0.5,0.3,0.6,-11.25,6.78,12.75,3.05,16.0,10.74,12.0,0.5,0.3,0.6,-7.85,-2.97,3.62,-2.12,16.0,6.75,12.0,0.5,0.3,0.6,981.59,998.0,1012.58,998.35,15.0,13.39,12.0,0.5,0.4,0.6,6.7,8.0,8.0,7.2,12.0,1.5,10.0,0.4,0.4,0.5,-155.8,61.9,194.7,38.1,16.0,160.2,12.0,0.5,0.3,0.6,-106.8,-34.9,42.3,-20.9,16.0,104.3,12.0,0.5,0.3,0.6,-0.47,1.0,2.16,1.44,14.0,2.84,12.0,0.5,0.3,0.6,-5.8,11.8,27.8,18.6,14.0,34.2,12.0,0.5,0.3,0.6,0.33,0.66,1.68,0.97,9.0,1.07,12.0,0.7,0.4,0.6,3.7,8.5,22.6,12.1,9.0,12.9,12.0,0.7,0.4,0.6,-21.2,0.0,14.2,-0.4,14.0,19.3,12.0,0.5,0.3,0.6,-7.4,0.0,5.8,1.5,14.0,12.4,12.0,0.5,0.3,0.6,-27.7,27.1,41.5,14.3,9.0,35.9,12.0,0.7,0.4,0.6,-21.1,0.0,13.9,1.8,9.0,25.6,12.0,0.7,0.4,0.6,-3.9,3.6,10.1,4.2,9.0,16.5,12.0,0.7,0.4,0.6,-3.9,2.0,5.8,1.8,9.0,5.9,12.0,0.7,0.4,0.6,592.0,1752.0,4573.0,2373.5,16.0,1995.0,12.0,0.5,0.3,0.6,590.0,1750.0,4575.0,2375.0,16.0,1995.0,12.0,0.5,0.3,0.6
1974,2,156.0,47.0,0.95,1.2,2.0,1.33,7.0,0.74,12.0,0.4,0.5,0.4,-1.98,-0.75,0.89,-0.54,8.0,1.52,12.0,0.5,0.5,0.4,2.5,3.4,3.56,3.05,4.0,0.86,12.0,0.5,0.5,0.4,71.5,93.0,100.0,85.5,5.0,20.1,12.0,0.4,0.3,5.22,10.0,15.84,10.59,8.0,5.46,12.0,0.5,0.5,0.4,-9.88,4.48,14.38,3.2,8.0,11.51,12.0,0.5,0.5,0.4,-5.3,-1.02,0.0,-2.3,8.0,2.77,12.0,0.5,0.5,0.4,979.97,1001.0,1012.13,996.09,7.0,16.31,14.0,0.6,0.5,0.4,4.0,6.5,8.0,6.2,6.0,2.0,14.0,0.7,0.7,0.3,-124.8,27.8,215.1,36.3,8.0,181.5,12.0,0.5,0.5,0.4,-51.7,-4.2,0.0,-24.7,8.0,33.7,12.0,0.5,0.5,0.4,-0.05,1.2,3.52,1.66,7.0,1.87,12.0,0.4,0.5,0.4,-0.7,15.9,21.6,10.7,7.0,13.6,12.0,0.4,0.5,0.4,0.53,0.87,1.91,1.2,4.0,1.0,12.0,0.5,0.5,0.4,5.6,9.0,13.9,9.7,4.0,5.2,12.0,0.5,0.5,0.4,-9.3,-7.4,0.0,-5.1,8.0,11.0,12.0,0.5,0.5,0.4,0.0,0.0,3.6,1.1,8.0,6.0,12.0,0.5,0.5,0.4,11.3,32.7,59.8,35.5,4.0,28.2,12.0,0.5,0.5,0.4,-3.5,0.0,0.0,-1.7,4.0,3.4,12.0,0.5,0.5,0.4,5.3,9.0,13.9,9.6,4.0,5.4,12.0,0.5,0.5,0.4,-1.2,0.0,0.0,-0.6,4.0,1.1,12.0,0.5,0.5,0.4,144.5,1158.5,3979.0,2032.5,8.0,2210.5,12.0,0.5,0.5,0.4,145.0,1160.0,3980.0,2035.0,8.0,2210.0,12.0,0.5,0.5,0.4
1974,2,156.0,48.0,0.24,0.5,1.81,1.0,4.0,1.35,22.0,0.8,0.7,0.3,-0.26,0.0,1.57,0.63,4.0,1.6,22.0,0.8,0.7,0.3,2.83,3.56,4.05,3.44,4.0,0.8,22.0,0.8,0.7,0.3,74.8,88.8,95.7,85.4,4.0,15.3,22.0,0.8,0.3,7.94,9.8,10.3,9.15,4.0,1.7,22.0,0.8,0.7,0.3,-7.98,-3.36,4.02,-2.04,4.0,7.2,22.0,0.8,0.7,0.3,-7.29,-5.64,1.24,-3.14,4.0,6.63,22.0,0.8,0.7,0.3,983.28,1009.15,1018.62,1001.33,4.0,23.87,22.0,0.8,0.7,0.3,8.0,8.0,8.0,8.0,3.0,0.0,20.0,1.0,0.7,0.3,-78.2,-33.6,39.4,-20.0,4.0,71.5,22.0,0.8,0.7,0.3,-75.0,-55.7,2.6,-37.1,4.0,56.5,22.0,0.8,0.7,0.3,-1.31,0.25,2.07,0.38,4.0,2.46,22.0,0.8,0.7,0.3,-13.5,2.3,14.5,0.6,4.0,20.3,22.0,0.8,0.7,0.3,-0.01,0.75,1.36,0.68,4.0,0.8,22.0,0.8,0.7,0.3,-0.2,5.2,11.7,5.7,4.0,7.1,22.0,0.8,0.7,0.3,-12.7,-0.3,0.0,-6.1,4.0,11.7,22.0,0.8,0.7,0.3,-12.0,-1.6,0.0,-5.8,4.0,9.5,22.0,0.8,0.7,0.3,-32.2,-13.5,10.2,-11.2,4.0,24.8,22.0,0.8,0.7,0.3,-23.8,-18.4,2.9,-10.8,4.0,22.2,22.0,0.8,0.7,0.3,0.0,1.4,5.5,2.7,4.0,4.4,22.0,0.8,0.7,0.3,-5.9,0.2,5.2,-0.3,4.0,8.1,22.0,0.8,0.7,0.3,540.5,948.5,1092.5,822.5,4.0,373.5,22.0,0.8,0.7,0.3,540.0,950.0,1095.0,825.0,4.0,375.0,22.0,0.8,0.7,0.3
1974,2,156.0,49.0,0.3,1.0,2.69,1.38,20.0,1.19,16.0,0.6,0.3,0.7,-0.74,0.5,2.25,0.5,21.0,2.56,14.0,0.7,0.2,0.6,3.51,3.56,3.58,3.55,3.0,0.05,12.0,0.0,0.5,0.5,85.4,91.0,92.3,88.9,3.0,5.4,12.0,0.0,0.5,5.02,9.9,15.0,10.71,20.0,5.84,14.0,0.7,0.2,0.6,-9.6,1.38,6.64,-0.92,20.0,8.84,14.0,0.7,0.2,0.6,-11.47,-7.5,0.0,-5.8,20.0,6.35,14.0,0.7,0.2,0.6,975.04,996.7,1015.16,996.01,20.0,16.84,14.0,0.6,0.3,0.6,6.0,8.0,8.0,7.2,17.0,1.2,14.0,0.8,0.1,0.7,-143.6,6.4,66.9,-38.9,20.0,160.8,14.0,0.7,0.2,0.6,-171.6,-76.6,0.0,-88.7,20.0,115.7,14.0,0.7,0.2,0.6,-1.0,0.9,3.59,0.97,20.0,2.85,16.0,0.6,0.3,0.7,-3.8,7.5,54.1,19.2,19.0,28.0,16.0,0.7,0.3,0.7,0.59,0.96,1.49,1.04,3.0,0.66,12.0,0.0,0.5,0.5,8.5,19.8,37.3,22.8,3.0,21.3,12.0,0.0,0.5,0.5,-14.1,0.0,2.0,-5.7,20.0,12.2,14.0,0.7,0.2,0.6,-16.8,0.0,6.7,-2.3,20.0,17.0,14.0,0.7,0.2,0.6,-65.7,-56.2,-24.3,-45.2,3.0,31.8,12.0,0.0,0.5,0.5,-55.1,-47.1,-32.7,-44.0,3.0,16.6,12.0,0.0,0.5,0.5,-28.6,-15.2,-5.6,-17.0,3.0,16.9,12.0,0.0,0.5,0.5,-24.0,-12.7,-6.1,-15.0,3.0,13.3,12.0,0.0,0.5,0.5,126.5,970.5,3375.0,2437.0,20.0,4184.5,14.0,0.7,0.2,0.6,125.0,970.0,3375.0,2435.0,20.0,4185.0,14.0,0.7,0.2,0.6
1974,2,156.0,50.0,0.13,1.2,2.0,1.19,43.0,1.31,18.0,0.6,0.5,0.5,-4.0,-1.8,0.0,-1.98,47.0,1.81,16.0,0.6,0.5,0.5,3.76,3.76,3.76,3.76,1.0,0.0,10.0,1.0,0.9,0.0,100.0,100.0,100.0,100.0,1.0,0.0,10.0,1.0,0.0,4.77,8.7,11.8,8.7,43.0,3.67,16.0,0.6,0.5,0.5,-5.44,3.85,7.48,1.87,43.0,6.2,16.0,0.6,0.5,0.5,-9.53,-4.63,3.52,-3.37,43.0,6.12,16.0,0.6,0.5,0.5,997.46,1007.9,1013.71,1005.6,45.0,10.17,16.0,0.6,0.5,0.5,3.9,6.0,8.0,5.9,38.0,2.3,16.0,0.7,0.5,0.5,-51.5,15.8,71.3,16.1,43.0,73.2,16.0,0.6,0.5,0.5,-106.2,-33.6,24.5,-34.9,43.0,73.9,16.0,0.6,0.5,0.5,,,,,,,,,,,,,,,,,,,,,,,,,,,,,,,,,,,,,,,,,,,,,,,,,,,,,,,,,,,,,,,,,,,,,,,,,,,,,,,,,,,,,,,,,,,,,,,,,,,,,,,,,,,,,,,,,,,,,,,,
1974,2,156.0,51.0,,,,,,,,,,,,,,,,,,,,,,,,,,,,,,,,,,,,,,,,3.1,5.1,8.4,5.96,30.0,4.06,14.0,0.6,0.3,0.6,-4.23,0.53,3.56,-0.26,30.0,4.78,14.0,0.6,0.3,0.6,-5.55,-1.26,2.91,-1.14,30.0,5.39,14.0,0.6,0.3,0.6,1002.0,1008.5,1018.52,1008.71,35.0,9.33,12.0,0.6,0.3,0.6,,,,,,,,,,,,,,,,,,,,,,,,,,,,,,,,,,,,,,,,,,,,,,,,,,,,,,,,,,,,,,,,,,,,,,,,,,,,,,,,,,,,,,,,,,,,,,,,,,,,,,,,,,,,,,,,,,,,,,,,,,,,,,,,,,,,,,,,,,,,,,,,,,,,,,
1974,2,156.0,52.0,,,,,,,,,,,,,,,,,,,,,,,,,,,,,,,,,,,,,,,,4.1,7.45,11.8,7.9,94.0,4.23,12.0,0.6,0.2,0.4,-8.51,-2.68,2.54,-2.51,94.0,5.96,12.0,0.6,0.2,0.4,-8.2,-3.77,3.1,-2.77,94.0,5.6,12.0,0.6,0.2,0.4,990.12,1005.25,1016.2,1004.52,98.0,11.99,12.0,0.5,0.2,0.4,,,,,,,,,,,,,,,,,,,,,,,,,,,,,,,,,,,,,,,,,,,,,,,,,,,,,,,,,,,,,,,,,,,,,,,,,,,,,,,,,,,,,,,,,,,,,,,,,,,,,,,,,,,,,,,,,,,,,,,,,,,,,,,,,,,,,,,,,,,,,,,,,,,,,,
1974,2,156.0,53.0,-2.49,-2.0,-0.01,-1.46,14.0,1.18,22.0,0.4,0.0,0.1,-6.98,-3.1,0.0,-3.61,14.0,3.8,22.0,0.4,0.0,0.1,3.82,3.82,3.82,3.82,1.0,0.0,22.0,0.0,0.0,0.0,93.0,93.0,93.0,93.0,1.0,0.0,22.0,0.0,0.0,3.16,6.7,12.63,7.43,14.0,4.34,22.0,0.4,0.0,0.1,-8.66,-4.36,2.85,-2.43,14.0,7.56,22.0,0.4,0.0,0.1,-2.06,0.0,5.26,1.18,14.0,3.65,22.0,0.4,0.0,0.1,1001.16,1005.05,1015.79,1005.19,14.0,10.19,22.0,0.4,0.0,0.1,6.0,7.0,8.0,7.0,7.0,1.2,24.0,0.6,0.0,0.1,-75.1,-25.0,8.9,-16.9,14.0,103.0,22.0,0.4,0.0,0.1,-7.2,0.0,37.6,13.4,14.0,34.8,22.0,0.4,0.0,0.1,0.0,1.0,5.37,2.15,14.0,3.1,22.0,0.4,0.0,0.1,0.0,8.7,40.5,16.3,14.0,25.8,22.0,0.4,0.0,0.1,0.29,0.29,0.29,0.29,1.0,0.0,22.0,0.0,0.0,0.0,0.6,0.6,0.6,0.6,1.0,0.0,22.0,0.0,0.0,0.0,-13.9,6.5,40.5,6.3,14.0,41.4,22.0,0.4,0.0,0.1,-6.8,0.0,9.3,-3.3,14.0,15.5,22.0,0.4,0.0,0.1,0.0,0.0,0.0,0.0,1.0,0.0,22.0,0.0,0.0,0.0,-8.0,-8.0,-8.0,-8.0,1.0,0.0,22.0,0.0,0.0,0.0,0.0,0.0,0.0,0.0,1.0,0.0,22.0,0.0,0.0,0.0,-0.6,-0.6,-0.6,-0.6,1.0,0.0,22.0,0.0,0.0,0.0,32.5,306.0,2053.0,859.0,14.0,1368.0,22.0,0.4,0.0,0.1,30.0,305.0,2055.0,860.0,14.0,1370.0,22.0,0.4,0.0,0.1
1974,2,157.0,-67.0,,,,,,,,,,,,,,,,,,,,,,,,,,,,,,,,,,,,,,,,8.0,8.0,8.0,8.0,1.0,0.0,4.0,1.0,0.1,0.1,-7.52,-7.52,-7.52,-7.52,1.0,0.0,4.0,1.0,0.1,0.1,-2.74,-2.74,-2.74,-2.74,1.0,0.0,4.0,1.0,0.1,0.1,986.6,986.6,986.6,986.6,1.0,0.0,4.0,1.0,0.1,0.1,,,,,,,,,,,,,,,,,,,,,,,,,,,,,,,,,,,,,,,,,,,,,,,,,,,,,,,,,,,,,,,,,,,,,,,,,,,,,,,,,,,,,,,,,,,,,,,,,,,,,,,,,,,,,,,,,,,,,,,,,,,,,,,,,,,,,,,,,,,,,,,,,,,,,,
1974,2,157.0,-44.0,16.48,17.0,17.18,16.92,6.0,0.41,16.0,0.7,0.3,0.5,14.5,16.5,18.0,16.33,6.0,1.6,16.0,0.7,0.3,0.5,8.72,9.8,12.34,10.34,5.0,2.08,14.0,0.6,0.4,0.5,77.2,93.9,97.2,88.7,5.0,10.9,14.0,0.6,0.5,8.23,9.3,9.92,8.93,6.0,2.65,16.0,0.7,0.3,0.5,-0.54,4.65,7.24,4.13,6.0,5.11,16.0,0.7,0.3,0.5,-8.31,0.5,7.32,-0.2,6.0,7.5,16.0,0.7,0.3,0.5,1011.06,1012.95,1017.06,1014.88,6.0,6.06,16.0,0.7,0.3,0.5,5.6,7.5,8.0,6.8,6.0,1.6,16.0,0.7,0.3,0.5,-2.2,43.2,74.9,46.7,6.0,56.7,16.0,0.7,0.3,0.5,-77.3,-6.7,68.0,-5.6,6.0,68.9,16.0,0.7,0.3,0.5,-0.6,0.25,2.04,0.58,6.0,1.4,16.0,0.7,0.3,0.5,-5.6,2.3,11.2,3.8,6.0,11.7,16.0,0.7,0.3,0.5,-0.04,2.33,3.08,1.67,5.0,1.82,14.0,0.6,0.4,0.5,-0.4,15.0,26.1,13.3,5.0,15.9,14.0,0.6,0.4,0.5,-7.9,75.6,118.4,69.1,6.0,84.8,16.0,0.7,0.3,0.5,-149.6,4.6,114.6,-12.1,6.0,125.1,16.0,0.7,0.3,0.5,-7.5,45.6,78.9,39.4,5.0,52.2,14.0,0.6,0.4,0.5,-106.6,-19.8,44.3,-26.4,5.0,82.1,14.0,0.6,0.4,0.5,-5.9,0.0,19.0,6.1,5.0,16.9,14.0,0.6,0.4,0.5,-4.4,6.4,14.2,5.4,5.0,10.3,14.0,0.6,0.4,0.5,652.5,804.5,1022.5,858.0,6.0,572.5,16.0,0.7,0.3,0.5,650.0,805.0,1025.0,860.0,6.0,575.0,16.0,0.7,0.3,0.5
1974,2,157.0,-41.0,22.0,22.0,22.0,22.0,1.0,0.0,28.0,1.0,0.3,0.8,22.0,22.0,22.0,22.0,1.0,0.0,28.0,1.0,0.3,0.8,13.35,13.35,13.35,13.35,1.0,0.0,28.0,1.0,0.3,0.8,82.1,82.1,82.1,82.1,1.0,0.0,28.0,1.0,0.8,2.6,2.6,2.6,2.6,1.0,0.0,28.0,1.0,0.3,0.8,0.89,0.89,0.89,0.89,1.0,0.0,28.0,1.0,0.3,0.8,-2.44,-2.44,-2.44,-2.44,1.0,0.0,28.0,1.0,0.3,0.8,1023.7,1023.7,1023.7,1023.7,1.0,0.0,28.0,1.0,0.3,0.8,,,,,,,,,,,,,,,,,,,,,,,,,,,,,,,0.0,0.0,0.0,0.0,1.0,0.0,28.0,1.0,0.3,0.8,0.0,0.0,0.0,0.0,1.0,0.0,28.0,1.0,0.3,0.8,2.95,2.95,2.95,2.95,1.0,0.0,28.0,1.0,0.3,0.8,7.7,7.7,7.7,7.7,1.0,0.0,28.0,1.0,0.3,0.8,19.6,19.6,19.6,19.6,1.0,0.0,28.0,1.0,0.3,0.8,-53.8,-53.8,-53.8,-53.8,1.0,0.0,28.0,1.0,0.3,0.8,11.9,11.9,11.9,11.9,1.0,0.0,28.0,1.0,0.3,0.8,-32.6,-32.6,-32.6,-32.6,1.0,0.0,28.0,1.0,0.3,0.8,2.6,2.6,2.6,2.6,1.0,0.0,28.0,1.0,0.3,0.8,-7.2,-7.2,-7.2,-7.2,1.0,0.0,28.0,1.0,0.3,0.8,17.5,17.5,17.5,17.5,1.0,0.0,28.0,1.0,0.3,0.8,20.0,20.0,20.0,20.0,1.0,0.0,28.0,1.0,0.3,0.8
1974,2,157.0,-40.0,19.98,20.8,21.62,20.8,2.0,1.7,10.0,0.5,0.6,0.5,18.38,19.2,20.02,19.2,2.0,1.7,10.0,0.5,0.6,0.5,13.81,13.81,13.81,13.81,1.0,0.0,18.0,0.0,0.6,0.2,92.8,92.8,92.8,92.8,1.0,0.0,18.0,0.0,0.2,5.09,6.15,7.21,6.15,2.0,2.19,10.0,0.5,0.6,0.5,1.46,2.87,4.29,2.87,2.0,2.93,10.0,0.5,0.6,0.5,-5.68,-5.21,-4.75,-5.21,2.0,0.97,10.0,0.5,0.6,0.5,1008.58,1010.9,1013.22,1010.9,2.0,4.81,10.0,0.5,0.6,0.5,7.2,7.5,7.8,7.5,2.0,0.7,10.0,0.5,0.6,0.5,9.1,20.9,32.6,20.9,2.0,24.4,10.0,0.5,0.6,0.5,-41.5,-33.1,-24.7,-33.1,2.0,17.4,10.0,0.5,0.6,0.5,-0.04,1.6,3.24,1.6,2.0,3.39,10.0,0.5,0.6,0.5,1.8,13.6,25.3,13.6,2.0,24.4,10.0,0.5,0.6,0.5,0.35,0.35,0.35,0.35,1.0,0.0,18.0,0.0,0.6,0.2,1.6,1.6,1.6,1.6,1.0,0.0,18.0,0.0,0.6,0.2,27.8,52.7,77.5,52.7,2.0,51.5,10.0,0.5,0.6,0.5,-104.0,-99.3,-94.6,-99.3,2.0,9.7,10.0,0.5,0.6,0.5,11.0,11.0,11.0,11.0,1.0,0.0,18.0,0.0,0.6,0.2,-62.6,-62.6,-62.6,-62.6,1.0,0.0,18.0,0.0,0.6,0.2,0.3,0.3,0.3,0.3,1.0,0.0,18.0,0.0,0.6,0.2,-1.6,-1.6,-1.6,-1.6,1.0,0.0,18.0,0.0,0.6,0.2,154.5,277.0,399.5,277.0,2.0,254.0,10.0,0.5,0.6,0.5,155.0,275.0,400.0,275.0,2.0,255.0,10.0,0.5,0.6,0.5
1974,2,157.0,-39.0,21.7,21.7,21.7,21.7,1.0,0.0,12.0,0.0,0.2,0.7,19.8,19.8,19.8,19.8,1.0,0.0,12.0,0.0,0.2,0.7,14.16,14.16,14.16,14.16,1.0,0.0,12.0,0.0,0.2,0.7,98.2,98.2,98.2,98.2,1.0,0.0,12.0,0.0,0.7,6.2,6.2,6.2,6.2,1.0,0.0,12.0,0.0,0.2,0.7,0.0,0.0,0.0,0.0,1.0,0.0,12.0,0.0,0.2,0.7,6.2,6.2,6.2,6.2,1.0,0.0,12.0,0.0,0.2,0.7,1008.1,1008.1,1008.1,1008.1,1.0,0.0,12.0,0.0,0.2,0.7,7.0,7.0,7.0,7.0,1.0,0.0,12.0,0.0,0.2,0.7,0.0,0.0,0.0,0.0,1.0,0.0,12.0,0.0,0.2,0.7,38.4,38.4,38.4,38.4,1.0,0.0,12.0,0.0,0.2,0.7,1.9,1.9,1.9,1.9,1.0,0.0,12.0,0.0,0.2,0.7,11.8,11.8,11.8,11.8,1.0,0.0,12.0,0.0,0.2,0.7,2.08,2.08,2.08,2.08,1.0,0.0,12.0,0.0,0.2,0.7,12.9,12.9,12.9,12.9,1.0,0.0,12.0,0.0,0.2,0.7,0.0,0.0,0.0,0.0,1.0,0.0,12.0,0.0,0.2,0.7,122.8,122.8,122.8,122.8,1.0,0.0,12.0,0.0,0.2,0.7,0.0,0.0,0.0,0.0,1.0,0.0,12.0,0.0,0.2,0.7,87.8,87.8,87.8,87.8,1.0,0.0,12.0,0.0,0.2,0.7,0.0,0.0,0.0,0.0,1.0,0.0,12.0,0.0,0.2,0.7,12.9,12.9,12.9,12.9,1.0,0.0,12.0,0.0,0.2,0.7,238.5,238.5,238.5,238.5,1.0,0.0,12.0,0.0,0.2,0.7,240.0,240.0,240.0,240.0,1.0,0.0,12.0,0.0,0.2,0.7
1974,2,157.0,-38.0,21.01,21.75,22.71,21.8,8.0,1.22,16.0,0.6,0.4,0.7,19.0,20.15,21.94,20.39,8.0,2.08,16.0,0.6,0.4,0.7,9.06,10.71,11.41,10.48,8.0,1.86,16.0,0.6,0.4,0.7,62.4,70.4,77.3,70.1,8.0,7.1,16.0,0.6,0.7,5.22,6.7,7.7,6.75,8.0,1.53,16.0,0.6,0.4,0.7,-4.93,-4.37,3.82,-1.1,8.0,5.57,16.0,0.6,0.4,0.7,1.63,4.37,5.79,3.43,8.0,2.94,16.0,0.6,0.4,0.7,1008.86,1019.6,1023.27,1016.26,8.0,8.61,16.0,0.6,0.4,0.7,1.3,5.0,7.9,4.8,8.0,3.0,16.0,0.6,0.4,0.7,-37.1,-21.4,23.9,-3.5,8.0,43.7,16.0,0.6,0.4,0.7,9.6,27.1,44.6,25.0,8.0,20.0,16.0,0.6,0.4,0.7,-0.26,2.0,2.63,1.41,8.0,1.98,16.0,0.6,0.4,0.7,-2.8,13.1,18.9,9.6,8.0,11.4,16.0,0.6,0.4,0.7,4.24,6.06,7.64,5.77,8.0,2.01,16.0,0.6,0.4,0.7,29.3,39.8,49.6,39.1,8.0,14.3,16.0,0.6,0.4,0.7,-99.9,-90.6,82.7,-21.0,8.0,116.1,16.0,0.6,0.4,0.7,33.3,87.4,115.7,66.1,8.0,59.6,16.0,0.6,0.4,0.7,-54.3,-44.9,39.4,-12.4,8.0,60.8,16.0,0.6,0.4,0.7,16.6,46.7,52.9,32.2,8.0,30.1,16.0,0.6,0.4,0.7,-35.5,-15.4,30.2,-5.9,8.0,30.9,16.0,0.6,0.4,0.7,7.5,22.0,42.5,23.3,8.0,18.4,16.0,0.6,0.4,0.7,144.5,306.0,456.5,349.5,8.0,228.5,16.0,0.6,0.4,0.7,145.0,305.0,455.0,350.0,8.0,230.0,16.0,0.6,0.4,0.7
1974,2,157.0,-36.0,22.0,22.5,24.0,22.83,6.0,0.98,4.0,0.5,0.1,0.4,19.79,21.5,22.56,21.45,6.0,1.95,4.0,0.5,0.1,0.4,11.69,12.38,14.1,12.65,6.0,1.49,4.0,0.5,0.1,0.4,72.8,76.6,88.8,79.6,6.0,8.2,4.0,0.5,0.4,4.79,7.7,7.8,6.67,6.0,1.87,4.0,0.5,0.1,0.4,-2.44,-1.11,2.68,-0.64,6.0,3.7,4.0,0.5,0.1,0.4,1.15,5.48,7.58,3.98,6.0,4.86,4.0,0.5,0.1,0.4,1010.98,1014.9,1017.43,1013.63,6.0,5.58,4.0,0.5,0.1,0.4,2.8,5.5,8.0,5.3,6.0,2.5,4.0,0.5,0.1,0.4,-18.8,-7.4,13.6,-5.8,6.0,27.8,4.0,0.5,0.1,0.4,2.6,43.9,58.4,31.5,6.0,34.3,4.0,0.5,0.1,0.4,-0.16,1.75,3.21,1.38,6.0,2.34,4.0,0.5,0.1,0.4,1.0,10.9,25.9,11.9,6.0,14.5,4.0,0.5,0.1,0.4,2.35,4.63,6.81,4.69,6.0,2.32,4.0,0.5,0.1,0.4,13.7,34.7,42.3,32.0,6.0,18.7,4.0,0.5,0.1,0.4,-50.4,-24.1,61.4,-12.5,6.0,75.1,4.0,0.5,0.1,0.4,31.2,106.0,163.0,82.6,6.0,103.2,4.0,0.5,0.1,0.4,-30.1,-13.8,35.8,-6.0,6.0,42.3,4.0,0.5,0.1,0.4,18.0,62.8,99.2,51.8,6.0,62.6,4.0,0.5,0.1,0.4,-16.1,-4.2,8.2,-7.4,6.0,24.3,4.0,0.5,0.1,0.4,-1.4,22.7,32.5,14.6,6.0,25.8,4.0,0.5,0.1,0.4,115.0,456.5,476.0,350.0,6.0,207.0,4.0,0.5,0.1,0.4,115.0,455.0,475.0,350.0,6.0,205.0,4.0,0.5,0.1,0.4
1974,2,157.0,-35.0,20.68,23.0,24.18,22.26,5.0,3.02,16.0,0.8,0.5,0.5,21.55,23.1,24.67,22.5,6.0,3.32,18.0,0.8,0.5,0.6,13.33,15.39,15.76,14.58,5.0,1.99,18.0,0.8,0.5,0.6,74.7,81.5,85.1,79.6,5.0,9.3,18.0,0.8,0.6,1.0,5.1,6.82,4.7,7.0,3.0,18.0,0.9,0.5,0.5,-3.96,-1.0,0.29,-0.95,7.0,3.58,18.0,0.9,0.5,0.5,-0.14,3.14,6.72,2.63,7.0,3.58,18.0,0.9,0.5,0.5,1013.63,1015.9,1021.38,1017.73,7.0,4.99,18.0,0.9,0.5,0.5,2.0,4.0,7.0,4.6,7.0,2.5,18.0,0.9,0.5,0.5,-20.3,-1.0,2.7,-0.6,7.0,27.1,18.0,0.9,0.5,0.5,-0.8,12.9,45.9,17.9,7.0,28.5,18.0,0.9,0.5,0.5,-0.45,-0.2,0.79,0.15,4.0,0.93,16.0,0.8,0.6,0.6,-1.3,-0.2,4.5,1.5,4.0,4.8,16.0,0.8,0.6,0.6,2.55,3.88,5.34,3.94,4.0,1.73,16.0,0.8,0.6,0.6,8.1,20.0,28.5,18.4,4.0,12.5,16.0,0.8,0.6,0.6,-95.4,-14.8,19.8,-23.0,6.0,74.5,18.0,0.8,0.5,0.6,-13.5,50.1,122.3,50.5,6.0,80.2,18.0,0.8,0.5,0.6,-54.0,-16.3,-1.7,-26.9,5.0,30.5,18.0,0.8,0.5,0.6,-15.1,15.2,61.1,22.8,5.0,53.4,18.0,0.8,0.5,0.6,-23.1,-11.7,-0.3,-11.7,4.0,13.2,16.0,0.8,0.6,0.6,-5.5,8.3,16.7,5.7,4.0,14.4,16.0,0.8,0.6,0.6,1.0,132.5,325.0,213.5,7.0,281.5,18.0,0.9,0.5,0.5,0.0,135.0,325.0,215.0,7.0,280.0,18.0,0.9,0.5,0.5
1974,2,157.0,-34.0,23.4,23.6,23.8,23.6,2.0,0.42,14.0,0.5,0.1,0.1,22.52,23.2,23.88,23.2,2.0,1.41,14.0,0.5,0.1,0.1,11.96,14.28,16.6,14.28,2.0,4.8,14.0,0.5,0.1,0.1,69.7,79.2,88.6,79.2,2.0,19.6,14.0,0.5,0.1,9.87,11.1,12.33,11.1,2.0,2.55,14.0,0.5,0.1,0.1,-6.26,0.29,6.84,0.29,2.0,13.56,14.0,0.5,0.1,0.1,1.32,4.15,6.98,4.15,2.0,5.86,14.0,0.5,0.1,0.1,1004.4,1006.75,1009.11,1006.75,2.0,4.88,14.0,0.5,0.1,0.1,4.6,6.0,7.4,6.0,2.0,2.8,14.0,0.5,0.1,0.1,-52.5,20.5,93.5,20.5,2.0,151.3,14.0,0.5,0.1,0.1,17.0,53.5,90.0,53.5,2.0,75.6,14.0,0.5,0.1,0.1,-0.08,0.4,0.88,0.4,2.0,0.99,14.0,0.5,0.1,0.1,-0.1,5.7,11.5,5.7,2.0,12.0,14.0,0.5,0.1,0.1,1.95,4.0,6.05,4.0,2.0,4.24,14.0,0.5,0.1,0.1,22.1,49.8,77.4,49.8,2.0,57.3,14.0,0.5,0.1,0.1,-154.5,-2.8,148.8,-2.8,2.0,314.3,14.0,0.5,0.1,0.1,29.2,92.0,154.9,92.0,2.0,130.2,14.0,0.5,0.1,0.1,-121.3,-28.4,64.4,-28.4,2.0,192.3,14.0,0.5,0.1,0.1,14.3,45.1,75.9,45.1,2.0,63.8,14.0,0.5,0.1,0.1,3.2,29.9,56.7,29.9,2.0,55.5,14.0,0.5,0.1,0.1,9.2,29.0,48.8,29.0,2.0,41.0,14.0,0.5,0.1,0.1,1017.5,1475.5,1933.5,1475.5,2.0,949.0,14.0,0.5,0.1,0.1,1015.0,1475.0,1935.0,1475.0,2.0,950.0,14.0,0.5,0.1,0.1
1974,2,157.0,-33.0,25.19,25.5,26.33,25.75,4.0,0.87,12.0,0.3,0.0,0.8,20.86,22.5,24.71,22.78,4.0,2.52,12.0,0.3,0.0,0.8,12.95,13.75,15.35,14.13,4.0,1.75,12.0,0.3,0.0,0.8,77.9,78.4,85.8,81.6,4.0,7.1,12.0,0.3,0.8,7.7,9.0,12.45,10.03,4.0,3.16,12.0,0.3,0.0,0.8,-8.61,-6.42,-4.95,-6.76,4.0,2.17,12.0,0.3,0.0,0.8,5.9,6.26,8.93,7.36,4.0,2.47,12.0,0.3,0.0,0.8,1006.34,1009.9,1014.66,1010.48,4.0,4.88,12.0,0.3,0.0,0.8,3.9,6.5,7.0,5.5,4.0,2.4,12.0,0.3,0.0,0.8,-108.5,-59.7,-38.1,-72.7,4.0,45.2,12.0,0.3,0.0,0.8,45.4,56.8,115.7,79.5,4.0,54.0,12.0,0.3,0.0,0.8,1.62,2.8,4.35,2.98,4.0,1.81,12.0,0.3,0.0,0.8,15.3,24.6,52.1,33.3,4.0,29.8,12.0,0.3,0.0,0.8,6.23,6.7,7.02,6.63,4.0,0.57,12.0,0.3,0.0,0.8,50.3,62.1,83.6,66.7,4.0,22.6,12.0,0.3,0.0,0.8,-185.0,-156.3,-117.5,-151.5,4.0,39.6,12.0,0.3,0.0,0.8,140.1,153.8,189.6,164.3,4.0,40.1,12.0,0.3,0.0,0.8,-118.0,-96.3,-71.4,-94.8,4.0,28.3,12.0,0.3,0.0,0.8,82.7,95.3,124.5,103.2,4.0,32.1,12.0,0.3,0.0,0.8,-57.7,-44.1,-32.3,-45.0,4.0,15.3,12.0,0.3,0.0,0.8,38.5,43.3,60.0,49.0,4.0,17.6,12.0,0.3,0.0,0.8,456.5,774.5,2084.5,1248.0,4.0,1197.0,12.0,0.3,0.0,0.8,455.0,775.0,2085.0,1250.0,4.0,1195.0,12.0,0.3,0.0,0.8
1974,2,157.0,-32.0,23.6,25.3,25.37,24.54,5.0,1.38,10.0,0.8,0.2,0.7,23.05,23.55,24.52,23.78,4.0,0.93,10.0,0.8,0.2,0.7,13.6,16.29,16.49,15.1,4.0,2.56,10.0,0.8,0.2,0.7,73.4,84.7,90.5,82.0,4.0,12.5,10.0,0.8,0.7,3.79,7.7,10.82,7.33,4.0,4.16,10.0,0.8,0.2,0.7,-1.6,1.72,4.68,1.55,4.0,4.34,10.0,0.8,0.2,0.7,0.82,6.15,9.32,5.12,4.0,5.65,10.0,0.8,0.2,0.7,1008.19,1011.7,1013.74,1011.0,4.0,3.66,10.0,0.8,0.2,0.7,2.0,5.0,7.0,4.5,4.0,3.0,10.0,0.8,0.2,0.7,-21.8,7.7,41.9,10.0,4.0,46.0,10.0,0.8,0.2,0.7,7.4,51.9,101.6,54.4,4.0,57.0,10.0,0.8,0.2,0.7,-0.85,1.35,1.92,0.58,4.0,2.3,10.0,0.8,0.2,0.7,-0.4,10.9,19.9,9.8,4.0,13.5,10.0,0.8,0.2,0.7,1.98,3.96,6.03,4.0,4.0,3.05,10.0,0.8,0.2,0.7,19.1,39.5,43.2,31.5,4.0,20.7,10.0,0.8,0.2,0.7,-38.0,40.4,108.0,35.3,4.0,101.6,10.0,0.8,0.2,0.7,16.4,141.9,220.3,119.4,4.0,135.6,10.0,0.8,0.2,0.7,-25.8,21.7,71.2,22.6,4.0,70.6,10.0,0.8,0.2,0.7,2.7,90.3,152.2,78.0,4.0,93.7,10.0,0.8,0.2,0.7,-8.2,10.0,22.7,7.4,4.0,18.8,10.0,0.8,0.2,0.7,13.9,32.2,39.2,26.8,4.0,19.2,10.0,0.8,0.2,0.7,72.5,612.5,1276.0,671.5,4.0,705.0,10.0,0.8,0.2,0.7,70.0,615.0,1275.0,670.0,4.0,705.0,10.0,0.8,0.2,0.7
1974,2,157.0,-30.0,24.16,24.5,24.84,24.5,2.0,0.71,12.0,0.5,0.5,0.6,23.38,24.85,26.32,24.85,2.0,3.04,12.0,0.5,0.5,0.6,15.83,16.05,16.27,16.05,2.0,0.46,12.0,0.5,0.5,0.6,76.9,83.0,89.0,83.0,2.0,12.5,12.0,0.5,0.6,3.07,5.15,7.23,5.15,2.0,4.31,12.0,0.5,0.5,0.6,-5.17,-2.78,-0.39,-2.78,2.0,4.95,12.0,0.5,0.5,0.6,2.5,3.62,4.75,3.62,2.0,2.33,12.0,0.5,0.5,0.6,1015.99,1017.05,1018.11,1017.05,2.0,2.19,12.0,0.5,0.5,0.6,3.8,5.5,7.2,5.5,2.0,3.5,12.0,0.5,0.5,0.6,-43.1,-25.0,-6.9,-25.0,2.0,37.5,12.0,0.5,0.5,0.6,10.3,23.7,37.0,23.7,2.0,27.6,12.0,0.5,0.5,0.6,-2.16,-0.35,1.46,-0.35,2.0,3.75,12.0,0.5,0.5,0.6,-19.9,-9.9,0.2,-9.9,2.0,20.8,12.0,0.5,0.5,0.6,2.43,3.07,3.7,3.07,2.0,1.32,12.0,0.5,0.5,0.6,9.8,12.9,16.1,12.9,2.0,6.4,12.0,0.5,0.5,0.6,-140.1,-76.6,-13.2,-76.6,2.0,131.5,12.0,0.5,0.5,0.6,60.3,93.6,126.8,93.6,2.0,69.0,12.0,0.5,0.5,0.6,-84.7,-45.8,-6.8,-45.8,2.0,80.7,12.0,0.5,0.5,0.6,39.8,58.7,77.5,58.7,2.0,39.1,12.0,0.5,0.5,0.6,-10.8,-5.3,0.3,-5.3,2.0,11.5,12.0,0.5,0.5,0.6,8.4,9.6,10.7,9.6,2.0,2.4,12.0,0.5,0.5,0.6,95.5,280.5,465.5,280.5,2.0,383.5,12.0,0.5,0.5,0.6,95.0,280.0,465.0,280.0,2.0,385.0,12.0,0.5,0.5,0.6
1974,2,157.0,-27.0,23.26,24.25,25.24,24.25,2.0,2.05,4.0,0.5,0.1,0.7,25.12,25.8,26.48,25.8,2.0,1.41,4.0,0.5,0.1,0.7,15.56,15.61,15.66,15.61,2.0,0.1,4.0,0.5,0.1,0.7,72.1,75.5,78.8,75.5,2.0,7.0,4.0,0.5,0.7,5.09,6.15,7.21,6.15,2.0,2.19,4.0,0.5,0.1,0.7,-4.25,-4.09,-3.92,-4.09,2.0,0.33,4.0,0.5,0.1,0.7,-0.27,2.55,5.36,2.55,2.0,5.83,4.0,0.5,0.1,0.7,1009.68,1010.7,1011.72,1010.7,2.0,2.12,4.0,0.5,0.1,0.7,5.2,5.5,5.8,5.5,2.0,0.7,4.0,0.5,0.1,0.7,-28.1,-24.8,-21.4,-24.8,2.0,6.9,4.0,0.5,0.1,0.7,2.1,22.1,42.0,22.1,2.0,41.4,4.0,0.5,0.1,0.7,-1.86,-1.55,-1.24,-1.55,2.0,0.64,4.0,0.5,0.1,0.7,-13.8,-10.2,-6.7,-10.2,2.0,7.3,4.0,0.5,0.1,0.7,2.19,3.4,4.61,3.4,2.0,2.51,4.0,0.5,0.1,0.7,14.3,18.2,22.0,18.2,2.0,8.0,4.0,0.5,0.1,0.7,-112.6,-105.7,-98.7,-105.7,2.0,14.4,4.0,0.5,0.1,0.7,-9.2,61.6,132.4,61.6,2.0,146.8,4.0,0.5,0.1,0.7,-66.1,-63.8,-61.5,-63.8,2.0,4.8,4.0,0.5,0.1,0.7,-4.0,40.1,84.1,40.1,2.0,91.2,4.0,0.5,0.1,0.7,-19.8,-14.3,-8.8,-14.3,2.0,11.4,4.0,0.5,0.1,0.7,-5.1,1.4,7.8,1.4,2.0,13.4,4.0,0.5,0.1,0.7,154.5,277.0,399.5,277.0,2.0,254.0,4.0,0.5,0.1,0.7,155.0,275.0,400.0,275.0,2.0,255.0,4.0,0.5,0.1,0.7
1974,2,157.0,-26.0,25.06,25.2,26.43,25.73,3.0,1.1,14.0,0.3,0.4,0.1,23.8,23.85,24.69,24.23,4.0,0.78,14.0,0.3,0.3,0.2,16.92,17.26,17.49,17.21,3.0,0.42,10.0,0.3,0.4,0.2,85.5,93.0,94.6,90.1,3.0,7.1,10.0,0.3,0.2,3.42,5.1,14.01,8.26,5.0,6.28,14.0,0.4,0.4,0.3,-8.09,-3.55,0.2,-3.89,5.0,4.27,14.0,0.4,0.4,0.3,-1.51,5.1,11.37,5.15,5.0,7.37,14.0,0.4,0.4,0.3,1005.56,1008.0,1010.52,1007.9,5.0,4.14,14.0,0.4,0.4,0.3,3.0,5.0,7.0,5.0,3.0,3.0,10.0,0.7,0.5,0.3,-114.7,-12.8,0.6,-51.4,5.0,68.9,14.0,0.4,0.4,0.3,-4.9,26.0,166.9,78.0,5.0,115.0,14.0,0.4,0.4,0.3,0.21,1.1,2.53,1.37,3.0,1.72,14.0,0.3,0.4,0.1,-0.6,5.6,28.0,13.5,3.0,22.0,14.0,0.3,0.4,0.1,2.74,3.04,3.35,3.04,2.0,0.63,8.0,0.5,0.6,0.2,20.8,37.1,53.5,37.1,2.0,33.8,8.0,0.5,0.6,0.2,-203.8,-91.8,6.7,-98.3,4.0,122.0,14.0,0.3,0.3,0.2,20.0,170.3,305.8,163.2,4.0,191.1,14.0,0.3,0.3,0.2,-100.1,0.0,6.5,-45.7,3.0,87.5,10.0,0.3,0.4,0.2,-8.7,88.0,201.3,96.1,3.0,154.0,10.0,0.3,0.4,0.2,-25.7,-15.3,-4.8,-15.3,2.0,21.6,8.0,0.5,0.6,0.2,19.5,33.0,46.6,33.0,2.0,28.0,8.0,0.5,0.6,0.2,40.5,132.5,3054.0,1459.5,5.0,2295.5,14.0,0.4,0.4,0.3,40.0,135.0,3055.0,1460.0,5.0,2295.0,14.0,0.4,0.4,0.3
1974,2,157.0,-24.0,26.0,26.0,26.0,26.0,1.0,0.0,10.0,0.0,0.2,0.5,25.0,25.0,25.0,25.0,1.0,0.0,10.0,0.0,0.2,0.5,17.48,17.48,17.48,17.48,1.0,0.0,10.0,0.0,0.2,0.5,88.1,88.1,88.1,88.1,1.0,0.0,10.0,0.0,0.5,5.1,5.1,5.1,5.1,1.0,0.0,10.0,0.0,0.2,0.5,-2.55,-2.55,-2.55,-2.55,1.0,0.0,10.0,0.0,0.2,0.5,4.42,4.42,4.42,4.42,1.0,0.0,10.0,0.0,0.2,0.5,1008.6,1008.6,1008.6,1008.6,1.0,0.0,10.0,0.0,0.2,0.5,3.0,3.0,3.0,3.0,1.0,0.0,10.0,0.0,0.2,0.5,-13.0,-13.0,-13.0,-13.0,1.0,0.0,10.0,0.0,0.2,0.5,22.5,22.5,22.5,22.5,1.0,0.0,10.0,0.0,0.2,0.5,1.0,1.0,1.0,1.0,1.0,0.0,10.0,0.0,0.2,0.5,5.1,5.1,5.1,5.1,1.0,0.0,10.0,0.0,0.2,0.5,3.62,3.62,3.62,3.62,1.0,0.0,10.0,0.0,0.2,0.5,18.4,18.4,18.4,18.4,1.0,0.0,10.0,0.0,0.2,0.5,-63.7,-63.7,-63.7,-63.7,1.0,0.0,10.0,0.0,0.2,0.5,110.4,110.4,110.4,110.4,1.0,0.0,10.0,0.0,0.2,0.5,-44.6,-44.6,-44.6,-44.6,1.0,0.0,10.0,0.0,0.2,0.5,77.2,77.2,77.2,77.2,1.0,0.0,10.0,0.0,0.2,0.5,-9.2,-9.2,-9.2,-9.2,1.0,0.0,10.0,0.0,0.2,0.5,16.0,16.0,16.0,16.0,1.0,0.0,10.0,0.0,0.2,0.5,132.5,132.5,132.5,132.5,1.0,0.0,10.0,0.0,0.2,0.5,135.0,135.0,135.0,135.0,1.0,0.0,10.0,0.0,0.2,0.5
1974,2,157.0,-23.0,29.58,29.75,29.92,29.75,2.0,0.35,14.0,1.0,0.1,0.9,28.16,28.5,28.84,28.5,2.0,0.71,14.0,1.0,0.1,0.9,17.51,18.57,19.62,18.57,2.0,2.19,14.0,1.0,0.1,0.9,70.3,76.2,82.0,76.2,2.0,12.2,14.0,1.0,0.9,2.6,2.6,2.6,2.6,1.0,0.0,20.0,1.0,0.2,0.7,-2.25,-2.25,-2.25,-2.25,1.0,0.0,20.0,1.0,0.2,0.7,1.3,1.3,1.3,1.3,1.0,0.0,20.0,1.0,0.2,0.7,1005.31,1006.4,1007.49,1006.4,2.0,2.26,14.0,1.0,0.1,0.9,2.3,3.0,3.7,3.0,2.0,1.4,14.0,1.0,0.1,0.9,-5.9,-5.9,-5.9,-5.9,1.0,0.0,20.0,1.0,0.2,0.7,3.4,3.4,3.4,3.4,1.0,0.0,20.0,1.0,0.2,0.7,1.08,1.25,1.42,1.25,2.0,0.35,14.0,1.0,0.1,0.9,2.6,2.6,2.6,2.6,1.0,0.0,20.0,1.0,0.2,0.7,6.49,7.84,9.2,7.84,2.0,2.8,14.0,1.0,0.1,0.9,25.5,25.5,25.5,25.5,1.0,0.0,20.0,1.0,0.2,0.7,-65.3,-65.3,-65.3,-65.3,1.0,0.0,20.0,1.0,0.2,0.7,37.7,37.7,37.7,37.7,1.0,0.0,20.0,1.0,0.2,0.7,-38.3,-38.3,-38.3,-38.3,1.0,0.0,20.0,1.0,0.2,0.7,22.1,22.1,22.1,22.1,1.0,0.0,20.0,1.0,0.2,0.7,-22.1,-22.1,-22.1,-22.1,1.0,0.0,20.0,1.0,0.2,0.7,12.8,12.8,12.8,12.8,1.0,0.0,20.0,1.0,0.2,0.7,17.5,17.5,17.5,17.5,1.0,0.0,20.0,1.0,0.2,0.7,20.0,20.0,20.0,20.0,1.0,0.0,20.0,1.0,0.2,0.7
1974,2,157.0,-22.0,27.2,27.2,27.2,27.2,1.0,0.0,10.0,0.0,0.0,0.5,25.8,25.8,25.8,25.8,1.0,0.0,10.0,0.0,0.0,0.5,17.23,17.23,17.23,17.23,1.0,0.0,10.0,0.0,0.0,0.5,83.0,83.0,83.0,83.0,1.0,0.0,10.0,0.0,0.5,5.7,5.7,5.7,5.7,1.0,0.0,10.0,0.0,0.0,0.5,-1.95,-1.95,-1.95,-1.95,1.0,0.0,10.0,0.0,0.0,0.5,5.36,5.36,5.36,5.36,1.0,0.0,10.0,0.0,0.0,0.5,1010.5,1010.5,1010.5,1010.5,1.0,0.0,10.0,0.0,0.0,0.5,6.0,6.0,6.0,6.0,1.0,0.0,10.0,0.0,0.0,0.5,-11.1,-11.1,-11.1,-11.1,1.0,0.0,10.0,0.0,0.0,0.5,30.5,30.5,30.5,30.5,1.0,0.0,10.0,0.0,0.0,0.5,1.4,1.4,1.4,1.4,1.0,0.0,10.0,0.0,0.0,0.5,8.0,8.0,8.0,8.0,1.0,0.0,10.0,0.0,0.0,0.5,5.39,5.39,5.39,5.39,1.0,0.0,10.0,0.0,0.0,0.5,30.7,30.7,30.7,30.7,1.0,0.0,10.0,0.0,0.0,0.5,-50.3,-50.3,-50.3,-50.3,1.0,0.0,10.0,0.0,0.0,0.5,138.2,138.2,138.2,138.2,1.0,0.0,10.0,0.0,0.0,0.5,-33.6,-33.6,-33.6,-33.6,1.0,0.0,10.0,0.0,0.0,0.5,92.3,92.3,92.3,92.3,1.0,0.0,10.0,0.0,0.0,0.5,-10.5,-10.5,-10.5,-10.5,1.0,0.0,10.0,0.0,0.0,0.5,28.9,28.9,28.9,28.9,1.0,0.0,10.0,0.0,0.0,0.5,185.0,185.0,185.0,185.0,1.0,0.0,10.0,0.0,0.0,0.5,185.0,185.0,185.0,185.0,1.0,0.0,10.0,0.0,0.0,0.5
1974,2,157.0,-21.0,26.8,26.8,26.8,26.8,1.0,0.0,6.0,0.0,0.5,0.9,26.0,26.0,26.0,26.0,1.0,0.0,6.0,0.0,0.5,0.9,18.76,18.76,18.76,18.76,1.0,0.0,6.0,0.0,0.5,0.9,88.7,88.7,88.7,88.7,1.0,0.0,6.0,0.0,0.9,,,,,,,,,,,,,,,,,,,,,,,,,,,,,,,,,,,,,,,,,,,,,,,,,,,,,,,,,,,,,,,,,,,,,,,,,,,,,,,,,,,,,,,,,,,,,,,,,,,,,,,,,,,,,,,,,,,,,,,,,,,,,,,,,,,,,,,,,,,,,,,,,,,,,,,,,,,,,,,,,,,,,,,,,,,,,,,,,,,,,,,,,,,,,,
1974,2,157.0,-20.0,27.68,28.0,28.85,28.23,6.0,0.89,12.0,0.5,0.6,0.5,26.24,27.0,27.44,26.93,6.0,0.71,10.0,0.5,0.6,0.6,17.31,18.2,18.79,18.05,5.0,0.93,10.0,0.4,0.6,0.6,76.3,79.8,86.3,81.0,5.0,5.6,10.0,0.4,0.6,5.0,5.1,7.3,5.8,6.0,1.3,12.0,0.7,0.6,0.6,-2.52,-1.23,5.07,0.38,6.0,4.75,12.0,0.7,0.6,0.6,-4.71,-1.94,4.42,-0.74,6.0,4.32,12.0,0.7,0.6,0.6,1004.78,1006.4,1010.02,1006.49,7.0,3.33,12.0,0.6,0.6,0.5,2.9,4.0,4.2,3.7,7.0,2.4,12.0,0.6,0.6,0.5,-15.3,-5.9,29.9,3.4,6.0,33.4,12.0,0.7,0.6,0.6,-27.2,-11.7,20.8,-6.3,6.0,23.6,12.0,0.7,0.6,0.6,0.37,0.9,1.75,1.0,5.0,0.85,10.0,0.4,0.6,0.6,1.7,5.0,7.9,4.8,4.0,4.6,10.0,0.5,0.6,0.6,5.45,5.66,5.93,5.68,5.0,0.35,10.0,0.4,0.6,0.6,26.6,29.1,37.8,32.0,4.0,8.0,10.0,0.5,0.6,0.6,-83.2,-44.1,149.3,17.0,5.0,142.4,10.0,0.6,0.6,0.6,-88.2,-36.5,122.3,3.4,5.0,113.5,10.0,0.6,0.6,0.6,-30.2,22.9,107.4,37.8,4.0,82.8,10.0,0.5,0.6,0.6,-33.9,26.0,83.1,24.7,4.0,67.7,10.0,0.5,0.6,0.6,-9.1,9.1,35.5,13.0,4.0,26.3,10.0,0.5,0.6,0.6,-11.9,8.7,25.0,6.6,4.0,21.4,10.0,0.5,0.6,0.6,125.5,132.5,390.5,221.0,6.0,153.0,12.0,0.7,0.6,0.6,125.0,135.0,390.0,220.0,6.0,155.0,12.0,0.7,0.6,0.6
1974,2,157.0,-19.0,27.3,27.3,27.3,27.3,1.0,0.0,6.0,1.0,0.0,0.2,27.5,27.5,27.5,27.5,1.0,0.0,6.0,1.0,0.0,0.2,18.58,18.58,18.58,18.58,1.0,0.0,6.0,1.0,0.0,0.2,80.3,80.3,80.3,80.3,1.0,0.0,6.0,1.0,0.2,7.2,7.2,7.2,7.2,1.0,0.0,6.0,1.0,0.0,0.2,7.09,7.09,7.09,7.09,1.0,0.0,6.0,1.0,0.0,0.2,-1.25,-1.25,-1.25,-1.25,1.0,0.0,6.0,1.0,0.0,0.2,1002.6,1002.6,1002.6,1002.6,1.0,0.0,6.0,1.0,0.0,0.2,3.0,3.0,3.0,3.0,1.0,0.0,6.0,1.0,0.0,0.2,51.1,51.1,51.1,51.1,1.0,0.0,6.0,1.0,0.0,0.2,-9.0,-9.0,-9.0,-9.0,1.0,0.0,6.0,1.0,0.0,0.2,-0.2,-0.2,-0.2,-0.2,1.0,0.0,6.0,1.0,0.0,0.2,-1.4,-1.4,-1.4,-1.4,1.0,0.0,6.0,1.0,0.0,0.2,4.36,4.36,4.36,4.36,1.0,0.0,6.0,1.0,0.0,0.2,31.4,31.4,31.4,31.4,1.0,0.0,6.0,1.0,0.0,0.2,195.0,195.0,195.0,195.0,1.0,0.0,6.0,1.0,0.0,0.2,-34.4,-34.4,-34.4,-34.4,1.0,0.0,6.0,1.0,0.0,0.2,131.7,131.7,131.7,131.7,1.0,0.0,6.0,1.0,0.0,0.2,-23.2,-23.2,-23.2,-23.2,1.0,0.0,6.0,1.0,0.0,0.2,30.9,30.9,30.9,30.9,1.0,0.0,6.0,1.0,0.0,0.2,-5.4,-5.4,-5.4,-5.4,1.0,0.0,6.0,1.0,0.0,0.2,373.0,373.0,373.0,373.0,1.0,0.0,6.0,1.0,0.0,0.2,375.0,375.0,375.0,375.0,1.0,0.0,6.0,1.0,0.0,0.2
1974,2,157.0,-18.0,27.84,28.15,28.46,28.15,2.0,0.64,4.0,1.0,0.9,0.6,27.44,27.75,28.06,27.75,2.0,0.64,4.0,1.0,0.9,0.6,19.57,19.59,19.62,19.59,2.0,0.06,4.0,1.0,0.9,0.6,81.9,83.3,84.6,83.3,2.0,2.7,4.0,1.0,0.6,5.35,5.9,6.45,5.9,2.0,1.13,4.0,1.0,0.9,0.6,4.95,5.3,5.64,5.3,2.0,0.71,4.0,1.0,0.9,0.6,-0.94,0.8,2.54,0.8,2.0,3.6,4.0,1.0,0.9,0.6,1000.47,1001.05,1001.63,1001.05,2.0,1.2,4.0,1.0,0.9,0.6,2.3,3.0,3.7,3.0,2.0,1.4,4.0,1.0,0.9,0.6,26.7,31.7,36.6,31.7,2.0,10.2,4.0,1.0,0.9,0.6,-3.9,6.8,17.5,6.8,2.0,22.2,4.0,1.0,0.9,0.6,0.4,0.4,0.4,0.4,2.0,0.0,4.0,1.0,0.9,0.6,2.1,2.4,2.6,2.4,2.0,0.5,4.0,1.0,0.9,0.6,4.18,4.58,4.97,4.58,2.0,0.82,4.0,1.0,0.9,0.6,26.4,26.5,26.7,26.5,2.0,0.3,4.0,1.0,0.9,0.6,138.8,146.8,154.7,146.8,2.0,16.4,4.0,1.0,0.9,0.6,-26.9,21.1,69.1,21.1,2.0,99.5,4.0,1.0,0.9,0.6,97.2,103.8,110.4,103.8,2.0,13.7,4.0,1.0,0.9,0.6,-18.4,15.6,49.7,15.6,2.0,70.5,4.0,1.0,0.9,0.6,23.4,23.9,24.5,23.9,2.0,1.1,4.0,1.0,0.9,0.6,-5.4,2.2,9.8,2.2,2.0,15.8,4.0,1.0,0.9,0.6,159.5,216.5,274.0,216.5,2.0,119.0,4.0,1.0,0.9,0.6,160.0,215.0,275.0,215.0,2.0,120.0,4.0,1.0,0.9,0.6
1974,2,157.0,-17.0,28.2,28.2,28.2,28.2,1.0,0.0,16.0,0.0,0.1,0.7,28.0,28.0,28.0,28.0,1.0,0.0,16.0,0.0,0.1,0.7,19.16,19.16,19.16,19.16,1.0,0.0,16.0,0.0,0.1,0.7,80.8,80.8,80.8,80.8,1.0,0.0,16.0,0.0,0.7,2.6,2.6,2.6,2.6,1.0,0.0,16.0,0.0,0.1,0.7,-2.25,-2.25,-2.25,-2.25,1.0,0.0,16.0,0.0,0.1,0.7,1.3,1.3,1.3,1.3,1.0,0.0,16.0,0.0,0.1,0.7,1008.2,1008.2,1008.2,1008.2,1.0,0.0,16.0,0.0,0.1,0.7,1.0,1.0,1.0,1.0,1.0,0.0,16.0,0.0,0.1,0.7,-5.9,-5.9,-5.9,-5.9,1.0,0.0,16.0,0.0,0.1,0.7,3.4,3.4,3.4,3.4,1.0,0.0,16.0,0.0,0.1,0.7,0.2,0.2,0.2,0.2,1.0,0.0,16.0,0.0,0.1,0.7,0.5,0.5,0.5,0.5,1.0,0.0,16.0,0.0,0.1,0.7,4.9,4.9,4.9,4.9,1.0,0.0,16.0,0.0,0.1,0.7,12.7,12.7,12.7,12.7,1.0,0.0,16.0,0.0,0.1,0.7,-63.0,-63.0,-63.0,-63.0,1.0,0.0,16.0,0.0,0.1,0.7,36.4,36.4,36.4,36.4,1.0,0.0,16.0,0.0,0.1,0.7,-43.1,-43.1,-43.1,-43.1,1.0,0.0,16.0,0.0,0.1,0.7,24.9,24.9,24.9,24.9,1.0,0.0,16.0,0.0,0.1,0.7,-11.0,-11.0,-11.0,-11.0,1.0,0.0,16.0,0.0,0.1,0.7,6.4,6.4,6.4,6.4,1.0,0.0,16.0,0.0,0.1,0.7,17.5,17.5,17.5,17.5,1.0,0.0,16.0,0.0,0.1,0.7,20.0,20.0,20.0,20.0,1.0,0.0,16.0,0.0,0.1,0.7
1974,2,157.0,-16.0,28.0,28.0,28.0,28.0,1.0,0.0,6.0,1.0,0.3,1.0,27.3,27.3,27.3,27.3,1.0,0.0,6.0,1.0,0.3,1.0,18.76,18.76,18.76,18.76,1.0,0.0,6.0,1.0,0.3,1.0,82.2,82.2,82.2,82.2,1.0,0.0,6.0,1.0,1.0,7.7,7.7,7.7,7.7,1.0,0.0,6.0,1.0,0.3,1.0,7.58,7.58,7.58,7.58,1.0,0.0,6.0,1.0,0.3,1.0,-1.34,-1.34,-1.34,-1.34,1.0,0.0,6.0,1.0,0.3,1.0,1005.0,1005.0,1005.0,1005.0,1.0,0.0,6.0,1.0,0.3,1.0,3.0,3.0,3.0,3.0,1.0,0.0,6.0,1.0,0.3,1.0,58.4,58.4,58.4,58.4,1.0,0.0,6.0,1.0,0.3,1.0,-10.3,-10.3,-10.3,-10.3,1.0,0.0,6.0,1.0,0.3,1.0,0.7,0.7,0.7,0.7,1.0,0.0,6.0,1.0,0.3,1.0,5.4,5.4,5.4,5.4,1.0,0.0,6.0,1.0,0.3,1.0,5.09,5.09,5.09,5.09,1.0,0.0,6.0,1.0,0.3,1.0,39.2,39.2,39.2,39.2,1.0,0.0,6.0,1.0,0.3,1.0,207.0,207.0,207.0,207.0,1.0,0.0,6.0,1.0,0.3,1.0,-36.5,-36.5,-36.5,-36.5,1.0,0.0,6.0,1.0,0.3,1.0,142.3,142.3,142.3,142.3,1.0,0.0,6.0,1.0,0.3,1.0,-25.1,-25.1,-25.1,-25.1,1.0,0.0,6.0,1.0,0.3,1.0,38.6,38.6,38.6,38.6,1.0,0.0,6.0,1.0,0.3,1.0,-6.8,-6.8,-6.8,-6.8,1.0,0.0,6.0,1.0,0.3,1.0,456.5,456.5,456.5,456.5,1.0,0.0,6.0,1.0,0.3,1.0,455.0,455.0,455.0,455.0,1.0,0.0,6.0,1.0,0.3,1.0
1974,2,157.0,-15.0,28.82,29.3,29.78,29.3,2.0,0.99,22.0,1.0,0.5,0.8,29.05,29.8,30.62,29.83,3.0,1.15,18.0,1.0,0.5,0.5,19.07,19.1,19.64,19.35,3.0,0.47,18.0,1.0,0.5,0.5,70.1,75.5,76.6,73.4,3.0,5.1,18.0,1.0,0.5,2.92,3.6,4.28,3.6,3.0,1.0,18.0,1.0,0.5,0.5,-3.39,-3.12,0.68,-1.4,3.0,3.33,18.0,1.0,0.5,0.5,-2.3,-0.89,0.95,-0.68,3.0,2.39,18.0,1.0,0.5,0.5,1005.98,1007.0,1007.41,1006.7,3.0,1.08,18.0,1.0,0.5,0.5,5.6,7.0,7.7,6.7,3.0,1.5,18.0,1.0,0.5,0.5,-14.6,-11.2,0.8,-7.0,3.0,11.9,18.0,1.0,0.5,0.5,-10.0,-2.3,3.7,-3.1,3.0,10.1,18.0,1.0,0.5,0.5,-0.86,-0.55,-0.24,-0.55,2.0,0.64,22.0,1.0,0.5,0.8,-3.9,-2.5,-1.0,-2.5,2.0,3.0,22.0,1.0,0.5,0.8,5.94,6.66,7.37,6.66,2.0,1.49,22.0,1.0,0.5,0.8,22.6,27.8,33.0,27.8,2.0,10.8,22.0,1.0,0.5,0.8,-103.0,-89.5,21.3,-42.0,3.0,99.9,18.0,1.0,0.5,0.5,-71.0,-26.5,26.9,-22.2,3.0,71.8,18.0,1.0,0.5,0.5,-64.7,-59.5,14.3,-26.0,3.0,64.7,18.0,1.0,0.5,0.5,-44.1,-17.7,17.8,-13.2,3.0,45.5,18.0,1.0,0.5,0.5,-25.6,-22.3,-19.0,-22.3,2.0,6.8,22.0,1.0,0.5,0.8,-17.6,-6.3,4.9,-6.3,2.0,23.2,22.0,1.0,0.5,0.8,27.0,46.5,81.5,54.0,3.0,40.5,18.0,1.0,0.5,0.5,25.0,45.0,80.0,55.0,3.0,40.0,18.0,1.0,0.5,0.5
1974,2,157.0,-13.0,27.5,27.5,27.5,27.5,1.0,0.0,4.0,1.0,0.4,0.4,27.4,27.4,27.4,27.4,1.0,0.0,4.0,1.0,0.4,0.4,18.24,18.24,18.24,18.24,1.0,0.0,4.0,1.0,0.4,0.4,79.3,79.3,79.3,79.3,1.0,0.0,4.0,1.0,0.4,12.9,12.9,12.9,12.9,1.0,0.0,4.0,1.0,0.4,0.4,11.17,11.17,11.17,11.17,1.0,0.0,4.0,1.0,0.4,0.4,6.45,6.45,6.45,6.45,1.0,0.0,4.0,1.0,0.4,0.4,1002.6,1002.6,1002.6,1002.6,1.0,0.0,4.0,1.0,0.4,0.4,8.0,8.0,8.0,8.0,1.0,0.0,4.0,1.0,0.4,0.4,144.1,144.1,144.1,144.1,1.0,0.0,4.0,1.0,0.4,0.4,83.2,83.2,83.2,83.2,1.0,0.0,4.0,1.0,0.4,0.4,0.1,0.1,0.1,0.1,1.0,0.0,4.0,1.0,0.4,0.4,1.3,1.3,1.3,1.3,1.0,0.0,4.0,1.0,0.4,0.4,4.97,4.97,4.97,4.97,1.0,0.0,4.0,1.0,0.4,0.4,64.1,64.1,64.1,64.1,1.0,0.0,4.0,1.0,0.4,0.4,306.1,306.1,306.1,306.1,1.0,0.0,4.0,1.0,0.4,0.4,176.7,176.7,176.7,176.7,1.0,0.0,4.0,1.0,0.4,0.4,203.8,203.8,203.8,203.8,1.0,0.0,4.0,1.0,0.4,0.4,117.7,117.7,117.7,117.7,1.0,0.0,4.0,1.0,0.4,0.4,55.5,55.5,55.5,55.5,1.0,0.0,4.0,1.0,0.4,0.4,32.1,32.1,32.1,32.1,1.0,0.0,4.0,1.0,0.4,0.4,2146.5,2146.5,2146.5,2146.5,1.0,0.0,4.0,1.0,0.4,0.4,2145.0,2145.0,2145.0,2145.0,1.0,0.0,4.0,1.0,0.4,0.4
1974,2,157.0,-12.0,28.55,28.8,29.0,28.78,4.0,0.26,20.0,0.8,0.6,0.6,27.29,27.8,29.57,28.4,4.0,1.78,22.0,0.5,0.5,0.5,18.86,19.95,21.11,19.98,4.0,1.33,22.0,0.5,0.5,0.5,73.6,85.1,91.3,82.6,4.0,11.3,22.0,0.5,0.5,0.0,0.5,5.28,2.46,5.0,3.54,20.0,0.6,0.5,0.6,-3.02,-0.47,0.0,-1.33,5.0,1.63,20.0,0.6,0.5,0.6,-3.6,-0.17,0.0,-1.82,5.0,3.33,20.0,0.6,0.5,0.6,1005.25,1005.5,1006.18,1005.68,5.0,0.58,20.0,0.6,0.5,0.6,2.6,3.0,4.5,3.6,5.0,1.9,20.0,0.6,0.5,0.6,-16.1,-0.2,0.0,-7.1,5.0,10.3,20.0,0.6,0.5,0.6,-25.9,-0.1,0.0,-13.5,5.0,27.8,20.0,0.6,0.5,0.6,-1.05,1.0,1.34,0.17,3.0,1.89,20.0,0.7,0.7,0.5,-0.7,0.0,8.4,3.8,3.0,7.4,20.0,0.7,0.7,0.5,4.5,6.06,6.15,5.35,3.0,1.36,20.0,0.7,0.7,0.5,1.0,3.1,22.1,11.4,3.0,17.1,20.0,0.7,0.7,0.5,-46.6,-7.3,0.0,-22.6,4.0,36.1,22.0,0.5,0.5,0.5,-111.5,-2.7,0.0,-53.3,4.0,103.2,22.0,0.5,0.5,0.5,-34.8,-4.5,0.0,-16.8,4.0,28.0,22.0,0.5,0.5,0.5,-85.5,-1.6,0.0,-40.9,4.0,79.6,22.0,0.5,0.5,0.5,-8.2,-2.9,-0.9,-4.5,3.0,5.5,20.0,0.7,0.7,0.5,-20.2,-1.1,-0.3,-10.1,3.0,16.5,20.0,0.7,0.7,0.5,0.0,0.0,231.0,119.5,5.0,242.0,20.0,0.6,0.5,0.6,0.0,0.0,230.0,120.0,5.0,240.0,20.0,0.6,0.5,0.6
1974,2,157.0,-11.0,28.0,29.0,29.07,28.86,7.0,0.85,12.0,0.9,0.4,0.5,25.9,28.0,30.21,28.08,6.0,2.25,12.0,0.8,0.4,0.6,20.0,21.19,21.85,20.96,6.0,1.24,12.0,0.8,0.4,0.6,78.6,88.9,95.5,87.9,6.0,9.2,12.0,0.8,0.6,2.37,5.1,10.67,6.4,9.0,4.81,14.0,0.9,0.4,0.4,-3.83,-1.82,6.85,0.2,9.0,6.28,14.0,0.9,0.4,0.4,-7.05,-1.99,0.52,-3.02,9.0,4.41,14.0,0.9,0.4,0.4,1003.0,1004.5,1005.98,1004.33,8.0,1.6,14.0,0.9,0.4,0.5,5.0,6.5,8.0,6.4,8.0,1.6,14.0,1.0,0.3,0.4,-16.7,-3.8,69.5,15.2,9.0,74.1,14.0,0.9,0.4,0.4,-69.1,-6.2,2.1,-34.1,9.0,51.7,14.0,0.9,0.4,0.4,-1.41,0.25,3.1,0.5,6.0,2.57,12.0,0.8,0.4,0.6,-9.5,7.1,27.9,11.4,6.0,24.0,12.0,0.8,0.4,0.6,2.0,3.77,5.3,3.75,6.0,1.86,12.0,0.8,0.4,0.6,4.5,33.3,60.7,37.1,6.0,34.2,12.0,0.8,0.4,0.6,-104.5,-10.1,272.4,40.2,6.0,202.9,12.0,0.8,0.4,0.6,-199.2,-169.4,-55.3,-143.8,6.0,81.6,12.0,0.8,0.4,0.6,-78.6,-6.5,188.1,25.9,6.0,149.1,12.0,0.8,0.4,0.6,-156.8,-125.7,-40.3,-108.4,6.0,63.1,12.0,0.8,0.4,0.6,-8.9,1.0,50.6,14.7,6.0,37.3,12.0,0.8,0.4,0.6,-36.0,-24.7,-2.6,-24.2,6.0,21.8,12.0,0.8,0.4,0.6,15.0,132.5,1214.5,697.0,9.0,1090.5,14.0,0.9,0.4,0.4,15.0,135.0,1215.0,695.0,9.0,1090.0,14.0,0.9,0.4,0.4
1974,2,157.0,-9.0,30.0,30.0,30.0,30.0,1.0,0.0,6.0,1.0,0.2,0.3,29.0,29.0,29.0,29.0,1.0,0.0,6.0,1.0,0.2,0.3,18.75,18.75,18.75,18.75,1.0,0.0,6.0,1.0,0.2,0.3,74.4,74.4,74.4,74.4,1.0,0.0,6.0,1.0,0.3,4.6,4.6,4.6,4.6,1.0,0.0,6.0,1.0,0.2,0.3,2.96,2.96,2.96,2.96,1.0,0.0,6.0,1.0,0.2,0.3,-3.52,-3.52,-3.52,-3.52,1.0,0.0,6.0,1.0,0.2,0.3,1005.6,1005.6,1005.6,1005.6,1.0,0.0,6.0,1.0,0.2,0.3,7.0,7.0,7.0,7.0,1.0,0.0,6.0,1.0,0.2,0.3,13.6,13.6,13.6,13.6,1.0,0.0,6.0,1.0,0.2,0.3,-16.2,-16.2,-16.2,-16.2,1.0,0.0,6.0,1.0,0.2,0.3,1.0,1.0,1.0,1.0,1.0,0.0,6.0,1.0,0.2,0.3,4.6,4.6,4.6,4.6,1.0,0.0,6.0,1.0,0.2,0.3,8.07,8.07,8.07,8.07,1.0,0.0,6.0,1.0,0.2,0.3,37.1,37.1,37.1,37.1,1.0,0.0,6.0,1.0,0.2,0.3,85.7,85.7,85.7,85.7,1.0,0.0,6.0,1.0,0.2,0.3,-102.2,-102.2,-102.2,-102.2,1.0,0.0,6.0,1.0,0.2,0.3,55.4,55.4,55.4,55.4,1.0,0.0,6.0,1.0,0.2,0.3,-66.1,-66.1,-66.1,-66.1,1.0,0.0,6.0,1.0,0.2,0.3,23.9,23.9,23.9,23.9,1.0,0.0,6.0,1.0,0.2,0.3,-28.4,-28.4,-28.4,-28.4,1.0,0.0,6.0,1.0,0.2,0.3,97.5,97.5,97.5,97.5,1.0,0.0,6.0,1.0,0.2,0.3,95.0,95.0,95.0,95.0,1.0,0.0,6.0,1.0,0.2,0.3
1974,2,157.0,-8.0,29.0,29.0,29.0,29.0,1.0,0.0,22.0,1.0,0.2,0.2,27.8,27.8,27.8,27.8,1.0,0.0,22.0,1.0,0.2,0.2,17.6,17.6,17.6,17.6,1.0,0.0,22.0,1.0,0.2,0.2,75.2,75.2,75.2,75.2,1.0,0.0,22.0,1.0,0.2,4.6,4.6,4.6,4.6,1.0,0.0,22.0,1.0,0.2,0.2,-0.8,-0.8,-0.8,-0.8,1.0,0.0,22.0,1.0,0.2,0.2,-4.53,-4.53,-4.53,-4.53,1.0,0.0,22.0,1.0,0.2,0.2,1007.04,1007.35,1007.66,1007.35,2.0,0.64,26.0,1.0,0.3,0.2,4.0,4.0,4.0,4.0,1.0,0.0,22.0,1.0,0.2,0.2,-3.7,-3.7,-3.7,-3.7,1.0,0.0,22.0,1.0,0.2,0.2,-20.8,-20.8,-20.8,-20.8,1.0,0.0,22.0,1.0,0.2,0.2,1.2,1.2,1.2,1.2,1.0,0.0,22.0,1.0,0.2,0.2,5.5,5.5,5.5,5.5,1.0,0.0,22.0,1.0,0.2,0.2,7.63,7.63,7.63,7.63,1.0,0.0,22.0,1.0,0.2,0.2,35.1,35.1,35.1,35.1,1.0,0.0,22.0,1.0,0.2,0.2,-22.2,-22.2,-22.2,-22.2,1.0,0.0,22.0,1.0,0.2,0.2,-125.9,-125.9,-125.9,-125.9,1.0,0.0,22.0,1.0,0.2,0.2,-14.1,-14.1,-14.1,-14.1,1.0,0.0,22.0,1.0,0.2,0.2,-79.7,-79.7,-79.7,-79.7,1.0,0.0,22.0,1.0,0.2,0.2,-6.1,-6.1,-6.1,-6.1,1.0,0.0,22.0,1.0,0.2,0.2,-34.6,-34.6,-34.6,-34.6,1.0,0.0,22.0,1.0,0.2,0.2,97.5,97.5,97.5,97.5,1.0,0.0,22.0,1.0,0.2,0.2,95.0,95.0,95.0,95.0,1.0,0.0,22.0,1.0,0.2,0.2
1974,2,157.0,-7.0,,,,,,,,,,,,,,,,,,,,,,,,,,,,,,,,,,,,,,,,5.1,5.1,5.1,5.1,1.0,0.0,24.0,1.0,0.9,0.4,3.91,3.91,3.91,3.91,1.0,0.0,24.0,1.0,0.9,0.4,-3.28,-3.28,-3.28,-3.28,1.0,0.0,24.0,1.0,0.9,0.4,1005.4,1005.4,1005.4,1005.4,1.0,0.0,24.0,1.0,0.9,0.4,,,,,,,,,,,,,,,,,,,,,,,,,,,,,,,,,,,,,,,,,,,,,,,,,,,,,,,,,,,,,,,,,,,,,,,,,,,,,,,,,,,,,,,,,,,,,,,,,,,,,,,,,,,,,,,,,,,,,,,,,,,,,,,,,,,,,,,,,,,,,,,,,,,,,,
1974,2,157.0,-6.0,31.0,31.0,31.0,31.0,1.0,0.0,20.0,0.0,0.0,0.5,26.5,26.5,26.5,26.5,1.0,0.0,20.0,0.0,0.0,0.5,17.59,17.59,17.59,17.59,1.0,0.0,20.0,0.0,0.0,0.5,81.1,81.1,81.1,81.1,1.0,0.0,20.0,0.0,0.5,2.6,2.6,2.6,2.6,1.0,0.0,20.0,0.0,0.0,0.5,-2.56,-2.56,-2.56,-2.56,1.0,0.0,20.0,0.0,0.0,0.5,0.45,0.45,0.45,0.45,1.0,0.0,20.0,0.0,0.0,0.5,1008.5,1008.5,1008.5,1008.5,1.0,0.0,20.0,0.0,0.0,0.5,6.0,6.0,6.0,6.0,1.0,0.0,20.0,0.0,0.0,0.5,-6.7,-6.7,-6.7,-6.7,1.0,0.0,20.0,0.0,0.0,0.5,1.2,1.2,1.2,1.2,1.0,0.0,20.0,0.0,0.0,0.5,4.5,4.5,4.5,4.5,1.0,0.0,20.0,0.0,0.0,0.5,11.7,11.7,11.7,11.7,1.0,0.0,20.0,0.0,0.0,0.5,10.76,10.76,10.76,10.76,1.0,0.0,20.0,0.0,0.0,0.5,28.0,28.0,28.0,28.0,1.0,0.0,20.0,0.0,0.0,0.5,-67.9,-67.9,-67.9,-67.9,1.0,0.0,20.0,0.0,0.0,0.5,12.0,12.0,12.0,12.0,1.0,0.0,20.0,0.0,0.0,0.5,-45.0,-45.0,-45.0,-45.0,1.0,0.0,20.0,0.0,0.0,0.5,7.9,7.9,7.9,7.9,1.0,0.0,20.0,0.0,0.0,0.5,-27.5,-27.5,-27.5,-27.5,1.0,0.0,20.0,0.0,0.0,0.5,4.9,4.9,4.9,4.9,1.0,0.0,20.0,0.0,0.0,0.5,17.5,17.5,17.5,17.5,1.0,0.0,20.0,0.0,0.0,0.5,20.0,20.0,20.0,20.0,1.0,0.0,20.0,0.0,0.0,0.5
1974,2,157.0,-2.0,30.0,30.0,30.0,30.0,1.0,0.0,24.0,0.0,0.4,0.9,27.0,27.0,27.0,27.0,1.0,0.0,24.0,0.0,0.4,0.9,17.57,17.57,17.57,17.57,1.0,0.0,24.0,0.0,0.4,0.9,78.8,78.8,78.8,78.8,1.0,0.0,24.0,0.0,0.9,5.1,5.1,5.1,5.1,1.0,0.0,24.0,0.0,0.4,0.9,-2.55,-2.55,-2.55,-2.55,1.0,0.0,24.0,0.0,0.4,0.9,-4.42,-4.42,-4.42,-4.42,1.0,0.0,24.0,0.0,0.4,0.9,1009.8,1009.8,1009.8,1009.8,1.0,0.0,24.0,0.0,0.4,0.9,1.0,1.0,1.0,1.0,1.0,0.0,24.0,0.0,0.4,0.9,-13.0,-13.0,-13.0,-13.0,1.0,0.0,24.0,0.0,0.4,0.9,-22.5,-22.5,-22.5,-22.5,1.0,0.0,24.0,0.0,0.4,0.9,3.0,3.0,3.0,3.0,1.0,0.0,24.0,0.0,0.4,0.9,15.3,15.3,15.3,15.3,1.0,0.0,24.0,0.0,0.4,0.9,9.14,9.14,9.14,9.14,1.0,0.0,24.0,0.0,0.4,0.9,46.6,46.6,46.6,46.6,1.0,0.0,24.0,0.0,0.4,0.9,-68.8,-68.8,-68.8,-68.8,1.0,0.0,24.0,0.0,0.4,0.9,-119.3,-119.3,-119.3,-119.3,1.0,0.0,24.0,0.0,0.4,0.9,-44.8,-44.8,-44.8,-44.8,1.0,0.0,24.0,0.0,0.4,0.9,-77.6,-77.6,-77.6,-77.6,1.0,0.0,24.0,0.0,0.4,0.9,-23.3,-23.3,-23.3,-23.3,1.0,0.0,24.0,0.0,0.4,0.9,-40.4,-40.4,-40.4,-40.4,1.0,0.0,24.0,0.0,0.4,0.9,132.5,132.5,132.5,132.5,1.0,0.0,24.0,0.0,0.4,0.9,135.0,135.0,135.0,135.0,1.0,0.0,24.0,0.0,0.4,0.9
1974,2,157.0,-1.0,29.4,29.4,29.4,29.4,1.0,0.0,4.0,1.0,0.5,0.6,28.0,28.0,28.0,28.0,1.0,0.0,4.0,1.0,0.5,0.6,19.11,19.11,19.11,19.11,1.0,0.0,4.0,1.0,0.5,0.6,80.3,80.3,80.3,80.3,1.0,0.0,4.0,1.0,0.6,8.7,8.7,8.7,8.7,1.0,0.0,4.0,1.0,0.5,0.6,-8.57,-8.57,-8.57,-8.57,1.0,0.0,4.0,1.0,0.5,0.6,-1.51,-1.51,-1.51,-1.51,1.0,0.0,4.0,1.0,0.5,0.6,1005.0,1005.0,1005.0,1005.0,1.0,0.0,4.0,1.0,0.5,0.6,6.0,6.0,6.0,6.0,1.0,0.0,4.0,1.0,0.5,0.6,-74.5,-74.5,-74.5,-74.5,1.0,0.0,4.0,1.0,0.5,0.6,-13.1,-13.1,-13.1,-13.1,1.0,0.0,4.0,1.0,0.5,0.6,1.4,1.4,1.4,1.4,1.0,0.0,4.0,1.0,0.5,0.6,12.2,12.2,12.2,12.2,1.0,0.0,4.0,1.0,0.5,0.6,6.8,6.8,6.8,6.8,1.0,0.0,4.0,1.0,0.5,0.6,59.2,59.2,59.2,59.2,1.0,0.0,4.0,1.0,0.5,0.6,-239.9,-239.9,-239.9,-239.9,1.0,0.0,4.0,1.0,0.5,0.6,-42.3,-42.3,-42.3,-42.3,1.0,0.0,4.0,1.0,0.5,0.6,-163.7,-163.7,-163.7,-163.7,1.0,0.0,4.0,1.0,0.5,0.6,-28.9,-28.9,-28.9,-28.9,1.0,0.0,4.0,1.0,0.5,0.6,-58.3,-58.3,-58.3,-58.3,1.0,0.0,4.0,1.0,0.5,0.6,-10.3,-10.3,-10.3,-10.3,1.0,0.0,4.0,1.0,0.5,0.6,658.5,658.5,658.5,658.5,1.0,0.0,4.0,1.0,0.5,0.6,660.0,660.0,660.0,660.0,1.0,0.0,4.0,1.0,0.5,0.6
1974,2,157.0,0.0,29.0,29.0,29.0,29.0,2.0,0.0,4.0,0.5,0.1,0.4,28.46,28.6,28.74,28.6,2.0,0.28,4.0,0.5,0.1,0.4,17.33,17.38,17.43,17.38,2.0,0.1,4.0,0.5,0.1,0.4,70.2,70.7,71.1,70.7,2.0,0.9,4.0,0.5,0.4,9.46,9.8,10.14,9.8,2.0,0.71,4.0,0.5,0.1,0.4,-9.99,-9.65,-9.31,-9.65,2.0,0.7,4.0,0.5,0.1,0.4,-1.07,0.09,1.25,0.09,2.0,2.41,4.0,0.5,0.1,0.4,1004.49,1005.1,1005.71,1005.1,2.0,1.27,4.0,0.5,0.1,0.4,6.2,6.5,6.8,6.5,2.0,0.7,4.0,0.5,0.1,0.4,-101.4,-94.8,-88.2,-94.8,2.0,13.6,4.0,0.5,0.1,0.4,-9.7,1.7,13.1,1.7,2.0,23.6,4.0,0.5,0.1,0.4,0.26,0.4,0.54,0.4,2.0,0.28,4.0,0.5,0.1,0.4,2.5,4.0,5.5,4.0,2.0,3.1,4.0,0.5,0.1,0.4,7.89,7.92,7.95,7.92,2.0,0.07,4.0,0.5,0.1,0.4,74.6,77.7,80.7,77.7,2.0,6.2,4.0,0.5,0.1,0.4,-284.2,-275.9,-267.6,-275.9,2.0,17.2,4.0,0.5,0.1,0.4,-31.1,2.1,35.4,2.1,2.0,68.8,4.0,0.5,0.1,0.4,-173.1,-167.7,-162.3,-167.7,2.0,11.2,4.0,0.5,0.1,0.4,-18.8,1.4,21.6,1.4,2.0,41.8,4.0,0.5,0.1,0.4,-79.4,-76.5,-73.5,-76.5,2.0,6.1,4.0,0.5,0.1,0.4,-8.4,0.8,10.0,0.8,2.0,19.1,4.0,0.5,0.1,0.4,850.0,948.5,1047.0,948.5,2.0,204.0,4.0,0.5,0.1,0.4,850.0,950.0,1045.0,950.0,2.0,205.0,4.0,0.5,0.1,0.4
1974,2,157.0,2.0,30.0,30.0,30.0,30.0,1.0,0.0,2.0,1.0,0.9,0.5,32.0,32.0,32.0,32.0,1.0,0.0,2.0,1.0,0.9,0.5,28.97,28.97,28.97,28.97,1.0,0.0,2.0,1.0,0.9,0.5,96.6,96.6,96.6,96.6,1.0,0.0,2.0,1.0,0.5,4.6,4.6,4.6,4.6,1.0,0.0,2.0,1.0,0.9,0.5,-4.6,-4.6,-4.6,-4.6,1.0,0.0,2.0,1.0,0.9,0.5,0.0,0.0,0.0,0.0,1.0,0.0,2.0,1.0,0.9,0.5,1010.0,1010.0,1010.0,1010.0,1.0,0.0,2.0,1.0,0.9,0.5,5.0,5.0,5.0,5.0,1.0,0.0,2.0,1.0,0.9,0.5,-21.2,-21.2,-21.2,-21.2,1.0,0.0,2.0,1.0,0.9,0.5,0.0,0.0,0.0,0.0,1.0,0.0,2.0,1.0,0.9,0.5,-2.0,-2.0,-2.0,-2.0,1.0,0.0,2.0,1.0,0.9,0.5,-9.2,-9.2,-9.2,-9.2,1.0,0.0,2.0,1.0,0.9,0.5,-2.27,-2.27,-2.27,-2.27,1.0,0.0,2.0,1.0,0.9,0.5,-10.4,-10.4,-10.4,-10.4,1.0,0.0,2.0,1.0,0.9,0.5,-147.2,-147.2,-147.2,-147.2,1.0,0.0,2.0,1.0,0.9,0.5,0.0,0.0,0.0,0.0,1.0,0.0,2.0,1.0,0.9,0.5,-133.2,-133.2,-133.2,-133.2,1.0,0.0,2.0,1.0,0.9,0.5,0.0,0.0,0.0,0.0,1.0,0.0,2.0,1.0,0.9,0.5,10.4,10.4,10.4,10.4,1.0,0.0,2.0,1.0,0.9,0.5,0.0,0.0,0.0,0.0,1.0,0.0,2.0,1.0,0.9,0.5,97.5,97.5,97.5,97.5,1.0,0.0,2.0,1.0,0.9,0.5,95.0,95.0,95.0,95.0,1.0,0.0,2.0,1.0,0.9,0.5
1974,2,157.0,6.0,30.0,30.0,30.0,30.0,1.0,0.0,18.0,1.0,0.7,0.8,29.5,29.5,29.5,29.5,1.0,0.0,18.0,1.0,0.7,0.8,23.02,23.02,23.02,23.02,1.0,0.0,18.0,1.0,0.7,0.8,89.0,89.0,89.0,89.0,1.0,0.0,18.0,1.0,0.8,4.6,4.6,4.6,4.6,1.0,0.0,18.0,1.0,0.7,0.8,-3.52,-3.52,-3.52,-3.52,1.0,0.0,18.0,1.0,0.7,0.8,-2.96,-2.96,-2.96,-2.96,1.0,0.0,18.0,1.0,0.7,0.8,1005.46,1005.8,1009.35,1007.37,3.0,3.16,12.0,1.0,0.5,0.6,7.0,7.0,7.0,7.0,1.0,0.0,18.0,1.0,0.7,0.8,-16.2,-16.2,-16.2,-16.2,1.0,0.0,18.0,1.0,0.7,0.8,-13.6,-13.6,-13.6,-13.6,1.0,0.0,18.0,1.0,0.7,0.8,0.5,0.5,0.5,0.5,1.0,0.0,18.0,1.0,0.7,0.8,2.3,2.3,2.3,2.3,1.0,0.0,18.0,1.0,0.7,0.8,3.66,3.66,3.66,3.66,1.0,0.0,18.0,1.0,0.7,0.8,16.8,16.8,16.8,16.8,1.0,0.0,18.0,1.0,0.7,0.8,-104.0,-104.0,-104.0,-104.0,1.0,0.0,18.0,1.0,0.7,0.8,-87.2,-87.2,-87.2,-87.2,1.0,0.0,18.0,1.0,0.7,0.8,-81.1,-81.1,-81.1,-81.1,1.0,0.0,18.0,1.0,0.7,0.8,-68.1,-68.1,-68.1,-68.1,1.0,0.0,18.0,1.0,0.7,0.8,-12.9,-12.9,-12.9,-12.9,1.0,0.0,18.0,1.0,0.7,0.8,-10.8,-10.8,-10.8,-10.8,1.0,0.0,18.0,1.0,0.7,0.8,97.5,97.5,97.5,97.5,1.0,0.0,18.0,1.0,0.7,0.8,95.0,95.0,95.0,95.0,1.0,0.0,18.0,1.0,0.7,0.8
1974,2,157.0,7.0,28.0,28.0,28.0,28.0,1.0,0.0,12.0,0.0,0.9,0.9,26.5,26.5,26.5,26.5,1.0,0.0,12.0,0.0,0.9,0.9,19.29,19.29,19.29,19.29,1.0,0.0,12.0,0.0,0.9,0.9,88.8,88.8,88.8,88.8,1.0,0.0,12.0,0.0,0.9,4.6,4.6,4.6,4.6,1.0,0.0,12.0,0.0,0.9,0.9,-4.6,-4.6,-4.6,-4.6,1.0,0.0,12.0,0.0,0.9,0.9,0.0,0.0,0.0,0.0,1.0,0.0,12.0,0.0,0.9,0.9,1007.5,1007.5,1007.5,1007.5,1.0,0.0,12.0,0.0,0.9,0.9,,,,,,,,,,,,,,,,,,,,,,,,,,,,,,,1.5,1.5,1.5,1.5,1.0,0.0,12.0,0.0,0.9,0.9,6.9,6.9,6.9,6.9,1.0,0.0,12.0,0.0,0.9,0.9,4.5,4.5,4.5,4.5,1.0,0.0,12.0,0.0,0.9,0.9,20.7,20.7,20.7,20.7,1.0,0.0,12.0,0.0,0.9,0.9,-121.9,-121.9,-121.9,-121.9,1.0,0.0,12.0,0.0,0.9,0.9,0.0,0.0,0.0,0.0,1.0,0.0,12.0,0.0,0.9,0.9,-88.7,-88.7,-88.7,-88.7,1.0,0.0,12.0,0.0,0.9,0.9,0.0,0.0,0.0,0.0,1.0,0.0,12.0,0.0,0.9,0.9,-20.7,-20.7,-20.7,-20.7,1.0,0.0,12.0,0.0,0.9,0.9,0.0,0.0,0.0,0.0,1.0,0.0,12.0,0.0,0.9,0.9,97.5,97.5,97.5,97.5,1.0,0.0,12.0,0.0,0.9,0.9,95.0,95.0,95.0,95.0,1.0,0.0,12.0,0.0,0.9,0.9
1974,2,157.0,8.0,27.9,27.9,27.9,27.9,1.0,0.0,12.0,0.0,0.5,0.6,27.5,27.5,27.5,27.5,1.0,0.0,12.0,0.0,0.5,0.6,18.0,18.0,18.0,18.0,1.0,0.0,12.0,0.0,0.5,0.6,78.4,78.4,78.4,78.4,1.0,0.0,12.0,0.0,0.6,6.7,6.7,6.7,6.7,1.0,0.0,12.0,0.0,0.5,0.6,-6.7,-6.7,-6.7,-6.7,1.0,0.0,12.0,0.0,0.5,0.6,0.0,0.0,0.0,0.0,1.0,0.0,12.0,0.0,0.5,0.6,1009.7,1009.7,1009.7,1009.7,1.0,0.0,12.0,0.0,0.5,0.6,0.0,0.0,0.0,0.0,1.0,0.0,12.0,0.0,0.5,0.6,-44.9,-44.9,-44.9,-44.9,1.0,0.0,12.0,0.0,0.5,0.6,0.0,0.0,0.0,0.0,1.0,0.0,12.0,0.0,0.5,0.6,0.4,0.4,0.4,0.4,1.0,0.0,12.0,0.0,0.5,0.6,2.7,2.7,2.7,2.7,1.0,0.0,12.0,0.0,0.5,0.6,5.6,5.6,5.6,5.6,1.0,0.0,12.0,0.0,0.5,0.6,37.5,37.5,37.5,37.5,1.0,0.0,12.0,0.0,0.5,0.6,-184.2,-184.2,-184.2,-184.2,1.0,0.0,12.0,0.0,0.5,0.6,0.0,0.0,0.0,0.0,1.0,0.0,12.0,0.0,0.5,0.6,-120.6,-120.6,-120.6,-120.6,1.0,0.0,12.0,0.0,0.5,0.6,0.0,0.0,0.0,0.0,1.0,0.0,12.0,0.0,0.5,0.6,-37.5,-37.5,-37.5,-37.5,1.0,0.0,12.0,0.0,0.5,0.6,0.0,0.0,0.0,0.0,1.0,0.0,12.0,0.0,0.5,0.6,301.0,301.0,301.0,301.0,1.0,0.0,12.0,0.0,0.5,0.6,300.0,300.0,300.0,300.0,1.0,0.0,12.0,0.0,0.5,0.6
1974,2,157.0,9.0,27.5,27.5,27.5,27.5,1.0,0.0,12.0,0.0,0.1,0.3,27.5,27.5,27.5,27.5,1.0,0.0,12.0,0.0,0.1,0.3,20.48,20.48,20.48,20.48,1.0,0.0,12.0,0.0,0.1,0.3,88.9,88.9,88.9,88.9,1.0,0.0,12.0,0.0,0.3,9.3,9.3,9.3,9.3,1.0,0.0,12.0,0.0,0.1,0.3,-9.3,-9.3,-9.3,-9.3,1.0,0.0,12.0,0.0,0.1,0.3,0.0,0.0,0.0,0.0,1.0,0.0,12.0,0.0,0.1,0.3,1008.2,1008.2,1008.2,1008.2,1.0,0.0,12.0,0.0,0.1,0.3,4.0,4.0,4.0,4.0,1.0,0.0,12.0,0.0,0.1,0.3,-86.5,-86.5,-86.5,-86.5,1.0,0.0,12.0,0.0,0.1,0.3,0.0,0.0,0.0,0.0,1.0,0.0,12.0,0.0,0.1,0.3,0.0,0.0,0.0,0.0,1.0,0.0,12.0,0.0,0.1,0.3,0.0,0.0,0.0,0.0,1.0,0.0,12.0,0.0,0.1,0.3,2.6,2.6,2.6,2.6,1.0,0.0,12.0,0.0,0.1,0.3,24.2,24.2,24.2,24.2,1.0,0.0,12.0,0.0,0.1,0.3,-255.7,-255.7,-255.7,-255.7,1.0,0.0,12.0,0.0,0.1,0.3,0.0,0.0,0.0,0.0,1.0,0.0,12.0,0.0,0.1,0.3,-190.5,-190.5,-190.5,-190.5,1.0,0.0,12.0,0.0,0.1,0.3,0.0,0.0,0.0,0.0,1.0,0.0,12.0,0.0,0.1,0.3,-24.2,-24.2,-24.2,-24.2,1.0,0.0,12.0,0.0,0.1,0.3,0.0,0.0,0.0,0.0,1.0,0.0,12.0,0.0,0.1,0.3,804.5,804.5,804.5,804.5,1.0,0.0,12.0,0.0,0.1,0.3,805.0,805.0,805.0,805.0,1.0,0.0,12.0,0.0,0.1,0.3
1974,2,157.0,11.0,26.47,27.25,28.03,27.25,2.0,1.63,12.0,0.5,0.1,0.2,26.7,26.7,26.7,26.7,1.0,0.0,2.0,0.0,0.3,0.1,17.33,17.33,17.33,17.33,1.0,0.0,2.0,0.0,0.3,0.1,79.2,79.2,79.2,79.2,1.0,0.0,2.0,0.0,0.1,5.77,7.2,8.63,7.2,2.0,2.97,12.0,0.5,0.1,0.2,-7.54,-6.42,-5.31,-6.42,2.0,2.31,12.0,0.5,0.1,0.2,-4.19,-3.2,-2.21,-3.2,2.0,2.05,12.0,0.5,0.1,0.2,1008.93,1009.85,1010.77,1009.85,2.0,1.91,12.0,0.5,0.1,0.2,2.6,4.0,5.4,4.0,2.0,2.8,12.0,0.5,0.1,0.2,-66.9,-49.7,-32.4,-49.7,2.0,35.7,12.0,0.5,0.1,0.2,-37.8,-26.1,-14.3,-26.1,2.0,24.3,12.0,0.5,0.1,0.2,1.7,1.7,1.7,1.7,1.0,0.0,2.0,0.0,0.3,0.1,8.7,8.7,8.7,8.7,1.0,0.0,2.0,0.0,0.3,0.1,6.95,6.95,6.95,6.95,1.0,0.0,2.0,0.0,0.3,0.1,35.4,35.4,35.4,35.4,1.0,0.0,2.0,0.0,0.3,0.1,-128.0,-128.0,-128.0,-128.0,1.0,0.0,2.0,0.0,0.3,0.1,-46.6,-46.6,-46.6,-46.6,1.0,0.0,2.0,0.0,0.3,0.1,-83.0,-83.0,-83.0,-83.0,1.0,0.0,2.0,0.0,0.3,0.1,-30.2,-30.2,-30.2,-30.2,1.0,0.0,2.0,0.0,0.3,0.1,-33.3,-33.3,-33.3,-33.3,1.0,0.0,2.0,0.0,0.3,0.1,-12.1,-12.1,-12.1,-12.1,1.0,0.0,2.0,0.0,0.3,0.1,239.5,468.5,698.0,468.5,2.0,475.0,12.0,0.5,0.1,0.2,240.0,470.0,700.0,470.0,2.0,475.0,12.0,0.5,0.1,0.2
1974,2,157.0,13.0,27.0,27.0,27.0,27.0,1.0,0.0,14.0,0.0,0.2,0.6,26.0,26.0,26.0,26.0,1.0,0.0,14.0,0.0,0.2,0.6,17.74,17.74,17.74,17.74,1.0,0.0,14.0,0.0,0.2,0.6,84.6,84.6,84.6,84.6,1.0,0.0,14.0,0.0,0.6,5.1,5.1,5.1,5.1,1.0,0.0,14.0,0.0,0.2,0.6,-3.91,-3.91,-3.91,-3.91,1.0,0.0,14.0,0.0,0.2,0.6,-3.28,-3.28,-3.28,-3.28,1.0,0.0,14.0,0.0,0.2,0.6,1012.0,1012.0,1012.0,1012.0,1.0,0.0,14.0,0.0,0.2,0.6,0.0,0.0,0.0,0.0,1.0,0.0,14.0,0.0,0.2,0.6,-19.9,-19.9,-19.9,-19.9,1.0,0.0,14.0,0.0,0.2,0.6,-16.7,-16.7,-16.7,-16.7,1.0,0.0,14.0,0.0,0.2,0.6,1.0,1.0,1.0,1.0,1.0,0.0,14.0,0.0,0.2,0.6,5.1,5.1,5.1,5.1,1.0,0.0,14.0,0.0,0.2,0.6,4.58,4.58,4.58,4.58,1.0,0.0,14.0,0.0,0.2,0.6,23.3,23.3,23.3,23.3,1.0,0.0,14.0,0.0,0.2,0.6,-101.6,-101.6,-101.6,-101.6,1.0,0.0,14.0,0.0,0.2,0.6,-85.2,-85.2,-85.2,-85.2,1.0,0.0,14.0,0.0,0.2,0.6,-69.3,-69.3,-69.3,-69.3,1.0,0.0,14.0,0.0,0.2,0.6,-58.2,-58.2,-58.2,-58.2,1.0,0.0,14.0,0.0,0.2,0.6,-17.9,-17.9,-17.9,-17.9,1.0,0.0,14.0,0.0,0.2,0.6,-15.0,-15.0,-15.0,-15.0,1.0,0.0,14.0,0.0,0.2,0.6,132.5,132.5,132.5,132.5,1.0,0.0,14.0,0.0,0.2,0.6,135.0,135.0,135.0,135.0,1.0,0.0,14.0,0.0,0.2,0.6
1974,2,157.0,15.0,26.86,27.2,29.11,27.97,3.0,1.78,8.0,0.7,0.6,0.3,26.23,27.6,28.35,27.3,3.0,1.57,8.0,0.7,0.6,0.3,16.47,16.69,18.55,17.49,3.0,1.67,8.0,0.7,0.6,0.3,73.5,78.5,80.9,77.2,3.0,5.6,8.0,0.7,0.3,3.39,5.1,6.53,4.97,3.0,2.3,8.0,0.7,0.6,0.3,-6.24,-4.42,-3.07,-4.65,3.0,2.33,8.0,0.7,0.6,0.3,-0.21,1.25,2.14,0.97,3.0,1.74,8.0,0.7,0.6,0.3,1009.25,1013.0,1016.48,1012.87,3.0,5.3,8.0,0.7,0.6,0.3,2.0,2.0,2.0,2.0,2.0,0.0,6.0,1.0,0.7,0.3,-42.0,-22.5,-11.5,-26.6,3.0,22.6,8.0,0.7,0.6,0.3,1.3,9.0,11.7,6.6,3.0,7.9,8.0,0.7,0.6,0.3,-0.86,1.6,2.15,0.67,3.0,2.34,8.0,0.7,0.6,0.3,-7.8,6.2,7.6,0.0,3.0,12.5,8.0,0.7,0.6,0.3,3.61,5.76,8.83,6.21,3.0,3.84,8.0,0.7,0.6,0.3,21.3,26.7,28.5,25.0,3.0,5.5,8.0,0.7,0.6,0.3,-174.8,-113.1,-81.9,-128.0,3.0,69.3,8.0,0.7,0.6,0.3,-5.4,35.9,55.9,25.5,3.0,45.8,8.0,0.7,0.6,0.3,-117.3,-73.7,-50.7,-83.8,3.0,49.6,8.0,0.7,0.6,0.3,-2.2,24.3,36.8,17.4,3.0,29.2,8.0,0.7,0.6,0.3,-25.3,-25.1,-20.6,-23.0,3.0,3.9,8.0,0.7,0.6,0.3,-5.2,3.3,11.1,2.9,3.0,11.9,8.0,0.7,0.6,0.3,54.0,132.5,297.0,174.5,3.0,181.5,8.0,0.7,0.6,0.3,55.0,135.0,295.0,175.0,3.0,180.0,8.0,0.7,0.6,0.3
1974,2,157.0,16.0,27.1,27.8,28.34,27.72,6.0,0.67,10.0,0.5,0.4,0.6,25.75,26.45,28.13,26.77,6.0,1.7,10.0,0.5,0.4,0.6,15.52,17.37,19.56,17.65,6.0,2.12,10.0,0.5,0.4,0.6,69.7,82.3,90.8,80.5,6.0,10.2,10.0,0.5,0.6,4.89,8.2,13.07,8.74,5.0,4.72,12.0,0.4,0.4,0.6,-11.22,-8.2,-4.2,-7.56,5.0,4.33,12.0,0.4,0.4,0.6,-6.05,-2.44,-0.68,-3.4,5.0,3.63,12.0,0.4,0.4,0.6,1010.5,1011.35,1014.25,1012.2,6.0,2.15,10.0,0.5,0.4,0.6,0.0,3.5,6.2,3.3,6.0,2.9,10.0,0.5,0.4,0.6,-148.3,-67.2,-24.9,-81.7,5.0,67.2,12.0,0.4,0.4,0.6,-81.5,-6.7,-4.0,-39.6,5.0,56.3,12.0,0.4,0.4,0.6,-1.2,1.7,2.32,0.95,6.0,1.83,10.0,0.5,0.4,0.6,1.0,13.9,25.4,12.6,5.0,14.9,12.0,0.4,0.4,0.6,3.85,5.85,7.05,5.65,6.0,2.2,10.0,0.5,0.4,0.6,14.9,34.5,98.1,54.6,5.0,49.3,12.0,0.4,0.4,0.6,-297.8,-214.0,-121.9,-202.5,5.0,113.9,12.0,0.4,0.4,0.6,-160.3,-59.6,-20.1,-89.8,5.0,97.2,12.0,0.4,0.4,0.6,-182.4,-157.5,-86.7,-134.7,5.0,71.8,12.0,0.4,0.4,0.6,-99.1,-42.2,-14.3,-56.4,5.0,55.7,12.0,0.4,0.4,0.6,-84.1,-34.5,-11.5,-45.7,5.0,40.0,12.0,0.4,0.4,0.6,-47.7,-12.9,-1.7,-25.1,5.0,33.9,12.0,0.4,0.4,0.6,157.5,551.5,2272.0,1131.0,5.0,1259.5,12.0,0.4,0.4,0.6,160.0,550.0,2270.0,1130.0,5.0,1260.0,12.0,0.4,0.4,0.6
1974,2,157.0,17.0,26.83,27.45,27.86,27.35,4.0,0.66,20.0,0.0,0.5,0.3,24.69,25.25,25.5,25.1,4.0,0.52,20.0,0.0,0.5,0.3,14.78,15.82,17.33,16.04,4.0,1.65,20.0,0.0,0.5,0.3,75.4,78.3,86.7,80.9,4.0,7.8,20.0,0.0,0.3,7.68,11.6,13.9,10.83,4.0,3.77,20.0,0.0,0.5,0.3,-12.57,-10.05,-7.03,-9.81,4.0,3.28,20.0,0.0,0.5,0.3,-5.9,-4.7,-2.78,-4.36,4.0,2.43,20.0,0.0,0.5,0.3,1012.43,1014.25,1016.86,1014.63,4.0,2.72,20.0,0.0,0.5,0.3,2.0,2.5,5.1,3.5,4.0,2.4,20.0,0.0,0.5,0.3,-174.8,-121.1,-55.5,-115.4,4.0,70.1,20.0,0.0,0.5,0.3,-82.1,-54.7,-24.1,-53.2,4.0,37.9,20.0,0.0,0.5,0.3,1.33,2.35,3.16,2.25,4.0,1.08,20.0,0.0,0.5,0.3,14.8,17.2,32.9,23.5,4.0,15.0,20.0,0.0,0.5,0.3,5.32,6.38,8.11,6.7,4.0,1.72,20.0,0.0,0.5,0.3,50.0,69.5,98.8,74.2,4.0,36.9,20.0,0.0,0.5,0.3,-313.1,-256.2,-177.8,-245.9,4.0,80.3,20.0,0.0,0.5,0.3,-149.3,-117.3,-69.3,-109.7,4.0,62.0,20.0,0.0,0.5,0.3,-192.7,-155.2,-116.6,-154.7,4.0,44.0,20.0,0.0,0.5,0.3,-93.4,-69.6,-42.8,-68.2,4.0,38.5,20.0,0.0,0.5,0.3,-90.3,-60.2,-45.4,-67.5,4.0,34.7,20.0,0.0,0.5,0.3,-39.2,-34.8,-19.2,-29.4,4.0,16.1,20.0,0.0,0.5,0.3,508.0,1745.0,2685.5,1603.5,4.0,1270.5,20.0,0.0,0.5,0.3,510.0,1745.0,2685.0,1605.0,4.0,1270.0,20.0,0.0,0.5,0.3
1974,2,157.0,18.0,26.75,26.85,26.95,26.85,2.0,0.21,8.0,0.5,0.5,0.8,26.83,27.1,27.37,27.1,2.0,0.57,8.0,0.5,0.5,0.8,16.63,16.92,17.21,16.92,2.0,0.59,8.0,0.5,0.5,0.8,73.1,75.6,78.1,75.6,2.0,5.1,8.0,0.5,0.8,4.26,4.6,4.94,4.6,2.0,0.71,8.0,0.5,0.5,0.8,-4.25,-3.1,-1.94,-3.1,2.0,2.4,8.0,0.5,0.5,0.8,2.08,2.8,3.52,2.8,2.0,1.49,8.0,0.5,0.5,0.8,1010.58,1010.75,1010.92,1010.75,2.0,0.35,8.0,0.5,0.5,0.8,1.2,1.5,1.8,1.5,2.0,0.7,8.0,0.5,0.5,0.8,-21.5,-15.1,-8.7,-15.1,2.0,13.2,8.0,0.5,0.5,0.8,10.0,12.3,14.7,12.3,2.0,4.9,8.0,0.5,0.5,0.8,-0.42,-0.25,-0.08,-0.25,2.0,0.35,8.0,0.5,0.5,0.8,-1.7,-1.0,-0.3,-1.0,2.0,1.4,8.0,0.5,0.5,0.8,4.81,5.23,5.65,5.23,2.0,0.87,8.0,0.5,0.5,0.8,23.6,23.8,23.9,23.8,2.0,0.3,8.0,0.5,0.5,0.8,-113.8,-83.3,-52.7,-83.3,2.0,63.2,8.0,0.5,0.5,0.8,56.0,76.3,96.5,76.3,2.0,42.0,8.0,0.5,0.5,0.8,-73.6,-53.1,-32.7,-53.1,2.0,42.4,8.0,0.5,0.5,0.8,35.5,46.9,58.3,46.9,2.0,23.6,8.0,0.5,0.5,0.8,-19.9,-15.2,-10.4,-15.2,2.0,9.9,8.0,0.5,0.5,0.8,10.3,15.3,20.2,15.3,2.0,10.2,8.0,0.5,0.5,0.8,79.0,101.0,122.5,101.0,2.0,45.0,8.0,0.5,0.5,0.8,80.0,100.0,125.0,100.0,2.0,45.0,8.0,0.5,0.5,0.8
1974,2,157.0,19.0,25.6,25.6,27.24,26.4,3.0,1.39,6.0,0.7,0.3,0.5,23.93,24.2,26.25,25.07,3.0,1.86,6.0,0.7,0.3,0.5,13.71,14.49,15.56,14.63,3.0,1.36,6.0,0.7,0.3,0.5,71.4,71.5,76.8,74.0,3.0,4.5,6.0,0.7,0.5,5.61,6.7,7.38,6.5,3.0,1.31,6.0,0.7,0.3,0.5,-6.07,-4.79,-3.81,-4.94,3.0,1.66,6.0,0.7,0.3,0.5,-5.18,-3.85,-2.41,-3.8,3.0,2.03,6.0,0.7,0.3,0.5,1014.58,1016.9,1017.31,1015.97,3.0,2.16,6.0,0.7,0.3,0.5,2.3,5.0,5.0,3.7,3.0,2.3,6.0,0.7,0.3,0.5,-42.8,-24.4,-23.1,-32.7,3.0,16.1,6.0,0.7,0.3,0.5,-35.9,-29.6,-15.5,-25.8,3.0,15.4,6.0,0.7,0.3,0.5,-0.52,1.8,3.17,1.33,3.0,2.73,6.0,0.7,0.3,0.5,-1.7,12.1,23.8,11.1,3.0,18.7,6.0,0.7,0.3,0.5,4.91,5.94,8.86,6.86,3.0,3.0,6.0,0.7,0.3,0.5,28.1,39.8,66.3,47.0,3.0,28.7,6.0,0.7,0.3,0.5,-151.5,-130.4,-95.8,-123.8,3.0,41.2,6.0,0.7,0.3,0.5,-123.8,-93.2,-62.0,-92.9,3.0,45.3,6.0,0.7,0.3,0.5,-85.2,-77.0,-57.6,-71.5,3.0,20.8,6.0,0.7,0.3,0.5,-73.7,-51.4,-35.4,-54.5,3.0,28.2,6.0,0.7,0.3,0.5,-53.2,-21.3,-20.3,-36.4,3.0,27.5,6.0,0.7,0.3,0.5,-37.8,-34.5,-16.2,-27.2,3.0,17.0,6.0,0.7,0.3,0.5,186.0,301.0,407.0,296.5,3.0,162.0,6.0,0.7,0.3,0.5,185.0,300.0,405.0,295.0,3.0,160.0,6.0,0.7,0.3,0.5
1974,2,157.0,20.0,25.53,25.6,26.43,25.94,5.0,0.65,16.0,0.6,0.5,0.4,24.28,24.9,25.22,24.78,5.0,0.63,16.0,0.6,0.5,0.4,12.54,12.75,14.52,13.36,5.0,1.09,16.0,0.6,0.5,0.4,66.0,66.7,72.4,68.7,5.0,3.7,16.0,0.6,0.4,5.48,8.2,11.24,8.36,5.0,3.04,16.0,0.6,0.5,0.4,-10.76,-7.71,-3.17,-7.02,5.0,4.37,16.0,0.6,0.5,0.4,-4.39,-2.8,-2.38,-3.35,5.0,1.39,16.0,0.6,0.5,0.4,1012.5,1015.9,1016.74,1014.94,5.0,2.3,16.0,0.6,0.5,0.4,2.3,4.0,6.4,4.2,5.0,2.4,16.0,0.6,0.5,0.4,-121.4,-63.2,-16.4,-68.6,5.0,57.4,16.0,0.6,0.5,0.4,-34.9,-25.0,-19.3,-26.6,5.0,10.1,16.0,0.6,0.5,0.4,0.32,1.1,2.07,1.16,5.0,0.94,16.0,0.6,0.5,0.4,1.8,5.6,20.2,10.1,5.0,10.4,16.0,0.6,0.5,0.4,6.89,7.72,8.17,7.54,5.0,1.08,16.0,0.6,0.5,0.4,41.6,63.2,80.0,62.2,5.0,22.0,16.0,0.6,0.5,0.4,-272.8,-184.2,-77.7,-174.5,5.0,110.5,16.0,0.6,0.5,0.4,-111.1,-67.0,-58.7,-83.2,5.0,35.3,16.0,0.6,0.5,0.4,-156.5,-94.5,-40.3,-96.5,5.0,65.0,16.0,0.6,0.5,0.4,-60.3,-34.4,-31.7,-44.5,5.0,17.7,16.0,0.6,0.5,0.4,-76.7,-59.4,-24.5,-52.1,5.0,32.3,16.0,0.6,0.5,0.4,-31.2,-21.6,-18.4,-24.9,5.0,10.1,16.0,0.6,0.5,0.4,166.0,551.5,1430.5,771.5,5.0,699.0,16.0,0.6,0.5,0.4,165.0,550.0,1430.0,770.0,5.0,700.0,16.0,0.6,0.5,0.4
1974,2,157.0,22.0,22.38,23.15,24.86,23.6,4.0,1.78,16.0,0.5,0.5,0.3,22.32,24.3,26.07,24.2,4.0,2.23,20.0,0.5,0.5,0.4,10.56,14.53,14.65,12.65,3.0,3.41,20.0,0.3,0.4,0.4,50.6,67.5,83.7,67.1,3.0,24.2,20.0,0.3,0.4,5.07,6.2,9.46,7.22,5.0,3.78,16.0,0.6,0.5,0.4,-5.5,-1.08,2.37,-1.79,5.0,6.05,16.0,0.6,0.5,0.4,-6.32,-6.11,0.51,-3.15,5.0,5.14,16.0,0.6,0.5,0.4,1011.46,1013.75,1014.0,1012.78,4.0,2.13,16.0,0.5,0.5,0.3,3.0,4.0,4.7,4.0,5.0,1.2,16.0,0.6,0.5,0.4,-61.0,-6.2,16.4,-25.7,5.0,74.4,16.0,0.6,0.5,0.4,-56.8,-37.9,9.8,-26.6,5.0,47.5,16.0,0.6,0.5,0.4,-3.74,-2.1,0.08,-1.83,3.0,2.81,20.0,0.3,0.4,0.4,-14.7,-13.9,5.6,-4.8,3.0,16.9,20.0,0.3,0.4,0.4,2.13,2.57,7.23,4.63,3.0,4.14,20.0,0.3,0.4,0.4,15.0,34.4,57.1,36.0,3.0,30.9,20.0,0.3,0.4,0.4,-157.1,-14.0,73.9,-40.3,4.0,157.4,20.0,0.5,0.5,0.4,-143.0,-101.7,44.0,-51.9,4.0,134.1,20.0,0.5,0.5,0.4,-125.7,-29.0,18.4,-53.1,3.0,107.6,20.0,0.3,0.4,0.4,-78.2,-34.5,21.9,-28.3,3.0,73.5,20.0,0.3,0.4,0.4,-21.6,-3.8,28.5,3.3,3.0,37.2,20.0,0.3,0.4,0.4,-13.2,-4.6,33.9,10.0,3.0,36.8,20.0,0.3,0.4,0.4,162.0,238.5,1115.5,657.0,5.0,985.5,16.0,0.6,0.5,0.4,160.0,240.0,1115.0,655.0,5.0,985.0,16.0,0.6,0.5,0.4
1974,2,157.0,23.0,22.08,22.9,23.4,22.75,4.0,0.82,12.0,0.3,0.4,0.5,21.06,22.0,24.01,22.44,5.0,1.52,12.0,0.4,0.5,0.6,10.64,13.86,15.99,13.34,4.0,3.55,12.0,0.5,0.6,0.7,67.3,87.4,93.9,80.9,4.0,19.3,12.0,0.5,0.7,3.69,4.6,6.23,4.92,5.0,2.18,12.0,0.4,0.5,0.6,-0.75,2.07,4.03,1.39,5.0,3.63,12.0,0.4,0.5,0.6,-1.95,-0.36,5.34,1.4,5.0,4.12,12.0,0.4,0.5,0.6,1011.29,1013.5,1014.6,1012.88,5.0,2.24,12.0,0.4,0.5,0.6,2.6,7.0,7.4,5.4,5.0,2.7,12.0,0.4,0.5,0.6,-6.2,7.2,23.9,7.8,5.0,21.4,12.0,0.4,0.5,0.6,-9.5,-0.8,33.9,11.6,5.0,28.8,12.0,0.4,0.5,0.6,-0.65,-0.05,0.55,-0.05,4.0,0.7,12.0,0.3,0.4,0.5,-4.3,-0.2,2.7,-0.8,4.0,4.2,12.0,0.3,0.4,0.5,0.98,1.25,6.05,3.46,3.0,4.18,14.0,0.3,0.5,0.7,4.7,6.4,28.0,16.1,3.0,19.0,14.0,0.3,0.5,0.7,-13.1,43.4,91.9,33.4,5.0,79.8,12.0,0.4,0.5,0.6,-41.8,-7.7,128.3,36.0,5.0,97.1,12.0,0.4,0.5,0.6,-24.9,26.6,30.8,4.1,4.0,50.5,12.0,0.5,0.6,0.7,-23.1,-12.3,36.2,5.7,4.0,46.0,12.0,0.5,0.6,0.7,-3.7,1.3,22.9,9.4,3.0,20.7,14.0,0.3,0.5,0.7,-13.7,-2.2,1.8,-5.8,3.0,11.8,14.0,0.3,0.5,0.7,65.0,97.5,285.5,177.5,5.0,214.0,12.0,0.4,0.5,0.6,65.0,95.0,285.0,180.0,5.0,215.0,12.0,0.4,0.5,0.6
1974,2,157.0,24.0,21.84,22.2,23.12,22.49,7.0,1.51,16.0,0.6,0.4,0.3,19.69,19.9,22.14,20.7,7.0,2.31,16.0,0.6,0.4,0.3,7.92,9.02,12.2,10.04,7.0,3.16,16.0,0.6,0.4,0.3,59.2,60.2,73.7,64.8,7.0,9.7,16.0,0.6,0.3,4.03,4.1,8.5,6.01,7.0,4.08,16.0,0.6,0.4,0.3,-5.71,-3.14,-2.59,-4.75,7.0,4.4,16.0,0.6,0.4,0.3,-3.29,-2.96,0.1,-2.31,7.0,2.63,16.0,0.6,0.4,0.3,1015.29,1015.6,1020.85,1016.96,7.0,3.17,16.0,0.6,0.4,0.3,1.8,2.5,7.0,3.7,6.0,2.7,16.0,0.5,0.4,0.4,-51.1,-12.9,-10.5,-43.7,7.0,73.3,16.0,0.6,0.4,0.3,-15.4,-12.9,0.2,-13.8,7.0,18.2,16.0,0.6,0.4,0.3,1.87,2.2,3.02,1.79,7.0,2.09,16.0,0.6,0.4,0.3,7.9,12.3,18.7,12.7,7.0,11.7,16.0,0.6,0.4,0.3,7.26,7.83,8.33,6.92,7.0,2.94,16.0,0.6,0.4,0.3,29.7,32.1,71.9,46.0,7.0,37.9,16.0,0.6,0.4,0.3,-113.7,-62.2,-46.2,-97.7,7.0,91.5,16.0,0.6,0.4,0.3,-67.9,-55.3,2.4,-44.2,7.0,55.0,16.0,0.6,0.4,0.3,-46.5,-27.4,-23.6,-44.6,7.0,39.0,16.0,0.6,0.4,0.3,-36.1,-23.1,1.6,-18.1,7.0,27.0,16.0,0.6,0.4,0.3,-48.2,-24.6,-19.1,-36.9,7.0,38.6,16.0,0.6,0.4,0.3,-26.0,-23.9,0.0,-20.8,7.0,18.2,16.0,0.6,0.4,0.3,66.5,69.0,667.5,551.5,7.0,1089.0,16.0,0.6,0.4,0.3,65.0,70.0,670.0,550.0,7.0,1090.0,16.0,0.6,0.4,0.3
1974,2,157.0,25.0,21.58,22.6,25.12,23.1,6.0,1.82,16.0,0.8,0.5,0.4,18.03,19.05,23.61,20.48,6.0,3.61,16.0,0.8,0.5,0.4,7.99,10.19,13.17,10.58,6.0,2.87,16.0,0.8,0.5,0.4,63.9,67.2,74.4,70.0,6.0,12.5,16.0,0.8,0.4,2.6,4.65,9.05,5.83,6.0,3.9,16.0,0.8,0.5,0.4,-4.42,0.0,5.93,-0.2,6.0,7.1,16.0,0.8,0.5,0.4,-2.58,-2.22,-1.13,-1.9,6.0,1.08,16.0,0.8,0.5,0.4,1014.21,1020.15,1021.61,1018.62,6.0,3.89,16.0,0.8,0.5,0.4,2.8,4.5,7.2,4.8,6.0,2.3,16.0,0.8,0.5,0.4,-37.1,0.0,40.1,-9.9,6.0,74.7,16.0,0.8,0.5,0.4,-13.2,-6.4,-4.9,-8.3,6.0,6.5,16.0,0.8,0.5,0.4,-1.1,2.95,6.0,2.62,6.0,3.24,16.0,0.8,0.5,0.4,-10.0,8.6,20.1,7.9,6.0,18.4,16.0,0.8,0.5,0.4,5.58,7.35,8.3,7.03,6.0,1.79,16.0,0.8,0.5,0.4,23.4,34.0,49.3,35.4,6.0,13.9,16.0,0.8,0.5,0.4,-92.4,0.9,125.5,-0.7,6.0,166.1,16.0,0.8,0.5,0.4,-49.2,-39.8,-28.9,-36.9,6.0,19.8,16.0,0.8,0.5,0.4,-46.2,-0.2,78.8,3.3,6.0,89.7,16.0,0.8,0.5,0.4,-24.6,-19.2,-13.5,-19.3,6.0,12.6,16.0,0.8,0.5,0.4,-25.8,-0.7,39.5,2.3,6.0,36.9,16.0,0.8,0.5,0.4,-21.8,-17.5,-6.7,-14.6,6.0,8.8,16.0,0.8,0.5,0.4,17.5,134.0,822.0,452.5,6.0,720.5,16.0,0.8,0.5,0.4,20.0,135.0,820.0,455.0,6.0,720.0,16.0,0.8,0.5,0.4
1974,2,157.0,26.0,18.2,20.65,22.21,20.45,6.0,2.0,12.0,0.3,0.2,0.6,15.5,16.6,18.0,17.28,8.0,2.5,10.0,0.5,0.3,0.6,6.81,7.35,10.56,8.4,6.0,2.5,12.0,0.5,0.3,0.5,56.1,64.1,76.8,67.1,6.0,13.3,12.0,0.5,0.5,1.79,4.85,10.01,6.15,8.0,4.66,10.0,0.5,0.3,0.6,-2.14,-0.36,1.19,0.17,8.0,3.3,10.0,0.5,0.3,0.6,-9.16,-2.77,3.43,-2.82,8.0,6.7,10.0,0.5,0.3,0.6,1016.58,1020.5,1022.37,1019.1,8.0,4.08,10.0,0.5,0.3,0.6,2.1,4.5,6.9,4.4,8.0,2.8,10.0,0.5,0.3,0.6,-9.9,-1.5,9.2,8.4,8.0,43.6,10.0,0.5,0.3,0.6,-91.5,-9.4,16.2,-32.6,8.0,78.5,10.0,0.5,0.3,0.6,2.56,3.55,6.6,4.22,6.0,2.08,12.0,0.3,0.2,0.6,5.4,22.0,49.3,27.4,6.0,25.9,12.0,0.3,0.2,0.6,7.16,7.33,8.66,7.79,5.0,0.84,12.0,0.4,0.2,0.6,10.7,29.9,56.8,35.5,5.0,33.2,12.0,0.4,0.2,0.6,-38.4,-6.4,27.1,2.6,8.0,51.8,10.0,0.5,0.3,0.6,-142.3,-49.2,62.0,-37.0,8.0,118.1,10.0,0.5,0.3,0.6,-12.5,-2.5,3.5,-3.9,6.0,14.2,12.0,0.5,0.3,0.5,-55.0,-19.7,15.2,-12.1,6.0,58.7,12.0,0.5,0.3,0.5,-15.4,-5.2,0.0,-8.5,5.0,12.9,12.0,0.4,0.2,0.6,-54.5,-29.4,-10.7,-34.2,5.0,30.9,12.0,0.4,0.2,0.6,10.5,115.0,1022.0,645.0,8.0,1137.0,10.0,0.5,0.3,0.6,10.0,115.0,1020.0,645.0,8.0,1135.0,10.0,0.5,0.3,0.6
1974,2,157.0,27.0,17.76,18.0,20.02,18.49,7.0,1.28,12.0,0.4,0.4,0.6,14.95,17.8,18.57,17.09,7.0,2.14,14.0,0.3,0.4,0.7,6.07,8.85,10.91,8.8,7.0,2.61,14.0,0.3,0.4,0.7,57.7,70.2,82.4,71.5,7.0,12.6,14.0,0.3,0.7,3.66,7.95,10.19,7.33,8.0,4.05,12.0,0.4,0.4,0.6,-5.71,0.0,6.28,0.23,8.0,5.9,12.0,0.4,0.4,0.6,-8.17,-4.31,0.0,-4.16,8.0,4.8,12.0,0.4,0.4,0.6,1014.07,1016.65,1020.16,1017.03,8.0,3.41,12.0,0.4,0.4,0.6,1.1,2.0,4.0,2.9,8.0,2.5,12.0,0.4,0.4,0.6,-50.9,0.0,62.2,9.9,8.0,61.3,12.0,0.4,0.4,0.6,-79.7,-34.3,0.0,-44.6,8.0,55.6,12.0,0.4,0.4,0.6,-0.27,1.0,2.17,0.92,6.0,1.58,14.0,0.3,0.5,0.6,-2.5,3.6,19.0,6.7,6.0,14.3,14.0,0.3,0.5,0.6,1.86,3.96,6.56,4.11,6.0,2.23,14.0,0.3,0.5,0.6,12.3,33.8,58.1,35.3,6.0,25.9,14.0,0.3,0.5,0.6,-68.6,0.0,102.2,21.9,7.0,94.2,14.0,0.3,0.4,0.7,-134.0,-118.4,2.0,-78.5,7.0,84.8,14.0,0.3,0.4,0.7,-40.1,0.0,46.3,8.9,7.0,49.6,14.0,0.3,0.4,0.7,-75.8,-47.9,1.2,-35.8,7.0,42.8,14.0,0.3,0.4,0.7,-9.9,3.5,35.8,10.1,6.0,23.4,14.0,0.3,0.5,0.6,-52.2,-25.3,0.8,-25.6,6.0,26.7,14.0,0.3,0.5,0.6,49.0,504.0,1060.5,713.5,8.0,886.5,12.0,0.4,0.4,0.6,50.0,505.0,1060.0,715.0,8.0,885.0,12.0,0.4,0.4,0.6
1974,2,157.0,28.0,18.21,18.7,19.47,19.01,14.0,1.45,16.0,0.4,0.4,0.3,15.42,16.4,20.0,17.41,15.0,2.41,16.0,0.4,0.4,0.3,6.73,9.04,12.51,9.23,14.0,2.52,16.0,0.4,0.4,0.2,62.2,71.4,85.4,72.4,14.0,10.4,16.0,0.4,0.2,7.7,9.3,11.19,9.57,15.0,2.61,16.0,0.4,0.4,0.3,-5.19,2.63,9.27,2.25,15.0,6.38,16.0,0.4,0.4,0.3,-7.21,0.0,9.22,0.58,15.0,7.64,16.0,0.4,0.4,0.3,1011.11,1015.5,1021.56,1016.57,15.0,5.24,16.0,0.4,0.4,0.3,4.0,6.0,7.0,5.5,15.0,1.8,16.0,0.4,0.4,0.3,-38.1,20.3,86.2,30.2,15.0,69.0,16.0,0.4,0.4,0.3,-57.7,0.0,86.8,6.3,15.0,87.7,16.0,0.4,0.4,0.3,-0.44,1.9,2.98,1.46,14.0,1.94,16.0,0.4,0.4,0.3,-4.9,15.8,28.3,12.1,14.0,19.0,16.0,0.4,0.4,0.3,1.93,4.89,5.74,4.32,13.0,2.16,16.0,0.4,0.4,0.2,21.2,38.3,52.2,38.1,13.0,20.7,16.0,0.4,0.4,0.2,-102.9,41.6,166.8,33.1,15.0,109.4,16.0,0.4,0.4,0.3,-112.9,0.0,180.8,20.7,15.0,136.2,16.0,0.4,0.4,0.3,-54.4,13.7,78.2,12.3,14.0,57.5,16.0,0.4,0.4,0.2,-57.1,4.9,111.2,22.8,14.0,76.5,16.0,0.4,0.4,0.2,-29.5,5.3,45.3,8.0,13.0,31.5,16.0,0.4,0.4,0.2,-26.6,0.0,21.2,-4.3,13.0,30.3,16.0,0.4,0.4,0.2,456.5,804.5,1402.5,1073.0,15.0,982.0,16.0,0.4,0.4,0.3,455.0,805.0,1400.0,1075.0,15.0,980.0,16.0,0.4,0.4,0.3
1974,2,157.0,29.0,17.52,18.0,19.0,17.99,17.0,1.05,12.0,0.6,0.4,0.5,14.7,15.75,17.24,15.91,18.0,2.58,12.0,0.6,0.4,0.5,6.76,8.14,9.5,8.21,17.0,2.08,12.0,0.6,0.4,0.5,65.0,75.5,82.9,72.5,17.0,12.1,12.0,0.6,0.5,7.05,10.3,15.55,10.73,18.0,4.21,12.0,0.6,0.4,0.5,-2.68,7.15,13.94,6.4,18.0,7.24,12.0,0.6,0.4,0.5,-5.75,0.0,3.85,0.11,18.0,6.62,12.0,0.6,0.4,0.5,1009.77,1012.9,1018.42,1014.25,17.0,5.34,12.0,0.6,0.4,0.5,2.0,4.0,7.0,4.7,18.0,2.2,12.0,0.6,0.4,0.5,-15.2,53.7,198.6,86.8,18.0,104.2,12.0,0.6,0.4,0.5,-57.0,0.0,64.1,5.5,18.0,91.2,12.0,0.6,0.4,0.5,0.0,2.5,3.73,2.09,17.0,2.82,12.0,0.6,0.4,0.5,0.0,15.9,41.2,22.1,17.0,28.5,12.0,0.6,0.4,0.5,2.12,4.69,6.7,4.61,17.0,2.25,12.0,0.6,0.4,0.5,27.0,39.6,85.7,51.1,17.0,36.4,12.0,0.6,0.4,0.5,-46.0,110.8,242.4,99.3,18.0,121.6,12.0,0.6,0.4,0.5,-85.2,0.0,74.6,10.3,18.0,99.8,12.0,0.6,0.4,0.5,-27.2,54.5,95.3,45.9,17.0,62.1,12.0,0.6,0.4,0.5,-29.7,0.0,45.5,11.4,17.0,54.1,12.0,0.6,0.4,0.5,-2.4,31.4,56.8,33.2,17.0,36.8,12.0,0.6,0.4,0.5,-17.7,0.0,15.7,-8.2,17.0,38.7,12.0,0.6,0.4,0.5,351.5,1092.5,3763.5,1781.0,18.0,1737.5,12.0,0.6,0.4,0.5,350.0,1095.0,3765.0,1780.0,18.0,1740.0,12.0,0.6,0.4,0.5
1974,2,157.0,30.0,16.81,18.0,18.98,18.01,15.0,1.74,14.0,0.5,0.3,0.4,14.4,16.0,17.73,15.94,17.0,2.03,14.0,0.5,0.3,0.4,5.98,8.06,10.47,8.34,16.0,2.21,14.0,0.5,0.3,0.4,59.5,76.8,86.4,74.1,16.0,14.6,14.0,0.5,0.4,4.6,7.7,12.08,8.39,15.0,3.7,14.0,0.6,0.3,0.5,-3.84,4.42,7.51,2.09,15.0,7.25,14.0,0.6,0.3,0.5,-8.04,-2.67,3.12,-2.65,15.0,4.93,14.0,0.6,0.3,0.5,1005.69,1017.75,1021.19,1014.74,16.0,7.61,14.0,0.5,0.3,0.4,1.4,4.5,7.6,4.6,16.0,2.6,14.0,0.5,0.3,0.4,-29.6,22.5,80.5,24.3,15.0,86.3,14.0,0.6,0.3,0.5,-81.7,-16.2,16.6,-30.5,15.0,52.9,14.0,0.6,0.3,0.5,0.11,2.0,5.38,2.23,15.0,2.78,14.0,0.5,0.3,0.4,0.2,15.2,30.1,19.2,14.0,26.4,14.0,0.6,0.3,0.4,1.44,4.45,6.93,4.57,15.0,2.52,14.0,0.5,0.3,0.4,17.4,32.0,62.5,40.4,14.0,30.8,14.0,0.6,0.3,0.4,-74.6,74.2,111.7,28.2,15.0,120.8,14.0,0.6,0.3,0.5,-116.6,-45.9,57.3,-37.9,15.0,76.1,14.0,0.6,0.3,0.5,-49.0,28.4,61.6,6.8,14.0,64.1,14.0,0.6,0.3,0.4,-70.2,-17.3,29.1,-21.2,14.0,46.3,14.0,0.6,0.3,0.4,-14.9,14.0,38.5,15.2,14.0,39.5,14.0,0.6,0.3,0.4,-31.0,-14.2,5.8,-15.0,14.0,25.6,14.0,0.6,0.3,0.4,97.5,456.5,1768.0,924.0,15.0,1033.5,14.0,0.6,0.3,0.5,95.0,455.0,1770.0,925.0,15.0,1035.0,14.0,0.6,0.3,0.5
1974,2,157.0,31.0,16.0,16.75,18.79,17.26,10.0,1.5,12.0,0.5,0.3,0.5,12.43,15.5,16.57,15.0,10.0,2.91,14.0,0.5,0.3,0.5,6.49,7.57,8.51,7.49,9.0,1.02,14.0,0.6,0.3,0.5,67.4,76.7,77.3,73.7,9.0,5.5,14.0,0.6,0.5,7.87,12.9,15.4,12.02,11.0,3.66,14.0,0.5,0.3,0.5,4.24,8.29,12.32,7.42,11.0,6.83,14.0,0.5,0.3,0.5,-9.89,-4.31,3.78,-3.54,11.0,7.16,14.0,0.5,0.3,0.5,1007.1,1015.0,1016.71,1013.19,11.0,5.36,14.0,0.5,0.3,0.5,2.0,4.0,6.6,4.0,10.0,2.3,14.0,0.5,0.3,0.5,30.2,106.1,187.9,97.6,11.0,103.7,14.0,0.5,0.3,0.5,-137.8,-28.9,38.6,-48.9,11.0,101.8,14.0,0.5,0.3,0.5,-0.73,2.0,5.1,1.88,9.0,3.99,14.0,0.6,0.3,0.5,-7.5,24.8,49.3,19.1,9.0,49.6,14.0,0.6,0.3,0.5,3.22,4.31,6.5,4.72,8.0,1.75,12.0,0.6,0.3,0.4,40.1,45.3,69.3,53.5,8.0,20.6,12.0,0.6,0.3,0.4,74.9,147.6,195.3,141.3,10.0,72.9,14.0,0.5,0.3,0.5,-155.1,-77.0,28.4,-62.4,10.0,98.0,14.0,0.5,0.3,0.5,38.2,59.9,101.3,66.9,9.0,32.8,14.0,0.6,0.3,0.5,-82.2,-47.2,0.0,-43.2,9.0,46.0,14.0,0.6,0.3,0.5,31.4,34.1,58.3,41.4,8.0,15.4,12.0,0.6,0.3,0.4,-44.0,-26.0,0.0,-23.4,8.0,29.5,12.0,0.6,0.3,0.4,511.0,2146.5,3652.5,2163.0,11.0,1600.0,14.0,0.5,0.3,0.5,510.0,2145.0,3650.0,2165.0,11.0,1600.0,14.0,0.5,0.3,0.5
1974,2,157.0,32.0,16.11,18.0,19.0,17.63,15.0,1.39,12.0,0.4,0.5,0.6,11.38,13.5,15.43,13.55,16.0,1.81,12.0,0.4,0.5,0.6,6.21,7.21,8.59,7.45,16.0,1.46,12.0,0.4,0.5,0.6,64.3,78.5,86.1,76.7,16.0,9.7,12.0,0.4,0.6,6.89,11.85,20.28,13.06,16.0,6.44,12.0,0.4,0.5,0.6,-2.52,8.23,16.08,7.39,16.0,10.5,12.0,0.4,0.5,0.6,-2.86,0.0,8.68,1.94,16.0,7.13,12.0,0.4,0.5,0.6,1003.58,1011.7,1017.69,1010.99,16.0,7.49,12.0,0.4,0.5,0.6,2.4,6.5,7.6,5.4,16.0,2.5,12.0,0.4,0.5,0.6,-17.9,76.2,258.9,120.3,16.0,232.6,12.0,0.4,0.5,0.6,-30.6,0.0,109.9,41.0,16.0,131.6,12.0,0.4,0.5,0.6,1.61,4.0,6.67,4.07,15.0,2.56,12.0,0.4,0.5,0.6,14.7,43.5,64.3,45.5,15.0,29.5,12.0,0.4,0.5,0.6,2.92,5.5,6.88,5.14,15.0,2.01,12.0,0.4,0.5,0.6,32.4,47.8,92.1,59.0,15.0,29.6,12.0,0.4,0.5,0.6,-37.8,105.6,233.2,99.3,16.0,149.6,12.0,0.4,0.5,0.6,-35.4,0.0,108.5,31.7,16.0,99.3,12.0,0.4,0.5,0.6,-22.7,59.8,125.1,52.7,16.0,86.5,12.0,0.4,0.5,0.6,-20.1,0.0,62.1,21.7,16.0,58.5,12.0,0.4,0.5,0.6,-9.0,30.2,81.2,38.1,15.0,42.0,12.0,0.4,0.5,0.6,-20.5,0.0,29.0,-2.7,15.0,35.7,12.0,0.4,0.5,0.6,328.5,1703.0,8860.5,3946.5,16.0,5540.0,12.0,0.4,0.5,0.6,330.0,1705.0,8860.0,3945.0,16.0,5540.0,12.0,0.4,0.5,0.6
1974,2,157.0,33.0,16.0,17.0,18.28,17.11,33.0,1.23,16.0,0.5,0.3,0.4,11.26,14.2,16.72,14.08,36.0,2.89,14.0,0.5,0.3,0.4,5.88,7.53,10.18,7.83,33.0,2.05,16.0,0.5,0.3,0.4,65.6,80.1,90.5,78.2,33.0,14.2,16.0,0.5,0.4,7.7,11.8,17.72,12.24,36.0,4.87,14.0,0.5,0.3,0.4,0.0,7.04,15.68,7.14,36.0,7.78,14.0,0.5,0.3,0.4,-6.28,0.0,9.68,0.67,36.0,8.02,14.0,0.5,0.3,0.4,1005.17,1013.0,1021.37,1012.94,36.0,7.47,14.0,0.5,0.3,0.4,4.0,7.0,8.0,6.3,35.0,2.0,14.0,0.5,0.3,0.4,0.0,60.1,298.0,112.3,36.0,141.1,14.0,0.5,0.3,0.4,-78.1,0.0,99.7,6.9,36.0,121.4,14.0,0.5,0.3,0.4,0.5,3.0,6.69,3.23,33.0,3.13,16.0,0.5,0.3,0.4,4.0,33.2,96.6,44.1,33.0,52.0,16.0,0.5,0.3,0.4,1.36,4.53,6.65,4.3,32.0,2.34,16.0,0.5,0.3,0.4,17.0,46.9,98.7,52.1,32.0,36.3,16.0,0.5,0.3,0.4,0.0,103.7,193.0,93.2,36.0,102.3,14.0,0.5,0.3,0.4,-87.7,0.0,147.8,16.8,36.0,116.8,14.0,0.5,0.3,0.4,0.0,52.0,121.4,59.6,33.0,60.5,16.0,0.5,0.3,0.4,-39.2,0.0,76.8,14.4,33.0,72.0,16.0,0.5,0.3,0.4,0.0,22.7,79.4,36.1,32.0,40.9,16.0,0.5,0.3,0.4,-37.9,0.0,19.6,-8.4,32.0,32.1,16.0,0.5,0.3,0.4,456.5,1652.0,5570.0,2718.0,36.0,2950.0,14.0,0.5,0.3,0.4,455.0,1650.0,5570.0,2720.0,36.0,2950.0,14.0,0.5,0.3,0.4
1974,2,157.0,34.0,13.0,13.7,16.0,14.09,15.0,1.77,16.0,0.5,0.5,0.5,10.44,12.45,14.12,12.68,16.0,2.47,16.0,0.6,0.5,0.5,6.1,7.09,7.96,6.95,15.0,1.4,16.0,0.5,0.4,0.5,66.8,77.3,83.6,75.8,15.0,7.2,16.0,0.5,0.5,7.7,10.3,16.65,11.55,15.0,4.8,16.0,0.6,0.5,0.5,0.0,7.7,13.19,6.05,15.0,8.1,16.0,0.6,0.5,0.5,-10.01,-3.18,5.08,-2.51,15.0,7.38,16.0,0.6,0.5,0.5,1003.9,1013.45,1020.73,1012.9,16.0,7.63,16.0,0.6,0.5,0.5,6.0,7.0,8.0,6.5,15.0,2.4,16.0,0.5,0.5,0.5,0.0,59.3,222.5,85.5,15.0,136.2,16.0,0.6,0.5,0.5,-112.2,-29.6,51.8,-45.8,15.0,108.3,16.0,0.6,0.5,0.5,-0.65,1.5,3.66,1.47,15.0,2.45,16.0,0.5,0.5,0.5,-9.3,11.6,53.7,20.6,14.0,31.4,16.0,0.6,0.5,0.5,1.71,2.89,4.61,2.93,14.0,1.41,16.0,0.5,0.5,0.5,14.1,31.0,67.8,36.6,13.0,25.0,16.0,0.5,0.5,0.6,0.0,87.4,157.7,64.7,15.0,120.1,16.0,0.6,0.5,0.5,-106.7,-31.8,94.4,-24.6,15.0,94.6,16.0,0.6,0.5,0.5,0.0,41.1,74.7,28.7,14.0,60.8,16.0,0.6,0.4,0.5,-54.1,-24.0,53.2,-14.0,14.0,53.0,16.0,0.6,0.4,0.5,0.0,12.7,47.2,20.0,13.0,27.7,16.0,0.5,0.5,0.6,-45.9,-7.3,11.8,-12.4,13.0,26.6,16.0,0.5,0.5,0.6,456.5,1092.5,4633.5,2324.5,15.0,2535.5,16.0,0.6,0.5,0.5,455.0,1095.0,4635.0,2325.0,15.0,2535.0,16.0,0.6,0.5,0.5
1974,2,157.0,35.0,12.71,14.45,15.66,14.3,10.0,1.51,12.0,0.6,0.4,0.3,8.49,11.35,13.0,10.91,12.0,2.51,12.0,0.6,0.4,0.3,5.07,6.37,7.48,6.41,11.0,1.52,12.0,0.6,0.4,0.3,69.8,76.1,90.7,78.8,11.0,13.3,12.0,0.6,0.3,9.15,11.3,15.93,12.08,12.0,3.93,12.0,0.6,0.4,0.3,4.62,9.73,14.66,9.55,12.0,6.61,12.0,0.6,0.4,0.3,-5.8,-1.93,1.69,-1.33,12.0,5.44,12.0,0.6,0.4,0.3,1000.16,1010.85,1016.0,1009.11,12.0,8.69,12.0,0.6,0.4,0.3,3.2,7.0,7.4,5.7,11.0,2.4,12.0,0.5,0.5,0.3,41.0,101.7,231.0,136.9,12.0,112.9,12.0,0.6,0.4,0.3,-76.2,-22.0,14.7,-22.5,12.0,63.7,12.0,0.6,0.4,0.3,1.09,2.5,7.87,3.91,10.0,3.46,12.0,0.6,0.4,0.3,10.6,32.0,111.4,53.0,10.0,54.1,12.0,0.6,0.4,0.3,2.62,4.28,5.43,4.1,10.0,1.4,12.0,0.6,0.4,0.3,24.5,49.5,78.7,51.9,10.0,26.0,12.0,0.6,0.4,0.3,59.9,100.8,149.2,98.0,12.0,68.9,12.0,0.6,0.4,0.3,-55.5,-22.5,22.0,-7.2,12.0,65.9,12.0,0.6,0.4,0.3,30.4,66.8,98.0,60.7,11.0,40.3,12.0,0.6,0.4,0.3,-36.3,-13.1,22.6,-1.9,11.0,42.8,12.0,0.6,0.4,0.3,16.2,45.3,75.2,41.6,10.0,33.7,12.0,0.6,0.4,0.3,-31.5,-7.1,0.0,-12.2,10.0,21.1,12.0,0.6,0.4,0.3,767.5,1477.0,4086.5,2286.5,12.0,2052.5,12.0,0.6,0.4,0.3,765.0,1475.0,4085.0,2285.0,12.0,2050.0,12.0,0.6,0.4,0.3
1974,2,157.0,36.0,11.45,14.0,15.55,13.38,13.0,2.21,14.0,0.4,0.4,0.4,9.5,11.0,13.0,11.28,17.0,2.46,14.0,0.5,0.5,0.3,5.3,5.74,7.23,6.23,14.0,1.51,14.0,0.5,0.5,0.4,66.5,71.7,81.9,74.4,14.0,9.5,14.0,0.5,0.4,6.74,12.9,20.93,13.26,17.0,6.06,14.0,0.5,0.5,0.3,-1.16,7.7,20.93,8.71,17.0,9.65,14.0,0.5,0.5,0.3,-0.5,2.55,9.77,3.37,17.0,6.15,14.0,0.5,0.5,0.3,998.4,1010.0,1018.29,1007.69,15.0,11.3,14.0,0.5,0.5,0.4,4.0,6.0,8.0,6.1,16.0,1.9,14.0,0.5,0.5,0.3,-7.7,75.7,440.4,158.7,17.0,209.8,14.0,0.5,0.5,0.3,-3.1,13.0,117.6,41.3,17.0,81.6,14.0,0.5,0.5,0.3,-2.0,2.5,5.6,2.09,13.0,3.29,14.0,0.4,0.4,0.4,-14.3,33.5,82.1,28.9,13.0,54.6,14.0,0.4,0.4,0.4,1.67,3.32,4.98,3.46,12.0,1.75,14.0,0.4,0.5,0.4,18.8,40.6,68.1,46.0,12.0,37.8,14.0,0.4,0.5,0.4,-12.7,83.8,227.8,92.5,17.0,101.4,14.0,0.5,0.5,0.3,-5.0,33.2,121.9,49.6,17.0,82.8,14.0,0.5,0.5,0.3,-6.7,44.8,91.2,39.5,14.0,53.6,14.0,0.5,0.5,0.4,-5.4,32.3,77.3,29.8,14.0,51.1,14.0,0.5,0.5,0.4,-3.4,37.0,60.3,34.2,12.0,45.6,14.0,0.4,0.5,0.4,-3.5,13.2,22.0,7.5,12.0,18.1,14.0,0.4,0.5,0.4,311.0,2146.5,9317.0,3796.5,17.0,4484.0,14.0,0.5,0.5,0.3,310.0,2145.0,9315.0,3795.0,17.0,4485.0,14.0,0.5,0.5,0.3
1974,2,157.0,37.0,12.0,14.0,15.62,13.98,11.0,1.93,12.0,0.5,0.5,0.5,7.0,9.1,13.19,10.26,14.0,3.74,12.0,0.7,0.5,0.5,4.64,5.67,6.8,6.25,10.0,2.48,14.0,0.7,0.6,0.5,65.5,73.6,91.7,76.6,10.0,13.0,14.0,0.7,0.5,9.49,14.4,19.5,14.59,16.0,5.37,12.0,0.7,0.5,0.5,-3.05,9.15,18.34,7.58,16.0,10.62,12.0,0.7,0.5,0.5,-7.53,0.0,13.15,1.71,16.0,8.87,12.0,0.7,0.5,0.5,998.97,1008.5,1018.34,1006.51,14.0,10.81,12.0,0.7,0.5,0.5,6.0,7.0,8.0,6.5,15.0,1.7,12.0,0.7,0.5,0.5,-31.6,113.3,341.7,145.8,16.0,208.8,12.0,0.7,0.5,0.5,-90.0,0.0,194.2,35.4,16.0,139.3,12.0,0.7,0.5,0.5,0.0,5.25,7.7,3.67,10.0,4.87,14.0,0.6,0.5,0.5,-3.9,58.4,133.9,60.6,10.0,72.2,14.0,0.6,0.5,0.5,1.99,4.08,6.05,3.72,9.0,3.55,14.0,0.7,0.5,0.5,22.3,44.2,116.2,57.6,9.0,54.2,14.0,0.7,0.5,0.5,-55.4,63.5,144.0,45.3,14.0,101.7,12.0,0.7,0.5,0.5,-66.1,0.0,154.0,16.4,14.0,92.0,12.0,0.7,0.5,0.5,0.0,35.9,99.6,41.8,10.0,52.7,14.0,0.7,0.6,0.5,-28.7,0.0,59.6,11.0,10.0,54.4,14.0,0.7,0.6,0.5,0.0,41.5,110.1,46.6,9.0,57.2,14.0,0.7,0.5,0.5,-39.1,-12.2,4.3,-15.9,9.0,25.9,14.0,0.7,0.5,0.5,856.5,2986.0,7415.0,4289.5,16.0,4021.5,12.0,0.7,0.5,0.5,855.0,2985.0,7415.0,4290.0,16.0,4020.0,12.0,0.7,0.5,0.5
1974,2,157.0,38.0,10.95,12.0,12.04,11.57,6.0,0.84,12.0,0.3,0.4,0.4,3.8,6.75,10.0,6.8,6.0,2.85,12.0,0.3,0.4,0.4,3.46,3.77,5.33,4.31,5.0,1.24,10.0,0.4,0.4,0.5,60.9,62.3,88.3,73.1,5.0,17.4,10.0,0.4,0.5,4.87,10.8,13.85,10.18,6.0,5.02,12.0,0.3,0.4,0.4,-4.98,1.85,4.69,-0.54,6.0,8.81,12.0,0.3,0.4,0.4,-9.94,-3.92,1.21,-3.02,6.0,7.8,12.0,0.3,0.4,0.4,1008.71,1013.1,1016.37,1011.58,6.0,7.03,12.0,0.3,0.4,0.4,7.0,8.0,8.0,7.5,4.0,1.0,12.0,0.5,0.4,0.4,-76.9,12.0,39.7,-27.8,6.0,140.6,12.0,0.3,0.4,0.4,-109.2,-38.8,21.6,-31.5,6.0,90.0,12.0,0.3,0.4,0.4,2.0,4.25,7.61,4.77,6.0,2.89,12.0,0.3,0.4,0.4,20.4,31.5,83.1,47.7,6.0,38.8,12.0,0.3,0.4,0.4,3.33,3.98,5.04,4.09,5.0,1.07,10.0,0.4,0.4,0.5,21.6,28.2,52.2,34.7,5.0,16.9,10.0,0.4,0.4,0.5,-41.1,15.5,26.7,-15.6,6.0,77.8,12.0,0.3,0.4,0.4,-34.8,-30.8,15.4,-5.5,6.0,58.1,12.0,0.3,0.4,0.4,2.1,12.2,23.6,13.5,5.0,16.7,10.0,0.4,0.4,0.5,-36.9,-17.8,22.0,-6.4,5.0,45.1,10.0,0.4,0.4,0.5,-0.3,8.6,21.2,10.3,5.0,15.4,10.0,0.4,0.4,0.5,-44.3,-23.7,6.8,-18.7,5.0,31.5,10.0,0.4,0.4,0.5,118.5,1268.0,2810.0,1706.5,6.0,1957.5,12.0,0.3,0.4,0.4,120.0,1270.0,2810.0,1705.0,6.0,1955.0,12.0,0.3,0.4,0.4
1974,2,157.0,39.0,10.48,11.5,13.73,12.08,4.0,2.3,12.0,0.5,0.6,0.4,5.02,5.8,8.1,6.53,4.0,2.4,12.0,0.5,0.6,0.4,4.21,4.44,5.64,4.9,4.0,1.19,12.0,0.5,0.6,0.4,76.5,77.8,83.2,79.8,4.0,5.6,12.0,0.5,0.4,6.65,9.75,20.44,13.38,4.0,10.27,12.0,0.5,0.6,0.4,-6.04,1.11,18.44,5.97,4.0,16.22,12.0,0.5,0.6,0.4,-6.57,-2.9,-0.93,-3.71,4.0,3.89,12.0,0.5,0.6,0.4,995.09,1011.75,1014.26,1005.0,4.0,16.82,12.0,0.5,0.6,0.4,5.6,7.0,7.7,6.7,3.0,1.5,10.0,0.7,0.6,0.4,-41.4,29.5,462.2,202.1,4.0,404.0,12.0,0.5,0.6,0.4,-70.0,-20.4,-5.3,-36.9,4.0,48.1,12.0,0.5,0.6,0.4,3.43,5.25,7.7,5.55,4.0,3.17,12.0,0.5,0.6,0.4,23.0,72.9,128.6,75.7,4.0,61.7,12.0,0.5,0.6,0.4,2.74,3.72,5.22,3.97,4.0,1.84,12.0,0.5,0.6,0.4,17.7,48.0,93.8,55.4,4.0,45.7,12.0,0.5,0.6,0.4,-46.4,9.2,109.2,30.4,4.0,103.2,12.0,0.5,0.6,0.4,-44.8,-23.6,-4.2,-24.5,4.0,24.0,12.0,0.5,0.6,0.4,-33.6,5.7,82.7,23.7,4.0,76.6,12.0,0.5,0.6,0.4,-32.9,-16.8,-3.8,-18.3,4.0,17.8,12.0,0.5,0.6,0.4,-16.3,17.7,80.9,31.7,4.0,60.7,12.0,0.5,0.6,0.4,-34.1,-7.3,-3.3,-18.2,4.0,26.8,12.0,0.5,0.6,0.4,314.5,1050.0,12656.5,6237.5,4.0,10970.0,12.0,0.5,0.6,0.4,315.0,1050.0,12655.0,6235.0,4.0,10970.0,12.0,0.5,0.6,0.4
1974,2,157.0,40.0,3.75,6.0,10.44,7.07,3.0,4.99,16.0,0.3,0.1,0.5,1.3,2.6,2.87,2.1,3.0,1.23,16.0,0.3,0.1,0.5,3.18,3.3,3.43,3.3,2.0,0.25,18.0,0.5,0.1,0.5,69.2,71.5,73.9,71.5,2.0,4.9,18.0,0.5,0.5,5.63,10.0,11.57,8.63,3.0,4.51,16.0,0.3,0.1,0.5,2.94,7.91,8.42,5.73,3.0,4.44,16.0,0.3,0.1,0.5,-8.02,-5.0,-4.01,-5.99,3.0,3.06,16.0,0.3,0.1,0.5,1008.06,1016.8,1020.35,1014.27,3.0,9.26,16.0,0.3,0.1,0.5,4.5,5.5,6.5,5.5,2.0,2.1,18.0,0.5,0.1,0.5,29.0,86.6,93.9,62.0,3.0,52.0,16.0,0.3,0.1,0.5,-95.0,-50.0,-24.6,-59.6,3.0,52.2,16.0,0.3,0.1,0.5,2.32,3.0,7.71,4.97,3.0,4.3,16.0,0.3,0.1,0.5,13.7,20.0,89.5,50.9,3.0,61.6,16.0,0.3,0.1,0.5,2.84,4.1,5.35,4.1,2.0,2.6,18.0,0.5,0.1,0.5,18.4,40.6,62.7,40.6,2.0,45.9,18.0,0.5,0.1,0.5,3.2,6.1,16.0,9.5,3.0,9.8,16.0,0.3,0.1,0.5,-20.1,-10.6,-5.8,-12.9,3.0,10.7,16.0,0.3,0.1,0.5,5.8,13.4,21.1,13.4,2.0,15.9,18.0,0.5,0.1,0.5,-26.7,-20.9,-15.1,-20.9,2.0,12.1,18.0,0.5,0.1,0.5,8.6,24.2,39.7,24.2,2.0,32.2,18.0,0.5,0.1,0.5,-48.3,-32.0,-15.6,-32.0,2.0,33.9,18.0,0.5,0.1,0.5,349.0,1000.0,1587.5,969.0,3.0,907.5,16.0,0.3,0.1,0.5,350.0,1000.0,1590.0,970.0,3.0,905.0,16.0,0.3,0.1,0.5
1974,2,157.0,41.0,6.0,8.5,9.03,7.73,7.0,1.52,14.0,0.6,0.6,0.5,1.56,2.75,9.86,4.99,8.0,4.02,14.0,0.6,0.6,0.4,3.4,3.72,6.75,4.62,6.0,1.71,14.0,0.7,0.7,0.5,76.3,85.4,90.6,84.4,6.0,7.4,14.0,0.7,0.5,12.48,17.75,20.03,16.9,8.0,3.62,14.0,0.6,0.6,0.4,0.66,8.05,15.57,7.96,8.0,10.06,14.0,0.6,0.6,0.4,-12.49,-2.08,13.04,-0.99,8.0,12.84,14.0,0.6,0.6,0.4,999.27,1002.2,1014.91,1003.49,8.0,12.52,14.0,0.6,0.6,0.4,4.0,8.0,8.0,6.7,7.0,2.2,12.0,0.6,0.6,0.4,11.6,123.0,306.3,158.7,8.0,186.2,14.0,0.6,0.6,0.4,-248.9,-10.8,180.8,-29.8,8.0,225.6,14.0,0.6,0.6,0.4,-1.12,4.5,6.5,2.46,7.0,4.0,14.0,0.6,0.6,0.5,-16.2,80.0,91.7,42.3,7.0,67.5,14.0,0.6,0.6,0.5,-0.17,2.32,3.34,1.81,6.0,1.77,14.0,0.7,0.7,0.5,-2.9,41.9,54.4,30.6,6.0,29.4,14.0,0.7,0.7,0.5,1.1,23.3,56.7,13.3,8.0,52.8,14.0,0.6,0.6,0.4,-19.7,-3.4,124.2,35.5,8.0,75.7,14.0,0.6,0.6,0.4,19.9,36.4,51.0,34.1,6.0,20.3,14.0,0.7,0.7,0.5,-47.1,-30.2,99.2,6.0,6.0,76.9,14.0,0.7,0.7,0.5,-0.8,23.8,42.8,22.6,6.0,22.7,14.0,0.7,0.7,0.5,-34.7,-29.1,-8.7,-23.4,6.0,14.4,14.0,0.7,0.7,0.5,1952.5,5595.5,8042.5,5401.5,8.0,3069.5,14.0,0.6,0.6,0.4,1950.0,5595.0,8040.0,5400.0,8.0,3070.0,14.0,0.6,0.6,0.4
1974,2,157.0,42.0,4.37,6.2,7.13,6.08,12.0,1.27,18.0,0.8,0.4,0.5,1.38,3.5,6.0,3.47,16.0,2.29,16.0,0.7,0.4,0.5,3.28,3.78,5.39,4.13,15.0,1.04,16.0,0.7,0.4,0.5,70.0,86.5,93.2,82.8,15.0,13.0,16.0,0.7,0.5,7.7,9.5,14.76,10.86,16.0,4.47,16.0,0.7,0.4,0.5,-4.99,4.93,14.42,4.79,16.0,9.6,16.0,0.7,0.4,0.5,-6.02,0.0,4.74,-0.01,16.0,5.39,16.0,0.7,0.4,0.5,997.38,1007.0,1015.56,1005.76,16.0,11.18,16.0,0.7,0.4,0.5,4.2,7.0,8.0,6.4,15.0,1.9,16.0,0.7,0.4,0.4,-41.9,34.1,212.7,77.8,16.0,153.4,16.0,0.7,0.4,0.5,-44.9,0.0,58.4,2.6,16.0,53.1,16.0,0.7,0.4,0.5,0.24,2.75,4.93,2.53,12.0,2.77,18.0,0.8,0.4,0.5,0.8,32.4,57.3,30.1,12.0,31.0,18.0,0.8,0.4,0.5,0.55,2.16,2.67,1.75,12.0,1.32,18.0,0.8,0.4,0.5,4.2,19.9,42.8,21.7,12.0,18.8,18.0,0.8,0.4,0.5,-25.9,2.8,44.1,8.4,16.0,38.7,16.0,0.7,0.4,0.5,-7.1,0.0,28.5,9.4,16.0,23.0,16.0,0.7,0.4,0.5,-27.2,28.6,53.1,14.6,15.0,42.2,16.0,0.7,0.4,0.5,-20.7,0.0,26.4,4.5,15.0,24.0,16.0,0.7,0.4,0.5,-5.8,10.1,42.3,15.3,12.0,22.0,18.0,0.8,0.4,0.5,-12.4,-0.7,6.2,-3.8,12.0,10.5,18.0,0.8,0.4,0.5,456.5,875.5,3307.0,1950.0,16.0,2432.5,16.0,0.7,0.4,0.5,455.0,875.0,3305.0,1950.0,16.0,2430.0,16.0,0.7,0.4,0.5
1974,2,157.0,43.0,1.68,5.5,6.71,4.6,11.0,2.47,16.0,0.5,0.5,0.5,0.0,1.0,3.89,1.69,15.0,2.04,16.0,0.6,0.6,0.5,2.47,3.27,4.19,3.37,11.0,0.93,16.0,0.6,0.5,0.4,64.8,85.0,100.0,81.4,12.0,19.2,16.0,0.6,0.4,5.05,10.8,12.9,9.69,13.0,4.62,14.0,0.5,0.5,0.5,-4.22,0.0,12.14,2.4,13.0,7.52,14.0,0.5,0.5,0.5,-9.7,-3.91,0.2,-2.56,13.0,7.3,14.0,0.5,0.5,0.5,1007.14,1012.5,1015.82,1011.12,13.0,7.16,16.0,0.7,0.5,0.5,4.9,7.0,8.0,6.5,13.0,1.8,16.0,0.5,0.6,0.5,-41.4,0.0,156.4,31.2,13.0,94.9,14.0,0.5,0.5,0.5,-96.0,-20.3,0.4,-12.8,13.0,113.7,14.0,0.5,0.5,0.5,-0.33,4.0,6.0,3.11,11.0,3.59,16.0,0.5,0.5,0.5,1.1,25.5,61.3,35.7,11.0,51.0,16.0,0.5,0.5,0.5,0.71,2.15,3.53,2.14,10.0,1.37,16.0,0.6,0.5,0.5,5.1,20.7,28.5,19.6,10.0,16.1,16.0,0.6,0.5,0.5,-12.7,0.0,14.2,4.2,13.0,19.2,14.0,0.5,0.5,0.5,-15.1,-4.4,0.4,-8.9,13.0,16.6,14.0,0.5,0.5,0.5,-17.4,0.0,20.9,2.7,10.0,25.9,16.0,0.6,0.5,0.5,-24.3,-9.1,4.2,-5.8,10.0,26.0,16.0,0.6,0.5,0.5,-5.2,0.0,11.9,1.9,10.0,12.3,16.0,0.6,0.5,0.5,-20.5,-5.9,0.8,-4.7,10.0,22.5,16.0,0.6,0.5,0.5,129.5,1259.5,2146.5,1496.0,13.0,1815.5,14.0,0.5,0.5,0.5,130.0,1260.0,2145.0,1495.0,13.0,1815.0,14.0,0.5,0.5,0.5
1974,2,157.0,44.0,1.97,3.0,3.72,3.15,19.0,1.71,18.0,0.6,0.5,0.4,0.0,1.0,4.07,2.03,19.0,2.37,18.0,0.6,0.5,0.4,2.73,3.44,4.59,3.65,16.0,1.01,20.0,0.6,0.5,0.4,66.6,81.4,93.2,81.0,16.0,12.9,20.0,0.6,0.4,4.51,8.7,13.62,9.04,19.0,5.21,18.0,0.6,0.5,0.4,-1.01,0.8,10.7,3.71,19.0,6.36,18.0,0.6,0.5,0.4,-4.81,0.64,6.27,1.79,19.0,7.41,18.0,0.6,0.5,0.4,1003.86,1009.5,1014.14,1009.24,19.0,6.44,18.0,0.6,0.5,0.4,4.4,6.5,7.6,5.9,16.0,1.8,18.0,0.6,0.5,0.4,-4.7,3.7,123.4,42.8,19.0,77.6,18.0,0.6,0.5,0.4,-49.2,0.6,39.4,28.2,19.0,124.9,18.0,0.6,0.5,0.4,-2.5,1.5,4.0,1.12,19.0,3.1,18.0,0.6,0.5,0.4,-9.9,6.9,40.0,8.5,19.0,36.2,18.0,0.6,0.5,0.4,-0.12,1.31,2.11,1.15,16.0,1.22,20.0,0.6,0.5,0.4,-0.4,7.0,21.0,8.4,16.0,12.8,20.0,0.6,0.5,0.4,-1.0,0.0,18.0,5.5,19.0,13.3,18.0,0.6,0.5,0.4,-4.1,0.0,16.7,11.4,19.0,38.6,18.0,0.6,0.5,0.4,0.0,8.4,36.2,16.0,16.0,18.6,20.0,0.6,0.5,0.4,-15.6,0.7,21.8,7.2,16.0,35.2,20.0,0.6,0.5,0.4,-0.7,1.7,18.6,7.1,16.0,9.5,20.0,0.6,0.5,0.4,-13.9,-2.8,1.9,-4.5,16.0,8.6,20.0,0.6,0.5,0.4,92.5,658.5,2535.5,1494.5,19.0,2189.5,18.0,0.6,0.5,0.4,95.0,660.0,2535.0,1495.0,19.0,2190.0,18.0,0.6,0.5,0.4
1974,2,157.0,45.0,2.43,4.0,5.14,4.0,7.0,2.22,12.0,1.0,0.4,0.5,-1.02,0.0,2.05,0.43,7.0,1.74,12.0,1.0,0.5,0.4,3.26,3.28,3.49,3.37,3.0,0.19,8.0,1.0,0.4,0.5,82.4,92.9,93.0,87.8,3.0,8.9,8.0,1.0,0.5,6.03,10.3,14.84,11.7,8.0,6.41,12.0,1.0,0.5,0.4,-6.55,3.66,11.12,0.5,8.0,12.55,12.0,1.0,0.5,0.4,-4.79,-3.35,4.97,-1.19,8.0,6.18,12.0,1.0,0.5,0.4,1003.45,1007.0,1013.56,1007.07,7.0,8.17,12.0,1.0,0.4,0.5,4.9,6.0,8.0,5.9,7.0,2.1,14.0,1.0,0.5,0.4,-63.2,19.2,160.2,-30.9,8.0,252.5,12.0,1.0,0.5,0.4,-66.3,-18.5,43.3,-15.1,8.0,75.3,12.0,1.0,0.5,0.4,1.98,4.0,6.72,4.33,6.0,3.24,10.0,1.0,0.5,0.4,12.8,28.7,117.4,54.4,6.0,57.7,10.0,1.0,0.5,0.4,1.41,1.73,1.76,1.59,3.0,0.29,8.0,1.0,0.4,0.5,9.2,16.5,34.5,21.7,3.0,19.1,8.0,1.0,0.4,0.5,-17.0,-4.4,0.6,-5.9,7.0,10.9,12.0,1.0,0.5,0.4,-0.2,3.7,15.1,8.2,7.0,11.3,12.0,1.0,0.5,0.4,-57.4,9.6,22.6,-16.8,3.0,62.9,8.0,1.0,0.4,0.5,-11.1,-10.4,-3.3,-7.3,3.0,6.3,8.0,1.0,0.4,0.5,-28.1,3.7,11.8,-7.9,3.0,30.9,8.0,1.0,0.4,0.5,-5.3,-4.4,-1.4,-3.4,3.0,3.0,8.0,1.0,0.4,0.5,237.5,1123.5,3272.0,3069.0,8.0,4997.0,12.0,1.0,0.5,0.4,240.0,1125.0,3270.0,3070.0,8.0,4995.0,12.0,1.0,0.5,0.4
1974,2,157.0,46.0,1.45,3.0,4.1,2.95,13.0,1.39,12.0,0.5,0.3,0.4,-1.0,0.5,2.41,0.64,14.0,1.63,12.0,0.5,0.3,0.4,3.0,3.6,3.9,3.57,11.0,0.49,12.0,0.5,0.3,0.4,85.0,93.0,100.0,90.4,11.0,11.8,12.0,0.5,0.4,6.79,12.15,17.47,12.13,14.0,5.15,12.0,0.5,0.3,0.4,2.33,8.93,16.69,8.16,14.0,9.31,12.0,0.5,0.3,0.4,-6.13,-3.25,3.03,-2.44,14.0,4.48,12.0,0.5,0.3,0.4,987.0,1005.45,1011.94,1001.26,14.0,14.18,12.0,0.5,0.3,0.4,4.0,5.0,7.7,5.7,9.0,1.9,10.0,0.8,0.3,0.4,11.8,85.4,283.8,112.9,14.0,167.7,12.0,0.5,0.3,0.4,-90.3,-24.2,53.0,-21.2,14.0,62.5,12.0,0.5,0.3,0.4,0.0,2.0,4.55,2.33,13.0,2.43,12.0,0.5,0.3,0.4,0.0,11.2,63.2,26.6,13.0,33.1,12.0,0.5,0.3,0.4,0.42,1.38,1.78,1.23,11.0,0.79,12.0,0.5,0.3,0.4,4.0,13.3,25.0,14.2,11.0,10.1,12.0,0.5,0.3,0.4,-9.4,0.7,17.6,8.6,14.0,22.3,12.0,0.5,0.3,0.4,-7.9,-1.5,2.7,-3.3,14.0,9.1,12.0,0.5,0.3,0.4,9.0,28.9,63.9,27.3,11.0,38.9,12.0,0.5,0.3,0.4,-19.8,-9.6,12.3,-4.6,11.0,15.4,12.0,0.5,0.3,0.4,1.9,8.7,20.7,7.4,11.0,14.5,12.0,0.5,0.3,0.4,-6.9,-1.5,2.6,-2.4,11.0,6.9,12.0,0.5,0.3,0.4,316.5,1918.5,5331.0,2651.5,14.0,2332.0,12.0,0.5,0.3,0.4,315.0,1920.0,5330.0,2650.0,14.0,2330.0,12.0,0.5,0.3,0.4
1974,2,157.0,47.0,1.1,1.85,2.97,1.79,14.0,1.18,12.0,0.4,0.4,0.4,0.0,0.5,2.0,0.71,14.0,1.04,12.0,0.4,0.4,0.4,3.2,3.68,3.83,3.6,11.0,0.32,12.0,0.5,0.4,0.4,82.7,87.8,100.0,89.0,12.0,8.2,12.0,0.5,0.4,6.29,12.1,15.37,11.79,14.0,5.64,12.0,0.4,0.4,0.4,-7.21,8.47,14.0,4.4,14.0,11.9,12.0,0.4,0.4,0.4,-4.07,1.3,5.1,1.25,14.0,4.16,12.0,0.4,0.4,0.4,979.73,997.3,1007.14,995.64,13.0,12.08,12.0,0.5,0.4,0.4,6.0,8.0,8.0,7.4,12.0,1.1,12.0,0.5,0.5,0.4,-55.5,87.5,208.7,39.9,14.0,217.0,12.0,0.4,0.4,0.4,-58.1,3.4,76.0,10.7,14.0,60.2,12.0,0.4,0.4,0.4,0.5,1.3,2.0,1.09,14.0,1.65,12.0,0.4,0.4,0.4,5.3,11.9,27.3,13.2,14.0,16.1,12.0,0.4,0.4,0.4,0.23,0.6,1.31,0.74,11.0,0.56,12.0,0.5,0.4,0.4,3.1,6.5,12.9,7.4,11.0,5.4,12.0,0.5,0.4,0.4,0.0,2.3,15.0,4.5,14.0,12.2,12.0,0.4,0.4,0.4,-3.8,0.0,3.4,-0.1,14.0,4.7,12.0,0.4,0.4,0.4,7.7,36.9,54.5,30.1,11.0,26.7,12.0,0.5,0.4,0.4,-3.1,11.7,19.8,8.7,11.0,12.8,12.0,0.5,0.4,0.4,-0.2,3.7,9.1,4.1,11.0,7.3,12.0,0.5,0.4,0.4,0.0,1.8,3.5,1.8,11.0,3.8,12.0,0.5,0.4,0.4,252.0,1833.0,3635.0,2729.5,14.0,3620.0,12.0,0.4,0.4,0.4,250.0,1835.0,3635.0,2730.0,14.0,3620.0,12.0,0.4,0.4,0.4
1974,2,157.0,48.0,1.1,2.0,2.02,1.73,7.0,0.55,18.0,0.4,0.3,0.6,-1.05,0.0,2.09,0.27,7.0,2.03,18.0,0.4,0.3,0.6,3.1,3.5,4.26,3.61,7.0,0.57,18.0,0.4,0.3,0.6,82.0,93.1,100.0,91.4,7.0,8.9,18.0,0.4,0.6,6.2,9.0,10.84,8.93,6.0,2.68,16.0,0.5,0.3,0.5,0.05,3.69,8.92,3.73,6.0,6.95,16.0,0.5,0.3,0.5,-6.75,-2.91,4.53,-1.51,6.0,5.93,16.0,0.5,0.3,0.5,970.39,1000.0,1010.36,993.03,7.0,19.5,18.0,0.4,0.3,0.6,3.0,6.0,8.0,5.5,4.0,3.0,16.0,0.8,0.2,0.7,-6.3,24.9,98.9,38.2,6.0,82.0,16.0,0.5,0.3,0.5,-58.3,-18.1,33.7,-11.2,6.0,52.1,16.0,0.5,0.3,0.5,-1.09,2.0,3.52,1.46,7.0,2.5,18.0,0.4,0.3,0.6,-14.1,18.6,27.7,10.2,6.0,25.0,16.0,0.5,0.3,0.5,0.0,1.01,1.28,0.75,7.0,0.64,18.0,0.4,0.3,0.6,-0.2,6.6,11.8,6.9,6.0,7.5,16.0,0.5,0.3,0.5,-13.5,-4.5,6.4,-1.1,6.0,16.7,16.0,0.5,0.3,0.5,-5.9,0.0,14.6,3.4,6.0,13.6,16.0,0.5,0.3,0.5,-1.4,12.4,35.0,11.6,6.0,25.6,16.0,0.5,0.3,0.5,-23.7,-9.6,17.0,-4.5,6.0,22.7,16.0,0.5,0.3,0.5,-0.2,2.9,7.9,4.9,6.0,7.5,16.0,0.5,0.3,0.5,-7.1,-0.3,0.8,-2.1,6.0,4.9,16.0,0.5,0.3,0.5,238.5,774.5,1310.5,877.5,6.0,734.5,16.0,0.5,0.3,0.5,240.0,775.0,1310.0,880.0,6.0,735.0,16.0,0.5,0.3,0.5
1974,2,157.0,49.0,0.32,1.0,1.68,1.0,3.0,1.0,6.0,0.3,0.3,0.3,-2.05,0.0,0.0,-1.0,3.0,1.73,6.0,0.3,0.3,0.3,2.23,2.43,3.17,2.69,3.0,0.72,6.0,0.3,0.3,0.3,62.6,79.2,88.6,75.7,3.0,19.3,6.0,0.3,0.3,6.24,8.7,10.13,8.2,3.0,2.88,6.0,0.3,0.3,0.3,-2.67,0.0,6.38,1.82,3.0,6.81,6.0,0.3,0.3,0.3,-7.65,-5.4,-3.95,-5.79,3.0,2.73,6.0,0.3,0.3,0.3,986.32,1001.0,1009.33,997.9,3.0,17.06,6.0,0.3,0.3,0.3,5.5,6.5,7.5,6.5,2.0,2.1,2.0,0.5,0.4,0.1,-13.6,0.0,69.0,27.0,3.0,64.8,6.0,0.3,0.3,0.3,-70.2,-58.3,-29.9,-50.2,3.0,30.3,6.0,0.3,0.3,0.3,1.32,2.0,2.68,2.0,3.0,1.0,6.0,0.3,0.3,0.3,9.2,10.2,25.4,17.1,3.0,13.3,6.0,0.3,0.3,0.3,0.82,1.4,2.06,1.44,3.0,0.91,6.0,0.3,0.3,0.3,7.1,12.1,14.1,10.7,3.0,5.3,6.0,0.3,0.3,0.3,-19.2,0.0,0.0,-9.4,3.0,16.2,6.0,0.3,0.3,0.3,0.0,0.0,11.1,5.4,3.0,9.4,6.0,0.3,0.3,0.3,-5.7,0.0,15.5,4.8,3.0,16.1,6.0,0.3,0.3,0.3,-25.0,-13.1,-9.0,-16.9,3.0,12.2,6.0,0.3,0.3,0.3,-6.3,0.0,8.9,1.3,3.0,11.2,6.0,0.3,0.3,0.3,-7.7,-7.5,-5.7,-6.7,3.0,1.7,6.0,0.3,0.3,0.3,299.5,658.5,1069.0,683.5,3.0,564.0,6.0,0.3,0.3,0.3,300.0,660.0,1070.0,685.0,3.0,565.0,6.0,0.3,0.3,0.3
1974,2,157.0,50.0,,,,,,,,,,,,,,,,,,,,,,,,,,,,,,,,,,,,,,,,3.0,8.7,13.0,8.8,35.0,5.38,14.0,0.4,0.3,0.6,-3.65,3.28,7.64,1.89,35.0,6.98,14.0,0.4,0.3,0.6,-10.32,-2.07,3.41,-2.91,35.0,6.9,14.0,0.4,0.3,0.6,995.81,1006.6,1010.78,1003.41,36.0,10.34,14.0,0.4,0.3,0.6,,,,,,,,,,,,,,,,,,,,,,,,,,,,,,,,,,,,,,,,,,,,,,,,,,,,,,,,,,,,,,,,,,,,,,,,,,,,,,,,,,,,,,,,,,,,,,,,,,,,,,,,,,,,,,,,,,,,,,,,,,,,,,,,,,,,,,,,,,,,,,,,,,,,,,
1974,2,157.0,51.0,,,,,,,,,,,,,,,,,,,,,,,,,,,,,,,,,,,,,,,,4.84,9.8,14.0,9.74,44.0,5.55,14.0,0.5,0.6,0.2,-6.95,0.0,5.48,-0.69,44.0,7.08,14.0,0.5,0.6,0.2,-12.34,-6.96,0.03,-5.99,44.0,6.37,14.0,0.5,0.6,0.2,989.11,1004.75,1013.42,1002.66,44.0,10.6,14.0,0.5,0.6,0.2,,,,,,,,,,,,,,,,,,,,,,,,,,,,,,,,,,,,,,,,,,,,,,,,,,,,,,,,,,,,,,,,,,,,,,,,,,,,,,,,,,,,,,,,,,,,,,,,,,,,,,,,,,,,,,,,,,,,,,,,,,,,,,,,,,,,,,,,,,,,,,,,,,,,,,
1974,2,158.0,-46.0,14.1,14.1,14.1,14.1,1.0,0.0,24.0,0.0,0.6,0.8,14.6,14.6,14.6,14.6,1.0,0.0,24.0,0.0,0.6,0.8,8.19,8.19,8.19,8.19,1.0,0.0,24.0,0.0,0.6,0.8,79.0,79.0,79.0,79.0,1.0,0.0,24.0,0.0,0.8,12.3,12.3,12.3,12.3,1.0,0.0,24.0,0.0,0.6,0.8,12.11,12.11,12.11,12.11,1.0,0.0,24.0,0.0,0.6,0.8,-2.14,-2.14,-2.14,-2.14,1.0,0.0,24.0,0.0,0.6,0.8,1006.1,1006.1,1006.1,1006.1,1.0,0.0,24.0,0.0,0.6,0.8,8.0,8.0,8.0,8.0,1.0,0.0,24.0,0.0,0.6,0.8,149.0,149.0,149.0,149.0,1.0,0.0,24.0,0.0,0.6,0.8,-26.3,-26.3,-26.3,-26.3,1.0,0.0,24.0,0.0,0.6,0.8,-0.5,-0.5,-0.5,-0.5,1.0,0.0,24.0,0.0,0.6,0.8,-6.1,-6.1,-6.1,-6.1,1.0,0.0,24.0,0.0,0.6,0.8,1.86,1.86,1.86,1.86,1.0,0.0,24.0,0.0,0.6,0.8,22.9,22.9,22.9,22.9,1.0,0.0,24.0,0.0,0.6,0.8,176.9,176.9,176.9,176.9,1.0,0.0,24.0,0.0,0.6,0.8,-31.2,-31.2,-31.2,-31.2,1.0,0.0,24.0,0.0,0.6,0.8,99.2,99.2,99.2,99.2,1.0,0.0,24.0,0.0,0.6,0.8,-17.5,-17.5,-17.5,-17.5,1.0,0.0,24.0,0.0,0.6,0.8,22.5,22.5,22.5,22.5,1.0,0.0,24.0,0.0,0.6,0.8,-4.0,-4.0,-4.0,-4.0,1.0,0.0,24.0,0.0,0.6,0.8,1861.0,1861.0,1861.0,1861.0,1.0,0.0,24.0,0.0,0.6,0.8,1860.0,1860.0,1860.0,1860.0,1.0,0.0,24.0,0.0,0.6,0.8
1974,2,158.0,-44.0,15.16,15.5,15.84,15.5,2.0,0.71,24.0,0.0,0.5,0.1,14.08,14.25,14.42,14.25,2.0,0.35,24.0,0.0,0.5,0.1,6.92,6.92,6.92,6.92,1.0,0.0,24.0,0.0,0.8,0.1,67.7,67.7,67.7,67.7,1.0,0.0,24.0,0.0,0.1,6.28,6.45,6.62,6.45,2.0,0.35,24.0,0.0,0.5,0.1,-0.01,2.47,4.95,2.47,2.0,5.14,24.0,0.0,0.5,0.1,1.95,3.84,5.72,3.84,2.0,3.9,24.0,0.0,0.5,0.1,1012.31,1013.2,1014.09,1013.2,2.0,1.84,24.0,0.0,0.5,0.1,1.6,3.0,4.4,3.0,2.0,2.8,24.0,0.0,0.5,0.1,-0.6,15.0,30.6,15.0,2.0,32.3,24.0,0.0,0.5,0.1,12.6,25.4,38.3,25.4,2.0,26.5,24.0,0.0,0.5,0.1,0.74,1.25,1.76,1.25,2.0,1.06,24.0,0.0,0.5,0.1,4.7,8.3,11.8,8.3,2.0,7.3,24.0,0.0,0.5,0.1,3.67,3.67,3.67,3.67,1.0,0.0,24.0,0.0,0.8,0.1,22.7,22.7,22.7,22.7,1.0,0.0,24.0,0.0,0.8,0.1,0.3,36.1,71.9,36.1,2.0,74.1,24.0,0.0,0.5,0.1,27.8,54.0,80.2,54.0,2.0,54.3,24.0,0.0,0.5,0.1,42.3,42.3,42.3,42.3,1.0,0.0,24.0,0.0,0.8,0.1,7.5,7.5,7.5,7.5,1.0,0.0,24.0,0.0,0.8,0.1,22.4,22.4,22.4,22.4,1.0,0.0,24.0,0.0,0.8,0.1,3.9,3.9,3.9,3.9,1.0,0.0,24.0,0.0,0.8,0.1,248.0,269.5,291.0,269.5,2.0,44.0,24.0,0.0,0.5,0.1,250.0,270.0,290.0,270.0,2.0,45.0,24.0,0.0,0.5,0.1
1974,2,158.0,-41.0,19.07,19.45,19.83,19.45,2.0,0.78,6.0,0.5,0.5,0.8,18.22,18.7,19.18,18.7,2.0,0.99,6.0,0.5,0.5,0.8,10.13,10.13,10.13,10.13,1.0,0.0,10.0,0.0,0.8,1.0,80.0,80.0,80.0,80.0,1.0,0.0,10.0,0.0,1.0,4.35,4.9,5.45,4.9,2.0,1.13,6.0,0.5,0.5,0.8,-1.75,1.24,4.22,1.24,2.0,6.19,6.0,0.5,0.5,0.8,1.25,1.81,2.37,1.81,2.0,1.16,6.0,0.5,0.5,0.8,1019.87,1021.75,1023.63,1021.75,2.0,3.89,6.0,0.5,0.5,0.8,8.0,8.0,8.0,8.0,2.0,0.0,6.0,0.5,0.5,0.8,-5.8,9.6,24.9,9.6,2.0,31.7,6.0,0.5,0.5,0.8,6.5,8.2,10.0,8.2,2.0,3.7,6.0,0.5,0.5,0.8,-0.1,0.75,1.6,0.75,2.0,1.77,6.0,0.5,0.5,0.8,-1.1,2.7,6.4,2.7,2.0,7.8,6.0,0.5,0.5,0.8,4.25,4.25,4.25,4.25,1.0,0.0,10.0,0.0,0.8,1.0,17.4,17.4,17.4,17.4,1.0,0.0,10.0,0.0,0.8,1.0,-30.3,26.2,82.6,26.2,2.0,117.0,6.0,0.5,0.5,0.8,23.7,33.3,43.0,33.3,2.0,20.0,6.0,0.5,0.5,0.8,-31.8,-31.8,-31.8,-31.8,1.0,0.0,10.0,0.0,0.8,1.0,26.7,26.7,26.7,26.7,1.0,0.0,10.0,0.0,0.8,1.0,-13.4,-13.4,-13.4,-13.4,1.0,0.0,10.0,0.0,0.8,1.0,11.2,11.2,11.2,11.2,1.0,0.0,10.0,0.0,0.8,1.0,87.5,127.0,166.5,127.0,2.0,82.0,6.0,0.5,0.5,0.8,85.0,125.0,165.0,125.0,2.0,80.0,6.0,0.5,0.5,0.8
1974,2,158.0,-40.0,18.7,20.0,20.0,19.37,3.0,1.1,22.0,0.7,0.5,0.3,17.0,20.0,22.39,19.7,3.0,3.96,22.0,0.7,0.5,0.3,7.67,11.51,11.77,9.76,3.0,3.36,22.0,0.7,0.5,0.3,57.6,64.8,77.1,67.3,3.0,14.5,22.0,0.7,0.3,1.62,5.1,7.22,4.43,3.0,4.14,22.0,0.7,0.5,0.3,-2.8,0.0,1.19,-0.79,3.0,3.0,22.0,0.7,0.5,0.3,1.52,4.79,6.37,3.96,3.0,3.62,22.0,0.7,0.5,0.3,1024.26,1024.6,1025.28,1024.77,3.0,0.76,22.0,0.7,0.5,0.3,3.6,7.0,7.0,5.3,3.0,2.9,22.0,0.7,0.5,0.3,-22.9,0.0,6.1,-8.2,3.0,22.4,22.0,0.7,0.5,0.3,7.8,24.4,47.5,27.6,3.0,29.2,22.0,0.7,0.5,0.3,-2.39,0.0,1.71,-0.33,3.0,3.01,22.0,0.7,0.5,0.3,0.0,0.0,8.7,4.3,3.0,7.4,22.0,0.7,0.5,0.3,2.6,2.85,5.6,4.07,3.0,2.44,22.0,0.7,0.5,0.3,6.5,20.4,30.4,18.5,3.0,17.6,22.0,0.7,0.5,0.3,-56.0,0.0,18.6,-18.3,3.0,56.8,22.0,0.7,0.5,0.3,23.7,74.8,120.7,72.3,3.0,71.0,22.0,0.7,0.5,0.3,-33.3,0.0,7.0,-12.8,3.0,31.5,22.0,0.7,0.5,0.3,9.0,28.2,66.6,37.6,3.0,43.0,22.0,0.7,0.5,0.3,-6.9,0.0,8.2,0.6,3.0,11.1,22.0,0.7,0.5,0.3,5.6,17.6,28.1,16.9,3.0,16.5,22.0,0.7,0.5,0.3,42.0,132.5,418.5,228.0,3.0,288.0,22.0,0.7,0.5,0.3,40.0,135.0,420.0,230.0,3.0,290.0,22.0,0.7,0.5,0.3
1974,2,158.0,-39.0,20.32,21.0,22.02,21.17,3.0,1.26,10.0,0.3,0.6,0.6,18.63,20.0,20.68,19.67,3.0,1.53,10.0,0.3,0.6,0.6,11.28,13.03,14.77,13.03,2.0,3.61,10.0,0.0,0.8,0.7,85.4,91.3,97.2,91.3,2.0,12.3,10.0,0.0,0.7,5.74,8.2,13.11,9.4,3.0,5.5,10.0,0.3,0.6,0.6,-2.76,-2.67,-1.92,-2.35,3.0,0.68,10.0,0.3,0.6,0.6,5.4,7.71,12.8,9.06,3.0,5.55,10.0,0.3,0.6,0.6,1009.25,1015.8,1020.78,1015.03,3.0,8.48,10.0,0.3,0.6,0.6,6.3,7.0,7.7,7.0,3.0,1.0,10.0,0.3,0.6,0.6,-35.4,-23.0,-12.2,-23.8,3.0,17.0,10.0,0.3,0.6,0.6,33.6,63.2,179.5,105.5,3.0,113.0,10.0,0.3,0.6,0.6,1.16,1.5,1.84,1.5,3.0,0.5,10.0,0.3,0.6,0.6,10.2,12.3,14.4,12.3,3.0,3.1,10.0,0.3,0.6,0.6,1.9,2.72,3.54,2.72,2.0,1.71,10.0,0.0,0.8,0.7,13.3,15.2,17.2,15.2,2.0,4.0,10.0,0.0,0.8,0.7,-57.2,-53.5,-36.3,-46.9,3.0,16.3,10.0,0.3,0.6,0.6,104.5,161.8,258.4,181.0,3.0,114.0,10.0,0.3,0.6,0.6,-39.4,-30.1,-20.8,-30.1,2.0,19.3,10.0,0.0,0.8,0.7,57.1,82.7,108.2,82.7,2.0,52.9,10.0,0.0,0.8,0.7,-5.9,-5.2,-4.6,-5.2,2.0,1.4,10.0,0.0,0.8,0.7,12.5,14.3,16.1,14.3,2.0,3.8,10.0,0.0,0.8,0.7,241.5,551.5,2668.0,1433.5,3.0,1934.5,10.0,0.3,0.6,0.6,240.0,550.0,2670.0,1435.0,3.0,1935.0,10.0,0.3,0.6,0.6
1974,2,158.0,-38.0,21.91,22.8,24.3,23.1,3.0,1.77,18.0,1.0,0.4,0.5,21.06,21.2,23.52,22.27,3.0,2.02,18.0,1.0,0.4,0.5,10.6,13.5,14.16,12.41,3.0,2.77,18.0,1.0,0.4,0.5,63.4,70.1,85.6,74.4,3.0,16.7,18.0,1.0,0.5,1.51,2.6,6.08,3.77,3.0,3.5,18.0,1.0,0.4,0.5,-1.93,-0.5,3.22,0.62,3.0,3.9,18.0,1.0,0.4,0.5,0.27,0.87,4.3,2.25,3.0,3.19,18.0,1.0,0.4,0.5,1013.33,1016.2,1017.84,1015.6,3.0,3.34,18.0,1.0,0.4,0.5,2.6,4.0,5.4,4.0,3.0,2.0,18.0,1.0,0.4,0.5,-4.8,-0.5,25.9,10.3,3.0,24.3,18.0,1.0,0.4,0.5,0.3,0.9,31.3,15.4,3.0,26.0,18.0,1.0,0.4,0.5,-1.07,0.5,2.75,0.83,3.0,2.81,18.0,1.0,0.4,0.5,-2.0,3.8,3.8,1.0,3.0,4.9,18.0,1.0,0.4,0.5,4.25,5.2,6.2,5.23,3.0,1.42,18.0,1.0,0.4,0.5,6.7,9.9,38.2,22.1,3.0,25.4,18.0,1.0,0.4,0.5,-47.0,-10.6,67.6,9.8,3.0,85.8,18.0,1.0,0.4,0.5,5.8,18.4,90.4,47.4,3.0,66.8,18.0,1.0,0.4,0.5,-26.3,-7.2,29.0,1.2,3.0,41.1,18.0,1.0,0.4,0.5,4.0,12.5,41.2,22.4,3.0,28.6,18.0,1.0,0.4,0.5,-7.6,-2.6,21.7,6.8,3.0,22.9,18.0,1.0,0.4,0.5,1.4,4.5,28.2,14.6,3.0,21.5,18.0,1.0,0.4,0.5,6.5,17.5,317.0,158.5,3.0,258.5,18.0,1.0,0.4,0.5,5.0,20.0,315.0,160.0,3.0,260.0,18.0,1.0,0.4,0.5
1974,2,158.0,-37.0,20.7,22.9,23.98,22.59,8.0,1.75,16.0,0.5,0.4,0.6,19.43,20.1,21.29,20.4,8.0,0.98,16.0,0.5,0.4,0.6,9.32,11.41,13.98,11.67,8.0,2.43,16.0,0.5,0.4,0.6,63.4,79.3,90.4,78.2,8.0,13.1,16.0,0.5,0.6,5.01,6.95,9.3,7.06,8.0,3.59,16.0,0.5,0.4,0.6,-4.61,-0.25,2.62,-0.79,8.0,3.75,16.0,0.5,0.4,0.6,1.26,5.9,8.57,5.85,8.0,3.99,16.0,0.5,0.4,0.6,1012.92,1016.8,1020.07,1016.13,8.0,4.24,16.0,0.5,0.4,0.6,2.1,6.0,7.9,5.3,8.0,2.5,16.0,0.5,0.4,0.6,-23.3,-0.2,19.5,-5.2,8.0,30.3,16.0,0.5,0.4,0.6,6.4,45.9,78.4,52.9,8.0,53.4,16.0,0.5,0.4,0.6,0.59,2.85,3.72,2.19,8.0,2.07,16.0,0.5,0.4,0.6,3.7,14.7,26.6,15.7,8.0,20.4,16.0,0.5,0.4,0.6,2.4,6.03,8.15,5.42,8.0,3.37,16.0,0.5,0.4,0.6,7.0,39.8,55.1,38.9,8.0,35.1,16.0,0.5,0.4,0.6,-98.4,-5.3,51.0,-17.6,8.0,76.2,16.0,0.5,0.4,0.6,26.1,124.5,171.0,117.3,8.0,77.6,16.0,0.5,0.4,0.6,-44.0,-3.5,27.0,-11.2,8.0,43.9,16.0,0.5,0.4,0.6,16.1,70.0,103.5,66.7,8.0,43.1,16.0,0.5,0.4,0.6,-13.1,1.0,17.3,-1.0,8.0,21.5,16.0,0.5,0.4,0.6,5.2,20.4,51.8,31.9,8.0,36.6,16.0,0.5,0.4,0.6,126.0,347.5,804.5,588.5,8.0,700.0,16.0,0.5,0.4,0.6,125.0,345.0,805.0,590.0,8.0,700.0,16.0,0.5,0.4,0.6
1974,2,158.0,-36.0,23.15,23.9,24.99,24.07,3.0,1.36,10.0,0.7,0.6,0.5,22.63,24.0,24.68,23.67,3.0,1.53,10.0,0.7,0.6,0.5,11.87,17.52,17.67,14.83,3.0,4.85,10.0,0.7,0.6,0.5,67.1,89.7,92.7,80.2,3.0,20.5,10.0,0.7,0.5,4.26,4.6,6.37,5.3,3.0,1.66,10.0,0.7,0.6,0.5,-0.15,1.25,1.8,0.83,3.0,1.47,10.0,0.7,0.6,0.5,-5.97,-3.55,1.97,-2.04,3.0,5.96,10.0,0.7,0.6,0.5,1012.3,1012.3,1016.12,1014.17,3.0,3.23,10.0,0.7,0.6,0.5,4.0,4.0,4.7,4.3,3.0,0.6,10.0,0.7,0.6,0.5,0.2,8.4,8.8,4.6,3.0,7.2,10.0,0.7,0.6,0.5,-39.5,-14.6,9.6,-14.9,3.0,35.9,10.0,0.7,0.6,0.5,-1.53,-0.1,2.36,0.4,3.0,2.88,10.0,0.7,0.6,0.5,-10.9,-0.4,10.9,0.0,3.0,16.0,10.0,0.7,0.6,0.5,0.02,0.99,7.85,3.87,3.0,6.25,10.0,0.7,0.6,0.5,-0.8,4.1,36.0,17.3,3.0,29.3,10.0,0.7,0.6,0.5,-2.1,31.3,43.5,21.0,3.0,34.6,10.0,0.7,0.6,0.5,-148.0,-85.2,41.0,-54.3,3.0,141.0,10.0,0.7,0.6,0.5,2.0,22.2,31.6,16.9,3.0,22.1,10.0,0.7,0.6,0.5,-105.6,-62.2,8.8,-48.7,3.0,84.6,10.0,0.7,0.6,0.5,-6.2,-0.5,1.2,-2.4,3.0,5.7,10.0,0.7,0.6,0.5,-1.4,3.0,35.1,16.5,3.0,29.2,10.0,0.7,0.6,0.5,78.0,97.5,285.5,180.0,3.0,168.0,10.0,0.7,0.6,0.5,80.0,95.0,285.0,180.0,3.0,170.0,10.0,0.7,0.6,0.5
1974,2,158.0,-35.0,21.72,24.0,25.3,23.62,9.0,1.73,18.0,0.6,0.3,0.8,21.44,22.0,23.51,22.55,10.0,1.79,18.0,0.5,0.3,0.8,10.75,12.82,15.58,13.08,10.0,2.23,18.0,0.5,0.3,0.8,67.5,73.7,88.0,77.0,10.0,11.5,18.0,0.5,0.8,0.71,5.1,8.61,4.67,10.0,3.84,18.0,0.5,0.3,0.8,-3.68,-0.58,0.0,-1.34,10.0,2.68,18.0,0.5,0.3,0.8,-2.94,0.59,6.23,1.08,10.0,5.34,18.0,0.5,0.3,0.8,1013.13,1016.0,1018.0,1015.79,10.0,3.01,18.0,0.5,0.3,0.8,1.3,3.5,7.1,3.9,10.0,2.8,18.0,0.5,0.3,0.8,-24.1,-0.5,0.0,-11.0,10.0,23.5,18.0,0.5,0.3,0.8,-14.1,0.6,45.7,8.1,10.0,45.7,18.0,0.5,0.3,0.8,-0.5,1.5,2.87,1.01,9.0,2.05,18.0,0.6,0.3,0.8,-2.9,2.5,10.8,5.7,9.0,10.9,18.0,0.6,0.3,0.8,4.19,5.51,7.07,5.5,9.0,1.94,18.0,0.6,0.3,0.8,3.3,30.9,54.2,32.7,9.0,29.7,18.0,0.6,0.3,0.8,-80.6,-15.1,0.0,-30.7,10.0,59.9,18.0,0.5,0.3,0.8,-69.6,13.3,137.0,24.0,10.0,118.6,18.0,0.5,0.3,0.8,-42.9,-8.2,0.0,-16.2,10.0,31.3,18.0,0.5,0.3,0.8,-42.4,8.2,68.4,11.6,10.0,61.2,18.0,0.5,0.3,0.8,-24.4,-2.1,0.0,-11.3,9.0,20.9,18.0,0.6,0.3,0.8,-21.8,5.5,47.9,10.9,9.0,37.0,18.0,0.6,0.3,0.8,0.5,132.5,655.5,292.0,10.0,383.0,18.0,0.5,0.3,0.8,0.0,135.0,655.0,290.0,10.0,385.0,18.0,0.5,0.3,0.8
1974,2,158.0,-34.0,24.66,25.0,25.34,25.0,2.0,0.71,16.0,1.0,0.2,0.3,22.35,23.1,23.85,23.1,2.0,1.56,16.0,1.0,0.2,0.3,10.57,13.05,15.52,13.05,2.0,5.12,16.0,1.0,0.2,0.3,62.6,73.2,83.7,73.2,2.0,21.8,16.0,1.0,0.3,6.86,7.2,7.54,7.2,2.0,0.71,16.0,1.0,0.2,0.3,-3.41,-1.48,0.44,-1.48,2.0,3.99,16.0,1.0,0.2,0.3,5.52,6.36,7.19,6.36,2.0,1.73,16.0,1.0,0.2,0.3,1013.93,1015.5,1017.07,1015.5,2.0,3.25,16.0,1.0,0.2,0.3,6.3,7.0,7.7,7.0,2.0,1.4,16.0,1.0,0.2,0.3,-22.6,-9.3,4.1,-9.3,2.0,27.7,16.0,1.0,0.2,0.3,38.2,46.4,54.6,46.4,2.0,17.0,16.0,1.0,0.2,0.3,1.49,1.9,2.31,1.9,2.0,0.85,16.0,1.0,0.2,0.3,11.1,13.4,15.7,13.4,2.0,4.8,16.0,1.0,0.2,0.3,4.66,6.69,8.73,6.69,2.0,4.22,16.0,1.0,0.2,0.3,34.3,46.7,59.0,46.7,2.0,25.6,16.0,1.0,0.2,0.3,-74.6,-31.2,12.2,-31.2,2.0,89.9,16.0,1.0,0.2,0.3,124.1,148.2,172.3,148.2,2.0,49.9,16.0,1.0,0.2,0.3,-30.6,-9.1,12.3,-9.1,2.0,44.5,16.0,1.0,0.2,0.3,60.7,87.4,114.0,87.4,2.0,55.2,16.0,1.0,0.2,0.3,-34.3,-18.3,-2.4,-18.3,2.0,33.0,16.0,1.0,0.2,0.3,31.5,38.9,46.2,38.9,2.0,15.2,16.0,1.0,0.2,0.3,325.5,378.5,432.0,378.5,2.0,110.0,16.0,1.0,0.2,0.3,325.0,380.0,430.0,380.0,2.0,110.0,16.0,1.0,0.2,0.3
1974,2,158.0,-33.0,24.25,24.35,24.45,24.35,2.0,0.21,14.0,0.0,0.4,0.7,22.92,22.95,22.98,22.95,2.0,0.07,14.0,0.0,0.4,0.7,14.78,15.02,15.26,15.02,2.0,0.5,14.0,0.0,0.4,0.7,84.1,86.1,88.1,86.1,2.0,4.1,14.0,0.0,0.7,6.6,7.45,8.3,7.45,2.0,1.77,14.0,0.0,0.4,0.7,-6.51,-4.31,-2.1,-4.31,2.0,4.57,14.0,0.0,0.4,0.7,4.63,5.23,5.83,5.23,2.0,1.24,14.0,0.0,0.4,0.7,1006.86,1012.15,1017.44,1012.15,2.0,10.96,14.0,0.0,0.4,0.7,5.0,5.0,5.0,5.0,2.0,0.0,14.0,0.0,0.4,0.7,-56.2,-36.1,-16.0,-36.1,2.0,41.6,14.0,0.0,0.4,0.7,37.8,37.9,37.9,37.9,2.0,0.0,14.0,0.0,0.4,0.7,1.33,1.4,1.47,1.4,2.0,0.14,14.0,0.0,0.4,0.7,8.9,10.6,12.3,10.6,2.0,3.5,14.0,0.0,0.4,0.7,3.55,4.01,4.47,4.01,2.0,0.95,14.0,0.0,0.4,0.7,23.9,30.7,37.6,30.7,2.0,14.2,14.0,0.0,0.4,0.7,-149.7,-99.0,-48.2,-99.0,2.0,105.1,14.0,0.0,0.4,0.7,106.4,119.9,133.5,119.9,2.0,28.1,14.0,0.0,0.4,0.7,-95.6,-63.5,-31.5,-63.5,2.0,66.4,14.0,0.0,0.4,0.7,68.6,78.8,89.1,78.8,2.0,21.3,14.0,0.0,0.4,0.7,-30.3,-19.4,-8.6,-19.4,2.0,22.4,14.0,0.0,0.4,0.7,20.4,20.4,20.4,20.4,2.0,0.0,14.0,0.0,0.4,0.7,305.0,448.5,592.0,448.5,2.0,297.0,14.0,0.0,0.4,0.7,305.0,450.0,590.0,450.0,2.0,295.0,14.0,0.0,0.4,0.7
1974,2,158.0,-32.0,23.55,25.0,25.2,24.42,6.0,1.19,12.0,0.8,0.3,0.7,23.71,24.5,25.5,24.54,5.0,0.99,14.0,0.8,0.4,0.6,13.0,14.84,15.71,14.41,5.0,1.59,14.0,0.8,0.4,0.6,71.2,72.7,79.0,74.9,5.0,5.7,14.0,0.8,0.6,5.02,7.7,10.4,7.62,5.0,3.74,14.0,0.8,0.4,0.6,-6.88,-3.18,-1.35,-4.01,5.0,2.97,14.0,0.8,0.4,0.6,0.87,7.58,8.99,5.29,5.0,4.76,14.0,0.8,0.4,0.6,1007.86,1011.3,1016.49,1011.9,5.0,5.16,14.0,0.8,0.4,0.6,4.3,6.0,7.4,5.8,5.0,1.9,14.0,0.8,0.4,0.6,-62.3,-29.6,-7.6,-36.4,5.0,37.4,14.0,0.8,0.4,0.6,8.5,58.4,93.9,53.5,5.0,48.4,14.0,0.8,0.4,0.6,-1.22,-0.3,0.68,-0.28,5.0,1.06,14.0,0.8,0.4,0.6,-4.6,-2.3,7.4,0.9,5.0,7.6,14.0,0.8,0.4,0.6,3.46,4.46,5.69,4.57,5.0,1.29,14.0,0.8,0.4,0.6,21.3,34.4,54.4,37.8,5.0,25.7,14.0,0.8,0.4,0.6,-162.0,-77.9,-34.3,-96.5,5.0,69.4,14.0,0.8,0.4,0.6,18.8,193.4,218.5,129.2,5.0,117.8,14.0,0.8,0.4,0.6,-87.5,-51.0,-20.6,-55.0,5.0,37.2,14.0,0.8,0.4,0.6,8.5,112.6,132.0,76.5,5.0,71.8,14.0,0.8,0.4,0.6,-36.0,-11.8,-6.0,-20.2,5.0,19.0,14.0,0.8,0.4,0.6,4.7,32.3,47.3,27.5,5.0,25.3,14.0,0.8,0.4,0.6,194.5,456.5,1190.0,686.5,5.0,716.5,14.0,0.8,0.4,0.6,195.0,455.0,1190.0,685.0,5.0,715.0,14.0,0.8,0.4,0.6
1974,2,158.0,-31.0,23.18,24.0,24.27,23.73,3.0,0.83,8.0,0.7,0.5,0.7,24.03,24.1,24.92,24.47,3.0,0.72,8.0,0.7,0.5,0.7,14.12,15.08,15.39,14.76,3.0,0.97,8.0,0.7,0.5,0.7,73.8,75.2,81.1,77.4,3.0,5.7,8.0,0.7,0.7,6.86,7.2,8.63,7.73,3.0,1.38,8.0,0.7,0.5,0.7,-7.65,-6.77,-0.58,-4.18,3.0,5.64,8.0,0.7,0.5,0.7,-0.21,4.65,5.77,2.83,3.0,4.65,8.0,0.7,0.5,0.7,1012.47,1013.9,1015.47,1013.97,3.0,2.2,8.0,0.7,0.5,0.7,2.3,3.0,5.7,4.0,3.0,2.6,8.0,0.7,0.5,0.7,-66.6,-48.7,-5.0,-36.1,3.0,46.4,8.0,0.7,0.5,0.7,1.3,42.2,42.9,22.6,3.0,34.9,8.0,0.7,0.5,0.7,-1.17,-0.9,-0.29,-0.73,3.0,0.67,8.0,0.7,0.5,0.7,-8.3,-6.0,-1.9,-5.1,3.0,4.7,8.0,0.7,0.5,0.7,3.22,3.64,3.87,3.55,3.0,0.48,8.0,0.7,0.5,0.7,26.3,26.6,27.7,27.0,3.0,1.0,8.0,0.7,0.5,0.7,-183.7,-163.1,-12.2,-99.5,3.0,137.2,8.0,0.7,0.5,0.7,-5.1,111.6,144.2,70.5,3.0,115.0,8.0,0.7,0.5,0.7,-114.7,-92.5,-5.8,-61.0,3.0,84.3,8.0,0.7,0.5,0.7,-0.1,72.2,87.7,44.5,3.0,68.7,8.0,0.7,0.5,0.7,-24.6,-24.4,-1.5,-13.3,3.0,19.4,8.0,0.7,0.5,0.7,-1.7,14.1,21.5,10.0,3.0,17.3,8.0,0.7,0.5,0.7,324.0,373.0,667.5,493.0,3.0,272.0,8.0,0.7,0.5,0.7,325.0,375.0,670.0,495.0,3.0,270.0,8.0,0.7,0.5,0.7
1974,2,158.0,-30.0,25.6,25.6,25.6,25.6,1.0,0.0,20.0,0.0,0.5,0.5,24.2,24.2,24.2,24.2,1.0,0.0,20.0,0.0,0.5,0.5,16.15,16.15,16.15,16.15,1.0,0.0,20.0,0.0,0.5,0.5,84.9,84.9,84.9,84.9,1.0,0.0,20.0,0.0,0.5,4.6,4.6,4.6,4.6,1.0,0.0,20.0,0.0,0.5,0.5,3.52,3.52,3.52,3.52,1.0,0.0,20.0,0.0,0.5,0.5,2.96,2.96,2.96,2.96,1.0,0.0,20.0,0.0,0.5,0.5,1001.8,1001.8,1001.8,1001.8,1.0,0.0,20.0,0.0,0.5,0.5,8.0,8.0,8.0,8.0,1.0,0.0,20.0,0.0,0.5,0.5,16.2,16.2,16.2,16.2,1.0,0.0,20.0,0.0,0.5,0.5,13.6,13.6,13.6,13.6,1.0,0.0,20.0,0.0,0.5,0.5,1.4,1.4,1.4,1.4,1.0,0.0,20.0,0.0,0.5,0.5,6.4,6.4,6.4,6.4,1.0,0.0,20.0,0.0,0.5,0.5,4.59,4.59,4.59,4.59,1.0,0.0,20.0,0.0,0.5,0.5,21.1,21.1,21.1,21.1,1.0,0.0,20.0,0.0,0.5,0.5,85.3,85.3,85.3,85.3,1.0,0.0,20.0,0.0,0.5,0.5,71.6,71.6,71.6,71.6,1.0,0.0,20.0,0.0,0.5,0.5,56.9,56.9,56.9,56.9,1.0,0.0,20.0,0.0,0.5,0.5,47.7,47.7,47.7,47.7,1.0,0.0,20.0,0.0,0.5,0.5,16.2,16.2,16.2,16.2,1.0,0.0,20.0,0.0,0.5,0.5,13.6,13.6,13.6,13.6,1.0,0.0,20.0,0.0,0.5,0.5,97.5,97.5,97.5,97.5,1.0,0.0,20.0,0.0,0.5,0.5,95.0,95.0,95.0,95.0,1.0,0.0,20.0,0.0,0.5,0.5
1974,2,158.0,-29.0,24.07,24.45,24.83,24.45,2.0,0.78,10.0,1.0,0.4,0.5,24.32,25.0,25.68,25.0,2.0,1.41,10.0,1.0,0.4,0.5,15.23,17.22,19.21,17.22,2.0,4.12,10.0,1.0,0.4,0.5,79.9,86.4,92.9,86.4,2.0,13.5,10.0,1.0,0.5,3.72,7.2,10.68,7.2,2.0,7.21,10.0,1.0,0.4,0.5,0.11,0.36,0.6,0.36,2.0,0.51,10.0,1.0,0.4,0.5,3.61,7.14,10.66,7.14,2.0,7.3,10.0,1.0,0.4,0.5,1010.81,1011.7,1012.59,1011.7,2.0,1.84,10.0,1.0,0.4,0.5,5.3,6.0,6.7,6.0,2.0,1.4,10.0,1.0,0.4,0.5,0.2,0.8,1.3,0.8,2.0,1.1,10.0,1.0,0.4,0.5,27.5,77.7,127.9,77.7,2.0,104.0,10.0,1.0,0.4,0.5,-0.86,-0.55,-0.24,-0.55,2.0,0.64,10.0,1.0,0.4,0.5,-2.0,-1.7,-1.4,-1.7,2.0,0.6,10.0,1.0,0.4,0.5,0.37,1.94,3.51,1.94,2.0,3.25,10.0,1.0,0.4,0.5,7.6,25.7,43.7,25.7,2.0,37.4,10.0,1.0,0.4,0.5,3.0,9.3,15.7,9.3,2.0,13.2,10.0,1.0,0.4,0.5,90.0,173.3,256.5,173.3,2.0,172.5,10.0,1.0,0.4,0.5,2.3,7.2,12.2,7.2,2.0,10.2,10.0,1.0,0.4,0.5,61.4,107.9,154.4,107.9,2.0,96.4,10.0,1.0,0.4,0.5,-0.2,-0.1,0.0,-0.1,2.0,0.2,10.0,1.0,0.4,0.5,7.7,25.7,43.7,25.7,2.0,37.4,10.0,1.0,0.4,0.5,303.0,935.0,1567.0,935.0,2.0,1309.5,10.0,1.0,0.4,0.5,305.0,935.0,1565.0,935.0,2.0,1310.0,10.0,1.0,0.4,0.5
1974,2,158.0,-28.0,24.97,26.2,27.43,26.2,2.0,2.55,8.0,0.5,0.4,0.4,24.39,25.45,26.51,25.45,2.0,2.19,8.0,0.5,0.4,0.4,15.75,16.47,17.2,16.47,2.0,1.5,8.0,0.5,0.4,0.4,79.5,81.0,82.6,81.0,2.0,3.2,8.0,0.5,0.4,2.74,5.4,8.06,5.4,2.0,5.52,8.0,0.5,0.4,0.4,-3.76,-1.84,0.07,-1.84,2.0,3.97,8.0,0.5,0.4,0.4,2.24,4.6,6.96,4.6,2.0,4.88,8.0,0.5,0.4,0.4,1011.11,1011.35,1011.59,1011.35,2.0,0.5,8.0,0.5,0.4,0.4,5.5,6.5,7.5,6.5,2.0,2.1,8.0,0.5,0.4,0.4,-36.2,-20.9,-5.6,-20.9,2.0,31.6,8.0,0.5,0.4,0.4,13.3,38.3,63.3,38.3,2.0,51.7,8.0,0.5,0.4,0.4,0.58,0.75,0.92,0.75,2.0,0.35,8.0,0.5,0.4,0.4,2.1,5.0,7.9,5.0,2.0,6.0,8.0,0.5,0.4,0.4,4.09,4.93,5.77,4.93,2.0,1.74,8.0,0.5,0.4,0.4,13.8,31.4,49.1,31.4,2.0,36.6,8.0,0.5,0.4,0.4,-102.0,-51.3,-0.5,-51.3,2.0,105.1,8.0,0.5,0.4,0.4,57.6,122.5,187.3,122.5,2.0,134.3,8.0,0.5,0.4,0.4,-66.2,-33.3,-0.4,-33.3,2.0,68.2,8.0,0.5,0.4,0.4,37.3,79.5,121.6,79.5,2.0,87.3,8.0,0.5,0.4,0.4,-23.5,-12.5,-1.5,-12.5,2.0,22.8,8.0,0.5,0.4,0.4,11.4,26.9,42.4,26.9,2.0,32.1,8.0,0.5,0.4,0.4,130.5,404.0,677.0,404.0,2.0,566.5,8.0,0.5,0.4,0.4,130.0,405.0,675.0,405.0,2.0,565.0,8.0,0.5,0.4,0.4
1974,2,158.0,-27.0,24.29,26.0,27.16,25.73,3.0,2.11,16.0,0.7,0.1,0.4,24.18,25.0,25.68,24.93,3.0,1.1,16.0,0.7,0.1,0.4,17.62,17.85,18.09,17.85,2.0,0.49,12.0,1.0,0.0,0.3,84.9,87.7,90.6,87.7,2.0,5.9,12.0,1.0,0.3,6.43,9.3,12.51,9.47,3.0,4.45,16.0,0.7,0.1,0.4,-9.58,-7.12,-4.0,-6.8,3.0,4.1,16.0,0.7,0.1,0.4,4.91,5.98,8.04,6.46,3.0,2.33,16.0,0.7,0.1,0.4,1010.9,1010.9,1012.54,1011.7,3.0,1.39,16.0,0.7,0.1,0.4,6.2,6.5,6.8,6.5,2.0,0.7,12.0,1.0,0.0,0.3,-123.5,-66.3,-29.9,-76.5,3.0,69.1,16.0,0.7,0.1,0.4,33.0,55.6,103.6,68.0,3.0,52.8,16.0,0.7,0.1,0.4,-1.01,2.2,2.54,0.8,3.0,2.87,16.0,0.7,0.1,0.4,-11.5,13.8,25.4,7.1,3.0,27.6,16.0,0.7,0.1,0.4,1.27,2.82,4.37,2.82,2.0,3.22,12.0,1.0,0.0,0.3,8.4,15.5,22.7,15.5,2.0,14.8,12.0,1.0,0.0,0.3,-233.0,-185.2,-102.3,-168.1,3.0,96.9,16.0,0.7,0.1,0.4,124.7,155.4,195.5,160.0,3.0,52.0,16.0,0.7,0.1,0.4,-112.3,-85.6,-58.8,-85.6,2.0,55.4,12.0,1.0,0.0,0.3,84.2,92.5,100.8,92.5,2.0,17.1,12.0,1.0,0.0,0.3,-11.5,-8.4,-5.3,-8.4,2.0,6.4,12.0,1.0,0.0,0.3,6.3,12.9,19.4,12.9,2.0,13.6,12.0,1.0,0.0,0.3,346.0,804.5,2128.5,1227.0,3.0,1356.0,16.0,0.7,0.1,0.4,345.0,805.0,2130.0,1225.0,3.0,1355.0,16.0,0.7,0.1,0.4
1974,2,158.0,-24.0,26.05,26.15,26.25,26.15,2.0,0.21,18.0,0.5,0.3,0.8,25.66,26.0,26.34,26.0,2.0,0.71,18.0,0.5,0.3,0.8,17.13,17.13,17.13,17.13,1.0,0.0,10.0,0.0,0.5,0.6,84.0,84.0,84.0,84.0,1.0,0.0,10.0,0.0,0.6,4.85,5.4,5.95,5.4,2.0,1.13,18.0,0.5,0.3,0.8,-3.3,-2.82,-2.34,-2.82,2.0,0.99,18.0,0.5,0.3,0.8,3.41,4.39,5.37,4.39,2.0,2.03,18.0,0.5,0.3,0.8,1011.21,1012.3,1013.39,1012.3,2.0,2.26,18.0,0.5,0.3,0.8,1.5,2.5,3.5,2.5,2.0,2.1,18.0,0.5,0.3,0.8,-15.7,-14.7,-13.6,-14.7,2.0,2.2,18.0,0.5,0.3,0.8,17.2,24.9,32.5,24.9,2.0,15.9,18.0,0.5,0.3,0.8,-0.09,0.15,0.39,0.15,2.0,0.49,18.0,0.5,0.3,0.8,-0.7,0.5,1.7,0.5,2.0,2.5,18.0,0.5,0.3,0.8,3.93,3.93,3.93,3.93,1.0,0.0,10.0,0.0,0.5,0.6,18.1,18.1,18.1,18.1,1.0,0.0,10.0,0.0,0.5,0.6,-84.5,-73.0,-61.5,-73.0,2.0,23.8,18.0,0.5,0.3,0.8,87.9,114.9,141.9,114.9,2.0,55.9,18.0,0.5,0.3,0.8,-60.3,-60.3,-60.3,-60.3,1.0,0.0,10.0,0.0,0.5,0.6,50.6,50.6,50.6,50.6,1.0,0.0,10.0,0.0,0.5,0.6,-13.8,-13.8,-13.8,-13.8,1.0,0.0,10.0,0.0,0.5,0.6,11.6,11.6,11.6,11.6,1.0,0.0,10.0,0.0,0.5,0.6,119.5,168.0,216.0,168.0,2.0,99.5,18.0,0.5,0.3,0.8,120.0,170.0,215.0,170.0,2.0,100.0,18.0,0.5,0.3,0.8
1974,2,158.0,-19.0,27.32,28.0,28.27,27.8,3.0,0.72,8.0,1.0,0.4,0.6,27.5,27.5,28.87,28.17,3.0,1.15,8.0,1.0,0.4,0.6,18.78,18.79,18.82,18.8,3.0,0.03,8.0,1.0,0.4,0.6,75.2,81.2,81.6,78.4,3.0,5.3,8.0,1.0,0.6,4.42,5.1,8.31,6.33,3.0,3.04,8.0,1.0,0.4,0.6,-0.85,1.74,2.84,1.02,3.0,2.77,8.0,1.0,0.4,0.6,-7.81,-4.79,0.9,-3.48,3.0,6.48,8.0,1.0,0.4,0.6,1003.66,1004.0,1006.32,1004.97,3.0,2.12,8.0,1.0,0.4,0.6,3.0,3.0,5.7,4.3,3.0,2.3,8.0,1.0,0.4,0.6,-2.9,8.9,25.2,11.1,3.0,20.7,8.0,1.0,0.4,0.6,-69.4,-24.4,2.2,-33.4,3.0,53.0,8.0,1.0,0.4,0.6,-1.18,-0.5,0.46,-0.37,3.0,1.21,8.0,1.0,0.4,0.6,-10.7,-2.0,2.5,-4.1,3.0,9.8,8.0,1.0,0.4,0.6,4.07,5.1,5.49,4.79,3.0,1.07,8.0,1.0,0.4,0.6,19.2,28.9,43.3,31.2,3.0,17.7,8.0,1.0,0.4,0.6,-23.3,48.0,82.7,30.2,3.0,79.1,8.0,1.0,0.4,0.6,-227.3,-131.8,24.8,-101.9,3.0,186.5,8.0,1.0,0.4,0.6,-15.9,32.8,53.4,19.0,3.0,52.2,8.0,1.0,0.4,0.6,-146.6,-90.0,17.1,-65.4,3.0,121.8,8.0,1.0,0.4,0.6,-1.9,9.9,14.8,6.5,3.0,12.6,8.0,1.0,0.4,0.6,-40.7,-27.2,0.1,-20.5,3.0,30.4,8.0,1.0,0.4,0.6,89.0,132.5,684.5,381.0,3.0,486.5,8.0,1.0,0.4,0.6,90.0,135.0,685.0,380.0,3.0,485.0,8.0,1.0,0.4,0.6
1974,2,158.0,-17.0,28.16,28.3,28.44,28.3,2.0,0.28,6.0,0.5,0.9,0.2,28.16,28.5,29.52,28.83,3.0,1.04,10.0,0.7,0.8,0.2,19.92,19.94,19.96,19.94,2.0,0.04,6.0,0.5,0.9,0.2,81.7,82.6,83.4,82.6,2.0,1.7,6.0,0.5,0.2,3.58,4.6,5.69,4.63,3.0,1.55,10.0,0.7,0.8,0.2,-3.5,-0.8,1.83,-0.83,3.0,3.9,10.0,0.7,0.8,0.2,-4.36,-3.99,-1.63,-3.02,3.0,2.16,10.0,0.7,0.8,0.2,1003.81,1004.7,1005.59,1004.7,2.0,1.84,6.0,0.5,0.9,0.2,3.0,3.0,3.7,3.3,3.0,0.6,10.0,0.7,0.8,0.2,-21.3,-3.7,5.3,-7.9,3.0,19.8,10.0,0.7,0.8,0.2,-23.5,-20.8,-7.8,-15.7,3.0,12.3,10.0,0.7,0.8,0.2,0.02,0.05,0.08,0.05,2.0,0.07,6.0,0.5,0.9,0.2,0.0,0.2,0.3,0.2,2.0,0.2,6.0,0.5,0.9,0.2,4.15,4.35,4.55,4.35,2.0,0.41,6.0,0.5,0.9,0.2,14.0,17.0,20.0,17.0,2.0,6.2,6.0,0.5,0.9,0.2,-104.5,-22.8,51.1,-26.6,3.0,114.0,10.0,0.7,0.8,0.2,-126.1,-119.6,-48.2,-87.9,3.0,63.3,10.0,0.7,0.8,0.2,-3.8,22.4,48.6,22.4,2.0,54.3,6.0,0.5,0.9,0.2,-77.8,-50.6,-23.4,-50.6,2.0,56.4,6.0,0.5,0.9,0.2,-1.2,4.3,9.8,4.3,2.0,11.4,6.0,0.5,0.9,0.2,-18.0,-11.6,-5.2,-11.6,2.0,13.3,6.0,0.5,0.9,0.2,51.0,97.5,193.5,122.0,3.0,106.5,10.0,0.7,0.8,0.2,50.0,95.0,195.0,120.0,3.0,105.0,10.0,0.7,0.8,0.2
1974,2,158.0,-16.0,28.16,28.5,28.84,28.5,2.0,0.71,14.0,0.5,0.3,0.3,27.32,27.8,29.51,28.4,3.0,1.68,18.0,0.7,0.2,0.5,18.15,18.49,18.83,18.49,2.0,0.71,14.0,0.5,0.3,0.3,77.7,80.4,83.0,80.4,2.0,5.4,14.0,0.5,0.3,3.05,5.1,5.85,4.47,3.0,2.12,18.0,0.7,0.2,0.5,-5.19,-4.79,-2.62,-3.92,3.0,2.03,18.0,0.7,0.2,0.5,-0.37,1.74,2.67,1.16,3.0,2.28,18.0,0.7,0.2,0.5,1004.55,1005.1,1006.12,1005.33,3.0,1.17,18.0,0.7,0.2,0.5,3.3,4.0,5.4,4.3,3.0,1.5,18.0,0.7,0.2,0.5,-30.5,-24.4,-10.1,-20.4,3.0,15.4,18.0,0.7,0.2,0.5,0.9,8.9,15.9,8.4,3.0,11.0,18.0,0.7,0.2,0.5,0.95,1.05,1.15,1.05,2.0,0.21,14.0,0.5,0.3,0.3,5.7,5.9,6.0,5.9,2.0,0.4,14.0,0.5,0.3,0.3,5.25,6.1,6.94,6.1,2.0,1.75,14.0,0.5,0.3,0.3,31.3,33.8,36.2,33.8,2.0,5.1,14.0,0.5,0.3,0.3,-141.6,-133.2,-75.6,-109.2,3.0,52.7,18.0,0.7,0.2,0.5,-12.5,48.5,72.7,30.5,3.0,64.4,18.0,0.7,0.2,0.5,-99.5,-94.1,-88.7,-94.1,2.0,11.1,14.0,0.5,0.3,0.3,35.7,45.1,54.5,45.1,2.0,19.4,14.0,0.5,0.3,0.3,-33.7,-30.6,-27.5,-30.6,2.0,6.4,14.0,0.5,0.3,0.3,13.2,13.9,14.7,13.9,2.0,1.6,14.0,0.5,0.3,0.3,48.5,132.5,205.0,126.5,3.0,114.5,18.0,0.7,0.2,0.5,50.0,135.0,205.0,125.0,3.0,115.0,18.0,0.7,0.2,0.5
1974,2,158.0,-15.0,28.5,28.5,28.5,28.5,1.0,0.0,16.0,1.0,0.1,0.9,28.5,28.5,28.5,28.5,1.0,0.0,16.0,1.0,0.1,0.9,19.58,19.58,19.58,19.58,1.0,0.0,16.0,1.0,0.1,0.9,79.9,79.9,79.9,79.9,1.0,0.0,16.0,1.0,0.9,2.6,2.6,2.6,2.6,1.0,0.0,16.0,1.0,0.1,0.9,-2.25,-2.25,-2.25,-2.25,1.0,0.0,16.0,1.0,0.1,0.9,1.3,1.3,1.3,1.3,1.0,0.0,16.0,1.0,0.1,0.9,1005.0,1005.0,1005.0,1005.0,1.0,0.0,16.0,1.0,0.1,0.9,3.0,3.0,3.0,3.0,1.0,0.0,16.0,1.0,0.1,0.9,-5.9,-5.9,-5.9,-5.9,1.0,0.0,16.0,1.0,0.1,0.9,3.4,3.4,3.4,3.4,1.0,0.0,16.0,1.0,0.1,0.9,0.0,0.0,0.0,0.0,1.0,0.0,16.0,1.0,0.1,0.9,0.0,0.0,0.0,0.0,1.0,0.0,16.0,1.0,0.1,0.9,4.99,4.99,4.99,4.99,1.0,0.0,16.0,1.0,0.1,0.9,13.0,13.0,13.0,13.0,1.0,0.0,16.0,1.0,0.1,0.9,-64.2,-64.2,-64.2,-64.2,1.0,0.0,16.0,1.0,0.1,0.9,37.1,37.1,37.1,37.1,1.0,0.0,16.0,1.0,0.1,0.9,-44.1,-44.1,-44.1,-44.1,1.0,0.0,16.0,1.0,0.1,0.9,25.4,25.4,25.4,25.4,1.0,0.0,16.0,1.0,0.1,0.9,-11.2,-11.2,-11.2,-11.2,1.0,0.0,16.0,1.0,0.1,0.9,6.5,6.5,6.5,6.5,1.0,0.0,16.0,1.0,0.1,0.9,17.5,17.5,17.5,17.5,1.0,0.0,16.0,1.0,0.1,0.9,20.0,20.0,20.0,20.0,1.0,0.0,16.0,1.0,0.1,0.9
1974,2,158.0,-14.0,28.74,29.0,30.05,29.38,4.0,1.11,18.0,0.8,0.7,0.9,27.3,28.8,30.1,28.5,6.0,1.96,18.0,0.5,0.5,0.8,18.68,18.92,21.34,19.75,6.0,1.52,18.0,0.5,0.5,0.8,73.8,76.6,93.8,81.2,6.0,10.1,18.0,0.5,0.8,2.27,2.85,3.41,2.83,6.0,1.16,18.0,0.5,0.5,0.8,-2.71,-1.63,0.5,-1.19,6.0,2.24,18.0,0.5,0.5,0.8,-1.18,0.65,2.22,0.53,6.0,1.98,18.0,0.5,0.5,0.8,1006.23,1007.05,1009.17,1007.43,6.0,1.71,18.0,0.5,0.5,0.8,2.8,4.5,5.6,4.5,6.0,2.1,18.0,0.5,0.5,0.8,-9.6,-3.4,1.3,-4.4,6.0,8.4,18.0,0.5,0.5,0.8,-4.0,1.7,6.9,1.0,6.0,7.1,18.0,0.5,0.5,0.8,-0.79,0.2,0.45,-0.15,4.0,0.93,18.0,0.8,0.7,0.9,-2.0,0.6,1.4,-0.3,4.0,2.5,18.0,0.8,0.7,0.9,5.96,6.53,6.92,6.44,4.0,0.74,18.0,0.8,0.7,0.9,17.1,21.4,26.4,21.7,4.0,6.5,18.0,0.8,0.7,0.9,-81.3,-47.7,12.6,-37.1,6.0,62.3,18.0,0.5,0.5,0.8,-31.4,19.5,66.5,16.6,6.0,57.2,18.0,0.5,0.5,0.8,-55.2,-32.6,9.4,-24.0,6.0,42.5,18.0,0.5,0.5,0.8,-22.1,12.4,45.4,10.9,6.0,37.9,18.0,0.5,0.5,0.8,-21.8,-14.8,-5.8,-13.9,4.0,10.8,18.0,0.8,0.7,0.9,-4.5,10.8,17.5,6.7,4.0,15.4,18.0,0.8,0.7,0.9,14.0,23.5,43.5,32.0,6.0,33.5,18.0,0.5,0.5,0.8,15.0,25.0,45.0,30.0,6.0,35.0,18.0,0.5,0.5,0.8
1974,2,158.0,-13.0,28.13,29.0,29.87,29.03,9.0,1.01,14.0,0.3,0.6,0.6,26.71,27.2,29.5,27.89,10.0,1.43,14.0,0.3,0.6,0.6,18.9,19.68,20.81,19.85,10.0,1.32,14.0,0.3,0.6,0.6,77.6,84.1,92.3,84.2,10.0,7.2,14.0,0.3,0.6,1.69,4.1,9.3,5.1,10.0,4.16,14.0,0.4,0.5,0.5,-4.23,-0.53,1.12,-0.2,10.0,5.07,14.0,0.4,0.5,0.5,-5.0,0.94,2.36,-0.68,10.0,4.46,14.0,0.4,0.5,0.5,1003.92,1005.6,1007.21,1005.18,11.0,2.52,14.0,0.4,0.5,0.6,3.6,7.0,8.0,5.9,11.0,2.1,14.0,0.4,0.5,0.6,-25.8,-1.2,9.1,8.9,10.0,56.3,14.0,0.4,0.5,0.5,-46.5,2.8,6.5,-11.3,10.0,38.8,14.0,0.4,0.5,0.5,0.11,1.0,1.87,1.04,9.0,1.08,14.0,0.3,0.6,0.6,0.3,3.6,17.1,7.6,8.0,10.2,12.0,0.4,0.6,0.6,3.97,5.22,6.81,5.28,9.0,1.53,14.0,0.3,0.6,0.6,9.6,30.5,53.7,32.6,8.0,20.9,12.0,0.4,0.6,0.6,-130.9,-24.0,34.0,-8.9,9.0,149.8,12.0,0.3,0.6,0.5,-169.2,29.1,64.7,-17.7,9.0,125.2,12.0,0.3,0.6,0.5,-86.7,-15.7,25.5,-6.1,9.0,104.4,12.0,0.3,0.6,0.5,-123.3,19.8,42.9,-14.2,9.0,91.7,12.0,0.3,0.6,0.5,-22.1,-8.8,8.5,-3.1,8.0,29.5,12.0,0.4,0.6,0.6,-40.6,4.6,10.3,-7.0,8.0,26.8,12.0,0.4,0.6,0.6,8.0,81.0,804.5,408.5,10.0,688.5,14.0,0.4,0.5,0.5,10.0,80.0,805.0,410.0,10.0,690.0,14.0,0.4,0.5,0.5
1974,2,158.0,-12.0,28.74,30.0,31.0,29.88,4.0,1.31,16.0,0.3,0.2,0.5,26.5,26.75,27.52,27.0,4.0,0.71,16.0,0.3,0.2,0.5,18.97,19.79,20.67,19.82,4.0,1.02,16.0,0.3,0.2,0.5,84.4,86.8,92.3,88.3,4.0,5.4,16.0,0.3,0.5,1.62,5.1,11.45,6.5,3.0,7.3,14.0,0.3,0.2,0.5,-2.24,0.0,7.53,2.58,3.0,7.5,14.0,0.3,0.2,0.5,-7.56,-3.91,-1.24,-4.39,3.0,4.65,14.0,0.3,0.2,0.5,1002.79,1003.3,1005.6,1004.15,4.0,2.27,16.0,0.3,0.2,0.5,5.6,7.0,7.7,6.7,3.0,1.5,20.0,0.3,0.1,0.5,-11.4,0.0,108.4,47.4,3.0,96.9,14.0,0.3,0.2,0.5,-97.3,-19.9,-6.3,-51.1,3.0,71.9,14.0,0.3,0.2,0.5,2.24,2.75,3.52,2.88,4.0,0.85,16.0,0.3,0.2,0.5,6.5,20.4,31.0,18.8,3.0,18.1,14.0,0.3,0.2,0.5,4.82,7.13,8.94,6.89,4.0,2.6,16.0,0.3,0.2,0.5,15.6,49.3,75.5,45.7,3.0,44.0,14.0,0.3,0.2,0.5,-60.4,0.0,199.5,67.9,3.0,199.3,14.0,0.3,0.2,0.5,-200.9,-105.5,-33.5,-116.9,3.0,123.0,14.0,0.3,0.2,0.5,-41.9,0.0,145.0,50.4,3.0,143.7,14.0,0.3,0.2,0.5,-144.9,-73.1,-23.2,-83.8,3.0,89.6,14.0,0.3,0.2,0.5,-21.6,0.0,45.9,11.9,3.0,50.5,14.0,0.3,0.2,0.5,-50.5,-37.7,-12.0,-31.4,3.0,28.7,14.0,0.3,0.2,0.5,42.0,132.5,2080.5,1039.5,3.0,1687.0,14.0,0.3,0.2,0.5,40.0,135.0,2080.0,1040.0,3.0,1685.0,14.0,0.3,0.2,0.5
1974,2,158.0,-10.0,,,,,,,,,,,,,,,,,,,,,,,,,,,,,,,,,,,,,,,,1.0,1.0,1.0,1.0,1.0,0.0,28.0,1.0,0.5,0.2,0.17,0.17,0.17,0.17,1.0,0.0,28.0,1.0,0.5,0.2,0.98,0.98,0.98,0.98,1.0,0.0,28.0,1.0,0.5,0.2,1007.7,1007.7,1007.7,1007.7,1.0,0.0,28.0,1.0,0.5,0.2,,,,,,,,,,,,,,,,,,,,,,,,,,,,,,,,,,,,,,,,,,,,,,,,,,,,,,,,,,,,,,,,,,,,,,,,,,,,,,,,,,,,,,,,,,,,,,,,,,,,,,,,,,,,,,,,,,,,,,,,,,,,,,,,,,,,,,,,,,,,,,,,,,,,,,
1974,2,158.0,-9.0,28.7,28.7,28.7,28.7,1.0,0.0,22.0,0.0,0.8,0.4,27.3,27.3,27.3,27.3,1.0,0.0,22.0,0.0,0.8,0.4,17.66,17.66,17.66,17.66,1.0,0.0,22.0,0.0,0.8,0.4,77.4,77.4,77.4,77.4,1.0,0.0,22.0,0.0,0.4,3.6,3.6,3.6,3.6,1.0,0.0,22.0,0.0,0.8,0.4,-1.8,-1.8,-1.8,-1.8,1.0,0.0,22.0,0.0,0.8,0.4,-3.12,-3.12,-3.12,-3.12,1.0,0.0,22.0,0.0,0.8,0.4,1005.05,1005.8,1006.21,1005.63,3.0,0.86,26.0,0.7,0.7,0.5,5.0,5.0,5.0,5.0,1.0,0.0,22.0,0.0,0.8,0.4,-6.5,-6.5,-6.5,-6.5,1.0,0.0,22.0,0.0,0.8,0.4,-11.2,-11.2,-11.2,-11.2,1.0,0.0,22.0,0.0,0.8,0.4,1.4,1.4,1.4,1.4,1.0,0.0,22.0,0.0,0.8,0.4,5.0,5.0,5.0,5.0,1.0,0.0,22.0,0.0,0.8,0.4,7.21,7.21,7.21,7.21,1.0,0.0,22.0,0.0,0.8,0.4,26.0,26.0,26.0,26.0,1.0,0.0,22.0,0.0,0.8,0.4,-49.1,-49.1,-49.1,-49.1,1.0,0.0,22.0,0.0,0.8,0.4,-85.1,-85.1,-85.1,-85.1,1.0,0.0,22.0,0.0,0.8,0.4,-31.8,-31.8,-31.8,-31.8,1.0,0.0,22.0,0.0,0.8,0.4,-55.0,-55.0,-55.0,-55.0,1.0,0.0,22.0,0.0,0.8,0.4,-13.0,-13.0,-13.0,-13.0,1.0,0.0,22.0,0.0,0.8,0.4,-22.5,-22.5,-22.5,-22.5,1.0,0.0,22.0,0.0,0.8,0.4,46.5,46.5,46.5,46.5,1.0,0.0,22.0,0.0,0.8,0.4,45.0,45.0,45.0,45.0,1.0,0.0,22.0,0.0,0.8,0.4
1974,2,158.0,-7.0,30.0,30.0,30.0,30.0,1.0,0.0,20.0,1.0,0.2,0.7,28.2,28.2,28.2,28.2,1.0,0.0,20.0,1.0,0.2,0.7,18.71,18.71,18.71,18.71,1.0,0.0,20.0,1.0,0.2,0.7,78.0,78.0,78.0,78.0,1.0,0.0,20.0,1.0,0.7,6.7,6.7,6.7,6.7,1.0,0.0,20.0,1.0,0.2,0.7,-3.35,-3.35,-3.35,-3.35,1.0,0.0,20.0,1.0,0.2,0.7,-5.8,-5.8,-5.8,-5.8,1.0,0.0,20.0,1.0,0.2,0.7,1007.6,1007.6,1007.6,1007.6,1.0,0.0,20.0,1.0,0.2,0.7,7.0,7.0,7.0,7.0,1.0,0.0,20.0,1.0,0.2,0.7,-22.4,-22.4,-22.4,-22.4,1.0,0.0,20.0,1.0,0.2,0.7,-38.9,-38.9,-38.9,-38.9,1.0,0.0,20.0,1.0,0.2,0.7,1.8,1.8,1.8,1.8,1.0,0.0,20.0,1.0,0.2,0.7,12.1,12.1,12.1,12.1,1.0,0.0,20.0,1.0,0.2,0.7,8.05,8.05,8.05,8.05,1.0,0.0,20.0,1.0,0.2,0.7,53.9,53.9,53.9,53.9,1.0,0.0,20.0,1.0,0.2,0.7,-94.5,-94.5,-94.5,-94.5,1.0,0.0,20.0,1.0,0.2,0.7,-163.6,-163.6,-163.6,-163.6,1.0,0.0,20.0,1.0,0.2,0.7,-62.7,-62.7,-62.7,-62.7,1.0,0.0,20.0,1.0,0.2,0.7,-108.6,-108.6,-108.6,-108.6,1.0,0.0,20.0,1.0,0.2,0.7,-27.0,-27.0,-27.0,-27.0,1.0,0.0,20.0,1.0,0.2,0.7,-46.7,-46.7,-46.7,-46.7,1.0,0.0,20.0,1.0,0.2,0.7,301.0,301.0,301.0,301.0,1.0,0.0,20.0,1.0,0.2,0.7,300.0,300.0,300.0,300.0,1.0,0.0,20.0,1.0,0.2,0.7
1974,2,158.0,-4.0,27.2,27.2,27.2,27.2,1.0,0.0,24.0,0.0,0.2,0.4,25.6,25.6,25.6,25.6,1.0,0.0,24.0,0.0,0.2,0.4,18.68,18.68,18.68,18.68,1.0,0.0,24.0,0.0,0.2,0.4,90.9,90.9,90.9,90.9,1.0,0.0,24.0,0.0,0.4,5.7,5.7,5.7,5.7,1.0,0.0,24.0,0.0,0.2,0.4,-0.99,-0.99,-0.99,-0.99,1.0,0.0,24.0,0.0,0.2,0.4,-5.61,-5.61,-5.61,-5.61,1.0,0.0,24.0,0.0,0.2,0.4,1009.1,1009.1,1009.1,1009.1,1.0,0.0,24.0,0.0,0.2,0.4,,,,,,,,,,,,,,,,,,,,,,,,,,,,,,,1.6,1.6,1.6,1.6,1.0,0.0,24.0,0.0,0.2,0.4,9.1,9.1,9.1,9.1,1.0,0.0,24.0,0.0,0.2,0.4,3.97,3.97,3.97,3.97,1.0,0.0,24.0,0.0,0.2,0.4,22.6,22.6,22.6,22.6,1.0,0.0,24.0,0.0,0.2,0.4,-25.3,-25.3,-25.3,-25.3,1.0,0.0,24.0,0.0,0.2,0.4,-143.7,-143.7,-143.7,-143.7,1.0,0.0,24.0,0.0,0.2,0.4,-18.5,-18.5,-18.5,-18.5,1.0,0.0,24.0,0.0,0.2,0.4,-104.9,-104.9,-104.9,-104.9,1.0,0.0,24.0,0.0,0.2,0.4,-3.9,-3.9,-3.9,-3.9,1.0,0.0,24.0,0.0,0.2,0.4,-22.3,-22.3,-22.3,-22.3,1.0,0.0,24.0,0.0,0.2,0.4,185.0,185.0,185.0,185.0,1.0,0.0,24.0,0.0,0.2,0.4,185.0,185.0,185.0,185.0,1.0,0.0,24.0,0.0,0.2,0.4
1974,2,158.0,-3.0,27.98,29.0,29.68,28.83,3.0,1.26,18.0,0.7,0.6,0.7,27.45,28.0,28.68,28.07,3.0,0.9,18.0,0.7,0.6,0.7,16.93,17.61,17.7,17.32,3.0,0.62,18.0,0.7,0.6,0.7,70.0,70.1,75.7,72.8,3.0,4.8,18.0,0.7,0.7,4.6,4.6,5.69,5.13,3.0,0.92,18.0,0.7,0.6,0.7,-3.7,-3.1,-2.55,-3.13,3.0,0.84,18.0,0.7,0.6,0.7,-4.93,-3.98,-2.83,-3.88,3.0,1.54,18.0,0.7,0.6,0.7,1004.74,1005.9,1006.86,1005.8,3.0,1.55,18.0,0.7,0.6,0.7,3.3,4.0,5.4,4.3,3.0,1.5,18.0,0.7,0.6,0.7,-18.9,-18.3,-13.0,-16.0,3.0,4.8,18.0,0.7,0.6,0.7,-28.5,-18.3,-13.0,-20.7,3.0,11.5,18.0,0.7,0.6,0.7,-0.45,1.8,1.94,0.77,3.0,1.97,18.0,0.7,0.6,0.7,-3.7,8.3,8.9,2.7,3.0,10.4,18.0,0.7,0.6,0.7,6.14,7.54,9.39,7.76,3.0,2.38,18.0,0.7,0.6,0.7,34.3,34.7,43.2,38.6,3.0,7.4,18.0,0.7,0.6,0.7,-102.5,-89.9,-72.5,-87.6,3.0,22.1,18.0,0.7,0.6,0.7,-141.7,-111.5,-78.1,-109.9,3.0,46.6,18.0,0.7,0.6,0.7,-65.6,-54.6,-43.4,-54.5,3.0,16.2,18.0,0.7,0.6,0.7,-85.5,-66.2,-48.9,-67.2,3.0,26.9,18.0,0.7,0.6,0.7,-28.0,-23.6,-19.1,-23.5,3.0,6.5,18.0,0.7,0.6,0.7,-37.2,-29.5,-21.2,-29.2,3.0,11.7,18.0,0.7,0.6,0.7,97.5,97.5,193.5,144.5,3.0,81.5,18.0,0.7,0.6,0.7,95.0,95.0,195.0,145.0,3.0,80.0,18.0,0.7,0.6,0.7
1974,2,158.0,-2.0,29.0,29.0,29.0,29.0,1.0,0.0,4.0,1.0,0.4,0.6,27.4,27.4,27.4,27.4,1.0,0.0,4.0,1.0,0.4,0.6,18.28,18.28,18.28,18.28,1.0,0.0,4.0,1.0,0.4,0.6,79.8,79.8,79.8,79.8,1.0,0.0,4.0,1.0,0.6,6.2,6.2,6.2,6.2,1.0,0.0,4.0,1.0,0.4,0.6,-5.83,-5.83,-5.83,-5.83,1.0,0.0,4.0,1.0,0.4,0.6,-2.12,-2.12,-2.12,-2.12,1.0,0.0,4.0,1.0,0.4,0.6,1006.9,1006.9,1006.9,1006.9,1.0,0.0,4.0,1.0,0.4,0.6,4.0,4.0,4.0,4.0,1.0,0.0,4.0,1.0,0.4,0.6,-36.1,-36.1,-36.1,-36.1,1.0,0.0,4.0,1.0,0.4,0.6,-13.1,-13.1,-13.1,-13.1,1.0,0.0,4.0,1.0,0.4,0.6,1.6,1.6,1.6,1.6,1.0,0.0,4.0,1.0,0.4,0.6,9.9,9.9,9.9,9.9,1.0,0.0,4.0,1.0,0.4,0.6,6.98,6.98,6.98,6.98,1.0,0.0,4.0,1.0,0.4,0.6,43.3,43.3,43.3,43.3,1.0,0.0,4.0,1.0,0.4,0.6,-159.6,-159.6,-159.6,-159.6,1.0,0.0,4.0,1.0,0.4,0.6,-58.1,-58.1,-58.1,-58.1,1.0,0.0,4.0,1.0,0.4,0.6,-106.5,-106.5,-106.5,-106.5,1.0,0.0,4.0,1.0,0.4,0.6,-38.8,-38.8,-38.8,-38.8,1.0,0.0,4.0,1.0,0.4,0.6,-40.7,-40.7,-40.7,-40.7,1.0,0.0,4.0,1.0,0.4,0.6,-14.8,-14.8,-14.8,-14.8,1.0,0.0,4.0,1.0,0.4,0.6,238.5,238.5,238.5,238.5,1.0,0.0,4.0,1.0,0.4,0.6,240.0,240.0,240.0,240.0,1.0,0.0,4.0,1.0,0.4,0.6
1974,2,158.0,-1.0,28.45,29.0,29.14,28.8,3.0,0.53,2.0,0.7,0.3,0.5,28.13,28.4,29.36,28.73,3.0,0.95,2.0,0.7,0.3,0.5,18.21,18.32,18.42,18.32,2.0,0.22,2.0,1.0,0.0,0.4,71.0,72.5,74.1,72.5,2.0,3.2,2.0,1.0,0.4,2.92,3.6,6.74,4.8,3.0,2.99,2.0,0.7,0.3,0.5,-6.25,-3.12,-2.76,-4.47,3.0,2.81,2.0,0.7,0.3,0.5,-2.49,-1.8,-0.57,-1.53,3.0,1.42,2.0,0.7,0.3,0.5,1007.33,1008.05,1009.71,1008.5,4.0,1.76,4.0,0.5,0.4,0.5,3.3,4.0,4.0,3.7,3.0,0.6,2.0,0.7,0.3,0.5,-46.7,-11.2,-8.2,-27.1,3.0,31.4,2.0,0.7,0.3,0.5,-17.8,-6.5,-2.1,-9.8,3.0,11.9,2.0,0.7,0.3,0.5,-0.47,-0.2,0.62,0.07,3.0,0.83,2.0,0.7,0.3,0.5,-2.0,-1.6,1.3,-0.4,3.0,2.6,2.0,0.7,0.3,0.5,6.11,6.49,6.87,6.49,2.0,0.79,2.0,1.0,0.0,0.4,29.1,37.0,44.9,37.0,2.0,16.4,2.0,1.0,0.0,0.4,-178.9,-92.9,-79.2,-128.2,3.0,79.2,2.0,0.7,0.3,0.5,-71.4,-53.6,-17.0,-44.4,3.0,40.6,2.0,0.7,0.3,0.5,-126.9,-98.8,-70.7,-98.8,2.0,58.2,2.0,1.0,0.0,0.4,-48.1,-42.1,-36.1,-42.1,2.0,12.5,2.0,1.0,0.0,0.4,-41.9,-33.8,-25.7,-33.8,2.0,16.8,2.0,1.0,0.0,0.4,-16.0,-14.7,-13.3,-14.7,2.0,2.8,2.0,1.0,0.0,0.4,27.0,46.5,391.0,205.0,3.0,300.0,2.0,0.7,0.3,0.5,25.0,45.0,390.0,205.0,3.0,300.0,2.0,0.7,0.3,0.5
1974,2,158.0,1.0,29.74,30.25,30.76,30.25,2.0,1.06,10.0,1.0,0.3,0.4,28.66,29.0,29.34,29.0,2.0,0.71,10.0,1.0,0.3,0.4,20.57,22.17,23.77,22.17,2.0,3.32,10.0,1.0,0.3,0.4,80.5,88.4,96.3,88.4,2.0,16.4,10.0,1.0,0.4,3.84,4.35,4.86,4.35,2.0,1.06,10.0,1.0,0.3,0.4,-4.6,-4.2,-3.79,-4.2,2.0,0.84,10.0,1.0,0.3,0.4,-1.47,-0.87,-0.28,-0.87,2.0,1.23,10.0,1.0,0.3,0.4,1007.38,1007.8,1009.27,1008.3,4.0,1.58,8.0,1.0,0.4,0.4,3.6,5.0,6.4,5.0,2.0,2.8,10.0,1.0,0.3,0.4,-22.6,-18.7,-14.8,-18.7,2.0,8.1,10.0,1.0,0.3,0.4,-7.5,-4.4,-1.4,-4.4,2.0,6.3,10.0,1.0,0.3,0.4,1.08,1.25,1.42,1.25,2.0,0.35,10.0,1.0,0.3,0.4,4.2,5.6,7.0,5.6,2.0,2.9,10.0,1.0,0.3,0.4,2.59,4.97,7.36,4.97,2.0,4.93,10.0,1.0,0.3,0.4,11.4,24.3,37.2,24.3,2.0,26.7,10.0,1.0,0.3,0.4,-135.2,-122.0,-108.8,-122.0,2.0,27.4,10.0,1.0,0.3,0.4,-43.3,-25.7,-8.2,-25.7,2.0,36.4,10.0,1.0,0.3,0.4,-93.9,-91.6,-89.3,-91.6,2.0,4.8,10.0,1.0,0.3,0.4,-29.1,-17.3,-5.5,-17.3,2.0,24.5,10.0,1.0,0.3,0.4,-35.0,-23.0,-10.9,-23.0,2.0,24.9,10.0,1.0,0.3,0.4,-12.4,-7.4,-2.3,-7.4,2.0,10.4,10.0,1.0,0.3,0.4,60.5,89.5,119.0,89.5,2.0,61.0,10.0,1.0,0.3,0.4,60.0,90.0,120.0,90.0,2.0,60.0,10.0,1.0,0.3,0.4
1974,2,158.0,2.0,28.0,28.0,28.0,28.0,1.0,0.0,16.0,1.0,0.4,0.1,27.0,27.0,27.0,27.0,1.0,0.0,16.0,1.0,0.4,0.1,19.02,19.02,19.02,19.02,1.0,0.0,16.0,1.0,0.4,0.1,85.2,85.2,85.2,85.2,1.0,0.0,16.0,1.0,0.1,4.6,4.6,4.6,4.6,1.0,0.0,16.0,1.0,0.4,0.1,-3.52,-3.52,-3.52,-3.52,1.0,0.0,16.0,1.0,0.4,0.1,-2.96,-2.96,-2.96,-2.96,1.0,0.0,16.0,1.0,0.4,0.1,1007.82,1008.5,1009.18,1008.5,2.0,1.41,12.0,1.0,0.3,0.3,8.0,8.0,8.0,8.0,1.0,0.0,16.0,1.0,0.4,0.1,-16.2,-16.2,-16.2,-16.2,1.0,0.0,16.0,1.0,0.4,0.1,-13.6,-13.6,-13.6,-13.6,1.0,0.0,16.0,1.0,0.4,0.1,1.0,1.0,1.0,1.0,1.0,0.0,16.0,1.0,0.4,0.1,4.6,4.6,4.6,4.6,1.0,0.0,16.0,1.0,0.4,0.1,4.73,4.73,4.73,4.73,1.0,0.0,16.0,1.0,0.4,0.1,21.7,21.7,21.7,21.7,1.0,0.0,16.0,1.0,0.4,0.1,-95.1,-95.1,-95.1,-95.1,1.0,0.0,16.0,1.0,0.4,0.1,-79.8,-79.8,-79.8,-79.8,1.0,0.0,16.0,1.0,0.4,0.1,-67.0,-67.0,-67.0,-67.0,1.0,0.0,16.0,1.0,0.4,0.1,-56.2,-56.2,-56.2,-56.2,1.0,0.0,16.0,1.0,0.4,0.1,-16.7,-16.7,-16.7,-16.7,1.0,0.0,16.0,1.0,0.4,0.1,-14.0,-14.0,-14.0,-14.0,1.0,0.0,16.0,1.0,0.4,0.1,97.5,97.5,97.5,97.5,1.0,0.0,16.0,1.0,0.4,0.1,95.0,95.0,95.0,95.0,1.0,0.0,16.0,1.0,0.4,0.1
1974,2,158.0,4.0,29.0,29.0,29.0,29.0,1.0,0.0,16.0,0.0,0.0,0.5,28.0,28.0,28.0,28.0,1.0,0.0,16.0,0.0,0.0,0.5,21.97,21.97,21.97,21.97,1.0,0.0,16.0,0.0,0.0,0.5,92.7,92.7,92.7,92.7,1.0,0.0,16.0,0.0,0.5,6.7,6.7,6.7,6.7,1.0,0.0,16.0,0.0,0.0,0.5,-6.7,-6.7,-6.7,-6.7,1.0,0.0,16.0,0.0,0.0,0.5,0.0,0.0,0.0,0.0,1.0,0.0,16.0,0.0,0.0,0.5,1007.39,1008.45,1009.51,1008.45,2.0,2.19,12.0,0.0,0.1,0.3,2.0,2.0,2.0,2.0,1.0,0.0,16.0,0.0,0.0,0.5,-44.9,-44.9,-44.9,-44.9,1.0,0.0,16.0,0.0,0.0,0.5,0.0,0.0,0.0,0.0,1.0,0.0,16.0,0.0,0.0,0.5,1.0,1.0,1.0,1.0,1.0,0.0,16.0,0.0,0.0,0.5,6.7,6.7,6.7,6.7,1.0,0.0,16.0,0.0,0.0,0.5,3.21,3.21,3.21,3.21,1.0,0.0,16.0,0.0,0.0,0.5,21.5,21.5,21.5,21.5,1.0,0.0,16.0,0.0,0.0,0.5,-187.6,-187.6,-187.6,-187.6,1.0,0.0,16.0,0.0,0.0,0.5,0.0,0.0,0.0,0.0,1.0,0.0,16.0,0.0,0.0,0.5,-147.2,-147.2,-147.2,-147.2,1.0,0.0,16.0,0.0,0.0,0.5,0.0,0.0,0.0,0.0,1.0,0.0,16.0,0.0,0.0,0.5,-21.5,-21.5,-21.5,-21.5,1.0,0.0,16.0,0.0,0.0,0.5,0.0,0.0,0.0,0.0,1.0,0.0,16.0,0.0,0.0,0.5,301.0,301.0,301.0,301.0,1.0,0.0,16.0,0.0,0.0,0.5,300.0,300.0,300.0,300.0,1.0,0.0,16.0,0.0,0.0,0.5
1974,2,158.0,5.0,28.5,28.5,28.5,28.5,2.0,0.0,14.0,1.0,0.9,0.4,28.61,29.05,29.49,29.05,2.0,0.92,14.0,1.0,0.9,0.4,18.42,18.48,18.55,18.48,2.0,0.14,14.0,1.0,0.9,0.4,71.8,73.4,75.0,73.4,2.0,3.3,14.0,1.0,0.4,5.35,5.9,6.45,5.9,2.0,1.13,14.0,1.0,0.9,0.4,-6.09,-5.66,-5.22,-5.66,2.0,0.9,14.0,1.0,0.9,0.4,-2.07,-1.59,-1.11,-1.59,2.0,0.99,14.0,1.0,0.9,0.4,1007.27,1007.85,1008.43,1007.85,2.0,1.2,14.0,1.0,0.9,0.4,3.0,3.0,3.0,3.0,2.0,0.0,14.0,1.0,0.9,0.4,-39.6,-33.9,-28.2,-33.9,2.0,11.7,14.0,1.0,0.9,0.4,-13.6,-9.9,-6.2,-9.9,2.0,7.7,14.0,1.0,0.9,0.4,-0.99,-0.55,-0.11,-0.55,2.0,0.92,14.0,1.0,0.9,0.4,-5.0,-2.7,-0.4,-2.7,2.0,4.8,14.0,1.0,0.9,0.4,5.94,6.02,6.1,6.02,2.0,0.17,14.0,1.0,0.9,0.4,31.8,35.6,39.4,35.6,2.0,7.8,14.0,1.0,0.9,0.4,-174.1,-164.0,-153.9,-164.0,2.0,21.0,14.0,1.0,0.9,0.4,-58.9,-45.7,-32.5,-45.7,2.0,27.4,14.0,1.0,0.9,0.4,-112.2,-104.5,-96.9,-104.5,2.0,15.9,14.0,1.0,0.9,0.4,-38.1,-29.3,-20.5,-29.3,2.0,18.2,14.0,1.0,0.9,0.4,-37.2,-34.1,-31.1,-34.1,2.0,6.4,14.0,1.0,0.9,0.4,-12.7,-9.6,-6.6,-9.6,2.0,6.2,14.0,1.0,0.9,0.4,159.5,216.5,274.0,216.5,2.0,119.0,14.0,1.0,0.9,0.4,160.0,215.0,275.0,215.0,2.0,120.0,14.0,1.0,0.9,0.4
1974,2,158.0,6.0,28.4,28.4,28.4,28.4,1.0,0.0,12.0,1.0,0.6,0.6,28.6,28.6,28.6,28.6,1.0,0.0,12.0,1.0,0.6,0.6,18.13,18.13,18.13,18.13,1.0,0.0,12.0,1.0,0.6,0.6,73.9,73.9,73.9,73.9,1.0,0.0,12.0,1.0,0.6,4.6,4.6,4.6,4.6,1.0,0.0,12.0,1.0,0.6,0.6,-4.6,-4.6,-4.6,-4.6,1.0,0.0,12.0,1.0,0.6,0.6,0.0,0.0,0.0,0.0,1.0,0.0,12.0,1.0,0.6,0.6,1008.7,1008.7,1008.7,1008.7,1.0,0.0,12.0,1.0,0.6,0.6,3.0,3.0,3.0,3.0,1.0,0.0,12.0,1.0,0.6,0.6,-21.2,-21.2,-21.2,-21.2,1.0,0.0,12.0,1.0,0.6,0.6,0.0,0.0,0.0,0.0,1.0,0.0,12.0,1.0,0.6,0.6,-0.2,-0.2,-0.2,-0.2,1.0,0.0,12.0,1.0,0.6,0.6,-0.9,-0.9,-0.9,-0.9,1.0,0.0,12.0,1.0,0.6,0.6,6.2,6.2,6.2,6.2,1.0,0.0,12.0,1.0,0.6,0.6,28.5,28.5,28.5,28.5,1.0,0.0,12.0,1.0,0.6,0.6,-131.6,-131.6,-131.6,-131.6,1.0,0.0,12.0,1.0,0.6,0.6,0.0,0.0,0.0,0.0,1.0,0.0,12.0,1.0,0.6,0.6,-83.4,-83.4,-83.4,-83.4,1.0,0.0,12.0,1.0,0.6,0.6,0.0,0.0,0.0,0.0,1.0,0.0,12.0,1.0,0.6,0.6,-28.5,-28.5,-28.5,-28.5,1.0,0.0,12.0,1.0,0.6,0.6,0.0,0.0,0.0,0.0,1.0,0.0,12.0,1.0,0.6,0.6,97.5,97.5,97.5,97.5,1.0,0.0,12.0,1.0,0.6,0.6,95.0,95.0,95.0,95.0,1.0,0.0,12.0,1.0,0.6,0.6
1974,2,158.0,7.0,28.0,28.0,28.0,28.0,1.0,0.0,12.0,0.0,0.3,0.2,26.3,26.3,26.3,26.3,1.0,0.0,12.0,0.0,0.3,0.2,19.42,19.42,19.42,19.42,1.0,0.0,12.0,0.0,0.3,0.2,90.4,90.4,90.4,90.4,1.0,0.0,12.0,0.0,0.2,4.6,4.6,4.6,4.6,1.0,0.0,12.0,0.0,0.3,0.2,-4.6,-4.6,-4.6,-4.6,1.0,0.0,12.0,0.0,0.3,0.2,0.0,0.0,0.0,0.0,1.0,0.0,12.0,0.0,0.3,0.2,1007.0,1007.0,1007.0,1007.0,1.0,0.0,12.0,0.0,0.3,0.2,,,,,,,,,,,,,,,,,,,,,,,,,,,,,,,1.7,1.7,1.7,1.7,1.0,0.0,12.0,0.0,0.3,0.2,7.8,7.8,7.8,7.8,1.0,0.0,12.0,0.0,0.3,0.2,4.39,4.39,4.39,4.39,1.0,0.0,12.0,0.0,0.3,0.2,20.2,20.2,20.2,20.2,1.0,0.0,12.0,0.0,0.3,0.2,-121.0,-121.0,-121.0,-121.0,1.0,0.0,12.0,0.0,0.3,0.2,0.0,0.0,0.0,0.0,1.0,0.0,12.0,0.0,0.3,0.2,-89.3,-89.3,-89.3,-89.3,1.0,0.0,12.0,0.0,0.3,0.2,0.0,0.0,0.0,0.0,1.0,0.0,12.0,0.0,0.3,0.2,-20.2,-20.2,-20.2,-20.2,1.0,0.0,12.0,0.0,0.3,0.2,0.0,0.0,0.0,0.0,1.0,0.0,12.0,0.0,0.3,0.2,97.5,97.5,97.5,97.5,1.0,0.0,12.0,0.0,0.3,0.2,95.0,95.0,95.0,95.0,1.0,0.0,12.0,0.0,0.3,0.2
1974,2,158.0,10.0,26.7,28.0,28.27,27.5,3.0,1.23,14.0,1.0,0.5,0.8,28.09,30.0,30.0,29.07,3.0,1.62,14.0,1.0,0.5,0.8,18.58,19.56,19.74,19.17,3.0,0.91,14.0,1.0,0.5,0.8,74.0,74.6,78.4,76.2,3.0,3.5,14.0,1.0,0.8,6.18,7.2,9.32,7.73,3.0,2.35,14.0,1.0,0.5,0.8,-8.24,-6.77,-5.8,-7.01,3.0,1.79,14.0,1.0,0.5,0.8,-4.3,-2.46,-2.11,-3.19,3.0,1.72,14.0,1.0,0.5,0.8,1009.54,1010.5,1011.52,1010.53,3.0,1.45,14.0,1.0,0.5,0.8,1.3,2.0,2.7,2.0,3.0,1.0,14.0,1.0,0.5,0.8,-78.2,-48.7,-36.3,-57.0,3.0,31.5,14.0,1.0,0.5,0.8,-41.8,-17.7,-13.2,-27.3,3.0,22.5,14.0,1.0,0.5,0.8,-3.3,-2.0,0.18,-1.57,3.0,2.58,14.0,1.0,0.5,0.8,-32.0,-14.4,0.1,-15.9,3.0,23.5,14.0,1.0,0.5,0.8,2.32,3.9,5.47,3.9,3.0,2.3,14.0,1.0,0.5,0.8,20.1,28.1,33.0,26.6,3.0,9.6,14.0,1.0,0.5,0.8,-247.1,-203.0,-163.9,-205.4,3.0,61.0,14.0,1.0,0.5,0.8,-128.9,-73.9,-59.6,-93.8,3.0,53.6,14.0,1.0,0.5,0.8,-161.7,-134.1,-108.8,-135.2,3.0,38.7,14.0,1.0,0.5,0.8,-84.2,-48.8,-39.6,-61.6,3.0,34.5,14.0,1.0,0.5,0.8,-31.0,-26.4,-18.1,-24.6,3.0,9.6,14.0,1.0,0.5,0.8,-11.3,-9.6,-8.6,-10.0,3.0,2.0,14.0,1.0,0.5,0.8,245.0,373.0,864.5,550.5,3.0,479.0,14.0,1.0,0.5,0.8,245.0,375.0,865.0,550.0,3.0,480.0,14.0,1.0,0.5,0.8
1974,2,158.0,13.0,28.07,28.85,29.63,28.85,2.0,1.63,14.0,0.0,0.1,0.5,25.66,25.8,25.94,25.8,2.0,0.28,14.0,0.0,0.1,0.5,13.79,13.79,13.79,13.79,1.0,0.0,26.0,0.0,0.2,0.3,67.3,67.3,67.3,67.3,1.0,0.0,26.0,0.0,0.3,5.08,7.2,9.32,7.2,2.0,4.38,14.0,0.0,0.1,0.5,-8.75,-6.77,-4.78,-6.77,2.0,4.12,14.0,0.0,0.1,0.5,-3.19,-2.46,-1.74,-2.46,2.0,1.5,14.0,0.0,0.1,0.5,1010.09,1010.7,1011.59,1010.83,3.0,1.11,14.0,0.3,0.2,0.7,2.0,4.0,6.0,4.0,3.0,3.0,14.0,0.3,0.2,0.7,-86.4,-57.7,-29.1,-57.7,2.0,59.3,14.0,0.0,0.1,0.5,-31.4,-21.0,-10.6,-21.0,2.0,21.6,14.0,0.0,0.1,0.5,2.4,3.05,3.7,3.05,2.0,1.34,14.0,0.0,0.1,0.5,17.2,19.0,20.8,19.0,2.0,3.7,14.0,0.0,0.1,0.5,9.53,9.53,9.53,9.53,1.0,0.0,26.0,0.0,0.2,0.3,98.2,98.2,98.2,98.2,1.0,0.0,26.0,0.0,0.2,0.3,-224.4,-174.0,-123.6,-174.0,2.0,104.4,14.0,0.0,0.1,0.5,-81.7,-63.3,-45.0,-63.3,2.0,38.0,14.0,0.0,0.1,0.5,-133.5,-133.5,-133.5,-133.5,1.0,0.0,26.0,0.0,0.2,0.3,-48.6,-48.6,-48.6,-48.6,1.0,0.0,26.0,0.0,0.2,0.3,-92.3,-92.3,-92.3,-92.3,1.0,0.0,26.0,0.0,0.2,0.3,-33.6,-33.6,-33.6,-33.6,1.0,0.0,26.0,0.0,0.2,0.3,231.5,581.0,930.0,581.0,2.0,724.0,14.0,0.0,0.1,0.5,230.0,580.0,930.0,580.0,2.0,725.0,14.0,0.0,0.1,0.5
1974,2,158.0,14.0,27.2,27.2,27.2,27.2,1.0,0.0,12.0,0.0,0.3,0.9,26.7,26.7,26.7,26.7,1.0,0.0,12.0,0.0,0.3,0.9,17.28,17.28,17.28,17.28,1.0,0.0,12.0,0.0,0.3,0.9,79.2,79.2,79.2,79.2,1.0,0.0,12.0,0.0,0.9,7.7,7.7,7.7,7.7,1.0,0.0,12.0,0.0,0.3,0.9,-7.7,-7.7,-7.7,-7.7,1.0,0.0,12.0,0.0,0.3,0.9,0.0,0.0,0.0,0.0,1.0,0.0,12.0,0.0,0.3,0.9,1013.8,1013.8,1013.8,1013.8,1.0,0.0,12.0,0.0,0.3,0.9,2.0,2.0,2.0,2.0,1.0,0.0,12.0,0.0,0.3,0.9,-59.3,-59.3,-59.3,-59.3,1.0,0.0,12.0,0.0,0.3,0.9,0.0,0.0,0.0,0.0,1.0,0.0,12.0,0.0,0.3,0.9,0.5,0.5,0.5,0.5,1.0,0.0,12.0,0.0,0.3,0.9,3.9,3.9,3.9,3.9,1.0,0.0,12.0,0.0,0.3,0.9,5.26,5.26,5.26,5.26,1.0,0.0,12.0,0.0,0.3,0.9,40.5,40.5,40.5,40.5,1.0,0.0,12.0,0.0,0.3,0.9,-205.6,-205.6,-205.6,-205.6,1.0,0.0,12.0,0.0,0.3,0.9,0.0,0.0,0.0,0.0,1.0,0.0,12.0,0.0,0.3,0.9,-133.1,-133.1,-133.1,-133.1,1.0,0.0,12.0,0.0,0.3,0.9,0.0,0.0,0.0,0.0,1.0,0.0,12.0,0.0,0.3,0.9,-40.5,-40.5,-40.5,-40.5,1.0,0.0,12.0,0.0,0.3,0.9,0.0,0.0,0.0,0.0,1.0,0.0,12.0,0.0,0.3,0.9,456.5,456.5,456.5,456.5,1.0,0.0,12.0,0.0,0.3,0.9,455.0,455.0,455.0,455.0,1.0,0.0,12.0,0.0,0.3,0.9
1974,2,158.0,15.0,30.0,30.0,30.0,30.0,1.0,0.0,4.0,1.0,0.7,0.1,28.0,28.0,28.0,28.0,1.0,0.0,4.0,1.0,0.7,0.1,16.1,16.1,16.1,16.1,1.0,0.0,4.0,1.0,0.7,0.1,68.6,68.6,68.6,68.6,1.0,0.0,4.0,1.0,0.1,4.6,4.6,4.6,4.6,1.0,0.0,4.0,1.0,0.7,0.1,-4.32,-4.32,-4.32,-4.32,1.0,0.0,4.0,1.0,0.7,0.1,-1.57,-1.57,-1.57,-1.57,1.0,0.0,4.0,1.0,0.7,0.1,1017.0,1017.0,1017.0,1017.0,1.0,0.0,4.0,1.0,0.7,0.1,2.0,2.0,2.0,2.0,1.0,0.0,4.0,1.0,0.7,0.1,-19.9,-19.9,-19.9,-19.9,1.0,0.0,4.0,1.0,0.7,0.1,-7.2,-7.2,-7.2,-7.2,1.0,0.0,4.0,1.0,0.7,0.1,2.0,2.0,2.0,2.0,1.0,0.0,4.0,1.0,0.7,0.1,9.2,9.2,9.2,9.2,1.0,0.0,4.0,1.0,0.7,0.1,10.41,10.41,10.41,10.41,1.0,0.0,4.0,1.0,0.7,0.1,47.9,47.9,47.9,47.9,1.0,0.0,4.0,1.0,0.7,0.1,-121.0,-121.0,-121.0,-121.0,1.0,0.0,4.0,1.0,0.7,0.1,-44.1,-44.1,-44.1,-44.1,1.0,0.0,4.0,1.0,0.7,0.1,-69.6,-69.6,-69.6,-69.6,1.0,0.0,4.0,1.0,0.7,0.1,-25.3,-25.3,-25.3,-25.3,1.0,0.0,4.0,1.0,0.7,0.1,-45.0,-45.0,-45.0,-45.0,1.0,0.0,4.0,1.0,0.7,0.1,-16.4,-16.4,-16.4,-16.4,1.0,0.0,4.0,1.0,0.7,0.1,97.5,97.5,97.5,97.5,1.0,0.0,4.0,1.0,0.7,0.1,95.0,95.0,95.0,95.0,1.0,0.0,4.0,1.0,0.7,0.1
1974,2,158.0,16.0,26.97,27.55,28.13,27.55,2.0,1.2,10.0,1.0,0.5,0.9,26.81,28.35,29.89,28.35,2.0,3.18,10.0,1.0,0.5,0.9,15.28,16.86,18.44,16.86,2.0,3.28,10.0,1.0,0.5,0.9,59.2,72.0,84.9,72.0,2.0,26.7,10.0,1.0,0.9,2.6,2.6,2.6,2.6,1.0,0.0,4.0,1.0,0.5,0.9,-2.44,-2.44,-2.44,-2.44,1.0,0.0,4.0,1.0,0.5,0.9,-0.89,-0.89,-0.89,-0.89,1.0,0.0,4.0,1.0,0.5,0.9,1013.25,1013.35,1013.45,1013.35,2.0,0.21,10.0,1.0,0.5,0.9,3.6,5.0,6.4,5.0,2.0,2.8,10.0,1.0,0.5,0.9,-6.4,-6.4,-6.4,-6.4,1.0,0.0,4.0,1.0,0.5,0.9,-2.3,-2.3,-2.3,-2.3,1.0,0.0,4.0,1.0,0.5,0.9,-2.92,-0.8,1.32,-0.8,2.0,4.38,10.0,1.0,0.5,0.9,-10.1,-10.1,-10.1,-10.1,1.0,0.0,4.0,1.0,0.5,0.9,5.41,6.2,6.99,6.2,2.0,1.64,10.0,1.0,0.5,0.9,19.1,19.1,19.1,19.1,1.0,0.0,4.0,1.0,0.5,0.9,-74.8,-74.8,-74.8,-74.8,1.0,0.0,4.0,1.0,0.5,0.9,-27.2,-27.2,-27.2,-27.2,1.0,0.0,4.0,1.0,0.5,0.9,-35.5,-35.5,-35.5,-35.5,1.0,0.0,4.0,1.0,0.5,0.9,-12.9,-12.9,-12.9,-12.9,1.0,0.0,4.0,1.0,0.5,0.9,-18.0,-18.0,-18.0,-18.0,1.0,0.0,4.0,1.0,0.5,0.9,-6.5,-6.5,-6.5,-6.5,1.0,0.0,4.0,1.0,0.5,0.9,17.5,17.5,17.5,17.5,1.0,0.0,4.0,1.0,0.5,0.9,20.0,20.0,20.0,20.0,1.0,0.0,4.0,1.0,0.5,0.9
1974,2,158.0,17.0,26.56,26.7,26.9,26.73,3.0,0.25,20.0,1.0,0.5,0.2,25.35,26.1,26.71,26.03,3.0,1.0,20.0,1.0,0.5,0.2,12.77,14.24,15.71,14.24,2.0,3.05,22.0,1.0,0.8,0.2,61.2,69.7,79.1,70.1,3.0,13.1,20.0,1.0,0.2,7.58,12.9,13.58,10.63,3.0,4.82,20.0,1.0,0.5,0.2,-10.4,-9.88,-5.8,-8.15,3.0,3.69,20.0,1.0,0.5,0.2,-8.73,-8.29,-4.87,-6.83,3.0,3.1,20.0,1.0,0.5,0.2,1010.18,1013.15,1016.12,1013.15,2.0,6.15,22.0,1.0,0.8,0.2,5.0,7.0,7.0,6.0,3.0,1.7,20.0,1.0,0.5,0.2,-141.5,-127.5,-54.1,-98.5,3.0,68.8,20.0,1.0,0.5,0.2,-118.7,-107.0,-45.4,-82.6,3.0,57.7,20.0,1.0,0.5,0.2,-0.15,0.6,1.56,0.7,3.0,1.25,20.0,1.0,0.5,0.2,-3.8,3.1,18.6,7.3,3.0,16.8,20.0,1.0,0.5,0.2,6.46,7.86,9.26,7.86,2.0,2.9,22.0,1.0,0.8,0.2,54.4,62.7,71.0,62.7,2.0,17.2,22.0,1.0,0.8,0.2,-274.7,-247.0,-148.0,-212.2,3.0,97.6,20.0,1.0,0.5,0.2,-230.5,-207.3,-124.2,-178.0,3.0,81.9,20.0,1.0,0.5,0.2,-143.8,-104.6,-65.4,-104.6,2.0,81.2,22.0,1.0,0.8,0.2,-120.6,-87.8,-54.9,-87.8,2.0,68.1,22.0,1.0,0.8,0.2,-54.4,-48.0,-41.7,-48.0,2.0,13.2,22.0,1.0,0.8,0.2,-45.7,-40.3,-35.0,-40.3,2.0,11.1,22.0,1.0,0.8,0.2,772.0,2146.5,2514.5,1655.0,3.0,1345.5,20.0,1.0,0.5,0.2,770.0,2145.0,2515.0,1655.0,3.0,1345.0,20.0,1.0,0.5,0.2
1974,2,158.0,18.0,26.75,26.85,26.95,26.85,2.0,0.21,16.0,0.5,0.1,0.3,25.79,27.5,29.21,27.5,2.0,3.54,16.0,0.5,0.1,0.3,16.38,16.96,17.54,16.96,2.0,1.19,16.0,0.5,0.1,0.3,69.3,74.2,79.1,74.2,2.0,10.2,16.0,0.5,0.3,5.66,7.95,10.24,7.95,2.0,4.74,16.0,0.5,0.1,0.3,-9.62,-7.47,-5.32,-7.47,2.0,4.45,16.0,0.5,0.1,0.3,-3.0,-1.15,0.71,-1.15,2.0,3.85,16.0,0.5,0.1,0.3,1008.71,1009.15,1009.59,1009.15,2.0,0.92,16.0,0.5,0.1,0.3,1.5,2.5,3.5,2.5,2.0,2.1,16.0,0.5,0.1,0.3,-104.1,-69.9,-35.8,-69.9,2.0,70.8,16.0,0.5,0.1,0.3,-35.6,-18.2,-0.8,-18.2,2.0,36.0,16.0,0.5,0.1,0.3,-2.25,-0.65,0.95,-0.65,2.0,3.32,16.0,0.5,0.1,0.3,-8.6,2.7,14.0,2.7,2.0,23.3,16.0,0.5,0.1,0.3,4.79,5.22,5.66,5.22,2.0,0.89,16.0,0.5,0.1,0.3,28.3,43.7,59.0,43.7,2.0,31.9,16.0,0.5,0.1,0.3,-243.9,-197.6,-151.2,-197.6,2.0,96.0,16.0,0.5,0.1,0.3,-73.8,-24.7,24.4,-24.7,2.0,101.7,16.0,0.5,0.1,0.3,-156.2,-124.0,-91.9,-124.0,2.0,66.6,16.0,0.5,0.1,0.3,-48.0,-17.1,13.7,-17.1,2.0,63.9,16.0,0.5,0.1,0.3,-55.5,-41.0,-26.6,-41.0,2.0,29.9,16.0,0.5,0.1,0.3,-17.9,-7.7,2.5,-7.7,2.0,21.1,16.0,0.5,0.1,0.3,311.0,770.0,1229.5,770.0,2.0,951.5,16.0,0.5,0.1,0.3,310.0,770.0,1230.0,770.0,2.0,950.0,16.0,0.5,0.1,0.3
1974,2,158.0,19.0,25.79,26.15,27.19,26.48,4.0,1.06,10.0,0.5,0.6,0.5,25.0,25.3,25.81,25.4,4.0,0.49,10.0,0.5,0.6,0.5,14.89,14.89,14.89,14.89,1.0,0.0,2.0,0.0,0.8,0.7,75.6,75.6,75.6,75.6,1.0,0.0,2.0,0.0,0.7,4.77,7.7,8.22,6.55,4.0,3.0,10.0,0.5,0.6,0.5,-7.46,-5.26,-0.88,-4.22,4.0,4.41,10.0,0.5,0.6,0.5,-5.33,-3.41,-0.87,-3.11,4.0,3.19,10.0,0.5,0.6,0.5,1014.23,1015.05,1017.07,1015.63,4.0,2.03,10.0,0.5,0.6,0.5,2.5,3.0,3.5,3.0,4.0,0.8,10.0,0.5,0.6,0.5,-61.7,-40.5,-12.1,-37.1,4.0,32.1,10.0,0.5,0.6,0.5,-41.0,-27.8,-11.2,-26.2,4.0,22.0,10.0,0.5,0.6,0.5,0.0,0.65,2.19,1.08,4.0,1.42,10.0,0.5,0.6,0.5,0.0,1.4,13.4,6.5,4.0,11.2,10.0,0.5,0.6,0.5,6.46,6.46,6.46,6.46,1.0,0.0,2.0,0.0,0.8,0.7,13.6,13.6,13.6,13.6,1.0,0.0,2.0,0.0,0.8,0.7,-190.7,-132.6,-23.1,-108.1,4.0,112.6,10.0,0.5,0.6,0.5,-135.3,-86.8,-23.1,-79.5,4.0,81.2,10.0,0.5,0.6,0.5,27.1,27.1,27.1,27.1,1.0,0.0,2.0,0.0,0.8,0.7,15.6,15.6,15.6,15.6,1.0,0.0,2.0,0.0,0.8,0.7,11.8,11.8,11.8,11.8,1.0,0.0,2.0,0.0,0.8,0.7,6.8,6.8,6.8,6.8,1.0,0.0,2.0,0.0,0.8,0.7,222.0,456.5,562.5,395.0,4.0,274.5,10.0,0.5,0.6,0.5,220.0,455.0,560.0,395.0,4.0,275.0,10.0,0.5,0.6,0.5
1974,2,158.0,20.0,27.03,27.1,27.17,27.1,2.0,0.14,10.0,0.5,0.1,0.5,24.25,24.35,24.45,24.35,2.0,0.21,10.0,0.5,0.1,0.5,16.46,16.56,16.67,16.56,2.0,0.22,10.0,0.5,0.1,0.5,86.5,87.6,88.6,87.6,2.0,2.2,10.0,0.5,0.5,7.27,8.5,9.73,8.5,2.0,2.55,10.0,0.5,0.1,0.5,-7.32,-6.1,-4.88,-6.1,2.0,2.53,10.0,0.5,0.1,0.5,-3.27,0.74,4.76,0.74,2.0,8.31,10.0,0.5,0.1,0.5,1016.6,1016.6,1016.6,1016.6,2.0,0.0,10.0,0.5,0.1,0.5,6.3,7.0,7.7,7.0,2.0,1.4,10.0,0.5,0.1,0.5,-73.0,-55.1,-37.2,-55.1,2.0,37.1,10.0,0.5,0.1,0.5,-18.1,16.9,51.9,16.9,2.0,72.5,10.0,0.5,0.1,0.5,2.72,2.75,2.78,2.75,2.0,0.07,10.0,0.5,0.1,0.5,20.2,23.3,26.4,23.3,2.0,6.4,10.0,0.5,0.1,0.5,5.6,5.79,5.99,5.79,2.0,0.4,10.0,0.5,0.1,0.5,41.0,49.7,58.5,49.7,2.0,18.2,10.0,0.5,0.1,0.5,-179.2,-148.8,-118.4,-148.8,2.0,63.0,10.0,0.5,0.1,0.5,-78.8,19.0,116.8,19.0,2.0,202.5,10.0,0.5,0.1,0.5,-120.3,-100.7,-81.1,-100.7,2.0,40.6,10.0,0.5,0.1,0.5,-54.9,11.4,77.8,11.4,2.0,137.5,10.0,0.5,0.1,0.5,-44.1,-35.8,-27.6,-35.8,2.0,17.1,10.0,0.5,0.1,0.5,-17.4,6.0,29.4,6.0,2.0,48.4,10.0,0.5,0.1,0.5,426.5,696.5,967.0,696.5,2.0,560.0,10.0,0.5,0.1,0.5,425.0,695.0,965.0,695.0,2.0,560.0,10.0,0.5,0.1,0.5
1974,2,158.0,22.0,24.53,25.0,25.22,24.88,5.0,0.61,16.0,0.4,0.2,0.6,24.22,24.4,24.87,24.5,5.0,0.42,16.0,0.4,0.2,0.6,13.36,16.97,18.08,15.98,5.0,2.6,16.0,0.4,0.2,0.6,72.0,86.5,93.3,83.2,5.0,11.8,16.0,0.4,0.6,5.57,8.2,10.8,8.02,5.0,4.47,16.0,0.4,0.2,0.6,-9.13,0.0,3.48,-2.37,5.0,6.99,16.0,0.4,0.2,0.6,-3.08,2.8,7.83,2.17,5.0,6.21,16.0,0.4,0.2,0.6,1007.91,1012.5,1016.47,1012.28,5.0,4.46,16.0,0.4,0.2,0.6,1.9,6.0,6.7,4.6,5.0,3.1,16.0,0.4,0.2,0.6,-96.9,0.0,30.4,-30.5,5.0,80.5,16.0,0.4,0.2,0.6,-33.4,23.0,67.5,14.1,5.0,65.6,16.0,0.4,0.2,0.6,-0.18,0.1,1.0,0.38,5.0,0.83,16.0,0.4,0.2,0.6,-1.5,0.9,10.2,3.8,5.0,7.2,16.0,0.4,0.2,0.6,0.99,2.8,6.8,3.68,5.0,2.97,16.0,0.4,0.2,0.6,5.0,26.0,69.0,36.5,5.0,37.9,16.0,0.4,0.2,0.6,-220.3,0.0,85.6,-56.7,5.0,170.3,16.0,0.4,0.2,0.6,-75.6,67.0,192.3,53.3,5.0,152.4,16.0,0.4,0.2,0.6,-121.1,0.0,60.3,-25.1,5.0,98.3,16.0,0.4,0.2,0.6,-43.2,38.4,136.5,41.4,5.0,97.3,16.0,0.4,0.2,0.6,-62.3,0.0,6.3,-23.4,5.0,40.6,16.0,0.4,0.2,0.6,-17.6,6.8,20.2,0.1,5.0,27.7,16.0,0.4,0.2,0.6,350.5,551.5,1389.5,863.0,5.0,911.5,16.0,0.4,0.2,0.6,350.0,550.0,1390.0,865.0,5.0,910.0,16.0,0.4,0.2,0.6
1974,2,158.0,23.0,23.86,24.0,25.24,24.56,5.0,1.22,16.0,0.6,0.4,0.5,20.83,21.4,24.2,22.4,6.0,2.47,16.0,0.7,0.3,0.6,10.04,12.89,15.19,12.74,5.0,2.87,16.0,0.6,0.4,0.5,65.0,74.6,81.0,73.4,5.0,8.3,16.0,0.6,0.5,4.29,6.65,11.23,7.45,6.0,3.94,16.0,0.7,0.3,0.6,-4.64,-1.76,1.52,-2.07,6.0,3.84,16.0,0.7,0.3,0.6,-9.94,-3.78,3.9,-2.72,6.0,7.3,16.0,0.7,0.3,0.6,1010.04,1014.0,1016.79,1013.52,5.0,4.37,16.0,0.6,0.4,0.5,2.0,4.0,6.2,4.2,6.0,2.1,16.0,0.7,0.3,0.6,-53.7,-8.1,6.5,-24.2,6.0,44.7,16.0,0.7,0.3,0.6,-113.3,-17.4,22.0,-31.5,6.0,75.6,16.0,0.7,0.3,0.6,-0.78,2.7,4.33,1.88,5.0,3.29,16.0,0.6,0.4,0.5,-0.6,12.4,30.6,14.4,5.0,18.7,16.0,0.6,0.4,0.5,3.38,8.64,8.9,6.55,5.0,3.24,16.0,0.6,0.4,0.5,25.3,39.8,61.3,43.8,5.0,31.9,16.0,0.6,0.4,0.5,-96.6,-37.3,36.8,-41.3,6.0,83.0,16.0,0.7,0.3,0.6,-205.5,-80.6,98.9,-50.0,6.0,160.9,16.0,0.7,0.3,0.6,-35.7,0.0,23.2,-4.9,5.0,29.9,16.0,0.6,0.4,0.5,-73.1,-30.5,73.3,-3.8,5.0,88.1,16.0,0.6,0.4,0.5,-31.2,0.0,4.3,-10.7,5.0,19.1,16.0,0.6,0.4,0.5,-59.2,-25.6,16.5,-23.1,5.0,47.4,16.0,0.6,0.4,0.5,83.5,378.0,1443.0,715.0,6.0,846.5,16.0,0.7,0.3,0.6,85.0,380.0,1445.0,715.0,6.0,845.0,16.0,0.7,0.3,0.6
1974,2,158.0,24.0,22.16,22.45,22.76,22.47,6.0,0.36,20.0,1.0,0.2,0.6,19.52,21.9,23.86,21.64,7.0,2.57,18.0,0.9,0.2,0.5,8.08,11.74,15.57,11.49,7.0,3.74,18.0,0.9,0.2,0.5,57.1,66.4,84.5,69.9,7.0,14.9,18.0,0.9,0.5,7.6,9.8,10.95,9.41,7.0,2.67,18.0,0.9,0.2,0.5,-10.95,-7.51,-3.24,-6.33,7.0,6.05,18.0,0.9,0.2,0.5,-5.01,0.0,0.43,-0.96,7.0,5.11,18.0,0.9,0.2,0.5,1013.34,1017.1,1019.26,1016.36,7.0,3.53,18.0,0.9,0.2,0.5,3.9,6.0,8.0,5.7,7.0,2.2,18.0,0.9,0.2,0.5,-120.3,-59.3,-17.4,-65.1,7.0,76.9,18.0,0.9,0.2,0.5,-39.2,0.0,4.4,-4.7,7.0,48.6,18.0,0.9,0.2,0.5,-1.39,1.75,3.07,1.18,6.0,2.59,20.0,1.0,0.2,0.6,-13.4,18.0,24.0,9.0,6.0,19.5,20.0,1.0,0.2,0.6,3.67,6.47,8.65,6.06,6.0,3.52,20.0,1.0,0.2,0.6,28.3,55.3,87.4,57.0,6.0,37.6,20.0,1.0,0.2,0.6,-254.2,-147.5,-56.6,-135.4,7.0,137.9,18.0,0.9,0.2,0.5,-123.5,0.0,10.1,-16.2,7.0,115.4,18.0,0.9,0.2,0.5,-126.9,-97.2,-19.0,-65.1,7.0,73.8,18.0,0.9,0.2,0.5,-52.8,0.0,6.6,-3.4,7.0,69.8,18.0,0.9,0.2,0.5,-72.4,-44.9,-28.1,-50.3,6.0,36.7,20.0,1.0,0.2,0.6,-46.1,-1.0,0.0,-16.4,6.0,24.8,20.0,1.0,0.2,0.6,443.5,941.0,1328.0,1011.0,7.0,834.0,18.0,0.9,0.2,0.5,445.0,940.0,1330.0,1010.0,7.0,835.0,18.0,0.9,0.2,0.5
1974,2,158.0,25.0,22.27,23.0,23.38,22.94,8.0,0.62,10.0,0.5,0.6,0.4,20.0,20.05,22.67,20.71,8.0,1.81,10.0,0.5,0.6,0.4,8.44,10.51,13.79,11.1,8.0,2.8,10.0,0.5,0.6,0.4,60.5,70.4,82.6,72.3,8.0,12.7,10.0,0.5,0.4,3.27,5.9,8.14,6.04,8.0,2.71,10.0,0.5,0.6,0.4,-5.76,0.0,5.64,0.18,8.0,5.05,10.0,0.5,0.6,0.4,-4.73,-2.64,4.36,-0.44,8.0,4.82,10.0,0.5,0.6,0.4,1012.07,1014.15,1020.57,1015.5,8.0,4.57,10.0,0.5,0.6,0.4,3.2,6.0,8.0,5.8,8.0,2.4,10.0,0.5,0.6,0.4,-43.8,0.0,42.2,3.1,8.0,41.3,10.0,0.5,0.6,0.4,-35.4,-7.5,20.8,1.3,8.0,39.6,10.0,0.5,0.6,0.4,0.49,2.55,3.36,2.23,8.0,1.39,10.0,0.5,0.6,0.4,2.2,9.7,20.6,12.0,8.0,9.0,10.0,0.5,0.6,0.4,3.36,6.88,8.67,6.31,8.0,2.59,10.0,0.5,0.6,0.4,21.3,26.8,54.7,35.2,8.0,19.3,10.0,0.5,0.6,0.4,-115.1,0.0,113.0,7.0,8.0,106.2,10.0,0.5,0.6,0.4,-94.8,-50.4,99.1,-3.0,8.0,105.9,10.0,0.5,0.6,0.4,-58.8,0.0,48.7,3.4,8.0,61.2,10.0,0.5,0.6,0.4,-40.8,-22.3,57.0,1.6,8.0,63.4,10.0,0.5,0.6,0.4,-17.4,0.0,21.2,1.5,8.0,32.4,10.0,0.5,0.6,0.4,-23.2,-16.0,20.2,-7.2,8.0,26.0,10.0,0.5,0.6,0.4,37.5,235.5,541.0,339.5,8.0,367.0,10.0,0.5,0.6,0.4,35.0,235.0,540.0,340.0,8.0,365.0,10.0,0.5,0.6,0.4
1974,2,158.0,26.0,20.13,21.3,22.0,21.09,9.0,1.53,20.0,0.7,0.4,0.6,17.71,19.25,21.23,19.29,10.0,1.86,20.0,0.7,0.4,0.6,8.69,10.87,12.48,10.73,8.0,2.04,20.0,0.6,0.4,0.6,70.1,74.8,85.9,76.8,8.0,9.8,20.0,0.6,0.6,6.84,8.75,10.59,8.44,10.0,3.09,20.0,0.7,0.4,0.6,-7.9,-4.73,1.07,-4.03,10.0,5.38,20.0,0.7,0.4,0.6,-9.74,-3.73,-0.46,-4.56,10.0,4.32,20.0,0.7,0.4,0.6,1016.13,1017.8,1020.35,1017.79,9.0,2.54,20.0,0.7,0.4,0.6,2.0,3.5,7.6,4.3,10.0,2.7,20.0,0.7,0.4,0.6,-69.9,-35.4,11.6,-39.1,10.0,57.6,20.0,0.7,0.4,0.6,-98.4,-33.1,-2.9,-44.6,10.0,43.8,20.0,0.7,0.4,0.6,1.12,2.0,3.0,2.1,9.0,1.68,20.0,0.7,0.4,0.6,5.9,16.4,28.8,17.5,9.0,18.1,20.0,0.7,0.4,0.6,3.12,4.84,7.15,5.16,8.0,2.14,20.0,0.6,0.4,0.6,18.6,38.7,72.4,43.8,8.0,29.0,20.0,0.6,0.4,0.6,-168.1,-88.4,19.8,-83.7,10.0,109.8,20.0,0.7,0.4,0.6,-168.7,-79.4,-9.2,-84.8,10.0,76.2,20.0,0.7,0.4,0.6,-96.5,-48.8,15.4,-47.4,8.0,70.1,20.0,0.6,0.4,0.6,-79.4,-45.2,-1.6,-41.3,8.0,39.3,20.0,0.6,0.4,0.6,-29.2,-15.1,14.6,-11.0,8.0,25.5,20.0,0.6,0.4,0.6,-69.8,-12.5,-0.3,-27.7,8.0,37.1,20.0,0.6,0.4,0.6,332.0,678.0,1188.0,795.0,10.0,612.5,20.0,0.7,0.4,0.6,330.0,680.0,1190.0,795.0,10.0,615.0,20.0,0.7,0.4,0.6
1974,2,158.0,27.0,17.8,19.5,21.21,19.75,11.0,1.97,12.0,0.5,0.5,0.4,14.95,17.3,19.1,17.53,13.0,2.74,14.0,0.5,0.5,0.5,6.63,7.75,11.18,8.84,13.0,2.38,14.0,0.5,0.5,0.5,60.0,69.5,82.3,70.2,13.0,11.0,14.0,0.5,0.5,3.6,6.2,10.35,6.56,13.0,3.85,14.0,0.5,0.5,0.5,-5.13,0.63,3.33,0.26,13.0,4.58,14.0,0.5,0.5,0.5,-7.4,-3.55,1.92,-2.63,13.0,5.74,14.0,0.5,0.5,0.5,1014.86,1018.5,1021.0,1018.33,13.0,3.48,14.0,0.5,0.5,0.5,2.9,5.0,7.0,4.8,13.0,2.5,14.0,0.5,0.5,0.5,-26.8,2.3,13.3,6.0,13.0,51.6,14.0,0.5,0.5,0.5,-56.3,-12.8,7.9,-24.7,13.0,65.1,14.0,0.5,0.5,0.5,-0.21,2.0,3.74,1.67,11.0,2.53,12.0,0.5,0.5,0.4,-2.2,6.1,22.4,8.7,11.0,18.3,12.0,0.5,0.5,0.4,1.99,4.17,8.05,5.14,11.0,3.14,12.0,0.5,0.5,0.4,9.1,25.7,48.1,29.4,11.0,22.3,12.0,0.5,0.5,0.4,-101.6,11.8,57.7,3.7,13.0,86.5,14.0,0.5,0.5,0.5,-111.0,-66.7,33.3,-38.3,13.0,99.0,14.0,0.5,0.5,0.5,-57.3,4.3,33.4,1.9,13.0,50.3,14.0,0.5,0.5,0.5,-48.5,-24.7,19.3,-15.8,13.0,53.6,14.0,0.5,0.5,0.5,-16.9,0.0,8.6,-2.0,11.0,13.8,12.0,0.5,0.5,0.4,-47.3,0.0,5.0,-17.7,11.0,30.1,12.0,0.5,0.5,0.4,46.5,238.5,1108.5,588.0,13.0,1001.0,14.0,0.5,0.5,0.5,45.0,240.0,1110.0,590.0,13.0,1000.0,14.0,0.5,0.5,0.5
1974,2,158.0,28.0,17.65,18.7,19.5,18.63,12.0,0.94,14.0,0.5,0.3,0.6,14.82,16.5,20.46,17.56,17.0,3.19,14.0,0.6,0.4,0.5,6.18,8.51,11.89,8.95,14.0,2.71,14.0,0.5,0.3,0.5,64.7,76.2,85.8,75.1,14.0,12.7,14.0,0.5,0.5,3.37,7.7,13.63,8.45,17.0,4.27,14.0,0.6,0.4,0.5,-6.45,1.99,7.83,1.35,17.0,6.72,14.0,0.6,0.4,0.5,-9.02,1.25,3.95,-1.35,17.0,6.71,14.0,0.6,0.4,0.5,1012.38,1018.3,1021.96,1017.28,14.0,5.4,14.0,0.5,0.3,0.5,3.4,5.0,7.6,5.4,16.0,2.1,12.0,0.6,0.4,0.5,-48.0,9.9,87.3,14.6,17.0,86.8,14.0,0.6,0.4,0.5,-88.5,7.4,25.7,-17.6,17.0,83.2,14.0,0.6,0.4,0.5,0.49,1.15,4.05,1.8,12.0,2.36,14.0,0.5,0.3,0.6,0.9,10.1,55.9,17.9,12.0,30.5,14.0,0.5,0.3,0.6,1.6,4.09,6.4,3.79,12.0,2.36,14.0,0.5,0.3,0.6,13.5,26.1,73.6,35.5,12.0,35.5,14.0,0.5,0.3,0.6,-116.3,31.9,125.6,26.8,17.0,115.8,14.0,0.6,0.4,0.5,-126.2,25.0,77.9,-11.2,17.0,112.0,14.0,0.6,0.4,0.5,-68.6,15.6,78.9,15.2,14.0,74.9,14.0,0.5,0.3,0.5,-65.9,1.5,55.8,0.9,14.0,67.0,14.0,0.5,0.3,0.5,-20.4,5.0,20.6,-2.3,12.0,33.2,14.0,0.5,0.3,0.6,-68.4,-1.8,13.9,-16.3,12.0,35.1,14.0,0.5,0.3,0.6,39.0,456.5,2535.0,1068.0,17.0,1372.5,14.0,0.6,0.4,0.5,40.0,455.0,2535.0,1070.0,17.0,1370.0,14.0,0.6,0.4,0.5
1974,2,158.0,29.0,17.44,18.0,18.99,18.11,14.0,1.17,16.0,0.4,0.6,0.5,14.19,17.0,18.7,16.61,16.0,2.94,16.0,0.4,0.5,0.5,7.4,8.27,11.47,9.06,15.0,2.04,16.0,0.3,0.6,0.5,67.0,80.9,83.1,78.3,15.0,9.0,16.0,0.3,0.5,4.48,8.2,11.42,8.16,16.0,3.05,16.0,0.4,0.5,0.5,0.0,4.41,9.96,4.74,16.0,5.37,16.0,0.4,0.5,0.5,-5.8,-0.58,2.86,-0.9,16.0,5.17,16.0,0.4,0.5,0.5,1007.44,1014.1,1019.62,1013.63,15.0,6.58,16.0,0.3,0.6,0.5,2.0,4.0,7.6,4.3,15.0,2.5,16.0,0.4,0.5,0.4,0.0,36.2,104.9,49.0,16.0,55.0,16.0,0.4,0.5,0.5,-51.9,-3.9,12.4,-11.9,16.0,53.9,16.0,0.4,0.5,0.5,-0.09,0.85,3.5,1.77,14.0,2.87,16.0,0.4,0.6,0.5,-0.5,4.1,37.5,18.5,14.0,34.3,16.0,0.4,0.6,0.5,1.8,3.75,5.88,3.8,14.0,2.05,16.0,0.4,0.6,0.5,11.1,28.3,56.0,35.8,14.0,26.4,16.0,0.4,0.6,0.5,0.0,89.8,147.4,74.9,16.0,85.2,16.0,0.4,0.5,0.5,-84.1,-9.6,51.1,-5.3,16.0,80.6,16.0,0.4,0.5,0.5,0.0,59.9,81.8,40.7,15.0,46.5,16.0,0.3,0.6,0.5,-49.7,-8.7,37.2,-4.8,15.0,45.7,16.0,0.3,0.6,0.5,0.1,20.2,53.9,22.5,14.0,28.7,16.0,0.4,0.6,0.5,-8.9,-2.5,4.3,-8.0,14.0,25.2,16.0,0.4,0.6,0.5,93.0,557.5,1497.0,759.0,16.0,689.5,16.0,0.4,0.5,0.5,95.0,560.0,1495.0,760.0,16.0,690.0,16.0,0.4,0.5,0.5
1974,2,158.0,30.0,16.36,17.5,18.81,17.81,9.0,2.12,14.0,0.3,0.4,0.6,13.93,15.0,17.06,15.4,10.0,1.61,12.0,0.4,0.4,0.5,6.59,7.09,8.04,7.41,7.0,0.81,14.0,0.3,0.3,0.5,69.3,70.6,81.5,75.1,8.0,11.4,12.0,0.4,0.6,6.0,10.5,14.26,10.27,10.0,4.12,12.0,0.4,0.4,0.5,-4.04,6.45,10.11,3.66,10.0,8.05,12.0,0.4,0.4,0.5,-10.43,1.07,3.89,-2.11,10.0,7.03,12.0,0.4,0.4,0.5,1009.58,1013.15,1019.56,1013.94,8.0,4.66,14.0,0.3,0.3,0.5,4.4,6.5,8.0,6.2,10.0,1.6,12.0,0.4,0.4,0.5,-19.5,51.4,146.1,50.5,10.0,101.6,12.0,0.4,0.4,0.5,-150.5,6.4,30.5,-34.8,10.0,92.1,12.0,0.4,0.4,0.5,0.27,2.0,4.5,2.7,9.0,3.16,14.0,0.3,0.4,0.6,2.2,18.5,38.4,26.1,9.0,41.0,14.0,0.3,0.4,0.6,3.82,5.51,6.71,5.48,7.0,2.64,14.0,0.3,0.3,0.5,28.9,44.2,58.6,53.2,7.0,38.6,14.0,0.3,0.3,0.5,-68.8,93.7,151.6,57.7,10.0,129.8,12.0,0.4,0.4,0.5,-156.5,16.0,57.9,-28.7,10.0,104.0,12.0,0.4,0.4,0.5,13.7,46.2,82.3,44.1,7.0,36.8,14.0,0.3,0.3,0.5,-87.8,-38.7,24.2,-31.2,7.0,57.2,14.0,0.3,0.3,0.5,16.9,27.8,38.4,24.3,7.0,20.1,14.0,0.3,0.3,0.5,-39.9,-22.2,20.6,-23.6,7.0,55.3,14.0,0.3,0.3,0.5,235.5,1259.5,2921.5,1542.0,10.0,1352.0,12.0,0.4,0.4,0.5,235.0,1260.0,2920.0,1540.0,10.0,1350.0,12.0,0.4,0.4,0.5
1974,2,158.0,31.0,16.35,17.0,18.3,17.34,18.0,1.24,14.0,0.7,0.4,0.5,13.44,15.0,16.36,14.99,18.0,1.44,14.0,0.7,0.4,0.5,7.12,7.96,9.38,8.15,18.0,1.32,14.0,0.7,0.4,0.5,67.3,75.2,86.6,77.1,18.0,10.8,14.0,0.7,0.5,6.05,10.8,14.05,10.81,18.0,3.83,14.0,0.7,0.4,0.5,-0.33,7.32,11.6,5.94,18.0,7.55,14.0,0.7,0.4,0.5,-6.77,0.0,4.7,-0.6,18.0,6.61,14.0,0.7,0.4,0.5,1009.77,1012.25,1020.42,1014.31,18.0,5.34,14.0,0.7,0.4,0.5,3.0,5.0,7.5,5.1,17.0,2.0,16.0,0.7,0.4,0.4,-2.0,73.7,161.1,81.8,18.0,109.0,14.0,0.7,0.4,0.5,-73.0,0.0,42.9,-7.3,18.0,80.4,14.0,0.7,0.4,0.5,0.85,2.4,4.0,2.34,18.0,1.75,14.0,0.7,0.4,0.5,10.4,23.9,34.1,23.7,18.0,15.0,14.0,0.7,0.4,0.5,2.48,4.12,5.81,4.16,18.0,1.55,14.0,0.7,0.4,0.5,22.2,39.5,67.2,44.2,18.0,21.2,14.0,0.7,0.4,0.5,-4.2,103.0,172.0,86.8,18.0,114.4,14.0,0.7,0.4,0.5,-98.5,0.0,72.9,-5.4,18.0,101.4,14.0,0.7,0.4,0.5,-2.8,48.1,104.1,45.2,18.0,64.1,14.0,0.7,0.4,0.5,-50.8,0.0,39.2,-2.0,18.0,54.7,14.0,0.7,0.4,0.5,-1.2,23.0,57.5,25.2,18.0,30.8,14.0,0.7,0.4,0.5,-25.4,0.0,19.2,-1.3,18.0,30.0,14.0,0.7,0.4,0.5,222.5,1259.5,2776.5,1719.5,18.0,1605.0,14.0,0.7,0.4,0.5,220.0,1260.0,2775.0,1720.0,18.0,1605.0,14.0,0.7,0.4,0.5
1974,2,158.0,32.0,16.58,17.0,18.0,17.28,16.0,0.99,16.0,0.8,0.5,0.5,13.26,15.5,17.83,15.56,19.0,2.11,16.0,0.7,0.5,0.5,6.42,7.68,10.33,8.24,17.0,1.95,14.0,0.6,0.5,0.5,64.8,72.2,91.7,75.7,17.0,12.1,14.0,0.6,0.5,6.7,10.55,14.7,10.86,18.0,4.52,16.0,0.7,0.5,0.5,-3.63,6.0,13.75,4.83,18.0,8.34,16.0,0.7,0.5,0.5,-4.96,2.35,8.81,2.62,18.0,6.61,16.0,0.7,0.5,0.5,1009.39,1012.7,1019.86,1013.97,19.0,5.51,16.0,0.7,0.5,0.5,5.9,7.0,8.0,6.6,19.0,1.8,16.0,0.7,0.5,0.5,-36.4,37.3,191.2,68.7,18.0,135.8,16.0,0.7,0.5,0.5,-46.1,22.1,90.9,27.7,18.0,89.9,16.0,0.7,0.5,0.5,-1.0,2.25,4.56,1.89,16.0,2.63,16.0,0.8,0.5,0.5,-12.6,23.6,57.5,24.4,16.0,36.0,16.0,0.8,0.5,0.5,2.63,4.79,6.19,4.24,14.0,2.14,14.0,0.7,0.5,0.5,17.5,50.4,87.2,50.4,14.0,39.3,14.0,0.7,0.5,0.5,-62.1,75.9,199.7,63.3,18.0,124.5,16.0,0.7,0.5,0.5,-65.0,35.3,148.1,51.2,18.0,105.6,16.0,0.7,0.5,0.5,-36.0,42.7,103.5,37.5,16.0,67.7,16.0,0.7,0.5,0.5,-42.0,7.1,73.5,24.8,16.0,64.4,16.0,0.7,0.5,0.5,0.0,33.9,87.1,39.3,14.0,44.0,14.0,0.7,0.5,0.5,-35.6,0.0,14.3,-3.5,14.0,25.8,14.0,0.7,0.5,0.5,301.0,1176.0,3187.5,1951.5,18.0,2394.5,16.0,0.7,0.5,0.5,300.0,1175.0,3185.0,1950.0,18.0,2395.0,16.0,0.7,0.5,0.5
1974,2,158.0,33.0,16.0,16.7,18.09,16.81,18.0,1.14,16.0,0.8,0.5,0.3,12.0,15.0,16.75,14.15,21.0,2.49,16.0,0.7,0.5,0.3,5.98,7.32,9.2,7.52,16.0,1.82,16.0,0.8,0.6,0.4,66.7,75.1,81.8,75.0,16.0,8.2,16.0,0.8,0.4,7.7,11.3,16.41,12.0,21.0,5.02,16.0,0.7,0.5,0.3,-3.08,4.41,15.14,4.78,21.0,8.74,16.0,0.7,0.5,0.3,-5.75,4.1,9.98,2.73,21.0,8.26,16.0,0.7,0.5,0.3,1005.92,1014.3,1022.74,1013.6,21.0,7.88,16.0,0.7,0.5,0.3,5.0,8.0,8.0,6.7,19.0,1.8,18.0,0.8,0.6,0.4,-30.3,48.0,239.3,84.3,21.0,163.6,16.0,0.7,0.5,0.3,-60.8,25.6,106.5,38.6,21.0,122.2,16.0,0.7,0.5,0.3,0.2,2.55,5.66,2.8,18.0,2.73,16.0,0.8,0.5,0.3,0.6,16.0,92.0,36.1,18.0,41.9,16.0,0.8,0.5,0.3,1.88,4.65,6.46,4.33,16.0,2.03,16.0,0.8,0.6,0.4,20.5,36.2,100.5,53.6,16.0,36.4,16.0,0.8,0.6,0.4,-49.3,50.3,191.6,66.4,21.0,125.5,16.0,0.7,0.5,0.3,-74.2,49.2,159.7,53.1,21.0,120.0,16.0,0.7,0.5,0.3,-5.0,46.5,106.2,55.1,16.0,72.7,16.0,0.8,0.6,0.4,-43.4,4.8,92.9,17.8,16.0,68.9,16.0,0.8,0.6,0.4,-1.9,25.3,97.4,35.8,16.0,43.8,16.0,0.8,0.6,0.4,-43.0,3.1,24.3,-6.7,16.0,32.6,16.0,0.8,0.6,0.4,456.5,1443.0,4423.0,2691.0,21.0,3709.0,16.0,0.7,0.5,0.3,455.0,1445.0,4425.0,2690.0,21.0,3710.0,16.0,0.7,0.5,0.3
1974,2,158.0,34.0,12.69,14.35,16.5,14.39,16.0,1.92,14.0,0.4,0.4,0.4,10.0,11.5,12.8,11.18,17.0,1.87,14.0,0.4,0.4,0.5,5.04,6.66,7.66,6.66,17.0,1.46,14.0,0.4,0.4,0.5,64.4,82.8,90.9,79.9,17.0,12.5,14.0,0.4,0.5,9.0,12.05,16.58,12.4,16.0,4.3,14.0,0.4,0.4,0.4,4.79,9.78,16.58,10.35,16.0,5.67,14.0,0.4,0.4,0.4,-6.61,0.0,4.65,-0.7,16.0,5.96,14.0,0.4,0.4,0.4,999.0,1012.0,1015.73,1007.84,17.0,8.75,14.0,0.4,0.4,0.5,5.4,7.0,8.0,6.6,16.0,1.2,14.0,0.4,0.4,0.5,41.9,110.1,275.2,148.8,16.0,116.8,14.0,0.4,0.4,0.4,-81.7,0.0,27.8,-14.6,16.0,75.3,14.0,0.4,0.4,0.4,0.69,3.0,5.62,3.16,16.0,2.42,14.0,0.4,0.4,0.4,6.5,42.6,78.1,43.2,15.0,34.2,14.0,0.5,0.4,0.4,1.62,3.27,5.45,3.61,16.0,1.85,14.0,0.4,0.4,0.4,17.4,37.2,86.2,47.8,15.0,36.6,14.0,0.5,0.4,0.4,43.2,106.2,184.3,114.0,16.0,64.6,14.0,0.4,0.4,0.4,-61.6,0.0,56.4,0.5,16.0,68.7,14.0,0.4,0.4,0.4,28.5,66.2,102.0,67.7,16.0,35.8,14.0,0.4,0.4,0.4,-36.7,0.0,28.5,0.2,16.0,41.2,14.0,0.4,0.4,0.4,6.9,35.3,80.0,40.5,15.0,37.9,14.0,0.5,0.4,0.4,-34.3,0.0,10.0,-9.2,15.0,22.4,14.0,0.5,0.4,0.4,757.5,1752.0,4573.0,2552.5,16.0,2339.0,14.0,0.4,0.4,0.4,755.0,1750.0,4575.0,2555.0,16.0,2340.0,14.0,0.4,0.4,0.4
1974,2,158.0,35.0,12.99,13.9,15.29,14.74,7.0,2.85,14.0,0.3,0.4,0.3,10.06,10.7,13.28,11.43,8.0,1.68,14.0,0.4,0.3,0.4,5.51,6.35,8.51,6.7,7.0,1.54,14.0,0.3,0.4,0.3,68.4,81.1,89.7,78.3,7.0,14.1,14.0,0.3,0.3,9.97,12.05,22.65,14.96,8.0,5.83,14.0,0.4,0.3,0.4,5.69,10.23,22.61,11.62,8.0,9.49,14.0,0.4,0.3,0.4,-5.83,0.0,6.33,-0.13,8.0,6.74,14.0,0.4,0.3,0.4,996.37,1014.1,1019.58,1008.81,8.0,12.08,14.0,0.4,0.3,0.4,3.9,4.0,8.0,5.1,7.0,2.3,14.0,0.3,0.4,0.3,56.5,113.5,513.9,215.2,8.0,227.2,14.0,0.4,0.3,0.4,-74.2,0.0,58.9,-6.5,8.0,78.4,14.0,0.4,0.3,0.4,1.38,2.8,3.79,3.11,7.0,3.19,14.0,0.3,0.4,0.3,12.7,31.6,81.4,42.2,7.0,37.1,14.0,0.3,0.4,0.3,1.93,2.9,4.9,3.88,7.0,3.41,14.0,0.3,0.4,0.3,18.1,35.7,106.0,53.2,7.0,41.7,14.0,0.3,0.4,0.3,59.2,112.3,228.0,122.6,8.0,101.3,14.0,0.4,0.3,0.4,-61.4,0.0,85.5,7.3,8.0,84.3,14.0,0.4,0.3,0.4,36.8,50.9,118.5,59.0,7.0,54.6,14.0,0.3,0.4,0.3,-40.5,0.0,62.3,3.8,7.0,57.1,14.0,0.3,0.4,0.3,10.6,30.9,106.0,47.8,7.0,46.8,14.0,0.3,0.4,0.3,-17.9,0.0,10.1,-3.7,7.0,13.3,14.0,0.3,0.4,0.3,997.0,1752.0,11720.0,4775.5,8.0,5046.5,14.0,0.4,0.3,0.4,995.0,1750.0,11720.0,4775.0,8.0,5045.0,14.0,0.4,0.3,0.4
1974,2,158.0,36.0,11.5,13.0,14.73,13.14,17.0,1.52,12.0,0.5,0.4,0.4,7.86,10.5,14.14,10.56,19.0,2.94,12.0,0.5,0.4,0.4,4.58,5.43,7.58,5.91,18.0,1.67,12.0,0.5,0.4,0.4,63.2,71.6,89.8,74.1,18.0,13.1,12.0,0.5,0.4,8.63,15.4,19.73,14.84,19.0,5.22,12.0,0.5,0.4,0.4,4.66,7.7,19.68,9.63,19.0,9.22,12.0,0.5,0.4,0.4,-6.7,2.67,8.99,0.89,19.0,8.73,12.0,0.5,0.4,0.4,994.35,1006.5,1016.29,1005.19,19.0,10.72,12.0,0.5,0.4,0.4,5.4,8.0,8.0,7.0,16.0,1.4,12.0,0.6,0.4,0.4,45.4,116.6,388.6,163.3,19.0,199.0,12.0,0.5,0.4,0.4,-71.1,24.4,95.3,8.6,19.0,139.4,12.0,0.5,0.4,0.4,0.0,3.0,5.57,2.95,17.0,2.91,12.0,0.5,0.4,0.4,0.0,39.0,90.6,42.3,17.0,41.7,12.0,0.5,0.4,0.4,1.78,3.85,5.37,3.6,17.0,1.59,12.0,0.5,0.4,0.4,18.3,45.1,82.0,53.3,17.0,33.9,12.0,0.5,0.4,0.4,55.6,88.0,191.3,93.3,19.0,94.8,12.0,0.5,0.4,0.4,-61.2,16.8,132.8,14.4,19.0,112.9,12.0,0.5,0.4,0.4,32.9,53.6,105.1,57.5,18.0,47.3,12.0,0.5,0.4,0.4,-25.2,15.1,76.6,15.5,18.0,55.0,12.0,0.5,0.4,0.4,10.3,37.3,80.7,45.1,17.0,39.3,12.0,0.5,0.4,0.4,-12.8,9.0,18.5,3.8,17.0,21.3,12.0,0.5,0.4,0.4,643.0,3652.5,7698.5,4396.5,19.0,3709.5,12.0,0.5,0.4,0.4,645.0,3650.0,7700.0,4395.0,19.0,3710.0,12.0,0.5,0.4,0.4
1974,2,158.0,37.0,12.15,13.75,15.51,13.96,12.0,2.05,16.0,0.5,0.4,0.5,6.01,7.75,14.15,8.79,14.0,3.54,14.0,0.5,0.5,0.5,4.25,5.17,9.23,5.96,11.0,2.18,16.0,0.5,0.4,0.5,67.3,86.5,89.0,79.8,11.0,11.3,16.0,0.5,0.5,10.39,16.2,18.94,15.18,14.0,4.99,14.0,0.5,0.5,0.5,-1.92,9.79,18.62,9.19,14.0,9.53,14.0,0.5,0.5,0.5,-10.36,-3.11,9.86,-1.09,14.0,9.49,14.0,0.5,0.5,0.5,992.88,1006.0,1014.8,1005.03,14.0,10.04,14.0,0.5,0.5,0.5,2.9,7.0,8.0,5.9,13.0,2.6,14.0,0.5,0.5,0.5,-19.6,127.6,352.1,172.1,14.0,197.5,14.0,0.5,0.5,0.5,-143.4,-27.2,103.4,-18.6,14.0,145.7,14.0,0.5,0.5,0.5,1.36,6.0,7.5,5.03,12.0,3.98,16.0,0.5,0.4,0.5,16.3,97.2,149.8,82.7,12.0,68.5,16.0,0.5,0.4,0.5,1.87,4.66,5.81,4.08,11.0,2.37,16.0,0.5,0.4,0.5,21.7,66.1,112.0,66.7,11.0,47.3,16.0,0.5,0.4,0.5,-20.7,59.9,149.7,66.3,14.0,79.0,14.0,0.5,0.5,0.5,-56.8,-22.5,141.8,16.3,14.0,105.6,14.0,0.5,0.5,0.5,0.0,43.8,92.0,50.2,11.0,46.0,16.0,0.5,0.4,0.5,-35.5,-13.9,100.7,18.1,11.0,69.9,16.0,0.5,0.4,0.5,0.0,60.1,97.1,55.9,11.0,47.6,16.0,0.5,0.4,0.5,-43.5,-14.2,8.5,-17.0,11.0,33.3,16.0,0.5,0.4,0.5,1127.5,4256.0,6794.0,4540.0,14.0,3927.0,14.0,0.5,0.5,0.5,1125.0,4255.0,6795.0,4540.0,14.0,3925.0,14.0,0.5,0.5,0.5
1974,2,158.0,38.0,11.49,12.8,14.76,13.3,7.0,1.78,12.0,0.7,0.4,0.4,5.13,8.0,12.89,9.01,9.0,4.31,14.0,0.7,0.5,0.3,3.99,4.74,5.85,5.16,7.0,2.01,12.0,0.7,0.4,0.4,63.0,74.3,85.1,74.4,7.0,11.1,12.0,0.7,0.4,11.64,17.0,20.33,15.9,9.0,4.46,14.0,0.7,0.5,0.3,-4.9,4.1,17.23,4.37,9.0,12.3,14.0,0.7,0.5,0.3,-8.38,0.0,15.66,3.35,9.0,10.91,14.0,0.7,0.5,0.3,1002.67,1007.5,1015.44,1008.87,9.0,6.53,14.0,0.7,0.5,0.3,6.3,8.0,8.0,6.7,9.0,2.6,14.0,0.7,0.5,0.3,-96.0,39.9,338.7,73.7,9.0,241.8,14.0,0.7,0.5,0.3,-99.9,0.0,256.2,60.5,9.0,177.4,14.0,0.7,0.5,0.3,1.57,6.7,8.1,5.29,7.0,4.45,12.0,0.7,0.4,0.4,21.4,84.2,165.8,89.3,7.0,82.8,12.0,0.7,0.4,0.4,4.18,5.01,5.78,4.4,7.0,2.18,12.0,0.7,0.4,0.4,53.1,69.6,116.8,72.6,7.0,42.5,12.0,0.7,0.4,0.4,-58.8,49.1,83.1,28.1,9.0,84.5,14.0,0.7,0.5,0.3,-40.4,0.0,202.3,67.4,9.0,119.9,14.0,0.7,0.5,0.3,-4.4,29.0,84.2,24.7,7.0,62.2,12.0,0.7,0.4,0.4,-34.8,0.0,72.7,19.6,7.0,71.2,12.0,0.7,0.4,0.4,-5.6,30.9,90.7,26.5,7.0,75.3,12.0,0.7,0.4,0.4,-52.7,-5.2,2.6,-10.5,7.0,36.5,12.0,0.7,0.4,0.4,1644.0,4913.0,8415.0,4826.5,9.0,3170.5,14.0,0.7,0.5,0.3,1645.0,4915.0,8415.0,4825.0,9.0,3170.0,14.0,0.7,0.5,0.3
1974,2,158.0,39.0,11.19,12.65,13.17,12.2,4.0,1.53,10.0,0.8,0.4,0.3,3.0,5.75,7.12,5.35,6.0,2.01,10.0,0.7,0.4,0.4,3.95,4.08,4.67,4.33,5.0,0.68,10.0,0.6,0.4,0.4,66.0,71.6,86.6,75.2,5.0,10.7,10.0,0.6,0.4,7.6,9.5,24.51,13.97,6.0,8.59,10.0,0.7,0.4,0.4,-1.56,6.76,23.03,8.81,6.0,12.65,10.0,0.7,0.4,0.4,-7.42,-5.1,5.27,-2.09,6.0,7.03,10.0,0.7,0.4,0.4,1001.39,1009.85,1014.87,1006.37,6.0,12.99,10.0,0.7,0.4,0.4,6.0,7.0,7.2,6.8,6.0,0.8,10.0,0.7,0.4,0.4,-13.5,64.7,564.8,205.8,6.0,299.7,10.0,0.7,0.4,0.4,-82.5,-43.8,76.7,-12.7,6.0,140.2,10.0,0.7,0.4,0.4,5.1,5.85,8.07,6.55,4.0,2.08,10.0,0.8,0.4,0.3,65.4,111.8,147.4,106.7,4.0,55.0,10.0,0.8,0.4,0.3,4.04,4.66,5.0,4.53,4.0,0.6,10.0,0.8,0.4,0.3,38.4,81.7,117.4,78.1,4.0,46.4,10.0,0.8,0.4,0.3,-10.1,20.3,169.8,55.6,6.0,93.0,10.0,0.7,0.4,0.4,-41.6,-15.3,35.1,-6.6,6.0,44.9,10.0,0.7,0.4,0.4,-11.0,39.5,109.1,47.6,5.0,67.1,10.0,0.6,0.4,0.4,-30.3,-14.4,28.8,-2.2,5.0,34.7,10.0,0.6,0.4,0.4,22.8,76.7,110.4,67.0,4.0,53.6,10.0,0.8,0.4,0.3,-34.7,-22.2,11.8,-11.9,4.0,35.0,10.0,0.8,0.4,0.3,439.5,875.5,14751.0,5621.5,6.0,7763.5,10.0,0.7,0.4,0.4,440.0,875.0,14750.0,5620.0,6.0,7765.0,10.0,0.7,0.4,0.4
1974,2,158.0,40.0,7.82,11.1,12.68,10.04,5.0,4.06,12.0,0.6,0.4,0.4,1.34,3.5,6.83,4.02,5.0,4.05,12.0,0.6,0.4,0.4,3.32,3.89,4.45,3.89,2.0,1.17,10.0,1.0,0.6,0.4,64.3,68.2,80.9,72.5,3.0,12.8,10.0,0.7,0.6,11.84,15.4,20.5,16.08,5.0,5.13,12.0,0.6,0.4,0.4,3.89,14.55,17.55,11.14,5.0,9.84,12.0,0.6,0.4,0.4,-12.16,-5.0,4.58,-3.75,5.0,8.95,12.0,0.6,0.4,0.4,998.47,1005.25,1012.13,1005.3,4.0,9.46,12.0,0.8,0.4,0.3,5.5,6.5,7.0,6.3,4.0,1.0,10.0,0.8,0.5,0.5,34.2,233.6,358.7,208.2,5.0,210.0,12.0,0.6,0.4,0.4,-184.0,-50.0,92.8,-42.9,5.0,163.2,12.0,0.6,0.4,0.4,3.07,7.8,8.37,6.02,5.0,3.3,12.0,0.6,0.4,0.4,35.9,103.2,138.7,92.3,5.0,59.4,12.0,0.6,0.4,0.4,4.84,5.32,5.79,5.32,2.0,0.98,10.0,1.0,0.6,0.4,68.3,86.9,105.5,86.9,2.0,38.6,10.0,1.0,0.6,0.4,-14.7,42.5,111.6,55.6,5.0,95.7,12.0,0.6,0.4,0.4,-49.3,6.0,33.6,-2.2,5.0,54.3,12.0,0.6,0.4,0.4,-10.4,11.9,34.1,11.9,2.0,46.2,10.0,1.0,0.6,0.4,-54.0,-47.3,-40.5,-47.3,2.0,14.0,10.0,1.0,0.6,0.4,-3.3,33.5,70.3,33.5,2.0,76.3,10.0,1.0,0.6,0.4,-70.6,-64.7,-58.8,-64.7,2.0,12.3,10.0,1.0,0.6,0.4,1728.0,3652.5,8855.5,5197.0,5.0,4552.5,12.0,0.6,0.4,0.4,1730.0,3650.0,8855.0,5195.0,5.0,4550.0,12.0,0.6,0.4,0.4
1974,2,158.0,41.0,6.0,6.5,8.37,6.94,9.0,1.26,14.0,0.3,0.4,0.5,2.63,3.5,7.29,4.44,9.0,2.86,14.0,0.3,0.4,0.5,3.06,4.03,6.06,4.32,9.0,1.55,14.0,0.3,0.4,0.5,69.3,80.8,91.7,80.1,9.0,12.4,14.0,0.3,0.5,5.5,11.8,15.66,11.21,9.0,4.75,14.0,0.3,0.4,0.5,0.9,2.33,12.15,4.58,9.0,8.18,14.0,0.3,0.4,0.5,-10.17,-4.04,2.32,-3.15,9.0,7.89,14.0,0.3,0.4,0.5,1002.97,1011.5,1019.4,1011.52,9.0,7.83,14.0,0.3,0.4,0.5,5.1,6.5,7.0,6.0,8.0,1.9,14.0,0.4,0.4,0.5,3.7,31.2,197.7,66.6,9.0,121.5,14.0,0.3,0.4,0.5,-144.8,-16.6,21.6,-40.2,9.0,111.3,14.0,0.3,0.4,0.5,-0.56,3.0,5.19,2.5,9.0,2.86,14.0,0.3,0.4,0.5,-10.3,25.8,61.3,29.5,9.0,40.5,14.0,0.3,0.4,0.5,0.29,1.84,3.37,1.88,9.0,1.5,14.0,0.3,0.4,0.5,-0.4,21.7,49.1,22.5,9.0,23.3,14.0,0.3,0.4,0.5,2.4,23.3,41.3,17.9,9.0,33.4,14.0,0.3,0.4,0.5,-34.6,-10.1,19.7,1.9,9.0,53.7,14.0,0.3,0.4,0.5,3.1,16.6,46.6,17.7,9.0,32.7,14.0,0.3,0.4,0.5,-30.4,-15.5,15.5,-4.4,9.0,42.1,14.0,0.3,0.4,0.5,-4.3,2.4,37.6,11.7,9.0,24.5,14.0,0.3,0.4,0.5,-24.5,-10.3,-2.4,-13.7,9.0,12.0,14.0,0.3,0.4,0.5,267.0,1643.0,3929.5,2048.0,9.0,1836.5,14.0,0.3,0.4,0.5,265.0,1645.0,3930.0,2050.0,9.0,1835.0,14.0,0.3,0.4,0.5
1974,2,158.0,42.0,6.0,6.0,7.13,6.33,12.0,0.72,16.0,0.3,0.4,0.6,1.9,4.0,7.78,4.54,13.0,2.88,16.0,0.3,0.4,0.5,3.99,4.66,6.45,4.94,11.0,1.2,18.0,0.3,0.4,0.6,76.9,92.5,95.9,88.1,11.0,9.4,18.0,0.3,0.6,7.65,10.3,17.34,11.68,13.0,5.52,16.0,0.3,0.4,0.5,1.31,6.24,17.08,7.04,13.0,8.61,16.0,0.3,0.4,0.5,-3.92,1.88,8.87,1.78,13.0,6.85,16.0,0.3,0.4,0.5,986.24,1002.15,1012.25,999.82,12.0,12.31,16.0,0.3,0.4,0.6,5.8,8.0,8.0,6.8,13.0,1.7,16.0,0.3,0.4,0.5,4.7,47.6,297.4,109.8,13.0,175.7,16.0,0.3,0.4,0.5,-47.2,20.3,83.5,21.4,13.0,85.3,16.0,0.3,0.4,0.5,-1.9,1.5,5.13,1.67,12.0,3.48,16.0,0.3,0.4,0.6,-23.2,31.7,55.4,21.0,12.0,36.3,16.0,0.3,0.4,0.6,-0.6,1.46,2.35,1.05,11.0,1.4,18.0,0.3,0.4,0.6,-5.9,21.9,30.2,16.2,11.0,18.7,18.0,0.3,0.4,0.6,-2.3,15.2,60.8,22.2,13.0,42.7,16.0,0.3,0.4,0.5,-19.3,4.7,69.1,20.7,13.0,42.1,16.0,0.3,0.4,0.5,-1.3,32.7,80.8,31.0,11.0,41.0,18.0,0.3,0.4,0.6,-19.1,13.8,59.4,15.8,11.0,38.7,18.0,0.3,0.4,0.6,-2.3,9.5,29.7,14.2,11.0,17.2,18.0,0.3,0.4,0.6,-9.8,-3.7,5.2,-3.9,11.0,10.3,18.0,0.3,0.4,0.6,448.5,1092.5,5279.0,2667.5,13.0,3450.0,16.0,0.3,0.4,0.5,450.0,1095.0,5280.0,2665.0,13.0,3450.0,16.0,0.3,0.4,0.5
1974,2,158.0,43.0,2.86,4.0,7.1,4.86,7.0,3.02,18.0,0.6,0.4,0.7,1.0,2.0,3.73,2.39,9.0,1.83,18.0,0.7,0.4,0.7,3.13,3.28,4.19,3.67,6.0,1.1,18.0,0.7,0.4,0.7,68.9,80.4,90.2,80.5,7.0,12.3,18.0,0.6,0.7,5.54,12.9,17.07,12.18,9.0,5.9,18.0,0.7,0.4,0.7,2.36,9.35,14.49,7.47,9.0,9.08,18.0,0.7,0.4,0.7,-8.92,-2.24,3.44,-2.39,9.0,7.07,18.0,0.7,0.4,0.7,1006.11,1012.0,1014.39,1010.26,8.0,5.07,20.0,0.8,0.4,0.6,4.8,8.0,8.0,7.0,9.0,1.7,18.0,0.7,0.4,0.7,8.5,101.0,245.9,120.6,9.0,158.9,18.0,0.7,0.4,0.7,-138.6,-28.9,31.8,-36.4,9.0,106.6,18.0,0.7,0.4,0.7,0.76,2.5,4.1,2.07,7.0,3.11,18.0,0.6,0.4,0.7,6.9,21.6,51.3,25.5,7.0,57.3,18.0,0.6,0.4,0.7,0.95,1.78,2.75,1.89,5.0,1.3,20.0,0.6,0.3,0.7,11.9,22.5,47.4,30.4,5.0,29.4,20.0,0.6,0.3,0.7,1.2,9.4,49.4,12.7,9.0,35.9,18.0,0.7,0.4,0.7,-8.9,-3.2,17.7,3.3,9.0,15.5,18.0,0.7,0.4,0.7,-6.1,32.2,51.9,21.3,6.0,44.0,18.0,0.7,0.4,0.7,-18.1,-10.1,11.5,-6.3,6.0,19.2,18.0,0.7,0.4,0.7,8.6,19.5,42.8,26.5,5.0,31.3,20.0,0.6,0.3,0.7,-15.5,-11.2,-1.2,-8.9,5.0,8.1,20.0,0.6,0.3,0.7,373.5,2146.5,4998.0,2872.0,9.0,2823.0,18.0,0.7,0.4,0.7,375.0,2145.0,5000.0,2870.0,9.0,2825.0,18.0,0.7,0.4,0.7
1974,2,158.0,44.0,2.0,3.5,5.0,3.74,14.0,1.5,18.0,0.3,0.4,0.4,0.0,2.0,3.78,1.91,15.0,1.83,18.0,0.3,0.4,0.4,2.87,3.43,4.39,3.6,14.0,0.79,18.0,0.3,0.3,0.5,72.0,83.9,95.7,82.5,14.0,12.7,18.0,0.3,0.5,7.31,9.3,14.38,9.45,15.0,3.65,18.0,0.3,0.4,0.4,-2.43,5.0,8.55,2.55,15.0,7.43,18.0,0.3,0.4,0.4,-8.27,-1.61,6.11,-1.39,15.0,6.69,18.0,0.3,0.4,0.4,1007.59,1012.2,1013.58,1009.39,15.0,8.77,18.0,0.3,0.4,0.4,6.0,8.0,8.0,6.9,13.0,1.7,18.0,0.4,0.4,0.4,-19.5,25.0,89.5,21.8,15.0,95.7,18.0,0.3,0.4,0.4,-78.0,-15.0,44.2,-24.6,15.0,80.6,18.0,0.3,0.4,0.4,-0.95,2.0,4.41,1.74,14.0,2.36,18.0,0.3,0.4,0.4,-8.8,12.6,33.9,14.9,14.0,27.7,18.0,0.3,0.4,0.4,0.29,1.33,1.92,1.29,13.0,0.82,18.0,0.2,0.3,0.4,2.7,9.5,21.7,12.3,13.0,10.5,18.0,0.2,0.3,0.4,-5.2,0.0,21.1,2.8,15.0,26.0,18.0,0.3,0.4,0.4,-4.6,0.0,9.3,1.5,15.0,12.5,18.0,0.3,0.4,0.4,-9.0,19.1,25.5,8.6,14.0,30.5,18.0,0.3,0.3,0.5,-25.4,-7.3,9.3,-6.2,14.0,20.1,18.0,0.3,0.3,0.5,-1.6,3.0,12.9,6.1,13.0,8.1,18.0,0.2,0.3,0.4,-17.3,-0.5,4.7,-4.6,13.0,12.0,18.0,0.2,0.3,0.4,391.5,804.5,3121.5,1214.0,15.0,1305.5,18.0,0.3,0.4,0.4,390.0,805.0,3120.0,1215.0,15.0,1305.0,18.0,0.3,0.4,0.4
1974,2,158.0,45.0,2.5,3.0,3.05,3.0,7.0,0.5,10.0,0.4,0.3,0.1,-0.52,0.5,2.5,0.71,7.0,1.38,10.0,0.4,0.3,0.1,2.74,3.25,3.77,3.29,5.0,0.76,14.0,0.2,0.5,0.2,70.3,82.8,95.5,82.7,5.0,14.4,14.0,0.2,0.2,3.08,4.6,6.62,5.66,7.0,4.27,10.0,0.4,0.3,0.1,2.85,3.52,5.02,4.22,7.0,2.55,10.0,0.4,0.3,0.1,-5.07,0.54,2.04,-1.62,7.0,5.03,10.0,0.4,0.3,0.1,1006.93,1014.0,1017.08,1011.27,7.0,7.94,10.0,0.4,0.3,0.1,5.0,6.0,7.0,6.0,7.0,1.3,10.0,0.4,0.3,0.1,8.8,16.2,30.3,33.0,7.0,49.0,10.0,0.4,0.3,0.1,-36.2,1.7,5.6,-26.4,7.0,64.8,10.0,0.4,0.3,0.1,0.5,2.0,4.02,2.29,7.0,1.6,10.0,0.4,0.3,0.1,1.5,7.7,26.8,17.5,7.0,23.3,10.0,0.4,0.3,0.1,0.8,1.42,1.88,1.34,5.0,0.78,14.0,0.2,0.5,0.2,3.4,5.9,9.5,6.2,5.0,3.9,14.0,0.2,0.5,0.2,-4.0,1.5,4.9,1.3,7.0,4.5,10.0,0.4,0.3,0.1,-0.1,2.7,5.0,2.4,7.0,2.9,10.0,0.4,0.3,0.1,8.2,8.8,14.1,10.8,5.0,3.6,14.0,0.2,0.5,0.2,-9.3,1.6,7.9,-0.7,5.0,10.1,14.0,0.2,0.5,0.2,3.2,5.6,6.6,4.9,5.0,2.9,14.0,0.2,0.5,0.2,-3.7,0.3,3.1,-0.1,5.0,4.9,14.0,0.2,0.5,0.2,29.0,97.5,385.0,550.5,7.0,1218.5,10.0,0.4,0.3,0.1,30.0,95.0,385.0,550.0,7.0,1220.0,10.0,0.4,0.3,0.1
1974,2,158.0,46.0,2.11,3.0,3.0,2.75,8.0,0.89,12.0,0.9,0.3,0.5,-1.07,0.0,2.0,0.07,7.0,1.59,10.0,0.9,0.2,0.6,3.13,3.78,3.88,3.59,7.0,0.34,10.0,0.9,0.2,0.6,86.3,100.0,100.0,93.3,7.0,8.6,10.0,0.9,0.6,8.26,12.35,21.09,13.56,8.0,6.12,12.0,0.9,0.3,0.5,4.12,6.03,19.93,9.68,8.0,8.62,12.0,0.9,0.3,0.5,-8.98,-6.12,3.33,-3.89,8.0,7.0,12.0,0.9,0.3,0.5,984.22,1000.5,1016.53,1000.16,8.0,15.04,12.0,0.9,0.3,0.5,6.0,7.5,8.0,7.2,6.0,1.0,12.0,0.8,0.3,0.5,29.4,78.2,421.9,173.8,8.0,193.7,12.0,0.9,0.3,0.5,-83.0,-46.3,72.0,-26.0,8.0,110.1,12.0,0.9,0.3,0.5,1.0,3.0,3.57,2.79,7.0,1.41,10.0,0.9,0.2,0.6,21.4,24.6,47.4,32.0,7.0,17.2,10.0,0.9,0.2,0.6,0.91,0.93,1.52,1.12,7.0,0.34,10.0,0.9,0.2,0.6,7.5,14.0,21.0,15.5,7.0,10.7,10.0,0.9,0.2,0.6,-0.5,0.0,34.4,9.6,7.0,20.1,10.0,0.9,0.2,0.6,0.0,0.0,9.3,4.2,7.0,5.5,10.0,0.9,0.2,0.6,12.6,16.5,67.0,36.0,7.0,33.8,10.0,0.9,0.2,0.6,-28.7,-16.1,15.0,-9.4,7.0,22.2,10.0,0.9,0.2,0.6,3.5,4.0,20.6,11.4,7.0,12.9,10.0,0.9,0.2,0.6,-7.2,-4.7,3.9,-2.3,7.0,8.5,10.0,0.9,0.2,0.6,563.0,2228.5,9505.0,3879.5,8.0,4169.0,12.0,0.9,0.3,0.5,565.0,2230.0,9505.0,3880.0,8.0,4170.0,12.0,0.9,0.3,0.5
1974,2,158.0,47.0,1.06,2.0,3.47,2.38,14.0,1.67,14.0,0.6,0.3,0.4,-2.28,0.0,1.94,-0.19,14.0,2.16,14.0,0.6,0.3,0.4,2.72,3.39,4.19,3.45,10.0,0.75,16.0,0.5,0.2,0.5,74.3,84.1,100.0,86.5,10.0,13.2,16.0,0.5,0.5,4.21,8.2,14.53,8.91,15.0,4.76,14.0,0.5,0.4,0.4,-0.31,5.02,8.29,3.92,15.0,7.43,14.0,0.5,0.4,0.4,-6.65,0.71,2.64,-0.91,15.0,5.94,14.0,0.5,0.4,0.4,993.65,1002.9,1011.62,1001.36,16.0,14.64,14.0,0.6,0.4,0.4,3.5,7.0,7.3,5.7,12.0,2.2,12.0,0.5,0.5,0.4,1.1,25.6,111.3,35.8,15.0,108.0,14.0,0.5,0.4,0.4,-69.7,1.9,23.9,-14.8,15.0,74.9,14.0,0.5,0.4,0.4,-0.24,2.3,4.85,2.07,13.0,2.79,14.0,0.5,0.3,0.4,-1.3,16.3,56.8,24.0,12.0,32.6,16.0,0.5,0.3,0.5,0.14,1.37,1.81,0.98,10.0,0.93,16.0,0.5,0.2,0.5,0.3,7.2,18.9,8.1,10.0,10.3,16.0,0.5,0.2,0.5,-23.1,-6.6,1.1,-8.1,13.0,15.1,16.0,0.5,0.3,0.5,-5.7,4.0,16.8,7.0,13.0,14.7,16.0,0.5,0.3,0.5,-16.7,16.8,35.5,8.4,10.0,33.4,16.0,0.5,0.2,0.5,-20.1,3.6,20.8,2.5,10.0,22.8,16.0,0.5,0.2,0.5,-2.9,6.3,17.1,6.6,10.0,10.1,16.0,0.5,0.2,0.5,-6.9,-0.9,2.5,-2.1,10.0,4.8,16.0,0.5,0.2,0.5,75.0,551.5,3102.5,1286.0,15.0,1483.5,14.0,0.5,0.4,0.4,75.0,550.0,3105.0,1285.0,15.0,1485.0,14.0,0.5,0.4,0.4
1974,2,158.0,48.0,0.0,0.9,1.89,0.95,8.0,2.04,14.0,0.3,0.5,0.4,-2.54,0.1,0.94,-0.7,8.0,2.12,14.0,0.3,0.5,0.4,2.38,3.6,3.69,3.22,6.0,0.66,16.0,0.2,0.6,0.4,73.0,92.0,94.4,85.3,6.0,15.3,16.0,0.2,0.4,4.12,11.05,11.74,8.8,8.0,4.01,14.0,0.3,0.5,0.4,2.12,6.85,10.98,5.28,8.0,7.6,14.0,0.3,0.5,0.4,-3.67,-1.64,3.84,-0.29,8.0,3.85,14.0,0.3,0.5,0.4,981.63,1005.65,1013.19,1001.15,8.0,14.73,14.0,0.3,0.5,0.4,6.6,8.0,8.0,7.3,6.0,1.2,12.0,0.3,0.6,0.5,8.2,64.8,128.6,54.4,8.0,92.9,14.0,0.3,0.5,0.4,-37.3,-6.9,45.6,3.3,8.0,39.8,14.0,0.3,0.5,0.4,0.06,0.7,3.83,1.65,8.0,1.96,14.0,0.3,0.5,0.4,0.6,8.1,12.7,12.3,8.0,17.7,14.0,0.3,0.5,0.4,0.44,0.62,1.31,0.98,6.0,1.05,16.0,0.2,0.6,0.4,3.6,5.8,9.5,6.2,6.0,2.8,16.0,0.2,0.6,0.4,-25.0,-1.0,2.5,-9.7,8.0,19.4,14.0,0.3,0.5,0.4,-3.3,0.0,1.5,-0.1,8.0,9.3,14.0,0.3,0.5,0.4,-2.0,18.7,41.7,15.7,6.0,30.3,16.0,0.2,0.6,0.4,-12.5,4.2,13.6,1.7,6.0,12.5,16.0,0.2,0.6,0.4,1.2,4.3,8.6,4.0,6.0,5.3,16.0,0.2,0.6,0.4,-2.0,0.3,2.6,0.5,6.0,2.7,16.0,0.2,0.6,0.4,71.5,1351.5,1621.0,1026.5,8.0,834.0,14.0,0.3,0.5,0.4,70.0,1350.0,1620.0,1025.0,8.0,835.0,14.0,0.3,0.5,0.4
1974,2,158.0,49.0,0.0,0.5,1.26,0.63,4.0,0.75,16.0,0.5,0.2,0.3,0.0,0.25,1.02,0.5,4.0,0.71,16.0,0.5,0.2,0.3,3.79,3.9,4.22,4.0,4.0,0.29,16.0,0.5,0.2,0.3,100.0,100.0,100.0,100.0,4.0,0.0,16.0,0.5,0.3,7.15,10.0,14.52,10.8,4.0,4.74,16.0,0.5,0.2,0.3,-8.12,-0.53,5.98,-1.05,4.0,8.3,16.0,0.5,0.2,0.3,-5.04,-0.06,10.27,2.49,4.0,9.96,16.0,0.5,0.2,0.3,978.05,998.9,1010.06,994.28,4.0,19.8,16.0,0.5,0.2,0.3,3.3,6.0,7.4,5.3,3.0,3.1,14.0,0.7,0.2,0.3,-110.2,-34.7,44.5,-32.9,4.0,89.9,16.0,0.5,0.2,0.3,-52.5,-4.5,154.0,48.3,4.0,153.9,16.0,0.5,0.2,0.3,-0.26,0.0,0.52,0.13,4.0,0.63,16.0,0.5,0.2,0.3,-3.1,0.0,8.9,2.8,4.0,9.9,16.0,0.5,0.2,0.3,-0.08,0.0,0.16,0.04,4.0,0.19,16.0,0.5,0.2,0.3,-1.0,0.0,2.7,0.8,4.0,3.0,16.0,0.5,0.2,0.3,-9.4,-1.5,0.0,-4.6,4.0,7.3,16.0,0.5,0.2,0.3,-4.6,0.0,4.2,-0.2,4.0,6.9,16.0,0.5,0.2,0.3,-34.7,-2.7,22.7,-5.9,4.0,34.1,16.0,0.5,0.2,0.3,-21.0,-0.2,40.8,9.4,4.0,40.4,16.0,0.5,0.2,0.3,-0.9,0.0,0.8,0.0,4.0,1.4,16.0,0.5,0.2,0.3,0.0,0.5,3.0,1.4,4.0,2.3,16.0,0.5,0.2,0.3,387.5,1097.0,3356.0,1836.5,4.0,2137.5,16.0,0.5,0.2,0.3,385.0,1095.0,3355.0,1835.0,4.0,2140.0,16.0,0.5,0.2,0.3
1974,2,158.0,50.0,0.0,0.75,3.0,1.25,6.0,1.41,16.0,0.8,0.6,0.4,-0.16,0.0,1.52,0.03,7.0,1.69,16.0,0.7,0.6,0.5,3.47,3.75,3.96,3.71,4.0,0.3,14.0,0.8,0.6,0.2,86.5,89.2,92.4,89.4,4.0,3.4,14.0,0.8,0.2,5.7,8.7,9.23,8.34,7.0,2.84,16.0,0.7,0.6,0.5,-4.73,-4.31,1.7,-3.16,7.0,5.19,16.0,0.7,0.6,0.5,-8.21,-6.95,-3.66,-6.28,7.0,2.13,16.0,0.7,0.6,0.5,978.98,989.0,1002.19,993.87,7.0,16.32,16.0,0.7,0.6,0.5,6.2,8.0,8.0,7.0,5.0,2.2,14.0,0.8,0.6,0.5,-35.5,-24.9,15.2,-31.4,7.0,65.1,16.0,0.7,0.6,0.5,-80.6,-65.5,-20.9,-55.6,7.0,30.2,16.0,0.7,0.6,0.5,0.0,0.75,1.1,0.67,6.0,0.61,16.0,0.8,0.6,0.4,0.0,4.5,8.6,4.4,6.0,3.9,16.0,0.8,0.6,0.4,0.47,0.69,0.9,0.68,4.0,0.25,14.0,0.8,0.6,0.2,3.6,4.7,5.1,4.4,4.0,1.1,14.0,0.8,0.6,0.2,-6.7,0.0,0.0,-2.9,7.0,3.8,16.0,0.7,0.6,0.5,-5.6,0.0,1.4,2.3,7.0,12.3,16.0,0.7,0.6,0.5,-17.3,-16.3,-12.6,-15.0,4.0,3.5,14.0,0.8,0.6,0.2,-23.1,-16.6,-14.5,-18.7,4.0,6.1,14.0,0.8,0.6,0.2,-3.9,-2.8,-1.7,-2.8,4.0,1.3,14.0,0.8,0.6,0.2,-3.9,-3.3,-2.6,-3.3,4.0,0.9,14.0,0.8,0.6,0.2,185.0,658.5,822.5,772.0,7.0,875.5,16.0,0.7,0.6,0.5,185.0,660.0,825.0,770.0,7.0,875.0,16.0,0.7,0.6,0.5
1974,2,158.0,51.0,,,,,,,,,,,,,,,,,,,,,,,,,,,,,,,,,,,,,,,,6.2,10.8,14.9,10.68,53.0,5.27,14.0,0.5,0.3,0.6,-8.91,2.05,6.38,-0.5,53.0,7.66,14.0,0.5,0.3,0.6,-12.12,-6.28,3.6,-4.81,53.0,7.85,14.0,0.5,0.3,0.6,999.38,1005.5,1013.34,1004.82,55.0,9.59,12.0,0.5,0.3,0.6,,,,,,,,,,,,,,,,,,,,,,,,,,,,,,,,,,,,,,,,,,,,,,,,,,,,,,,,,,,,,,,,,,,,,,,,,,,,,,,,,,,,,,,,,,,,,,,,,,,,,,,,,,,,,,,,,,,,,,,,,,,,,,,,,,,,,,,,,,,,,,,,,,,,,,
1974,2,158.0,52.0,,,,,,,,,,,,,,,,,,,,,,,,,,,,,,,,,,,,,,,,2.25,7.6,13.0,7.78,84.0,4.9,18.0,0.6,0.5,0.4,-6.89,0.0,7.64,0.42,84.0,6.36,18.0,0.6,0.5,0.4,-9.17,-2.62,2.92,-2.56,84.0,6.17,18.0,0.6,0.5,0.4,989.81,1007.4,1015.38,1004.77,96.0,11.47,16.0,0.6,0.5,0.4,,,,,,,,,,,,,,,,,,,,,,,,,,,,,,,,,,,,,,,,,,,,,,,,,,,,,,,,,,,,,,,,,,,,,,,,,,,,,,,,,,,,,,,,,,,,,,,,,,,,,,,,,,,,,,,,,,,,,,,,,,,,,,,,,,,,,,,,,,,,,,,,,,,,,,
1974,2,159.0,-66.0,1.1,1.1,1.1,1.1,1.0,0.0,6.0,1.0,0.4,0.6,1.2,1.2,1.2,1.2,1.0,0.0,6.0,1.0,0.4,0.6,3.83,3.83,3.83,3.83,1.0,0.0,6.0,1.0,0.4,0.6,89.7,89.7,89.7,89.7,1.0,0.0,6.0,1.0,0.6,3.6,3.6,3.6,3.6,1.0,0.0,6.0,1.0,0.4,0.6,3.55,3.55,3.55,3.55,1.0,0.0,6.0,1.0,0.4,0.6,0.63,0.63,0.63,0.63,1.0,0.0,6.0,1.0,0.4,0.6,977.2,977.2,977.2,977.2,1.0,0.0,6.0,1.0,0.4,0.6,8.0,8.0,8.0,8.0,1.0,0.0,6.0,1.0,0.4,0.6,12.8,12.8,12.8,12.8,1.0,0.0,6.0,1.0,0.4,0.6,2.3,2.3,2.3,2.3,1.0,0.0,6.0,1.0,0.4,0.6,-0.1,-0.1,-0.1,-0.1,1.0,0.0,6.0,1.0,0.4,0.6,-0.4,-0.4,-0.4,-0.4,1.0,0.0,6.0,1.0,0.4,0.6,0.41,0.41,0.41,0.41,1.0,0.0,6.0,1.0,0.4,0.6,1.5,1.5,1.5,1.5,1.0,0.0,6.0,1.0,0.4,0.6,4.3,4.3,4.3,4.3,1.0,0.0,6.0,1.0,0.4,0.6,0.8,0.8,0.8,0.8,1.0,0.0,6.0,1.0,0.4,0.6,13.6,13.6,13.6,13.6,1.0,0.0,6.0,1.0,0.4,0.6,2.4,2.4,2.4,2.4,1.0,0.0,6.0,1.0,0.4,0.6,1.5,1.5,1.5,1.5,1.0,0.0,6.0,1.0,0.4,0.6,0.3,0.3,0.3,0.3,1.0,0.0,6.0,1.0,0.4,0.6,46.5,46.5,46.5,46.5,1.0,0.0,6.0,1.0,0.4,0.6,45.0,45.0,45.0,45.0,1.0,0.0,6.0,1.0,0.4,0.6
1974,2,159.0,-64.0,,,,,,,,,,,,,,,,,,,,,,,,,,,,,,,,,,,,,,,,11.8,11.8,11.8,11.8,1.0,0.0,8.0,1.0,0.0,0.3,-2.05,-2.05,-2.05,-2.05,1.0,0.0,8.0,1.0,0.0,0.3,-11.62,-11.62,-11.62,-11.62,1.0,0.0,8.0,1.0,0.0,0.3,973.9,973.9,973.9,973.9,1.0,0.0,8.0,1.0,0.0,0.3,,,,,,,,,,,,,,,,,,,,,,,,,,,,,,,,,,,,,,,,,,,,,,,,,,,,,,,,,,,,,,,,,,,,,,,,,,,,,,,,,,,,,,,,,,,,,,,,,,,,,,,,,,,,,,,,,,,,,,,,,,,,,,,,,,,,,,,,,,,,,,,,,,,,,,
1974,2,159.0,-62.0,,,,,,,,,,,,,,,,,,,,,,,,,,,,,,,,,,,,,,,,7.2,7.2,7.2,7.2,1.0,0.0,22.0,1.0,0.1,0.5,-2.46,-2.46,-2.46,-2.46,1.0,0.0,22.0,1.0,0.1,0.5,-6.77,-6.77,-6.77,-6.77,1.0,0.0,22.0,1.0,0.1,0.5,1005.1,1005.1,1005.1,1005.1,1.0,0.0,22.0,1.0,0.1,0.5,,,,,,,,,,,,,,,,,,,,,,,,,,,,,,,,,,,,,,,,,,,,,,,,,,,,,,,,,,,,,,,,,,,,,,,,,,,,,,,,,,,,,,,,,,,,,,,,,,,,,,,,,,,,,,,,,,,,,,,,,,,,,,,,,,,,,,,,,,,,,,,,,,,,,,
1974,2,159.0,-45.0,16.0,16.5,17.26,16.63,4.0,0.75,14.0,0.5,0.3,0.8,13.48,14.8,16.33,14.9,4.0,1.76,14.0,0.5,0.3,0.8,7.3,8.94,10.12,8.72,4.0,1.71,14.0,0.5,0.3,0.8,76.6,82.3,88.4,82.5,4.0,9.0,14.0,0.5,0.8,4.84,5.9,6.96,5.9,4.0,1.25,14.0,0.5,0.3,0.8,-0.72,2.67,3.97,1.67,4.0,3.27,14.0,0.5,0.3,0.8,-5.71,-0.8,4.19,-0.76,4.0,5.72,14.0,0.5,0.3,0.8,1011.34,1016.85,1022.2,1016.78,4.0,7.14,14.0,0.5,0.3,0.8,6.0,7.0,7.5,6.8,4.0,1.3,14.0,0.5,0.3,0.8,-2.9,17.4,27.5,12.5,4.0,19.5,14.0,0.5,0.3,0.8,-39.9,-9.1,20.5,-9.7,4.0,35.0,14.0,0.5,0.3,0.8,0.14,2.2,3.26,1.73,4.0,2.03,14.0,0.5,0.3,0.8,0.7,12.3,15.7,8.4,4.0,10.8,14.0,0.5,0.3,0.8,1.54,2.99,4.45,2.99,4.0,1.68,14.0,0.5,0.3,0.8,10.7,15.6,21.7,16.1,4.0,6.5,14.0,0.5,0.3,0.8,-10.9,41.9,64.3,27.4,4.0,49.9,14.0,0.5,0.3,0.8,-93.7,-15.4,56.1,-18.6,4.0,86.8,14.0,0.5,0.3,0.8,-6.9,23.5,40.3,17.0,4.0,30.5,14.0,0.5,0.3,0.8,-57.5,-12.4,30.1,-13.6,4.0,50.6,14.0,0.5,0.3,0.8,-4.2,6.2,7.8,2.0,4.0,9.8,14.0,0.5,0.3,0.8,-8.7,3.2,18.8,4.9,4.0,16.0,14.0,0.5,0.3,0.8,114.0,216.5,338.5,226.0,4.0,132.5,14.0,0.5,0.3,0.8,115.0,215.0,340.0,225.0,4.0,130.0,14.0,0.5,0.3,0.8
1974,2,159.0,-41.0,17.55,18.1,18.65,18.1,2.0,1.13,10.0,0.5,0.5,0.7,16.8,18.1,19.4,18.1,2.0,2.69,10.0,0.5,0.5,0.7,9.7,11.08,12.47,11.08,2.0,2.86,10.0,0.5,0.5,0.7,81.9,85.4,88.9,85.4,2.0,7.2,10.0,0.5,0.7,3.84,4.35,4.86,4.35,2.0,1.06,10.0,0.5,0.5,0.7,-2.19,0.74,3.66,0.74,2.0,6.06,10.0,0.5,0.5,0.7,-0.65,-0.13,0.39,-0.13,2.0,1.07,10.0,0.5,0.5,0.7,1017.59,1020.35,1023.11,1020.35,2.0,5.73,10.0,0.5,0.5,0.7,7.2,7.5,7.8,7.5,2.0,0.7,10.0,0.5,0.5,0.7,-6.7,6.4,19.5,6.4,2.0,27.1,10.0,0.5,0.5,0.7,-3.4,-1.1,1.2,-1.1,2.0,4.8,10.0,0.5,0.5,0.7,-0.75,0.0,0.75,0.0,2.0,1.56,10.0,0.5,0.5,0.7,-4.1,-0.8,2.4,-0.8,2.0,6.8,10.0,0.5,0.5,0.7,0.84,1.74,2.65,1.74,2.0,1.87,10.0,0.5,0.5,0.7,3.6,6.6,9.6,6.6,2.0,6.3,10.0,0.5,0.5,0.7,-32.4,21.5,75.4,21.5,2.0,111.6,10.0,0.5,0.5,0.7,-13.3,-3.8,5.7,-3.8,2.0,19.7,10.0,0.5,0.5,0.7,-16.6,16.9,50.3,16.9,2.0,69.3,10.0,0.5,0.5,0.7,-8.9,-3.0,2.9,-3.0,2.0,12.2,10.0,0.5,0.5,0.7,-8.8,-4.4,0.1,-4.4,2.0,9.2,10.0,0.5,0.5,0.7,0.0,0.8,1.6,0.8,2.0,1.6,10.0,0.5,0.5,0.7,60.5,89.5,119.0,89.5,2.0,61.0,10.0,0.5,0.5,0.7,60.0,90.0,120.0,90.0,2.0,60.0,10.0,0.5,0.5,0.7
1974,2,159.0,-40.0,19.45,19.75,20.52,19.98,4.0,0.73,22.0,0.8,0.5,0.5,18.24,18.75,20.31,19.25,4.0,1.55,22.0,0.8,0.5,0.5,8.77,9.9,12.08,10.4,4.0,2.11,22.0,0.8,0.5,0.5,67.1,76.4,82.6,74.9,4.0,9.3,22.0,0.8,0.5,0.48,2.05,6.87,3.6,4.0,4.65,22.0,0.8,0.5,0.5,0.26,0.7,1.35,0.8,4.0,0.75,22.0,0.8,0.5,0.5,-1.6,0.25,5.55,1.9,4.0,5.72,22.0,0.8,0.5,0.5,1014.43,1019.6,1023.78,1019.13,4.0,5.5,22.0,0.8,0.5,0.5,4.4,7.0,7.0,5.8,4.0,2.5,22.0,0.8,0.5,0.5,0.4,1.3,10.4,5.2,4.0,8.8,22.0,0.8,0.5,0.5,-5.0,0.3,55.0,23.9,4.0,53.9,22.0,0.8,0.5,0.5,-0.86,1.25,2.26,0.73,4.0,2.07,22.0,0.8,0.5,0.5,-3.4,0.3,13.7,4.9,4.0,14.2,22.0,0.8,0.5,0.5,2.6,4.99,5.4,4.05,4.0,2.21,22.0,0.8,0.5,0.5,1.1,3.9,27.5,13.8,4.0,22.6,22.0,0.8,0.5,0.5,5.5,14.0,25.2,15.3,4.0,13.7,22.0,0.8,0.5,0.5,-34.4,4.8,102.8,32.9,4.0,108.5,22.0,0.8,0.5,0.5,3.4,7.3,13.7,8.5,4.0,8.1,22.0,0.8,0.5,0.5,-21.1,2.2,59.7,18.5,4.0,64.3,22.0,0.8,0.5,0.5,0.2,2.5,6.5,3.3,4.0,3.9,22.0,0.8,0.5,0.5,-1.2,1.3,25.8,11.8,4.0,23.5,22.0,0.8,0.5,0.5,0.5,15.5,586.5,281.0,4.0,541.5,22.0,0.8,0.5,0.5,0.0,15.0,585.0,280.0,4.0,540.0,22.0,0.8,0.5,0.5
1974,2,159.0,-38.0,21.16,24.0,24.0,22.86,5.0,1.56,14.0,0.4,0.6,0.6,19.6,21.0,21.37,20.58,5.0,1.18,14.0,0.4,0.6,0.6,9.28,9.86,13.56,11.08,5.0,2.3,14.0,0.4,0.6,0.6,63.4,70.4,84.6,73.4,5.0,11.3,14.0,0.4,0.6,6.52,7.7,10.98,8.76,5.0,3.11,14.0,0.4,0.6,0.6,-3.59,-2.41,3.5,-0.38,5.0,4.27,14.0,0.4,0.6,0.6,1.01,5.13,10.55,5.34,5.0,7.18,14.0,0.4,0.6,0.6,1012.95,1017.8,1019.45,1016.52,5.0,3.89,14.0,0.4,0.6,0.6,3.3,5.0,6.4,4.8,5.0,1.9,14.0,0.4,0.6,0.6,-31.0,-28.9,24.9,-6.7,5.0,34.8,14.0,0.4,0.6,0.6,8.6,38.1,121.1,61.6,5.0,83.3,14.0,0.4,0.6,0.6,1.67,2.3,3.0,2.28,5.0,0.79,14.0,0.4,0.6,0.6,11.6,20.1,26.3,19.6,5.0,8.7,14.0,0.4,0.6,0.6,5.07,6.11,7.31,6.28,5.0,1.48,14.0,0.4,0.6,0.6,36.3,58.0,69.6,54.8,5.0,21.0,14.0,0.4,0.6,0.6,-73.4,-45.6,74.9,-5.8,5.0,89.0,14.0,0.4,0.6,0.6,19.2,107.8,205.4,103.4,5.0,143.9,14.0,0.4,0.6,0.6,-33.5,-22.9,47.5,3.0,5.0,50.7,14.0,0.4,0.6,0.6,3.1,66.9,96.9,49.1,5.0,77.8,14.0,0.4,0.6,0.6,-26.8,-14.8,17.7,-6.4,5.0,26.7,14.0,0.4,0.6,0.6,5.6,44.4,66.8,36.4,5.0,42.1,14.0,0.4,0.6,0.6,278.0,456.5,1491.5,897.0,5.0,1023.5,14.0,0.4,0.6,0.6,280.0,455.0,1490.0,895.0,5.0,1025.0,14.0,0.4,0.6,0.6
1974,2,159.0,-37.0,22.5,22.5,22.84,22.67,3.0,0.29,6.0,0.7,0.7,0.5,22.32,23.0,23.0,22.67,3.0,0.58,6.0,0.7,0.7,0.5,12.02,12.82,14.03,13.02,3.0,1.48,6.0,0.7,0.7,0.5,68.9,73.4,83.7,76.2,3.0,11.1,6.0,0.7,0.5,6.84,9.3,10.67,8.77,3.0,2.84,6.0,0.7,0.7,0.5,-5.81,-0.99,2.32,-1.73,3.0,5.99,6.0,0.7,0.7,0.5,-2.36,4.65,8.72,3.22,3.0,8.21,6.0,0.7,0.7,0.5,1010.54,1013.0,1013.27,1011.93,3.0,2.2,6.0,0.7,0.7,0.5,2.3,3.0,6.4,4.3,3.0,3.2,6.0,0.7,0.7,0.5,-52.9,-5.6,28.0,-12.3,3.0,59.6,6.0,0.7,0.7,0.5,-8.1,43.2,95.6,43.7,3.0,76.0,6.0,0.7,0.7,0.5,-0.34,0.0,0.34,0.0,3.0,0.5,6.0,0.7,0.7,0.5,-3.9,0.0,3.2,-0.3,3.0,5.2,6.0,0.7,0.7,0.5,2.99,4.16,5.32,4.15,3.0,1.71,6.0,0.7,0.7,0.5,26.1,33.4,42.7,34.4,3.0,12.1,6.0,0.7,0.7,0.5,-128.2,-22.8,53.5,-37.0,3.0,133.6,6.0,0.7,0.7,0.5,-55.7,102.3,199.2,72.5,3.0,188.4,6.0,0.7,0.7,0.5,-83.9,-11.5,30.2,-26.5,3.0,84.5,6.0,0.7,0.7,0.5,-23.1,67.9,114.4,46.2,3.0,102.5,6.0,0.7,0.7,0.5,-15.3,-5.8,9.1,-3.1,3.0,18.0,6.0,0.7,0.7,0.5,-18.8,11.4,33.7,7.5,3.0,38.7,6.0,0.7,0.7,0.5,381.5,804.5,1240.0,811.0,3.0,629.0,6.0,0.7,0.7,0.5,380.0,805.0,1240.0,810.0,3.0,630.0,6.0,0.7,0.7,0.5
1974,2,159.0,-35.0,24.31,25.0,25.31,24.6,7.0,1.02,14.0,0.4,0.4,0.7,21.99,23.2,23.51,22.79,7.0,0.86,14.0,0.4,0.4,0.7,11.84,13.22,14.52,13.26,7.0,1.5,14.0,0.4,0.4,0.7,69.5,74.9,86.5,77.0,7.0,7.9,14.0,0.4,0.7,4.55,7.7,14.45,8.89,7.0,4.59,14.0,0.4,0.4,0.7,-7.86,-2.31,4.75,-1.27,7.0,8.6,14.0,0.4,0.4,0.7,-1.41,4.93,7.8,3.72,7.0,4.61,14.0,0.4,0.4,0.7,1010.69,1015.6,1019.74,1015.04,7.0,4.47,14.0,0.4,0.4,0.7,3.0,4.0,6.0,4.4,7.0,1.7,14.0,0.4,0.4,0.7,-65.4,-8.3,36.8,-9.2,7.0,118.4,14.0,0.4,0.4,0.7,-10.5,34.4,97.1,43.7,7.0,52.5,14.0,0.4,0.4,0.7,1.07,1.2,3.33,1.81,7.0,1.27,14.0,0.4,0.4,0.7,4.9,8.0,51.1,20.0,7.0,23.0,14.0,0.4,0.4,0.7,3.71,5.71,8.2,6.03,7.0,2.45,14.0,0.4,0.4,0.7,23.6,29.1,125.8,58.4,7.0,50.7,14.0,0.4,0.4,0.7,-181.5,-53.9,111.6,-30.0,7.0,190.3,14.0,0.4,0.4,0.7,-32.9,106.9,171.6,82.5,7.0,103.1,14.0,0.4,0.4,0.7,-117.7,-30.6,59.4,-21.5,7.0,103.3,14.0,0.4,0.4,0.7,-21.4,54.4,93.9,46.7,7.0,63.2,14.0,0.4,0.4,0.7,-32.4,-13.2,35.0,-1.5,7.0,71.6,14.0,0.4,0.4,0.7,-5.6,23.8,47.8,23.4,7.0,28.1,14.0,0.4,0.4,0.7,95.0,456.5,3018.0,1211.5,7.0,1482.0,14.0,0.4,0.4,0.7,95.0,455.0,3020.0,1210.0,7.0,1480.0,14.0,0.4,0.4,0.7
1974,2,159.0,-34.0,23.35,24.1,25.12,24.23,3.0,1.31,18.0,0.7,0.5,0.2,21.36,21.7,22.66,22.0,3.0,0.98,18.0,0.7,0.5,0.2,9.03,12.6,15.82,12.43,3.0,4.98,18.0,0.7,0.5,0.2,57.1,80.9,92.3,74.9,3.0,26.3,18.0,0.7,0.2,7.53,9.3,9.64,8.6,3.0,1.66,18.0,0.7,0.5,0.2,-7.98,-5.13,-2.79,-5.38,3.0,3.81,18.0,0.7,0.5,0.2,1.37,4.31,7.95,4.65,3.0,4.83,18.0,0.7,0.5,0.2,1009.08,1017.0,1017.82,1013.53,3.0,7.07,18.0,0.7,0.5,0.2,4.6,8.0,8.0,6.3,3.0,2.9,18.0,0.7,0.5,0.2,-70.0,-34.4,-22.3,-45.9,3.0,36.3,18.0,0.7,0.5,0.2,9.2,28.9,73.7,41.1,3.0,48.5,18.0,0.7,0.5,0.2,1.68,2.5,2.77,2.23,3.0,0.83,18.0,0.7,0.5,0.2,14.9,19.4,22.0,18.5,3.0,5.3,18.0,0.7,0.5,0.2,4.19,6.03,8.79,6.48,3.0,3.39,18.0,0.7,0.5,0.2,34.0,40.4,80.2,56.7,3.0,36.6,18.0,0.7,0.5,0.2,-181.2,-108.8,-59.7,-120.2,3.0,89.5,18.0,0.7,0.5,0.2,29.0,91.3,171.9,100.2,3.0,105.0,18.0,0.7,0.5,0.2,-130.5,-64.6,-29.1,-79.4,3.0,75.4,18.0,0.7,0.5,0.2,17.2,54.2,65.8,41.8,3.0,37.2,18.0,0.7,0.5,0.2,-31.0,-31.0,-21.5,-26.4,3.0,8.0,18.0,0.7,0.5,0.2,8.2,26.0,74.6,41.1,3.0,50.3,18.0,0.7,0.5,0.2,460.5,804.5,898.0,682.0,3.0,337.5,18.0,0.7,0.5,0.2,460.0,805.0,900.0,680.0,3.0,335.0,18.0,0.7,0.5,0.2
1974,2,159.0,-32.0,24.59,25.0,25.75,25.17,3.0,0.86,18.0,1.0,0.2,0.6,22.4,23.9,24.51,23.47,3.0,1.59,18.0,1.0,0.2,0.6,12.41,13.02,14.09,13.24,3.0,1.24,18.0,1.0,0.2,0.6,67.4,78.3,80.2,73.9,3.0,10.1,18.0,1.0,0.6,6.73,11.3,15.87,11.3,3.0,6.7,18.0,1.0,0.2,0.6,-7.86,-6.16,-0.38,-4.17,3.0,5.74,18.0,1.0,0.2,0.6,5.02,7.26,13.85,9.39,3.0,6.72,18.0,1.0,0.2,0.6,1006.32,1011.3,1014.92,1010.63,3.0,6.33,18.0,1.0,0.2,0.6,5.0,7.0,7.7,6.3,3.0,2.1,18.0,1.0,0.2,0.6,-106.7,-97.8,-23.8,-66.0,3.0,66.7,18.0,1.0,0.2,0.6,38.6,82.1,233.9,135.0,3.0,150.2,18.0,1.0,0.2,0.6,0.43,2.2,2.95,1.7,3.0,1.9,18.0,1.0,0.2,0.6,10.6,37.3,38.9,25.0,3.0,23.3,18.0,1.0,0.2,0.6,6.7,6.74,6.9,6.8,3.0,0.15,18.0,1.0,0.2,0.6,45.9,75.5,106.8,76.3,3.0,44.6,18.0,1.0,0.2,0.6,-174.9,-147.1,-7.8,-92.6,3.0,131.2,18.0,1.0,0.2,0.6,117.5,157.6,326.0,220.2,3.0,162.1,18.0,1.0,0.2,0.6,-105.4,-89.8,-9.5,-58.2,3.0,75.4,18.0,1.0,0.2,0.6,63.0,94.6,198.4,129.9,3.0,103.8,18.0,1.0,0.2,0.6,-52.7,-41.5,-2.2,-27.8,3.0,38.8,18.0,1.0,0.2,0.6,34.4,48.5,93.2,63.4,3.0,45.0,18.0,1.0,0.2,0.6,524.5,1443.0,4439.0,2457.5,3.0,2999.0,18.0,1.0,0.2,0.6,525.0,1445.0,4440.0,2455.0,3.0,3000.0,18.0,1.0,0.2,0.6
1974,2,159.0,-31.0,22.83,24.0,25.6,24.12,5.0,1.49,10.0,1.0,0.1,0.4,24.31,25.55,26.32,25.33,4.0,1.36,8.0,1.0,0.1,0.4,15.35,15.63,16.67,15.99,4.0,1.01,8.0,1.0,0.1,0.4,73.3,75.0,86.9,79.8,4.0,11.5,8.0,1.0,0.4,5.84,7.7,11.19,8.47,4.0,3.92,8.0,1.0,0.1,0.4,-6.09,-1.48,3.54,-1.28,4.0,6.53,8.0,1.0,0.1,0.4,-3.02,2.87,9.48,3.22,4.0,7.25,8.0,1.0,0.1,0.4,1007.97,1012.4,1014.37,1011.23,4.0,4.83,8.0,1.0,0.1,0.4,2.4,5.5,7.0,4.8,4.0,2.9,8.0,1.0,0.1,0.4,-71.5,-6.8,25.5,-22.3,4.0,73.0,8.0,1.0,0.1,0.4,-17.0,25.5,109.6,45.3,4.0,79.1,8.0,1.0,0.1,0.4,-3.26,-1.1,0.07,-1.57,4.0,2.17,8.0,1.0,0.1,0.4,-23.7,-11.6,0.3,-11.7,4.0,14.1,8.0,1.0,0.1,0.4,0.54,2.02,4.35,2.43,4.0,2.37,8.0,1.0,0.1,0.4,2.9,21.7,41.5,22.2,4.0,22.3,8.0,1.0,0.1,0.4,-158.8,-39.5,89.3,-35.0,4.0,167.3,8.0,1.0,0.1,0.4,-78.8,65.3,236.2,78.1,4.0,183.9,8.0,1.0,0.1,0.4,-94.7,-23.3,54.0,-20.5,4.0,100.4,8.0,1.0,0.1,0.4,-47.0,52.9,154.5,53.7,4.0,116.4,8.0,1.0,0.1,0.4,-15.9,-1.3,19.3,1.6,4.0,26.7,8.0,1.0,0.1,0.4,-8.5,-0.7,18.3,4.6,4.0,20.2,8.0,1.0,0.1,0.4,228.5,462.5,1669.5,927.0,4.0,1187.5,8.0,1.0,0.1,0.4,230.0,460.0,1670.0,925.0,4.0,1185.0,8.0,1.0,0.1,0.4
1974,2,159.0,-30.0,24.4,24.4,24.4,24.4,1.0,0.0,8.0,1.0,0.8,1.0,24.0,24.0,24.0,24.0,1.0,0.0,8.0,1.0,0.8,1.0,16.07,16.07,16.07,16.07,1.0,0.0,8.0,1.0,0.8,1.0,86.4,86.4,86.4,86.4,1.0,0.0,8.0,1.0,1.0,4.1,4.1,4.1,4.1,1.0,0.0,8.0,1.0,0.8,1.0,1.4,1.4,1.4,1.4,1.0,0.0,8.0,1.0,0.8,1.0,3.85,3.85,3.85,3.85,1.0,0.0,8.0,1.0,0.8,1.0,1012.6,1012.6,1012.6,1012.6,1.0,0.0,8.0,1.0,0.8,1.0,8.0,8.0,8.0,8.0,1.0,0.0,8.0,1.0,0.8,1.0,5.7,5.7,5.7,5.7,1.0,0.0,8.0,1.0,0.8,1.0,15.8,15.8,15.8,15.8,1.0,0.0,8.0,1.0,0.8,1.0,0.4,0.4,0.4,0.4,1.0,0.0,8.0,1.0,0.8,1.0,1.6,1.6,1.6,1.6,1.0,0.0,8.0,1.0,0.8,1.0,3.01,3.01,3.01,3.01,1.0,0.0,8.0,1.0,0.8,1.0,12.3,12.3,12.3,12.3,1.0,0.0,8.0,1.0,0.8,1.0,33.7,33.7,33.7,33.7,1.0,0.0,8.0,1.0,0.8,1.0,92.5,92.5,92.5,92.5,1.0,0.0,8.0,1.0,0.8,1.0,22.5,22.5,22.5,22.5,1.0,0.0,8.0,1.0,0.8,1.0,61.9,61.9,61.9,61.9,1.0,0.0,8.0,1.0,0.8,1.0,4.2,4.2,4.2,4.2,1.0,0.0,8.0,1.0,0.8,1.0,11.6,11.6,11.6,11.6,1.0,0.0,8.0,1.0,0.8,1.0,69.0,69.0,69.0,69.0,1.0,0.0,8.0,1.0,0.8,1.0,70.0,70.0,70.0,70.0,1.0,0.0,8.0,1.0,0.8,1.0
1974,2,159.0,-29.0,26.0,26.0,26.0,26.0,1.0,0.0,8.0,1.0,0.3,1.0,27.0,27.0,27.0,27.0,1.0,0.0,8.0,1.0,0.3,1.0,19.65,19.65,19.65,19.65,1.0,0.0,8.0,1.0,0.3,1.0,88.3,88.3,88.3,88.3,1.0,0.0,8.0,1.0,1.0,1.5,1.5,1.5,1.5,1.0,0.0,8.0,1.0,0.3,1.0,0.51,0.51,0.51,0.51,1.0,0.0,8.0,1.0,0.3,1.0,1.41,1.41,1.41,1.41,1.0,0.0,8.0,1.0,0.3,1.0,1013.5,1013.5,1013.5,1013.5,1.0,0.0,8.0,1.0,0.3,1.0,6.0,6.0,6.0,6.0,1.0,0.0,8.0,1.0,0.3,1.0,0.8,0.8,0.8,0.8,1.0,0.0,8.0,1.0,0.3,1.0,2.1,2.1,2.1,2.1,1.0,0.0,8.0,1.0,0.3,1.0,-1.0,-1.0,-1.0,-1.0,1.0,0.0,8.0,1.0,0.3,1.0,-1.5,-1.5,-1.5,-1.5,1.0,0.0,8.0,1.0,0.3,1.0,1.35,1.35,1.35,1.35,1.0,0.0,8.0,1.0,0.3,1.0,2.0,2.0,2.0,2.0,1.0,0.0,8.0,1.0,0.3,1.0,13.9,13.9,13.9,13.9,1.0,0.0,8.0,1.0,0.3,1.0,38.1,38.1,38.1,38.1,1.0,0.0,8.0,1.0,0.3,1.0,10.1,10.1,10.1,10.1,1.0,0.0,8.0,1.0,0.3,1.0,27.7,27.7,27.7,27.7,1.0,0.0,8.0,1.0,0.3,1.0,0.7,0.7,0.7,0.7,1.0,0.0,8.0,1.0,0.3,1.0,1.9,1.9,1.9,1.9,1.0,0.0,8.0,1.0,0.3,1.0,3.5,3.5,3.5,3.5,1.0,0.0,8.0,1.0,0.3,1.0,5.0,5.0,5.0,5.0,1.0,0.0,8.0,1.0,0.3,1.0
1974,2,159.0,-28.0,24.79,25.3,25.6,25.2,4.0,0.49,6.0,0.3,0.4,0.5,24.09,24.4,24.71,24.4,4.0,0.49,6.0,0.3,0.4,0.5,16.16,16.34,17.07,16.61,4.0,0.68,6.0,0.3,0.4,0.5,83.1,85.7,91.1,87.0,4.0,5.9,6.0,0.3,0.5,2.6,3.6,8.63,5.53,4.0,4.61,6.0,0.3,0.4,0.5,-2.41,1.28,2.56,0.13,4.0,3.38,6.0,0.3,0.4,0.5,-0.45,-0.23,6.44,2.85,4.0,6.3,6.0,0.3,0.4,0.5,1007.83,1009.9,1011.6,1009.73,4.0,2.18,6.0,0.3,0.4,0.5,1.0,2.5,6.1,3.5,4.0,3.3,6.0,0.3,0.4,0.5,-11.1,3.3,6.7,-2.0,4.0,13.2,6.0,0.3,0.4,0.5,-1.2,-0.6,79.3,37.2,4.0,76.0,6.0,0.3,0.4,0.5,0.38,1.0,1.2,0.8,4.0,0.57,6.0,0.3,0.4,0.5,1.5,3.1,6.6,4.0,4.0,4.1,6.0,0.3,0.4,0.5,2.72,3.89,4.2,3.48,4.0,1.15,6.0,0.3,0.4,0.5,10.9,14.2,19.8,15.3,4.0,5.5,6.0,0.3,0.4,0.5,-60.2,31.2,62.5,2.5,4.0,83.7,6.0,0.3,0.4,0.5,-11.0,-5.5,153.4,67.7,4.0,150.1,6.0,0.3,0.4,0.5,-38.9,20.7,41.9,2.4,4.0,54.7,6.0,0.3,0.4,0.5,-7.4,-3.7,113.5,50.5,4.0,110.8,6.0,0.3,0.4,0.5,-9.0,5.2,10.8,1.1,4.0,13.2,6.0,0.3,0.4,0.5,-1.9,-0.9,11.6,4.6,4.0,11.8,6.0,0.3,0.4,0.5,17.5,57.5,1021.5,498.5,4.0,909.0,6.0,0.3,0.4,0.5,20.0,55.0,1020.0,500.0,4.0,910.0,6.0,0.3,0.4,0.5
1974,2,159.0,-27.0,25.02,26.15,27.28,26.15,2.0,2.33,10.0,0.5,0.7,0.4,25.21,25.45,25.69,25.45,2.0,0.49,10.0,0.5,0.7,0.4,18.16,18.63,19.09,18.63,2.0,0.95,10.0,0.5,0.7,0.4,87.8,91.6,95.3,91.6,2.0,7.8,10.0,0.5,0.4,4.73,8.25,11.77,8.25,2.0,7.28,10.0,0.5,0.7,0.4,-8.8,-5.66,-2.52,-5.66,2.0,6.51,10.0,0.5,0.7,0.4,3.82,5.76,7.71,5.76,2.0,4.03,10.0,0.5,0.7,0.4,1007.55,1009.8,1012.05,1009.8,2.0,4.67,10.0,0.5,0.7,0.4,2.5,3.5,4.5,3.5,2.0,2.1,10.0,0.5,0.7,0.4,-116.2,-70.4,-24.6,-70.4,2.0,94.9,10.0,0.5,0.7,0.4,25.9,62.2,98.5,62.2,2.0,75.2,10.0,0.5,0.7,0.4,-0.67,0.7,2.07,0.7,2.0,2.83,10.0,0.5,0.7,0.4,-13.3,-4.5,4.3,-4.5,2.0,18.2,10.0,0.5,0.7,0.4,1.79,2.72,3.65,2.72,2.0,1.92,10.0,0.5,0.7,0.4,13.5,15.4,17.3,15.4,2.0,3.9,10.0,0.5,0.7,0.4,-227.0,-145.7,-64.4,-145.7,2.0,168.5,10.0,0.5,0.7,0.4,96.8,147.7,198.6,147.7,2.0,105.4,10.0,0.5,0.7,0.4,-158.3,-102.4,-46.5,-102.4,2.0,115.8,10.0,0.5,0.7,0.4,71.8,105.4,139.0,105.4,2.0,69.6,10.0,0.5,0.7,0.4,-12.4,-9.1,-5.9,-9.1,2.0,6.8,10.0,0.5,0.7,0.4,11.7,11.8,11.9,11.8,2.0,0.1,10.0,0.5,0.7,0.4,407.0,1218.0,2029.0,1218.0,2.0,1680.5,10.0,0.5,0.7,0.4,405.0,1220.0,2030.0,1220.0,2.0,1680.0,10.0,0.5,0.7,0.4
1974,2,159.0,-26.0,26.1,26.1,26.1,26.1,1.0,0.0,14.0,1.0,0.8,0.7,25.27,26.05,26.83,26.05,2.0,1.63,12.0,0.5,0.5,0.7,17.35,19.49,21.63,19.49,2.0,4.43,12.0,0.5,0.5,0.7,85.6,91.5,97.3,91.5,2.0,12.1,12.0,0.5,0.7,0.81,2.55,4.29,2.55,2.0,3.61,12.0,0.5,0.5,0.7,-3.72,-2.21,-0.7,-2.21,2.0,3.12,12.0,0.5,0.5,0.7,-2.15,-1.27,-0.4,-1.27,2.0,1.8,12.0,0.5,0.5,0.7,1007.89,1008.95,1010.01,1008.95,2.0,2.19,12.0,0.5,0.5,0.7,2.3,3.0,3.7,3.0,2.0,1.4,12.0,0.5,0.5,0.7,-19.0,-11.3,-3.6,-11.3,2.0,15.9,12.0,0.5,0.5,0.7,-10.9,-6.5,-2.1,-6.5,2.0,9.2,12.0,0.5,0.5,0.7,-1.1,-1.1,-1.1,-1.1,1.0,0.0,14.0,1.0,0.8,0.7,-5.6,-5.6,-5.6,-5.6,1.0,0.0,14.0,1.0,0.8,0.7,-1.44,-1.44,-1.44,-1.44,1.0,0.0,14.0,1.0,0.8,0.7,-7.3,-7.3,-7.3,-7.3,1.0,0.0,14.0,1.0,0.8,0.7,-101.1,-60.1,-19.1,-60.1,2.0,84.9,12.0,0.5,0.5,0.7,-58.4,-34.7,-11.0,-34.7,2.0,49.0,12.0,0.5,0.5,0.7,-84.1,-50.0,-15.9,-50.0,2.0,70.7,12.0,0.5,0.5,0.7,-48.5,-28.8,-9.2,-28.8,2.0,40.8,12.0,0.5,0.5,0.7,6.4,6.4,6.4,6.4,1.0,0.0,14.0,1.0,0.8,0.7,3.7,3.7,3.7,3.7,1.0,0.0,14.0,1.0,0.8,0.7,21.0,66.5,111.5,66.5,2.0,94.0,12.0,0.5,0.5,0.7,20.0,65.0,110.0,65.0,2.0,95.0,12.0,0.5,0.5,0.7
1974,2,159.0,-25.0,,,,,,,,,,,,,,,,,,,,,,,,,,,,,,,,,,,,,,,,0.0,0.0,0.0,0.0,1.0,0.0,14.0,0.0,0.2,0.1,0.0,0.0,0.0,0.0,1.0,0.0,14.0,0.0,0.2,0.1,0.0,0.0,0.0,0.0,1.0,0.0,14.0,0.0,0.2,0.1,1009.0,1009.0,1009.0,1009.0,1.0,0.0,14.0,0.0,0.2,0.1,,,,,,,,,,,,,,,,,,,,,,,,,,,,,,,,,,,,,,,,,,,,,,,,,,,,,,,,,,,,,,,,,,,,,,,,,,,,,,,,,,,,,,,,,,,,,,,,,,,,,,,,,,,,,,,,,,,,,,,,,,,,,,,,,,,,,,,,,,,,,,,,,,,,,,
1974,2,159.0,-22.0,,,,,,,,,,,,,,,,,,,,,,,,,,,,,,,,,,,,,,,,8.2,8.2,8.2,8.2,1.0,0.0,24.0,1.0,0.6,1.0,2.8,2.8,2.8,2.8,1.0,0.0,24.0,1.0,0.6,1.0,7.71,7.71,7.71,7.71,1.0,0.0,24.0,1.0,0.6,1.0,1009.7,1009.7,1009.7,1009.7,1.0,0.0,24.0,1.0,0.6,1.0,,,,,,,,,,,,,,,,,,,,,,,,,,,,,,,,,,,,,,,,,,,,,,,,,,,,,,,,,,,,,,,,,,,,,,,,,,,,,,,,,,,,,,,,,,,,,,,,,,,,,,,,,,,,,,,,,,,,,,,,,,,,,,,,,,,,,,,,,,,,,,,,,,,,,,
1974,2,159.0,-18.0,28.15,28.7,29.3,28.73,4.0,0.67,10.0,0.8,0.2,0.5,27.34,27.65,29.0,28.15,4.0,1.32,10.0,0.8,0.2,0.5,19.25,20.52,20.7,20.0,4.0,1.21,10.0,0.8,0.2,0.5,78.7,83.8,87.9,83.3,4.0,5.4,10.0,0.8,0.5,2.92,3.6,6.06,4.47,3.0,2.42,12.0,0.7,0.3,0.5,-3.24,-2.46,-1.67,-2.45,3.0,1.15,12.0,0.7,0.3,0.5,-4.62,0.0,1.54,-1.5,3.0,4.69,12.0,0.7,0.3,0.5,1003.22,1005.1,1005.36,1004.33,4.0,1.83,10.0,0.8,0.2,0.5,3.0,5.0,6.0,4.5,4.0,1.9,10.0,0.8,0.2,0.5,-16.2,-13.0,-6.4,-11.4,3.0,7.3,12.0,0.7,0.3,0.5,-33.3,0.0,4.0,-14.3,3.0,30.0,12.0,0.7,0.3,0.5,-0.28,0.5,1.44,0.58,4.0,1.27,10.0,0.8,0.2,0.5,-4.0,1.4,4.4,0.2,3.0,6.2,12.0,0.7,0.3,0.5,3.59,4.21,6.33,4.92,4.0,1.94,10.0,0.8,0.2,0.5,15.2,20.0,30.0,22.5,3.0,11.0,12.0,0.7,0.3,0.5,-91.8,-74.1,-47.7,-69.9,3.0,32.6,12.0,0.7,0.3,0.5,-139.0,0.0,41.8,-47.5,3.0,138.7,12.0,0.7,0.3,0.5,-66.9,-51.2,-32.4,-49.7,3.0,25.3,12.0,0.7,0.3,0.5,-96.0,0.0,28.0,-33.2,3.0,95.2,12.0,0.7,0.3,0.5,-12.6,-11.8,-10.6,-11.6,3.0,1.5,12.0,0.7,0.3,0.5,-22.2,0.0,11.8,-5.1,3.0,25.3,12.0,0.7,0.3,0.5,27.0,46.5,269.5,146.0,3.0,197.5,12.0,0.7,0.3,0.5,25.0,45.0,270.0,145.0,3.0,195.0,12.0,0.7,0.3,0.5
1974,2,159.0,-17.0,28.14,28.4,28.76,28.45,4.0,0.42,20.0,0.3,0.3,0.4,26.88,27.55,27.9,27.4,4.0,0.67,20.0,0.3,0.3,0.4,17.08,17.58,18.34,17.7,4.0,0.78,20.0,0.3,0.3,0.4,72.4,76.3,82.9,77.6,4.0,6.6,20.0,0.3,0.4,4.08,4.6,5.44,4.75,4.0,1.08,20.0,0.3,0.3,0.4,-5.4,-3.17,-1.28,-3.33,4.0,2.48,20.0,0.3,0.3,0.4,-2.75,-0.4,1.63,-0.55,4.0,3.14,20.0,0.3,0.3,0.4,1007.17,1008.95,1010.47,1008.83,4.0,2.0,20.0,0.3,0.3,0.4,2.5,4.0,6.6,4.5,4.0,2.6,20.0,0.3,0.3,0.4,-30.1,-13.7,-5.0,-17.4,4.0,15.9,20.0,0.3,0.3,0.4,-12.7,-1.8,5.9,-3.3,4.0,13.3,20.0,0.3,0.3,0.4,0.58,1.0,1.52,1.05,4.0,0.74,20.0,0.3,0.3,0.4,2.7,5.4,6.7,4.7,4.0,2.8,20.0,0.3,0.3,0.4,5.96,6.38,7.49,6.71,4.0,1.1,20.0,0.3,0.3,0.4,25.4,34.2,38.1,31.9,4.0,8.2,20.0,0.3,0.3,0.4,-148.6,-86.8,-34.4,-91.3,4.0,68.1,20.0,0.3,0.3,0.4,-77.0,-11.1,43.3,-16.6,4.0,86.2,20.0,0.3,0.3,0.4,-95.4,-55.7,-23.1,-59.1,4.0,44.0,20.0,0.3,0.3,0.4,-46.8,-6.9,30.5,-8.1,4.0,55.5,20.0,0.3,0.3,0.4,-34.3,-20.2,-8.4,-21.3,4.0,15.2,20.0,0.3,0.3,0.4,-22.2,-2.6,9.4,-6.2,4.0,23.1,20.0,0.3,0.3,0.4,71.0,97.5,171.0,120.0,4.0,82.5,20.0,0.3,0.3,0.4,70.0,95.0,170.0,120.0,4.0,80.0,20.0,0.3,0.3,0.4
1974,2,159.0,-16.0,28.43,28.5,28.57,28.5,2.0,0.14,6.0,0.0,0.6,0.3,26.36,26.5,26.64,26.5,2.0,0.28,6.0,0.0,0.6,0.3,17.85,18.36,18.88,18.36,2.0,1.06,6.0,0.0,0.6,0.3,81.5,84.5,87.4,84.5,2.0,6.1,6.0,0.0,0.3,4.51,5.4,6.29,5.4,2.0,1.84,6.0,0.0,0.6,0.3,-0.24,0.79,1.81,0.79,2.0,2.12,6.0,0.0,0.6,0.3,-5.94,-5.17,-4.4,-5.17,2.0,1.6,6.0,0.0,0.6,0.3,1005.0,1005.85,1006.7,1005.85,2.0,1.77,6.0,0.0,0.6,0.3,6.2,6.5,6.8,6.5,2.0,0.7,6.0,0.0,0.6,0.3,0.0,6.2,12.5,6.2,2.0,12.9,6.0,0.0,0.6,0.3,-38.1,-29.4,-20.6,-29.4,2.0,18.1,6.0,0.0,0.6,0.3,1.93,2.0,2.07,2.0,2.0,0.14,6.0,0.0,0.6,0.3,8.8,10.9,13.1,10.9,2.0,4.4,6.0,0.0,0.6,0.3,5.59,6.18,6.78,6.18,2.0,1.22,6.0,0.0,0.6,0.3,30.0,32.3,34.6,32.3,2.0,4.8,6.0,0.0,0.6,0.3,-6.4,20.6,47.7,20.6,2.0,56.1,6.0,0.0,0.6,0.3,-156.4,-136.7,-117.0,-136.7,2.0,40.9,6.0,0.0,0.6,0.3,-3.6,15.6,34.9,15.6,2.0,39.8,6.0,0.0,0.6,0.3,-112.5,-95.7,-78.9,-95.7,2.0,34.8,6.0,0.0,0.6,0.3,-2.3,3.6,9.5,3.6,2.0,12.2,6.0,0.0,0.6,0.3,-32.7,-31.0,-29.3,-31.0,2.0,3.6,6.0,0.0,0.6,0.3,105.5,185.0,264.0,185.0,2.0,164.0,6.0,0.0,0.6,0.3,105.0,185.0,265.0,185.0,2.0,165.0,6.0,0.0,0.6,0.3
1974,2,159.0,-15.0,28.0,29.0,30.18,29.1,5.0,1.14,18.0,0.4,0.7,0.7,27.4,27.65,29.0,27.97,6.0,0.84,20.0,0.5,0.6,0.6,17.26,20.08,20.9,19.21,5.0,2.29,18.0,0.6,0.7,0.6,74.8,79.0,86.7,80.7,5.0,9.9,18.0,0.6,0.6,1.7,3.1,5.5,3.5,5.0,2.13,22.0,0.4,0.5,0.6,-5.31,-2.91,-0.04,-2.66,5.0,3.09,22.0,0.4,0.5,0.6,-0.64,0.17,1.17,0.17,5.0,1.21,22.0,0.4,0.5,0.6,1001.97,1005.75,1006.47,1004.37,6.0,3.45,20.0,0.5,0.6,0.6,2.0,4.0,7.4,4.6,5.0,2.8,18.0,0.4,0.7,0.7,-29.6,-9.0,0.6,-13.9,5.0,17.3,22.0,0.4,0.5,0.6,-3.2,0.2,3.0,-0.5,5.0,4.9,22.0,0.4,0.5,0.6,0.32,1.0,2.49,1.34,5.0,1.24,18.0,0.4,0.7,0.7,3.2,5.7,10.1,6.6,4.0,5.1,22.0,0.3,0.6,0.8,3.78,6.72,8.83,6.33,4.0,3.19,16.0,0.5,0.8,0.7,14.4,20.1,23.4,18.9,3.0,6.7,20.0,0.3,0.8,0.7,-145.1,-80.1,-2.0,-73.2,5.0,84.9,22.0,0.4,0.5,0.6,-17.2,5.0,32.1,4.8,5.0,33.0,22.0,0.4,0.5,0.6,-75.9,-33.1,5.6,-35.0,4.0,55.1,22.0,0.5,0.6,0.6,-18.0,10.1,20.8,1.8,4.0,27.6,22.0,0.5,0.6,0.6,-19.5,-11.0,7.0,-6.3,3.0,19.8,20.0,0.3,0.8,0.7,0.0,8.5,11.5,5.8,3.0,8.8,20.0,0.3,0.8,0.7,6.0,30.0,171.0,82.0,5.0,102.0,22.0,0.4,0.5,0.6,5.0,30.0,170.0,80.0,5.0,100.0,22.0,0.4,0.5,0.6
1974,2,159.0,-14.0,27.95,28.5,30.05,28.93,7.0,1.43,16.0,0.4,0.2,0.6,26.48,27.0,28.0,27.0,7.0,0.76,16.0,0.4,0.2,0.6,18.88,19.64,20.96,19.32,7.0,2.35,16.0,0.4,0.2,0.6,81.4,85.2,96.1,86.3,7.0,11.6,16.0,0.4,0.6,1.43,5.1,7.25,4.61,7.0,2.99,16.0,0.4,0.2,0.6,-5.12,-2.12,-1.24,-2.79,7.0,2.11,16.0,0.4,0.2,0.6,-5.93,0.0,0.04,-2.54,7.0,3.56,16.0,0.4,0.2,0.6,1004.36,1005.0,1007.6,1005.37,7.0,2.52,16.0,0.4,0.2,0.6,3.0,5.0,8.0,5.4,7.0,2.6,16.0,0.4,0.2,0.6,-26.7,-13.1,-1.9,-15.6,7.0,13.8,16.0,0.4,0.2,0.6,-37.6,0.0,0.1,-19.2,7.0,26.5,16.0,0.4,0.2,0.6,0.95,2.0,3.05,1.93,7.0,1.3,16.0,0.4,0.2,0.6,0.0,12.3,14.7,9.1,7.0,7.8,16.0,0.4,0.2,0.6,3.31,6.87,8.92,5.94,7.0,2.9,16.0,0.4,0.2,0.6,4.8,22.6,38.9,24.3,7.0,18.4,16.0,0.4,0.2,0.6,-133.6,-56.2,-33.4,-75.2,7.0,57.5,16.0,0.4,0.2,0.6,-157.2,0.0,1.0,-68.2,7.0,95.1,16.0,0.4,0.2,0.6,-99.8,-44.4,-23.6,-52.6,7.0,39.8,16.0,0.4,0.2,0.6,-124.5,0.0,0.7,-53.7,7.0,75.7,16.0,0.4,0.2,0.6,-37.9,-7.7,-2.8,-18.4,7.0,18.4,16.0,0.4,0.2,0.6,-21.8,0.0,0.1,-9.6,7.0,13.5,16.0,0.4,0.2,0.6,3.0,132.5,382.0,195.5,7.0,206.0,16.0,0.4,0.2,0.6,5.0,135.0,380.0,195.0,7.0,205.0,16.0,0.4,0.2,0.6
1974,2,159.0,-13.0,27.61,27.85,28.09,27.85,2.0,0.49,10.0,1.0,0.1,0.6,25.52,26.65,27.78,26.65,2.0,2.33,10.0,1.0,0.1,0.6,19.43,19.67,19.91,19.67,2.0,0.5,10.0,1.0,0.1,0.6,83.1,89.9,96.8,89.9,2.0,14.2,10.0,1.0,0.6,2.6,2.6,2.6,2.6,1.0,0.0,16.0,1.0,0.2,0.7,-1.67,-1.67,-1.67,-1.67,1.0,0.0,16.0,1.0,0.2,0.7,1.99,1.99,1.99,1.99,1.0,0.0,16.0,1.0,0.2,0.7,1001.3,1003.25,1005.2,1003.25,2.0,4.03,10.0,1.0,0.1,0.6,4.5,5.5,6.5,5.5,2.0,2.1,10.0,1.0,0.1,0.6,-4.3,-4.3,-4.3,-4.3,1.0,0.0,16.0,1.0,0.2,0.7,5.2,5.2,5.2,5.2,1.0,0.0,16.0,1.0,0.2,0.7,0.31,1.2,2.09,1.2,2.0,1.84,10.0,1.0,0.1,0.6,-0.3,-0.3,-0.3,-0.3,1.0,0.0,16.0,1.0,0.2,0.7,3.48,4.01,4.55,4.01,2.0,1.1,10.0,1.0,0.1,0.6,12.5,12.5,12.5,12.5,1.0,0.0,16.0,1.0,0.2,0.7,-47.3,-47.3,-47.3,-47.3,1.0,0.0,16.0,1.0,0.2,0.7,56.4,56.4,56.4,56.4,1.0,0.0,16.0,1.0,0.2,0.7,-32.3,-32.3,-32.3,-32.3,1.0,0.0,16.0,1.0,0.2,0.7,38.5,38.5,38.5,38.5,1.0,0.0,16.0,1.0,0.2,0.7,-8.0,-8.0,-8.0,-8.0,1.0,0.0,16.0,1.0,0.2,0.7,9.5,9.5,9.5,9.5,1.0,0.0,16.0,1.0,0.2,0.7,17.5,17.5,17.5,17.5,1.0,0.0,16.0,1.0,0.2,0.7,20.0,20.0,20.0,20.0,1.0,0.0,16.0,1.0,0.2,0.7
1974,2,159.0,-12.0,28.12,28.15,28.18,28.15,2.0,0.07,20.0,0.0,0.4,0.3,27.53,27.8,28.96,28.23,3.0,1.12,18.0,0.3,0.5,0.5,17.83,18.69,18.75,18.3,3.0,0.75,18.0,0.3,0.5,0.5,72.9,74.2,79.3,76.1,3.0,5.0,18.0,0.3,0.5,0.91,1.8,2.69,1.8,2.0,1.84,20.0,0.5,0.4,0.5,0.02,0.44,0.86,0.44,2.0,0.87,20.0,0.5,0.4,0.5,0.86,1.69,2.53,1.69,2.0,1.73,20.0,0.5,0.4,0.5,1004.38,1005.2,1007.79,1006.07,3.0,2.61,18.0,0.3,0.5,0.5,1.6,3.0,3.7,2.7,3.0,1.5,18.0,0.3,0.5,0.5,0.4,1.6,2.8,1.6,2.0,2.4,20.0,0.5,0.4,0.5,1.6,4.6,7.6,4.6,2.0,6.2,20.0,0.5,0.4,0.5,0.45,0.55,0.65,0.55,2.0,0.21,20.0,0.0,0.4,0.3,1.2,1.2,1.2,1.2,1.0,0.0,26.0,0.0,0.2,0.1,5.47,5.97,6.47,5.97,2.0,1.03,20.0,0.0,0.4,0.3,20.8,20.8,20.8,20.8,1.0,0.0,26.0,0.0,0.2,0.1,0.4,12.2,24.0,12.2,2.0,24.4,20.0,0.5,0.4,0.5,24.5,47.4,70.3,47.4,2.0,47.5,20.0,0.5,0.4,0.5,0.2,7.6,15.0,7.6,2.0,15.3,20.0,0.5,0.4,0.5,15.4,29.8,44.1,29.8,2.0,29.7,20.0,0.5,0.4,0.5,7.1,7.1,7.1,7.1,1.0,0.0,26.0,0.0,0.2,0.1,19.5,19.5,19.5,19.5,1.0,0.0,26.0,0.0,0.2,0.1,5.0,15.0,25.0,15.0,2.0,21.0,20.0,0.5,0.4,0.5,5.0,15.0,25.0,15.0,2.0,20.0,20.0,0.5,0.4,0.5
1974,2,159.0,-7.0,31.08,31.25,31.42,31.25,2.0,0.35,22.0,0.5,0.4,0.2,27.33,27.6,27.87,27.6,2.0,0.57,22.0,0.5,0.4,0.2,21.2,21.2,21.2,21.2,1.0,0.0,20.0,1.0,0.6,0.2,93.2,93.2,93.2,93.2,1.0,0.0,20.0,1.0,0.2,6.28,6.45,6.62,6.45,2.0,0.35,22.0,0.5,0.4,0.2,-3.91,0.15,4.22,0.15,2.0,8.42,22.0,0.5,0.4,0.2,-2.99,-2.21,-1.44,-2.21,2.0,1.61,22.0,0.5,0.4,0.2,1004.66,1006.3,1007.94,1006.3,2.0,3.39,22.0,0.5,0.4,0.2,7.0,7.0,7.0,7.0,1.0,0.0,20.0,1.0,0.6,0.2,-26.7,-0.5,25.7,-0.5,2.0,54.3,22.0,0.5,0.4,0.2,-19.9,-14.6,-9.2,-14.6,2.0,11.2,22.0,0.5,0.4,0.2,3.55,3.65,3.75,3.65,2.0,0.21,22.0,0.5,0.4,0.2,22.3,23.6,24.9,23.6,2.0,2.7,22.0,0.5,0.4,0.2,7.28,7.28,7.28,7.28,1.0,0.0,20.0,1.0,0.6,0.2,48.8,48.8,48.8,48.8,1.0,0.0,20.0,1.0,0.6,0.2,-105.6,6.6,118.8,6.6,2.0,232.5,22.0,0.5,0.4,0.2,-81.4,-60.6,-39.8,-60.6,2.0,43.1,22.0,0.5,0.4,0.2,-123.0,-123.0,-123.0,-123.0,1.0,0.0,20.0,1.0,0.6,0.2,-71.0,-71.0,-71.0,-71.0,1.0,0.0,20.0,1.0,0.6,0.2,-42.2,-42.2,-42.2,-42.2,1.0,0.0,20.0,1.0,0.6,0.2,-24.4,-24.4,-24.4,-24.4,1.0,0.0,20.0,1.0,0.6,0.2,248.0,269.5,291.0,269.5,2.0,44.0,22.0,0.5,0.4,0.2,250.0,270.0,290.0,270.0,2.0,45.0,22.0,0.5,0.4,0.2
1974,2,159.0,-5.0,28.0,28.0,28.0,28.0,1.0,0.0,24.0,0.0,0.4,0.6,26.0,26.0,26.0,26.0,1.0,0.0,24.0,0.0,0.4,0.6,17.68,17.68,17.68,17.68,1.0,0.0,24.0,0.0,0.4,0.6,83.6,83.6,83.6,83.6,1.0,0.0,24.0,0.0,0.6,3.6,3.6,3.6,3.6,1.0,0.0,24.0,0.0,0.4,0.6,-1.8,-1.8,-1.8,-1.8,1.0,0.0,24.0,0.0,0.4,0.6,-3.12,-3.12,-3.12,-3.12,1.0,0.0,24.0,0.0,0.4,0.6,1003.5,1003.5,1003.5,1003.5,1.0,0.0,24.0,0.0,0.4,0.6,7.2,7.5,7.8,7.5,2.0,0.7,14.0,0.5,0.6,0.6,-6.5,-6.5,-6.5,-6.5,1.0,0.0,24.0,0.0,0.4,0.6,-11.2,-11.2,-11.2,-11.2,1.0,0.0,24.0,0.0,0.4,0.6,2.0,2.0,2.0,2.0,1.0,0.0,24.0,0.0,0.4,0.6,7.2,7.2,7.2,7.2,1.0,0.0,24.0,0.0,0.4,0.6,6.21,6.21,6.21,6.21,1.0,0.0,24.0,0.0,0.4,0.6,22.4,22.4,22.4,22.4,1.0,0.0,24.0,0.0,0.4,0.6,-46.8,-46.8,-46.8,-46.8,1.0,0.0,24.0,0.0,0.4,0.6,-81.1,-81.1,-81.1,-81.1,1.0,0.0,24.0,0.0,0.4,0.6,-31.8,-31.8,-31.8,-31.8,1.0,0.0,24.0,0.0,0.4,0.6,-55.1,-55.1,-55.1,-55.1,1.0,0.0,24.0,0.0,0.4,0.6,-11.2,-11.2,-11.2,-11.2,1.0,0.0,24.0,0.0,0.4,0.6,-19.4,-19.4,-19.4,-19.4,1.0,0.0,24.0,0.0,0.4,0.6,46.5,46.5,46.5,46.5,1.0,0.0,24.0,0.0,0.4,0.6,45.0,45.0,45.0,45.0,1.0,0.0,24.0,0.0,0.4,0.6
1974,2,159.0,-4.0,28.72,28.75,28.78,28.75,2.0,0.07,4.0,0.0,0.7,0.6,28.0,28.0,28.0,28.0,2.0,0.0,4.0,0.0,0.7,0.6,17.71,18.4,19.1,18.4,2.0,1.44,4.0,0.0,0.7,0.6,74.7,77.6,80.5,77.6,2.0,5.9,4.0,0.0,0.6,6.78,6.95,7.12,6.95,2.0,0.35,4.0,0.0,0.7,0.6,-5.62,-5.22,-4.81,-5.22,2.0,0.83,4.0,0.0,0.7,0.6,-5.17,-4.43,-3.69,-4.43,2.0,1.53,4.0,0.0,0.7,0.6,1007.16,1007.5,1007.84,1007.5,2.0,0.71,4.0,0.0,0.7,0.6,6.2,6.5,6.8,6.5,2.0,0.7,4.0,0.0,0.7,0.6,-38.0,-36.1,-34.2,-36.1,2.0,3.9,4.0,0.0,0.7,0.6,-37.0,-31.1,-25.2,-31.1,2.0,12.2,4.0,0.0,0.7,0.6,0.72,0.75,0.78,0.75,2.0,0.07,4.0,0.0,0.7,0.6,4.9,5.2,5.6,5.2,2.0,0.8,4.0,0.0,0.7,0.6,5.84,6.47,7.11,6.47,2.0,1.32,4.0,0.0,0.7,0.6,41.4,44.7,48.1,44.7,2.0,6.9,4.0,0.0,0.7,0.6,-157.2,-146.0,-134.8,-146.0,2.0,23.2,4.0,0.0,0.7,0.6,-144.8,-124.1,-103.4,-124.1,2.0,42.9,4.0,0.0,0.7,0.6,-99.1,-95.4,-91.6,-95.4,2.0,7.8,4.0,0.0,0.7,0.6,-99.3,-82.7,-66.0,-82.7,2.0,34.6,4.0,0.0,0.7,0.6,-40.2,-34.3,-28.4,-34.3,2.0,12.2,4.0,0.0,0.7,0.6,-29.6,-27.7,-25.7,-27.7,2.0,4.1,4.0,0.0,0.7,0.6,312.5,337.0,361.5,337.0,2.0,51.5,4.0,0.0,0.7,0.6,310.0,335.0,360.0,335.0,2.0,50.0,4.0,0.0,0.7,0.6
1974,2,159.0,-3.0,28.9,28.9,28.9,28.9,1.0,0.0,4.0,0.0,0.1,0.4,28.2,28.2,28.2,28.2,1.0,0.0,4.0,0.0,0.1,0.4,16.98,16.98,16.98,16.98,1.0,0.0,4.0,0.0,0.1,0.4,70.8,70.8,70.8,70.8,1.0,0.0,4.0,0.0,0.4,2.49,3.55,4.61,3.55,2.0,2.19,8.0,0.5,0.5,0.7,-3.29,-1.95,-0.62,-1.95,2.0,2.76,8.0,0.5,0.5,0.7,-3.08,-2.64,-2.2,-2.64,2.0,0.9,8.0,0.5,0.5,0.7,1007.78,1009.45,1011.12,1009.45,2.0,3.46,8.0,0.5,0.5,0.7,1.5,2.5,3.5,2.5,2.0,2.1,8.0,0.5,0.5,0.7,-16.8,-10.0,-3.2,-10.0,2.0,14.1,8.0,0.5,0.5,0.7,-14.7,-10.4,-6.0,-10.4,2.0,9.0,8.0,0.5,0.5,0.7,0.7,0.7,0.7,0.7,1.0,0.0,4.0,0.0,0.1,0.4,3.6,3.6,3.6,3.6,1.0,0.0,4.0,0.0,0.1,0.4,8.13,8.13,8.13,8.13,1.0,0.0,4.0,0.0,0.1,0.4,41.4,41.4,41.4,41.4,1.0,0.0,4.0,0.0,0.1,0.4,-110.2,-110.2,-110.2,-110.2,1.0,0.0,4.0,0.0,0.1,0.4,-92.4,-92.4,-92.4,-92.4,1.0,0.0,4.0,0.0,0.1,0.4,-66.3,-66.3,-66.3,-66.3,1.0,0.0,4.0,0.0,0.1,0.4,-55.7,-55.7,-55.7,-55.7,1.0,0.0,4.0,0.0,0.1,0.4,-31.8,-31.8,-31.8,-31.8,1.0,0.0,4.0,0.0,0.1,0.4,-26.6,-26.6,-26.6,-26.6,1.0,0.0,4.0,0.0,0.1,0.4,28.0,70.5,113.0,70.5,2.0,88.0,8.0,0.5,0.5,0.7,30.0,70.0,115.0,70.0,2.0,90.0,8.0,0.5,0.5,0.7
1974,2,159.0,-2.0,,,,,,,,,,,,,,,,,,,,,,,,,,,,,,,,,,,,,,,,1.0,1.5,2.0,1.5,4.0,0.58,12.0,1.0,0.5,0.7,0.0,0.34,0.85,0.42,4.0,0.5,12.0,1.0,0.5,0.7,-1.81,-1.37,-1.0,-1.4,4.0,0.47,12.0,1.0,0.5,0.7,1009.62,1010.6,1010.97,1010.24,5.0,1.22,12.0,1.0,0.6,0.7,,,,,,,,,,,,,,,,,,,,,,,,,,,,,,,,,,,,,,,,,,,,,,,,,,,,,,,,,,,,,,,,,,,,,,,,,,,,,,,,,,,,,,,,,,,,,,,,,,,,,,,,,,,,,,,,,,,,,,,,,,,,,,,,,,,,,,,,,,,,,,,,,,,,,,
1974,2,159.0,-1.0,26.9,26.9,26.9,26.9,1.0,0.0,14.0,1.0,0.8,0.2,28.3,28.3,28.3,28.3,1.0,0.0,14.0,1.0,0.8,0.2,17.38,17.38,17.38,17.38,1.0,0.0,14.0,1.0,0.8,0.2,72.1,72.1,72.1,72.1,1.0,0.0,14.0,1.0,0.2,3.0,3.0,3.0,3.13,12.0,0.46,14.0,0.3,0.2,0.7,-1.88,-1.5,-0.52,-1.39,12.0,1.34,14.0,0.3,0.2,0.7,-2.95,-2.6,-1.94,-2.31,12.0,1.09,14.0,0.3,0.2,0.7,1010.1,1011.8,1012.6,1011.26,11.0,1.52,14.0,0.4,0.1,0.8,2.7,3.5,6.0,4.1,12.0,1.6,14.0,0.3,0.2,0.7,-5.6,-4.5,-1.6,-4.8,12.0,5.8,14.0,0.3,0.2,0.7,-8.9,-7.8,-5.8,-6.9,12.0,3.3,14.0,0.3,0.2,0.7,-1.4,-1.4,-1.4,-1.4,1.0,0.0,14.0,1.0,0.8,0.2,-6.4,-6.4,-6.4,-6.4,1.0,0.0,14.0,1.0,0.8,0.2,4.89,4.89,4.89,4.89,1.0,0.0,14.0,1.0,0.8,0.2,22.5,22.5,22.5,22.5,1.0,0.0,14.0,1.0,0.8,0.2,-130.2,-130.2,-130.2,-130.2,1.0,0.0,14.0,1.0,0.8,0.2,0.0,0.0,0.0,0.0,1.0,0.0,14.0,1.0,0.8,0.2,-80.0,-80.0,-80.0,-80.0,1.0,0.0,14.0,1.0,0.8,0.2,0.0,0.0,0.0,0.0,1.0,0.0,14.0,1.0,0.8,0.2,-22.5,-22.5,-22.5,-22.5,1.0,0.0,14.0,1.0,0.8,0.2,0.0,0.0,0.0,0.0,1.0,0.0,14.0,1.0,0.8,0.2,27.0,27.0,27.0,33.0,12.0,20.5,14.0,0.3,0.2,0.7,25.0,25.0,25.0,35.0,12.0,20.0,14.0,0.3,0.2,0.7
1974,2,159.0,0.0,26.8,26.8,26.8,26.8,1.0,0.0,14.0,1.0,0.7,0.0,27.0,27.0,27.0,27.0,1.0,0.0,14.0,1.0,0.7,0.0,18.26,18.26,18.26,18.26,1.0,0.0,14.0,1.0,0.7,0.0,81.7,81.7,81.7,81.7,1.0,0.0,14.0,1.0,0.0,4.6,4.6,4.6,4.6,1.0,0.0,14.0,1.0,0.7,0.0,-4.6,-4.6,-4.6,-4.6,1.0,0.0,14.0,1.0,0.7,0.0,0.0,0.0,0.0,0.0,1.0,0.0,14.0,1.0,0.7,0.0,1007.6,1007.6,1007.6,1007.6,1.0,0.0,14.0,1.0,0.7,0.0,3.0,3.0,3.0,3.0,1.0,0.0,14.0,1.0,0.7,0.0,-21.2,-21.2,-21.2,-21.2,1.0,0.0,14.0,1.0,0.7,0.0,0.0,0.0,0.0,0.0,1.0,0.0,14.0,1.0,0.7,0.0,-0.2,-0.2,-0.2,-0.2,1.0,0.0,14.0,1.0,0.7,0.0,-0.9,-0.9,-0.9,-0.9,1.0,0.0,14.0,1.0,0.7,0.0,3.89,3.89,3.89,3.89,1.0,0.0,14.0,1.0,0.7,0.0,17.9,17.9,17.9,17.9,1.0,0.0,14.0,1.0,0.7,0.0,-124.2,-124.2,-124.2,-124.2,1.0,0.0,14.0,1.0,0.7,0.0,0.0,0.0,0.0,0.0,1.0,0.0,14.0,1.0,0.7,0.0,-84.0,-84.0,-84.0,-84.0,1.0,0.0,14.0,1.0,0.7,0.0,0.0,0.0,0.0,0.0,1.0,0.0,14.0,1.0,0.7,0.0,-17.9,-17.9,-17.9,-17.9,1.0,0.0,14.0,1.0,0.7,0.0,0.0,0.0,0.0,0.0,1.0,0.0,14.0,1.0,0.7,0.0,97.5,97.5,97.5,97.5,1.0,0.0,14.0,1.0,0.7,0.0,95.0,95.0,95.0,95.0,1.0,0.0,14.0,1.0,0.7,0.0
1974,2,159.0,1.0,27.52,27.55,27.58,27.55,2.0,0.07,14.0,0.0,0.6,0.4,27.82,27.85,27.88,27.85,2.0,0.07,14.0,0.0,0.6,0.4,18.66,18.73,18.81,18.73,2.0,0.15,14.0,0.0,0.6,0.4,79.1,79.6,80.1,79.6,2.0,1.0,14.0,0.0,0.4,4.6,4.6,4.6,4.6,2.0,0.0,14.0,0.0,0.6,0.4,-4.6,-4.6,-4.6,-4.6,2.0,0.0,14.0,0.0,0.6,0.4,0.0,0.0,0.0,0.0,2.0,0.0,14.0,0.0,0.6,0.4,1006.16,1006.5,1006.84,1006.5,2.0,0.71,14.0,0.0,0.6,0.4,4.0,4.0,4.0,4.0,2.0,0.0,14.0,0.0,0.6,0.4,-21.2,-21.2,-21.2,-21.2,2.0,0.0,14.0,0.0,0.6,0.4,0.0,0.0,0.0,0.0,2.0,0.0,14.0,0.0,0.6,0.4,-0.3,-0.3,-0.3,-0.3,2.0,0.0,14.0,0.0,0.6,0.4,-1.4,-1.4,-1.4,-1.4,2.0,0.0,14.0,0.0,0.6,0.4,4.33,4.46,4.58,4.46,2.0,0.26,14.0,0.0,0.6,0.4,19.9,20.5,21.1,20.5,2.0,1.2,14.0,0.0,0.6,0.4,-128.3,-128.1,-128.0,-128.1,2.0,0.3,14.0,0.0,0.6,0.4,0.0,0.0,0.0,0.0,2.0,0.0,14.0,0.0,0.6,0.4,-86.5,-86.2,-85.8,-86.2,2.0,0.7,14.0,0.0,0.6,0.4,0.0,0.0,0.0,0.0,2.0,0.0,14.0,0.0,0.6,0.4,-21.1,-20.5,-19.9,-20.5,2.0,1.2,14.0,0.0,0.6,0.4,0.0,0.0,0.0,0.0,2.0,0.0,14.0,0.0,0.6,0.4,97.5,97.5,97.5,97.5,2.0,0.0,14.0,0.0,0.6,0.4,95.0,95.0,95.0,95.0,2.0,0.0,14.0,0.0,0.6,0.4
1974,2,159.0,2.0,27.5,27.5,27.5,27.5,1.0,0.0,14.0,0.0,0.3,0.6,28.0,28.0,28.0,28.0,1.0,0.0,14.0,0.0,0.3,0.6,18.59,18.59,18.59,18.59,1.0,0.0,14.0,0.0,0.3,0.6,78.4,78.4,78.4,78.4,1.0,0.0,14.0,0.0,0.6,5.1,5.1,5.1,5.1,1.0,0.0,14.0,0.0,0.3,0.6,-5.1,-5.1,-5.1,-5.1,1.0,0.0,14.0,0.0,0.3,0.6,0.0,0.0,0.0,0.0,1.0,0.0,14.0,0.0,0.3,0.6,1007.9,1007.9,1007.9,1007.9,1.0,0.0,14.0,0.0,0.3,0.6,1.0,1.0,1.0,1.0,1.0,0.0,14.0,0.0,0.3,0.6,-26.0,-26.0,-26.0,-26.0,1.0,0.0,14.0,0.0,0.3,0.6,0.0,0.0,0.0,0.0,1.0,0.0,14.0,0.0,0.3,0.6,-0.5,-0.5,-0.5,-0.5,1.0,0.0,14.0,0.0,0.3,0.6,-2.5,-2.5,-2.5,-2.5,1.0,0.0,14.0,0.0,0.3,0.6,4.5,4.5,4.5,4.5,1.0,0.0,14.0,0.0,0.3,0.6,22.9,22.9,22.9,22.9,1.0,0.0,14.0,0.0,0.3,0.6,-142.8,-142.8,-142.8,-142.8,1.0,0.0,14.0,0.0,0.3,0.6,0.0,0.0,0.0,0.0,1.0,0.0,14.0,0.0,0.3,0.6,-94.8,-94.8,-94.8,-94.8,1.0,0.0,14.0,0.0,0.3,0.6,0.0,0.0,0.0,0.0,1.0,0.0,14.0,0.0,0.3,0.6,-22.9,-22.9,-22.9,-22.9,1.0,0.0,14.0,0.0,0.3,0.6,0.0,0.0,0.0,0.0,1.0,0.0,14.0,0.0,0.3,0.6,132.5,132.5,132.5,132.5,1.0,0.0,14.0,0.0,0.3,0.6,135.0,135.0,135.0,135.0,1.0,0.0,14.0,0.0,0.3,0.6
1974,2,159.0,3.0,27.4,27.4,27.4,27.4,1.0,0.0,14.0,0.0,0.3,0.3,27.7,27.7,27.7,27.7,1.0,0.0,14.0,0.0,0.3,0.3,18.84,18.84,18.84,18.84,1.0,0.0,14.0,0.0,0.3,0.3,80.8,80.8,80.8,80.8,1.0,0.0,14.0,0.0,0.3,5.7,5.7,5.7,5.7,1.0,0.0,14.0,0.0,0.3,0.3,-5.7,-5.7,-5.7,-5.7,1.0,0.0,14.0,0.0,0.3,0.3,0.0,0.0,0.0,0.0,1.0,0.0,14.0,0.0,0.3,0.3,1007.0,1007.0,1007.0,1007.0,1.0,0.0,14.0,0.0,0.3,0.3,3.0,3.0,3.0,3.0,1.0,0.0,14.0,0.0,0.3,0.3,-32.5,-32.5,-32.5,-32.5,1.0,0.0,14.0,0.0,0.3,0.3,0.0,0.0,0.0,0.0,1.0,0.0,14.0,0.0,0.3,0.3,-0.3,-0.3,-0.3,-0.3,1.0,0.0,14.0,0.0,0.3,0.3,-1.7,-1.7,-1.7,-1.7,1.0,0.0,14.0,0.0,0.3,0.3,4.13,4.13,4.13,4.13,1.0,0.0,14.0,0.0,0.3,0.3,23.6,23.6,23.6,23.6,1.0,0.0,14.0,0.0,0.3,0.3,-157.9,-157.9,-157.9,-157.9,1.0,0.0,14.0,0.0,0.3,0.3,0.0,0.0,0.0,0.0,1.0,0.0,14.0,0.0,0.3,0.3,-107.4,-107.4,-107.4,-107.4,1.0,0.0,14.0,0.0,0.3,0.3,0.0,0.0,0.0,0.0,1.0,0.0,14.0,0.0,0.3,0.3,-23.6,-23.6,-23.6,-23.6,1.0,0.0,14.0,0.0,0.3,0.3,0.0,0.0,0.0,0.0,1.0,0.0,14.0,0.0,0.3,0.3,185.0,185.0,185.0,185.0,1.0,0.0,14.0,0.0,0.3,0.3,185.0,185.0,185.0,185.0,1.0,0.0,14.0,0.0,0.3,0.3
1974,2,159.0,4.0,28.0,28.0,28.0,28.0,1.0,0.0,14.0,1.0,0.6,0.1,28.1,28.1,28.1,28.1,1.0,0.0,14.0,1.0,0.6,0.1,18.65,18.65,18.65,18.65,1.0,0.0,14.0,1.0,0.6,0.1,78.0,78.0,78.0,78.0,1.0,0.0,14.0,1.0,0.1,6.7,6.7,6.7,6.7,1.0,0.0,14.0,1.0,0.6,0.1,-6.7,-6.7,-6.7,-6.7,1.0,0.0,14.0,1.0,0.6,0.1,0.0,0.0,0.0,0.0,1.0,0.0,14.0,1.0,0.6,0.1,1005.0,1005.0,1005.0,1005.0,1.0,0.0,14.0,1.0,0.6,0.1,3.0,3.0,3.0,3.0,1.0,0.0,14.0,1.0,0.6,0.1,-44.9,-44.9,-44.9,-44.9,1.0,0.0,14.0,1.0,0.6,0.1,0.0,0.0,0.0,0.0,1.0,0.0,14.0,1.0,0.6,0.1,-0.1,-0.1,-0.1,-0.1,1.0,0.0,14.0,1.0,0.6,0.1,-0.7,-0.7,-0.7,-0.7,1.0,0.0,14.0,1.0,0.6,0.1,5.21,5.21,5.21,5.21,1.0,0.0,14.0,1.0,0.6,0.1,34.9,34.9,34.9,34.9,1.0,0.0,14.0,1.0,0.6,0.1,-188.3,-188.3,-188.3,-188.3,1.0,0.0,14.0,1.0,0.6,0.1,0.0,0.0,0.0,0.0,1.0,0.0,14.0,1.0,0.6,0.1,-124.9,-124.9,-124.9,-124.9,1.0,0.0,14.0,1.0,0.6,0.1,0.0,0.0,0.0,0.0,1.0,0.0,14.0,1.0,0.6,0.1,-34.9,-34.9,-34.9,-34.9,1.0,0.0,14.0,1.0,0.6,0.1,0.0,0.0,0.0,0.0,1.0,0.0,14.0,1.0,0.6,0.1,301.0,301.0,301.0,301.0,1.0,0.0,14.0,1.0,0.6,0.1,300.0,300.0,300.0,300.0,1.0,0.0,14.0,1.0,0.6,0.1
1974,2,159.0,14.0,27.8,27.8,27.8,27.8,1.0,0.0,26.0,0.0,0.0,0.8,25.0,25.0,25.0,25.0,1.0,0.0,26.0,0.0,0.0,0.8,12.51,12.51,12.51,12.51,1.0,0.0,26.0,0.0,0.0,0.8,63.5,63.5,63.5,63.5,1.0,0.0,26.0,0.0,0.8,10.3,10.3,10.3,10.3,1.0,0.0,26.0,0.0,0.0,0.8,-9.68,-9.68,-9.68,-9.68,1.0,0.0,26.0,0.0,0.0,0.8,-3.52,-3.52,-3.52,-3.52,1.0,0.0,26.0,0.0,0.0,0.8,1011.9,1011.9,1011.9,1011.9,1.0,0.0,26.0,0.0,0.0,0.8,1.0,1.0,1.0,1.0,1.0,0.0,26.0,0.0,0.0,0.8,-99.7,-99.7,-99.7,-99.7,1.0,0.0,26.0,0.0,0.0,0.8,-36.3,-36.3,-36.3,-36.3,1.0,0.0,26.0,0.0,0.0,0.8,2.8,2.8,2.8,2.8,1.0,0.0,26.0,0.0,0.0,0.8,28.8,28.8,28.8,28.8,1.0,0.0,26.0,0.0,0.0,0.8,10.9,10.9,10.9,10.9,1.0,0.0,26.0,0.0,0.0,0.8,112.2,112.2,112.2,112.2,1.0,0.0,26.0,0.0,0.0,0.8,-242.0,-242.0,-242.0,-242.0,1.0,0.0,26.0,0.0,0.0,0.8,-88.1,-88.1,-88.1,-88.1,1.0,0.0,26.0,0.0,0.0,0.8,-121.1,-121.1,-121.1,-121.1,1.0,0.0,26.0,0.0,0.0,0.8,-44.1,-44.1,-44.1,-44.1,1.0,0.0,26.0,0.0,0.0,0.8,-105.5,-105.5,-105.5,-105.5,1.0,0.0,26.0,0.0,0.0,0.8,-38.4,-38.4,-38.4,-38.4,1.0,0.0,26.0,0.0,0.0,0.8,1092.5,1092.5,1092.5,1092.5,1.0,0.0,26.0,0.0,0.0,0.8,1095.0,1095.0,1095.0,1095.0,1.0,0.0,26.0,0.0,0.0,0.8
1974,2,159.0,15.0,26.78,26.95,27.12,26.95,2.0,0.35,10.0,1.0,0.0,0.7,27.42,27.9,28.38,27.9,2.0,0.99,10.0,1.0,0.0,0.7,18.3,20.62,22.94,20.62,2.0,4.81,10.0,1.0,0.0,0.7,79.8,87.1,94.3,87.1,2.0,15.0,10.0,1.0,0.7,7.86,8.2,8.54,8.2,2.0,0.71,10.0,1.0,0.0,0.7,-8.43,-8.13,-7.84,-8.13,2.0,0.61,10.0,1.0,0.0,0.7,0.24,0.76,1.27,0.76,2.0,1.07,10.0,1.0,0.0,0.7,1010.02,1010.5,1010.98,1010.5,2.0,0.99,10.0,1.0,0.0,0.7,2.3,3.0,3.7,3.0,2.0,1.4,10.0,1.0,0.0,0.7,-72.1,-66.9,-61.7,-66.9,2.0,10.8,10.0,1.0,0.0,0.7,2.1,6.6,11.1,6.6,2.0,9.3,10.0,1.0,0.0,0.7,-1.6,-0.95,-0.3,-0.95,2.0,1.34,10.0,1.0,0.0,0.7,-13.9,-8.3,-2.6,-8.3,2.0,11.7,10.0,1.0,0.0,0.7,-0.87,1.67,4.2,1.67,2.0,5.26,10.0,1.0,0.0,0.7,-8.4,11.8,32.0,11.8,2.0,41.9,10.0,1.0,0.0,0.7,-239.4,-227.2,-215.1,-227.2,2.0,25.2,10.0,1.0,0.0,0.7,6.9,21.6,36.4,21.6,2.0,30.6,10.0,1.0,0.0,0.7,-194.2,-169.2,-144.2,-169.2,2.0,51.8,10.0,1.0,0.0,0.7,5.8,18.1,30.5,18.1,2.0,25.7,10.0,1.0,0.0,0.7,-32.1,-11.9,8.2,-11.9,2.0,41.7,10.0,1.0,0.0,0.7,-2.6,-1.5,-0.5,-1.5,2.0,2.2,10.0,1.0,0.0,0.7,488.5,557.5,626.5,557.5,2.0,143.0,10.0,1.0,0.0,0.7,490.0,560.0,625.0,560.0,2.0,145.0,10.0,1.0,0.0,0.7
1974,2,159.0,16.0,27.72,27.75,27.78,27.75,2.0,0.07,12.0,0.0,0.0,0.5,25.85,25.95,26.05,25.95,2.0,0.21,12.0,0.0,0.0,0.5,15.59,16.35,17.12,16.35,2.0,1.59,12.0,0.0,0.0,0.5,75.0,78.3,81.5,78.3,2.0,6.8,12.0,0.0,0.5,7.66,10.8,13.94,10.8,2.0,6.51,12.0,0.0,0.0,0.5,-10.91,-9.0,-7.09,-9.0,2.0,3.96,12.0,0.0,0.0,0.5,-8.33,-4.95,-1.57,-4.95,2.0,7.0,12.0,0.0,0.0,0.5,1011.32,1012.65,1013.98,1012.65,2.0,2.76,12.0,0.0,0.0,0.5,1.1,3.5,5.9,3.5,2.0,4.9,12.0,0.0,0.0,0.5,-158.9,-110.1,-61.2,-110.1,2.0,101.3,12.0,0.0,0.0,0.5,-128.3,-76.2,-24.2,-76.2,2.0,107.8,12.0,0.0,0.0,0.5,1.73,1.8,1.87,1.8,2.0,0.14,12.0,0.0,0.0,0.5,13.5,19.9,26.3,19.9,2.0,13.2,12.0,0.0,0.0,0.5,6.22,6.97,7.72,6.97,2.0,1.56,12.0,0.0,0.0,0.5,50.3,80.3,110.4,80.3,2.0,62.2,12.0,0.0,0.0,0.5,-281.7,-233.1,-184.4,-233.1,2.0,100.8,12.0,0.0,0.0,0.5,-214.9,-127.7,-40.5,-127.7,2.0,180.6,12.0,0.0,0.0,0.5,-168.3,-144.0,-119.7,-144.0,2.0,50.4,12.0,0.0,0.0,0.5,-126.8,-75.4,-23.9,-75.4,2.0,106.6,12.0,0.0,0.0,0.5,-85.9,-65.8,-45.7,-65.8,2.0,41.6,12.0,0.0,0.0,0.5,-67.2,-40.0,-12.7,-40.0,2.0,56.5,12.0,0.0,0.0,0.5,780.0,1945.5,3110.5,1945.5,2.0,2414.0,12.0,0.0,0.0,0.5,780.0,1945.0,3110.0,1945.0,2.0,2415.0,12.0,0.0,0.0,0.5
1974,2,159.0,17.0,25.92,26.6,27.84,26.77,6.0,1.03,16.0,1.0,0.3,0.4,25.69,26.6,27.9,26.92,6.0,2.06,16.0,1.0,0.3,0.4,14.68,15.83,18.79,16.84,6.0,2.94,16.0,1.0,0.3,0.4,71.0,75.0,82.0,75.7,6.0,6.8,16.0,1.0,0.4,5.35,10.55,13.11,9.37,6.0,4.68,16.0,1.0,0.3,0.4,-10.04,-7.26,-4.63,-6.69,6.0,4.2,16.0,1.0,0.3,0.4,-9.4,-4.68,1.51,-4.37,6.0,5.75,16.0,1.0,0.3,0.4,1011.19,1013.05,1019.6,1014.52,6.0,4.27,16.0,1.0,0.3,0.4,4.6,6.0,7.0,5.7,6.0,1.5,16.0,1.0,0.3,0.4,-131.7,-74.7,-29.6,-76.8,6.0,55.8,16.0,1.0,0.3,0.4,-128.3,-56.8,5.4,-61.1,6.0,71.3,16.0,1.0,0.3,0.4,-1.85,0.0,1.6,-0.15,6.0,1.82,16.0,1.0,0.3,0.4,-21.1,0.0,13.8,-2.0,6.0,17.1,16.0,1.0,0.3,0.4,4.58,5.82,6.33,5.16,6.0,2.02,16.0,1.0,0.3,0.4,12.4,55.4,77.6,48.7,6.0,33.4,16.0,1.0,0.3,0.4,-253.2,-208.8,-120.1,-178.6,6.0,111.1,16.0,1.0,0.3,0.4,-247.1,-115.6,44.8,-112.4,6.0,152.9,16.0,1.0,0.3,0.4,-167.0,-126.0,-71.9,-112.3,6.0,71.0,16.0,1.0,0.3,0.4,-143.0,-69.5,30.1,-63.3,6.0,87.8,16.0,1.0,0.3,0.4,-59.5,-36.5,-5.6,-32.8,6.0,27.4,16.0,1.0,0.3,0.4,-55.6,-27.7,3.6,-26.7,6.0,32.6,16.0,1.0,0.3,0.4,191.0,1349.0,2258.0,1296.5,6.0,1158.0,16.0,1.0,0.3,0.4,190.0,1350.0,2260.0,1295.0,6.0,1160.0,16.0,1.0,0.3,0.4
1974,2,159.0,18.0,26.8,27.0,27.14,26.97,3.0,0.25,16.0,1.0,0.2,0.5,26.11,27.2,28.43,27.27,3.0,1.7,16.0,1.0,0.2,0.5,15.37,16.97,18.14,16.76,3.0,2.03,16.0,1.0,0.2,0.5,72.5,74.4,75.2,73.9,3.0,2.0,16.0,1.0,0.5,8.5,11.3,14.1,11.3,3.0,4.1,16.0,1.0,0.2,0.5,-10.74,-9.9,-7.76,-9.26,3.0,2.25,16.0,1.0,0.2,0.5,-8.68,-1.96,1.06,-3.77,3.0,7.3,16.0,1.0,0.2,0.5,1010.67,1013.2,1013.4,1012.07,3.0,2.23,16.0,1.0,0.2,0.5,2.0,4.0,5.4,3.7,3.0,2.5,16.0,1.0,0.2,0.5,-144.0,-125.7,-73.2,-109.0,3.0,53.9,16.0,1.0,0.2,0.5,-131.0,-22.2,5.1,-62.0,3.0,105.5,16.0,1.0,0.2,0.5,-1.37,0.0,0.75,-0.3,3.0,1.57,16.0,1.0,0.2,0.5,-9.8,0.0,11.6,0.8,3.0,15.7,16.0,1.0,0.2,0.5,4.3,5.58,6.73,5.52,3.0,1.78,16.0,1.0,0.2,0.5,38.2,63.1,96.4,67.2,3.0,42.8,16.0,1.0,0.2,0.5,-287.0,-253.4,-214.4,-250.8,3.0,53.3,16.0,1.0,0.2,0.5,-223.1,-53.4,31.8,-94.7,3.0,190.1,16.0,1.0,0.2,0.5,-174.9,-144.8,-132.2,-153.4,3.0,32.1,16.0,1.0,0.2,0.5,-128.4,-33.3,20.8,-53.3,3.0,110.7,16.0,1.0,0.2,0.5,-68.8,-62.1,-36.8,-53.0,3.0,24.7,16.0,1.0,0.2,0.5,-62.0,-11.0,2.7,-29.2,3.0,50.0,16.0,1.0,0.2,0.5,713.0,1443.0,2951.0,1823.0,3.0,1672.0,16.0,1.0,0.2,0.5,715.0,1445.0,2950.0,1825.0,3.0,1670.0,16.0,1.0,0.2,0.5
1974,2,159.0,19.0,26.1,26.1,26.1,26.1,1.0,0.0,8.0,0.0,0.1,0.2,21.76,23.4,25.04,23.4,2.0,3.39,12.0,0.0,0.5,0.5,16.77,16.77,16.77,16.77,1.0,0.0,8.0,0.0,0.1,0.2,81.0,81.0,81.0,81.0,1.0,0.0,8.0,0.0,0.2,3.59,4.65,5.71,4.65,2.0,2.19,12.0,0.0,0.5,0.5,-4.48,-3.9,-3.32,-3.9,2.0,1.2,12.0,0.0,0.5,0.5,-3.27,-1.72,-0.18,-1.72,2.0,3.2,12.0,0.0,0.5,0.5,1014.06,1015.25,1016.44,1015.25,2.0,2.47,12.0,0.0,0.5,0.5,2.3,3.0,3.7,3.0,2.0,1.4,12.0,0.0,0.5,0.5,-26.3,-19.5,-12.6,-19.5,2.0,14.1,12.0,0.0,0.5,0.5,-20.5,-11.5,-2.5,-11.5,2.0,18.7,12.0,0.0,0.5,0.5,0.3,0.3,0.3,0.3,1.0,0.0,8.0,0.0,0.1,0.2,0.9,0.9,0.9,0.9,1.0,0.0,8.0,0.0,0.1,0.2,4.35,4.35,4.35,4.35,1.0,0.0,8.0,0.0,0.1,0.2,13.5,13.5,13.5,13.5,1.0,0.0,8.0,0.0,0.1,0.2,-96.4,-89.3,-82.1,-89.3,2.0,14.8,12.0,0.0,0.5,0.5,-68.2,-34.9,-1.6,-34.9,2.0,69.0,12.0,0.0,0.5,0.5,-51.2,-51.2,-51.2,-51.2,1.0,0.0,8.0,0.0,0.1,0.2,9.0,9.0,9.0,9.0,1.0,0.0,8.0,0.0,0.1,0.2,-13.3,-13.3,-13.3,-13.3,1.0,0.0,8.0,0.0,0.1,0.2,2.3,2.3,2.3,2.3,1.0,0.0,8.0,0.0,0.1,0.2,63.0,134.0,205.0,134.0,2.0,147.5,12.0,0.0,0.5,0.5,65.0,135.0,205.0,135.0,2.0,145.0,12.0,0.0,0.5,0.5
1974,2,159.0,20.0,23.51,25.3,26.14,24.82,6.0,1.63,16.0,0.5,0.3,0.5,23.24,24.1,25.75,24.45,6.0,1.42,16.0,0.5,0.3,0.5,11.57,13.2,14.6,13.04,6.0,1.78,16.0,0.5,0.3,0.5,59.5,71.5,75.4,68.5,6.0,8.4,16.0,0.5,0.5,5.0,6.4,10.3,7.18,6.0,2.65,16.0,0.5,0.3,0.5,-8.26,-3.75,-0.11,-3.89,6.0,4.55,16.0,0.5,0.3,0.5,-6.05,-4.47,-4.23,-4.9,6.0,1.14,16.0,0.5,0.3,0.5,1013.03,1015.3,1017.31,1015.13,6.0,2.6,16.0,0.5,0.3,0.5,2.0,3.0,6.0,3.7,6.0,2.0,16.0,0.5,0.3,0.5,-85.1,-25.6,-0.2,-37.1,6.0,44.9,16.0,0.5,0.3,0.5,-50.1,-29.4,-22.2,-36.0,6.0,18.5,16.0,0.5,0.3,0.5,-0.68,0.35,1.34,0.37,6.0,1.09,16.0,0.5,0.3,0.5,-5.3,1.9,9.5,2.3,6.0,7.4,16.0,0.5,0.3,0.5,5.06,6.1,8.27,6.55,6.0,1.9,16.0,0.5,0.3,0.5,26.1,35.9,85.2,50.1,6.0,31.4,16.0,0.5,0.3,0.5,-214.7,-92.8,-3.4,-97.9,6.0,112.4,16.0,0.5,0.3,0.5,-155.9,-106.7,-97.9,-121.0,6.0,35.1,16.0,0.5,0.3,0.5,-100.2,-54.6,-2.9,-48.9,6.0,53.2,16.0,0.5,0.3,0.5,-87.6,-62.0,-49.2,-64.9,6.0,20.7,16.0,0.5,0.3,0.5,-68.7,-19.6,-2.0,-31.2,6.0,38.5,16.0,0.5,0.3,0.5,-37.2,-31.0,-22.6,-31.9,6.0,11.5,16.0,0.5,0.3,0.5,125.5,294.5,1092.5,501.0,6.0,477.0,16.0,0.5,0.3,0.5,125.0,295.0,1095.0,500.0,6.0,475.0,16.0,0.5,0.3,0.5
1974,2,159.0,21.0,26.1,26.1,26.71,26.4,3.0,0.52,12.0,0.7,0.1,0.3,24.69,26.4,26.6,25.67,3.0,1.54,12.0,0.7,0.1,0.3,16.07,17.1,17.33,16.71,3.0,0.98,12.0,0.7,0.1,0.3,80.1,80.2,83.4,81.7,3.0,2.7,12.0,0.7,0.3,6.99,8.7,10.13,8.57,3.0,2.3,12.0,0.7,0.1,0.3,-9.04,-6.66,-6.28,-7.64,3.0,2.19,12.0,0.7,0.1,0.3,-4.99,-3.69,-1.91,-3.45,3.0,2.27,12.0,0.7,0.1,0.3,1017.29,1017.9,1018.38,1017.83,3.0,0.8,12.0,0.7,0.1,0.3,5.3,6.0,6.7,6.0,3.0,1.0,12.0,0.7,0.1,0.3,-93.2,-58.0,-44.2,-68.5,3.0,37.0,12.0,0.7,0.1,0.3,-45.9,-39.9,-17.2,-31.7,3.0,22.1,12.0,0.7,0.1,0.3,-0.22,0.6,1.69,0.73,3.0,1.4,12.0,0.7,0.1,0.3,-2.4,3.7,17.4,7.4,3.0,14.8,12.0,0.7,0.1,0.3,4.07,5.08,5.32,4.7,3.0,0.97,12.0,0.7,0.1,0.3,31.4,31.5,50.0,40.5,3.0,15.7,12.0,0.7,0.1,0.3,-222.0,-177.9,-166.5,-193.9,3.0,43.0,12.0,0.7,0.1,0.3,-129.9,-88.3,-47.4,-88.7,3.0,60.4,12.0,0.7,0.1,0.3,-144.9,-116.2,-108.1,-126.3,3.0,28.3,12.0,0.7,0.1,0.3,-84.9,-57.6,-30.8,-57.8,3.0,39.6,12.0,0.7,0.1,0.3,-47.5,-31.0,-26.2,-36.7,3.0,16.3,12.0,0.7,0.1,0.3,-20.1,-20.1,-10.1,-15.2,3.0,8.5,12.0,0.7,0.1,0.3,371.5,658.5,1069.0,719.0,3.0,513.5,12.0,0.7,0.1,0.3,370.0,660.0,1070.0,720.0,3.0,515.0,12.0,0.7,0.1,0.3
1974,2,159.0,22.0,23.17,25.7,25.77,24.5,3.0,2.17,16.0,0.7,0.2,0.3,22.27,25.0,26.16,24.23,3.0,2.93,16.0,0.7,0.2,0.3,15.4,18.22,18.75,17.1,3.0,2.63,16.0,0.7,0.2,0.3,88.1,91.1,91.7,89.9,3.0,2.8,16.0,0.7,0.3,5.93,7.7,7.7,6.83,3.0,1.5,16.0,0.7,0.2,0.3,-1.02,3.85,4.6,1.84,3.0,4.47,16.0,0.7,0.2,0.3,-0.79,5.9,6.42,2.89,3.0,5.9,16.0,0.7,0.2,0.3,1010.29,1010.7,1012.27,1011.27,3.0,1.53,16.0,0.7,0.2,0.3,3.6,5.0,5.7,4.7,3.0,1.5,16.0,0.7,0.2,0.3,-2.0,29.6,35.4,17.0,3.0,29.5,16.0,0.7,0.2,0.3,0.8,45.4,49.5,25.6,3.0,39.5,16.0,0.7,0.2,0.3,-0.39,0.7,0.9,0.27,3.0,1.02,16.0,0.7,0.2,0.3,-3.1,5.1,5.3,1.2,3.0,7.0,16.0,0.7,0.2,0.3,1.98,2.37,2.44,2.21,3.0,0.36,16.0,0.7,0.2,0.3,12.7,13.9,17.4,15.0,3.0,3.6,16.0,0.7,0.2,0.3,-16.4,96.3,120.8,53.2,3.0,107.2,16.0,0.7,0.2,0.3,-6.0,157.5,163.8,80.7,3.0,141.0,16.0,0.7,0.2,0.3,-9.3,70.1,86.4,39.3,3.0,75.0,16.0,0.7,0.2,0.3,-2.0,112.1,118.5,59.5,3.0,99.3,16.0,0.7,0.2,0.3,-2.5,8.9,9.3,3.6,3.0,9.8,16.0,0.7,0.2,0.3,-3.0,10.6,14.6,5.9,3.0,13.5,16.0,0.7,0.2,0.3,235.5,456.5,456.5,348.5,3.0,187.0,16.0,0.7,0.2,0.3,235.0,455.0,455.0,350.0,3.0,185.0,16.0,0.7,0.2,0.3
1974,2,159.0,23.0,24.28,25.0,25.62,24.87,7.0,0.77,18.0,0.4,0.4,0.5,20.99,21.8,23.38,22.23,7.0,1.47,18.0,0.4,0.4,0.5,11.05,12.42,16.27,13.22,7.0,3.28,18.0,0.4,0.4,0.5,67.9,76.6,90.9,78.3,7.0,12.4,18.0,0.4,0.5,2.05,3.1,8.92,5.66,7.0,4.53,18.0,0.4,0.4,0.5,-2.09,-1.42,0.05,-2.23,7.0,4.24,18.0,0.4,0.4,0.5,-8.1,-3.05,-1.33,-4.52,7.0,3.19,18.0,0.4,0.4,0.5,1011.99,1013.5,1019.02,1013.86,7.0,4.57,18.0,0.4,0.4,0.5,2.9,4.0,5.0,3.7,7.0,2.0,18.0,0.4,0.4,0.5,-19.9,-3.4,0.2,-26.0,7.0,57.4,18.0,0.4,0.4,0.5,-75.3,-9.5,-2.7,-36.1,7.0,38.8,18.0,0.4,0.4,0.5,1.62,2.6,3.95,2.64,7.0,1.59,18.0,0.4,0.4,0.5,6.8,15.5,22.9,14.4,7.0,9.6,18.0,0.4,0.4,0.5,3.49,6.9,7.88,6.4,7.0,3.33,18.0,0.4,0.4,0.5,13.8,36.1,54.9,34.5,7.0,22.5,18.0,0.4,0.4,0.5,-46.2,-31.0,1.1,-51.0,7.0,98.9,18.0,0.4,0.4,0.5,-176.1,-67.2,-29.1,-99.0,7.0,68.6,18.0,0.4,0.4,0.5,-30.0,-16.8,0.5,-34.3,7.0,68.4,18.0,0.4,0.4,0.5,-100.6,-34.0,-18.7,-57.4,7.0,41.5,18.0,0.4,0.4,0.5,-12.6,-9.5,0.6,-9.3,7.0,16.6,18.0,0.4,0.4,0.5,-54.1,-24.2,-8.9,-29.7,7.0,22.2,18.0,0.4,0.4,0.5,9.0,30.0,742.0,526.5,7.0,874.5,18.0,0.4,0.4,0.5,10.0,30.0,740.0,525.0,7.0,875.0,18.0,0.4,0.4,0.5
1974,2,159.0,24.0,21.1,21.1,21.1,21.1,1.0,0.0,28.0,0.0,0.5,0.3,21.02,21.05,21.08,21.05,2.0,0.07,20.0,0.5,0.6,0.1,12.98,13.4,13.81,13.4,2.0,0.86,20.0,0.5,0.6,0.1,84.1,86.5,88.9,86.5,2.0,5.0,20.0,0.5,0.1,5.2,5.4,5.6,5.4,2.0,0.42,20.0,0.5,0.6,0.1,-2.91,0.21,3.34,0.21,2.0,6.48,20.0,0.5,0.6,0.1,-3.36,-2.7,-2.05,-2.7,2.0,1.36,20.0,0.5,0.6,0.1,1013.33,1014.25,1015.17,1014.25,2.0,1.91,20.0,0.5,0.6,0.1,3.8,5.5,7.2,5.5,2.0,3.5,20.0,0.5,0.6,0.1,-17.1,-0.2,16.6,-0.2,2.0,34.9,20.0,0.5,0.6,0.1,-19.0,-14.9,-10.8,-14.9,2.0,8.5,20.0,0.5,0.6,0.1,0.0,0.0,0.0,0.0,1.0,0.0,28.0,0.0,0.5,0.3,0.0,0.0,0.0,0.0,1.0,0.0,28.0,0.0,0.5,0.3,1.57,1.57,1.57,1.57,1.0,0.0,28.0,0.0,0.5,0.3,8.9,8.9,8.9,8.9,1.0,0.0,28.0,0.0,0.5,0.3,-61.5,4.3,70.0,4.3,2.0,136.3,20.0,0.5,0.6,0.1,-70.9,-57.0,-43.1,-57.0,2.0,28.8,20.0,0.5,0.6,0.1,-41.7,0.1,41.9,0.1,2.0,86.6,20.0,0.5,0.6,0.1,-46.7,-36.8,-26.9,-36.8,2.0,20.5,20.0,0.5,0.6,0.1,-6.8,-6.8,-6.8,-6.8,1.0,0.0,28.0,0.0,0.5,0.3,-5.7,-5.7,-5.7,-5.7,1.0,0.0,28.0,0.0,0.5,0.3,141.0,159.0,177.0,159.0,2.0,37.0,20.0,0.5,0.6,0.1,140.0,160.0,175.0,160.0,2.0,35.0,20.0,0.5,0.6,0.1
1974,2,159.0,25.0,21.84,22.0,22.73,22.28,4.0,0.76,14.0,1.0,0.6,0.3,17.61,20.95,23.82,20.73,4.0,3.63,14.0,1.0,0.6,0.3,7.57,9.9,12.83,10.19,4.0,3.35,14.0,1.0,0.6,0.3,59.1,64.1,71.4,65.2,4.0,8.5,14.0,1.0,0.3,4.58,6.45,8.59,6.58,4.0,2.95,14.0,1.0,0.6,0.3,-0.81,0.89,3.66,1.4,4.0,2.98,14.0,1.0,0.6,0.3,-8.5,-2.01,2.9,-2.76,4.0,6.68,14.0,1.0,0.6,0.3,1012.38,1015.2,1019.07,1015.7,4.0,4.02,14.0,1.0,0.6,0.3,3.5,5.0,6.5,5.0,4.0,1.8,14.0,1.0,0.6,0.3,-2.5,9.2,26.2,11.7,4.0,17.5,14.0,1.0,0.6,0.3,-76.1,-18.3,14.0,-30.5,4.0,56.7,14.0,1.0,0.6,0.3,-1.31,1.75,4.39,1.55,4.0,3.46,14.0,1.0,0.6,0.3,-4.1,17.4,35.5,15.8,4.0,22.9,14.0,1.0,0.6,0.3,4.19,7.28,8.8,6.53,4.0,3.38,14.0,1.0,0.6,0.3,23.0,53.8,72.9,48.2,4.0,32.4,14.0,1.0,0.6,0.3,-19.7,16.5,81.6,30.3,4.0,69.8,14.0,1.0,0.6,0.3,-151.9,-23.8,68.9,-40.7,4.0,130.1,14.0,1.0,0.6,0.3,-11.7,7.7,38.7,13.3,4.0,34.7,14.0,1.0,0.6,0.3,-67.0,-4.8,36.7,-14.7,4.0,61.8,14.0,1.0,0.6,0.3,-1.5,6.9,25.8,11.9,4.0,18.0,14.0,1.0,0.6,0.3,-72.3,-30.3,13.4,-29.5,4.0,49.8,14.0,1.0,0.6,0.3,129.0,269.5,715.5,415.5,4.0,466.0,14.0,1.0,0.6,0.3,130.0,270.0,715.0,415.0,4.0,465.0,14.0,1.0,0.6,0.3
1974,2,159.0,26.0,20.16,22.0,22.94,21.65,8.0,1.24,16.0,0.5,0.6,0.4,18.85,20.6,22.85,20.67,9.0,2.52,16.0,0.6,0.6,0.5,9.88,11.65,12.95,11.46,7.0,2.9,16.0,0.6,0.6,0.4,70.4,75.4,78.7,73.1,7.0,9.6,16.0,0.6,0.4,5.26,8.2,10.1,7.7,9.0,2.25,16.0,0.6,0.6,0.5,-6.58,1.95,4.61,0.05,9.0,5.87,16.0,0.6,0.6,0.5,-6.73,-2.8,5.98,-1.22,9.0,5.97,16.0,0.6,0.6,0.5,1011.61,1017.0,1019.19,1015.59,9.0,4.62,16.0,0.6,0.6,0.5,2.3,4.0,8.0,4.8,9.0,2.7,16.0,0.6,0.6,0.5,-50.5,11.7,31.1,-1.4,9.0,55.1,16.0,0.6,0.6,0.5,-51.4,-23.0,46.2,-12.1,9.0,51.1,16.0,0.6,0.6,0.5,-1.0,0.25,3.11,0.78,8.0,2.24,16.0,0.5,0.6,0.4,-10.5,2.1,22.6,4.4,8.0,16.3,16.0,0.5,0.6,0.4,2.85,3.64,6.46,4.46,7.0,2.38,16.0,0.6,0.6,0.4,26.1,31.2,33.2,31.3,7.0,10.1,16.0,0.6,0.6,0.4,-136.2,35.6,88.5,0.4,9.0,121.6,16.0,0.6,0.6,0.5,-148.0,-58.9,121.5,-21.6,9.0,131.0,16.0,0.6,0.6,0.5,-99.6,22.1,46.2,-7.8,7.0,70.1,16.0,0.6,0.6,0.4,-45.4,-32.9,82.0,-2.4,7.0,76.5,16.0,0.6,0.6,0.4,-28.1,11.0,18.0,2.5,7.0,22.8,16.0,0.6,0.6,0.4,-30.9,-10.7,16.8,-10.0,7.0,24.6,16.0,0.6,0.6,0.4,147.0,551.5,1068.5,560.5,9.0,437.0,16.0,0.6,0.6,0.5,145.0,550.0,1070.0,560.0,9.0,435.0,16.0,0.6,0.6,0.5
1974,2,159.0,27.0,18.87,20.5,21.03,20.23,12.0,1.35,16.0,0.8,0.4,0.7,17.22,19.2,21.98,19.49,14.0,2.48,16.0,0.8,0.4,0.7,7.72,10.22,12.79,10.33,14.0,3.01,16.0,0.8,0.4,0.7,63.4,71.8,82.7,72.6,14.0,15.3,16.0,0.8,0.7,6.26,8.2,10.27,7.79,14.0,2.75,16.0,0.8,0.4,0.7,-7.62,-2.64,6.4,-1.48,14.0,6.49,16.0,0.8,0.4,0.7,-5.15,0.0,6.82,0.38,14.0,5.32,16.0,0.8,0.4,0.7,1011.91,1015.1,1021.15,1016.39,14.0,4.76,16.0,0.8,0.4,0.7,3.1,6.0,6.9,5.1,14.0,2.0,16.0,0.8,0.4,0.7,-62.5,-12.8,64.9,-11.8,14.0,59.6,16.0,0.8,0.4,0.7,-42.6,0.0,49.3,3.5,14.0,48.3,16.0,0.8,0.4,0.7,-1.55,0.05,2.48,0.39,12.0,2.1,16.0,0.8,0.4,0.7,-7.2,2.0,24.6,6.7,12.0,17.2,16.0,0.8,0.4,0.7,1.52,4.58,6.35,4.25,12.0,2.77,16.0,0.8,0.4,0.7,9.4,44.8,58.4,38.3,12.0,24.7,16.0,0.8,0.4,0.7,-150.8,-59.0,121.3,-31.8,14.0,122.5,16.0,0.8,0.4,0.7,-102.5,0.0,144.7,9.9,14.0,99.5,16.0,0.8,0.4,0.7,-74.0,-26.9,56.1,-18.4,14.0,61.0,16.0,0.8,0.4,0.7,-31.3,0.0,85.4,10.9,14.0,52.0,16.0,0.8,0.4,0.7,-50.0,-0.8,38.0,-6.9,12.0,39.2,16.0,0.8,0.4,0.7,-27.8,0.0,19.2,-1.9,12.0,24.9,16.0,0.8,0.4,0.7,247.0,551.5,1083.0,609.5,14.0,373.0,16.0,0.8,0.4,0.7,245.0,550.0,1085.0,610.0,14.0,375.0,16.0,0.8,0.4,0.7
1974,2,159.0,28.0,18.14,18.9,19.81,18.73,16.0,1.1,14.0,0.6,0.5,0.4,15.86,17.2,18.72,17.36,19.0,1.98,16.0,0.7,0.5,0.4,7.14,9.91,10.58,9.31,17.0,2.01,14.0,0.6,0.5,0.4,65.7,80.1,82.7,74.8,17.0,10.9,14.0,0.6,0.4,5.1,7.7,10.87,8.3,19.0,3.55,16.0,0.7,0.5,0.4,-2.01,3.52,10.64,3.32,19.0,6.02,16.0,0.7,0.5,0.4,-8.59,0.0,3.25,-1.21,19.0,5.99,16.0,0.7,0.5,0.4,1012.21,1016.8,1020.9,1016.88,18.0,4.44,16.0,0.7,0.5,0.4,2.0,6.0,8.0,4.9,19.0,2.5,16.0,0.7,0.5,0.4,-14.9,24.4,114.9,37.7,19.0,69.3,16.0,0.7,0.5,0.4,-75.5,0.0,15.3,-20.2,19.0,75.7,16.0,0.7,0.5,0.4,-0.81,1.75,2.5,0.94,16.0,1.87,14.0,0.6,0.5,0.4,-4.6,10.8,22.6,8.0,16.0,17.5,14.0,0.6,0.5,0.4,2.41,4.43,4.93,3.98,15.0,1.96,14.0,0.6,0.5,0.4,14.1,25.2,48.9,29.1,15.0,18.3,14.0,0.6,0.5,0.4,-35.1,64.1,161.3,53.1,19.0,101.8,16.0,0.7,0.5,0.4,-128.2,0.0,59.3,-11.9,19.0,103.6,16.0,0.7,0.5,0.4,-31.5,28.4,86.7,22.4,17.0,55.2,14.0,0.6,0.5,0.4,-72.9,0.0,37.6,-5.1,17.0,63.7,14.0,0.6,0.5,0.4,-6.9,15.0,38.3,10.4,15.0,27.4,14.0,0.6,0.5,0.4,-19.2,0.0,12.8,-4.1,15.0,18.8,14.0,0.6,0.5,0.4,132.5,456.5,1286.0,916.0,19.0,1357.5,16.0,0.7,0.5,0.4,135.0,455.0,1285.0,915.0,19.0,1355.0,16.0,0.7,0.5,0.4
1974,2,159.0,29.0,17.5,18.0,19.31,18.13,16.0,1.27,16.0,0.6,0.6,0.3,15.35,17.05,20.3,17.33,18.0,2.39,16.0,0.6,0.6,0.3,7.74,9.3,10.74,9.34,16.0,1.53,16.0,0.6,0.6,0.3,71.5,74.5,87.7,78.1,16.0,8.5,16.0,0.6,0.3,6.7,8.5,11.78,9.07,18.0,2.76,16.0,0.6,0.6,0.3,-6.32,6.17,10.05,3.55,18.0,7.24,16.0,0.6,0.6,0.3,-4.81,0.0,5.86,0.08,18.0,5.38,16.0,0.6,0.6,0.3,1008.44,1016.1,1019.43,1015.22,16.0,5.25,16.0,0.6,0.6,0.3,2.0,4.0,7.0,4.4,18.0,2.5,16.0,0.6,0.6,0.3,-40.2,43.1,119.0,42.8,18.0,74.1,16.0,0.6,0.6,0.3,-37.0,0.0,46.0,-5.3,18.0,64.3,16.0,0.6,0.6,0.3,-0.42,2.0,3.42,1.25,16.0,2.5,16.0,0.6,0.6,0.3,-3.2,12.9,33.6,14.1,16.0,26.2,16.0,0.6,0.6,0.3,1.57,3.93,5.24,3.59,16.0,1.78,16.0,0.6,0.6,0.3,16.8,29.4,62.5,35.0,16.0,23.8,16.0,0.6,0.6,0.3,-114.1,98.8,152.6,52.0,18.0,125.3,16.0,0.6,0.6,0.3,-70.0,0.0,105.7,3.2,18.0,93.0,16.0,0.6,0.6,0.3,-28.9,67.2,87.3,41.0,16.0,65.4,16.0,0.6,0.6,0.3,-27.0,7.7,58.1,7.7,16.0,48.4,16.0,0.6,0.6,0.3,1.0,19.3,50.6,19.1,16.0,28.8,16.0,0.6,0.6,0.3,-16.2,1.0,14.5,-2.1,16.0,25.3,16.0,0.6,0.6,0.3,301.0,630.5,1655.5,955.0,18.0,914.5,16.0,0.6,0.6,0.3,300.0,630.0,1655.0,955.0,18.0,915.0,16.0,0.6,0.6,0.3
1974,2,159.0,30.0,16.72,17.4,20.0,18.28,14.0,1.86,14.0,0.6,0.4,0.4,12.71,14.85,16.94,14.93,14.0,2.09,14.0,0.6,0.4,0.4,6.66,8.03,8.77,7.95,14.0,1.27,14.0,0.6,0.4,0.4,68.1,73.7,83.6,75.6,14.0,9.5,14.0,0.6,0.4,5.1,8.75,17.0,10.33,14.0,5.82,14.0,0.6,0.4,0.4,0.0,6.39,10.69,4.69,14.0,6.81,14.0,0.6,0.4,0.4,-12.79,-3.56,2.85,-3.68,14.0,8.01,14.0,0.6,0.4,0.4,1012.06,1016.35,1020.59,1016.39,14.0,4.15,14.0,0.6,0.4,0.4,3.0,6.0,8.0,5.5,14.0,2.3,14.0,0.6,0.4,0.4,0.0,51.2,181.0,60.5,14.0,114.1,14.0,0.6,0.4,0.4,-212.9,-23.2,24.4,-50.2,14.0,131.4,14.0,0.6,0.4,0.4,1.81,2.5,5.78,3.35,14.0,2.88,14.0,0.6,0.4,0.4,8.0,21.3,70.7,38.6,14.0,45.9,14.0,0.6,0.4,0.4,3.46,4.55,6.53,5.13,14.0,1.75,14.0,0.6,0.4,0.4,19.0,42.0,98.9,55.6,14.0,40.4,14.0,0.6,0.4,0.4,0.0,88.7,119.7,64.9,14.0,104.4,14.0,0.6,0.4,0.4,-142.7,-52.1,43.3,-49.3,14.0,127.4,14.0,0.6,0.4,0.4,0.0,41.1,80.3,35.0,14.0,57.1,14.0,0.6,0.4,0.4,-96.2,-24.3,24.4,-28.2,14.0,69.4,14.0,0.6,0.4,0.4,0.0,26.3,56.8,24.6,14.0,36.5,14.0,0.6,0.4,0.4,-67.6,-16.2,9.8,-23.1,14.0,49.0,14.0,0.6,0.4,0.4,132.5,678.0,4913.0,2108.0,14.0,2409.5,14.0,0.6,0.4,0.4,135.0,680.0,4915.0,2110.0,14.0,2410.0,14.0,0.6,0.4,0.4
1974,2,159.0,31.0,15.29,15.6,17.0,16.08,11.0,0.96,14.0,0.3,0.5,0.5,13.4,16.0,18.05,15.59,12.0,2.04,14.0,0.3,0.4,0.5,6.57,8.6,9.47,8.38,10.0,2.19,14.0,0.3,0.5,0.5,56.2,75.9,88.7,74.5,10.0,16.7,14.0,0.3,0.5,7.78,10.55,14.65,11.05,12.0,4.03,14.0,0.3,0.4,0.5,6.19,8.98,10.86,8.78,12.0,3.12,14.0,0.3,0.4,0.5,-7.55,0.0,8.69,0.49,12.0,7.44,14.0,0.3,0.4,0.5,1009.49,1013.05,1017.82,1013.54,12.0,5.19,14.0,0.3,0.4,0.5,2.0,5.5,8.0,5.5,12.0,2.4,14.0,0.3,0.4,0.5,49.5,110.8,154.1,106.9,12.0,64.8,14.0,0.3,0.4,0.5,-85.8,0.0,136.1,11.6,12.0,105.1,14.0,0.3,0.4,0.5,-2.18,1.0,2.79,0.53,11.0,2.46,14.0,0.3,0.5,0.5,-21.6,8.5,25.0,2.4,11.0,25.7,14.0,0.3,0.5,0.5,2.31,3.22,4.37,3.03,10.0,2.19,14.0,0.3,0.5,0.5,14.5,37.1,51.0,32.6,10.0,31.0,14.0,0.3,0.5,0.5,96.3,133.3,183.8,139.1,12.0,57.0,14.0,0.3,0.4,0.5,-114.2,0.0,142.2,14.8,12.0,118.7,14.0,0.3,0.4,0.5,41.0,63.4,118.0,72.9,10.0,38.1,14.0,0.3,0.5,0.5,-48.2,7.5,84.6,17.8,10.0,73.9,14.0,0.3,0.5,0.5,10.9,28.5,44.8,25.5,10.0,21.9,14.0,0.3,0.5,0.5,-34.3,-3.5,19.3,-9.4,10.0,28.9,14.0,0.3,0.5,0.5,525.0,1176.0,3155.5,1825.5,12.0,1536.5,14.0,0.3,0.4,0.5,525.0,1175.0,3155.0,1825.0,12.0,1535.0,14.0,0.3,0.4,0.5
1974,2,159.0,32.0,15.87,17.75,19.13,17.31,12.0,2.44,12.0,0.8,0.5,0.4,12.6,13.9,15.63,13.87,12.0,1.57,12.0,0.7,0.5,0.4,6.52,7.36,8.62,7.45,12.0,1.13,12.0,0.7,0.5,0.4,71.5,75.9,80.3,75.3,12.0,7.1,12.0,0.7,0.4,7.86,11.8,16.6,12.46,13.0,5.58,12.0,0.7,0.5,0.5,3.8,11.25,15.41,10.73,13.0,6.15,12.0,0.7,0.5,0.5,-5.87,0.0,3.8,-1.74,13.0,5.79,12.0,0.7,0.5,0.5,1005.26,1013.8,1018.0,1011.39,13.0,7.6,12.0,0.7,0.5,0.5,3.9,6.0,8.0,5.8,13.0,2.4,12.0,0.7,0.5,0.5,23.6,127.7,238.9,161.7,13.0,147.7,12.0,0.7,0.5,0.5,-86.5,0.0,42.4,-24.4,13.0,86.3,12.0,0.7,0.5,0.5,2.0,3.0,6.53,3.9,11.0,2.34,12.0,0.7,0.5,0.4,22.8,47.4,69.1,48.3,11.0,26.9,12.0,0.7,0.5,0.4,4.07,4.67,6.94,5.15,11.0,1.63,12.0,0.7,0.5,0.4,40.3,67.1,91.5,65.7,11.0,29.1,12.0,0.7,0.5,0.4,43.8,148.9,233.8,147.7,12.0,93.3,12.0,0.7,0.5,0.4,-95.3,-14.7,60.8,-21.3,12.0,79.0,12.0,0.7,0.5,0.4,19.2,78.8,134.1,79.8,12.0,50.4,12.0,0.7,0.5,0.4,-54.5,-6.2,32.7,-11.0,12.0,43.2,12.0,0.7,0.5,0.4,24.3,60.6,78.5,53.7,11.0,29.8,12.0,0.7,0.5,0.4,-43.3,0.0,13.7,-13.8,11.0,36.4,12.0,0.7,0.5,0.4,508.0,1643.0,4575.0,3020.0,13.0,3527.5,12.0,0.7,0.5,0.5,510.0,1645.0,4575.0,3020.0,13.0,3530.0,12.0,0.7,0.5,0.5
1974,2,159.0,33.0,15.8,17.0,17.85,16.8,23.0,0.93,14.0,0.6,0.3,0.4,11.21,15.0,16.67,14.4,27.0,2.5,16.0,0.6,0.4,0.4,6.41,7.17,9.7,7.6,24.0,1.61,14.0,0.5,0.4,0.4,60.7,76.0,88.6,75.6,24.0,12.7,14.0,0.5,0.4,4.1,9.55,15.4,10.0,26.0,5.38,16.0,0.6,0.4,0.4,0.0,4.52,11.27,5.37,26.0,6.54,16.0,0.6,0.4,0.4,-2.78,0.89,8.74,2.11,26.0,7.46,16.0,0.6,0.4,0.4,1007.83,1014.0,1022.06,1014.1,27.0,7.21,16.0,0.6,0.4,0.4,6.0,7.0,8.0,6.5,27.0,1.9,16.0,0.6,0.4,0.4,0.0,32.0,147.0,75.6,26.0,108.8,16.0,0.6,0.4,0.4,-41.3,3.4,90.0,18.2,26.0,121.6,16.0,0.6,0.4,0.4,0.25,2.5,6.0,2.84,23.0,2.73,14.0,0.6,0.3,0.4,0.8,24.6,65.9,32.2,23.0,38.3,14.0,0.6,0.3,0.4,2.67,4.97,5.82,4.56,22.0,1.69,14.0,0.5,0.3,0.4,14.7,32.5,83.7,43.1,22.0,33.0,14.0,0.5,0.3,0.4,0.0,61.6,144.5,71.9,26.0,89.1,16.0,0.6,0.4,0.4,-26.3,13.1,135.4,41.5,26.0,103.9,16.0,0.6,0.4,0.4,0.0,30.4,101.6,42.7,23.0,47.6,14.0,0.5,0.4,0.4,-27.4,6.6,83.5,16.5,23.0,59.1,14.0,0.5,0.4,0.4,0.0,16.8,60.6,27.0,22.0,31.3,14.0,0.5,0.3,0.4,-30.3,2.0,27.1,2.4,22.0,35.7,14.0,0.5,0.3,0.4,69.0,873.0,3652.5,1910.5,26.0,2675.5,16.0,0.6,0.4,0.4,70.0,875.0,3650.0,1910.0,26.0,2675.0,16.0,0.6,0.4,0.4
1974,2,159.0,34.0,13.99,14.8,16.0,14.95,13.0,1.03,14.0,0.6,0.5,0.5,10.3,13.0,15.78,12.99,15.0,2.92,14.0,0.6,0.5,0.5,5.49,6.97,9.41,7.28,15.0,1.91,14.0,0.6,0.5,0.5,67.9,74.9,89.6,77.3,15.0,13.1,14.0,0.6,0.5,7.76,11.05,17.77,12.04,14.0,5.07,14.0,0.6,0.5,0.5,0.0,6.23,17.65,7.19,14.0,8.11,14.0,0.6,0.5,0.5,-6.95,1.69,10.5,2.23,14.0,7.43,14.0,0.6,0.5,0.5,1009.17,1014.1,1017.39,1013.3,15.0,8.72,14.0,0.6,0.5,0.5,5.0,7.0,8.0,6.3,15.0,2.3,14.0,0.6,0.5,0.5,0.0,62.7,314.9,118.7,14.0,155.5,14.0,0.6,0.5,0.5,-74.7,11.9,117.5,16.8,14.0,101.7,14.0,0.6,0.5,0.5,-1.11,1.8,4.62,2.1,13.0,3.74,14.0,0.6,0.5,0.5,-15.5,26.4,63.6,26.8,12.0,37.5,16.0,0.6,0.5,0.5,0.91,3.71,5.43,3.25,13.0,2.16,14.0,0.6,0.5,0.5,6.5,29.5,81.2,40.5,12.0,33.7,16.0,0.6,0.5,0.5,0.0,85.2,178.1,91.6,14.0,104.2,14.0,0.6,0.5,0.5,-51.9,19.9,140.4,40.4,14.0,100.4,14.0,0.6,0.5,0.5,0.0,41.8,98.2,49.7,14.0,59.1,14.0,0.6,0.5,0.5,-41.3,10.9,87.3,22.7,14.0,58.6,14.0,0.6,0.5,0.5,0.0,9.3,72.1,24.5,12.0,37.6,16.0,0.6,0.5,0.5,-33.3,4.2,16.2,-1.1,12.0,29.3,16.0,0.6,0.5,0.5,469.5,1351.5,5652.5,2676.0,14.0,3216.5,14.0,0.6,0.5,0.5,470.0,1350.0,5650.0,2675.0,14.0,3215.0,14.0,0.6,0.5,0.5
1974,2,159.0,35.0,10.77,13.5,15.28,13.24,17.0,1.88,14.0,0.6,0.4,0.4,8.26,11.0,13.0,10.71,19.0,2.41,14.0,0.5,0.4,0.4,4.51,5.39,7.65,6.01,15.0,1.48,14.0,0.5,0.4,0.5,59.5,78.8,84.4,73.4,15.0,11.6,14.0,0.5,0.5,9.3,13.9,20.07,13.79,20.0,5.34,14.0,0.6,0.4,0.4,-1.68,9.03,17.72,8.86,20.0,9.77,14.0,0.6,0.4,0.4,-7.69,2.44,7.12,0.28,20.0,7.11,14.0,0.6,0.4,0.4,1000.57,1014.05,1018.96,1011.18,20.0,8.81,14.0,0.6,0.4,0.4,6.0,7.0,8.0,6.8,18.0,1.3,14.0,0.6,0.5,0.4,-16.4,113.2,325.0,157.4,20.0,185.5,14.0,0.6,0.4,0.4,-117.1,13.4,94.1,-5.4,20.0,105.2,14.0,0.6,0.4,0.4,-0.81,1.55,5.72,2.47,16.0,3.2,14.0,0.6,0.4,0.4,-9.5,15.8,89.1,33.5,16.0,54.3,14.0,0.6,0.4,0.4,1.4,3.27,4.95,3.48,15.0,1.79,14.0,0.5,0.4,0.5,12.7,41.1,83.7,46.7,15.0,31.7,14.0,0.5,0.4,0.5,-26.9,104.0,196.7,96.5,19.0,100.9,14.0,0.5,0.4,0.4,-67.7,23.2,82.6,9.2,19.0,69.6,14.0,0.5,0.4,0.4,25.7,58.7,89.0,58.8,15.0,43.6,14.0,0.5,0.4,0.5,-33.6,13.0,47.8,9.6,15.0,40.4,14.0,0.5,0.4,0.5,6.7,36.8,72.2,37.0,15.0,33.4,14.0,0.5,0.4,0.5,-37.5,8.5,13.9,-3.9,15.0,27.3,14.0,0.5,0.4,0.5,804.5,2727.5,8085.5,3732.5,20.0,3458.0,14.0,0.6,0.4,0.4,805.0,2725.0,8085.0,3730.0,20.0,3460.0,14.0,0.6,0.4,0.4
1974,2,159.0,36.0,12.2,13.0,13.5,12.99,10.0,1.06,12.0,0.8,0.4,0.5,8.59,11.0,13.8,10.95,11.0,2.61,12.0,0.7,0.4,0.5,5.47,5.86,8.37,6.52,11.0,1.89,12.0,0.7,0.4,0.5,70.3,80.9,88.4,78.4,11.0,12.1,12.0,0.7,0.5,9.23,17.0,21.13,15.39,11.0,6.59,12.0,0.7,0.4,0.5,0.27,14.4,19.57,10.11,11.0,10.17,12.0,0.7,0.4,0.5,-4.28,0.0,6.9,0.04,11.0,9.39,12.0,0.7,0.4,0.5,998.79,1001.5,1017.95,1005.74,11.0,9.24,12.0,0.7,0.4,0.5,3.0,6.0,8.0,5.5,11.0,2.1,12.0,0.7,0.4,0.5,0.7,207.4,386.7,178.2,11.0,216.2,12.0,0.7,0.4,0.5,-75.2,0.0,93.2,-23.5,11.0,190.5,12.0,0.7,0.4,0.5,-1.33,2.75,4.0,1.95,10.0,2.59,12.0,0.8,0.4,0.5,-14.7,53.9,71.5,40.8,10.0,42.4,12.0,0.8,0.4,0.5,0.44,3.3,4.1,2.77,10.0,2.19,12.0,0.8,0.4,0.5,3.5,63.4,77.3,51.9,10.0,39.4,12.0,0.8,0.4,0.5,2.7,126.9,210.1,105.1,11.0,98.7,12.0,0.7,0.4,0.5,-38.1,0.0,100.6,17.4,11.0,99.1,12.0,0.7,0.4,0.5,1.5,68.6,114.6,57.9,11.0,56.3,12.0,0.7,0.4,0.5,-21.5,0.0,65.0,10.0,11.0,67.0,12.0,0.7,0.4,0.5,-1.6,59.6,76.0,43.6,10.0,44.1,12.0,0.8,0.4,0.5,-23.4,0.0,8.9,-7.7,10.0,20.5,12.0,0.8,0.4,0.5,830.0,4913.0,9534.0,5336.0,11.0,4636.0,12.0,0.7,0.4,0.5,830.0,4915.0,9535.0,5335.0,11.0,4635.0,12.0,0.7,0.4,0.5
1974,2,159.0,37.0,11.75,13.0,14.55,13.35,12.0,1.99,10.0,0.8,0.5,0.4,6.03,7.9,8.47,8.04,14.0,2.67,10.0,0.7,0.5,0.4,4.13,5.35,5.8,5.32,12.0,1.23,10.0,0.7,0.5,0.4,62.2,76.2,99.0,79.7,12.0,14.7,10.0,0.7,0.4,6.79,13.35,17.91,12.41,14.0,6.59,10.0,0.7,0.5,0.4,-2.73,7.71,15.42,6.47,14.0,10.5,10.0,0.7,0.5,0.4,-7.65,-4.41,0.0,-4.11,14.0,6.0,10.0,0.7,0.5,0.4,1000.91,1008.25,1014.95,1007.49,14.0,8.82,10.0,0.7,0.5,0.4,5.0,7.0,8.0,6.5,13.0,1.7,10.0,0.7,0.5,0.5,-21.8,110.2,252.6,123.7,14.0,195.3,10.0,0.7,0.5,0.4,-123.2,-37.1,0.0,-62.9,14.0,94.1,10.0,0.7,0.5,0.4,3.75,4.9,7.25,5.17,12.0,3.11,10.0,0.8,0.5,0.4,15.5,54.0,116.7,63.4,12.0,53.4,10.0,0.8,0.5,0.4,2.64,3.88,5.99,4.16,11.0,1.68,10.0,0.7,0.5,0.4,19.3,56.1,101.3,56.2,11.0,37.0,10.0,0.7,0.5,0.4,-41.8,52.4,109.1,44.0,14.0,82.1,10.0,0.7,0.5,0.4,-55.2,-29.1,0.0,-24.2,14.0,56.1,10.0,0.7,0.5,0.4,-26.5,36.0,72.6,30.4,12.0,56.8,10.0,0.7,0.5,0.4,-39.4,-20.0,3.0,-18.6,12.0,37.2,10.0,0.7,0.5,0.4,-18.4,19.8,80.5,28.9,11.0,51.3,10.0,0.7,0.5,0.4,-45.9,-17.8,-3.7,-23.6,11.0,25.9,10.0,0.7,0.5,0.4,316.5,2423.5,5747.5,3366.0,14.0,3999.0,10.0,0.7,0.5,0.4,315.0,2425.0,5745.0,3365.0,14.0,4000.0,10.0,0.7,0.5,0.4
1974,2,159.0,38.0,11.93,12.2,13.0,12.27,7.0,0.9,18.0,0.9,0.3,0.3,5.48,9.0,15.52,9.54,7.0,4.82,18.0,0.9,0.3,0.3,3.92,5.64,9.6,6.53,5.0,3.04,18.0,0.8,0.4,0.4,73.7,85.1,87.7,81.5,5.0,8.5,18.0,0.8,0.4,9.3,14.4,19.55,14.86,7.0,4.51,18.0,0.9,0.3,0.3,-0.71,3.18,9.44,2.52,7.0,9.08,18.0,0.9,0.3,0.3,-12.86,-8.74,9.67,-4.3,7.0,12.9,18.0,0.9,0.3,0.3,1001.36,1006.0,1014.32,1008.39,7.0,7.86,18.0,0.9,0.3,0.3,5.4,8.0,8.0,6.6,5.0,3.1,18.0,0.8,0.4,0.4,-13.9,29.6,146.9,28.3,7.0,159.1,18.0,0.9,0.3,0.3,-251.8,-81.3,96.2,-82.0,7.0,223.2,18.0,0.9,0.3,0.3,-2.52,4.0,6.64,2.73,7.0,4.15,18.0,0.9,0.3,0.3,-28.6,41.9,95.5,41.7,7.0,58.2,18.0,0.9,0.3,0.3,-0.35,3.25,4.58,2.3,5.0,2.61,18.0,0.8,0.4,0.4,-3.2,30.2,64.9,30.3,5.0,34.8,18.0,0.8,0.4,0.4,-7.1,24.5,52.4,4.2,7.0,71.9,18.0,0.9,0.3,0.3,-127.7,-61.8,154.3,-4.4,7.0,156.0,18.0,0.9,0.3,0.3,0.0,17.9,40.8,20.1,5.0,20.7,18.0,0.8,0.4,0.4,-47.9,-15.7,117.6,28.0,5.0,93.2,18.0,0.8,0.4,0.4,0.0,10.3,48.8,22.6,5.0,27.4,18.0,0.8,0.4,0.4,-36.3,-22.1,-5.6,-21.9,5.0,19.2,18.0,0.8,0.4,0.4,804.5,2986.0,7478.5,4050.0,7.0,3113.0,18.0,0.9,0.3,0.3,805.0,2985.0,7480.0,4050.0,7.0,3115.0,18.0,0.9,0.3,0.3
1974,2,159.0,39.0,6.0,11.0,13.1,10.5,13.0,3.02,16.0,0.5,0.5,0.5,4.96,6.0,8.29,6.85,13.0,2.6,16.0,0.5,0.5,0.5,3.98,5.14,6.55,5.46,12.0,1.73,14.0,0.4,0.5,0.5,69.0,89.2,100.0,85.2,12.0,15.9,14.0,0.4,0.5,6.55,8.7,15.4,10.22,13.0,4.06,16.0,0.5,0.5,0.5,-2.86,6.93,13.05,5.66,13.0,6.9,16.0,0.5,0.5,0.5,-6.28,-3.28,5.27,-1.55,13.0,6.69,16.0,0.5,0.5,0.5,983.12,1011.5,1017.5,1005.74,13.0,16.27,16.0,0.5,0.5,0.5,6.0,6.0,7.4,6.4,11.0,1.1,14.0,0.5,0.5,0.5,-13.4,55.4,171.8,72.9,13.0,96.3,16.0,0.5,0.5,0.5,-53.3,-16.7,81.1,-6.4,13.0,87.0,16.0,0.5,0.5,0.5,0.0,4.4,7.02,3.65,13.0,3.31,16.0,0.5,0.5,0.5,0.0,33.9,56.1,34.1,13.0,37.5,16.0,0.5,0.5,0.5,0.0,3.36,5.24,2.79,12.0,2.35,14.0,0.4,0.5,0.5,0.0,27.4,49.5,25.9,12.0,25.7,14.0,0.4,0.5,0.5,-29.6,31.9,86.8,37.0,13.0,51.3,16.0,0.5,0.5,0.5,-46.3,-23.6,31.6,-4.7,13.0,56.4,16.0,0.5,0.5,0.5,-22.5,23.8,87.0,30.7,12.0,44.5,14.0,0.4,0.5,0.5,-30.7,-16.8,31.7,-0.3,12.0,44.3,14.0,0.4,0.5,0.5,-8.9,6.6,36.2,10.0,12.0,23.5,14.0,0.4,0.5,0.5,-30.5,-12.1,0.0,-15.3,12.0,21.8,14.0,0.4,0.5,0.5,284.5,658.5,3652.5,1537.0,13.0,1424.5,16.0,0.5,0.5,0.5,285.0,660.0,3650.0,1535.0,13.0,1425.0,16.0,0.5,0.5,0.5
1974,2,159.0,40.0,10.44,10.75,11.06,10.75,2.0,0.64,16.0,0.5,0.8,0.4,3.83,3.9,3.97,3.9,2.0,0.14,16.0,0.5,0.8,0.4,3.33,3.43,3.52,3.43,2.0,0.19,16.0,0.5,0.8,0.4,66.0,68.2,70.4,68.2,2.0,4.6,16.0,0.5,0.4,15.06,15.4,15.74,15.4,2.0,0.71,16.0,0.5,0.8,0.4,11.79,12.59,13.4,12.59,2.0,1.67,16.0,0.5,0.8,0.4,-9.32,-8.76,-8.21,-8.76,2.0,1.15,16.0,0.5,0.8,0.4,1004.54,1005.5,1006.46,1005.5,2.0,1.98,16.0,0.5,0.8,0.4,2.3,3.0,3.7,3.0,2.0,1.4,16.0,0.5,0.8,0.4,177.8,194.5,211.2,194.5,2.0,34.6,16.0,0.5,0.8,0.4,-140.1,-134.6,-129.0,-134.6,2.0,11.5,16.0,0.5,0.8,0.4,6.47,6.85,7.23,6.85,2.0,0.78,16.0,0.5,0.8,0.4,101.8,105.2,108.7,105.2,2.0,7.1,16.0,0.5,0.8,0.4,4.57,4.63,4.7,4.63,2.0,0.14,16.0,0.5,0.8,0.4,70.7,71.3,71.9,71.3,2.0,1.2,16.0,0.5,0.8,0.4,45.2,49.2,53.2,49.2,2.0,8.3,16.0,0.5,0.8,0.4,-35.7,-34.1,-32.5,-34.1,2.0,3.2,16.0,0.5,0.8,0.4,41.4,43.0,44.6,43.0,2.0,3.3,16.0,0.5,0.8,0.4,-32.8,-30.1,-27.4,-30.1,2.0,5.6,16.0,0.5,0.8,0.4,55.3,58.2,61.1,58.2,2.0,6.0,16.0,0.5,0.8,0.4,-43.8,-40.7,-37.5,-40.7,2.0,6.5,16.0,0.5,0.8,0.4,3421.0,3664.0,3906.5,3664.0,2.0,503.5,16.0,0.5,0.8,0.4,3420.0,3665.0,3905.0,3665.0,2.0,505.0,16.0,0.5,0.8,0.4
1974,2,159.0,41.0,6.82,7.7,8.37,7.64,5.0,0.96,18.0,0.8,0.5,0.5,2.88,5.5,9.31,5.98,6.0,3.46,18.0,0.7,0.5,0.5,3.89,6.23,7.35,5.73,5.0,1.84,18.0,0.8,0.5,0.5,82.1,96.6,97.9,91.1,5.0,9.7,18.0,0.8,0.5,10.56,14.9,16.33,13.78,6.0,3.7,18.0,0.7,0.5,0.5,1.98,7.66,14.64,8.27,6.0,6.77,18.0,0.7,0.5,0.5,-7.41,1.93,14.43,3.04,6.0,10.14,18.0,0.7,0.5,0.5,996.92,1004.9,1013.16,1003.47,6.0,11.97,18.0,0.7,0.5,0.5,3.5,5.0,7.0,5.3,4.0,2.2,14.0,0.8,0.5,0.5,28.6,74.6,240.6,121.4,6.0,124.9,18.0,0.7,0.5,0.5,-91.2,14.8,211.0,43.8,6.0,148.4,18.0,0.7,0.5,0.5,-1.91,-1.0,5.37,1.06,5.0,4.09,18.0,0.8,0.5,0.5,-28.2,-7.7,70.2,14.6,5.0,56.4,18.0,0.8,0.5,0.5,-0.81,-0.21,3.01,0.79,5.0,2.09,18.0,0.8,0.5,0.5,-12.0,-1.6,39.2,10.7,5.0,29.2,18.0,0.8,0.5,0.5,20.8,31.7,50.8,32.3,6.0,19.3,18.0,0.7,0.5,0.5,-20.4,14.4,140.7,45.3,6.0,78.6,18.0,0.7,0.5,0.5,12.1,35.6,44.0,28.9,5.0,19.4,18.0,0.8,0.5,0.5,-28.6,24.0,109.0,37.0,5.0,69.5,18.0,0.8,0.5,0.5,-2.2,0.0,31.8,12.6,5.0,20.5,18.0,0.8,0.5,0.5,-22.7,-19.9,-4.9,-14.8,5.0,10.2,18.0,0.8,0.5,0.5,1239.0,3319.0,4394.0,3065.0,6.0,1916.0,18.0,0.7,0.5,0.5,1240.0,3320.0,4395.0,3065.0,6.0,1915.0,18.0,0.7,0.5,0.5
1974,2,159.0,42.0,6.0,7.0,7.63,6.96,12.0,0.94,12.0,0.5,0.5,0.5,1.63,5.0,7.94,5.21,14.0,3.14,14.0,0.5,0.5,0.5,3.57,3.89,6.19,4.62,14.0,1.39,14.0,0.5,0.5,0.5,70.1,83.1,94.1,81.3,14.0,12.5,14.0,0.5,0.5,8.3,15.65,17.47,13.66,14.0,5.54,14.0,0.5,0.5,0.5,1.18,8.28,16.43,7.51,14.0,10.19,14.0,0.5,0.5,0.5,-9.42,0.95,7.66,-0.26,14.0,8.19,14.0,0.5,0.5,0.5,989.32,1001.4,1009.84,999.89,14.0,11.35,14.0,0.5,0.5,0.5,5.9,7.0,8.0,6.9,13.0,1.3,12.0,0.5,0.5,0.5,2.7,88.5,286.5,127.6,14.0,190.2,14.0,0.5,0.5,0.5,-104.1,14.1,105.0,-3.0,14.0,123.5,14.0,0.5,0.5,0.5,-0.63,2.25,5.14,2.08,12.0,3.28,12.0,0.5,0.5,0.5,-7.2,29.6,70.0,31.8,12.0,47.3,12.0,0.5,0.5,0.5,0.35,2.19,2.87,1.8,12.0,1.46,12.0,0.5,0.5,0.5,4.2,30.5,46.6,26.5,12.0,23.9,12.0,0.5,0.5,0.5,0.5,25.5,56.8,23.4,14.0,56.3,14.0,0.5,0.5,0.5,-9.6,5.0,70.8,13.3,14.0,48.4,14.0,0.5,0.5,0.5,4.6,38.4,74.4,27.1,14.0,46.6,14.0,0.5,0.5,0.5,-35.6,4.8,52.0,5.9,14.0,38.9,14.0,0.5,0.5,0.5,3.2,19.8,43.8,22.3,12.0,21.6,12.0,0.5,0.5,0.5,-25.5,-4.9,6.4,-8.1,12.0,16.0,12.0,0.5,0.5,0.5,576.0,3836.0,5331.0,3627.5,14.0,3071.5,14.0,0.5,0.5,0.5,575.0,3835.0,5330.0,3630.0,14.0,3070.0,14.0,0.5,0.5,0.5
1974,2,159.0,43.0,5.69,7.15,8.0,6.8,6.0,1.35,14.0,0.5,0.4,0.3,0.48,2.8,5.52,2.91,7.0,2.3,12.0,0.4,0.4,0.3,3.13,3.85,4.53,3.92,6.0,1.09,14.0,0.5,0.4,0.3,69.3,88.7,94.5,83.2,6.0,16.1,14.0,0.5,0.3,10.53,11.3,13.27,11.9,7.0,4.58,12.0,0.4,0.4,0.3,-4.06,3.28,10.26,3.92,7.0,9.59,12.0,0.4,0.4,0.3,-10.22,-5.4,0.49,-4.15,7.0,7.49,12.0,0.4,0.4,0.3,995.21,1012.5,1014.66,1007.77,7.0,15.89,12.0,0.4,0.4,0.3,5.0,7.0,7.0,6.6,7.0,1.1,12.0,0.4,0.4,0.3,-44.1,24.2,139.0,67.0,7.0,157.5,12.0,0.4,0.4,0.3,-110.9,-58.3,10.1,-31.4,7.0,118.4,12.0,0.4,0.4,0.3,1.69,4.5,5.52,4.0,6.0,2.45,14.0,0.5,0.4,0.3,20.1,35.8,69.5,42.9,6.0,29.8,14.0,0.5,0.4,0.3,1.59,2.06,3.21,2.26,6.0,1.02,14.0,0.5,0.4,0.3,17.1,24.6,36.4,25.2,6.0,10.6,14.0,0.5,0.4,0.3,-15.9,1.0,23.5,6.7,7.0,49.3,12.0,0.4,0.4,0.3,-17.5,-5.8,2.7,-1.9,7.0,28.7,12.0,0.4,0.4,0.3,-7.7,19.5,47.9,16.1,6.0,47.0,14.0,0.5,0.4,0.3,-35.7,-13.9,8.9,-10.0,6.0,30.2,14.0,0.5,0.4,0.3,3.0,15.3,23.6,13.4,6.0,14.2,14.0,0.5,0.4,0.3,-21.7,-12.6,3.8,-10.1,6.0,18.2,14.0,0.5,0.4,0.3,1206.0,1443.0,2462.0,2375.0,7.0,2872.5,12.0,0.4,0.4,0.3,1205.0,1445.0,2460.0,2375.0,7.0,2875.0,12.0,0.4,0.4,0.3
1974,2,159.0,44.0,1.78,4.5,5.0,3.83,9.0,1.86,20.0,0.6,0.4,0.4,0.75,2.25,4.13,2.61,12.0,2.03,20.0,0.5,0.3,0.4,2.81,3.77,4.62,3.78,11.0,1.18,20.0,0.5,0.4,0.4,70.3,86.7,100.0,81.9,11.0,17.5,20.0,0.5,0.4,3.9,7.95,13.91,8.73,12.0,4.47,20.0,0.5,0.3,0.4,-3.58,3.26,10.34,3.3,12.0,6.48,20.0,0.5,0.3,0.4,-3.93,0.72,4.92,0.72,12.0,6.97,20.0,0.5,0.3,0.4,1000.22,1012.95,1015.88,1007.5,12.0,13.43,20.0,0.5,0.3,0.4,4.3,8.0,8.0,6.6,11.0,2.4,20.0,0.5,0.4,0.4,-18.1,22.6,141.0,42.8,12.0,74.7,20.0,0.5,0.3,0.4,-32.2,2.1,49.5,9.4,12.0,97.8,20.0,0.5,0.3,0.4,-0.65,2.0,2.73,1.13,9.0,2.35,20.0,0.6,0.4,0.4,-6.6,6.2,29.1,8.2,9.0,24.3,20.0,0.6,0.4,0.4,-0.08,1.34,2.32,1.26,9.0,1.22,20.0,0.6,0.4,0.4,-2.2,4.8,19.7,11.5,9.0,17.2,20.0,0.6,0.4,0.4,-6.9,9.9,27.3,10.6,12.0,20.4,20.0,0.5,0.3,0.4,-6.1,0.0,19.7,9.3,12.0,34.3,20.0,0.5,0.3,0.4,-4.0,17.2,32.2,14.7,11.0,24.7,20.0,0.5,0.4,0.4,-14.3,-5.6,15.8,6.7,11.0,33.7,20.0,0.5,0.4,0.4,-2.8,1.0,18.7,7.3,9.0,12.7,20.0,0.6,0.4,0.4,-10.5,-2.7,-0.7,-7.0,9.0,12.9,20.0,0.6,0.4,0.4,59.5,504.0,2723.0,1172.0,12.0,1432.5,20.0,0.5,0.3,0.4,60.0,505.0,2725.0,1170.0,12.0,1430.0,20.0,0.5,0.3,0.4
1974,2,159.0,45.0,2.5,4.0,5.0,3.62,17.0,1.41,16.0,0.6,0.5,0.4,-1.09,0.0,1.96,0.55,17.0,1.71,16.0,0.6,0.5,0.4,2.81,3.26,3.92,3.37,16.0,0.71,14.0,0.7,0.5,0.4,75.7,81.8,97.3,84.5,16.0,10.9,14.0,0.7,0.4,5.1,9.8,13.9,9.41,17.0,3.86,16.0,0.6,0.5,0.4,0.0,5.1,8.93,4.37,17.0,5.52,16.0,0.6,0.5,0.4,-10.65,-4.04,3.54,-3.05,17.0,6.94,16.0,0.6,0.5,0.4,1001.24,1011.5,1017.82,1009.78,17.0,8.12,16.0,0.6,0.5,0.4,3.0,7.0,7.8,5.8,15.0,2.1,14.0,0.7,0.5,0.5,0.0,26.0,124.2,49.3,17.0,67.8,16.0,0.6,0.5,0.4,-148.0,-29.4,20.7,-38.8,17.0,88.7,16.0,0.6,0.5,0.4,0.81,3.0,5.09,3.07,17.0,2.55,16.0,0.6,0.5,0.4,4.1,20.6,63.8,30.1,17.0,33.4,16.0,0.6,0.5,0.4,1.03,1.68,2.41,1.54,16.0,0.92,14.0,0.7,0.5,0.4,7.6,12.5,28.5,15.0,16.0,12.8,14.0,0.7,0.5,0.4,-6.8,0.0,9.2,1.0,17.0,9.8,16.0,0.6,0.5,0.4,-4.7,0.0,16.0,5.8,17.0,17.4,16.0,0.6,0.5,0.4,0.0,16.6,31.4,13.7,16.0,18.6,14.0,0.7,0.5,0.4,-29.9,-12.5,11.3,-8.7,16.0,29.1,14.0,0.7,0.5,0.4,0.0,8.2,22.1,8.9,16.0,11.0,14.0,0.7,0.5,0.4,-17.5,-8.7,2.3,-8.4,16.0,11.0,14.0,0.7,0.5,0.4,132.5,941.0,2685.5,1230.0,17.0,1168.5,16.0,0.6,0.5,0.4,135.0,940.0,2685.0,1230.0,17.0,1170.0,16.0,0.6,0.5,0.4
1974,2,159.0,46.0,2.98,4.0,4.0,3.5,3.0,0.87,6.0,0.7,0.3,0.6,-2.26,-1.75,-0.71,-1.5,4.0,1.08,6.0,0.8,0.3,0.5,2.54,2.76,3.12,2.83,3.0,0.43,6.0,0.7,0.3,0.6,76.2,86.4,87.5,82.0,3.0,9.2,6.0,0.7,0.6,8.65,10.8,11.32,10.03,4.0,2.27,6.0,0.8,0.3,0.5,4.51,7.26,8.51,6.54,4.0,3.01,6.0,0.8,0.3,0.5,-8.67,-7.28,-5.83,-7.25,4.0,1.69,6.0,0.8,0.3,0.5,1003.5,1005.1,1010.42,1006.88,4.0,5.37,6.0,0.8,0.3,0.5,5.0,6.0,7.5,6.3,4.0,1.5,6.0,0.8,0.3,0.5,43.7,82.2,95.5,70.2,4.0,38.1,6.0,0.8,0.3,0.5,-98.4,-73.8,-49.9,-74.1,4.0,29.2,6.0,0.8,0.3,0.5,4.32,5.0,5.34,4.83,3.0,0.76,6.0,0.7,0.3,0.6,36.6,43.2,54.3,45.4,3.0,13.1,6.0,0.7,0.3,0.6,1.76,1.78,2.37,2.06,3.0,0.51,6.0,0.7,0.3,0.6,14.1,19.3,25.6,19.8,3.0,8.4,6.0,0.7,0.3,0.6,-14.6,-9.9,-2.7,-8.7,4.0,7.2,6.0,0.8,0.3,0.5,3.9,11.9,17.0,10.5,4.0,8.2,6.0,0.8,0.3,0.5,11.6,22.8,22.8,17.3,3.0,9.5,6.0,0.7,0.3,0.6,-24.1,-17.4,-14.5,-19.3,3.0,7.2,6.0,0.7,0.3,0.6,6.7,12.4,20.8,13.7,3.0,10.4,6.0,0.7,0.3,0.6,-14.6,-14.3,-12.1,-13.3,3.0,2.0,6.0,0.7,0.3,0.6,757.5,1259.5,1460.5,1116.0,4.0,572.5,6.0,0.8,0.3,0.5,755.0,1260.0,1460.0,1115.0,4.0,575.0,6.0,0.8,0.3,0.5
1974,2,159.0,47.0,1.95,3.0,5.0,3.04,13.0,1.52,16.0,0.8,0.4,0.4,0.06,2.1,3.09,1.77,14.0,1.55,16.0,0.9,0.4,0.4,3.08,3.94,4.16,3.68,11.0,0.58,16.0,0.8,0.3,0.4,77.8,86.7,92.2,83.9,11.0,13.0,16.0,0.8,0.4,6.26,9.0,18.0,11.86,14.0,6.63,16.0,0.9,0.4,0.4,-16.25,-0.77,8.02,-1.86,14.0,12.05,16.0,0.9,0.4,0.4,-6.1,-2.59,3.11,-0.63,14.0,6.79,16.0,0.9,0.4,0.4,989.06,1000.15,1012.41,999.74,14.0,14.48,16.0,0.9,0.4,0.4,5.4,7.5,8.0,6.9,10.0,1.4,16.0,0.9,0.4,0.3,-276.9,-2.4,65.6,-63.6,14.0,238.1,16.0,0.9,0.4,0.4,-65.0,-16.6,55.9,-0.8,14.0,101.7,16.0,0.9,0.4,0.4,-0.55,0.8,1.74,1.05,13.0,1.97,16.0,0.8,0.4,0.4,-2.3,7.7,21.3,15.2,13.0,31.3,16.0,0.8,0.4,0.4,0.39,0.82,1.9,1.13,10.0,0.84,16.0,0.8,0.4,0.4,4.1,9.9,21.6,16.7,10.0,21.3,16.0,0.8,0.4,0.4,-17.2,-1.9,18.5,0.5,14.0,27.7,16.0,0.9,0.4,0.4,-9.1,1.3,10.7,0.7,14.0,13.9,16.0,0.9,0.4,0.4,-48.8,-6.3,23.7,-5.1,11.0,44.8,16.0,0.8,0.3,0.4,-19.2,-10.6,22.5,0.6,11.0,26.6,16.0,0.8,0.3,0.4,-9.7,-0.7,10.9,-5.5,10.0,25.2,16.0,0.8,0.4,0.4,-13.5,-2.4,2.6,-4.1,10.0,8.7,16.0,0.8,0.4,0.4,247.0,731.5,5832.0,3289.0,14.0,4850.0,16.0,0.9,0.4,0.4,245.0,730.0,5830.0,3290.0,14.0,4850.0,16.0,0.9,0.4,0.4
1974,2,159.0,48.0,1.48,2.3,3.05,2.33,7.0,0.99,12.0,0.4,0.4,0.4,-2.28,0.0,2.78,0.19,8.0,2.74,12.0,0.5,0.5,0.4,2.27,2.69,3.73,3.06,7.0,0.87,12.0,0.4,0.4,0.4,63.7,79.6,91.4,77.8,7.0,16.0,12.0,0.4,0.4,2.88,12.9,13.4,9.72,8.0,6.26,12.0,0.5,0.5,0.4,-4.45,4.15,11.14,3.13,8.0,8.28,12.0,0.5,0.5,0.4,-9.74,-1.87,5.96,-2.58,8.0,7.74,12.0,0.5,0.5,0.4,995.11,998.9,1005.69,999.28,8.0,10.47,12.0,0.5,0.5,0.4,3.8,7.5,8.0,6.3,6.0,2.3,10.0,0.5,0.6,0.4,-22.2,53.5,153.5,55.1,8.0,110.8,12.0,0.5,0.5,0.4,-126.1,-7.0,79.8,-36.9,8.0,115.5,12.0,0.5,0.5,0.4,0.31,2.3,5.55,2.11,7.0,3.32,12.0,0.4,0.4,0.4,-0.9,14.3,36.1,25.5,7.0,42.5,12.0,0.4,0.4,0.4,0.68,1.66,2.47,1.48,7.0,1.09,12.0,0.4,0.4,0.4,-0.1,9.4,23.1,12.8,7.0,14.7,12.0,0.4,0.4,0.4,-19.2,0.0,4.9,-5.7,8.0,18.5,12.0,0.5,0.5,0.4,-3.7,0.0,6.5,6.7,8.0,19.5,12.0,0.5,0.5,0.4,-22.4,0.0,28.8,3.4,7.0,26.4,12.0,0.4,0.4,0.4,-30.6,-4.4,18.6,-4.0,7.0,23.5,12.0,0.4,0.4,0.4,-4.3,1.9,19.6,6.4,7.0,12.3,12.0,0.4,0.4,0.4,-11.2,0.0,6.3,-4.1,7.0,13.8,12.0,0.4,0.4,0.4,30.5,2146.5,2406.0,1827.0,8.0,1806.0,12.0,0.5,0.5,0.4,30.0,2145.0,2405.0,1825.0,8.0,1805.0,12.0,0.5,0.5,0.4
1974,2,159.0,49.0,0.18,1.3,2.1,1.36,13.0,1.11,16.0,0.3,0.4,0.4,-1.0,0.7,1.61,0.64,13.0,1.69,16.0,0.3,0.4,0.4,3.09,3.53,3.73,3.52,13.0,0.5,16.0,0.3,0.4,0.4,81.1,86.5,93.6,87.1,13.0,8.2,16.0,0.3,0.4,7.51,11.0,17.7,12.45,13.0,6.03,16.0,0.3,0.4,0.4,-12.37,2.63,10.87,0.39,13.0,10.03,16.0,0.3,0.4,0.4,-8.77,-0.75,12.78,0.55,13.0,10.17,16.0,0.3,0.4,0.4,976.75,998.2,1010.0,994.02,13.0,17.11,16.0,0.3,0.4,0.4,5.3,7.0,8.0,6.7,10.0,1.8,14.0,0.3,0.4,0.5,-200.5,20.3,126.6,-6.5,13.0,173.9,16.0,0.3,0.4,0.4,-87.9,-1.1,225.2,30.7,13.0,173.4,16.0,0.3,0.4,0.4,-0.73,0.8,3.0,0.72,13.0,2.15,16.0,0.3,0.4,0.4,-5.9,5.7,48.2,13.1,13.0,36.1,16.0,0.3,0.4,0.4,0.26,0.54,1.3,0.74,13.0,0.53,16.0,0.3,0.4,0.4,2.8,5.6,21.8,10.7,13.0,10.3,16.0,0.3,0.4,0.4,-12.5,0.0,6.9,-3.7,13.0,15.0,16.0,0.3,0.4,0.4,-12.7,-1.1,3.0,-0.5,13.0,20.5,16.0,0.3,0.4,0.4,-43.6,8.2,33.2,-0.8,13.0,34.7,16.0,0.3,0.4,0.4,-31.0,-2.9,37.7,1.2,13.0,33.9,16.0,0.3,0.4,0.4,-4.4,1.3,6.6,1.7,13.0,10.4,16.0,0.3,0.4,0.4,-8.0,0.0,12.5,0.7,13.0,10.9,16.0,0.3,0.4,0.4,430.5,1331.0,5567.0,3167.0,13.0,3341.0,16.0,0.3,0.4,0.4,430.0,1330.0,5565.0,3165.0,13.0,3340.0,16.0,0.3,0.4,0.4
1974,2,159.0,50.0,0.79,1.0,1.49,1.18,6.0,0.98,14.0,0.5,0.5,0.4,-4.04,0.75,1.41,-0.45,6.0,2.96,14.0,0.5,0.5,0.4,3.21,3.48,3.65,3.43,4.0,0.28,12.0,0.8,0.6,0.3,74.5,77.7,85.9,80.1,4.0,7.8,12.0,0.8,0.3,7.79,17.3,24.34,16.58,6.0,8.44,14.0,0.5,0.5,0.4,-23.24,-10.32,6.27,-8.39,6.0,15.21,14.0,0.5,0.5,0.4,-10.94,-5.91,4.61,-4.09,6.0,8.08,14.0,0.5,0.5,0.4,982.71,986.5,998.3,990.3,5.0,12.64,12.0,0.6,0.6,0.4,4.9,7.5,8.0,6.5,4.0,2.4,14.0,0.5,0.6,0.4,-567.4,-195.3,58.4,-227.7,6.0,330.7,14.0,0.5,0.5,0.4,-242.5,-80.4,39.8,-101.6,6.0,164.8,14.0,0.5,0.5,0.4,-0.62,1.25,5.06,1.63,6.0,3.17,14.0,0.5,0.5,0.4,-5.1,21.6,52.1,22.7,6.0,34.2,14.0,0.5,0.5,0.4,0.39,0.8,1.28,0.83,4.0,0.54,12.0,0.8,0.6,0.3,6.2,19.8,31.9,19.1,4.0,15.2,12.0,0.8,0.6,0.3,-28.5,-21.6,-8.8,-22.1,6.0,14.6,14.0,0.5,0.5,0.4,-24.1,-15.1,-4.9,-15.1,6.0,9.5,14.0,0.5,0.5,0.4,-74.9,-68.6,-36.7,-56.4,4.0,31.3,12.0,0.8,0.6,0.3,-39.7,-32.9,-20.5,-30.2,4.0,12.4,12.0,0.8,0.6,0.3,-29.8,-17.1,-4.8,-17.3,4.0,15.1,12.0,0.8,0.6,0.3,-10.4,-5.7,-3.6,-7.0,4.0,5.3,12.0,0.8,0.6,0.3,486.5,5743.0,14538.0,7472.5,6.0,7707.0,14.0,0.5,0.5,0.4,485.0,5745.0,14540.0,7475.0,6.0,7705.0,14.0,0.5,0.5,0.4
1974,2,159.0,51.0,,,,,,,,,,,,,,,,,,,,,,,,,,,,,,,,,,,,,,,,5.15,9.55,13.95,9.55,2.0,9.12,8.0,0.5,0.1,0.6,3.48,4.29,5.1,4.29,2.0,1.68,8.0,0.5,0.1,0.6,-12.65,-7.52,-2.39,-7.52,2.0,10.63,8.0,0.5,0.1,0.6,1000.82,1008.4,1015.98,1008.4,2.0,15.7,8.0,0.5,0.1,0.6,,,,,,,,,,,,,,,,,,,,,,,,,,,,,,,,,,,,,,,,,,,,,,,,,,,,,,,,,,,,,,,,,,,,,,,,,,,,,,,,,,,,,,,,,,,,,,,,,,,,,,,,,,,,,,,,,,,,,,,,,,,,,,,,,,,,,,,,,,,,,,,,,,,,,,
1974,2,159.0,52.0,,,,,,,,,,,,,,,,,,,,,,,,,,,,,,,,,,,,,,,,4.1,8.6,13.96,9.14,16.0,5.08,16.0,0.6,0.4,0.7,-8.97,-0.47,5.85,-0.97,16.0,7.97,16.0,0.6,0.4,0.7,-10.39,-5.0,2.49,-4.0,16.0,5.77,16.0,0.6,0.4,0.7,989.82,1005.45,1009.88,1001.14,20.0,10.83,16.0,0.6,0.4,0.7,,,,,,,,,,,,,,,,,,,,,,,,,,,,,,,,,,,,,,,,,,,,,,,,,,,,,,,,,,,,,,,,,,,,,,,,,,,,,,,,,,,,,,,,,,,,,,,,,,,,,,,,,,,,,,,,,,,,,,,,,,,,,,,,,,,,,,,,,,,,,,,,,,,,,,
1974,2,159.0,53.0,,,,,,,,,,,,,,,,,,,,,,,,,,,,,,,,,,,,,,,,3.0,6.2,13.47,7.55,73.0,5.79,14.0,0.4,0.9,0.2,-6.23,0.0,0.77,-1.38,73.0,6.54,14.0,0.4,0.9,0.2,-8.7,-4.63,0.64,-4.08,73.0,5.45,14.0,0.4,0.9,0.2,986.36,1003.8,1009.59,1000.4,80.0,10.73,14.0,0.5,0.9,0.2,,,,,,,,,,,,,,,,,,,,,,,,,,,,,,,,,,,,,,,,,,,,,,,,,,,,,,,,,,,,,,,,,,,,,,,,,,,,,,,,,,,,,,,,,,,,,,,,,,,,,,,,,,,,,,,,,,,,,,,,,,,,,,,,,,,,,,,,,,,,,,,,,,,,,,
1974,2,159.0,54.0,,,,,,,,,,,,,,,,,,,,,,,,,,,,,,,,,,,,,,,,11.8,11.8,11.8,11.8,1.0,0.0,12.0,0.0,0.6,0.2,-5.9,-5.9,-5.9,-5.9,1.0,0.0,12.0,0.0,0.6,0.2,-10.22,-10.22,-10.22,-10.22,1.0,0.0,12.0,0.0,0.6,0.2,981.0,981.0,981.0,981.0,1.0,0.0,12.0,0.0,0.6,0.2,,,,,,,,,,,,,,,,,,,,,,,,,,,,,,,,,,,,,,,,,,,,,,,,,,,,,,,,,,,,,,,,,,,,,,,,,,,,,,,,,,,,,,,,,,,,,,,,,,,,,,,,,,,,,,,,,,,,,,,,,,,,,,,,,,,,,,,,,,,,,,,,,,,,,,
1974,2,160.0,-66.0,,,,,,,,,,,,,,,,,,,,,,,,,,,,,,,,,,,,,,,,13.9,13.9,14.65,14.27,3.0,0.64,20.0,1.0,0.6,0.3,13.69,13.69,14.58,14.13,3.0,0.76,20.0,1.0,0.6,0.3,-1.65,0.0,1.65,0.0,3.0,2.41,20.0,1.0,0.6,0.3,986.34,987.3,987.3,986.83,3.0,0.81,20.0,1.0,0.6,0.3,,,,,,,,,,,,,,,,,,,,,,,,,,,,,,,,,,,,,,,,,,,,,,,,,,,,,,,,,,,,,,,,,,,,,,,,,,,,,,,,,,,,,,,,,,,,,,,,,,,,,,,,,,,,,,,,,,,,,,,,,,,,,,,,,,,,,,,,,,,,,,,,,,,,,,
1974,2,160.0,-46.0,13.8,13.8,13.8,13.8,1.0,0.0,24.0,1.0,0.5,0.5,14.5,14.5,14.5,14.5,1.0,0.0,24.0,1.0,0.5,0.5,8.75,8.75,8.75,8.75,1.0,0.0,24.0,1.0,0.5,0.5,84.9,84.9,84.9,84.9,1.0,0.0,24.0,1.0,0.5,9.3,9.3,9.3,9.3,1.0,0.0,24.0,1.0,0.5,0.5,8.74,8.74,8.74,8.74,1.0,0.0,24.0,1.0,0.5,0.5,-3.18,-3.18,-3.18,-3.18,1.0,0.0,24.0,1.0,0.5,0.5,1006.2,1006.2,1006.2,1006.2,1.0,0.0,24.0,1.0,0.5,0.5,6.0,6.0,6.0,6.0,1.0,0.0,24.0,1.0,0.5,0.5,81.3,81.3,81.3,81.3,1.0,0.0,24.0,1.0,0.5,0.5,-29.6,-29.6,-29.6,-29.6,1.0,0.0,24.0,1.0,0.5,0.5,-0.7,-0.7,-0.7,-0.7,1.0,0.0,24.0,1.0,0.5,0.5,-6.5,-6.5,-6.5,-6.5,1.0,0.0,24.0,1.0,0.5,0.5,1.1,1.1,1.1,1.1,1.0,0.0,24.0,1.0,0.5,0.5,10.2,10.2,10.2,10.2,1.0,0.0,24.0,1.0,0.5,0.5,126.7,126.7,126.7,126.7,1.0,0.0,24.0,1.0,0.5,0.5,-46.1,-46.1,-46.1,-46.1,1.0,0.0,24.0,1.0,0.5,0.5,76.5,76.5,76.5,76.5,1.0,0.0,24.0,1.0,0.5,0.5,-27.8,-27.8,-27.8,-27.8,1.0,0.0,24.0,1.0,0.5,0.5,9.6,9.6,9.6,9.6,1.0,0.0,24.0,1.0,0.5,0.5,-3.5,-3.5,-3.5,-3.5,1.0,0.0,24.0,1.0,0.5,0.5,804.5,804.5,804.5,804.5,1.0,0.0,24.0,1.0,0.5,0.5,805.0,805.0,805.0,805.0,1.0,0.0,24.0,1.0,0.5,0.5
1974,2,160.0,-45.0,15.0,15.0,15.0,15.0,2.0,0.0,18.0,0.0,0.9,0.4,12.48,13.5,14.52,13.5,2.0,2.12,18.0,0.0,0.9,0.4,6.21,6.39,6.57,6.39,2.0,0.37,18.0,0.0,0.9,0.4,64.3,67.2,70.1,67.2,2.0,6.0,18.0,0.0,0.4,5.82,8.45,11.08,8.45,2.0,5.44,18.0,0.0,0.9,0.4,-0.99,3.23,7.46,3.23,2.0,8.75,18.0,0.0,0.9,0.4,4.22,5.72,7.21,5.72,2.0,3.1,18.0,0.0,0.9,0.4,1013.79,1018.3,1022.81,1018.3,2.0,9.33,18.0,0.0,0.9,0.4,6.2,6.5,6.8,6.5,2.0,0.7,18.0,0.0,0.9,0.4,6.9,51.1,95.3,51.1,2.0,91.6,18.0,0.0,0.9,0.4,29.1,56.7,84.4,56.7,2.0,57.3,18.0,0.0,0.9,0.4,0.48,1.5,2.52,1.5,2.0,2.12,18.0,0.0,0.9,0.4,2.2,6.9,11.6,6.9,2.0,9.8,18.0,0.0,0.9,0.4,4.0,4.14,4.27,4.14,2.0,0.27,18.0,0.0,0.9,0.4,24.4,34.2,44.0,34.2,2.0,20.2,18.0,0.0,0.9,0.4,-7.4,52.9,113.3,52.9,2.0,125.0,18.0,0.0,0.9,0.4,54.4,80.4,106.5,80.4,2.0,54.0,18.0,0.0,0.9,0.4,-5.3,22.3,49.8,22.3,2.0,57.1,18.0,0.0,0.9,0.4,26.5,37.1,47.7,37.1,2.0,21.9,18.0,0.0,0.9,0.4,-4.9,12.2,29.2,12.2,2.0,35.3,18.0,0.0,0.9,0.4,17.8,23.2,28.7,23.2,2.0,11.3,18.0,0.0,0.9,0.4,377.0,979.0,1581.0,979.0,2.0,1247.0,18.0,0.0,0.9,0.4,375.0,980.0,1580.0,980.0,2.0,1245.0,18.0,0.0,0.9,0.4
1974,2,160.0,-41.0,18.0,18.0,18.0,18.0,1.0,0.0,10.0,0.0,0.7,1.0,18.0,18.0,18.0,18.0,1.0,0.0,10.0,0.0,0.7,1.0,10.47,10.47,10.47,10.47,1.0,0.0,10.0,0.0,0.7,1.0,82.6,82.6,82.6,82.6,1.0,0.0,10.0,0.0,1.0,3.1,3.1,3.1,3.1,1.0,0.0,10.0,0.0,0.7,1.0,-1.06,-1.06,-1.06,-1.06,1.0,0.0,10.0,0.0,0.7,1.0,2.91,2.91,2.91,2.91,1.0,0.0,10.0,0.0,0.7,1.0,1023.5,1023.5,1023.5,1023.5,1.0,0.0,10.0,0.0,0.7,1.0,8.0,8.0,8.0,8.0,1.0,0.0,10.0,0.0,0.7,1.0,-3.3,-3.3,-3.3,-3.3,1.0,0.0,10.0,0.0,0.7,1.0,9.0,9.0,9.0,9.0,1.0,0.0,10.0,0.0,0.7,1.0,0.0,0.0,0.0,0.0,1.0,0.0,10.0,0.0,0.7,1.0,0.0,0.0,0.0,0.0,1.0,0.0,10.0,0.0,0.7,1.0,2.22,2.22,2.22,2.22,1.0,0.0,10.0,0.0,0.7,1.0,6.9,6.9,6.9,6.9,1.0,0.0,10.0,0.0,0.7,1.0,-19.1,-19.1,-19.1,-19.1,1.0,0.0,10.0,0.0,0.7,1.0,52.4,52.4,52.4,52.4,1.0,0.0,10.0,0.0,0.7,1.0,-11.1,-11.1,-11.1,-11.1,1.0,0.0,10.0,0.0,0.7,1.0,30.5,30.5,30.5,30.5,1.0,0.0,10.0,0.0,0.7,1.0,-2.4,-2.4,-2.4,-2.4,1.0,0.0,10.0,0.0,0.7,1.0,6.5,6.5,6.5,6.5,1.0,0.0,10.0,0.0,0.7,1.0,30.0,30.0,30.0,30.0,1.0,0.0,10.0,0.0,0.7,1.0,30.0,30.0,30.0,30.0,1.0,0.0,10.0,0.0,0.7,1.0
1974,2,160.0,-40.0,19.19,20.0,20.5,19.85,4.0,0.79,22.0,0.5,0.7,0.4,15.67,18.25,19.0,17.38,4.0,2.36,22.0,0.5,0.7,0.4,6.65,8.61,9.68,8.18,4.0,2.4,22.0,0.5,0.7,0.4,56.5,67.0,74.3,65.5,4.0,11.9,22.0,0.5,0.4,4.08,6.65,10.9,7.45,4.0,4.25,22.0,0.5,0.7,0.4,0.3,1.1,3.68,1.95,4.0,2.51,22.0,0.5,0.7,0.4,3.92,5.49,9.93,6.86,4.0,4.24,22.0,0.5,0.7,0.4,1016.83,1021.0,1023.65,1020.28,4.0,5.03,22.0,0.5,0.7,0.4,5.5,6.5,7.5,6.5,4.0,1.3,22.0,0.5,0.7,0.4,1.1,4.7,28.9,14.5,4.0,22.9,22.0,0.5,0.7,0.4,16.2,38.9,114.8,64.3,4.0,70.9,22.0,0.5,0.7,0.4,1.5,1.75,3.52,2.48,4.0,1.63,22.0,0.5,0.7,0.4,7.0,13.3,31.5,19.0,4.0,16.8,22.0,0.5,0.7,0.4,4.82,5.8,7.48,6.13,4.0,1.81,22.0,0.5,0.7,0.4,23.8,42.5,65.8,44.7,4.0,25.3,22.0,0.5,0.7,0.4,5.2,20.4,55.2,29.8,4.0,34.6,22.0,0.5,0.7,0.4,71.6,87.7,172.8,120.6,4.0,84.0,22.0,0.5,0.7,0.4,2.6,9.5,20.8,11.6,4.0,11.9,22.0,0.5,0.7,0.4,31.4,34.9,89.7,59.4,4.0,52.0,22.0,0.5,0.7,0.4,1.6,6.6,29.8,15.3,4.0,22.2,22.0,0.5,0.7,0.4,22.8,41.6,56.7,39.8,4.0,19.7,22.0,0.5,0.7,0.4,71.0,378.0,1438.0,737.5,4.0,979.5,22.0,0.5,0.7,0.4,70.0,380.0,1440.0,735.0,4.0,980.0,22.0,0.5,0.7,0.4
1974,2,160.0,-38.0,24.0,24.0,24.0,24.0,1.0,0.0,12.0,1.0,0.3,0.1,21.0,21.0,21.0,21.0,1.0,0.0,12.0,1.0,0.3,0.1,15.6,15.6,15.6,15.6,1.0,0.0,12.0,1.0,0.3,0.1,100.0,100.0,100.0,100.0,1.0,0.0,12.0,1.0,0.1,12.3,12.3,12.3,12.3,1.0,0.0,12.0,1.0,0.3,0.1,-12.11,-12.11,-12.11,-12.11,1.0,0.0,12.0,1.0,0.3,0.1,-2.14,-2.14,-2.14,-2.14,1.0,0.0,12.0,1.0,0.3,0.1,1004.9,1004.9,1004.9,1004.9,1.0,0.0,12.0,1.0,0.3,0.1,8.0,8.0,8.0,8.0,1.0,0.0,12.0,1.0,0.3,0.1,-149.0,-149.0,-149.0,-149.0,1.0,0.0,12.0,1.0,0.3,0.1,-26.3,-26.3,-26.3,-26.3,1.0,0.0,12.0,1.0,0.3,0.1,3.0,3.0,3.0,3.0,1.0,0.0,12.0,1.0,0.3,0.1,36.9,36.9,36.9,36.9,1.0,0.0,12.0,1.0,0.3,0.1,3.16,3.16,3.16,3.16,1.0,0.0,12.0,1.0,0.3,0.1,38.9,38.9,38.9,38.9,1.0,0.0,12.0,1.0,0.3,0.1,-254.4,-254.4,-254.4,-254.4,1.0,0.0,12.0,1.0,0.3,0.1,-44.9,-44.9,-44.9,-44.9,1.0,0.0,12.0,1.0,0.3,0.1,-189.0,-189.0,-189.0,-189.0,1.0,0.0,12.0,1.0,0.3,0.1,-33.3,-33.3,-33.3,-33.3,1.0,0.0,12.0,1.0,0.3,0.1,-38.3,-38.3,-38.3,-38.3,1.0,0.0,12.0,1.0,0.3,0.1,-6.7,-6.7,-6.7,-6.7,1.0,0.0,12.0,1.0,0.3,0.1,1861.0,1861.0,1861.0,1861.0,1.0,0.0,12.0,1.0,0.3,0.1,1860.0,1860.0,1860.0,1860.0,1.0,0.0,12.0,1.0,0.3,0.1
1974,2,160.0,-37.0,21.4,23.0,24.87,23.06,9.0,1.8,16.0,0.4,0.4,0.4,19.27,20.8,22.73,20.93,9.0,1.62,16.0,0.4,0.4,0.4,10.1,12.31,12.79,12.08,8.0,2.8,16.0,0.5,0.4,0.4,61.9,80.6,87.5,76.8,8.0,14.4,16.0,0.5,0.4,3.14,6.7,8.16,6.04,9.0,3.31,16.0,0.4,0.4,0.4,-5.19,-0.89,4.31,-0.52,9.0,4.39,16.0,0.4,0.4,0.4,1.03,2.96,6.8,3.39,9.0,4.43,16.0,0.4,0.4,0.4,1011.11,1016.1,1017.95,1014.98,9.0,5.2,16.0,0.4,0.4,0.4,3.0,6.0,7.5,5.1,9.0,2.4,16.0,0.4,0.4,0.4,-32.8,-2.3,36.9,1.5,9.0,33.7,16.0,0.4,0.4,0.4,2.4,13.6,54.5,28.3,9.0,49.4,16.0,0.4,0.4,0.4,0.49,2.1,2.95,2.12,9.0,1.85,16.0,0.4,0.4,0.4,0.5,13.8,14.7,9.1,9.0,8.5,16.0,0.4,0.4,0.4,3.14,4.83,8.85,5.36,8.0,2.8,16.0,0.5,0.4,0.4,18.7,25.4,56.4,32.5,8.0,20.3,16.0,0.5,0.4,0.4,-101.4,-16.7,95.1,-6.8,9.0,92.7,16.0,0.4,0.4,0.4,21.4,63.7,140.8,70.9,9.0,100.7,16.0,0.4,0.4,0.4,-48.0,-9.6,54.0,3.0,8.0,57.0,16.0,0.5,0.4,0.4,9.1,34.7,89.5,39.5,8.0,65.5,16.0,0.5,0.4,0.4,-32.9,-4.3,15.2,-9.9,8.0,27.7,16.0,0.5,0.4,0.4,5.5,13.7,28.7,17.4,8.0,19.8,16.0,0.5,0.4,0.4,39.0,301.0,562.0,408.0,9.0,581.0,16.0,0.4,0.4,0.4,40.0,300.0,560.0,410.0,9.0,580.0,16.0,0.4,0.4,0.4
1974,2,160.0,-35.0,22.98,23.7,24.0,23.5,4.0,0.71,16.0,0.3,0.5,0.6,21.96,23.0,24.58,23.3,5.0,1.54,16.0,0.2,0.5,0.7,12.35,14.49,15.58,14.2,5.0,2.13,16.0,0.2,0.5,0.7,72.5,77.1,87.2,79.8,5.0,9.2,16.0,0.2,0.7,3.23,7.7,9.98,6.8,5.0,3.53,16.0,0.2,0.5,0.7,-5.98,-2.76,0.95,-2.74,5.0,4.62,16.0,0.2,0.5,0.7,-1.29,2.31,7.81,3.05,5.0,5.28,16.0,0.2,0.5,0.7,1014.87,1015.7,1017.03,1015.9,5.0,1.29,16.0,0.2,0.5,0.7,1.6,6.0,8.0,5.0,5.0,3.3,16.0,0.2,0.5,0.7,-55.2,-9.9,2.5,-26.5,5.0,43.2,16.0,0.2,0.5,0.7,-13.3,8.3,67.7,23.9,5.0,51.0,16.0,0.2,0.5,0.7,-0.65,0.5,1.39,0.38,4.0,1.6,16.0,0.3,0.5,0.6,-8.6,3.1,6.5,-0.8,4.0,11.4,16.0,0.3,0.5,0.6,3.71,4.45,5.56,4.63,4.0,1.17,16.0,0.3,0.5,0.6,17.2,28.2,37.6,27.5,4.0,12.4,16.0,0.3,0.5,0.6,-149.1,-60.4,20.9,-68.7,5.0,115.4,16.0,0.2,0.5,0.7,-32.9,50.7,183.9,69.2,5.0,125.7,16.0,0.2,0.5,0.7,-93.9,-34.6,11.4,-42.2,5.0,66.2,16.0,0.2,0.5,0.7,-18.7,29.0,125.6,47.2,5.0,80.6,16.0,0.2,0.5,0.7,-28.1,-8.5,6.7,-10.6,4.0,22.1,16.0,0.3,0.5,0.6,-7.3,7.1,24.7,8.6,4.0,20.6,16.0,0.3,0.5,0.6,36.0,456.5,996.5,511.0,5.0,496.5,16.0,0.2,0.5,0.7,35.0,455.0,995.0,510.0,5.0,495.0,16.0,0.2,0.5,0.7
1974,2,160.0,-34.0,23.0,23.0,23.0,23.0,2.0,0.0,24.0,0.5,0.4,0.1,20.1,20.3,20.5,20.3,2.0,0.42,24.0,0.5,0.4,0.1,8.7,8.85,9.0,8.85,2.0,0.32,24.0,0.5,0.4,0.1,59.7,60.0,60.4,60.0,2.0,0.7,24.0,0.5,0.1,7.19,8.25,9.31,8.25,2.0,2.19,24.0,0.5,0.4,0.1,0.27,0.85,1.43,0.85,2.0,1.2,24.0,0.5,0.4,0.1,7.17,8.18,9.18,8.18,2.0,2.09,24.0,0.5,0.4,0.1,1014.07,1014.85,1015.64,1014.85,2.0,1.63,24.0,0.5,0.4,0.1,3.2,3.5,3.8,3.5,2.0,0.7,24.0,0.5,0.4,0.1,2.6,8.3,14.0,8.3,2.0,11.8,24.0,0.5,0.4,0.1,52.8,69.7,86.7,69.7,2.0,35.1,24.0,0.5,0.4,0.1,2.5,2.7,2.9,2.7,2.0,0.42,24.0,0.5,0.4,0.1,20.6,21.8,23.0,21.8,2.0,2.4,24.0,0.5,0.4,0.1,8.46,8.63,8.79,8.63,2.0,0.34,24.0,0.5,0.4,0.1,63.0,70.8,78.5,70.8,2.0,16.1,24.0,0.5,0.4,0.1,5.6,17.5,29.5,17.5,2.0,24.8,24.0,0.5,0.4,0.1,144.3,166.4,188.5,166.4,2.0,45.8,24.0,0.5,0.4,0.1,2.5,7.7,13.0,7.7,2.0,10.9,24.0,0.5,0.4,0.1,62.5,72.7,82.9,72.7,2.0,21.1,24.0,0.5,0.4,0.1,2.3,7.1,12.0,7.1,2.0,10.1,24.0,0.5,0.4,0.1,62.8,70.2,77.5,70.2,2.0,15.2,24.0,0.5,0.4,0.1,402.5,621.0,839.5,621.0,2.0,453.0,24.0,0.5,0.4,0.1,400.0,620.0,840.0,620.0,2.0,455.0,24.0,0.5,0.4,0.1
1974,2,160.0,-32.0,24.66,25.0,25.27,24.97,3.0,0.45,12.0,0.3,0.2,0.4,22.32,23.0,23.61,22.97,3.0,0.95,12.0,0.3,0.2,0.4,15.12,16.6,17.3,16.22,3.0,1.63,12.0,0.3,0.2,0.4,87.0,95.3,98.5,92.8,3.0,8.7,12.0,0.3,0.4,6.75,10.3,10.64,8.73,3.0,3.16,12.0,0.3,0.2,0.4,-7.83,-1.79,-1.17,-4.44,3.0,5.39,12.0,0.3,0.2,0.4,2.87,5.02,8.52,5.68,3.0,4.17,12.0,0.3,0.2,0.4,1007.34,1012.6,1017.86,1012.6,3.0,7.7,12.0,0.3,0.2,0.4,3.6,7.0,7.7,5.7,3.0,3.2,12.0,0.3,0.2,0.4,-84.3,-18.4,-8.9,-45.9,3.0,60.1,12.0,0.3,0.2,0.4,22.0,25.6,79.4,50.1,3.0,47.2,12.0,0.3,0.2,0.4,1.5,1.5,2.52,2.0,3.0,0.87,12.0,0.3,0.2,0.4,10.1,15.5,27.0,18.5,3.0,12.7,12.0,0.3,0.2,0.4,2.86,3.34,4.21,3.53,3.0,1.0,12.0,0.3,0.2,0.4,24.7,27.2,33.2,28.9,3.0,6.4,12.0,0.3,0.2,0.4,-173.3,-42.7,-27.5,-99.0,3.0,117.4,12.0,0.3,0.2,0.4,64.8,115.5,202.1,133.1,3.0,101.7,12.0,0.3,0.2,0.4,-130.5,-31.5,-18.7,-73.6,3.0,89.6,12.0,0.3,0.2,0.4,44.3,72.5,145.1,94.1,3.0,76.2,12.0,0.3,0.2,0.4,-25.7,-4.7,-4.3,-14.8,3.0,17.9,12.0,0.3,0.2,0.4,11.6,23.1,25.6,18.7,3.0,11.0,12.0,0.3,0.2,0.4,437.5,1092.5,1206.5,828.5,3.0,608.5,12.0,0.3,0.2,0.4,435.0,1095.0,1205.0,830.0,3.0,610.0,12.0,0.3,0.2,0.4
1974,2,160.0,-31.0,23.4,24.3,24.62,24.14,7.0,0.59,14.0,0.6,0.4,0.6,22.98,23.9,24.64,23.9,6.0,0.9,14.0,0.5,0.3,0.6,14.55,15.52,15.76,15.09,6.0,1.39,14.0,0.5,0.3,0.6,77.2,82.1,88.6,81.6,6.0,7.4,14.0,0.5,0.6,8.76,9.8,11.9,9.95,6.0,2.02,14.0,0.5,0.3,0.6,-8.08,-5.32,0.3,-3.76,6.0,5.54,14.0,0.5,0.3,0.6,-7.35,4.58,9.48,1.91,6.0,8.42,14.0,0.5,0.3,0.6,1008.32,1010.35,1015.88,1011.57,6.0,4.5,14.0,0.5,0.3,0.6,1.8,5.0,7.2,4.7,6.0,2.7,14.0,0.5,0.3,0.6,-84.6,-51.3,8.2,-36.5,6.0,61.1,14.0,0.5,0.3,0.6,-60.0,42.6,103.0,22.7,6.0,90.3,14.0,0.5,0.3,0.6,-0.53,0.3,1.14,0.22,6.0,1.2,14.0,0.5,0.3,0.6,-4.0,2.9,12.5,3.9,6.0,11.2,14.0,0.5,0.3,0.6,2.82,3.67,4.75,3.69,6.0,1.33,14.0,0.5,0.3,0.6,27.9,41.8,48.0,37.5,6.0,14.6,14.0,0.5,0.3,0.6,-186.3,-127.8,6.2,-88.2,6.0,131.8,14.0,0.5,0.3,0.6,-183.0,110.8,217.2,41.1,6.0,200.9,14.0,0.5,0.3,0.6,-111.3,-81.2,3.8,-53.4,6.0,81.3,14.0,0.5,0.3,0.6,-118.9,64.9,147.1,26.4,6.0,131.6,14.0,0.5,0.3,0.6,-35.7,-20.7,2.8,-17.2,6.0,24.8,14.0,0.5,0.3,0.6,-15.7,22.4,31.6,10.8,6.0,28.2,14.0,0.5,0.3,0.6,700.5,948.5,1688.0,1084.5,6.0,580.5,14.0,0.5,0.3,0.6,700.0,950.0,1690.0,1085.0,6.0,580.0,14.0,0.5,0.3,0.6
1974,2,160.0,-30.0,24.25,24.8,24.8,24.53,3.0,0.46,8.0,0.3,0.5,0.7,24.33,24.6,24.87,24.6,2.0,0.57,6.0,0.5,0.5,0.8,15.88,16.23,16.58,16.23,2.0,0.72,6.0,0.5,0.5,0.8,83.5,83.9,84.3,83.9,2.0,0.8,6.0,0.5,0.8,9.46,9.8,10.14,9.8,2.0,0.71,6.0,0.5,0.5,0.8,-6.49,-3.13,0.23,-3.13,2.0,6.96,6.0,0.5,0.5,0.8,-9.27,-7.4,-5.52,-7.4,2.0,3.88,6.0,0.5,0.5,0.8,1009.04,1009.35,1009.66,1009.35,2.0,0.64,6.0,0.5,0.5,0.8,3.6,5.0,6.4,5.0,2.0,2.8,6.0,0.5,0.5,0.8,-60.1,-28.2,3.6,-28.2,2.0,66.0,6.0,0.5,0.5,0.8,-94.8,-73.9,-53.0,-73.9,2.0,43.3,6.0,0.5,0.5,0.8,-0.2,-0.2,-0.2,-0.2,2.0,0.0,6.0,0.5,0.5,0.8,-2.0,-2.0,-1.9,-2.0,2.0,0.1,6.0,0.5,0.5,0.8,2.89,2.91,2.94,2.91,2.0,0.05,6.0,0.5,0.5,0.8,27.8,28.5,29.3,28.5,2.0,1.6,6.0,0.5,0.5,0.8,-156.9,-75.1,6.7,-75.1,2.0,169.4,6.0,0.5,0.5,0.8,-231.2,-183.1,-134.9,-183.1,2.0,99.7,6.0,0.5,0.5,0.8,-101.8,-48.3,5.1,-48.3,2.0,110.7,6.0,0.5,0.5,0.8,-154.4,-121.4,-88.5,-121.4,2.0,68.4,6.0,0.5,0.5,0.8,-19.2,-9.3,0.6,-9.3,2.0,20.4,6.0,0.5,0.5,0.8,-26.7,-21.5,-16.2,-21.5,2.0,11.0,6.0,0.5,0.5,0.8,850.0,948.5,1047.0,948.5,2.0,204.0,6.0,0.5,0.5,0.8,850.0,950.0,1045.0,950.0,2.0,205.0,6.0,0.5,0.5,0.8
1974,2,160.0,-29.0,23.17,24.6,24.87,24.03,3.0,1.34,10.0,0.3,0.4,0.7,24.13,24.4,26.24,25.17,3.0,1.69,10.0,0.3,0.4,0.7,14.88,15.56,16.7,15.78,3.0,1.34,10.0,0.3,0.4,0.7,76.4,76.5,81.2,78.7,3.0,4.0,10.0,0.3,0.7,3.23,4.6,6.03,4.63,3.0,2.05,10.0,0.3,0.4,0.7,-5.14,-1.99,2.46,-1.35,3.0,5.59,10.0,0.3,0.4,0.7,-0.18,1.16,1.51,0.68,3.0,1.3,10.0,0.3,0.4,0.7,1005.78,1007.9,1010.22,1008.0,3.0,3.25,10.0,0.3,0.4,0.7,3.3,6.0,6.7,5.0,3.0,2.6,10.0,0.3,0.4,0.7,-31.8,-5.2,12.6,-9.5,3.0,32.7,10.0,0.3,0.4,0.7,-1.1,4.3,6.7,2.8,3.0,5.9,10.0,0.3,0.4,0.7,-1.91,-1.5,-0.34,-1.13,3.0,1.19,10.0,0.3,0.4,0.7,-7.8,-3.9,-0.3,-4.1,3.0,5.5,10.0,0.3,0.4,0.7,1.89,2.71,4.12,3.0,3.0,1.65,10.0,0.3,0.4,0.7,6.6,12.5,25.8,16.1,3.0,14.4,10.0,0.3,0.4,0.7,-125.1,-47.8,68.6,-28.7,3.0,142.8,10.0,0.3,0.4,0.7,-5.8,28.4,36.4,15.6,3.0,32.8,10.0,0.3,0.4,0.7,-75.4,-31.0,43.4,-16.4,3.0,88.0,10.0,0.3,0.4,0.7,-4.0,16.9,23.1,9.7,3.0,20.8,10.0,0.3,0.4,0.7,-22.4,-3.0,7.4,-7.4,3.0,22.2,10.0,0.3,0.4,0.7,-0.7,2.5,4.6,2.0,3.0,3.9,10.0,0.3,0.4,0.7,43.0,97.5,236.0,138.5,3.0,146.0,10.0,0.3,0.4,0.7,45.0,95.0,235.0,140.0,3.0,145.0,10.0,0.3,0.4,0.7
1974,2,160.0,-28.0,27.0,27.0,27.0,27.0,1.0,0.0,8.0,0.0,0.1,0.6,24.3,24.3,24.3,24.3,1.0,0.0,8.0,0.0,0.1,0.6,17.43,17.43,17.43,17.43,1.0,0.0,8.0,0.0,0.1,0.6,91.9,91.9,91.9,91.9,1.0,0.0,8.0,0.0,0.6,1.5,1.5,1.5,1.5,1.0,0.0,8.0,0.0,0.1,0.6,1.15,1.15,1.15,1.15,1.0,0.0,8.0,0.0,0.1,0.6,0.96,0.96,0.96,0.96,1.0,0.0,8.0,0.0,0.1,0.6,1011.2,1011.2,1011.2,1011.2,1.0,0.0,8.0,0.0,0.1,0.6,0.0,0.0,0.0,0.0,1.0,0.0,8.0,0.0,0.1,0.6,1.7,1.7,1.7,1.7,1.0,0.0,8.0,0.0,0.1,0.6,1.4,1.4,1.4,1.4,1.0,0.0,8.0,0.0,0.1,0.6,2.7,2.7,2.7,2.7,1.0,0.0,8.0,0.0,0.1,0.6,4.1,4.1,4.1,4.1,1.0,0.0,8.0,0.0,0.1,0.6,4.9,4.9,4.9,4.9,1.0,0.0,8.0,0.0,0.1,0.6,7.4,7.4,7.4,7.4,1.0,0.0,8.0,0.0,0.1,0.6,27.9,27.9,27.9,27.9,1.0,0.0,8.0,0.0,0.1,0.6,23.4,23.4,23.4,23.4,1.0,0.0,8.0,0.0,0.1,0.6,20.0,20.0,20.0,20.0,1.0,0.0,8.0,0.0,0.1,0.6,16.8,16.8,16.8,16.8,1.0,0.0,8.0,0.0,0.1,0.6,5.6,5.6,5.6,5.6,1.0,0.0,8.0,0.0,0.1,0.6,4.7,4.7,4.7,4.7,1.0,0.0,8.0,0.0,0.1,0.6,3.5,3.5,3.5,3.5,1.0,0.0,8.0,0.0,0.1,0.6,5.0,5.0,5.0,5.0,1.0,0.0,8.0,0.0,0.1,0.6
1974,2,160.0,-27.0,25.18,25.35,25.52,25.35,2.0,0.35,16.0,1.0,0.7,0.4,26.83,27.55,28.27,27.55,2.0,1.48,16.0,1.0,0.7,0.4,20.1,20.1,20.1,20.1,1.0,0.0,8.0,1.0,0.9,0.3,92.6,92.6,92.6,92.6,1.0,0.0,8.0,1.0,0.3,4.83,6.4,7.97,6.4,2.0,3.25,16.0,1.0,0.7,0.4,-2.62,-1.84,-1.07,-1.84,2.0,1.6,16.0,1.0,0.7,0.4,-2.1,2.07,6.24,2.07,2.0,8.64,16.0,1.0,0.7,0.4,1010.14,1013.45,1016.76,1013.45,2.0,6.86,16.0,1.0,0.7,0.4,3.2,3.5,3.8,3.5,2.0,0.7,16.0,1.0,0.7,0.4,-22.2,-14.4,-6.6,-14.4,2.0,16.2,16.0,1.0,0.7,0.4,-2.6,27.3,57.2,27.3,2.0,62.0,16.0,1.0,0.7,0.4,-3.09,-2.2,-1.31,-2.2,2.0,1.84,16.0,1.0,0.7,0.4,-26.2,-17.1,-7.9,-17.1,2.0,18.9,16.0,1.0,0.7,0.4,0.49,0.49,0.49,0.49,1.0,0.0,8.0,1.0,0.9,0.3,2.0,2.0,2.0,2.0,1.0,0.0,8.0,1.0,0.9,0.3,-74.6,-52.0,-29.4,-52.0,2.0,46.8,16.0,1.0,0.7,0.4,-52.9,63.4,179.7,63.4,2.0,241.0,16.0,1.0,0.7,0.4,-14.3,-14.3,-14.3,-14.3,1.0,0.0,8.0,1.0,0.9,0.3,-81.2,-81.2,-81.2,-81.2,1.0,0.0,8.0,1.0,0.9,0.3,-0.3,-0.3,-0.3,-0.3,1.0,0.0,8.0,1.0,0.9,0.3,-2.0,-2.0,-2.0,-2.0,1.0,0.0,8.0,1.0,0.9,0.3,162.5,363.5,565.0,363.5,2.0,417.0,16.0,1.0,0.7,0.4,160.0,365.0,565.0,365.0,2.0,415.0,16.0,1.0,0.7,0.4
1974,2,160.0,-25.0,,,,,,,,,,,,,,,,,,,,,,,,,,,,,,,,,,,,,,,,3.1,3.1,3.1,3.1,1.0,0.0,14.0,0.0,0.5,0.7,-2.68,-2.68,-2.68,-2.68,1.0,0.0,14.0,0.0,0.5,0.7,-1.55,-1.55,-1.55,-1.55,1.0,0.0,14.0,0.0,0.5,0.7,1008.0,1008.0,1008.0,1008.0,1.0,0.0,14.0,0.0,0.5,0.7,,,,,,,,,,,,,,,,,,,,,,,,,,,,,,,,,,,,,,,,,,,,,,,,,,,,,,,,,,,,,,,,,,,,,,,,,,,,,,,,,,,,,,,,,,,,,,,,,,,,,,,,,,,,,,,,,,,,,,,,,,,,,,,,,,,,,,,,,,,,,,,,,,,,,,
1974,2,160.0,-24.0,26.0,26.0,26.0,26.0,1.0,0.0,10.0,1.0,0.0,0.5,25.9,25.9,25.9,25.9,1.0,0.0,10.0,1.0,0.0,0.5,17.78,17.78,17.78,17.78,1.0,0.0,10.0,1.0,0.0,0.5,85.1,85.1,85.1,85.1,1.0,0.0,10.0,1.0,0.5,9.3,9.3,9.3,9.3,1.0,0.0,10.0,1.0,0.0,0.5,-7.12,-7.12,-7.12,-7.12,1.0,0.0,10.0,1.0,0.0,0.5,5.98,5.98,5.98,5.98,1.0,0.0,10.0,1.0,0.0,0.5,1009.8,1009.8,1009.8,1009.8,1.0,0.0,10.0,1.0,0.0,0.5,7.0,7.0,7.0,7.0,1.0,0.0,10.0,1.0,0.0,0.5,-66.3,-66.3,-66.3,-66.3,1.0,0.0,10.0,1.0,0.0,0.5,55.6,55.6,55.6,55.6,1.0,0.0,10.0,1.0,0.0,0.5,0.1,0.1,0.1,0.1,1.0,0.0,10.0,1.0,0.0,0.5,0.9,0.9,0.9,0.9,1.0,0.0,10.0,1.0,0.0,0.5,3.29,3.29,3.29,3.29,1.0,0.0,10.0,1.0,0.0,0.5,30.6,30.6,30.6,30.6,1.0,0.0,10.0,1.0,0.0,0.5,-184.5,-184.5,-184.5,-184.5,1.0,0.0,10.0,1.0,0.0,0.5,154.8,154.8,154.8,154.8,1.0,0.0,10.0,1.0,0.0,0.5,-126.7,-126.7,-126.7,-126.7,1.0,0.0,10.0,1.0,0.0,0.5,106.3,106.3,106.3,106.3,1.0,0.0,10.0,1.0,0.0,0.5,-23.4,-23.4,-23.4,-23.4,1.0,0.0,10.0,1.0,0.0,0.5,19.7,19.7,19.7,19.7,1.0,0.0,10.0,1.0,0.0,0.5,804.5,804.5,804.5,804.5,1.0,0.0,10.0,1.0,0.0,0.5,805.0,805.0,805.0,805.0,1.0,0.0,10.0,1.0,0.0,0.5
1974,2,160.0,-23.0,28.4,28.4,28.4,28.4,1.0,0.0,26.0,1.0,0.9,0.9,28.0,28.0,28.0,28.0,1.0,0.0,26.0,1.0,0.9,0.9,18.75,18.75,18.75,18.75,1.0,0.0,26.0,1.0,0.9,0.9,78.9,78.9,78.9,78.9,1.0,0.0,26.0,1.0,0.9,1.0,1.0,1.0,1.0,1.0,0.0,26.0,1.0,0.9,0.9,-1.0,-1.0,-1.0,-1.0,1.0,0.0,26.0,1.0,0.9,0.9,0.0,0.0,0.0,0.0,1.0,0.0,26.0,1.0,0.9,0.9,1005.8,1005.8,1005.8,1005.8,1.0,0.0,26.0,1.0,0.9,0.9,6.0,6.0,6.0,6.0,1.0,0.0,26.0,1.0,0.9,0.9,-1.0,-1.0,-1.0,-1.0,1.0,0.0,26.0,1.0,0.9,0.9,0.0,0.0,0.0,0.0,1.0,0.0,26.0,1.0,0.9,0.9,0.4,0.4,0.4,0.4,1.0,0.0,26.0,1.0,0.9,0.9,0.4,0.4,0.4,0.4,1.0,0.0,26.0,1.0,0.9,0.9,5.66,5.66,5.66,5.66,1.0,0.0,26.0,1.0,0.9,0.9,5.7,5.7,5.7,5.7,1.0,0.0,26.0,1.0,0.9,0.9,-28.0,-28.0,-28.0,-28.0,1.0,0.0,26.0,1.0,0.9,0.9,0.0,0.0,0.0,0.0,1.0,0.0,26.0,1.0,0.9,0.9,-18.7,-18.7,-18.7,-18.7,1.0,0.0,26.0,1.0,0.9,0.9,0.0,0.0,0.0,0.0,1.0,0.0,26.0,1.0,0.9,0.9,-5.7,-5.7,-5.7,-5.7,1.0,0.0,26.0,1.0,0.9,0.9,0.0,0.0,0.0,0.0,1.0,0.0,26.0,1.0,0.9,0.9,1.0,1.0,1.0,1.0,1.0,0.0,26.0,1.0,0.9,0.9,0.0,0.0,0.0,0.0,1.0,0.0,26.0,1.0,0.9,0.9
1974,2,160.0,-19.0,26.2,26.2,26.2,26.2,1.0,0.0,2.0,0.0,0.4,0.3,26.2,26.2,26.2,26.2,1.0,0.0,2.0,0.0,0.4,0.3,19.77,19.77,19.77,19.77,1.0,0.0,2.0,0.0,0.4,0.3,92.0,92.0,92.0,92.0,1.0,0.0,2.0,0.0,0.3,4.6,4.6,4.6,4.6,1.0,0.0,2.0,0.0,0.4,0.3,-4.32,-4.32,-4.32,-4.32,1.0,0.0,2.0,0.0,0.4,0.3,-1.57,-1.57,-1.57,-1.57,1.0,0.0,2.0,0.0,0.4,0.3,1001.2,1001.2,1001.2,1001.2,1.0,0.0,2.0,0.0,0.4,0.3,2.0,2.0,2.0,2.0,1.0,0.0,2.0,0.0,0.4,0.3,-19.9,-19.9,-19.9,-19.9,1.0,0.0,2.0,0.0,0.4,0.3,-7.2,-7.2,-7.2,-7.2,1.0,0.0,2.0,0.0,0.4,0.3,0.0,0.0,0.0,0.0,1.0,0.0,2.0,0.0,0.4,0.3,0.0,0.0,0.0,0.0,1.0,0.0,2.0,0.0,0.4,0.3,1.74,1.74,1.74,1.74,1.0,0.0,2.0,0.0,0.4,0.3,8.0,8.0,8.0,8.0,1.0,0.0,2.0,0.0,0.4,0.3,-113.3,-113.3,-113.3,-113.3,1.0,0.0,2.0,0.0,0.4,0.3,-41.2,-41.2,-41.2,-41.2,1.0,0.0,2.0,0.0,0.4,0.3,-85.5,-85.5,-85.5,-85.5,1.0,0.0,2.0,0.0,0.4,0.3,-31.1,-31.1,-31.1,-31.1,1.0,0.0,2.0,0.0,0.4,0.3,-7.5,-7.5,-7.5,-7.5,1.0,0.0,2.0,0.0,0.4,0.3,-2.7,-2.7,-2.7,-2.7,1.0,0.0,2.0,0.0,0.4,0.3,97.5,97.5,97.5,97.5,1.0,0.0,2.0,0.0,0.4,0.3,95.0,95.0,95.0,95.0,1.0,0.0,2.0,0.0,0.4,0.3
1974,2,160.0,-18.0,28.0,28.0,28.0,28.0,1.0,0.0,6.0,0.0,0.6,0.2,27.5,27.5,27.5,27.5,1.0,0.0,6.0,0.0,0.6,0.2,20.12,20.12,20.12,20.12,1.0,0.0,6.0,0.0,0.6,0.2,87.3,87.3,87.3,87.3,1.0,0.0,6.0,0.0,0.2,6.2,6.2,6.2,6.2,1.0,0.0,6.0,0.0,0.6,0.2,-3.1,-3.1,-3.1,-3.1,1.0,0.0,6.0,0.0,0.6,0.2,-5.37,-5.37,-5.37,-5.37,1.0,0.0,6.0,0.0,0.6,0.2,1007.7,1007.7,1007.7,1007.7,1.0,0.0,6.0,0.0,0.6,0.2,8.0,8.0,8.0,8.0,1.0,0.0,6.0,0.0,0.6,0.2,-19.2,-19.2,-19.2,-19.2,1.0,0.0,6.0,0.0,0.6,0.2,-33.3,-33.3,-33.3,-33.3,1.0,0.0,6.0,0.0,0.6,0.2,0.5,0.5,0.5,0.5,1.0,0.0,6.0,0.0,0.6,0.2,3.1,3.1,3.1,3.1,1.0,0.0,6.0,0.0,0.6,0.2,3.67,3.67,3.67,3.67,1.0,0.0,6.0,0.0,0.6,0.2,22.7,22.7,22.7,22.7,1.0,0.0,6.0,0.0,0.6,0.2,-85.2,-85.2,-85.2,-85.2,1.0,0.0,6.0,0.0,0.6,0.2,-147.7,-147.7,-147.7,-147.7,1.0,0.0,6.0,0.0,0.6,0.2,-62.4,-62.4,-62.4,-62.4,1.0,0.0,6.0,0.0,0.6,0.2,-108.0,-108.0,-108.0,-108.0,1.0,0.0,6.0,0.0,0.6,0.2,-11.4,-11.4,-11.4,-11.4,1.0,0.0,6.0,0.0,0.6,0.2,-19.7,-19.7,-19.7,-19.7,1.0,0.0,6.0,0.0,0.6,0.2,238.5,238.5,238.5,238.5,1.0,0.0,6.0,0.0,0.6,0.2,240.0,240.0,240.0,240.0,1.0,0.0,6.0,0.0,0.6,0.2
1974,2,160.0,-17.0,27.63,29.4,29.87,28.88,5.0,1.38,14.0,0.4,0.6,0.8,25.59,27.75,31.1,28.0,6.0,2.92,16.0,0.5,0.5,0.7,18.14,20.3,21.4,19.88,5.0,2.05,16.0,0.4,0.5,0.7,81.5,88.7,92.1,87.1,5.0,5.8,16.0,0.4,0.7,1.97,4.6,6.7,4.22,5.0,2.81,16.0,0.6,0.6,0.8,-5.7,-4.53,-1.85,-3.86,5.0,2.55,16.0,0.6,0.6,0.8,-1.57,0.0,0.89,-0.49,5.0,2.19,16.0,0.6,0.6,0.8,1005.0,1006.15,1009.22,1007.13,6.0,2.71,16.0,0.5,0.5,0.7,2.6,4.0,5.6,4.2,6.0,2.3,16.0,0.5,0.5,0.7,-38.2,-20.8,-5.7,-21.8,5.0,18.2,16.0,0.6,0.6,0.8,-10.5,0.0,3.4,-4.4,5.0,13.8,16.0,0.6,0.6,0.8,-2.6,1.0,4.53,0.98,5.0,4.26,14.0,0.4,0.6,0.8,-18.0,0.0,25.0,3.3,4.0,30.6,14.0,0.5,0.7,0.9,3.31,5.36,8.81,6.03,4.0,3.39,12.0,0.3,0.6,0.8,12.0,14.1,51.7,31.5,3.0,32.7,14.0,0.3,0.8,0.9,-155.3,-122.3,-57.3,-109.4,5.0,75.9,16.0,0.6,0.6,0.8,-37.7,0.0,25.7,-9.8,5.0,54.2,16.0,0.6,0.6,0.8,-91.1,-76.6,-31.2,-61.8,4.0,43.0,16.0,0.5,0.7,0.8,-38.6,8.3,20.4,-8.3,4.0,44.7,16.0,0.5,0.7,0.8,-40.6,-13.8,-11.5,-25.8,3.0,23.7,14.0,0.3,0.8,0.9,-29.6,2.4,3.4,-12.8,3.0,27.5,14.0,0.3,0.8,0.9,19.0,97.5,301.0,145.5,5.0,146.0,16.0,0.6,0.6,0.8,20.0,95.0,300.0,145.0,5.0,145.0,16.0,0.6,0.6,0.8
1974,2,160.0,-16.0,27.75,28.25,29.98,28.61,12.0,1.26,14.0,0.8,0.4,0.5,26.6,28.75,30.38,28.57,12.0,1.96,14.0,0.8,0.4,0.5,18.55,19.7,21.28,19.83,11.0,1.29,16.0,0.8,0.4,0.5,74.2,79.1,88.8,80.5,12.0,7.8,14.0,0.8,0.5,3.27,5.1,8.65,5.56,11.0,3.12,16.0,0.8,0.4,0.5,-6.08,0.0,2.33,-1.42,11.0,4.79,16.0,0.8,0.4,0.5,-5.34,0.0,2.11,-1.52,11.0,4.0,16.0,0.8,0.4,0.5,1004.35,1005.8,1007.91,1006.06,11.0,2.16,16.0,0.8,0.4,0.5,3.0,4.5,7.0,4.8,12.0,2.0,14.0,0.8,0.4,0.5,-42.0,0.0,11.9,-8.5,11.0,41.1,16.0,0.8,0.4,0.5,-31.1,0.0,13.9,-11.1,11.0,34.1,16.0,0.8,0.4,0.5,-2.25,0.25,2.0,0.04,12.0,2.34,14.0,0.8,0.4,0.5,-9.9,0.0,11.1,0.8,11.0,11.7,16.0,0.8,0.4,0.5,2.33,5.09,6.9,4.88,11.0,2.66,16.0,0.8,0.4,0.5,4.5,21.2,48.6,28.7,11.0,26.7,16.0,0.8,0.4,0.5,-169.9,0.0,60.5,-41.6,11.0,136.5,16.0,0.8,0.4,0.5,-154.9,0.0,58.0,-43.0,11.0,114.3,16.0,0.8,0.4,0.5,-120.0,0.0,43.0,-28.5,11.0,93.0,16.0,0.8,0.4,0.5,-103.0,0.0,38.4,-30.6,11.0,77.4,16.0,0.8,0.4,0.5,-26.6,0.0,16.2,-1.2,11.0,28.7,16.0,0.8,0.4,0.5,-26.5,0.0,14.8,-8.8,11.0,26.6,16.0,0.8,0.4,0.5,44.5,132.5,656.0,319.5,11.0,398.0,16.0,0.8,0.4,0.5,45.0,135.0,655.0,320.0,11.0,400.0,16.0,0.8,0.4,0.5
1974,2,160.0,-15.0,28.0,28.2,29.02,28.47,6.0,0.61,12.0,0.7,0.4,0.3,26.31,27.05,27.84,27.0,6.0,0.94,12.0,0.7,0.4,0.3,18.71,19.85,21.11,20.0,6.0,1.34,12.0,0.7,0.4,0.3,85.6,89.1,93.3,89.4,6.0,4.7,12.0,0.7,0.3,1.88,2.6,6.2,3.72,5.0,2.3,12.0,0.6,0.4,0.3,-3.31,-2.1,-1.15,-2.36,5.0,1.77,12.0,0.6,0.4,0.3,-4.1,-2.44,-0.48,-2.42,5.0,2.28,12.0,0.6,0.4,0.3,1007.16,1008.25,1010.28,1008.58,6.0,1.58,12.0,0.7,0.4,0.3,5.2,7.0,7.0,6.0,6.0,2.0,12.0,0.7,0.4,0.3,-20.5,-4.4,-2.2,-11.0,5.0,13.3,12.0,0.6,0.4,0.3,-25.4,-6.4,-0.7,-12.6,5.0,15.2,12.0,0.6,0.4,0.3,0.16,1.45,2.76,1.47,6.0,1.37,12.0,0.7,0.4,0.3,0.2,1.3,9.4,4.6,5.0,6.3,12.0,0.6,0.4,0.3,2.98,4.88,5.68,4.45,6.0,1.66,12.0,0.7,0.4,0.3,8.6,11.0,22.0,15.6,5.0,13.6,12.0,0.6,0.4,0.3,-89.7,-55.6,-31.9,-63.6,5.0,46.2,12.0,0.6,0.4,0.3,-111.7,-67.4,-13.2,-66.7,5.0,63.4,12.0,0.6,0.4,0.3,-66.2,-43.8,-23.1,-46.9,5.0,32.2,12.0,0.6,0.4,0.3,-83.6,-47.1,-9.7,-49.7,5.0,49.8,12.0,0.6,0.4,0.3,-19.3,-4.3,-4.0,-11.4,5.0,13.0,12.0,0.6,0.4,0.3,-14.4,-10.3,-1.6,-8.8,5.0,7.8,12.0,0.6,0.4,0.3,7.0,17.5,238.5,101.5,5.0,125.0,12.0,0.6,0.4,0.3,5.0,20.0,240.0,100.0,5.0,125.0,12.0,0.6,0.4,0.3
1974,2,160.0,-14.0,27.92,28.4,29.49,28.7,3.0,1.18,12.0,0.3,0.6,0.6,26.84,28.0,28.61,27.73,3.0,1.32,12.0,0.3,0.6,0.6,16.73,18.68,19.67,18.21,3.0,2.19,12.0,0.3,0.6,0.6,74.0,74.9,81.3,77.6,3.0,5.8,12.0,0.3,0.6,4.43,6.2,10.77,7.57,3.0,4.8,12.0,0.3,0.6,0.6,-0.89,1.08,9.01,3.99,3.0,7.68,12.0,0.3,0.6,0.6,-1.42,2.24,4.88,1.74,3.0,4.63,12.0,0.3,0.6,0.6,1001.97,1003.2,1007.23,1004.57,3.0,4.03,12.0,0.3,0.6,0.6,3.3,6.0,7.4,5.3,3.0,3.1,12.0,0.3,0.6,0.6,-2.3,6.7,114.0,54.7,3.0,94.8,12.0,0.3,0.6,0.6,1.5,28.9,35.0,18.5,3.0,26.1,12.0,0.3,0.6,0.6,0.14,1.1,1.78,0.97,3.0,1.21,12.0,0.3,0.6,0.6,-1.4,4.0,10.1,4.4,3.0,8.5,12.0,0.3,0.6,0.6,4.87,8.04,8.45,6.69,3.0,2.87,12.0,0.3,0.6,0.6,33.6,43.7,50.5,42.1,3.0,12.4,12.0,0.3,0.6,0.6,-26.5,28.3,251.8,110.7,3.0,216.0,12.0,0.3,0.6,0.6,-41.6,62.7,129.5,44.4,3.0,126.3,12.0,0.3,0.6,0.6,-17.5,17.0,180.0,79.7,3.0,154.5,12.0,0.3,0.6,0.6,-25.5,45.1,80.3,27.8,3.0,78.9,12.0,0.3,0.6,0.6,-6.9,9.3,32.4,12.6,3.0,28.9,12.0,0.3,0.6,0.6,-14.7,7.6,38.4,11.8,3.0,39.1,12.0,0.3,0.6,0.6,107.5,238.5,1541.0,810.5,3.0,1161.0,12.0,0.3,0.6,0.6,105.0,240.0,1540.0,810.0,3.0,1160.0,12.0,0.3,0.6,0.6
1974,2,160.0,-13.0,28.4,28.4,28.4,28.4,1.0,0.0,26.0,1.0,0.9,0.9,28.0,28.0,28.0,28.0,1.0,0.0,26.0,1.0,0.9,0.9,18.63,18.63,18.63,18.63,1.0,0.0,26.0,1.0,0.9,0.9,78.4,78.4,78.4,78.4,1.0,0.0,26.0,1.0,0.9,,,,,,,,,,,,,,,,,,,,,,,,,,,,,,,,,,,,,,,,,,,,,,,,,,,,,,,,,,,,,,,,,,,,,,,,,,,,,,,,,,,,,,,,,,,,,,,,,,,,,,,,,,,,,,,,,,,,,,,,,,,,,,,,,,,,,,,,,,,,,,,,,,,,,,,,,,,,,,,,,,,,,,,,,,,,,,,,,,,,,,,,,,,,,,
1974,2,160.0,-12.0,29.0,29.0,29.0,29.0,1.0,0.0,16.0,0.0,0.1,0.9,28.2,28.2,28.2,28.2,1.0,0.0,16.0,0.0,0.1,0.9,18.33,18.33,18.33,18.33,1.0,0.0,16.0,0.0,0.1,0.9,76.1,76.1,76.1,76.1,1.0,0.0,16.0,0.0,0.9,,,,,,,,,,,,,,,,,,,,,,,,,,,,,,,,,,,,,,,,,,,,,,,,,,,,,,,,,,,,,,,,,,,,,,,,,,,,,,,,,,,,,,,,,,,,,,,,,,,,,,,,,,,,,,,,,,,,,,,,,,,,,,,,,,,,,,,,,,,,,,,,,,,,,,,,,,,,,,,,,,,,,,,,,,,,,,,,,,,,,,,,,,,,,,
1974,2,160.0,-11.0,28.8,28.8,28.8,28.8,1.0,0.0,16.0,0.0,0.8,0.6,28.3,28.3,28.3,28.3,1.0,0.0,16.0,0.0,0.8,0.6,18.74,18.74,18.74,18.74,1.0,0.0,16.0,0.0,0.8,0.6,77.5,77.5,77.5,77.5,1.0,0.0,16.0,0.0,0.6,,,,,,,,,,,,,,,,,,,,,,,,,,,,,,,,,,,,,,,,,,,,,,,,,,,,,,,,,,,,,,,,,,,,,,,,,,,,,,,,,,,,,,,,,,,,,,,,,,,,,,,,,,,,,,,,,,,,,,,,,,,,,,,,,,,,,,,,,,,,,,,,,,,,,,,,,,,,,,,,,,,,,,,,,,,,,,,,,,,,,,,,,,,,,,
1974,2,160.0,-8.0,,,,,,,,,,,,,,,,,,,,,,,,,,,,,,,,,,,,,,,,4.1,4.1,4.1,4.1,1.0,0.0,24.0,0.0,0.3,0.5,-4.04,-4.04,-4.04,-4.04,1.0,0.0,24.0,0.0,0.3,0.5,0.71,0.71,0.71,0.71,1.0,0.0,24.0,0.0,0.3,0.5,1004.5,1004.5,1004.5,1004.5,1.0,0.0,24.0,0.0,0.3,0.5,,,,,,,,,,,,,,,,,,,,,,,,,,,,,,,,,,,,,,,,,,,,,,,,,,,,,,,,,,,,,,,,,,,,,,,,,,,,,,,,,,,,,,,,,,,,,,,,,,,,,,,,,,,,,,,,,,,,,,,,,,,,,,,,,,,,,,,,,,,,,,,,,,,,,,
1974,2,160.0,-7.0,28.5,28.5,28.5,28.5,1.0,0.0,24.0,1.0,0.6,0.3,28.0,28.0,28.0,28.0,1.0,0.0,24.0,1.0,0.6,0.3,16.62,16.62,16.62,16.62,1.0,0.0,24.0,1.0,0.6,0.3,69.9,69.9,69.9,69.9,1.0,0.0,24.0,1.0,0.3,0.95,2.0,3.36,2.15,4.0,1.89,14.0,0.5,0.7,0.8,-1.2,0.94,1.94,0.39,4.0,2.02,14.0,0.5,0.7,0.8,-2.09,0.0,0.36,-0.82,4.0,2.13,14.0,0.5,0.7,0.8,1006.69,1010.4,1010.97,1008.9,4.0,3.63,14.0,0.5,0.7,0.8,1.5,2.0,3.0,2.3,4.0,1.3,14.0,0.5,0.7,0.8,-5.5,1.9,3.9,-0.7,4.0,6.8,14.0,0.5,0.7,0.8,-9.6,0.0,0.7,-4.2,4.0,9.4,14.0,0.5,0.7,0.8,0.5,0.5,0.5,0.5,1.0,0.0,24.0,1.0,0.6,0.3,2.3,2.3,2.3,2.3,1.0,0.0,24.0,1.0,0.6,0.3,7.98,7.98,7.98,7.98,1.0,0.0,24.0,1.0,0.6,0.3,36.7,36.7,36.7,36.7,1.0,0.0,24.0,1.0,0.6,0.3,-64.4,-64.4,-64.4,-64.4,1.0,0.0,24.0,1.0,0.6,0.3,-111.5,-111.5,-111.5,-111.5,1.0,0.0,24.0,1.0,0.6,0.3,-38.2,-38.2,-38.2,-38.2,1.0,0.0,24.0,1.0,0.6,0.3,-66.2,-66.2,-66.2,-66.2,1.0,0.0,24.0,1.0,0.6,0.3,-18.4,-18.4,-18.4,-18.4,1.0,0.0,24.0,1.0,0.6,0.3,-31.8,-31.8,-31.8,-31.8,1.0,0.0,24.0,1.0,0.6,0.3,4.0,8.0,55.0,28.5,4.0,46.0,14.0,0.5,0.7,0.8,5.0,10.0,55.0,30.0,4.0,45.0,14.0,0.5,0.7,0.8
1974,2,160.0,-6.0,28.05,28.35,29.02,28.53,4.0,0.64,10.0,0.3,0.6,0.6,26.21,27.4,27.9,27.08,4.0,1.14,10.0,0.3,0.6,0.6,16.88,18.07,19.29,18.08,4.0,1.44,10.0,0.3,0.6,0.6,77.1,81.5,83.4,80.3,4.0,4.4,10.0,0.3,0.6,1.11,2.3,7.25,3.51,8.0,2.87,10.0,0.6,0.6,0.6,-1.97,-0.24,1.78,-0.56,8.0,2.4,10.0,0.6,0.6,0.6,-5.59,-1.18,-0.08,-2.47,8.0,3.04,10.0,0.6,0.6,0.6,1004.53,1008.4,1009.36,1007.51,8.0,2.23,10.0,0.6,0.6,0.6,3.0,4.0,8.0,5.0,8.0,2.6,10.0,0.6,0.6,0.6,-11.1,-2.1,3.5,-6.5,8.0,13.9,10.0,0.6,0.6,0.6,-41.6,-2.9,-0.2,-16.2,8.0,25.3,10.0,0.6,0.6,0.6,0.9,1.2,2.03,1.45,4.0,0.81,10.0,0.3,0.6,0.6,5.0,6.7,8.9,6.9,4.0,2.9,10.0,0.3,0.6,0.6,6.01,6.49,7.02,6.51,4.0,0.61,10.0,0.3,0.6,0.6,21.6,36.9,47.8,34.8,4.0,15.4,10.0,0.3,0.6,0.6,-96.8,-49.7,-43.9,-69.4,4.0,46.4,10.0,0.3,0.6,0.6,-196.2,-124.7,-62.4,-129.1,4.0,81.4,10.0,0.3,0.6,0.6,-67.3,-32.1,-28.3,-47.1,4.0,33.6,10.0,0.3,0.6,0.6,-135.1,-83.7,-39.7,-87.2,4.0,57.1,10.0,0.3,0.6,0.6,-22.5,-13.3,-10.6,-16.4,4.0,9.8,10.0,0.3,0.6,0.6,-42.1,-29.6,-16.7,-29.4,4.0,15.7,10.0,0.3,0.6,0.6,2.0,13.0,411.0,136.5,8.0,229.0,10.0,0.6,0.6,0.6,0.0,15.0,410.0,135.0,8.0,230.0,10.0,0.6,0.6,0.6
1974,2,160.0,-5.0,28.18,28.75,29.08,28.7,6.0,0.49,6.0,0.7,0.3,0.5,27.13,28.4,28.68,28.03,6.0,0.94,6.0,0.7,0.3,0.5,17.14,19.22,20.26,18.82,5.0,1.75,8.0,0.6,0.3,0.5,77.8,79.6,81.9,79.7,6.0,4.0,6.0,0.7,0.5,2.6,3.0,8.61,5.07,10.0,3.14,8.0,0.7,0.3,0.6,-2.95,-1.0,0.88,-1.08,10.0,2.17,8.0,0.7,0.3,0.6,-8.1,-2.98,-1.76,-4.55,10.0,3.06,8.0,0.7,0.3,0.6,1005.77,1008.45,1011.4,1008.61,10.0,2.61,10.0,0.6,0.4,0.6,3.8,7.0,8.0,5.9,11.0,2.4,8.0,0.7,0.3,0.6,-25.6,-2.6,2.4,-7.6,10.0,16.7,8.0,0.7,0.3,0.6,-70.3,-8.9,-4.3,-31.6,10.0,35.0,8.0,0.7,0.3,0.6,0.2,0.7,0.99,0.67,6.0,0.63,6.0,0.7,0.3,0.5,1.3,3.6,5.9,3.3,6.0,2.9,6.0,0.7,0.3,0.5,4.65,6.08,6.91,5.81,5.0,1.33,8.0,0.6,0.3,0.5,18.4,36.6,46.5,34.3,5.0,17.2,8.0,0.6,0.3,0.5,-100.9,-65.4,-31.9,-61.2,6.0,62.7,6.0,0.7,0.3,0.5,-253.5,-189.3,-45.3,-165.1,6.0,99.7,6.0,0.7,0.3,0.5,-57.5,-34.7,-9.1,-30.8,5.0,38.1,8.0,0.6,0.3,0.5,-183.7,-143.9,-28.7,-113.8,5.0,79.6,8.0,0.6,0.3,0.5,-13.8,-13.3,-4.2,-8.7,5.0,10.7,8.0,0.6,0.3,0.5,-44.7,-34.4,-11.8,-30.6,5.0,19.7,8.0,0.6,0.3,0.5,17.5,27.0,655.5,278.5,10.0,362.0,8.0,0.7,0.3,0.6,20.0,25.0,655.0,280.0,10.0,360.0,8.0,0.7,0.3,0.6
1974,2,160.0,-4.0,28.2,28.2,28.2,28.2,1.0,0.0,14.0,0.0,0.4,0.6,27.4,27.4,27.4,27.4,1.0,0.0,14.0,0.0,0.4,0.6,17.63,17.63,17.63,17.63,1.0,0.0,14.0,0.0,0.4,0.6,76.9,76.9,76.9,76.9,1.0,0.0,14.0,0.0,0.6,2.19,2.6,2.87,2.53,3.0,0.5,12.0,0.0,0.3,0.7,-1.47,-0.35,0.59,-0.44,3.0,1.51,12.0,0.0,0.3,0.7,-2.55,-1.97,-1.77,-2.15,3.0,0.6,12.0,0.0,0.3,0.7,1007.88,1009.0,1009.31,1008.54,5.0,1.38,10.0,0.2,0.4,0.6,3.0,3.0,3.7,3.3,3.0,0.6,12.0,0.0,0.3,0.7,-3.8,-0.7,1.9,-0.9,3.0,4.1,12.0,0.0,0.3,0.7,-7.2,-4.3,-4.1,-5.6,3.0,2.5,12.0,0.0,0.3,0.7,0.8,0.8,0.8,0.8,1.0,0.0,14.0,0.0,0.4,0.6,2.1,2.1,2.1,2.1,1.0,0.0,14.0,0.0,0.4,0.6,6.48,6.48,6.48,6.48,1.0,0.0,14.0,0.0,0.4,0.6,16.8,16.8,16.8,16.8,1.0,0.0,14.0,0.0,0.4,0.6,-54.6,-54.6,-54.6,-54.6,1.0,0.0,14.0,0.0,0.4,0.6,-45.8,-45.8,-45.8,-45.8,1.0,0.0,14.0,0.0,0.4,0.6,-35.1,-35.1,-35.1,-35.1,1.0,0.0,14.0,0.0,0.4,0.6,-29.5,-29.5,-29.5,-29.5,1.0,0.0,14.0,0.0,0.4,0.6,-12.9,-12.9,-12.9,-12.9,1.0,0.0,14.0,0.0,0.4,0.6,-10.8,-10.8,-10.8,-10.8,1.0,0.0,14.0,0.0,0.4,0.6,11.0,17.5,24.0,17.5,3.0,9.5,12.0,0.0,0.3,0.7,10.0,20.0,25.0,20.0,3.0,10.0,12.0,0.0,0.3,0.7
1974,2,160.0,-3.0,27.2,27.2,27.2,27.2,1.0,0.0,14.0,1.0,0.2,0.5,27.0,27.0,27.0,27.0,1.0,0.0,14.0,1.0,0.2,0.5,17.23,17.23,17.23,17.23,1.0,0.0,14.0,1.0,0.2,0.5,76.9,76.9,76.9,76.9,1.0,0.0,14.0,1.0,0.5,1.63,2.0,2.22,1.92,5.0,0.58,12.0,0.2,0.1,0.6,-0.84,0.35,0.8,-0.08,5.0,1.44,12.0,0.2,0.1,0.6,-1.91,-1.73,-0.63,-1.31,5.0,0.83,12.0,0.2,0.1,0.6,1007.91,1010.55,1011.9,1009.7,6.0,2.84,12.0,0.3,0.1,0.5,2.6,3.0,4.4,3.4,5.0,1.1,12.0,0.2,0.1,0.6,-2.4,0.7,1.6,-0.5,5.0,3.6,12.0,0.2,0.1,0.6,-3.8,-3.5,-0.6,-2.4,5.0,1.8,12.0,0.2,0.1,0.6,0.2,0.2,0.2,0.2,1.0,0.0,14.0,1.0,0.2,0.5,0.5,0.5,0.5,0.5,1.0,0.0,14.0,1.0,0.2,0.5,5.53,5.53,5.53,5.53,1.0,0.0,14.0,1.0,0.2,0.5,14.4,14.4,14.4,14.4,1.0,0.0,14.0,1.0,0.2,0.5,-70.2,-70.2,-70.2,-70.2,1.0,0.0,14.0,1.0,0.2,0.5,0.0,0.0,0.0,0.0,1.0,0.0,14.0,1.0,0.2,0.5,-44.8,-44.8,-44.8,-44.8,1.0,0.0,14.0,1.0,0.2,0.5,0.0,0.0,0.0,0.0,1.0,0.0,14.0,1.0,0.2,0.5,-14.4,-14.4,-14.4,-14.4,1.0,0.0,14.0,1.0,0.2,0.5,0.0,0.0,0.0,0.0,1.0,0.0,14.0,1.0,0.2,0.5,5.5,8.0,11.5,8.5,5.0,6.0,12.0,0.2,0.1,0.6,5.0,10.0,10.0,10.0,5.0,5.0,12.0,0.2,0.1,0.6
1974,2,160.0,-2.0,27.0,27.0,27.0,27.0,1.0,0.0,14.0,1.0,0.0,0.4,28.2,28.2,28.2,28.2,1.0,0.0,14.0,1.0,0.0,0.4,17.31,17.31,17.31,17.31,1.0,0.0,14.0,1.0,0.0,0.4,72.1,72.1,72.1,72.1,1.0,0.0,14.0,1.0,0.4,2.6,2.6,2.6,2.6,1.0,0.0,14.0,1.0,0.0,0.4,-2.6,-2.6,-2.6,-2.6,1.0,0.0,14.0,1.0,0.0,0.4,0.0,0.0,0.0,0.0,1.0,0.0,14.0,1.0,0.0,0.4,1006.4,1007.25,1008.1,1007.25,2.0,1.77,10.0,1.0,0.0,0.2,4.0,4.0,4.0,4.0,1.0,0.0,14.0,1.0,0.0,0.4,-6.8,-6.8,-6.8,-6.8,1.0,0.0,14.0,1.0,0.0,0.4,0.0,0.0,0.0,0.0,1.0,0.0,14.0,1.0,0.0,0.4,-1.2,-1.2,-1.2,-1.2,1.0,0.0,14.0,1.0,0.0,0.4,-3.1,-3.1,-3.1,-3.1,1.0,0.0,14.0,1.0,0.0,0.4,5.14,5.14,5.14,5.14,1.0,0.0,14.0,1.0,0.0,0.4,13.4,13.4,13.4,13.4,1.0,0.0,14.0,1.0,0.0,0.4,-73.3,-73.3,-73.3,-73.3,1.0,0.0,14.0,1.0,0.0,0.4,0.0,0.0,0.0,0.0,1.0,0.0,14.0,1.0,0.0,0.4,-45.0,-45.0,-45.0,-45.0,1.0,0.0,14.0,1.0,0.0,0.4,0.0,0.0,0.0,0.0,1.0,0.0,14.0,1.0,0.0,0.4,-13.4,-13.4,-13.4,-13.4,1.0,0.0,14.0,1.0,0.0,0.4,0.0,0.0,0.0,0.0,1.0,0.0,14.0,1.0,0.0,0.4,17.5,17.5,17.5,17.5,1.0,0.0,14.0,1.0,0.0,0.4,20.0,20.0,20.0,20.0,1.0,0.0,14.0,1.0,0.0,0.4
1974,2,160.0,10.0,26.47,27.25,28.03,27.25,2.0,1.63,12.0,0.5,0.4,0.5,26.78,26.95,27.12,26.95,2.0,0.35,12.0,0.5,0.4,0.5,16.71,17.2,17.7,17.2,2.0,1.03,12.0,0.5,0.4,0.5,76.0,77.4,78.7,77.4,2.0,2.7,12.0,0.5,0.5,9.46,9.8,10.14,9.8,2.0,0.71,12.0,0.5,0.4,0.5,-9.27,-8.4,-7.53,-8.4,2.0,1.81,12.0,0.5,0.4,0.5,-5.59,-4.75,-3.91,-4.75,2.0,1.74,12.0,0.5,0.4,0.5,1008.29,1010.0,1011.71,1010.0,2.0,3.54,12.0,0.5,0.4,0.5,1.0,1.0,1.0,1.0,2.0,0.0,12.0,0.5,0.4,0.5,-94.4,-83.0,-71.6,-83.0,2.0,23.6,12.0,0.5,0.4,0.5,-52.5,-45.9,-39.3,-45.9,2.0,13.7,12.0,0.5,0.4,0.5,-0.66,0.3,1.26,0.3,2.0,1.98,12.0,0.5,0.4,0.5,-5.8,3.6,13.1,3.6,2.0,19.6,12.0,0.5,0.4,0.5,4.02,5.54,7.06,5.54,2.0,3.15,12.0,0.5,0.4,0.5,38.6,55.4,72.2,55.4,2.0,34.8,12.0,0.5,0.4,0.5,-248.2,-226.1,-204.0,-226.1,2.0,45.7,12.0,0.5,0.4,0.5,-151.7,-128.3,-104.9,-128.3,2.0,48.5,12.0,0.5,0.4,0.5,-154.4,-143.6,-132.8,-143.6,2.0,22.4,12.0,0.5,0.4,0.5,-99.4,-82.6,-65.8,-82.6,2.0,34.8,12.0,0.5,0.4,0.5,-67.0,-49.4,-31.8,-49.4,2.0,36.5,12.0,0.5,0.4,0.5,-26.2,-23.6,-21.0,-23.6,2.0,5.3,12.0,0.5,0.4,0.5,850.0,948.5,1047.0,948.5,2.0,204.0,12.0,0.5,0.4,0.5,850.0,950.0,1045.0,950.0,2.0,205.0,12.0,0.5,0.4,0.5
1974,2,160.0,12.0,26.7,26.7,26.7,26.7,1.0,0.0,8.0,0.0,0.0,0.9,26.7,26.7,26.7,26.7,1.0,0.0,8.0,0.0,0.0,0.9,17.58,17.58,17.58,17.58,1.0,0.0,8.0,0.0,0.0,0.9,80.2,80.2,80.2,80.2,1.0,0.0,8.0,0.0,0.9,5.1,5.1,5.1,5.1,1.0,0.0,8.0,0.0,0.0,0.9,-4.79,-4.79,-4.79,-4.79,1.0,0.0,8.0,0.0,0.0,0.9,1.74,1.74,1.74,1.74,1.0,0.0,8.0,0.0,0.0,0.9,1008.8,1008.8,1008.8,1008.8,1.0,0.0,8.0,0.0,0.0,0.9,2.0,2.0,2.0,2.0,1.0,0.0,8.0,0.0,0.0,0.9,-24.4,-24.4,-24.4,-24.4,1.0,0.0,8.0,0.0,0.0,0.9,8.9,8.9,8.9,8.9,1.0,0.0,8.0,0.0,0.0,0.9,0.0,0.0,0.0,0.0,1.0,0.0,8.0,0.0,0.0,0.9,0.0,0.0,0.0,0.0,1.0,0.0,8.0,0.0,0.0,0.9,4.41,4.41,4.41,4.41,1.0,0.0,8.0,0.0,0.0,0.9,22.5,22.5,22.5,22.5,1.0,0.0,8.0,0.0,0.0,0.9,-128.0,-128.0,-128.0,-128.0,1.0,0.0,8.0,0.0,0.0,0.9,46.6,46.6,46.6,46.6,1.0,0.0,8.0,0.0,0.0,0.9,-84.3,-84.3,-84.3,-84.3,1.0,0.0,8.0,0.0,0.0,0.9,30.7,30.7,30.7,30.7,1.0,0.0,8.0,0.0,0.0,0.9,-21.1,-21.1,-21.1,-21.1,1.0,0.0,8.0,0.0,0.0,0.9,7.7,7.7,7.7,7.7,1.0,0.0,8.0,0.0,0.0,0.9,132.5,132.5,132.5,132.5,1.0,0.0,8.0,0.0,0.0,0.9,135.0,135.0,135.0,135.0,1.0,0.0,8.0,0.0,0.0,0.9
1974,2,160.0,15.0,26.7,27.2,29.0,27.63,6.0,1.08,10.0,0.3,0.2,0.5,25.6,26.35,26.8,26.3,6.0,0.66,10.0,0.3,0.2,0.5,16.15,17.2,17.47,16.65,6.0,1.83,10.0,0.3,0.2,0.5,73.8,80.1,83.3,77.9,6.0,7.5,10.0,0.3,0.5,4.19,7.2,10.3,7.03,6.0,3.34,10.0,0.3,0.2,0.5,-9.36,-6.34,-3.93,-6.46,6.0,3.05,10.0,0.3,0.2,0.5,-2.79,-1.59,-0.35,-1.79,6.0,2.71,10.0,0.3,0.2,0.5,1009.04,1012.1,1015.13,1012.17,6.0,3.17,10.0,0.3,0.2,0.5,0.6,3.0,3.4,2.2,5.0,1.6,10.0,0.4,0.2,0.4,-89.2,-52.9,-17.1,-53.6,6.0,41.4,10.0,0.3,0.2,0.5,-28.7,-11.1,0.0,-17.0,6.0,26.9,10.0,0.3,0.2,0.5,0.0,0.8,3.08,1.33,6.0,1.51,10.0,0.3,0.2,0.5,0.0,6.5,12.2,6.7,6.0,6.2,10.0,0.3,0.2,0.5,4.95,6.64,8.28,6.56,6.0,2.04,10.0,0.3,0.2,0.5,20.7,43.2,62.0,45.5,6.0,27.0,10.0,0.3,0.2,0.5,-253.6,-165.0,-100.9,-170.7,6.0,82.6,10.0,0.3,0.2,0.5,-72.9,-42.1,-8.7,-46.3,6.0,69.8,10.0,0.3,0.2,0.5,-161.6,-95.1,-67.3,-106.5,6.0,51.0,10.0,0.3,0.2,0.5,-42.3,-27.4,-5.4,-25.9,6.0,37.7,10.0,0.3,0.2,0.5,-56.9,-41.8,-19.4,-40.9,6.0,20.6,10.0,0.3,0.2,0.5,-22.1,-9.1,-4.4,-15.1,6.0,22.6,10.0,0.3,0.2,0.5,81.0,468.5,1092.5,539.5,6.0,513.0,10.0,0.3,0.2,0.5,80.0,470.0,1095.0,540.0,6.0,515.0,10.0,0.3,0.2,0.5
1974,2,160.0,16.0,27.8,27.8,27.8,27.8,1.0,0.0,18.0,1.0,0.7,0.5,25.2,25.2,25.2,25.2,1.0,0.0,4.0,0.0,0.0,0.7,17.54,17.54,17.54,17.54,1.0,0.0,4.0,0.0,0.0,0.7,87.6,87.6,87.6,87.6,1.0,0.0,4.0,0.0,0.7,6.83,8.2,8.95,7.9,3.0,1.57,16.0,0.7,0.5,0.6,-7.86,-7.12,-6.24,-7.05,3.0,1.19,16.0,0.7,0.5,0.6,-4.75,-2.12,-0.67,-2.7,3.0,3.03,16.0,0.7,0.5,0.6,1011.56,1011.7,1011.84,1011.7,2.0,0.28,12.0,0.5,0.4,0.6,1.0,1.0,1.0,1.0,1.0,0.0,24.0,1.0,0.9,0.7,-66.9,-66.3,-45.7,-56.5,3.0,17.7,16.0,0.7,0.5,0.6,-42.1,-13.1,-4.2,-22.9,3.0,29.1,16.0,0.7,0.5,0.6,,,,,,,,,,,,,,,,,,,,,,,,,,,,,,,,,,,,,,,,,-146.8,-146.8,-146.8,-146.8,1.0,0.0,4.0,0.0,0.0,0.7,-53.4,-53.4,-53.4,-53.4,1.0,0.0,4.0,0.0,0.0,0.7,-102.2,-102.2,-102.2,-102.2,1.0,0.0,4.0,0.0,0.0,0.7,-37.2,-37.2,-37.2,-37.2,1.0,0.0,4.0,0.0,0.0,0.7,,,,,,,,,,,,,,,,,,,,,,,,,,,,,,,,,,,,,,,,
1974,2,160.0,17.0,26.7,27.2,27.74,27.22,5.0,0.53,16.0,0.4,0.6,0.4,24.88,25.95,26.93,25.97,6.0,1.24,14.0,0.3,0.6,0.3,14.82,16.59,18.15,16.38,5.0,2.85,16.0,0.4,0.6,0.4,68.8,81.5,86.6,77.6,5.0,14.0,16.0,0.4,0.4,2.37,4.35,9.58,5.98,6.0,4.95,14.0,0.3,0.6,0.3,-8.86,-2.43,0.46,-3.7,6.0,5.16,14.0,0.3,0.6,0.3,-5.78,-1.55,0.31,-2.66,6.0,3.98,14.0,0.3,0.6,0.3,1011.2,1012.0,1014.04,1012.48,6.0,1.47,14.0,0.3,0.6,0.3,1.0,5.5,6.2,4.3,6.0,2.7,14.0,0.3,0.6,0.3,-88.5,-10.1,1.2,-41.9,6.0,68.0,14.0,0.3,0.6,0.3,-48.9,-4.9,0.5,-29.1,6.0,56.4,14.0,0.3,0.6,0.3,0.0,0.3,2.42,1.06,5.0,1.34,16.0,0.4,0.6,0.4,0.0,0.5,16.6,8.1,5.0,14.1,16.0,0.4,0.6,0.4,4.7,5.33,7.94,6.22,5.0,2.41,16.0,0.4,0.6,0.4,11.6,30.6,69.1,40.7,5.0,37.1,16.0,0.4,0.6,0.4,-241.0,-62.3,11.3,-98.1,6.0,134.3,14.0,0.3,0.6,0.3,-152.0,-38.4,8.2,-68.2,6.0,102.7,14.0,0.3,0.6,0.3,-171.5,-20.6,14.2,-66.5,5.0,102.1,16.0,0.4,0.6,0.4,-94.0,-22.5,9.1,-42.6,5.0,71.6,16.0,0.4,0.6,0.4,-47.3,-17.6,4.3,-22.5,5.0,34.2,16.0,0.4,0.6,0.4,-54.2,-6.8,2.9,-22.3,5.0,31.9,16.0,0.4,0.6,0.4,14.5,89.5,1120.5,676.5,6.0,1305.5,14.0,0.3,0.6,0.3,15.0,90.0,1120.0,675.0,6.0,1305.0,14.0,0.3,0.6,0.3
1974,2,160.0,18.0,24.63,26.3,26.76,25.73,4.0,1.66,12.0,0.8,0.5,0.7,24.92,25.8,26.83,25.88,4.0,1.29,12.0,0.8,0.5,0.7,15.26,16.97,17.72,16.51,4.0,1.69,12.0,0.8,0.5,0.7,76.4,79.7,82.1,79.3,4.0,3.6,12.0,0.8,0.7,6.18,6.7,8.06,7.1,4.0,1.54,12.0,0.8,0.5,0.7,-6.49,-5.71,-5.36,-5.92,4.0,0.85,12.0,0.8,0.5,0.7,-2.66,2.17,3.85,0.67,4.0,4.64,12.0,0.8,0.5,0.7,1011.84,1013.6,1015.78,1013.8,4.0,2.3,12.0,0.8,0.5,0.7,1.0,1.5,4.1,2.5,4.0,2.4,12.0,0.8,0.5,0.7,-53.2,-36.6,-33.1,-42.9,4.0,15.8,12.0,0.8,0.5,0.7,-26.4,14.0,25.8,0.3,4.0,38.6,12.0,0.8,0.5,0.7,-1.7,0.25,1.37,-0.15,4.0,1.99,12.0,0.8,0.5,0.7,-10.0,1.7,11.5,0.8,4.0,13.6,12.0,0.8,0.5,0.7,2.24,4.77,6.1,4.2,4.0,2.8,12.0,0.8,0.5,0.7,14.9,32.0,50.3,32.6,4.0,25.7,12.0,0.8,0.5,0.7,-167.0,-153.0,-138.3,-152.7,4.0,18.3,12.0,0.8,0.5,0.7,-64.1,59.0,101.4,20.5,4.0,116.6,12.0,0.8,0.5,0.7,-102.6,-99.4,-91.0,-96.9,4.0,8.6,12.0,0.8,0.5,0.7,-36.1,38.7,65.8,16.0,4.0,70.9,12.0,0.8,0.5,0.7,-38.5,-25.9,-13.0,-25.8,4.0,19.4,12.0,0.8,0.5,0.7,-21.6,7.5,18.6,-1.0,4.0,28.4,12.0,0.8,0.5,0.7,240.0,301.0,564.5,398.0,4.0,276.5,12.0,0.8,0.5,0.7,240.0,300.0,565.0,400.0,4.0,275.0,12.0,0.8,0.5,0.7
1974,2,160.0,19.0,26.7,26.7,26.7,26.7,2.0,0.0,6.0,0.0,0.6,0.5,23.99,24.4,24.81,24.4,2.0,0.85,6.0,0.0,0.6,0.5,15.59,15.73,15.87,15.73,2.0,0.3,6.0,0.0,0.6,0.5,79.8,82.7,85.6,82.7,2.0,6.0,6.0,0.0,0.5,2.25,3.85,5.45,3.85,2.0,3.32,6.0,0.0,0.6,0.5,-4.67,-2.17,0.32,-2.17,2.0,5.16,6.0,0.0,0.6,0.5,0.56,1.19,1.83,1.19,2.0,1.32,6.0,0.0,0.6,0.5,1010.9,1012.4,1013.9,1012.4,2.0,3.11,6.0,0.0,0.6,0.5,5.3,6.0,6.7,6.0,2.0,1.4,6.0,0.0,0.6,0.5,-30.0,-17.0,-3.9,-17.0,2.0,27.1,6.0,0.0,0.6,0.5,2.4,6.8,11.1,6.8,2.0,9.0,6.0,0.0,0.6,0.5,1.89,2.3,2.71,2.3,2.0,0.85,6.0,0.0,0.6,0.5,5.3,7.4,9.6,7.4,2.0,4.4,6.0,0.0,0.6,0.5,6.01,6.18,6.36,6.18,2.0,0.36,6.0,0.0,0.6,0.5,13.8,24.4,35.0,24.4,2.0,22.0,6.0,0.0,0.6,0.5,-117.0,-55.2,6.5,-55.2,2.0,127.9,6.0,0.0,0.6,0.5,13.6,29.6,45.6,29.6,2.0,33.1,6.0,0.0,0.6,0.5,-72.3,-33.4,5.5,-33.4,2.0,80.6,6.0,0.0,0.6,0.5,8.7,18.5,28.3,18.5,2.0,20.3,6.0,0.0,0.6,0.5,-30.2,-14.4,1.4,-14.4,2.0,32.7,6.0,0.0,0.6,0.5,3.5,7.6,11.7,7.6,2.0,8.6,6.0,0.0,0.6,0.5,40.5,121.0,201.0,121.0,2.0,166.0,6.0,0.0,0.6,0.5,40.0,120.0,200.0,120.0,2.0,165.0,6.0,0.0,0.6,0.5
1974,2,160.0,20.0,23.49,26.7,27.59,25.57,3.0,3.16,18.0,0.7,0.6,0.3,22.79,24.5,24.64,23.73,3.0,1.5,18.0,0.7,0.6,0.3,11.72,12.19,13.1,12.4,3.0,1.03,18.0,0.7,0.6,0.3,65.7,70.5,70.5,68.2,3.0,4.1,18.0,0.7,0.3,5.77,7.2,12.8,9.23,3.0,5.44,18.0,0.7,0.6,0.3,-10.03,-6.24,-1.37,-5.72,3.0,6.36,18.0,0.7,0.6,0.3,-8.35,-5.02,-4.05,-6.17,3.0,3.3,18.0,0.7,0.6,0.3,1013.2,1019.0,1019.48,1016.4,3.0,5.12,18.0,0.7,0.6,0.3,2.0,2.0,4.0,3.0,3.0,1.7,18.0,0.7,0.6,0.3,-138.3,-44.9,-11.2,-74.0,3.0,96.5,18.0,0.7,0.6,0.3,-112.3,-25.9,-25.7,-68.0,3.0,73.1,18.0,0.7,0.6,0.3,0.7,2.2,2.95,1.83,3.0,1.68,18.0,0.7,0.6,0.3,7.5,23.8,30.7,19.2,3.0,17.4,18.0,0.7,0.6,0.3,5.99,8.44,10.41,8.21,3.0,3.24,18.0,0.7,0.6,0.3,42.8,81.6,114.6,78.8,3.0,52.6,18.0,0.7,0.6,0.3,-246.2,-154.0,-35.6,-141.2,3.0,154.7,18.0,0.7,0.6,0.3,-200.6,-110.5,-95.8,-147.3,3.0,83.2,18.0,0.7,0.6,0.3,-133.0,-76.0,-17.2,-75.1,3.0,84.9,18.0,0.7,0.6,0.3,-109.7,-57.8,-48.3,-78.5,3.0,48.4,18.0,0.7,0.6,0.3,-90.4,-70.7,-19.5,-55.3,3.0,53.6,18.0,0.7,0.6,0.3,-69.9,-40.8,-29.6,-49.6,3.0,30.5,18.0,0.7,0.6,0.3,209.0,373.0,2611.5,1386.0,3.0,1966.5,18.0,0.7,0.6,0.3,210.0,375.0,2610.0,1385.0,3.0,1965.0,18.0,0.7,0.6,0.3
1974,2,160.0,21.0,26.27,27.1,27.62,26.95,4.0,1.0,16.0,0.0,0.7,0.4,23.14,23.5,23.86,23.5,4.0,0.44,16.0,0.0,0.7,0.4,15.41,16.13,16.29,15.86,4.0,0.75,16.0,0.0,0.7,0.4,85.5,88.6,90.5,88.0,4.0,3.0,16.0,0.0,0.4,4.08,4.85,6.2,5.13,4.0,1.52,16.0,0.0,0.7,0.4,-4.83,-3.12,-0.2,-2.54,4.0,3.56,16.0,0.0,0.7,0.4,-3.76,-3.56,-3.12,-3.45,4.0,0.49,16.0,0.0,0.7,0.4,1012.86,1015.05,1015.46,1014.2,4.0,2.16,16.0,0.0,0.7,0.4,1.6,3.0,5.7,3.7,3.0,3.1,18.0,0.0,0.7,0.4,-31.5,-15.2,-2.1,-16.7,4.0,21.8,16.0,0.0,0.7,0.4,-23.1,-18.1,-12.9,-18.0,4.0,6.7,16.0,0.0,0.7,0.4,2.42,3.45,4.48,3.45,4.0,1.32,16.0,0.0,0.7,0.4,11.6,15.9,23.3,17.4,4.0,7.9,16.0,0.0,0.7,0.4,5.03,6.25,7.73,6.37,4.0,2.02,16.0,0.0,0.7,0.4,24.2,30.2,39.4,31.7,4.0,10.7,16.0,0.0,0.7,0.4,-113.1,-74.3,-5.9,-60.2,4.0,82.7,16.0,0.0,0.7,0.4,-88.8,-84.2,-73.2,-81.1,4.0,12.4,16.0,0.0,0.7,0.4,-78.3,-50.8,-4.8,-42.0,4.0,56.0,16.0,0.0,0.7,0.4,-61.3,-57.4,-48.4,-54.9,4.0,10.0,16.0,0.0,0.7,0.4,-29.5,-15.7,4.6,-12.6,4.0,25.0,16.0,0.0,0.7,0.4,-23.9,-22.3,-18.5,-21.2,4.0,3.9,16.0,0.0,0.7,0.4,71.0,115.0,258.5,162.5,4.0,145.0,16.0,0.0,0.7,0.4,70.0,115.0,260.0,160.0,4.0,145.0,16.0,0.0,0.7,0.4
1974,2,160.0,22.0,25.19,25.6,25.74,25.47,3.0,0.42,16.0,0.7,0.4,0.2,24.59,26.05,26.57,25.6,4.0,1.6,14.0,0.8,0.5,0.3,15.11,17.8,18.1,16.63,3.0,2.41,16.0,0.7,0.4,0.2,79.3,81.7,83.3,81.3,3.0,2.9,16.0,0.7,0.2,5.1,6.95,8.54,6.83,4.0,2.21,14.0,0.8,0.5,0.3,-2.81,2.58,4.61,0.97,4.0,5.72,14.0,0.8,0.5,0.3,-0.61,4.0,6.29,2.89,4.0,4.68,14.0,0.8,0.5,0.3,1008.93,1009.0,1014.67,1011.73,3.0,4.82,16.0,0.7,0.4,0.2,2.0,4.0,7.0,4.5,4.0,3.0,14.0,0.8,0.5,0.3,-25.2,13.8,38.3,6.9,4.0,46.4,14.0,0.8,0.5,0.3,2.0,26.8,50.6,26.3,4.0,33.4,14.0,0.8,0.5,0.3,-1.17,-1.1,1.22,0.0,3.0,1.99,16.0,0.7,0.4,0.2,-9.8,-6.8,9.9,-0.1,3.0,15.6,16.0,0.7,0.4,0.2,2.23,2.6,5.3,3.74,3.0,2.46,16.0,0.7,0.4,0.2,16.4,24.2,42.1,29.1,3.0,19.3,16.0,0.7,0.4,0.2,-62.9,67.1,123.1,31.8,4.0,141.2,14.0,0.8,0.5,0.3,-19.2,100.8,167.5,75.4,4.0,124.1,14.0,0.8,0.5,0.3,-50.9,55.2,91.9,21.3,3.0,108.7,16.0,0.7,0.4,0.2,55.2,95.6,119.0,87.3,3.0,47.3,16.0,0.7,0.4,0.2,-30.4,6.4,12.6,-8.5,3.0,34.0,16.0,0.7,0.4,0.2,13.0,17.3,18.1,15.6,3.0,4.0,16.0,0.7,0.4,0.2,149.5,347.5,639.0,392.0,4.0,317.5,14.0,0.8,0.5,0.3,150.0,345.0,640.0,390.0,4.0,315.0,14.0,0.8,0.5,0.3
1974,2,160.0,23.0,23.76,23.9,24.33,23.71,7.0,1.26,18.0,0.3,0.3,0.5,21.02,23.0,24.61,22.97,7.0,2.4,18.0,0.3,0.3,0.5,11.43,12.66,13.53,12.65,7.0,2.07,18.0,0.3,0.3,0.5,67.1,70.8,79.2,72.3,7.0,6.1,18.0,0.3,0.5,2.6,6.2,10.45,6.49,7.0,4.05,18.0,0.3,0.3,0.5,-6.86,-1.99,3.14,-2.15,7.0,5.71,18.0,0.3,0.3,0.5,-4.84,-1.67,5.49,-0.32,7.0,5.23,18.0,0.3,0.3,0.5,1013.97,1015.0,1017.24,1015.91,7.0,2.93,18.0,0.3,0.3,0.5,2.0,3.0,5.0,3.6,7.0,1.5,18.0,0.3,0.3,0.5,-72.4,-5.2,16.7,-30.4,7.0,62.8,18.0,0.3,0.3,0.5,-32.3,-4.3,35.6,-2.3,7.0,52.7,18.0,0.3,0.3,0.5,-1.57,0.5,3.93,0.74,7.0,2.71,18.0,0.3,0.3,0.5,-9.7,2.1,13.6,6.8,7.0,22.7,18.0,0.3,0.3,0.5,2.22,6.12,7.19,5.63,7.0,2.58,18.0,0.3,0.3,0.5,13.8,23.4,73.3,36.8,7.0,33.0,18.0,0.3,0.3,0.5,-156.7,-38.6,83.9,-42.7,7.0,127.9,18.0,0.3,0.3,0.5,-108.5,-32.4,146.2,-1.8,7.0,121.2,18.0,0.3,0.3,0.5,-79.7,-18.6,50.3,-24.0,7.0,73.3,18.0,0.3,0.3,0.5,-64.6,-15.6,87.3,-2.3,7.0,68.1,18.0,0.3,0.3,0.5,-48.1,-8.3,12.7,-16.0,7.0,37.2,18.0,0.3,0.3,0.5,-16.6,-9.8,14.0,-2.8,7.0,31.2,18.0,0.3,0.3,0.5,17.5,238.5,1155.5,583.0,7.0,887.5,18.0,0.3,0.3,0.5,20.0,240.0,1155.0,585.0,7.0,885.0,18.0,0.3,0.3,0.5
1974,2,160.0,24.0,23.46,23.8,25.03,24.23,3.0,1.21,18.0,0.7,0.2,0.5,22.12,24.0,24.93,23.55,4.0,2.11,16.0,0.5,0.2,0.5,11.17,13.45,16.16,13.66,4.0,2.91,16.0,0.5,0.2,0.5,67.6,79.2,82.2,75.1,4.0,10.6,16.0,0.5,0.5,5.1,8.25,12.71,8.88,4.0,4.77,16.0,0.5,0.2,0.5,-5.98,1.76,3.54,-1.09,4.0,7.08,16.0,0.5,0.2,0.5,-4.04,4.13,8.02,2.09,4.0,8.38,16.0,0.5,0.2,0.5,1011.94,1012.85,1016.54,1014.18,4.0,3.5,16.0,0.5,0.2,0.5,1.5,4.0,6.5,4.0,4.0,2.9,16.0,0.5,0.2,0.5,-89.1,7.3,25.9,-29.8,4.0,94.7,16.0,0.5,0.2,0.5,-70.8,23.4,70.5,1.0,4.0,103.0,16.0,0.5,0.2,0.5,0.0,0.0,1.84,0.9,3.0,1.56,18.0,0.7,0.2,0.5,0.0,0.0,27.5,13.4,3.0,23.2,18.0,0.7,0.2,0.5,4.55,6.29,7.1,5.83,3.0,1.91,18.0,0.7,0.2,0.5,25.5,30.6,73.7,49.2,3.0,38.8,18.0,0.7,0.2,0.5,-123.2,42.3,84.9,-16.3,4.0,151.2,16.0,0.5,0.2,0.5,-80.1,103.8,198.3,61.1,4.0,188.3,16.0,0.5,0.2,0.5,-68.4,19.4,47.0,-9.3,4.0,84.0,16.0,0.5,0.2,0.5,-46.7,63.3,128.0,41.7,4.0,113.7,16.0,0.5,0.2,0.5,-49.0,0.0,18.1,-15.1,3.0,50.9,18.0,0.7,0.2,0.5,-36.3,15.3,20.7,-7.3,3.0,46.1,18.0,0.7,0.2,0.5,149.5,665.5,2253.5,1177.0,4.0,1489.5,16.0,0.5,0.2,0.5,150.0,665.0,2255.0,1175.0,4.0,1490.0,16.0,0.5,0.2,0.5
1974,2,160.0,25.0,22.47,22.9,23.93,22.93,12.0,0.83,14.0,0.7,0.4,0.5,19.3,20.5,23.53,21.14,12.0,2.44,14.0,0.7,0.4,0.5,8.41,10.63,13.73,11.17,12.0,2.75,14.0,0.7,0.4,0.5,61.0,67.1,83.1,71.0,12.0,11.7,14.0,0.7,0.5,3.47,5.65,9.11,6.38,12.0,3.23,14.0,0.7,0.4,0.5,-4.94,-2.22,4.61,-1.44,12.0,5.94,14.0,0.7,0.4,0.5,-1.58,0.0,3.76,1.29,12.0,3.93,14.0,0.7,0.4,0.5,1012.95,1015.5,1021.51,1016.75,12.0,4.31,14.0,0.7,0.4,0.5,2.0,4.0,7.0,4.3,12.0,2.2,14.0,0.7,0.4,0.5,-28.5,-9.0,24.5,-12.1,12.0,59.0,14.0,0.7,0.4,0.5,-8.1,0.0,28.3,14.0,12.0,35.2,14.0,0.7,0.4,0.5,-0.15,2.2,3.68,1.78,12.0,2.04,14.0,0.7,0.4,0.5,-1.3,9.0,20.2,8.0,12.0,11.7,14.0,0.7,0.4,0.5,3.94,6.79,8.22,6.21,12.0,2.42,14.0,0.7,0.4,0.5,20.4,31.6,45.2,35.8,12.0,19.5,14.0,0.7,0.4,0.5,-100.9,-42.3,98.9,-26.9,12.0,127.7,14.0,0.7,0.4,0.5,-31.8,0.0,87.8,33.9,12.0,94.4,14.0,0.7,0.4,0.5,-65.1,-21.3,46.4,-14.1,12.0,66.8,14.0,0.7,0.4,0.5,-17.5,0.0,47.3,21.3,12.0,59.8,14.0,0.7,0.4,0.5,-33.9,-14.2,33.8,-10.4,12.0,37.8,14.0,0.7,0.4,0.5,-7.3,0.0,16.0,3.5,12.0,14.8,14.0,0.7,0.4,0.5,42.5,199.0,769.0,461.5,12.0,626.0,14.0,0.7,0.4,0.5,40.0,200.0,770.0,460.0,12.0,625.0,14.0,0.7,0.4,0.5
1974,2,160.0,26.0,21.84,22.2,23.02,22.2,7.0,0.89,14.0,0.6,0.3,0.6,17.43,18.9,22.94,19.77,11.0,2.72,12.0,0.7,0.3,0.6,8.92,11.25,12.43,10.7,9.0,2.09,12.0,0.7,0.3,0.5,66.4,75.1,79.8,73.4,9.0,8.1,12.0,0.7,0.5,4.69,8.2,12.25,8.51,11.0,3.67,12.0,0.7,0.3,0.6,-6.63,0.71,5.31,-0.6,11.0,6.49,12.0,0.7,0.3,0.6,-6.64,4.04,8.03,1.1,11.0,7.02,12.0,0.7,0.3,0.6,1013.49,1015.55,1021.73,1017.04,10.0,3.89,12.0,0.7,0.3,0.5,2.2,7.0,7.4,5.5,11.0,2.8,12.0,0.7,0.3,0.6,-57.6,2.9,56.9,-8.7,11.0,81.6,12.0,0.7,0.3,0.6,-56.7,16.6,69.2,7.2,11.0,71.6,12.0,0.7,0.3,0.6,0.88,3.7,4.17,3.11,7.0,1.81,14.0,0.6,0.3,0.6,4.9,28.5,35.0,24.0,7.0,16.4,14.0,0.6,0.3,0.6,5.31,6.43,7.92,6.52,7.0,1.58,14.0,0.6,0.3,0.6,27.1,50.9,74.5,52.1,7.0,26.0,14.0,0.6,0.3,0.6,-123.8,16.3,95.3,-8.3,11.0,126.3,12.0,0.7,0.3,0.6,-117.5,92.5,179.0,37.4,11.0,136.4,12.0,0.7,0.3,0.6,-67.9,9.7,49.6,-9.5,9.0,72.9,12.0,0.7,0.3,0.5,-43.9,55.0,94.0,27.6,9.0,65.9,12.0,0.7,0.3,0.5,-58.1,-10.9,13.3,-23.0,7.0,40.8,14.0,0.6,0.3,0.6,-48.0,-15.6,32.1,-7.0,7.0,38.8,14.0,0.6,0.3,0.6,106.5,551.5,1851.0,927.5,11.0,950.5,12.0,0.7,0.3,0.6,105.0,550.0,1850.0,930.0,11.0,950.0,12.0,0.7,0.3,0.6
1974,2,160.0,27.0,18.63,19.9,21.47,19.93,14.0,1.48,16.0,0.6,0.4,0.6,16.27,17.3,20.14,18.46,17.0,2.59,14.0,0.7,0.4,0.6,7.47,8.96,10.56,8.97,15.0,1.87,14.0,0.7,0.4,0.6,60.5,70.9,76.9,69.5,15.0,10.1,14.0,0.7,0.6,2.37,8.7,12.03,7.46,17.0,4.47,14.0,0.7,0.4,0.6,-7.54,0.0,5.85,0.48,17.0,6.74,14.0,0.7,0.4,0.6,-5.26,0.64,5.15,-0.07,17.0,5.78,14.0,0.7,0.4,0.6,1013.75,1020.0,1021.83,1018.15,15.0,4.13,14.0,0.7,0.4,0.6,2.0,6.0,7.0,4.9,17.0,2.5,14.0,0.7,0.4,0.6,-62.0,0.0,59.0,8.0,17.0,76.8,14.0,0.7,0.4,0.6,-51.8,0.6,44.8,-1.5,17.0,62.0,14.0,0.7,0.4,0.6,0.01,2.25,3.0,1.79,14.0,2.26,16.0,0.6,0.4,0.6,0.0,19.8,30.9,14.3,14.0,18.7,16.0,0.6,0.4,0.6,3.21,5.61,7.21,5.41,14.0,1.97,16.0,0.6,0.4,0.6,7.2,39.7,69.3,39.9,14.0,30.4,16.0,0.6,0.4,0.6,-124.9,0.0,123.6,11.1,17.0,126.8,14.0,0.7,0.4,0.6,-86.0,11.1,101.3,8.0,17.0,108.2,14.0,0.7,0.4,0.6,-67.0,0.0,51.1,0.6,15.0,64.8,14.0,0.7,0.4,0.6,-50.7,5.8,30.8,4.3,15.0,56.7,14.0,0.7,0.4,0.6,-47.0,0.0,23.0,-3.3,14.0,43.7,16.0,0.6,0.4,0.6,-23.2,4.4,14.9,-2.4,14.0,26.7,16.0,0.6,0.4,0.6,13.5,658.5,1743.5,810.5,17.0,825.0,14.0,0.7,0.4,0.6,15.0,660.0,1745.0,810.0,17.0,825.0,14.0,0.7,0.4,0.6
1974,2,160.0,28.0,17.66,20.0,20.5,19.33,17.0,1.49,14.0,0.6,0.5,0.3,15.14,18.0,20.16,17.91,18.0,2.51,12.0,0.6,0.5,0.4,6.3,9.99,11.78,9.53,18.0,2.6,12.0,0.6,0.5,0.4,59.2,73.6,87.5,73.5,18.0,12.9,12.0,0.6,0.4,6.13,7.7,11.1,8.43,19.0,3.49,14.0,0.6,0.5,0.4,-4.69,3.99,8.82,3.68,19.0,6.63,14.0,0.6,0.5,0.4,-6.67,-2.24,3.26,-1.78,19.0,5.06,14.0,0.6,0.5,0.4,1009.61,1016.5,1020.07,1015.13,19.0,5.24,14.0,0.6,0.5,0.4,1.9,5.0,8.0,4.8,19.0,2.8,14.0,0.6,0.5,0.4,-29.6,24.7,93.1,42.3,19.0,80.3,14.0,0.6,0.5,0.4,-69.2,-16.2,29.2,-16.7,19.0,50.3,14.0,0.6,0.5,0.4,-0.5,1.45,2.81,1.19,16.0,1.82,14.0,0.6,0.5,0.4,-3.4,7.9,20.4,10.1,16.0,17.1,14.0,0.6,0.5,0.4,2.56,4.75,6.19,4.41,16.0,1.96,14.0,0.6,0.5,0.4,14.2,33.9,58.3,34.8,16.0,21.2,14.0,0.6,0.5,0.4,-86.4,62.2,151.7,59.3,18.0,113.5,12.0,0.6,0.5,0.4,-100.8,-42.8,67.9,-22.9,18.0,91.1,12.0,0.6,0.5,0.4,-51.2,33.2,88.7,31.0,18.0,63.5,12.0,0.6,0.5,0.4,-43.9,-22.0,43.2,-6.0,18.0,48.9,12.0,0.6,0.5,0.4,-14.3,11.4,35.1,9.8,16.0,27.4,14.0,0.6,0.5,0.4,-40.9,-13.5,3.0,-15.3,16.0,25.3,14.0,0.6,0.5,0.4,230.5,456.5,1387.0,897.0,19.0,1000.0,14.0,0.6,0.5,0.4,230.0,455.0,1385.0,895.0,19.0,1000.0,14.0,0.6,0.5,0.4
1974,2,160.0,29.0,18.29,18.5,19.05,18.74,7.0,0.65,12.0,0.4,0.2,0.4,12.69,16.0,18.05,15.54,7.0,2.95,12.0,0.4,0.2,0.4,6.84,8.77,9.96,8.6,7.0,2.23,12.0,0.4,0.2,0.4,73.7,77.4,86.1,76.8,7.0,11.6,12.0,0.4,0.4,11.25,13.9,14.92,13.44,7.0,1.9,12.0,0.4,0.2,0.4,-2.81,5.27,13.94,4.79,7.0,9.0,12.0,0.4,0.2,0.4,-10.5,-1.96,10.82,-0.64,7.0,10.31,12.0,0.4,0.2,0.4,1003.85,1005.6,1018.14,1010.13,7.0,7.97,12.0,0.4,0.2,0.4,4.0,6.0,8.0,6.0,7.0,2.1,12.0,0.4,0.2,0.4,-40.2,81.1,194.4,65.5,7.0,125.3,12.0,0.4,0.2,0.4,-111.7,-22.2,150.7,-5.4,7.0,145.1,12.0,0.4,0.2,0.4,1.87,2.0,6.21,3.2,7.0,3.07,12.0,0.4,0.2,0.4,21.0,29.8,66.1,42.7,7.0,44.4,12.0,0.4,0.2,0.4,3.63,4.59,6.77,4.89,7.0,2.29,12.0,0.4,0.2,0.4,41.3,64.1,89.7,64.3,7.0,27.7,12.0,0.4,0.2,0.4,-52.9,55.3,223.3,69.9,7.0,151.0,12.0,0.4,0.2,0.4,-132.8,-31.4,195.4,14.7,7.0,158.7,12.0,0.4,0.2,0.4,-32.5,36.6,122.0,38.7,7.0,82.9,12.0,0.4,0.2,0.4,-52.1,-18.0,108.1,11.8,7.0,92.9,12.0,0.4,0.2,0.4,-5.2,35.2,63.8,23.3,7.0,39.7,12.0,0.4,0.2,0.4,-89.4,-7.4,20.7,-19.5,7.0,54.1,12.0,0.4,0.2,0.4,1426.0,2685.5,3324.5,2550.5,7.0,945.5,12.0,0.4,0.2,0.4,1425.0,2685.0,3325.0,2550.0,7.0,945.0,12.0,0.4,0.2,0.4
1974,2,160.0,30.0,16.52,18.25,20.28,18.48,12.0,2.08,12.0,0.7,0.5,0.4,13.77,15.25,17.18,15.18,12.0,1.96,12.0,0.7,0.5,0.4,6.62,7.52,9.32,7.69,12.0,1.38,12.0,0.7,0.5,0.4,60.1,70.9,81.4,72.0,12.0,12.4,12.0,0.7,0.4,4.85,9.25,13.54,9.55,12.0,4.35,12.0,0.7,0.5,0.4,-0.45,3.55,10.16,3.93,12.0,5.76,12.0,0.7,0.5,0.4,-11.88,-4.56,0.39,-4.48,12.0,6.81,12.0,0.7,0.5,0.4,1010.72,1012.3,1019.7,1014.15,12.0,4.16,12.0,0.7,0.5,0.4,3.0,6.0,8.0,5.3,12.0,2.5,12.0,0.7,0.5,0.4,-4.7,29.9,151.6,50.7,12.0,75.9,12.0,0.7,0.5,0.4,-162.8,-27.6,1.2,-56.0,12.0,92.8,12.0,0.7,0.5,0.4,0.85,3.5,5.0,3.29,12.0,2.98,12.0,0.7,0.5,0.4,6.6,22.2,48.3,35.9,12.0,48.0,12.0,0.7,0.5,0.4,2.72,6.52,7.76,5.6,12.0,2.24,12.0,0.7,0.5,0.4,19.7,45.8,85.2,53.1,12.0,36.1,12.0,0.7,0.5,0.4,-7.9,53.8,148.0,58.6,12.0,88.3,12.0,0.7,0.5,0.4,-150.7,-67.7,6.7,-60.7,12.0,103.9,12.0,0.7,0.5,0.4,-4.5,26.9,84.1,29.1,12.0,47.3,12.0,0.7,0.5,0.4,-97.0,-34.0,2.8,-34.0,12.0,60.4,12.0,0.7,0.5,0.4,-0.6,13.1,68.7,28.8,12.0,35.5,12.0,0.7,0.5,0.4,-58.2,-31.0,2.1,-30.1,12.0,35.0,12.0,0.7,0.5,0.4,116.5,822.0,2529.5,1379.0,12.0,1536.0,12.0,0.7,0.5,0.4,115.0,820.0,2530.0,1380.0,12.0,1535.0,12.0,0.7,0.5,0.4
1974,2,160.0,31.0,15.82,17.0,17.69,16.76,17.0,1.08,14.0,0.9,0.4,0.4,14.0,15.5,16.99,15.76,20.0,2.06,16.0,0.9,0.4,0.4,7.39,8.35,9.9,8.67,18.0,2.05,16.0,0.9,0.4,0.4,66.8,72.0,91.7,76.4,18.0,12.6,16.0,0.9,0.4,4.61,11.05,13.9,10.42,20.0,4.88,16.0,0.9,0.4,0.4,-2.32,7.49,11.79,5.94,20.0,6.93,16.0,0.9,0.4,0.4,-9.85,0.0,9.12,0.0,20.0,7.28,16.0,0.9,0.4,0.4,1010.4,1014.0,1020.28,1015.1,20.0,5.93,16.0,0.9,0.4,0.4,3.0,6.0,8.0,5.7,19.0,2.2,14.0,0.9,0.4,0.4,-6.5,87.9,163.6,85.7,20.0,98.9,16.0,0.9,0.4,0.4,-114.3,0.0,85.1,1.0,20.0,98.8,16.0,0.9,0.4,0.4,-1.0,1.7,3.2,0.96,17.0,2.65,14.0,0.9,0.4,0.4,-5.6,8.3,35.7,11.3,17.0,26.6,14.0,0.9,0.4,0.4,1.6,3.78,4.78,3.14,16.0,2.5,14.0,0.9,0.4,0.4,9.4,25.5,61.0,30.9,16.0,32.3,14.0,0.9,0.4,0.4,-32.0,126.8,189.0,94.3,20.0,104.4,16.0,0.9,0.4,0.4,-138.1,0.0,145.6,3.7,20.0,116.5,16.0,0.9,0.4,0.4,-17.6,62.7,110.1,48.3,18.0,60.2,16.0,0.9,0.4,0.4,-52.1,1.3,77.5,13.7,18.0,62.9,16.0,0.9,0.4,0.4,-11.2,16.4,51.3,20.1,16.0,30.4,14.0,0.9,0.4,0.4,-10.3,1.0,24.7,5.3,16.0,26.1,14.0,0.9,0.4,0.4,98.0,1351.5,2685.5,1794.0,20.0,1763.5,16.0,0.9,0.4,0.4,100.0,1350.0,2685.0,1795.0,20.0,1765.0,16.0,0.9,0.4,0.4
1974,2,160.0,32.0,15.95,16.6,18.0,16.82,13.0,1.11,16.0,0.5,0.2,0.5,13.91,15.25,16.48,15.15,14.0,1.95,16.0,0.5,0.2,0.5,6.19,7.05,9.92,7.72,14.0,2.36,16.0,0.5,0.2,0.5,57.6,69.7,88.1,71.3,14.0,14.7,16.0,0.5,0.5,7.7,9.3,17.41,11.65,14.0,5.19,16.0,0.5,0.2,0.5,4.2,7.03,16.28,8.12,14.0,7.1,16.0,0.5,0.2,0.5,-6.89,-3.41,7.05,-0.94,14.0,7.13,16.0,0.5,0.2,0.5,1010.16,1015.75,1020.44,1015.14,14.0,5.83,16.0,0.5,0.2,0.5,4.0,5.5,7.9,5.3,14.0,2.3,16.0,0.5,0.2,0.5,47.7,64.7,283.6,122.1,14.0,139.7,16.0,0.5,0.2,0.5,-125.3,-27.8,102.3,-13.1,14.0,106.2,16.0,0.5,0.2,0.5,-0.05,1.8,3.41,1.52,13.0,2.01,16.0,0.5,0.2,0.5,-0.8,11.0,44.0,20.3,13.0,36.8,16.0,0.5,0.2,0.5,1.59,4.85,6.04,4.08,13.0,2.39,16.0,0.5,0.2,0.5,13.1,42.2,76.5,50.8,13.0,45.7,16.0,0.5,0.2,0.5,64.2,111.2,207.1,116.7,14.0,101.6,16.0,0.5,0.2,0.5,-96.6,-46.4,118.3,-6.4,14.0,112.5,16.0,0.5,0.2,0.5,31.2,53.5,96.4,54.4,14.0,51.7,16.0,0.5,0.2,0.5,-40.8,-22.3,58.9,2.2,14.0,63.3,16.0,0.5,0.2,0.5,-0.3,34.3,55.1,40.4,13.0,43.9,16.0,0.5,0.2,0.5,-53.2,-12.5,18.1,-15.4,13.0,30.6,16.0,0.5,0.2,0.5,456.5,804.5,5279.5,2533.5,14.0,3050.5,16.0,0.5,0.2,0.5,455.0,805.0,5280.0,2535.0,14.0,3050.0,16.0,0.5,0.2,0.5
1974,2,160.0,33.0,16.22,17.0,18.0,16.97,21.0,1.18,16.0,0.4,0.3,0.4,12.19,13.75,16.14,13.94,26.0,2.11,14.0,0.5,0.2,0.4,6.54,7.4,8.49,7.42,22.0,1.36,16.0,0.5,0.3,0.4,65.7,77.4,87.6,76.2,22.0,12.6,16.0,0.5,0.4,4.58,8.2,15.45,9.67,26.0,5.04,14.0,0.5,0.2,0.4,1.96,6.37,15.42,6.81,26.0,7.01,14.0,0.5,0.2,0.4,-4.12,0.0,5.82,0.36,26.0,5.02,14.0,0.5,0.2,0.4,1008.73,1012.25,1020.6,1013.72,26.0,6.72,14.0,0.5,0.2,0.4,5.0,6.5,8.0,6.3,24.0,1.6,16.0,0.5,0.3,0.4,6.3,60.7,238.3,92.3,26.0,115.4,14.0,0.5,0.2,0.4,-56.3,0.0,38.0,2.8,26.0,62.9,14.0,0.5,0.2,0.4,0.77,4.0,5.74,3.32,21.0,2.26,16.0,0.4,0.3,0.4,10.1,23.0,52.9,32.6,21.0,31.5,16.0,0.4,0.3,0.4,3.35,4.54,6.78,4.75,21.0,1.67,16.0,0.4,0.3,0.4,21.4,32.7,70.1,44.5,21.0,28.6,16.0,0.4,0.3,0.4,21.7,81.2,197.3,95.1,26.0,96.5,14.0,0.5,0.2,0.4,-57.8,0.0,71.5,5.6,26.0,69.7,14.0,0.5,0.2,0.4,12.7,39.4,105.7,50.9,22.0,50.0,16.0,0.5,0.3,0.4,-24.6,0.0,40.3,0.0,22.0,32.0,16.0,0.5,0.3,0.4,10.2,30.7,64.4,34.5,21.0,34.0,16.0,0.4,0.3,0.4,-21.3,0.0,22.7,-3.3,21.0,21.9,16.0,0.4,0.3,0.4,96.5,551.5,3693.0,1654.5,26.0,1988.0,14.0,0.5,0.2,0.4,95.0,550.0,3695.0,1655.0,26.0,1990.0,14.0,0.5,0.2,0.4
1974,2,160.0,34.0,15.0,16.2,17.0,16.0,12.0,1.27,16.0,0.6,0.3,0.4,10.73,14.0,15.93,13.28,14.0,2.52,16.0,0.6,0.3,0.4,5.02,6.5,8.09,6.67,13.0,1.31,16.0,0.6,0.3,0.4,60.2,70.9,82.4,70.0,13.0,10.5,16.0,0.6,0.4,7.26,12.9,15.81,11.88,14.0,4.58,16.0,0.6,0.3,0.4,5.64,12.08,15.81,10.86,14.0,5.19,16.0,0.6,0.3,0.4,-6.18,0.0,3.05,-0.54,14.0,4.33,16.0,0.6,0.3,0.4,1007.23,1011.9,1017.75,1012.05,14.0,7.09,16.0,0.6,0.3,0.4,4.1,6.0,8.0,6.1,14.0,1.9,16.0,0.6,0.3,0.4,41.2,160.1,249.9,150.8,14.0,110.2,16.0,0.6,0.3,0.4,-61.4,0.0,33.0,-15.9,14.0,56.7,16.0,0.6,0.3,0.4,0.1,2.15,5.44,2.76,12.0,3.12,16.0,0.6,0.3,0.4,1.3,18.2,60.0,33.1,12.0,44.2,16.0,0.6,0.3,0.4,3.18,3.95,6.4,4.5,12.0,1.59,16.0,0.6,0.3,0.4,27.5,52.2,84.4,53.7,12.0,29.3,16.0,0.6,0.3,0.4,66.8,133.3,246.7,146.7,14.0,81.4,16.0,0.6,0.3,0.4,-61.4,0.0,43.6,-6.0,14.0,55.6,16.0,0.6,0.3,0.4,38.4,73.1,103.9,73.0,13.0,36.1,16.0,0.6,0.3,0.4,-33.2,0.0,22.1,-2.2,13.0,27.4,16.0,0.6,0.3,0.4,20.4,50.2,77.4,49.1,12.0,29.9,16.0,0.6,0.3,0.4,-29.0,0.0,12.1,-5.1,12.0,21.4,16.0,0.6,0.3,0.4,384.5,2146.5,3954.5,2367.5,14.0,2334.5,16.0,0.6,0.3,0.4,385.0,2145.0,3955.0,2370.0,14.0,2335.0,16.0,0.6,0.3,0.4
1974,2,160.0,35.0,11.88,13.9,14.71,13.37,11.0,1.57,16.0,0.4,0.4,0.4,10.03,11.25,13.96,11.86,14.0,2.12,14.0,0.4,0.4,0.4,5.34,6.3,8.04,6.45,12.0,1.44,14.0,0.4,0.4,0.4,61.9,70.8,88.6,74.0,12.0,13.4,14.0,0.4,0.4,7.26,12.65,22.01,13.74,14.0,6.67,14.0,0.4,0.4,0.4,4.53,12.18,21.69,12.34,14.0,8.22,14.0,0.4,0.4,0.4,-2.1,0.0,5.18,1.38,14.0,3.73,14.0,0.4,0.4,0.4,998.11,1005.5,1016.56,1007.09,14.0,9.88,14.0,0.4,0.4,0.4,2.7,5.0,7.3,4.8,12.0,2.6,14.0,0.5,0.4,0.3,24.4,154.2,477.4,217.5,14.0,199.7,14.0,0.4,0.4,0.4,-12.2,0.0,44.8,16.7,14.0,44.5,14.0,0.4,0.4,0.4,-0.71,1.1,3.44,1.5,11.0,2.18,16.0,0.4,0.4,0.4,-11.6,13.5,45.8,13.7,11.0,25.9,16.0,0.4,0.4,0.4,2.18,2.95,4.0,3.08,11.0,1.2,16.0,0.4,0.4,0.4,14.2,36.7,64.3,37.6,11.0,23.1,16.0,0.4,0.4,0.4,49.5,148.6,237.3,143.5,14.0,94.4,14.0,0.4,0.4,0.4,-25.1,0.0,78.6,20.4,14.0,50.5,14.0,0.4,0.4,0.4,27.4,71.6,113.7,68.9,12.0,47.3,14.0,0.4,0.4,0.4,-15.4,0.0,44.3,11.6,12.0,32.0,14.0,0.4,0.4,0.4,13.0,36.7,63.9,34.9,11.0,25.3,16.0,0.4,0.4,0.4,-6.9,0.0,11.9,2.2,11.0,10.4,16.0,0.4,0.4,0.4,384.5,2026.5,10664.5,4310.5,14.0,4669.5,14.0,0.4,0.4,0.4,385.0,2025.0,10665.0,4310.0,14.0,4670.0,14.0,0.4,0.4,0.4
1974,2,160.0,36.0,12.38,13.0,13.64,13.08,13.0,1.34,12.0,0.7,0.3,0.4,8.06,9.0,10.97,9.59,14.0,1.67,14.0,0.6,0.3,0.4,3.8,4.86,6.8,5.41,14.0,1.62,14.0,0.6,0.3,0.4,57.9,68.5,87.6,71.3,14.0,13.5,14.0,0.6,0.4,6.42,10.3,18.83,11.87,15.0,5.4,12.0,0.6,0.3,0.4,4.75,7.24,18.14,8.53,15.0,8.25,12.0,0.6,0.3,0.4,-6.85,-3.99,-0.24,-2.98,15.0,4.97,12.0,0.6,0.3,0.4,999.6,1013.9,1017.0,1009.86,15.0,9.14,12.0,0.6,0.3,0.4,3.2,6.0,8.0,5.8,15.0,2.5,12.0,0.6,0.3,0.4,29.4,65.5,348.2,129.1,15.0,163.0,12.0,0.6,0.3,0.4,-77.9,-24.7,-1.5,-32.1,15.0,73.4,12.0,0.6,0.3,0.4,2.59,3.8,4.85,3.65,12.0,1.64,12.0,0.8,0.3,0.4,24.6,44.1,67.6,45.6,12.0,24.0,12.0,0.8,0.3,0.4,2.68,4.5,5.21,4.02,12.0,1.33,12.0,0.8,0.3,0.4,34.4,46.8,70.7,50.0,12.0,21.7,12.0,0.8,0.3,0.4,43.3,62.3,195.6,87.5,14.0,91.7,14.0,0.6,0.3,0.4,-69.3,-35.3,-0.6,-23.3,14.0,56.9,14.0,0.6,0.3,0.4,22.2,31.9,104.7,49.5,14.0,57.0,14.0,0.6,0.3,0.4,-35.1,-17.3,-0.3,-12.2,14.0,36.8,14.0,0.6,0.3,0.4,31.6,38.2,66.9,43.2,12.0,26.0,12.0,0.8,0.3,0.4,-30.2,-10.1,2.3,-12.6,12.0,17.8,12.0,0.8,0.3,0.4,268.5,1092.5,6766.5,2714.5,15.0,3125.5,12.0,0.6,0.3,0.4,270.0,1095.0,6765.0,2715.0,15.0,3125.0,12.0,0.6,0.3,0.4
1974,2,160.0,37.0,12.53,13.4,14.0,13.22,14.0,0.83,12.0,0.6,0.4,0.3,7.76,9.5,12.0,9.86,18.0,2.35,12.0,0.7,0.4,0.3,4.71,6.15,7.1,6.14,14.0,1.56,12.0,0.7,0.4,0.2,70.8,76.8,87.4,77.4,14.0,9.7,12.0,0.7,0.2,9.51,15.4,22.78,15.52,18.0,6.3,12.0,0.7,0.4,0.3,-1.87,8.53,20.29,9.5,18.0,10.06,12.0,0.7,0.4,0.3,-9.35,0.0,12.14,-0.61,18.0,9.87,12.0,0.7,0.4,0.3,990.62,1004.0,1015.45,1003.42,17.0,10.91,12.0,0.6,0.4,0.3,5.0,8.0,8.0,6.7,18.0,1.8,12.0,0.7,0.4,0.3,-20.2,121.0,432.7,198.5,18.0,213.5,12.0,0.7,0.4,0.3,-121.9,0.0,168.8,-3.3,18.0,178.5,12.0,0.7,0.4,0.3,1.25,4.0,5.28,3.39,14.0,2.21,12.0,0.6,0.4,0.3,19.3,52.3,113.2,56.5,14.0,43.7,12.0,0.6,0.4,0.3,2.38,3.64,4.84,3.41,13.0,1.41,12.0,0.7,0.4,0.3,18.6,56.1,89.4,57.2,13.0,35.4,12.0,0.7,0.4,0.3,-18.7,78.7,203.0,88.1,18.0,103.3,12.0,0.7,0.4,0.3,-75.3,0.0,158.0,11.1,18.0,100.5,12.0,0.7,0.4,0.3,19.3,58.3,128.9,63.6,14.0,61.9,12.0,0.7,0.4,0.2,-32.8,0.0,99.9,21.2,14.0,60.4,12.0,0.7,0.4,0.2,0.7,48.6,88.0,44.2,13.0,41.3,12.0,0.7,0.4,0.3,-27.1,0.0,16.3,-4.4,13.0,30.8,12.0,0.7,0.4,0.3,900.5,3652.5,11828.5,5448.5,18.0,4906.0,12.0,0.7,0.4,0.3,900.0,3650.0,11830.0,5450.0,18.0,4905.0,12.0,0.7,0.4,0.3
1974,2,160.0,38.0,12.0,12.75,13.38,13.05,12.0,1.42,14.0,0.7,0.3,0.6,5.56,8.5,12.19,8.83,14.0,2.97,16.0,0.6,0.3,0.5,4.42,5.43,6.86,5.68,12.0,1.61,14.0,0.7,0.3,0.6,69.4,86.5,94.0,82.0,12.0,13.4,14.0,0.7,0.6,10.43,14.4,17.4,14.21,14.0,4.85,16.0,0.6,0.3,0.5,0.16,7.1,15.84,8.35,14.0,8.35,16.0,0.6,0.3,0.5,-8.89,-2.21,14.12,0.04,14.0,9.82,16.0,0.6,0.3,0.5,1001.56,1007.15,1014.67,1006.48,14.0,8.37,16.0,0.6,0.3,0.5,5.0,7.0,8.0,6.6,14.0,1.5,16.0,0.6,0.3,0.5,0.8,94.0,251.8,139.6,14.0,183.8,16.0,0.6,0.3,0.5,-123.1,-11.3,213.8,12.0,14.0,142.4,16.0,0.6,0.3,0.5,2.24,4.9,7.28,4.83,12.0,3.53,14.0,0.7,0.3,0.6,11.4,75.2,99.6,64.7,12.0,45.5,14.0,0.7,0.3,0.6,1.95,3.77,5.79,3.74,12.0,2.06,14.0,0.7,0.3,0.6,10.7,52.5,86.1,52.8,12.0,34.5,14.0,0.7,0.3,0.6,1.4,64.2,113.3,65.5,14.0,76.3,16.0,0.6,0.3,0.5,-54.3,-12.4,172.7,23.3,14.0,104.1,16.0,0.6,0.3,0.5,11.9,44.2,88.1,50.7,12.0,41.9,14.0,0.7,0.3,0.6,-49.0,-24.0,31.6,-1.3,12.0,63.4,14.0,0.7,0.3,0.6,0.7,40.8,82.3,42.9,12.0,37.6,14.0,0.7,0.3,0.6,-39.4,-20.1,0.6,-19.2,12.0,20.2,14.0,0.7,0.3,0.6,1141.0,2997.0,5275.0,3820.0,14.0,3783.5,16.0,0.6,0.3,0.5,1140.0,2995.0,5275.0,3820.0,14.0,3785.0,16.0,0.6,0.3,0.5
1974,2,160.0,39.0,10.0,11.2,13.0,11.39,9.0,1.54,12.0,0.4,0.3,0.5,3.24,5.1,8.0,6.12,9.0,3.28,12.0,0.4,0.3,0.5,4.06,4.63,5.4,5.05,9.0,1.69,12.0,0.4,0.3,0.5,70.3,86.5,89.8,83.1,9.0,10.7,12.0,0.4,0.5,12.1,13.9,21.99,16.0,9.0,4.84,12.0,0.4,0.3,0.5,7.24,10.65,17.78,11.8,9.0,5.85,12.0,0.4,0.3,0.5,-8.65,-6.45,7.34,-3.29,9.0,10.42,12.0,0.4,0.3,0.5,989.17,1004.2,1013.39,1001.76,9.0,13.23,12.0,0.4,0.3,0.5,6.0,7.5,8.0,6.8,8.0,1.8,10.0,0.5,0.4,0.5,96.4,144.1,323.8,199.5,9.0,151.3,12.0,0.4,0.3,0.5,-114.8,-81.3,130.0,-53.6,9.0,210.0,12.0,0.4,0.3,0.5,2.08,5.9,8.17,5.27,9.0,3.35,12.0,0.4,0.3,0.5,30.7,95.0,125.5,82.5,9.0,51.8,12.0,0.4,0.3,0.5,2.43,3.54,4.62,3.43,9.0,1.87,12.0,0.4,0.3,0.5,34.9,49.5,87.8,55.0,9.0,32.7,12.0,0.4,0.3,0.5,20.8,54.3,142.3,77.7,9.0,57.1,12.0,0.4,0.3,0.5,-40.1,-19.7,52.8,2.3,9.0,69.1,12.0,0.4,0.3,0.5,29.6,49.3,86.2,59.7,9.0,34.1,12.0,0.4,0.3,0.5,-38.8,-21.9,39.8,-7.2,9.0,59.1,12.0,0.4,0.3,0.5,15.0,37.4,84.0,43.0,9.0,33.5,12.0,0.4,0.3,0.5,-37.6,-27.9,8.6,-17.8,9.0,30.2,12.0,0.4,0.3,0.5,1779.0,2685.5,10852.5,5156.0,9.0,4653.0,12.0,0.4,0.3,0.5,1780.0,2685.0,10850.0,5155.0,9.0,4655.0,12.0,0.4,0.3,0.5
1974,2,160.0,40.0,9.74,10.55,11.99,10.85,4.0,1.46,14.0,0.8,0.5,0.5,4.98,5.85,9.76,7.3,4.0,3.86,14.0,0.8,0.5,0.5,3.94,4.27,5.85,4.86,4.0,1.52,14.0,0.8,0.5,0.5,72.7,73.9,75.9,74.2,4.0,2.0,14.0,0.8,0.5,9.54,12.6,18.12,13.78,4.0,5.32,14.0,0.8,0.5,0.5,3.26,9.38,16.68,9.94,4.0,7.77,14.0,0.8,0.5,0.5,-9.78,-4.6,4.58,-2.69,4.0,8.91,14.0,0.8,0.5,0.5,1000.72,1006.45,1011.65,1006.2,4.0,6.78,14.0,0.8,0.5,0.5,5.0,6.0,7.5,6.3,4.0,1.5,14.0,0.8,0.5,0.5,31.1,135.0,305.4,166.8,4.0,165.3,14.0,0.8,0.5,0.5,-154.1,-45.1,42.6,-55.3,4.0,125.9,14.0,0.8,0.5,0.5,0.81,5.3,6.12,3.55,4.0,4.42,14.0,0.8,0.5,0.5,11.5,78.3,102.4,57.9,4.0,61.4,14.0,0.8,0.5,0.5,1.98,3.87,4.5,3.27,4.0,1.92,14.0,0.8,0.5,0.5,21.7,57.4,74.4,48.5,4.0,33.3,14.0,0.8,0.5,0.5,29.3,60.8,88.2,58.9,4.0,35.3,14.0,0.8,0.5,0.5,-48.6,-23.2,59.5,4.2,4.0,76.5,14.0,0.8,0.5,0.5,17.9,45.3,68.4,43.3,4.0,29.2,14.0,0.8,0.5,0.5,-38.5,-18.8,32.5,-3.7,4.0,47.4,14.0,0.8,0.5,0.5,7.4,39.1,69.7,38.6,4.0,36.2,14.0,0.8,0.5,0.5,-37.7,-18.6,2.3,-17.7,4.0,23.1,14.0,0.8,0.5,0.5,869.5,2296.5,6318.5,3535.0,4.0,3710.5,14.0,0.8,0.5,0.5,870.0,2295.0,6320.0,3535.0,4.0,3710.0,14.0,0.8,0.5,0.5
1974,2,160.0,41.0,6.37,7.0,8.05,7.15,6.0,1.18,18.0,0.7,0.4,0.6,1.75,3.5,9.5,4.7,6.0,3.94,18.0,0.7,0.4,0.6,3.25,4.04,5.36,4.38,5.0,1.61,16.0,0.8,0.3,0.6,78.3,86.7,90.4,85.0,5.0,8.2,16.0,0.8,0.6,5.66,14.9,15.9,11.9,6.0,5.51,18.0,0.7,0.4,0.6,-6.34,-0.57,12.51,1.35,6.0,10.26,18.0,0.7,0.4,0.6,-8.42,-1.99,10.65,0.21,6.0,9.64,18.0,0.7,0.4,0.6,999.46,1006.85,1016.56,1007.87,6.0,9.14,18.0,0.7,0.4,0.6,4.8,6.5,8.0,6.3,6.0,1.6,18.0,0.7,0.4,0.6,-93.8,-8.2,198.9,23.9,6.0,155.6,18.0,0.7,0.4,0.6,-133.9,-12.4,161.2,5.6,6.0,144.2,18.0,0.7,0.4,0.6,-0.91,2.75,5.1,2.45,6.0,3.63,18.0,0.7,0.4,0.6,-13.5,13.8,81.1,29.6,6.0,57.9,18.0,0.7,0.4,0.6,0.63,1.83,3.05,1.75,5.0,1.69,16.0,0.8,0.3,0.6,-1.3,11.3,48.5,20.9,5.0,28.7,16.0,0.8,0.3,0.6,-60.3,-9.5,14.8,-22.8,6.0,51.0,18.0,0.7,0.4,0.6,-16.3,0.0,101.2,31.5,6.0,63.2,18.0,0.7,0.4,0.6,-25.9,14.5,40.6,8.5,5.0,35.5,16.0,0.8,0.3,0.6,-28.4,-17.3,35.1,4.1,5.0,52.8,16.0,0.8,0.3,0.6,-0.3,5.5,40.0,16.5,5.0,22.8,16.0,0.8,0.3,0.6,-27.2,-12.3,-4.6,-15.6,5.0,14.1,16.0,0.8,0.3,0.6,198.5,3319.0,4019.5,2494.0,6.0,1861.0,18.0,0.7,0.4,0.6,200.0,3320.0,4020.0,2495.0,6.0,1860.0,18.0,0.7,0.4,0.6
1974,2,160.0,42.0,6.0,7.0,8.48,6.93,12.0,1.6,10.0,0.8,0.4,0.4,2.49,4.0,7.08,4.68,13.0,2.3,12.0,0.8,0.3,0.4,3.26,3.85,4.48,3.88,10.0,0.77,10.0,0.8,0.3,0.4,68.3,78.1,80.8,75.2,10.0,8.6,10.0,0.8,0.4,8.2,13.9,17.69,13.33,13.0,5.65,12.0,0.8,0.3,0.4,0.58,7.12,10.79,6.28,13.0,7.94,12.0,0.8,0.3,0.4,-10.33,-5.98,8.76,-2.68,13.0,10.54,12.0,0.8,0.3,0.4,989.52,1000.6,1014.62,999.9,13.0,14.5,12.0,0.8,0.3,0.4,4.0,6.0,8.0,5.8,13.0,2.2,12.0,0.8,0.3,0.4,-3.9,81.3,152.4,100.3,13.0,156.7,12.0,0.8,0.3,0.4,-163.2,-55.6,196.5,-20.5,13.0,183.1,12.0,0.8,0.3,0.4,0.37,3.15,4.48,2.66,12.0,2.28,10.0,0.8,0.4,0.4,5.2,31.9,72.1,37.0,12.0,35.6,10.0,0.8,0.4,0.4,1.73,2.37,3.13,2.45,10.0,0.83,10.0,0.8,0.3,0.4,20.5,31.1,50.1,33.2,10.0,17.2,10.0,0.8,0.3,0.4,-0.8,25.6,45.0,19.5,13.0,43.2,12.0,0.8,0.3,0.4,-31.4,-21.4,40.5,0.1,13.0,59.7,12.0,0.8,0.3,0.4,17.3,29.2,47.2,35.4,10.0,24.7,10.0,0.8,0.3,0.4,-39.6,-28.9,17.6,-15.2,10.0,42.9,10.0,0.8,0.3,0.4,7.1,20.4,35.8,22.7,10.0,16.2,10.0,0.8,0.3,0.4,-28.0,-17.1,9.8,-13.1,10.0,22.3,10.0,0.8,0.3,0.4,551.5,2685.5,5556.0,3524.0,13.0,3647.0,12.0,0.8,0.3,0.4,550.0,2685.0,5555.0,3525.0,13.0,3645.0,12.0,0.8,0.3,0.4
1974,2,160.0,43.0,6.0,6.25,7.89,6.5,8.0,1.63,16.0,0.1,0.3,0.4,2.21,3.1,7.57,4.57,10.0,3.19,14.0,0.3,0.3,0.4,3.81,4.19,6.37,4.91,9.0,1.24,16.0,0.2,0.3,0.4,83.7,87.4,96.2,89.4,9.0,6.8,16.0,0.2,0.4,10.01,10.8,20.27,14.1,10.0,5.76,14.0,0.3,0.3,0.4,2.46,7.09,15.09,8.28,10.0,8.09,14.0,0.3,0.3,0.4,-9.03,-7.06,10.72,-0.77,10.0,10.58,14.0,0.3,0.3,0.4,993.56,1001.35,1009.94,999.5,10.0,12.79,14.0,0.3,0.3,0.4,4.0,5.0,8.0,5.8,9.0,2.0,14.0,0.2,0.4,0.4,24.6,71.5,289.9,144.0,10.0,207.4,14.0,0.3,0.3,0.4,-110.7,-70.9,184.8,4.9,10.0,175.4,14.0,0.3,0.3,0.4,-1.89,3.4,5.78,2.04,8.0,4.07,16.0,0.1,0.3,0.4,-22.5,34.2,70.0,27.6,8.0,71.7,16.0,0.1,0.3,0.4,0.0,1.92,2.41,1.26,8.0,1.63,16.0,0.1,0.3,0.4,0.0,19.6,28.8,18.2,8.0,32.2,16.0,0.1,0.3,0.4,4.3,20.3,70.4,35.5,10.0,44.6,14.0,0.3,0.3,0.4,-25.4,-8.3,93.1,24.0,10.0,63.0,14.0,0.3,0.3,0.4,11.5,33.1,84.8,41.1,9.0,41.9,16.0,0.2,0.3,0.4,-34.3,-27.7,69.1,12.3,9.0,58.7,16.0,0.2,0.3,0.4,0.5,9.1,21.5,17.1,8.0,25.6,16.0,0.1,0.3,0.4,-27.8,-17.9,-1.2,-16.1,8.0,11.6,16.0,0.1,0.3,0.4,1006.0,1268.0,8473.5,4239.5,10.0,5408.5,14.0,0.3,0.3,0.4,1005.0,1270.0,8475.0,4240.0,10.0,5410.0,14.0,0.3,0.3,0.4
1974,2,160.0,44.0,2.22,4.0,6.56,4.25,15.0,1.97,16.0,0.5,0.3,0.4,0.19,1.9,3.0,1.85,16.0,1.42,16.0,0.5,0.3,0.4,2.94,3.1,3.92,3.39,13.0,0.66,16.0,0.6,0.3,0.4,67.0,80.2,93.0,79.1,13.0,11.5,16.0,0.6,0.4,5.7,7.7,10.19,7.75,15.0,3.18,16.0,0.5,0.3,0.5,0.0,7.58,9.46,5.45,15.0,5.31,16.0,0.5,0.3,0.5,-4.87,-1.04,2.68,-0.92,15.0,3.67,16.0,0.5,0.3,0.5,992.74,1009.5,1015.8,1005.66,15.0,12.91,16.0,0.5,0.3,0.5,3.0,6.5,8.0,5.6,16.0,2.6,16.0,0.5,0.3,0.4,0.0,58.4,94.6,55.2,15.0,62.0,16.0,0.5,0.3,0.5,-36.5,-6.3,14.9,-7.7,15.0,35.0,16.0,0.5,0.3,0.5,-0.31,2.5,4.78,2.41,15.0,2.35,16.0,0.5,0.3,0.4,0.2,18.8,43.1,21.0,14.0,22.5,16.0,0.6,0.3,0.4,0.38,1.76,3.24,1.85,13.0,1.19,16.0,0.6,0.3,0.4,2.2,14.2,26.3,14.8,13.0,11.5,16.0,0.6,0.3,0.4,0.0,8.3,24.1,11.7,15.0,13.7,16.0,0.5,0.3,0.5,-6.4,0.0,3.8,0.1,15.0,6.3,16.0,0.5,0.3,0.5,-0.7,25.0,30.3,20.3,13.0,21.3,16.0,0.6,0.3,0.4,-16.3,-4.9,7.2,-3.8,13.0,12.4,16.0,0.6,0.3,0.4,-0.2,12.8,18.6,11.0,13.0,11.7,16.0,0.6,0.3,0.4,-12.0,-2.5,0.1,-5.5,13.0,8.3,16.0,0.6,0.3,0.4,185.0,456.5,1059.0,701.0,15.0,901.0,16.0,0.5,0.3,0.5,185.0,455.0,1060.0,700.0,15.0,900.0,16.0,0.5,0.3,0.5
1974,2,160.0,45.0,3.04,4.75,6.0,4.58,16.0,1.45,16.0,0.4,0.5,0.6,0.0,1.1,4.26,1.93,18.0,2.7,16.0,0.4,0.4,0.6,2.97,3.59,4.43,3.69,17.0,0.92,14.0,0.5,0.4,0.6,73.0,86.5,100.0,84.7,17.0,12.7,14.0,0.5,0.6,7.9,10.3,14.7,10.94,18.0,4.28,16.0,0.4,0.4,0.6,-2.21,6.14,10.01,3.54,18.0,8.12,16.0,0.4,0.4,0.6,-8.74,0.0,6.81,0.14,18.0,8.12,16.0,0.4,0.4,0.6,992.64,1009.75,1015.94,1007.37,18.0,10.61,16.0,0.4,0.4,0.6,5.4,7.5,8.0,6.8,16.0,1.8,14.0,0.5,0.4,0.6,-27.7,58.7,109.4,27.2,18.0,129.2,16.0,0.4,0.4,0.6,-108.1,0.0,63.5,3.8,18.0,112.6,16.0,0.4,0.4,0.6,0.0,2.85,5.0,2.81,16.0,2.42,16.0,0.4,0.5,0.6,0.0,25.6,64.5,31.1,16.0,29.1,16.0,0.4,0.5,0.6,0.6,1.62,2.26,1.56,16.0,0.82,16.0,0.4,0.5,0.6,7.2,16.0,28.8,17.1,16.0,10.0,16.0,0.4,0.5,0.6,-17.1,0.7,11.0,-3.7,18.0,22.5,16.0,0.4,0.4,0.6,0.0,2.4,16.0,16.2,18.0,37.9,16.0,0.4,0.4,0.6,3.2,18.7,34.2,12.4,17.0,31.4,14.0,0.5,0.4,0.6,-27.6,0.0,24.4,5.0,17.0,36.8,14.0,0.5,0.4,0.6,-0.7,15.1,20.9,10.2,16.0,10.3,16.0,0.4,0.5,0.6,-20.7,0.0,7.4,-3.3,16.0,13.5,16.0,0.4,0.5,0.6,497.5,1092.5,3187.5,1894.0,18.0,2130.5,16.0,0.4,0.4,0.6,500.0,1095.0,3185.0,1895.0,18.0,2130.0,16.0,0.4,0.4,0.6
1974,2,160.0,46.0,2.53,2.6,3.56,3.03,3.0,0.84,14.0,0.3,0.3,0.7,-1.26,1.4,3.17,0.97,3.0,3.27,14.0,0.3,0.3,0.7,3.28,3.57,4.33,3.8,3.0,0.79,14.0,0.3,0.3,0.7,86.1,91.9,97.4,91.8,3.0,8.3,14.0,0.3,0.7,7.0,9.8,11.98,9.5,3.0,3.66,14.0,0.3,0.3,0.7,-3.68,1.95,9.36,2.82,3.0,9.58,14.0,0.3,0.3,0.7,-2.94,2.26,5.84,1.47,3.0,6.47,14.0,0.3,0.3,0.7,992.7,1000.0,1008.67,1000.67,3.0,11.71,14.0,0.3,0.3,0.7,6.3,7.0,7.7,7.0,3.0,1.0,14.0,0.3,0.3,0.7,-38.6,11.1,117.1,38.6,3.0,116.5,14.0,0.3,0.3,0.7,-11.5,29.3,59.5,24.1,3.0,52.2,14.0,0.3,0.3,0.7,0.38,1.2,3.79,2.07,3.0,2.61,14.0,0.3,0.3,0.7,5.0,15.6,24.4,14.7,3.0,14.3,14.0,0.3,0.3,0.7,0.63,1.1,1.29,0.96,3.0,0.5,14.0,0.3,0.3,0.7,5.3,7.9,12.2,8.7,3.0,5.1,14.0,0.3,0.3,0.7,-18.7,-4.9,10.7,-4.0,3.0,21.6,14.0,0.3,0.3,0.7,6.4,13.4,24.7,15.5,3.0,13.6,14.0,0.3,0.3,0.7,-18.2,6.1,33.1,7.4,3.0,37.6,14.0,0.3,0.3,0.7,-8.9,8.1,26.5,8.8,3.0,26.0,14.0,0.3,0.3,0.7,-0.9,2.7,10.4,4.7,3.0,8.5,14.0,0.3,0.3,0.7,-4.3,2.5,2.9,-0.6,3.0,5.9,14.0,0.3,0.3,0.7,425.0,941.0,1798.5,1108.0,3.0,1016.0,14.0,0.3,0.3,0.7,425.0,940.0,1800.0,1110.0,3.0,1015.0,14.0,0.3,0.3,0.7
1974,2,160.0,47.0,1.61,2.5,3.39,2.88,15.0,1.47,12.0,0.3,0.4,0.5,-1.16,0.0,1.18,0.25,15.0,1.47,12.0,0.3,0.4,0.5,2.67,3.2,3.85,3.3,14.0,0.71,14.0,0.4,0.3,0.5,73.1,82.0,96.1,83.1,14.0,12.4,14.0,0.4,0.5,6.16,8.2,11.3,9.38,15.0,4.46,12.0,0.3,0.4,0.5,0.0,4.6,9.9,2.6,15.0,8.41,12.0,0.3,0.4,0.5,-6.65,0.0,6.07,-0.47,15.0,6.0,12.0,0.3,0.4,0.5,985.95,1003.3,1011.17,1000.75,15.0,13.58,12.0,0.3,0.4,0.5,5.0,7.0,8.0,6.8,13.0,1.4,14.0,0.3,0.3,0.5,0.0,24.4,106.2,3.4,15.0,157.3,12.0,0.3,0.4,0.5,-45.5,0.0,44.6,-5.3,15.0,56.4,12.0,0.3,0.4,0.5,1.09,2.0,4.71,2.63,15.0,2.36,12.0,0.3,0.4,0.5,7.9,15.3,43.6,25.1,15.0,25.0,12.0,0.3,0.4,0.5,0.83,1.46,2.04,1.45,14.0,1.06,14.0,0.4,0.3,0.5,5.5,10.4,22.9,13.9,14.0,11.9,14.0,0.4,0.3,0.5,-11.3,0.0,5.3,-1.7,15.0,9.8,12.0,0.3,0.4,0.5,0.0,0.0,8.2,3.7,15.0,7.0,12.0,0.3,0.4,0.5,0.0,15.0,25.8,7.0,14.0,30.6,14.0,0.4,0.3,0.5,-15.8,0.0,21.4,1.8,14.0,20.9,14.0,0.4,0.3,0.5,0.0,4.6,16.6,7.2,14.0,14.9,14.0,0.4,0.3,0.5,-8.2,-1.3,4.0,-2.7,14.0,7.9,14.0,0.4,0.3,0.5,235.0,551.5,1443.0,1509.0,15.0,3082.0,12.0,0.3,0.4,0.5,235.0,550.0,1445.0,1510.0,15.0,3080.0,12.0,0.3,0.4,0.5
1974,2,160.0,48.0,1.5,2.75,4.0,2.59,16.0,1.31,12.0,0.6,0.3,0.4,-2.07,0.0,2.0,0.14,19.0,2.04,14.0,0.5,0.3,0.4,2.62,3.38,3.91,3.36,17.0,0.6,14.0,0.6,0.3,0.5,71.1,85.1,100.0,85.2,17.0,11.7,14.0,0.6,0.5,5.1,9.8,12.9,9.27,19.0,3.65,14.0,0.5,0.3,0.4,0.97,6.62,9.89,4.64,19.0,7.3,14.0,0.5,0.3,0.4,-6.82,-2.8,4.43,-1.56,19.0,5.04,14.0,0.5,0.3,0.4,983.94,1006.0,1011.43,1000.9,19.0,13.95,14.0,0.5,0.3,0.4,7.0,8.0,8.0,7.2,15.0,1.3,12.0,0.5,0.3,0.5,4.6,63.2,106.1,40.5,19.0,107.3,14.0,0.5,0.3,0.4,-74.7,-23.0,24.5,-17.9,19.0,52.4,14.0,0.5,0.3,0.4,0.38,1.85,5.31,2.51,16.0,2.43,12.0,0.6,0.3,0.4,2.2,13.4,59.9,26.6,16.0,29.5,12.0,0.6,0.3,0.4,0.39,1.35,2.36,1.33,15.0,0.85,14.0,0.6,0.3,0.5,2.3,13.5,28.9,14.2,15.0,11.4,14.0,0.6,0.3,0.5,-13.4,0.0,14.0,0.0,19.0,13.6,14.0,0.5,0.3,0.4,-5.2,1.1,15.9,4.3,19.0,9.4,14.0,0.5,0.3,0.4,-2.9,22.8,30.3,14.6,17.0,25.0,14.0,0.6,0.3,0.5,-20.7,-10.4,17.5,-4.1,17.0,18.3,14.0,0.6,0.3,0.5,-1.5,8.7,16.7,7.5,15.0,14.3,14.0,0.6,0.3,0.5,-10.6,-5.4,1.1,-4.6,15.0,7.6,14.0,0.6,0.3,0.5,132.5,941.0,2146.5,1177.0,19.0,1443.5,14.0,0.5,0.3,0.4,135.0,940.0,2145.0,1175.0,19.0,1445.0,14.0,0.5,0.3,0.4
1974,2,160.0,49.0,0.43,1.8,2.91,1.57,10.0,1.53,18.0,0.8,0.5,0.2,1.11,1.6,3.66,2.24,9.0,1.67,18.0,0.9,0.4,0.3,2.63,3.33,3.8,3.28,8.0,0.65,18.0,0.9,0.4,0.3,56.6,77.8,88.7,74.4,8.0,16.1,18.0,0.9,0.3,5.1,7.2,10.37,7.7,10.0,2.44,18.0,0.8,0.5,0.2,-7.91,0.38,5.22,-0.78,10.0,6.82,18.0,0.8,0.5,0.2,-4.59,2.66,5.29,0.84,10.0,4.89,18.0,0.8,0.5,0.2,986.55,1002.65,1017.04,1002.32,10.0,14.35,18.0,0.8,0.5,0.2,4.7,7.5,8.0,6.6,10.0,2.2,18.0,0.8,0.5,0.2,-81.6,1.8,37.6,-13.0,10.0,66.6,18.0,0.8,0.5,0.2,-23.2,25.9,48.1,14.4,10.0,36.4,18.0,0.8,0.5,0.2,-1.47,-0.3,1.22,-0.31,9.0,1.68,18.0,0.9,0.4,0.3,-8.4,-2.9,12.5,-0.2,9.0,11.7,18.0,0.9,0.4,0.3,0.57,1.21,1.58,1.07,8.0,0.58,18.0,0.9,0.4,0.3,3.5,7.9,10.8,7.2,8.0,4.3,18.0,0.9,0.4,0.3,-14.8,0.0,8.4,-3.3,9.0,16.7,18.0,0.9,0.4,0.3,-10.6,0.0,7.6,-1.5,9.0,13.6,18.0,0.9,0.4,0.3,-18.6,1.7,10.2,-1.2,8.0,24.6,18.0,0.9,0.4,0.3,-14.6,-1.3,14.5,0.1,8.0,16.1,18.0,0.9,0.4,0.3,-8.4,-1.3,2.4,-2.3,8.0,5.5,18.0,0.9,0.4,0.3,-6.0,-1.4,7.6,0.0,8.0,6.5,18.0,0.9,0.4,0.3,132.5,378.5,1123.5,583.5,10.0,495.0,18.0,0.8,0.5,0.2,135.0,380.0,1125.0,585.0,10.0,495.0,18.0,0.8,0.5,0.2
1974,2,160.0,50.0,0.11,1.8,2.89,1.58,8.0,1.18,14.0,0.8,0.6,0.3,0.11,1.25,2.89,1.44,8.0,1.18,14.0,0.8,0.6,0.3,3.38,3.67,4.0,3.71,8.0,0.32,14.0,0.8,0.6,0.3,80.8,88.8,91.6,86.4,8.0,6.2,14.0,0.8,0.3,6.37,11.8,20.91,12.85,8.0,7.25,14.0,0.8,0.6,0.3,-20.52,-4.02,5.03,-6.55,8.0,11.54,14.0,0.8,0.6,0.3,-5.28,-3.19,6.17,0.2,8.0,7.68,14.0,0.8,0.6,0.3,980.07,989.0,996.0,989.33,8.0,8.97,14.0,0.8,0.6,0.3,7.0,8.0,8.0,7.6,7.0,0.8,12.0,0.7,0.5,0.4,-433.2,-29.7,40.6,-140.7,8.0,236.9,14.0,0.8,0.6,0.3,-75.7,-20.6,77.8,1.0,8.0,122.1,14.0,0.8,0.6,0.3,-0.93,0.0,0.94,0.14,8.0,1.02,14.0,0.8,0.6,0.3,-4.4,0.0,21.9,6.5,8.0,18.6,14.0,0.8,0.6,0.3,0.44,0.59,0.94,0.64,8.0,0.24,14.0,0.8,0.6,0.3,3.1,6.4,14.5,8.4,8.0,6.5,14.0,0.8,0.6,0.3,-21.7,-0.4,5.5,-5.4,8.0,14.4,14.0,0.8,0.6,0.3,-7.5,-1.9,7.0,3.0,8.0,17.3,14.0,0.8,0.6,0.3,-76.4,-16.5,17.4,-25.0,8.0,42.8,14.0,0.8,0.6,0.3,-17.8,-12.7,21.7,1.7,8.0,29.2,14.0,0.8,0.6,0.3,-13.6,-2.6,2.2,-5.1,8.0,8.7,14.0,0.8,0.6,0.3,-5.1,-2.1,2.6,-0.9,8.0,4.2,14.0,0.8,0.6,0.3,262.5,2102.0,9365.0,4004.5,8.0,5039.0,14.0,0.8,0.6,0.3,265.0,2100.0,9365.0,4005.0,8.0,5040.0,14.0,0.8,0.6,0.3
1974,2,160.0,52.0,,,,,,,,,,,,,,,,,,,,,,,,,,,,,,,,,,,,,,,,11.8,11.8,11.8,11.8,1.0,0.0,14.0,1.0,0.0,0.6,2.05,2.05,2.05,2.05,1.0,0.0,14.0,1.0,0.0,0.6,-11.62,-11.62,-11.62,-11.62,1.0,0.0,14.0,1.0,0.0,0.6,983.9,983.9,983.9,983.9,1.0,0.0,14.0,1.0,0.0,0.6,,,,,,,,,,,,,,,,,,,,,,,,,,,,,,,,,,,,,,,,,,,,,,,,,,,,,,,,,,,,,,,,,,,,,,,,,,,,,,,,,,,,,,,,,,,,,,,,,,,,,,,,,,,,,,,,,,,,,,,,,,,,,,,,,,,,,,,,,,,,,,,,,,,,,,
1974,2,160.0,53.0,,,,,,,,,,,,,,,,,,,,,,,,,,,,,,,,,,,,,,,,4.06,7.7,12.84,8.79,12.0,6.55,14.0,0.8,0.3,0.2,-9.21,-3.86,0.04,-4.69,12.0,6.95,14.0,0.8,0.3,0.2,-11.35,-2.73,1.36,-4.32,12.0,5.88,14.0,0.8,0.3,0.2,988.42,1005.35,1013.34,1002.18,12.0,11.42,14.0,0.8,0.3,0.2,,,,,,,,,,,,,,,,,,,,,,,,,,,,,,,,,,,,,,,,,,,,,,,,,,,,,,,,,,,,,,,,,,,,,,,,,,,,,,,,,,,,,,,,,,,,,,,,,,,,,,,,,,,,,,,,,,,,,,,,,,,,,,,,,,,,,,,,,,,,,,,,,,,,,,
1974,2,160.0,54.0,,,,,,,,,,,,,,,,,,,,,,,,,,,,,,,,,,,,,,,,8.36,8.7,9.45,8.9,3.0,0.82,8.0,1.0,0.0,0.1,-5.85,-4.1,0.99,-2.47,3.0,5.2,8.0,1.0,0.0,0.1,-8.54,-7.1,1.56,-3.57,3.0,8.01,8.0,1.0,0.0,0.1,1011.92,1013.9,1017.65,1014.77,3.0,4.27,8.0,1.0,0.0,0.1,,,,,,,,,,,,,,,,,,,,,,,,,,,,,,,,,,,,,,,,,,,,,,,,,,,,,,,,,,,,,,,,,,,,,,,,,,,,,,,,,,,,,,,,,,,,,,,,,,,,,,,,,,,,,,,,,,,,,,,,,,,,,,,,,,,,,,,,,,,,,,,,,,,,,,
1974,2,161.0,-70.0,,,,,,,,,,,,,,,,,,,,,,,,,,,,,,,,,,,,,,,,8.7,8.7,8.7,8.7,1.0,0.0,10.0,1.0,0.3,0.7,7.53,7.53,7.53,7.53,1.0,0.0,10.0,1.0,0.3,0.7,-4.35,-4.35,-4.35,-4.35,1.0,0.0,10.0,1.0,0.3,0.7,972.4,972.4,972.4,972.4,1.0,0.0,10.0,1.0,0.3,0.7,,,,,,,,,,,,,,,,,,,,,,,,,,,,,,,,,,,,,,,,,,,,,,,,,,,,,,,,,,,,,,,,,,,,,,,,,,,,,,,,,,,,,,,,,,,,,,,,,,,,,,,,,,,,,,,,,,,,,,,,,,,,,,,,,,,,,,,,,,,,,,,,,,,,,,
1974,2,161.0,-67.0,,,,,,,,,,,,,,,,,,,,,,,,,,,,,,,,,,,,,,,,5.0,8.7,12.1,8.72,57.0,3.88,18.0,0.7,0.6,0.8,-4.89,3.83,11.8,3.38,57.0,7.59,18.0,0.7,0.6,0.8,-6.98,-1.99,1.57,-2.32,57.0,4.21,18.0,0.7,0.6,0.8,974.52,982.45,988.54,982.79,58.0,8.53,18.0,0.7,0.6,0.8,,,,,,,,,,,,,,,,,,,,,,,,,,,,,,,,,,,,,,,,,,,,,,,,,,,,,,,,,,,,,,,,,,,,,,,,,,,,,,,,,,,,,,,,,,,,,,,,,,,,,,,,,,,,,,,,,,,,,,,,,,,,,,,,,,,,,,,,,,,,,,,,,,,,,,
1974,2,161.0,-66.0,,,,,,,,,,,,,,,,,,,,,,,,,,,,,,,,,,,,,,,,6.43,10.4,13.51,10.18,10.0,3.85,20.0,0.6,0.5,0.2,-3.42,4.71,12.7,4.92,10.0,9.23,20.0,0.6,0.5,0.2,-5.38,-4.15,-0.75,-3.23,10.0,2.5,20.0,0.6,0.5,0.2,980.78,988.05,1000.6,990.01,10.0,9.87,20.0,0.6,0.5,0.2,,,,,,,,,,,,,,,,,,,,,,,,,,,,,,,,,,,,,,,,,,,,,,,,,,,,,,,,,,,,,,,,,,,,,,,,,,,,,,,,,,,,,,,,,,,,,,,,,,,,,,,,,,,,,,,,,,,,,,,,,,,,,,,,,,,,,,,,,,,,,,,,,,,,,,
1974,2,161.0,-45.0,15.16,15.5,15.84,15.5,3.0,0.5,14.0,0.3,0.4,0.2,14.45,15.0,16.98,15.7,3.0,1.95,14.0,0.3,0.4,0.2,8.15,10.49,10.7,9.45,3.0,2.07,14.0,0.3,0.4,0.2,74.8,84.2,95.0,84.9,3.0,14.8,14.0,0.3,0.2,2.14,4.6,6.03,4.1,3.0,2.88,14.0,0.3,0.4,0.2,0.14,2.3,5.03,2.58,3.0,3.59,14.0,0.3,0.4,0.2,-3.45,-2.29,-1.07,-2.26,3.0,1.74,14.0,0.3,0.4,0.2,1007.69,1012.4,1018.34,1013.0,3.0,7.82,14.0,0.3,0.4,0.2,6.3,7.0,7.7,7.0,2.0,1.4,20.0,0.0,0.4,0.3,2.8,10.6,32.2,17.3,3.0,22.3,14.0,0.3,0.4,0.2,-17.4,-15.4,-5.2,-11.4,3.0,9.5,14.0,0.3,0.4,0.2,-1.64,0.0,1.23,-0.2,3.0,2.11,14.0,0.3,0.4,0.2,-1.6,0.0,8.2,3.2,3.0,7.7,14.0,0.3,0.4,0.2,0.07,0.21,2.95,1.48,3.0,2.38,14.0,0.3,0.4,0.2,0.1,0.2,19.4,9.5,3.0,16.3,14.0,0.3,0.4,0.2,0.4,34.5,72.0,36.1,3.0,52.5,14.0,0.3,0.4,0.2,-51.1,-32.5,-16.4,-33.7,3.0,25.4,14.0,0.3,0.4,0.2,1.3,24.1,38.0,19.8,3.0,27.2,14.0,0.3,0.4,0.2,-33.7,-16.2,-8.8,-21.1,3.0,18.7,14.0,0.3,0.4,0.2,-0.1,0.0,18.2,8.8,3.0,15.4,14.0,0.3,0.4,0.2,-6.6,-0.1,0.0,-3.3,3.0,5.6,14.0,0.3,0.4,0.2,31.5,97.5,236.0,133.0,3.0,153.0,14.0,0.3,0.4,0.2,30.0,95.0,235.0,135.0,3.0,155.0,14.0,0.3,0.4,0.2
1974,2,161.0,-41.0,,,,,,,,,,,,,,,,,,,,,,,,,,,,,,,,,,,,,,,,3.6,3.6,3.6,3.6,1.0,0.0,4.0,0.0,0.4,0.3,3.55,3.55,3.55,3.55,1.0,0.0,4.0,0.0,0.4,0.3,-0.63,-0.63,-0.63,-0.63,1.0,0.0,4.0,0.0,0.4,0.3,1015.1,1015.1,1015.1,1015.1,1.0,0.0,4.0,0.0,0.4,0.3,,,,,,,,,,,,,,,,,,,,,,,,,,,,,,,,,,,,,,,,,,,,,,,,,,,,,,,,,,,,,,,,,,,,,,,,,,,,,,,,,,,,,,,,,,,,,,,,,,,,,,,,,,,,,,,,,,,,,,,,,,,,,,,,,,,,,,,,,,,,,,,,,,,,,,
1974,2,161.0,-40.0,18.53,20.1,20.78,19.67,3.0,1.69,20.0,0.3,0.4,0.6,17.15,19.1,20.73,18.95,4.0,2.25,18.0,0.3,0.4,0.7,8.96,8.98,11.87,10.38,3.0,2.45,20.0,0.3,0.4,0.6,72.8,79.2,87.3,80.0,3.0,10.7,20.0,0.3,0.6,1.71,3.6,6.01,3.85,4.0,3.36,18.0,0.3,0.4,0.7,-3.06,-0.31,1.21,-0.9,4.0,3.18,18.0,0.3,0.4,0.7,-1.86,1.38,4.6,1.37,4.0,4.17,18.0,0.3,0.4,0.7,1013.55,1017.5,1021.61,1017.58,4.0,4.76,18.0,0.3,0.4,0.7,4.9,8.0,8.0,6.5,4.0,3.0,18.0,0.3,0.4,0.7,-23.7,-1.1,4.4,-9.3,4.0,23.1,18.0,0.3,0.4,0.7,-6.7,5.0,31.7,12.2,4.0,27.8,18.0,0.3,0.4,0.7,0.58,1.6,2.49,1.53,3.0,1.4,20.0,0.3,0.4,0.6,0.1,0.4,7.2,3.6,3.0,5.9,20.0,0.3,0.4,0.6,2.09,3.58,5.56,3.82,3.0,2.55,20.0,0.3,0.4,0.6,1.6,5.0,17.5,9.5,3.0,12.3,20.0,0.3,0.4,0.6,-65.0,-6.3,22.1,-20.8,4.0,65.6,18.0,0.3,0.4,0.7,-37.1,25.1,94.3,28.4,4.0,86.4,18.0,0.3,0.4,0.7,-5.6,0.0,14.2,4.2,3.0,15.0,20.0,0.3,0.4,0.6,-32.0,0.0,16.9,-7.4,3.0,36.4,20.0,0.3,0.4,0.6,-0.6,0.0,10.2,4.7,3.0,8.9,20.0,0.3,0.4,0.6,-3.4,0.0,12.2,4.3,3.0,12.0,20.0,0.3,0.4,0.6,22.0,46.5,311.0,161.0,4.0,261.0,18.0,0.3,0.4,0.7,20.0,45.0,310.0,160.0,4.0,260.0,18.0,0.3,0.4,0.7
1974,2,161.0,-39.0,19.74,20.25,20.76,20.25,2.0,1.06,18.0,0.5,0.2,0.5,18.0,18.0,18.0,18.0,2.0,0.0,18.0,0.5,0.2,0.5,9.38,9.56,9.75,9.56,2.0,0.38,18.0,0.5,0.2,0.5,74.1,75.5,76.8,75.5,2.0,2.8,18.0,0.5,0.5,0.9,2.85,4.8,2.85,2.0,4.03,18.0,0.5,0.2,0.5,0.0,0.0,0.0,0.0,2.0,0.0,18.0,0.5,0.2,0.5,0.9,2.85,4.8,2.85,2.0,4.03,18.0,0.5,0.2,0.5,1022.06,1023.25,1024.44,1023.25,2.0,2.47,18.0,0.5,0.2,0.5,2.8,4.5,6.2,4.5,2.0,3.5,18.0,0.5,0.2,0.5,0.0,0.0,0.0,0.0,2.0,0.0,18.0,0.5,0.2,0.5,5.2,16.2,27.3,16.2,2.0,23.0,18.0,0.5,0.2,0.5,1.74,2.25,2.76,2.25,2.0,1.06,18.0,0.5,0.2,0.5,1.4,4.3,7.2,4.3,2.0,6.0,18.0,0.5,0.2,0.5,4.44,5.07,5.71,5.07,2.0,1.31,18.0,0.5,0.2,0.5,3.8,11.8,19.9,11.8,2.0,16.7,18.0,0.5,0.2,0.5,0.0,0.0,0.0,0.0,2.0,0.0,18.0,0.5,0.2,0.5,16.3,51.3,86.3,51.3,2.0,72.5,18.0,0.5,0.2,0.5,0.0,0.0,0.0,0.0,2.0,0.0,18.0,0.5,0.2,0.5,8.9,28.0,47.1,28.0,2.0,39.6,18.0,0.5,0.2,0.5,0.0,0.0,0.0,0.0,2.0,0.0,18.0,0.5,0.2,0.5,3.8,11.8,19.9,11.8,2.0,16.7,18.0,0.5,0.2,0.5,29.5,92.5,156.0,92.5,2.0,131.0,18.0,0.5,0.2,0.5,30.0,95.0,155.0,95.0,2.0,130.0,18.0,0.5,0.2,0.5
1974,2,161.0,-38.0,20.82,21.5,22.87,21.83,3.0,1.53,20.0,0.3,0.6,0.8,19.32,20.0,21.37,20.33,3.0,1.53,20.0,0.3,0.6,0.8,11.48,11.99,14.41,12.92,3.0,2.29,20.0,0.3,0.6,0.8,82.8,82.9,90.5,86.6,3.0,6.5,20.0,0.3,0.8,3.08,4.1,7.65,5.33,3.0,3.52,20.0,0.3,0.6,0.8,-6.25,0.0,2.14,-2.01,3.0,6.39,20.0,0.3,0.6,0.8,-1.29,1.61,2.29,0.53,3.0,2.78,20.0,0.3,0.6,0.8,1011.45,1016.3,1016.44,1014.0,3.0,4.16,20.0,0.3,0.6,0.8,4.3,7.0,7.7,6.0,3.0,2.6,20.0,0.3,0.6,0.8,-58.1,0.0,8.8,-24.1,3.0,53.3,20.0,0.3,0.6,0.8,-5.2,6.8,12.4,3.7,3.0,13.2,20.0,0.3,0.6,0.8,1.5,1.5,1.5,1.5,3.0,0.0,20.0,0.3,0.6,0.8,4.6,6.2,11.5,8.0,3.0,5.3,20.0,0.3,0.6,0.8,2.94,3.71,3.85,3.4,3.0,0.72,20.0,0.3,0.6,0.8,11.7,16.1,21.5,16.6,3.0,7.2,20.0,0.3,0.6,0.8,-137.5,0.0,42.9,-46.2,3.0,138.1,20.0,0.3,0.6,0.8,-24.7,35.5,45.0,10.7,3.0,55.4,20.0,0.3,0.6,0.8,-97.1,0.0,25.7,-34.9,3.0,94.9,20.0,0.3,0.6,0.8,-13.6,25.1,27.9,7.6,3.0,34.0,20.0,0.3,0.6,0.8,-16.2,0.0,8.4,-3.8,3.0,18.3,20.0,0.3,0.6,0.8,-5.7,4.2,7.9,1.2,3.0,10.3,20.0,0.3,0.6,0.8,34.0,69.0,571.0,297.0,3.0,440.0,20.0,0.3,0.6,0.8,35.0,70.0,570.0,295.0,3.0,440.0,20.0,0.3,0.6,0.8
1974,2,161.0,-37.0,21.1,22.5,23.13,22.26,12.0,1.09,10.0,0.8,0.6,0.5,20.37,21.4,22.5,21.47,12.0,1.05,10.0,0.8,0.6,0.5,10.17,11.43,14.67,12.1,12.0,2.32,10.0,0.8,0.6,0.5,62.3,75.2,86.7,75.7,12.0,11.4,10.0,0.8,0.5,2.6,7.7,10.79,7.55,11.0,3.77,12.0,0.7,0.6,0.5,-5.93,-1.3,1.21,-1.85,11.0,4.02,12.0,0.7,0.6,0.5,-1.35,4.95,8.65,3.17,11.0,6.78,12.0,0.7,0.6,0.5,1010.07,1014.35,1019.88,1014.19,12.0,5.63,10.0,0.8,0.6,0.5,3.5,6.0,8.0,5.6,12.0,2.3,10.0,0.8,0.6,0.5,-49.6,-6.7,3.2,-18.6,11.0,46.2,12.0,0.7,0.6,0.5,-12.6,38.1,85.2,24.0,11.0,74.1,12.0,0.7,0.6,0.5,-0.3,0.55,1.83,0.79,12.0,0.96,10.0,0.8,0.6,0.5,-0.8,7.7,13.8,7.0,11.0,8.7,12.0,0.7,0.6,0.5,2.61,4.12,6.96,4.65,12.0,2.12,10.0,0.8,0.6,0.5,15.0,31.7,56.6,34.4,11.0,23.2,12.0,0.7,0.6,0.5,-127.3,-29.2,25.9,-38.1,11.0,85.5,12.0,0.7,0.6,0.5,-31.7,108.9,174.7,62.2,11.0,147.3,12.0,0.7,0.6,0.5,-68.1,-14.2,13.8,-21.7,11.0,52.2,12.0,0.7,0.6,0.5,-27.5,65.6,90.1,27.9,11.0,89.0,12.0,0.7,0.6,0.5,-19.4,-6.7,5.0,-9.3,11.0,17.7,12.0,0.7,0.6,0.5,-2.4,15.5,54.5,21.5,11.0,30.5,12.0,0.7,0.6,0.5,17.5,456.5,1358.5,719.0,11.0,771.0,12.0,0.7,0.6,0.5,20.0,455.0,1360.0,720.0,11.0,770.0,12.0,0.7,0.6,0.5
1974,2,161.0,-36.0,24.0,24.0,24.0,24.0,1.0,0.0,2.0,0.0,0.0,0.5,24.0,24.0,24.0,24.0,1.0,0.0,2.0,0.0,0.0,0.5,17.85,17.85,17.85,17.85,1.0,0.0,2.0,0.0,0.0,0.5,95.9,95.9,95.9,95.9,1.0,0.0,2.0,0.0,0.5,4.1,4.1,4.1,4.1,1.0,0.0,2.0,0.0,0.0,0.5,2.05,2.05,2.05,2.05,1.0,0.0,2.0,0.0,0.0,0.5,-3.55,-3.55,-3.55,-3.55,1.0,0.0,2.0,0.0,0.0,0.5,1012.3,1012.3,1012.3,1012.3,1.0,0.0,2.0,0.0,0.0,0.5,5.0,5.0,5.0,5.0,1.0,0.0,2.0,0.0,0.0,0.5,8.4,8.4,8.4,8.4,1.0,0.0,2.0,0.0,0.0,0.5,-14.6,-14.6,-14.6,-14.6,1.0,0.0,2.0,0.0,0.0,0.5,0.0,0.0,0.0,0.0,1.0,0.0,2.0,0.0,0.0,0.5,0.0,0.0,0.0,0.0,1.0,0.0,2.0,0.0,0.0,0.5,0.78,0.78,0.78,0.78,1.0,0.0,2.0,0.0,0.0,0.5,3.2,3.2,3.2,3.2,1.0,0.0,2.0,0.0,0.0,0.5,49.2,49.2,49.2,49.2,1.0,0.0,2.0,0.0,0.0,0.5,-85.2,-85.2,-85.2,-85.2,1.0,0.0,2.0,0.0,0.0,0.5,36.6,36.6,36.6,36.6,1.0,0.0,2.0,0.0,0.0,0.5,-63.4,-63.4,-63.4,-63.4,1.0,0.0,2.0,0.0,0.0,0.5,1.6,1.6,1.6,1.6,1.0,0.0,2.0,0.0,0.0,0.5,-2.8,-2.8,-2.8,-2.8,1.0,0.0,2.0,0.0,0.0,0.5,69.0,69.0,69.0,69.0,1.0,0.0,2.0,0.0,0.0,0.5,70.0,70.0,70.0,70.0,1.0,0.0,2.0,0.0,0.0,0.5
1974,2,161.0,-35.0,23.21,24.15,25.34,24.18,10.0,1.2,14.0,0.6,0.5,0.8,21.92,23.1,23.88,22.94,11.0,1.37,14.0,0.6,0.5,0.8,12.58,13.67,14.86,13.75,11.0,1.08,14.0,0.6,0.5,0.8,73.7,78.7,84.3,79.1,11.0,5.2,14.0,0.6,0.8,3.46,5.9,9.9,7.09,10.0,5.01,12.0,0.7,0.5,0.8,-7.35,-4.31,-0.19,-4.22,10.0,5.12,12.0,0.7,0.5,0.8,-1.01,2.76,7.59,3.29,10.0,4.79,12.0,0.7,0.5,0.8,1007.27,1015.3,1018.51,1013.83,11.0,6.34,14.0,0.6,0.5,0.8,4.6,7.0,8.0,6.2,11.0,1.9,14.0,0.6,0.5,0.8,-74.5,-27.4,-0.5,-49.8,10.0,85.7,12.0,0.7,0.5,0.8,-5.4,10.1,81.0,41.9,10.0,76.3,12.0,0.7,0.5,0.8,-0.33,1.3,3.17,1.45,10.0,1.76,14.0,0.6,0.5,0.8,-1.0,6.0,34.6,14.0,9.0,20.6,12.0,0.7,0.5,0.8,3.68,4.8,7.1,5.17,10.0,1.74,14.0,0.6,0.5,0.8,13.5,23.7,76.9,42.5,9.0,42.3,12.0,0.7,0.5,0.8,-155.4,-100.8,-4.6,-97.2,10.0,117.6,12.0,0.7,0.5,0.8,-23.0,65.2,160.1,74.1,10.0,108.0,12.0,0.7,0.5,0.8,-97.5,-59.3,-2.6,-58.7,10.0,68.3,12.0,0.7,0.5,0.8,-14.3,39.1,95.0,43.2,10.0,63.9,12.0,0.7,0.5,0.8,-49.5,-19.2,-0.5,-25.8,9.0,35.9,12.0,0.7,0.5,0.8,-3.7,15.2,58.9,25.2,9.0,32.8,12.0,0.7,0.5,0.8,51.5,216.5,1192.5,998.5,10.0,2130.5,12.0,0.7,0.5,0.8,50.0,215.0,1195.0,1000.0,10.0,2130.0,12.0,0.7,0.5,0.8
1974,2,161.0,-34.0,22.5,22.5,22.5,22.5,1.0,0.0,24.0,0.0,0.8,0.1,21.37,23.25,25.13,23.25,2.0,3.89,18.0,0.5,0.5,0.4,10.77,11.89,13.02,11.89,2.0,2.33,18.0,0.5,0.5,0.4,65.8,66.9,68.0,66.9,2.0,2.2,18.0,0.5,0.4,1.83,3.6,5.37,3.6,2.0,3.68,18.0,0.5,0.5,0.4,-0.83,-0.49,-0.16,-0.49,2.0,0.7,18.0,0.5,0.5,0.4,0.84,3.01,5.19,3.01,2.0,4.51,18.0,0.5,0.5,0.4,1014.18,1017.35,1020.52,1017.35,2.0,6.58,18.0,0.5,0.5,0.4,3.2,3.5,3.8,3.5,2.0,0.7,18.0,0.5,0.5,0.4,-0.8,-0.5,-0.2,-0.5,2.0,0.7,18.0,0.5,0.5,0.4,6.0,19.1,32.3,19.1,2.0,27.3,18.0,0.5,0.5,0.4,2.0,2.0,2.0,2.0,1.0,0.0,24.0,0.0,0.8,0.1,12.4,12.4,12.4,12.4,1.0,0.0,24.0,0.0,0.8,0.1,6.74,6.74,6.74,6.74,1.0,0.0,24.0,0.0,0.8,0.1,41.8,41.8,41.8,41.8,1.0,0.0,24.0,0.0,0.8,0.1,-21.5,-12.8,-4.1,-12.8,2.0,18.1,18.0,0.5,0.5,0.4,16.4,61.3,106.2,61.3,2.0,93.1,18.0,0.5,0.5,0.4,-11.2,-6.7,-2.1,-6.7,2.0,9.4,18.0,0.5,0.5,0.4,8.1,30.6,53.1,30.6,2.0,46.6,18.0,0.5,0.5,0.4,0.0,0.0,0.0,0.0,1.0,0.0,24.0,0.0,0.8,0.1,41.8,41.8,41.8,41.8,1.0,0.0,24.0,0.0,0.8,0.1,38.5,119.5,200.5,119.5,2.0,168.0,18.0,0.5,0.5,0.4,40.0,120.0,200.0,120.0,2.0,170.0,18.0,0.5,0.5,0.4
1974,2,161.0,-33.0,24.0,24.0,24.14,24.07,3.0,0.12,14.0,1.0,0.4,0.3,23.45,24.0,24.68,24.07,3.0,0.9,14.0,1.0,0.4,0.3,12.87,16.5,17.28,15.11,3.0,3.45,14.0,1.0,0.4,0.3,69.8,83.4,90.7,80.4,3.0,15.5,14.0,1.0,0.3,6.36,6.7,9.5,7.9,3.0,2.52,14.0,1.0,0.4,0.3,-1.8,5.37,8.63,3.46,3.0,7.82,14.0,1.0,0.4,0.3,-1.54,3.1,3.92,1.24,3.0,4.31,14.0,1.0,0.4,0.3,1006.98,1010.8,1014.42,1010.7,3.0,5.45,14.0,1.0,0.4,0.3,5.0,7.0,7.0,6.0,3.0,1.7,14.0,1.0,0.4,0.3,-12.9,33.3,85.4,36.2,3.0,72.0,14.0,1.0,0.4,0.3,-21.1,19.2,25.8,2.7,3.0,37.2,14.0,1.0,0.4,0.3,-0.68,0.0,0.68,0.0,3.0,1.0,14.0,1.0,0.4,0.3,-4.2,0.0,4.6,0.2,3.0,6.5,14.0,1.0,0.4,0.3,1.44,2.15,5.87,3.62,3.0,3.49,14.0,1.0,0.4,0.3,12.4,13.3,39.0,25.4,3.0,22.1,14.0,1.0,0.4,0.3,-38.7,134.2,208.9,86.2,3.0,186.0,14.0,1.0,0.4,0.3,-35.9,77.5,92.8,29.6,3.0,103.0,14.0,1.0,0.4,0.3,-11.0,88.6,150.4,70.1,3.0,119.3,14.0,1.0,0.4,0.3,-29.2,48.1,50.2,11.4,3.0,66.3,14.0,1.0,0.4,0.3,-23.1,11.3,11.5,-5.4,3.0,29.1,14.0,1.0,0.4,0.3,-0.7,6.7,24.5,11.8,3.0,18.9,14.0,1.0,0.4,0.3,258.0,301.0,955.5,599.5,3.0,572.5,14.0,1.0,0.4,0.3,260.0,300.0,955.0,600.0,3.0,575.0,14.0,1.0,0.4,0.3
1974,2,161.0,-32.0,24.59,25.0,25.0,24.8,3.0,0.35,12.0,0.7,0.6,0.5,23.86,24.0,24.82,24.33,3.0,0.76,12.0,0.7,0.6,0.5,15.05,15.63,16.91,15.97,3.0,1.39,12.0,0.7,0.6,0.5,77.1,83.3,91.5,84.3,3.0,10.5,12.0,0.7,0.5,8.21,9.3,12.1,10.13,3.0,2.94,12.0,0.7,0.6,0.5,-10.18,-7.12,-0.46,-5.37,3.0,7.28,12.0,0.7,0.6,0.5,6.21,6.7,7.07,6.64,3.0,0.63,12.0,0.7,0.6,0.5,1006.34,1013.3,1014.87,1010.67,3.0,6.65,12.0,0.7,0.6,0.5,2.6,4.0,6.0,4.3,3.0,2.5,12.0,0.7,0.6,0.5,-127.2,-66.3,-7.2,-67.2,3.0,87.9,12.0,0.7,0.6,0.5,55.6,55.7,79.0,67.0,3.0,19.7,12.0,0.7,0.6,0.5,0.05,0.6,0.87,0.47,3.0,0.61,12.0,0.7,0.6,0.5,0.2,4.6,10.6,5.4,3.0,7.7,12.0,0.7,0.6,0.5,2.44,4.34,4.75,3.61,3.0,1.81,12.0,0.7,0.6,0.5,22.8,46.0,54.3,38.7,3.0,23.9,12.0,0.7,0.6,0.5,-247.1,-179.5,-14.2,-131.8,3.0,175.5,12.0,0.7,0.6,0.5,153.9,160.8,168.6,161.2,3.0,10.8,12.0,0.7,0.6,0.5,-157.2,-105.3,-2.0,-80.2,3.0,115.8,12.0,0.7,0.6,0.5,93.6,104.7,119.7,106.6,3.0,19.2,12.0,0.7,0.6,0.5,-45.6,-35.2,-8.4,-27.2,3.0,28.1,12.0,0.7,0.6,0.5,16.9,29.1,29.4,23.3,3.0,10.4,12.0,0.7,0.6,0.5,567.0,804.5,1897.5,1222.5,3.0,1040.0,12.0,0.7,0.6,0.5,565.0,805.0,1900.0,1220.0,3.0,1040.0,12.0,0.7,0.6,0.5
1974,2,161.0,-31.0,23.96,25.5,26.11,25.14,5.0,1.42,18.0,0.6,0.4,0.6,22.93,23.7,24.87,23.9,5.0,1.12,18.0,0.6,0.4,0.6,11.88,15.72,17.85,14.97,5.0,3.32,18.0,0.6,0.4,0.6,65.5,86.4,96.7,81.3,5.0,19.3,18.0,0.6,0.6,6.18,6.7,9.95,8.0,4.0,3.3,22.0,0.5,0.5,0.8,-6.09,-1.83,2.69,-1.71,4.0,5.68,22.0,0.5,0.5,0.8,4.34,5.53,8.37,6.31,4.0,2.63,22.0,0.5,0.5,0.8,1006.0,1013.4,1014.78,1010.44,5.0,7.24,18.0,0.6,0.4,0.6,2.0,3.0,5.1,3.5,4.0,2.5,22.0,0.5,0.5,0.8,-66.0,-10.4,18.0,-23.4,4.0,60.2,22.0,0.5,0.5,0.8,26.8,36.9,88.2,56.5,4.0,48.1,22.0,0.5,0.5,0.8,-0.27,1.0,2.98,1.24,5.0,1.82,18.0,0.6,0.4,0.6,-3.2,10.1,27.9,12.2,4.0,19.3,22.0,0.5,0.5,0.8,1.51,6.51,8.11,5.08,5.0,3.66,18.0,0.6,0.4,0.6,18.4,47.3,80.3,49.3,4.0,41.6,22.0,0.5,0.5,0.8,-140.4,-43.4,68.6,-36.3,4.0,135.6,22.0,0.5,0.5,0.8,106.5,132.0,191.4,148.2,4.0,56.1,22.0,0.5,0.5,0.8,-82.4,-28.8,28.3,-27.1,4.0,69.1,22.0,0.5,0.5,0.8,56.4,93.0,121.3,89.1,4.0,38.4,22.0,0.5,0.5,0.8,-45.4,-11.9,23.1,-11.2,4.0,45.6,22.0,0.5,0.5,0.8,14.3,32.7,58.2,36.1,4.0,31.5,22.0,0.5,0.5,0.8,240.0,301.0,1268.0,733.5,4.0,944.0,22.0,0.5,0.5,0.8,240.0,300.0,1270.0,735.0,4.0,945.0,22.0,0.5,0.5,0.8
1974,2,161.0,-30.0,24.83,24.9,24.9,24.87,3.0,0.06,12.0,0.0,0.4,0.9,24.19,24.6,25.01,24.6,2.0,0.85,10.0,0.0,0.4,0.9,17.87,17.92,17.97,17.92,2.0,0.11,10.0,0.0,0.4,0.9,90.7,92.8,94.9,92.8,2.0,4.3,10.0,0.0,0.9,7.78,7.95,8.12,7.95,2.0,0.35,10.0,0.0,0.4,0.9,-4.85,-3.95,-3.05,-3.95,2.0,1.86,10.0,0.0,0.4,0.9,-5.09,-0.48,4.14,-0.48,2.0,9.56,10.0,0.0,0.4,0.9,1010.67,1011.45,1012.24,1011.45,2.0,1.63,10.0,0.0,0.4,0.9,6.3,7.0,7.7,7.0,2.0,1.4,10.0,0.0,0.4,0.9,-39.6,-31.7,-23.9,-31.7,2.0,16.2,10.0,0.0,0.4,0.9,-38.7,-2.1,34.5,-2.1,2.0,75.8,10.0,0.0,0.4,0.9,-0.13,0.25,0.63,0.25,2.0,0.78,10.0,0.0,0.4,0.9,-0.9,2.1,5.2,2.1,2.0,6.3,10.0,0.0,0.4,0.9,1.71,1.71,1.72,1.71,2.0,0.01,10.0,0.0,0.4,0.9,13.3,13.6,13.9,13.6,2.0,0.5,10.0,0.0,0.4,0.9,-117.0,-96.4,-75.9,-96.4,2.0,42.5,10.0,0.0,0.4,0.9,-129.5,-15.8,97.9,-15.8,2.0,235.5,10.0,0.0,0.4,0.9,-86.6,-70.7,-54.8,-70.7,2.0,33.0,10.0,0.0,0.4,0.9,-91.7,-9.1,73.6,-9.1,2.0,171.3,10.0,0.0,0.4,0.9,-8.3,-6.8,-5.2,-6.8,2.0,3.2,10.0,0.0,0.4,0.9,-8.8,-0.9,7.0,-0.9,2.0,16.4,10.0,0.0,0.4,0.9,471.5,504.0,536.5,504.0,2.0,67.0,10.0,0.0,0.4,0.9,470.0,505.0,535.0,505.0,2.0,65.0,10.0,0.0,0.4,0.9
1974,2,161.0,-29.0,22.46,24.3,24.3,23.4,3.0,1.56,8.0,0.0,0.4,0.3,22.23,23.6,24.97,23.6,2.0,2.83,6.0,0.0,0.4,0.3,14.6,15.02,15.43,15.02,2.0,0.86,6.0,0.0,0.4,0.3,74.5,83.6,92.7,83.6,2.0,18.9,6.0,0.0,0.3,4.26,4.6,4.94,4.6,2.0,0.71,6.0,0.0,0.4,0.3,-2.71,-0.9,0.9,-0.9,2.0,3.74,6.0,0.0,0.4,0.3,-4.36,-3.42,-2.49,-3.42,2.0,1.94,6.0,0.0,0.4,0.3,1009.72,1009.75,1009.78,1009.75,2.0,0.07,6.0,0.0,0.4,0.3,8.0,8.0,8.0,8.0,2.0,0.0,6.0,0.0,0.4,0.3,-10.8,-2.8,5.2,-2.8,2.0,16.6,6.0,0.0,0.4,0.3,-21.9,-16.4,-10.9,-16.4,2.0,11.3,6.0,0.0,0.4,0.3,-1.09,-0.65,-0.21,-0.65,2.0,0.92,6.0,0.0,0.4,0.3,-5.6,-3.3,-1.1,-3.3,2.0,4.7,6.0,0.0,0.4,0.3,1.14,2.55,3.95,2.55,2.0,2.91,6.0,0.0,0.4,0.3,5.4,12.8,20.1,12.8,2.0,15.2,6.0,0.0,0.4,0.3,-57.4,-16.0,25.4,-16.0,2.0,85.8,6.0,0.0,0.4,0.3,-110.2,-83.5,-56.7,-83.5,2.0,55.4,6.0,0.0,0.4,0.3,-42.7,-15.2,12.3,-15.2,2.0,57.0,6.0,0.0,0.4,0.3,-63.2,-50.5,-37.9,-50.5,2.0,26.2,6.0,0.0,0.4,0.3,-0.2,3.1,6.5,3.1,2.0,6.9,6.0,0.0,0.4,0.3,-18.7,-11.5,-4.4,-11.5,2.0,14.9,6.0,0.0,0.4,0.3,79.0,101.0,122.5,101.0,2.0,45.0,6.0,0.0,0.4,0.3,80.0,100.0,125.0,100.0,2.0,45.0,6.0,0.0,0.4,0.3
1974,2,161.0,-28.0,24.69,25.3,25.86,25.28,4.0,0.74,14.0,0.3,0.5,0.3,23.79,24.1,25.25,24.5,4.0,1.16,14.0,0.3,0.5,0.3,17.04,17.61,17.64,17.35,3.0,0.49,10.0,0.3,0.6,0.3,84.7,89.1,92.6,88.6,3.0,5.8,10.0,0.3,0.3,4.08,6.2,9.0,6.53,3.0,3.61,16.0,0.3,0.4,0.4,-6.76,-2.12,0.95,-2.89,3.0,5.69,16.0,0.3,0.4,0.4,2.99,5.15,5.61,4.32,3.0,2.05,16.0,0.3,0.4,0.4,1005.94,1010.0,1014.58,1010.25,4.0,5.19,14.0,0.3,0.5,0.3,4.0,4.0,6.0,5.0,3.0,1.7,10.0,0.3,0.6,0.3,-66.9,-13.1,0.9,-32.6,3.0,52.4,16.0,0.3,0.4,0.4,15.7,36.1,47.7,31.8,3.0,23.7,16.0,0.3,0.4,0.4,0.14,0.6,1.43,0.78,4.0,0.9,14.0,0.3,0.5,0.3,1.1,4.1,9.8,5.4,3.0,6.5,16.0,0.3,0.4,0.4,2.02,3.0,3.44,2.74,3.0,1.06,10.0,0.3,0.6,0.3,12.1,13.7,15.4,13.7,2.0,3.4,12.0,0.5,0.4,0.4,-162.0,-50.0,26.6,-67.3,3.0,139.0,16.0,0.3,0.4,0.4,74.9,123.6,133.1,104.4,3.0,45.8,16.0,0.3,0.4,0.4,-125.5,-57.6,10.3,-57.6,2.0,140.7,12.0,0.5,0.4,0.4,44.0,62.9,81.9,62.9,2.0,39.3,12.0,0.5,0.4,0.4,-10.4,-2.7,5.1,-2.7,2.0,16.0,12.0,0.5,0.4,0.4,7.4,7.7,8.0,7.7,2.0,0.6,12.0,0.5,0.4,0.4,96.0,238.5,821.5,453.5,3.0,563.0,16.0,0.3,0.4,0.4,95.0,240.0,820.0,455.0,3.0,565.0,16.0,0.3,0.4,0.4
1974,2,161.0,-27.0,24.74,25.25,25.76,25.25,2.0,1.06,8.0,0.0,0.5,0.8,24.77,25.35,25.93,25.35,2.0,1.2,8.0,0.0,0.5,0.8,16.27,16.4,16.52,16.4,2.0,0.26,8.0,0.0,0.5,0.8,79.2,81.3,83.4,81.3,2.0,4.4,8.0,0.0,0.8,1.23,2.8,4.37,2.8,2.0,3.25,8.0,0.0,0.5,0.8,-0.68,-0.23,0.22,-0.23,2.0,0.93,8.0,0.0,0.5,0.8,1.01,2.64,4.27,2.64,2.0,3.37,8.0,0.0,0.5,0.8,1010.23,1011.15,1012.07,1011.15,2.0,1.91,8.0,0.0,0.5,0.8,1.6,3.0,4.4,3.0,2.0,2.8,8.0,0.0,0.5,0.8,-3.8,-2.1,-0.5,-2.1,2.0,3.3,8.0,0.0,0.5,0.8,4.2,12.9,21.6,12.9,2.0,18.0,8.0,0.0,0.5,0.8,-0.17,-0.1,-0.03,-0.1,2.0,0.14,8.0,0.0,0.5,0.8,-0.1,0.0,0.0,0.0,2.0,0.1,8.0,0.0,0.5,0.8,3.25,3.73,4.21,3.73,2.0,0.99,8.0,0.0,0.5,0.8,4.3,8.8,13.4,8.8,2.0,9.4,8.0,0.0,0.5,0.8,-16.5,-5.2,6.1,-5.2,2.0,23.4,8.0,0.0,0.5,0.8,25.0,64.8,104.6,64.8,2.0,82.4,8.0,0.0,0.5,0.8,-10.9,-3.6,3.8,-3.6,2.0,15.2,8.0,0.0,0.5,0.8,16.4,42.8,69.2,42.8,2.0,54.7,8.0,0.0,0.5,0.8,-2.0,-0.4,1.2,-0.4,2.0,3.3,8.0,0.0,0.5,0.8,3.3,8.2,13.0,8.2,2.0,10.0,8.0,0.0,0.5,0.8,21.0,66.5,111.5,66.5,2.0,93.5,8.0,0.0,0.5,0.8,20.0,65.0,110.0,65.0,2.0,95.0,8.0,0.0,0.5,0.8
1974,2,161.0,-26.0,,,,,,,,,,,,,,,,,,,,,,,,,,,,,,,,,,,,,,,,14.0,14.0,14.0,14.0,1.0,0.0,28.0,1.0,0.8,0.9,-10.72,-10.72,-10.72,-10.72,1.0,0.0,28.0,1.0,0.8,0.9,9.0,9.0,9.0,9.0,1.0,0.0,28.0,1.0,0.8,0.9,1010.3,1010.3,1010.3,1010.3,1.0,0.0,28.0,1.0,0.8,0.9,,,,,,,,,,,,,,,,,,,,,,,,,,,,,,,,,,,,,,,,,,,,,,,,,,,,,,,,,,,,,,,,,,,,,,,,,,,,,,,,,,,,,,,,,,,,,,,,,,,,,,,,,,,,,,,,,,,,,,,,,,,,,,,,,,,,,,,,,,,,,,,,,,,,,,
1974,2,161.0,-25.0,26.1,26.1,26.1,26.1,1.0,0.0,14.0,1.0,0.9,0.2,26.47,27.25,28.03,27.25,2.0,1.63,14.0,1.0,0.6,0.2,18.03,18.52,19.01,18.52,2.0,1.02,14.0,1.0,0.6,0.2,76.2,82.2,88.1,82.2,2.0,12.3,14.0,1.0,0.2,6.85,8.25,9.65,8.25,2.0,2.9,14.0,1.0,0.6,0.2,-3.3,-2.82,-2.34,-2.82,2.0,0.99,14.0,1.0,0.6,0.2,-9.07,-7.75,-6.44,-7.75,2.0,2.72,14.0,1.0,0.6,0.2,1008.85,1009.4,1009.95,1009.4,2.0,1.13,14.0,1.0,0.6,0.2,4.5,5.5,6.5,5.5,2.0,2.1,14.0,1.0,0.6,0.2,-32.6,-24.7,-16.8,-24.7,2.0,16.4,14.0,1.0,0.6,0.2,-89.6,-67.9,-46.2,-67.9,2.0,45.0,14.0,1.0,0.6,0.2,0.0,0.0,0.0,0.0,1.0,0.0,14.0,1.0,0.9,0.2,0.0,0.0,0.0,0.0,1.0,0.0,14.0,1.0,0.9,0.2,1.95,1.95,1.95,1.95,1.0,0.0,14.0,1.0,0.9,0.2,12.1,12.1,12.1,12.1,1.0,0.0,14.0,1.0,0.9,0.2,-93.0,-77.7,-62.4,-77.7,2.0,31.6,14.0,1.0,0.6,0.2,-255.4,-213.5,-171.6,-213.5,2.0,86.8,14.0,1.0,0.6,0.2,-59.2,-51.8,-44.3,-51.8,2.0,15.5,14.0,1.0,0.6,0.2,-162.8,-142.2,-121.7,-142.2,2.0,42.6,14.0,1.0,0.6,0.2,-4.1,-4.1,-4.1,-4.1,1.0,0.0,14.0,1.0,0.9,0.2,-11.4,-11.4,-11.4,-11.4,1.0,0.0,14.0,1.0,0.9,0.2,374.0,665.5,957.0,665.5,2.0,604.0,14.0,1.0,0.6,0.2,375.0,665.0,955.0,665.0,2.0,605.0,14.0,1.0,0.6,0.2
1974,2,161.0,-24.0,26.0,26.0,26.0,26.0,1.0,0.0,10.0,1.0,0.3,0.3,26.5,26.5,26.5,26.5,1.0,0.0,10.0,1.0,0.3,0.3,19.1,19.1,19.1,19.1,1.0,0.0,10.0,1.0,0.3,0.3,88.3,88.3,88.3,88.3,1.0,0.0,10.0,1.0,0.3,3.1,3.1,3.1,3.1,1.0,0.0,10.0,1.0,0.3,0.3,-2.68,-2.68,-2.68,-2.68,1.0,0.0,10.0,1.0,0.3,0.3,1.55,1.55,1.55,1.55,1.0,0.0,10.0,1.0,0.3,0.3,1011.3,1011.3,1011.3,1011.3,1.0,0.0,10.0,1.0,0.3,0.3,8.0,8.0,8.0,8.0,1.0,0.0,10.0,1.0,0.3,0.3,-8.3,-8.3,-8.3,-8.3,1.0,0.0,10.0,1.0,0.3,0.3,4.8,4.8,4.8,4.8,1.0,0.0,10.0,1.0,0.3,0.3,-0.5,-0.5,-0.5,-0.5,1.0,0.0,10.0,1.0,0.3,0.3,-1.5,-1.5,-1.5,-1.5,1.0,0.0,10.0,1.0,0.3,0.3,1.94,1.94,1.94,1.94,1.0,0.0,10.0,1.0,0.3,0.3,6.0,6.0,6.0,6.0,1.0,0.0,10.0,1.0,0.3,0.3,-71.1,-71.1,-71.1,-71.1,1.0,0.0,10.0,1.0,0.3,0.3,41.1,41.1,41.1,41.1,1.0,0.0,10.0,1.0,0.3,0.3,-51.3,-51.3,-51.3,-51.3,1.0,0.0,10.0,1.0,0.3,0.3,29.6,29.6,29.6,29.6,1.0,0.0,10.0,1.0,0.3,0.3,-5.2,-5.2,-5.2,-5.2,1.0,0.0,10.0,1.0,0.3,0.3,3.0,3.0,3.0,3.0,1.0,0.0,10.0,1.0,0.3,0.3,30.0,30.0,30.0,30.0,1.0,0.0,10.0,1.0,0.3,0.3,30.0,30.0,30.0,30.0,1.0,0.0,10.0,1.0,0.3,0.3
1974,2,161.0,-20.0,26.0,26.0,26.0,26.0,1.0,0.0,2.0,0.0,0.8,0.4,27.0,27.0,27.0,27.0,1.0,0.0,2.0,0.0,0.8,0.4,19.85,19.85,19.85,19.85,1.0,0.0,2.0,0.0,0.8,0.4,88.3,88.3,88.3,88.3,1.0,0.0,2.0,0.0,0.4,3.6,3.6,3.6,3.6,1.0,0.0,2.0,0.0,0.8,0.4,-3.38,-3.38,-3.38,-3.38,1.0,0.0,2.0,0.0,0.8,0.4,-1.23,-1.23,-1.23,-1.23,1.0,0.0,2.0,0.0,0.8,0.4,1003.4,1003.4,1003.4,1003.4,1.0,0.0,2.0,0.0,0.8,0.4,4.0,4.0,4.0,4.0,1.0,0.0,2.0,0.0,0.8,0.4,-12.2,-12.2,-12.2,-12.2,1.0,0.0,2.0,0.0,0.8,0.4,-4.4,-4.4,-4.4,-4.4,1.0,0.0,2.0,0.0,0.8,0.4,-1.0,-1.0,-1.0,-1.0,1.0,0.0,2.0,0.0,0.8,0.4,-3.6,-3.6,-3.6,-3.6,1.0,0.0,2.0,0.0,0.8,0.4,1.36,1.36,1.36,1.36,1.0,0.0,2.0,0.0,0.8,0.4,4.9,4.9,4.9,4.9,1.0,0.0,2.0,0.0,0.8,0.4,-91.3,-91.3,-91.3,-91.3,1.0,0.0,2.0,0.0,0.8,0.4,-33.2,-33.2,-33.2,-33.2,1.0,0.0,2.0,0.0,0.8,0.4,-67.1,-67.1,-67.1,-67.1,1.0,0.0,2.0,0.0,0.8,0.4,-24.4,-24.4,-24.4,-24.4,1.0,0.0,2.0,0.0,0.8,0.4,-4.6,-4.6,-4.6,-4.6,1.0,0.0,2.0,0.0,0.8,0.4,-1.7,-1.7,-1.7,-1.7,1.0,0.0,2.0,0.0,0.8,0.4,46.5,46.5,46.5,46.5,1.0,0.0,2.0,0.0,0.8,0.4,45.0,45.0,45.0,45.0,1.0,0.0,2.0,0.0,0.8,0.4
1974,2,161.0,-19.0,27.0,28.0,29.0,28.0,5.0,1.0,14.0,0.4,0.7,0.7,26.16,27.5,29.81,27.95,6.0,1.97,16.0,0.3,0.7,0.7,17.78,19.04,25.33,20.69,6.0,3.66,16.0,0.3,0.7,0.7,82.4,87.0,91.2,86.6,6.0,7.5,16.0,0.3,0.7,2.06,4.6,5.8,3.95,6.0,2.32,16.0,0.3,0.7,0.7,-4.21,-2.67,-0.56,-2.55,6.0,2.08,16.0,0.3,0.7,0.7,-2.26,1.55,4.11,1.04,6.0,3.26,16.0,0.3,0.7,0.7,1005.0,1006.25,1007.89,1006.8,6.0,2.35,16.0,0.3,0.7,0.7,1.8,3.5,4.2,3.2,6.0,1.5,16.0,0.3,0.7,0.7,-23.4,-12.1,-2.3,-13.6,6.0,13.2,16.0,0.3,0.7,0.7,-7.6,8.3,20.4,6.5,6.0,16.2,16.0,0.3,0.7,0.7,-1.78,0.0,1.37,-0.3,5.0,2.28,14.0,0.4,0.7,0.7,-6.8,0.0,7.3,-0.4,5.0,10.1,14.0,0.4,0.7,0.7,-1.08,4.6,6.17,2.8,5.0,4.1,14.0,0.4,0.7,0.7,-4.4,26.2,34.0,16.8,5.0,21.7,14.0,0.4,0.7,0.7,-114.7,-72.3,-17.5,-70.4,6.0,56.5,16.0,0.3,0.7,0.7,-64.9,43.4,115.9,29.7,6.0,91.7,16.0,0.3,0.7,0.7,-78.6,-53.8,-14.4,-49.1,6.0,35.7,16.0,0.3,0.7,0.7,-52.9,27.2,83.0,20.3,6.0,68.6,16.0,0.3,0.7,0.7,-27.4,-16.9,0.8,-14.4,5.0,15.3,14.0,0.4,0.7,0.7,-15.0,0.0,19.5,1.4,5.0,18.1,14.0,0.4,0.7,0.7,14.0,101.0,196.0,107.0,6.0,95.0,16.0,0.3,0.7,0.7,15.0,100.0,195.0,105.0,6.0,95.0,16.0,0.3,0.7,0.7
1974,2,161.0,-18.0,27.0,28.0,29.29,28.15,10.0,1.31,14.0,0.4,0.4,0.6,26.17,27.25,28.79,27.74,10.0,1.81,14.0,0.4,0.4,0.6,17.39,19.72,21.04,19.4,8.0,1.79,12.0,0.4,0.4,0.6,71.9,88.8,91.2,83.4,9.0,9.7,12.0,0.3,0.6,0.27,3.6,7.0,3.76,9.0,3.07,14.0,0.4,0.4,0.6,-3.71,-1.06,0.0,-1.26,9.0,3.41,14.0,0.4,0.4,0.6,-4.29,0.0,2.61,-0.53,9.0,3.4,14.0,0.4,0.4,0.6,1004.38,1008.0,1009.87,1007.47,9.0,2.75,14.0,0.4,0.4,0.6,2.0,4.0,6.7,4.1,10.0,2.4,14.0,0.4,0.4,0.6,-18.9,-3.3,0.0,-6.0,9.0,25.7,14.0,0.4,0.4,0.6,-20.3,0.0,12.5,-4.4,9.0,22.0,14.0,0.4,0.4,0.6,-1.14,0.3,1.29,0.41,10.0,1.93,14.0,0.4,0.4,0.6,-11.2,0.0,0.7,-1.3,9.0,12.1,14.0,0.4,0.4,0.6,2.68,4.03,6.05,4.55,8.0,2.59,12.0,0.4,0.4,0.6,3.7,9.2,48.3,21.0,8.0,21.3,12.0,0.4,0.4,0.6,-97.5,-30.2,0.0,-32.4,9.0,101.1,14.0,0.4,0.4,0.6,-113.4,0.0,73.7,-17.0,9.0,99.2,14.0,0.4,0.4,0.6,-80.7,-27.0,-0.8,-25.7,8.0,67.5,12.0,0.4,0.4,0.6,-82.7,9.7,49.2,-11.7,8.0,70.8,12.0,0.4,0.4,0.6,-15.9,-3.9,-0.1,-4.7,8.0,19.1,12.0,0.4,0.4,0.6,-35.1,1.4,7.9,-8.0,8.0,22.2,12.0,0.4,0.4,0.6,0.5,46.5,369.0,150.0,9.0,208.5,14.0,0.4,0.4,0.6,0.0,45.0,370.0,150.0,9.0,210.0,14.0,0.4,0.4,0.6
1974,2,161.0,-17.0,27.16,27.5,27.84,27.5,2.0,0.71,18.0,0.5,0.0,0.3,27.32,28.0,28.68,28.0,2.0,1.41,18.0,0.5,0.0,0.3,16.63,18.3,19.97,18.3,2.0,3.47,18.0,0.5,0.0,0.3,67.9,77.9,87.9,77.9,2.0,20.8,18.0,0.5,0.3,3.39,5.1,7.56,5.47,3.0,3.07,22.0,0.7,0.3,0.4,-4.08,-2.56,4.77,0.27,3.0,6.93,22.0,0.7,0.3,0.4,-1.89,0.45,1.33,-0.26,3.0,2.44,22.0,0.7,0.3,0.4,1007.16,1007.5,1007.84,1007.5,2.0,0.71,18.0,0.5,0.0,0.3,3.3,4.0,4.7,4.0,3.0,1.0,22.0,0.7,0.3,0.4,-18.8,-6.7,46.4,13.3,3.0,50.8,22.0,0.7,0.3,0.4,-17.3,1.2,6.4,-5.3,3.0,18.3,22.0,0.7,0.3,0.4,-1.52,-0.5,0.52,-0.5,2.0,2.12,18.0,0.5,0.0,0.3,-8.2,-3.8,0.6,-3.8,2.0,9.1,18.0,0.5,0.0,0.3,3.61,4.81,6.01,4.81,2.0,2.48,18.0,0.5,0.0,0.3,12.0,20.7,29.4,20.7,2.0,18.0,18.0,0.5,0.0,0.3,-127.9,-104.1,-80.2,-104.1,2.0,49.4,18.0,0.5,0.0,0.3,18.3,31.4,44.5,31.4,2.0,27.1,18.0,0.5,0.0,0.3,-72.3,-64.5,-56.8,-64.5,2.0,16.1,18.0,0.5,0.0,0.3,12.3,18.5,24.7,18.5,2.0,12.9,18.0,0.5,0.0,0.3,-27.7,-19.6,-11.6,-19.6,2.0,16.7,18.0,0.5,0.0,0.3,3.0,6.4,9.8,6.4,2.0,7.1,18.0,0.5,0.0,0.3,54.0,132.5,491.5,269.5,3.0,341.5,22.0,0.7,0.3,0.4,55.0,135.0,490.0,270.0,3.0,340.0,22.0,0.7,0.3,0.4
1974,2,161.0,-15.0,28.1,28.1,28.1,28.1,1.0,0.0,18.0,0.0,0.9,0.3,28.39,29.45,30.51,29.45,2.0,2.19,22.0,0.5,0.5,0.7,19.07,20.42,21.77,20.42,2.0,2.8,22.0,0.5,0.5,0.7,78.6,78.9,79.2,78.9,2.0,0.6,22.0,0.5,0.7,7.7,7.7,7.7,7.7,1.0,0.0,18.0,0.0,0.9,0.3,-7.7,-7.7,-7.7,-7.7,1.0,0.0,18.0,0.0,0.9,0.3,0.0,0.0,0.0,0.0,1.0,0.0,18.0,0.0,0.9,0.3,1008.57,1009.15,1009.73,1009.15,2.0,1.2,22.0,0.5,0.5,0.7,3.8,5.5,7.2,5.5,2.0,3.5,22.0,0.5,0.5,0.7,-59.3,-59.3,-59.3,-59.3,1.0,0.0,18.0,0.0,0.9,0.3,0.0,0.0,0.0,0.0,1.0,0.0,18.0,0.0,0.9,0.3,0.2,0.2,0.2,0.2,1.0,0.0,18.0,0.0,0.9,0.3,1.5,1.5,1.5,1.5,1.0,0.0,18.0,0.0,0.9,0.3,5.43,5.43,5.43,5.43,1.0,0.0,18.0,0.0,0.9,0.3,41.8,41.8,41.8,41.8,1.0,0.0,18.0,0.0,0.9,0.3,-214.8,-214.8,-214.8,-214.8,1.0,0.0,18.0,0.0,0.9,0.3,0.0,0.0,0.0,0.0,1.0,0.0,18.0,0.0,0.9,0.3,-142.0,-142.0,-142.0,-142.0,1.0,0.0,18.0,0.0,0.9,0.3,0.0,0.0,0.0,0.0,1.0,0.0,18.0,0.0,0.9,0.3,-41.8,-41.8,-41.8,-41.8,1.0,0.0,18.0,0.0,0.9,0.3,0.0,0.0,0.0,0.0,1.0,0.0,18.0,0.0,0.9,0.3,456.5,456.5,456.5,456.5,1.0,0.0,18.0,0.0,0.9,0.3,455.0,455.0,455.0,455.0,1.0,0.0,18.0,0.0,0.9,0.3
1974,2,161.0,-14.0,27.89,28.9,29.18,28.62,5.0,0.75,10.0,0.8,0.5,0.5,27.13,27.7,29.17,28.06,5.0,1.27,10.0,0.8,0.5,0.5,19.07,19.65,20.24,19.68,5.0,1.0,10.0,0.8,0.5,0.5,76.5,84.2,87.1,82.5,5.0,6.6,10.0,0.8,0.5,5.1,6.2,13.3,8.66,5.0,4.41,10.0,0.8,0.5,0.5,-2.52,0.0,12.34,3.75,5.0,8.13,10.0,0.8,0.5,0.5,-6.43,-5.1,1.38,-3.02,5.0,4.26,10.0,0.8,0.5,0.5,1001.79,1005.7,1006.57,1004.3,5.0,3.27,10.0,0.8,0.5,0.5,5.3,7.0,8.0,6.6,5.0,1.7,10.0,0.8,0.5,0.5,-13.6,0.0,166.0,60.3,5.0,97.7,10.0,0.8,0.5,0.5,-59.8,-26.0,13.4,-25.7,5.0,48.1,10.0,0.8,0.5,0.5,-0.8,0.0,2.15,0.56,5.0,1.54,10.0,0.8,0.5,0.5,-6.4,0.0,19.7,5.7,5.0,15.5,10.0,0.8,0.5,0.5,4.24,4.9,6.01,5.1,5.0,1.13,10.0,0.8,0.5,0.5,25.1,41.7,62.2,43.3,5.0,20.5,10.0,0.8,0.5,0.5,-68.9,0.0,345.3,106.3,5.0,228.4,10.0,0.8,0.5,0.5,-173.0,-152.0,39.1,-83.4,5.0,118.6,10.0,0.8,0.5,0.5,-48.6,0.0,250.8,77.2,5.0,164.0,10.0,0.8,0.5,0.5,-125.5,-100.4,27.0,-60.0,5.0,85.0,10.0,0.8,0.5,0.5,-11.4,0.0,58.3,18.2,5.0,37.4,10.0,0.8,0.5,0.5,-36.8,-28.6,5.8,-18.1,5.0,23.2,10.0,0.8,0.5,0.5,132.5,238.5,2365.0,1079.0,5.0,1266.0,10.0,0.8,0.5,0.5,135.0,240.0,2365.0,1080.0,5.0,1265.0,10.0,0.8,0.5,0.5
1974,2,161.0,-13.0,27.65,28.2,28.75,28.2,2.0,1.13,10.0,0.0,0.8,0.3,25.83,26.1,26.37,26.1,2.0,0.57,10.0,0.0,0.8,0.3,17.88,18.45,19.01,18.45,2.0,1.17,10.0,0.0,0.8,0.3,85.6,86.7,87.7,86.7,2.0,2.3,10.0,0.0,0.3,6.34,9.0,11.66,9.0,2.0,5.52,10.0,0.0,0.8,0.3,-2.45,3.07,8.6,3.07,2.0,11.45,10.0,0.0,0.8,0.3,-5.57,-3.67,-1.77,-3.67,2.0,3.93,10.0,0.0,0.8,0.3,1003.17,1004.6,1006.03,1004.6,2.0,2.97,10.0,0.0,0.8,0.3,8.0,8.0,8.0,8.0,2.0,0.0,10.0,0.0,0.8,0.3,1.3,59.3,117.2,59.3,2.0,120.0,10.0,0.0,0.8,0.3,-70.7,-43.9,-17.0,-43.9,2.0,55.6,10.0,0.0,0.8,0.3,1.83,2.1,2.37,2.1,2.0,0.57,10.0,0.0,0.8,0.3,12.4,20.5,28.5,20.5,2.0,16.7,10.0,0.0,0.8,0.3,5.48,5.73,5.98,5.73,2.0,0.52,10.0,0.0,0.8,0.3,35.5,53.0,70.5,53.0,2.0,36.3,10.0,0.0,0.8,0.3,-61.6,83.5,228.6,83.5,2.0,300.6,10.0,0.0,0.8,0.3,-147.4,-96.8,-46.3,-96.8,2.0,104.8,10.0,0.0,0.8,0.3,-40.3,63.4,167.1,63.4,2.0,214.8,10.0,0.0,0.8,0.3,-107.1,-70.0,-32.9,-70.0,2.0,76.9,10.0,0.0,0.8,0.3,-11.8,20.6,53.0,20.6,2.0,67.2,10.0,0.0,0.8,0.3,-33.8,-22.0,-10.2,-22.0,2.0,24.5,10.0,0.0,0.8,0.3,452.5,1139.5,1827.0,1139.5,2.0,1424.0,10.0,0.0,0.8,0.3,450.0,1140.0,1825.0,1140.0,2.0,1425.0,10.0,0.0,0.8,0.3
1974,2,161.0,-12.0,29.27,29.65,30.03,29.65,2.0,0.78,12.0,1.0,0.6,0.5,28.78,28.95,29.12,28.95,2.0,0.35,12.0,1.0,0.6,0.5,17.59,18.53,19.46,18.53,2.0,1.94,12.0,1.0,0.6,0.5,71.0,73.9,76.8,73.9,2.0,6.0,12.0,1.0,0.5,4.85,5.4,5.95,5.4,2.0,1.13,12.0,1.0,0.6,0.5,-4.27,-4.15,-4.04,-4.15,2.0,0.24,12.0,1.0,0.6,0.5,-4.25,-3.16,-2.08,-3.16,2.0,2.25,12.0,1.0,0.6,0.5,1007.17,1007.95,1008.74,1007.95,2.0,1.63,12.0,1.0,0.6,0.5,6.0,6.0,6.0,6.0,2.0,0.0,12.0,1.0,0.6,0.5,-23.9,-22.3,-20.6,-22.3,2.0,3.4,12.0,1.0,0.6,0.5,-25.9,-18.3,-10.8,-18.3,2.0,15.7,12.0,1.0,0.6,0.5,0.5,0.7,0.9,0.7,2.0,0.42,12.0,1.0,0.6,0.5,2.5,4.0,5.5,4.0,2.0,3.1,12.0,1.0,0.6,0.5,7.36,7.7,8.04,7.7,2.0,0.7,12.0,1.0,0.6,0.5,38.8,41.2,43.5,41.2,2.0,4.9,12.0,1.0,0.6,0.5,-122.8,-120.2,-117.6,-120.2,2.0,5.4,12.0,1.0,0.6,0.5,-123.8,-91.9,-60.0,-91.9,2.0,66.1,12.0,1.0,0.6,0.5,-78.5,-76.7,-75.0,-76.7,2.0,3.6,12.0,1.0,0.6,0.5,-83.8,-60.7,-37.7,-60.7,2.0,47.7,12.0,1.0,0.6,0.5,-34.4,-32.1,-29.8,-32.1,2.0,4.8,12.0,1.0,0.6,0.5,-30.8,-23.6,-16.3,-23.6,2.0,15.1,12.0,1.0,0.6,0.5,119.5,168.0,216.0,168.0,2.0,99.5,12.0,1.0,0.6,0.5,120.0,170.0,215.0,170.0,2.0,100.0,12.0,1.0,0.6,0.5
1974,2,161.0,-11.0,28.8,28.8,28.8,28.8,1.0,0.0,18.0,1.0,0.3,0.5,29.2,29.2,29.2,29.2,1.0,0.0,18.0,1.0,0.3,0.5,18.98,18.98,18.98,18.98,1.0,0.0,18.0,1.0,0.3,0.5,74.5,74.5,74.5,74.5,1.0,0.0,18.0,1.0,0.5,7.7,7.7,7.7,7.7,1.0,0.0,18.0,1.0,0.3,0.5,-3.85,-3.85,-3.85,-3.85,1.0,0.0,18.0,1.0,0.3,0.5,-6.67,-6.67,-6.67,-6.67,1.0,0.0,18.0,1.0,0.3,0.5,1005.7,1005.7,1005.7,1005.7,1.0,0.0,18.0,1.0,0.3,0.5,6.0,6.0,6.0,6.0,1.0,0.0,18.0,1.0,0.3,0.5,-29.6,-29.6,-29.6,-29.6,1.0,0.0,18.0,1.0,0.3,0.5,-51.3,-51.3,-51.3,-51.3,1.0,0.0,18.0,1.0,0.3,0.5,-0.4,-0.4,-0.4,-0.4,1.0,0.0,18.0,1.0,0.3,0.5,-3.1,-3.1,-3.1,-3.1,1.0,0.0,18.0,1.0,0.3,0.5,6.01,6.01,6.01,6.01,1.0,0.0,18.0,1.0,0.3,0.5,46.3,46.3,46.3,46.3,1.0,0.0,18.0,1.0,0.3,0.5,-112.4,-112.4,-112.4,-112.4,1.0,0.0,18.0,1.0,0.3,0.5,-194.7,-194.7,-194.7,-194.7,1.0,0.0,18.0,1.0,0.3,0.5,-73.1,-73.1,-73.1,-73.1,1.0,0.0,18.0,1.0,0.3,0.5,-126.6,-126.6,-126.6,-126.6,1.0,0.0,18.0,1.0,0.3,0.5,-23.1,-23.1,-23.1,-23.1,1.0,0.0,18.0,1.0,0.3,0.5,-40.1,-40.1,-40.1,-40.1,1.0,0.0,18.0,1.0,0.3,0.5,456.5,456.5,456.5,456.5,1.0,0.0,18.0,1.0,0.3,0.5,455.0,455.0,455.0,455.0,1.0,0.0,18.0,1.0,0.3,0.5
1974,2,161.0,-10.0,29.02,29.05,29.08,29.05,2.0,0.07,16.0,0.5,0.6,0.5,28.45,28.55,28.65,28.55,2.0,0.21,16.0,0.5,0.6,0.5,17.9,18.39,18.88,18.39,2.0,1.01,16.0,0.5,0.6,0.5,73.3,74.8,76.4,74.8,2.0,3.2,16.0,0.5,0.5,3.1,3.1,3.1,3.1,1.0,0.0,18.0,0.0,0.3,0.4,1.06,1.06,1.06,1.06,1.0,0.0,18.0,0.0,0.3,0.4,-2.91,-2.91,-2.91,-2.91,1.0,0.0,18.0,0.0,0.3,0.4,1004.04,1005.2,1007.18,1005.6,3.0,2.33,16.0,0.3,0.5,0.4,2.3,3.0,4.4,3.3,3.0,1.5,16.0,0.3,0.5,0.4,3.3,3.3,3.3,3.3,1.0,0.0,18.0,0.0,0.3,0.4,-9.0,-9.0,-9.0,-9.0,1.0,0.0,18.0,0.0,0.3,0.4,,,,,,,,,,,,,,,,,,,,,,,,,,,,,,,,,,,,,,,,,,,,,,,,,,,,,,,,,,,,,,,,,,,,,,,,,,,,,,,,,,,,,,,,,,,,,,,,,,,,,,,,,,,,,,,,,,,,,,,,
1974,2,161.0,-9.0,29.32,30.0,30.68,30.0,2.0,1.41,18.0,0.5,0.3,0.8,27.03,27.1,27.17,27.1,2.0,0.14,18.0,0.5,0.3,0.8,18.2,18.41,18.62,18.41,2.0,0.43,18.0,0.5,0.3,0.8,81.0,81.7,82.4,81.7,2.0,1.4,18.0,0.5,0.8,2.82,3.3,3.78,3.3,2.0,0.99,22.0,0.5,0.1,0.8,-0.92,0.7,2.31,0.7,2.0,3.35,22.0,0.5,0.1,0.8,-2.48,-2.28,-2.08,-2.28,2.0,0.41,22.0,0.5,0.1,0.8,1004.92,1006.9,1007.1,1006.03,3.0,1.77,20.0,0.7,0.3,0.7,3.0,5.0,5.7,4.3,3.0,2.1,20.0,0.7,0.3,0.7,-1.7,4.0,9.6,4.0,2.0,11.7,22.0,0.5,0.1,0.8,-9.5,-7.7,-6.0,-7.7,2.0,3.6,22.0,0.5,0.1,0.8,2.29,2.9,3.51,2.9,2.0,1.27,18.0,0.5,0.3,0.8,9.9,9.9,9.9,9.9,1.0,0.0,20.0,0.0,0.1,1.0,7.61,8.44,9.27,8.44,2.0,1.72,18.0,0.5,0.3,0.8,25.1,25.1,25.1,25.1,1.0,0.0,20.0,0.0,0.1,1.0,-45.5,-45.5,-45.5,-45.5,1.0,0.0,20.0,0.0,0.1,1.0,-54.2,-54.2,-54.2,-54.2,1.0,0.0,20.0,0.0,0.1,1.0,-31.3,-31.3,-31.3,-31.3,1.0,0.0,20.0,0.0,0.1,1.0,-37.3,-37.3,-37.3,-37.3,1.0,0.0,20.0,0.0,0.1,1.0,-16.1,-16.1,-16.1,-16.1,1.0,0.0,20.0,0.0,0.1,1.0,-19.2,-19.2,-19.2,-19.2,1.0,0.0,20.0,0.0,0.1,1.0,25.0,41.0,56.5,41.0,2.0,33.0,22.0,0.5,0.1,0.8,25.0,40.0,55.0,40.0,2.0,35.0,22.0,0.5,0.1,0.8
1974,2,161.0,-8.0,27.32,28.0,28.55,27.93,3.0,0.9,14.0,1.0,0.2,0.4,28.11,30.5,31.11,29.63,3.0,2.32,14.0,1.0,0.2,0.4,17.63,17.68,17.73,17.68,2.0,0.11,20.0,1.0,0.3,0.4,66.9,71.7,76.5,71.7,2.0,10.0,20.0,1.0,0.4,0.95,2.0,3.94,2.43,4.0,2.38,12.0,1.0,0.5,0.5,-1.49,0.5,1.15,-0.14,4.0,1.89,12.0,1.0,0.5,0.5,-2.59,0.77,1.64,-0.42,4.0,3.11,12.0,1.0,0.5,0.5,1006.76,1009.5,1010.33,1008.66,5.0,2.23,12.0,1.0,0.4,0.5,4.6,5.0,6.4,5.4,5.0,1.1,12.0,1.0,0.4,0.5,-8.5,1.0,2.3,-2.9,4.0,9.0,12.0,1.0,0.5,0.5,-14.7,1.5,3.3,-5.4,4.0,15.2,12.0,1.0,0.5,0.5,-3.54,-1.7,0.14,-1.7,3.0,2.7,14.0,1.0,0.2,0.4,0.9,2.9,4.8,2.9,2.0,4.0,12.0,1.0,0.1,0.3,6.36,6.72,7.08,6.72,2.0,0.75,20.0,1.0,0.3,0.4,35.3,35.3,35.3,35.3,1.0,0.0,24.0,1.0,0.2,0.2,-64.7,-38.5,-12.2,-38.5,2.0,54.4,12.0,1.0,0.1,0.3,-112.1,-66.6,-21.2,-66.6,2.0,94.2,12.0,1.0,0.1,0.3,-50.2,-50.2,-50.2,-50.2,1.0,0.0,24.0,1.0,0.2,0.2,-86.9,-86.9,-86.9,-86.9,1.0,0.0,24.0,1.0,0.2,0.2,-17.6,-17.6,-17.6,-17.6,1.0,0.0,24.0,1.0,0.2,0.2,-30.5,-30.5,-30.5,-30.5,1.0,0.0,24.0,1.0,0.2,0.2,4.0,8.0,101.0,50.5,4.0,90.0,12.0,1.0,0.5,0.5,5.0,10.0,100.0,50.0,4.0,90.0,12.0,1.0,0.5,0.5
1974,2,161.0,-7.0,28.53,28.6,28.87,28.7,3.0,0.26,6.0,0.3,0.4,0.5,26.94,27.9,28.24,27.6,3.0,0.98,6.0,0.3,0.4,0.5,18.69,18.87,19.59,19.13,3.0,0.69,6.0,0.3,0.4,0.5,79.8,81.8,85.1,82.5,3.0,3.9,6.0,0.3,0.5,0.0,0.5,5.12,2.3,10.0,3.53,10.0,0.2,0.4,0.7,0.0,0.25,3.2,1.47,10.0,2.27,10.0,0.2,0.4,0.7,-3.31,0.0,0.57,-1.03,10.0,3.1,10.0,0.2,0.4,0.7,1006.89,1009.0,1010.25,1008.81,13.0,1.82,8.0,0.4,0.4,0.7,1.6,5.0,6.8,4.5,11.0,2.5,10.0,0.3,0.4,0.7,0.0,0.3,18.4,10.6,10.0,22.1,10.0,0.2,0.4,0.7,-20.0,0.0,1.1,-10.7,10.0,27.3,10.0,0.2,0.4,0.7,0.63,0.7,1.59,1.1,3.0,0.78,6.0,0.3,0.4,0.5,4.5,5.6,6.7,5.6,2.0,2.3,2.0,0.0,0.6,0.6,5.47,5.69,5.94,5.7,3.0,0.34,6.0,0.3,0.4,0.5,40.1,49.2,58.2,49.2,2.0,18.7,2.0,0.0,0.6,0.6,132.2,153.5,174.8,153.5,2.0,44.1,2.0,0.0,0.6,0.6,-208.3,-183.0,-157.6,-183.0,2.0,52.6,2.0,0.0,0.6,0.6,91.7,104.5,117.3,104.5,2.0,26.5,2.0,0.0,0.6,0.6,-139.8,-124.5,-109.3,-124.5,2.0,31.5,2.0,0.0,0.6,0.6,25.8,31.6,37.4,31.6,2.0,12.0,2.0,0.0,0.6,0.6,-44.6,-37.7,-30.8,-37.7,2.0,14.3,2.0,0.0,0.6,0.6,0.0,0.5,183.5,143.0,10.0,346.5,10.0,0.2,0.4,0.7,0.0,0.0,185.0,145.0,10.0,345.0,10.0,0.2,0.4,0.7
1974,2,161.0,-6.0,29.4,29.4,29.4,29.4,1.0,0.0,2.0,0.0,0.2,0.3,28.4,28.4,28.4,28.4,1.0,0.0,2.0,0.0,0.2,0.3,18.54,18.54,18.54,18.54,1.0,0.0,2.0,0.0,0.2,0.3,76.2,76.2,76.2,76.2,1.0,0.0,2.0,0.0,0.3,6.7,6.7,6.7,6.7,1.0,0.0,2.0,0.0,0.2,0.3,5.13,5.13,5.13,5.13,1.0,0.0,2.0,0.0,0.2,0.3,-4.31,-4.31,-4.31,-4.31,1.0,0.0,2.0,0.0,0.2,0.3,1005.38,1007.05,1008.72,1007.05,2.0,3.46,4.0,0.5,0.2,0.4,8.0,8.0,8.0,8.0,1.0,0.0,2.0,0.0,0.2,0.3,34.4,34.4,34.4,34.4,1.0,0.0,2.0,0.0,0.2,0.3,-28.9,-28.9,-28.9,-28.9,1.0,0.0,2.0,0.0,0.2,0.3,1.0,1.0,1.0,1.0,1.0,0.0,2.0,0.0,0.2,0.3,6.7,6.7,6.7,6.7,1.0,0.0,2.0,0.0,0.2,0.3,7.38,7.38,7.38,7.38,1.0,0.0,2.0,0.0,0.2,0.3,49.4,49.4,49.4,49.4,1.0,0.0,2.0,0.0,0.2,0.3,145.8,145.8,145.8,145.8,1.0,0.0,2.0,0.0,0.2,0.3,-122.3,-122.3,-122.3,-122.3,1.0,0.0,2.0,0.0,0.2,0.3,95.2,95.2,95.2,95.2,1.0,0.0,2.0,0.0,0.2,0.3,-79.9,-79.9,-79.9,-79.9,1.0,0.0,2.0,0.0,0.2,0.3,37.9,37.9,37.9,37.9,1.0,0.0,2.0,0.0,0.2,0.3,-31.8,-31.8,-31.8,-31.8,1.0,0.0,2.0,0.0,0.2,0.3,301.0,301.0,301.0,301.0,1.0,0.0,2.0,0.0,0.2,0.3,300.0,300.0,300.0,300.0,1.0,0.0,2.0,0.0,0.2,0.3
1974,2,161.0,12.0,,,,,,,,,,,,,,,,,,,,,,,,,,,,,,,,,,,,,,,,9.3,9.3,9.3,9.3,1.0,0.0,28.0,1.0,0.0,0.2,1.61,1.61,1.61,1.61,1.0,0.0,28.0,1.0,0.0,0.2,-9.16,-9.16,-9.16,-9.16,1.0,0.0,28.0,1.0,0.0,0.2,1014.5,1014.5,1014.5,1014.5,1.0,0.0,28.0,1.0,0.0,0.2,,,,,,,,,,,,,,,,,,,,,,,,,,,,,,,,,,,,,,,,,,,,,,,,,,,,,,,,,,,,,,,,,,,,,,,,,,,,,,,,,,,,,,,,,,,,,,,,,,,,,,,,,,,,,,,,,,,,,,,,,,,,,,,,,,,,,,,,,,,,,,,,,,,,,,
1974,2,161.0,14.0,,,,,,,,,,,,,,,,,,,,,,,,,,,,,,,,,,,,,,,,5.1,5.1,5.1,5.1,1.0,0.0,4.0,1.0,0.3,0.3,-4.79,-4.79,-4.79,-4.79,1.0,0.0,4.0,1.0,0.3,0.3,-1.74,-1.74,-1.74,-1.74,1.0,0.0,4.0,1.0,0.3,0.3,1010.6,1010.6,1010.6,1010.6,1.0,0.0,4.0,1.0,0.3,0.3,,,,,,,,,,,,,,,,,,,,,,,,,,,,,,,,,,,,,,,,,,,,,,,,,,,,,,,,,,,,,,,,,,,,,,,,,,,,,,,,,,,,,,,,,,,,,,,,,,,,,,,,,,,,,,,,,,,,,,,,,,,,,,,,,,,,,,,,,,,,,,,,,,,,,,
1974,2,161.0,15.0,26.7,26.7,26.7,26.7,1.0,0.0,12.0,1.0,0.5,0.6,29.7,29.7,29.7,29.7,1.0,0.0,12.0,1.0,0.5,0.6,16.55,16.55,16.55,16.55,1.0,0.0,12.0,1.0,0.5,0.6,63.7,63.7,63.7,63.7,1.0,0.0,12.0,1.0,0.6,7.7,7.7,7.7,7.7,1.0,0.0,12.0,1.0,0.5,0.6,-7.58,-7.58,-7.58,-7.58,1.0,0.0,12.0,1.0,0.5,0.6,-1.34,-1.34,-1.34,-1.34,1.0,0.0,12.0,1.0,0.5,0.6,1014.0,1014.0,1014.0,1014.0,1.0,0.0,12.0,1.0,0.5,0.6,6.0,6.0,6.0,6.0,1.0,0.0,12.0,1.0,0.5,0.6,-58.4,-58.4,-58.4,-58.4,1.0,0.0,12.0,1.0,0.5,0.6,-10.3,-10.3,-10.3,-10.3,1.0,0.0,12.0,1.0,0.5,0.6,-3.0,-3.0,-3.0,-3.0,1.0,0.0,12.0,1.0,0.5,0.6,-23.1,-23.1,-23.1,-23.1,1.0,0.0,12.0,1.0,0.5,0.6,5.33,5.33,5.33,5.33,1.0,0.0,12.0,1.0,0.5,0.6,41.0,41.0,41.0,41.0,1.0,0.0,12.0,1.0,0.5,0.6,-225.2,-225.2,-225.2,-225.2,1.0,0.0,12.0,1.0,0.5,0.6,-39.7,-39.7,-39.7,-39.7,1.0,0.0,12.0,1.0,0.5,0.6,-125.5,-125.5,-125.5,-125.5,1.0,0.0,12.0,1.0,0.5,0.6,-22.1,-22.1,-22.1,-22.1,1.0,0.0,12.0,1.0,0.5,0.6,-40.4,-40.4,-40.4,-40.4,1.0,0.0,12.0,1.0,0.5,0.6,-7.1,-7.1,-7.1,-7.1,1.0,0.0,12.0,1.0,0.5,0.6,456.5,456.5,456.5,456.5,1.0,0.0,12.0,1.0,0.5,0.6,455.0,455.0,455.0,455.0,1.0,0.0,12.0,1.0,0.5,0.6
1974,2,161.0,17.0,26.39,27.25,27.9,27.15,4.0,0.9,16.0,0.5,0.5,0.7,25.79,26.35,26.7,26.25,4.0,0.54,16.0,0.5,0.5,0.7,15.46,17.15,19.03,17.24,4.0,2.34,16.0,0.5,0.5,0.7,73.2,80.3,88.7,80.9,4.0,9.4,16.0,0.5,0.7,7.02,7.7,8.04,7.53,3.0,0.76,14.0,0.3,0.5,0.6,-8.0,-7.58,-5.35,-6.7,3.0,2.09,14.0,0.3,0.5,0.6,-3.93,-1.34,-0.42,-2.16,3.0,2.66,14.0,0.3,0.5,0.6,1012.58,1013.25,1013.71,1013.15,4.0,0.73,16.0,0.5,0.5,0.7,2.4,5.5,7.0,4.8,4.0,2.9,16.0,0.5,0.5,0.7,-64.4,-58.4,-38.2,-51.5,3.0,20.1,14.0,0.3,0.5,0.6,-26.7,-10.3,-3.3,-14.9,3.0,17.6,14.0,0.3,0.5,0.6,0.21,1.1,1.57,0.9,4.0,1.09,16.0,0.5,0.5,0.7,7.9,9.0,13.4,10.6,3.0,4.2,14.0,0.3,0.5,0.6,3.92,5.24,6.63,5.27,4.0,1.75,16.0,0.5,0.5,0.7,32.4,44.9,47.9,40.3,3.0,12.0,14.0,0.3,0.5,0.6,-212.0,-197.2,-137.8,-175.4,3.0,57.5,14.0,0.3,0.5,0.6,-100.7,-34.8,-11.0,-55.4,3.0,68.1,14.0,0.3,0.5,0.6,-155.5,-135.2,-85.7,-121.0,3.0,52.6,14.0,0.3,0.5,0.6,-58.6,-23.8,-7.6,-32.8,3.0,38.2,14.0,0.3,0.5,0.6,-40.2,-31.7,-28.2,-34.2,3.0,9.1,14.0,0.3,0.5,0.6,-28.3,-7.8,-2.5,-15.2,3.0,20.0,14.0,0.3,0.5,0.6,350.0,456.5,521.5,436.0,3.0,126.5,14.0,0.3,0.5,0.6,350.0,455.0,520.0,435.0,3.0,125.0,14.0,0.3,0.5,0.6
1974,2,161.0,18.0,26.5,26.5,26.5,26.5,1.0,0.0,8.0,0.0,0.5,0.6,24.0,24.0,24.0,24.0,1.0,0.0,8.0,0.0,0.5,0.6,16.4,16.4,16.4,16.4,1.0,0.0,8.0,0.0,0.5,0.6,88.0,88.0,88.0,88.0,1.0,0.0,8.0,0.0,0.6,7.2,7.2,7.2,7.2,1.0,0.0,8.0,0.0,0.5,0.6,-7.09,-7.09,-7.09,-7.09,1.0,0.0,8.0,0.0,0.5,0.6,1.25,1.25,1.25,1.25,1.0,0.0,8.0,0.0,0.5,0.6,1011.0,1011.0,1011.0,1011.0,1.0,0.0,8.0,0.0,0.5,0.6,1.0,1.0,1.0,1.0,1.0,0.0,8.0,0.0,0.5,0.6,-51.1,-51.1,-51.1,-51.1,1.0,0.0,8.0,0.0,0.5,0.6,9.0,9.0,9.0,9.0,1.0,0.0,8.0,0.0,0.5,0.6,2.5,2.5,2.5,2.5,1.0,0.0,8.0,0.0,0.5,0.6,18.0,18.0,18.0,18.0,1.0,0.0,8.0,0.0,0.5,0.6,5.29,5.29,5.29,5.29,1.0,0.0,8.0,0.0,0.5,0.6,38.1,38.1,38.1,38.1,1.0,0.0,8.0,0.0,0.5,0.6,-170.2,-170.2,-170.2,-170.2,1.0,0.0,8.0,0.0,0.5,0.6,30.0,30.0,30.0,30.0,1.0,0.0,8.0,0.0,0.5,0.6,-116.3,-116.3,-116.3,-116.3,1.0,0.0,8.0,0.0,0.5,0.6,20.5,20.5,20.5,20.5,1.0,0.0,8.0,0.0,0.5,0.6,-37.5,-37.5,-37.5,-37.5,1.0,0.0,8.0,0.0,0.5,0.6,6.6,6.6,6.6,6.6,1.0,0.0,8.0,0.0,0.5,0.6,373.0,373.0,373.0,373.0,1.0,0.0,8.0,0.0,0.5,0.6,375.0,375.0,375.0,375.0,1.0,0.0,8.0,0.0,0.5,0.6
1974,2,161.0,20.0,25.87,26.5,27.21,26.52,6.0,1.0,14.0,0.8,0.4,0.4,23.29,25.0,26.62,24.89,7.0,1.7,14.0,0.7,0.4,0.4,12.44,14.74,15.47,14.03,5.0,2.29,12.0,0.8,0.4,0.3,63.5,69.3,78.9,70.7,5.0,9.5,12.0,0.8,0.3,3.1,5.15,6.61,5.15,6.0,2.05,16.0,0.7,0.4,0.3,-5.56,-3.1,-1.27,-3.0,6.0,2.9,16.0,0.7,0.4,0.3,-5.39,-2.87,-1.77,-3.11,6.0,2.29,16.0,0.7,0.4,0.3,1011.17,1013.2,1017.57,1014.23,7.0,3.29,14.0,0.7,0.4,0.4,2.0,3.0,3.2,3.1,7.0,1.8,14.0,0.7,0.4,0.4,-37.1,-13.0,-6.2,-19.0,6.0,20.3,16.0,0.7,0.4,0.3,-37.6,-15.0,-5.5,-19.2,6.0,17.4,16.0,0.7,0.4,0.3,-0.65,2.0,2.92,1.32,6.0,2.05,14.0,0.8,0.4,0.4,3.6,12.4,21.8,12.3,5.0,10.0,16.0,0.8,0.4,0.3,4.97,7.1,9.41,7.27,5.0,2.51,12.0,0.8,0.4,0.3,20.5,35.4,67.3,43.5,4.0,32.2,16.0,0.8,0.3,0.3,-141.0,-76.7,-28.9,-73.2,6.0,71.5,16.0,0.7,0.4,0.3,-125.5,-70.6,-44.2,-74.1,6.0,53.7,16.0,0.7,0.4,0.3,-58.3,-41.0,-0.8,-30.1,4.0,40.6,16.0,0.8,0.3,0.3,-71.4,-43.6,-10.7,-41.2,4.0,40.1,16.0,0.8,0.3,0.3,-42.6,-14.9,2.0,-20.1,4.0,35.2,16.0,0.8,0.3,0.3,-49.5,-30.9,-8.4,-29.0,4.0,25.8,16.0,0.8,0.3,0.3,30.0,153.5,303.0,193.0,6.0,200.5,16.0,0.7,0.4,0.3,30.0,155.0,305.0,195.0,6.0,200.0,16.0,0.7,0.4,0.3
1974,2,161.0,21.0,24.79,25.0,26.81,25.64,5.0,1.12,8.0,0.2,0.7,0.4,23.3,24.8,25.22,24.4,5.0,1.05,8.0,0.2,0.7,0.4,13.61,17.35,17.86,16.05,5.0,2.34,8.0,0.2,0.7,0.4,76.8,85.0,90.9,84.0,5.0,7.6,8.0,0.2,0.4,3.79,5.1,7.38,5.32,5.0,2.44,8.0,0.2,0.7,0.4,-2.48,1.25,2.82,0.02,5.0,4.22,8.0,0.2,0.7,0.4,-3.1,-1.48,5.39,0.7,5.0,4.79,8.0,0.2,0.7,0.4,1010.84,1013.0,1017.4,1014.08,5.0,3.94,8.0,0.2,0.7,0.4,1.6,2.0,4.4,2.8,5.0,1.6,8.0,0.2,0.7,0.4,-20.1,9.0,14.4,-3.3,5.0,29.9,8.0,0.2,0.7,0.4,-20.1,-2.2,32.9,6.2,5.0,30.5,8.0,0.2,0.7,0.4,-0.08,1.4,2.32,1.24,5.0,1.49,8.0,0.2,0.7,0.4,-0.3,2.6,14.1,6.9,5.0,11.3,8.0,0.2,0.7,0.4,1.71,4.88,7.05,4.51,5.0,2.89,8.0,0.2,0.7,0.4,8.4,14.7,38.1,23.3,5.0,22.3,8.0,0.2,0.7,0.4,-57.7,31.0,71.1,3.2,5.0,100.6,8.0,0.2,0.7,0.4,-75.5,-34.4,134.3,18.1,5.0,118.8,8.0,0.2,0.7,0.4,-34.3,22.1,50.3,5.8,5.0,62.7,8.0,0.2,0.7,0.4,-47.9,-19.6,96.8,16.4,5.0,82.3,8.0,0.2,0.7,0.4,-19.9,2.6,7.7,-6.8,5.0,28.9,8.0,0.2,0.7,0.4,-19.7,-9.7,8.5,-6.0,5.0,15.4,8.0,0.2,0.7,0.4,85.5,132.5,403.5,219.5,5.0,188.0,8.0,0.2,0.7,0.4,85.0,135.0,405.0,220.0,5.0,190.0,8.0,0.2,0.7,0.4
1974,2,161.0,22.0,25.4,25.4,25.4,25.4,1.0,0.0,14.0,0.0,0.4,0.9,22.2,22.2,22.2,22.2,1.0,0.0,14.0,0.0,0.4,0.9,12.91,12.91,12.91,12.91,1.0,0.0,14.0,0.0,0.4,0.9,78.1,78.1,78.1,78.1,1.0,0.0,14.0,0.0,0.9,5.1,5.1,5.1,5.1,1.0,0.0,14.0,0.0,0.4,0.9,-3.91,-3.91,-3.91,-3.91,1.0,0.0,14.0,0.0,0.4,0.9,-3.28,-3.28,-3.28,-3.28,1.0,0.0,14.0,0.0,0.4,0.9,1018.8,1018.8,1018.8,1018.8,1.0,0.0,14.0,0.0,0.4,0.9,6.0,6.0,6.0,6.0,1.0,0.0,14.0,0.0,0.4,0.9,-19.9,-19.9,-19.9,-19.9,1.0,0.0,14.0,0.0,0.4,0.9,-16.7,-16.7,-16.7,-16.7,1.0,0.0,14.0,0.0,0.4,0.9,3.2,3.2,3.2,3.2,1.0,0.0,14.0,0.0,0.4,0.9,16.3,16.3,16.3,16.3,1.0,0.0,14.0,0.0,0.4,0.9,7.23,7.23,7.23,7.23,1.0,0.0,14.0,0.0,0.4,0.9,36.9,36.9,36.9,36.9,1.0,0.0,14.0,0.0,0.4,0.9,-86.7,-86.7,-86.7,-86.7,1.0,0.0,14.0,0.0,0.4,0.9,-72.8,-72.8,-72.8,-72.8,1.0,0.0,14.0,0.0,0.4,0.9,-50.4,-50.4,-50.4,-50.4,1.0,0.0,14.0,0.0,0.4,0.9,-42.3,-42.3,-42.3,-42.3,1.0,0.0,14.0,0.0,0.4,0.9,-28.3,-28.3,-28.3,-28.3,1.0,0.0,14.0,0.0,0.4,0.9,-23.7,-23.7,-23.7,-23.7,1.0,0.0,14.0,0.0,0.4,0.9,132.5,132.5,132.5,132.5,1.0,0.0,14.0,0.0,0.4,0.9,135.0,135.0,135.0,135.0,1.0,0.0,14.0,0.0,0.4,0.9
1974,2,161.0,23.0,21.95,23.15,24.82,23.38,4.0,2.14,12.0,0.8,0.7,0.5,21.21,22.4,23.64,22.43,4.0,1.63,12.0,0.8,0.7,0.5,13.32,14.0,14.95,14.13,4.0,1.06,12.0,0.8,0.7,0.5,79.6,85.1,88.5,84.1,4.0,5.7,12.0,0.8,0.5,6.91,8.75,10.06,8.5,4.0,1.9,12.0,0.8,0.7,0.5,-6.24,-4.57,-0.14,-3.25,4.0,4.61,12.0,0.8,0.7,0.5,-6.93,-1.06,6.08,-0.46,4.0,8.02,12.0,0.8,0.7,0.5,1012.21,1015.0,1022.4,1017.2,4.0,7.12,12.0,0.8,0.7,0.5,2.9,6.5,7.0,5.0,4.0,3.4,12.0,0.8,0.7,0.5,-54.4,-38.9,5.4,-25.2,4.0,41.1,12.0,0.8,0.7,0.5,-62.2,-4.6,56.9,-2.7,4.0,77.1,12.0,0.8,0.7,0.5,-0.29,1.15,2.17,0.95,4.0,1.54,12.0,0.8,0.7,0.5,-0.9,11.7,18.9,9.1,4.0,12.2,12.0,0.8,0.7,0.5,2.08,3.39,5.57,3.81,4.0,2.19,12.0,0.8,0.7,0.5,16.9,28.6,51.9,34.2,4.0,24.5,12.0,0.8,0.7,0.5,-137.5,-106.7,-1.7,-71.3,4.0,101.6,12.0,0.8,0.7,0.5,-163.8,-25.3,135.7,-14.5,4.0,186.6,12.0,0.8,0.7,0.5,-84.5,-64.1,1.3,-42.6,4.0,65.1,12.0,0.8,0.7,0.5,-97.9,-15.3,91.1,-3.9,4.0,118.4,12.0,0.8,0.7,0.5,-33.1,-19.6,0.7,-16.4,4.0,20.3,12.0,0.8,0.7,0.5,-35.0,1.5,16.9,-8.6,4.0,35.9,12.0,0.8,0.7,0.5,342.0,699.0,1020.5,682.0,4.0,401.5,12.0,0.8,0.7,0.5,340.0,700.0,1020.0,680.0,4.0,400.0,12.0,0.8,0.7,0.5
1974,2,161.0,24.0,21.24,22.25,23.0,22.13,4.0,1.03,26.0,0.5,0.7,0.4,20.13,21.0,23.64,21.9,5.0,2.72,22.0,0.4,0.6,0.4,11.57,12.82,14.55,13.05,5.0,2.07,22.0,0.4,0.6,0.4,70.8,83.0,88.2,79.9,5.0,10.6,22.0,0.4,0.4,5.1,5.1,8.33,6.56,5.0,2.28,22.0,0.4,0.6,0.4,-7.22,-4.79,-0.65,-3.77,5.0,5.27,22.0,0.4,0.6,0.4,-4.17,-3.28,-1.43,-2.93,5.0,1.66,22.0,0.4,0.6,0.4,1011.94,1013.0,1016.47,1014.38,5.0,4.63,22.0,0.4,0.6,0.4,3.0,3.0,7.4,4.8,5.0,2.5,22.0,0.4,0.6,0.4,-62.1,-24.4,-3.3,-31.1,5.0,42.6,22.0,0.4,0.6,0.4,-35.8,-16.7,-7.3,-21.8,5.0,19.3,22.0,0.4,0.6,0.4,-2.62,0.5,1.79,-0.37,4.0,3.25,26.0,0.5,0.7,0.4,-13.4,2.6,11.9,-0.6,4.0,18.2,26.0,0.5,0.7,0.4,1.21,3.25,5.43,3.32,4.0,2.89,26.0,0.5,0.7,0.4,12.8,27.5,31.5,22.4,4.0,15.7,26.0,0.5,0.7,0.4,-149.6,-105.4,-30.0,-85.2,5.0,107.9,22.0,0.4,0.6,0.4,-94.6,-73.8,-30.7,-64.9,5.0,36.8,22.0,0.4,0.6,0.4,-95.8,-62.9,-9.5,-50.3,5.0,66.9,22.0,0.4,0.6,0.4,-57.6,-49.2,-15.5,-39.4,5.0,23.7,22.0,0.4,0.6,0.4,-28.7,-23.9,-11.1,-20.1,4.0,14.3,26.0,0.5,0.7,0.4,-13.8,-12.8,-5.5,-9.8,4.0,6.8,26.0,0.5,0.7,0.4,132.5,132.5,636.0,373.0,5.0,415.5,22.0,0.4,0.6,0.4,135.0,135.0,635.0,375.0,5.0,415.0,22.0,0.4,0.6,0.4
1974,2,161.0,25.0,21.55,22.8,23.63,22.6,12.0,1.08,14.0,0.3,0.5,0.5,18.18,20.0,21.26,19.65,11.0,1.77,14.0,0.3,0.5,0.5,8.3,10.45,11.81,10.19,9.0,1.96,14.0,0.3,0.5,0.5,65.7,72.4,79.2,72.6,9.0,6.3,14.0,0.3,0.5,3.59,6.45,10.3,6.85,12.0,4.15,14.0,0.3,0.5,0.5,-6.79,-0.54,2.9,-1.45,12.0,5.88,14.0,0.3,0.5,0.5,-6.63,-0.36,2.81,-1.59,12.0,5.36,14.0,0.3,0.5,0.5,1012.5,1015.0,1018.6,1015.08,12.0,3.69,14.0,0.3,0.5,0.5,2.0,4.0,6.4,4.2,11.0,2.0,14.0,0.4,0.5,0.5,-63.3,-2.2,17.4,-18.7,12.0,68.3,14.0,0.3,0.5,0.5,-60.6,-1.5,16.5,-19.3,12.0,56.5,14.0,0.3,0.5,0.5,1.29,3.0,4.8,2.94,11.0,1.94,14.0,0.3,0.5,0.5,3.7,22.6,29.6,21.2,11.0,16.4,14.0,0.3,0.5,0.5,5.43,6.44,9.12,6.8,9.0,2.15,14.0,0.3,0.5,0.5,30.2,47.2,83.7,53.0,9.0,28.6,14.0,0.3,0.5,0.5,-147.7,-17.5,72.5,-31.5,11.0,121.0,14.0,0.3,0.5,0.5,-120.3,-13.2,66.5,-27.8,11.0,113.0,14.0,0.3,0.5,0.5,-103.9,-22.9,47.4,-25.8,9.0,68.9,14.0,0.3,0.5,0.5,-59.3,-6.1,19.1,-13.8,9.0,63.9,14.0,0.3,0.5,0.5,-49.8,-13.3,32.4,-11.2,9.0,47.4,14.0,0.3,0.5,0.5,-56.3,-7.1,12.4,-19.4,9.0,34.0,14.0,0.3,0.5,0.5,53.5,269.5,1092.5,667.0,12.0,1019.5,14.0,0.3,0.5,0.5,55.0,270.0,1095.0,665.0,12.0,1020.0,14.0,0.3,0.5,0.5
1974,2,161.0,26.0,19.0,21.0,22.29,20.9,6.0,1.83,12.0,0.7,0.4,0.2,19.46,20.0,23.02,21.01,7.0,1.94,12.0,0.7,0.3,0.2,8.36,12.78,13.63,11.34,7.0,3.05,12.0,0.7,0.3,0.2,63.5,75.7,91.2,73.1,7.0,17.9,12.0,0.7,0.2,6.45,7.7,10.0,8.09,7.0,3.74,12.0,0.7,0.3,0.2,-7.44,-1.5,1.4,-3.24,7.0,5.69,12.0,0.7,0.3,0.2,-2.58,5.13,7.69,3.05,7.0,5.9,12.0,0.7,0.3,0.2,1015.39,1019.5,1022.53,1018.64,7.0,3.74,12.0,0.7,0.3,0.2,1.0,2.0,5.1,2.9,7.0,2.4,12.0,0.7,0.3,0.2,-72.2,-2.2,10.8,-36.7,7.0,73.6,12.0,0.7,0.3,0.2,-34.6,34.4,60.2,22.2,7.0,54.3,12.0,0.7,0.3,0.2,-1.72,-0.75,0.99,-0.37,6.0,2.99,12.0,0.7,0.4,0.2,-12.3,-6.3,9.2,-1.0,6.0,24.7,12.0,0.7,0.4,0.2,1.03,2.21,4.8,3.1,6.0,3.27,12.0,0.7,0.4,0.2,8.6,19.8,46.1,28.7,6.0,30.5,12.0,0.7,0.4,0.2,-139.3,-29.2,28.4,-64.2,7.0,114.8,12.0,0.7,0.3,0.2,-51.3,120.6,169.0,71.4,7.0,124.4,12.0,0.7,0.3,0.2,-66.2,-8.6,19.1,-35.2,7.0,72.7,12.0,0.7,0.3,0.2,-32.6,61.3,104.6,43.7,7.0,70.8,12.0,0.7,0.3,0.2,-27.8,-3.5,1.5,-13.9,6.0,26.9,12.0,0.7,0.4,0.2,-13.9,4.1,23.4,0.9,6.0,31.1,12.0,0.7,0.4,0.2,286.5,456.5,1024.5,807.0,7.0,884.5,12.0,0.7,0.3,0.2,285.0,455.0,1025.0,805.0,7.0,885.0,12.0,0.7,0.3,0.2
1974,2,161.0,27.0,18.3,19.05,20.0,19.23,12.0,0.85,16.0,0.7,0.5,0.7,15.84,19.0,22.89,19.33,15.0,3.05,16.0,0.7,0.5,0.6,7.8,9.64,11.62,9.79,12.0,2.23,16.0,0.7,0.5,0.7,60.7,71.7,83.0,71.4,12.0,12.0,16.0,0.7,0.7,5.23,7.7,9.95,7.47,15.0,3.0,16.0,0.7,0.5,0.6,-7.51,1.3,6.51,-0.25,15.0,7.08,16.0,0.7,0.5,0.6,-6.21,-0.89,1.28,-1.67,15.0,3.96,16.0,0.7,0.5,0.6,1013.72,1016.9,1022.55,1017.69,13.0,4.54,16.0,0.6,0.5,0.6,2.2,4.0,6.8,4.5,15.0,2.1,16.0,0.7,0.5,0.6,-57.8,1.9,54.1,-9.4,15.0,69.7,16.0,0.7,0.5,0.6,-51.5,-4.5,9.5,-18.1,15.0,38.1,16.0,0.7,0.5,0.6,-2.98,-0.25,3.35,0.23,12.0,2.87,16.0,0.7,0.5,0.7,-19.8,-1.9,32.7,5.8,12.0,25.8,16.0,0.7,0.5,0.7,1.99,3.62,5.96,4.02,12.0,2.17,16.0,0.7,0.5,0.7,12.5,26.4,71.6,35.9,12.0,25.9,16.0,0.7,0.5,0.7,-150.8,31.2,125.0,-0.2,15.0,132.7,16.0,0.7,0.5,0.6,-112.3,-20.4,24.3,-28.0,15.0,71.9,16.0,0.7,0.5,0.6,-81.1,6.6,69.3,-5.4,12.0,77.8,16.0,0.7,0.5,0.7,-51.7,-10.7,17.5,-13.8,12.0,38.1,16.0,0.7,0.5,0.7,-42.8,-1.0,24.7,-7.7,12.0,36.5,16.0,0.7,0.5,0.7,-23.3,-1.2,6.0,-8.7,12.0,24.4,16.0,0.7,0.5,0.7,144.5,456.5,996.5,611.0,15.0,678.5,16.0,0.7,0.5,0.6,145.0,455.0,995.0,610.0,15.0,680.0,16.0,0.7,0.5,0.6
1974,2,161.0,28.0,17.2,18.15,19.65,18.42,18.0,1.45,14.0,0.6,0.5,0.4,15.6,17.0,19.0,17.28,21.0,1.91,14.0,0.5,0.4,0.4,7.06,8.28,11.85,9.15,19.0,2.46,14.0,0.5,0.5,0.4,60.8,70.1,90.9,74.4,19.0,13.5,14.0,0.5,0.4,7.2,10.3,12.71,9.84,21.0,3.46,14.0,0.5,0.4,0.4,-7.42,3.91,8.74,2.25,21.0,7.88,14.0,0.5,0.4,0.4,-8.89,-1.5,6.04,-1.36,21.0,6.66,14.0,0.5,0.4,0.4,1013.02,1016.5,1019.5,1016.6,20.0,3.89,14.0,0.5,0.4,0.4,2.2,6.0,7.8,5.0,21.0,2.3,14.0,0.5,0.4,0.4,-64.9,24.7,91.5,31.1,21.0,99.0,14.0,0.5,0.4,0.4,-99.4,-11.7,61.5,-16.8,21.0,75.3,14.0,0.5,0.4,0.4,-0.53,1.25,3.01,1.31,18.0,1.92,14.0,0.6,0.5,0.4,-6.3,8.0,27.5,10.4,18.0,16.1,14.0,0.6,0.5,0.4,1.84,4.61,6.15,4.17,17.0,2.43,14.0,0.6,0.5,0.4,15.8,30.2,65.8,38.2,17.0,27.4,14.0,0.6,0.5,0.4,-127.2,61.8,153.0,37.4,21.0,138.2,14.0,0.5,0.4,0.4,-134.8,-25.9,116.2,-16.3,21.0,117.1,14.0,0.5,0.4,0.4,-80.7,27.0,90.5,18.7,19.0,76.0,14.0,0.5,0.5,0.4,-58.8,-16.7,38.9,-5.1,19.0,58.4,14.0,0.5,0.5,0.4,-16.3,18.1,42.3,15.3,17.0,33.0,14.0,0.6,0.5,0.4,-45.0,-12.9,13.2,-14.5,17.0,27.2,14.0,0.6,0.5,0.4,373.0,1092.5,2059.0,1278.5,21.0,1127.0,14.0,0.5,0.4,0.4,375.0,1095.0,2060.0,1280.0,21.0,1125.0,14.0,0.5,0.4,0.4
1974,2,161.0,29.0,16.44,17.75,18.49,17.54,14.0,1.09,14.0,0.7,0.4,0.6,13.8,18.25,20.44,17.14,14.0,3.49,14.0,0.7,0.4,0.6,6.19,10.99,13.76,10.34,14.0,3.35,14.0,0.7,0.4,0.6,73.9,82.8,93.9,81.8,14.0,11.9,14.0,0.7,0.6,6.46,11.55,15.31,11.06,14.0,4.14,14.0,0.7,0.4,0.6,-0.59,7.71,10.79,5.56,14.0,6.61,14.0,0.7,0.4,0.6,-6.29,0.89,12.02,1.33,14.0,8.37,14.0,0.7,0.4,0.6,1003.13,1012.1,1018.92,1011.4,14.0,7.31,14.0,0.7,0.4,0.6,4.0,7.0,8.0,6.1,13.0,2.2,16.0,0.7,0.4,0.6,-2.1,92.8,147.8,71.6,14.0,79.3,14.0,0.7,0.4,0.6,-79.6,5.6,159.2,15.9,14.0,123.7,14.0,0.7,0.4,0.6,-2.87,-0.55,4.37,0.4,14.0,3.56,14.0,0.7,0.4,0.6,-25.3,-5.2,33.1,8.4,14.0,43.4,14.0,0.7,0.4,0.6,-0.56,1.3,5.97,2.15,14.0,3.21,14.0,0.7,0.4,0.6,-2.7,10.1,75.2,24.9,14.0,40.6,14.0,0.7,0.4,0.6,-8.1,109.7,183.3,85.1,14.0,115.1,14.0,0.7,0.4,0.6,-75.4,18.3,234.2,39.0,14.0,140.0,14.0,0.7,0.4,0.6,-3.5,63.6,98.1,49.5,14.0,70.4,14.0,0.7,0.4,0.6,-44.8,10.7,165.7,31.5,14.0,91.5,14.0,0.7,0.4,0.6,0.0,4.6,58.7,18.4,14.0,31.2,14.0,0.7,0.4,0.6,-36.8,-4.0,0.0,-12.9,14.0,28.3,14.0,0.7,0.4,0.6,292.0,1560.5,3591.5,1840.5,14.0,1407.0,14.0,0.7,0.4,0.6,290.0,1560.0,3590.0,1840.0,14.0,1405.0,14.0,0.7,0.4,0.6
1974,2,161.0,30.0,16.22,17.5,19.78,17.77,15.0,1.51,14.0,0.5,0.4,0.4,13.38,15.15,16.31,15.16,16.0,1.46,14.0,0.5,0.4,0.4,6.22,8.0,9.62,8.05,16.0,1.86,14.0,0.5,0.4,0.4,60.0,75.3,89.5,75.0,16.0,12.9,14.0,0.5,0.4,4.17,8.45,10.3,8.14,16.0,3.85,14.0,0.5,0.4,0.4,-6.6,3.13,7.7,1.61,16.0,6.53,14.0,0.5,0.4,0.4,-8.61,-0.44,2.52,-2.08,16.0,5.95,14.0,0.5,0.4,0.4,1012.88,1018.05,1023.24,1017.63,16.0,5.77,14.0,0.5,0.4,0.4,1.4,6.0,8.0,5.3,16.0,2.7,14.0,0.5,0.4,0.4,-44.2,15.0,68.7,24.2,16.0,70.7,14.0,0.5,0.4,0.4,-86.9,-2.3,23.3,-26.2,16.0,79.0,14.0,0.5,0.4,0.4,0.61,2.2,4.89,2.66,15.0,2.21,14.0,0.5,0.4,0.4,5.6,18.0,42.3,24.4,15.0,28.3,14.0,0.5,0.4,0.4,2.11,4.11,7.23,4.59,15.0,2.52,14.0,0.5,0.4,0.4,14.6,28.3,70.0,38.0,15.0,28.8,14.0,0.5,0.4,0.4,-107.1,47.7,119.6,19.6,16.0,100.8,14.0,0.5,0.4,0.4,-118.8,-6.8,44.5,-24.8,16.0,85.4,14.0,0.5,0.4,0.4,-62.6,21.1,61.0,7.9,16.0,58.4,14.0,0.5,0.4,0.4,-51.3,-3.0,27.1,-10.8,16.0,48.7,14.0,0.5,0.4,0.4,-13.6,9.7,43.9,15.3,15.0,28.7,14.0,0.5,0.4,0.4,-46.3,-4.9,7.1,-17.5,15.0,31.3,14.0,0.5,0.4,0.4,79.5,605.0,1092.5,913.0,16.0,1391.0,14.0,0.5,0.4,0.4,80.0,605.0,1095.0,915.0,16.0,1390.0,14.0,0.5,0.4,0.4
1974,2,161.0,31.0,15.69,16.7,18.0,16.87,15.0,1.27,14.0,0.3,0.4,0.5,13.02,16.0,16.89,15.16,17.0,2.62,16.0,0.3,0.5,0.5,6.59,8.76,10.54,8.57,16.0,2.12,16.0,0.3,0.4,0.5,63.9,76.7,90.5,77.1,16.0,14.2,16.0,0.3,0.5,7.24,12.3,15.4,11.1,17.0,4.02,16.0,0.3,0.5,0.5,1.13,9.9,14.31,7.78,17.0,6.39,16.0,0.3,0.5,0.5,-4.98,0.0,7.11,0.51,17.0,6.46,16.0,0.3,0.5,0.5,1008.88,1015.0,1021.12,1014.49,17.0,8.31,16.0,0.3,0.5,0.5,3.0,6.5,8.0,5.5,16.0,2.4,16.0,0.3,0.5,0.5,7.6,131.0,212.8,108.7,17.0,99.3,16.0,0.3,0.5,0.5,-37.0,0.0,83.0,7.0,17.0,75.3,16.0,0.3,0.5,0.5,0.5,1.7,3.37,1.33,15.0,2.34,14.0,0.3,0.4,0.5,7.3,17.9,32.4,15.0,15.0,23.8,14.0,0.3,0.4,0.5,2.49,3.16,5.45,3.49,15.0,2.32,14.0,0.3,0.4,0.5,13.9,41.5,61.9,40.3,15.0,30.4,14.0,0.3,0.4,0.5,16.7,129.5,214.2,114.4,17.0,95.1,16.0,0.3,0.5,0.5,-64.6,0.0,119.5,16.3,17.0,98.8,16.0,0.3,0.5,0.5,6.9,56.7,117.5,59.4,16.0,53.8,16.0,0.3,0.4,0.5,-40.6,-9.0,77.4,14.8,16.0,56.2,16.0,0.3,0.4,0.5,0.7,38.7,59.4,30.9,15.0,25.8,14.0,0.3,0.4,0.5,-22.5,-7.4,23.8,-8.1,15.0,30.1,14.0,0.3,0.4,0.5,385.0,1861.0,3652.5,1866.0,17.0,1585.5,16.0,0.3,0.5,0.5,385.0,1860.0,3650.0,1865.0,17.0,1585.0,16.0,0.3,0.5,0.5
1974,2,161.0,32.0,16.46,18.0,19.0,17.68,19.0,1.25,14.0,0.6,0.4,0.5,13.0,14.0,16.41,14.27,21.0,2.01,14.0,0.6,0.5,0.6,6.65,8.08,9.05,8.1,21.0,1.56,14.0,0.6,0.5,0.6,67.3,84.2,90.7,79.9,21.0,11.8,14.0,0.6,0.6,5.79,7.7,16.81,10.45,21.0,6.15,14.0,0.6,0.5,0.6,1.92,6.7,11.96,6.95,21.0,5.72,14.0,0.6,0.5,0.6,-8.07,-1.34,3.82,-1.9,21.0,8.08,14.0,0.6,0.5,0.6,1007.0,1012.0,1019.24,1012.86,21.0,7.3,14.0,0.6,0.5,0.6,3.0,5.0,7.8,5.1,21.0,2.3,14.0,0.6,0.5,0.6,9.1,58.2,192.3,98.7,21.0,113.3,14.0,0.6,0.5,0.6,-94.9,-10.3,20.8,-42.0,21.0,153.3,14.0,0.6,0.5,0.6,0.93,3.1,5.83,3.38,19.0,2.53,14.0,0.6,0.4,0.5,4.7,30.8,74.3,35.4,19.0,34.0,14.0,0.6,0.4,0.5,2.85,4.55,6.03,4.36,19.0,1.79,14.0,0.6,0.4,0.5,16.2,32.5,93.6,48.3,19.0,40.5,14.0,0.6,0.4,0.5,31.2,93.4,177.1,96.8,21.0,83.1,14.0,0.6,0.5,0.6,-87.0,-17.4,62.3,-18.1,21.0,119.5,14.0,0.6,0.5,0.6,16.5,48.0,93.6,53.4,21.0,45.2,14.0,0.6,0.5,0.6,-53.5,-10.6,31.2,-9.5,21.0,66.4,14.0,0.6,0.5,0.6,2.9,30.0,61.6,32.6,19.0,30.4,14.0,0.6,0.4,0.5,-38.6,-7.9,11.6,-15.4,19.0,42.5,14.0,0.6,0.4,0.5,194.5,456.5,4757.5,2432.5,21.0,3953.0,14.0,0.6,0.5,0.6,195.0,455.0,4760.0,2430.0,21.0,3955.0,14.0,0.6,0.5,0.6
1974,2,161.0,33.0,16.0,16.5,18.0,16.62,22.0,1.43,14.0,0.5,0.4,0.5,11.0,14.2,16.0,13.74,25.0,2.65,14.0,0.6,0.4,0.4,6.15,7.32,8.72,7.4,20.0,1.77,14.0,0.5,0.4,0.5,65.8,73.7,87.5,75.2,20.0,10.5,14.0,0.5,0.5,6.19,9.3,16.21,10.31,23.0,4.89,14.0,0.6,0.3,0.4,1.59,6.7,11.99,6.85,23.0,6.29,14.0,0.6,0.3,0.4,-4.94,0.0,6.51,0.58,23.0,6.79,14.0,0.6,0.3,0.4,1008.6,1014.0,1024.51,1014.56,25.0,8.0,14.0,0.6,0.4,0.4,4.5,7.0,8.0,6.3,23.0,1.9,14.0,0.5,0.4,0.5,10.0,51.3,194.6,93.2,23.0,113.5,14.0,0.6,0.3,0.4,-49.4,0.0,50.9,1.2,23.0,99.4,14.0,0.6,0.3,0.4,0.17,3.0,5.7,3.14,22.0,2.79,14.0,0.5,0.4,0.5,0.1,37.3,63.7,34.1,20.0,37.3,14.0,0.6,0.4,0.5,1.67,4.47,6.21,4.35,20.0,1.91,14.0,0.5,0.4,0.5,19.9,35.6,68.6,45.3,18.0,31.4,14.0,0.6,0.4,0.5,18.8,94.0,172.8,94.0,23.0,89.9,14.0,0.6,0.3,0.4,-62.7,0.0,101.0,18.0,23.0,92.6,14.0,0.6,0.3,0.4,10.8,45.6,94.0,54.6,18.0,51.3,14.0,0.6,0.4,0.5,-31.9,0.0,37.4,11.2,18.0,56.5,14.0,0.6,0.4,0.5,4.5,30.1,58.0,29.0,18.0,31.8,14.0,0.6,0.4,0.5,-27.5,0.0,17.5,-6.9,18.0,34.9,14.0,0.6,0.4,0.5,242.0,804.5,4293.5,1880.5,23.0,2521.5,14.0,0.6,0.3,0.4,240.0,805.0,4295.0,1880.0,23.0,2520.0,14.0,0.6,0.3,0.4
1974,2,161.0,34.0,13.06,14.7,15.97,14.41,14.0,1.66,20.0,0.6,0.5,0.5,9.4,14.3,15.91,13.2,15.0,3.0,20.0,0.5,0.4,0.5,4.8,6.81,8.86,6.95,15.0,1.92,20.0,0.5,0.4,0.5,60.4,75.5,80.2,72.5,15.0,9.4,20.0,0.5,0.5,4.6,7.7,11.97,8.11,15.0,3.79,20.0,0.5,0.4,0.5,-4.26,1.34,7.37,1.58,15.0,5.98,20.0,0.5,0.4,0.5,-1.25,4.1,8.29,3.9,15.0,5.49,20.0,0.5,0.4,0.5,1013.27,1018.0,1024.12,1018.67,15.0,4.79,20.0,0.5,0.4,0.5,5.2,7.0,8.0,6.7,15.0,1.6,20.0,0.5,0.4,0.5,-36.0,10.3,62.1,13.9,15.0,68.2,20.0,0.5,0.4,0.5,-8.2,16.8,99.1,39.8,15.0,64.0,20.0,0.5,0.4,0.5,-1.48,1.4,3.56,0.91,14.0,2.42,20.0,0.6,0.5,0.5,-11.1,9.1,22.4,9.0,14.0,23.4,20.0,0.6,0.5,0.5,1.73,3.46,4.48,3.1,14.0,1.56,20.0,0.6,0.5,0.5,11.0,22.5,34.7,24.4,14.0,17.5,20.0,0.6,0.5,0.5,-71.4,22.7,89.1,10.6,15.0,79.1,20.0,0.5,0.4,0.5,-17.4,52.5,131.6,58.5,15.0,74.6,20.0,0.5,0.4,0.5,-41.8,11.5,47.7,4.9,15.0,44.5,20.0,0.5,0.4,0.5,-9.5,26.2,75.3,30.8,15.0,40.9,20.0,0.5,0.4,0.5,-7.9,2.5,23.2,9.8,14.0,18.6,20.0,0.6,0.5,0.5,-2.6,14.5,31.7,14.3,14.0,16.6,20.0,0.6,0.5,0.5,97.5,456.5,1727.5,857.5,15.0,917.0,20.0,0.5,0.4,0.5,95.0,455.0,1730.0,860.0,15.0,915.0,20.0,0.5,0.4,0.5
1974,2,161.0,35.0,11.11,13.45,15.56,13.61,14.0,2.32,12.0,0.3,0.3,0.4,9.16,11.0,12.73,10.88,15.0,2.31,12.0,0.3,0.3,0.5,5.02,5.97,7.04,5.92,14.0,1.07,12.0,0.3,0.3,0.4,65.9,76.6,82.6,74.0,14.0,11.8,12.0,0.3,0.4,9.52,13.9,20.02,14.23,15.0,6.14,12.0,0.3,0.3,0.5,-1.3,13.06,18.95,10.76,15.0,9.95,12.0,0.3,0.3,0.5,-7.55,0.0,0.55,-2.02,15.0,5.24,12.0,0.3,0.3,0.5,999.35,1012.0,1014.16,1007.97,15.0,7.85,12.0,0.3,0.3,0.5,2.4,6.0,7.0,5.1,15.0,2.1,12.0,0.3,0.3,0.5,10.6,181.6,378.2,204.2,15.0,202.0,12.0,0.3,0.3,0.5,-125.5,0.0,2.3,-30.3,15.0,93.2,12.0,0.3,0.3,0.5,-0.5,3.5,6.18,2.96,14.0,3.05,12.0,0.3,0.3,0.4,-11.1,29.3,101.2,41.2,14.0,52.3,12.0,0.3,0.3,0.4,2.49,3.88,4.69,3.9,14.0,1.47,12.0,0.3,0.3,0.4,24.2,59.2,84.0,56.8,14.0,28.6,12.0,0.3,0.3,0.4,-22.4,131.8,170.2,110.7,15.0,114.0,12.0,0.3,0.3,0.5,-61.4,0.0,6.6,-15.2,15.0,50.3,12.0,0.3,0.3,0.5,55.8,77.5,109.3,69.2,14.0,46.1,12.0,0.3,0.3,0.4,-42.9,0.0,4.7,-12.1,14.0,30.6,12.0,0.3,0.3,0.4,19.8,53.4,73.0,47.8,14.0,35.2,12.0,0.3,0.3,0.4,-37.6,0.0,1.4,-10.9,14.0,21.7,12.0,0.3,0.3,0.4,868.5,2685.5,8096.5,4422.0,15.0,4883.5,12.0,0.3,0.3,0.5,870.0,2685.0,8095.0,4420.0,15.0,4885.0,12.0,0.3,0.3,0.5
1974,2,161.0,36.0,11.7,13.0,13.71,12.82,11.0,1.06,14.0,0.4,0.4,0.5,6.82,9.0,12.25,9.58,12.0,3.03,14.0,0.3,0.4,0.5,4.51,5.02,6.89,5.72,12.0,1.95,14.0,0.3,0.4,0.5,62.6,74.4,90.0,75.5,12.0,14.5,14.0,0.3,0.5,8.38,13.15,19.17,13.47,12.0,6.15,14.0,0.3,0.4,0.5,-0.41,5.53,17.7,7.4,12.0,9.73,14.0,0.3,0.4,0.5,-7.54,0.0,9.77,-0.19,12.0,9.02,14.0,0.3,0.4,0.5,1001.36,1008.8,1020.24,1008.97,12.0,10.87,14.0,0.3,0.4,0.5,5.0,8.0,8.0,6.8,12.0,2.1,14.0,0.3,0.4,0.5,-3.8,67.2,344.6,137.4,12.0,197.1,14.0,0.3,0.4,0.5,-122.2,0.0,105.8,-4.3,12.0,146.6,14.0,0.3,0.4,0.5,0.17,3.5,6.32,3.19,11.0,3.29,14.0,0.4,0.4,0.5,12.1,49.0,74.9,45.5,11.0,44.4,14.0,0.4,0.4,0.5,2.91,3.37,4.86,3.41,11.0,1.98,14.0,0.4,0.4,0.5,23.2,51.8,75.7,49.4,11.0,36.4,14.0,0.4,0.4,0.5,-2.5,49.8,153.2,69.9,12.0,103.9,14.0,0.3,0.4,0.5,-58.7,0.0,79.8,11.1,12.0,96.9,14.0,0.3,0.4,0.5,-1.7,25.5,91.4,39.1,12.0,57.7,14.0,0.3,0.4,0.5,-37.1,0.0,49.4,8.3,12.0,60.7,14.0,0.3,0.4,0.5,-3.1,32.7,68.2,32.4,11.0,41.5,14.0,0.4,0.4,0.5,-41.2,0.0,20.1,-8.1,11.0,32.6,14.0,0.4,0.4,0.5,647.0,2276.5,7284.5,3864.0,12.0,4215.0,14.0,0.3,0.4,0.5,645.0,2275.0,7285.0,3865.0,12.0,4215.0,14.0,0.3,0.4,0.5
1974,2,161.0,37.0,12.32,12.75,13.76,12.93,6.0,0.78,14.0,0.5,0.7,0.4,7.0,8.0,12.15,9.28,9.0,2.92,14.0,0.3,0.6,0.4,4.88,5.58,7.59,6.09,6.0,1.63,16.0,0.3,0.7,0.4,74.3,79.0,83.8,78.6,6.0,5.8,16.0,0.3,0.4,10.84,15.4,18.73,14.9,9.0,4.47,14.0,0.3,0.6,0.4,-1.56,5.9,12.17,6.25,9.0,6.92,14.0,0.3,0.6,0.4,-14.53,-6.95,9.61,-4.29,9.0,12.54,14.0,0.3,0.6,0.4,1000.71,1007.0,1016.03,1007.38,9.0,8.08,14.0,0.3,0.6,0.4,5.9,7.0,8.0,6.7,7.0,1.5,14.0,0.4,0.6,0.4,-15.4,81.1,214.6,105.1,9.0,135.4,14.0,0.3,0.6,0.4,-303.9,-96.6,111.5,-90.9,9.0,206.4,14.0,0.3,0.6,0.4,0.15,5.25,6.0,3.68,6.0,3.05,14.0,0.5,0.7,0.4,3.2,66.2,100.7,59.2,6.0,54.9,14.0,0.5,0.7,0.4,1.34,2.81,4.15,2.75,4.0,1.64,14.0,0.5,0.7,0.4,17.9,28.1,64.8,40.7,4.0,37.9,14.0,0.5,0.7,0.4,-11.9,41.3,97.4,46.7,9.0,56.8,14.0,0.3,0.6,0.4,-112.4,-54.2,133.5,-12.7,9.0,125.1,14.0,0.3,0.6,0.4,9.1,38.7,64.0,33.7,6.0,37.4,16.0,0.3,0.7,0.4,-41.0,16.2,89.7,21.6,6.0,71.5,16.0,0.3,0.7,0.4,0.2,13.8,49.6,24.4,4.0,34.7,14.0,0.5,0.7,0.4,-41.7,-4.7,18.1,-11.5,4.0,38.4,14.0,0.5,0.7,0.4,1300.0,3652.5,6582.0,4098.5,9.0,3262.5,14.0,0.3,0.6,0.4,1300.0,3650.0,6580.0,4100.0,9.0,3265.0,14.0,0.3,0.6,0.4
1974,2,161.0,38.0,11.79,13.0,14.41,13.18,11.0,1.69,12.0,0.5,0.5,0.3,7.06,9.0,12.95,9.84,14.0,2.91,14.0,0.4,0.5,0.2,5.03,6.02,8.23,6.34,12.0,1.52,14.0,0.5,0.5,0.2,74.2,85.1,91.0,81.7,12.0,10.3,14.0,0.5,0.2,11.83,14.15,20.1,15.59,14.0,4.27,14.0,0.4,0.5,0.2,-4.45,9.93,17.82,7.65,14.0,10.46,14.0,0.4,0.5,0.2,-4.0,6.07,12.89,4.43,14.0,9.28,14.0,0.4,0.5,0.2,995.06,1003.5,1021.2,1005.78,14.0,12.42,14.0,0.4,0.5,0.2,6.0,6.0,7.3,6.4,12.0,0.9,14.0,0.5,0.4,0.3,-61.9,123.1,335.1,117.0,14.0,204.3,14.0,0.4,0.5,0.2,-68.7,73.0,210.2,82.8,14.0,165.7,14.0,0.4,0.5,0.2,-0.71,3.5,6.12,3.41,11.0,3.81,12.0,0.5,0.5,0.3,-11.6,64.8,84.6,50.8,11.0,51.8,12.0,0.5,0.5,0.3,0.56,2.95,5.12,3.16,11.0,2.19,12.0,0.5,0.5,0.3,9.7,46.8,81.9,48.0,11.0,33.6,12.0,0.5,0.5,0.3,-57.9,77.9,154.5,59.6,14.0,102.9,14.0,0.4,0.5,0.2,-28.5,62.6,167.3,64.8,14.0,97.9,14.0,0.4,0.5,0.2,-9.8,50.3,95.4,44.6,12.0,67.1,14.0,0.5,0.5,0.2,-19.7,32.5,85.9,33.9,12.0,58.3,14.0,0.5,0.5,0.2,-0.9,44.4,65.5,39.5,11.0,32.8,12.0,0.5,0.5,0.3,-18.1,5.4,12.5,-1.4,11.0,29.6,12.0,0.5,0.5,0.3,1657.0,2836.0,8120.5,4588.0,14.0,3425.0,14.0,0.4,0.5,0.2,1655.0,2835.0,8120.0,4590.0,14.0,3425.0,14.0,0.4,0.5,0.2
1974,2,161.0,39.0,8.56,10.5,12.14,10.8,8.0,2.59,12.0,0.4,0.4,0.4,5.11,6.1,7.94,6.71,8.0,2.38,12.0,0.4,0.4,0.4,3.52,4.29,5.39,4.58,8.0,1.24,12.0,0.4,0.4,0.4,65.3,74.5,82.4,73.6,8.0,11.6,12.0,0.4,0.4,7.31,10.8,13.79,10.55,8.0,3.48,12.0,0.4,0.4,0.4,1.98,4.95,12.53,6.26,8.0,5.33,12.0,0.4,0.4,0.4,-8.43,-5.44,1.77,-3.15,8.0,7.4,12.0,0.4,0.4,0.4,1001.34,1005.5,1018.01,1006.34,8.0,10.86,12.0,0.4,0.4,0.4,5.1,7.5,8.0,6.6,8.0,1.8,12.0,0.4,0.4,0.4,13.1,38.3,173.3,78.0,8.0,82.4,12.0,0.4,0.4,0.4,-74.6,-45.6,30.9,-23.6,8.0,89.0,12.0,0.4,0.4,0.4,0.78,3.25,6.44,4.09,8.0,3.28,12.0,0.4,0.4,0.4,8.6,29.4,80.3,39.1,8.0,32.5,12.0,0.4,0.4,0.4,2.02,3.38,5.45,3.6,8.0,1.58,12.0,0.4,0.4,0.4,22.8,29.6,51.6,35.1,8.0,13.7,12.0,0.4,0.4,0.4,13.3,27.4,96.4,42.0,8.0,41.6,12.0,0.4,0.4,0.4,-38.0,-33.9,14.2,-7.2,8.0,65.4,12.0,0.4,0.4,0.4,7.3,18.2,63.5,28.3,8.0,26.5,12.0,0.4,0.4,0.4,-36.0,-21.7,9.0,-8.7,8.0,42.7,12.0,0.4,0.4,0.4,4.3,15.9,31.0,19.2,8.0,16.5,12.0,0.4,0.4,0.4,-37.0,-18.9,7.0,-17.3,8.0,23.7,12.0,0.4,0.4,0.4,393.0,1402.5,2626.0,1507.0,8.0,1202.0,12.0,0.4,0.4,0.4,395.0,1405.0,2625.0,1505.0,8.0,1200.0,12.0,0.4,0.4,0.4
1974,2,161.0,40.0,10.0,10.0,11.05,10.5,4.0,1.0,18.0,0.5,0.4,0.2,4.43,8.5,11.52,8.0,4.0,4.24,18.0,0.5,0.4,0.2,4.25,6.01,8.12,6.18,4.0,2.26,18.0,0.5,0.4,0.2,80.6,90.1,96.9,88.8,4.0,10.7,18.0,0.5,0.2,11.01,12.9,13.16,12.13,4.0,1.9,18.0,0.5,0.4,0.2,4.74,9.03,11.88,8.34,4.0,4.29,18.0,0.5,0.4,0.2,-5.61,2.16,10.01,2.2,4.0,9.06,18.0,0.5,0.4,0.2,998.71,1013.75,1019.1,1009.13,4.0,14.73,18.0,0.5,0.4,0.2,5.5,7.0,8.0,6.8,4.0,1.5,18.0,0.5,0.4,0.2,55.1,119.4,156.0,106.2,4.0,61.5,18.0,0.5,0.4,0.2,-74.1,12.2,114.2,19.7,4.0,111.2,18.0,0.5,0.4,0.2,-0.52,2.0,5.57,2.5,4.0,3.7,18.0,0.5,0.4,0.2,-4.9,25.8,73.7,34.0,4.0,48.0,18.0,0.5,0.4,0.2,0.0,1.68,3.46,1.73,4.0,1.99,18.0,0.5,0.4,0.2,0.0,21.6,45.5,22.7,4.0,26.3,18.0,0.5,0.4,0.2,34.9,53.9,75.2,55.0,4.0,23.3,18.0,0.5,0.4,0.2,-23.4,38.0,116.0,45.9,4.0,81.4,18.0,0.5,0.4,0.2,35.1,50.6,54.8,45.2,4.0,14.5,18.0,0.5,0.4,0.2,-23.6,23.3,82.0,28.9,4.0,61.8,18.0,0.5,0.4,0.2,0.0,20.3,40.9,20.5,4.0,23.6,18.0,0.5,0.4,0.2,-19.5,-7.4,0.0,-9.6,4.0,11.7,18.0,0.5,0.4,0.2,1443.5,2146.5,2282.5,1876.0,4.0,725.0,18.0,0.5,0.4,0.2,1445.0,2145.0,2285.0,1875.0,4.0,725.0,18.0,0.5,0.4,0.2
1974,2,161.0,41.0,,,,,,,,,,,,,,,,,,,,,,,,,,,,,,,,,,,,,,,,4.1,4.1,4.1,4.1,1.0,0.0,22.0,1.0,0.6,0.8,1.4,1.4,1.4,1.4,1.0,0.0,22.0,1.0,0.6,0.8,3.85,3.85,3.85,3.85,1.0,0.0,22.0,1.0,0.6,0.8,1017.8,1017.8,1017.8,1017.8,1.0,0.0,22.0,1.0,0.6,0.8,,,,,,,,,,,,,,,,,,,,,,,,,,,,,,,,,,,,,,,,,,,,,,,,,,,,,,,,,,,,,,,,,,,,,,,,,,,,,,,,,,,,,,,,,,,,,,,,,,,,,,,,,,,,,,,,,,,,,,,,,,,,,,,,,,,,,,,,,,,,,,,,,,,,,,
1974,2,161.0,42.0,7.0,9.0,10.06,8.96,7.0,1.53,12.0,0.6,0.4,0.4,1.54,3.5,7.87,3.94,9.0,3.39,12.0,0.4,0.4,0.5,3.27,3.97,5.82,4.31,7.0,1.22,12.0,0.6,0.4,0.4,61.9,77.9,90.1,77.1,7.0,13.6,12.0,0.6,0.4,7.7,10.8,16.76,11.77,9.0,4.4,12.0,0.4,0.4,0.5,3.23,6.5,7.49,4.71,9.0,5.13,12.0,0.4,0.4,0.5,-15.78,-6.94,0.27,-7.7,9.0,7.56,12.0,0.4,0.4,0.5,1000.52,1009.2,1015.58,1009.88,8.0,10.4,14.0,0.5,0.4,0.4,4.0,6.0,8.0,5.9,7.0,2.0,10.0,0.6,0.5,0.5,33.4,58.4,105.1,59.0,9.0,57.8,12.0,0.4,0.4,0.5,-266.6,-75.0,2.1,-117.8,9.0,133.3,12.0,0.4,0.4,0.5,1.98,3.5,6.02,3.74,7.0,1.88,12.0,0.6,0.4,0.4,16.2,27.8,80.6,44.8,7.0,30.0,12.0,0.6,0.4,0.4,1.83,2.45,4.18,2.82,7.0,1.08,12.0,0.6,0.4,0.4,17.3,32.9,54.0,32.7,7.0,17.7,12.0,0.6,0.4,0.4,-7.7,20.1,50.1,13.4,9.0,38.3,12.0,0.4,0.4,0.5,-48.3,-17.3,20.3,-14.9,9.0,33.8,12.0,0.4,0.4,0.5,4.6,22.5,33.4,14.7,7.0,30.6,12.0,0.6,0.4,0.4,-43.3,-27.6,8.3,-24.1,7.0,30.8,12.0,0.6,0.4,0.4,8.1,13.8,26.0,12.5,7.0,14.8,12.0,0.6,0.4,0.4,-50.6,-21.7,2.6,-22.8,7.0,23.5,12.0,0.6,0.4,0.4,456.5,1259.5,4908.5,2281.5,9.0,2430.5,12.0,0.4,0.4,0.5,455.0,1260.0,4910.0,2280.0,9.0,2430.0,12.0,0.4,0.4,0.5
1974,2,161.0,43.0,5.36,6.5,8.25,6.75,12.0,2.92,16.0,0.4,0.4,0.4,1.75,3.5,8.38,4.63,12.0,3.43,16.0,0.4,0.4,0.4,3.58,3.86,5.34,4.31,10.0,1.14,18.0,0.4,0.3,0.5,71.7,87.2,93.9,84.6,12.0,10.4,16.0,0.4,0.4,8.64,13.15,18.13,13.08,12.0,4.8,16.0,0.4,0.4,0.4,2.45,5.09,14.25,7.15,12.0,8.03,16.0,0.4,0.4,0.4,-7.89,-0.08,12.22,1.2,12.0,9.37,16.0,0.4,0.4,0.4,999.0,1006.0,1014.57,1005.32,10.0,11.06,18.0,0.4,0.3,0.5,3.6,7.0,8.0,5.9,11.0,2.0,16.0,0.4,0.4,0.5,18.8,53.7,245.2,113.5,12.0,149.1,16.0,0.4,0.4,0.4,-77.3,19.8,157.9,26.8,12.0,141.1,16.0,0.4,0.4,0.4,-2.0,1.5,6.63,2.13,12.0,4.23,16.0,0.4,0.4,0.4,-30.9,17.6,80.1,26.7,12.0,61.3,16.0,0.4,0.4,0.4,0.0,2.04,3.43,2.02,10.0,1.95,18.0,0.4,0.3,0.5,0.0,15.8,67.2,27.7,10.0,33.1,18.0,0.4,0.3,0.5,5.5,17.5,61.5,24.5,12.0,49.4,16.0,0.4,0.4,0.4,-18.4,7.8,113.4,31.6,12.0,57.2,16.0,0.4,0.4,0.4,10.9,26.5,56.8,25.4,10.0,37.7,18.0,0.4,0.3,0.5,-33.2,-14.9,37.8,0.1,10.0,39.3,18.0,0.4,0.3,0.5,1.8,7.7,62.3,23.2,10.0,30.4,18.0,0.4,0.3,0.5,-22.8,-3.8,4.9,-6.9,10.0,19.3,18.0,0.4,0.3,0.5,676.5,2276.5,5959.0,3068.5,12.0,2938.5,16.0,0.4,0.4,0.4,675.0,2275.0,5960.0,3070.0,12.0,2940.0,16.0,0.4,0.4,0.4
1974,2,161.0,44.0,2.0,3.8,4.89,3.41,8.0,1.34,18.0,0.5,0.4,0.5,0.11,2.0,4.4,2.35,8.0,2.09,18.0,0.5,0.4,0.5,2.77,3.55,4.57,3.6,6.0,0.9,18.0,0.7,0.3,0.5,72.3,86.7,93.1,83.0,6.0,11.8,18.0,0.7,0.5,4.96,8.2,11.5,8.16,7.0,4.39,16.0,0.6,0.4,0.5,-0.24,7.1,10.8,5.86,7.0,6.56,16.0,0.6,0.4,0.5,-3.21,2.1,4.16,0.91,7.0,3.58,16.0,0.6,0.4,0.5,994.52,1010.0,1013.63,1003.77,7.0,15.4,16.0,0.6,0.4,0.5,2.0,4.0,8.0,4.8,8.0,2.9,18.0,0.5,0.4,0.5,-1.3,58.2,124.9,68.5,7.0,84.3,16.0,0.6,0.4,0.5,-30.3,4.4,35.9,8.2,7.0,41.5,16.0,0.6,0.4,0.5,-0.96,0.05,4.56,1.06,8.0,2.54,18.0,0.5,0.4,0.5,-8.5,2.1,47.0,11.8,7.0,28.0,16.0,0.6,0.4,0.5,0.22,0.75,2.71,1.23,6.0,1.27,18.0,0.7,0.3,0.5,1.1,2.4,28.2,10.6,6.0,14.1,18.0,0.7,0.3,0.5,-0.2,0.0,35.9,13.7,7.0,19.7,16.0,0.6,0.4,0.5,-0.2,2.1,16.0,5.3,7.0,9.1,16.0,0.6,0.4,0.5,-3.8,22.4,37.7,20.4,6.0,28.6,18.0,0.7,0.3,0.5,-8.4,1.4,13.4,3.1,6.0,13.2,18.0,0.7,0.3,0.5,-0.5,0.7,26.5,8.8,6.0,14.2,18.0,0.7,0.3,0.5,-9.6,-0.1,1.5,-2.7,6.0,5.6,18.0,0.7,0.3,0.5,127.0,551.5,1548.5,968.5,7.0,1282.0,16.0,0.6,0.4,0.5,125.0,550.0,1550.0,970.0,7.0,1280.0,16.0,0.6,0.4,0.5
1974,2,161.0,45.0,3.68,5.0,6.0,4.75,17.0,1.42,18.0,0.7,0.3,0.5,0.0,1.0,2.59,1.48,17.0,1.78,18.0,0.7,0.3,0.5,2.91,3.77,4.08,3.68,15.0,0.85,18.0,0.7,0.3,0.5,81.4,89.7,93.6,86.6,15.0,10.7,18.0,0.7,0.5,5.72,8.7,13.42,9.17,18.0,3.83,18.0,0.7,0.3,0.5,-2.08,5.29,8.61,3.89,18.0,6.86,18.0,0.7,0.3,0.5,-5.7,-0.53,6.34,0.38,18.0,6.35,18.0,0.7,0.3,0.5,1005.27,1013.15,1016.26,1011.18,18.0,7.12,18.0,0.7,0.3,0.5,6.5,7.0,8.0,7.3,17.0,0.8,18.0,0.8,0.3,0.5,-12.5,48.9,74.9,35.5,18.0,92.9,18.0,0.7,0.3,0.5,-49.5,-1.6,45.8,7.6,18.0,75.9,18.0,0.7,0.3,0.5,0.82,4.0,6.0,3.27,17.0,2.7,18.0,0.7,0.3,0.5,7.8,26.1,47.5,25.4,17.0,25.7,18.0,0.7,0.3,0.5,0.96,2.0,2.5,1.69,15.0,0.95,18.0,0.7,0.3,0.5,8.0,16.9,21.0,14.2,15.0,9.8,18.0,0.7,0.3,0.5,-3.4,3.1,11.8,3.7,17.0,17.3,18.0,0.7,0.3,0.5,-5.2,0.0,9.1,7.3,17.0,24.9,18.0,0.7,0.3,0.5,8.3,22.3,29.7,15.4,15.0,27.1,18.0,0.7,0.3,0.5,-21.9,-4.3,16.9,0.8,15.0,28.0,18.0,0.7,0.3,0.5,-1.8,10.2,20.0,9.4,15.0,9.8,18.0,0.7,0.3,0.5,-13.6,-1.3,3.6,-3.2,15.0,10.6,18.0,0.7,0.3,0.5,195.5,658.5,2435.5,1163.5,18.0,1250.5,18.0,0.7,0.3,0.5,195.0,660.0,2435.0,1165.0,18.0,1250.0,18.0,0.7,0.3,0.5
1974,2,161.0,46.0,2.4,3.0,4.21,3.25,6.0,1.08,10.0,0.3,0.5,0.2,0.5,1.5,3.57,2.0,7.0,1.68,12.0,0.3,0.5,0.2,2.72,3.05,3.4,3.13,6.0,0.52,10.0,0.3,0.5,0.2,58.9,74.6,85.8,74.4,6.0,16.1,10.0,0.3,0.2,6.05,8.2,11.57,8.97,7.0,4.46,12.0,0.3,0.5,0.2,2.95,6.6,8.1,5.45,7.0,3.18,12.0,0.3,0.5,0.2,-5.06,0.0,7.01,0.79,7.0,8.26,12.0,0.3,0.5,0.2,995.57,1004.5,1011.95,1004.25,6.0,9.75,10.0,0.3,0.5,0.2,3.6,5.5,6.2,5.0,6.0,1.8,10.0,0.3,0.5,0.2,9.2,44.2,84.3,52.9,7.0,49.9,12.0,0.3,0.5,0.2,-34.1,0.0,76.9,23.6,7.0,116.0,12.0,0.3,0.5,0.2,0.69,1.5,2.91,1.75,6.0,1.67,10.0,0.3,0.5,0.2,5.0,12.4,30.0,15.8,6.0,14.3,10.0,0.3,0.5,0.2,1.01,1.97,2.19,1.69,6.0,0.75,10.0,0.3,0.5,0.2,5.6,13.0,20.6,12.8,6.0,7.4,10.0,0.3,0.5,0.2,3.8,4.0,14.6,11.2,7.0,14.5,12.0,0.3,0.5,0.2,-5.3,0.0,6.7,7.7,7.0,29.8,12.0,0.3,0.5,0.2,6.7,16.9,23.7,15.2,6.0,9.5,10.0,0.3,0.5,0.2,-22.8,-1.5,7.7,-5.5,6.0,19.9,10.0,0.3,0.5,0.2,1.5,7.7,15.2,8.6,6.0,7.6,10.0,0.3,0.5,0.2,-6.4,-1.1,4.4,-2.5,6.0,10.0,10.0,0.3,0.5,0.2,228.5,551.5,1609.0,1224.0,7.0,1702.0,12.0,0.3,0.5,0.2,230.0,550.0,1610.0,1225.0,7.0,1700.0,12.0,0.3,0.5,0.2
1974,2,161.0,47.0,2.5,3.0,4.05,3.3,5.0,1.04,8.0,0.6,0.4,0.7,-0.52,0.25,1.02,0.25,6.0,1.75,8.0,0.5,0.5,0.6,3.29,3.67,4.13,3.71,4.0,0.49,8.0,0.5,0.3,0.7,84.8,86.5,93.7,89.1,4.0,7.4,8.0,0.5,0.7,8.66,9.55,15.82,11.95,6.0,6.03,8.0,0.5,0.5,0.6,-15.08,-4.5,8.38,-4.54,6.0,12.42,8.0,0.5,0.5,0.6,-5.0,0.21,4.67,-0.49,6.0,5.34,8.0,0.5,0.5,0.6,982.14,992.6,1011.27,995.53,6.0,17.01,8.0,0.5,0.5,0.6,5.6,7.0,8.0,6.8,5.0,1.3,8.0,0.4,0.4,0.6,-253.5,-32.9,79.0,-101.3,6.0,232.0,8.0,0.5,0.5,0.6,-83.8,-1.8,48.0,-11.5,6.0,65.2,8.0,0.5,0.5,0.6,1.45,2.5,3.41,2.5,5.0,1.62,8.0,0.6,0.4,0.7,11.5,18.6,62.2,33.3,5.0,28.6,8.0,0.6,0.4,0.7,0.81,1.05,1.73,1.26,4.0,0.63,8.0,0.5,0.3,0.7,9.7,15.1,24.4,16.9,4.0,9.6,8.0,0.5,0.3,0.7,-14.0,-0.8,5.0,-2.2,6.0,15.9,8.0,0.5,0.5,0.6,-2.5,0.0,6.3,2.0,6.0,6.5,8.0,0.5,0.5,0.6,-68.7,-26.7,12.8,-27.9,4.0,53.2,8.0,0.5,0.3,0.7,-22.9,-0.3,17.7,-2.5,4.0,23.8,8.0,0.5,0.3,0.7,-23.3,-11.1,1.5,-10.9,4.0,15.3,8.0,0.5,0.3,0.7,-7.4,0.3,7.2,-0.1,4.0,9.2,8.0,0.5,0.3,0.7,687.5,873.0,4709.5,2993.5,6.0,4724.5,8.0,0.5,0.5,0.6,685.0,875.0,4710.0,2995.0,6.0,4725.0,8.0,0.5,0.5,0.6
1974,2,161.0,48.0,1.13,2.0,2.5,1.89,9.0,0.93,18.0,0.7,0.6,0.3,1.06,1.75,3.46,1.76,8.0,1.8,18.0,0.8,0.5,0.3,2.8,3.83,4.21,3.67,8.0,0.88,18.0,0.8,0.5,0.3,68.0,89.9,99.2,83.7,8.0,17.0,18.0,0.8,0.3,4.73,10.3,11.17,8.4,9.0,3.66,18.0,0.7,0.6,0.3,-6.46,0.89,4.35,-0.05,9.0,7.24,18.0,0.7,0.6,0.3,2.46,4.32,8.75,5.08,9.0,3.37,18.0,0.7,0.6,0.3,975.67,1008.0,1019.98,998.14,9.0,21.62,18.0,0.7,0.6,0.3,5.9,8.0,8.0,7.1,7.0,1.6,20.0,0.6,0.5,0.3,-69.1,4.5,23.2,-2.6,9.0,87.6,18.0,0.7,0.6,0.3,10.5,25.6,91.2,44.4,9.0,40.2,18.0,0.7,0.6,0.3,-1.09,0.5,1.0,0.11,8.0,2.06,18.0,0.8,0.5,0.3,-5.5,2.3,9.7,2.6,8.0,23.7,18.0,0.8,0.5,0.3,0.07,0.76,1.65,0.74,8.0,0.97,18.0,0.8,0.5,0.3,0.4,5.5,8.5,4.4,8.0,8.5,18.0,0.8,0.5,0.3,-22.8,-1.1,7.9,-4.6,8.0,15.6,18.0,0.8,0.5,0.3,4.2,7.4,19.1,10.5,8.0,9.5,18.0,0.8,0.5,0.3,-32.3,4.2,17.9,-1.4,8.0,27.7,18.0,0.8,0.5,0.3,6.3,15.0,39.3,18.5,8.0,15.8,18.0,0.8,0.5,0.3,0.1,2.7,7.6,4.5,8.0,6.1,18.0,0.8,0.5,0.3,0.0,2.7,6.4,1.9,8.0,5.5,18.0,0.8,0.5,0.3,107.0,1092.5,1393.5,893.0,9.0,877.5,18.0,0.7,0.6,0.3,105.0,1095.0,1395.0,895.0,9.0,875.0,18.0,0.7,0.6,0.3
1974,2,161.0,49.0,1.49,2.5,3.57,2.38,10.0,1.34,14.0,1.0,0.4,0.3,-0.5,1.0,2.88,1.0,11.0,2.04,14.0,1.0,0.4,0.4,3.01,3.3,4.42,3.54,11.0,0.86,14.0,1.0,0.4,0.4,71.4,85.1,100.0,84.8,11.0,13.3,14.0,1.0,0.4,4.69,7.2,10.79,7.86,11.0,3.95,14.0,1.0,0.4,0.4,-6.36,3.85,8.52,1.45,11.0,8.4,14.0,1.0,0.4,0.4,-1.64,0.0,2.67,0.33,11.0,3.26,14.0,1.0,0.4,0.4,997.35,1008.0,1011.21,1002.4,11.0,12.91,14.0,1.0,0.4,0.4,5.6,7.0,8.0,6.7,11.0,1.6,14.0,1.0,0.4,0.4,-40.8,15.8,74.0,3.7,11.0,108.7,14.0,1.0,0.4,0.4,-13.1,0.0,21.7,3.9,11.0,24.6,14.0,1.0,0.4,0.4,-0.83,2.25,4.46,1.73,10.0,2.78,14.0,1.0,0.4,0.3,-8.7,11.3,44.1,14.3,10.0,25.9,14.0,1.0,0.4,0.3,0.2,1.27,1.75,1.14,10.0,0.94,14.0,1.0,0.4,0.3,-0.3,8.6,18.7,9.2,10.0,9.8,14.0,1.0,0.4,0.3,-19.1,-2.0,8.9,-5.9,11.0,17.5,14.0,1.0,0.4,0.4,-5.4,-0.9,1.2,-2.0,11.0,5.0,14.0,1.0,0.4,0.4,-23.2,11.7,20.7,0.8,11.0,32.8,14.0,1.0,0.4,0.4,-6.5,0.0,8.2,1.3,11.0,11.4,14.0,1.0,0.4,0.4,1.2,4.7,17.8,7.1,10.0,10.5,14.0,1.0,0.4,0.3,-3.2,-0.2,4.7,0.7,10.0,4.8,14.0,1.0,0.4,0.3,106.5,373.0,1358.5,871.0,11.0,1338.0,14.0,1.0,0.4,0.4,105.0,375.0,1360.0,870.0,11.0,1340.0,14.0,1.0,0.4,0.4
1974,2,161.0,50.0,0.9,3.0,3.05,2.0,7.0,1.73,16.0,0.6,0.4,0.4,0.0,0.5,2.07,1.0,7.0,1.32,16.0,0.6,0.4,0.4,3.06,3.1,4.21,3.47,7.0,0.68,16.0,0.6,0.4,0.4,79.5,82.0,93.0,83.4,7.0,9.9,16.0,0.6,0.4,6.37,18.25,23.24,16.1,6.0,8.59,16.0,0.5,0.4,0.4,-21.04,0.24,8.32,-3.97,6.0,15.91,16.0,0.5,0.4,0.4,-8.71,-0.87,3.58,-1.02,6.0,10.56,16.0,0.5,0.4,0.4,987.14,996.7,1007.29,996.56,7.0,11.28,16.0,0.6,0.4,0.4,4.2,7.5,8.0,6.2,6.0,2.8,14.0,0.7,0.4,0.5,-468.4,10.2,132.2,-108.2,6.0,362.8,16.0,0.5,0.4,0.4,-166.8,-4.4,80.8,1.2,6.0,212.6,16.0,0.5,0.4,0.4,-0.22,1.0,3.05,1.0,7.0,2.84,16.0,0.6,0.4,0.4,-6.2,9.0,62.9,19.5,6.0,38.0,16.0,0.5,0.4,0.4,0.24,1.53,1.7,0.99,7.0,1.02,16.0,0.6,0.4,0.4,1.4,18.0,38.4,18.5,6.0,19.6,16.0,0.5,0.4,0.4,-14.3,-4.8,4.8,-3.1,6.0,15.1,16.0,0.5,0.4,0.4,-4.3,0.0,0.0,-1.8,6.0,3.0,16.0,0.5,0.4,0.4,-68.5,-1.9,32.6,-12.1,6.0,50.9,16.0,0.5,0.4,0.4,-31.5,-3.7,11.0,-4.5,6.0,33.4,16.0,0.5,0.4,0.4,-12.7,-4.4,13.1,-3.2,6.0,21.3,16.0,0.5,0.4,0.4,-7.4,-0.6,6.0,-0.3,6.0,18.1,16.0,0.5,0.4,0.4,266.0,6523.0,12665.0,6999.5,6.0,6769.0,16.0,0.5,0.4,0.4,265.0,6525.0,12665.0,7000.0,6.0,6770.0,16.0,0.5,0.4,0.4
1974,2,161.0,51.0,,,,,,,,,,,,,,,,,,,,,,,,,,,,,,,,,,,,,,,,10.8,10.8,10.8,10.8,1.0,0.0,26.0,1.0,0.2,0.3,8.27,8.27,8.27,8.27,1.0,0.0,26.0,1.0,0.2,0.3,6.94,6.94,6.94,6.94,1.0,0.0,26.0,1.0,0.2,0.3,1015.5,1015.5,1015.5,1015.5,1.0,0.0,26.0,1.0,0.2,0.3,,,,,,,,,,,,,,,,,,,,,,,,,,,,,,,,,,,,,,,,,,,,,,,,,,,,,,,,,,,,,,,,,,,,,,,,,,,,,,,,,,,,,,,,,,,,,,,,,,,,,,,,,,,,,,,,,,,,,,,,,,,,,,,,,,,,,,,,,,,,,,,,,,,,,,
1974,2,161.0,52.0,,,,,,,,,,,,,,,,,,,,,,,,,,,,,,,,,,,,,,,,6.77,8.0,9.23,8.0,2.0,2.55,14.0,0.0,0.0,0.4,-2.08,0.13,2.33,0.13,2.0,4.56,14.0,0.0,0.0,0.4,-8.6,-7.29,-5.98,-7.29,2.0,2.72,14.0,0.0,0.0,0.4,983.74,986.85,989.96,986.85,2.0,6.43,14.0,0.0,0.0,0.4,,,,,,,,,,,,,,,,,,,,,,,,,,,,,,,,,,,,,,,,,,,,,,,,,,,,,,,,,,,,,,,,,,,,,,,,,,,,,,,,,,,,,,,,,,,,,,,,,,,,,,,,,,,,,,,,,,,,,,,,,,,,,,,,,,,,,,,,,,,,,,,,,,,,,,
1974,2,161.0,53.0,,,,,,,,,,,,,,,,,,,,,,,,,,,,,,,,,,,,,,,,9.29,15.45,19.67,14.53,4.0,7.14,10.0,0.8,0.3,0.8,-12.92,-2.97,3.7,-4.53,4.0,10.1,10.0,0.8,0.3,0.8,-14.48,-13.63,-3.9,-9.39,4.0,9.23,10.0,0.8,0.3,0.8,991.0,998.3,1010.47,1001.23,6.0,13.06,10.0,0.8,0.2,0.6,,,,,,,,,,,,,,,,,,,,,,,,,,,,,,,,,,,,,,,,,,,,,,,,,,,,,,,,,,,,,,,,,,,,,,,,,,,,,,,,,,,,,,,,,,,,,,,,,,,,,,,,,,,,,,,,,,,,,,,,,,,,,,,,,,,,,,,,,,,,,,,,,,,,,,
1974,2,161.0,54.0,,,,,,,,,,,,,,,,,,,,,,,,,,,,,,,,,,,,,,,,3.46,12.85,15.9,10.43,6.0,6.37,8.0,0.3,0.5,0.3,-5.31,-2.59,1.23,-2.65,6.0,4.46,8.0,0.3,0.5,0.3,-14.1,-7.66,1.89,-5.68,6.0,10.2,8.0,0.3,0.5,0.3,1006.53,1010.3,1013.67,1010.71,7.0,4.6,8.0,0.3,0.5,0.3,,,,,,,,,,,,,,,,,,,,,,,,,,,,,,,,,,,,,,,,,,,,,,,,,,,,,,,,,,,,,,,,,,,,,,,,,,,,,,,,,,,,,,,,,,,,,,,,,,,,,,,,,,,,,,,,,,,,,,,,,,,,,,,,,,,,,,,,,,,,,,,,,,,,,,
1974,2,162.0,-67.0,,,,,,,,,,,,,,,,,,,,,,,,,,,,,,,,,,,,,,,,4.34,8.2,13.93,8.33,24.0,4.6,16.0,0.8,0.5,0.9,0.0,6.37,13.39,6.31,24.0,6.14,16.0,0.8,0.5,0.9,-5.13,-1.19,0.0,-1.85,24.0,3.26,16.0,0.8,0.5,0.9,979.57,982.5,997.31,985.04,25.0,8.58,16.0,0.8,0.5,0.9,,,,,,,,,,,,,,,,,,,,,,,,,,,,,,,,,,,,,,,,,,,,,,,,,,,,,,,,,,,,,,,,,,,,,,,,,,,,,,,,,,,,,,,,,,,,,,,,,,,,,,,,,,,,,,,,,,,,,,,,,,,,,,,,,,,,,,,,,,,,,,,,,,,,,,
1974,2,162.0,-66.0,-1.1,0.1,0.1,-0.16,16.0,0.73,14.0,0.8,0.3,0.4,-0.87,0.6,1.06,0.38,16.0,1.05,14.0,0.8,0.3,0.4,4.23,4.23,4.23,4.23,1.0,0.0,6.0,0.0,0.2,0.7,100.0,100.0,100.0,100.0,1.0,0.0,6.0,0.0,0.7,7.08,9.4,10.5,9.28,16.0,2.13,14.0,0.8,0.3,0.4,4.55,7.89,10.03,7.15,16.0,4.44,14.0,0.8,0.3,0.4,-4.12,-0.71,4.73,-0.51,16.0,4.66,14.0,0.8,0.3,0.4,976.03,981.4,987.03,982.84,16.0,7.62,14.0,0.8,0.3,0.4,7.0,8.0,8.0,7.4,16.0,1.5,14.0,0.8,0.3,0.4,32.2,62.8,105.4,71.6,16.0,59.2,14.0,0.8,0.3,0.4,-28.8,-5.8,38.9,-5.1,16.0,41.1,14.0,0.8,0.3,0.4,-1.76,-0.55,0.45,-0.53,16.0,1.06,14.0,0.8,0.3,0.4,-13.5,-4.8,3.6,-3.5,16.0,10.1,14.0,0.8,0.3,0.4,0.19,0.19,0.19,0.19,1.0,0.0,6.0,0.0,0.2,0.7,1.4,1.4,1.4,1.4,1.0,0.0,6.0,0.0,0.2,0.7,-8.9,1.6,8.3,0.9,16.0,9.8,14.0,0.8,0.3,0.4,-2.7,0.0,2.8,-0.5,16.0,4.1,14.0,0.8,0.3,0.4,32.6,32.6,32.6,32.6,1.0,0.0,6.0,0.0,0.2,0.7,0.0,0.0,0.0,0.0,1.0,0.0,6.0,0.0,0.2,0.7,1.4,1.4,1.4,1.4,1.0,0.0,6.0,0.0,0.2,0.7,0.0,0.0,0.0,0.0,1.0,0.0,6.0,0.0,0.2,0.7,354.5,835.0,1161.0,925.5,16.0,744.0,14.0,0.8,0.3,0.4,355.0,835.0,1160.0,925.0,16.0,745.0,14.0,0.8,0.3,0.4
1974,2,162.0,-64.0,,,,,,,,,,,,,,,,,,,,,,,,,,,,,,,,,,,,,,,,11.8,11.8,11.8,11.8,1.0,0.0,22.0,1.0,0.5,0.9,11.62,11.62,11.62,11.62,1.0,0.0,22.0,1.0,0.5,0.9,-2.05,-2.05,-2.05,-2.05,1.0,0.0,22.0,1.0,0.5,0.9,1009.05,1009.6,1010.15,1009.6,2.0,1.13,22.0,0.5,0.4,0.6,,,,,,,,,,,,,,,,,,,,,,,,,,,,,,,,,,,,,,,,,,,,,,,,,,,,,,,,,,,,,,,,,,,,,,,,,,,,,,,,,,,,,,,,,,,,,,,,,,,,,,,,,,,,,,,,,,,,,,,,,,,,,,,,,,,,,,,,,,,,,,,,,,,,,,
1974,2,162.0,-46.0,15.08,15.25,15.42,15.25,2.0,0.35,18.0,0.5,0.9,0.8,12.32,13.0,13.68,13.0,2.0,1.41,18.0,0.5,0.9,0.8,6.59,6.62,6.66,6.62,2.0,0.07,18.0,0.5,0.9,0.8,68.6,71.8,75.0,71.8,2.0,6.6,18.0,0.5,0.8,6.73,11.3,15.87,11.3,2.0,9.48,18.0,0.5,0.9,0.8,1.36,7.67,13.98,7.67,2.0,13.07,18.0,0.5,0.9,0.8,4.61,5.24,5.87,5.24,2.0,1.3,18.0,0.5,0.9,0.8,1010.6,1015.75,1020.9,1015.75,2.0,10.68,18.0,0.5,0.9,0.8,4.6,6.0,7.4,6.0,2.0,2.8,18.0,0.5,0.9,0.8,42.2,148.6,255.0,148.6,2.0,220.4,18.0,0.5,0.9,0.8,34.3,65.3,96.4,65.3,2.0,64.3,18.0,0.5,0.9,0.8,1.4,2.25,3.1,2.25,2.0,1.77,18.0,0.5,0.9,0.8,16.4,17.1,17.7,17.1,2.0,1.3,18.0,0.5,0.9,0.8,4.0,4.1,4.2,4.1,2.0,0.2,18.0,0.5,0.9,0.8,27.7,45.4,63.0,45.4,2.0,36.6,18.0,0.5,0.9,0.8,21.7,109.0,196.2,109.0,2.0,180.8,18.0,0.5,0.9,0.8,57.3,69.0,80.7,69.0,2.0,24.3,18.0,0.5,0.9,0.8,9.2,51.3,93.3,51.3,2.0,87.1,18.0,0.5,0.9,0.8,30.4,34.7,39.1,34.7,2.0,9.0,18.0,0.5,0.9,0.8,5.0,30.1,55.3,30.1,2.0,52.1,18.0,0.5,0.9,0.8,19.3,21.4,23.4,21.4,2.0,4.3,18.0,0.5,0.9,0.8,1007.5,2964.5,4922.0,2964.5,2.0,4055.0,18.0,0.5,0.9,0.8,1005.0,2965.0,4920.0,2965.0,2.0,4055.0,18.0,0.5,0.9,0.8
1974,2,162.0,-45.0,,,,,,,,,,,,,,,,,,,,,,,,,,,,,,,,,,,,,,,,1.0,1.0,1.0,1.0,1.0,0.0,14.0,0.0,0.8,0.5,-0.77,-0.77,-0.77,-0.77,1.0,0.0,14.0,0.0,0.8,0.5,-0.64,-0.64,-0.64,-0.64,1.0,0.0,14.0,0.0,0.8,0.5,1021.2,1021.2,1021.2,1021.2,1.0,0.0,14.0,0.0,0.8,0.5,,,,,,,,,,,,,,,,,,,,,,,,,,,,,,,,,,,,,,,,,,,,,,,,,,,,,,,,,,,,,,,,,,,,,,,,,,,,,,,,,,,,,,,,,,,,,,,,,,,,,,,,,,,,,,,,,,,,,,,,,,,,,,,,,,,,,,,,,,,,,,,,,,,,,,
1974,2,162.0,-41.0,18.5,18.5,18.5,18.5,1.0,0.0,10.0,1.0,0.5,0.9,19.0,19.0,19.0,19.0,1.0,0.0,10.0,1.0,0.5,0.9,10.47,10.47,10.47,10.47,1.0,0.0,10.0,1.0,0.5,0.9,77.6,77.6,77.6,77.6,1.0,0.0,10.0,1.0,0.9,6.2,6.2,6.2,6.2,1.0,0.0,10.0,1.0,0.5,0.9,-2.12,-2.12,-2.12,-2.12,1.0,0.0,10.0,1.0,0.5,0.9,5.83,5.83,5.83,5.83,1.0,0.0,10.0,1.0,0.5,0.9,1023.1,1023.1,1023.1,1023.1,1.0,0.0,10.0,1.0,0.5,0.9,8.0,8.0,8.0,8.0,1.0,0.0,10.0,1.0,0.5,0.9,-13.1,-13.1,-13.1,-13.1,1.0,0.0,10.0,1.0,0.5,0.9,36.1,36.1,36.1,36.1,1.0,0.0,10.0,1.0,0.5,0.9,-0.5,-0.5,-0.5,-0.5,1.0,0.0,10.0,1.0,0.5,0.9,-3.1,-3.1,-3.1,-3.1,1.0,0.0,10.0,1.0,0.5,0.9,2.63,2.63,2.63,2.63,1.0,0.0,10.0,1.0,0.5,0.9,16.3,16.3,16.3,16.3,1.0,0.0,10.0,1.0,0.5,0.9,-40.3,-40.3,-40.3,-40.3,1.0,0.0,10.0,1.0,0.5,0.9,110.7,110.7,110.7,110.7,1.0,0.0,10.0,1.0,0.5,0.9,-22.2,-22.2,-22.2,-22.2,1.0,0.0,10.0,1.0,0.5,0.9,61.0,61.0,61.0,61.0,1.0,0.0,10.0,1.0,0.5,0.9,-5.6,-5.6,-5.6,-5.6,1.0,0.0,10.0,1.0,0.5,0.9,15.3,15.3,15.3,15.3,1.0,0.0,10.0,1.0,0.5,0.9,238.5,238.5,238.5,238.5,1.0,0.0,10.0,1.0,0.5,0.9,240.0,240.0,240.0,240.0,1.0,0.0,10.0,1.0,0.5,0.9
1974,2,162.0,-40.0,16.74,19.05,20.52,18.65,4.0,2.42,22.0,0.5,0.5,0.3,16.27,17.25,17.76,17.03,4.0,1.03,22.0,0.5,0.5,0.3,7.83,8.91,9.67,8.76,4.0,1.24,22.0,0.5,0.5,0.3,68.6,72.5,77.2,72.9,4.0,6.7,22.0,0.5,0.3,5.31,8.5,11.42,8.38,4.0,3.94,22.0,0.5,0.5,0.3,0.0,1.16,3.67,1.8,4.0,2.33,22.0,0.5,0.5,0.3,4.87,7.84,10.8,7.84,4.0,4.17,22.0,0.5,0.5,0.3,1016.1,1017.65,1021.46,1018.73,4.0,3.55,22.0,0.5,0.5,0.3,2.3,5.0,7.0,4.7,3.0,3.5,24.0,0.7,0.5,0.4,0.0,4.2,29.1,14.1,4.0,23.0,22.0,0.5,0.5,0.3,29.9,67.5,126.8,77.8,4.0,66.2,22.0,0.5,0.5,0.3,0.4,2.5,2.76,1.63,4.0,2.1,22.0,0.5,0.5,0.3,-0.5,17.7,28.6,14.2,4.0,18.9,22.0,0.5,0.5,0.3,3.26,5.08,5.95,4.63,4.0,1.77,22.0,0.5,0.5,0.3,18.9,39.2,56.6,37.8,4.0,21.8,22.0,0.5,0.5,0.3,0.0,20.8,59.9,29.5,4.0,36.9,22.0,0.5,0.5,0.3,84.3,127.4,181.3,132.5,4.0,72.3,22.0,0.5,0.5,0.3,0.0,10.7,28.5,14.1,4.0,17.2,22.0,0.5,0.5,0.3,42.2,61.2,97.6,69.5,4.0,43.7,22.0,0.5,0.5,0.3,0.0,7.1,21.5,10.6,4.0,13.5,22.0,0.5,0.5,0.3,16.4,32.8,53.0,34.6,4.0,21.3,22.0,0.5,0.5,0.3,202.0,657.0,1573.0,877.0,4.0,923.5,22.0,0.5,0.5,0.3,200.0,655.0,1575.0,875.0,4.0,925.0,22.0,0.5,0.5,0.3
1974,2,162.0,-39.0,21.0,21.0,21.0,21.0,1.0,0.0,28.0,1.0,0.8,0.8,21.2,21.2,21.2,21.2,1.0,0.0,28.0,1.0,0.8,0.8,12.14,12.14,12.14,12.14,1.0,0.0,28.0,1.0,0.8,0.8,78.4,78.4,78.4,78.4,1.0,0.0,28.0,1.0,0.8,7.7,7.7,7.7,7.7,1.0,0.0,28.0,1.0,0.8,0.8,-2.63,-2.63,-2.63,-2.63,1.0,0.0,28.0,1.0,0.8,0.8,7.24,7.24,7.24,7.24,1.0,0.0,28.0,1.0,0.8,0.8,1023.2,1023.2,1023.2,1023.2,1.0,0.0,28.0,1.0,0.8,0.8,2.0,2.0,2.0,2.0,1.0,0.0,28.0,1.0,0.8,0.8,-20.3,-20.3,-20.3,-20.3,1.0,0.0,28.0,1.0,0.8,0.8,55.7,55.7,55.7,55.7,1.0,0.0,28.0,1.0,0.8,0.8,-0.2,-0.2,-0.2,-0.2,1.0,0.0,28.0,1.0,0.8,0.8,-1.5,-1.5,-1.5,-1.5,1.0,0.0,28.0,1.0,0.8,0.8,3.18,3.18,3.18,3.18,1.0,0.0,28.0,1.0,0.8,0.8,24.5,24.5,24.5,24.5,1.0,0.0,28.0,1.0,0.8,0.8,-55.8,-55.8,-55.8,-55.8,1.0,0.0,28.0,1.0,0.8,0.8,153.4,153.4,153.4,153.4,1.0,0.0,28.0,1.0,0.8,0.8,-32.0,-32.0,-32.0,-32.0,1.0,0.0,28.0,1.0,0.8,0.8,87.9,87.9,87.9,87.9,1.0,0.0,28.0,1.0,0.8,0.8,-8.4,-8.4,-8.4,-8.4,1.0,0.0,28.0,1.0,0.8,0.8,23.0,23.0,23.0,23.0,1.0,0.0,28.0,1.0,0.8,0.8,456.5,456.5,456.5,456.5,1.0,0.0,28.0,1.0,0.8,0.8,455.0,455.0,455.0,455.0,1.0,0.0,28.0,1.0,0.8,0.8
1974,2,162.0,-38.0,22.16,22.5,23.11,22.63,3.0,0.71,18.0,0.0,0.3,0.8,17.84,19.0,19.41,18.63,3.0,1.19,18.0,0.0,0.3,0.8,8.48,9.88,10.62,9.56,3.0,1.59,18.0,0.0,0.3,0.8,67.0,72.7,76.1,71.6,3.0,6.8,18.0,0.0,0.8,3.92,4.6,6.72,5.3,3.0,2.14,18.0,0.0,0.3,0.8,0.94,2.96,3.25,2.11,3.0,1.84,18.0,0.0,0.3,0.8,0.28,3.52,6.37,3.33,3.0,4.47,18.0,0.0,0.3,0.8,1016.23,1016.3,1016.78,1016.5,3.0,0.44,18.0,0.0,0.3,0.8,2.0,2.0,5.4,3.7,3.0,2.9,18.0,0.0,0.3,0.8,3.9,12.2,13.1,8.6,3.0,7.5,18.0,0.0,0.3,0.8,2.1,16.2,45.6,23.7,3.0,32.5,18.0,0.0,0.3,0.8,2.75,3.5,5.27,4.0,3.0,1.9,18.0,0.0,0.3,0.8,11.5,12.6,36.1,23.5,3.0,20.3,18.0,0.0,0.3,0.8,5.96,7.05,9.09,7.51,3.0,2.33,18.0,0.0,0.3,0.8,25.2,25.4,60.8,42.6,3.0,30.1,18.0,0.0,0.3,0.8,18.4,58.0,62.3,40.7,3.0,35.4,18.0,0.0,0.3,0.8,6.0,69.1,112.9,59.6,3.0,78.7,18.0,0.0,0.3,0.8,10.3,32.4,33.1,21.9,3.0,19.0,18.0,0.0,0.3,0.8,4.0,38.6,53.4,28.9,3.0,37.2,18.0,0.0,0.3,0.8,5.1,16.1,21.4,13.3,3.0,12.2,18.0,0.0,0.3,0.8,0.2,19.2,58.9,29.3,3.0,43.9,18.0,0.0,0.3,0.8,62.5,97.5,342.5,200.0,3.0,223.5,18.0,0.0,0.3,0.8,65.0,95.0,345.0,200.0,3.0,225.0,18.0,0.0,0.3,0.8
1974,2,162.0,-37.0,20.69,21.55,22.21,21.43,6.0,1.16,12.0,0.5,0.3,0.6,19.79,20.7,21.37,20.6,6.0,1.04,12.0,0.5,0.3,0.6,10.42,12.04,14.58,12.13,6.0,2.29,12.0,0.5,0.3,0.6,68.7,78.1,94.9,80.3,6.0,13.7,12.0,0.5,0.6,1.4,3.85,8.64,5.73,6.0,6.31,12.0,0.5,0.3,0.6,-6.99,-1.05,0.13,-3.63,6.0,6.15,12.0,0.5,0.3,0.6,-1.42,1.93,5.45,2.11,6.0,4.5,12.0,0.5,0.3,0.6,1011.5,1012.4,1017.6,1014.45,6.0,4.56,12.0,0.5,0.3,0.6,2.6,8.0,8.0,6.0,6.0,3.2,12.0,0.5,0.3,0.6,-81.3,-2.8,0.1,-52.5,6.0,112.3,12.0,0.5,0.3,0.6,-6.0,5.2,50.0,27.9,6.0,67.4,12.0,0.5,0.3,0.6,-1.1,0.95,2.68,0.83,6.0,1.86,12.0,0.5,0.3,0.6,-6.4,3.2,7.0,-0.1,6.0,14.4,12.0,0.5,0.3,0.6,2.19,3.69,5.65,3.77,6.0,2.68,12.0,0.5,0.3,0.6,1.1,11.9,19.0,10.1,6.0,11.2,12.0,0.5,0.3,0.6,-144.5,-20.8,2.9,-75.3,6.0,129.3,12.0,0.5,0.3,0.6,-28.1,39.4,115.2,44.7,6.0,93.7,12.0,0.5,0.3,0.6,-102.1,-9.9,1.6,-51.4,6.0,90.2,12.0,0.5,0.3,0.6,-17.2,23.3,66.2,27.0,6.0,63.5,12.0,0.5,0.3,0.6,-10.8,-2.0,3.2,-3.1,6.0,7.8,12.0,0.5,0.3,0.6,-7.0,-0.7,14.5,2.8,6.0,12.9,12.0,0.5,0.3,0.6,3.0,63.5,1393.5,1033.5,6.0,2352.5,12.0,0.5,0.3,0.6,5.0,65.0,1395.0,1035.0,6.0,2350.0,12.0,0.5,0.3,0.6
1974,2,162.0,-36.0,17.7,17.7,17.7,17.7,1.0,0.0,6.0,1.0,0.6,0.7,16.5,16.5,16.5,16.5,1.0,0.0,6.0,1.0,0.6,0.7,7.55,7.55,7.55,7.55,1.0,0.0,6.0,1.0,0.6,0.7,65.4,65.4,65.4,65.4,1.0,0.0,6.0,1.0,0.7,3.6,3.6,3.6,3.6,1.0,0.0,6.0,1.0,0.6,0.7,-1.8,-1.8,-1.8,-1.8,1.0,0.0,6.0,1.0,0.6,0.7,3.12,3.12,3.12,3.12,1.0,0.0,6.0,1.0,0.6,0.7,1019.7,1019.7,1019.7,1019.7,1.0,0.0,6.0,1.0,0.6,0.7,7.0,7.0,7.0,7.0,1.0,0.0,6.0,1.0,0.6,0.7,-6.5,-6.5,-6.5,-6.5,1.0,0.0,6.0,1.0,0.6,0.7,11.2,11.2,11.2,11.2,1.0,0.0,6.0,1.0,0.6,0.7,1.2,1.2,1.2,1.2,1.0,0.0,6.0,1.0,0.6,0.7,4.3,4.3,4.3,4.3,1.0,0.0,6.0,1.0,0.6,0.7,4.94,4.94,4.94,4.94,1.0,0.0,6.0,1.0,0.6,0.7,17.8,17.8,17.8,17.8,1.0,0.0,6.0,1.0,0.6,0.7,-29.7,-29.7,-29.7,-29.7,1.0,0.0,6.0,1.0,0.6,0.7,51.4,51.4,51.4,51.4,1.0,0.0,6.0,1.0,0.6,0.7,-13.6,-13.6,-13.6,-13.6,1.0,0.0,6.0,1.0,0.6,0.7,23.6,23.6,23.6,23.6,1.0,0.0,6.0,1.0,0.6,0.7,-8.9,-8.9,-8.9,-8.9,1.0,0.0,6.0,1.0,0.6,0.7,15.4,15.4,15.4,15.4,1.0,0.0,6.0,1.0,0.6,0.7,46.5,46.5,46.5,46.5,1.0,0.0,6.0,1.0,0.6,0.7,45.0,45.0,45.0,45.0,1.0,0.0,6.0,1.0,0.6,0.7
1974,2,162.0,-35.0,23.0,23.25,23.9,22.85,8.0,1.81,20.0,0.8,0.6,0.7,21.04,22.5,23.62,22.44,8.0,1.28,20.0,0.8,0.6,0.7,11.36,13.67,15.13,13.51,8.0,1.9,20.0,0.8,0.6,0.7,70.1,83.4,88.3,80.3,8.0,10.5,20.0,0.8,0.7,3.71,5.1,9.4,6.29,8.0,3.13,20.0,0.8,0.6,0.7,-4.84,-1.92,-0.17,-2.43,8.0,2.22,20.0,0.8,0.6,0.7,0.26,3.96,9.15,4.64,8.0,4.32,20.0,0.8,0.6,0.7,1015.24,1016.75,1018.1,1016.54,8.0,2.74,20.0,0.8,0.6,0.7,3.0,5.0,5.1,4.4,7.0,1.5,18.0,0.7,0.6,0.8,-26.2,-13.3,-0.8,-15.6,8.0,13.8,20.0,0.8,0.6,0.7,0.9,16.4,87.0,38.8,8.0,54.0,20.0,0.8,0.6,0.7,-1.22,1.2,2.0,0.41,8.0,2.35,20.0,0.8,0.6,0.7,-5.6,5.9,14.1,4.0,8.0,14.2,20.0,0.8,0.6,0.7,3.23,4.3,6.52,3.86,8.0,3.2,20.0,0.8,0.6,0.7,17.3,22.0,36.8,24.0,8.0,21.1,20.0,0.8,0.6,0.7,-110.8,-41.6,-4.2,-55.5,8.0,52.2,20.0,0.8,0.6,0.7,5.5,90.5,201.8,101.8,8.0,92.5,20.0,0.8,0.6,0.7,-78.3,-25.9,-2.4,-36.1,8.0,35.2,20.0,0.8,0.6,0.7,3.5,48.0,130.7,60.1,8.0,58.2,20.0,0.8,0.6,0.7,-12.8,-6.1,0.0,-4.8,8.0,10.8,20.0,0.8,0.6,0.7,1.2,20.6,36.7,22.4,8.0,19.5,20.0,0.8,0.6,0.7,52.5,132.5,863.0,437.0,8.0,646.5,20.0,0.8,0.6,0.7,50.0,135.0,865.0,435.0,8.0,645.0,20.0,0.8,0.6,0.7
1974,2,162.0,-33.0,23.4,23.4,23.4,23.4,1.0,0.0,26.0,1.0,0.8,0.9,23.0,23.0,23.0,23.0,1.0,0.0,26.0,1.0,0.8,0.9,11.18,11.18,11.18,11.18,1.0,0.0,26.0,1.0,0.8,0.9,64.3,64.3,64.3,64.3,1.0,0.0,26.0,1.0,0.9,6.7,6.7,6.7,6.7,1.0,0.0,26.0,1.0,0.8,0.9,-5.13,-5.13,-5.13,-5.13,1.0,0.0,26.0,1.0,0.8,0.9,4.31,4.31,4.31,4.31,1.0,0.0,26.0,1.0,0.8,0.9,1015.8,1015.8,1015.8,1015.8,1.0,0.0,26.0,1.0,0.8,0.9,7.0,7.0,7.0,7.0,1.0,0.0,26.0,1.0,0.8,0.9,-34.4,-34.4,-34.4,-34.4,1.0,0.0,26.0,1.0,0.8,0.9,28.9,28.9,28.9,28.9,1.0,0.0,26.0,1.0,0.8,0.9,0.4,0.4,0.4,0.4,1.0,0.0,26.0,1.0,0.8,0.9,2.7,2.7,2.7,2.7,1.0,0.0,26.0,1.0,0.8,0.9,6.71,6.71,6.71,6.71,1.0,0.0,26.0,1.0,0.8,0.9,45.0,45.0,45.0,45.0,1.0,0.0,26.0,1.0,0.8,0.9,-118.0,-118.0,-118.0,-118.0,1.0,0.0,26.0,1.0,0.8,0.9,99.1,99.1,99.1,99.1,1.0,0.0,26.0,1.0,0.8,0.9,-57.4,-57.4,-57.4,-57.4,1.0,0.0,26.0,1.0,0.8,0.9,48.2,48.2,48.2,48.2,1.0,0.0,26.0,1.0,0.8,0.9,-34.5,-34.5,-34.5,-34.5,1.0,0.0,26.0,1.0,0.8,0.9,28.9,28.9,28.9,28.9,1.0,0.0,26.0,1.0,0.8,0.9,301.0,301.0,301.0,301.0,1.0,0.0,26.0,1.0,0.8,0.9,300.0,300.0,300.0,300.0,1.0,0.0,26.0,1.0,0.8,0.9
1974,2,162.0,-32.0,23.13,23.4,24.22,23.67,3.0,0.83,20.0,1.0,0.4,0.7,23.33,23.6,26.26,24.77,3.0,2.38,20.0,1.0,0.4,0.7,13.09,15.41,15.75,14.44,3.0,2.12,20.0,1.0,0.4,0.7,67.5,69.8,81.8,74.6,3.0,11.3,20.0,1.0,0.7,8.36,8.7,9.11,8.73,3.0,0.55,20.0,1.0,0.4,0.7,-7.27,-4.1,-3.33,-5.27,3.0,3.06,20.0,1.0,0.4,0.7,4.43,7.1,7.83,6.15,3.0,2.63,20.0,1.0,0.4,0.7,1015.45,1016.2,1017.29,1016.37,3.0,1.36,20.0,1.0,0.4,0.7,5.3,6.0,6.7,6.0,3.0,1.0,20.0,1.0,0.4,0.7,-66.1,-33.6,-28.3,-46.9,3.0,30.0,20.0,1.0,0.4,0.7,38.7,58.2,67.0,53.0,3.0,21.3,20.0,1.0,0.4,0.7,-3.14,-0.2,0.89,-1.1,3.0,3.05,20.0,1.0,0.4,0.7,-25.8,-1.9,7.7,-8.9,3.0,25.3,20.0,1.0,0.4,0.7,2.26,3.81,5.24,3.75,3.0,2.18,20.0,1.0,0.4,0.7,19.1,33.1,48.0,33.5,3.0,21.1,20.0,1.0,0.4,0.7,-176.6,-112.7,-82.9,-129.3,3.0,70.1,20.0,1.0,0.4,0.7,111.4,189.7,193.5,153.3,3.0,67.8,20.0,1.0,0.4,0.7,-92.3,-65.3,-52.0,-72.0,3.0,30.1,20.0,1.0,0.4,0.7,61.9,113.0,121.8,92.4,3.0,47.4,20.0,1.0,0.4,0.7,-38.8,-11.3,-7.9,-23.1,3.0,24.8,20.0,1.0,0.4,0.7,13.4,18.8,27.2,20.3,3.0,10.2,20.0,1.0,0.4,0.7,585.5,658.5,758.0,671.5,3.0,127.0,20.0,1.0,0.4,0.7,585.0,660.0,760.0,670.0,3.0,125.0,20.0,1.0,0.4,0.7
1974,2,162.0,-31.0,24.43,24.5,25.52,24.97,3.0,0.9,4.0,0.3,0.1,0.6,24.13,24.4,24.47,24.3,3.0,0.26,4.0,0.3,0.1,0.6,15.26,17.52,18.12,16.71,3.0,2.21,4.0,0.3,0.1,0.6,81.0,90.8,93.5,87.3,3.0,9.6,4.0,0.3,0.6,10.3,10.3,10.3,10.3,1.0,0.0,4.0,1.0,0.0,0.7,-10.3,-10.3,-10.3,-10.3,1.0,0.0,4.0,1.0,0.0,0.7,0.0,0.0,0.0,0.0,1.0,0.0,4.0,1.0,0.0,0.7,1000.0,1000.0,1007.85,1003.83,3.0,6.64,4.0,0.3,0.1,0.6,8.0,8.0,8.0,8.0,1.0,0.0,4.0,1.0,0.0,0.7,-106.1,-106.1,-106.1,-106.1,1.0,0.0,4.0,1.0,0.0,0.7,0.0,0.0,0.0,0.0,1.0,0.0,4.0,1.0,0.0,0.7,0.0,0.0,1.37,0.67,3.0,1.15,4.0,0.3,0.1,0.6,20.6,20.6,20.6,20.6,1.0,0.0,4.0,1.0,0.0,0.7,1.28,1.8,5.23,3.22,3.0,3.15,4.0,0.3,0.1,0.6,70.3,70.3,70.3,70.3,1.0,0.0,4.0,1.0,0.0,0.7,-247.2,-247.2,-247.2,-247.2,1.0,0.0,4.0,1.0,0.0,0.7,0.0,0.0,0.0,0.0,1.0,0.0,4.0,1.0,0.0,0.7,-146.3,-146.3,-146.3,-146.3,1.0,0.0,4.0,1.0,0.0,0.7,0.0,0.0,0.0,0.0,1.0,0.0,4.0,1.0,0.0,0.7,-70.3,-70.3,-70.3,-70.3,1.0,0.0,4.0,1.0,0.0,0.7,0.0,0.0,0.0,0.0,1.0,0.0,4.0,1.0,0.0,0.7,1092.5,1092.5,1092.5,1092.5,1.0,0.0,4.0,1.0,0.0,0.7,1095.0,1095.0,1095.0,1095.0,1.0,0.0,4.0,1.0,0.0,0.7
1974,2,162.0,-30.0,24.09,24.5,25.25,24.67,3.0,0.86,22.0,0.0,0.5,0.4,22.93,23.2,24.09,23.5,3.0,0.89,22.0,0.0,0.5,0.4,13.07,13.65,16.89,14.95,3.0,3.02,22.0,0.0,0.5,0.4,74.6,79.1,90.6,82.5,3.0,12.0,22.0,0.0,0.4,5.4,8.2,11.0,8.2,3.0,4.1,22.0,0.0,0.5,0.4,-7.84,-7.71,-0.65,-4.33,3.0,6.03,22.0,0.0,0.5,0.4,-1.25,2.8,7.32,3.03,3.0,6.28,22.0,0.0,0.5,0.4,1012.81,1013.9,1014.65,1013.73,3.0,1.36,22.0,0.0,0.5,0.4,3.3,4.0,4.7,4.0,3.0,1.0,22.0,0.0,0.5,0.4,-86.4,-63.2,-12.7,-49.9,3.0,55.2,22.0,0.0,0.5,0.4,-1.5,23.0,86.4,42.0,3.0,66.5,22.0,0.0,0.5,0.4,0.22,0.7,2.13,1.17,3.0,1.46,22.0,0.0,0.5,0.4,1.8,5.7,25.3,13.4,3.0,18.5,22.0,0.0,0.5,0.4,2.34,5.67,6.47,4.43,3.0,3.2,22.0,0.0,0.5,0.4,17.0,46.5,72.2,44.6,3.0,40.5,22.0,0.0,0.5,0.4,-179.8,-178.8,-12.7,-98.2,3.0,140.9,22.0,0.0,0.5,0.4,-31.9,65.1,167.3,67.6,3.0,145.9,22.0,0.0,0.5,0.4,-104.9,-98.6,1.8,-52.7,3.0,87.7,22.0,0.0,0.5,0.4,-28.1,35.9,99.2,35.6,3.0,93.2,22.0,0.0,0.5,0.4,-50.8,-43.7,-12.4,-31.9,3.0,29.9,22.0,0.0,0.5,0.4,3.3,15.9,49.0,25.9,3.0,34.6,22.0,0.0,0.5,0.4,222.0,551.5,1445.0,827.0,3.0,927.0,22.0,0.0,0.5,0.4,220.0,550.0,1445.0,825.0,3.0,925.0,22.0,0.0,0.5,0.4
1974,2,162.0,-29.0,23.33,24.0,24.45,23.86,5.0,0.83,4.0,0.4,0.4,0.3,22.56,24.0,25.15,23.84,5.0,1.47,4.0,0.4,0.4,0.3,15.79,16.9,17.25,16.49,5.0,1.16,4.0,0.4,0.4,0.3,84.4,89.0,94.3,89.4,5.0,5.4,4.0,0.4,0.3,4.92,5.7,7.07,5.96,5.0,1.25,4.0,0.4,0.4,0.3,-5.34,-4.94,-4.49,-4.95,5.0,0.6,4.0,0.4,0.4,0.3,-1.04,0.89,5.02,1.62,5.0,3.41,4.0,0.4,0.4,0.3,1009.75,1011.0,1012.17,1010.94,5.0,1.93,4.0,0.4,0.4,0.3,4.9,7.0,7.5,6.3,4.0,2.2,6.0,0.5,0.5,0.4,-34.9,-28.1,-24.0,-29.8,5.0,9.2,4.0,0.4,0.4,0.3,-5.9,4.5,35.7,12.2,5.0,23.3,4.0,0.4,0.4,0.3,-1.36,-0.2,1.55,0.02,5.0,1.87,4.0,0.4,0.4,0.3,-10.0,-0.9,8.3,-1.3,5.0,12.0,4.0,0.4,0.4,0.3,0.88,1.74,3.07,2.02,5.0,1.54,4.0,0.4,0.4,0.3,4.6,9.9,17.9,11.4,5.0,7.8,4.0,0.4,0.4,0.3,-125.9,-110.4,-109.5,-118.1,5.0,16.5,4.0,0.4,0.4,0.3,-23.9,19.3,126.2,41.6,5.0,84.2,4.0,0.4,0.4,0.3,-88.6,-79.5,-73.7,-81.5,5.0,10.0,4.0,0.4,0.4,0.3,-17.6,12.8,84.3,27.0,5.0,57.8,4.0,0.4,0.4,0.3,-14.4,-8.6,-4.3,-9.8,5.0,7.7,4.0,0.4,0.4,0.3,-1.8,2.6,6.7,2.6,5.0,6.0,4.0,0.4,0.4,0.3,120.0,185.0,357.5,234.5,5.0,146.0,4.0,0.4,0.4,0.3,120.0,185.0,360.0,235.0,5.0,145.0,4.0,0.4,0.4,0.3
1974,2,162.0,-27.0,28.1,28.1,28.1,28.1,1.0,0.0,14.0,0.0,0.1,0.5,25.0,25.0,25.0,25.0,1.0,0.0,14.0,0.0,0.1,0.5,18.18,18.18,18.18,18.18,1.0,0.0,14.0,0.0,0.1,0.5,91.9,91.9,91.9,91.9,1.0,0.0,14.0,0.0,0.5,3.1,3.1,3.1,3.1,1.0,0.0,14.0,0.0,0.1,0.5,-1.06,-1.06,-1.06,-1.06,1.0,0.0,14.0,0.0,0.1,0.5,2.91,2.91,2.91,2.91,1.0,0.0,14.0,0.0,0.1,0.5,1012.1,1012.1,1012.1,1012.1,1.0,0.0,14.0,0.0,0.1,0.5,2.0,2.0,2.0,2.0,1.0,0.0,14.0,0.0,0.1,0.5,-3.3,-3.3,-3.3,-3.3,1.0,0.0,14.0,0.0,0.1,0.5,9.0,9.0,9.0,9.0,1.0,0.0,14.0,0.0,0.1,0.5,3.1,3.1,3.1,3.1,1.0,0.0,14.0,0.0,0.1,0.5,9.6,9.6,9.6,9.6,1.0,0.0,14.0,0.0,0.1,0.5,5.64,5.64,5.64,5.64,1.0,0.0,14.0,0.0,0.1,0.5,17.5,17.5,17.5,17.5,1.0,0.0,14.0,0.0,0.1,0.5,-26.5,-26.5,-26.5,-26.5,1.0,0.0,14.0,0.0,0.1,0.5,72.8,72.8,72.8,72.8,1.0,0.0,14.0,0.0,0.1,0.5,-19.3,-19.3,-19.3,-19.3,1.0,0.0,14.0,0.0,0.1,0.5,53.0,53.0,53.0,53.0,1.0,0.0,14.0,0.0,0.1,0.5,-6.0,-6.0,-6.0,-6.0,1.0,0.0,14.0,0.0,0.1,0.5,16.4,16.4,16.4,16.4,1.0,0.0,14.0,0.0,0.1,0.5,30.0,30.0,30.0,30.0,1.0,0.0,14.0,0.0,0.1,0.5,30.0,30.0,30.0,30.0,1.0,0.0,14.0,0.0,0.1,0.5
1974,2,162.0,-26.0,25.55,25.95,26.67,26.1,4.0,0.7,8.0,0.8,0.4,0.6,24.7,26.0,27.02,25.87,3.0,1.7,8.0,0.7,0.3,0.7,17.61,17.81,18.88,18.23,3.0,1.0,8.0,0.7,0.3,0.7,84.3,84.6,90.7,87.5,3.0,5.3,8.0,0.7,0.7,1.76,3.35,4.36,3.08,4.0,1.62,8.0,0.8,0.4,0.6,-1.74,-0.76,0.11,-0.81,4.0,1.42,8.0,0.8,0.4,0.6,-2.12,0.25,2.61,0.25,4.0,3.5,8.0,0.8,0.4,0.6,1008.71,1009.5,1011.18,1009.93,4.0,1.98,8.0,0.8,0.4,0.6,2.0,4.0,6.6,4.3,4.0,3.0,8.0,0.8,0.4,0.6,-5.3,-3.3,-0.9,-3.1,4.0,3.1,8.0,0.8,0.4,0.6,-8.7,0.3,11.2,1.2,4.0,15.3,8.0,0.8,0.4,0.6,-1.46,-0.5,1.34,-0.07,3.0,2.08,8.0,0.7,0.3,0.7,-6.0,-2.3,3.2,-1.5,3.0,6.8,8.0,0.7,0.3,0.7,1.67,2.67,3.49,2.58,3.0,1.34,8.0,0.7,0.3,0.7,6.6,10.1,11.6,9.1,3.0,3.8,8.0,0.7,0.3,0.7,-49.4,-20.8,-20.0,-34.3,3.0,24.5,8.0,0.7,0.3,0.7,-75.8,0.0,80.4,2.2,3.0,114.4,8.0,0.7,0.3,0.7,-35.6,-14.2,-13.9,-24.5,3.0,18.2,8.0,0.7,0.3,0.7,-53.4,0.0,55.1,0.8,3.0,79.5,8.0,0.7,0.3,0.7,-7.6,-2.1,-1.3,-4.4,3.0,5.0,8.0,0.7,0.3,0.7,-3.3,0.0,8.3,2.4,3.0,8.7,8.0,0.7,0.3,0.7,9.0,43.0,84.0,46.0,4.0,44.5,8.0,0.8,0.4,0.6,10.0,45.0,85.0,45.0,4.0,45.0,8.0,0.8,0.4,0.6
1974,2,162.0,-24.0,,,,,,,,,,,,,,,,,,,,,,,,,,,,,,,,,,,,,,,,4.1,4.1,4.1,4.1,1.0,0.0,16.0,1.0,0.2,0.2,-4.1,-4.1,-4.1,-4.1,1.0,0.0,16.0,1.0,0.2,0.2,0.0,0.0,0.0,0.0,1.0,0.0,16.0,1.0,0.2,0.2,1009.2,1009.2,1009.2,1009.2,1.0,0.0,16.0,1.0,0.2,0.2,,,,,,,,,,,,,,,,,,,,,,,,,,,,,,,,,,,,,,,,,,,,,,,,,,,,,,,,,,,,,,,,,,,,,,,,,,,,,,,,,,,,,,,,,,,,,,,,,,,,,,,,,,,,,,,,,,,,,,,,,,,,,,,,,,,,,,,,,,,,,,,,,,,,,,
1974,2,162.0,-21.0,27.4,28.25,29.1,28.25,2.0,1.77,22.0,0.5,0.9,0.7,25.32,26.0,26.68,26.0,2.0,1.41,22.0,0.5,0.9,0.7,19.04,19.06,19.09,19.06,2.0,0.05,22.0,0.5,0.9,0.7,86.9,90.5,94.2,90.5,2.0,7.6,22.0,0.5,0.7,4.35,4.9,5.45,4.9,2.0,1.13,22.0,0.5,0.9,0.7,-3.61,-2.54,-1.48,-2.54,2.0,2.2,22.0,0.5,0.9,0.7,0.89,2.81,4.72,2.81,2.0,3.97,22.0,0.5,0.9,0.7,1006.06,1007.25,1008.44,1007.25,2.0,2.47,22.0,0.5,0.9,0.7,2.3,3.0,3.7,3.0,2.0,1.4,22.0,0.5,0.9,0.7,-15.0,-11.2,-7.4,-11.2,2.0,7.9,22.0,0.5,0.9,0.7,5.1,16.0,26.9,16.0,2.0,22.6,22.0,0.5,0.9,0.7,2.08,2.25,2.42,2.25,2.0,0.35,22.0,0.5,0.9,0.7,10.4,10.8,11.2,10.8,2.0,0.8,22.0,0.5,0.9,0.7,3.93,5.15,6.38,5.15,2.0,2.54,22.0,0.5,0.9,0.7,20.6,23.8,27.0,23.8,2.0,6.6,22.0,0.5,0.9,0.7,-97.1,-67.7,-38.4,-67.7,2.0,60.8,22.0,0.5,0.9,0.7,22.3,70.2,118.1,70.2,2.0,99.2,22.0,0.5,0.9,0.7,-68.9,-48.6,-28.3,-48.6,2.0,42.0,22.0,0.5,0.9,0.7,17.0,53.4,89.9,53.4,2.0,75.5,22.0,0.5,0.9,0.7,-24.5,-15.9,-7.3,-15.9,2.0,17.8,22.0,0.5,0.9,0.7,3.0,9.4,15.9,9.4,2.0,13.3,22.0,0.5,0.9,0.7,87.5,127.0,166.5,127.0,2.0,82.0,22.0,0.5,0.9,0.7,85.0,125.0,165.0,125.0,2.0,80.0,22.0,0.5,0.9,0.7
1974,2,162.0,-20.0,27.0,28.25,29.89,28.44,8.0,1.5,18.0,0.5,0.5,0.6,26.06,27.15,28.27,27.14,8.0,1.3,18.0,0.5,0.5,0.6,18.44,19.96,21.18,19.76,7.0,1.91,16.0,0.6,0.5,0.6,79.4,87.3,100.0,88.4,7.0,8.9,16.0,0.6,0.6,2.21,3.85,6.91,4.81,8.0,3.27,18.0,0.5,0.5,0.6,-3.93,-1.83,-0.07,-1.88,8.0,2.35,18.0,0.5,0.5,0.6,-3.16,1.02,4.51,1.64,8.0,4.95,18.0,0.5,0.5,0.6,1003.68,1006.85,1007.94,1006.14,8.0,2.41,18.0,0.5,0.5,0.6,2.0,3.0,7.0,3.9,7.0,2.2,16.0,0.6,0.5,0.6,-36.4,-5.9,-0.2,-13.4,8.0,19.3,18.0,0.5,0.5,0.6,-12.9,2.1,31.0,18.2,8.0,48.4,18.0,0.5,0.5,0.6,0.11,1.25,2.59,1.3,8.0,1.42,18.0,0.5,0.5,0.6,0.3,4.3,7.8,4.7,8.0,5.4,18.0,0.5,0.5,0.6,1.24,5.32,6.1,4.21,7.0,2.55,16.0,0.6,0.5,0.6,4.5,19.0,25.6,17.8,7.0,14.5,16.0,0.6,0.5,0.6,-106.9,-46.9,-1.9,-50.1,8.0,63.3,18.0,0.5,0.5,0.6,-78.9,27.6,118.0,45.0,8.0,132.6,18.0,0.5,0.5,0.6,-90.2,-40.8,-12.6,-46.7,7.0,35.7,16.0,0.6,0.5,0.6,-71.7,25.0,83.9,37.3,7.0,113.4,16.0,0.6,0.5,0.6,-21.7,-8.6,0.0,-10.5,7.0,12.6,16.0,0.6,0.5,0.6,-16.8,0.0,8.2,-0.2,7.0,17.0,16.0,0.6,0.5,0.6,11.5,58.0,342.5,284.5,8.0,561.5,18.0,0.5,0.5,0.6,10.0,60.0,345.0,285.0,8.0,560.0,18.0,0.5,0.5,0.6
1974,2,162.0,-19.0,27.44,28.5,29.0,28.34,8.0,0.87,16.0,0.8,0.2,0.4,25.0,27.0,29.0,27.06,7.0,1.64,18.0,0.7,0.2,0.3,15.39,17.47,19.12,17.13,5.0,2.79,18.0,0.6,0.2,0.4,73.7,78.7,82.2,78.4,6.0,9.8,16.0,0.7,0.4,0.0,5.7,6.22,4.2,7.0,2.94,16.0,0.7,0.1,0.4,-3.45,0.0,2.97,0.15,7.0,3.64,16.0,0.7,0.1,0.4,-3.19,0.0,4.39,0.74,7.0,3.92,16.0,0.7,0.1,0.4,1005.5,1008.0,1010.71,1007.93,7.0,2.4,16.0,0.7,0.1,0.4,2.0,3.5,7.9,4.4,8.0,2.9,16.0,0.8,0.2,0.4,-23.0,0.0,17.1,0.1,7.0,22.5,16.0,0.7,0.1,0.4,-19.6,0.0,20.8,4.4,7.0,23.5,16.0,0.7,0.1,0.4,0.36,0.8,2.1,1.26,7.0,1.46,18.0,0.7,0.2,0.3,0.0,3.4,15.3,7.2,6.0,9.2,20.0,0.7,0.2,0.4,5.15,6.42,7.72,6.57,5.0,1.99,18.0,0.6,0.2,0.4,15.9,37.1,49.4,33.6,5.0,24.0,18.0,0.6,0.2,0.4,-96.4,0.0,48.4,-19.2,6.0,80.9,20.0,0.7,0.2,0.4,-25.5,41.9,122.6,37.0,6.0,98.7,20.0,0.7,0.2,0.4,-60.1,0.0,36.9,-10.6,5.0,57.3,18.0,0.6,0.2,0.4,-33.6,52.8,73.9,21.8,5.0,70.5,18.0,0.6,0.2,0.4,-33.5,0.0,12.2,-8.1,5.0,24.3,18.0,0.6,0.2,0.4,-11.7,19.9,35.8,13.7,5.0,32.8,18.0,0.6,0.2,0.4,0.0,185.0,241.5,151.5,7.0,120.5,16.0,0.7,0.1,0.4,0.0,185.0,240.0,150.0,7.0,120.0,16.0,0.7,0.1,0.4
1974,2,162.0,-18.0,27.5,27.5,27.5,27.5,1.0,0.0,6.0,0.0,0.4,0.7,27.0,27.0,27.0,27.0,1.0,0.0,6.0,0.0,0.4,0.7,18.04,18.04,18.04,18.04,1.0,0.0,6.0,0.0,0.4,0.7,80.7,80.7,80.7,80.7,1.0,0.0,6.0,0.0,0.7,7.7,7.7,7.7,7.7,1.0,0.0,6.0,0.0,0.4,0.7,-3.85,-3.85,-3.85,-3.85,1.0,0.0,6.0,0.0,0.4,0.7,-6.67,-6.67,-6.67,-6.67,1.0,0.0,6.0,0.0,0.4,0.7,1007.5,1007.5,1007.5,1007.5,1.0,0.0,6.0,0.0,0.4,0.7,7.0,7.0,7.0,7.0,1.0,0.0,6.0,0.0,0.4,0.7,-29.6,-29.6,-29.6,-29.6,1.0,0.0,6.0,0.0,0.4,0.7,-51.3,-51.3,-51.3,-51.3,1.0,0.0,6.0,0.0,0.4,0.7,0.5,0.5,0.5,0.5,1.0,0.0,6.0,0.0,0.4,0.7,3.9,3.9,3.9,3.9,1.0,0.0,6.0,0.0,0.4,0.7,5.06,5.06,5.06,5.06,1.0,0.0,6.0,0.0,0.4,0.7,38.9,38.9,38.9,38.9,1.0,0.0,6.0,0.0,0.4,0.7,-103.9,-103.9,-103.9,-103.9,1.0,0.0,6.0,0.0,0.4,0.7,-180.0,-180.0,-180.0,-180.0,1.0,0.0,6.0,0.0,0.4,0.7,-69.5,-69.5,-69.5,-69.5,1.0,0.0,6.0,0.0,0.4,0.7,-120.3,-120.3,-120.3,-120.3,1.0,0.0,6.0,0.0,0.4,0.7,-19.5,-19.5,-19.5,-19.5,1.0,0.0,6.0,0.0,0.4,0.7,-33.7,-33.7,-33.7,-33.7,1.0,0.0,6.0,0.0,0.4,0.7,456.5,456.5,456.5,456.5,1.0,0.0,6.0,0.0,0.4,0.7,455.0,455.0,455.0,455.0,1.0,0.0,6.0,0.0,0.4,0.7
1974,2,162.0,-17.0,27.8,27.8,27.8,27.8,1.0,0.0,18.0,1.0,0.2,0.6,28.3,28.3,28.3,28.3,1.0,0.0,18.0,1.0,0.2,0.6,17.6,17.6,17.6,17.6,1.0,0.0,18.0,1.0,0.2,0.6,73.0,73.0,73.0,73.0,1.0,0.0,18.0,1.0,0.6,5.1,5.1,5.1,5.1,1.0,0.0,18.0,1.0,0.2,0.6,-3.28,-3.28,-3.28,-3.28,1.0,0.0,18.0,1.0,0.2,0.6,3.91,3.91,3.91,3.91,1.0,0.0,18.0,1.0,0.2,0.6,1007.8,1007.8,1007.8,1007.8,1.0,0.0,18.0,1.0,0.2,0.6,6.0,6.0,6.0,6.0,1.0,0.0,18.0,1.0,0.2,0.6,-16.7,-16.7,-16.7,-16.7,1.0,0.0,18.0,1.0,0.2,0.6,19.9,19.9,19.9,19.9,1.0,0.0,18.0,1.0,0.2,0.6,-0.5,-0.5,-0.5,-0.5,1.0,0.0,18.0,1.0,0.2,0.6,-2.5,-2.5,-2.5,-2.5,1.0,0.0,18.0,1.0,0.2,0.6,5.91,5.91,5.91,5.91,1.0,0.0,18.0,1.0,0.2,0.6,30.1,30.1,30.1,30.1,1.0,0.0,18.0,1.0,0.2,0.6,-92.8,-92.8,-92.8,-92.8,1.0,0.0,18.0,1.0,0.2,0.6,110.6,110.6,110.6,110.6,1.0,0.0,18.0,1.0,0.2,0.6,-57.7,-57.7,-57.7,-57.7,1.0,0.0,18.0,1.0,0.2,0.6,68.8,68.8,68.8,68.8,1.0,0.0,18.0,1.0,0.2,0.6,-19.4,-19.4,-19.4,-19.4,1.0,0.0,18.0,1.0,0.2,0.6,23.1,23.1,23.1,23.1,1.0,0.0,18.0,1.0,0.2,0.6,132.5,132.5,132.5,132.5,1.0,0.0,18.0,1.0,0.2,0.6,135.0,135.0,135.0,135.0,1.0,0.0,18.0,1.0,0.2,0.6
1974,2,162.0,-16.0,28.5,28.5,28.5,28.5,1.0,0.0,10.0,1.0,0.1,0.4,27.9,27.9,27.9,27.9,1.0,0.0,10.0,1.0,0.1,0.4,19.39,19.39,19.39,19.39,1.0,0.0,10.0,1.0,0.1,0.4,81.8,81.8,81.8,81.8,1.0,0.0,10.0,1.0,0.4,7.7,7.7,7.7,7.7,1.0,0.0,10.0,1.0,0.1,0.4,-3.85,-3.85,-3.85,-3.85,1.0,0.0,10.0,1.0,0.1,0.4,6.67,6.67,6.67,6.67,1.0,0.0,10.0,1.0,0.1,0.4,1002.3,1002.3,1002.3,1002.3,1.0,0.0,10.0,1.0,0.1,0.4,5.0,5.0,5.0,5.0,1.0,0.0,10.0,1.0,0.1,0.4,-29.6,-29.6,-29.6,-29.6,1.0,0.0,10.0,1.0,0.1,0.4,51.3,51.3,51.3,51.3,1.0,0.0,10.0,1.0,0.1,0.4,0.6,0.6,0.6,0.6,1.0,0.0,10.0,1.0,0.1,0.4,4.6,4.6,4.6,4.6,1.0,0.0,10.0,1.0,0.1,0.4,5.24,5.24,5.24,5.24,1.0,0.0,10.0,1.0,0.1,0.4,40.4,40.4,40.4,40.4,1.0,0.0,10.0,1.0,0.1,0.4,-107.4,-107.4,-107.4,-107.4,1.0,0.0,10.0,1.0,0.1,0.4,186.0,186.0,186.0,186.0,1.0,0.0,10.0,1.0,0.1,0.4,-74.7,-74.7,-74.7,-74.7,1.0,0.0,10.0,1.0,0.1,0.4,129.3,129.3,129.3,129.3,1.0,0.0,10.0,1.0,0.1,0.4,-20.2,-20.2,-20.2,-20.2,1.0,0.0,10.0,1.0,0.1,0.4,35.0,35.0,35.0,35.0,1.0,0.0,10.0,1.0,0.1,0.4,456.5,456.5,456.5,456.5,1.0,0.0,10.0,1.0,0.1,0.4,455.0,455.0,455.0,455.0,1.0,0.0,10.0,1.0,0.1,0.4
1974,2,162.0,-15.0,27.2,27.2,27.2,27.2,2.0,0.0,10.0,1.0,0.9,0.8,26.72,26.75,26.78,26.75,2.0,0.07,10.0,1.0,0.9,0.8,18.75,18.79,18.83,18.79,2.0,0.09,10.0,1.0,0.9,0.8,85.7,85.7,85.7,85.7,2.0,0.0,10.0,1.0,0.8,6.16,6.5,6.84,6.5,2.0,0.71,10.0,1.0,0.9,0.8,-6.74,-6.4,-6.07,-6.4,2.0,0.7,10.0,1.0,0.9,0.8,-1.19,-1.13,-1.07,-1.13,2.0,0.12,10.0,1.0,0.9,0.8,1012.31,1012.55,1012.79,1012.55,2.0,0.5,10.0,1.0,0.9,0.8,4.2,4.5,4.8,4.5,2.0,0.7,10.0,1.0,0.9,0.8,-46.2,-41.9,-37.5,-41.9,2.0,9.1,10.0,1.0,0.9,0.8,-8.2,-7.4,-6.6,-7.4,2.0,1.6,10.0,1.0,0.9,0.8,0.42,0.45,0.48,0.45,2.0,0.07,10.0,1.0,0.9,0.8,2.6,3.0,3.3,3.0,2.0,0.8,10.0,1.0,0.9,0.8,3.75,3.78,3.82,3.78,2.0,0.08,10.0,1.0,0.9,0.8,23.1,24.6,26.2,24.6,2.0,3.2,10.0,1.0,0.9,0.8,-180.0,-171.2,-162.4,-171.2,2.0,18.2,10.0,1.0,0.9,0.8,-31.7,-30.2,-28.6,-30.2,2.0,3.2,10.0,1.0,0.9,0.8,-126.3,-120.3,-114.2,-120.3,2.0,12.5,10.0,1.0,0.9,0.8,-22.3,-21.2,-20.1,-21.2,2.0,2.2,10.0,1.0,0.9,0.8,-25.8,-24.2,-22.7,-24.2,2.0,3.1,10.0,1.0,0.9,0.8,-4.5,-4.3,-4.0,-4.3,2.0,0.6,10.0,1.0,0.9,0.8,236.0,279.5,323.0,279.5,2.0,90.0,10.0,1.0,0.9,0.8,235.0,280.0,325.0,280.0,2.0,90.0,10.0,1.0,0.9,0.8
1974,2,162.0,-14.0,27.2,27.3,27.92,27.55,4.0,0.57,14.0,0.8,0.7,0.6,26.65,26.75,27.43,27.03,4.0,0.66,14.0,0.8,0.7,0.6,18.65,18.71,18.82,18.73,4.0,0.11,14.0,0.8,0.7,0.6,81.9,85.7,85.7,83.9,4.0,3.6,14.0,0.8,0.6,6.1,6.6,7.0,6.55,4.0,0.53,14.0,0.8,0.7,0.6,-6.89,-6.4,-1.7,-4.39,4.0,4.37,14.0,0.8,0.7,0.6,-1.22,-1.13,2.56,0.59,4.0,3.49,14.0,0.8,0.7,0.6,1007.84,1010.55,1011.11,1009.53,4.0,2.59,14.0,0.8,0.7,0.6,2.0,3.0,4.0,3.0,4.0,1.6,14.0,0.8,0.7,0.6,-48.3,-41.9,-10.0,-29.7,4.0,29.2,14.0,0.8,0.7,0.6,-8.5,-7.4,15.9,3.2,4.0,22.0,14.0,0.8,0.7,0.6,0.4,0.45,0.66,0.53,4.0,0.19,14.0,0.8,0.7,0.6,2.6,3.2,4.2,3.4,4.0,1.0,14.0,0.8,0.7,0.6,3.79,4.04,5.04,4.4,4.0,0.94,14.0,0.8,0.7,0.6,25.8,26.5,31.6,28.6,4.0,4.9,14.0,0.8,0.7,0.6,-184.4,-170.6,-43.7,-116.7,4.0,118.1,14.0,0.8,0.7,0.6,-32.5,-30.1,72.3,17.6,4.0,97.0,14.0,0.8,0.7,0.6,-129.7,-119.8,-31.8,-82.6,4.0,81.9,14.0,0.8,0.7,0.6,-22.9,-21.1,47.6,10.8,4.0,65.2,14.0,0.8,0.7,0.6,-26.1,-25.4,-5.5,-16.3,4.0,19.0,14.0,0.8,0.7,0.6,-4.6,-4.5,15.5,5.0,4.0,19.1,14.0,0.8,0.7,0.6,226.5,290.5,343.0,285.0,4.0,67.5,14.0,0.8,0.7,0.6,225.0,290.0,345.0,285.0,4.0,65.0,14.0,0.8,0.7,0.6
1974,2,162.0,-13.0,27.53,28.0,28.31,27.94,5.0,0.44,12.0,1.0,0.6,0.7,27.43,28.35,29.17,28.32,6.0,1.13,14.0,1.0,0.5,0.7,18.16,18.41,19.42,18.77,5.0,0.96,12.0,1.0,0.6,0.7,75.4,77.3,81.9,78.5,5.0,4.8,12.0,1.0,0.7,2.67,4.55,6.68,4.75,6.0,2.82,14.0,1.0,0.5,0.7,-4.91,-3.94,-0.1,-2.85,6.0,2.96,14.0,1.0,0.5,0.7,-3.25,-0.9,2.41,-1.16,6.0,3.86,14.0,1.0,0.5,0.7,1005.59,1009.35,1011.8,1008.72,6.0,3.19,14.0,1.0,0.5,0.7,2.0,3.5,6.2,4.0,6.0,2.1,14.0,1.0,0.5,0.7,-37.1,-18.2,0.8,-18.3,6.0,19.3,14.0,1.0,0.5,0.7,-21.8,-3.5,8.5,-11.6,6.0,32.0,14.0,1.0,0.5,0.7,-0.9,0.0,0.41,-0.24,5.0,0.86,12.0,1.0,0.6,0.7,-4.0,0.0,1.5,-1.2,5.0,4.3,12.0,1.0,0.6,0.7,3.9,4.73,5.99,4.91,5.0,1.12,12.0,1.0,0.6,0.7,14.1,18.9,21.1,17.4,5.0,6.8,12.0,1.0,0.6,0.7,-139.7,-113.6,-2.2,-80.1,6.0,83.6,14.0,1.0,0.5,0.7,-92.0,-24.6,70.3,-32.2,6.0,112.4,14.0,1.0,0.5,0.7,-97.8,-63.8,6.1,-48.0,5.0,60.3,12.0,1.0,0.6,0.7,-25.9,-13.7,46.6,5.0,5.0,40.0,12.0,1.0,0.6,0.7,-19.0,-16.4,2.2,-9.5,5.0,14.2,12.0,1.0,0.6,0.7,-6.3,-4.2,11.4,1.2,5.0,10.4,12.0,1.0,0.6,0.7,24.0,98.5,337.5,208.0,6.0,302.0,14.0,1.0,0.5,0.7,25.0,100.0,335.0,210.0,6.0,300.0,14.0,1.0,0.5,0.7
1974,2,162.0,-12.0,28.36,28.6,29.14,28.72,5.0,0.41,10.0,0.2,0.6,0.6,27.01,28.0,28.07,27.5,5.0,1.23,10.0,0.2,0.6,0.6,17.99,18.64,18.66,18.36,5.0,0.45,10.0,0.2,0.6,0.6,75.9,78.4,83.9,80.1,5.0,7.2,10.0,0.2,0.6,1.63,3.6,7.57,4.58,5.0,3.71,10.0,0.2,0.6,0.6,-0.06,1.88,6.63,2.96,5.0,3.9,10.0,0.2,0.6,0.6,-2.2,0.68,1.8,-0.29,5.0,3.7,10.0,0.2,0.6,0.6,1008.75,1010.3,1011.56,1009.83,6.0,2.28,8.0,0.3,0.7,0.6,3.3,6.0,7.4,5.4,5.0,2.4,10.0,0.2,0.6,0.6,-1.8,3.8,52.2,23.0,5.0,36.3,10.0,0.2,0.6,0.6,-24.7,1.4,8.1,-9.8,5.0,32.9,10.0,0.2,0.6,0.6,0.45,1.1,1.86,1.22,5.0,1.07,10.0,0.2,0.6,0.6,0.8,4.0,14.4,7.1,5.0,7.7,10.0,0.2,0.6,0.6,6.04,6.62,6.76,6.42,5.0,0.56,10.0,0.2,0.6,0.6,10.5,24.0,47.1,29.6,5.0,25.6,10.0,0.2,0.6,0.6,-1.6,52.6,175.6,79.8,5.0,106.4,10.0,0.2,0.6,0.6,-61.6,19.2,48.6,-8.6,5.0,103.4,10.0,0.2,0.6,0.6,-1.7,34.2,123.7,54.9,5.0,73.0,10.0,0.2,0.6,0.6,-41.2,12.4,33.6,-5.5,5.0,69.0,10.0,0.2,0.6,0.6,-0.4,12.0,40.6,18.7,5.0,25.7,10.0,0.2,0.6,0.6,-15.4,4.4,11.2,-2.6,5.0,25.4,10.0,0.2,0.6,0.6,5.5,46.5,536.0,273.0,5.0,466.5,10.0,0.2,0.6,0.6,5.0,45.0,535.0,275.0,5.0,465.0,10.0,0.2,0.6,0.6
1974,2,162.0,-11.0,28.38,28.45,29.57,28.97,6.0,1.05,10.0,0.2,0.6,0.5,26.13,27.2,29.06,27.65,6.0,2.47,10.0,0.2,0.6,0.5,18.42,18.67,19.13,18.79,5.0,0.7,8.0,0.2,0.6,0.5,75.0,85.7,88.5,82.1,5.0,9.8,8.0,0.2,0.5,5.81,6.2,6.24,5.67,7.0,1.61,12.0,0.3,0.6,0.5,1.69,3.0,5.36,2.53,7.0,3.19,12.0,0.3,0.6,0.5,-4.8,0.72,4.62,0.19,7.0,4.74,12.0,0.3,0.6,0.5,1007.02,1009.7,1009.99,1008.91,8.0,1.78,8.0,0.4,0.7,0.5,5.4,7.0,7.2,6.3,6.0,1.8,10.0,0.3,0.6,0.6,2.8,18.0,33.5,14.9,7.0,20.9,12.0,0.3,0.6,0.5,-29.8,1.5,31.2,1.0,7.0,29.6,12.0,0.3,0.6,0.5,0.39,1.85,2.89,1.32,6.0,2.49,10.0,0.2,0.6,0.5,0.0,9.7,14.2,6.7,6.0,15.4,10.0,0.2,0.6,0.5,5.27,5.64,6.4,5.77,5.0,0.8,8.0,0.2,0.6,0.5,31.9,33.8,42.5,36.3,5.0,6.2,8.0,0.2,0.6,0.5,21.4,91.0,140.6,71.9,6.0,98.2,10.0,0.2,0.6,0.5,-106.0,65.7,125.2,26.7,6.0,118.1,10.0,0.2,0.6,0.5,8.4,72.0,100.3,51.4,5.0,73.1,8.0,0.2,0.6,0.5,-71.6,81.0,89.9,22.7,5.0,90.1,8.0,0.2,0.6,0.5,0.8,21.7,27.9,13.9,5.0,23.7,8.0,0.2,0.6,0.5,-20.9,25.9,28.3,7.2,5.0,28.7,8.0,0.2,0.6,0.5,206.0,238.5,243.5,214.0,7.0,100.5,12.0,0.3,0.6,0.5,205.0,240.0,245.0,215.0,7.0,100.0,12.0,0.3,0.6,0.5
1974,2,162.0,-10.0,29.06,30.25,31.44,30.25,2.0,2.47,14.0,0.5,0.0,0.4,28.02,28.05,28.08,28.05,2.0,0.07,14.0,0.5,0.0,0.4,18.77,18.77,18.77,18.77,1.0,0.0,2.0,0.0,0.0,0.5,78.9,78.9,78.9,78.9,1.0,0.0,2.0,0.0,0.5,2.53,3.0,5.99,4.2,4.0,3.03,12.0,0.3,0.4,0.5,2.19,2.6,5.73,3.9,4.0,3.14,12.0,0.3,0.4,0.5,0.16,1.5,1.51,0.87,4.0,1.28,12.0,0.3,0.4,0.5,1004.09,1008.1,1011.85,1007.98,4.0,4.48,12.0,0.3,0.4,0.5,6.0,6.0,6.0,6.0,4.0,0.0,12.0,0.3,0.4,0.5,5.7,7.8,42.8,23.5,4.0,34.1,12.0,0.3,0.4,0.5,1.0,4.5,9.0,5.0,4.0,6.3,12.0,0.3,0.4,0.5,1.04,2.2,3.36,2.2,2.0,2.4,14.0,0.5,0.0,0.4,5.0,6.3,7.6,6.3,2.0,2.7,14.0,0.5,0.0,0.4,5.81,5.81,5.81,5.81,1.0,0.0,2.0,0.0,0.0,0.5,50.6,50.6,50.6,50.6,1.0,0.0,2.0,0.0,0.0,0.5,81.1,145.5,209.9,145.5,2.0,133.5,14.0,0.5,0.0,0.4,-18.1,6.4,30.9,6.4,2.0,50.8,14.0,0.5,0.0,0.4,160.8,160.8,160.8,160.8,1.0,0.0,2.0,0.0,0.0,0.5,28.4,28.4,28.4,28.4,1.0,0.0,2.0,0.0,0.0,0.5,49.8,49.8,49.8,49.8,1.0,0.0,2.0,0.0,0.0,0.5,8.8,8.8,8.8,8.8,1.0,0.0,2.0,0.0,0.0,0.5,17.5,27.0,358.0,180.5,4.0,319.0,12.0,0.3,0.4,0.5,20.0,25.0,360.0,180.0,4.0,320.0,12.0,0.3,0.4,0.5
1974,2,162.0,-9.0,28.86,29.0,29.68,29.27,3.0,0.64,8.0,0.7,0.4,0.4,25.91,26.8,28.03,26.97,3.0,1.56,8.0,0.7,0.4,0.4,15.7,17.94,19.44,17.58,3.0,2.76,8.0,0.7,0.4,0.4,74.6,81.2,81.6,78.2,3.0,5.7,8.0,0.7,0.4,1.0,2.0,5.25,3.41,7.0,2.67,10.0,0.7,0.4,0.5,0.31,1.73,5.15,2.0,7.0,3.56,10.0,0.7,0.4,0.5,-2.81,0.87,1.0,-0.22,7.0,1.83,10.0,0.7,0.4,0.5,1006.9,1009.35,1011.97,1009.08,8.0,2.62,8.0,0.6,0.4,0.5,4.9,7.0,8.0,6.1,7.0,2.1,10.0,0.7,0.4,0.5,-0.3,3.5,27.4,11.6,7.0,25.8,10.0,0.7,0.4,0.5,-14.1,0.9,2.1,-3.8,7.0,10.3,10.0,0.7,0.4,0.5,0.83,2.2,3.77,2.3,3.0,2.15,8.0,0.7,0.4,0.4,4.7,11.2,17.7,11.2,3.0,9.5,8.0,0.7,0.4,0.4,5.61,7.31,10.63,8.1,3.0,3.74,8.0,0.7,0.4,0.4,38.0,39.5,50.8,44.3,3.0,10.2,8.0,0.7,0.4,0.4,-18.6,134.6,193.2,88.4,3.0,160.2,8.0,0.7,0.4,0.4,-78.7,-75.4,-7.7,-44.0,3.0,58.7,8.0,0.7,0.4,0.4,-6.7,90.1,134.5,64.5,3.0,105.8,8.0,0.7,0.4,0.4,-52.3,-43.3,-2.9,-28.0,3.0,38.6,8.0,0.7,0.4,0.4,-17.6,36.7,37.0,10.3,3.0,46.1,8.0,0.7,0.4,0.4,-28.9,-13.5,0.1,-14.3,3.0,21.2,8.0,0.7,0.4,0.4,1.0,8.0,152.5,114.0,7.0,200.0,10.0,0.7,0.4,0.5,0.0,10.0,155.0,115.0,7.0,200.0,10.0,0.7,0.4,0.5
1974,2,162.0,-8.0,28.9,28.9,28.9,28.9,2.0,0.0,2.0,1.0,0.1,0.5,27.9,28.1,28.3,28.1,2.0,0.42,2.0,1.0,0.1,0.5,19.28,19.36,19.44,19.36,2.0,0.16,2.0,1.0,0.1,0.5,79.6,80.9,82.2,80.9,2.0,2.7,2.0,1.0,0.5,3.13,7.7,9.47,6.33,3.0,4.8,6.0,1.0,0.1,0.4,2.89,7.24,8.9,5.93,3.0,4.55,6.0,1.0,0.1,0.4,-3.24,-2.63,-0.49,-1.89,3.0,2.11,6.0,1.0,0.1,0.4,1004.05,1009.3,1009.7,1007.34,5.0,3.06,4.0,0.8,0.2,0.4,5.3,8.0,8.0,6.7,3.0,2.3,6.0,1.0,0.1,0.4,18.3,55.7,85.7,52.1,3.0,49.5,6.0,1.0,0.1,0.4,-31.2,-20.3,-6.1,-18.7,3.0,18.4,6.0,1.0,0.1,0.4,0.6,0.8,1.0,0.8,2.0,0.42,2.0,1.0,0.1,0.5,5.7,6.8,7.9,6.8,2.0,2.3,2.0,1.0,0.1,0.5,5.74,5.82,5.9,5.82,2.0,0.17,2.0,1.0,0.1,0.5,46.7,52.5,58.4,52.5,2.0,12.2,2.0,1.0,0.1,0.5,212.9,238.0,263.2,238.0,2.0,52.1,2.0,1.0,0.1,0.5,-95.8,-86.6,-77.5,-86.6,2.0,19.0,2.0,1.0,0.1,0.5,148.1,163.6,179.1,163.6,2.0,32.1,2.0,1.0,0.1,0.5,-65.2,-59.5,-53.9,-59.5,2.0,11.7,2.0,1.0,0.1,0.5,43.8,49.4,54.9,49.4,2.0,11.5,2.0,1.0,0.1,0.5,-20.0,-18.0,-16.0,-18.0,2.0,4.2,2.0,1.0,0.1,0.5,145.5,456.5,891.0,517.0,3.0,548.5,6.0,1.0,0.1,0.4,145.0,455.0,890.0,515.0,3.0,550.0,6.0,1.0,0.1,0.4
1974,2,162.0,9.0,28.4,28.4,28.4,28.4,1.0,0.0,2.0,0.0,0.0,0.1,26.7,26.7,26.7,26.7,1.0,0.0,2.0,0.0,0.0,0.1,17.35,17.35,17.35,17.35,1.0,0.0,2.0,0.0,0.0,0.1,79.2,79.2,79.2,79.2,1.0,0.0,2.0,0.0,0.1,5.1,5.1,5.1,5.1,1.0,0.0,2.0,0.0,0.0,0.1,-4.79,-4.79,-4.79,-4.79,1.0,0.0,2.0,0.0,0.0,0.1,-1.74,-1.74,-1.74,-1.74,1.0,0.0,2.0,0.0,0.0,0.1,1010.2,1010.2,1010.2,1010.2,1.0,0.0,2.0,0.0,0.0,0.1,0.0,0.0,0.0,0.0,1.0,0.0,2.0,0.0,0.0,0.1,-24.4,-24.4,-24.4,-24.4,1.0,0.0,2.0,0.0,0.0,0.1,-8.9,-8.9,-8.9,-8.9,1.0,0.0,2.0,0.0,0.0,0.1,1.7,1.7,1.7,1.7,1.0,0.0,2.0,0.0,0.0,0.1,8.7,8.7,8.7,8.7,1.0,0.0,2.0,0.0,0.0,0.1,6.95,6.95,6.95,6.95,1.0,0.0,2.0,0.0,0.0,0.1,35.5,35.5,35.5,35.5,1.0,0.0,2.0,0.0,0.0,0.1,-128.0,-128.0,-128.0,-128.0,1.0,0.0,2.0,0.0,0.0,0.1,-46.6,-46.6,-46.6,-46.6,1.0,0.0,2.0,0.0,0.0,0.1,-83.1,-83.1,-83.1,-83.1,1.0,0.0,2.0,0.0,0.0,0.1,-30.3,-30.3,-30.3,-30.3,1.0,0.0,2.0,0.0,0.0,0.1,-33.3,-33.3,-33.3,-33.3,1.0,0.0,2.0,0.0,0.0,0.1,-12.1,-12.1,-12.1,-12.1,1.0,0.0,2.0,0.0,0.0,0.1,132.5,132.5,132.5,132.5,1.0,0.0,2.0,0.0,0.0,0.1,135.0,135.0,135.0,135.0,1.0,0.0,2.0,0.0,0.0,0.1
1974,2,162.0,15.0,26.7,26.7,26.7,26.7,1.0,0.0,26.0,1.0,0.0,0.2,25.89,26.5,27.11,26.5,2.0,1.27,14.0,1.0,0.4,0.3,14.31,15.56,16.82,15.56,2.0,2.59,14.0,1.0,0.4,0.3,68.8,71.9,75.0,71.9,2.0,6.5,14.0,1.0,0.3,4.14,7.45,10.76,7.45,2.0,6.86,14.0,1.0,0.4,0.3,-8.33,-5.99,-3.65,-5.99,2.0,4.85,14.0,1.0,0.4,0.3,-6.72,-4.18,-1.63,-4.18,2.0,5.27,14.0,1.0,0.4,0.3,1013.48,1013.65,1013.82,1013.65,2.0,0.35,14.0,1.0,0.4,0.3,2.3,3.0,3.7,3.0,2.0,1.4,14.0,1.0,0.4,0.3,-98.6,-61.3,-24.0,-61.3,2.0,77.2,14.0,1.0,0.4,0.3,-82.0,-49.2,-16.4,-49.2,2.0,67.9,14.0,1.0,0.4,0.3,1.1,1.1,1.1,1.1,1.0,0.0,26.0,1.0,0.0,0.2,13.5,13.5,13.5,13.5,1.0,0.0,26.0,1.0,0.0,0.2,8.15,8.15,8.15,8.15,1.0,0.0,26.0,1.0,0.0,0.2,100.2,100.2,100.2,100.2,1.0,0.0,26.0,1.0,0.0,0.2,-214.1,-155.7,-97.3,-155.7,2.0,121.0,14.0,1.0,0.4,0.3,-172.2,-107.4,-42.5,-107.4,2.0,134.4,14.0,1.0,0.4,0.3,-115.9,-87.0,-58.0,-87.0,2.0,60.0,14.0,1.0,0.4,0.3,-92.6,-58.2,-23.8,-58.2,2.0,71.2,14.0,1.0,0.4,0.3,-76.8,-76.8,-76.8,-76.8,1.0,0.0,26.0,1.0,0.0,0.2,-64.4,-64.4,-64.4,-64.4,1.0,0.0,26.0,1.0,0.0,0.2,310.0,939.0,1568.5,939.0,2.0,1303.5,14.0,1.0,0.4,0.3,310.0,940.0,1570.0,940.0,2.0,1305.0,14.0,1.0,0.4,0.3
1974,2,162.0,16.0,26.86,27.2,27.2,27.03,3.0,0.29,12.0,0.7,0.4,0.4,26.27,27.7,28.11,27.2,3.0,1.42,12.0,0.7,0.4,0.4,16.96,17.34,18.26,17.6,3.0,0.98,12.0,0.7,0.4,0.4,75.0,80.3,81.5,78.3,3.0,5.0,12.0,0.7,0.4,9.21,10.3,12.07,10.63,3.0,2.12,12.0,0.7,0.4,0.4,-12.03,-10.14,-9.16,-10.58,3.0,2.13,12.0,0.7,0.4,0.4,-1.22,0.0,0.0,-0.6,3.0,1.03,12.0,0.7,0.4,0.4,1009.77,1012.5,1015.5,1012.63,3.0,4.2,12.0,0.7,0.4,0.4,1.3,2.0,2.7,2.0,2.0,1.4,14.0,0.5,0.2,0.4,-146.8,-104.5,-84.8,-115.5,3.0,46.4,12.0,0.7,0.4,0.4,-12.6,0.0,0.0,-6.1,3.0,10.6,12.0,0.7,0.4,0.4,-1.07,-1.0,0.77,-0.17,3.0,1.53,12.0,0.7,0.4,0.4,-12.4,-8.7,8.5,-2.1,3.0,16.4,12.0,0.7,0.4,0.4,3.89,5.14,5.59,4.75,3.0,1.29,12.0,0.7,0.4,0.4,38.6,59.7,64.2,51.6,3.0,20.1,12.0,0.7,0.4,0.4,-331.6,-259.7,-246.9,-288.6,3.0,66.9,12.0,0.7,0.4,0.4,-31.3,0.0,0.0,-15.3,3.0,26.4,12.0,0.7,0.4,0.4,-206.7,-170.2,-165.1,-185.5,3.0,33.2,12.0,0.7,0.4,0.4,-20.5,0.0,0.0,-10.0,3.0,17.3,12.0,0.7,0.4,0.4,-63.9,-58.8,-38.3,-51.3,3.0,19.9,12.0,0.7,0.4,0.4,-7.1,0.0,0.0,-3.5,3.0,6.0,12.0,0.7,0.4,0.4,796.5,1092.5,1812.0,1299.5,3.0,765.5,12.0,0.7,0.4,0.4,795.0,1095.0,1810.0,1300.0,3.0,765.0,12.0,0.7,0.4,0.4
1974,2,162.0,17.0,26.7,26.7,27.74,27.12,5.0,0.58,16.0,0.4,0.4,0.5,24.6,25.0,27.4,25.96,5.0,2.37,16.0,0.4,0.4,0.5,13.12,15.11,18.11,15.46,5.0,3.34,16.0,0.4,0.4,0.5,57.1,72.6,91.8,74.6,5.0,19.1,16.0,0.4,0.5,2.92,9.8,12.43,8.24,5.0,5.2,16.0,0.4,0.4,0.5,-11.13,-6.3,-1.03,-5.86,5.0,5.72,16.0,0.4,0.4,0.5,-8.15,-1.3,-0.67,-3.82,5.0,4.23,16.0,0.4,0.4,0.5,1010.83,1013.0,1016.22,1013.34,5.0,3.29,16.0,0.4,0.4,0.5,2.3,3.0,6.0,3.8,5.0,2.2,16.0,0.4,0.4,0.5,-139.1,-61.7,-3.6,-70.3,5.0,72.0,16.0,0.4,0.4,0.5,-95.4,-3.4,-2.1,-42.7,5.0,59.3,16.0,0.4,0.4,0.5,-0.13,1.8,2.8,1.16,5.0,2.55,16.0,0.4,0.4,0.5,-10.8,8.7,26.5,5.8,5.0,26.2,16.0,0.4,0.4,0.5,4.3,7.33,9.28,7.0,5.0,3.01,16.0,0.4,0.4,0.5,26.6,35.4,95.5,56.5,5.0,42.7,16.0,0.4,0.4,0.5,-305.2,-157.5,-23.6,-159.1,5.0,160.3,16.0,0.4,0.4,0.5,-206.7,-32.5,-16.1,-97.1,5.0,108.7,16.0,0.4,0.4,0.5,-164.8,-124.6,-5.8,-89.5,5.0,90.1,16.0,0.4,0.4,0.5,-143.0,-22.3,-7.2,-64.4,5.0,73.3,16.0,0.4,0.4,0.5,-85.4,-32.7,-10.6,-43.5,5.0,42.4,16.0,0.4,0.4,0.5,-44.8,-11.9,-3.9,-24.1,5.0,30.4,16.0,0.4,0.4,0.5,25.5,941.0,2006.5,1083.5,5.0,1226.5,16.0,0.4,0.4,0.5,25.0,940.0,2005.0,1085.0,5.0,1225.0,16.0,0.4,0.4,0.5
1974,2,162.0,18.0,26.5,26.5,27.29,26.88,4.0,0.75,16.0,0.3,0.4,0.3,24.5,25.0,26.02,25.25,4.0,0.96,16.0,0.3,0.4,0.3,14.47,14.8,15.68,15.06,4.0,0.8,16.0,0.3,0.4,0.3,70.7,75.2,80.4,75.6,4.0,7.0,16.0,0.3,0.3,7.68,9.75,11.82,9.75,4.0,2.44,16.0,0.3,0.4,0.3,-7.81,-7.48,-7.17,-7.49,4.0,0.38,16.0,0.3,0.4,0.3,-9.06,-5.73,-0.68,-4.91,4.0,5.06,16.0,0.3,0.4,0.3,1011.74,1014.5,1017.79,1014.75,4.0,3.52,16.0,0.3,0.4,0.3,3.9,7.5,8.0,6.0,4.0,3.4,16.0,0.3,0.4,0.3,-90.0,-72.6,-56.8,-73.4,4.0,20.4,16.0,0.3,0.4,0.3,-107.3,-60.4,-6.2,-56.9,4.0,59.6,16.0,0.3,0.4,0.3,0.95,2.0,2.26,1.63,4.0,1.11,16.0,0.3,0.4,0.3,6.9,17.5,21.6,14.4,4.0,10.2,16.0,0.3,0.4,0.3,6.23,7.06,7.86,7.05,4.0,1.26,16.0,0.3,0.4,0.3,54.2,75.1,83.5,69.1,4.0,20.9,16.0,0.3,0.4,0.3,-203.3,-187.2,-175.7,-189.4,4.0,16.7,16.0,0.3,0.4,0.3,-231.8,-141.8,-18.0,-125.7,4.0,129.4,16.0,0.3,0.4,0.3,-115.7,-114.6,-109.6,-112.7,4.0,5.2,16.0,0.3,0.4,0.3,-131.1,-83.8,-9.6,-71.0,4.0,73.9,16.0,0.3,0.4,0.3,-61.2,-53.6,-44.8,-53.0,4.0,11.3,16.0,0.3,0.4,0.3,-64.0,-42.6,-7.9,-36.2,4.0,34.4,16.0,0.3,0.4,0.3,458.0,997.0,1662.0,1057.0,4.0,711.5,16.0,0.3,0.4,0.3,460.0,995.0,1660.0,1055.0,4.0,710.0,16.0,0.3,0.4,0.3
1974,2,162.0,19.0,25.76,26.1,26.44,26.1,3.0,0.5,16.0,0.3,0.2,0.3,22.55,23.3,25.21,23.87,3.0,2.01,16.0,0.3,0.2,0.3,12.29,14.0,14.56,13.44,3.0,1.73,16.0,0.3,0.2,0.3,67.4,69.2,78.8,73.0,3.0,9.0,16.0,0.3,0.3,6.68,7.7,12.96,9.77,3.0,4.94,16.0,0.3,0.2,0.3,-9.2,-7.7,-6.42,-7.81,3.0,2.04,16.0,0.3,0.2,0.3,-8.73,-2.12,-0.67,-4.64,3.0,6.29,16.0,0.3,0.2,0.3,1013.2,1013.2,1013.68,1013.43,3.0,0.4,16.0,0.3,0.2,0.3,1.3,4.0,5.4,3.3,3.0,3.1,16.0,0.3,0.2,0.3,-122.9,-59.3,-43.5,-82.6,3.0,61.6,16.0,0.3,0.2,0.3,-128.2,-13.1,-4.2,-64.9,3.0,101.3,16.0,0.3,0.2,0.3,0.73,2.3,3.73,2.23,3.0,2.2,16.0,0.3,0.2,0.3,4.5,14.3,50.8,27.3,3.0,35.7,16.0,0.3,0.2,0.3,6.14,7.12,9.26,7.69,3.0,2.34,16.0,0.3,0.2,0.3,41.5,54.8,125.2,82.7,3.0,65.9,16.0,0.3,0.2,0.3,-213.8,-201.0,-156.4,-185.5,3.0,44.1,16.0,0.3,0.2,0.3,-194.5,-49.4,-15.7,-103.8,3.0,139.2,16.0,0.3,0.2,0.3,-111.9,-107.8,-93.1,-102.6,3.0,14.4,16.0,0.3,0.2,0.3,-102.5,-31.4,-10.0,-55.7,3.0,71.0,16.0,0.3,0.2,0.3,-86.7,-54.8,-40.0,-63.2,3.0,35.0,16.0,0.3,0.2,0.3,-86.4,-12.1,-3.8,-44.4,3.0,66.7,16.0,0.3,0.2,0.3,307.5,456.5,2638.0,1449.0,3.0,1911.0,16.0,0.3,0.2,0.3,310.0,455.0,2640.0,1450.0,3.0,1910.0,16.0,0.3,0.2,0.3
1974,2,162.0,20.0,23.9,26.05,26.57,25.28,4.0,2.23,18.0,0.5,0.5,0.5,22.83,23.5,25.46,24.16,5.0,2.27,18.0,0.6,0.5,0.5,11.29,12.85,15.8,13.52,4.0,2.95,18.0,0.5,0.5,0.5,66.1,72.4,86.6,76.1,4.0,13.3,18.0,0.5,0.5,3.37,7.7,10.03,6.9,5.0,3.76,18.0,0.6,0.5,0.5,-7.55,-3.14,-0.06,-3.49,5.0,4.37,18.0,0.6,0.5,0.5,-7.75,-4.65,-2.17,-4.91,5.0,3.06,18.0,0.6,0.5,0.5,1012.53,1015.5,1017.52,1015.05,4.0,3.08,18.0,0.5,0.5,0.5,3.8,6.0,6.4,5.0,5.0,2.8,18.0,0.6,0.5,0.5,-77.5,-12.9,5.3,-30.6,5.0,45.4,18.0,0.6,0.5,0.5,-71.1,-43.2,-7.9,-42.1,5.0,38.1,18.0,0.6,0.5,0.5,0.55,2.9,3.52,2.08,4.0,2.44,18.0,0.5,0.5,0.5,-0.6,19.7,37.0,18.3,4.0,24.2,18.0,0.5,0.5,0.5,4.71,6.0,8.69,6.67,4.0,2.53,18.0,0.5,0.5,0.5,32.5,40.1,80.5,55.8,4.0,38.8,18.0,0.5,0.5,0.5,-172.0,-73.2,-6.0,-81.9,5.0,100.7,18.0,0.6,0.5,0.5,-177.5,-111.6,-52.8,-114.3,5.0,66.3,18.0,0.6,0.5,0.5,-111.4,-61.4,-4.6,-58.2,4.0,71.7,18.0,0.5,0.5,0.5,-89.8,-83.2,-58.0,-74.3,4.0,25.6,18.0,0.5,0.5,0.5,-56.5,-30.6,-4.4,-30.5,4.0,35.3,18.0,0.5,0.5,0.5,-61.5,-27.9,-20.6,-40.4,4.0,31.5,18.0,0.5,0.5,0.5,47.0,456.5,1037.5,556.5,5.0,590.5,18.0,0.6,0.5,0.5,45.0,455.0,1040.0,555.0,5.0,590.0,18.0,0.6,0.5,0.5
1974,2,162.0,21.0,24.98,25.4,27.24,25.96,7.0,1.3,14.0,0.3,0.5,0.4,22.48,23.9,25.0,23.74,7.0,1.19,14.0,0.3,0.5,0.4,14.32,15.45,17.12,15.45,7.0,1.55,14.0,0.3,0.5,0.4,78.5,85.3,90.3,84.4,7.0,5.8,14.0,0.3,0.4,5.08,7.2,8.2,6.74,7.0,1.47,14.0,0.3,0.5,0.4,-6.33,-4.6,3.15,-2.7,7.0,4.66,14.0,0.3,0.5,0.4,-4.82,-2.63,5.45,-0.55,7.0,4.96,14.0,0.3,0.5,0.4,1010.67,1014.7,1018.61,1014.59,7.0,3.77,14.0,0.3,0.5,0.4,2.9,5.0,8.0,5.1,7.0,2.7,14.0,0.3,0.5,0.4,-51.7,-21.2,19.9,-18.5,7.0,35.1,14.0,0.3,0.5,0.4,-26.7,-20.3,34.5,-3.2,7.0,36.5,14.0,0.3,0.5,0.4,0.29,1.1,4.55,2.21,7.0,2.2,14.0,0.3,0.5,0.4,1.8,9.0,28.4,14.8,7.0,13.8,14.0,0.3,0.5,0.4,2.86,4.29,8.14,5.52,7.0,2.63,14.0,0.3,0.5,0.4,19.6,31.8,58.5,36.9,7.0,19.2,14.0,0.3,0.5,0.4,-149.5,-115.0,78.9,-61.7,7.0,110.5,14.0,0.3,0.5,0.4,-108.6,-57.9,136.6,-9.7,7.0,118.9,14.0,0.3,0.5,0.4,-93.5,-71.1,54.8,-36.1,7.0,71.2,14.0,0.3,0.5,0.4,-75.1,-34.0,95.0,-3.7,7.0,80.9,14.0,0.3,0.5,0.4,-50.9,-19.7,9.0,-21.5,7.0,27.6,14.0,0.3,0.5,0.4,-29.5,-20.4,15.6,-10.8,7.0,22.7,14.0,0.3,0.5,0.4,131.0,373.0,551.5,343.0,7.0,190.0,14.0,0.3,0.5,0.4,130.0,375.0,550.0,345.0,7.0,190.0,14.0,0.3,0.5,0.4
1974,2,162.0,22.0,24.4,24.4,24.4,24.4,1.0,0.0,28.0,0.0,0.6,0.6,22.2,22.2,22.2,22.2,1.0,0.0,28.0,0.0,0.6,0.6,14.39,14.39,14.39,14.39,1.0,0.0,28.0,0.0,0.6,0.6,86.8,86.8,86.8,86.8,1.0,0.0,28.0,0.0,0.6,5.1,5.1,5.1,5.1,1.0,0.0,28.0,0.0,0.6,0.6,-3.91,-3.91,-3.91,-3.91,1.0,0.0,28.0,0.0,0.6,0.6,3.28,3.28,3.28,3.28,1.0,0.0,28.0,0.0,0.6,0.6,1017.6,1017.6,1017.6,1017.6,1.0,0.0,28.0,0.0,0.6,0.6,3.0,3.0,3.0,3.0,1.0,0.0,28.0,0.0,0.6,0.6,-19.9,-19.9,-19.9,-19.9,1.0,0.0,28.0,0.0,0.6,0.6,16.7,16.7,16.7,16.7,1.0,0.0,28.0,0.0,0.6,0.6,2.2,2.2,2.2,2.2,1.0,0.0,28.0,0.0,0.6,0.6,11.2,11.2,11.2,11.2,1.0,0.0,28.0,0.0,0.6,0.6,4.6,4.6,4.6,4.6,1.0,0.0,28.0,0.0,0.6,0.6,23.4,23.4,23.4,23.4,1.0,0.0,28.0,0.0,0.6,0.6,-86.7,-86.7,-86.7,-86.7,1.0,0.0,28.0,0.0,0.6,0.6,72.8,72.8,72.8,72.8,1.0,0.0,28.0,0.0,0.6,0.6,-56.2,-56.2,-56.2,-56.2,1.0,0.0,28.0,0.0,0.6,0.6,47.2,47.2,47.2,47.2,1.0,0.0,28.0,0.0,0.6,0.6,-18.0,-18.0,-18.0,-18.0,1.0,0.0,28.0,0.0,0.6,0.6,15.1,15.1,15.1,15.1,1.0,0.0,28.0,0.0,0.6,0.6,132.5,132.5,132.5,132.5,1.0,0.0,28.0,0.0,0.6,0.6,135.0,135.0,135.0,135.0,1.0,0.0,28.0,0.0,0.6,0.6
1974,2,162.0,23.0,23.9,23.9,23.9,23.9,1.0,0.0,8.0,0.0,0.4,0.5,23.2,23.2,23.2,23.2,1.0,0.0,8.0,0.0,0.4,0.5,16.09,16.09,16.09,16.09,1.0,0.0,8.0,0.0,0.4,0.5,90.7,90.7,90.7,90.7,1.0,0.0,8.0,0.0,0.5,9.3,9.3,9.3,9.3,1.0,0.0,8.0,0.0,0.4,0.5,1.61,1.61,1.61,1.61,1.0,0.0,8.0,0.0,0.4,0.5,9.16,9.16,9.16,9.16,1.0,0.0,8.0,0.0,0.4,0.5,1011.5,1011.5,1011.5,1011.5,1.0,0.0,8.0,0.0,0.4,0.5,0.0,0.0,0.0,0.0,1.0,0.0,8.0,0.0,0.4,0.5,15.0,15.0,15.0,15.0,1.0,0.0,8.0,0.0,0.4,0.5,85.2,85.2,85.2,85.2,1.0,0.0,8.0,0.0,0.4,0.5,0.7,0.7,0.7,0.7,1.0,0.0,8.0,0.0,0.4,0.5,6.5,6.5,6.5,6.5,1.0,0.0,8.0,0.0,0.4,0.5,2.44,2.44,2.44,2.44,1.0,0.0,8.0,0.0,0.4,0.5,22.7,22.7,22.7,22.7,1.0,0.0,8.0,0.0,0.4,0.5,37.5,37.5,37.5,37.5,1.0,0.0,8.0,0.0,0.4,0.5,212.5,212.5,212.5,212.5,1.0,0.0,8.0,0.0,0.4,0.5,26.0,26.0,26.0,26.0,1.0,0.0,8.0,0.0,0.4,0.5,147.4,147.4,147.4,147.4,1.0,0.0,8.0,0.0,0.4,0.5,3.9,3.9,3.9,3.9,1.0,0.0,8.0,0.0,0.4,0.5,22.3,22.3,22.3,22.3,1.0,0.0,8.0,0.0,0.4,0.5,804.5,804.5,804.5,804.5,1.0,0.0,8.0,0.0,0.4,0.5,805.0,805.0,805.0,805.0,1.0,0.0,8.0,0.0,0.4,0.5
1974,2,162.0,24.0,21.78,21.95,22.12,21.95,2.0,0.35,22.0,0.0,0.3,0.1,19.4,19.4,23.22,21.27,3.0,3.23,18.0,0.0,0.4,0.2,9.51,12.58,15.39,12.45,3.0,4.31,18.0,0.0,0.4,0.2,66.6,84.5,88.2,77.5,3.0,16.9,18.0,0.0,0.2,5.45,6.2,11.11,8.23,3.0,4.51,18.0,0.0,0.4,0.2,-7.92,0.0,0.6,-3.57,3.0,6.97,18.0,0.0,0.4,0.2,-6.54,-6.2,1.46,-2.63,3.0,6.63,18.0,0.0,0.4,0.2,1012.04,1013.0,1017.37,1014.67,3.0,4.16,18.0,0.0,0.4,0.2,3.6,5.0,6.4,5.0,3.0,2.0,18.0,0.0,0.4,0.2,-106.1,0.0,3.1,-50.3,3.0,91.1,18.0,0.0,0.4,0.2,-73.5,-38.4,5.3,-34.2,3.0,57.8,18.0,0.0,0.4,0.2,2.38,2.55,2.72,2.55,2.0,0.35,22.0,0.0,0.3,0.1,19.5,24.1,28.7,24.1,2.0,9.5,22.0,0.0,0.3,0.1,4.36,6.03,7.71,6.03,2.0,3.47,22.0,0.0,0.3,0.1,48.8,50.3,51.9,50.3,2.0,3.2,22.0,0.0,0.3,0.1,-153.7,0.0,15.1,-67.7,3.0,136.8,18.0,0.0,0.4,0.2,-126.9,-120.3,47.5,-41.6,3.0,144.8,18.0,0.0,0.4,0.2,-99.7,0.0,10.1,-43.7,3.0,88.9,18.0,0.0,0.4,0.2,-73.4,-50.1,41.3,-16.8,3.0,88.9,18.0,0.0,0.4,0.2,-35.0,-20.8,-6.6,-20.8,2.0,29.4,22.0,0.0,0.3,0.1,-48.1,-38.3,-28.6,-38.3,2.0,20.2,22.0,0.0,0.3,0.1,166.0,238.5,1718.0,925.5,3.0,1283.0,18.0,0.0,0.4,0.2,165.0,240.0,1720.0,925.0,3.0,1285.0,18.0,0.0,0.4,0.2
1974,2,162.0,25.0,21.24,22.6,24.0,22.55,10.0,1.34,16.0,0.7,0.6,0.5,18.14,21.0,21.9,20.25,12.0,2.1,14.0,0.8,0.6,0.4,7.67,10.38,13.64,10.54,10.0,2.71,14.0,0.7,0.5,0.5,60.8,64.4,83.9,70.3,10.0,11.4,14.0,0.7,0.5,4.0,5.1,8.81,6.19,13.0,3.65,16.0,0.8,0.5,0.4,-5.57,-1.74,1.74,-2.18,13.0,5.1,16.0,0.8,0.5,0.4,-5.37,-3.1,-0.27,-2.17,13.0,4.31,16.0,0.8,0.5,0.4,1012.54,1017.85,1021.13,1016.76,12.0,4.8,14.0,0.8,0.6,0.4,2.9,3.0,5.2,3.9,13.0,1.9,16.0,0.8,0.5,0.4,-37.1,-8.9,12.2,-25.6,13.0,64.5,16.0,0.8,0.5,0.4,-62.6,-10.8,1.1,-16.9,13.0,38.8,16.0,0.8,0.5,0.4,0.26,3.0,3.71,2.4,10.0,1.73,16.0,0.7,0.6,0.5,1.4,15.6,22.8,13.2,10.0,11.0,16.0,0.7,0.6,0.5,3.58,7.38,8.85,6.31,9.0,2.66,14.0,0.7,0.6,0.5,19.0,37.3,47.7,34.9,9.0,14.9,14.0,0.7,0.6,0.5,-127.0,-18.1,43.7,-42.5,12.0,112.6,14.0,0.8,0.6,0.4,-116.5,-63.1,12.5,-39.1,12.0,98.0,14.0,0.8,0.6,0.4,-90.1,-7.9,28.4,-29.2,10.0,71.6,14.0,0.7,0.5,0.5,-56.2,-19.9,21.3,-13.2,10.0,56.0,14.0,0.7,0.5,0.5,-36.7,-12.5,10.8,-9.8,9.0,29.4,14.0,0.7,0.6,0.5,-34.0,-8.3,-6.6,-13.2,9.0,20.7,14.0,0.7,0.6,0.5,65.0,132.5,685.5,516.0,13.0,984.5,16.0,0.8,0.5,0.4,65.0,135.0,685.0,515.0,13.0,985.0,16.0,0.8,0.5,0.4
1974,2,162.0,26.0,18.0,18.0,18.0,18.0,1.0,0.0,16.0,0.0,0.2,0.1,16.79,18.5,20.21,18.5,2.0,3.54,12.0,0.0,0.3,0.1,9.74,9.74,9.74,9.74,1.0,0.0,6.0,0.0,0.3,0.2,63.4,63.4,63.4,63.4,1.0,0.0,6.0,0.0,0.2,2.76,3.1,7.81,5.23,3.0,4.14,12.0,0.0,0.4,0.4,-3.19,-2.68,-0.54,-1.88,3.0,2.06,12.0,0.0,0.4,0.4,-7.23,-2.56,0.25,-3.47,3.0,5.53,12.0,0.0,0.4,0.4,1017.73,1018.0,1019.57,1018.63,3.0,1.46,12.0,0.0,0.4,0.4,1.6,3.0,5.7,3.7,3.0,3.1,12.0,0.0,0.4,0.4,-26.0,-8.3,-1.8,-13.8,3.0,18.3,12.0,0.0,0.4,0.4,-66.3,-6.7,1.2,-31.9,3.0,54.0,12.0,0.0,0.4,0.4,,,,,,,,,,,,,,,,,,,,,,,,,,,,,,,,,,,,,,,,,-56.1,-55.6,-55.0,-55.6,2.0,1.2,12.0,0.0,0.3,0.1,-121.3,-58.9,3.5,-58.9,2.0,129.3,12.0,0.0,0.3,0.1,-26.1,-26.1,-26.1,-26.1,1.0,0.0,6.0,0.0,0.3,0.2,15.1,15.1,15.1,15.1,1.0,0.0,6.0,0.0,0.3,0.2,,,,,,,,,,,,,,,,,,,,,,,,,,,,,,,,,,,,,,,,
1974,2,162.0,27.0,19.0,20.75,22.06,20.51,18.0,1.58,16.0,0.4,0.4,0.5,17.03,18.9,20.17,18.71,21.0,1.71,14.0,0.5,0.5,0.5,9.1,10.4,11.2,10.01,19.0,1.54,12.0,0.5,0.5,0.5,66.5,76.2,80.4,74.1,19.0,9.8,12.0,0.5,0.5,3.63,8.0,12.89,8.32,20.0,4.7,14.0,0.5,0.5,0.4,-10.59,2.9,6.58,-0.23,20.0,8.67,14.0,0.5,0.5,0.4,-3.97,-0.58,4.41,-0.37,20.0,4.41,14.0,0.5,0.5,0.4,1011.3,1019.6,1024.14,1017.78,21.0,5.67,14.0,0.5,0.5,0.5,1.0,4.0,7.0,4.2,20.0,2.5,14.0,0.5,0.5,0.4,-129.9,18.0,44.2,-17.7,20.0,117.1,14.0,0.5,0.5,0.4,-41.0,-3.9,48.7,-3.1,20.0,43.7,14.0,0.5,0.5,0.4,-1.0,2.5,4.5,2.0,18.0,2.58,16.0,0.4,0.4,0.5,-8.1,8.4,52.4,17.6,17.0,26.1,16.0,0.4,0.5,0.5,2.38,5.43,7.01,5.03,16.0,2.36,14.0,0.5,0.5,0.5,14.1,31.8,79.7,43.8,15.0,33.7,16.0,0.5,0.5,0.4,-169.5,51.1,134.9,2.8,20.0,162.9,14.0,0.5,0.5,0.4,-77.5,-11.9,86.1,-3.0,20.0,84.0,14.0,0.5,0.5,0.4,-108.8,30.0,81.7,0.4,18.0,94.6,12.0,0.5,0.5,0.4,-33.8,-6.8,53.4,2.2,18.0,46.2,12.0,0.5,0.5,0.4,-66.8,0.0,21.7,-20.5,15.0,46.7,16.0,0.5,0.5,0.4,-20.5,0.0,11.2,-5.6,15.0,23.0,16.0,0.5,0.5,0.4,49.0,512.0,2142.5,1116.5,20.0,1491.0,14.0,0.5,0.5,0.4,50.0,510.0,2140.0,1115.0,20.0,1490.0,14.0,0.5,0.5,0.4
1974,2,162.0,28.0,17.06,18.95,19.0,18.34,10.0,1.02,14.0,0.3,0.5,0.4,16.07,19.0,20.11,18.52,13.0,2.33,14.0,0.5,0.5,0.4,7.56,9.92,13.22,10.33,11.0,2.54,14.0,0.4,0.5,0.4,67.3,80.2,91.1,79.6,11.0,11.9,14.0,0.4,0.4,3.85,9.3,13.14,8.58,13.0,5.62,14.0,0.5,0.5,0.4,-0.3,3.52,10.76,3.67,13.0,7.81,14.0,0.5,0.5,0.4,-4.67,2.3,6.38,0.87,13.0,5.92,14.0,0.5,0.5,0.4,1006.52,1016.0,1020.45,1014.49,11.0,6.92,14.0,0.4,0.5,0.4,0.7,4.5,8.0,4.5,12.0,3.1,14.0,0.5,0.5,0.4,-1.2,16.2,123.5,48.9,13.0,135.8,14.0,0.5,0.5,0.4,-67.0,10.6,46.7,-3.9,13.0,68.8,14.0,0.5,0.5,0.4,-0.79,1.0,2.0,0.69,10.0,1.23,14.0,0.3,0.5,0.4,-6.8,6.4,12.6,4.7,10.0,14.4,14.0,0.3,0.5,0.4,0.5,3.24,4.59,3.04,10.0,2.02,14.0,0.3,0.5,0.4,5.4,15.6,39.8,25.2,10.0,28.1,14.0,0.3,0.5,0.4,-5.1,55.7,190.2,68.9,13.0,144.4,14.0,0.5,0.5,0.4,-75.7,39.1,126.8,21.4,13.0,109.5,14.0,0.5,0.5,0.4,-14.1,36.7,120.5,52.5,11.0,95.3,14.0,0.4,0.5,0.4,-51.2,21.0,74.0,14.7,11.0,65.7,14.0,0.4,0.5,0.4,-3.7,6.6,22.7,3.2,10.0,29.8,14.0,0.3,0.5,0.4,-23.7,3.1,8.8,-6.6,10.0,23.4,14.0,0.3,0.5,0.4,62.5,804.5,2290.5,1476.5,13.0,2427.0,14.0,0.5,0.5,0.4,65.0,805.0,2290.0,1475.0,13.0,2425.0,14.0,0.5,0.5,0.4
1974,2,162.0,29.0,16.95,18.5,20.01,18.34,7.0,1.55,10.0,0.4,0.5,0.4,12.73,16.6,17.89,15.61,8.0,2.86,10.0,0.5,0.5,0.4,5.86,7.51,11.14,7.93,7.0,2.39,10.0,0.4,0.5,0.4,63.3,66.2,78.9,72.1,7.0,11.9,10.0,0.4,0.4,4.21,7.45,10.69,8.04,8.0,4.56,10.0,0.5,0.5,0.4,-0.4,5.68,8.33,4.68,8.0,5.19,10.0,0.5,0.5,0.4,-8.21,-2.56,3.02,-3.1,8.0,5.62,10.0,0.5,0.5,0.4,1004.36,1017.5,1020.05,1013.8,7.0,7.76,10.0,0.4,0.5,0.4,2.0,3.5,5.9,3.9,8.0,2.4,10.0,0.5,0.5,0.4,-1.0,36.8,82.3,55.4,8.0,75.7,10.0,0.5,0.5,0.4,-86.0,-11.0,12.2,-37.6,8.0,73.2,10.0,0.5,0.5,0.4,0.8,3.0,5.1,3.07,7.0,2.28,10.0,0.4,0.5,0.4,5.6,19.6,42.3,32.3,7.0,40.6,10.0,0.4,0.5,0.4,3.71,5.35,6.89,5.22,7.0,1.77,10.0,0.4,0.5,0.4,17.8,32.1,60.5,44.9,7.0,34.6,10.0,0.4,0.5,0.4,-6.8,84.9,141.0,66.4,8.0,73.0,10.0,0.5,0.5,0.4,-106.5,-44.7,59.3,-36.0,8.0,78.1,10.0,0.5,0.5,0.4,-4.3,40.8,85.8,35.7,7.0,46.1,10.0,0.4,0.5,0.4,-49.8,-19.3,40.3,-13.7,7.0,46.7,10.0,0.4,0.5,0.4,-3.3,20.3,39.5,23.6,7.0,33.0,10.0,0.4,0.5,0.4,-54.7,-17.6,11.8,-24.2,7.0,33.6,10.0,0.4,0.5,0.4,76.0,415.0,1224.5,1020.5,8.0,1632.5,10.0,0.5,0.5,0.4,75.0,415.0,1225.0,1020.0,8.0,1630.0,10.0,0.5,0.5,0.4
1974,2,162.0,30.0,16.0,18.0,19.51,17.74,23.0,1.84,14.0,0.6,0.4,0.2,13.33,16.1,17.97,15.76,24.0,2.21,14.0,0.5,0.4,0.2,6.57,8.58,11.03,8.68,24.0,2.03,14.0,0.5,0.4,0.2,66.4,74.6,89.9,77.5,24.0,13.0,14.0,0.5,0.2,4.43,8.2,13.75,9.18,24.0,4.7,14.0,0.5,0.4,0.2,-3.36,2.61,11.34,3.6,24.0,7.02,14.0,0.5,0.4,0.2,-7.51,-1.61,4.23,-1.62,24.0,6.66,14.0,0.5,0.4,0.2,1009.92,1013.1,1019.67,1014.85,24.0,5.16,14.0,0.5,0.4,0.2,2.3,6.5,8.0,5.5,22.0,2.7,14.0,0.5,0.4,0.2,-17.0,17.1,158.6,52.2,24.0,94.9,14.0,0.5,0.4,0.2,-74.1,-6.3,27.6,-26.6,24.0,94.6,14.0,0.5,0.4,0.2,-0.4,2.0,5.51,2.05,23.0,2.94,14.0,0.6,0.4,0.2,-2.7,14.4,40.5,23.2,23.0,42.2,14.0,0.6,0.4,0.2,1.58,3.54,6.86,4.12,23.0,2.34,14.0,0.6,0.4,0.2,9.4,39.1,70.2,41.3,23.0,35.1,14.0,0.6,0.4,0.2,-48.0,40.3,150.9,55.9,24.0,110.2,14.0,0.5,0.4,0.2,-123.2,-23.8,72.7,-16.0,24.0,104.4,14.0,0.5,0.4,0.2,-22.1,24.1,91.6,29.4,24.0,60.2,14.0,0.5,0.4,0.2,-47.6,-12.5,40.8,-4.6,24.0,60.4,14.0,0.5,0.4,0.2,-13.2,11.1,48.9,19.3,23.0,34.3,14.0,0.6,0.4,0.2,-47.9,-5.3,6.0,-17.7,23.0,33.4,14.0,0.6,0.4,0.2,87.5,551.5,2609.0,1403.0,24.0,1868.5,14.0,0.5,0.4,0.2,85.0,550.0,2610.0,1405.0,24.0,1870.0,14.0,0.5,0.4,0.2
1974,2,162.0,31.0,16.0,17.5,18.0,16.95,11.0,1.08,12.0,0.8,0.5,0.4,15.34,17.0,18.25,16.82,12.0,1.82,12.0,0.8,0.4,0.4,7.4,9.84,10.9,9.27,11.0,1.92,12.0,0.8,0.5,0.4,65.0,82.1,88.0,78.3,11.0,13.2,12.0,0.8,0.4,8.89,11.05,13.54,11.91,12.0,5.08,12.0,0.8,0.4,0.4,4.12,8.68,12.03,7.74,12.0,5.03,12.0,0.8,0.4,0.4,-7.08,0.44,10.32,2.17,12.0,9.2,12.0,0.8,0.4,0.4,1010.98,1017.0,1021.18,1016.08,12.0,5.8,12.0,0.8,0.4,0.4,2.0,4.0,7.0,4.6,11.0,2.2,12.0,0.8,0.5,0.4,46.1,80.7,168.4,107.8,12.0,90.2,12.0,0.8,0.4,0.4,-61.0,2.3,144.8,57.3,12.0,181.0,12.0,0.8,0.4,0.4,-2.21,0.0,2.91,0.25,11.0,2.55,12.0,0.8,0.5,0.4,-23.6,0.0,22.0,0.7,11.0,25.9,12.0,0.8,0.5,0.4,0.56,2.31,4.55,2.72,11.0,2.23,12.0,0.8,0.5,0.4,6.3,22.3,46.2,26.4,11.0,21.4,12.0,0.8,0.5,0.4,70.7,144.8,202.6,133.3,12.0,82.7,12.0,0.8,0.4,0.4,-112.2,6.2,177.2,40.8,12.0,162.6,12.0,0.8,0.4,0.4,39.8,72.9,109.5,68.9,11.0,46.8,12.0,0.8,0.5,0.4,-57.9,0.0,84.2,9.8,11.0,73.5,12.0,0.8,0.5,0.4,1.1,18.6,38.0,18.4,11.0,23.0,12.0,0.8,0.5,0.4,-12.5,-5.8,6.7,-5.1,11.0,17.2,12.0,0.8,0.5,0.4,716.0,1351.5,2529.5,2721.5,12.0,4582.0,12.0,0.8,0.4,0.4,715.0,1350.0,2530.0,2720.0,12.0,4580.0,12.0,0.8,0.4,0.4
1974,2,162.0,32.0,15.59,16.0,17.41,16.44,11.0,1.19,12.0,0.5,0.4,0.6,12.97,14.0,15.55,13.98,13.0,2.63,14.0,0.6,0.5,0.6,6.01,7.86,8.96,7.64,11.0,1.59,12.0,0.6,0.5,0.6,64.1,79.4,91.0,77.3,11.0,12.6,12.0,0.6,0.6,4.86,6.7,14.45,8.86,13.0,5.23,14.0,0.6,0.5,0.6,-0.65,5.83,7.97,4.25,13.0,5.18,14.0,0.6,0.5,0.6,-9.5,0.0,4.93,-1.21,13.0,8.03,14.0,0.6,0.5,0.6,1006.53,1014.0,1020.39,1014.0,13.0,7.99,14.0,0.6,0.5,0.6,2.9,6.0,8.0,5.5,13.0,2.4,14.0,0.6,0.5,0.6,-2.7,36.1,111.4,47.2,13.0,67.6,14.0,0.6,0.5,0.6,-118.0,0.0,41.2,-6.3,13.0,122.4,14.0,0.6,0.5,0.6,0.68,2.0,4.0,2.61,11.0,2.69,12.0,0.5,0.4,0.6,4.4,13.4,41.5,27.8,11.0,40.7,12.0,0.5,0.4,0.6,2.68,3.53,4.84,3.78,10.0,1.14,12.0,0.6,0.4,0.6,17.3,38.1,57.5,38.3,10.0,25.9,12.0,0.6,0.4,0.6,-9.6,69.8,116.5,57.7,13.0,77.5,14.0,0.6,0.5,0.6,-94.9,0.0,77.8,-7.4,13.0,105.8,14.0,0.6,0.5,0.6,7.4,49.4,67.5,42.9,11.0,37.0,12.0,0.6,0.5,0.6,-73.9,0.0,44.4,-4.5,11.0,67.2,12.0,0.6,0.5,0.6,3.2,16.9,39.1,19.9,10.0,18.9,12.0,0.6,0.4,0.6,-37.8,0.8,14.8,-8.1,10.0,37.8,12.0,0.6,0.4,0.6,121.5,301.0,3017.0,1395.5,13.0,1788.0,14.0,0.6,0.5,0.6,120.0,300.0,3015.0,1395.0,13.0,1790.0,14.0,0.6,0.5,0.6
1974,2,162.0,33.0,16.36,17.0,18.0,17.02,19.0,1.13,16.0,0.6,0.4,0.4,12.0,13.0,15.21,13.43,24.0,1.9,16.0,0.5,0.4,0.4,5.83,7.27,8.31,7.2,20.0,1.18,16.0,0.5,0.4,0.5,68.8,74.2,80.0,74.6,20.0,6.7,16.0,0.5,0.5,6.7,10.3,14.66,10.84,23.0,4.91,16.0,0.5,0.5,0.4,-0.41,7.24,11.7,6.45,23.0,7.14,16.0,0.5,0.5,0.4,-8.76,0.0,5.02,-1.18,23.0,7.15,16.0,0.5,0.5,0.4,1008.06,1014.5,1024.41,1014.68,24.0,7.76,16.0,0.5,0.4,0.4,2.3,6.0,8.0,5.5,22.0,2.5,16.0,0.5,0.5,0.4,-1.9,76.9,168.8,94.8,23.0,137.8,16.0,0.5,0.5,0.4,-111.7,0.0,41.3,-20.5,23.0,102.8,16.0,0.5,0.5,0.4,1.43,4.0,6.0,3.53,19.0,2.23,16.0,0.6,0.4,0.4,7.5,38.5,73.9,42.6,19.0,34.7,16.0,0.6,0.4,0.4,3.4,5.21,6.5,4.93,18.0,1.59,16.0,0.6,0.4,0.4,25.4,52.1,86.1,58.8,18.0,36.4,16.0,0.6,0.4,0.4,-4.9,94.1,164.0,86.6,23.0,97.7,16.0,0.5,0.5,0.4,-97.8,0.0,61.3,-11.6,23.0,96.1,16.0,0.5,0.5,0.4,4.5,49.8,95.5,52.5,19.0,48.4,16.0,0.5,0.5,0.4,-58.5,0.0,38.4,-7.6,19.0,57.4,16.0,0.5,0.5,0.4,2.0,40.3,68.4,42.0,18.0,39.0,16.0,0.6,0.4,0.4,-54.0,-3.5,18.7,-14.0,18.0,37.3,16.0,0.6,0.4,0.4,301.0,1092.5,3177.5,2146.5,23.0,3411.5,16.0,0.5,0.5,0.4,300.0,1095.0,3175.0,2145.0,23.0,3410.0,16.0,0.5,0.5,0.4
1974,2,162.0,34.0,12.77,15.0,16.05,14.57,7.0,1.7,14.0,0.9,0.5,0.5,10.43,11.75,17.71,13.51,8.0,3.81,14.0,0.8,0.5,0.4,5.33,6.45,9.31,7.48,7.0,2.58,16.0,0.7,0.5,0.5,63.7,73.4,78.1,74.0,7.0,11.1,16.0,0.7,0.5,7.68,8.2,11.38,9.33,7.0,2.19,12.0,0.7,0.6,0.4,-3.95,7.71,10.64,4.93,7.0,7.08,12.0,0.7,0.6,0.4,-5.56,-1.79,5.03,-0.46,7.0,5.25,12.0,0.7,0.6,0.4,1008.8,1019.65,1021.89,1015.9,8.0,8.3,14.0,0.8,0.5,0.4,5.8,6.0,7.0,6.0,7.0,1.9,14.0,0.9,0.5,0.5,-30.4,63.2,121.1,55.7,7.0,73.5,12.0,0.7,0.6,0.4,-45.6,-18.4,38.7,-10.4,7.0,49.3,12.0,0.7,0.6,0.4,-2.14,1.9,3.07,0.41,7.0,3.44,14.0,0.9,0.5,0.5,-21.0,1.3,36.5,4.7,6.0,33.1,14.0,0.8,0.6,0.4,0.43,3.58,4.12,2.32,6.0,2.75,16.0,0.8,0.5,0.5,-1.7,27.4,35.1,18.2,5.0,26.2,16.0,0.8,0.5,0.5,-67.3,100.5,128.3,53.4,7.0,99.6,12.0,0.7,0.6,0.4,-58.3,-20.6,89.3,9.5,7.0,73.9,12.0,0.7,0.6,0.4,-42.6,43.9,67.5,19.7,6.0,59.1,14.0,0.7,0.5,0.4,-33.5,-0.2,59.5,8.7,6.0,45.4,14.0,0.7,0.5,0.4,8.8,17.6,32.9,20.1,5.0,18.1,16.0,0.8,0.5,0.5,-18.1,-14.1,8.9,-6.7,5.0,14.5,16.0,0.8,0.5,0.5,452.5,551.5,1476.5,931.5,7.0,667.5,12.0,0.7,0.6,0.4,455.0,550.0,1475.0,930.0,7.0,665.0,12.0,0.7,0.6,0.4
1974,2,162.0,35.0,12.31,13.45,14.29,13.46,16.0,1.66,16.0,0.6,0.3,0.5,9.97,12.0,15.0,12.3,19.0,2.59,16.0,0.6,0.3,0.5,4.92,5.78,8.45,6.79,17.0,2.27,16.0,0.6,0.3,0.5,60.8,72.0,88.4,74.3,17.0,13.2,16.0,0.6,0.5,7.13,10.8,18.8,12.07,19.0,5.33,16.0,0.6,0.3,0.5,-0.53,8.92,18.76,8.48,19.0,8.72,16.0,0.6,0.3,0.5,-4.44,0.0,5.44,0.56,19.0,5.48,16.0,0.6,0.3,0.5,999.67,1010.8,1018.22,1009.28,19.0,9.15,16.0,0.6,0.3,0.5,2.0,6.0,8.0,5.4,18.0,2.4,14.0,0.6,0.3,0.5,-3.0,91.9,353.1,140.7,19.0,170.1,16.0,0.6,0.3,0.5,-47.6,0.0,56.0,10.7,19.0,65.7,16.0,0.6,0.3,0.5,-1.39,1.15,3.81,1.17,16.0,3.31,16.0,0.6,0.3,0.5,-12.1,14.2,42.5,14.3,16.0,30.8,16.0,0.6,0.3,0.5,1.03,3.41,4.74,2.94,16.0,2.52,16.0,0.6,0.3,0.5,6.3,40.8,60.6,38.6,16.0,31.5,16.0,0.6,0.3,0.5,-7.8,83.8,228.9,103.5,19.0,110.6,16.0,0.6,0.3,0.5,-47.4,0.0,71.1,13.6,19.0,67.7,16.0,0.6,0.3,0.5,-11.2,56.2,117.7,54.3,17.0,58.2,16.0,0.6,0.3,0.5,-32.5,0.0,36.6,4.0,17.0,36.1,16.0,0.6,0.3,0.5,-5.2,27.1,52.8,26.4,16.0,35.7,16.0,0.6,0.3,0.5,-26.3,0.0,11.7,-6.4,16.0,22.8,16.0,0.6,0.3,0.5,363.0,1259.5,6677.0,2834.5,19.0,3568.0,16.0,0.6,0.3,0.5,365.0,1260.0,6675.0,2835.0,19.0,3570.0,16.0,0.6,0.3,0.5
1974,2,162.0,36.0,12.68,13.0,14.41,13.52,11.0,1.17,14.0,0.5,0.5,0.4,9.59,11.5,13.21,11.49,11.0,2.17,14.0,0.5,0.5,0.4,5.49,7.08,7.88,6.85,11.0,1.25,14.0,0.5,0.5,0.4,72.2,79.2,90.7,80.5,11.0,11.4,14.0,0.5,0.4,8.64,17.0,20.81,14.69,11.0,6.44,14.0,0.5,0.5,0.4,-1.47,8.05,19.23,8.25,11.0,11.31,14.0,0.5,0.5,0.4,-7.25,3.13,8.5,0.82,11.0,8.68,14.0,0.5,0.5,0.4,990.52,1001.8,1020.18,1003.75,11.0,13.72,14.0,0.5,0.5,0.4,7.0,8.0,8.0,7.5,11.0,0.7,14.0,0.5,0.5,0.4,-6.0,74.9,401.6,174.1,11.0,226.3,14.0,0.5,0.5,0.4,-145.7,43.2,76.8,-5.7,11.0,144.2,14.0,0.5,0.5,0.4,-1.0,1.9,5.0,2.03,11.0,2.94,14.0,0.5,0.5,0.4,-10.5,36.0,94.9,37.4,11.0,51.3,14.0,0.5,0.5,0.4,1.22,2.97,4.74,2.87,11.0,1.7,14.0,0.5,0.5,0.4,9.5,56.3,79.3,48.2,11.0,38.8,14.0,0.5,0.5,0.4,-18.3,96.5,234.9,95.5,11.0,127.0,14.0,0.5,0.5,0.4,-61.8,34.8,116.5,21.6,11.0,94.1,14.0,0.5,0.5,0.4,-10.4,72.8,132.8,55.2,11.0,70.2,14.0,0.5,0.5,0.4,-41.6,19.3,57.0,7.7,11.0,59.5,14.0,0.5,0.5,0.4,-3.7,3.4,64.6,26.8,11.0,48.7,14.0,0.5,0.5,0.4,-34.5,4.4,14.8,-4.1,11.0,29.7,14.0,0.5,0.5,0.4,660.5,4913.0,9011.0,4795.5,11.0,4570.0,14.0,0.5,0.5,0.4,660.0,4915.0,9010.0,4795.0,11.0,4570.0,14.0,0.5,0.5,0.4
1974,2,162.0,37.0,13.08,13.25,13.42,13.25,2.0,0.35,26.0,1.0,0.8,0.5,7.79,10.6,14.21,10.87,6.0,3.33,16.0,0.8,0.5,0.5,6.83,8.57,8.66,7.76,3.0,1.51,26.0,0.7,0.8,0.4,73.3,82.2,86.0,79.7,3.0,9.6,26.0,0.7,0.4,7.49,9.0,10.61,9.08,6.0,1.82,16.0,0.8,0.5,0.5,-4.09,0.0,2.65,-0.1,6.0,3.84,16.0,0.8,0.5,0.5,-7.91,1.0,10.34,1.14,6.0,9.28,16.0,0.8,0.5,0.5,1002.56,1012.5,1024.46,1013.46,5.0,11.41,16.0,0.8,0.6,0.5,3.6,6.5,8.0,5.8,6.0,2.4,16.0,0.8,0.5,0.5,-32.7,0.0,26.1,-0.4,6.0,36.1,16.0,0.8,0.5,0.5,-62.7,15.9,109.9,22.0,6.0,89.4,16.0,0.8,0.5,0.5,-1.42,-1.25,-1.08,-1.25,2.0,0.35,26.0,1.0,0.8,0.5,-14.9,-13.6,-12.4,-13.6,2.0,2.6,26.0,1.0,0.8,0.5,0.64,0.74,0.84,0.74,2.0,0.21,26.0,1.0,0.8,0.5,7.3,8.1,8.8,8.1,2.0,1.5,26.0,1.0,0.8,0.5,-42.4,0.0,36.3,0.7,6.0,46.3,16.0,0.8,0.5,0.5,-61.0,20.4,152.8,37.6,6.0,105.8,16.0,0.8,0.5,0.5,-19.1,15.3,29.4,5.4,3.0,36.5,26.0,0.7,0.8,0.4,56.8,87.0,93.4,75.4,3.0,28.6,26.0,0.7,0.8,0.4,-1.8,-0.4,1.0,-0.4,2.0,2.8,26.0,1.0,0.8,0.5,7.0,7.8,8.6,7.8,2.0,1.7,26.0,1.0,0.8,0.5,424.5,731.5,1206.5,826.0,6.0,485.5,16.0,0.8,0.5,0.5,425.0,730.0,1205.0,825.0,6.0,485.0,16.0,0.8,0.5,0.5
1974,2,162.0,38.0,11.32,12.5,13.25,12.42,12.0,1.1,16.0,0.5,0.6,0.4,6.5,9.5,13.47,10.05,14.0,3.64,14.0,0.6,0.6,0.4,4.53,6.34,7.86,6.22,12.0,1.87,16.0,0.5,0.6,0.4,68.0,83.0,91.3,79.2,12.0,14.7,16.0,0.5,0.4,7.33,10.8,14.37,10.95,14.0,4.1,14.0,0.6,0.6,0.4,-1.31,4.69,13.19,5.73,14.0,7.37,14.0,0.6,0.6,0.4,-7.09,2.94,9.8,1.03,14.0,7.42,14.0,0.6,0.6,0.4,993.28,1003.5,1018.19,1006.36,14.0,11.73,14.0,0.6,0.6,0.4,3.1,6.0,7.0,5.6,14.0,1.9,14.0,0.6,0.6,0.4,-5.4,41.7,181.3,81.5,14.0,115.0,14.0,0.6,0.6,0.4,-68.1,24.6,102.1,12.0,14.0,85.7,14.0,0.6,0.6,0.4,-0.51,3.5,5.63,2.44,12.0,3.2,16.0,0.5,0.6,0.4,-5.7,37.9,58.4,27.4,12.0,35.5,16.0,0.5,0.6,0.4,1.31,2.4,4.29,2.8,12.0,1.78,16.0,0.5,0.6,0.4,9.7,27.9,52.3,30.5,12.0,22.4,16.0,0.5,0.6,0.4,-17.1,46.1,97.6,41.4,14.0,72.0,14.0,0.6,0.6,0.4,-65.0,23.1,127.9,22.7,14.0,80.6,14.0,0.6,0.6,0.4,-11.6,18.6,87.6,28.3,12.0,47.5,16.0,0.5,0.6,0.4,-26.0,15.7,84.9,20.1,12.0,49.0,16.0,0.5,0.6,0.4,-2.0,15.9,40.9,19.3,12.0,25.8,16.0,0.5,0.6,0.4,-21.8,1.7,11.4,-4.7,12.0,20.5,16.0,0.5,0.6,0.4,400.5,1268.0,2967.0,1818.0,14.0,1702.5,14.0,0.6,0.6,0.4,400.0,1270.0,2965.0,1820.0,14.0,1705.0,14.0,0.6,0.6,0.4
1974,2,162.0,39.0,9.2,11.85,13.71,11.7,8.0,2.23,14.0,0.3,0.3,0.5,5.0,5.8,11.83,6.92,9.0,4.35,14.0,0.3,0.3,0.6,3.79,4.52,7.9,5.31,9.0,2.16,14.0,0.3,0.3,0.6,71.2,80.1,91.8,81.2,9.0,11.0,14.0,0.3,0.6,8.54,13.9,18.0,13.83,9.0,4.73,14.0,0.3,0.3,0.6,0.71,6.95,12.76,7.83,9.0,6.63,14.0,0.3,0.3,0.6,-10.74,0.0,12.46,0.47,9.0,11.16,14.0,0.3,0.3,0.6,1003.74,1010.0,1012.87,1008.53,9.0,5.58,14.0,0.3,0.3,0.6,6.1,7.0,8.0,6.8,8.0,1.7,14.0,0.4,0.3,0.6,5.5,96.6,199.8,119.6,9.0,135.0,14.0,0.3,0.3,0.6,-137.2,0.0,192.5,23.4,9.0,180.6,14.0,0.3,0.3,0.6,0.58,3.55,7.56,3.79,8.0,3.63,14.0,0.3,0.3,0.5,9.4,38.5,72.0,50.6,8.0,56.0,14.0,0.3,0.3,0.5,0.54,2.98,5.19,3.01,8.0,2.13,14.0,0.3,0.3,0.5,7.8,35.2,48.4,39.3,8.0,34.6,14.0,0.3,0.3,0.5,0.0,27.6,94.5,39.0,9.0,46.5,14.0,0.3,0.3,0.6,-61.0,-2.3,148.0,27.4,9.0,107.6,14.0,0.3,0.3,0.6,3.0,25.3,60.7,33.9,9.0,30.4,14.0,0.3,0.3,0.6,-40.2,0.0,99.8,18.6,9.0,77.0,14.0,0.3,0.3,0.6,1.0,25.6,33.7,28.7,8.0,34.3,14.0,0.3,0.3,0.5,-32.9,-12.6,5.3,-10.1,8.0,27.0,14.0,0.3,0.3,0.5,673.0,2685.5,5832.0,3469.5,9.0,2995.5,14.0,0.3,0.3,0.6,675.0,2685.0,5830.0,3470.0,9.0,2995.0,14.0,0.3,0.3,0.6
1974,2,162.0,40.0,8.56,10.5,12.1,10.54,7.0,2.1,14.0,0.7,0.6,0.5,4.93,7.0,7.24,6.89,7.0,2.62,14.0,0.7,0.6,0.5,4.07,5.2,6.05,5.47,7.0,1.58,14.0,0.7,0.6,0.5,80.7,84.1,93.7,85.6,7.0,9.4,14.0,0.7,0.5,12.9,13.9,15.48,14.2,7.0,1.5,14.0,0.7,0.6,0.5,5.24,11.17,13.05,10.04,7.0,3.62,14.0,0.7,0.6,0.5,-8.89,-4.41,11.03,-1.08,7.0,10.27,14.0,0.7,0.6,0.5,989.05,1001.7,1010.79,1000.7,7.0,14.43,14.0,0.7,0.6,0.5,4.0,5.0,6.0,5.0,7.0,1.2,14.0,0.7,0.6,0.5,80.4,144.1,191.8,142.4,7.0,55.3,14.0,0.7,0.6,0.5,-120.6,-56.9,181.8,-11.1,7.0,153.2,14.0,0.7,0.6,0.5,0.95,3.0,7.57,3.66,7.0,3.38,14.0,0.7,0.6,0.5,13.2,38.7,115.5,52.2,7.0,47.4,14.0,0.7,0.6,0.5,1.1,2.25,4.19,2.57,7.0,2.05,14.0,0.7,0.6,0.5,14.8,29.1,63.7,36.6,7.0,28.3,14.0,0.7,0.6,0.5,54.1,71.9,91.2,67.3,7.0,26.2,14.0,0.7,0.6,0.5,-51.1,-30.9,80.3,10.8,7.0,79.6,14.0,0.7,0.6,0.5,40.0,60.8,67.9,53.0,7.0,18.4,14.0,0.7,0.6,0.5,-51.4,-24.3,59.5,3.3,7.0,62.2,14.0,0.7,0.6,0.5,11.3,21.5,39.6,26.7,7.0,22.0,14.0,0.7,0.6,0.5,-40.6,-9.9,4.8,-11.9,7.0,29.8,14.0,0.7,0.6,0.5,2146.5,2685.5,3712.5,2948.0,7.0,1006.0,14.0,0.7,0.6,0.5,2145.0,2685.0,3715.0,2950.0,7.0,1005.0,14.0,0.7,0.6,0.5
1974,2,162.0,41.0,6.5,6.5,6.5,6.5,1.0,0.0,16.0,1.0,0.7,0.5,5.0,5.0,5.0,5.0,1.0,0.0,16.0,1.0,0.7,0.5,4.12,4.12,4.12,4.12,1.0,0.0,16.0,1.0,0.7,0.5,75.3,75.3,75.3,75.3,1.0,0.0,16.0,1.0,0.5,15.4,15.4,15.4,15.4,1.0,0.0,16.0,1.0,0.7,0.5,14.47,14.47,14.47,14.47,1.0,0.0,16.0,1.0,0.7,0.5,-5.27,-5.27,-5.27,-5.27,1.0,0.0,16.0,1.0,0.7,0.5,1000.0,1000.0,1000.0,1000.0,1.0,0.0,16.0,1.0,0.7,0.5,7.0,7.0,7.0,7.0,1.0,0.0,16.0,1.0,0.7,0.5,222.9,222.9,222.9,222.9,1.0,0.0,16.0,1.0,0.7,0.5,-81.1,-81.1,-81.1,-81.1,1.0,0.0,16.0,1.0,0.7,0.5,1.5,1.5,1.5,1.5,1.0,0.0,16.0,1.0,0.7,0.5,23.1,23.1,23.1,23.1,1.0,0.0,16.0,1.0,0.7,0.5,1.95,1.95,1.95,1.95,1.0,0.0,16.0,1.0,0.7,0.5,30.1,30.1,30.1,30.1,1.0,0.0,16.0,1.0,0.7,0.5,72.4,72.4,72.4,72.4,1.0,0.0,16.0,1.0,0.7,0.5,-26.3,-26.3,-26.3,-26.3,1.0,0.0,16.0,1.0,0.7,0.5,59.6,59.6,59.6,59.6,1.0,0.0,16.0,1.0,0.7,0.5,-21.7,-21.7,-21.7,-21.7,1.0,0.0,16.0,1.0,0.7,0.5,28.3,28.3,28.3,28.3,1.0,0.0,16.0,1.0,0.7,0.5,-10.3,-10.3,-10.3,-10.3,1.0,0.0,16.0,1.0,0.7,0.5,3652.5,3652.5,3652.5,3652.5,1.0,0.0,16.0,1.0,0.7,0.5,3650.0,3650.0,3650.0,3650.0,1.0,0.0,16.0,1.0,0.7,0.5
1974,2,162.0,42.0,5.98,7.0,9.05,7.5,7.0,1.8,14.0,0.6,0.3,0.6,3.0,4.0,5.68,4.14,9.0,1.76,16.0,0.7,0.4,0.5,3.52,3.83,5.01,4.09,7.0,0.82,14.0,0.6,0.3,0.6,70.4,74.2,86.4,77.3,7.0,7.2,14.0,0.6,0.6,7.81,8.7,15.29,11.88,8.0,5.86,14.0,0.6,0.4,0.5,0.62,6.45,14.51,8.04,8.0,7.86,14.0,0.6,0.4,0.5,-7.48,-4.6,7.06,-2.52,8.0,7.25,14.0,0.6,0.4,0.5,1000.63,1008.0,1014.37,1006.04,9.0,9.46,16.0,0.7,0.4,0.5,6.0,6.5,8.0,6.8,8.0,1.2,14.0,0.6,0.4,0.5,5.0,53.3,222.4,132.3,8.0,186.3,14.0,0.6,0.4,0.5,-58.3,-44.9,64.4,-14.4,8.0,107.5,14.0,0.6,0.4,0.5,1.96,2.5,4.52,3.03,7.0,1.46,14.0,0.6,0.3,0.6,18.4,28.8,35.1,27.6,7.0,9.4,14.0,0.6,0.3,0.6,1.86,2.32,2.65,2.4,7.0,0.6,14.0,0.6,0.3,0.6,17.7,21.3,31.1,23.6,7.0,7.0,14.0,0.6,0.3,0.6,2.8,31.8,64.8,33.2,8.0,27.3,14.0,0.6,0.4,0.5,-29.1,-17.2,21.2,-6.6,8.0,33.8,14.0,0.6,0.4,0.5,-0.2,23.5,34.1,23.6,7.0,21.8,14.0,0.6,0.3,0.6,-26.1,-19.8,-7.9,-12.9,7.0,28.0,14.0,0.6,0.3,0.6,-0.1,16.2,24.0,14.2,7.0,11.8,14.0,0.6,0.3,0.6,-20.2,-16.3,-4.0,-11.1,7.0,13.3,14.0,0.6,0.3,0.6,479.0,658.5,3578.5,2952.0,8.0,4706.5,14.0,0.6,0.4,0.5,480.0,660.0,3580.0,2950.0,8.0,4705.0,14.0,0.6,0.4,0.5
1974,2,162.0,43.0,5.0,6.0,8.8,6.53,8.0,2.57,12.0,0.9,0.5,0.4,2.13,4.5,7.73,4.73,9.0,2.75,12.0,0.9,0.5,0.4,3.06,4.58,5.67,4.51,7.0,1.23,14.0,0.9,0.5,0.4,69.1,76.0,90.1,78.4,7.0,11.2,14.0,0.9,0.4,4.73,12.3,16.03,10.46,9.0,5.46,12.0,0.9,0.5,0.4,-0.91,5.1,12.51,5.2,9.0,6.78,12.0,0.9,0.5,0.4,-3.16,2.33,12.31,3.8,9.0,7.75,12.0,0.9,0.5,0.4,985.5,1001.0,1013.78,998.71,9.0,15.36,12.0,0.9,0.5,0.4,4.3,7.0,8.0,6.3,9.0,1.9,12.0,0.9,0.5,0.4,-4.7,28.9,164.5,63.3,9.0,102.8,12.0,0.9,0.5,0.4,-14.5,6.4,188.0,63.8,9.0,117.2,12.0,0.9,0.5,0.4,-2.61,1.5,5.87,1.7,8.0,3.98,12.0,0.9,0.5,0.4,-45.2,13.6,52.0,13.6,8.0,48.4,12.0,0.9,0.5,0.4,-0.04,1.89,3.56,1.62,7.0,1.8,14.0,0.9,0.5,0.4,-0.7,9.7,34.0,14.7,7.0,21.6,14.0,0.9,0.5,0.4,-4.0,20.2,53.0,17.3,9.0,33.4,12.0,0.9,0.5,0.4,-9.0,6.1,97.2,31.1,9.0,54.6,12.0,0.9,0.5,0.4,0.7,23.3,60.5,22.6,7.0,34.4,14.0,0.9,0.5,0.4,-0.9,11.1,73.0,31.5,7.0,42.9,14.0,0.9,0.5,0.4,1.6,9.5,26.3,14.7,7.0,15.8,14.0,0.9,0.5,0.4,-13.4,0.0,5.4,-1.5,7.0,14.5,14.0,0.9,0.5,0.4,107.0,1861.0,4237.0,1954.5,9.0,2024.5,12.0,0.9,0.5,0.4,105.0,1860.0,4235.0,1955.0,9.0,2025.0,12.0,0.9,0.5,0.4
1974,2,162.0,44.0,2.71,3.9,5.29,3.81,10.0,1.71,18.0,0.7,0.3,0.4,1.37,3.2,4.63,3.19,12.0,1.86,18.0,0.7,0.3,0.4,2.9,4.03,4.41,3.91,10.0,1.06,18.0,0.7,0.3,0.4,67.5,79.5,90.3,79.4,10.0,11.0,18.0,0.7,0.4,9.14,11.0,15.77,12.13,11.0,4.93,16.0,0.7,0.4,0.4,4.68,9.53,13.04,9.58,11.0,4.85,16.0,0.7,0.4,0.4,-4.6,2.68,10.98,2.6,11.0,7.37,16.0,0.7,0.4,0.4,996.29,1010.5,1015.15,1004.77,11.0,12.08,16.0,0.7,0.4,0.4,3.6,6.0,8.0,5.7,11.0,2.0,16.0,0.6,0.4,0.4,58.5,104.8,198.0,134.5,11.0,113.5,16.0,0.7,0.4,0.4,-52.3,8.3,195.2,48.5,11.0,114.7,16.0,0.7,0.4,0.4,-1.36,0.95,2.5,0.48,10.0,2.32,18.0,0.7,0.3,0.4,-22.9,4.7,25.4,0.2,9.0,34.8,18.0,0.8,0.3,0.4,-0.05,1.44,1.79,1.05,9.0,1.0,18.0,0.8,0.3,0.4,-2.4,6.9,18.9,9.4,9.0,12.2,18.0,0.8,0.3,0.4,11.0,31.2,38.7,27.8,11.0,16.2,16.0,0.7,0.4,0.4,-12.4,4.0,41.2,16.1,11.0,36.5,16.0,0.7,0.4,0.4,21.9,33.4,42.4,32.6,10.0,14.0,18.0,0.7,0.3,0.4,-18.6,-0.7,39.5,10.7,10.0,35.3,18.0,0.7,0.3,0.4,-1.6,5.7,17.7,8.8,9.0,10.6,18.0,0.8,0.3,0.4,-8.2,-5.5,2.1,-3.9,9.0,5.6,18.0,0.8,0.3,0.4,780.0,1331.0,3971.0,2615.0,11.0,3046.0,16.0,0.7,0.4,0.4,780.0,1330.0,3970.0,2615.0,11.0,3045.0,16.0,0.7,0.4,0.4
1974,2,162.0,45.0,4.0,5.25,7.78,5.39,8.0,2.38,18.0,0.4,0.4,0.6,0.0,1.5,3.54,1.81,9.0,2.51,18.0,0.4,0.4,0.7,3.17,3.64,4.14,3.88,8.0,1.0,18.0,0.4,0.4,0.6,82.5,92.3,99.4,90.4,8.0,8.6,18.0,0.4,0.6,5.83,8.2,11.03,8.69,9.0,4.33,18.0,0.4,0.4,0.7,-1.28,6.16,7.26,3.84,9.0,4.97,18.0,0.4,0.4,0.7,-5.54,0.0,6.67,1.06,9.0,7.82,18.0,0.4,0.4,0.7,1010.72,1013.1,1019.97,1013.58,8.0,6.18,18.0,0.4,0.4,0.6,7.0,8.0,8.0,7.5,8.0,0.8,18.0,0.4,0.4,0.7,-9.2,43.2,94.9,43.1,9.0,49.5,18.0,0.4,0.4,0.7,-47.4,0.0,53.8,23.9,9.0,115.2,18.0,0.4,0.4,0.7,1.11,3.75,6.0,3.85,8.0,3.19,18.0,0.4,0.4,0.6,15.6,29.5,67.1,35.7,8.0,28.1,18.0,0.4,0.4,0.6,0.53,1.84,2.61,1.72,8.0,1.16,18.0,0.4,0.4,0.6,8.2,14.2,26.8,15.4,8.0,9.8,18.0,0.4,0.4,0.6,-8.9,0.0,10.2,4.0,9.0,16.5,18.0,0.4,0.4,0.7,-7.1,0.0,11.7,13.7,9.0,40.1,18.0,0.4,0.4,0.7,-2.6,22.3,29.4,16.5,8.0,19.6,18.0,0.4,0.4,0.6,-22.3,4.7,28.1,11.5,8.0,42.5,18.0,0.4,0.4,0.6,0.2,9.0,24.5,10.4,8.0,11.1,18.0,0.4,0.4,0.6,-9.3,0.0,9.3,0.1,8.0,10.9,18.0,0.4,0.4,0.6,199.5,551.5,1348.5,1152.0,9.0,1811.5,18.0,0.4,0.4,0.7,200.0,550.0,1350.0,1150.0,9.0,1810.0,18.0,0.4,0.4,0.7
1974,2,162.0,46.0,2.79,3.0,4.71,3.59,11.0,1.38,12.0,0.7,0.4,0.6,1.0,2.0,3.13,1.88,12.0,1.17,14.0,0.8,0.4,0.5,3.1,3.39,3.72,3.39,10.0,0.4,12.0,0.7,0.4,0.6,74.1,82.8,86.5,79.4,10.0,10.3,12.0,0.7,0.6,2.1,7.7,10.72,7.18,12.0,4.4,14.0,0.8,0.4,0.5,0.73,2.5,7.79,3.21,12.0,4.21,14.0,0.8,0.4,0.5,-6.85,-0.44,2.83,-1.0,12.0,6.74,14.0,0.8,0.4,0.5,997.25,1008.25,1011.76,1006.01,12.0,7.55,14.0,0.8,0.4,0.5,3.4,6.5,7.6,5.8,10.0,2.1,14.0,0.7,0.5,0.5,-1.7,9.7,79.3,30.0,12.0,48.4,14.0,0.8,0.4,0.5,-59.1,-1.2,20.7,-4.7,12.0,81.1,14.0,0.8,0.4,0.5,0.59,1.5,4.12,1.91,11.0,1.84,12.0,0.7,0.4,0.6,1.2,9.8,44.5,19.8,11.0,26.2,12.0,0.7,0.4,0.6,1.04,1.47,2.24,1.57,10.0,0.62,12.0,0.7,0.4,0.6,3.0,7.6,24.4,12.3,10.0,12.3,12.0,0.7,0.4,0.6,-2.5,3.9,8.6,3.3,12.0,9.0,14.0,0.8,0.4,0.5,-8.5,0.0,6.2,-0.7,12.0,12.6,14.0,0.8,0.4,0.5,5.2,8.6,22.3,10.2,10.0,13.2,12.0,0.7,0.4,0.6,-24.2,-1.6,20.1,-1.5,10.0,24.6,12.0,0.7,0.4,0.6,2.0,3.5,11.2,5.8,10.0,7.0,12.0,0.7,0.4,0.6,-11.0,-0.5,6.3,-0.2,10.0,15.2,12.0,0.7,0.4,0.6,9.5,462.5,1313.5,765.0,12.0,980.0,14.0,0.8,0.4,0.5,10.0,460.0,1315.0,765.0,12.0,980.0,14.0,0.8,0.4,0.5
1974,2,162.0,47.0,2.5,2.5,3.0,2.7,5.0,0.27,10.0,0.4,0.4,0.4,-0.91,0.0,0.91,0.0,5.0,1.77,10.0,0.4,0.4,0.4,2.84,3.12,3.7,3.26,4.0,0.67,10.0,0.3,0.4,0.4,74.4,86.0,96.1,85.3,4.0,13.5,10.0,0.3,0.4,5.89,7.7,10.6,8.22,5.0,3.71,10.0,0.4,0.4,0.4,-5.58,-4.75,4.22,-1.37,5.0,5.82,10.0,0.4,0.4,0.4,-6.33,-2.31,5.7,-1.27,5.0,7.75,10.0,0.4,0.4,0.4,999.84,1007.2,1012.65,1006.82,5.0,8.16,10.0,0.4,0.4,0.4,3.5,6.0,8.0,5.8,4.0,2.6,12.0,0.5,0.4,0.4,-60.9,-38.1,24.1,-20.7,5.0,48.8,10.0,0.4,0.4,0.4,-77.6,-8.3,46.6,-22.7,5.0,93.8,10.0,0.4,0.4,0.4,1.77,2.5,3.73,2.7,5.0,1.6,10.0,0.4,0.4,0.4,12.8,18.0,29.3,20.1,5.0,11.4,10.0,0.4,0.4,0.4,0.94,1.45,1.73,1.34,4.0,0.58,10.0,0.3,0.4,0.4,4.6,9.4,17.7,11.0,4.0,8.0,10.0,0.3,0.4,0.4,-8.9,0.0,0.0,-3.9,5.0,5.6,10.0,0.4,0.4,0.4,0.0,0.0,9.1,4.1,5.0,6.5,10.0,0.4,0.4,0.4,-17.9,-3.0,13.4,-2.2,4.0,18.4,10.0,0.3,0.4,0.4,-24.5,-6.9,9.9,-7.3,4.0,26.5,10.0,0.3,0.4,0.4,-5.1,0.6,8.7,1.7,4.0,8.8,10.0,0.3,0.4,0.4,-12.6,-4.0,0.2,-6.1,4.0,9.7,10.0,0.3,0.4,0.4,254.0,456.5,1399.0,844.0,5.0,1053.0,10.0,0.4,0.4,0.4,255.0,455.0,1400.0,845.0,5.0,1055.0,10.0,0.4,0.4,0.4
1974,2,162.0,48.0,1.93,3.0,4.0,3.21,10.0,1.64,14.0,0.5,0.5,0.3,0.0,1.25,2.37,1.12,10.0,1.32,16.0,0.4,0.5,0.5,3.21,3.37,4.12,3.51,8.0,0.55,16.0,0.4,0.5,0.4,77.1,88.1,92.8,84.8,8.0,11.3,16.0,0.4,0.4,3.97,10.55,16.06,10.78,12.0,6.32,14.0,0.5,0.5,0.4,-8.04,3.58,12.09,1.52,12.0,11.32,14.0,0.5,0.5,0.4,-4.05,0.31,5.86,0.53,12.0,5.96,14.0,0.5,0.5,0.4,991.37,1003.75,1013.89,1002.74,12.0,12.82,14.0,0.5,0.5,0.4,7.0,8.0,8.0,7.5,11.0,0.7,14.0,0.5,0.5,0.4,-109.7,13.8,157.6,0.4,12.0,209.6,14.0,0.5,0.5,0.4,-60.5,1.1,82.1,-5.2,12.0,82.7,14.0,0.5,0.5,0.4,0.57,2.0,2.94,1.76,8.0,1.57,16.0,0.4,0.5,0.4,5.0,23.9,59.8,28.0,8.0,29.7,16.0,0.4,0.5,0.4,0.68,1.22,1.8,1.19,8.0,0.66,16.0,0.4,0.5,0.4,6.4,15.4,26.8,15.3,8.0,10.2,16.0,0.4,0.5,0.4,-15.2,0.0,8.5,-2.1,10.0,11.2,16.0,0.4,0.5,0.5,0.0,0.0,10.0,2.1,10.0,11.2,16.0,0.4,0.5,0.5,-36.2,3.5,44.9,-2.0,8.0,48.0,16.0,0.4,0.5,0.4,-13.8,4.0,29.9,4.5,8.0,26.4,16.0,0.4,0.5,0.4,-12.4,4.6,18.0,3.5,8.0,15.9,16.0,0.4,0.5,0.4,-3.3,0.0,5.9,-0.8,8.0,10.3,16.0,0.4,0.5,0.4,63.5,1223.5,4206.5,2541.5,12.0,3638.0,14.0,0.5,0.5,0.4,65.0,1225.0,4205.0,2540.0,12.0,3640.0,14.0,0.5,0.5,0.4
1974,2,162.0,49.0,1.9,3.0,4.0,2.96,13.0,1.49,14.0,0.8,0.5,0.5,-1.0,0.0,4.0,1.21,14.0,2.38,14.0,0.9,0.5,0.5,2.8,3.16,3.64,3.3,13.0,0.84,14.0,0.9,0.5,0.6,63.5,81.3,91.7,77.6,13.0,14.2,14.0,0.9,0.6,5.14,7.95,12.86,8.78,14.0,4.15,14.0,0.9,0.5,0.5,-5.02,1.92,9.73,1.39,14.0,8.41,14.0,0.9,0.5,0.5,-7.11,-0.75,4.39,-1.05,14.0,5.12,14.0,0.9,0.5,0.5,998.35,1006.0,1011.12,1004.01,13.0,11.02,14.0,0.9,0.5,0.6,3.7,6.5,7.3,5.8,12.0,2.0,14.0,0.8,0.4,0.6,-28.0,8.4,124.1,13.9,14.0,119.2,14.0,0.9,0.5,0.5,-54.9,-2.2,30.5,-10.7,14.0,47.8,14.0,0.9,0.5,0.5,-1.23,1.0,4.37,1.66,13.0,2.74,14.0,0.8,0.5,0.5,-7.1,9.8,47.3,17.8,13.0,26.1,14.0,0.8,0.5,0.5,0.46,1.64,2.07,1.42,12.0,0.95,14.0,0.9,0.5,0.5,2.4,10.1,22.1,12.7,12.0,10.3,14.0,0.9,0.5,0.5,-24.3,-2.9,0.0,-11.9,14.0,20.1,14.0,0.9,0.5,0.5,-2.2,0.0,6.9,2.2,14.0,9.1,14.0,0.9,0.5,0.5,-17.5,5.9,26.4,0.4,13.0,33.6,14.0,0.9,0.5,0.6,-17.8,0.0,13.8,-2.4,13.0,18.2,14.0,0.9,0.5,0.6,-7.7,-0.2,17.5,4.4,12.0,13.0,14.0,0.9,0.5,0.5,-14.0,-1.2,4.4,-3.5,12.0,8.9,14.0,0.9,0.5,0.5,136.0,504.0,2128.5,1143.0,14.0,1565.5,14.0,0.9,0.5,0.5,135.0,505.0,2130.0,1145.0,14.0,1565.0,14.0,0.9,0.5,0.5
1974,2,162.0,50.0,-0.05,2.5,3.05,1.73,7.0,1.78,12.0,0.4,0.4,0.4,-1.05,0.5,3.07,1.0,7.0,2.38,12.0,0.4,0.4,0.4,2.76,3.75,4.25,3.59,6.0,0.96,14.0,0.3,0.4,0.4,70.7,87.0,94.1,83.1,6.0,15.0,14.0,0.3,0.4,2.55,8.2,13.14,8.6,7.0,5.7,12.0,0.4,0.4,0.4,-10.27,-4.65,1.61,-4.44,7.0,8.2,12.0,0.4,0.4,0.4,-3.06,0.0,5.11,0.16,7.0,5.33,12.0,0.4,0.4,0.4,1003.38,1004.0,1006.67,1005.01,7.0,2.89,12.0,0.4,0.4,0.4,2.0,7.0,7.0,5.6,7.0,2.5,12.0,0.4,0.4,0.4,-136.9,-43.2,4.9,-68.5,7.0,126.7,12.0,0.4,0.4,0.4,-25.5,0.0,41.4,6.2,7.0,56.0,12.0,0.4,0.4,0.4,-0.74,1.0,3.5,0.73,7.0,3.2,12.0,0.4,0.4,0.4,-2.9,7.7,29.6,9.0,7.0,32.5,12.0,0.4,0.4,0.4,-0.06,0.54,2.24,0.79,6.0,1.41,14.0,0.3,0.4,0.4,-1.6,4.2,13.3,7.3,6.0,16.6,14.0,0.3,0.4,0.4,-9.8,3.9,10.5,3.0,7.0,18.1,12.0,0.4,0.4,0.4,-5.3,1.0,16.3,3.2,7.0,11.6,12.0,0.4,0.4,0.4,-42.9,-12.2,11.8,-12.5,6.0,32.7,14.0,0.3,0.4,0.4,-6.2,1.5,20.9,6.1,6.0,17.0,14.0,0.3,0.4,0.4,-16.1,-4.6,-1.1,-9.8,6.0,14.6,14.0,0.3,0.4,0.4,-1.1,0.9,3.8,0.7,6.0,3.3,14.0,0.3,0.4,0.4,17.0,551.5,2323.0,1401.5,7.0,2082.5,12.0,0.4,0.4,0.4,15.0,550.0,2325.0,1400.0,7.0,2085.0,12.0,0.4,0.4,0.4
1974,2,162.0,51.0,3.16,3.5,3.84,3.5,2.0,0.71,16.0,1.0,0.3,0.0,1.32,2.0,2.68,2.0,2.0,1.41,16.0,1.0,0.3,0.0,3.53,3.86,4.19,3.86,2.0,0.68,16.0,1.0,0.3,0.0,82.2,86.1,90.0,86.1,2.0,8.1,16.0,1.0,0.0,6.58,9.75,12.92,9.75,2.0,6.58,16.0,1.0,0.3,0.0,-11.3,-8.79,-6.27,-8.79,2.0,5.21,16.0,1.0,0.3,0.0,1.14,3.6,6.06,3.6,2.0,5.09,16.0,1.0,0.3,0.0,983.89,992.25,1000.61,992.25,2.0,17.32,16.0,1.0,0.3,0.0,8.0,8.0,8.0,8.0,2.0,0.0,16.0,1.0,0.3,0.0,-155.2,-102.8,-50.4,-102.8,2.0,108.6,16.0,1.0,0.3,0.0,16.5,51.8,87.2,51.8,2.0,73.3,16.0,1.0,0.3,0.0,1.16,1.5,1.84,1.5,2.0,0.71,16.0,1.0,0.3,0.0,10.9,12.3,13.7,12.3,2.0,3.0,16.0,1.0,0.3,0.0,0.85,1.1,1.36,1.1,2.0,0.52,16.0,1.0,0.3,0.0,8.0,9.0,10.1,9.0,2.0,2.2,16.0,1.0,0.3,0.0,-32.3,-21.3,-10.2,-21.3,2.0,22.8,16.0,1.0,0.3,0.0,3.4,10.8,18.2,10.8,2.0,15.3,16.0,1.0,0.3,0.0,-48.3,-35.7,-23.1,-35.7,2.0,26.1,16.0,1.0,0.3,0.0,5.0,15.6,26.3,15.6,2.0,22.1,16.0,1.0,0.3,0.0,-8.9,-8.3,-7.8,-8.3,2.0,1.2,16.0,1.0,0.3,0.0,0.8,2.6,4.4,2.6,2.0,3.7,16.0,1.0,0.3,0.0,585.5,1559.5,2533.0,1559.5,2.0,2017.5,16.0,1.0,0.3,0.0,585.0,1560.0,2535.0,1560.0,2.0,2020.0,16.0,1.0,0.3,0.0
1974,2,162.0,52.0,1.27,4.0,5.37,3.33,3.0,3.06,22.0,0.7,0.3,0.3,-0.79,4.4,4.67,2.0,3.0,4.51,22.0,0.7,0.3,0.3,3.82,3.82,3.82,3.82,1.0,0.0,22.0,1.0,0.1,0.1,71.1,71.1,71.1,71.1,1.0,0.0,22.0,1.0,0.1,8.44,12.6,16.24,12.35,4.0,4.62,22.0,0.5,0.2,0.3,-12.13,0.86,11.99,-0.03,4.0,14.57,22.0,0.5,0.2,0.3,-1.4,1.23,3.74,1.17,4.0,3.25,22.0,0.5,0.2,0.3,1001.25,1001.8,1025.83,1013.27,3.0,20.56,22.0,0.7,0.3,0.3,7.0,7.0,7.7,7.3,3.0,0.6,22.0,0.7,0.3,0.3,-174.6,17.2,162.0,-5.2,4.0,221.5,22.0,0.5,0.2,0.3,-21.6,8.9,33.6,6.1,4.0,37.3,22.0,0.5,0.2,0.3,0.11,1.2,2.57,1.33,3.0,1.8,22.0,0.7,0.3,0.3,3.9,18.5,27.3,15.7,3.0,17.3,22.0,0.7,0.3,0.3,2.03,2.03,2.03,2.03,1.0,0.0,22.0,1.0,0.1,0.1,31.3,31.3,31.3,31.3,1.0,0.0,22.0,1.0,0.1,0.1,-28.9,-27.2,41.1,5.3,3.0,58.5,22.0,0.7,0.3,0.3,-14.8,-12.8,3.3,-5.9,3.0,14.6,22.0,0.7,0.3,0.3,58.0,58.0,58.0,58.0,1.0,0.0,22.0,1.0,0.1,0.1,-10.2,-10.2,-10.2,-10.2,1.0,0.0,22.0,1.0,0.1,0.1,30.8,30.8,30.8,30.8,1.0,0.0,22.0,1.0,0.1,0.1,-5.4,-5.4,-5.4,-5.4,1.0,0.0,22.0,1.0,0.1,0.1,643.5,2296.5,4313.0,2470.0,4.0,2168.0,22.0,0.5,0.2,0.3,645.0,2295.0,4315.0,2470.0,4.0,2170.0,22.0,0.5,0.2,0.3
1974,2,162.0,53.0,,,,,,,,,,,,,,,,,,,,,,,,,,,,,,,,,,,,,,,,8.41,13.15,17.89,13.15,2.0,9.83,18.0,0.5,0.3,0.3,-16.06,-9.98,-3.9,-9.98,2.0,12.59,18.0,0.5,0.3,0.3,-4.05,0.38,4.81,0.38,2.0,9.18,18.0,0.5,0.3,0.3,986.77,993.15,999.53,993.15,2.0,13.22,18.0,0.5,0.3,0.3,,,,,,,,,,,,,,,,,,,,,,,,,,,,,,,,,,,,,,,,,,,,,,,,,,,,,,,,,,,,,,,,,,,,,,,,,,,,,,,,,,,,,,,,,,,,,,,,,,,,,,,,,,,,,,,,,,,,,,,,,,,,,,,,,,,,,,,,,,,,,,,,,,,,,,
1974,2,162.0,54.0,,,,,,,,,,,,,,,,,,,,,,,,,,,,,,,,,,,,,,,,8.7,13.9,17.43,14.04,9.0,5.84,10.0,0.3,0.4,0.5,-12.72,-6.77,3.07,-5.06,9.0,8.93,10.0,0.3,0.4,0.5,-13.92,-7.95,2.84,-5.81,9.0,10.46,10.0,0.3,0.4,0.5,999.37,1007.7,1014.43,1007.18,9.0,9.75,10.0,0.3,0.4,0.5,,,,,,,,,,,,,,,,,,,,,,,,,,,,,,,,,,,,,,,,,,,,,,,,,,,,,,,,,,,,,,,,,,,,,,,,,,,,,,,,,,,,,,,,,,,,,,,,,,,,,,,,,,,,,,,,,,,,,,,,,,,,,,,,,,,,,,,,,,,,,,,,,,,,,,
1974,2,162.0,55.0,,,,,,,,,,,,,,,,,,,,,,,,,,,,,,,,,,,,,,,,10.06,14.45,17.94,13.12,14.0,5.0,14.0,0.7,0.5,0.4,-11.48,-6.05,-0.15,-5.64,14.0,7.49,14.0,0.7,0.5,0.4,-13.69,-8.76,5.2,-5.19,14.0,9.54,14.0,0.7,0.5,0.4,997.15,1006.15,1019.72,1008.07,16.0,10.34,12.0,0.6,0.5,0.4,,,,,,,,,,,,,,,,,,,,,,,,,,,,,,,,,,,,,,,,,,,,,,,,,,,,,,,,,,,,,,,,,,,,,,,,,,,,,,,,,,,,,,,,,,,,,,,,,,,,,,,,,,,,,,,,,,,,,,,,,,,,,,,,,,,,,,,,,,,,,,,,,,,,,,
1974,2,162.0,56.0,,,,,,,,,,,,,,,,,,,,,,,,,,,,,,,,,,,,,,,,2.1,8.45,11.8,7.49,22.0,5.99,16.0,1.0,0.5,0.2,-6.14,-0.89,4.37,-1.74,22.0,5.92,16.0,1.0,0.5,0.2,-10.2,-3.82,-0.12,-4.81,22.0,5.67,16.0,1.0,0.5,0.2,1002.85,1015.5,1020.79,1012.4,33.0,9.57,16.0,0.9,0.5,0.2,,,,,,,,,,,,,,,,,,,,,,,,,,,,,,,,,,,,,,,,,,,,,,,,,,,,,,,,,,,,,,,,,,,,,,,,,,,,,,,,,,,,,,,,,,,,,,,,,,,,,,,,,,,,,,,,,,,,,,,,,,,,,,,,,,,,,,,,,,,,,,,,,,,,,,
1974,2,162.0,59.0,,,,,,,,,,,,,,,,,,,,,,,,,,,,,,,,,,,,,,,,18.0,18.0,18.0,18.0,1.0,0.0,4.0,1.0,0.9,0.9,3.13,3.13,3.13,3.13,1.0,0.0,4.0,1.0,0.9,0.9,-17.73,-17.73,-17.73,-17.73,1.0,0.0,4.0,1.0,0.9,0.9,1008.7,1008.7,1008.7,1008.7,1.0,0.0,4.0,1.0,0.9,0.9,,,,,,,,,,,,,,,,,,,,,,,,,,,,,,,,,,,,,,,,,,,,,,,,,,,,,,,,,,,,,,,,,,,,,,,,,,,,,,,,,,,,,,,,,,,,,,,,,,,,,,,,,,,,,,,,,,,,,,,,,,,,,,,,,,,,,,,,,,,,,,,,,,,,,,
1974,2,163.0,-70.0,,,,,,,,,,,,,,,,,,,,,,,,,,,,,,,,,,,,,,,,11.8,11.8,11.8,11.8,1.0,0.0,10.0,1.0,0.1,0.3,11.8,11.8,11.8,11.8,1.0,0.0,10.0,1.0,0.1,0.3,0.0,0.0,0.0,0.0,1.0,0.0,10.0,1.0,0.1,0.3,973.2,973.2,973.2,973.2,1.0,0.0,10.0,1.0,0.1,0.3,,,,,,,,,,,,,,,,,,,,,,,,,,,,,,,,,,,,,,,,,,,,,,,,,,,,,,,,,,,,,,,,,,,,,,,,,,,,,,,,,,,,,,,,,,,,,,,,,,,,,,,,,,,,,,,,,,,,,,,,,,,,,,,,,,,,,,,,,,,,,,,,,,,,,,
1974,2,163.0,-69.0,,,,,,,,,,,,,,,,,,,,,,,,,,,,,,,,,,,,,,,,4.1,4.1,4.1,4.1,1.0,0.0,8.0,1.0,0.3,0.1,-3.55,-3.55,-3.55,-3.55,1.0,0.0,8.0,1.0,0.3,0.1,-2.05,-2.05,-2.05,-2.05,1.0,0.0,8.0,1.0,0.3,0.1,972.3,972.3,972.3,972.3,1.0,0.0,8.0,1.0,0.3,0.1,,,,,,,,,,,,,,,,,,,,,,,,,,,,,,,,,,,,,,,,,,,,,,,,,,,,,,,,,,,,,,,,,,,,,,,,,,,,,,,,,,,,,,,,,,,,,,,,,,,,,,,,,,,,,,,,,,,,,,,,,,,,,,,,,,,,,,,,,,,,,,,,,,,,,,
1974,2,163.0,-68.0,-0.1,-0.1,-0.1,-0.1,1.0,0.0,8.0,1.0,0.3,1.0,0.1,0.1,0.1,0.1,1.0,0.0,8.0,1.0,0.3,1.0,3.83,3.83,3.83,3.83,1.0,0.0,8.0,1.0,0.3,1.0,96.4,96.4,96.4,96.4,1.0,0.0,8.0,1.0,1.0,8.2,8.2,8.2,8.2,1.0,0.0,8.0,1.0,0.3,1.0,-6.28,-6.28,-6.28,-6.28,1.0,0.0,8.0,1.0,0.3,1.0,-5.27,-5.27,-5.27,-5.27,1.0,0.0,8.0,1.0,0.3,1.0,970.0,970.0,970.0,970.0,1.0,0.0,8.0,1.0,0.3,1.0,8.0,8.0,8.0,8.0,1.0,0.0,8.0,1.0,0.3,1.0,-51.5,-51.5,-51.5,-51.5,1.0,0.0,8.0,1.0,0.3,1.0,-43.2,-43.2,-43.2,-43.2,1.0,0.0,8.0,1.0,0.3,1.0,-0.2,-0.2,-0.2,-0.2,1.0,0.0,8.0,1.0,0.3,1.0,-1.6,-1.6,-1.6,-1.6,1.0,0.0,8.0,1.0,0.3,1.0,0.08,0.08,0.08,0.08,1.0,0.0,8.0,1.0,0.3,1.0,0.7,0.7,0.7,0.7,1.0,0.0,8.0,1.0,0.3,1.0,-0.6,-0.6,-0.6,-0.6,1.0,0.0,8.0,1.0,0.3,1.0,-0.5,-0.5,-0.5,-0.5,1.0,0.0,8.0,1.0,0.3,1.0,-24.1,-24.1,-24.1,-24.1,1.0,0.0,8.0,1.0,0.3,1.0,-20.2,-20.2,-20.2,-20.2,1.0,0.0,8.0,1.0,0.3,1.0,-0.5,-0.5,-0.5,-0.5,1.0,0.0,8.0,1.0,0.3,1.0,-0.4,-0.4,-0.4,-0.4,1.0,0.0,8.0,1.0,0.3,1.0,551.5,551.5,551.5,551.5,1.0,0.0,8.0,1.0,0.3,1.0,550.0,550.0,550.0,550.0,1.0,0.0,8.0,1.0,0.3,1.0
1974,2,163.0,-67.0,-1.0,-0.4,-0.1,-0.51,20.0,0.51,10.0,0.7,0.3,0.2,-2.19,-0.9,-0.2,-1.12,20.0,1.04,10.0,0.8,0.3,0.2,2.57,3.27,3.74,3.23,15.0,0.57,8.0,0.7,0.2,0.1,81.6,92.2,97.8,89.3,15.0,10.4,8.0,0.7,0.1,3.1,6.2,11.04,6.88,21.0,3.87,10.0,0.7,0.2,0.3,-5.22,0.0,9.69,0.98,21.0,7.01,10.0,0.7,0.2,0.3,-4.47,-0.45,2.68,-0.6,21.0,3.76,10.0,0.7,0.2,0.3,968.0,975.0,981.73,974.93,20.0,5.99,10.0,0.8,0.3,0.2,7.0,8.0,8.0,7.4,19.0,1.6,12.0,0.7,0.2,0.3,-32.5,0.0,107.5,21.0,21.0,78.0,10.0,0.7,0.2,0.3,-31.7,-1.0,8.3,-6.8,21.0,33.2,10.0,0.7,0.2,0.3,-0.24,0.3,1.99,0.64,19.0,1.2,8.0,0.7,0.3,0.2,-1.1,0.9,13.0,5.4,19.0,12.6,8.0,0.7,0.3,0.2,0.11,0.56,1.29,0.62,15.0,0.53,8.0,0.7,0.2,0.1,0.5,2.7,12.2,4.9,15.0,6.0,8.0,0.7,0.2,0.1,-8.1,0.0,3.7,-4.6,20.0,13.2,10.0,0.8,0.3,0.2,-1.9,0.0,1.4,-0.3,20.0,4.3,10.0,0.8,0.3,0.2,-21.7,-13.9,21.3,-4.0,15.0,22.1,8.0,0.7,0.2,0.1,-7.5,0.0,8.2,-1.0,15.0,7.8,8.0,0.7,0.2,0.1,-2.7,-0.4,11.9,2.3,15.0,7.2,8.0,0.7,0.2,0.1,-0.9,0.0,0.3,0.0,15.0,1.7,8.0,0.7,0.2,0.1,30.0,238.5,1355.5,642.0,21.0,860.5,10.0,0.7,0.2,0.3,30.0,240.0,1355.0,640.0,21.0,860.0,10.0,0.7,0.2,0.3
1974,2,163.0,-66.0,,,,,,,,,,,,,,,,,,,,,,,,,,,,,,,,,,,,,,,,4.08,6.4,8.72,6.4,2.0,4.81,16.0,0.5,0.0,0.1,-0.48,1.7,3.88,1.7,2.0,4.53,16.0,0.5,0.0,0.1,-6.73,-2.94,0.84,-2.94,2.0,7.84,16.0,0.5,0.0,0.1,982.12,982.8,983.48,982.8,2.0,1.41,16.0,0.5,0.0,0.1,,,,,,,,,,,,,,,,,,,,,,,,,,,,,,,,,,,,,,,,,,,,,,,,,,,,,,,,,,,,,,,,,,,,,,,,,,,,,,,,,,,,,,,,,,,,,,,,,,,,,,,,,,,,,,,,,,,,,,,,,,,,,,,,,,,,,,,,,,,,,,,,,,,,,,
1974,2,163.0,-65.0,,,,,,,,,,,,,,,,,,,,,,,,,,,,,,,,,,,,,,,,15.9,15.9,15.9,15.9,1.0,0.0,22.0,1.0,0.0,0.8,14.94,14.94,14.94,14.94,1.0,0.0,22.0,1.0,0.0,0.8,-5.44,-5.44,-5.44,-5.44,1.0,0.0,22.0,1.0,0.0,0.8,1000.7,1000.7,1000.7,1000.7,1.0,0.0,22.0,1.0,0.0,0.8,,,,,,,,,,,,,,,,,,,,,,,,,,,,,,,,,,,,,,,,,,,,,,,,,,,,,,,,,,,,,,,,,,,,,,,,,,,,,,,,,,,,,,,,,,,,,,,,,,,,,,,,,,,,,,,,,,,,,,,,,,,,,,,,,,,,,,,,,,,,,,,,,,,,,,
1974,2,163.0,-47.0,14.0,14.0,14.0,14.0,1.0,0.0,24.0,1.0,0.1,0.8,13.1,13.1,13.1,13.1,1.0,0.0,24.0,1.0,0.1,0.8,6.66,6.66,6.66,6.66,1.0,0.0,24.0,1.0,0.1,0.8,71.2,71.2,71.2,71.2,1.0,0.0,24.0,1.0,0.8,11.8,11.8,11.8,11.8,1.0,0.0,24.0,1.0,0.1,0.8,11.8,11.8,11.8,11.8,1.0,0.0,24.0,1.0,0.1,0.8,0.0,0.0,0.0,0.0,1.0,0.0,24.0,1.0,0.1,0.8,1010.2,1010.2,1010.2,1010.2,1.0,0.0,24.0,1.0,0.1,0.8,3.0,3.0,3.0,3.0,1.0,0.0,24.0,1.0,0.1,0.8,139.2,139.2,139.2,139.2,1.0,0.0,24.0,1.0,0.1,0.8,0.0,0.0,0.0,0.0,1.0,0.0,24.0,1.0,0.1,0.8,0.9,0.9,0.9,0.9,1.0,0.0,24.0,1.0,0.1,0.8,10.6,10.6,10.6,10.6,1.0,0.0,24.0,1.0,0.1,0.8,3.28,3.28,3.28,3.28,1.0,0.0,24.0,1.0,0.1,0.8,38.7,38.7,38.7,38.7,1.0,0.0,24.0,1.0,0.1,0.8,154.6,154.6,154.6,154.6,1.0,0.0,24.0,1.0,0.1,0.8,0.0,0.0,0.0,0.0,1.0,0.0,24.0,1.0,0.1,0.8,78.6,78.6,78.6,78.6,1.0,0.0,24.0,1.0,0.1,0.8,0.0,0.0,0.0,0.0,1.0,0.0,24.0,1.0,0.1,0.8,38.7,38.7,38.7,38.7,1.0,0.0,24.0,1.0,0.1,0.8,0.0,0.0,0.0,0.0,1.0,0.0,24.0,1.0,0.1,0.8,1643.0,1643.0,1643.0,1643.0,1.0,0.0,24.0,1.0,0.1,0.8,1645.0,1645.0,1645.0,1645.0,1.0,0.0,24.0,1.0,0.1,0.8
1974,2,163.0,-46.0,14.66,15.0,15.68,15.17,3.0,0.76,16.0,0.7,0.3,0.6,13.95,16.0,16.0,15.0,3.0,1.73,16.0,0.7,0.3,0.6,8.11,9.18,10.67,9.39,3.0,1.89,16.0,0.7,0.3,0.6,77.8,100.0,100.0,89.2,3.0,18.7,16.0,0.7,0.6,4.73,9.3,9.98,7.4,3.0,4.19,16.0,0.7,0.3,0.6,-1.67,0.0,6.92,2.57,3.0,6.67,16.0,0.7,0.3,0.6,-6.92,-1.79,0.04,-3.4,3.0,5.28,16.0,0.7,0.3,0.6,1007.69,1012.2,1020.25,1013.93,3.0,9.32,16.0,0.7,0.3,0.6,4.3,5.0,7.0,5.7,3.0,2.1,16.0,0.7,0.3,0.6,-4.3,0.0,71.3,32.7,3.0,62.2,16.0,0.7,0.3,0.6,-64.9,-18.4,-4.3,-34.2,3.0,46.5,16.0,0.7,0.3,0.6,-0.68,0.0,1.02,0.17,3.0,1.26,16.0,0.7,0.3,0.6,-7.0,0.0,2.7,-2.1,3.0,7.3,16.0,0.7,0.3,0.6,0.3,0.95,2.33,1.31,3.0,1.52,16.0,0.7,0.3,0.6,0.8,2.5,21.7,11.0,3.0,17.0,16.0,0.7,0.3,0.6,-21.7,0.0,110.8,43.5,3.0,104.1,16.0,0.7,0.3,0.6,-110.7,-28.6,-1.2,-55.3,3.0,83.4,16.0,0.7,0.3,0.6,-15.3,0.0,52.7,18.3,3.0,52.3,16.0,0.7,0.3,0.6,-76.5,-13.6,1.3,-37.1,3.0,60.5,16.0,0.7,0.3,0.6,-1.6,0.0,20.6,9.3,3.0,18.1,16.0,0.7,0.3,0.6,-3.6,0.0,0.6,-1.5,3.0,3.3,16.0,0.7,0.3,0.6,267.5,804.5,1001.0,638.0,3.0,556.5,16.0,0.7,0.3,0.6,265.0,805.0,1000.0,640.0,3.0,555.0,16.0,0.7,0.3,0.6
1974,2,163.0,-41.0,17.86,18.0,18.0,17.93,3.0,0.12,10.0,0.3,0.2,0.4,17.76,19.4,20.49,19.13,3.0,2.01,10.0,0.3,0.2,0.4,9.96,10.46,10.96,10.46,2.0,1.04,12.0,0.5,0.4,0.5,74.4,77.3,80.1,77.3,2.0,5.9,12.0,0.5,0.5,6.91,9.0,10.3,8.63,4.0,2.03,10.0,0.5,0.3,0.6,-3.95,-1.32,3.05,-0.49,4.0,4.71,10.0,0.5,0.3,0.6,2.33,8.08,9.64,6.08,4.0,5.61,10.0,0.5,0.3,0.6,1013.59,1018.5,1020.14,1016.9,3.0,5.0,10.0,0.3,0.2,0.4,4.9,7.5,8.0,6.5,4.0,2.4,10.0,0.5,0.3,0.6,-37.4,-10.1,18.9,-9.3,4.0,37.3,10.0,0.5,0.3,0.6,19.6,73.8,99.3,60.1,4.0,53.3,10.0,0.5,0.3,0.6,-2.56,-1.6,0.17,-1.2,3.0,2.03,10.0,0.3,0.2,0.4,-18.9,-9.9,3.9,-7.6,3.0,16.8,10.0,0.3,0.2,0.4,1.76,2.27,2.78,2.27,2.0,1.06,12.0,0.5,0.4,0.5,14.8,21.4,28.1,21.4,2.0,13.7,12.0,0.5,0.4,0.5,-77.3,-55.3,59.6,-9.9,3.0,107.7,10.0,0.3,0.2,0.4,20.1,151.6,151.9,87.5,3.0,111.4,10.0,0.3,0.2,0.4,-46.8,-39.8,-32.8,-39.8,2.0,14.6,12.0,0.5,0.4,0.5,81.9,83.9,85.9,83.9,2.0,4.1,12.0,0.5,0.4,0.5,-13.7,-9.8,-5.9,-9.8,2.0,8.2,12.0,0.5,0.4,0.5,13.6,19.0,24.4,19.0,2.0,11.3,12.0,0.5,0.4,0.5,342.0,774.5,1092.5,720.0,4.0,439.5,10.0,0.5,0.3,0.6,340.0,775.0,1095.0,720.0,4.0,440.0,10.0,0.5,0.3,0.6
1974,2,163.0,-40.0,19.43,19.5,19.57,19.5,3.0,0.1,20.0,0.3,0.5,0.1,16.16,16.5,18.41,17.27,3.0,1.78,20.0,0.3,0.5,0.1,9.67,9.9,11.76,10.7,3.0,1.68,20.0,0.3,0.5,0.1,85.1,85.2,89.2,87.1,3.0,3.4,20.0,0.3,0.1,4.56,7.7,9.47,7.03,3.0,3.65,20.0,0.3,0.5,0.1,-0.72,0.0,5.18,2.17,3.0,4.71,20.0,0.3,0.5,0.1,-1.56,1.34,7.46,2.91,3.0,6.75,20.0,0.3,0.5,0.1,1014.48,1015.5,1016.52,1015.5,3.0,1.5,20.0,0.3,0.5,0.1,6.3,7.0,7.7,7.0,3.0,1.0,20.0,0.3,0.5,0.1,-2.2,0.0,39.9,18.4,3.0,34.7,20.0,0.3,0.5,0.1,-2.9,10.3,75.7,35.8,3.0,61.6,20.0,0.3,0.5,0.1,1.13,2.9,3.31,2.23,3.0,1.7,20.0,0.3,0.5,0.1,7.7,22.3,31.7,19.8,3.0,17.7,20.0,0.3,0.5,0.1,2.34,4.09,4.36,3.36,3.0,1.61,20.0,0.3,0.5,0.1,13.2,31.5,41.5,27.5,3.0,21.0,20.0,0.3,0.5,0.1,-14.0,0.0,85.4,34.9,3.0,78.8,20.0,0.3,0.5,0.1,-31.4,22.1,119.5,43.5,3.0,112.1,20.0,0.3,0.5,0.1,-9.1,0.0,51.3,20.6,3.0,47.7,20.0,0.3,0.5,0.1,-20.9,13.2,71.4,25.0,3.0,68.4,20.0,0.3,0.5,0.1,-1.1,0.0,21.2,9.8,3.0,18.4,20.0,0.3,0.5,0.1,-1.3,5.5,33.3,15.7,3.0,26.8,20.0,0.3,0.5,0.1,165.0,456.5,891.0,526.5,3.0,535.0,20.0,0.3,0.5,0.1,165.0,455.0,890.0,525.0,3.0,535.0,20.0,0.3,0.5,0.1
1974,2,163.0,-39.0,18.15,18.9,19.65,18.9,2.0,1.56,14.0,1.0,0.3,0.5,17.99,18.4,18.81,18.4,2.0,0.85,14.0,1.0,0.3,0.5,9.39,9.58,9.77,9.58,2.0,0.39,14.0,1.0,0.3,0.5,73.0,73.6,74.2,73.6,2.0,1.2,14.0,1.0,0.5,3.25,4.65,6.05,4.65,2.0,2.9,14.0,1.0,0.3,0.5,-1.71,-0.54,0.62,-0.54,2.0,2.41,14.0,1.0,0.3,0.5,2.14,3.95,5.76,3.95,2.0,3.75,14.0,1.0,0.3,0.5,1019.75,1021.35,1022.95,1021.35,2.0,3.32,14.0,1.0,0.3,0.5,8.0,8.0,8.0,8.0,2.0,0.0,14.0,1.0,0.3,0.5,-3.7,1.0,5.6,1.0,2.0,9.7,14.0,1.0,0.3,0.5,9.9,23.8,37.7,23.8,2.0,28.9,14.0,1.0,0.3,0.5,0.16,0.5,0.84,0.5,2.0,0.71,14.0,1.0,0.3,0.5,1.1,3.4,5.6,3.4,2.0,4.7,14.0,1.0,0.3,0.5,3.44,3.91,4.38,3.91,2.0,0.98,14.0,1.0,0.3,0.5,11.9,19.6,27.3,19.6,2.0,15.9,14.0,1.0,0.3,0.5,-30.2,-9.0,12.2,-9.0,2.0,44.0,14.0,1.0,0.3,0.5,39.4,74.3,109.1,74.3,2.0,72.3,14.0,1.0,0.3,0.5,-15.8,-4.7,6.3,-4.7,2.0,22.9,14.0,1.0,0.3,0.5,20.5,38.6,56.6,38.6,2.0,37.4,14.0,1.0,0.3,0.5,-5.2,-0.9,3.4,-0.9,2.0,8.9,14.0,1.0,0.3,0.5,8.3,17.3,26.2,17.3,2.0,18.5,14.0,1.0,0.3,0.5,62.5,159.0,256.0,159.0,2.0,200.0,14.0,1.0,0.3,0.5,65.0,160.0,255.0,160.0,2.0,200.0,14.0,1.0,0.3,0.5
1974,2,163.0,-38.0,21.0,21.45,21.95,21.48,4.0,0.55,12.0,0.0,0.4,0.7,18.86,19.9,20.37,19.63,4.0,1.15,12.0,0.0,0.4,0.7,10.38,11.52,13.58,11.96,4.0,2.19,12.0,0.0,0.4,0.7,77.1,80.2,90.9,83.8,4.0,10.0,12.0,0.0,0.7,5.6,8.0,9.82,7.73,4.0,2.58,12.0,0.0,0.4,0.7,-4.67,0.79,5.33,0.35,4.0,7.26,12.0,0.0,0.4,0.7,0.39,4.74,5.96,3.25,4.0,4.4,12.0,0.0,0.4,0.7,1010.29,1012.85,1017.82,1014.0,4.0,4.74,12.0,0.0,0.4,0.7,2.4,5.0,7.0,4.8,4.0,3.0,12.0,0.0,0.4,0.7,-48.1,3.6,46.0,-0.8,4.0,70.9,12.0,0.0,0.4,0.7,-6.0,32.4,49.2,22.1,4.0,37.2,12.0,0.0,0.4,0.7,1.2,1.6,2.52,1.85,4.0,0.85,12.0,0.0,0.4,0.7,10.1,11.8,16.4,13.2,4.0,4.8,12.0,0.0,0.4,0.7,2.88,4.46,5.02,3.98,4.0,1.75,12.0,0.0,0.4,0.7,17.6,28.7,39.4,28.5,4.0,12.8,12.0,0.0,0.4,0.7,-96.7,15.7,105.6,5.0,4.0,147.1,12.0,0.0,0.4,0.7,8.2,96.5,113.9,62.7,4.0,84.9,12.0,0.0,0.4,0.7,-69.9,9.5,59.3,-4.6,4.0,95.3,12.0,0.0,0.4,0.7,6.5,59.0,71.7,40.0,4.0,51.0,12.0,0.0,0.4,0.7,-6.8,3.5,23.8,8.3,4.0,22.1,12.0,0.0,0.4,0.7,-3.9,13.4,28.5,12.4,4.0,21.5,12.0,0.0,0.4,0.7,194.0,552.5,955.5,574.0,4.0,456.0,12.0,0.0,0.4,0.7,195.0,555.0,955.0,575.0,4.0,455.0,12.0,0.0,0.4,0.7
1974,2,163.0,-37.0,20.0,21.05,22.27,21.23,6.0,1.26,12.0,0.5,0.6,0.8,20.95,21.85,23.0,21.82,6.0,1.14,12.0,0.5,0.6,0.8,9.48,12.51,15.15,12.45,6.0,2.96,12.0,0.5,0.6,0.8,58.2,79.0,95.7,77.2,6.0,20.1,12.0,0.5,0.8,3.39,7.75,10.21,7.22,6.0,3.67,12.0,0.5,0.6,0.8,-7.44,1.47,6.29,-0.21,6.0,7.6,12.0,0.5,0.6,0.8,-3.58,-0.62,2.64,-0.75,6.0,4.17,12.0,0.5,0.6,0.8,1011.49,1012.7,1014.58,1013.1,6.0,2.13,12.0,0.5,0.6,0.8,1.8,3.0,8.0,4.2,6.0,3.1,12.0,0.5,0.6,0.8,-77.7,5.5,44.1,-13.2,6.0,76.5,12.0,0.5,0.6,0.8,-20.5,-2.2,19.4,-4.7,6.0,38.4,12.0,0.5,0.6,0.8,-1.92,-1.35,1.23,-0.58,6.0,1.72,12.0,0.5,0.6,0.8,-13.2,-8.3,6.3,-6.0,6.0,11.9,12.0,0.5,0.6,0.8,1.71,3.2,5.42,3.29,6.0,3.17,12.0,0.5,0.6,0.8,1.5,18.5,39.4,21.4,6.0,32.6,12.0,0.5,0.6,0.8,-168.6,34.1,133.6,-8.1,6.0,165.0,12.0,0.5,0.6,0.8,-78.7,-14.2,55.7,-19.4,6.0,91.7,12.0,0.5,0.6,0.8,-83.7,17.3,66.1,-9.2,6.0,105.8,12.0,0.5,0.6,0.8,-43.6,-7.5,28.6,-6.4,6.0,44.0,12.0,0.5,0.6,0.8,-11.2,16.4,23.8,5.5,6.0,28.7,12.0,0.5,0.6,0.8,-18.2,-2.1,10.6,-8.0,6.0,26.0,12.0,0.5,0.6,0.8,40.5,521.5,1086.0,615.0,6.0,636.0,12.0,0.5,0.6,0.8,40.0,520.0,1085.0,615.0,6.0,635.0,12.0,0.5,0.6,0.8
1974,2,163.0,-36.0,20.92,20.95,20.98,20.95,2.0,0.07,10.0,0.5,0.5,0.2,20.49,21.1,21.71,21.1,2.0,1.27,10.0,0.5,0.5,0.2,10.97,13.08,15.19,13.08,2.0,4.38,10.0,0.5,0.5,0.2,73.1,83.3,93.5,83.3,2.0,21.1,10.0,0.5,0.2,9.46,9.8,10.14,9.8,2.0,0.71,10.0,0.5,0.5,0.2,-1.86,0.98,3.83,0.98,2.0,5.89,10.0,0.5,0.5,0.2,-6.12,-0.09,5.94,-0.09,2.0,12.49,10.0,0.5,0.5,0.2,1013.33,1015.55,1017.77,1015.55,2.0,4.6,10.0,0.5,0.5,0.2,8.0,8.0,8.0,8.0,2.0,0.0,10.0,0.5,0.5,0.2,-16.5,11.7,39.9,11.7,2.0,58.4,10.0,0.5,0.5,0.2,-64.4,-5.3,53.8,-5.3,2.0,122.4,10.0,0.5,0.5,0.2,-0.73,-0.15,0.43,-0.15,2.0,1.2,10.0,0.5,0.5,0.2,-7.6,-1.9,3.8,-1.9,2.0,11.9,10.0,0.5,0.5,0.2,0.27,2.31,4.36,2.31,2.0,4.24,10.0,0.5,0.5,0.2,1.9,21.2,40.4,21.2,2.0,39.9,10.0,0.5,0.5,0.2,-36.1,24.5,85.1,24.5,2.0,125.5,10.0,0.5,0.5,0.2,-137.1,-9.9,117.4,-9.9,2.0,263.6,10.0,0.5,0.5,0.2,-13.5,25.8,65.0,25.8,2.0,81.4,10.0,0.5,0.5,0.2,-107.5,-28.5,50.5,-28.5,2.0,163.7,10.0,0.5,0.5,0.2,-14.8,-10.2,-5.7,-10.2,2.0,9.4,10.0,0.5,0.5,0.2,12.5,26.3,40.0,26.3,2.0,28.5,10.0,0.5,0.5,0.2,850.0,948.5,1047.0,948.5,2.0,204.0,10.0,0.5,0.5,0.2,850.0,950.0,1045.0,950.0,2.0,205.0,10.0,0.5,0.5,0.2
1974,2,163.0,-35.0,21.59,23.0,23.65,22.72,6.0,1.65,20.0,0.5,0.5,0.8,20.38,22.0,23.65,21.88,6.0,2.35,20.0,0.5,0.5,0.8,11.18,12.03,14.63,12.69,6.0,1.81,20.0,0.5,0.5,0.8,69.3,74.3,88.4,78.0,6.0,10.6,20.0,0.5,0.8,6.52,10.3,12.3,9.56,5.0,2.96,20.0,0.6,0.5,0.8,-6.88,-4.21,0.39,-3.47,5.0,3.9,20.0,0.6,0.5,0.8,4.71,9.42,10.76,7.94,5.0,3.75,20.0,0.6,0.5,0.8,1006.4,1018.85,1020.72,1014.72,6.0,8.19,20.0,0.5,0.5,0.8,3.4,6.0,8.0,5.5,6.0,2.7,20.0,0.5,0.5,0.8,-68.4,-42.2,2.4,-36.9,5.0,42.3,20.0,0.6,0.5,0.8,29.6,106.1,125.5,83.5,5.0,54.1,20.0,0.6,0.5,0.8,-2.0,1.0,3.21,0.83,6.0,2.56,20.0,0.5,0.5,0.8,-16.0,24.6,29.2,10.5,5.0,25.7,20.0,0.6,0.5,0.8,2.75,4.18,6.15,4.55,6.0,2.36,20.0,0.5,0.5,0.8,24.9,32.9,60.9,43.5,5.0,34.7,20.0,0.6,0.5,0.8,-163.4,-88.3,7.1,-80.1,5.0,88.3,20.0,0.6,0.5,0.8,90.7,207.3,232.5,168.8,5.0,80.9,20.0,0.6,0.5,0.8,-91.5,-60.8,4.4,-46.8,5.0,50.2,20.0,0.6,0.5,0.8,55.8,105.5,136.6,98.9,5.0,50.3,20.0,0.6,0.5,0.8,-32.4,-12.4,2.1,-17.2,5.0,28.8,20.0,0.6,0.5,0.8,21.7,32.4,50.6,36.4,5.0,26.9,20.0,0.6,0.5,0.8,278.0,1092.5,1861.0,1070.5,5.0,796.0,20.0,0.6,0.5,0.8,280.0,1095.0,1860.0,1070.0,5.0,795.0,20.0,0.6,0.5,0.8
1974,2,163.0,-34.0,24.0,24.0,24.0,24.0,1.0,0.0,4.0,0.0,0.8,0.5,23.0,23.0,23.0,23.0,1.0,0.0,4.0,0.0,0.8,0.5,16.75,16.75,16.75,16.75,1.0,0.0,4.0,0.0,0.8,0.5,95.8,95.8,95.8,95.8,1.0,0.0,4.0,0.0,0.5,2.6,2.6,2.6,2.6,1.0,0.0,4.0,0.0,0.8,0.5,0.0,0.0,0.0,0.0,1.0,0.0,4.0,0.0,0.8,0.5,-2.6,-2.6,-2.6,-2.6,1.0,0.0,4.0,0.0,0.8,0.5,1014.6,1014.6,1014.6,1014.6,1.0,0.0,4.0,0.0,0.8,0.5,8.0,8.0,8.0,8.0,1.0,0.0,4.0,0.0,0.8,0.5,0.0,0.0,0.0,0.0,1.0,0.0,4.0,0.0,0.8,0.5,-6.8,-6.8,-6.8,-6.8,1.0,0.0,4.0,0.0,0.8,0.5,1.0,1.0,1.0,1.0,1.0,0.0,4.0,0.0,0.8,0.5,2.6,2.6,2.6,2.6,1.0,0.0,4.0,0.0,0.8,0.5,1.84,1.84,1.84,1.84,1.0,0.0,4.0,0.0,0.8,0.5,4.8,4.8,4.8,4.8,1.0,0.0,4.0,0.0,0.8,0.5,0.0,0.0,0.0,0.0,1.0,0.0,4.0,0.0,0.8,0.5,-59.8,-59.8,-59.8,-59.8,1.0,0.0,4.0,0.0,0.8,0.5,0.0,0.0,0.0,0.0,1.0,0.0,4.0,0.0,0.8,0.5,-43.5,-43.5,-43.5,-43.5,1.0,0.0,4.0,0.0,0.8,0.5,0.0,0.0,0.0,0.0,1.0,0.0,4.0,0.0,0.8,0.5,-4.8,-4.8,-4.8,-4.8,1.0,0.0,4.0,0.0,0.8,0.5,17.5,17.5,17.5,17.5,1.0,0.0,4.0,0.0,0.8,0.5,20.0,20.0,20.0,20.0,1.0,0.0,4.0,0.0,0.8,0.5
1974,2,163.0,-32.0,20.7,22.2,23.7,22.2,2.0,3.11,10.0,0.5,0.5,0.4,23.15,23.9,24.65,23.9,2.0,1.56,10.0,0.5,0.5,0.4,15.19,15.36,15.52,15.36,2.0,0.34,10.0,0.5,0.5,0.4,79.9,82.9,86.0,82.9,2.0,6.3,10.0,0.5,0.4,11.36,13.65,15.94,13.65,2.0,4.74,10.0,0.5,0.5,0.4,-14.64,-10.13,-5.62,-10.13,2.0,9.35,10.0,0.5,0.5,0.4,4.02,6.32,8.61,6.32,2.0,4.76,10.0,0.5,0.5,0.4,1006.2,1008.55,1010.91,1008.55,2.0,4.88,10.0,0.5,0.5,0.4,7.2,7.5,7.8,7.5,2.0,0.7,10.0,0.5,0.5,0.4,-245.2,-160.4,-75.7,-160.4,2.0,175.6,10.0,0.5,0.5,0.4,58.0,74.9,91.8,74.9,2.0,35.0,10.0,0.5,0.5,0.4,-3.95,-1.7,0.55,-1.7,2.0,4.67,10.0,0.5,0.5,0.4,-68.9,-34.3,0.4,-34.3,2.0,71.8,10.0,0.5,0.5,0.4,-0.16,1.52,3.2,1.52,2.0,3.48,10.0,0.5,0.5,0.4,-7.0,12.5,31.9,12.5,2.0,40.3,10.0,0.5,0.5,0.4,-364.9,-249.4,-134.0,-249.4,2.0,239.2,10.0,0.5,0.5,0.4,97.1,147.2,197.4,147.2,2.0,103.9,10.0,0.5,0.5,0.4,-228.2,-157.2,-86.2,-157.2,2.0,147.0,10.0,0.5,0.5,0.4,62.0,96.2,130.4,96.2,2.0,70.9,10.0,0.5,0.5,0.4,-9.3,0.9,11.1,0.9,2.0,21.1,10.0,0.5,0.5,0.4,3.8,17.9,31.9,17.9,2.0,29.2,10.0,0.5,0.5,0.4,1699.0,3003.0,4306.5,3003.0,2.0,2701.5,10.0,0.5,0.5,0.4,1700.0,3005.0,4305.0,3005.0,2.0,2700.0,10.0,0.5,0.5,0.4
1974,2,163.0,-30.0,21.96,23.8,23.94,22.97,3.0,1.62,4.0,0.7,0.4,0.5,21.82,24.0,25.37,23.6,3.0,2.62,4.0,0.7,0.4,0.5,15.45,16.35,16.51,15.99,3.0,0.83,4.0,0.7,0.4,0.5,81.6,88.0,95.0,88.3,3.0,9.8,4.0,0.7,0.5,6.36,6.7,7.04,6.7,3.0,0.5,4.0,0.7,0.4,0.5,-5.77,-3.99,-2.95,-4.35,3.0,2.09,4.0,0.7,0.4,0.5,0.71,4.75,6.13,3.45,3.0,4.12,4.0,0.7,0.4,0.5,1007.46,1010.8,1012.98,1010.23,3.0,4.08,4.0,0.7,0.4,0.5,5.6,7.0,7.7,6.7,3.0,1.5,4.0,0.7,0.4,0.5,-38.0,-24.7,-19.9,-28.9,3.0,13.7,4.0,0.7,0.4,0.5,4.0,29.4,42.6,23.5,3.0,28.7,4.0,0.7,0.4,0.5,-1.43,-0.2,0.14,-0.63,3.0,1.21,4.0,0.7,0.4,0.5,-8.9,-1.3,1.0,-3.9,3.0,7.6,4.0,0.7,0.4,0.5,1.03,2.02,2.12,1.58,3.0,0.88,4.0,0.7,0.4,0.5,7.1,13.4,13.5,10.3,3.0,5.4,4.0,0.7,0.4,0.5,-141.0,-103.6,-67.9,-104.4,3.0,53.6,4.0,0.7,0.4,0.5,20.1,123.5,135.3,78.8,3.0,92.8,4.0,0.7,0.4,0.5,-94.6,-66.1,-46.3,-70.3,3.0,35.6,4.0,0.7,0.4,0.5,12.0,78.8,94.4,53.8,3.0,64.1,4.0,0.7,0.4,0.5,-11.8,-8.6,-3.7,-7.8,3.0,6.0,4.0,0.7,0.4,0.5,-0.4,3.9,8.2,3.9,3.0,6.3,4.0,0.7,0.4,0.5,258.0,301.0,350.0,304.0,3.0,67.5,4.0,0.7,0.4,0.5,260.0,300.0,350.0,305.0,3.0,70.0,4.0,0.7,0.4,0.5
1974,2,163.0,-29.0,24.7,24.7,24.7,24.7,2.0,0.0,12.0,0.0,0.2,1.0,24.8,24.8,24.8,24.8,1.0,0.0,12.0,0.0,0.2,1.0,14.77,14.77,14.77,14.77,1.0,0.0,12.0,0.0,0.2,1.0,75.6,75.6,75.6,75.6,1.0,0.0,12.0,0.0,1.0,7.7,7.7,7.7,7.7,1.0,0.0,12.0,0.0,0.2,1.0,-1.34,-1.34,-1.34,-1.34,1.0,0.0,12.0,0.0,0.2,1.0,-7.58,-7.58,-7.58,-7.58,1.0,0.0,12.0,0.0,0.2,1.0,1010.3,1010.3,1010.3,1010.3,1.0,0.0,12.0,0.0,0.2,1.0,2.0,2.0,2.0,2.0,1.0,0.0,12.0,0.0,0.2,1.0,-10.3,-10.3,-10.3,-10.3,1.0,0.0,12.0,0.0,0.2,1.0,-58.4,-58.4,-58.4,-58.4,1.0,0.0,12.0,0.0,0.2,1.0,-0.1,-0.1,-0.1,-0.1,1.0,0.0,12.0,0.0,0.2,1.0,-0.8,-0.8,-0.8,-0.8,1.0,0.0,12.0,0.0,0.2,1.0,4.71,4.71,4.71,4.71,1.0,0.0,12.0,0.0,0.2,1.0,36.2,36.2,36.2,36.2,1.0,0.0,12.0,0.0,0.2,1.0,-33.2,-33.2,-33.2,-33.2,1.0,0.0,12.0,0.0,0.2,1.0,-188.1,-188.1,-188.1,-188.1,1.0,0.0,12.0,0.0,0.2,1.0,-19.7,-19.7,-19.7,-19.7,1.0,0.0,12.0,0.0,0.2,1.0,-112.0,-112.0,-112.0,-112.0,1.0,0.0,12.0,0.0,0.2,1.0,-6.3,-6.3,-6.3,-6.3,1.0,0.0,12.0,0.0,0.2,1.0,-35.7,-35.7,-35.7,-35.7,1.0,0.0,12.0,0.0,0.2,1.0,456.5,456.5,456.5,456.5,1.0,0.0,12.0,0.0,0.2,1.0,455.0,455.0,455.0,455.0,1.0,0.0,12.0,0.0,0.2,1.0
1974,2,163.0,-28.0,25.7,25.7,25.7,25.7,4.0,0.0,10.0,1.0,0.5,0.6,26.4,26.4,26.4,26.4,1.0,0.0,12.0,1.0,0.9,0.5,16.08,16.08,16.08,16.08,1.0,0.0,12.0,1.0,0.9,0.5,74.9,74.9,74.9,74.9,1.0,0.0,12.0,1.0,0.5,1.5,1.5,5.73,3.57,3.0,3.58,10.0,1.0,0.4,0.6,-2.79,-0.51,-0.51,-1.63,3.0,1.93,10.0,1.0,0.4,0.6,-4.1,1.41,1.41,-1.28,3.0,4.66,10.0,1.0,0.4,0.6,1012.03,1012.1,1012.1,1012.07,3.0,0.06,10.0,1.0,0.4,0.6,3.0,3.0,5.7,4.3,3.0,2.3,10.0,1.0,0.4,0.6,-20.5,-0.8,-0.8,-10.4,3.0,16.7,10.0,1.0,0.4,0.6,-34.4,2.1,2.1,-15.7,3.0,30.9,10.0,1.0,0.4,0.6,-0.7,-0.7,-0.7,-0.7,1.0,0.0,12.0,1.0,0.9,0.5,-5.4,-5.4,-5.4,-5.4,1.0,0.0,12.0,1.0,0.9,0.5,4.57,4.57,4.57,4.57,1.0,0.0,12.0,1.0,0.9,0.5,35.2,35.2,35.2,35.2,1.0,0.0,12.0,1.0,0.9,0.5,-101.6,-101.6,-101.6,-101.6,1.0,0.0,12.0,1.0,0.9,0.5,-176.0,-176.0,-176.0,-176.0,1.0,0.0,12.0,1.0,0.9,0.5,-61.9,-61.9,-61.9,-61.9,1.0,0.0,12.0,1.0,0.9,0.5,-107.2,-107.2,-107.2,-107.2,1.0,0.0,12.0,1.0,0.9,0.5,-17.6,-17.6,-17.6,-17.6,1.0,0.0,12.0,1.0,0.9,0.5,-30.5,-30.5,-30.5,-30.5,1.0,0.0,12.0,1.0,0.9,0.5,3.5,3.5,312.5,154.5,3.0,261.5,10.0,1.0,0.4,0.6,5.0,5.0,315.0,155.0,3.0,260.0,10.0,1.0,0.4,0.6
1974,2,163.0,-27.0,25.77,26.15,26.53,26.15,2.0,0.78,18.0,0.5,0.8,0.4,25.26,25.6,25.94,25.6,2.0,0.71,18.0,0.5,0.8,0.4,17.84,18.38,18.93,18.38,2.0,1.12,18.0,0.5,0.8,0.4,88.6,89.5,90.5,89.5,2.0,2.0,18.0,0.5,0.4,3.1,3.1,3.1,3.1,1.0,0.0,16.0,1.0,0.9,0.5,-2.68,-2.68,-2.68,-2.68,1.0,0.0,16.0,1.0,0.9,0.5,1.55,1.55,1.55,1.55,1.0,0.0,16.0,1.0,0.9,0.5,1009.13,1010.9,1012.67,1010.9,2.0,3.68,18.0,0.5,0.8,0.4,2.3,3.0,3.7,3.0,2.0,1.4,18.0,0.5,0.8,0.4,-8.3,-8.3,-8.3,-8.3,1.0,0.0,16.0,1.0,0.9,0.5,4.8,4.8,4.8,4.8,1.0,0.0,16.0,1.0,0.9,0.5,0.52,0.55,0.58,0.55,2.0,0.07,18.0,0.5,0.8,0.4,1.9,1.9,1.9,1.9,1.0,0.0,16.0,1.0,0.9,0.5,2.76,2.86,2.96,2.86,2.0,0.21,18.0,0.5,0.8,0.4,8.4,8.4,8.4,8.4,1.0,0.0,16.0,1.0,0.9,0.5,-70.1,-70.1,-70.1,-70.1,1.0,0.0,16.0,1.0,0.9,0.5,40.5,40.5,40.5,40.5,1.0,0.0,16.0,1.0,0.9,0.5,-51.5,-51.5,-51.5,-51.5,1.0,0.0,16.0,1.0,0.9,0.5,29.7,29.7,29.7,29.7,1.0,0.0,16.0,1.0,0.9,0.5,-7.3,-7.3,-7.3,-7.3,1.0,0.0,16.0,1.0,0.9,0.5,4.2,4.2,4.2,4.2,1.0,0.0,16.0,1.0,0.9,0.5,30.0,30.0,30.0,30.0,1.0,0.0,16.0,1.0,0.9,0.5,30.0,30.0,30.0,30.0,1.0,0.0,16.0,1.0,0.9,0.5
1974,2,163.0,-25.0,25.6,25.8,27.05,26.3,4.0,1.15,12.0,0.5,0.7,0.6,25.29,25.9,26.62,25.95,4.0,0.85,14.0,0.5,0.5,0.6,17.5,17.56,18.34,17.91,3.0,0.68,10.0,0.7,0.5,0.7,81.7,88.1,90.0,85.9,3.0,6.4,10.0,0.7,0.7,1.24,2.8,8.24,4.65,4.0,5.08,12.0,0.5,0.7,0.6,-4.94,0.23,0.85,-1.94,4.0,4.87,12.0,0.5,0.7,0.6,-2.2,0.65,4.74,1.24,4.0,4.89,12.0,0.5,0.7,0.6,1008.98,1009.9,1010.97,1010.0,5.0,1.23,12.0,0.6,0.5,0.6,3.0,6.0,7.4,5.4,5.0,2.3,12.0,0.6,0.5,0.6,-58.0,0.3,2.0,-26.7,4.0,55.8,12.0,0.5,0.7,0.6,-8.8,1.0,49.5,19.5,4.0,49.4,12.0,0.5,0.7,0.6,-1.02,-0.2,-0.06,-0.53,3.0,0.76,14.0,0.3,0.7,0.6,-2.3,-2.1,-0.7,-1.5,3.0,1.3,14.0,0.3,0.7,0.6,2.08,2.45,2.83,2.45,2.0,0.78,8.0,0.5,0.8,0.8,5.0,6.1,7.3,6.1,2.0,2.3,8.0,0.5,0.8,0.8,-166.6,-7.0,10.2,-76.6,3.0,142.8,14.0,0.3,0.7,0.6,-57.9,39.9,150.6,46.2,3.0,152.8,14.0,0.3,0.7,0.6,-1.7,4.4,10.5,4.4,2.0,12.6,8.0,0.5,0.8,0.8,-59.4,-24.8,9.8,-24.8,2.0,71.7,8.0,0.5,0.8,0.8,-0.4,0.3,1.0,0.3,2.0,1.5,8.0,0.5,0.8,0.8,-5.8,-1.6,2.5,-1.6,2.0,8.6,8.0,0.5,0.8,0.8,2.0,36.0,938.0,450.5,4.0,852.5,12.0,0.5,0.7,0.6,0.0,35.0,940.0,450.0,4.0,850.0,12.0,0.5,0.7,0.6
1974,2,163.0,-24.0,,,,,,,,,,,,,,,,,,,,,,,,,,,,,,,,,,,,,,,,7.7,7.7,7.7,7.7,1.0,0.0,16.0,1.0,0.5,0.5,-5.9,-5.9,-5.9,-5.9,1.0,0.0,16.0,1.0,0.5,0.5,4.95,4.95,4.95,4.95,1.0,0.0,16.0,1.0,0.5,0.5,1006.5,1006.5,1006.5,1006.5,1.0,0.0,16.0,1.0,0.5,0.5,,,,,,,,,,,,,,,,,,,,,,,,,,,,,,,,,,,,,,,,,,,,,,,,,,,,,,,,,,,,,,,,,,,,,,,,,,,,,,,,,,,,,,,,,,,,,,,,,,,,,,,,,,,,,,,,,,,,,,,,,,,,,,,,,,,,,,,,,,,,,,,,,,,,,,
1974,2,163.0,-23.0,29.0,29.0,29.0,29.0,2.0,0.0,8.0,1.0,0.9,0.7,25.79,27.5,29.21,27.5,2.0,3.54,8.0,1.0,0.9,0.7,17.0,18.0,19.01,18.0,2.0,2.08,8.0,1.0,0.9,0.7,74.5,78.1,81.8,78.1,2.0,7.5,8.0,1.0,0.7,8.61,9.5,10.39,9.5,2.0,1.84,8.0,1.0,0.9,0.7,-6.07,-4.18,-2.3,-4.18,2.0,3.9,8.0,1.0,0.9,0.7,-5.48,0.1,5.68,0.1,2.0,11.56,8.0,1.0,0.9,0.7,1004.79,1006.5,1008.21,1006.5,2.0,3.54,8.0,1.0,0.9,0.7,3.6,5.0,6.4,5.0,2.0,2.8,8.0,1.0,0.9,0.7,-64.9,-43.3,-21.7,-43.3,2.0,44.8,8.0,1.0,0.9,0.7,-41.5,11.6,64.7,11.6,2.0,110.0,8.0,1.0,0.9,0.7,-0.21,1.5,3.21,1.5,2.0,3.54,8.0,1.0,0.9,0.7,-3.9,11.0,25.9,11.0,2.0,30.8,8.0,1.0,0.9,0.7,6.3,7.26,8.22,7.26,2.0,1.99,8.0,1.0,0.9,0.7,64.5,67.2,69.9,67.2,2.0,5.6,8.0,1.0,0.9,0.7,-180.9,-121.9,-63.0,-121.9,2.0,122.1,8.0,1.0,0.9,0.7,-130.5,23.2,176.8,23.2,2.0,318.3,8.0,1.0,0.9,0.7,-117.5,-79.4,-41.3,-79.4,2.0,79.0,8.0,1.0,0.9,0.7,-86.7,13.8,114.4,13.8,2.0,208.3,8.0,1.0,0.9,0.7,-36.1,-26.5,-16.8,-26.5,2.0,20.0,8.0,1.0,0.9,0.7,-51.2,-10.8,29.6,-10.8,2.0,83.8,8.0,1.0,0.9,0.7,664.0,905.5,1147.5,905.5,2.0,501.0,8.0,1.0,0.9,0.7,665.0,905.0,1145.0,905.0,2.0,500.0,8.0,1.0,0.9,0.7
1974,2,163.0,-22.0,26.14,27.25,29.0,27.64,8.0,1.51,10.0,0.5,0.7,0.6,25.11,26.7,28.78,26.93,8.0,1.79,10.0,0.5,0.7,0.6,16.83,18.68,20.2,18.55,8.0,2.14,10.0,0.5,0.7,0.6,83.2,84.7,93.6,83.8,8.0,12.5,10.0,0.5,0.6,4.1,5.1,6.22,5.2,7.0,0.97,10.0,0.6,0.7,0.5,-5.82,-3.28,-1.91,-3.36,7.0,2.52,10.0,0.6,0.7,0.5,-1.19,3.35,3.96,1.6,7.0,3.17,10.0,0.6,0.7,0.5,1005.61,1006.75,1008.0,1007.38,8.0,2.1,10.0,0.5,0.7,0.6,2.1,4.5,7.9,4.9,8.0,2.5,10.0,0.5,0.7,0.6,-37.9,-16.7,-7.8,-18.8,7.0,16.2,10.0,0.6,0.7,0.5,-7.1,14.6,22.6,8.8,7.0,15.7,10.0,0.6,0.7,0.5,-1.44,0.35,3.89,0.71,8.0,2.77,10.0,0.5,0.7,0.6,-7.2,-1.9,15.5,1.0,7.0,13.3,10.0,0.6,0.7,0.5,1.66,4.91,7.95,4.82,8.0,3.05,10.0,0.5,0.7,0.6,8.2,20.6,41.2,23.6,7.0,16.4,10.0,0.6,0.7,0.5,-156.9,-88.5,-49.5,-88.6,7.0,66.8,10.0,0.6,0.7,0.5,-32.0,90.5,107.6,43.9,7.0,89.8,10.0,0.6,0.7,0.5,-110.0,-61.4,-38.9,-63.5,7.0,44.8,10.0,0.6,0.7,0.5,-22.1,66.7,73.2,27.1,7.0,59.8,10.0,0.6,0.7,0.5,-27.3,-7.2,-2.8,-14.2,7.0,17.1,10.0,0.6,0.7,0.5,-3.7,4.1,31.7,9.9,7.0,16.7,10.0,0.6,0.7,0.5,69.0,132.5,241.5,153.5,7.0,86.0,10.0,0.6,0.7,0.5,70.0,135.0,240.0,155.0,7.0,85.0,10.0,0.6,0.7,0.5
1974,2,163.0,-21.0,25.47,27.25,27.83,26.92,10.0,1.2,12.0,0.7,0.3,0.5,26.0,27.3,28.0,27.16,9.0,1.14,12.0,0.7,0.2,0.6,18.26,19.62,20.24,18.98,9.0,1.96,12.0,0.7,0.2,0.6,77.9,85.2,93.0,84.0,9.0,8.9,12.0,0.7,0.6,3.81,5.7,7.49,6.38,10.0,3.52,12.0,0.7,0.3,0.5,-5.56,-2.21,-1.06,-3.04,10.0,3.22,12.0,0.7,0.3,0.5,0.55,4.24,7.16,4.29,10.0,4.06,12.0,0.7,0.3,0.5,1003.54,1007.5,1009.29,1006.54,10.0,3.49,12.0,0.7,0.3,0.5,3.0,5.0,7.6,5.0,10.0,2.3,12.0,0.7,0.3,0.5,-36.1,-8.1,-6.0,-26.1,10.0,47.0,12.0,0.7,0.3,0.5,1.3,21.3,52.3,36.9,10.0,55.0,12.0,0.7,0.3,0.5,-2.51,0.0,1.0,-0.3,9.0,1.8,12.0,0.7,0.2,0.6,-10.2,0.0,5.7,-1.9,9.0,7.9,12.0,0.7,0.2,0.6,0.3,3.45,5.16,3.33,9.0,2.78,12.0,0.7,0.2,0.6,1.9,15.0,45.3,24.1,9.0,24.5,12.0,0.7,0.2,0.6,-167.0,-60.6,-32.4,-89.7,9.0,95.9,12.0,0.7,0.2,0.6,-3.4,99.4,192.2,111.9,9.0,119.1,12.0,0.7,0.2,0.6,-118.0,-41.5,-24.4,-62.6,9.0,66.3,12.0,0.7,0.2,0.6,-2.4,69.8,130.1,76.0,9.0,82.7,12.0,0.7,0.2,0.6,-21.6,-8.2,0.7,-11.4,9.0,16.3,12.0,0.7,0.2,0.6,-2.2,12.2,40.5,16.7,9.0,22.9,12.0,0.7,0.2,0.6,56.0,185.0,421.0,539.5,10.0,1103.0,12.0,0.7,0.3,0.5,55.0,185.0,420.0,540.0,10.0,1105.0,12.0,0.7,0.3,0.5
1974,2,163.0,-20.0,26.7,26.7,26.7,26.7,1.0,0.0,16.0,0.0,0.0,0.2,25.9,25.9,25.9,25.9,1.0,0.0,16.0,0.0,0.0,0.2,18.46,18.46,18.46,18.46,1.0,0.0,16.0,0.0,0.0,0.2,88.2,88.2,88.2,88.2,1.0,0.0,16.0,0.0,0.2,2.1,2.1,2.1,2.1,1.0,0.0,16.0,0.0,0.0,0.2,-1.35,-1.35,-1.35,-1.35,1.0,0.0,16.0,0.0,0.0,0.2,1.61,1.61,1.61,1.61,1.0,0.0,16.0,0.0,0.0,0.2,1009.2,1009.2,1009.2,1009.2,1.0,0.0,16.0,0.0,0.0,0.2,2.0,2.0,2.0,2.0,1.0,0.0,16.0,0.0,0.0,0.2,-2.8,-2.8,-2.8,-2.8,1.0,0.0,16.0,0.0,0.0,0.2,3.4,3.4,3.4,3.4,1.0,0.0,16.0,0.0,0.0,0.2,0.8,0.8,0.8,0.8,1.0,0.0,16.0,0.0,0.0,0.2,1.7,1.7,1.7,1.7,1.0,0.0,16.0,0.0,0.0,0.2,3.53,3.53,3.53,3.53,1.0,0.0,16.0,0.0,0.0,0.2,7.4,7.4,7.4,7.4,1.0,0.0,16.0,0.0,0.0,0.2,-35.0,-35.0,-35.0,-35.0,1.0,0.0,16.0,0.0,0.0,0.2,41.7,41.7,41.7,41.7,1.0,0.0,16.0,0.0,0.0,0.2,-24.9,-24.9,-24.9,-24.9,1.0,0.0,16.0,0.0,0.0,0.2,29.7,29.7,29.7,29.7,1.0,0.0,16.0,0.0,0.0,0.2,-4.8,-4.8,-4.8,-4.8,1.0,0.0,16.0,0.0,0.0,0.2,5.7,5.7,5.7,5.7,1.0,0.0,16.0,0.0,0.0,0.2,9.5,9.5,9.5,9.5,1.0,0.0,16.0,0.0,0.0,0.2,10.0,10.0,10.0,10.0,1.0,0.0,16.0,0.0,0.0,0.2
1974,2,163.0,-14.0,28.3,28.3,28.3,28.3,1.0,0.0,2.0,1.0,0.1,0.5,28.4,28.4,28.4,28.4,1.0,0.0,2.0,1.0,0.1,0.5,19.88,19.88,19.88,19.88,1.0,0.0,2.0,1.0,0.1,0.5,81.4,81.4,81.4,81.4,1.0,0.0,2.0,1.0,0.5,7.7,7.7,7.7,7.7,1.0,0.0,2.0,1.0,0.1,0.5,7.24,7.24,7.24,7.24,1.0,0.0,2.0,1.0,0.1,0.5,2.63,2.63,2.63,2.63,1.0,0.0,2.0,1.0,0.1,0.5,1005.07,1012.1,1012.24,1008.73,3.0,6.01,2.0,0.7,0.4,0.5,8.0,8.0,8.0,8.0,1.0,0.0,2.0,1.0,0.1,0.5,55.7,55.7,55.7,55.7,1.0,0.0,2.0,1.0,0.1,0.5,20.3,20.3,20.3,20.3,1.0,0.0,2.0,1.0,0.1,0.5,-0.1,-0.1,-0.1,-0.1,1.0,0.0,2.0,1.0,0.1,0.5,-0.8,-0.8,-0.8,-0.8,1.0,0.0,2.0,1.0,0.1,0.5,4.48,4.48,4.48,4.48,1.0,0.0,2.0,1.0,0.1,0.5,34.5,34.5,34.5,34.5,1.0,0.0,2.0,1.0,0.1,0.5,205.5,205.5,205.5,205.5,1.0,0.0,2.0,1.0,0.1,0.5,74.8,74.8,74.8,74.8,1.0,0.0,2.0,1.0,0.1,0.5,143.8,143.8,143.8,143.8,1.0,0.0,2.0,1.0,0.1,0.5,52.4,52.4,52.4,52.4,1.0,0.0,2.0,1.0,0.1,0.5,32.4,32.4,32.4,32.4,1.0,0.0,2.0,1.0,0.1,0.5,11.8,11.8,11.8,11.8,1.0,0.0,2.0,1.0,0.1,0.5,456.5,456.5,456.5,456.5,1.0,0.0,2.0,1.0,0.1,0.5,455.0,455.0,455.0,455.0,1.0,0.0,2.0,1.0,0.1,0.5
1974,2,163.0,-13.0,,,,,,,,,,,,,,,,,,,,,,,,,,,,,,,,,,,,,,,,5.1,5.1,5.1,5.1,1.0,0.0,22.0,0.0,0.7,0.1,0.89,0.89,0.89,0.89,1.0,0.0,22.0,0.0,0.7,0.1,-5.02,-5.02,-5.02,-5.02,1.0,0.0,22.0,0.0,0.7,0.1,1011.83,1011.9,1011.97,1011.9,2.0,0.14,4.0,0.5,0.2,0.7,,,,,,,,,,,,,,,,,,,,,,,,,,,,,,,,,,,,,,,,,,,,,,,,,,,,,,,,,,,,,,,,,,,,,,,,,,,,,,,,,,,,,,,,,,,,,,,,,,,,,,,,,,,,,,,,,,,,,,,,,,,,,,,,,,,,,,,,,,,,,,,,,,,,,,
1974,2,163.0,-12.0,28.56,29.15,29.92,29.15,6.0,0.77,14.0,0.3,0.3,0.7,26.47,27.2,28.43,27.4,7.0,1.12,16.0,0.4,0.3,0.6,18.6,18.79,19.76,19.2,5.0,1.11,12.0,0.4,0.2,0.6,76.4,84.6,92.3,84.5,5.0,8.6,12.0,0.4,0.6,3.58,6.2,7.72,5.71,7.0,1.93,16.0,0.4,0.3,0.6,-3.32,0.0,5.05,0.1,7.0,4.89,16.0,0.4,0.3,0.6,-3.02,0.0,1.73,-0.42,7.0,4.2,16.0,0.4,0.3,0.6,1005.45,1006.5,1009.8,1007.01,7.0,2.07,16.0,0.4,0.3,0.6,3.8,7.0,8.0,6.2,6.0,2.2,14.0,0.5,0.3,0.6,-21.1,0.0,25.6,-2.2,7.0,31.7,16.0,0.4,0.3,0.6,-12.7,0.0,7.9,-4.6,7.0,30.7,16.0,0.4,0.3,0.6,1.43,2.45,2.82,2.02,6.0,1.24,14.0,0.3,0.3,0.7,4.2,16.0,19.3,12.4,6.0,8.9,14.0,0.3,0.3,0.7,4.84,5.41,6.3,5.56,4.0,0.9,10.0,0.3,0.3,0.6,33.4,36.4,46.1,39.6,4.0,10.6,10.0,0.3,0.3,0.6,-93.7,0.0,137.0,0.9,7.0,131.7,16.0,0.4,0.3,0.6,-86.5,0.0,48.6,-10.5,7.0,114.6,16.0,0.4,0.3,0.6,-96.4,-43.4,42.3,-29.7,5.0,101.0,12.0,0.4,0.2,0.6,-87.7,0.0,49.8,-16.2,5.0,92.9,12.0,0.4,0.2,0.6,-26.4,-7.7,18.7,-4.0,4.0,30.4,10.0,0.3,0.3,0.6,-28.8,3.2,16.9,-5.5,4.0,34.9,10.0,0.3,0.3,0.6,46.0,238.5,461.0,241.0,7.0,199.5,16.0,0.4,0.3,0.6,45.0,240.0,460.0,240.0,7.0,200.0,16.0,0.4,0.3,0.6
1974,2,163.0,-11.0,27.9,28.95,29.1,28.53,4.0,1.02,6.0,0.8,0.3,0.7,26.74,27.45,28.32,27.53,4.0,0.97,6.0,0.8,0.3,0.7,19.04,19.13,19.23,19.13,3.0,0.13,8.0,0.7,0.2,0.6,78.1,81.3,86.0,82.1,3.0,5.8,8.0,0.7,0.6,6.2,6.95,9.59,7.85,4.0,2.41,6.0,0.8,0.3,0.7,1.15,6.22,9.5,5.36,4.0,5.63,6.0,0.8,0.3,0.7,-4.95,-2.97,-0.93,-2.94,4.0,2.52,6.0,0.8,0.3,0.7,1003.46,1005.7,1008.52,1005.98,4.0,3.18,6.0,0.8,0.3,0.7,7.5,8.0,8.0,7.8,4.0,0.5,6.0,0.8,0.3,0.7,7.1,44.4,94.1,50.3,4.0,58.4,6.0,0.8,0.3,0.7,-30.7,-23.4,-10.6,-20.8,4.0,15.1,6.0,0.8,0.3,0.7,0.24,0.8,1.78,1.0,4.0,1.04,6.0,0.8,0.3,0.7,1.8,8.1,13.7,7.8,4.0,7.0,6.0,0.8,0.3,0.7,5.96,6.1,6.45,6.21,3.0,0.37,8.0,0.7,0.2,0.6,41.2,51.0,63.2,52.1,3.0,16.2,8.0,0.7,0.2,0.6,31.6,174.6,267.9,150.9,4.0,156.8,6.0,0.8,0.3,0.7,-132.1,-81.2,-26.1,-79.2,4.0,66.7,6.0,0.8,0.3,0.7,18.8,146.3,192.8,106.7,3.0,132.0,8.0,0.7,0.2,0.6,-88.1,-37.8,-12.0,-49.8,3.0,56.7,8.0,0.7,0.2,0.6,7.6,51.0,62.5,35.4,3.0,42.4,8.0,0.7,0.2,0.6,-27.3,-12.0,-3.8,-15.5,3.0,17.5,8.0,0.7,0.2,0.6,238.5,347.5,973.5,594.0,4.0,575.0,6.0,0.8,0.3,0.7,240.0,345.0,975.0,595.0,4.0,575.0,6.0,0.8,0.3,0.7
1974,2,163.0,-10.0,29.19,29.75,30.1,29.65,4.0,0.58,8.0,0.5,0.3,0.5,27.45,28.2,30.05,28.64,5.0,1.69,12.0,0.6,0.2,0.5,18.11,19.1,20.84,19.39,5.0,2.07,12.0,0.6,0.2,0.5,74.3,78.9,82.4,78.5,5.0,5.5,12.0,0.6,0.5,4.6,5.3,9.57,6.9,6.0,3.34,10.0,0.7,0.3,0.5,-2.3,3.97,9.3,4.0,6.0,5.86,10.0,0.7,0.3,0.5,-4.07,-3.02,2.02,-1.49,6.0,3.47,10.0,0.7,0.3,0.5,1005.35,1006.95,1007.62,1006.58,6.0,1.36,14.0,0.7,0.3,0.5,4.0,6.0,8.0,5.7,7.0,1.8,12.0,0.7,0.3,0.5,-10.6,22.2,91.4,42.4,6.0,64.4,10.0,0.7,0.3,0.5,-26.3,-15.3,14.2,-12.4,6.0,27.0,10.0,0.7,0.3,0.5,-0.19,1.1,2.65,1.23,4.0,1.95,8.0,0.5,0.3,0.5,0.5,11.6,18.2,9.5,4.0,11.0,8.0,0.5,0.3,0.5,6.45,6.85,8.82,7.6,4.0,1.98,8.0,0.5,0.3,0.5,39.4,51.0,72.5,55.7,4.0,24.6,8.0,0.5,0.3,0.5,-64.7,67.9,277.3,103.3,5.0,182.8,12.0,0.6,0.2,0.5,-123.5,-105.6,70.0,-38.5,5.0,111.7,12.0,0.6,0.2,0.5,-41.0,51.3,187.9,72.3,5.0,122.6,12.0,0.6,0.2,0.5,-81.4,-66.0,50.7,-22.5,5.0,77.5,12.0,0.6,0.2,0.5,-20.1,18.7,69.3,24.3,4.0,52.8,8.0,0.5,0.3,0.5,-36.6,-28.8,-7.9,-22.6,4.0,22.2,8.0,0.5,0.3,0.5,97.5,156.5,966.0,552.0,6.0,811.0,10.0,0.7,0.3,0.5,95.0,155.0,965.0,550.0,6.0,810.0,10.0,0.7,0.3,0.5
1974,2,163.0,-9.0,29.6,29.6,29.6,29.6,2.0,0.0,10.0,1.0,0.6,0.6,29.16,29.5,29.84,29.5,2.0,0.71,10.0,1.0,0.6,0.6,18.69,18.74,18.8,18.74,2.0,0.12,10.0,1.0,0.6,0.6,70.9,72.4,73.8,72.4,2.0,3.0,10.0,1.0,0.6,3.76,4.1,4.44,4.1,2.0,0.71,10.0,1.0,0.6,0.6,-3.91,-3.76,-3.61,-3.76,2.0,0.31,10.0,1.0,0.6,0.6,0.89,1.46,2.03,1.46,2.0,1.18,10.0,1.0,0.6,0.6,1002.93,1006.0,1009.07,1006.0,2.0,6.36,10.0,1.0,0.6,0.6,2.2,2.5,2.8,2.5,2.0,0.7,10.0,1.0,0.6,0.6,-17.4,-15.5,-13.6,-15.5,2.0,3.9,10.0,1.0,0.6,0.6,3.6,6.4,9.3,6.4,2.0,5.9,10.0,1.0,0.6,0.6,-0.24,0.1,0.44,0.1,2.0,0.71,10.0,1.0,0.6,0.6,-1.2,0.2,1.5,0.2,2.0,2.8,10.0,1.0,0.6,0.6,7.42,7.44,7.47,7.44,2.0,0.05,10.0,1.0,0.6,0.6,27.9,30.5,33.2,30.5,2.0,5.5,10.0,1.0,0.6,0.6,-116.9,-111.2,-105.5,-111.2,2.0,11.8,10.0,1.0,0.6,0.6,26.2,43.6,60.9,43.6,2.0,36.0,10.0,1.0,0.6,0.6,-73.6,-70.6,-67.6,-70.6,2.0,6.3,10.0,1.0,0.6,0.6,16.7,27.5,38.3,27.5,2.0,22.4,10.0,1.0,0.6,0.6,-29.2,-28.0,-26.8,-28.0,2.0,2.5,10.0,1.0,0.6,0.6,6.6,10.9,15.2,10.9,2.0,8.9,10.0,1.0,0.6,0.6,54.5,72.0,89.5,72.0,2.0,36.0,10.0,1.0,0.6,0.6,55.0,70.0,90.0,70.0,2.0,35.0,10.0,1.0,0.6,0.6
1974,2,163.0,-6.0,,,,,,,,,,,,,,,,,,,,,,,,,,,,,,,,,,,,,,,,3.6,3.6,3.6,3.6,1.0,0.0,8.0,0.0,0.9,0.7,-3.12,-3.12,-3.12,-3.12,1.0,0.0,8.0,0.0,0.9,0.7,-1.8,-1.8,-1.8,-1.8,1.0,0.0,8.0,0.0,0.9,0.7,1005.2,1005.2,1005.2,1005.2,1.0,0.0,8.0,0.0,0.9,0.7,,,,,,,,,,,,,,,,,,,,,,,,,,,,,,,,,,,,,,,,,,,,,,,,,,,,,,,,,,,,,,,,,,,,,,,,,,,,,,,,,,,,,,,,,,,,,,,,,,,,,,,,,,,,,,,,,,,,,,,,,,,,,,,,,,,,,,,,,,,,,,,,,,,,,,
1974,2,163.0,9.0,28.4,28.4,28.4,28.4,1.0,0.0,2.0,0.0,0.4,0.9,26.7,26.7,26.7,26.7,1.0,0.0,2.0,0.0,0.4,0.9,17.33,17.33,17.33,17.33,1.0,0.0,2.0,0.0,0.4,0.9,79.2,79.2,79.2,79.2,1.0,0.0,2.0,0.0,0.9,5.1,5.1,5.1,5.1,1.0,0.0,2.0,0.0,0.4,0.9,-4.79,-4.79,-4.79,-4.79,1.0,0.0,2.0,0.0,0.4,0.9,-1.74,-1.74,-1.74,-1.74,1.0,0.0,2.0,0.0,0.4,0.9,1010.8,1010.8,1010.8,1010.8,1.0,0.0,2.0,0.0,0.4,0.9,2.0,2.0,2.0,2.0,1.0,0.0,2.0,0.0,0.4,0.9,-24.4,-24.4,-24.4,-24.4,1.0,0.0,2.0,0.0,0.4,0.9,-8.9,-8.9,-8.9,-8.9,1.0,0.0,2.0,0.0,0.4,0.9,1.7,1.7,1.7,1.7,1.0,0.0,2.0,0.0,0.4,0.9,8.7,8.7,8.7,8.7,1.0,0.0,2.0,0.0,0.4,0.9,6.95,6.95,6.95,6.95,1.0,0.0,2.0,0.0,0.4,0.9,35.4,35.4,35.4,35.4,1.0,0.0,2.0,0.0,0.4,0.9,-128.0,-128.0,-128.0,-128.0,1.0,0.0,2.0,0.0,0.4,0.9,-46.6,-46.6,-46.6,-46.6,1.0,0.0,2.0,0.0,0.4,0.9,-83.1,-83.1,-83.1,-83.1,1.0,0.0,2.0,0.0,0.4,0.9,-30.2,-30.2,-30.2,-30.2,1.0,0.0,2.0,0.0,0.4,0.9,-33.3,-33.3,-33.3,-33.3,1.0,0.0,2.0,0.0,0.4,0.9,-12.1,-12.1,-12.1,-12.1,1.0,0.0,2.0,0.0,0.4,0.9,132.5,132.5,132.5,132.5,1.0,0.0,2.0,0.0,0.4,0.9,135.0,135.0,135.0,135.0,1.0,0.0,2.0,0.0,0.4,0.9
1974,2,163.0,10.0,28.8,28.8,28.8,28.8,1.0,0.0,12.0,1.0,0.0,0.9,26.7,26.7,26.7,26.7,1.0,0.0,12.0,1.0,0.0,0.9,18.22,18.22,18.22,18.22,1.0,0.0,12.0,1.0,0.0,0.9,83.1,83.1,83.1,83.1,1.0,0.0,12.0,1.0,0.9,6.7,6.7,6.7,6.7,1.0,0.0,12.0,1.0,0.0,0.9,-6.6,-6.6,-6.6,-6.6,1.0,0.0,12.0,1.0,0.0,0.9,-1.16,-1.16,-1.16,-1.16,1.0,0.0,12.0,1.0,0.0,0.9,1009.8,1009.8,1009.8,1009.8,1.0,0.0,12.0,1.0,0.0,0.9,6.0,6.0,6.0,6.0,1.0,0.0,12.0,1.0,0.0,0.9,-44.2,-44.2,-44.2,-44.2,1.0,0.0,12.0,1.0,0.0,0.9,-7.8,-7.8,-7.8,-7.8,1.0,0.0,12.0,1.0,0.0,0.9,2.1,2.1,2.1,2.1,1.0,0.0,12.0,1.0,0.0,0.9,14.1,14.1,14.1,14.1,1.0,0.0,12.0,1.0,0.0,0.9,6.67,6.67,6.67,6.67,1.0,0.0,12.0,1.0,0.0,0.9,44.7,44.7,44.7,44.7,1.0,0.0,12.0,1.0,0.0,0.9,-176.2,-176.2,-176.2,-176.2,1.0,0.0,12.0,1.0,0.0,0.9,-31.1,-31.1,-31.1,-31.1,1.0,0.0,12.0,1.0,0.0,0.9,-120.2,-120.2,-120.2,-120.2,1.0,0.0,12.0,1.0,0.0,0.9,-21.2,-21.2,-21.2,-21.2,1.0,0.0,12.0,1.0,0.0,0.9,-44.0,-44.0,-44.0,-44.0,1.0,0.0,12.0,1.0,0.0,0.9,-7.8,-7.8,-7.8,-7.8,1.0,0.0,12.0,1.0,0.0,0.9,301.0,301.0,301.0,301.0,1.0,0.0,12.0,1.0,0.0,0.9,300.0,300.0,300.0,300.0,1.0,0.0,12.0,1.0,0.0,0.9
1974,2,163.0,13.0,25.94,26.9,27.86,26.9,2.0,1.98,14.0,1.0,0.3,0.4,26.3,26.3,26.3,26.3,1.0,0.0,14.0,1.0,0.5,0.2,16.74,16.74,16.74,16.74,1.0,0.0,14.0,1.0,0.5,0.2,78.2,78.2,78.2,78.2,1.0,0.0,14.0,1.0,0.2,4.5,6.45,8.4,6.45,2.0,4.03,14.0,1.0,0.3,0.4,-6.97,-4.64,-2.31,-4.64,2.0,4.82,14.0,1.0,0.3,0.4,-4.45,-4.02,-3.58,-4.02,2.0,0.9,14.0,1.0,0.3,0.4,1009.93,1012.35,1014.77,1012.35,2.0,5.02,14.0,1.0,0.3,0.4,3.6,5.0,6.4,5.0,2.0,2.8,14.0,1.0,0.3,0.4,-63.7,-39.7,-15.6,-39.7,2.0,49.8,14.0,1.0,0.3,0.4,-38.3,-27.7,-17.1,-27.7,2.0,22.0,14.0,1.0,0.3,0.4,2.0,2.0,2.0,2.0,1.0,0.0,14.0,1.0,0.5,0.2,18.6,18.6,18.6,18.6,1.0,0.0,14.0,1.0,0.5,0.2,7.45,7.45,7.45,7.45,1.0,0.0,14.0,1.0,0.5,0.2,69.3,69.3,69.3,69.3,1.0,0.0,14.0,1.0,0.5,0.2,-211.8,-211.8,-211.8,-211.8,1.0,0.0,14.0,1.0,0.5,0.2,-122.3,-122.3,-122.3,-122.3,1.0,0.0,14.0,1.0,0.5,0.2,-134.8,-134.8,-134.8,-134.8,1.0,0.0,14.0,1.0,0.5,0.2,-77.8,-77.8,-77.8,-77.8,1.0,0.0,14.0,1.0,0.5,0.2,-60.0,-60.0,-60.0,-60.0,1.0,0.0,14.0,1.0,0.5,0.2,-34.6,-34.6,-34.6,-34.6,1.0,0.0,14.0,1.0,0.5,0.2,167.0,425.5,684.0,425.5,2.0,536.0,14.0,1.0,0.3,0.4,165.0,425.0,685.0,425.0,2.0,535.0,14.0,1.0,0.3,0.4
1974,2,163.0,15.0,26.7,26.7,26.7,26.7,1.0,0.0,24.0,0.0,0.8,0.5,23.9,23.9,23.9,23.9,1.0,0.0,24.0,0.0,0.8,0.5,11.51,11.51,11.51,11.51,1.0,0.0,24.0,0.0,0.8,0.5,62.5,62.5,62.5,62.5,1.0,0.0,24.0,0.0,0.5,,,,,,,,,,,,,,,,,,,,,,,,,,,,,,,,,,,,,,,,,,,,,,,,,,,,,,,,,,,,,,,,,,,,,,,,,,,,,,,,,,,,,,,,,,,,,,,,,,,,,,,,,,,,,,,,,,,,,,,,,,,,,,,,,,,,,,,,,,,,,,,,,,,,,,,,,,,,,,,,,,,,,,,,,,,,,,,,,,,,,,,,,,,,,,
1974,2,163.0,16.0,26.78,26.95,27.12,26.95,2.0,0.35,12.0,0.5,0.6,0.1,26.03,26.95,27.87,26.95,2.0,1.91,12.0,0.5,0.6,0.1,15.68,16.28,16.87,16.28,2.0,1.22,12.0,0.5,0.6,0.1,72.2,73.5,74.7,73.5,2.0,2.5,12.0,0.5,0.1,7.95,8.5,9.05,8.5,2.0,1.13,12.0,0.5,0.6,0.1,-8.0,-7.88,-7.76,-7.88,2.0,0.25,12.0,0.5,0.6,0.1,0.74,2.33,3.91,2.33,2.0,3.29,12.0,0.5,0.6,0.1,1011.96,1013.6,1015.24,1013.6,2.0,3.39,12.0,0.5,0.6,0.1,3.0,5.0,7.0,5.0,2.0,4.2,12.0,0.5,0.6,0.1,-72.4,-67.1,-61.8,-67.1,2.0,11.0,12.0,0.5,0.6,0.1,6.9,21.6,36.4,21.6,2.0,30.6,12.0,0.5,0.6,0.1,-1.09,0.0,1.09,0.0,2.0,2.26,12.0,0.5,0.6,0.1,-10.6,-1.3,8.0,-1.3,2.0,19.2,12.0,0.5,0.6,0.1,5.09,5.95,6.8,5.95,2.0,1.77,12.0,0.5,0.6,0.1,45.5,49.5,53.5,49.5,2.0,8.3,12.0,0.5,0.6,0.1,-223.0,-212.5,-202.0,-212.5,2.0,21.8,12.0,0.5,0.6,0.1,20.9,65.8,110.7,65.8,2.0,93.1,12.0,0.5,0.6,0.1,-135.0,-128.4,-121.7,-128.4,2.0,13.7,12.0,0.5,0.6,0.1,12.6,39.9,67.1,39.9,2.0,56.4,12.0,0.5,0.6,0.1,-52.6,-46.6,-40.6,-46.6,2.0,12.4,12.0,0.5,0.6,0.1,3.5,10.9,18.4,10.9,2.0,15.4,12.0,0.5,0.6,0.1,511.5,630.5,749.0,630.5,2.0,246.0,12.0,0.5,0.6,0.1,510.0,630.0,750.0,630.0,2.0,245.0,12.0,0.5,0.6,0.1
1974,2,163.0,17.0,26.7,26.7,27.38,27.03,3.0,0.58,12.0,1.0,0.7,0.7,26.22,26.7,28.2,27.2,3.0,1.51,12.0,1.0,0.7,0.7,14.47,16.18,17.52,16.0,3.0,2.23,12.0,1.0,0.7,0.7,62.1,77.2,81.2,71.8,3.0,14.8,12.0,1.0,0.7,2.64,5.1,11.79,7.17,3.0,6.93,12.0,1.0,0.7,0.7,-10.25,-0.75,2.78,-3.67,3.0,9.87,12.0,1.0,0.7,0.7,-2.58,-2.55,-1.7,-2.15,3.0,0.73,12.0,1.0,0.7,0.7,1011.66,1012.0,1013.77,1012.7,3.0,1.66,12.0,1.0,0.7,0.7,2.3,3.0,3.0,2.7,3.0,0.6,12.0,1.0,0.7,0.7,-149.6,-1.1,15.0,-65.7,3.0,132.9,12.0,1.0,0.7,0.7,-30.4,-13.0,-5.5,-17.8,3.0,18.8,12.0,1.0,0.7,0.7,-1.5,0.0,1.16,-0.17,3.0,1.96,12.0,1.0,0.7,0.7,-2.3,0.0,17.3,7.3,3.0,15.7,12.0,1.0,0.7,0.7,4.8,7.09,7.89,6.36,3.0,2.35,12.0,1.0,0.7,0.7,14.5,19.0,78.1,45.7,3.0,52.0,12.0,1.0,0.7,0.7,-267.3,-21.7,73.6,-95.1,3.0,257.7,12.0,1.0,0.7,0.7,-67.8,-67.3,-47.0,-57.6,3.0,17.4,12.0,1.0,0.7,0.7,-165.3,-10.3,51.4,-55.9,3.0,163.6,12.0,1.0,0.7,0.7,-44.9,-41.9,-25.4,-35.3,3.0,15.3,12.0,1.0,0.7,0.7,-73.0,-6.2,9.3,-31.2,3.0,64.0,12.0,1.0,0.7,0.7,-15.9,-10.7,-9.9,-12.9,3.0,4.8,12.0,1.0,0.7,0.7,44.5,132.5,2300.0,1148.0,3.0,1871.5,12.0,1.0,0.7,0.7,45.0,135.0,2300.0,1150.0,3.0,1870.0,12.0,1.0,0.7,0.7
1974,2,163.0,18.0,25.82,26.5,26.97,26.46,5.0,0.86,14.0,0.6,0.4,0.5,25.63,26.0,28.51,26.88,5.0,1.78,14.0,0.6,0.4,0.5,14.15,16.45,17.67,16.15,5.0,2.38,14.0,0.6,0.4,0.5,64.0,77.2,80.4,73.3,5.0,9.2,14.0,0.6,0.5,8.02,9.3,9.3,8.76,5.0,0.76,14.0,0.6,0.4,0.5,-8.6,-7.7,-6.71,-7.66,5.0,1.23,14.0,0.6,0.4,0.5,-6.4,0.0,0.0,-2.62,5.0,3.61,14.0,0.6,0.4,0.5,1013.39,1014.0,1017.34,1015.2,5.0,2.4,14.0,0.6,0.4,0.5,2.0,3.0,6.0,3.8,5.0,2.0,14.0,0.6,0.4,0.5,-74.3,-66.3,-57.9,-67.0,5.0,11.9,14.0,0.6,0.4,0.5,-59.5,0.0,0.0,-24.4,5.0,33.6,14.0,0.6,0.4,0.5,-1.93,0.0,0.87,-0.42,5.0,1.61,14.0,0.6,0.4,0.5,-17.9,0.0,6.9,-4.4,5.0,14.4,14.0,0.6,0.4,0.5,4.6,5.17,6.36,5.41,5.0,1.34,14.0,0.6,0.4,0.5,37.5,42.4,59.1,47.6,5.0,13.6,14.0,0.6,0.4,0.5,-230.0,-200.2,-183.4,-206.7,5.0,42.4,14.0,0.6,0.4,0.5,-173.9,0.0,0.0,-70.5,5.0,96.8,14.0,0.6,0.4,0.5,-152.8,-126.7,-95.1,-126.0,5.0,38.6,14.0,0.6,0.4,0.5,-90.3,0.0,0.0,-36.7,5.0,50.4,14.0,0.6,0.4,0.5,-42.9,-41.3,-37.5,-40.2,5.0,4.0,14.0,0.6,0.4,0.5,-41.1,0.0,0.0,-17.4,5.0,24.6,14.0,0.6,0.4,0.5,516.5,804.5,804.5,684.0,5.0,168.0,14.0,0.6,0.4,0.5,515.0,805.0,805.0,685.0,5.0,170.0,14.0,0.6,0.4,0.5
1974,2,163.0,19.0,24.35,26.6,26.67,25.53,3.0,1.93,18.0,0.3,0.5,0.8,24.03,25.6,26.35,25.2,3.0,1.73,18.0,0.3,0.5,0.8,12.18,14.6,15.15,13.69,3.0,2.32,18.0,0.3,0.5,0.8,65.1,71.0,71.4,68.3,3.0,5.2,18.0,0.3,0.8,5.36,6.45,12.62,8.88,4.0,6.15,18.0,0.3,0.4,0.6,-9.06,-5.52,-0.42,-4.77,4.0,6.25,18.0,0.3,0.4,0.6,-9.12,-0.85,2.64,-3.13,4.0,7.76,18.0,0.3,0.4,0.6,1015.04,1016.4,1018.96,1016.98,4.0,2.47,18.0,0.3,0.4,0.6,2.9,5.0,5.0,4.0,4.0,2.0,18.0,0.3,0.4,0.6,-129.2,-35.8,-5.5,-65.9,4.0,98.2,18.0,0.3,0.4,0.6,-141.8,-5.6,14.5,-61.0,4.0,126.2,18.0,0.3,0.4,0.6,-1.97,1.1,2.6,0.33,3.0,3.42,18.0,0.3,0.5,0.8,-13.4,6.8,42.7,14.5,3.0,41.6,18.0,0.3,0.5,0.8,3.9,7.25,9.59,6.76,3.0,4.19,18.0,0.3,0.5,0.8,25.0,45.0,145.5,84.3,3.0,94.6,18.0,0.3,0.5,0.8,-237.4,-168.1,-136.4,-186.4,3.0,75.7,18.0,0.3,0.5,0.8,-251.7,-102.0,9.4,-120.7,3.0,191.9,18.0,0.3,0.5,0.8,-118.0,-97.0,-78.1,-98.1,3.0,29.2,18.0,0.3,0.5,0.8,-122.5,-58.2,5.6,-58.4,3.0,93.8,18.0,0.3,0.5,0.8,-95.3,-34.4,-21.0,-57.6,3.0,58.0,18.0,0.3,0.5,0.8,-109.7,-28.9,-5.5,-56.9,3.0,80.1,18.0,0.3,0.5,0.8,164.5,269.5,3198.5,1617.0,4.0,2811.0,18.0,0.3,0.4,0.6,165.0,270.0,3200.0,1615.0,4.0,2810.0,18.0,0.3,0.4,0.6
1974,2,163.0,20.0,25.3,25.6,26.81,25.98,5.0,0.81,10.0,0.8,0.3,0.3,24.32,25.3,26.22,25.3,6.0,1.03,12.0,0.8,0.3,0.4,13.87,15.88,16.96,15.56,5.0,2.14,10.0,0.8,0.3,0.3,66.1,78.6,85.1,76.4,5.0,10.2,10.0,0.8,0.3,3.55,6.2,7.22,5.62,5.0,2.43,12.0,0.8,0.3,0.4,-4.52,-2.6,4.23,-0.75,5.0,5.47,12.0,0.8,0.3,0.4,-3.64,0.0,1.96,-0.45,5.0,3.81,12.0,0.8,0.3,0.4,1013.73,1015.85,1016.94,1015.53,6.0,2.36,12.0,0.8,0.3,0.4,2.0,3.0,5.4,3.7,6.0,2.0,12.0,0.8,0.3,0.4,-32.5,-6.8,26.2,-6.0,5.0,41.1,12.0,0.8,0.3,0.4,-23.0,0.0,12.2,-4.0,5.0,26.6,12.0,0.8,0.3,0.4,-1.02,0.0,2.11,0.42,5.0,1.66,10.0,0.8,0.3,0.3,-2.6,7.1,16.2,6.8,4.0,11.0,12.0,0.8,0.4,0.2,3.37,5.58,7.28,5.4,5.0,2.86,10.0,0.8,0.3,0.3,10.4,24.5,62.4,35.9,4.0,35.2,12.0,0.8,0.4,0.2,-113.4,-63.3,106.6,-18.5,5.0,136.1,12.0,0.8,0.3,0.4,-88.9,0.0,51.2,-9.5,5.0,96.9,12.0,0.8,0.3,0.4,-72.0,8.0,79.0,3.7,4.0,90.6,12.0,0.8,0.4,0.2,-30.1,0.0,52.3,10.6,4.0,65.4,12.0,0.8,0.4,0.2,-44.0,-3.4,21.9,-10.7,4.0,46.6,12.0,0.8,0.4,0.2,-22.3,0.0,4.3,-8.6,4.0,22.9,12.0,0.8,0.4,0.2,50.0,238.5,417.5,258.5,5.0,281.0,12.0,0.8,0.3,0.4,50.0,240.0,420.0,260.0,5.0,280.0,12.0,0.8,0.3,0.4
1974,2,163.0,21.0,25.38,25.6,26.0,25.64,5.0,0.41,12.0,0.8,0.4,0.4,23.75,25.4,27.79,25.72,5.0,2.13,12.0,0.8,0.4,0.4,13.26,15.47,16.97,15.16,5.0,2.08,12.0,0.8,0.4,0.4,67.7,74.5,78.7,73.5,5.0,6.8,12.0,0.8,0.4,5.1,5.65,6.99,6.03,4.0,1.23,14.0,0.8,0.4,0.4,-4.07,-2.19,-0.37,-2.22,4.0,2.58,14.0,0.8,0.4,0.4,-3.99,0.96,6.18,1.09,4.0,5.93,14.0,0.8,0.4,0.4,1013.25,1013.5,1015.72,1014.52,5.0,2.36,12.0,0.8,0.4,0.4,1.6,4.0,7.0,4.2,5.0,2.8,12.0,0.8,0.4,0.4,-27.1,-14.6,-1.9,-14.5,4.0,16.1,14.0,0.8,0.4,0.4,-22.0,3.2,41.4,9.4,4.0,38.2,14.0,0.8,0.4,0.4,-2.16,0.2,1.99,-0.08,5.0,2.36,12.0,0.8,0.4,0.4,-17.0,0.5,12.2,-2.2,4.0,18.3,14.0,0.8,0.4,0.4,3.71,4.3,7.37,5.37,5.0,2.15,12.0,0.8,0.4,0.4,25.1,33.8,43.9,34.4,4.0,14.2,14.0,0.8,0.4,0.4,-101.6,-58.1,-7.1,-54.5,4.0,63.0,14.0,0.8,0.4,0.4,-94.7,32.6,173.0,38.9,4.0,156.4,14.0,0.8,0.4,0.4,-54.4,-32.3,-3.3,-29.0,4.0,34.5,14.0,0.8,0.4,0.4,-52.8,24.7,100.5,23.9,4.0,89.1,14.0,0.8,0.4,0.4,-29.4,-11.5,-3.8,-16.3,4.0,20.6,14.0,0.8,0.4,0.4,-29.4,-4.3,24.6,-2.5,4.0,31.5,14.0,0.8,0.4,0.4,132.5,185.5,352.5,240.0,4.0,152.5,14.0,0.8,0.4,0.4,135.0,185.0,355.0,240.0,4.0,155.0,14.0,0.8,0.4,0.4
1974,2,163.0,23.0,24.4,24.4,24.81,24.6,3.0,0.35,24.0,0.3,0.4,0.7,20.35,21.1,21.71,21.03,3.0,1.0,24.0,0.3,0.4,0.7,12.0,12.07,13.18,12.58,3.0,0.97,24.0,0.3,0.4,0.7,76.3,82.9,86.2,81.3,3.0,7.4,24.0,0.3,0.7,6.99,8.7,8.7,7.87,3.0,1.44,24.0,0.3,0.4,0.7,-4.56,4.35,4.62,0.13,3.0,7.65,24.0,0.3,0.4,0.7,-6.41,-3.99,-1.26,-3.84,3.0,3.77,24.0,0.3,0.4,0.7,1010.02,1010.5,1015.62,1012.77,3.0,4.55,24.0,0.3,0.4,0.7,1.6,3.0,5.0,3.3,3.0,2.5,24.0,0.3,0.4,0.7,-42.3,29.4,35.2,-2.8,3.0,63.3,24.0,0.3,0.4,0.7,-52.6,-24.7,-7.8,-30.1,3.0,33.1,24.0,0.3,0.4,0.7,3.1,3.3,4.05,3.57,3.0,0.74,24.0,0.3,0.4,0.7,22.3,26.1,34.4,28.3,3.0,9.1,24.0,0.3,0.4,0.7,5.94,7.06,7.5,6.73,3.0,1.18,24.0,0.3,0.4,0.7,42.5,61.4,65.3,54.0,3.0,17.9,24.0,0.3,0.4,0.7,-103.0,87.0,96.0,-1.4,3.0,164.7,24.0,0.3,0.4,0.7,-129.5,-84.1,-26.7,-78.3,3.0,75.5,24.0,0.3,0.4,0.7,-54.4,52.5,61.1,4.5,3.0,94.3,24.0,0.3,0.4,0.7,-79.4,-54.6,-17.3,-48.5,3.0,45.8,24.0,0.3,0.4,0.7,-37.6,25.8,29.1,-3.5,3.0,55.1,24.0,0.3,0.4,0.7,-43.2,-21.6,-6.9,-24.9,3.0,26.8,24.0,0.3,0.4,0.7,371.5,658.5,658.5,518.5,3.0,242.5,24.0,0.3,0.4,0.7,370.0,660.0,660.0,520.0,3.0,245.0,24.0,0.3,0.4,0.7
1974,2,163.0,24.0,21.79,22.5,23.21,22.5,6.0,1.02,20.0,0.7,0.3,0.5,19.0,22.0,23.31,21.6,7.0,1.94,18.0,0.7,0.3,0.5,8.15,10.99,13.31,10.82,6.0,2.76,20.0,0.7,0.3,0.5,56.9,69.1,76.2,67.7,6.0,11.3,20.0,0.7,0.5,5.1,10.3,12.35,9.1,7.0,3.55,18.0,0.7,0.3,0.5,-11.56,-3.99,4.06,-2.92,7.0,7.38,18.0,0.7,0.3,0.5,-6.89,-4.75,-0.6,-4.1,7.0,5.02,18.0,0.7,0.3,0.5,1013.59,1014.3,1016.84,1015.35,6.0,3.45,20.0,0.7,0.3,0.5,4.0,6.0,7.0,5.6,7.0,1.6,18.0,0.7,0.3,0.5,-142.8,-24.7,45.5,-31.9,7.0,88.6,18.0,0.7,0.3,0.5,-91.2,-51.7,-3.1,-48.2,7.0,50.1,18.0,0.7,0.3,0.5,-1.1,0.5,3.65,1.13,6.0,2.61,20.0,0.7,0.3,0.5,-9.1,0.7,40.2,10.8,6.0,27.6,20.0,0.7,0.3,0.5,3.07,6.43,9.24,6.14,6.0,3.43,20.0,0.7,0.3,0.5,35.5,50.5,99.4,58.8,6.0,34.7,20.0,0.7,0.3,0.5,-270.4,-87.7,76.7,-73.5,7.0,161.3,18.0,0.7,0.3,0.5,-158.2,-104.5,-12.5,-84.0,7.0,104.8,18.0,0.7,0.3,0.5,-151.7,-47.8,38.6,-50.0,6.0,91.6,20.0,0.7,0.3,0.5,-84.4,-61.9,-45.2,-59.7,6.0,29.0,20.0,0.7,0.3,0.5,-46.1,-23.3,42.7,-4.9,6.0,50.5,20.0,0.7,0.3,0.5,-70.1,-20.8,-8.5,-35.9,6.0,35.1,20.0,0.7,0.3,0.5,132.5,1092.5,1887.0,1043.5,7.0,912.5,18.0,0.7,0.3,0.5,135.0,1095.0,1885.0,1045.0,7.0,910.0,18.0,0.7,0.3,0.5
1974,2,163.0,25.0,21.39,22.8,23.24,22.32,11.0,1.25,16.0,0.3,0.5,0.5,17.95,20.6,23.36,20.58,13.0,2.66,16.0,0.4,0.5,0.5,8.16,12.6,15.17,11.85,10.0,3.12,16.0,0.3,0.5,0.4,65.4,74.2,86.0,75.1,10.0,10.4,16.0,0.3,0.4,4.55,6.0,10.49,7.8,13.0,4.26,16.0,0.4,0.5,0.5,-8.77,-4.04,0.89,-4.28,13.0,6.49,16.0,0.4,0.5,0.5,-5.34,-0.71,4.58,-1.1,13.0,4.56,16.0,0.4,0.5,0.5,1013.55,1016.3,1020.63,1016.87,11.0,3.61,16.0,0.3,0.5,0.5,2.0,3.5,6.3,4.1,12.0,2.0,18.0,0.4,0.5,0.5,-84.6,-16.6,4.2,-56.0,13.0,100.5,16.0,0.4,0.5,0.5,-45.1,-2.9,21.3,-12.2,13.0,42.0,16.0,0.4,0.5,0.5,-1.04,1.1,4.88,1.72,11.0,2.89,16.0,0.3,0.5,0.5,-11.7,9.6,26.3,14.7,11.0,30.8,16.0,0.3,0.5,0.5,1.83,4.37,8.56,5.04,10.0,3.3,16.0,0.3,0.5,0.4,11.8,38.2,48.8,43.8,10.0,48.0,16.0,0.3,0.5,0.4,-184.8,-72.7,19.5,-83.8,13.0,129.7,16.0,0.4,0.5,0.5,-98.8,-12.8,105.5,-14.8,13.0,96.1,16.0,0.4,0.5,0.5,-111.1,-56.5,13.0,-46.2,10.0,74.8,16.0,0.3,0.5,0.4,-55.8,-2.7,74.7,0.2,10.0,62.6,16.0,0.3,0.5,0.4,-48.4,-19.5,6.6,-31.3,10.0,53.8,16.0,0.3,0.5,0.4,-27.1,-3.8,12.3,-5.4,10.0,20.7,16.0,0.3,0.5,0.4,94.5,216.0,1166.0,966.0,13.0,1845.5,16.0,0.4,0.5,0.5,95.0,215.0,1165.0,965.0,13.0,1845.0,16.0,0.4,0.5,0.5
1974,2,163.0,26.0,20.45,22.2,22.87,21.7,5.0,1.46,16.0,0.6,0.7,0.6,17.62,19.05,22.87,20.03,6.0,4.05,14.0,0.7,0.7,0.6,8.21,9.49,11.31,9.75,4.0,1.93,12.0,0.8,0.6,0.6,65.8,77.6,81.2,73.7,4.0,11.3,12.0,0.8,0.6,4.29,8.65,15.45,9.82,6.0,6.39,14.0,0.7,0.7,0.6,-11.13,-4.85,0.49,-5.82,6.0,7.75,14.0,0.7,0.7,0.6,-8.04,-6.29,2.53,-4.05,6.0,6.01,14.0,0.7,0.7,0.6,1013.94,1017.3,1020.55,1017.18,5.0,3.78,16.0,0.6,0.7,0.6,3.8,6.5,8.0,6.0,6.0,2.1,14.0,0.7,0.7,0.6,-179.6,-52.0,1.5,-97.9,6.0,139.7,14.0,0.7,0.7,0.6,-136.0,-58.8,9.3,-63.2,6.0,73.0,14.0,0.7,0.7,0.6,0.94,3.1,5.05,3.06,5.0,2.28,16.0,0.6,0.7,0.6,4.6,35.0,86.9,43.5,5.0,41.7,16.0,0.6,0.7,0.6,5.99,6.77,7.84,6.91,4.0,1.42,12.0,0.8,0.6,0.6,59.0,98.0,116.7,88.3,4.0,45.6,12.0,0.8,0.6,0.6,-200.4,-79.3,13.2,-99.2,6.0,144.6,14.0,0.7,0.7,0.6,-144.3,-117.2,63.4,-64.1,6.0,111.8,14.0,0.7,0.7,0.6,-137.5,-73.8,-32.3,-84.4,4.0,78.7,12.0,0.8,0.6,0.6,-82.7,-63.0,2.2,-41.3,4.0,66.8,12.0,0.8,0.6,0.6,-101.5,-69.1,-29.7,-65.7,4.0,51.4,12.0,0.8,0.6,0.6,-69.2,-54.5,-8.8,-39.7,4.0,44.4,12.0,0.8,0.6,0.6,83.5,829.5,3900.5,2031.0,6.0,2873.5,14.0,0.7,0.7,0.6,85.0,830.0,3900.0,2030.0,6.0,2875.0,14.0,0.7,0.7,0.6
1974,2,163.0,27.0,18.92,20.0,20.86,19.83,15.0,1.04,16.0,0.3,0.4,0.5,17.69,18.5,20.65,18.85,18.0,1.94,14.0,0.3,0.4,0.5,8.63,9.92,11.9,10.2,17.0,1.99,14.0,0.4,0.4,0.5,65.9,68.6,85.6,74.0,17.0,9.3,14.0,0.4,0.5,6.07,9.0,11.78,8.74,18.0,3.57,14.0,0.3,0.4,0.5,-5.57,4.34,9.21,2.08,18.0,7.27,14.0,0.3,0.4,0.5,-6.83,-0.09,3.36,-0.74,18.0,5.97,14.0,0.3,0.4,0.5,1012.27,1015.75,1020.86,1016.19,18.0,4.32,14.0,0.3,0.4,0.5,1.7,4.0,7.3,4.4,18.0,2.5,14.0,0.3,0.4,0.5,-49.3,23.6,92.4,22.1,18.0,79.1,14.0,0.3,0.4,0.5,-57.2,0.0,19.2,-3.5,18.0,72.7,14.0,0.3,0.4,0.5,-1.67,1.0,2.96,0.77,15.0,2.04,16.0,0.3,0.4,0.5,-11.3,5.2,24.1,5.0,15.0,23.8,16.0,0.3,0.4,0.5,2.33,4.95,5.94,4.24,15.0,2.2,16.0,0.3,0.4,0.5,17.3,30.0,58.1,33.2,15.0,26.4,16.0,0.3,0.4,0.5,-104.3,81.6,180.0,41.5,18.0,137.2,14.0,0.3,0.4,0.5,-108.6,-1.6,65.5,-6.8,18.0,118.8,14.0,0.3,0.4,0.5,-64.8,42.4,89.7,21.5,17.0,76.1,14.0,0.4,0.4,0.5,-48.3,0.0,34.6,1.6,17.0,74.3,14.0,0.4,0.4,0.5,-20.0,3.4,34.0,3.3,15.0,38.3,16.0,0.3,0.4,0.5,-26.2,0.0,12.5,-4.7,15.0,19.5,16.0,0.3,0.4,0.5,239.5,731.5,1655.5,971.5,18.0,982.0,14.0,0.3,0.4,0.5,240.0,730.0,1655.0,970.0,18.0,980.0,14.0,0.3,0.4,0.5
1974,2,163.0,28.0,18.63,19.5,21.73,19.97,9.0,1.57,16.0,0.3,0.4,0.5,17.72,18.5,21.0,18.84,12.0,1.66,14.0,0.4,0.4,0.4,8.22,10.1,12.43,10.26,11.0,2.29,14.0,0.4,0.4,0.4,59.4,80.0,87.8,76.0,11.0,12.5,14.0,0.4,0.4,4.34,9.0,13.15,8.67,12.0,4.81,14.0,0.4,0.4,0.4,-2.7,3.47,6.67,2.21,12.0,6.96,14.0,0.4,0.4,0.4,-4.18,0.0,7.17,1.47,12.0,7.0,14.0,0.4,0.4,0.4,1009.46,1014.0,1020.96,1014.85,11.0,6.57,14.0,0.4,0.4,0.4,3.7,6.0,8.0,5.8,12.0,2.0,14.0,0.4,0.4,0.4,-29.2,27.7,60.8,19.8,12.0,77.5,14.0,0.4,0.4,0.4,-25.9,0.0,76.8,31.8,12.0,100.6,14.0,0.4,0.4,0.4,-1.87,2.1,3.42,1.14,9.0,2.45,16.0,0.3,0.4,0.5,-22.0,3.5,26.4,6.1,9.0,24.8,16.0,0.3,0.4,0.5,0.76,4.35,5.67,3.68,9.0,2.4,16.0,0.3,0.4,0.5,1.4,27.0,57.3,26.9,9.0,26.9,16.0,0.3,0.4,0.5,-49.4,72.6,113.7,41.7,12.0,127.4,14.0,0.4,0.4,0.4,-72.4,0.0,138.8,34.0,12.0,142.7,14.0,0.4,0.4,0.4,-42.1,34.3,65.7,16.4,11.0,67.6,14.0,0.4,0.4,0.4,-34.4,0.0,109.7,30.0,11.0,96.3,14.0,0.4,0.4,0.4,-45.2,0.0,27.8,-3.8,9.0,36.1,16.0,0.3,0.4,0.5,-18.0,-5.9,0.7,-4.2,9.0,14.3,16.0,0.3,0.4,0.5,101.5,774.5,2283.5,1203.0,12.0,1455.5,14.0,0.4,0.4,0.4,100.0,775.0,2285.0,1205.0,12.0,1455.0,14.0,0.4,0.4,0.4
1974,2,163.0,29.0,16.83,18.35,19.79,18.57,10.0,2.0,14.0,0.7,0.4,0.6,13.43,15.6,17.37,15.56,10.0,2.12,14.0,0.7,0.4,0.6,6.12,6.99,9.86,7.67,10.0,1.94,14.0,0.7,0.4,0.6,57.6,68.2,83.8,69.7,10.0,13.8,14.0,0.7,0.6,4.81,9.8,12.9,9.42,10.0,4.03,14.0,0.7,0.4,0.6,0.96,3.92,9.81,4.82,10.0,4.28,14.0,0.7,0.4,0.6,-10.31,-2.51,2.01,-2.93,10.0,7.82,14.0,0.7,0.4,0.6,1012.81,1018.75,1020.79,1016.82,10.0,5.55,14.0,0.7,0.4,0.6,3.4,6.0,7.6,5.8,10.0,1.9,14.0,0.7,0.4,0.6,4.1,36.1,97.1,51.2,10.0,58.1,14.0,0.7,0.4,0.6,-138.5,-12.8,13.1,-34.8,10.0,98.1,14.0,0.7,0.4,0.6,0.54,2.0,5.64,3.01,10.0,2.96,14.0,0.7,0.4,0.6,3.4,10.7,79.0,32.6,10.0,42.6,14.0,0.7,0.4,0.6,3.06,5.73,7.69,5.66,10.0,2.63,14.0,0.7,0.4,0.6,25.2,34.1,91.7,52.9,10.0,41.4,14.0,0.7,0.4,0.6,17.1,53.9,152.8,72.9,10.0,65.6,14.0,0.7,0.4,0.6,-129.3,-47.7,31.5,-36.7,10.0,120.8,14.0,0.7,0.4,0.6,7.9,25.9,82.3,38.0,10.0,37.0,14.0,0.7,0.4,0.6,-69.8,-19.5,15.7,-14.7,10.0,65.6,14.0,0.7,0.4,0.6,1.8,23.5,30.8,24.1,10.0,27.5,14.0,0.7,0.4,0.6,-65.5,-16.8,10.0,-29.3,10.0,49.7,14.0,0.7,0.4,0.6,112.5,948.5,2146.5,1235.0,10.0,1150.0,14.0,0.7,0.4,0.6,110.0,950.0,2145.0,1235.0,10.0,1150.0,14.0,0.7,0.4,0.6
1974,2,163.0,30.0,16.7,17.2,18.0,17.43,16.0,1.19,14.0,0.4,0.4,0.3,13.15,14.7,17.0,14.83,16.0,1.91,14.0,0.4,0.4,0.3,6.84,8.08,9.67,8.1,16.0,1.57,14.0,0.4,0.4,0.3,63.4,80.2,88.9,77.7,16.0,13.2,14.0,0.4,0.3,3.48,6.95,15.21,8.64,16.0,5.69,14.0,0.4,0.4,0.3,-5.39,0.0,9.34,1.05,16.0,7.04,14.0,0.4,0.4,0.3,-9.97,-2.13,1.39,-2.34,16.0,7.45,14.0,0.4,0.4,0.3,1010.19,1017.9,1024.01,1017.06,16.0,6.17,14.0,0.4,0.4,0.3,3.0,4.5,8.0,5.2,16.0,2.3,14.0,0.4,0.4,0.3,-39.9,0.0,110.8,27.1,16.0,97.4,14.0,0.4,0.4,0.3,-102.7,-9.7,10.5,-25.7,16.0,122.2,14.0,0.4,0.4,0.3,0.33,3.0,3.49,2.6,16.0,2.55,14.0,0.4,0.4,0.3,1.8,12.6,34.0,27.3,16.0,45.5,14.0,0.4,0.4,0.3,2.28,4.3,5.86,4.24,16.0,1.97,14.0,0.4,0.4,0.3,10.6,25.5,56.6,36.8,16.0,37.0,14.0,0.4,0.4,0.3,-76.9,0.0,123.7,15.1,16.0,102.5,14.0,0.4,0.4,0.3,-132.1,-30.8,25.0,-26.0,16.0,105.2,14.0,0.4,0.4,0.3,-43.3,0.0,76.8,6.1,16.0,55.2,14.0,0.4,0.4,0.3,-73.6,-18.0,10.4,-12.9,16.0,68.7,14.0,0.4,0.4,0.3,-18.4,0.0,43.2,10.1,16.0,36.5,14.0,0.4,0.4,0.3,-44.7,-8.2,3.2,-18.4,16.0,31.7,14.0,0.4,0.4,0.3,44.5,337.0,3751.5,1523.5,16.0,2256.0,14.0,0.4,0.4,0.3,45.0,335.0,3750.0,1525.0,16.0,2255.0,14.0,0.4,0.4,0.3
1974,2,163.0,31.0,16.01,17.0,18.99,17.23,14.0,1.27,14.0,0.4,0.5,0.4,14.61,15.1,18.1,15.99,15.0,2.24,14.0,0.3,0.5,0.4,7.77,10.28,10.98,9.95,14.0,2.02,14.0,0.4,0.5,0.4,73.0,90.0,95.0,86.9,14.0,10.8,14.0,0.4,0.4,6.31,12.9,15.18,11.18,15.0,4.12,14.0,0.3,0.5,0.4,-4.7,7.26,13.85,5.98,15.0,7.98,14.0,0.3,0.5,0.4,-2.74,2.5,7.94,3.0,15.0,6.27,14.0,0.3,0.5,0.4,1008.07,1014.6,1017.0,1013.73,16.0,6.13,14.0,0.3,0.4,0.4,1.5,3.0,6.0,3.5,12.0,2.4,14.0,0.4,0.5,0.4,-23.9,83.2,195.3,93.2,15.0,104.3,14.0,0.3,0.5,0.4,-28.2,28.9,103.2,37.0,15.0,88.1,14.0,0.3,0.5,0.4,-0.19,2.0,3.06,1.19,13.0,2.61,14.0,0.4,0.5,0.4,-2.6,15.4,41.1,16.7,13.0,26.9,14.0,0.4,0.5,0.4,1.01,2.11,4.85,2.37,13.0,2.21,14.0,0.4,0.5,0.4,9.5,21.7,61.1,30.6,13.0,29.2,14.0,0.4,0.5,0.4,-72.7,111.3,218.3,90.7,14.0,132.8,14.0,0.4,0.5,0.4,-46.2,37.4,122.3,46.9,14.0,100.3,14.0,0.4,0.5,0.4,-50.4,73.6,128.0,53.4,14.0,80.6,14.0,0.4,0.5,0.4,-32.5,21.8,70.2,32.2,14.0,63.7,14.0,0.4,0.5,0.4,1.5,18.9,46.7,24.2,13.0,29.7,14.0,0.4,0.5,0.4,-9.5,6.9,12.9,-0.1,13.0,18.7,14.0,0.4,0.5,0.4,252.0,2146.5,3504.5,1917.5,15.0,1641.5,14.0,0.3,0.5,0.4,250.0,2145.0,3505.0,1920.0,15.0,1640.0,14.0,0.3,0.5,0.4
1974,2,163.0,32.0,16.22,17.0,18.25,17.27,12.0,1.13,14.0,0.5,0.6,0.5,13.0,15.0,17.04,14.6,15.0,2.41,14.0,0.6,0.5,0.5,6.27,8.36,10.14,8.48,13.0,1.9,12.0,0.5,0.5,0.5,71.0,77.4,91.0,80.7,13.0,10.6,12.0,0.5,0.5,6.31,7.7,13.68,9.57,15.0,4.58,14.0,0.6,0.5,0.5,3.3,7.24,9.65,6.41,15.0,5.03,14.0,0.6,0.5,0.5,-6.5,-1.34,5.62,-0.25,15.0,7.05,14.0,0.6,0.5,0.5,1006.94,1014.3,1021.39,1014.25,15.0,7.81,14.0,0.6,0.5,0.5,3.1,5.5,7.0,5.1,14.0,2.3,12.0,0.6,0.5,0.5,16.4,58.4,138.9,77.4,15.0,84.4,14.0,0.6,0.5,0.5,-50.0,-10.3,51.7,9.2,15.0,107.8,14.0,0.6,0.5,0.5,0.5,2.25,6.0,2.82,12.0,2.39,14.0,0.5,0.6,0.5,7.2,18.1,54.1,28.7,12.0,30.4,14.0,0.5,0.6,0.5,1.99,2.93,5.82,3.59,11.0,1.71,14.0,0.5,0.6,0.5,16.1,25.6,61.6,35.8,11.0,24.9,14.0,0.5,0.6,0.5,42.9,98.6,143.9,92.0,15.0,78.3,14.0,0.6,0.5,0.5,-86.3,-17.4,84.8,5.4,15.0,98.4,14.0,0.6,0.5,0.5,21.5,59.6,98.9,56.4,13.0,50.5,12.0,0.5,0.5,0.5,-33.3,0.0,53.1,14.0,13.0,60.4,12.0,0.5,0.5,0.5,9.6,16.9,48.4,25.0,11.0,23.6,14.0,0.5,0.6,0.5,-28.3,5.6,17.2,-3.6,11.0,27.8,14.0,0.5,0.6,0.5,252.0,456.5,2566.0,1523.5,15.0,2215.5,14.0,0.6,0.5,0.5,250.0,455.0,2565.0,1525.0,15.0,2215.0,14.0,0.6,0.5,0.5
1974,2,163.0,33.0,14.74,16.0,17.09,16.01,15.0,1.11,16.0,0.3,0.4,0.4,11.34,13.75,15.03,13.16,18.0,2.23,14.0,0.3,0.4,0.4,6.24,6.82,7.72,7.23,14.0,1.59,14.0,0.4,0.4,0.4,65.6,70.2,78.0,73.3,14.0,9.1,14.0,0.4,0.4,7.39,10.8,12.71,10.41,16.0,5.17,14.0,0.4,0.3,0.4,-2.82,7.45,11.33,5.95,16.0,7.92,14.0,0.4,0.3,0.4,-5.74,-0.13,4.53,-0.95,16.0,6.38,14.0,0.4,0.3,0.4,1008.06,1015.5,1021.27,1014.73,18.0,8.51,14.0,0.3,0.4,0.4,2.4,5.0,7.0,4.9,16.0,2.5,14.0,0.3,0.4,0.4,-26.9,57.5,138.0,88.9,16.0,133.3,14.0,0.4,0.3,0.4,-52.1,-0.2,31.3,-21.5,16.0,101.9,14.0,0.4,0.3,0.4,1.19,2.2,4.89,2.9,15.0,2.03,16.0,0.3,0.4,0.4,9.3,20.6,44.8,25.0,14.0,16.9,16.0,0.4,0.3,0.4,3.52,4.57,4.82,4.26,13.0,1.33,16.0,0.4,0.4,0.4,14.2,45.2,60.7,41.4,12.0,21.9,14.0,0.4,0.3,0.4,-29.1,76.5,161.3,85.8,16.0,109.3,14.0,0.4,0.3,0.4,-85.4,-1.6,53.9,-11.1,16.0,91.0,14.0,0.4,0.3,0.4,3.8,57.1,76.5,48.1,12.0,46.6,14.0,0.4,0.3,0.4,-27.0,0.0,38.9,9.9,12.0,44.5,14.0,0.4,0.3,0.4,1.0,38.5,58.2,30.6,12.0,31.5,14.0,0.4,0.3,0.4,-17.7,0.0,17.0,0.0,12.0,18.3,14.0,0.4,0.3,0.4,405.0,1259.5,2055.5,2011.5,16.0,3184.5,14.0,0.4,0.3,0.4,405.0,1260.0,2055.0,2010.0,16.0,3185.0,14.0,0.4,0.3,0.4
1974,2,163.0,34.0,15.0,16.0,17.0,16.0,7.0,1.0,16.0,0.4,0.4,0.5,10.0,11.0,14.87,12.03,9.0,2.54,12.0,0.3,0.4,0.4,5.2,6.29,8.05,6.7,9.0,1.71,12.0,0.3,0.4,0.4,68.0,76.2,84.9,75.4,9.0,9.5,12.0,0.3,0.4,7.83,11.8,16.57,11.43,9.0,4.61,12.0,0.3,0.4,0.4,2.98,9.88,14.59,8.43,9.0,7.56,12.0,0.3,0.4,0.4,-7.14,-2.95,2.05,-2.87,9.0,4.68,12.0,0.3,0.4,0.4,1005.94,1010.5,1016.36,1011.64,9.0,6.94,12.0,0.3,0.4,0.4,4.0,5.0,6.0,5.0,9.0,1.3,12.0,0.3,0.4,0.4,20.3,127.5,230.3,120.8,9.0,112.2,12.0,0.3,0.4,0.4,-91.7,-41.2,8.9,-47.3,9.0,65.0,12.0,0.3,0.4,0.4,1.24,2.5,5.1,3.24,7.0,2.46,16.0,0.4,0.4,0.5,4.5,23.6,79.0,41.5,7.0,43.1,16.0,0.4,0.4,0.5,2.45,4.44,6.01,4.24,7.0,1.66,16.0,0.4,0.4,0.5,25.5,36.4,78.4,48.4,7.0,34.1,16.0,0.4,0.4,0.5,37.9,111.7,160.7,89.0,9.0,89.5,12.0,0.3,0.4,0.4,-68.7,-29.5,29.7,-26.0,9.0,51.8,12.0,0.3,0.4,0.4,19.7,58.8,94.2,51.7,9.0,48.8,12.0,0.3,0.4,0.4,-39.1,-16.8,15.6,-14.6,9.0,30.2,12.0,0.3,0.4,0.4,1.2,34.2,77.2,38.8,7.0,44.2,16.0,0.4,0.4,0.5,-18.6,-10.0,7.2,-5.9,7.0,12.5,16.0,0.4,0.4,0.5,482.0,1643.0,4573.0,2125.0,9.0,1918.0,12.0,0.3,0.4,0.4,480.0,1645.0,4575.0,2125.0,9.0,1920.0,12.0,0.3,0.4,0.4
1974,2,163.0,35.0,12.57,14.1,15.81,14.23,16.0,2.22,12.0,0.6,0.3,0.5,10.77,12.0,14.5,12.35,17.0,2.46,12.0,0.5,0.3,0.5,5.33,6.69,8.88,7.02,16.0,1.58,12.0,0.6,0.3,0.5,71.0,78.3,84.9,77.8,16.0,11.1,12.0,0.6,0.5,9.83,13.4,15.91,13.01,17.0,3.43,12.0,0.5,0.3,0.5,-4.5,8.57,14.55,5.56,17.0,8.12,12.0,0.5,0.3,0.5,-5.12,6.67,14.08,4.06,17.0,8.68,12.0,0.5,0.3,0.5,999.74,1008.5,1015.94,1008.68,17.0,9.67,12.0,0.5,0.3,0.5,4.1,7.0,8.0,6.1,17.0,2.2,12.0,0.5,0.3,0.5,-42.9,97.8,214.1,82.2,17.0,118.4,12.0,0.5,0.3,0.5,-51.7,51.3,206.9,65.1,17.0,127.6,12.0,0.5,0.3,0.5,-1.0,2.4,4.73,1.91,16.0,2.84,12.0,0.6,0.3,0.5,-15.9,21.1,66.5,24.9,16.0,38.4,12.0,0.6,0.3,0.5,1.14,3.18,4.91,3.17,16.0,1.92,12.0,0.6,0.3,0.5,18.2,31.6,69.9,41.7,16.0,28.9,12.0,0.6,0.3,0.5,-60.4,81.6,163.5,62.7,17.0,102.9,12.0,0.5,0.3,0.5,-45.8,105.3,185.4,66.5,17.0,109.9,12.0,0.5,0.3,0.5,-31.2,61.0,92.6,39.4,16.0,60.9,12.0,0.6,0.3,0.5,-34.0,28.3,99.2,35.3,16.0,63.3,12.0,0.6,0.3,0.5,-12.4,18.5,40.0,16.2,16.0,29.9,12.0,0.6,0.3,0.5,-22.1,1.0,25.4,9.5,16.0,37.7,12.0,0.6,0.3,0.5,982.5,2406.0,4039.5,2621.5,17.0,1754.5,12.0,0.5,0.3,0.5,985.0,2405.0,4040.0,2620.0,17.0,1755.0,12.0,0.5,0.3,0.5
1974,2,163.0,36.0,12.49,13.8,14.5,13.59,11.0,1.13,12.0,0.5,0.3,0.4,8.45,9.4,12.0,9.82,13.0,2.06,12.0,0.5,0.3,0.4,4.36,4.77,6.32,5.5,12.0,1.68,12.0,0.4,0.3,0.4,60.7,70.4,83.2,72.6,12.0,12.2,12.0,0.4,0.4,6.65,10.3,17.05,11.49,13.0,5.34,12.0,0.5,0.3,0.4,-0.58,6.2,17.05,5.99,13.0,9.01,12.0,0.5,0.3,0.4,-2.0,0.0,8.03,1.35,13.0,7.04,12.0,0.5,0.3,0.4,998.9,1013.5,1017.27,1010.24,13.0,9.85,12.0,0.5,0.3,0.4,3.7,7.0,8.0,6.4,12.0,2.0,12.0,0.4,0.3,0.4,-3.6,68.2,290.6,105.1,13.0,153.7,12.0,0.5,0.3,0.4,-18.8,0.0,81.8,7.1,13.0,91.6,12.0,0.5,0.3,0.4,2.18,4.5,5.91,3.85,11.0,2.36,12.0,0.5,0.3,0.4,17.3,46.4,61.9,44.4,11.0,34.6,12.0,0.5,0.3,0.4,3.45,4.12,5.59,4.09,11.0,1.86,12.0,0.5,0.3,0.4,28.0,38.3,72.9,47.7,11.0,32.1,12.0,0.5,0.3,0.4,-4.7,55.8,160.4,61.2,13.0,92.5,12.0,0.5,0.3,0.4,-16.9,0.0,75.5,18.4,13.0,75.6,12.0,0.5,0.3,0.4,-8.3,18.4,67.8,27.0,12.0,47.0,12.0,0.4,0.3,0.4,-15.6,0.0,46.1,15.4,12.0,49.5,12.0,0.4,0.3,0.4,-12.3,22.0,62.9,23.2,11.0,45.6,12.0,0.5,0.3,0.4,-24.4,0.0,25.4,-1.6,11.0,29.2,12.0,0.5,0.3,0.4,295.0,1092.5,4955.5,2447.0,13.0,2702.5,12.0,0.5,0.3,0.4,295.0,1095.0,4955.0,2445.0,13.0,2705.0,12.0,0.5,0.3,0.4
1974,2,163.0,37.0,12.17,13.0,14.24,13.48,10.0,2.58,12.0,0.4,0.3,0.4,5.5,8.0,10.61,8.24,13.0,2.53,12.0,0.5,0.3,0.5,4.4,5.19,7.29,5.75,9.0,1.46,12.0,0.6,0.3,0.5,74.0,86.7,88.0,81.7,9.0,10.7,12.0,0.6,0.5,5.55,8.75,17.0,10.38,12.0,5.65,12.0,0.5,0.3,0.5,-6.06,4.2,11.46,3.11,12.0,8.4,12.0,0.5,0.3,0.5,-9.52,0.0,5.63,-0.96,12.0,8.21,12.0,0.5,0.3,0.5,1000.79,1006.6,1015.21,1006.34,13.0,9.4,12.0,0.5,0.3,0.5,3.9,7.0,8.0,6.1,10.0,2.1,12.0,0.5,0.4,0.4,-41.1,23.6,191.3,35.4,12.0,135.4,12.0,0.5,0.3,0.5,-126.8,0.0,39.1,-13.0,12.0,137.2,12.0,0.5,0.3,0.5,2.54,6.5,8.14,5.77,10.0,3.8,12.0,0.4,0.3,0.4,23.1,49.5,108.7,59.3,10.0,42.1,12.0,0.4,0.3,0.4,2.36,4.26,4.7,3.6,7.0,1.34,12.0,0.4,0.3,0.4,14.5,29.0,72.7,40.8,7.0,29.5,12.0,0.4,0.3,0.4,-46.1,36.3,67.1,17.9,12.0,69.2,12.0,0.5,0.3,0.5,-55.4,0.0,68.5,6.4,12.0,70.3,12.0,0.5,0.3,0.5,5.6,30.7,54.4,27.1,9.0,32.6,12.0,0.6,0.3,0.5,-46.2,0.0,28.8,-9.1,9.0,43.3,12.0,0.6,0.3,0.5,3.4,24.4,47.2,23.2,7.0,28.3,12.0,0.4,0.3,0.4,-51.4,-18.7,2.2,-22.6,7.0,28.0,12.0,0.4,0.3,0.4,172.0,678.0,4913.0,2111.5,12.0,2761.5,12.0,0.5,0.3,0.5,170.0,680.0,4915.0,2110.0,12.0,2760.0,12.0,0.5,0.3,0.5
1974,2,163.0,38.0,10.35,10.5,12.73,11.42,5.0,1.61,12.0,0.2,0.5,0.5,7.69,8.0,10.02,8.56,7.0,1.73,12.0,0.4,0.5,0.4,4.93,5.28,5.86,5.35,5.0,0.51,12.0,0.2,0.5,0.5,72.1,82.8,87.6,80.1,5.0,8.9,12.0,0.2,0.5,9.65,11.8,16.5,12.43,7.0,3.8,12.0,0.4,0.5,0.4,8.14,10.22,16.26,11.07,7.0,5.49,12.0,0.4,0.5,0.4,-4.95,-2.87,2.86,-1.13,7.0,4.49,12.0,0.4,0.5,0.4,998.16,1002.0,1006.62,1002.53,6.0,6.91,14.0,0.3,0.5,0.4,3.0,3.0,8.0,4.7,7.0,2.6,12.0,0.4,0.5,0.4,79.6,120.6,268.3,155.0,7.0,103.1,12.0,0.4,0.5,0.4,-49.1,-36.3,41.3,-16.5,7.0,45.5,12.0,0.4,0.5,0.4,1.44,2.7,5.61,3.44,5.0,3.21,12.0,0.2,0.5,0.5,23.5,44.6,73.5,46.6,5.0,33.4,12.0,0.2,0.5,0.5,2.1,2.37,4.35,3.14,5.0,1.4,12.0,0.2,0.5,0.5,26.4,34.7,57.6,40.1,5.0,18.7,12.0,0.2,0.5,0.5,52.2,102.2,127.0,90.5,7.0,44.0,12.0,0.4,0.5,0.4,-49.5,-19.7,23.7,-8.5,7.0,43.8,12.0,0.4,0.5,0.4,31.1,83.5,91.2,63.8,5.0,37.6,12.0,0.2,0.5,0.5,-16.6,0.0,22.7,3.4,5.0,22.1,12.0,0.2,0.5,0.5,21.2,34.2,55.5,36.6,5.0,22.8,12.0,0.2,0.5,0.5,-10.7,0.0,9.3,-0.7,5.0,12.8,12.0,0.2,0.5,0.5,910.5,1643.0,4492.0,2373.5,7.0,1786.0,12.0,0.4,0.5,0.4,910.0,1645.0,4490.0,2375.0,7.0,1785.0,12.0,0.4,0.5,0.4
1974,2,163.0,39.0,8.96,9.8,11.46,10.34,5.0,2.1,10.0,0.4,0.6,0.5,5.34,6.4,7.51,6.43,4.0,1.28,12.0,0.5,0.6,0.5,3.84,4.69,4.86,4.36,3.0,0.8,8.0,0.3,0.6,0.6,64.3,71.1,75.7,70.1,3.0,8.4,8.0,0.3,0.6,7.2,7.7,12.48,9.66,5.0,3.54,10.0,0.4,0.6,0.5,-3.07,0.0,6.76,1.47,5.0,6.17,10.0,0.4,0.6,0.5,-11.16,-5.9,0.3,-5.0,5.0,7.56,10.0,0.4,0.6,0.5,1004.4,1010.0,1010.74,1007.96,5.0,3.81,10.0,0.4,0.6,0.5,3.3,5.0,7.4,5.2,5.0,2.4,10.0,0.4,0.6,0.5,-22.1,0.0,79.9,27.3,5.0,75.9,10.0,0.4,0.6,0.5,-140.4,-45.4,2.2,-63.7,5.0,89.0,10.0,0.4,0.6,0.5,1.99,2.75,4.03,3.0,4.0,1.3,12.0,0.5,0.6,0.5,18.6,28.8,33.9,26.3,4.0,9.6,12.0,0.5,0.6,0.5,2.47,2.97,3.42,2.95,3.0,0.69,8.0,0.3,0.6,0.6,20.1,26.1,39.5,29.7,3.0,14.6,8.0,0.3,0.6,0.6,-21.3,14.6,57.4,17.9,4.0,49.0,12.0,0.5,0.6,0.5,-68.4,-31.3,9.3,-29.6,4.0,53.2,12.0,0.5,0.6,0.5,-6.9,24.5,39.4,16.5,3.0,34.6,8.0,0.3,0.6,0.6,-47.0,-29.2,-17.7,-32.3,3.0,21.6,8.0,0.3,0.6,0.6,-11.9,11.1,23.6,6.0,3.0,26.4,8.0,0.3,0.6,0.6,-28.1,-13.2,-13.1,-20.4,3.0,12.7,8.0,0.3,0.6,0.6,373.0,456.5,2133.5,1223.0,5.0,1408.5,10.0,0.4,0.6,0.5,375.0,455.0,2135.0,1225.0,5.0,1410.0,10.0,0.4,0.6,0.5
1974,2,163.0,40.0,9.0,11.0,14.0,11.1,11.0,2.83,18.0,0.5,0.4,0.4,4.0,5.0,9.65,6.6,11.0,3.71,18.0,0.5,0.4,0.4,3.77,5.07,6.85,5.3,11.0,1.64,18.0,0.5,0.4,0.4,75.4,86.9,92.1,84.8,11.0,8.3,18.0,0.5,0.4,9.43,12.9,18.5,13.42,11.0,4.34,18.0,0.5,0.4,0.4,-2.42,7.89,13.38,6.64,11.0,7.89,18.0,0.5,0.4,0.4,-14.58,-5.15,4.9,-3.87,11.0,9.47,18.0,0.5,0.4,0.4,1001.17,1006.0,1021.1,1009.13,11.0,8.9,18.0,0.5,0.4,0.4,6.0,8.0,8.0,7.0,9.0,1.4,18.0,0.7,0.4,0.4,-34.0,91.9,234.8,103.0,11.0,127.4,18.0,0.5,0.4,0.4,-245.4,-53.0,51.6,-75.4,11.0,149.9,18.0,0.5,0.4,0.4,-0.12,5.0,9.71,4.5,11.0,5.01,18.0,0.5,0.4,0.4,-4.5,41.0,182.4,71.7,11.0,85.9,18.0,0.5,0.4,0.4,0.8,2.86,6.22,3.04,11.0,2.51,18.0,0.5,0.4,0.4,6.7,29.5,108.8,46.9,11.0,47.4,18.0,0.5,0.4,0.4,-15.2,35.5,86.3,44.7,11.0,53.9,18.0,0.5,0.4,0.4,-72.1,-11.9,64.3,-7.3,11.0,62.8,18.0,0.5,0.4,0.4,-13.8,45.4,64.0,34.1,11.0,39.4,18.0,0.5,0.4,0.4,-66.1,-21.4,40.1,-11.8,11.0,50.4,18.0,0.5,0.4,0.4,-8.3,17.4,63.3,28.0,11.0,42.3,18.0,0.5,0.4,0.4,-45.3,-14.7,-0.5,-27.1,11.0,34.6,18.0,0.5,0.4,0.4,869.0,2146.5,6331.5,3107.5,11.0,2521.0,18.0,0.5,0.4,0.4,870.0,2145.0,6330.0,3110.0,11.0,2520.0,18.0,0.5,0.4,0.4
1974,2,163.0,41.0,8.0,8.0,8.0,8.0,1.0,0.0,18.0,0.0,0.6,0.0,4.0,4.0,4.0,4.0,1.0,0.0,18.0,0.0,0.6,0.0,2.81,2.81,2.81,2.81,1.0,0.0,18.0,0.0,0.6,0.0,56.0,56.0,56.0,56.0,1.0,0.0,18.0,0.0,0.0,4.0,4.0,4.0,4.0,1.0,0.0,18.0,0.0,0.6,0.0,3.06,3.06,3.06,3.06,1.0,0.0,18.0,0.0,0.6,0.0,-2.57,-2.57,-2.57,-2.57,1.0,0.0,18.0,0.0,0.6,0.0,1014.5,1014.5,1014.5,1014.5,1.0,0.0,18.0,0.0,0.6,0.0,7.0,7.0,7.0,7.0,1.0,0.0,18.0,0.0,0.6,0.0,12.3,12.3,12.3,12.3,1.0,0.0,18.0,0.0,0.6,0.0,-10.3,-10.3,-10.3,-10.3,1.0,0.0,18.0,0.0,0.6,0.0,4.0,4.0,4.0,4.0,1.0,0.0,18.0,0.0,0.6,0.0,16.0,16.0,16.0,16.0,1.0,0.0,18.0,0.0,0.6,0.0,3.82,3.82,3.82,3.82,1.0,0.0,18.0,0.0,0.6,0.0,15.3,15.3,15.3,15.3,1.0,0.0,18.0,0.0,0.6,0.0,12.3,12.3,12.3,12.3,1.0,0.0,18.0,0.0,0.6,0.0,-10.3,-10.3,-10.3,-10.3,1.0,0.0,18.0,0.0,0.6,0.0,8.6,8.6,8.6,8.6,1.0,0.0,18.0,0.0,0.6,0.0,-7.2,-7.2,-7.2,-7.2,1.0,0.0,18.0,0.0,0.6,0.0,11.7,11.7,11.7,11.7,1.0,0.0,18.0,0.0,0.6,0.0,-9.8,-9.8,-9.8,-9.8,1.0,0.0,18.0,0.0,0.6,0.0,64.0,64.0,64.0,64.0,1.0,0.0,18.0,0.0,0.6,0.0,65.0,65.0,65.0,65.0,1.0,0.0,18.0,0.0,0.6,0.0
1974,2,163.0,42.0,5.89,6.7,7.07,6.52,5.0,0.65,20.0,0.8,0.2,0.3,4.56,5.5,7.57,5.94,5.0,1.76,20.0,0.8,0.2,0.3,3.82,4.68,4.7,4.28,4.0,0.82,18.0,0.8,0.3,0.3,66.3,78.0,85.5,76.0,4.0,11.8,18.0,0.8,0.3,6.02,12.3,15.4,11.0,5.0,4.78,20.0,0.8,0.2,0.3,0.46,9.9,12.56,7.04,5.0,6.77,20.0,0.8,0.2,0.3,-1.46,5.36,8.01,3.48,5.0,7.16,20.0,0.8,0.2,0.3,989.04,1005.9,1015.31,1001.48,5.0,17.93,20.0,0.8,0.2,0.3,4.6,6.0,6.7,5.8,5.0,1.5,20.0,0.8,0.2,0.3,2.3,149.0,171.8,101.0,5.0,96.1,20.0,0.8,0.2,0.3,-26.6,30.5,89.3,31.2,5.0,106.2,20.0,0.8,0.2,0.3,-0.68,1.0,1.65,0.58,5.0,1.27,20.0,0.8,0.2,0.3,-9.4,6.2,16.1,4.8,5.0,16.3,20.0,0.8,0.2,0.3,1.29,1.56,2.16,1.72,4.0,0.66,18.0,0.8,0.3,0.3,7.7,16.7,33.3,20.3,4.0,16.0,18.0,0.8,0.3,0.3,2.9,50.7,81.5,44.3,5.0,44.5,20.0,0.8,0.2,0.3,0.4,29.1,49.7,26.4,5.0,40.7,20.0,0.8,0.2,0.3,-0.9,24.9,43.8,21.6,4.0,26.7,18.0,0.8,0.3,0.3,-0.4,26.1,42.1,21.1,4.0,32.8,18.0,0.8,0.3,0.3,0.2,9.5,26.2,13.0,4.0,16.8,18.0,0.8,0.3,0.3,-7.7,7.2,13.8,3.3,4.0,16.8,18.0,0.8,0.3,0.3,219.0,1861.0,3652.5,1918.0,5.0,1720.5,20.0,0.8,0.2,0.3,220.0,1860.0,3650.0,1920.0,5.0,1720.0,20.0,0.8,0.2,0.3
1974,2,163.0,43.0,5.79,8.0,9.0,7.55,11.0,2.17,8.0,0.5,0.4,0.4,1.87,3.25,7.08,4.2,12.0,2.62,8.0,0.5,0.4,0.4,3.18,3.56,4.75,3.86,11.0,1.09,8.0,0.5,0.4,0.4,67.1,77.3,84.1,74.3,11.0,12.2,8.0,0.5,0.4,3.1,7.2,10.3,7.72,12.0,5.25,8.0,0.5,0.4,0.4,1.29,4.23,8.59,5.17,12.0,5.48,8.0,0.5,0.4,0.4,-4.89,-2.34,3.24,-0.99,12.0,5.69,8.0,0.5,0.4,0.4,992.05,1001.25,1014.8,1003.1,12.0,15.33,8.0,0.5,0.4,0.4,2.6,6.0,7.0,5.1,11.0,2.3,8.0,0.5,0.4,0.5,3.1,20.8,82.4,62.3,12.0,113.1,8.0,0.5,0.4,0.4,-44.6,-13.4,25.9,7.4,12.0,81.6,8.0,0.5,0.4,0.4,2.09,3.0,5.82,3.56,11.0,2.83,8.0,0.5,0.4,0.4,5.7,28.7,49.2,24.6,11.0,26.5,8.0,0.5,0.4,0.4,1.6,2.72,3.96,2.71,11.0,1.36,8.0,0.5,0.4,0.4,5.0,21.9,26.9,18.5,11.0,12.7,8.0,0.5,0.4,0.4,5.0,13.1,34.5,19.6,12.0,22.7,8.0,0.5,0.4,0.4,-13.2,-6.2,19.2,0.9,12.0,33.6,8.0,0.5,0.4,0.4,8.7,14.2,32.1,22.9,11.0,22.9,8.0,0.5,0.4,0.4,-13.8,-8.4,22.9,2.2,11.0,25.1,8.0,0.5,0.4,0.4,2.4,16.8,23.0,14.9,11.0,11.7,8.0,0.5,0.4,0.4,-15.5,-3.9,2.0,-4.4,11.0,11.6,8.0,0.5,0.4,0.4,30.0,422.0,1092.5,1237.5,12.0,2814.5,8.0,0.5,0.4,0.4,30.0,420.0,1095.0,1235.0,12.0,2815.0,8.0,0.5,0.4,0.4
1974,2,163.0,44.0,4.0,5.0,6.0,5.05,13.0,1.07,20.0,0.5,0.4,0.4,0.9,2.5,8.04,3.64,13.0,3.33,20.0,0.5,0.4,0.4,3.5,4.22,6.0,4.6,13.0,1.22,20.0,0.5,0.4,0.4,86.5,91.8,94.1,91.0,13.0,5.4,20.0,0.5,0.4,8.6,11.8,16.14,13.43,13.0,6.68,20.0,0.5,0.4,0.4,-11.46,2.98,7.67,-1.74,13.0,11.96,20.0,0.5,0.4,0.4,-9.07,-5.9,10.77,-1.06,13.0,9.62,20.0,0.5,0.4,0.4,995.86,1012.5,1015.38,1008.25,13.0,10.1,20.0,0.5,0.4,0.4,5.6,8.0,8.0,7.1,11.0,1.4,18.0,0.5,0.4,0.4,-174.6,25.9,83.8,-87.0,13.0,294.2,20.0,0.5,0.4,0.4,-95.2,-45.4,169.5,20.6,13.0,148.0,20.0,0.5,0.4,0.4,-2.09,2.3,4.05,1.41,13.0,3.14,20.0,0.5,0.4,0.4,-31.5,27.1,35.3,8.9,13.0,35.2,20.0,0.5,0.4,0.4,-0.44,1.22,1.95,0.85,13.0,1.14,20.0,0.5,0.4,0.4,-5.9,14.0,15.8,8.4,13.0,12.4,20.0,0.5,0.4,0.4,-81.8,0.0,18.1,-19.1,13.0,55.2,20.0,0.5,0.4,0.4,-21.0,0.0,88.1,21.2,13.0,51.5,20.0,0.5,0.4,0.4,-75.5,10.5,34.8,-11.7,13.0,56.5,20.0,0.5,0.4,0.4,-33.6,-20.3,62.5,4.0,13.0,49.7,20.0,0.5,0.4,0.4,-5.0,5.3,11.7,3.3,13.0,9.3,20.0,0.5,0.4,0.4,-14.8,-11.4,-4.3,-9.1,13.0,6.6,20.0,0.5,0.4,0.4,639.0,1643.0,4481.5,4506.5,13.0,8133.0,20.0,0.5,0.4,0.4,640.0,1645.0,4480.0,4505.0,13.0,8135.0,20.0,0.5,0.4,0.4
1974,2,163.0,45.0,2.38,4.0,4.59,3.71,11.0,1.8,14.0,0.6,0.5,0.4,0.75,3.0,4.25,2.67,12.0,2.38,14.0,0.7,0.5,0.3,2.68,3.26,3.75,3.23,10.0,0.51,14.0,0.7,0.5,0.3,65.6,69.6,82.0,71.2,10.0,10.5,14.0,0.7,0.3,5.55,12.1,15.4,10.85,12.0,5.15,14.0,0.7,0.5,0.3,-7.4,1.92,10.37,0.8,12.0,9.6,14.0,0.7,0.5,0.3,-5.4,2.68,10.32,2.33,12.0,7.49,14.0,0.7,0.5,0.3,1000.49,1007.9,1014.7,1006.12,12.0,10.23,14.0,0.7,0.5,0.3,3.7,7.0,8.0,6.0,12.0,2.2,14.0,0.7,0.5,0.3,-108.7,10.1,134.8,-8.9,12.0,153.4,14.0,0.7,0.5,0.3,-30.1,25.7,139.9,40.6,12.0,101.2,14.0,0.7,0.5,0.3,-2.12,0.8,4.83,1.07,11.0,3.61,14.0,0.6,0.5,0.4,-16.7,11.1,31.3,11.9,11.0,46.4,14.0,0.6,0.5,0.4,0.93,1.52,2.59,1.74,9.0,1.12,14.0,0.7,0.4,0.4,4.3,14.1,24.8,17.7,9.0,14.8,14.0,0.7,0.4,0.4,-14.6,6.0,35.2,8.7,12.0,28.4,14.0,0.7,0.5,0.3,-11.5,6.7,41.5,12.2,12.0,29.4,14.0,0.7,0.5,0.3,-28.8,5.3,39.3,4.2,10.0,33.6,14.0,0.7,0.5,0.3,-15.6,9.0,29.8,4.3,10.0,24.2,14.0,0.7,0.5,0.3,-17.9,0.0,7.7,-4.8,9.0,17.2,14.0,0.7,0.4,0.4,-12.3,0.0,17.3,0.1,9.0,15.7,14.0,0.7,0.4,0.4,172.0,1795.0,3652.5,2079.5,12.0,2327.5,14.0,0.7,0.5,0.3,170.0,1795.0,3650.0,2080.0,12.0,2330.0,14.0,0.7,0.5,0.3
1974,2,163.0,46.0,2.12,3.0,3.71,3.2,11.0,1.13,20.0,0.5,0.5,0.5,-0.53,1.0,3.41,1.51,11.0,2.44,20.0,0.5,0.5,0.5,3.2,3.51,4.25,3.77,10.0,0.86,18.0,0.4,0.5,0.4,78.4,92.3,98.5,89.3,10.0,10.3,18.0,0.4,0.4,6.49,8.7,11.96,9.12,11.0,3.02,20.0,0.5,0.5,0.5,-2.18,5.65,8.16,3.53,11.0,5.96,20.0,0.5,0.5,0.5,0.84,3.69,9.11,3.89,11.0,5.89,20.0,0.5,0.5,0.5,1007.72,1012.7,1021.24,1013.49,11.0,8.53,20.0,0.5,0.5,0.5,5.5,8.0,8.0,7.2,9.0,1.3,18.0,0.4,0.5,0.5,-13.0,44.9,83.0,34.5,11.0,62.7,20.0,0.5,0.5,0.5,6.3,29.4,96.4,39.8,11.0,72.3,20.0,0.5,0.5,0.5,-0.83,2.5,3.62,1.69,11.0,2.57,20.0,0.5,0.5,0.5,-5.1,16.8,31.4,13.2,11.0,25.9,20.0,0.5,0.5,0.5,0.36,1.04,1.88,1.0,10.0,0.94,18.0,0.4,0.5,0.4,2.1,7.3,17.0,7.5,10.0,9.5,18.0,0.4,0.5,0.4,-9.4,0.0,18.9,2.6,11.0,16.6,20.0,0.5,0.5,0.5,-0.3,12.9,22.9,16.3,11.0,24.0,20.0,0.5,0.5,0.5,-8.7,17.0,27.6,10.1,10.0,24.4,18.0,0.4,0.5,0.4,2.1,11.5,28.5,15.5,10.0,25.9,18.0,0.4,0.5,0.4,-3.6,5.1,9.8,3.7,10.0,6.2,18.0,0.4,0.5,0.4,-6.7,2.2,5.5,0.9,10.0,9.9,18.0,0.4,0.5,0.4,275.0,658.5,1733.5,983.5,11.0,805.5,20.0,0.5,0.5,0.5,275.0,660.0,1735.0,985.0,11.0,805.0,20.0,0.5,0.5,0.5
1974,2,163.0,47.0,2.16,2.5,3.52,2.83,3.0,1.04,10.0,0.7,0.4,0.5,0.32,1.0,3.05,1.67,3.0,2.08,10.0,0.7,0.4,0.5,3.23,3.57,3.91,3.57,3.0,0.49,10.0,0.7,0.4,0.5,76.6,80.8,89.1,82.8,3.0,9.3,10.0,0.7,0.5,4.76,5.1,7.22,5.97,3.0,1.95,10.0,0.7,0.4,0.5,-5.66,-4.32,-1.37,-3.53,3.0,3.21,10.0,0.7,0.4,0.5,-5.22,-5.1,-0.54,-2.93,3.0,3.9,10.0,0.7,0.4,0.5,996.82,997.5,1007.4,1002.0,3.0,8.67,10.0,0.7,0.4,0.5,3.6,7.0,7.7,5.7,3.0,3.2,10.0,0.7,0.4,0.5,-41.5,-19.9,-6.3,-23.8,3.0,26.0,10.0,0.7,0.4,0.5,-37.8,-26.0,-3.3,-20.7,3.0,25.7,10.0,0.7,0.4,0.5,0.32,1.0,2.02,1.17,3.0,1.26,10.0,0.7,0.4,0.5,1.6,5.1,15.6,8.5,3.0,10.7,10.0,0.7,0.4,0.5,0.99,1.03,1.25,1.12,3.0,0.21,10.0,0.7,0.4,0.5,5.2,6.9,7.9,6.6,3.0,2.0,10.0,0.7,0.4,0.5,-11.8,0.0,0.0,-5.8,3.0,10.0,10.0,0.7,0.4,0.5,-3.5,0.0,4.3,0.4,3.0,5.7,10.0,0.7,0.4,0.5,-20.9,-17.6,-5.6,-13.3,3.0,11.8,10.0,0.7,0.4,0.5,-17.8,-15.7,-0.6,-9.4,3.0,13.7,10.0,0.7,0.4,0.5,-5.7,-4.2,-1.3,-3.5,3.0,3.3,10.0,0.7,0.4,0.5,-6.4,-5.4,-0.7,-3.6,3.0,4.5,10.0,0.7,0.4,0.5,108.5,132.5,418.5,260.5,3.0,252.5,10.0,0.7,0.4,0.5,110.0,135.0,420.0,260.0,3.0,255.0,10.0,0.7,0.4,0.5
1974,2,163.0,48.0,2.21,3.0,4.0,2.95,10.0,1.34,10.0,0.7,0.5,0.5,0.79,1.0,3.0,1.73,11.0,1.25,10.0,0.7,0.5,0.5,3.46,3.8,4.43,3.93,9.0,0.54,10.0,0.7,0.5,0.5,83.0,89.8,100.0,89.3,9.0,10.1,10.0,0.7,0.5,7.29,10.8,15.31,11.21,11.0,4.69,10.0,0.7,0.5,0.5,-10.96,-5.8,4.24,-4.06,11.0,7.34,10.0,0.7,0.5,0.5,-4.92,3.35,9.91,3.82,11.0,8.5,10.0,0.7,0.5,0.5,985.36,1004.0,1010.71,999.49,11.0,15.3,10.0,0.7,0.5,0.5,4.4,6.5,8.0,6.2,10.0,1.9,10.0,0.8,0.4,0.5,-157.1,-38.9,26.6,-67.5,11.0,98.1,10.0,0.7,0.5,0.5,-41.3,43.9,125.6,57.5,11.0,139.0,10.0,0.7,0.5,0.5,-0.36,1.5,2.57,1.15,10.0,1.99,10.0,0.7,0.5,0.5,-3.5,14.4,22.5,11.3,10.0,20.8,10.0,0.7,0.5,0.5,0.41,0.81,1.58,0.84,9.0,0.88,10.0,0.7,0.5,0.5,4.1,6.4,19.7,9.0,9.0,10.5,10.0,0.7,0.5,0.5,-18.8,-11.4,1.5,-9.2,11.0,10.6,10.0,0.7,0.5,0.5,-4.1,6.7,30.6,12.0,11.0,18.4,10.0,0.7,0.5,0.5,-37.6,-18.9,17.6,-11.3,9.0,26.8,10.0,0.7,0.5,0.5,-5.1,27.3,48.4,22.5,9.0,32.0,10.0,0.7,0.5,0.5,-11.0,0.0,6.0,-2.8,9.0,9.2,10.0,0.7,0.5,0.5,-6.3,3.8,6.7,1.9,9.0,10.2,10.0,0.7,0.5,0.5,392.0,1259.5,3602.0,2133.0,11.0,2555.5,10.0,0.7,0.5,0.5,390.0,1260.0,3600.0,2135.0,11.0,2555.0,10.0,0.7,0.5,0.5
1974,2,163.0,49.0,2.0,2.0,3.0,2.4,5.0,0.55,12.0,0.6,0.6,0.7,-1.68,0.0,3.37,0.7,5.0,2.68,12.0,0.6,0.6,0.7,2.95,3.37,3.74,3.35,4.0,0.47,16.0,0.5,0.5,0.8,81.2,88.2,95.3,88.2,4.0,9.7,16.0,0.5,0.8,5.7,7.2,12.8,8.84,5.0,4.67,12.0,0.6,0.6,0.7,-1.11,2.46,9.83,4.27,5.0,7.07,12.0,0.6,0.6,0.7,-5.69,-0.54,4.17,-0.97,5.0,6.75,12.0,0.6,0.6,0.7,998.98,1003.9,1005.78,1002.28,5.0,6.05,12.0,0.6,0.6,0.7,5.3,8.0,8.0,6.8,5.0,1.8,12.0,0.6,0.6,0.7,-3.5,17.7,116.2,58.1,5.0,100.6,12.0,0.6,0.6,0.7,-57.9,-1.7,43.9,-11.4,5.0,70.8,12.0,0.6,0.6,0.7,-1.37,2.0,4.68,1.7,5.0,3.15,12.0,0.6,0.6,0.7,-12.8,6.2,48.2,16.3,5.0,36.6,12.0,0.6,0.6,0.7,0.69,1.22,1.77,1.23,4.0,0.63,16.0,0.5,0.5,0.8,3.7,9.6,19.8,11.6,4.0,10.4,16.0,0.5,0.5,0.8,-16.9,0.0,2.7,-5.8,5.0,12.1,12.0,0.6,0.6,0.7,-19.1,0.0,10.5,-4.8,5.0,24.4,12.0,0.6,0.6,0.7,-1.8,14.1,33.6,15.8,4.0,24.2,16.0,0.5,0.5,0.8,-4.6,3.1,16.9,6.0,4.0,14.0,16.0,0.5,0.5,0.8,0.0,7.4,19.2,9.5,4.0,12.1,16.0,0.5,0.5,0.8,-2.6,2.0,4.9,1.2,4.0,4.6,16.0,0.5,0.5,0.8,248.0,373.0,2250.0,1174.5,5.0,1483.5,12.0,0.6,0.6,0.7,250.0,375.0,2250.0,1175.0,5.0,1485.0,12.0,0.6,0.6,0.7
1974,2,163.0,50.0,0.59,3.3,5.0,2.88,11.0,2.23,10.0,0.5,0.5,0.2,0.77,1.4,2.67,1.64,10.0,1.24,10.0,0.5,0.5,0.2,3.05,3.32,3.51,3.23,8.0,0.64,12.0,0.5,0.5,0.2,70.1,79.7,89.0,77.1,8.0,17.3,12.0,0.5,0.2,4.07,7.7,15.18,9.25,11.0,6.85,10.0,0.5,0.5,0.2,-14.78,-3.99,1.61,-5.42,11.0,9.92,10.0,0.5,0.5,0.2,-4.75,0.0,3.09,-0.31,11.0,3.23,10.0,0.5,0.5,0.2,999.92,1003.4,1012.71,1003.45,11.0,11.18,10.0,0.5,0.5,0.2,4.4,7.0,7.6,6.1,10.0,1.9,10.0,0.5,0.5,0.3,-222.9,-24.7,8.2,-86.3,11.0,188.7,10.0,0.5,0.5,0.2,-33.0,0.0,18.0,-4.0,11.0,31.2,10.0,0.5,0.5,0.2,-1.19,1.05,2.79,0.93,10.0,2.15,10.0,0.5,0.5,0.2,-3.7,6.8,40.8,16.2,10.0,23.8,10.0,0.5,0.5,0.2,0.36,1.33,2.32,1.32,8.0,0.99,12.0,0.5,0.5,0.2,0.1,15.1,24.2,12.6,8.0,11.0,12.0,0.5,0.5,0.2,-18.7,-7.3,-0.8,-8.5,10.0,12.4,10.0,0.5,0.5,0.2,0.0,1.0,2.7,1.3,10.0,5.5,10.0,0.5,0.5,0.2,-54.7,-14.7,-0.9,-23.6,8.0,41.2,12.0,0.5,0.5,0.2,-13.4,0.0,9.2,-0.5,8.0,10.4,12.0,0.5,0.5,0.2,-19.5,-6.3,0.1,-6.1,8.0,15.2,12.0,0.5,0.5,0.2,-7.5,0.0,0.3,-2.2,8.0,5.0,12.0,0.5,0.5,0.2,85.0,456.5,3605.5,2160.5,11.0,3718.0,10.0,0.5,0.5,0.2,85.0,455.0,3605.0,2160.0,11.0,3720.0,10.0,0.5,0.5,0.2
1974,2,163.0,51.0,0.64,3.0,3.0,1.88,4.0,2.25,18.0,0.5,0.6,0.2,0.48,1.25,2.55,1.5,4.0,1.47,18.0,0.5,0.6,0.2,3.84,3.92,4.21,4.02,4.0,0.27,18.0,0.5,0.6,0.2,90.8,92.4,96.7,93.7,4.0,4.4,18.0,0.5,0.2,10.7,14.15,19.75,15.18,4.0,6.32,18.0,0.5,0.6,0.2,-15.81,-1.72,5.89,-4.81,4.0,13.52,18.0,0.5,0.6,0.2,-4.25,5.59,12.9,4.38,4.0,10.38,18.0,0.5,0.6,0.2,987.67,997.0,999.79,993.88,4.0,8.89,18.0,0.5,0.6,0.2,6.3,7.0,7.7,7.0,2.0,1.4,10.0,0.5,0.3,0.3,-312.6,2.7,82.2,-109.8,4.0,288.4,18.0,0.5,0.6,0.2,-100.6,72.1,185.4,43.7,4.0,182.3,18.0,0.5,0.6,0.2,-1.91,1.75,2.52,0.38,4.0,3.64,18.0,0.5,0.6,0.2,-27.6,29.6,46.8,10.5,4.0,52.5,18.0,0.5,0.6,0.2,-0.11,0.89,0.92,0.43,4.0,0.95,18.0,0.5,0.6,0.2,-3.2,10.8,18.3,7.7,4.0,14.9,18.0,0.5,0.6,0.2,-17.9,-6.5,11.8,-3.2,4.0,19.5,18.0,0.5,0.6,0.2,-4.2,0.0,20.5,7.7,4.0,21.2,18.0,0.5,0.6,0.2,-61.4,-7.3,24.5,-17.9,4.0,53.2,18.0,0.5,0.6,0.2,-16.3,24.7,52.6,18.4,4.0,41.3,18.0,0.5,0.6,0.2,-14.3,-6.9,-0.5,-7.4,4.0,10.4,18.0,0.5,0.6,0.2,-9.4,-3.8,7.0,-1.3,4.0,10.8,18.0,0.5,0.6,0.2,1367.0,2899.5,8713.0,4942.5,4.0,5712.0,18.0,0.5,0.6,0.2,1365.0,2900.0,8715.0,4940.0,4.0,5710.0,18.0,0.5,0.6,0.2
1974,2,163.0,52.0,,,,,,,,,,,,,,,,,,,,,,,,,,,,,,,,,,,,,,,,14.9,14.9,14.9,14.9,1.0,0.0,26.0,0.0,0.6,0.3,11.41,11.41,11.41,11.41,1.0,0.0,26.0,0.0,0.6,0.3,9.58,9.58,9.58,9.58,1.0,0.0,26.0,0.0,0.6,0.3,1018.0,1018.0,1018.0,1018.0,1.0,0.0,26.0,0.0,0.6,0.3,,,,,,,,,,,,,,,,,,,,,,,,,,,,,,,,,,,,,,,,,,,,,,,,,,,,,,,,,,,,,,,,,,,,,,,,,,,,,,,,,,,,,,,,,,,,,,,,,,,,,,,,,,,,,,,,,,,,,,,,,,,,,,,,,,,,,,,,,,,,,,,,,,,,,,
1974,2,163.0,53.0,,,,,,,,,,,,,,,,,,,,,,,,,,,,,,,,,,,,,,,,7.02,8.7,12.93,9.64,5.0,4.02,14.0,0.6,0.4,0.3,-9.57,-2.64,2.82,-3.16,5.0,6.78,14.0,0.6,0.4,0.3,-5.12,0.0,7.68,1.27,5.0,8.48,14.0,0.6,0.4,0.3,998.58,1005.9,1015.25,1005.68,5.0,11.88,14.0,0.6,0.4,0.3,,,,,,,,,,,,,,,,,,,,,,,,,,,,,,,,,,,,,,,,,,,,,,,,,,,,,,,,,,,,,,,,,,,,,,,,,,,,,,,,,,,,,,,,,,,,,,,,,,,,,,,,,,,,,,,,,,,,,,,,,,,,,,,,,,,,,,,,,,,,,,,,,,,,,,
1974,2,163.0,54.0,,,,,,,,,,,,,,,,,,,,,,,,,,,,,,,,,,,,,,,,17.16,17.5,17.84,17.5,2.0,0.71,18.0,0.0,0.9,0.4,-13.18,-3.4,6.38,-3.4,2.0,20.26,18.0,0.0,0.9,0.4,-0.56,4.95,10.46,4.95,2.0,11.42,18.0,0.0,0.9,0.4,1002.02,1002.7,1003.38,1002.7,2.0,1.41,18.0,0.0,0.9,0.4,,,,,,,,,,,,,,,,,,,,,,,,,,,,,,,,,,,,,,,,,,,,,,,,,,,,,,,,,,,,,,,,,,,,,,,,,,,,,,,,,,,,,,,,,,,,,,,,,,,,,,,,,,,,,,,,,,,,,,,,,,,,,,,,,,,,,,,,,,,,,,,,,,,,,,
1974,2,163.0,55.0,,,,,,,,,,,,,,,,,,,,,,,,,,,,,,,,,,,,,,,,12.9,12.9,12.9,12.9,1.0,0.0,10.0,0.0,0.9,0.3,-12.12,-12.12,-12.12,-12.12,1.0,0.0,10.0,0.0,0.9,0.3,-4.41,-4.41,-4.41,-4.41,1.0,0.0,10.0,0.0,0.9,0.3,1016.3,1016.3,1016.3,1016.3,1.0,0.0,10.0,0.0,0.9,0.3,,,,,,,,,,,,,,,,,,,,,,,,,,,,,,,,,,,,,,,,,,,,,,,,,,,,,,,,,,,,,,,,,,,,,,,,,,,,,,,,,,,,,,,,,,,,,,,,,,,,,,,,,,,,,,,,,,,,,,,,,,,,,,,,,,,,,,,,,,,,,,,,,,,,,,
1974,2,164.0,-70.0,,,,,,,,,,,,,,,,,,,,,,,,,,,,,,,,,,,,,,,,6.2,6.2,6.2,6.2,1.0,0.0,10.0,0.0,0.0,0.4,6.2,6.2,6.2,6.2,1.0,0.0,10.0,0.0,0.0,0.4,0.0,0.0,0.0,0.0,1.0,0.0,10.0,0.0,0.0,0.4,975.5,975.5,975.5,975.5,1.0,0.0,10.0,0.0,0.0,0.4,,,,,,,,,,,,,,,,,,,,,,,,,,,,,,,,,,,,,,,,,,,,,,,,,,,,,,,,,,,,,,,,,,,,,,,,,,,,,,,,,,,,,,,,,,,,,,,,,,,,,,,,,,,,,,,,,,,,,,,,,,,,,,,,,,,,,,,,,,,,,,,,,,,,,,
1974,2,164.0,-68.0,-0.5,-0.5,-0.5,-0.5,1.0,0.0,10.0,0.0,0.6,1.0,-3.2,-3.2,-3.2,-3.2,1.0,0.0,10.0,0.0,0.6,1.0,2.45,2.45,2.45,2.45,1.0,0.0,10.0,0.0,0.6,1.0,79.1,79.1,79.1,79.1,1.0,0.0,10.0,0.0,1.0,12.9,12.9,12.9,12.9,1.0,0.0,10.0,0.0,0.6,1.0,12.12,12.12,12.12,12.12,1.0,0.0,10.0,0.0,0.6,1.0,4.41,4.41,4.41,4.41,1.0,0.0,10.0,0.0,0.6,1.0,976.0,976.0,976.0,976.0,1.0,0.0,10.0,0.0,0.6,1.0,7.0,7.0,7.0,7.0,1.0,0.0,10.0,0.0,0.6,1.0,156.4,156.4,156.4,156.4,1.0,0.0,10.0,0.0,0.6,1.0,56.9,56.9,56.9,56.9,1.0,0.0,10.0,0.0,0.6,1.0,2.7,2.7,2.7,2.7,1.0,0.0,10.0,0.0,0.6,1.0,34.8,34.8,34.8,34.8,1.0,0.0,10.0,0.0,0.6,1.0,1.33,1.33,1.33,1.33,1.0,0.0,10.0,0.0,0.6,1.0,17.2,17.2,17.2,17.2,1.0,0.0,10.0,0.0,0.6,1.0,-38.8,-38.8,-38.8,-38.8,1.0,0.0,10.0,0.0,0.6,1.0,-14.1,-14.1,-14.1,-14.1,1.0,0.0,10.0,0.0,0.6,1.0,29.7,29.7,29.7,29.7,1.0,0.0,10.0,0.0,0.6,1.0,10.8,10.8,10.8,10.8,1.0,0.0,10.0,0.0,0.6,1.0,16.1,16.1,16.1,16.1,1.0,0.0,10.0,0.0,0.6,1.0,5.9,5.9,5.9,5.9,1.0,0.0,10.0,0.0,0.6,1.0,2146.5,2146.5,2146.5,2146.5,1.0,0.0,10.0,0.0,0.6,1.0,2145.0,2145.0,2145.0,2145.0,1.0,0.0,10.0,0.0,0.6,1.0
1974,2,164.0,-67.0,-0.9,0.4,0.6,-0.13,3.0,1.19,8.0,0.3,0.5,0.5,-1.69,-0.8,-0.25,-0.97,3.0,1.06,8.0,0.3,0.5,0.5,2.38,2.38,2.38,2.38,1.0,0.0,8.0,1.0,0.3,0.3,70.7,70.7,70.7,70.7,1.0,0.0,8.0,1.0,0.3,6.43,8.0,8.14,7.3,3.0,1.39,8.0,0.3,0.5,0.5,-2.95,5.61,6.63,1.93,3.0,7.71,8.0,0.3,0.5,0.5,-4.07,-4.0,-1.95,-3.03,3.0,1.77,8.0,0.3,0.5,0.5,972.85,976.4,985.62,979.17,3.0,9.65,8.0,0.3,0.5,0.5,3.9,8.0,8.0,6.0,3.0,3.5,8.0,0.3,0.5,0.5,-27.7,32.0,49.9,11.6,3.0,59.5,8.0,0.3,0.5,0.5,-33.1,-32.0,-14.0,-23.8,3.0,15.7,8.0,0.3,0.5,0.5,-0.26,0.7,1.93,0.83,3.0,1.6,8.0,0.3,0.5,0.5,-2.0,5.7,11.5,4.8,3.0,10.0,8.0,0.3,0.5,0.5,1.66,1.66,1.66,1.66,1.0,0.0,8.0,1.0,0.3,0.3,9.5,9.5,9.5,9.5,1.0,0.0,8.0,1.0,0.3,0.3,-8.0,0.0,3.8,-2.1,3.0,8.9,8.0,0.3,0.5,0.5,0.7,2.1,2.8,1.8,3.0,1.6,8.0,0.3,0.5,0.5,13.3,13.3,13.3,13.3,1.0,0.0,8.0,1.0,0.3,0.3,-2.4,-2.4,-2.4,-2.4,1.0,0.0,8.0,1.0,0.3,0.3,9.3,9.3,9.3,9.3,1.0,0.0,8.0,1.0,0.3,0.3,-1.6,-1.6,-1.6,-1.6,1.0,0.0,8.0,1.0,0.3,0.3,289.0,512.0,539.0,416.0,3.0,201.0,8.0,0.3,0.5,0.5,290.0,510.0,540.0,415.0,3.0,200.0,8.0,0.3,0.5,0.5
1974,2,164.0,-66.0,,,,,,,,,,,,,,,,,,,,,,,,,,,,,,,,,,,,,,,,13.9,13.9,13.9,13.9,1.0,0.0,20.0,1.0,0.9,0.4,13.06,13.06,13.06,13.06,1.0,0.0,20.0,1.0,0.9,0.4,-4.75,-4.75,-4.75,-4.75,1.0,0.0,20.0,1.0,0.9,0.4,1001.7,1001.7,1001.7,1001.7,1.0,0.0,20.0,1.0,0.9,0.4,,,,,,,,,,,,,,,,,,,,,,,,,,,,,,,,,,,,,,,,,,,,,,,,,,,,,,,,,,,,,,,,,,,,,,,,,,,,,,,,,,,,,,,,,,,,,,,,,,,,,,,,,,,,,,,,,,,,,,,,,,,,,,,,,,,,,,,,,,,,,,,,,,,,,,
1974,2,164.0,-46.0,14.5,14.5,14.5,14.5,1.0,0.0,12.0,1.0,0.5,0.3,14.0,14.0,14.0,14.0,1.0,0.0,12.0,1.0,0.5,0.3,7.54,7.54,7.54,7.54,1.0,0.0,12.0,1.0,0.5,0.3,76.8,76.8,76.8,76.8,1.0,0.0,12.0,1.0,0.3,10.3,10.3,10.3,10.3,1.0,0.0,12.0,1.0,0.5,0.3,-3.52,-3.52,-3.52,-3.52,1.0,0.0,12.0,1.0,0.5,0.3,9.68,9.68,9.68,9.68,1.0,0.0,12.0,1.0,0.5,0.3,1022.0,1022.0,1022.0,1022.0,1.0,0.0,12.0,1.0,0.5,0.3,7.0,7.0,7.0,7.0,1.0,0.0,12.0,1.0,0.5,0.3,-36.3,-36.3,-36.3,-36.3,1.0,0.0,12.0,1.0,0.5,0.3,99.7,99.7,99.7,99.7,1.0,0.0,12.0,1.0,0.5,0.3,0.5,0.5,0.5,0.5,1.0,0.0,12.0,1.0,0.5,0.3,5.2,5.2,5.2,5.2,1.0,0.0,12.0,1.0,0.5,0.3,2.61,2.61,2.61,2.61,1.0,0.0,12.0,1.0,0.5,0.3,26.9,26.9,26.9,26.9,1.0,0.0,12.0,1.0,0.5,0.3,-49.3,-49.3,-49.3,-49.3,1.0,0.0,12.0,1.0,0.5,0.3,135.5,135.5,135.5,135.5,1.0,0.0,12.0,1.0,0.5,0.3,-26.6,-26.6,-26.6,-26.6,1.0,0.0,12.0,1.0,0.5,0.3,73.0,73.0,73.0,73.0,1.0,0.0,12.0,1.0,0.5,0.3,-9.2,-9.2,-9.2,-9.2,1.0,0.0,12.0,1.0,0.5,0.3,25.3,25.3,25.3,25.3,1.0,0.0,12.0,1.0,0.5,0.3,1092.5,1092.5,1092.5,1092.5,1.0,0.0,12.0,1.0,0.5,0.3,1095.0,1095.0,1095.0,1095.0,1.0,0.0,12.0,1.0,0.5,0.3
1974,2,164.0,-41.0,19.13,19.4,19.6,19.37,3.0,0.35,14.0,0.7,0.7,0.7,18.54,19.7,19.9,19.23,3.0,1.08,14.0,0.7,0.7,0.7,11.35,13.22,13.3,12.34,3.0,1.62,14.0,0.7,0.7,0.7,85.3,91.1,92.6,89.0,3.0,5.7,14.0,0.7,0.7,3.47,7.7,8.79,6.17,3.0,4.12,14.0,0.7,0.7,0.7,0.49,2.63,7.18,3.81,3.0,5.01,14.0,0.7,0.7,0.7,-0.96,0.0,4.94,1.94,3.0,4.64,14.0,0.7,0.7,0.7,1012.47,1013.9,1020.18,1016.27,3.0,6.01,14.0,0.7,0.7,0.7,8.0,8.0,8.0,8.0,3.0,0.0,14.0,0.7,0.7,0.7,5.9,20.3,65.5,35.3,3.0,45.5,14.0,0.7,0.7,0.7,-1.4,0.0,38.0,17.9,3.0,32.8,14.0,0.7,0.7,0.7,-0.3,-0.3,0.59,0.13,3.0,0.75,14.0,0.7,0.7,0.7,-2.0,-0.4,5.1,1.5,3.0,5.5,14.0,0.7,0.7,0.7,0.8,1.04,2.41,1.59,3.0,1.27,14.0,0.7,0.7,0.7,3.1,6.4,18.1,10.5,3.0,11.5,14.0,0.7,0.7,0.7,8.0,47.4,140.1,73.5,3.0,99.3,14.0,0.7,0.7,0.7,-19.2,0.0,88.9,34.0,3.0,84.5,14.0,0.7,0.7,0.7,4.1,27.6,93.4,48.3,3.0,67.8,14.0,0.7,0.7,0.7,-12.7,0.0,51.7,19.0,3.0,50.0,14.0,0.7,0.7,0.7,1.7,6.4,7.5,4.6,3.0,4.5,14.0,0.7,0.7,0.7,-1.0,0.0,15.1,6.9,3.0,13.2,14.0,0.7,0.7,0.7,147.0,456.5,694.0,421.5,3.0,401.5,14.0,0.7,0.7,0.7,145.0,455.0,695.0,420.0,3.0,400.0,14.0,0.7,0.7,0.7
1974,2,164.0,-39.0,19.9,20.75,21.6,20.75,2.0,1.77,16.0,0.5,0.8,0.8,18.4,19.25,20.1,19.25,2.0,1.77,16.0,0.5,0.8,0.8,11.67,12.47,13.28,12.47,2.0,1.66,16.0,0.5,0.8,0.8,88.6,89.6,90.6,89.6,2.0,2.1,16.0,0.5,0.8,6.86,7.2,7.54,7.2,2.0,0.71,16.0,0.5,0.8,0.8,5.96,6.1,6.23,6.1,2.0,0.28,16.0,0.5,0.8,0.8,-1.14,1.33,3.8,1.33,2.0,5.12,16.0,0.5,0.8,0.8,1012.07,1012.65,1013.23,1012.65,2.0,1.2,16.0,0.5,0.8,0.8,4.6,6.0,7.4,6.0,2.0,2.8,16.0,0.5,0.8,0.8,42.7,43.8,44.9,43.8,2.0,2.3,16.0,0.5,0.8,0.8,-6.9,11.4,29.6,11.4,2.0,37.8,16.0,0.5,0.8,0.8,1.5,1.5,1.5,1.5,2.0,0.0,16.0,0.5,0.8,0.8,10.3,10.8,11.3,10.8,2.0,1.1,16.0,0.5,0.8,0.8,2.81,2.81,2.81,2.81,2.0,0.01,16.0,0.5,0.8,0.8,19.3,20.2,21.2,20.2,2.0,2.0,16.0,0.5,0.8,0.8,109.8,117.6,125.4,117.6,2.0,16.2,16.0,0.5,0.8,0.8,-25.4,21.1,67.5,21.1,2.0,96.2,16.0,0.5,0.8,0.8,69.7,76.3,82.9,76.3,2.0,13.7,16.0,0.5,0.8,0.8,-17.4,12.3,42.1,12.3,2.0,61.7,16.0,0.5,0.8,0.8,16.8,17.1,17.5,17.1,2.0,0.8,16.0,0.5,0.8,0.8,-3.2,3.7,10.7,3.7,2.0,14.4,16.0,0.5,0.8,0.8,325.5,378.5,432.0,378.5,2.0,110.0,16.0,0.5,0.8,0.8,325.0,380.0,430.0,380.0,2.0,110.0,16.0,0.5,0.8,0.8
1974,2,164.0,-38.0,21.0,21.0,21.34,21.17,3.0,0.29,18.0,0.7,0.4,0.5,20.0,20.5,21.52,20.75,4.0,0.96,16.0,0.5,0.3,0.4,9.54,9.91,11.88,10.69,3.0,1.84,18.0,0.7,0.4,0.5,61.1,68.4,81.9,71.5,3.0,15.5,18.0,0.7,0.5,2.24,4.65,7.59,4.9,4.0,3.51,16.0,0.5,0.3,0.4,-1.68,-0.24,4.82,1.48,4.0,4.97,16.0,0.5,0.3,0.4,-4.46,-1.16,1.86,-1.29,4.0,3.8,16.0,0.5,0.3,0.4,1011.58,1014.2,1019.92,1015.68,4.0,6.06,16.0,0.5,0.3,0.4,1.0,1.0,4.1,2.5,4.0,3.0,16.0,0.5,0.3,0.4,-7.1,-2.6,42.8,17.0,4.0,43.0,16.0,0.5,0.3,0.4,-30.8,-14.4,5.6,-12.7,4.0,21.2,16.0,0.5,0.3,0.4,-0.37,1.0,1.34,0.5,3.0,1.32,18.0,0.7,0.4,0.5,1.0,5.4,8.1,4.6,3.0,5.2,18.0,0.7,0.4,0.5,3.7,5.94,6.02,4.88,3.0,1.93,18.0,0.7,0.4,0.5,11.0,21.8,23.7,17.5,3.0,10.1,18.0,0.7,0.4,0.5,-34.1,-4.9,96.8,29.7,4.0,99.5,16.0,0.5,0.3,0.4,-92.0,-22.3,38.0,-26.8,4.0,78.5,16.0,0.5,0.3,0.4,-14.2,4.7,77.8,31.2,3.0,71.2,18.0,0.7,0.4,0.5,-25.2,8.1,21.2,-1.8,3.0,35.1,18.0,0.7,0.4,0.5,-8.6,3.0,16.8,4.0,3.0,18.6,18.0,0.7,0.4,0.5,-4.1,5.1,13.0,4.5,3.0,12.6,18.0,0.7,0.4,0.5,22.5,116.0,509.5,259.5,4.0,371.5,16.0,0.5,0.3,0.4,25.0,115.0,510.0,260.0,4.0,370.0,16.0,0.5,0.3,0.4
1974,2,164.0,-37.0,21.32,22.0,22.68,22.0,3.0,1.0,14.0,0.7,0.5,0.7,20.0,20.0,20.68,20.33,3.0,0.58,14.0,0.7,0.5,0.7,11.08,13.8,14.95,13.03,3.0,2.91,14.0,0.7,0.5,0.7,76.5,94.0,98.1,87.4,3.0,16.8,14.0,0.7,0.7,5.61,6.7,8.47,7.03,3.0,2.12,14.0,0.7,0.5,0.7,-7.88,-5.13,-3.87,-5.86,3.0,3.01,14.0,0.7,0.5,0.7,-3.18,-1.61,2.43,-0.41,3.0,4.24,14.0,0.7,0.5,0.7,1005.93,1013.1,1019.99,1012.97,3.0,10.3,14.0,0.7,0.5,0.7,3.2,8.0,8.0,5.7,3.0,4.0,14.0,0.7,0.5,0.7,-69.1,-34.4,-22.3,-45.4,3.0,35.5,14.0,0.7,0.5,0.7,-18.4,-15.0,14.9,-2.0,3.0,26.9,14.0,0.7,0.5,0.7,1.0,1.0,2.37,1.67,3.0,1.15,14.0,0.7,0.5,0.7,7.5,9.3,13.4,10.4,3.0,4.4,14.0,0.7,0.5,0.7,1.91,3.89,5.0,3.46,3.0,2.29,14.0,0.7,0.5,0.7,12.6,19.8,31.5,22.0,3.0,14.0,14.0,0.7,0.5,0.7,-163.9,-102.6,-77.3,-120.2,3.0,65.2,14.0,0.7,0.5,0.7,-64.1,-33.9,48.0,-8.6,3.0,85.0,14.0,0.7,0.5,0.7,-112.7,-50.4,-46.9,-79.1,3.0,54.3,14.0,0.7,0.5,0.7,-44.7,-25.0,20.9,-12.2,3.0,49.3,14.0,0.7,0.5,0.7,-23.4,-12.8,-10.2,-16.7,3.0,10.2,14.0,0.7,0.5,0.7,-10.9,-1.6,15.7,2.3,3.0,19.8,14.0,0.7,0.5,0.7,186.0,301.0,644.5,412.5,3.0,349.5,14.0,0.7,0.5,0.7,185.0,300.0,645.0,415.0,3.0,350.0,14.0,0.7,0.5,0.7
1974,2,164.0,-36.0,21.0,21.0,21.34,21.17,3.0,0.29,20.0,0.3,0.2,0.1,19.08,21.4,21.81,20.47,3.0,2.16,20.0,0.3,0.2,0.1,10.03,11.7,15.02,12.5,3.0,3.72,20.0,0.3,0.2,0.1,73.1,74.1,91.8,82.2,3.0,15.4,20.0,0.3,0.1,5.35,6.95,8.55,6.95,2.0,3.32,26.0,0.5,0.1,0.2,0.5,1.59,2.68,1.59,2.0,2.25,26.0,0.5,0.1,0.2,5.26,6.67,8.08,6.67,2.0,2.93,26.0,0.5,0.1,0.2,1009.6,1015.2,1016.5,1013.1,3.0,5.37,20.0,0.3,0.2,0.1,5.0,7.0,7.7,6.3,3.0,2.1,20.0,0.3,0.2,0.1,4.7,14.8,24.9,14.8,2.0,20.9,26.0,0.5,0.1,0.2,30.7,51.2,71.7,51.2,2.0,42.5,26.0,0.5,0.1,0.2,-0.81,-0.4,2.26,0.7,3.0,2.44,20.0,0.3,0.2,0.1,3.6,15.4,27.1,15.4,2.0,24.3,26.0,0.5,0.1,0.2,0.51,3.74,5.73,3.13,3.0,3.86,20.0,0.3,0.2,0.1,24.3,39.6,54.8,39.6,2.0,31.6,26.0,0.5,0.1,0.2,9.1,28.6,48.2,28.6,2.0,40.5,26.0,0.5,0.1,0.2,107.8,127.9,148.0,127.9,2.0,41.6,26.0,0.5,0.1,0.2,4.7,14.7,24.7,14.7,2.0,20.8,26.0,0.5,0.1,0.2,58.1,67.3,76.5,67.3,2.0,19.1,26.0,0.5,0.1,0.2,3.4,10.6,17.8,10.6,2.0,15.0,26.0,0.5,0.1,0.2,23.7,37.7,51.7,37.7,2.0,29.0,26.0,0.5,0.1,0.2,209.5,451.0,692.0,451.0,2.0,500.0,26.0,0.5,0.1,0.2,210.0,450.0,690.0,450.0,2.0,500.0,26.0,0.5,0.1,0.2
1974,2,164.0,-35.0,20.87,22.65,23.58,22.48,12.0,1.61,16.0,0.5,0.4,0.8,20.0,21.8,22.2,21.28,13.0,1.2,16.0,0.5,0.4,0.8,12.75,14.46,15.39,14.08,13.0,1.2,16.0,0.5,0.4,0.8,83.0,90.1,94.3,89.5,13.0,6.8,16.0,0.5,0.8,2.55,5.1,12.3,6.56,13.0,4.29,16.0,0.5,0.4,0.8,-5.2,-2.56,0.18,-2.85,13.0,4.2,16.0,0.5,0.4,0.8,-0.04,2.41,10.64,3.96,13.0,4.66,16.0,0.5,0.4,0.8,1005.34,1014.5,1018.84,1013.22,13.0,6.0,16.0,0.5,0.4,0.8,5.7,8.0,8.0,6.8,13.0,2.0,16.0,0.5,0.4,0.8,-54.0,-9.0,0.6,-28.4,13.0,54.8,16.0,0.5,0.4,0.8,-0.1,16.2,116.4,39.8,13.0,53.8,16.0,0.5,0.4,0.8,-0.53,1.45,3.05,1.27,12.0,1.75,16.0,0.5,0.4,0.8,-2.8,4.0,22.3,9.9,12.0,14.3,16.0,0.5,0.4,0.8,1.91,3.22,4.24,3.06,12.0,1.67,16.0,0.5,0.4,0.8,5.0,18.0,33.9,19.8,12.0,14.9,16.0,0.5,0.4,0.8,-113.8,-55.1,3.3,-61.2,13.0,91.0,16.0,0.5,0.4,0.8,-0.9,53.1,199.3,80.6,13.0,93.6,16.0,0.5,0.4,0.8,-78.4,-34.0,2.1,-41.8,13.0,63.3,16.0,0.5,0.4,0.8,-0.6,37.7,128.3,53.1,13.0,62.5,16.0,0.5,0.4,0.8,-16.8,-7.2,1.6,-8.0,12.0,11.9,16.0,0.5,0.4,0.8,-0.5,4.3,29.7,12.3,12.0,16.5,16.0,0.5,0.4,0.8,17.0,132.5,1861.0,658.0,13.0,926.0,16.0,0.5,0.4,0.8,15.0,135.0,1860.0,660.0,13.0,925.0,16.0,0.5,0.4,0.8
1974,2,164.0,-33.0,22.16,22.5,22.84,22.5,2.0,0.71,10.0,0.5,0.5,0.9,23.32,24.0,24.68,24.0,2.0,1.41,10.0,0.5,0.5,0.9,16.22,16.78,17.35,16.78,2.0,1.17,10.0,0.5,0.5,0.9,89.1,90.0,90.9,90.0,2.0,1.8,10.0,0.5,0.9,7.11,8.0,8.89,8.0,2.0,1.84,10.0,0.5,0.5,0.9,-0.68,1.35,3.37,1.35,2.0,4.19,10.0,0.5,0.5,0.9,-6.89,-2.01,2.86,-2.01,2.0,10.11,10.0,0.5,0.5,0.9,1008.35,1010.4,1012.45,1010.4,2.0,4.24,10.0,0.5,0.5,0.9,3.6,5.0,6.4,5.0,2.0,2.8,10.0,0.5,0.5,0.9,-8.1,6.9,21.9,6.9,2.0,31.0,10.0,0.5,0.5,0.9,-66.2,-25.4,15.4,-25.4,2.0,84.5,10.0,0.5,0.5,0.9,-1.84,-1.5,-1.16,-1.5,2.0,0.71,10.0,0.5,0.5,0.9,-16.7,-12.6,-8.6,-12.6,2.0,8.4,10.0,0.5,0.5,0.9,0.08,0.25,0.42,0.25,2.0,0.35,10.0,0.5,0.5,0.9,0.5,1.7,2.8,1.7,2.0,2.4,10.0,0.5,0.5,0.9,-18.2,29.3,76.9,29.3,2.0,98.6,10.0,0.5,0.5,0.9,-173.9,-55.5,63.0,-55.5,2.0,245.4,10.0,0.5,0.5,0.9,-13.0,20.1,53.3,20.1,2.0,68.7,10.0,0.5,0.5,0.9,-122.7,-39.7,43.3,-39.7,2.0,172.0,10.0,0.5,0.5,0.9,0.3,1.1,1.8,1.1,2.0,1.5,10.0,0.5,0.5,0.9,0.4,1.3,2.2,1.3,2.0,1.8,10.0,0.5,0.5,0.9,380.5,552.5,724.5,552.5,2.0,356.0,10.0,0.5,0.5,0.9,380.0,555.0,725.0,555.0,2.0,355.0,10.0,0.5,0.5,0.9
1974,2,164.0,-32.0,20.52,21.65,22.78,21.65,2.0,2.33,18.0,0.0,0.4,0.4,22.05,22.15,22.25,22.15,2.0,0.21,18.0,0.0,0.4,0.4,12.36,12.9,13.44,12.9,2.0,1.12,18.0,0.0,0.4,0.4,74.0,77.5,81.0,77.5,2.0,7.2,18.0,0.0,0.4,6.26,8.75,11.24,8.75,2.0,5.16,18.0,0.0,0.4,0.4,-9.65,-7.32,-4.99,-7.32,2.0,4.83,18.0,0.0,0.4,0.4,3.74,4.74,5.74,4.74,2.0,2.07,18.0,0.0,0.4,0.4,1005.91,1008.95,1011.99,1008.95,2.0,6.29,18.0,0.0,0.4,0.4,2.1,4.5,6.9,4.5,2.0,4.9,18.0,0.0,0.4,0.4,-115.2,-76.5,-37.9,-76.5,2.0,80.1,18.0,0.0,0.4,0.4,26.3,46.8,67.3,46.8,2.0,42.5,18.0,0.0,0.4,0.4,-1.52,-0.5,0.52,-0.5,2.0,2.12,18.0,0.0,0.4,0.4,-20.1,-9.8,0.4,-9.8,2.0,21.1,18.0,0.0,0.4,0.4,1.73,3.35,4.97,3.35,2.0,3.36,18.0,0.0,0.4,0.4,14.8,20.7,26.5,20.7,2.0,12.1,18.0,0.0,0.4,0.4,-212.6,-161.7,-110.8,-161.7,2.0,105.5,18.0,0.0,0.4,0.4,83.1,104.8,126.4,104.8,2.0,44.8,18.0,0.0,0.4,0.4,-131.2,-97.1,-63.1,-97.1,2.0,70.5,18.0,0.0,0.4,0.4,46.9,62.3,77.7,62.3,2.0,32.0,18.0,0.0,0.4,0.4,-20.5,-16.4,-12.4,-16.4,2.0,8.4,18.0,0.0,0.4,0.4,8.1,12.4,16.7,12.4,2.0,9.0,18.0,0.0,0.4,0.4,414.0,1019.5,1625.0,1019.5,2.0,1254.5,18.0,0.0,0.4,0.4,415.0,1020.0,1625.0,1020.0,2.0,1255.0,18.0,0.0,0.4,0.4
1974,2,164.0,-31.0,22.43,24.0,24.55,23.5,3.0,1.61,10.0,0.7,0.5,0.6,23.5,23.5,24.52,24.0,3.0,0.87,10.0,0.7,0.5,0.6,15.99,16.09,16.5,16.24,3.0,0.4,10.0,0.7,0.5,0.6,83.9,88.0,90.3,87.1,3.0,4.8,10.0,0.7,0.6,7.5,10.3,12.76,10.13,3.0,3.85,10.0,0.7,0.5,0.6,-10.54,-10.3,-3.27,-6.98,3.0,6.05,10.0,0.7,0.5,0.6,1.97,6.2,8.07,5.04,3.0,4.58,10.0,0.7,0.5,0.6,1002.46,1008.6,1014.61,1008.53,3.0,8.9,10.0,0.7,0.5,0.6,6.3,7.0,7.7,7.0,3.0,1.0,10.0,0.7,0.5,0.6,-134.7,-106.1,-33.7,-84.7,3.0,76.3,10.0,0.7,0.5,0.6,12.2,38.4,97.0,54.2,3.0,63.6,10.0,0.7,0.5,0.6,-1.29,-0.2,0.28,-0.5,3.0,1.18,10.0,0.7,0.5,0.6,-17.5,-1.2,3.1,-7.0,3.0,15.9,10.0,0.7,0.5,0.6,0.67,2.76,3.17,1.94,3.0,1.97,10.0,0.7,0.5,0.6,3.7,20.8,26.0,15.0,3.0,17.1,10.0,0.7,0.5,0.6,-247.6,-242.0,-76.8,-164.1,3.0,142.2,10.0,0.7,0.5,0.6,49.2,155.0,192.5,121.7,3.0,108.9,10.0,0.7,0.5,0.6,-173.4,-164.1,-52.1,-114.0,3.0,98.9,10.0,0.7,0.5,0.6,31.7,99.8,133.5,83.0,3.0,76.0,10.0,0.7,0.5,0.6,-19.4,0.0,2.2,-8.4,3.0,17.4,10.0,0.7,0.5,0.6,-1.9,0.0,14.2,6.0,3.0,12.9,10.0,0.7,0.5,0.6,509.5,1092.5,2180.0,1339.0,3.0,1242.0,10.0,0.7,0.5,0.6,510.0,1095.0,2180.0,1340.0,3.0,1240.0,10.0,0.7,0.5,0.6
1974,2,164.0,-30.0,23.96,24.2,24.98,24.5,5.0,0.86,12.0,0.2,0.2,0.6,23.1,24.0,24.62,23.86,5.0,0.98,12.0,0.2,0.2,0.6,14.98,16.15,17.77,16.22,5.0,1.88,12.0,0.2,0.2,0.6,84.1,88.0,90.8,87.1,5.0,4.8,12.0,0.2,0.6,4.76,5.1,6.19,5.47,3.0,1.1,18.0,0.3,0.1,0.7,-4.19,-3.91,0.32,-1.98,3.0,3.7,18.0,0.3,0.1,0.7,-0.03,3.28,5.34,2.67,3.0,3.97,18.0,0.3,0.1,0.7,999.74,1007.6,1014.26,1007.12,5.0,7.36,12.0,0.2,0.2,0.6,4.0,6.0,7.5,5.8,4.0,2.2,14.0,0.3,0.2,0.7,-19.9,-19.9,4.2,-8.2,3.0,20.4,18.0,0.3,0.1,0.7,0.4,16.7,34.1,17.2,3.0,24.7,18.0,0.3,0.1,0.7,-0.4,0.2,1.63,0.64,5.0,1.76,12.0,0.2,0.2,0.6,1.7,3.4,13.6,7.5,3.0,9.4,18.0,0.3,0.1,0.7,1.35,2.67,4.55,3.09,5.0,2.71,12.0,0.2,0.2,0.6,14.3,18.5,32.6,23.3,3.0,14.0,18.0,0.3,0.1,0.7,-98.6,-87.5,9.0,-45.8,3.0,86.7,18.0,0.3,0.1,0.7,-2.5,73.4,124.3,61.2,3.0,93.5,18.0,0.3,0.1,0.7,-64.1,-51.9,8.5,-28.4,3.0,57.0,18.0,0.3,0.1,0.7,-3.5,43.6,82.4,39.5,3.0,63.0,18.0,0.3,0.1,0.7,-24.1,-11.6,0.7,-11.7,3.0,18.1,18.0,0.3,0.1,0.7,2.6,17.4,22.7,12.8,3.0,15.2,18.0,0.3,0.1,0.7,108.5,132.5,247.5,177.0,3.0,108.5,18.0,0.3,0.1,0.7,110.0,135.0,245.0,175.0,3.0,110.0,18.0,0.3,0.1,0.7
1974,2,164.0,-29.0,25.1,25.3,25.5,25.3,2.0,0.42,20.0,0.0,0.4,0.8,22.93,23.2,23.75,23.33,3.0,0.61,22.0,0.0,0.3,0.7,12.49,13.33,16.2,14.32,3.0,2.84,22.0,0.0,0.3,0.7,71.3,77.2,88.8,80.0,3.0,13.0,22.0,0.0,0.7,6.7,6.7,8.47,7.57,3.0,1.5,22.0,0.0,0.3,0.7,-5.71,-5.13,-0.06,-2.94,3.0,4.55,22.0,0.0,0.3,0.7,-2.93,4.31,6.23,1.71,3.0,7.08,22.0,0.0,0.3,0.7,1011.96,1012.1,1012.92,1012.43,3.0,0.76,22.0,0.0,0.3,0.7,2.3,3.0,5.7,4.0,3.0,2.6,22.0,0.0,0.3,0.7,-48.9,-34.4,-0.4,-24.9,3.0,36.4,22.0,0.0,0.3,0.7,-19.6,28.9,54.4,17.6,3.0,55.1,22.0,0.0,0.3,0.7,1.29,1.9,2.51,1.9,2.0,1.27,20.0,0.0,0.4,0.8,9.8,16.4,23.0,16.4,2.0,13.7,20.0,0.0,0.4,0.8,3.05,4.73,6.41,4.73,2.0,3.48,20.0,0.0,0.4,0.8,23.4,41.0,58.7,41.0,2.0,36.6,20.0,0.0,0.4,0.8,-130.8,-119.1,-0.3,-66.8,3.0,105.8,22.0,0.0,0.3,0.7,-71.4,99.9,142.6,37.1,3.0,165.9,22.0,0.0,0.3,0.7,-74.1,-62.1,7.7,-33.9,3.0,64.7,22.0,0.0,0.3,0.7,-58.8,52.1,81.4,12.3,3.0,108.3,22.0,0.0,0.3,0.7,-35.4,-18.9,-2.5,-18.9,2.0,34.1,20.0,0.0,0.4,0.8,-3.9,18.5,40.9,18.5,2.0,46.3,20.0,0.0,0.4,0.8,301.0,301.0,644.5,468.5,3.0,291.0,22.0,0.0,0.3,0.7,300.0,300.0,645.0,470.0,3.0,290.0,22.0,0.0,0.3,0.7
1974,2,164.0,-28.0,23.53,25.1,25.1,24.33,3.0,1.33,10.0,0.7,0.5,0.9,24.42,24.9,25.38,24.9,2.0,0.99,8.0,0.5,0.5,0.9,11.37,14.27,17.16,14.27,2.0,6.01,8.0,0.5,0.5,0.9,59.1,71.8,84.4,71.8,2.0,26.2,8.0,0.5,0.9,7.11,8.0,8.89,8.0,2.0,1.84,8.0,0.5,0.5,0.9,-5.06,-4.89,-4.73,-4.89,2.0,0.34,8.0,0.5,0.5,0.9,-7.46,-6.18,-4.9,-6.18,2.0,2.65,8.0,0.5,0.5,0.9,1009.27,1010.5,1011.73,1010.5,2.0,2.55,8.0,0.5,0.5,0.9,6.2,6.5,6.8,6.5,2.0,0.7,8.0,0.5,0.5,0.9,-41.8,-38.8,-35.8,-38.8,2.0,6.3,8.0,0.5,0.5,0.9,-67.6,-51.9,-36.2,-51.9,2.0,32.6,8.0,0.5,0.5,0.9,-1.26,-0.95,-0.64,-0.95,2.0,0.64,8.0,0.5,0.5,0.9,-8.6,-7.0,-5.4,-7.0,2.0,3.3,8.0,0.5,0.5,0.9,2.34,4.37,6.41,4.37,2.0,4.21,8.0,0.5,0.5,0.9,18.7,31.1,43.5,31.1,2.0,25.6,8.0,0.5,0.5,0.9,-123.4,-121.6,-119.9,-121.6,2.0,3.7,8.0,0.5,0.5,0.9,-190.0,-155.2,-120.4,-155.2,2.0,72.1,8.0,0.5,0.5,0.9,-80.6,-68.8,-56.9,-68.8,2.0,24.5,8.0,0.5,0.5,0.9,-132.3,-96.1,-60.0,-96.1,2.0,74.9,8.0,0.5,0.5,0.9,-32.8,-22.1,-11.5,-22.1,2.0,22.1,8.0,0.5,0.5,0.9,-28.4,-21.5,-14.5,-21.5,2.0,14.4,8.0,0.5,0.5,0.9,380.5,552.5,724.5,552.5,2.0,356.0,8.0,0.5,0.5,0.9,380.0,555.0,725.0,555.0,2.0,355.0,8.0,0.5,0.5,0.9
1974,2,164.0,-27.0,26.0,26.0,26.0,26.0,1.0,0.0,8.0,0.0,0.4,0.8,24.7,24.7,24.7,24.7,1.0,0.0,8.0,0.0,0.4,0.8,17.89,17.89,17.89,17.89,1.0,0.0,8.0,0.0,0.4,0.8,91.9,91.9,91.9,91.9,1.0,0.0,8.0,0.0,0.8,1.0,1.0,1.0,1.0,1.0,0.0,8.0,0.0,0.4,0.8,-1.0,-1.0,-1.0,-1.0,1.0,0.0,8.0,0.0,0.4,0.8,0.0,0.0,0.0,0.0,1.0,0.0,8.0,0.0,0.4,0.8,1010.1,1010.1,1010.1,1010.1,1.0,0.0,8.0,0.0,0.4,0.8,2.0,2.0,2.0,2.0,1.0,0.0,8.0,0.0,0.4,0.8,-1.0,-1.0,-1.0,-1.0,1.0,0.0,8.0,0.0,0.4,0.8,0.0,0.0,0.0,0.0,1.0,0.0,8.0,0.0,0.4,0.8,1.3,1.3,1.3,1.3,1.0,0.0,8.0,0.0,0.4,0.8,1.3,1.3,1.3,1.3,1.0,0.0,8.0,0.0,0.4,0.8,3.18,3.18,3.18,3.18,1.0,0.0,8.0,0.0,0.4,0.8,3.2,3.2,3.2,3.2,1.0,0.0,8.0,0.0,0.4,0.8,-24.7,-24.7,-24.7,-24.7,1.0,0.0,8.0,0.0,0.4,0.8,0.0,0.0,0.0,0.0,1.0,0.0,8.0,0.0,0.4,0.8,-17.9,-17.9,-17.9,-17.9,1.0,0.0,8.0,0.0,0.4,0.8,0.0,0.0,0.0,0.0,1.0,0.0,8.0,0.0,0.4,0.8,-3.2,-3.2,-3.2,-3.2,1.0,0.0,8.0,0.0,0.4,0.8,0.0,0.0,0.0,0.0,1.0,0.0,8.0,0.0,0.4,0.8,1.0,1.0,1.0,1.0,1.0,0.0,8.0,0.0,0.4,0.8,0.0,0.0,0.0,0.0,1.0,0.0,8.0,0.0,0.4,0.8
1974,2,164.0,-25.0,26.1,26.1,26.1,26.1,1.0,0.0,14.0,0.0,0.0,0.6,25.6,25.6,25.6,25.6,1.0,0.0,14.0,0.0,0.0,0.6,20.49,20.49,20.49,20.49,1.0,0.0,14.0,0.0,0.0,0.6,100.0,100.0,100.0,100.0,1.0,0.0,14.0,0.0,0.6,4.1,4.1,4.1,4.1,1.0,0.0,14.0,0.0,0.0,0.6,-1.4,-1.4,-1.4,-1.4,1.0,0.0,14.0,0.0,0.0,0.6,-3.85,-3.85,-3.85,-3.85,1.0,0.0,14.0,0.0,0.0,0.6,1013.8,1013.8,1013.8,1013.8,1.0,0.0,14.0,0.0,0.0,0.6,2.0,2.0,2.0,2.0,1.0,0.0,14.0,0.0,0.0,0.6,-5.7,-5.7,-5.7,-5.7,1.0,0.0,14.0,0.0,0.0,0.6,-15.8,-15.8,-15.8,-15.8,1.0,0.0,14.0,0.0,0.0,0.6,0.5,0.5,0.5,0.5,1.0,0.0,14.0,0.0,0.0,0.6,2.1,2.1,2.1,2.1,1.0,0.0,14.0,0.0,0.0,0.6,0.62,0.62,0.62,0.62,1.0,0.0,14.0,0.0,0.0,0.6,2.6,2.6,2.6,2.6,1.0,0.0,14.0,0.0,0.0,0.6,-35.9,-35.9,-35.9,-35.9,1.0,0.0,14.0,0.0,0.0,0.6,-98.6,-98.6,-98.6,-98.6,1.0,0.0,14.0,0.0,0.0,0.6,-28.7,-28.7,-28.7,-28.7,1.0,0.0,14.0,0.0,0.0,0.6,-78.9,-78.9,-78.9,-78.9,1.0,0.0,14.0,0.0,0.0,0.6,-0.9,-0.9,-0.9,-0.9,1.0,0.0,14.0,0.0,0.0,0.6,-2.4,-2.4,-2.4,-2.4,1.0,0.0,14.0,0.0,0.0,0.6,69.0,69.0,69.0,69.0,1.0,0.0,14.0,0.0,0.0,0.6,70.0,70.0,70.0,70.0,1.0,0.0,14.0,0.0,0.0,0.6
1974,2,164.0,-24.0,26.06,27.35,28.94,27.4,8.0,1.42,12.0,0.4,0.5,0.5,25.45,26.0,27.52,26.21,7.0,1.22,12.0,0.3,0.5,0.5,17.25,18.02,19.53,18.0,7.0,1.89,12.0,0.3,0.5,0.5,75.3,88.2,91.5,84.5,7.0,8.7,12.0,0.3,0.5,2.66,6.95,8.53,5.91,8.0,3.15,12.0,0.4,0.5,0.5,-6.4,-2.83,1.26,-2.35,8.0,3.96,12.0,0.4,0.5,0.5,-0.23,2.06,7.58,2.44,8.0,4.59,12.0,0.4,0.5,0.5,1008.0,1008.5,1010.76,1008.94,8.0,1.59,12.0,0.4,0.5,0.5,3.1,5.5,8.0,5.5,8.0,2.4,12.0,0.4,0.5,0.5,-49.8,-17.1,1.8,-19.7,8.0,31.4,12.0,0.4,0.5,0.5,-0.3,5.7,67.1,19.8,8.0,40.3,12.0,0.4,0.5,0.5,0.19,0.5,2.57,1.31,7.0,1.47,12.0,0.3,0.5,0.5,0.3,3.4,25.9,10.1,7.0,12.3,12.0,0.3,0.5,0.5,2.44,5.35,6.92,5.17,7.0,2.18,12.0,0.3,0.5,0.5,6.8,45.3,55.2,32.4,7.0,24.2,12.0,0.3,0.5,0.5,-176.5,-69.8,44.6,-59.6,7.0,113.1,12.0,0.3,0.5,0.5,-13.4,40.3,134.6,43.3,7.0,109.5,12.0,0.3,0.5,0.5,-125.6,-51.9,30.4,-43.9,7.0,74.7,12.0,0.3,0.5,0.5,-9.5,30.0,77.6,29.2,7.0,77.9,12.0,0.3,0.5,0.5,-36.5,-6.3,7.8,-13.6,7.0,29.2,12.0,0.3,0.5,0.5,-2.9,3.6,35.1,6.8,7.0,26.3,12.0,0.3,0.5,0.5,19.0,337.0,627.0,356.0,8.0,375.0,12.0,0.4,0.5,0.5,20.0,335.0,625.0,355.0,8.0,375.0,12.0,0.4,0.5,0.5
1974,2,164.0,-23.0,25.79,26.5,27.0,26.33,6.0,0.82,12.0,0.2,0.4,0.6,26.56,27.5,28.09,27.35,8.0,0.92,14.0,0.3,0.4,0.7,18.32,19.44,22.05,19.86,7.0,1.87,14.0,0.3,0.4,0.6,75.1,92.1,93.8,87.1,7.0,9.5,14.0,0.3,0.6,6.26,6.95,8.09,7.14,8.0,0.9,14.0,0.3,0.4,0.7,-6.26,-4.13,-0.17,-3.67,8.0,3.0,14.0,0.3,0.4,0.7,1.33,5.74,6.76,4.74,8.0,3.0,14.0,0.3,0.4,0.7,1006.06,1007.5,1009.89,1007.26,8.0,2.75,14.0,0.3,0.4,0.7,2.1,3.5,5.8,3.9,8.0,1.8,14.0,0.3,0.4,0.7,-50.1,-27.8,-1.5,-26.4,8.0,21.4,14.0,0.3,0.4,0.7,8.4,40.8,48.3,34.9,8.0,24.2,14.0,0.3,0.4,0.7,-2.1,-0.6,0.1,-0.87,6.0,1.16,12.0,0.2,0.4,0.6,-13.3,-4.3,0.7,-5.7,6.0,7.6,12.0,0.2,0.4,0.6,0.43,2.21,3.43,2.08,6.0,1.53,12.0,0.2,0.4,0.6,2.8,15.2,23.8,14.0,6.0,9.9,12.0,0.2,0.4,0.6,-171.7,-111.7,-4.6,-98.9,8.0,80.4,14.0,0.3,0.4,0.7,35.0,159.3,190.0,131.2,8.0,83.2,14.0,0.3,0.4,0.7,-128.4,-50.9,0.0,-67.1,7.0,60.4,14.0,0.3,0.4,0.6,19.9,105.8,142.3,93.3,7.0,66.8,14.0,0.3,0.4,0.6,-8.1,-1.7,0.0,-5.2,6.0,9.2,12.0,0.2,0.4,0.6,0.4,6.8,19.8,9.6,6.0,10.5,12.0,0.2,0.4,0.6,245.5,337.0,531.5,379.5,8.0,151.0,14.0,0.3,0.4,0.7,245.0,335.0,530.0,380.0,8.0,150.0,14.0,0.3,0.4,0.7
1974,2,164.0,-22.0,26.92,26.95,26.98,26.95,2.0,0.07,18.0,0.5,0.3,0.6,26.8,26.8,26.8,26.8,2.0,0.0,18.0,0.5,0.3,0.6,17.58,17.78,17.98,17.78,2.0,0.41,18.0,0.5,0.3,0.6,79.7,80.7,81.7,80.7,2.0,2.1,18.0,0.5,0.6,8.45,9.0,9.55,9.0,2.0,1.13,18.0,0.5,0.3,0.6,-7.47,-2.78,1.92,-2.78,2.0,9.72,18.0,0.5,0.3,0.6,2.56,4.4,6.24,4.4,2.0,3.82,18.0,0.5,0.3,0.6,1008.83,1010.2,1011.57,1010.2,2.0,2.83,18.0,0.5,0.3,0.6,4.2,4.5,4.8,4.5,2.0,0.7,18.0,0.5,0.3,0.6,-74.2,-30.5,13.3,-30.5,2.0,90.7,18.0,0.5,0.3,0.6,23.3,37.5,51.6,37.5,2.0,29.4,18.0,0.5,0.3,0.6,0.12,0.15,0.18,0.15,2.0,0.07,18.0,0.5,0.3,0.6,1.0,1.4,1.8,1.4,2.0,0.8,18.0,0.5,0.3,0.6,4.33,4.52,4.7,4.52,2.0,0.38,18.0,0.5,0.3,0.6,39.6,40.4,41.2,40.4,2.0,1.7,18.0,0.5,0.3,0.6,-200.2,-74.4,51.4,-74.4,2.0,260.6,18.0,0.5,0.3,0.6,68.6,118.0,167.4,118.0,2.0,102.3,18.0,0.5,0.3,0.6,-135.3,-51.3,32.6,-51.3,2.0,174.0,18.0,0.5,0.3,0.6,45.6,77.5,109.4,77.5,2.0,66.1,18.0,0.5,0.3,0.6,-31.4,-10.7,10.0,-10.7,2.0,42.9,18.0,0.5,0.3,0.6,11.5,20.6,29.7,20.6,2.0,18.9,18.0,0.5,0.3,0.6,613.0,746.5,879.5,746.5,2.0,275.5,18.0,0.5,0.3,0.6,615.0,745.0,880.0,745.0,2.0,275.0,18.0,0.5,0.3,0.6
1974,2,164.0,-17.0,27.5,27.5,27.5,27.5,1.0,0.0,8.0,1.0,0.1,0.3,28.1,28.1,28.1,28.1,1.0,0.0,8.0,1.0,0.1,0.3,18.88,18.88,18.88,18.88,1.0,0.0,8.0,1.0,0.1,0.3,79.4,79.4,79.4,79.4,1.0,0.0,8.0,1.0,0.3,6.2,6.2,6.2,6.2,1.0,0.0,8.0,1.0,0.1,0.3,-3.99,-3.99,-3.99,-3.99,1.0,0.0,8.0,1.0,0.1,0.3,-4.75,-4.75,-4.75,-4.75,1.0,0.0,8.0,1.0,0.1,0.3,1011.37,1011.95,1012.53,1011.95,2.0,1.2,4.0,0.5,0.2,0.3,6.0,6.0,6.0,6.0,1.0,0.0,8.0,1.0,0.1,0.3,-24.7,-24.7,-24.7,-24.7,1.0,0.0,8.0,1.0,0.1,0.3,-29.4,-29.4,-29.4,-29.4,1.0,0.0,8.0,1.0,0.1,0.3,-0.6,-0.6,-0.6,-0.6,1.0,0.0,8.0,1.0,0.1,0.3,-3.7,-3.7,-3.7,-3.7,1.0,0.0,8.0,1.0,0.1,0.3,4.14,4.14,4.14,4.14,1.0,0.0,8.0,1.0,0.1,0.3,25.7,25.7,25.7,25.7,1.0,0.0,8.0,1.0,0.1,0.3,-112.0,-112.0,-112.0,-112.0,1.0,0.0,8.0,1.0,0.1,0.3,-133.5,-133.5,-133.5,-133.5,1.0,0.0,8.0,1.0,0.1,0.3,-75.2,-75.2,-75.2,-75.2,1.0,0.0,8.0,1.0,0.1,0.3,-89.7,-89.7,-89.7,-89.7,1.0,0.0,8.0,1.0,0.1,0.3,-16.5,-16.5,-16.5,-16.5,1.0,0.0,8.0,1.0,0.1,0.3,-19.7,-19.7,-19.7,-19.7,1.0,0.0,8.0,1.0,0.1,0.3,238.5,238.5,238.5,238.5,1.0,0.0,8.0,1.0,0.1,0.3,240.0,240.0,240.0,240.0,1.0,0.0,8.0,1.0,0.1,0.3
1974,2,164.0,-16.0,28.5,28.5,28.5,28.5,1.0,0.0,10.0,0.0,0.0,0.4,27.0,27.0,27.0,27.0,1.0,0.0,10.0,0.0,0.0,0.4,17.54,17.54,17.54,17.54,1.0,0.0,10.0,0.0,0.0,0.4,78.3,78.3,78.3,78.3,1.0,0.0,10.0,0.0,0.4,2.6,2.6,2.6,2.6,1.0,0.0,10.0,0.0,0.0,0.4,-2.6,-2.6,-2.6,-2.6,1.0,0.0,10.0,0.0,0.0,0.4,0.0,0.0,0.0,0.0,1.0,0.0,10.0,0.0,0.0,0.4,1007.32,1012.3,1012.3,1009.87,3.0,4.21,4.0,0.7,0.1,0.4,3.0,3.0,3.0,3.0,1.0,0.0,10.0,0.0,0.0,0.4,-6.8,-6.8,-6.8,-6.8,1.0,0.0,10.0,0.0,0.0,0.4,0.0,0.0,0.0,0.0,1.0,0.0,10.0,0.0,0.0,0.4,1.5,1.5,1.5,1.5,1.0,0.0,10.0,0.0,0.0,0.4,3.9,3.9,3.9,3.9,1.0,0.0,10.0,0.0,0.0,0.4,7.03,7.03,7.03,7.03,1.0,0.0,10.0,0.0,0.0,0.4,18.3,18.3,18.3,18.3,1.0,0.0,10.0,0.0,0.0,0.4,-70.2,-70.2,-70.2,-70.2,1.0,0.0,10.0,0.0,0.0,0.4,0.0,0.0,0.0,0.0,1.0,0.0,10.0,0.0,0.0,0.4,-45.6,-45.6,-45.6,-45.6,1.0,0.0,10.0,0.0,0.0,0.4,0.0,0.0,0.0,0.0,1.0,0.0,10.0,0.0,0.0,0.4,-18.3,-18.3,-18.3,-18.3,1.0,0.0,10.0,0.0,0.0,0.4,0.0,0.0,0.0,0.0,1.0,0.0,10.0,0.0,0.0,0.4,17.5,17.5,17.5,17.5,1.0,0.0,10.0,0.0,0.0,0.4,20.0,20.0,20.0,20.0,1.0,0.0,10.0,0.0,0.0,0.4
1974,2,164.0,-15.0,,,,,,,,,,,,,,,,,,,,,,,,,,,,,,,,,,,,,,,,6.7,6.7,6.7,6.7,1.0,0.0,22.0,0.0,0.5,0.7,1.16,1.16,1.16,1.16,1.0,0.0,22.0,0.0,0.5,0.7,-6.6,-6.6,-6.6,-6.6,1.0,0.0,22.0,0.0,0.5,0.7,1008.1,1008.1,1008.1,1008.1,1.0,0.0,22.0,0.0,0.5,0.7,,,,,,,,,,,,,,,,,,,,,,,,,,,,,,,,,,,,,,,,,,,,,,,,,,,,,,,,,,,,,,,,,,,,,,,,,,,,,,,,,,,,,,,,,,,,,,,,,,,,,,,,,,,,,,,,,,,,,,,,,,,,,,,,,,,,,,,,,,,,,,,,,,,,,,
1974,2,164.0,-14.0,28.26,28.4,28.67,28.47,3.0,0.31,8.0,0.7,0.5,0.4,28.52,29.0,29.0,28.77,3.0,0.4,8.0,0.7,0.5,0.4,18.98,19.05,20.1,19.52,3.0,0.92,8.0,0.7,0.5,0.4,76.3,78.5,80.5,78.4,3.0,3.0,8.0,0.7,0.4,6.86,7.2,7.54,7.2,3.0,0.5,8.0,0.7,0.5,0.4,2.0,6.3,6.94,4.51,3.0,3.93,8.0,0.7,0.5,0.4,2.4,2.63,5.75,4.04,3.0,2.74,8.0,0.7,0.5,0.4,1002.38,1003.2,1006.14,1004.23,3.0,2.89,8.0,0.7,0.5,0.4,4.0,6.0,7.4,5.7,3.0,2.5,8.0,0.7,0.5,0.4,13.4,42.2,51.4,32.6,3.0,29.1,8.0,0.7,0.5,0.4,16.9,20.3,41.8,29.2,3.0,19.8,8.0,0.7,0.5,0.4,-0.47,-0.2,-0.13,-0.3,3.0,0.26,8.0,0.7,0.5,0.4,-3.2,-1.4,-1.0,-2.1,3.0,1.7,8.0,0.7,0.5,0.4,4.69,5.16,5.34,5.02,3.0,0.49,8.0,0.7,0.5,0.4,33.5,36.3,38.7,36.1,3.0,3.8,8.0,0.7,0.5,0.4,58.0,182.6,197.7,129.1,3.0,112.4,8.0,0.7,0.5,0.4,69.0,74.5,166.2,116.6,3.0,80.0,8.0,0.7,0.5,0.4,37.9,119.3,131.9,85.7,3.0,74.8,8.0,0.7,0.5,0.4,45.6,50.2,117.1,80.6,3.0,58.6,8.0,0.7,0.5,0.4,10.8,34.1,36.3,23.8,3.0,20.7,8.0,0.7,0.5,0.4,12.8,13.6,26.3,19.4,3.0,11.1,8.0,0.7,0.5,0.4,324.0,373.0,430.0,377.0,3.0,78.0,8.0,0.7,0.5,0.4,325.0,375.0,430.0,375.0,3.0,80.0,8.0,0.7,0.5,0.4
1974,2,164.0,-13.0,28.53,28.7,29.42,28.94,5.0,0.56,12.0,0.8,0.4,0.5,28.38,29.0,29.0,28.72,5.0,0.44,12.0,0.8,0.4,0.5,18.84,19.03,19.47,19.15,4.0,0.47,8.0,0.8,0.5,0.6,74.9,77.8,80.4,77.6,4.0,3.2,8.0,0.8,0.6,5.86,7.2,9.06,7.45,4.0,2.18,8.0,1.0,0.5,0.5,5.31,6.48,7.85,6.58,4.0,1.85,8.0,1.0,0.5,0.5,2.41,3.2,4.53,3.46,4.0,1.32,8.0,1.0,0.5,0.5,1004.83,1005.2,1006.8,1005.74,5.0,1.18,12.0,0.8,0.4,0.5,2.9,5.0,5.4,4.2,5.0,1.9,12.0,0.8,0.4,0.5,31.9,46.8,72.6,52.0,4.0,29.2,8.0,1.0,0.5,0.5,14.1,22.5,41.9,27.8,4.0,18.4,8.0,1.0,0.5,0.5,-0.47,0.6,0.74,0.22,5.0,0.66,12.0,0.8,0.4,0.5,-3.6,0.5,5.2,0.8,4.0,5.1,8.0,1.0,0.5,0.5,5.68,5.73,5.77,5.73,4.0,0.06,8.0,0.8,0.5,0.6,39.8,44.1,54.7,47.2,3.0,11.2,2.0,1.0,0.6,0.5,154.0,188.0,225.7,189.8,4.0,52.1,8.0,1.0,0.5,0.5,70.0,92.8,130.3,99.8,4.0,37.3,8.0,1.0,0.5,0.5,120.6,126.6,160.8,140.4,3.0,31.8,2.0,1.0,0.6,0.5,52.5,73.1,92.9,72.7,3.0,29.6,2.0,1.0,0.6,0.5,36.4,38.2,47.4,41.8,3.0,8.6,2.0,1.0,0.6,0.5,15.8,22.0,27.3,21.6,3.0,8.4,2.0,1.0,0.6,0.5,212.5,378.5,790.0,495.5,4.0,419.5,8.0,1.0,0.5,0.5,215.0,380.0,790.0,495.0,4.0,420.0,8.0,1.0,0.5,0.5
1974,2,164.0,-12.0,29.0,29.0,29.0,29.0,1.0,0.0,2.0,0.0,0.0,0.3,28.2,28.2,28.2,28.2,1.0,0.0,2.0,0.0,0.0,0.3,20.27,20.27,20.27,20.27,1.0,0.0,2.0,0.0,0.0,0.3,84.3,84.3,84.3,84.3,1.0,0.0,2.0,0.0,0.3,6.2,6.2,6.2,6.2,1.0,0.0,2.0,0.0,0.0,0.3,5.83,5.83,5.83,5.83,1.0,0.0,2.0,0.0,0.0,0.3,2.12,2.12,2.12,2.12,1.0,0.0,2.0,0.0,0.0,0.3,1006.2,1006.2,1006.2,1006.2,1.0,0.0,2.0,0.0,0.0,0.3,7.0,7.0,7.0,7.0,1.0,0.0,2.0,0.0,0.0,0.3,36.1,36.1,36.1,36.1,1.0,0.0,2.0,0.0,0.0,0.3,13.1,13.1,13.1,13.1,1.0,0.0,2.0,0.0,0.0,0.3,0.8,0.8,0.8,0.8,1.0,0.0,2.0,0.0,0.0,0.3,5.0,5.0,5.0,5.0,1.0,0.0,2.0,0.0,0.0,0.3,5.0,5.0,5.0,5.0,1.0,0.0,2.0,0.0,0.0,0.3,31.0,31.0,31.0,31.0,1.0,0.0,2.0,0.0,0.0,0.3,164.3,164.3,164.3,164.3,1.0,0.0,2.0,0.0,0.0,0.3,59.8,59.8,59.8,59.8,1.0,0.0,2.0,0.0,0.0,0.3,118.1,118.1,118.1,118.1,1.0,0.0,2.0,0.0,0.0,0.3,43.0,43.0,43.0,43.0,1.0,0.0,2.0,0.0,0.0,0.3,29.1,29.1,29.1,29.1,1.0,0.0,2.0,0.0,0.0,0.3,10.6,10.6,10.6,10.6,1.0,0.0,2.0,0.0,0.0,0.3,238.5,238.5,238.5,238.5,1.0,0.0,2.0,0.0,0.0,0.3,240.0,240.0,240.0,240.0,1.0,0.0,2.0,0.0,0.0,0.3
1974,2,164.0,-11.0,27.48,28.5,29.52,28.5,2.0,2.12,12.0,1.0,0.9,0.5,28.0,28.0,28.0,28.0,1.0,0.0,22.0,1.0,0.9,0.5,20.19,20.19,20.19,20.19,1.0,0.0,22.0,1.0,0.9,0.5,84.8,84.8,84.8,84.8,1.0,0.0,22.0,1.0,0.5,5.43,7.2,7.54,6.5,3.0,1.66,14.0,0.7,0.8,0.5,-2.53,1.34,5.34,1.4,3.0,5.76,14.0,0.7,0.8,0.5,-5.68,-1.57,-0.5,-3.05,3.0,4.0,14.0,0.7,0.8,0.5,1002.9,1004.2,1007.54,1005.2,3.0,3.51,14.0,0.7,0.8,0.5,4.6,6.0,7.4,6.0,3.0,2.0,14.0,0.7,0.8,0.5,-10.3,10.3,38.7,14.1,3.0,36.0,14.0,0.7,0.8,0.5,-42.2,-7.2,-2.3,-21.9,3.0,31.8,14.0,0.7,0.8,0.5,2.0,2.0,2.0,2.0,1.0,0.0,22.0,1.0,0.9,0.5,9.2,9.2,9.2,9.2,1.0,0.0,22.0,1.0,0.9,0.5,6.66,6.66,6.66,6.66,1.0,0.0,22.0,1.0,0.9,0.5,30.6,30.6,30.6,30.6,1.0,0.0,22.0,1.0,0.9,0.5,-121.0,-121.0,-121.0,-121.0,1.0,0.0,22.0,1.0,0.9,0.5,-44.1,-44.1,-44.1,-44.1,1.0,0.0,22.0,1.0,0.9,0.5,-87.3,-87.3,-87.3,-87.3,1.0,0.0,22.0,1.0,0.9,0.5,-31.8,-31.8,-31.8,-31.8,1.0,0.0,22.0,1.0,0.9,0.5,-28.8,-28.8,-28.8,-28.8,1.0,0.0,22.0,1.0,0.9,0.5,-10.5,-10.5,-10.5,-10.5,1.0,0.0,22.0,1.0,0.9,0.5,185.0,373.0,430.0,309.0,3.0,188.0,14.0,0.7,0.8,0.5,185.0,375.0,430.0,310.0,3.0,190.0,14.0,0.7,0.8,0.5
1974,2,164.0,-10.0,28.48,28.65,28.82,28.65,2.0,0.35,10.0,0.5,0.5,0.5,27.99,28.6,29.21,28.6,2.0,1.27,10.0,0.5,0.5,0.5,17.05,18.2,19.36,18.2,2.0,2.38,10.0,0.5,0.5,0.5,67.4,74.7,81.9,74.7,2.0,15.0,10.0,0.5,0.5,4.85,5.4,5.95,5.4,2.0,1.13,10.0,0.5,0.5,0.5,-3.99,-3.98,-3.98,-3.98,2.0,0.0,10.0,0.5,0.5,0.5,-3.63,-1.22,1.18,-1.22,2.0,4.98,10.0,0.5,0.5,0.5,1007.61,1008.5,1009.39,1008.5,2.0,1.84,10.0,0.5,0.5,0.5,4.2,4.5,4.8,4.5,2.0,0.7,10.0,0.5,0.5,0.5,-23.7,-21.5,-19.3,-21.5,2.0,4.5,10.0,0.5,0.5,0.5,-23.1,-9.4,4.2,-9.4,2.0,28.3,10.0,0.5,0.5,0.5,-0.39,0.05,0.49,0.05,2.0,0.92,10.0,0.5,0.5,0.5,-2.6,-0.2,2.1,-0.2,2.0,4.9,10.0,0.5,0.5,0.5,5.12,6.5,7.88,6.5,2.0,2.85,10.0,0.5,0.5,0.5,25.7,36.7,47.7,36.7,2.0,22.8,10.0,0.5,0.5,0.5,-116.4,-114.0,-111.5,-114.0,2.0,5.1,10.0,0.5,0.5,0.5,-107.8,-38.2,31.4,-38.2,2.0,144.1,10.0,0.5,0.5,0.5,-77.1,-72.5,-68.0,-72.5,2.0,9.5,10.0,0.5,0.5,0.5,-58.7,-16.4,26.0,-16.4,2.0,87.8,10.0,0.5,0.5,0.5,-31.4,-25.9,-20.4,-25.9,2.0,11.4,10.0,0.5,0.5,0.5,-32.4,-15.1,2.3,-15.1,2.0,35.9,10.0,0.5,0.5,0.5,119.5,168.0,216.0,168.0,2.0,99.5,10.0,0.5,0.5,0.5,120.0,170.0,215.0,170.0,2.0,100.0,10.0,0.5,0.5,0.5
1974,2,164.0,-9.0,28.3,28.3,28.3,28.3,1.0,0.0,8.0,0.0,0.7,0.3,27.5,27.5,27.5,27.5,1.0,0.0,8.0,0.0,0.7,0.3,18.77,18.77,18.77,18.77,1.0,0.0,8.0,0.0,0.7,0.3,81.2,81.2,81.2,81.2,1.0,0.0,8.0,0.0,0.3,3.6,3.6,3.6,3.6,1.0,0.0,8.0,0.0,0.7,0.3,-3.12,-3.12,-3.12,-3.12,1.0,0.0,8.0,0.0,0.7,0.3,1.8,1.8,1.8,1.8,1.0,0.0,8.0,0.0,0.7,0.3,1004.8,1004.8,1004.8,1004.8,1.0,0.0,8.0,0.0,0.7,0.3,2.0,2.0,2.0,2.0,1.0,0.0,8.0,0.0,0.7,0.3,-11.2,-11.2,-11.2,-11.2,1.0,0.0,8.0,0.0,0.7,0.3,6.5,6.5,6.5,6.5,1.0,0.0,8.0,0.0,0.7,0.3,0.8,0.8,0.8,0.8,1.0,0.0,8.0,0.0,0.7,0.3,2.9,2.9,2.9,2.9,1.0,0.0,8.0,0.0,0.7,0.3,5.52,5.52,5.52,5.52,1.0,0.0,8.0,0.0,0.7,0.3,19.9,19.9,19.9,19.9,1.0,0.0,8.0,0.0,0.7,0.3,-85.7,-85.7,-85.7,-85.7,1.0,0.0,8.0,0.0,0.7,0.3,49.5,49.5,49.5,49.5,1.0,0.0,8.0,0.0,0.7,0.3,-58.5,-58.5,-58.5,-58.5,1.0,0.0,8.0,0.0,0.7,0.3,33.8,33.8,33.8,33.8,1.0,0.0,8.0,0.0,0.7,0.3,-17.2,-17.2,-17.2,-17.2,1.0,0.0,8.0,0.0,0.7,0.3,9.9,9.9,9.9,9.9,1.0,0.0,8.0,0.0,0.7,0.3,46.5,46.5,46.5,46.5,1.0,0.0,8.0,0.0,0.7,0.3,45.0,45.0,45.0,45.0,1.0,0.0,8.0,0.0,0.7,0.3
1974,2,164.0,-8.0,29.9,29.9,29.9,29.9,1.0,0.0,4.0,0.0,0.0,0.1,28.9,28.9,28.9,28.9,1.0,0.0,4.0,0.0,0.0,0.1,19.47,19.47,19.47,19.47,1.0,0.0,4.0,0.0,0.0,0.1,77.6,77.6,77.6,77.6,1.0,0.0,4.0,0.0,0.1,,,,,,,,,,,,,,,,,,,,,,,,,,,,,,,,,,,,,,,,,,,,,,,,,,,,,,,,,,,,,,,,,,,,,,,,,,,,,,,,,,,,,,,,,,,,,,,,,,,,,,,,,,,,,,,,,,,,,,,,,,,,,,,,,,,,,,,,,,,,,,,,,,,,,,,,,,,,,,,,,,,,,,,,,,,,,,,,,,,,,,,,,,,,,,
1974,2,164.0,-7.0,28.93,29.2,29.47,29.2,2.0,0.57,6.0,0.5,0.3,0.2,26.25,27.85,29.45,27.85,2.0,3.32,6.0,0.5,0.3,0.2,17.78,18.19,18.6,18.19,2.0,0.85,6.0,0.5,0.3,0.2,72.1,77.8,83.4,77.8,2.0,11.7,6.0,0.5,0.2,12.9,12.9,12.9,12.9,1.0,0.0,4.0,0.0,0.4,0.3,12.7,12.7,12.7,12.7,1.0,0.0,4.0,0.0,0.4,0.3,-2.24,-2.24,-2.24,-2.24,1.0,0.0,4.0,0.0,0.4,0.3,1004.18,1005.85,1007.52,1005.85,2.0,3.46,6.0,0.5,0.3,0.2,3.8,5.5,7.2,5.5,2.0,3.5,6.0,0.5,0.3,0.2,163.9,163.9,163.9,163.9,1.0,0.0,4.0,0.0,0.4,0.3,-28.9,-28.9,-28.9,-28.9,1.0,0.0,4.0,0.0,0.4,0.3,0.02,1.35,2.68,1.35,2.0,2.76,6.0,0.5,0.3,0.2,42.6,42.6,42.6,42.6,1.0,0.0,4.0,0.0,0.4,0.3,7.35,7.4,7.44,7.4,2.0,0.09,6.0,0.5,0.3,0.2,94.6,94.6,94.6,94.6,1.0,0.0,4.0,0.0,0.4,0.3,324.0,324.0,324.0,324.0,1.0,0.0,4.0,0.0,0.4,0.3,-57.1,-57.1,-57.1,-57.1,1.0,0.0,4.0,0.0,0.4,0.3,223.5,223.5,223.5,223.5,1.0,0.0,4.0,0.0,0.4,0.3,-39.4,-39.4,-39.4,-39.4,1.0,0.0,4.0,0.0,0.4,0.3,93.2,93.2,93.2,93.2,1.0,0.0,4.0,0.0,0.4,0.3,-16.4,-16.4,-16.4,-16.4,1.0,0.0,4.0,0.0,0.4,0.3,2146.5,2146.5,2146.5,2146.5,1.0,0.0,4.0,0.0,0.4,0.3,2145.0,2145.0,2145.0,2145.0,1.0,0.0,4.0,0.0,0.4,0.3
1974,2,164.0,-6.0,29.2,29.2,29.2,29.2,2.0,0.0,6.0,0.5,0.9,0.5,28.06,28.2,28.88,28.47,3.0,0.64,6.0,0.3,0.7,0.4,18.83,19.08,19.33,19.08,2.0,0.52,6.0,0.5,0.9,0.5,76.6,77.1,77.7,77.1,2.0,1.2,6.0,0.5,0.5,4.26,4.6,7.81,6.0,3.0,2.87,6.0,0.3,0.7,0.4,-4.17,-3.85,-1.22,-2.73,3.0,2.37,6.0,0.3,0.7,0.4,-5.9,1.4,1.52,-2.11,3.0,6.23,6.0,0.3,0.7,0.4,1003.35,1005.4,1006.77,1005.07,3.0,2.52,6.0,0.3,0.7,0.4,2.6,4.0,6.7,4.7,3.0,3.1,6.0,0.3,0.7,0.4,-18.6,-15.8,-5.0,-11.9,3.0,10.5,6.0,0.3,0.7,0.4,-57.2,5.7,6.8,-24.5,3.0,53.7,6.0,0.3,0.7,0.4,0.16,0.5,0.84,0.5,2.0,0.71,6.0,0.5,0.9,0.5,0.7,2.1,3.4,2.1,2.0,2.9,6.0,0.5,0.9,0.5,6.25,6.48,6.72,6.48,2.0,0.48,6.0,0.5,0.9,0.5,32.6,42.6,52.5,42.6,2.0,20.6,6.0,0.5,0.9,0.5,-117.1,-108.6,-34.5,-76.6,3.0,66.6,6.0,0.3,0.7,0.4,-172.8,39.5,42.6,-62.7,3.0,180.9,6.0,0.3,0.7,0.4,-60.7,-36.1,-11.4,-36.1,2.0,51.0,6.0,0.5,0.9,0.5,-148.0,-77.3,-6.6,-77.3,2.0,146.5,6.0,0.5,0.9,0.5,-22.1,-13.1,-4.2,-13.1,2.0,18.6,6.0,0.5,0.9,0.5,-46.6,-23.8,-1.0,-23.8,2.0,47.2,6.0,0.5,0.9,0.5,78.0,97.5,580.0,323.5,3.0,416.5,6.0,0.3,0.7,0.4,80.0,95.0,580.0,325.0,3.0,415.0,6.0,0.3,0.7,0.4
1974,2,164.0,9.0,,,,,,,,,,,,,,,,,,,,,,,,,,,,,,,,,,,,,,,,9.8,9.8,9.8,9.8,1.0,0.0,20.0,1.0,0.7,0.6,-8.49,-8.49,-8.49,-8.49,1.0,0.0,20.0,1.0,0.7,0.6,-4.9,-4.9,-4.9,-4.9,1.0,0.0,20.0,1.0,0.7,0.6,1006.8,1006.8,1006.8,1006.8,1.0,0.0,20.0,1.0,0.7,0.6,2.0,2.0,2.0,2.0,1.0,0.0,20.0,1.0,0.7,0.6,-83.2,-83.2,-83.2,-83.2,1.0,0.0,20.0,1.0,0.7,0.6,-48.0,-48.0,-48.0,-48.0,1.0,0.0,20.0,1.0,0.7,0.6,,,,,,,,,,,,,,,,,,,,,,,,,,,,,,,,,,,,,,,,,-240.2,-240.2,-240.2,-240.2,1.0,0.0,20.0,1.0,0.7,0.6,-138.7,-138.7,-138.7,-138.7,1.0,0.0,20.0,1.0,0.7,0.6,-157.0,-157.0,-157.0,-157.0,1.0,0.0,20.0,1.0,0.7,0.6,-90.7,-90.7,-90.7,-90.7,1.0,0.0,20.0,1.0,0.7,0.6,,,,,,,,,,,,,,,,,,,,,,,,,,,,,,,,,,,,,,,,
1974,2,164.0,14.0,26.29,26.9,27.51,26.9,2.0,1.27,14.0,0.5,0.6,0.7,26.11,26.35,26.59,26.35,2.0,0.49,14.0,0.5,0.6,0.7,16.48,16.49,16.51,16.49,2.0,0.03,14.0,0.5,0.6,0.7,75.9,77.0,78.1,77.0,2.0,2.3,14.0,0.5,0.7,6.28,6.45,6.62,6.45,2.0,0.35,14.0,0.5,0.6,0.7,-5.73,-5.59,-5.44,-5.59,2.0,0.31,14.0,0.5,0.6,0.7,-3.31,-3.22,-3.14,-3.22,2.0,0.18,14.0,0.5,0.6,0.7,1010.57,1011.35,1012.14,1011.35,2.0,1.63,14.0,0.5,0.6,0.7,2.6,4.0,5.4,4.0,2.0,2.8,14.0,0.5,0.6,0.7,-38.0,-36.1,-34.2,-36.1,2.0,3.9,14.0,0.5,0.6,0.7,-21.9,-20.8,-19.7,-20.8,2.0,2.3,14.0,0.5,0.6,0.7,0.17,0.55,0.93,0.55,2.0,0.78,14.0,0.5,0.6,0.7,1.1,3.4,5.7,3.4,2.0,4.8,14.0,0.5,0.6,0.7,4.92,5.74,6.56,5.74,2.0,1.7,14.0,0.5,0.6,0.7,32.4,36.7,41.0,36.7,2.0,8.9,14.0,0.5,0.6,0.7,-149.7,-147.1,-144.6,-147.1,2.0,5.3,14.0,0.5,0.6,0.7,-86.4,-84.9,-83.5,-84.9,2.0,3.1,14.0,0.5,0.6,0.7,-94.5,-92.1,-89.8,-92.1,2.0,4.9,14.0,0.5,0.6,0.7,-54.6,-53.2,-51.8,-53.2,2.0,2.8,14.0,0.5,0.6,0.7,-35.5,-31.8,-28.1,-31.8,2.0,7.7,14.0,0.5,0.6,0.7,-20.5,-18.4,-16.2,-18.4,2.0,4.5,14.0,0.5,0.6,0.7,248.0,269.5,291.0,269.5,2.0,44.0,14.0,0.5,0.6,0.7,250.0,270.0,290.0,270.0,2.0,45.0,14.0,0.5,0.6,0.7
1974,2,164.0,15.0,29.0,29.0,29.0,29.0,1.0,0.0,2.0,1.0,0.2,0.3,27.66,27.8,27.94,27.8,2.0,0.28,12.0,1.0,0.4,0.5,16.93,16.93,16.93,16.93,1.0,0.0,2.0,1.0,0.2,0.3,73.8,73.8,73.8,73.8,1.0,0.0,2.0,1.0,0.3,1.67,2.05,2.43,2.05,2.0,0.78,12.0,1.0,0.4,0.5,-2.39,-2.02,-1.65,-2.02,2.0,0.77,12.0,1.0,0.4,0.5,-0.42,-0.36,-0.29,-0.36,2.0,0.14,12.0,1.0,0.4,0.5,1016.0,1016.0,1016.0,1016.0,1.0,0.0,2.0,1.0,0.2,0.3,2.6,4.0,5.4,4.0,2.0,2.8,12.0,1.0,0.4,0.5,-6.0,-4.4,-2.9,-4.4,2.0,3.1,12.0,1.0,0.4,0.5,-1.0,-0.8,-0.5,-0.8,2.0,0.6,12.0,1.0,0.4,0.5,1.4,1.4,1.4,1.4,1.0,0.0,2.0,1.0,0.2,0.3,3.6,3.6,3.6,3.6,1.0,0.0,2.0,1.0,0.2,0.3,8.1,8.1,8.1,8.1,1.0,0.0,2.0,1.0,0.2,0.3,21.1,21.1,21.1,21.1,1.0,0.0,2.0,1.0,0.2,0.3,-66.0,-56.0,-46.0,-56.0,2.0,20.7,12.0,1.0,0.4,0.5,-11.6,-9.9,-8.1,-9.9,2.0,3.7,12.0,1.0,0.4,0.5,-43.4,-43.4,-43.4,-43.4,1.0,0.0,2.0,1.0,0.2,0.3,-7.6,-7.6,-7.6,-7.6,1.0,0.0,2.0,1.0,0.2,0.3,-20.7,-20.7,-20.7,-20.7,1.0,0.0,2.0,1.0,0.2,0.3,-3.7,-3.7,-3.7,-3.7,1.0,0.0,2.0,1.0,0.2,0.3,5.5,10.5,15.5,10.5,2.0,10.0,12.0,1.0,0.4,0.5,5.0,10.0,15.0,10.0,2.0,10.0,12.0,1.0,0.4,0.5
1974,2,164.0,17.0,26.29,26.7,27.45,26.87,3.0,0.86,16.0,0.3,0.3,0.4,24.07,24.45,24.83,24.45,2.0,0.78,22.0,0.0,0.1,0.4,12.43,14.35,16.27,14.35,2.0,3.98,22.0,0.0,0.1,0.4,66.4,74.8,83.2,74.8,2.0,17.4,22.0,0.0,0.4,3.84,5.65,8.82,6.3,4.0,3.11,12.0,0.5,0.3,0.5,-6.89,-1.88,0.99,-2.9,4.0,5.44,12.0,0.5,0.3,0.5,-5.23,-1.77,1.38,-1.92,4.0,4.11,12.0,0.5,0.3,0.5,1011.6,1014.6,1014.8,1013.23,3.0,2.63,16.0,0.3,0.3,0.4,1.0,1.5,3.6,2.3,4.0,1.9,12.0,0.5,0.3,0.5,-61.7,-7.6,8.2,-25.9,4.0,55.0,12.0,0.5,0.3,0.5,-31.6,-6.4,5.7,-12.7,4.0,25.9,12.0,0.5,0.3,0.5,2.3,2.5,2.7,2.5,2.0,0.42,22.0,0.0,0.1,0.4,11.2,18.4,25.5,18.4,2.0,14.8,22.0,0.0,0.1,0.4,6.73,7.92,9.1,7.92,2.0,2.45,22.0,0.0,0.1,0.4,39.3,49.2,59.1,49.2,2.0,20.5,22.0,0.0,0.1,0.4,-219.0,-136.2,-53.4,-136.2,2.0,171.5,22.0,0.0,0.1,0.4,-71.3,-42.4,-13.4,-42.4,2.0,59.9,22.0,0.0,0.1,0.4,-149.9,-92.0,-34.1,-92.0,2.0,119.9,22.0,0.0,0.1,0.4,-34.4,-20.4,-6.5,-20.4,2.0,28.9,22.0,0.0,0.1,0.4,-54.5,-34.9,-15.2,-34.9,2.0,40.8,22.0,0.0,0.1,0.4,-28.8,-17.1,-5.4,-17.1,2.0,24.2,22.0,0.0,0.1,0.4,57.5,221.0,750.0,395.5,4.0,488.0,12.0,0.5,0.3,0.5,55.0,220.0,750.0,395.0,4.0,490.0,12.0,0.5,0.3,0.5
1974,2,164.0,18.0,26.83,27.5,27.9,27.38,4.0,0.68,16.0,0.5,0.5,0.4,25.0,26.9,28.64,26.83,4.0,2.34,16.0,0.5,0.5,0.4,16.25,18.85,21.53,18.89,4.0,3.89,16.0,0.5,0.5,0.4,78.3,85.6,91.3,84.8,4.0,7.6,16.0,0.5,0.4,4.29,7.45,8.46,6.43,4.0,3.01,16.0,0.5,0.5,0.4,-7.49,-6.15,-3.62,-5.58,4.0,2.72,16.0,0.5,0.5,0.4,-3.49,0.0,0.55,-1.4,4.0,3.54,16.0,0.5,0.5,0.4,1012.95,1014.1,1015.61,1014.28,4.0,2.01,16.0,0.5,0.5,0.4,2.0,2.5,3.5,2.8,4.0,1.0,16.0,0.5,0.5,0.4,-58.4,-46.8,-23.4,-41.2,4.0,26.7,16.0,0.5,0.5,0.4,-30.4,0.0,1.2,-13.9,4.0,29.4,16.0,0.5,0.5,0.4,-1.81,0.6,2.9,0.55,4.0,3.0,16.0,0.5,0.5,0.4,-12.5,2.2,11.7,-0.3,4.0,15.4,16.0,0.5,0.5,0.4,0.81,4.07,6.96,3.89,4.0,4.7,16.0,0.5,0.5,0.4,2.4,26.1,34.5,18.8,4.0,22.7,16.0,0.5,0.5,0.4,-213.1,-171.8,-92.4,-153.6,4.0,80.6,16.0,0.5,0.5,0.4,-91.1,0.0,13.2,-37.2,4.0,91.9,16.0,0.5,0.5,0.4,-155.5,-129.6,-64.5,-110.9,4.0,61.2,16.0,0.5,0.5,0.4,-66.9,0.0,7.8,-28.2,4.0,66.7,16.0,0.5,0.5,0.4,-28.1,-20.3,-1.1,-14.9,4.0,19.9,16.0,0.5,0.5,0.4,-14.6,0.0,5.2,-4.5,4.0,16.3,16.0,0.5,0.5,0.4,148.0,426.0,607.5,380.0,4.0,289.0,16.0,0.5,0.5,0.4,150.0,425.0,605.0,380.0,4.0,290.0,16.0,0.5,0.5,0.4
1974,2,164.0,19.0,25.6,25.8,26.0,25.8,2.0,0.42,12.0,1.0,0.1,0.1,24.64,25.95,27.57,26.1,4.0,2.25,12.0,1.0,0.1,0.3,14.58,14.8,15.03,14.8,2.0,0.47,12.0,1.0,0.1,0.1,73.9,76.7,79.4,76.7,2.0,5.8,12.0,1.0,0.1,4.21,8.25,11.71,7.98,4.0,5.14,12.0,1.0,0.1,0.3,-9.01,-6.59,-2.98,-6.02,4.0,4.32,12.0,1.0,0.1,0.3,-8.07,-3.56,0.77,-3.65,4.0,5.15,12.0,1.0,0.1,0.3,1011.94,1014.4,1016.86,1014.4,2.0,5.09,12.0,1.0,0.1,0.1,2.5,3.5,5.0,3.8,4.0,1.7,12.0,1.0,0.1,0.3,-104.0,-53.7,-24.9,-64.0,4.0,61.4,12.0,1.0,0.1,0.3,-96.6,-33.1,1.2,-47.1,4.0,60.4,12.0,1.0,0.1,0.3,0.49,1.1,1.71,1.1,2.0,1.27,12.0,1.0,0.1,0.1,4.2,10.0,15.9,10.0,2.0,12.1,12.0,1.0,0.1,0.1,5.85,5.93,6.01,5.93,2.0,0.17,12.0,1.0,0.1,0.1,45.2,48.8,52.4,48.8,2.0,7.4,12.0,1.0,0.1,0.1,-233.8,-163.5,-70.8,-152.8,4.0,112.2,12.0,1.0,0.1,0.3,-201.4,-83.7,22.4,-89.2,4.0,131.6,12.0,1.0,0.1,0.3,-105.4,-97.7,-90.1,-97.7,2.0,15.9,12.0,1.0,0.1,0.1,-86.7,-51.5,-16.4,-51.5,2.0,72.9,12.0,1.0,0.1,0.1,-42.1,-39.1,-36.1,-39.1,2.0,6.2,12.0,1.0,0.1,0.1,-34.8,-20.7,-6.6,-20.7,2.0,29.3,12.0,1.0,0.1,0.1,179.5,589.0,1790.0,966.5,4.0,1192.0,12.0,1.0,0.1,0.3,180.0,590.0,1790.0,965.0,4.0,1190.0,12.0,1.0,0.1,0.3
1974,2,164.0,20.0,25.31,25.65,26.1,25.69,8.0,0.45,14.0,0.6,0.5,0.6,24.43,25.0,26.42,25.11,9.0,1.42,14.0,0.7,0.5,0.6,15.21,16.13,16.75,15.5,8.0,2.4,14.0,0.6,0.5,0.6,78.0,82.4,83.6,79.1,8.0,11.6,14.0,0.6,0.6,2.6,3.6,6.47,5.21,8.0,5.51,16.0,0.8,0.5,0.6,-3.89,-1.0,3.03,-2.1,8.0,6.15,16.0,0.8,0.5,0.6,-2.23,-0.36,2.28,-0.67,8.0,4.25,16.0,0.8,0.5,0.6,1010.02,1012.85,1015.65,1013.01,8.0,2.71,14.0,0.6,0.5,0.6,1.0,2.0,2.7,1.8,9.0,1.2,14.0,0.7,0.5,0.6,-17.4,-2.6,14.8,-34.2,8.0,100.4,16.0,0.8,0.5,0.6,-9.9,-1.5,5.9,-16.8,8.0,60.6,16.0,0.8,0.5,0.6,-0.44,0.35,1.87,0.81,8.0,1.6,14.0,0.6,0.5,0.6,-1.6,0.0,11.0,4.7,7.0,11.8,16.0,0.7,0.5,0.6,3.51,4.08,5.99,5.12,8.0,2.66,14.0,0.6,0.5,0.6,7.2,16.8,31.9,40.3,7.0,71.4,16.0,0.7,0.5,0.6,-98.9,-22.1,80.2,-51.1,8.0,152.3,16.0,0.8,0.5,0.6,-55.9,-8.9,59.6,-14.1,8.0,107.1,16.0,0.8,0.5,0.6,-69.5,0.0,56.7,-17.0,7.0,75.8,16.0,0.7,0.5,0.6,-40.2,-11.7,47.9,-3.0,7.0,60.0,16.0,0.7,0.5,0.6,-22.2,0.0,11.9,-24.5,7.0,67.1,16.0,0.7,0.5,0.6,-14.4,-3.0,8.0,-13.5,7.0,39.8,16.0,0.7,0.5,0.6,17.5,49.5,278.0,795.5,8.0,2037.5,16.0,0.8,0.5,0.6,20.0,50.0,280.0,795.0,8.0,2035.0,16.0,0.8,0.5,0.6
1974,2,164.0,21.0,25.63,26.1,27.05,26.32,5.0,1.09,12.0,0.6,0.5,0.6,23.16,24.0,25.41,24.24,5.0,1.89,12.0,0.6,0.5,0.6,13.63,15.84,16.26,14.98,4.0,2.2,12.0,0.5,0.4,0.6,73.9,79.0,83.9,78.9,4.0,5.8,12.0,0.5,0.6,3.92,7.2,8.28,6.38,5.0,2.44,12.0,0.6,0.5,0.6,-6.61,-2.05,2.09,-2.19,5.0,4.73,12.0,0.6,0.5,0.6,-4.86,-0.63,2.59,-0.84,5.0,5.26,12.0,0.6,0.5,0.6,1012.48,1014.6,1019.75,1015.62,5.0,4.2,12.0,0.6,0.5,0.6,1.6,2.0,3.7,2.6,5.0,1.5,12.0,0.6,0.5,0.6,-56.9,-8.4,10.4,-20.3,5.0,34.9,12.0,0.6,0.5,0.6,-33.4,-2.3,18.6,-6.4,5.0,41.9,12.0,0.6,0.5,0.6,0.27,1.6,4.29,2.08,5.0,2.34,12.0,0.6,0.5,0.6,0.0,12.3,25.4,13.7,5.0,19.3,12.0,0.6,0.5,0.6,4.78,6.59,8.94,6.84,4.0,2.49,12.0,0.5,0.4,0.6,30.3,35.8,66.5,47.8,4.0,29.1,12.0,0.5,0.4,0.6,-151.2,-49.2,52.5,-49.7,5.0,112.7,12.0,0.6,0.5,0.6,-110.6,-15.0,69.9,-12.7,5.0,129.6,12.0,0.6,0.5,0.6,-97.7,-24.7,39.0,-29.1,4.0,81.9,12.0,0.5,0.4,0.6,-48.4,-4.9,61.5,6.0,4.0,83.0,12.0,0.5,0.4,0.6,-49.5,-17.1,17.5,-16.1,4.0,40.0,12.0,0.5,0.4,0.6,-38.9,-2.5,16.4,-10.8,4.0,42.4,12.0,0.5,0.4,0.6,61.0,373.0,583.5,350.0,5.0,312.0,12.0,0.6,0.5,0.6,60.0,375.0,585.0,350.0,5.0,310.0,12.0,0.6,0.5,0.6
1974,2,164.0,22.0,25.0,25.0,25.0,25.0,1.0,0.0,18.0,0.0,0.5,0.4,21.7,21.7,22.59,22.13,3.0,0.75,20.0,0.7,0.4,0.3,11.28,11.28,13.46,12.35,3.0,1.85,20.0,0.7,0.4,0.3,70.0,70.0,79.0,74.4,3.0,7.6,20.0,0.7,0.3,2.6,2.6,8.54,5.5,3.0,5.02,20.0,0.7,0.4,0.3,-8.02,-2.44,-2.44,-5.17,3.0,4.72,20.0,0.7,0.4,0.3,-2.36,0.89,0.89,-0.7,3.0,2.74,20.0,0.7,0.4,0.3,1013.5,1013.5,1016.23,1014.83,3.0,2.31,20.0,0.7,0.4,0.3,3.0,5.0,5.0,4.0,3.0,1.7,20.0,0.7,0.4,0.3,-83.9,-6.4,-6.4,-44.2,3.0,65.6,20.0,0.7,0.4,0.3,-29.1,2.3,2.3,-13.0,3.0,26.5,20.0,0.7,0.4,0.3,2.0,2.0,2.0,2.0,1.0,0.0,18.0,0.0,0.5,0.4,22.6,22.6,22.6,22.6,1.0,0.0,18.0,0.0,0.5,0.4,5.21,5.21,5.21,5.21,1.0,0.0,18.0,0.0,0.5,0.4,58.9,58.9,58.9,58.9,1.0,0.0,18.0,0.0,0.5,0.4,-183.5,-53.0,-53.0,-116.8,3.0,110.4,20.0,0.7,0.4,0.3,-54.6,19.3,19.3,-16.8,3.0,62.5,20.0,0.7,0.4,0.3,-113.7,-27.6,-27.6,-69.6,3.0,72.9,20.0,0.7,0.4,0.3,-35.0,10.0,10.0,-12.0,3.0,38.1,20.0,0.7,0.4,0.3,-55.3,-55.3,-55.3,-55.3,1.0,0.0,18.0,0.0,0.5,0.4,-20.1,-20.1,-20.1,-20.1,1.0,0.0,18.0,0.0,0.5,0.4,17.5,17.5,990.5,492.5,3.0,823.0,20.0,0.7,0.4,0.3,20.0,20.0,990.0,495.0,3.0,825.0,20.0,0.7,0.4,0.3
1974,2,164.0,23.0,22.55,23.3,24.05,23.3,3.0,1.1,14.0,0.7,0.4,0.7,23.14,23.65,23.95,23.55,4.0,0.51,10.0,0.8,0.5,0.7,12.82,13.2,14.02,13.41,3.0,0.9,14.0,0.7,0.4,0.7,72.5,76.2,77.7,75.1,3.0,3.9,14.0,0.7,0.7,3.05,5.15,7.25,5.15,4.0,2.63,10.0,0.8,0.5,0.7,-2.41,-0.27,2.66,0.11,4.0,3.18,10.0,0.8,0.5,0.7,0.55,4.37,6.63,3.62,4.0,3.83,10.0,0.8,0.5,0.7,1015.12,1015.6,1016.08,1015.6,3.0,0.7,14.0,0.7,0.4,0.7,2.4,5.0,6.6,4.5,4.0,3.3,10.0,0.8,0.5,0.7,-8.4,1.6,20.8,6.0,4.0,20.1,10.0,0.8,0.5,0.7,3.7,24.3,48.5,26.0,4.0,27.3,10.0,0.8,0.5,0.7,-0.51,-0.1,0.31,-0.1,3.0,0.6,14.0,0.7,0.4,0.7,-4.1,-0.6,1.2,-1.4,3.0,4.0,14.0,0.7,0.4,0.7,3.8,4.6,4.99,4.4,3.0,0.89,14.0,0.7,0.4,0.7,21.8,28.1,30.8,26.3,3.0,6.8,14.0,0.7,0.4,0.7,-57.7,-6.7,61.2,1.4,4.0,74.3,10.0,0.8,0.5,0.7,13.0,102.9,153.2,84.0,4.0,88.8,10.0,0.8,0.5,0.7,-26.6,13.6,41.3,7.5,3.0,50.0,14.0,0.7,0.4,0.7,50.4,77.2,88.5,69.6,3.0,28.6,14.0,0.7,0.4,0.7,-8.1,5.6,11.4,1.7,3.0,14.6,14.0,0.7,0.4,0.7,16.0,24.3,29.2,22.7,3.0,9.8,14.0,0.7,0.4,0.7,37.5,153.5,402.5,217.0,4.0,243.0,10.0,0.8,0.5,0.7,40.0,155.0,400.0,215.0,4.0,245.0,10.0,0.8,0.5,0.7
1974,2,164.0,24.0,21.0,22.9,23.64,22.45,10.0,1.5,22.0,0.4,0.5,0.6,19.42,20.5,22.03,21.16,11.0,2.87,20.0,0.5,0.5,0.6,8.65,12.8,13.69,11.38,9.0,2.56,20.0,0.3,0.5,0.6,62.8,85.6,90.3,76.5,9.0,14.5,20.0,0.3,0.6,6.58,10.8,12.46,9.81,11.0,3.15,20.0,0.5,0.5,0.6,-7.26,-3.91,4.06,-2.35,11.0,6.11,20.0,0.5,0.5,0.6,-9.54,-6.7,-3.92,-6.19,11.0,5.5,20.0,0.5,0.5,0.6,1010.31,1013.25,1018.82,1014.06,10.0,4.58,22.0,0.4,0.5,0.6,3.8,6.0,7.4,5.6,11.0,2.0,20.0,0.5,0.5,0.6,-82.1,-23.0,26.0,-29.2,11.0,70.6,20.0,0.5,0.5,0.6,-105.6,-89.5,-21.5,-70.0,11.0,69.0,20.0,0.5,0.5,0.6,0.5,2.1,3.17,2.07,10.0,1.68,22.0,0.4,0.5,0.6,4.8,20.8,34.9,20.4,10.0,14.6,22.0,0.4,0.5,0.6,2.05,4.68,9.03,5.52,9.0,3.42,20.0,0.3,0.5,0.6,19.0,46.2,87.0,52.5,9.0,33.2,20.0,0.3,0.5,0.6,-146.8,-108.0,75.0,-52.4,11.0,130.1,20.0,0.5,0.5,0.6,-193.4,-145.4,-89.3,-129.8,11.0,113.4,20.0,0.5,0.5,0.6,-93.1,-38.4,35.7,-33.0,9.0,80.4,20.0,0.3,0.5,0.6,-107.7,-85.8,-35.7,-61.5,9.0,68.3,20.0,0.3,0.5,0.6,-30.0,-3.8,41.5,5.9,9.0,39.9,20.0,0.3,0.5,0.6,-65.6,-35.4,-14.5,-37.7,9.0,31.2,20.0,0.3,0.5,0.6,295.5,1259.5,1958.0,1209.0,11.0,995.5,20.0,0.5,0.5,0.6,295.0,1260.0,1960.0,1210.0,11.0,995.0,20.0,0.5,0.5,0.6
1974,2,164.0,25.0,21.04,22.9,24.0,22.76,10.0,1.5,16.0,0.6,0.3,0.4,18.75,20.9,23.68,21.09,12.0,2.62,14.0,0.7,0.4,0.5,7.99,10.53,13.19,10.77,11.0,2.77,14.0,0.6,0.3,0.4,60.3,64.7,82.3,70.3,11.0,11.1,14.0,0.6,0.4,3.24,8.75,12.57,9.06,10.0,5.51,16.0,0.7,0.4,0.4,-7.71,-3.25,1.86,-3.42,10.0,5.1,16.0,0.7,0.4,0.4,-11.23,-7.26,-0.15,-5.58,10.0,6.93,16.0,0.7,0.4,0.4,1013.67,1015.8,1019.72,1016.6,11.0,2.95,14.0,0.6,0.3,0.4,2.0,4.0,5.4,3.5,11.0,1.6,16.0,0.6,0.4,0.4,-93.5,-19.8,8.4,-49.8,10.0,88.4,16.0,0.7,0.4,0.4,-142.6,-66.7,0.2,-75.8,10.0,109.5,16.0,0.7,0.4,0.4,0.64,3.05,4.93,2.39,10.0,2.8,16.0,0.6,0.3,0.4,3.1,11.4,60.7,20.2,8.0,35.1,16.0,0.6,0.3,0.4,2.75,6.94,9.94,6.47,10.0,3.78,16.0,0.6,0.3,0.4,9.9,33.7,120.5,60.0,8.0,65.1,16.0,0.6,0.3,0.4,-175.4,-67.9,41.7,-71.1,10.0,106.9,16.0,0.7,0.4,0.4,-222.1,-176.8,-2.5,-115.2,10.0,146.4,16.0,0.7,0.4,0.4,-105.3,-30.0,15.2,-45.0,9.0,57.0,16.0,0.7,0.3,0.4,-128.5,-82.3,4.3,-54.8,9.0,75.1,16.0,0.7,0.3,0.4,-40.8,-11.6,13.6,-20.4,8.0,44.8,16.0,0.6,0.3,0.4,-113.2,-27.1,0.2,-49.1,8.0,55.7,16.0,0.6,0.3,0.4,39.5,678.0,2075.0,1586.5,10.0,2641.5,16.0,0.7,0.4,0.4,40.0,680.0,2075.0,1585.0,10.0,2640.0,16.0,0.7,0.4,0.4
1974,2,164.0,26.0,21.1,21.6,21.99,21.84,8.0,1.1,10.0,0.6,0.3,0.6,17.67,19.0,21.35,19.79,11.0,3.05,8.0,0.5,0.3,0.5,7.35,10.83,12.92,10.4,10.0,2.82,10.0,0.5,0.4,0.6,58.0,72.5,80.8,71.2,10.0,12.1,10.0,0.5,0.6,2.39,6.2,8.6,6.26,11.0,4.07,8.0,0.5,0.3,0.5,-7.79,-1.5,4.34,-1.7,11.0,6.57,8.0,0.5,0.3,0.5,-4.44,0.0,2.61,-0.63,11.0,3.59,8.0,0.5,0.3,0.5,1011.66,1016.8,1022.34,1016.88,10.0,4.95,10.0,0.5,0.4,0.6,5.0,6.0,7.6,6.2,10.0,1.3,10.0,0.6,0.4,0.5,-72.4,-2.2,26.9,-26.7,11.0,78.6,8.0,0.5,0.3,0.5,-37.6,0.0,14.0,-11.2,11.0,31.7,8.0,0.5,0.3,0.5,-0.53,1.6,5.22,1.91,8.0,3.04,10.0,0.6,0.3,0.6,-2.7,10.8,32.6,12.5,8.0,18.7,10.0,0.6,0.3,0.6,3.01,5.39,8.7,5.58,8.0,3.0,10.0,0.6,0.3,0.6,11.4,43.8,55.9,38.3,8.0,21.1,10.0,0.6,0.3,0.6,-145.5,-28.2,86.8,-30.1,11.0,137.3,8.0,0.5,0.3,0.5,-78.6,0.0,48.5,-11.4,11.0,67.4,8.0,0.5,0.3,0.5,-82.6,-5.5,53.8,-17.1,10.0,80.8,10.0,0.5,0.4,0.6,-40.0,0.0,27.6,-4.9,10.0,40.3,10.0,0.5,0.4,0.6,-49.7,-0.7,25.8,-9.2,8.0,34.8,10.0,0.6,0.3,0.6,-28.1,-7.6,6.1,-7.3,8.0,27.5,10.0,0.6,0.3,0.6,14.0,238.5,772.5,588.0,11.0,1093.0,8.0,0.5,0.3,0.5,15.0,240.0,770.0,590.0,11.0,1095.0,8.0,0.5,0.3,0.5
1974,2,164.0,27.0,19.32,20.75,21.13,20.41,18.0,1.3,14.0,0.7,0.4,0.4,17.0,19.75,21.0,19.13,22.0,2.09,14.0,0.7,0.4,0.5,7.61,9.82,12.83,10.38,20.0,2.57,14.0,0.7,0.5,0.5,60.3,70.6,88.2,73.5,20.0,12.6,14.0,0.7,0.5,2.1,5.1,11.63,6.47,22.0,4.68,14.0,0.7,0.4,0.5,-1.94,2.41,4.72,1.05,22.0,5.19,14.0,0.7,0.4,0.5,-7.84,-1.12,1.6,-1.66,22.0,5.89,14.0,0.7,0.4,0.5,1011.67,1017.15,1020.9,1016.53,22.0,4.11,14.0,0.7,0.4,0.5,2.0,5.0,8.0,4.8,22.0,2.8,14.0,0.7,0.4,0.5,-4.1,9.7,30.6,3.6,22.0,62.1,14.0,0.7,0.4,0.5,-74.8,-2.5,6.6,-19.4,22.0,74.5,14.0,0.7,0.4,0.5,-0.5,1.0,1.62,0.86,18.0,1.83,14.0,0.7,0.4,0.4,-1.5,3.6,6.3,4.5,18.0,22.2,14.0,0.7,0.4,0.4,2.1,4.15,6.69,4.16,17.0,2.65,14.0,0.6,0.4,0.4,1.8,12.6,22.4,19.7,17.0,32.1,14.0,0.6,0.4,0.4,-37.9,38.3,94.3,18.8,22.0,99.3,14.0,0.7,0.4,0.5,-122.4,-21.3,31.2,-24.5,22.0,108.7,14.0,0.7,0.4,0.5,-20.3,23.8,62.6,10.2,20.0,59.5,14.0,0.7,0.5,0.5,-55.7,-6.3,25.8,-6.2,20.0,59.5,14.0,0.7,0.5,0.5,-5.5,4.3,13.1,-0.5,17.0,25.0,14.0,0.6,0.4,0.4,-14.8,-1.1,1.8,-10.9,17.0,26.3,14.0,0.6,0.4,0.4,9.5,132.5,1576.5,730.0,22.0,1148.5,14.0,0.7,0.4,0.5,10.0,135.0,1575.0,730.0,22.0,1150.0,14.0,0.7,0.4,0.5
1974,2,164.0,28.0,18.0,19.75,21.03,19.55,12.0,1.4,14.0,0.2,0.5,0.2,16.66,18.8,21.0,18.8,13.0,2.06,14.0,0.2,0.5,0.2,9.17,10.83,14.15,11.09,13.0,2.42,14.0,0.2,0.5,0.2,71.2,82.1,91.1,81.1,13.0,8.9,14.0,0.2,0.2,4.55,10.3,12.0,8.62,13.0,3.94,14.0,0.2,0.5,0.2,-1.03,2.41,4.84,0.89,13.0,6.5,14.0,0.2,0.5,0.2,-4.1,1.99,10.3,2.45,13.0,6.82,14.0,0.2,0.5,0.2,1009.9,1015.0,1018.18,1014.48,13.0,4.22,14.0,0.2,0.5,0.2,2.9,6.0,8.0,5.2,13.0,2.7,14.0,0.2,0.5,0.2,-11.2,16.7,36.7,-1.9,13.0,78.4,14.0,0.2,0.5,0.2,-37.9,5.2,106.1,25.7,13.0,78.6,14.0,0.2,0.5,0.2,-1.13,1.2,2.03,0.75,12.0,1.93,14.0,0.2,0.5,0.2,-13.3,5.5,17.3,3.3,12.0,17.0,14.0,0.2,0.5,0.2,0.0,3.47,5.25,2.95,12.0,2.32,14.0,0.2,0.5,0.2,0.0,16.9,37.1,21.7,12.0,20.1,14.0,0.2,0.5,0.2,-19.1,49.5,88.8,12.9,13.0,119.5,14.0,0.2,0.5,0.2,-67.2,33.3,213.3,56.8,13.0,133.1,14.0,0.2,0.5,0.2,-11.2,25.2,52.6,6.6,13.0,68.7,14.0,0.2,0.5,0.2,-31.6,18.5,146.0,40.1,13.0,86.0,14.0,0.2,0.5,0.2,-4.3,5.2,23.7,4.7,12.0,25.4,14.0,0.2,0.5,0.2,-20.2,0.0,9.3,-4.5,12.0,15.1,14.0,0.2,0.5,0.2,94.5,1092.5,1742.5,1005.5,13.0,981.0,14.0,0.2,0.5,0.2,95.0,1095.0,1745.0,1005.0,13.0,980.0,14.0,0.2,0.5,0.2
1974,2,164.0,29.0,16.81,18.15,20.0,18.43,16.0,1.88,14.0,0.5,0.5,0.6,13.54,15.7,18.12,15.9,17.0,2.42,14.0,0.5,0.5,0.6,6.52,7.63,8.54,7.71,16.0,1.48,14.0,0.5,0.5,0.6,62.7,69.7,80.9,70.5,16.0,11.4,14.0,0.5,0.6,5.04,9.3,11.3,8.99,17.0,3.96,14.0,0.5,0.5,0.6,-3.46,1.99,8.12,2.13,17.0,6.63,14.0,0.5,0.5,0.6,-9.33,-2.37,4.79,-2.32,17.0,6.86,14.0,0.5,0.5,0.6,1012.07,1018.55,1021.87,1017.27,16.0,5.8,14.0,0.5,0.5,0.6,2.0,6.0,8.0,5.2,17.0,2.6,14.0,0.5,0.5,0.6,-23.4,22.2,74.9,24.3,17.0,81.8,14.0,0.5,0.5,0.6,-112.5,-20.3,39.6,-29.6,17.0,78.7,14.0,0.5,0.5,0.6,0.94,2.6,4.81,2.84,16.0,2.39,14.0,0.5,0.5,0.6,5.8,10.5,51.3,28.9,16.0,36.0,14.0,0.5,0.5,0.6,3.71,4.6,7.68,5.48,16.0,2.29,14.0,0.5,0.5,0.6,20.6,40.7,73.9,49.5,16.0,38.6,14.0,0.5,0.5,0.6,-64.5,38.3,129.4,28.4,17.0,103.3,14.0,0.5,0.5,0.6,-119.3,-40.8,72.0,-25.8,17.0,110.1,14.0,0.5,0.5,0.6,-12.5,25.1,55.9,14.7,16.0,53.3,14.0,0.5,0.5,0.6,-63.9,-24.3,18.2,-18.9,16.0,52.6,14.0,0.5,0.5,0.6,-9.2,13.4,36.9,17.9,16.0,35.2,14.0,0.5,0.5,0.6,-57.9,-15.4,10.7,-22.5,16.0,44.6,14.0,0.5,0.5,0.6,176.0,804.5,1443.0,1104.0,17.0,1150.5,14.0,0.5,0.5,0.6,175.0,805.0,1445.0,1105.0,17.0,1150.0,14.0,0.5,0.5,0.6
1974,2,164.0,30.0,16.69,17.5,19.0,17.48,19.0,1.57,14.0,0.6,0.3,0.5,14.0,15.3,17.0,15.58,20.0,1.54,14.0,0.6,0.2,0.5,7.07,8.34,9.84,8.49,20.0,1.52,14.0,0.6,0.2,0.5,67.3,75.5,88.4,77.2,20.0,9.5,14.0,0.6,0.5,3.1,7.7,13.88,8.07,20.0,4.85,14.0,0.6,0.2,0.5,-2.37,1.7,10.6,3.15,20.0,5.82,14.0,0.6,0.2,0.5,-6.7,0.0,5.59,0.7,20.0,6.87,14.0,0.6,0.2,0.5,1010.83,1016.25,1021.08,1016.05,20.0,4.45,14.0,0.6,0.2,0.5,1.0,6.0,8.0,4.9,20.0,3.0,14.0,0.6,0.2,0.5,-10.3,5.5,125.3,42.4,20.0,70.4,14.0,0.6,0.2,0.5,-48.3,0.0,48.6,11.2,20.0,95.2,14.0,0.6,0.2,0.5,-0.07,2.0,4.07,1.95,19.0,2.16,14.0,0.6,0.3,0.5,-0.5,10.1,41.8,15.4,19.0,23.0,14.0,0.6,0.3,0.5,1.83,3.95,5.4,3.92,19.0,1.77,14.0,0.6,0.3,0.5,11.4,19.7,55.3,29.9,19.0,25.7,14.0,0.6,0.3,0.5,-34.8,24.3,155.4,50.3,20.0,91.9,14.0,0.6,0.2,0.5,-101.4,0.0,92.2,14.8,20.0,111.0,14.0,0.6,0.2,0.5,-19.6,13.2,81.2,28.9,20.0,51.3,14.0,0.6,0.2,0.5,-46.4,0.0,46.1,11.2,20.0,65.9,14.0,0.6,0.2,0.5,-9.2,7.2,42.4,14.0,19.0,25.4,14.0,0.6,0.3,0.5,-27.7,0.0,19.0,-5.1,19.0,26.9,14.0,0.6,0.3,0.5,30.0,456.5,2677.5,1105.0,20.0,1486.0,14.0,0.6,0.2,0.5,30.0,455.0,2675.0,1105.0,20.0,1485.0,14.0,0.6,0.2,0.5
1974,2,164.0,31.0,15.88,16.0,18.33,16.73,11.0,1.32,12.0,0.9,0.4,0.5,16.0,18.0,19.0,17.74,11.0,1.84,12.0,0.9,0.4,0.5,7.8,10.23,11.75,9.43,10.0,2.56,12.0,1.0,0.4,0.5,61.3,72.5,89.1,72.5,10.0,18.3,12.0,1.0,0.5,9.59,12.9,15.89,12.35,11.0,3.87,12.0,0.9,0.4,0.5,-1.05,9.68,13.06,5.59,11.0,8.3,12.0,0.9,0.4,0.5,-3.29,4.75,11.99,4.64,11.0,7.48,12.0,0.9,0.4,0.5,1005.39,1013.2,1016.24,1011.39,11.0,7.07,12.0,0.9,0.4,0.5,1.4,5.0,7.6,4.8,10.0,2.7,12.0,0.9,0.4,0.5,-5.4,96.0,181.6,82.5,11.0,116.5,12.0,0.9,0.4,0.5,-28.2,66.1,148.4,70.6,11.0,113.9,12.0,0.9,0.4,0.5,-2.41,-1.0,0.62,-1.01,11.0,1.91,12.0,0.9,0.4,0.5,-28.1,-9.8,11.2,-8.2,11.0,23.7,12.0,0.9,0.4,0.5,0.79,2.31,3.81,2.51,10.0,2.24,12.0,1.0,0.4,0.5,9.4,25.1,37.2,30.0,10.0,31.1,12.0,1.0,0.4,0.5,-17.9,156.8,248.2,95.0,11.0,147.8,12.0,0.9,0.4,0.5,-53.7,90.3,204.0,82.9,11.0,127.7,12.0,0.9,0.4,0.5,-11.1,39.5,120.7,42.4,10.0,77.9,12.0,1.0,0.4,0.5,-16.4,51.9,106.6,53.9,10.0,75.7,12.0,1.0,0.4,0.5,-1.8,6.8,30.2,12.3,10.0,17.0,12.0,1.0,0.4,0.5,-9.6,5.6,20.0,13.6,10.0,36.1,12.0,1.0,0.4,0.5,884.5,2146.5,4161.5,2384.5,11.0,1933.0,12.0,0.9,0.4,0.5,885.0,2145.0,4160.0,2385.0,11.0,1935.0,12.0,0.9,0.4,0.5
1974,2,164.0,32.0,15.79,16.9,17.41,16.8,6.0,1.33,12.0,0.5,0.2,0.7,13.63,14.95,17.57,15.32,10.0,2.0,12.0,0.5,0.3,0.6,6.87,7.6,9.86,8.15,8.0,1.6,12.0,0.5,0.2,0.7,69.5,76.4,87.3,76.4,8.0,9.7,12.0,0.5,0.7,7.41,10.3,14.97,10.66,10.0,4.35,12.0,0.5,0.3,0.6,0.45,8.15,12.82,7.25,10.0,6.69,12.0,0.5,0.3,0.6,-6.76,1.43,7.15,0.33,10.0,6.48,12.0,0.5,0.3,0.6,1006.83,1012.8,1023.26,1014.12,10.0,8.72,12.0,0.5,0.3,0.6,2.9,6.0,8.0,5.6,10.0,2.6,12.0,0.5,0.3,0.6,10.2,83.9,185.5,101.0,10.0,95.5,12.0,0.5,0.3,0.6,-84.8,23.6,66.4,-1.7,10.0,78.0,12.0,0.5,0.3,0.6,0.48,1.95,2.5,1.4,6.0,1.52,12.0,0.5,0.2,0.7,0.1,12.9,29.0,13.7,6.0,19.1,12.0,0.5,0.2,0.7,2.62,3.32,4.45,3.53,6.0,1.18,12.0,0.5,0.2,0.7,19.7,25.3,46.3,31.0,6.0,17.0,12.0,0.5,0.2,0.7,10.1,123.6,194.9,107.8,10.0,95.7,12.0,0.5,0.3,0.6,-96.2,17.9,120.7,12.8,10.0,100.7,12.0,0.5,0.3,0.6,42.7,67.3,104.1,65.0,8.0,40.1,12.0,0.5,0.2,0.7,-58.1,10.2,70.5,11.1,8.0,58.4,12.0,0.5,0.2,0.7,7.0,15.7,44.1,21.7,6.0,24.2,12.0,0.5,0.2,0.7,-3.0,13.5,20.6,8.9,6.0,14.0,12.0,0.5,0.2,0.7,409.0,1092.5,3367.0,1724.5,10.0,1525.0,12.0,0.5,0.3,0.6,410.0,1095.0,3365.0,1725.0,10.0,1525.0,12.0,0.5,0.3,0.6
1974,2,164.0,33.0,16.0,16.75,18.06,16.88,18.0,1.19,16.0,0.6,0.3,0.6,10.99,14.0,16.0,13.49,19.0,2.13,14.0,0.6,0.3,0.5,6.06,7.74,9.13,7.73,16.0,1.36,16.0,0.6,0.3,0.6,71.5,77.7,85.3,77.9,16.0,9.3,16.0,0.6,0.6,7.56,11.8,16.07,11.97,19.0,4.08,14.0,0.6,0.3,0.5,-0.47,9.16,13.22,6.92,19.0,7.38,14.0,0.6,0.3,0.5,-6.82,0.0,6.31,-0.37,19.0,7.92,14.0,0.6,0.3,0.5,1005.97,1010.2,1016.14,1010.59,19.0,6.21,14.0,0.6,0.3,0.5,3.4,7.0,8.0,5.9,16.0,2.2,16.0,0.6,0.3,0.6,-2.4,110.8,180.9,99.2,19.0,98.9,14.0,0.6,0.3,0.5,-65.8,0.0,42.0,-11.8,19.0,126.2,14.0,0.6,0.3,0.5,0.35,3.8,6.03,3.48,18.0,2.49,16.0,0.6,0.3,0.6,2.2,36.9,81.0,42.3,18.0,38.8,16.0,0.6,0.3,0.6,2.72,4.58,6.51,4.4,15.0,1.85,16.0,0.6,0.3,0.6,22.0,47.1,83.1,53.1,15.0,31.5,16.0,0.6,0.3,0.6,-5.2,100.7,173.9,91.2,19.0,104.5,14.0,0.6,0.3,0.5,-74.2,0.0,87.8,5.7,19.0,106.1,14.0,0.6,0.3,0.5,9.8,57.6,109.9,50.6,16.0,59.7,16.0,0.6,0.3,0.6,-37.7,0.0,53.1,8.5,16.0,65.9,16.0,0.6,0.3,0.6,0.4,38.1,73.8,31.3,15.0,36.6,16.0,0.6,0.3,0.6,-28.8,0.0,17.9,-11.6,15.0,38.5,16.0,0.6,0.3,0.6,434.0,1643.0,4153.0,2276.5,19.0,1915.0,14.0,0.6,0.3,0.5,435.0,1645.0,4155.0,2275.0,19.0,1915.0,14.0,0.6,0.3,0.5
1974,2,164.0,34.0,15.0,16.0,17.37,16.03,9.0,1.4,18.0,0.6,0.4,0.5,12.4,14.5,16.34,14.44,10.0,2.22,18.0,0.6,0.4,0.5,5.9,6.87,8.2,7.1,8.0,1.59,18.0,0.5,0.4,0.5,60.4,70.8,79.0,71.2,8.0,10.1,18.0,0.5,0.5,7.06,9.8,13.43,10.44,10.0,4.54,18.0,0.6,0.4,0.5,-2.06,3.85,8.84,2.99,10.0,6.52,18.0,0.6,0.4,0.5,-6.17,3.91,7.02,2.03,10.0,9.21,18.0,0.6,0.4,0.5,1005.8,1014.3,1024.44,1014.62,10.0,9.28,18.0,0.6,0.4,0.5,3.3,5.0,6.7,4.8,9.0,2.0,18.0,0.6,0.4,0.5,-16.0,31.6,90.8,35.2,10.0,72.2,18.0,0.6,0.4,0.5,-65.6,24.3,58.8,28.8,10.0,157.6,18.0,0.6,0.4,0.5,0.56,1.5,3.31,1.77,9.0,2.29,18.0,0.6,0.4,0.5,5.3,12.8,25.2,15.3,9.0,22.5,18.0,0.6,0.4,0.5,2.09,4.68,5.47,4.12,8.0,2.0,18.0,0.5,0.4,0.5,27.6,32.6,50.7,36.1,8.0,18.4,18.0,0.5,0.4,0.5,-33.1,46.8,116.4,32.7,10.0,94.6,18.0,0.6,0.4,0.5,-78.7,59.4,112.4,42.1,10.0,135.0,18.0,0.6,0.4,0.5,-7.2,44.7,63.3,23.3,8.0,54.8,18.0,0.5,0.4,0.5,-38.4,0.7,40.6,-3.2,8.0,49.0,18.0,0.5,0.4,0.5,-4.8,23.9,39.9,21.3,8.0,24.6,18.0,0.5,0.4,0.5,-32.0,-5.9,25.2,-3.7,8.0,26.2,18.0,0.5,0.4,0.5,372.5,948.5,2627.5,1811.5,10.0,2629.5,18.0,0.6,0.4,0.5,370.0,950.0,2630.0,1810.0,10.0,2630.0,18.0,0.6,0.4,0.5
1974,2,164.0,35.0,13.04,14.3,15.31,14.09,16.0,1.29,16.0,0.7,0.5,0.5,9.79,12.75,15.33,12.74,18.0,2.79,16.0,0.7,0.6,0.6,5.57,6.64,9.49,7.39,17.0,2.09,16.0,0.7,0.5,0.5,62.8,83.2,91.0,79.3,17.0,13.5,16.0,0.7,0.5,5.1,13.65,16.65,11.86,18.0,5.67,16.0,0.7,0.6,0.6,-0.92,4.42,12.75,4.71,18.0,7.31,16.0,0.7,0.6,0.6,-7.01,1.52,10.15,1.89,18.0,10.01,16.0,0.7,0.6,0.6,1003.55,1011.35,1019.6,1011.1,18.0,8.55,16.0,0.7,0.6,0.6,3.0,7.0,8.0,5.9,17.0,2.4,16.0,0.7,0.5,0.6,-2.9,37.4,205.2,69.1,18.0,106.8,16.0,0.7,0.6,0.6,-106.6,15.7,138.0,26.9,18.0,172.0,16.0,0.7,0.6,0.6,-2.2,1.85,3.76,1.49,16.0,2.78,16.0,0.7,0.5,0.5,-19.4,19.1,46.5,17.7,16.0,43.8,16.0,0.7,0.5,0.5,0.84,2.79,4.61,2.74,16.0,1.89,16.0,0.7,0.5,0.5,2.1,30.2,62.7,30.1,16.0,29.3,16.0,0.7,0.5,0.5,-13.8,41.1,157.2,52.8,18.0,92.6,16.0,0.7,0.6,0.6,-73.4,20.3,154.7,43.1,18.0,131.1,16.0,0.7,0.6,0.6,-12.0,19.2,79.9,25.4,17.0,47.6,16.0,0.7,0.5,0.5,-59.9,4.6,90.4,23.7,17.0,88.8,16.0,0.7,0.5,0.5,-1.1,13.6,35.0,15.1,16.0,26.5,16.0,0.7,0.5,0.5,-35.3,-1.0,11.0,-4.7,16.0,29.1,16.0,0.7,0.5,0.5,132.5,2546.0,4619.5,2679.0,18.0,2565.5,16.0,0.7,0.6,0.6,135.0,2545.0,4620.0,2680.0,18.0,2565.0,16.0,0.7,0.6,0.6
1974,2,164.0,36.0,13.48,14.5,15.37,14.33,9.0,1.13,14.0,0.3,0.4,0.5,8.21,11.8,14.11,11.37,10.0,3.08,14.0,0.4,0.4,0.5,4.6,5.67,7.55,5.89,10.0,1.57,14.0,0.4,0.4,0.5,66.4,70.6,82.5,70.7,10.0,15.2,14.0,0.4,0.5,5.93,11.55,15.4,10.68,10.0,4.66,14.0,0.4,0.4,0.5,0.66,4.32,13.99,6.39,10.0,6.28,14.0,0.4,0.4,0.5,-7.5,1.34,7.05,0.49,10.0,7.96,14.0,0.4,0.4,0.5,997.91,1012.45,1024.06,1011.82,10.0,11.9,14.0,0.4,0.4,0.5,6.4,7.5,8.0,7.2,10.0,1.0,14.0,0.4,0.4,0.5,2.1,39.0,215.4,87.7,10.0,98.9,14.0,0.4,0.4,0.5,-97.4,4.2,75.0,1.3,10.0,100.4,14.0,0.4,0.4,0.5,0.0,1.7,7.1,2.64,9.0,3.41,14.0,0.3,0.4,0.5,0.0,26.2,62.9,32.0,9.0,40.6,14.0,0.3,0.4,0.5,1.82,3.66,6.17,4.15,9.0,2.22,14.0,0.3,0.4,0.5,17.3,55.8,73.1,51.2,9.0,32.3,14.0,0.3,0.4,0.5,5.6,49.8,154.1,69.2,10.0,72.8,14.0,0.4,0.4,0.5,-60.0,11.4,98.0,24.0,10.0,99.3,14.0,0.4,0.4,0.5,3.1,26.3,80.3,38.4,10.0,39.4,14.0,0.4,0.4,0.5,-38.5,6.4,49.9,5.7,10.0,42.0,14.0,0.4,0.4,0.5,2.0,22.1,55.4,27.2,9.0,25.3,14.0,0.3,0.4,0.5,-43.3,0.0,17.9,-2.0,9.0,50.2,14.0,0.3,0.4,0.5,251.0,1560.5,3652.5,1810.5,10.0,1550.5,14.0,0.4,0.4,0.5,250.0,1560.0,3650.0,1810.0,10.0,1550.0,14.0,0.4,0.4,0.5
1974,2,164.0,37.0,12.33,12.85,14.05,13.18,4.0,1.29,8.0,0.5,0.4,0.2,6.32,7.0,9.88,8.04,5.0,2.47,10.0,0.4,0.3,0.3,4.72,4.9,5.77,5.23,4.0,0.85,8.0,0.3,0.3,0.3,74.5,77.5,83.0,78.7,4.0,5.4,8.0,0.3,0.3,6.75,10.3,13.07,9.96,5.0,3.68,10.0,0.4,0.3,0.3,5.82,7.58,10.01,7.81,5.0,2.55,10.0,0.4,0.3,0.3,-8.39,-2.55,2.04,-2.63,5.0,6.79,10.0,0.4,0.3,0.3,1006.45,1008.2,1018.57,1011.96,5.0,7.46,10.0,0.4,0.3,0.3,2.9,5.5,6.5,4.8,4.0,2.6,8.0,0.3,0.3,0.3,45.3,68.2,131.6,84.8,5.0,53.2,10.0,0.4,0.3,0.3,-100.3,-13.0,29.0,-28.1,5.0,86.8,10.0,0.4,0.3,0.3,4.53,5.75,7.81,6.15,4.0,2.14,8.0,0.5,0.4,0.2,34.8,61.0,82.8,58.9,4.0,30.7,8.0,0.5,0.4,0.2,4.25,4.53,5.29,4.77,3.0,0.79,4.0,0.3,0.4,0.3,42.3,58.1,59.0,50.8,3.0,13.8,4.0,0.3,0.4,0.3,39.1,49.3,90.7,63.6,5.0,32.2,10.0,0.4,0.3,0.3,-53.7,-21.9,29.4,-9.4,5.0,62.7,10.0,0.4,0.3,0.3,34.7,43.8,56.3,45.4,4.0,13.0,8.0,0.3,0.3,0.3,-41.1,-22.9,23.8,-9.3,4.0,43.6,8.0,0.3,0.3,0.3,35.3,37.4,42.9,39.1,3.0,5.8,4.0,0.3,0.4,0.3,-42.5,-38.2,-16.3,-29.6,3.0,20.6,4.0,0.3,0.4,0.3,338.5,1092.5,2272.0,1306.0,5.0,1148.5,10.0,0.4,0.3,0.3,340.0,1095.0,2270.0,1305.0,5.0,1150.0,10.0,0.4,0.3,0.3
1974,2,164.0,38.0,10.33,12.0,13.41,11.85,11.0,1.45,20.0,0.6,0.4,0.7,6.38,9.0,14.0,10.06,16.0,3.58,18.0,0.7,0.4,0.6,4.06,5.68,9.26,6.41,12.0,2.24,20.0,0.7,0.4,0.6,64.5,85.6,88.4,79.2,12.0,13.6,20.0,0.7,0.6,8.62,13.15,17.43,13.48,16.0,5.77,18.0,0.7,0.4,0.6,-1.05,3.46,15.52,6.26,16.0,8.21,18.0,0.7,0.4,0.6,-8.51,5.12,12.7,3.98,16.0,10.04,18.0,0.7,0.4,0.6,999.54,1004.5,1019.24,1008.83,16.0,11.07,18.0,0.7,0.4,0.6,4.1,6.5,8.0,6.1,14.0,1.9,16.0,0.6,0.4,0.6,-10.3,18.8,258.9,105.3,16.0,157.0,18.0,0.7,0.4,0.6,-102.6,46.5,180.8,72.3,16.0,198.1,18.0,0.7,0.4,0.6,-1.38,2.5,4.41,1.48,11.0,3.21,20.0,0.6,0.4,0.7,-14.6,13.3,70.2,26.6,11.0,56.1,20.0,0.6,0.4,0.7,0.6,2.1,4.03,2.01,11.0,1.87,20.0,0.6,0.4,0.7,6.0,19.0,57.0,28.5,11.0,33.1,20.0,0.6,0.4,0.7,-14.8,31.8,120.3,43.6,16.0,67.9,18.0,0.7,0.4,0.6,-51.0,64.3,163.5,61.9,16.0,100.8,18.0,0.7,0.4,0.6,-19.3,15.1,80.4,26.8,12.0,50.3,20.0,0.7,0.4,0.6,-14.5,66.0,100.7,45.7,12.0,58.3,20.0,0.7,0.4,0.6,-0.4,17.8,49.0,24.8,11.0,29.1,20.0,0.6,0.4,0.7,-18.9,0.0,7.6,-0.7,11.0,21.5,20.0,0.6,0.4,0.7,647.5,2276.5,5322.0,3829.0,16.0,4888.0,18.0,0.7,0.4,0.6,650.0,2275.0,5320.0,3830.0,16.0,4890.0,18.0,0.7,0.4,0.6
1974,2,164.0,39.0,12.63,14.0,16.59,14.6,3.0,2.95,16.0,1.0,0.4,0.6,10.21,12.75,16.23,13.2,4.0,3.71,14.0,1.0,0.3,0.4,7.23,9.21,10.14,8.7,3.0,2.18,16.0,1.0,0.4,0.6,83.9,84.4,88.3,86.1,3.0,3.5,16.0,1.0,0.6,10.44,13.9,16.52,13.5,4.0,4.11,14.0,1.0,0.3,0.4,-1.6,3.17,5.18,1.85,4.0,4.9,14.0,1.0,0.3,0.4,2.33,13.35,15.53,9.13,4.0,10.96,14.0,1.0,0.3,0.4,995.63,1004.95,1013.95,1004.8,4.0,10.57,14.0,1.0,0.3,0.4,5.0,7.0,7.7,6.3,3.0,2.1,16.0,1.0,0.4,0.6,-26.0,31.3,74.1,24.3,4.0,76.7,14.0,1.0,0.3,0.4,47.5,186.3,258.8,154.7,4.0,153.6,14.0,1.0,0.3,0.4,-0.34,0.0,1.71,0.67,3.0,1.61,16.0,1.0,0.4,0.6,-5.1,0.0,30.7,12.5,3.0,28.4,16.0,1.0,0.4,0.6,1.13,2.08,2.39,1.77,3.0,0.96,16.0,1.0,0.4,0.6,15.5,26.8,39.6,27.6,3.0,17.7,16.0,1.0,0.4,0.6,-19.7,42.5,52.1,17.4,4.0,61.4,14.0,1.0,0.3,0.4,35.6,181.9,215.1,127.9,4.0,140.0,14.0,1.0,0.3,0.4,-24.5,23.7,34.0,5.2,3.0,45.8,16.0,1.0,0.4,0.6,113.8,129.0,132.6,123.3,3.0,14.7,16.0,1.0,0.4,0.6,-0.9,4.7,12.1,5.6,3.0,9.6,16.0,1.0,0.4,0.6,15.0,26.4,37.6,26.3,3.0,16.6,16.0,1.0,0.4,0.6,1311.0,2727.5,4630.5,2959.5,4.0,2223.5,14.0,1.0,0.3,0.4,1310.0,2725.0,4630.0,2960.0,4.0,2225.0,14.0,1.0,0.3,0.4
1974,2,164.0,40.0,9.93,10.6,13.46,11.22,9.0,1.74,14.0,0.3,0.5,0.4,4.0,5.0,7.81,6.39,9.0,3.74,14.0,0.3,0.5,0.4,3.94,4.42,5.42,5.0,9.0,1.48,14.0,0.3,0.5,0.4,74.6,80.3,86.7,81.2,9.0,6.9,14.0,0.3,0.4,8.86,12.9,19.17,14.07,9.0,5.97,14.0,0.3,0.5,0.4,4.73,6.66,15.76,8.32,9.0,7.04,14.0,0.3,0.5,0.4,-13.56,-5.9,8.34,-2.94,9.0,11.01,14.0,0.3,0.5,0.4,994.81,1000.0,1011.2,1002.38,9.0,11.63,14.0,0.3,0.5,0.4,4.0,6.0,7.0,5.9,7.0,1.5,14.0,0.3,0.5,0.4,39.5,58.3,315.0,142.1,9.0,160.0,14.0,0.3,0.5,0.4,-240.4,-45.4,86.9,-77.6,9.0,207.2,14.0,0.3,0.5,0.4,2.32,5.0,8.54,4.83,9.0,4.04,14.0,0.3,0.5,0.4,25.6,67.9,160.0,74.6,9.0,71.9,14.0,0.3,0.5,0.4,2.31,3.03,5.56,3.39,9.0,1.93,14.0,0.3,0.5,0.4,23.6,37.0,102.8,51.6,9.0,41.9,14.0,0.3,0.5,0.4,19.1,36.0,103.3,54.8,9.0,45.7,14.0,0.3,0.5,0.4,-54.9,-26.6,43.0,-4.9,9.0,77.2,14.0,0.3,0.5,0.4,19.3,34.6,74.2,41.1,9.0,33.4,14.0,0.3,0.5,0.4,-52.4,-25.2,47.0,-7.9,9.0,57.6,14.0,0.3,0.5,0.4,4.4,18.5,54.4,32.0,9.0,37.4,14.0,0.3,0.5,0.4,-54.4,-19.3,12.2,-21.4,9.0,41.1,14.0,0.3,0.5,0.4,698.0,2146.5,7072.0,4261.0,9.0,5363.5,14.0,0.3,0.5,0.4,700.0,2145.0,7070.0,4260.0,9.0,5365.0,14.0,0.3,0.5,0.4
1974,2,164.0,41.0,12.0,12.0,12.0,12.0,1.0,0.0,12.0,0.0,0.8,0.0,4.5,4.5,4.5,4.5,1.0,0.0,12.0,0.0,0.8,0.0,4.89,4.89,4.89,4.89,1.0,0.0,12.0,0.0,0.8,0.0,92.6,92.6,92.6,92.6,1.0,0.0,12.0,0.0,0.0,7.2,7.2,7.2,7.2,1.0,0.0,12.0,0.0,0.8,0.0,7.09,7.09,7.09,7.09,1.0,0.0,12.0,0.0,0.8,0.0,1.25,1.25,1.25,1.25,1.0,0.0,12.0,0.0,0.8,0.0,1000.0,1000.0,1000.0,1000.0,1.0,0.0,12.0,0.0,0.8,0.0,8.0,8.0,8.0,8.0,1.0,0.0,12.0,0.0,0.8,0.0,51.1,51.1,51.1,51.1,1.0,0.0,12.0,0.0,0.8,0.0,9.0,9.0,9.0,9.0,1.0,0.0,12.0,0.0,0.8,0.0,7.5,7.5,7.5,7.5,1.0,0.0,12.0,0.0,0.8,0.0,54.0,54.0,54.0,54.0,1.0,0.0,12.0,0.0,0.8,0.0,3.92,3.92,3.92,3.92,1.0,0.0,12.0,0.0,0.8,0.0,28.2,28.2,28.2,28.2,1.0,0.0,12.0,0.0,0.8,0.0,31.9,31.9,31.9,31.9,1.0,0.0,12.0,0.0,0.8,0.0,5.6,5.6,5.6,5.6,1.0,0.0,12.0,0.0,0.8,0.0,34.6,34.6,34.6,34.6,1.0,0.0,12.0,0.0,0.8,0.0,6.1,6.1,6.1,6.1,1.0,0.0,12.0,0.0,0.8,0.0,27.8,27.8,27.8,27.8,1.0,0.0,12.0,0.0,0.8,0.0,4.9,4.9,4.9,4.9,1.0,0.0,12.0,0.0,0.8,0.0,373.0,373.0,373.0,373.0,1.0,0.0,12.0,0.0,0.8,0.0,375.0,375.0,375.0,375.0,1.0,0.0,12.0,0.0,0.8,0.0
1974,2,164.0,42.0,6.03,7.3,8.0,6.98,6.0,1.16,24.0,0.5,0.7,0.6,3.06,3.9,9.0,5.07,6.0,3.24,24.0,0.5,0.7,0.6,3.2,4.39,6.27,4.58,6.0,1.58,24.0,0.5,0.7,0.6,76.0,87.7,90.1,81.8,6.0,16.0,24.0,0.5,0.6,10.7,14.15,15.52,13.47,6.0,2.42,24.0,0.5,0.7,0.6,-0.95,2.28,6.8,3.07,6.0,5.99,24.0,0.5,0.7,0.6,-14.36,-8.92,11.17,-4.03,6.0,12.52,24.0,0.5,0.7,0.6,1007.19,1009.9,1016.8,1011.15,6.0,4.76,24.0,0.5,0.7,0.6,7.0,8.0,8.0,7.6,5.0,0.5,22.0,0.4,0.7,0.5,-12.7,31.4,102.7,47.1,6.0,90.2,24.0,0.5,0.7,0.6,-217.6,-111.5,127.4,-66.4,6.0,171.9,24.0,0.5,0.7,0.6,-1.1,3.0,4.0,1.92,6.0,2.51,24.0,0.5,0.7,0.6,-12.7,40.7,54.6,27.5,6.0,34.3,24.0,0.5,0.7,0.6,0.3,1.72,2.48,1.64,6.0,1.51,24.0,0.5,0.7,0.6,3.1,22.1,37.1,23.3,6.0,23.3,24.0,0.5,0.7,0.6,-8.5,6.2,25.6,7.1,6.0,30.6,24.0,0.5,0.7,0.6,-52.4,-20.5,100.5,9.9,6.0,76.0,24.0,0.5,0.7,0.6,-6.3,9.1,24.7,7.3,6.0,21.9,24.0,0.5,0.7,0.6,-63.0,-26.8,70.1,-5.7,6.0,65.3,24.0,0.5,0.7,0.6,0.8,4.5,17.7,12.2,6.0,21.3,24.0,0.5,0.7,0.6,-30.2,-21.3,-1.2,-17.0,6.0,14.8,24.0,0.5,0.7,0.6,1225.0,2857.0,3744.0,2636.0,6.0,1260.5,24.0,0.5,0.7,0.6,1225.0,2855.0,3745.0,2635.0,6.0,1260.0,24.0,0.5,0.7,0.6
1974,2,164.0,43.0,6.29,7.0,8.21,7.2,11.0,1.52,10.0,0.4,0.4,0.5,1.29,2.5,4.21,2.71,11.0,1.58,10.0,0.4,0.4,0.5,3.0,3.76,4.57,3.77,10.0,0.81,12.0,0.4,0.4,0.6,69.5,84.2,86.8,79.3,10.0,12.9,12.0,0.4,0.6,3.97,7.2,10.86,7.73,12.0,3.98,12.0,0.4,0.4,0.5,-0.44,2.34,6.95,3.11,12.0,4.35,12.0,0.4,0.4,0.5,-8.83,-3.13,5.62,-1.96,12.0,6.88,12.0,0.4,0.4,0.5,998.25,1005.05,1013.26,1004.79,12.0,9.21,12.0,0.4,0.4,0.5,4.2,6.0,8.0,5.8,11.0,1.8,10.0,0.4,0.4,0.5,-4.4,9.6,67.0,33.4,12.0,56.9,12.0,0.4,0.4,0.5,-87.1,-12.1,40.6,-12.5,12.0,80.7,12.0,0.4,0.4,0.5,2.59,5.0,6.21,4.49,11.0,1.87,10.0,0.4,0.4,0.5,16.8,26.8,50.0,31.4,11.0,17.8,10.0,0.4,0.4,0.5,1.6,2.52,3.32,2.59,10.0,0.96,12.0,0.4,0.4,0.6,9.7,16.4,27.4,17.5,10.0,8.4,12.0,0.4,0.4,0.6,-3.6,4.1,18.6,7.8,11.0,17.2,10.0,0.4,0.4,0.5,-26.6,-7.1,8.1,-7.9,11.0,25.2,10.0,0.4,0.4,0.5,-4.7,7.3,25.5,11.4,10.0,19.5,12.0,0.4,0.4,0.6,-39.1,-12.6,7.9,-12.3,10.0,28.6,12.0,0.4,0.4,0.6,-1.3,6.3,16.7,7.1,10.0,10.3,12.0,0.4,0.4,0.6,-14.3,-10.8,4.7,-7.2,10.0,13.8,12.0,0.4,0.4,0.6,63.5,378.5,1357.5,830.0,12.0,1118.0,12.0,0.4,0.4,0.5,65.0,380.0,1360.0,830.0,12.0,1120.0,12.0,0.4,0.4,0.5
1974,2,164.0,44.0,5.0,6.3,7.81,6.52,6.0,1.55,18.0,0.7,0.5,0.2,1.98,4.0,4.48,3.9,7.0,2.1,18.0,0.6,0.5,0.2,3.18,3.58,4.74,4.04,7.0,0.98,18.0,0.6,0.5,0.2,69.2,83.4,91.3,79.6,7.0,11.8,18.0,0.6,0.2,6.15,7.7,15.67,10.5,7.0,5.81,18.0,0.6,0.5,0.2,0.0,5.27,6.76,5.62,7.0,6.76,18.0,0.6,0.5,0.2,-7.41,-5.1,1.72,-2.78,7.0,8.42,18.0,0.6,0.5,0.2,1000.14,1012.9,1016.07,1009.77,7.0,9.44,18.0,0.6,0.5,0.2,5.4,7.5,8.0,6.7,6.0,2.0,18.0,0.7,0.5,0.2,0.0,37.9,97.2,85.3,7.0,149.5,18.0,0.6,0.5,0.2,-118.3,-33.3,17.0,-22.1,7.0,121.1,18.0,0.6,0.5,0.2,1.48,2.65,3.81,2.55,6.0,1.83,18.0,0.7,0.5,0.2,8.2,24.0,43.8,27.1,6.0,27.3,18.0,0.7,0.5,0.2,1.2,2.11,2.69,2.08,6.0,1.11,18.0,0.7,0.5,0.2,13.4,16.4,30.7,20.9,6.0,11.4,18.0,0.7,0.5,0.2,0.0,22.1,30.3,17.7,7.0,16.3,18.0,0.6,0.5,0.2,-19.8,-14.5,9.6,1.7,7.0,52.5,18.0,0.6,0.5,0.2,0.0,17.6,32.2,21.2,7.0,24.5,18.0,0.6,0.5,0.2,-26.9,-21.9,7.7,-7.0,7.0,42.9,18.0,0.6,0.5,0.2,2.6,10.2,25.0,13.9,6.0,14.1,18.0,0.7,0.5,0.2,-17.3,-14.1,3.9,-8.7,6.0,11.5,18.0,0.7,0.5,0.2,233.5,456.5,3926.5,2215.0,7.0,3397.0,18.0,0.6,0.5,0.2,235.0,455.0,3925.0,2215.0,7.0,3395.0,18.0,0.6,0.5,0.2
1974,2,164.0,45.0,1.43,4.0,5.52,3.47,7.0,2.25,16.0,0.9,0.4,0.3,1.54,3.5,4.0,3.08,9.0,1.39,16.0,0.9,0.4,0.3,3.1,3.51,4.32,3.7,9.0,0.66,16.0,0.9,0.4,0.3,66.1,74.6,90.9,77.8,9.0,13.1,16.0,0.9,0.3,3.8,7.7,12.74,8.4,9.0,4.32,16.0,0.9,0.4,0.3,-3.46,3.85,8.81,2.12,9.0,8.16,16.0,0.9,0.4,0.3,-4.95,2.67,3.9,0.17,9.0,5.14,16.0,0.9,0.4,0.3,996.08,1011.0,1014.62,1006.0,9.0,12.08,16.0,0.9,0.4,0.3,3.3,5.0,8.0,5.7,9.0,2.1,16.0,0.9,0.4,0.3,-20.1,29.6,105.4,15.0,9.0,108.9,16.0,0.9,0.4,0.3,-38.1,8.3,48.9,8.2,9.0,51.4,16.0,0.9,0.4,0.3,-2.6,0.5,4.07,0.51,7.0,3.6,16.0,0.9,0.4,0.3,-10.9,7.7,31.4,3.2,7.0,32.9,16.0,0.9,0.4,0.3,-0.3,1.22,2.27,1.11,7.0,1.19,16.0,0.9,0.4,0.3,-2.9,9.4,18.9,10.2,7.0,12.8,16.0,0.9,0.4,0.3,-13.1,5.9,28.9,4.2,9.0,28.4,16.0,0.9,0.4,0.3,-9.2,9.4,12.5,4.6,9.0,17.2,16.0,0.9,0.4,0.3,-17.3,16.8,33.5,8.0,9.0,28.3,16.0,0.9,0.4,0.3,-17.2,8.1,12.8,0.0,9.0,20.2,16.0,0.9,0.4,0.3,-4.2,2.5,13.4,0.3,7.0,14.9,16.0,0.9,0.4,0.3,-11.2,-2.4,2.0,-3.6,7.0,6.9,16.0,0.9,0.4,0.3,71.5,456.5,2069.5,1030.5,9.0,1250.5,16.0,0.9,0.4,0.3,70.0,455.0,2070.0,1030.0,9.0,1250.0,16.0,0.9,0.4,0.3
1974,2,164.0,46.0,2.5,4.0,5.6,4.06,9.0,1.91,14.0,0.2,0.4,0.5,-0.73,1.0,2.37,1.1,9.0,1.78,14.0,0.2,0.4,0.5,2.82,3.4,3.75,3.23,9.0,0.71,14.0,0.2,0.4,0.5,62.6,82.0,95.5,78.8,9.0,17.9,14.0,0.2,0.5,4.1,5.1,9.67,6.62,9.0,2.59,14.0,0.2,0.4,0.5,1.41,3.85,6.5,4.02,9.0,2.89,14.0,0.2,0.4,0.5,-3.83,1.4,5.4,0.56,9.0,5.39,14.0,0.2,0.4,0.5,1008.58,1010.0,1016.81,1012.3,9.0,6.91,14.0,0.2,0.4,0.5,4.5,8.0,8.0,6.6,9.0,2.2,14.0,0.2,0.4,0.5,7.3,19.9,57.2,30.5,9.0,30.6,14.0,0.2,0.4,0.5,-16.7,5.7,45.1,8.4,9.0,45.0,14.0,0.2,0.4,0.5,0.77,3.0,5.35,2.96,9.0,2.25,14.0,0.2,0.4,0.5,5.1,18.4,26.1,16.1,9.0,10.6,14.0,0.2,0.4,0.5,1.02,1.71,2.84,1.86,9.0,0.83,14.0,0.2,0.4,0.5,8.3,11.7,13.2,10.9,9.0,3.2,14.0,0.2,0.4,0.5,-0.5,3.5,12.0,4.4,9.0,6.6,14.0,0.2,0.4,0.5,0.2,3.6,11.3,7.3,9.0,14.0,14.0,0.2,0.4,0.5,4.3,13.3,20.9,13.7,9.0,10.2,14.0,0.2,0.4,0.5,-9.9,5.4,17.0,2.0,9.0,18.9,14.0,0.2,0.4,0.5,2.4,5.7,10.6,6.6,9.0,4.1,14.0,0.2,0.4,0.5,-7.0,1.6,8.4,1.1,9.0,8.8,14.0,0.2,0.4,0.5,69.0,132.5,904.5,412.0,9.0,394.0,14.0,0.2,0.4,0.5,70.0,135.0,905.0,410.0,9.0,395.0,14.0,0.2,0.4,0.5
1974,2,164.0,47.0,3.0,3.0,4.21,3.5,6.0,0.84,12.0,0.8,0.4,0.4,1.79,2.5,3.1,2.42,6.0,0.86,12.0,0.8,0.4,0.4,3.07,3.67,4.11,3.63,6.0,0.53,12.0,0.8,0.4,0.4,66.4,80.4,93.5,80.4,6.0,14.4,12.0,0.8,0.4,4.48,5.1,7.58,6.08,6.0,3.61,12.0,0.8,0.4,0.4,-2.36,2.63,5.22,1.91,6.0,4.67,12.0,0.8,0.4,0.4,-5.84,-2.8,2.7,-2.41,6.0,4.93,12.0,0.8,0.4,0.4,994.26,1007.0,1012.41,1004.17,6.0,9.96,12.0,0.8,0.4,0.4,2.3,6.0,7.4,5.0,5.0,2.9,12.0,1.0,0.3,0.4,-13.1,11.4,40.0,19.0,6.0,47.2,12.0,0.8,0.4,0.4,-45.9,-13.9,13.8,-25.0,6.0,53.2,12.0,0.8,0.4,0.4,-0.1,0.5,2.41,1.08,6.0,1.66,12.0,0.8,0.4,0.4,-0.5,1.8,25.0,8.6,6.0,13.0,12.0,0.8,0.4,0.4,0.78,1.29,1.78,1.28,6.0,0.6,12.0,0.8,0.4,0.4,1.9,7.3,12.5,9.1,6.0,9.4,12.0,0.8,0.4,0.4,-4.8,6.6,15.7,5.9,6.0,9.6,12.0,0.8,0.4,0.4,-15.5,-4.0,8.3,-4.2,6.0,11.6,12.0,0.8,0.4,0.4,-9.9,9.4,16.0,5.1,6.0,16.0,12.0,0.8,0.4,0.4,-22.5,-11.2,8.7,-8.8,6.0,16.2,12.0,0.8,0.4,0.4,-1.8,3.0,9.6,4.0,6.0,8.1,12.0,0.8,0.4,0.4,-8.5,-1.6,4.1,-3.5,6.0,9.3,12.0,0.8,0.4,0.4,107.0,132.5,632.5,465.5,6.0,827.0,12.0,0.8,0.4,0.4,105.0,135.0,630.0,465.0,6.0,825.0,12.0,0.8,0.4,0.4
1974,2,164.0,48.0,2.9,3.0,4.22,3.67,6.0,1.66,8.0,0.5,0.3,0.3,-1.11,0.75,2.1,0.48,6.0,1.85,8.0,0.5,0.3,0.3,3.14,3.52,4.0,3.56,5.0,0.56,10.0,0.6,0.3,0.4,77.6,78.3,100.0,86.7,5.0,12.1,10.0,0.6,0.4,7.07,8.2,11.25,8.94,5.0,2.89,10.0,0.6,0.3,0.4,-10.52,-8.2,6.23,-3.24,5.0,9.16,10.0,0.6,0.3,0.4,-0.65,0.0,2.36,0.93,5.0,3.18,10.0,0.6,0.3,0.4,998.13,1006.6,1011.74,1005.67,6.0,7.81,8.0,0.5,0.3,0.3,3.6,5.0,8.0,5.3,6.0,2.4,8.0,0.5,0.3,0.3,-119.0,-67.2,41.1,-44.5,5.0,88.7,10.0,0.6,0.3,0.4,-6.7,0.0,30.4,13.0,5.0,40.1,10.0,0.6,0.3,0.4,1.0,2.0,5.82,3.18,6.0,2.83,8.0,0.5,0.3,0.3,9.5,12.9,25.6,18.0,5.0,14.5,10.0,0.6,0.3,0.4,0.7,1.28,2.12,1.46,5.0,1.19,10.0,0.6,0.3,0.4,3.6,8.9,15.4,9.5,4.0,7.0,10.0,0.8,0.3,0.4,-22.2,-16.4,-9.7,-15.7,5.0,10.1,10.0,0.6,0.3,0.4,-1.0,0.0,5.9,2.7,5.0,7.6,10.0,0.6,0.3,0.4,-37.6,-34.7,-5.9,-22.3,4.0,27.9,10.0,0.8,0.3,0.4,-3.1,0.0,11.9,4.2,4.0,12.7,10.0,0.8,0.3,0.4,-14.1,-7.8,1.2,-6.5,4.0,9.2,10.0,0.8,0.3,0.4,-1.2,0.0,4.6,1.6,4.0,4.9,10.0,0.8,0.3,0.4,398.5,551.5,1477.5,895.0,5.0,778.5,10.0,0.6,0.3,0.4,400.0,550.0,1480.0,895.0,5.0,780.0,10.0,0.6,0.3,0.4
1974,2,164.0,49.0,3.24,3.75,4.0,3.63,4.0,0.48,12.0,1.0,0.4,0.1,0.72,2.0,3.41,2.0,5.0,2.32,14.0,1.0,0.4,0.2,3.45,4.16,4.74,4.1,4.0,0.98,12.0,1.0,0.4,0.1,86.3,91.5,93.2,89.8,4.0,4.8,12.0,1.0,0.1,4.37,10.3,14.08,9.36,5.0,5.1,14.0,1.0,0.4,0.2,-2.75,2.37,7.6,2.16,5.0,8.33,14.0,1.0,0.4,0.2,0.63,7.2,9.38,5.31,5.0,5.02,14.0,1.0,0.4,0.2,977.49,999.0,1008.24,994.2,5.0,16.8,14.0,1.0,0.4,0.2,7.6,8.0,8.0,7.8,5.0,0.4,14.0,1.0,0.4,0.2,-49.4,18.4,81.1,16.4,5.0,116.0,14.0,1.0,0.4,0.2,0.7,103.7,111.7,65.9,5.0,62.2,14.0,1.0,0.4,0.2,-0.55,1.25,3.83,1.63,4.0,2.95,12.0,1.0,0.4,0.1,-4.8,17.5,28.4,12.1,4.0,21.0,12.0,1.0,0.4,0.1,0.21,0.82,1.65,0.92,4.0,1.01,12.0,1.0,0.4,0.1,3.2,10.1,13.0,8.2,4.0,7.1,12.0,1.0,0.4,0.1,-14.3,4.7,14.8,1.0,5.0,19.2,14.0,1.0,0.4,0.2,3.5,14.4,32.7,18.8,5.0,19.6,14.0,1.0,0.4,0.2,-18.5,11.5,33.9,7.9,4.0,39.6,12.0,1.0,0.4,0.1,11.8,33.5,45.3,28.8,4.0,24.5,12.0,1.0,0.4,0.1,-3.7,5.2,11.6,4.0,4.0,9.2,12.0,1.0,0.4,0.1,-2.9,1.9,6.5,1.8,4.0,5.5,12.0,1.0,0.4,0.1,95.0,1092.5,2795.5,1385.5,5.0,1391.5,14.0,1.0,0.4,0.2,95.0,1095.0,2795.0,1385.0,5.0,1390.0,14.0,1.0,0.4,0.2
1974,2,164.0,50.0,2.71,4.0,4.0,3.57,11.0,1.07,14.0,0.3,0.5,0.5,-0.04,0.5,1.71,0.85,11.0,1.51,14.0,0.3,0.5,0.5,3.07,3.41,3.89,3.51,10.0,0.71,16.0,0.2,0.6,0.5,74.0,83.7,98.5,85.5,10.0,10.7,16.0,0.2,0.5,2.89,9.8,13.31,8.71,11.0,4.99,14.0,0.3,0.5,0.5,-5.75,-0.54,5.83,-0.4,11.0,7.28,14.0,0.3,0.5,0.5,-7.27,-1.67,4.02,-0.96,11.0,7.35,14.0,0.3,0.5,0.5,1003.09,1008.0,1013.77,1007.99,11.0,6.89,14.0,0.3,0.5,0.5,5.4,7.0,8.0,6.7,10.0,1.6,12.0,0.3,0.5,0.5,-79.3,-1.7,61.0,-4.7,11.0,92.7,14.0,0.3,0.5,0.5,-76.1,-4.3,41.0,0.6,11.0,99.6,14.0,0.3,0.5,0.5,1.67,2.5,4.04,2.73,11.0,1.53,14.0,0.3,0.5,0.5,5.8,23.1,33.4,20.0,11.0,14.4,14.0,0.3,0.5,0.5,0.98,1.44,1.82,1.34,10.0,0.56,16.0,0.2,0.6,0.5,2.6,14.4,19.0,12.1,10.0,8.3,16.0,0.2,0.6,0.5,-16.1,-0.3,0.0,-4.6,11.0,12.0,14.0,0.3,0.5,0.5,-7.5,0.0,1.9,2.8,11.0,22.2,14.0,0.3,0.5,0.5,-25.4,-4.8,17.4,-2.5,10.0,26.4,16.0,0.2,0.6,0.5,-24.5,-9.4,10.4,-2.8,10.0,32.1,16.0,0.2,0.6,0.5,-8.1,-0.2,12.1,0.0,10.0,11.9,16.0,0.2,0.6,0.5,-12.2,-4.0,2.8,-4.1,10.0,8.3,16.0,0.2,0.6,0.5,24.5,941.0,2369.5,1251.0,11.0,1420.5,14.0,0.3,0.5,0.5,25.0,940.0,2370.0,1250.0,11.0,1420.0,14.0,0.3,0.5,0.5
1974,2,164.0,51.0,1.09,3.25,4.41,2.92,6.0,2.22,16.0,0.5,0.3,0.4,-0.21,0.5,3.31,1.25,6.0,2.09,16.0,0.5,0.3,0.4,3.09,3.42,4.51,3.76,6.0,0.87,16.0,0.5,0.3,0.4,80.3,86.9,100.0,89.1,6.0,9.5,16.0,0.5,0.4,5.1,11.3,12.9,9.77,6.0,3.7,16.0,0.5,0.3,0.4,-11.07,-6.34,2.72,-4.57,6.0,7.3,16.0,0.5,0.3,0.4,-0.99,2.21,9.48,3.31,6.0,6.06,16.0,0.5,0.3,0.4,1002.94,1005.5,1011.41,1006.45,6.0,4.8,16.0,0.5,0.3,0.4,3.3,6.0,8.0,5.6,5.0,2.6,12.0,0.4,0.2,0.4,-124.8,-57.8,24.2,-49.4,6.0,88.4,16.0,0.5,0.3,0.4,-5.0,28.5,114.4,47.2,6.0,67.2,16.0,0.5,0.3,0.4,0.55,2.75,3.6,1.67,6.0,3.34,16.0,0.5,0.3,0.4,-3.2,21.0,39.2,11.7,6.0,39.0,16.0,0.5,0.3,0.4,0.23,1.46,1.86,0.97,6.0,1.33,16.0,0.5,0.3,0.4,-1.4,12.7,19.7,8.2,6.0,15.5,16.0,0.5,0.3,0.4,-16.1,0.0,10.0,-2.2,6.0,21.4,16.0,0.5,0.3,0.4,0.0,0.0,20.9,10.6,6.0,20.2,16.0,0.5,0.3,0.4,-39.0,-20.6,11.3,-14.9,6.0,30.7,16.0,0.5,0.3,0.4,-3.1,9.5,34.1,15.1,6.0,26.3,16.0,0.5,0.3,0.4,-16.0,-12.1,-2.2,-9.7,6.0,8.1,16.0,0.5,0.3,0.4,-11.0,0.0,8.6,-0.6,6.0,12.0,16.0,0.5,0.3,0.4,132.5,1451.5,2146.5,1243.5,6.0,923.0,16.0,0.5,0.3,0.4,135.0,1450.0,2145.0,1245.0,6.0,925.0,16.0,0.5,0.3,0.4
1974,2,164.0,52.0,1.65,2.2,2.75,2.2,2.0,1.13,16.0,0.0,0.7,0.4,1.25,1.35,1.45,1.35,2.0,0.21,16.0,0.0,0.7,0.4,4.19,4.19,4.19,4.19,1.0,0.0,12.0,0.0,0.5,0.0,96.5,96.5,96.5,96.5,1.0,0.0,12.0,0.0,0.0,9.83,14.4,18.97,14.4,2.0,9.48,16.0,0.0,0.7,0.4,-17.9,-13.76,-9.62,-13.76,2.0,8.58,16.0,0.0,0.7,0.4,1.15,3.61,6.07,3.61,2.0,5.1,16.0,0.0,0.7,0.4,985.63,995.6,1005.57,995.6,2.0,20.65,16.0,0.0,0.7,0.4,,,,,,,,,,,,,,,,,,,,,,,,,,,,,,,0.41,0.85,1.29,0.85,2.0,0.92,16.0,0.0,0.7,0.4,5.4,7.9,10.4,7.9,2.0,5.2,16.0,0.0,0.7,0.4,0.65,0.65,0.65,0.65,1.0,0.0,12.0,0.0,0.5,0.0,5.0,5.0,5.0,5.0,1.0,0.0,12.0,0.0,0.5,0.0,-21.8,-17.7,-13.5,-17.7,2.0,8.7,16.0,0.0,0.7,0.4,1.4,4.3,7.3,4.3,2.0,6.1,16.0,0.0,0.7,0.4,-32.3,-32.3,-32.3,-32.3,1.0,0.0,12.0,0.0,0.5,0.0,0.0,0.0,0.0,0.0,1.0,0.0,12.0,0.0,0.5,0.0,-5.0,-5.0,-5.0,-5.0,1.0,0.0,12.0,0.0,0.5,0.0,0.0,0.0,0.0,0.0,1.0,0.0,12.0,0.0,0.5,0.0,1875.0,4925.0,7975.5,4925.0,2.0,6319.5,16.0,0.0,0.7,0.4,1875.0,4925.0,7975.0,4925.0,2.0,6320.0,16.0,0.0,0.7,0.4
1974,2,164.0,53.0,,,,,,,,,,,,,,,,,,,,,,,,,,,,,,,,,,,,,,,,5.1,8.2,14.06,9.64,5.0,5.43,14.0,0.0,0.7,0.5,-12.66,-8.2,-3.83,-8.42,5.0,5.73,14.0,0.0,0.7,0.5,-2.81,0.0,5.2,0.73,5.0,4.84,14.0,0.0,0.7,0.5,990.81,999.1,1009.55,999.96,5.0,12.23,14.0,0.0,0.7,0.5,,,,,,,,,,,,,,,,,,,,,,,,,,,,,,,,,,,,,,,,,,,,,,,,,,,,,,,,,,,,,,,,,,,,,,,,,,,,,,,,,,,,,,,,,,,,,,,,,,,,,,,,,,,,,,,,,,,,,,,,,,,,,,,,,,,,,,,,,,,,,,,,,,,,,,
1974,2,164.0,54.0,,,,,,,,,,,,,,,,,,,,,,,,,,,,,,,,,,,,,,,,9.34,11.8,13.23,11.3,3.0,2.88,4.0,0.7,0.4,0.9,-10.51,-10.22,-8.09,-9.32,3.0,1.94,4.0,0.7,0.4,0.9,-7.97,-5.9,-4.67,-6.31,3.0,2.44,4.0,0.7,0.4,0.9,1007.27,1011.5,1011.98,1009.67,3.0,3.8,4.0,0.7,0.4,0.9,,,,,,,,,,,,,,,,,,,,,,,,,,,,,,,,,,,,,,,,,,,,,,,,,,,,,,,,,,,,,,,,,,,,,,,,,,,,,,,,,,,,,,,,,,,,,,,,,,,,,,,,,,,,,,,,,,,,,,,,,,,,,,,,,,,,,,,,,,,,,,,,,,,,,,
1974,2,164.0,55.0,,,,,,,,,,,,,,,,,,,,,,,,,,,,,,,,,,,,,,,,3.48,8.6,12.52,8.03,4.0,5.66,12.0,0.3,0.5,0.4,-5.97,-2.46,-0.08,-3.0,4.0,3.49,12.0,0.3,0.5,0.4,-9.79,-3.59,3.95,-2.96,4.0,9.06,12.0,0.3,0.5,0.4,1009.21,1016.4,1020.24,1014.8,4.0,7.58,12.0,0.3,0.5,0.4,,,,,,,,,,,,,,,,,,,,,,,,,,,,,,,,,,,,,,,,,,,,,,,,,,,,,,,,,,,,,,,,,,,,,,,,,,,,,,,,,,,,,,,,,,,,,,,,,,,,,,,,,,,,,,,,,,,,,,,,,,,,,,,,,,,,,,,,,,,,,,,,,,,,,,
1974,2,164.0,57.0,,,,,,,,,,,,,,,,,,,,,,,,,,,,,,,,,,,,,,,,5.0,5.0,5.0,5.0,1.0,0.0,6.0,1.0,0.4,0.0,-4.92,-4.92,-4.92,-4.92,1.0,0.0,6.0,1.0,0.4,0.0,-0.87,-0.87,-0.87,-0.87,1.0,0.0,6.0,1.0,0.4,0.0,1023.4,1023.4,1023.4,1023.4,1.0,0.0,6.0,1.0,0.4,0.0,,,,,,,,,,,,,,,,,,,,,,,,,,,,,,,,,,,,,,,,,,,,,,,,,,,,,,,,,,,,,,,,,,,,,,,,,,,,,,,,,,,,,,,,,,,,,,,,,,,,,,,,,,,,,,,,,,,,,,,,,,,,,,,,,,,,,,,,,,,,,,,,,,,,,,
1974,2,165.0,-69.0,,,,,,,,,,,,,,,,,,,,,,,,,,,,,,,,,,,,,,,,5.53,6.1,9.13,7.28,4.0,3.05,4.0,0.8,0.5,0.6,-8.72,-6.05,-1.14,-4.98,4.0,5.99,4.0,0.8,0.5,0.6,0.51,2.49,3.97,2.25,4.0,2.03,4.0,0.8,0.5,0.6,981.41,986.6,987.28,984.45,4.0,5.2,4.0,0.8,0.5,0.6,,,,,,,,,,,,,,,,,,,,,,,,,,,,,,,,,,,,,,,,,,,,,,,,,,,,,,,,,,,,,,,,,,,,,,,,,,,,,,,,,,,,,,,,,,,,,,,,,,,,,,,,,,,,,,,,,,,,,,,,,,,,,,,,,,,,,,,,,,,,,,,,,,,,,,
1974,2,165.0,-68.0,,,,,,,,,,,,,,,,,,,,,,,,,,,,,,,,,,,,,,,,7.28,7.45,7.62,7.45,2.0,0.35,8.0,1.0,0.7,1.0,-4.85,0.19,5.24,0.19,2.0,10.45,8.0,1.0,0.7,1.0,0.21,0.67,1.12,0.67,2.0,0.95,8.0,1.0,0.7,1.0,978.5,983.45,988.4,983.45,2.0,10.25,8.0,1.0,0.7,1.0,,,,,,,,,,,,,,,,,,,,,,,,,,,,,,,,,,,,,,,,,,,,,,,,,,,,,,,,,,,,,,,,,,,,,,,,,,,,,,,,,,,,,,,,,,,,,,,,,,,,,,,,,,,,,,,,,,,,,,,,,,,,,,,,,,,,,,,,,,,,,,,,,,,,,,
1974,2,165.0,-67.0,1.2,1.2,1.2,1.2,1.0,0.0,8.0,1.0,0.3,0.6,0.3,0.3,0.3,0.3,1.0,0.0,8.0,1.0,0.3,0.6,3.56,3.56,3.56,3.56,1.0,0.0,8.0,1.0,0.3,0.6,89.0,89.0,89.0,89.0,1.0,0.0,8.0,1.0,0.6,7.2,7.2,7.2,7.2,1.0,0.0,8.0,1.0,0.3,0.6,7.09,7.09,7.09,7.09,1.0,0.0,8.0,1.0,0.3,0.6,-1.25,-1.25,-1.25,-1.25,1.0,0.0,8.0,1.0,0.3,0.6,976.7,976.7,976.7,976.7,1.0,0.0,8.0,1.0,0.3,0.6,5.0,5.0,5.0,5.0,1.0,0.0,8.0,1.0,0.3,0.6,51.1,51.1,51.1,51.1,1.0,0.0,8.0,1.0,0.3,0.6,-9.0,-9.0,-9.0,-9.0,1.0,0.0,8.0,1.0,0.3,0.6,0.9,0.9,0.9,0.9,1.0,0.0,8.0,1.0,0.3,0.6,6.5,6.5,6.5,6.5,1.0,0.0,8.0,1.0,0.3,0.6,0.71,0.71,0.71,0.71,1.0,0.0,8.0,1.0,0.3,0.6,5.1,5.1,5.1,5.1,1.0,0.0,8.0,1.0,0.3,0.6,2.1,2.1,2.1,2.1,1.0,0.0,8.0,1.0,0.3,0.6,-0.4,-0.4,-0.4,-0.4,1.0,0.0,8.0,1.0,0.3,0.6,25.3,25.3,25.3,25.3,1.0,0.0,8.0,1.0,0.3,0.6,-4.5,-4.5,-4.5,-4.5,1.0,0.0,8.0,1.0,0.3,0.6,5.0,5.0,5.0,5.0,1.0,0.0,8.0,1.0,0.3,0.6,-0.9,-0.9,-0.9,-0.9,1.0,0.0,8.0,1.0,0.3,0.6,373.0,373.0,373.0,373.0,1.0,0.0,8.0,1.0,0.3,0.6,375.0,375.0,375.0,375.0,1.0,0.0,8.0,1.0,0.3,0.6
1974,2,165.0,-66.0,1.1,1.1,1.1,1.1,1.0,0.0,6.0,1.0,0.3,0.8,0.9,0.9,0.9,0.9,1.0,0.0,6.0,1.0,0.3,0.8,3.87,3.87,3.87,3.87,1.0,0.0,6.0,1.0,0.3,0.8,93.0,93.0,93.0,93.0,1.0,0.0,6.0,1.0,0.8,0.5,0.5,0.5,0.5,1.0,0.0,6.0,1.0,0.3,0.8,0.5,0.5,0.5,0.5,1.0,0.0,6.0,1.0,0.3,0.8,0.0,0.0,0.0,0.0,1.0,0.0,6.0,1.0,0.3,0.8,982.0,982.0,982.0,982.0,1.0,0.0,6.0,1.0,0.3,0.8,8.0,8.0,8.0,8.0,1.0,0.0,6.0,1.0,0.3,0.8,0.3,0.3,0.3,0.3,1.0,0.0,6.0,1.0,0.3,0.8,0.0,0.0,0.0,0.0,1.0,0.0,6.0,1.0,0.3,0.8,0.2,0.2,0.2,0.2,1.0,0.0,6.0,1.0,0.3,0.8,0.1,0.1,0.1,0.1,1.0,0.0,6.0,1.0,0.3,0.8,0.35,0.35,0.35,0.35,1.0,0.0,6.0,1.0,0.3,0.8,0.2,0.2,0.2,0.2,1.0,0.0,6.0,1.0,0.3,0.8,0.5,0.5,0.5,0.5,1.0,0.0,6.0,1.0,0.3,0.8,0.0,0.0,0.0,0.0,1.0,0.0,6.0,1.0,0.3,0.8,1.9,1.9,1.9,1.9,1.0,0.0,6.0,1.0,0.3,0.8,0.0,0.0,0.0,0.0,1.0,0.0,6.0,1.0,0.3,0.8,0.2,0.2,0.2,0.2,1.0,0.0,6.0,1.0,0.3,0.8,0.0,0.0,0.0,0.0,1.0,0.0,6.0,1.0,0.3,0.8,0.0,0.0,0.0,0.0,1.0,0.0,6.0,1.0,0.3,0.8,0.0,0.0,0.0,0.0,1.0,0.0,6.0,1.0,0.3,0.8
1974,2,165.0,-47.0,16.0,16.0,16.0,16.0,1.0,0.0,2.0,1.0,0.4,1.0,16.0,16.0,16.0,16.0,1.0,0.0,2.0,1.0,0.4,1.0,10.7,10.7,10.7,10.7,1.0,0.0,2.0,1.0,0.4,1.0,94.4,94.4,94.4,94.4,1.0,0.0,2.0,1.0,1.0,12.3,12.3,12.3,12.3,1.0,0.0,2.0,1.0,0.4,1.0,0.0,0.0,0.0,0.0,1.0,0.0,2.0,1.0,0.4,1.0,-12.3,-12.3,-12.3,-12.3,1.0,0.0,2.0,1.0,0.4,1.0,1008.1,1008.1,1008.1,1008.1,1.0,0.0,2.0,1.0,0.4,1.0,8.0,8.0,8.0,8.0,1.0,0.0,2.0,1.0,0.4,1.0,0.0,0.0,0.0,0.0,1.0,0.0,2.0,1.0,0.4,1.0,-151.3,-151.3,-151.3,-151.3,1.0,0.0,2.0,1.0,0.4,1.0,0.0,0.0,0.0,0.0,1.0,0.0,2.0,1.0,0.4,1.0,0.0,0.0,0.0,0.0,1.0,0.0,2.0,1.0,0.4,1.0,0.64,0.64,0.64,0.64,1.0,0.0,2.0,1.0,0.4,1.0,7.9,7.9,7.9,7.9,1.0,0.0,2.0,1.0,0.4,1.0,0.0,0.0,0.0,0.0,1.0,0.0,2.0,1.0,0.4,1.0,-196.8,-196.8,-196.8,-196.8,1.0,0.0,2.0,1.0,0.4,1.0,0.0,0.0,0.0,0.0,1.0,0.0,2.0,1.0,0.4,1.0,-131.6,-131.6,-131.6,-131.6,1.0,0.0,2.0,1.0,0.4,1.0,0.0,0.0,0.0,0.0,1.0,0.0,2.0,1.0,0.4,1.0,-7.9,-7.9,-7.9,-7.9,1.0,0.0,2.0,1.0,0.4,1.0,1861.0,1861.0,1861.0,1861.0,1.0,0.0,2.0,1.0,0.4,1.0,1860.0,1860.0,1860.0,1860.0,1.0,0.0,2.0,1.0,0.4,1.0
1974,2,165.0,-46.0,15.74,16.25,16.76,16.25,2.0,1.06,24.0,1.0,0.2,0.2,15.16,15.5,15.84,15.5,2.0,0.71,24.0,1.0,0.2,0.2,7.83,8.19,8.55,8.19,2.0,0.75,24.0,1.0,0.2,0.2,69.9,74.9,79.9,74.9,2.0,10.4,24.0,1.0,0.2,12.79,13.85,14.91,13.85,2.0,2.19,24.0,1.0,0.2,0.2,9.5,9.66,9.82,9.66,2.0,0.34,24.0,1.0,0.2,0.2,-11.18,-9.85,-8.52,-9.85,2.0,2.75,24.0,1.0,0.2,0.2,1006.03,1007.6,1009.17,1007.6,2.0,3.25,24.0,1.0,0.2,0.2,6.3,7.0,7.7,7.0,2.0,1.4,24.0,1.0,0.2,0.2,121.7,134.2,146.6,134.2,2.0,25.8,24.0,1.0,0.2,0.2,-168.3,-139.5,-110.6,-139.5,2.0,59.7,24.0,1.0,0.2,0.2,0.58,0.75,0.92,0.75,2.0,0.35,24.0,1.0,0.2,0.2,8.4,10.0,11.6,10.0,2.0,3.3,24.0,1.0,0.2,0.2,2.59,3.35,4.11,3.35,2.0,1.57,24.0,1.0,0.2,0.2,37.8,44.7,51.6,44.7,2.0,14.4,24.0,1.0,0.2,0.2,148.8,149.6,150.4,149.6,2.0,1.6,24.0,1.0,0.2,0.2,-168.9,-151.7,-134.5,-151.7,2.0,35.7,24.0,1.0,0.2,0.2,74.4,79.2,84.1,79.2,2.0,10.0,24.0,1.0,0.2,0.2,-96.1,-81.7,-67.3,-81.7,2.0,29.9,24.0,1.0,0.2,0.2,25.3,32.1,38.9,32.1,2.0,14.0,24.0,1.0,0.2,0.2,-33.9,-30.9,-27.9,-30.9,2.0,6.2,24.0,1.0,0.2,0.2,2145.0,2756.5,3368.0,2756.5,2.0,1266.5,24.0,1.0,0.2,0.2,2145.0,2755.0,3370.0,2755.0,2.0,1265.0,24.0,1.0,0.2,0.2
1974,2,165.0,-41.0,18.16,18.5,18.84,18.5,3.0,0.5,12.0,0.3,0.5,0.8,17.45,18.0,18.68,18.07,3.0,0.9,12.0,0.3,0.5,0.8,8.71,11.22,11.47,10.12,3.0,2.23,12.0,0.3,0.5,0.8,69.5,85.4,87.2,78.6,3.0,14.3,12.0,0.3,0.8,3.39,5.1,5.51,4.47,3.0,1.64,12.0,0.3,0.5,0.8,-1.47,-0.89,2.22,0.34,3.0,2.91,12.0,0.3,0.5,0.8,-0.28,4.37,4.66,2.24,3.0,4.06,12.0,0.3,0.5,0.8,1015.26,1018.4,1018.81,1017.07,3.0,2.84,12.0,0.3,0.5,0.8,7.3,8.0,8.0,7.7,3.0,0.6,12.0,0.3,0.5,0.8,-6.8,-2.3,13.5,3.2,3.0,15.6,12.0,0.3,0.5,0.8,3.4,24.4,24.7,14.3,3.0,17.9,12.0,0.3,0.5,0.8,0.0,0.0,0.89,0.43,3.0,0.75,12.0,0.3,0.5,0.8,0.0,0.0,5.1,2.5,3.0,4.3,12.0,0.3,0.5,0.8,1.68,1.99,4.51,3.07,3.0,2.27,12.0,0.3,0.5,0.8,6.0,7.8,24.6,15.1,3.0,15.0,12.0,0.3,0.5,0.8,-26.8,-16.9,37.7,4.9,3.0,50.8,12.0,0.3,0.5,0.8,-7.8,75.1,82.7,38.3,3.0,73.6,12.0,0.3,0.5,0.8,-16.6,-10.3,15.6,-0.7,3.0,25.0,12.0,0.3,0.5,0.8,-8.9,33.0,47.2,19.5,3.0,42.7,12.0,0.3,0.5,0.8,-2.4,-1.8,13.6,5.5,3.0,13.3,12.0,0.3,0.5,0.8,-1.0,7.3,19.2,9.1,3.0,14.9,12.0,0.3,0.5,0.8,54.0,132.5,168.5,112.0,3.0,85.5,12.0,0.3,0.5,0.8,55.0,135.0,170.0,110.0,3.0,85.0,12.0,0.3,0.5,0.8
1974,2,165.0,-40.0,20.0,20.0,20.0,20.0,2.0,0.0,22.0,1.0,0.1,0.6,18.16,18.5,18.84,18.5,2.0,0.71,22.0,1.0,0.1,0.6,8.94,9.53,10.11,9.53,2.0,1.21,22.0,1.0,0.1,0.6,66.6,72.7,78.7,72.7,2.0,12.5,22.0,1.0,0.6,8.11,9.0,9.89,9.0,2.0,1.84,22.0,1.0,0.1,0.6,1.06,3.33,5.61,3.33,2.0,4.72,22.0,1.0,0.1,0.6,4.87,7.08,9.28,7.08,2.0,4.56,22.0,1.0,0.1,0.6,1015.8,1017.1,1018.4,1017.1,2.0,2.69,22.0,1.0,0.1,0.6,7.2,7.5,7.8,7.5,2.0,0.7,22.0,1.0,0.1,0.6,8.1,25.7,43.2,25.7,2.0,36.3,22.0,1.0,0.1,0.6,41.8,67.9,94.0,67.9,2.0,54.1,22.0,1.0,0.1,0.6,1.16,1.5,1.84,1.5,2.0,0.71,22.0,1.0,0.1,0.6,9.7,14.2,18.6,14.2,2.0,9.1,22.0,1.0,0.1,0.6,4.36,4.96,5.56,4.96,2.0,1.25,22.0,1.0,0.1,0.6,42.5,43.5,44.5,43.5,2.0,2.1,22.0,1.0,0.1,0.6,20.1,63.3,106.6,63.3,2.0,89.6,22.0,1.0,0.1,0.6,91.0,129.3,167.6,129.3,2.0,79.4,22.0,1.0,0.1,0.6,9.2,28.9,48.6,28.9,2.0,40.9,22.0,1.0,0.1,0.6,45.1,70.2,95.3,70.2,2.0,52.0,22.0,1.0,0.1,0.6,6.2,19.5,32.8,19.5,2.0,27.5,22.0,1.0,0.1,0.6,25.6,32.2,38.9,32.2,2.0,13.8,22.0,1.0,0.1,0.6,557.5,774.5,992.0,774.5,2.0,450.0,22.0,1.0,0.1,0.6,555.0,775.0,990.0,775.0,2.0,450.0,22.0,1.0,0.1,0.6
1974,2,165.0,-39.0,21.03,21.1,22.19,21.6,3.0,0.95,8.0,0.3,0.4,0.8,18.03,18.1,18.65,18.33,3.0,0.49,8.0,0.3,0.4,0.8,8.73,9.78,11.33,10.03,3.0,1.91,8.0,0.3,0.4,0.8,66.1,76.5,88.4,77.2,3.0,16.3,8.0,0.3,0.8,7.02,7.7,8.79,7.9,3.0,1.31,8.0,0.3,0.4,0.8,2.4,2.63,5.7,4.02,3.0,2.7,8.0,0.3,0.4,0.8,6.08,6.3,6.94,6.5,3.0,0.65,8.0,0.3,0.4,0.8,1013.72,1018.5,1019.87,1016.83,3.0,4.73,8.0,0.3,0.4,0.8,6.3,7.0,7.7,7.0,3.0,1.0,8.0,0.3,0.4,0.8,16.9,20.3,51.7,34.0,3.0,28.1,8.0,0.3,0.4,0.8,46.4,55.6,55.7,51.2,3.0,7.8,8.0,0.3,0.4,0.8,3.0,3.0,3.55,3.27,3.0,0.46,8.0,0.3,0.4,0.8,22.6,27.9,28.8,25.8,3.0,4.9,8.0,0.3,0.4,0.8,4.16,5.68,7.84,5.99,3.0,2.71,8.0,0.3,0.4,0.8,34.0,38.1,58.6,46.1,3.0,19.3,8.0,0.3,0.4,0.8,44.1,49.8,103.3,73.2,3.0,47.9,8.0,0.3,0.4,0.8,109.6,114.0,129.5,119.4,3.0,15.3,8.0,0.3,0.4,0.8,21.9,22.4,65.7,43.3,3.0,36.8,8.0,0.3,0.4,0.8,60.3,61.5,68.7,64.4,3.0,6.7,8.0,0.3,0.4,0.8,16.3,23.3,24.2,20.3,3.0,6.3,8.0,0.3,0.4,0.8,25.4,35.8,55.1,40.1,3.0,22.0,8.0,0.3,0.4,0.8,350.0,456.5,694.0,520.5,3.0,258.0,8.0,0.3,0.4,0.8,350.0,455.0,695.0,520.0,3.0,260.0,8.0,0.3,0.4,0.8
1974,2,165.0,-38.0,19.59,21.0,21.37,20.5,4.0,1.5,12.0,0.5,0.5,0.7,18.38,19.8,21.43,19.9,4.0,1.83,12.0,0.5,0.5,0.7,8.36,9.49,12.17,10.23,4.0,2.49,12.0,0.5,0.5,0.7,63.5,65.3,78.4,70.7,4.0,12.6,12.0,0.5,0.7,2.6,2.6,3.97,3.27,3.0,1.15,16.0,0.7,0.6,0.6,-2.84,-2.6,-1.71,-2.29,3.0,0.87,16.0,0.7,0.6,0.6,-2.41,0.0,1.54,-0.42,3.0,2.91,16.0,0.7,0.6,0.6,1014.01,1019.35,1022.38,1018.25,4.0,5.3,12.0,0.5,0.5,0.7,5.0,6.5,7.5,6.3,4.0,1.7,12.0,0.5,0.5,0.7,-11.4,-6.8,-4.5,-7.9,3.0,5.2,16.0,0.7,0.6,0.6,-11.1,0.0,4.0,-3.5,3.0,11.4,16.0,0.7,0.6,0.6,-0.76,0.2,2.0,0.6,4.0,1.79,12.0,0.5,0.5,0.7,-3.6,-1.3,4.9,0.6,3.0,6.4,16.0,0.7,0.6,0.6,3.51,4.76,5.98,4.74,4.0,1.82,12.0,0.5,0.5,0.7,13.9,18.1,21.1,17.6,3.0,5.3,16.0,0.7,0.6,0.6,-59.9,-48.9,-31.5,-45.8,3.0,21.0,16.0,0.7,0.6,0.6,-52.9,0.0,27.7,-12.3,3.0,60.0,16.0,0.7,0.6,0.6,-28.3,-21.7,-14.3,-21.3,3.0,10.2,16.0,0.7,0.6,0.6,-25.5,0.0,12.9,-6.2,3.0,28.6,16.0,0.7,0.6,0.6,-13.7,-12.0,-10.0,-11.9,3.0,2.7,16.0,0.7,0.6,0.6,-11.8,0.0,10.7,-0.6,3.0,16.5,16.0,0.7,0.6,0.6,17.5,17.5,72.0,44.0,3.0,46.0,16.0,0.7,0.6,0.6,20.0,20.0,70.0,45.0,3.0,45.0,16.0,0.7,0.6,0.6
1974,2,165.0,-37.0,23.08,23.25,23.42,23.25,2.0,0.35,12.0,0.5,0.3,0.5,21.24,21.75,22.26,21.75,2.0,1.06,12.0,0.5,0.3,0.5,11.38,13.08,14.77,13.08,2.0,3.52,12.0,0.5,0.3,0.5,72.2,80.2,88.1,80.2,2.0,16.4,12.0,0.5,0.5,5.78,5.95,6.12,5.95,2.0,0.35,12.0,0.5,0.3,0.5,0.63,1.99,3.35,1.99,2.0,2.82,12.0,0.5,0.3,0.5,-4.04,-0.48,3.09,-0.48,2.0,7.39,12.0,0.5,0.3,0.5,1012.35,1012.9,1013.45,1012.9,2.0,1.13,12.0,0.5,0.3,0.5,4.5,5.5,6.5,5.5,2.0,2.1,12.0,0.5,0.3,0.5,3.9,12.4,20.8,12.4,2.0,17.5,12.0,0.5,0.3,0.5,-22.7,-1.5,19.6,-1.5,2.0,43.8,12.0,0.5,0.3,0.5,0.82,1.5,2.18,1.5,2.0,1.41,12.0,0.5,0.3,0.5,4.9,9.2,13.5,9.2,2.0,8.9,12.0,0.5,0.3,0.5,2.81,4.71,6.6,4.71,2.0,3.92,12.0,0.5,0.3,0.5,16.6,28.7,40.8,28.7,2.0,25.0,12.0,0.5,0.3,0.5,13.3,41.8,70.4,41.8,2.0,59.2,12.0,0.5,0.3,0.5,-92.1,-14.3,63.6,-14.3,2.0,161.2,12.0,0.5,0.3,0.5,6.7,21.1,35.5,21.1,2.0,29.8,12.0,0.5,0.3,0.5,-66.7,-19.2,28.2,-19.2,2.0,98.3,12.0,0.5,0.3,0.5,4.7,14.9,25.1,14.9,2.0,21.1,12.0,0.5,0.3,0.5,-3.6,12.3,28.1,12.3,2.0,32.9,12.0,0.5,0.3,0.5,193.5,212.0,230.0,212.0,2.0,37.5,12.0,0.5,0.3,0.5,195.0,210.0,230.0,210.0,2.0,40.0,12.0,0.5,0.3,0.5
1974,2,165.0,-36.0,20.48,21.5,22.0,21.2,7.0,0.82,14.0,0.4,0.5,0.4,20.0,21.0,23.05,21.63,7.0,1.56,14.0,0.4,0.5,0.4,9.8,12.78,16.98,13.34,7.0,3.45,14.0,0.4,0.5,0.4,68.2,83.0,96.1,81.9,7.0,13.7,14.0,0.4,0.4,2.6,5.1,9.47,6.41,7.0,4.09,14.0,0.4,0.5,0.4,-4.9,-2.25,0.12,-2.83,7.0,3.98,14.0,0.4,0.5,0.4,-8.07,0.89,2.87,-0.75,7.0,6.24,14.0,0.4,0.5,0.4,1012.1,1015.6,1016.49,1015.56,7.0,3.41,14.0,0.4,0.5,0.4,4.9,8.0,8.0,6.6,7.0,2.3,14.0,0.4,0.5,0.4,-47.3,-5.9,0.3,-28.0,7.0,46.9,14.0,0.4,0.5,0.4,-76.4,2.3,16.5,-12.2,7.0,62.9,14.0,0.4,0.5,0.4,-1.14,-0.5,0.83,-0.43,7.0,1.81,14.0,0.4,0.5,0.4,-11.3,-1.3,7.5,-6.7,7.0,20.6,14.0,0.4,0.5,0.4,-0.65,3.43,5.81,2.3,7.0,3.42,14.0,0.4,0.5,0.4,-3.5,9.7,30.7,7.5,7.0,25.1,14.0,0.4,0.5,0.4,-113.2,-44.8,2.5,-64.3,7.0,92.9,14.0,0.4,0.5,0.4,-185.9,18.7,57.9,-22.7,7.0,139.3,14.0,0.4,0.5,0.4,-76.8,-20.8,1.3,-43.3,7.0,66.6,14.0,0.4,0.5,0.4,-125.6,10.0,29.5,-22.3,7.0,92.5,14.0,0.4,0.5,0.4,-13.7,0.0,10.2,-0.3,7.0,18.4,14.0,0.4,0.5,0.4,1.0,7.5,27.5,11.3,7.0,14.4,14.0,0.4,0.5,0.4,17.5,132.5,868.5,564.5,7.0,784.0,14.0,0.4,0.5,0.4,20.0,135.0,870.0,565.0,7.0,785.0,14.0,0.4,0.5,0.4
1974,2,165.0,-35.0,22.16,22.85,23.9,22.95,6.0,0.91,22.0,0.3,0.4,0.8,21.0,21.3,22.89,21.39,8.0,1.57,20.0,0.3,0.5,0.8,12.16,14.75,15.46,14.05,8.0,1.87,20.0,0.3,0.5,0.8,79.1,89.6,97.7,88.8,8.0,9.4,20.0,0.3,0.8,5.1,6.95,10.9,7.64,8.0,3.59,20.0,0.3,0.5,0.8,-6.49,-5.01,0.67,-3.38,8.0,3.84,20.0,0.3,0.5,0.8,0.0,1.93,7.11,1.54,8.0,7.01,20.0,0.3,0.5,0.8,1013.62,1018.25,1021.38,1016.21,8.0,6.81,20.0,0.3,0.5,0.8,7.0,8.0,8.0,7.0,8.0,2.1,20.0,0.3,0.5,0.8,-68.8,-26.0,3.7,-32.1,8.0,34.1,20.0,0.3,0.5,0.8,0.0,14.8,53.7,3.3,8.0,86.9,20.0,0.3,0.5,0.8,0.4,0.85,2.73,1.43,6.0,1.5,22.0,0.3,0.4,0.8,1.4,7.7,27.9,12.5,6.0,13.2,22.0,0.3,0.4,0.8,2.27,3.52,5.51,3.79,6.0,1.74,22.0,0.3,0.4,0.8,13.6,33.7,41.4,32.3,6.0,20.7,22.0,0.3,0.4,0.8,-143.2,-107.1,14.9,-71.8,8.0,84.9,20.0,0.3,0.5,0.8,0.0,42.4,131.4,27.0,8.0,155.5,20.0,0.3,0.5,0.8,-88.6,-77.6,7.2,-48.2,8.0,55.4,20.0,0.3,0.5,0.8,0.0,27.8,85.7,12.2,8.0,103.3,20.0,0.3,0.5,0.8,-19.2,-11.7,6.5,-10.8,6.0,18.8,22.0,0.3,0.4,0.8,-6.6,19.8,36.8,15.5,6.0,30.0,22.0,0.3,0.4,0.8,132.5,347.5,1333.5,736.5,8.0,1012.0,20.0,0.3,0.5,0.8,135.0,345.0,1335.0,735.0,8.0,1010.0,20.0,0.3,0.5,0.8
1974,2,165.0,-33.0,22.0,22.25,23.39,22.68,4.0,1.04,12.0,0.5,0.5,0.9,23.32,25.0,26.0,24.68,4.0,1.62,12.0,0.5,0.5,0.9,17.56,17.57,17.73,17.65,3.0,0.14,10.0,0.7,0.6,0.8,83.6,83.6,92.0,87.7,3.0,7.1,10.0,0.7,0.8,3.58,4.35,4.6,4.1,4.0,0.71,12.0,0.5,0.5,0.9,-1.2,-0.76,1.26,-0.01,4.0,2.08,12.0,0.5,0.5,0.9,-4.43,-4.18,-1.64,-3.09,4.0,2.43,12.0,0.5,0.5,0.9,1009.94,1012.35,1016.7,1013.28,4.0,4.21,12.0,0.5,0.5,0.9,3.5,5.0,7.0,5.3,4.0,2.2,12.0,0.5,0.5,0.9,-5.5,-3.3,3.6,-1.1,4.0,7.3,12.0,0.5,0.5,0.9,-20.4,-18.2,-7.0,-13.9,4.0,10.5,12.0,0.5,0.5,0.9,-3.76,-2.75,-0.17,-2.0,4.0,2.48,12.0,0.5,0.5,0.9,-17.3,-12.1,-1.5,-9.5,4.0,10.4,12.0,0.5,0.5,0.9,-1.26,-1.05,-0.69,-0.98,3.0,0.42,10.0,0.7,0.6,0.8,-5.4,-4.8,-3.2,-4.3,3.0,1.6,10.0,0.7,0.6,0.8,-31.3,-18.9,28.2,-2.4,4.0,48.9,12.0,0.5,0.5,0.9,-115.2,-104.6,-39.7,-78.7,4.0,61.3,12.0,0.5,0.5,0.9,-23.3,-14.0,-13.1,-18.1,3.0,8.3,10.0,0.7,0.6,0.8,-78.4,-75.9,-73.2,-75.8,3.0,3.8,10.0,0.7,0.6,0.8,0.8,0.8,0.9,0.9,3.0,0.1,10.0,0.7,0.6,0.8,3.1,4.7,5.3,4.2,3.0,1.7,10.0,0.7,0.6,0.8,48.5,83.0,97.5,73.5,4.0,32.0,12.0,0.5,0.5,0.9,50.0,85.0,95.0,75.0,4.0,30.0,12.0,0.5,0.5,0.9
1974,2,165.0,-31.0,23.14,23.8,24.02,23.56,5.0,0.91,10.0,0.8,0.5,0.5,23.17,23.8,24.75,23.9,5.0,0.94,10.0,0.8,0.5,0.5,14.01,16.64,16.87,15.5,5.0,2.33,10.0,0.8,0.5,0.5,77.6,85.9,90.1,83.5,5.0,9.4,10.0,0.8,0.5,4.6,5.1,8.28,6.26,5.0,2.13,10.0,0.8,0.5,0.5,-7.33,-4.53,-4.38,-5.62,5.0,1.65,10.0,0.8,0.5,0.5,-1.93,-0.8,2.18,0.21,5.0,3.36,10.0,0.8,0.5,0.5,1009.42,1013.4,1015.4,1012.14,5.0,5.56,10.0,0.8,0.5,0.5,3.3,6.0,6.4,5.0,5.0,2.0,10.0,0.8,0.5,0.5,-61.8,-22.5,-20.5,-37.8,5.0,23.0,10.0,0.8,0.5,0.5,-9.3,-3.7,20.3,6.3,5.0,28.0,10.0,0.8,0.5,0.5,-1.6,0.3,0.82,-0.34,5.0,1.65,10.0,0.8,0.5,0.5,-10.8,1.4,6.0,-2.2,5.0,12.8,10.0,0.8,0.5,0.5,0.69,2.4,4.36,2.65,5.0,2.62,10.0,0.8,0.5,0.5,3.2,12.2,31.8,18.9,5.0,25.8,10.0,0.8,0.5,0.5,-172.5,-106.5,-105.9,-134.3,5.0,40.3,10.0,0.8,0.5,0.5,-46.7,-18.8,49.3,3.4,5.0,77.0,10.0,0.8,0.5,0.5,-98.8,-74.5,-72.3,-85.6,5.0,24.1,10.0,0.8,0.5,0.5,-32.7,-12.3,25.1,-2.6,5.0,43.0,10.0,0.8,0.5,0.5,-26.3,-10.6,-3.0,-15.5,5.0,19.4,10.0,0.8,0.5,0.5,-3.7,-1.7,15.0,6.2,5.0,19.7,10.0,0.8,0.5,0.5,97.5,132.5,583.5,317.5,5.0,311.0,10.0,0.8,0.5,0.5,95.0,135.0,585.0,320.0,5.0,310.0,10.0,0.8,0.5,0.5
1974,2,165.0,-29.0,23.51,24.7,25.0,24.28,4.0,1.09,8.0,0.8,0.6,0.5,24.13,25.05,25.6,24.88,4.0,0.88,8.0,0.8,0.6,0.5,17.14,18.17,18.79,17.97,4.0,1.0,8.0,0.8,0.6,0.5,90.8,90.9,91.1,91.0,4.0,0.3,8.0,0.8,0.5,6.78,6.95,7.12,6.95,2.0,0.35,12.0,0.5,0.8,0.6,-6.65,-5.7,-4.75,-5.7,2.0,1.97,12.0,0.5,0.8,0.6,-4.52,-3.19,-1.87,-3.19,2.0,2.75,12.0,0.5,0.8,0.6,1003.69,1006.9,1008.96,1006.35,4.0,3.17,8.0,0.8,0.6,0.5,3.4,6.5,7.5,5.5,4.0,3.1,8.0,0.8,0.6,0.5,-47.5,-40.0,-32.4,-40.0,2.0,15.7,12.0,0.5,0.8,0.6,-30.4,-21.7,-13.0,-21.7,2.0,18.0,12.0,0.5,0.8,0.6,-0.86,-0.6,-0.34,-0.6,4.0,0.41,8.0,0.8,0.6,0.5,-6.8,-4.3,-1.8,-4.3,2.0,5.1,12.0,0.5,0.8,0.6,0.83,1.17,1.38,1.11,4.0,0.43,8.0,0.8,0.6,0.5,4.8,7.1,9.4,7.1,2.0,4.8,12.0,0.5,0.8,0.6,-158.7,-137.1,-115.6,-137.1,2.0,44.7,12.0,0.5,0.8,0.6,-110.5,-77.8,-45.0,-77.8,2.0,67.9,12.0,0.5,0.8,0.6,-111.9,-97.2,-82.5,-97.2,2.0,30.4,12.0,0.5,0.8,0.6,-79.2,-55.6,-31.9,-55.6,2.0,49.0,12.0,0.5,0.8,0.6,-6.3,-5.2,-4.2,-5.2,2.0,2.2,12.0,0.5,0.8,0.6,-6.9,-4.3,-1.8,-4.3,2.0,5.2,12.0,0.5,0.8,0.6,312.5,337.0,361.5,337.0,2.0,51.5,12.0,0.5,0.8,0.6,310.0,335.0,360.0,335.0,2.0,50.0,12.0,0.5,0.8,0.6
1974,2,165.0,-28.0,24.4,24.4,24.4,24.4,1.0,0.0,28.0,1.0,0.9,0.7,26.7,26.7,26.7,26.7,1.0,0.0,28.0,1.0,0.9,0.7,14.11,14.11,14.11,14.11,1.0,0.0,28.0,1.0,0.9,0.7,64.7,64.7,64.7,64.7,1.0,0.0,28.0,1.0,0.7,10.8,10.8,10.8,10.8,1.0,0.0,28.0,1.0,0.9,0.7,-6.94,-6.94,-6.94,-6.94,1.0,0.0,28.0,1.0,0.9,0.7,8.27,8.27,8.27,8.27,1.0,0.0,28.0,1.0,0.9,0.7,1011.9,1011.9,1011.9,1011.9,1.0,0.0,28.0,1.0,0.9,0.7,5.0,5.0,5.0,5.0,1.0,0.0,28.0,1.0,0.9,0.7,-75.0,-75.0,-75.0,-75.0,1.0,0.0,28.0,1.0,0.9,0.7,89.4,89.4,89.4,89.4,1.0,0.0,28.0,1.0,0.9,0.7,-2.3,-2.3,-2.3,-2.3,1.0,0.0,28.0,1.0,0.9,0.7,-24.8,-24.8,-24.8,-24.8,1.0,0.0,28.0,1.0,0.9,0.7,4.98,4.98,4.98,4.98,1.0,0.0,28.0,1.0,0.9,0.7,53.8,53.8,53.8,53.8,1.0,0.0,28.0,1.0,0.9,0.7,-185.4,-185.4,-185.4,-185.4,1.0,0.0,28.0,1.0,0.9,0.7,220.9,220.9,220.9,220.9,1.0,0.0,28.0,1.0,0.9,0.7,-98.0,-98.0,-98.0,-98.0,1.0,0.0,28.0,1.0,0.9,0.7,116.7,116.7,116.7,116.7,1.0,0.0,28.0,1.0,0.9,0.7,-34.6,-34.6,-34.6,-34.6,1.0,0.0,28.0,1.0,0.9,0.7,41.2,41.2,41.2,41.2,1.0,0.0,28.0,1.0,0.9,0.7,1259.5,1259.5,1259.5,1259.5,1.0,0.0,28.0,1.0,0.9,0.7,1260.0,1260.0,1260.0,1260.0,1.0,0.0,28.0,1.0,0.9,0.7
1974,2,165.0,-27.0,26.1,26.1,27.06,26.57,3.0,0.81,10.0,1.0,0.8,0.8,26.41,26.65,26.89,26.65,2.0,0.49,8.0,1.0,0.8,0.9,18.72,19.65,20.59,19.65,2.0,1.94,8.0,1.0,0.8,0.9,87.0,89.9,92.9,89.9,2.0,6.1,8.0,1.0,0.9,8.69,9.75,10.81,9.75,2.0,2.19,8.0,1.0,0.8,0.9,-6.76,-5.68,-4.6,-5.68,2.0,2.24,8.0,1.0,0.8,0.9,-4.6,0.78,6.16,0.78,2.0,11.14,8.0,1.0,0.8,0.9,1012.1,1012.3,1012.5,1012.3,2.0,0.42,8.0,1.0,0.8,0.9,6.3,7.0,7.7,7.0,2.0,1.4,8.0,1.0,0.8,0.9,-74.4,-57.8,-41.3,-57.8,2.0,34.3,8.0,1.0,0.8,0.9,-33.5,19.8,73.1,19.8,2.0,110.3,8.0,1.0,0.8,0.9,-0.09,0.15,0.39,0.15,2.0,0.49,8.0,1.0,0.8,0.9,-0.5,2.0,4.5,2.0,2.0,5.2,8.0,1.0,0.8,0.9,2.11,2.41,2.71,2.41,2.0,0.63,8.0,1.0,0.8,0.9,22.4,22.8,23.2,22.8,2.0,0.8,8.0,1.0,0.8,0.9,-182.1,-152.0,-121.8,-152.0,2.0,62.4,8.0,1.0,0.8,0.9,-120.0,23.5,167.0,23.5,2.0,297.3,8.0,1.0,0.8,0.9,-140.4,-113.8,-87.3,-113.8,2.0,55.0,8.0,1.0,0.8,0.9,-80.3,26.1,132.5,26.1,2.0,220.5,8.0,1.0,0.8,0.9,-13.9,-13.0,-12.1,-13.0,2.0,1.8,8.0,1.0,0.8,0.9,-14.4,-1.6,11.1,-1.6,2.0,26.4,8.0,1.0,0.8,0.9,693.0,997.0,1301.5,997.0,2.0,630.5,8.0,1.0,0.8,0.9,695.0,995.0,1300.0,995.0,2.0,630.0,8.0,1.0,0.8,0.9
1974,2,165.0,-26.0,25.76,26.1,26.24,26.0,3.0,0.36,12.0,0.3,0.5,0.5,23.35,24.1,24.71,24.03,3.0,1.0,12.0,0.3,0.5,0.5,16.74,17.13,17.25,17.0,3.0,0.39,12.0,0.3,0.5,0.5,86.3,92.5,96.0,91.2,3.0,7.2,12.0,0.3,0.5,0.41,1.3,2.19,1.3,2.0,1.84,14.0,0.0,0.4,0.7,-2.19,-1.3,-0.41,-1.3,2.0,1.84,14.0,0.0,0.4,0.7,0.0,0.0,0.0,0.0,2.0,0.0,14.0,0.0,0.4,0.7,1008.53,1010.3,1011.94,1010.23,3.0,2.5,12.0,0.3,0.5,0.5,3.9,8.0,8.0,6.0,3.0,3.5,12.0,0.3,0.5,0.5,-5.7,-3.4,-1.1,-3.4,2.0,4.8,14.0,0.0,0.4,0.7,0.0,0.0,0.0,0.0,2.0,0.0,14.0,0.0,0.4,0.7,1.45,2.2,2.47,1.97,3.0,0.78,12.0,0.3,0.5,0.5,0.9,2.9,4.8,2.9,2.0,4.0,14.0,0.0,0.4,0.7,3.64,4.09,4.5,4.07,3.0,0.63,12.0,0.3,0.5,0.5,1.7,5.3,8.9,5.3,2.0,7.5,14.0,0.0,0.4,0.7,-52.7,-31.3,-9.9,-31.3,2.0,44.3,14.0,0.0,0.4,0.7,0.0,0.0,0.0,0.0,2.0,0.0,14.0,0.0,0.4,0.7,-37.8,-22.5,-7.1,-22.5,2.0,31.8,14.0,0.0,0.4,0.7,0.0,0.0,0.0,0.0,2.0,0.0,14.0,0.0,0.4,0.7,-8.9,-5.3,-1.7,-5.3,2.0,7.5,14.0,0.0,0.4,0.7,0.0,0.0,0.0,0.0,2.0,0.0,14.0,0.0,0.4,0.7,3.0,9.0,15.0,9.0,2.0,12.5,14.0,0.0,0.4,0.7,5.0,10.0,15.0,10.0,2.0,10.0,14.0,0.0,0.4,0.7
1974,2,165.0,-25.0,26.0,26.0,27.33,26.38,8.0,0.88,16.0,0.5,0.6,0.6,25.0,25.1,27.0,25.9,8.0,1.63,16.0,0.5,0.6,0.6,15.78,18.98,21.21,18.63,7.0,3.04,16.0,0.6,0.6,0.6,76.8,92.7,96.1,88.0,7.0,10.6,16.0,0.6,0.6,6.26,8.1,9.18,7.24,8.0,2.61,16.0,0.5,0.6,0.6,-6.74,-4.37,4.07,-2.62,8.0,5.56,16.0,0.5,0.6,0.6,-0.2,3.99,7.01,3.69,8.0,3.51,16.0,0.5,0.6,0.6,1005.11,1007.4,1011.41,1007.85,8.0,3.25,16.0,0.5,0.6,0.6,4.0,5.0,7.0,5.3,8.0,1.7,16.0,0.5,0.6,0.6,-54.1,-38.4,25.9,-25.1,8.0,45.5,16.0,0.5,0.6,0.6,1.0,28.4,57.5,29.9,8.0,30.8,16.0,0.5,0.6,0.6,-0.83,0.9,1.89,0.48,8.0,1.75,16.0,0.5,0.6,0.6,-8.3,5.1,9.2,1.1,8.0,12.3,16.0,0.5,0.6,0.6,-0.11,3.22,5.49,3.07,7.0,3.45,16.0,0.6,0.6,0.6,-0.9,19.1,36.5,19.8,7.0,27.3,16.0,0.6,0.6,0.6,-171.0,-117.6,97.4,-72.1,8.0,143.3,16.0,0.5,0.6,0.6,-5.1,98.2,197.8,96.5,8.0,94.2,16.0,0.5,0.6,0.6,-100.6,-84.2,76.1,-46.9,7.0,104.8,16.0,0.6,0.6,0.6,-11.4,63.0,153.4,67.2,7.0,77.2,16.0,0.6,0.6,0.6,-11.1,0.0,25.9,1.8,7.0,24.6,16.0,0.6,0.6,0.6,-2.3,12.0,22.8,11.7,7.0,20.9,16.0,0.6,0.6,0.6,245.5,531.5,776.5,488.0,8.0,304.0,16.0,0.5,0.6,0.6,245.0,530.0,775.0,490.0,8.0,305.0,16.0,0.5,0.6,0.6
1974,2,165.0,-24.0,26.29,26.65,27.38,26.83,4.0,0.84,18.0,0.5,0.3,0.8,26.8,27.4,28.41,27.73,6.0,1.2,18.0,0.5,0.2,0.6,17.74,21.03,22.4,20.24,5.0,2.42,16.0,0.4,0.2,0.6,79.6,84.0,94.7,86.3,5.0,8.2,16.0,0.4,0.6,4.42,8.2,10.23,7.7,5.0,3.57,20.0,0.6,0.2,0.5,-7.19,-4.32,-1.42,-4.72,5.0,4.39,20.0,0.6,0.2,0.5,-4.06,1.57,7.73,1.78,5.0,5.98,20.0,0.6,0.2,0.5,1006.79,1009.0,1009.78,1008.65,6.0,1.96,18.0,0.5,0.2,0.6,4.4,5.5,8.0,5.7,6.0,2.3,18.0,0.5,0.2,0.6,-81.1,-19.9,-9.5,-46.3,5.0,62.7,20.0,0.6,0.2,0.5,-30.8,7.2,65.8,13.3,5.0,53.3,20.0,0.6,0.2,0.5,-2.33,-0.35,0.11,-1.07,4.0,1.99,18.0,0.5,0.3,0.8,-24.3,-1.6,3.0,-10.4,3.0,21.4,20.0,0.7,0.2,0.7,0.37,3.97,4.42,2.43,3.0,3.25,14.0,0.3,0.3,0.8,-4.4,10.6,25.6,10.6,2.0,31.0,18.0,0.5,0.3,0.7,-205.0,-121.0,-37.9,-132.4,5.0,121.3,20.0,0.6,0.2,0.5,-110.0,44.1,219.9,52.3,5.0,167.1,20.0,0.6,0.2,0.5,-97.2,-63.2,-27.4,-62.3,4.0,40.2,18.0,0.5,0.1,0.5,-25.7,90.2,157.4,67.0,4.0,114.5,18.0,0.5,0.1,0.5,-3.9,0.0,3.9,0.0,2.0,8.0,18.0,0.5,0.3,0.7,-3.2,11.1,25.4,11.1,2.0,29.6,18.0,0.5,0.3,0.7,87.0,551.5,1202.0,704.5,5.0,848.0,20.0,0.6,0.2,0.5,85.0,550.0,1200.0,705.0,5.0,850.0,20.0,0.6,0.2,0.5
1974,2,165.0,-23.0,24.59,28.0,28.0,26.33,3.0,2.89,12.0,0.3,0.4,0.4,25.63,27.0,29.05,27.33,3.0,2.52,12.0,0.3,0.4,0.4,18.43,18.76,18.8,18.62,3.0,0.3,12.0,0.3,0.4,0.4,74.7,84.2,89.5,82.1,3.0,11.0,12.0,0.3,0.4,4.76,5.1,7.97,6.33,3.0,2.58,12.0,0.3,0.4,0.4,-7.87,-4.79,-3.93,-5.87,3.0,3.04,12.0,0.3,0.4,0.4,0.55,1.74,2.57,1.57,3.0,1.49,12.0,0.3,0.4,0.4,1005.63,1007.0,1007.82,1006.73,3.0,1.62,12.0,0.3,0.4,0.4,4.3,5.0,6.4,5.3,3.0,1.5,12.0,0.3,0.4,0.4,-66.8,-24.4,-18.8,-42.4,3.0,38.4,12.0,0.3,0.4,0.4,2.8,8.9,12.1,7.5,3.0,6.9,12.0,0.3,0.4,0.4,-2.0,-2.0,0.05,-1.0,3.0,1.73,12.0,0.3,0.4,0.4,-9.9,-9.2,3.4,-3.4,3.0,11.0,12.0,0.3,0.4,0.4,1.13,4.96,5.05,3.13,3.0,3.28,12.0,0.3,0.4,0.4,5.1,23.4,38.9,22.1,3.0,24.8,12.0,0.3,0.4,0.4,-209.4,-119.8,-110.2,-158.9,3.0,80.2,12.0,0.3,0.4,0.4,13.8,43.6,74.4,44.1,3.0,44.4,12.0,0.3,0.4,0.4,-147.2,-87.6,-72.9,-109.6,3.0,57.7,12.0,0.3,0.4,0.4,10.1,31.9,48.0,29.1,3.0,27.8,12.0,0.3,0.4,0.4,-37.2,-17.9,-3.5,-20.3,3.0,24.7,12.0,0.3,0.4,0.4,-0.8,0.0,10.3,4.6,3.0,9.0,12.0,0.3,0.4,0.4,108.5,132.5,591.0,345.0,3.0,398.5,12.0,0.3,0.4,0.4,110.0,135.0,590.0,345.0,3.0,400.0,12.0,0.3,0.4,0.4
1974,2,165.0,-17.0,28.16,28.5,28.84,28.5,2.0,0.71,14.0,1.0,0.8,0.5,28.74,29.25,29.76,29.25,2.0,1.06,14.0,1.0,0.8,0.5,18.9,18.9,18.9,18.9,1.0,0.0,8.0,1.0,0.8,0.6,77.6,77.6,77.6,77.6,1.0,0.0,8.0,1.0,0.6,5.1,5.1,5.1,5.1,2.0,0.0,14.0,1.0,0.8,0.5,-3.89,-1.95,-0.02,-1.95,2.0,4.01,14.0,1.0,0.8,0.5,-3.95,-1.64,0.67,-1.64,2.0,4.78,14.0,1.0,0.8,0.5,1007.58,1008.4,1009.22,1008.4,2.0,1.7,14.0,1.0,0.8,0.5,2.0,2.0,2.0,2.0,2.0,0.0,14.0,1.0,0.8,0.5,-19.8,-10.0,-0.1,-10.0,2.0,20.5,14.0,1.0,0.8,0.5,-20.1,-8.4,3.4,-8.4,2.0,24.4,14.0,1.0,0.8,0.5,-0.92,-0.75,-0.58,-0.75,2.0,0.35,14.0,1.0,0.8,0.5,-4.7,-3.8,-3.0,-3.8,2.0,1.8,14.0,1.0,0.8,0.5,4.84,4.84,4.84,4.84,1.0,0.0,8.0,1.0,0.8,0.6,24.7,24.7,24.7,24.7,1.0,0.0,8.0,1.0,0.8,0.6,-110.7,-55.0,0.7,-55.0,2.0,115.4,14.0,1.0,0.8,0.5,-118.9,-50.5,17.9,-50.5,2.0,141.7,14.0,1.0,0.8,0.5,-90.6,-90.6,-90.6,-90.6,1.0,0.0,8.0,1.0,0.8,0.6,33.0,33.0,33.0,33.0,1.0,0.0,8.0,1.0,0.8,0.6,-23.2,-23.2,-23.2,-23.2,1.0,0.0,8.0,1.0,0.8,0.6,8.4,8.4,8.4,8.4,1.0,0.0,8.0,1.0,0.8,0.6,132.5,132.5,132.5,132.5,2.0,0.0,14.0,1.0,0.8,0.5,135.0,135.0,135.0,135.0,2.0,0.0,14.0,1.0,0.8,0.5
1974,2,165.0,-16.0,28.0,28.0,28.0,28.0,1.0,0.0,10.0,0.0,0.7,0.5,26.98,27.8,28.62,27.8,2.0,1.7,16.0,0.5,0.4,0.5,17.91,17.91,17.91,17.91,1.0,0.0,10.0,0.0,0.7,0.5,81.6,81.6,81.6,81.6,1.0,0.0,10.0,0.0,0.5,4.6,4.6,4.6,4.6,2.0,0.0,16.0,0.5,0.4,0.5,-1.2,-0.39,0.42,-0.39,2.0,1.68,16.0,0.5,0.4,0.5,-4.5,-4.43,-4.36,-4.43,2.0,0.15,16.0,0.5,0.4,0.5,1002.92,1003.6,1004.28,1003.6,2.0,1.41,16.0,0.5,0.4,0.5,3.6,5.0,6.4,5.0,2.0,2.8,16.0,0.5,0.4,0.5,-5.5,-1.8,1.9,-1.8,2.0,7.7,16.0,0.5,0.4,0.5,-20.7,-20.4,-20.0,-20.4,2.0,0.7,16.0,0.5,0.4,0.5,1.4,1.4,1.4,1.4,1.0,0.0,10.0,0.0,0.7,0.5,6.4,6.4,6.4,6.4,1.0,0.0,10.0,0.0,0.7,0.5,6.0,6.0,6.0,6.0,1.0,0.0,10.0,0.0,0.7,0.5,27.6,27.6,27.6,27.6,1.0,0.0,10.0,0.0,0.7,0.5,-31.5,-9.3,12.8,-9.3,2.0,46.0,16.0,0.5,0.4,0.5,-128.8,-123.2,-117.6,-123.2,2.0,11.6,16.0,0.5,0.4,0.5,-28.2,-28.2,-28.2,-28.2,1.0,0.0,10.0,0.0,0.7,0.5,-77.4,-77.4,-77.4,-77.4,1.0,0.0,10.0,0.0,0.7,0.5,-9.4,-9.4,-9.4,-9.4,1.0,0.0,10.0,0.0,0.7,0.5,-25.9,-25.9,-25.9,-25.9,1.0,0.0,10.0,0.0,0.7,0.5,97.5,97.5,97.5,97.5,2.0,0.0,16.0,0.5,0.4,0.5,95.0,95.0,95.0,95.0,2.0,0.0,16.0,0.5,0.4,0.5
1974,2,165.0,-15.0,28.8,28.8,28.8,28.8,1.0,0.0,24.0,1.0,0.9,0.9,28.8,28.8,28.8,28.8,1.0,0.0,24.0,1.0,0.9,0.9,18.09,18.09,18.09,18.09,1.0,0.0,24.0,1.0,0.9,0.9,72.6,72.6,72.6,72.6,1.0,0.0,24.0,1.0,0.9,7.2,7.2,7.2,7.2,1.0,0.0,24.0,1.0,0.9,0.9,0.0,0.0,0.0,0.0,1.0,0.0,24.0,1.0,0.9,0.9,7.2,7.2,7.2,7.2,1.0,0.0,24.0,1.0,0.9,0.9,1004.7,1004.7,1004.7,1004.7,1.0,0.0,24.0,1.0,0.9,0.9,3.0,3.0,3.0,3.0,1.0,0.0,24.0,1.0,0.9,0.9,0.0,0.0,0.0,0.0,1.0,0.0,24.0,1.0,0.9,0.9,51.8,51.8,51.8,51.8,1.0,0.0,24.0,1.0,0.9,0.9,0.0,0.0,0.0,0.0,1.0,0.0,24.0,1.0,0.9,0.9,0.0,0.0,0.0,0.0,1.0,0.0,24.0,1.0,0.9,0.9,6.92,6.92,6.92,6.92,1.0,0.0,24.0,1.0,0.9,0.9,49.8,49.8,49.8,49.8,1.0,0.0,24.0,1.0,0.9,0.9,0.0,0.0,0.0,0.0,1.0,0.0,24.0,1.0,0.9,0.9,207.4,207.4,207.4,207.4,1.0,0.0,24.0,1.0,0.9,0.9,0.0,0.0,0.0,0.0,1.0,0.0,24.0,1.0,0.9,0.9,130.3,130.3,130.3,130.3,1.0,0.0,24.0,1.0,0.9,0.9,0.0,0.0,0.0,0.0,1.0,0.0,24.0,1.0,0.9,0.9,49.8,49.8,49.8,49.8,1.0,0.0,24.0,1.0,0.9,0.9,373.0,373.0,373.0,373.0,1.0,0.0,24.0,1.0,0.9,0.9,375.0,375.0,375.0,375.0,1.0,0.0,24.0,1.0,0.9,0.9
1974,2,165.0,-14.0,,,,,,,,,,,,,,,,,,,,,,,,,,,,,,,,,,,,,,,,5.1,5.1,5.1,5.1,1.0,0.0,26.0,0.0,0.1,0.9,2.55,2.55,2.55,2.55,1.0,0.0,26.0,0.0,0.1,0.9,4.42,4.42,4.42,4.42,1.0,0.0,26.0,0.0,0.1,0.9,1006.29,1006.9,1007.51,1006.9,2.0,1.27,14.0,0.5,0.4,0.6,,,,,,,,,,,,,,,,,,,,,,,,,,,,,,,,,,,,,,,,,,,,,,,,,,,,,,,,,,,,,,,,,,,,,,,,,,,,,,,,,,,,,,,,,,,,,,,,,,,,,,,,,,,,,,,,,,,,,,,,,,,,,,,,,,,,,,,,,,,,,,,,,,,,,,
1974,2,165.0,-13.0,27.9,27.9,27.9,27.9,1.0,0.0,26.0,0.0,0.9,0.4,28.0,28.0,28.0,28.0,1.0,0.0,26.0,0.0,0.9,0.4,16.49,16.49,16.49,16.49,1.0,0.0,26.0,0.0,0.9,0.4,69.5,69.5,69.5,69.5,1.0,0.0,26.0,0.0,0.4,2.6,2.6,2.6,2.6,1.0,0.0,26.0,0.0,0.9,0.4,1.3,1.3,1.3,1.3,1.0,0.0,26.0,0.0,0.9,0.4,2.25,2.25,2.25,2.25,1.0,0.0,26.0,0.0,0.9,0.4,1005.2,1005.2,1005.2,1005.2,1.0,0.0,26.0,0.0,0.9,0.4,2.0,2.0,2.0,2.0,1.0,0.0,26.0,0.0,0.9,0.4,3.4,3.4,3.4,3.4,1.0,0.0,26.0,0.0,0.9,0.4,5.9,5.9,5.9,5.9,1.0,0.0,26.0,0.0,0.9,0.4,-0.1,-0.1,-0.1,-0.1,1.0,0.0,26.0,0.0,0.9,0.4,-0.3,-0.3,-0.3,-0.3,1.0,0.0,26.0,0.0,0.9,0.4,7.21,7.21,7.21,7.21,1.0,0.0,26.0,0.0,0.9,0.4,18.8,18.8,18.8,18.8,1.0,0.0,26.0,0.0,0.9,0.4,36.4,36.4,36.4,36.4,1.0,0.0,26.0,0.0,0.9,0.4,63.0,63.0,63.0,63.0,1.0,0.0,26.0,0.0,0.9,0.4,21.4,21.4,21.4,21.4,1.0,0.0,26.0,0.0,0.9,0.4,37.1,37.1,37.1,37.1,1.0,0.0,26.0,0.0,0.9,0.4,9.4,9.4,9.4,9.4,1.0,0.0,26.0,0.0,0.9,0.4,16.2,16.2,16.2,16.2,1.0,0.0,26.0,0.0,0.9,0.4,17.5,17.5,17.5,17.5,1.0,0.0,26.0,0.0,0.9,0.4,20.0,20.0,20.0,20.0,1.0,0.0,26.0,0.0,0.9,0.4
1974,2,165.0,-8.0,28.8,28.8,28.8,28.8,1.0,0.0,10.0,1.0,0.6,0.7,28.8,28.8,28.8,28.8,1.0,0.0,10.0,1.0,0.6,0.7,20.27,20.27,20.27,20.27,1.0,0.0,10.0,1.0,0.6,0.7,81.4,81.4,81.4,81.4,1.0,0.0,10.0,1.0,0.7,3.1,3.1,3.1,3.1,1.0,0.0,10.0,1.0,0.6,0.7,-2.68,-2.68,-2.68,-2.68,1.0,0.0,10.0,1.0,0.6,0.7,-1.55,-1.55,-1.55,-1.55,1.0,0.0,10.0,1.0,0.6,0.7,1006.2,1006.2,1006.2,1006.2,1.0,0.0,10.0,1.0,0.6,0.7,7.0,7.0,7.0,7.0,1.0,0.0,10.0,1.0,0.6,0.7,-8.3,-8.3,-8.3,-8.3,1.0,0.0,10.0,1.0,0.6,0.7,-4.8,-4.8,-4.8,-4.8,1.0,0.0,10.0,1.0,0.6,0.7,0.0,0.0,0.0,0.0,1.0,0.0,10.0,1.0,0.6,0.7,0.0,0.0,0.0,0.0,1.0,0.0,10.0,1.0,0.6,0.7,4.7,4.7,4.7,4.7,1.0,0.0,10.0,1.0,0.6,0.7,14.6,14.6,14.6,14.6,1.0,0.0,10.0,1.0,0.6,0.7,-77.3,-77.3,-77.3,-77.3,1.0,0.0,10.0,1.0,0.6,0.7,-44.6,-44.6,-44.6,-44.6,1.0,0.0,10.0,1.0,0.6,0.7,-54.4,-54.4,-54.4,-54.4,1.0,0.0,10.0,1.0,0.6,0.7,-31.4,-31.4,-31.4,-31.4,1.0,0.0,10.0,1.0,0.6,0.7,-12.6,-12.6,-12.6,-12.6,1.0,0.0,10.0,1.0,0.6,0.7,-7.3,-7.3,-7.3,-7.3,1.0,0.0,10.0,1.0,0.6,0.7,30.0,30.0,30.0,30.0,1.0,0.0,10.0,1.0,0.6,0.7,30.0,30.0,30.0,30.0,1.0,0.0,10.0,1.0,0.6,0.7
1974,2,165.0,-6.0,29.0,29.0,29.0,29.0,1.0,0.0,24.0,0.0,0.2,1.0,25.0,25.0,25.0,25.0,1.0,0.0,24.0,0.0,0.2,1.0,19.32,19.32,19.32,19.32,1.0,0.0,24.0,0.0,0.2,1.0,97.1,97.1,97.1,97.1,1.0,0.0,24.0,0.0,1.0,,,,,,,,,,,,,,,,,,,,,,,,,,,,,,,,,,,,,,,,,,,,,,,,,,,,,,,,,,,,,,,,,,,,,,,,,,,,,,,,,,,,,,,,,,,,,,,,,,,,,,,,,,,,,,,,,,,,,,,,,,,,,,,,,,,,,,,,,,,,,,,,,,,,,,,,,,,,,,,,,,,,,,,,,,,,,,,,,,,,,,,,,,,,,,
1974,2,165.0,-5.0,29.6,29.6,29.6,29.6,1.0,0.0,8.0,0.0,0.2,0.5,27.58,27.75,27.92,27.75,2.0,0.35,8.0,0.5,0.2,0.7,19.85,19.85,19.85,19.85,1.0,0.0,8.0,0.0,0.2,0.5,86.3,86.3,86.3,86.3,1.0,0.0,8.0,0.0,0.5,4.43,5.15,5.87,5.15,2.0,1.48,8.0,0.5,0.2,0.7,-5.75,-4.98,-4.21,-4.98,2.0,1.59,8.0,0.5,0.2,0.7,1.13,1.24,1.35,1.24,2.0,0.23,8.0,0.5,0.2,0.7,1004.6,1006.55,1008.5,1006.55,2.0,4.03,8.0,0.5,0.2,0.7,2.6,4.0,5.4,4.0,2.0,2.8,8.0,0.5,0.2,0.7,-34.4,-26.8,-19.3,-26.8,2.0,15.6,8.0,0.5,0.2,0.7,5.9,6.2,6.5,6.2,2.0,0.7,8.0,0.5,0.2,0.7,2.1,2.1,2.1,2.1,1.0,0.0,8.0,0.0,0.2,0.5,8.6,8.6,8.6,8.6,1.0,0.0,8.0,0.0,0.2,0.5,6.25,6.25,6.25,6.25,1.0,0.0,8.0,0.0,0.2,0.5,25.6,25.6,25.6,25.6,1.0,0.0,8.0,0.0,0.2,0.5,-160.6,-138.5,-116.3,-138.5,2.0,46.0,8.0,0.5,0.2,0.7,31.5,34.4,37.2,34.4,2.0,6.0,8.0,0.5,0.2,0.7,-76.5,-76.5,-76.5,-76.5,1.0,0.0,8.0,0.0,0.2,0.5,27.8,27.8,27.8,27.8,1.0,0.0,8.0,0.0,0.2,0.5,-24.1,-24.1,-24.1,-24.1,1.0,0.0,8.0,0.0,0.2,0.5,8.8,8.8,8.8,8.8,1.0,0.0,8.0,0.0,0.2,0.5,96.0,153.5,211.5,153.5,2.0,120.0,8.0,0.5,0.2,0.7,95.0,155.0,210.0,155.0,2.0,120.0,8.0,0.5,0.2,0.7
1974,2,165.0,-4.0,28.64,29.15,29.66,29.15,2.0,1.06,10.0,1.0,0.8,0.8,28.8,28.8,28.8,28.8,2.0,0.0,10.0,1.0,0.8,0.8,17.75,18.15,18.54,18.15,2.0,0.82,10.0,1.0,0.8,0.8,71.6,73.1,74.6,73.1,2.0,3.1,10.0,1.0,0.8,5.27,5.65,6.03,5.65,2.0,0.78,10.0,1.0,0.8,0.8,-5.66,-5.31,-4.96,-5.31,2.0,0.73,10.0,1.0,0.8,0.8,-1.13,0.19,1.51,0.19,2.0,2.73,10.0,1.0,0.8,0.8,1007.4,1008.25,1009.1,1008.25,2.0,1.77,10.0,1.0,0.8,0.8,2.0,2.0,2.0,2.0,2.0,0.0,10.0,1.0,0.8,0.8,-34.3,-30.3,-26.3,-30.3,2.0,8.3,10.0,1.0,0.8,0.8,-5.4,2.1,9.6,2.1,2.0,15.6,10.0,1.0,0.8,0.8,-0.16,0.35,0.86,0.35,2.0,1.06,10.0,1.0,0.8,0.8,-1.2,1.6,4.3,1.6,2.0,5.7,10.0,1.0,0.8,0.8,6.93,7.32,7.72,7.32,2.0,0.82,10.0,1.0,0.8,0.8,40.5,41.0,41.6,41.0,2.0,1.1,10.0,1.0,0.8,0.8,-163.1,-152.9,-142.7,-152.9,2.0,21.1,10.0,1.0,0.8,0.8,-32.6,5.4,43.4,5.4,2.0,78.7,10.0,1.0,0.8,0.8,-100.4,-96.1,-91.7,-96.1,2.0,8.9,10.0,1.0,0.8,0.8,-21.6,2.3,26.2,2.3,2.0,49.4,10.0,1.0,0.8,0.8,-39.1,-38.6,-38.1,-38.6,2.0,1.0,10.0,1.0,0.8,0.8,-9.3,0.3,9.8,0.3,2.0,19.9,10.0,1.0,0.8,0.8,149.5,185.5,221.5,185.5,2.0,74.5,10.0,1.0,0.8,0.8,150.0,185.0,220.0,185.0,2.0,75.0,10.0,1.0,0.8,0.8
1974,2,165.0,9.0,28.46,28.6,28.74,28.6,2.0,0.28,6.0,0.5,0.1,0.7,26.83,27.1,27.37,27.1,2.0,0.57,6.0,0.5,0.1,0.7,17.46,18.06,18.65,18.06,2.0,1.24,6.0,0.5,0.1,0.7,78.9,80.2,81.6,80.2,2.0,2.8,6.0,0.5,0.7,7.7,7.7,7.7,7.7,2.0,0.0,6.0,0.5,0.1,0.7,-7.53,-7.41,-7.29,-7.41,2.0,0.25,6.0,0.5,0.1,0.7,-2.43,-1.99,-1.54,-1.99,2.0,0.92,6.0,0.5,0.1,0.7,1007.6,1007.8,1008.0,1007.8,2.0,0.42,6.0,0.5,0.1,0.7,1.0,3.0,4.4,2.7,3.0,2.5,6.0,0.7,0.1,0.7,-58.0,-57.1,-56.1,-57.1,2.0,1.9,6.0,0.5,0.1,0.7,-18.7,-15.3,-11.9,-15.3,2.0,7.1,6.0,0.5,0.1,0.7,1.09,1.5,1.91,1.5,2.0,0.85,6.0,0.5,0.1,0.7,8.4,11.6,14.7,11.6,2.0,6.5,6.0,0.5,0.1,0.7,5.79,6.59,7.39,6.59,2.0,1.66,6.0,0.5,0.1,0.7,44.6,50.8,56.9,50.8,2.0,12.8,6.0,0.5,0.1,0.7,-201.9,-200.7,-199.5,-200.7,2.0,2.5,6.0,0.5,0.1,0.7,-66.6,-54.1,-41.5,-54.1,2.0,26.0,6.0,0.5,0.1,0.7,-135.9,-133.6,-131.3,-133.6,2.0,4.7,6.0,0.5,0.1,0.7,-45.6,-36.4,-27.2,-36.4,2.0,19.0,6.0,0.5,0.1,0.7,-55.8,-49.0,-42.3,-49.0,2.0,13.9,6.0,0.5,0.1,0.7,-13.6,-12.3,-11.0,-12.3,2.0,2.7,6.0,0.5,0.1,0.7,456.5,456.5,456.5,456.5,2.0,0.0,6.0,0.5,0.1,0.7,455.0,455.0,455.0,455.0,2.0,0.0,6.0,0.5,0.1,0.7
1974,2,165.0,14.0,27.0,27.0,27.0,27.0,1.0,0.0,28.0,1.0,0.2,0.1,26.7,26.7,26.7,26.7,1.0,0.0,28.0,1.0,0.2,0.1,14.55,14.55,14.55,14.55,1.0,0.0,28.0,1.0,0.2,0.1,66.7,66.7,66.7,66.7,1.0,0.0,28.0,1.0,0.1,,,,,,,,,,,,,,,,,,,,,,,,,,,,,,,,,,,,,,,,,,,,,,,,,,,,,,,,,,,,,,,,,,,,,,,,,,,,,,,,,,,,,,,,,,,,,,,,,,,,,,,,,,,,,,,,,,,,,,,,,,,,,,,,,,,,,,,,,,,,,,,,,,,,,,,,,,,,,,,,,,,,,,,,,,,,,,,,,,,,,,,,,,,,,,
1974,2,165.0,15.0,29.0,29.0,29.0,29.0,1.0,0.0,2.0,0.0,0.5,0.3,26.0,26.0,26.0,26.0,1.0,0.0,2.0,0.0,0.5,0.3,16.24,16.24,16.24,16.24,1.0,0.0,2.0,0.0,0.5,0.3,77.7,77.7,77.7,77.7,1.0,0.0,2.0,0.0,0.3,2.6,2.6,2.6,2.6,1.0,0.0,2.0,0.0,0.5,0.3,-2.56,-2.56,-2.56,-2.56,1.0,0.0,2.0,0.0,0.5,0.3,-0.45,-0.45,-0.45,-0.45,1.0,0.0,2.0,0.0,0.5,0.3,1014.5,1014.5,1014.5,1014.5,1.0,0.0,2.0,0.0,0.5,0.3,0.0,0.0,0.0,0.0,1.0,0.0,2.0,0.0,0.5,0.3,-6.7,-6.7,-6.7,-6.7,1.0,0.0,2.0,0.0,0.5,0.3,-1.2,-1.2,-1.2,-1.2,1.0,0.0,2.0,0.0,0.5,0.3,3.0,3.0,3.0,3.0,1.0,0.0,2.0,0.0,0.5,0.3,7.8,7.8,7.8,7.8,1.0,0.0,2.0,0.0,0.5,0.3,8.82,8.82,8.82,8.82,1.0,0.0,2.0,0.0,0.5,0.3,22.9,22.9,22.9,22.9,1.0,0.0,2.0,0.0,0.5,0.3,-66.6,-66.6,-66.6,-66.6,1.0,0.0,2.0,0.0,0.5,0.3,-11.7,-11.7,-11.7,-11.7,1.0,0.0,2.0,0.0,0.5,0.3,-41.6,-41.6,-41.6,-41.6,1.0,0.0,2.0,0.0,0.5,0.3,-7.3,-7.3,-7.3,-7.3,1.0,0.0,2.0,0.0,0.5,0.3,-22.6,-22.6,-22.6,-22.6,1.0,0.0,2.0,0.0,0.5,0.3,-4.0,-4.0,-4.0,-4.0,1.0,0.0,2.0,0.0,0.5,0.3,17.5,17.5,17.5,17.5,1.0,0.0,2.0,0.0,0.5,0.3,20.0,20.0,20.0,20.0,1.0,0.0,2.0,0.0,0.5,0.3
1974,2,165.0,16.0,26.7,26.95,27.2,26.95,4.0,0.29,16.0,0.5,0.2,0.2,24.57,25.75,26.46,25.53,4.0,1.23,16.0,0.5,0.2,0.2,13.81,16.39,16.53,15.23,4.0,2.48,16.0,0.5,0.2,0.2,68.6,76.8,79.9,74.4,4.0,8.3,16.0,0.5,0.2,6.34,10.3,13.16,9.78,4.0,4.04,16.0,0.5,0.2,0.2,-12.28,-8.75,-5.12,-8.7,4.0,4.17,16.0,0.5,0.2,0.2,-5.87,-2.47,1.34,-2.27,4.0,4.29,16.0,0.5,0.2,0.2,1011.79,1013.6,1014.31,1013.08,4.0,1.81,16.0,0.5,0.2,0.2,1.5,2.5,5.1,3.3,4.0,2.6,16.0,0.5,0.2,0.2,-161.2,-100.5,-33.4,-97.5,4.0,74.0,16.0,0.5,0.2,0.2,-65.2,-19.1,6.8,-28.7,4.0,46.1,16.0,0.5,0.2,0.2,0.74,1.2,2.13,1.43,4.0,0.99,16.0,0.5,0.2,0.2,6.8,7.4,23.3,14.7,4.0,15.2,16.0,0.5,0.2,0.2,5.76,6.05,8.35,7.01,4.0,2.27,16.0,0.5,0.2,0.2,36.8,62.4,110.4,73.1,4.0,48.8,16.0,0.5,0.2,0.2,-312.5,-215.9,-132.1,-222.0,4.0,107.6,16.0,0.5,0.2,0.2,-145.6,-64.8,33.8,-56.3,4.0,106.3,16.0,0.5,0.2,0.2,-174.7,-115.7,-84.5,-128.9,4.0,60.9,16.0,0.5,0.2,0.2,-79.8,-38.5,21.8,-29.4,4.0,60.5,16.0,0.5,0.2,0.2,-100.6,-57.0,-29.7,-64.8,4.0,44.0,16.0,0.5,0.2,0.2,-50.7,-14.9,7.4,-21.3,4.0,37.0,16.0,0.5,0.2,0.2,287.0,1301.5,2282.5,1285.5,4.0,1156.5,16.0,0.5,0.2,0.2,285.0,1300.0,2285.0,1285.0,4.0,1155.0,16.0,0.5,0.2,0.2
1974,2,165.0,17.0,27.2,27.2,27.2,27.2,1.0,0.0,18.0,0.0,0.6,0.4,25.0,25.0,25.0,25.0,1.0,0.0,18.0,0.0,0.6,0.4,15.42,15.42,15.42,15.42,1.0,0.0,18.0,0.0,0.6,0.4,78.5,78.5,78.5,78.5,1.0,0.0,18.0,0.0,0.4,10.3,10.3,10.3,10.3,1.0,0.0,18.0,0.0,0.6,0.4,-9.68,-9.68,-9.68,-9.68,1.0,0.0,18.0,0.0,0.6,0.4,-3.52,-3.52,-3.52,-3.52,1.0,0.0,18.0,0.0,0.6,0.4,1016.6,1016.6,1016.6,1016.6,1.0,0.0,18.0,0.0,0.6,0.4,0.0,0.0,0.0,0.0,1.0,0.0,18.0,0.0,0.6,0.4,-99.7,-99.7,-99.7,-99.7,1.0,0.0,18.0,0.0,0.6,0.4,-36.3,-36.3,-36.3,-36.3,1.0,0.0,18.0,0.0,0.6,0.4,2.2,2.2,2.2,2.2,1.0,0.0,18.0,0.0,0.6,0.4,22.7,22.7,22.7,22.7,1.0,0.0,18.0,0.0,0.6,0.4,7.06,7.06,7.06,7.06,1.0,0.0,18.0,0.0,0.6,0.4,72.7,72.7,72.7,72.7,1.0,0.0,18.0,0.0,0.6,0.4,-242.0,-242.0,-242.0,-242.0,1.0,0.0,18.0,0.0,0.6,0.4,-88.1,-88.1,-88.1,-88.1,1.0,0.0,18.0,0.0,0.6,0.4,-149.3,-149.3,-149.3,-149.3,1.0,0.0,18.0,0.0,0.6,0.4,-54.3,-54.3,-54.3,-54.3,1.0,0.0,18.0,0.0,0.6,0.4,-68.3,-68.3,-68.3,-68.3,1.0,0.0,18.0,0.0,0.6,0.4,-24.9,-24.9,-24.9,-24.9,1.0,0.0,18.0,0.0,0.6,0.4,1092.5,1092.5,1092.5,1092.5,1.0,0.0,18.0,0.0,0.6,0.4,1095.0,1095.0,1095.0,1095.0,1.0,0.0,18.0,0.0,0.6,0.4
1974,2,165.0,18.0,26.63,27.2,27.74,27.18,5.0,0.58,16.0,0.6,0.5,0.4,25.76,26.6,27.86,26.8,5.0,1.47,16.0,0.6,0.5,0.4,16.71,18.64,19.01,17.93,5.0,1.52,16.0,0.6,0.5,0.4,77.0,82.1,85.7,81.5,5.0,5.3,16.0,0.6,0.4,3.21,5.9,7.49,5.38,4.0,2.88,18.0,0.8,0.5,0.4,-5.46,-2.62,1.77,-1.88,4.0,4.77,18.0,0.8,0.5,0.4,-1.34,0.48,4.18,1.38,4.0,4.09,18.0,0.8,0.5,0.4,1011.69,1012.5,1013.95,1012.88,5.0,1.63,16.0,0.6,0.5,0.4,2.6,3.0,7.4,4.6,5.0,2.7,16.0,0.6,0.5,0.4,-39.5,-17.7,11.0,-14.4,4.0,30.7,18.0,0.8,0.5,0.4,-6.8,0.7,31.2,11.7,4.0,31.7,18.0,0.8,0.5,0.4,-1.23,1.0,1.75,0.38,5.0,1.97,16.0,0.6,0.5,0.4,-10.0,-0.4,5.2,-2.3,4.0,10.6,18.0,0.8,0.5,0.4,3.0,4.2,6.12,4.62,5.0,1.99,16.0,0.6,0.5,0.4,10.4,17.7,31.9,21.0,4.0,15.4,18.0,0.8,0.5,0.4,-152.9,-69.0,48.4,-53.0,4.0,133.4,18.0,0.8,0.5,0.4,-36.3,12.8,109.7,35.6,4.0,108.0,18.0,0.8,0.5,0.4,-99.4,-46.7,33.3,-33.7,4.0,88.7,18.0,0.8,0.5,0.4,-25.3,9.2,73.6,23.5,4.0,72.5,18.0,0.8,0.5,0.4,-20.8,-12.6,4.5,-8.3,4.0,16.1,18.0,0.8,0.5,0.4,-3.9,2.0,21.1,8.3,4.0,19.5,18.0,0.8,0.5,0.4,65.0,216.5,432.0,247.0,4.0,236.5,18.0,0.8,0.5,0.4,65.0,215.0,430.0,245.0,4.0,235.0,18.0,0.8,0.5,0.4
1974,2,165.0,19.0,26.7,26.7,26.7,26.7,1.0,0.0,10.0,0.0,0.3,0.4,25.6,25.6,25.6,25.6,1.0,0.0,10.0,0.0,0.3,0.4,16.79,16.79,16.79,16.79,1.0,0.0,10.0,0.0,0.3,0.4,82.0,82.0,82.0,82.0,1.0,0.0,10.0,0.0,0.4,9.3,9.3,9.3,9.3,1.0,0.0,10.0,0.0,0.3,0.4,-7.12,-7.12,-7.12,-7.12,1.0,0.0,10.0,0.0,0.3,0.4,5.98,5.98,5.98,5.98,1.0,0.0,10.0,0.0,0.3,0.4,1012.2,1012.2,1012.2,1012.2,1.0,0.0,10.0,0.0,0.3,0.4,2.0,2.0,2.0,2.0,1.0,0.0,10.0,0.0,0.3,0.4,-66.3,-66.3,-66.3,-66.3,1.0,0.0,10.0,0.0,0.3,0.4,55.6,55.6,55.6,55.6,1.0,0.0,10.0,0.0,0.3,0.4,1.1,1.1,1.1,1.1,1.0,0.0,10.0,0.0,0.3,0.4,10.2,10.2,10.2,10.2,1.0,0.0,10.0,0.0,0.3,0.4,5.13,5.13,5.13,5.13,1.0,0.0,10.0,0.0,0.3,0.4,47.7,47.7,47.7,47.7,1.0,0.0,10.0,0.0,0.3,0.4,-182.4,-182.4,-182.4,-182.4,1.0,0.0,10.0,0.0,0.3,0.4,153.0,153.0,153.0,153.0,1.0,0.0,10.0,0.0,0.3,0.4,-119.6,-119.6,-119.6,-119.6,1.0,0.0,10.0,0.0,0.3,0.4,100.4,100.4,100.4,100.4,1.0,0.0,10.0,0.0,0.3,0.4,-36.6,-36.6,-36.6,-36.6,1.0,0.0,10.0,0.0,0.3,0.4,30.7,30.7,30.7,30.7,1.0,0.0,10.0,0.0,0.3,0.4,804.5,804.5,804.5,804.5,1.0,0.0,10.0,0.0,0.3,0.4,805.0,805.0,805.0,805.0,1.0,0.0,10.0,0.0,0.3,0.4
1974,2,165.0,20.0,24.87,25.3,25.75,25.32,6.0,0.87,16.0,0.3,0.5,0.3,24.67,25.1,25.92,25.37,6.0,1.6,16.0,0.3,0.5,0.3,13.82,16.77,18.13,16.15,6.0,2.29,16.0,0.3,0.5,0.3,66.0,84.3,91.1,80.4,6.0,12.6,16.0,0.3,0.3,2.37,2.85,6.84,4.22,6.0,2.95,16.0,0.3,0.5,0.3,-3.86,-1.15,2.31,-1.48,6.0,4.38,16.0,0.3,0.5,0.3,-1.2,0.53,1.21,-0.24,6.0,2.86,16.0,0.3,0.5,0.3,1012.2,1014.65,1015.49,1014.25,6.0,1.74,16.0,0.3,0.5,0.3,1.0,1.5,2.6,2.0,6.0,1.5,16.0,0.3,0.5,0.3,-22.9,-2.2,10.2,-12.4,6.0,37.1,16.0,0.3,0.5,0.3,-7.5,1.2,3.1,-4.2,6.0,15.8,16.0,0.3,0.5,0.3,-0.41,0.15,0.52,-0.05,6.0,0.8,16.0,0.3,0.5,0.3,-3.3,0.3,2.1,-1.6,6.0,6.6,16.0,0.3,0.5,0.3,1.73,3.41,6.59,4.0,6.0,2.48,16.0,0.3,0.5,0.3,4.2,9.4,48.3,21.9,6.0,24.4,16.0,0.3,0.5,0.3,-102.8,-29.0,56.8,-43.0,6.0,119.7,16.0,0.3,0.5,0.3,-30.1,12.8,30.4,-6.0,6.0,71.6,16.0,0.3,0.5,0.3,-64.8,-20.8,30.8,-26.5,6.0,66.1,16.0,0.3,0.5,0.3,-15.7,8.4,21.9,0.2,6.0,40.4,16.0,0.3,0.5,0.3,-15.6,-2.3,14.4,-6.5,6.0,27.4,16.0,0.3,0.5,0.3,-8.8,1.3,2.8,-5.5,6.0,18.2,16.0,0.3,0.5,0.3,14.5,23.5,355.0,185.0,6.0,316.0,16.0,0.3,0.5,0.3,15.0,25.0,355.0,185.0,6.0,315.0,16.0,0.3,0.5,0.3
1974,2,165.0,21.0,24.4,25.6,26.0,25.1,10.0,1.26,16.0,0.7,0.3,0.5,23.02,24.0,24.67,24.01,9.0,1.04,14.0,0.7,0.3,0.5,11.8,13.26,15.81,13.75,7.0,2.0,14.0,0.7,0.3,0.5,65.4,69.7,85.7,75.2,7.0,10.3,14.0,0.7,0.5,4.53,6.95,12.36,8.8,10.0,5.24,16.0,0.7,0.3,0.5,-7.74,-1.92,3.07,-2.97,10.0,7.01,16.0,0.7,0.3,0.5,-9.71,-3.32,3.34,-3.43,10.0,6.44,16.0,0.7,0.3,0.5,1012.67,1015.7,1017.3,1015.22,10.0,2.27,16.0,0.7,0.3,0.5,3.0,4.0,5.7,3.9,9.0,1.6,16.0,0.7,0.3,0.5,-79.7,-8.3,19.0,-48.1,10.0,119.5,16.0,0.7,0.3,0.5,-149.8,-14.9,29.0,-48.0,10.0,90.0,16.0,0.7,0.3,0.5,-0.93,1.5,2.68,1.1,9.0,1.82,14.0,0.7,0.3,0.5,-9.2,10.2,25.5,12.1,9.0,22.6,14.0,0.7,0.3,0.5,4.48,5.49,8.21,6.14,7.0,2.33,14.0,0.7,0.3,0.5,21.9,35.2,117.1,69.0,7.0,64.9,14.0,0.7,0.3,0.5,-215.0,-67.8,0.0,-93.2,9.0,158.0,14.0,0.7,0.3,0.5,-229.7,-91.0,50.5,-96.8,9.0,153.6,14.0,0.7,0.3,0.5,-74.6,-17.0,3.3,-37.3,7.0,83.8,14.0,0.7,0.3,0.5,-121.1,-61.4,-31.6,-67.6,7.0,86.5,14.0,0.7,0.3,0.5,-45.4,-5.6,1.3,-27.3,7.0,64.1,14.0,0.7,0.3,0.5,-96.6,-22.6,-4.2,-42.4,7.0,52.0,14.0,0.7,0.3,0.5,96.0,347.5,2003.5,1479.5,10.0,2676.5,16.0,0.7,0.3,0.5,95.0,345.0,2005.0,1480.0,10.0,2675.0,16.0,0.7,0.3,0.5
1974,2,165.0,23.0,23.65,24.4,24.81,24.23,3.0,0.86,24.0,0.7,0.3,0.6,21.8,22.0,22.89,22.33,3.0,0.85,24.0,0.7,0.3,0.6,10.96,12.09,13.21,12.09,2.0,2.32,22.0,1.0,0.2,0.6,66.7,70.8,74.9,70.8,2.0,8.5,22.0,1.0,0.6,6.83,8.2,11.0,8.9,3.0,3.11,24.0,0.7,0.3,0.6,2.35,2.8,3.61,2.98,3.0,0.94,24.0,0.7,0.3,0.6,-10.71,-7.71,-5.69,-8.19,3.0,3.71,24.0,0.7,0.3,0.6,1006.16,1007.8,1011.28,1008.7,3.0,3.83,24.0,0.7,0.3,0.6,2.3,3.0,5.7,4.0,3.0,2.6,24.0,0.7,0.3,0.6,23.5,24.7,25.8,24.7,3.0,1.6,24.0,0.7,0.3,0.6,-121.8,-63.2,-40.2,-80.5,3.0,61.6,24.0,0.7,0.3,0.6,1.26,1.6,2.56,1.9,3.0,0.98,24.0,0.7,0.3,0.6,10.9,19.7,23.0,17.0,3.0,9.2,24.0,0.7,0.3,0.6,5.75,6.42,7.08,6.42,2.0,1.38,22.0,1.0,0.2,0.6,42.8,62.3,81.9,62.3,2.0,40.5,22.0,1.0,0.2,0.6,51.2,61.7,83.0,67.0,3.0,23.7,24.0,0.7,0.3,0.6,-233.2,-169.5,-129.3,-181.0,3.0,76.7,24.0,0.7,0.3,0.6,27.4,38.5,49.6,38.5,2.0,22.9,22.0,1.0,0.2,0.6,-116.8,-95.9,-74.9,-95.9,2.0,43.3,22.0,1.0,0.2,0.6,16.7,18.7,20.7,18.7,2.0,4.2,22.0,1.0,0.2,0.6,-79.4,-57.7,-35.9,-57.7,2.0,45.1,22.0,1.0,0.2,0.6,337.5,551.5,1445.0,883.5,3.0,861.0,24.0,0.7,0.3,0.6,340.0,550.0,1445.0,885.0,3.0,860.0,24.0,0.7,0.3,0.6
1974,2,165.0,24.0,21.95,24.0,25.37,23.67,3.0,2.52,14.0,0.0,0.6,0.7,19.48,20.5,21.18,20.33,3.0,1.26,14.0,0.0,0.6,0.7,11.43,11.98,13.61,12.5,3.0,1.66,14.0,0.0,0.6,0.7,77.3,82.2,91.5,84.3,3.0,10.5,14.0,0.0,0.7,7.52,8.2,9.29,8.4,3.0,1.31,14.0,0.0,0.6,0.7,-5.97,-5.27,2.58,-1.78,3.0,6.96,14.0,0.0,0.6,0.7,-5.43,-3.6,3.98,-0.79,3.0,7.31,14.0,0.0,0.6,0.7,1011.63,1013.0,1015.39,1013.5,3.0,2.78,14.0,0.0,0.6,0.7,3.3,6.0,7.4,5.3,3.0,3.1,14.0,0.0,0.6,0.7,-55.9,-43.2,16.9,-20.0,3.0,57.0,14.0,0.0,0.6,0.7,-43.4,-25.9,42.0,-1.3,3.0,66.1,14.0,0.0,0.6,0.7,1.77,4.5,4.84,3.33,3.0,2.47,14.0,0.0,0.6,0.7,13.1,32.4,43.7,28.5,3.0,22.7,14.0,0.0,0.6,0.7,3.1,7.37,8.53,5.85,3.0,4.19,14.0,0.0,0.6,0.7,27.0,65.3,70.1,48.9,3.0,34.6,14.0,0.0,0.6,0.7,-116.0,-108.1,57.2,-31.2,3.0,143.3,14.0,0.0,0.6,0.7,-112.5,-77.4,72.8,-21.2,3.0,144.2,14.0,0.0,0.6,0.7,-74.0,-70.4,28.6,-23.8,3.0,85.3,14.0,0.0,0.6,0.7,-75.3,-43.1,43.6,-16.5,3.0,90.1,14.0,0.0,0.6,0.7,-33.6,-5.9,36.7,1.4,3.0,51.9,14.0,0.0,0.6,0.7,-24.5,-7.0,35.6,5.2,3.0,45.3,14.0,0.0,0.6,0.7,430.0,551.5,817.5,622.0,3.0,290.5,14.0,0.0,0.6,0.7,430.0,550.0,815.0,620.0,3.0,290.0,14.0,0.0,0.6,0.7
1974,2,165.0,25.0,21.52,22.9,24.1,22.69,12.0,1.21,14.0,0.4,0.5,0.3,18.0,20.55,22.23,20.57,12.0,1.92,16.0,0.5,0.5,0.4,7.99,9.97,13.9,10.87,10.0,2.9,14.0,0.4,0.5,0.3,61.9,68.0,86.4,72.8,10.0,12.2,14.0,0.4,0.3,3.1,7.7,12.95,7.82,13.0,4.93,14.0,0.5,0.5,0.4,-7.14,-2.37,2.57,-2.3,13.0,5.85,14.0,0.5,0.5,0.4,-5.98,-1.99,4.52,-1.87,13.0,6.85,14.0,0.5,0.5,0.4,1012.75,1016.1,1018.15,1015.88,12.0,3.04,14.0,0.4,0.5,0.3,2.0,3.0,8.0,4.1,13.0,2.5,14.0,0.5,0.5,0.4,-74.6,-7.4,13.0,-34.4,13.0,62.4,14.0,0.5,0.5,0.4,-49.7,-6.2,49.4,-30.4,13.0,111.7,14.0,0.5,0.5,0.4,0.62,1.7,4.71,2.41,11.0,2.03,16.0,0.5,0.5,0.3,5.9,12.3,27.8,16.5,11.0,17.6,16.0,0.5,0.5,0.3,2.8,6.36,10.06,6.43,10.0,3.09,14.0,0.4,0.5,0.3,18.1,38.9,69.4,49.1,10.0,39.4,14.0,0.4,0.5,0.3,-165.6,-51.8,45.0,-58.9,12.0,119.5,16.0,0.5,0.5,0.4,-125.8,-46.4,95.9,-36.4,12.0,138.2,16.0,0.5,0.5,0.4,-66.9,-23.0,24.6,-24.2,10.0,64.8,14.0,0.4,0.5,0.3,-74.2,-23.6,43.1,-17.6,10.0,76.2,14.0,0.4,0.5,0.3,-43.1,-25.0,14.0,-16.3,10.0,27.2,14.0,0.4,0.5,0.3,-51.6,-18.8,15.5,-24.7,10.0,50.2,14.0,0.4,0.5,0.3,30.0,456.5,2171.5,1117.5,13.0,2048.0,14.0,0.5,0.5,0.4,30.0,455.0,2170.0,1120.0,13.0,2050.0,14.0,0.5,0.5,0.4
1974,2,165.0,26.0,21.0,21.1,22.88,21.74,11.0,0.96,18.0,0.6,0.3,0.6,16.75,18.4,20.28,18.63,12.0,1.87,18.0,0.7,0.4,0.6,9.24,10.44,12.49,10.66,10.0,1.51,18.0,0.6,0.3,0.6,72.5,79.6,85.3,79.6,10.0,7.7,18.0,0.6,0.6,4.35,10.0,15.03,9.66,12.0,5.27,18.0,0.7,0.4,0.6,-11.3,-7.14,0.25,-6.43,12.0,6.43,18.0,0.7,0.4,0.6,-6.82,-5.23,-2.18,-4.67,12.0,4.4,18.0,0.7,0.4,0.6,1012.62,1018.0,1021.12,1017.05,11.0,4.72,18.0,0.6,0.3,0.6,3.2,5.0,6.0,4.5,11.0,1.8,20.0,0.7,0.4,0.6,-146.6,-54.8,1.2,-88.1,12.0,108.3,18.0,0.7,0.4,0.6,-94.3,-47.5,-6.7,-58.9,12.0,65.7,18.0,0.7,0.4,0.6,1.03,2.8,4.5,2.87,11.0,1.55,18.0,0.6,0.3,0.6,5.2,28.3,57.3,33.4,11.0,28.1,18.0,0.6,0.3,0.6,3.88,5.64,7.22,5.56,10.0,1.72,18.0,0.6,0.3,0.6,22.9,51.6,87.1,59.9,10.0,36.0,18.0,0.6,0.3,0.6,-219.8,-135.0,6.0,-118.5,12.0,120.4,18.0,0.7,0.4,0.6,-125.2,-96.2,-35.5,-82.3,12.0,75.7,18.0,0.7,0.4,0.6,-147.2,-87.5,4.4,-77.5,10.0,74.4,18.0,0.6,0.3,0.6,-73.3,-53.2,-18.8,-48.1,10.0,48.0,18.0,0.6,0.3,0.6,-72.1,-43.8,0.2,-41.4,10.0,41.8,18.0,0.6,0.3,0.6,-45.0,-25.9,-8.1,-27.5,10.0,28.2,18.0,0.6,0.3,0.6,84.5,1050.5,3395.5,1681.5,12.0,2189.5,18.0,0.7,0.4,0.6,85.0,1050.0,3395.0,1680.0,12.0,2190.0,18.0,0.7,0.4,0.6
1974,2,165.0,27.0,20.0,20.25,21.91,20.51,10.0,1.56,16.0,0.6,0.5,0.5,17.96,19.4,22.41,19.83,11.0,2.2,16.0,0.6,0.5,0.5,8.42,11.28,14.08,11.04,10.0,2.9,16.0,0.6,0.5,0.5,66.0,81.8,84.6,76.2,10.0,11.3,16.0,0.6,0.5,1.85,5.7,11.87,6.61,11.0,4.83,16.0,0.6,0.5,0.5,-2.86,0.99,6.76,1.3,11.0,6.58,16.0,0.6,0.5,0.5,-6.8,0.0,3.39,-0.94,11.0,5.03,16.0,0.6,0.5,0.5,1012.19,1018.0,1023.46,1017.52,10.0,5.14,16.0,0.6,0.5,0.5,1.0,3.0,8.0,4.2,11.0,3.2,16.0,0.6,0.5,0.5,-24.1,2.2,56.0,10.8,11.0,83.4,16.0,0.6,0.5,0.5,-77.6,0.0,15.5,-17.1,11.0,47.3,16.0,0.6,0.5,0.5,-2.14,0.3,3.46,0.8,10.0,2.81,16.0,0.6,0.5,0.5,-11.3,0.0,14.6,4.0,10.0,19.7,16.0,0.6,0.5,0.5,1.07,3.25,8.06,3.96,10.0,3.36,16.0,0.6,0.5,0.5,0.0,13.9,42.9,22.1,10.0,25.0,16.0,0.6,0.5,0.5,-53.3,22.8,136.8,25.1,11.0,125.6,16.0,0.6,0.5,0.5,-130.7,0.0,74.0,-12.4,11.0,98.0,16.0,0.6,0.5,0.5,-20.1,14.0,86.7,18.0,10.0,73.1,16.0,0.6,0.5,0.5,-75.7,-1.1,11.7,-14.7,10.0,51.6,16.0,0.6,0.5,0.5,-15.7,0.0,24.2,4.4,10.0,22.5,16.0,0.6,0.5,0.5,-21.9,-3.4,0.0,-12.0,10.0,21.9,16.0,0.6,0.5,0.5,7.0,185.0,1733.0,728.5,11.0,983.5,16.0,0.6,0.5,0.5,5.0,185.0,1735.0,730.0,11.0,985.0,16.0,0.6,0.5,0.5
1974,2,165.0,28.0,17.76,19.5,20.41,19.29,11.0,1.47,12.0,0.5,0.5,0.3,16.79,17.5,20.83,18.49,11.0,2.03,12.0,0.5,0.5,0.3,8.86,9.94,13.69,10.61,11.0,2.63,12.0,0.5,0.5,0.3,73.5,77.0,88.8,78.9,11.0,10.2,12.0,0.5,0.3,3.61,7.7,14.23,8.68,11.0,5.41,12.0,0.5,0.5,0.3,-4.0,1.25,7.06,0.83,11.0,7.92,12.0,0.5,0.5,0.3,-4.45,-0.5,8.84,1.88,11.0,6.69,12.0,0.5,0.5,0.3,1008.29,1012.5,1018.04,1012.64,11.0,5.24,12.0,0.5,0.5,0.3,2.0,6.0,7.4,5.4,11.0,2.4,12.0,0.5,0.5,0.3,-20.4,9.0,89.9,12.5,11.0,118.4,12.0,0.5,0.5,0.3,-64.8,-0.2,83.8,11.3,11.0,79.1,12.0,0.5,0.5,0.3,-1.41,0.5,3.03,0.8,11.0,2.19,12.0,0.5,0.5,0.3,-14.8,5.6,9.6,2.3,11.0,16.8,12.0,0.5,0.5,0.3,0.7,3.15,5.97,3.35,11.0,2.83,12.0,0.5,0.5,0.3,4.7,20.4,36.0,22.8,11.0,26.0,12.0,0.5,0.5,0.3,-69.0,27.5,122.0,14.2,11.0,140.9,12.0,0.5,0.5,0.3,-76.8,-8.2,180.8,43.3,11.0,128.3,12.0,0.5,0.5,0.3,-36.1,17.1,72.3,10.0,11.0,77.9,12.0,0.5,0.5,0.3,-44.5,-3.4,116.3,30.3,11.0,79.9,12.0,0.5,0.5,0.3,-18.9,0.9,17.3,-5.1,11.0,31.2,12.0,0.5,0.5,0.3,-14.6,-4.8,10.2,-1.5,11.0,15.5,12.0,0.5,0.5,0.3,79.5,456.5,2921.0,1339.5,11.0,1572.5,12.0,0.5,0.5,0.3,80.0,455.0,2920.0,1340.0,11.0,1575.0,12.0,0.5,0.5,0.3
1974,2,165.0,29.0,17.12,17.9,19.06,18.16,11.0,1.27,14.0,1.0,0.5,0.4,15.32,16.0,18.08,16.5,11.0,1.54,14.0,1.0,0.5,0.4,6.86,7.61,10.46,8.55,11.0,2.26,14.0,1.0,0.5,0.4,62.2,71.2,84.8,72.6,11.0,13.1,14.0,1.0,0.4,5.99,6.7,10.33,8.01,11.0,3.88,14.0,1.0,0.5,0.4,-2.5,6.11,7.58,4.3,11.0,5.97,14.0,1.0,0.5,0.4,-8.34,-1.34,1.56,-2.59,11.0,4.73,14.0,1.0,0.5,0.4,1010.17,1016.0,1021.57,1016.12,11.0,5.67,14.0,1.0,0.5,0.4,3.6,6.0,7.4,5.7,11.0,2.0,14.0,1.0,0.5,0.4,-17.5,37.9,71.2,46.0,11.0,83.0,14.0,1.0,0.5,0.4,-88.0,-10.3,10.0,-31.6,11.0,57.1,14.0,1.0,0.5,0.4,0.06,1.0,3.53,1.66,11.0,2.18,14.0,1.0,0.5,0.4,0.5,5.2,27.7,17.5,11.0,31.3,14.0,1.0,0.5,0.4,2.24,4.41,7.03,4.41,11.0,2.62,14.0,1.0,0.5,0.4,15.0,25.3,56.7,37.2,11.0,35.6,14.0,1.0,0.5,0.4,-40.6,101.6,127.5,70.1,11.0,92.8,14.0,1.0,0.5,0.4,-125.1,-24.3,27.0,-39.0,11.0,74.7,14.0,1.0,0.5,0.4,-19.2,57.3,77.5,38.2,11.0,49.5,14.0,1.0,0.5,0.4,-65.0,-12.3,16.9,-18.3,11.0,39.9,14.0,1.0,0.5,0.4,-7.8,14.5,37.7,18.2,11.0,39.4,14.0,1.0,0.5,0.4,-39.3,-5.1,6.0,-15.9,11.0,24.4,14.0,1.0,0.5,0.4,216.5,301.0,1150.5,909.0,11.0,1540.0,14.0,1.0,0.5,0.4,215.0,300.0,1150.0,910.0,11.0,1540.0,14.0,1.0,0.5,0.4
1974,2,165.0,30.0,17.12,18.0,20.0,18.31,16.0,1.45,8.0,0.4,0.3,0.4,13.5,16.0,18.0,15.94,17.0,2.1,10.0,0.4,0.3,0.4,7.06,7.64,9.45,8.02,16.0,1.57,10.0,0.4,0.3,0.4,60.8,69.4,85.9,72.1,16.0,12.0,10.0,0.4,0.4,4.1,6.2,10.76,8.28,17.0,6.08,10.0,0.4,0.3,0.4,-3.12,1.79,9.36,3.82,17.0,8.32,10.0,0.4,0.3,0.4,-3.31,1.23,5.26,1.03,17.0,4.9,10.0,0.4,0.3,0.4,1009.9,1016.5,1018.46,1015.15,17.0,4.47,10.0,0.4,0.3,0.4,3.1,7.0,8.0,5.7,17.0,2.3,10.0,0.4,0.3,0.4,-13.2,15.8,90.8,74.0,17.0,169.8,10.0,0.4,0.3,0.4,-19.4,4.4,63.2,18.0,17.0,61.6,10.0,0.4,0.3,0.4,0.0,2.0,4.81,2.53,16.0,2.63,8.0,0.4,0.3,0.4,0.0,9.8,31.9,28.4,16.0,51.7,8.0,0.4,0.3,0.4,4.26,5.58,7.1,5.36,15.0,1.56,8.0,0.4,0.3,0.4,17.9,38.0,56.3,48.0,15.0,43.9,8.0,0.4,0.3,0.4,-52.1,30.3,151.9,53.6,17.0,119.5,10.0,0.4,0.3,0.4,-59.5,20.9,83.4,17.4,17.0,75.3,10.0,0.4,0.3,0.4,-17.6,22.0,83.5,32.2,16.0,68.9,10.0,0.4,0.3,0.4,-29.4,5.0,35.0,9.1,16.0,38.9,10.0,0.4,0.3,0.4,-10.1,16.1,47.7,29.0,15.0,51.3,8.0,0.4,0.3,0.4,-17.1,0.0,40.7,6.3,15.0,28.7,8.0,0.4,0.3,0.4,69.0,238.5,1254.0,1784.0,17.0,3989.0,10.0,0.4,0.3,0.4,70.0,240.0,1255.0,1785.0,17.0,3990.0,10.0,0.4,0.3,0.4
1974,2,165.0,31.0,16.27,17.0,18.0,17.19,15.0,0.95,14.0,0.6,0.5,0.3,14.34,15.0,18.23,15.89,15.0,2.29,14.0,0.6,0.5,0.4,7.32,9.16,10.52,8.79,13.0,1.95,12.0,0.5,0.5,0.3,67.5,76.4,89.0,77.2,13.0,12.1,12.0,0.5,0.3,5.21,10.3,12.67,9.29,16.0,3.6,14.0,0.6,0.5,0.3,-0.73,5.9,8.13,3.77,16.0,6.93,14.0,0.6,0.5,0.3,-7.05,0.98,4.94,-0.39,16.0,6.46,14.0,0.6,0.5,0.3,1007.28,1015.65,1020.18,1013.89,16.0,6.23,14.0,0.6,0.5,0.3,3.4,6.0,7.6,5.5,16.0,2.0,14.0,0.6,0.5,0.3,2.3,45.9,102.8,36.9,16.0,83.1,14.0,0.6,0.5,0.3,-78.9,6.6,57.2,-2.8,16.0,76.5,14.0,0.6,0.5,0.3,-0.94,0.8,2.97,1.18,14.0,2.29,14.0,0.6,0.5,0.4,-11.5,6.6,30.7,10.5,14.0,25.6,14.0,0.6,0.5,0.4,2.2,3.3,4.99,3.3,13.0,1.99,12.0,0.5,0.5,0.3,10.5,28.8,46.9,29.7,13.0,25.6,12.0,0.5,0.5,0.3,33.7,88.0,145.9,74.3,15.0,100.0,14.0,0.6,0.5,0.4,-114.4,0.0,103.8,-0.6,15.0,110.8,14.0,0.6,0.5,0.4,12.9,54.7,77.8,37.3,13.0,60.9,12.0,0.5,0.5,0.3,-51.8,0.0,63.6,8.7,13.0,67.7,12.0,0.5,0.5,0.3,-7.0,21.1,35.4,17.9,13.0,26.1,12.0,0.5,0.5,0.3,-30.8,-7.7,8.1,-10.0,13.0,21.8,12.0,0.5,0.5,0.3,151.0,1092.5,2038.0,1121.0,16.0,926.0,14.0,0.6,0.5,0.3,150.0,1095.0,2040.0,1120.0,16.0,925.0,14.0,0.6,0.5,0.3
1974,2,165.0,32.0,15.02,16.4,18.0,16.72,14.0,1.46,14.0,0.4,0.3,0.6,11.89,15.0,16.73,14.53,17.0,2.88,14.0,0.4,0.3,0.6,6.4,7.93,9.77,8.01,15.0,1.46,12.0,0.3,0.3,0.6,70.6,74.2,89.1,77.9,15.0,9.3,12.0,0.3,0.6,5.77,11.8,16.14,11.37,17.0,6.13,14.0,0.4,0.3,0.6,1.04,8.29,15.54,8.46,17.0,7.12,14.0,0.4,0.3,0.6,-8.64,-1.51,4.99,-1.43,17.0,6.79,14.0,0.4,0.3,0.6,1003.82,1012.0,1021.73,1013.2,17.0,8.9,14.0,0.4,0.3,0.6,3.5,6.0,7.5,5.8,17.0,1.9,14.0,0.4,0.3,0.6,4.1,97.2,251.1,133.9,17.0,152.5,14.0,0.4,0.3,0.6,-123.9,-6.4,48.2,-35.2,17.0,113.1,14.0,0.4,0.3,0.6,1.0,2.3,4.91,2.61,14.0,2.13,14.0,0.4,0.3,0.6,4.3,15.6,43.0,29.8,14.0,39.6,14.0,0.4,0.3,0.6,2.85,3.99,4.88,3.82,13.0,1.12,12.0,0.4,0.3,0.6,17.7,44.6,55.8,43.4,13.0,25.6,12.0,0.4,0.3,0.6,15.7,132.7,200.2,114.9,17.0,94.3,14.0,0.4,0.3,0.6,-114.9,-21.2,80.2,-14.7,17.0,98.2,14.0,0.4,0.3,0.6,40.9,74.4,130.7,76.9,15.0,44.0,12.0,0.3,0.3,0.6,-59.9,0.0,55.6,-3.6,15.0,59.7,12.0,0.3,0.3,0.6,10.7,37.1,51.4,35.2,13.0,27.2,12.0,0.4,0.3,0.6,-36.0,0.0,16.0,-5.0,13.0,24.3,12.0,0.4,0.3,0.6,233.0,1643.0,4233.0,2800.0,17.0,4046.0,14.0,0.4,0.3,0.6,235.0,1645.0,4235.0,2800.0,17.0,4045.0,14.0,0.4,0.3,0.6
1974,2,165.0,33.0,15.82,17.0,18.14,16.87,17.0,1.34,14.0,0.5,0.4,0.5,11.76,14.65,16.74,14.33,18.0,2.4,14.0,0.5,0.4,0.5,5.91,6.78,9.45,7.65,17.0,2.01,14.0,0.5,0.4,0.5,63.9,73.3,87.7,74.7,17.0,10.9,14.0,0.5,0.5,7.7,14.15,17.6,13.39,18.0,5.33,14.0,0.5,0.4,0.5,2.31,10.97,14.27,9.92,18.0,6.05,14.0,0.5,0.4,0.5,-4.24,2.59,12.38,3.51,18.0,8.03,14.0,0.5,0.4,0.5,1004.88,1012.0,1015.72,1011.37,18.0,7.16,14.0,0.5,0.4,0.5,3.5,7.0,8.0,5.9,17.0,2.2,14.0,0.5,0.4,0.5,29.4,164.3,226.1,156.3,18.0,127.9,14.0,0.5,0.4,0.5,-70.6,37.2,200.2,57.2,18.0,136.2,14.0,0.5,0.4,0.5,0.3,2.5,4.73,2.56,17.0,2.41,14.0,0.5,0.4,0.5,3.1,27.0,68.1,31.1,17.0,34.6,14.0,0.5,0.4,0.5,2.63,4.69,6.01,4.38,16.0,1.78,14.0,0.4,0.4,0.5,14.1,73.1,87.4,57.5,16.0,31.9,14.0,0.4,0.4,0.5,35.6,147.2,219.0,140.7,18.0,91.5,14.0,0.5,0.4,0.5,-59.2,35.0,209.4,61.7,18.0,120.0,14.0,0.5,0.4,0.5,17.1,74.0,111.2,74.7,17.0,57.1,14.0,0.5,0.4,0.5,-28.9,21.2,99.4,35.0,17.0,61.5,14.0,0.5,0.4,0.5,6.6,46.9,76.2,43.3,16.0,31.0,14.0,0.4,0.4,0.5,-23.3,12.2,52.7,14.2,16.0,37.1,14.0,0.4,0.4,0.5,456.5,2836.0,5501.0,3433.0,18.0,3256.0,14.0,0.5,0.4,0.5,455.0,2835.0,5500.0,3435.0,18.0,3255.0,14.0,0.5,0.4,0.5
1974,2,165.0,34.0,13.66,16.5,16.95,15.57,9.0,2.18,16.0,0.7,0.4,0.5,11.43,13.5,14.57,13.12,10.0,1.79,14.0,0.7,0.4,0.5,5.28,7.16,8.07,6.9,10.0,1.31,14.0,0.7,0.4,0.5,67.8,75.5,79.9,73.1,10.0,8.3,14.0,0.7,0.5,6.87,10.3,12.55,10.14,11.0,3.94,12.0,0.7,0.4,0.5,-4.06,7.71,12.36,4.54,11.0,7.82,12.0,0.7,0.4,0.5,-7.73,-2.14,5.41,-0.38,11.0,6.67,12.0,0.7,0.4,0.5,1005.93,1010.7,1023.17,1013.4,10.0,8.3,14.0,0.7,0.4,0.5,3.0,5.5,7.6,5.3,10.0,2.2,12.0,0.7,0.5,0.5,-26.9,63.2,155.1,64.2,11.0,108.0,12.0,0.7,0.4,0.5,-78.0,-25.9,47.1,-15.0,11.0,81.3,12.0,0.7,0.4,0.5,-0.92,2.8,4.23,2.21,9.0,2.91,16.0,0.7,0.4,0.5,-6.8,20.6,54.0,23.9,9.0,33.3,16.0,0.7,0.4,0.5,3.26,4.57,4.93,3.98,9.0,1.59,16.0,0.7,0.4,0.5,25.3,37.4,58.3,39.6,9.0,21.1,16.0,0.7,0.4,0.5,-56.4,95.6,155.3,56.0,10.0,103.2,14.0,0.7,0.4,0.5,-89.4,-27.3,85.1,-0.7,10.0,90.2,14.0,0.7,0.4,0.5,-26.4,49.3,86.9,31.2,10.0,54.8,14.0,0.7,0.4,0.5,-42.1,-15.7,45.2,1.8,10.0,47.5,14.0,0.7,0.4,0.5,-19.2,27.6,53.5,18.8,9.0,33.7,16.0,0.7,0.4,0.5,-19.1,-9.8,16.1,-5.6,9.0,25.3,16.0,0.7,0.4,0.5,344.5,1092.5,1979.0,1497.5,11.0,1752.5,12.0,0.7,0.4,0.5,345.0,1095.0,1980.0,1500.0,11.0,1755.0,12.0,0.7,0.4,0.5
1974,2,165.0,35.0,12.49,13.5,15.6,13.91,7.0,1.46,10.0,0.9,0.4,0.5,10.13,13.2,14.89,12.88,8.0,2.59,10.0,0.8,0.4,0.4,5.45,6.57,9.42,7.16,7.0,2.08,10.0,0.9,0.4,0.5,71.0,74.0,87.8,76.1,7.0,8.8,10.0,0.9,0.5,9.7,14.65,15.4,13.7,8.0,3.06,10.0,0.8,0.4,0.4,1.98,10.56,15.3,8.27,8.0,8.68,10.0,0.8,0.4,0.4,-4.68,5.54,9.8,4.03,8.0,7.19,10.0,0.8,0.4,0.4,1001.67,1005.0,1009.27,1005.45,8.0,4.21,10.0,0.8,0.4,0.4,2.2,7.5,8.0,5.8,8.0,3.0,10.0,0.8,0.4,0.4,20.7,139.8,235.6,127.3,8.0,138.1,10.0,0.8,0.4,0.4,-72.1,65.8,122.8,43.4,8.0,102.9,10.0,0.8,0.4,0.4,-2.57,2.3,5.63,1.2,7.0,4.01,10.0,0.9,0.4,0.5,-38.2,23.3,95.7,20.6,7.0,62.0,10.0,0.9,0.4,0.5,-0.35,4.04,5.43,2.81,7.0,2.79,10.0,0.9,0.4,0.5,-5.2,37.6,87.7,40.4,7.0,45.2,10.0,0.9,0.4,0.5,27.2,117.5,172.1,96.8,8.0,104.7,10.0,0.8,0.4,0.4,-44.0,79.8,135.7,66.4,8.0,99.2,10.0,0.8,0.4,0.4,48.1,79.0,97.7,71.7,7.0,38.4,10.0,0.9,0.4,0.5,-29.0,42.0,64.2,33.0,7.0,61.9,10.0,0.9,0.4,0.5,-4.3,12.8,82.4,35.6,7.0,42.8,10.0,0.9,0.4,0.5,-30.0,-1.5,12.0,-4.9,7.0,24.6,10.0,0.9,0.4,0.5,953.0,3147.0,3652.5,2898.0,8.0,1658.5,10.0,0.8,0.4,0.4,955.0,3145.0,3650.0,2900.0,8.0,1660.0,10.0,0.8,0.4,0.4
1974,2,165.0,36.0,12.95,14.8,15.69,14.5,13.0,1.42,14.0,0.6,0.4,0.3,10.41,12.95,14.75,12.45,14.0,2.39,14.0,0.6,0.4,0.3,5.45,7.46,8.54,7.21,12.0,1.54,14.0,0.6,0.4,0.3,63.6,80.0,88.6,77.9,12.0,12.2,14.0,0.6,0.3,9.56,15.4,18.0,14.59,14.0,4.77,14.0,0.6,0.4,0.3,-6.47,8.98,16.73,6.95,14.0,10.67,14.0,0.6,0.4,0.3,0.0,3.04,11.36,4.19,14.0,8.21,14.0,0.6,0.4,0.3,1000.52,1005.2,1015.9,1007.96,14.0,9.69,14.0,0.6,0.4,0.3,3.7,5.0,8.0,5.4,12.0,2.2,14.0,0.5,0.4,0.3,-87.7,113.7,283.8,105.6,14.0,184.8,14.0,0.6,0.4,0.3,0.0,46.7,154.4,76.6,14.0,146.0,14.0,0.6,0.4,0.3,-1.0,0.5,4.76,2.02,13.0,3.31,14.0,0.6,0.4,0.3,-5.0,6.8,78.2,30.3,13.0,49.9,14.0,0.6,0.4,0.3,1.31,2.23,6.39,3.14,12.0,2.31,14.0,0.6,0.4,0.3,14.5,34.9,77.9,43.4,12.0,35.0,14.0,0.6,0.4,0.3,-80.3,83.7,225.1,85.4,14.0,143.3,14.0,0.6,0.4,0.3,0.0,43.7,143.2,57.3,14.0,90.0,14.0,0.6,0.4,0.3,-54.2,55.9,116.1,43.5,12.0,80.8,14.0,0.6,0.4,0.3,-4.2,9.9,68.9,27.7,12.0,61.6,14.0,0.6,0.4,0.3,-11.8,17.2,66.0,27.2,12.0,41.1,14.0,0.6,0.4,0.3,-5.9,1.5,18.5,-0.4,12.0,27.9,14.0,0.6,0.4,0.3,905.5,3652.5,5832.0,3945.0,14.0,2641.0,14.0,0.6,0.4,0.3,905.0,3650.0,5830.0,3945.0,14.0,2640.0,14.0,0.6,0.4,0.3
1974,2,165.0,37.0,12.0,13.5,14.52,13.28,4.0,1.66,12.0,0.5,0.6,0.1,7.95,9.0,10.64,9.34,5.0,2.14,14.0,0.4,0.5,0.2,4.89,5.82,6.57,5.68,5.0,1.08,14.0,0.4,0.5,0.2,66.8,79.9,89.0,77.9,5.0,13.8,14.0,0.4,0.2,6.7,9.3,14.08,9.98,5.0,4.28,14.0,0.4,0.5,0.2,5.67,8.08,10.65,8.13,5.0,3.59,14.0,0.4,0.5,0.2,-7.05,-1.42,3.86,-1.72,5.0,6.6,14.0,0.4,0.5,0.2,1004.77,1010.0,1017.67,1011.38,5.0,8.04,14.0,0.4,0.5,0.2,6.0,6.5,7.5,6.8,4.0,1.0,12.0,0.3,0.6,0.2,46.7,66.3,150.9,92.0,5.0,65.8,14.0,0.4,0.5,0.2,-100.0,-11.7,27.2,-34.0,5.0,82.4,14.0,0.4,0.5,0.2,2.8,4.75,6.81,4.8,4.0,2.64,12.0,0.5,0.6,0.1,31.1,61.6,71.3,51.7,4.0,30.8,12.0,0.5,0.6,0.1,2.5,3.96,5.66,4.07,4.0,1.84,12.0,0.5,0.6,0.1,23.2,40.7,64.3,43.6,4.0,30.4,12.0,0.5,0.6,0.1,46.7,83.3,98.4,74.3,5.0,31.8,14.0,0.4,0.5,0.2,-61.9,-10.0,43.7,-9.7,5.0,66.3,14.0,0.4,0.5,0.2,34.4,46.5,55.5,44.4,5.0,16.1,14.0,0.4,0.5,0.2,-38.8,-7.7,24.0,-9.1,5.0,42.3,14.0,0.4,0.5,0.2,15.6,33.5,61.4,38.2,4.0,30.4,12.0,0.5,0.6,0.1,-28.9,-18.0,-0.3,-14.8,4.0,17.3,12.0,0.5,0.6,0.1,375.0,804.5,2795.5,1419.0,5.0,1324.0,14.0,0.4,0.5,0.2,375.0,805.0,2795.0,1420.0,5.0,1325.0,14.0,0.4,0.5,0.2
1974,2,165.0,38.0,11.63,13.0,13.34,12.5,3.0,1.32,10.0,0.7,0.6,0.6,6.32,9.75,11.89,10.18,8.0,4.28,12.0,0.8,0.5,0.5,4.9,5.15,5.98,5.43,4.0,0.84,12.0,0.8,0.5,0.5,56.2,68.6,83.4,69.7,4.0,18.2,12.0,0.8,0.5,9.7,13.9,18.39,14.29,8.0,3.82,12.0,0.8,0.5,0.5,3.07,9.99,17.99,9.34,8.0,8.59,12.0,0.8,0.5,0.5,-13.01,-4.58,0.0,-5.35,8.0,6.46,12.0,0.8,0.5,0.5,1000.5,1001.0,1016.1,1005.87,7.0,7.95,12.0,0.7,0.5,0.5,2.0,5.0,5.1,4.4,7.0,2.1,10.0,0.7,0.4,0.5,38.8,150.1,326.1,155.4,8.0,146.3,12.0,0.8,0.5,0.5,-183.3,-42.6,0.0,-71.9,8.0,102.9,12.0,0.8,0.5,0.5,-3.28,1.5,5.94,1.33,3.0,6.75,10.0,0.7,0.6,0.6,-26.1,27.8,59.6,17.0,3.0,63.5,10.0,0.7,0.6,0.6,3.08,3.49,4.07,3.58,3.0,0.73,10.0,0.7,0.6,0.6,31.2,40.4,56.9,44.0,3.0,19.1,10.0,0.7,0.6,0.6,30.6,81.1,170.0,75.6,8.0,106.3,12.0,0.8,0.5,0.5,-131.8,-37.6,0.0,-56.4,8.0,73.2,12.0,0.8,0.5,0.5,-3.8,58.5,80.8,39.4,4.0,60.6,12.0,0.8,0.5,0.5,-28.5,-8.0,0.0,-14.0,4.0,18.8,12.0,0.8,0.5,0.5,-2.0,37.9,56.2,27.3,3.0,43.6,10.0,0.7,0.6,0.6,-16.2,-13.8,-4.4,-10.4,3.0,9.1,10.0,0.7,0.6,0.6,953.0,2685.5,6224.0,3459.5,8.0,2403.5,12.0,0.8,0.5,0.5,955.0,2685.0,6225.0,3460.0,8.0,2405.0,12.0,0.8,0.5,0.5
1974,2,165.0,39.0,10.79,11.05,11.6,11.1,6.0,0.66,14.0,0.7,0.4,0.3,5.48,6.75,9.73,8.03,6.0,4.06,14.0,0.7,0.4,0.3,3.35,4.88,6.7,5.24,6.0,2.28,14.0,0.7,0.4,0.3,59.2,77.0,88.3,74.7,6.0,16.2,14.0,0.7,0.3,12.97,13.9,14.83,13.9,6.0,1.7,14.0,0.7,0.4,0.3,8.15,12.89,14.63,10.99,6.0,5.73,14.0,0.7,0.4,0.3,-7.1,-2.82,4.32,-1.19,6.0,7.43,14.0,0.7,0.4,0.3,1000.43,1003.55,1019.51,1008.37,6.0,11.88,14.0,0.7,0.4,0.3,3.8,5.5,6.2,5.2,6.0,1.5,14.0,0.7,0.4,0.3,109.1,179.9,217.4,160.1,6.0,88.9,14.0,0.7,0.4,0.3,-97.7,-44.9,54.9,-22.4,6.0,94.5,14.0,0.7,0.4,0.3,1.87,3.75,5.6,3.07,6.0,3.62,14.0,0.7,0.4,0.3,29.5,52.1,78.9,46.8,6.0,48.9,14.0,0.7,0.4,0.3,1.6,3.49,4.64,2.99,6.0,2.05,14.0,0.7,0.4,0.3,23.4,50.0,65.1,43.3,6.0,29.0,14.0,0.7,0.4,0.3,45.6,74.7,106.2,71.2,6.0,41.0,14.0,0.7,0.4,0.3,-42.9,-14.1,51.8,13.5,6.0,85.8,14.0,0.7,0.4,0.3,27.9,48.2,84.4,50.2,6.0,33.2,14.0,0.7,0.4,0.3,-23.7,-10.3,33.4,7.7,6.0,49.7,14.0,0.7,0.4,0.3,24.4,43.3,56.5,39.7,6.0,23.2,14.0,0.7,0.4,0.3,-33.0,-15.6,1.1,-16.2,6.0,18.5,14.0,0.7,0.4,0.3,2207.0,2696.0,3297.0,2786.5,6.0,1008.5,14.0,0.7,0.4,0.3,2205.0,2695.0,3295.0,2785.0,6.0,1010.0,14.0,0.7,0.4,0.3
1974,2,165.0,40.0,10.22,12.1,13.8,12.14,8.0,1.54,16.0,0.9,0.5,0.5,5.22,7.65,13.87,9.18,8.0,3.97,16.0,0.9,0.5,0.5,4.48,5.16,8.46,6.09,8.0,2.07,16.0,0.9,0.5,0.5,76.9,80.5,87.5,81.2,8.0,11.0,16.0,0.9,0.5,8.26,12.9,14.68,12.48,8.0,4.34,16.0,0.9,0.5,0.5,0.33,6.84,11.1,5.45,8.0,6.99,16.0,0.9,0.5,0.5,-10.86,-1.4,8.06,-1.35,8.0,10.58,16.0,0.9,0.5,0.5,993.58,1003.0,1021.23,1006.44,8.0,14.2,16.0,0.9,0.5,0.5,7.0,7.0,7.0,7.0,8.0,0.5,16.0,0.9,0.5,0.5,2.9,88.2,163.9,84.0,8.0,98.3,16.0,0.9,0.5,0.5,-160.4,-11.5,69.7,-45.8,8.0,170.9,16.0,0.9,0.5,0.5,-0.18,3.45,6.78,2.96,8.0,3.83,16.0,0.9,0.5,0.5,-1.5,36.6,112.3,44.6,8.0,62.8,16.0,0.9,0.5,0.5,0.24,2.78,4.9,2.77,8.0,2.33,16.0,0.9,0.5,0.5,1.9,28.7,72.1,40.4,8.0,45.4,16.0,0.9,0.5,0.5,4.0,52.8,85.7,45.1,8.0,45.6,16.0,0.9,0.5,0.5,-56.3,-7.0,99.9,17.8,8.0,104.8,16.0,0.9,0.5,0.5,2.8,36.0,55.2,28.6,8.0,33.0,16.0,0.9,0.5,0.5,-48.9,-6.5,68.3,9.5,8.0,65.6,16.0,0.9,0.5,0.5,0.0,20.6,47.6,21.8,8.0,30.2,16.0,0.9,0.5,0.5,-53.8,-8.1,0.0,-24.7,8.0,42.2,16.0,0.9,0.5,0.5,563.0,2146.5,3179.0,2613.0,8.0,2914.0,16.0,0.9,0.5,0.5,565.0,2145.0,3180.0,2615.0,8.0,2915.0,16.0,0.9,0.5,0.5
1974,2,165.0,41.0,10.0,11.9,13.0,11.58,5.0,1.51,16.0,0.8,0.6,0.4,5.45,7.7,10.1,7.84,5.0,2.88,16.0,0.8,0.6,0.4,4.79,5.08,6.93,5.78,5.0,1.42,16.0,0.8,0.6,0.4,78.7,92.6,94.2,86.5,5.0,12.9,16.0,0.8,0.4,6.97,7.7,15.4,10.38,5.0,4.65,16.0,0.8,0.6,0.4,-1.94,4.94,8.5,3.05,5.0,7.74,16.0,0.8,0.6,0.4,-4.31,2.85,8.9,2.02,5.0,8.92,16.0,0.8,0.6,0.4,1000.09,1001.3,1010.26,1005.26,5.0,9.52,16.0,0.8,0.6,0.4,5.6,8.0,8.0,7.0,5.0,1.4,16.0,0.8,0.6,0.4,-42.8,28.1,93.3,21.5,5.0,110.5,16.0,0.8,0.6,0.4,-66.3,16.2,101.7,14.4,5.0,130.7,16.0,0.8,0.6,0.4,0.73,4.0,7.15,3.74,5.0,3.84,16.0,0.8,0.6,0.4,16.9,42.2,56.7,35.5,5.0,30.2,16.0,0.8,0.6,0.4,0.71,3.87,4.47,2.77,5.0,2.25,16.0,0.8,0.6,0.4,12.4,22.0,47.9,29.3,5.0,28.3,16.0,0.8,0.6,0.4,-13.7,31.6,61.9,22.6,5.0,60.9,16.0,0.8,0.6,0.4,-38.8,12.8,88.3,16.9,5.0,80.3,16.0,0.8,0.6,0.4,-9.2,24.2,41.5,13.6,5.0,43.5,16.0,0.8,0.6,0.4,-19.9,13.9,64.1,18.4,5.0,50.8,16.0,0.8,0.6,0.4,-6.0,19.1,38.3,16.8,5.0,24.9,16.0,0.8,0.6,0.4,-23.0,0.0,13.1,-6.5,5.0,29.1,16.0,0.8,0.6,0.4,357.5,456.5,3652.5,1680.5,5.0,1803.5,16.0,0.8,0.6,0.4,355.0,455.0,3650.0,1680.0,5.0,1805.0,16.0,0.8,0.6,0.4
1974,2,165.0,42.0,2.9,7.0,8.02,5.5,3.0,3.97,16.0,0.3,0.6,0.2,4.06,4.2,5.43,4.73,3.0,1.1,16.0,0.3,0.6,0.2,3.94,4.33,4.42,4.18,3.0,0.37,16.0,0.3,0.6,0.2,73.5,75.5,82.0,77.7,3.0,6.5,16.0,0.3,0.2,9.62,10.3,19.04,14.23,3.0,7.7,16.0,0.3,0.6,0.2,8.33,8.92,10.72,9.51,3.0,1.82,16.0,0.3,0.6,0.2,-15.13,-4.65,2.04,-6.5,3.0,12.68,16.0,0.3,0.6,0.2,993.07,997.1,999.28,996.2,3.0,4.62,16.0,0.3,0.6,0.2,4.0,6.0,6.0,5.0,3.0,1.7,16.0,0.3,0.6,0.2,80.3,91.9,211.3,144.5,3.0,106.2,16.0,0.3,0.6,0.2,-329.2,-43.2,22.5,-150.8,3.0,273.9,16.0,0.3,0.6,0.2,-2.46,3.0,3.89,0.77,3.0,5.04,16.0,0.3,0.6,0.2,-22.5,40.0,60.0,19.3,3.0,63.0,16.0,0.3,0.6,0.2,0.41,1.95,2.82,1.62,3.0,1.79,16.0,0.3,0.6,0.2,7.3,30.0,40.3,24.0,3.0,24.7,16.0,0.3,0.6,0.2,37.8,46.2,51.2,44.5,3.0,10.0,16.0,0.3,0.6,0.2,-60.8,-19.5,14.9,-22.9,3.0,55.5,16.0,0.3,0.6,0.2,33.3,39.8,46.7,40.0,3.0,9.9,16.0,0.3,0.6,0.2,-64.6,-17.5,10.1,-27.0,3.0,55.4,16.0,0.3,0.6,0.2,5.3,22.6,24.9,15.3,3.0,15.7,16.0,0.3,0.6,0.2,-31.4,-15.0,-5.8,-18.5,3.0,19.0,16.0,0.3,0.6,0.2,896.0,1092.5,8761.0,4741.0,3.0,6570.5,16.0,0.3,0.6,0.2,895.0,1095.0,8760.0,4740.0,3.0,6570.0,16.0,0.3,0.6,0.2
1974,2,165.0,43.0,6.0,6.55,7.21,6.68,6.0,0.8,12.0,0.7,0.5,0.5,3.06,4.25,6.09,4.66,8.0,2.37,14.0,0.6,0.5,0.4,3.36,4.42,4.76,4.33,7.0,1.13,14.0,0.7,0.5,0.4,74.6,82.8,88.0,79.1,7.0,11.6,14.0,0.7,0.4,8.13,10.3,15.43,11.33,7.0,3.63,12.0,0.6,0.6,0.5,-1.67,7.7,8.69,5.25,7.0,5.22,12.0,0.6,0.6,0.5,-7.97,0.0,10.36,0.57,7.0,10.15,12.0,0.6,0.6,0.5,988.08,999.8,1013.34,1000.9,7.0,13.69,14.0,0.7,0.5,0.4,5.1,6.5,7.9,5.9,8.0,2.6,14.0,0.6,0.5,0.4,-15.4,81.3,120.8,69.5,7.0,70.7,12.0,0.6,0.6,0.5,-74.8,0.0,140.4,11.7,7.0,138.1,12.0,0.6,0.6,0.5,0.0,2.5,5.17,2.63,6.0,2.51,12.0,0.7,0.5,0.5,14.7,33.5,57.4,34.5,5.0,24.6,10.0,0.6,0.6,0.5,1.32,1.79,3.05,2.15,6.0,1.13,12.0,0.7,0.5,0.5,17.9,27.5,30.6,25.1,5.0,7.2,10.0,0.6,0.6,0.5,-11.4,20.1,36.8,18.1,7.0,25.1,12.0,0.6,0.6,0.5,-32.2,0.0,63.6,12.7,7.0,51.7,12.0,0.6,0.6,0.5,12.0,31.5,40.7,25.7,6.0,19.9,14.0,0.7,0.5,0.5,-30.8,23.8,52.9,11.9,6.0,48.6,14.0,0.7,0.5,0.5,10.6,21.9,24.0,18.3,5.0,7.9,10.0,0.6,0.6,0.5,-16.0,0.0,18.5,1.4,5.0,18.9,10.0,0.6,0.6,0.5,539.5,1092.5,3673.5,1843.5,7.0,1547.0,12.0,0.6,0.6,0.5,540.0,1095.0,3675.0,1845.0,7.0,1545.0,12.0,0.6,0.6,0.5
1974,2,165.0,44.0,5.0,6.0,8.0,6.41,10.0,1.61,18.0,0.5,0.4,0.5,3.29,4.0,8.71,5.31,11.0,3.01,18.0,0.5,0.4,0.5,3.71,4.37,5.82,4.58,11.0,1.01,18.0,0.5,0.4,0.5,76.0,84.2,89.5,81.9,11.0,10.9,18.0,0.5,0.5,4.1,13.9,19.77,12.75,11.0,7.02,18.0,0.5,0.4,0.5,0.0,2.76,6.15,3.92,11.0,4.54,18.0,0.5,0.4,0.5,-16.61,-3.85,12.85,-3.92,11.0,13.18,18.0,0.5,0.4,0.5,999.5,1011.6,1019.71,1009.08,11.0,10.62,18.0,0.5,0.4,0.5,3.8,6.0,7.7,5.9,9.0,1.8,18.0,0.3,0.5,0.6,0.0,36.0,84.5,53.8,11.0,77.9,18.0,0.5,0.4,0.5,-310.3,-15.8,182.6,-80.8,11.0,256.5,18.0,0.5,0.4,0.5,-3.17,2.25,4.0,0.87,10.0,3.85,18.0,0.5,0.4,0.5,-45.0,9.2,82.6,13.3,10.0,55.3,18.0,0.5,0.4,0.5,-0.2,1.6,2.36,1.37,10.0,1.45,18.0,0.5,0.4,0.5,-4.0,9.2,46.4,16.6,10.0,24.2,18.0,0.5,0.4,0.5,0.0,13.2,51.2,20.3,11.0,23.3,18.0,0.5,0.4,0.5,-79.1,-13.5,103.4,-0.2,11.0,78.2,18.0,0.5,0.4,0.5,0.0,14.8,35.5,17.5,11.0,18.0,18.0,0.5,0.4,0.5,-69.3,-16.0,78.3,-9.6,11.0,65.8,18.0,0.5,0.4,0.5,-2.4,1.5,8.3,4.4,10.0,10.9,18.0,0.5,0.4,0.5,-38.4,-9.3,-5.8,-16.9,10.0,20.9,18.0,0.5,0.4,0.5,69.0,2685.5,8171.0,3802.0,11.0,4492.5,18.0,0.5,0.4,0.5,70.0,2685.0,8170.0,3800.0,11.0,4490.0,18.0,0.5,0.4,0.5
1974,2,165.0,45.0,2.17,4.0,6.24,4.18,11.0,2.68,18.0,0.5,0.5,0.5,2.9,4.0,5.11,4.09,13.0,1.69,18.0,0.5,0.5,0.5,3.58,4.36,4.85,4.25,11.0,0.61,18.0,0.5,0.6,0.5,77.4,85.6,91.0,84.8,11.0,8.7,18.0,0.5,0.5,5.5,10.3,16.5,10.62,13.0,5.18,18.0,0.5,0.5,0.5,-11.67,2.87,8.69,0.68,13.0,8.23,18.0,0.5,0.5,0.5,-4.87,3.38,10.61,2.61,13.0,8.56,18.0,0.5,0.5,0.5,993.85,1010.2,1013.61,1003.9,13.0,11.41,18.0,0.5,0.5,0.5,3.4,4.5,6.0,4.7,10.0,1.7,14.0,0.5,0.5,0.5,-208.3,20.9,79.6,-11.4,13.0,120.1,18.0,0.5,0.5,0.5,-32.0,13.1,175.0,36.2,13.0,131.1,18.0,0.5,0.5,0.5,-2.83,-0.9,3.17,0.07,11.0,2.96,18.0,0.5,0.5,0.5,-27.2,-7.8,39.6,2.4,11.0,37.3,18.0,0.5,0.5,0.5,-0.2,1.63,1.86,0.95,9.0,1.09,18.0,0.4,0.5,0.5,-1.1,5.8,26.0,10.6,9.0,14.9,18.0,0.4,0.5,0.5,-47.3,5.6,33.3,-0.7,13.0,33.0,18.0,0.5,0.5,0.5,-13.3,12.1,49.1,18.8,13.0,39.8,18.0,0.5,0.5,0.5,-57.5,13.6,27.4,-2.6,11.0,38.2,18.0,0.5,0.6,0.5,-26.5,13.3,48.3,10.5,11.0,43.6,18.0,0.5,0.6,0.5,-5.1,0.0,6.3,-0.4,9.0,8.6,18.0,0.4,0.5,0.5,-13.3,0.0,4.3,-0.5,9.0,16.5,18.0,0.4,0.5,0.5,172.0,1092.5,4492.0,1990.0,13.0,2088.5,18.0,0.5,0.5,0.5,170.0,1095.0,4490.0,1990.0,13.0,2090.0,18.0,0.5,0.5,0.5
1974,2,165.0,46.0,2.63,4.0,5.0,4.0,9.0,1.3,16.0,0.1,0.3,0.4,0.13,1.5,2.0,1.39,9.0,1.02,16.0,0.1,0.3,0.4,3.08,3.45,3.8,3.43,9.0,0.39,16.0,0.1,0.3,0.4,70.7,83.5,90.6,82.1,9.0,10.7,16.0,0.1,0.4,4.21,8.7,11.77,8.06,9.0,3.59,16.0,0.1,0.3,0.4,-0.98,0.0,7.33,2.17,9.0,4.42,16.0,0.1,0.3,0.4,-7.19,0.0,7.57,0.91,9.0,7.75,16.0,0.1,0.3,0.4,1005.0,1012.5,1015.65,1011.09,9.0,8.2,16.0,0.1,0.3,0.4,4.3,7.0,8.0,6.3,9.0,2.2,16.0,0.1,0.3,0.4,-7.5,0.0,61.0,20.0,9.0,44.9,16.0,0.1,0.3,0.4,-60.1,0.0,63.6,10.9,9.0,85.3,16.0,0.1,0.3,0.4,1.27,2.5,3.87,2.61,9.0,1.95,16.0,0.1,0.3,0.4,8.0,21.6,30.8,18.3,9.0,13.9,16.0,0.1,0.3,0.4,1.1,1.37,2.24,1.63,9.0,0.69,16.0,0.1,0.3,0.4,7.9,11.3,17.5,12.4,9.0,6.4,16.0,0.1,0.3,0.4,-1.5,0.0,13.2,4.2,9.0,9.8,16.0,0.1,0.3,0.4,-4.8,0.0,14.5,4.6,9.0,12.6,16.0,0.1,0.3,0.4,-3.7,0.0,23.5,6.4,9.0,14.7,16.0,0.1,0.3,0.4,-26.1,0.0,28.7,3.7,9.0,27.9,16.0,0.1,0.3,0.4,-1.6,0.0,13.7,4.6,9.0,7.6,16.0,0.1,0.3,0.4,-9.8,0.0,10.8,0.3,9.0,11.5,16.0,0.1,0.3,0.4,122.5,658.5,1745.5,794.0,9.0,805.5,16.0,0.1,0.3,0.4,120.0,660.0,1745.0,795.0,9.0,805.0,16.0,0.1,0.3,0.4
1974,2,165.0,47.0,2.0,3.5,4.21,3.21,11.0,1.14,16.0,0.5,0.4,0.4,-0.25,1.85,3.88,1.98,12.0,2.13,16.0,0.4,0.4,0.4,2.88,3.32,3.82,3.43,9.0,0.67,16.0,0.4,0.5,0.5,67.6,74.8,97.2,78.2,9.0,15.3,16.0,0.4,0.5,4.6,7.7,11.33,8.57,12.0,5.32,16.0,0.4,0.4,0.4,-2.46,2.35,7.55,1.5,12.0,7.08,16.0,0.4,0.4,0.4,-4.52,2.48,7.02,1.23,12.0,7.36,16.0,0.4,0.4,0.4,1001.32,1009.5,1016.27,1008.83,12.0,9.74,16.0,0.4,0.4,0.4,6.0,7.0,8.0,6.8,9.0,1.6,14.0,0.4,0.4,0.4,-14.0,12.4,65.7,-4.6,12.0,126.9,16.0,0.4,0.4,0.4,-28.7,11.0,60.6,-1.0,12.0,116.3,16.0,0.4,0.4,0.4,-1.15,1.0,4.21,1.15,11.0,2.89,16.0,0.5,0.4,0.4,-16.5,8.4,19.0,1.5,11.0,23.5,16.0,0.5,0.4,0.4,1.08,1.45,1.75,1.42,9.0,0.61,16.0,0.4,0.5,0.5,6.1,9.7,12.9,9.8,9.0,4.2,16.0,0.4,0.5,0.5,-2.7,2.8,24.8,8.7,12.0,16.3,16.0,0.4,0.4,0.4,-5.4,5.4,20.8,10.3,12.0,22.4,16.0,0.4,0.4,0.4,-5.6,7.4,28.2,11.6,9.0,17.0,16.0,0.4,0.5,0.5,-12.9,17.2,20.8,5.2,9.0,17.7,16.0,0.4,0.5,0.5,-2.4,2.7,8.7,3.5,9.0,5.8,16.0,0.4,0.5,0.5,-4.3,5.7,10.4,2.5,9.0,8.4,16.0,0.4,0.5,0.5,97.5,456.5,1485.5,1497.0,12.0,3221.5,16.0,0.4,0.4,0.4,95.0,455.0,1485.0,1495.0,12.0,3220.0,16.0,0.4,0.4,0.4
1974,2,165.0,48.0,2.5,2.75,4.0,3.25,10.0,1.14,10.0,0.2,0.5,0.4,1.0,1.9,2.57,1.78,10.0,0.95,10.0,0.2,0.5,0.4,3.48,3.76,3.82,3.65,3.0,0.27,10.0,0.3,0.2,0.6,79.0,82.8,85.4,82.2,3.0,4.7,10.0,0.3,0.6,7.31,15.9,29.26,17.26,9.0,10.21,12.0,0.2,0.4,0.4,-28.82,-12.18,-5.15,-14.71,9.0,12.28,12.0,0.2,0.4,0.4,-7.91,0.0,5.08,-0.2,9.0,6.71,12.0,0.2,0.4,0.4,987.11,1007.65,1012.34,1001.49,10.0,13.36,10.0,0.2,0.5,0.4,6.6,7.0,7.0,6.8,5.0,0.4,12.0,0.2,0.3,0.5,-844.0,-193.7,-42.4,-363.8,9.0,380.0,12.0,0.2,0.4,0.4,-91.9,0.0,148.8,19.9,9.0,118.0,12.0,0.2,0.4,0.4,0.5,1.25,2.29,1.47,10.0,1.5,10.0,0.2,0.5,0.4,10.4,13.9,23.0,16.9,9.0,13.5,12.0,0.2,0.4,0.4,1.05,1.28,2.05,1.54,3.0,0.77,10.0,0.3,0.2,0.6,8.5,9.7,9.8,9.2,3.0,1.1,10.0,0.3,0.2,0.6,-49.8,-18.0,-12.2,-25.9,9.0,20.0,12.0,0.2,0.4,0.4,-20.9,0.0,9.6,-3.3,9.0,15.7,12.0,0.2,0.4,0.4,-22.4,-19.4,1.0,-10.9,3.0,18.7,10.0,0.3,0.2,0.6,-25.7,-8.8,-2.8,-14.1,3.0,17.4,10.0,0.3,0.2,0.6,-6.9,-4.8,3.6,-1.7,3.0,8.2,10.0,0.3,0.2,0.6,-7.7,-6.4,-2.0,-4.9,3.0,4.4,10.0,0.3,0.2,0.6,468.5,4019.5,25121.5,10035.5,9.0,11525.5,12.0,0.2,0.4,0.4,470.0,4020.0,25120.0,10035.0,9.0,11525.0,12.0,0.2,0.4,0.4
1974,2,165.0,49.0,2.82,3.0,3.0,2.85,8.0,0.83,16.0,0.5,0.4,0.4,0.11,2.0,3.8,2.05,8.0,1.9,16.0,0.5,0.4,0.4,3.23,3.72,4.25,3.78,7.0,0.72,18.0,0.6,0.3,0.3,73.1,83.4,92.2,82.7,7.0,11.1,18.0,0.6,0.3,7.97,12.3,13.27,10.91,9.0,3.76,16.0,0.6,0.4,0.4,-9.4,-1.99,8.63,-0.14,9.0,9.41,16.0,0.6,0.4,0.4,-0.92,4.35,7.28,3.13,9.0,6.96,16.0,0.6,0.4,0.4,982.68,1007.0,1010.1,1001.0,9.0,15.12,16.0,0.6,0.4,0.4,6.9,8.0,8.0,7.3,7.0,1.5,16.0,0.7,0.4,0.5,-121.8,-6.2,95.6,-13.2,9.0,120.6,16.0,0.6,0.4,0.4,-17.2,37.8,87.8,35.0,9.0,91.2,16.0,0.6,0.4,0.4,-1.0,0.0,3.02,0.7,7.0,1.84,16.0,0.4,0.4,0.3,-8.7,0.0,10.3,3.5,7.0,14.3,16.0,0.4,0.4,0.3,0.28,0.74,1.55,0.88,6.0,0.75,16.0,0.5,0.3,0.2,3.8,7.1,17.0,8.9,6.0,7.0,16.0,0.5,0.3,0.2,-22.0,-1.9,25.1,0.3,8.0,21.6,16.0,0.5,0.4,0.4,-1.9,10.1,22.0,14.6,8.0,21.7,16.0,0.5,0.4,0.4,-47.5,20.2,30.1,-1.9,7.0,41.1,18.0,0.6,0.3,0.3,10.8,22.2,28.7,22.0,7.0,20.9,18.0,0.6,0.3,0.3,-2.5,3.1,13.4,4.5,6.0,8.5,16.0,0.5,0.3,0.2,2.8,4.0,9.3,5.2,6.0,3.9,16.0,0.5,0.3,0.2,511.0,1861.0,2336.0,1666.5,9.0,1126.5,16.0,0.6,0.4,0.4,510.0,1860.0,2335.0,1665.0,9.0,1125.0,16.0,0.6,0.4,0.4
1974,2,165.0,50.0,2.56,3.0,4.89,3.19,8.0,1.6,12.0,0.1,0.4,0.4,1.5,2.0,4.23,2.72,9.0,1.44,12.0,0.2,0.5,0.4,3.5,4.15,4.21,3.86,7.0,0.51,14.0,0.1,0.4,0.4,77.8,83.4,90.0,83.6,7.0,6.2,14.0,0.1,0.4,3.1,6.7,13.16,8.3,9.0,6.88,12.0,0.2,0.5,0.4,-5.77,-2.91,3.31,-2.49,9.0,8.95,12.0,0.2,0.5,0.4,-4.37,0.0,7.36,0.81,9.0,6.08,12.0,0.2,0.5,0.4,985.99,1001.0,1012.92,1000.74,9.0,13.62,12.0,0.2,0.5,0.4,3.0,5.0,7.0,5.0,7.0,1.7,12.0,0.1,0.5,0.4,-51.2,-9.0,11.5,-50.1,9.0,181.6,12.0,0.2,0.5,0.4,-36.4,0.0,107.8,24.0,9.0,85.5,12.0,0.2,0.5,0.4,-1.39,-0.25,2.44,0.38,8.0,1.89,12.0,0.1,0.4,0.4,-10.7,-0.8,23.7,6.9,8.0,19.7,12.0,0.1,0.4,0.4,0.32,0.57,1.53,0.9,7.0,0.62,14.0,0.1,0.4,0.4,1.0,13.3,15.2,9.8,7.0,8.0,14.0,0.1,0.4,0.4,-13.8,-5.0,14.0,-7.9,9.0,28.5,12.0,0.2,0.5,0.4,-5.1,0.0,24.1,6.0,9.0,14.8,12.0,0.2,0.5,0.4,-23.3,-12.9,-4.0,-15.8,7.0,39.9,14.0,0.1,0.4,0.4,-17.5,-3.7,33.3,5.5,7.0,26.8,14.0,0.1,0.4,0.4,-11.2,-1.6,0.3,-2.3,7.0,9.4,14.0,0.1,0.4,0.4,-9.6,-0.3,5.0,-0.5,7.0,9.0,14.0,0.1,0.4,0.4,30.0,301.0,2434.5,1943.0,9.0,4066.0,12.0,0.2,0.5,0.4,30.0,300.0,2435.0,1945.0,9.0,4065.0,12.0,0.2,0.5,0.4
1974,2,165.0,51.0,0.9,4.0,4.14,3.13,7.0,2.57,16.0,0.4,0.7,0.4,0.11,1.6,5.61,2.4,8.0,2.52,18.0,0.5,0.6,0.4,3.14,3.63,4.2,3.75,6.0,0.95,18.0,0.3,0.6,0.5,66.0,89.1,94.7,82.5,6.0,17.4,18.0,0.3,0.5,6.2,7.95,14.83,9.19,8.0,4.43,18.0,0.5,0.6,0.4,-7.62,-0.59,4.6,-1.34,8.0,8.29,18.0,0.5,0.6,0.4,-3.54,0.62,6.09,1.97,8.0,6.39,18.0,0.5,0.6,0.4,999.82,1010.7,1014.26,1008.7,8.0,8.85,18.0,0.5,0.6,0.4,5.6,7.0,8.0,6.8,5.0,1.3,12.0,0.6,0.7,0.3,-62.2,-6.3,39.9,-23.1,8.0,106.6,18.0,0.5,0.6,0.4,-22.0,2.2,46.9,30.9,8.0,85.5,18.0,0.5,0.6,0.4,-1.56,2.5,3.05,1.24,7.0,2.57,16.0,0.4,0.7,0.4,-6.2,18.6,41.5,14.9,7.0,24.8,16.0,0.4,0.7,0.4,1.21,1.52,2.42,1.8,5.0,0.76,16.0,0.2,0.7,0.5,9.5,12.8,23.9,16.7,5.0,9.9,16.0,0.2,0.7,0.5,-11.5,0.0,8.0,-1.9,8.0,13.0,18.0,0.5,0.6,0.4,-3.5,1.1,10.4,9.1,8.0,35.3,18.0,0.5,0.6,0.4,-33.4,0.8,21.2,-2.7,6.0,31.0,18.0,0.3,0.6,0.5,-14.3,0.0,21.5,9.8,6.0,36.8,18.0,0.3,0.6,0.5,-19.7,-9.5,9.2,-6.9,5.0,18.1,16.0,0.2,0.7,0.5,-9.1,0.0,0.6,-3.7,5.0,6.6,16.0,0.2,0.7,0.5,238.5,504.0,3368.5,1287.0,8.0,1606.5,18.0,0.5,0.6,0.4,240.0,505.0,3370.0,1285.0,8.0,1605.0,18.0,0.5,0.6,0.4
1974,2,165.0,52.0,0.89,1.4,2.68,1.66,5.0,1.16,18.0,0.0,0.2,0.8,-2.31,1.5,1.5,-0.04,5.0,2.11,18.0,0.0,0.2,0.8,3.62,3.62,3.62,3.62,1.0,0.0,12.0,0.0,0.5,0.8,83.4,83.4,83.4,83.4,1.0,0.0,12.0,0.0,0.8,10.78,11.8,18.15,14.4,3.0,5.85,20.0,0.0,0.3,0.8,-14.3,-10.3,3.71,-5.41,3.0,13.85,20.0,0.0,0.3,0.8,1.87,5.9,11.13,6.49,3.0,6.8,20.0,0.0,0.3,0.8,998.44,1007.9,1027.9,1011.06,5.0,19.43,18.0,0.0,0.2,0.8,7.2,7.5,7.8,7.5,2.0,0.7,18.0,0.0,0.0,0.7,-266.5,-106.1,48.6,-108.9,3.0,230.8,20.0,0.0,0.3,0.8,22.1,69.6,217.4,118.6,3.0,149.2,20.0,0.0,0.3,0.8,-0.1,1.5,3.3,1.7,5.0,2.01,18.0,0.0,0.2,0.8,3.5,15.5,25.0,14.3,3.0,15.8,20.0,0.0,0.3,0.8,1.21,1.21,1.21,1.21,1.0,0.0,12.0,0.0,0.5,0.8,12.5,12.5,12.5,12.5,1.0,0.0,12.0,0.0,0.5,0.8,-25.1,-24.2,-18.2,-21.7,3.0,5.5,20.0,0.0,0.3,0.8,-10.1,0.0,13.9,1.9,3.0,17.6,20.0,0.0,0.3,0.8,-37.3,-37.3,-37.3,-37.3,1.0,0.0,12.0,0.0,0.5,0.8,0.0,0.0,0.0,0.0,1.0,0.0,12.0,0.0,0.5,0.8,-12.5,-12.5,-12.5,-12.5,1.0,0.0,12.0,0.0,0.5,0.8,0.0,0.0,0.0,0.0,1.0,0.0,12.0,0.0,0.5,0.8,1267.5,1643.0,6934.0,4043.0,3.0,4642.0,20.0,0.0,0.3,0.8,1265.0,1645.0,6935.0,4045.0,3.0,4640.0,20.0,0.0,0.3,0.8
1974,2,165.0,53.0,,,,,,,,,,,,,,,,,,,,,,,,,,,,,,,,,,,,,,,,2.54,5.1,10.52,6.4,5.0,5.55,16.0,0.4,0.5,0.5,-8.06,-4.79,1.27,-3.77,5.0,5.74,16.0,0.4,0.5,0.5,-1.84,0.0,6.76,2.2,5.0,5.03,16.0,0.4,0.5,0.5,994.73,1013.3,1016.66,1006.8,5.0,14.17,16.0,0.4,0.5,0.5,,,,,,,,,,,,,,,,,,,,,,,,,,,,,,,,,,,,,,,,,,,,,,,,,,,,,,,,,,,,,,,,,,,,,,,,,,,,,,,,,,,,,,,,,,,,,,,,,,,,,,,,,,,,,,,,,,,,,,,,,,,,,,,,,,,,,,,,,,,,,,,,,,,,,,
1974,2,165.0,54.0,,,,,,,,,,,,,,,,,,,,,,,,,,,,,,,,,,,,,,,,11.13,11.85,12.57,11.85,2.0,1.48,12.0,0.0,0.4,0.5,-10.65,-10.34,-10.03,-10.34,2.0,0.65,12.0,0.0,0.4,0.5,-6.98,-4.15,-1.32,-4.15,2.0,5.86,12.0,0.0,0.4,0.5,1011.91,1012.15,1012.39,1012.15,2.0,0.5,12.0,0.0,0.4,0.5,,,,,,,,,,,,,,,,,,,,,,,,,,,,,,,,,,,,,,,,,,,,,,,,,,,,,,,,,,,,,,,,,,,,,,,,,,,,,,,,,,,,,,,,,,,,,,,,,,,,,,,,,,,,,,,,,,,,,,,,,,,,,,,,,,,,,,,,,,,,,,,,,,,,,,
1974,2,165.0,55.0,,,,,,,,,,,,,,,,,,,,,,,,,,,,,,,,,,,,,,,,6.81,10.5,14.19,10.5,2.0,7.64,14.0,1.0,0.7,0.3,5.22,8.04,10.87,8.04,2.0,5.85,14.0,1.0,0.7,0.3,-1.14,3.47,8.08,3.47,2.0,9.54,14.0,1.0,0.7,0.3,1006.03,1007.6,1009.17,1007.6,2.0,3.25,14.0,1.0,0.7,0.3,,,,,,,,,,,,,,,,,,,,,,,,,,,,,,,,,,,,,,,,,,,,,,,,,,,,,,,,,,,,,,,,,,,,,,,,,,,,,,,,,,,,,,,,,,,,,,,,,,,,,,,,,,,,,,,,,,,,,,,,,,,,,,,,,,,,,,,,,,,,,,,,,,,,,,
1974,2,165.0,56.0,,,,,,,,,,,,,,,,,,,,,,,,,,,,,,,,,,,,,,,,8.2,8.2,10.09,9.1,4.0,1.8,12.0,0.5,0.6,0.1,-8.64,-6.15,-1.95,-5.33,4.0,4.16,12.0,0.5,0.6,0.1,-7.68,-3.55,3.97,-1.93,4.0,7.31,12.0,0.5,0.6,0.1,1018.76,1023.25,1024.71,1021.8,4.0,4.76,12.0,0.5,0.6,0.1,,,,,,,,,,,,,,,,,,,,,,,,,,,,,,,,,,,,,,,,,,,,,,,,,,,,,,,,,,,,,,,,,,,,,,,,,,,,,,,,,,,,,,,,,,,,,,,,,,,,,,,,,,,,,,,,,,,,,,,,,,,,,,,,,,,,,,,,,,,,,,,,,,,,,,
1974,2,166.0,-78.0,-0.09,0.15,0.68,0.26,8.0,0.53,8.0,1.0,0.4,0.5,-6.8,-5.2,-3.33,-5.05,8.0,1.78,8.0,1.0,0.4,0.5,1.89,2.16,2.87,2.28,6.0,0.54,6.0,1.0,0.5,0.4,72.6,83.2,92.8,82.5,8.0,9.1,8.0,1.0,0.5,1.23,4.9,7.14,4.83,8.0,3.53,8.0,1.0,0.4,0.5,-5.89,-1.81,0.0,-2.62,8.0,3.53,8.0,1.0,0.4,0.5,-1.77,1.74,5.67,2.17,8.0,3.65,8.0,1.0,0.4,0.5,981.98,988.15,988.2,986.05,6.0,3.3,6.0,1.0,0.5,0.4,6.1,8.0,8.0,6.9,8.0,2.1,8.0,1.0,0.4,0.5,-38.7,-8.2,0.0,-21.2,8.0,35.1,8.0,1.0,0.4,0.5,-5.5,6.6,49.0,16.7,8.0,27.4,8.0,1.0,0.4,0.5,3.7,5.3,6.36,5.31,8.0,1.58,8.0,1.0,0.4,0.5,5.2,25.6,56.3,29.3,8.0,25.0,8.0,1.0,0.4,0.5,1.32,1.72,2.11,1.73,6.0,0.49,6.0,1.0,0.5,0.4,1.1,6.8,12.7,7.4,6.0,6.7,6.0,1.0,0.5,0.4,0.0,9.0,35.2,16.5,8.0,23.3,8.0,1.0,0.4,0.5,-36.2,-9.2,6.4,-14.6,8.0,23.6,8.0,1.0,0.4,0.5,-7.0,-3.5,0.6,-3.9,6.0,5.7,6.0,1.0,0.5,0.4,-4.4,0.5,7.2,1.5,6.0,6.2,6.0,1.0,0.5,0.4,-6.4,-3.6,0.3,-3.7,6.0,4.3,6.0,1.0,0.5,0.4,-3.5,0.2,8.6,2.8,6.0,8.1,6.0,1.0,0.5,0.4,4.0,127.0,365.0,277.5,8.0,421.0,8.0,1.0,0.4,0.5,5.0,125.0,365.0,275.0,8.0,420.0,8.0,1.0,0.4,0.5
1974,2,166.0,-69.0,,,,,,,,,,,,,,,,,,,,,,,,,,,,,,,,,,,,,,,,0.0,0.0,0.0,0.0,1.0,0.0,4.0,0.0,0.1,0.7,0.0,0.0,0.0,0.0,1.0,0.0,4.0,0.0,0.1,0.7,0.0,0.0,0.0,0.0,1.0,0.0,4.0,0.0,0.1,0.7,989.33,990.7,992.07,990.7,2.0,2.83,12.0,0.5,0.4,0.6,,,,,,,,,,,,,,,,,,,,,,,,,,,,,,,,,,,,,,,,,,,,,,,,,,,,,,,,,,,,,,,,,,,,,,,,,,,,,,,,,,,,,,,,,,,,,,,,,,,,,,,,,,,,,,,,,,,,,,,,,,,,,,,,,,,,,,,,,,,,,,,,,,,,,,
1974,2,166.0,-68.0,-0.68,-0.65,-0.62,-0.65,2.0,0.07,8.0,1.0,0.6,0.7,-1.43,-0.85,-0.27,-0.85,2.0,1.2,8.0,1.0,0.6,0.7,2.13,2.13,2.13,2.13,1.0,0.0,10.0,1.0,0.5,0.4,61.6,61.6,61.6,61.6,1.0,0.0,10.0,1.0,0.4,3.59,4.65,5.71,4.65,2.0,2.19,8.0,1.0,0.6,0.7,1.38,2.08,2.78,2.08,2.0,1.44,8.0,1.0,0.6,0.7,-1.6,1.23,4.05,1.23,2.0,5.86,8.0,1.0,0.6,0.7,970.66,972.5,974.34,972.5,2.0,3.82,8.0,1.0,0.6,0.7,2.8,4.5,6.2,4.5,2.0,3.5,8.0,1.0,0.6,0.7,5.8,11.3,16.7,11.3,2.0,11.3,8.0,1.0,0.6,0.7,-2.3,12.1,26.6,12.1,2.0,29.9,8.0,1.0,0.6,0.7,-0.35,0.2,0.75,0.2,2.0,1.13,8.0,1.0,0.6,0.7,-2.6,-0.3,2.0,-0.3,2.0,4.8,8.0,1.0,0.6,0.7,1.59,1.59,1.59,1.59,1.0,0.0,10.0,1.0,0.5,0.4,4.9,4.9,4.9,4.9,1.0,0.0,10.0,1.0,0.5,0.4,-1.5,-0.9,-0.3,-0.9,2.0,1.3,8.0,1.0,0.6,0.7,0.8,2.5,4.2,2.5,2.0,3.5,8.0,1.0,0.6,0.7,2.3,2.3,2.3,2.3,1.0,0.0,10.0,1.0,0.5,0.4,-6.2,-6.2,-6.2,-6.2,1.0,0.0,10.0,1.0,0.5,0.4,1.7,1.7,1.7,1.7,1.0,0.0,10.0,1.0,0.5,0.4,-4.6,-4.6,-4.6,-4.6,1.0,0.0,10.0,1.0,0.5,0.4,63.0,134.0,205.0,134.0,2.0,147.5,8.0,1.0,0.6,0.7,65.0,135.0,205.0,135.0,2.0,145.0,8.0,1.0,0.6,0.7
1974,2,166.0,-67.0,-0.14,0.2,0.54,0.2,2.0,0.71,12.0,1.0,0.5,0.9,-2.23,-1.0,0.02,-1.1,3.0,1.65,14.0,0.7,0.5,0.7,3.22,3.22,3.22,3.22,1.0,0.0,8.0,1.0,0.4,0.9,79.1,79.1,79.1,79.1,1.0,0.0,8.0,1.0,0.9,4.1,4.1,4.1,4.1,1.0,0.0,8.0,1.0,0.4,0.9,4.1,4.1,4.1,4.1,1.0,0.0,8.0,1.0,0.4,0.9,0.0,0.0,0.0,0.0,1.0,0.0,8.0,1.0,0.4,0.9,978.19,983.1,992.25,985.17,3.0,10.45,14.0,0.7,0.5,0.7,2.2,7.0,7.7,5.0,3.0,4.4,14.0,0.7,0.5,0.7,16.8,16.8,16.8,16.8,1.0,0.0,8.0,1.0,0.4,0.9,0.0,0.0,0.0,0.0,1.0,0.0,8.0,1.0,0.4,0.9,0.57,1.35,2.13,1.35,2.0,1.63,12.0,1.0,0.5,0.9,0.8,0.8,0.8,0.8,1.0,0.0,8.0,1.0,0.4,0.9,0.91,0.91,0.91,0.91,1.0,0.0,8.0,1.0,0.4,0.9,3.7,3.7,3.7,3.7,1.0,0.0,8.0,1.0,0.4,0.9,2.1,2.1,2.1,2.1,1.0,0.0,8.0,1.0,0.4,0.9,0.0,0.0,0.0,0.0,1.0,0.0,8.0,1.0,0.4,0.9,13.2,13.2,13.2,13.2,1.0,0.0,8.0,1.0,0.4,0.9,0.0,0.0,0.0,0.0,1.0,0.0,8.0,1.0,0.4,0.9,3.7,3.7,3.7,3.7,1.0,0.0,8.0,1.0,0.4,0.9,0.0,0.0,0.0,0.0,1.0,0.0,8.0,1.0,0.4,0.9,69.0,69.0,69.0,69.0,1.0,0.0,8.0,1.0,0.4,0.9,70.0,70.0,70.0,70.0,1.0,0.0,8.0,1.0,0.4,0.9
1974,2,166.0,-50.0,,,,,,,,,,,,,,,,,,,,,,,,,,,,,,,,,,,,,,,,3.29,8.2,8.2,5.8,3.0,4.16,18.0,0.7,0.6,0.2,0.86,4.1,6.15,3.52,3.0,3.9,18.0,0.7,0.6,0.2,-6.15,-4.1,-1.82,-3.99,3.0,3.17,18.0,0.7,0.6,0.2,1015.85,1019.6,1027.18,1021.47,3.0,8.46,18.0,0.7,0.6,0.2,,,,,,,,,,,,,,,,,,,,,,,,,,,,,,,,,,,,,,,,,,,,,,,,,,,,,,,,,,,,,,,,,,,,,,,,,,,,,,,,,,,,,,,,,,,,,,,,,,,,,,,,,,,,,,,,,,,,,,,,,,,,,,,,,,,,,,,,,,,,,,,,,,,,,,
1974,2,166.0,-42.0,19.0,19.0,19.0,19.0,1.0,0.0,14.0,1.0,0.4,0.3,17.0,17.0,17.0,17.0,1.0,0.0,14.0,1.0,0.4,0.3,10.94,10.94,10.94,10.94,1.0,0.0,14.0,1.0,0.4,0.3,90.9,90.9,90.9,90.9,1.0,0.0,14.0,1.0,0.3,7.7,7.7,7.7,7.7,1.0,0.0,14.0,1.0,0.4,0.3,5.9,5.9,5.9,5.9,1.0,0.0,14.0,1.0,0.4,0.3,4.95,4.95,4.95,4.95,1.0,0.0,14.0,1.0,0.4,0.3,1011.3,1011.3,1011.3,1011.3,1.0,0.0,14.0,1.0,0.4,0.3,8.0,8.0,8.0,8.0,1.0,0.0,14.0,1.0,0.4,0.3,45.4,45.4,45.4,45.4,1.0,0.0,14.0,1.0,0.4,0.3,38.1,38.1,38.1,38.1,1.0,0.0,14.0,1.0,0.4,0.3,2.0,2.0,2.0,2.0,1.0,0.0,14.0,1.0,0.4,0.3,15.4,15.4,15.4,15.4,1.0,0.0,14.0,1.0,0.4,0.3,2.74,2.74,2.74,2.74,1.0,0.0,14.0,1.0,0.4,0.3,21.1,21.1,21.1,21.1,1.0,0.0,14.0,1.0,0.4,0.3,100.3,100.3,100.3,100.3,1.0,0.0,14.0,1.0,0.4,0.3,84.1,84.1,84.1,84.1,1.0,0.0,14.0,1.0,0.4,0.3,64.6,64.6,64.6,64.6,1.0,0.0,14.0,1.0,0.4,0.3,54.2,54.2,54.2,54.2,1.0,0.0,14.0,1.0,0.4,0.3,16.1,16.1,16.1,16.1,1.0,0.0,14.0,1.0,0.4,0.3,13.5,13.5,13.5,13.5,1.0,0.0,14.0,1.0,0.4,0.3,456.5,456.5,456.5,456.5,1.0,0.0,14.0,1.0,0.4,0.3,455.0,455.0,455.0,455.0,1.0,0.0,14.0,1.0,0.4,0.3
1974,2,166.0,-41.0,18.43,19.15,19.71,19.08,4.0,0.85,12.0,0.8,0.5,0.8,16.83,17.6,18.63,17.73,4.0,1.16,12.0,0.8,0.5,0.8,9.57,9.86,11.31,10.41,4.0,1.45,12.0,0.8,0.5,0.8,79.1,80.9,86.2,82.6,4.0,5.9,12.0,0.8,0.8,2.02,5.95,9.82,5.93,4.0,4.52,12.0,0.8,0.5,0.8,-1.12,-0.26,2.44,0.62,4.0,2.78,12.0,0.8,0.5,0.8,-1.71,3.32,9.23,3.74,4.0,6.35,12.0,0.8,0.5,0.8,1012.76,1016.4,1018.26,1015.55,4.0,3.51,12.0,0.8,0.5,0.8,7.0,7.5,8.0,7.5,4.0,0.6,12.0,0.8,0.5,0.8,-2.6,-0.4,22.7,9.5,4.0,22.6,12.0,0.8,0.5,0.8,-3.7,36.4,91.2,43.4,4.0,55.8,12.0,0.8,0.5,0.8,0.49,0.85,2.26,1.35,4.0,1.47,12.0,0.8,0.5,0.8,1.1,5.2,22.9,11.7,4.0,16.6,12.0,0.8,0.5,0.8,2.15,3.31,4.42,3.29,4.0,1.53,12.0,0.8,0.5,0.8,4.8,20.9,43.8,24.1,4.0,23.6,12.0,0.8,0.5,0.8,-19.7,-4.9,43.9,11.3,4.0,49.7,12.0,0.8,0.5,0.8,-30.8,59.0,158.1,63.4,4.0,109.1,12.0,0.8,0.5,0.8,-11.6,-3.2,24.2,5.8,4.0,27.7,12.0,0.8,0.5,0.8,-18.6,31.2,88.6,34.8,4.0,62.0,12.0,0.8,0.5,0.8,-2.9,-0.4,8.9,2.8,4.0,9.7,12.0,0.8,0.5,0.8,-4.0,13.8,41.6,18.6,4.0,27.7,12.0,0.8,0.5,0.8,10.0,411.0,955.5,479.5,4.0,554.5,12.0,0.8,0.5,0.8,10.0,410.0,955.0,480.0,4.0,555.0,12.0,0.8,0.5,0.8
1974,2,166.0,-40.0,20.0,20.0,20.0,20.0,1.0,0.0,28.0,1.0,0.0,1.0,17.0,17.0,17.0,17.0,1.0,0.0,28.0,1.0,0.0,1.0,8.69,8.69,8.69,8.69,1.0,0.0,28.0,1.0,0.0,1.0,72.4,72.4,72.4,72.4,1.0,0.0,28.0,1.0,1.0,12.3,12.3,12.3,12.3,1.0,0.0,28.0,1.0,0.0,1.0,4.21,4.21,4.21,4.21,1.0,0.0,28.0,1.0,0.0,1.0,11.56,11.56,11.56,11.56,1.0,0.0,28.0,1.0,0.0,1.0,1012.5,1012.5,1012.5,1012.5,1.0,0.0,28.0,1.0,0.0,1.0,8.0,8.0,8.0,8.0,1.0,0.0,28.0,1.0,0.0,1.0,51.7,51.7,51.7,51.7,1.0,0.0,28.0,1.0,0.0,1.0,142.2,142.2,142.2,142.2,1.0,0.0,28.0,1.0,0.0,1.0,3.0,3.0,3.0,3.0,1.0,0.0,28.0,1.0,0.0,1.0,36.9,36.9,36.9,36.9,1.0,0.0,28.0,1.0,0.0,1.0,5.86,5.86,5.86,5.86,1.0,0.0,28.0,1.0,0.0,1.0,72.0,72.0,72.0,72.0,1.0,0.0,28.0,1.0,0.0,1.0,71.5,71.5,71.5,71.5,1.0,0.0,28.0,1.0,0.0,1.0,196.5,196.5,196.5,196.5,1.0,0.0,28.0,1.0,0.0,1.0,36.6,36.6,36.6,36.6,1.0,0.0,28.0,1.0,0.0,1.0,100.5,100.5,100.5,100.5,1.0,0.0,28.0,1.0,0.0,1.0,24.6,24.6,24.6,24.6,1.0,0.0,28.0,1.0,0.0,1.0,67.7,67.7,67.7,67.7,1.0,0.0,28.0,1.0,0.0,1.0,1861.0,1861.0,1861.0,1861.0,1.0,0.0,28.0,1.0,0.0,1.0,1860.0,1860.0,1860.0,1860.0,1.0,0.0,28.0,1.0,0.0,1.0
1974,2,166.0,-39.0,21.32,22.0,22.68,22.0,3.0,1.0,14.0,0.0,0.1,0.7,19.35,20.75,22.05,20.7,4.0,1.93,16.0,0.3,0.2,0.7,10.22,12.45,14.27,12.25,4.0,2.82,16.0,0.3,0.2,0.7,71.8,81.8,87.4,79.7,4.0,9.9,16.0,0.3,0.7,4.76,5.1,6.19,5.47,3.0,1.1,18.0,0.3,0.2,0.7,-2.3,-0.89,4.02,0.82,3.0,4.86,18.0,0.3,0.2,0.7,-2.7,2.29,3.13,0.26,3.0,4.62,18.0,0.3,0.2,0.7,1011.22,1014.3,1016.07,1013.68,4.0,3.63,16.0,0.3,0.2,0.7,2.4,5.5,7.5,5.0,4.0,3.2,16.0,0.3,0.2,0.7,-10.7,-4.5,27.4,8.0,3.0,29.9,18.0,0.3,0.2,0.7,-12.6,15.4,15.9,2.0,3.0,23.9,18.0,0.3,0.2,0.7,0.98,2.0,3.16,2.07,3.0,1.6,14.0,0.0,0.1,0.7,11.3,13.6,15.9,13.6,2.0,4.8,16.0,0.0,0.1,0.8,3.53,5.55,7.05,5.29,3.0,2.59,14.0,0.0,0.1,0.7,29.5,32.0,34.5,32.0,2.0,5.2,16.0,0.0,0.1,0.8,-42.8,-18.6,92.9,24.0,3.0,106.1,18.0,0.3,0.2,0.7,-55.3,52.7,60.7,3.9,3.0,94.9,18.0,0.3,0.2,0.7,-20.8,-10.6,63.1,20.4,3.0,67.0,18.0,0.3,0.2,0.7,-31.3,30.5,33.9,2.0,3.0,53.7,18.0,0.3,0.2,0.7,-20.0,-13.9,-7.8,-13.9,2.0,12.7,16.0,0.0,0.1,0.8,-19.1,-0.3,18.5,-0.3,2.0,39.0,16.0,0.0,0.1,0.8,108.5,132.5,247.5,177.0,3.0,108.5,18.0,0.3,0.2,0.7,110.0,135.0,245.0,175.0,3.0,110.0,18.0,0.3,0.2,0.7
1974,2,166.0,-38.0,21.5,21.5,21.5,21.5,1.0,0.0,6.0,0.0,0.3,0.4,20.0,20.0,20.0,20.0,1.0,0.0,6.0,0.0,0.3,0.4,10.57,10.57,10.57,10.57,1.0,0.0,6.0,0.0,0.3,0.4,72.9,72.9,72.9,72.9,1.0,0.0,6.0,0.0,0.4,2.1,2.1,2.1,2.1,1.0,0.0,6.0,0.0,0.3,0.4,-1.82,-1.82,-1.82,-1.82,1.0,0.0,6.0,0.0,0.3,0.4,-1.05,-1.05,-1.05,-1.05,1.0,0.0,6.0,0.0,0.3,0.4,1014.0,1014.0,1014.0,1014.0,1.0,0.0,6.0,0.0,0.3,0.4,2.0,2.0,2.0,2.0,1.0,0.0,6.0,0.0,0.3,0.4,-3.8,-3.8,-3.8,-3.8,1.0,0.0,6.0,0.0,0.3,0.4,-2.2,-2.2,-2.2,-2.2,1.0,0.0,6.0,0.0,0.3,0.4,1.5,1.5,1.5,1.5,1.0,0.0,6.0,0.0,0.3,0.4,3.2,3.2,3.2,3.2,1.0,0.0,6.0,0.0,0.3,0.4,5.38,5.38,5.38,5.38,1.0,0.0,6.0,0.0,0.3,0.4,11.3,11.3,11.3,11.3,1.0,0.0,6.0,0.0,0.3,0.4,-36.4,-36.4,-36.4,-36.4,1.0,0.0,6.0,0.0,0.3,0.4,-21.0,-21.0,-21.0,-21.0,1.0,0.0,6.0,0.0,0.3,0.4,-19.2,-19.2,-19.2,-19.2,1.0,0.0,6.0,0.0,0.3,0.4,-11.1,-11.1,-11.1,-11.1,1.0,0.0,6.0,0.0,0.3,0.4,-9.8,-9.8,-9.8,-9.8,1.0,0.0,6.0,0.0,0.3,0.4,-5.7,-5.7,-5.7,-5.7,1.0,0.0,6.0,0.0,0.3,0.4,9.5,9.5,9.5,9.5,1.0,0.0,6.0,0.0,0.3,0.4,10.0,10.0,10.0,10.0,1.0,0.0,6.0,0.0,0.3,0.4
1974,2,166.0,-37.0,22.0,22.0,23.02,22.5,3.0,0.87,20.0,0.3,0.5,0.6,19.09,21.0,21.0,20.07,3.0,1.62,20.0,0.3,0.5,0.6,11.35,13.69,14.27,12.83,3.0,2.27,20.0,0.3,0.5,0.6,82.7,88.3,92.2,87.5,3.0,7.0,20.0,0.3,0.6,7.02,7.7,9.47,8.23,3.0,1.86,20.0,0.3,0.5,0.6,-7.03,0.0,3.38,-1.78,3.0,7.78,20.0,0.3,0.5,0.6,1.87,5.9,6.45,4.2,3.0,3.66,20.0,0.3,0.5,0.6,1011.54,1012.7,1020.28,1015.83,3.0,6.95,20.0,0.3,0.5,0.6,3.3,6.0,7.4,5.3,3.0,3.1,20.0,0.3,0.5,0.6,-72.4,0.0,26.0,-22.7,3.0,74.7,20.0,0.3,0.5,0.6,14.2,44.9,45.3,30.1,3.0,26.1,20.0,0.3,0.5,0.6,1.48,2.5,3.39,2.43,3.0,1.4,20.0,0.3,0.5,0.6,13.3,25.5,25.7,19.6,3.0,10.3,20.0,0.3,0.5,0.6,3.04,3.51,5.23,4.12,3.0,1.69,20.0,0.3,0.5,0.6,26.3,36.2,39.0,32.7,3.0,9.8,20.0,0.3,0.5,0.6,-147.6,0.0,70.9,-37.5,3.0,163.4,20.0,0.3,0.5,0.6,38.7,121.9,123.3,81.9,3.0,71.0,20.0,0.3,0.5,0.6,-102.3,0.0,46.2,-27.4,3.0,111.3,20.0,0.3,0.5,0.6,21.8,68.8,76.9,49.8,3.0,43.6,20.0,0.3,0.5,0.6,-24.7,0.0,9.5,-7.4,3.0,25.9,20.0,0.3,0.5,0.6,5.3,16.6,32.8,19.0,3.0,20.3,20.0,0.3,0.5,0.6,350.0,456.5,891.0,616.5,3.0,419.5,20.0,0.3,0.5,0.6,350.0,455.0,890.0,615.0,3.0,420.0,20.0,0.3,0.5,0.6
1974,2,166.0,-36.0,21.29,22.05,22.76,22.03,4.0,0.9,16.0,0.3,0.2,0.5,20.1,21.4,23.33,21.7,4.0,1.94,16.0,0.3,0.2,0.5,11.78,14.08,17.43,14.58,4.0,3.38,16.0,0.3,0.2,0.5,80.7,88.8,97.5,89.1,4.0,9.9,16.0,0.3,0.5,5.81,8.5,9.3,7.6,4.0,2.45,16.0,0.3,0.2,0.5,-4.63,-0.25,2.92,-0.83,4.0,4.47,16.0,0.3,0.2,0.5,-7.18,-2.24,5.83,-0.75,4.0,7.84,16.0,0.3,0.2,0.5,1014.24,1014.45,1014.6,1014.43,4.0,0.25,16.0,0.3,0.2,0.5,6.0,7.5,8.0,7.0,4.0,1.4,16.0,0.3,0.2,0.5,-35.3,3.7,25.2,-4.7,4.0,38.5,16.0,0.3,0.2,0.5,-61.2,-22.5,47.7,-7.5,4.0,68.3,16.0,0.3,0.2,0.5,-1.31,0.2,1.98,0.33,4.0,1.94,16.0,0.3,0.2,0.5,-10.9,-1.8,14.9,1.8,4.0,16.3,16.0,0.3,0.2,0.5,-0.9,1.9,4.72,1.91,4.0,3.25,16.0,0.3,0.2,0.5,-7.9,6.5,32.8,12.2,4.0,25.7,16.0,0.3,0.2,0.5,-105.4,-2.0,61.7,-20.9,4.0,100.7,16.0,0.3,0.2,0.5,-167.4,-55.1,116.9,-26.6,4.0,169.8,16.0,0.3,0.2,0.5,-75.5,0.9,40.5,-16.7,4.0,72.6,16.0,0.3,0.2,0.5,-125.0,-43.2,69.5,-28.5,4.0,115.3,16.0,0.3,0.2,0.5,-8.2,2.4,11.4,1.6,4.0,12.7,16.0,0.3,0.2,0.5,6.3,9.8,28.2,16.9,4.0,17.7,16.0,0.3,0.2,0.5,253.5,630.5,804.5,533.5,4.0,350.5,16.0,0.3,0.2,0.5,255.0,630.0,805.0,535.0,4.0,350.0,16.0,0.3,0.2,0.5
1974,2,166.0,-35.0,22.09,22.8,23.93,22.94,10.0,0.98,16.0,0.3,0.5,0.7,20.94,21.8,22.66,21.87,10.0,1.03,16.0,0.3,0.5,0.7,13.47,14.43,15.8,14.35,10.0,1.73,16.0,0.3,0.5,0.7,83.6,87.4,95.4,88.0,10.0,8.8,16.0,0.3,0.7,3.46,4.6,8.61,5.96,10.0,3.07,16.0,0.3,0.5,0.7,-4.1,-1.15,1.05,-1.33,10.0,3.15,16.0,0.3,0.5,0.7,-2.53,1.88,7.82,1.94,10.0,5.73,16.0,0.3,0.5,0.7,1010.84,1015.0,1020.71,1015.59,10.0,4.51,16.0,0.3,0.5,0.7,3.7,7.5,8.0,6.3,10.0,2.6,16.0,0.3,0.5,0.7,-25.8,-5.3,5.4,-12.3,10.0,26.6,16.0,0.3,0.5,0.7,-7.0,8.6,65.4,21.2,10.0,53.1,16.0,0.3,0.5,0.7,-0.41,1.55,2.33,1.07,10.0,1.54,16.0,0.3,0.5,0.7,-1.6,9.0,13.6,7.3,10.0,9.5,16.0,0.3,0.5,0.7,2.09,2.68,4.46,3.08,10.0,1.87,16.0,0.3,0.5,0.7,7.2,14.7,34.4,19.1,10.0,15.0,16.0,0.3,0.5,0.7,-91.1,-24.8,22.1,-27.7,10.0,70.0,16.0,0.3,0.5,0.7,-56.0,40.1,164.4,39.2,10.0,122.8,16.0,0.3,0.5,0.7,-60.4,-15.9,12.2,-18.6,10.0,46.9,16.0,0.3,0.5,0.7,-38.3,28.3,95.5,22.9,10.0,81.3,16.0,0.3,0.5,0.7,-11.6,-3.3,1.2,-4.9,10.0,8.1,16.0,0.3,0.5,0.7,-7.4,3.8,30.8,10.2,10.0,20.5,16.0,0.3,0.5,0.7,51.5,97.5,655.5,384.5,10.0,574.0,16.0,0.3,0.5,0.7,50.0,95.0,655.0,385.0,10.0,575.0,16.0,0.3,0.5,0.7
1974,2,166.0,-34.0,20.32,21.0,21.68,21.0,3.0,1.0,12.0,0.3,0.7,0.6,23.0,23.0,24.64,23.8,3.0,1.39,12.0,0.3,0.7,0.6,16.51,16.52,16.52,16.52,2.0,0.02,6.0,0.0,0.8,0.6,94.1,94.1,94.1,94.1,2.0,0.0,6.0,0.0,0.6,3.58,4.6,6.03,4.8,3.0,1.81,12.0,0.3,0.7,0.6,-1.24,-0.54,-0.17,-0.7,3.0,0.8,12.0,0.3,0.7,0.6,-5.95,-4.32,-3.46,-4.69,3.0,1.85,12.0,0.3,0.7,0.6,1009.71,1010.6,1013.6,1011.63,3.0,2.99,12.0,0.3,0.7,0.6,6.0,6.0,6.0,6.0,1.0,0.0,22.0,1.0,0.7,0.5,-5.5,-1.7,-0.5,-3.0,3.0,3.8,12.0,0.3,0.7,0.6,-37.0,-19.9,-12.8,-24.7,3.0,18.2,12.0,0.3,0.7,0.6,-3.27,-3.0,-2.32,-2.8,3.0,0.72,12.0,0.3,0.7,0.6,-13.7,-13.4,-11.4,-12.6,3.0,1.8,12.0,0.3,0.7,0.6,-1.78,-1.46,-1.14,-1.46,2.0,0.66,6.0,0.0,0.8,0.6,-8.5,-7.8,-7.0,-7.8,2.0,1.6,6.0,0.0,0.8,0.6,-29.0,-13.7,-4.3,-16.6,3.0,18.3,12.0,0.3,0.7,0.6,-136.7,-99.4,-84.5,-110.4,3.0,39.4,12.0,0.3,0.7,0.6,-21.9,-13.0,-4.1,-13.0,2.0,18.4,6.0,0.0,0.8,0.6,-104.4,-91.0,-77.7,-91.0,2.0,27.7,6.0,0.0,0.8,0.6,0.5,1.5,2.6,1.5,2.0,2.1,6.0,0.0,0.8,0.6,6.9,7.5,8.1,7.5,2.0,1.2,6.0,0.0,0.8,0.6,51.0,97.5,236.0,142.5,3.0,141.0,12.0,0.3,0.7,0.6,50.0,95.0,235.0,145.0,3.0,140.0,12.0,0.3,0.7,0.6
1974,2,166.0,-33.0,22.32,23.0,23.96,23.13,3.0,1.21,10.0,1.0,0.2,0.3,24.0,24.0,25.43,24.7,3.0,1.21,10.0,1.0,0.2,0.3,15.98,16.75,17.52,16.75,2.0,1.59,4.0,1.0,0.3,0.5,86.2,90.1,94.0,90.1,2.0,8.1,4.0,1.0,0.5,4.26,4.6,4.6,4.43,3.0,0.29,10.0,1.0,0.2,0.3,-2.41,0.0,2.76,0.17,3.0,3.78,10.0,1.0,0.2,0.3,-4.08,-2.96,-0.45,-2.28,3.0,2.72,10.0,1.0,0.2,0.3,1011.92,1015.2,1015.68,1013.83,3.0,2.99,10.0,1.0,0.2,0.3,5.3,8.0,8.0,6.7,3.0,2.3,10.0,1.0,0.2,0.3,-11.1,0.0,11.3,0.1,3.0,16.4,10.0,1.0,0.2,0.3,-18.8,-13.6,-2.3,-10.6,3.0,12.3,10.0,1.0,0.2,0.3,-1.9,-1.7,-1.22,-1.57,3.0,0.51,10.0,1.0,0.2,0.3,-8.5,-7.0,-5.4,-6.9,3.0,2.3,10.0,1.0,0.2,0.3,-0.86,0.23,1.32,0.23,2.0,2.27,4.0,1.0,0.3,0.5,-4.0,1.1,6.1,1.1,2.0,10.4,4.0,1.0,0.3,0.5,-57.7,0.0,71.9,6.9,3.0,95.2,10.0,1.0,0.2,0.3,-97.9,-71.0,-9.8,-54.3,3.0,66.1,10.0,1.0,0.2,0.3,-46.3,-27.5,-8.7,-27.5,2.0,38.9,4.0,1.0,0.3,0.5,-76.5,-64.2,-51.9,-64.2,2.0,25.5,4.0,1.0,0.3,0.5,-5.4,-3.2,-1.0,-3.2,2.0,4.6,4.0,1.0,0.3,0.5,-3.6,0.4,4.4,0.4,2.0,8.3,4.0,1.0,0.3,0.5,78.0,97.5,97.5,88.0,3.0,16.5,10.0,1.0,0.2,0.3,80.0,95.0,95.0,90.0,3.0,15.0,10.0,1.0,0.2,0.3
1974,2,166.0,-32.0,21.44,22.4,22.81,22.13,3.0,1.03,8.0,0.3,0.7,0.5,22.23,22.3,22.78,22.5,3.0,0.44,8.0,0.3,0.7,0.5,14.63,15.42,15.57,15.11,3.0,0.74,8.0,0.3,0.7,0.5,86.3,88.5,91.1,88.7,3.0,3.6,8.0,0.3,0.5,3.23,4.6,10.61,6.87,3.0,5.75,8.0,0.3,0.7,0.5,-8.55,-1.99,2.51,-3.0,3.0,8.15,8.0,0.3,0.7,0.5,-1.14,0.0,4.57,1.68,3.0,4.43,8.0,0.3,0.7,0.5,1003.95,1007.5,1013.98,1008.93,3.0,7.45,8.0,0.3,0.7,0.5,7.3,8.0,8.0,7.7,3.0,0.6,8.0,0.3,0.7,0.5,-107.8,-5.2,12.8,-46.5,3.0,95.3,8.0,0.3,0.7,0.5,-3.0,0.0,61.3,28.5,3.0,53.1,8.0,0.3,0.7,0.5,-1.33,0.1,0.58,-0.37,3.0,1.46,8.0,0.3,0.7,0.5,-6.2,0.3,7.4,0.6,3.0,10.0,8.0,0.3,0.7,0.5,0.44,1.39,2.73,1.58,3.0,1.68,8.0,0.3,0.7,0.5,1.1,3.6,31.7,16.1,3.0,24.9,8.0,0.3,0.7,0.5,-190.0,-44.4,58.1,-65.4,3.0,182.6,8.0,0.3,0.7,0.5,-25.4,0.0,101.5,37.2,3.0,98.4,8.0,0.3,0.7,0.5,-122.7,-30.7,39.4,-41.4,3.0,119.1,8.0,0.3,0.7,0.5,-17.6,0.0,65.2,23.3,3.0,63.9,8.0,0.3,0.7,0.5,-27.4,-2.8,-0.9,-13.9,3.0,21.7,8.0,0.3,0.7,0.5,-1.6,0.0,15.3,6.7,3.0,13.7,8.0,0.3,0.7,0.5,43.0,97.5,1673.5,840.5,3.0,1356.5,8.0,0.3,0.7,0.5,45.0,95.0,1675.0,840.0,3.0,1355.0,8.0,0.3,0.7,0.5
1974,2,166.0,-31.0,24.08,24.25,24.42,24.25,2.0,0.35,10.0,0.0,0.3,0.7,23.16,23.5,23.84,23.5,2.0,0.71,10.0,0.0,0.3,0.7,16.23,16.47,16.71,16.47,2.0,0.5,10.0,0.0,0.3,0.7,88.4,91.4,94.4,91.4,2.0,6.3,10.0,0.0,0.7,5.08,7.2,9.32,7.2,2.0,4.38,10.0,0.0,0.3,0.7,-9.15,-7.0,-4.85,-7.0,2.0,4.45,10.0,0.0,0.3,0.7,-1.73,-1.6,-1.46,-1.6,2.0,0.27,10.0,0.0,0.3,0.7,1010.95,1013.0,1015.05,1013.0,2.0,4.24,10.0,0.0,0.3,0.7,5.5,6.5,7.5,6.5,2.0,2.1,10.0,0.0,0.3,0.7,-90.4,-60.1,-29.9,-60.1,2.0,62.7,10.0,0.0,0.3,0.7,-16.4,-12.1,-7.8,-12.1,2.0,9.0,10.0,0.0,0.3,0.7,0.58,0.75,0.92,0.75,2.0,0.35,10.0,0.0,0.3,0.7,3.4,6.2,9.0,6.2,2.0,5.8,10.0,0.0,0.3,0.7,2.03,2.43,2.83,2.43,2.0,0.83,10.0,0.0,0.3,0.7,13.4,15.7,17.9,15.7,2.0,4.7,10.0,0.0,0.3,0.7,-211.0,-162.9,-114.8,-162.9,2.0,99.6,10.0,0.0,0.3,0.7,-39.9,-37.4,-34.8,-37.4,2.0,5.3,10.0,0.0,0.3,0.7,-153.4,-116.4,-79.3,-116.4,2.0,76.8,10.0,0.0,0.3,0.7,-28.9,-26.3,-23.8,-26.3,2.0,5.3,10.0,0.0,0.3,0.7,-17.6,-15.2,-12.7,-15.2,2.0,5.0,10.0,0.0,0.3,0.7,-4.1,-3.8,-3.4,-3.8,2.0,0.7,10.0,0.0,0.3,0.7,231.5,581.0,930.0,581.0,2.0,724.0,10.0,0.0,0.3,0.7,230.0,580.0,930.0,580.0,2.0,725.0,10.0,0.0,0.3,0.7
1974,2,166.0,-29.0,24.16,24.5,26.21,25.17,3.0,1.61,18.0,0.3,0.4,0.6,24.3,24.5,24.84,24.57,3.0,0.4,18.0,0.3,0.4,0.6,17.27,17.69,19.12,18.18,3.0,1.42,18.0,0.3,0.4,0.6,91.1,91.9,97.4,94.2,3.0,5.0,18.0,0.3,0.6,5.86,6.2,6.54,6.2,2.0,0.71,24.0,0.5,0.3,0.7,-4.2,-3.99,-3.77,-3.99,2.0,0.45,24.0,0.5,0.3,0.7,-3.63,-0.38,2.86,-0.38,2.0,6.72,24.0,0.5,0.3,0.7,1010.07,1012.8,1013.41,1011.77,3.0,2.61,18.0,0.3,0.4,0.6,3.6,5.0,6.4,5.0,2.0,2.8,24.0,0.5,0.3,0.7,-27.6,-24.9,-22.1,-24.9,2.0,5.6,24.0,0.5,0.3,0.7,-25.0,-4.7,15.5,-4.7,2.0,41.9,24.0,0.5,0.3,0.7,-0.68,0.0,1.91,0.6,3.0,1.97,18.0,0.3,0.4,0.6,2.5,8.0,13.4,8.0,2.0,11.3,24.0,0.5,0.3,0.7,-0.29,1.58,4.06,1.87,3.0,3.2,18.0,0.3,0.4,0.6,13.6,20.1,26.7,20.1,2.0,13.5,24.0,0.5,0.3,0.7,-102.8,-97.1,-91.3,-97.1,2.0,11.9,24.0,0.5,0.3,0.7,-89.0,-10.0,68.9,-10.0,2.0,163.6,24.0,0.5,0.3,0.7,-74.0,-69.4,-64.7,-69.4,2.0,9.6,24.0,0.5,0.3,0.7,-64.6,-8.1,48.3,-8.1,2.0,116.9,24.0,0.5,0.3,0.7,-17.1,-12.9,-8.7,-12.9,2.0,8.7,24.0,0.5,0.3,0.7,-3.2,7.3,17.9,7.3,2.0,21.8,24.0,0.5,0.3,0.7,203.5,243.0,282.5,243.0,2.0,81.5,24.0,0.5,0.3,0.7,205.0,245.0,280.0,245.0,2.0,80.0,24.0,0.5,0.3,0.7
1974,2,166.0,-28.0,24.4,25.7,27.6,25.95,6.0,1.73,14.0,0.8,0.6,0.6,24.46,25.6,26.31,25.3,6.0,1.81,14.0,0.8,0.6,0.6,13.35,18.7,18.74,16.76,6.0,3.09,14.0,0.8,0.6,0.6,76.9,85.9,90.9,82.5,6.0,11.6,14.0,0.8,0.6,6.34,7.7,10.11,8.2,4.0,3.0,18.0,0.8,0.5,0.8,-7.74,-5.42,0.27,-3.81,4.0,6.2,18.0,0.8,0.5,0.8,1.89,5.42,6.95,4.47,4.0,3.78,18.0,0.8,0.5,0.8,1006.1,1007.75,1011.06,1008.57,6.0,2.89,14.0,0.8,0.6,0.6,4.0,6.0,7.2,5.8,6.0,1.6,14.0,0.8,0.6,0.6,-82.3,-41.8,-4.7,-43.5,4.0,57.9,18.0,0.8,0.5,0.8,15.8,41.8,72.6,44.1,4.0,41.7,18.0,0.8,0.5,0.8,-1.2,-0.35,2.62,0.65,6.0,2.44,14.0,0.8,0.6,0.6,-2.8,12.3,31.9,14.4,4.0,20.7,18.0,0.8,0.5,0.8,0.46,4.73,7.44,4.36,6.0,3.38,14.0,0.8,0.6,0.6,37.8,58.5,64.6,51.6,4.0,20.1,18.0,0.8,0.5,0.8,-198.8,-128.5,20.5,-91.0,4.0,163.1,18.0,0.8,0.5,0.8,46.4,127.0,169.5,108.8,4.0,96.2,18.0,0.8,0.5,0.8,-125.7,-69.2,17.0,-55.0,4.0,111.4,18.0,0.8,0.5,0.8,19.5,70.0,115.8,67.7,4.0,67.6,18.0,0.8,0.5,0.8,-45.4,-42.4,-8.4,-27.6,4.0,33.2,18.0,0.8,0.5,0.8,14.7,37.6,45.9,30.6,4.0,24.0,18.0,0.8,0.5,0.8,287.0,456.5,1192.5,726.5,4.0,771.5,18.0,0.8,0.5,0.8,285.0,455.0,1190.0,725.0,4.0,770.0,18.0,0.8,0.5,0.8
1974,2,166.0,-27.0,24.32,25.0,26.23,25.3,5.0,1.35,14.0,0.4,0.4,0.5,24.71,25.5,25.87,25.34,5.0,0.84,14.0,0.4,0.4,0.5,17.28,18.14,18.23,17.78,4.0,0.84,10.0,0.5,0.4,0.6,82.7,86.9,90.7,86.7,4.0,4.9,10.0,0.5,0.6,4.84,5.9,7.22,6.03,4.0,1.43,10.0,0.5,0.4,0.6,-6.42,-4.04,-1.41,-3.92,4.0,3.22,10.0,0.5,0.4,0.6,-4.72,-3.92,-0.98,-2.9,4.0,2.9,10.0,0.5,0.4,0.6,1010.7,1013.9,1014.75,1012.92,5.0,2.23,14.0,0.4,0.4,0.5,1.3,2.0,6.4,3.4,5.0,3.0,14.0,0.4,0.4,0.5,-47.0,-24.0,-6.5,-26.6,4.0,25.5,10.0,0.5,0.4,0.6,-27.5,-21.1,-2.3,-15.2,4.0,17.8,10.0,0.5,0.4,0.6,-1.37,-0.5,1.56,-0.04,5.0,1.65,14.0,0.4,0.4,0.5,-10.7,-5.0,4.2,-3.3,4.0,10.1,10.0,0.5,0.4,0.6,0.67,1.26,4.18,2.37,4.0,2.81,10.0,0.5,0.4,0.6,4.7,6.8,21.0,12.6,4.0,13.9,10.0,0.5,0.4,0.6,-164.1,-105.7,-35.9,-100.2,4.0,81.5,10.0,0.5,0.4,0.6,-122.5,-102.0,-25.3,-75.2,4.0,74.2,10.0,0.5,0.4,0.6,-116.8,-73.8,-25.5,-71.3,4.0,58.6,10.0,0.5,0.4,0.6,-81.7,-71.4,-17.7,-50.7,4.0,50.7,10.0,0.5,0.4,0.6,-4.7,-4.0,-1.6,-3.2,4.0,2.2,10.0,0.5,0.4,0.6,-20.1,-4.8,-1.6,-10.6,4.0,15.4,10.0,0.5,0.4,0.6,114.0,216.5,382.5,247.0,4.0,165.5,10.0,0.5,0.4,0.6,115.0,215.0,380.0,245.0,4.0,165.0,10.0,0.5,0.4,0.6
1974,2,166.0,-26.0,24.4,26.0,27.18,25.96,9.0,1.35,12.0,0.8,0.5,0.4,25.5,25.6,26.87,26.04,9.0,0.71,12.0,0.7,0.5,0.5,17.9,18.76,19.49,18.65,9.0,0.99,12.0,0.7,0.5,0.5,81.2,92.0,93.6,88.4,9.0,6.3,12.0,0.7,0.5,7.31,9.3,9.8,8.38,8.0,2.58,12.0,0.6,0.5,0.5,-7.64,-6.85,-2.84,-4.78,8.0,5.74,12.0,0.6,0.5,0.5,-4.63,-0.44,6.65,0.5,8.0,5.23,12.0,0.6,0.5,0.5,1004.66,1008.8,1011.78,1008.31,9.0,3.4,12.0,0.7,0.5,0.5,3.0,5.0,7.0,5.0,9.0,2.3,12.0,0.7,0.5,0.5,-74.0,-59.4,-11.1,-41.0,8.0,56.3,12.0,0.6,0.5,0.5,-44.7,-1.2,61.5,6.9,8.0,51.0,12.0,0.6,0.5,0.5,-1.44,-0.5,1.39,-0.19,8.0,1.44,12.0,0.8,0.5,0.5,-16.4,0.0,12.4,-2.0,7.0,13.5,10.0,0.7,0.5,0.5,0.15,3.17,3.91,2.44,8.0,2.05,12.0,0.8,0.5,0.5,-1.7,24.9,38.8,19.7,7.0,19.2,10.0,0.7,0.5,0.5,-203.1,-174.8,-72.5,-125.2,8.0,148.4,12.0,0.6,0.5,0.5,-118.1,-11.4,169.8,11.7,8.0,135.6,12.0,0.6,0.5,0.5,-145.2,-131.0,-53.6,-94.2,8.0,103.5,12.0,0.6,0.5,0.5,-77.8,-8.4,124.7,10.6,8.0,96.6,12.0,0.6,0.5,0.5,-24.0,-13.6,12.5,-6.9,7.0,23.8,10.0,0.7,0.5,0.5,-17.4,-0.9,13.4,-2.4,7.0,13.8,10.0,0.7,0.5,0.5,393.0,804.5,941.0,711.5,8.0,386.5,12.0,0.6,0.5,0.5,395.0,805.0,940.0,710.0,8.0,385.0,12.0,0.6,0.5,0.5
1974,2,166.0,-25.0,26.58,27.0,27.42,27.0,4.0,0.65,20.0,0.8,0.3,0.6,25.63,27.0,27.0,26.33,3.0,1.15,24.0,0.7,0.3,0.4,17.94,18.23,18.53,18.23,2.0,0.62,22.0,0.5,0.4,0.5,84.6,86.7,88.8,86.7,2.0,4.3,22.0,0.5,0.5,5.03,7.95,9.3,7.2,4.0,3.27,20.0,0.8,0.3,0.6,-8.97,-7.72,-3.91,-6.5,4.0,3.87,20.0,0.8,0.3,0.6,1.16,2.54,3.1,2.15,4.0,1.51,20.0,0.8,0.3,0.6,1009.48,1010.05,1010.26,1009.88,4.0,0.61,20.0,0.8,0.3,0.6,5.5,6.0,6.5,6.0,4.0,0.8,20.0,0.8,0.3,0.6,-84.2,-61.5,-27.7,-56.2,4.0,40.5,20.0,0.8,0.3,0.6,3.0,13.3,28.7,15.7,4.0,16.1,20.0,0.8,0.3,0.6,0.0,0.0,0.82,0.4,3.0,0.69,24.0,0.7,0.3,0.4,0.0,0.0,8.4,4.1,3.0,7.1,24.0,0.7,0.3,0.4,3.57,3.62,3.67,3.62,2.0,0.11,22.0,0.5,0.4,0.5,29.7,32.5,35.2,32.5,2.0,5.7,22.0,0.5,0.4,0.5,-235.4,-221.4,-203.6,-219.6,3.0,23.4,24.0,0.7,0.3,0.4,22.6,71.1,82.7,53.1,3.0,46.7,24.0,0.7,0.3,0.4,-166.4,-153.7,-141.0,-153.7,2.0,26.3,22.0,0.5,0.4,0.5,51.3,55.9,60.5,55.9,2.0,9.6,22.0,0.5,0.4,0.5,-33.1,-30.5,-27.9,-30.5,2.0,5.3,22.0,0.5,0.4,0.5,10.2,11.1,12.1,11.1,2.0,1.9,22.0,0.5,0.4,0.5,226.5,504.0,835.0,529.5,4.0,441.5,20.0,0.8,0.3,0.6,225.0,505.0,835.0,530.0,4.0,440.0,20.0,0.8,0.3,0.6
1974,2,166.0,-24.0,26.0,26.0,26.48,26.23,3.0,0.4,6.0,0.0,0.5,0.4,25.86,26.0,26.07,25.97,3.0,0.15,6.0,0.0,0.5,0.4,18.61,19.4,19.99,19.3,3.0,1.02,6.0,0.0,0.5,0.4,89.0,92.0,94.7,91.9,3.0,4.1,6.0,0.0,0.4,3.42,4.1,4.44,3.93,3.0,0.76,6.0,0.0,0.5,0.4,-4.14,-3.14,-3.11,-3.61,3.0,0.85,6.0,0.0,0.5,0.4,-1.8,0.0,0.0,-0.88,3.0,1.52,6.0,0.0,0.5,0.4,1008.39,1008.8,1011.33,1009.83,3.0,2.33,6.0,0.0,0.5,0.4,6.6,8.0,8.0,7.3,3.0,1.2,6.0,0.0,0.5,0.4,-18.5,-12.9,-10.6,-14.5,3.0,6.0,6.0,0.0,0.5,0.4,-7.4,0.0,0.0,-3.6,3.0,6.2,6.0,0.0,0.5,0.4,0.06,0.2,0.47,0.27,3.0,0.31,6.0,0.0,0.5,0.4,0.3,0.9,2.0,1.1,3.0,1.2,6.0,0.0,0.5,0.4,1.66,1.71,2.49,2.07,3.0,0.68,6.0,0.0,0.5,0.4,5.8,6.7,11.1,8.4,3.0,4.2,6.0,0.0,0.5,0.4,-107.0,-82.0,-81.0,-93.8,3.0,21.6,6.0,0.0,0.5,0.4,-47.0,0.0,0.0,-22.9,3.0,39.7,6.0,0.0,0.5,0.4,-77.5,-63.7,-61.2,-69.2,3.0,12.8,6.0,0.0,0.5,0.4,-36.5,0.0,0.0,-17.8,3.0,30.8,6.0,0.0,0.5,0.4,-10.6,-5.3,-5.2,-7.9,3.0,4.6,6.0,0.0,0.5,0.4,-3.0,0.0,0.0,-1.4,3.0,2.5,6.0,0.0,0.5,0.4,42.0,69.0,88.5,65.5,3.0,34.0,6.0,0.0,0.5,0.4,40.0,70.0,90.0,65.0,3.0,35.0,6.0,0.0,0.5,0.4
1974,2,166.0,-23.0,26.32,27.0,27.68,27.0,2.0,1.41,16.0,0.5,0.4,0.4,26.03,26.1,26.17,26.1,2.0,0.14,16.0,0.5,0.4,0.4,17.89,18.12,18.36,18.12,2.0,0.49,16.0,0.5,0.4,0.4,84.9,85.6,86.3,85.6,2.0,1.5,16.0,0.5,0.4,4.51,5.4,6.29,5.4,2.0,1.84,16.0,0.5,0.4,0.4,-5.49,-4.83,-4.16,-4.83,2.0,1.38,16.0,0.5,0.4,0.4,1.71,2.38,3.04,2.38,2.0,1.38,16.0,0.5,0.4,0.4,1008.74,1009.25,1009.76,1009.25,2.0,1.06,16.0,0.5,0.4,0.4,4.3,5.0,5.7,5.0,2.0,1.4,16.0,0.5,0.4,0.4,-35.2,-27.3,-19.5,-27.3,2.0,16.3,16.0,0.5,0.4,0.4,8.4,14.1,19.8,14.1,2.0,11.8,16.0,0.5,0.4,0.4,0.29,0.9,1.51,0.9,2.0,1.27,16.0,0.5,0.4,0.4,1.2,3.7,6.2,3.7,2.0,5.2,16.0,0.5,0.4,0.4,3.61,4.29,4.98,4.29,2.0,1.42,16.0,0.5,0.4,0.4,21.8,21.9,22.0,21.9,2.0,0.2,16.0,0.5,0.4,0.4,-142.9,-125.9,-108.9,-125.9,2.0,35.3,16.0,0.5,0.4,0.4,44.7,61.9,79.1,61.9,2.0,35.6,16.0,0.5,0.4,0.4,-98.1,-87.2,-76.2,-87.2,2.0,22.6,16.0,0.5,0.4,0.4,31.2,42.7,54.2,42.7,2.0,23.8,16.0,0.5,0.4,0.4,-20.2,-19.7,-19.3,-19.7,2.0,1.0,16.0,0.5,0.4,0.4,8.0,9.2,10.4,9.2,2.0,2.5,16.0,0.5,0.4,0.4,105.5,185.0,264.0,185.0,2.0,164.0,16.0,0.5,0.4,0.4,105.0,185.0,265.0,185.0,2.0,165.0,16.0,0.5,0.4,0.4
1974,2,166.0,-22.0,29.0,29.0,29.0,29.0,1.0,0.0,28.0,1.0,0.3,1.0,26.05,27.45,28.85,27.45,2.0,2.9,16.0,0.5,0.3,0.7,20.16,20.16,20.16,20.16,1.0,0.0,28.0,1.0,0.3,1.0,78.2,78.2,78.2,78.2,1.0,0.0,28.0,1.0,1.0,0.0,0.0,0.0,0.0,1.0,0.0,28.0,1.0,0.3,1.0,0.0,0.0,0.0,0.0,1.0,0.0,28.0,1.0,0.3,1.0,0.0,0.0,0.0,0.0,1.0,0.0,28.0,1.0,0.3,1.0,1011.8,1011.8,1011.8,1011.8,1.0,0.0,28.0,1.0,0.3,1.0,5.5,6.5,7.5,6.5,2.0,2.1,16.0,0.5,0.3,0.7,0.0,0.0,0.0,0.0,1.0,0.0,28.0,1.0,0.3,1.0,0.0,0.0,0.0,0.0,1.0,0.0,28.0,1.0,0.3,1.0,-0.5,-0.5,-0.5,-0.5,1.0,0.0,28.0,1.0,0.3,1.0,0.0,0.0,0.0,0.0,1.0,0.0,28.0,1.0,0.3,1.0,4.97,4.97,4.97,4.97,1.0,0.0,28.0,1.0,0.3,1.0,0.0,0.0,0.0,0.0,1.0,0.0,28.0,1.0,0.3,1.0,0.0,0.0,0.0,0.0,1.0,0.0,28.0,1.0,0.3,1.0,0.0,0.0,0.0,0.0,1.0,0.0,28.0,1.0,0.3,1.0,0.0,0.0,0.0,0.0,1.0,0.0,28.0,1.0,0.3,1.0,0.0,0.0,0.0,0.0,1.0,0.0,28.0,1.0,0.3,1.0,0.0,0.0,0.0,0.0,1.0,0.0,28.0,1.0,0.3,1.0,0.0,0.0,0.0,0.0,1.0,0.0,28.0,1.0,0.3,1.0,0.0,0.0,0.0,0.0,1.0,0.0,28.0,1.0,0.3,1.0,0.0,0.0,0.0,0.0,1.0,0.0,28.0,1.0,0.3,1.0
1974,2,166.0,-21.0,29.0,29.0,29.0,29.0,1.0,0.0,28.0,1.0,0.3,0.2,29.8,29.8,29.8,29.8,1.0,0.0,28.0,1.0,0.3,0.2,19.58,19.58,19.58,19.58,1.0,0.0,28.0,1.0,0.3,0.2,74.6,74.6,74.6,74.6,1.0,0.0,28.0,1.0,0.2,2.6,2.6,2.6,2.6,1.0,0.0,28.0,1.0,0.3,0.2,-1.67,-1.67,-1.67,-1.67,1.0,0.0,28.0,1.0,0.3,0.2,-1.99,-1.99,-1.99,-1.99,1.0,0.0,28.0,1.0,0.3,0.2,1010.6,1010.6,1010.6,1010.6,1.0,0.0,28.0,1.0,0.3,0.2,5.0,5.0,5.0,5.0,1.0,0.0,28.0,1.0,0.3,0.2,-4.3,-4.3,-4.3,-4.3,1.0,0.0,28.0,1.0,0.3,0.2,-5.2,-5.2,-5.2,-5.2,1.0,0.0,28.0,1.0,0.3,0.2,-0.8,-0.8,-0.8,-0.8,1.0,0.0,28.0,1.0,0.3,0.2,-2.1,-2.1,-2.1,-2.1,1.0,0.0,28.0,1.0,0.3,0.2,5.58,5.58,5.58,5.58,1.0,0.0,28.0,1.0,0.3,0.2,14.5,14.5,14.5,14.5,1.0,0.0,28.0,1.0,0.3,0.2,-49.8,-49.8,-49.8,-49.8,1.0,0.0,28.0,1.0,0.3,0.2,-59.4,-59.4,-59.4,-59.4,1.0,0.0,28.0,1.0,0.3,0.2,-32.7,-32.7,-32.7,-32.7,1.0,0.0,28.0,1.0,0.3,0.2,-39.0,-39.0,-39.0,-39.0,1.0,0.0,28.0,1.0,0.3,0.2,-9.3,-9.3,-9.3,-9.3,1.0,0.0,28.0,1.0,0.3,0.2,-11.1,-11.1,-11.1,-11.1,1.0,0.0,28.0,1.0,0.3,0.2,17.5,17.5,17.5,17.5,1.0,0.0,28.0,1.0,0.3,0.2,20.0,20.0,20.0,20.0,1.0,0.0,28.0,1.0,0.3,0.2
1974,2,166.0,-19.0,,,,,,,,,,,,,,,,,,,,,,,,,,,,,,,,,,,,,,,,0.0,0.0,0.0,0.0,1.0,0.0,18.0,1.0,0.6,0.9,0.0,0.0,0.0,0.0,1.0,0.0,18.0,1.0,0.6,0.9,0.0,0.0,0.0,0.0,1.0,0.0,18.0,1.0,0.6,0.9,1010.3,1010.3,1010.3,1010.3,1.0,0.0,18.0,1.0,0.6,0.9,,,,,,,,,,,,,,,,,,,,,,,,,,,,,,,,,,,,,,,,,,,,,,,,,,,,,,,,,,,,,,,,,,,,,,,,,,,,,,,,,,,,,,,,,,,,,,,,,,,,,,,,,,,,,,,,,,,,,,,,,,,,,,,,,,,,,,,,,,,,,,,,,,,,,,
1974,2,166.0,-18.0,,,,,,,,,,,,,,,,,,,,,,,,,,,,,,,,,,,,,,,,,,,,,,,,,,,,,,,,,,,,,,,,,,,,,,,,,,,,,,,,7.0,7.0,7.0,7.0,1.0,0.0,20.0,0.0,0.3,0.1,7.2,7.2,7.2,7.2,1.0,0.0,20.0,0.0,0.3,0.1,-19.9,-19.9,-19.9,-19.9,1.0,0.0,20.0,0.0,0.3,0.1,,,,,,,,,,,,,,,,,,,,,,,,,,,,,,,,,,,,,,,,,,,,,,,,,,,,,,,,,,,,,,,,,,,,,,,,,,,,,,,,,,,,,,,,,,,,,,,,,,,,,,,,,,,,,,,,,,,,,,,,
1974,2,166.0,-16.0,,,,,,,,,,,,,,,,,,,,,,,,,,,,,,,,,,,,,,,,3.0,3.0,3.0,3.0,1.0,0.0,28.0,1.0,0.3,1.0,1.5,1.5,1.5,1.5,1.0,0.0,28.0,1.0,0.3,1.0,2.6,2.6,2.6,2.6,1.0,0.0,28.0,1.0,0.3,1.0,1006.7,1006.7,1006.7,1006.7,1.0,0.0,28.0,1.0,0.3,1.0,,,,,,,,,,,,,,,,,,,,,,,,,,,,,,,,,,,,,,,,,,,,,,,,,,,,,,,,,,,,,,,,,,,,,,,,,,,,,,,,,,,,,,,,,,,,,,,,,,,,,,,,,,,,,,,,,,,,,,,,,,,,,,,,,,,,,,,,,,,,,,,,,,,,,,
1974,2,166.0,-15.0,29.5,29.7,29.9,29.7,2.0,0.42,22.0,0.0,0.4,0.7,28.02,28.5,30.21,29.1,3.0,1.68,22.0,0.3,0.4,0.5,22.44,22.44,22.44,22.44,1.0,0.0,16.0,0.0,0.8,0.5,95.4,95.4,95.4,95.4,1.0,0.0,16.0,0.0,0.5,2.84,3.35,3.86,3.35,2.0,1.06,22.0,0.0,0.4,0.7,-1.67,-0.42,0.82,-0.42,2.0,2.58,22.0,0.0,0.4,0.7,-0.48,1.28,3.04,1.28,2.0,3.64,22.0,0.0,0.4,0.7,1005.2,1005.4,1006.29,1005.73,3.0,0.85,22.0,0.3,0.4,0.5,0.3,1.0,2.4,1.3,3.0,1.5,22.0,0.3,0.4,0.5,-4.0,-0.1,3.9,-0.1,2.0,8.2,22.0,0.0,0.4,0.7,-0.3,6.2,12.8,6.2,2.0,13.6,22.0,0.0,0.4,0.7,1.52,1.55,1.58,1.55,2.0,0.07,22.0,0.0,0.4,0.7,4.5,5.2,5.8,5.2,2.0,1.4,22.0,0.0,0.4,0.7,3.42,3.42,3.42,3.42,1.0,0.0,16.0,0.0,0.8,0.5,8.9,8.9,8.9,8.9,1.0,0.0,16.0,0.0,0.8,0.5,-46.3,-11.3,23.7,-11.3,2.0,72.5,22.0,0.0,0.4,0.7,-13.0,36.8,86.6,36.8,2.0,103.2,22.0,0.0,0.4,0.7,-50.5,-50.5,-50.5,-50.5,1.0,0.0,16.0,0.0,0.8,0.5,-29.2,-29.2,-29.2,-29.2,1.0,0.0,16.0,0.0,0.8,0.5,-7.7,-7.7,-7.7,-7.7,1.0,0.0,16.0,0.0,0.8,0.5,-4.5,-4.5,-4.5,-4.5,1.0,0.0,16.0,0.0,0.8,0.5,25.5,43.0,61.0,43.0,2.0,36.5,22.0,0.0,0.4,0.7,25.0,45.0,60.0,45.0,2.0,35.0,22.0,0.0,0.4,0.7
1974,2,166.0,-14.0,28.0,28.0,28.0,28.0,1.0,0.0,2.0,0.0,0.4,0.1,28.4,28.4,28.4,28.4,1.0,0.0,2.0,0.0,0.4,0.1,19.82,19.82,19.82,19.82,1.0,0.0,2.0,0.0,0.4,0.1,81.4,81.4,81.4,81.4,1.0,0.0,2.0,0.0,0.1,8.7,8.7,8.7,8.7,1.0,0.0,2.0,0.0,0.4,0.1,4.35,4.35,4.35,4.35,1.0,0.0,2.0,0.0,0.4,0.1,7.53,7.53,7.53,7.53,1.0,0.0,2.0,0.0,0.4,0.1,1004.8,1004.8,1004.8,1004.8,1.0,0.0,2.0,0.0,0.4,0.1,6.0,6.0,6.0,6.0,1.0,0.0,2.0,0.0,0.4,0.1,37.8,37.8,37.8,37.8,1.0,0.0,2.0,0.0,0.4,0.1,65.5,65.5,65.5,65.5,1.0,0.0,2.0,0.0,0.4,0.1,-0.4,-0.4,-0.4,-0.4,1.0,0.0,2.0,0.0,0.4,0.1,-3.5,-3.5,-3.5,-3.5,1.0,0.0,2.0,0.0,0.4,0.1,4.04,4.04,4.04,4.04,1.0,0.0,2.0,0.0,0.4,0.1,35.2,35.2,35.2,35.2,1.0,0.0,2.0,0.0,0.4,0.1,123.5,123.5,123.5,123.5,1.0,0.0,2.0,0.0,0.4,0.1,214.0,214.0,214.0,214.0,1.0,0.0,2.0,0.0,0.4,0.1,86.2,86.2,86.2,86.2,1.0,0.0,2.0,0.0,0.4,0.1,149.3,149.3,149.3,149.3,1.0,0.0,2.0,0.0,0.4,0.1,17.6,17.6,17.6,17.6,1.0,0.0,2.0,0.0,0.4,0.1,30.4,30.4,30.4,30.4,1.0,0.0,2.0,0.0,0.4,0.1,658.5,658.5,658.5,658.5,1.0,0.0,2.0,0.0,0.4,0.1,660.0,660.0,660.0,660.0,1.0,0.0,2.0,0.0,0.4,0.1
1974,2,166.0,-12.0,30.0,30.0,30.0,30.0,1.0,0.0,22.0,0.0,0.2,0.4,27.5,27.5,27.5,27.5,1.0,0.0,22.0,0.0,0.2,0.4,18.71,18.71,18.71,18.71,1.0,0.0,22.0,0.0,0.2,0.4,81.2,81.2,81.2,81.2,1.0,0.0,22.0,0.0,0.4,4.6,4.6,4.6,4.6,1.0,0.0,22.0,0.0,0.2,0.4,-4.32,-4.32,-4.32,-4.32,1.0,0.0,22.0,0.0,0.2,0.4,1.57,1.57,1.57,1.57,1.0,0.0,22.0,0.0,0.2,0.4,1008.0,1008.0,1008.0,1008.0,1.0,0.0,22.0,0.0,0.2,0.4,1.0,1.0,1.0,1.0,1.0,0.0,22.0,0.0,0.2,0.4,-19.9,-19.9,-19.9,-19.9,1.0,0.0,22.0,0.0,0.2,0.4,7.2,7.2,7.2,7.2,1.0,0.0,22.0,0.0,0.2,0.4,2.5,2.5,2.5,2.5,1.0,0.0,22.0,0.0,0.2,0.4,11.5,11.5,11.5,11.5,1.0,0.0,22.0,0.0,0.2,0.4,8.05,8.05,8.05,8.05,1.0,0.0,22.0,0.0,0.2,0.4,37.0,37.0,37.0,37.0,1.0,0.0,22.0,0.0,0.2,0.4,-118.9,-118.9,-118.9,-118.9,1.0,0.0,22.0,0.0,0.2,0.4,43.3,43.3,43.3,43.3,1.0,0.0,22.0,0.0,0.2,0.4,-80.9,-80.9,-80.9,-80.9,1.0,0.0,22.0,0.0,0.2,0.4,29.4,29.4,29.4,29.4,1.0,0.0,22.0,0.0,0.2,0.4,-34.8,-34.8,-34.8,-34.8,1.0,0.0,22.0,0.0,0.2,0.4,12.7,12.7,12.7,12.7,1.0,0.0,22.0,0.0,0.2,0.4,97.5,97.5,97.5,97.5,1.0,0.0,22.0,0.0,0.2,0.4,95.0,95.0,95.0,95.0,1.0,0.0,22.0,0.0,0.2,0.4
1974,2,166.0,-9.0,31.0,31.0,31.0,31.0,1.0,0.0,20.0,0.0,0.1,1.0,27.2,27.2,27.2,27.2,1.0,0.0,20.0,0.0,0.1,1.0,18.72,18.72,18.72,18.72,1.0,0.0,20.0,0.0,0.1,1.0,82.7,82.7,82.7,82.7,1.0,0.0,20.0,0.0,1.0,2.6,2.6,2.6,2.6,1.0,0.0,20.0,0.0,0.1,1.0,-1.67,-1.67,-1.67,-1.67,1.0,0.0,20.0,0.0,0.1,1.0,-1.99,-1.99,-1.99,-1.99,1.0,0.0,20.0,0.0,0.1,1.0,1007.2,1007.2,1007.2,1007.2,1.0,0.0,20.0,0.0,0.1,1.0,2.0,2.0,2.0,2.0,1.0,0.0,20.0,0.0,0.1,1.0,-4.3,-4.3,-4.3,-4.3,1.0,0.0,20.0,0.0,0.1,1.0,-5.2,-5.2,-5.2,-5.2,1.0,0.0,20.0,0.0,0.1,1.0,3.8,3.8,3.8,3.8,1.0,0.0,20.0,0.0,0.1,1.0,9.9,9.9,9.9,9.9,1.0,0.0,20.0,0.0,0.1,1.0,9.66,9.66,9.66,9.66,1.0,0.0,20.0,0.0,0.1,1.0,25.1,25.1,25.1,25.1,1.0,0.0,20.0,0.0,0.1,1.0,-45.5,-45.5,-45.5,-45.5,1.0,0.0,20.0,0.0,0.1,1.0,-54.2,-54.2,-54.2,-54.2,1.0,0.0,20.0,0.0,0.1,1.0,-31.3,-31.3,-31.3,-31.3,1.0,0.0,20.0,0.0,0.1,1.0,-37.3,-37.3,-37.3,-37.3,1.0,0.0,20.0,0.0,0.1,1.0,-16.1,-16.1,-16.1,-16.1,1.0,0.0,20.0,0.0,0.1,1.0,-19.2,-19.2,-19.2,-19.2,1.0,0.0,20.0,0.0,0.1,1.0,17.5,17.5,17.5,17.5,1.0,0.0,20.0,0.0,0.1,1.0,20.0,20.0,20.0,20.0,1.0,0.0,20.0,0.0,0.1,1.0
1974,2,166.0,-8.0,,,,,,,,,,,,,,,,,,,,,,,,,,,,,,,,,,,,,,,,7.7,7.7,7.7,7.7,1.0,0.0,22.0,1.0,0.3,0.2,-5.9,-5.9,-5.9,-5.9,1.0,0.0,22.0,1.0,0.3,0.2,-4.95,-4.95,-4.95,-4.95,1.0,0.0,22.0,1.0,0.3,0.2,1008.0,1008.0,1008.0,1008.0,1.0,0.0,22.0,1.0,0.3,0.2,,,,,,,,,,,,,,,,,,,,,,,,,,,,,,,,,,,,,,,,,,,,,,,,,,,,,,,,,,,,,,,,,,,,,,,,,,,,,,,,,,,,,,,,,,,,,,,,,,,,,,,,,,,,,,,,,,,,,,,,,,,,,,,,,,,,,,,,,,,,,,,,,,,,,,
1974,2,166.0,-7.0,29.3,29.3,29.3,29.3,1.0,0.0,10.0,1.0,0.4,0.9,29.0,29.0,29.0,29.0,1.0,0.0,10.0,1.0,0.4,0.9,18.58,18.58,18.58,18.58,1.0,0.0,10.0,1.0,0.4,0.9,73.6,73.6,73.6,73.6,1.0,0.0,10.0,1.0,0.9,5.1,5.1,5.1,5.1,1.0,0.0,10.0,1.0,0.4,0.9,-3.91,-3.91,-3.91,-3.91,1.0,0.0,10.0,1.0,0.4,0.9,-3.28,-3.28,-3.28,-3.28,1.0,0.0,10.0,1.0,0.4,0.9,1002.8,1002.8,1002.8,1002.8,1.0,0.0,10.0,1.0,0.4,0.9,2.0,2.0,2.0,2.0,1.0,0.0,10.0,1.0,0.4,0.9,-19.9,-19.9,-19.9,-19.9,1.0,0.0,10.0,1.0,0.4,0.9,-16.7,-16.7,-16.7,-16.7,1.0,0.0,10.0,1.0,0.4,0.9,0.3,0.3,0.3,0.3,1.0,0.0,10.0,1.0,0.4,0.9,1.5,1.5,1.5,1.5,1.0,0.0,10.0,1.0,0.4,0.9,7.24,7.24,7.24,7.24,1.0,0.0,10.0,1.0,0.4,0.9,36.9,36.9,36.9,36.9,1.0,0.0,10.0,1.0,0.4,0.9,-113.3,-113.3,-113.3,-113.3,1.0,0.0,10.0,1.0,0.4,0.9,-95.1,-95.1,-95.1,-95.1,1.0,0.0,10.0,1.0,0.4,0.9,-72.6,-72.6,-72.6,-72.6,1.0,0.0,10.0,1.0,0.4,0.9,-60.9,-60.9,-60.9,-60.9,1.0,0.0,10.0,1.0,0.4,0.9,-28.3,-28.3,-28.3,-28.3,1.0,0.0,10.0,1.0,0.4,0.9,-23.7,-23.7,-23.7,-23.7,1.0,0.0,10.0,1.0,0.4,0.9,132.5,132.5,132.5,132.5,1.0,0.0,10.0,1.0,0.4,0.9,135.0,135.0,135.0,135.0,1.0,0.0,10.0,1.0,0.4,0.9
1974,2,166.0,-6.0,,,,,,,,,,,,,,,,,,,,,,,,,,,,,,,,,,,,,,,,7.7,7.7,7.7,7.7,1.0,0.0,16.0,1.0,0.4,0.5,-3.85,-3.85,-3.85,-3.85,1.0,0.0,16.0,1.0,0.4,0.5,-6.67,-6.67,-6.67,-6.67,1.0,0.0,16.0,1.0,0.4,0.5,1008.8,1008.8,1008.8,1008.8,1.0,0.0,16.0,1.0,0.4,0.5,,,,,,,,,,,,,,,,,,,,,,,,,,,,,,,,,,,,,,,,,,,,,,,,,,,,,,,,,,,,,,,,,,,,,,,,,,,,,,,,,,,,,,,,,,,,,,,,,,,,,,,,,,,,,,,,,,,,,,,,,,,,,,,,,,,,,,,,,,,,,,,,,,,,,,
1974,2,166.0,-3.0,29.8,29.8,29.8,29.8,1.0,0.0,10.0,1.0,0.0,0.6,26.0,26.0,26.0,26.0,1.0,0.0,10.0,1.0,0.0,0.6,19.94,19.94,19.94,19.94,1.0,0.0,10.0,1.0,0.0,0.6,94.2,94.2,94.2,94.2,1.0,0.0,10.0,1.0,0.6,6.7,6.7,6.7,6.7,1.0,0.0,10.0,1.0,0.0,0.6,-5.8,-5.8,-5.8,-5.8,1.0,0.0,10.0,1.0,0.0,0.6,3.35,3.35,3.35,3.35,1.0,0.0,10.0,1.0,0.0,0.6,1004.5,1004.5,1004.5,1004.5,1.0,0.0,10.0,1.0,0.0,0.6,8.0,8.0,8.0,8.0,1.0,0.0,10.0,1.0,0.0,0.6,-38.9,-38.9,-38.9,-38.9,1.0,0.0,10.0,1.0,0.0,0.6,22.4,22.4,22.4,22.4,1.0,0.0,10.0,1.0,0.0,0.6,3.8,3.8,3.8,3.8,1.0,0.0,10.0,1.0,0.0,0.6,25.5,25.5,25.5,25.5,1.0,0.0,10.0,1.0,0.0,0.6,6.59,6.59,6.59,6.59,1.0,0.0,10.0,1.0,0.0,0.6,44.2,44.2,44.2,44.2,1.0,0.0,10.0,1.0,0.0,0.6,-150.9,-150.9,-150.9,-150.9,1.0,0.0,10.0,1.0,0.0,0.6,87.1,87.1,87.1,87.1,1.0,0.0,10.0,1.0,0.0,0.6,-115.7,-115.7,-115.7,-115.7,1.0,0.0,10.0,1.0,0.0,0.6,66.8,66.8,66.8,66.8,1.0,0.0,10.0,1.0,0.0,0.6,-38.2,-38.2,-38.2,-38.2,1.0,0.0,10.0,1.0,0.0,0.6,22.1,22.1,22.1,22.1,1.0,0.0,10.0,1.0,0.0,0.6,301.0,301.0,301.0,301.0,1.0,0.0,10.0,1.0,0.0,0.6,300.0,300.0,300.0,300.0,1.0,0.0,10.0,1.0,0.0,0.6
1974,2,166.0,-2.0,27.7,27.7,27.7,27.7,1.0,0.0,10.0,0.0,0.5,0.6,26.8,26.8,26.8,26.8,1.0,0.0,10.0,0.0,0.5,0.6,17.62,17.62,17.62,17.62,1.0,0.0,10.0,0.0,0.5,0.6,79.7,79.7,79.7,79.7,1.0,0.0,10.0,0.0,0.6,6.2,6.2,6.2,6.2,1.0,0.0,10.0,0.0,0.5,0.6,-5.83,-5.83,-5.83,-5.83,1.0,0.0,10.0,0.0,0.5,0.6,-2.12,-2.12,-2.12,-2.12,1.0,0.0,10.0,0.0,0.5,0.6,1006.9,1006.9,1006.9,1006.9,1.0,0.0,10.0,0.0,0.5,0.6,8.0,8.0,8.0,8.0,1.0,0.0,10.0,0.0,0.5,0.6,-36.1,-36.1,-36.1,-36.1,1.0,0.0,10.0,0.0,0.5,0.6,-13.1,-13.1,-13.1,-13.1,1.0,0.0,10.0,0.0,0.5,0.6,0.9,0.9,0.9,0.9,1.0,0.0,10.0,0.0,0.5,0.6,5.6,5.6,5.6,5.6,1.0,0.0,10.0,0.0,0.5,0.6,5.77,5.77,5.77,5.77,1.0,0.0,10.0,0.0,0.5,0.6,35.8,35.8,35.8,35.8,1.0,0.0,10.0,0.0,0.5,0.6,-156.1,-156.1,-156.1,-156.1,1.0,0.0,10.0,0.0,0.5,0.6,-56.8,-56.8,-56.8,-56.8,1.0,0.0,10.0,0.0,0.5,0.6,-102.6,-102.6,-102.6,-102.6,1.0,0.0,10.0,0.0,0.5,0.6,-37.4,-37.4,-37.4,-37.4,1.0,0.0,10.0,0.0,0.5,0.6,-33.6,-33.6,-33.6,-33.6,1.0,0.0,10.0,0.0,0.5,0.6,-12.2,-12.2,-12.2,-12.2,1.0,0.0,10.0,0.0,0.5,0.6,238.5,238.5,238.5,238.5,1.0,0.0,10.0,0.0,0.5,0.6,240.0,240.0,240.0,240.0,1.0,0.0,10.0,0.0,0.5,0.6
1974,2,166.0,9.0,28.8,28.8,28.8,28.8,1.0,0.0,12.0,1.0,0.8,0.0,27.2,27.2,27.2,27.2,1.0,0.0,12.0,1.0,0.8,0.0,19.06,19.06,19.06,19.06,1.0,0.0,12.0,1.0,0.8,0.0,84.2,84.2,84.2,84.2,1.0,0.0,12.0,1.0,0.0,8.8,9.0,9.2,9.0,2.0,0.42,16.0,1.0,0.6,0.0,-9.06,-8.86,-8.66,-8.86,2.0,0.42,16.0,1.0,0.6,0.0,-1.6,-1.56,-1.53,-1.56,2.0,0.07,16.0,1.0,0.6,0.0,1007.58,1007.75,1007.92,1007.75,2.0,0.35,16.0,1.0,0.6,0.0,3.5,4.5,5.5,4.5,2.0,2.1,16.0,1.0,0.6,0.0,-83.5,-79.9,-76.2,-79.9,2.0,7.5,16.0,1.0,0.6,0.0,-14.7,-14.1,-13.4,-14.1,2.0,1.3,16.0,1.0,0.6,0.0,1.6,1.6,1.6,1.6,1.0,0.0,12.0,1.0,0.8,0.0,13.9,13.9,13.9,13.9,1.0,0.0,12.0,1.0,0.8,0.0,5.89,5.89,5.89,5.89,1.0,0.0,12.0,1.0,0.8,0.0,51.2,51.2,51.2,51.2,1.0,0.0,12.0,1.0,0.8,0.0,-233.0,-233.0,-233.0,-233.0,1.0,0.0,12.0,1.0,0.8,0.0,-41.1,-41.1,-41.1,-41.1,1.0,0.0,12.0,1.0,0.8,0.0,-163.3,-163.3,-163.3,-163.3,1.0,0.0,12.0,1.0,0.8,0.0,-28.8,-28.8,-28.8,-28.8,1.0,0.0,12.0,1.0,0.8,0.0,-50.4,-50.4,-50.4,-50.4,1.0,0.0,12.0,1.0,0.8,0.0,-8.9,-8.9,-8.9,-8.9,1.0,0.0,12.0,1.0,0.8,0.0,681.5,731.5,781.0,731.5,2.0,103.0,16.0,1.0,0.6,0.0,680.0,730.0,780.0,730.0,2.0,105.0,16.0,1.0,0.6,0.0
1974,2,166.0,15.0,27.2,27.2,27.2,27.2,1.0,0.0,12.0,1.0,0.0,0.4,26.7,26.7,26.7,26.7,1.0,0.0,12.0,1.0,0.0,0.4,16.5,16.5,16.5,16.5,1.0,0.0,12.0,1.0,0.0,0.4,75.4,75.4,75.4,75.4,1.0,0.0,12.0,1.0,0.4,8.2,8.2,8.2,8.2,1.0,0.0,12.0,1.0,0.0,0.4,-8.2,-8.2,-8.2,-8.2,1.0,0.0,12.0,1.0,0.0,0.4,0.0,0.0,0.0,0.0,1.0,0.0,12.0,1.0,0.0,0.4,1010.8,1010.8,1010.8,1010.8,1.0,0.0,12.0,1.0,0.0,0.4,1.0,1.0,1.0,1.0,1.0,0.0,12.0,1.0,0.0,0.4,-67.2,-67.2,-67.2,-67.2,1.0,0.0,12.0,1.0,0.0,0.4,0.0,0.0,0.0,0.0,1.0,0.0,12.0,1.0,0.0,0.4,0.5,0.5,0.5,0.5,1.0,0.0,12.0,1.0,0.0,0.4,4.1,4.1,4.1,4.1,1.0,0.0,12.0,1.0,0.0,0.4,6.11,6.11,6.11,6.11,1.0,0.0,12.0,1.0,0.0,0.4,50.1,50.1,50.1,50.1,1.0,0.0,12.0,1.0,0.0,0.4,-218.9,-218.9,-218.9,-218.9,1.0,0.0,12.0,1.0,0.0,0.4,0.0,0.0,0.0,0.0,1.0,0.0,12.0,1.0,0.0,0.4,-135.3,-135.3,-135.3,-135.3,1.0,0.0,12.0,1.0,0.0,0.4,0.0,0.0,0.0,0.0,1.0,0.0,12.0,1.0,0.0,0.4,-50.1,-50.1,-50.1,-50.1,1.0,0.0,12.0,1.0,0.0,0.4,0.0,0.0,0.0,0.0,1.0,0.0,12.0,1.0,0.0,0.4,551.5,551.5,551.5,551.5,1.0,0.0,12.0,1.0,0.0,0.4,550.0,550.0,550.0,550.0,1.0,0.0,12.0,1.0,0.0,0.4
1974,2,166.0,16.0,27.2,27.2,27.2,27.2,1.0,0.0,14.0,0.0,0.3,0.0,24.2,24.2,24.2,24.2,1.0,0.0,14.0,0.0,0.3,0.0,15.48,15.48,15.48,15.48,1.0,0.0,14.0,0.0,0.3,0.0,82.3,82.3,82.3,82.3,1.0,0.0,14.0,0.0,0.0,10.3,10.3,10.3,10.3,1.0,0.0,14.0,0.0,0.3,0.0,-6.62,-6.62,-6.62,-6.62,1.0,0.0,14.0,0.0,0.3,0.0,-7.89,-7.89,-7.89,-7.89,1.0,0.0,14.0,0.0,0.3,0.0,1012.8,1012.8,1012.8,1012.8,1.0,0.0,14.0,0.0,0.3,0.0,8.0,8.0,8.0,8.0,1.0,0.0,14.0,0.0,0.3,0.0,-68.2,-68.2,-68.2,-68.2,1.0,0.0,14.0,0.0,0.3,0.0,-81.3,-81.3,-81.3,-81.3,1.0,0.0,14.0,0.0,0.3,0.0,3.0,3.0,3.0,3.0,1.0,0.0,14.0,0.0,0.3,0.0,30.9,30.9,30.9,30.9,1.0,0.0,14.0,0.0,0.3,0.0,7.09,7.09,7.09,7.09,1.0,0.0,14.0,0.0,0.3,0.0,73.0,73.0,73.0,73.0,1.0,0.0,14.0,0.0,0.3,0.0,-160.2,-160.2,-160.2,-160.2,1.0,0.0,14.0,0.0,0.3,0.0,-190.9,-190.9,-190.9,-190.9,1.0,0.0,14.0,0.0,0.3,0.0,-102.5,-102.5,-102.5,-102.5,1.0,0.0,14.0,0.0,0.3,0.0,-122.2,-122.2,-122.2,-122.2,1.0,0.0,14.0,0.0,0.3,0.0,-46.9,-46.9,-46.9,-46.9,1.0,0.0,14.0,0.0,0.3,0.0,-55.9,-55.9,-55.9,-55.9,1.0,0.0,14.0,0.0,0.3,0.0,1092.5,1092.5,1092.5,1092.5,1.0,0.0,14.0,0.0,0.3,0.0,1095.0,1095.0,1095.0,1095.0,1.0,0.0,14.0,0.0,0.3,0.0
1974,2,166.0,17.0,26.39,26.7,27.22,26.8,4.0,0.66,16.0,0.5,0.3,0.5,24.4,24.7,25.31,24.85,4.0,0.57,16.0,0.5,0.3,0.5,11.49,13.22,14.85,13.18,4.0,1.96,16.0,0.5,0.3,0.5,59.3,66.9,75.5,67.3,4.0,10.1,16.0,0.5,0.5,4.05,7.2,13.33,8.63,4.0,6.75,16.0,0.5,0.3,0.5,-9.12,-2.98,-0.94,-4.94,4.0,6.12,16.0,0.5,0.3,0.5,-9.97,-6.47,-1.88,-5.95,4.0,5.25,16.0,0.5,0.3,0.5,1009.07,1011.15,1012.23,1010.68,4.0,2.29,16.0,0.5,0.3,0.5,3.0,5.0,6.0,4.5,4.0,1.9,16.0,0.5,0.3,0.5,-141.8,-14.4,-2.0,-69.3,4.0,119.8,16.0,0.5,0.3,0.5,-141.1,-48.3,-13.2,-75.9,4.0,92.6,16.0,0.5,0.3,0.5,1.1,1.7,2.82,1.95,4.0,1.06,16.0,0.5,0.3,0.5,5.5,14.7,31.4,18.3,4.0,17.1,16.0,0.5,0.3,0.5,7.74,9.1,10.08,8.92,4.0,1.38,16.0,0.5,0.3,0.5,32.2,66.8,134.2,82.4,4.0,71.1,16.0,0.5,0.3,0.5,-222.6,-73.9,-24.1,-121.1,4.0,149.0,16.0,0.5,0.3,0.5,-245.5,-160.4,-45.5,-146.2,4.0,129.1,16.0,0.5,0.3,0.5,-114.6,-44.5,-13.7,-63.3,4.0,71.6,16.0,0.5,0.3,0.5,-115.6,-81.6,-28.7,-72.6,4.0,61.8,16.0,0.5,0.3,0.5,-88.0,-23.5,-6.9,-46.4,4.0,62.8,16.0,0.5,0.3,0.5,-100.3,-60.9,-15.7,-58.2,4.0,52.8,16.0,0.5,0.3,0.5,118.5,395.0,3318.0,1657.5,4.0,2791.5,16.0,0.5,0.3,0.5,120.0,395.0,3320.0,1660.0,4.0,2790.0,16.0,0.5,0.3,0.5
1974,2,166.0,18.0,26.35,27.2,27.56,27.02,5.0,0.74,12.0,0.4,0.4,0.6,24.71,25.5,26.48,25.66,5.0,1.42,12.0,0.4,0.4,0.6,16.56,16.7,17.63,17.03,5.0,0.58,12.0,0.4,0.4,0.6,79.2,83.9,87.2,83.2,5.0,5.3,12.0,0.4,0.6,3.53,5.9,7.49,5.53,4.0,2.61,14.0,0.5,0.3,0.6,-7.49,-5.75,-3.23,-5.38,4.0,2.75,14.0,0.5,0.3,0.6,-0.91,0.0,0.55,-0.17,4.0,1.16,14.0,0.5,0.3,0.6,1012.82,1013.8,1016.48,1014.54,5.0,2.1,12.0,0.4,0.4,0.6,3.3,6.0,8.0,5.6,5.0,2.6,12.0,0.4,0.4,0.6,-56.6,-34.7,-13.6,-35.1,4.0,27.2,14.0,0.5,0.3,0.6,-4.7,0.0,1.2,-1.7,4.0,4.9,14.0,0.5,0.3,0.6,0.47,1.9,2.37,1.36,5.0,1.64,12.0,0.4,0.4,0.6,-2.8,7.5,11.5,4.5,4.0,10.2,14.0,0.5,0.3,0.6,4.18,4.93,6.48,5.28,5.0,1.31,12.0,0.4,0.4,0.6,18.3,24.2,33.7,25.9,4.0,10.8,14.0,0.5,0.3,0.6,-199.3,-151.8,-79.5,-140.0,4.0,74.2,14.0,0.5,0.3,0.6,-22.1,0.0,14.0,-3.9,4.0,28.5,14.0,0.5,0.3,0.6,-132.0,-99.4,-53.9,-93.3,4.0,49.6,14.0,0.5,0.3,0.6,-15.3,0.0,9.1,-2.9,4.0,19.3,14.0,0.5,0.3,0.6,-33.7,-23.5,-16.7,-25.1,4.0,11.6,14.0,0.5,0.3,0.6,-4.0,0.0,3.9,0.0,4.0,6.1,14.0,0.5,0.3,0.6,68.0,216.5,432.0,248.5,4.0,234.5,14.0,0.5,0.3,0.6,70.0,215.0,430.0,250.0,4.0,235.0,14.0,0.5,0.3,0.6
1974,2,166.0,19.0,26.12,26.15,26.18,26.15,2.0,0.07,12.0,0.5,0.3,0.3,25.66,25.8,25.94,25.8,2.0,0.28,12.0,0.5,0.3,0.3,15.94,16.09,16.24,16.09,2.0,0.31,12.0,0.5,0.3,0.3,76.8,77.9,79.0,77.9,2.0,2.3,12.0,0.5,0.3,8.8,9.0,9.2,9.0,2.0,0.42,12.0,0.5,0.3,0.3,-8.49,-8.31,-8.14,-8.31,2.0,0.36,12.0,0.5,0.3,0.3,-0.53,1.57,3.67,1.57,2.0,4.36,12.0,0.5,0.3,0.3,1011.85,1014.75,1017.65,1014.75,2.0,6.01,12.0,0.5,0.3,0.3,3.2,3.5,3.8,3.5,2.0,0.7,12.0,0.5,0.3,0.3,-74.8,-74.7,-74.6,-74.7,2.0,0.3,12.0,0.5,0.3,0.3,-4.2,15.1,34.3,15.1,2.0,39.9,12.0,0.5,0.3,0.3,0.25,0.35,0.45,0.35,2.0,0.21,12.0,0.5,0.3,0.3,2.2,3.2,4.2,3.2,2.0,2.1,12.0,0.5,0.3,0.3,4.94,5.07,5.2,5.07,2.0,0.27,12.0,0.5,0.3,0.3,45.4,45.6,45.7,45.6,2.0,0.3,12.0,0.5,0.3,0.3,-220.1,-214.5,-208.8,-214.5,2.0,11.7,12.0,0.5,0.3,0.3,-14.2,39.9,93.9,39.9,2.0,111.9,12.0,0.5,0.3,0.3,-135.2,-133.7,-132.1,-133.7,2.0,3.3,12.0,0.5,0.3,0.3,-8.1,25.9,60.0,25.9,2.0,70.6,12.0,0.5,0.3,0.3,-44.1,-42.2,-40.2,-42.2,2.0,4.1,12.0,0.5,0.3,0.3,-3.1,7.4,17.8,7.4,2.0,21.7,12.0,0.5,0.3,0.3,681.5,731.5,781.0,731.5,2.0,103.0,12.0,0.5,0.3,0.3,680.0,730.0,780.0,730.0,2.0,105.0,12.0,0.5,0.3,0.3
1974,2,166.0,20.0,25.29,25.85,26.41,25.85,4.0,0.72,14.0,0.5,0.6,0.4,24.13,24.75,25.31,24.73,4.0,0.76,14.0,0.5,0.6,0.4,14.52,15.58,16.81,15.66,4.0,1.54,14.0,0.5,0.6,0.4,72.4,80.6,89.6,81.0,4.0,10.1,14.0,0.5,0.4,3.58,5.4,6.96,5.28,4.0,1.99,14.0,0.5,0.6,0.4,1.83,4.83,6.69,4.28,4.0,2.93,14.0,0.5,0.6,0.4,-1.03,0.85,2.67,0.82,4.0,2.67,14.0,0.5,0.6,0.4,1013.01,1013.9,1014.42,1013.73,4.0,1.12,14.0,0.5,0.6,0.4,2.5,3.5,4.5,3.5,4.0,1.3,14.0,0.5,0.6,0.4,6.0,26.8,46.6,26.3,4.0,23.5,14.0,0.5,0.6,0.4,-8.5,4.7,12.4,2.1,4.0,14.5,14.0,0.5,0.6,0.4,0.0,0.8,2.28,1.13,4.0,1.4,14.0,0.5,0.6,0.4,0.0,3.3,14.1,6.9,4.0,9.8,14.0,0.5,0.6,0.4,4.37,5.58,5.89,5.15,4.0,1.13,14.0,0.5,0.6,0.4,16.2,26.9,39.3,27.7,4.0,13.6,14.0,0.5,0.6,0.4,45.5,118.7,165.2,105.9,4.0,72.4,14.0,0.5,0.6,0.4,-24.3,21.6,66.0,20.9,4.0,64.7,14.0,0.5,0.6,0.4,26.8,71.4,104.3,65.8,4.0,46.0,14.0,0.5,0.6,0.4,-17.0,12.6,45.6,14.2,4.0,45.3,14.0,0.5,0.6,0.4,9.8,26.5,37.7,23.9,4.0,17.2,14.0,0.5,0.6,0.4,-6.2,4.7,10.4,2.2,4.0,12.1,14.0,0.5,0.6,0.4,48.5,185.0,338.5,193.0,4.0,169.5,14.0,0.5,0.6,0.4,50.0,185.0,340.0,195.0,4.0,170.0,14.0,0.5,0.6,0.4
1974,2,166.0,21.0,24.11,25.95,26.97,25.67,6.0,1.75,16.0,0.2,0.3,0.5,22.14,23.5,25.12,23.39,7.0,1.6,16.0,0.1,0.4,0.6,11.13,14.73,16.6,14.19,6.0,2.66,16.0,0.2,0.3,0.5,64.7,82.6,84.1,76.9,6.0,10.1,16.0,0.2,0.5,4.89,5.65,9.29,7.27,6.0,4.17,18.0,0.2,0.4,0.7,-3.82,1.76,4.32,-0.04,6.0,6.3,18.0,0.2,0.4,0.7,-5.97,-4.32,3.8,-2.4,6.0,5.84,18.0,0.2,0.4,0.7,1012.28,1013.9,1014.43,1013.61,7.0,3.22,16.0,0.1,0.4,0.6,2.9,5.0,7.0,4.7,7.0,2.5,16.0,0.1,0.4,0.6,-44.6,9.4,25.2,-17.7,6.0,82.3,18.0,0.2,0.4,0.7,-61.7,-20.1,20.7,-29.7,6.0,66.1,18.0,0.2,0.4,0.7,0.21,1.5,4.02,1.88,6.0,2.0,16.0,0.2,0.3,0.5,0.2,19.9,26.9,15.1,5.0,15.5,18.0,0.2,0.3,0.7,4.28,7.01,8.27,6.49,6.0,2.01,16.0,0.2,0.3,0.5,33.6,43.4,76.9,56.2,5.0,40.3,18.0,0.2,0.3,0.7,-85.6,41.9,101.5,2.1,6.0,142.5,18.0,0.2,0.4,0.7,-137.7,-95.1,91.9,-50.0,6.0,136.7,18.0,0.2,0.4,0.7,-62.4,36.4,62.0,1.9,5.0,81.0,18.0,0.2,0.3,0.7,-82.4,-55.4,68.3,-16.1,5.0,87.2,18.0,0.2,0.3,0.7,-43.9,8.1,34.7,-6.4,5.0,54.5,18.0,0.2,0.3,0.7,-53.2,-31.1,24.3,-19.9,5.0,45.4,18.0,0.2,0.3,0.7,119.5,185.5,1116.5,780.0,6.0,1413.5,18.0,0.2,0.4,0.7,120.0,185.0,1115.0,780.0,6.0,1415.0,18.0,0.2,0.4,0.7
1974,2,166.0,22.0,24.65,25.2,25.75,25.2,2.0,1.13,14.0,0.5,0.5,0.3,23.58,24.4,25.22,24.4,2.0,1.7,14.0,0.5,0.5,0.3,13.61,14.77,15.93,14.77,2.0,2.41,14.0,0.5,0.5,0.3,75.4,77.5,79.5,77.5,2.0,4.3,14.0,0.5,0.3,5.43,6.15,6.87,6.15,2.0,1.48,14.0,0.5,0.5,0.3,-6.39,-5.59,-4.79,-5.59,2.0,1.66,14.0,0.5,0.5,0.3,-1.67,0.04,1.75,0.04,2.0,3.54,14.0,0.5,0.5,0.3,1013.61,1016.0,1018.39,1016.0,2.0,4.95,14.0,0.5,0.5,0.3,4.5,5.5,6.5,5.5,2.0,2.1,14.0,0.5,0.5,0.3,-44.6,-35.6,-26.7,-35.6,2.0,18.5,14.0,0.5,0.5,0.3,-12.9,-2.4,8.1,-2.4,2.0,21.7,14.0,0.5,0.5,0.3,-0.57,0.8,2.17,0.8,2.0,2.83,14.0,0.5,0.5,0.3,-1.9,7.0,16.0,7.0,2.0,18.6,14.0,0.5,0.5,0.3,3.43,5.2,6.98,5.2,2.0,3.67,14.0,0.5,0.5,0.3,20.1,34.7,49.4,34.7,2.0,30.3,14.0,0.5,0.5,0.3,-150.0,-135.0,-120.0,-135.0,2.0,31.0,14.0,0.5,0.5,0.3,-37.7,4.1,45.9,4.1,2.0,86.6,14.0,0.5,0.5,0.3,-85.9,-80.6,-75.2,-80.6,2.0,11.1,14.0,0.5,0.5,0.3,-20.4,4.9,30.2,4.9,2.0,52.5,14.0,0.5,0.5,0.3,-46.2,-32.1,-18.1,-32.1,2.0,29.2,14.0,0.5,0.5,0.3,-15.1,-6.3,2.5,-6.3,2.0,18.3,14.0,0.5,0.5,0.3,171.0,253.0,335.0,253.0,2.0,170.0,14.0,0.5,0.5,0.3,170.0,255.0,335.0,255.0,2.0,170.0,14.0,0.5,0.5,0.3
1974,2,166.0,23.0,23.63,24.2,25.03,24.33,4.0,0.96,16.0,1.0,0.5,0.3,24.19,24.7,25.1,24.65,4.0,0.55,16.0,1.0,0.5,0.3,12.7,14.98,15.5,14.14,4.0,2.1,16.0,1.0,0.5,0.3,66.6,78.4,80.0,73.5,4.0,11.8,16.0,1.0,0.3,1.95,6.15,8.2,5.13,4.0,3.93,16.0,1.0,0.5,0.3,-3.72,0.0,2.15,-0.75,4.0,4.65,16.0,1.0,0.5,0.3,0.0,2.05,6.25,3.08,4.0,3.93,16.0,1.0,0.5,0.3,1011.56,1015.3,1017.89,1014.75,4.0,4.49,16.0,1.0,0.5,0.3,3.0,5.0,6.0,4.5,4.0,1.9,16.0,1.0,0.5,0.3,-30.5,0.0,8.8,-10.4,4.0,32.9,16.0,1.0,0.5,0.3,0.0,16.8,51.2,25.2,4.0,32.2,16.0,1.0,0.5,0.3,-1.0,0.0,0.31,-0.32,4.0,1.09,16.0,1.0,0.5,0.3,-8.2,0.0,2.6,-2.7,4.0,8.9,16.0,1.0,0.5,0.3,3.82,4.54,5.87,4.83,4.0,1.35,16.0,1.0,0.5,0.3,7.0,28.0,48.2,27.6,4.0,24.7,16.0,1.0,0.5,0.3,-93.8,0.0,52.4,-19.7,4.0,116.2,16.0,1.0,0.5,0.3,0.0,51.7,156.6,77.1,4.0,98.2,16.0,1.0,0.5,0.3,-41.2,0.0,33.4,-3.7,4.0,58.3,16.0,1.0,0.5,0.3,0.0,22.7,88.0,43.0,4.0,59.8,16.0,1.0,0.5,0.3,-24.7,0.0,7.7,-8.1,4.0,27.0,16.0,1.0,0.5,0.3,0.0,13.6,34.5,17.1,4.0,20.5,16.0,1.0,0.5,0.3,33.0,310.0,551.5,293.0,4.0,300.0,16.0,1.0,0.5,0.3,35.0,310.0,550.0,295.0,4.0,300.0,16.0,1.0,0.5,0.3
1974,2,166.0,24.0,23.96,24.0,24.44,24.16,5.0,0.27,20.0,0.6,0.5,0.6,19.77,21.1,22.22,21.27,6.0,2.06,18.0,0.7,0.5,0.7,10.48,13.22,14.92,12.86,6.0,2.13,18.0,0.7,0.5,0.7,74.7,80.0,87.5,81.4,6.0,8.1,18.0,0.7,0.7,7.16,8.75,13.4,9.52,6.0,3.31,18.0,0.7,0.5,0.7,-10.26,-3.73,1.72,-3.69,6.0,6.06,18.0,0.7,0.5,0.7,-8.61,-6.98,5.58,-3.08,6.0,7.43,18.0,0.7,0.5,0.7,1012.88,1014.3,1015.18,1014.15,6.0,2.34,18.0,0.7,0.5,0.7,4.0,7.0,7.2,6.2,6.0,1.7,18.0,0.7,0.5,0.7,-137.6,-33.1,11.5,-49.8,6.0,73.3,18.0,0.7,0.5,0.7,-115.4,-60.2,33.4,-43.7,6.0,74.2,18.0,0.7,0.5,0.7,2.94,3.5,4.37,3.64,5.0,0.93,20.0,0.6,0.5,0.6,30.8,37.2,41.6,36.5,5.0,7.5,20.0,0.6,0.5,0.6,4.7,6.35,8.12,6.38,5.0,1.8,20.0,0.6,0.5,0.6,53.3,66.3,78.5,65.0,5.0,18.7,20.0,0.6,0.5,0.6,-216.6,-76.2,36.9,-78.8,6.0,125.9,18.0,0.7,0.5,0.7,-181.8,-136.3,133.4,-58.3,6.0,159.7,18.0,0.7,0.5,0.7,-133.2,-45.4,21.0,-49.8,6.0,76.0,18.0,0.7,0.5,0.7,-111.8,-72.4,84.1,-30.3,6.0,100.2,18.0,0.7,0.5,0.7,-56.1,-37.3,7.4,-24.9,5.0,41.7,20.0,0.6,0.5,0.6,-58.4,-48.9,-15.1,-35.6,5.0,39.1,20.0,0.6,0.5,0.6,389.5,678.0,2406.0,1126.0,6.0,1014.5,18.0,0.7,0.5,0.7,390.0,680.0,2405.0,1125.0,6.0,1015.0,18.0,0.7,0.5,0.7
1974,2,166.0,25.0,21.0,21.4,23.49,22.0,14.0,1.41,16.0,0.5,0.6,0.4,18.2,20.0,21.48,19.96,15.0,1.7,16.0,0.5,0.6,0.4,7.65,11.73,14.86,11.19,15.0,3.22,16.0,0.5,0.6,0.4,56.3,80.5,93.5,76.2,15.0,16.1,16.0,0.5,0.4,3.1,5.7,12.49,7.28,15.0,5.72,16.0,0.5,0.6,0.4,-8.18,-1.55,1.89,-2.6,15.0,4.95,16.0,0.5,0.6,0.4,-6.61,-3.85,1.55,-4.52,15.0,5.99,16.0,0.5,0.6,0.4,1012.84,1017.7,1021.89,1016.83,15.0,4.77,16.0,0.5,0.6,0.4,0.9,4.0,7.1,4.0,13.0,2.8,14.0,0.5,0.6,0.4,-130.5,-4.8,9.9,-37.8,15.0,63.5,16.0,0.5,0.6,0.4,-81.3,-29.4,4.0,-61.9,15.0,113.3,16.0,0.5,0.6,0.4,0.63,2.35,3.47,2.03,14.0,1.74,16.0,0.5,0.6,0.4,0.3,10.5,18.5,15.1,14.0,25.4,16.0,0.5,0.6,0.4,1.4,5.49,8.18,5.12,14.0,3.33,16.0,0.5,0.6,0.4,3.7,28.0,50.5,33.2,14.0,36.2,16.0,0.5,0.6,0.4,-158.3,-30.7,38.3,-52.4,15.0,101.4,16.0,0.5,0.6,0.4,-137.9,-68.6,33.2,-87.8,15.0,116.9,16.0,0.5,0.6,0.4,-104.6,-16.0,20.1,-35.5,15.0,65.2,16.0,0.5,0.6,0.4,-92.6,-43.4,19.1,-52.1,15.0,74.4,16.0,0.5,0.6,0.4,-30.4,-3.4,10.9,-6.3,14.0,22.0,16.0,0.5,0.6,0.4,-38.4,-19.1,-0.1,-25.7,14.0,35.5,16.0,0.5,0.6,0.4,30.0,185.0,2051.0,1239.0,15.0,2458.0,16.0,0.5,0.6,0.4,30.0,185.0,2050.0,1240.0,15.0,2460.0,16.0,0.5,0.6,0.4
1974,2,166.0,26.0,21.1,21.1,22.89,21.69,8.0,0.87,18.0,0.5,0.5,0.7,16.49,18.6,22.05,19.12,9.0,2.62,18.0,0.6,0.4,0.7,7.22,10.11,11.73,9.98,8.0,3.18,18.0,0.5,0.5,0.7,60.3,77.3,88.8,73.4,8.0,15.2,18.0,0.5,0.7,2.88,7.45,15.06,8.85,8.0,6.41,18.0,0.5,0.5,0.7,-13.91,0.17,2.78,-3.92,8.0,8.88,18.0,0.5,0.5,0.7,-7.59,-5.18,-0.51,-3.72,8.0,4.3,18.0,0.5,0.5,0.7,1015.28,1018.3,1021.89,1018.33,8.0,3.15,18.0,0.5,0.5,0.7,3.2,5.0,7.0,5.1,8.0,2.3,18.0,0.6,0.4,0.8,-211.0,0.2,21.2,-79.0,8.0,142.8,18.0,0.5,0.5,0.7,-95.5,-44.6,-1.0,-46.4,8.0,55.1,18.0,0.5,0.5,0.7,1.29,3.15,5.38,3.05,8.0,2.48,18.0,0.5,0.5,0.7,2.2,49.2,54.1,32.6,7.0,27.1,18.0,0.4,0.5,0.7,3.81,6.32,9.22,6.1,8.0,3.48,18.0,0.5,0.5,0.7,9.3,64.8,93.0,56.4,7.0,38.9,18.0,0.4,0.5,0.7,-248.5,3.9,50.5,-68.4,8.0,165.0,18.0,0.5,0.5,0.7,-123.2,-86.7,-10.4,-62.3,8.0,81.1,18.0,0.5,0.5,0.7,-165.2,0.0,32.6,-45.2,7.0,104.2,18.0,0.4,0.5,0.7,-69.7,-54.3,-1.8,-32.2,7.0,50.6,18.0,0.4,0.5,0.7,-72.1,-0.5,10.4,-27.2,7.0,46.7,18.0,0.4,0.5,0.7,-60.2,-34.1,-1.6,-34.5,7.0,28.0,18.0,0.4,0.5,0.7,30.5,426.0,3453.5,1741.5,8.0,2617.0,18.0,0.5,0.5,0.7,30.0,425.0,3455.0,1740.0,8.0,2615.0,18.0,0.5,0.5,0.7
1974,2,166.0,27.0,19.03,20.0,21.17,20.27,22.0,1.3,14.0,0.7,0.4,0.4,16.98,19.15,22.2,19.53,26.0,2.48,14.0,0.7,0.4,0.4,7.59,11.34,14.2,11.05,23.0,3.11,14.0,0.7,0.4,0.4,59.4,78.1,88.0,75.4,23.0,13.7,14.0,0.7,0.4,2.39,7.2,12.41,7.51,25.0,4.57,14.0,0.7,0.3,0.5,-3.24,0.54,5.81,0.71,25.0,6.47,14.0,0.7,0.3,0.5,-6.65,-0.17,6.77,-0.65,25.0,6.06,14.0,0.7,0.3,0.5,1011.65,1015.5,1018.77,1015.58,25.0,3.46,14.0,0.7,0.4,0.4,2.0,3.0,7.0,3.9,26.0,2.7,14.0,0.7,0.4,0.4,-25.0,1.0,38.1,1.9,25.0,83.8,14.0,0.7,0.3,0.5,-81.6,-0.2,49.3,-9.7,25.0,62.5,14.0,0.7,0.3,0.5,-2.2,0.9,2.17,0.48,22.0,2.55,14.0,0.7,0.4,0.4,-14.4,1.0,21.3,5.0,22.0,23.3,14.0,0.7,0.4,0.4,0.72,3.84,6.6,3.66,21.0,2.76,14.0,0.8,0.4,0.4,1.5,25.6,60.0,30.5,21.0,33.4,14.0,0.8,0.4,0.4,-55.3,9.8,102.2,16.5,25.0,118.7,14.0,0.7,0.3,0.5,-121.2,-3.5,148.8,-2.5,25.0,120.3,14.0,0.7,0.3,0.5,-40.9,2.2,41.9,2.7,22.0,68.2,14.0,0.7,0.3,0.5,-61.6,-6.6,97.8,10.0,22.0,73.4,14.0,0.7,0.3,0.5,-28.2,0.0,19.2,-1.2,21.0,36.1,14.0,0.8,0.4,0.4,-45.9,-6.0,5.7,-14.1,21.0,24.0,14.0,0.8,0.4,0.4,15.0,373.0,1915.5,871.0,25.0,1025.5,14.0,0.7,0.3,0.5,15.0,375.0,1915.0,870.0,25.0,1025.0,14.0,0.7,0.3,0.5
1974,2,166.0,28.0,18.71,19.75,20.0,19.38,4.0,0.95,10.0,0.5,0.6,0.2,18.01,20.1,22.0,19.85,6.0,2.24,10.0,0.5,0.6,0.2,9.82,11.14,13.39,11.59,5.0,2.08,10.0,0.4,0.5,0.2,71.2,80.9,86.7,79.2,5.0,8.6,10.0,0.4,0.2,3.89,6.45,10.15,7.13,6.0,3.75,10.0,0.5,0.6,0.2,0.3,2.31,2.73,1.2,6.0,2.96,10.0,0.5,0.6,0.2,-5.22,1.99,6.89,0.52,6.0,8.02,10.0,0.5,0.6,0.2,1009.82,1013.2,1014.95,1012.78,5.0,3.39,10.0,0.4,0.5,0.2,2.0,8.0,8.0,6.0,6.0,3.1,10.0,0.5,0.6,0.2,1.5,12.9,18.6,8.8,6.0,20.2,10.0,0.5,0.6,0.2,-46.7,12.4,51.1,-6.3,6.0,90.4,10.0,0.5,0.6,0.2,-2.26,-1.6,0.21,-1.05,4.0,1.78,10.0,0.5,0.6,0.2,-14.7,-11.8,5.2,-5.1,4.0,16.9,10.0,0.5,0.6,0.2,0.66,2.37,3.14,1.92,4.0,1.7,10.0,0.5,0.6,0.2,6.8,19.3,30.0,18.4,4.0,16.9,10.0,0.5,0.6,0.2,5.6,44.2,51.8,20.9,6.0,62.0,10.0,0.5,0.6,0.2,-92.3,43.8,150.0,23.8,6.0,149.8,10.0,0.5,0.6,0.2,-6.3,23.2,31.0,10.8,5.0,36.0,10.0,0.4,0.5,0.2,-48.1,44.4,100.8,24.2,5.0,97.9,10.0,0.4,0.5,0.2,-9.0,1.0,4.9,-1.9,4.0,10.0,10.0,0.5,0.6,0.2,-21.0,5.4,15.5,-2.4,4.0,25.0,10.0,0.5,0.6,0.2,61.0,269.5,1135.0,641.5,6.0,908.0,10.0,0.5,0.6,0.2,60.0,270.0,1135.0,640.0,6.0,910.0,10.0,0.5,0.6,0.2
1974,2,166.0,29.0,17.15,18.0,19.62,18.28,16.0,1.1,16.0,0.4,0.4,0.6,14.27,15.6,17.89,16.11,17.0,1.98,14.0,0.5,0.4,0.5,6.25,8.54,10.42,8.37,16.0,2.3,16.0,0.5,0.4,0.5,55.9,74.2,83.5,72.2,16.0,13.2,16.0,0.5,0.5,5.1,6.7,12.58,8.83,17.0,4.84,14.0,0.5,0.4,0.5,-5.6,3.28,7.17,2.45,17.0,6.8,14.0,0.5,0.4,0.5,-8.07,-1.99,2.66,-1.09,17.0,7.24,14.0,0.5,0.4,0.5,1010.71,1020.0,1022.69,1017.81,17.0,5.7,14.0,0.5,0.4,0.5,3.0,4.5,7.2,4.7,16.0,2.3,16.0,0.5,0.4,0.6,-46.4,23.0,70.2,23.9,17.0,88.6,14.0,0.5,0.4,0.5,-80.6,-5.2,17.1,-3.9,17.0,120.7,14.0,0.5,0.4,0.5,0.19,2.15,5.0,2.23,16.0,2.4,16.0,0.4,0.4,0.6,2.5,14.5,32.5,19.6,16.0,25.2,16.0,0.4,0.4,0.6,2.48,5.66,6.54,4.57,15.0,2.36,16.0,0.5,0.4,0.5,23.0,40.9,62.8,42.5,15.0,26.2,16.0,0.5,0.4,0.5,-88.2,62.3,121.4,40.4,17.0,112.3,14.0,0.5,0.4,0.5,-111.9,-27.9,47.1,-11.5,17.0,121.1,14.0,0.5,0.4,0.5,-42.5,36.1,65.9,21.4,16.0,62.0,16.0,0.5,0.4,0.5,-66.3,-9.1,33.8,-3.0,16.0,71.8,16.0,0.5,0.4,0.5,-29.3,8.7,54.1,12.2,15.0,37.3,16.0,0.5,0.4,0.5,-41.0,-11.1,12.5,-12.6,15.0,29.9,16.0,0.5,0.4,0.5,132.5,301.0,1992.5,1377.5,17.0,2269.0,14.0,0.5,0.4,0.5,135.0,300.0,1995.0,1375.0,17.0,2270.0,14.0,0.5,0.4,0.5
1974,2,166.0,30.0,17.0,18.0,19.5,18.28,14.0,1.65,14.0,0.6,0.5,0.5,14.04,15.5,17.0,15.67,15.0,1.63,14.0,0.5,0.5,0.5,6.67,8.54,10.15,8.63,14.0,2.17,14.0,0.5,0.5,0.5,61.5,78.0,91.5,77.1,14.0,14.7,14.0,0.5,0.5,5.1,8.7,11.08,9.36,15.0,5.0,14.0,0.5,0.5,0.5,0.0,3.1,10.91,5.05,15.0,7.11,14.0,0.5,0.5,0.5,-6.23,-2.55,7.46,-0.02,15.0,6.41,14.0,0.5,0.5,0.5,1011.42,1016.6,1020.23,1016.37,15.0,5.07,14.0,0.5,0.5,0.5,2.4,5.0,8.0,5.2,15.0,2.2,14.0,0.5,0.5,0.5,0.0,16.7,121.0,73.6,15.0,135.5,14.0,0.5,0.5,0.5,-52.6,-12.9,71.0,3.5,15.0,73.4,14.0,0.5,0.5,0.5,1.03,1.85,4.94,2.51,14.0,1.82,14.0,0.6,0.5,0.5,6.4,20.0,32.1,19.5,14.0,12.5,14.0,0.6,0.5,0.5,3.19,5.22,7.15,4.7,13.0,2.19,14.0,0.5,0.5,0.5,21.0,32.9,55.9,36.0,13.0,20.3,14.0,0.5,0.5,0.5,0.0,43.4,169.7,75.7,15.0,112.0,14.0,0.5,0.5,0.5,-95.7,-35.7,126.1,2.1,15.0,105.8,14.0,0.5,0.5,0.5,0.0,17.9,75.6,33.1,14.0,60.3,14.0,0.5,0.5,0.5,-44.3,-3.6,66.8,7.2,14.0,62.7,14.0,0.5,0.5,0.5,-0.7,14.0,33.4,17.9,13.0,22.0,14.0,0.5,0.5,0.5,-26.5,-12.0,29.7,2.3,13.0,31.3,14.0,0.5,0.5,0.5,132.5,658.5,1365.0,1624.0,15.0,2798.5,14.0,0.5,0.5,0.5,135.0,660.0,1365.0,1625.0,15.0,2800.0,14.0,0.5,0.5,0.5
1974,2,166.0,31.0,16.65,17.2,18.13,17.34,12.0,1.06,12.0,0.5,0.5,0.4,13.9,16.0,17.55,15.78,13.0,2.1,12.0,0.5,0.5,0.4,7.1,8.61,10.87,8.74,12.0,2.05,10.0,0.6,0.4,0.4,64.7,77.6,89.0,76.9,12.0,13.5,10.0,0.6,0.4,5.7,8.2,13.29,9.42,13.0,4.68,12.0,0.5,0.5,0.4,-4.46,4.1,9.68,3.85,13.0,6.72,12.0,0.5,0.5,0.4,-5.58,2.85,5.53,0.16,13.0,7.54,12.0,0.5,0.5,0.4,1013.95,1015.0,1019.0,1016.41,13.0,4.1,12.0,0.5,0.5,0.4,4.6,6.0,8.0,5.9,11.0,1.9,10.0,0.5,0.4,0.4,-29.2,33.6,102.1,53.8,13.0,101.6,12.0,0.5,0.5,0.4,-52.9,16.2,40.0,-18.2,13.0,114.9,12.0,0.5,0.5,0.4,-0.53,1.25,3.63,1.42,12.0,2.16,12.0,0.5,0.5,0.4,-3.9,6.5,32.2,16.7,12.0,31.1,12.0,0.5,0.5,0.4,0.77,3.71,5.67,3.32,11.0,2.14,12.0,0.5,0.4,0.3,6.4,18.9,46.0,24.8,11.0,19.2,12.0,0.5,0.4,0.3,-71.9,70.9,121.6,52.6,13.0,98.6,12.0,0.5,0.5,0.4,-84.6,41.3,105.5,12.0,13.0,114.7,12.0,0.5,0.5,0.4,-41.4,39.3,52.3,18.7,12.0,51.4,10.0,0.6,0.4,0.4,-45.7,28.6,56.3,18.3,12.0,59.8,10.0,0.6,0.4,0.4,-4.4,12.2,37.3,15.1,11.0,23.0,12.0,0.5,0.4,0.3,-9.1,8.2,15.9,4.2,11.0,15.8,12.0,0.5,0.4,0.3,185.0,551.5,2411.0,1533.5,13.0,2529.0,12.0,0.5,0.5,0.4,185.0,550.0,2410.0,1535.0,13.0,2530.0,12.0,0.5,0.5,0.4
1974,2,166.0,32.0,16.0,16.0,18.14,16.7,10.0,1.57,14.0,0.5,0.6,0.5,11.48,15.1,17.13,14.95,13.0,2.65,14.0,0.5,0.5,0.5,6.18,8.23,10.53,8.33,11.0,2.14,14.0,0.5,0.6,0.5,67.3,82.1,89.5,78.6,11.0,12.4,14.0,0.5,0.5,9.19,11.8,15.9,12.83,13.0,5.33,14.0,0.5,0.5,0.5,4.78,9.21,15.63,9.18,13.0,9.13,14.0,0.5,0.5,0.5,-4.59,-1.79,3.13,-0.54,13.0,5.62,14.0,0.5,0.5,0.5,1005.86,1012.0,1018.29,1012.06,13.0,8.31,14.0,0.5,0.5,0.5,1.5,5.0,7.3,4.6,12.0,3.0,14.0,0.5,0.5,0.5,53.7,104.5,249.6,154.7,13.0,190.4,14.0,0.5,0.5,0.5,-45.0,-13.1,41.9,-9.4,13.0,83.4,14.0,0.5,0.5,0.5,0.0,1.5,4.29,1.98,10.0,2.03,14.0,0.5,0.6,0.5,0.0,14.9,44.3,23.9,10.0,27.5,14.0,0.5,0.6,0.5,1.65,4.75,5.07,3.67,10.0,1.85,14.0,0.5,0.6,0.5,18.7,41.9,58.0,42.1,10.0,27.2,14.0,0.5,0.6,0.5,74.3,136.8,214.0,125.9,13.0,138.6,14.0,0.5,0.5,0.5,-54.9,-29.5,48.6,-1.2,13.0,81.8,14.0,0.5,0.5,0.5,53.9,82.2,114.6,79.6,11.0,53.5,14.0,0.5,0.6,0.5,-29.2,-18.1,56.3,3.8,11.0,54.7,14.0,0.5,0.6,0.5,3.8,38.7,55.0,32.0,10.0,33.1,14.0,0.5,0.6,0.5,-22.9,-10.1,1.2,-12.7,10.0,16.9,14.0,0.5,0.6,0.5,780.0,1643.0,4139.0,3283.5,13.0,4671.0,14.0,0.5,0.5,0.5,780.0,1645.0,4140.0,3285.0,13.0,4670.0,14.0,0.5,0.5,0.5
1974,2,166.0,33.0,15.0,16.0,16.7,15.95,22.0,1.26,18.0,0.6,0.5,0.6,11.9,14.75,15.67,13.97,24.0,2.22,18.0,0.7,0.5,0.6,5.71,6.79,9.34,7.31,20.0,1.61,16.0,0.6,0.5,0.5,64.5,70.8,82.8,72.8,20.0,8.9,16.0,0.6,0.5,5.1,8.7,15.4,10.23,23.0,4.88,18.0,0.7,0.5,0.6,-4.4,6.28,14.02,4.97,23.0,8.32,18.0,0.7,0.5,0.6,-6.2,-0.63,5.43,-0.06,23.0,6.16,18.0,0.7,0.5,0.6,1007.33,1014.25,1025.67,1015.37,24.0,7.97,18.0,0.7,0.5,0.6,3.0,6.0,7.5,5.6,23.0,2.1,18.0,0.7,0.5,0.6,-24.6,51.5,212.1,81.1,23.0,124.2,18.0,0.7,0.5,0.6,-82.6,-2.3,52.2,1.2,23.0,81.9,18.0,0.7,0.5,0.6,0.17,1.3,4.5,2.09,22.0,2.63,18.0,0.6,0.5,0.6,1.4,10.3,37.8,23.0,22.0,37.3,18.0,0.6,0.5,0.6,2.2,3.62,5.64,3.98,19.0,1.85,18.0,0.6,0.5,0.5,15.6,38.7,65.7,40.2,19.0,27.3,18.0,0.6,0.5,0.5,-58.5,96.6,187.9,66.2,23.0,117.0,18.0,0.7,0.5,0.6,-63.5,-7.5,81.4,7.9,23.0,86.9,18.0,0.7,0.5,0.6,-27.3,41.3,109.8,41.2,19.0,62.7,18.0,0.6,0.5,0.5,-35.3,-3.8,38.2,4.9,19.0,49.5,18.0,0.6,0.5,0.5,-9.2,19.7,52.6,22.6,19.0,35.7,18.0,0.6,0.5,0.5,-30.1,-3.5,27.2,-3.0,19.0,25.1,18.0,0.6,0.5,0.5,132.5,658.5,3652.5,1803.5,23.0,2134.0,18.0,0.7,0.5,0.6,135.0,660.0,3650.0,1805.0,23.0,2135.0,18.0,0.7,0.5,0.6
1974,2,166.0,34.0,14.84,16.5,17.55,16.18,13.0,1.84,16.0,0.7,0.5,0.5,12.45,13.0,14.82,13.53,13.0,1.77,16.0,0.7,0.5,0.5,5.96,7.17,8.31,7.22,13.0,1.41,16.0,0.7,0.5,0.5,64.5,78.2,84.7,74.9,13.0,12.0,16.0,0.7,0.5,6.6,8.7,15.45,10.16,13.0,4.08,16.0,0.7,0.5,0.5,-3.06,5.81,9.78,4.86,13.0,6.11,16.0,0.7,0.5,0.5,-9.65,-2.76,3.11,-3.36,13.0,7.3,16.0,0.7,0.5,0.5,1003.72,1008.6,1020.2,1012.06,13.0,9.04,16.0,0.7,0.5,0.5,5.0,7.0,7.1,6.5,13.0,1.2,16.0,0.7,0.5,0.5,-22.8,63.2,122.4,64.4,13.0,81.0,16.0,0.7,0.5,0.5,-140.2,-43.9,26.1,-50.8,13.0,99.7,16.0,0.7,0.5,0.5,0.67,4.0,5.0,2.65,13.0,2.87,16.0,0.7,0.5,0.5,10.9,32.8,73.2,31.7,13.0,32.8,16.0,0.7,0.5,0.5,2.2,4.8,6.16,4.27,13.0,2.32,16.0,0.7,0.5,0.5,20.3,34.8,92.4,47.1,13.0,33.5,16.0,0.7,0.5,0.5,-39.8,80.9,122.8,63.2,13.0,86.8,16.0,0.7,0.5,0.5,-122.2,-41.4,49.5,-39.4,13.0,91.3,16.0,0.7,0.5,0.5,-22.0,39.9,69.9,32.1,13.0,42.6,16.0,0.7,0.5,0.5,-60.1,-15.0,28.2,-18.3,13.0,51.5,16.0,0.7,0.5,0.5,-0.9,27.9,49.6,25.3,13.0,31.9,16.0,0.7,0.5,0.5,-63.2,-16.0,8.9,-24.4,13.0,34.2,16.0,0.7,0.5,0.5,289.5,658.5,3687.5,1550.0,13.0,1689.0,16.0,0.7,0.5,0.5,290.0,660.0,3685.0,1550.0,13.0,1690.0,16.0,0.7,0.5,0.5
1974,2,166.0,35.0,14.29,15.0,16.0,15.16,11.0,0.96,16.0,0.7,0.3,0.6,11.67,13.5,16.0,13.56,12.0,2.74,16.0,0.8,0.4,0.6,5.68,6.68,8.93,7.09,11.0,1.59,16.0,0.7,0.3,0.6,64.7,71.6,87.7,74.1,11.0,11.6,16.0,0.7,0.6,4.85,10.8,13.31,9.63,11.0,4.82,14.0,0.8,0.4,0.6,-0.04,6.94,12.78,6.76,11.0,6.07,14.0,0.8,0.4,0.6,-0.52,0.17,8.54,3.24,11.0,5.16,14.0,0.8,0.4,0.6,1005.6,1006.95,1020.82,1012.01,12.0,9.03,16.0,0.8,0.4,0.6,4.0,6.5,8.0,6.0,12.0,1.8,16.0,0.8,0.4,0.6,-0.4,53.0,164.9,81.7,11.0,85.5,14.0,0.8,0.4,0.6,-3.7,0.2,90.4,36.9,11.0,64.3,14.0,0.8,0.4,0.6,-0.41,2.0,4.06,1.83,11.0,2.9,16.0,0.7,0.3,0.6,1.5,17.6,35.7,22.4,10.0,29.9,14.0,0.8,0.3,0.6,2.36,3.9,5.02,3.63,11.0,1.75,16.0,0.7,0.3,0.6,12.0,37.5,59.4,36.6,10.0,22.1,14.0,0.8,0.3,0.6,-0.5,84.4,167.0,85.2,11.0,77.4,14.0,0.8,0.4,0.6,-6.1,2.1,131.8,48.4,11.0,80.2,14.0,0.8,0.4,0.6,14.5,54.7,84.0,51.4,10.0,36.5,14.0,0.8,0.3,0.6,-4.2,0.5,57.6,18.0,10.0,33.5,14.0,0.8,0.3,0.6,7.5,28.3,59.1,31.9,10.0,24.4,14.0,0.8,0.3,0.6,-2.8,0.5,20.8,7.1,10.0,14.0,14.0,0.8,0.3,0.6,220.5,1259.5,2369.5,1425.5,11.0,1183.5,14.0,0.8,0.4,0.6,220.0,1260.0,2370.0,1425.0,11.0,1185.0,14.0,0.8,0.4,0.6
1974,2,166.0,36.0,13.19,15.0,15.81,14.61,16.0,1.28,14.0,0.8,0.4,0.6,8.79,11.0,13.57,10.92,18.0,2.37,14.0,0.8,0.4,0.6,4.55,5.54,7.79,6.01,16.0,1.67,14.0,0.8,0.4,0.6,64.1,72.6,84.0,72.8,16.0,10.4,14.0,0.8,0.6,8.05,10.8,17.65,12.54,18.0,4.42,14.0,0.8,0.4,0.6,0.0,7.89,17.07,7.95,18.0,8.21,14.0,0.8,0.4,0.6,-9.35,0.0,5.47,-1.33,18.0,7.07,14.0,0.8,0.4,0.6,998.68,1010.8,1021.1,1010.21,18.0,9.35,14.0,0.8,0.4,0.6,4.5,7.0,8.0,6.0,17.0,1.7,14.0,0.8,0.4,0.5,0.0,75.8,292.8,128.3,18.0,143.6,14.0,0.8,0.4,0.6,-109.6,0.0,56.1,-20.4,18.0,86.1,14.0,0.8,0.4,0.6,0.91,4.05,5.81,3.69,16.0,2.69,14.0,0.8,0.4,0.6,8.3,57.2,82.6,51.4,16.0,39.0,14.0,0.8,0.4,0.6,2.1,4.74,5.94,4.26,15.0,1.84,14.0,0.7,0.4,0.6,20.0,62.9,92.4,59.0,15.0,33.7,14.0,0.7,0.4,0.6,0.0,85.2,186.8,89.8,18.0,87.0,14.0,0.8,0.4,0.6,-91.3,0.0,78.6,-4.4,18.0,78.9,14.0,0.8,0.4,0.6,4.5,45.9,93.4,47.6,16.0,49.7,14.0,0.8,0.4,0.6,-43.0,0.0,45.1,1.1,16.0,44.2,14.0,0.8,0.4,0.6,0.7,22.1,91.0,38.9,15.0,44.8,14.0,0.7,0.4,0.6,-48.6,0.0,13.8,-13.8,15.0,32.1,14.0,0.7,0.4,0.6,522.5,1259.5,5502.0,2679.5,18.0,2400.0,14.0,0.8,0.4,0.6,525.0,1260.0,5500.0,2680.0,18.0,2400.0,14.0,0.8,0.4,0.6
1974,2,166.0,37.0,12.95,15.0,18.1,15.5,4.0,3.42,10.0,1.0,0.5,0.3,9.27,11.5,13.86,11.54,5.0,2.72,14.0,1.0,0.6,0.3,5.26,6.08,7.9,6.57,5.0,1.7,14.0,1.0,0.6,0.3,69.1,74.8,85.8,76.8,5.0,9.3,14.0,1.0,0.3,8.99,15.4,17.03,13.46,5.0,4.9,14.0,1.0,0.6,0.3,-6.17,6.3,14.99,4.88,5.0,11.26,14.0,1.0,0.6,0.3,-6.94,2.29,10.69,2.16,5.0,9.39,14.0,1.0,0.6,0.3,1008.04,1010.0,1020.21,1013.56,5.0,8.0,14.0,1.0,0.6,0.3,5.3,6.0,8.0,6.4,5.0,1.7,14.0,1.0,0.6,0.3,-79.8,42.2,254.3,81.5,5.0,190.2,14.0,1.0,0.6,0.3,-120.4,15.4,138.3,16.8,5.0,145.3,14.0,1.0,0.6,0.3,0.57,5.25,8.1,4.38,4.0,5.44,10.0,1.0,0.5,0.3,17.9,82.0,143.5,80.8,4.0,90.6,10.0,1.0,0.5,0.3,1.69,4.59,7.18,4.44,4.0,4.0,10.0,1.0,0.5,0.3,28.5,71.7,127.9,77.9,4.0,74.1,10.0,1.0,0.5,0.3,-82.4,83.1,132.9,39.9,5.0,118.9,14.0,1.0,0.6,0.3,-62.8,30.2,142.8,39.2,5.0,105.2,14.0,1.0,0.6,0.3,-50.9,38.3,77.6,19.5,5.0,68.6,14.0,1.0,0.6,0.3,-36.4,13.9,88.2,24.2,5.0,64.1,14.0,1.0,0.6,0.3,-16.0,34.8,117.5,50.0,4.0,86.3,10.0,1.0,0.5,0.3,-49.5,-21.8,27.7,-11.4,4.0,51.2,10.0,1.0,0.5,0.3,803.5,3652.5,5056.5,3185.0,5.0,2603.5,14.0,1.0,0.6,0.3,805.0,3650.0,5055.0,3185.0,5.0,2605.0,14.0,1.0,0.6,0.3
1974,2,166.0,38.0,11.95,14.0,14.68,13.33,3.0,2.08,16.0,0.7,0.4,0.3,5.95,9.0,14.46,10.1,5.0,4.9,12.0,0.4,0.4,0.4,5.0,5.42,8.92,6.92,3.0,3.15,16.0,0.7,0.4,0.3,65.2,80.0,85.5,75.4,3.0,15.4,16.0,0.7,0.3,10.12,12.9,18.05,13.9,5.0,4.18,12.0,0.4,0.4,0.4,-2.19,8.29,12.96,6.06,5.0,9.25,12.0,0.4,0.4,0.4,-9.83,-1.79,10.13,0.29,5.0,11.28,12.0,0.4,0.4,0.4,999.0,1009.5,1012.3,1006.76,5.0,7.57,12.0,0.4,0.4,0.4,3.4,5.5,6.5,5.0,4.0,2.2,8.0,0.3,0.4,0.4,-38.3,104.5,191.8,89.2,5.0,164.8,12.0,0.4,0.4,0.4,-107.5,-18.4,183.5,33.9,5.0,171.9,12.0,0.4,0.4,0.4,-2.68,-2.0,5.17,1.17,3.0,6.37,16.0,0.7,0.4,0.3,-42.4,-20.6,68.3,12.2,3.0,85.9,16.0,0.7,0.4,0.3,0.42,2.74,4.84,2.63,3.0,3.24,16.0,0.7,0.4,0.3,1.0,28.3,60.1,30.5,3.0,43.3,16.0,0.7,0.4,0.3,-37.2,53.9,142.4,48.9,5.0,105.5,12.0,0.4,0.4,0.4,-54.6,-23.3,139.2,40.3,5.0,141.9,12.0,0.4,0.4,0.4,-30.4,39.8,50.1,10.5,3.0,64.2,16.0,0.7,0.4,0.3,-35.5,-9.7,115.3,38.8,3.0,118.1,16.0,0.7,0.4,0.3,11.5,27.8,41.7,26.7,3.0,22.1,16.0,0.7,0.4,0.3,-42.6,-10.9,-6.8,-24.4,3.0,28.7,16.0,0.7,0.4,0.3,1037.5,2146.5,5907.0,3280.0,5.0,2677.5,12.0,0.4,0.4,0.4,1035.0,2145.0,5905.0,3280.0,5.0,2675.0,12.0,0.4,0.4,0.4
1974,2,166.0,39.0,11.45,13.0,14.64,12.81,13.0,1.95,14.0,0.8,0.4,0.5,6.53,8.25,14.41,9.8,14.0,3.96,14.0,0.7,0.4,0.5,4.79,5.11,9.14,6.15,13.0,1.98,14.0,0.8,0.4,0.5,75.2,81.0,87.0,80.2,13.0,6.6,14.0,0.8,0.5,7.93,13.4,17.97,13.74,14.0,5.83,14.0,0.7,0.4,0.5,-6.06,12.13,15.58,7.4,14.0,10.44,14.0,0.7,0.4,0.5,-5.59,-1.79,7.86,-0.52,14.0,8.3,14.0,0.7,0.4,0.5,998.13,1006.05,1022.81,1008.72,14.0,11.91,14.0,0.7,0.4,0.5,3.0,6.0,7.1,5.4,13.0,2.1,14.0,0.7,0.4,0.5,-65.6,153.0,304.6,138.0,14.0,187.5,14.0,0.7,0.4,0.5,-91.4,-10.6,127.9,-19.1,14.0,155.2,14.0,0.7,0.4,0.5,-1.79,4.0,7.74,3.25,13.0,4.83,14.0,0.8,0.4,0.5,-24.1,49.2,101.4,42.6,13.0,60.9,14.0,0.8,0.4,0.5,-0.03,3.5,5.44,3.14,13.0,2.58,14.0,0.8,0.4,0.5,-0.3,43.1,76.6,43.9,13.0,39.3,14.0,0.8,0.4,0.5,-67.5,89.4,128.7,49.8,14.0,103.7,14.0,0.7,0.4,0.5,-42.6,-11.9,126.5,15.1,14.0,94.2,14.0,0.7,0.4,0.5,-44.8,65.7,85.1,32.6,13.0,66.0,14.0,0.8,0.4,0.5,-30.9,-11.6,76.5,5.8,13.0,61.1,14.0,0.8,0.4,0.5,4.8,29.0,76.1,35.3,13.0,42.4,14.0,0.8,0.4,0.5,-29.8,-9.2,0.1,-9.9,13.0,19.5,14.0,0.8,0.4,0.5,519.0,2416.0,5802.0,3904.5,14.0,4178.0,14.0,0.7,0.4,0.5,520.0,2415.0,5800.0,3905.0,14.0,4180.0,14.0,0.7,0.4,0.5
1974,2,166.0,40.0,9.95,12.4,13.02,11.53,7.0,1.8,16.0,0.7,0.4,0.5,5.17,6.0,12.1,7.84,7.0,3.66,16.0,0.7,0.4,0.5,3.84,4.46,7.83,5.46,7.0,2.07,16.0,0.7,0.4,0.5,71.9,75.5,88.0,78.4,7.0,11.6,16.0,0.7,0.5,9.2,11.8,16.17,12.57,7.0,4.89,16.0,0.7,0.4,0.5,3.03,7.12,12.95,7.22,7.0,4.98,16.0,0.7,0.4,0.5,-13.9,0.0,8.89,-1.59,7.0,10.94,16.0,0.7,0.4,0.5,989.43,998.0,1015.1,1000.01,7.0,12.0,16.0,0.7,0.4,0.5,4.0,5.0,8.0,5.7,7.0,2.0,16.0,0.7,0.4,0.5,28.2,66.3,172.8,104.0,7.0,103.8,16.0,0.7,0.4,0.5,-225.6,0.0,84.0,-54.0,7.0,175.8,16.0,0.7,0.4,0.5,-0.57,4.5,7.01,3.69,7.0,3.6,16.0,0.7,0.4,0.5,-6.3,52.1,97.9,51.3,7.0,47.5,16.0,0.7,0.4,0.5,0.86,3.41,5.06,3.11,7.0,2.04,16.0,0.7,0.4,0.5,10.1,44.0,74.0,41.8,7.0,30.1,16.0,0.7,0.4,0.5,21.8,47.7,66.7,44.8,7.0,27.0,16.0,0.7,0.4,0.5,-74.8,0.0,67.8,13.6,7.0,87.9,16.0,0.7,0.4,0.5,17.8,35.5,53.9,32.8,7.0,20.2,16.0,0.7,0.4,0.5,-61.6,0.0,53.9,6.4,7.0,61.0,16.0,0.7,0.4,0.5,0.0,40.0,44.2,26.1,7.0,21.5,16.0,0.7,0.4,0.5,-57.1,0.0,11.5,-17.1,7.0,36.7,16.0,0.7,0.4,0.5,784.0,1643.0,4309.5,2838.5,7.0,3417.0,16.0,0.7,0.4,0.5,785.0,1645.0,4310.0,2840.0,7.0,3415.0,16.0,0.7,0.4,0.5
1974,2,166.0,41.0,9.0,9.5,11.73,10.3,5.0,1.72,12.0,0.4,0.5,0.5,3.63,4.5,7.0,5.1,5.0,1.82,12.0,0.4,0.5,0.5,4.29,4.69,5.39,4.86,5.0,0.84,12.0,0.4,0.5,0.5,81.1,85.0,95.3,87.5,5.0,9.2,12.0,0.4,0.5,7.89,13.9,20.31,14.68,5.0,8.18,12.0,0.4,0.5,0.5,3.02,6.67,12.86,8.14,5.0,7.95,12.0,0.4,0.5,0.5,-16.68,-13.06,1.41,-8.62,5.0,9.87,12.0,0.4,0.5,0.5,983.44,997.0,1007.76,995.84,5.0,13.48,12.0,0.4,0.5,0.5,2.0,2.0,4.7,3.3,3.0,2.3,10.0,0.7,0.4,0.5,32.6,64.0,258.2,154.7,5.0,245.9,12.0,0.4,0.5,0.5,-343.9,-181.6,10.8,-180.9,5.0,213.6,12.0,0.4,0.5,0.5,4.63,5.0,6.0,5.2,5.0,0.84,12.0,0.4,0.5,0.5,44.5,55.6,111.7,77.8,5.0,52.1,12.0,0.4,0.5,0.5,2.8,3.11,3.32,3.06,5.0,0.33,12.0,0.4,0.5,0.5,23.0,46.9,63.4,46.0,5.0,27.8,12.0,0.4,0.5,0.5,19.0,33.3,58.9,36.6,5.0,25.1,12.0,0.4,0.5,0.5,-74.0,-53.6,6.3,-38.3,5.0,45.5,12.0,0.4,0.5,0.5,14.2,32.7,63.3,38.3,5.0,32.4,12.0,0.4,0.5,0.5,-71.4,-61.3,6.9,-37.1,5.0,43.2,12.0,0.4,0.5,0.5,10.4,17.1,41.0,25.5,5.0,26.0,12.0,0.4,0.5,0.5,-51.0,-45.0,3.6,-28.0,5.0,30.7,12.0,0.4,0.5,0.5,491.5,2685.5,10446.5,5847.0,5.0,8876.0,12.0,0.4,0.5,0.5,490.0,2685.0,10445.0,5845.0,5.0,8875.0,12.0,0.4,0.5,0.5
1974,2,166.0,42.0,6.16,6.5,8.89,7.5,3.0,2.18,18.0,1.0,0.4,0.4,4.59,7.5,8.78,6.9,5.0,2.95,14.0,0.8,0.3,0.5,4.43,5.28,5.37,4.91,3.0,0.76,14.0,1.0,0.3,0.4,68.3,72.2,78.0,73.1,3.0,7.2,14.0,1.0,0.4,7.97,12.3,13.45,11.0,5.0,3.19,14.0,0.8,0.3,0.5,5.19,11.03,11.76,8.58,5.0,5.03,14.0,0.8,0.3,0.5,-6.05,2.98,5.25,0.12,5.0,6.64,14.0,0.8,0.3,0.5,992.63,1009.5,1010.91,1003.4,5.0,10.02,14.0,0.8,0.3,0.5,2.6,7.0,7.4,5.4,5.0,2.7,14.0,0.8,0.3,0.5,45.2,142.2,157.3,105.7,5.0,69.1,14.0,0.8,0.3,0.5,-81.5,25.9,49.3,-11.5,5.0,80.2,14.0,0.8,0.3,0.5,-0.52,0.5,1.87,0.67,3.0,1.76,18.0,1.0,0.4,0.4,-6.1,7.2,17.1,5.6,3.0,17.1,18.0,1.0,0.4,0.4,1.87,2.12,2.36,2.12,2.0,0.51,16.0,1.0,0.4,0.3,22.1,23.4,24.7,23.4,2.0,2.6,16.0,1.0,0.4,0.3,23.1,60.7,70.6,49.0,5.0,32.7,14.0,0.8,0.3,0.5,-38.6,13.2,41.1,5.4,5.0,48.9,14.0,0.8,0.3,0.5,13.7,43.2,44.1,29.2,3.0,25.3,14.0,1.0,0.3,0.4,-20.5,15.7,29.8,4.9,3.0,38.0,14.0,1.0,0.3,0.4,19.5,19.8,20.1,19.8,2.0,0.6,16.0,1.0,0.4,0.3,-12.5,-4.4,3.6,-4.4,2.0,16.7,16.0,1.0,0.4,0.3,528.0,1861.0,2453.0,1590.5,5.0,1102.5,14.0,0.8,0.3,0.5,530.0,1860.0,2455.0,1590.0,5.0,1100.0,14.0,0.8,0.3,0.5
1974,2,166.0,43.0,6.5,7.45,8.0,7.32,6.0,0.74,18.0,0.5,0.3,0.4,2.59,4.0,9.21,5.17,6.0,3.56,18.0,0.5,0.3,0.4,3.36,3.89,6.18,4.47,6.0,1.38,18.0,0.5,0.3,0.4,68.9,82.2,85.4,78.9,6.0,8.3,18.0,0.5,0.4,7.75,10.8,13.64,10.63,6.0,4.2,18.0,0.5,0.3,0.4,-4.37,1.68,8.87,2.18,6.0,6.67,18.0,0.5,0.3,0.4,-9.35,1.66,10.11,1.41,6.0,10.03,18.0,0.5,0.3,0.4,1000.75,1009.4,1013.66,1006.95,6.0,9.51,18.0,0.5,0.3,0.4,4.6,8.0,8.0,6.3,3.0,2.9,22.0,0.7,0.2,0.4,-32.4,16.4,111.9,26.8,6.0,82.8,18.0,0.5,0.3,0.4,-97.9,22.4,112.9,26.4,6.0,136.9,18.0,0.5,0.3,0.4,-2.1,3.45,5.1,2.15,6.0,3.51,18.0,0.5,0.3,0.4,-24.1,27.6,56.1,19.8,6.0,40.4,18.0,0.5,0.3,0.4,0.3,2.39,3.15,1.91,6.0,1.47,18.0,0.5,0.3,0.4,5.4,18.9,29.7,18.8,6.0,16.2,18.0,0.5,0.3,0.4,-26.1,1.7,27.8,-1.3,6.0,33.6,18.0,0.5,0.3,0.4,-13.4,5.5,94.1,34.2,6.0,69.7,18.0,0.5,0.3,0.4,-18.6,5.7,31.0,6.0,6.0,29.1,18.0,0.5,0.3,0.4,-31.4,7.2,62.6,16.8,6.0,50.4,18.0,0.5,0.3,0.4,-4.5,4.4,24.5,7.6,6.0,15.8,18.0,0.5,0.3,0.4,-26.3,-2.0,7.2,-7.8,6.0,17.3,18.0,0.5,0.3,0.4,537.0,1292.0,2631.0,1658.5,6.0,1569.0,18.0,0.5,0.3,0.4,535.0,1290.0,2630.0,1660.0,6.0,1570.0,18.0,0.5,0.3,0.4
1974,2,166.0,44.0,5.24,6.0,7.29,6.25,4.0,1.32,12.0,0.8,0.3,0.5,4.0,4.0,5.5,4.6,5.0,0.82,14.0,0.6,0.3,0.5,4.12,4.42,4.67,4.42,5.0,0.41,14.0,0.6,0.3,0.5,78.1,85.0,88.0,83.6,5.0,5.4,14.0,0.6,0.5,3.92,5.1,7.7,5.86,5.0,2.67,14.0,0.6,0.3,0.5,-2.96,1.08,3.18,0.32,5.0,3.27,14.0,0.6,0.3,0.5,-4.22,-2.31,5.62,0.28,5.0,6.26,14.0,0.6,0.3,0.5,997.13,1009.3,1015.22,1006.94,5.0,10.93,14.0,0.6,0.3,0.5,6.6,7.0,7.4,7.0,5.0,0.7,14.0,0.6,0.3,0.5,-20.1,6.7,13.6,-2.1,5.0,22.1,14.0,0.6,0.3,0.5,-22.0,-8.3,47.0,11.5,5.0,53.0,14.0,0.6,0.3,0.5,0.21,1.25,2.81,1.5,4.0,1.87,12.0,0.8,0.3,0.5,2.6,9.0,12.4,7.6,4.0,7.0,12.0,0.8,0.3,0.5,1.0,1.15,2.02,1.5,4.0,0.83,12.0,0.8,0.3,0.5,5.3,8.1,9.9,7.6,4.0,2.8,12.0,0.8,0.3,0.5,-16.3,4.3,12.7,-0.6,5.0,15.6,14.0,0.6,0.3,0.5,-19.9,-9.3,27.8,3.1,5.0,31.4,14.0,0.6,0.3,0.5,-13.9,4.6,13.2,0.7,5.0,14.9,14.0,0.6,0.3,0.5,-18.3,-9.1,27.1,2.9,5.0,29.6,14.0,0.6,0.3,0.5,-3.1,1.1,6.3,1.6,4.0,5.5,12.0,0.8,0.3,0.5,-4.9,0.4,6.8,1.0,4.0,7.1,12.0,0.8,0.3,0.5,61.0,132.5,550.5,316.0,5.0,440.5,14.0,0.6,0.3,0.5,60.0,135.0,550.0,315.0,5.0,440.0,14.0,0.6,0.3,0.5
1974,2,166.0,45.0,4.11,5.0,6.39,4.88,8.0,2.31,14.0,0.5,0.5,0.4,0.61,2.25,4.94,3.0,8.0,2.67,14.0,0.5,0.5,0.4,2.84,3.53,4.39,3.69,8.0,1.1,14.0,0.5,0.5,0.4,60.1,83.3,87.1,76.6,8.0,13.6,14.0,0.5,0.4,3.27,8.2,11.63,7.84,8.0,4.32,14.0,0.5,0.5,0.4,1.33,4.48,6.17,3.7,8.0,2.93,14.0,0.5,0.5,0.4,-6.17,-1.48,7.34,-0.16,8.0,8.04,14.0,0.5,0.5,0.4,994.72,1010.15,1016.01,1006.5,8.0,12.33,14.0,0.5,0.5,0.4,3.1,4.0,4.9,4.1,8.0,2.0,14.0,0.5,0.5,0.4,4.7,45.4,66.3,37.1,8.0,28.7,14.0,0.5,0.5,0.4,-50.6,-6.8,73.3,5.7,8.0,97.3,14.0,0.5,0.5,0.4,-1.28,3.0,3.5,1.88,8.0,2.76,14.0,0.5,0.5,0.4,-19.1,11.6,39.9,11.5,8.0,26.5,14.0,0.5,0.5,0.4,0.3,1.72,3.26,1.74,8.0,1.41,14.0,0.5,0.5,0.4,2.3,10.8,21.5,11.8,8.0,11.3,14.0,0.5,0.5,0.4,0.2,5.8,17.5,9.7,8.0,15.0,14.0,0.5,0.5,0.4,-7.6,0.0,18.2,13.2,8.0,39.7,14.0,0.5,0.5,0.4,4.7,12.5,26.6,13.0,8.0,12.3,14.0,0.5,0.5,0.4,-14.8,-4.5,30.5,5.9,8.0,35.4,14.0,0.5,0.5,0.4,-1.6,4.5,15.9,6.6,8.0,8.1,14.0,0.5,0.5,0.4,-19.5,-6.5,2.4,-7.6,8.0,10.2,14.0,0.5,0.5,0.4,37.5,551.5,1582.0,870.0,8.0,1026.0,14.0,0.5,0.5,0.4,35.0,550.0,1580.0,870.0,8.0,1025.0,14.0,0.5,0.5,0.4
1974,2,166.0,46.0,2.67,3.0,5.05,3.53,7.0,1.42,18.0,0.4,0.3,0.6,1.63,3.0,4.73,3.17,9.0,1.7,16.0,0.3,0.3,0.5,3.32,3.71,4.73,3.88,9.0,0.85,16.0,0.3,0.3,0.5,71.2,83.5,91.7,81.2,9.0,13.4,16.0,0.3,0.5,3.5,7.2,9.14,6.8,9.0,2.9,16.0,0.3,0.3,0.5,-1.96,0.0,8.6,2.55,9.0,4.92,16.0,0.3,0.3,0.5,-1.53,4.6,7.06,2.78,9.0,4.5,16.0,0.3,0.3,0.5,1008.45,1015.0,1015.87,1012.32,9.0,5.89,16.0,0.3,0.3,0.5,4.0,4.5,7.9,5.2,8.0,2.2,16.0,0.4,0.3,0.5,-7.3,0.0,76.0,26.5,9.0,46.0,16.0,0.3,0.3,0.5,-9.4,21.2,61.7,24.3,9.0,34.9,16.0,0.3,0.3,0.5,-2.01,1.0,2.14,0.6,7.0,2.58,18.0,0.4,0.3,0.6,-10.9,4.7,13.1,0.4,7.0,12.6,18.0,0.4,0.3,0.6,0.39,1.04,2.09,1.08,7.0,1.15,18.0,0.4,0.3,0.6,2.3,5.3,11.3,6.7,7.0,7.5,18.0,0.4,0.3,0.6,-2.3,0.0,32.5,13.2,9.0,22.0,16.0,0.3,0.3,0.5,-4.4,13.2,30.1,11.2,9.0,16.1,16.0,0.3,0.3,0.5,-7.1,0.0,28.4,10.0,9.0,20.0,16.0,0.3,0.3,0.5,-5.4,21.5,27.8,11.9,9.0,17.8,16.0,0.3,0.3,0.5,-2.8,0.0,11.2,3.5,7.0,8.7,18.0,0.4,0.3,0.6,-3.5,-2.6,3.8,-0.4,7.0,4.3,18.0,0.4,0.3,0.6,48.0,373.0,765.0,464.5,9.0,457.0,16.0,0.3,0.3,0.5,50.0,375.0,765.0,465.0,9.0,455.0,16.0,0.3,0.3,0.5
1974,2,166.0,47.0,2.43,3.0,4.29,3.13,10.0,1.08,20.0,0.4,0.4,0.5,0.87,2.3,3.38,2.3,12.0,1.45,20.0,0.3,0.4,0.5,3.07,3.53,3.96,3.58,10.0,0.45,20.0,0.4,0.4,0.5,74.5,82.0,88.4,81.2,10.0,7.7,20.0,0.4,0.5,5.92,9.8,13.5,10.5,12.0,6.02,20.0,0.3,0.4,0.5,-5.79,2.4,8.4,0.57,12.0,8.47,20.0,0.3,0.4,0.5,-1.26,4.88,11.28,4.78,12.0,7.72,20.0,0.3,0.4,0.5,994.65,1007.6,1023.71,1007.6,11.0,15.07,20.0,0.4,0.4,0.5,7.0,8.0,8.0,7.4,9.0,1.0,18.0,0.4,0.4,0.5,-53.6,12.2,103.2,-13.7,12.0,150.9,20.0,0.3,0.4,0.5,-9.7,30.2,143.4,77.2,12.0,166.2,20.0,0.3,0.4,0.5,0.0,0.95,2.0,0.97,10.0,1.04,20.0,0.4,0.4,0.5,0.0,8.0,24.2,10.4,10.0,11.9,20.0,0.4,0.4,0.5,0.87,1.16,1.54,1.13,9.0,0.42,20.0,0.4,0.4,0.5,5.4,8.4,12.3,8.7,9.0,4.0,20.0,0.4,0.4,0.5,-7.7,0.0,27.1,4.4,12.0,19.2,20.0,0.3,0.4,0.5,-1.9,7.0,22.1,12.9,12.0,25.4,20.0,0.3,0.4,0.5,-14.1,7.2,32.2,7.1,10.0,26.0,20.0,0.4,0.4,0.5,-5.7,9.9,20.4,6.5,10.0,17.6,20.0,0.4,0.4,0.5,-6.1,3.3,8.4,1.6,9.0,8.0,20.0,0.4,0.4,0.5,-1.9,2.9,5.8,1.6,9.0,5.6,20.0,0.4,0.4,0.5,211.5,948.5,2637.0,2509.5,12.0,5048.5,20.0,0.3,0.4,0.5,210.0,950.0,2635.0,2510.0,12.0,5050.0,20.0,0.3,0.4,0.5
1974,2,166.0,48.0,2.95,3.5,4.05,3.57,7.0,0.93,8.0,0.6,0.5,0.5,1.33,2.0,4.14,2.43,7.0,2.71,8.0,0.6,0.5,0.5,3.31,3.83,4.14,3.75,7.0,0.38,8.0,0.6,0.5,0.5,82.0,85.0,93.4,84.0,7.0,15.0,8.0,0.6,0.5,3.1,4.1,12.33,6.54,7.0,4.27,8.0,0.6,0.5,0.5,-5.03,-3.1,0.0,-3.64,7.0,3.59,8.0,0.6,0.5,0.5,-1.95,0.0,4.2,-0.01,7.0,6.31,8.0,0.6,0.5,0.5,995.78,1007.5,1015.6,1005.6,7.0,9.09,8.0,0.6,0.5,0.5,4.8,6.0,6.2,5.7,6.0,1.0,8.0,0.5,0.4,0.4,-34.3,-9.6,0.0,-27.9,7.0,46.6,8.0,0.6,0.5,0.5,-13.4,0.0,27.1,-7.9,7.0,75.2,8.0,0.6,0.5,0.5,-0.57,1.5,2.57,1.14,7.0,1.99,8.0,0.6,0.5,0.5,-1.9,6.5,17.1,8.7,7.0,12.7,8.0,0.6,0.5,0.5,0.87,1.11,1.32,1.17,7.0,0.49,8.0,0.6,0.5,0.5,3.7,6.1,11.6,7.5,7.0,4.9,8.0,0.6,0.5,0.5,-16.5,-9.5,0.0,-10.1,7.0,9.5,8.0,0.6,0.5,0.5,-10.9,0.0,8.0,-4.7,7.0,14.1,8.0,0.6,0.5,0.5,-20.7,-12.7,0.0,-14.0,7.0,13.9,8.0,0.6,0.5,0.5,-6.8,0.0,16.8,-0.1,7.0,24.0,8.0,0.6,0.5,0.5,-8.6,-3.8,0.0,-4.6,7.0,4.9,8.0,0.6,0.5,0.5,-3.4,0.0,4.7,0.3,7.0,6.3,8.0,0.6,0.5,0.5,30.0,69.0,1874.5,635.0,7.0,941.5,8.0,0.6,0.5,0.5,30.0,70.0,1875.0,635.0,7.0,940.0,8.0,0.6,0.5,0.5
1974,2,166.0,49.0,1.0,3.0,3.92,2.41,8.0,1.53,12.0,0.5,0.3,0.3,-0.78,2.0,4.28,1.76,8.0,2.65,12.0,0.5,0.3,0.3,3.76,4.21,4.69,4.18,7.0,0.57,14.0,0.4,0.3,0.3,84.0,89.8,100.0,90.9,7.0,6.9,14.0,0.4,0.3,9.22,16.95,25.59,17.93,8.0,8.11,12.0,0.5,0.3,0.3,-25.24,-10.65,0.0,-11.55,8.0,13.81,12.0,0.5,0.3,0.3,-4.3,0.0,9.08,2.55,8.0,9.07,12.0,0.5,0.3,0.3,978.22,995.3,1007.8,994.03,8.0,15.04,12.0,0.5,0.3,0.3,7.3,8.0,8.0,7.7,3.0,0.6,12.0,0.3,0.2,0.4,-646.0,-148.2,0.0,-293.0,8.0,357.5,12.0,0.5,0.3,0.3,-104.8,0.0,125.1,39.6,8.0,160.6,12.0,0.5,0.3,0.3,-1.0,-0.75,4.5,0.65,8.0,2.94,12.0,0.5,0.3,0.3,-28.9,-15.9,35.0,-4.8,8.0,33.4,12.0,0.5,0.3,0.3,-0.29,0.36,0.69,0.4,7.0,0.75,14.0,0.4,0.3,0.3,-7.4,5.1,10.6,3.6,7.0,8.9,14.0,0.4,0.3,0.3,-50.5,-25.2,-2.3,-28.7,8.0,22.5,12.0,0.5,0.3,0.3,-8.8,0.0,37.9,15.0,8.0,42.3,12.0,0.5,0.3,0.3,-105.2,-53.6,0.0,-61.0,7.0,51.5,14.0,0.4,0.3,0.3,-17.8,0.0,47.2,15.5,7.0,42.4,14.0,0.4,0.3,0.3,-6.6,0.0,7.4,-0.6,7.0,7.0,14.0,0.4,0.3,0.3,-2.0,0.0,3.8,1.9,7.0,6.3,14.0,0.4,0.3,0.3,852.5,5200.5,16763.5,8890.0,8.0,9149.5,12.0,0.5,0.3,0.3,850.0,5200.0,16765.0,8890.0,8.0,9150.0,12.0,0.5,0.3,0.3
1974,2,166.0,50.0,2.5,3.0,3.87,3.11,9.0,0.99,20.0,0.2,0.4,0.5,1.14,2.55,4.29,2.67,10.0,2.02,20.0,0.2,0.4,0.4,2.92,3.52,3.98,3.44,9.0,0.49,20.0,0.2,0.4,0.5,67.5,77.9,85.8,75.2,9.0,12.5,20.0,0.2,0.5,6.63,10.0,14.2,10.74,10.0,4.87,20.0,0.2,0.4,0.4,-9.5,-3.82,8.15,-1.36,10.0,10.59,20.0,0.2,0.4,0.4,-0.86,3.38,8.26,3.05,10.0,5.22,20.0,0.2,0.4,0.4,1002.83,1009.25,1013.63,1006.76,10.0,9.98,20.0,0.2,0.4,0.4,4.3,8.0,8.0,6.6,9.0,2.0,18.0,0.2,0.4,0.5,-97.9,-27.7,83.1,-26.5,10.0,173.0,20.0,0.2,0.4,0.4,-7.5,29.2,120.5,43.5,10.0,65.6,20.0,0.2,0.4,0.4,-1.12,0.5,2.1,0.48,9.0,1.94,20.0,0.2,0.4,0.5,-7.0,4.4,34.6,7.7,9.0,23.7,20.0,0.2,0.4,0.5,0.83,1.34,1.86,1.33,9.0,0.53,20.0,0.2,0.4,0.5,6.6,14.7,22.2,14.1,9.0,7.7,20.0,0.2,0.4,0.5,-17.6,-12.5,20.5,-3.4,10.0,24.8,20.0,0.2,0.4,0.4,-2.9,4.3,25.8,9.8,10.0,21.4,20.0,0.2,0.4,0.4,-29.8,-12.7,29.5,-3.8,9.0,38.1,20.0,0.2,0.4,0.5,-4.2,8.8,22.9,6.8,9.0,15.5,20.0,0.2,0.4,0.5,-18.7,-3.0,12.3,-2.4,9.0,14.7,20.0,0.2,0.4,0.5,-0.8,2.5,7.5,3.1,9.0,7.1,20.0,0.2,0.4,0.5,296.0,1050.5,3045.5,2017.5,10.0,2843.5,20.0,0.2,0.4,0.4,295.0,1050.0,3045.0,2015.0,10.0,2845.0,20.0,0.2,0.4,0.4
1974,2,166.0,51.0,0.43,2.0,3.66,1.97,10.0,1.56,8.0,0.0,0.3,0.3,-1.06,0.5,1.29,0.24,10.0,1.22,8.0,0.0,0.4,0.4,3.36,3.47,3.71,3.59,6.0,0.38,8.0,0.0,0.4,0.4,81.7,91.9,100.0,90.7,6.0,9.1,8.0,0.0,0.4,5.92,7.95,10.33,8.23,12.0,2.82,8.0,0.0,0.4,0.4,-6.86,-4.89,0.07,-3.21,12.0,6.4,8.0,0.0,0.4,0.4,-4.93,-1.44,5.48,-0.36,12.0,5.43,8.0,0.0,0.4,0.4,983.68,1003.0,1010.42,999.67,11.0,13.6,10.0,0.0,0.4,0.4,6.4,7.5,8.0,7.1,10.0,1.3,8.0,0.0,0.3,0.4,-57.4,-37.0,3.7,-18.8,12.0,77.8,8.0,0.0,0.4,0.4,-46.5,-9.3,39.2,-4.3,12.0,49.1,8.0,0.0,0.4,0.4,0.17,2.25,4.43,2.23,8.0,2.14,6.0,0.0,0.3,0.3,1.1,16.4,29.1,18.8,8.0,22.3,6.0,0.0,0.3,0.3,0.52,0.7,1.38,0.91,5.0,0.56,6.0,0.0,0.4,0.3,3.2,6.1,16.1,9.7,5.0,9.1,6.0,0.0,0.4,0.3,-6.7,-5.1,6.1,-1.7,10.0,6.3,8.0,0.0,0.4,0.4,-6.4,1.8,5.4,0.3,10.0,5.4,8.0,0.0,0.4,0.4,-32.3,-16.5,-2.0,-12.1,6.0,29.8,8.0,0.0,0.4,0.4,-19.1,-10.9,3.0,-8.6,6.0,14.8,8.0,0.0,0.4,0.4,-5.7,-3.0,7.2,1.3,5.0,12.5,6.0,0.0,0.4,0.3,-8.9,-2.6,-0.7,-4.3,5.0,4.4,6.0,0.0,0.4,0.3,211.5,504.0,1112.5,750.5,12.0,805.5,8.0,0.0,0.4,0.4,210.0,505.0,1115.0,750.0,12.0,805.0,8.0,0.0,0.4,0.4
1974,2,166.0,52.0,0.67,3.25,5.05,2.88,4.0,2.95,18.0,0.5,0.4,0.4,-0.1,3.0,4.0,2.0,4.0,2.83,18.0,0.5,0.4,0.4,4.21,4.37,4.54,4.37,2.0,0.34,16.0,0.0,0.4,0.3,91.8,91.8,91.9,91.8,2.0,0.1,16.0,0.0,0.3,10.1,12.35,14.45,12.28,4.0,2.75,18.0,0.5,0.4,0.4,-12.29,-10.15,-1.53,-7.06,4.0,8.39,18.0,0.5,0.4,0.4,-1.22,0.0,7.58,3.04,4.0,7.7,18.0,0.5,0.4,0.4,992.24,1008.75,1016.51,1004.58,4.0,16.35,18.0,0.5,0.4,0.4,6.3,7.0,7.7,7.0,3.0,1.0,20.0,0.7,0.4,0.3,-153.4,-104.3,3.9,-76.1,4.0,111.9,18.0,0.5,0.4,0.4,-16.3,0.0,116.8,47.9,4.0,117.5,18.0,0.5,0.4,0.4,-1.67,2.0,3.31,0.88,4.0,4.09,18.0,0.5,0.4,0.4,-29.6,24.7,34.0,3.2,4.0,54.0,18.0,0.5,0.4,0.4,1.08,1.11,1.15,1.11,2.0,0.07,16.0,0.0,0.4,0.3,12.5,13.8,15.0,13.8,2.0,2.6,16.0,0.0,0.4,0.3,-38.4,-2.3,19.6,-9.1,4.0,35.3,18.0,0.5,0.4,0.4,-4.9,0.0,30.3,12.1,4.0,30.8,18.0,0.5,0.4,0.4,-58.7,-53.8,-48.9,-53.8,2.0,10.1,16.0,0.0,0.4,0.3,-9.0,-5.4,-1.7,-5.4,2.0,7.6,16.0,0.0,0.4,0.3,-14.8,-13.7,-12.5,-13.7,2.0,2.4,16.0,0.0,0.4,0.3,-2.3,-1.4,-0.4,-1.4,2.0,1.9,16.0,0.0,0.4,0.3,1069.0,1924.5,3059.0,2057.5,4.0,1266.0,18.0,0.5,0.4,0.4,1070.0,1925.0,3060.0,2060.0,4.0,1265.0,18.0,0.5,0.4,0.4
1974,2,166.0,53.0,,,,,,,,,,,,,,,,,,,,,,,,,,,,,,,,,,,,,,,,8.2,9.8,14.06,10.38,9.0,4.3,18.0,0.1,0.3,0.2,-8.92,-7.1,7.01,-3.51,9.0,8.17,18.0,0.1,0.3,0.2,0.7,4.9,7.55,4.59,9.0,5.94,18.0,0.1,0.3,0.2,1001.56,1012.4,1021.39,1010.84,10.0,13.14,18.0,0.2,0.3,0.2,,,,,,,,,,,,,,,,,,,,,,,,,,,,,,,,,,,,,,,,,,,,,,,,,,,,,,,,,,,,,,,,,,,,,,,,,,,,,,,,,,,,,,,,,,,,,,,,,,,,,,,,,,,,,,,,,,,,,,,,,,,,,,,,,,,,,,,,,,,,,,,,,,,,,,
1974,2,166.0,54.0,,,,,,,,,,,,,,,,,,,,,,,,,,,,,,,,,,,,,,,,4.73,6.2,7.07,5.92,5.0,1.31,10.0,0.4,0.5,0.5,-4.59,-3.6,-1.99,-3.2,5.0,1.9,10.0,0.4,0.5,0.5,-5.51,-3.99,0.29,-2.52,5.0,4.6,10.0,0.4,0.5,0.5,996.23,996.95,998.66,997.43,4.0,1.75,8.0,0.3,0.6,0.6,,,,,,,,,,,,,,,,,,,,,,,,,,,,,,,,,,,,,,,,,,,,,,,,,,,,,,,,,,,,,,,,,,,,,,,,,,,,,,,,,,,,,,,,,,,,,,,,,,,,,,,,,,,,,,,,,,,,,,,,,,,,,,,,,,,,,,,,,,,,,,,,,,,,,,
1974,2,166.0,55.0,,,,,,,,,,,,,,,,,,,,,,,,,,,,,,,,,,,,,,,,5.33,8.35,10.6,8.36,8.0,3.13,8.0,0.8,0.1,0.3,-8.44,-5.94,-0.35,-5.06,8.0,3.67,8.0,0.8,0.1,0.3,-7.88,-4.09,-0.14,-4.36,8.0,5.03,8.0,0.8,0.1,0.3,1003.93,1008.6,1015.61,1008.88,8.0,7.06,8.0,0.9,0.1,0.3,,,,,,,,,,,,,,,,,,,,,,,,,,,,,,,,,,,,,,,,,,,,,,,,,,,,,,,,,,,,,,,,,,,,,,,,,,,,,,,,,,,,,,,,,,,,,,,,,,,,,,,,,,,,,,,,,,,,,,,,,,,,,,,,,,,,,,,,,,,,,,,,,,,,,,
1974,2,166.0,60.0,,,,,,,,,,,,,,,,,,,,,,,,,,,,,,,,,,,,,,,,4.0,4.0,4.0,4.0,1.0,0.0,8.0,1.0,0.0,0.3,-3.46,-3.46,-3.46,-3.46,1.0,0.0,8.0,1.0,0.0,0.3,-2.0,-2.0,-2.0,-2.0,1.0,0.0,8.0,1.0,0.0,0.3,1020.0,1020.0,1023.82,1021.87,3.0,3.23,10.0,0.3,0.0,0.3,,,,,,,,,,,,,,,,,,,,,,,,,,,,,,,,,,,,,,,,,,,,,,,,,,,,,,,,,,,,,,,,,,,,,,,,,,,,,,,,,,,,,,,,,,,,,,,,,,,,,,,,,,,,,,,,,,,,,,,,,,,,,,,,,,,,,,,,,,,,,,,,,,,,,,
1974,2,167.0,-77.0,,,,,,,,,,,,,,,,,,,,,,,,,,,,,,,,,,,,,,,,7.2,7.2,7.2,7.2,1.0,0.0,4.0,1.0,0.2,0.1,-6.77,-6.77,-6.77,-6.77,1.0,0.0,4.0,1.0,0.2,0.1,2.46,2.46,2.46,2.46,1.0,0.0,4.0,1.0,0.2,0.1,988.0,988.0,988.0,988.0,1.0,0.0,4.0,1.0,0.2,0.1,7.0,7.0,7.0,7.0,1.0,0.0,4.0,1.0,0.2,0.1,-48.7,-48.7,-48.7,-48.7,1.0,0.0,4.0,1.0,0.2,0.1,17.7,17.7,17.7,17.7,1.0,0.0,4.0,1.0,0.2,0.1,,,,,,,,,,,,,,,,,,,,,,,,,,,,,,,,,,,,,,,,,26.4,26.4,26.4,26.4,1.0,0.0,4.0,1.0,0.2,0.1,-9.6,-9.6,-9.6,-9.6,1.0,0.0,4.0,1.0,0.2,0.1,-17.4,-17.4,-17.4,-17.4,1.0,0.0,4.0,1.0,0.2,0.1,6.3,6.3,6.3,6.3,1.0,0.0,4.0,1.0,0.2,0.1,,,,,,,,,,,,,,,,,,,,,,,,,,,,,,,,,,,,,,,,
1974,2,167.0,-70.0,,,,,,,,,,,,,,,,,,,,,,,,,,,,,,,,,,,,,,,,2.32,3.0,5.18,3.73,3.0,2.19,2.0,0.7,0.1,1.0,-0.29,1.29,4.58,2.12,3.0,3.64,2.0,0.7,0.1,1.0,-2.41,-1.53,-1.22,-1.81,3.0,0.9,2.0,0.7,0.1,1.0,989.14,990.1,990.1,989.63,3.0,0.81,2.0,0.7,0.1,1.0,,,,,,,,,,,,,,,,,,,,,,,,,,,,,,,,,,,,,,,,,,,,,,,,,,,,,,,,,,,,,,,,,,,,,,,,,,,,,,,,,,,,,,,,,,,,,,,,,,,,,,,,,,,,,,,,,,,,,,,,,,,,,,,,,,,,,,,,,,,,,,,,,,,,,,
1974,2,167.0,-69.0,-1.17,-1.1,-0.96,-1.07,3.0,0.15,8.0,1.0,0.6,0.7,-2.47,-2.2,-1.45,-1.97,3.0,0.78,8.0,1.0,0.6,0.7,2.26,2.34,2.42,2.34,2.0,0.16,10.0,1.0,0.4,0.8,63.6,68.5,73.4,68.5,2.0,10.2,10.0,1.0,0.8,4.77,6.2,8.32,6.53,3.0,2.62,8.0,1.0,0.6,0.7,2.09,3.1,3.41,2.76,3.0,1.01,8.0,1.0,0.6,0.7,-7.96,-5.37,-3.1,-5.53,3.0,3.56,8.0,1.0,0.6,0.7,971.92,973.9,985.37,978.53,3.0,10.64,8.0,1.0,0.6,0.7,5.3,6.0,6.7,6.0,3.0,1.0,8.0,1.0,0.6,0.7,14.7,15.0,17.9,16.3,3.0,2.6,8.0,1.0,0.6,0.7,-68.7,-33.3,-16.3,-42.3,3.0,39.2,8.0,1.0,0.6,0.7,0.45,1.0,1.34,0.9,3.0,0.66,8.0,1.0,0.6,0.7,2.1,4.1,10.8,6.4,3.0,6.7,8.0,1.0,0.6,0.7,1.22,1.32,1.42,1.32,2.0,0.21,10.0,1.0,0.4,0.8,9.4,10.0,10.6,10.0,2.0,1.3,10.0,1.0,0.4,0.8,-6.7,-4.2,-3.7,-5.1,3.0,2.3,8.0,1.0,0.6,0.7,5.0,5.9,18.1,11.4,3.0,10.8,8.0,1.0,0.6,0.7,4.4,5.4,6.4,5.4,2.0,2.1,10.0,1.0,0.4,0.8,-20.8,-17.2,-13.6,-17.2,2.0,7.4,10.0,1.0,0.4,0.8,2.3,3.2,4.1,3.2,2.0,1.9,10.0,1.0,0.4,0.8,-10.3,-9.3,-8.3,-9.3,2.0,2.0,10.0,1.0,0.4,0.8,122.5,238.5,624.5,370.5,3.0,385.0,8.0,1.0,0.6,0.7,125.0,240.0,625.0,370.0,3.0,385.0,8.0,1.0,0.6,0.7
1974,2,167.0,-68.0,,,,,,,,,,,,,,,,,,,,,,,,,,,,,,,,,,,,,,,,8.2,8.7,11.46,9.04,8.0,2.38,6.0,0.8,0.1,0.9,-11.46,-8.32,-5.25,-8.31,8.0,2.96,6.0,0.8,0.1,0.9,-1.5,0.0,0.79,0.17,8.0,3.35,6.0,0.8,0.1,0.9,984.58,985.8,986.73,986.06,7.0,1.7,4.0,0.7,0.1,0.8,,,,,,,,,,,,,,,,,,,,,,,,,,,,,,,,,,,,,,,,,,,,,,,,,,,,,,,,,,,,,,,,,,,,,,,,,,,,,,,,,,,,,,,,,,,,,,,,,,,,,,,,,,,,,,,,,,,,,,,,,,,,,,,,,,,,,,,,,,,,,,,,,,,,,,
1974,2,167.0,-66.0,0.3,0.3,0.3,0.3,1.0,0.0,8.0,1.0,0.4,0.2,1.6,1.6,1.6,1.6,1.0,0.0,8.0,1.0,0.4,0.2,3.89,3.89,3.89,3.89,1.0,0.0,8.0,1.0,0.4,0.2,88.5,88.5,88.5,88.5,1.0,0.0,8.0,1.0,0.2,4.6,4.6,4.6,4.6,1.0,0.0,8.0,1.0,0.4,0.2,4.32,4.32,4.32,4.32,1.0,0.0,8.0,1.0,0.4,0.2,-1.57,-1.57,-1.57,-1.57,1.0,0.0,8.0,1.0,0.4,0.2,976.8,976.8,976.8,976.8,1.0,0.0,8.0,1.0,0.4,0.2,8.0,8.0,8.0,8.0,1.0,0.0,8.0,1.0,0.4,0.2,19.9,19.9,19.9,19.9,1.0,0.0,8.0,1.0,0.4,0.2,-7.2,-7.2,-7.2,-7.2,1.0,0.0,8.0,1.0,0.4,0.2,-1.3,-1.3,-1.3,-1.3,1.0,0.0,8.0,1.0,0.4,0.2,-6.0,-6.0,-6.0,-6.0,1.0,0.0,8.0,1.0,0.4,0.2,0.11,0.11,0.11,0.11,1.0,0.0,8.0,1.0,0.4,0.2,0.5,0.5,0.5,0.5,1.0,0.0,8.0,1.0,0.4,0.2,6.9,6.9,6.9,6.9,1.0,0.0,8.0,1.0,0.4,0.2,-2.5,-2.5,-2.5,-2.5,1.0,0.0,8.0,1.0,0.4,0.2,16.8,16.8,16.8,16.8,1.0,0.0,8.0,1.0,0.4,0.2,-6.1,-6.1,-6.1,-6.1,1.0,0.0,8.0,1.0,0.4,0.2,0.5,0.5,0.5,0.5,1.0,0.0,8.0,1.0,0.4,0.2,-0.2,-0.2,-0.2,-0.2,1.0,0.0,8.0,1.0,0.4,0.2,97.5,97.5,97.5,97.5,1.0,0.0,8.0,1.0,0.4,0.2,95.0,95.0,95.0,95.0,1.0,0.0,8.0,1.0,0.4,0.2
1974,2,167.0,-65.0,1.4,1.4,1.4,1.4,1.0,0.0,6.0,1.0,0.8,0.1,2.7,2.7,2.7,2.7,1.0,0.0,6.0,1.0,0.8,0.1,3.97,3.97,3.97,3.97,1.0,0.0,6.0,1.0,0.8,0.1,84.2,84.2,84.2,84.2,1.0,0.0,6.0,1.0,0.1,7.7,7.7,7.7,7.7,1.0,0.0,6.0,1.0,0.8,0.1,7.24,7.24,7.24,7.24,1.0,0.0,6.0,1.0,0.8,0.1,2.63,2.63,2.63,2.63,1.0,0.0,6.0,1.0,0.8,0.1,985.1,985.1,985.1,985.1,1.0,0.0,6.0,1.0,0.8,0.1,8.0,8.0,8.0,8.0,1.0,0.0,6.0,1.0,0.8,0.1,55.7,55.7,55.7,55.7,1.0,0.0,6.0,1.0,0.8,0.1,20.3,20.3,20.3,20.3,1.0,0.0,6.0,1.0,0.8,0.1,-1.3,-1.3,-1.3,-1.3,1.0,0.0,6.0,1.0,0.8,0.1,-10.0,-10.0,-10.0,-10.0,1.0,0.0,6.0,1.0,0.8,0.1,0.33,0.33,0.33,0.33,1.0,0.0,6.0,1.0,0.8,0.1,2.5,2.5,2.5,2.5,1.0,0.0,6.0,1.0,0.8,0.1,19.5,19.5,19.5,19.5,1.0,0.0,6.0,1.0,0.8,0.1,7.1,7.1,7.1,7.1,1.0,0.0,6.0,1.0,0.8,0.1,28.7,28.7,28.7,28.7,1.0,0.0,6.0,1.0,0.8,0.1,10.5,10.5,10.5,10.5,1.0,0.0,6.0,1.0,0.8,0.1,2.4,2.4,2.4,2.4,1.0,0.0,6.0,1.0,0.8,0.1,0.9,0.9,0.9,0.9,1.0,0.0,6.0,1.0,0.8,0.1,456.5,456.5,456.5,456.5,1.0,0.0,6.0,1.0,0.8,0.1,455.0,455.0,455.0,455.0,1.0,0.0,6.0,1.0,0.8,0.1
1974,2,167.0,-51.0,,,,,,,,,,,,,,,,,,,,,,,,,,,,,,,,,,,,,,,,5.1,5.1,5.1,5.1,1.0,0.0,24.0,0.0,0.1,0.5,-2.55,-2.55,-2.55,-2.55,1.0,0.0,24.0,0.0,0.1,0.5,-4.42,-4.42,-4.42,-4.42,1.0,0.0,24.0,0.0,0.1,0.5,1014.1,1014.1,1014.1,1014.1,1.0,0.0,24.0,0.0,0.1,0.5,,,,,,,,,,,,,,,,,,,,,,,,,,,,,,,,,,,,,,,,,,,,,,,,,,,,,,,,,,,,,,,,,,,,,,,,,,,,,,,,,,,,,,,,,,,,,,,,,,,,,,,,,,,,,,,,,,,,,,,,,,,,,,,,,,,,,,,,,,,,,,,,,,,,,,
1974,2,167.0,-41.0,18.45,18.75,19.26,18.85,4.0,0.51,12.0,0.3,0.8,0.7,15.48,16.45,18.52,16.98,4.0,2.16,12.0,0.3,0.8,0.7,7.69,9.59,11.09,9.4,4.0,2.31,12.0,0.3,0.8,0.7,70.5,81.8,83.8,77.4,4.0,10.9,12.0,0.3,0.7,4.08,6.95,9.3,6.7,4.0,3.32,12.0,0.3,0.8,0.7,-0.47,1.43,4.65,2.06,4.0,3.23,12.0,0.3,0.8,0.7,1.07,5.1,7.91,4.52,4.0,5.25,12.0,0.3,0.8,0.7,1013.78,1017.0,1017.81,1015.85,4.0,3.1,12.0,0.3,0.8,0.7,5.0,6.5,7.0,6.0,4.0,1.4,12.0,0.3,0.8,0.7,-1.2,8.1,34.7,16.4,4.0,24.8,12.0,0.3,0.8,0.7,10.1,35.7,76.2,42.8,4.0,47.0,12.0,0.3,0.8,0.7,0.24,2.5,3.45,1.88,4.0,2.11,12.0,0.3,0.8,0.7,4.9,16.3,28.1,16.5,4.0,16.0,12.0,0.3,0.8,0.7,2.34,4.05,5.86,4.1,4.0,2.19,12.0,0.3,0.8,0.7,14.4,31.8,44.9,29.8,4.0,20.0,12.0,0.3,0.8,0.7,-9.3,21.4,76.0,32.8,4.0,55.1,12.0,0.3,0.8,0.7,9.7,81.6,128.7,69.8,4.0,88.5,12.0,0.3,0.8,0.7,-5.6,9.2,42.1,17.8,4.0,32.8,12.0,0.3,0.8,0.7,-0.2,42.6,74.3,37.3,4.0,51.2,12.0,0.3,0.8,0.7,-0.8,9.5,19.4,9.3,4.0,11.6,12.0,0.3,0.8,0.7,5.8,24.7,42.5,24.2,4.0,23.5,12.0,0.3,0.8,0.7,97.5,368.5,835.0,461.5,4.0,476.0,12.0,0.3,0.8,0.7,95.0,370.0,835.0,460.0,4.0,475.0,12.0,0.3,0.8,0.7
1974,2,167.0,-40.0,19.66,20.0,20.68,20.17,3.0,0.76,26.0,0.3,0.5,0.7,15.32,16.0,18.73,17.0,3.0,2.65,26.0,0.3,0.5,0.7,4.94,6.19,11.27,8.06,3.0,4.91,26.0,0.3,0.5,0.7,45.8,55.1,81.6,63.5,3.0,27.3,26.0,0.3,0.7,8.03,15.4,17.17,12.67,3.0,7.11,26.0,0.3,0.5,0.7,1.12,3.52,4.71,2.93,3.0,2.68,26.0,0.3,0.5,0.7,6.61,14.47,16.88,11.81,3.0,7.87,26.0,0.3,0.5,0.7,1013.8,1014.0,1014.55,1014.17,3.0,0.57,26.0,0.3,0.5,0.7,1.0,1.0,1.7,1.3,3.0,0.6,26.0,0.3,0.5,0.7,5.1,16.2,60.5,32.4,3.0,42.9,26.0,0.3,0.5,0.7,80.0,222.9,291.9,186.8,3.0,158.3,26.0,0.3,0.5,0.7,1.95,4.0,4.34,3.17,3.0,1.89,26.0,0.3,0.5,0.7,22.7,61.6,74.8,49.1,3.0,39.7,26.0,0.3,0.5,0.7,3.89,8.33,9.28,6.62,3.0,4.22,26.0,0.3,0.5,0.7,46.4,128.4,160.2,103.9,3.0,86.0,26.0,0.3,0.5,0.7,22.4,70.5,79.9,51.6,3.0,45.2,26.0,0.3,0.5,0.7,113.9,231.5,257.8,186.9,3.0,112.3,26.0,0.3,0.5,0.7,10.4,32.6,43.2,26.9,3.0,24.5,26.0,0.3,0.5,0.7,52.4,78.5,86.1,69.5,3.0,25.9,26.0,0.3,0.5,0.7,2.0,6.4,32.0,16.8,3.0,23.7,26.0,0.3,0.5,0.7,42.0,120.6,157.7,100.3,3.0,86.6,26.0,0.3,0.5,0.7,1225.5,3652.5,5140.0,3194.0,3.0,2894.5,26.0,0.3,0.5,0.7,1225.0,3650.0,5140.0,3195.0,3.0,2895.0,26.0,0.3,0.5,0.7
1974,2,167.0,-39.0,20.48,21.5,22.1,21.3,4.0,1.01,8.0,0.8,0.6,0.3,19.69,20.25,20.76,20.23,4.0,0.68,8.0,0.8,0.6,0.3,10.97,12.82,14.23,12.61,4.0,2.05,8.0,0.8,0.6,0.3,77.3,86.7,92.4,84.9,4.0,9.6,8.0,0.8,0.3,6.44,6.95,7.46,6.95,2.0,1.06,10.0,1.0,0.8,0.2,4.29,4.94,5.59,4.94,2.0,1.35,10.0,1.0,0.8,0.2,4.78,4.85,4.92,4.85,2.0,0.14,10.0,1.0,0.8,0.2,1002.69,1011.55,1018.26,1010.53,4.0,9.12,8.0,0.8,0.6,0.3,7.0,8.0,8.0,7.5,4.0,1.0,8.0,0.8,0.6,0.3,28.0,35.1,42.1,35.1,2.0,14.6,10.0,1.0,0.8,0.2,30.8,33.8,36.7,33.8,2.0,6.1,10.0,1.0,0.8,0.2,-0.29,1.25,2.42,1.08,4.0,1.68,8.0,0.8,0.6,0.3,15.7,16.4,17.0,16.4,2.0,1.4,10.0,1.0,0.8,0.2,0.91,3.17,5.52,3.22,4.0,2.85,8.0,0.8,0.6,0.3,35.0,37.2,39.5,37.2,2.0,4.6,10.0,1.0,0.8,0.2,83.8,97.6,111.5,97.6,2.0,28.7,10.0,1.0,0.8,0.2,93.2,95.6,97.9,95.6,2.0,4.8,10.0,1.0,0.8,0.2,44.9,55.3,65.7,55.3,2.0,21.6,10.0,1.0,0.8,0.2,49.6,53.5,57.4,53.5,2.0,8.1,10.0,1.0,0.8,0.2,26.0,26.0,26.0,26.0,2.0,0.0,10.0,1.0,0.8,0.2,23.3,26.4,29.6,26.4,2.0,6.5,10.0,1.0,0.8,0.2,273.0,347.5,422.0,347.5,2.0,154.5,10.0,1.0,0.8,0.2,275.0,345.0,420.0,345.0,2.0,155.0,10.0,1.0,0.8,0.2
1974,2,167.0,-38.0,20.6,20.8,21.0,20.8,2.0,0.42,4.0,0.5,0.4,0.2,19.48,20.5,21.52,20.5,2.0,2.12,4.0,0.5,0.4,0.2,11.16,12.44,13.73,12.44,2.0,2.66,4.0,0.5,0.4,0.2,79.1,82.5,85.8,82.5,2.0,6.9,4.0,0.5,0.2,2.56,4.85,7.14,4.85,2.0,4.74,4.0,0.5,0.4,0.2,-1.09,-0.65,-0.21,-0.65,2.0,0.92,4.0,0.5,0.4,0.2,-7.02,-4.47,-1.93,-4.47,2.0,5.27,4.0,0.5,0.4,0.2,1014.47,1015.05,1015.63,1015.05,2.0,1.2,4.0,0.5,0.4,0.2,2.1,4.5,6.9,4.5,2.0,4.9,4.0,0.5,0.4,0.2,-1.6,-1.0,-0.3,-1.0,2.0,1.4,4.0,0.5,0.4,0.2,-56.7,-34.2,-11.6,-34.2,2.0,46.8,4.0,0.5,0.4,0.2,-0.52,0.3,1.12,0.3,2.0,1.7,4.0,0.5,0.4,0.2,-5.9,-2.6,0.7,-2.6,2.0,6.8,4.0,0.5,0.4,0.2,1.72,2.81,3.91,2.81,2.0,2.27,4.0,0.5,0.4,0.2,7.2,8.3,9.4,8.3,2.0,2.3,4.0,0.5,0.4,0.2,-20.8,-12.3,-3.9,-12.3,2.0,17.5,4.0,0.5,0.4,0.2,-154.0,-97.3,-40.6,-97.3,2.0,117.5,4.0,0.5,0.4,0.2,-11.5,-6.9,-2.2,-6.9,2.0,9.7,4.0,0.5,0.4,0.2,-100.1,-62.7,-25.3,-62.7,2.0,77.4,4.0,0.5,0.4,0.2,-4.8,-2.9,-0.9,-2.9,2.0,4.1,4.0,0.5,0.4,0.2,-8.9,-6.6,-4.4,-6.6,2.0,4.7,4.0,0.5,0.4,0.2,90.5,277.5,464.5,277.5,2.0,387.5,4.0,0.5,0.4,0.2,90.0,275.0,465.0,275.0,2.0,385.0,4.0,0.5,0.4,0.2
1974,2,167.0,-37.0,19.2,21.15,23.1,21.15,2.0,4.03,20.0,0.5,0.8,0.6,19.5,19.7,19.9,19.7,2.0,0.42,20.0,0.5,0.8,0.6,11.53,12.42,13.31,12.42,2.0,1.84,20.0,0.5,0.8,0.6,82.4,87.1,91.8,87.1,2.0,9.7,20.0,0.5,0.6,4.08,6.2,8.32,6.2,2.0,4.38,20.0,0.5,0.8,0.6,-2.06,0.06,2.19,0.06,2.0,4.41,20.0,0.5,0.8,0.6,-7.44,-4.64,-1.84,-4.64,2.0,5.8,20.0,0.5,0.8,0.6,1010.73,1015.3,1019.87,1015.3,2.0,9.48,20.0,0.5,0.8,0.6,6.0,6.0,6.0,6.0,2.0,0.0,20.0,0.5,0.8,0.6,-3.3,10.1,23.4,10.1,2.0,27.6,20.0,0.5,0.8,0.6,-68.6,-41.5,-14.3,-41.5,2.0,56.3,20.0,0.5,0.8,0.6,-0.29,1.45,3.19,1.45,2.0,3.61,20.0,0.5,0.8,0.6,3.0,16.9,30.8,16.9,2.0,28.7,20.0,0.5,0.8,0.6,2.34,3.41,4.48,3.41,2.0,2.22,20.0,0.5,0.8,0.6,12.1,26.0,39.8,26.0,2.0,28.7,20.0,0.5,0.8,0.6,-39.7,2.2,44.1,2.2,2.0,86.9,20.0,0.5,0.8,0.6,-148.7,-92.6,-36.5,-92.6,2.0,116.2,20.0,0.5,0.8,0.6,-21.6,4.9,31.3,4.9,2.0,54.8,20.0,0.5,0.8,0.6,-101.8,-62.9,-24.1,-62.9,2.0,80.5,20.0,0.5,0.8,0.6,-2.2,5.1,12.4,5.1,2.0,15.2,20.0,0.5,0.8,0.6,-36.7,-22.2,-7.7,-22.2,2.0,30.0,20.0,0.5,0.8,0.6,152.5,417.0,681.5,417.0,2.0,547.5,20.0,0.5,0.8,0.6,155.0,415.0,680.0,415.0,2.0,550.0,20.0,0.5,0.8,0.6
1974,2,167.0,-36.0,20.16,22.0,22.42,21.59,9.0,1.1,14.0,0.3,0.5,0.7,20.63,22.9,23.0,21.92,9.0,1.63,14.0,0.3,0.5,0.7,12.4,15.33,16.3,14.15,8.0,3.12,14.0,0.4,0.5,0.7,80.1,88.2,99.0,86.2,8.0,13.6,14.0,0.4,0.7,6.33,7.7,8.07,7.2,9.0,1.46,14.0,0.3,0.5,0.7,-4.95,-3.1,1.92,-2.08,9.0,3.25,14.0,0.3,0.5,0.7,-7.23,-5.9,4.18,-2.64,9.0,6.1,14.0,0.3,0.5,0.7,1014.74,1016.1,1017.25,1016.43,9.0,2.55,14.0,0.3,0.5,0.7,6.5,8.0,8.0,7.4,9.0,1.1,14.0,0.3,0.5,0.7,-38.1,-19.2,14.8,-15.1,9.0,25.6,14.0,0.3,0.5,0.7,-54.7,-45.4,25.3,-22.1,9.0,46.5,14.0,0.3,0.5,0.7,-2.39,-0.5,1.37,-0.33,9.0,1.8,14.0,0.3,0.5,0.7,-17.3,-3.1,8.6,-2.7,9.0,13.4,14.0,0.3,0.5,0.7,-0.6,1.5,4.05,1.8,8.0,3.19,14.0,0.4,0.5,0.7,-4.2,10.1,19.0,11.9,8.0,24.3,14.0,0.4,0.5,0.7,-111.2,-72.8,37.9,-47.2,9.0,70.6,14.0,0.3,0.5,0.7,-166.0,-135.1,86.3,-66.0,9.0,129.6,14.0,0.3,0.5,0.7,-75.5,-32.5,18.8,-29.4,8.0,47.6,14.0,0.4,0.5,0.7,-111.5,-92.9,56.7,-47.0,8.0,85.1,14.0,0.4,0.5,0.7,-6.2,-1.2,13.3,1.1,8.0,11.7,14.0,0.4,0.5,0.7,-6.8,8.8,17.3,10.9,8.0,21.9,14.0,0.4,0.5,0.7,255.0,456.5,526.0,412.0,9.0,206.5,14.0,0.3,0.5,0.7,255.0,455.0,525.0,410.0,9.0,205.0,14.0,0.3,0.5,0.7
1974,2,167.0,-35.0,19.33,22.5,24.33,22.13,8.0,2.14,18.0,0.3,0.3,0.7,19.91,21.0,22.0,21.04,9.0,0.96,18.0,0.3,0.3,0.7,9.95,13.63,15.36,13.08,9.0,2.5,18.0,0.3,0.3,0.7,68.4,85.2,100.0,84.6,9.0,15.8,18.0,0.3,0.7,4.73,9.3,10.67,8.06,9.0,3.11,18.0,0.3,0.3,0.7,-8.37,-4.53,1.76,-3.83,9.0,5.21,18.0,0.3,0.3,0.7,-3.4,4.42,7.33,2.29,9.0,5.75,18.0,0.3,0.3,0.7,1010.02,1015.4,1020.48,1015.09,9.0,5.17,18.0,0.3,0.3,0.7,3.8,8.0,8.0,6.4,9.0,2.4,18.0,0.3,0.3,0.7,-80.9,-20.8,12.9,-34.2,9.0,55.6,18.0,0.3,0.3,0.7,-31.6,22.5,72.3,17.2,9.0,61.0,18.0,0.3,0.3,0.7,-0.62,0.75,2.59,1.08,8.0,1.66,18.0,0.3,0.3,0.7,-5.8,7.4,26.8,9.9,8.0,16.6,18.0,0.3,0.3,0.7,1.58,2.64,7.53,3.88,8.0,3.29,18.0,0.3,0.3,0.7,10.2,16.5,63.2,31.7,8.0,29.6,18.0,0.3,0.3,0.7,-176.1,-100.6,39.4,-79.7,9.0,107.3,18.0,0.3,0.3,0.7,-66.9,92.8,155.4,50.0,9.0,117.2,18.0,0.3,0.3,0.7,-117.4,-64.1,12.1,-58.4,9.0,64.7,18.0,0.3,0.3,0.7,-40.0,53.8,84.3,28.9,9.0,72.5,18.0,0.3,0.3,0.7,-15.3,-10.7,28.8,-0.5,8.0,24.6,18.0,0.3,0.3,0.7,-4.8,4.7,54.3,19.6,8.0,31.3,18.0,0.3,0.3,0.7,107.0,804.5,1214.5,726.5,9.0,627.5,18.0,0.3,0.3,0.7,105.0,805.0,1215.0,725.0,9.0,625.0,18.0,0.3,0.3,0.7
1974,2,167.0,-33.0,22.0,22.0,22.0,22.0,1.0,0.0,14.0,1.0,0.0,0.2,25.0,25.0,25.0,25.0,1.0,0.0,14.0,1.0,0.0,0.2,16.45,16.45,16.45,16.45,1.0,0.0,14.0,1.0,0.0,0.2,83.4,83.4,83.4,83.4,1.0,0.0,14.0,1.0,0.2,6.7,6.7,6.7,6.7,1.0,0.0,14.0,1.0,0.0,0.2,0.0,0.0,0.0,0.0,1.0,0.0,14.0,1.0,0.0,0.2,-6.7,-6.7,-6.7,-6.7,1.0,0.0,14.0,1.0,0.0,0.2,1014.2,1014.2,1014.2,1014.2,1.0,0.0,14.0,1.0,0.0,0.2,8.0,8.0,8.0,8.0,1.0,0.0,14.0,1.0,0.0,0.2,0.0,0.0,0.0,0.0,1.0,0.0,14.0,1.0,0.0,0.2,-44.9,-44.9,-44.9,-44.9,1.0,0.0,14.0,1.0,0.0,0.2,-3.0,-3.0,-3.0,-3.0,1.0,0.0,14.0,1.0,0.0,0.2,-20.1,-20.1,-20.1,-20.1,1.0,0.0,14.0,1.0,0.0,0.2,0.0,0.0,0.0,0.0,1.0,0.0,14.0,1.0,0.0,0.2,0.0,0.0,0.0,0.0,1.0,0.0,14.0,1.0,0.0,0.2,0.0,0.0,0.0,0.0,1.0,0.0,14.0,1.0,0.0,0.2,-167.5,-167.5,-167.5,-167.5,1.0,0.0,14.0,1.0,0.0,0.2,0.0,0.0,0.0,0.0,1.0,0.0,14.0,1.0,0.0,0.2,-110.2,-110.2,-110.2,-110.2,1.0,0.0,14.0,1.0,0.0,0.2,0.0,0.0,0.0,0.0,1.0,0.0,14.0,1.0,0.0,0.2,0.0,0.0,0.0,0.0,1.0,0.0,14.0,1.0,0.0,0.2,301.0,301.0,301.0,301.0,1.0,0.0,14.0,1.0,0.0,0.2,300.0,300.0,300.0,300.0,1.0,0.0,14.0,1.0,0.0,0.2
1974,2,167.0,-32.0,23.06,23.2,23.34,23.2,2.0,0.28,6.0,0.5,0.2,0.6,23.16,23.5,23.84,23.5,2.0,0.71,6.0,0.5,0.2,0.6,16.29,16.45,16.61,16.45,2.0,0.34,6.0,0.5,0.2,0.6,90.2,91.3,92.4,91.3,2.0,2.3,6.0,0.5,0.6,3.41,5.15,6.89,5.15,2.0,3.61,6.0,0.5,0.2,0.6,-4.37,-3.12,-1.88,-3.12,2.0,2.58,6.0,0.5,0.2,0.6,-0.96,1.82,4.61,1.82,2.0,5.76,6.0,0.5,0.2,0.6,1012.78,1014.25,1015.72,1014.25,2.0,3.04,6.0,0.5,0.2,0.6,3.0,5.0,7.0,5.0,2.0,4.2,6.0,0.5,0.2,0.6,-32.6,-20.7,-8.9,-20.7,2.0,24.6,6.0,0.5,0.2,0.6,2.3,19.8,37.3,19.8,2.0,36.3,6.0,0.5,0.2,0.6,-0.5,-0.3,-0.1,-0.3,2.0,0.42,6.0,0.5,0.2,0.6,-3.9,-2.3,-0.7,-2.3,2.0,3.3,6.0,0.5,0.2,0.6,1.25,1.26,1.27,1.26,2.0,0.02,6.0,0.5,0.2,0.6,4.3,6.5,8.8,6.5,2.0,4.7,6.0,0.5,0.2,0.6,-104.7,-74.3,-44.0,-74.3,2.0,62.9,6.0,0.5,0.2,0.6,-21.1,44.9,110.9,44.9,2.0,136.7,6.0,0.5,0.2,0.6,-72.8,-51.8,-30.8,-51.8,2.0,43.5,6.0,0.5,0.2,0.6,-15.1,31.0,77.0,31.0,2.0,95.4,6.0,0.5,0.2,0.6,-5.6,-4.0,-2.4,-4.0,2.0,3.3,6.0,0.5,0.2,0.6,-1.2,2.4,5.9,2.4,2.0,7.3,6.0,0.5,0.2,0.6,87.0,237.0,387.0,237.0,2.0,310.5,6.0,0.5,0.2,0.6,85.0,235.0,385.0,235.0,2.0,310.0,6.0,0.5,0.2,0.6
1974,2,167.0,-30.0,24.49,24.9,25.31,24.9,2.0,0.85,26.0,1.0,0.3,0.6,23.73,24.0,24.27,24.0,2.0,0.57,26.0,1.0,0.3,0.6,12.61,12.61,12.61,12.61,1.0,0.0,26.0,1.0,0.0,0.2,69.5,69.5,69.5,69.5,1.0,0.0,26.0,1.0,0.2,7.53,8.25,8.97,8.25,2.0,1.48,26.0,1.0,0.3,0.6,-6.56,-5.36,-4.16,-5.36,2.0,2.49,26.0,1.0,0.3,0.6,6.02,6.11,6.19,6.11,2.0,0.18,26.0,1.0,0.3,0.6,1011.28,1012.3,1013.32,1012.3,2.0,2.12,26.0,1.0,0.3,0.6,3.5,4.5,5.5,4.5,2.0,2.1,26.0,1.0,0.3,0.6,-59.9,-46.1,-32.3,-46.1,2.0,28.5,26.0,1.0,0.3,0.6,46.6,50.2,53.9,50.2,2.0,7.6,26.0,1.0,0.3,0.6,0.76,0.9,1.04,0.9,2.0,0.28,26.0,1.0,0.3,0.6,6.7,7.2,7.7,7.2,2.0,1.0,26.0,1.0,0.3,0.6,6.39,6.39,6.39,6.39,1.0,0.0,26.0,1.0,0.0,0.2,59.4,59.4,59.4,59.4,1.0,0.0,26.0,1.0,0.0,0.2,-155.4,-128.0,-100.6,-128.0,2.0,56.8,26.0,1.0,0.3,0.6,142.8,146.6,150.4,146.6,2.0,7.8,26.0,1.0,0.3,0.6,-89.8,-89.8,-89.8,-89.8,1.0,0.0,26.0,1.0,0.0,0.2,75.4,75.4,75.4,75.4,1.0,0.0,26.0,1.0,0.0,0.2,-45.5,-45.5,-45.5,-45.5,1.0,0.0,26.0,1.0,0.0,0.2,38.2,38.2,38.2,38.2,1.0,0.0,26.0,1.0,0.0,0.2,441.5,589.0,736.0,589.0,2.0,305.0,26.0,1.0,0.3,0.6,440.0,590.0,735.0,590.0,2.0,305.0,26.0,1.0,0.3,0.6
1974,2,167.0,-29.0,23.75,25.25,26.6,25.13,6.0,1.63,10.0,0.7,0.5,0.7,23.0,24.4,25.41,24.47,6.0,1.53,10.0,0.7,0.5,0.7,15.51,18.35,18.99,17.39,5.0,2.01,8.0,0.8,0.6,0.6,84.5,91.8,93.4,89.6,5.0,5.3,8.0,0.8,0.6,5.27,6.45,8.3,6.52,6.0,1.84,10.0,0.7,0.5,0.7,-7.0,-5.31,-3.04,-4.5,6.0,4.17,10.0,0.7,0.5,0.7,-1.33,0.44,4.46,1.34,6.0,3.24,10.0,0.7,0.5,0.7,1005.78,1012.85,1014.68,1010.8,6.0,4.95,10.0,0.7,0.5,0.7,4.9,6.0,8.0,6.2,5.0,2.0,8.0,0.8,0.6,0.6,-50.5,-36.9,-20.7,-34.9,6.0,28.5,10.0,0.7,0.5,0.7,-8.5,5.4,30.2,11.4,6.0,23.9,10.0,0.7,0.5,0.7,-0.78,0.85,2.02,0.67,6.0,2.29,10.0,0.7,0.5,0.7,-6.5,4.0,13.6,3.6,6.0,18.9,10.0,0.7,0.5,0.7,0.66,2.7,4.65,2.84,5.0,3.03,8.0,0.8,0.6,0.6,4.2,10.3,33.0,18.9,5.0,25.8,8.0,0.8,0.6,0.6,-168.2,-127.6,-71.4,-110.4,6.0,106.4,10.0,0.7,0.5,0.7,-31.3,12.6,105.1,31.5,6.0,76.0,10.0,0.7,0.5,0.7,-126.6,-102.2,-24.8,-76.4,5.0,85.0,8.0,0.8,0.6,0.6,-25.5,-11.5,51.5,10.5,5.0,51.1,8.0,0.8,0.6,0.6,-24.1,-8.1,5.6,-10.1,5.0,19.7,8.0,0.8,0.6,0.6,-3.1,-1.4,17.4,7.9,5.0,22.8,8.0,0.8,0.6,0.6,156.5,269.5,573.5,330.0,6.0,231.5,10.0,0.7,0.5,0.7,155.0,270.0,575.0,330.0,6.0,230.0,10.0,0.7,0.5,0.7
1974,2,167.0,-28.0,24.0,24.4,25.73,24.68,9.0,1.26,12.0,0.7,0.5,0.7,25.0,26.0,26.7,25.91,10.0,0.82,14.0,0.6,0.5,0.7,17.1,18.24,19.24,18.3,10.0,1.25,14.0,0.6,0.5,0.7,81.7,89.6,92.3,87.5,10.0,5.7,14.0,0.6,0.7,6.2,7.7,10.03,7.78,9.0,2.77,14.0,0.6,0.5,0.7,-9.25,-6.2,-2.63,-6.32,9.0,3.47,14.0,0.6,0.5,0.7,-5.89,0.0,1.94,-1.02,9.0,4.2,14.0,0.6,0.5,0.7,1005.36,1010.0,1013.9,1009.61,10.0,4.18,14.0,0.6,0.5,0.7,3.0,6.0,7.7,5.4,9.0,2.1,12.0,0.7,0.5,0.7,-90.7,-55.6,-18.1,-56.5,9.0,45.4,14.0,0.6,0.5,0.7,-45.4,0.0,22.3,-8.3,9.0,34.5,14.0,0.6,0.5,0.7,-2.22,-1.0,-0.27,-1.32,9.0,1.31,12.0,0.7,0.5,0.7,-20.8,-10.0,-0.8,-10.9,8.0,9.7,12.0,0.6,0.5,0.7,-0.5,0.45,3.43,1.23,9.0,2.05,12.0,0.7,0.5,0.7,-5.0,3.5,26.9,7.7,8.0,14.9,12.0,0.6,0.5,0.7,-233.3,-165.5,-70.8,-162.3,9.0,86.0,14.0,0.6,0.5,0.7,-157.2,0.0,49.0,-27.1,9.0,111.2,14.0,0.6,0.5,0.7,-160.6,-114.7,-51.8,-115.6,9.0,61.8,14.0,0.6,0.5,0.7,-115.8,0.0,35.9,-20.9,9.0,79.8,14.0,0.6,0.5,0.7,-13.7,-2.3,4.9,-5.3,8.0,12.0,12.0,0.6,0.5,0.7,-3.1,0.0,0.7,1.5,8.0,10.6,12.0,0.6,0.5,0.7,238.5,456.5,1015.0,626.0,9.0,564.0,14.0,0.6,0.5,0.7,240.0,455.0,1015.0,625.0,9.0,565.0,14.0,0.6,0.5,0.7
1974,2,167.0,-27.0,23.95,26.1,27.2,25.6,4.0,2.02,16.0,0.5,0.7,0.6,24.42,25.0,26.05,25.23,4.0,1.29,16.0,0.5,0.7,0.6,15.95,17.69,19.04,17.51,4.0,1.88,16.0,0.5,0.7,0.6,78.2,88.2,96.3,87.3,4.0,10.9,16.0,0.5,0.6,5.29,5.7,9.18,7.2,3.0,3.13,14.0,0.3,0.9,0.5,-6.33,-5.02,-4.96,-5.63,3.0,1.13,14.0,0.3,0.9,0.5,0.3,2.85,6.55,3.41,3.0,4.61,14.0,0.3,0.9,0.5,1006.09,1010.35,1012.77,1009.48,4.0,4.73,16.0,0.5,0.7,0.6,5.0,6.5,7.5,6.3,4.0,1.7,16.0,0.5,0.7,0.6,-60.1,-28.1,-26.4,-42.9,3.0,27.8,14.0,0.3,0.9,0.5,2.1,16.2,66.1,33.7,3.0,49.3,14.0,0.3,0.9,0.5,-2.0,0.1,2.78,0.38,4.0,2.78,16.0,0.5,0.7,0.6,-3.0,12.5,28.3,12.7,3.0,22.9,14.0,0.3,0.9,0.5,0.92,3.19,5.42,3.17,4.0,3.47,16.0,0.5,0.7,0.6,1.8,17.9,60.2,30.7,3.0,44.2,14.0,0.3,0.9,0.5,-153.1,-125.6,-124.1,-138.3,3.0,23.9,14.0,0.3,0.9,0.5,7.5,71.3,157.6,82.3,3.0,110.4,14.0,0.3,0.9,0.5,-102.6,-95.8,-94.3,-98.4,3.0,6.5,14.0,0.3,0.9,0.5,6.3,55.3,103.6,55.0,3.0,71.3,14.0,0.3,0.9,0.5,-40.0,-15.5,-1.1,-20.4,3.0,28.8,14.0,0.3,0.9,0.5,3.5,9.0,44.6,23.7,3.0,32.7,14.0,0.3,0.9,0.5,149.5,185.0,918.5,526.0,3.0,636.0,14.0,0.3,0.9,0.5,150.0,185.0,920.0,525.0,3.0,635.0,14.0,0.3,0.9,0.5
1974,2,167.0,-26.0,24.13,25.8,26.5,25.41,9.0,1.08,12.0,0.6,0.6,0.5,25.64,26.2,26.94,26.23,8.0,0.83,12.0,0.6,0.6,0.5,15.63,17.73,19.02,17.21,8.0,2.3,12.0,0.6,0.6,0.5,71.7,82.9,88.1,80.7,8.0,10.0,12.0,0.6,0.5,4.66,6.7,10.19,7.08,8.0,3.01,12.0,0.6,0.6,0.5,-9.5,-6.5,-3.98,-6.5,8.0,3.11,12.0,0.6,0.6,0.5,-2.91,0.98,2.26,0.23,8.0,2.86,12.0,0.6,0.6,0.5,1008.52,1009.75,1010.98,1010.0,8.0,1.71,12.0,0.6,0.6,0.5,6.0,6.5,8.0,6.9,8.0,1.0,12.0,0.6,0.6,0.5,-96.9,-43.5,-20.1,-54.1,8.0,42.4,12.0,0.6,0.6,0.5,-14.9,2.6,21.4,2.4,8.0,24.4,12.0,0.6,0.6,0.5,-1.69,-0.7,-0.41,-0.95,8.0,0.94,12.0,0.6,0.6,0.5,-14.8,-5.1,-2.6,-6.8,8.0,6.9,12.0,0.6,0.6,0.5,0.72,3.0,5.12,2.98,8.0,1.98,12.0,0.6,0.6,0.5,6.6,11.0,37.6,20.1,8.0,18.1,12.0,0.6,0.6,0.5,-248.9,-166.8,-107.0,-169.3,8.0,79.5,12.0,0.6,0.6,0.5,-78.7,25.1,56.6,5.5,8.0,75.3,12.0,0.6,0.6,0.5,-150.4,-103.7,-75.1,-111.5,8.0,54.8,12.0,0.6,0.6,0.5,-55.6,14.5,35.3,0.4,8.0,50.2,12.0,0.6,0.6,0.5,-35.5,-9.3,-5.8,-18.5,8.0,17.4,12.0,0.6,0.6,0.5,-2.4,0.6,12.7,3.6,8.0,8.9,12.0,0.6,0.6,0.5,101.5,301.0,1060.5,523.5,8.0,526.0,12.0,0.6,0.6,0.5,100.0,300.0,1060.0,525.0,8.0,525.0,12.0,0.6,0.6,0.5
1974,2,167.0,-25.0,25.0,26.4,26.57,25.92,5.0,0.85,10.0,1.0,0.4,0.3,26.17,28.0,28.75,27.54,5.0,1.44,10.0,1.0,0.4,0.3,17.44,18.81,20.5,18.82,5.0,2.13,10.0,1.0,0.4,0.3,75.6,83.9,85.8,81.4,5.0,5.5,10.0,1.0,0.3,2.6,4.6,4.6,3.8,5.0,1.1,10.0,1.0,0.4,0.3,-4.56,-2.25,-0.18,-2.08,5.0,3.07,10.0,1.0,0.4,0.3,-0.61,0.8,2.11,0.79,5.0,1.9,10.0,1.0,0.4,0.3,1008.08,1009.4,1010.55,1009.32,5.0,1.66,10.0,1.0,0.4,0.3,4.0,4.0,6.7,5.2,5.0,1.8,10.0,1.0,0.4,0.3,-21.0,-5.9,1.7,-7.9,5.0,14.3,10.0,1.0,0.4,0.3,-1.6,3.4,8.3,3.8,5.0,7.7,10.0,1.0,0.4,0.3,-3.37,-2.2,0.4,-1.62,5.0,2.12,10.0,1.0,0.4,0.3,-10.2,-7.8,1.8,-4.7,5.0,6.9,10.0,1.0,0.4,0.3,-0.68,2.93,4.32,2.18,5.0,3.1,10.0,1.0,0.4,0.3,-1.8,13.5,19.9,10.7,5.0,13.5,10.0,1.0,0.4,0.3,-118.6,-63.0,-5.8,-54.8,5.0,83.2,10.0,1.0,0.4,0.3,-17.7,21.2,59.9,22.0,5.0,54.5,10.0,1.0,0.4,0.3,-76.3,-45.4,-6.6,-37.8,5.0,54.8,10.0,1.0,0.4,0.3,-12.9,15.0,40.5,14.3,5.0,36.8,10.0,1.0,0.4,0.3,-19.4,0.8,4.8,-6.2,5.0,15.6,10.0,1.0,0.4,0.3,-0.2,2.1,5.4,2.9,5.0,4.5,10.0,1.0,0.4,0.3,17.5,97.5,97.5,65.5,5.0,43.5,10.0,1.0,0.4,0.3,20.0,95.0,95.0,65.0,5.0,45.0,10.0,1.0,0.4,0.3
1974,2,167.0,-24.0,25.75,26.5,26.7,26.23,3.0,0.74,6.0,0.7,0.2,0.5,26.64,27.6,27.87,27.27,3.0,0.95,8.0,0.3,0.2,0.5,18.0,18.97,19.01,18.52,3.0,0.84,8.0,0.3,0.2,0.5,80.9,82.2,82.5,81.7,3.0,1.2,8.0,0.3,0.5,1.5,3.35,6.51,3.98,4.0,3.48,8.0,0.5,0.2,0.6,-6.25,-2.43,-0.85,-3.5,4.0,3.71,8.0,0.5,0.2,0.6,-1.18,0.13,1.19,0.01,4.0,1.76,8.0,0.5,0.2,0.6,1009.66,1011.05,1011.86,1010.78,4.0,1.42,8.0,0.5,0.2,0.6,3.0,5.5,7.0,5.0,4.0,2.4,8.0,0.5,0.2,0.6,-46.6,-9.0,-1.7,-23.5,4.0,35.4,8.0,0.5,0.2,0.6,-3.1,0.1,4.5,0.7,4.0,5.9,8.0,0.5,0.2,0.6,-1.18,-1.15,-1.12,-1.15,2.0,0.07,6.0,0.5,0.2,0.4,-8.8,-7.2,-5.7,-7.2,2.0,3.3,6.0,0.5,0.2,0.4,2.76,2.89,3.02,2.89,2.0,0.27,6.0,0.5,0.2,0.4,14.4,18.1,21.8,18.1,2.0,7.7,6.0,0.5,0.2,0.4,-195.5,-99.4,-54.8,-124.5,3.0,105.3,8.0,0.3,0.2,0.5,-40.3,0.0,39.2,-0.5,3.0,58.2,8.0,0.3,0.2,0.5,-134.4,-67.4,-37.0,-85.3,3.0,73.0,8.0,0.3,0.2,0.5,-27.0,0.0,26.5,-0.2,3.0,39.2,8.0,0.3,0.2,0.5,-21.5,-17.2,-12.9,-17.2,2.0,8.9,6.0,0.5,0.2,0.4,1.0,3.2,5.3,3.2,2.0,4.5,6.0,0.5,0.2,0.4,8.5,43.0,378.0,186.5,4.0,316.0,8.0,0.5,0.2,0.6,10.0,45.0,380.0,185.0,4.0,315.0,8.0,0.5,0.2,0.6
1974,2,167.0,-23.0,26.48,27.0,28.0,27.07,7.0,0.73,16.0,0.4,0.4,0.9,25.95,26.4,28.41,26.8,7.0,1.3,16.0,0.4,0.4,0.9,17.37,18.06,19.22,18.1,7.0,1.05,16.0,0.4,0.4,0.9,77.9,80.7,88.2,82.1,7.0,5.4,16.0,0.4,0.9,3.06,4.6,8.7,5.2,6.0,3.03,18.0,0.5,0.4,0.8,-3.44,-0.5,0.9,-0.66,6.0,2.98,18.0,0.5,0.4,0.8,-7.78,-0.36,3.66,-1.57,6.0,5.41,18.0,0.5,0.4,0.8,1006.0,1008.9,1012.41,1008.99,7.0,2.96,16.0,0.4,0.4,0.9,1.0,4.0,7.0,4.0,7.0,2.7,16.0,0.4,0.4,0.9,-16.6,-0.5,7.8,0.6,6.0,19.9,18.0,0.5,0.4,0.8,-67.6,-1.5,14.4,-18.5,6.0,41.3,18.0,0.5,0.4,0.8,-0.46,0.6,1.12,0.27,7.0,1.09,16.0,0.4,0.4,0.9,-4.0,0.0,5.2,0.7,6.0,5.6,18.0,0.5,0.4,0.8,3.24,4.25,5.87,4.4,7.0,1.15,16.0,0.4,0.4,0.9,12.9,19.8,40.0,24.5,6.0,17.0,18.0,0.5,0.4,0.8,-90.1,-12.5,24.2,-16.5,6.0,78.9,18.0,0.5,0.4,0.8,-211.8,-9.3,102.8,-43.8,6.0,149.8,18.0,0.5,0.4,0.8,-61.0,-8.7,16.1,-10.9,6.0,52.2,18.0,0.5,0.4,0.8,-142.4,-5.8,66.3,-30.1,6.0,101.1,18.0,0.5,0.4,0.8,-12.7,-2.1,5.3,-2.1,6.0,16.2,18.0,0.5,0.4,0.8,-38.5,-2.1,12.4,-9.8,6.0,25.1,18.0,0.5,0.4,0.8,37.0,101.0,658.5,261.0,6.0,311.0,18.0,0.5,0.4,0.8,35.0,100.0,660.0,260.0,6.0,310.0,18.0,0.5,0.4,0.8
1974,2,167.0,-22.0,26.67,27.9,28.0,27.4,5.0,0.84,16.0,0.4,0.5,0.5,25.51,26.1,28.12,26.72,5.0,1.65,16.0,0.4,0.5,0.5,17.86,18.08,19.03,18.42,5.0,0.89,16.0,0.4,0.5,0.5,78.6,86.6,88.1,84.0,5.0,5.1,16.0,0.4,0.5,1.52,3.1,4.36,2.95,4.0,1.69,12.0,0.3,0.4,0.6,-2.26,-0.08,1.05,-0.58,4.0,2.17,12.0,0.3,0.4,0.6,-0.6,1.73,3.52,1.47,4.0,2.53,12.0,0.3,0.4,0.6,1008.0,1010.3,1011.11,1009.72,5.0,1.61,16.0,0.4,0.5,0.5,4.9,7.0,7.4,6.2,5.0,1.9,16.0,0.4,0.5,0.5,-8.9,1.0,2.9,-2.8,4.0,9.1,12.0,0.3,0.4,0.6,-1.5,7.1,15.1,6.8,4.0,9.7,12.0,0.3,0.4,0.6,-0.76,1.1,1.95,0.68,5.0,1.47,16.0,0.4,0.5,0.5,-0.2,3.2,4.9,2.4,4.0,3.3,12.0,0.3,0.4,0.6,3.81,4.25,5.3,4.51,5.0,0.87,16.0,0.4,0.5,0.5,8.4,14.4,17.1,12.8,4.0,5.7,12.0,0.3,0.4,0.6,-56.9,-1.5,27.6,-14.1,4.0,55.0,12.0,0.3,0.4,0.6,-15.5,43.5,93.4,39.1,4.0,67.2,12.0,0.3,0.4,0.6,-40.1,-1.6,18.9,-10.2,4.0,38.4,12.0,0.3,0.4,0.6,-10.8,30.6,63.0,26.3,4.0,45.4,12.0,0.3,0.4,0.6,-8.8,-0.7,5.5,-1.6,4.0,9.0,12.0,0.3,0.4,0.6,-3.6,6.6,14.1,5.3,4.0,11.4,12.0,0.3,0.4,0.6,5.0,39.0,84.0,44.0,4.0,46.5,12.0,0.3,0.4,0.6,5.0,40.0,85.0,45.0,4.0,45.0,12.0,0.3,0.4,0.6
1974,2,167.0,-21.0,25.67,26.05,26.43,26.05,2.0,0.78,12.0,0.5,0.6,0.7,23.56,24.75,25.94,24.75,2.0,2.47,12.0,0.5,0.6,0.7,18.4,18.4,18.4,18.4,1.0,0.0,6.0,0.0,0.6,0.5,84.6,84.6,84.6,84.6,1.0,0.0,6.0,0.0,0.5,5.1,5.1,5.1,5.1,1.0,0.0,20.0,1.0,0.7,0.8,1.74,1.74,1.74,1.74,1.0,0.0,20.0,1.0,0.7,0.8,-4.79,-4.79,-4.79,-4.79,1.0,0.0,20.0,1.0,0.7,0.8,1006.23,1006.3,1006.37,1006.3,2.0,0.14,12.0,0.5,0.6,0.7,3.8,5.5,7.2,5.5,2.0,3.5,12.0,0.5,0.6,0.7,8.9,8.9,8.9,8.9,1.0,0.0,20.0,1.0,0.7,0.8,-24.4,-24.4,-24.4,-24.4,1.0,0.0,20.0,1.0,0.7,0.8,,,,,,,,,,,,,,,,,,,,,,,,,,,,,,,,,,,,,,,,,,,,,,,,,,,,,,,,,,,,,,,,,,,,,,,,,,,,,,,,,,,,,,,,,,,,,,,,,,,,,,,,,,,,,,,,,,,,,,,,
1974,2,167.0,-20.0,27.14,27.55,27.9,27.53,4.0,0.46,12.0,0.8,0.9,0.7,27.0,27.15,28.3,27.63,4.0,1.06,12.0,0.8,0.8,0.7,18.41,18.84,20.27,19.32,4.0,1.48,12.0,0.8,0.8,0.7,76.5,83.7,90.8,83.7,4.0,10.1,12.0,0.8,0.7,2.98,4.6,5.96,4.48,4.0,2.33,12.0,0.8,0.9,0.7,-3.98,-3.79,-1.11,-2.6,4.0,2.51,12.0,0.8,0.9,0.7,1.6,2.3,4.36,2.95,4.0,2.28,12.0,0.8,0.9,0.7,1008.06,1009.5,1010.87,1009.52,5.0,2.26,12.0,0.8,0.8,0.7,4.3,5.0,6.4,5.2,5.0,1.5,12.0,0.8,0.8,0.7,-22.3,-18.3,-7.8,-15.2,4.0,11.8,12.0,0.8,0.9,0.7,5.8,10.6,28.6,16.9,4.0,19.2,12.0,0.8,0.9,0.7,-0.91,-0.3,0.11,-0.4,3.0,0.75,14.0,0.7,0.9,0.6,-2.0,-1.8,0.4,-0.9,3.0,1.9,14.0,0.7,0.9,0.6,3.72,3.75,5.03,4.36,3.0,1.1,14.0,0.7,0.9,0.6,11.2,17.2,23.7,17.5,3.0,9.1,14.0,0.7,0.9,0.6,-104.6,-98.3,-8.3,-57.4,3.0,78.9,14.0,0.7,0.9,0.6,38.9,62.1,135.9,86.8,3.0,74.2,14.0,0.7,0.9,0.6,-73.0,-67.4,-7.2,-40.7,3.0,53.4,14.0,0.7,0.9,0.6,25.8,43.6,93.6,59.3,3.0,51.5,14.0,0.7,0.9,0.6,-14.4,-13.4,0.2,-7.3,3.0,11.9,14.0,0.7,0.9,0.6,6.4,8.6,18.5,12.4,3.0,9.4,14.0,0.7,0.9,0.6,48.0,97.5,242.0,143.0,4.0,160.0,12.0,0.8,0.9,0.7,50.0,95.0,240.0,145.0,4.0,160.0,12.0,0.8,0.9,0.7
1974,2,167.0,-18.0,,,,,,,,,,,,,,,,,,,,,,,,,,,,,,,,,,,,,,,,2.1,3.1,6.2,4.14,7.0,1.97,20.0,0.3,0.5,0.5,-4.09,0.36,2.81,-0.39,7.0,4.15,20.0,0.3,0.5,0.5,-0.66,0.0,2.2,0.68,7.0,2.45,20.0,0.3,0.5,0.5,1008.06,1010.3,1011.73,1010.06,7.0,1.96,20.0,0.3,0.5,0.5,,,,,,,,,,,,,,,,,,,,,,,,,,,,,,,,,,,,,,,,,,,,,,,,,,,,,,,,,,,,,,,,,,,,,,,,,,,,,,,,,,,,,,,,,,,,,,,,,,,,,,,,,,,,,,,,,,,,,,,,,,,,,,,,,,,,,,,,,,,,,,,,,,,,,,
1974,2,167.0,-17.0,,,,,,,,,,,,,,,,,,,,,,,,,,,,,,,,,,,,,,,,2.42,3.1,3.78,3.1,2.0,1.41,28.0,1.0,0.0,0.8,-3.55,-2.91,-2.27,-2.91,2.0,1.33,28.0,1.0,0.0,0.8,-1.29,-1.06,-0.83,-1.06,2.0,0.48,28.0,1.0,0.0,0.8,1005.3,1005.3,1005.3,1005.3,2.0,0.0,28.0,1.0,0.0,0.8,,,,,,,,,,,,,,,,,,,,,,,,,,,,,,,,,,,,,,,,,,,,,,,,,,,,,,,,,,,,,,,,,,,,,,,,,,,,,,,,,,,,,,,,,,,,,,,,,,,,,,,,,,,,,,,,,,,,,,,,,,,,,,,,,,,,,,,,,,,,,,,,,,,,,,
1974,2,167.0,-16.0,28.9,29.75,30.6,29.75,2.0,1.77,18.0,1.0,0.2,0.4,28.58,29.4,30.22,29.4,2.0,1.7,18.0,1.0,0.2,0.4,19.37,19.37,19.37,19.37,1.0,0.0,10.0,1.0,0.4,0.1,80.4,80.4,80.4,80.4,1.0,0.0,10.0,1.0,0.1,3.68,3.85,4.02,3.85,2.0,0.35,18.0,1.0,0.2,0.4,-3.24,-1.93,-0.61,-1.93,2.0,2.72,18.0,1.0,0.2,0.4,-3.25,-2.5,-1.75,-2.5,2.0,1.55,18.0,1.0,0.2,0.4,1003.87,1004.45,1005.03,1004.45,2.0,1.2,18.0,1.0,0.2,0.4,3.5,4.5,5.5,4.5,2.0,2.1,18.0,1.0,0.2,0.4,-13.3,-7.9,-2.5,-7.9,2.0,11.2,18.0,1.0,0.2,0.4,-11.8,-9.4,-6.9,-9.4,2.0,5.1,18.0,1.0,0.2,0.4,0.32,0.35,0.38,0.35,2.0,0.07,18.0,1.0,0.2,0.4,1.2,1.4,1.6,1.4,2.0,0.4,18.0,1.0,0.2,0.4,5.24,5.24,5.24,5.24,1.0,0.0,10.0,1.0,0.4,0.1,18.9,18.9,18.9,18.9,1.0,0.0,10.0,1.0,0.4,0.1,-99.2,-58.9,-18.7,-58.9,2.0,83.4,18.0,1.0,0.2,0.4,-92.2,-72.2,-52.2,-72.2,2.0,41.4,18.0,1.0,0.2,0.4,0.0,0.0,0.0,0.0,1.0,0.0,10.0,1.0,0.4,0.1,-69.7,-69.7,-69.7,-69.7,1.0,0.0,10.0,1.0,0.4,0.1,0.0,0.0,0.0,0.0,1.0,0.0,10.0,1.0,0.4,0.1,-18.9,-18.9,-18.9,-18.9,1.0,0.0,10.0,1.0,0.4,0.1,50.0,58.0,65.5,58.0,2.0,15.5,18.0,1.0,0.2,0.4,50.0,60.0,65.0,60.0,2.0,15.0,18.0,1.0,0.2,0.4
1974,2,167.0,-13.0,28.98,29.8,30.62,29.8,2.0,1.7,24.0,0.5,0.4,0.4,27.64,27.95,28.26,27.95,2.0,0.64,24.0,0.5,0.4,0.4,17.83,18.25,18.67,18.25,2.0,0.86,24.0,0.5,0.4,0.4,76.7,77.0,77.4,77.0,2.0,0.8,24.0,0.5,0.4,3.76,4.1,4.44,4.1,2.0,0.71,24.0,0.5,0.4,0.4,-3.43,-0.92,1.59,-0.92,2.0,5.2,24.0,0.5,0.4,0.4,0.37,1.16,1.95,1.16,2.0,1.64,24.0,0.5,0.4,0.4,1005.72,1005.75,1005.78,1005.75,2.0,0.07,24.0,0.5,0.4,0.4,2.8,4.5,6.2,4.5,2.0,3.5,24.0,0.5,0.4,0.4,-16.2,-5.6,5.0,-5.6,2.0,22.0,24.0,0.5,0.4,0.4,1.3,4.2,7.0,4.2,2.0,5.9,24.0,0.5,0.4,0.4,0.72,1.85,2.98,1.85,2.0,2.33,24.0,0.5,0.4,0.4,3.2,8.4,13.7,8.4,2.0,10.9,24.0,0.5,0.4,0.4,6.62,8.31,10.0,8.31,2.0,3.5,24.0,0.5,0.4,0.4,25.5,35.3,45.1,35.3,2.0,20.2,24.0,0.5,0.4,0.4,-94.0,-24.1,45.8,-24.1,2.0,144.8,24.0,0.5,0.4,0.4,10.4,32.9,55.3,32.9,2.0,46.5,24.0,0.5,0.4,0.4,-60.0,-14.6,30.9,-14.6,2.0,94.2,24.0,0.5,0.4,0.4,6.9,21.8,36.7,21.8,2.0,30.9,24.0,0.5,0.4,0.4,-39.2,-16.8,5.7,-16.8,2.0,46.5,24.0,0.5,0.4,0.4,2.1,6.8,11.4,6.8,2.0,9.5,24.0,0.5,0.4,0.4,54.5,72.0,89.5,72.0,2.0,36.0,24.0,0.5,0.4,0.4,55.0,70.0,90.0,70.0,2.0,35.0,24.0,0.5,0.4,0.4
1974,2,167.0,-5.0,28.1,28.1,28.1,28.1,1.0,0.0,10.0,0.0,0.2,0.1,27.9,27.9,27.9,27.9,1.0,0.0,10.0,0.0,0.2,0.1,17.53,17.53,17.53,17.53,1.0,0.0,10.0,0.0,0.2,0.1,74.3,74.3,74.3,74.3,1.0,0.0,10.0,0.0,0.1,4.6,4.6,4.6,4.6,1.0,0.0,10.0,0.0,0.2,0.1,-3.98,-3.98,-3.98,-3.98,1.0,0.0,10.0,0.0,0.2,0.1,-2.3,-2.3,-2.3,-2.3,1.0,0.0,10.0,0.0,0.2,0.1,1006.0,1006.0,1006.0,1006.0,1.0,0.0,10.0,0.0,0.2,0.1,2.0,2.0,2.0,2.0,1.0,0.0,10.0,0.0,0.2,0.1,-18.3,-18.3,-18.3,-18.3,1.0,0.0,10.0,0.0,0.2,0.1,-10.6,-10.6,-10.6,-10.6,1.0,0.0,10.0,0.0,0.2,0.1,0.2,0.2,0.2,0.2,1.0,0.0,10.0,0.0,0.2,0.1,0.9,0.9,0.9,0.9,1.0,0.0,10.0,0.0,0.2,0.1,6.45,6.45,6.45,6.45,1.0,0.0,10.0,0.0,0.2,0.1,29.7,29.7,29.7,29.7,1.0,0.0,10.0,0.0,0.2,0.1,-111.1,-111.1,-111.1,-111.1,1.0,0.0,10.0,0.0,0.2,0.1,-64.2,-64.2,-64.2,-64.2,1.0,0.0,10.0,0.0,0.2,0.1,-69.8,-69.8,-69.8,-69.8,1.0,0.0,10.0,0.0,0.2,0.1,-40.3,-40.3,-40.3,-40.3,1.0,0.0,10.0,0.0,0.2,0.1,-25.7,-25.7,-25.7,-25.7,1.0,0.0,10.0,0.0,0.2,0.1,-14.8,-14.8,-14.8,-14.8,1.0,0.0,10.0,0.0,0.2,0.1,97.5,97.5,97.5,97.5,1.0,0.0,10.0,0.0,0.2,0.1,95.0,95.0,95.0,95.0,1.0,0.0,10.0,0.0,0.2,0.1
1974,2,167.0,-4.0,28.35,28.45,28.55,28.45,2.0,0.21,12.0,0.5,0.9,0.3,28.08,28.25,28.42,28.25,2.0,0.35,12.0,0.5,0.9,0.3,16.88,17.19,17.51,17.19,2.0,0.65,12.0,0.5,0.9,0.3,69.6,71.5,73.4,71.5,2.0,3.9,12.0,0.5,0.3,5.78,5.95,6.12,5.95,2.0,0.35,12.0,0.5,0.9,0.3,-4.79,-4.46,-4.14,-4.46,2.0,0.67,12.0,0.5,0.9,0.3,-4.45,-3.8,-3.15,-3.8,2.0,1.34,12.0,0.5,0.9,0.3,1005.5,1007.0,1008.5,1007.0,2.0,3.11,12.0,0.5,0.9,0.3,7.2,7.5,7.8,7.5,2.0,0.7,12.0,0.5,0.9,0.3,-27.6,-26.4,-25.3,-26.4,2.0,2.4,12.0,0.5,0.9,0.3,-27.4,-22.8,-18.3,-22.8,2.0,9.3,12.0,0.5,0.9,0.3,-0.07,0.2,0.47,0.2,2.0,0.57,12.0,0.5,0.9,0.3,-0.5,1.1,2.7,1.1,2.0,3.3,12.0,0.5,0.9,0.3,7.13,7.26,7.38,7.26,2.0,0.27,12.0,0.5,0.9,0.3,41.2,43.2,45.2,43.2,2.0,4.2,12.0,0.5,0.9,0.3,-134.3,-125.9,-117.5,-125.9,2.0,17.4,12.0,0.5,0.9,0.3,-126.5,-107.6,-88.6,-107.6,2.0,39.3,12.0,0.5,0.9,0.3,-83.9,-76.9,-69.9,-76.9,2.0,14.5,12.0,0.5,0.9,0.3,-74.8,-64.9,-54.9,-64.9,2.0,20.6,12.0,0.5,0.9,0.3,-34.1,-32.3,-30.5,-32.3,2.0,3.7,12.0,0.5,0.9,0.3,-32.9,-27.7,-22.6,-27.7,2.0,10.8,12.0,0.5,0.9,0.3,193.5,212.0,230.0,212.0,2.0,37.5,12.0,0.5,0.9,0.3,195.0,210.0,230.0,210.0,2.0,40.0,12.0,0.5,0.9,0.3
1974,2,167.0,10.0,,,,,,,,,,,,,,,,,,,,,,,,,,,,,,,,,,,,,,,,6.2,6.2,6.2,6.2,1.0,0.0,24.0,1.0,0.9,0.2,-5.37,-5.37,-5.37,-5.37,1.0,0.0,24.0,1.0,0.9,0.2,-3.1,-3.1,-3.1,-3.1,1.0,0.0,24.0,1.0,0.9,0.2,1010.0,1010.0,1010.0,1010.0,1.0,0.0,24.0,1.0,0.9,0.2,2.0,2.0,2.0,2.0,1.0,0.0,24.0,1.0,0.9,0.2,-33.3,-33.3,-33.3,-33.3,1.0,0.0,24.0,1.0,0.9,0.2,-19.2,-19.2,-19.2,-19.2,1.0,0.0,24.0,1.0,0.9,0.2,,,,,,,,,,,,,,,,,,,,,,,,,,,,,,,,,,,,,,,,,-157.9,-157.9,-157.9,-157.9,1.0,0.0,24.0,1.0,0.9,0.2,-91.1,-91.1,-91.1,-91.1,1.0,0.0,24.0,1.0,0.9,0.2,-97.2,-97.2,-97.2,-97.2,1.0,0.0,24.0,1.0,0.9,0.2,-56.1,-56.1,-56.1,-56.1,1.0,0.0,24.0,1.0,0.9,0.2,,,,,,,,,,,,,,,,,,,,,,,,,,,,,,,,,,,,,,,,
1974,2,167.0,12.0,27.5,27.5,27.5,27.5,1.0,0.0,16.0,1.0,0.8,0.3,24.8,24.8,24.8,24.8,1.0,0.0,16.0,1.0,0.8,0.3,14.75,14.75,14.75,14.75,1.0,0.0,16.0,1.0,0.8,0.3,75.6,75.6,75.6,75.6,1.0,0.0,16.0,1.0,0.3,7.2,7.2,7.2,7.2,1.0,0.0,16.0,1.0,0.8,0.3,-4.63,-4.63,-4.63,-4.63,1.0,0.0,16.0,1.0,0.8,0.3,-5.52,-5.52,-5.52,-5.52,1.0,0.0,16.0,1.0,0.8,0.3,1011.5,1011.5,1011.5,1011.5,1.0,0.0,16.0,1.0,0.8,0.3,5.0,5.0,5.0,5.0,1.0,0.0,16.0,1.0,0.8,0.3,-33.3,-33.3,-33.3,-33.3,1.0,0.0,16.0,1.0,0.8,0.3,-39.7,-39.7,-39.7,-39.7,1.0,0.0,16.0,1.0,0.8,0.3,2.7,2.7,2.7,2.7,1.0,0.0,16.0,1.0,0.8,0.3,19.4,19.4,19.4,19.4,1.0,0.0,16.0,1.0,0.8,0.3,8.26,8.26,8.26,8.26,1.0,0.0,16.0,1.0,0.8,0.3,59.5,59.5,59.5,59.5,1.0,0.0,16.0,1.0,0.8,0.3,-114.8,-114.8,-114.8,-114.8,1.0,0.0,16.0,1.0,0.8,0.3,-136.8,-136.8,-136.8,-136.8,1.0,0.0,16.0,1.0,0.8,0.3,-68.3,-68.3,-68.3,-68.3,1.0,0.0,16.0,1.0,0.8,0.3,-81.3,-81.3,-81.3,-81.3,1.0,0.0,16.0,1.0,0.8,0.3,-38.2,-38.2,-38.2,-38.2,1.0,0.0,16.0,1.0,0.8,0.3,-45.5,-45.5,-45.5,-45.5,1.0,0.0,16.0,1.0,0.8,0.3,373.0,373.0,373.0,373.0,1.0,0.0,16.0,1.0,0.8,0.3,375.0,375.0,375.0,375.0,1.0,0.0,16.0,1.0,0.8,0.3
1974,2,167.0,14.0,25.0,25.0,25.0,25.0,1.0,0.0,22.0,1.0,0.5,0.4,26.1,26.1,26.1,26.1,1.0,0.0,22.0,1.0,0.5,0.4,16.7,16.7,16.7,16.7,1.0,0.0,22.0,1.0,0.5,0.4,79.1,79.1,79.1,79.1,1.0,0.0,22.0,1.0,0.4,5.7,5.7,5.7,5.7,1.0,0.0,22.0,1.0,0.5,0.4,-5.36,-5.36,-5.36,-5.36,1.0,0.0,22.0,1.0,0.5,0.4,1.95,1.95,1.95,1.95,1.0,0.0,22.0,1.0,0.5,0.4,1011.0,1011.0,1011.0,1011.0,1.0,0.0,22.0,1.0,0.5,0.4,3.0,3.0,3.0,3.0,1.0,0.0,22.0,1.0,0.5,0.4,-30.5,-30.5,-30.5,-30.5,1.0,0.0,22.0,1.0,0.5,0.4,11.1,11.1,11.1,11.1,1.0,0.0,22.0,1.0,0.5,0.4,-1.1,-1.1,-1.1,-1.1,1.0,0.0,22.0,1.0,0.5,0.4,-6.3,-6.3,-6.3,-6.3,1.0,0.0,22.0,1.0,0.5,0.4,3.11,3.11,3.11,3.11,1.0,0.0,22.0,1.0,0.5,0.4,17.7,17.7,17.7,17.7,1.0,0.0,22.0,1.0,0.5,0.4,-139.8,-139.8,-139.8,-139.8,1.0,0.0,22.0,1.0,0.5,0.4,50.9,50.9,50.9,50.9,1.0,0.0,22.0,1.0,0.5,0.4,-89.5,-89.5,-89.5,-89.5,1.0,0.0,22.0,1.0,0.5,0.4,32.6,32.6,32.6,32.6,1.0,0.0,22.0,1.0,0.5,0.4,-16.7,-16.7,-16.7,-16.7,1.0,0.0,22.0,1.0,0.5,0.4,6.1,6.1,6.1,6.1,1.0,0.0,22.0,1.0,0.5,0.4,185.0,185.0,185.0,185.0,1.0,0.0,22.0,1.0,0.5,0.4,185.0,185.0,185.0,185.0,1.0,0.0,22.0,1.0,0.5,0.4
1974,2,167.0,15.0,27.49,28.1,28.71,28.1,2.0,1.27,8.0,0.5,0.3,0.5,26.64,27.6,28.56,27.6,2.0,1.98,8.0,0.5,0.3,0.5,16.55,16.55,16.55,16.55,1.0,0.0,12.0,0.0,0.3,0.6,78.2,78.2,78.2,78.2,1.0,0.0,12.0,0.0,0.6,4.23,7.75,11.27,7.75,2.0,7.28,8.0,0.5,0.3,0.5,-11.27,-7.75,-4.23,-7.75,2.0,7.28,8.0,0.5,0.3,0.5,0.0,0.0,0.0,0.0,2.0,0.0,8.0,0.5,0.3,0.5,1011.93,1012.85,1013.77,1012.85,2.0,1.91,8.0,0.5,0.3,0.5,1.2,1.5,1.8,1.5,2.0,0.7,8.0,0.5,0.3,0.5,-141.1,-86.6,-32.1,-86.6,2.0,112.9,8.0,0.5,0.3,0.5,0.0,0.0,0.0,0.0,2.0,0.0,8.0,0.5,0.3,0.5,0.16,0.5,0.84,0.5,2.0,0.71,8.0,0.5,0.3,0.5,2.0,6.5,10.9,6.5,2.0,9.1,8.0,0.5,0.3,0.5,5.99,5.99,5.99,5.99,1.0,0.0,12.0,0.0,0.3,0.6,77.3,77.3,77.3,77.3,1.0,0.0,12.0,0.0,0.3,0.6,-296.3,-206.7,-117.1,-206.7,2.0,185.7,8.0,0.5,0.3,0.5,0.0,0.0,0.0,0.0,2.0,0.0,8.0,0.5,0.3,0.5,-213.5,-213.5,-213.5,-213.5,1.0,0.0,12.0,0.0,0.3,0.6,0.0,0.0,0.0,0.0,1.0,0.0,12.0,0.0,0.3,0.6,-77.3,-77.3,-77.3,-77.3,1.0,0.0,12.0,0.0,0.3,0.6,0.0,0.0,0.0,0.0,1.0,0.0,12.0,0.0,0.3,0.6,355.5,1082.0,1809.0,1082.0,2.0,1505.5,8.0,0.5,0.3,0.5,355.0,1080.0,1810.0,1080.0,2.0,1505.0,8.0,0.5,0.3,0.5
1974,2,167.0,16.0,24.84,25.8,26.76,25.8,2.0,1.98,16.0,0.5,0.2,0.6,26.03,26.1,26.51,26.27,3.0,0.38,20.0,0.7,0.2,0.7,15.96,16.19,16.42,16.19,2.0,0.48,16.0,0.5,0.2,0.6,75.4,75.4,75.4,75.4,2.0,0.1,16.0,0.5,0.6,6.1,6.95,7.8,6.95,2.0,1.77,16.0,0.5,0.2,0.6,-7.33,-6.53,-5.73,-6.53,2.0,1.66,16.0,0.5,0.2,0.6,2.09,2.38,2.67,2.38,2.0,0.6,16.0,0.5,0.2,0.6,1010.25,1011.85,1013.45,1011.85,2.0,3.32,16.0,0.5,0.2,0.6,2.0,2.0,3.4,2.7,3.0,1.2,20.0,0.7,0.2,0.7,-58.0,-46.9,-35.7,-46.9,2.0,23.1,16.0,0.5,0.2,0.6,13.0,17.1,21.1,17.1,2.0,8.4,16.0,0.5,0.2,0.6,-1.76,-0.6,0.56,-0.6,2.0,2.4,16.0,0.5,0.2,0.6,-9.6,-2.0,5.5,-2.0,2.0,15.6,16.0,0.5,0.2,0.6,3.26,4.65,6.04,4.65,2.0,2.88,16.0,0.5,0.2,0.6,21.2,34.9,48.5,34.9,2.0,28.3,16.0,0.5,0.2,0.6,-191.9,-172.1,-152.2,-172.1,2.0,41.1,16.0,0.5,0.2,0.6,55.4,62.6,69.8,62.6,2.0,15.0,16.0,0.5,0.2,0.6,-116.8,-105.3,-93.8,-105.3,2.0,23.8,16.0,0.5,0.2,0.6,34.2,38.3,42.5,38.3,2.0,8.7,16.0,0.5,0.2,0.6,-45.6,-32.8,-20.0,-32.8,2.0,26.6,16.0,0.5,0.2,0.6,7.3,11.9,16.6,11.9,2.0,9.7,16.0,0.5,0.2,0.6,243.5,368.5,493.5,368.5,2.0,259.0,16.0,0.5,0.2,0.6,245.0,370.0,495.0,370.0,2.0,260.0,16.0,0.5,0.2,0.6
1974,2,167.0,17.0,26.12,26.7,26.96,26.55,4.0,0.68,18.0,0.5,0.5,0.8,24.03,25.2,27.87,25.76,5.0,2.06,18.0,0.6,0.6,0.8,12.94,15.24,16.64,14.81,4.0,2.48,18.0,0.5,0.5,0.8,66.4,70.7,82.3,74.2,4.0,11.6,18.0,0.5,0.8,4.0,9.3,11.43,8.04,5.0,4.45,18.0,0.6,0.6,0.8,-9.89,-8.74,1.61,-4.85,5.0,6.66,18.0,0.6,0.6,0.8,-5.38,-3.18,-2.39,-3.99,5.0,2.64,18.0,0.6,0.6,0.8,1013.69,1014.25,1014.6,1014.15,4.0,0.54,18.0,0.5,0.5,0.8,0.3,1.0,3.0,1.7,3.0,2.1,24.0,0.7,0.6,0.8,-113.5,-81.3,8.2,-59.2,5.0,67.9,18.0,0.6,0.6,0.8,-65.2,-29.6,-9.9,-39.7,5.0,44.2,18.0,0.6,0.6,0.8,0.26,1.35,2.44,1.35,4.0,1.6,18.0,0.5,0.5,0.8,-1.7,4.6,26.1,11.8,4.0,22.2,18.0,0.5,0.5,0.8,4.81,6.97,8.94,6.88,4.0,2.95,18.0,0.5,0.5,0.8,15.9,42.1,105.2,59.7,4.0,58.4,18.0,0.5,0.5,0.8,-253.6,-240.2,39.4,-129.2,5.0,171.8,18.0,0.6,0.6,0.8,-135.8,-89.1,-58.8,-100.7,5.0,59.3,18.0,0.6,0.6,0.8,-137.0,-59.0,40.0,-49.0,4.0,106.4,18.0,0.5,0.5,0.8,-78.6,-50.1,-37.0,-57.4,4.0,29.6,18.0,0.5,0.5,0.8,-86.2,-31.9,7.4,-39.1,4.0,56.4,18.0,0.5,0.5,0.8,-57.9,-19.3,-11.6,-34.1,4.0,37.4,18.0,0.5,0.5,0.8,87.5,804.5,1572.5,889.0,5.0,961.5,18.0,0.6,0.6,0.8,90.0,805.0,1570.0,890.0,5.0,960.0,18.0,0.6,0.6,0.8
1974,2,167.0,18.0,25.98,26.6,27.14,26.4,6.0,1.26,18.0,0.7,0.7,0.5,23.9,25.3,26.87,25.38,6.0,1.54,18.0,0.7,0.7,0.5,14.88,16.78,17.55,16.37,6.0,1.76,18.0,0.7,0.7,0.5,75.3,79.6,86.5,81.0,6.0,7.0,18.0,0.7,0.5,4.36,7.45,9.19,7.35,6.0,4.39,18.0,0.7,0.7,0.5,-7.7,-6.04,-0.21,-4.08,6.0,4.84,18.0,0.7,0.7,0.5,-7.04,-1.27,0.11,-3.41,6.0,5.18,18.0,0.7,0.7,0.5,1012.13,1013.7,1014.93,1013.95,6.0,2.43,18.0,0.7,0.7,0.5,3.6,4.5,7.2,5.0,6.0,2.2,18.0,0.7,0.7,0.5,-70.0,-46.3,3.0,-40.4,6.0,47.3,18.0,0.7,0.7,0.5,-71.2,-6.5,0.2,-40.7,6.0,75.9,18.0,0.7,0.7,0.5,-0.1,1.0,2.18,1.02,6.0,1.2,18.0,0.7,0.7,0.5,-0.2,9.5,16.0,8.8,6.0,8.1,18.0,0.7,0.7,0.5,4.3,4.96,5.77,5.17,6.0,1.57,18.0,0.7,0.7,0.5,14.8,37.5,61.2,38.4,6.0,24.7,18.0,0.7,0.7,0.5,-186.4,-146.8,-6.4,-98.6,6.0,120.8,18.0,0.7,0.7,0.5,-174.7,-34.0,2.9,-83.1,6.0,122.7,18.0,0.7,0.7,0.5,-127.7,-85.8,-2.4,-62.0,6.0,81.0,18.0,0.7,0.7,0.5,-102.8,-23.7,1.8,-49.6,6.0,71.2,18.0,0.7,0.7,0.5,-37.8,-35.9,-2.6,-23.6,6.0,22.3,18.0,0.7,0.7,0.5,-48.4,-4.2,0.5,-19.0,6.0,28.1,18.0,0.7,0.7,0.5,106.0,415.0,1045.5,788.5,6.0,1248.0,18.0,0.7,0.7,0.5,105.0,415.0,1045.0,790.0,6.0,1250.0,18.0,0.7,0.7,0.5
1974,2,167.0,19.0,26.06,26.1,26.57,26.32,5.0,0.5,14.0,0.8,0.4,0.6,25.23,26.0,26.14,25.68,5.0,0.74,14.0,0.8,0.4,0.6,15.82,17.13,18.79,17.24,5.0,1.7,14.0,0.8,0.4,0.6,79.0,86.0,88.9,84.0,5.0,7.7,14.0,0.8,0.6,5.1,5.1,9.67,6.98,5.0,2.6,14.0,0.8,0.4,0.6,-7.33,-4.79,-4.23,-5.75,5.0,2.32,14.0,0.8,0.4,0.6,-0.18,2.55,4.68,2.23,5.0,3.82,14.0,0.8,0.4,0.6,1012.13,1016.7,1017.3,1015.0,5.0,2.98,14.0,0.8,0.4,0.6,1.6,3.0,3.7,2.8,5.0,1.5,14.0,0.8,0.4,0.6,-71.7,-24.4,-21.6,-44.4,5.0,34.1,14.0,0.8,0.4,0.6,-7.6,13.0,34.8,13.7,5.0,36.4,14.0,0.8,0.4,0.6,0.0,0.1,1.21,0.64,5.0,1.21,14.0,0.8,0.4,0.6,0.0,0.5,11.5,6.2,5.0,12.7,14.0,0.8,0.4,0.6,2.42,3.8,6.14,4.14,5.0,1.97,14.0,0.8,0.4,0.6,12.3,19.4,59.4,32.7,5.0,25.6,14.0,0.8,0.4,0.6,-185.3,-124.6,-109.4,-146.5,5.0,54.0,14.0,0.8,0.4,0.6,-2.6,65.5,122.4,59.4,5.0,97.6,14.0,0.8,0.4,0.6,-116.1,-89.7,-74.5,-97.5,5.0,34.7,14.0,0.8,0.4,0.6,0.3,43.7,77.6,37.5,5.0,60.0,14.0,0.8,0.4,0.6,-45.1,-16.8,-10.0,-26.5,5.0,21.6,14.0,0.8,0.4,0.6,-5.9,9.1,22.1,8.8,5.0,23.3,14.0,0.8,0.4,0.6,132.5,132.5,909.5,459.0,5.0,458.5,14.0,0.8,0.4,0.6,135.0,135.0,910.0,460.0,5.0,460.0,14.0,0.8,0.4,0.6
1974,2,167.0,20.0,23.77,25.9,26.51,25.18,4.0,2.05,10.0,0.8,0.4,0.6,23.95,25.4,26.53,25.25,4.0,1.75,10.0,0.8,0.4,0.6,13.64,15.34,17.81,15.71,4.0,2.46,10.0,0.8,0.4,0.6,70.6,76.9,86.6,78.5,4.0,11.7,10.0,0.8,0.6,3.58,5.7,7.07,5.33,3.0,2.57,14.0,0.7,0.2,0.7,-3.41,1.34,1.57,-0.87,3.0,4.11,14.0,0.7,0.2,0.7,-1.05,0.99,5.49,2.19,3.0,4.9,14.0,0.7,0.2,0.7,1012.01,1014.05,1016.25,1014.13,4.0,2.62,10.0,0.8,0.4,0.6,4.0,5.0,7.0,5.5,4.0,1.9,10.0,0.8,0.4,0.6,-20.5,4.3,8.4,-5.8,3.0,22.9,14.0,0.7,0.2,0.7,-1.7,5.6,41.6,19.6,3.0,34.0,14.0,0.7,0.2,0.7,-0.85,-0.15,0.71,-0.07,4.0,0.91,10.0,0.8,0.4,0.6,-3.8,1.3,3.9,0.1,3.0,5.7,14.0,0.7,0.2,0.7,2.36,3.71,6.41,4.35,4.0,2.8,10.0,0.8,0.4,0.6,10.5,23.2,39.4,24.9,3.0,21.2,14.0,0.7,0.2,0.7,-89.1,30.8,38.3,-24.1,3.0,104.7,14.0,0.7,0.2,0.7,-25.9,25.5,127.2,50.1,3.0,114.1,14.0,0.7,0.2,0.7,-46.4,18.3,26.9,-9.1,3.0,58.7,14.0,0.7,0.2,0.7,-20.9,13.5,75.0,26.7,3.0,71.2,14.0,0.7,0.2,0.7,-30.6,2.9,3.7,-13.1,3.0,28.7,14.0,0.7,0.2,0.7,0.2,8.1,18.2,9.2,3.0,13.2,14.0,0.7,0.2,0.7,71.0,185.0,370.5,220.0,3.0,221.5,14.0,0.7,0.2,0.7,70.0,185.0,370.0,220.0,3.0,220.0,14.0,0.7,0.2,0.7
1974,2,167.0,21.0,24.27,26.1,27.37,25.82,5.0,1.93,24.0,0.4,0.7,0.7,22.95,23.8,25.51,24.32,5.0,2.03,24.0,0.4,0.7,0.7,12.14,13.75,15.45,13.79,4.0,1.91,24.0,0.3,0.6,0.6,67.5,70.0,77.8,72.5,4.0,8.1,24.0,0.3,0.6,4.37,5.1,13.11,8.32,5.0,6.03,24.0,0.4,0.7,0.7,-3.19,4.42,4.92,0.7,5.0,8.14,24.0,0.4,0.7,0.7,-9.89,-1.06,2.04,-3.45,5.0,6.41,24.0,0.4,0.7,0.7,1008.86,1010.85,1013.63,1011.23,4.0,3.09,24.0,0.3,0.6,0.6,1.5,2.5,4.6,3.0,4.0,2.2,26.0,0.5,0.6,0.7,-84.9,22.5,34.9,-27.8,5.0,124.2,24.0,0.4,0.7,0.7,-134.4,-3.3,10.4,-56.3,5.0,95.2,24.0,0.4,0.7,0.7,-0.68,2.3,3.31,1.5,5.0,2.37,24.0,0.4,0.7,0.7,-3.8,8.7,28.7,12.4,5.0,19.8,24.0,0.4,0.7,0.7,5.57,6.77,7.96,6.77,4.0,1.4,24.0,0.3,0.6,0.6,35.6,48.3,98.4,66.2,4.0,49.0,24.0,0.3,0.6,0.6,-69.6,105.1,124.2,23.0,5.0,189.2,24.0,0.4,0.7,0.7,-226.7,-25.7,52.9,-77.0,5.0,148.7,24.0,0.4,0.7,0.7,-57.8,65.7,71.2,9.4,4.0,117.8,24.0,0.3,0.6,0.6,-125.1,-40.9,33.5,-45.6,4.0,92.0,24.0,0.3,0.6,0.6,-42.4,27.7,32.4,-3.5,4.0,68.3,24.0,0.3,0.6,0.6,-69.1,-18.6,15.9,-26.2,4.0,51.4,24.0,0.3,0.6,0.6,95.0,132.5,2823.5,1444.0,5.0,2491.0,24.0,0.4,0.7,0.7,95.0,135.0,2825.0,1445.0,5.0,2490.0,24.0,0.4,0.7,0.7
1974,2,167.0,22.0,22.4,24.4,26.04,24.26,5.0,1.83,20.0,0.2,0.4,0.4,22.8,24.7,25.12,24.27,6.0,1.2,18.0,0.3,0.4,0.3,11.35,13.83,16.6,13.97,4.0,3.03,20.0,0.3,0.4,0.4,65.5,74.2,85.9,75.6,4.0,11.9,20.0,0.3,0.4,7.15,8.2,9.51,7.88,6.0,2.49,18.0,0.3,0.4,0.3,-4.2,-1.61,-1.42,-3.02,6.0,3.06,18.0,0.3,0.4,0.3,-1.25,4.85,8.08,2.79,6.0,7.15,18.0,0.3,0.4,0.3,1007.1,1013.5,1017.16,1012.44,5.0,5.12,20.0,0.2,0.4,0.4,3.2,4.0,5.2,3.8,6.0,2.0,18.0,0.3,0.4,0.3,-32.2,-11.7,-11.1,-24.6,6.0,29.8,18.0,0.3,0.4,0.3,-19.0,40.6,66.2,18.7,6.0,66.6,18.0,0.3,0.4,0.3,-0.69,-0.4,1.28,0.14,5.0,1.17,20.0,0.2,0.4,0.4,-6.2,-3.3,12.0,1.3,5.0,10.5,20.0,0.2,0.4,0.4,4.42,5.19,5.63,5.03,4.0,0.73,20.0,0.3,0.4,0.4,39.7,46.1,47.6,43.7,4.0,6.7,20.0,0.3,0.4,0.4,-106.2,-39.7,-32.5,-75.3,6.0,79.5,18.0,0.3,0.4,0.3,-31.3,112.7,186.8,63.3,6.0,172.8,18.0,0.3,0.4,0.3,-26.7,-20.1,-16.2,-21.4,4.0,6.4,20.0,0.3,0.4,0.4,-43.0,91.7,115.0,38.5,4.0,137.6,20.0,0.3,0.4,0.4,-8.3,-8.0,-6.9,-7.6,4.0,1.2,20.0,0.3,0.4,0.4,-9.4,39.4,45.4,19.0,4.0,45.1,20.0,0.3,0.4,0.4,443.5,551.5,864.0,597.0,6.0,351.0,18.0,0.3,0.4,0.3,445.0,550.0,865.0,595.0,6.0,350.0,18.0,0.3,0.4,0.3
1974,2,167.0,23.0,24.4,24.4,24.4,24.4,1.0,0.0,6.0,0.0,0.1,0.7,21.82,22.3,22.78,22.3,2.0,0.99,14.0,0.5,0.3,0.6,9.78,9.78,9.78,9.78,1.0,0.0,6.0,0.0,0.1,0.7,61.5,61.5,61.5,61.5,1.0,0.0,6.0,0.0,0.7,5.77,7.2,10.0,7.87,3.0,3.15,16.0,0.7,0.2,0.5,-5.66,-3.28,-1.04,-3.35,3.0,3.38,16.0,0.7,0.2,0.5,-6.93,2.46,3.45,-1.64,3.0,8.39,16.0,0.7,0.2,0.5,1019.6,1019.6,1019.6,1019.6,1.0,0.0,6.0,0.0,0.1,0.7,5.5,6.0,6.0,5.8,4.0,0.5,18.0,0.8,0.2,0.4,-38.6,-16.7,-5.3,-21.8,3.0,24.8,16.0,0.7,0.2,0.5,-81.5,17.7,19.2,-30.0,3.0,84.6,16.0,0.7,0.2,0.5,2.8,2.8,2.8,2.8,1.0,0.0,6.0,0.0,0.1,0.7,20.2,20.2,20.2,20.2,1.0,0.0,6.0,0.0,0.1,0.7,9.16,9.16,9.16,9.16,1.0,0.0,6.0,0.0,0.1,0.7,66.0,66.0,66.0,66.0,1.0,0.0,6.0,0.0,0.1,0.7,-122.9,-73.1,-23.2,-73.1,2.0,103.3,14.0,0.5,0.3,0.6,-210.2,-103.4,3.5,-103.4,2.0,221.4,14.0,0.5,0.3,0.6,-66.2,-66.2,-66.2,-66.2,1.0,0.0,6.0,0.0,0.1,0.7,24.1,24.1,24.1,24.1,1.0,0.0,6.0,0.0,0.1,0.7,-62.0,-62.0,-62.0,-62.0,1.0,0.0,6.0,0.0,0.1,0.7,22.6,22.6,22.6,22.6,1.0,0.0,6.0,0.0,0.1,0.7,209.0,373.0,1103.5,649.5,3.0,697.5,16.0,0.7,0.2,0.5,210.0,375.0,1105.0,650.0,3.0,695.0,16.0,0.7,0.2,0.5
1974,2,167.0,24.0,23.63,24.2,24.98,24.3,4.0,0.92,12.0,0.5,0.4,0.3,20.23,22.1,24.62,22.48,6.0,2.75,12.0,0.7,0.4,0.2,9.73,11.7,13.04,11.4,4.0,2.24,12.0,0.5,0.4,0.3,67.3,74.1,79.2,73.3,4.0,9.1,12.0,0.5,0.3,5.7,8.25,11.23,8.6,6.0,3.12,12.0,0.7,0.4,0.2,-7.55,-1.1,2.45,-2.12,6.0,5.67,12.0,0.7,0.4,0.2,-8.67,-6.81,-4.53,-6.75,6.0,2.52,12.0,0.7,0.4,0.2,1012.74,1013.1,1013.78,1013.25,4.0,0.76,12.0,0.5,0.4,0.3,5.2,7.5,8.0,6.5,6.0,2.3,12.0,0.7,0.4,0.2,-85.8,-6.8,19.8,-28.8,6.0,61.0,12.0,0.7,0.4,0.2,-105.0,-59.9,-27.7,-63.6,6.0,40.7,12.0,0.7,0.4,0.2,2.82,3.5,3.81,3.33,4.0,0.8,12.0,0.5,0.4,0.3,21.2,23.0,30.9,25.9,4.0,8.0,12.0,0.5,0.4,0.3,6.72,7.14,8.46,7.57,4.0,1.25,12.0,0.5,0.4,0.3,45.2,61.7,75.7,60.5,4.0,18.9,12.0,0.5,0.4,0.3,-168.0,-28.0,51.3,-56.4,6.0,135.6,12.0,0.7,0.4,0.2,-224.2,-143.7,-105.0,-153.5,6.0,63.4,12.0,0.7,0.4,0.2,-30.1,24.4,32.1,2.1,4.0,53.3,12.0,0.5,0.4,0.3,-109.1,-82.9,-51.3,-80.3,4.0,39.0,12.0,0.5,0.4,0.3,-21.4,12.6,27.6,3.5,4.0,39.3,12.0,0.5,0.4,0.3,-65.6,-48.7,-34.9,-50.2,4.0,17.9,12.0,0.5,0.4,0.3,185.0,665.5,1443.0,851.5,6.0,796.0,12.0,0.7,0.4,0.2,185.0,665.0,1445.0,850.0,6.0,795.0,12.0,0.7,0.4,0.2
1974,2,167.0,25.0,21.27,22.9,23.55,22.54,12.0,1.42,16.0,0.7,0.5,0.6,19.42,22.8,24.78,22.35,15.0,2.88,14.0,0.7,0.5,0.5,8.25,14.19,15.86,12.58,11.0,3.53,16.0,0.6,0.5,0.6,59.5,77.7,91.1,75.6,11.0,14.5,16.0,0.6,0.6,2.29,4.1,11.11,6.11,16.0,5.73,16.0,0.7,0.5,0.5,-5.56,-1.53,1.51,-2.2,16.0,4.25,16.0,0.7,0.5,0.5,-7.47,-0.84,1.83,-2.32,16.0,6.61,16.0,0.7,0.5,0.5,1013.45,1016.9,1020.28,1016.45,13.0,3.59,16.0,0.6,0.5,0.5,2.0,4.0,7.0,4.3,16.0,2.8,16.0,0.7,0.5,0.5,-64.3,-5.9,4.0,-30.1,16.0,62.1,16.0,0.7,0.5,0.5,-95.6,-2.2,6.5,-40.5,16.0,108.5,16.0,0.7,0.5,0.5,-1.7,0.6,2.65,0.65,11.0,2.31,16.0,0.7,0.5,0.6,-5.0,0.0,13.6,4.1,11.0,13.5,16.0,0.7,0.5,0.6,1.64,3.68,7.99,4.54,10.0,3.02,16.0,0.7,0.5,0.6,5.6,24.0,40.7,24.2,10.0,20.0,16.0,0.7,0.5,0.6,-77.3,-25.8,40.5,-38.6,15.0,95.6,14.0,0.7,0.5,0.5,-111.9,0.0,48.9,-30.3,15.0,132.1,14.0,0.7,0.5,0.5,-57.3,-16.6,23.7,-27.0,11.0,72.2,16.0,0.6,0.5,0.6,-84.9,-21.4,57.9,-22.3,11.0,100.9,16.0,0.6,0.5,0.6,-26.1,-8.0,1.5,-11.3,10.0,14.0,16.0,0.7,0.5,0.6,-33.8,-10.9,2.9,-13.5,10.0,22.6,16.0,0.7,0.5,0.6,12.5,72.0,1539.5,1011.0,16.0,2289.5,16.0,0.7,0.5,0.5,10.0,70.0,1540.0,1010.0,16.0,2290.0,16.0,0.7,0.5,0.5
1974,2,167.0,26.0,21.0,22.1,24.0,22.37,12.0,1.58,14.0,0.6,0.3,0.6,18.0,20.0,23.1,20.18,13.0,2.51,12.0,0.6,0.3,0.6,7.5,11.59,13.34,10.85,13.0,2.74,12.0,0.6,0.3,0.6,62.7,73.6,86.7,73.0,13.0,13.0,12.0,0.6,0.6,1.95,4.9,10.34,6.14,12.0,4.92,12.0,0.6,0.3,0.6,-3.31,0.75,3.68,-0.08,12.0,4.9,12.0,0.6,0.3,0.6,-9.13,-0.23,3.57,-1.61,12.0,6.2,12.0,0.6,0.3,0.6,1012.86,1018.5,1019.69,1017.24,13.0,3.42,12.0,0.6,0.3,0.6,1.9,3.0,8.0,4.0,13.0,2.7,12.0,0.6,0.3,0.6,-31.0,2.4,30.8,-12.6,12.0,62.4,12.0,0.6,0.3,0.6,-95.6,-0.6,16.9,-27.9,12.0,74.2,12.0,0.6,0.3,0.6,-1.51,2.5,6.0,2.04,12.0,3.44,14.0,0.6,0.3,0.6,-6.4,7.8,55.8,21.8,11.0,35.9,12.0,0.5,0.3,0.6,2.43,4.78,9.77,5.57,12.0,3.16,14.0,0.6,0.3,0.6,8.3,20.6,90.6,44.0,11.0,45.6,12.0,0.5,0.3,0.6,-60.1,17.5,71.4,3.0,12.0,92.6,12.0,0.6,0.3,0.6,-164.3,-4.5,81.4,-23.7,12.0,120.8,12.0,0.6,0.3,0.6,-25.6,10.1,39.9,1.4,12.0,52.6,12.0,0.6,0.3,0.6,-69.5,-2.8,44.7,-11.1,12.0,67.4,12.0,0.6,0.3,0.6,-31.5,4.5,18.1,-3.7,11.0,40.5,12.0,0.5,0.3,0.6,-74.8,-1.8,17.5,-17.6,11.0,47.1,12.0,0.5,0.3,0.6,8.0,165.5,1211.5,717.5,12.0,1263.0,12.0,0.6,0.3,0.6,10.0,165.0,1210.0,720.0,12.0,1265.0,12.0,0.6,0.3,0.6
1974,2,167.0,27.0,19.47,21.0,22.59,21.08,13.0,1.62,14.0,0.6,0.5,0.5,16.9,19.0,21.0,19.11,15.0,2.28,14.0,0.5,0.5,0.5,8.35,10.38,13.17,10.74,15.0,2.35,14.0,0.5,0.5,0.5,61.3,80.8,90.1,77.8,15.0,12.0,14.0,0.5,0.5,4.21,7.7,13.32,8.12,15.0,4.64,14.0,0.5,0.5,0.5,-2.41,3.14,7.75,1.73,15.0,7.72,14.0,0.5,0.5,0.5,-6.36,-2.96,3.59,-1.99,15.0,5.01,14.0,0.5,0.5,0.5,1012.8,1015.6,1019.36,1016.08,15.0,3.17,14.0,0.5,0.5,0.5,1.2,3.0,7.6,3.7,15.0,2.7,14.0,0.5,0.5,0.5,-9.6,12.9,75.6,14.5,15.0,104.4,14.0,0.5,0.5,0.5,-70.3,-20.3,16.7,-21.8,15.0,51.1,14.0,0.5,0.5,0.5,-0.25,2.5,4.71,2.05,13.0,3.05,14.0,0.6,0.5,0.5,-1.9,8.0,30.8,12.8,13.0,24.6,14.0,0.6,0.5,0.5,1.93,5.97,6.76,4.86,13.0,2.55,14.0,0.6,0.5,0.5,5.7,32.1,64.4,36.3,13.0,31.8,14.0,0.6,0.5,0.5,-47.1,54.6,138.9,33.8,15.0,147.7,14.0,0.5,0.5,0.5,-105.4,-51.9,70.9,-31.3,15.0,101.5,14.0,0.5,0.5,0.5,-29.0,36.3,81.9,16.1,15.0,81.4,14.0,0.5,0.5,0.5,-60.0,-30.4,39.1,-13.7,15.0,59.1,14.0,0.5,0.5,0.5,-21.1,0.0,24.0,1.1,13.0,40.8,14.0,0.6,0.5,0.5,-32.6,-19.4,0.5,-19.2,13.0,19.4,14.0,0.6,0.5,0.5,75.0,456.5,2410.0,1030.0,15.0,1252.0,14.0,0.5,0.5,0.5,75.0,455.0,2410.0,1030.0,15.0,1250.0,14.0,0.5,0.5,0.5
1974,2,167.0,28.0,17.63,19.75,20.79,19.33,10.0,1.46,12.0,0.8,0.3,0.5,17.0,19.0,21.41,19.02,11.0,2.11,12.0,0.7,0.3,0.5,8.37,11.68,13.03,10.88,10.0,2.31,12.0,0.8,0.3,0.5,65.9,79.5,86.9,77.3,10.0,10.3,12.0,0.8,0.5,4.48,5.1,8.77,6.45,11.0,3.05,12.0,0.7,0.3,0.5,-1.27,3.28,8.12,3.17,11.0,4.96,12.0,0.7,0.3,0.5,-4.96,-1.74,3.91,-0.76,11.0,4.32,12.0,0.7,0.3,0.5,1011.09,1013.0,1017.53,1014.0,11.0,3.63,12.0,0.7,0.3,0.5,5.6,6.0,8.0,6.5,11.0,1.1,12.0,0.7,0.3,0.5,-9.6,16.7,69.5,29.8,11.0,51.9,12.0,0.7,0.3,0.5,-32.9,-4.3,19.9,-7.0,11.0,35.8,12.0,0.7,0.3,0.5,-2.37,-0.65,2.91,0.01,10.0,2.93,12.0,0.8,0.3,0.5,-12.1,-6.2,19.3,0.7,10.0,15.8,12.0,0.8,0.3,0.5,0.54,1.45,6.84,3.09,10.0,3.13,12.0,0.8,0.3,0.5,2.4,11.3,36.9,17.0,10.0,18.0,12.0,0.8,0.3,0.5,-24.8,65.6,136.7,58.9,11.0,90.4,12.0,0.7,0.3,0.5,-86.3,-30.9,81.4,-10.8,11.0,81.6,12.0,0.7,0.3,0.5,-21.4,38.5,44.6,27.9,10.0,50.9,12.0,0.8,0.3,0.5,-42.7,-7.2,50.9,1.5,10.0,47.5,12.0,0.8,0.3,0.5,-4.2,2.5,15.8,5.2,10.0,20.8,12.0,0.8,0.3,0.5,-13.2,-1.8,3.7,-4.9,10.0,12.5,12.0,0.8,0.3,0.5,97.0,132.5,719.5,450.5,11.0,638.5,12.0,0.7,0.3,0.5,95.0,135.0,720.0,450.0,11.0,640.0,12.0,0.7,0.3,0.5
1974,2,167.0,29.0,17.15,18.0,20.0,18.44,12.0,1.32,12.0,0.4,0.3,0.5,14.36,16.8,19.81,16.94,13.0,2.37,10.0,0.5,0.4,0.5,7.3,8.13,10.72,8.62,13.0,2.42,10.0,0.5,0.4,0.5,62.7,71.8,81.1,71.0,13.0,12.9,10.0,0.5,0.5,5.59,6.7,8.24,7.81,13.0,4.48,10.0,0.5,0.4,0.5,-0.12,2.46,4.59,3.18,13.0,6.1,10.0,0.5,0.4,0.5,-6.77,-3.58,3.94,-1.66,13.0,5.91,10.0,0.5,0.4,0.5,1010.99,1016.9,1020.38,1016.12,13.0,5.42,10.0,0.5,0.4,0.5,3.0,4.0,7.1,4.8,13.0,2.2,10.0,0.5,0.4,0.5,-0.4,17.7,28.4,39.5,13.0,118.3,10.0,0.5,0.4,0.5,-51.1,-30.5,29.5,-21.8,13.0,55.3,10.0,0.5,0.4,0.5,0.3,1.05,3.68,1.84,12.0,1.97,12.0,0.4,0.3,0.5,1.7,7.0,36.6,19.3,12.0,27.9,12.0,0.4,0.3,0.5,2.32,4.53,6.46,4.52,12.0,1.98,12.0,0.4,0.3,0.5,14.8,31.9,57.4,39.7,12.0,36.3,12.0,0.4,0.3,0.5,-2.0,45.1,93.1,56.5,13.0,99.3,10.0,0.5,0.4,0.5,-114.8,-59.0,78.6,-20.5,13.0,96.8,10.0,0.5,0.4,0.5,-0.9,26.2,50.7,29.2,13.0,51.1,10.0,0.5,0.4,0.5,-53.1,-23.1,36.2,-8.9,13.0,51.0,10.0,0.5,0.4,0.5,-1.4,6.9,18.9,13.7,12.0,40.1,12.0,0.4,0.3,0.5,-37.2,-18.1,16.0,-15.2,12.0,31.2,12.0,0.4,0.3,0.5,177.0,301.0,643.0,1074.0,13.0,2382.0,10.0,0.5,0.4,0.5,175.0,300.0,645.0,1075.0,13.0,2380.0,10.0,0.5,0.4,0.5
1974,2,167.0,30.0,17.06,18.05,19.94,18.14,14.0,1.55,10.0,0.6,0.4,0.5,15.27,16.3,18.35,16.48,17.0,1.92,14.0,0.6,0.4,0.5,7.99,8.32,10.35,8.87,17.0,1.72,14.0,0.6,0.4,0.5,68.1,74.3,87.0,76.1,17.0,11.3,14.0,0.6,0.5,2.73,9.3,12.83,8.64,14.0,4.36,14.0,0.7,0.4,0.5,-2.77,0.0,7.12,0.96,14.0,5.68,14.0,0.7,0.4,0.5,-7.6,1.46,11.29,1.99,14.0,7.88,14.0,0.7,0.4,0.5,1011.72,1016.0,1021.11,1016.07,17.0,4.26,14.0,0.6,0.4,0.5,3.1,5.0,8.0,5.4,17.0,2.5,14.0,0.6,0.4,0.5,-28.5,0.0,65.3,14.6,14.0,66.7,14.0,0.7,0.4,0.5,-62.7,6.7,127.6,25.2,14.0,94.7,14.0,0.7,0.4,0.5,-1.62,1.25,3.91,1.19,14.0,2.21,10.0,0.6,0.4,0.5,-12.3,4.7,27.7,8.4,11.0,24.7,12.0,0.7,0.3,0.6,2.69,4.06,5.03,3.78,14.0,1.92,10.0,0.6,0.4,0.5,7.6,31.6,62.4,32.7,11.0,25.7,12.0,0.7,0.3,0.6,-41.5,0.0,120.6,14.8,14.0,91.0,14.0,0.7,0.4,0.5,-111.6,23.4,176.7,34.5,14.0,125.5,14.0,0.7,0.4,0.5,-20.2,0.0,57.4,8.3,14.0,46.3,14.0,0.7,0.4,0.5,-46.9,13.6,102.1,22.7,14.0,68.1,14.0,0.7,0.4,0.5,-11.9,4.6,36.5,8.8,11.0,25.5,12.0,0.7,0.3,0.6,-26.7,5.1,30.6,5.1,11.0,32.7,12.0,0.7,0.3,0.6,22.5,804.5,2115.0,1081.5,14.0,1066.5,14.0,0.7,0.4,0.5,25.0,805.0,2115.0,1080.0,14.0,1065.0,14.0,0.7,0.4,0.5
1974,2,167.0,31.0,16.22,17.0,18.0,16.98,14.0,1.14,12.0,0.6,0.4,0.3,12.11,15.75,17.77,15.15,16.0,2.57,12.0,0.6,0.4,0.4,6.78,7.59,11.09,8.46,15.0,2.25,12.0,0.6,0.4,0.4,68.2,78.1,90.3,78.2,15.0,12.1,12.0,0.6,0.4,8.93,10.3,14.21,11.36,16.0,3.2,12.0,0.6,0.4,0.4,-6.94,4.91,13.37,3.65,16.0,9.21,12.0,0.6,0.4,0.4,-5.58,0.0,7.77,0.68,16.0,6.95,12.0,0.6,0.4,0.4,1009.25,1015.3,1019.16,1014.26,16.0,4.98,12.0,0.6,0.4,0.4,4.2,6.0,7.8,6.0,15.0,1.7,14.0,0.5,0.4,0.4,-71.5,39.2,190.2,54.3,16.0,124.5,12.0,0.6,0.4,0.4,-76.3,0.0,79.9,8.9,16.0,87.7,12.0,0.6,0.4,0.4,-0.99,1.5,4.26,1.88,14.0,3.01,12.0,0.6,0.4,0.3,-13.5,18.4,43.0,24.1,14.0,45.8,12.0,0.6,0.4,0.3,0.82,3.92,5.57,3.36,14.0,2.46,12.0,0.6,0.4,0.3,11.2,28.6,74.2,39.7,14.0,38.4,12.0,0.6,0.4,0.3,-115.9,72.6,169.8,45.8,16.0,134.8,12.0,0.6,0.4,0.4,-69.5,0.0,137.5,23.7,16.0,113.1,12.0,0.6,0.4,0.4,-49.9,42.7,91.7,24.7,15.0,71.0,12.0,0.6,0.4,0.4,-35.1,0.0,90.0,19.3,15.0,71.8,12.0,0.6,0.4,0.4,-3.3,16.7,73.7,29.1,14.0,42.5,12.0,0.6,0.4,0.3,-25.5,-6.1,8.9,-8.3,14.0,19.4,12.0,0.6,0.4,0.3,714.0,1092.5,2871.5,1802.5,16.0,1490.5,12.0,0.6,0.4,0.4,715.0,1095.0,2870.0,1805.0,16.0,1490.0,12.0,0.6,0.4,0.4
1974,2,167.0,32.0,15.82,17.5,18.89,17.23,8.0,1.51,16.0,0.4,0.5,0.4,12.59,16.4,17.0,15.11,11.0,2.16,14.0,0.5,0.6,0.5,6.34,8.57,10.33,8.51,9.0,1.83,16.0,0.4,0.5,0.5,68.5,73.3,89.0,77.4,9.0,9.3,16.0,0.4,0.5,7.99,10.3,15.85,11.93,11.0,4.26,14.0,0.5,0.6,0.5,-0.04,9.65,15.61,7.37,11.0,9.62,14.0,0.5,0.6,0.5,-4.8,-1.7,0.0,-2.08,11.0,4.2,14.0,0.5,0.6,0.5,1009.94,1014.4,1021.57,1015.29,11.0,7.07,14.0,0.5,0.6,0.5,1.8,5.0,6.5,4.4,9.0,2.6,14.0,0.4,0.6,0.5,1.3,94.6,247.8,106.8,11.0,151.7,14.0,0.5,0.6,0.5,-59.0,-16.7,0.0,-35.6,11.0,70.1,14.0,0.5,0.6,0.5,0.56,2.0,2.96,1.81,8.0,1.65,16.0,0.4,0.5,0.4,4.5,22.7,40.8,23.6,8.0,26.1,16.0,0.4,0.5,0.4,2.51,3.74,4.43,3.43,7.0,1.21,16.0,0.4,0.5,0.4,24.7,33.0,83.0,45.2,7.0,30.3,16.0,0.4,0.5,0.4,-2.2,158.1,183.3,99.0,11.0,142.8,14.0,0.5,0.6,0.5,-74.6,-25.5,0.0,-27.7,11.0,61.7,14.0,0.5,0.6,0.5,-35.5,98.3,101.9,48.7,9.0,81.5,16.0,0.4,0.5,0.5,-48.3,-11.5,0.0,-12.3,9.0,38.1,16.0,0.4,0.5,0.5,-31.0,25.4,80.5,24.3,7.0,46.9,16.0,0.4,0.5,0.4,-15.9,0.0,0.5,-8.1,7.0,18.4,16.0,0.4,0.5,0.4,512.0,1092.5,3999.0,2350.0,11.0,2693.5,14.0,0.5,0.6,0.5,510.0,1095.0,4000.0,2350.0,11.0,2695.0,14.0,0.5,0.6,0.5
1974,2,167.0,33.0,15.2,16.5,18.0,16.51,20.0,1.33,16.0,0.5,0.4,0.5,11.35,13.9,16.0,13.91,23.0,2.23,16.0,0.5,0.4,0.5,6.39,7.07,9.54,7.66,18.0,1.67,16.0,0.5,0.5,0.5,66.8,79.2,87.2,77.4,18.0,10.1,16.0,0.5,0.5,5.1,10.3,13.23,9.72,22.0,3.89,16.0,0.5,0.4,0.5,-2.71,4.01,10.37,4.34,22.0,6.97,16.0,0.5,0.4,0.5,-5.87,-0.36,7.26,0.58,22.0,6.74,16.0,0.5,0.4,0.5,1004.38,1014.0,1022.77,1013.75,23.0,8.48,16.0,0.5,0.4,0.5,2.0,7.0,8.0,5.7,20.0,2.7,18.0,0.6,0.4,0.5,-13.7,33.6,124.2,57.1,22.0,92.0,16.0,0.5,0.4,0.5,-61.5,-1.5,82.4,7.4,22.0,83.7,16.0,0.5,0.4,0.5,1.1,2.9,4.7,3.02,20.0,1.86,16.0,0.5,0.4,0.5,11.3,23.2,42.5,29.6,20.0,24.5,16.0,0.5,0.4,0.5,2.51,4.24,6.18,4.24,17.0,1.72,16.0,0.5,0.5,0.5,23.7,34.5,55.0,38.6,17.0,17.3,16.0,0.5,0.5,0.5,-36.1,55.2,141.8,54.6,22.0,88.8,16.0,0.5,0.4,0.5,-77.1,-5.0,108.5,14.0,22.0,100.5,16.0,0.5,0.4,0.5,-3.0,28.5,82.4,37.2,17.0,46.5,16.0,0.5,0.5,0.5,-36.6,0.0,95.0,21.3,17.0,59.6,16.0,0.5,0.5,0.5,-2.8,24.3,40.2,19.1,17.0,31.5,16.0,0.5,0.5,0.5,-24.8,0.0,22.2,2.0,17.0,22.3,16.0,0.5,0.5,0.5,132.5,1092.5,2320.0,1353.0,22.0,1423.5,16.0,0.5,0.4,0.5,135.0,1095.0,2320.0,1355.0,22.0,1425.0,16.0,0.5,0.4,0.5
1974,2,167.0,34.0,13.54,15.5,17.73,15.56,9.0,2.47,14.0,0.6,0.5,0.4,11.31,13.5,15.0,13.06,10.0,2.4,14.0,0.6,0.5,0.4,5.42,7.04,8.6,7.14,10.0,1.76,14.0,0.6,0.5,0.4,63.5,75.6,86.3,75.5,10.0,11.6,14.0,0.6,0.4,6.64,10.8,16.79,11.87,10.0,4.92,14.0,0.6,0.5,0.4,-6.75,5.14,14.17,3.91,10.0,9.82,14.0,0.6,0.5,0.4,-8.93,-0.44,2.3,-1.73,10.0,8.01,14.0,0.6,0.5,0.4,1005.28,1010.75,1018.64,1011.95,10.0,7.94,14.0,0.6,0.5,0.4,5.5,8.0,8.0,7.1,9.0,1.3,14.0,0.6,0.5,0.4,-68.1,53.4,209.5,63.1,10.0,148.5,14.0,0.6,0.5,0.4,-133.7,-2.3,18.2,-23.0,10.0,127.7,14.0,0.6,0.5,0.4,-0.46,2.0,5.61,2.49,9.0,3.15,14.0,0.6,0.5,0.4,-4.7,15.5,80.8,35.4,9.0,53.0,14.0,0.6,0.5,0.4,2.25,3.78,6.03,3.75,9.0,1.97,14.0,0.6,0.5,0.4,12.1,32.9,86.0,44.8,9.0,36.8,14.0,0.6,0.5,0.4,-92.6,68.6,155.2,43.3,10.0,125.3,14.0,0.6,0.5,0.4,-87.8,-7.1,30.7,-12.9,10.0,97.3,14.0,0.6,0.5,0.4,-50.8,42.0,88.1,24.3,10.0,66.5,14.0,0.6,0.5,0.4,-52.7,-4.7,15.4,-6.5,10.0,57.7,14.0,0.6,0.5,0.4,-11.9,11.3,39.4,13.1,9.0,43.1,14.0,0.6,0.5,0.4,-48.5,-2.0,6.3,-19.8,9.0,33.5,14.0,0.6,0.5,0.4,358.0,1268.0,4732.5,2447.0,10.0,2351.5,14.0,0.6,0.5,0.4,360.0,1270.0,4735.0,2445.0,10.0,2350.0,14.0,0.6,0.5,0.4
1974,2,167.0,35.0,13.56,14.6,15.53,14.61,8.0,1.63,14.0,0.6,0.5,0.4,12.43,14.0,14.8,13.59,10.0,1.29,14.0,0.6,0.5,0.5,7.11,8.45,9.25,8.14,9.0,1.11,14.0,0.6,0.4,0.5,78.2,84.3,93.2,84.9,9.0,8.9,14.0,0.6,0.5,8.67,12.3,15.4,11.92,10.0,5.05,14.0,0.6,0.5,0.5,0.0,7.72,12.15,6.61,10.0,5.78,14.0,0.6,0.5,0.5,-0.92,4.74,15.1,6.44,10.0,7.44,14.0,0.6,0.5,0.5,1003.28,1008.6,1016.16,1010.11,10.0,7.96,14.0,0.6,0.5,0.5,3.4,6.5,8.0,5.6,10.0,2.5,14.0,0.6,0.5,0.5,0.0,68.3,177.6,89.0,10.0,88.0,14.0,0.6,0.5,0.5,-8.6,47.5,235.6,98.9,10.0,120.4,14.0,0.6,0.5,0.5,-0.77,0.55,3.84,1.25,8.0,2.61,14.0,0.6,0.5,0.4,-9.7,2.0,30.3,7.7,8.0,24.9,14.0,0.6,0.5,0.4,0.82,1.51,4.51,2.17,8.0,2.1,14.0,0.6,0.5,0.4,4.0,14.1,47.4,20.5,8.0,22.7,14.0,0.6,0.5,0.4,0.0,101.4,168.1,91.0,10.0,79.7,14.0,0.6,0.5,0.5,-11.1,66.3,206.6,90.6,10.0,105.3,14.0,0.6,0.5,0.5,6.7,65.2,103.6,58.0,9.0,43.7,14.0,0.6,0.4,0.5,-8.4,27.0,124.1,47.8,9.0,64.9,14.0,0.6,0.4,0.5,0.3,9.8,45.8,17.2,8.0,22.1,14.0,0.6,0.5,0.4,-8.1,4.6,18.3,5.1,8.0,11.8,14.0,0.6,0.5,0.4,659.5,1861.0,3652.5,2434.0,10.0,2185.5,14.0,0.6,0.5,0.5,660.0,1860.0,3650.0,2435.0,10.0,2185.0,14.0,0.6,0.5,0.5
1974,2,167.0,36.0,13.93,15.0,16.0,14.74,13.0,1.12,12.0,0.5,0.5,0.4,11.03,12.2,13.69,12.48,14.0,1.59,12.0,0.4,0.5,0.5,5.35,6.41,8.04,6.58,13.0,1.25,12.0,0.5,0.5,0.4,63.3,73.1,80.5,72.4,13.0,9.6,12.0,0.5,0.4,7.7,11.8,20.21,12.71,14.0,5.8,12.0,0.4,0.5,0.5,0.26,8.32,19.92,9.25,14.0,8.4,12.0,0.4,0.5,0.5,-8.13,0.0,4.17,-1.03,14.0,6.63,12.0,0.4,0.5,0.5,998.63,1007.15,1013.09,1007.04,14.0,9.48,12.0,0.4,0.5,0.5,3.0,5.0,8.0,5.6,11.0,2.4,12.0,0.5,0.5,0.5,1.1,91.7,404.6,153.8,14.0,187.1,12.0,0.4,0.5,0.5,-104.3,0.0,72.3,-18.4,14.0,92.0,12.0,0.4,0.5,0.5,0.9,2.0,4.05,2.22,13.0,1.92,12.0,0.5,0.5,0.4,11.7,32.0,36.5,31.0,13.0,30.9,12.0,0.5,0.5,0.4,1.95,4.38,5.22,3.9,13.0,1.68,12.0,0.5,0.5,0.4,24.9,45.2,79.4,53.6,13.0,42.4,12.0,0.5,0.5,0.4,3.9,107.6,245.3,114.6,14.0,102.5,12.0,0.4,0.5,0.5,-90.4,0.0,54.0,-11.3,14.0,83.1,12.0,0.4,0.5,0.5,0.0,41.4,107.0,53.8,13.0,49.4,12.0,0.5,0.5,0.4,-43.8,0.0,29.5,-4.8,13.0,48.6,12.0,0.5,0.5,0.4,0.0,29.2,78.2,40.0,13.0,48.5,12.0,0.5,0.5,0.4,-37.9,0.0,13.9,-8.3,13.0,27.2,12.0,0.5,0.5,0.4,456.5,1652.0,8378.5,3355.0,14.0,4271.0,12.0,0.4,0.5,0.5,455.0,1650.0,8380.0,3355.0,14.0,4270.0,12.0,0.4,0.5,0.5
1974,2,167.0,37.0,14.4,15.0,16.0,15.43,12.0,1.46,12.0,0.8,0.4,0.3,8.75,10.0,14.43,11.03,12.0,2.7,12.0,0.8,0.4,0.3,5.16,5.79,7.28,6.15,11.0,1.9,12.0,0.8,0.5,0.3,61.7,76.2,84.0,74.1,11.0,16.9,12.0,0.8,0.3,8.2,14.4,15.93,12.9,12.0,4.02,12.0,0.8,0.4,0.3,-8.26,6.92,14.17,4.6,12.0,10.22,12.0,0.8,0.4,0.3,-8.23,2.38,8.13,0.64,12.0,8.34,12.0,0.8,0.4,0.3,1003.37,1012.25,1022.24,1011.42,12.0,10.02,12.0,0.8,0.4,0.3,5.0,7.5,8.0,6.7,12.0,1.9,12.0,0.8,0.4,0.3,-79.5,82.1,211.9,72.7,12.0,151.7,12.0,0.8,0.4,0.3,-127.4,17.1,109.9,-0.1,12.0,129.0,12.0,0.8,0.4,0.3,-0.03,5.5,7.38,4.4,12.0,3.53,12.0,0.8,0.4,0.3,-0.4,61.3,111.5,58.4,12.0,51.6,12.0,0.8,0.4,0.3,2.97,5.07,6.35,4.75,11.0,2.6,12.0,0.8,0.5,0.3,24.5,70.9,86.4,60.4,11.0,38.4,12.0,0.8,0.5,0.3,-79.7,76.7,134.6,44.1,12.0,117.4,12.0,0.8,0.4,0.3,-70.1,23.1,112.8,21.2,12.0,92.5,12.0,0.8,0.4,0.3,-48.9,67.8,82.0,25.0,11.0,70.8,12.0,0.8,0.5,0.3,-23.8,15.7,58.2,15.0,11.0,44.5,12.0,0.8,0.5,0.3,-25.1,27.2,74.3,28.2,11.0,57.6,12.0,0.8,0.5,0.3,-28.9,9.1,47.5,4.4,11.0,35.7,12.0,0.8,0.5,0.3,551.5,2986.0,4086.5,2694.0,12.0,1937.0,12.0,0.8,0.4,0.3,550.0,2985.0,4085.0,2695.0,12.0,1935.0,12.0,0.8,0.4,0.3
1974,2,167.0,38.0,12.21,13.25,14.29,13.25,4.0,1.44,22.0,1.0,0.5,0.2,7.94,9.75,14.91,11.03,6.0,3.7,20.0,0.7,0.5,0.2,5.0,6.25,8.11,6.62,5.0,2.03,20.0,0.8,0.5,0.2,69.7,77.4,80.6,76.0,5.0,6.5,20.0,0.8,0.2,10.81,12.65,14.21,12.0,6.0,3.57,20.0,0.7,0.5,0.2,-6.75,1.9,11.39,2.35,6.0,9.53,20.0,0.7,0.5,0.2,-7.67,-1.64,9.78,-0.37,6.0,9.38,20.0,0.7,0.5,0.2,1006.87,1014.75,1019.1,1012.85,6.0,7.57,20.0,0.7,0.5,0.2,3.0,5.0,7.4,5.2,5.0,2.3,20.0,0.8,0.5,0.2,-86.1,49.3,145.6,40.8,6.0,123.2,20.0,0.7,0.5,0.2,-103.4,-8.4,121.7,-6.5,6.0,128.3,20.0,0.7,0.5,0.2,-2.29,0.5,3.55,0.63,4.0,3.47,22.0,1.0,0.5,0.2,-29.1,-2.8,35.3,2.9,4.0,41.2,22.0,1.0,0.5,0.2,0.94,2.27,3.95,2.44,4.0,1.8,22.0,1.0,0.5,0.2,11.9,16.4,37.5,24.3,4.0,21.7,22.0,1.0,0.5,0.2,-101.2,9.3,94.5,-1.2,6.0,101.2,20.0,0.7,0.5,0.2,-63.8,-18.0,156.8,20.3,6.0,112.6,20.0,0.7,0.5,0.2,-57.6,-24.4,58.6,-5.1,5.0,63.9,20.0,0.8,0.5,0.2,-23.8,0.0,84.3,24.4,5.0,57.5,20.0,0.8,0.5,0.2,-10.5,-6.6,23.1,5.7,4.0,28.9,22.0,1.0,0.5,0.2,-19.9,-2.3,10.2,-4.7,4.0,18.7,22.0,1.0,0.5,0.2,1504.0,2026.5,2885.0,2064.0,6.0,1158.5,20.0,0.7,0.5,0.2,1505.0,2025.0,2885.0,2065.0,6.0,1160.0,20.0,0.7,0.5,0.2
1974,2,167.0,39.0,11.48,12.0,12.41,12.1,6.0,1.01,14.0,0.7,0.6,0.6,5.9,9.0,12.1,8.86,7.0,3.39,12.0,0.6,0.6,0.5,4.76,5.43,7.68,6.0,6.0,1.46,14.0,0.7,0.6,0.6,74.0,80.9,83.5,79.1,6.0,7.6,14.0,0.7,0.6,4.03,13.9,17.52,11.91,7.0,6.14,12.0,0.6,0.6,0.5,-8.93,3.14,12.83,4.22,7.0,10.41,12.0,0.6,0.6,0.5,-5.02,0.0,10.65,0.79,7.0,8.57,12.0,0.6,0.6,0.5,999.81,1007.3,1018.61,1008.66,7.0,12.18,12.0,0.6,0.6,0.5,4.9,7.0,8.0,6.3,7.0,2.2,12.0,0.6,0.6,0.5,-124.2,12.9,212.9,64.9,7.0,166.9,12.0,0.6,0.6,0.5,-70.3,0.0,148.0,-0.4,7.0,135.0,12.0,0.6,0.6,0.5,-0.5,3.0,5.21,2.43,6.0,3.14,14.0,0.7,0.6,0.6,-6.9,16.2,55.5,19.8,6.0,36.6,14.0,0.7,0.6,0.6,0.83,3.42,4.14,2.79,6.0,1.73,14.0,0.7,0.6,0.6,9.3,16.1,49.3,25.4,6.0,21.9,14.0,0.7,0.6,0.6,-108.1,25.1,79.5,13.7,7.0,99.7,12.0,0.6,0.6,0.5,-28.8,0.0,128.8,30.8,7.0,77.6,12.0,0.6,0.6,0.5,-68.6,14.6,67.4,7.5,6.0,67.3,14.0,0.7,0.6,0.6,-4.5,7.1,81.8,26.5,6.0,45.6,14.0,0.7,0.6,0.6,-4.1,12.4,47.1,19.3,6.0,26.5,14.0,0.7,0.6,0.6,-3.3,1.8,10.7,1.6,6.0,10.1,14.0,0.7,0.6,0.6,66.5,2685.5,5382.0,2722.0,7.0,2276.0,12.0,0.6,0.6,0.5,65.0,2685.0,5380.0,2720.0,7.0,2275.0,12.0,0.6,0.6,0.5
1974,2,167.0,40.0,10.27,11.3,12.28,11.22,9.0,1.21,18.0,0.6,0.5,0.3,6.85,9.0,11.15,8.98,9.0,1.97,18.0,0.6,0.5,0.3,4.68,5.85,7.49,5.93,9.0,1.65,18.0,0.6,0.5,0.3,73.5,87.4,95.3,81.9,9.0,17.0,18.0,0.6,0.3,8.5,11.8,17.3,12.62,9.0,5.21,18.0,0.6,0.5,0.3,-1.21,5.98,13.06,5.99,9.0,9.01,18.0,0.6,0.5,0.3,-7.54,2.8,10.97,2.53,9.0,8.8,18.0,0.6,0.5,0.3,1001.78,1002.9,1023.4,1009.33,9.0,12.07,18.0,0.6,0.5,0.3,3.3,5.0,7.7,5.2,9.0,2.1,18.0,0.6,0.5,0.3,-15.9,55.6,190.8,89.9,9.0,179.5,18.0,0.6,0.5,0.3,-104.5,23.0,124.5,23.3,9.0,137.7,18.0,0.6,0.5,0.3,1.0,1.5,4.34,2.24,9.0,1.71,18.0,0.6,0.5,0.3,10.5,18.0,50.2,28.2,9.0,23.9,18.0,0.6,0.5,0.3,1.39,1.78,3.5,2.37,9.0,1.52,18.0,0.6,0.5,0.3,14.6,24.9,45.2,28.5,9.0,16.8,18.0,0.6,0.5,0.3,-14.3,46.6,82.9,44.7,9.0,71.7,18.0,0.6,0.5,0.3,-53.7,28.0,126.2,33.8,9.0,80.9,18.0,0.6,0.5,0.3,-9.9,27.7,70.5,30.6,9.0,51.1,18.0,0.6,0.5,0.3,-36.0,18.8,86.5,23.8,9.0,55.2,18.0,0.6,0.5,0.3,-1.6,13.7,37.0,17.4,9.0,21.3,18.0,0.6,0.5,0.3,-18.6,5.0,15.8,-1.3,9.0,20.0,18.0,0.6,0.5,0.3,619.5,1643.0,5244.5,3007.5,9.0,3661.5,18.0,0.6,0.5,0.3,620.0,1645.0,5245.0,3005.0,9.0,3660.0,18.0,0.6,0.5,0.3
1974,2,167.0,41.0,9.48,11.35,12.27,10.92,6.0,1.99,16.0,0.7,0.5,0.4,4.48,8.35,11.97,8.33,6.0,3.87,18.0,0.7,0.5,0.5,4.73,7.28,7.68,6.43,5.0,1.62,18.0,0.6,0.6,0.5,82.5,85.0,93.4,87.4,5.0,5.8,18.0,0.6,0.5,6.62,11.3,15.52,11.53,7.0,4.63,16.0,0.7,0.5,0.4,-11.86,2.29,6.33,-0.57,7.0,8.75,16.0,0.7,0.5,0.4,-6.19,-4.75,9.69,-0.92,7.0,9.93,16.0,0.7,0.5,0.4,1001.67,1012.0,1026.17,1012.61,7.0,11.75,16.0,0.7,0.5,0.4,3.6,6.0,8.0,5.7,6.0,2.4,14.0,0.8,0.4,0.3,-181.6,15.4,110.6,-13.5,7.0,123.0,16.0,0.7,0.5,0.4,-77.5,-25.6,102.2,-23.7,7.0,148.8,16.0,0.7,0.5,0.4,-1.82,1.0,5.15,1.24,5.0,4.41,18.0,0.6,0.6,0.5,-10.5,10.3,43.6,15.7,5.0,40.4,18.0,0.6,0.6,0.5,0.07,0.99,3.26,1.43,5.0,1.89,18.0,0.6,0.6,0.5,3.6,12.0,27.1,15.2,5.0,18.8,18.0,0.6,0.6,0.5,-76.2,9.6,31.3,-18.7,6.0,68.5,18.0,0.7,0.5,0.5,-38.7,30.0,104.6,29.8,6.0,78.9,18.0,0.7,0.5,0.5,-71.9,-4.3,20.3,-22.9,5.0,51.7,18.0,0.6,0.6,0.5,-22.5,47.3,73.6,30.2,5.0,49.9,18.0,0.6,0.6,0.5,-21.1,-3.0,-0.4,-10.6,5.0,17.9,18.0,0.6,0.6,0.5,-15.8,-7.4,8.4,-4.4,5.0,12.5,18.0,0.6,0.6,0.5,292.5,1443.0,3756.5,2162.5,7.0,2049.5,16.0,0.7,0.5,0.4,295.0,1445.0,3755.0,2165.0,7.0,2050.0,16.0,0.7,0.5,0.4
1974,2,167.0,42.0,6.0,7.0,8.52,7.25,4.0,1.5,18.0,0.3,0.3,0.1,4.79,5.0,6.05,5.4,4.0,1.08,18.0,0.3,0.3,0.1,3.9,4.65,4.75,4.34,4.0,0.72,18.0,0.3,0.3,0.1,67.9,79.9,85.7,76.9,4.0,11.2,18.0,0.3,0.1,3.48,8.5,12.69,8.1,4.0,5.8,18.0,0.3,0.3,0.1,1.77,7.05,10.23,6.05,4.0,5.36,18.0,0.3,0.3,0.1,-7.42,-2.87,1.93,-2.75,4.0,5.79,18.0,0.3,0.3,0.1,986.09,1003.1,1012.82,999.63,4.0,16.72,18.0,0.3,0.3,0.1,5.3,8.0,8.0,6.7,3.0,2.3,18.0,0.3,0.3,0.2,13.5,65.2,131.3,72.1,4.0,71.9,18.0,0.3,0.3,0.1,-97.6,-29.3,12.8,-41.8,4.0,70.2,18.0,0.3,0.3,0.1,0.14,2.2,3.52,1.85,4.0,2.18,18.0,0.3,0.3,0.1,-5.6,9.6,16.9,5.8,4.0,14.9,18.0,0.3,0.3,0.1,1.61,2.29,2.55,2.09,4.0,0.64,18.0,0.3,0.3,0.1,7.4,15.0,22.5,15.0,4.0,10.2,18.0,0.3,0.3,0.1,8.8,33.4,60.9,34.8,4.0,34.4,18.0,0.3,0.3,0.1,-45.8,-13.3,9.6,-17.9,4.0,36.2,18.0,0.3,0.3,0.1,8.3,26.4,41.1,24.8,4.0,22.9,18.0,0.3,0.3,0.1,-30.7,-9.6,9.0,-10.8,4.0,25.9,18.0,0.3,0.3,0.1,3.4,11.5,18.6,11.0,4.0,10.7,18.0,0.3,0.3,0.1,-12.4,-6.0,3.9,-4.4,4.0,10.0,18.0,0.3,0.3,0.1,114.0,749.0,2164.0,1121.5,4.0,1358.0,18.0,0.3,0.3,0.1,115.0,750.0,2165.0,1120.0,4.0,1360.0,18.0,0.3,0.3,0.1
1974,2,167.0,43.0,6.08,7.0,8.0,6.94,5.0,1.23,12.0,0.4,0.4,0.5,1.96,4.0,9.0,4.81,7.0,3.11,14.0,0.3,0.5,0.5,4.09,4.42,6.23,4.97,5.0,1.19,16.0,0.4,0.5,0.5,84.2,86.8,87.9,86.1,5.0,2.1,16.0,0.4,0.5,5.67,8.2,15.45,9.7,7.0,4.51,14.0,0.3,0.5,0.5,-4.95,0.0,8.11,1.93,7.0,7.79,14.0,0.3,0.5,0.5,-4.57,0.0,9.55,1.67,7.0,7.87,14.0,0.3,0.5,0.5,995.43,1014.2,1017.41,1009.43,7.0,13.57,14.0,0.3,0.5,0.5,4.9,7.0,8.0,6.3,7.0,2.0,14.0,0.3,0.5,0.5,-30.7,0.0,69.3,29.7,7.0,113.5,14.0,0.3,0.5,0.5,-24.5,0.0,93.0,36.4,7.0,95.6,14.0,0.3,0.5,0.5,0.27,3.0,5.75,2.92,5.0,2.99,12.0,0.4,0.4,0.5,-2.0,30.6,45.5,22.7,5.0,27.1,12.0,0.4,0.4,0.5,0.7,1.51,2.52,1.61,4.0,1.14,14.0,0.5,0.5,0.5,6.0,10.7,24.3,15.0,4.0,12.5,14.0,0.5,0.5,0.5,-21.1,0.0,11.2,-0.2,7.0,34.5,14.0,0.3,0.5,0.5,-12.5,0.0,85.9,24.2,7.0,59.8,14.0,0.3,0.5,0.5,-25.8,0.0,31.7,5.1,5.0,40.4,16.0,0.4,0.5,0.5,-13.8,12.5,69.7,26.4,5.0,46.2,16.0,0.4,0.5,0.5,-3.7,2.8,20.4,8.1,4.0,16.8,14.0,0.5,0.5,0.5,-8.4,1.3,5.7,-1.2,4.0,9.0,14.0,0.5,0.5,0.5,182.5,551.5,3692.5,1468.0,7.0,1809.5,14.0,0.3,0.5,0.5,185.0,550.0,3690.0,1470.0,7.0,1810.0,14.0,0.3,0.5,0.5
1974,2,167.0,44.0,5.82,7.5,9.05,7.5,5.0,1.84,14.0,0.4,0.1,0.4,2.95,4.0,5.68,4.2,5.0,1.6,14.0,0.4,0.1,0.4,3.32,3.84,4.27,3.8,4.0,0.6,12.0,0.3,0.2,0.5,69.9,74.3,81.7,75.7,4.0,7.3,12.0,0.3,0.5,4.19,5.1,9.51,6.56,5.0,3.54,14.0,0.4,0.1,0.4,-1.47,2.44,4.77,1.72,5.0,3.94,14.0,0.4,0.1,0.4,-3.94,-0.89,7.4,1.42,5.0,6.68,14.0,0.4,0.1,0.4,996.59,1000.4,1013.39,1004.62,5.0,10.96,14.0,0.4,0.1,0.4,4.6,7.0,7.4,6.2,5.0,1.6,14.0,0.4,0.1,0.4,-17.4,6.4,31.5,6.0,5.0,36.0,14.0,0.4,0.1,0.4,-20.1,-2.3,75.2,25.8,5.0,64.5,14.0,0.4,0.1,0.4,0.0,4.5,5.87,3.3,5.0,3.09,14.0,0.4,0.1,0.4,0.0,11.7,29.9,14.6,5.0,15.5,14.0,0.4,0.1,0.4,2.26,3.41,3.44,2.88,4.0,1.09,12.0,0.3,0.2,0.5,9.5,13.9,17.6,13.5,4.0,4.7,12.0,0.3,0.2,0.5,-8.8,7.8,18.8,5.6,5.0,21.1,14.0,0.4,0.1,0.4,-10.7,-3.6,42.7,13.5,5.0,34.4,14.0,0.4,0.1,0.4,4.2,10.4,20.3,12.2,4.0,11.7,12.0,0.3,0.2,0.5,-15.7,-6.6,10.8,-2.7,4.0,18.9,12.0,0.3,0.2,0.5,3.7,8.0,11.0,7.4,4.0,5.5,12.0,0.3,0.2,0.5,-14.6,-7.1,2.0,-6.3,4.0,10.5,12.0,0.3,0.2,0.5,90.5,132.5,950.0,495.5,5.0,673.0,14.0,0.4,0.1,0.4,90.0,135.0,950.0,495.0,5.0,675.0,14.0,0.4,0.1,0.4
1974,2,167.0,45.0,3.0,4.5,5.21,4.44,11.0,1.29,18.0,0.2,0.4,0.4,2.0,4.0,6.77,4.1,11.0,2.45,18.0,0.2,0.4,0.4,3.3,4.14,5.68,4.37,10.0,1.08,20.0,0.2,0.4,0.3,76.5,84.6,94.5,84.4,10.0,10.1,20.0,0.2,0.3,6.49,10.3,13.93,9.87,11.0,4.16,18.0,0.2,0.4,0.4,1.68,5.52,6.92,3.21,11.0,6.59,18.0,0.2,0.4,0.4,-4.84,2.12,10.38,2.34,11.0,7.98,18.0,0.2,0.4,0.4,994.79,1010.0,1023.0,1008.76,11.0,12.12,18.0,0.2,0.4,0.4,3.4,4.5,8.0,5.3,10.0,2.3,18.0,0.2,0.4,0.4,16.9,43.7,74.4,23.7,11.0,91.0,18.0,0.2,0.4,0.4,-33.8,9.6,120.2,34.4,11.0,105.8,18.0,0.2,0.4,0.4,-2.12,0.5,3.21,0.34,11.0,2.53,18.0,0.2,0.4,0.4,-28.9,3.1,30.4,2.6,11.0,32.4,18.0,0.2,0.4,0.4,-0.44,1.36,1.7,0.91,10.0,1.12,20.0,0.2,0.4,0.3,-5.2,9.3,20.6,7.5,10.0,12.9,20.0,0.2,0.4,0.3,2.4,18.9,30.5,14.8,11.0,24.8,18.0,0.2,0.4,0.4,-10.7,6.2,79.5,24.8,11.0,44.0,18.0,0.2,0.4,0.4,5.7,19.4,30.4,11.5,10.0,31.4,20.0,0.2,0.4,0.3,-15.6,10.2,59.0,19.8,10.0,40.6,20.0,0.2,0.4,0.3,-3.7,3.9,10.7,2.2,10.0,11.2,20.0,0.2,0.4,0.3,-13.7,-3.2,2.6,-4.5,10.0,8.7,20.0,0.2,0.4,0.3,275.0,1092.5,2768.5,1435.0,11.0,1479.0,18.0,0.2,0.4,0.4,275.0,1095.0,2770.0,1435.0,11.0,1480.0,18.0,0.2,0.4,0.4
1974,2,167.0,46.0,1.4,4.0,5.0,3.44,9.0,1.96,16.0,0.6,0.4,0.5,0.59,2.5,4.44,2.72,11.0,2.24,16.0,0.5,0.3,0.5,2.89,3.52,4.87,3.84,9.0,1.04,16.0,0.4,0.3,0.5,66.1,86.6,92.7,82.3,9.0,14.5,16.0,0.4,0.5,5.91,6.7,11.02,7.63,10.0,3.11,16.0,0.5,0.3,0.5,-0.86,3.54,5.62,3.0,10.0,3.68,16.0,0.5,0.3,0.5,-4.56,3.96,7.39,2.03,10.0,6.8,16.0,0.5,0.3,0.5,1009.21,1014.25,1016.91,1011.44,10.0,9.74,16.0,0.5,0.3,0.5,3.4,7.0,8.0,6.1,10.0,2.3,16.0,0.5,0.3,0.6,-5.0,22.0,46.5,26.1,10.0,42.4,16.0,0.5,0.3,0.5,-29.2,20.0,62.9,17.2,10.0,69.7,16.0,0.5,0.3,0.5,-2.37,1.0,3.73,0.4,9.0,3.8,16.0,0.6,0.4,0.5,-21.1,6.7,27.1,-2.7,9.0,35.4,16.0,0.6,0.4,0.5,-0.58,1.57,2.57,1.03,8.0,1.7,16.0,0.5,0.4,0.6,-4.6,9.3,17.2,5.5,8.0,14.5,16.0,0.5,0.4,0.6,-1.0,8.0,17.7,6.7,10.0,11.4,16.0,0.5,0.3,0.5,-14.6,4.9,29.6,13.1,10.0,32.3,16.0,0.5,0.3,0.5,-3.4,11.0,22.6,10.0,9.0,15.2,16.0,0.4,0.3,0.5,-12.9,9.0,36.4,11.5,9.0,32.0,16.0,0.4,0.3,0.5,-0.8,7.1,13.0,6.4,8.0,7.2,16.0,0.5,0.4,0.6,-13.3,-10.2,-2.9,-8.8,8.0,7.6,16.0,0.5,0.4,0.6,208.0,301.0,1408.5,655.0,10.0,743.0,16.0,0.5,0.3,0.5,210.0,300.0,1410.0,655.0,10.0,745.0,16.0,0.5,0.3,0.5
1974,2,167.0,47.0,2.0,3.0,5.1,3.45,13.0,1.55,22.0,0.5,0.3,0.4,3.03,4.45,5.0,4.17,14.0,1.74,22.0,0.5,0.3,0.4,3.71,4.19,5.35,4.31,14.0,0.83,22.0,0.5,0.3,0.4,71.0,84.9,93.0,83.9,14.0,10.2,22.0,0.5,0.4,3.16,9.0,12.83,8.38,14.0,4.42,22.0,0.5,0.3,0.4,0.0,1.3,4.05,1.77,14.0,3.05,22.0,0.5,0.3,0.4,0.0,6.13,12.1,6.04,14.0,6.57,22.0,0.5,0.3,0.4,1009.59,1013.45,1024.94,1013.59,14.0,10.03,22.0,0.5,0.3,0.4,6.5,8.0,8.0,7.0,13.0,2.2,22.0,0.5,0.4,0.3,0.0,3.4,33.6,16.1,14.0,28.8,22.0,0.5,0.3,0.4,0.0,55.6,155.3,73.8,14.0,85.6,22.0,0.5,0.3,0.4,-2.05,-1.0,1.55,-0.43,13.0,1.91,22.0,0.5,0.3,0.4,-21.0,-6.5,8.3,-7.3,13.0,14.3,22.0,0.5,0.3,0.4,-0.1,0.73,1.22,0.67,13.0,0.77,22.0,0.5,0.3,0.4,-1.2,3.7,8.0,3.5,13.0,3.9,22.0,0.5,0.3,0.4,0.0,1.6,15.0,10.2,14.0,19.9,22.0,0.5,0.3,0.4,0.0,33.0,66.8,28.2,14.0,32.6,22.0,0.5,0.3,0.4,0.0,5.3,17.8,9.0,14.0,15.7,22.0,0.5,0.3,0.4,0.0,30.8,64.7,28.4,14.0,31.2,22.0,0.5,0.3,0.4,-0.9,0.0,2.8,0.2,13.0,2.5,22.0,0.5,0.3,0.4,-2.4,0.0,5.8,0.9,13.0,4.6,22.0,0.5,0.3,0.4,32.5,746.5,2115.0,1048.0,14.0,1172.5,22.0,0.5,0.3,0.4,30.0,745.0,2115.0,1050.0,14.0,1175.0,22.0,0.5,0.3,0.4
1974,2,167.0,48.0,2.13,4.0,4.87,3.72,9.0,1.5,12.0,0.4,0.6,0.3,1.0,1.75,3.0,1.58,12.0,1.72,10.0,0.4,0.5,0.3,3.05,3.49,4.53,3.68,10.0,0.74,10.0,0.5,0.5,0.3,71.0,83.1,94.3,82.5,10.0,11.8,10.0,0.5,0.3,7.07,9.0,13.9,10.38,12.0,5.26,10.0,0.4,0.5,0.3,-8.28,-4.6,5.38,-3.95,12.0,8.6,10.0,0.4,0.5,0.3,-2.11,4.46,7.55,2.7,12.0,6.79,10.0,0.4,0.5,0.3,984.64,998.8,1016.9,1000.53,12.0,14.15,10.0,0.4,0.5,0.3,4.6,7.0,8.0,6.1,11.0,2.0,10.0,0.5,0.5,0.4,-87.4,-39.8,31.2,-75.2,12.0,173.7,10.0,0.4,0.5,0.3,-17.7,38.8,106.9,27.6,12.0,87.3,10.0,0.4,0.5,0.3,0.63,2.5,3.37,2.22,9.0,1.56,12.0,0.4,0.6,0.3,8.8,17.9,22.8,17.2,9.0,10.1,12.0,0.4,0.6,0.3,1.02,1.55,1.84,1.48,7.0,0.63,12.0,0.6,0.6,0.3,8.3,12.9,14.3,11.5,7.0,3.1,12.0,0.6,0.6,0.3,-21.3,-5.6,-2.3,-12.6,12.0,21.7,10.0,0.4,0.5,0.3,-0.5,5.6,18.8,6.6,12.0,14.3,10.0,0.4,0.5,0.3,-31.3,-14.4,5.0,-20.4,10.0,38.7,10.0,0.5,0.5,0.3,-7.5,18.1,28.3,8.6,10.0,25.4,10.0,0.5,0.5,0.3,-10.0,-2.5,8.4,-1.6,7.0,9.1,12.0,0.6,0.6,0.3,-7.5,4.2,8.4,1.1,7.0,8.8,12.0,0.6,0.6,0.3,355.0,731.5,2685.5,2133.5,12.0,4164.5,10.0,0.4,0.5,0.3,355.0,730.0,2685.0,2135.0,12.0,4165.0,10.0,0.4,0.5,0.3
1974,2,167.0,49.0,2.9,3.0,4.1,3.29,7.0,1.5,12.0,0.6,0.3,0.5,0.56,1.75,2.0,1.44,8.0,1.08,12.0,0.5,0.3,0.5,2.93,3.29,3.8,3.28,7.0,0.58,12.0,0.6,0.3,0.5,67.4,80.4,90.4,78.2,7.0,13.7,12.0,0.6,0.5,6.7,8.5,12.61,9.91,8.0,4.96,12.0,0.5,0.3,0.5,-8.9,-3.35,0.0,-4.9,8.0,7.99,12.0,0.5,0.3,0.5,-2.98,4.14,6.17,1.49,8.0,6.57,12.0,0.5,0.3,0.5,1000.67,1010.2,1011.39,1007.34,8.0,5.76,12.0,0.5,0.3,0.5,4.8,6.0,8.0,6.2,6.0,1.6,10.0,0.3,0.3,0.5,-90.7,-36.1,0.0,-78.9,8.0,146.6,12.0,0.5,0.3,0.5,-20.0,27.8,51.8,3.9,8.0,70.2,12.0,0.5,0.3,0.5,0.86,2.0,3.52,1.93,7.0,2.07,12.0,0.6,0.3,0.5,10.3,20.6,26.8,11.9,7.0,24.1,12.0,0.6,0.3,0.5,0.83,1.41,2.82,1.55,7.0,0.92,12.0,0.6,0.3,0.5,8.5,14.7,18.9,13.9,7.0,4.7,12.0,0.6,0.3,0.5,-12.6,-5.0,0.0,-10.3,8.0,22.2,12.0,0.5,0.3,0.5,-6.4,1.6,5.1,-1.4,8.0,10.7,12.0,0.5,0.3,0.5,-34.8,-18.0,0.8,-19.4,7.0,27.5,12.0,0.6,0.3,0.5,-11.8,12.0,17.2,1.3,7.0,25.2,12.0,0.6,0.3,0.5,-12.9,-6.5,0.8,-4.4,7.0,10.8,12.0,0.6,0.3,0.5,-7.7,2.9,11.2,3.1,7.0,9.8,12.0,0.6,0.3,0.5,301.0,630.5,2030.0,1747.0,8.0,2899.5,12.0,0.5,0.3,0.5,300.0,630.0,2030.0,1745.0,8.0,2900.0,12.0,0.5,0.3,0.5
1974,2,167.0,50.0,2.55,3.5,4.0,3.3,9.0,1.16,16.0,0.2,0.4,0.4,1.13,2.5,4.37,2.61,9.0,2.07,16.0,0.2,0.4,0.4,3.79,4.07,4.64,4.12,8.0,0.71,18.0,0.3,0.4,0.3,80.8,88.4,92.7,88.1,8.0,7.0,18.0,0.3,0.3,4.6,11.8,13.27,10.23,9.0,5.68,16.0,0.2,0.4,0.4,-8.53,-1.57,5.26,-3.06,9.0,8.6,16.0,0.2,0.4,0.4,-2.97,4.32,10.13,3.01,9.0,7.44,16.0,0.2,0.4,0.4,985.76,1008.0,1010.73,1002.67,9.0,14.26,16.0,0.2,0.4,0.4,5.5,8.0,8.0,7.1,9.0,1.5,16.0,0.2,0.4,0.4,-113.1,-7.2,55.2,-61.9,9.0,144.2,16.0,0.2,0.4,0.4,-22.6,19.9,134.8,41.5,9.0,98.3,16.0,0.2,0.4,0.4,-0.81,0.0,2.46,0.69,9.0,2.12,16.0,0.2,0.4,0.4,-9.0,0.0,12.3,3.1,9.0,17.7,16.0,0.2,0.4,0.4,0.03,0.66,0.79,0.66,8.0,0.72,18.0,0.3,0.4,0.3,0.3,4.6,9.4,5.4,8.0,4.8,18.0,0.3,0.4,0.3,-44.6,-4.7,7.4,-12.1,9.0,26.6,16.0,0.2,0.4,0.4,-4.0,13.0,44.7,16.1,9.0,27.4,16.0,0.2,0.4,0.4,-42.6,-4.9,22.9,-12.8,8.0,37.9,18.0,0.3,0.4,0.3,-9.2,24.4,45.9,21.6,8.0,24.9,18.0,0.3,0.4,0.3,-5.5,0.1,2.6,-1.3,8.0,5.4,18.0,0.3,0.4,0.3,-0.8,2.2,6.9,2.7,8.0,4.0,18.0,0.3,0.4,0.3,97.5,1643.0,2336.0,1995.0,9.0,2710.0,16.0,0.2,0.4,0.4,95.0,1645.0,2335.0,1995.0,9.0,2710.0,16.0,0.2,0.4,0.4
1974,2,167.0,51.0,1.49,2.75,4.0,2.71,12.0,1.67,12.0,0.3,0.3,0.5,0.0,3.0,3.78,2.33,13.0,1.68,12.0,0.2,0.3,0.5,2.98,3.91,4.41,3.75,13.0,0.92,12.0,0.2,0.3,0.5,66.5,86.7,93.9,82.1,13.0,16.8,12.0,0.2,0.5,5.5,8.2,11.35,8.05,13.0,3.94,12.0,0.2,0.3,0.5,-7.19,-4.95,0.2,-3.24,13.0,5.87,12.0,0.2,0.3,0.5,-4.84,0.0,8.99,1.88,13.0,6.02,12.0,0.2,0.3,0.5,983.76,1002.8,1012.55,1000.1,13.0,13.03,12.0,0.2,0.3,0.5,3.0,7.0,8.0,6.0,12.0,2.3,12.0,0.3,0.3,0.5,-59.0,-33.8,2.3,-18.2,13.0,74.7,12.0,0.2,0.3,0.5,-31.0,0.0,101.5,26.1,13.0,65.1,12.0,0.2,0.3,0.5,-1.25,0.0,2.93,0.35,12.0,1.9,12.0,0.3,0.3,0.5,-8.6,0.0,17.4,1.1,12.0,15.1,12.0,0.3,0.3,0.5,0.0,0.41,1.75,0.86,12.0,1.16,12.0,0.3,0.3,0.5,0.0,2.0,12.5,5.3,12.0,7.8,12.0,0.3,0.3,0.5,-28.3,-10.3,0.4,-9.6,13.0,14.1,12.0,0.2,0.3,0.5,-10.6,0.0,18.9,4.7,13.0,15.4,12.0,0.2,0.3,0.5,-29.3,-15.6,0.8,-13.6,13.0,22.1,12.0,0.2,0.3,0.5,-11.6,0.0,28.5,7.0,13.0,22.9,12.0,0.2,0.3,0.5,-5.3,-0.7,0.4,-1.5,12.0,7.0,12.0,0.3,0.3,0.5,-0.4,0.0,3.1,0.1,12.0,6.2,12.0,0.3,0.3,0.5,172.0,551.5,1462.0,859.0,13.0,994.5,12.0,0.2,0.3,0.5,170.0,550.0,1460.0,860.0,13.0,995.0,12.0,0.2,0.3,0.5
1974,2,167.0,52.0,3.74,4.0,4.52,4.13,4.0,0.63,16.0,1.0,0.4,0.5,0.19,1.75,2.0,1.13,4.0,1.44,16.0,1.0,0.4,0.5,3.28,4.19,4.32,3.81,3.0,0.82,14.0,1.0,0.5,0.4,85.0,93.1,97.8,91.5,3.0,9.5,14.0,1.0,0.4,7.15,11.3,15.76,11.45,4.0,5.09,16.0,1.0,0.4,0.5,-15.23,-11.05,-3.67,-9.52,4.0,7.29,16.0,1.0,0.4,0.5,-4.58,-1.4,3.05,-0.8,4.0,5.08,16.0,1.0,0.4,0.5,995.38,1009.75,1013.54,1004.7,4.0,14.81,16.0,1.0,0.4,0.5,5.6,7.0,7.7,6.7,3.0,1.5,18.0,1.0,0.5,0.4,-241.0,-135.3,-30.1,-135.5,4.0,125.5,16.0,1.0,0.4,0.5,-31.1,-11.5,51.8,9.4,4.0,61.7,16.0,1.0,0.4,0.5,1.74,2.75,4.29,3.0,4.0,1.58,16.0,1.0,0.4,0.5,27.0,28.8,30.0,28.5,4.0,2.3,16.0,1.0,0.4,0.5,0.65,1.0,1.81,1.23,3.0,0.87,14.0,1.0,0.5,0.4,10.0,13.6,14.1,12.1,3.0,3.3,14.0,1.0,0.5,0.4,-30.4,-20.2,-5.5,-18.1,4.0,15.0,16.0,1.0,0.4,0.5,-2.2,3.1,9.0,3.4,4.0,7.0,16.0,1.0,0.4,0.5,-66.8,-60.3,-19.1,-43.4,3.0,37.9,14.0,1.0,0.5,0.4,-12.1,0.0,17.4,2.6,3.0,21.7,14.0,1.0,0.5,0.4,-12.3,-7.9,-2.5,-7.4,3.0,7.2,14.0,1.0,0.5,0.4,-9.3,0.0,2.0,-3.6,3.0,8.8,14.0,1.0,0.5,0.4,387.5,1768.5,3995.5,2172.0,4.0,2201.5,16.0,1.0,0.4,0.5,385.0,1770.0,3995.0,2170.0,4.0,2200.0,16.0,1.0,0.4,0.5
1974,2,167.0,53.0,,,,,,,,,,,,,,,,,,,,,,,,,,,,,,,,,,,,,,,,7.49,12.4,18.67,13.26,8.0,5.99,16.0,0.1,0.6,0.4,-13.76,-10.38,-5.88,-10.15,8.0,5.29,16.0,0.1,0.6,0.4,-7.42,-1.06,7.05,0.81,8.0,9.51,16.0,0.1,0.6,0.4,993.65,1010.7,1018.02,1008.12,9.0,14.11,16.0,0.1,0.6,0.4,,,,,,,,,,,,,,,,,,,,,,,,,,,,,,,,,,,,,,,,,,,,,,,,,,,,,,,,,,,,,,,,,,,,,,,,,,,,,,,,,,,,,,,,,,,,,,,,,,,,,,,,,,,,,,,,,,,,,,,,,,,,,,,,,,,,,,,,,,,,,,,,,,,,,,
1974,2,167.0,54.0,,,,,,,,,,,,,,,,,,,,,,,,,,,,,,,,,,,,,,,,10.79,12.5,14.21,12.5,2.0,3.54,20.0,0.5,0.3,0.5,-12.15,-6.52,-0.88,-6.52,2.0,11.67,20.0,0.5,0.3,0.5,3.75,6.23,8.7,6.23,2.0,5.12,20.0,0.5,0.3,0.5,1018.3,1018.3,1018.3,1018.3,1.0,0.0,22.0,1.0,0.0,0.7,,,,,,,,,,,,,,,,,,,,,,,,,,,,,,,,,,,,,,,,,,,,,,,,,,,,,,,,,,,,,,,,,,,,,,,,,,,,,,,,,,,,,,,,,,,,,,,,,,,,,,,,,,,,,,,,,,,,,,,,,,,,,,,,,,,,,,,,,,,,,,,,,,,,,,
1974,2,167.0,55.0,,,,,,,,,,,,,,,,,,,,,,,,,,,,,,,,,,,,,,,,3.64,6.95,10.26,6.95,2.0,6.86,16.0,0.5,0.9,0.5,1.62,5.11,8.6,5.11,2.0,7.23,16.0,0.5,0.9,0.5,2.7,4.0,5.3,4.0,2.0,2.69,16.0,0.5,0.9,0.5,1008.01,1008.25,1008.49,1008.25,2.0,0.5,16.0,0.5,0.9,0.5,,,,,,,,,,,,,,,,,,,,,,,,,,,,,,,,,,,,,,,,,,,,,,,,,,,,,,,,,,,,,,,,,,,,,,,,,,,,,,,,,,,,,,,,,,,,,,,,,,,,,,,,,,,,,,,,,,,,,,,,,,,,,,,,,,,,,,,,,,,,,,,,,,,,,,
1974,2,167.0,56.0,,,,,,,,,,,,,,,,,,,,,,,,,,,,,,,,,,,,,,,,5.39,6.0,7.5,6.43,3.0,1.59,8.0,0.3,0.4,0.3,-3.45,-2.05,1.59,-0.96,3.0,3.81,8.0,0.3,0.4,0.3,-6.64,-5.64,-4.46,-5.55,3.0,1.6,8.0,0.3,0.4,0.3,1011.28,1015.1,1025.2,1018.17,3.0,10.54,8.0,0.3,0.4,0.3,,,,,,,,,,,,,,,,,,,,,,,,,,,,,,,,,,,,,,,,,,,,,,,,,,,,,,,,,,,,,,,,,,,,,,,,,,,,,,,,,,,,,,,,,,,,,,,,,,,,,,,,,,,,,,,,,,,,,,,,,,,,,,,,,,,,,,,,,,,,,,,,,,,,,,
1974,2,168.0,-77.0,-0.12,0.3,0.3,0.1,4.0,0.4,10.0,1.0,0.4,0.5,-5.21,-3.8,-2.18,-3.7,4.0,2.29,10.0,1.0,0.4,0.5,2.22,2.62,2.84,2.54,4.0,0.4,10.0,1.0,0.4,0.5,80.6,83.2,89.3,84.9,4.0,6.1,10.0,1.0,0.5,3.6,4.1,8.63,6.03,4.0,4.21,10.0,1.0,0.4,0.5,-4.99,1.52,3.12,-0.82,4.0,6.69,10.0,1.0,0.4,0.5,-2.38,0.9,4.83,1.21,4.0,4.31,10.0,1.0,0.4,0.5,975.57,982.55,985.81,980.78,4.0,7.73,10.0,1.0,0.4,0.5,3.9,6.5,7.0,5.5,4.0,2.4,10.0,1.0,0.4,0.5,-66.5,5.5,13.5,-25.1,4.0,71.0,10.0,1.0,0.4,0.5,-9.3,2.5,45.4,17.3,4.0,40.2,10.0,1.0,0.4,0.5,2.48,4.1,5.09,3.8,4.0,1.99,10.0,1.0,0.4,0.5,8.9,16.9,47.2,27.6,4.0,30.7,10.0,1.0,0.4,0.5,1.13,1.36,1.66,1.39,4.0,0.33,10.0,1.0,0.4,0.5,4.1,5.7,14.9,9.3,4.0,8.7,10.0,1.0,0.4,0.5,-12.0,-3.8,35.2,10.9,4.0,38.7,10.0,1.0,0.4,0.5,-21.9,1.7,9.0,-6.1,4.0,22.9,10.0,1.0,0.4,0.5,-9.5,4.3,8.0,-0.5,4.0,14.2,10.0,1.0,0.4,0.5,-6.4,3.0,11.1,2.4,4.0,10.2,10.0,1.0,0.4,0.5,-9.5,1.7,4.5,-2.3,4.0,11.5,10.0,1.0,0.4,0.5,-3.1,0.6,7.5,2.1,4.0,6.8,10.0,1.0,0.4,0.5,46.5,72.0,1021.5,513.0,4.0,899.0,10.0,1.0,0.4,0.5,45.0,70.0,1020.0,515.0,4.0,900.0,10.0,1.0,0.4,0.5
1974,2,168.0,-70.0,,,,,,,,,,,,,,,,,,,,,,,,,,,,,,,,,,,,,,,,,,,,,,,,,,,,,,,,,,,,,,,,,,,,,,,,,,,,,,,,7.0,7.0,7.0,7.0,1.0,0.0,10.0,1.0,0.7,0.9,10.6,10.6,10.6,10.6,1.0,0.0,10.0,1.0,0.7,0.9,-18.3,-18.3,-18.3,-18.3,1.0,0.0,10.0,1.0,0.7,0.9,,,,,,,,,,,,,,,,,,,,,,,,,,,,,,,,,,,,,,,,,,,,,,,,,,,,,,,,,,,,,,,,,,,,,,,,,,,,,,,,,,,,,,,,,,,,,,,,,,,,,,,,,,,,,,,,,,,,,,,,
1974,2,168.0,-69.0,-1.2,-1.2,-0.18,-0.7,3.0,0.87,6.0,0.7,0.3,0.3,-2.48,-2.0,-1.04,-1.77,3.0,1.07,6.0,0.7,0.3,0.3,2.2,2.2,2.2,2.2,1.0,0.0,10.0,1.0,0.4,0.1,67.9,67.9,67.9,67.9,1.0,0.0,10.0,1.0,0.1,2.95,5.0,5.82,4.4,3.0,2.16,6.0,0.7,0.3,0.3,-2.36,1.88,3.84,0.77,3.0,4.64,6.0,0.7,0.3,0.3,-2.94,-0.68,1.49,-0.72,3.0,3.24,6.0,0.7,0.3,0.3,974.73,987.9,989.67,982.33,3.0,11.96,6.0,0.7,0.3,0.3,5.0,7.0,7.7,6.3,3.0,2.1,6.0,0.7,0.3,0.3,-13.6,3.8,21.3,3.9,3.0,25.5,6.0,0.7,0.3,0.3,-17.3,-1.4,8.1,-4.5,3.0,18.8,6.0,0.7,0.3,0.3,-0.16,0.8,2.3,1.07,3.0,1.81,6.0,0.7,0.3,0.3,0.5,4.0,14.0,7.1,3.0,10.3,6.0,0.7,0.3,0.3,1.84,1.84,1.84,1.84,1.0,0.0,10.0,1.0,0.4,0.1,11.4,11.4,11.4,11.4,1.0,0.0,10.0,1.0,0.4,0.1,-9.1,-1.1,5.6,-1.8,3.0,10.8,6.0,0.7,0.3,0.3,-3.3,0.4,7.5,2.1,3.0,8.0,6.0,0.7,0.3,0.3,10.4,10.4,10.4,10.4,1.0,0.0,10.0,1.0,0.4,0.1,-8.8,-8.8,-8.8,-8.8,1.0,0.0,10.0,1.0,0.4,0.1,8.7,8.7,8.7,8.7,1.0,0.0,10.0,1.0,0.4,0.1,-7.3,-7.3,-7.3,-7.3,1.0,0.0,10.0,1.0,0.4,0.1,45.0,125.0,202.5,124.0,3.0,115.0,6.0,0.7,0.3,0.3,45.0,125.0,200.0,125.0,3.0,115.0,6.0,0.7,0.3,0.3
1974,2,168.0,-66.0,1.1,1.1,1.1,1.1,1.0,0.0,6.0,1.0,0.6,0.3,1.3,1.3,1.3,1.3,1.0,0.0,6.0,1.0,0.6,0.3,3.77,3.77,3.77,3.77,1.0,0.0,6.0,1.0,0.6,0.3,87.8,87.8,87.8,87.8,1.0,0.0,6.0,1.0,0.3,7.7,7.7,7.7,7.7,1.0,0.0,6.0,1.0,0.6,0.3,6.67,6.67,6.67,6.67,1.0,0.0,6.0,1.0,0.6,0.3,-3.85,-3.85,-3.85,-3.85,1.0,0.0,6.0,1.0,0.6,0.3,978.9,978.9,978.9,978.9,1.0,0.0,6.0,1.0,0.6,0.3,8.0,8.0,8.0,8.0,1.0,0.0,6.0,1.0,0.6,0.3,51.3,51.3,51.3,51.3,1.0,0.0,6.0,1.0,0.6,0.3,-29.6,-29.6,-29.6,-29.6,1.0,0.0,6.0,1.0,0.6,0.3,-0.2,-0.2,-0.2,-0.2,1.0,0.0,6.0,1.0,0.6,0.3,-1.5,-1.5,-1.5,-1.5,1.0,0.0,6.0,1.0,0.6,0.3,0.46,0.46,0.46,0.46,1.0,0.0,6.0,1.0,0.6,0.3,3.6,3.6,3.6,3.6,1.0,0.0,6.0,1.0,0.6,0.3,8.7,8.7,8.7,8.7,1.0,0.0,6.0,1.0,0.6,0.3,-5.0,-5.0,-5.0,-5.0,1.0,0.0,6.0,1.0,0.6,0.3,25.1,25.1,25.1,25.1,1.0,0.0,6.0,1.0,0.6,0.3,-14.5,-14.5,-14.5,-14.5,1.0,0.0,6.0,1.0,0.6,0.3,3.1,3.1,3.1,3.1,1.0,0.0,6.0,1.0,0.6,0.3,-1.8,-1.8,-1.8,-1.8,1.0,0.0,6.0,1.0,0.6,0.3,456.5,456.5,456.5,456.5,1.0,0.0,6.0,1.0,0.6,0.3,455.0,455.0,455.0,455.0,1.0,0.0,6.0,1.0,0.6,0.3
1974,2,168.0,-51.0,,,,,,,,,,,,,,,,,,,,,,,,,,,,,,,,,,,,,,,,20.1,20.1,20.1,20.1,1.0,0.0,22.0,0.0,0.2,1.0,-10.05,-10.05,-10.05,-10.05,1.0,0.0,22.0,0.0,0.2,1.0,-17.41,-17.41,-17.41,-17.41,1.0,0.0,22.0,0.0,0.2,1.0,1007.4,1007.4,1007.4,1007.4,1.0,0.0,22.0,0.0,0.2,1.0,,,,,,,,,,,,,,,,,,,,,,,,,,,,,,,,,,,,,,,,,,,,,,,,,,,,,,,,,,,,,,,,,,,,,,,,,,,,,,,,,,,,,,,,,,,,,,,,,,,,,,,,,,,,,,,,,,,,,,,,,,,,,,,,,,,,,,,,,,,,,,,,,,,,,,
1974,2,168.0,-41.0,18.44,19.4,20.36,19.4,2.0,1.98,16.0,1.0,0.2,0.8,19.8,20.0,20.2,20.0,2.0,0.42,16.0,1.0,0.2,0.8,12.44,12.49,12.54,12.49,2.0,0.1,16.0,1.0,0.2,0.8,84.7,86.4,88.0,86.4,2.0,3.4,16.0,1.0,0.8,2.07,3.3,4.53,3.3,2.0,2.55,16.0,1.0,0.2,0.8,-3.21,-1.7,-0.19,-1.7,2.0,3.13,16.0,1.0,0.2,0.8,-0.67,0.93,2.53,0.93,2.0,3.31,16.0,1.0,0.2,0.8,1014.56,1017.05,1019.54,1017.05,2.0,5.16,16.0,1.0,0.2,0.8,7.2,7.5,7.8,7.5,2.0,0.7,16.0,1.0,0.2,0.8,-16.6,-9.6,-2.5,-9.6,2.0,14.6,16.0,1.0,0.2,0.8,0.9,7.3,13.7,7.3,2.0,13.3,16.0,1.0,0.2,0.8,-1.35,-0.6,0.15,-0.6,2.0,1.56,16.0,1.0,0.2,0.8,-7.2,-4.0,-0.7,-4.0,2.0,6.7,16.0,1.0,0.2,0.8,0.59,1.51,2.44,1.51,2.0,1.91,16.0,1.0,0.2,0.8,1.4,2.6,3.7,2.6,2.0,2.5,16.0,1.0,0.2,0.8,-63.1,-33.3,-3.5,-33.3,2.0,61.8,16.0,1.0,0.2,0.8,-13.8,18.0,49.8,18.0,2.0,65.9,16.0,1.0,0.2,0.8,-40.3,-21.4,-2.4,-21.4,2.0,39.2,16.0,1.0,0.2,0.8,-8.2,11.8,31.9,11.8,2.0,41.5,16.0,1.0,0.2,0.8,-0.3,0.4,1.1,0.4,2.0,1.5,16.0,1.0,0.2,0.8,-3.3,-1.8,-0.2,-1.8,2.0,3.2,16.0,1.0,0.2,0.8,24.0,68.0,112.0,68.0,2.0,91.5,16.0,1.0,0.2,0.8,25.0,70.0,110.0,70.0,2.0,90.0,16.0,1.0,0.2,0.8
1974,2,168.0,-40.0,19.58,19.75,19.92,19.75,2.0,0.35,16.0,1.0,0.5,1.0,19.63,21.0,21.68,20.67,3.0,1.53,12.0,1.0,0.5,0.9,9.04,9.04,9.04,9.04,1.0,0.0,24.0,1.0,0.5,1.0,66.4,66.4,66.4,66.4,1.0,0.0,24.0,1.0,1.0,4.56,7.7,12.96,8.73,3.0,6.21,12.0,1.0,0.5,0.9,-5.43,-0.54,3.21,-1.1,3.0,6.34,12.0,1.0,0.5,0.9,-10.07,-3.05,3.06,-3.5,3.0,9.63,12.0,1.0,0.5,0.9,1002.17,1003.4,1010.43,1006.23,3.0,6.53,12.0,1.0,0.5,0.9,0.3,1.0,5.8,3.0,3.0,4.4,12.0,1.0,0.5,0.9,-81.5,-1.7,25.5,-27.4,3.0,81.4,12.0,1.0,0.5,0.9,-143.2,-9.5,28.0,-56.5,3.0,131.8,12.0,1.0,0.5,0.9,-1.1,-0.25,0.6,-0.25,2.0,1.77,16.0,1.0,0.5,1.0,-18.2,-7.7,2.8,-7.7,2.0,21.8,16.0,1.0,0.5,1.0,5.5,5.5,5.5,5.5,1.0,0.0,24.0,1.0,0.5,1.0,42.3,42.3,42.3,42.3,1.0,0.0,24.0,1.0,0.5,1.0,-114.1,-11.8,60.4,-26.5,3.0,128.5,12.0,1.0,0.5,0.9,-212.5,-67.2,55.2,-78.4,3.0,196.3,12.0,1.0,0.5,0.9,44.7,44.7,44.7,44.7,1.0,0.0,24.0,1.0,0.5,1.0,53.3,53.3,53.3,53.3,1.0,0.0,24.0,1.0,0.5,1.0,27.2,27.2,27.2,27.2,1.0,0.0,24.0,1.0,0.5,1.0,32.4,32.4,32.4,32.4,1.0,0.0,24.0,1.0,0.5,1.0,165.0,456.5,2638.0,1379.5,3.0,1980.0,12.0,1.0,0.5,0.9,165.0,455.0,2640.0,1380.0,3.0,1980.0,12.0,1.0,0.5,0.9
1974,2,168.0,-38.0,20.1,20.3,20.5,20.3,2.0,0.42,4.0,0.5,0.0,0.2,19.32,20.0,20.68,20.0,2.0,1.41,4.0,0.5,0.0,0.2,11.68,13.18,14.68,13.18,2.0,3.11,4.0,0.5,0.0,0.2,83.7,90.3,96.9,90.3,2.0,13.7,4.0,0.5,0.2,2.18,2.35,2.52,2.35,2.0,0.35,4.0,0.5,0.0,0.2,-1.24,-0.31,0.62,-0.31,2.0,1.92,4.0,0.5,0.0,0.2,-1.96,-1.91,-1.85,-1.91,2.0,0.12,4.0,0.5,0.0,0.2,1014.89,1016.8,1018.71,1016.8,2.0,3.96,4.0,0.5,0.0,0.2,3.5,4.5,5.5,4.5,2.0,2.1,4.0,0.5,0.0,0.2,-3.3,-1.1,1.2,-1.1,2.0,4.6,4.0,0.5,0.0,0.2,-5.0,-4.5,-4.0,-4.5,2.0,1.0,4.0,0.5,0.0,0.2,-0.18,0.3,0.78,0.3,2.0,0.99,4.0,0.5,0.0,0.2,-0.3,0.9,2.1,0.9,2.0,2.4,4.0,0.5,0.0,0.2,0.24,1.58,2.92,1.58,2.0,2.77,4.0,0.5,0.0,0.2,0.8,4.2,7.6,4.2,2.0,7.1,4.0,0.5,0.0,0.2,-23.2,-4.9,13.5,-4.9,2.0,38.0,4.0,0.5,0.0,0.2,-38.1,-38.0,-37.9,-38.0,2.0,0.2,4.0,0.5,0.0,0.2,-12.9,-1.1,10.7,-1.1,2.0,24.4,4.0,0.5,0.0,0.2,-27.0,-24.9,-22.8,-24.9,2.0,4.3,4.0,0.5,0.0,0.2,-5.0,-3.2,-1.3,-3.2,2.0,3.9,4.0,0.5,0.0,0.2,-5.8,-3.2,-0.5,-3.2,2.0,5.5,4.0,0.5,0.0,0.2,10.5,13.5,16.5,13.5,2.0,6.0,4.0,0.5,0.0,0.2,10.0,15.0,15.0,15.0,2.0,5.0,4.0,0.5,0.0,0.2
1974,2,168.0,-37.0,22.0,22.0,22.0,22.0,1.0,0.0,26.0,1.0,0.1,0.8,22.0,22.0,22.0,22.0,1.0,0.0,26.0,1.0,0.1,0.8,8.79,8.79,8.79,8.79,1.0,0.0,26.0,1.0,0.1,0.8,54.1,54.1,54.1,54.1,1.0,0.0,26.0,1.0,0.8,4.6,4.6,4.6,4.6,1.0,0.0,26.0,1.0,0.1,0.8,-3.52,-3.52,-3.52,-3.52,1.0,0.0,26.0,1.0,0.1,0.8,2.96,2.96,2.96,2.96,1.0,0.0,26.0,1.0,0.1,0.8,1021.8,1021.8,1021.8,1021.8,1.0,0.0,26.0,1.0,0.1,0.8,5.0,5.0,5.0,5.0,1.0,0.0,26.0,1.0,0.1,0.8,-16.2,-16.2,-16.2,-16.2,1.0,0.0,26.0,1.0,0.1,0.8,13.6,13.6,13.6,13.6,1.0,0.0,26.0,1.0,0.1,0.8,0.0,0.0,0.0,0.0,1.0,0.0,26.0,1.0,0.1,0.8,0.0,0.0,0.0,0.0,1.0,0.0,26.0,1.0,0.1,0.8,7.54,7.54,7.54,7.54,1.0,0.0,26.0,1.0,0.1,0.8,34.7,34.7,34.7,34.7,1.0,0.0,26.0,1.0,0.1,0.8,-77.5,-77.5,-77.5,-77.5,1.0,0.0,26.0,1.0,0.1,0.8,65.1,65.1,65.1,65.1,1.0,0.0,26.0,1.0,0.1,0.8,-31.0,-31.0,-31.0,-31.0,1.0,0.0,26.0,1.0,0.1,0.8,26.0,26.0,26.0,26.0,1.0,0.0,26.0,1.0,0.1,0.8,-26.6,-26.6,-26.6,-26.6,1.0,0.0,26.0,1.0,0.1,0.8,22.3,22.3,22.3,22.3,1.0,0.0,26.0,1.0,0.1,0.8,97.5,97.5,97.5,97.5,1.0,0.0,26.0,1.0,0.1,0.8,95.0,95.0,95.0,95.0,1.0,0.0,26.0,1.0,0.1,0.8
1974,2,168.0,-36.0,21.39,21.5,22.87,22.0,5.0,0.83,22.0,0.6,0.4,0.7,20.16,21.5,22.76,21.48,6.0,1.28,20.0,0.5,0.3,0.8,10.96,12.04,15.23,12.86,5.0,2.28,22.0,0.6,0.4,0.7,74.9,77.9,88.1,80.6,5.0,7.2,22.0,0.6,0.7,7.39,9.3,9.51,8.68,6.0,1.48,20.0,0.5,0.3,0.8,-7.06,-2.13,3.9,-1.63,6.0,5.83,20.0,0.5,0.3,0.8,-6.65,0.33,8.07,0.41,6.0,7.43,20.0,0.5,0.3,0.8,1012.04,1013.65,1015.18,1013.92,6.0,2.16,20.0,0.5,0.3,0.8,2.8,6.5,8.0,5.7,6.0,2.7,20.0,0.5,0.3,0.8,-70.9,-18.1,34.1,-17.5,6.0,52.6,20.0,0.5,0.3,0.8,-46.8,0.0,81.3,7.2,6.0,67.4,20.0,0.5,0.3,0.8,-0.48,1.2,1.56,0.62,5.0,1.37,22.0,0.6,0.4,0.7,-2.8,10.0,14.6,6.5,5.0,10.9,22.0,0.6,0.4,0.7,1.57,4.76,5.27,3.62,5.0,2.18,22.0,0.6,0.4,0.7,14.1,36.6,51.8,32.8,5.0,21.2,22.0,0.6,0.4,0.7,-146.0,-47.4,80.8,-37.3,6.0,123.8,20.0,0.5,0.3,0.8,-151.1,2.8,163.1,2.4,6.0,159.1,20.0,0.5,0.3,0.8,-92.3,-16.7,51.7,-21.0,5.0,82.7,22.0,0.6,0.4,0.7,-65.0,43.2,91.0,17.8,5.0,85.8,22.0,0.6,0.4,0.7,-24.7,-0.5,22.7,-0.9,5.0,26.6,22.0,0.6,0.4,0.7,-4.4,18.3,43.3,19.4,5.0,24.8,22.0,0.6,0.4,0.7,411.5,804.5,864.0,700.0,6.0,303.0,20.0,0.5,0.3,0.8,410.0,805.0,865.0,700.0,6.0,305.0,20.0,0.5,0.3,0.8
1974,2,168.0,-35.0,20.29,22.0,23.55,21.94,11.0,1.6,16.0,0.5,0.3,0.7,20.95,21.75,22.7,21.73,12.0,1.0,16.0,0.5,0.3,0.7,12.37,15.34,15.78,14.44,11.0,1.9,16.0,0.5,0.3,0.7,79.0,88.5,100.0,88.7,11.0,9.4,16.0,0.5,0.7,3.6,6.2,9.35,6.65,13.0,3.29,16.0,0.5,0.4,0.7,-5.36,-1.57,-0.57,-2.64,13.0,4.15,16.0,0.5,0.4,0.7,-7.21,-2.44,4.93,-0.77,13.0,5.78,16.0,0.5,0.4,0.7,1011.16,1012.6,1021.4,1014.5,13.0,4.65,16.0,0.5,0.4,0.7,4.2,7.0,8.0,6.3,12.0,2.4,14.0,0.5,0.4,0.7,-46.1,-7.2,-2.0,-24.4,13.0,50.3,16.0,0.5,0.4,0.7,-67.1,-6.4,29.8,-10.8,13.0,54.0,16.0,0.5,0.4,0.7,-1.69,0.0,2.39,0.19,10.0,2.03,16.0,0.5,0.3,0.7,-10.3,0.0,10.5,0.0,10.0,11.9,16.0,0.5,0.3,0.7,0.22,1.98,4.27,2.25,10.0,2.13,16.0,0.5,0.3,0.7,-0.4,17.3,22.5,13.9,10.0,12.0,16.0,0.5,0.3,0.7,-122.4,-35.9,-10.4,-61.0,12.0,97.1,16.0,0.5,0.3,0.7,-164.1,-4.0,110.9,-17.0,12.0,131.9,16.0,0.5,0.3,0.7,-93.8,-23.4,-5.4,-37.3,11.0,71.5,16.0,0.5,0.3,0.7,-106.1,-52.6,67.3,-19.7,11.0,88.7,16.0,0.5,0.3,0.7,-12.5,-5.3,-0.4,-6.4,10.0,6.3,16.0,0.5,0.3,0.7,-14.6,4.3,17.7,3.8,10.0,16.1,16.0,0.5,0.3,0.7,46.5,238.5,817.5,524.0,13.0,806.5,16.0,0.5,0.4,0.7,45.0,240.0,815.0,525.0,13.0,805.0,16.0,0.5,0.4,0.7
1974,2,168.0,-34.0,22.5,22.5,22.5,22.5,1.0,0.0,14.0,1.0,0.3,0.7,26.0,26.0,26.0,26.0,1.0,0.0,14.0,1.0,0.3,0.7,17.45,17.45,17.45,17.45,1.0,0.0,14.0,1.0,0.3,0.7,83.6,83.6,83.6,83.6,1.0,0.0,14.0,1.0,0.7,4.6,4.6,4.6,4.6,1.0,0.0,14.0,1.0,0.3,0.7,-1.57,-1.57,-1.57,-1.57,1.0,0.0,14.0,1.0,0.3,0.7,-4.32,-4.32,-4.32,-4.32,1.0,0.0,14.0,1.0,0.3,0.7,1016.2,1016.2,1016.2,1016.2,1.0,0.0,14.0,1.0,0.3,0.7,8.0,8.0,8.0,8.0,1.0,0.0,14.0,1.0,0.3,0.7,-7.2,-7.2,-7.2,-7.2,1.0,0.0,14.0,1.0,0.3,0.7,-19.9,-19.9,-19.9,-19.9,1.0,0.0,14.0,1.0,0.3,0.7,-3.5,-3.5,-3.5,-3.5,1.0,0.0,14.0,1.0,0.3,0.7,-16.1,-16.1,-16.1,-16.1,1.0,0.0,14.0,1.0,0.3,0.7,-0.53,-0.53,-0.53,-0.53,1.0,0.0,14.0,1.0,0.3,0.7,-2.4,-2.4,-2.4,-2.4,1.0,0.0,14.0,1.0,0.3,0.7,-40.9,-40.9,-40.9,-40.9,1.0,0.0,14.0,1.0,0.3,0.7,-112.4,-112.4,-112.4,-112.4,1.0,0.0,14.0,1.0,0.3,0.7,-27.5,-27.5,-27.5,-27.5,1.0,0.0,14.0,1.0,0.3,0.7,-75.5,-75.5,-75.5,-75.5,1.0,0.0,14.0,1.0,0.3,0.7,0.8,0.8,0.8,0.8,1.0,0.0,14.0,1.0,0.3,0.7,2.3,2.3,2.3,2.3,1.0,0.0,14.0,1.0,0.3,0.7,97.5,97.5,97.5,97.5,1.0,0.0,14.0,1.0,0.3,0.7,95.0,95.0,95.0,95.0,1.0,0.0,14.0,1.0,0.3,0.7
1974,2,168.0,-33.0,20.63,22.0,22.82,21.73,3.0,1.62,6.0,0.0,0.7,0.9,22.8,23.0,23.14,22.97,3.0,0.25,6.0,0.0,0.7,0.9,15.32,15.5,15.5,15.41,3.0,0.15,6.0,0.0,0.7,0.9,88.1,88.5,88.9,88.5,3.0,0.5,6.0,0.0,0.9,5.27,6.7,10.52,7.87,3.0,3.98,6.0,0.0,0.7,0.9,-4.48,-4.21,-3.62,-4.05,3.0,0.64,6.0,0.0,0.7,0.9,-9.73,-5.8,-1.84,-5.79,3.0,5.78,6.0,0.0,0.7,0.9,1013.16,1016.5,1017.52,1015.37,3.0,3.35,6.0,0.0,0.7,0.9,6.3,7.0,7.7,7.0,3.0,1.0,6.0,0.0,0.7,0.9,-42.4,-22.4,-21.6,-31.8,3.0,17.3,6.0,0.0,0.7,0.9,-109.4,-38.9,-12.3,-60.3,3.0,73.5,6.0,0.0,0.7,0.9,-2.27,-0.7,-0.22,-1.23,3.0,1.57,6.0,0.0,0.7,0.9,-26.2,-3.2,-1.0,-13.4,3.0,20.4,6.0,0.0,0.7,0.9,-0.27,1.18,1.83,0.79,3.0,1.57,6.0,0.0,0.7,0.9,-6.1,5.4,11.5,2.7,3.0,13.1,6.0,0.0,0.7,0.9,-102.0,-96.8,-83.8,-93.0,3.0,13.7,6.0,0.0,0.7,0.9,-224.2,-134.6,-42.7,-133.5,3.0,132.9,6.0,0.0,0.7,0.9,-68.5,-65.2,-56.1,-62.4,3.0,9.4,6.0,0.0,0.7,0.9,-150.8,-89.9,-28.5,-89.7,3.0,89.6,6.0,0.0,0.7,0.9,-6.6,-5.4,1.0,-2.9,3.0,6.0,6.0,0.0,0.7,0.9,-8.5,0.0,7.4,-0.5,3.0,11.6,6.0,0.0,0.7,0.9,162.0,301.0,1365.5,753.0,3.0,965.0,6.0,0.0,0.7,0.9,160.0,300.0,1365.0,755.0,3.0,965.0,6.0,0.0,0.7,0.9
1974,2,168.0,-32.0,23.0,24.0,25.52,24.25,4.0,1.5,6.0,0.8,0.6,0.5,22.0,23.5,25.26,23.63,4.0,1.89,6.0,0.8,0.6,0.5,13.48,14.6,16.05,14.76,4.0,1.55,6.0,0.8,0.6,0.5,71.7,80.8,92.0,81.8,4.0,14.2,6.0,0.8,0.5,5.12,8.0,10.3,7.73,4.0,3.01,6.0,0.8,0.6,0.5,-8.83,-6.8,-4.98,-6.9,4.0,2.37,6.0,0.8,0.6,0.5,-0.82,1.76,5.15,2.14,4.0,3.67,6.0,0.8,0.6,0.5,1006.26,1010.55,1016.25,1011.23,4.0,5.99,6.0,0.8,0.6,0.5,4.9,7.0,7.5,6.3,4.0,2.2,6.0,0.8,0.6,0.5,-90.9,-56.9,-25.9,-58.3,4.0,38.2,6.0,0.8,0.6,0.5,-3.8,18.1,53.0,24.3,4.0,34.9,6.0,0.8,0.6,0.5,-1.31,0.5,2.57,0.63,4.0,2.69,6.0,0.8,0.6,0.5,-6.0,5.2,26.5,10.0,4.0,22.6,6.0,0.8,0.6,0.5,4.02,4.23,4.44,4.23,4.0,0.29,6.0,0.8,0.6,0.5,21.7,32.2,43.7,32.7,4.0,13.0,6.0,0.8,0.6,0.5,-194.2,-158.0,-125.6,-159.8,4.0,43.9,6.0,0.8,0.6,0.5,-21.0,38.8,113.2,45.8,4.0,82.6,6.0,0.8,0.6,0.5,-132.0,-109.5,-72.0,-102.3,4.0,36.5,6.0,0.8,0.6,0.5,-10.9,24.2,80.6,34.3,4.0,58.1,6.0,0.8,0.6,0.5,-36.8,-30.3,-21.1,-29.0,4.0,9.4,6.0,0.8,0.6,0.5,-3.4,6.8,22.4,9.3,4.0,16.3,6.0,0.8,0.6,0.5,139.0,639.0,1092.5,617.0,4.0,550.5,6.0,0.8,0.6,0.5,140.0,640.0,1095.0,615.0,4.0,550.0,6.0,0.8,0.6,0.5
1974,2,168.0,-31.0,23.32,24.0,24.68,24.0,2.0,1.41,10.0,0.0,0.6,0.7,22.91,24.0,24.68,23.8,3.0,1.31,16.0,0.3,0.4,0.8,16.02,17.03,18.04,17.03,2.0,2.09,10.0,0.0,0.6,0.7,92.2,93.0,93.8,93.0,2.0,1.7,10.0,0.0,0.7,5.9,8.7,9.79,7.87,3.0,2.94,16.0,0.3,0.4,0.8,-8.3,-4.32,-0.34,-4.32,3.0,5.83,16.0,0.3,0.4,0.8,-0.72,1.57,6.35,2.78,3.0,5.28,16.0,0.3,0.4,0.8,1010.63,1015.2,1017.59,1014.13,3.0,5.18,16.0,0.3,0.4,0.8,2.6,6.0,7.4,5.0,3.0,3.6,16.0,0.3,0.4,0.8,-77.6,-19.9,2.7,-37.1,3.0,60.7,16.0,0.3,0.4,0.8,-10.3,7.2,53.2,21.1,3.0,48.0,16.0,0.3,0.4,0.8,0.1,0.3,0.5,0.3,2.0,0.42,10.0,0.0,0.6,0.7,1.0,3.1,5.2,3.1,2.0,4.4,10.0,0.0,0.6,0.7,1.3,1.6,1.9,1.6,2.0,0.63,10.0,0.0,0.6,0.7,7.8,13.2,18.5,13.2,2.0,11.1,10.0,0.0,0.6,0.7,-189.4,-108.1,-9.6,-99.7,3.0,131.9,16.0,0.3,0.4,0.8,-14.9,39.3,152.8,68.3,3.0,125.4,16.0,0.3,0.4,0.8,-145.4,-118.9,-92.3,-118.9,2.0,54.9,10.0,0.0,0.6,0.7,-18.8,0.7,20.1,0.7,2.0,40.3,10.0,0.0,0.6,0.7,-18.2,-12.9,-7.5,-12.9,2.0,11.1,10.0,0.0,0.6,0.7,-2.8,-0.9,1.0,-0.9,2.0,3.9,10.0,0.0,0.6,0.7,275.5,658.5,955.0,616.0,3.0,499.0,16.0,0.3,0.4,0.8,275.0,660.0,955.0,615.0,3.0,500.0,16.0,0.3,0.4,0.8
1974,2,168.0,-30.0,21.9,24.3,25.36,23.7,5.0,2.42,14.0,0.2,0.4,0.5,21.86,23.5,23.68,22.7,5.0,2.08,14.0,0.2,0.4,0.5,13.4,16.43,17.18,15.19,5.0,3.36,14.0,0.2,0.4,0.5,79.7,88.0,95.1,86.6,5.0,11.1,14.0,0.2,0.5,4.73,7.2,8.65,6.88,5.0,2.42,14.0,0.2,0.4,0.5,-6.47,-4.04,0.7,-3.03,5.0,5.32,14.0,0.2,0.4,0.5,-4.25,0.71,5.2,0.47,5.0,5.0,14.0,0.2,0.4,0.5,1004.06,1009.0,1014.5,1009.06,5.0,6.07,14.0,0.2,0.4,0.5,2.3,7.0,8.0,5.4,5.0,3.2,14.0,0.2,0.4,0.5,-57.6,-16.6,8.3,-24.1,5.0,49.9,14.0,0.2,0.4,0.5,-37.5,2.9,32.1,-0.6,5.0,37.3,14.0,0.2,0.4,0.5,0.14,1.0,1.86,1.0,5.0,1.42,14.0,0.2,0.4,0.5,-1.2,4.9,12.8,5.6,5.0,11.4,14.0,0.2,0.4,0.5,1.9,3.42,4.7,3.31,5.0,1.63,14.0,0.2,0.4,0.5,11.0,17.5,34.8,22.2,5.0,13.3,14.0,0.2,0.4,0.5,-153.9,-94.9,8.3,-76.6,5.0,118.3,14.0,0.2,0.4,0.5,-101.0,16.7,112.3,5.5,5.0,111.0,14.0,0.2,0.4,0.5,-109.3,-68.8,-0.7,-58.0,5.0,75.1,14.0,0.2,0.4,0.5,-71.8,12.1,62.3,-2.3,5.0,73.2,14.0,0.2,0.4,0.5,-14.5,-9.4,5.7,-4.1,5.0,17.7,14.0,0.2,0.4,0.5,-11.4,1.7,21.7,4.2,5.0,20.9,14.0,0.2,0.4,0.5,109.5,373.0,689.0,425.0,5.0,407.0,14.0,0.2,0.4,0.5,110.0,375.0,690.0,425.0,5.0,405.0,14.0,0.2,0.4,0.5
1974,2,168.0,-29.0,23.66,24.0,24.34,24.0,3.0,0.5,18.0,0.3,0.2,0.4,24.63,26.0,26.34,25.5,3.0,1.32,18.0,0.3,0.2,0.4,16.41,17.81,19.95,18.17,3.0,2.61,18.0,0.3,0.2,0.4,84.4,84.6,93.1,88.7,3.0,7.3,18.0,0.3,0.4,8.53,10.3,10.64,9.6,3.0,1.66,18.0,0.3,0.2,0.4,-10.15,-10.14,-8.16,-9.18,3.0,1.68,18.0,0.3,0.2,0.4,-3.09,-1.79,1.23,-0.95,3.0,3.25,18.0,0.3,0.2,0.4,1007.66,1008.0,1013.46,1010.5,3.0,4.77,18.0,0.3,0.2,0.4,3.6,5.0,6.4,5.0,3.0,2.0,18.0,0.3,0.2,0.4,-108.0,-104.5,-71.2,-89.9,3.0,29.7,18.0,0.3,0.2,0.4,-33.1,-18.4,8.0,-12.7,3.0,30.5,18.0,0.3,0.2,0.4,-2.52,-1.5,-0.48,-1.5,3.0,1.5,18.0,0.3,0.2,0.4,-20.7,-15.4,-4.9,-12.8,3.0,11.8,18.0,0.3,0.2,0.4,-1.54,1.47,2.48,0.49,3.0,3.07,18.0,0.3,0.2,0.4,-10.7,15.1,26.6,8.1,3.0,27.9,18.0,0.3,0.2,0.4,-257.3,-243.6,-208.2,-233.0,3.0,37.1,18.0,0.3,0.2,0.4,-75.3,-46.5,32.9,-21.8,3.0,82.1,18.0,0.3,0.2,0.4,-174.1,-159.9,-154.2,-164.0,3.0,15.0,18.0,0.3,0.2,0.4,-49.8,-31.9,27.5,-11.6,3.0,59.3,18.0,0.3,0.2,0.4,-25.2,-14.9,9.8,-7.9,3.0,26.4,18.0,0.3,0.2,0.4,-9.9,-7.7,-4.2,-7.1,3.0,4.2,18.0,0.3,0.2,0.4,658.5,1092.5,1206.5,936.5,3.0,424.0,18.0,0.3,0.2,0.4,660.0,1095.0,1205.0,935.0,3.0,425.0,18.0,0.3,0.2,0.4
1974,2,168.0,-28.0,24.43,25.35,26.43,25.43,4.0,1.28,14.0,0.5,0.6,0.7,23.0,25.0,26.0,24.53,4.0,1.87,14.0,0.5,0.6,0.7,15.47,17.5,18.82,17.16,4.0,2.42,14.0,0.5,0.6,0.7,84.6,88.5,93.1,88.8,4.0,5.0,14.0,0.5,0.7,4.55,6.7,9.95,7.23,4.0,4.25,14.0,0.5,0.6,0.7,-9.49,-5.45,-2.73,-6.08,4.0,4.57,14.0,0.5,0.6,0.7,-3.24,0.54,3.38,0.09,4.0,4.17,14.0,0.5,0.6,0.7,1010.16,1013.45,1014.54,1012.4,4.0,3.45,14.0,0.5,0.6,0.7,4.4,6.5,7.0,5.8,4.0,1.9,14.0,0.5,0.6,0.7,-103.0,-36.5,-15.5,-58.2,4.0,67.6,14.0,0.5,0.6,0.7,-21.7,-1.0,32.6,5.1,4.0,38.3,14.0,0.5,0.6,0.7,-0.1,0.5,1.94,0.9,4.0,1.37,14.0,0.5,0.6,0.7,-1.4,1.3,11.1,4.7,4.0,9.6,14.0,0.5,0.6,0.7,2.0,2.72,4.39,3.18,4.0,1.8,14.0,0.5,0.6,0.7,8.3,23.9,38.0,23.2,4.0,17.2,14.0,0.5,0.6,0.7,-234.5,-124.6,-66.9,-149.5,4.0,119.7,14.0,0.5,0.6,0.7,-76.8,16.4,88.0,6.1,4.0,103.7,14.0,0.5,0.6,0.7,-156.9,-82.9,-48.7,-101.9,4.0,81.1,14.0,0.5,0.6,0.7,-53.9,14.1,62.3,4.7,4.0,73.3,14.0,0.5,0.6,0.7,-36.7,-21.0,-4.9,-20.8,4.0,18.4,14.0,0.5,0.6,0.7,-7.3,-0.5,9.4,1.0,4.0,10.0,14.0,0.5,0.6,0.7,152.5,301.0,1268.0,691.5,4.0,979.5,14.0,0.5,0.6,0.7,150.0,300.0,1270.0,690.0,4.0,980.0,14.0,0.5,0.6,0.7
1974,2,168.0,-27.0,24.48,25.3,25.7,25.1,4.0,0.81,4.0,0.5,0.5,0.7,25.14,25.4,26.5,25.8,4.0,1.09,4.0,0.5,0.5,0.7,18.08,18.14,18.42,18.25,4.0,0.26,4.0,0.5,0.5,0.7,84.3,90.6,91.7,88.1,4.0,5.9,4.0,0.5,0.7,4.84,7.2,10.35,7.58,4.0,3.26,4.0,0.5,0.5,0.7,-10.28,-6.34,-3.01,-6.63,4.0,4.26,4.0,0.5,0.5,0.7,-3.72,-2.29,-0.77,-2.25,4.0,1.89,4.0,0.5,0.5,0.7,1011.21,1012.0,1012.0,1011.63,4.0,0.75,4.0,0.5,0.5,0.7,4.9,7.5,8.0,6.5,4.0,2.4,4.0,0.5,0.5,0.7,-107.4,-50.7,-14.5,-60.5,4.0,55.8,4.0,0.5,0.5,0.7,-19.0,-14.3,-6.5,-12.8,4.0,9.4,4.0,0.5,0.5,0.7,-1.73,-0.35,0.3,-0.7,4.0,1.29,4.0,0.5,0.5,0.7,-16.4,-1.5,2.2,-6.8,4.0,13.9,4.0,0.5,0.5,0.7,1.06,1.93,2.31,1.69,4.0,0.88,4.0,0.5,0.5,0.7,6.3,15.2,21.2,13.8,4.0,9.3,4.0,0.5,0.5,0.7,-272.5,-159.9,-76.0,-173.6,4.0,116.9,4.0,0.5,0.5,0.7,-94.2,-57.4,-19.5,-56.9,4.0,47.9,4.0,0.5,0.5,0.7,-185.9,-114.9,-55.4,-120.4,4.0,76.5,4.0,0.5,0.5,0.7,-68.7,-41.5,-13.9,-41.3,4.0,35.1,4.0,0.5,0.5,0.7,-21.1,-12.5,-3.4,-12.3,4.0,10.3,4.0,0.5,0.5,0.7,-6.8,-2.6,-0.6,-3.7,4.0,4.2,4.0,0.5,0.5,0.7,114.0,468.5,1139.0,619.5,4.0,638.0,4.0,0.5,0.5,0.7,115.0,470.0,1140.0,620.0,4.0,640.0,4.0,0.5,0.5,0.7
1974,2,168.0,-26.0,25.5,25.5,25.5,25.5,1.0,0.0,14.0,1.0,0.0,0.7,26.0,26.0,26.0,26.0,1.0,0.0,14.0,1.0,0.0,0.7,16.19,16.19,16.19,16.19,1.0,0.0,14.0,1.0,0.0,0.7,77.2,77.2,77.2,77.2,1.0,0.0,14.0,1.0,0.7,6.7,6.7,6.7,6.7,1.0,0.0,14.0,1.0,0.0,0.7,-6.3,-6.3,-6.3,-6.3,1.0,0.0,14.0,1.0,0.0,0.7,2.29,2.29,2.29,2.29,1.0,0.0,14.0,1.0,0.0,0.7,1011.7,1011.7,1011.7,1011.7,1.0,0.0,14.0,1.0,0.0,0.7,5.0,5.0,5.0,5.0,1.0,0.0,14.0,1.0,0.0,0.7,-42.2,-42.2,-42.2,-42.2,1.0,0.0,14.0,1.0,0.0,0.7,15.4,15.4,15.4,15.4,1.0,0.0,14.0,1.0,0.0,0.7,-0.5,-0.5,-0.5,-0.5,1.0,0.0,14.0,1.0,0.0,0.7,-3.3,-3.3,-3.3,-3.3,1.0,0.0,14.0,1.0,0.0,0.7,4.22,4.22,4.22,4.22,1.0,0.0,14.0,1.0,0.0,0.7,28.3,28.3,28.3,28.3,1.0,0.0,14.0,1.0,0.0,0.7,-163.7,-163.7,-163.7,-163.7,1.0,0.0,14.0,1.0,0.0,0.7,59.6,59.6,59.6,59.6,1.0,0.0,14.0,1.0,0.0,0.7,-101.9,-101.9,-101.9,-101.9,1.0,0.0,14.0,1.0,0.0,0.7,37.1,37.1,37.1,37.1,1.0,0.0,14.0,1.0,0.0,0.7,-26.6,-26.6,-26.6,-26.6,1.0,0.0,14.0,1.0,0.0,0.7,9.7,9.7,9.7,9.7,1.0,0.0,14.0,1.0,0.0,0.7,301.0,301.0,301.0,301.0,1.0,0.0,14.0,1.0,0.0,0.7,300.0,300.0,300.0,300.0,1.0,0.0,14.0,1.0,0.0,0.7
1974,2,168.0,-25.0,25.06,26.3,26.63,25.98,5.0,0.93,16.0,0.4,0.4,0.5,25.99,27.0,27.33,26.7,5.0,1.03,16.0,0.4,0.4,0.5,16.12,18.38,19.16,17.67,4.0,2.16,16.0,0.5,0.4,0.6,76.6,81.2,84.9,80.8,4.0,5.7,16.0,0.5,0.6,5.25,6.2,7.65,6.4,5.0,2.03,16.0,0.4,0.4,0.5,-7.03,-4.75,-2.17,-4.43,5.0,4.18,16.0,0.4,0.4,0.5,-3.99,-1.61,2.97,-0.7,5.0,3.56,16.0,0.4,0.4,0.5,1009.17,1010.7,1014.1,1011.28,5.0,2.91,16.0,0.4,0.4,0.5,2.6,3.0,6.4,4.2,5.0,2.2,16.0,0.4,0.4,0.5,-55.8,-29.4,-15.7,-34.9,5.0,33.4,16.0,0.4,0.4,0.5,-24.7,-15.0,14.5,-6.4,5.0,21.5,16.0,0.4,0.4,0.5,-1.8,-0.4,0.32,-0.72,4.0,1.5,16.0,0.5,0.4,0.6,-15.7,-2.5,1.0,-7.1,4.0,12.9,16.0,0.5,0.4,0.6,2.0,3.65,4.53,3.28,4.0,1.95,16.0,0.5,0.4,0.6,9.3,17.7,28.9,19.0,4.0,12.7,16.0,0.5,0.4,0.6,-185.8,-128.2,-59.0,-119.3,5.0,114.1,16.0,0.4,0.4,0.5,-107.6,-45.1,77.1,-20.6,5.0,94.2,16.0,0.4,0.4,0.5,-133.1,-84.6,-17.3,-75.6,4.0,90.8,16.0,0.5,0.4,0.6,-52.1,8.8,50.6,-0.3,4.0,60.9,16.0,0.5,0.4,0.6,-24.0,-11.1,2.0,-11.0,4.0,16.6,16.0,0.5,0.4,0.6,-7.9,4.7,14.1,3.2,4.0,13.8,16.0,0.5,0.4,0.6,168.5,238.5,484.5,325.5,5.0,284.0,16.0,0.4,0.4,0.5,170.0,240.0,485.0,325.0,5.0,285.0,16.0,0.4,0.4,0.5
1974,2,168.0,-24.0,26.38,27.2,29.11,27.73,3.0,2.05,14.0,1.0,0.2,0.6,26.98,27.8,27.8,27.4,3.0,0.69,14.0,1.0,0.2,0.6,18.19,19.64,20.91,19.56,3.0,1.99,14.0,1.0,0.2,0.6,81.3,83.8,89.5,85.3,3.0,6.1,14.0,1.0,0.6,7.39,12.3,12.3,9.9,3.0,4.16,14.0,1.0,0.2,0.6,-10.91,-7.91,-5.78,-8.33,3.0,3.77,14.0,1.0,0.2,0.6,0.55,1.74,6.99,3.72,3.0,5.01,14.0,1.0,0.2,0.6,1006.71,1007.8,1011.55,1009.1,3.0,3.72,14.0,1.0,0.2,0.6,3.3,4.0,4.7,4.0,3.0,1.0,14.0,1.0,0.2,0.6,-134.1,-97.2,-47.5,-91.0,3.0,63.7,14.0,1.0,0.2,0.6,2.8,8.9,81.9,41.6,3.0,64.5,14.0,1.0,0.2,0.6,-1.42,-0.6,2.13,0.33,3.0,2.72,14.0,1.0,0.2,0.6,-16.1,-3.1,27.6,5.5,3.0,32.8,14.0,1.0,0.2,0.6,1.19,1.47,6.8,3.93,3.0,4.63,14.0,1.0,0.2,0.6,9.4,18.1,83.7,45.9,3.0,59.5,14.0,1.0,0.2,0.6,-300.2,-210.3,-157.7,-228.5,3.0,105.5,14.0,1.0,0.2,0.6,15.4,48.5,186.5,99.7,3.0,132.9,14.0,1.0,0.2,0.6,-208.9,-138.5,-114.3,-161.1,3.0,71.9,14.0,1.0,0.2,0.6,11.9,37.5,124.6,67.5,3.0,86.5,14.0,1.0,0.2,0.6,-55.8,-18.1,-9.2,-32.2,3.0,36.3,14.0,1.0,0.2,0.6,0.6,1.8,60.3,29.8,3.0,50.0,14.0,1.0,0.2,0.6,681.0,1861.0,1861.0,1285.0,3.0,998.0,14.0,1.0,0.2,0.6,680.0,1860.0,1860.0,1285.0,3.0,1000.0,14.0,1.0,0.2,0.6
1974,2,168.0,-23.0,,,,,,,,,,,,,,,,,,,,,,,,,,,,,,,,,,,,,,,,4.6,4.6,4.6,4.6,1.0,0.0,20.0,0.0,0.8,0.3,4.32,4.32,4.32,4.32,1.0,0.0,20.0,0.0,0.8,0.3,1.57,1.57,1.57,1.57,1.0,0.0,20.0,0.0,0.8,0.3,1005.4,1005.4,1005.4,1005.4,1.0,0.0,20.0,0.0,0.8,0.3,8.0,8.0,8.0,8.0,1.0,0.0,20.0,0.0,0.8,0.3,19.9,19.9,19.9,19.9,1.0,0.0,20.0,0.0,0.8,0.3,7.2,7.2,7.2,7.2,1.0,0.0,20.0,0.0,0.8,0.3,,,,,,,,,,,,,,,,,,,,,,,,,,,,,,,,,,,,,,,,,112.4,112.4,112.4,112.4,1.0,0.0,20.0,0.0,0.8,0.3,40.9,40.9,40.9,40.9,1.0,0.0,20.0,0.0,0.8,0.3,86.1,86.1,86.1,86.1,1.0,0.0,20.0,0.0,0.8,0.3,31.4,31.4,31.4,31.4,1.0,0.0,20.0,0.0,0.8,0.3,,,,,,,,,,,,,,,,,,,,,,,,,,,,,,,,,,,,,,,,
1974,2,168.0,-22.0,26.45,27.0,27.0,26.7,5.0,0.67,12.0,0.2,0.4,0.5,26.0,26.2,26.87,26.4,5.0,0.47,12.0,0.2,0.4,0.5,16.72,17.59,18.42,17.63,5.0,1.16,12.0,0.2,0.4,0.5,78.5,79.6,85.1,81.9,5.0,5.7,12.0,0.2,0.5,5.61,6.7,7.38,6.5,3.0,1.31,12.0,0.0,0.5,0.5,-7.02,-5.8,-5.11,-6.06,3.0,1.41,12.0,0.0,0.5,0.5,-2.71,-1.34,0.77,-0.98,3.0,2.57,12.0,0.0,0.5,0.5,1007.46,1010.9,1012.33,1010.02,5.0,2.83,12.0,0.2,0.4,0.5,1.6,6.0,8.0,5.0,5.0,3.3,12.0,0.2,0.4,0.5,-52.2,-38.9,-29.0,-40.6,3.0,17.0,12.0,0.0,0.5,0.5,-18.6,-10.3,2.8,-7.9,3.0,15.8,12.0,0.0,0.5,0.5,-0.42,0.8,1.0,0.3,5.0,1.06,12.0,0.2,0.4,0.5,2.7,6.2,6.5,4.6,3.0,3.1,12.0,0.0,0.5,0.5,2.97,4.46,5.62,4.35,5.0,1.38,12.0,0.2,0.4,0.5,28.2,39.8,41.2,34.8,3.0,10.5,12.0,0.0,0.5,0.5,-183.5,-150.9,-135.6,-159.3,3.0,35.9,12.0,0.0,0.5,0.5,-70.6,-35.0,20.8,-25.1,3.0,67.5,12.0,0.0,0.5,0.5,-117.7,-95.1,-88.5,-102.9,3.0,22.4,12.0,0.0,0.5,0.5,-44.6,-22.6,14.1,-15.5,3.0,43.4,12.0,0.0,0.5,0.5,-39.1,-34.5,-25.5,-32.3,3.0,10.1,12.0,0.0,0.5,0.5,-15.9,-7.3,3.0,-6.5,3.0,13.9,12.0,0.0,0.5,0.5,186.0,301.0,407.0,296.5,3.0,162.0,12.0,0.0,0.5,0.5,185.0,300.0,405.0,295.0,3.0,160.0,12.0,0.0,0.5,0.5
1974,2,168.0,-21.0,25.7,25.7,25.7,25.7,1.0,0.0,6.0,0.0,0.4,0.4,25.0,25.0,25.0,25.0,1.0,0.0,6.0,0.0,0.4,0.4,17.74,17.74,17.74,17.74,1.0,0.0,6.0,0.0,0.4,0.4,89.2,89.2,89.2,89.2,1.0,0.0,6.0,0.0,0.4,9.3,9.3,9.3,9.3,1.0,0.0,6.0,0.0,0.4,0.4,3.18,3.18,3.18,3.18,1.0,0.0,6.0,0.0,0.4,0.4,-8.74,-8.74,-8.74,-8.74,1.0,0.0,6.0,0.0,0.4,0.4,1006.0,1006.0,1006.0,1006.0,1.0,0.0,6.0,0.0,0.4,0.4,8.0,8.0,8.0,8.0,1.0,0.0,6.0,0.0,0.4,0.4,29.6,29.6,29.6,29.6,1.0,0.0,6.0,0.0,0.4,0.4,-81.3,-81.3,-81.3,-81.3,1.0,0.0,6.0,0.0,0.4,0.4,0.7,0.7,0.7,0.7,1.0,0.0,6.0,0.0,0.4,0.4,6.5,6.5,6.5,6.5,1.0,0.0,6.0,0.0,0.4,0.4,3.03,3.03,3.03,3.03,1.0,0.0,6.0,0.0,0.4,0.4,28.2,28.2,28.2,28.2,1.0,0.0,6.0,0.0,0.4,0.4,79.5,79.5,79.5,79.5,1.0,0.0,6.0,0.0,0.4,0.4,-218.5,-218.5,-218.5,-218.5,1.0,0.0,6.0,0.0,0.4,0.4,56.4,56.4,56.4,56.4,1.0,0.0,6.0,0.0,0.4,0.4,-155.0,-155.0,-155.0,-155.0,1.0,0.0,6.0,0.0,0.4,0.4,9.6,9.6,9.6,9.6,1.0,0.0,6.0,0.0,0.4,0.4,-26.5,-26.5,-26.5,-26.5,1.0,0.0,6.0,0.0,0.4,0.4,804.5,804.5,804.5,804.5,1.0,0.0,6.0,0.0,0.4,0.4,805.0,805.0,805.0,805.0,1.0,0.0,6.0,0.0,0.4,0.4
1974,2,168.0,-20.0,25.7,25.7,25.7,25.7,1.0,0.0,6.0,1.0,0.5,0.2,25.8,25.8,25.8,25.8,1.0,0.0,6.0,1.0,0.5,0.2,18.14,18.14,18.14,18.14,1.0,0.0,6.0,1.0,0.5,0.2,87.1,87.1,87.1,87.1,1.0,0.0,6.0,1.0,0.2,9.3,9.3,9.3,9.3,1.0,0.0,6.0,1.0,0.5,0.2,1.61,1.61,1.61,1.61,1.0,0.0,6.0,1.0,0.5,0.2,-9.16,-9.16,-9.16,-9.16,1.0,0.0,6.0,1.0,0.5,0.2,1008.0,1008.0,1008.0,1008.0,1.0,0.0,6.0,1.0,0.5,0.2,7.0,7.0,7.0,7.0,1.0,0.0,6.0,1.0,0.5,0.2,15.0,15.0,15.0,15.0,1.0,0.0,6.0,1.0,0.5,0.2,-85.2,-85.2,-85.2,-85.2,1.0,0.0,6.0,1.0,0.5,0.2,-0.1,-0.1,-0.1,-0.1,1.0,0.0,6.0,1.0,0.5,0.2,-0.9,-0.9,-0.9,-0.9,1.0,0.0,6.0,1.0,0.5,0.2,2.59,2.59,2.59,2.59,1.0,0.0,6.0,1.0,0.5,0.2,24.1,24.1,24.1,24.1,1.0,0.0,6.0,1.0,0.5,0.2,41.7,41.7,41.7,41.7,1.0,0.0,6.0,1.0,0.5,0.2,-236.3,-236.3,-236.3,-236.3,1.0,0.0,6.0,1.0,0.5,0.2,29.3,29.3,29.3,29.3,1.0,0.0,6.0,1.0,0.5,0.2,-166.2,-166.2,-166.2,-166.2,1.0,0.0,6.0,1.0,0.5,0.2,4.2,4.2,4.2,4.2,1.0,0.0,6.0,1.0,0.5,0.2,-23.7,-23.7,-23.7,-23.7,1.0,0.0,6.0,1.0,0.5,0.2,804.5,804.5,804.5,804.5,1.0,0.0,6.0,1.0,0.5,0.2,805.0,805.0,805.0,805.0,1.0,0.0,6.0,1.0,0.5,0.2
1974,2,168.0,-19.0,26.84,27.0,28.57,27.68,4.0,1.56,12.0,0.8,0.6,0.6,24.14,26.0,28.01,26.08,4.0,2.24,12.0,0.8,0.6,0.6,17.4,17.92,18.44,17.92,2.0,1.08,6.0,1.0,0.7,0.6,77.9,86.9,95.8,86.9,2.0,18.5,6.0,1.0,0.6,4.29,4.85,5.68,4.98,4.0,0.93,12.0,0.8,0.6,0.6,-4.85,-1.33,0.84,-1.97,4.0,3.42,12.0,0.8,0.6,0.6,-4.79,-2.8,0.54,-2.16,4.0,3.28,12.0,0.8,0.6,0.6,1007.8,1008.9,1012.14,1009.93,4.0,3.51,12.0,0.8,0.6,0.6,6.3,7.0,7.7,7.0,3.0,1.0,8.0,1.0,0.7,0.7,-26.4,-5.1,4.1,-10.9,4.0,19.9,12.0,0.8,0.6,0.6,-23.3,-13.8,1.0,-11.3,4.0,15.2,12.0,0.8,0.6,0.6,0.29,2.2,2.86,1.6,4.0,1.82,12.0,0.8,0.6,0.6,0.6,10.3,15.3,8.1,4.0,9.7,12.0,0.8,0.6,0.6,3.88,4.27,4.66,4.27,2.0,0.8,6.0,1.0,0.7,0.6,18.2,20.8,23.5,20.8,2.0,5.4,6.0,1.0,0.7,0.6,-124.4,-39.4,22.0,-50.7,4.0,86.3,12.0,0.8,0.6,0.6,-124.6,-67.4,17.2,-54.4,4.0,88.0,12.0,0.8,0.6,0.6,15.0,15.1,15.2,15.1,2.0,0.2,6.0,1.0,0.7,0.6,-85.9,-85.4,-84.9,-85.4,2.0,1.1,6.0,1.0,0.7,0.6,3.2,3.6,4.1,3.6,2.0,0.9,6.0,1.0,0.7,0.6,-23.1,-20.5,-18.0,-20.5,2.0,5.3,6.0,1.0,0.7,0.6,80.0,115.0,188.0,133.0,4.0,75.5,12.0,0.8,0.6,0.6,80.0,115.0,190.0,135.0,4.0,75.0,12.0,0.8,0.6,0.6
1974,2,168.0,-18.0,26.5,26.5,26.5,26.5,1.0,0.0,10.0,1.0,0.6,0.1,26.7,26.7,26.7,26.7,1.0,0.0,10.0,1.0,0.6,0.1,17.84,17.84,17.84,17.84,1.0,0.0,10.0,1.0,0.6,0.1,81.1,81.1,81.1,81.1,1.0,0.0,10.0,1.0,0.1,6.2,6.2,6.2,6.2,1.0,0.0,10.0,1.0,0.6,0.1,-1.08,-1.08,-1.08,-1.08,1.0,0.0,10.0,1.0,0.6,0.1,6.11,6.11,6.11,6.11,1.0,0.0,10.0,1.0,0.6,0.1,1006.4,1006.4,1006.4,1006.4,1.0,0.0,10.0,1.0,0.6,0.1,5.0,5.0,5.0,5.0,1.0,0.0,10.0,1.0,0.6,0.1,-6.7,-6.7,-6.7,-6.7,1.0,0.0,10.0,1.0,0.6,0.1,37.9,37.9,37.9,37.9,1.0,0.0,10.0,1.0,0.6,0.1,-0.2,-0.2,-0.2,-0.2,1.0,0.0,10.0,1.0,0.6,0.1,-1.2,-1.2,-1.2,-1.2,1.0,0.0,10.0,1.0,0.6,0.1,3.94,3.94,3.94,3.94,1.0,0.0,10.0,1.0,0.6,0.1,24.4,24.4,24.4,24.4,1.0,0.0,10.0,1.0,0.6,0.1,-28.7,-28.7,-28.7,-28.7,1.0,0.0,10.0,1.0,0.6,0.1,163.0,163.0,163.0,163.0,1.0,0.0,10.0,1.0,0.6,0.1,-19.2,-19.2,-19.2,-19.2,1.0,0.0,10.0,1.0,0.6,0.1,108.9,108.9,108.9,108.9,1.0,0.0,10.0,1.0,0.6,0.1,-4.2,-4.2,-4.2,-4.2,1.0,0.0,10.0,1.0,0.6,0.1,24.1,24.1,24.1,24.1,1.0,0.0,10.0,1.0,0.6,0.1,238.5,238.5,238.5,238.5,1.0,0.0,10.0,1.0,0.6,0.1,240.0,240.0,240.0,240.0,1.0,0.0,10.0,1.0,0.6,0.1
1974,2,168.0,-14.0,28.98,29.8,30.62,29.8,2.0,1.7,12.0,1.0,0.5,0.5,28.61,28.85,29.09,28.85,2.0,0.49,12.0,1.0,0.5,0.5,18.0,18.62,19.23,18.62,2.0,1.27,12.0,1.0,0.5,0.5,71.2,74.6,77.9,74.6,2.0,6.9,12.0,1.0,0.5,4.6,4.6,4.6,4.6,2.0,0.0,12.0,1.0,0.5,0.5,0.47,1.48,2.49,1.48,2.0,2.09,12.0,1.0,0.5,0.5,3.69,4.06,4.43,4.06,2.0,0.76,12.0,1.0,0.5,0.5,1002.87,1004.75,1006.63,1004.75,2.0,3.89,12.0,1.0,0.5,0.5,5.5,6.5,7.5,6.5,2.0,2.1,12.0,1.0,0.5,0.5,2.2,6.8,11.4,6.8,2.0,9.6,12.0,1.0,0.5,0.5,17.0,18.7,20.4,18.7,2.0,3.5,12.0,1.0,0.5,0.5,0.37,0.95,1.53,0.95,2.0,1.2,12.0,1.0,0.5,0.5,1.7,4.4,7.0,4.4,2.0,5.5,12.0,1.0,0.5,0.5,6.13,7.97,9.8,7.97,2.0,3.81,12.0,1.0,0.5,0.5,28.2,36.6,45.1,36.6,2.0,17.5,12.0,1.0,0.5,0.5,13.4,42.1,70.9,42.1,2.0,59.6,12.0,1.0,0.5,0.5,105.8,117.4,128.9,117.4,2.0,24.0,12.0,1.0,0.5,0.5,9.2,28.9,48.5,28.9,2.0,40.8,12.0,1.0,0.5,0.5,70.8,75.1,79.5,75.1,2.0,9.0,12.0,1.0,0.5,0.5,2.5,7.8,13.1,7.8,2.0,11.0,12.0,1.0,0.5,0.5,23.4,33.8,44.2,33.8,2.0,21.5,12.0,1.0,0.5,0.5,97.5,97.5,97.5,97.5,2.0,0.0,12.0,1.0,0.5,0.5,95.0,95.0,95.0,95.0,2.0,0.0,12.0,1.0,0.5,0.5
1974,2,168.0,-3.0,28.1,28.1,28.1,28.1,1.0,0.0,10.0,1.0,0.7,0.4,29.0,29.0,29.0,29.0,1.0,0.0,10.0,1.0,0.7,0.4,17.19,17.19,17.19,17.19,1.0,0.0,10.0,1.0,0.7,0.4,68.4,68.4,68.4,68.4,1.0,0.0,10.0,1.0,0.4,7.2,7.2,7.2,7.2,1.0,0.0,10.0,1.0,0.7,0.4,-5.52,-5.52,-5.52,-5.52,1.0,0.0,10.0,1.0,0.7,0.4,-4.63,-4.63,-4.63,-4.63,1.0,0.0,10.0,1.0,0.7,0.4,1006.9,1006.9,1006.9,1006.9,1.0,0.0,10.0,1.0,0.7,0.4,5.0,5.0,5.0,5.0,1.0,0.0,10.0,1.0,0.7,0.4,-39.7,-39.7,-39.7,-39.7,1.0,0.0,10.0,1.0,0.7,0.4,-33.3,-33.3,-33.3,-33.3,1.0,0.0,10.0,1.0,0.7,0.4,-0.9,-0.9,-0.9,-0.9,1.0,0.0,10.0,1.0,0.7,0.4,-6.5,-6.5,-6.5,-6.5,1.0,0.0,10.0,1.0,0.7,0.4,6.76,6.76,6.76,6.76,1.0,0.0,10.0,1.0,0.7,0.4,48.7,48.7,48.7,48.7,1.0,0.0,10.0,1.0,0.7,0.4,-159.9,-159.9,-159.9,-159.9,1.0,0.0,10.0,1.0,0.7,0.4,-134.2,-134.2,-134.2,-134.2,1.0,0.0,10.0,1.0,0.7,0.4,-94.8,-94.8,-94.8,-94.8,1.0,0.0,10.0,1.0,0.7,0.4,-79.6,-79.6,-79.6,-79.6,1.0,0.0,10.0,1.0,0.7,0.4,-37.3,-37.3,-37.3,-37.3,1.0,0.0,10.0,1.0,0.7,0.4,-31.3,-31.3,-31.3,-31.3,1.0,0.0,10.0,1.0,0.7,0.4,373.0,373.0,373.0,373.0,1.0,0.0,10.0,1.0,0.7,0.4,375.0,375.0,375.0,375.0,1.0,0.0,10.0,1.0,0.7,0.4
1974,2,168.0,8.0,28.8,28.8,28.8,28.8,1.0,0.0,10.0,0.0,0.6,0.1,27.8,27.8,27.8,27.8,1.0,0.0,10.0,0.0,0.6,0.1,17.95,17.95,17.95,17.95,1.0,0.0,10.0,0.0,0.6,0.1,76.5,76.5,76.5,76.5,1.0,0.0,10.0,0.0,0.1,7.7,7.7,7.7,7.7,1.0,0.0,10.0,0.0,0.6,0.1,-7.7,-7.7,-7.7,-7.7,1.0,0.0,10.0,0.0,0.6,0.1,0.0,0.0,0.0,0.0,1.0,0.0,10.0,0.0,0.6,0.1,1006.4,1006.4,1006.4,1006.4,1.0,0.0,10.0,0.0,0.6,0.1,2.0,2.0,2.0,2.0,1.0,0.0,10.0,0.0,0.6,0.1,-59.3,-59.3,-59.3,-59.3,1.0,0.0,10.0,0.0,0.6,0.1,0.0,0.0,0.0,0.0,1.0,0.0,10.0,0.0,0.6,0.1,1.0,1.0,1.0,1.0,1.0,0.0,10.0,0.0,0.6,0.1,7.7,7.7,7.7,7.7,1.0,0.0,10.0,0.0,0.6,0.1,7.02,7.02,7.02,7.02,1.0,0.0,10.0,0.0,0.6,0.1,54.1,54.1,54.1,54.1,1.0,0.0,10.0,0.0,0.6,0.1,-214.1,-214.1,-214.1,-214.1,1.0,0.0,10.0,0.0,0.6,0.1,0.0,0.0,0.0,0.0,1.0,0.0,10.0,0.0,0.6,0.1,-138.2,-138.2,-138.2,-138.2,1.0,0.0,10.0,0.0,0.6,0.1,0.0,0.0,0.0,0.0,1.0,0.0,10.0,0.0,0.6,0.1,-54.1,-54.1,-54.1,-54.1,1.0,0.0,10.0,0.0,0.6,0.1,0.0,0.0,0.0,0.0,1.0,0.0,10.0,0.0,0.6,0.1,456.5,456.5,456.5,456.5,1.0,0.0,10.0,0.0,0.6,0.1,455.0,455.0,455.0,455.0,1.0,0.0,10.0,0.0,0.6,0.1
1974,2,168.0,9.0,25.6,25.6,25.6,25.6,2.0,0.0,16.0,0.5,0.6,0.0,26.2,26.2,26.2,26.2,1.0,0.0,4.0,0.0,0.7,0.1,18.4,18.4,18.4,18.4,1.0,0.0,4.0,0.0,0.7,0.1,86.1,86.1,86.1,86.1,1.0,0.0,4.0,0.0,0.1,6.85,8.25,9.65,8.25,2.0,2.9,16.0,0.5,0.6,0.0,-8.31,-5.38,-2.44,-5.38,2.0,6.08,16.0,0.5,0.6,0.0,-5.7,-4.81,-3.93,-4.81,2.0,1.83,16.0,0.5,0.6,0.0,1006.32,1006.8,1007.28,1006.8,2.0,0.99,16.0,0.5,0.6,0.0,1.5,2.5,3.5,2.5,2.0,2.1,16.0,0.5,0.6,0.0,-84.9,-53.2,-21.4,-53.2,2.0,65.8,16.0,0.5,0.6,0.0,-37.6,-37.1,-36.5,-37.1,2.0,1.1,16.0,0.5,0.6,0.0,-0.6,-0.6,-0.6,-0.6,1.0,0.0,4.0,0.0,0.7,0.1,-6.2,-6.2,-6.2,-6.2,1.0,0.0,4.0,0.0,0.7,0.1,2.24,2.24,2.24,2.24,1.0,0.0,4.0,0.0,0.7,0.1,23.1,23.1,23.1,23.1,1.0,0.0,4.0,0.0,0.7,0.1,-253.6,-253.6,-253.6,-253.6,1.0,0.0,4.0,0.0,0.7,0.1,-92.3,-92.3,-92.3,-92.3,1.0,0.0,4.0,0.0,0.7,0.1,-178.1,-178.1,-178.1,-178.1,1.0,0.0,4.0,0.0,0.7,0.1,-64.8,-64.8,-64.8,-64.8,1.0,0.0,4.0,0.0,0.7,0.1,-21.7,-21.7,-21.7,-21.7,1.0,0.0,4.0,0.0,0.7,0.1,-7.9,-7.9,-7.9,-7.9,1.0,0.0,4.0,0.0,0.7,0.1,374.0,665.5,957.0,665.5,2.0,604.0,16.0,0.5,0.6,0.0,375.0,665.0,955.0,665.0,2.0,605.0,16.0,0.5,0.6,0.0
1974,2,168.0,15.0,27.3,27.5,27.7,27.5,2.0,0.42,10.0,0.5,0.8,0.7,26.13,26.2,27.02,26.57,3.0,0.72,6.0,0.7,0.6,0.6,15.11,16.57,16.99,16.06,3.0,1.44,6.0,0.7,0.6,0.6,70.9,75.5,77.3,74.1,3.0,4.9,6.0,0.7,0.6,3.82,6.45,9.08,6.45,2.0,5.44,6.0,0.5,0.5,0.5,-9.07,-6.43,-3.79,-6.43,2.0,5.47,6.0,0.5,0.5,0.5,-0.38,-0.23,-0.07,-0.23,2.0,0.32,6.0,0.5,0.5,0.5,1013.3,1013.5,1013.77,1013.53,3.0,0.35,6.0,0.7,0.6,0.6,1.3,2.0,2.7,2.0,2.0,1.4,4.0,1.0,0.5,0.4,-90.3,-56.4,-22.4,-56.4,2.0,70.3,6.0,0.5,0.5,0.5,-1.0,-0.6,-0.2,-0.6,2.0,0.8,6.0,0.5,0.5,0.5,1.11,1.35,1.59,1.35,2.0,0.49,10.0,0.5,0.8,0.7,10.3,10.3,10.3,10.3,1.0,0.0,12.0,0.0,0.7,0.8,6.46,7.46,8.46,7.46,2.0,2.07,10.0,0.5,0.8,0.7,61.8,61.8,61.8,61.8,1.0,0.0,12.0,0.0,0.7,0.8,-238.2,-170.0,-101.9,-170.0,2.0,141.2,6.0,0.5,0.5,0.5,-10.4,-6.2,-2.0,-6.2,2.0,8.7,6.0,0.5,0.5,0.5,-150.5,-107.3,-64.1,-107.3,2.0,89.5,6.0,0.5,0.5,0.5,-6.5,-3.9,-1.2,-3.9,2.0,5.5,6.0,0.5,0.5,0.5,-61.8,-61.8,-61.8,-61.8,1.0,0.0,12.0,0.0,0.7,0.8,0.0,0.0,0.0,0.0,1.0,0.0,12.0,0.0,0.7,0.8,188.0,555.0,922.0,555.0,2.0,760.0,6.0,0.5,0.5,0.5,190.0,555.0,920.0,555.0,2.0,760.0,6.0,0.5,0.5,0.5
1974,2,168.0,16.0,26.7,26.7,26.7,26.7,1.0,0.0,12.0,1.0,0.9,0.8,28.2,28.2,28.2,28.2,1.0,0.0,12.0,1.0,0.9,0.8,17.53,17.53,17.53,17.53,1.0,0.0,12.0,1.0,0.9,0.8,73.4,73.4,73.4,73.4,1.0,0.0,12.0,1.0,0.8,7.7,7.7,7.7,7.7,1.0,0.0,12.0,1.0,0.9,0.8,-6.67,-6.67,-6.67,-6.67,1.0,0.0,12.0,1.0,0.9,0.8,3.85,3.85,3.85,3.85,1.0,0.0,12.0,1.0,0.9,0.8,1012.0,1012.0,1012.0,1012.0,1.0,0.0,12.0,1.0,0.9,0.8,4.0,4.0,4.0,4.0,1.0,0.0,12.0,1.0,0.9,0.8,-51.3,-51.3,-51.3,-51.3,1.0,0.0,12.0,1.0,0.9,0.8,29.6,29.6,29.6,29.6,1.0,0.0,12.0,1.0,0.9,0.8,-1.5,-1.5,-1.5,-1.5,1.0,0.0,12.0,1.0,0.9,0.8,-11.5,-11.5,-11.5,-11.5,1.0,0.0,12.0,1.0,0.9,0.8,4.4,4.4,4.4,4.4,1.0,0.0,12.0,1.0,0.9,0.8,33.9,33.9,33.9,33.9,1.0,0.0,12.0,1.0,0.9,0.8,-188.0,-188.0,-188.0,-188.0,1.0,0.0,12.0,1.0,0.9,0.8,108.6,108.6,108.6,108.6,1.0,0.0,12.0,1.0,0.9,0.8,-116.9,-116.9,-116.9,-116.9,1.0,0.0,12.0,1.0,0.9,0.8,67.5,67.5,67.5,67.5,1.0,0.0,12.0,1.0,0.9,0.8,-29.3,-29.3,-29.3,-29.3,1.0,0.0,12.0,1.0,0.9,0.8,16.9,16.9,16.9,16.9,1.0,0.0,12.0,1.0,0.9,0.8,456.5,456.5,456.5,456.5,1.0,0.0,12.0,1.0,0.9,0.8,455.0,455.0,455.0,455.0,1.0,0.0,12.0,1.0,0.9,0.8
1974,2,168.0,17.0,26.7,26.7,26.7,26.7,1.0,0.0,28.0,0.0,0.4,0.9,26.14,27.3,28.46,27.3,2.0,2.4,14.0,0.5,0.4,0.4,17.81,17.81,17.81,17.81,1.0,0.0,28.0,0.0,0.4,0.9,87.1,87.1,87.1,87.1,1.0,0.0,28.0,0.0,0.9,2.07,3.3,4.53,3.3,2.0,2.55,14.0,0.5,0.4,0.4,-0.56,1.46,3.48,1.46,2.0,4.18,14.0,0.5,0.4,0.4,-2.15,-1.27,-0.4,-1.27,2.0,1.8,14.0,0.5,0.4,0.4,1014.6,1014.6,1014.6,1014.6,1.0,0.0,28.0,0.0,0.4,0.9,2.3,3.0,3.7,3.0,2.0,1.4,14.0,0.5,0.4,0.4,1.7,10.1,18.6,10.1,2.0,17.5,14.0,0.5,0.4,0.4,-10.9,-6.5,-2.1,-6.5,2.0,9.2,14.0,0.5,0.4,0.4,1.1,1.1,1.1,1.1,1.0,0.0,28.0,0.0,0.4,0.9,5.6,5.6,5.6,5.6,1.0,0.0,28.0,0.0,0.4,0.9,4.06,4.06,4.06,4.06,1.0,0.0,28.0,0.0,0.4,0.9,20.7,20.7,20.7,20.7,1.0,0.0,28.0,0.0,0.4,0.9,-18.7,34.8,88.2,34.8,2.0,110.7,14.0,0.5,0.4,0.4,-54.9,-32.6,-10.4,-32.6,2.0,46.2,14.0,0.5,0.4,0.4,78.6,78.6,78.6,78.6,1.0,0.0,28.0,0.0,0.4,0.9,-45.4,-45.4,-45.4,-45.4,1.0,0.0,28.0,0.0,0.4,0.9,17.9,17.9,17.9,17.9,1.0,0.0,28.0,0.0,0.4,0.9,-10.4,-10.4,-10.4,-10.4,1.0,0.0,28.0,0.0,0.4,0.9,24.0,68.0,112.0,68.0,2.0,91.5,14.0,0.5,0.4,0.4,25.0,70.0,110.0,70.0,2.0,90.0,14.0,0.5,0.4,0.4
1974,2,168.0,18.0,26.52,27.25,28.69,27.4,8.0,1.01,14.0,0.8,0.5,0.4,23.97,25.1,26.0,25.05,8.0,1.0,14.0,0.8,0.5,0.4,13.24,16.27,17.48,15.95,8.0,2.62,14.0,0.8,0.5,0.4,71.0,81.9,88.1,80.3,8.0,10.4,14.0,0.8,0.4,1.34,8.75,10.3,7.65,8.0,5.42,14.0,0.8,0.5,0.4,-8.04,-1.75,-0.1,-3.8,8.0,7.01,14.0,0.8,0.5,0.4,-7.75,-3.9,-0.77,-4.31,8.0,3.06,14.0,0.8,0.5,0.4,1012.08,1013.95,1014.9,1013.7,8.0,2.72,14.0,0.8,0.5,0.4,2.3,5.5,6.0,4.6,8.0,2.0,14.0,0.8,0.5,0.4,-80.6,-5.8,-0.1,-48.1,8.0,106.5,14.0,0.8,0.5,0.4,-68.1,-46.7,-1.9,-40.5,8.0,32.1,14.0,0.8,0.5,0.4,1.73,2.15,3.61,2.35,8.0,1.07,14.0,0.8,0.5,0.4,3.9,12.5,28.6,15.2,8.0,12.5,14.0,0.8,0.5,0.4,5.54,7.06,8.82,6.9,8.0,1.93,14.0,0.8,0.5,0.4,8.1,56.7,91.3,53.9,8.0,41.4,14.0,0.8,0.5,0.4,-209.2,-45.3,-2.4,-98.1,8.0,175.2,14.0,0.8,0.5,0.4,-186.6,-97.9,-19.4,-107.0,8.0,74.5,14.0,0.8,0.5,0.4,-130.0,-33.6,-1.7,-65.2,8.0,107.3,14.0,0.8,0.5,0.4,-101.1,-68.6,-13.0,-63.3,8.0,39.4,14.0,0.8,0.5,0.4,-47.5,-7.9,-0.7,-21.1,8.0,50.0,14.0,0.8,0.5,0.4,-67.7,-22.8,-4.5,-31.8,8.0,29.4,14.0,0.8,0.5,0.4,8.5,678.0,1092.5,1065.5,8.0,1621.0,14.0,0.8,0.5,0.4,10.0,680.0,1095.0,1065.0,8.0,1620.0,14.0,0.8,0.5,0.4
1974,2,168.0,19.0,25.44,25.9,26.37,25.92,5.0,0.72,14.0,0.6,0.4,0.4,25.51,26.0,26.6,25.95,6.0,0.88,14.0,0.7,0.4,0.4,16.24,17.65,17.67,17.06,5.0,0.86,14.0,0.6,0.4,0.4,80.8,84.6,84.9,82.9,5.0,3.7,14.0,0.6,0.4,5.1,5.7,9.3,6.83,7.0,2.01,14.0,0.7,0.5,0.4,-9.17,-5.1,-5.02,-6.61,7.0,2.04,14.0,0.7,0.5,0.4,-1.67,0.0,0.98,0.03,7.0,1.83,14.0,0.7,0.5,0.4,1013.82,1016.0,1016.44,1015.34,5.0,1.54,14.0,0.6,0.4,0.4,2.0,3.0,4.0,2.9,7.0,1.3,14.0,0.7,0.5,0.4,-85.2,-28.1,-25.6,-48.6,7.0,28.8,14.0,0.7,0.5,0.4,-15.4,0.0,5.1,-1.8,7.0,13.1,14.0,0.7,0.5,0.4,-0.1,0.0,0.54,0.18,5.0,0.34,14.0,0.6,0.4,0.4,-0.5,0.0,4.7,1.7,5.0,2.8,14.0,0.6,0.4,0.4,3.05,3.27,4.61,3.81,5.0,1.19,14.0,0.6,0.4,0.4,16.3,16.7,40.1,27.1,5.0,16.6,14.0,0.6,0.4,0.4,-200.1,-134.1,-129.9,-160.1,6.0,48.1,14.0,0.7,0.4,0.4,-14.1,11.5,33.5,8.5,6.0,46.3,14.0,0.7,0.4,0.4,-133.4,-88.8,-88.2,-108.0,5.0,29.2,14.0,0.6,0.4,0.4,-16.2,15.7,28.3,7.4,5.0,34.4,14.0,0.6,0.4,0.4,-38.9,-16.4,-15.2,-26.1,5.0,16.9,14.0,0.6,0.4,0.4,-4.0,2.8,4.8,0.6,5.0,7.1,14.0,0.6,0.4,0.4,132.5,185.0,804.5,392.0,7.0,319.0,14.0,0.7,0.5,0.4,135.0,185.0,805.0,390.0,7.0,320.0,14.0,0.7,0.5,0.4
1974,2,168.0,20.0,24.0,24.0,24.0,24.0,1.0,0.0,28.0,1.0,0.9,0.7,23.4,23.4,23.4,23.4,1.0,0.0,28.0,1.0,0.9,0.7,14.03,14.03,14.03,14.03,1.0,0.0,28.0,1.0,0.9,0.7,78.2,78.2,78.2,78.2,1.0,0.0,28.0,1.0,0.7,4.1,4.1,4.1,4.1,1.0,0.0,28.0,1.0,0.9,0.7,0.71,0.71,0.71,0.71,1.0,0.0,28.0,1.0,0.9,0.7,4.04,4.04,4.04,4.04,1.0,0.0,28.0,1.0,0.9,0.7,1011.2,1011.2,1011.2,1011.2,1.0,0.0,28.0,1.0,0.9,0.7,3.0,3.0,3.0,3.0,1.0,0.0,28.0,1.0,0.9,0.7,2.9,2.9,2.9,2.9,1.0,0.0,28.0,1.0,0.9,0.7,16.6,16.6,16.6,16.6,1.0,0.0,28.0,1.0,0.9,0.7,0.6,0.6,0.6,0.6,1.0,0.0,28.0,1.0,0.9,0.7,2.5,2.5,2.5,2.5,1.0,0.0,28.0,1.0,0.9,0.7,4.61,4.61,4.61,4.61,1.0,0.0,28.0,1.0,0.9,0.7,18.9,18.9,18.9,18.9,1.0,0.0,28.0,1.0,0.9,0.7,16.7,16.7,16.7,16.7,1.0,0.0,28.0,1.0,0.9,0.7,94.5,94.5,94.5,94.5,1.0,0.0,28.0,1.0,0.9,0.7,10.0,10.0,10.0,10.0,1.0,0.0,28.0,1.0,0.9,0.7,56.7,56.7,56.7,56.7,1.0,0.0,28.0,1.0,0.9,0.7,3.3,3.3,3.3,3.3,1.0,0.0,28.0,1.0,0.9,0.7,18.6,18.6,18.6,18.6,1.0,0.0,28.0,1.0,0.9,0.7,69.0,69.0,69.0,69.0,1.0,0.0,28.0,1.0,0.9,0.7,70.0,70.0,70.0,70.0,1.0,0.0,28.0,1.0,0.9,0.7
1974,2,168.0,21.0,24.18,25.0,26.16,25.17,3.0,1.46,18.0,0.3,0.4,0.6,23.01,23.95,26.1,24.53,4.0,2.46,14.0,0.5,0.3,0.6,10.55,12.05,13.16,11.86,3.0,1.92,18.0,0.3,0.4,0.6,59.7,72.4,73.2,66.6,3.0,11.1,18.0,0.3,0.6,2.5,6.7,12.73,7.58,4.0,6.3,16.0,0.3,0.5,0.5,-7.56,-4.01,-1.04,-4.29,4.0,4.29,16.0,0.3,0.5,0.5,-8.68,-2.01,-0.07,-4.27,4.0,6.99,16.0,0.3,0.5,0.5,1011.42,1011.9,1016.47,1013.9,3.0,4.09,18.0,0.3,0.4,0.6,0.0,2.0,3.1,1.8,5.0,2.0,12.0,0.4,0.4,0.6,-88.2,-45.5,-4.3,-46.2,4.0,48.6,16.0,0.3,0.5,0.5,-124.7,-12.5,-2.9,-61.4,4.0,107.9,16.0,0.3,0.5,0.5,1.19,1.6,2.42,1.8,3.0,0.92,18.0,0.3,0.4,0.6,4.2,10.1,20.0,12.1,3.0,11.7,18.0,0.3,0.4,0.6,6.2,6.37,10.16,8.14,3.0,3.28,18.0,0.3,0.4,0.6,19.9,42.9,80.6,50.1,3.0,44.9,18.0,0.3,0.4,0.6,-100.7,-65.9,-12.5,-56.8,3.0,65.1,18.0,0.3,0.4,0.6,-236.8,-55.3,5.5,-114.2,3.0,184.7,18.0,0.3,0.4,0.6,-52.0,-27.2,-3.8,-27.9,3.0,35.3,18.0,0.3,0.4,0.6,-126.3,-22.8,5.9,-59.3,3.0,101.9,18.0,0.3,0.4,0.6,-33.3,-32.9,-8.3,-21.1,3.0,21.0,18.0,0.3,0.4,0.6,-71.7,-27.6,-2.9,-37.0,3.0,51.0,18.0,0.3,0.4,0.6,24.0,494.0,2361.5,1161.0,4.0,1716.5,16.0,0.3,0.5,0.5,25.0,495.0,2360.0,1160.0,4.0,1715.0,16.0,0.3,0.5,0.5
1974,2,168.0,22.0,23.67,25.3,26.14,24.95,6.0,1.55,12.0,0.5,0.3,0.3,22.43,24.55,25.21,24.08,6.0,1.97,14.0,0.3,0.3,0.2,14.05,14.61,16.4,15.1,5.0,1.22,14.0,0.4,0.3,0.2,73.2,74.5,84.3,77.9,5.0,5.9,14.0,0.4,0.2,4.08,5.1,6.4,5.73,7.0,2.2,12.0,0.4,0.3,0.3,-3.16,0.0,2.04,-0.24,7.0,2.82,12.0,0.4,0.3,0.3,-4.4,2.55,5.36,-0.21,7.0,5.92,12.0,0.4,0.3,0.3,1012.31,1013.5,1014.43,1013.5,7.0,3.09,12.0,0.4,0.3,0.3,1.0,5.0,7.2,4.5,6.0,3.0,14.0,0.5,0.2,0.2,-19.4,0.0,11.5,-1.5,7.0,15.2,12.0,0.4,0.3,0.3,-21.1,13.0,30.7,-6.0,7.0,48.2,12.0,0.4,0.3,0.3,-0.61,-0.4,1.27,0.24,5.0,1.21,14.0,0.4,0.3,0.2,-5.0,-2.3,5.4,-0.1,5.0,5.7,14.0,0.4,0.3,0.2,3.42,4.6,5.79,4.68,5.0,1.98,14.0,0.4,0.3,0.2,17.9,28.1,35.6,27.6,5.0,12.7,14.0,0.4,0.3,0.2,-88.5,0.0,9.2,-24.7,6.0,58.7,14.0,0.3,0.3,0.2,-122.4,-11.4,126.6,-16.3,6.0,152.9,14.0,0.3,0.3,0.2,-58.8,0.0,10.4,-19.0,5.0,41.4,14.0,0.4,0.3,0.2,-84.8,42.0,81.8,2.7,5.0,98.6,14.0,0.4,0.3,0.2,-15.6,0.0,1.7,-5.5,5.0,9.9,14.0,0.4,0.3,0.2,-35.1,10.3,17.1,-5.5,5.0,30.7,14.0,0.4,0.3,0.2,68.0,132.5,279.0,271.0,7.0,368.0,12.0,0.4,0.3,0.3,70.0,135.0,280.0,270.0,7.0,370.0,12.0,0.4,0.3,0.3
1974,2,168.0,23.0,24.03,25.6,25.87,24.97,3.0,1.46,16.0,0.3,0.5,0.3,20.93,22.5,23.46,22.2,3.0,1.87,16.0,0.3,0.5,0.3,10.82,11.51,14.47,12.62,3.0,2.84,16.0,0.3,0.5,0.3,69.6,72.0,81.5,75.4,3.0,9.2,16.0,0.3,0.3,4.06,7.2,9.66,6.87,3.0,4.11,16.0,0.3,0.5,0.3,-9.07,-6.77,-2.15,-5.64,3.0,5.17,16.0,0.3,0.5,0.3,-0.86,2.6,3.35,1.28,3.0,3.28,16.0,0.3,0.5,0.3,1016.0,1019.0,1020.37,1018.2,3.0,3.27,16.0,0.3,0.5,0.3,4.3,5.0,5.7,5.0,3.0,1.0,16.0,0.3,0.5,0.3,-90.3,-48.7,-15.5,-52.8,3.0,54.9,16.0,0.3,0.5,0.3,-10.0,6.8,29.4,9.6,3.0,28.9,16.0,0.3,0.5,0.3,2.14,3.1,3.37,2.77,3.0,0.95,16.0,0.3,0.5,0.3,11.0,25.2,30.9,21.0,3.0,15.0,16.0,0.3,0.5,0.3,5.45,7.2,8.68,7.07,3.0,2.37,16.0,0.3,0.5,0.3,29.6,67.5,74.5,52.4,3.0,35.3,16.0,0.3,0.5,0.3,-188.3,-152.2,-48.3,-119.1,3.0,106.4,16.0,0.3,0.5,0.3,-18.1,62.1,70.7,27.1,3.0,71.7,16.0,0.3,0.5,0.3,-97.4,-77.9,-24.7,-61.5,3.0,55.1,16.0,0.3,0.5,0.3,-7.0,38.8,40.4,17.2,3.0,39.5,16.0,0.3,0.5,0.3,-70.0,-63.4,-20.1,-45.5,3.0,39.7,16.0,0.3,0.5,0.3,-11.9,12.0,22.0,5.2,3.0,25.5,16.0,0.3,0.5,0.3,130.5,373.0,978.5,550.0,3.0,639.5,16.0,0.3,0.5,0.3,130.0,375.0,980.0,550.0,3.0,640.0,16.0,0.3,0.5,0.3
1974,2,168.0,24.0,22.84,23.45,24.16,23.5,4.0,0.79,18.0,0.5,0.5,0.5,21.05,22.4,22.97,22.03,4.0,1.42,18.0,0.5,0.5,0.5,12.71,13.55,14.63,13.66,4.0,1.44,18.0,0.5,0.5,0.5,80.5,82.5,85.0,82.7,4.0,3.2,18.0,0.5,0.5,4.55,8.0,12.5,8.5,4.0,5.36,18.0,0.5,0.5,0.5,-4.27,-2.59,0.25,-2.04,4.0,3.19,18.0,0.5,0.5,0.5,-10.58,-3.98,3.78,-3.42,4.0,9.68,18.0,0.5,0.5,0.5,1011.19,1014.15,1015.01,1013.15,4.0,2.8,18.0,0.5,0.5,0.5,2.0,3.5,5.0,3.5,4.0,2.1,18.0,0.5,0.5,0.5,-56.6,-17.4,5.6,-25.1,4.0,41.6,18.0,0.5,0.5,0.5,-136.8,-23.3,40.5,-47.0,4.0,128.1,18.0,0.5,0.5,0.5,0.5,1.75,2.43,1.48,4.0,1.5,18.0,0.5,0.5,0.5,-0.7,8.0,29.6,14.2,4.0,22.5,18.0,0.5,0.5,0.5,3.2,5.15,5.53,4.4,4.0,1.82,18.0,0.5,0.5,0.5,15.2,24.2,59.6,36.8,4.0,32.7,18.0,0.5,0.5,0.5,-90.5,-59.6,5.2,-43.4,4.0,67.5,18.0,0.5,0.5,0.5,-218.2,-88.8,88.7,-65.8,4.0,207.2,18.0,0.5,0.5,0.5,-56.7,-38.1,3.6,-27.1,4.0,41.7,18.0,0.5,0.5,0.5,-132.0,-54.2,60.4,-36.6,4.0,130.7,18.0,0.5,0.5,0.5,-20.4,-8.3,3.2,-8.6,4.0,16.5,18.0,0.5,0.5,0.5,-56.0,-19.9,3.4,-26.0,4.0,40.1,18.0,0.5,0.5,0.5,152.5,552.5,2296.5,1193.5,4.0,1671.0,18.0,0.5,0.5,0.5,150.0,555.0,2295.0,1195.0,4.0,1670.0,18.0,0.5,0.5,0.5
1974,2,168.0,25.0,21.0,22.65,23.48,22.5,12.0,1.8,16.0,0.8,0.5,0.5,18.98,21.0,23.0,21.19,13.0,1.83,16.0,0.8,0.4,0.5,7.84,11.14,15.41,11.52,12.0,3.61,16.0,0.8,0.5,0.5,54.3,72.8,89.1,72.3,12.0,16.7,16.0,0.8,0.5,4.05,7.7,9.49,6.88,13.0,3.09,16.0,0.8,0.4,0.5,-5.45,-2.31,4.95,-0.84,13.0,5.74,16.0,0.8,0.4,0.5,-6.01,-3.86,2.78,-2.8,13.0,4.31,16.0,0.8,0.4,0.5,1013.75,1017.3,1019.23,1016.65,12.0,2.92,16.0,0.8,0.5,0.5,2.0,4.5,6.3,4.4,12.0,2.1,14.0,0.8,0.5,0.4,-45.4,-7.4,38.1,-5.7,13.0,58.8,16.0,0.8,0.4,0.5,-51.9,-43.7,10.3,-28.0,13.0,36.9,16.0,0.8,0.4,0.5,-0.63,1.05,3.5,1.29,12.0,1.92,16.0,0.8,0.5,0.5,-4.9,4.8,30.7,11.7,12.0,16.6,16.0,0.8,0.5,0.5,2.49,5.46,8.65,5.49,12.0,3.22,16.0,0.8,0.5,0.5,10.7,23.2,67.3,40.7,12.0,35.3,16.0,0.8,0.5,0.5,-115.8,-48.6,92.0,-22.3,13.0,118.4,16.0,0.8,0.4,0.5,-132.4,-83.5,59.2,-54.6,13.0,90.2,16.0,0.8,0.4,0.5,-78.2,-11.3,45.4,-20.1,12.0,70.9,16.0,0.8,0.5,0.5,-64.8,-44.5,19.6,-29.2,12.0,50.2,16.0,0.8,0.5,0.5,-24.5,-1.0,43.3,6.0,12.0,38.6,16.0,0.8,0.5,0.5,-51.6,-17.5,3.0,-24.5,12.0,29.3,16.0,0.8,0.5,0.5,67.0,456.5,865.5,520.0,13.0,632.0,16.0,0.8,0.4,0.5,65.0,455.0,865.0,520.0,13.0,630.0,16.0,0.8,0.4,0.5
1974,2,168.0,26.0,21.0,22.5,23.23,22.16,16.0,1.27,16.0,0.5,0.4,0.6,18.4,20.5,23.14,20.73,19.0,2.21,16.0,0.6,0.4,0.6,10.31,12.28,13.94,12.03,16.0,2.17,16.0,0.6,0.4,0.6,68.4,83.0,92.9,81.0,16.0,13.5,16.0,0.6,0.6,2.44,6.2,11.89,7.57,19.0,5.91,16.0,0.6,0.4,0.6,-8.82,-0.89,2.47,-2.83,19.0,6.3,16.0,0.6,0.4,0.6,-9.5,-3.55,0.57,-3.84,19.0,5.64,16.0,0.6,0.4,0.6,1015.5,1017.6,1020.0,1017.68,17.0,2.54,16.0,0.5,0.4,0.6,1.0,6.0,8.0,5.0,19.0,2.8,16.0,0.6,0.4,0.6,-111.7,-2.2,15.9,-49.3,19.0,102.2,16.0,0.6,0.4,0.6,-102.4,-14.6,1.2,-54.5,19.0,90.2,16.0,0.6,0.4,0.6,-0.7,2.1,4.93,1.93,16.0,2.5,16.0,0.5,0.4,0.6,-5.5,4.5,52.7,16.5,16.0,32.3,16.0,0.5,0.4,0.6,2.12,4.55,6.82,4.46,15.0,2.22,16.0,0.5,0.4,0.6,8.2,38.0,75.9,39.7,15.0,33.9,16.0,0.5,0.4,0.6,-156.2,-18.2,55.9,-54.9,19.0,127.8,16.0,0.6,0.4,0.6,-189.0,-85.2,12.1,-73.5,19.0,113.5,16.0,0.6,0.4,0.6,-112.9,-16.9,27.3,-45.7,16.0,81.8,16.0,0.6,0.4,0.6,-123.0,-57.9,2.5,-55.9,16.0,68.2,16.0,0.6,0.4,0.6,-51.5,-4.0,7.6,-14.8,15.0,30.2,16.0,0.5,0.4,0.6,-50.6,-18.2,0.3,-24.4,15.0,32.4,16.0,0.5,0.4,0.6,15.5,238.5,1759.5,1351.5,19.0,2584.0,16.0,0.6,0.4,0.6,15.0,240.0,1760.0,1350.0,19.0,2585.0,16.0,0.6,0.4,0.6
1974,2,168.0,27.0,19.01,21.55,23.39,21.22,20.0,2.07,12.0,0.3,0.5,0.4,16.53,19.0,22.0,19.11,21.0,2.48,12.0,0.3,0.4,0.4,7.81,10.59,12.75,10.2,21.0,2.48,12.0,0.3,0.4,0.4,64.9,75.2,83.4,73.4,21.0,10.9,12.0,0.3,0.4,3.1,6.2,11.21,7.45,21.0,5.44,12.0,0.3,0.4,0.4,-5.55,0.0,5.29,0.1,21.0,5.81,12.0,0.3,0.4,0.4,-10.22,-2.68,1.69,-3.52,21.0,6.4,12.0,0.3,0.4,0.4,1013.02,1015.0,1019.55,1015.97,21.0,3.16,12.0,0.3,0.4,0.4,1.2,4.0,7.8,4.2,21.0,2.9,12.0,0.3,0.4,0.4,-41.0,0.0,32.4,-14.7,21.0,76.2,12.0,0.3,0.4,0.4,-123.9,-8.3,4.8,-53.5,21.0,114.2,12.0,0.3,0.4,0.4,-0.49,1.55,4.5,2.05,20.0,2.79,12.0,0.3,0.5,0.4,-2.0,4.6,52.1,25.7,20.0,45.5,12.0,0.3,0.5,0.4,2.72,5.0,7.55,5.33,20.0,2.39,12.0,0.3,0.5,0.4,11.2,20.5,77.7,47.2,20.0,54.9,12.0,0.3,0.5,0.4,-110.7,0.0,106.3,4.1,21.0,105.9,12.0,0.3,0.4,0.4,-169.8,-45.6,33.0,-58.7,21.0,110.2,12.0,0.3,0.4,0.4,-52.5,0.0,61.7,3.1,21.0,58.7,12.0,0.3,0.4,0.4,-80.1,-19.7,14.7,-31.2,21.0,59.1,12.0,0.3,0.4,0.4,-52.5,0.0,13.2,-9.5,20.0,40.0,12.0,0.3,0.5,0.4,-69.9,-6.5,8.0,-27.0,20.0,53.8,12.0,0.3,0.5,0.4,30.0,238.5,1411.0,1221.5,21.0,2625.5,12.0,0.3,0.4,0.4,30.0,240.0,1410.0,1220.0,21.0,2625.0,12.0,0.3,0.4,0.4
1974,2,168.0,28.0,18.43,20.0,22.0,20.09,19.0,1.45,14.0,0.6,0.5,0.4,16.0,18.7,20.73,18.61,21.0,2.56,12.0,0.6,0.5,0.4,7.28,9.84,13.99,10.12,19.0,2.73,14.0,0.6,0.5,0.4,62.5,74.3,94.2,75.6,19.0,13.9,14.0,0.6,0.4,3.62,6.45,14.38,7.66,20.0,4.8,12.0,0.6,0.5,0.4,-0.88,3.14,6.66,1.83,20.0,5.83,12.0,0.6,0.5,0.4,-9.19,0.0,4.53,-0.29,20.0,6.87,12.0,0.6,0.5,0.4,1010.51,1012.5,1021.0,1014.83,20.0,6.37,12.0,0.6,0.5,0.4,2.0,6.0,8.0,5.2,21.0,2.8,12.0,0.6,0.5,0.4,-4.5,13.0,44.8,7.2,20.0,82.0,12.0,0.6,0.5,0.4,-126.3,0.0,29.5,-17.8,20.0,82.5,12.0,0.6,0.5,0.4,-0.74,2.0,2.86,1.62,19.0,2.31,14.0,0.6,0.5,0.4,-0.8,10.2,35.7,18.1,19.0,27.9,14.0,0.6,0.5,0.4,1.91,4.6,7.19,4.53,19.0,2.4,14.0,0.6,0.5,0.4,9.4,23.6,79.7,37.5,19.0,36.8,14.0,0.6,0.5,0.4,-16.6,61.8,107.0,35.5,20.0,102.3,12.0,0.6,0.5,0.4,-157.1,0.0,94.2,4.0,20.0,115.3,12.0,0.6,0.5,0.4,-12.0,35.6,48.7,16.6,19.0,53.7,14.0,0.6,0.5,0.4,-42.4,0.0,68.5,13.4,19.0,60.6,14.0,0.6,0.5,0.4,-10.2,6.5,25.0,5.3,19.0,32.3,14.0,0.6,0.5,0.4,-39.2,0.0,14.3,-8.3,19.0,41.2,14.0,0.6,0.5,0.4,47.5,269.5,2973.0,987.5,20.0,1350.0,12.0,0.6,0.5,0.4,45.0,270.0,2975.0,985.0,20.0,1350.0,12.0,0.6,0.5,0.4
1974,2,168.0,29.0,17.44,18.0,18.89,18.03,10.0,1.09,14.0,0.6,0.3,0.6,13.87,15.6,20.0,16.39,10.0,2.75,14.0,0.6,0.3,0.6,5.39,7.91,10.0,7.95,10.0,2.38,14.0,0.6,0.3,0.6,57.2,68.4,80.6,67.7,10.0,12.6,14.0,0.6,0.6,4.81,7.45,8.83,7.45,10.0,3.36,14.0,0.6,0.3,0.6,-2.28,2.23,4.82,1.06,10.0,5.57,14.0,0.6,0.3,0.6,-6.97,-1.19,6.01,-1.0,10.0,6.29,14.0,0.6,0.3,0.6,1018.04,1019.6,1021.79,1019.75,10.0,1.88,14.0,0.6,0.3,0.6,3.0,5.0,7.6,5.0,10.0,2.1,14.0,0.6,0.3,0.6,-10.5,13.5,40.0,-0.7,10.0,68.4,14.0,0.6,0.3,0.6,-58.7,-3.7,41.9,-16.0,10.0,63.3,14.0,0.6,0.3,0.6,-1.23,2.05,3.91,1.64,10.0,2.5,14.0,0.6,0.3,0.6,-6.5,12.8,31.8,10.7,10.0,21.4,14.0,0.6,0.3,0.6,2.74,4.65,7.17,4.83,10.0,2.2,14.0,0.6,0.3,0.6,17.1,27.2,56.2,35.1,10.0,20.4,14.0,0.6,0.3,0.6,-37.1,33.3,73.9,10.6,10.0,100.2,14.0,0.6,0.3,0.6,-97.0,-18.4,102.1,-10.8,10.0,109.7,14.0,0.6,0.3,0.6,-17.8,16.3,32.8,2.6,10.0,46.4,14.0,0.6,0.3,0.6,-47.5,-7.4,59.2,-1.1,10.0,58.2,14.0,0.6,0.3,0.6,-11.6,9.3,33.3,11.4,10.0,29.6,14.0,0.6,0.3,0.6,-35.1,-5.9,15.8,-9.4,10.0,25.9,14.0,0.6,0.3,0.6,112.5,415.0,696.0,679.0,10.0,1070.5,14.0,0.6,0.3,0.6,110.0,415.0,695.0,680.0,10.0,1070.0,14.0,0.6,0.3,0.6
1974,2,168.0,30.0,17.03,18.95,19.5,18.7,14.0,1.28,10.0,0.6,0.4,0.5,15.0,16.1,18.0,16.5,15.0,1.97,12.0,0.5,0.4,0.5,6.99,9.29,10.4,9.16,14.0,1.89,12.0,0.5,0.3,0.5,69.3,78.5,87.9,79.4,14.0,10.8,12.0,0.5,0.5,5.17,8.45,11.77,8.41,14.0,3.66,12.0,0.6,0.4,0.4,0.0,3.95,10.85,4.01,14.0,5.39,12.0,0.6,0.4,0.4,-6.58,0.87,5.23,0.43,14.0,6.55,12.0,0.6,0.4,0.4,1011.09,1015.0,1018.89,1015.23,15.0,3.81,12.0,0.5,0.4,0.5,3.1,6.5,8.0,6.0,14.0,2.0,10.0,0.6,0.4,0.5,0.0,21.8,121.1,38.3,14.0,62.3,12.0,0.6,0.4,0.4,-52.3,4.4,41.9,5.8,14.0,70.0,12.0,0.6,0.4,0.4,0.09,2.5,3.39,1.95,14.0,1.84,10.0,0.6,0.4,0.5,-0.5,19.4,37.4,16.0,13.0,19.3,10.0,0.6,0.4,0.5,2.35,4.74,5.83,4.09,13.0,2.08,12.0,0.5,0.3,0.5,12.6,29.8,62.9,34.6,12.0,26.6,12.0,0.6,0.3,0.5,0.0,59.6,153.8,64.7,14.0,88.6,12.0,0.6,0.4,0.4,-86.3,15.3,92.3,14.7,14.0,112.7,12.0,0.6,0.4,0.4,0.0,40.4,78.9,39.0,13.0,49.7,12.0,0.5,0.3,0.5,-49.9,0.0,69.0,7.1,13.0,67.2,12.0,0.5,0.3,0.5,0.0,14.2,38.2,18.7,12.0,30.4,12.0,0.6,0.3,0.5,-25.7,-4.2,11.6,-1.8,12.0,26.6,12.0,0.6,0.3,0.5,139.5,605.0,1630.5,876.0,14.0,736.0,12.0,0.6,0.4,0.4,140.0,605.0,1630.0,875.0,14.0,735.0,12.0,0.6,0.4,0.4
1974,2,168.0,31.0,16.18,17.0,18.0,16.98,13.0,0.91,12.0,0.5,0.4,0.4,14.0,15.5,16.5,15.37,14.0,1.75,12.0,0.5,0.4,0.5,7.62,8.63,10.57,8.96,13.0,1.84,12.0,0.5,0.4,0.5,70.6,82.1,95.0,82.1,13.0,11.9,12.0,0.5,0.5,6.29,9.25,13.77,10.02,14.0,4.03,12.0,0.5,0.4,0.5,-5.44,4.74,8.26,3.27,14.0,7.71,12.0,0.5,0.4,0.5,-6.92,-1.38,5.77,-0.48,14.0,7.29,12.0,0.5,0.4,0.5,1009.59,1016.5,1020.97,1015.41,14.0,5.76,12.0,0.5,0.4,0.5,2.9,6.0,8.0,5.5,13.0,2.4,12.0,0.5,0.4,0.5,-42.1,44.3,88.8,38.6,14.0,100.2,12.0,0.5,0.4,0.5,-74.5,-11.0,63.4,-2.7,14.0,104.6,12.0,0.5,0.4,0.5,-0.6,1.5,3.1,1.43,13.0,2.14,12.0,0.5,0.4,0.4,-6.5,11.2,32.4,13.7,13.0,25.8,12.0,0.5,0.4,0.4,1.06,3.07,4.03,2.61,12.0,1.7,12.0,0.6,0.5,0.4,7.2,20.7,36.1,23.9,12.0,21.2,12.0,0.6,0.5,0.4,-89.8,70.0,132.9,43.8,14.0,116.2,12.0,0.5,0.4,0.5,-96.9,-23.6,93.2,-0.4,14.0,116.1,12.0,0.5,0.4,0.5,-67.4,48.9,80.0,23.4,13.0,68.5,12.0,0.5,0.4,0.5,-56.1,-14.1,42.4,-1.5,13.0,73.5,12.0,0.5,0.4,0.5,-7.0,7.8,32.1,11.2,12.0,23.9,12.0,0.6,0.5,0.4,-23.2,-4.3,5.7,-9.2,12.0,16.5,12.0,0.6,0.5,0.4,252.0,822.0,2620.0,1491.5,14.0,1700.5,12.0,0.5,0.4,0.5,250.0,820.0,2620.0,1490.0,14.0,1700.0,12.0,0.5,0.4,0.5
1974,2,168.0,32.0,15.79,17.0,18.21,17.0,6.0,1.41,12.0,0.5,0.5,0.4,14.85,16.7,17.07,15.99,7.0,2.09,12.0,0.4,0.6,0.5,7.81,8.69,10.6,9.02,7.0,1.6,12.0,0.4,0.6,0.5,76.5,78.8,80.8,79.2,7.0,8.4,12.0,0.4,0.5,7.7,9.3,13.04,10.36,7.0,3.17,12.0,0.4,0.6,0.5,4.9,5.98,11.35,7.73,7.0,3.96,12.0,0.4,0.6,0.5,-5.92,-1.34,7.25,0.64,7.0,7.02,12.0,0.4,0.6,0.5,1005.42,1013.0,1013.55,1009.73,7.0,6.73,12.0,0.4,0.6,0.5,2.9,6.0,8.0,5.4,7.0,2.9,12.0,0.4,0.6,0.5,37.7,58.4,148.6,89.6,7.0,75.2,12.0,0.4,0.6,0.5,-83.4,-10.3,68.4,0.4,7.0,77.3,12.0,0.4,0.6,0.5,-0.56,0.5,3.29,1.13,6.0,1.99,12.0,0.5,0.5,0.4,-4.6,3.9,49.8,16.2,6.0,27.0,12.0,0.5,0.5,0.4,1.9,3.38,4.24,3.14,6.0,1.59,12.0,0.5,0.5,0.4,15.1,28.8,64.1,35.5,6.0,24.9,12.0,0.5,0.5,0.4,78.5,100.4,168.1,117.9,7.0,44.2,12.0,0.4,0.6,0.5,-94.5,-24.7,121.9,16.7,7.0,112.2,12.0,0.4,0.6,0.5,42.6,64.6,96.3,66.6,7.0,26.0,12.0,0.4,0.6,0.5,-51.4,-14.1,64.3,10.4,7.0,65.8,12.0,0.4,0.6,0.5,13.8,18.7,59.1,29.3,6.0,23.9,12.0,0.5,0.5,0.4,-24.2,-11.3,9.7,-8.0,6.0,21.3,12.0,0.5,0.5,0.4,456.5,804.5,2236.0,1397.5,7.0,1319.5,12.0,0.4,0.6,0.5,455.0,805.0,2235.0,1400.0,7.0,1320.0,12.0,0.4,0.6,0.5
1974,2,168.0,33.0,15.0,16.0,17.75,16.05,21.0,1.38,18.0,0.8,0.5,0.5,11.0,14.0,16.16,13.6,23.0,2.59,18.0,0.7,0.5,0.4,5.84,6.99,9.26,7.4,20.0,1.6,18.0,0.8,0.5,0.4,60.3,77.8,87.7,74.9,20.0,11.8,18.0,0.8,0.4,6.2,10.3,15.4,10.67,23.0,4.79,18.0,0.7,0.5,0.4,-1.59,5.83,11.22,4.99,23.0,7.74,18.0,0.7,0.5,0.4,-10.4,-3.52,2.68,-3.88,23.0,6.34,18.0,0.7,0.5,0.4,1005.77,1015.5,1021.4,1014.62,23.0,7.82,18.0,0.7,0.5,0.4,3.0,6.0,8.0,5.6,20.0,2.2,18.0,0.7,0.5,0.4,-18.9,43.2,144.0,67.6,23.0,121.8,18.0,0.7,0.5,0.4,-124.8,-32.8,24.1,-54.0,23.0,93.0,18.0,0.7,0.5,0.4,-0.66,3.0,4.48,2.44,21.0,2.86,18.0,0.8,0.5,0.5,-5.1,22.4,56.5,32.3,21.0,43.8,18.0,0.8,0.5,0.5,2.1,4.18,5.41,4.02,19.0,1.83,18.0,0.8,0.5,0.4,14.2,38.3,56.6,43.6,19.0,35.6,18.0,0.8,0.5,0.4,-16.7,83.8,166.3,62.7,23.0,103.2,18.0,0.7,0.5,0.4,-117.5,-33.5,40.0,-46.2,23.0,86.7,18.0,0.7,0.5,0.4,-24.4,36.2,88.7,28.5,20.0,61.3,18.0,0.8,0.5,0.4,-62.1,-18.8,21.1,-17.0,20.0,40.5,18.0,0.8,0.5,0.4,-10.1,13.8,42.9,22.4,19.0,43.5,18.0,0.8,0.5,0.4,-41.2,-8.4,8.8,-15.0,19.0,24.7,18.0,0.8,0.5,0.4,238.5,1092.5,3652.5,1931.5,23.0,2258.0,18.0,0.7,0.5,0.4,240.0,1095.0,3650.0,1930.0,23.0,2260.0,18.0,0.7,0.5,0.4
1974,2,168.0,34.0,13.84,14.5,15.12,14.39,7.0,2.01,18.0,0.6,0.4,0.3,12.63,14.0,16.1,14.17,9.0,1.71,16.0,0.7,0.5,0.3,6.64,8.03,10.96,8.38,7.0,2.23,16.0,0.7,0.4,0.3,71.5,79.2,95.3,82.1,7.0,11.9,16.0,0.7,0.3,9.3,10.3,11.8,11.71,9.0,4.42,16.0,0.7,0.5,0.3,-9.2,5.59,11.75,2.62,9.0,12.53,16.0,0.7,0.5,0.3,-1.98,0.0,1.87,-0.58,9.0,2.94,16.0,0.7,0.5,0.3,1007.02,1013.0,1024.56,1015.24,9.0,8.24,16.0,0.7,0.5,0.3,5.0,6.0,7.7,5.9,9.0,1.8,16.0,0.7,0.5,0.3,-88.9,48.7,138.7,64.1,9.0,205.5,16.0,0.7,0.5,0.3,-22.6,0.0,20.2,-5.1,9.0,27.6,16.0,0.7,0.5,0.3,-2.04,1.0,2.02,-0.04,7.0,2.16,18.0,0.6,0.4,0.3,-24.6,10.3,18.8,-6.1,7.0,31.5,18.0,0.6,0.4,0.3,-0.94,1.59,4.08,1.53,6.0,2.6,18.0,0.7,0.3,0.3,-10.2,17.5,39.0,15.0,6.0,26.1,18.0,0.7,0.3,0.3,-151.4,78.3,151.2,27.0,9.0,177.1,16.0,0.7,0.5,0.3,-25.5,0.0,28.9,-6.6,9.0,43.1,16.0,0.7,0.5,0.3,-110.4,-53.6,88.2,-1.2,7.0,117.9,16.0,0.7,0.4,0.3,-13.1,0.0,22.3,6.2,7.0,19.4,16.0,0.7,0.4,0.3,-37.3,3.3,18.5,-2.8,6.0,30.3,18.0,0.7,0.3,0.3,-5.2,-0.8,1.3,-1.1,6.0,4.6,18.0,0.7,0.3,0.3,804.5,1092.5,1643.0,2373.0,9.0,3751.0,16.0,0.7,0.5,0.3,805.0,1095.0,1645.0,2375.0,9.0,3750.0,16.0,0.7,0.5,0.3
1974,2,168.0,35.0,14.63,15.6,15.92,15.43,9.0,0.79,12.0,0.4,0.5,0.5,8.89,12.0,12.95,11.68,9.0,2.83,12.0,0.4,0.5,0.5,5.86,6.49,7.1,6.53,8.0,0.75,12.0,0.4,0.5,0.5,70.5,77.3,88.2,76.7,8.0,14.0,12.0,0.4,0.5,9.7,15.4,17.23,12.92,9.0,5.11,12.0,0.4,0.5,0.5,3.84,13.41,15.48,10.97,9.0,6.38,12.0,0.4,0.5,0.5,-9.29,-1.61,1.51,-2.93,9.0,5.32,12.0,0.4,0.5,0.5,1000.73,1005.0,1012.9,1008.37,9.0,8.81,12.0,0.4,0.5,0.5,5.3,7.0,7.7,6.6,9.0,1.3,12.0,0.4,0.5,0.5,37.8,234.6,250.8,167.6,9.0,114.0,12.0,0.4,0.5,0.5,-109.0,-15.0,3.2,-47.6,9.0,75.5,12.0,0.4,0.5,0.5,1.77,3.0,6.01,3.76,9.0,2.57,12.0,0.4,0.5,0.5,11.4,50.4,95.4,54.7,9.0,45.2,12.0,0.4,0.5,0.5,3.39,4.24,5.66,4.37,8.0,1.18,12.0,0.4,0.5,0.5,35.2,63.3,81.1,58.8,8.0,28.1,12.0,0.4,0.5,0.5,44.4,127.4,189.2,124.7,9.0,76.8,12.0,0.4,0.5,0.5,-79.3,-27.5,19.6,-26.7,9.0,52.1,12.0,0.4,0.5,0.5,56.3,84.7,109.1,78.4,8.0,37.9,12.0,0.4,0.5,0.5,-29.1,-4.7,12.4,-11.0,8.0,31.1,12.0,0.4,0.5,0.5,33.2,56.1,80.0,54.5,8.0,29.0,12.0,0.4,0.5,0.5,-30.7,-5.0,6.2,-10.4,8.0,19.4,12.0,0.4,0.5,0.5,927.0,3652.5,5125.5,2945.0,9.0,2117.0,12.0,0.4,0.5,0.5,925.0,3650.0,5125.0,2945.0,9.0,2115.0,12.0,0.4,0.5,0.5
1974,2,168.0,36.0,14.31,15.1,16.04,15.06,7.0,1.38,14.0,0.3,0.2,0.5,11.3,12.75,14.61,12.9,10.0,1.62,14.0,0.3,0.3,0.4,5.64,6.58,7.2,6.61,9.0,1.2,14.0,0.2,0.3,0.4,66.0,69.0,75.3,70.7,9.0,6.8,14.0,0.2,0.4,4.81,12.1,16.29,10.7,10.0,5.81,14.0,0.3,0.3,0.4,1.63,8.71,15.37,8.14,10.0,7.51,14.0,0.3,0.3,0.4,-3.7,2.48,6.08,1.53,10.0,5.33,14.0,0.3,0.3,0.4,996.26,1008.25,1015.06,1007.37,10.0,11.09,14.0,0.3,0.3,0.4,4.9,7.0,8.0,6.6,10.0,1.8,14.0,0.3,0.3,0.4,6.2,108.8,250.6,123.2,10.0,122.2,14.0,0.3,0.3,0.4,-26.3,14.6,79.8,19.4,10.0,66.5,14.0,0.3,0.3,0.4,-0.06,1.0,4.12,1.67,7.0,2.09,14.0,0.3,0.2,0.5,-0.3,7.7,43.8,19.3,7.0,28.9,14.0,0.3,0.2,0.5,2.44,3.79,5.06,3.87,7.0,1.44,14.0,0.3,0.2,0.5,13.5,33.8,54.0,38.9,7.0,31.2,14.0,0.3,0.2,0.5,18.1,115.0,184.7,101.1,10.0,96.7,14.0,0.3,0.3,0.4,-51.7,32.8,74.2,16.8,10.0,71.9,14.0,0.3,0.3,0.4,7.2,34.1,89.1,46.3,9.0,48.4,14.0,0.2,0.3,0.4,-31.0,14.4,43.7,6.8,9.0,41.7,14.0,0.2,0.3,0.4,2.3,18.8,37.0,27.2,7.0,35.7,14.0,0.3,0.2,0.5,-17.2,0.0,20.9,4.6,7.0,23.9,14.0,0.3,0.2,0.5,112.5,1889.0,4322.5,2140.0,10.0,2039.5,14.0,0.3,0.3,0.4,110.0,1890.0,4320.0,2140.0,10.0,2040.0,14.0,0.3,0.3,0.4
1974,2,168.0,37.0,11.1,13.2,14.57,13.19,10.0,1.98,14.0,0.7,0.5,0.2,8.8,9.75,12.48,10.34,12.0,2.03,16.0,0.8,0.5,0.3,4.69,5.6,6.57,5.65,10.0,1.36,14.0,0.8,0.5,0.2,65.2,71.7,87.5,71.9,10.0,16.9,14.0,0.8,0.2,4.97,10.05,13.54,9.55,12.0,4.68,16.0,0.8,0.5,0.3,0.97,4.11,10.13,5.38,12.0,6.38,16.0,0.8,0.5,0.3,-10.92,-2.3,3.28,-2.78,12.0,6.38,16.0,0.8,0.5,0.3,1003.47,1010.5,1021.76,1011.08,12.0,8.39,16.0,0.8,0.5,0.3,3.0,7.0,8.0,6.2,12.0,2.2,16.0,0.8,0.5,0.3,12.3,35.5,125.7,68.8,12.0,102.1,16.0,0.8,0.5,0.3,-131.2,-11.8,16.7,-42.1,12.0,77.4,16.0,0.8,0.5,0.3,1.23,4.2,5.5,3.37,10.0,2.95,14.0,0.7,0.5,0.2,7.9,37.2,85.9,40.1,10.0,42.0,14.0,0.7,0.5,0.2,2.43,4.38,5.51,4.1,8.0,1.73,12.0,0.8,0.5,0.2,12.7,37.0,77.6,42.7,8.0,31.1,12.0,0.8,0.5,0.2,9.7,48.4,98.0,49.7,12.0,62.7,16.0,0.8,0.5,0.3,-102.2,-24.4,29.2,-23.3,12.0,65.6,16.0,0.8,0.5,0.3,-2.9,27.0,60.1,30.9,10.0,34.4,14.0,0.8,0.5,0.2,-22.3,-6.0,20.3,-6.7,10.0,28.1,14.0,0.8,0.5,0.2,-10.2,12.3,51.8,18.9,8.0,34.7,12.0,0.8,0.5,0.2,-29.6,-5.2,7.6,-11.7,8.0,35.8,12.0,0.8,0.5,0.2,123.5,1032.0,2529.5,1482.5,12.0,1863.5,16.0,0.8,0.5,0.3,125.0,1030.0,2530.0,1485.0,12.0,1865.0,16.0,0.8,0.5,0.3
1974,2,168.0,38.0,12.0,13.0,14.5,13.07,7.0,1.06,16.0,0.6,0.4,0.4,7.81,10.0,13.19,10.61,9.0,3.66,14.0,0.7,0.4,0.4,4.9,5.79,8.91,6.89,6.0,2.74,16.0,0.7,0.4,0.3,77.8,83.7,88.5,82.4,6.0,9.6,16.0,0.7,0.3,9.3,12.9,16.89,12.99,9.0,3.85,14.0,0.7,0.4,0.4,-7.12,8.29,16.37,4.37,9.0,12.19,14.0,0.7,0.4,0.4,-5.98,0.0,5.43,-0.61,9.0,5.85,14.0,0.7,0.4,0.4,999.2,1008.5,1020.0,1008.82,9.0,10.48,14.0,0.7,0.4,0.4,3.0,7.0,8.0,5.9,8.0,2.4,14.0,0.6,0.5,0.4,-66.3,107.0,277.2,87.9,9.0,187.3,14.0,0.7,0.4,0.4,-55.6,0.0,55.0,-3.8,9.0,69.9,14.0,0.7,0.4,0.4,0.24,2.0,5.67,2.43,7.0,4.32,16.0,0.6,0.4,0.4,6.6,18.6,73.1,35.8,7.0,50.7,16.0,0.6,0.4,0.4,1.22,3.04,4.07,2.46,6.0,2.78,16.0,0.7,0.4,0.3,13.6,37.4,51.4,32.1,6.0,31.0,16.0,0.7,0.4,0.3,-88.5,45.6,176.7,37.2,9.0,136.9,14.0,0.7,0.4,0.4,-58.3,0.0,67.6,7.3,9.0,62.2,14.0,0.7,0.4,0.4,-47.8,2.3,84.4,18.5,6.0,80.2,16.0,0.7,0.4,0.3,-39.0,-20.8,35.6,-4.3,6.0,46.4,16.0,0.7,0.4,0.3,-19.4,27.1,45.4,16.9,6.0,32.4,16.0,0.7,0.4,0.3,-28.7,-15.9,-5.0,-18.2,6.0,20.2,16.0,0.7,0.4,0.3,804.5,2146.5,4983.5,2726.0,9.0,2365.5,14.0,0.7,0.4,0.4,805.0,2145.0,4985.0,2725.0,9.0,2365.0,14.0,0.7,0.4,0.4
1974,2,168.0,39.0,11.21,12.0,12.1,11.68,4.0,0.79,10.0,0.8,0.1,0.4,8.37,9.0,13.1,10.5,5.0,2.97,14.0,0.6,0.2,0.4,4.55,5.17,6.7,5.61,4.0,1.57,10.0,0.8,0.1,0.4,66.8,74.8,75.7,71.5,4.0,7.6,10.0,0.8,0.4,7.77,12.9,13.45,10.92,5.0,3.76,14.0,0.6,0.2,0.4,-5.43,4.42,7.38,1.92,5.0,7.76,14.0,0.6,0.2,0.4,0.01,8.05,12.25,6.16,5.0,7.14,14.0,0.6,0.2,0.4,1001.09,1005.4,1026.83,1012.38,5.0,14.07,14.0,0.6,0.2,0.4,2.6,6.0,7.4,5.2,5.0,2.6,14.0,0.6,0.2,0.4,-74.0,22.5,84.6,12.3,5.0,100.1,14.0,0.6,0.2,0.4,-12.5,74.9,164.8,73.4,5.0,98.5,14.0,0.6,0.2,0.4,-0.93,3.15,3.88,1.55,4.0,4.08,10.0,0.8,0.1,0.4,-15.8,36.9,50.3,18.2,4.0,51.9,10.0,0.8,0.1,0.4,1.53,3.65,4.29,2.94,4.0,2.09,10.0,0.8,0.1,0.4,19.5,45.2,49.7,35.1,4.0,24.6,10.0,0.8,0.1,0.4,-65.3,40.5,68.2,11.4,5.0,73.0,14.0,0.6,0.2,0.4,6.9,70.1,137.7,72.1,5.0,81.7,14.0,0.6,0.2,0.4,-37.0,-7.4,40.5,1.3,4.0,47.0,10.0,0.8,0.1,0.4,4.9,51.1,82.2,43.9,4.0,50.3,10.0,0.8,0.1,0.4,-12.3,10.9,35.4,11.5,4.0,30.7,10.0,0.8,0.1,0.4,-9.8,17.8,39.3,14.9,4.0,28.9,10.0,0.8,0.1,0.4,559.0,2146.5,2453.0,1643.5,5.0,1150.5,14.0,0.6,0.2,0.4,560.0,2145.0,2455.0,1645.0,5.0,1150.0,14.0,0.6,0.2,0.4
1974,2,168.0,40.0,9.56,11.0,13.27,11.6,8.0,2.85,8.0,0.1,0.4,0.5,4.04,6.75,7.94,6.28,8.0,1.9,8.0,0.1,0.4,0.5,4.34,4.62,6.23,5.11,8.0,1.03,8.0,0.1,0.4,0.5,75.7,85.9,93.3,84.4,8.0,8.6,8.0,0.1,0.5,6.81,9.8,14.23,10.23,8.0,3.73,8.0,0.1,0.4,0.5,-0.84,6.79,13.29,6.16,8.0,7.62,8.0,0.1,0.4,0.5,-3.19,-0.58,7.13,0.65,8.0,5.61,8.0,0.1,0.4,0.5,993.95,1000.15,1001.44,997.69,8.0,6.78,8.0,0.1,0.4,0.5,3.9,6.0,7.0,5.4,7.0,2.0,8.0,0.1,0.5,0.5,-6.9,64.6,200.0,83.8,8.0,99.0,8.0,0.1,0.4,0.5,-33.9,-3.9,55.9,-0.4,8.0,62.1,8.0,0.1,0.4,0.5,2.0,5.05,7.78,5.33,8.0,3.85,8.0,0.1,0.4,0.5,22.1,35.2,86.6,49.4,8.0,32.4,8.0,0.1,0.4,0.5,1.89,3.32,4.62,3.61,8.0,2.11,8.0,0.1,0.4,0.5,19.4,30.0,51.9,35.2,8.0,20.3,8.0,0.1,0.4,0.5,-7.0,33.4,93.2,42.0,8.0,49.4,8.0,0.1,0.4,0.5,-16.1,-2.3,52.1,7.3,8.0,41.9,8.0,0.1,0.4,0.5,-5.7,32.5,63.1,30.7,8.0,37.1,8.0,0.1,0.4,0.5,-12.9,-2.5,44.1,7.1,8.0,32.1,8.0,0.1,0.4,0.5,-0.4,19.1,42.0,16.4,8.0,34.1,8.0,0.1,0.4,0.5,-11.8,-2.8,15.0,-1.6,8.0,18.9,8.0,0.1,0.4,0.5,318.0,948.5,2893.0,1446.5,8.0,1324.5,8.0,0.1,0.4,0.5,320.0,950.0,2895.0,1445.0,8.0,1325.0,8.0,0.1,0.4,0.5
1974,2,168.0,41.0,8.96,9.3,10.75,9.76,5.0,0.97,14.0,0.2,0.5,0.3,5.69,8.5,9.37,7.76,5.0,2.0,14.0,0.2,0.5,0.3,3.93,4.75,6.43,5.12,5.0,1.58,14.0,0.2,0.5,0.3,63.3,74.9,88.9,76.2,5.0,15.4,14.0,0.2,0.3,10.82,12.9,20.31,14.92,5.0,5.99,14.0,0.2,0.5,0.3,4.55,11.17,19.59,12.13,5.0,8.05,14.0,0.2,0.5,0.3,-8.55,-6.45,2.01,-3.91,5.0,6.8,14.0,0.2,0.5,0.3,996.42,1003.4,1016.58,1005.88,5.0,12.49,14.0,0.2,0.5,0.3,4.6,7.0,8.0,6.4,5.0,1.8,14.0,0.2,0.5,0.3,48.3,144.1,401.9,216.9,5.0,203.7,14.0,0.2,0.5,0.3,-135.5,-83.2,14.5,-64.7,5.0,82.6,14.0,0.2,0.5,0.3,0.38,0.8,3.98,2.0,5.0,2.28,14.0,0.2,0.5,0.3,2.7,18.1,51.3,26.7,5.0,29.3,14.0,0.2,0.5,0.3,1.15,2.45,3.56,2.43,5.0,1.64,14.0,0.2,0.5,0.3,23.3,36.3,52.5,36.8,5.0,21.8,14.0,0.2,0.5,0.3,38.2,64.8,172.2,97.6,5.0,74.2,14.0,0.2,0.5,0.3,-61.5,-37.4,20.1,-21.5,5.0,50.0,14.0,0.2,0.5,0.3,26.9,48.2,102.3,62.9,5.0,46.8,14.0,0.2,0.5,0.3,-34.0,-27.8,14.9,-11.5,5.0,32.7,14.0,0.2,0.5,0.3,14.4,31.4,38.1,26.7,5.0,15.9,14.0,0.2,0.5,0.3,-33.1,-15.9,0.9,-18.1,5.0,24.7,14.0,0.2,0.5,0.3,1499.0,2146.5,8569.5,4614.0,5.0,4561.0,14.0,0.2,0.5,0.3,1500.0,2145.0,8570.0,4615.0,5.0,4560.0,14.0,0.2,0.5,0.3
1974,2,168.0,42.0,7.0,8.0,9.1,8.08,6.0,1.2,16.0,0.3,0.4,0.6,2.9,4.25,5.31,4.25,6.0,1.44,16.0,0.3,0.4,0.6,3.99,4.2,4.46,4.23,6.0,0.29,16.0,0.3,0.4,0.6,77.1,80.9,85.8,81.4,6.0,6.4,16.0,0.3,0.6,7.05,13.9,18.09,14.04,7.0,8.51,14.0,0.4,0.4,0.6,-3.25,8.74,13.86,6.37,7.0,12.28,14.0,0.4,0.4,0.6,-11.63,-3.18,3.26,-4.64,7.0,8.91,14.0,0.4,0.4,0.6,992.67,995.5,1008.09,999.27,7.0,9.48,14.0,0.4,0.4,0.6,6.8,7.5,8.0,7.3,6.0,0.8,16.0,0.3,0.4,0.6,-22.5,81.3,255.9,132.7,7.0,286.2,14.0,0.4,0.4,0.6,-214.7,-29.6,16.7,-115.2,7.0,222.4,14.0,0.4,0.4,0.6,3.28,4.5,4.6,3.83,6.0,1.66,16.0,0.3,0.4,0.6,16.1,34.8,79.5,42.7,6.0,31.3,16.0,0.3,0.4,0.6,1.97,2.65,3.18,2.57,6.0,0.72,16.0,0.3,0.4,0.6,14.8,21.2,51.8,29.3,6.0,18.0,16.0,0.3,0.4,0.6,-22.2,22.0,67.5,17.7,6.0,49.8,16.0,0.3,0.4,0.6,-56.6,-3.2,15.9,-14.0,6.0,35.1,16.0,0.3,0.4,0.6,-21.4,32.5,51.8,16.5,6.0,46.4,16.0,0.3,0.4,0.6,-43.5,-3.8,14.5,-10.5,6.0,29.8,16.0,0.3,0.4,0.6,-17.1,15.5,24.2,5.6,6.0,30.8,16.0,0.3,0.4,0.6,-17.7,-2.3,12.1,-4.0,6.0,18.5,16.0,0.3,0.4,0.6,358.5,2685.5,6368.0,5749.5,7.0,9361.5,14.0,0.4,0.4,0.6,360.0,2685.0,6370.0,5750.0,7.0,9360.0,14.0,0.4,0.4,0.6
1974,2,168.0,43.0,6.38,7.95,8.0,7.23,4.0,1.48,14.0,0.0,0.4,0.3,4.64,6.6,7.88,6.28,4.0,2.17,14.0,0.0,0.4,0.3,4.51,5.34,6.11,5.31,4.0,1.1,14.0,0.0,0.4,0.3,83.5,86.4,92.1,87.7,4.0,6.5,14.0,0.0,0.3,6.81,10.0,13.45,10.13,4.0,4.34,14.0,0.0,0.4,0.3,-3.32,-1.34,3.49,0.02,4.0,4.72,14.0,0.0,0.4,0.3,0.95,8.45,13.33,7.2,4.0,8.01,14.0,0.0,0.4,0.3,989.59,999.1,1010.6,1000.05,4.0,13.89,14.0,0.0,0.4,0.3,5.4,7.0,7.5,6.5,4.0,1.7,14.0,0.0,0.4,0.3,-31.1,-10.0,30.4,-0.8,4.0,42.6,14.0,0.0,0.4,0.3,14.4,88.2,183.2,98.3,4.0,107.8,14.0,0.0,0.4,0.3,-1.39,0.75,3.31,0.95,4.0,2.93,14.0,0.0,0.4,0.3,-16.7,4.9,20.3,1.9,4.0,22.3,14.0,0.0,0.4,0.3,0.0,0.82,2.2,1.09,4.0,1.33,14.0,0.0,0.4,0.3,0.0,6.9,14.0,7.0,4.0,8.1,14.0,0.0,0.4,0.3,-18.2,-6.6,20.9,1.0,4.0,27.6,14.0,0.0,0.4,0.3,10.1,57.5,106.3,58.2,4.0,60.4,14.0,0.0,0.4,0.3,-16.6,-7.7,17.9,0.2,4.0,23.9,14.0,0.0,0.4,0.3,6.8,45.7,82.4,44.7,4.0,48.3,14.0,0.0,0.4,0.3,-5.5,0.0,5.7,0.1,4.0,8.8,14.0,0.0,0.4,0.3,-4.6,0.0,4.8,0.1,4.0,7.4,14.0,0.0,0.4,0.3,383.0,1050.5,2600.5,1471.5,4.0,1550.5,14.0,0.0,0.4,0.3,385.0,1050.0,2600.0,1470.0,4.0,1550.0,14.0,0.0,0.4,0.3
1974,2,168.0,44.0,3.27,8.0,8.0,6.0,5.0,2.83,6.0,1.0,0.4,0.4,2.0,4.0,4.37,3.4,5.0,1.34,6.0,1.0,0.4,0.4,3.07,3.08,4.25,3.56,5.0,0.67,6.0,1.0,0.4,0.4,64.6,69.5,83.0,72.5,5.0,11.8,6.0,1.0,0.4,5.89,9.3,17.37,10.8,5.0,6.95,6.0,1.0,0.4,0.4,3.44,7.53,17.1,9.4,5.0,7.85,6.0,1.0,0.4,0.4,-2.71,2.95,3.57,0.63,5.0,4.64,6.0,1.0,0.4,0.4,994.77,996.5,998.67,996.74,5.0,2.66,6.0,1.0,0.4,0.4,3.6,4.0,6.7,5.0,5.0,2.0,6.0,1.0,0.4,0.4,34.9,65.5,297.2,144.8,5.0,146.1,6.0,1.0,0.4,0.4,-24.3,37.8,52.4,15.6,5.0,50.7,6.0,1.0,0.4,0.4,1.27,3.0,4.0,2.6,5.0,1.67,6.0,1.0,0.4,0.4,1.9,17.4,69.5,32.1,5.0,35.3,6.0,1.0,0.4,0.4,1.79,2.31,3.0,2.4,5.0,0.84,6.0,1.0,0.4,0.4,9.4,17.7,42.7,24.1,5.0,18.2,6.0,1.0,0.4,0.4,5.8,15.1,68.4,32.0,5.0,34.6,6.0,1.0,0.4,0.4,-5.8,8.7,12.1,3.6,5.0,11.3,6.0,1.0,0.4,0.4,10.6,23.2,72.7,37.3,5.0,35.1,6.0,1.0,0.4,0.4,-8.4,12.2,13.6,3.4,5.0,15.4,6.0,1.0,0.4,0.4,3.8,15.3,42.1,21.0,5.0,20.8,6.0,1.0,0.4,0.4,-3.9,7.2,8.2,2.7,5.0,7.9,6.0,1.0,0.4,0.4,418.5,804.5,5248.5,2442.0,5.0,2712.0,6.0,1.0,0.4,0.4,420.0,805.0,5250.0,2440.0,5.0,2710.0,6.0,1.0,0.4,0.4
1974,2,168.0,45.0,5.38,6.75,7.6,6.33,6.0,1.83,18.0,0.5,0.4,0.4,2.69,4.25,6.21,4.33,6.0,2.04,18.0,0.5,0.4,0.4,3.27,3.59,4.52,3.89,6.0,0.81,18.0,0.5,0.4,0.4,67.2,77.4,82.2,75.3,6.0,9.5,18.0,0.5,0.4,4.48,6.15,8.43,6.17,6.0,2.6,18.0,0.5,0.4,0.4,-3.36,-0.87,2.91,-0.82,6.0,4.43,18.0,0.5,0.4,0.4,-5.44,-2.4,1.66,-1.43,6.0,5.43,18.0,0.5,0.4,0.4,1007.28,1017.75,1025.21,1016.55,6.0,9.79,18.0,0.5,0.4,0.4,2.8,4.0,7.2,4.7,6.0,2.3,18.0,0.5,0.4,0.4,-20.9,-2.2,23.0,-3.3,6.0,36.7,18.0,0.5,0.4,0.4,-30.7,-12.2,15.5,-4.0,6.0,42.8,18.0,0.5,0.4,0.4,0.98,2.25,3.21,2.0,6.0,1.7,18.0,0.5,0.4,0.4,1.4,11.8,21.3,10.6,6.0,12.1,18.0,0.5,0.4,0.4,1.21,2.3,2.75,2.04,6.0,1.01,18.0,0.5,0.4,0.4,6.1,10.3,15.0,10.9,6.0,6.0,18.0,0.5,0.4,0.4,-15.1,-4.4,9.7,-1.6,6.0,19.5,18.0,0.5,0.4,0.4,-19.1,-5.1,11.6,0.7,6.0,28.9,18.0,0.5,0.4,0.4,-11.5,-3.7,11.5,-1.5,6.0,17.3,18.0,0.5,0.4,0.4,-21.0,-9.5,8.9,-3.1,6.0,24.7,18.0,0.5,0.4,0.4,-9.7,-1.8,2.1,-4.3,6.0,9.0,18.0,0.5,0.4,0.4,-10.5,-4.8,0.6,-4.9,6.0,6.8,18.0,0.5,0.4,0.4,107.0,253.0,603.5,334.0,6.0,302.0,18.0,0.5,0.4,0.4,105.0,255.0,605.0,335.0,6.0,300.0,18.0,0.5,0.4,0.4
1974,2,168.0,46.0,2.11,3.0,4.0,3.13,8.0,1.25,18.0,0.6,0.5,0.4,2.0,2.5,7.45,3.5,8.0,2.93,18.0,0.6,0.5,0.4,3.54,3.89,5.61,4.21,8.0,1.22,18.0,0.6,0.5,0.4,77.1,85.3,93.1,83.9,8.0,10.2,18.0,0.6,0.4,4.0,9.3,14.89,9.59,8.0,5.21,18.0,0.6,0.5,0.4,0.35,4.01,8.66,4.61,8.0,4.31,18.0,0.6,0.5,0.4,-9.41,2.07,8.56,-0.02,8.0,9.45,18.0,0.6,0.5,0.4,994.11,1011.25,1019.24,1009.03,8.0,13.18,18.0,0.6,0.5,0.4,3.2,8.0,8.0,6.4,8.0,2.3,18.0,0.6,0.5,0.4,1.4,31.5,150.2,58.9,8.0,72.5,18.0,0.6,0.5,0.4,-139.9,6.7,79.6,-24.4,8.0,132.8,18.0,0.6,0.5,0.4,-4.67,1.0,2.89,-0.37,8.0,3.58,18.0,0.6,0.5,0.4,-43.4,5.4,29.8,-3.8,8.0,36.7,18.0,0.6,0.5,0.4,-1.29,1.03,1.84,0.55,8.0,1.45,18.0,0.6,0.5,0.4,-12.7,5.8,14.8,4.2,8.0,14.3,18.0,0.6,0.5,0.4,0.0,13.6,23.0,11.4,8.0,11.4,18.0,0.6,0.5,0.4,-18.8,4.4,64.5,15.6,8.0,42.2,18.0,0.6,0.5,0.4,0.9,17.9,32.7,18.6,8.0,17.4,18.0,0.6,0.5,0.4,-38.0,6.7,51.1,5.4,8.0,43.1,18.0,0.6,0.5,0.4,-1.8,3.9,11.1,4.1,8.0,6.8,18.0,0.6,0.5,0.4,-15.0,-10.0,2.2,-8.3,8.0,8.9,18.0,0.6,0.5,0.4,83.0,804.5,3387.0,1600.5,8.0,2066.5,18.0,0.6,0.5,0.4,85.0,805.0,3385.0,1600.0,8.0,2065.0,18.0,0.6,0.5,0.4
1974,2,168.0,47.0,4.59,6.0,6.18,5.4,5.0,1.39,16.0,0.8,0.6,0.5,2.0,2.75,3.62,3.08,6.0,1.5,18.0,0.8,0.7,0.5,3.21,3.7,4.45,3.85,5.0,0.95,16.0,0.8,0.6,0.5,70.5,83.5,87.5,79.5,5.0,12.4,16.0,0.8,0.5,3.5,8.0,16.13,10.22,6.0,8.14,18.0,0.8,0.7,0.5,-9.54,-3.15,1.3,-4.86,6.0,9.92,18.0,0.8,0.7,0.5,-3.56,0.09,8.52,1.74,6.0,7.81,18.0,0.8,0.7,0.5,1008.74,1016.8,1019.1,1013.66,5.0,9.53,16.0,0.8,0.6,0.5,6.0,7.0,8.0,7.0,6.0,1.1,18.0,0.8,0.7,0.5,-162.5,-10.6,8.7,-101.3,6.0,233.3,18.0,0.8,0.7,0.5,-55.3,0.6,92.5,6.1,6.0,130.6,18.0,0.8,0.7,0.5,0.13,3.0,3.55,2.1,5.0,2.04,16.0,0.8,0.6,0.5,0.4,10.8,16.2,8.5,5.0,10.3,16.0,0.8,0.6,0.5,0.84,1.83,2.6,1.72,5.0,1.07,16.0,0.8,0.6,0.5,5.7,10.7,11.7,8.9,5.0,3.9,16.0,0.8,0.6,0.5,-21.4,-8.0,3.9,-9.7,6.0,21.5,18.0,0.8,0.7,0.5,-8.9,0.8,31.4,13.2,6.0,36.3,18.0,0.8,0.7,0.5,-14.4,-9.5,9.0,-3.2,5.0,17.2,16.0,0.8,0.6,0.5,-5.8,3.5,42.9,18.0,5.0,34.2,16.0,0.8,0.6,0.5,-8.3,-6.9,4.2,-2.6,5.0,8.7,16.0,0.8,0.6,0.5,-3.1,2.7,5.5,1.7,5.0,5.2,16.0,0.8,0.6,0.5,43.0,552.5,5243.0,3156.0,6.0,5920.5,18.0,0.8,0.7,0.5,45.0,555.0,5245.0,3155.0,6.0,5920.0,18.0,0.8,0.7,0.5
1974,2,168.0,48.0,2.63,3.5,3.9,3.29,9.0,0.68,16.0,0.3,0.3,0.4,0.21,1.25,4.36,2.03,10.0,2.06,16.0,0.3,0.3,0.4,3.46,3.72,4.21,3.85,9.0,0.52,16.0,0.3,0.3,0.4,76.3,84.2,96.0,86.1,9.0,9.3,16.0,0.3,0.4,4.6,7.45,15.4,8.78,10.0,4.9,16.0,0.3,0.3,0.4,-4.19,0.0,2.55,-0.37,10.0,3.29,16.0,0.3,0.3,0.4,-3.78,4.27,15.4,5.1,10.0,8.35,16.0,0.3,0.3,0.4,1001.93,1010.4,1016.2,1009.02,10.0,10.76,16.0,0.3,0.3,0.4,3.8,7.0,8.0,6.0,9.0,2.8,16.0,0.3,0.3,0.4,-34.5,0.0,12.7,-6.1,10.0,21.9,16.0,0.3,0.3,0.4,-15.4,26.6,237.2,77.5,10.0,115.2,16.0,0.3,0.3,0.4,-0.94,2.0,2.8,1.03,9.0,1.93,16.0,0.3,0.3,0.4,-14.4,8.7,20.3,2.5,9.0,17.3,16.0,0.3,0.3,0.4,0.61,0.91,1.56,0.96,9.0,0.51,16.0,0.3,0.3,0.4,3.9,7.4,10.5,7.2,9.0,3.6,16.0,0.3,0.3,0.4,-4.2,0.0,0.2,-2.6,10.0,6.2,16.0,0.3,0.3,0.4,-4.0,4.4,60.5,21.3,10.0,34.6,16.0,0.3,0.3,0.4,-15.8,0.0,4.1,-3.0,9.0,11.7,16.0,0.3,0.3,0.4,-12.9,17.2,64.2,23.6,9.0,36.9,16.0,0.3,0.3,0.4,-4.4,0.0,2.1,-1.0,9.0,3.9,16.0,0.3,0.3,0.4,-6.3,1.6,8.3,1.4,9.0,7.3,16.0,0.3,0.3,0.4,97.5,415.0,3652.5,1295.0,10.0,1642.5,16.0,0.3,0.3,0.4,95.0,415.0,3650.0,1295.0,10.0,1645.0,16.0,0.3,0.3,0.4
1974,2,168.0,49.0,3.0,3.0,3.56,3.26,5.0,0.43,20.0,0.2,0.5,0.3,0.92,3.0,3.81,2.68,6.0,1.67,18.0,0.2,0.5,0.3,3.25,4.11,4.5,3.88,6.0,0.74,18.0,0.2,0.5,0.3,79.1,83.8,91.8,83.2,6.0,9.8,18.0,0.2,0.3,6.42,9.0,12.54,9.07,6.0,4.62,18.0,0.2,0.5,0.3,-9.38,-8.2,-5.54,-7.01,6.0,4.05,18.0,0.2,0.5,0.3,-1.83,-0.57,7.44,2.31,6.0,6.19,18.0,0.2,0.5,0.3,997.71,1008.75,1013.84,1006.6,6.0,7.83,18.0,0.2,0.5,0.3,3.3,4.0,5.4,4.3,3.0,1.5,10.0,0.0,0.8,0.3,-119.0,-80.4,-43.9,-75.7,6.0,45.4,18.0,0.2,0.5,0.3,-16.1,-0.9,97.7,39.7,6.0,87.4,18.0,0.2,0.5,0.3,-0.94,-0.5,1.41,0.16,5.0,1.77,20.0,0.2,0.5,0.3,-13.3,-0.7,11.2,-1.1,5.0,17.8,20.0,0.2,0.5,0.3,0.25,0.54,1.02,0.67,5.0,0.6,20.0,0.2,0.5,0.3,2.7,4.7,9.5,5.9,5.0,4.7,20.0,0.2,0.5,0.3,-36.3,-14.5,-3.7,-17.6,6.0,17.2,18.0,0.2,0.5,0.3,-2.9,-0.5,30.2,13.3,6.0,27.7,18.0,0.2,0.5,0.3,-37.3,-29.8,-18.0,-26.1,6.0,16.4,18.0,0.2,0.5,0.3,-6.0,-2.1,31.4,11.0,6.0,26.9,18.0,0.2,0.5,0.3,-8.5,-4.7,-1.2,-5.0,5.0,4.8,20.0,0.2,0.5,0.3,-1.8,0.0,3.6,0.5,5.0,3.3,20.0,0.2,0.5,0.3,363.0,731.5,2058.0,1203.0,6.0,1315.0,18.0,0.2,0.5,0.3,365.0,730.0,2060.0,1205.0,6.0,1315.0,18.0,0.2,0.5,0.3
1974,2,168.0,50.0,2.5,3.5,4.37,3.27,9.0,1.37,16.0,0.3,0.4,0.4,-1.14,1.25,4.14,1.02,10.0,3.4,16.0,0.3,0.4,0.4,3.02,3.92,4.56,3.72,8.0,0.87,18.0,0.4,0.4,0.4,69.8,85.9,89.4,81.7,8.0,13.4,18.0,0.4,0.4,6.9,10.55,15.86,11.08,10.0,4.43,16.0,0.3,0.4,0.4,-10.61,-3.61,5.69,-2.74,10.0,8.17,16.0,0.3,0.4,0.4,-4.49,4.14,11.15,3.06,10.0,8.4,16.0,0.3,0.4,0.4,997.02,1010.25,1015.97,1006.91,10.0,11.77,16.0,0.3,0.4,0.4,4.1,7.5,8.0,6.5,8.0,1.9,16.0,0.4,0.3,0.4,-175.0,-23.1,52.9,-46.7,10.0,113.3,16.0,0.3,0.4,0.4,-56.5,27.8,155.7,35.2,10.0,119.9,16.0,0.3,0.4,0.4,0.08,1.5,3.37,1.91,9.0,2.35,16.0,0.3,0.4,0.4,0.8,17.9,33.4,22.8,9.0,34.2,16.0,0.3,0.4,0.4,0.64,0.98,1.79,1.22,8.0,0.77,18.0,0.4,0.4,0.4,7.0,9.0,18.4,12.9,8.0,8.8,18.0,0.4,0.4,0.4,-21.2,4.0,11.9,3.9,10.0,38.5,16.0,0.3,0.4,0.4,-4.0,10.9,42.4,16.7,10.0,25.0,16.0,0.3,0.4,0.4,-40.4,-4.8,21.7,-7.4,8.0,29.8,18.0,0.4,0.4,0.4,-10.7,20.9,50.2,17.7,8.0,37.3,18.0,0.4,0.4,0.4,-4.6,-1.5,6.0,1.5,8.0,11.9,18.0,0.4,0.4,0.4,-7.0,6.0,12.6,3.4,8.0,10.6,18.0,0.4,0.4,0.4,420.5,1223.5,4013.5,1930.5,10.0,1711.5,16.0,0.3,0.4,0.4,420.0,1225.0,4015.0,1930.0,10.0,1710.0,16.0,0.3,0.4,0.4
1974,2,168.0,51.0,2.56,3.4,4.0,3.24,8.0,0.89,14.0,0.5,0.3,0.4,-0.07,1.2,2.78,1.48,9.0,1.63,14.0,0.6,0.3,0.5,3.19,3.61,3.99,3.56,9.0,0.57,14.0,0.6,0.3,0.5,77.3,86.5,95.5,84.2,9.0,13.6,14.0,0.6,0.5,7.97,11.3,15.27,11.47,9.0,3.28,14.0,0.6,0.3,0.5,-11.33,-7.24,2.45,-4.52,9.0,8.61,14.0,0.6,0.3,0.5,-8.31,-2.67,8.08,-0.96,9.0,7.78,14.0,0.6,0.3,0.5,989.16,1009.0,1016.69,1005.02,9.0,12.94,14.0,0.6,0.3,0.5,4.1,7.0,8.0,6.4,8.0,1.8,14.0,0.5,0.3,0.4,-159.5,-55.7,24.0,-53.5,9.0,125.7,14.0,0.6,0.3,0.5,-80.4,-41.2,117.1,3.1,9.0,96.7,14.0,0.6,0.3,0.5,-0.33,2.0,3.5,1.7,8.0,2.12,14.0,0.5,0.3,0.4,-5.8,22.5,39.3,18.4,8.0,21.5,14.0,0.5,0.3,0.4,0.47,1.22,1.88,1.25,8.0,0.79,14.0,0.5,0.3,0.4,7.5,12.5,18.0,13.2,8.0,8.0,14.0,0.5,0.3,0.4,-23.9,-5.8,0.0,-7.8,9.0,16.9,14.0,0.6,0.3,0.5,-12.5,0.9,11.2,0.7,9.0,13.2,14.0,0.6,0.3,0.5,-41.7,-22.0,7.7,-16.8,9.0,32.7,14.0,0.6,0.3,0.5,-27.4,-10.8,29.4,-1.2,9.0,26.8,14.0,0.6,0.3,0.5,-12.0,-2.9,4.7,-5.0,8.0,9.7,14.0,0.5,0.3,0.4,-16.9,-7.0,3.9,-6.6,8.0,9.5,14.0,0.5,0.3,0.4,511.0,1443.0,3559.5,1842.0,9.0,1432.5,14.0,0.6,0.3,0.5,510.0,1445.0,3560.0,1840.0,9.0,1435.0,14.0,0.6,0.3,0.5
1974,2,168.0,52.0,1.79,2.75,4.71,3.25,8.0,1.57,16.0,0.1,0.4,0.5,-0.78,1.8,4.0,1.76,8.0,2.59,16.0,0.1,0.4,0.5,2.48,4.62,5.05,3.92,5.0,1.51,18.0,0.2,0.4,0.3,73.1,91.9,95.7,83.7,5.0,22.8,18.0,0.2,0.3,5.08,10.8,15.84,10.85,8.0,6.31,16.0,0.1,0.4,0.5,-8.05,-5.2,4.63,-3.53,8.0,6.49,16.0,0.1,0.4,0.5,-1.52,1.28,14.89,5.83,8.0,8.89,16.0,0.1,0.4,0.5,1002.72,1007.1,1013.65,1005.61,7.0,10.86,18.0,0.1,0.4,0.4,5.9,6.0,8.0,6.3,7.0,1.4,16.0,0.1,0.5,0.5,-136.9,-28.0,72.0,-34.0,8.0,92.7,16.0,0.1,0.4,0.5,-7.6,3.3,235.9,103.9,8.0,160.1,16.0,0.1,0.4,0.5,0.0,1.35,3.86,1.49,8.0,2.43,16.0,0.1,0.4,0.5,0.0,15.6,25.5,8.8,8.0,22.1,16.0,0.1,0.4,0.5,-0.1,1.16,1.96,0.95,5.0,1.27,18.0,0.2,0.4,0.3,-4.4,9.7,27.6,12.3,5.0,23.5,18.0,0.2,0.4,0.3,-16.4,1.4,13.3,-3.8,8.0,23.6,16.0,0.1,0.4,0.5,0.0,6.0,27.5,15.3,8.0,25.6,16.0,0.1,0.4,0.5,-32.1,-13.0,9.1,-12.5,5.0,31.7,18.0,0.2,0.4,0.3,0.0,12.4,51.4,25.4,5.0,33.2,18.0,0.2,0.4,0.3,-15.7,-9.7,-3.0,-9.3,5.0,7.0,18.0,0.2,0.4,0.3,-4.6,0.0,17.6,6.9,5.0,22.9,18.0,0.2,0.4,0.3,131.5,1402.5,3979.0,2443.5,8.0,3006.0,16.0,0.1,0.4,0.5,130.0,1405.0,3980.0,2445.0,8.0,3005.0,16.0,0.1,0.4,0.5
1974,2,168.0,53.0,1.38,2.0,4.37,2.72,5.0,1.7,14.0,0.6,0.2,0.4,-2.6,1.0,1.97,0.2,6.0,2.42,14.0,0.5,0.3,0.3,3.97,3.97,3.97,3.97,1.0,0.0,12.0,1.0,0.2,0.1,91.7,91.7,91.7,91.7,1.0,0.0,12.0,1.0,0.1,7.56,10.4,14.24,11.02,6.0,4.73,14.0,0.5,0.3,0.3,-11.58,-5.31,1.46,-5.37,6.0,8.98,14.0,0.5,0.3,0.3,-0.91,1.56,9.37,3.36,6.0,6.27,14.0,0.5,0.3,0.3,1001.0,1012.8,1017.29,1009.32,6.0,12.94,14.0,0.5,0.3,0.3,1.6,6.5,8.0,5.2,6.0,3.4,14.0,0.5,0.3,0.3,-149.6,-39.6,16.1,-76.2,6.0,151.7,14.0,0.5,0.3,0.3,-4.7,14.2,108.4,44.6,6.0,72.3,14.0,0.5,0.3,0.3,0.7,2.5,5.52,3.08,5.0,3.25,14.0,0.6,0.2,0.4,9.2,33.6,68.1,39.6,5.0,40.8,14.0,0.6,0.2,0.4,1.2,1.2,1.2,1.2,1.0,0.0,12.0,1.0,0.2,0.1,22.8,22.8,22.8,22.8,1.0,0.0,12.0,1.0,0.2,0.1,-28.6,-2.2,7.0,-6.3,6.0,19.2,14.0,0.5,0.3,0.3,-14.0,-1.8,4.4,-6.8,6.0,16.5,14.0,0.5,0.3,0.3,-75.4,-75.4,-75.4,-75.4,1.0,0.0,12.0,1.0,0.2,0.1,0.0,0.0,0.0,0.0,1.0,0.0,12.0,1.0,0.2,0.1,-22.8,-22.8,-22.8,-22.8,1.0,0.0,12.0,1.0,0.2,0.1,0.0,0.0,0.0,0.0,1.0,0.0,12.0,1.0,0.2,0.1,465.0,1136.0,3159.5,2002.0,6.0,2482.0,14.0,0.5,0.3,0.3,465.0,1135.0,3160.0,2000.0,6.0,2480.0,14.0,0.5,0.3,0.3
1974,2,168.0,54.0,,,,,,,,,,,,,,,,,,,,,,,,,,,,,,,,,,,,,,,,9.99,12.0,15.19,12.83,7.0,3.27,12.0,0.4,0.3,0.3,-13.07,-7.66,2.34,-6.19,7.0,8.28,12.0,0.4,0.3,0.3,-9.64,-6.3,7.73,-1.42,7.0,9.33,12.0,0.4,0.3,0.3,997.28,1014.7,1020.36,1009.51,7.0,11.57,14.0,0.4,0.2,0.2,,,,,,,,,,,,,,,,,,,,,,,,,,,,,,,,,,,,,,,,,,,,,,,,,,,,,,,,,,,,,,,,,,,,,,,,,,,,,,,,,,,,,,,,,,,,,,,,,,,,,,,,,,,,,,,,,,,,,,,,,,,,,,,,,,,,,,,,,,,,,,,,,,,,,,
1974,2,168.0,55.0,,,,,,,,,,,,,,,,,,,,,,,,,,,,,,,,,,,,,,,,9.4,10.8,16.4,12.64,5.0,4.26,4.0,0.4,0.3,0.6,-8.2,-3.3,8.89,-0.42,5.0,8.92,4.0,0.4,0.3,0.6,0.79,4.9,14.08,6.8,5.0,8.97,4.0,0.4,0.3,0.6,983.9,990.6,995.62,990.24,5.0,6.58,4.0,0.4,0.3,0.6,,,,,,,,,,,,,,,,,,,,,,,,,,,,,,,,,,,,,,,,,,,,,,,,,,,,,,,,,,,,,,,,,,,,,,,,,,,,,,,,,,,,,,,,,,,,,,,,,,,,,,,,,,,,,,,,,,,,,,,,,,,,,,,,,,,,,,,,,,,,,,,,,,,,,,
1974,2,168.0,56.0,,,,,,,,,,,,,,,,,,,,,,,,,,,,,,,,,,,,,,,,5.0,6.7,9.86,7.61,18.0,3.27,6.0,0.4,0.4,0.2,-6.96,-2.1,0.89,-2.9,18.0,4.9,6.0,0.4,0.4,0.2,-6.37,-4.7,3.69,-1.64,18.0,6.02,6.0,0.4,0.4,0.2,989.08,994.5,1008.67,999.27,19.0,15.76,6.0,0.4,0.4,0.2,,,,,,,,,,,,,,,,,,,,,,,,,,,,,,,,,,,,,,,,,,,,,,,,,,,,,,,,,,,,,,,,,,,,,,,,,,,,,,,,,,,,,,,,,,,,,,,,,,,,,,,,,,,,,,,,,,,,,,,,,,,,,,,,,,,,,,,,,,,,,,,,,,,,,,
1974,2,168.0,57.0,,,,,,,,,,,,,,,,,,,,,,,,,,,,,,,,,,,,,,,,14.9,14.9,14.9,14.9,1.0,0.0,10.0,0.0,0.0,0.5,7.45,7.45,7.45,7.45,1.0,0.0,10.0,0.0,0.0,0.5,-12.9,-12.9,-12.9,-12.9,1.0,0.0,10.0,0.0,0.0,0.5,1023.9,1023.9,1023.9,1023.9,1.0,0.0,10.0,0.0,0.0,0.5,,,,,,,,,,,,,,,,,,,,,,,,,,,,,,,,,,,,,,,,,,,,,,,,,,,,,,,,,,,,,,,,,,,,,,,,,,,,,,,,,,,,,,,,,,,,,,,,,,,,,,,,,,,,,,,,,,,,,,,,,,,,,,,,,,,,,,,,,,,,,,,,,,,,,,
1974,2,169.0,-77.0,0.44,0.75,1.06,0.75,2.0,0.64,10.0,1.0,0.2,0.7,-5.97,-4.6,-3.23,-4.6,2.0,2.83,10.0,1.0,0.2,0.7,1.91,2.06,2.21,2.06,2.0,0.31,10.0,1.0,0.2,0.7,63.6,76.2,88.9,76.2,2.0,26.2,10.0,1.0,0.7,4.39,8.25,12.11,8.25,2.0,7.99,10.0,1.0,0.2,0.7,-8.75,-4.67,-0.6,-4.67,2.0,8.45,10.0,1.0,0.2,0.7,3.31,5.59,7.87,5.59,2.0,4.73,10.0,1.0,0.2,0.7,972.48,978.9,985.32,978.9,2.0,13.29,10.0,1.0,0.2,0.7,7.2,7.5,7.8,7.5,2.0,0.7,10.0,1.0,0.2,0.7,-124.0,-72.3,-20.6,-72.3,2.0,107.0,10.0,1.0,0.2,0.7,24.6,65.0,105.4,65.0,2.0,83.7,10.0,1.0,0.2,0.7,4.29,5.35,6.41,5.35,2.0,2.19,10.0,1.0,0.2,0.7,23.5,52.9,82.3,52.9,2.0,60.8,10.0,1.0,0.2,0.7,1.85,2.07,2.28,2.07,2.0,0.45,10.0,1.0,0.2,0.7,9.1,15.3,21.5,15.3,2.0,12.8,10.0,1.0,0.2,0.7,8.3,33.4,58.6,33.4,2.0,52.1,10.0,1.0,0.2,0.7,-50.5,-32.4,-14.3,-32.4,2.0,37.6,10.0,1.0,0.2,0.7,-20.1,-11.0,-1.8,-11.0,2.0,18.9,10.0,1.0,0.2,0.7,6.7,12.3,17.8,12.3,2.0,11.5,10.0,1.0,0.2,0.7,-15.2,-7.8,-0.4,-7.8,2.0,15.4,10.0,1.0,0.2,0.7,7.0,10.5,14.0,10.5,2.0,7.3,10.0,1.0,0.2,0.7,441.0,1351.5,2262.0,1351.5,2.0,1886.5,10.0,1.0,0.2,0.7,440.0,1350.0,2260.0,1350.0,2.0,1885.0,10.0,1.0,0.2,0.7
1974,2,169.0,-76.0,-0.91,0.8,0.87,0.0,3.0,1.47,12.0,1.0,0.5,0.3,-2.64,-2.3,-1.96,-2.3,3.0,0.5,12.0,1.0,0.5,0.3,2.68,2.92,3.1,2.89,3.0,0.31,12.0,1.0,0.5,0.3,80.7,86.2,95.6,88.1,3.0,11.1,12.0,1.0,0.3,5.58,7.7,8.79,7.2,3.0,2.39,12.0,1.0,0.5,0.3,-5.75,1.57,5.44,-0.12,3.0,8.33,12.0,1.0,0.5,0.3,-1.29,1.61,3.46,1.1,3.0,3.51,12.0,1.0,0.5,0.3,981.3,985.6,987.51,984.43,3.0,4.66,12.0,1.0,0.5,0.3,6.0,6.0,6.7,6.3,3.0,0.6,12.0,1.0,0.5,0.3,-55.8,7.2,40.3,-7.4,3.0,71.6,12.0,1.0,0.5,0.3,-9.1,15.0,18.3,4.9,3.0,21.9,12.0,1.0,0.5,0.3,1.61,2.7,2.97,2.3,3.0,1.06,12.0,1.0,0.5,0.3,10.9,12.4,20.2,15.5,3.0,7.3,12.0,1.0,0.5,0.3,0.57,1.21,1.45,1.01,3.0,0.66,12.0,1.0,0.5,0.3,3.5,5.6,9.9,6.7,3.0,4.8,12.0,1.0,0.5,0.3,-12.3,-2.8,16.6,2.1,3.0,21.6,12.0,1.0,0.5,0.3,-6.7,-4.5,2.7,-2.1,3.0,7.2,12.0,1.0,0.5,0.3,-18.4,4.6,14.1,-2.0,3.0,24.5,12.0,1.0,0.5,0.3,-3.0,5.1,10.3,3.7,3.0,9.8,12.0,1.0,0.5,0.3,-1.1,1.9,8.3,3.6,3.0,7.0,12.0,1.0,0.5,0.3,-2.7,0.4,3.7,0.5,3.0,4.7,12.0,1.0,0.5,0.3,211.5,456.5,694.0,452.5,3.0,353.5,12.0,1.0,0.5,0.3,210.0,455.0,695.0,455.0,3.0,355.0,12.0,1.0,0.5,0.3
1974,2,169.0,-70.0,,,,,,,,,,,,,,,,,,,,,,,,,,,,,,,,,,,,,,,,2.42,3.1,3.78,3.1,2.0,1.41,6.0,0.0,0.8,0.7,1.46,1.7,1.94,1.7,2.0,0.5,6.0,0.0,0.8,0.7,-3.24,-2.58,-1.92,-2.58,2.0,1.37,6.0,0.0,0.8,0.7,988.7,988.7,988.7,988.7,1.0,0.0,2.0,0.0,0.7,1.0,5.0,5.0,5.0,5.0,1.0,0.0,10.0,0.0,0.8,0.4,3.7,5.6,7.5,5.6,2.0,3.9,6.0,0.0,0.8,0.7,-12.8,-9.0,-5.2,-9.0,2.0,7.9,6.0,0.0,0.8,0.7,,,,,,,,,,,,,,,,,,,,,,,,,,,,,,,,,,,,,,,,,,,,,,,,,,,,,,,,,,,,,,,,,,,,,,,,,,,,,,,,,,,,,,,,,,,,,,,,,,,,,,,,,,,,,,,,,,,,,,,,
1974,2,169.0,-66.0,1.8,1.8,1.8,1.8,1.0,0.0,6.0,1.0,0.1,0.5,0.0,0.0,0.0,0.0,1.0,0.0,6.0,1.0,0.1,0.5,3.63,3.63,3.63,3.63,1.0,0.0,6.0,1.0,0.1,0.5,93.0,93.0,93.0,93.0,1.0,0.0,6.0,1.0,0.5,9.8,9.8,9.8,9.8,1.0,0.0,6.0,1.0,0.1,0.5,8.49,8.49,8.49,8.49,1.0,0.0,6.0,1.0,0.1,0.5,-4.9,-4.9,-4.9,-4.9,1.0,0.0,6.0,1.0,0.1,0.5,981.1,981.1,981.1,981.1,1.0,0.0,6.0,1.0,0.1,0.5,7.0,7.0,7.0,7.0,1.0,0.0,6.0,1.0,0.1,0.5,83.2,83.2,83.2,83.2,1.0,0.0,6.0,1.0,0.1,0.5,-48.0,-48.0,-48.0,-48.0,1.0,0.0,6.0,1.0,0.1,0.5,1.8,1.8,1.8,1.8,1.0,0.0,6.0,1.0,0.1,0.5,17.6,17.6,17.6,17.6,1.0,0.0,6.0,1.0,0.1,0.5,0.82,0.82,0.82,0.82,1.0,0.0,6.0,1.0,0.1,0.5,8.0,8.0,8.0,8.0,1.0,0.0,6.0,1.0,0.1,0.5,0.0,0.0,0.0,0.0,1.0,0.0,6.0,1.0,0.1,0.5,0.0,0.0,0.0,0.0,1.0,0.0,6.0,1.0,0.1,0.5,30.8,30.8,30.8,30.8,1.0,0.0,6.0,1.0,0.1,0.5,-17.8,-17.8,-17.8,-17.8,1.0,0.0,6.0,1.0,0.1,0.5,6.9,6.9,6.9,6.9,1.0,0.0,6.0,1.0,0.1,0.5,-4.0,-4.0,-4.0,-4.0,1.0,0.0,6.0,1.0,0.1,0.5,941.0,941.0,941.0,941.0,1.0,0.0,6.0,1.0,0.1,0.5,940.0,940.0,940.0,940.0,1.0,0.0,6.0,1.0,0.1,0.5
1974,2,169.0,-59.0,,,,,,,,,,,,,,,,,,,,,,,,,,,,,,,,,,,,,,,,9.8,9.8,9.8,9.8,1.0,0.0,14.0,0.0,0.7,0.7,8.49,8.49,8.49,8.49,1.0,0.0,14.0,0.0,0.7,0.7,-4.9,-4.9,-4.9,-4.9,1.0,0.0,14.0,0.0,0.7,0.7,998.3,998.3,998.3,998.3,1.0,0.0,14.0,0.0,0.7,0.7,8.0,8.0,8.0,8.0,1.0,0.0,14.0,0.0,0.7,0.7,83.2,83.2,83.2,83.2,1.0,0.0,14.0,0.0,0.7,0.7,-48.0,-48.0,-48.0,-48.0,1.0,0.0,14.0,0.0,0.7,0.7,,,,,,,,,,,,,,,,,,,,,,,,,,,,,,,,,,,,,,,,,46.7,46.7,46.7,46.7,1.0,0.0,14.0,0.0,0.7,0.7,-26.9,-26.9,-26.9,-26.9,1.0,0.0,14.0,0.0,0.7,0.7,44.6,44.6,44.6,44.6,1.0,0.0,14.0,0.0,0.7,0.7,-25.7,-25.7,-25.7,-25.7,1.0,0.0,14.0,0.0,0.7,0.7,,,,,,,,,,,,,,,,,,,,,,,,,,,,,,,,,,,,,,,,
1974,2,169.0,-58.0,7.3,8.8,10.0,8.54,9.0,1.26,12.0,0.7,0.5,0.3,7.12,7.7,8.84,7.64,11.0,1.11,12.0,0.7,0.6,0.3,5.18,5.77,6.1,5.69,10.0,0.53,12.0,0.7,0.6,0.3,79.1,86.0,94.6,86.9,10.0,8.6,12.0,0.7,0.3,7.99,10.3,11.3,10.15,11.0,2.21,12.0,0.7,0.6,0.3,4.31,6.62,9.77,6.83,11.0,2.56,12.0,0.7,0.6,0.3,-9.79,-6.67,-4.33,-6.72,11.0,3.27,12.0,0.7,0.6,0.3,1002.88,1005.0,1008.95,1005.35,11.0,3.24,12.0,0.7,0.6,0.3,8.0,8.0,8.0,7.9,11.0,0.3,12.0,0.7,0.6,0.3,31.8,68.2,102.3,72.4,11.0,37.9,12.0,0.7,0.6,0.3,-110.6,-61.7,-38.3,-71.3,11.0,48.8,12.0,0.7,0.6,0.3,-0.47,0.0,2.3,0.8,9.0,1.62,12.0,0.7,0.5,0.3,-4.9,0.0,23.4,8.5,9.0,15.6,12.0,0.7,0.5,0.3,0.42,0.99,2.48,1.3,9.0,1.01,12.0,0.7,0.5,0.3,3.1,9.2,25.6,13.2,9.0,10.5,12.0,0.7,0.5,0.3,35.1,44.1,74.3,51.5,11.0,20.6,12.0,0.7,0.6,0.3,-71.7,-57.6,-29.7,-52.1,11.0,28.4,12.0,0.7,0.6,0.3,24.5,39.5,53.0,38.8,10.0,13.8,12.0,0.7,0.6,0.3,-55.7,-35.9,-21.2,-37.5,10.0,20.7,12.0,0.7,0.6,0.3,1.8,7.1,23.4,10.8,9.0,10.5,12.0,0.7,0.5,0.3,-11.3,-5.9,-0.8,-6.1,9.0,5.1,12.0,0.7,0.5,0.3,512.0,1092.5,1443.0,1189.0,11.0,892.0,12.0,0.7,0.6,0.3,510.0,1095.0,1445.0,1190.0,11.0,890.0,12.0,0.7,0.6,0.3
1974,2,169.0,-53.0,8.92,8.95,8.98,8.95,2.0,0.07,8.0,1.0,0.4,0.3,9.78,10.6,11.42,10.6,2.0,1.7,8.0,1.0,0.4,0.3,6.8,6.88,6.97,6.88,2.0,0.18,8.0,1.0,0.4,0.3,81.8,87.6,93.3,87.6,2.0,12.0,8.0,1.0,0.3,3.17,4.4,5.63,4.4,2.0,2.55,8.0,1.0,0.4,0.3,3.02,4.27,5.52,4.27,2.0,2.59,8.0,1.0,0.4,0.3,-0.58,0.09,0.76,0.09,2.0,1.39,8.0,1.0,0.4,0.3,1014.03,1014.75,1015.47,1014.75,2.0,1.48,8.0,1.0,0.4,0.3,8.0,8.0,8.0,8.0,2.0,0.0,8.0,1.0,0.4,0.3,11.4,22.1,32.9,22.1,2.0,22.3,8.0,1.0,0.4,0.3,-0.9,2.2,5.2,2.2,2.0,6.4,8.0,1.0,0.4,0.3,-2.43,-1.65,-0.87,-1.65,2.0,1.63,8.0,1.0,0.4,0.3,-6.6,-5.2,-3.8,-5.2,2.0,3.0,8.0,1.0,0.4,0.3,0.09,0.19,0.28,0.19,2.0,0.2,8.0,1.0,0.4,0.3,0.4,0.6,0.8,0.6,2.0,0.4,8.0,1.0,0.4,0.3,33.4,43.1,52.9,43.1,2.0,20.2,8.0,1.0,0.4,0.3,-7.2,-0.2,6.8,-0.2,2.0,14.6,8.0,1.0,0.4,0.3,20.7,29.6,38.6,29.6,2.0,18.6,8.0,1.0,0.4,0.3,-3.9,0.8,5.4,0.8,2.0,9.6,8.0,1.0,0.4,0.3,0.4,0.5,0.7,0.5,2.0,0.4,8.0,1.0,0.4,0.3,-0.2,-0.1,0.0,-0.1,2.0,0.2,8.0,1.0,0.4,0.3,52.5,128.0,203.5,128.0,2.0,156.0,8.0,1.0,0.4,0.3,55.0,130.0,205.0,130.0,2.0,155.0,8.0,1.0,0.4,0.3
1974,2,169.0,-48.0,,,,,,,,,,,,,,,,,,,,,,,,,,,,,,,,,,,,,,,,4.1,4.1,4.1,4.1,1.0,0.0,16.0,1.0,0.2,0.7,-4.1,-4.1,-4.1,-4.1,1.0,0.0,16.0,1.0,0.2,0.7,0.0,0.0,0.0,0.0,1.0,0.0,16.0,1.0,0.2,0.7,1030.7,1030.7,1030.7,1030.7,1.0,0.0,16.0,1.0,0.2,0.7,,,,,,,,,,,,,,,,,,,,,,,,,,,,,,,,,,,,,,,,,,,,,,,,,,,,,,,,,,,,,,,,,,,,,,,,,,,,,,,,,,,,,,,,,,,,,,,,,,,,,,,,,,,,,,,,,,,,,,,,,,,,,,,,,,,,,,,,,,,,,,,,,,,,,,
1974,2,169.0,-47.0,14.0,14.0,14.0,14.0,1.0,0.0,24.0,1.0,0.7,0.4,13.5,13.5,13.5,13.5,1.0,0.0,24.0,1.0,0.7,0.4,7.44,7.44,7.44,7.44,1.0,0.0,24.0,1.0,0.7,0.4,77.3,77.3,77.3,77.3,1.0,0.0,24.0,1.0,0.4,0.0,0.0,0.0,0.0,1.0,0.0,24.0,1.0,0.7,0.4,0.0,0.0,0.0,0.0,1.0,0.0,24.0,1.0,0.7,0.4,0.0,0.0,0.0,0.0,1.0,0.0,24.0,1.0,0.7,0.4,1008.4,1008.4,1008.4,1008.4,1.0,0.0,24.0,1.0,0.7,0.4,8.0,8.0,8.0,8.0,1.0,0.0,24.0,1.0,0.7,0.4,0.0,0.0,0.0,0.0,1.0,0.0,24.0,1.0,0.7,0.4,0.0,0.0,0.0,0.0,1.0,0.0,24.0,1.0,0.7,0.4,0.5,0.5,0.5,0.5,1.0,0.0,24.0,1.0,0.7,0.4,0.0,0.0,0.0,0.0,1.0,0.0,24.0,1.0,0.7,0.4,2.52,2.52,2.52,2.52,1.0,0.0,24.0,1.0,0.7,0.4,0.0,0.0,0.0,0.0,1.0,0.0,24.0,1.0,0.7,0.4,0.0,0.0,0.0,0.0,1.0,0.0,24.0,1.0,0.7,0.4,0.0,0.0,0.0,0.0,1.0,0.0,24.0,1.0,0.7,0.4,0.0,0.0,0.0,0.0,1.0,0.0,24.0,1.0,0.7,0.4,0.0,0.0,0.0,0.0,1.0,0.0,24.0,1.0,0.7,0.4,0.0,0.0,0.0,0.0,1.0,0.0,24.0,1.0,0.7,0.4,0.0,0.0,0.0,0.0,1.0,0.0,24.0,1.0,0.7,0.4,0.0,0.0,0.0,0.0,1.0,0.0,24.0,1.0,0.7,0.4,0.0,0.0,0.0,0.0,1.0,0.0,24.0,1.0,0.7,0.4
1974,2,169.0,-41.0,18.14,18.6,20.0,19.05,4.0,1.35,14.0,1.0,0.3,0.7,16.93,17.7,19.57,18.23,4.0,1.95,14.0,1.0,0.3,0.7,9.03,9.74,11.8,10.38,4.0,2.2,14.0,1.0,0.3,0.7,73.1,79.9,85.5,79.4,4.0,8.1,14.0,1.0,0.7,5.29,5.7,7.07,6.17,3.0,1.36,16.0,1.0,0.3,0.8,0.9,2.85,4.28,2.6,3.0,2.48,16.0,1.0,0.3,0.8,4.99,5.1,5.65,5.31,3.0,0.51,16.0,1.0,0.3,0.8,1013.22,1017.05,1019.52,1016.4,4.0,4.34,14.0,1.0,0.3,0.7,6.5,7.5,8.0,7.3,4.0,1.0,14.0,1.0,0.3,0.7,5.2,16.2,31.2,18.1,3.0,19.1,16.0,1.0,0.3,0.8,26.7,28.1,39.9,33.2,3.0,10.6,16.0,1.0,0.3,0.8,-1.14,1.65,2.71,0.83,4.0,2.7,14.0,1.0,0.3,0.7,8.4,15.3,17.5,13.0,3.0,7.0,16.0,1.0,0.3,0.8,1.46,4.26,5.06,3.31,4.0,2.83,14.0,1.0,0.3,0.7,26.6,28.2,29.9,28.3,3.0,2.4,16.0,1.0,0.3,0.8,15.7,49.6,71.5,43.8,3.0,41.1,16.0,1.0,0.3,0.8,87.8,91.8,95.6,91.7,3.0,5.7,16.0,1.0,0.3,0.8,7.7,24.2,40.2,23.9,3.0,23.8,16.0,1.0,0.3,0.8,44.6,50.3,54.7,49.7,3.0,7.4,16.0,1.0,0.3,0.8,4.1,12.9,17.6,10.9,3.0,10.0,16.0,1.0,0.3,0.8,22.7,23.5,26.7,24.7,3.0,3.1,16.0,1.0,0.3,0.8,149.5,185.0,370.5,258.0,3.0,174.0,16.0,1.0,0.3,0.8,150.0,185.0,370.0,260.0,3.0,175.0,16.0,1.0,0.3,0.8
1974,2,169.0,-40.0,20.08,20.25,20.42,20.25,2.0,0.35,8.0,1.0,0.4,0.7,19.32,20.0,20.68,20.0,2.0,1.41,8.0,1.0,0.4,0.7,12.42,13.37,14.31,13.37,2.0,1.96,8.0,1.0,0.4,0.7,89.3,91.7,94.1,91.7,2.0,5.0,8.0,1.0,0.7,6.69,7.75,8.81,7.75,2.0,2.19,8.0,1.0,0.4,0.7,0.92,2.91,4.9,2.91,2.0,4.12,8.0,1.0,0.4,0.7,-7.49,-3.59,0.31,-3.59,2.0,8.08,8.0,1.0,0.4,0.7,1012.08,1014.2,1016.32,1014.2,2.0,4.38,8.0,1.0,0.4,0.7,5.5,6.5,7.5,6.5,2.0,2.1,8.0,1.0,0.4,0.7,5.7,18.1,30.4,18.1,2.0,25.5,8.0,1.0,0.4,0.7,-70.7,-36.7,-2.7,-36.7,2.0,70.5,8.0,1.0,0.4,0.7,-0.6,0.25,1.1,0.25,2.0,1.77,8.0,1.0,0.4,0.7,-6.3,0.0,6.3,0.0,2.0,13.2,8.0,1.0,0.4,0.7,0.32,1.39,2.46,1.39,2.0,2.22,8.0,1.0,0.4,0.7,1.5,8.3,15.2,8.3,2.0,14.2,8.0,1.0,0.4,0.7,17.6,55.3,93.1,55.3,2.0,78.3,8.0,1.0,0.4,0.7,-157.9,-77.5,2.9,-77.5,2.0,166.6,8.0,1.0,0.4,0.7,11.1,34.9,58.7,34.9,2.0,49.4,8.0,1.0,0.4,0.7,-111.4,-55.9,-0.4,-55.9,2.0,115.0,8.0,1.0,0.4,0.7,2.7,8.6,14.5,8.6,2.0,12.2,8.0,1.0,0.4,0.7,2.4,4.0,5.6,4.0,2.0,3.2,8.0,1.0,0.4,0.7,328.0,521.5,714.5,521.5,2.0,400.0,8.0,1.0,0.4,0.7,330.0,520.0,715.0,520.0,2.0,400.0,8.0,1.0,0.4,0.7
1974,2,169.0,-39.0,19.5,19.5,19.5,19.5,1.0,0.0,6.0,1.0,0.7,0.8,21.6,21.6,21.6,21.6,1.0,0.0,6.0,1.0,0.7,0.8,11.27,11.27,11.27,11.27,1.0,0.0,6.0,1.0,0.7,0.8,70.5,70.5,70.5,70.5,1.0,0.0,6.0,1.0,0.8,5.1,5.1,5.1,5.1,1.0,0.0,6.0,1.0,0.7,0.8,-3.28,-3.28,-3.28,-3.28,1.0,0.0,6.0,1.0,0.7,0.8,-3.91,-3.91,-3.91,-3.91,1.0,0.0,6.0,1.0,0.7,0.8,1014.5,1014.5,1014.5,1014.5,1.0,0.0,6.0,1.0,0.7,0.8,2.0,2.0,2.0,2.0,1.0,0.0,6.0,1.0,0.7,0.8,-16.7,-16.7,-16.7,-16.7,1.0,0.0,6.0,1.0,0.7,0.8,-19.9,-19.9,-19.9,-19.9,1.0,0.0,6.0,1.0,0.7,0.8,-2.1,-2.1,-2.1,-2.1,1.0,0.0,6.0,1.0,0.7,0.8,-10.7,-10.7,-10.7,-10.7,1.0,0.0,6.0,1.0,0.7,0.8,2.81,2.81,2.81,2.81,1.0,0.0,6.0,1.0,0.7,0.8,14.3,14.3,14.3,14.3,1.0,0.0,6.0,1.0,0.7,0.8,-70.8,-70.8,-70.8,-70.8,1.0,0.0,6.0,1.0,0.7,0.8,-84.4,-84.4,-84.4,-84.4,1.0,0.0,6.0,1.0,0.7,0.8,-36.9,-36.9,-36.9,-36.9,1.0,0.0,6.0,1.0,0.7,0.8,-44.0,-44.0,-44.0,-44.0,1.0,0.0,6.0,1.0,0.7,0.8,-9.2,-9.2,-9.2,-9.2,1.0,0.0,6.0,1.0,0.7,0.8,-11.0,-11.0,-11.0,-11.0,1.0,0.0,6.0,1.0,0.7,0.8,132.5,132.5,132.5,132.5,1.0,0.0,6.0,1.0,0.7,0.8,135.0,135.0,135.0,135.0,1.0,0.0,6.0,1.0,0.7,0.8
1974,2,169.0,-38.0,21.75,21.85,21.95,21.85,2.0,0.21,4.0,0.0,0.1,0.6,20.83,20.9,20.97,20.9,2.0,0.14,4.0,0.0,0.1,0.6,12.29,12.93,13.57,12.93,2.0,1.32,4.0,0.0,0.1,0.6,79.6,84.3,88.9,84.3,2.0,9.7,4.0,0.0,0.6,2.67,3.9,5.13,3.9,2.0,2.55,4.0,0.0,0.1,0.6,-0.83,-0.49,-0.16,-0.49,2.0,0.7,4.0,0.0,0.1,0.6,-5.06,-3.86,-2.66,-3.86,2.0,2.48,4.0,0.0,0.1,0.6,1011.11,1013.5,1015.89,1013.5,2.0,4.95,4.0,0.0,0.1,0.6,1.8,3.5,5.2,3.5,2.0,3.5,4.0,0.0,0.1,0.6,-4.7,-2.8,-0.9,-2.8,2.0,4.0,4.0,0.0,0.1,0.6,-27.6,-18.2,-8.8,-18.2,2.0,19.5,4.0,0.0,0.1,0.6,0.92,0.95,0.98,0.95,2.0,0.07,4.0,0.0,0.1,0.6,2.5,3.8,5.1,3.8,2.0,2.7,4.0,0.0,0.1,0.6,2.6,3.38,4.16,3.38,2.0,1.62,4.0,0.0,0.1,0.6,8.0,15.2,22.4,15.2,2.0,14.9,4.0,0.0,0.1,0.6,-17.5,-10.4,-3.3,-10.4,2.0,14.7,4.0,0.0,0.1,0.6,-106.1,-80.8,-55.5,-80.8,2.0,52.5,4.0,0.0,0.1,0.6,-10.0,-5.9,-1.9,-5.9,2.0,8.4,4.0,0.0,0.1,0.6,-61.2,-48.2,-35.2,-48.2,2.0,27.0,4.0,0.0,0.1,0.6,-3.8,-2.2,-0.7,-2.2,2.0,3.2,4.0,0.0,0.1,0.6,-22.1,-15.0,-8.0,-15.0,2.0,14.6,4.0,0.0,0.1,0.6,37.0,97.0,157.5,97.0,2.0,124.5,4.0,0.0,0.1,0.6,35.0,95.0,155.0,95.0,2.0,125.0,4.0,0.0,0.1,0.6
1974,2,169.0,-36.0,20.9,22.05,23.1,22.02,6.0,1.29,14.0,0.3,0.4,0.6,20.79,21.8,23.21,21.93,6.0,1.42,14.0,0.3,0.4,0.6,11.29,14.5,15.54,13.58,6.0,2.39,14.0,0.3,0.4,0.6,75.2,84.9,90.4,82.9,6.0,11.8,14.0,0.3,0.6,5.1,5.65,8.34,6.67,6.0,2.27,14.0,0.3,0.4,0.6,-7.0,-5.6,-3.62,-4.88,6.0,2.99,14.0,0.3,0.4,0.6,-5.69,-0.54,1.93,-1.67,6.0,4.2,14.0,0.3,0.4,0.6,1012.0,1019.1,1020.43,1017.23,6.0,5.23,14.0,0.3,0.4,0.6,3.4,6.0,8.0,5.5,6.0,2.7,14.0,0.3,0.4,0.6,-59.7,-31.9,-18.5,-35.7,6.0,27.5,14.0,0.3,0.4,0.6,-38.8,-3.3,11.2,-15.4,6.0,39.4,14.0,0.3,0.4,0.6,-0.72,0.75,1.16,0.08,6.0,1.82,14.0,0.3,0.4,0.6,-3.7,5.5,7.9,1.6,6.0,10.0,14.0,0.3,0.4,0.6,1.54,2.78,4.15,2.88,6.0,1.78,14.0,0.3,0.4,0.6,9.5,21.0,28.2,18.8,6.0,10.3,14.0,0.3,0.4,0.6,-159.3,-116.9,-75.5,-105.4,6.0,67.3,14.0,0.3,0.4,0.6,-134.9,-11.6,41.0,-39.9,6.0,96.4,14.0,0.3,0.4,0.6,-105.8,-77.4,-33.9,-66.9,6.0,46.4,14.0,0.3,0.4,0.6,-84.2,-8.4,21.2,-27.1,6.0,62.3,14.0,0.3,0.4,0.6,-22.7,-18.5,-8.8,-16.1,6.0,9.6,14.0,0.3,0.4,0.6,-6.2,-1.0,8.3,-1.3,6.0,11.1,14.0,0.3,0.4,0.6,132.5,185.5,622.5,392.0,6.0,443.5,14.0,0.3,0.4,0.6,135.0,185.0,620.0,390.0,6.0,445.0,14.0,0.3,0.4,0.6
1974,2,169.0,-35.0,21.45,23.0,23.45,22.63,13.0,1.11,20.0,0.6,0.5,0.6,20.72,22.05,23.03,21.98,12.0,1.26,20.0,0.6,0.5,0.6,10.81,14.0,16.46,13.89,11.0,2.66,20.0,0.6,0.5,0.5,69.1,88.6,97.6,85.1,11.0,13.7,20.0,0.6,0.5,2.6,5.1,9.44,5.74,13.0,3.32,20.0,0.6,0.5,0.6,-5.88,-1.57,0.31,-1.75,13.0,3.56,20.0,0.6,0.5,0.6,-1.29,2.96,4.8,2.06,13.0,5.11,20.0,0.6,0.5,0.6,1011.84,1014.5,1020.03,1015.48,13.0,5.32,20.0,0.6,0.5,0.6,2.9,7.0,8.0,6.2,13.0,2.5,20.0,0.6,0.5,0.6,-39.4,-5.2,1.6,-9.0,13.0,27.8,20.0,0.6,0.5,0.6,-7.8,12.2,30.0,16.8,13.0,51.0,20.0,0.6,0.5,0.6,-1.63,1.3,2.23,0.75,12.0,2.04,20.0,0.6,0.5,0.6,-7.7,1.8,11.8,4.8,12.0,15.8,20.0,0.6,0.5,0.6,0.64,2.36,6.14,3.26,11.0,3.11,20.0,0.6,0.5,0.5,1.4,15.8,42.7,22.2,11.0,29.1,20.0,0.6,0.5,0.5,-134.4,-38.9,19.2,-41.6,12.0,81.4,20.0,0.6,0.5,0.6,-24.9,70.2,115.7,51.4,12.0,112.3,20.0,0.6,0.5,0.6,-80.4,-15.8,23.6,-24.3,11.0,52.9,20.0,0.6,0.5,0.5,-5.2,43.3,81.1,45.4,11.0,47.8,20.0,0.6,0.5,0.5,-13.4,-4.6,0.0,-2.9,11.0,17.9,20.0,0.6,0.5,0.5,-3.6,2.5,41.5,15.9,11.0,28.0,20.0,0.6,0.5,0.5,17.5,132.5,848.0,370.5,13.0,486.5,20.0,0.6,0.5,0.6,20.0,135.0,850.0,370.0,13.0,485.0,20.0,0.6,0.5,0.6
1974,2,169.0,-34.0,22.5,22.5,22.5,22.5,1.0,0.0,14.0,0.0,0.9,0.3,23.0,23.0,23.0,23.0,1.0,0.0,14.0,0.0,0.9,0.3,16.4,16.4,16.4,16.4,1.0,0.0,14.0,0.0,0.9,0.3,94.1,94.1,94.1,94.1,1.0,0.0,14.0,0.0,0.3,4.6,4.6,4.6,4.6,1.0,0.0,14.0,0.0,0.9,0.3,-1.57,-1.57,-1.57,-1.57,1.0,0.0,14.0,0.0,0.9,0.3,-4.32,-4.32,-4.32,-4.32,1.0,0.0,14.0,0.0,0.9,0.3,1016.8,1016.8,1016.8,1016.8,1.0,0.0,14.0,0.0,0.9,0.3,8.0,8.0,8.0,8.0,1.0,0.0,14.0,0.0,0.9,0.3,-7.2,-7.2,-7.2,-7.2,1.0,0.0,14.0,0.0,0.9,0.3,-19.9,-19.9,-19.9,-19.9,1.0,0.0,14.0,0.0,0.9,0.3,-0.5,-0.5,-0.5,-0.5,1.0,0.0,14.0,0.0,0.9,0.3,-2.3,-2.3,-2.3,-2.3,1.0,0.0,14.0,0.0,0.9,0.3,0.51,0.51,0.51,0.51,1.0,0.0,14.0,0.0,0.9,0.3,2.4,2.4,2.4,2.4,1.0,0.0,14.0,0.0,0.9,0.3,-36.2,-36.2,-36.2,-36.2,1.0,0.0,14.0,0.0,0.9,0.3,-99.4,-99.4,-99.4,-99.4,1.0,0.0,14.0,0.0,0.9,0.3,-25.8,-25.8,-25.8,-25.8,1.0,0.0,14.0,0.0,0.9,0.3,-70.9,-70.9,-70.9,-70.9,1.0,0.0,14.0,0.0,0.9,0.3,-0.8,-0.8,-0.8,-0.8,1.0,0.0,14.0,0.0,0.9,0.3,-2.2,-2.2,-2.2,-2.2,1.0,0.0,14.0,0.0,0.9,0.3,97.5,97.5,97.5,97.5,1.0,0.0,14.0,0.0,0.9,0.3,95.0,95.0,95.0,95.0,1.0,0.0,14.0,0.0,0.9,0.3
1974,2,169.0,-33.0,22.98,23.75,24.79,23.88,4.0,1.25,14.0,0.8,0.5,0.7,22.32,23.2,25.18,23.64,5.0,1.54,16.0,0.8,0.5,0.7,15.9,16.9,18.68,17.27,4.0,1.85,12.0,1.0,0.5,0.7,91.2,94.9,96.5,93.9,4.0,3.7,12.0,1.0,0.7,5.1,6.4,8.94,7.17,6.0,2.67,14.0,0.8,0.4,0.7,-6.25,-4.15,-2.23,-4.1,6.0,2.66,14.0,0.8,0.4,0.7,-4.12,2.99,7.98,2.31,6.0,5.93,14.0,0.8,0.4,0.7,1010.59,1012.7,1015.17,1012.7,6.0,2.51,14.0,0.8,0.4,0.7,5.3,7.0,8.0,6.6,5.0,1.7,10.0,1.0,0.4,0.6,-54.5,-24.3,-13.3,-33.4,6.0,31.2,14.0,0.8,0.4,0.7,-23.7,15.3,72.2,23.7,6.0,53.9,14.0,0.8,0.4,0.7,-0.93,0.9,2.31,0.7,4.0,2.46,14.0,0.8,0.5,0.7,-7.7,5.8,24.8,8.4,4.0,24.9,14.0,0.8,0.5,0.7,0.21,1.8,3.92,2.06,3.0,2.73,10.0,1.0,0.6,0.6,0.1,9.2,42.5,21.0,3.0,32.7,10.0,1.0,0.6,0.6,-154.5,-73.8,-41.3,-90.6,5.0,67.4,16.0,0.8,0.5,0.7,-101.0,130.1,186.1,59.2,5.0,153.2,16.0,0.8,0.5,0.7,-110.7,-78.3,-25.5,-68.5,4.0,53.3,12.0,1.0,0.5,0.7,-75.7,18.5,121.5,22.7,4.0,114.5,12.0,1.0,0.5,0.7,-27.3,-5.9,0.3,-13.3,3.0,21.2,10.0,1.0,0.6,0.6,-4.0,2.6,31.1,13.3,3.0,27.3,10.0,1.0,0.6,0.6,132.5,294.5,777.0,508.0,6.0,585.5,14.0,0.8,0.4,0.7,135.0,295.0,775.0,510.0,6.0,585.0,14.0,0.8,0.4,0.7
1974,2,169.0,-32.0,23.25,24.0,24.68,23.98,5.0,0.81,14.0,0.6,0.5,0.7,23.06,24.2,26.0,24.46,5.0,1.48,14.0,0.6,0.5,0.7,15.89,16.71,17.01,16.5,5.0,0.72,14.0,0.6,0.5,0.7,80.0,89.7,92.7,86.6,5.0,8.1,14.0,0.6,0.7,4.92,8.7,10.93,8.22,5.0,3.44,14.0,0.6,0.5,0.7,-10.49,-8.18,-4.3,-7.71,5.0,3.6,14.0,0.6,0.5,0.7,-3.09,0.8,2.65,0.03,5.0,3.02,14.0,0.6,0.5,0.7,1007.6,1012.0,1018.67,1012.7,5.0,6.28,14.0,0.6,0.5,0.7,4.3,5.0,8.0,5.8,5.0,2.2,14.0,0.6,0.5,0.7,-117.1,-71.1,-20.5,-73.2,5.0,59.4,14.0,0.6,0.5,0.7,-20.1,3.7,30.3,4.6,5.0,26.3,14.0,0.6,0.5,0.7,-1.73,-0.2,0.74,-0.48,5.0,1.68,14.0,0.6,0.5,0.7,-15.8,-0.9,5.3,-5.1,5.0,13.4,14.0,0.6,0.5,0.7,1.6,2.03,2.57,2.11,5.0,0.66,14.0,0.6,0.5,0.7,13.0,17.7,19.4,16.3,5.0,5.2,14.0,0.6,0.5,0.7,-259.2,-212.6,-102.4,-189.0,5.0,86.8,14.0,0.6,0.5,0.7,-76.1,19.3,64.7,1.1,5.0,74.7,14.0,0.6,0.5,0.7,-179.2,-126.7,-71.3,-127.7,5.0,61.4,14.0,0.6,0.5,0.7,-48.6,13.4,45.1,2.0,5.0,49.7,14.0,0.6,0.5,0.7,-18.8,-16.6,-10.6,-15.0,5.0,5.0,14.0,0.6,0.5,0.7,-7.6,1.4,4.7,-0.9,5.0,7.2,14.0,0.6,0.5,0.7,120.0,658.5,1381.5,795.5,5.0,835.5,14.0,0.6,0.5,0.7,120.0,660.0,1380.0,795.0,5.0,835.0,14.0,0.6,0.5,0.7
1974,2,169.0,-31.0,22.16,22.5,22.84,22.5,2.0,0.71,20.0,1.0,0.2,0.5,24.24,24.75,25.26,24.75,2.0,1.06,20.0,1.0,0.2,0.5,16.0,16.62,17.25,16.62,2.0,1.29,20.0,1.0,0.2,0.5,84.6,85.2,85.8,85.2,2.0,1.2,20.0,1.0,0.5,7.6,9.55,11.5,9.55,2.0,4.03,20.0,1.0,0.2,0.5,-11.35,-9.1,-6.85,-9.1,2.0,4.67,20.0,1.0,0.2,0.5,-2.82,-1.67,-0.53,-1.67,2.0,2.37,20.0,1.0,0.2,0.5,1010.66,1011.0,1011.34,1011.0,2.0,0.71,20.0,1.0,0.2,0.5,2.8,4.5,6.2,4.5,2.0,3.5,20.0,1.0,0.2,0.5,-135.5,-96.3,-57.1,-96.3,2.0,81.2,20.0,1.0,0.2,0.5,-18.9,-11.2,-3.6,-11.2,2.0,15.9,20.0,1.0,0.2,0.5,-3.1,-2.25,-1.4,-2.25,2.0,1.77,20.0,1.0,0.2,0.5,-21.7,-17.9,-14.2,-17.9,2.0,7.8,20.0,1.0,0.2,0.5,-0.59,0.4,1.38,0.4,2.0,2.04,20.0,1.0,0.2,0.5,-2.3,7.9,18.1,7.9,2.0,21.1,20.0,1.0,0.2,0.5,-273.9,-222.8,-171.7,-222.8,2.0,105.8,20.0,1.0,0.2,0.5,-71.9,-42.7,-13.6,-42.7,2.0,60.4,20.0,1.0,0.2,0.5,-180.0,-148.3,-116.5,-148.3,2.0,65.8,20.0,1.0,0.2,0.5,-49.4,-29.4,-9.3,-29.4,2.0,41.5,20.0,1.0,0.2,0.5,-18.3,-8.4,1.5,-8.4,2.0,20.4,20.0,1.0,0.2,0.5,0.6,1.8,2.9,1.8,2.0,2.5,20.0,1.0,0.2,0.5,555.5,1103.5,1652.0,1103.5,2.0,1135.5,20.0,1.0,0.2,0.5,555.0,1105.0,1650.0,1105.0,2.0,1135.0,20.0,1.0,0.2,0.5
1974,2,169.0,-30.0,23.0,23.0,23.0,23.0,1.0,0.0,6.0,1.0,0.8,1.0,24.03,24.1,24.17,24.1,2.0,0.14,14.0,1.0,0.5,0.6,16.62,17.09,17.56,17.09,2.0,0.97,14.0,1.0,0.5,0.6,89.0,91.1,93.2,91.1,2.0,4.3,14.0,1.0,0.6,3.82,6.45,9.08,6.45,2.0,5.44,14.0,1.0,0.5,0.6,-5.96,-4.53,-3.11,-4.53,2.0,2.95,14.0,1.0,0.5,0.6,-6.78,-4.39,-2.0,-4.39,2.0,4.95,14.0,1.0,0.5,0.6,1010.08,1010.25,1010.42,1010.25,2.0,0.35,14.0,1.0,0.5,0.6,8.0,8.0,8.0,8.0,2.0,0.0,14.0,1.0,0.5,0.6,-58.4,-37.3,-16.2,-37.3,2.0,43.7,14.0,1.0,0.5,0.6,-68.7,-41.8,-14.8,-41.8,2.0,55.8,14.0,1.0,0.5,0.6,-1.0,-1.0,-1.0,-1.0,1.0,0.0,6.0,1.0,0.8,1.0,-10.3,-10.3,-10.3,-10.3,1.0,0.0,6.0,1.0,0.8,1.0,1.15,1.15,1.15,1.15,1.0,0.0,6.0,1.0,0.8,1.0,11.8,11.8,11.8,11.8,1.0,0.0,6.0,1.0,0.8,1.0,-143.1,-109.0,-75.0,-109.0,2.0,70.5,14.0,1.0,0.5,0.6,-162.7,-105.4,-48.2,-105.4,2.0,118.7,14.0,1.0,0.5,0.6,-98.3,-76.0,-53.8,-76.0,2.0,46.1,14.0,1.0,0.5,0.6,-111.4,-72.6,-33.8,-72.6,2.0,80.4,14.0,1.0,0.5,0.6,-7.6,-7.6,-7.6,-7.6,1.0,0.0,6.0,1.0,0.8,1.0,-9.1,-9.1,-9.1,-9.1,1.0,0.0,6.0,1.0,0.8,1.0,188.0,555.0,922.0,555.0,2.0,760.0,14.0,1.0,0.5,0.6,190.0,555.0,920.0,555.0,2.0,760.0,14.0,1.0,0.5,0.6
1974,2,169.0,-29.0,22.71,23.85,24.78,23.75,4.0,1.38,10.0,0.0,0.3,0.7,23.0,23.7,24.61,23.8,4.0,0.94,10.0,0.0,0.3,0.7,15.51,16.06,16.66,16.08,4.0,0.67,10.0,0.0,0.3,0.7,83.6,87.3,91.7,87.6,4.0,5.6,10.0,0.0,0.7,5.36,6.45,6.96,6.18,4.0,1.13,10.0,0.0,0.3,0.7,-6.41,-5.41,-4.58,-5.49,4.0,1.06,10.0,0.0,0.3,0.7,-0.99,-0.4,2.89,0.89,4.0,3.12,10.0,0.0,0.3,0.7,1010.42,1013.65,1014.1,1012.33,4.0,3.04,10.0,0.0,0.3,0.7,5.4,8.0,8.0,6.8,4.0,2.5,10.0,0.0,0.3,0.7,-41.5,-35.9,-26.8,-34.2,4.0,10.0,10.0,0.0,0.3,0.7,-5.8,-1.8,20.8,7.1,4.0,22.0,10.0,0.0,0.3,0.7,-0.81,-0.05,0.71,-0.05,4.0,0.9,10.0,0.0,0.3,0.7,-5.3,-0.7,4.5,-0.4,4.0,5.9,10.0,0.0,0.3,0.7,0.93,2.32,3.68,2.3,4.0,1.96,10.0,0.0,0.3,0.7,5.3,12.3,23.8,14.4,4.0,14.3,10.0,0.0,0.3,0.7,-152.8,-132.3,-108.3,-130.7,4.0,25.8,10.0,0.0,0.3,0.7,-22.8,-9.2,70.5,22.4,4.0,75.6,10.0,0.0,0.3,0.7,-106.7,-88.0,-71.0,-88.8,4.0,20.7,10.0,0.0,0.3,0.7,-16.0,-6.2,45.0,13.5,4.0,48.8,10.0,0.0,0.3,0.7,-17.4,-12.2,-5.2,-11.4,4.0,9.2,10.0,0.0,0.3,0.7,-1.1,0.1,13.6,6.0,4.0,13.3,10.0,0.0,0.3,0.7,164.5,269.5,338.5,252.5,4.0,117.0,10.0,0.0,0.3,0.7,165.0,270.0,340.0,250.0,4.0,115.0,10.0,0.0,0.3,0.7
1974,2,169.0,-28.0,22.79,23.9,25.13,23.95,6.0,1.4,8.0,0.5,0.5,0.3,24.03,26.5,28.3,26.15,6.0,2.34,8.0,0.5,0.5,0.3,16.29,18.36,19.75,18.05,6.0,1.71,8.0,0.5,0.5,0.3,81.5,82.3,92.4,85.2,6.0,6.2,8.0,0.5,0.3,2.6,3.35,5.78,4.47,6.0,2.99,8.0,0.5,0.5,0.3,-5.33,-2.78,-0.45,-3.47,6.0,3.64,8.0,0.5,0.5,0.3,-2.76,-1.64,0.0,-1.56,6.0,1.51,8.0,0.5,0.5,0.3,1011.57,1012.5,1013.71,1012.48,6.0,1.55,8.0,0.5,0.5,0.3,3.0,6.0,8.0,5.7,6.0,2.3,8.0,0.5,0.5,0.3,-35.0,-10.2,-1.2,-24.2,6.0,40.6,8.0,0.5,0.5,0.3,-8.6,-4.8,0.0,-5.4,6.0,6.1,8.0,0.5,0.5,0.3,-3.63,-2.5,-0.24,-2.2,6.0,1.78,8.0,0.5,0.5,0.3,-11.8,-7.0,-2.5,-6.9,6.0,4.9,8.0,0.5,0.5,0.3,-1.45,0.46,2.62,0.57,6.0,1.98,8.0,0.5,0.5,0.3,-4.3,2.2,11.6,5.3,6.0,13.7,8.0,0.5,0.5,0.3,-131.8,-70.4,-12.8,-86.3,6.0,87.7,8.0,0.5,0.5,0.3,-74.2,-45.1,0.0,-40.6,6.0,38.7,8.0,0.5,0.5,0.3,-91.3,-48.5,-8.9,-58.1,6.0,56.1,8.0,0.5,0.5,0.3,-52.2,-31.7,0.0,-28.7,6.0,27.3,8.0,0.5,0.5,0.3,-11.6,-1.5,1.9,-5.6,6.0,13.4,8.0,0.5,0.5,0.3,-0.8,0.2,1.7,0.2,6.0,2.3,8.0,0.5,0.5,0.3,17.5,43.0,303.0,218.5,6.0,429.5,8.0,0.5,0.5,0.3,20.0,45.0,305.0,220.0,6.0,430.0,8.0,0.5,0.5,0.3
1974,2,169.0,-27.0,25.63,27.0,27.14,26.4,3.0,1.22,14.0,0.3,0.4,0.3,24.83,25.1,25.17,25.0,3.0,0.26,14.0,0.3,0.4,0.3,17.65,17.94,19.06,18.34,3.0,1.09,14.0,0.3,0.4,0.3,89.9,90.3,95.7,92.8,3.0,4.7,14.0,0.3,0.3,4.95,5.7,6.04,5.5,3.0,0.82,14.0,0.3,0.4,0.3,-4.83,-4.6,-3.58,-4.21,3.0,0.98,14.0,0.3,0.4,0.3,0.9,2.85,4.57,2.74,3.0,2.69,14.0,0.3,0.4,0.3,1011.48,1012.3,1013.05,1012.27,3.0,1.15,14.0,0.3,0.4,0.3,3.6,5.0,7.0,5.3,3.0,2.5,14.0,0.3,0.4,0.3,-25.9,-21.2,-19.8,-22.8,3.0,4.7,14.0,0.3,0.4,0.3,5.2,16.2,27.9,16.5,3.0,16.6,14.0,0.3,0.4,0.3,0.81,1.9,1.97,1.4,3.0,0.95,14.0,0.3,0.4,0.3,4.6,11.4,11.7,8.2,3.0,5.9,14.0,0.3,0.4,0.3,2.43,2.77,4.03,3.22,3.0,1.24,14.0,0.3,0.4,0.3,12.6,17.1,23.4,18.0,3.0,8.0,14.0,0.3,0.4,0.3,-121.0,-113.6,-89.2,-105.3,3.0,24.4,14.0,0.3,0.4,0.3,22.8,71.8,114.8,68.9,3.0,67.4,14.0,0.3,0.4,0.3,-86.0,-80.6,-67.0,-76.6,3.0,14.4,14.0,0.3,0.4,0.3,16.2,51.1,88.0,52.1,3.0,52.6,14.0,0.3,0.4,0.3,-18.9,-10.4,-9.2,-13.9,3.0,7.7,14.0,0.3,0.4,0.3,4.2,13.2,14.3,9.3,3.0,8.1,14.0,0.3,0.4,0.3,125.0,185.0,221.5,173.5,3.0,71.0,14.0,0.3,0.4,0.3,125.0,185.0,220.0,175.0,3.0,70.0,14.0,0.3,0.4,0.3
1974,2,169.0,-26.0,24.4,24.4,24.4,24.4,1.0,0.0,6.0,0.0,0.1,0.4,26.02,26.05,26.08,26.05,2.0,0.07,12.0,0.5,0.3,0.6,19.35,19.58,19.81,19.58,2.0,0.48,12.0,0.5,0.3,0.6,91.4,92.6,93.7,92.6,2.0,2.3,12.0,0.5,0.6,5.35,6.95,8.55,6.95,2.0,3.32,12.0,0.5,0.3,0.6,-3.91,-2.32,-0.74,-2.32,2.0,3.29,12.0,0.5,0.3,0.6,-6.05,-1.73,2.59,-1.73,2.0,8.95,12.0,0.5,0.3,0.6,1006.67,1008.1,1009.53,1008.1,2.0,2.97,12.0,0.5,0.3,0.6,4.5,5.5,6.5,5.5,2.0,2.1,12.0,0.5,0.3,0.6,-36.4,-21.6,-6.9,-21.6,2.0,30.6,12.0,0.5,0.3,0.6,-59.7,-26.9,5.9,-26.9,2.0,67.9,12.0,0.5,0.3,0.6,-1.7,-1.7,-1.7,-1.7,1.0,0.0,6.0,0.0,0.1,0.4,-15.8,-15.8,-15.8,-15.8,1.0,0.0,6.0,0.0,0.1,0.4,-0.12,-0.12,-0.12,-0.12,1.0,0.0,6.0,0.0,0.1,0.4,-1.1,-1.1,-1.1,-1.1,1.0,0.0,6.0,0.0,0.1,0.4,-102.1,-60.7,-19.3,-60.7,2.0,85.8,12.0,0.5,0.3,0.6,-157.9,-45.3,67.3,-45.3,2.0,233.2,12.0,0.5,0.3,0.6,-75.3,-44.7,-14.2,-44.7,2.0,63.3,12.0,0.5,0.3,0.6,-115.8,-31.7,52.5,-31.7,2.0,174.3,12.0,0.5,0.3,0.6,0.5,0.5,0.5,0.5,1.0,0.0,6.0,0.0,0.1,0.4,0.9,0.9,0.9,0.9,1.0,0.0,6.0,0.0,0.1,0.4,209.5,451.0,692.0,451.0,2.0,500.0,12.0,0.5,0.3,0.6,210.0,450.0,690.0,450.0,2.0,500.0,12.0,0.5,0.3,0.6
1974,2,169.0,-25.0,25.71,26.5,26.6,26.18,4.0,0.79,20.0,0.0,0.2,0.6,25.03,25.1,27.08,26.03,3.0,1.7,22.0,0.0,0.3,0.6,14.39,14.95,16.78,15.57,3.0,1.83,22.0,0.0,0.3,0.6,72.5,74.7,75.0,73.8,3.0,2.0,22.0,0.0,0.6,7.02,7.7,8.04,7.53,3.0,0.76,22.0,0.0,0.3,0.6,-6.39,-5.8,-5.44,-5.91,3.0,0.71,22.0,0.0,0.3,0.6,3.51,3.85,5.51,4.49,3.0,1.57,22.0,0.0,0.3,0.6,1010.36,1010.5,1011.87,1011.1,3.0,1.22,22.0,0.0,0.3,0.6,1.6,3.0,5.0,3.3,3.0,2.5,22.0,0.0,0.3,0.6,-48.8,-43.2,-40.3,-44.5,3.0,6.3,22.0,0.0,0.3,0.6,24.7,29.6,44.6,34.5,3.0,15.1,22.0,0.0,0.3,0.6,-1.06,-0.1,1.13,0.03,3.0,1.6,22.0,0.0,0.3,0.6,-8.1,-0.7,9.3,0.6,3.0,12.8,22.0,0.0,0.3,0.6,4.3,4.88,6.89,5.58,3.0,1.99,22.0,0.0,0.3,0.6,31.5,32.7,54.2,42.6,3.0,18.7,22.0,0.0,0.3,0.6,-173.7,-145.6,-136.2,-154.7,3.0,28.6,22.0,0.0,0.3,0.6,91.6,107.8,141.4,116.3,3.0,37.2,22.0,0.0,0.3,0.6,-107.8,-86.8,-78.4,-92.9,3.0,22.2,22.0,0.0,0.3,0.6,55.7,67.9,82.1,68.9,3.0,19.4,22.0,0.0,0.3,0.6,-37.1,-28.3,-27.3,-32.1,3.0,7.9,22.0,0.0,0.3,0.6,15.8,16.3,38.7,27.0,3.0,19.2,22.0,0.0,0.3,0.6,350.0,456.5,521.5,436.0,3.0,126.5,22.0,0.0,0.3,0.6,350.0,455.0,520.0,435.0,3.0,125.0,22.0,0.0,0.3,0.6
1974,2,169.0,-24.0,26.43,26.8,27.01,26.73,4.0,0.46,10.0,0.0,0.7,0.3,25.11,26.1,26.72,25.93,4.0,1.2,12.0,0.0,0.5,0.3,16.94,17.68,18.99,17.95,4.0,1.4,12.0,0.0,0.5,0.3,79.1,87.9,92.6,86.0,4.0,9.0,12.0,0.0,0.3,4.84,5.4,5.86,5.35,4.0,0.62,12.0,0.0,0.5,0.3,-4.15,-3.88,-2.66,-3.43,4.0,1.26,12.0,0.0,0.5,0.3,-0.85,3.47,4.01,1.67,4.0,4.2,12.0,0.0,0.5,0.3,1007.02,1010.4,1012.89,1009.98,4.0,3.66,12.0,0.0,0.5,0.3,3.0,3.5,5.6,4.3,4.0,1.9,12.0,0.0,0.5,0.3,-24.1,-21.5,-13.3,-18.8,4.0,8.0,12.0,0.0,0.5,0.3,-6.5,18.3,20.4,7.5,4.0,23.4,12.0,0.0,0.5,0.3,0.04,1.0,1.55,0.8,3.0,1.11,10.0,0.0,0.6,0.3,0.1,5.1,7.3,3.7,3.0,5.4,10.0,0.0,0.6,0.3,4.14,4.51,5.17,4.65,3.0,0.76,10.0,0.0,0.6,0.3,19.8,23.0,28.6,24.1,3.0,6.5,10.0,0.0,0.6,0.3,-111.0,-101.3,-67.8,-89.9,4.0,35.4,12.0,0.0,0.5,0.3,-21.7,92.8,102.5,42.8,4.0,108.5,12.0,0.0,0.5,0.3,-74.6,-71.5,-47.8,-61.7,4.0,23.1,12.0,0.0,0.5,0.3,-19.7,60.0,68.2,25.9,4.0,78.4,12.0,0.0,0.5,0.3,-21.9,-17.6,-9.9,-15.9,3.0,8.9,10.0,0.0,0.6,0.3,15.5,17.2,19.1,17.3,3.0,2.6,10.0,0.0,0.6,0.3,114.0,159.0,201.5,158.0,4.0,53.0,12.0,0.0,0.5,0.3,115.0,160.0,200.0,160.0,4.0,55.0,12.0,0.0,0.5,0.3
1974,2,169.0,-23.0,27.2,27.2,27.2,27.2,1.0,0.0,14.0,1.0,0.7,0.9,26.45,27.85,29.25,27.85,2.0,2.9,14.0,1.0,0.5,0.6,18.49,20.45,22.41,20.45,2.0,4.06,14.0,1.0,0.5,0.6,85.1,86.3,87.5,86.3,2.0,2.5,14.0,1.0,0.6,6.18,7.2,8.22,7.2,2.0,2.12,14.0,1.0,0.5,0.6,-8.22,-7.2,-6.18,-7.2,2.0,2.12,14.0,1.0,0.5,0.6,0.0,0.0,0.0,0.0,2.0,0.0,14.0,1.0,0.5,0.6,1009.3,1009.5,1009.7,1009.5,2.0,0.42,14.0,1.0,0.5,0.6,7.2,7.5,7.8,7.5,2.0,0.7,14.0,1.0,0.5,0.6,-68.8,-54.1,-39.3,-54.1,2.0,30.5,14.0,1.0,0.5,0.6,0.0,0.0,0.0,0.0,2.0,0.0,14.0,1.0,0.5,0.6,-2.7,-2.7,-2.7,-2.7,1.0,0.0,14.0,1.0,0.7,0.9,-15.4,-15.4,-15.4,-15.4,1.0,0.0,14.0,1.0,0.7,0.9,-0.68,-0.68,-0.68,-0.68,1.0,0.0,14.0,1.0,0.7,0.9,-3.9,-3.9,-3.9,-3.9,1.0,0.0,14.0,1.0,0.7,0.9,-215.9,-197.4,-179.0,-197.4,2.0,38.2,14.0,1.0,0.5,0.6,0.0,0.0,0.0,0.0,2.0,0.0,14.0,1.0,0.5,0.6,-149.7,-142.9,-136.1,-142.9,2.0,14.1,14.0,1.0,0.5,0.6,0.0,0.0,0.0,0.0,2.0,0.0,14.0,1.0,0.5,0.6,3.9,3.9,3.9,3.9,1.0,0.0,14.0,1.0,0.7,0.9,0.0,0.0,0.0,0.0,1.0,0.0,14.0,1.0,0.7,0.9,260.5,422.0,583.5,422.0,2.0,334.5,14.0,1.0,0.5,0.6,260.0,420.0,585.0,420.0,2.0,335.0,14.0,1.0,0.5,0.6
1974,2,169.0,-22.0,26.32,27.0,28.37,27.33,3.0,1.53,22.0,0.3,0.4,0.4,26.35,26.9,27.1,26.73,3.0,0.57,22.0,0.3,0.4,0.4,17.21,17.58,17.95,17.58,2.0,0.76,18.0,0.5,0.2,0.6,77.0,80.3,83.6,80.3,2.0,6.8,18.0,0.5,0.6,4.26,4.6,7.06,5.63,3.0,2.24,22.0,0.3,0.4,0.4,-6.48,-3.85,-3.63,-5.03,3.0,2.33,22.0,0.3,0.4,0.4,1.85,2.8,2.91,2.39,3.0,0.86,22.0,0.3,0.4,0.4,1005.34,1009.5,1009.57,1007.5,3.0,3.55,22.0,0.3,0.4,0.4,6.2,6.5,6.8,6.5,2.0,0.7,18.0,0.5,0.2,0.6,-48.3,-16.2,-15.9,-31.7,3.0,27.2,22.0,0.3,0.4,0.4,8.2,13.6,20.0,14.1,3.0,8.6,22.0,0.3,0.4,0.4,-0.17,-0.1,1.4,0.6,3.0,1.3,22.0,0.3,0.4,0.4,-0.7,-0.5,11.6,5.3,3.0,10.3,22.0,0.3,0.4,0.4,3.45,4.21,4.98,4.21,2.0,1.59,18.0,0.5,0.2,0.6,15.4,18.0,20.7,18.0,2.0,5.4,18.0,0.5,0.2,0.6,-174.7,-104.8,-96.0,-134.7,3.0,63.2,22.0,0.3,0.4,0.4,50.0,75.4,76.6,63.6,3.0,22.1,22.0,0.3,0.4,0.4,-65.4,-64.7,-64.1,-64.7,2.0,1.3,18.0,0.5,0.2,0.6,28.6,38.7,48.9,38.7,2.0,21.0,18.0,0.5,0.2,0.6,-19.0,-15.7,-12.4,-15.7,2.0,6.8,18.0,0.5,0.2,0.6,7.7,8.3,8.9,8.3,2.0,1.2,18.0,0.5,0.2,0.6,78.0,97.5,407.5,239.0,3.0,270.5,22.0,0.3,0.4,0.4,80.0,95.0,405.0,240.0,3.0,270.0,22.0,0.3,0.4,0.4
1974,2,169.0,-21.0,28.32,29.0,29.68,29.0,2.0,1.41,20.0,1.0,0.5,0.4,28.17,28.55,28.93,28.55,2.0,0.78,20.0,1.0,0.5,0.4,16.72,16.72,16.72,16.72,1.0,0.0,12.0,1.0,0.6,0.2,66.4,66.4,66.4,66.4,1.0,0.0,12.0,1.0,0.2,6.75,6.85,6.95,6.85,2.0,0.21,20.0,1.0,0.5,0.4,-6.35,-5.86,-5.36,-5.86,2.0,1.02,20.0,1.0,0.5,0.4,2.7,3.35,4.0,3.35,2.0,1.35,20.0,1.0,0.5,0.4,1007.41,1008.5,1009.59,1008.5,2.0,2.26,20.0,1.0,0.5,0.4,5.2,5.5,5.8,5.5,2.0,0.7,20.0,1.0,0.5,0.4,-44.2,-40.2,-36.2,-40.2,2.0,8.2,20.0,1.0,0.5,0.4,18.7,22.8,26.9,22.8,2.0,8.6,20.0,1.0,0.5,0.4,-0.61,0.45,1.51,0.45,2.0,2.19,20.0,1.0,0.5,0.4,-4.0,3.3,10.6,3.3,2.0,15.1,20.0,1.0,0.5,0.4,7.01,7.01,7.01,7.01,1.0,0.0,12.0,1.0,0.6,0.2,47.0,47.0,47.0,47.0,1.0,0.0,12.0,1.0,0.6,0.2,-178.7,-166.8,-154.9,-166.8,2.0,24.6,20.0,1.0,0.5,0.4,76.3,96.2,116.1,96.2,2.0,41.2,20.0,1.0,0.5,0.4,-85.8,-85.8,-85.8,-85.8,1.0,0.0,12.0,1.0,0.6,0.2,72.0,72.0,72.0,72.0,1.0,0.0,12.0,1.0,0.6,0.2,-36.0,-36.0,-36.0,-36.0,1.0,0.0,12.0,1.0,0.6,0.2,30.2,30.2,30.2,30.2,1.0,0.0,12.0,1.0,0.6,0.2,307.5,322.0,336.5,322.0,2.0,30.0,20.0,1.0,0.5,0.4,305.0,320.0,335.0,320.0,2.0,30.0,20.0,1.0,0.5,0.4
1974,2,169.0,-19.0,27.5,27.5,27.5,27.5,1.0,0.0,28.0,0.0,0.7,1.0,26.8,26.8,26.8,26.8,1.0,0.0,28.0,0.0,0.7,1.0,19.54,19.54,19.54,19.54,1.0,0.0,28.0,0.0,0.7,1.0,88.3,88.3,88.3,88.3,1.0,0.0,28.0,0.0,1.0,4.1,4.1,4.1,4.1,1.0,0.0,28.0,0.0,0.7,1.0,-2.05,-2.05,-2.05,-2.05,1.0,0.0,28.0,0.0,0.7,1.0,3.55,3.55,3.55,3.55,1.0,0.0,28.0,0.0,0.7,1.0,1007.0,1007.0,1007.0,1007.0,1.0,0.0,28.0,0.0,0.7,1.0,8.0,8.0,8.0,8.0,1.0,0.0,28.0,0.0,0.7,1.0,-8.4,-8.4,-8.4,-8.4,1.0,0.0,28.0,0.0,0.7,1.0,14.6,14.6,14.6,14.6,1.0,0.0,28.0,0.0,0.7,1.0,0.7,0.7,0.7,0.7,1.0,0.0,28.0,0.0,0.7,1.0,2.9,2.9,2.9,2.9,1.0,0.0,28.0,0.0,0.7,1.0,3.57,3.57,3.57,3.57,1.0,0.0,28.0,0.0,0.7,1.0,14.7,14.7,14.7,14.7,1.0,0.0,28.0,0.0,0.7,1.0,-54.9,-54.9,-54.9,-54.9,1.0,0.0,28.0,0.0,0.7,1.0,95.2,95.2,95.2,95.2,1.0,0.0,28.0,0.0,0.7,1.0,-40.1,-40.1,-40.1,-40.1,1.0,0.0,28.0,0.0,0.7,1.0,69.4,69.4,69.4,69.4,1.0,0.0,28.0,0.0,0.7,1.0,-7.3,-7.3,-7.3,-7.3,1.0,0.0,28.0,0.0,0.7,1.0,12.7,12.7,12.7,12.7,1.0,0.0,28.0,0.0,0.7,1.0,69.0,69.0,69.0,69.0,1.0,0.0,28.0,0.0,0.7,1.0,70.0,70.0,70.0,70.0,1.0,0.0,28.0,0.0,0.7,1.0
1974,2,169.0,-17.0,27.8,28.0,28.34,28.07,3.0,0.4,8.0,0.7,0.2,0.7,25.18,26.2,27.29,26.23,3.0,1.55,8.0,0.7,0.2,0.7,17.65,17.81,18.33,17.98,3.0,0.52,8.0,0.7,0.2,0.7,80.0,82.6,88.6,84.3,3.0,6.4,8.0,0.7,0.7,3.26,3.6,3.94,3.6,2.0,0.71,8.0,1.0,0.1,0.6,-0.14,1.1,2.34,1.1,2.0,2.56,8.0,1.0,0.1,0.6,-3.23,-1.49,0.25,-1.49,2.0,3.6,8.0,1.0,0.1,0.6,1004.79,1008.2,1009.09,1006.97,3.0,3.33,8.0,0.7,0.2,0.7,6.6,8.0,8.0,7.3,3.0,1.2,8.0,0.7,0.2,0.7,-1.0,3.1,7.1,3.1,2.0,8.4,8.0,1.0,0.1,0.6,-13.4,-6.6,0.1,-6.6,2.0,14.0,8.0,1.0,0.1,0.6,1.05,1.8,2.62,1.83,3.0,1.15,8.0,0.7,0.2,0.7,3.9,6.1,8.3,6.1,2.0,4.5,8.0,1.0,0.1,0.6,5.71,6.05,6.13,5.92,3.0,0.33,8.0,0.7,0.2,0.7,18.4,21.0,23.6,21.0,2.0,5.4,8.0,1.0,0.1,0.6,-5.2,26.1,57.4,26.1,2.0,64.9,8.0,1.0,0.1,0.6,-90.3,-43.0,4.2,-43.0,2.0,97.9,8.0,1.0,0.1,0.6,-2.9,19.3,41.6,19.3,2.0,46.0,8.0,1.0,0.1,0.6,-60.1,-28.0,4.0,-28.0,2.0,66.4,8.0,1.0,0.1,0.6,-1.1,5.9,12.9,5.9,2.0,14.5,8.0,1.0,0.1,0.6,-19.6,-9.3,1.1,-9.3,2.0,21.4,8.0,1.0,0.1,0.6,36.0,49.5,62.5,49.5,2.0,27.5,8.0,1.0,0.1,0.6,35.0,50.0,65.0,50.0,2.0,30.0,8.0,1.0,0.1,0.6
1974,2,169.0,-16.0,27.8,27.8,27.8,27.8,1.0,0.0,6.0,0.0,0.4,0.7,26.3,26.3,26.3,26.3,1.0,0.0,6.0,0.0,0.4,0.7,18.09,18.09,18.09,18.09,1.0,0.0,6.0,0.0,0.4,0.7,84.6,84.6,84.6,84.6,1.0,0.0,6.0,0.0,0.7,,,,,,,,,,,,,,,,,,,,,,,,,,,,,,,,,,,,,,,,,,,,,,,,,,,,,,,,,,,,,,,,,,,,,,,,,,,,,,,,,,,,,,,,,,,,,,,,,,,,,,,,,,,,,,,,,,,,,,,,,,,,,,,,,,,,,,,,,,,,,,,,,,,,,,,,,,,,,,,,,,,,,,,,,,,,,,,,,,,,,,,,,,,,,,
1974,2,169.0,-15.0,27.66,28.0,28.34,28.0,2.0,0.71,14.0,0.0,0.5,0.9,26.24,26.75,27.26,26.75,2.0,1.06,14.0,0.0,0.5,0.9,18.02,18.7,19.39,18.7,2.0,1.42,14.0,0.0,0.5,0.9,84.2,84.6,85.0,84.6,2.0,0.8,14.0,0.0,0.9,5.7,5.7,5.7,5.7,1.0,0.0,24.0,0.0,0.5,1.0,0.0,0.0,0.0,0.0,1.0,0.0,24.0,0.0,0.5,1.0,5.7,5.7,5.7,5.7,1.0,0.0,24.0,0.0,0.5,1.0,1004.97,1006.4,1007.83,1006.4,2.0,2.97,14.0,0.0,0.5,0.9,7.0,7.0,7.0,7.0,1.0,0.0,24.0,0.0,0.5,1.0,0.0,0.0,0.0,0.0,1.0,0.0,24.0,0.0,0.5,1.0,32.5,32.5,32.5,32.5,1.0,0.0,24.0,0.0,0.5,1.0,1.08,1.25,1.42,1.25,2.0,0.35,14.0,0.0,0.5,0.9,5.7,5.7,5.7,5.7,1.0,0.0,24.0,0.0,0.5,1.0,4.96,5.13,5.3,5.13,2.0,0.35,14.0,0.0,0.5,0.9,27.8,27.8,27.8,27.8,1.0,0.0,24.0,0.0,0.5,1.0,0.0,0.0,0.0,0.0,1.0,0.0,24.0,0.0,0.5,1.0,156.8,156.8,156.8,156.8,1.0,0.0,24.0,0.0,0.5,1.0,0.0,0.0,0.0,0.0,1.0,0.0,24.0,0.0,0.5,1.0,112.3,112.3,112.3,112.3,1.0,0.0,24.0,0.0,0.5,1.0,0.0,0.0,0.0,0.0,1.0,0.0,24.0,0.0,0.5,1.0,27.8,27.8,27.8,27.8,1.0,0.0,24.0,0.0,0.5,1.0,185.0,185.0,185.0,185.0,1.0,0.0,24.0,0.0,0.5,1.0,185.0,185.0,185.0,185.0,1.0,0.0,24.0,0.0,0.5,1.0
1974,2,169.0,-14.0,28.14,28.45,28.76,28.45,2.0,0.64,16.0,0.5,0.4,0.8,27.46,27.8,28.14,27.8,2.0,0.71,16.0,0.5,0.4,0.8,18.9,19.33,19.75,19.33,2.0,0.88,16.0,0.5,0.4,0.8,82.2,82.3,82.3,82.3,2.0,0.1,16.0,0.5,0.8,3.6,3.6,3.6,3.6,1.0,0.0,28.0,1.0,0.0,1.0,-0.63,-0.63,-0.63,-0.63,1.0,0.0,28.0,1.0,0.0,1.0,3.55,3.55,3.55,3.55,1.0,0.0,28.0,1.0,0.0,1.0,1004.8,1006.1,1007.4,1006.1,2.0,2.69,16.0,0.5,0.4,0.8,6.2,6.5,6.8,6.5,2.0,0.7,16.0,0.5,0.4,0.8,-2.3,-2.3,-2.3,-2.3,1.0,0.0,28.0,1.0,0.0,1.0,12.8,12.8,12.8,12.8,1.0,0.0,28.0,1.0,0.0,1.0,0.62,0.65,0.68,0.65,2.0,0.07,16.0,0.5,0.4,0.8,2.2,2.2,2.2,2.2,1.0,0.0,28.0,1.0,0.0,1.0,5.1,5.15,5.2,5.15,2.0,0.11,16.0,0.5,0.4,0.8,18.8,18.8,18.8,18.8,1.0,0.0,28.0,1.0,0.0,1.0,-17.7,-17.7,-17.7,-17.7,1.0,0.0,28.0,1.0,0.0,1.0,100.3,100.3,100.3,100.3,1.0,0.0,28.0,1.0,0.0,1.0,-12.5,-12.5,-12.5,-12.5,1.0,0.0,28.0,1.0,0.0,1.0,70.7,70.7,70.7,70.7,1.0,0.0,28.0,1.0,0.0,1.0,-3.3,-3.3,-3.3,-3.3,1.0,0.0,28.0,1.0,0.0,1.0,18.5,18.5,18.5,18.5,1.0,0.0,28.0,1.0,0.0,1.0,46.5,46.5,46.5,46.5,1.0,0.0,28.0,1.0,0.0,1.0,45.0,45.0,45.0,45.0,1.0,0.0,28.0,1.0,0.0,1.0
1974,2,169.0,-2.0,27.3,27.3,27.3,27.3,1.0,0.0,10.0,1.0,0.3,0.5,28.2,28.2,28.2,28.2,1.0,0.0,10.0,1.0,0.3,0.5,17.87,17.87,17.87,17.87,1.0,0.0,10.0,1.0,0.3,0.5,74.3,74.3,74.3,74.3,1.0,0.0,10.0,1.0,0.5,4.6,4.6,4.6,4.6,1.0,0.0,10.0,1.0,0.3,0.5,-4.32,-4.32,-4.32,-4.32,1.0,0.0,10.0,1.0,0.3,0.5,-1.57,-1.57,-1.57,-1.57,1.0,0.0,10.0,1.0,0.3,0.5,1004.8,1004.8,1004.8,1004.8,1.0,0.0,10.0,1.0,0.3,0.5,4.0,4.0,4.0,4.0,1.0,0.0,10.0,1.0,0.3,0.5,-19.9,-19.9,-19.9,-19.9,1.0,0.0,10.0,1.0,0.3,0.5,-7.2,-7.2,-7.2,-7.2,1.0,0.0,10.0,1.0,0.3,0.5,-0.9,-0.9,-0.9,-0.9,1.0,0.0,10.0,1.0,0.3,0.5,-4.1,-4.1,-4.1,-4.1,1.0,0.0,10.0,1.0,0.3,0.5,5.02,5.02,5.02,5.02,1.0,0.0,10.0,1.0,0.3,0.5,23.1,23.1,23.1,23.1,1.0,0.0,10.0,1.0,0.3,0.5,-121.9,-121.9,-121.9,-121.9,1.0,0.0,10.0,1.0,0.3,0.5,-44.4,-44.4,-44.4,-44.4,1.0,0.0,10.0,1.0,0.3,0.5,-77.3,-77.3,-77.3,-77.3,1.0,0.0,10.0,1.0,0.3,0.5,-28.1,-28.1,-28.1,-28.1,1.0,0.0,10.0,1.0,0.3,0.5,-21.7,-21.7,-21.7,-21.7,1.0,0.0,10.0,1.0,0.3,0.5,-7.9,-7.9,-7.9,-7.9,1.0,0.0,10.0,1.0,0.3,0.5,97.5,97.5,97.5,97.5,1.0,0.0,10.0,1.0,0.3,0.5,95.0,95.0,95.0,95.0,1.0,0.0,10.0,1.0,0.3,0.5
1974,2,169.0,-1.0,,,,,,,,,,,,,,,,,,,,,,,,,,,,,,,,,,,,,,,,5.1,5.1,5.1,5.1,1.0,0.0,10.0,0.0,0.9,0.5,-4.79,-4.79,-4.79,-4.79,1.0,0.0,10.0,0.0,0.9,0.5,-1.74,-1.74,-1.74,-1.74,1.0,0.0,10.0,0.0,0.9,0.5,1007.5,1007.5,1007.5,1007.5,1.0,0.0,10.0,0.0,0.9,0.5,,,,,,,,,,,,,,,,,,,,,,,,,,,,,,,,,,,,,,,,,,,,,,,,,,,,,,,,,,,,,,,,,,,,,,,-127.0,-127.0,-127.0,-127.0,1.0,0.0,10.0,0.0,0.9,0.5,-46.2,-46.2,-46.2,-46.2,1.0,0.0,10.0,0.0,0.9,0.5,-84.4,-84.4,-84.4,-84.4,1.0,0.0,10.0,0.0,0.9,0.5,-30.7,-30.7,-30.7,-30.7,1.0,0.0,10.0,0.0,0.9,0.5,,,,,,,,,,,,,,,,,,,,,,,,,,,,,,,,,,,,,,,,
1974,2,169.0,9.0,26.3,27.8,29.3,27.8,2.0,3.11,22.0,0.5,0.4,0.5,27.05,27.8,28.55,27.8,2.0,1.56,22.0,0.5,0.4,0.5,17.52,17.82,18.11,17.82,2.0,0.61,22.0,0.5,0.4,0.5,71.8,76.4,81.0,76.4,2.0,9.5,22.0,0.5,0.5,8.69,9.75,10.81,9.75,2.0,2.19,22.0,0.5,0.4,0.5,-10.73,-9.5,-8.28,-9.5,2.0,2.54,22.0,0.5,0.4,0.5,-2.36,-1.4,-0.45,-1.4,2.0,1.98,22.0,0.5,0.4,0.5,1007.91,1008.15,1008.39,1008.15,2.0,0.5,22.0,0.5,0.4,0.5,5.0,5.0,5.0,5.0,2.0,0.0,22.0,0.5,0.4,0.5,-117.5,-95.4,-73.4,-95.4,2.0,45.6,22.0,0.5,0.4,0.5,-19.3,-11.5,-3.6,-11.5,2.0,16.3,22.0,0.5,0.4,0.5,-0.75,0.0,0.75,0.0,2.0,1.56,22.0,0.5,0.4,0.5,-9.0,-1.7,5.6,-1.7,2.0,15.2,22.0,0.5,0.4,0.5,3.46,5.86,8.26,5.86,2.0,4.96,22.0,0.5,0.4,0.5,34.5,51.7,68.9,51.7,2.0,35.6,22.0,0.5,0.4,0.5,-289.2,-262.2,-235.2,-262.2,2.0,55.9,22.0,0.5,0.4,0.5,-68.2,-40.5,-12.9,-40.5,2.0,57.3,22.0,0.5,0.4,0.5,-194.7,-170.1,-145.4,-170.1,2.0,51.1,22.0,0.5,0.4,0.5,-41.0,-24.4,-7.7,-24.4,2.0,34.5,22.0,0.5,0.4,0.5,-65.0,-49.4,-33.8,-49.4,2.0,32.3,22.0,0.5,0.4,0.5,-22.1,-13.1,-4.2,-13.1,2.0,18.6,22.0,0.5,0.4,0.5,693.0,997.0,1301.5,997.0,2.0,630.5,22.0,0.5,0.4,0.5,695.0,995.0,1300.0,995.0,2.0,630.0,22.0,0.5,0.4,0.5
1974,2,169.0,15.0,26.48,27.5,28.52,27.5,2.0,2.12,8.0,0.5,0.3,0.6,25.57,26.8,28.03,26.8,2.0,2.55,8.0,0.5,0.3,0.6,16.73,16.73,16.73,16.73,1.0,0.0,2.0,1.0,0.6,0.3,68.7,68.7,68.7,68.7,1.0,0.0,2.0,1.0,0.3,2.92,3.6,4.28,3.6,2.0,1.41,8.0,0.5,0.3,0.6,-3.81,-2.27,-0.72,-2.27,2.0,3.2,8.0,0.5,0.3,0.6,-2.31,-1.7,-1.08,-1.7,2.0,1.27,8.0,0.5,0.3,0.6,1011.8,1013.3,1014.8,1013.3,2.0,3.11,8.0,0.5,0.3,0.6,3.2,3.5,3.8,3.5,2.0,0.7,8.0,0.5,0.3,0.6,-17.5,-10.4,-3.3,-10.4,2.0,14.7,8.0,0.5,0.3,0.6,-6.3,-5.2,-4.2,-5.2,2.0,2.2,8.0,0.5,0.3,0.6,0.5,0.7,0.9,0.7,2.0,0.42,8.0,0.5,0.3,0.6,2.0,2.2,2.5,2.2,2.0,0.5,8.0,0.5,0.3,0.6,8.31,8.31,8.31,8.31,1.0,0.0,2.0,1.0,0.6,0.3,38.2,38.2,38.2,38.2,1.0,0.0,2.0,1.0,0.6,0.3,-109.0,-64.8,-20.6,-64.8,2.0,91.6,8.0,0.5,0.3,0.6,-58.3,-43.9,-29.5,-43.9,2.0,29.8,8.0,0.5,0.3,0.6,-75.8,-75.8,-75.8,-75.8,1.0,0.0,2.0,1.0,0.6,0.3,-13.4,-13.4,-13.4,-13.4,1.0,0.0,2.0,1.0,0.6,0.3,-37.6,-37.6,-37.6,-37.6,1.0,0.0,2.0,1.0,0.6,0.3,-6.6,-6.6,-6.6,-6.6,1.0,0.0,2.0,1.0,0.6,0.3,30.0,57.5,84.5,57.5,2.0,56.5,8.0,0.5,0.3,0.6,30.0,55.0,85.0,55.0,2.0,55.0,8.0,0.5,0.3,0.6
1974,2,169.0,17.0,26.1,26.1,26.1,26.1,1.0,0.0,12.0,0.0,0.5,0.0,25.4,25.4,25.4,25.4,1.0,0.0,12.0,0.0,0.5,0.0,16.5,16.5,16.5,16.5,1.0,0.0,12.0,0.0,0.5,0.0,82.0,82.0,82.0,82.0,1.0,0.0,12.0,0.0,0.0,8.2,8.2,8.2,8.2,1.0,0.0,12.0,0.0,0.5,0.0,-7.71,-7.71,-7.71,-7.71,1.0,0.0,12.0,0.0,0.5,0.0,-2.8,-2.8,-2.8,-2.8,1.0,0.0,12.0,0.0,0.5,0.0,1016.9,1016.9,1016.9,1016.9,1.0,0.0,12.0,0.0,0.5,0.0,1.0,1.0,1.0,1.0,1.0,0.0,12.0,0.0,0.5,0.0,-63.2,-63.2,-63.2,-63.2,1.0,0.0,12.0,0.0,0.5,0.0,-23.0,-23.0,-23.0,-23.0,1.0,0.0,12.0,0.0,0.5,0.0,0.7,0.7,0.7,0.7,1.0,0.0,12.0,0.0,0.5,0.0,5.7,5.7,5.7,5.7,1.0,0.0,12.0,0.0,0.5,0.0,4.54,4.54,4.54,4.54,1.0,0.0,12.0,0.0,0.5,0.0,37.3,37.3,37.3,37.3,1.0,0.0,12.0,0.0,0.5,0.0,-195.7,-195.7,-195.7,-195.7,1.0,0.0,12.0,0.0,0.5,0.0,-71.2,-71.2,-71.2,-71.2,1.0,0.0,12.0,0.0,0.5,0.0,-127.2,-127.2,-127.2,-127.2,1.0,0.0,12.0,0.0,0.5,0.0,-46.3,-46.3,-46.3,-46.3,1.0,0.0,12.0,0.0,0.5,0.0,-35.0,-35.0,-35.0,-35.0,1.0,0.0,12.0,0.0,0.5,0.0,-12.7,-12.7,-12.7,-12.7,1.0,0.0,12.0,0.0,0.5,0.0,551.5,551.5,551.5,551.5,1.0,0.0,12.0,0.0,0.5,0.0,550.0,550.0,550.0,550.0,1.0,0.0,12.0,0.0,0.5,0.0
1974,2,169.0,18.0,26.0,26.1,27.37,26.69,7.0,1.04,10.0,0.3,0.6,0.6,24.42,25.3,25.87,25.21,7.0,1.34,10.0,0.3,0.6,0.6,14.8,16.12,17.83,16.04,7.0,3.11,10.0,0.3,0.6,0.6,72.9,82.0,85.9,79.5,7.0,10.2,10.0,0.3,0.6,4.58,6.7,11.02,8.37,7.0,4.02,10.0,0.3,0.6,0.6,-10.39,-6.3,-1.31,-5.88,7.0,6.04,10.0,0.3,0.6,0.6,-3.94,0.0,2.39,-1.04,7.0,4.45,10.0,0.3,0.6,0.6,1011.21,1013.0,1015.54,1012.83,7.0,3.74,10.0,0.3,0.6,0.6,1.9,2.0,6.0,3.1,7.0,2.5,10.0,0.3,0.6,0.6,-115.5,-44.9,-6.1,-67.8,7.0,82.9,10.0,0.3,0.6,0.6,-43.6,0.0,15.6,-18.9,7.0,40.6,10.0,0.3,0.6,0.6,0.14,2.0,3.2,1.47,7.0,1.62,10.0,0.3,0.6,0.6,1.0,13.5,30.9,14.3,7.0,14.8,10.0,0.3,0.6,0.6,3.12,5.46,9.85,5.88,7.0,3.7,10.0,0.3,0.6,0.6,20.9,43.6,101.6,52.7,7.0,41.3,10.0,0.3,0.6,0.6,-255.1,-162.4,-36.5,-150.2,7.0,149.0,10.0,0.3,0.6,0.6,-97.1,0.0,61.9,-25.4,7.0,114.6,10.0,0.3,0.6,0.6,-167.0,-110.1,-29.5,-98.2,7.0,88.4,10.0,0.3,0.6,0.6,-63.1,0.0,42.9,-12.6,7.0,73.2,10.0,0.3,0.6,0.6,-58.1,-30.3,1.8,-32.4,7.0,47.6,10.0,0.3,0.6,0.6,-23.4,0.0,7.8,-14.9,7.0,34.6,10.0,0.3,0.6,0.6,96.0,301.0,1374.0,967.5,7.0,1275.5,10.0,0.3,0.6,0.6,95.0,300.0,1375.0,965.0,7.0,1275.0,10.0,0.3,0.6,0.6
1974,2,169.0,19.0,25.92,27.1,27.37,26.83,6.0,0.88,22.0,0.3,0.3,0.4,23.78,24.75,26.08,25.13,6.0,1.7,22.0,0.3,0.3,0.4,15.3,15.77,16.45,15.93,5.0,0.86,20.0,0.4,0.2,0.3,75.7,77.6,83.3,78.9,5.0,4.6,20.0,0.4,0.3,5.97,7.45,9.51,7.63,6.0,1.93,22.0,0.3,0.3,0.4,-6.74,-5.31,5.32,-2.43,6.0,6.65,22.0,0.3,0.3,0.4,-4.27,0.19,3.17,-0.32,6.0,4.71,22.0,0.3,0.3,0.4,1012.45,1013.9,1015.07,1013.78,5.0,1.66,20.0,0.4,0.2,0.3,0.0,2.0,3.2,1.8,6.0,1.6,22.0,0.3,0.3,0.4,-64.7,-30.3,40.3,-21.5,6.0,56.5,22.0,0.3,0.3,0.4,-42.5,2.1,23.4,-5.9,6.0,40.3,22.0,0.3,0.3,0.4,0.24,2.6,3.32,1.7,6.0,2.32,22.0,0.3,0.3,0.4,3.3,19.6,28.6,15.4,6.0,16.7,22.0,0.3,0.3,0.4,4.76,6.58,7.5,6.11,5.0,1.87,20.0,0.4,0.2,0.3,33.7,48.9,67.7,48.8,5.0,21.4,20.0,0.4,0.2,0.3,-166.9,-139.0,131.3,-63.3,6.0,163.7,22.0,0.3,0.3,0.4,-103.5,2.4,76.8,-7.6,6.0,115.2,22.0,0.3,0.3,0.4,-114.6,-91.3,-25.2,-69.0,5.0,85.8,20.0,0.4,0.2,0.3,-75.3,-30.3,54.2,-14.3,5.0,77.7,20.0,0.4,0.2,0.3,-52.5,-43.5,0.9,-27.9,5.0,36.0,20.0,0.4,0.2,0.3,-33.6,-5.4,23.0,-6.0,5.0,33.5,20.0,0.4,0.2,0.3,216.5,415.0,864.0,516.5,6.0,364.5,22.0,0.3,0.3,0.4,215.0,415.0,865.0,515.0,6.0,365.0,22.0,0.3,0.3,0.4
1974,2,169.0,20.0,25.92,26.5,26.81,26.38,5.0,0.54,14.0,0.8,0.2,0.5,25.16,26.0,26.99,26.04,5.0,1.17,14.0,0.8,0.2,0.5,16.1,16.36,16.43,16.27,4.0,0.24,10.0,0.8,0.3,0.5,73.6,77.5,81.5,77.6,4.0,4.9,10.0,0.8,0.5,5.03,7.2,7.88,6.46,5.0,2.07,14.0,0.8,0.2,0.5,-4.06,-2.3,6.13,0.23,5.0,5.7,14.0,0.8,0.2,0.5,0.64,3.6,5.26,3.07,5.0,3.47,14.0,0.8,0.2,0.5,1010.45,1013.2,1014.95,1012.73,4.0,2.7,10.0,0.8,0.3,0.5,2.6,3.0,3.7,3.2,5.0,1.1,14.0,0.8,0.2,0.5,-31.0,-6.9,41.7,2.5,5.0,40.3,14.0,0.8,0.2,0.5,6.2,25.9,41.9,25.2,5.0,25.3,14.0,0.8,0.2,0.5,-0.37,0.0,1.26,0.34,5.0,1.04,14.0,0.8,0.2,0.5,-1.1,0.0,8.7,3.3,5.0,6.4,14.0,0.8,0.2,0.5,4.68,5.22,5.36,5.03,4.0,0.53,10.0,0.8,0.3,0.5,22.7,35.6,42.7,32.8,4.0,12.9,10.0,0.8,0.3,0.5,-105.8,-63.2,155.6,3.3,5.0,145.3,14.0,0.8,0.2,0.5,15.6,92.2,134.8,78.8,5.0,92.8,14.0,0.8,0.2,0.5,-75.2,-41.9,37.6,-19.8,4.0,88.6,10.0,0.8,0.3,0.5,11.3,60.0,95.5,53.7,4.0,65.1,10.0,0.8,0.3,0.5,-21.1,-13.5,12.8,-4.6,4.0,27.3,10.0,0.8,0.3,0.5,2.1,17.8,31.6,16.9,4.0,21.3,10.0,0.8,0.3,0.5,161.0,373.0,491.0,329.5,5.0,204.5,14.0,0.8,0.2,0.5,160.0,375.0,490.0,330.0,5.0,205.0,14.0,0.8,0.2,0.5
1974,2,169.0,21.0,23.7,25.2,27.11,25.4,3.0,2.51,14.0,1.0,0.7,0.6,24.86,25.0,25.55,25.2,3.0,0.53,14.0,1.0,0.7,0.6,14.63,16.16,16.22,15.44,3.0,1.32,14.0,1.0,0.7,0.6,73.2,78.6,81.2,77.2,3.0,6.0,14.0,1.0,0.6,4.88,8.7,8.7,6.83,3.0,3.23,14.0,1.0,0.7,0.6,2.78,2.98,4.76,3.75,3.0,1.6,14.0,1.0,0.7,0.6,-5.04,-1.55,5.09,-0.01,3.0,7.54,14.0,1.0,0.7,0.6,1008.9,1013.0,1013.68,1011.33,3.0,3.79,14.0,1.0,0.7,0.6,4.0,4.0,5.4,4.7,3.0,1.2,14.0,1.0,0.7,0.6,13.9,25.9,41.4,27.6,3.0,20.2,14.0,1.0,0.7,0.6,-41.1,-4.8,47.0,2.8,3.0,64.9,14.0,1.0,0.7,0.6,-1.56,-0.6,1.99,0.2,3.0,2.69,14.0,1.0,0.7,0.6,-12.5,-1.9,18.4,2.9,3.0,23.0,14.0,1.0,0.7,0.6,3.64,3.75,6.41,4.99,3.0,2.3,14.0,1.0,0.7,0.6,17.8,31.2,55.3,36.5,3.0,27.8,14.0,1.0,0.7,0.6,70.7,73.8,118.9,94.3,3.0,39.5,14.0,1.0,0.7,0.6,-126.4,-40.0,125.7,-1.3,3.0,187.7,14.0,1.0,0.7,0.6,45.0,48.1,68.4,56.5,3.0,18.6,14.0,1.0,0.7,0.6,-71.3,-25.2,82.2,4.7,3.0,115.4,14.0,1.0,0.7,0.6,13.2,20.1,21.9,17.6,3.0,6.7,14.0,1.0,0.7,0.6,-18.2,-5.8,40.8,10.9,3.0,45.6,14.0,1.0,0.7,0.6,229.5,658.5,658.5,449.0,3.0,363.0,14.0,1.0,0.7,0.6,230.0,660.0,660.0,450.0,3.0,365.0,14.0,1.0,0.7,0.6
1974,2,169.0,22.0,25.0,25.3,26.9,25.49,8.0,1.62,20.0,0.8,0.4,0.4,22.23,23.3,26.7,24.16,9.0,2.29,20.0,0.8,0.4,0.4,13.49,14.63,16.52,14.57,7.0,2.22,18.0,0.7,0.4,0.4,72.3,81.1,82.6,76.4,7.0,12.3,18.0,0.7,0.4,4.73,5.1,15.09,8.21,9.0,5.63,20.0,0.8,0.4,0.4,-7.54,-2.29,4.26,-1.5,9.0,5.37,20.0,0.8,0.4,0.4,-12.74,1.4,5.35,-2.23,9.0,8.4,20.0,0.8,0.4,0.4,1008.64,1013.0,1016.43,1012.53,9.0,3.71,20.0,0.8,0.4,0.4,3.0,4.0,5.1,4.1,7.0,1.7,18.0,0.9,0.4,0.3,-125.3,-15.4,20.7,-34.9,9.0,74.2,20.0,0.8,0.4,0.4,-211.9,5.7,34.5,-53.8,9.0,130.5,20.0,0.8,0.4,0.4,-1.4,1.95,2.79,0.94,8.0,2.17,20.0,0.8,0.4,0.4,-9.4,9.4,44.8,13.4,8.0,24.2,20.0,0.8,0.4,0.4,4.03,6.11,6.79,6.38,7.0,3.02,18.0,0.7,0.4,0.4,26.7,39.0,110.1,56.9,7.0,39.0,18.0,0.7,0.4,0.4,-172.7,-62.1,95.4,-36.8,9.0,122.8,20.0,0.8,0.4,0.4,-284.3,35.1,145.0,-41.1,9.0,196.6,20.0,0.8,0.4,0.4,-122.8,-37.8,16.1,-41.5,7.0,71.6,18.0,0.7,0.4,0.4,-212.7,28.2,103.9,-32.9,7.0,136.6,18.0,0.7,0.4,0.4,-55.1,-19.5,6.3,-23.1,7.0,29.6,18.0,0.7,0.4,0.4,-95.4,6.3,33.9,-17.4,7.0,58.8,18.0,0.7,0.4,0.4,107.0,132.5,4360.5,1433.5,9.0,2495.5,20.0,0.8,0.4,0.4,105.0,135.0,4360.0,1435.0,9.0,2495.0,20.0,0.8,0.4,0.4
1974,2,169.0,23.0,23.9,23.9,25.33,24.6,3.0,1.21,12.0,0.3,0.5,0.4,22.14,23.1,23.24,22.7,3.0,0.87,12.0,0.3,0.5,0.4,10.53,10.58,10.63,10.58,2.0,0.1,12.0,0.5,0.6,0.6,61.3,63.4,65.5,63.4,2.0,4.4,12.0,0.5,0.6,5.61,6.7,9.16,7.37,3.0,2.66,12.0,0.3,0.5,0.4,-8.77,-5.8,-5.11,-6.91,3.0,2.84,12.0,0.3,0.5,0.4,-2.84,-1.74,0.67,-1.1,3.0,2.63,12.0,0.3,0.5,0.4,1018.0,1019.5,1019.57,1018.8,3.0,1.3,12.0,0.3,0.5,0.4,1.3,2.0,3.4,2.3,3.0,1.5,12.0,0.3,0.5,0.4,-83.7,-38.9,-29.0,-55.9,3.0,42.7,12.0,0.3,0.5,0.4,-18.1,-8.9,9.8,-4.3,3.0,20.8,12.0,0.3,0.5,0.4,0.66,0.8,3.19,1.9,3.0,2.08,12.0,0.3,0.5,0.4,5.6,6.2,16.9,11.2,3.0,9.3,12.0,0.3,0.5,0.4,8.24,9.04,9.85,9.04,2.0,1.66,12.0,0.5,0.6,0.6,52.2,52.4,52.6,52.4,2.0,0.4,12.0,0.5,0.6,0.6,-203.9,-134.0,-113.5,-158.1,3.0,69.4,12.0,0.3,0.5,0.4,-64.8,-37.9,16.4,-24.5,3.0,60.6,12.0,0.3,0.5,0.4,-59.4,-56.0,-52.6,-56.0,2.0,7.0,12.0,0.5,0.6,0.6,-32.6,-26.9,-21.2,-26.9,2.0,11.8,12.0,0.5,0.6,0.6,-48.5,-47.3,-46.2,-47.3,2.0,2.3,12.0,0.5,0.6,0.6,-25.0,-22.1,-19.2,-22.1,2.0,6.0,12.0,0.5,0.6,0.6,186.0,301.0,841.5,508.5,3.0,512.5,12.0,0.3,0.5,0.4,185.0,300.0,840.0,510.0,3.0,515.0,12.0,0.3,0.5,0.4
1974,2,169.0,24.0,23.0,23.3,23.83,23.44,5.0,0.58,18.0,0.4,0.7,0.6,19.5,21.4,23.67,21.58,4.0,2.41,22.0,0.5,0.7,0.6,12.04,13.29,15.0,13.51,4.0,1.73,22.0,0.5,0.7,0.6,82.5,84.4,85.5,84.0,4.0,1.8,22.0,0.5,0.6,5.62,6.7,16.67,10.28,5.0,6.18,18.0,0.4,0.7,0.6,-6.21,-5.44,2.13,-2.64,5.0,4.59,18.0,0.4,0.7,0.6,-15.66,-2.29,4.7,-4.89,5.0,10.52,18.0,0.4,0.7,0.6,1012.63,1013.2,1015.12,1013.9,5.0,2.16,18.0,0.4,0.7,0.6,3.3,5.0,8.0,5.4,5.0,2.6,18.0,0.4,0.7,0.6,-95.4,-42.2,11.6,-42.6,5.0,56.8,18.0,0.4,0.7,0.6,-262.0,-15.4,24.8,-100.8,5.0,158.1,18.0,0.4,0.7,0.6,-0.26,1.75,3.5,1.63,4.0,2.17,22.0,0.5,0.7,0.6,-1.8,27.8,59.5,28.8,4.0,35.4,22.0,0.5,0.7,0.6,2.91,4.38,5.48,4.2,4.0,1.5,22.0,0.5,0.7,0.6,18.7,53.8,93.2,55.9,4.0,43.1,22.0,0.5,0.7,0.6,-136.3,-113.0,-12.6,-76.2,4.0,100.8,22.0,0.5,0.7,0.6,-311.5,-173.2,39.4,-137.8,4.0,213.3,22.0,0.5,0.7,0.6,-86.1,-69.8,-7.5,-47.9,4.0,63.4,22.0,0.5,0.7,0.6,-192.3,-107.5,24.1,-85.2,4.0,131.8,22.0,0.5,0.7,0.6,-31.9,-23.0,-2.3,-17.4,4.0,19.9,22.0,0.5,0.7,0.6,-87.6,-43.9,6.5,-40.7,4.0,54.8,22.0,0.5,0.7,0.6,187.0,301.0,4681.5,2097.5,5.0,2661.0,18.0,0.4,0.7,0.6,185.0,300.0,4680.0,2100.0,5.0,2660.0,18.0,0.4,0.7,0.6
1974,2,169.0,25.0,21.0,22.35,23.0,21.98,10.0,1.46,20.0,0.3,0.4,0.6,18.97,20.25,23.13,20.74,12.0,2.31,18.0,0.3,0.4,0.5,8.5,10.47,13.96,11.17,9.0,2.88,18.0,0.3,0.3,0.5,60.2,75.5,89.7,74.6,9.0,13.2,18.0,0.3,0.5,3.63,4.6,10.79,6.55,11.0,4.22,18.0,0.4,0.4,0.5,-4.06,-1.25,0.0,-2.63,11.0,4.15,18.0,0.4,0.4,0.5,-8.36,-2.43,4.56,-2.17,11.0,5.91,18.0,0.4,0.4,0.5,1014.12,1017.6,1021.58,1017.59,11.0,4.21,18.0,0.3,0.3,0.5,1.0,2.0,5.2,3.0,11.0,2.5,18.0,0.4,0.4,0.5,-40.6,-7.4,0.0,-28.6,11.0,59.6,18.0,0.4,0.4,0.5,-70.5,-13.9,21.0,-24.5,11.0,55.1,18.0,0.4,0.4,0.5,0.21,2.1,3.73,1.99,10.0,1.81,20.0,0.3,0.4,0.6,0.0,7.0,16.5,9.3,9.0,12.1,18.0,0.3,0.4,0.6,3.58,6.02,7.6,5.71,8.0,2.33,18.0,0.4,0.4,0.6,22.3,27.7,39.1,29.8,7.0,18.9,18.0,0.4,0.4,0.6,-83.0,-29.4,0.0,-54.3,11.0,85.0,18.0,0.4,0.4,0.5,-156.2,-49.8,110.6,-35.9,11.0,125.3,18.0,0.4,0.4,0.5,-23.6,-15.2,0.0,-20.3,8.0,29.0,16.0,0.4,0.4,0.5,-88.5,-29.3,64.5,-24.5,8.0,83.2,16.0,0.4,0.4,0.5,-16.0,-4.3,0.0,-7.6,7.0,8.7,18.0,0.4,0.4,0.6,-39.1,-20.3,1.2,-20.3,7.0,27.7,18.0,0.4,0.4,0.6,50.0,97.5,1358.5,628.0,11.0,939.5,18.0,0.4,0.4,0.5,50.0,95.0,1360.0,630.0,11.0,940.0,18.0,0.4,0.4,0.5
1974,2,169.0,26.0,21.64,22.5,23.28,22.4,13.0,1.23,14.0,0.5,0.3,0.5,18.21,19.8,21.5,19.9,18.0,1.8,14.0,0.6,0.3,0.5,8.89,11.69,13.39,11.36,16.0,2.43,14.0,0.5,0.3,0.4,66.3,81.2,86.4,78.1,16.0,11.5,14.0,0.5,0.4,2.09,4.6,16.73,7.86,17.0,7.0,14.0,0.5,0.3,0.4,-4.29,-1.06,3.16,-1.76,17.0,5.97,14.0,0.5,0.3,0.4,-14.63,-3.99,0.45,-5.46,17.0,6.64,14.0,0.5,0.3,0.4,1014.04,1015.9,1019.87,1016.58,17.0,3.68,14.0,0.5,0.3,0.5,3.7,6.0,8.0,5.8,18.0,2.2,14.0,0.6,0.3,0.5,-73.2,-2.2,10.9,-36.0,17.0,102.4,14.0,0.5,0.3,0.4,-271.1,-21.2,1.2,-83.7,17.0,123.0,14.0,0.5,0.3,0.4,0.47,2.5,4.64,2.45,13.0,2.22,14.0,0.5,0.3,0.5,0.1,9.0,81.3,33.8,12.0,41.7,16.0,0.5,0.3,0.4,2.66,4.46,8.06,4.99,12.0,2.28,14.0,0.5,0.3,0.4,8.1,34.0,125.2,59.9,11.0,56.9,16.0,0.5,0.3,0.4,-78.4,-19.9,70.1,-33.9,17.0,118.6,14.0,0.5,0.3,0.4,-269.2,-78.9,9.3,-102.2,17.0,122.3,14.0,0.5,0.3,0.4,-49.0,0.0,33.2,-22.4,15.0,74.8,14.0,0.5,0.3,0.4,-144.5,-27.6,5.8,-61.0,15.0,78.0,14.0,0.5,0.3,0.4,-36.4,0.0,11.1,-9.5,11.0,37.8,16.0,0.5,0.3,0.4,-120.7,-17.0,2.6,-46.6,11.0,57.2,16.0,0.5,0.3,0.4,11.0,97.5,4686.0,1806.0,17.0,2948.5,14.0,0.5,0.3,0.4,10.0,95.0,4685.0,1805.0,17.0,2950.0,14.0,0.5,0.3,0.4
1974,2,169.0,27.0,18.77,21.0,21.8,20.63,15.0,1.78,14.0,0.5,0.5,0.5,16.52,19.5,21.66,19.39,15.0,2.74,14.0,0.5,0.5,0.5,7.43,10.55,13.22,10.58,14.0,3.14,14.0,0.5,0.5,0.5,59.0,75.9,84.7,72.9,14.0,12.6,14.0,0.5,0.5,3.63,7.95,11.17,8.11,14.0,4.89,14.0,0.5,0.5,0.5,-4.79,2.57,7.2,0.8,14.0,7.14,14.0,0.5,0.5,0.5,-9.26,-2.15,0.83,-3.5,14.0,5.47,14.0,0.5,0.5,0.5,1013.0,1015.0,1018.41,1015.75,15.0,3.24,14.0,0.5,0.5,0.5,4.0,7.0,7.8,5.7,15.0,2.2,14.0,0.5,0.5,0.5,-24.1,11.2,74.2,-10.0,14.0,101.0,14.0,0.5,0.5,0.5,-97.1,-7.6,4.2,-44.4,14.0,76.3,14.0,0.5,0.5,0.5,-0.66,1.7,3.61,1.24,15.0,2.78,14.0,0.5,0.5,0.5,-6.0,6.3,20.8,12.9,14.0,31.6,14.0,0.5,0.5,0.5,2.26,4.74,7.18,4.5,14.0,2.85,14.0,0.5,0.5,0.5,9.3,28.1,56.1,29.6,13.0,24.7,12.0,0.5,0.5,0.4,-95.7,47.5,134.1,23.3,14.0,141.1,14.0,0.5,0.5,0.5,-152.8,-39.8,16.6,-58.9,14.0,102.6,14.0,0.5,0.5,0.5,-15.8,20.2,80.9,21.7,13.0,82.5,12.0,0.5,0.5,0.4,-64.4,-15.1,15.4,-25.1,13.0,57.7,12.0,0.5,0.5,0.4,-11.6,8.7,23.2,6.7,13.0,20.9,12.0,0.5,0.5,0.4,-49.9,-4.5,0.2,-15.1,13.0,28.8,12.0,0.5,0.5,0.4,48.0,504.0,1402.5,1150.5,14.0,1842.0,14.0,0.5,0.5,0.5,50.0,505.0,1405.0,1150.0,14.0,1840.0,14.0,0.5,0.5,0.5
1974,2,169.0,28.0,18.89,20.0,20.57,19.87,10.0,1.17,14.0,0.5,0.4,0.3,14.43,16.2,18.37,16.59,10.0,2.14,14.0,0.5,0.4,0.3,7.05,7.66,10.15,8.39,10.0,2.0,14.0,0.5,0.4,0.3,61.2,71.5,80.2,71.2,10.0,10.5,14.0,0.5,0.3,2.87,10.3,14.77,9.31,9.0,5.61,14.0,0.6,0.4,0.3,-3.18,-2.41,7.93,0.48,9.0,6.27,14.0,0.6,0.4,0.3,-13.48,-2.6,0.9,-4.96,9.0,7.86,14.0,0.6,0.4,0.3,1014.0,1017.35,1021.8,1016.78,10.0,6.09,14.0,0.5,0.4,0.3,1.0,1.5,5.6,2.8,10.0,2.3,14.0,0.5,0.4,0.3,-37.2,-12.2,78.1,5.7,9.0,80.4,14.0,0.6,0.4,0.3,-191.7,-6.8,3.2,-75.7,9.0,106.3,14.0,0.6,0.4,0.3,1.29,3.25,5.57,3.28,10.0,2.09,14.0,0.5,0.4,0.3,4.6,14.4,82.2,34.4,9.0,36.5,14.0,0.6,0.4,0.3,4.43,7.05,7.53,6.02,10.0,2.09,14.0,0.5,0.4,0.3,12.5,39.2,110.2,59.8,9.0,47.8,14.0,0.6,0.4,0.3,-59.1,-36.2,149.5,15.8,9.0,112.7,14.0,0.6,0.4,0.3,-198.8,-41.6,16.9,-72.5,9.0,121.7,14.0,0.6,0.4,0.3,-28.8,-17.1,59.8,8.6,9.0,58.4,14.0,0.6,0.4,0.3,-94.6,-20.8,7.0,-31.5,9.0,61.7,14.0,0.6,0.4,0.3,-21.7,-3.4,30.9,1.4,9.0,40.6,14.0,0.6,0.4,0.3,-100.6,-19.3,6.0,-42.3,9.0,51.4,14.0,0.6,0.4,0.3,25.5,1092.5,3221.0,1545.0,9.0,1497.5,14.0,0.6,0.4,0.3,25.0,1095.0,3220.0,1545.0,9.0,1495.0,14.0,0.6,0.4,0.3
1974,2,169.0,29.0,18.19,19.5,20.5,19.35,4.0,1.35,14.0,0.5,0.3,0.8,16.33,16.85,18.57,17.43,4.0,1.77,14.0,0.5,0.3,0.8,8.79,9.17,10.01,9.39,4.0,0.97,14.0,0.5,0.3,0.8,73.3,75.8,79.1,76.2,4.0,3.7,14.0,0.5,0.8,6.29,11.8,16.52,11.43,4.0,6.23,14.0,0.5,0.3,0.8,-4.68,2.53,11.36,3.3,4.0,11.28,14.0,0.5,0.3,0.8,-4.49,3.58,5.87,0.82,4.0,8.38,14.0,0.5,0.3,0.8,1011.02,1018.1,1021.93,1016.55,4.0,7.37,14.0,0.5,0.3,0.8,3.4,6.5,7.5,5.5,4.0,3.1,14.0,0.5,0.3,0.8,-73.4,20.4,185.2,54.3,4.0,193.1,14.0,0.5,0.3,0.8,-81.2,36.4,61.1,-7.9,4.0,110.2,14.0,0.5,0.3,0.8,0.83,1.35,3.07,1.93,4.0,1.77,14.0,0.5,0.3,0.8,4.6,13.6,53.1,28.2,4.0,36.2,14.0,0.5,0.3,0.8,4.04,4.2,5.11,4.56,4.0,0.93,14.0,0.5,0.3,0.8,26.4,47.4,83.8,54.7,4.0,38.6,14.0,0.5,0.3,0.8,-79.6,49.4,190.0,54.9,4.0,184.9,14.0,0.5,0.3,0.8,-77.8,58.7,111.0,18.5,4.0,148.4,14.0,0.5,0.3,0.8,-43.2,26.4,107.3,31.8,4.0,103.8,14.0,0.5,0.3,0.8,-41.3,31.4,58.7,9.7,4.0,79.9,14.0,0.5,0.3,0.8,-18.2,10.6,63.9,22.3,4.0,60.1,14.0,0.5,0.3,0.8,-15.3,17.7,25.4,5.6,4.0,34.2,14.0,0.5,0.3,0.8,349.5,1983.0,4630.5,2467.0,4.0,2649.0,14.0,0.5,0.3,0.8,350.0,1985.0,4630.0,2465.0,4.0,2650.0,14.0,0.5,0.3,0.8
1974,2,169.0,30.0,17.66,18.9,19.23,18.54,17.0,1.01,8.0,0.6,0.4,0.4,16.43,17.0,19.0,17.37,19.0,1.71,8.0,0.6,0.4,0.4,7.53,9.31,10.59,9.21,19.0,1.97,8.0,0.6,0.4,0.4,62.2,77.4,85.6,74.4,19.0,11.8,8.0,0.6,0.4,4.6,8.2,13.04,9.09,19.0,4.25,8.0,0.6,0.4,0.4,1.33,4.42,9.94,5.1,19.0,6.55,8.0,0.6,0.4,0.4,-3.51,1.42,5.71,1.39,19.0,5.74,8.0,0.6,0.4,0.4,1010.47,1013.0,1019.43,1014.27,19.0,4.27,8.0,0.6,0.4,0.4,2.7,7.0,8.0,5.7,18.0,2.8,8.0,0.6,0.4,0.4,5.6,28.9,124.7,54.9,19.0,98.4,8.0,0.6,0.4,0.4,-39.0,7.4,36.3,11.3,19.0,68.2,8.0,0.6,0.4,0.4,0.27,1.0,2.23,1.21,17.0,1.4,8.0,0.6,0.4,0.4,1.2,7.0,20.8,12.2,17.0,17.3,8.0,0.6,0.4,0.4,2.36,3.74,5.79,3.97,17.0,1.81,8.0,0.6,0.4,0.4,17.3,36.3,58.9,37.3,17.0,22.0,8.0,0.6,0.4,0.4,22.8,77.3,180.1,86.6,19.0,114.2,8.0,0.6,0.4,0.4,-58.0,23.8,110.0,32.0,19.0,102.2,8.0,0.6,0.4,0.4,10.1,42.3,110.0,46.1,19.0,64.0,8.0,0.6,0.4,0.4,-31.9,9.9,51.6,18.3,19.0,59.6,8.0,0.6,0.4,0.4,6.7,18.1,49.7,23.0,17.0,29.3,8.0,0.6,0.4,0.4,-19.2,0.0,18.2,0.5,17.0,23.1,8.0,0.6,0.4,0.4,97.5,551.5,2224.0,1240.5,19.0,1461.5,8.0,0.6,0.4,0.4,95.0,550.0,2225.0,1240.0,19.0,1460.0,8.0,0.6,0.4,0.4
1974,2,169.0,31.0,16.0,16.9,18.0,16.96,10.0,1.1,12.0,0.8,0.3,0.4,12.18,16.0,18.55,15.72,13.0,2.81,14.0,0.6,0.3,0.5,6.93,8.13,12.29,8.92,11.0,2.49,12.0,0.6,0.3,0.5,72.3,78.9,88.7,80.4,11.0,9.9,12.0,0.6,0.5,7.15,9.3,13.5,9.98,13.0,2.93,14.0,0.6,0.3,0.5,-5.97,6.62,10.51,2.47,13.0,8.51,14.0,0.6,0.3,0.5,-5.56,-1.34,4.65,-0.11,13.0,6.11,14.0,0.6,0.3,0.5,1008.36,1013.5,1021.24,1015.19,13.0,7.29,14.0,0.6,0.3,0.5,3.8,6.0,8.0,5.8,13.0,2.4,14.0,0.6,0.3,0.5,-40.7,51.3,113.1,37.3,13.0,98.5,14.0,0.6,0.3,0.5,-58.0,-10.3,33.9,-1.2,13.0,73.3,14.0,0.6,0.3,0.5,-1.79,0.25,3.06,0.73,10.0,2.99,12.0,0.8,0.3,0.4,-20.4,1.8,24.2,9.4,10.0,39.7,12.0,0.8,0.3,0.4,0.21,2.84,4.45,2.63,9.0,2.55,12.0,0.8,0.3,0.4,2.4,22.6,36.7,28.4,9.0,36.4,12.0,0.8,0.3,0.4,-99.8,81.4,150.7,25.7,13.0,130.8,14.0,0.6,0.3,0.5,-85.6,-21.4,86.8,7.4,13.0,101.6,14.0,0.6,0.3,0.5,-40.4,57.7,84.2,27.6,11.0,72.7,12.0,0.6,0.3,0.5,-46.5,-27.0,43.5,3.4,11.0,69.5,12.0,0.6,0.3,0.5,-6.4,12.5,35.1,21.2,9.0,37.4,12.0,0.8,0.3,0.4,-18.1,-9.0,1.1,-8.7,9.0,15.6,12.0,0.8,0.3,0.4,366.5,804.5,2461.5,1244.0,13.0,1097.0,14.0,0.6,0.3,0.5,365.0,805.0,2460.0,1245.0,13.0,1095.0,14.0,0.6,0.3,0.5
1974,2,169.0,32.0,15.0,16.35,18.0,16.38,12.0,1.62,18.0,0.5,0.3,0.5,11.5,15.4,17.05,14.77,13.0,2.44,18.0,0.5,0.4,0.6,5.15,8.12,9.72,7.76,13.0,2.29,18.0,0.5,0.4,0.6,60.4,71.3,85.5,73.2,13.0,14.1,18.0,0.5,0.6,7.56,10.3,15.51,11.2,13.0,4.57,18.0,0.5,0.4,0.6,-7.57,5.15,14.96,3.68,13.0,10.01,18.0,0.5,0.4,0.6,-7.04,-2.67,4.77,-1.99,13.0,6.13,18.0,0.5,0.4,0.6,1012.37,1014.8,1024.46,1016.12,13.0,6.29,18.0,0.5,0.4,0.6,2.9,5.0,8.0,5.2,13.0,2.4,18.0,0.5,0.4,0.6,-73.2,45.4,233.6,60.0,13.0,146.1,18.0,0.5,0.4,0.6,-67.0,-12.2,30.3,-35.5,13.0,88.5,18.0,0.5,0.4,0.6,0.22,1.35,4.2,1.72,12.0,1.93,18.0,0.5,0.3,0.5,1.7,14.4,68.0,24.0,12.0,30.6,18.0,0.5,0.3,0.5,1.76,4.49,6.35,3.97,12.0,2.14,18.0,0.5,0.3,0.5,13.1,40.1,85.6,47.2,12.0,34.8,18.0,0.5,0.3,0.5,-130.0,85.0,174.4,45.0,13.0,137.5,18.0,0.5,0.4,0.6,-105.8,-30.8,79.3,-22.4,13.0,88.6,18.0,0.5,0.4,0.6,-58.8,50.9,81.6,27.5,13.0,71.3,18.0,0.5,0.4,0.6,-51.1,-13.4,46.2,-9.1,13.0,49.3,18.0,0.5,0.4,0.6,-22.8,9.1,69.8,16.5,12.0,51.9,18.0,0.5,0.3,0.5,-35.5,-16.4,2.2,-14.3,12.0,20.7,18.0,0.5,0.3,0.5,435.5,1092.5,3732.5,2069.5,13.0,2169.0,18.0,0.5,0.4,0.6,435.0,1095.0,3735.0,2070.0,13.0,2170.0,18.0,0.5,0.4,0.6
1974,2,169.0,33.0,15.11,16.2,17.91,16.51,15.0,1.43,14.0,0.5,0.4,0.4,11.07,13.0,16.72,13.46,18.0,2.52,16.0,0.5,0.4,0.4,6.05,7.17,8.74,7.29,14.0,1.58,16.0,0.6,0.4,0.5,64.6,73.8,86.6,75.7,14.0,11.6,16.0,0.6,0.5,5.87,12.1,16.19,11.14,18.0,4.99,16.0,0.5,0.4,0.4,0.0,5.06,11.96,5.65,18.0,6.8,16.0,0.5,0.4,0.4,-11.74,-4.41,1.4,-4.39,18.0,7.48,16.0,0.5,0.4,0.4,1006.7,1014.9,1020.09,1014.22,18.0,6.86,16.0,0.5,0.4,0.4,4.0,6.5,8.0,6.1,18.0,2.0,16.0,0.5,0.4,0.4,0.0,38.5,172.2,79.0,18.0,110.5,16.0,0.5,0.4,0.4,-159.4,-31.2,10.1,-65.8,18.0,120.5,16.0,0.5,0.4,0.4,0.63,3.0,4.48,3.17,15.0,2.13,14.0,0.5,0.4,0.4,6.7,20.9,57.8,36.6,15.0,36.5,14.0,0.5,0.4,0.4,3.3,4.26,5.73,4.27,13.0,1.32,16.0,0.5,0.4,0.5,28.8,39.1,66.9,42.4,13.0,19.3,16.0,0.5,0.4,0.5,0.0,70.4,142.6,73.7,18.0,86.5,16.0,0.5,0.4,0.4,-131.7,-58.3,21.5,-51.9,18.0,102.7,16.0,0.5,0.4,0.4,8.4,35.3,75.6,43.1,14.0,47.4,16.0,0.6,0.4,0.5,-62.8,-12.1,38.2,-11.7,14.0,50.2,16.0,0.6,0.4,0.5,6.1,17.8,58.8,25.4,13.0,28.4,16.0,0.5,0.4,0.5,-38.9,-5.1,7.0,-12.3,13.0,25.5,16.0,0.5,0.4,0.5,206.5,1795.0,4311.0,2209.0,18.0,2534.0,16.0,0.5,0.4,0.4,205.0,1795.0,4310.0,2210.0,18.0,2535.0,16.0,0.5,0.4,0.4
1974,2,169.0,34.0,12.79,15.0,16.73,14.76,9.0,2.1,18.0,0.6,0.4,0.5,11.12,12.0,14.53,12.39,11.0,2.19,16.0,0.5,0.5,0.5,5.54,6.85,8.74,7.1,10.0,1.56,16.0,0.5,0.5,0.4,67.4,78.9,87.6,78.5,10.0,10.3,16.0,0.5,0.4,10.01,12.65,14.19,12.41,10.0,4.84,18.0,0.5,0.5,0.5,-6.48,7.94,13.62,5.36,10.0,9.78,18.0,0.5,0.5,0.5,-11.66,-2.2,2.01,-3.64,10.0,7.23,18.0,0.5,0.5,0.5,1004.1,1018.0,1023.24,1013.71,11.0,9.63,16.0,0.5,0.5,0.5,4.7,8.0,8.0,6.8,10.0,2.0,18.0,0.5,0.5,0.5,-66.4,98.7,192.9,91.2,10.0,151.9,18.0,0.5,0.5,0.5,-152.6,-25.1,20.7,-62.3,10.0,121.2,18.0,0.5,0.5,0.5,-0.36,2.0,5.6,2.28,9.0,3.48,18.0,0.6,0.4,0.5,2.1,29.2,80.8,48.0,8.0,60.1,18.0,0.5,0.4,0.5,1.24,3.85,4.91,3.24,9.0,2.18,18.0,0.6,0.4,0.5,13.5,49.3,66.6,49.9,8.0,40.6,18.0,0.5,0.4,0.5,-94.3,104.7,143.7,50.2,10.0,118.0,18.0,0.5,0.5,0.5,-121.3,-24.8,30.2,-35.1,10.0,83.4,18.0,0.5,0.5,0.5,-60.1,60.0,85.8,24.9,9.0,69.1,18.0,0.4,0.5,0.5,-72.9,-13.7,22.2,-16.5,9.0,52.5,18.0,0.4,0.5,0.5,-13.3,8.3,61.2,20.3,8.0,45.5,18.0,0.5,0.4,0.5,-58.9,-9.0,3.7,-25.6,8.0,34.7,18.0,0.5,0.4,0.5,1006.0,2026.5,2857.5,2718.0,10.0,3226.5,18.0,0.5,0.5,0.5,1005.0,2025.0,2855.0,2720.0,10.0,3225.0,18.0,0.5,0.5,0.5
1974,2,169.0,35.0,14.32,15.0,15.1,14.82,6.0,0.53,12.0,0.7,0.5,0.5,13.0,14.2,15.36,14.33,8.0,1.58,14.0,0.5,0.4,0.6,5.78,7.65,8.73,7.34,7.0,1.52,12.0,0.6,0.4,0.6,62.3,73.4,80.4,72.0,7.0,9.5,12.0,0.6,0.6,9.36,12.1,14.4,11.78,8.0,3.03,14.0,0.5,0.4,0.6,7.86,9.45,12.65,9.82,8.0,2.84,14.0,0.5,0.4,0.6,-2.41,-0.81,10.29,2.37,8.0,6.54,14.0,0.5,0.4,0.6,1000.81,1008.75,1011.24,1007.0,8.0,5.22,14.0,0.5,0.4,0.6,3.1,5.5,7.0,5.1,8.0,2.4,14.0,0.5,0.4,0.6,86.2,119.3,162.7,119.6,8.0,51.6,14.0,0.5,0.4,0.6,-33.9,-7.5,144.4,35.2,8.0,94.1,14.0,0.5,0.4,0.6,-0.6,1.55,2.1,0.78,6.0,2.01,12.0,0.7,0.5,0.5,-8.6,13.0,21.4,5.3,6.0,25.1,12.0,0.7,0.5,0.5,2.09,3.45,4.88,3.4,6.0,1.65,12.0,0.7,0.5,0.5,16.9,37.3,50.9,34.9,6.0,16.2,12.0,0.7,0.5,0.5,115.9,129.1,176.4,141.9,8.0,51.3,14.0,0.5,0.4,0.6,-40.9,-10.5,157.9,37.2,8.0,97.7,14.0,0.5,0.4,0.6,51.8,65.9,100.0,74.6,7.0,30.0,12.0,0.6,0.4,0.6,-22.6,-9.2,40.0,9.7,7.0,43.2,12.0,0.6,0.4,0.6,16.0,37.0,48.5,33.5,6.0,16.4,12.0,0.7,0.5,0.5,-10.6,-5.4,2.1,-4.5,6.0,9.3,12.0,0.7,0.5,0.5,819.5,1795.0,2986.0,1907.5,8.0,1217.5,14.0,0.5,0.4,0.6,820.0,1795.0,2985.0,1910.0,8.0,1215.0,14.0,0.5,0.4,0.6
1974,2,169.0,36.0,13.96,14.7,15.65,14.63,11.0,1.16,16.0,0.4,0.3,0.5,9.72,12.5,14.58,12.46,12.0,2.54,14.0,0.4,0.3,0.5,5.88,6.96,9.26,7.23,12.0,1.49,14.0,0.4,0.3,0.5,76.2,78.4,86.2,79.4,12.0,7.8,14.0,0.4,0.5,8.51,13.15,19.04,13.8,12.0,5.56,14.0,0.4,0.3,0.5,3.29,8.73,15.05,7.99,12.0,8.38,14.0,0.4,0.3,0.5,-7.87,1.28,11.0,2.24,12.0,9.66,14.0,0.4,0.3,0.5,998.34,1008.35,1014.9,1008.58,12.0,9.65,14.0,0.4,0.3,0.5,3.5,7.0,8.0,5.9,12.0,2.3,14.0,0.4,0.3,0.5,16.8,108.5,238.6,111.6,12.0,175.2,14.0,0.4,0.3,0.5,-106.7,6.5,168.5,43.2,12.0,176.6,14.0,0.4,0.3,0.5,0.23,1.5,5.44,2.35,11.0,2.51,16.0,0.4,0.3,0.5,4.0,18.0,77.3,35.9,11.0,46.5,16.0,0.4,0.3,0.5,1.96,3.08,4.83,3.35,11.0,1.39,16.0,0.4,0.3,0.5,17.7,51.1,72.9,49.4,11.0,34.8,16.0,0.4,0.3,0.5,39.5,93.0,162.3,93.3,12.0,100.7,14.0,0.4,0.3,0.5,-66.3,15.3,161.2,40.4,12.0,124.5,14.0,0.4,0.3,0.5,22.0,58.5,99.6,53.5,12.0,56.1,14.0,0.4,0.3,0.5,-41.0,8.5,95.6,21.8,12.0,73.4,14.0,0.4,0.3,0.5,4.1,17.9,69.9,32.8,11.0,40.9,16.0,0.4,0.3,0.5,-31.8,0.0,25.9,0.2,11.0,32.3,16.0,0.4,0.3,0.5,660.5,2276.5,7094.0,3812.5,12.0,3853.5,14.0,0.4,0.3,0.5,660.0,2275.0,7095.0,3810.0,12.0,3855.0,14.0,0.4,0.3,0.5
1974,2,169.0,37.0,12.0,13.0,14.74,13.36,5.0,1.52,16.0,0.8,0.4,0.6,9.19,9.75,12.06,10.22,6.0,1.64,16.0,0.8,0.3,0.5,5.57,6.05,7.27,6.25,6.0,1.07,16.0,0.8,0.3,0.5,75.9,82.6,87.4,80.7,6.0,8.5,16.0,0.8,0.5,5.06,12.1,15.0,10.47,6.0,5.2,16.0,0.8,0.3,0.5,-1.44,2.93,12.7,3.39,6.0,10.32,16.0,0.8,0.3,0.5,-2.19,3.04,5.29,1.01,6.0,6.09,16.0,0.8,0.3,0.5,1005.89,1016.35,1025.18,1015.27,6.0,10.6,16.0,0.8,0.3,0.5,5.8,7.0,8.0,6.8,6.0,1.3,16.0,0.8,0.3,0.5,-41.9,27.4,169.9,35.9,6.0,153.4,16.0,0.8,0.3,0.5,-24.8,17.4,61.9,8.8,6.0,70.3,16.0,0.8,0.3,0.5,1.27,2.0,4.41,2.7,5.0,2.22,16.0,0.8,0.4,0.6,16.4,30.8,57.8,37.1,5.0,32.7,16.0,0.8,0.4,0.6,1.96,2.52,4.74,3.18,5.0,1.59,16.0,0.8,0.4,0.6,22.0,35.0,60.4,39.8,5.0,26.9,16.0,0.8,0.4,0.6,-24.4,30.3,125.4,26.8,6.0,113.4,16.0,0.8,0.3,0.5,-20.8,31.5,48.4,11.8,6.0,59.5,16.0,0.8,0.3,0.5,-14.1,16.2,78.3,15.8,6.0,70.7,16.0,0.8,0.3,0.5,-10.4,19.8,33.0,10.2,6.0,32.9,16.0,0.8,0.3,0.5,-10.2,17.4,47.5,19.0,5.0,40.2,16.0,0.8,0.4,0.6,-17.4,2.4,11.4,-4.5,5.0,24.8,16.0,0.8,0.4,0.6,150.5,1795.0,3379.0,1792.0,6.0,1532.0,16.0,0.8,0.3,0.5,150.0,1795.0,3380.0,1790.0,6.0,1530.0,16.0,0.8,0.3,0.5
1974,2,169.0,38.0,11.4,12.1,14.16,12.82,6.0,2.08,12.0,0.5,0.5,0.3,6.59,8.5,11.41,8.83,11.0,2.65,14.0,0.5,0.4,0.5,4.8,5.02,6.83,5.48,8.0,1.11,14.0,0.5,0.5,0.3,73.6,78.2,81.7,78.5,8.0,7.1,14.0,0.5,0.3,7.79,13.4,18.21,12.49,11.0,5.39,14.0,0.5,0.4,0.5,4.1,8.61,15.27,9.37,11.0,5.77,14.0,0.5,0.4,0.5,-10.8,-4.75,6.37,-3.06,11.0,7.79,14.0,0.5,0.4,0.5,993.7,1007.0,1015.24,1005.38,11.0,11.17,14.0,0.5,0.4,0.5,5.0,6.0,8.0,6.2,10.0,1.6,12.0,0.5,0.5,0.4,28.0,115.4,278.5,141.6,11.0,119.0,14.0,0.5,0.4,0.5,-166.8,-51.8,60.6,-52.7,11.0,117.6,14.0,0.5,0.4,0.5,1.76,4.0,8.37,4.77,6.0,4.43,12.0,0.5,0.5,0.3,21.5,41.1,139.5,65.7,6.0,65.2,12.0,0.5,0.5,0.3,3.01,3.62,5.58,4.04,6.0,1.8,12.0,0.5,0.5,0.3,23.8,49.2,91.9,53.9,6.0,34.8,12.0,0.5,0.5,0.3,37.4,70.1,120.8,80.3,11.0,54.4,14.0,0.5,0.4,0.5,-60.2,-37.1,76.1,-10.6,11.0,65.3,14.0,0.5,0.4,0.5,19.6,46.3,67.6,45.1,8.0,27.0,14.0,0.5,0.5,0.3,-49.1,-27.6,5.6,-17.5,8.0,33.4,14.0,0.5,0.5,0.3,6.4,45.9,63.5,38.9,6.0,30.0,12.0,0.5,0.5,0.3,-62.7,-24.5,2.0,-28.3,6.0,31.8,12.0,0.5,0.5,0.3,478.0,2406.0,6038.5,2895.5,11.0,2613.0,14.0,0.5,0.4,0.5,480.0,2405.0,6040.0,2895.0,11.0,2615.0,14.0,0.5,0.4,0.5
1974,2,169.0,39.0,11.48,12.25,13.5,12.48,4.0,1.43,12.0,0.3,0.4,0.6,6.48,8.0,11.24,8.67,7.0,2.25,8.0,0.4,0.5,0.5,5.63,6.19,7.37,6.48,4.0,1.19,12.0,0.3,0.4,0.6,77.2,86.3,95.2,86.2,4.0,10.5,12.0,0.3,0.6,10.78,12.9,16.5,13.17,7.0,2.68,8.0,0.4,0.5,0.5,-2.31,9.35,11.04,5.3,7.0,9.13,8.0,0.4,0.5,0.5,-6.75,-5.4,10.17,0.02,7.0,9.67,8.0,0.4,0.5,0.5,1000.0,1003.0,1011.05,1005.1,5.0,5.77,10.0,0.4,0.4,0.5,3.0,5.0,6.1,5.1,7.0,1.8,8.0,0.4,0.5,0.5,-27.5,101.0,159.6,64.7,7.0,136.4,8.0,0.4,0.5,0.5,-89.2,-58.3,135.3,0.6,7.0,139.4,8.0,0.4,0.5,0.5,1.69,3.1,3.88,2.8,4.0,1.67,12.0,0.3,0.4,0.6,22.4,42.2,59.5,41.0,4.0,28.3,12.0,0.3,0.4,0.6,1.58,2.87,3.53,2.57,4.0,1.27,12.0,0.3,0.4,0.6,23.3,43.3,48.0,36.0,4.0,18.6,12.0,0.3,0.4,0.6,-24.4,74.8,100.5,47.7,7.0,73.1,8.0,0.4,0.5,0.5,-72.4,-43.2,85.1,5.6,7.0,82.7,8.0,0.4,0.5,0.5,-45.7,22.6,66.6,11.0,4.0,68.5,12.0,0.3,0.4,0.6,1.8,56.1,72.9,38.2,4.0,55.2,12.0,0.3,0.4,0.6,-16.5,17.8,39.2,11.7,4.0,33.8,12.0,0.3,0.4,0.6,-8.3,16.9,28.3,10.3,4.0,24.6,12.0,0.3,0.4,0.6,1251.5,2146.5,4492.0,2532.5,7.0,1491.5,8.0,0.4,0.5,0.5,1250.0,2145.0,4490.0,2535.0,7.0,1490.0,8.0,0.4,0.5,0.5
1974,2,169.0,40.0,9.56,10.85,12.94,11.09,8.0,1.59,18.0,0.1,0.4,0.5,7.56,10.0,12.0,9.91,8.0,2.48,18.0,0.1,0.4,0.5,5.13,6.93,8.0,6.68,8.0,1.39,18.0,0.1,0.4,0.5,79.0,90.2,93.6,87.2,8.0,7.6,18.0,0.1,0.5,8.43,10.55,13.79,11.25,8.0,2.61,18.0,0.1,0.4,0.5,-7.76,-5.21,-0.49,-3.58,8.0,6.1,18.0,0.1,0.4,0.5,-0.86,7.6,13.7,6.81,8.0,6.83,18.0,0.1,0.4,0.5,1002.33,1017.25,1028.08,1014.78,8.0,13.07,18.0,0.1,0.4,0.5,5.3,8.0,8.0,6.6,8.0,2.9,18.0,0.1,0.4,0.5,-79.5,-55.0,-4.8,-38.8,8.0,64.1,18.0,0.1,0.4,0.5,-6.0,71.7,189.1,88.5,8.0,94.8,18.0,0.1,0.4,0.5,-1.59,1.0,5.06,1.18,8.0,2.99,18.0,0.1,0.4,0.5,-23.6,11.6,41.5,8.7,8.0,30.9,18.0,0.1,0.4,0.5,-0.16,1.15,3.45,1.53,8.0,1.73,18.0,0.1,0.4,0.5,-1.3,12.2,33.9,14.9,8.0,16.2,18.0,0.1,0.4,0.5,-66.8,-56.8,-4.7,-37.3,8.0,48.8,18.0,0.1,0.4,0.5,-6.2,78.6,164.4,81.1,8.0,81.3,18.0,0.1,0.4,0.5,-41.1,-37.5,-3.7,-23.5,8.0,34.2,18.0,0.1,0.4,0.5,-4.4,55.4,107.9,52.7,8.0,52.4,18.0,0.1,0.4,0.5,-20.0,-4.2,1.2,-4.3,8.0,20.1,18.0,0.1,0.4,0.5,-7.2,2.5,9.0,1.2,8.0,9.5,18.0,0.1,0.4,0.5,611.5,1176.0,2626.0,1629.0,8.0,1102.5,18.0,0.1,0.4,0.5,610.0,1175.0,2625.0,1630.0,8.0,1105.0,18.0,0.1,0.4,0.5
1974,2,169.0,41.0,8.13,9.0,9.37,8.8,5.0,0.91,12.0,0.2,0.5,0.6,4.63,5.5,7.6,6.1,5.0,2.1,12.0,0.2,0.5,0.6,3.85,4.76,6.26,4.95,5.0,1.76,12.0,0.2,0.5,0.6,67.1,85.7,100.0,82.3,5.0,21.5,12.0,0.2,0.6,6.75,12.9,18.58,12.66,5.0,6.29,12.0,0.2,0.5,0.6,-4.43,2.55,10.43,2.81,5.0,10.55,12.0,0.2,0.5,0.6,-10.63,-4.42,0.01,-5.14,5.0,9.26,12.0,0.2,0.5,0.6,995.54,998.5,1021.11,1006.94,5.0,15.78,12.0,0.2,0.5,0.6,1.6,7.0,8.0,5.2,5.0,3.4,12.0,0.2,0.5,0.6,-57.1,13.0,194.6,58.5,5.0,171.4,12.0,0.2,0.5,0.6,-202.2,-56.9,7.4,-98.4,5.0,159.3,12.0,0.2,0.5,0.6,1.45,3.5,3.68,2.7,5.0,1.44,12.0,0.2,0.5,0.6,12.7,36.0,57.8,35.6,5.0,25.8,12.0,0.2,0.5,0.6,1.07,2.21,3.07,2.11,5.0,1.38,12.0,0.2,0.5,0.6,13.7,30.4,35.2,25.0,5.0,14.7,12.0,0.2,0.5,0.6,-22.1,10.2,63.6,19.3,5.0,62.0,12.0,0.2,0.5,0.6,-62.4,-22.1,15.5,-21.6,5.0,62.6,12.0,0.2,0.5,0.6,-20.8,6.1,53.6,13.6,5.0,50.7,12.0,0.2,0.5,0.6,-56.9,-20.7,13.6,-22.0,5.0,57.2,12.0,0.2,0.5,0.6,-11.2,10.2,20.3,5.5,5.0,24.5,12.0,0.2,0.5,0.6,-21.7,-13.6,-6.4,-13.8,5.0,11.0,12.0,0.2,0.5,0.6,338.5,2146.5,6452.0,3219.5,5.0,3306.0,12.0,0.2,0.5,0.6,340.0,2145.0,6450.0,3220.0,5.0,3305.0,12.0,0.2,0.5,0.6
1974,2,169.0,42.0,7.48,8.1,8.62,8.05,4.0,0.82,18.0,0.5,0.2,0.6,4.63,5.8,7.64,6.26,5.0,2.5,18.0,0.4,0.2,0.5,3.21,4.13,4.89,4.05,4.0,1.01,18.0,0.5,0.2,0.6,57.2,64.6,73.5,65.3,4.0,12.4,18.0,0.5,0.6,7.58,13.9,16.5,12.16,5.0,5.15,18.0,0.4,0.2,0.5,6.1,8.25,14.32,9.85,5.0,4.88,18.0,0.4,0.2,0.5,-9.01,-4.75,-1.0,-5.32,5.0,5.56,18.0,0.4,0.2,0.5,1001.4,1012.0,1014.6,1008.62,5.0,8.52,18.0,0.4,0.2,0.5,7.3,8.0,8.0,7.6,5.0,0.9,18.0,0.4,0.2,0.5,49.3,136.1,214.7,135.2,5.0,98.7,18.0,0.4,0.2,0.5,-128.1,-55.6,-4.6,-72.9,5.0,95.5,18.0,0.4,0.2,0.5,-0.83,1.7,3.24,1.23,4.0,2.77,18.0,0.5,0.2,0.6,0.6,18.1,45.2,22.7,4.0,32.3,18.0,0.5,0.2,0.6,1.57,2.64,3.74,2.65,4.0,1.25,18.0,0.5,0.2,0.6,13.9,28.3,48.5,31.1,4.0,22.6,18.0,0.5,0.2,0.6,38.3,45.4,79.9,56.1,5.0,22.7,18.0,0.4,0.2,0.5,-42.9,-28.5,-10.5,-27.4,5.0,21.3,18.0,0.4,0.2,0.5,21.2,40.4,60.2,40.7,4.0,22.5,18.0,0.5,0.2,0.6,-19.9,-12.6,-3.8,-11.9,4.0,9.9,18.0,0.5,0.2,0.6,13.1,23.5,44.6,28.6,4.0,22.8,18.0,0.5,0.2,0.6,-15.4,-4.9,-1.2,-8.1,4.0,10.2,18.0,0.5,0.2,0.6,546.0,2685.5,4492.0,2514.5,5.0,2038.5,18.0,0.4,0.2,0.5,545.0,2685.0,4490.0,2515.0,5.0,2040.0,18.0,0.4,0.2,0.5
1974,2,169.0,43.0,6.0,6.7,7.05,6.66,7.0,0.74,14.0,0.6,0.5,0.5,2.19,4.5,6.41,4.57,7.0,2.27,14.0,0.6,0.5,0.5,3.53,3.84,5.01,4.28,5.0,1.35,14.0,0.6,0.4,0.5,71.7,72.6,86.6,78.6,5.0,10.8,14.0,0.6,0.5,4.1,12.3,15.52,10.93,7.0,5.55,14.0,0.6,0.5,0.5,-2.19,8.2,15.51,6.63,7.0,8.52,14.0,0.6,0.5,0.5,-3.37,0.0,4.03,0.42,7.0,6.79,14.0,0.6,0.5,0.5,995.95,1001.7,1017.81,1004.64,7.0,10.02,14.0,0.6,0.5,0.5,5.0,6.0,8.0,6.0,7.0,1.5,14.0,0.6,0.5,0.5,-11.4,67.2,241.1,95.8,7.0,139.6,14.0,0.6,0.5,0.5,-58.2,0.0,23.2,6.1,7.0,91.9,14.0,0.6,0.5,0.5,-0.31,2.4,4.02,2.09,7.0,1.92,14.0,0.6,0.5,0.5,-3.9,16.4,38.7,18.9,7.0,20.9,14.0,0.6,0.5,0.5,1.1,2.46,2.55,1.87,5.0,1.1,14.0,0.6,0.4,0.5,4.5,10.8,40.5,20.2,5.0,20.0,14.0,0.6,0.4,0.5,-9.8,18.0,69.8,26.0,7.0,45.0,14.0,0.6,0.5,0.5,-15.8,0.0,19.0,8.4,7.0,51.1,14.0,0.6,0.5,0.5,-17.2,8.2,61.9,18.6,5.0,43.0,14.0,0.6,0.4,0.5,-10.5,0.0,41.9,16.5,5.0,42.1,14.0,0.6,0.4,0.5,-1.3,6.9,40.3,17.1,5.0,22.4,14.0,0.6,0.4,0.5,-8.0,0.0,2.2,-2.0,5.0,6.1,14.0,0.6,0.4,0.5,69.0,1861.0,3756.5,2146.0,7.0,2153.0,14.0,0.6,0.5,0.5,70.0,1860.0,3755.0,2145.0,7.0,2155.0,14.0,0.6,0.5,0.5
1974,2,169.0,44.0,5.66,6.0,6.68,6.17,3.0,0.76,16.0,0.0,0.2,0.3,1.63,6.0,6.44,4.44,5.0,2.75,18.0,0.4,0.4,0.4,3.53,4.39,5.26,4.39,4.0,1.02,20.0,0.3,0.3,0.4,67.7,81.5,90.3,79.1,4.0,14.5,20.0,0.3,0.4,6.12,12.3,13.45,10.28,5.0,4.11,18.0,0.4,0.4,0.4,-8.05,-4.79,4.94,-1.49,5.0,9.03,18.0,0.4,0.4,0.4,2.49,6.7,9.59,5.84,5.0,4.7,18.0,0.4,0.4,0.4,998.86,1005.0,1014.33,1007.38,5.0,13.3,18.0,0.4,0.4,0.4,4.0,8.0,8.0,6.4,5.0,2.2,18.0,0.4,0.4,0.4,-100.8,-24.4,71.2,-6.8,5.0,121.7,18.0,0.4,0.4,0.4,25.2,70.9,120.1,70.1,5.0,55.4,18.0,0.4,0.4,0.4,-0.34,0.0,3.41,1.5,3.0,3.04,16.0,0.0,0.2,0.3,-4.4,0.0,17.4,6.4,3.0,16.9,16.0,0.0,0.2,0.3,0.37,0.76,2.24,1.29,3.0,1.44,16.0,0.0,0.2,0.3,4.7,9.4,13.2,8.9,3.0,6.2,16.0,0.0,0.2,0.3,-48.3,-9.6,4.9,-18.6,5.0,28.6,18.0,0.4,0.4,0.4,1.9,48.2,57.5,33.1,5.0,30.0,18.0,0.4,0.4,0.4,-42.7,-28.1,-7.7,-25.3,4.0,21.1,20.0,0.3,0.3,0.4,8.8,36.3,50.9,30.1,4.0,27.0,20.0,0.3,0.3,0.4,-11.5,-6.0,-3.0,-7.2,3.0,6.3,16.0,0.0,0.2,0.3,-2.9,1.9,5.5,1.3,3.0,6.2,16.0,0.0,0.2,0.3,239.5,1861.0,2453.0,1485.5,5.0,1231.0,18.0,0.4,0.4,0.4,240.0,1860.0,2455.0,1485.0,5.0,1230.0,18.0,0.4,0.4,0.4
1974,2,169.0,45.0,4.0,6.0,7.52,5.64,7.0,1.7,20.0,0.3,0.5,0.5,1.48,4.5,6.05,4.21,7.0,2.32,20.0,0.3,0.5,0.5,2.8,4.14,5.34,4.14,7.0,1.14,20.0,0.3,0.5,0.5,66.8,78.0,93.3,79.4,7.0,11.5,20.0,0.3,0.5,3.08,10.3,12.35,8.6,7.0,4.47,20.0,0.3,0.5,0.5,-3.24,4.21,6.77,2.12,7.0,6.74,20.0,0.3,0.5,0.5,-2.85,-1.06,10.28,1.7,7.0,7.23,20.0,0.3,0.5,0.5,1007.21,1014.0,1027.0,1016.36,7.0,10.39,20.0,0.3,0.5,0.5,5.8,8.0,8.0,6.7,7.0,2.6,20.0,0.3,0.5,0.5,-13.4,44.2,72.9,27.9,7.0,74.1,20.0,0.3,0.5,0.5,-12.9,-3.3,121.6,23.7,7.0,87.2,20.0,0.3,0.5,0.5,-1.05,2.5,3.07,1.43,7.0,2.42,20.0,0.3,0.5,0.5,-12.4,9.3,20.7,5.5,7.0,19.5,20.0,0.3,0.5,0.5,-0.02,2.22,2.36,1.52,7.0,1.2,20.0,0.3,0.5,0.5,-0.2,7.2,16.7,10.1,7.0,11.4,20.0,0.3,0.5,0.5,-15.3,6.6,26.0,2.7,7.0,31.9,20.0,0.3,0.5,0.5,-9.2,-1.2,69.5,19.2,7.0,36.7,20.0,0.3,0.5,0.5,-13.1,17.8,29.1,7.3,7.0,26.7,20.0,0.3,0.5,0.5,-11.3,-3.1,58.5,13.3,7.0,34.0,20.0,0.3,0.5,0.5,-7.2,0.0,15.8,2.3,7.0,12.9,20.0,0.3,0.5,0.5,-7.1,-2.7,0.3,-4.2,7.0,7.6,20.0,0.3,0.5,0.5,29.0,1092.5,1887.0,1050.0,7.0,959.0,20.0,0.3,0.5,0.5,30.0,1095.0,1885.0,1050.0,7.0,960.0,20.0,0.3,0.5,0.5
1974,2,169.0,46.0,3.0,4.0,5.73,3.94,9.0,1.84,10.0,0.2,0.5,0.4,2.0,2.5,4.67,2.91,9.0,1.36,10.0,0.2,0.5,0.4,2.88,3.44,4.1,3.37,6.0,0.81,10.0,0.3,0.5,0.3,63.6,79.7,85.0,74.3,6.0,16.3,10.0,0.3,0.3,3.64,8.2,11.63,8.06,9.0,4.21,10.0,0.2,0.5,0.4,-1.74,5.27,8.93,3.76,9.0,5.41,10.0,0.2,0.5,0.4,-7.14,-1.67,5.47,-1.32,9.0,6.6,10.0,0.2,0.5,0.4,994.52,1007.5,1016.12,1005.58,9.0,10.68,10.0,0.2,0.5,0.4,3.2,6.5,7.9,5.8,8.0,2.3,10.0,0.3,0.5,0.4,-4.7,43.2,112.3,46.8,9.0,62.3,10.0,0.2,0.5,0.4,-75.1,-4.3,42.1,-24.5,9.0,76.6,10.0,0.2,0.5,0.4,-2.1,2.5,3.37,1.03,9.0,2.77,10.0,0.2,0.5,0.4,-15.5,9.1,28.1,8.0,9.0,23.8,10.0,0.2,0.5,0.4,1.17,1.81,2.86,1.84,6.0,1.27,10.0,0.3,0.5,0.3,3.0,12.0,25.9,13.9,6.0,13.8,10.0,0.3,0.5,0.3,-4.2,14.8,21.2,10.7,9.0,13.9,10.0,0.2,0.5,0.4,-14.3,-4.2,22.7,2.2,9.0,18.5,10.0,0.2,0.5,0.4,-9.8,4.4,27.1,7.5,6.0,20.1,10.0,0.3,0.5,0.3,-20.4,-10.1,13.7,-6.3,6.0,24.3,10.0,0.3,0.5,0.3,-5.6,-1.9,16.7,2.7,6.0,13.3,10.0,0.3,0.5,0.3,-19.9,-7.3,-0.5,-9.2,6.0,11.6,10.0,0.3,0.5,0.3,57.5,551.5,1613.0,921.0,9.0,1178.5,10.0,0.2,0.5,0.4,60.0,550.0,1615.0,920.0,9.0,1180.0,10.0,0.2,0.5,0.4
1974,2,169.0,47.0,2.4,3.5,5.0,3.58,6.0,1.28,20.0,0.3,0.3,0.7,1.98,3.0,7.05,4.21,7.0,2.51,20.0,0.4,0.4,0.7,3.65,4.0,5.38,4.37,7.0,0.9,20.0,0.4,0.4,0.7,82.8,86.7,87.5,84.4,7.0,7.1,20.0,0.4,0.7,4.53,8.7,10.0,7.79,7.0,3.74,20.0,0.4,0.4,0.7,-5.63,0.0,1.63,-1.66,7.0,3.77,20.0,0.4,0.4,0.7,0.44,3.91,9.52,4.49,7.0,6.61,20.0,0.4,0.4,0.7,998.43,1014.4,1021.35,1011.36,7.0,12.81,20.0,0.4,0.4,0.7,4.4,6.5,8.0,6.0,6.0,2.3,18.0,0.5,0.4,0.7,-49.3,0.0,5.4,-15.7,7.0,29.4,20.0,0.4,0.4,0.7,0.7,19.9,91.6,46.7,7.0,80.4,20.0,0.4,0.4,0.7,-1.21,0.0,1.21,0.0,6.0,1.41,20.0,0.3,0.3,0.7,-12.6,0.0,9.2,-3.0,6.0,13.9,20.0,0.3,0.3,0.7,0.49,0.87,1.08,0.78,6.0,0.45,20.0,0.3,0.3,0.7,1.5,5.9,9.8,5.7,6.0,4.3,20.0,0.3,0.3,0.7,-14.3,0.0,5.7,-3.3,7.0,17.1,20.0,0.4,0.4,0.7,0.7,14.0,34.4,19.2,7.0,39.7,20.0,0.4,0.4,0.7,-21.7,0.0,6.8,-5.6,7.0,16.2,20.0,0.4,0.4,0.7,2.1,22.9,34.6,20.8,7.0,30.6,20.0,0.4,0.4,0.7,-5.2,-2.3,0.2,-2.6,6.0,3.3,20.0,0.3,0.3,0.7,-1.8,1.2,6.3,1.5,6.0,6.0,20.0,0.3,0.3,0.7,94.0,658.5,1024.5,764.0,7.0,923.5,20.0,0.4,0.4,0.7,95.0,660.0,1025.0,765.0,7.0,925.0,20.0,0.4,0.4,0.7
1974,2,169.0,48.0,3.06,3.75,4.0,3.63,8.0,0.64,18.0,0.3,0.4,0.6,1.0,3.0,4.37,2.78,9.0,1.91,18.0,0.2,0.3,0.5,3.21,3.79,4.99,3.93,7.0,0.84,16.0,0.3,0.3,0.6,68.7,86.4,100.0,84.3,7.0,15.1,16.0,0.3,0.6,4.53,10.3,14.63,9.89,9.0,5.43,18.0,0.2,0.3,0.5,-7.34,0.0,3.21,-2.22,9.0,6.34,18.0,0.2,0.3,0.5,-8.45,0.0,12.59,1.63,9.0,9.52,18.0,0.2,0.3,0.5,997.27,1009.3,1015.23,1006.81,9.0,11.08,18.0,0.2,0.3,0.5,3.9,6.5,7.5,5.8,4.0,2.6,8.0,0.5,0.4,0.7,-79.2,0.0,20.2,-33.4,9.0,97.6,18.0,0.2,0.3,0.5,-84.3,0.0,169.9,19.8,9.0,136.7,18.0,0.2,0.3,0.5,-0.5,0.0,2.78,0.63,8.0,1.77,18.0,0.3,0.4,0.6,-6.7,0.0,14.1,2.5,8.0,13.7,18.0,0.3,0.4,0.6,0.2,1.08,1.7,0.99,7.0,0.7,16.0,0.3,0.3,0.6,2.8,8.3,15.4,10.0,7.0,8.9,16.0,0.3,0.3,0.6,-12.1,0.0,13.1,0.5,9.0,12.0,18.0,0.2,0.3,0.5,-9.7,0.0,36.8,12.9,9.0,33.8,18.0,0.2,0.3,0.5,-23.2,0.0,14.9,-4.4,7.0,19.1,16.0,0.3,0.3,0.6,-14.1,22.0,41.8,17.6,7.0,35.1,16.0,0.3,0.3,0.6,-5.6,0.0,2.9,-1.4,7.0,6.5,16.0,0.3,0.3,0.6,-6.9,0.0,7.2,1.8,7.0,12.2,16.0,0.3,0.3,0.6,100.5,1092.5,3140.0,1753.5,9.0,2083.0,18.0,0.2,0.3,0.5,100.0,1095.0,3140.0,1755.0,9.0,2085.0,18.0,0.2,0.3,0.5
1974,2,169.0,49.0,2.19,3.0,4.41,3.25,6.0,1.67,12.0,0.2,0.3,0.5,0.59,1.0,2.21,1.17,6.0,1.33,12.0,0.2,0.3,0.5,3.28,3.39,4.06,3.61,5.0,0.41,12.0,0.2,0.4,0.5,76.5,82.8,94.8,84.9,5.0,11.5,12.0,0.2,0.5,7.85,10.55,16.25,11.55,6.0,5.28,12.0,0.2,0.3,0.5,-15.27,-7.98,0.89,-7.41,6.0,8.55,12.0,0.2,0.3,0.5,-7.73,-3.42,1.15,-3.29,6.0,6.01,12.0,0.2,0.3,0.5,1003.97,1007.0,1010.58,1007.02,6.0,4.64,12.0,0.2,0.3,0.5,4.3,6.0,8.0,6.0,5.0,2.1,10.0,0.2,0.4,0.5,-250.6,-72.2,4.1,-117.5,6.0,145.5,12.0,0.2,0.3,0.5,-132.0,-44.2,10.0,-51.5,6.0,76.7,12.0,0.2,0.3,0.5,0.79,2.25,3.21,2.08,6.0,1.5,12.0,0.2,0.3,0.5,11.0,18.6,37.2,22.0,6.0,16.3,12.0,0.2,0.3,0.5,0.44,1.27,1.99,1.24,5.0,0.96,12.0,0.2,0.4,0.5,7.4,13.5,19.0,13.2,5.0,9.2,12.0,0.2,0.4,0.5,-19.1,-4.6,8.0,-6.8,6.0,17.7,12.0,0.2,0.3,0.5,-12.1,-5.4,-3.7,-6.8,6.0,4.9,12.0,0.2,0.3,0.5,-58.3,-37.8,5.2,-29.4,5.0,36.2,12.0,0.2,0.4,0.5,-31.3,-17.8,-3.3,-17.8,5.0,15.8,12.0,0.2,0.4,0.5,-17.0,0.0,4.0,-5.2,5.0,13.6,12.0,0.2,0.4,0.5,-11.1,-4.6,-2.5,-6.5,5.0,5.7,12.0,0.2,0.4,0.5,542.5,1223.5,4429.0,2378.5,6.0,2763.0,12.0,0.2,0.3,0.5,545.0,1225.0,4430.0,2380.0,6.0,2765.0,12.0,0.2,0.3,0.5
1974,2,169.0,50.0,2.73,3.25,4.44,3.54,8.0,0.88,12.0,0.3,0.3,0.5,0.0,1.75,2.68,1.53,8.0,1.44,12.0,0.3,0.3,0.5,2.6,3.5,4.19,3.5,7.0,0.81,12.0,0.1,0.3,0.6,68.8,86.4,93.2,82.2,7.0,12.8,12.0,0.1,0.6,3.27,7.05,14.89,9.22,8.0,7.34,12.0,0.3,0.3,0.5,-9.96,-2.81,-1.14,-3.97,8.0,10.71,12.0,0.3,0.3,0.5,-2.8,1.34,4.59,1.16,8.0,4.1,12.0,0.3,0.3,0.5,994.96,1010.85,1011.48,1006.24,8.0,9.69,12.0,0.3,0.3,0.5,4.0,5.0,7.0,5.6,7.0,1.5,12.0,0.3,0.4,0.5,-106.6,-12.6,-3.4,-63.5,8.0,221.5,12.0,0.3,0.3,0.5,-19.0,6.8,39.3,2.8,8.0,49.8,12.0,0.3,0.3,0.5,0.06,1.75,4.39,2.01,8.0,2.25,12.0,0.3,0.3,0.5,0.5,8.0,20.4,14.5,8.0,25.3,12.0,0.3,0.3,0.5,0.51,1.28,2.46,1.44,7.0,1.04,12.0,0.1,0.3,0.6,3.4,5.9,13.3,9.3,7.0,10.3,12.0,0.1,0.3,0.6,-22.0,-1.4,0.0,-1.4,8.0,24.5,12.0,0.3,0.3,0.5,-4.6,0.0,8.3,1.5,8.0,8.9,12.0,0.3,0.3,0.5,-46.5,-5.5,-0.2,-12.7,7.0,48.6,12.0,0.1,0.3,0.6,-10.5,0.0,11.6,0.0,7.0,11.6,12.0,0.1,0.3,0.6,-8.0,-5.7,-1.9,-8.0,7.0,9.9,12.0,0.1,0.3,0.6,-3.5,-0.3,6.1,1.1,7.0,5.8,12.0,0.1,0.3,0.6,37.5,431.0,3387.0,2403.0,8.0,4575.0,12.0,0.3,0.3,0.5,35.0,430.0,3385.0,2405.0,8.0,4575.0,12.0,0.3,0.3,0.5
1974,2,169.0,51.0,1.86,3.2,4.1,2.8,6.0,1.81,12.0,0.5,0.3,0.4,-0.62,1.75,3.52,1.73,6.0,2.41,12.0,0.5,0.3,0.4,2.95,3.59,4.25,3.6,4.0,0.79,14.0,0.5,0.4,0.4,76.6,78.5,85.6,81.0,4.0,7.3,14.0,0.5,0.4,7.7,10.05,13.81,10.72,6.0,3.11,12.0,0.5,0.3,0.4,-9.91,-2.95,5.52,-2.51,6.0,8.05,12.0,0.5,0.3,0.4,-5.15,3.97,10.93,3.45,6.0,7.8,12.0,0.5,0.3,0.4,984.17,1004.15,1016.13,1001.2,6.0,15.38,12.0,0.5,0.3,0.4,3.9,5.0,5.7,4.8,5.0,1.8,12.0,0.4,0.4,0.4,-106.5,-22.7,54.7,-24.6,6.0,100.6,12.0,0.5,0.3,0.4,-39.6,47.1,126.6,53.7,6.0,94.3,12.0,0.5,0.3,0.4,-0.62,1.25,3.19,1.07,6.0,2.48,12.0,0.5,0.3,0.4,-6.1,15.3,30.2,10.4,6.0,23.7,12.0,0.5,0.3,0.4,0.5,0.94,1.56,1.03,4.0,0.78,14.0,0.5,0.4,0.4,4.0,10.2,17.6,10.8,4.0,8.5,14.0,0.5,0.4,0.4,-30.4,-2.7,7.1,-9.2,6.0,25.5,12.0,0.5,0.3,0.4,5.7,12.3,22.9,15.3,6.0,13.4,12.0,0.5,0.3,0.4,-46.0,-20.7,7.1,-19.5,4.0,31.1,14.0,0.5,0.4,0.4,-1.3,16.7,25.9,12.5,4.0,20.6,14.0,0.5,0.4,0.4,-7.5,-0.8,2.2,-2.5,4.0,7.3,14.0,0.5,0.4,0.4,-2.4,2.6,13.3,5.3,4.0,11.3,14.0,0.5,0.4,0.4,456.5,1017.0,2663.5,1501.0,6.0,1273.5,12.0,0.5,0.3,0.4,455.0,1015.0,2665.0,1500.0,6.0,1275.0,12.0,0.5,0.3,0.4
1974,2,169.0,52.0,2.25,3.0,4.75,3.25,12.0,1.67,14.0,0.5,0.4,0.3,-0.39,2.4,4.43,1.99,15.0,2.51,14.0,0.5,0.5,0.4,2.97,3.41,4.69,3.79,12.0,0.94,14.0,0.5,0.5,0.4,79.0,91.9,94.1,87.2,12.0,10.3,14.0,0.5,0.4,5.1,10.8,12.77,9.25,15.0,4.21,14.0,0.5,0.5,0.4,-9.9,-5.02,1.36,-4.22,15.0,5.18,14.0,0.5,0.5,0.4,-7.27,0.0,6.46,0.33,15.0,7.96,14.0,0.5,0.5,0.4,999.22,1008.0,1014.89,1005.89,15.0,9.93,14.0,0.5,0.5,0.4,4.0,6.0,8.0,6.0,13.0,1.8,12.0,0.5,0.5,0.4,-109.0,-25.6,6.9,-44.3,15.0,60.3,14.0,0.5,0.5,0.4,-86.4,0.0,69.3,5.6,15.0,100.4,14.0,0.5,0.5,0.4,-0.75,0.55,3.88,1.24,12.0,2.66,14.0,0.5,0.4,0.3,-6.3,3.2,32.1,8.5,12.0,27.7,14.0,0.5,0.4,0.3,0.13,1.06,1.71,0.88,10.0,0.91,14.0,0.5,0.5,0.4,1.6,5.2,13.7,6.5,10.0,9.6,14.0,0.5,0.5,0.4,-25.4,0.0,6.1,-8.5,15.0,19.4,14.0,0.5,0.5,0.4,-19.9,1.3,20.1,7.0,15.0,30.3,14.0,0.5,0.5,0.4,-28.8,-7.4,6.6,-10.0,12.0,19.2,14.0,0.5,0.5,0.4,-21.0,11.4,32.3,11.6,12.0,35.1,14.0,0.5,0.5,0.4,-6.8,-0.7,1.4,-2.2,10.0,5.0,14.0,0.5,0.5,0.4,-12.9,-0.1,6.3,-2.9,10.0,9.9,14.0,0.5,0.5,0.4,132.5,1259.5,2083.5,1204.0,15.0,1009.0,14.0,0.5,0.5,0.4,135.0,1260.0,2085.0,1205.0,15.0,1010.0,14.0,0.5,0.5,0.4
1974,2,169.0,53.0,,,,,,,,,,,,,,,,,,,,,,,,,,,,,,,,,,,,,,,,7.34,9.9,15.24,11.23,4.0,6.27,14.0,0.5,0.5,0.4,-9.83,-7.41,-0.57,-5.3,4.0,6.27,14.0,0.5,0.5,0.4,0.42,1.31,11.15,5.58,4.0,9.44,14.0,0.5,0.5,0.4,995.16,1006.65,1010.96,1003.23,4.0,12.42,14.0,0.5,0.5,0.4,,,,,,,,,,,,,,,,,,,,,,,,,,,,,,,,,,,,,,,,,,,,,,,,,,,,,,,,,,,,,,,,,,,,,,,,,,,,,,,,,,,,,,,,,,,,,,,,,,,,,,,,,,,,,,,,,,,,,,,,,,,,,,,,,,,,,,,,,,,,,,,,,,,,,,
1974,2,169.0,54.0,,,,,,,,,,,,,,,,,,,,,,,,,,,,,,,,,,,,,,,,10.32,11.0,11.68,11.0,2.0,1.41,18.0,0.0,0.1,0.3,6.26,6.83,7.4,6.83,2.0,1.17,18.0,0.0,0.1,0.3,-7.72,-1.98,3.76,-1.98,2.0,11.89,18.0,0.0,0.1,0.3,1016.35,1020.75,1025.15,1020.75,2.0,9.12,8.0,0.0,0.1,0.5,,,,,,,,,,,,,,,,,,,,,,,,,,,,,,,,,,,,,,,,,,,,,,,,,,,,,,,,,,,,,,,,,,,,,,,,,,,,,,,,,,,,,,,,,,,,,,,,,,,,,,,,,,,,,,,,,,,,,,,,,,,,,,,,,,,,,,,,,,,,,,,,,,,,,,
1974,2,169.0,55.0,,,,,,,,,,,,,,,,,,,,,,,,,,,,,,,,,,,,,,,,11.0,11.0,11.0,11.0,1.0,0.0,10.0,0.0,0.5,0.0,0.0,0.0,0.0,0.0,1.0,0.0,10.0,0.0,0.5,0.0,-11.0,-11.0,-11.0,-11.0,1.0,0.0,10.0,0.0,0.5,0.0,1019.6,1019.6,1019.6,1019.6,1.0,0.0,10.0,0.0,0.5,0.0,,,,,,,,,,,,,,,,,,,,,,,,,,,,,,,,,,,,,,,,,,,,,,,,,,,,,,,,,,,,,,,,,,,,,,,,,,,,,,,,,,,,,,,,,,,,,,,,,,,,,,,,,,,,,,,,,,,,,,,,,,,,,,,,,,,,,,,,,,,,,,,,,,,,,,
1974,2,169.0,56.0,,,,,,,,,,,,,,,,,,,,,,,,,,,,,,,,,,,,,,,,6.43,7.7,10.6,8.5,10.0,3.3,18.0,0.3,0.6,0.2,-5.08,-1.32,3.9,-1.76,10.0,6.29,18.0,0.3,0.6,0.2,-8.13,-6.99,-0.59,-4.88,10.0,4.65,18.0,0.3,0.6,0.2,1014.99,1032.3,1035.16,1025.52,10.0,14.38,18.0,0.3,0.6,0.2,,,,,,,,,,,,,,,,,,,,,,,,,,,,,,,,,,,,,,,,,,,,,,,,,,,,,,,,,,,,,,,,,,,,,,,,,,,,,,,,,,,,,,,,,,,,,,,,,,,,,,,,,,,,,,,,,,,,,,,,,,,,,,,,,,,,,,,,,,,,,,,,,,,,,,
1974,2,169.0,57.0,,,,,,,,,,,,,,,,,,,,,,,,,,,,,,,,,,,,,,,,0.0,0.0,0.0,0.0,1.0,0.0,10.0,0.0,0.4,0.3,0.0,0.0,0.0,0.0,1.0,0.0,10.0,0.0,0.4,0.3,0.0,0.0,0.0,0.0,1.0,0.0,10.0,0.0,0.4,0.3,1029.8,1029.8,1029.8,1029.8,1.0,0.0,10.0,0.0,0.4,0.3,,,,,,,,,,,,,,,,,,,,,,,,,,,,,,,,,,,,,,,,,,,,,,,,,,,,,,,,,,,,,,,,,,,,,,,,,,,,,,,,,,,,,,,,,,,,,,,,,,,,,,,,,,,,,,,,,,,,,,,,,,,,,,,,,,,,,,,,,,,,,,,,,,,,,,
1974,2,169.0,60.0,,,,,,,,,,,,,,,,,,,,,,,,,,,,,,,,,,,,,,,,1.0,1.0,1.0,1.0,1.0,0.0,24.0,0.0,0.6,0.3,-0.87,-0.87,-0.87,-0.87,1.0,0.0,24.0,0.0,0.6,0.3,0.5,0.5,0.5,0.5,1.0,0.0,24.0,0.0,0.6,0.3,1002.99,1005.55,1008.11,1005.55,2.0,5.3,24.0,0.0,0.6,0.3,,,,,,,,,,,,,,,,,,,,,,,,,,,,,,,,,,,,,,,,,,,,,,,,,,,,,,,,,,,,,,,,,,,,,,,,,,,,,,,,,,,,,,,,,,,,,,,,,,,,,,,,,,,,,,,,,,,,,,,,,,,,,,,,,,,,,,,,,,,,,,,,,,,,,,
1974,2,170.0,-76.0,1.5,1.5,1.5,1.5,1.0,0.0,4.0,1.0,0.1,0.7,-0.5,-0.5,-0.5,-0.5,1.0,0.0,4.0,1.0,0.1,0.7,2.17,2.17,2.17,2.17,1.0,0.0,4.0,1.0,0.1,0.7,58.2,58.2,58.2,58.2,1.0,0.0,4.0,1.0,0.7,0.0,0.0,0.0,0.0,1.0,0.0,4.0,1.0,0.1,0.7,0.0,0.0,0.0,0.0,1.0,0.0,4.0,1.0,0.1,0.7,0.0,0.0,0.0,0.0,1.0,0.0,4.0,1.0,0.1,0.7,988.2,988.2,988.2,988.2,1.0,0.0,4.0,1.0,0.1,0.7,8.0,8.0,8.0,8.0,1.0,0.0,4.0,1.0,0.1,0.7,0.0,0.0,0.0,0.0,1.0,0.0,4.0,1.0,0.1,0.7,0.0,0.0,0.0,0.0,1.0,0.0,4.0,1.0,0.1,0.7,2.0,2.0,2.0,2.0,1.0,0.0,4.0,1.0,0.1,0.7,0.0,0.0,0.0,0.0,1.0,0.0,4.0,1.0,0.1,0.7,2.14,2.14,2.14,2.14,1.0,0.0,4.0,1.0,0.1,0.7,0.0,0.0,0.0,0.0,1.0,0.0,4.0,1.0,0.1,0.7,0.0,0.0,0.0,0.0,1.0,0.0,4.0,1.0,0.1,0.7,0.0,0.0,0.0,0.0,1.0,0.0,4.0,1.0,0.1,0.7,0.0,0.0,0.0,0.0,1.0,0.0,4.0,1.0,0.1,0.7,0.0,0.0,0.0,0.0,1.0,0.0,4.0,1.0,0.1,0.7,0.0,0.0,0.0,0.0,1.0,0.0,4.0,1.0,0.1,0.7,0.0,0.0,0.0,0.0,1.0,0.0,4.0,1.0,0.1,0.7,0.0,0.0,0.0,0.0,1.0,0.0,4.0,1.0,0.1,0.7,0.0,0.0,0.0,0.0,1.0,0.0,4.0,1.0,0.1,0.7
1974,2,170.0,-75.0,0.0,0.0,0.0,0.0,1.0,0.0,14.0,1.0,0.5,1.0,-3.19,-2.75,-2.31,-2.75,2.0,0.92,12.0,1.0,0.5,0.6,2.56,2.61,2.66,2.61,2.0,0.1,12.0,1.0,0.5,0.6,78.3,82.5,86.7,82.5,2.0,8.7,12.0,1.0,0.6,5.08,7.2,9.32,7.2,2.0,4.38,12.0,1.0,0.5,0.6,-2.42,0.65,3.72,0.65,2.0,6.37,12.0,1.0,0.5,0.6,0.24,3.76,7.28,3.76,2.0,7.3,12.0,1.0,0.5,0.6,984.72,985.4,986.08,985.4,2.0,1.41,12.0,1.0,0.5,0.6,7.2,7.5,7.8,7.5,2.0,0.7,12.0,1.0,0.5,0.6,-4.9,18.6,42.1,18.6,2.0,48.7,12.0,1.0,0.5,0.6,9.7,43.1,76.4,43.1,2.0,69.0,12.0,1.0,0.5,0.6,3.4,3.4,3.4,3.4,1.0,0.0,14.0,1.0,0.5,1.0,35.0,35.0,35.0,35.0,1.0,0.0,14.0,1.0,0.5,1.0,1.21,1.21,1.21,1.21,1.0,0.0,14.0,1.0,0.5,1.0,12.4,12.4,12.4,12.4,1.0,0.0,14.0,1.0,0.5,1.0,-13.4,-4.7,4.0,-4.7,2.0,18.1,12.0,1.0,0.5,0.6,-25.0,-13.7,-2.3,-13.7,2.0,23.5,12.0,1.0,0.5,0.6,-6.0,2.0,10.1,2.0,2.0,16.7,12.0,1.0,0.5,0.6,0.8,10.2,19.6,10.2,2.0,19.4,12.0,1.0,0.5,0.6,6.2,6.2,6.2,6.2,1.0,0.0,14.0,1.0,0.5,1.0,10.8,10.8,10.8,10.8,1.0,0.0,14.0,1.0,0.5,1.0,231.5,581.0,930.0,581.0,2.0,724.0,12.0,1.0,0.5,0.6,230.0,580.0,930.0,580.0,2.0,725.0,12.0,1.0,0.5,0.6
1974,2,170.0,-71.0,,,,,,,,,,,,,,,,,,,,,,,,,,,,,,,,,,,,,,,,,,,,,,,,,,,,,,,,,,,,,,,,,,,,,,,,,,,,,,,,5.0,5.0,5.0,5.0,1.0,0.0,10.0,0.0,0.4,0.9,10.6,10.6,10.6,10.6,1.0,0.0,10.0,0.0,0.4,0.9,-18.3,-18.3,-18.3,-18.3,1.0,0.0,10.0,0.0,0.4,0.9,,,,,,,,,,,,,,,,,,,,,,,,,,,,,,,,,,,,,,,,,,,,,,,,,,,,,,,,,,,,,,,,,,,,,,,,,,,,,,,,,,,,,,,,,,,,,,,,,,,,,,,,,,,,,,,,,,,,,,,,
1974,2,170.0,-66.0,1.52,1.55,1.58,1.55,2.0,0.07,12.0,0.5,0.1,0.9,1.26,1.4,1.54,1.4,2.0,0.28,12.0,0.5,0.1,0.9,3.39,3.39,3.39,3.39,1.0,0.0,6.0,0.0,0.2,0.7,79.8,79.8,79.8,79.8,1.0,0.0,6.0,0.0,0.7,8.5,11.3,14.1,11.3,2.0,5.8,12.0,0.5,0.1,0.9,5.47,9.5,13.53,9.5,2.0,8.34,12.0,0.5,0.1,0.9,-5.25,-3.12,-0.99,-3.12,2.0,4.41,12.0,0.5,0.1,0.9,982.98,984.0,985.02,984.0,2.0,2.12,12.0,0.5,0.1,0.9,6.3,7.0,7.7,7.0,2.0,1.4,12.0,0.5,0.1,0.9,59.4,131.5,203.6,131.5,2.0,149.4,12.0,0.5,0.1,0.9,-37.8,-22.4,-7.1,-22.4,2.0,31.7,12.0,0.5,0.1,0.9,-0.02,0.15,0.32,0.15,2.0,0.35,12.0,0.5,0.1,0.9,-0.8,0.7,2.2,0.7,2.0,3.1,12.0,0.5,0.1,0.9,0.98,0.98,0.98,0.98,1.0,0.0,6.0,0.0,0.2,0.7,7.1,7.1,7.1,7.1,1.0,0.0,6.0,0.0,0.2,0.7,7.5,14.5,21.4,14.5,2.0,14.4,12.0,0.5,0.1,0.9,-6.3,-3.7,-1.2,-3.7,2.0,5.3,12.0,0.5,0.1,0.9,12.2,12.2,12.2,12.2,1.0,0.0,6.0,0.0,0.2,0.7,-21.1,-21.1,-21.1,-21.1,1.0,0.0,6.0,0.0,0.2,0.7,3.5,3.5,3.5,3.5,1.0,0.0,6.0,0.0,0.2,0.7,-6.1,-6.1,-6.1,-6.1,1.0,0.0,6.0,0.0,0.2,0.7,893.5,2013.0,3132.0,2013.0,2.0,2318.5,12.0,0.5,0.1,0.9,895.0,2015.0,3130.0,2015.0,2.0,2320.0,12.0,0.5,0.1,0.9
1974,2,170.0,-65.0,1.1,1.1,2.67,1.87,3.0,1.33,10.0,0.7,0.4,0.6,0.97,2.4,2.6,1.8,3.0,1.31,10.0,0.7,0.4,0.8,3.56,3.79,3.9,3.73,3.0,0.25,10.0,0.7,0.4,0.8,77.4,83.0,91.7,84.5,3.0,10.5,10.0,0.7,0.8,7.68,8.7,11.57,9.6,3.0,2.95,10.0,0.7,0.4,0.8,5.92,8.7,11.43,8.68,3.0,4.04,10.0,0.7,0.4,0.8,-3.76,0.0,1.53,-1.09,3.0,3.99,10.0,0.7,0.4,0.8,979.64,983.5,986.11,982.9,4.0,4.22,10.0,0.8,0.3,0.7,8.0,8.0,8.0,8.0,4.0,0.0,10.0,0.8,0.3,0.7,46.8,75.7,135.9,91.0,3.0,66.6,10.0,0.7,0.4,0.8,-27.1,0.0,19.7,-3.6,3.0,34.4,10.0,0.7,0.4,0.8,-0.97,-0.25,0.47,-0.25,2.0,1.48,6.0,0.5,0.6,0.8,-6.8,-1.2,4.4,-1.2,2.0,11.5,6.0,0.5,0.6,0.8,0.46,0.58,0.7,0.58,2.0,0.25,6.0,0.5,0.6,0.8,3.8,4.5,5.1,4.5,2.0,1.3,6.0,0.5,0.6,0.8,5.3,11.1,26.9,16.0,3.0,16.4,10.0,0.7,0.4,0.8,-9.0,0.0,4.1,-2.4,3.0,9.9,10.0,0.7,0.4,0.8,21.4,33.0,44.7,33.0,3.0,17.1,10.0,0.7,0.4,0.8,-13.0,0.0,6.0,-3.4,3.0,14.3,10.0,0.7,0.4,0.8,3.5,3.5,3.5,3.5,2.0,0.0,6.0,0.5,0.6,0.8,-3.5,-2.1,-0.7,-2.1,2.0,2.9,6.0,0.5,0.6,0.8,464.0,658.5,1674.5,1059.5,3.0,952.5,10.0,0.7,0.4,0.8,465.0,660.0,1675.0,1060.0,3.0,950.0,10.0,0.7,0.4,0.8
1974,2,170.0,-64.0,4.5,4.5,4.5,4.5,1.0,0.0,16.0,1.0,0.1,1.0,2.3,2.3,2.3,2.3,1.0,0.0,16.0,1.0,0.1,1.0,3.73,3.73,3.73,3.73,1.0,0.0,16.0,1.0,0.1,1.0,81.1,81.1,81.1,81.1,1.0,0.0,16.0,1.0,1.0,15.4,15.4,15.4,15.4,1.0,0.0,16.0,1.0,0.1,1.0,15.17,15.17,15.17,15.17,1.0,0.0,16.0,1.0,0.1,1.0,-2.67,-2.67,-2.67,-2.67,1.0,0.0,16.0,1.0,0.1,1.0,981.0,981.0,981.0,981.0,1.0,0.0,16.0,1.0,0.1,1.0,8.0,8.0,8.0,8.0,1.0,0.0,16.0,1.0,0.1,1.0,233.6,233.6,233.6,233.6,1.0,0.0,16.0,1.0,0.1,1.0,-41.2,-41.2,-41.2,-41.2,1.0,0.0,16.0,1.0,0.1,1.0,2.2,2.2,2.2,2.2,1.0,0.0,16.0,1.0,0.1,1.0,33.9,33.9,33.9,33.9,1.0,0.0,16.0,1.0,0.1,1.0,1.65,1.65,1.65,1.65,1.0,0.0,16.0,1.0,0.1,1.0,25.4,25.4,25.4,25.4,1.0,0.0,16.0,1.0,0.1,1.0,34.9,34.9,34.9,34.9,1.0,0.0,16.0,1.0,0.1,1.0,-6.2,-6.2,-6.2,-6.2,1.0,0.0,16.0,1.0,0.1,1.0,56.6,56.6,56.6,56.6,1.0,0.0,16.0,1.0,0.1,1.0,-10.0,-10.0,-10.0,-10.0,1.0,0.0,16.0,1.0,0.1,1.0,25.0,25.0,25.0,25.0,1.0,0.0,16.0,1.0,0.1,1.0,-4.4,-4.4,-4.4,-4.4,1.0,0.0,16.0,1.0,0.1,1.0,3652.5,3652.5,3652.5,3652.5,1.0,0.0,16.0,1.0,0.1,1.0,3650.0,3650.0,3650.0,3650.0,1.0,0.0,16.0,1.0,0.1,1.0
1974,2,170.0,-63.0,,,,,,,,,,,,,,,,,,,,,,,,,,,,,,,,,,,,,,,,15.4,15.4,15.4,15.4,1.0,0.0,16.0,1.0,0.0,0.5,14.47,14.47,14.47,14.47,1.0,0.0,16.0,1.0,0.0,0.5,-5.27,-5.27,-5.27,-5.27,1.0,0.0,16.0,1.0,0.0,0.5,979.3,979.3,979.3,979.3,1.0,0.0,16.0,1.0,0.0,0.5,8.0,8.0,8.0,8.0,1.0,0.0,16.0,1.0,0.0,0.5,222.9,222.9,222.9,222.9,1.0,0.0,16.0,1.0,0.0,0.5,-81.1,-81.1,-81.1,-81.1,1.0,0.0,16.0,1.0,0.0,0.5,,,,,,,,,,,,,,,,,,,,,,,,,,,,,,,,,,,,,,,,,33.3,33.3,33.3,33.3,1.0,0.0,16.0,1.0,0.0,0.5,-12.1,-12.1,-12.1,-12.1,1.0,0.0,16.0,1.0,0.0,0.5,66.8,66.8,66.8,66.8,1.0,0.0,16.0,1.0,0.0,0.5,-24.3,-24.3,-24.3,-24.3,1.0,0.0,16.0,1.0,0.0,0.5,,,,,,,,,,,,,,,,,,,,,,,,,,,,,,,,,,,,,,,,
1974,2,170.0,-62.0,6.82,7.3,7.44,7.13,3.0,0.47,14.0,1.0,0.0,0.6,1.87,3.3,3.37,2.63,3.0,1.24,14.0,1.0,0.0,0.6,3.71,3.87,3.98,3.84,3.0,0.19,14.0,1.0,0.0,0.6,76.5,81.9,88.1,82.3,3.0,8.6,14.0,1.0,0.6,12.74,18.0,18.0,15.43,3.0,4.45,14.0,1.0,0.0,0.6,12.29,16.91,17.66,15.02,3.0,4.26,14.0,1.0,0.0,0.6,0.57,1.79,4.77,2.65,3.0,3.17,14.0,1.0,0.0,0.6,983.47,984.9,990.36,986.87,3.0,5.33,14.0,1.0,0.0,0.6,7.3,8.0,8.0,7.7,3.0,0.6,14.0,1.0,0.0,0.6,168.0,304.5,317.8,244.3,3.0,121.5,14.0,1.0,0.0,0.6,5.8,18.4,81.5,43.1,3.0,59.4,14.0,1.0,0.0,0.6,3.52,4.2,5.5,4.5,3.0,1.47,14.0,1.0,0.0,0.6,46.5,75.6,98.9,72.8,3.0,38.5,14.0,1.0,0.0,0.6,2.3,2.66,2.86,2.58,3.0,0.42,14.0,1.0,0.0,0.6,30.1,47.8,51.6,41.0,3.0,16.8,14.0,1.0,0.0,0.6,25.7,34.5,49.0,37.3,3.0,17.3,14.0,1.0,0.0,0.6,1.9,6.1,15.8,8.8,3.0,10.4,14.0,1.0,0.0,0.6,47.4,61.6,67.0,57.3,3.0,14.8,14.0,1.0,0.0,0.6,2.3,7.2,17.6,9.9,3.0,11.4,14.0,1.0,0.0,0.6,29.9,47.8,49.4,39.8,3.0,15.8,14.0,1.0,0.0,0.6,1.2,3.8,13.6,7.3,3.0,9.6,14.0,1.0,0.0,0.6,2597.0,5832.0,5832.0,4252.0,3.0,2736.0,14.0,1.0,0.0,0.6,2595.0,5830.0,5830.0,4250.0,3.0,2735.0,14.0,1.0,0.0,0.6
1974,2,170.0,-60.0,8.8,8.8,8.8,8.8,1.0,0.0,14.0,1.0,0.0,0.5,3.9,4.1,4.3,4.1,2.0,0.42,14.0,1.0,0.0,0.5,4.48,4.6,4.71,4.6,2.0,0.23,14.0,1.0,0.0,0.5,85.4,88.8,92.2,88.8,2.0,7.1,14.0,1.0,0.5,12.63,13.35,14.07,13.35,2.0,1.48,14.0,1.0,0.0,0.5,11.21,12.42,13.62,12.42,2.0,2.5,14.0,1.0,0.0,0.5,-5.57,-4.33,-3.08,-4.33,2.0,2.58,14.0,1.0,0.0,0.5,990.08,990.25,990.42,990.25,2.0,0.35,14.0,1.0,0.0,0.5,7.2,7.5,7.8,7.5,2.0,0.7,14.0,1.0,0.0,0.5,142.6,167.6,192.6,167.6,2.0,51.8,14.0,1.0,0.0,0.5,-69.4,-55.8,-42.3,-55.8,2.0,28.0,14.0,1.0,0.0,0.5,5.0,5.0,5.0,5.0,1.0,0.0,14.0,1.0,0.0,0.5,72.0,72.0,72.0,72.0,1.0,0.0,14.0,1.0,0.0,0.5,2.41,2.41,2.41,2.41,1.0,0.0,14.0,1.0,0.0,0.5,34.7,34.7,34.7,34.7,1.0,0.0,14.0,1.0,0.0,0.5,48.0,50.4,52.8,50.4,2.0,5.0,14.0,1.0,0.0,0.5,-24.3,-18.3,-12.3,-18.3,2.0,12.4,14.0,1.0,0.0,0.5,50.4,57.4,64.3,57.4,2.0,14.4,14.0,1.0,0.0,0.5,-24.8,-19.6,-14.3,-19.6,2.0,10.9,14.0,1.0,0.0,0.5,34.2,34.2,34.2,34.2,1.0,0.0,14.0,1.0,0.0,0.5,-6.0,-6.0,-6.0,-6.0,1.0,0.0,14.0,1.0,0.0,0.5,2039.5,2423.5,2807.5,2423.5,2.0,795.5,14.0,1.0,0.0,0.5,2040.0,2425.0,2805.0,2425.0,2.0,795.0,14.0,1.0,0.0,0.5
1974,2,170.0,-59.0,,,,,,,,,,,,,,,,,,,,,,,,,,,,,,,,,,,,,,,,9.3,9.3,9.3,9.3,1.0,0.0,14.0,1.0,0.0,0.3,8.74,8.74,8.74,8.74,1.0,0.0,14.0,1.0,0.0,0.3,-3.18,-3.18,-3.18,-3.18,1.0,0.0,14.0,1.0,0.0,0.3,993.5,993.5,993.5,993.5,1.0,0.0,14.0,1.0,0.0,0.3,7.0,7.0,7.0,7.0,1.0,0.0,14.0,1.0,0.0,0.3,81.3,81.3,81.3,81.3,1.0,0.0,14.0,1.0,0.0,0.3,-29.6,-29.6,-29.6,-29.6,1.0,0.0,14.0,1.0,0.0,0.3,,,,,,,,,,,,,,,,,,,,,,,,,,,,,,,,,,,,,,,,,53.3,53.3,53.3,53.3,1.0,0.0,14.0,1.0,0.0,0.3,-19.4,-19.4,-19.4,-19.4,1.0,0.0,14.0,1.0,0.0,0.3,44.2,44.2,44.2,44.2,1.0,0.0,14.0,1.0,0.0,0.3,-16.1,-16.1,-16.1,-16.1,1.0,0.0,14.0,1.0,0.0,0.3,,,,,,,,,,,,,,,,,,,,,,,,,,,,,,,,,,,,,,,,
1974,2,170.0,-58.0,6.8,6.8,8.98,7.87,3.0,1.85,10.0,1.0,0.0,0.6,6.1,6.1,6.92,6.5,3.0,0.69,10.0,1.0,0.0,0.6,4.5,4.51,5.13,4.81,3.0,0.53,10.0,1.0,0.0,0.6,77.2,77.2,82.3,79.7,3.0,4.4,10.0,1.0,0.6,11.6,14.4,15.83,13.73,3.0,3.15,10.0,1.0,0.0,0.6,10.53,11.03,12.13,11.32,3.0,1.2,10.0,1.0,0.0,0.6,-10.18,-9.26,-2.94,-6.62,3.0,5.77,10.0,1.0,0.0,0.6,1003.98,1007.8,1010.33,1007.17,3.0,4.68,10.0,1.0,0.0,0.6,8.0,8.0,8.0,8.0,3.0,0.0,10.0,1.0,0.0,0.6,122.8,158.8,192.8,157.8,3.0,51.2,10.0,1.0,0.0,0.6,-161.8,-133.3,-42.3,-102.8,3.0,91.4,10.0,1.0,0.0,0.6,-0.12,0.7,2.88,1.37,3.0,2.27,10.0,1.0,0.0,0.6,-2.4,10.1,30.6,14.0,3.0,24.4,10.0,1.0,0.0,0.6,1.04,1.63,2.65,1.84,3.0,1.2,10.0,1.0,0.0,0.6,16.0,23.4,29.4,22.7,3.0,9.8,10.0,1.0,0.0,0.6,64.2,67.3,84.3,74.1,3.0,15.9,10.0,1.0,0.0,0.6,-70.8,-56.5,-17.9,-44.6,3.0,40.0,10.0,1.0,0.0,0.6,47.5,49.6,62.5,54.9,3.0,11.9,10.0,1.0,0.0,0.6,-52.4,-41.6,-13.2,-33.0,3.0,29.7,10.0,1.0,0.0,0.6,12.3,17.9,27.7,19.9,3.0,11.4,10.0,1.0,0.0,0.6,-12.8,-8.1,-2.6,-7.7,3.0,7.5,10.0,1.0,0.0,0.6,1693.5,2986.0,4014.0,2857.0,3.0,1703.5,10.0,1.0,0.0,0.6,1695.0,2985.0,4015.0,2855.0,3.0,1705.0,10.0,1.0,0.0,0.6
1974,2,170.0,-57.0,6.69,7.95,9.21,7.95,2.0,2.62,8.0,1.0,0.5,0.7,5.42,7.7,8.05,7.18,6.0,1.61,8.0,0.8,0.2,0.7,4.24,4.87,5.34,4.78,6.0,0.58,8.0,0.8,0.2,0.7,71.7,75.2,80.1,75.6,6.0,4.5,8.0,0.8,0.7,11.09,11.3,12.73,11.82,6.0,1.41,8.0,0.8,0.2,0.7,9.63,9.79,11.62,10.56,6.0,1.58,8.0,0.8,0.2,0.7,-0.08,4.22,5.65,2.3,6.0,5.2,8.0,0.8,0.2,0.7,1007.58,1011.2,1013.68,1010.08,6.0,5.43,8.0,0.8,0.2,0.7,7.0,7.5,8.0,7.5,6.0,0.5,8.0,0.8,0.2,0.7,108.3,113.2,140.0,126.2,6.0,34.7,8.0,0.8,0.2,0.7,-2.5,50.1,65.3,26.6,6.0,63.5,8.0,0.8,0.2,0.7,-1.28,-0.6,0.08,-0.6,2.0,1.41,8.0,1.0,0.5,0.7,-15.9,-7.8,0.3,-7.8,2.0,16.8,8.0,1.0,0.5,0.7,0.81,1.37,1.93,1.37,2.0,1.16,8.0,1.0,0.5,0.7,9.3,14.6,20.0,14.6,2.0,11.2,8.0,1.0,0.5,0.7,69.3,74.9,78.6,74.2,6.0,10.9,8.0,0.8,0.2,0.7,-4.6,30.1,43.5,16.1,6.0,39.7,8.0,0.8,0.2,0.7,47.7,49.9,52.0,49.8,6.0,2.5,8.0,0.8,0.2,0.7,-2.0,19.1,26.9,9.9,6.0,26.5,8.0,0.8,0.2,0.7,7.7,13.2,18.6,13.2,2.0,11.3,8.0,1.0,0.5,0.7,-2.4,1.7,5.8,1.7,2.0,8.5,8.0,1.0,0.5,0.7,1370.5,1443.0,2093.0,1711.5,6.0,670.0,8.0,0.8,0.2,0.7,1370.0,1445.0,2095.0,1710.0,6.0,670.0,8.0,0.8,0.2,0.7
1974,2,170.0,-56.0,7.61,10.0,10.0,8.83,3.0,2.02,8.0,0.7,0.2,0.5,7.9,8.1,8.24,8.07,3.0,0.25,8.0,0.7,0.2,0.5,5.49,6.41,6.43,5.97,3.0,0.79,8.0,0.7,0.2,0.5,82.3,94.1,95.4,89.0,3.0,10.5,8.0,0.7,0.5,10.78,11.8,12.55,11.67,3.0,1.31,8.0,0.7,0.2,0.5,10.17,10.22,11.52,10.83,3.0,1.12,8.0,0.7,0.2,0.5,-5.43,-4.41,-2.62,-4.03,3.0,2.08,8.0,0.7,0.2,0.5,1006.66,1007.0,1008.71,1007.67,3.0,1.61,8.0,0.7,0.2,0.5,8.0,8.0,8.0,8.0,3.0,0.0,8.0,0.7,0.2,0.5,109.6,120.6,145.0,127.1,3.0,26.6,8.0,0.7,0.2,0.5,-65.6,-56.9,-30.6,-48.3,3.0,26.7,8.0,0.7,0.2,0.5,-0.63,1.9,2.1,0.77,3.0,2.23,8.0,0.7,0.2,0.5,-7.3,22.7,23.9,8.6,3.0,25.9,8.0,0.7,0.2,0.5,0.12,1.19,2.15,1.13,3.0,1.49,8.0,0.7,0.2,0.5,1.8,15.4,23.1,12.5,3.0,15.8,8.0,0.7,0.2,0.5,80.9,84.8,93.9,87.4,3.0,9.8,8.0,0.7,0.2,0.5,-44.8,-35.7,-20.9,-32.9,3.0,17.7,8.0,0.7,0.2,0.5,55.8,65.5,74.1,65.0,3.0,13.4,8.0,0.7,0.2,0.5,-34.8,-28.4,-15.2,-25.1,3.0,14.7,8.0,0.7,0.2,0.5,1.9,14.4,22.5,12.3,3.0,15.2,8.0,0.7,0.2,0.5,-5.1,-4.6,0.1,-2.5,3.0,4.2,8.0,0.7,0.2,0.5,1267.5,1643.0,1987.0,1627.5,3.0,527.0,8.0,0.7,0.2,0.5,1265.0,1645.0,1985.0,1625.0,3.0,525.0,8.0,0.7,0.2,0.5
1974,2,170.0,-55.0,8.76,9.75,10.74,9.75,2.0,2.05,8.0,0.5,0.0,0.5,9.06,9.4,9.81,9.43,3.0,0.55,8.0,0.7,0.2,0.6,5.71,6.49,6.59,6.16,3.0,0.71,8.0,0.7,0.2,0.6,77.5,87.4,90.2,84.0,3.0,9.8,8.0,0.7,0.6,6.84,9.3,9.82,8.38,4.0,2.56,8.0,0.8,0.1,0.7,0.98,7.59,8.91,5.06,4.0,6.53,8.0,0.8,0.1,0.7,-5.35,-2.32,1.85,-1.78,4.0,4.36,8.0,0.8,0.1,0.7,1009.0,1010.65,1013.61,1011.28,4.0,2.85,8.0,0.8,0.1,0.7,6.6,8.0,8.0,7.3,3.0,1.2,8.0,0.7,0.2,0.8,20.5,70.6,87.9,54.9,4.0,52.7,8.0,0.8,0.1,0.7,-49.7,-21.6,19.0,-15.6,4.0,42.0,8.0,0.8,0.1,0.7,-1.07,0.3,1.67,0.3,2.0,2.83,8.0,0.5,0.0,0.5,-9.5,3.9,17.4,3.9,2.0,27.9,8.0,0.5,0.0,0.5,0.4,0.96,1.52,0.96,2.0,1.17,8.0,0.5,0.0,0.5,4.0,9.8,15.7,9.8,2.0,12.1,8.0,0.5,0.0,0.5,72.7,75.7,82.8,77.7,3.0,7.6,8.0,0.7,0.2,0.6,-54.7,-43.7,7.5,-24.0,3.0,48.6,8.0,0.7,0.2,0.6,44.4,47.3,57.9,51.1,3.0,10.4,8.0,0.7,0.2,0.6,-35.0,-24.8,7.7,-13.9,3.0,32.7,8.0,0.7,0.2,0.6,3.6,9.1,14.7,9.1,2.0,11.5,8.0,0.5,0.0,0.5,0.3,2.7,5.2,2.7,2.0,5.0,8.0,0.5,0.0,0.5,434.0,804.5,955.5,699.5,4.0,424.0,8.0,0.8,0.1,0.7,435.0,805.0,955.0,700.0,4.0,425.0,8.0,0.8,0.1,0.7
1974,2,170.0,-54.0,,,,,,,,,,,,,,,,,,,,,,,,,,,,,,,,,,,,,,,,18.5,18.5,18.5,18.5,1.0,0.0,8.0,1.0,0.7,0.5,16.02,16.02,16.02,16.02,1.0,0.0,8.0,1.0,0.7,0.5,-9.25,-9.25,-9.25,-9.25,1.0,0.0,8.0,1.0,0.7,0.5,1003.5,1003.5,1003.5,1003.5,1.0,0.0,8.0,1.0,0.7,0.5,,,,,,,,,,,,,,,,,,,,,,,,,,,,,,,,,,,,,,,,,,,,,,,,,,,,,,,,,,,,,,,,,,,,,,,,,,,,,,,,,,,,,,,,,,,,,,,,,,,,,,,,,,,,,,,,,,,,,,,,,,,,,,,,,,,,,,,,,,,,,,,,,,,,,,
1974,2,170.0,-53.0,9.18,9.35,9.52,9.35,2.0,0.35,8.0,1.0,0.5,0.5,9.52,9.55,9.58,9.55,2.0,0.07,8.0,1.0,0.5,0.5,6.32,6.32,6.32,6.32,1.0,0.0,10.0,1.0,0.8,0.8,86.1,86.1,86.1,86.1,1.0,0.0,10.0,1.0,0.8,6.23,9.75,13.27,9.75,2.0,7.28,8.0,1.0,0.5,0.5,5.19,8.76,12.34,8.76,2.0,7.41,8.0,1.0,0.5,0.5,-3.82,-1.07,1.68,-1.07,2.0,5.69,8.0,1.0,0.5,0.5,992.71,1001.55,1010.39,1001.55,2.0,18.31,8.0,1.0,0.5,0.5,7.0,7.0,7.0,7.0,1.0,0.0,10.0,1.0,0.8,0.8,46.7,112.4,178.1,112.4,2.0,136.1,8.0,1.0,0.5,0.5,-61.7,-31.2,-0.6,-31.2,2.0,63.3,8.0,1.0,0.5,0.5,-0.4,-0.2,0.0,-0.2,2.0,0.42,8.0,1.0,0.5,0.5,-6.2,-3.5,-0.8,-3.5,2.0,5.6,8.0,1.0,0.5,0.5,1.07,1.07,1.07,1.07,1.0,0.0,10.0,1.0,0.8,0.8,4.9,4.9,4.9,4.9,1.0,0.0,10.0,1.0,0.8,0.8,49.5,83.9,118.4,83.9,2.0,71.4,8.0,1.0,0.5,0.5,-36.7,-10.4,15.9,-10.4,2.0,54.5,8.0,1.0,0.5,0.5,22.3,22.3,22.3,22.3,1.0,0.0,10.0,1.0,0.8,0.8,18.7,18.7,18.7,18.7,1.0,0.0,10.0,1.0,0.8,0.8,3.8,3.8,3.8,3.8,1.0,0.0,10.0,1.0,0.8,0.8,3.2,3.2,3.2,3.2,1.0,0.0,10.0,1.0,0.8,0.8,607.0,1702.5,2798.5,1702.5,2.0,2270.0,8.0,1.0,0.5,0.5,605.0,1705.0,2800.0,1705.0,2.0,2270.0,8.0,1.0,0.5,0.5
1974,2,170.0,-47.0,15.0,15.0,15.0,15.0,1.0,0.0,28.0,1.0,0.3,0.7,14.0,14.0,14.0,14.0,1.0,0.0,28.0,1.0,0.3,0.7,9.31,9.31,9.31,9.31,1.0,0.0,28.0,1.0,0.3,0.7,93.7,93.7,93.7,93.7,1.0,0.0,28.0,1.0,0.7,4.6,4.6,4.6,4.6,1.0,0.0,28.0,1.0,0.3,0.7,-3.52,-3.52,-3.52,-3.52,1.0,0.0,28.0,1.0,0.3,0.7,-2.96,-2.96,-2.96,-2.96,1.0,0.0,28.0,1.0,0.3,0.7,1010.6,1010.6,1010.6,1010.6,1.0,0.0,28.0,1.0,0.3,0.7,8.0,8.0,8.0,8.0,1.0,0.0,28.0,1.0,0.3,0.7,-16.2,-16.2,-16.2,-16.2,1.0,0.0,28.0,1.0,0.3,0.7,-13.6,-13.6,-13.6,-13.6,1.0,0.0,28.0,1.0,0.3,0.7,1.0,1.0,1.0,1.0,1.0,0.0,28.0,1.0,0.3,0.7,4.6,4.6,4.6,4.6,1.0,0.0,28.0,1.0,0.3,0.7,1.3,1.3,1.3,1.3,1.0,0.0,28.0,1.0,0.3,0.7,6.0,6.0,6.0,6.0,1.0,0.0,28.0,1.0,0.3,0.7,-49.3,-49.3,-49.3,-49.3,1.0,0.0,28.0,1.0,0.3,0.7,-41.4,-41.4,-41.4,-41.4,1.0,0.0,28.0,1.0,0.3,0.7,-32.8,-32.8,-32.8,-32.8,1.0,0.0,28.0,1.0,0.3,0.7,-27.5,-27.5,-27.5,-27.5,1.0,0.0,28.0,1.0,0.3,0.7,-4.6,-4.6,-4.6,-4.6,1.0,0.0,28.0,1.0,0.3,0.7,-3.8,-3.8,-3.8,-3.8,1.0,0.0,28.0,1.0,0.3,0.7,97.5,97.5,97.5,97.5,1.0,0.0,28.0,1.0,0.3,0.7,95.0,95.0,95.0,95.0,1.0,0.0,28.0,1.0,0.3,0.7
1974,2,170.0,-41.0,19.53,19.6,20.28,19.9,3.0,0.61,16.0,0.3,0.3,0.7,18.18,19.0,19.34,18.77,3.0,0.87,16.0,0.3,0.3,0.7,9.19,11.55,12.37,10.8,3.0,2.42,16.0,0.3,0.3,0.7,70.1,82.3,90.2,80.2,3.0,14.9,16.0,0.3,0.7,0.0,0.0,3.48,1.7,3.0,2.94,16.0,0.3,0.3,0.7,0.0,0.0,2.67,1.3,3.0,2.26,16.0,0.3,0.3,0.7,0.0,0.0,2.24,1.09,3.0,1.89,16.0,0.3,0.3,0.7,1016.16,1018.0,1018.75,1017.47,3.0,1.96,16.0,0.3,0.3,0.7,3.0,3.0,5.7,4.3,3.0,2.3,16.0,0.3,0.3,0.7,0.0,0.0,13.6,6.6,3.0,11.5,16.0,0.3,0.3,0.7,0.0,0.0,11.4,5.6,3.0,9.7,16.0,0.3,0.3,0.7,0.69,1.1,1.58,1.13,3.0,0.65,16.0,0.3,0.3,0.7,0.0,0.0,6.3,3.1,3.0,5.3,16.0,0.3,0.3,0.7,1.98,3.51,5.23,3.6,3.0,2.38,16.0,0.3,0.3,0.7,0.0,0.0,21.0,10.2,3.0,17.7,16.0,0.3,0.3,0.7,0.0,0.0,47.5,23.2,3.0,40.1,16.0,0.3,0.3,0.7,0.0,0.0,39.8,19.5,3.0,33.7,16.0,0.3,0.3,0.7,0.0,0.0,21.6,10.5,3.0,18.3,16.0,0.3,0.3,0.7,0.0,0.0,18.1,8.8,3.0,15.3,16.0,0.3,0.3,0.7,0.0,0.0,16.1,7.8,3.0,13.6,16.0,0.3,0.3,0.7,0.0,0.0,13.5,6.6,3.0,11.4,16.0,0.3,0.3,0.7,0.0,0.0,90.5,44.0,3.0,76.5,16.0,0.3,0.3,0.7,0.0,0.0,90.0,45.0,3.0,75.0,16.0,0.3,0.3,0.7
1974,2,170.0,-40.0,19.98,21.0,21.07,20.53,3.0,0.9,20.0,1.0,0.6,0.4,18.08,18.9,20.67,19.37,3.0,1.94,20.0,1.0,0.6,0.4,9.45,9.93,13.52,11.45,3.0,3.26,20.0,1.0,0.6,0.4,73.3,73.5,88.3,80.6,3.0,12.6,20.0,1.0,0.4,6.36,6.7,6.7,6.53,3.0,0.29,20.0,1.0,0.6,0.4,0.73,2.29,2.84,1.8,3.0,1.61,20.0,1.0,0.6,0.4,-2.87,5.37,6.0,1.66,3.0,7.25,20.0,1.0,0.6,0.4,1011.32,1012.0,1012.68,1012.0,3.0,1.0,20.0,1.0,0.6,0.4,4.6,8.0,8.0,6.3,3.0,2.9,20.0,1.0,0.6,0.4,4.9,15.4,18.0,11.5,3.0,10.2,20.0,1.0,0.6,0.4,-20.1,33.3,39.4,10.2,3.0,47.9,20.0,1.0,0.6,0.4,-0.15,0.6,2.51,1.17,3.0,2.01,20.0,1.0,0.6,0.4,-1.1,3.7,16.7,7.7,3.0,13.5,20.0,1.0,0.6,0.4,1.53,4.19,5.67,3.61,3.0,3.08,20.0,1.0,0.6,0.4,9.6,26.0,37.3,23.5,3.0,20.5,20.0,1.0,0.6,0.4,12.9,40.6,52.9,33.1,3.0,30.0,20.0,1.0,0.6,0.4,-66.1,101.5,108.3,23.0,3.0,144.7,20.0,1.0,0.6,0.4,6.7,21.2,27.7,17.3,3.0,15.7,20.0,1.0,0.6,0.4,-52.6,53.3,56.6,3.2,3.0,91.0,20.0,1.0,0.6,0.4,4.1,13.0,14.1,9.2,3.0,8.0,20.0,1.0,0.6,0.4,5.8,22.5,34.5,20.2,3.0,21.1,20.0,1.0,0.6,0.4,258.0,301.0,301.0,280.0,3.0,36.0,20.0,1.0,0.6,0.4,260.0,300.0,300.0,280.0,3.0,35.0,20.0,1.0,0.6,0.4
1974,2,170.0,-39.0,20.0,20.0,20.0,20.0,1.0,0.0,6.0,1.0,0.7,0.6,22.0,22.0,22.0,22.0,1.0,0.0,6.0,1.0,0.7,0.6,12.02,12.02,12.02,12.02,1.0,0.0,6.0,1.0,0.7,0.6,73.3,73.3,73.3,73.3,1.0,0.0,6.0,1.0,0.6,6.7,6.7,6.7,6.7,1.0,0.0,6.0,1.0,0.7,0.6,-1.16,-1.16,-1.16,-1.16,1.0,0.0,6.0,1.0,0.7,0.6,-6.6,-6.6,-6.6,-6.6,1.0,0.0,6.0,1.0,0.7,0.6,1014.0,1014.0,1014.0,1014.0,1.0,0.0,6.0,1.0,0.7,0.6,4.0,4.0,4.0,4.0,1.0,0.0,6.0,1.0,0.7,0.6,-7.8,-7.8,-7.8,-7.8,1.0,0.0,6.0,1.0,0.7,0.6,-44.2,-44.2,-44.2,-44.2,1.0,0.0,6.0,1.0,0.7,0.6,-2.0,-2.0,-2.0,-2.0,1.0,0.0,6.0,1.0,0.7,0.6,-13.4,-13.4,-13.4,-13.4,1.0,0.0,6.0,1.0,0.7,0.6,2.51,2.51,2.51,2.51,1.0,0.0,6.0,1.0,0.7,0.6,16.8,16.8,16.8,16.8,1.0,0.0,6.0,1.0,0.7,0.6,-25.6,-25.6,-25.6,-25.6,1.0,0.0,6.0,1.0,0.7,0.6,-145.2,-145.2,-145.2,-145.2,1.0,0.0,6.0,1.0,0.7,0.6,-14.0,-14.0,-14.0,-14.0,1.0,0.0,6.0,1.0,0.7,0.6,-79.3,-79.3,-79.3,-79.3,1.0,0.0,6.0,1.0,0.7,0.6,-2.9,-2.9,-2.9,-2.9,1.0,0.0,6.0,1.0,0.7,0.6,-16.6,-16.6,-16.6,-16.6,1.0,0.0,6.0,1.0,0.7,0.6,301.0,301.0,301.0,301.0,1.0,0.0,6.0,1.0,0.7,0.6,300.0,300.0,300.0,300.0,1.0,0.0,6.0,1.0,0.7,0.6
1974,2,170.0,-36.0,20.0,20.0,20.0,20.0,1.0,0.0,26.0,0.0,0.5,0.8,18.3,18.3,18.3,18.3,1.0,0.0,26.0,0.0,0.5,0.8,8.0,8.0,8.0,8.0,1.0,0.0,26.0,0.0,0.5,0.8,62.0,62.0,62.0,62.0,1.0,0.0,26.0,0.0,0.8,7.7,7.7,7.7,7.7,1.0,0.0,26.0,0.0,0.5,0.8,-4.95,-4.95,-4.95,-4.95,1.0,0.0,26.0,0.0,0.5,0.8,5.9,5.9,5.9,5.9,1.0,0.0,26.0,0.0,0.5,0.8,1022.9,1022.9,1022.9,1022.9,1.0,0.0,26.0,0.0,0.5,0.8,3.0,3.0,3.0,3.0,1.0,0.0,26.0,0.0,0.5,0.8,-38.1,-38.1,-38.1,-38.1,1.0,0.0,26.0,0.0,0.5,0.8,45.4,45.4,45.4,45.4,1.0,0.0,26.0,0.0,0.5,0.8,1.7,1.7,1.7,1.7,1.0,0.0,26.0,0.0,0.5,0.8,13.1,13.1,13.1,13.1,1.0,0.0,26.0,0.0,0.5,0.8,6.4,6.4,6.4,6.4,1.0,0.0,26.0,0.0,0.5,0.8,49.3,49.3,49.3,49.3,1.0,0.0,26.0,0.0,0.5,0.8,-90.6,-90.6,-90.6,-90.6,1.0,0.0,26.0,0.0,0.5,0.8,107.9,107.9,107.9,107.9,1.0,0.0,26.0,0.0,0.5,0.8,-39.6,-39.6,-39.6,-39.6,1.0,0.0,26.0,0.0,0.5,0.8,47.2,47.2,47.2,47.2,1.0,0.0,26.0,0.0,0.5,0.8,-31.7,-31.7,-31.7,-31.7,1.0,0.0,26.0,0.0,0.5,0.8,37.8,37.8,37.8,37.8,1.0,0.0,26.0,0.0,0.5,0.8,456.5,456.5,456.5,456.5,1.0,0.0,26.0,0.0,0.5,0.8,455.0,455.0,455.0,455.0,1.0,0.0,26.0,0.0,0.5,0.8
1974,2,170.0,-35.0,21.11,22.2,23.14,22.11,17.0,1.06,18.0,0.6,0.4,0.5,20.79,22.0,23.19,22.11,16.0,1.63,18.0,0.7,0.4,0.5,9.36,13.89,16.38,13.22,14.0,3.07,18.0,0.7,0.4,0.5,64.7,81.7,88.7,79.2,14.0,12.7,18.0,0.7,0.5,4.6,6.45,8.32,6.64,16.0,2.91,20.0,0.6,0.4,0.5,-4.57,-0.89,2.85,-0.85,16.0,3.74,20.0,0.6,0.4,0.5,-2.96,2.07,7.82,2.58,16.0,5.81,20.0,0.6,0.4,0.5,1012.76,1013.9,1018.58,1014.93,17.0,3.17,18.0,0.6,0.4,0.5,3.0,6.0,8.0,5.8,16.0,2.0,18.0,0.7,0.4,0.5,-21.0,-2.3,27.8,-1.4,16.0,28.9,20.0,0.6,0.4,0.5,-14.3,13.1,65.3,28.5,16.0,57.6,20.0,0.6,0.4,0.5,-1.5,-0.15,1.62,-0.03,16.0,1.94,18.0,0.7,0.4,0.5,-9.5,0.0,10.9,3.0,15.0,15.3,20.0,0.7,0.4,0.4,0.07,3.41,7.15,3.44,14.0,3.34,18.0,0.7,0.4,0.5,-0.2,24.9,49.2,27.9,13.0,31.3,20.0,0.7,0.4,0.4,-111.1,-19.1,66.8,-17.2,15.0,82.4,20.0,0.7,0.4,0.4,-59.2,67.0,183.5,60.5,15.0,124.4,20.0,0.7,0.4,0.4,-79.3,-14.6,28.9,-21.1,13.0,51.6,20.0,0.7,0.4,0.4,-43.4,28.4,91.1,26.8,13.0,73.6,20.0,0.7,0.4,0.4,-5.3,0.0,17.3,4.9,13.0,17.9,20.0,0.7,0.4,0.4,0.0,11.2,48.2,23.8,13.0,29.4,20.0,0.7,0.4,0.4,97.5,269.5,581.5,469.0,16.0,628.5,20.0,0.6,0.4,0.5,95.0,270.0,580.0,470.0,16.0,630.0,20.0,0.6,0.4,0.5
1974,2,170.0,-34.0,22.19,22.75,23.0,22.5,6.0,0.77,14.0,0.7,0.5,0.7,23.24,23.8,24.21,23.82,6.0,0.7,14.0,0.7,0.5,0.7,13.1,15.66,16.59,14.97,5.0,2.19,12.0,0.6,0.5,0.7,68.5,84.4,92.7,81.2,5.0,12.8,12.0,0.6,0.7,6.16,7.2,7.8,6.85,6.0,1.44,14.0,0.7,0.5,0.7,-5.77,-4.15,-0.53,-3.2,6.0,3.48,14.0,0.7,0.5,0.7,-5.82,-4.24,-0.36,-2.49,6.0,5.16,14.0,0.7,0.5,0.7,1012.09,1014.25,1017.52,1014.67,6.0,3.2,14.0,0.7,0.5,0.7,2.4,6.5,8.0,5.3,6.0,3.2,14.0,0.7,0.5,0.7,-41.6,-30.3,0.2,-22.0,6.0,26.7,14.0,0.7,0.5,0.7,-40.2,-25.5,0.5,-14.7,6.0,39.9,14.0,0.7,0.5,0.7,-2.21,-0.9,-0.58,-1.32,6.0,0.98,14.0,0.7,0.5,0.7,-16.2,-6.9,-3.6,-9.6,6.0,7.9,14.0,0.7,0.5,0.7,-0.16,1.84,4.38,2.0,5.0,2.88,12.0,0.6,0.5,0.7,-3.3,13.2,30.5,13.1,5.0,20.5,12.0,0.6,0.5,0.7,-142.9,-98.9,-12.1,-77.5,6.0,83.7,14.0,0.7,0.5,0.7,-137.9,-102.2,-9.8,-60.4,6.0,121.5,14.0,0.7,0.5,0.7,-93.5,-76.3,-33.3,-66.1,5.0,34.3,12.0,0.6,0.5,0.7,-81.0,-64.0,-53.5,-67.2,5.0,23.1,12.0,0.6,0.5,0.7,-19.3,-12.4,2.8,-8.5,5.0,12.8,12.0,0.6,0.5,0.7,-22.7,-4.5,2.1,-9.1,5.0,16.6,12.0,0.6,0.5,0.7,253.0,373.0,476.0,354.0,6.0,164.0,14.0,0.7,0.5,0.7,255.0,375.0,475.0,355.0,6.0,165.0,14.0,0.7,0.5,0.7
1974,2,170.0,-33.0,23.19,23.4,24.5,23.83,4.0,1.13,12.0,0.8,0.1,0.9,23.63,23.9,24.65,24.13,3.0,0.78,14.0,0.7,0.2,0.9,15.69,16.1,16.12,15.91,3.0,0.35,14.0,0.7,0.2,0.9,81.2,87.0,88.4,84.8,3.0,5.6,14.0,0.7,0.9,9.46,11.6,12.9,11.2,4.0,2.07,12.0,0.8,0.1,0.9,-12.43,-10.52,-8.53,-10.48,4.0,2.26,12.0,0.8,0.1,0.9,-0.49,3.33,4.8,2.21,4.0,3.67,12.0,0.8,0.1,0.9,1004.86,1009.85,1011.07,1008.05,4.0,4.8,12.0,0.8,0.1,0.9,4.9,7.5,8.0,6.5,4.0,2.4,12.0,0.8,0.1,0.9,-160.3,-124.1,-81.0,-120.8,4.0,46.3,12.0,0.8,0.1,0.9,0.2,41.0,55.1,28.2,4.0,38.2,12.0,0.8,0.1,0.9,-0.37,-0.1,0.31,-0.03,3.0,0.5,14.0,0.7,0.2,0.9,-4.7,-1.0,2.6,-1.0,3.0,5.4,14.0,0.7,0.2,0.9,1.88,1.89,3.95,2.89,3.0,1.75,14.0,0.7,0.2,0.9,21.0,24.3,36.9,28.8,3.0,12.3,14.0,0.7,0.2,0.9,-264.3,-209.6,-206.0,-234.6,3.0,47.8,14.0,0.7,0.2,0.9,-17.3,105.4,116.1,50.7,3.0,108.6,14.0,0.7,0.2,0.9,-179.0,-143.6,-132.1,-155.3,3.0,35.8,14.0,0.7,0.2,0.9,-8.9,71.2,79.2,36.0,3.0,71.4,14.0,0.7,0.2,0.9,-34.7,-22.9,-18.7,-26.6,3.0,12.1,14.0,0.7,0.2,0.9,-7.3,8.3,9.3,1.1,3.0,13.7,14.0,0.7,0.2,0.9,865.0,1619.5,2146.5,1511.0,4.0,755.0,12.0,0.8,0.1,0.9,865.0,1620.0,2145.0,1510.0,4.0,755.0,12.0,0.8,0.1,0.9
1974,2,170.0,-32.0,24.4,24.4,24.4,24.4,1.0,0.0,10.0,1.0,0.1,0.4,24.1,24.1,24.1,24.1,1.0,0.0,10.0,1.0,0.1,0.4,17.57,17.57,17.57,17.57,1.0,0.0,10.0,1.0,0.1,0.4,93.6,93.6,93.6,93.6,1.0,0.0,10.0,1.0,0.4,,,,,,,,,,,,,,,,,,,,,,,,,,,,,,,,,,,,,,,,,,,,,,,,,,,,,,,,,,,,,,,,,,,,,,,,,,,,,,,,,,,,,,,,,,,,,,,,,,,,,,,,,,,,,,,,,,,,,,,,,,,,,,,,,,,,,,,,,,,,,,,,,,,,,,,,,,,,,,,,,,,,,,,,,,,,,,,,,,,,,,,,,,,,,,
1974,2,170.0,-31.0,,,,,,,,,,,,,,,,,,,,,,,,,,,,,,,,,,,,,,,,1.0,1.0,1.0,1.0,1.0,0.0,24.0,1.0,0.3,0.8,-0.5,-0.5,-0.5,-0.5,1.0,0.0,24.0,1.0,0.3,0.8,-0.87,-0.87,-0.87,-0.87,1.0,0.0,24.0,1.0,0.3,0.8,1010.9,1010.9,1010.9,1010.9,1.0,0.0,24.0,1.0,0.3,0.8,7.0,7.0,7.0,7.0,1.0,0.0,24.0,1.0,0.3,0.8,-0.5,-0.5,-0.5,-0.5,1.0,0.0,24.0,1.0,0.3,0.8,-0.9,-0.9,-0.9,-0.9,1.0,0.0,24.0,1.0,0.3,0.8,,,,,,,,,,,,,,,,,,,,,,,,,,,,,,,,,,,,,,,,,-13.0,-13.0,-13.0,-13.0,1.0,0.0,24.0,1.0,0.3,0.8,-22.5,-22.5,-22.5,-22.5,1.0,0.0,24.0,1.0,0.3,0.8,-9.8,-9.8,-9.8,-9.8,1.0,0.0,24.0,1.0,0.3,0.8,-17.1,-17.1,-17.1,-17.1,1.0,0.0,24.0,1.0,0.3,0.8,,,,,,,,,,,,,,,,,,,,,,,,,,,,,,,,,,,,,,,,
1974,2,170.0,-30.0,22.0,23.65,24.84,23.52,6.0,1.43,8.0,0.5,0.4,0.6,22.95,24.1,24.81,24.0,7.0,1.61,6.0,0.6,0.3,0.5,15.09,15.42,17.66,15.94,7.0,1.77,6.0,0.6,0.3,0.5,81.2,85.2,91.0,85.7,7.0,5.9,6.0,0.6,0.5,4.05,5.1,6.22,5.14,7.0,1.3,6.0,0.6,0.3,0.5,-6.2,-5.02,-3.91,-4.86,7.0,1.48,6.0,0.6,0.3,0.5,-2.29,-1.08,0.03,-1.12,7.0,1.17,6.0,0.6,0.3,0.5,1012.99,1015.0,1016.61,1014.79,7.0,1.61,6.0,0.6,0.3,0.5,5.8,7.0,7.0,6.1,7.0,2.0,6.0,0.6,0.3,0.5,-38.6,-25.6,-16.1,-26.6,7.0,13.2,6.0,0.6,0.3,0.5,-10.8,-6.2,0.1,-5.8,7.0,6.1,6.0,0.6,0.3,0.5,-1.83,0.25,0.74,-0.65,6.0,2.24,8.0,0.5,0.4,0.6,-9.7,0.9,3.6,-3.1,6.0,10.5,8.0,0.5,0.4,0.6,0.5,1.6,4.15,1.77,6.0,2.51,8.0,0.5,0.4,0.6,1.4,7.4,22.2,9.5,6.0,13.8,8.0,0.5,0.4,0.6,-145.0,-121.5,-97.5,-116.5,7.0,34.1,6.0,0.6,0.3,0.5,-53.2,-24.8,0.8,-26.8,7.0,28.7,6.0,0.6,0.3,0.5,-92.8,-77.4,-69.4,-76.2,7.0,19.3,6.0,0.6,0.3,0.5,-31.8,-16.4,0.6,-17.6,7.0,19.5,6.0,0.6,0.3,0.5,-22.0,-7.3,-0.8,-9.5,6.0,13.4,8.0,0.5,0.4,0.6,-3.1,-0.7,2.1,-0.2,6.0,3.4,8.0,0.5,0.4,0.6,67.0,132.5,241.5,158.0,7.0,101.5,6.0,0.6,0.3,0.5,65.0,135.0,240.0,160.0,7.0,100.0,6.0,0.6,0.3,0.5
1974,2,170.0,-29.0,22.5,22.5,22.5,22.5,1.0,0.0,2.0,0.0,0.2,0.5,22.0,22.0,22.0,22.0,1.0,0.0,2.0,0.0,0.2,0.5,15.68,15.68,15.68,15.68,1.0,0.0,2.0,0.0,0.2,0.5,95.2,95.2,95.2,95.2,1.0,0.0,2.0,0.0,0.5,4.6,4.6,4.6,4.6,1.0,0.0,2.0,0.0,0.2,0.5,-2.96,-2.96,-2.96,-2.96,1.0,0.0,2.0,0.0,0.2,0.5,-3.52,-3.52,-3.52,-3.52,1.0,0.0,2.0,0.0,0.2,0.5,1012.5,1012.5,1012.5,1012.5,1.0,0.0,2.0,0.0,0.2,0.5,7.0,7.0,7.0,7.0,1.0,0.0,2.0,0.0,0.2,0.5,-13.6,-13.6,-13.6,-13.6,1.0,0.0,2.0,0.0,0.2,0.5,-16.2,-16.2,-16.2,-16.2,1.0,0.0,2.0,0.0,0.2,0.5,0.5,0.5,0.5,0.5,1.0,0.0,2.0,0.0,0.2,0.5,2.3,2.3,2.3,2.3,1.0,0.0,2.0,0.0,0.2,0.5,1.31,1.31,1.31,1.31,1.0,0.0,2.0,0.0,0.2,0.5,6.0,6.0,6.0,6.0,1.0,0.0,2.0,0.0,0.2,0.5,-65.1,-65.1,-65.1,-65.1,1.0,0.0,2.0,0.0,0.2,0.5,-77.5,-77.5,-77.5,-77.5,1.0,0.0,2.0,0.0,0.2,0.5,-46.4,-46.4,-46.4,-46.4,1.0,0.0,2.0,0.0,0.2,0.5,-55.3,-55.3,-55.3,-55.3,1.0,0.0,2.0,0.0,0.2,0.5,-3.9,-3.9,-3.9,-3.9,1.0,0.0,2.0,0.0,0.2,0.5,-4.6,-4.6,-4.6,-4.6,1.0,0.0,2.0,0.0,0.2,0.5,97.5,97.5,97.5,97.5,1.0,0.0,2.0,0.0,0.2,0.5,95.0,95.0,95.0,95.0,1.0,0.0,2.0,0.0,0.2,0.5
1974,2,170.0,-28.0,,,,,,,,,,,,,,,,,,,,,,,,,,,,,,,,,,,,,,,,6.7,6.7,6.7,6.7,1.0,0.0,18.0,0.0,0.8,0.3,-5.8,-5.8,-5.8,-5.8,1.0,0.0,18.0,0.0,0.8,0.3,-3.35,-3.35,-3.35,-3.35,1.0,0.0,18.0,0.0,0.8,0.3,1007.9,1007.9,1007.9,1007.9,1.0,0.0,18.0,0.0,0.8,0.3,8.0,8.0,8.0,8.0,1.0,0.0,18.0,0.0,0.8,0.3,-38.9,-38.9,-38.9,-38.9,1.0,0.0,18.0,0.0,0.8,0.3,-22.4,-22.4,-22.4,-22.4,1.0,0.0,18.0,0.0,0.8,0.3,,,,,,,,,,,,,,,,,,,,,,,,,,,,,,,,,,,,,,,,,-145.1,-145.1,-145.1,-145.1,1.0,0.0,18.0,0.0,0.8,0.3,-83.7,-83.7,-83.7,-83.7,1.0,0.0,18.0,0.0,0.8,0.3,-108.5,-108.5,-108.5,-108.5,1.0,0.0,18.0,0.0,0.8,0.3,-62.7,-62.7,-62.7,-62.7,1.0,0.0,18.0,0.0,0.8,0.3,,,,,,,,,,,,,,,,,,,,,,,,,,,,,,,,,,,,,,,,
1974,2,170.0,-27.0,23.44,24.4,26.17,24.8,3.0,2.03,18.0,1.0,0.1,0.7,26.0,26.0,27.3,26.63,3.0,1.1,14.0,1.0,0.3,0.5,18.87,19.27,19.67,19.27,2.0,0.82,20.0,1.0,0.1,0.8,85.0,86.5,88.0,86.5,2.0,3.2,20.0,1.0,0.8,4.84,6.4,9.06,6.93,4.0,2.63,14.0,1.0,0.3,0.6,-8.25,-5.54,-4.37,-6.27,4.0,2.52,14.0,1.0,0.3,0.6,-3.23,-2.06,1.1,-1.11,4.0,3.23,14.0,1.0,0.3,0.6,1009.0,1009.55,1011.94,1010.43,4.0,2.24,14.0,1.0,0.3,0.6,3.0,5.5,7.0,5.0,4.0,2.4,14.0,1.0,0.3,0.6,-76.7,-36.9,-21.1,-48.4,4.0,37.1,14.0,1.0,0.3,0.6,-21.7,-10.1,15.6,-3.4,4.0,28.1,14.0,1.0,0.3,0.6,-3.42,-3.25,-3.08,-3.25,2.0,0.35,20.0,1.0,0.1,0.8,-22.3,-20.5,-18.7,-20.5,2.0,3.7,20.0,1.0,0.1,0.8,-1.04,-0.91,-0.77,-0.91,2.0,0.28,20.0,1.0,0.1,0.8,-7.7,-6.1,-4.4,-6.1,2.0,3.5,20.0,1.0,0.1,0.8,-226.8,-173.4,-139.1,-182.8,3.0,64.7,14.0,1.0,0.3,0.5,-90.9,-71.1,39.9,-26.6,3.0,103.3,14.0,1.0,0.3,0.5,-118.8,-106.2,-93.5,-106.2,2.0,26.1,20.0,1.0,0.1,0.8,-68.6,-61.3,-54.0,-61.3,2.0,15.1,20.0,1.0,0.1,0.8,3.8,5.3,6.7,5.3,2.0,3.0,20.0,1.0,0.1,0.8,2.2,3.0,3.9,3.0,2.0,1.7,20.0,1.0,0.1,0.8,114.0,294.5,790.0,445.0,4.0,461.0,14.0,1.0,0.3,0.6,115.0,295.0,790.0,445.0,4.0,460.0,14.0,1.0,0.3,0.6
1974,2,170.0,-26.0,25.5,25.5,25.5,25.5,1.0,0.0,14.0,0.0,0.8,0.7,26.3,26.95,27.6,26.95,2.0,1.34,20.0,0.5,0.4,0.9,17.98,18.71,19.45,18.71,2.0,1.52,20.0,0.5,0.4,0.9,77.8,84.5,91.1,84.5,2.0,13.8,20.0,0.5,0.9,4.82,5.3,5.78,5.3,2.0,0.99,20.0,0.5,0.4,0.9,-2.99,-2.98,-2.96,-2.98,2.0,0.03,20.0,0.5,0.4,0.9,-2.14,0.84,3.81,0.84,2.0,6.17,20.0,0.5,0.4,0.9,1006.76,1009.05,1011.34,1009.05,2.0,4.74,20.0,0.5,0.4,0.9,2.2,2.5,2.8,2.5,2.0,0.7,20.0,0.5,0.4,0.9,-17.3,-15.8,-14.3,-15.8,2.0,3.1,20.0,0.5,0.4,0.9,-8.7,7.5,23.7,7.5,2.0,33.5,20.0,0.5,0.4,0.9,-0.5,-0.5,-0.5,-0.5,1.0,0.0,14.0,0.0,0.8,0.7,-2.3,-2.3,-2.3,-2.3,1.0,0.0,14.0,0.0,0.8,0.7,0.61,0.61,0.61,0.61,1.0,0.0,14.0,0.0,0.8,0.7,2.8,2.8,2.8,2.8,1.0,0.0,14.0,0.0,0.8,0.7,-82.6,-80.3,-78.0,-80.3,2.0,4.8,20.0,0.5,0.4,0.9,-54.1,26.7,107.4,26.7,2.0,167.3,20.0,0.5,0.4,0.9,-57.6,-55.7,-53.8,-55.7,2.0,4.0,20.0,0.5,0.4,0.9,-44.1,11.0,66.0,11.0,2.0,114.1,20.0,0.5,0.4,0.9,-1.8,-1.8,-1.8,-1.8,1.0,0.0,14.0,0.0,0.8,0.7,-2.1,-2.1,-2.1,-2.1,1.0,0.0,14.0,0.0,0.8,0.7,116.0,156.5,197.0,156.5,2.0,84.0,20.0,0.5,0.4,0.9,115.0,155.0,195.0,155.0,2.0,85.0,20.0,0.5,0.4,0.9
1974,2,170.0,-25.0,25.6,25.8,26.0,25.8,2.0,0.42,10.0,0.0,0.4,0.6,26.16,26.3,26.44,26.3,2.0,0.28,10.0,0.0,0.4,0.6,19.11,19.16,19.22,19.16,2.0,0.11,10.0,0.0,0.4,0.6,88.7,89.6,90.5,89.6,2.0,1.9,10.0,0.0,0.6,4.26,4.6,4.94,4.6,2.0,0.71,10.0,0.0,0.4,0.6,-3.9,-3.88,-3.86,-3.88,2.0,0.04,10.0,0.0,0.4,0.6,-2.98,-2.34,-1.7,-2.34,2.0,1.33,10.0,0.0,0.4,0.6,1010.38,1011.2,1012.02,1011.2,2.0,1.7,10.0,0.0,0.4,0.6,1.0,3.0,5.0,3.0,2.0,4.2,10.0,0.0,0.4,0.6,-19.3,-17.9,-16.5,-17.9,2.0,2.9,10.0,0.0,0.4,0.6,-15.0,-11.2,-7.5,-11.2,2.0,7.8,10.0,0.0,0.4,0.6,-0.84,-0.5,-0.16,-0.5,2.0,0.71,10.0,0.0,0.4,0.6,-4.3,-2.5,-0.8,-2.5,2.0,3.6,10.0,0.0,0.4,0.6,1.41,1.63,1.85,1.63,2.0,0.45,10.0,0.0,0.4,0.6,6.9,7.3,7.8,7.3,2.0,0.9,10.0,0.0,0.4,0.6,-103.1,-102.0,-101.0,-102.0,2.0,2.1,10.0,0.0,0.4,0.6,-78.9,-61.7,-44.6,-61.7,2.0,35.5,10.0,0.0,0.4,0.6,-74.5,-74.3,-74.2,-74.3,2.0,0.3,10.0,0.0,0.4,0.6,-56.9,-44.8,-32.6,-44.8,2.0,25.2,10.0,0.0,0.4,0.6,-7.1,-6.3,-5.5,-6.3,2.0,1.7,10.0,0.0,0.4,0.6,-4.1,-3.5,-3.0,-3.5,2.0,1.1,10.0,0.0,0.4,0.6,79.0,101.0,122.5,101.0,2.0,45.0,10.0,0.0,0.4,0.6,80.0,100.0,125.0,100.0,2.0,45.0,10.0,0.0,0.4,0.6
1974,2,170.0,-24.0,27.0,27.1,28.35,27.65,4.0,1.17,18.0,0.8,0.4,0.9,26.49,27.1,27.65,27.07,3.0,0.85,20.0,0.7,0.3,0.9,18.14,19.21,19.25,18.71,3.0,0.93,20.0,0.7,0.3,0.9,78.2,85.7,88.9,83.6,3.0,8.0,20.0,0.7,0.9,5.11,6.2,6.54,5.83,3.0,1.1,20.0,0.7,0.3,0.9,-5.04,-3.35,-3.08,-4.04,3.0,1.56,20.0,0.7,0.3,0.9,-0.33,3.52,5.08,2.4,3.0,4.08,20.0,0.7,0.3,0.9,1006.99,1008.45,1010.33,1008.65,4.0,2.58,18.0,0.8,0.2,0.8,3.6,5.0,6.4,5.0,3.0,2.0,20.0,0.7,0.3,0.9,-31.8,-22.4,-16.4,-24.1,3.0,11.3,20.0,0.7,0.3,0.9,-3.8,16.2,31.7,14.0,3.0,26.1,20.0,0.7,0.3,0.9,0.25,1.0,1.34,0.8,3.0,0.82,20.0,0.7,0.3,0.9,1.0,4.6,8.3,4.7,3.0,5.3,20.0,0.7,0.3,0.9,3.2,3.39,6.71,4.92,3.0,2.89,20.0,0.7,0.3,0.9,16.8,19.3,43.9,30.1,3.0,21.9,20.0,0.7,0.3,0.9,-137.4,-93.5,-82.5,-109.6,3.0,42.6,20.0,0.7,0.3,0.9,-9.9,92.3,139.8,65.6,3.0,112.1,20.0,0.7,0.3,0.9,-95.1,-59.1,-57.7,-76.0,3.0,31.1,20.0,0.7,0.3,0.9,-6.2,67.9,91.4,43.2,3.0,74.7,20.0,0.7,0.3,0.9,-24.6,-18.1,-12.6,-18.6,3.0,8.8,20.0,0.7,0.3,0.9,-0.7,12.0,36.5,17.7,3.0,27.7,20.0,0.7,0.3,0.9,142.0,238.5,281.0,212.0,3.0,104.0,20.0,0.7,0.3,0.9,140.0,240.0,280.0,210.0,3.0,105.0,20.0,0.7,0.3,0.9
1974,2,170.0,-23.0,26.38,27.2,27.75,27.07,3.0,1.01,16.0,0.0,0.6,0.4,25.38,26.2,26.75,26.07,3.0,1.01,16.0,0.0,0.6,0.4,14.96,14.96,14.96,14.96,1.0,0.0,10.0,0.0,0.7,0.1,75.2,75.2,75.2,75.2,1.0,0.0,10.0,0.0,0.1,5.93,7.7,9.47,7.7,2.0,3.68,20.0,0.0,0.5,0.5,-9.43,-7.55,-5.67,-7.55,2.0,3.89,20.0,0.0,0.5,0.5,0.28,0.87,1.47,0.87,2.0,1.23,20.0,0.0,0.5,0.5,1001.76,1003.4,1007.7,1004.7,3.0,4.49,16.0,0.0,0.6,0.4,3.6,5.0,6.4,5.0,2.0,2.8,10.0,0.0,0.8,0.4,-93.1,-65.3,-37.4,-65.3,2.0,57.7,20.0,0.0,0.5,0.5,1.4,4.4,7.5,4.4,2.0,6.3,20.0,0.0,0.5,0.5,,,,,,,,,,,,,,,,,,,,,,,,,,,,,,,,,,,,,,,,,,,,,,,,,,,,,,,,,,,,,,,,,,,,,,,,,,,,,,,,,,,,,,,,,,,,,,,,,,,,,,,,,,,,,,,,,,,,,,,,
1974,2,170.0,-22.0,,,,,,,,,,,,,,,,,,,,,,,,,,,,,,,,,,,,,,,,7.7,7.7,7.7,7.7,1.0,0.0,14.0,1.0,0.0,0.2,-6.67,-6.67,-6.67,-6.67,1.0,0.0,14.0,1.0,0.0,0.2,-3.85,-3.85,-3.85,-3.85,1.0,0.0,14.0,1.0,0.0,0.2,1007.8,1007.8,1007.8,1007.8,1.0,0.0,14.0,1.0,0.0,0.2,6.0,6.0,6.0,6.0,1.0,0.0,14.0,1.0,0.0,0.2,-51.3,-51.3,-51.3,-51.3,1.0,0.0,14.0,1.0,0.0,0.2,-29.6,-29.6,-29.6,-29.6,1.0,0.0,14.0,1.0,0.0,0.2,,,,,,,,,,,,,,,,,,,,,,,,,,,,,,,,,,,,,,,,,-190.0,-190.0,-190.0,-190.0,1.0,0.0,14.0,1.0,0.0,0.2,-109.7,-109.7,-109.7,-109.7,1.0,0.0,14.0,1.0,0.0,0.2,-124.8,-124.8,-124.8,-124.8,1.0,0.0,14.0,1.0,0.0,0.2,-72.0,-72.0,-72.0,-72.0,1.0,0.0,14.0,1.0,0.0,0.2,,,,,,,,,,,,,,,,,,,,,,,,,,,,,,,,,,,,,,,,
1974,2,170.0,-21.0,26.95,27.5,27.77,27.37,3.0,0.61,10.0,1.0,0.3,0.2,26.57,27.8,27.8,27.2,3.0,1.04,10.0,1.0,0.3,0.2,17.65,18.77,19.22,18.44,3.0,1.18,10.0,1.0,0.3,0.2,75.6,80.3,88.3,81.9,3.0,9.4,10.0,1.0,0.2,4.76,5.1,6.87,5.8,3.0,1.66,10.0,1.0,0.3,0.2,-4.62,-3.91,-3.65,-4.13,3.0,0.74,10.0,1.0,0.3,0.2,-3.09,2.96,3.18,0.11,3.0,5.21,10.0,1.0,0.3,0.2,1007.87,1010.6,1010.74,1009.33,3.0,2.37,10.0,1.0,0.3,0.2,7.0,7.0,7.7,7.3,3.0,0.6,10.0,1.0,0.3,0.2,-32.3,-19.9,-17.4,-24.7,3.0,11.7,10.0,1.0,0.3,0.2,-26.7,13.6,15.7,-5.0,3.0,35.0,10.0,1.0,0.3,0.2,-0.17,0.1,0.51,0.17,3.0,0.5,10.0,1.0,0.3,0.2,-0.8,0.5,3.8,1.5,3.0,3.5,10.0,1.0,0.3,0.2,3.14,4.26,5.76,4.44,3.0,1.93,10.0,1.0,0.3,0.2,19.8,20.1,28.9,24.2,3.0,7.5,10.0,1.0,0.3,0.2,-122.3,-108.6,-101.3,-111.8,3.0,15.6,10.0,1.0,0.3,0.2,-78.6,82.2,88.3,6.7,3.0,138.7,10.0,1.0,0.3,0.2,-86.9,-66.9,-66.4,-76.4,3.0,17.1,10.0,1.0,0.3,0.2,-60.6,55.5,55.9,-1.0,3.0,98.4,10.0,1.0,0.3,0.2,-22.0,-15.0,-13.6,-17.7,3.0,6.6,10.0,1.0,0.3,0.2,-6.5,12.6,18.4,6.1,3.0,19.1,10.0,1.0,0.3,0.2,108.5,132.5,353.5,229.0,3.0,198.0,10.0,1.0,0.3,0.2,110.0,135.0,355.0,230.0,3.0,200.0,10.0,1.0,0.3,0.2
1974,2,170.0,-19.0,26.66,27.0,27.0,26.83,3.0,0.29,8.0,0.3,0.5,0.8,26.4,27.05,27.7,27.05,2.0,1.34,8.0,0.5,0.5,0.9,18.17,18.33,18.5,18.33,2.0,0.34,8.0,0.5,0.5,0.9,79.5,81.8,84.0,81.8,2.0,4.7,8.0,0.5,0.9,3.39,5.1,5.85,4.63,3.0,1.84,8.0,0.3,0.5,0.8,-4.88,-2.25,-0.71,-2.79,3.0,3.09,8.0,0.3,0.5,0.8,1.15,1.3,3.89,2.49,3.0,2.26,8.0,0.3,0.5,0.8,1005.62,1006.95,1008.28,1006.95,2.0,2.76,8.0,0.5,0.5,0.9,3.3,4.0,6.0,4.7,3.0,2.1,8.0,0.3,0.5,0.8,-27.7,-5.9,-1.9,-14.6,3.0,20.4,8.0,0.3,0.5,0.8,4.4,6.7,19.9,12.0,3.0,12.2,8.0,0.3,0.5,0.8,-0.78,-0.3,0.18,-0.3,2.0,0.99,8.0,0.5,0.5,0.9,-1.9,-0.3,1.3,-0.3,2.0,3.3,8.0,0.5,0.5,0.9,3.74,3.77,3.8,3.77,2.0,0.06,8.0,0.5,0.5,0.9,11.4,14.5,17.6,14.5,2.0,6.4,8.0,0.5,0.5,0.9,-53.0,-31.5,-10.0,-31.5,2.0,44.6,8.0,0.5,0.5,0.9,51.7,84.8,117.8,84.8,2.0,68.4,8.0,0.5,0.5,0.9,-35.2,-20.9,-6.6,-20.9,2.0,29.6,8.0,0.5,0.5,0.9,35.0,58.2,81.4,58.2,2.0,48.2,8.0,0.5,0.5,0.9,-7.2,-4.3,-1.4,-4.3,2.0,6.1,8.0,0.5,0.5,0.9,7.2,12.0,16.8,12.0,2.0,9.9,8.0,0.5,0.5,0.9,54.0,132.5,205.0,129.5,3.0,110.5,8.0,0.3,0.5,0.8,55.0,135.0,205.0,130.0,3.0,110.0,8.0,0.3,0.5,0.8
1974,2,170.0,-18.0,28.0,28.0,28.0,28.0,1.0,0.0,6.0,0.0,0.1,0.1,26.0,26.0,26.0,26.0,1.0,0.0,6.0,0.0,0.1,0.1,18.52,18.52,18.52,18.52,1.0,0.0,6.0,0.0,0.1,0.1,88.2,88.2,88.2,88.2,1.0,0.0,6.0,0.0,0.1,0.0,0.0,0.0,0.0,1.0,0.0,6.0,0.0,0.1,0.1,0.0,0.0,0.0,0.0,1.0,0.0,6.0,0.0,0.1,0.1,0.0,0.0,0.0,0.0,1.0,0.0,6.0,0.0,0.1,0.1,1011.8,1011.8,1011.8,1011.8,1.0,0.0,6.0,0.0,0.1,0.1,7.0,7.0,7.0,7.0,1.0,0.0,6.0,0.0,0.1,0.1,0.0,0.0,0.0,0.0,1.0,0.0,6.0,0.0,0.1,0.1,0.0,0.0,0.0,0.0,1.0,0.0,6.0,0.0,0.1,0.1,2.0,2.0,2.0,2.0,1.0,0.0,6.0,0.0,0.1,0.1,0.0,0.0,0.0,0.0,1.0,0.0,6.0,0.0,0.1,0.1,5.17,5.17,5.17,5.17,1.0,0.0,6.0,0.0,0.1,0.1,0.0,0.0,0.0,0.0,1.0,0.0,6.0,0.0,0.1,0.1,0.0,0.0,0.0,0.0,1.0,0.0,6.0,0.0,0.1,0.1,0.0,0.0,0.0,0.0,1.0,0.0,6.0,0.0,0.1,0.1,0.0,0.0,0.0,0.0,1.0,0.0,6.0,0.0,0.1,0.1,0.0,0.0,0.0,0.0,1.0,0.0,6.0,0.0,0.1,0.1,0.0,0.0,0.0,0.0,1.0,0.0,6.0,0.0,0.1,0.1,0.0,0.0,0.0,0.0,1.0,0.0,6.0,0.0,0.1,0.1,0.0,0.0,0.0,0.0,1.0,0.0,6.0,0.0,0.1,0.1,0.0,0.0,0.0,0.0,1.0,0.0,6.0,0.0,0.1,0.1
1974,2,170.0,-15.0,28.06,28.2,28.34,28.2,2.0,0.28,10.0,1.0,0.2,0.5,28.13,28.4,28.67,28.4,2.0,0.57,10.0,1.0,0.2,0.5,19.83,20.88,21.93,20.88,2.0,2.17,10.0,1.0,0.2,0.5,80.3,86.0,91.7,86.0,2.0,11.8,10.0,1.0,0.5,6.6,7.45,8.3,7.45,2.0,1.77,10.0,1.0,0.2,0.5,-1.31,0.43,2.17,0.43,2.0,3.6,10.0,1.0,0.2,0.5,-3.6,1.17,5.95,1.17,2.0,9.9,10.0,1.0,0.2,0.5,1005.14,1006.1,1007.06,1006.1,2.0,1.98,10.0,1.0,0.2,0.5,7.2,7.5,7.8,7.5,2.0,0.7,10.0,1.0,0.2,0.5,-7.0,6.4,19.7,6.4,2.0,27.6,10.0,1.0,0.2,0.5,-19.1,17.5,54.1,17.5,2.0,75.8,10.0,1.0,0.2,0.5,-0.34,-0.2,-0.06,-0.2,2.0,0.28,10.0,1.0,0.2,0.5,-2.9,-1.7,-0.6,-1.7,2.0,2.5,10.0,1.0,0.2,0.5,1.96,3.23,4.5,3.23,2.0,2.63,10.0,1.0,0.2,0.5,14.2,26.4,38.6,26.4,2.0,25.3,10.0,1.0,0.2,0.5,-36.4,13.2,62.7,13.2,2.0,102.6,10.0,1.0,0.2,0.5,-99.9,36.2,172.2,36.2,2.0,281.8,10.0,1.0,0.2,0.5,-30.9,5.0,40.9,5.0,2.0,74.3,10.0,1.0,0.2,0.5,-84.8,13.8,112.3,13.8,2.0,204.2,10.0,1.0,0.2,0.5,0.0,6.1,12.3,6.1,2.0,12.8,10.0,1.0,0.2,0.5,-0.1,16.8,33.7,16.8,2.0,35.1,10.0,1.0,0.2,0.5,305.0,448.5,592.0,448.5,2.0,297.0,10.0,1.0,0.2,0.5,305.0,450.0,590.0,450.0,2.0,295.0,10.0,1.0,0.2,0.5
1974,2,170.0,-14.0,28.91,29.35,29.79,29.35,2.0,0.92,24.0,0.5,0.4,0.4,28.08,28.25,28.42,28.25,2.0,0.35,24.0,0.5,0.4,0.4,18.65,18.7,18.76,18.7,2.0,0.11,24.0,0.5,0.4,0.4,76.9,77.5,78.1,77.5,2.0,1.3,24.0,0.5,0.4,6.7,6.7,6.7,6.7,1.0,0.0,22.0,1.0,0.2,0.1,0.0,0.0,0.0,0.0,1.0,0.0,22.0,1.0,0.2,0.1,6.7,6.7,6.7,6.7,1.0,0.0,22.0,1.0,0.2,0.1,1004.35,1005.1,1005.85,1005.1,2.0,1.56,24.0,0.5,0.4,0.4,6.2,6.5,6.8,6.5,2.0,0.7,24.0,0.5,0.4,0.4,0.0,0.0,0.0,0.0,1.0,0.0,22.0,1.0,0.2,0.1,44.9,44.9,44.9,44.9,1.0,0.0,22.0,1.0,0.2,0.1,0.83,1.1,1.37,1.1,2.0,0.57,24.0,0.5,0.4,0.4,10.1,10.1,10.1,10.1,1.0,0.0,22.0,1.0,0.2,0.1,6.5,7.14,7.78,7.14,2.0,1.33,24.0,0.5,0.4,0.4,54.1,54.1,54.1,54.1,1.0,0.0,22.0,1.0,0.2,0.1,0.0,0.0,0.0,0.0,1.0,0.0,22.0,1.0,0.2,0.1,191.0,191.0,191.0,191.0,1.0,0.0,22.0,1.0,0.2,0.1,0.0,0.0,0.0,0.0,1.0,0.0,22.0,1.0,0.2,0.1,125.8,125.8,125.8,125.8,1.0,0.0,22.0,1.0,0.2,0.1,0.0,0.0,0.0,0.0,1.0,0.0,22.0,1.0,0.2,0.1,54.1,54.1,54.1,54.1,1.0,0.0,22.0,1.0,0.2,0.1,301.0,301.0,301.0,301.0,1.0,0.0,22.0,1.0,0.2,0.1,300.0,300.0,300.0,300.0,1.0,0.0,22.0,1.0,0.2,0.1
1974,2,170.0,-13.0,28.2,28.2,28.2,28.2,1.0,0.0,6.0,1.0,0.0,0.5,27.6,27.6,27.6,27.6,1.0,0.0,6.0,1.0,0.0,0.5,17.79,17.79,17.79,17.79,1.0,0.0,6.0,1.0,0.0,0.5,77.0,77.0,77.0,77.0,1.0,0.0,6.0,1.0,0.5,2.6,2.6,2.6,2.6,1.0,0.0,6.0,1.0,0.0,0.5,-2.25,-2.25,-2.25,-2.25,1.0,0.0,6.0,1.0,0.0,0.5,1.3,1.3,1.3,1.3,1.0,0.0,6.0,1.0,0.0,0.5,1009.2,1009.2,1009.2,1009.2,1.0,0.0,6.0,1.0,0.0,0.5,6.0,6.0,6.0,6.0,1.0,0.0,6.0,1.0,0.0,0.5,-5.9,-5.9,-5.9,-5.9,1.0,0.0,6.0,1.0,0.0,0.5,3.4,3.4,3.4,3.4,1.0,0.0,6.0,1.0,0.0,0.5,0.6,0.6,0.6,0.6,1.0,0.0,6.0,1.0,0.0,0.5,1.6,1.6,1.6,1.6,1.0,0.0,6.0,1.0,0.0,0.5,6.24,6.24,6.24,6.24,1.0,0.0,6.0,1.0,0.0,0.5,16.2,16.2,16.2,16.2,1.0,0.0,6.0,1.0,0.0,0.5,-62.1,-62.1,-62.1,-62.1,1.0,0.0,6.0,1.0,0.0,0.5,35.9,35.9,35.9,35.9,1.0,0.0,6.0,1.0,0.0,0.5,-40.1,-40.1,-40.1,-40.1,1.0,0.0,6.0,1.0,0.0,0.5,23.1,23.1,23.1,23.1,1.0,0.0,6.0,1.0,0.0,0.5,-14.1,-14.1,-14.1,-14.1,1.0,0.0,6.0,1.0,0.0,0.5,8.1,8.1,8.1,8.1,1.0,0.0,6.0,1.0,0.0,0.5,17.5,17.5,17.5,17.5,1.0,0.0,6.0,1.0,0.0,0.5,20.0,20.0,20.0,20.0,1.0,0.0,6.0,1.0,0.0,0.5
1974,2,170.0,-12.0,29.5,29.5,29.5,29.5,1.0,0.0,8.0,1.0,0.1,0.4,26.5,26.5,26.5,26.5,1.0,0.0,8.0,1.0,0.1,0.4,18.69,18.69,18.69,18.69,1.0,0.0,8.0,1.0,0.1,0.4,86.2,86.2,86.2,86.2,1.0,0.0,8.0,1.0,0.4,2.1,2.1,2.1,2.1,1.0,0.0,14.0,0.0,0.8,0.7,-1.61,-1.61,-1.61,-1.61,1.0,0.0,14.0,0.0,0.8,0.7,-1.35,-1.35,-1.35,-1.35,1.0,0.0,14.0,0.0,0.8,0.7,1009.0,1009.0,1009.0,1009.0,1.0,0.0,8.0,1.0,0.1,0.4,6.2,6.5,6.8,6.5,2.0,0.7,10.0,0.5,0.4,0.6,-3.4,-3.4,-3.4,-3.4,1.0,0.0,14.0,0.0,0.8,0.7,-2.8,-2.8,-2.8,-2.8,1.0,0.0,14.0,0.0,0.8,0.7,,,,,,,,,,,,,,,,,,,,,,,,,,,,,,,,,,,,,,,,,,,,,,,,,,,,,,,,,,,,,,,,,,,,,,,,,,,,,,,,,,,,,,,,,,,,,,,,,,,,,,,,,,,,,,,,,,,,,,,,
1974,2,170.0,-11.0,29.5,29.5,29.5,29.5,2.0,0.0,8.0,1.0,0.2,0.4,27.0,27.0,27.0,27.0,1.0,0.0,8.0,1.0,0.3,0.3,17.51,17.51,17.51,17.51,1.0,0.0,8.0,1.0,0.3,0.3,78.3,78.3,78.3,78.3,1.0,0.0,8.0,1.0,0.3,1.0,1.0,1.0,1.0,1.0,0.0,8.0,1.0,0.3,0.3,0.34,0.34,0.34,0.34,1.0,0.0,8.0,1.0,0.3,0.3,0.94,0.94,0.94,0.94,1.0,0.0,8.0,1.0,0.3,0.3,1007.32,1008.0,1008.68,1008.0,2.0,1.41,8.0,1.0,0.2,0.4,4.3,5.0,5.7,5.0,2.0,1.4,8.0,1.0,0.2,0.4,0.3,0.3,0.3,0.3,1.0,0.0,8.0,1.0,0.3,0.3,0.9,0.9,0.9,0.9,1.0,0.0,8.0,1.0,0.3,0.3,2.5,2.5,2.5,2.5,1.0,0.0,8.0,1.0,0.3,0.3,2.5,2.5,2.5,2.5,1.0,0.0,8.0,1.0,0.3,0.3,8.5,8.5,8.5,8.5,1.0,0.0,8.0,1.0,0.3,0.3,8.5,8.5,8.5,8.5,1.0,0.0,8.0,1.0,0.3,0.3,9.2,9.2,9.2,9.2,1.0,0.0,8.0,1.0,0.3,0.3,25.4,25.4,25.4,25.4,1.0,0.0,8.0,1.0,0.3,0.3,6.0,6.0,6.0,6.0,1.0,0.0,8.0,1.0,0.3,0.3,16.5,16.5,16.5,16.5,1.0,0.0,8.0,1.0,0.3,0.3,2.9,2.9,2.9,2.9,1.0,0.0,8.0,1.0,0.3,0.3,8.0,8.0,8.0,8.0,1.0,0.0,8.0,1.0,0.3,0.3,1.0,1.0,1.0,1.0,1.0,0.0,8.0,1.0,0.3,0.3,0.0,0.0,0.0,0.0,1.0,0.0,8.0,1.0,0.3,0.3
1974,2,170.0,-10.0,29.0,29.0,29.0,29.0,1.0,0.0,8.0,1.0,0.6,0.2,27.4,27.4,27.4,27.4,1.0,0.0,8.0,1.0,0.6,0.2,18.73,18.73,18.73,18.73,1.0,0.0,8.0,1.0,0.6,0.2,81.7,81.7,81.7,81.7,1.0,0.0,8.0,1.0,0.2,2.6,2.6,2.6,2.6,1.0,0.0,8.0,1.0,0.6,0.2,0.89,0.89,0.89,0.89,1.0,0.0,8.0,1.0,0.6,0.2,2.44,2.44,2.44,2.44,1.0,0.0,8.0,1.0,0.6,0.2,1006.5,1006.5,1006.5,1006.5,1.0,0.0,8.0,1.0,0.6,0.2,6.0,6.0,6.0,6.0,1.0,0.0,8.0,1.0,0.6,0.2,2.3,2.3,2.3,2.3,1.0,0.0,8.0,1.0,0.6,0.2,6.4,6.4,6.4,6.4,1.0,0.0,8.0,1.0,0.6,0.2,1.6,1.6,1.6,1.6,1.0,0.0,8.0,1.0,0.6,0.2,4.2,4.2,4.2,4.2,1.0,0.0,8.0,1.0,0.6,0.2,6.53,6.53,6.53,6.53,1.0,0.0,8.0,1.0,0.6,0.2,17.0,17.0,17.0,17.0,1.0,0.0,8.0,1.0,0.6,0.2,24.4,24.4,24.4,24.4,1.0,0.0,8.0,1.0,0.6,0.2,66.9,66.9,66.9,66.9,1.0,0.0,8.0,1.0,0.6,0.2,16.7,16.7,16.7,16.7,1.0,0.0,8.0,1.0,0.6,0.2,45.8,45.8,45.8,45.8,1.0,0.0,8.0,1.0,0.6,0.2,5.8,5.8,5.8,5.8,1.0,0.0,8.0,1.0,0.6,0.2,16.0,16.0,16.0,16.0,1.0,0.0,8.0,1.0,0.6,0.2,17.5,17.5,17.5,17.5,1.0,0.0,8.0,1.0,0.6,0.2,20.0,20.0,20.0,20.0,1.0,0.0,8.0,1.0,0.6,0.2
1974,2,170.0,-9.0,29.0,29.0,29.0,29.0,1.0,0.0,8.0,0.0,0.8,0.1,28.3,28.3,28.3,28.3,1.0,0.0,8.0,0.0,0.8,0.1,16.56,16.56,16.56,16.56,1.0,0.0,8.0,0.0,0.8,0.1,68.7,68.7,68.7,68.7,1.0,0.0,8.0,0.0,0.1,,,,,,,,,,,,,,,,,,,,,,,,,,,,,,,,,,,,,,,,,,,,,,,,,,,,,,,,,,,,,,,,,,,,,,,,,,,,,,,,,,,,,,,,,,,,,,,,,,,,,,,,,,,,,,,,,,,,,,,,,,,,,,,,,,,,,,,,,,,,,,,,,,,,,,,,,,,,,,,,,,,,,,,,,,,,,,,,,,,,,,,,,,,,,,
1974,2,170.0,-4.0,27.6,27.6,27.6,27.6,1.0,0.0,24.0,1.0,0.0,0.1,26.8,26.8,26.8,26.8,1.0,0.0,24.0,1.0,0.0,0.1,16.57,16.57,16.57,16.57,1.0,0.0,24.0,1.0,0.0,0.1,75.0,75.0,75.0,75.0,1.0,0.0,24.0,1.0,0.1,8.2,8.2,8.2,8.2,1.0,0.0,24.0,1.0,0.0,0.1,-2.8,-2.8,-2.8,-2.8,1.0,0.0,24.0,1.0,0.0,0.1,-7.71,-7.71,-7.71,-7.71,1.0,0.0,24.0,1.0,0.0,0.1,1007.0,1007.0,1007.0,1007.0,1.0,0.0,24.0,1.0,0.0,0.1,2.0,2.0,2.0,2.0,1.0,0.0,24.0,1.0,0.0,0.1,-23.0,-23.0,-23.0,-23.0,1.0,0.0,24.0,1.0,0.0,0.1,-63.2,-63.2,-63.2,-63.2,1.0,0.0,24.0,1.0,0.0,0.1,0.8,0.8,0.8,0.8,1.0,0.0,24.0,1.0,0.0,0.1,6.6,6.6,6.6,6.6,1.0,0.0,24.0,1.0,0.0,0.1,6.68,6.68,6.68,6.68,1.0,0.0,24.0,1.0,0.0,0.1,54.8,54.8,54.8,54.8,1.0,0.0,24.0,1.0,0.0,0.1,-75.2,-75.2,-75.2,-75.2,1.0,0.0,24.0,1.0,0.0,0.1,-206.5,-206.5,-206.5,-206.5,1.0,0.0,24.0,1.0,0.0,0.1,-46.5,-46.5,-46.5,-46.5,1.0,0.0,24.0,1.0,0.0,0.1,-127.6,-127.6,-127.6,-127.6,1.0,0.0,24.0,1.0,0.0,0.1,-18.7,-18.7,-18.7,-18.7,1.0,0.0,24.0,1.0,0.0,0.1,-51.5,-51.5,-51.5,-51.5,1.0,0.0,24.0,1.0,0.0,0.1,551.5,551.5,551.5,551.5,1.0,0.0,24.0,1.0,0.0,0.1,550.0,550.0,550.0,550.0,1.0,0.0,24.0,1.0,0.0,0.1
1974,2,170.0,0.0,,,,,,,,,,,,,,,,,,,,,,,,,,,,,,,,,,,,,,,,5.1,5.1,5.1,5.1,1.0,0.0,10.0,0.0,0.2,0.8,-4.79,-4.79,-4.79,-4.79,1.0,0.0,10.0,0.0,0.2,0.8,1.74,1.74,1.74,1.74,1.0,0.0,10.0,0.0,0.2,0.8,1006.5,1006.5,1006.5,1006.5,1.0,0.0,10.0,0.0,0.2,0.8,,,,,,,,,,,,,,,,,,,,,,,,,,,,,,,,,,,,,,,,,,,,,,,,,,,,,,,,,,,,,,,,,,,,,,,,,,,,,,,,,,,,,,,,,,,,,,,,,,,,,,,,,,,,,,,,,,,,,,,,,,,,,,,,,,,,,,,,,,,,,,,,,,,,,,
1974,2,170.0,1.0,26.5,26.5,26.5,26.5,1.0,0.0,12.0,1.0,0.9,0.9,28.0,28.0,28.0,28.0,1.0,0.0,12.0,1.0,0.9,0.9,19.06,19.06,19.06,19.06,1.0,0.0,12.0,1.0,0.9,0.9,80.3,80.3,80.3,80.3,1.0,0.0,12.0,1.0,0.9,5.1,5.1,5.1,5.1,1.0,0.0,12.0,1.0,0.9,0.9,-4.79,-4.79,-4.79,-4.79,1.0,0.0,12.0,1.0,0.9,0.9,1.74,1.74,1.74,1.74,1.0,0.0,12.0,1.0,0.9,0.9,1007.5,1007.5,1007.5,1007.5,1.0,0.0,12.0,1.0,0.9,0.9,6.0,6.0,6.0,6.0,1.0,0.0,12.0,1.0,0.9,0.9,-24.4,-24.4,-24.4,-24.4,1.0,0.0,12.0,1.0,0.9,0.9,8.9,8.9,8.9,8.9,1.0,0.0,12.0,1.0,0.9,0.9,-1.5,-1.5,-1.5,-1.5,1.0,0.0,12.0,1.0,0.9,0.9,-7.6,-7.6,-7.6,-7.6,1.0,0.0,12.0,1.0,0.9,0.9,2.7,2.7,2.7,2.7,1.0,0.0,12.0,1.0,0.9,0.9,13.8,13.8,13.8,13.8,1.0,0.0,12.0,1.0,0.9,0.9,-134.2,-134.2,-134.2,-134.2,1.0,0.0,12.0,1.0,0.9,0.9,48.8,48.8,48.8,48.8,1.0,0.0,12.0,1.0,0.9,0.9,-91.3,-91.3,-91.3,-91.3,1.0,0.0,12.0,1.0,0.9,0.9,33.2,33.2,33.2,33.2,1.0,0.0,12.0,1.0,0.9,0.9,-12.9,-12.9,-12.9,-12.9,1.0,0.0,12.0,1.0,0.9,0.9,4.7,4.7,4.7,4.7,1.0,0.0,12.0,1.0,0.9,0.9,132.5,132.5,132.5,132.5,1.0,0.0,12.0,1.0,0.9,0.9,135.0,135.0,135.0,135.0,1.0,0.0,12.0,1.0,0.9,0.9
1974,2,170.0,7.0,28.8,28.8,28.8,28.8,1.0,0.0,10.0,1.0,0.3,0.3,28.3,28.3,28.3,28.3,1.0,0.0,10.0,1.0,0.3,0.3,18.51,18.51,18.51,18.51,1.0,0.0,10.0,1.0,0.3,0.3,76.6,76.6,76.6,76.6,1.0,0.0,10.0,1.0,0.3,9.3,9.3,9.3,9.3,1.0,0.0,10.0,1.0,0.3,0.3,-9.3,-9.3,-9.3,-9.3,1.0,0.0,10.0,1.0,0.3,0.3,0.0,0.0,0.0,0.0,1.0,0.0,10.0,1.0,0.3,0.3,1006.1,1006.1,1006.1,1006.1,1.0,0.0,10.0,1.0,0.3,0.3,3.0,3.0,3.0,3.0,1.0,0.0,10.0,1.0,0.3,0.3,-86.5,-86.5,-86.5,-86.5,1.0,0.0,10.0,1.0,0.3,0.3,0.0,0.0,0.0,0.0,1.0,0.0,10.0,1.0,0.3,0.3,0.5,0.5,0.5,0.5,1.0,0.0,10.0,1.0,0.3,0.3,4.7,4.7,4.7,4.7,1.0,0.0,10.0,1.0,0.3,0.3,6.47,6.47,6.47,6.47,1.0,0.0,10.0,1.0,0.3,0.3,60.1,60.1,60.1,60.1,1.0,0.0,10.0,1.0,0.3,0.3,-263.2,-263.2,-263.2,-263.2,1.0,0.0,10.0,1.0,0.3,0.3,0.0,0.0,0.0,0.0,1.0,0.0,10.0,1.0,0.3,0.3,-172.2,-172.2,-172.2,-172.2,1.0,0.0,10.0,1.0,0.3,0.3,0.0,0.0,0.0,0.0,1.0,0.0,10.0,1.0,0.3,0.3,-60.1,-60.1,-60.1,-60.1,1.0,0.0,10.0,1.0,0.3,0.3,0.0,0.0,0.0,0.0,1.0,0.0,10.0,1.0,0.3,0.3,804.5,804.5,804.5,804.5,1.0,0.0,10.0,1.0,0.3,0.3,805.0,805.0,805.0,805.0,1.0,0.0,10.0,1.0,0.3,0.3
1974,2,170.0,9.0,26.1,26.1,26.1,26.1,1.0,0.0,26.0,1.0,0.3,0.8,27.8,27.8,27.8,27.8,1.0,0.0,26.0,1.0,0.3,0.8,19.81,19.81,19.81,19.81,1.0,0.0,26.0,1.0,0.3,0.8,84.3,84.3,84.3,84.3,1.0,0.0,26.0,1.0,0.8,5.7,5.7,5.7,5.7,1.0,0.0,26.0,1.0,0.3,0.8,-4.94,-4.94,-4.94,-4.94,1.0,0.0,26.0,1.0,0.3,0.8,-2.85,-2.85,-2.85,-2.85,1.0,0.0,26.0,1.0,0.3,0.8,1005.4,1005.4,1005.4,1005.4,1.0,0.0,26.0,1.0,0.3,0.8,2.0,2.0,2.0,2.0,1.0,0.0,26.0,1.0,0.3,0.8,-28.1,-28.1,-28.1,-28.1,1.0,0.0,26.0,1.0,0.3,0.8,-16.2,-16.2,-16.2,-16.2,1.0,0.0,26.0,1.0,0.3,0.8,-1.7,-1.7,-1.7,-1.7,1.0,0.0,26.0,1.0,0.3,0.8,-9.7,-9.7,-9.7,-9.7,1.0,0.0,26.0,1.0,0.3,0.8,1.48,1.48,1.48,1.48,1.0,0.0,26.0,1.0,0.3,0.8,8.5,8.5,8.5,8.5,1.0,0.0,26.0,1.0,0.3,0.8,-137.2,-137.2,-137.2,-137.2,1.0,0.0,26.0,1.0,0.3,0.8,-79.2,-79.2,-79.2,-79.2,1.0,0.0,26.0,1.0,0.3,0.8,-97.8,-97.8,-97.8,-97.8,1.0,0.0,26.0,1.0,0.3,0.8,-56.4,-56.4,-56.4,-56.4,1.0,0.0,26.0,1.0,0.3,0.8,-7.3,-7.3,-7.3,-7.3,1.0,0.0,26.0,1.0,0.3,0.8,-4.2,-4.2,-4.2,-4.2,1.0,0.0,26.0,1.0,0.3,0.8,185.0,185.0,185.0,185.0,1.0,0.0,26.0,1.0,0.3,0.8,185.0,185.0,185.0,185.0,1.0,0.0,26.0,1.0,0.3,0.8
1974,2,170.0,10.0,27.02,27.7,29.27,28.13,3.0,1.69,16.0,0.7,0.5,0.2,25.45,27.7,28.11,26.8,3.0,2.1,16.0,0.7,0.5,0.2,13.72,15.74,16.03,14.89,3.0,1.84,16.0,0.7,0.5,0.2,66.1,67.5,68.8,67.4,3.0,2.0,16.0,0.7,0.2,8.18,10.3,12.07,10.13,3.0,2.85,16.0,0.7,0.5,0.2,-8.85,-6.62,-3.78,-6.32,3.0,3.72,16.0,0.7,0.5,0.2,-8.16,-7.89,-7.12,-7.65,3.0,0.79,16.0,0.7,0.5,0.2,1007.43,1008.8,1014.06,1010.7,3.0,5.12,16.0,0.7,0.5,0.2,3.0,3.0,3.0,3.0,3.0,0.0,16.0,0.7,0.5,0.2,-108.7,-68.2,-33.7,-71.1,3.0,54.9,16.0,0.7,0.5,0.2,-98.8,-81.3,-59.0,-79.0,3.0,29.2,16.0,0.7,0.5,0.2,-0.14,1.7,2.79,1.33,3.0,2.17,16.0,0.7,0.5,0.2,-4.9,12.2,27.1,11.1,3.0,23.5,16.0,0.7,0.5,0.2,7.31,10.39,10.8,9.09,3.0,2.8,16.0,0.7,0.5,0.2,76.8,79.2,98.2,87.3,3.0,17.1,16.0,0.7,0.5,0.2,-238.1,-161.5,-98.8,-168.3,3.0,102.2,16.0,0.7,0.5,0.2,-217.9,-192.5,-191.8,-204.6,3.0,21.8,16.0,0.7,0.5,0.2,-135.9,-84.6,-53.3,-94.4,3.0,61.1,16.0,0.7,0.5,0.2,-125.3,-106.5,-102.6,-113.8,3.0,17.8,16.0,0.7,0.5,0.2,-65.4,-58.0,-36.9,-51.3,3.0,21.7,16.0,0.7,0.5,0.2,-79.6,-74.4,-56.9,-68.4,3.0,17.4,16.0,0.7,0.5,0.2,601.5,1092.5,1812.0,1204.0,3.0,892.0,16.0,0.7,0.5,0.2,600.0,1095.0,1810.0,1205.0,3.0,890.0,16.0,0.7,0.5,0.2
1974,2,170.0,11.0,27.2,27.2,27.2,27.2,1.0,0.0,8.0,1.0,0.1,0.4,25.8,25.8,25.8,25.8,1.0,0.0,8.0,1.0,0.1,0.4,15.53,15.53,15.53,15.53,1.0,0.0,8.0,1.0,0.1,0.4,74.8,74.8,74.8,74.8,1.0,0.0,8.0,1.0,0.4,5.1,5.1,5.1,5.1,1.0,0.0,8.0,1.0,0.1,0.4,-1.74,-1.74,-1.74,-1.74,1.0,0.0,8.0,1.0,0.1,0.4,-4.79,-4.79,-4.79,-4.79,1.0,0.0,8.0,1.0,0.1,0.4,1009.8,1009.8,1009.8,1009.8,1.0,0.0,8.0,1.0,0.1,0.4,3.0,3.0,3.0,3.0,1.0,0.0,8.0,1.0,0.1,0.4,-8.9,-8.9,-8.9,-8.9,1.0,0.0,8.0,1.0,0.1,0.4,-24.4,-24.4,-24.4,-24.4,1.0,0.0,8.0,1.0,0.1,0.4,1.4,1.4,1.4,1.4,1.0,0.0,8.0,1.0,0.1,0.4,7.1,7.1,7.1,7.1,1.0,0.0,8.0,1.0,0.1,0.4,7.11,7.11,7.11,7.11,1.0,0.0,8.0,1.0,0.1,0.4,36.3,36.3,36.3,36.3,1.0,0.0,8.0,1.0,0.1,0.4,-45.0,-45.0,-45.0,-45.0,1.0,0.0,8.0,1.0,0.1,0.4,-123.6,-123.6,-123.6,-123.6,1.0,0.0,8.0,1.0,0.1,0.4,-27.1,-27.1,-27.1,-27.1,1.0,0.0,8.0,1.0,0.1,0.4,-74.4,-74.4,-74.4,-74.4,1.0,0.0,8.0,1.0,0.1,0.4,-12.4,-12.4,-12.4,-12.4,1.0,0.0,8.0,1.0,0.1,0.4,-34.1,-34.1,-34.1,-34.1,1.0,0.0,8.0,1.0,0.1,0.4,132.5,132.5,132.5,132.5,1.0,0.0,8.0,1.0,0.1,0.4,135.0,135.0,135.0,135.0,1.0,0.0,8.0,1.0,0.1,0.4
1974,2,170.0,16.0,27.2,27.2,27.2,27.2,1.0,0.0,14.0,1.0,0.3,0.1,26.11,26.35,26.59,26.35,2.0,0.49,12.0,0.5,0.2,0.3,16.44,16.44,16.44,16.44,1.0,0.0,14.0,1.0,0.3,0.1,75.4,75.4,75.4,75.4,1.0,0.0,14.0,1.0,0.1,8.1,10.05,12.0,10.05,2.0,4.03,12.0,0.5,0.2,0.3,-11.76,-9.73,-7.71,-9.73,2.0,4.2,12.0,0.5,0.2,0.3,-2.43,-2.35,-2.28,-2.35,2.0,0.16,12.0,0.5,0.2,0.3,1014.9,1014.9,1014.9,1014.9,2.0,0.0,12.0,0.5,0.2,0.3,1.5,2.5,3.5,2.5,2.0,2.1,12.0,0.5,0.2,0.3,-145.6,-106.3,-67.0,-106.3,2.0,81.4,12.0,0.5,0.2,0.3,-27.1,-23.3,-19.5,-23.3,2.0,7.9,12.0,0.5,0.2,0.3,0.5,0.5,0.5,0.5,1.0,0.0,14.0,1.0,0.3,0.1,6.5,6.5,6.5,6.5,1.0,0.0,14.0,1.0,0.3,0.1,6.09,6.09,6.09,6.09,1.0,0.0,14.0,1.0,0.3,0.1,78.5,78.5,78.5,78.5,1.0,0.0,14.0,1.0,0.3,0.1,-313.3,-257.6,-201.8,-257.6,2.0,115.5,12.0,0.5,0.2,0.3,-63.4,-61.9,-60.5,-61.9,2.0,3.0,12.0,0.5,0.2,0.3,-208.8,-208.8,-208.8,-208.8,1.0,0.0,14.0,1.0,0.3,0.1,-36.8,-36.8,-36.8,-36.8,1.0,0.0,14.0,1.0,0.3,0.1,-77.3,-77.3,-77.3,-77.3,1.0,0.0,14.0,1.0,0.3,0.1,-13.6,-13.6,-13.6,-13.6,1.0,0.0,14.0,1.0,0.3,0.1,654.5,1260.0,1865.0,1260.0,2.0,1254.0,12.0,0.5,0.2,0.3,655.0,1260.0,1865.0,1260.0,2.0,1255.0,12.0,0.5,0.2,0.3
1974,2,170.0,17.0,26.62,26.65,26.68,26.65,2.0,0.07,12.0,1.0,0.8,0.5,26.54,27.05,27.56,27.05,2.0,1.06,12.0,1.0,0.8,0.5,15.74,15.93,16.12,15.93,2.0,0.4,12.0,1.0,0.8,0.5,68.8,71.8,74.9,71.8,2.0,6.3,12.0,1.0,0.5,7.36,7.7,8.04,7.7,2.0,0.71,12.0,1.0,0.8,0.5,-7.61,-7.4,-7.19,-7.4,2.0,0.43,12.0,1.0,0.8,0.5,-0.61,0.78,2.16,0.78,2.0,2.87,12.0,1.0,0.8,0.5,1014.62,1015.3,1015.98,1015.3,2.0,1.41,12.0,1.0,0.8,0.5,2.0,2.0,2.0,2.0,2.0,0.0,12.0,1.0,0.8,0.5,-61.3,-57.1,-53.0,-57.1,2.0,8.6,12.0,1.0,0.8,0.5,-3.9,7.0,17.9,7.0,2.0,22.6,12.0,1.0,0.8,0.5,-0.88,-0.4,0.08,-0.4,2.0,0.99,12.0,1.0,0.8,0.5,-7.2,-3.4,0.4,-3.4,2.0,7.9,12.0,1.0,0.8,0.5,5.61,5.86,6.11,5.86,2.0,0.52,12.0,1.0,0.8,0.5,41.3,45.3,49.2,45.3,2.0,8.1,12.0,1.0,0.8,0.5,-209.8,-200.3,-190.9,-200.3,2.0,19.6,12.0,1.0,0.8,0.5,-15.3,22.5,60.4,22.5,2.0,78.4,12.0,1.0,0.8,0.5,-119.7,-117.8,-115.8,-117.8,2.0,4.0,12.0,1.0,0.8,0.5,-10.1,11.8,33.7,11.8,2.0,45.4,12.0,1.0,0.8,0.5,-46.5,-43.4,-40.4,-43.4,2.0,6.4,12.0,1.0,0.8,0.5,-3.0,5.3,13.6,5.3,2.0,17.2,12.0,1.0,0.8,0.5,401.5,462.5,523.0,462.5,2.0,126.0,12.0,1.0,0.8,0.5,400.0,460.0,525.0,460.0,2.0,125.0,12.0,1.0,0.8,0.5
1974,2,170.0,18.0,25.83,26.1,26.72,26.13,7.0,0.88,14.0,0.4,0.4,0.4,24.32,25.5,25.88,25.5,7.0,2.02,14.0,0.4,0.4,0.4,15.37,15.73,16.28,15.69,7.0,0.63,14.0,0.4,0.4,0.4,74.4,79.5,83.7,78.0,7.0,10.4,14.0,0.4,0.4,6.48,7.2,9.42,7.5,7.0,2.95,14.0,0.4,0.4,0.4,-9.28,-6.6,-1.19,-6.0,7.0,4.12,14.0,0.4,0.4,0.4,-5.36,-1.61,-1.01,-2.33,7.0,3.0,14.0,0.4,0.4,0.4,1012.88,1014.2,1015.78,1014.56,7.0,1.69,14.0,0.4,0.4,0.4,1.0,3.0,7.0,3.6,7.0,2.8,14.0,0.4,0.4,0.4,-87.7,-51.1,-8.6,-54.0,7.0,46.4,14.0,0.4,0.4,0.4,-43.6,-15.0,-7.2,-20.8,7.0,20.0,14.0,0.4,0.4,0.4,-1.3,0.7,2.86,0.63,7.0,2.42,14.0,0.4,0.4,0.4,-7.1,4.7,23.2,7.6,7.0,14.7,14.0,0.4,0.4,0.4,4.99,5.63,6.58,5.47,7.0,1.34,14.0,0.4,0.4,0.4,25.5,40.5,55.1,39.4,7.0,16.3,14.0,0.4,0.4,0.4,-237.4,-166.3,-27.0,-151.6,7.0,105.8,14.0,0.4,0.4,0.4,-130.2,-41.3,-25.0,-54.7,7.0,72.6,14.0,0.4,0.4,0.4,-151.1,-103.8,-18.5,-96.0,7.0,67.3,14.0,0.4,0.4,0.4,-84.7,-26.3,-16.0,-37.3,7.0,46.4,14.0,0.4,0.4,0.4,-42.8,-33.6,-7.5,-29.9,7.0,20.7,14.0,0.4,0.4,0.4,-35.7,-7.0,-3.7,-13.5,7.0,20.0,14.0,0.4,0.4,0.4,287.0,373.0,844.5,579.5,7.0,527.5,14.0,0.4,0.4,0.4,285.0,375.0,845.0,580.0,7.0,530.0,14.0,0.4,0.4,0.4
1974,2,170.0,19.0,25.27,25.85,26.43,25.85,2.0,1.2,20.0,1.0,0.5,0.5,24.91,26.0,26.41,25.67,3.0,1.14,16.0,1.0,0.5,0.6,16.25,17.2,18.15,17.2,2.0,1.97,20.0,1.0,0.5,0.5,83.7,84.5,85.3,84.5,2.0,1.6,20.0,1.0,0.5,4.35,5.1,8.65,6.47,3.0,3.37,16.0,1.0,0.5,0.6,-6.91,-4.79,-4.21,-5.54,3.0,2.08,16.0,1.0,0.5,0.6,-4.3,0.69,1.41,-1.39,3.0,4.56,16.0,1.0,0.5,0.6,1014.46,1015.45,1016.44,1015.45,2.0,2.05,20.0,1.0,0.5,0.5,2.3,3.0,3.0,2.7,3.0,0.6,16.0,1.0,0.5,0.6,-63.2,-24.4,-18.5,-40.5,3.0,35.6,16.0,1.0,0.5,0.6,-45.7,2.8,7.0,-18.8,3.0,42.9,16.0,1.0,0.5,0.6,-0.98,0.35,1.68,0.35,2.0,2.76,20.0,1.0,0.5,0.5,-1.6,8.6,18.9,8.6,2.0,21.3,20.0,1.0,0.5,0.5,1.93,3.59,5.24,3.59,2.0,3.43,20.0,1.0,0.5,0.5,13.7,33.3,52.8,33.3,2.0,40.5,20.0,1.0,0.5,0.5,-171.0,-124.6,-111.1,-140.6,3.0,46.0,16.0,1.0,0.5,0.6,-104.4,18.5,36.8,-32.6,3.0,112.5,16.0,1.0,0.5,0.6,-116.5,-99.0,-81.4,-99.0,2.0,36.4,20.0,1.0,0.5,0.5,-86.0,-45.9,-5.7,-45.9,2.0,83.1,20.0,1.0,0.5,0.5,-40.6,-26.0,-11.4,-26.0,2.0,30.3,20.0,1.0,0.5,0.5,-33.4,-19.5,-5.6,-19.5,2.0,28.7,20.0,1.0,0.5,0.5,86.0,132.5,788.0,430.0,3.0,575.0,16.0,1.0,0.5,0.6,85.0,135.0,790.0,430.0,3.0,575.0,16.0,1.0,0.5,0.6
1974,2,170.0,20.0,26.35,26.9,27.45,26.9,2.0,1.13,22.0,0.5,0.8,0.5,24.59,25.0,25.41,25.0,2.0,0.85,22.0,0.5,0.8,0.5,13.33,14.54,15.74,14.54,2.0,2.49,22.0,0.5,0.8,0.5,69.4,73.5,77.6,73.5,2.0,8.5,22.0,0.5,0.5,6.85,8.25,9.65,8.25,2.0,2.9,22.0,0.5,0.8,0.5,-5.57,-3.31,-1.05,-3.31,2.0,4.68,22.0,0.5,0.8,0.5,-5.65,-0.85,3.96,-0.85,2.0,9.96,22.0,0.5,0.8,0.5,1011.77,1013.85,1015.93,1013.85,2.0,4.31,22.0,0.5,0.8,0.5,1.3,2.0,2.7,2.0,2.0,1.4,22.0,0.5,0.8,0.5,-57.4,-34.1,-10.8,-34.1,2.0,48.2,22.0,0.5,0.8,0.5,-62.3,-21.4,19.4,-21.4,2.0,84.6,22.0,0.5,0.8,0.5,0.94,1.9,2.86,1.9,2.0,1.98,22.0,0.5,0.8,0.5,8.0,18.5,29.1,18.5,2.0,21.8,22.0,0.5,0.8,0.5,5.75,7.63,9.51,7.63,2.0,3.89,22.0,0.5,0.8,0.5,42.4,68.6,94.8,68.6,2.0,54.2,22.0,0.5,0.8,0.5,-135.9,-80.8,-25.6,-80.8,2.0,114.2,22.0,0.5,0.8,0.5,-136.8,-16.9,103.0,-16.9,2.0,248.4,22.0,0.5,0.8,0.5,-71.1,-42.3,-13.4,-42.3,2.0,59.8,22.0,0.5,0.8,0.5,-68.7,0.1,69.0,0.1,2.0,142.7,22.0,0.5,0.8,0.5,-57.8,-34.4,-10.9,-34.4,2.0,48.6,22.0,0.5,0.8,0.5,-64.1,-25.8,12.4,-25.8,2.0,79.3,22.0,0.5,0.8,0.5,374.0,665.5,957.0,665.5,2.0,604.0,22.0,0.5,0.8,0.5,375.0,665.0,955.0,665.0,2.0,605.0,22.0,0.5,0.8,0.5
1974,2,170.0,21.0,24.51,25.6,26.01,25.27,3.0,1.14,18.0,0.7,0.4,0.3,22.99,25.65,26.95,25.0,4.0,2.51,20.0,0.8,0.4,0.2,12.62,16.52,17.21,14.95,3.0,3.63,18.0,0.7,0.4,0.3,71.1,79.2,84.5,77.9,3.0,9.9,18.0,0.7,0.3,4.1,5.15,6.99,5.53,4.0,1.76,20.0,0.8,0.4,0.2,-4.09,-1.21,0.9,-1.58,4.0,2.95,20.0,0.8,0.4,0.2,-1.84,3.34,5.12,1.72,4.0,5.28,20.0,0.8,0.4,0.2,1012.9,1015.9,1017.06,1015.0,3.0,3.15,18.0,0.7,0.4,0.3,1.0,3.0,5.0,3.0,4.0,2.3,20.0,0.8,0.4,0.2,-26.1,-5.0,4.9,-10.3,4.0,20.4,20.0,0.8,0.4,0.2,-18.7,13.7,27.7,4.9,4.0,35.5,20.0,0.8,0.4,0.2,-1.6,1.2,3.45,0.93,3.0,3.71,18.0,0.7,0.4,0.3,-10.7,4.9,25.2,7.2,3.0,26.4,18.0,0.7,0.4,0.3,2.0,3.92,8.31,5.13,3.0,4.74,18.0,0.7,0.4,0.3,9.8,16.1,59.5,34.2,3.0,39.7,18.0,0.7,0.4,0.3,-92.8,-28.7,24.3,-34.0,4.0,68.3,20.0,0.8,0.4,0.2,-36.4,86.7,138.0,52.4,4.0,127.0,20.0,0.8,0.4,0.2,-53.0,-51.9,-3.6,-28.8,3.0,41.3,18.0,0.7,0.4,0.3,-29.7,43.5,86.9,29.0,3.0,86.3,18.0,0.7,0.4,0.3,-38.9,-12.3,-3.1,-20.8,3.0,27.2,18.0,0.7,0.4,0.3,-39.5,6.7,9.2,-14.7,3.0,40.2,18.0,0.7,0.4,0.3,69.0,153.5,352.5,208.0,4.0,184.0,20.0,0.8,0.4,0.2,70.0,155.0,355.0,210.0,4.0,185.0,20.0,0.8,0.4,0.2
1974,2,170.0,22.0,24.46,25.55,26.18,25.18,6.0,1.46,14.0,0.5,0.5,0.4,24.36,24.6,25.96,25.03,7.0,1.18,12.0,0.6,0.5,0.4,14.44,15.48,16.47,15.54,5.0,1.32,12.0,0.4,0.4,0.4,71.0,76.2,86.5,78.6,5.0,11.8,12.0,0.4,0.4,4.98,6.2,7.8,6.33,7.0,2.26,12.0,0.6,0.5,0.4,-5.4,-1.99,3.48,-0.91,7.0,5.12,12.0,0.6,0.5,0.4,-1.68,3.91,6.17,2.58,7.0,4.1,12.0,0.6,0.5,0.4,1011.78,1013.55,1014.68,1013.03,6.0,2.99,14.0,0.5,0.5,0.4,1.0,2.0,5.1,2.9,7.0,2.4,12.0,0.6,0.5,0.4,-34.7,-5.2,18.7,-7.0,7.0,39.3,12.0,0.6,0.5,0.4,-10.3,19.9,41.3,20.8,7.0,31.8,12.0,0.6,0.5,0.4,-1.68,0.35,1.9,0.15,6.0,1.84,14.0,0.5,0.5,0.4,-11.7,2.3,13.6,1.9,6.0,13.3,14.0,0.5,0.5,0.4,3.48,5.96,6.41,5.13,5.0,1.72,12.0,0.4,0.4,0.4,19.2,42.9,55.5,38.5,5.0,19.8,12.0,0.4,0.4,0.4,-139.5,-49.8,82.5,-25.7,7.0,127.9,12.0,0.6,0.5,0.4,-42.2,92.2,151.7,64.4,7.0,103.0,12.0,0.6,0.5,0.4,-89.4,-67.3,76.1,-16.7,5.0,93.3,12.0,0.4,0.4,0.4,-23.4,68.8,93.4,43.1,5.0,64.6,12.0,0.4,0.4,0.4,-31.7,-20.9,24.7,-5.3,5.0,36.6,12.0,0.4,0.4,0.4,-8.2,10.8,37.8,14.6,5.0,24.5,12.0,0.4,0.4,0.4,127.0,238.5,479.5,335.0,7.0,304.5,12.0,0.6,0.5,0.4,125.0,240.0,480.0,335.0,7.0,305.0,12.0,0.6,0.5,0.4
1974,2,170.0,23.0,23.78,24.15,24.6,24.17,6.0,0.59,18.0,0.7,0.5,0.2,22.4,22.75,23.32,22.83,6.0,0.43,18.0,0.7,0.5,0.2,8.45,12.83,15.05,11.96,5.0,3.42,18.0,0.6,0.5,0.3,50.8,74.3,85.8,69.3,5.0,18.0,18.0,0.6,0.3,5.1,7.7,12.68,9.15,6.0,4.9,18.0,0.7,0.5,0.2,-10.15,-5.9,-2.02,-5.95,6.0,4.32,18.0,0.7,0.5,0.2,-7.33,-4.95,-2.45,-4.78,6.0,6.0,18.0,0.7,0.5,0.2,1009.29,1016.25,1021.7,1015.32,6.0,6.5,18.0,0.7,0.5,0.2,2.0,3.0,3.4,2.8,5.0,0.8,16.0,0.8,0.5,0.2,-130.8,-45.4,-10.3,-70.4,6.0,77.6,18.0,0.7,0.5,0.2,-101.9,-38.1,-12.5,-64.1,6.0,95.0,18.0,0.7,0.5,0.2,0.79,1.5,1.88,1.33,6.0,0.76,18.0,0.7,0.5,0.2,8.9,11.4,15.9,13.0,6.0,10.5,18.0,0.7,0.5,0.2,4.5,6.49,9.89,7.02,5.0,2.88,18.0,0.6,0.5,0.3,35.7,74.4,92.9,67.5,5.0,35.6,18.0,0.6,0.5,0.3,-235.9,-132.1,-47.1,-135.9,6.0,99.1,18.0,0.7,0.5,0.2,-169.5,-110.9,-57.6,-108.9,6.0,136.3,18.0,0.7,0.5,0.2,-149.2,-51.2,-30.2,-79.5,5.0,66.9,18.0,0.6,0.5,0.3,-119.7,-42.9,2.3,-54.2,5.0,91.3,18.0,0.6,0.5,0.3,-65.9,-57.0,-22.9,-45.8,5.0,29.1,18.0,0.6,0.5,0.3,-65.0,-47.8,-4.0,-36.7,5.0,42.5,18.0,0.6,0.5,0.3,132.5,456.5,2349.0,1409.0,6.0,2220.0,18.0,0.7,0.5,0.2,135.0,455.0,2350.0,1410.0,6.0,2220.0,18.0,0.7,0.5,0.2
1974,2,170.0,24.0,21.5,23.7,24.73,23.12,5.0,2.61,12.0,0.6,0.5,0.3,21.01,22.4,25.22,23.05,8.0,2.5,14.0,0.8,0.4,0.4,10.3,12.75,13.87,12.22,5.0,1.92,12.0,0.6,0.5,0.3,63.2,70.3,79.8,71.3,5.0,9.0,12.0,0.6,0.3,2.77,5.1,5.63,4.81,8.0,1.81,14.0,0.8,0.4,0.4,-4.36,-2.76,1.22,-1.54,8.0,3.37,14.0,0.8,0.4,0.4,-2.82,-0.29,2.55,-0.71,8.0,3.88,14.0,0.8,0.4,0.4,1013.98,1016.05,1017.81,1015.98,6.0,2.19,12.0,0.7,0.5,0.3,2.1,3.5,5.0,3.4,8.0,1.8,14.0,0.8,0.4,0.4,-22.2,-10.1,10.3,-5.8,8.0,18.3,14.0,0.8,0.4,0.4,-15.2,0.3,13.0,-5.7,8.0,27.0,14.0,0.8,0.4,0.4,-1.42,0.5,2.77,0.44,5.0,2.75,12.0,0.6,0.5,0.3,-7.3,2.6,18.5,4.4,5.0,16.7,12.0,0.6,0.5,0.3,3.53,5.76,7.32,5.53,5.0,2.17,12.0,0.6,0.5,0.3,13.3,34.3,47.4,30.9,5.0,17.6,12.0,0.6,0.5,0.3,-100.6,-66.1,25.6,-39.6,8.0,77.1,14.0,0.8,0.4,0.4,-59.7,-1.3,57.9,-11.7,8.0,86.0,14.0,0.8,0.4,0.4,-49.9,-6.2,29.4,-8.3,5.0,43.8,12.0,0.6,0.5,0.3,-59.8,-28.2,34.1,-18.5,5.0,58.8,12.0,0.6,0.5,0.3,-17.9,-1.7,20.3,1.7,5.0,25.6,12.0,0.6,0.5,0.3,-32.1,-9.9,12.9,-10.1,5.0,26.7,12.0,0.6,0.5,0.3,23.5,132.5,179.5,155.0,8.0,171.0,14.0,0.8,0.4,0.4,25.0,135.0,180.0,155.0,8.0,170.0,14.0,0.8,0.4,0.4
1974,2,170.0,25.0,22.33,22.75,23.7,22.81,10.0,0.86,16.0,0.5,0.5,0.5,18.62,20.0,23.46,20.62,11.0,2.25,16.0,0.5,0.5,0.5,8.71,10.56,14.93,11.19,11.0,2.89,16.0,0.5,0.5,0.5,63.6,74.3,83.8,73.6,11.0,13.0,16.0,0.5,0.5,3.1,10.3,15.63,9.49,11.0,6.44,16.0,0.5,0.5,0.5,-4.9,-0.8,4.71,-0.65,11.0,5.54,16.0,0.5,0.5,0.5,-15.39,-4.79,0.97,-6.23,11.0,8.16,16.0,0.5,0.5,0.5,1013.12,1015.2,1020.12,1016.26,11.0,3.45,16.0,0.5,0.5,0.5,2.0,6.0,6.0,4.7,11.0,2.1,16.0,0.5,0.5,0.5,-88.3,-3.7,38.9,-17.4,11.0,71.4,16.0,0.5,0.5,0.5,-250.9,-24.4,6.7,-98.1,11.0,154.1,16.0,0.5,0.5,0.5,1.01,2.65,4.77,2.58,10.0,2.17,16.0,0.5,0.5,0.5,3.4,18.8,75.1,31.7,10.0,40.5,16.0,0.5,0.5,0.5,4.23,6.99,8.8,6.57,10.0,2.67,16.0,0.5,0.5,0.5,16.0,58.6,113.0,67.5,10.0,58.3,16.0,0.5,0.5,0.5,-91.2,-19.6,95.2,-15.7,11.0,118.3,16.0,0.5,0.5,0.5,-284.7,-109.3,26.1,-115.4,11.0,158.2,16.0,0.5,0.5,0.5,-49.6,-12.9,55.1,-11.8,11.0,69.8,16.0,0.5,0.5,0.5,-147.4,-40.2,16.5,-57.5,11.0,89.4,16.0,0.5,0.5,0.5,-27.4,-8.5,32.6,-0.2,10.0,32.2,16.0,0.5,0.5,0.5,-108.1,-46.3,-8.8,-58.2,10.0,60.5,16.0,0.5,0.5,0.5,30.0,1092.5,4322.5,2053.5,11.0,3082.5,16.0,0.5,0.5,0.5,30.0,1095.0,4320.0,2055.0,11.0,3080.0,16.0,0.5,0.5,0.5
1974,2,170.0,26.0,21.0,22.1,23.2,22.16,22.0,1.34,18.0,0.7,0.4,0.4,19.0,21.0,23.67,21.33,24.0,2.46,18.0,0.8,0.4,0.4,8.72,12.94,15.59,12.62,20.0,2.8,18.0,0.7,0.5,0.4,61.3,90.0,91.9,82.0,20.0,13.3,18.0,0.7,0.4,1.5,7.7,14.41,8.53,23.0,6.04,16.0,0.7,0.4,0.4,-9.82,0.0,2.89,-1.93,23.0,6.83,16.0,0.7,0.4,0.4,-9.14,-2.05,3.73,-2.85,23.0,7.32,16.0,0.7,0.4,0.4,1012.39,1014.6,1019.01,1015.42,23.0,3.32,18.0,0.7,0.5,0.4,3.0,6.0,8.0,5.6,22.0,2.5,16.0,0.8,0.4,0.4,-146.8,0.0,16.6,-39.1,23.0,105.2,16.0,0.7,0.4,0.4,-155.6,-8.4,20.9,-49.2,23.0,100.2,16.0,0.7,0.4,0.4,-2.17,1.9,3.5,1.03,22.0,3.07,18.0,0.7,0.4,0.4,-17.5,5.3,34.9,10.4,21.0,29.7,16.0,0.7,0.4,0.4,1.8,3.66,7.7,4.39,19.0,3.17,18.0,0.7,0.4,0.4,3.8,28.0,90.0,42.0,18.0,44.7,18.0,0.7,0.4,0.3,-199.6,0.0,71.9,-37.9,23.0,145.9,16.0,0.7,0.4,0.4,-192.3,-41.4,92.5,-48.7,23.0,151.9,16.0,0.7,0.4,0.4,-171.0,0.0,45.6,-33.9,19.0,96.6,18.0,0.7,0.4,0.3,-120.0,-72.3,59.6,-34.8,19.0,98.1,18.0,0.7,0.4,0.3,-38.6,0.0,12.1,-8.3,18.0,34.2,18.0,0.7,0.4,0.3,-56.9,-21.4,7.1,-28.0,18.0,42.3,18.0,0.7,0.4,0.3,3.5,456.5,3002.0,1554.0,23.0,2092.5,16.0,0.7,0.4,0.4,5.0,455.0,3000.0,1555.0,23.0,2090.0,16.0,0.7,0.4,0.4
1974,2,170.0,27.0,19.94,21.0,22.59,21.26,13.0,1.51,12.0,0.4,0.3,0.4,17.8,20.0,21.93,20.14,16.0,2.04,12.0,0.5,0.3,0.4,8.61,12.33,13.44,11.68,13.0,2.37,12.0,0.4,0.3,0.4,69.2,80.3,89.0,79.7,13.0,10.7,12.0,0.4,0.4,2.87,5.1,9.3,6.59,17.0,5.14,12.0,0.5,0.3,0.4,-3.26,0.0,6.29,0.63,17.0,6.79,12.0,0.5,0.3,0.4,-5.98,-3.05,3.08,-2.23,17.0,4.56,12.0,0.5,0.3,0.4,1012.25,1015.8,1019.43,1015.95,15.0,3.64,12.0,0.5,0.3,0.4,2.0,6.0,8.0,5.2,15.0,3.0,12.0,0.5,0.4,0.4,-17.2,0.0,46.5,4.1,17.0,107.2,12.0,0.5,0.3,0.4,-55.6,-9.5,15.7,-28.9,17.0,63.0,12.0,0.5,0.3,0.4,-0.69,1.5,3.44,1.47,13.0,2.07,12.0,0.4,0.3,0.4,-3.2,6.0,19.8,8.5,13.0,15.9,12.0,0.4,0.3,0.4,1.47,3.71,6.96,4.06,12.0,2.69,12.0,0.3,0.3,0.5,4.4,18.7,43.2,21.5,12.0,18.3,12.0,0.3,0.3,0.5,-71.7,0.0,103.2,-4.7,16.0,113.9,12.0,0.5,0.3,0.4,-107.3,-55.1,69.5,-30.1,16.0,77.4,12.0,0.5,0.3,0.4,-35.5,0.0,63.9,-3.3,13.0,75.4,12.0,0.4,0.3,0.4,-53.6,-23.7,33.6,-14.9,13.0,43.3,12.0,0.4,0.3,0.4,-10.8,0.0,17.5,0.4,12.0,22.7,12.0,0.3,0.3,0.5,-23.7,-10.6,3.5,-9.3,12.0,15.2,12.0,0.3,0.3,0.5,24.0,132.5,804.5,948.0,17.0,2056.0,12.0,0.5,0.3,0.4,25.0,135.0,805.0,950.0,17.0,2055.0,12.0,0.5,0.3,0.4
1974,2,170.0,28.0,18.77,20.0,21.55,20.12,12.0,1.36,14.0,0.3,0.3,0.2,16.41,18.6,20.0,18.57,14.0,1.94,12.0,0.4,0.3,0.3,8.08,9.21,12.16,9.88,10.0,2.13,14.0,0.3,0.3,0.2,70.1,74.9,86.0,76.9,10.0,8.1,14.0,0.3,0.2,4.09,9.3,11.24,8.93,13.0,4.33,12.0,0.5,0.3,0.3,-6.56,0.0,4.64,-0.43,13.0,6.87,12.0,0.5,0.3,0.3,-5.42,1.61,5.6,0.46,13.0,7.58,12.0,0.5,0.3,0.3,1012.42,1014.75,1018.65,1014.82,14.0,3.48,12.0,0.4,0.3,0.3,1.0,6.5,8.0,5.1,12.0,3.1,14.0,0.4,0.3,0.3,-54.7,0.0,60.1,-5.4,13.0,77.6,12.0,0.5,0.3,0.3,-49.0,15.0,46.9,-13.9,13.0,110.7,12.0,0.5,0.3,0.3,0.19,2.3,3.25,1.7,12.0,2.36,14.0,0.3,0.3,0.2,0.0,9.4,46.4,17.0,11.0,30.0,14.0,0.4,0.3,0.2,2.52,5.68,5.84,5.0,10.0,1.98,14.0,0.3,0.3,0.2,13.4,46.7,84.5,47.7,9.0,35.6,14.0,0.3,0.3,0.2,-121.1,0.0,84.6,-2.7,13.0,130.0,12.0,0.5,0.3,0.3,-106.7,26.6,93.9,14.7,13.0,135.3,12.0,0.5,0.3,0.3,-76.9,-34.2,37.0,-29.6,9.0,56.7,14.0,0.3,0.3,0.2,-88.0,10.7,50.5,-11.4,9.0,79.0,14.0,0.3,0.3,0.2,-58.4,-18.0,10.5,-21.4,9.0,33.2,14.0,0.3,0.3,0.2,-43.9,7.1,25.5,-7.0,9.0,46.4,14.0,0.3,0.3,0.2,68.5,804.5,1488.5,1221.0,13.0,1680.0,12.0,0.5,0.3,0.3,70.0,805.0,1490.0,1220.0,13.0,1680.0,12.0,0.5,0.3,0.3
1974,2,170.0,29.0,17.19,18.5,19.95,18.42,9.0,1.41,10.0,0.6,0.4,0.6,15.6,17.0,19.15,17.34,9.0,2.36,10.0,0.6,0.4,0.6,6.43,8.6,11.36,9.36,8.0,3.2,10.0,0.5,0.4,0.6,62.0,71.2,87.5,75.1,8.0,14.4,10.0,0.5,0.6,3.25,6.7,11.13,7.12,9.0,4.69,10.0,0.6,0.4,0.6,0.0,3.28,9.67,4.55,9.0,4.58,10.0,0.6,0.4,0.6,-2.85,2.56,7.69,2.36,9.0,5.35,10.0,0.6,0.4,0.6,1009.88,1012.6,1020.67,1014.96,9.0,5.25,10.0,0.6,0.4,0.6,2.9,6.0,7.0,4.9,7.0,2.7,10.0,0.6,0.4,0.6,0.0,16.7,106.2,49.4,9.0,63.8,10.0,0.6,0.4,0.6,-14.6,6.7,66.8,23.2,9.0,62.9,10.0,0.6,0.4,0.6,-0.23,0.9,2.57,1.08,9.0,1.39,10.0,0.6,0.4,0.6,-1.8,4.1,15.8,8.4,9.0,16.3,10.0,0.6,0.4,0.6,2.97,4.48,5.37,3.82,8.0,2.15,10.0,0.5,0.4,0.6,0.8,28.9,58.6,27.6,8.0,27.6,10.0,0.5,0.4,0.6,0.0,61.1,157.3,78.4,9.0,78.0,10.0,0.6,0.4,0.6,-38.0,49.2,153.3,47.6,9.0,92.4,10.0,0.6,0.4,0.6,0.0,41.2,74.9,43.8,8.0,47.4,10.0,0.5,0.4,0.6,-20.0,14.7,99.4,31.9,8.0,59.0,10.0,0.5,0.4,0.6,-1.1,9.0,45.8,19.2,8.0,24.9,10.0,0.5,0.4,0.6,-19.9,0.0,27.4,1.7,8.0,24.3,10.0,0.5,0.4,0.6,46.5,301.0,1417.0,803.0,9.0,1189.0,10.0,0.6,0.4,0.6,45.0,300.0,1415.0,805.0,9.0,1190.0,10.0,0.6,0.4,0.6
1974,2,170.0,30.0,16.38,18.0,20.0,18.19,15.0,1.69,14.0,0.5,0.4,0.3,14.77,16.5,18.09,16.59,17.0,1.66,14.0,0.4,0.3,0.3,6.62,8.72,11.01,8.75,15.0,2.21,14.0,0.4,0.4,0.3,61.7,73.2,87.1,74.9,15.0,13.8,14.0,0.4,0.3,6.47,10.3,12.9,10.29,17.0,4.18,14.0,0.4,0.3,0.3,-6.15,4.35,8.47,2.05,17.0,8.1,14.0,0.4,0.3,0.3,-8.46,0.0,6.37,-1.0,17.0,7.67,14.0,0.4,0.3,0.3,1012.04,1014.0,1019.0,1015.01,17.0,3.54,14.0,0.4,0.3,0.3,2.2,4.0,7.8,4.9,15.0,2.3,12.0,0.5,0.4,0.3,-62.9,32.8,97.2,5.6,17.0,126.9,14.0,0.4,0.3,0.3,-106.5,0.0,48.2,-27.0,17.0,107.1,14.0,0.4,0.3,0.3,-0.46,1.0,3.31,1.53,15.0,2.08,14.0,0.5,0.4,0.3,-5.1,20.1,34.1,15.7,15.0,18.9,14.0,0.5,0.4,0.3,2.66,4.03,6.89,4.15,13.0,2.19,14.0,0.5,0.4,0.3,16.4,42.2,71.2,44.7,13.0,25.0,14.0,0.5,0.4,0.3,-104.5,82.7,129.9,34.9,17.0,133.7,14.0,0.4,0.3,0.3,-129.8,0.0,107.9,-8.5,17.0,126.0,14.0,0.4,0.3,0.3,-74.2,36.0,73.0,17.0,15.0,79.2,14.0,0.4,0.4,0.3,-61.1,0.0,42.1,-14.9,15.0,56.7,14.0,0.4,0.4,0.3,-29.2,16.4,43.1,12.1,13.0,36.3,14.0,0.5,0.4,0.3,-41.6,-1.7,14.7,-13.6,13.0,33.3,14.0,0.5,0.4,0.3,272.0,1092.5,2146.5,1684.5,17.0,2640.0,14.0,0.4,0.3,0.3,270.0,1095.0,2145.0,1685.0,17.0,2640.0,14.0,0.4,0.3,0.3
1974,2,170.0,31.0,16.04,17.0,17.82,16.98,15.0,0.88,14.0,0.7,0.3,0.4,14.0,16.0,17.62,15.73,16.0,2.08,14.0,0.8,0.3,0.5,6.76,9.36,10.51,8.87,14.0,1.77,14.0,0.7,0.3,0.5,72.0,77.5,94.5,80.3,14.0,11.2,14.0,0.7,0.5,7.08,8.45,12.56,9.99,16.0,3.65,14.0,0.8,0.3,0.5,-8.33,5.43,9.55,3.03,16.0,9.1,14.0,0.8,0.3,0.5,-6.75,-2.02,4.01,-1.39,16.0,5.02,14.0,0.8,0.3,0.5,1009.78,1016.45,1021.42,1015.89,16.0,5.33,14.0,0.8,0.3,0.5,1.1,7.0,8.0,5.1,14.0,3.2,14.0,0.7,0.3,0.5,-93.8,44.1,100.5,33.2,16.0,133.4,14.0,0.8,0.3,0.5,-58.4,-21.2,33.5,-20.3,16.0,55.9,14.0,0.8,0.3,0.5,-0.16,1.0,2.91,1.13,15.0,2.07,14.0,0.7,0.3,0.4,-1.0,10.3,25.4,12.7,15.0,21.3,14.0,0.7,0.3,0.4,1.44,2.36,5.19,2.94,13.0,1.83,14.0,0.7,0.3,0.5,13.0,20.1,41.1,30.9,13.0,28.0,14.0,0.7,0.3,0.5,-136.3,91.0,149.3,42.5,16.0,140.4,14.0,0.8,0.3,0.5,-92.4,-29.8,72.7,-15.7,16.0,81.7,14.0,0.8,0.3,0.5,-49.7,54.3,78.6,30.1,14.0,78.1,14.0,0.7,0.3,0.5,-49.1,-18.1,26.8,-15.0,14.0,44.2,14.0,0.7,0.3,0.5,-4.5,12.9,38.6,20.3,13.0,31.8,14.0,0.7,0.3,0.5,-21.6,-3.7,9.7,-8.4,13.0,17.0,14.0,0.7,0.3,0.5,360.0,605.0,1987.5,1443.0,16.0,2076.0,14.0,0.8,0.3,0.5,360.0,605.0,1985.0,1445.0,16.0,2075.0,14.0,0.8,0.3,0.5
1974,2,170.0,32.0,15.22,17.0,18.22,16.81,9.0,1.44,16.0,0.4,0.5,0.4,12.13,15.5,17.11,14.96,10.0,3.19,16.0,0.5,0.6,0.5,6.34,8.64,9.47,8.33,9.0,1.82,18.0,0.6,0.6,0.5,73.7,81.3,89.3,79.1,9.0,17.6,18.0,0.6,0.5,7.06,10.55,16.89,11.67,10.0,5.42,16.0,0.5,0.6,0.5,-3.7,4.46,12.03,4.59,10.0,10.14,16.0,0.5,0.6,0.5,-4.52,-0.85,7.84,0.44,10.0,7.36,16.0,0.5,0.6,0.5,1006.87,1015.25,1023.86,1014.34,10.0,9.52,16.0,0.5,0.6,0.5,4.5,7.0,7.7,5.9,9.0,2.5,18.0,0.6,0.6,0.5,-35.5,55.4,184.6,71.9,10.0,173.3,16.0,0.5,0.6,0.5,-61.9,-2.9,75.3,-1.4,10.0,106.7,16.0,0.5,0.6,0.5,-1.02,3.0,6.23,1.97,9.0,4.0,16.0,0.4,0.5,0.4,-6.3,10.8,107.1,34.5,9.0,65.6,16.0,0.4,0.5,0.4,1.91,4.44,5.32,3.94,8.0,1.77,16.0,0.5,0.6,0.5,15.2,49.5,103.3,56.5,8.0,37.6,16.0,0.5,0.6,0.5,-61.7,76.1,170.0,57.3,10.0,135.3,16.0,0.5,0.6,0.5,-69.3,-13.0,122.0,14.0,10.0,109.8,16.0,0.5,0.6,0.5,-57.3,42.5,96.3,29.8,9.0,83.3,18.0,0.6,0.6,0.5,-41.0,0.0,82.4,9.9,9.0,65.2,18.0,0.6,0.6,0.5,4.2,30.3,79.1,31.5,8.0,53.0,16.0,0.5,0.6,0.5,-21.9,-4.4,10.3,-6.7,8.0,32.8,16.0,0.5,0.6,0.5,372.5,1176.0,4898.5,2532.0,10.0,2840.0,16.0,0.5,0.6,0.5,370.0,1175.0,4900.0,2530.0,10.0,2840.0,16.0,0.5,0.6,0.5
1974,2,170.0,33.0,14.81,16.3,17.0,16.08,25.0,1.44,16.0,0.5,0.3,0.4,11.5,14.0,16.52,14.05,26.0,2.28,14.0,0.5,0.3,0.4,6.18,7.79,10.22,7.94,23.0,1.78,16.0,0.5,0.4,0.4,69.1,77.2,85.5,77.3,23.0,9.8,16.0,0.5,0.4,8.14,12.3,15.45,11.97,26.0,4.44,14.0,0.5,0.3,0.4,-3.94,7.77,11.23,5.59,26.0,7.92,14.0,0.5,0.3,0.4,-9.02,-5.65,3.11,-2.97,26.0,8.02,14.0,0.5,0.3,0.4,1004.48,1014.25,1017.9,1012.91,26.0,6.98,14.0,0.5,0.3,0.4,3.7,5.5,7.0,5.4,24.0,2.1,14.0,0.6,0.3,0.4,-23.9,86.5,152.9,78.8,26.0,118.8,14.0,0.5,0.3,0.4,-126.1,-52.8,51.2,-32.9,26.0,136.0,14.0,0.5,0.3,0.4,-0.31,2.2,4.54,1.95,25.0,2.52,16.0,0.5,0.3,0.4,-2.3,23.7,50.6,23.2,25.0,29.9,16.0,0.5,0.3,0.4,1.34,3.54,5.58,3.39,23.0,1.86,16.0,0.5,0.4,0.4,15.4,40.0,67.5,38.8,23.0,24.0,16.0,0.5,0.4,0.4,-63.3,105.6,172.0,74.8,26.0,115.0,14.0,0.5,0.3,0.4,-108.7,-68.1,53.3,-31.1,26.0,119.1,14.0,0.5,0.3,0.4,-41.7,40.0,102.8,37.5,23.0,68.4,16.0,0.5,0.4,0.4,-65.0,-32.9,57.2,-8.3,23.0,72.8,16.0,0.5,0.4,0.4,-5.3,16.6,48.7,19.4,23.0,31.9,16.0,0.5,0.4,0.4,-38.1,-16.6,4.9,-15.8,23.0,21.9,16.0,0.5,0.4,0.4,541.0,1861.0,3693.0,2411.5,26.0,2536.0,14.0,0.5,0.3,0.4,540.0,1860.0,3695.0,2410.0,26.0,2535.0,14.0,0.5,0.3,0.4
1974,2,170.0,34.0,15.0,15.45,16.89,15.53,8.0,1.22,12.0,0.8,0.3,0.3,10.62,13.2,14.73,13.11,9.0,2.55,12.0,0.8,0.3,0.3,5.41,6.46,10.59,7.78,5.0,3.06,12.0,0.8,0.3,0.4,63.6,72.0,96.1,78.5,5.0,17.4,12.0,0.8,0.4,8.77,11.3,17.16,12.73,9.0,4.95,12.0,0.8,0.3,0.3,4.8,7.89,11.57,7.71,9.0,7.95,12.0,0.8,0.3,0.3,-8.41,-5.52,5.98,-1.46,9.0,8.62,12.0,0.8,0.3,0.3,1002.52,1013.3,1016.94,1011.38,9.0,7.06,12.0,0.8,0.3,0.3,3.3,6.5,7.0,5.8,8.0,2.1,12.0,0.8,0.4,0.3,36.0,82.1,167.9,121.9,9.0,156.3,12.0,0.8,0.3,0.3,-130.6,-39.7,52.6,-18.0,9.0,136.3,12.0,0.8,0.3,0.3,0.26,2.4,5.26,2.65,8.0,2.65,12.0,0.8,0.3,0.3,2.4,20.4,97.1,38.0,8.0,50.2,12.0,0.8,0.3,0.3,0.63,3.67,5.12,3.05,5.0,2.48,12.0,0.8,0.3,0.4,5.2,41.4,83.7,47.6,5.0,53.0,12.0,0.8,0.3,0.4,60.8,110.5,157.5,91.5,9.0,95.7,12.0,0.8,0.3,0.3,-94.9,-67.8,82.8,-3.0,9.0,129.1,12.0,0.8,0.3,0.3,47.7,75.1,104.8,75.9,5.0,30.0,12.0,0.8,0.3,0.4,-41.8,-13.2,107.9,30.0,5.0,99.0,12.0,0.8,0.3,0.4,3.3,26.6,80.2,42.3,5.0,51.0,12.0,0.8,0.3,0.4,-36.8,-9.6,2.3,-16.1,5.0,21.9,12.0,0.8,0.3,0.4,697.5,1443.0,5151.5,2986.5,9.0,3632.0,12.0,0.8,0.3,0.3,695.0,1445.0,5150.0,2985.0,9.0,3630.0,12.0,0.8,0.3,0.3
1974,2,170.0,35.0,13.56,14.4,15.37,14.24,9.0,1.44,14.0,0.1,0.4,0.7,12.42,13.0,13.29,12.72,9.0,1.11,16.0,0.1,0.4,0.7,6.17,7.0,7.81,7.2,7.0,1.4,14.0,0.1,0.3,0.8,64.9,76.7,100.0,78.8,7.0,16.0,14.0,0.1,0.8,6.71,11.3,16.89,11.33,10.0,5.08,14.0,0.1,0.4,0.7,-0.15,8.68,14.9,7.48,10.0,7.57,14.0,0.1,0.4,0.7,-2.52,1.21,10.55,3.05,10.0,6.21,14.0,0.1,0.4,0.7,1001.6,1010.7,1021.58,1011.89,10.0,12.75,14.0,0.1,0.4,0.7,2.0,4.0,6.7,4.3,9.0,2.2,14.0,0.1,0.4,0.7,8.1,106.6,236.3,115.2,10.0,119.6,14.0,0.1,0.4,0.7,-39.3,11.7,122.0,36.7,10.0,86.9,14.0,0.1,0.4,0.7,0.61,1.9,2.94,1.96,8.0,1.39,16.0,0.1,0.4,0.7,5.3,16.6,29.3,22.7,8.0,25.2,16.0,0.1,0.4,0.7,2.5,3.33,4.37,3.26,7.0,1.67,14.0,0.1,0.3,0.8,8.7,46.9,57.2,37.1,7.0,22.5,14.0,0.1,0.3,0.8,44.0,125.5,168.5,109.9,9.0,80.0,16.0,0.1,0.4,0.7,-28.8,25.5,150.9,47.9,9.0,82.8,16.0,0.1,0.4,0.7,40.7,70.8,111.3,68.4,7.0,49.8,14.0,0.1,0.3,0.8,-19.6,3.2,30.2,15.8,7.0,49.2,14.0,0.1,0.3,0.8,1.0,45.7,56.3,33.3,7.0,26.7,14.0,0.1,0.3,0.8,-9.9,1.5,6.4,-0.1,7.0,10.0,14.0,0.1,0.3,0.8,383.5,1443.0,4898.5,2216.0,10.0,2172.0,14.0,0.1,0.4,0.7,385.0,1445.0,4900.0,2215.0,10.0,2170.0,14.0,0.1,0.4,0.7
1974,2,170.0,36.0,13.4,14.0,15.78,14.35,12.0,1.28,16.0,0.3,0.3,0.3,10.04,12.0,14.98,12.64,15.0,2.99,14.0,0.4,0.3,0.3,5.7,6.67,8.76,7.06,13.0,1.46,16.0,0.5,0.3,0.4,61.5,78.4,87.0,74.7,13.0,14.0,16.0,0.5,0.4,6.42,9.3,14.79,10.83,15.0,5.63,14.0,0.4,0.3,0.3,0.14,5.37,10.97,4.64,15.0,8.42,14.0,0.4,0.3,0.3,-5.0,0.0,8.71,2.11,15.0,7.65,14.0,0.4,0.3,0.3,1003.62,1011.0,1014.93,1011.32,15.0,8.84,14.0,0.4,0.3,0.3,3.0,6.0,8.0,5.6,15.0,2.3,14.0,0.4,0.3,0.3,0.1,33.3,142.7,40.0,15.0,141.5,14.0,0.4,0.3,0.3,-37.5,0.0,100.6,44.7,15.0,148.0,14.0,0.4,0.3,0.3,-2.18,2.4,4.73,1.76,12.0,3.15,16.0,0.3,0.3,0.3,-9.5,21.0,37.3,17.7,12.0,29.7,16.0,0.3,0.3,0.3,1.31,3.38,5.05,3.23,11.0,1.92,16.0,0.4,0.3,0.3,9.6,29.6,35.9,27.8,11.0,22.4,16.0,0.4,0.3,0.3,2.7,62.8,127.6,49.0,15.0,112.7,14.0,0.4,0.3,0.3,-42.4,0.0,129.0,33.9,15.0,99.8,14.0,0.4,0.3,0.3,-9.8,34.0,60.3,21.2,13.0,65.3,16.0,0.5,0.3,0.4,-20.5,0.0,80.7,27.3,13.0,62.3,16.0,0.5,0.3,0.4,-4.8,15.7,30.4,16.6,11.0,25.7,16.0,0.4,0.3,0.3,-12.7,0.0,12.8,-1.1,11.0,19.7,16.0,0.4,0.3,0.3,268.5,804.5,3236.5,2342.5,15.0,3768.0,14.0,0.4,0.3,0.3,270.0,805.0,3235.0,2340.0,15.0,3770.0,14.0,0.4,0.3,0.3
1974,2,170.0,37.0,11.58,13.0,15.54,13.57,6.0,2.39,12.0,0.3,0.3,0.3,9.06,9.8,12.93,10.43,8.0,2.1,14.0,0.3,0.3,0.3,5.17,5.8,7.09,6.0,7.0,0.9,14.0,0.3,0.3,0.3,70.3,76.2,87.5,79.1,7.0,9.6,14.0,0.3,0.3,8.7,11.85,15.23,11.5,8.0,3.92,14.0,0.3,0.3,0.3,-7.19,-1.49,12.34,1.39,8.0,9.39,14.0,0.3,0.3,0.3,-11.66,-2.1,4.15,-3.12,8.0,8.06,14.0,0.3,0.3,0.3,1003.47,1010.0,1014.44,1010.8,8.0,9.05,14.0,0.3,0.3,0.3,2.3,6.0,7.0,5.4,8.0,2.3,14.0,0.3,0.3,0.3,-61.2,-11.3,186.1,41.6,8.0,122.8,14.0,0.3,0.3,0.3,-179.1,-26.0,35.1,-58.3,8.0,104.8,14.0,0.3,0.3,0.3,0.54,3.5,6.02,3.33,6.0,3.36,12.0,0.3,0.3,0.3,7.3,56.1,82.8,49.8,6.0,42.7,12.0,0.3,0.3,0.3,1.26,4.07,5.59,3.7,6.0,2.12,12.0,0.3,0.3,0.3,10.7,64.6,77.9,51.2,6.0,34.1,12.0,0.3,0.3,0.3,-60.1,-20.8,112.1,10.1,8.0,91.0,14.0,0.3,0.3,0.3,-115.5,-20.4,34.7,-25.0,8.0,85.3,14.0,0.3,0.3,0.3,-45.0,0.0,60.3,5.8,7.0,57.4,14.0,0.3,0.3,0.3,-69.0,-12.7,18.4,-26.4,7.0,42.2,14.0,0.3,0.3,0.3,-6.9,17.3,61.8,25.0,6.0,36.2,12.0,0.3,0.3,0.3,-56.2,-27.2,-0.9,-30.9,6.0,33.1,12.0,0.3,0.3,0.3,658.5,1749.5,3545.0,1972.5,8.0,1580.0,14.0,0.3,0.3,0.3,660.0,1750.0,3545.0,1970.0,8.0,1580.0,14.0,0.3,0.3,0.3
1974,2,170.0,38.0,12.82,13.0,13.11,12.96,5.0,0.29,20.0,0.2,0.4,0.4,8.0,10.0,13.66,10.49,9.0,2.99,18.0,0.3,0.6,0.3,4.87,6.97,8.63,6.8,7.0,1.91,20.0,0.1,0.5,0.3,75.4,81.3,88.6,82.8,7.0,6.9,20.0,0.1,0.3,6.87,9.8,17.6,13.1,9.0,8.88,18.0,0.3,0.6,0.3,-5.41,-1.61,10.51,1.09,9.0,9.42,18.0,0.3,0.6,0.3,-10.22,0.0,8.0,1.08,9.0,13.44,18.0,0.3,0.6,0.3,1008.94,1018.0,1024.29,1016.23,9.0,7.63,18.0,0.3,0.6,0.3,6.0,6.5,8.0,6.6,8.0,1.4,18.0,0.4,0.6,0.3,-48.5,-15.0,170.1,10.4,9.0,191.9,18.0,0.3,0.6,0.3,-150.8,0.0,76.4,77.0,9.0,364.5,18.0,0.3,0.6,0.3,-0.22,5.0,5.55,3.18,5.0,3.24,20.0,0.2,0.4,0.4,-1.9,31.0,68.7,35.9,5.0,45.3,20.0,0.2,0.4,0.4,0.7,3.89,4.44,2.84,5.0,2.0,20.0,0.2,0.4,0.4,6.4,26.8,50.9,30.4,5.0,28.9,20.0,0.2,0.4,0.4,-73.9,-12.9,66.9,-2.9,9.0,99.5,18.0,0.3,0.6,0.3,-70.7,0.0,105.6,41.1,9.0,169.8,18.0,0.3,0.6,0.3,-50.6,-23.2,19.6,-21.1,7.0,49.5,20.0,0.1,0.5,0.3,-46.7,3.1,82.3,41.3,7.0,111.9,20.0,0.1,0.5,0.3,-11.5,-4.3,19.6,4.9,5.0,30.9,20.0,0.2,0.4,0.4,-40.6,-17.3,5.0,-18.4,5.0,24.2,20.0,0.2,0.4,0.4,351.5,941.0,5471.0,5698.0,9.0,11398.5,18.0,0.3,0.6,0.3,350.0,940.0,5470.0,5700.0,9.0,11400.0,18.0,0.3,0.6,0.3
1974,2,170.0,39.0,11.79,12.0,12.57,12.2,6.0,0.98,8.0,0.5,0.3,0.6,7.52,8.75,12.83,9.9,8.0,2.93,12.0,0.6,0.2,0.6,4.94,5.32,6.04,5.47,5.0,0.82,8.0,0.4,0.3,0.7,70.8,79.6,81.3,77.2,6.0,5.1,8.0,0.5,0.6,9.41,12.6,21.15,13.83,8.0,6.21,12.0,0.6,0.2,0.6,9.17,9.52,20.38,12.63,8.0,6.26,12.0,0.6,0.2,0.6,-7.11,1.59,3.67,-0.84,8.0,5.89,12.0,0.6,0.2,0.6,996.19,1000.0,1007.34,1003.36,7.0,11.01,12.0,0.6,0.2,0.6,5.0,6.0,6.0,5.7,7.0,0.8,10.0,0.6,0.3,0.6,86.8,117.2,441.5,207.4,8.0,174.9,12.0,0.6,0.2,0.6,-145.3,11.1,57.8,-18.4,8.0,96.2,12.0,0.6,0.2,0.6,2.88,4.25,4.6,3.67,6.0,1.63,8.0,0.5,0.3,0.6,34.3,53.8,75.4,52.5,6.0,28.7,8.0,0.5,0.3,0.6,2.75,3.54,3.7,3.24,5.0,0.7,8.0,0.4,0.3,0.7,29.5,36.5,65.8,46.5,5.0,24.5,8.0,0.4,0.3,0.7,69.3,95.4,146.4,120.9,8.0,70.8,12.0,0.6,0.2,0.6,-50.1,17.9,46.2,-0.9,8.0,54.8,12.0,0.6,0.2,0.6,50.2,62.9,94.3,70.4,5.0,23.1,8.0,0.4,0.3,0.7,-24.2,8.4,24.1,1.9,5.0,28.1,8.0,0.4,0.3,0.7,28.1,34.3,63.4,44.1,5.0,23.5,8.0,0.4,0.3,0.7,-18.5,5.8,10.1,-3.0,5.0,17.4,8.0,0.4,0.3,0.7,836.5,2123.0,9554.5,4059.0,8.0,4265.5,12.0,0.6,0.2,0.6,835.0,2125.0,9555.0,4060.0,8.0,4265.0,12.0,0.6,0.2,0.6
1974,2,170.0,40.0,10.52,11.65,13.14,11.83,4.0,1.71,10.0,0.0,0.6,0.6,5.05,6.95,7.75,6.43,4.0,1.77,10.0,0.0,0.6,0.6,4.0,4.76,5.34,4.67,4.0,0.81,10.0,0.0,0.6,0.6,67.5,82.0,88.7,78.2,4.0,15.2,10.0,0.0,0.6,5.36,7.75,10.09,7.73,4.0,2.83,10.0,0.0,0.6,0.6,4.67,5.85,7.88,6.26,4.0,1.97,10.0,0.0,0.6,0.6,-6.23,-3.58,-1.51,-3.86,4.0,3.41,10.0,0.0,0.6,0.6,999.95,1001.25,1011.19,1005.38,4.0,9.81,10.0,0.0,0.6,0.6,3.6,5.0,6.4,5.0,2.0,2.8,8.0,0.0,0.8,0.6,25.1,52.2,78.3,51.7,4.0,30.8,10.0,0.0,0.6,0.6,-60.9,-27.1,-11.8,-35.9,4.0,37.9,10.0,0.0,0.6,0.6,2.78,4.65,8.1,5.4,4.0,3.44,10.0,0.0,0.6,0.6,24.4,40.8,51.1,37.9,4.0,17.8,10.0,0.0,0.6,0.6,2.95,3.94,5.11,4.02,4.0,1.38,10.0,0.0,0.6,0.6,20.6,29.2,40.3,30.4,4.0,13.5,10.0,0.0,0.6,0.6,27.1,45.4,54.2,40.8,4.0,17.1,10.0,0.0,0.6,0.6,-48.4,-25.2,-9.4,-28.7,4.0,27.0,10.0,0.0,0.6,0.6,22.2,25.2,37.2,29.5,4.0,12.4,10.0,0.0,0.6,0.6,-25.9,-19.0,-8.3,-17.2,4.0,12.8,10.0,0.0,0.6,0.6,18.7,28.2,30.5,24.8,4.0,8.8,10.0,0.0,0.6,0.6,-24.4,-10.5,-4.7,-14.4,4.0,15.6,10.0,0.0,0.6,0.6,164.5,521.5,1043.0,600.0,4.0,535.5,10.0,0.0,0.6,0.6,165.0,520.0,1045.0,600.0,4.0,535.0,10.0,0.0,0.6,0.6
1974,2,170.0,41.0,9.17,10.5,11.0,10.19,7.0,1.01,16.0,0.4,0.5,0.5,4.38,9.0,11.0,7.97,7.0,3.26,16.0,0.4,0.5,0.5,4.35,5.79,7.09,5.83,7.0,1.32,16.0,0.4,0.5,0.5,80.0,86.8,93.3,86.1,7.0,6.2,16.0,0.4,0.5,7.2,9.3,10.5,9.49,7.0,2.55,16.0,0.4,0.5,0.5,2.17,4.93,6.84,4.37,7.0,4.25,16.0,0.4,0.5,0.5,-8.32,0.0,6.87,-0.5,7.0,8.42,16.0,0.4,0.5,0.5,996.24,1005.0,1025.33,1009.01,7.0,16.25,16.0,0.4,0.5,0.5,2.0,4.0,5.1,3.9,7.0,2.0,16.0,0.4,0.5,0.5,15.6,51.3,72.6,45.2,7.0,41.4,16.0,0.4,0.5,0.5,-80.6,0.0,50.8,-16.3,7.0,96.1,16.0,0.4,0.5,0.5,-0.56,2.0,5.67,2.21,7.0,3.24,16.0,0.4,0.5,0.5,-4.3,20.6,45.6,21.7,7.0,30.5,16.0,0.4,0.5,0.5,0.69,1.72,3.55,1.91,7.0,1.38,16.0,0.4,0.5,0.5,7.0,24.8,27.6,18.3,7.0,12.7,16.0,0.4,0.5,0.5,15.8,27.1,58.4,30.2,7.0,40.1,16.0,0.4,0.5,0.5,-34.2,0.0,75.6,17.0,7.0,63.9,16.0,0.4,0.5,0.5,16.4,25.9,35.7,23.0,7.0,25.4,16.0,0.4,0.5,0.5,-36.8,0.0,51.3,4.6,7.0,49.1,16.0,0.4,0.5,0.5,0.3,8.5,23.7,10.7,7.0,11.4,16.0,0.4,0.5,0.5,-23.7,0.0,6.3,-7.6,7.0,14.9,16.0,0.4,0.5,0.5,373.0,804.5,1183.0,1025.5,7.0,920.0,16.0,0.4,0.5,0.5,375.0,805.0,1185.0,1025.0,7.0,920.0,16.0,0.4,0.5,0.5
1974,2,170.0,42.0,11.0,11.0,11.0,11.0,1.0,0.0,8.0,0.0,0.9,0.5,4.2,4.2,4.2,4.2,1.0,0.0,8.0,0.0,0.9,0.5,4.23,4.23,4.23,4.23,1.0,0.0,8.0,0.0,0.9,0.5,82.0,82.0,82.0,82.0,1.0,0.0,8.0,0.0,0.5,13.9,13.9,13.9,13.9,1.0,0.0,8.0,0.0,0.9,0.5,-13.06,-13.06,-13.06,-13.06,1.0,0.0,8.0,0.0,0.9,0.5,-4.75,-4.75,-4.75,-4.75,1.0,0.0,8.0,0.0,0.9,0.5,1000.5,1000.5,1000.5,1000.5,1.0,0.0,8.0,0.0,0.9,0.5,8.0,8.0,8.0,8.0,1.0,0.0,8.0,0.0,0.9,0.5,-181.6,-181.6,-181.6,-181.6,1.0,0.0,8.0,0.0,0.9,0.5,-66.1,-66.1,-66.1,-66.1,1.0,0.0,8.0,0.0,0.9,0.5,6.8,6.8,6.8,6.8,1.0,0.0,8.0,0.0,0.9,0.5,94.5,94.5,94.5,94.5,1.0,0.0,8.0,0.0,0.9,0.5,4.0,4.0,4.0,4.0,1.0,0.0,8.0,0.0,0.9,0.5,55.6,55.6,55.6,55.6,1.0,0.0,8.0,0.0,0.9,0.5,-54.9,-54.9,-54.9,-54.9,1.0,0.0,8.0,0.0,0.9,0.5,-20.0,-20.0,-20.0,-20.0,1.0,0.0,8.0,0.0,0.9,0.5,-55.3,-55.3,-55.3,-55.3,1.0,0.0,8.0,0.0,0.9,0.5,-20.1,-20.1,-20.1,-20.1,1.0,0.0,8.0,0.0,0.9,0.5,-52.2,-52.2,-52.2,-52.2,1.0,0.0,8.0,0.0,0.9,0.5,-19.0,-19.0,-19.0,-19.0,1.0,0.0,8.0,0.0,0.9,0.5,2685.5,2685.5,2685.5,2685.5,1.0,0.0,8.0,0.0,0.9,0.5,2685.0,2685.0,2685.0,2685.0,1.0,0.0,8.0,0.0,0.9,0.5
1974,2,170.0,43.0,7.0,7.0,7.94,7.38,5.0,0.52,14.0,0.4,0.2,0.4,3.82,4.25,5.31,4.57,6.0,1.08,12.0,0.5,0.2,0.4,3.25,3.85,4.93,4.06,5.0,1.0,14.0,0.4,0.2,0.4,65.5,72.6,87.3,75.2,5.0,12.9,14.0,0.4,0.4,8.76,13.4,14.94,12.37,6.0,3.74,12.0,0.5,0.2,0.4,-1.66,12.08,14.94,7.92,6.0,9.77,12.0,0.5,0.2,0.4,-6.75,-4.53,0.0,-3.79,6.0,3.11,12.0,0.5,0.2,0.4,995.63,1002.5,1007.99,1002.28,5.0,7.19,14.0,0.4,0.2,0.4,4.8,5.5,6.4,5.7,6.0,1.4,12.0,0.5,0.2,0.4,-15.5,161.8,224.2,124.2,6.0,135.7,12.0,0.5,0.2,0.4,-65.1,-44.1,0.0,-40.3,6.0,36.7,12.0,0.5,0.2,0.4,1.82,2.5,3.68,2.7,5.0,1.04,14.0,0.4,0.2,0.4,24.7,36.0,45.3,36.0,5.0,15.0,14.0,0.4,0.2,0.4,1.46,2.47,3.18,2.38,5.0,0.99,14.0,0.4,0.2,0.4,19.9,34.7,40.3,31.4,5.0,12.7,14.0,0.4,0.2,0.4,-6.5,59.8,67.7,38.6,6.0,43.8,12.0,0.5,0.2,0.4,-29.9,-22.5,0.0,-18.1,6.0,15.0,12.0,0.5,0.2,0.4,26.6,55.7,61.3,42.4,5.0,37.1,14.0,0.4,0.2,0.4,-27.0,-13.6,0.0,-14.0,5.0,14.3,14.0,0.4,0.2,0.4,-1.3,19.0,40.3,17.7,5.0,29.8,14.0,0.4,0.2,0.4,-13.3,-5.5,0.0,-6.8,5.0,7.5,14.0,0.4,0.2,0.4,700.5,2416.0,3384.0,2306.0,6.0,1655.5,12.0,0.5,0.2,0.4,700.0,2415.0,3385.0,2305.0,6.0,1655.0,12.0,0.5,0.2,0.4
1974,2,170.0,44.0,5.66,6.0,6.68,6.17,3.0,0.76,14.0,0.3,0.3,0.4,1.9,4.0,7.14,4.5,4.0,4.12,16.0,0.3,0.4,0.3,3.15,4.25,4.31,3.74,3.0,0.96,14.0,0.3,0.3,0.4,74.1,85.0,85.0,79.6,3.0,9.2,14.0,0.3,0.4,5.34,8.5,13.81,9.53,4.0,5.59,16.0,0.3,0.4,0.3,-3.21,1.43,9.27,2.96,4.0,7.8,16.0,0.3,0.4,0.3,-5.01,2.79,8.72,1.9,4.0,8.65,16.0,0.3,0.4,0.3,999.79,1010.45,1024.26,1011.95,4.0,15.09,16.0,0.3,0.4,0.3,3.9,6.5,7.5,5.8,4.0,2.6,16.0,0.3,0.4,0.3,-16.0,18.8,141.2,60.6,4.0,112.0,16.0,0.3,0.4,0.3,-49.5,19.6,117.4,33.3,4.0,115.9,16.0,0.3,0.4,0.3,1.98,3.0,5.05,3.5,3.0,2.29,14.0,0.3,0.3,0.4,24.9,25.5,29.2,27.0,3.0,3.4,14.0,0.3,0.3,0.4,1.52,1.92,2.8,2.16,3.0,0.96,14.0,0.3,0.3,0.4,15.3,19.8,21.8,18.6,3.0,4.9,14.0,0.3,0.3,0.4,-12.0,10.3,37.1,12.4,4.0,31.9,16.0,0.3,0.4,0.3,-18.7,21.9,53.8,17.7,4.0,44.3,16.0,0.3,0.4,0.3,-0.3,21.9,45.6,22.6,3.0,33.6,14.0,0.3,0.3,0.4,-26.5,-1.9,31.8,2.5,3.0,42.9,14.0,0.3,0.3,0.4,-5.7,9.9,15.0,4.8,3.0,15.8,14.0,0.3,0.3,0.4,-12.4,-2.3,9.3,-1.6,3.0,15.9,14.0,0.3,0.3,0.4,179.5,696.5,3094.0,1594.0,4.0,2256.0,16.0,0.3,0.4,0.3,180.0,695.0,3095.0,1595.0,4.0,2255.0,16.0,0.3,0.4,0.3
1974,2,170.0,45.0,5.32,6.0,7.02,6.17,3.0,1.26,22.0,0.0,0.5,0.7,1.79,3.5,4.87,3.33,3.0,2.25,22.0,0.0,0.5,0.7,3.9,4.01,4.75,4.32,3.0,0.68,22.0,0.0,0.5,0.7,86.5,92.6,92.9,89.8,3.0,5.3,22.0,0.0,0.7,5.79,9.0,10.32,8.1,4.0,3.19,20.0,0.0,0.4,0.7,1.45,7.51,8.9,5.28,4.0,5.99,20.0,0.0,0.4,0.7,-0.59,1.02,5.01,2.16,4.0,4.29,20.0,0.0,0.4,0.7,1002.05,1019.7,1027.71,1015.1,4.0,16.49,20.0,0.0,0.4,0.7,4.0,4.0,6.7,5.3,3.0,2.3,18.0,0.0,0.4,0.6,24.8,70.6,85.2,55.8,4.0,47.2,20.0,0.0,0.4,0.7,-7.7,7.0,52.4,21.7,4.0,46.6,20.0,0.0,0.4,0.7,0.93,4.0,4.68,2.83,3.0,2.93,22.0,0.0,0.5,0.7,0.9,14.4,32.6,16.7,3.0,23.3,22.0,0.0,0.5,0.7,0.8,2.05,2.23,1.53,3.0,1.14,22.0,0.0,0.5,0.7,4.3,8.4,14.1,9.2,3.0,7.2,22.0,0.0,0.5,0.7,-5.9,8.1,28.6,11.3,3.0,25.4,22.0,0.0,0.5,0.7,1.7,2.2,31.8,16.4,3.0,25.2,22.0,0.0,0.5,0.7,0.2,31.1,34.0,17.4,3.0,27.5,22.0,0.0,0.5,0.7,3.5,5.5,30.5,16.7,3.0,22.1,22.0,0.0,0.5,0.7,-5.1,1.5,11.8,3.3,3.0,12.5,22.0,0.0,0.5,0.7,1.6,1.8,2.6,2.1,3.0,0.8,22.0,0.0,0.5,0.7,287.0,746.5,1108.0,699.5,4.0,523.0,20.0,0.0,0.4,0.7,285.0,745.0,1110.0,700.0,4.0,525.0,20.0,0.0,0.4,0.7
1974,2,170.0,46.0,2.43,3.5,5.36,3.55,10.0,1.8,14.0,0.5,0.4,0.5,0.21,2.5,3.79,2.35,10.0,1.89,14.0,0.5,0.4,0.5,3.26,3.54,4.33,3.75,10.0,0.65,14.0,0.5,0.4,0.5,73.9,86.6,90.5,82.9,10.0,10.2,14.0,0.5,0.5,5.1,9.55,15.32,9.68,10.0,5.02,14.0,0.5,0.4,0.5,-2.83,2.55,6.08,2.06,10.0,5.17,14.0,0.5,0.4,0.5,-12.26,-3.82,6.13,-3.35,10.0,9.24,14.0,0.5,0.4,0.5,991.0,1009.25,1018.93,1007.28,10.0,12.91,14.0,0.5,0.4,0.5,1.5,5.0,7.0,4.7,9.0,2.6,12.0,0.6,0.4,0.5,-13.9,14.9,87.2,32.3,10.0,75.7,14.0,0.5,0.4,0.5,-191.2,-20.8,48.3,-61.3,10.0,129.7,14.0,0.5,0.4,0.5,-2.07,2.5,3.29,1.2,10.0,2.89,14.0,0.5,0.4,0.5,-17.4,16.2,25.5,8.7,10.0,26.6,14.0,0.5,0.4,0.5,0.08,1.35,1.82,1.19,10.0,1.11,14.0,0.5,0.4,0.5,-0.5,8.3,23.4,11.5,10.0,13.7,14.0,0.5,0.4,0.5,-6.8,0.0,22.9,6.6,10.0,15.4,14.0,0.5,0.4,0.5,-30.7,-2.4,19.6,-4.1,10.0,32.0,14.0,0.5,0.4,0.5,-11.1,9.4,24.7,9.3,10.0,19.9,14.0,0.5,0.4,0.5,-45.4,-14.3,25.3,-10.0,10.0,35.9,14.0,0.5,0.4,0.5,-5.4,-1.0,7.3,-0.7,10.0,8.6,14.0,0.5,0.4,0.5,-21.1,-5.7,1.6,-9.4,10.0,12.7,14.0,0.5,0.4,0.5,132.5,873.0,3880.5,1630.5,10.0,2167.5,14.0,0.5,0.4,0.5,135.0,875.0,3880.0,1630.0,10.0,2165.0,14.0,0.5,0.4,0.5
1974,2,170.0,47.0,2.19,3.3,5.0,3.35,6.0,1.59,16.0,0.2,0.3,0.7,1.19,3.0,4.6,2.83,6.0,1.86,16.0,0.2,0.3,0.7,3.13,3.87,4.75,3.95,6.0,0.83,16.0,0.2,0.3,0.7,74.2,82.2,100.0,85.0,6.0,12.6,16.0,0.2,0.7,3.79,6.95,10.4,6.95,6.0,3.29,16.0,0.2,0.3,0.7,-4.13,0.32,4.42,0.27,6.0,4.83,16.0,0.2,0.3,0.7,-3.31,0.13,7.84,1.27,6.0,6.59,16.0,0.2,0.3,0.7,1009.99,1016.5,1023.29,1016.25,6.0,6.8,16.0,0.2,0.3,0.7,3.6,7.5,8.0,6.2,6.0,2.6,16.0,0.2,0.3,0.7,-36.9,5.3,30.2,3.8,6.0,40.4,16.0,0.2,0.3,0.7,-27.2,-0.7,66.8,11.6,6.0,65.0,16.0,0.2,0.3,0.7,-0.79,0.5,1.52,0.52,6.0,1.82,16.0,0.2,0.3,0.7,-4.6,1.3,13.1,3.1,6.0,12.3,16.0,0.2,0.3,0.7,0.14,0.8,1.75,0.86,6.0,1.01,16.0,0.2,0.3,0.7,0.8,3.2,14.4,5.7,6.0,8.1,16.0,0.2,0.3,0.7,-9.2,5.8,16.2,6.1,6.0,16.4,16.0,0.2,0.3,0.7,-11.5,-1.6,30.9,2.7,6.0,26.6,16.0,0.2,0.3,0.7,-17.4,3.8,17.2,2.1,6.0,18.4,16.0,0.2,0.3,0.7,-11.5,-0.2,39.3,7.9,6.0,29.1,16.0,0.2,0.3,0.7,-4.3,-1.5,4.0,-0.8,6.0,7.7,16.0,0.2,0.3,0.7,-6.4,-2.7,2.1,-3.0,6.0,5.9,16.0,0.2,0.3,0.7,58.5,347.5,1127.0,522.5,6.0,532.0,16.0,0.2,0.3,0.7,60.0,345.0,1125.0,520.0,6.0,530.0,16.0,0.2,0.3,0.7
1974,2,170.0,48.0,3.0,5.0,7.0,5.1,7.0,1.71,12.0,0.4,0.6,0.5,0.56,1.5,4.44,2.13,8.0,2.36,14.0,0.4,0.6,0.5,3.51,3.85,4.86,4.12,5.0,0.72,14.0,0.4,0.6,0.4,85.2,90.1,91.6,88.6,5.0,3.9,14.0,0.4,0.4,4.76,8.2,11.69,8.39,8.0,3.61,14.0,0.4,0.6,0.5,-7.64,-1.48,7.18,-0.32,8.0,7.13,14.0,0.4,0.6,0.5,-5.01,-1.49,8.08,0.61,8.0,6.49,14.0,0.4,0.6,0.5,997.31,1011.7,1017.83,1009.74,7.0,10.81,12.0,0.4,0.6,0.5,7.9,8.0,8.0,7.6,7.0,1.1,12.0,0.4,0.6,0.5,-64.7,-6.1,54.7,3.4,8.0,76.8,14.0,0.4,0.6,0.5,-30.6,-8.1,110.9,17.0,8.0,73.5,14.0,0.4,0.6,0.5,1.88,2.5,5.13,3.24,7.0,2.57,12.0,0.4,0.6,0.5,11.1,19.3,30.7,19.5,7.0,13.7,12.0,0.4,0.6,0.5,0.85,1.37,2.09,1.44,5.0,0.79,14.0,0.4,0.6,0.4,7.2,10.6,13.7,10.4,5.0,4.4,14.0,0.4,0.6,0.4,-6.5,1.5,31.3,8.1,8.0,19.5,14.0,0.4,0.6,0.5,-2.9,1.2,32.4,12.2,8.0,25.0,14.0,0.4,0.6,0.5,-29.9,-13.0,13.5,-7.5,5.0,28.1,14.0,0.4,0.6,0.4,-13.5,0.0,24.5,6.8,5.0,30.5,14.0,0.4,0.6,0.4,-12.3,-8.4,3.9,-4.7,5.0,10.2,14.0,0.4,0.6,0.4,-5.8,0.0,3.5,-0.9,5.0,4.8,14.0,0.4,0.6,0.4,110.5,557.5,1600.5,883.0,8.0,923.0,14.0,0.4,0.6,0.5,110.0,560.0,1600.0,885.0,8.0,925.0,14.0,0.4,0.6,0.5
1974,2,170.0,49.0,2.06,3.95,4.93,3.73,8.0,1.45,12.0,0.1,0.2,0.3,1.22,3.5,4.49,3.24,8.0,1.52,12.0,0.1,0.2,0.3,3.29,3.5,4.49,3.67,7.0,0.7,12.0,0.1,0.2,0.4,68.9,80.4,86.7,76.8,7.0,13.7,12.0,0.1,0.4,6.76,9.8,11.69,9.4,8.0,2.48,12.0,0.1,0.2,0.3,-6.24,-1.85,4.58,-1.7,8.0,5.52,12.0,0.1,0.2,0.3,-2.27,5.27,11.62,4.67,8.0,6.96,12.0,0.1,0.2,0.3,990.19,1004.75,1019.2,1005.03,8.0,13.55,12.0,0.1,0.2,0.3,4.2,6.5,7.9,6.3,8.0,1.6,12.0,0.1,0.2,0.3,-41.9,-18.1,39.9,-13.2,8.0,46.9,12.0,0.1,0.2,0.3,-15.1,53.4,136.0,58.5,8.0,77.0,12.0,0.1,0.2,0.3,-1.0,-0.55,2.94,0.49,8.0,2.34,12.0,0.1,0.2,0.3,-10.6,-6.4,19.9,0.1,8.0,18.9,12.0,0.1,0.2,0.3,0.63,1.78,1.9,1.37,7.0,0.79,12.0,0.1,0.2,0.4,7.8,11.6,17.6,11.6,7.0,6.2,12.0,0.1,0.2,0.4,-12.2,-2.9,19.4,-1.0,8.0,16.8,12.0,0.1,0.2,0.3,-2.3,20.2,51.6,22.5,8.0,29.1,12.0,0.1,0.2,0.3,-21.4,0.0,21.4,-4.0,7.0,21.8,12.0,0.1,0.2,0.4,-7.8,5.7,42.9,15.7,7.0,28.0,12.0,0.1,0.2,0.4,-11.0,0.0,1.9,-2.0,7.0,9.2,12.0,0.1,0.2,0.4,-4.3,1.4,8.9,2.3,7.0,9.9,12.0,0.1,0.2,0.4,309.0,948.5,1600.5,982.5,8.0,687.0,12.0,0.1,0.2,0.3,310.0,950.0,1600.0,980.0,8.0,685.0,12.0,0.1,0.2,0.3
1974,2,170.0,50.0,3.16,3.5,3.5,3.33,3.0,0.29,18.0,0.3,0.5,0.4,-1.89,0.5,3.23,0.67,3.0,3.75,16.0,0.3,0.6,0.4,3.05,3.47,3.89,3.47,2.0,0.87,16.0,0.5,0.5,0.3,73.7,75.4,77.2,75.4,2.0,3.6,16.0,0.5,0.3,10.53,17.25,19.36,15.05,4.0,6.85,18.0,0.3,0.5,0.4,-11.21,1.12,11.05,-0.02,4.0,14.28,18.0,0.3,0.5,0.4,-8.08,-4.46,7.3,-0.58,4.0,12.02,18.0,0.3,0.5,0.4,1007.0,1009.5,1012.26,1009.63,4.0,3.04,18.0,0.3,0.5,0.4,7.5,8.0,8.0,7.8,4.0,0.5,18.0,0.3,0.5,0.4,-202.0,45.4,186.8,-5.2,4.0,266.5,18.0,0.3,0.5,0.4,-155.5,-54.9,151.5,-4.4,4.0,221.1,18.0,0.3,0.5,0.4,-0.37,1.0,2.37,1.0,2.0,2.83,16.0,0.5,0.5,0.3,-7.3,15.8,38.8,15.8,2.0,47.7,16.0,0.5,0.5,0.3,0.99,1.4,1.81,1.4,2.0,0.85,16.0,0.5,0.5,0.3,17.3,23.7,30.1,23.7,2.0,13.2,16.0,0.5,0.5,0.3,9.0,11.7,22.6,15.7,3.0,10.6,16.0,0.3,0.6,0.4,1.2,9.8,55.1,27.7,3.0,42.4,16.0,0.3,0.6,0.4,28.2,34.7,41.2,34.7,2.0,13.5,16.0,0.5,0.5,0.3,-2.6,26.5,55.6,26.5,2.0,60.3,16.0,0.5,0.5,0.3,9.1,18.0,26.9,18.0,2.0,18.5,16.0,0.5,0.5,0.3,-7.4,1.1,9.6,1.1,2.0,17.6,16.0,0.5,0.5,0.3,2208.0,5162.0,7356.5,4799.5,4.0,3581.5,18.0,0.3,0.5,0.4,2210.0,5160.0,7355.0,4800.0,4.0,3580.0,18.0,0.3,0.5,0.4
1974,2,170.0,51.0,4.5,4.5,4.76,4.63,4.0,0.25,12.0,0.5,0.2,0.2,0.95,2.25,3.81,2.38,4.0,2.06,16.0,0.3,0.2,0.3,3.47,3.51,4.26,3.85,3.0,0.65,16.0,0.3,0.2,0.2,79.3,85.1,89.1,84.2,3.0,7.2,16.0,0.3,0.2,8.17,10.3,18.43,12.98,5.0,6.85,12.0,0.4,0.2,0.3,-12.22,-1.61,1.29,-5.45,5.0,10.55,12.0,0.4,0.2,0.3,-4.28,4.12,9.35,1.93,5.0,10.22,12.0,0.4,0.2,0.3,998.95,1008.6,1012.97,1006.92,5.0,8.52,12.0,0.4,0.2,0.3,7.0,7.0,7.7,7.3,3.0,0.6,12.0,0.3,0.2,0.3,-224.9,-15.0,13.3,-113.6,5.0,247.1,12.0,0.4,0.2,0.3,-78.3,85.2,98.3,11.7,5.0,143.6,12.0,0.4,0.2,0.3,0.29,2.0,3.71,2.0,3.0,2.5,16.0,0.3,0.2,0.2,9.8,41.9,45.6,28.0,3.0,28.9,16.0,0.3,0.2,0.2,0.99,1.77,1.78,1.39,3.0,0.67,16.0,0.3,0.2,0.2,9.7,16.6,34.0,21.7,3.0,18.3,16.0,0.3,0.2,0.2,-36.1,-5.8,9.2,-13.1,4.0,32.5,16.0,0.3,0.2,0.3,2.0,7.3,30.3,15.7,4.0,22.2,16.0,0.3,0.2,0.3,-57.7,-5.6,9.3,-23.7,3.0,51.5,16.0,0.3,0.2,0.2,19.9,31.6,40.5,30.2,3.0,15.1,16.0,0.3,0.2,0.2,-29.2,-2.9,0.6,-14.0,3.0,23.8,16.0,0.3,0.2,0.2,6.4,7.3,13.5,9.9,3.0,5.6,16.0,0.3,0.2,0.2,597.5,1092.5,7180.0,3820.0,5.0,5465.5,12.0,0.4,0.2,0.3,600.0,1095.0,7180.0,3820.0,5.0,5465.0,12.0,0.4,0.2,0.3
1974,2,170.0,52.0,1.31,2.75,4.29,2.74,10.0,1.57,16.0,0.4,0.5,0.6,-1.0,0.0,1.86,0.45,10.0,2.01,16.0,0.4,0.5,0.6,3.28,3.52,4.53,3.73,7.0,0.63,16.0,0.3,0.5,0.7,81.9,86.9,100.0,90.8,7.0,8.9,16.0,0.3,0.7,5.64,11.05,19.7,11.99,10.0,6.24,16.0,0.4,0.5,0.6,-9.78,-2.8,12.54,-0.27,10.0,11.78,16.0,0.4,0.5,0.6,-5.47,0.0,7.45,0.95,10.0,7.67,16.0,0.4,0.5,0.6,1003.71,1012.25,1020.0,1012.54,10.0,7.53,16.0,0.4,0.5,0.6,3.3,7.5,8.0,6.3,8.0,2.4,14.0,0.5,0.6,0.6,-113.4,-18.5,250.5,32.8,10.0,217.8,16.0,0.4,0.5,0.6,-68.3,0.0,72.4,14.8,10.0,110.1,16.0,0.4,0.5,0.6,-0.57,3.0,4.34,2.29,10.0,2.72,16.0,0.4,0.5,0.6,-7.4,17.3,74.9,27.6,10.0,39.6,16.0,0.4,0.5,0.6,-0.02,1.24,1.71,0.93,7.0,0.87,16.0,0.3,0.5,0.7,-0.2,6.7,26.3,13.4,7.0,15.5,16.0,0.3,0.5,0.7,-5.6,0.0,5.6,-1.8,10.0,11.0,16.0,0.4,0.5,0.6,-5.7,0.0,25.2,7.9,10.0,19.7,16.0,0.4,0.5,0.6,-33.6,-7.2,63.8,6.2,7.0,48.1,16.0,0.3,0.5,0.7,-28.0,0.0,48.0,5.9,7.0,37.7,16.0,0.3,0.5,0.7,-5.1,-0.6,26.3,7.2,7.0,17.8,16.0,0.3,0.5,0.7,-5.1,-0.9,0.0,-4.0,7.0,7.2,16.0,0.3,0.5,0.7,235.0,1368.0,7709.5,3021.0,10.0,3516.0,16.0,0.4,0.5,0.6,235.0,1370.0,7710.0,3020.0,10.0,3515.0,16.0,0.4,0.5,0.6
1974,2,170.0,53.0,1.34,2.25,3.79,2.55,4.0,1.52,16.0,0.0,0.6,0.6,0.48,1.15,2.19,1.33,4.0,1.25,16.0,0.0,0.6,0.6,3.79,3.79,3.79,3.79,1.0,0.0,10.0,0.0,0.3,0.4,91.7,91.7,91.7,91.7,1.0,0.0,10.0,0.0,0.4,13.28,15.4,17.26,15.28,4.0,2.77,16.0,0.0,0.6,0.6,-15.06,-12.81,-0.18,-7.86,4.0,12.18,16.0,0.0,0.6,0.6,1.35,7.17,10.79,6.12,4.0,6.17,16.0,0.0,0.6,0.6,989.73,1008.55,1024.28,1007.08,4.0,20.16,16.0,0.0,0.6,0.6,5.3,6.0,6.7,6.0,3.0,1.0,20.0,0.0,0.6,0.7,-254.6,-172.9,19.9,-119.9,4.0,199.2,16.0,0.0,0.6,0.6,23.5,123.5,182.9,104.1,4.0,99.6,16.0,0.0,0.6,0.6,0.1,0.7,2.4,1.23,4.0,1.6,16.0,0.0,0.6,0.6,1.5,10.5,42.4,21.5,4.0,29.9,16.0,0.0,0.6,0.6,1.52,1.52,1.52,1.52,1.0,0.0,10.0,0.0,0.3,0.4,28.0,28.0,28.0,28.0,1.0,0.0,10.0,0.0,0.3,0.4,-25.9,-8.0,7.0,-9.4,4.0,20.8,16.0,0.0,0.6,0.6,-3.2,4.6,12.7,4.7,4.0,9.7,16.0,0.0,0.6,0.6,-60.8,-60.8,-60.8,-60.8,1.0,0.0,10.0,0.0,0.3,0.4,35.1,35.1,35.1,35.1,1.0,0.0,10.0,0.0,0.3,0.4,-24.3,-24.3,-24.3,-24.3,1.0,0.0,10.0,0.0,0.3,0.4,14.0,14.0,14.0,14.0,1.0,0.0,10.0,0.0,0.3,0.4,2435.5,3664.0,5231.0,3825.5,4.0,1945.0,16.0,0.0,0.6,0.6,2435.0,3665.0,5230.0,3825.0,4.0,1945.0,16.0,0.0,0.6,0.6
1974,2,170.0,54.0,,,,,,,,,,,,,,,,,,,,,,,,,,,,,,,,,,,,,,,,5.1,5.1,5.1,5.1,1.0,0.0,12.0,0.0,0.8,0.3,-1.74,-1.74,-1.74,-1.74,1.0,0.0,12.0,0.0,0.8,0.3,4.79,4.79,4.79,4.79,1.0,0.0,12.0,0.0,0.8,0.3,987.7,987.7,987.7,987.7,1.0,0.0,12.0,0.0,0.8,0.3,,,,,,,,,,,,,,,,,,,,,,,,,,,,,,,,,,,,,,,,,,,,,,,,,,,,,,,,,,,,,,,,,,,,,,,,,,,,,,,,,,,,,,,,,,,,,,,,,,,,,,,,,,,,,,,,,,,,,,,,,,,,,,,,,,,,,,,,,,,,,,,,,,,,,,
1974,2,170.0,55.0,,,,,,,,,,,,,,,,,,,,,,,,,,,,,,,,,,,,,,,,18.0,18.0,18.0,18.0,1.0,0.0,14.0,0.0,0.2,0.0,-13.79,-13.79,-13.79,-13.79,1.0,0.0,14.0,0.0,0.2,0.0,-11.57,-11.57,-11.57,-11.57,1.0,0.0,14.0,0.0,0.2,0.0,1002.02,1004.85,1007.68,1004.85,2.0,5.87,12.0,0.0,0.1,0.1,,,,,,,,,,,,,,,,,,,,,,,,,,,,,,,,,,,,,,,,,,,,,,,,,,,,,,,,,,,,,,,,,,,,,,,,,,,,,,,,,,,,,,,,,,,,,,,,,,,,,,,,,,,,,,,,,,,,,,,,,,,,,,,,,,,,,,,,,,,,,,,,,,,,,,
1974,2,170.0,56.0,,,,,,,,,,,,,,,,,,,,,,,,,,,,,,,,,,,,,,,,10.44,14.4,15.95,13.25,4.0,3.66,10.0,0.3,0.4,0.4,-14.47,-7.16,7.58,-3.62,4.0,14.34,10.0,0.3,0.4,0.4,-4.23,0.0,1.46,-1.32,4.0,4.69,10.0,0.3,0.4,0.4,999.77,1008.6,1013.96,1006.3,5.0,10.84,8.0,0.2,0.3,0.4,,,,,,,,,,,,,,,,,,,,,,,,,,,,,,,,,,,,,,,,,,,,,,,,,,,,,,,,,,,,,,,,,,,,,,,,,,,,,,,,,,,,,,,,,,,,,,,,,,,,,,,,,,,,,,,,,,,,,,,,,,,,,,,,,,,,,,,,,,,,,,,,,,,,,,
1974,2,170.0,57.0,,,,,,,,,,,,,,,,,,,,,,,,,,,,,,,,,,,,,,,,8.7,8.7,8.7,8.7,1.0,0.0,10.0,0.0,0.1,0.5,-2.98,-2.98,-2.98,-2.98,1.0,0.0,10.0,0.0,0.1,0.5,-8.18,-8.18,-8.18,-8.18,1.0,0.0,10.0,0.0,0.1,0.5,1027.8,1027.8,1027.8,1027.8,1.0,0.0,10.0,0.0,0.1,0.5,,,,,,,,,,,,,,,,,,,,,,,,,,,,,,,,,,,,,,,,,,,,,,,,,,,,,,,,,,,,,,,,,,,,,,,,,,,,,,,,,,,,,,,,,,,,,,,,,,,,,,,,,,,,,,,,,,,,,,,,,,,,,,,,,,,,,,,,,,,,,,,,,,,,,,
1974,2,170.0,58.0,,,,,,,,,,,,,,,,,,,,,,,,,,,,,,,,,,,,,,,,1.0,1.0,1.0,1.0,1.0,0.0,28.0,0.0,0.7,0.9,0.64,0.64,0.64,0.64,1.0,0.0,28.0,0.0,0.7,0.9,-0.77,-0.77,-0.77,-0.77,1.0,0.0,28.0,0.0,0.7,0.9,1018.0,1018.0,1018.0,1018.0,1.0,0.0,28.0,0.0,0.7,0.9,,,,,,,,,,,,,,,,,,,,,,,,,,,,,,,,,,,,,,,,,,,,,,,,,,,,,,,,,,,,,,,,,,,,,,,,,,,,,,,,,,,,,,,,,,,,,,,,,,,,,,,,,,,,,,,,,,,,,,,,,,,,,,,,,,,,,,,,,,,,,,,,,,,,,,
1974,2,170.0,59.0,,,,,,,,,,,,,,,,,,,,,,,,,,,,,,,,,,,,,,,,2.64,8.7,12.0,7.29,17.0,4.7,26.0,0.4,0.6,0.3,-7.02,-1.05,8.77,-0.31,17.0,7.41,26.0,0.4,0.6,0.3,-4.93,0.71,3.87,-0.36,17.0,4.83,26.0,0.4,0.6,0.3,1002.68,1008.7,1016.45,1009.63,17.0,8.26,26.0,0.4,0.6,0.3,,,,,,,,,,,,,,,,,,,,,,,,,,,,,,,,,,,,,,,,,,,,,,,,,,,,,,,,,,,,,,,,,,,,,,,,,,,,,,,,,,,,,,,,,,,,,,,,,,,,,,,,,,,,,,,,,,,,,,,,,,,,,,,,,,,,,,,,,,,,,,,,,,,,,,
1974,2,171.0,-77.0,,,,,,,,,,,,,,,,,,,,,,,,,,,,,,,,,,,,,,,,10.8,10.8,10.8,10.8,1.0,0.0,16.0,1.0,0.3,0.6,-9.35,-9.35,-9.35,-9.35,1.0,0.0,16.0,1.0,0.3,0.6,5.4,5.4,5.4,5.4,1.0,0.0,16.0,1.0,0.3,0.6,969.6,969.6,969.6,969.6,1.0,0.0,16.0,1.0,0.3,0.6,8.0,8.0,8.0,8.0,1.0,0.0,16.0,1.0,0.3,0.6,-101.0,-101.0,-101.0,-101.0,1.0,0.0,16.0,1.0,0.3,0.6,58.3,58.3,58.3,58.3,1.0,0.0,16.0,1.0,0.3,0.6,,,,,,,,,,,,,,,,,,,,,,,,,,,,,,,,,,,,,,,,,44.9,44.9,44.9,44.9,1.0,0.0,16.0,1.0,0.3,0.6,-25.9,-25.9,-25.9,-25.9,1.0,0.0,16.0,1.0,0.3,0.6,-21.2,-21.2,-21.2,-21.2,1.0,0.0,16.0,1.0,0.3,0.6,12.2,12.2,12.2,12.2,1.0,0.0,16.0,1.0,0.3,0.6,,,,,,,,,,,,,,,,,,,,,,,,,,,,,,,,,,,,,,,,
1974,2,171.0,-75.0,0.2,0.2,0.2,0.2,1.0,0.0,12.0,1.0,0.0,0.9,-0.38,-0.35,-0.32,-0.35,2.0,0.07,8.0,1.0,0.0,0.8,2.54,2.65,2.75,2.65,2.0,0.21,8.0,1.0,0.0,0.8,67.2,70.1,73.0,70.1,2.0,6.0,8.0,1.0,0.8,2.84,3.35,3.86,3.35,2.0,1.06,8.0,1.0,0.0,0.8,0.96,1.48,2.01,1.48,2.0,1.09,8.0,1.0,0.0,0.8,-3.19,-1.37,0.45,-1.37,2.0,3.77,8.0,1.0,0.0,0.8,988.12,988.15,988.18,988.15,2.0,0.07,8.0,1.0,0.0,0.8,4.5,5.5,6.5,5.5,2.0,2.1,8.0,1.0,0.0,0.8,3.4,4.4,5.4,4.4,2.0,2.1,8.0,1.0,0.0,0.8,-13.4,-6.6,0.2,-6.6,2.0,14.1,8.0,1.0,0.0,0.8,0.6,0.6,0.6,0.6,1.0,0.0,12.0,1.0,0.0,0.9,2.5,2.5,2.5,2.5,1.0,0.0,12.0,1.0,0.0,0.9,1.13,1.13,1.13,1.13,1.0,0.0,12.0,1.0,0.0,0.9,4.6,4.6,4.6,4.6,1.0,0.0,12.0,1.0,0.0,0.9,-0.6,-0.5,-0.3,-0.5,2.0,0.3,8.0,1.0,0.0,0.8,-0.1,0.6,1.3,0.6,2.0,1.4,8.0,1.0,0.0,0.8,2.6,3.8,5.0,3.8,2.0,2.6,8.0,1.0,0.0,0.8,-9.0,-4.0,0.9,-4.0,2.0,10.3,8.0,1.0,0.0,0.8,0.8,0.8,0.8,0.8,1.0,0.0,12.0,1.0,0.0,0.9,-4.6,-4.6,-4.6,-4.6,1.0,0.0,12.0,1.0,0.0,0.9,25.5,43.0,61.0,43.0,2.0,36.5,8.0,1.0,0.0,0.8,25.0,45.0,60.0,45.0,2.0,35.0,8.0,1.0,0.0,0.8
1974,2,171.0,-74.0,-0.4,-0.4,-0.4,-0.4,1.0,0.0,12.0,1.0,0.7,0.7,-0.9,-0.9,-0.9,-0.9,1.0,0.0,12.0,1.0,0.7,0.7,3.08,3.08,3.08,3.08,1.0,0.0,12.0,1.0,0.7,0.7,85.0,85.0,85.0,85.0,1.0,0.0,12.0,1.0,0.7,4.1,4.1,4.1,4.1,1.0,0.0,12.0,1.0,0.7,0.7,-0.71,-0.71,-0.71,-0.71,1.0,0.0,12.0,1.0,0.7,0.7,-4.04,-4.04,-4.04,-4.04,1.0,0.0,12.0,1.0,0.7,0.7,989.9,989.9,989.9,989.9,1.0,0.0,12.0,1.0,0.7,0.7,2.0,2.0,2.0,2.0,1.0,0.0,12.0,1.0,0.7,0.7,-2.9,-2.9,-2.9,-2.9,1.0,0.0,12.0,1.0,0.7,0.7,-16.6,-16.6,-16.6,-16.6,1.0,0.0,12.0,1.0,0.7,0.7,0.5,0.5,0.5,0.5,1.0,0.0,12.0,1.0,0.7,0.7,2.1,2.1,2.1,2.1,1.0,0.0,12.0,1.0,0.7,0.7,0.68,0.68,0.68,0.68,1.0,0.0,12.0,1.0,0.7,0.7,2.8,2.8,2.8,2.8,1.0,0.0,12.0,1.0,0.7,0.7,0.6,0.6,0.6,0.6,1.0,0.0,12.0,1.0,0.7,0.7,3.6,3.6,3.6,3.6,1.0,0.0,12.0,1.0,0.7,0.7,-2.2,-2.2,-2.2,-2.2,1.0,0.0,12.0,1.0,0.7,0.7,-12.4,-12.4,-12.4,-12.4,1.0,0.0,12.0,1.0,0.7,0.7,-0.5,-0.5,-0.5,-0.5,1.0,0.0,12.0,1.0,0.7,0.7,-2.7,-2.7,-2.7,-2.7,1.0,0.0,12.0,1.0,0.7,0.7,69.0,69.0,69.0,69.0,1.0,0.0,12.0,1.0,0.7,0.7,70.0,70.0,70.0,70.0,1.0,0.0,12.0,1.0,0.7,0.7
1974,2,171.0,-72.0,0.02,0.05,0.08,0.05,2.0,0.07,8.0,1.0,0.7,0.9,-2.29,-2.05,-1.81,-2.05,2.0,0.49,8.0,1.0,0.7,0.9,2.43,2.54,2.65,2.54,2.0,0.22,8.0,1.0,0.7,0.9,73.3,75.5,77.7,75.5,2.0,4.6,8.0,1.0,0.9,3.74,6.2,8.66,6.2,2.0,5.09,8.0,1.0,0.7,0.9,0.41,1.28,2.15,1.28,2.0,1.81,8.0,1.0,0.7,0.9,1.18,4.67,8.17,4.67,2.0,7.25,8.0,1.0,0.7,0.9,975.31,979.85,984.39,979.85,2.0,9.4,8.0,1.0,0.7,0.9,1.5,2.5,3.5,2.5,2.0,2.1,8.0,1.0,0.7,0.9,1.1,3.3,5.6,3.3,2.0,4.7,8.0,1.0,0.7,0.9,14.3,47.4,80.6,47.4,2.0,68.7,8.0,1.0,0.7,0.9,1.83,2.1,2.37,2.1,2.0,0.57,8.0,1.0,0.7,0.9,8.1,11.6,15.0,11.6,2.0,7.2,8.0,1.0,0.7,0.9,1.25,1.38,1.52,1.38,2.0,0.28,8.0,1.0,0.7,0.9,5.3,7.8,10.4,7.8,2.0,5.3,8.0,1.0,0.7,0.9,-5.2,-3.1,-1.0,-3.1,2.0,4.3,8.0,1.0,0.7,0.9,-13.8,-7.8,-1.7,-7.8,2.0,12.5,8.0,1.0,0.7,0.9,1.0,3.1,5.1,3.1,2.0,4.3,8.0,1.0,0.7,0.9,3.3,12.7,22.1,12.7,2.0,19.5,8.0,1.0,0.7,0.9,0.6,2.0,3.4,2.0,2.0,2.9,8.0,1.0,0.7,0.9,1.2,5.4,9.6,5.4,2.0,8.7,8.0,1.0,0.7,0.9,164.0,479.5,794.5,479.5,2.0,653.0,8.0,1.0,0.7,0.9,165.0,480.0,795.0,480.0,2.0,655.0,8.0,1.0,0.7,0.9
1974,2,171.0,-71.0,-0.04,0.3,0.37,0.17,3.0,0.32,6.0,1.0,0.6,0.6,-3.1,-1.6,-1.6,-2.33,3.0,1.27,6.0,1.0,0.6,0.6,2.67,2.69,2.71,2.69,2.0,0.04,6.0,1.0,0.8,0.7,72.5,77.0,78.2,75.4,3.0,4.4,6.0,1.0,0.6,5.04,10.3,10.98,8.07,3.0,4.76,6.0,1.0,0.6,0.6,-3.76,-3.52,0.55,-1.65,3.0,3.55,6.0,1.0,0.6,0.6,3.68,9.68,10.32,7.06,3.0,5.37,6.0,1.0,0.6,0.6,985.06,985.4,985.74,985.4,2.0,0.71,6.0,1.0,0.8,0.7,2.3,3.0,4.4,3.3,3.0,1.5,6.0,1.0,0.6,0.6,-41.3,-36.3,-7.2,-24.5,3.0,27.0,6.0,1.0,0.6,0.6,33.2,99.7,113.5,74.0,3.0,62.9,6.0,1.0,0.6,0.6,1.56,1.9,3.47,2.5,3.0,1.49,6.0,1.0,0.6,0.6,12.0,14.4,19.2,15.6,3.0,5.4,6.0,1.0,0.6,0.6,1.14,1.21,1.28,1.21,2.0,0.14,6.0,1.0,0.8,0.7,11.9,13.1,14.3,13.1,2.0,2.4,6.0,1.0,0.8,0.7,-4.5,5.6,6.0,0.8,3.0,8.8,6.0,1.0,0.6,0.6,-16.5,-15.5,-7.2,-12.0,3.0,7.5,6.0,1.0,0.6,0.6,-10.2,-9.9,-9.7,-9.9,2.0,0.5,6.0,1.0,0.8,0.7,26.6,27.3,27.9,27.3,2.0,1.4,6.0,1.0,0.8,0.7,-4.9,-4.5,-4.1,-4.5,2.0,0.8,6.0,1.0,0.8,0.7,11.2,12.3,13.4,12.3,2.0,2.3,6.0,1.0,0.8,0.7,359.0,1092.5,1332.0,851.0,3.0,743.0,6.0,1.0,0.6,0.6,360.0,1095.0,1330.0,850.0,3.0,745.0,6.0,1.0,0.6,0.6
1974,2,171.0,-70.0,-1.01,-0.6,-0.19,-0.6,2.0,0.85,4.0,1.0,0.4,0.9,-1.43,-0.85,-0.27,-0.85,2.0,1.2,4.0,1.0,0.4,0.9,2.7,2.7,2.7,2.7,1.0,0.0,6.0,1.0,0.8,0.7,78.8,78.8,78.8,78.8,1.0,0.0,6.0,1.0,0.7,7.69,8.75,9.81,8.75,2.0,2.19,4.0,1.0,0.4,0.9,-1.5,-0.89,-0.28,-0.89,2.0,1.26,4.0,1.0,0.4,0.9,-4.45,1.47,7.39,1.47,2.0,12.26,4.0,1.0,0.4,0.9,984.72,986.9,989.08,986.9,2.0,4.53,4.0,1.0,0.4,0.9,6.3,7.0,7.7,7.0,2.0,1.4,4.0,1.0,0.4,0.9,-15.5,-9.2,-2.9,-9.2,2.0,13.0,4.0,1.0,0.4,0.9,-27.0,26.3,79.7,26.3,2.0,110.5,4.0,1.0,0.4,0.9,-0.74,0.25,1.24,0.25,2.0,2.05,4.0,1.0,0.4,0.9,-4.5,4.4,13.4,4.4,2.0,18.5,4.0,1.0,0.4,0.9,1.19,1.19,1.19,1.19,1.0,0.0,6.0,1.0,0.8,0.7,12.2,12.2,12.2,12.2,1.0,0.0,6.0,1.0,0.8,0.7,0.5,1.5,2.6,1.5,2.0,2.2,4.0,1.0,0.4,0.9,-14.5,-8.6,-2.7,-8.6,2.0,12.2,4.0,1.0,0.4,0.9,-4.8,-4.8,-4.8,-4.8,1.0,0.0,6.0,1.0,0.8,0.7,27.4,27.4,27.4,27.4,1.0,0.0,6.0,1.0,0.8,0.7,-2.1,-2.1,-2.1,-2.1,1.0,0.0,6.0,1.0,0.8,0.7,12.0,12.0,12.0,12.0,1.0,0.0,6.0,1.0,0.8,0.7,487.5,733.0,978.5,733.0,2.0,508.5,4.0,1.0,0.4,0.9,485.0,735.0,980.0,735.0,2.0,510.0,4.0,1.0,0.4,0.9
1974,2,171.0,-69.0,0.32,0.35,0.38,0.35,2.0,0.07,6.0,0.5,0.9,0.5,-1.68,-1.65,-1.62,-1.65,2.0,0.07,6.0,0.5,0.9,0.5,2.5,2.59,2.69,2.59,2.0,0.2,6.0,0.5,0.9,0.5,72.5,75.1,77.6,75.1,2.0,5.3,6.0,0.5,0.5,9.03,9.75,10.47,9.75,2.0,1.48,6.0,0.5,0.9,0.5,-6.31,-4.96,-3.61,-4.96,2.0,2.8,6.0,0.5,0.9,0.5,8.19,8.22,8.26,8.22,2.0,0.07,6.0,0.5,0.9,0.5,982.36,982.5,982.64,982.5,2.0,0.28,6.0,0.5,0.9,0.5,3.6,5.0,6.4,5.0,2.0,2.8,6.0,0.5,0.9,0.5,-67.2,-50.4,-33.7,-50.4,2.0,34.7,6.0,0.5,0.9,0.5,74.0,80.2,86.5,80.2,2.0,12.9,6.0,0.5,0.9,0.5,2.0,2.0,2.0,2.0,2.0,0.0,6.0,0.5,0.9,0.5,18.1,19.5,20.9,19.5,2.0,3.0,6.0,0.5,0.9,0.5,1.32,1.4,1.49,1.4,2.0,0.17,6.0,0.5,0.9,0.5,12.0,13.8,15.7,13.8,2.0,3.8,6.0,0.5,0.9,0.5,5.9,8.3,10.7,8.3,2.0,5.0,6.0,0.5,0.9,0.5,-13.9,-13.6,-13.2,-13.6,2.0,0.7,6.0,0.5,0.9,0.5,-15.6,-12.6,-9.5,-12.6,2.0,6.3,6.0,0.5,0.9,0.5,20.6,21.3,22.0,21.3,2.0,1.4,6.0,0.5,0.9,0.5,-9.5,-7.2,-4.9,-7.2,2.0,4.8,6.0,0.5,0.9,0.5,10.8,11.6,12.3,11.6,2.0,1.5,6.0,0.5,0.9,0.5,754.0,959.0,1164.5,959.0,2.0,425.0,6.0,0.5,0.9,0.5,755.0,960.0,1165.0,960.0,2.0,425.0,6.0,0.5,0.9,0.5
1974,2,171.0,-68.0,0.5,0.5,0.5,0.5,1.0,0.0,6.0,0.0,0.9,0.5,-1.2,-1.2,-1.2,-1.2,1.0,0.0,6.0,0.0,0.9,0.5,2.9,2.9,2.9,2.9,1.0,0.0,6.0,0.0,0.9,0.5,81.3,81.3,81.3,81.3,1.0,0.0,6.0,0.0,0.5,6.2,6.2,6.2,6.2,1.0,0.0,6.0,0.0,0.9,0.5,-2.12,-2.12,-2.12,-2.12,1.0,0.0,6.0,0.0,0.9,0.5,5.83,5.83,5.83,5.83,1.0,0.0,6.0,0.0,0.9,0.5,982.1,982.1,982.1,982.1,1.0,0.0,6.0,0.0,0.9,0.5,7.0,7.0,7.0,7.0,1.0,0.0,6.0,0.0,0.9,0.5,-13.1,-13.1,-13.1,-13.1,1.0,0.0,6.0,0.0,0.9,0.5,36.1,36.1,36.1,36.1,1.0,0.0,6.0,0.0,0.9,0.5,1.7,1.7,1.7,1.7,1.0,0.0,6.0,0.0,0.9,0.5,10.5,10.5,10.5,10.5,1.0,0.0,6.0,0.0,0.9,0.5,1.14,1.14,1.14,1.14,1.0,0.0,6.0,0.0,0.9,0.5,7.1,7.1,7.1,7.1,1.0,0.0,6.0,0.0,0.9,0.5,2.5,2.5,2.5,2.5,1.0,0.0,6.0,0.0,0.9,0.5,-7.0,-7.0,-7.0,-7.0,1.0,0.0,6.0,0.0,0.9,0.5,-6.1,-6.1,-6.1,-6.1,1.0,0.0,6.0,0.0,0.9,0.5,16.9,16.9,16.9,16.9,1.0,0.0,6.0,0.0,0.9,0.5,-2.4,-2.4,-2.4,-2.4,1.0,0.0,6.0,0.0,0.9,0.5,6.7,6.7,6.7,6.7,1.0,0.0,6.0,0.0,0.9,0.5,238.5,238.5,238.5,238.5,1.0,0.0,6.0,0.0,0.9,0.5,240.0,240.0,240.0,240.0,1.0,0.0,6.0,0.0,0.9,0.5
1974,2,171.0,-66.0,,,,,,,,,,,,,,,,,,,,,,,,,,,,,,,,,,,,,,,,15.4,15.4,15.4,15.4,1.0,0.0,18.0,1.0,0.0,0.7,15.4,15.4,15.4,15.4,1.0,0.0,18.0,1.0,0.0,0.7,0.0,0.0,0.0,0.0,1.0,0.0,18.0,1.0,0.0,0.7,988.0,988.0,988.0,988.0,1.0,0.0,18.0,1.0,0.0,0.7,8.0,8.0,8.0,8.0,1.0,0.0,18.0,1.0,0.0,0.7,237.2,237.2,237.2,237.2,1.0,0.0,18.0,1.0,0.0,0.7,0.0,0.0,0.0,0.0,1.0,0.0,18.0,1.0,0.0,0.7,,,,,,,,,,,,,,,,,,,,,,,,,,,,,,,,,,,,,,,,,0.0,0.0,0.0,0.0,1.0,0.0,18.0,1.0,0.0,0.7,0.0,0.0,0.0,0.0,1.0,0.0,18.0,1.0,0.0,0.7,54.2,54.2,54.2,54.2,1.0,0.0,18.0,1.0,0.0,0.7,0.0,0.0,0.0,0.0,1.0,0.0,18.0,1.0,0.0,0.7,,,,,,,,,,,,,,,,,,,,,,,,,,,,,,,,,,,,,,,,
1974,2,171.0,-65.0,1.7,1.7,1.7,1.7,1.0,0.0,6.0,0.0,0.8,0.2,1.2,1.2,1.2,1.2,1.0,0.0,6.0,0.0,0.8,0.2,3.59,3.59,3.59,3.59,1.0,0.0,6.0,0.0,0.8,0.2,84.6,84.6,84.6,84.6,1.0,0.0,6.0,0.0,0.2,9.3,9.3,9.3,9.3,1.0,0.0,6.0,0.0,0.8,0.2,9.3,9.3,9.3,9.3,1.0,0.0,6.0,0.0,0.8,0.2,0.0,0.0,0.0,0.0,1.0,0.0,6.0,0.0,0.8,0.2,985.1,985.1,985.1,985.1,1.0,0.0,6.0,0.0,0.8,0.2,8.0,8.0,8.0,8.0,1.0,0.0,6.0,0.0,0.8,0.2,86.5,86.5,86.5,86.5,1.0,0.0,6.0,0.0,0.8,0.2,0.0,0.0,0.0,0.0,1.0,0.0,6.0,0.0,0.8,0.2,0.5,0.5,0.5,0.5,1.0,0.0,6.0,0.0,0.8,0.2,4.7,4.7,4.7,4.7,1.0,0.0,6.0,0.0,0.8,0.2,0.81,0.81,0.81,0.81,1.0,0.0,6.0,0.0,0.8,0.2,7.5,7.5,7.5,7.5,1.0,0.0,6.0,0.0,0.8,0.2,11.2,11.2,11.2,11.2,1.0,0.0,6.0,0.0,0.8,0.2,0.0,0.0,0.0,0.0,1.0,0.0,6.0,0.0,0.8,0.2,33.3,33.3,33.3,33.3,1.0,0.0,6.0,0.0,0.8,0.2,0.0,0.0,0.0,0.0,1.0,0.0,6.0,0.0,0.8,0.2,7.5,7.5,7.5,7.5,1.0,0.0,6.0,0.0,0.8,0.2,0.0,0.0,0.0,0.0,1.0,0.0,6.0,0.0,0.8,0.2,804.5,804.5,804.5,804.5,1.0,0.0,6.0,0.0,0.8,0.2,805.0,805.0,805.0,805.0,1.0,0.0,6.0,0.0,0.8,0.2
1974,2,171.0,-59.0,6.6,6.6,6.6,6.6,1.0,0.0,8.0,1.0,0.4,1.0,5.5,5.5,5.5,5.5,1.0,0.0,8.0,1.0,0.4,1.0,4.96,4.96,4.96,4.96,1.0,0.0,8.0,1.0,0.4,1.0,86.9,86.9,86.9,86.9,1.0,0.0,8.0,1.0,1.0,11.8,11.8,11.8,11.8,1.0,0.0,8.0,1.0,0.4,1.0,10.22,10.22,10.22,10.22,1.0,0.0,8.0,1.0,0.4,1.0,5.9,5.9,5.9,5.9,1.0,0.0,8.0,1.0,0.4,1.0,991.9,991.9,991.9,991.9,1.0,0.0,8.0,1.0,0.4,1.0,8.0,8.0,8.0,8.0,1.0,0.0,8.0,1.0,0.4,1.0,120.6,120.6,120.6,120.6,1.0,0.0,8.0,1.0,0.4,1.0,69.6,69.6,69.6,69.6,1.0,0.0,8.0,1.0,0.4,1.0,1.1,1.1,1.1,1.1,1.0,0.0,8.0,1.0,0.4,1.0,13.0,13.0,13.0,13.0,1.0,0.0,8.0,1.0,0.4,1.0,1.2,1.2,1.2,1.2,1.0,0.0,8.0,1.0,0.4,1.0,14.2,14.2,14.2,14.2,1.0,0.0,8.0,1.0,0.4,1.0,56.2,56.2,56.2,56.2,1.0,0.0,8.0,1.0,0.4,1.0,32.5,32.5,32.5,32.5,1.0,0.0,8.0,1.0,0.4,1.0,50.7,50.7,50.7,50.7,1.0,0.0,8.0,1.0,0.4,1.0,29.3,29.3,29.3,29.3,1.0,0.0,8.0,1.0,0.4,1.0,12.3,12.3,12.3,12.3,1.0,0.0,8.0,1.0,0.4,1.0,7.1,7.1,7.1,7.1,1.0,0.0,8.0,1.0,0.4,1.0,1643.0,1643.0,1643.0,1643.0,1.0,0.0,8.0,1.0,0.4,1.0,1645.0,1645.0,1645.0,1645.0,1.0,0.0,8.0,1.0,0.4,1.0
1974,2,171.0,-54.0,,,,,,,,,,,,,,,,,,,,,,,,,,,,,,,,,,,,,,,,4.85,8.7,9.71,8.01,12.0,3.38,12.0,0.8,0.6,1.0,0.0,5.2,9.05,4.94,12.0,5.51,12.0,0.8,0.6,1.0,-5.32,0.0,4.53,-0.8,12.0,4.86,12.0,0.8,0.6,1.0,1006.06,1020.0,1021.6,1015.44,12.0,8.18,12.0,0.8,0.6,1.0,,,,,,,,,,,,,,,,,,,,,,,,,,,,,,,,,,,,,,,,,,,,,,,,,,,,,,,,,,,,,,,,,,,,,,,,,,,,,,,,,,,,,,,,,,,,,,,,,,,,,,,,,,,,,,,,,,,,,,,,,,,,,,,,,,,,,,,,,,,,,,,,,,,,,,
1974,2,171.0,-53.0,8.6,9.1,9.8,9.2,51.0,0.5,16.0,0.8,0.6,0.2,8.79,9.5,10.82,9.77,51.0,1.39,16.0,0.8,0.6,0.2,7.18,7.18,7.18,7.18,1.0,0.0,8.0,0.0,0.0,0.4,100.0,100.0,100.0,100.0,1.0,0.0,8.0,0.0,0.4,7.0,9.0,13.9,9.57,52.0,3.98,16.0,0.8,0.6,0.2,3.62,7.94,11.96,7.32,52.0,4.65,16.0,0.8,0.6,0.2,-7.53,0.0,0.0,-2.86,52.0,4.97,16.0,0.8,0.6,0.2,996.21,1006.75,1017.9,1007.32,52.0,9.71,16.0,0.8,0.6,0.2,3.0,7.0,8.0,6.0,46.0,2.3,18.0,0.7,0.6,0.2,16.9,64.0,143.4,80.6,52.0,75.8,16.0,0.8,0.6,0.2,-73.6,0.0,0.0,-35.9,52.0,72.8,16.0,0.8,0.6,0.2,,,,,,,,,,,,,,,,,,,,,,,,,,,,,,,,,,,,,,,,,39.4,73.6,111.8,69.8,51.0,41.7,16.0,0.8,0.6,0.2,-81.7,0.0,0.0,-27.2,51.0,48.8,16.0,0.8,0.6,0.2,98.3,98.3,98.3,98.3,1.0,0.0,8.0,0.0,0.0,0.4,-17.3,-17.3,-17.3,-17.3,1.0,0.0,8.0,0.0,0.0,0.4,,,,,,,,,,,,,,,,,,,,,,,,,,,,,,,,,,,,,,,,
1974,2,171.0,-52.0,9.93,10.0,12.25,11.07,3.0,1.93,14.0,0.3,0.4,0.4,9.43,10.8,10.94,10.2,3.0,1.22,14.0,0.3,0.4,0.4,7.32,7.32,7.32,7.32,1.0,0.0,8.0,1.0,0.0,0.1,88.1,88.1,88.1,88.1,1.0,0.0,8.0,1.0,0.1,7.77,9.0,15.14,11.4,3.0,5.79,14.0,0.3,0.4,0.4,3.24,3.6,7.29,5.23,3.0,3.28,14.0,0.3,0.4,0.4,-8.66,6.24,7.75,-0.3,3.0,13.29,14.0,0.3,0.4,0.4,997.8,1013.7,1016.84,1007.47,3.0,14.96,14.0,0.3,0.4,0.4,6.0,6.0,7.4,6.7,3.0,1.2,14.0,0.3,0.4,0.4,26.5,27.7,119.4,71.9,3.0,78.1,14.0,0.3,0.4,0.4,-177.3,44.9,66.2,-53.2,3.0,197.6,14.0,0.3,0.4,0.4,-0.2,1.1,1.92,0.87,3.0,1.56,14.0,0.3,0.4,0.4,-2.4,7.9,30.8,14.0,3.0,24.9,14.0,0.3,0.4,0.4,2.37,2.37,2.37,2.37,1.0,0.0,8.0,1.0,0.0,0.1,42.6,42.6,42.6,42.6,1.0,0.0,8.0,1.0,0.0,0.1,32.2,33.2,78.1,54.6,3.0,38.4,14.0,0.3,0.4,0.4,-99.6,54.9,79.8,-8.4,3.0,142.4,14.0,0.3,0.4,0.4,65.9,65.9,65.9,65.9,1.0,0.0,8.0,1.0,0.0,0.1,-114.1,-114.1,-114.1,-114.1,1.0,0.0,8.0,1.0,0.0,0.1,21.3,21.3,21.3,21.3,1.0,0.0,8.0,1.0,0.0,0.1,-36.9,-36.9,-36.9,-36.9,1.0,0.0,8.0,1.0,0.0,0.1,486.0,729.0,4212.5,2311.5,3.0,3054.0,14.0,0.3,0.4,0.4,485.0,730.0,4210.0,2310.0,3.0,3055.0,14.0,0.3,0.4,0.4
1974,2,171.0,-51.0,10.58,10.75,10.92,10.75,2.0,0.35,20.0,1.0,0.7,0.8,11.48,12.3,13.53,12.5,3.0,1.51,16.0,1.0,0.5,0.6,8.2,8.2,8.2,8.2,1.0,0.0,6.0,1.0,0.3,0.3,98.7,98.7,98.7,98.7,1.0,0.0,6.0,1.0,0.3,8.87,10.3,13.51,11.17,3.0,3.48,16.0,1.0,0.5,0.6,-7.7,-3.52,4.39,-1.7,3.0,9.0,16.0,1.0,0.5,0.6,-10.92,-9.68,-2.1,-6.58,3.0,6.99,16.0,1.0,0.5,0.6,1007.62,1028.3,1028.5,1018.3,3.0,17.58,16.0,1.0,0.5,0.6,7.3,8.0,8.0,7.7,3.0,0.6,16.0,1.0,0.5,0.6,-110.2,-36.3,33.7,-38.2,3.0,105.4,16.0,1.0,0.5,0.6,-149.3,-99.7,-23.7,-86.8,3.0,92.7,16.0,1.0,0.5,0.6,,,,,,,,,,,,,,,,,,,,,,,,,,,,,,,,,,,,,,,,,-93.4,-39.1,65.3,-14.6,3.0,118.1,16.0,1.0,0.5,0.6,-130.6,-107.4,-20.4,-76.2,3.0,85.1,16.0,1.0,0.5,0.6,-28.9,-28.9,-28.9,-28.9,1.0,0.0,6.0,1.0,0.3,0.3,-79.4,-79.4,-79.4,-79.4,1.0,0.0,6.0,1.0,0.3,0.3,,,,,,,,,,,,,,,,,,,,,,,,,,,,,,,,,,,,,,,,
1974,2,171.0,-50.0,15.0,15.0,15.0,15.0,1.0,0.0,6.0,1.0,0.6,0.3,11.5,11.5,11.5,11.5,1.0,0.0,6.0,1.0,0.6,0.3,7.6,7.6,7.6,7.6,1.0,0.0,6.0,1.0,0.6,0.3,89.9,89.9,89.9,89.9,1.0,0.0,6.0,1.0,0.3,9.3,9.3,9.3,9.3,1.0,0.0,6.0,1.0,0.6,0.3,-5.98,-5.98,-5.98,-5.98,1.0,0.0,6.0,1.0,0.6,0.3,-7.12,-7.12,-7.12,-7.12,1.0,0.0,6.0,1.0,0.6,0.3,1007.1,1007.1,1007.1,1007.1,1.0,0.0,6.0,1.0,0.6,0.3,8.0,8.0,8.0,8.0,1.0,0.0,6.0,1.0,0.6,0.3,-55.6,-55.6,-55.6,-55.6,1.0,0.0,6.0,1.0,0.6,0.3,-66.3,-66.3,-66.3,-66.3,1.0,0.0,6.0,1.0,0.6,0.3,3.5,3.5,3.5,3.5,1.0,0.0,6.0,1.0,0.6,0.3,32.6,32.6,32.6,32.6,1.0,0.0,6.0,1.0,0.6,0.3,3.04,3.04,3.04,3.04,1.0,0.0,6.0,1.0,0.6,0.3,28.3,28.3,28.3,28.3,1.0,0.0,6.0,1.0,0.6,0.3,-68.7,-68.7,-68.7,-68.7,1.0,0.0,6.0,1.0,0.6,0.3,-81.9,-81.9,-81.9,-81.9,1.0,0.0,6.0,1.0,0.6,0.3,-45.4,-45.4,-45.4,-45.4,1.0,0.0,6.0,1.0,0.6,0.3,-54.1,-54.1,-54.1,-54.1,1.0,0.0,6.0,1.0,0.6,0.3,-18.2,-18.2,-18.2,-18.2,1.0,0.0,6.0,1.0,0.6,0.3,-21.7,-21.7,-21.7,-21.7,1.0,0.0,6.0,1.0,0.6,0.3,804.5,804.5,804.5,804.5,1.0,0.0,6.0,1.0,0.6,0.3,805.0,805.0,805.0,805.0,1.0,0.0,6.0,1.0,0.6,0.3
1974,2,171.0,-49.0,11.3,11.3,11.3,11.3,1.0,0.0,20.0,1.0,0.4,0.1,11.7,11.7,11.7,11.7,1.0,0.0,6.0,0.0,0.8,0.2,6.41,6.41,6.41,6.41,1.0,0.0,6.0,0.0,0.8,0.2,75.4,75.4,75.4,75.4,1.0,0.0,6.0,0.0,0.2,6.8,8.1,9.4,8.1,2.0,2.69,14.0,0.5,0.6,0.2,-0.76,2.15,5.07,2.15,2.0,6.04,14.0,0.5,0.6,0.2,-3.69,0.92,5.52,0.92,2.0,9.54,14.0,0.5,0.6,0.2,1015.25,1016.65,1018.05,1016.65,2.0,2.9,14.0,0.5,0.6,0.2,6.3,7.0,7.7,7.0,2.0,1.4,14.0,0.5,0.6,0.2,-0.9,25.6,52.0,25.6,2.0,54.7,14.0,0.5,0.6,0.2,-18.2,20.2,58.7,20.2,2.0,79.7,14.0,0.5,0.6,0.2,,,,,,,,,,,,,,,,,,,,,,,,,,,,,,,,,,,,,,,,,-24.8,-24.8,-24.8,-24.8,1.0,0.0,6.0,0.0,0.8,0.2,-68.2,-68.2,-68.2,-68.2,1.0,0.0,6.0,0.0,0.8,0.2,-13.6,-13.6,-13.6,-13.6,1.0,0.0,6.0,0.0,0.8,0.2,-37.3,-37.3,-37.3,-37.3,1.0,0.0,6.0,0.0,0.8,0.2,,,,,,,,,,,,,,,,,,,,,,,,,,,,,,,,,,,,,,,,
1974,2,171.0,-48.0,,,,,,,,,,,,,,,,,,,,,,,,,,,,,,,,,,,,,,,,7.03,7.1,7.17,7.1,2.0,0.14,20.0,0.0,0.9,0.6,-2.45,-2.43,-2.4,-2.43,2.0,0.05,20.0,0.0,0.9,0.6,-6.74,-6.67,-6.61,-6.67,2.0,0.13,20.0,0.0,0.9,0.6,1015.2,1015.2,1015.2,1015.2,2.0,0.0,20.0,0.0,0.9,0.6,,,,,,,,,,,,,,,,,,,,,,,,,,,,,,,,,,,,,,,,,,,,,,,,,,,,,,,,,,,,,,,,,,,,,,,,,,,,,,,,,,,,,,,,,,,,,,,,,,,,,,,,,,,,,,,,,,,,,,,,,,,,,,,,,,,,,,,,,,,,,,,,,,,,,,
1974,2,171.0,-47.0,12.2,12.2,12.2,12.2,1.0,0.0,16.0,1.0,0.4,0.5,11.7,11.7,11.7,11.7,1.0,0.0,16.0,1.0,0.4,0.5,7.19,7.19,7.19,7.19,1.0,0.0,16.0,1.0,0.4,0.5,85.8,85.8,85.8,85.8,1.0,0.0,16.0,1.0,0.5,0.0,0.0,0.0,0.0,1.0,0.0,16.0,1.0,0.4,0.5,0.0,0.0,0.0,0.0,1.0,0.0,16.0,1.0,0.4,0.5,0.0,0.0,0.0,0.0,1.0,0.0,16.0,1.0,0.4,0.5,1028.3,1028.3,1028.3,1028.3,1.0,0.0,16.0,1.0,0.4,0.5,6.0,6.0,6.0,6.0,1.0,0.0,16.0,1.0,0.4,0.5,0.0,0.0,0.0,0.0,1.0,0.0,16.0,1.0,0.4,0.5,0.0,0.0,0.0,0.0,1.0,0.0,16.0,1.0,0.4,0.5,0.5,0.5,0.5,0.5,1.0,0.0,16.0,1.0,0.4,0.5,0.0,0.0,0.0,0.0,1.0,0.0,16.0,1.0,0.4,0.5,1.48,1.48,1.48,1.48,1.0,0.0,16.0,1.0,0.4,0.5,0.0,0.0,0.0,0.0,1.0,0.0,16.0,1.0,0.4,0.5,0.0,0.0,0.0,0.0,1.0,0.0,16.0,1.0,0.4,0.5,0.0,0.0,0.0,0.0,1.0,0.0,16.0,1.0,0.4,0.5,0.0,0.0,0.0,0.0,1.0,0.0,16.0,1.0,0.4,0.5,0.0,0.0,0.0,0.0,1.0,0.0,16.0,1.0,0.4,0.5,0.0,0.0,0.0,0.0,1.0,0.0,16.0,1.0,0.4,0.5,0.0,0.0,0.0,0.0,1.0,0.0,16.0,1.0,0.4,0.5,0.0,0.0,0.0,0.0,1.0,0.0,16.0,1.0,0.4,0.5,0.0,0.0,0.0,0.0,1.0,0.0,16.0,1.0,0.4,0.5
1974,2,171.0,-46.0,14.08,14.25,14.42,14.25,2.0,0.35,20.0,0.5,0.1,0.4,12.03,12.1,12.17,12.1,2.0,0.14,20.0,0.5,0.1,0.4,7.63,7.63,7.63,7.63,1.0,0.0,24.0,1.0,0.0,0.2,87.6,87.6,87.6,87.6,1.0,0.0,24.0,1.0,0.2,1.25,1.8,2.35,1.8,2.0,1.13,20.0,0.5,0.1,0.4,-1.49,-1.09,-0.69,-1.09,2.0,0.83,20.0,0.5,0.1,0.4,-1.54,-0.56,0.41,-0.56,2.0,2.02,20.0,0.5,0.1,0.4,1012.9,1019.35,1025.8,1019.35,2.0,13.36,20.0,0.5,0.1,0.4,7.2,7.5,7.8,7.5,2.0,0.7,20.0,0.5,0.1,0.4,-3.7,-2.4,-1.1,-2.4,2.0,2.7,20.0,0.5,0.1,0.4,-4.2,-2.2,-0.1,-2.2,2.0,4.3,20.0,0.5,0.1,0.4,1.91,2.15,2.39,2.15,2.0,0.49,20.0,0.5,0.1,0.4,2.5,4.2,5.8,4.2,2.0,3.3,20.0,0.5,0.1,0.4,2.64,2.64,2.64,2.64,1.0,0.0,24.0,1.0,0.0,0.2,6.9,6.9,6.9,6.9,1.0,0.0,24.0,1.0,0.0,0.2,-17.8,-13.1,-8.3,-13.1,2.0,9.9,20.0,0.5,0.1,0.4,-18.4,-6.7,5.1,-6.7,2.0,24.4,20.0,0.5,0.1,0.4,-12.7,-12.7,-12.7,-12.7,1.0,0.0,24.0,1.0,0.0,0.2,-15.2,-15.2,-15.2,-15.2,1.0,0.0,24.0,1.0,0.0,0.2,-4.4,-4.4,-4.4,-4.4,1.0,0.0,24.0,1.0,0.0,0.2,-5.3,-5.3,-5.3,-5.3,1.0,0.0,24.0,1.0,0.0,0.2,3.5,9.5,15.0,9.5,2.0,11.5,20.0,0.5,0.1,0.4,5.0,10.0,15.0,10.0,2.0,10.0,20.0,0.5,0.1,0.4
1974,2,171.0,-45.0,14.51,15.6,16.69,15.6,2.0,2.26,22.0,0.5,0.9,0.4,13.13,13.4,13.67,13.4,2.0,0.57,22.0,0.5,0.9,0.4,7.51,8.27,9.03,8.27,2.0,1.58,22.0,0.5,0.9,0.4,78.3,87.1,95.9,87.1,2.0,18.2,22.0,0.5,0.4,4.93,5.65,6.37,5.65,2.0,1.48,22.0,0.5,0.9,0.4,-2.3,-0.9,0.51,-0.9,2.0,2.91,22.0,0.5,0.9,0.4,4.01,5.06,6.11,5.06,2.0,2.17,22.0,0.5,0.9,0.4,1006.2,1014.6,1023.0,1014.6,2.0,17.39,22.0,0.5,0.9,0.4,7.2,7.5,7.8,7.5,2.0,0.7,22.0,0.5,0.9,0.4,-10.2,-2.9,4.4,-2.9,2.0,15.1,22.0,0.5,0.9,0.4,20.7,30.2,39.8,30.2,2.0,19.8,22.0,0.5,0.9,0.4,1.38,2.2,3.02,2.2,2.0,1.7,22.0,0.5,0.9,0.4,8.1,11.2,14.2,11.2,2.0,6.3,22.0,0.5,0.9,0.4,1.31,2.75,4.19,2.75,2.0,2.99,22.0,0.5,0.9,0.4,7.1,13.3,19.5,13.3,2.0,12.8,22.0,0.5,0.9,0.4,-31.9,-12.8,6.2,-12.8,2.0,39.5,22.0,0.5,0.9,0.4,54.5,67.2,79.9,67.2,2.0,26.3,22.0,0.5,0.9,0.4,-16.1,-5.1,5.8,-5.1,2.0,22.7,22.0,0.5,0.9,0.4,31.0,43.6,56.1,43.6,2.0,25.9,22.0,0.5,0.9,0.4,-12.0,-6.8,-1.7,-6.8,2.0,10.7,22.0,0.5,0.9,0.4,6.2,10.7,15.1,10.7,2.0,9.2,22.0,0.5,0.9,0.4,129.5,199.0,268.5,199.0,2.0,144.0,22.0,0.5,0.9,0.4,130.0,200.0,270.0,200.0,2.0,145.0,22.0,0.5,0.9,0.4
1974,2,171.0,-44.0,,,,,,,,,,,,,,,,,,,,,,,,,,,,,,,,,,,,,,,,10.8,10.8,10.8,10.8,1.0,0.0,28.0,1.0,0.2,0.6,9.35,9.35,9.35,9.35,1.0,0.0,28.0,1.0,0.2,0.6,5.4,5.4,5.4,5.4,1.0,0.0,28.0,1.0,0.2,0.6,1014.6,1014.6,1014.6,1014.6,1.0,0.0,28.0,1.0,0.2,0.6,,,,,,,,,,,,,,,,,,,,,,,,,,,,,,,,,,,,,,,,,,,,,,,,,,,,,,,,,,,,,,,,,,,,,,,,,,,,,,,,,,,,,,,,,,,,,,,,,,,,,,,,,,,,,,,,,,,,,,,,,,,,,,,,,,,,,,,,,,,,,,,,,,,,,,
1974,2,171.0,-43.0,,,,,,,,,,,,,,,,,,,,,,,,,,,,,,,,,,,,,,,,2.6,2.6,2.6,2.6,1.0,0.0,12.0,1.0,0.3,0.7,-1.67,-1.67,-1.67,-1.67,1.0,0.0,12.0,1.0,0.3,0.7,-1.99,-1.99,-1.99,-1.99,1.0,0.0,12.0,1.0,0.3,0.7,1025.5,1025.5,1025.5,1025.5,1.0,0.0,12.0,1.0,0.3,0.7,,,,,,,,,,,,,,,,,,,,,,,,,,,,,,,,,,,,,,,,,,,,,,,,,,,,,,,,,,,,,,,,,,,,,,,,,,,,,,,,,,,,,,,,,,,,,,,,,,,,,,,,,,,,,,,,,,,,,,,,,,,,,,,,,,,,,,,,,,,,,,,,,,,,,,
1974,2,171.0,-42.0,17.54,18.1,19.31,18.38,15.0,1.03,6.0,0.7,0.4,0.5,19.14,21.0,23.24,21.11,18.0,1.89,8.0,0.8,0.5,0.6,15.39,15.39,15.39,15.39,1.0,0.0,20.0,1.0,0.6,0.8,88.5,88.5,88.5,88.5,1.0,0.0,20.0,1.0,0.8,0.67,3.6,5.83,3.36,22.0,2.29,8.0,0.8,0.5,0.6,-2.19,0.0,1.2,-0.55,22.0,1.82,8.0,0.8,0.5,0.6,-5.0,-0.75,2.29,-1.19,22.0,3.47,8.0,0.8,0.5,0.6,1015.1,1018.6,1022.58,1018.42,21.0,4.11,8.0,0.8,0.5,0.6,1.0,5.0,8.0,4.7,18.0,2.9,8.0,0.8,0.6,0.6,-13.2,0.0,2.6,-3.4,22.0,9.9,8.0,0.8,0.5,0.6,-25.5,-0.6,6.0,-6.1,22.0,19.9,8.0,0.8,0.5,0.6,-4.13,-2.1,-0.5,-2.38,13.0,1.88,6.0,0.7,0.4,0.5,-13.6,-5.6,0.0,-8.1,13.0,8.8,6.0,0.7,0.4,0.5,-1.81,-1.81,-1.81,-1.81,1.0,0.0,20.0,1.0,0.6,0.8,-4.7,-4.7,-4.7,-4.7,1.0,0.0,20.0,1.0,0.6,0.8,-35.1,0.0,24.2,-7.5,18.0,32.4,8.0,0.8,0.5,0.6,-89.4,-17.8,18.1,-20.5,18.0,71.5,8.0,0.8,0.5,0.6,0.0,0.0,0.0,0.0,1.0,0.0,20.0,1.0,0.6,0.8,40.0,40.0,40.0,40.0,1.0,0.0,20.0,1.0,0.6,0.8,0.0,0.0,0.0,0.0,1.0,0.0,20.0,1.0,0.6,0.8,-4.7,-4.7,-4.7,-4.7,1.0,0.0,20.0,1.0,0.6,0.8,0.5,49.5,203.0,89.0,22.0,113.0,8.0,0.8,0.5,0.6,0.0,50.0,205.0,90.0,22.0,115.0,8.0,0.8,0.5,0.6
1974,2,171.0,-41.0,18.77,19.2,20.0,19.3,13.0,0.7,12.0,0.6,0.6,0.6,18.74,19.0,21.0,19.54,10.0,1.12,14.0,0.7,0.6,0.6,10.4,11.52,12.75,11.48,8.0,1.24,16.0,0.6,0.5,0.6,75.1,82.8,87.9,82.0,8.0,7.7,16.0,0.6,0.6,4.96,6.7,9.37,7.18,13.0,2.48,12.0,0.6,0.6,0.6,-5.65,1.4,2.48,-0.65,13.0,4.51,12.0,0.6,0.6,0.6,-6.97,0.0,5.4,-0.75,13.0,6.38,12.0,0.6,0.6,0.6,1013.1,1015.6,1018.78,1016.35,13.0,3.37,12.0,0.6,0.6,0.6,2.4,5.5,7.0,5.1,10.0,2.2,14.0,0.7,0.6,0.6,-39.4,5.7,16.6,-8.3,13.0,35.5,12.0,0.6,0.6,0.6,-61.9,0.0,34.6,-16.5,13.0,60.8,12.0,0.6,0.6,0.6,-0.79,0.1,0.67,-0.21,10.0,1.16,14.0,0.7,0.6,0.6,-5.5,0.6,3.5,-2.3,10.0,9.3,14.0,0.7,0.6,0.6,1.32,2.72,3.97,2.58,8.0,1.28,16.0,0.6,0.5,0.6,8.7,15.3,25.5,16.6,8.0,9.7,16.0,0.6,0.5,0.6,-124.7,31.5,66.9,-15.9,10.0,103.4,14.0,0.7,0.6,0.6,-53.2,64.5,107.2,31.4,10.0,87.9,14.0,0.7,0.6,0.6,-74.5,18.3,24.0,-10.9,8.0,57.0,16.0,0.6,0.5,0.6,3.8,50.2,64.9,38.6,8.0,31.7,16.0,0.6,0.5,0.6,-10.5,3.2,7.7,-2.8,8.0,13.7,16.0,0.6,0.5,0.6,0.3,7.4,21.1,9.3,8.0,10.6,16.0,0.6,0.5,0.6,122.5,301.0,823.0,506.5,13.0,582.0,12.0,0.6,0.6,0.6,120.0,300.0,825.0,505.0,13.0,580.0,12.0,0.6,0.6,0.6
1974,2,171.0,-40.0,19.07,19.9,20.0,19.79,10.0,0.94,14.0,0.5,0.7,0.3,18.6,19.0,20.89,19.4,8.0,1.14,16.0,0.5,0.7,0.4,10.44,13.42,14.52,12.73,6.0,2.11,18.0,0.5,0.7,0.3,80.6,92.2,95.2,89.0,6.0,9.8,18.0,0.5,0.3,4.31,5.1,7.99,5.92,10.0,3.2,14.0,0.5,0.7,0.3,0.0,2.63,4.28,2.43,10.0,2.31,14.0,0.5,0.7,0.3,-4.37,1.63,6.11,0.49,10.0,6.08,14.0,0.5,0.7,0.3,1012.04,1014.7,1017.79,1014.9,10.0,2.72,14.0,0.5,0.7,0.3,1.0,5.0,7.6,4.6,10.0,3.1,14.0,0.5,0.7,0.3,0.0,13.3,28.9,14.6,10.0,15.1,14.0,0.5,0.7,0.3,-25.1,8.0,43.8,-3.1,10.0,59.5,14.0,0.5,0.7,0.3,0.03,0.75,1.0,0.5,8.0,0.73,16.0,0.5,0.7,0.4,0.2,4.4,7.5,3.9,8.0,5.2,16.0,0.5,0.7,0.4,0.0,2.06,3.06,1.9,6.0,1.75,18.0,0.5,0.7,0.3,0.0,16.0,26.1,15.2,6.0,14.3,18.0,0.5,0.7,0.3,2.8,49.7,80.0,42.9,8.0,38.8,16.0,0.5,0.7,0.4,-92.2,51.8,123.5,14.4,8.0,134.6,16.0,0.5,0.7,0.4,-2.7,28.3,46.7,24.3,6.0,28.3,18.0,0.5,0.7,0.3,-94.7,23.4,75.1,-9.1,6.0,99.5,18.0,0.5,0.7,0.3,0.0,3.1,8.4,4.1,6.0,4.8,18.0,0.5,0.7,0.3,-4.9,3.3,22.2,6.1,6.0,19.8,18.0,0.5,0.7,0.3,81.0,132.5,511.0,377.5,10.0,551.0,14.0,0.5,0.7,0.3,80.0,135.0,510.0,380.0,10.0,550.0,14.0,0.5,0.7,0.3
1974,2,171.0,-39.0,19.32,20.0,21.84,20.57,3.0,1.91,8.0,0.3,0.8,0.3,19.32,20.0,21.77,20.53,3.0,1.86,8.0,0.3,0.8,0.3,12.51,13.6,14.87,13.69,3.0,1.74,8.0,0.3,0.8,0.3,85.3,90.7,97.0,91.2,3.0,8.6,8.0,0.3,0.3,2.33,4.1,4.44,3.4,3.0,1.66,8.0,0.3,0.8,0.3,-3.42,-1.48,2.33,-0.57,3.0,4.28,8.0,0.3,0.8,0.3,-1.07,0.0,0.18,-0.44,3.0,0.99,8.0,0.3,0.8,0.3,1014.67,1016.1,1016.71,1015.7,3.0,1.54,8.0,0.3,0.8,0.3,1.3,2.0,6.1,3.7,3.0,3.8,8.0,0.3,0.8,0.3,-14.3,-2.2,10.8,-1.8,3.0,18.4,8.0,0.3,0.8,0.3,-4.9,0.0,0.3,-2.3,3.0,4.3,8.0,0.3,0.8,0.3,0.0,0.0,0.07,0.03,3.0,0.06,8.0,0.3,0.8,0.3,0.0,0.0,0.3,0.2,3.0,0.3,8.0,0.3,0.8,0.3,0.54,1.71,2.25,1.41,3.0,1.28,8.0,0.3,0.8,0.3,1.2,3.8,6.6,3.9,3.0,3.9,8.0,0.3,0.8,0.3,-76.1,-29.5,43.8,-16.4,3.0,88.5,8.0,0.3,0.8,0.3,-24.3,0.0,3.6,-10.1,3.0,22.2,8.0,0.3,0.8,0.3,-51.2,-17.7,32.5,-9.6,3.0,61.7,8.0,0.3,0.8,0.3,-16.6,0.0,2.1,-7.1,3.0,15.0,8.0,0.3,0.8,0.3,-6.2,-3.7,-1.2,-3.7,3.0,3.7,8.0,0.3,0.8,0.3,-1.8,0.0,0.4,-0.7,3.0,1.8,8.0,0.3,0.8,0.3,24.0,69.0,88.5,56.5,3.0,48.0,8.0,0.3,0.8,0.3,25.0,70.0,90.0,55.0,3.0,50.0,8.0,0.3,0.8,0.3
1974,2,171.0,-38.0,,,,,,,,,,,,,,,,,,,,,,,,,,,,,,,,,,,,,,,,3.1,3.1,3.1,3.1,1.0,0.0,20.0,1.0,0.3,0.3,-1.99,-1.99,-1.99,-1.99,1.0,0.0,20.0,1.0,0.3,0.3,-2.37,-2.37,-2.37,-2.37,1.0,0.0,20.0,1.0,0.3,0.3,1020.0,1020.0,1020.0,1020.0,1.0,0.0,20.0,1.0,0.3,0.3,,,,,,,,,,,,,,,,,,,,,,,,,,,,,,,,,,,,,,,,,,,,,,,,,,,,,,,,,,,,,,,,,,,,,,,,,,,,,,,,,,,,,,,,,,,,,,,,,,,,,,,,,,,,,,,,,,,,,,,,,,,,,,,,,,,,,,,,,,,,,,,,,,,,,,
1974,2,171.0,-37.0,21.66,22.0,22.14,21.9,3.0,0.36,14.0,0.0,0.8,0.6,21.16,21.5,21.84,21.5,3.0,0.5,14.0,0.0,0.8,0.6,14.49,15.24,15.99,15.24,2.0,1.56,8.0,0.0,0.8,0.7,92.5,95.6,98.6,95.6,2.0,6.3,8.0,0.0,0.7,5.36,7.0,7.82,6.6,3.0,1.83,14.0,0.0,0.8,0.6,-2.78,-2.39,2.84,-0.03,3.0,4.6,14.0,0.0,0.8,0.6,-5.41,-3.52,3.37,-1.08,3.0,6.77,14.0,0.0,0.8,0.6,1011.5,1015.8,1019.08,1015.3,3.0,5.57,14.0,0.0,0.8,0.6,5.3,6.0,7.4,6.3,3.0,1.5,14.0,0.0,0.8,0.6,-15.8,-13.6,25.2,4.3,3.0,33.8,14.0,0.0,0.8,0.6,-40.3,-16.2,26.3,-7.2,3.0,49.4,14.0,0.0,0.8,0.6,-0.12,0.7,0.9,0.4,3.0,0.79,14.0,0.0,0.8,0.6,0.0,4.9,7.2,3.6,3.0,5.4,14.0,0.0,0.8,0.6,-0.04,0.94,1.92,0.94,2.0,2.03,8.0,0.0,0.8,0.7,1.2,8.6,16.1,8.6,2.0,15.4,8.0,0.0,0.8,0.7,-60.7,-51.5,59.2,-1.9,3.0,97.8,14.0,0.0,0.8,0.6,-114.6,-77.5,71.9,-22.7,3.0,144.7,14.0,0.0,0.8,0.6,-28.8,13.1,55.1,13.1,2.0,86.9,8.0,0.0,0.8,0.7,-83.9,-73.2,-62.6,-73.2,2.0,22.1,8.0,0.0,0.8,0.7,3.2,7.0,10.8,7.0,2.0,7.8,8.0,0.0,0.8,0.7,-12.3,-6.6,-0.9,-6.6,2.0,11.8,8.0,0.0,0.8,0.7,175.5,343.0,485.0,330.5,3.0,227.5,14.0,0.0,0.8,0.6,175.0,345.0,485.0,330.0,3.0,225.0,14.0,0.0,0.8,0.6
1974,2,171.0,-36.0,19.5,22.0,22.71,21.5,6.0,1.67,16.0,0.7,0.6,0.4,19.0,21.6,22.41,21.2,6.0,1.94,16.0,0.7,0.6,0.4,12.75,14.55,14.95,14.0,5.0,1.15,14.0,0.6,0.6,0.4,85.5,91.2,93.9,89.6,5.0,5.7,14.0,0.6,0.4,6.12,7.2,10.56,8.06,5.0,2.5,16.0,0.6,0.5,0.5,-7.7,-2.55,2.01,-2.69,5.0,5.98,16.0,0.6,0.5,0.5,-3.14,1.79,6.82,2.06,5.0,6.11,16.0,0.6,0.5,0.5,1012.06,1015.05,1018.7,1015.02,6.0,3.43,16.0,0.7,0.6,0.4,5.9,7.0,8.0,6.8,5.0,1.6,14.0,0.6,0.6,0.4,-64.9,-13.0,14.5,-24.0,5.0,53.8,16.0,0.6,0.5,0.5,-21.9,18.4,58.5,22.7,5.0,59.7,16.0,0.6,0.5,0.5,-0.5,0.5,0.67,0.3,6.0,0.69,16.0,0.7,0.6,0.4,-2.8,3.6,8.5,3.4,5.0,7.1,16.0,0.6,0.5,0.5,1.27,1.42,2.4,1.81,5.0,0.8,14.0,0.6,0.6,0.4,10.0,13.7,17.8,13.9,4.0,5.7,14.0,0.5,0.6,0.5,-166.3,-56.1,44.3,-55.7,5.0,124.8,16.0,0.6,0.5,0.5,-72.1,34.0,146.8,41.5,5.0,132.1,16.0,0.6,0.5,0.5,-112.4,-65.4,25.8,-44.3,4.0,93.0,14.0,0.5,0.6,0.5,-52.7,-5.7,44.5,-4.2,4.0,59.4,14.0,0.5,0.6,0.5,-16.5,-8.2,4.0,-6.3,4.0,13.3,14.0,0.5,0.6,0.5,-8.2,-2.5,4.4,-2.0,4.0,7.4,14.0,0.5,0.6,0.5,239.5,373.0,1179.5,646.0,5.0,530.5,16.0,0.6,0.5,0.5,240.0,375.0,1180.0,645.0,5.0,530.0,16.0,0.6,0.5,0.5
1974,2,171.0,-35.0,20.65,22.5,23.55,22.12,11.0,1.66,18.0,0.8,0.4,0.6,21.2,22.0,23.37,21.96,11.0,1.6,18.0,0.8,0.4,0.6,10.75,13.16,15.22,13.08,10.0,2.01,20.0,0.8,0.4,0.6,73.0,82.0,86.6,80.3,11.0,8.1,18.0,0.8,0.6,3.24,6.2,9.69,6.12,10.0,3.45,18.0,0.8,0.4,0.6,-4.8,-1.22,0.46,-1.8,10.0,3.15,18.0,0.8,0.4,0.6,-1.81,1.99,9.47,3.08,10.0,5.43,18.0,0.8,0.4,0.6,1011.99,1013.65,1019.36,1014.8,10.0,3.31,20.0,0.8,0.4,0.6,2.6,3.0,6.0,4.1,11.0,1.9,18.0,0.8,0.4,0.6,-28.9,-3.2,2.1,-11.2,10.0,21.6,18.0,0.8,0.4,0.6,-12.8,10.8,93.7,30.7,10.0,51.7,18.0,0.8,0.4,0.6,-1.37,0.2,1.3,0.15,11.0,1.57,18.0,0.8,0.4,0.6,-5.7,0.6,15.6,3.7,10.0,11.7,18.0,0.8,0.4,0.6,1.97,2.98,6.07,3.76,10.0,2.05,20.0,0.8,0.4,0.6,7.6,16.0,49.4,29.3,9.0,25.2,20.0,0.8,0.4,0.6,-106.1,-22.2,10.8,-40.2,10.0,71.7,18.0,0.8,0.4,0.6,-43.1,41.6,201.5,64.5,10.0,119.9,18.0,0.8,0.4,0.6,-67.4,-27.0,8.2,-29.5,9.0,45.8,20.0,0.8,0.4,0.6,-33.1,40.0,109.7,38.4,9.0,71.4,20.0,0.8,0.4,0.6,-13.7,-6.0,1.3,-4.1,9.0,10.8,20.0,0.8,0.4,0.6,-3.8,8.0,47.1,22.0,9.0,30.4,20.0,0.8,0.4,0.6,39.5,238.5,956.5,419.0,10.0,478.5,18.0,0.8,0.4,0.6,40.0,240.0,955.0,420.0,10.0,480.0,18.0,0.8,0.4,0.6
1974,2,171.0,-34.0,20.42,20.45,20.48,20.45,2.0,0.07,8.0,0.5,0.7,0.5,22.0,22.0,22.0,22.0,2.0,0.0,8.0,0.5,0.7,0.5,14.14,14.64,15.15,14.64,2.0,1.05,8.0,0.5,0.7,0.5,86.6,89.6,92.7,89.6,2.0,6.3,8.0,0.5,0.5,7.27,8.5,9.73,8.5,2.0,2.55,8.0,0.5,0.7,0.5,-9.59,-8.05,-6.52,-8.05,2.0,3.18,8.0,0.5,0.7,0.5,-2.82,-1.67,-0.53,-1.67,2.0,2.37,8.0,0.5,0.7,0.5,1019.29,1019.9,1020.51,1019.9,2.0,1.27,8.0,0.5,0.7,0.5,7.2,7.5,7.8,7.5,2.0,0.7,8.0,0.5,0.7,0.5,-95.4,-72.5,-49.5,-72.5,2.0,47.5,8.0,0.5,0.7,0.5,-18.9,-11.2,-3.6,-11.2,2.0,15.9,8.0,0.5,0.7,0.5,-1.58,-1.55,-1.52,-1.55,2.0,0.07,8.0,0.5,0.7,0.5,-14.7,-13.1,-11.5,-13.1,2.0,3.3,8.0,0.5,0.7,0.5,-0.25,0.21,0.68,0.21,2.0,0.97,8.0,0.5,0.7,0.5,-3.1,0.6,4.3,0.6,2.0,7.7,8.0,0.5,0.7,0.5,-210.9,-177.1,-143.4,-177.1,2.0,70.0,8.0,0.5,0.7,0.5,-62.0,-36.8,-11.7,-36.8,2.0,52.1,8.0,0.5,0.7,0.5,-146.1,-119.6,-93.0,-119.6,2.0,55.0,8.0,0.5,0.7,0.5,-39.2,-23.3,-7.4,-23.3,2.0,32.9,8.0,0.5,0.7,0.5,-3.6,-0.2,3.3,-0.2,2.0,7.1,8.0,0.5,0.7,0.5,-2.5,-1.5,-0.5,-1.5,2.0,2.1,8.0,0.5,0.7,0.5,426.5,696.5,967.0,696.5,2.0,560.0,8.0,0.5,0.7,0.5,425.0,695.0,965.0,695.0,2.0,560.0,8.0,0.5,0.7,0.5
1974,2,171.0,-33.0,,,,,,,,,,,,,,,,,,,,,,,,,,,,,,,,,,,,,,,,5.1,5.1,5.1,5.1,1.0,0.0,22.0,1.0,0.3,0.8,-3.91,-3.91,-3.91,-3.91,1.0,0.0,22.0,1.0,0.3,0.8,3.28,3.28,3.28,3.28,1.0,0.0,22.0,1.0,0.3,0.8,1005.0,1005.0,1005.0,1005.0,1.0,0.0,22.0,1.0,0.3,0.8,2.0,2.0,2.0,2.0,1.0,0.0,22.0,1.0,0.3,0.8,-19.9,-19.9,-19.9,-19.9,1.0,0.0,22.0,1.0,0.3,0.8,16.7,16.7,16.7,16.7,1.0,0.0,22.0,1.0,0.3,0.8,,,,,,,,,,,,,,,,,,,,,,,,,,,,,,,,,,,,,,,,,-102.0,-102.0,-102.0,-102.0,1.0,0.0,22.0,1.0,0.3,0.8,85.6,85.6,85.6,85.6,1.0,0.0,22.0,1.0,0.3,0.8,-77.9,-77.9,-77.9,-77.9,1.0,0.0,22.0,1.0,0.3,0.8,65.3,65.3,65.3,65.3,1.0,0.0,22.0,1.0,0.3,0.8,,,,,,,,,,,,,,,,,,,,,,,,,,,,,,,,,,,,,,,,
1974,2,171.0,-32.0,22.74,23.25,23.87,23.3,4.0,0.73,6.0,0.8,0.4,0.8,22.48,23.7,24.71,23.6,4.0,1.36,6.0,0.8,0.4,0.8,12.93,14.06,14.5,13.73,4.0,1.04,6.0,0.8,0.4,0.8,74.4,75.8,77.4,75.9,4.0,1.9,6.0,0.8,0.8,5.36,6.45,6.7,6.05,4.0,0.99,6.0,0.8,0.4,0.8,-6.45,-6.25,-5.22,-5.85,4.0,1.04,6.0,0.8,0.4,0.8,-1.95,-1.37,-0.55,-1.26,4.0,0.96,6.0,0.8,0.4,0.8,1015.83,1016.35,1016.92,1016.38,4.0,0.75,6.0,0.8,0.4,0.8,2.4,5.0,6.0,4.3,4.0,2.4,6.0,0.8,0.4,0.8,-43.2,-40.3,-28.7,-36.2,4.0,11.1,6.0,0.8,0.4,0.8,-11.8,-7.5,-3.4,-7.6,4.0,6.3,6.0,0.8,0.4,0.8,-1.02,-0.35,0.43,-0.3,4.0,1.03,6.0,0.8,0.4,0.8,-6.9,-2.3,1.8,-2.5,4.0,6.0,6.0,0.8,0.4,0.8,3.4,3.89,4.73,4.06,4.0,0.84,6.0,0.8,0.4,0.8,22.8,23.6,25.2,24.0,4.0,1.8,6.0,0.8,0.4,0.8,-158.4,-148.0,-118.8,-139.0,4.0,30.5,6.0,0.8,0.4,0.8,-44.1,-31.8,-13.8,-29.1,4.0,21.9,6.0,0.8,0.4,0.8,-92.9,-87.8,-68.7,-81.1,4.0,19.1,6.0,0.8,0.4,0.8,-25.6,-18.1,-8.0,-16.9,4.0,12.9,6.0,0.8,0.4,0.8,-24.9,-22.7,-21.5,-23.2,4.0,2.4,6.0,0.8,0.4,0.8,-7.9,-5.8,-1.9,-4.9,4.0,3.7,6.0,0.8,0.4,0.8,164.5,269.5,301.0,234.5,4.0,96.0,6.0,0.8,0.4,0.8,165.0,270.0,300.0,235.0,4.0,95.0,6.0,0.8,0.4,0.8
1974,2,171.0,-31.0,22.33,22.75,23.43,22.88,4.0,0.83,8.0,0.3,0.3,0.6,22.7,22.9,23.52,23.1,4.0,0.62,8.0,0.3,0.3,0.6,14.65,15.95,17.6,16.11,4.0,1.98,8.0,0.3,0.3,0.6,84.9,93.0,97.7,91.4,4.0,8.7,8.0,0.3,0.6,4.6,4.6,5.44,5.0,4.0,0.8,8.0,0.3,0.3,0.6,-4.87,-4.32,-3.9,-4.38,4.0,0.76,8.0,0.3,0.3,0.6,-3.03,-2.27,-1.57,-2.3,4.0,0.84,8.0,0.3,0.3,0.6,1012.59,1014.05,1014.31,1013.48,4.0,1.47,8.0,0.3,0.3,0.6,5.4,7.5,8.0,6.8,4.0,1.9,8.0,0.3,0.3,0.6,-26.9,-19.9,-18.0,-22.3,4.0,7.5,8.0,0.3,0.3,0.6,-16.5,-10.4,-7.2,-11.8,4.0,5.8,8.0,0.3,0.3,0.6,-0.52,0.0,0.05,-0.22,4.0,0.52,8.0,0.3,0.3,0.6,-3.2,0.0,0.2,-1.4,4.0,3.2,8.0,0.3,0.3,0.6,0.39,1.27,2.15,1.27,4.0,1.1,8.0,0.3,0.3,0.6,1.8,5.8,12.0,6.9,4.0,6.8,8.0,0.3,0.3,0.6,-111.6,-98.1,-90.8,-101.1,4.0,16.3,8.0,0.3,0.3,0.6,-71.1,-53.4,-35.7,-53.4,4.0,20.4,8.0,0.3,0.3,0.6,-72.9,-69.0,-66.2,-69.6,4.0,4.1,8.0,0.3,0.3,0.6,-49.4,-34.5,-25.1,-37.1,4.0,14.7,8.0,0.3,0.3,0.6,-10.7,-5.5,-1.7,-6.2,4.0,5.8,8.0,0.3,0.3,0.6,-5.4,-2.0,-0.6,-3.0,4.0,3.5,8.0,0.3,0.3,0.6,97.5,97.5,171.0,132.5,4.0,70.5,8.0,0.3,0.3,0.6,95.0,95.0,170.0,135.0,4.0,70.0,8.0,0.3,0.3,0.6
1974,2,171.0,-29.0,24.5,24.5,24.5,24.5,1.0,0.0,18.0,0.0,0.4,0.4,24.0,24.0,24.0,24.0,1.0,0.0,18.0,0.0,0.4,0.4,18.58,18.58,18.58,18.58,1.0,0.0,18.0,0.0,0.4,0.4,100.0,100.0,100.0,100.0,1.0,0.0,18.0,0.0,0.4,6.7,6.7,6.7,6.7,1.0,0.0,18.0,0.0,0.4,0.4,-5.8,-5.8,-5.8,-5.8,1.0,0.0,18.0,0.0,0.4,0.4,-3.35,-3.35,-3.35,-3.35,1.0,0.0,18.0,0.0,0.4,0.4,1014.6,1014.6,1014.6,1014.6,1.0,0.0,18.0,0.0,0.4,0.4,8.0,8.0,8.0,8.0,1.0,0.0,18.0,0.0,0.4,0.4,-38.9,-38.9,-38.9,-38.9,1.0,0.0,18.0,0.0,0.4,0.4,-22.4,-22.4,-22.4,-22.4,1.0,0.0,18.0,0.0,0.4,0.4,0.5,0.5,0.5,0.5,1.0,0.0,18.0,0.0,0.4,0.4,3.4,3.4,3.4,3.4,1.0,0.0,18.0,0.0,0.4,0.4,0.57,0.57,0.57,0.57,1.0,0.0,18.0,0.0,0.4,0.4,3.8,3.8,3.8,3.8,1.0,0.0,18.0,0.0,0.4,0.4,-139.3,-139.3,-139.3,-139.3,1.0,0.0,18.0,0.0,0.4,0.4,-80.4,-80.4,-80.4,-80.4,1.0,0.0,18.0,0.0,0.4,0.4,-107.8,-107.8,-107.8,-107.8,1.0,0.0,18.0,0.0,0.4,0.4,-62.3,-62.3,-62.3,-62.3,1.0,0.0,18.0,0.0,0.4,0.4,-3.3,-3.3,-3.3,-3.3,1.0,0.0,18.0,0.0,0.4,0.4,-1.9,-1.9,-1.9,-1.9,1.0,0.0,18.0,0.0,0.4,0.4,301.0,301.0,301.0,301.0,1.0,0.0,18.0,0.0,0.4,0.4,300.0,300.0,300.0,300.0,1.0,0.0,18.0,0.0,0.4,0.4
1974,2,171.0,-28.0,23.25,24.0,24.55,23.9,3.0,0.95,12.0,0.7,0.1,0.6,24.93,25.0,26.5,25.7,3.0,1.3,12.0,0.7,0.1,0.6,16.58,16.64,20.48,18.49,3.0,3.28,12.0,0.7,0.1,0.6,83.9,83.9,94.1,88.9,3.0,8.6,12.0,0.7,0.6,3.9,6.7,9.16,6.53,3.0,3.85,12.0,0.7,0.1,0.6,-8.66,-5.13,-1.63,-5.14,3.0,5.15,12.0,0.7,0.1,0.6,0.83,2.6,3.76,2.3,3.0,2.17,12.0,0.7,0.1,0.6,1008.19,1008.6,1012.49,1010.3,3.0,3.48,12.0,0.7,0.1,0.6,3.0,3.0,6.4,4.7,3.0,2.9,12.0,0.7,0.1,0.6,-83.3,-34.4,-10.9,-46.8,3.0,54.1,12.0,0.7,0.1,0.6,2.1,6.8,21.8,11.9,3.0,15.1,12.0,0.7,0.1,0.6,-3.25,-1.0,-0.39,-1.8,3.0,2.21,12.0,0.7,0.1,0.6,-10.9,-10.3,-3.7,-7.4,3.0,5.8,12.0,0.7,0.1,0.6,-2.69,2.05,2.76,0.08,3.0,4.34,12.0,0.7,0.1,0.6,-2.1,20.7,21.0,9.7,3.0,19.4,12.0,0.7,0.1,0.6,-216.3,-127.8,-40.6,-128.4,3.0,128.8,12.0,0.7,0.1,0.6,22.4,70.7,95.6,59.3,3.0,54.5,12.0,0.7,0.1,0.6,-144.0,-84.9,-27.0,-85.4,3.0,85.7,12.0,0.7,0.1,0.6,18.4,57.9,67.0,43.1,3.0,37.9,12.0,0.7,0.1,0.6,-19.5,-15.8,-5.0,-12.3,3.0,11.0,12.0,0.7,0.1,0.6,-8.7,0.0,9.1,0.2,3.0,13.0,12.0,0.7,0.1,0.6,107.5,301.0,841.5,470.5,3.0,557.5,12.0,0.7,0.1,0.6,105.0,300.0,840.0,470.0,3.0,555.0,12.0,0.7,0.1,0.6
1974,2,171.0,-27.0,26.75,26.85,26.95,26.85,2.0,0.21,22.0,0.5,0.5,0.8,24.86,25.2,25.54,25.2,2.0,0.71,22.0,0.5,0.5,0.8,19.15,19.21,19.27,19.21,2.0,0.13,22.0,0.5,0.5,0.8,94.4,95.9,97.5,95.9,2.0,3.2,22.0,0.5,0.8,3.32,5.95,8.58,5.95,2.0,5.44,22.0,0.5,0.5,0.8,-6.37,-3.94,-1.5,-3.94,2.0,5.05,22.0,0.5,0.5,0.8,2.74,4.18,5.63,4.18,2.0,2.99,22.0,0.5,0.5,0.8,1010.98,1011.8,1012.62,1011.8,2.0,1.7,22.0,0.5,0.5,0.8,4.5,5.5,6.5,5.5,2.0,2.1,22.0,0.5,0.5,0.8,-62.0,-37.2,-12.3,-37.2,2.0,51.5,22.0,0.5,0.5,0.8,13.5,33.0,52.6,33.0,2.0,40.6,22.0,0.5,0.5,0.8,1.21,1.65,2.09,1.65,2.0,0.92,22.0,0.5,0.5,0.8,5.6,7.3,9.0,7.3,2.0,3.5,22.0,0.5,0.5,0.8,2.7,2.92,3.13,2.92,2.0,0.45,22.0,0.5,0.5,0.8,9.8,16.1,22.5,16.1,2.0,13.2,22.0,0.5,0.5,0.8,-163.7,-101.0,-38.2,-101.0,2.0,130.1,22.0,0.5,0.5,0.8,68.7,106.5,144.3,106.5,2.0,78.4,22.0,0.5,0.5,0.8,-123.0,-75.9,-28.9,-75.9,2.0,97.5,22.0,0.5,0.5,0.8,52.6,80.6,108.6,80.6,2.0,58.0,22.0,0.5,0.5,0.8,-16.6,-10.3,-4.1,-10.3,2.0,13.0,22.0,0.5,0.5,0.8,8.2,11.5,14.8,11.5,2.0,6.8,22.0,0.5,0.5,0.8,157.0,475.0,793.5,475.0,2.0,659.0,22.0,0.5,0.5,0.8,155.0,475.0,795.0,475.0,2.0,660.0,22.0,0.5,0.5,0.8
1974,2,171.0,-25.0,,,,,,,,,,,,,,,,,,,,,,,,,,,,,,,,,,,,,,,,3.67,4.9,6.13,4.9,2.0,2.55,18.0,0.5,0.6,0.8,-4.05,-3.5,-2.94,-3.5,2.0,1.15,18.0,0.5,0.6,0.8,-4.07,-1.79,0.49,-1.79,2.0,4.73,18.0,0.5,0.6,0.8,1009.73,1011.3,1012.87,1011.3,2.0,3.25,18.0,0.5,0.6,0.8,2.1,4.5,6.9,4.5,2.0,4.9,18.0,0.5,0.6,0.8,-25.6,-18.6,-11.6,-18.6,2.0,14.5,18.0,0.5,0.6,0.8,-28.2,-14.8,-1.4,-14.8,2.0,27.7,18.0,0.5,0.6,0.8,,,,,,,,,,,,,,,,,,,,,,,,,,,,,,,,,,,,,,,,,-116.3,-116.3,-116.3,-116.3,1.0,0.0,14.0,0.0,0.6,0.6,-138.6,-138.6,-138.6,-138.6,1.0,0.0,14.0,0.0,0.6,0.6,-90.4,-90.4,-90.4,-90.4,1.0,0.0,14.0,0.0,0.6,0.6,-107.7,-107.7,-107.7,-107.7,1.0,0.0,14.0,0.0,0.6,0.6,,,,,,,,,,,,,,,,,,,,,,,,,,,,,,,,,,,,,,,,
1974,2,171.0,-24.0,25.45,26.1,27.29,26.28,5.0,1.24,16.0,0.2,0.4,0.7,25.42,27.0,28.1,26.84,5.0,1.87,16.0,0.2,0.4,0.7,17.07,17.78,18.25,17.68,5.0,0.82,16.0,0.2,0.4,0.7,73.7,83.7,86.8,80.5,5.0,10.1,16.0,0.2,0.7,3.55,5.65,7.49,5.53,4.0,2.45,20.0,0.3,0.4,0.6,-5.81,-4.11,-2.69,-4.24,4.0,1.84,20.0,0.3,0.4,0.6,-0.78,2.21,4.97,2.1,4.0,3.66,20.0,0.3,0.4,0.6,1007.19,1010.0,1010.76,1009.14,5.0,2.39,16.0,0.2,0.4,0.7,3.6,5.0,7.0,5.2,5.0,1.8,16.0,0.2,0.4,0.7,-42.7,-27.9,-9.8,-26.3,4.0,19.1,20.0,0.3,0.4,0.6,-6.9,9.3,34.7,13.7,4.0,28.3,20.0,0.3,0.4,0.6,-2.83,-0.3,1.24,-0.56,5.0,2.64,16.0,0.2,0.4,0.7,-5.3,-0.7,14.6,4.4,4.0,16.1,20.0,0.3,0.4,0.6,2.3,4.36,5.2,3.8,5.0,2.07,16.0,0.2,0.4,0.7,15.9,21.0,36.8,26.1,4.0,16.6,20.0,0.3,0.4,0.6,-147.0,-104.7,-76.2,-111.3,4.0,42.9,20.0,0.3,0.4,0.6,-18.7,61.2,126.1,54.0,4.0,91.8,20.0,0.3,0.4,0.6,-102.3,-72.4,-46.4,-74.3,4.0,33.3,20.0,0.3,0.4,0.6,-14.3,39.0,87.3,36.6,4.0,64.4,20.0,0.3,0.4,0.6,-26.7,-16.8,-12.1,-19.3,4.0,9.5,20.0,0.3,0.4,0.6,-2.0,9.8,27.4,12.6,4.0,19.6,20.0,0.3,0.4,0.6,55.5,199.0,432.0,242.0,4.0,238.5,20.0,0.3,0.4,0.6,55.0,200.0,430.0,240.0,4.0,240.0,20.0,0.3,0.4,0.6
1974,2,171.0,-23.0,27.32,27.85,29.08,28.08,6.0,0.97,18.0,0.7,0.5,0.5,26.45,27.8,28.22,27.44,5.0,1.0,18.0,0.6,0.6,0.6,18.67,18.87,19.57,19.09,5.0,0.6,18.0,0.6,0.6,0.6,78.2,83.8,87.4,83.2,5.0,5.3,18.0,0.6,0.6,4.05,5.7,7.83,5.98,5.0,2.52,18.0,0.6,0.6,0.6,-6.02,-4.37,-3.11,-4.7,5.0,2.26,18.0,0.6,0.6,0.6,-4.12,-1.55,2.12,-0.86,5.0,4.18,18.0,0.6,0.6,0.6,1002.34,1005.9,1010.47,1006.28,5.0,4.35,18.0,0.6,0.6,0.6,2.0,4.0,4.0,3.2,5.0,1.1,18.0,0.6,0.6,0.6,-46.2,-22.4,-16.5,-32.0,5.0,29.3,18.0,0.6,0.6,0.6,-30.8,-4.8,14.2,-7.0,5.0,31.8,18.0,0.6,0.6,0.6,-1.07,1.2,2.36,0.78,5.0,1.81,18.0,0.6,0.6,0.6,-4.5,9.7,14.3,6.0,5.0,10.7,18.0,0.6,0.6,0.6,3.47,4.94,6.89,5.08,5.0,1.91,18.0,0.6,0.6,0.6,17.3,22.8,54.6,33.5,5.0,23.2,18.0,0.6,0.6,0.6,-165.4,-120.5,-84.0,-129.1,5.0,63.3,18.0,0.6,0.6,0.6,-116.3,-43.4,56.4,-26.0,5.0,113.9,18.0,0.6,0.6,0.6,-113.6,-82.4,-59.6,-88.9,5.0,40.4,18.0,0.6,0.6,0.6,-76.9,-31.0,39.8,-16.3,5.0,78.2,18.0,0.6,0.6,0.6,-36.1,-22.7,-13.6,-25.6,5.0,18.9,18.0,0.6,0.6,0.6,-21.4,-4.0,15.2,-2.0,5.0,27.5,18.0,0.6,0.6,0.6,72.5,185.0,534.5,311.0,5.0,366.5,18.0,0.6,0.6,0.6,75.0,185.0,535.0,310.0,5.0,365.0,18.0,0.6,0.6,0.6
1974,2,171.0,-22.0,27.0,27.0,27.0,27.0,1.0,0.0,24.0,1.0,0.0,0.6,29.0,29.0,29.0,29.0,1.0,0.0,24.0,1.0,0.0,0.6,18.34,18.34,18.34,18.34,1.0,0.0,24.0,1.0,0.0,0.6,72.7,72.7,72.7,72.7,1.0,0.0,24.0,1.0,0.6,7.2,7.2,7.2,7.2,1.0,0.0,24.0,1.0,0.0,0.6,-6.24,-6.24,-6.24,-6.24,1.0,0.0,24.0,1.0,0.0,0.6,3.6,3.6,3.6,3.6,1.0,0.0,24.0,1.0,0.0,0.6,1003.5,1003.5,1003.5,1003.5,1.0,0.0,24.0,1.0,0.0,0.6,4.0,4.0,4.0,4.0,1.0,0.0,24.0,1.0,0.0,0.6,-44.9,-44.9,-44.9,-44.9,1.0,0.0,24.0,1.0,0.0,0.6,25.9,25.9,25.9,25.9,1.0,0.0,24.0,1.0,0.0,0.6,-2.0,-2.0,-2.0,-2.0,1.0,0.0,24.0,1.0,0.0,0.6,-14.4,-14.4,-14.4,-14.4,1.0,0.0,24.0,1.0,0.0,0.6,4.17,4.17,4.17,4.17,1.0,0.0,24.0,1.0,0.0,0.6,30.0,30.0,30.0,30.0,1.0,0.0,24.0,1.0,0.0,0.6,-180.8,-180.8,-180.8,-180.8,1.0,0.0,24.0,1.0,0.0,0.6,104.4,104.4,104.4,104.4,1.0,0.0,24.0,1.0,0.0,0.6,-114.3,-114.3,-114.3,-114.3,1.0,0.0,24.0,1.0,0.0,0.6,66.0,66.0,66.0,66.0,1.0,0.0,24.0,1.0,0.0,0.6,-26.0,-26.0,-26.0,-26.0,1.0,0.0,24.0,1.0,0.0,0.6,15.0,15.0,15.0,15.0,1.0,0.0,24.0,1.0,0.0,0.6,373.0,373.0,373.0,373.0,1.0,0.0,24.0,1.0,0.0,0.6,375.0,375.0,375.0,375.0,1.0,0.0,24.0,1.0,0.0,0.6
1974,2,171.0,-21.0,27.31,27.55,27.79,27.55,2.0,0.49,14.0,0.5,0.4,0.5,27.23,27.3,27.64,27.43,3.0,0.32,14.0,0.3,0.4,0.6,18.49,19.39,19.67,19.09,3.0,0.9,14.0,0.3,0.4,0.6,79.9,85.2,87.0,83.5,3.0,5.4,14.0,0.3,0.6,5.11,6.2,7.22,6.17,3.0,1.55,14.0,0.3,0.4,0.6,-7.11,-5.83,-4.8,-5.95,3.0,1.69,14.0,0.3,0.4,0.6,-1.45,0.0,1.07,-0.18,3.0,1.85,14.0,0.3,0.4,0.6,1009.58,1011.9,1012.04,1010.83,3.0,2.02,14.0,0.3,0.4,0.6,2.3,3.0,5.7,4.0,3.0,2.6,14.0,0.3,0.4,0.6,-51.9,-36.1,-25.0,-38.4,3.0,19.8,14.0,0.3,0.4,0.6,-9.0,0.0,4.9,-2.0,3.0,10.3,14.0,0.3,0.4,0.6,0.02,0.05,0.08,0.05,2.0,0.07,14.0,0.5,0.4,0.5,0.1,0.2,0.4,0.2,2.0,0.3,14.0,0.5,0.4,0.5,3.22,4.13,5.05,4.13,2.0,1.9,14.0,0.5,0.4,0.5,22.1,23.3,24.6,23.3,2.0,2.6,14.0,0.5,0.4,0.5,-193.4,-159.1,-132.5,-162.9,3.0,44.8,14.0,0.3,0.4,0.6,-39.5,0.0,29.9,-4.7,3.0,51.0,14.0,0.3,0.4,0.6,-139.9,-113.0,-89.2,-114.5,3.0,37.2,14.0,0.3,0.4,0.6,-28.1,0.0,19.4,-4.2,3.0,35.0,14.0,0.3,0.4,0.6,-23.3,-22.6,-21.8,-22.6,2.0,1.5,14.0,0.5,0.4,0.5,1.4,4.3,7.2,4.3,2.0,6.1,14.0,0.5,0.4,0.5,142.0,238.5,387.5,264.0,3.0,181.0,14.0,0.3,0.4,0.6,140.0,240.0,385.0,265.0,3.0,180.0,14.0,0.3,0.4,0.6
1974,2,171.0,-19.0,27.0,27.0,28.23,27.6,3.0,1.04,20.0,0.3,0.2,0.9,24.64,27.3,27.78,26.23,3.0,2.48,20.0,0.3,0.2,0.9,19.03,19.21,19.38,19.21,2.0,0.36,24.0,0.5,0.4,0.9,82.0,82.5,83.0,82.5,2.0,1.0,24.0,0.5,0.9,3.6,3.6,6.74,5.13,3.0,2.66,20.0,0.3,0.2,0.9,-6.33,-2.31,-1.96,-4.1,3.0,3.56,20.0,0.3,0.2,0.9,0.88,2.76,3.0,1.96,3.0,1.71,20.0,0.3,0.2,0.9,1005.56,1007.2,1012.05,1008.77,3.0,4.94,20.0,0.3,0.2,0.9,4.3,5.0,6.4,5.3,3.0,1.5,20.0,0.3,0.2,0.9,-48.5,-8.3,-7.1,-27.4,3.0,34.6,20.0,0.3,0.2,0.9,3.2,9.9,10.8,7.1,3.0,6.1,20.0,0.3,0.2,0.9,0.05,0.8,2.71,1.37,3.0,2.01,20.0,0.3,0.2,0.9,0.2,2.9,21.1,10.4,3.0,16.6,20.0,0.3,0.2,0.9,3.81,4.52,5.22,4.52,2.0,1.47,24.0,0.5,0.4,0.9,13.7,16.3,18.8,16.3,2.0,5.3,24.0,0.5,0.4,0.9,-151.0,-63.2,-54.5,-101.8,3.0,78.3,20.0,0.3,0.2,0.9,23.9,75.3,83.5,54.2,3.0,47.3,20.0,0.3,0.2,0.9,-42.5,-39.4,-36.4,-39.4,2.0,6.2,24.0,0.5,0.4,0.9,53.6,56.5,59.3,56.5,2.0,6.0,24.0,0.5,0.4,0.9,-9.7,-9.0,-8.4,-9.0,2.0,1.4,24.0,0.5,0.4,0.9,10.8,13.5,16.1,13.5,2.0,5.5,24.0,0.5,0.4,0.9,46.5,46.5,391.0,215.0,3.0,291.5,20.0,0.3,0.2,0.9,45.0,45.0,390.0,215.0,3.0,290.0,20.0,0.3,0.2,0.9
1974,2,171.0,-17.0,28.0,28.0,28.0,28.0,1.0,0.0,10.0,0.0,0.0,1.0,27.0,27.0,27.0,27.0,1.0,0.0,10.0,0.0,0.0,1.0,17.85,17.85,17.85,17.85,1.0,0.0,10.0,0.0,0.0,1.0,79.7,79.7,79.7,79.7,1.0,0.0,10.0,0.0,1.0,0.0,0.0,0.0,0.0,1.0,0.0,10.0,0.0,0.0,1.0,0.0,0.0,0.0,0.0,1.0,0.0,10.0,0.0,0.0,1.0,0.0,0.0,0.0,0.0,1.0,0.0,10.0,0.0,0.0,1.0,1006.0,1006.0,1006.0,1006.0,1.0,0.0,10.0,0.0,0.0,1.0,4.0,4.0,4.0,4.0,1.0,0.0,10.0,0.0,0.0,1.0,0.0,0.0,0.0,0.0,1.0,0.0,10.0,0.0,0.0,1.0,0.0,0.0,0.0,0.0,1.0,0.0,10.0,0.0,0.0,1.0,1.0,1.0,1.0,1.0,1.0,0.0,10.0,0.0,0.0,1.0,0.0,0.0,0.0,0.0,1.0,0.0,10.0,0.0,0.0,1.0,5.98,5.98,5.98,5.98,1.0,0.0,10.0,0.0,0.0,1.0,0.0,0.0,0.0,0.0,1.0,0.0,10.0,0.0,0.0,1.0,0.0,0.0,0.0,0.0,1.0,0.0,10.0,0.0,0.0,1.0,0.0,0.0,0.0,0.0,1.0,0.0,10.0,0.0,0.0,1.0,0.0,0.0,0.0,0.0,1.0,0.0,10.0,0.0,0.0,1.0,0.0,0.0,0.0,0.0,1.0,0.0,10.0,0.0,0.0,1.0,0.0,0.0,0.0,0.0,1.0,0.0,10.0,0.0,0.0,1.0,0.0,0.0,0.0,0.0,1.0,0.0,10.0,0.0,0.0,1.0,0.0,0.0,0.0,0.0,1.0,0.0,10.0,0.0,0.0,1.0,0.0,0.0,0.0,0.0,1.0,0.0,10.0,0.0,0.0,1.0
1974,2,171.0,-16.0,30.0,30.0,30.0,30.0,2.0,0.0,14.0,0.0,0.5,0.9,27.08,27.25,27.42,27.25,2.0,0.35,14.0,0.0,0.5,0.9,18.71,18.72,18.72,18.72,2.0,0.02,14.0,0.0,0.5,0.9,81.6,82.5,83.3,82.5,2.0,1.7,14.0,0.0,0.9,5.1,5.1,5.1,5.1,2.0,0.0,14.0,0.0,0.5,0.9,-4.73,-4.6,-4.48,-4.6,2.0,0.27,14.0,0.0,0.5,0.9,1.87,2.15,2.42,2.15,2.0,0.57,14.0,0.0,0.5,0.9,1006.99,1007.4,1007.81,1007.4,2.0,0.85,14.0,0.0,0.5,0.9,2.2,2.5,2.8,2.5,2.0,0.7,14.0,0.0,0.5,0.9,-24.1,-23.5,-22.8,-23.5,2.0,1.4,14.0,0.0,0.5,0.9,9.5,11.0,12.4,11.0,2.0,2.9,14.0,0.0,0.5,0.9,2.58,2.75,2.92,2.75,2.0,0.35,14.0,0.0,0.5,0.9,13.2,14.0,14.9,14.0,2.0,1.8,14.0,0.0,0.5,0.9,8.05,8.05,8.06,8.05,2.0,0.01,14.0,0.0,0.5,0.9,41.1,41.1,41.1,41.1,2.0,0.0,14.0,0.0,0.5,0.9,-128.1,-125.4,-122.7,-125.4,2.0,5.6,14.0,0.0,0.5,0.9,50.8,58.6,66.5,58.6,2.0,16.3,14.0,0.0,0.5,0.9,-88.5,-86.2,-83.8,-86.2,2.0,4.9,14.0,0.0,0.5,0.9,35.0,40.2,45.4,40.2,2.0,10.7,14.0,0.0,0.5,0.9,-38.1,-37.1,-36.1,-37.1,2.0,2.1,14.0,0.0,0.5,0.9,15.1,17.3,19.5,17.3,2.0,4.6,14.0,0.0,0.5,0.9,132.5,132.5,132.5,132.5,2.0,0.0,14.0,0.0,0.5,0.9,135.0,135.0,135.0,135.0,2.0,0.0,14.0,0.0,0.5,0.9
1974,2,171.0,-15.0,28.8,28.8,28.8,28.8,1.0,0.0,24.0,1.0,0.2,0.9,28.8,28.8,28.8,28.8,1.0,0.0,24.0,1.0,0.2,0.9,19.4,19.4,19.4,19.4,1.0,0.0,24.0,1.0,0.2,0.9,77.6,77.6,77.6,77.6,1.0,0.0,24.0,1.0,0.9,7.2,7.2,7.2,7.2,1.0,0.0,24.0,1.0,0.2,0.9,3.6,3.6,3.6,3.6,1.0,0.0,24.0,1.0,0.2,0.9,6.24,6.24,6.24,6.24,1.0,0.0,24.0,1.0,0.2,0.9,1002.0,1002.0,1002.0,1002.0,1.0,0.0,24.0,1.0,0.2,0.9,5.0,5.0,5.0,5.0,1.0,0.0,24.0,1.0,0.2,0.9,25.9,25.9,25.9,25.9,1.0,0.0,24.0,1.0,0.2,0.9,44.9,44.9,44.9,44.9,1.0,0.0,24.0,1.0,0.2,0.9,0.0,0.0,0.0,0.0,1.0,0.0,24.0,1.0,0.2,0.9,0.0,0.0,0.0,0.0,1.0,0.0,24.0,1.0,0.2,0.9,5.69,5.69,5.69,5.69,1.0,0.0,24.0,1.0,0.2,0.9,40.9,40.9,40.9,40.9,1.0,0.0,24.0,1.0,0.2,0.9,103.7,103.7,103.7,103.7,1.0,0.0,24.0,1.0,0.2,0.9,179.6,179.6,179.6,179.6,1.0,0.0,24.0,1.0,0.2,0.9,69.8,69.8,69.8,69.8,1.0,0.0,24.0,1.0,0.2,0.9,121.0,121.0,121.0,121.0,1.0,0.0,24.0,1.0,0.2,0.9,20.5,20.5,20.5,20.5,1.0,0.0,24.0,1.0,0.2,0.9,35.5,35.5,35.5,35.5,1.0,0.0,24.0,1.0,0.2,0.9,373.0,373.0,373.0,373.0,1.0,0.0,24.0,1.0,0.2,0.9,375.0,375.0,375.0,375.0,1.0,0.0,24.0,1.0,0.2,0.9
1974,2,171.0,-9.0,28.9,28.9,28.9,28.9,1.0,0.0,8.0,0.0,0.0,0.9,27.0,27.0,27.0,27.0,1.0,0.0,8.0,0.0,0.0,0.9,17.17,17.17,17.17,17.17,1.0,0.0,8.0,0.0,0.0,0.9,76.9,76.9,76.9,76.9,1.0,0.0,8.0,0.0,0.9,2.6,2.6,2.6,2.6,1.0,0.0,8.0,0.0,0.0,0.9,-1.67,-1.67,-1.67,-1.67,1.0,0.0,8.0,0.0,0.0,0.9,-1.99,-1.99,-1.99,-1.99,1.0,0.0,8.0,0.0,0.0,0.9,1008.2,1008.2,1008.2,1008.2,1.0,0.0,8.0,0.0,0.0,0.9,6.0,6.0,6.0,6.0,1.0,0.0,8.0,0.0,0.0,0.9,-4.3,-4.3,-4.3,-4.3,1.0,0.0,8.0,0.0,0.0,0.9,-5.2,-5.2,-5.2,-5.2,1.0,0.0,8.0,0.0,0.0,0.9,1.9,1.9,1.9,1.9,1.0,0.0,8.0,0.0,0.0,0.9,4.9,4.9,4.9,4.9,1.0,0.0,8.0,0.0,0.0,0.9,7.91,7.91,7.91,7.91,1.0,0.0,8.0,0.0,0.0,0.9,20.6,20.6,20.6,20.6,1.0,0.0,8.0,0.0,0.0,0.9,-45.1,-45.1,-45.1,-45.1,1.0,0.0,8.0,0.0,0.0,0.9,-53.8,-53.8,-53.8,-53.8,1.0,0.0,8.0,0.0,0.0,0.9,-28.7,-28.7,-28.7,-28.7,1.0,0.0,8.0,0.0,0.0,0.9,-34.2,-34.2,-34.2,-34.2,1.0,0.0,8.0,0.0,0.0,0.9,-13.2,-13.2,-13.2,-13.2,1.0,0.0,8.0,0.0,0.0,0.9,-15.7,-15.7,-15.7,-15.7,1.0,0.0,8.0,0.0,0.0,0.9,17.5,17.5,17.5,17.5,1.0,0.0,8.0,0.0,0.0,0.9,20.0,20.0,20.0,20.0,1.0,0.0,8.0,0.0,0.0,0.9
1974,2,171.0,-8.0,29.0,29.0,29.0,29.0,1.0,0.0,8.0,0.0,0.2,0.8,27.0,27.0,27.0,27.0,1.0,0.0,8.0,0.0,0.2,0.8,17.21,17.21,17.21,17.21,1.0,0.0,8.0,0.0,0.2,0.8,76.9,76.9,76.9,76.9,1.0,0.0,8.0,0.0,0.8,4.6,4.6,4.6,4.6,1.0,0.0,8.0,0.0,0.2,0.8,-2.96,-2.96,-2.96,-2.96,1.0,0.0,8.0,0.0,0.2,0.8,-3.52,-3.52,-3.52,-3.52,1.0,0.0,8.0,0.0,0.2,0.8,1006.0,1006.0,1006.0,1006.0,1.0,0.0,8.0,0.0,0.2,0.8,,,,,,,,,,,,,,,,,,,,,,,,,,,,,,,2.0,2.0,2.0,2.0,1.0,0.0,8.0,0.0,0.2,0.8,9.2,9.2,9.2,9.2,1.0,0.0,8.0,0.0,0.2,0.8,8.07,8.07,8.07,8.07,1.0,0.0,8.0,0.0,0.2,0.8,37.1,37.1,37.1,37.1,1.0,0.0,8.0,0.0,0.2,0.8,-79.8,-79.8,-79.8,-79.8,1.0,0.0,8.0,0.0,0.2,0.8,-95.1,-95.1,-95.1,-95.1,1.0,0.0,8.0,0.0,0.2,0.8,-50.9,-50.9,-50.9,-50.9,1.0,0.0,8.0,0.0,0.2,0.8,-60.6,-60.6,-60.6,-60.6,1.0,0.0,8.0,0.0,0.2,0.8,-23.9,-23.9,-23.9,-23.9,1.0,0.0,8.0,0.0,0.2,0.8,-28.4,-28.4,-28.4,-28.4,1.0,0.0,8.0,0.0,0.2,0.8,97.5,97.5,97.5,97.5,1.0,0.0,8.0,0.0,0.2,0.8,95.0,95.0,95.0,95.0,1.0,0.0,8.0,0.0,0.2,0.8
1974,2,171.0,-7.0,29.0,29.0,29.0,29.0,1.0,0.0,8.0,0.0,0.3,0.7,27.5,27.5,27.5,27.5,1.0,0.0,8.0,0.0,0.3,0.7,18.63,18.63,18.63,18.63,1.0,0.0,8.0,0.0,0.3,0.7,80.8,80.8,80.8,80.8,1.0,0.0,8.0,0.0,0.7,4.6,4.6,4.6,4.6,1.0,0.0,8.0,0.0,0.3,0.7,-4.32,-4.32,-4.32,-4.32,1.0,0.0,8.0,0.0,0.3,0.7,-1.57,-1.57,-1.57,-1.57,1.0,0.0,8.0,0.0,0.3,0.7,1006.0,1006.0,1006.0,1006.0,1.0,0.0,8.0,0.0,0.3,0.7,3.0,3.0,3.0,3.0,1.0,0.0,8.0,0.0,0.3,0.7,-19.9,-19.9,-19.9,-19.9,1.0,0.0,8.0,0.0,0.3,0.7,-7.2,-7.2,-7.2,-7.2,1.0,0.0,8.0,0.0,0.3,0.7,1.5,1.5,1.5,1.5,1.0,0.0,8.0,0.0,0.3,0.7,6.9,6.9,6.9,6.9,1.0,0.0,8.0,0.0,0.3,0.7,6.65,6.65,6.65,6.65,1.0,0.0,8.0,0.0,0.3,0.7,30.6,30.6,30.6,30.6,1.0,0.0,8.0,0.0,0.3,0.7,-118.9,-118.9,-118.9,-118.9,1.0,0.0,8.0,0.0,0.3,0.7,-43.3,-43.3,-43.3,-43.3,1.0,0.0,8.0,0.0,0.3,0.7,-80.5,-80.5,-80.5,-80.5,1.0,0.0,8.0,0.0,0.3,0.7,-29.3,-29.3,-29.3,-29.3,1.0,0.0,8.0,0.0,0.3,0.7,-28.7,-28.7,-28.7,-28.7,1.0,0.0,8.0,0.0,0.3,0.7,-10.5,-10.5,-10.5,-10.5,1.0,0.0,8.0,0.0,0.3,0.7,97.5,97.5,97.5,97.5,1.0,0.0,8.0,0.0,0.3,0.7,95.0,95.0,95.0,95.0,1.0,0.0,8.0,0.0,0.3,0.7
1974,2,171.0,-6.0,29.0,29.0,29.0,29.0,1.0,0.0,8.0,1.0,0.5,0.6,28.3,28.3,28.3,28.3,1.0,0.0,8.0,1.0,0.5,0.6,17.4,17.4,17.4,17.4,1.0,0.0,8.0,1.0,0.5,0.6,72.1,72.1,72.1,72.1,1.0,0.0,8.0,1.0,0.6,9.3,9.3,9.3,9.3,1.0,0.0,8.0,1.0,0.5,0.6,-9.16,-9.16,-9.16,-9.16,1.0,0.0,8.0,1.0,0.5,0.6,-1.61,-1.61,-1.61,-1.61,1.0,0.0,8.0,1.0,0.5,0.6,1007.0,1007.0,1007.0,1007.0,1.0,0.0,8.0,1.0,0.5,0.6,3.0,3.0,3.0,3.0,1.0,0.0,8.0,1.0,0.5,0.6,-85.2,-85.2,-85.2,-85.2,1.0,0.0,8.0,1.0,0.5,0.6,-15.0,-15.0,-15.0,-15.0,1.0,0.0,8.0,1.0,0.5,0.6,0.7,0.7,0.7,0.7,1.0,0.0,8.0,1.0,0.5,0.6,6.5,6.5,6.5,6.5,1.0,0.0,8.0,1.0,0.5,0.6,7.85,7.85,7.85,7.85,1.0,0.0,8.0,1.0,0.5,0.6,73.0,73.0,73.0,73.0,1.0,0.0,8.0,1.0,0.5,0.6,-259.2,-259.2,-259.2,-259.2,1.0,0.0,8.0,1.0,0.5,0.6,-45.7,-45.7,-45.7,-45.7,1.0,0.0,8.0,1.0,0.5,0.6,-159.4,-159.4,-159.4,-159.4,1.0,0.0,8.0,1.0,0.5,0.6,-28.1,-28.1,-28.1,-28.1,1.0,0.0,8.0,1.0,0.5,0.6,-71.9,-71.9,-71.9,-71.9,1.0,0.0,8.0,1.0,0.5,0.6,-12.7,-12.7,-12.7,-12.7,1.0,0.0,8.0,1.0,0.5,0.6,804.5,804.5,804.5,804.5,1.0,0.0,8.0,1.0,0.5,0.6,805.0,805.0,805.0,805.0,1.0,0.0,8.0,1.0,0.5,0.6
1974,2,171.0,-5.0,29.0,29.0,29.0,29.0,1.0,0.0,8.0,1.0,0.7,0.5,28.5,28.5,28.5,28.5,1.0,0.0,8.0,1.0,0.7,0.5,18.07,18.07,18.07,18.07,1.0,0.0,8.0,1.0,0.7,0.5,73.9,73.9,73.9,73.9,1.0,0.0,8.0,1.0,0.5,12.3,12.3,12.3,12.3,1.0,0.0,8.0,1.0,0.7,0.5,-12.11,-12.11,-12.11,-12.11,1.0,0.0,8.0,1.0,0.7,0.5,-2.14,-2.14,-2.14,-2.14,1.0,0.0,8.0,1.0,0.7,0.5,1006.0,1006.0,1006.0,1006.0,1.0,0.0,8.0,1.0,0.7,0.5,6.0,6.0,6.0,6.0,1.0,0.0,8.0,1.0,0.7,0.5,-149.0,-149.0,-149.0,-149.0,1.0,0.0,8.0,1.0,0.7,0.5,-26.3,-26.3,-26.3,-26.3,1.0,0.0,8.0,1.0,0.7,0.5,0.5,0.5,0.5,0.5,1.0,0.0,8.0,1.0,0.7,0.5,6.2,6.2,6.2,6.2,1.0,0.0,8.0,1.0,0.7,0.5,7.21,7.21,7.21,7.21,1.0,0.0,8.0,1.0,0.7,0.5,88.7,88.7,88.7,88.7,1.0,0.0,8.0,1.0,0.7,0.5,-345.2,-345.2,-345.2,-345.2,1.0,0.0,8.0,1.0,0.7,0.5,-60.9,-60.9,-60.9,-60.9,1.0,0.0,8.0,1.0,0.7,0.5,-218.9,-218.9,-218.9,-218.9,1.0,0.0,8.0,1.0,0.7,0.5,-38.6,-38.6,-38.6,-38.6,1.0,0.0,8.0,1.0,0.7,0.5,-87.3,-87.3,-87.3,-87.3,1.0,0.0,8.0,1.0,0.7,0.5,-15.4,-15.4,-15.4,-15.4,1.0,0.0,8.0,1.0,0.7,0.5,1861.0,1861.0,1861.0,1861.0,1.0,0.0,8.0,1.0,0.7,0.5,1860.0,1860.0,1860.0,1860.0,1.0,0.0,8.0,1.0,0.7,0.5
1974,2,171.0,-4.0,29.0,29.0,29.0,29.0,1.0,0.0,8.0,0.0,0.3,0.4,27.5,27.5,27.5,27.5,1.0,0.0,8.0,0.0,0.3,0.4,18.74,18.74,18.74,18.74,1.0,0.0,8.0,0.0,0.3,0.4,81.2,81.2,81.2,81.2,1.0,0.0,8.0,0.0,0.4,4.6,4.6,4.6,4.6,1.0,0.0,8.0,0.0,0.3,0.4,-4.32,-4.32,-4.32,-4.32,1.0,0.0,8.0,0.0,0.3,0.4,-1.57,-1.57,-1.57,-1.57,1.0,0.0,8.0,0.0,0.3,0.4,1006.0,1006.0,1006.0,1006.0,1.0,0.0,8.0,0.0,0.3,0.4,3.0,3.0,3.0,3.0,1.0,0.0,8.0,0.0,0.3,0.4,-19.9,-19.9,-19.9,-19.9,1.0,0.0,8.0,0.0,0.3,0.4,-7.2,-7.2,-7.2,-7.2,1.0,0.0,8.0,0.0,0.3,0.4,1.5,1.5,1.5,1.5,1.0,0.0,8.0,0.0,0.3,0.4,6.9,6.9,6.9,6.9,1.0,0.0,8.0,0.0,0.3,0.4,6.54,6.54,6.54,6.54,1.0,0.0,8.0,0.0,0.3,0.4,30.1,30.1,30.1,30.1,1.0,0.0,8.0,0.0,0.3,0.4,-118.9,-118.9,-118.9,-118.9,1.0,0.0,8.0,0.0,0.3,0.4,-43.3,-43.3,-43.3,-43.3,1.0,0.0,8.0,0.0,0.3,0.4,-81.0,-81.0,-81.0,-81.0,1.0,0.0,8.0,0.0,0.3,0.4,-29.5,-29.5,-29.5,-29.5,1.0,0.0,8.0,0.0,0.3,0.4,-28.3,-28.3,-28.3,-28.3,1.0,0.0,8.0,0.0,0.3,0.4,-10.3,-10.3,-10.3,-10.3,1.0,0.0,8.0,0.0,0.3,0.4,97.5,97.5,97.5,97.5,1.0,0.0,8.0,0.0,0.3,0.4,95.0,95.0,95.0,95.0,1.0,0.0,8.0,0.0,0.3,0.4
1974,2,171.0,2.0,,,,,,,,,,,,,,,,,,,,,,,,,,,,,,,,,,,,,,,,6.7,6.7,6.7,6.7,2.0,0.0,24.0,1.0,0.8,0.1,-5.8,-5.8,-5.8,-5.8,2.0,0.0,24.0,1.0,0.8,0.1,-3.35,-3.35,-3.35,-3.35,2.0,0.0,24.0,1.0,0.8,0.1,1006.0,1006.0,1006.0,1006.0,1.0,0.0,24.0,1.0,0.8,0.1,,,,,,,,,,,,,,,,,,,,,,,,,,,,,,,,,,,,,,,,,,,,,,,,,,,,,,,,,,,,,,,,,,,,,,,,,,,,,,,,,,,,,,,,,,,,,,,,,,,,,,,,,,,,,,,,,,,,,,,,,,,,,,,,,,,,,,,,,,,,,,,,,,,,,,
1974,2,171.0,3.0,26.2,26.2,26.2,26.2,1.0,0.0,12.0,1.0,0.4,0.3,26.8,26.8,26.8,26.8,1.0,0.0,12.0,1.0,0.4,0.3,19.91,19.91,19.91,19.91,1.0,0.0,12.0,1.0,0.4,0.3,89.9,89.9,89.9,89.9,1.0,0.0,12.0,1.0,0.3,7.2,7.2,7.2,7.2,1.0,0.0,12.0,1.0,0.4,0.3,-6.77,-6.77,-6.77,-6.77,1.0,0.0,12.0,1.0,0.4,0.3,2.46,2.46,2.46,2.46,1.0,0.0,12.0,1.0,0.4,0.3,1006.0,1006.0,1006.0,1006.0,1.0,0.0,12.0,1.0,0.4,0.3,4.0,4.0,4.0,4.0,1.0,0.0,12.0,1.0,0.4,0.3,-48.7,-48.7,-48.7,-48.7,1.0,0.0,12.0,1.0,0.4,0.3,17.7,17.7,17.7,17.7,1.0,0.0,12.0,1.0,0.4,0.3,-0.6,-0.6,-0.6,-0.6,1.0,0.0,12.0,1.0,0.4,0.3,-4.3,-4.3,-4.3,-4.3,1.0,0.0,12.0,1.0,0.4,0.3,1.49,1.49,1.49,1.49,1.0,0.0,12.0,1.0,0.4,0.3,10.7,10.7,10.7,10.7,1.0,0.0,12.0,1.0,0.4,0.3,-181.3,-181.3,-181.3,-181.3,1.0,0.0,12.0,1.0,0.4,0.3,66.0,66.0,66.0,66.0,1.0,0.0,12.0,1.0,0.4,0.3,-134.7,-134.7,-134.7,-134.7,1.0,0.0,12.0,1.0,0.4,0.3,49.0,49.0,49.0,49.0,1.0,0.0,12.0,1.0,0.4,0.3,-10.1,-10.1,-10.1,-10.1,1.0,0.0,12.0,1.0,0.4,0.3,3.7,3.7,3.7,3.7,1.0,0.0,12.0,1.0,0.4,0.3,373.0,373.0,373.0,373.0,1.0,0.0,12.0,1.0,0.4,0.3,375.0,375.0,375.0,375.0,1.0,0.0,12.0,1.0,0.4,0.3
1974,2,171.0,4.0,26.8,26.8,26.8,26.8,1.0,0.0,12.0,0.0,0.9,0.6,26.2,26.2,26.2,26.2,1.0,0.0,12.0,0.0,0.9,0.6,18.93,18.93,18.93,18.93,1.0,0.0,12.0,0.0,0.9,0.6,88.8,88.8,88.8,88.8,1.0,0.0,12.0,0.0,0.6,7.7,7.7,7.7,7.7,1.0,0.0,12.0,0.0,0.9,0.6,-7.58,-7.58,-7.58,-7.58,1.0,0.0,12.0,0.0,0.9,0.6,1.34,1.34,1.34,1.34,1.0,0.0,12.0,0.0,0.9,0.6,1008.0,1008.0,1008.0,1008.0,1.0,0.0,12.0,0.0,0.9,0.6,0.0,0.0,0.0,0.0,1.0,0.0,12.0,0.0,0.9,0.6,-58.4,-58.4,-58.4,-58.4,1.0,0.0,12.0,0.0,0.9,0.6,10.3,10.3,10.3,10.3,1.0,0.0,12.0,0.0,0.9,0.6,0.6,0.6,0.6,0.6,1.0,0.0,12.0,0.0,0.9,0.6,4.6,4.6,4.6,4.6,1.0,0.0,12.0,0.0,0.9,0.6,3.21,3.21,3.21,3.21,1.0,0.0,12.0,0.0,0.9,0.6,24.7,24.7,24.7,24.7,1.0,0.0,12.0,0.0,0.9,0.6,-198.7,-198.7,-198.7,-198.7,1.0,0.0,12.0,0.0,0.9,0.6,35.0,35.0,35.0,35.0,1.0,0.0,12.0,0.0,0.9,0.6,-143.6,-143.6,-143.6,-143.6,1.0,0.0,12.0,0.0,0.9,0.6,25.3,25.3,25.3,25.3,1.0,0.0,12.0,0.0,0.9,0.6,-24.3,-24.3,-24.3,-24.3,1.0,0.0,12.0,0.0,0.9,0.6,4.3,4.3,4.3,4.3,1.0,0.0,12.0,0.0,0.9,0.6,456.5,456.5,456.5,456.5,1.0,0.0,12.0,0.0,0.9,0.6,455.0,455.0,455.0,455.0,1.0,0.0,12.0,0.0,0.9,0.6
1974,2,171.0,10.0,25.7,25.9,26.1,25.9,2.0,0.42,6.0,0.5,0.1,0.7,26.8,27.0,27.2,27.0,2.0,0.42,6.0,0.5,0.1,0.7,15.92,16.04,16.17,16.04,2.0,0.27,6.0,0.5,0.1,0.7,71.6,71.9,72.1,71.9,2.0,0.5,6.0,0.5,0.7,10.87,12.1,13.33,12.1,2.0,2.55,6.0,0.5,0.1,0.7,-11.66,-10.86,-10.05,-10.86,2.0,1.67,6.0,0.5,0.1,0.7,-6.41,-5.24,-4.07,-5.24,2.0,2.42,6.0,0.5,0.1,0.7,1007.71,1008.15,1008.59,1008.15,2.0,0.92,6.0,0.5,0.1,0.7,3.0,3.0,3.0,3.0,2.0,0.0,6.0,0.5,0.1,0.7,-156.6,-133.5,-110.4,-133.5,2.0,47.8,6.0,0.5,0.1,0.7,-87.0,-66.4,-45.9,-66.4,2.0,42.7,6.0,0.5,0.1,0.7,-1.1,-1.1,-1.1,-1.1,2.0,0.0,6.0,0.5,0.1,0.7,-14.7,-13.3,-12.0,-13.3,2.0,2.8,6.0,0.5,0.1,0.7,4.82,4.94,5.06,4.94,2.0,0.25,6.0,0.5,0.1,0.7,54.8,59.4,64.0,59.4,2.0,9.6,6.0,0.5,0.1,0.7,-312.3,-292.8,-273.3,-292.8,2.0,40.4,6.0,0.5,0.1,0.7,-171.4,-140.9,-110.4,-140.9,2.0,63.2,6.0,0.5,0.1,0.7,-185.5,-174.0,-162.5,-174.0,2.0,23.9,6.0,0.5,0.1,0.7,-101.8,-83.7,-65.6,-83.7,2.0,37.5,6.0,0.5,0.1,0.7,-56.1,-53.4,-50.7,-53.4,2.0,5.5,6.0,0.5,0.1,0.7,-30.7,-25.6,-20.4,-25.6,2.0,10.7,6.0,0.5,0.1,0.7,1345.5,1889.0,2433.0,1889.0,2.0,1126.5,6.0,0.5,0.1,0.7,1345.0,1890.0,2435.0,1890.0,2.0,1125.0,6.0,0.5,0.1,0.7
1974,2,171.0,15.0,26.65,27.2,27.75,27.2,2.0,1.13,6.0,0.5,0.2,0.8,24.38,26.0,27.57,25.98,4.0,2.49,14.0,0.8,0.3,0.7,14.21,15.58,16.95,15.58,2.0,2.83,12.0,1.0,0.3,0.9,79.5,81.4,83.2,81.4,2.0,3.8,12.0,1.0,0.9,3.08,4.1,6.22,4.63,3.0,2.35,14.0,0.7,0.2,0.7,-5.74,-2.6,-2.22,-3.95,3.0,2.83,14.0,0.7,0.2,0.7,0.0,0.0,2.42,1.18,3.0,2.05,14.0,0.7,0.2,0.7,1014.35,1015.1,1017.97,1016.13,3.0,2.8,8.0,0.7,0.3,0.9,3.0,4.0,6.0,4.5,4.0,1.9,14.0,0.8,0.3,0.7,-38.1,-8.4,-7.3,-22.3,3.0,25.6,14.0,0.7,0.2,0.7,0.0,0.0,9.9,4.9,3.0,8.4,14.0,0.7,0.2,0.7,-0.78,-0.3,0.18,-0.3,2.0,0.99,6.0,0.5,0.2,0.8,-1.7,0.1,2.0,0.1,2.0,3.9,6.0,0.5,0.2,0.8,3.89,3.89,3.89,3.89,1.0,0.0,12.0,1.0,0.0,0.9,28.0,28.0,28.0,28.0,1.0,0.0,12.0,1.0,0.0,0.9,-151.7,-75.4,-60.3,-105.3,3.0,71.8,14.0,0.7,0.2,0.7,0.0,0.0,63.0,30.8,3.0,53.3,14.0,0.7,0.2,0.7,-126.6,-126.6,-126.6,-126.6,1.0,0.0,12.0,1.0,0.0,0.9,0.0,0.0,0.0,0.0,1.0,0.0,12.0,1.0,0.0,0.9,-28.0,-28.0,-28.0,-28.0,1.0,0.0,12.0,1.0,0.0,0.9,0.0,0.0,0.0,0.0,1.0,0.0,12.0,1.0,0.0,0.9,34.0,69.0,276.5,153.0,3.0,192.0,14.0,0.7,0.2,0.7,35.0,70.0,275.0,155.0,3.0,190.0,14.0,0.7,0.2,0.7
1974,2,171.0,16.0,28.0,28.0,28.0,28.0,1.0,0.0,20.0,1.0,0.5,0.5,27.16,27.5,27.84,27.5,2.0,0.71,20.0,1.0,0.3,0.4,17.51,17.51,17.51,17.51,1.0,0.0,20.0,1.0,0.5,0.5,78.8,78.8,78.8,78.8,1.0,0.0,20.0,1.0,0.5,1.9,3.85,5.8,3.85,2.0,4.03,20.0,1.0,0.3,0.4,-5.02,-3.33,-1.65,-3.33,2.0,3.49,20.0,1.0,0.3,0.4,-2.74,-1.42,-0.11,-1.42,2.0,2.72,20.0,1.0,0.3,0.4,1013.0,1013.0,1013.0,1013.0,1.0,0.0,20.0,1.0,0.5,0.5,6.3,7.0,7.7,7.0,2.0,1.4,20.0,1.0,0.3,0.4,-32.8,-19.9,-6.9,-19.9,2.0,26.9,20.0,1.0,0.3,0.4,-18.8,-11.0,-3.1,-11.0,2.0,16.2,20.0,1.0,0.3,0.4,1.0,1.0,1.0,1.0,1.0,0.0,20.0,1.0,0.5,0.5,1.0,1.0,1.0,1.0,1.0,0.0,20.0,1.0,0.5,0.5,6.15,6.15,6.15,6.15,1.0,0.0,20.0,1.0,0.5,0.5,6.2,6.2,6.2,6.2,1.0,0.0,20.0,1.0,0.5,0.5,-140.4,-92.9,-45.5,-92.9,2.0,98.3,20.0,1.0,0.3,0.4,-76.8,-40.1,-3.5,-40.1,2.0,75.9,20.0,1.0,0.3,0.4,-15.2,-15.2,-15.2,-15.2,1.0,0.0,20.0,1.0,0.5,0.5,8.8,8.8,8.8,8.8,1.0,0.0,20.0,1.0,0.5,0.5,-5.3,-5.3,-5.3,-5.3,1.0,0.0,20.0,1.0,0.5,0.5,3.1,3.1,3.1,3.1,1.0,0.0,20.0,1.0,0.5,0.5,48.5,151.0,253.0,151.0,2.0,212.0,20.0,1.0,0.3,0.4,50.0,150.0,255.0,150.0,2.0,210.0,20.0,1.0,0.3,0.4
1974,2,171.0,17.0,26.42,26.45,26.48,26.45,2.0,0.07,14.0,1.0,0.5,0.8,26.03,26.1,26.17,26.1,2.0,0.14,14.0,1.0,0.5,0.8,16.73,17.76,18.8,17.76,2.0,2.15,14.0,1.0,0.5,0.8,79.8,84.3,88.8,84.3,2.0,9.4,14.0,1.0,0.8,7.2,7.2,7.2,7.2,2.0,0.0,14.0,1.0,0.5,0.8,-7.09,-7.09,-7.09,-7.09,2.0,0.0,14.0,1.0,0.5,0.8,-1.25,-1.25,-1.25,-1.25,2.0,0.0,14.0,1.0,0.5,0.8,1014.2,1014.2,1014.2,1014.2,2.0,0.0,14.0,1.0,0.5,0.8,2.3,3.0,3.7,3.0,2.0,1.4,14.0,1.0,0.5,0.8,-51.1,-51.1,-51.1,-51.1,2.0,0.0,14.0,1.0,0.5,0.8,-9.0,-9.0,-9.0,-9.0,2.0,0.0,14.0,1.0,0.5,0.8,0.32,0.35,0.38,0.35,2.0,0.07,14.0,1.0,0.5,0.8,2.3,2.5,2.8,2.5,2.0,0.5,14.0,1.0,0.5,0.8,2.8,3.79,4.78,3.79,2.0,2.05,14.0,1.0,0.5,0.8,20.1,27.3,34.4,27.3,2.0,14.8,14.0,1.0,0.5,0.8,-185.5,-185.1,-184.6,-185.1,2.0,1.0,14.0,1.0,0.5,0.8,-32.7,-32.6,-32.5,-32.6,2.0,0.2,14.0,1.0,0.5,0.8,-133.3,-125.9,-118.6,-125.9,2.0,15.2,14.0,1.0,0.5,0.8,-23.5,-22.2,-20.9,-22.2,2.0,2.7,14.0,1.0,0.5,0.8,-33.9,-26.9,-19.8,-26.9,2.0,14.6,14.0,1.0,0.5,0.8,-6.0,-4.7,-3.5,-4.7,2.0,2.6,14.0,1.0,0.5,0.8,373.0,373.0,373.0,373.0,2.0,0.0,14.0,1.0,0.5,0.8,375.0,375.0,375.0,375.0,2.0,0.0,14.0,1.0,0.5,0.8
1974,2,171.0,18.0,25.92,26.1,27.05,26.46,5.0,0.92,16.0,0.4,0.6,0.5,23.68,24.6,25.44,24.54,5.0,0.95,16.0,0.4,0.6,0.5,11.28,14.44,15.49,13.43,4.0,3.02,14.0,0.3,0.6,0.5,60.5,74.3,80.1,70.5,4.0,13.8,14.0,0.3,0.5,2.74,5.65,7.72,5.25,4.0,3.05,14.0,0.5,0.6,0.5,-4.28,1.67,5.38,0.6,4.0,6.29,14.0,0.5,0.6,0.5,-0.8,1.41,1.96,0.62,4.0,2.34,14.0,0.5,0.6,0.5,1008.49,1012.2,1013.29,1010.95,4.0,3.8,14.0,0.3,0.6,0.5,1.9,4.0,5.0,3.5,4.0,2.5,20.0,0.5,0.6,0.5,-33.5,7.5,33.0,0.1,4.0,47.0,14.0,0.5,0.6,0.5,-11.0,3.9,12.0,0.6,4.0,17.1,14.0,0.5,0.6,0.5,1.0,2.2,2.67,1.92,5.0,0.87,16.0,0.4,0.6,0.5,4.7,9.8,15.3,10.0,4.0,7.2,14.0,0.5,0.6,0.5,5.9,6.4,9.64,7.71,4.0,3.01,14.0,0.3,0.6,0.5,22.3,48.1,49.4,36.1,3.0,22.4,12.0,0.3,0.4,0.6,-108.9,38.6,132.8,13.1,4.0,158.8,14.0,0.5,0.6,0.5,-21.9,33.7,49.3,14.6,4.0,59.0,14.0,0.5,0.6,0.5,-85.1,-7.0,21.7,-31.1,3.0,81.0,12.0,0.3,0.4,0.6,-26.1,12.8,17.2,-4.0,3.0,34.9,12.0,0.3,0.4,0.6,-32.0,-3.5,30.9,-0.6,3.0,46.1,12.0,0.3,0.4,0.6,-8.2,9.7,14.7,3.4,3.0,17.6,12.0,0.3,0.4,0.6,34.5,221.0,466.5,249.0,4.0,258.0,14.0,0.5,0.6,0.5,35.0,220.0,465.0,250.0,4.0,260.0,14.0,0.5,0.6,0.5
1974,2,171.0,19.0,25.94,26.9,28.0,26.92,6.0,0.98,20.0,0.0,0.3,0.4,24.44,24.75,25.0,24.7,6.0,0.31,20.0,0.0,0.3,0.4,14.55,15.38,17.17,15.65,5.0,1.66,18.0,0.0,0.3,0.5,75.1,80.4,87.1,80.3,5.0,8.0,18.0,0.0,0.5,4.89,7.45,11.18,8.4,6.0,4.45,20.0,0.0,0.3,0.4,-9.1,-4.26,6.4,-3.16,6.0,8.7,20.0,0.0,0.3,0.4,-2.68,-1.27,3.5,0.32,6.0,4.09,20.0,0.0,0.3,0.4,1010.87,1013.2,1014.68,1012.18,6.0,3.83,20.0,0.0,0.3,0.4,1.0,3.0,4.0,3.2,6.0,2.6,20.0,0.0,0.3,0.4,-99.6,-19.7,51.4,-42.1,6.0,119.4,20.0,0.0,0.3,0.4,-25.9,-6.5,29.3,1.8,6.0,41.3,20.0,0.0,0.3,0.4,1.1,2.05,3.56,2.22,6.0,1.23,20.0,0.0,0.3,0.4,9.5,19.4,28.2,18.6,6.0,11.5,20.0,0.0,0.3,0.4,4.66,6.39,8.01,6.26,5.0,1.96,18.0,0.0,0.3,0.5,22.5,63.6,87.4,57.5,5.0,37.1,18.0,0.0,0.3,0.5,-223.5,-106.5,157.8,-78.6,6.0,214.2,20.0,0.0,0.3,0.4,-65.8,-31.9,85.7,7.8,6.0,101.1,20.0,0.0,0.3,0.4,-161.8,-75.8,-14.5,-84.9,5.0,118.7,18.0,0.0,0.3,0.5,-43.9,-40.4,36.1,-5.9,5.0,61.4,18.0,0.0,0.3,0.5,-75.9,-23.7,9.1,-30.4,5.0,56.9,18.0,0.0,0.3,0.5,-19.6,-13.7,21.5,1.0,5.0,33.4,18.0,0.0,0.3,0.5,119.5,415.0,1674.5,1077.5,6.0,1701.0,20.0,0.0,0.3,0.4,120.0,415.0,1675.0,1075.0,6.0,1700.0,20.0,0.0,0.3,0.4
1974,2,171.0,21.0,23.29,23.9,24.65,23.97,3.0,1.0,14.0,0.3,0.4,0.4,23.57,25.0,25.98,24.86,5.0,1.52,14.0,0.6,0.3,0.6,14.72,15.56,16.31,15.52,4.0,0.94,18.0,0.5,0.4,0.5,76.2,80.9,87.8,82.0,4.0,7.6,18.0,0.5,0.5,3.1,3.6,5.1,4.0,5.0,1.02,14.0,0.6,0.3,0.6,-0.31,1.06,3.57,1.37,5.0,2.49,14.0,0.6,0.3,0.6,0.05,2.91,3.92,2.09,5.0,2.65,14.0,0.6,0.3,0.6,1010.64,1012.05,1013.09,1011.88,4.0,1.81,18.0,0.5,0.4,0.5,4.0,5.5,6.0,5.0,4.0,1.4,14.0,0.5,0.3,0.6,-0.6,4.5,15.0,6.5,5.0,10.2,14.0,0.6,0.3,0.6,0.6,9.0,20.0,9.9,5.0,12.1,14.0,0.6,0.3,0.6,-1.64,0.0,0.0,-0.8,3.0,1.39,14.0,0.3,0.4,0.4,-5.9,0.0,0.0,-2.9,3.0,5.0,14.0,0.3,0.4,0.4,2.76,3.31,3.82,3.29,3.0,0.77,14.0,0.3,0.4,0.4,9.4,10.3,17.4,13.3,3.0,6.4,14.0,0.3,0.4,0.4,-8.2,28.6,87.4,33.2,5.0,60.7,14.0,0.6,0.3,0.6,1.7,75.4,93.8,51.1,5.0,64.6,14.0,0.6,0.3,0.6,-14.4,31.8,57.1,21.8,4.0,45.9,18.0,0.5,0.4,0.5,-8.4,35.7,63.2,27.8,4.0,46.2,18.0,0.5,0.4,0.5,-4.2,3.6,6.9,1.4,3.0,8.4,14.0,0.3,0.4,0.4,-3.5,3.1,14.9,5.6,3.0,13.7,14.0,0.3,0.4,0.4,30.0,46.5,132.5,74.5,5.0,53.5,14.0,0.6,0.3,0.6,30.0,45.0,135.0,75.0,5.0,55.0,14.0,0.6,0.3,0.6
1974,2,171.0,22.0,24.5,25.1,26.18,25.33,4.0,1.06,16.0,0.3,0.5,0.4,22.15,24.15,25.31,23.75,4.0,2.02,16.0,0.3,0.5,0.4,14.46,15.36,16.14,15.3,4.0,1.07,16.0,0.3,0.5,0.4,80.1,83.9,87.3,83.7,4.0,5.3,16.0,0.3,0.4,2.6,3.35,5.99,4.25,4.0,2.41,16.0,0.3,0.5,0.4,-0.7,0.23,0.59,-0.04,4.0,0.91,16.0,0.3,0.5,0.4,-0.9,2.58,5.21,2.18,4.0,4.77,16.0,0.3,0.5,0.4,1012.64,1014.05,1014.72,1013.7,4.0,1.57,16.0,0.3,0.5,0.4,2.5,3.5,4.5,3.5,4.0,1.3,16.0,0.3,0.5,0.4,-5.4,0.6,2.1,-1.6,4.0,6.0,16.0,0.3,0.5,0.4,-5.5,6.7,33.8,13.8,4.0,31.7,16.0,0.3,0.5,0.4,-0.81,0.85,4.03,1.58,4.0,3.06,16.0,0.3,0.5,0.4,-3.7,1.7,14.9,5.4,4.0,12.6,16.0,0.3,0.5,0.4,3.05,4.51,6.74,4.88,4.0,2.34,16.0,0.3,0.5,0.4,11.6,17.2,26.5,19.0,4.0,10.0,16.0,0.3,0.5,0.4,-17.5,5.8,13.4,-1.7,4.0,22.1,16.0,0.3,0.5,0.4,-15.8,63.1,130.5,57.6,4.0,112.4,16.0,0.3,0.5,0.4,-11.6,3.6,8.6,-1.2,4.0,14.5,16.0,0.3,0.5,0.4,-11.1,39.6,84.7,37.0,4.0,74.2,16.0,0.3,0.5,0.4,-1.8,0.8,3.7,0.9,4.0,3.8,16.0,0.3,0.5,0.4,-12.4,11.7,17.2,2.8,4.0,23.5,16.0,0.3,0.5,0.4,17.5,43.0,272.0,140.0,4.0,212.5,16.0,0.3,0.5,0.4,20.0,45.0,270.0,140.0,4.0,210.0,16.0,0.3,0.5,0.4
1974,2,171.0,23.0,23.63,24.05,24.31,23.98,4.0,0.5,14.0,0.8,0.5,0.3,22.76,23.75,26.21,23.98,6.0,2.46,14.0,0.8,0.5,0.4,8.6,10.73,12.87,10.73,2.0,4.43,16.0,0.5,0.6,0.3,56.9,64.8,72.7,64.8,2.0,16.4,16.0,0.5,0.3,3.87,6.45,8.77,6.77,6.0,3.47,14.0,0.8,0.5,0.4,-5.46,-3.5,-0.71,-3.19,6.0,4.46,14.0,0.8,0.5,0.4,-7.0,-4.94,2.37,-3.32,6.0,4.65,14.0,0.8,0.5,0.4,1008.49,1015.0,1018.57,1013.6,4.0,6.77,14.0,0.8,0.5,0.3,2.8,5.0,6.2,4.7,6.0,2.0,14.0,0.8,0.5,0.4,-49.8,-20.9,0.5,-30.0,6.0,51.7,14.0,0.8,0.5,0.4,-62.8,-31.9,7.7,-34.1,6.0,43.2,14.0,0.8,0.5,0.4,-1.28,0.75,2.26,0.5,4.0,2.6,14.0,0.8,0.5,0.3,-3.1,8.0,19.9,8.4,4.0,14.8,14.0,0.8,0.5,0.3,6.22,7.8,9.38,7.8,2.0,3.27,16.0,0.5,0.6,0.3,71.9,74.3,76.7,74.3,2.0,5.0,16.0,0.5,0.6,0.3,-130.0,-79.1,-22.0,-75.4,6.0,104.4,14.0,0.8,0.5,0.4,-145.5,-117.4,63.4,-72.0,6.0,110.2,14.0,0.8,0.5,0.4,-119.9,-83.1,-46.4,-83.1,2.0,76.2,16.0,0.5,0.6,0.3,-104.8,-82.8,-60.9,-82.8,2.0,45.4,16.0,0.5,0.6,0.3,-51.8,-46.6,-41.3,-46.6,2.0,10.8,16.0,0.5,0.6,0.3,-63.9,-56.5,-49.0,-56.5,2.0,15.5,16.0,0.5,0.6,0.3,60.5,269.5,805.5,539.5,6.0,802.5,14.0,0.8,0.5,0.4,60.0,270.0,805.0,540.0,6.0,805.0,14.0,0.8,0.5,0.4
1974,2,171.0,24.0,22.96,23.9,24.41,23.93,6.0,1.13,16.0,0.8,0.3,0.4,22.06,22.85,24.71,23.52,6.0,2.24,16.0,0.8,0.3,0.4,11.37,12.85,14.49,12.88,5.0,2.15,16.0,0.8,0.2,0.5,66.5,75.0,84.2,75.2,5.0,11.6,16.0,0.8,0.5,3.89,7.2,10.22,7.97,6.0,5.31,16.0,0.8,0.3,0.4,-7.6,-0.93,6.69,-0.6,6.0,7.17,16.0,0.8,0.3,0.4,-5.31,-1.85,0.49,-3.26,6.0,6.31,16.0,0.8,0.3,0.4,1011.45,1013.9,1016.99,1014.18,6.0,3.01,16.0,0.8,0.3,0.4,2.0,4.0,7.2,4.5,6.0,2.8,16.0,0.8,0.3,0.4,-77.7,-4.8,47.4,-19.7,6.0,82.0,16.0,0.8,0.3,0.4,-74.0,-10.6,1.5,-52.4,6.0,112.2,16.0,0.8,0.3,0.4,-0.81,0.05,2.77,0.42,6.0,2.64,16.0,0.8,0.3,0.4,-6.2,0.3,21.7,5.2,6.0,24.5,16.0,0.8,0.3,0.4,3.56,5.25,7.74,5.69,5.0,3.43,16.0,0.8,0.2,0.5,14.0,35.2,67.0,42.6,5.0,37.2,16.0,0.8,0.2,0.5,-195.1,-19.0,153.0,-16.9,6.0,168.2,16.0,0.8,0.3,0.4,-127.3,-41.8,11.7,-72.5,6.0,136.4,16.0,0.8,0.3,0.4,-66.2,27.6,95.9,16.0,5.0,95.8,16.0,0.8,0.2,0.5,-91.0,-13.7,12.0,-41.9,5.0,91.4,16.0,0.8,0.2,0.5,-46.2,9.3,20.5,-7.9,5.0,37.4,16.0,0.8,0.2,0.5,-42.9,-12.0,4.0,-21.4,5.0,40.0,16.0,0.8,0.2,0.5,61.0,378.5,1642.0,1206.5,6.0,2275.5,16.0,0.8,0.3,0.4,60.0,380.0,1640.0,1205.0,6.0,2275.0,16.0,0.8,0.3,0.4
1974,2,171.0,25.0,22.57,23.2,24.0,23.21,12.0,0.68,18.0,0.5,0.5,0.6,18.45,20.0,22.35,20.31,12.0,2.03,18.0,0.5,0.5,0.6,8.63,10.38,13.35,10.89,10.0,2.38,16.0,0.6,0.6,0.7,59.7,77.0,80.8,73.0,10.0,9.7,16.0,0.6,0.7,3.77,6.0,14.18,8.37,11.0,5.66,16.0,0.5,0.5,0.6,-4.61,0.0,1.61,-0.88,11.0,5.65,16.0,0.5,0.5,0.6,-10.86,-4.53,0.41,-5.38,11.0,6.67,16.0,0.5,0.5,0.6,1013.89,1017.5,1019.48,1016.87,12.0,3.0,18.0,0.5,0.5,0.6,2.0,3.5,7.3,4.3,12.0,2.5,18.0,0.5,0.5,0.6,-24.9,0.0,9.7,-4.1,11.0,65.8,16.0,0.5,0.5,0.6,-154.6,-20.8,2.3,-72.5,11.0,117.0,16.0,0.5,0.5,0.6,0.37,3.55,5.03,2.9,12.0,2.55,18.0,0.5,0.5,0.6,2.4,19.4,63.7,31.3,11.0,39.5,16.0,0.5,0.5,0.6,3.63,7.47,9.62,6.84,10.0,2.88,16.0,0.6,0.6,0.7,12.5,50.3,126.9,62.8,9.0,53.4,16.0,0.6,0.6,0.7,-96.2,0.0,32.9,-18.4,11.0,120.8,16.0,0.5,0.5,0.6,-197.0,-92.9,9.1,-99.5,11.0,121.1,16.0,0.5,0.5,0.6,-26.5,0.0,18.4,7.1,9.0,57.0,16.0,0.6,0.6,0.7,-133.1,-39.1,5.2,-57.6,9.0,75.1,16.0,0.6,0.6,0.7,-22.4,0.0,20.0,1.1,9.0,27.5,16.0,0.6,0.6,0.7,-125.6,-32.3,2.9,-51.5,9.0,59.5,16.0,0.6,0.6,0.7,64.5,216.0,2952.0,1401.0,11.0,2078.5,16.0,0.5,0.5,0.6,65.0,215.0,2950.0,1400.0,11.0,2080.0,16.0,0.5,0.5,0.6
1974,2,171.0,26.0,21.0,22.0,23.0,21.85,17.0,1.26,10.0,0.8,0.4,0.4,18.3,20.6,23.5,20.66,19.0,2.33,12.0,0.7,0.4,0.3,9.1,11.64,14.97,11.65,18.0,2.83,10.0,0.8,0.4,0.3,62.4,80.0,84.0,74.9,18.0,11.1,10.0,0.8,0.3,2.96,8.2,14.2,8.96,19.0,6.43,12.0,0.7,0.4,0.3,-8.69,0.5,5.41,-1.05,19.0,7.92,12.0,0.7,0.4,0.3,-9.94,-1.99,3.94,-3.13,19.0,7.2,12.0,0.7,0.4,0.3,1012.86,1015.0,1020.13,1016.03,19.0,3.62,12.0,0.7,0.4,0.3,2.9,7.0,8.0,5.5,19.0,2.4,12.0,0.7,0.4,0.3,-126.6,0.5,39.7,-33.0,19.0,131.2,12.0,0.7,0.4,0.3,-139.6,-6.2,40.2,-56.2,19.0,122.8,12.0,0.7,0.4,0.3,-1.5,1.5,3.14,1.08,17.0,2.04,10.0,0.8,0.4,0.4,-11.4,6.9,37.5,11.8,17.0,23.1,10.0,0.8,0.4,0.4,2.02,4.26,6.61,4.31,16.0,2.14,10.0,0.8,0.4,0.4,14.2,26.9,74.9,43.2,16.0,33.1,10.0,0.8,0.4,0.4,-160.9,11.5,113.3,-16.7,19.0,158.1,12.0,0.7,0.4,0.3,-189.2,-33.9,81.5,-57.1,19.0,149.4,12.0,0.7,0.4,0.3,-100.6,9.2,72.1,-11.7,18.0,95.7,10.0,0.8,0.4,0.3,-104.4,-19.3,50.1,-33.0,18.0,92.4,10.0,0.8,0.4,0.3,-43.4,2.1,20.6,-5.0,16.0,41.7,10.0,0.8,0.4,0.4,-55.0,-4.3,15.0,-16.3,16.0,32.3,10.0,0.8,0.4,0.4,27.0,551.5,3044.5,1928.5,19.0,3202.5,12.0,0.7,0.4,0.3,25.0,550.0,3045.0,1930.0,19.0,3205.0,12.0,0.7,0.4,0.3
1974,2,171.0,27.0,18.83,20.75,22.0,20.53,22.0,1.77,14.0,0.5,0.5,0.5,17.8,19.5,21.13,19.48,22.0,1.84,14.0,0.5,0.5,0.5,7.62,11.14,12.82,10.68,22.0,2.33,14.0,0.5,0.5,0.5,59.6,77.8,85.7,75.5,22.0,13.1,14.0,0.5,0.5,3.35,6.7,11.3,7.47,23.0,4.46,14.0,0.5,0.4,0.5,-4.31,2.6,7.58,1.25,23.0,7.18,14.0,0.5,0.4,0.5,-7.35,-1.4,3.35,-1.58,23.0,4.73,14.0,0.5,0.4,0.5,1011.68,1016.3,1019.8,1015.56,23.0,4.49,14.0,0.5,0.4,0.5,2.0,6.0,8.0,5.4,21.0,2.8,14.0,0.5,0.4,0.5,-27.3,10.3,78.0,2.8,23.0,100.6,14.0,0.5,0.4,0.5,-70.0,-5.7,23.9,-17.9,23.0,52.0,14.0,0.5,0.4,0.5,-1.0,1.2,3.0,0.95,21.0,2.11,14.0,0.5,0.5,0.5,-7.8,8.3,20.5,7.1,21.0,16.7,14.0,0.5,0.5,0.5,1.84,3.62,6.95,4.3,21.0,2.66,14.0,0.5,0.5,0.5,12.2,21.1,49.4,30.7,21.0,28.4,14.0,0.5,0.5,0.5,-72.1,67.6,155.3,33.1,22.0,139.5,14.0,0.5,0.5,0.5,-130.6,-40.3,77.8,-28.3,22.0,94.6,14.0,0.5,0.5,0.5,-33.5,36.0,76.5,17.2,22.0,83.4,14.0,0.5,0.5,0.5,-66.8,-20.5,39.3,-13.7,22.0,52.3,14.0,0.5,0.5,0.5,-16.1,8.7,20.7,6.2,21.0,30.9,14.0,0.5,0.5,0.5,-25.3,-5.7,10.0,-9.9,21.0,26.5,14.0,0.5,0.5,0.5,38.0,301.0,1443.0,912.5,23.0,1481.5,14.0,0.5,0.4,0.5,40.0,300.0,1445.0,915.0,23.0,1480.0,14.0,0.5,0.4,0.5
1974,2,171.0,28.0,19.04,19.55,21.07,20.01,8.0,1.23,12.0,0.9,0.5,0.3,16.77,19.8,20.44,19.04,8.0,1.81,12.0,0.9,0.5,0.3,8.83,9.86,10.8,10.13,8.0,1.57,12.0,0.9,0.5,0.3,62.2,73.6,86.9,74.5,8.0,12.2,12.0,0.9,0.3,3.73,5.1,14.03,7.59,9.0,5.03,12.0,0.8,0.4,0.3,-3.6,0.0,2.91,0.63,9.0,5.06,12.0,0.8,0.4,0.3,-7.94,2.31,6.61,-0.06,9.0,8.01,12.0,0.8,0.4,0.3,1011.54,1014.0,1016.7,1014.27,9.0,3.14,12.0,0.8,0.4,0.3,2.0,4.5,6.0,4.1,8.0,2.2,10.0,0.8,0.5,0.3,-17.3,0.0,12.3,12.8,9.0,66.4,12.0,0.8,0.4,0.3,-114.3,8.3,47.6,-22.7,9.0,104.6,12.0,0.8,0.4,0.3,-0.49,-0.1,3.6,0.98,8.0,2.6,12.0,0.9,0.5,0.3,-1.9,-0.4,55.0,14.4,8.0,29.3,12.0,0.9,0.5,0.3,2.8,4.17,5.33,4.44,8.0,1.88,12.0,0.9,0.5,0.3,11.3,20.1,57.2,31.0,8.0,27.5,12.0,0.9,0.5,0.3,-74.8,-12.6,46.1,-12.2,8.0,57.4,12.0,0.9,0.5,0.3,-45.0,55.4,136.6,26.3,8.0,127.7,12.0,0.9,0.5,0.3,-34.0,-7.2,27.8,-5.2,8.0,29.0,12.0,0.9,0.5,0.3,-20.2,25.0,74.8,11.1,8.0,78.7,12.0,0.9,0.5,0.3,-18.8,-1.8,5.7,-7.0,8.0,18.1,12.0,0.9,0.5,0.3,-9.7,10.7,20.1,8.0,8.0,37.3,12.0,0.9,0.5,0.3,52.5,132.5,2962.0,1023.0,9.0,1528.5,12.0,0.8,0.4,0.3,55.0,135.0,2960.0,1025.0,9.0,1530.0,12.0,0.8,0.4,0.3
1974,2,171.0,29.0,17.85,19.0,20.42,19.28,9.0,1.78,12.0,0.4,0.6,0.7,15.27,16.5,18.73,16.79,9.0,2.04,12.0,0.4,0.6,0.7,5.76,9.3,11.03,8.82,9.0,2.47,12.0,0.4,0.6,0.7,57.1,78.1,85.6,73.3,9.0,14.6,12.0,0.4,0.7,5.26,6.2,15.46,9.32,9.0,5.21,12.0,0.4,0.6,0.7,1.29,3.85,8.45,3.91,9.0,7.38,12.0,0.4,0.6,0.7,-6.4,-4.75,5.31,-2.02,9.0,6.97,12.0,0.4,0.6,0.7,1012.98,1018.7,1020.5,1017.2,9.0,4.69,12.0,0.4,0.6,0.7,1.8,4.0,5.0,3.8,9.0,2.1,12.0,0.4,0.6,0.7,7.7,16.7,93.4,35.4,9.0,124.2,12.0,0.4,0.6,0.7,-90.6,-29.4,31.8,-37.0,9.0,96.2,12.0,0.4,0.6,0.7,0.56,2.8,3.58,2.49,9.0,1.98,12.0,0.4,0.6,0.7,2.9,33.9,38.6,24.4,9.0,18.1,12.0,0.4,0.6,0.7,3.1,3.77,7.02,5.09,9.0,2.8,12.0,0.4,0.6,0.7,14.3,61.5,67.9,49.5,9.0,36.9,12.0,0.4,0.6,0.7,22.2,64.2,138.7,63.0,9.0,114.7,12.0,0.4,0.6,0.7,-91.2,-76.5,96.6,-25.6,9.0,115.0,12.0,0.4,0.6,0.7,11.6,39.7,70.4,28.3,9.0,55.8,12.0,0.4,0.6,0.7,-44.6,-31.7,60.5,-9.1,9.0,63.3,12.0,0.4,0.6,0.7,5.1,13.2,51.6,25.1,9.0,43.4,12.0,0.4,0.6,0.7,-49.0,-17.9,11.1,-16.4,9.0,35.0,12.0,0.4,0.6,0.7,147.0,238.5,3977.5,1571.5,9.0,2218.5,12.0,0.4,0.6,0.7,145.0,240.0,3975.0,1570.0,9.0,2220.0,12.0,0.4,0.6,0.7
1974,2,171.0,30.0,17.41,18.4,19.5,18.47,20.0,1.18,12.0,0.8,0.4,0.5,16.17,18.0,19.0,17.54,21.0,1.84,12.0,0.8,0.4,0.5,7.82,9.93,11.17,9.73,19.0,2.09,12.0,0.7,0.4,0.4,58.9,82.6,88.1,78.3,19.0,13.5,12.0,0.7,0.4,5.29,9.3,13.73,9.87,21.0,4.8,12.0,0.8,0.4,0.5,-1.1,4.41,10.01,2.98,21.0,8.0,12.0,0.8,0.4,0.5,-5.29,0.0,7.43,0.91,21.0,7.14,12.0,0.8,0.4,0.5,1010.5,1012.75,1018.98,1013.85,20.0,4.03,12.0,0.8,0.4,0.5,4.0,5.5,7.0,5.3,20.0,2.0,12.0,0.8,0.4,0.5,-8.5,38.4,103.9,20.8,21.0,123.8,12.0,0.8,0.4,0.5,-64.7,0.0,56.0,7.5,21.0,111.7,12.0,0.8,0.4,0.5,0.0,0.6,2.5,0.93,20.0,1.86,12.0,0.8,0.4,0.5,0.0,7.6,29.7,12.0,20.0,19.6,12.0,0.8,0.4,0.5,1.78,3.86,5.2,3.63,18.0,1.87,12.0,0.7,0.4,0.5,13.3,35.5,64.7,38.7,18.0,26.8,12.0,0.7,0.4,0.5,-22.1,72.8,166.8,48.5,21.0,135.5,12.0,0.8,0.4,0.5,-75.9,0.0,138.6,21.3,21.0,126.0,12.0,0.8,0.4,0.5,-19.6,49.2,81.0,25.1,19.0,77.1,12.0,0.7,0.4,0.4,-47.0,0.0,69.1,15.3,19.0,83.0,12.0,0.7,0.4,0.4,-8.7,13.1,52.3,15.4,18.0,36.9,12.0,0.7,0.4,0.5,-26.0,0.0,27.2,1.5,18.0,26.2,12.0,0.7,0.4,0.5,151.0,804.5,2592.0,1688.5,21.0,2482.0,12.0,0.8,0.4,0.5,150.0,805.0,2590.0,1690.0,21.0,2480.0,12.0,0.8,0.4,0.5
1974,2,171.0,31.0,16.37,17.0,18.73,17.32,12.0,1.48,12.0,0.6,0.4,0.5,13.9,17.0,19.0,16.67,13.0,2.6,12.0,0.7,0.4,0.5,7.72,9.47,10.83,9.4,11.0,1.94,10.0,0.6,0.4,0.5,66.3,77.4,90.0,78.3,11.0,12.0,10.0,0.6,0.5,7.7,10.8,14.34,10.58,14.0,3.62,12.0,0.6,0.4,0.4,-3.22,5.95,10.97,3.72,14.0,8.05,12.0,0.6,0.4,0.4,-7.67,-1.32,7.87,0.73,14.0,7.3,12.0,0.6,0.4,0.4,1008.09,1014.85,1019.12,1013.61,14.0,6.22,12.0,0.6,0.4,0.4,2.7,7.0,7.3,5.8,12.0,2.4,14.0,0.7,0.4,0.5,-31.4,54.9,124.0,42.0,14.0,107.3,12.0,0.6,0.4,0.4,-113.3,-6.8,79.8,0.5,14.0,91.7,12.0,0.6,0.4,0.4,-2.83,1.3,3.12,0.51,11.0,2.97,10.0,0.6,0.4,0.5,-23.9,5.8,45.6,8.9,11.0,32.2,10.0,0.6,0.4,0.5,1.97,2.74,4.84,2.99,11.0,1.72,10.0,0.6,0.4,0.5,12.8,34.9,54.0,32.9,11.0,24.2,10.0,0.6,0.4,0.5,-26.9,112.5,157.5,74.1,13.0,111.5,12.0,0.7,0.4,0.5,-95.0,-20.1,151.4,35.6,13.0,115.6,12.0,0.7,0.4,0.5,10.8,61.8,79.0,52.4,11.0,44.6,10.0,0.6,0.4,0.5,-53.0,35.7,84.8,24.9,11.0,70.0,10.0,0.6,0.4,0.5,-5.2,11.9,49.5,20.8,11.0,25.8,10.0,0.6,0.4,0.5,-27.1,-3.3,25.4,0.3,11.0,25.1,10.0,0.6,0.4,0.5,456.5,1268.0,2949.5,1550.0,14.0,1225.5,12.0,0.6,0.4,0.4,455.0,1270.0,2950.0,1550.0,14.0,1225.0,12.0,0.6,0.4,0.4
1974,2,171.0,32.0,15.19,17.0,18.01,16.66,7.0,1.37,16.0,0.3,0.6,0.3,10.31,15.3,16.58,13.51,8.0,3.6,16.0,0.4,0.5,0.4,6.45,7.53,9.1,7.84,6.0,1.67,16.0,0.3,0.4,0.4,67.1,73.5,86.9,76.8,6.0,11.6,16.0,0.3,0.4,6.87,8.7,11.63,9.5,8.0,2.99,16.0,0.4,0.5,0.4,-5.14,6.92,8.14,3.34,8.0,7.28,16.0,0.4,0.5,0.4,-7.48,-0.34,4.71,-1.54,8.0,6.6,16.0,0.4,0.5,0.4,1005.9,1013.5,1016.17,1012.11,8.0,6.56,16.0,0.4,0.5,0.4,2.6,5.5,6.4,4.8,6.0,2.5,16.0,0.5,0.5,0.5,-43.1,53.9,80.1,23.4,8.0,85.5,16.0,0.4,0.5,0.4,-87.1,-5.3,36.9,-29.9,8.0,78.9,16.0,0.4,0.5,0.4,-0.08,2.4,7.26,3.6,7.0,4.19,16.0,0.3,0.6,0.3,-0.5,20.9,73.8,34.9,7.0,37.2,16.0,0.3,0.6,0.3,2.7,3.56,5.19,3.99,5.0,1.86,18.0,0.2,0.5,0.4,19.2,48.4,61.4,42.8,5.0,23.5,18.0,0.2,0.5,0.4,-31.7,90.3,112.1,49.4,8.0,98.0,16.0,0.4,0.5,0.4,-77.0,-4.8,62.3,-20.2,8.0,90.8,16.0,0.4,0.5,0.4,9.5,51.3,65.1,34.6,6.0,55.6,16.0,0.3,0.4,0.4,-57.3,-36.0,23.4,-25.3,6.0,45.8,16.0,0.3,0.4,0.4,-5.4,18.5,43.9,17.6,5.0,34.2,18.0,0.2,0.5,0.4,-43.8,-31.1,0.8,-22.5,5.0,25.6,18.0,0.2,0.5,0.4,328.5,658.5,1582.0,1099.5,8.0,1126.5,16.0,0.4,0.5,0.4,330.0,660.0,1580.0,1100.0,8.0,1125.0,16.0,0.4,0.5,0.4
1974,2,171.0,33.0,14.49,15.8,17.14,15.81,19.0,1.36,16.0,0.2,0.5,0.4,11.7,14.0,16.0,13.9,25.0,2.04,14.0,0.2,0.5,0.4,5.95,7.96,10.2,8.24,20.0,1.83,14.0,0.2,0.5,0.4,69.5,81.5,92.9,81.2,20.0,12.2,14.0,0.2,0.4,6.45,12.3,18.25,12.25,23.0,5.33,16.0,0.1,0.5,0.4,0.0,6.66,14.48,6.96,23.0,8.09,16.0,0.1,0.5,0.4,-7.2,-1.96,5.94,-0.88,23.0,8.26,16.0,0.1,0.5,0.4,1003.9,1012.8,1016.73,1010.93,25.0,6.56,14.0,0.2,0.5,0.4,4.0,7.0,8.0,5.9,23.0,2.7,16.0,0.1,0.5,0.4,0.0,58.0,226.4,105.7,23.0,136.8,16.0,0.1,0.5,0.4,-74.9,-21.0,46.8,-13.6,23.0,144.3,16.0,0.1,0.5,0.4,-0.04,2.0,3.22,1.74,19.0,2.26,16.0,0.2,0.5,0.4,-0.3,14.0,40.3,20.0,19.0,30.6,16.0,0.2,0.5,0.4,0.94,3.9,4.79,3.15,17.0,1.9,16.0,0.2,0.5,0.4,12.2,20.4,68.8,36.4,17.0,30.4,16.0,0.2,0.5,0.4,0.0,97.3,185.7,88.0,23.0,104.3,16.0,0.1,0.5,0.4,-88.6,-28.7,88.7,-3.4,23.0,122.8,16.0,0.1,0.5,0.4,0.0,65.1,117.5,57.1,18.0,56.7,14.0,0.2,0.5,0.4,-46.0,-5.8,53.9,11.4,18.0,72.3,14.0,0.2,0.5,0.4,0.0,11.9,63.2,28.6,17.0,33.3,16.0,0.2,0.5,0.4,-22.1,0.0,12.2,-5.3,17.0,18.0,16.0,0.2,0.5,0.4,269.0,1861.0,6086.0,2850.0,23.0,2985.5,16.0,0.1,0.5,0.4,270.0,1860.0,6085.0,2850.0,23.0,2985.0,16.0,0.1,0.5,0.4
1974,2,171.0,34.0,14.59,15.75,16.21,15.42,6.0,1.36,14.0,0.3,0.5,0.7,11.33,12.9,14.05,12.61,7.0,1.66,14.0,0.3,0.4,0.6,5.77,6.41,8.06,6.86,7.0,1.41,14.0,0.3,0.4,0.6,67.5,74.1,77.1,74.9,7.0,9.6,14.0,0.3,0.6,9.75,12.4,14.22,12.87,7.0,3.85,14.0,0.3,0.4,0.6,-6.61,8.57,12.6,5.47,7.0,10.73,14.0,0.3,0.4,0.6,-4.5,-1.51,2.58,-1.36,7.0,7.48,14.0,0.3,0.4,0.6,1002.89,1006.5,1018.67,1009.11,7.0,8.52,14.0,0.3,0.4,0.6,5.9,7.0,8.0,6.4,7.0,1.7,14.0,0.3,0.4,0.6,-83.8,74.5,164.2,89.9,7.0,173.7,14.0,0.3,0.4,0.6,-79.3,-13.1,32.3,-22.0,7.0,101.8,14.0,0.3,0.4,0.6,0.78,3.05,5.1,2.87,6.0,3.02,14.0,0.3,0.5,0.7,9.4,36.2,67.9,36.8,6.0,40.7,14.0,0.3,0.5,0.7,1.49,4.57,5.85,4.01,6.0,2.11,14.0,0.3,0.5,0.7,18.6,50.5,73.3,52.8,6.0,37.0,14.0,0.3,0.5,0.7,-97.7,85.7,173.8,64.1,7.0,133.1,14.0,0.3,0.4,0.6,-58.4,-15.1,36.7,-12.5,7.0,103.1,14.0,0.3,0.4,0.6,-51.8,50.0,115.8,37.3,7.0,71.7,14.0,0.3,0.4,0.6,-29.1,-8.8,23.7,-5.5,7.0,54.7,14.0,0.3,0.4,0.6,-16.3,14.7,66.9,24.2,6.0,55.9,14.0,0.3,0.5,0.7,-28.8,-4.8,5.7,-12.1,6.0,26.6,14.0,0.3,0.5,0.7,927.5,1906.5,2975.0,2675.0,7.0,2763.0,14.0,0.3,0.4,0.6,930.0,1905.0,2975.0,2675.0,7.0,2765.0,14.0,0.3,0.4,0.6
1974,2,171.0,35.0,15.0,15.05,15.64,15.3,6.0,0.48,14.0,0.3,0.5,0.5,9.44,12.0,15.0,12.11,7.0,2.67,14.0,0.4,0.5,0.5,6.1,7.15,8.34,7.33,6.0,1.42,14.0,0.3,0.5,0.5,75.8,82.1,86.9,81.6,6.0,6.2,14.0,0.3,0.5,7.6,10.8,14.65,11.49,7.0,4.64,14.0,0.4,0.5,0.5,-0.13,10.15,14.43,7.97,7.0,7.07,14.0,0.4,0.5,0.5,-7.49,-5.7,0.18,-4.14,7.0,5.6,14.0,0.4,0.5,0.5,1000.59,1006.0,1027.1,1009.56,7.0,13.56,14.0,0.4,0.5,0.5,3.0,7.0,8.0,5.9,7.0,2.5,14.0,0.4,0.5,0.5,-1.0,109.6,211.5,116.1,7.0,114.3,14.0,0.4,0.5,0.5,-74.9,-32.5,1.9,-51.6,7.0,93.5,14.0,0.4,0.5,0.5,0.79,2.1,6.17,3.0,6.0,2.82,14.0,0.3,0.5,0.5,6.1,15.0,74.5,36.4,6.0,45.6,14.0,0.3,0.5,0.5,2.13,3.81,4.9,3.49,6.0,1.51,14.0,0.3,0.5,0.5,17.5,31.3,56.2,39.7,6.0,31.2,14.0,0.3,0.5,0.5,-1.8,142.6,160.1,94.2,7.0,89.2,14.0,0.4,0.5,0.5,-102.2,-59.1,2.6,-41.9,7.0,62.7,14.0,0.4,0.5,0.5,-4.4,56.9,99.0,51.6,6.0,56.4,14.0,0.3,0.5,0.5,-62.0,-39.6,5.9,-31.0,6.0,38.9,14.0,0.3,0.5,0.5,-1.3,21.4,45.6,24.9,6.0,29.7,14.0,0.3,0.5,0.5,-40.5,-19.8,2.9,-20.6,6.0,26.9,14.0,0.3,0.5,0.5,443.5,1259.5,3203.0,2195.5,7.0,2548.0,14.0,0.4,0.5,0.5,445.0,1260.0,3205.0,2195.0,7.0,2550.0,14.0,0.4,0.5,0.5
1974,2,171.0,36.0,14.18,15.5,16.7,15.42,13.0,1.03,14.0,0.2,0.3,0.5,10.57,13.5,15.47,13.03,15.0,2.22,16.0,0.3,0.4,0.4,5.91,7.32,7.79,7.15,14.0,1.43,16.0,0.4,0.3,0.4,66.3,74.4,88.3,76.4,14.0,10.6,16.0,0.4,0.4,9.3,10.3,18.0,13.22,15.0,5.01,16.0,0.3,0.4,0.4,-7.89,7.89,15.15,4.95,15.0,9.9,16.0,0.3,0.4,0.4,-6.04,3.18,8.03,2.96,15.0,8.87,16.0,0.3,0.4,0.4,1000.79,1008.5,1020.05,1010.37,15.0,9.96,16.0,0.3,0.4,0.4,5.1,7.0,8.0,6.5,14.0,1.7,16.0,0.3,0.3,0.4,-86.2,81.3,241.9,67.8,15.0,162.1,16.0,0.3,0.4,0.4,-87.6,29.6,102.2,46.5,15.0,177.8,16.0,0.3,0.4,0.4,0.4,1.5,5.55,2.48,13.0,2.41,14.0,0.2,0.3,0.5,8.9,19.5,58.2,34.2,13.0,38.5,14.0,0.2,0.3,0.5,2.2,4.26,4.86,3.78,12.0,1.52,14.0,0.3,0.3,0.5,18.6,43.2,71.2,48.1,12.0,31.3,14.0,0.3,0.3,0.5,-107.9,100.2,159.3,51.0,15.0,125.1,16.0,0.3,0.4,0.4,-71.0,36.5,125.6,47.0,15.0,117.1,16.0,0.3,0.4,0.4,-53.5,60.8,88.6,32.2,14.0,67.9,16.0,0.4,0.3,0.4,-36.2,21.0,46.5,17.3,14.0,53.9,16.0,0.4,0.3,0.4,-8.7,36.5,67.8,34.0,12.0,36.9,14.0,0.3,0.3,0.5,-31.3,6.6,16.3,0.5,12.0,29.7,14.0,0.3,0.3,0.5,804.5,1092.5,5832.0,3323.5,15.0,3731.0,16.0,0.3,0.4,0.4,805.0,1095.0,5830.0,3325.0,15.0,3730.0,16.0,0.3,0.4,0.4
1974,2,171.0,37.0,12.13,13.0,14.2,12.93,9.0,1.33,12.0,0.2,0.4,0.4,7.79,9.5,11.5,9.72,11.0,2.0,12.0,0.2,0.4,0.4,4.68,5.81,6.82,5.9,11.0,1.12,12.0,0.2,0.4,0.4,67.3,80.8,85.0,78.1,11.0,8.7,12.0,0.2,0.4,8.2,12.9,14.61,11.88,11.0,2.79,12.0,0.2,0.4,0.4,-1.28,8.2,14.17,6.2,11.0,8.22,12.0,0.2,0.4,0.4,-9.63,0.0,5.27,-2.16,11.0,6.94,12.0,0.2,0.4,0.4,1002.14,1010.0,1016.27,1009.28,11.0,7.6,12.0,0.2,0.4,0.4,5.0,7.0,8.0,6.7,11.0,1.5,12.0,0.2,0.4,0.4,-4.3,67.2,207.9,82.1,11.0,111.6,12.0,0.2,0.4,0.4,-121.7,0.0,43.2,-33.6,11.0,84.9,12.0,0.2,0.4,0.4,0.5,4.0,5.0,3.06,9.0,2.4,12.0,0.2,0.4,0.4,4.7,57.6,75.9,42.6,9.0,34.3,12.0,0.2,0.4,0.4,2.07,3.44,4.89,3.44,9.0,1.49,12.0,0.2,0.4,0.4,19.6,49.5,67.5,45.5,9.0,23.0,12.0,0.2,0.4,0.4,-14.2,79.9,120.1,51.8,11.0,86.3,12.0,0.2,0.4,0.4,-81.0,0.0,46.5,-14.5,11.0,69.0,12.0,0.2,0.4,0.4,-11.2,46.9,81.8,32.8,11.0,53.6,12.0,0.2,0.4,0.4,-43.5,0.0,31.2,-7.1,11.0,39.2,12.0,0.2,0.4,0.4,9.7,17.6,52.0,27.9,9.0,28.2,12.0,0.2,0.4,0.4,-47.4,-16.5,0.0,-20.0,9.0,27.0,12.0,0.2,0.4,0.4,551.5,2146.5,3119.0,1924.0,11.0,1153.5,12.0,0.2,0.4,0.4,550.0,2145.0,3120.0,1925.0,11.0,1155.0,12.0,0.2,0.4,0.4
1974,2,171.0,38.0,12.95,14.0,14.52,13.75,4.0,1.26,10.0,0.3,0.5,0.3,7.59,9.0,9.18,8.4,5.0,1.39,12.0,0.4,0.5,0.5,4.33,4.98,5.53,4.9,5.0,0.86,12.0,0.4,0.5,0.5,61.5,69.9,85.6,72.2,5.0,16.7,12.0,0.4,0.5,12.63,14.4,15.8,14.2,5.0,1.99,12.0,0.4,0.5,0.5,4.55,9.79,13.42,8.79,5.0,6.95,12.0,0.4,0.5,0.5,-11.7,-9.9,-4.63,-8.57,5.0,4.39,12.0,0.4,0.5,0.5,1001.84,1009.0,1011.44,1007.3,5.0,5.71,12.0,0.4,0.5,0.5,2.6,4.0,7.0,4.6,5.0,2.3,12.0,0.4,0.5,0.5,57.0,115.4,213.2,128.0,5.0,111.7,12.0,0.4,0.5,0.5,-171.3,-137.6,-57.8,-121.1,5.0,65.0,12.0,0.4,0.5,0.5,3.95,5.25,7.33,5.63,4.0,2.5,10.0,0.3,0.5,0.3,60.2,78.4,103.5,81.7,4.0,29.7,10.0,0.3,0.5,0.3,3.95,4.67,5.19,4.57,4.0,0.73,10.0,0.3,0.5,0.3,60.9,65.8,75.0,67.8,4.0,9.0,10.0,0.3,0.5,0.3,24.6,93.0,117.1,73.7,5.0,63.4,12.0,0.4,0.5,0.5,-100.0,-61.6,-43.5,-70.6,5.0,38.1,12.0,0.4,0.5,0.5,16.7,46.1,65.3,40.7,5.0,35.3,12.0,0.4,0.5,0.5,-65.1,-47.2,-18.0,-43.9,5.0,27.8,12.0,0.4,0.5,0.5,15.9,52.9,61.0,39.1,4.0,33.9,10.0,0.3,0.5,0.3,-56.4,-52.4,-30.0,-43.6,4.0,22.2,10.0,0.3,0.5,0.3,2054.5,2986.0,3959.0,2996.0,5.0,1165.0,12.0,0.4,0.5,0.5,2055.0,2985.0,3960.0,2995.0,5.0,1165.0,12.0,0.4,0.5,0.5
1974,2,171.0,39.0,11.32,12.0,12.68,12.0,3.0,1.0,16.0,0.7,0.3,0.9,8.59,13.0,14.37,11.7,5.0,3.35,12.0,0.4,0.3,0.6,5.67,6.08,8.31,6.97,3.0,2.08,16.0,0.7,0.3,0.9,65.8,82.1,87.6,76.8,3.0,16.6,16.0,0.7,0.9,10.12,12.9,14.13,12.36,5.0,2.31,12.0,0.4,0.3,0.6,0.09,8.29,9.63,4.95,5.0,8.07,12.0,0.4,0.3,0.6,1.48,6.7,11.56,6.26,5.0,7.19,12.0,0.4,0.3,0.6,996.27,1001.0,1014.87,1006.08,5.0,15.43,12.0,0.4,0.3,0.6,3.9,5.0,5.7,4.8,5.0,1.8,12.0,0.4,0.3,0.6,17.9,83.2,124.7,67.0,5.0,93.7,12.0,0.4,0.3,0.6,16.1,89.8,162.3,89.0,5.0,99.3,12.0,0.4,0.3,0.6,-2.05,0.0,1.02,-0.5,3.0,2.29,16.0,0.7,0.3,0.9,-21.1,0.0,13.7,-3.6,3.0,25.7,16.0,0.7,0.3,0.9,0.11,2.12,3.37,1.75,3.0,2.41,16.0,0.7,0.3,0.9,3.2,28.4,50.5,26.9,3.0,34.7,16.0,0.7,0.3,0.9,-11.2,68.5,112.4,44.1,5.0,102.5,12.0,0.4,0.3,0.6,27.9,77.3,156.5,86.6,5.0,84.0,12.0,0.4,0.3,0.6,-47.7,28.9,57.3,5.4,3.0,79.6,16.0,0.7,0.3,0.9,43.1,48.1,69.4,56.1,3.0,20.5,16.0,0.7,0.3,0.9,11.6,20.8,23.4,17.6,3.0,9.1,16.0,0.7,0.3,0.9,1.6,14.2,43.5,22.4,3.0,31.5,16.0,0.7,0.3,0.9,1037.5,2146.5,2861.0,2048.0,5.0,1101.0,12.0,0.4,0.3,0.6,1035.0,2145.0,2860.0,2050.0,5.0,1100.0,12.0,0.4,0.3,0.6
1974,2,171.0,40.0,13.0,13.5,14.26,13.63,4.0,0.75,14.0,0.3,0.4,0.3,8.17,10.75,11.76,10.0,4.0,2.48,14.0,0.3,0.4,0.3,5.7,6.95,7.47,6.6,4.0,1.31,14.0,0.3,0.4,0.3,81.3,86.3,89.6,85.5,4.0,5.5,14.0,0.3,0.3,5.81,9.0,11.66,8.75,4.0,3.76,14.0,0.3,0.4,0.3,-4.65,1.8,10.32,2.79,4.0,8.81,14.0,0.3,0.4,0.3,0.0,1.12,5.74,2.79,4.0,4.22,14.0,0.3,0.4,0.3,1002.69,1005.0,1020.67,1011.38,4.0,14.63,14.0,0.3,0.4,0.3,2.0,5.0,7.5,4.8,4.0,3.3,14.0,0.3,0.4,0.3,-35.8,21.2,114.1,38.3,4.0,95.9,14.0,0.3,0.4,0.3,0.0,14.4,61.9,30.2,4.0,43.3,14.0,0.3,0.4,0.3,1.24,3.0,6.07,3.63,4.0,3.01,14.0,0.3,0.4,0.3,14.6,25.1,32.8,23.8,4.0,11.1,14.0,0.3,0.4,0.3,1.74,2.89,4.48,3.1,4.0,1.72,14.0,0.3,0.4,0.3,17.5,24.7,28.0,22.8,4.0,6.7,14.0,0.3,0.4,0.3,-45.1,25.2,113.2,33.7,4.0,95.3,14.0,0.3,0.4,0.3,0.0,12.9,68.3,33.2,4.0,50.7,14.0,0.3,0.4,0.3,-30.2,16.3,72.4,20.9,4.0,61.1,14.0,0.3,0.4,0.3,0.0,8.0,43.9,21.3,4.0,32.8,14.0,0.3,0.4,0.3,-14.6,10.4,27.7,6.7,4.0,25.0,14.0,0.3,0.4,0.3,0.0,2.5,8.6,4.2,4.0,5.7,14.0,0.3,0.4,0.3,253.5,774.5,1645.0,941.0,4.0,907.5,14.0,0.3,0.4,0.3,255.0,775.0,1645.0,940.0,4.0,910.0,14.0,0.3,0.4,0.3
1974,2,171.0,41.0,9.22,11.0,14.14,11.65,4.0,3.91,16.0,0.5,0.4,0.4,4.48,5.65,7.98,6.2,4.0,2.39,16.0,0.5,0.4,0.4,3.24,3.56,4.18,3.71,4.0,0.6,16.0,0.5,0.4,0.4,49.2,63.9,79.6,64.4,4.0,19.0,16.0,0.5,0.4,3.31,7.45,18.61,10.8,4.0,10.55,16.0,0.5,0.4,0.4,3.31,6.19,17.4,10.17,4.0,10.63,16.0,0.5,0.4,0.4,-3.64,0.0,0.0,-1.74,4.0,3.47,16.0,0.5,0.4,0.4,988.86,1007.75,1020.1,1004.63,4.0,19.06,16.0,0.5,0.4,0.4,3.3,4.0,6.0,4.7,3.0,2.1,16.0,0.3,0.5,0.5,11.5,53.1,388.6,193.4,4.0,313.6,16.0,0.5,0.4,0.4,-39.3,0.0,0.0,-18.7,4.0,37.5,16.0,0.5,0.4,0.4,3.54,6.5,7.26,5.45,4.0,2.84,16.0,0.5,0.4,0.4,14.8,23.2,108.9,60.1,4.0,80.2,16.0,0.5,0.4,0.4,3.49,4.06,6.74,5.07,4.0,2.68,16.0,0.5,0.4,0.4,21.9,35.4,70.0,45.5,4.0,38.1,16.0,0.5,0.4,0.4,25.4,45.5,78.7,51.7,4.0,37.7,16.0,0.5,0.4,0.4,-22.9,0.0,0.0,-10.9,4.0,21.9,16.0,0.5,0.4,0.4,11.4,20.2,73.7,41.5,4.0,50.1,16.0,0.5,0.4,0.4,-12.0,0.0,0.0,-5.7,4.0,11.4,16.0,0.5,0.4,0.4,18.1,31.5,70.0,43.5,4.0,39.1,16.0,0.5,0.4,0.4,-11.4,0.0,0.0,-5.4,4.0,10.9,16.0,0.5,0.4,0.4,42.0,664.5,9492.5,4580.0,4.0,8283.0,16.0,0.5,0.4,0.4,40.0,665.0,9495.0,4580.0,4.0,8285.0,16.0,0.5,0.4,0.4
1974,2,171.0,42.0,8.12,9.4,10.0,9.08,4.0,1.19,14.0,0.5,0.7,0.5,4.13,6.0,9.6,6.83,4.0,3.51,14.0,0.5,0.7,0.5,3.98,5.34,6.39,5.19,4.0,1.55,14.0,0.5,0.7,0.5,71.9,84.5,90.1,81.2,4.0,11.7,14.0,0.5,0.5,7.34,12.35,18.15,12.73,4.0,6.87,14.0,0.5,0.7,0.5,1.6,3.88,10.57,5.98,4.0,7.04,14.0,0.5,0.7,0.5,-8.32,3.33,12.19,2.0,4.0,12.67,14.0,0.5,0.7,0.5,986.71,993.15,1005.24,995.85,4.0,13.21,14.0,0.5,0.7,0.5,6.5,7.5,8.0,7.3,4.0,1.0,14.0,0.5,0.7,0.5,10.7,27.7,194.3,99.1,4.0,161.9,14.0,0.5,0.7,0.5,-156.1,38.6,159.3,3.3,4.0,215.6,14.0,0.5,0.7,0.5,-0.79,2.5,5.26,2.25,4.0,3.52,14.0,0.5,0.7,0.5,-11.7,12.8,72.9,29.8,4.0,60.7,14.0,0.5,0.7,0.5,0.81,1.99,3.39,2.1,4.0,1.52,14.0,0.5,0.7,0.5,10.3,17.0,42.1,25.8,4.0,25.3,14.0,0.5,0.7,0.5,8.0,21.0,50.1,28.7,4.0,31.2,14.0,0.5,0.7,0.5,-36.6,29.7,122.7,42.4,4.0,101.2,14.0,0.5,0.7,0.5,6.8,17.0,50.0,27.9,4.0,34.1,14.0,0.5,0.7,0.5,-38.0,23.0,79.2,20.7,4.0,72.8,14.0,0.5,0.7,0.5,1.0,9.4,33.2,16.7,4.0,22.2,14.0,0.5,0.7,0.5,-25.8,-1.9,10.6,-7.3,4.0,24.3,14.0,0.5,0.7,0.5,517.5,2124.5,6496.5,3444.0,4.0,4189.0,14.0,0.5,0.7,0.5,520.0,2125.0,6495.0,3445.0,4.0,4190.0,14.0,0.5,0.7,0.5
1974,2,171.0,43.0,7.0,7.8,8.43,7.88,8.0,1.02,16.0,0.3,0.3,0.7,3.13,5.0,9.16,5.62,9.0,2.92,14.0,0.2,0.3,0.7,3.81,4.35,4.99,4.46,6.0,1.11,16.0,0.3,0.2,0.8,59.7,84.0,87.3,77.0,6.0,15.7,16.0,0.3,0.8,8.81,13.9,15.13,12.58,9.0,3.46,14.0,0.2,0.3,0.7,-6.67,3.99,13.13,2.76,9.0,9.83,14.0,0.2,0.3,0.7,-8.1,0.0,11.78,0.85,9.0,9.16,14.0,0.2,0.3,0.7,993.84,1000.4,1014.71,1004.24,9.0,13.06,14.0,0.2,0.3,0.7,5.3,7.0,8.0,6.4,9.0,1.7,14.0,0.2,0.3,0.7,-82.8,24.7,183.9,41.4,9.0,145.1,14.0,0.2,0.3,0.7,-107.6,0.0,157.5,13.8,9.0,121.9,14.0,0.2,0.3,0.7,-1.3,2.2,4.89,2.09,8.0,2.88,16.0,0.3,0.3,0.7,-16.3,23.6,62.9,23.2,8.0,34.3,16.0,0.3,0.3,0.7,1.21,2.22,3.01,2.04,6.0,1.3,16.0,0.3,0.2,0.8,17.5,26.5,38.3,25.1,6.0,15.3,16.0,0.3,0.2,0.8,-45.8,6.8,49.3,5.3,9.0,46.5,14.0,0.2,0.3,0.7,-38.4,0.0,111.3,23.4,9.0,68.3,14.0,0.2,0.3,0.7,-3.7,34.7,59.3,29.2,6.0,34.2,16.0,0.3,0.2,0.8,-20.7,0.0,57.8,13.1,6.0,46.8,16.0,0.3,0.2,0.8,-4.4,13.0,38.3,13.7,6.0,23.3,16.0,0.3,0.2,0.8,-15.3,-1.4,4.9,-1.9,6.0,14.7,16.0,0.3,0.2,0.8,776.5,2685.5,3472.5,2360.5,9.0,1390.0,14.0,0.2,0.3,0.7,775.0,2685.0,3475.0,2360.0,9.0,1390.0,14.0,0.2,0.3,0.7
1974,2,171.0,44.0,3.17,6.25,7.21,5.25,6.0,2.89,8.0,0.2,0.3,0.3,2.79,3.0,4.71,3.5,6.0,1.26,8.0,0.2,0.3,0.3,3.24,3.94,4.13,3.74,6.0,0.48,8.0,0.2,0.3,0.3,68.9,75.4,84.2,76.1,6.0,7.2,8.0,0.2,0.3,3.1,9.55,16.6,9.8,6.0,6.47,8.0,0.2,0.3,0.3,0.25,7.91,15.76,7.48,6.0,8.78,8.0,0.2,0.3,0.3,-3.17,-1.34,2.01,-0.49,6.0,3.56,8.0,0.2,0.3,0.3,992.66,1000.9,1012.21,1002.1,6.0,11.38,8.0,0.2,0.3,0.3,4.8,5.0,6.0,5.2,6.0,0.8,8.0,0.2,0.3,0.3,-2.3,87.7,261.8,115.2,6.0,138.2,8.0,0.2,0.3,0.3,-30.0,-4.2,21.8,2.2,6.0,48.7,8.0,0.2,0.3,0.3,-0.34,2.75,4.6,1.75,6.0,3.91,8.0,0.2,0.3,0.3,-16.8,20.1,32.8,4.9,6.0,50.8,8.0,0.2,0.3,0.3,0.8,2.21,3.03,1.88,6.0,1.32,8.0,0.2,0.3,0.3,1.7,13.6,30.9,15.6,6.0,16.5,8.0,0.2,0.3,0.3,1.7,23.7,74.4,34.1,6.0,40.2,8.0,0.2,0.3,0.3,-9.7,-4.0,7.8,-0.6,6.0,14.5,8.0,0.2,0.3,0.3,1.9,27.1,65.1,29.9,6.0,33.9,8.0,0.2,0.3,0.3,-12.0,-5.3,8.1,-1.2,6.0,13.8,8.0,0.2,0.3,0.3,-6.9,3.7,29.6,9.0,6.0,20.1,8.0,0.2,0.3,0.3,-8.2,0.4,3.0,-1.2,6.0,7.6,8.0,0.2,0.3,0.3,30.0,1192.5,4579.0,1975.0,6.0,2262.0,8.0,0.2,0.3,0.3,30.0,1195.0,4580.0,1975.0,6.0,2260.0,8.0,0.2,0.3,0.3
1974,2,171.0,45.0,6.0,7.0,7.18,6.7,5.0,0.67,18.0,0.4,0.4,0.7,1.63,4.0,6.37,4.0,5.0,2.55,18.0,0.4,0.4,0.7,3.63,3.85,4.61,4.1,5.0,0.75,18.0,0.4,0.4,0.7,73.3,85.0,89.0,81.2,5.0,12.2,18.0,0.4,0.7,6.43,7.7,9.65,8.0,5.0,2.26,18.0,0.4,0.4,0.7,-4.1,7.24,7.79,2.88,5.0,6.72,18.0,0.4,0.4,0.7,1.67,3.91,6.1,3.96,5.0,3.16,18.0,0.4,0.4,0.7,999.14,1004.5,1028.98,1011.8,5.0,16.36,18.0,0.4,0.4,0.7,2.4,5.5,7.5,5.0,4.0,3.2,14.0,0.5,0.3,0.6,-25.1,55.7,78.0,31.4,5.0,55.9,18.0,0.4,0.4,0.7,12.6,20.3,56.9,34.3,5.0,37.5,18.0,0.4,0.4,0.7,0.0,3.5,4.73,2.7,5.0,2.64,18.0,0.4,0.4,0.7,0.0,25.2,38.6,21.6,5.0,22.2,18.0,0.4,0.4,0.7,1.44,2.11,2.64,1.99,5.0,0.97,18.0,0.4,0.4,0.7,9.5,15.2,19.4,14.7,5.0,7.7,18.0,0.4,0.4,0.7,-22.4,8.7,25.1,4.3,5.0,27.9,18.0,0.4,0.4,0.7,3.3,18.5,36.3,20.6,5.0,20.6,18.0,0.4,0.4,0.7,-16.4,27.9,32.3,11.9,5.0,27.7,18.0,0.4,0.4,0.7,6.4,14.9,29.1,18.1,5.0,17.2,18.0,0.4,0.4,0.7,-9.3,2.8,18.8,4.7,5.0,15.6,18.0,0.4,0.4,0.7,2.1,5.4,9.6,5.6,5.0,4.2,18.0,0.4,0.4,0.7,285.5,456.5,945.0,613.0,5.0,501.0,18.0,0.4,0.4,0.7,285.0,455.0,945.0,615.0,5.0,500.0,18.0,0.4,0.4,0.7
1974,2,171.0,46.0,3.0,3.0,4.87,3.72,9.0,0.91,12.0,0.6,0.4,0.5,2.0,3.0,3.87,2.84,9.0,1.68,12.0,0.6,0.4,0.5,3.12,3.41,4.11,3.73,8.0,0.88,14.0,0.6,0.5,0.5,70.1,78.5,86.3,80.0,8.0,10.1,14.0,0.6,0.5,4.37,5.7,15.02,9.2,9.0,5.74,12.0,0.6,0.4,0.5,-0.22,4.04,9.66,4.29,9.0,5.45,12.0,0.6,0.4,0.5,-11.61,-3.55,2.13,-3.7,9.0,7.9,12.0,0.6,0.4,0.5,992.0,1012.0,1019.92,1008.06,9.0,13.56,12.0,0.6,0.4,0.5,3.3,7.0,8.0,5.9,9.0,2.3,12.0,0.6,0.4,0.5,-0.1,30.5,145.3,63.2,9.0,83.4,12.0,0.6,0.4,0.5,-168.0,-14.6,6.6,-51.5,9.0,121.7,12.0,0.6,0.4,0.5,-0.73,1.0,2.0,0.88,9.0,1.49,12.0,0.6,0.4,0.5,-11.2,5.7,16.2,5.6,9.0,17.5,12.0,0.6,0.4,0.5,0.93,1.48,1.79,1.26,8.0,0.83,14.0,0.6,0.5,0.5,3.8,7.5,15.5,9.5,8.0,11.9,14.0,0.6,0.5,0.5,-2.3,10.7,35.3,14.4,9.0,22.0,12.0,0.6,0.4,0.5,-36.0,-3.9,6.4,-5.9,9.0,32.9,12.0,0.6,0.4,0.5,-2.6,12.2,37.5,15.2,8.0,22.1,14.0,0.6,0.5,0.5,-42.4,-9.2,9.0,-6.7,8.0,34.2,14.0,0.6,0.5,0.5,-4.7,3.7,5.4,2.7,8.0,9.5,14.0,0.6,0.5,0.5,-14.3,-5.9,-0.2,-7.3,8.0,9.2,14.0,0.6,0.5,0.5,86.0,185.0,3407.5,1658.0,9.0,2208.0,12.0,0.6,0.4,0.5,85.0,185.0,3405.0,1660.0,9.0,2210.0,12.0,0.6,0.4,0.5
1974,2,171.0,47.0,1.43,3.0,4.05,2.75,4.0,2.06,12.0,0.3,0.5,0.3,1.59,3.4,5.41,3.48,5.0,2.57,12.0,0.2,0.4,0.4,2.3,2.8,3.94,3.11,3.0,1.23,10.0,0.3,0.3,0.2,57.2,62.2,77.0,67.0,3.0,15.0,10.0,0.3,0.2,3.49,5.1,8.07,5.62,5.0,2.54,12.0,0.2,0.4,0.4,-3.37,-0.45,3.99,-0.08,5.0,5.02,12.0,0.2,0.4,0.4,-0.94,2.57,5.62,2.34,5.0,3.72,12.0,0.2,0.4,0.4,995.58,1012.0,1017.57,1007.46,5.0,12.51,12.0,0.2,0.4,0.4,3.6,6.0,8.0,5.8,5.0,2.3,12.0,0.2,0.4,0.4,-24.5,-1.2,25.5,-0.8,5.0,38.9,12.0,0.2,0.4,0.4,-2.4,10.3,37.4,17.4,5.0,25.7,12.0,0.2,0.4,0.4,-2.55,1.05,2.76,0.15,4.0,3.44,12.0,0.3,0.5,0.3,-21.3,3.1,13.8,-3.4,4.0,25.3,12.0,0.3,0.5,0.3,0.41,2.58,2.61,1.53,3.0,1.85,10.0,0.3,0.3,0.2,-1.4,6.8,15.7,7.1,3.0,12.5,10.0,0.3,0.3,0.2,-11.0,0.0,15.8,2.0,5.0,16.8,12.0,0.2,0.4,0.4,0.0,8.7,31.9,14.8,5.0,16.7,12.0,0.2,0.4,0.4,-15.0,-0.9,16.7,0.8,3.0,23.3,10.0,0.3,0.3,0.2,-3.6,0.0,20.3,8.1,3.0,18.9,10.0,0.3,0.3,0.2,-14.6,-3.4,-1.9,-8.1,3.0,10.2,10.0,0.3,0.3,0.2,-5.8,-4.0,-1.3,-3.6,3.0,3.4,10.0,0.3,0.3,0.2,47.0,132.5,530.5,266.0,5.0,278.5,12.0,0.2,0.4,0.4,45.0,135.0,530.0,265.0,5.0,280.0,12.0,0.2,0.4,0.4
1974,2,171.0,48.0,3.49,4.0,4.05,3.97,7.0,0.54,20.0,0.4,0.4,0.5,1.17,2.85,4.44,3.15,8.0,2.29,20.0,0.5,0.3,0.5,3.19,4.32,4.68,4.1,7.0,0.85,20.0,0.4,0.4,0.5,69.0,80.1,94.1,82.9,7.0,13.0,20.0,0.4,0.5,4.66,5.95,13.28,8.3,8.0,5.03,20.0,0.5,0.3,0.5,-9.41,-2.13,0.88,-3.09,8.0,6.26,20.0,0.5,0.3,0.5,-4.34,3.43,8.57,2.83,8.0,6.69,20.0,0.5,0.3,0.5,1001.71,1012.75,1019.06,1010.4,8.0,9.53,20.0,0.5,0.3,0.5,5.8,8.0,8.0,6.7,7.0,2.2,20.0,0.4,0.3,0.4,-125.2,-13.1,3.5,-49.0,8.0,90.4,20.0,0.5,0.3,0.5,-20.3,14.4,133.8,44.5,8.0,76.3,20.0,0.5,0.3,0.5,-0.64,0.6,1.14,0.37,7.0,2.23,20.0,0.4,0.4,0.5,-2.9,2.8,13.9,5.0,7.0,11.2,20.0,0.4,0.4,0.5,0.31,0.49,1.83,0.94,7.0,1.0,20.0,0.4,0.4,0.5,1.8,4.2,17.3,7.7,7.0,9.1,20.0,0.4,0.4,0.5,-11.1,-1.1,6.2,-4.0,8.0,13.3,20.0,0.5,0.3,0.5,-7.0,9.2,25.2,10.9,8.0,20.8,20.0,0.5,0.3,0.5,-11.6,-5.8,5.4,-4.1,7.0,17.0,20.0,0.4,0.4,0.5,-16.0,12.5,29.1,9.5,7.0,27.7,20.0,0.4,0.4,0.5,-6.4,-0.7,0.4,-3.6,7.0,6.9,20.0,0.4,0.4,0.5,-2.9,-0.3,4.9,0.6,7.0,9.4,20.0,0.4,0.4,0.5,101.5,212.0,2345.5,1179.0,8.0,1623.0,20.0,0.5,0.3,0.5,100.0,210.0,2345.0,1180.0,8.0,1625.0,20.0,0.5,0.3,0.5
1974,2,171.0,49.0,3.43,4.0,4.52,3.93,7.0,0.98,4.0,0.3,0.6,0.3,0.89,1.5,3.52,1.6,7.0,1.76,4.0,0.3,0.6,0.3,3.04,3.15,3.68,3.45,6.0,0.81,4.0,0.3,0.6,0.3,67.5,75.5,84.4,77.1,6.0,12.8,4.0,0.3,0.3,4.53,8.7,10.8,7.86,7.0,2.98,4.0,0.3,0.6,0.3,-8.3,-2.68,0.4,-2.93,7.0,6.05,4.0,0.3,0.6,0.3,-6.94,-4.32,-1.11,-2.8,7.0,5.02,4.0,0.3,0.6,0.3,996.99,1002.0,1010.09,1002.44,7.0,6.2,4.0,0.3,0.6,0.3,5.9,7.0,8.0,6.6,7.0,1.7,4.0,0.3,0.6,0.3,-81.7,-8.3,4.3,-23.2,7.0,62.2,4.0,0.3,0.6,0.3,-75.0,-29.6,-1.7,-26.1,7.0,46.0,4.0,0.3,0.6,0.3,0.88,3.0,3.56,2.33,7.0,2.03,4.0,0.3,0.6,0.3,7.1,26.1,32.4,20.5,7.0,13.9,4.0,0.3,0.6,0.3,1.15,1.92,2.06,1.65,6.0,0.71,4.0,0.3,0.6,0.3,3.9,19.3,20.7,14.6,6.0,8.6,4.0,0.3,0.6,0.3,-9.5,-8.3,2.5,-3.3,7.0,8.6,4.0,0.3,0.6,0.3,-7.1,-5.4,6.8,0.6,7.0,14.2,4.0,0.3,0.6,0.3,-26.5,-15.2,5.4,-9.8,6.0,20.9,4.0,0.3,0.6,0.3,-21.8,-11.7,4.3,-5.4,6.0,22.9,4.0,0.3,0.6,0.3,-17.4,-10.0,3.2,-6.6,6.0,13.2,4.0,0.3,0.6,0.3,-13.1,-8.3,-1.1,-7.1,6.0,6.5,4.0,0.3,0.6,0.3,94.0,658.5,1259.5,652.5,7.0,499.0,4.0,0.3,0.6,0.3,95.0,660.0,1260.0,650.0,7.0,500.0,4.0,0.3,0.6,0.3
1974,2,171.0,50.0,1.9,2.6,3.6,2.7,6.0,0.96,16.0,0.3,0.4,0.5,-1.21,1.5,2.1,0.75,6.0,1.81,16.0,0.3,0.4,0.5,3.04,3.76,3.94,3.54,5.0,0.51,18.0,0.4,0.3,0.5,79.1,84.7,90.5,84.6,5.0,6.6,18.0,0.4,0.5,4.89,9.0,15.73,9.93,6.0,5.82,16.0,0.3,0.4,0.5,-13.32,-7.34,-2.25,-7.02,6.0,6.84,16.0,0.3,0.4,0.5,-5.89,-2.34,3.64,-0.93,6.0,6.73,16.0,0.3,0.4,0.5,1004.23,1013.15,1018.31,1010.97,6.0,8.84,16.0,0.3,0.4,0.5,5.0,7.0,8.0,6.7,6.0,1.5,16.0,0.3,0.4,0.5,-221.7,-76.0,-8.4,-98.7,6.0,107.5,16.0,0.3,0.4,0.5,-86.5,-11.2,45.4,-2.6,6.0,102.8,16.0,0.3,0.4,0.5,0.16,0.75,5.0,1.95,6.0,2.39,16.0,0.3,0.4,0.5,0.8,9.8,29.6,17.6,6.0,24.6,16.0,0.3,0.4,0.5,0.6,0.79,1.55,1.05,5.0,0.7,18.0,0.4,0.3,0.5,4.8,6.1,18.8,11.4,5.0,10.1,18.0,0.4,0.3,0.5,-23.9,-1.9,8.2,-6.7,6.0,17.6,16.0,0.3,0.4,0.5,-5.5,3.1,12.2,4.8,6.0,12.5,16.0,0.3,0.4,0.5,-53.9,-28.2,-6.9,-28.5,5.0,27.9,18.0,0.4,0.3,0.5,-21.6,-10.3,20.3,-0.8,5.0,27.7,18.0,0.4,0.3,0.5,-14.4,-5.1,-0.6,-7.2,5.0,9.7,18.0,0.4,0.3,0.5,-9.1,-1.9,4.0,-2.8,5.0,9.8,18.0,0.4,0.3,0.5,119.5,1139.5,3912.5,1841.0,6.0,2087.5,16.0,0.3,0.4,0.5,120.0,1140.0,3915.0,1840.0,6.0,2090.0,16.0,0.3,0.4,0.5
1974,2,171.0,51.0,3.03,4.0,4.0,3.73,8.0,0.55,14.0,1.0,0.4,0.4,0.0,3.0,4.87,2.57,9.0,2.28,16.0,1.0,0.4,0.4,3.27,3.48,4.37,3.85,8.0,0.79,14.0,1.0,0.5,0.5,70.9,83.8,92.7,82.5,8.0,13.4,14.0,1.0,0.5,4.21,11.3,16.43,10.8,9.0,5.84,16.0,1.0,0.4,0.4,-11.72,-7.45,1.17,-6.06,9.0,7.08,16.0,1.0,0.4,0.4,0.48,6.5,12.29,6.14,9.0,5.61,16.0,1.0,0.4,0.4,1010.99,1012.0,1014.47,1012.52,9.0,3.13,16.0,1.0,0.4,0.4,2.2,7.0,8.0,5.8,8.0,2.7,14.0,1.0,0.4,0.4,-149.5,-104.5,4.2,-91.3,9.0,116.9,16.0,1.0,0.4,0.4,1.7,48.7,173.7,84.4,9.0,92.2,16.0,1.0,0.4,0.4,-0.94,1.1,4.0,1.4,8.0,2.41,14.0,1.0,0.4,0.4,-17.5,6.2,28.1,7.9,8.0,25.3,14.0,1.0,0.4,0.4,0.3,1.47,1.61,1.15,7.0,0.77,14.0,1.0,0.5,0.5,2.8,5.5,16.2,10.6,7.0,12.7,14.0,1.0,0.5,0.5,-37.0,-6.3,0.0,-17.7,9.0,32.2,16.0,1.0,0.4,0.4,0.0,2.0,56.7,23.5,9.0,28.8,16.0,1.0,0.4,0.4,-36.7,-20.6,6.5,-18.2,8.0,25.8,14.0,1.0,0.5,0.5,6.0,22.1,57.2,29.4,8.0,26.1,14.0,1.0,0.5,0.5,-15.9,-3.0,-0.5,-8.0,7.0,12.9,14.0,1.0,0.5,0.5,-0.1,3.2,10.4,4.5,7.0,5.2,14.0,1.0,0.5,0.5,122.5,1443.0,4480.5,2210.0,9.0,2373.0,16.0,1.0,0.4,0.4,120.0,1445.0,4480.0,2210.0,9.0,2375.0,16.0,1.0,0.4,0.4
1974,2,171.0,52.0,3.74,4.5,5.37,4.56,5.0,1.02,16.0,0.8,0.0,0.8,-0.43,0.0,1.93,0.6,5.0,1.42,16.0,0.8,0.0,0.8,3.02,3.44,3.72,3.4,5.0,0.47,16.0,0.8,0.0,0.8,75.4,83.9,97.3,86.0,5.0,11.5,16.0,0.8,0.8,9.94,12.1,13.16,11.58,4.0,2.12,18.0,0.8,0.0,0.8,-12.65,-9.63,-3.17,-7.99,4.0,6.03,18.0,0.8,0.0,0.8,-4.85,3.41,5.11,0.28,4.0,7.85,18.0,0.8,0.0,0.8,1008.63,1012.5,1015.87,1012.6,5.0,4.74,16.0,0.8,0.0,0.8,5.9,8.0,8.0,7.0,5.0,1.7,16.0,0.8,0.0,0.8,-166.4,-110.9,-27.6,-97.6,4.0,82.8,18.0,0.8,0.0,0.8,-53.1,38.8,55.3,2.8,4.0,88.0,18.0,0.8,0.0,0.8,2.84,4.1,5.18,3.96,5.0,1.48,16.0,0.8,0.0,0.8,32.2,45.2,54.9,43.6,4.0,16.6,18.0,0.8,0.0,0.8,1.35,1.89,2.43,1.85,5.0,0.72,16.0,0.8,0.0,0.8,14.1,20.8,27.1,20.6,4.0,9.1,18.0,0.8,0.0,0.8,-26.2,-10.2,0.0,-13.0,4.0,15.6,18.0,0.8,0.0,0.8,1.7,7.4,11.4,6.6,4.0,5.7,18.0,0.8,0.0,0.8,-47.6,-30.9,-8.9,-28.4,4.0,23.5,18.0,0.8,0.0,0.8,-16.6,12.4,15.7,0.1,4.0,26.9,18.0,0.8,0.0,0.8,-23.7,-13.2,-4.4,-14.0,4.0,12.5,18.0,0.8,0.0,0.8,-9.3,6.2,12.7,1.9,4.0,15.1,18.0,0.8,0.0,0.8,1032.0,1795.0,2282.5,1663.5,4.0,784.0,18.0,0.8,0.0,0.8,1030.0,1795.0,2285.0,1665.0,4.0,785.0,18.0,0.8,0.0,0.8
1974,2,171.0,53.0,3.48,4.5,5.52,4.5,3.0,1.5,4.0,0.3,0.6,0.2,-1.05,-0.75,0.02,-0.52,4.0,0.73,8.0,0.3,0.7,0.1,2.91,3.48,3.57,3.25,3.0,0.53,10.0,0.0,0.7,0.2,78.1,91.0,97.1,87.7,3.0,14.2,10.0,0.0,0.2,8.7,9.5,14.07,11.3,4.0,4.2,8.0,0.3,0.7,0.1,-10.6,-4.56,-1.68,-6.07,4.0,6.48,8.0,0.3,0.7,0.1,-9.21,-1.02,7.76,-0.74,4.0,9.8,8.0,0.3,0.7,0.1,1001.88,1005.75,1014.33,1008.0,4.0,9.94,8.0,0.3,0.7,0.1,5.0,6.5,8.0,6.5,4.0,1.7,8.0,0.3,0.7,0.1,-162.1,-42.5,-17.3,-87.5,4.0,120.2,8.0,0.3,0.7,0.1,-88.3,-8.9,107.8,8.9,4.0,118.5,8.0,0.3,0.7,0.1,4.03,4.1,5.74,4.87,3.0,1.42,4.0,0.3,0.6,0.2,45.6,67.0,69.0,57.5,3.0,19.0,4.0,0.3,0.6,0.2,1.91,2.43,2.94,2.43,2.0,1.07,6.0,0.0,0.7,0.2,29.8,31.0,32.2,31.0,2.0,2.5,6.0,0.0,0.7,0.2,-4.0,0.9,3.8,-0.1,4.0,5.5,8.0,0.3,0.7,0.1,-1.4,4.6,7.3,3.0,4.0,6.9,8.0,0.3,0.7,0.1,-43.6,-19.5,-12.5,-27.9,3.0,23.9,10.0,0.0,0.7,0.2,-10.1,23.2,29.0,9.7,3.0,30.9,10.0,0.0,0.7,0.2,-23.1,-18.3,-13.5,-18.3,2.0,10.0,6.0,0.0,0.7,0.2,-23.6,-8.1,7.4,-8.1,2.0,32.1,6.0,0.0,0.7,0.2,658.5,875.5,3328.0,1942.5,4.0,2287.0,8.0,0.3,0.7,0.1,660.0,875.0,3330.0,1940.0,4.0,2285.0,8.0,0.3,0.7,0.1
1974,2,171.0,54.0,,,,,,,,,,,,,,,,,,,,,,,,,,,,,,,,,,,,,,,,6.29,8.7,15.03,10.08,5.0,5.7,14.0,0.4,0.3,0.4,-13.76,-8.18,-5.37,-9.22,5.0,5.62,14.0,0.4,0.3,0.4,-3.46,-1.35,4.43,0.25,5.0,4.64,14.0,0.4,0.3,0.4,996.49,1006.3,1015.49,1005.96,5.0,14.64,14.0,0.4,0.3,0.4,,,,,,,,,,,,,,,,,,,,,,,,,,,,,,,,,,,,,,,,,,,,,,,,,,,,,,,,,,,,,,,,,,,,,,,,,,,,,,,,,,,,,,,,,,,,,,,,,,,,,,,,,,,,,,,,,,,,,,,,,,,,,,,,,,,,,,,,,,,,,,,,,,,,,,
1974,2,171.0,55.0,,,,,,,,,,,,,,,,,,,,,,,,,,,,,,,,,,,,,,,,9.48,13.5,18.57,14.0,4.0,5.35,14.0,0.3,0.2,0.5,-11.83,-1.42,5.94,-2.87,4.0,11.32,14.0,0.3,0.2,0.5,-12.05,-0.95,7.62,-2.16,4.0,12.03,14.0,0.3,0.2,0.5,1010.16,1013.5,1018.96,1014.53,3.0,6.51,10.0,0.0,0.2,0.6,,,,,,,,,,,,,,,,,,,,,,,,,,,,,,,,,,,,,,,,,,,,,,,,,,,,,,,,,,,,,,,,,,,,,,,,,,,,,,,,,,,,,,,,,,,,,,,,,,,,,,,,,,,,,,,,,,,,,,,,,,,,,,,,,,,,,,,,,,,,,,,,,,,,,,
1974,2,171.0,56.0,,,,,,,,,,,,,,,,,,,,,,,,,,,,,,,,,,,,,,,,8.13,9.4,12.9,9.85,24.0,2.68,18.0,0.3,0.5,0.7,-8.28,-1.65,3.62,-2.37,24.0,6.58,18.0,0.3,0.5,0.7,-8.25,-4.5,7.65,-2.51,24.0,7.25,18.0,0.3,0.5,0.7,1001.53,1014.6,1024.28,1013.52,25.0,12.38,18.0,0.3,0.5,0.7,,,,,,,,,,,,,,,,,,,,,,,,,,,,,,,,,,,,,,,,,,,,,,,,,,,,,,,,,,,,,,,,,,,,,,,,,,,,,,,,,,,,,,,,,,,,,,,,,,,,,,,,,,,,,,,,,,,,,,,,,,,,,,,,,,,,,,,,,,,,,,,,,,,,,,
1974,2,171.0,57.0,,,,,,,,,,,,,,,,,,,,,,,,,,,,,,,,,,,,,,,,15.55,16.95,18.35,16.95,2.0,2.9,12.0,1.0,0.7,0.0,-12.3,-8.65,-5.0,-8.65,2.0,7.57,12.0,1.0,0.7,0.0,-16.55,-11.9,-7.26,-11.9,2.0,9.63,12.0,1.0,0.7,0.0,1003.15,1006.7,1010.25,1006.7,2.0,7.35,12.0,1.0,0.7,0.0,,,,,,,,,,,,,,,,,,,,,,,,,,,,,,,,,,,,,,,,,,,,,,,,,,,,,,,,,,,,,,,,,,,,,,,,,,,,,,,,,,,,,,,,,,,,,,,,,,,,,,,,,,,,,,,,,,,,,,,,,,,,,,,,,,,,,,,,,,,,,,,,,,,,,,
1974,2,171.0,58.0,,,,,,,,,,,,,,,,,,,,,,,,,,,,,,,,,,,,,,,,4.1,4.1,4.1,4.1,1.0,0.0,14.0,1.0,0.1,0.9,-4.04,-4.04,-4.04,-4.04,1.0,0.0,14.0,1.0,0.1,0.9,-0.71,-0.71,-0.71,-0.71,1.0,0.0,14.0,1.0,0.1,0.9,1010.1,1010.1,1010.1,1010.1,1.0,0.0,14.0,1.0,0.1,0.9,,,,,,,,,,,,,,,,,,,,,,,,,,,,,,,,,,,,,,,,,,,,,,,,,,,,,,,,,,,,,,,,,,,,,,,,,,,,,,,,,,,,,,,,,,,,,,,,,,,,,,,,,,,,,,,,,,,,,,,,,,,,,,,,,,,,,,,,,,,,,,,,,,,,,,
1974,2,171.0,60.0,,,,,,,,,,,,,,,,,,,,,,,,,,,,,,,,,,,,,,,,15.0,15.0,15.0,15.0,1.0,0.0,24.0,0.0,0.0,0.0,-15.0,-15.0,-15.0,-15.0,1.0,0.0,24.0,0.0,0.0,0.0,0.0,0.0,0.0,0.0,1.0,0.0,24.0,0.0,0.0,0.0,1023.9,1023.9,1023.9,1023.9,1.0,0.0,24.0,0.0,0.0,0.0,,,,,,,,,,,,,,,,,,,,,,,,,,,,,,,,,,,,,,,,,,,,,,,,,,,,,,,,,,,,,,,,,,,,,,,,,,,,,,,,,,,,,,,,,,,,,,,,,,,,,,,,,,,,,,,,,,,,,,,,,,,,,,,,,,,,,,,,,,,,,,,,,,,,,,
1974,2,172.0,-77.0,0.3,0.3,0.3,0.3,1.0,0.0,16.0,1.0,0.8,0.9,-4.0,-4.0,-4.0,-4.0,1.0,0.0,16.0,1.0,0.8,0.9,2.43,2.43,2.43,2.43,1.0,0.0,16.0,1.0,0.8,0.9,82.7,82.7,82.7,82.7,1.0,0.0,16.0,1.0,0.9,8.7,8.7,8.7,8.7,1.0,0.0,16.0,1.0,0.8,0.9,-7.53,-7.53,-7.53,-7.53,1.0,0.0,16.0,1.0,0.8,0.9,4.35,4.35,4.35,4.35,1.0,0.0,16.0,1.0,0.8,0.9,969.5,969.5,969.5,969.5,1.0,0.0,16.0,1.0,0.8,0.9,7.0,7.0,7.0,7.0,1.0,0.0,16.0,1.0,0.8,0.9,-65.5,-65.5,-65.5,-65.5,1.0,0.0,16.0,1.0,0.8,0.9,37.8,37.8,37.8,37.8,1.0,0.0,16.0,1.0,0.8,0.9,4.3,4.3,4.3,4.3,1.0,0.0,16.0,1.0,0.8,0.9,37.4,37.4,37.4,37.4,1.0,0.0,16.0,1.0,0.8,0.9,1.61,1.61,1.61,1.61,1.0,0.0,16.0,1.0,0.8,0.9,14.0,14.0,14.0,14.0,1.0,0.0,16.0,1.0,0.8,0.9,30.1,30.1,30.1,30.1,1.0,0.0,16.0,1.0,0.8,0.9,-17.4,-17.4,-17.4,-17.4,1.0,0.0,16.0,1.0,0.8,0.9,-18.3,-18.3,-18.3,-18.3,1.0,0.0,16.0,1.0,0.8,0.9,10.6,10.6,10.6,10.6,1.0,0.0,16.0,1.0,0.8,0.9,-12.1,-12.1,-12.1,-12.1,1.0,0.0,16.0,1.0,0.8,0.9,7.0,7.0,7.0,7.0,1.0,0.0,16.0,1.0,0.8,0.9,658.5,658.5,658.5,658.5,1.0,0.0,16.0,1.0,0.8,0.9,660.0,660.0,660.0,660.0,1.0,0.0,16.0,1.0,0.8,0.9
1974,2,172.0,-75.0,-1.7,-1.7,-1.7,-1.7,1.0,0.0,18.0,0.0,0.7,0.5,-2.8,-2.8,-2.8,-2.8,1.0,0.0,18.0,0.0,0.7,0.5,3.18,3.18,3.18,3.18,1.0,0.0,18.0,0.0,0.7,0.5,100.0,100.0,100.0,100.0,1.0,0.0,18.0,0.0,0.5,11.3,11.3,11.3,11.3,1.0,0.0,18.0,0.0,0.7,0.5,-10.62,-10.62,-10.62,-10.62,1.0,0.0,18.0,0.0,0.7,0.5,3.86,3.86,3.86,3.86,1.0,0.0,18.0,0.0,0.7,0.5,978.7,978.7,978.7,978.7,1.0,0.0,18.0,0.0,0.7,0.5,,,,,,,,,,,,,,,,,,,,,,,,,,,,,,,1.1,1.1,1.1,1.1,1.0,0.0,18.0,0.0,0.7,0.5,12.4,12.4,12.4,12.4,1.0,0.0,18.0,0.0,0.7,0.5,0.27,0.27,0.27,0.27,1.0,0.0,18.0,0.0,0.7,0.5,3.1,3.1,3.1,3.1,1.0,0.0,18.0,0.0,0.7,0.5,29.7,29.7,29.7,29.7,1.0,0.0,18.0,0.0,0.7,0.5,-10.8,-10.8,-10.8,-10.8,1.0,0.0,18.0,0.0,0.7,0.5,-33.8,-33.8,-33.8,-33.8,1.0,0.0,18.0,0.0,0.7,0.5,12.3,12.3,12.3,12.3,1.0,0.0,18.0,0.0,0.7,0.5,-2.9,-2.9,-2.9,-2.9,1.0,0.0,18.0,0.0,0.7,0.5,1.0,1.0,1.0,1.0,1.0,0.0,18.0,0.0,0.7,0.5,1443.0,1443.0,1443.0,1443.0,1.0,0.0,18.0,0.0,0.7,0.5,1445.0,1445.0,1445.0,1445.0,1.0,0.0,18.0,0.0,0.7,0.5
1974,2,172.0,-74.0,1.32,1.35,1.38,1.35,2.0,0.07,4.0,1.0,0.0,0.3,-0.76,-0.45,-0.14,-0.45,2.0,0.64,4.0,1.0,0.0,0.3,2.37,2.53,2.68,2.53,2.0,0.33,4.0,1.0,0.0,0.3,61.9,67.6,73.3,67.6,2.0,11.8,4.0,1.0,0.3,6.69,7.75,8.81,7.75,2.0,2.19,4.0,1.0,0.0,0.3,2.04,4.1,6.16,4.1,2.0,4.28,4.0,1.0,0.0,0.3,6.0,6.04,6.09,6.04,2.0,0.09,4.0,1.0,0.0,0.3,987.8,987.8,987.8,987.8,2.0,0.0,4.0,1.0,0.0,0.3,7.0,7.0,7.0,7.0,2.0,0.0,4.0,1.0,0.0,0.3,16.1,36.5,56.8,36.5,2.0,42.1,4.0,1.0,0.0,0.3,40.7,46.7,52.8,46.7,2.0,12.5,4.0,1.0,0.0,0.3,1.53,1.8,2.07,1.8,2.0,0.57,4.0,1.0,0.0,0.3,10.5,14.6,18.6,14.6,2.0,8.3,4.0,1.0,0.0,0.3,1.58,1.75,1.91,1.75,2.0,0.35,4.0,1.0,0.0,0.3,12.6,13.2,13.7,13.2,2.0,1.1,4.0,1.0,0.0,0.3,-5.4,-3.2,-1.0,-3.2,2.0,4.5,4.0,1.0,0.0,0.3,-4.5,-2.7,-0.9,-2.7,2.0,3.8,4.0,1.0,0.0,0.3,5.2,11.1,16.9,11.1,2.0,12.1,4.0,1.0,0.0,0.3,14.4,15.2,16.1,15.2,2.0,1.7,4.0,1.0,0.0,0.3,3.5,6.4,9.3,6.4,2.0,6.0,4.0,1.0,0.0,0.3,9.5,10.6,11.7,10.6,2.0,2.3,4.0,1.0,0.0,0.3,328.0,521.5,714.5,521.5,2.0,400.0,4.0,1.0,0.0,0.3,330.0,520.0,715.0,520.0,2.0,400.0,4.0,1.0,0.0,0.3
1974,2,172.0,-73.0,0.01,0.4,0.62,0.32,5.0,0.54,8.0,0.6,0.1,0.4,-1.86,-1.6,-0.63,-1.3,5.0,0.86,8.0,0.6,0.1,0.4,2.54,2.88,3.15,2.86,5.0,0.4,8.0,0.6,0.1,0.4,71.6,79.9,91.3,81.5,5.0,12.6,8.0,0.6,0.4,5.07,6.7,7.38,6.18,5.0,1.81,8.0,0.6,0.1,0.4,-0.26,3.35,5.66,2.42,5.0,4.56,8.0,0.6,0.1,0.4,2.53,4.63,5.26,4.01,5.0,1.68,8.0,0.6,0.1,0.4,985.57,987.8,990.19,987.64,5.0,3.24,8.0,0.6,0.1,0.4,1.5,4.0,6.0,3.8,4.0,2.6,8.0,0.5,0.1,0.4,-6.9,22.4,41.8,16.5,5.0,31.4,8.0,0.6,0.1,0.4,14.0,33.3,38.4,26.9,5.0,14.6,8.0,0.6,0.1,0.4,0.84,1.9,2.26,1.62,5.0,0.89,8.0,0.6,0.1,0.4,4.8,6.8,16.1,10.0,5.0,7.2,8.0,0.6,0.1,0.4,0.73,1.1,1.52,1.1,5.0,0.54,8.0,0.6,0.1,0.4,2.6,7.9,11.0,7.0,5.0,4.5,8.0,0.6,0.1,0.4,-7.7,-3.3,3.1,-2.5,5.0,8.0,8.0,0.6,0.1,0.4,-7.8,-5.0,-1.6,-4.9,5.0,4.3,8.0,0.6,0.1,0.4,-1.7,8.0,15.6,5.7,5.0,14.1,8.0,0.6,0.1,0.4,8.5,12.9,13.5,11.1,5.0,3.8,8.0,0.6,0.1,0.4,1.1,5.9,6.8,4.2,5.0,3.8,8.0,0.6,0.1,0.4,1.3,5.1,8.1,4.9,5.0,3.9,8.0,0.6,0.1,0.4,162.0,301.0,403.5,279.5,5.0,161.5,8.0,0.6,0.1,0.4,160.0,300.0,405.0,280.0,5.0,160.0,8.0,0.6,0.1,0.4
1974,2,172.0,-72.0,0.33,0.6,0.87,0.6,2.0,0.57,8.0,1.0,0.3,0.5,-1.97,-1.25,-0.53,-1.25,2.0,1.48,8.0,1.0,0.3,0.5,2.64,2.83,3.01,2.83,2.0,0.39,8.0,1.0,0.3,0.5,78.4,79.1,79.9,79.1,2.0,1.5,8.0,1.0,0.5,4.32,6.95,9.58,6.95,2.0,5.44,8.0,1.0,0.3,0.5,-2.31,-0.61,1.09,-0.61,2.0,3.52,8.0,1.0,0.3,0.5,1.69,5.32,8.95,5.32,2.0,7.52,8.0,1.0,0.3,0.5,976.8,980.9,985.0,980.9,2.0,8.49,8.0,1.0,0.3,0.5,2.6,4.0,5.4,4.0,2.0,2.8,8.0,1.0,0.3,0.5,-4.9,5.3,15.5,5.3,2.0,21.1,8.0,1.0,0.3,0.5,18.2,57.4,96.6,57.4,2.0,81.2,8.0,1.0,0.3,0.5,0.86,1.85,2.84,1.85,2.0,2.05,8.0,1.0,0.3,0.5,6.7,18.4,30.2,18.4,2.0,24.3,8.0,1.0,0.3,0.5,1.0,1.25,1.5,1.25,2.0,0.52,8.0,1.0,0.3,0.5,5.1,10.1,15.1,10.1,2.0,10.4,8.0,1.0,0.3,0.5,-3.5,-1.8,-0.2,-1.8,2.0,3.5,8.0,1.0,0.3,0.5,-20.6,-12.2,-3.9,-12.2,2.0,17.3,8.0,1.0,0.3,0.5,-7.3,-2.4,2.5,-2.4,2.0,10.2,8.0,1.0,0.3,0.5,4.3,13.6,22.9,13.6,2.0,19.2,8.0,1.0,0.3,0.5,-1.8,0.1,2.1,0.1,2.0,4.1,8.0,1.0,0.3,0.5,2.7,8.6,14.4,8.6,2.0,12.1,8.0,1.0,0.3,0.5,225.0,645.0,1064.5,645.0,2.0,869.5,8.0,1.0,0.3,0.5,225.0,645.0,1065.0,645.0,2.0,870.0,8.0,1.0,0.3,0.5
1974,2,172.0,-69.0,,,,,,,,,,,,,,,,,,,,,,,,,,,,,,,,,,,,,,,,5.1,5.1,6.1,5.58,4.0,0.95,2.0,0.8,0.1,0.6,-0.71,4.42,4.77,2.14,4.0,5.01,2.0,0.8,0.1,0.6,-3.57,-2.55,-1.21,-2.4,4.0,1.85,2.0,0.8,0.1,0.6,990.02,992.1,993.5,991.78,4.0,2.06,2.0,0.8,0.1,0.6,,,,,,,,,,,,,,,,,,,,,,,,,,,,,,,,,,,,,,,,,,,,,,,,,,,,,,,,,,,,,,,,,,,,,,,,,,,,,,,,,,,,,,,,,,,,,,,,,,,,,,,,,,,,,,,,,,,,,,,,,,,,,,,,,,,,,,,,,,,,,,,,,,,,,,
1974,2,172.0,-68.0,-0.84,-0.7,-0.02,-0.43,3.0,0.64,2.0,1.0,0.0,0.4,-0.48,0.0,0.0,-0.23,3.0,0.4,2.0,1.0,0.0,0.4,3.36,3.36,3.36,3.36,1.0,0.0,6.0,1.0,0.0,1.0,86.4,86.4,86.4,86.4,1.0,0.0,6.0,1.0,1.0,5.1,5.1,5.71,5.4,3.0,0.52,2.0,1.0,0.0,0.4,-2.95,-0.89,3.57,0.28,3.0,4.88,2.0,1.0,0.0,0.4,-2.89,-2.05,2.78,-0.1,3.0,4.48,2.0,1.0,0.0,0.4,985.92,993.7,994.04,990.07,3.0,6.73,2.0,1.0,0.0,0.4,7.0,7.0,7.0,7.0,2.0,0.0,4.0,1.0,0.0,0.5,-15.0,-4.5,21.7,3.1,3.0,27.7,2.0,1.0,0.0,0.4,-15.3,-12.3,13.6,-1.1,3.0,23.3,2.0,1.0,0.0,0.4,-0.54,-0.2,0.14,-0.2,3.0,0.5,2.0,1.0,0.0,0.4,-2.8,-1.2,0.7,-1.1,3.0,2.6,2.0,1.0,0.0,0.4,0.62,0.62,0.62,0.62,1.0,0.0,6.0,1.0,0.0,1.0,3.1,3.1,3.1,3.1,1.0,0.0,6.0,1.0,0.0,1.0,-2.7,0.0,0.0,-1.3,3.0,2.3,2.0,1.0,0.0,0.4,0.0,0.0,1.0,0.5,3.0,0.8,2.0,1.0,0.0,0.4,-3.0,-3.0,-3.0,-3.0,1.0,0.0,6.0,1.0,0.0,1.0,16.9,16.9,16.9,16.9,1.0,0.0,6.0,1.0,0.0,1.0,-0.5,-0.5,-0.5,-0.5,1.0,0.0,6.0,1.0,0.0,1.0,3.1,3.1,3.1,3.1,1.0,0.0,6.0,1.0,0.0,1.0,132.5,132.5,189.5,160.5,3.0,48.0,2.0,1.0,0.0,0.4,135.0,135.0,190.0,160.0,3.0,50.0,2.0,1.0,0.0,0.4
1974,2,172.0,-67.0,1.5,1.5,1.5,1.5,1.0,0.0,6.0,1.0,0.0,0.5,3.2,3.2,3.2,3.2,1.0,0.0,6.0,1.0,0.0,0.5,3.05,3.05,3.05,3.05,1.0,0.0,6.0,1.0,0.0,0.5,62.4,62.4,62.4,62.4,1.0,0.0,6.0,1.0,0.5,6.2,6.2,6.2,6.2,1.0,0.0,6.0,1.0,0.0,0.5,-1.08,-1.08,-1.08,-1.08,1.0,0.0,6.0,1.0,0.0,0.5,6.11,6.11,6.11,6.11,1.0,0.0,6.0,1.0,0.0,0.5,983.5,983.5,983.5,983.5,1.0,0.0,6.0,1.0,0.0,0.5,6.0,6.0,6.0,6.0,1.0,0.0,6.0,1.0,0.0,0.5,-6.7,-6.7,-6.7,-6.7,1.0,0.0,6.0,1.0,0.0,0.5,37.9,37.9,37.9,37.9,1.0,0.0,6.0,1.0,0.0,0.5,-1.7,-1.7,-1.7,-1.7,1.0,0.0,6.0,1.0,0.0,0.5,-10.5,-10.5,-10.5,-10.5,1.0,0.0,6.0,1.0,0.0,0.5,1.29,1.29,1.29,1.29,1.0,0.0,6.0,1.0,0.0,0.5,8.0,8.0,8.0,8.0,1.0,0.0,6.0,1.0,0.0,0.5,-3.4,-3.4,-3.4,-3.4,1.0,0.0,6.0,1.0,0.0,0.5,19.5,19.5,19.5,19.5,1.0,0.0,6.0,1.0,0.0,0.5,-3.3,-3.3,-3.3,-3.3,1.0,0.0,6.0,1.0,0.0,0.5,18.6,18.6,18.6,18.6,1.0,0.0,6.0,1.0,0.0,0.5,-1.4,-1.4,-1.4,-1.4,1.0,0.0,6.0,1.0,0.0,0.5,7.9,7.9,7.9,7.9,1.0,0.0,6.0,1.0,0.0,0.5,238.5,238.5,238.5,238.5,1.0,0.0,6.0,1.0,0.0,0.5,240.0,240.0,240.0,240.0,1.0,0.0,6.0,1.0,0.0,0.5
1974,2,172.0,-66.0,1.19,1.5,2.75,1.95,4.0,1.26,8.0,0.8,0.3,0.5,0.29,1.1,1.91,1.1,4.0,0.99,8.0,0.8,0.3,0.5,2.84,3.16,3.61,3.22,4.0,0.46,8.0,0.8,0.3,0.5,67.4,76.5,85.8,76.6,4.0,11.1,8.0,0.8,0.5,2.58,3.35,5.75,4.13,4.0,2.46,8.0,0.8,0.3,0.5,-1.98,-1.58,3.3,0.56,4.0,4.77,8.0,0.8,0.3,0.5,-0.71,1.34,2.72,1.02,4.0,2.04,8.0,0.8,0.3,0.5,984.88,985.4,985.55,985.23,4.0,0.5,8.0,0.8,0.3,0.5,7.0,7.5,8.0,7.5,4.0,0.6,8.0,0.8,0.3,0.5,-6.7,-4.1,29.5,10.7,4.0,32.5,8.0,0.8,0.3,0.5,-1.5,4.2,9.2,3.9,4.0,6.2,8.0,0.8,0.3,0.5,-0.6,0.1,2.37,0.85,4.0,2.07,8.0,0.8,0.3,0.5,-1.6,0.8,16.7,7.3,4.0,14.8,8.0,0.8,0.3,0.5,0.98,1.4,1.54,1.27,4.0,0.45,8.0,0.8,0.3,0.5,2.7,4.7,9.1,5.8,4.0,4.8,8.0,0.8,0.3,0.5,-3.0,-1.9,-0.7,-1.9,4.0,1.5,8.0,0.8,0.3,0.5,-1.6,0.8,3.0,0.7,4.0,3.0,8.0,0.8,0.3,0.5,-6.3,-5.2,11.9,2.4,4.0,16.2,8.0,0.8,0.3,0.5,-2.6,3.8,7.7,2.6,4.0,6.3,8.0,0.8,0.3,0.5,-2.7,-1.6,6.2,1.6,4.0,7.5,8.0,0.8,0.3,0.5,-0.4,1.8,3.8,1.7,4.0,2.5,8.0,0.8,0.3,0.5,19.0,38.0,261.5,135.5,4.0,214.5,8.0,0.8,0.3,0.5,20.0,40.0,260.0,135.0,4.0,215.0,8.0,0.8,0.3,0.5
1974,2,172.0,-64.0,1.1,1.1,1.1,1.1,1.0,0.0,6.0,0.0,0.3,0.2,1.4,1.4,1.4,1.4,1.0,0.0,6.0,0.0,0.3,0.2,3.29,3.29,3.29,3.29,1.0,0.0,6.0,0.0,0.3,0.2,76.9,76.9,76.9,76.9,1.0,0.0,6.0,0.0,0.2,9.3,9.3,9.3,9.3,1.0,0.0,6.0,0.0,0.3,0.2,8.05,8.05,8.05,8.05,1.0,0.0,6.0,0.0,0.3,0.2,-4.65,-4.65,-4.65,-4.65,1.0,0.0,6.0,0.0,0.3,0.2,988.9,988.9,988.9,988.9,1.0,0.0,6.0,0.0,0.3,0.2,5.0,5.0,5.0,5.0,1.0,0.0,6.0,0.0,0.3,0.2,74.9,74.9,74.9,74.9,1.0,0.0,6.0,0.0,0.3,0.2,-43.2,-43.2,-43.2,-43.2,1.0,0.0,6.0,0.0,0.3,0.2,-0.3,-0.3,-0.3,-0.3,1.0,0.0,6.0,0.0,0.3,0.2,-2.8,-2.8,-2.8,-2.8,1.0,0.0,6.0,0.0,0.3,0.2,0.9,0.9,0.9,0.9,1.0,0.0,6.0,0.0,0.3,0.2,8.4,8.4,8.4,8.4,1.0,0.0,6.0,0.0,0.3,0.2,11.3,11.3,11.3,11.3,1.0,0.0,6.0,0.0,0.3,0.2,-6.5,-6.5,-6.5,-6.5,1.0,0.0,6.0,0.0,0.3,0.2,26.5,26.5,26.5,26.5,1.0,0.0,6.0,0.0,0.3,0.2,-15.3,-15.3,-15.3,-15.3,1.0,0.0,6.0,0.0,0.3,0.2,7.2,7.2,7.2,7.2,1.0,0.0,6.0,0.0,0.3,0.2,-4.2,-4.2,-4.2,-4.2,1.0,0.0,6.0,0.0,0.3,0.2,804.5,804.5,804.5,804.5,1.0,0.0,6.0,0.0,0.3,0.2,805.0,805.0,805.0,805.0,1.0,0.0,6.0,0.0,0.3,0.2
1974,2,172.0,-63.0,1.7,1.7,1.7,1.7,1.0,0.0,6.0,1.0,0.7,0.3,2.3,2.3,2.3,2.3,1.0,0.0,6.0,1.0,0.7,0.3,4.04,4.04,4.04,4.04,1.0,0.0,6.0,1.0,0.7,0.3,88.5,88.5,88.5,88.5,1.0,0.0,6.0,1.0,0.3,8.2,8.2,8.2,8.2,1.0,0.0,6.0,1.0,0.7,0.3,6.28,6.28,6.28,6.28,1.0,0.0,6.0,1.0,0.7,0.3,-5.27,-5.27,-5.27,-5.27,1.0,0.0,6.0,1.0,0.7,0.3,989.2,989.2,989.2,989.2,1.0,0.0,6.0,1.0,0.7,0.3,7.0,7.0,7.0,7.0,1.0,0.0,6.0,1.0,0.7,0.3,51.5,51.5,51.5,51.5,1.0,0.0,6.0,1.0,0.7,0.3,-43.2,-43.2,-43.2,-43.2,1.0,0.0,6.0,1.0,0.7,0.3,-0.6,-0.6,-0.6,-0.6,1.0,0.0,6.0,1.0,0.7,0.3,-4.9,-4.9,-4.9,-4.9,1.0,0.0,6.0,1.0,0.7,0.3,0.33,0.33,0.33,0.33,1.0,0.0,6.0,1.0,0.7,0.3,2.7,2.7,2.7,2.7,1.0,0.0,6.0,1.0,0.7,0.3,14.4,14.4,14.4,14.4,1.0,0.0,6.0,1.0,0.7,0.3,-12.1,-12.1,-12.1,-12.1,1.0,0.0,6.0,1.0,0.7,0.3,25.4,25.4,25.4,25.4,1.0,0.0,6.0,1.0,0.7,0.3,-21.3,-21.3,-21.3,-21.3,1.0,0.0,6.0,1.0,0.7,0.3,2.1,2.1,2.1,2.1,1.0,0.0,6.0,1.0,0.7,0.3,-1.8,-1.8,-1.8,-1.8,1.0,0.0,6.0,1.0,0.7,0.3,551.5,551.5,551.5,551.5,1.0,0.0,6.0,1.0,0.7,0.3,550.0,550.0,550.0,550.0,1.0,0.0,6.0,1.0,0.7,0.3
1974,2,172.0,-62.0,4.0,4.0,4.0,4.0,1.0,0.0,8.0,1.0,0.9,0.2,4.9,4.9,4.9,4.9,1.0,0.0,8.0,1.0,0.9,0.2,4.69,4.69,4.69,4.69,1.0,0.0,8.0,1.0,0.9,0.2,85.7,85.7,85.7,85.7,1.0,0.0,8.0,1.0,0.2,8.7,8.7,8.7,8.7,1.0,0.0,8.0,1.0,0.9,0.2,6.66,6.66,6.66,6.66,1.0,0.0,8.0,1.0,0.9,0.2,-5.59,-5.59,-5.59,-5.59,1.0,0.0,8.0,1.0,0.9,0.2,990.2,990.2,990.2,990.2,1.0,0.0,8.0,1.0,0.9,0.2,8.0,8.0,8.0,8.0,1.0,0.0,8.0,1.0,0.9,0.2,58.0,58.0,58.0,58.0,1.0,0.0,8.0,1.0,0.9,0.2,-48.7,-48.7,-48.7,-48.7,1.0,0.0,8.0,1.0,0.9,0.2,-0.9,-0.9,-0.9,-0.9,1.0,0.0,8.0,1.0,0.9,0.2,-7.8,-7.8,-7.8,-7.8,1.0,0.0,8.0,1.0,0.9,0.2,0.45,0.45,0.45,0.45,1.0,0.0,8.0,1.0,0.9,0.2,3.9,3.9,3.9,3.9,1.0,0.0,8.0,1.0,0.9,0.2,32.7,32.7,32.7,32.7,1.0,0.0,8.0,1.0,0.9,0.2,-27.4,-27.4,-27.4,-27.4,1.0,0.0,8.0,1.0,0.9,0.2,31.3,31.3,31.3,31.3,1.0,0.0,8.0,1.0,0.9,0.2,-26.3,-26.3,-26.3,-26.3,1.0,0.0,8.0,1.0,0.9,0.2,3.0,3.0,3.0,3.0,1.0,0.0,8.0,1.0,0.9,0.2,-2.5,-2.5,-2.5,-2.5,1.0,0.0,8.0,1.0,0.9,0.2,658.5,658.5,658.5,658.5,1.0,0.0,8.0,1.0,0.9,0.2,660.0,660.0,660.0,660.0,1.0,0.0,8.0,1.0,0.9,0.2
1974,2,172.0,-61.0,5.7,5.7,5.7,5.7,1.0,0.0,8.0,1.0,0.6,0.4,5.6,5.6,5.6,5.6,1.0,0.0,8.0,1.0,0.6,0.4,5.13,5.13,5.13,5.13,1.0,0.0,8.0,1.0,0.6,0.4,88.8,88.8,88.8,88.8,1.0,0.0,8.0,1.0,0.4,5.7,5.7,5.7,5.7,1.0,0.0,8.0,1.0,0.6,0.4,-5.61,-5.61,-5.61,-5.61,1.0,0.0,8.0,1.0,0.6,0.4,0.99,0.99,0.99,0.99,1.0,0.0,8.0,1.0,0.6,0.4,987.3,987.3,987.3,987.3,1.0,0.0,8.0,1.0,0.6,0.4,8.0,8.0,8.0,8.0,1.0,0.0,8.0,1.0,0.6,0.4,-32.0,-32.0,-32.0,-32.0,1.0,0.0,8.0,1.0,0.6,0.4,5.6,5.6,5.6,5.6,1.0,0.0,8.0,1.0,0.6,0.4,0.1,0.1,0.1,0.1,1.0,0.0,8.0,1.0,0.6,0.4,0.6,0.6,0.6,0.6,1.0,0.0,8.0,1.0,0.6,0.4,0.69,0.69,0.69,0.69,1.0,0.0,8.0,1.0,0.6,0.4,3.9,3.9,3.9,3.9,1.0,0.0,8.0,1.0,0.6,0.4,-31.4,-31.4,-31.4,-31.4,1.0,0.0,8.0,1.0,0.6,0.4,5.5,5.5,5.5,5.5,1.0,0.0,8.0,1.0,0.6,0.4,-28.8,-28.8,-28.8,-28.8,1.0,0.0,8.0,1.0,0.6,0.4,5.1,5.1,5.1,5.1,1.0,0.0,8.0,1.0,0.6,0.4,-3.9,-3.9,-3.9,-3.9,1.0,0.0,8.0,1.0,0.6,0.4,0.7,0.7,0.7,0.7,1.0,0.0,8.0,1.0,0.6,0.4,185.0,185.0,185.0,185.0,1.0,0.0,8.0,1.0,0.6,0.4,185.0,185.0,185.0,185.0,1.0,0.0,8.0,1.0,0.6,0.4
1974,2,172.0,-60.0,5.0,5.0,5.0,5.0,1.0,0.0,8.0,0.0,0.0,0.8,4.7,4.7,4.7,4.7,1.0,0.0,8.0,0.0,0.0,0.8,5.04,5.04,5.04,5.04,1.0,0.0,8.0,0.0,0.0,0.8,92.6,92.6,92.6,92.6,1.0,0.0,8.0,0.0,0.8,7.7,7.7,7.7,7.7,1.0,0.0,8.0,0.0,0.0,0.8,-1.34,-1.34,-1.34,-1.34,1.0,0.0,8.0,0.0,0.0,0.8,7.58,7.58,7.58,7.58,1.0,0.0,8.0,0.0,0.0,0.8,983.6,983.6,983.6,983.6,1.0,0.0,8.0,0.0,0.0,0.8,8.0,8.0,8.0,8.0,1.0,0.0,8.0,0.0,0.0,0.8,-10.3,-10.3,-10.3,-10.3,1.0,0.0,8.0,0.0,0.0,0.8,58.4,58.4,58.4,58.4,1.0,0.0,8.0,0.0,0.0,0.8,0.3,0.3,0.3,0.3,1.0,0.0,8.0,0.0,0.0,0.8,2.3,2.3,2.3,2.3,1.0,0.0,8.0,0.0,0.0,0.8,0.52,0.52,0.52,0.52,1.0,0.0,8.0,0.0,0.0,0.8,4.0,4.0,4.0,4.0,1.0,0.0,8.0,0.0,0.0,0.8,-6.3,-6.3,-6.3,-6.3,1.0,0.0,8.0,0.0,0.0,0.8,35.6,35.6,35.6,35.6,1.0,0.0,8.0,0.0,0.0,0.8,-6.7,-6.7,-6.7,-6.7,1.0,0.0,8.0,0.0,0.0,0.8,38.2,38.2,38.2,38.2,1.0,0.0,8.0,0.0,0.0,0.8,-0.7,-0.7,-0.7,-0.7,1.0,0.0,8.0,0.0,0.0,0.8,4.0,4.0,4.0,4.0,1.0,0.0,8.0,0.0,0.0,0.8,456.5,456.5,456.5,456.5,1.0,0.0,8.0,0.0,0.0,0.8,455.0,455.0,455.0,455.0,1.0,0.0,8.0,0.0,0.0,0.8
1974,2,172.0,-57.0,7.7,7.7,7.7,7.7,1.0,0.0,10.0,1.0,0.9,0.7,8.1,8.1,8.1,8.1,1.0,0.0,10.0,1.0,0.9,0.7,6.35,6.35,6.35,6.35,1.0,0.0,10.0,1.0,0.9,0.7,94.7,94.7,94.7,94.7,1.0,0.0,10.0,1.0,0.7,12.9,12.9,12.9,12.9,1.0,0.0,10.0,1.0,0.9,0.7,12.12,12.12,12.12,12.12,1.0,0.0,10.0,1.0,0.9,0.7,-4.41,-4.41,-4.41,-4.41,1.0,0.0,10.0,1.0,0.9,0.7,1010.5,1010.5,1010.5,1010.5,1.0,0.0,10.0,1.0,0.9,0.7,8.0,8.0,8.0,8.0,1.0,0.0,10.0,1.0,0.9,0.7,156.4,156.4,156.4,156.4,1.0,0.0,10.0,1.0,0.9,0.7,-56.9,-56.9,-56.9,-56.9,1.0,0.0,10.0,1.0,0.9,0.7,-0.4,-0.4,-0.4,-0.4,1.0,0.0,10.0,1.0,0.9,0.7,-5.2,-5.2,-5.2,-5.2,1.0,0.0,10.0,1.0,0.9,0.7,0.18,0.18,0.18,0.18,1.0,0.0,10.0,1.0,0.9,0.7,2.3,2.3,2.3,2.3,1.0,0.0,10.0,1.0,0.9,0.7,98.2,98.2,98.2,98.2,1.0,0.0,10.0,1.0,0.9,0.7,-35.7,-35.7,-35.7,-35.7,1.0,0.0,10.0,1.0,0.9,0.7,76.9,76.9,76.9,76.9,1.0,0.0,10.0,1.0,0.9,0.7,-28.0,-28.0,-28.0,-28.0,1.0,0.0,10.0,1.0,0.9,0.7,2.1,2.1,2.1,2.1,1.0,0.0,10.0,1.0,0.9,0.7,-0.8,-0.8,-0.8,-0.8,1.0,0.0,10.0,1.0,0.9,0.7,2146.5,2146.5,2146.5,2146.5,1.0,0.0,10.0,1.0,0.9,0.7,2145.0,2145.0,2145.0,2145.0,1.0,0.0,10.0,1.0,0.9,0.7
1974,2,172.0,-55.0,8.9,8.9,8.9,8.9,1.0,0.0,10.0,1.0,0.7,0.3,7.3,7.3,7.3,7.3,1.0,0.0,10.0,1.0,0.7,0.3,5.33,5.33,5.33,5.33,1.0,0.0,10.0,1.0,0.7,0.3,84.7,84.7,84.7,84.7,1.0,0.0,10.0,1.0,0.3,7.2,7.2,7.2,7.2,1.0,0.0,10.0,1.0,0.7,0.3,7.2,7.2,7.2,7.2,1.0,0.0,10.0,1.0,0.7,0.3,0.0,0.0,0.0,0.0,1.0,0.0,10.0,1.0,0.7,0.3,1019.3,1019.3,1019.3,1019.3,1.0,0.0,10.0,1.0,0.7,0.3,0.0,0.0,0.0,0.0,1.0,0.0,10.0,1.0,0.7,0.3,51.8,51.8,51.8,51.8,1.0,0.0,10.0,1.0,0.7,0.3,0.0,0.0,0.0,0.0,1.0,0.0,10.0,1.0,0.7,0.3,1.6,1.6,1.6,1.6,1.0,0.0,10.0,1.0,0.7,0.3,11.5,11.5,11.5,11.5,1.0,0.0,10.0,1.0,0.7,0.3,1.69,1.69,1.69,1.69,1.0,0.0,10.0,1.0,0.7,0.3,12.2,12.2,12.2,12.2,1.0,0.0,10.0,1.0,0.7,0.3,52.6,52.6,52.6,52.6,1.0,0.0,10.0,1.0,0.7,0.3,0.0,0.0,0.0,0.0,1.0,0.0,10.0,1.0,0.7,0.3,38.3,38.3,38.3,38.3,1.0,0.0,10.0,1.0,0.7,0.3,0.0,0.0,0.0,0.0,1.0,0.0,10.0,1.0,0.7,0.3,12.2,12.2,12.2,12.2,1.0,0.0,10.0,1.0,0.7,0.3,0.0,0.0,0.0,0.0,1.0,0.0,10.0,1.0,0.7,0.3,373.0,373.0,373.0,373.0,1.0,0.0,10.0,1.0,0.7,0.3,375.0,375.0,375.0,375.0,1.0,0.0,10.0,1.0,0.7,0.3
1974,2,172.0,-54.0,9.04,9.45,9.5,9.38,16.0,0.33,6.0,0.7,0.6,0.9,8.1,8.6,9.9,8.94,16.0,0.93,6.0,0.7,0.6,0.9,5.14,5.14,5.14,5.14,1.0,0.0,10.0,1.0,0.8,0.9,79.1,79.1,79.1,79.1,1.0,0.0,10.0,1.0,0.9,6.2,8.45,10.92,8.19,16.0,2.8,6.0,0.7,0.6,0.9,0.41,6.5,10.74,5.45,16.0,5.12,6.0,0.7,0.6,0.9,-2.78,-1.49,5.65,0.62,16.0,4.59,6.0,0.7,0.6,0.9,1003.16,1010.15,1016.99,1009.79,16.0,6.77,6.0,0.7,0.6,0.9,6.0,7.0,8.0,6.7,16.0,1.4,6.0,0.7,0.6,0.9,2.5,46.8,116.0,50.4,16.0,55.5,6.0,0.7,0.6,0.9,-23.2,-4.8,38.2,7.0,16.0,44.3,6.0,0.7,0.6,0.9,-0.62,0.9,1.2,0.44,16.0,0.86,6.0,0.7,0.6,0.9,-5.2,3.7,11.2,3.1,16.0,7.0,6.0,0.7,0.6,0.9,1.87,1.87,1.87,1.87,1.0,0.0,10.0,1.0,0.8,0.9,11.6,11.6,11.6,11.6,1.0,0.0,10.0,1.0,0.8,0.9,3.2,58.4,101.8,50.8,16.0,47.7,6.0,0.7,0.6,0.9,-27.5,-12.2,44.6,4.1,16.0,39.2,6.0,0.7,0.6,0.9,5.5,5.5,5.5,5.5,1.0,0.0,10.0,1.0,0.8,0.9,31.4,31.4,31.4,31.4,1.0,0.0,10.0,1.0,0.8,0.9,2.0,2.0,2.0,2.0,1.0,0.0,10.0,1.0,0.8,0.9,11.4,11.4,11.4,11.4,1.0,0.0,10.0,1.0,0.8,0.9,238.5,605.0,1304.0,722.0,16.0,565.5,6.0,0.7,0.6,0.9,240.0,605.0,1305.0,720.0,16.0,565.0,6.0,0.7,0.6,0.9
1974,2,172.0,-53.0,,,,,,,,,,,,,,,,,,,,,,,,,,,,,,,,,,,,,,,,6.3,10.8,13.79,10.01,8.0,3.92,4.0,0.8,0.3,0.3,0.91,9.37,11.59,7.71,8.0,5.0,4.0,0.8,0.3,0.3,-7.9,-1.49,2.76,-2.2,8.0,5.61,4.0,0.8,0.3,0.3,996.24,1008.65,1019.77,1008.2,8.0,12.06,4.0,0.8,0.3,0.3,,,,,,,,,,,,,,,,,,,,,,,,,,,,,,,,,,,,,,,,,,,,,,,,,,,,,,,,,,,,,,,,,,,,,,,,,,,,,,,,,,,,,,,,,,,,,,,,,,,,,,,,,,,,,,,,,,,,,,,,,,,,,,,,,,,,,,,,,,,,,,,,,,,,,,
1974,2,172.0,-52.0,9.46,9.6,9.74,9.6,2.0,0.28,16.0,0.5,0.4,0.4,8.9,8.9,8.9,8.9,1.0,0.0,10.0,0.0,0.8,0.6,6.39,6.39,6.39,6.39,1.0,0.0,10.0,0.0,0.8,0.6,90.9,90.9,90.9,90.9,1.0,0.0,10.0,0.0,0.6,5.1,5.1,5.1,5.1,1.0,0.0,10.0,0.0,0.8,0.6,-0.89,-0.89,-0.89,-0.89,1.0,0.0,10.0,0.0,0.8,0.6,5.02,5.02,5.02,5.02,1.0,0.0,10.0,0.0,0.8,0.6,1018.16,1021.3,1024.44,1021.3,2.0,6.51,16.0,0.5,0.4,0.4,6.3,7.0,7.7,7.0,2.0,1.4,16.0,0.5,0.4,0.4,-4.5,-4.5,-4.5,-4.5,1.0,0.0,10.0,0.0,0.8,0.6,25.6,25.6,25.6,25.6,1.0,0.0,10.0,0.0,0.8,0.6,0.5,0.5,0.5,0.5,1.0,0.0,10.0,0.0,0.8,0.6,2.6,2.6,2.6,2.6,1.0,0.0,10.0,0.0,0.8,0.6,0.88,0.88,0.88,0.88,1.0,0.0,10.0,0.0,0.8,0.6,4.5,4.5,4.5,4.5,1.0,0.0,10.0,0.0,0.8,0.6,-7.9,-7.9,-7.9,-7.9,1.0,0.0,10.0,0.0,0.8,0.6,44.7,44.7,44.7,44.7,1.0,0.0,10.0,0.0,0.8,0.6,-5.7,-5.7,-5.7,-5.7,1.0,0.0,10.0,0.0,0.8,0.6,32.1,32.1,32.1,32.1,1.0,0.0,10.0,0.0,0.8,0.6,-0.8,-0.8,-0.8,-0.8,1.0,0.0,10.0,0.0,0.8,0.6,4.4,4.4,4.4,4.4,1.0,0.0,10.0,0.0,0.8,0.6,132.5,132.5,132.5,132.5,1.0,0.0,10.0,0.0,0.8,0.6,135.0,135.0,135.0,135.0,1.0,0.0,10.0,0.0,0.8,0.6
1974,2,172.0,-51.0,,,,,,,,,,,,,,,,,,,,,,,,,,,,,,,,,,,,,,,,9.0,9.0,9.0,9.0,1.0,0.0,22.0,0.0,0.8,0.1,-5.79,-5.79,-5.79,-5.79,1.0,0.0,22.0,0.0,0.8,0.1,-6.89,-6.89,-6.89,-6.89,1.0,0.0,22.0,0.0,0.8,0.1,1036.5,1036.5,1036.5,1036.5,1.0,0.0,22.0,0.0,0.8,0.1,,,,,,,,,,,,,,,,,,,,,,,,,,,,,,,,,,,,,,,,,,,,,,,,,,,,,,,,,,,,,,,,,,,,,,,,,,,,,,,,,,,,,,,,,,,,,,,,,,,,,,,,,,,,,,,,,,,,,,,,,,,,,,,,,,,,,,,,,,,,,,,,,,,,,,
1974,2,172.0,-50.0,,,,,,,,,,,,,,,,,,,,,,,,,,,,,,,,,,,,,,,,4.16,6.45,8.74,6.45,2.0,4.74,18.0,1.0,0.2,0.9,3.8,5.7,7.6,5.7,2.0,3.94,18.0,1.0,0.2,0.9,-3.95,-1.92,0.11,-1.92,2.0,4.21,18.0,1.0,0.2,0.9,1021.81,1024.85,1027.89,1024.85,2.0,6.29,18.0,1.0,0.2,0.9,,,,,,,,,,,,,,,,,,,,,,,,,,,,,,,,,,,,,,,,,,,,,,,,,,,,,,,,,,,,,,,,,,,,,,,,,,,,,,,,,,,,,,,,,,,,,,,,,,,,,,,,,,,,,,,,,,,,,,,,,,,,,,,,,,,,,,,,,,,,,,,,,,,,,,
1974,2,172.0,-49.0,,,,,,,,,,,,,,,,,,,,,,,,,,,,,,,,,,,,,,,,2.1,2.1,2.1,2.1,1.0,0.0,18.0,0.0,0.4,0.9,-1.05,-1.05,-1.05,-1.05,1.0,0.0,18.0,0.0,0.4,0.9,-1.82,-1.82,-1.82,-1.82,1.0,0.0,18.0,0.0,0.4,0.9,1029.5,1029.5,1029.5,1029.5,1.0,0.0,18.0,0.0,0.4,0.9,,,,,,,,,,,,,,,,,,,,,,,,,,,,,,,,,,,,,,,,,,,,,,,,,,,,,,,,,,,,,,,,,,,,,,,,,,,,,,,,,,,,,,,,,,,,,,,,,,,,,,,,,,,,,,,,,,,,,,,,,,,,,,,,,,,,,,,,,,,,,,,,,,,,,,
1974,2,172.0,-48.0,12.48,13.5,14.52,13.5,2.0,2.12,12.0,1.0,0.3,0.6,11.33,11.6,11.87,11.6,2.0,0.57,12.0,1.0,0.3,0.6,6.27,6.27,6.27,6.27,1.0,0.0,6.0,1.0,0.0,0.3,72.4,72.4,72.4,72.4,1.0,0.0,6.0,1.0,0.3,3.26,3.6,3.94,3.6,2.0,0.71,12.0,1.0,0.3,0.6,-3.7,-3.38,-3.06,-3.38,2.0,0.66,12.0,1.0,0.3,0.6,-1.35,-1.23,-1.11,-1.23,2.0,0.24,12.0,1.0,0.3,0.6,1017.69,1021.55,1025.41,1021.55,2.0,7.99,12.0,1.0,0.3,0.6,2.3,3.0,3.7,3.0,2.0,1.4,12.0,1.0,0.3,0.6,-14.7,-12.4,-10.1,-12.4,2.0,4.8,12.0,1.0,0.3,0.6,-5.4,-4.5,-3.7,-4.5,2.0,1.7,12.0,1.0,0.3,0.6,1.15,1.9,2.65,1.9,2.0,1.56,12.0,1.0,0.3,0.6,4.0,7.4,10.7,7.4,2.0,6.9,12.0,1.0,0.3,0.6,4.28,4.28,4.28,4.28,1.0,0.0,6.0,1.0,0.0,0.3,17.5,17.5,17.5,17.5,1.0,0.0,6.0,1.0,0.0,0.3,-44.1,-39.4,-34.8,-39.4,2.0,9.6,12.0,1.0,0.3,0.6,-16.0,-14.4,-12.7,-14.4,2.0,3.5,12.0,1.0,0.3,0.6,-24.1,-24.1,-24.1,-24.1,1.0,0.0,6.0,1.0,0.0,0.3,-8.8,-8.8,-8.8,-8.8,1.0,0.0,6.0,1.0,0.0,0.3,-16.5,-16.5,-16.5,-16.5,1.0,0.0,6.0,1.0,0.0,0.3,-6.0,-6.0,-6.0,-6.0,1.0,0.0,6.0,1.0,0.0,0.3,36.0,49.5,62.5,49.5,2.0,27.5,12.0,1.0,0.3,0.6,35.0,50.0,65.0,50.0,2.0,30.0,12.0,1.0,0.3,0.6
1974,2,172.0,-47.0,12.9,12.9,12.9,12.9,1.0,0.0,18.0,1.0,0.3,1.0,14.33,15.05,15.77,15.05,2.0,1.48,12.0,1.0,0.3,0.5,7.73,7.73,7.73,7.73,1.0,0.0,6.0,1.0,0.5,0.3,68.5,68.5,68.5,68.5,1.0,0.0,6.0,1.0,0.3,4.4,7.2,7.75,6.1,3.0,2.63,14.0,1.0,0.3,0.6,-4.29,-2.46,0.28,-2.02,3.0,3.37,14.0,1.0,0.3,0.6,-6.56,-6.13,-0.11,-3.4,3.0,5.28,14.0,1.0,0.3,0.6,1017.61,1020.2,1024.84,1021.2,3.0,5.37,14.0,1.0,0.3,0.6,3.3,6.0,6.7,5.0,3.0,2.6,14.0,1.0,0.3,0.6,-33.7,-17.7,-2.3,-18.0,3.0,23.0,14.0,1.0,0.3,0.6,-48.9,-48.7,-9.8,-29.8,3.0,33.0,14.0,1.0,0.3,0.6,,,,,,,,,,,,,,,,,,,,,,,,,,,,,,,,,,,,,,,,,-25.0,-4.8,15.5,-4.8,2.0,42.0,12.0,1.0,0.3,0.5,-72.8,-25.7,21.3,-25.7,2.0,97.5,12.0,1.0,0.3,0.5,12.0,12.0,12.0,12.0,1.0,0.0,6.0,1.0,0.5,0.3,20.8,20.8,20.8,20.8,1.0,0.0,6.0,1.0,0.5,0.3,,,,,,,,,,,,,,,,,,,,,,,,,,,,,,,,,,,,,,,,
1974,2,172.0,-46.0,,,,,,,,,,,,,,,,,,,,,,,,,,,,,,,,,,,,,,,,7.36,7.7,8.04,7.7,2.0,0.71,12.0,1.0,0.8,0.4,-1.24,1.4,4.04,1.4,2.0,5.47,12.0,1.0,0.8,0.4,-4.7,-0.24,4.21,-0.24,2.0,9.23,12.0,1.0,0.8,0.4,1014.57,1018.15,1021.73,1018.15,2.0,7.42,12.0,1.0,0.8,0.4,,,,,,,,,,,,,,,,,,,,,,,,,,,,,,,,,,,,,,,,,,,,,,,,,,,,,,,,,,,,,,,,,,,,,,,,,,,,,,,,,,,,,,,,,,,,,,,,,,,,,,,,,,,,,,,,,,,,,,,,,,,,,,,,,,,,,,,,,,,,,,,,,,,,,,
1974,2,172.0,-45.0,13.27,14.0,17.66,14.86,8.0,2.02,18.0,1.0,0.5,0.6,10.0,13.0,14.57,12.93,7.0,2.24,18.0,1.0,0.4,0.6,6.11,8.66,8.87,7.51,3.0,2.25,20.0,1.0,0.3,0.8,72.2,88.9,92.2,82.3,3.0,15.7,20.0,1.0,0.8,2.21,7.7,10.16,6.79,8.0,4.77,18.0,1.0,0.5,0.6,-5.41,-0.8,1.73,-0.65,8.0,5.18,18.0,1.0,0.5,0.6,-2.64,1.0,9.8,2.4,8.0,6.44,18.0,1.0,0.5,0.6,1017.0,1026.05,1030.2,1023.5,8.0,8.9,18.0,1.0,0.5,0.6,2.0,6.0,8.0,5.4,7.0,2.8,18.0,1.0,0.4,0.6,-47.1,-1.7,17.4,4.3,8.0,59.5,18.0,1.0,0.5,0.6,-20.8,3.1,98.6,29.1,8.0,72.1,18.0,1.0,0.5,0.6,-0.1,3.5,4.05,2.17,7.0,2.57,18.0,1.0,0.4,0.6,-0.2,7.4,51.7,17.2,7.0,25.1,18.0,1.0,0.4,0.6,3.81,4.12,4.67,4.23,3.0,0.64,20.0,1.0,0.3,0.8,21.2,42.4,61.8,41.5,3.0,29.8,20.0,1.0,0.3,0.8,-37.9,0.0,26.6,-5.1,7.0,61.5,18.0,1.0,0.4,0.6,-22.4,28.9,111.3,43.2,7.0,68.1,18.0,1.0,0.4,0.6,-9.6,15.5,36.0,13.2,3.0,33.5,20.0,1.0,0.3,0.8,29.4,54.3,77.2,53.3,3.0,35.0,20.0,1.0,0.3,0.8,-3.6,7.4,33.4,14.7,3.0,27.9,20.0,1.0,0.3,0.8,18.2,41.8,50.3,34.5,3.0,24.3,20.0,1.0,0.3,0.8,11.5,462.5,1052.5,721.5,8.0,994.5,18.0,1.0,0.5,0.6,10.0,460.0,1050.0,720.0,8.0,995.0,18.0,1.0,0.5,0.6
1974,2,172.0,-41.0,17.0,18.55,19.97,18.2,14.0,1.9,10.0,0.4,0.5,0.6,17.72,19.0,20.13,19.18,13.0,1.46,12.0,0.5,0.5,0.6,10.08,10.08,10.08,10.08,1.0,0.0,10.0,1.0,0.8,0.8,80.0,80.0,80.0,80.0,1.0,0.0,10.0,1.0,0.8,2.87,5.1,8.09,5.75,17.0,2.82,10.0,0.5,0.5,0.6,-4.09,0.87,5.27,0.27,17.0,4.73,10.0,0.5,0.5,0.6,-6.05,-1.99,2.74,-1.46,17.0,4.29,10.0,0.5,0.5,0.6,1015.95,1018.4,1021.0,1018.59,17.0,3.1,10.0,0.5,0.5,0.6,2.2,7.0,8.0,5.9,14.0,2.6,12.0,0.6,0.5,0.6,-24.0,2.1,29.8,-2.2,17.0,43.0,10.0,0.5,0.5,0.6,-46.3,-5.2,15.5,-13.5,17.0,36.2,10.0,0.5,0.5,0.6,-1.57,-0.15,1.0,0.0,10.0,1.58,10.0,0.5,0.5,0.6,-7.5,-1.3,9.6,0.9,10.0,9.6,10.0,0.5,0.5,0.6,5.45,5.45,5.45,5.45,1.0,0.0,10.0,1.0,0.8,0.8,33.8,33.8,33.8,33.8,1.0,0.0,10.0,1.0,0.8,0.8,-99.7,0.0,101.8,-6.6,13.0,101.1,12.0,0.5,0.5,0.6,-113.7,-39.8,48.9,-30.7,13.0,74.3,12.0,0.5,0.5,0.6,58.7,58.7,58.7,58.7,1.0,0.0,10.0,1.0,0.8,0.8,21.4,21.4,21.4,21.4,1.0,0.0,10.0,1.0,0.8,0.8,31.8,31.8,31.8,31.8,1.0,0.0,10.0,1.0,0.8,0.8,11.6,11.6,11.6,11.6,1.0,0.0,10.0,1.0,0.8,0.8,24.0,132.5,530.0,336.0,17.0,517.0,10.0,0.5,0.5,0.6,25.0,135.0,530.0,335.0,17.0,515.0,10.0,0.5,0.5,0.6
1974,2,172.0,-40.0,19.0,19.15,19.57,19.28,4.0,0.43,8.0,0.3,0.4,0.4,18.3,18.95,19.6,18.95,2.0,1.34,22.0,0.5,0.1,0.4,11.73,12.21,12.69,12.21,2.0,0.99,22.0,0.5,0.1,0.4,89.9,90.1,90.4,90.1,2.0,0.5,22.0,0.5,0.4,5.08,6.5,7.84,6.77,6.0,1.96,14.0,0.2,0.4,0.4,-1.4,3.47,6.94,2.76,6.0,5.88,14.0,0.2,0.4,0.4,-1.03,2.73,3.77,1.46,6.0,3.54,14.0,0.2,0.4,0.4,1013.99,1015.8,1021.6,1017.54,5.0,4.88,12.0,0.2,0.4,0.4,1.6,2.5,4.8,3.2,6.0,2.7,14.0,0.2,0.4,0.4,-10.1,20.0,55.6,23.3,6.0,51.4,14.0,0.2,0.4,0.4,-5.2,17.9,24.5,9.9,6.0,19.3,14.0,0.2,0.4,0.4,-1.0,-1.0,-1.0,-1.0,1.0,0.0,18.0,1.0,0.0,0.3,-7.2,-7.2,-7.2,-7.2,1.0,0.0,18.0,1.0,0.0,0.3,0.5,0.5,0.5,0.5,1.0,0.0,18.0,1.0,0.0,0.3,3.6,3.6,3.6,3.6,1.0,0.0,18.0,1.0,0.0,0.3,-108.3,-51.6,5.0,-51.6,2.0,117.4,22.0,0.5,0.1,0.4,54.9,67.6,80.4,67.6,2.0,26.3,22.0,0.5,0.1,0.4,-70.3,-33.7,3.0,-33.7,2.0,76.0,22.0,0.5,0.1,0.4,35.5,43.5,51.5,43.5,2.0,16.5,22.0,0.5,0.1,0.4,-3.4,-3.4,-3.4,-3.4,1.0,0.0,18.0,1.0,0.0,0.3,1.2,1.2,1.2,1.2,1.0,0.0,18.0,1.0,0.0,0.3,131.0,279.5,522.0,380.5,6.0,364.0,14.0,0.2,0.4,0.4,130.0,280.0,520.0,380.0,6.0,365.0,14.0,0.2,0.4,0.4
1974,2,172.0,-39.0,19.5,20.1,21.01,20.18,13.0,0.9,12.0,0.5,0.5,0.6,18.95,19.5,23.0,20.36,7.0,2.01,12.0,0.7,0.5,0.6,11.22,12.33,14.52,12.59,7.0,1.86,12.0,0.7,0.5,0.6,82.5,83.2,88.6,84.4,7.0,4.3,12.0,0.7,0.6,3.91,6.2,8.25,6.07,13.0,2.19,12.0,0.5,0.5,0.6,-3.62,0.0,2.5,-0.82,13.0,3.27,12.0,0.5,0.5,0.6,-6.22,-3.91,2.45,-2.07,13.0,5.35,12.0,0.5,0.5,0.6,1013.08,1017.7,1019.81,1016.43,13.0,3.68,12.0,0.5,0.5,0.6,0.9,4.0,7.0,4.0,13.0,3.1,12.0,0.5,0.5,0.6,-24.4,0.0,18.2,-3.4,13.0,22.6,12.0,0.5,0.5,0.6,-44.4,-16.0,12.7,-13.7,13.0,43.3,12.0,0.5,0.5,0.6,-2.07,-1.0,1.1,-0.49,7.0,2.13,12.0,0.7,0.5,0.6,-10.7,-2.6,8.1,-1.0,7.0,15.3,12.0,0.7,0.5,0.6,0.39,1.71,3.37,1.82,7.0,2.23,12.0,0.7,0.5,0.6,0.8,10.5,24.7,13.2,7.0,18.7,12.0,0.7,0.5,0.6,-95.7,0.0,50.2,-19.4,7.0,83.9,12.0,0.7,0.5,0.6,-92.0,0.0,128.9,3.6,7.0,103.6,12.0,0.7,0.5,0.6,-58.8,0.0,33.2,-12.4,7.0,50.8,12.0,0.7,0.5,0.6,-58.1,0.0,74.8,-0.9,7.0,63.4,12.0,0.7,0.5,0.6,-9.9,-2.9,8.8,0.8,7.0,12.3,12.0,0.7,0.5,0.6,-1.4,3.6,23.0,10.2,7.0,16.7,12.0,0.7,0.5,0.6,60.5,238.5,561.5,305.0,13.0,287.0,12.0,0.5,0.5,0.6,60.0,240.0,560.0,305.0,13.0,285.0,12.0,0.5,0.5,0.6
1974,2,172.0,-38.0,19.5,21.1,22.0,21.07,13.0,0.99,14.0,0.8,0.5,0.6,19.77,21.5,23.55,21.71,13.0,1.77,14.0,0.8,0.5,0.6,11.43,14.42,16.11,13.98,11.0,2.3,14.0,0.7,0.5,0.7,74.7,85.5,100.0,85.9,11.0,11.8,14.0,0.7,0.7,3.5,5.1,9.35,6.55,13.0,4.22,14.0,0.8,0.5,0.6,-8.3,-1.04,2.81,-2.05,13.0,5.49,14.0,0.8,0.5,0.6,-3.43,0.0,6.04,0.44,13.0,5.42,14.0,0.8,0.5,0.6,1013.0,1015.6,1018.57,1015.75,13.0,2.77,14.0,0.8,0.5,0.6,2.9,5.0,7.1,4.8,13.0,2.2,14.0,0.8,0.5,0.6,-69.4,-4.4,20.3,-27.5,13.0,75.2,14.0,0.8,0.5,0.6,-13.3,0.0,37.4,-3.2,13.0,67.8,14.0,0.8,0.5,0.6,-1.73,0.0,0.85,-0.64,13.0,1.77,14.0,0.8,0.5,0.6,-8.5,0.0,5.3,-2.4,13.0,10.9,14.0,0.8,0.5,0.6,-0.74,1.91,3.97,1.47,11.0,2.61,14.0,0.7,0.5,0.7,-5.7,5.4,32.4,10.7,11.0,19.1,14.0,0.7,0.5,0.7,-194.5,-22.1,55.6,-48.0,13.0,119.3,14.0,0.8,0.5,0.6,-81.5,0.0,127.0,6.3,13.0,113.7,14.0,0.8,0.5,0.6,-79.9,-6.5,36.4,-24.2,11.0,81.5,14.0,0.7,0.5,0.7,-60.6,-12.4,59.6,-12.6,11.0,76.6,14.0,0.7,0.5,0.7,-8.6,-0.5,8.0,-1.1,11.0,12.9,14.0,0.7,0.5,0.7,-2.2,2.9,22.3,8.2,11.0,15.8,14.0,0.7,0.5,0.7,44.0,132.5,817.5,710.0,13.0,1570.5,14.0,0.8,0.5,0.6,45.0,135.0,815.0,710.0,13.0,1570.0,14.0,0.8,0.5,0.6
1974,2,172.0,-37.0,20.5,21.5,22.2,21.35,15.0,0.96,16.0,0.9,0.5,0.6,20.45,22.0,23.1,21.82,13.0,1.72,18.0,0.9,0.5,0.6,11.27,13.59,15.42,13.43,13.0,2.15,18.0,0.9,0.5,0.6,73.0,83.3,88.8,82.2,13.0,8.6,18.0,0.9,0.6,2.49,5.1,9.04,6.31,13.0,4.16,16.0,0.9,0.5,0.6,-2.16,0.0,1.82,0.02,13.0,4.03,16.0,0.9,0.5,0.6,-4.81,0.45,8.25,0.71,13.0,6.61,16.0,0.9,0.5,0.6,1011.64,1015.3,1020.01,1015.06,15.0,3.76,16.0,0.9,0.5,0.6,2.0,4.0,7.9,4.5,14.0,2.5,16.0,0.9,0.5,0.6,-11.7,0.0,6.9,5.8,13.0,47.5,16.0,0.9,0.5,0.6,-26.0,1.2,68.0,9.1,13.0,75.2,16.0,0.9,0.5,0.6,-2.5,-0.5,1.07,-0.68,13.0,1.71,18.0,0.9,0.5,0.6,-12.5,-3.0,5.8,-1.1,11.0,16.1,18.0,0.9,0.5,0.6,0.37,1.43,4.89,2.17,13.0,2.28,18.0,0.9,0.5,0.6,-2.1,4.0,43.9,16.8,11.0,29.7,18.0,0.9,0.5,0.6,-85.1,0.0,33.9,-10.8,11.0,90.0,18.0,0.9,0.5,0.6,-55.6,29.9,179.5,33.3,11.0,141.2,18.0,0.9,0.5,0.6,-55.1,0.0,22.0,-9.3,11.0,54.3,18.0,0.9,0.5,0.6,-36.5,16.6,95.3,12.3,11.0,90.2,18.0,0.9,0.5,0.6,-1.3,0.0,5.7,5.6,11.0,17.2,18.0,0.9,0.5,0.6,0.3,3.5,43.9,15.9,11.0,24.2,18.0,0.9,0.5,0.6,16.0,132.5,773.5,604.5,13.0,1045.0,16.0,0.9,0.5,0.6,15.0,135.0,775.0,605.0,13.0,1045.0,16.0,0.9,0.5,0.6
1974,2,172.0,-36.0,20.37,21.05,22.13,21.22,12.0,1.1,16.0,0.5,0.4,0.7,20.5,21.75,23.13,21.79,12.0,1.34,16.0,0.5,0.4,0.7,12.4,13.75,16.39,14.25,11.0,2.0,16.0,0.5,0.3,0.7,81.7,88.3,94.1,88.1,11.0,7.2,16.0,0.5,0.7,2.19,5.4,9.93,5.37,12.0,3.65,16.0,0.5,0.4,0.7,-4.02,0.0,3.32,0.23,12.0,4.76,16.0,0.5,0.4,0.7,-3.38,0.0,5.39,0.67,12.0,4.64,16.0,0.5,0.4,0.7,1012.19,1014.75,1019.9,1015.51,12.0,4.0,16.0,0.5,0.4,0.7,3.0,6.5,8.0,5.8,12.0,2.4,16.0,0.5,0.4,0.7,-21.2,0.0,16.3,2.7,12.0,43.6,16.0,0.5,0.4,0.7,-17.8,0.0,39.8,6.3,12.0,40.0,16.0,0.5,0.4,0.7,-1.63,-1.0,0.75,-0.57,12.0,1.5,16.0,0.5,0.4,0.7,-8.4,-1.9,6.4,-0.2,12.0,9.2,16.0,0.5,0.4,0.7,-0.98,0.88,3.45,1.37,11.0,2.45,16.0,0.5,0.3,0.7,-5.1,0.7,31.0,11.4,11.0,20.8,16.0,0.5,0.3,0.7,-93.1,0.0,74.5,2.5,12.0,102.1,16.0,0.5,0.4,0.7,-78.1,0.0,109.7,12.4,12.0,99.7,16.0,0.5,0.4,0.7,-64.8,0.0,53.8,0.0,11.0,68.1,16.0,0.5,0.3,0.7,-54.3,0.0,69.8,3.5,11.0,69.0,16.0,0.5,0.3,0.7,-2.0,0.0,18.5,7.8,11.0,18.7,16.0,0.5,0.3,0.7,-1.2,0.0,17.6,5.9,11.0,11.0,16.0,0.5,0.3,0.7,13.5,159.0,979.5,354.5,12.0,438.5,16.0,0.5,0.4,0.7,15.0,160.0,980.0,355.0,12.0,440.0,16.0,0.5,0.4,0.7
1974,2,172.0,-35.0,20.69,21.6,22.81,21.42,16.0,1.37,14.0,0.6,0.6,0.5,20.5,22.0,24.0,22.17,14.0,2.12,14.0,0.6,0.6,0.5,12.72,14.49,15.85,14.07,12.0,2.1,14.0,0.6,0.6,0.5,77.2,83.4,94.7,85.3,12.0,10.2,14.0,0.6,0.5,1.92,3.85,6.7,4.49,16.0,2.9,14.0,0.6,0.6,0.5,-4.93,-0.51,0.55,-1.68,16.0,3.79,14.0,0.6,0.6,0.5,-2.82,-1.15,3.1,-0.1,16.0,3.55,14.0,0.6,0.6,0.5,1014.34,1016.95,1021.12,1017.31,16.0,3.62,14.0,0.6,0.6,0.5,2.4,5.0,7.0,4.8,16.0,2.2,14.0,0.6,0.6,0.5,-30.4,-0.8,1.4,-14.0,16.0,35.6,14.0,0.6,0.6,0.5,-11.8,-2.1,15.6,-1.5,16.0,27.1,14.0,0.6,0.6,0.5,-2.94,-0.5,0.68,-0.74,14.0,1.64,14.0,0.6,0.6,0.5,-5.2,-2.4,2.1,-1.8,14.0,6.7,14.0,0.6,0.6,0.5,0.38,1.63,2.41,1.78,12.0,2.21,14.0,0.6,0.6,0.5,1.8,4.2,14.3,9.0,12.0,13.6,14.0,0.6,0.6,0.5,-109.9,-12.8,20.0,-27.9,14.0,69.6,14.0,0.6,0.6,0.5,-57.0,-27.4,58.4,-5.9,14.0,63.1,14.0,0.6,0.6,0.5,-64.7,-7.9,9.7,-17.5,12.0,41.8,14.0,0.6,0.6,0.5,-42.7,-21.8,30.6,-8.3,12.0,41.0,14.0,0.6,0.6,0.5,-6.0,0.0,1.8,1.5,12.0,13.5,14.0,0.6,0.6,0.5,-4.0,-0.8,9.5,2.0,12.0,9.1,14.0,0.6,0.6,0.5,9.0,63.5,301.0,222.5,16.0,454.5,14.0,0.6,0.6,0.5,10.0,65.0,300.0,220.0,16.0,455.0,14.0,0.6,0.6,0.5
1974,2,172.0,-34.0,18.51,19.4,21.17,19.83,3.0,1.99,10.0,1.0,0.6,0.6,20.29,22.4,23.37,21.92,5.0,1.83,12.0,1.0,0.6,0.4,11.65,14.53,14.78,13.42,5.0,1.94,12.0,1.0,0.6,0.4,77.4,80.4,85.7,81.5,5.0,5.5,12.0,1.0,0.4,5.62,6.2,8.65,7.0,5.0,2.15,12.0,1.0,0.6,0.4,-6.82,-4.75,-3.88,-5.21,5.0,1.96,12.0,1.0,0.6,0.4,-2.42,0.0,5.17,0.92,5.0,5.19,12.0,1.0,0.6,0.4,1011.98,1013.6,1013.97,1013.08,5.0,1.11,12.0,1.0,0.6,0.4,5.5,8.0,8.0,6.8,5.0,2.2,12.0,1.0,0.6,0.4,-54.1,-29.4,-20.8,-38.1,5.0,25.2,12.0,1.0,0.6,0.4,-24.9,0.0,36.0,2.4,5.0,45.6,12.0,1.0,0.6,0.4,-2.16,-1.0,-0.32,-1.23,3.0,1.37,10.0,1.0,0.6,0.6,-11.7,-10.3,-3.3,-7.6,3.0,6.6,10.0,1.0,0.6,0.6,1.05,1.92,2.95,2.0,3.0,1.4,10.0,1.0,0.6,0.6,8.3,19.8,20.8,14.7,3.0,10.2,10.0,1.0,0.6,0.6,-160.7,-95.7,-80.0,-115.4,5.0,49.0,12.0,1.0,0.6,0.4,-55.6,0.0,108.3,17.4,5.0,116.1,12.0,1.0,0.6,0.4,-99.1,-56.4,-46.6,-70.3,5.0,31.1,12.0,1.0,0.6,0.4,-35.1,0.0,67.0,11.2,5.0,75.0,12.0,1.0,0.6,0.4,-15.9,-15.2,-6.8,-11.5,3.0,7.4,10.0,1.0,0.6,0.6,-8.7,0.0,9.3,0.3,3.0,13.2,10.0,1.0,0.6,0.6,187.0,238.5,689.0,424.5,5.0,395.0,12.0,1.0,0.6,0.4,185.0,240.0,690.0,425.0,5.0,395.0,12.0,1.0,0.6,0.4
1974,2,172.0,-33.0,21.0,23.0,23.37,22.4,5.0,1.34,14.0,0.6,0.7,0.3,22.0,22.7,23.62,22.85,8.0,1.09,14.0,0.8,0.6,0.4,14.22,15.28,17.1,15.59,6.0,1.66,16.0,0.7,0.6,0.4,83.5,90.1,92.9,88.8,6.0,6.1,16.0,0.7,0.4,2.82,6.15,9.3,6.5,8.0,3.98,14.0,0.8,0.6,0.4,-8.93,-5.63,-2.5,-5.7,8.0,3.83,14.0,0.8,0.6,0.4,-3.31,-0.88,3.42,-0.58,8.0,3.46,14.0,0.8,0.6,0.4,1012.97,1015.3,1017.98,1015.15,8.0,2.91,14.0,0.8,0.6,0.4,3.1,6.0,6.9,5.1,8.0,2.3,14.0,0.8,0.6,0.4,-83.1,-36.3,-7.2,-50.1,8.0,52.6,14.0,0.8,0.6,0.4,-16.1,-1.6,26.4,-0.4,8.0,33.2,14.0,0.8,0.6,0.4,-1.37,-0.7,0.11,-0.68,5.0,0.9,14.0,0.6,0.7,0.3,-9.7,-3.2,0.8,-4.8,5.0,8.2,14.0,0.6,0.7,0.3,0.0,1.81,2.8,1.54,5.0,1.82,14.0,0.6,0.7,0.3,-1.1,5.3,16.9,8.2,5.0,14.3,14.0,0.6,0.7,0.3,-203.0,-129.6,-57.1,-130.2,8.0,86.4,14.0,0.8,0.6,0.4,-72.0,-20.1,81.1,-14.3,8.0,81.4,14.0,0.8,0.6,0.4,-102.8,-54.8,-31.7,-63.5,6.0,44.0,16.0,0.7,0.6,0.4,-60.4,-14.2,11.4,-21.6,6.0,54.3,16.0,0.7,0.6,0.4,-13.5,-5.0,0.6,-7.0,5.0,12.2,14.0,0.6,0.7,0.3,-3.5,0.0,8.3,2.3,5.0,8.5,14.0,0.6,0.7,0.3,26.5,277.0,804.5,553.0,8.0,725.5,14.0,0.8,0.6,0.4,25.0,275.0,805.0,555.0,8.0,725.0,14.0,0.8,0.6,0.4
1974,2,172.0,-32.0,21.24,21.75,22.26,21.75,2.0,1.06,2.0,1.0,0.3,0.4,23.04,24.2,24.75,23.9,3.0,1.28,8.0,1.0,0.4,0.6,14.5,14.89,15.27,14.89,2.0,0.79,2.0,1.0,0.3,0.4,78.8,83.8,88.9,83.8,2.0,10.5,2.0,1.0,0.4,5.45,6.2,6.54,6.0,3.0,0.82,8.0,1.0,0.4,0.6,-6.35,-5.83,-4.86,-5.61,3.0,1.11,8.0,1.0,0.4,0.6,-2.41,-2.12,-1.47,-1.94,3.0,0.71,8.0,1.0,0.4,0.6,1015.22,1015.7,1016.93,1016.07,3.0,1.29,8.0,1.0,0.4,0.6,7.2,7.5,7.8,7.5,2.0,0.7,12.0,1.0,0.6,0.6,-41.6,-36.1,-26.8,-34.3,3.0,11.0,8.0,1.0,0.4,0.6,-13.1,-13.0,-9.4,-11.3,3.0,3.0,8.0,1.0,0.4,0.6,-2.69,-1.6,-0.51,-1.6,2.0,2.26,2.0,1.0,0.3,0.4,-13.7,-8.2,-2.6,-8.2,2.0,11.5,2.0,1.0,0.3,0.4,1.17,1.31,1.44,1.31,2.0,0.27,2.0,1.0,0.3,0.4,6.4,7.9,9.4,7.9,2.0,3.1,2.0,1.0,0.3,0.4,-147.6,-145.7,-119.2,-133.7,3.0,23.2,8.0,1.0,0.4,0.6,-58.9,-53.0,-34.7,-47.0,3.0,18.5,8.0,1.0,0.4,0.6,-95.8,-82.6,-69.4,-82.6,2.0,27.3,2.0,1.0,0.3,0.4,-33.6,-27.2,-20.9,-27.2,2.0,13.1,2.0,1.0,0.3,0.4,-9.1,-7.4,-5.7,-7.4,2.0,3.5,2.0,1.0,0.3,0.4,-2.7,-2.3,-1.9,-2.3,2.0,0.8,2.0,1.0,0.3,0.4,166.0,238.5,281.0,224.0,3.0,85.0,8.0,1.0,0.4,0.6,165.0,240.0,280.0,225.0,3.0,85.0,8.0,1.0,0.4,0.6
1974,2,172.0,-31.0,23.0,23.0,23.0,23.0,1.0,0.0,18.0,1.0,0.1,1.0,24.0,24.0,24.0,24.0,1.0,0.0,18.0,1.0,0.1,1.0,17.48,17.48,17.48,17.48,1.0,0.0,18.0,1.0,0.1,1.0,94.1,94.1,94.1,94.1,1.0,0.0,18.0,1.0,1.0,6.7,6.7,6.7,6.7,1.0,0.0,18.0,1.0,0.1,1.0,-5.13,-5.13,-5.13,-5.13,1.0,0.0,18.0,1.0,0.1,1.0,-4.31,-4.31,-4.31,-4.31,1.0,0.0,18.0,1.0,0.1,1.0,1014.6,1014.6,1014.6,1014.6,1.0,0.0,18.0,1.0,0.1,1.0,7.0,7.0,7.0,7.0,1.0,0.0,18.0,1.0,0.1,1.0,-34.4,-34.4,-34.4,-34.4,1.0,0.0,18.0,1.0,0.1,1.0,-28.9,-28.9,-28.9,-28.9,1.0,0.0,18.0,1.0,0.1,1.0,-1.0,-1.0,-1.0,-1.0,1.0,0.0,18.0,1.0,0.1,1.0,-6.7,-6.7,-6.7,-6.7,1.0,0.0,18.0,1.0,0.1,1.0,0.0,0.0,0.0,0.0,1.0,0.0,18.0,1.0,0.1,1.0,0.0,0.0,0.0,0.0,1.0,0.0,18.0,1.0,0.1,1.0,-123.2,-123.2,-123.2,-123.2,1.0,0.0,18.0,1.0,0.1,1.0,-103.4,-103.4,-103.4,-103.4,1.0,0.0,18.0,1.0,0.1,1.0,-89.7,-89.7,-89.7,-89.7,1.0,0.0,18.0,1.0,0.1,1.0,-75.3,-75.3,-75.3,-75.3,1.0,0.0,18.0,1.0,0.1,1.0,0.0,0.0,0.0,0.0,1.0,0.0,18.0,1.0,0.1,1.0,0.0,0.0,0.0,0.0,1.0,0.0,18.0,1.0,0.1,1.0,301.0,301.0,301.0,301.0,1.0,0.0,18.0,1.0,0.1,1.0,300.0,300.0,300.0,300.0,1.0,0.0,18.0,1.0,0.1,1.0
1974,2,172.0,-29.0,25.6,25.6,25.6,25.6,1.0,0.0,16.0,1.0,0.1,0.5,27.3,27.3,27.3,27.3,1.0,0.0,16.0,1.0,0.1,0.5,17.92,17.92,17.92,17.92,1.0,0.0,16.0,1.0,0.1,0.5,79.3,79.3,79.3,79.3,1.0,0.0,16.0,1.0,0.5,3.1,3.1,3.1,3.1,1.0,0.0,16.0,1.0,0.1,0.5,-2.91,-2.91,-2.91,-2.91,1.0,0.0,16.0,1.0,0.1,0.5,-1.06,-1.06,-1.06,-1.06,1.0,0.0,16.0,1.0,0.1,0.5,1014.5,1014.5,1014.5,1014.5,1.0,0.0,16.0,1.0,0.1,0.5,2.0,2.0,2.0,2.0,1.0,0.0,16.0,1.0,0.1,0.5,-9.0,-9.0,-9.0,-9.0,1.0,0.0,16.0,1.0,0.1,0.5,-3.3,-3.3,-3.3,-3.3,1.0,0.0,16.0,1.0,0.1,0.5,-1.7,-1.7,-1.7,-1.7,1.0,0.0,16.0,1.0,0.1,0.5,-5.3,-5.3,-5.3,-5.3,1.0,0.0,16.0,1.0,0.1,0.5,2.56,2.56,2.56,2.56,1.0,0.0,16.0,1.0,0.1,0.5,7.9,7.9,7.9,7.9,1.0,0.0,16.0,1.0,0.1,0.5,-79.5,-79.5,-79.5,-79.5,1.0,0.0,16.0,1.0,0.1,0.5,-28.9,-28.9,-28.9,-28.9,1.0,0.0,16.0,1.0,0.1,0.5,-52.2,-52.2,-52.2,-52.2,1.0,0.0,16.0,1.0,0.1,0.5,-19.0,-19.0,-19.0,-19.0,1.0,0.0,16.0,1.0,0.1,0.5,-7.4,-7.4,-7.4,-7.4,1.0,0.0,16.0,1.0,0.1,0.5,-2.7,-2.7,-2.7,-2.7,1.0,0.0,16.0,1.0,0.1,0.5,30.0,30.0,30.0,30.0,1.0,0.0,16.0,1.0,0.1,0.5,30.0,30.0,30.0,30.0,1.0,0.0,16.0,1.0,0.1,0.5
1974,2,172.0,-27.0,25.24,25.75,26.26,25.75,2.0,1.06,14.0,0.5,0.2,0.6,25.22,25.7,26.18,25.7,2.0,0.99,14.0,0.5,0.2,0.6,16.71,17.01,17.3,17.01,2.0,0.61,14.0,0.5,0.2,0.6,78.6,82.5,86.3,82.5,2.0,8.0,14.0,0.5,0.6,7.44,7.95,8.46,7.95,2.0,1.06,14.0,0.5,0.2,0.6,-6.13,-5.91,-5.69,-5.91,2.0,0.45,14.0,0.5,0.2,0.6,-5.04,-1.53,1.97,-1.53,2.0,7.26,14.0,0.5,0.2,0.6,1007.13,1008.7,1010.27,1008.7,2.0,3.25,14.0,0.5,0.2,0.6,4.5,5.5,6.5,5.5,2.0,2.1,14.0,0.5,0.2,0.6,-48.1,-46.8,-45.5,-46.8,2.0,2.7,14.0,0.5,0.2,0.6,-44.7,-16.0,12.6,-16.0,2.0,59.3,14.0,0.5,0.2,0.6,0.02,0.05,0.08,0.05,2.0,0.07,14.0,0.5,0.2,0.6,0.1,0.4,0.6,0.4,2.0,0.5,14.0,0.5,0.2,0.6,2.83,3.79,4.76,3.79,2.0,2.0,14.0,0.5,0.2,0.6,23.4,29.1,34.8,29.1,2.0,11.9,14.0,0.5,0.2,0.6,-160.7,-152.2,-143.7,-152.2,2.0,17.5,14.0,0.5,0.2,0.6,-125.1,-35.8,53.5,-35.8,2.0,185.0,14.0,0.5,0.2,0.6,-102.4,-100.4,-98.4,-100.4,2.0,4.1,14.0,0.5,0.2,0.6,-88.3,-28.3,31.8,-28.3,2.0,124.4,14.0,0.5,0.2,0.6,-29.4,-22.9,-16.3,-22.9,2.0,13.6,14.0,0.5,0.2,0.6,-10.4,1.5,13.3,1.5,2.0,24.5,14.0,0.5,0.2,0.6,418.5,516.0,613.0,516.0,2.0,201.5,14.0,0.5,0.2,0.6,420.0,515.0,615.0,515.0,2.0,200.0,14.0,0.5,0.2,0.6
1974,2,172.0,-26.0,25.5,25.5,25.5,25.5,1.0,0.0,20.0,0.0,0.8,0.2,25.5,25.5,25.5,25.5,1.0,0.0,20.0,0.0,0.8,0.2,18.02,18.02,18.02,18.02,1.0,0.0,20.0,0.0,0.8,0.2,88.2,88.2,88.2,88.2,1.0,0.0,20.0,0.0,0.2,6.7,6.7,6.7,6.7,1.0,0.0,20.0,0.0,0.8,0.2,-5.8,-5.8,-5.8,-5.8,1.0,0.0,20.0,0.0,0.8,0.2,-3.35,-3.35,-3.35,-3.35,1.0,0.0,20.0,0.0,0.8,0.2,1008.6,1008.6,1008.6,1008.6,1.0,0.0,20.0,0.0,0.8,0.2,8.0,8.0,8.0,8.0,1.0,0.0,20.0,0.0,0.8,0.2,-38.9,-38.9,-38.9,-38.9,1.0,0.0,20.0,0.0,0.8,0.2,-22.4,-22.4,-22.4,-22.4,1.0,0.0,20.0,0.0,0.8,0.2,0.0,0.0,0.0,0.0,1.0,0.0,20.0,0.0,0.8,0.2,0.0,0.0,0.0,0.0,1.0,0.0,20.0,0.0,0.8,0.2,2.45,2.45,2.45,2.45,1.0,0.0,20.0,0.0,0.8,0.2,16.4,16.4,16.4,16.4,1.0,0.0,20.0,0.0,0.8,0.2,-148.0,-148.0,-148.0,-148.0,1.0,0.0,20.0,0.0,0.8,0.2,-85.4,-85.4,-85.4,-85.4,1.0,0.0,20.0,0.0,0.8,0.2,-104.6,-104.6,-104.6,-104.6,1.0,0.0,20.0,0.0,0.8,0.2,-60.4,-60.4,-60.4,-60.4,1.0,0.0,20.0,0.0,0.8,0.2,-14.2,-14.2,-14.2,-14.2,1.0,0.0,20.0,0.0,0.8,0.2,-8.2,-8.2,-8.2,-8.2,1.0,0.0,20.0,0.0,0.8,0.2,301.0,301.0,301.0,301.0,1.0,0.0,20.0,0.0,0.8,0.2,300.0,300.0,300.0,300.0,1.0,0.0,20.0,0.0,0.8,0.2
1974,2,172.0,-24.0,26.6,26.8,27.07,26.83,3.0,0.35,10.0,1.0,0.6,0.8,26.95,27.5,28.52,27.73,3.0,1.17,10.0,1.0,0.6,0.8,18.39,18.84,20.34,19.35,3.0,1.49,10.0,1.0,0.6,0.8,82.5,83.1,83.6,83.1,3.0,0.8,10.0,1.0,0.8,6.36,6.7,8.47,7.4,3.0,1.66,10.0,1.0,0.6,0.8,-7.72,-4.31,-4.09,-5.86,3.0,2.98,10.0,1.0,0.6,0.8,-3.5,0.0,3.24,-0.13,3.0,4.94,10.0,1.0,0.6,0.8,1011.73,1012.0,1012.61,1012.17,3.0,0.67,10.0,1.0,0.6,0.8,4.0,6.0,6.0,5.0,3.0,1.7,10.0,1.0,0.6,0.8,-68.2,-28.9,-26.0,-46.7,3.0,34.5,10.0,1.0,0.6,0.8,-23.5,0.0,20.1,-1.6,3.0,31.9,10.0,1.0,0.6,0.8,-1.93,-0.7,0.12,-0.9,3.0,1.51,10.0,1.0,0.6,0.8,-12.8,-4.3,1.8,-5.5,3.0,10.7,10.0,1.0,0.6,0.8,1.45,3.19,4.02,2.75,3.0,1.92,10.0,1.0,0.6,0.8,9.2,19.8,34.3,21.7,3.0,18.4,10.0,1.0,0.6,0.8,-209.1,-124.9,-114.5,-160.9,3.0,76.1,10.0,1.0,0.6,0.8,-101.6,0.0,89.2,-6.1,3.0,139.8,10.0,1.0,0.6,0.8,-144.2,-90.6,-80.0,-111.6,3.0,50.4,10.0,1.0,0.6,0.8,-73.7,0.0,61.1,-6.2,3.0,98.9,10.0,1.0,0.6,0.8,-32.0,-12.7,-5.9,-18.8,3.0,19.8,10.0,1.0,0.6,0.8,-2.2,0.0,10.4,4.0,3.0,9.8,10.0,1.0,0.6,0.8,258.0,301.0,644.5,448.0,3.0,310.5,10.0,1.0,0.6,0.8,260.0,300.0,645.0,450.0,3.0,310.0,10.0,1.0,0.6,0.8
1974,2,172.0,-23.0,26.12,27.2,27.7,26.93,4.0,1.0,14.0,0.8,0.5,0.9,27.1,27.3,27.57,27.33,3.0,0.35,14.0,0.7,0.6,0.9,19.12,19.87,20.47,19.8,3.0,0.99,14.0,0.7,0.6,0.9,83.5,85.3,90.3,86.9,3.0,5.1,14.0,0.7,0.9,6.36,6.7,11.96,9.1,3.0,4.6,14.0,0.7,0.6,0.9,-11.31,-5.13,-4.87,-8.02,3.0,5.34,14.0,0.7,0.6,0.9,-3.51,-2.5,2.15,-0.73,3.0,4.42,14.0,0.7,0.6,0.9,1007.32,1008.0,1009.77,1008.53,3.0,1.86,14.0,0.7,0.6,0.9,3.3,6.0,7.4,5.3,3.0,3.1,14.0,0.7,0.6,0.9,-150.3,-34.4,-31.0,-89.3,3.0,99.5,14.0,0.7,0.6,0.9,-32.4,-24.7,11.9,-10.6,3.0,34.7,14.0,0.7,0.6,0.9,-1.27,-1.0,-0.04,-0.67,3.0,0.95,14.0,0.7,0.6,0.9,-15.9,-6.7,-0.4,-8.1,3.0,11.4,14.0,0.7,0.6,0.9,0.59,2.14,3.77,2.18,3.0,2.33,14.0,0.7,0.6,0.9,3.3,14.3,23.7,13.5,3.0,15.0,14.0,0.7,0.6,0.9,-306.5,-142.2,-133.6,-218.2,3.0,142.7,14.0,0.7,0.6,0.9,-95.7,-67.5,60.0,-19.0,3.0,121.5,14.0,0.7,0.6,0.9,-233.3,-102.0,-93.2,-161.8,3.0,114.9,14.0,0.7,0.6,0.9,-67.5,-51.9,42.0,-13.7,3.0,86.8,14.0,0.7,0.6,0.9,-18.2,-11.0,-2.3,-10.2,3.0,11.7,14.0,0.7,0.6,0.9,-12.2,0.3,6.4,-2.8,3.0,13.9,14.0,0.7,0.6,0.9,258.0,301.0,2133.5,1175.0,3.0,1568.5,14.0,0.7,0.6,0.9,260.0,300.0,2135.0,1175.0,3.0,1570.0,14.0,0.7,0.6,0.9
1974,2,172.0,-22.0,27.13,27.7,27.74,27.48,5.0,0.36,18.0,1.0,0.7,0.5,27.8,28.15,28.82,28.3,4.0,0.67,18.0,1.0,0.6,0.5,17.7,18.41,19.49,18.58,4.0,1.28,18.0,1.0,0.6,0.5,74.5,77.3,79.0,76.8,4.0,2.9,18.0,1.0,0.5,4.6,5.65,6.96,5.78,4.0,1.37,18.0,1.0,0.6,0.5,-6.43,-4.88,-0.13,-3.35,4.0,4.42,18.0,1.0,0.6,0.5,-2.4,0.9,3.29,0.47,4.0,3.4,18.0,1.0,0.6,0.5,1002.96,1005.3,1007.96,1005.45,4.0,3.69,18.0,1.0,0.6,0.5,3.0,3.0,3.5,3.3,4.0,0.5,18.0,1.0,0.6,0.5,-44.6,-30.2,-0.6,-22.9,4.0,27.8,18.0,1.0,0.6,0.5,-12.2,2.9,20.1,3.9,4.0,19.3,18.0,1.0,0.6,0.5,-1.4,-1.05,-0.33,-0.87,4.0,0.67,18.0,1.0,0.6,0.5,-8.3,-4.8,-1.5,-4.9,4.0,4.3,18.0,1.0,0.6,0.5,3.6,4.53,5.32,4.46,4.0,1.03,18.0,1.0,0.6,0.5,20.0,27.0,31.5,25.8,4.0,8.0,18.0,1.0,0.6,0.5,-180.1,-140.0,-5.8,-95.1,4.0,123.8,18.0,1.0,0.6,0.5,-66.9,27.1,94.7,14.5,4.0,96.2,18.0,1.0,0.6,0.5,-118.2,-93.8,-7.4,-64.2,4.0,79.9,18.0,1.0,0.6,0.5,-41.9,19.4,63.7,11.3,4.0,62.5,18.0,1.0,0.6,0.5,-29.4,-18.1,3.1,-13.4,4.0,21.8,18.0,1.0,0.6,0.5,-13.0,1.9,12.1,-0.4,4.0,15.4,18.0,1.0,0.6,0.5,97.5,199.0,338.5,217.0,4.0,141.5,18.0,1.0,0.6,0.5,95.0,200.0,340.0,215.0,4.0,140.0,18.0,1.0,0.6,0.5
1974,2,172.0,-20.0,27.13,27.4,27.67,27.4,2.0,0.57,12.0,0.0,0.8,0.7,24.0,25.3,26.6,25.3,2.0,2.69,12.0,0.0,0.8,0.7,19.84,19.84,19.84,19.84,1.0,0.0,14.0,0.0,0.6,0.6,87.8,87.8,87.8,87.8,1.0,0.0,14.0,0.0,0.6,5.43,6.15,6.87,6.15,2.0,1.48,12.0,0.0,0.8,0.7,-3.46,-0.6,2.27,-0.6,2.0,5.93,12.0,0.0,0.8,0.7,-4.97,-2.25,0.48,-2.25,2.0,5.64,12.0,0.0,0.8,0.7,1009.88,1010.05,1010.22,1010.05,2.0,0.35,12.0,0.0,0.8,0.7,3.8,5.5,7.2,5.5,2.0,3.5,12.0,0.0,0.8,0.7,-16.4,0.7,17.9,0.7,2.0,35.6,12.0,0.0,0.8,0.7,-36.4,-18.0,0.4,-18.0,2.0,38.0,12.0,0.0,0.8,0.7,1.08,2.1,3.12,2.1,2.0,2.12,12.0,0.0,0.8,0.7,6.7,14.5,22.3,14.5,2.0,16.2,12.0,0.0,0.8,0.7,3.62,3.62,3.62,3.62,1.0,0.0,14.0,0.0,0.6,0.6,18.5,18.5,18.5,18.5,1.0,0.0,14.0,0.0,0.6,0.6,-96.3,-23.1,50.2,-23.1,2.0,151.7,12.0,0.0,0.8,0.7,-115.2,-49.2,16.8,-49.2,2.0,136.7,12.0,0.0,0.8,0.7,-95.1,-95.1,-95.1,-95.1,1.0,0.0,14.0,0.0,0.6,0.6,34.6,34.6,34.6,34.6,1.0,0.0,14.0,0.0,0.6,0.6,-17.4,-17.4,-17.4,-17.4,1.0,0.0,14.0,0.0,0.6,0.6,6.3,6.3,6.3,6.3,1.0,0.0,14.0,0.0,0.6,0.6,171.0,253.0,335.0,253.0,2.0,170.0,12.0,0.0,0.8,0.7,170.0,255.0,335.0,255.0,2.0,170.0,12.0,0.0,0.8,0.7
1974,2,172.0,-19.0,27.5,27.5,27.5,27.5,1.0,0.0,8.0,0.0,0.4,0.6,26.48,26.65,26.82,26.65,2.0,0.35,12.0,0.0,0.5,0.5,18.26,18.44,18.63,18.44,2.0,0.39,12.0,0.0,0.5,0.5,84.1,84.1,84.1,84.1,2.0,0.0,12.0,0.0,0.5,2.74,5.4,8.06,5.4,2.0,5.52,12.0,0.0,0.5,0.5,-7.43,-4.63,-1.82,-4.63,2.0,5.82,12.0,0.0,0.5,0.5,1.69,2.3,2.9,2.3,2.0,1.25,12.0,0.0,0.5,0.5,1006.76,1006.9,1007.04,1006.9,2.0,0.28,12.0,0.0,0.5,0.5,1.3,2.0,2.7,2.0,2.0,1.4,12.0,0.0,0.5,0.5,-68.5,-41.0,-13.5,-41.0,2.0,56.9,12.0,0.0,0.5,0.5,6.5,15.8,25.2,15.8,2.0,19.4,12.0,0.0,0.5,0.5,1.1,1.1,1.1,1.1,1.0,0.0,8.0,0.0,0.4,0.6,1.7,1.7,1.7,1.7,1.0,0.0,8.0,0.0,0.4,0.6,4.95,4.95,4.95,4.95,1.0,0.0,8.0,0.0,0.4,0.6,7.4,7.4,7.4,7.4,1.0,0.0,8.0,0.0,0.4,0.6,-199.9,-124.3,-48.7,-124.3,2.0,156.7,12.0,0.0,0.5,0.5,44.9,61.4,77.9,61.4,2.0,34.2,12.0,0.0,0.5,0.5,-139.1,-86.5,-33.8,-86.5,2.0,109.1,12.0,0.0,0.5,0.5,31.0,42.6,54.2,42.6,2.0,24.0,12.0,0.0,0.5,0.5,-2.5,-2.5,-2.5,-2.5,1.0,0.0,8.0,0.0,0.4,0.6,7.0,7.0,7.0,7.0,1.0,0.0,8.0,0.0,0.4,0.6,130.5,404.0,677.0,404.0,2.0,566.5,12.0,0.0,0.5,0.5,130.0,405.0,675.0,405.0,2.0,565.0,12.0,0.0,0.5,0.5
1974,2,172.0,-17.0,28.58,28.75,28.92,28.75,2.0,0.35,12.0,0.5,0.9,0.9,27.16,27.5,27.84,27.5,2.0,0.71,12.0,0.5,0.9,0.9,18.46,18.56,18.67,18.56,2.0,0.21,12.0,0.5,0.9,0.9,79.4,80.5,81.6,80.5,2.0,2.3,12.0,0.5,0.9,3.42,4.1,4.78,4.1,2.0,1.41,12.0,0.5,0.9,0.9,-2.54,-2.21,-1.89,-2.21,2.0,0.66,12.0,0.5,0.9,0.9,-0.54,1.62,3.79,1.62,2.0,4.48,12.0,0.5,0.9,0.9,1005.82,1006.5,1007.18,1006.5,2.0,1.41,12.0,0.5,0.9,0.9,3.2,3.5,3.8,3.5,2.0,0.7,12.0,0.5,0.9,0.9,-8.8,-8.6,-8.4,-8.6,2.0,0.4,12.0,0.5,0.9,0.9,-0.2,9.8,19.8,9.8,2.0,20.7,12.0,0.5,0.9,0.9,1.08,1.25,1.42,1.25,2.0,0.35,12.0,0.5,0.9,0.9,4.7,4.9,5.0,4.9,2.0,0.3,12.0,0.5,0.9,0.9,6.21,6.34,6.47,6.34,2.0,0.27,12.0,0.5,0.9,0.9,21.3,26.2,31.0,26.2,2.0,10.1,12.0,0.5,0.9,0.9,-68.7,-60.7,-52.6,-60.7,2.0,16.7,12.0,0.5,0.9,0.9,-13.9,46.2,106.3,46.2,2.0,124.5,12.0,0.5,0.9,0.9,-46.8,-41.0,-35.3,-41.0,2.0,11.9,12.0,0.5,0.9,0.9,-9.8,30.6,70.9,30.6,2.0,83.6,12.0,0.5,0.9,0.9,-15.7,-13.9,-12.2,-13.9,2.0,3.6,12.0,0.5,0.9,0.9,-3.0,10.9,24.8,10.9,2.0,28.9,12.0,0.5,0.9,0.9,46.0,81.0,116.5,81.0,2.0,72.5,12.0,0.5,0.9,0.9,45.0,80.0,115.0,80.0,2.0,75.0,12.0,0.5,0.9,0.9
1974,2,172.0,-16.0,28.0,28.0,28.0,28.0,1.0,0.0,22.0,0.0,0.5,0.8,27.0,27.0,27.0,27.0,1.0,0.0,22.0,0.0,0.5,0.8,18.8,18.8,18.8,18.8,1.0,0.0,22.0,0.0,0.5,0.8,83.7,83.7,83.7,83.7,1.0,0.0,22.0,0.0,0.8,6.7,6.7,6.7,6.7,1.0,0.0,22.0,0.0,0.5,0.8,-1.16,-1.16,-1.16,-1.16,1.0,0.0,22.0,0.0,0.5,0.8,6.6,6.6,6.6,6.6,1.0,0.0,22.0,0.0,0.5,0.8,1003.0,1003.0,1003.0,1003.0,1.0,0.0,22.0,0.0,0.5,0.8,2.0,2.0,2.0,2.0,1.0,0.0,22.0,0.0,0.5,0.8,-7.8,-7.8,-7.8,-7.8,1.0,0.0,22.0,0.0,0.5,0.8,44.2,44.2,44.2,44.2,1.0,0.0,22.0,0.0,0.5,0.8,1.0,1.0,1.0,1.0,1.0,0.0,22.0,0.0,0.5,0.8,6.7,6.7,6.7,6.7,1.0,0.0,22.0,0.0,0.5,0.8,5.1,5.1,5.1,5.1,1.0,0.0,22.0,0.0,0.5,0.8,34.2,34.2,34.2,34.2,1.0,0.0,22.0,0.0,0.5,0.8,-31.4,-31.4,-31.4,-31.4,1.0,0.0,22.0,0.0,0.5,0.8,178.2,178.2,178.2,178.2,1.0,0.0,22.0,0.0,0.5,0.8,-21.9,-21.9,-21.9,-21.9,1.0,0.0,22.0,0.0,0.5,0.8,124.0,124.0,124.0,124.0,1.0,0.0,22.0,0.0,0.5,0.8,-5.9,-5.9,-5.9,-5.9,1.0,0.0,22.0,0.0,0.5,0.8,33.7,33.7,33.7,33.7,1.0,0.0,22.0,0.0,0.5,0.8,301.0,301.0,301.0,301.0,1.0,0.0,22.0,0.0,0.5,0.8,300.0,300.0,300.0,300.0,1.0,0.0,22.0,0.0,0.5,0.8
1974,2,172.0,-15.0,29.0,29.0,29.0,29.0,1.0,0.0,24.0,1.0,0.9,0.8,27.9,27.9,27.9,27.9,1.0,0.0,24.0,1.0,0.9,0.8,18.78,18.78,18.78,18.78,1.0,0.0,24.0,1.0,0.9,0.8,79.4,79.4,79.4,79.4,1.0,0.0,24.0,1.0,0.8,7.2,7.2,7.2,7.2,1.0,0.0,24.0,1.0,0.9,0.8,3.6,3.6,3.6,3.6,1.0,0.0,24.0,1.0,0.9,0.8,6.24,6.24,6.24,6.24,1.0,0.0,24.0,1.0,0.9,0.8,1004.1,1004.1,1004.1,1004.1,1.0,0.0,24.0,1.0,0.9,0.8,6.0,6.0,6.0,6.0,1.0,0.0,24.0,1.0,0.9,0.8,25.9,25.9,25.9,25.9,1.0,0.0,24.0,1.0,0.9,0.8,44.9,44.9,44.9,44.9,1.0,0.0,24.0,1.0,0.9,0.8,1.1,1.1,1.1,1.1,1.0,0.0,24.0,1.0,0.9,0.8,7.9,7.9,7.9,7.9,1.0,0.0,24.0,1.0,0.9,0.8,6.55,6.55,6.55,6.55,1.0,0.0,24.0,1.0,0.9,0.8,47.2,47.2,47.2,47.2,1.0,0.0,24.0,1.0,0.9,0.8,100.4,100.4,100.4,100.4,1.0,0.0,24.0,1.0,0.9,0.8,174.0,174.0,174.0,174.0,1.0,0.0,24.0,1.0,0.9,0.8,67.6,67.6,67.6,67.6,1.0,0.0,24.0,1.0,0.9,0.8,117.1,117.1,117.1,117.1,1.0,0.0,24.0,1.0,0.9,0.8,23.6,23.6,23.6,23.6,1.0,0.0,24.0,1.0,0.9,0.8,40.8,40.8,40.8,40.8,1.0,0.0,24.0,1.0,0.9,0.8,373.0,373.0,373.0,373.0,1.0,0.0,24.0,1.0,0.9,0.8,375.0,375.0,375.0,375.0,1.0,0.0,24.0,1.0,0.9,0.8
1974,2,172.0,-14.0,28.2,28.2,28.2,28.2,1.0,0.0,28.0,0.0,0.2,0.6,27.0,27.0,27.0,27.0,1.0,0.0,28.0,0.0,0.2,0.6,18.87,18.87,18.87,18.87,1.0,0.0,28.0,0.0,0.2,0.6,84.2,84.2,84.2,84.2,1.0,0.0,28.0,0.0,0.6,7.7,7.7,7.7,7.7,1.0,0.0,28.0,0.0,0.2,0.6,2.63,2.63,2.63,2.63,1.0,0.0,28.0,0.0,0.2,0.6,-7.24,-7.24,-7.24,-7.24,1.0,0.0,28.0,0.0,0.2,0.6,1005.2,1005.2,1005.2,1005.2,1.0,0.0,28.0,0.0,0.2,0.6,8.0,8.0,8.0,8.0,1.0,0.0,28.0,0.0,0.2,0.6,20.3,20.3,20.3,20.3,1.0,0.0,28.0,0.0,0.2,0.6,-55.7,-55.7,-55.7,-55.7,1.0,0.0,28.0,0.0,0.2,0.6,1.2,1.2,1.2,1.2,1.0,0.0,28.0,0.0,0.2,0.6,9.2,9.2,9.2,9.2,1.0,0.0,28.0,0.0,0.2,0.6,5.26,5.26,5.26,5.26,1.0,0.0,28.0,0.0,0.2,0.6,40.5,40.5,40.5,40.5,1.0,0.0,28.0,0.0,0.2,0.6,71.1,71.1,71.1,71.1,1.0,0.0,28.0,0.0,0.2,0.6,-195.4,-195.4,-195.4,-195.4,1.0,0.0,28.0,0.0,0.2,0.6,49.7,49.7,49.7,49.7,1.0,0.0,28.0,0.0,0.2,0.6,-136.6,-136.6,-136.6,-136.6,1.0,0.0,28.0,0.0,0.2,0.6,13.9,13.9,13.9,13.9,1.0,0.0,28.0,0.0,0.2,0.6,-38.1,-38.1,-38.1,-38.1,1.0,0.0,28.0,0.0,0.2,0.6,456.5,456.5,456.5,456.5,1.0,0.0,28.0,0.0,0.2,0.6,455.0,455.0,455.0,455.0,1.0,0.0,28.0,0.0,0.2,0.6
1974,2,172.0,-4.0,28.5,28.5,28.5,28.5,1.0,0.0,8.0,1.0,0.0,0.3,28.0,28.0,28.0,28.0,1.0,0.0,8.0,1.0,0.0,0.3,17.69,17.69,17.69,17.69,1.0,0.0,8.0,1.0,0.0,0.3,74.3,74.3,74.3,74.3,1.0,0.0,8.0,1.0,0.3,7.7,7.7,7.7,7.7,1.0,0.0,8.0,1.0,0.0,0.3,-6.67,-6.67,-6.67,-6.67,1.0,0.0,8.0,1.0,0.0,0.3,-3.85,-3.85,-3.85,-3.85,1.0,0.0,8.0,1.0,0.0,0.3,1003.0,1003.0,1003.0,1003.0,1.0,0.0,8.0,1.0,0.0,0.3,4.0,4.0,4.0,4.0,1.0,0.0,8.0,1.0,0.0,0.3,-51.3,-51.3,-51.3,-51.3,1.0,0.0,8.0,1.0,0.0,0.3,-29.6,-29.6,-29.6,-29.6,1.0,0.0,8.0,1.0,0.0,0.3,0.5,0.5,0.5,0.5,1.0,0.0,8.0,1.0,0.0,0.3,3.9,3.9,3.9,3.9,1.0,0.0,8.0,1.0,0.0,0.3,6.93,6.93,6.93,6.93,1.0,0.0,8.0,1.0,0.0,0.3,53.4,53.4,53.4,53.4,1.0,0.0,8.0,1.0,0.0,0.3,-186.7,-186.7,-186.7,-186.7,1.0,0.0,8.0,1.0,0.0,0.3,-107.8,-107.8,-107.8,-107.8,1.0,0.0,8.0,1.0,0.0,0.3,-117.9,-117.9,-117.9,-117.9,1.0,0.0,8.0,1.0,0.0,0.3,-68.1,-68.1,-68.1,-68.1,1.0,0.0,8.0,1.0,0.0,0.3,-46.2,-46.2,-46.2,-46.2,1.0,0.0,8.0,1.0,0.0,0.3,-26.7,-26.7,-26.7,-26.7,1.0,0.0,8.0,1.0,0.0,0.3,456.5,456.5,456.5,456.5,1.0,0.0,8.0,1.0,0.0,0.3,455.0,455.0,455.0,455.0,1.0,0.0,8.0,1.0,0.0,0.3
1974,2,172.0,-3.0,27.5,27.5,27.5,27.5,1.0,0.0,8.0,1.0,0.2,0.3,27.0,27.0,27.0,27.0,1.0,0.0,8.0,1.0,0.2,0.3,18.81,18.81,18.81,18.81,1.0,0.0,8.0,1.0,0.2,0.3,83.7,83.7,83.7,83.7,1.0,0.0,8.0,1.0,0.3,6.7,6.7,6.7,6.7,1.0,0.0,8.0,1.0,0.2,0.3,-6.6,-6.6,-6.6,-6.6,1.0,0.0,8.0,1.0,0.2,0.3,-1.16,-1.16,-1.16,-1.16,1.0,0.0,8.0,1.0,0.2,0.3,1002.5,1002.5,1002.5,1002.5,1.0,0.0,8.0,1.0,0.2,0.3,7.0,7.0,7.0,7.0,1.0,0.0,8.0,1.0,0.2,0.3,-44.2,-44.2,-44.2,-44.2,1.0,0.0,8.0,1.0,0.2,0.3,-7.8,-7.8,-7.8,-7.8,1.0,0.0,8.0,1.0,0.2,0.3,0.5,0.5,0.5,0.5,1.0,0.0,8.0,1.0,0.2,0.3,3.4,3.4,3.4,3.4,1.0,0.0,8.0,1.0,0.2,0.3,4.41,4.41,4.41,4.41,1.0,0.0,8.0,1.0,0.2,0.3,29.5,29.5,29.5,29.5,1.0,0.0,8.0,1.0,0.2,0.3,-178.2,-178.2,-178.2,-178.2,1.0,0.0,8.0,1.0,0.2,0.3,-31.4,-31.4,-31.4,-31.4,1.0,0.0,8.0,1.0,0.2,0.3,-124.1,-124.1,-124.1,-124.1,1.0,0.0,8.0,1.0,0.2,0.3,-21.9,-21.9,-21.9,-21.9,1.0,0.0,8.0,1.0,0.2,0.3,-29.1,-29.1,-29.1,-29.1,1.0,0.0,8.0,1.0,0.2,0.3,-5.1,-5.1,-5.1,-5.1,1.0,0.0,8.0,1.0,0.2,0.3,301.0,301.0,301.0,301.0,1.0,0.0,8.0,1.0,0.2,0.3,300.0,300.0,300.0,300.0,1.0,0.0,8.0,1.0,0.2,0.3
1974,2,172.0,-2.0,27.22,27.7,28.18,27.7,2.0,0.99,8.0,0.0,0.4,0.6,26.22,26.25,26.28,26.25,2.0,0.07,8.0,0.0,0.4,0.6,16.92,17.21,17.51,17.21,2.0,0.61,8.0,0.0,0.4,0.6,79.2,80.4,81.5,80.4,2.0,2.4,8.0,0.0,0.6,5.35,5.9,6.45,5.9,2.0,1.13,8.0,0.0,0.4,0.6,-5.58,-5.11,-4.64,-5.11,2.0,0.98,8.0,0.0,0.4,0.6,-3.22,-2.95,-2.68,-2.95,2.0,0.57,8.0,0.0,0.4,0.6,1005.37,1005.75,1006.13,1005.75,2.0,0.78,8.0,0.0,0.4,0.6,4.5,5.5,6.5,5.5,2.0,2.1,8.0,0.0,0.4,0.6,-36.3,-30.7,-25.1,-30.7,2.0,11.6,8.0,0.0,0.4,0.6,-20.9,-17.7,-14.5,-17.7,2.0,6.7,8.0,0.0,0.4,0.6,1.01,1.45,1.89,1.45,2.0,0.92,8.0,0.0,0.4,0.6,6.2,8.0,9.9,8.0,2.0,3.8,8.0,0.0,0.4,0.6,5.84,6.22,6.6,6.22,2.0,0.78,8.0,0.0,0.4,0.6,35.1,36.3,37.4,36.3,2.0,2.4,8.0,0.0,0.4,0.6,-146.3,-134.1,-121.9,-134.1,2.0,25.4,8.0,0.0,0.4,0.6,-84.5,-77.4,-70.4,-77.4,2.0,14.6,8.0,0.0,0.4,0.6,-94.3,-87.7,-81.0,-87.7,2.0,13.7,8.0,0.0,0.4,0.6,-54.4,-50.6,-46.8,-50.6,2.0,7.9,8.0,0.0,0.4,0.6,-32.4,-31.4,-30.4,-31.4,2.0,2.1,8.0,0.0,0.4,0.6,-18.7,-18.1,-17.5,-18.1,2.0,1.2,8.0,0.0,0.4,0.6,159.5,216.5,274.0,216.5,2.0,119.0,8.0,0.0,0.4,0.6,160.0,215.0,275.0,215.0,2.0,120.0,8.0,0.0,0.4,0.6
1974,2,172.0,-1.0,26.5,26.5,26.5,26.5,1.0,0.0,8.0,0.0,0.7,0.9,26.0,26.0,26.0,26.0,1.0,0.0,8.0,0.0,0.7,0.9,16.93,16.93,16.93,16.93,1.0,0.0,8.0,0.0,0.7,0.9,80.1,80.1,80.1,80.1,1.0,0.0,8.0,0.0,0.9,6.7,6.7,6.7,6.7,1.0,0.0,8.0,0.0,0.7,0.9,-6.3,-6.3,-6.3,-6.3,1.0,0.0,8.0,0.0,0.7,0.9,-2.29,-2.29,-2.29,-2.29,1.0,0.0,8.0,0.0,0.7,0.9,1004.0,1004.0,1004.0,1004.0,1.0,0.0,8.0,0.0,0.7,0.9,4.0,4.0,4.0,4.0,1.0,0.0,8.0,0.0,0.7,0.9,-42.2,-42.2,-42.2,-42.2,1.0,0.0,8.0,0.0,0.7,0.9,-15.4,-15.4,-15.4,-15.4,1.0,0.0,8.0,0.0,0.7,0.9,0.5,0.5,0.5,0.5,1.0,0.0,8.0,0.0,0.7,0.9,3.4,3.4,3.4,3.4,1.0,0.0,8.0,0.0,0.7,0.9,4.91,4.91,4.91,4.91,1.0,0.0,8.0,0.0,0.7,0.9,32.9,32.9,32.9,32.9,1.0,0.0,8.0,0.0,0.7,0.9,-163.7,-163.7,-163.7,-163.7,1.0,0.0,8.0,0.0,0.7,0.9,-59.6,-59.6,-59.6,-59.6,1.0,0.0,8.0,0.0,0.7,0.9,-106.6,-106.6,-106.6,-106.6,1.0,0.0,8.0,0.0,0.7,0.9,-38.8,-38.8,-38.8,-38.8,1.0,0.0,8.0,0.0,0.7,0.9,-30.9,-30.9,-30.9,-30.9,1.0,0.0,8.0,0.0,0.7,0.9,-11.3,-11.3,-11.3,-11.3,1.0,0.0,8.0,0.0,0.7,0.9,301.0,301.0,301.0,301.0,1.0,0.0,8.0,0.0,0.7,0.9,300.0,300.0,300.0,300.0,1.0,0.0,8.0,0.0,0.7,0.9
1974,2,172.0,0.0,,,,,,,,,,,,,,,,,,,,,,,,,,,,,,,,,,,,,,,,4.1,4.1,4.1,4.1,1.0,0.0,12.0,0.0,0.9,0.2,-3.55,-3.55,-3.55,-3.55,1.0,0.0,12.0,0.0,0.9,0.2,2.05,2.05,2.05,2.05,1.0,0.0,12.0,0.0,0.9,0.2,1009.7,1009.7,1009.7,1009.7,1.0,0.0,12.0,0.0,0.9,0.2,,,,,,,,,,,,,,,,,,,,,,,,,,,,,,,,,,,,,,,,,,,,,,,,,,,,,,,,,,,,,,,,,,,,,,,,,,,,,,,,,,,,,,,,,,,,,,,,,,,,,,,,,,,,,,,,,,,,,,,,,,,,,,,,,,,,,,,,,,,,,,,,,,,,,,
1974,2,172.0,5.0,27.3,27.3,27.3,27.3,1.0,0.0,12.0,0.0,0.5,0.8,27.2,27.2,27.2,27.2,1.0,0.0,12.0,0.0,0.5,0.8,17.71,17.71,17.71,17.71,1.0,0.0,12.0,0.0,0.5,0.8,78.3,78.3,78.3,78.3,1.0,0.0,12.0,0.0,0.8,5.1,5.1,5.1,5.1,1.0,0.0,12.0,0.0,0.5,0.8,-4.79,-4.79,-4.79,-4.79,1.0,0.0,12.0,0.0,0.5,0.8,1.74,1.74,1.74,1.74,1.0,0.0,12.0,0.0,0.5,0.8,1008.0,1008.0,1008.0,1008.0,1.0,0.0,12.0,0.0,0.5,0.8,2.0,2.0,2.0,2.0,1.0,0.0,12.0,0.0,0.5,0.8,-24.4,-24.4,-24.4,-24.4,1.0,0.0,12.0,0.0,0.5,0.8,8.9,8.9,8.9,8.9,1.0,0.0,12.0,0.0,0.5,0.8,0.1,0.1,0.1,0.1,1.0,0.0,12.0,0.0,0.5,0.8,0.5,0.5,0.5,0.5,1.0,0.0,12.0,0.0,0.5,0.8,5.11,5.11,5.11,5.11,1.0,0.0,12.0,0.0,0.5,0.8,26.1,26.1,26.1,26.1,1.0,0.0,12.0,0.0,0.5,0.8,-130.4,-130.4,-130.4,-130.4,1.0,0.0,12.0,0.0,0.5,0.8,47.4,47.4,47.4,47.4,1.0,0.0,12.0,0.0,0.5,0.8,-84.9,-84.9,-84.9,-84.9,1.0,0.0,12.0,0.0,0.5,0.8,30.9,30.9,30.9,30.9,1.0,0.0,12.0,0.0,0.5,0.8,-24.5,-24.5,-24.5,-24.5,1.0,0.0,12.0,0.0,0.5,0.8,8.9,8.9,8.9,8.9,1.0,0.0,12.0,0.0,0.5,0.8,132.5,132.5,132.5,132.5,1.0,0.0,12.0,0.0,0.5,0.8,135.0,135.0,135.0,135.0,1.0,0.0,12.0,0.0,0.5,0.8
1974,2,172.0,6.0,28.8,28.8,28.8,28.8,1.0,0.0,10.0,0.0,0.0,0.5,26.2,26.2,26.2,26.2,1.0,0.0,10.0,0.0,0.0,0.5,18.41,18.41,18.41,18.41,1.0,0.0,10.0,0.0,0.0,0.5,86.1,86.1,86.1,86.1,1.0,0.0,10.0,0.0,0.5,7.7,7.7,7.7,7.7,1.0,0.0,10.0,0.0,0.0,0.5,-7.7,-7.7,-7.7,-7.7,1.0,0.0,10.0,0.0,0.0,0.5,0.0,0.0,0.0,0.0,1.0,0.0,10.0,0.0,0.0,0.5,1005.4,1005.4,1005.4,1005.4,1.0,0.0,10.0,0.0,0.0,0.5,6.0,6.0,6.0,6.0,1.0,0.0,10.0,0.0,0.0,0.5,-59.3,-59.3,-59.3,-59.3,1.0,0.0,10.0,0.0,0.0,0.5,0.0,0.0,0.0,0.0,1.0,0.0,10.0,0.0,0.0,0.5,2.6,2.6,2.6,2.6,1.0,0.0,10.0,0.0,0.0,0.5,20.0,20.0,20.0,20.0,1.0,0.0,10.0,0.0,0.0,0.5,6.58,6.58,6.58,6.58,1.0,0.0,10.0,0.0,0.0,0.5,50.7,50.7,50.7,50.7,1.0,0.0,10.0,0.0,0.0,0.5,-201.7,-201.7,-201.7,-201.7,1.0,0.0,10.0,0.0,0.0,0.5,0.0,0.0,0.0,0.0,1.0,0.0,10.0,0.0,0.0,0.5,-141.8,-141.8,-141.8,-141.8,1.0,0.0,10.0,0.0,0.0,0.5,0.0,0.0,0.0,0.0,1.0,0.0,10.0,0.0,0.0,0.5,-50.7,-50.7,-50.7,-50.7,1.0,0.0,10.0,0.0,0.0,0.5,0.0,0.0,0.0,0.0,1.0,0.0,10.0,0.0,0.0,0.5,456.5,456.5,456.5,456.5,1.0,0.0,10.0,0.0,0.0,0.5,455.0,455.0,455.0,455.0,1.0,0.0,10.0,0.0,0.0,0.5
1974,2,172.0,10.0,25.6,25.6,25.6,25.6,3.0,0.0,22.0,0.3,0.5,0.4,27.03,27.1,27.17,27.1,2.0,0.14,24.0,0.0,0.4,0.3,19.17,19.45,19.73,19.45,2.0,0.58,24.0,0.0,0.4,0.3,84.9,86.5,88.1,86.5,2.0,3.3,24.0,0.0,0.3,4.56,7.7,8.79,6.7,3.0,3.22,22.0,0.3,0.5,0.4,-7.61,-6.67,-3.17,-5.42,3.0,3.43,22.0,0.3,0.5,0.4,-4.4,-3.85,-3.05,-3.73,3.0,0.99,22.0,0.3,0.5,0.4,1008.5,1008.5,1009.18,1008.83,3.0,0.58,22.0,0.3,0.5,0.4,0.3,1.0,2.4,1.3,3.0,1.5,22.0,0.3,0.5,0.4,-67.4,-51.3,-19.6,-43.7,3.0,35.7,22.0,0.3,0.5,0.4,-38.9,-29.6,-15.1,-27.1,3.0,17.6,22.0,0.3,0.5,0.4,-1.57,-1.5,-1.43,-1.5,2.0,0.14,24.0,0.0,0.4,0.3,-9.9,-7.9,-5.9,-7.9,2.0,4.1,24.0,0.0,0.4,0.3,0.86,1.14,1.43,1.14,2.0,0.58,24.0,0.0,0.4,0.3,5.0,5.2,5.5,5.2,2.0,0.6,24.0,0.0,0.4,0.3,-158.2,-111.1,-64.0,-111.1,2.0,97.5,24.0,0.0,0.4,0.3,-99.0,-88.5,-77.9,-88.5,2.0,21.9,24.0,0.0,0.4,0.3,-116.1,-81.0,-45.9,-81.0,2.0,72.8,24.0,0.0,0.4,0.3,-72.5,-63.8,-55.1,-63.8,2.0,17.9,24.0,0.0,0.4,0.3,-4.5,-3.6,-2.8,-3.6,2.0,1.7,24.0,0.0,0.4,0.3,-4.0,-3.5,-3.0,-3.5,2.0,1.0,24.0,0.0,0.4,0.3,165.0,456.5,694.0,430.0,3.0,388.0,22.0,0.3,0.5,0.4,165.0,455.0,695.0,430.0,3.0,390.0,22.0,0.3,0.5,0.4
1974,2,172.0,11.0,25.95,26.7,28.54,27.23,3.0,1.96,12.0,0.3,0.3,0.3,24.84,25.8,27.1,25.97,3.0,1.66,12.0,0.3,0.3,0.3,16.06,16.16,16.51,16.28,3.0,0.34,12.0,0.3,0.3,0.3,71.9,77.2,83.9,77.9,3.0,8.8,12.0,0.3,0.3,8.18,10.3,12.07,10.13,3.0,2.85,12.0,0.3,0.3,0.3,-10.7,-9.68,-6.84,-8.79,3.0,2.93,12.0,0.3,0.3,0.3,-5.87,-4.63,-3.87,-4.87,3.0,1.48,12.0,0.3,0.3,0.3,1006.8,1006.8,1008.85,1007.8,3.0,1.73,12.0,0.3,0.3,0.3,2.0,2.0,3.4,2.7,3.0,1.2,12.0,0.3,0.3,0.3,-130.0,-99.7,-58.7,-94.5,3.0,52.4,12.0,0.3,0.3,0.3,-68.3,-36.3,-34.3,-50.9,3.0,28.0,12.0,0.3,0.3,0.3,-0.75,-0.2,3.35,1.27,3.0,3.26,12.0,0.3,0.3,0.3,-9.5,-2.1,23.9,7.0,3.0,25.7,12.0,0.3,0.3,0.3,4.97,5.87,8.14,6.54,3.0,2.39,12.0,0.3,0.3,0.3,53.0,66.2,72.7,62.9,3.0,14.7,12.0,0.3,0.3,0.3,-290.5,-249.7,-171.1,-231.2,3.0,88.9,12.0,0.3,0.3,0.3,-157.8,-112.9,-97.9,-127.5,3.0,45.7,12.0,0.3,0.3,0.3,-172.5,-155.0,-112.0,-142.5,3.0,45.6,12.0,0.3,0.3,0.3,-95.7,-77.2,-63.0,-79.3,3.0,24.0,12.0,0.3,0.3,0.3,-60.9,-50.7,-46.2,-53.5,3.0,11.0,12.0,0.3,0.3,0.3,-41.1,-37.9,-23.0,-32.2,3.0,14.1,12.0,0.3,0.3,0.3,601.5,1092.5,1812.0,1204.0,3.0,892.0,12.0,0.3,0.3,0.3,600.0,1095.0,1810.0,1205.0,3.0,890.0,12.0,0.3,0.3,0.3
1974,2,172.0,14.0,26.3,26.3,26.3,26.3,1.0,0.0,12.0,1.0,0.6,0.7,26.73,27.65,28.57,27.65,2.0,1.91,8.0,1.0,0.3,0.6,15.43,15.43,15.43,15.43,1.0,0.0,12.0,1.0,0.6,0.7,72.6,72.6,72.6,72.6,1.0,0.0,12.0,1.0,0.7,4.67,5.9,7.13,5.9,2.0,2.55,8.0,1.0,0.3,0.6,-6.74,-5.67,-4.6,-5.67,2.0,2.22,8.0,1.0,0.3,0.6,-2.22,-1.32,-0.42,-1.32,2.0,1.86,8.0,1.0,0.3,0.6,1015.9,1015.9,1015.9,1015.9,1.0,0.0,12.0,1.0,0.6,0.7,2.2,2.5,2.8,2.5,2.0,0.7,8.0,1.0,0.3,0.6,-49.5,-36.3,-23.0,-36.3,2.0,27.5,8.0,1.0,0.3,0.6,-17.1,-10.1,-3.2,-10.1,2.0,14.3,8.0,1.0,0.3,0.6,0.0,0.0,0.0,0.0,1.0,0.0,12.0,1.0,0.6,0.7,0.0,0.0,0.0,0.0,1.0,0.0,12.0,1.0,0.6,0.7,5.89,5.89,5.89,5.89,1.0,0.0,12.0,1.0,0.6,0.7,45.3,45.3,45.3,45.3,1.0,0.0,12.0,1.0,0.6,0.7,-179.0,-154.6,-130.2,-154.6,2.0,50.5,8.0,1.0,0.3,0.6,-58.3,-34.6,-11.0,-34.6,2.0,49.0,8.0,1.0,0.3,0.6,-111.7,-111.7,-111.7,-111.7,1.0,0.0,12.0,1.0,0.6,0.7,-40.6,-40.6,-40.6,-40.6,1.0,0.0,12.0,1.0,0.6,0.7,-42.6,-42.6,-42.6,-42.6,1.0,0.0,12.0,1.0,0.6,0.7,-15.5,-15.5,-15.5,-15.5,1.0,0.0,12.0,1.0,0.6,0.7,130.5,262.5,395.0,262.5,2.0,274.0,8.0,1.0,0.3,0.6,130.0,265.0,395.0,265.0,2.0,275.0,8.0,1.0,0.3,0.6
1974,2,172.0,16.0,27.2,27.2,27.2,27.2,1.0,0.0,14.0,1.0,0.0,0.3,26.5,26.5,26.5,26.5,1.0,0.0,14.0,1.0,0.0,0.3,16.47,16.47,16.47,16.47,1.0,0.0,14.0,1.0,0.0,0.3,76.3,76.3,76.3,76.3,1.0,0.0,14.0,1.0,0.3,11.3,11.3,11.3,11.3,1.0,0.0,14.0,1.0,0.0,0.3,-11.13,-11.13,-11.13,-11.13,1.0,0.0,14.0,1.0,0.0,0.3,-1.96,-1.96,-1.96,-1.96,1.0,0.0,14.0,1.0,0.0,0.3,1012.5,1012.5,1012.5,1012.5,1.0,0.0,14.0,1.0,0.0,0.3,1.0,1.0,1.0,1.0,1.0,0.0,14.0,1.0,0.0,0.3,-125.7,-125.7,-125.7,-125.7,1.0,0.0,14.0,1.0,0.0,0.3,-22.2,-22.2,-22.2,-22.2,1.0,0.0,14.0,1.0,0.0,0.3,0.7,0.7,0.7,0.7,1.0,0.0,14.0,1.0,0.0,0.3,7.9,7.9,7.9,7.9,1.0,0.0,14.0,1.0,0.0,0.3,6.1,6.1,6.1,6.1,1.0,0.0,14.0,1.0,0.0,0.3,69.0,69.0,69.0,69.0,1.0,0.0,14.0,1.0,0.0,0.3,-294.9,-294.9,-294.9,-294.9,1.0,0.0,14.0,1.0,0.0,0.3,-52.0,-52.0,-52.0,-52.0,1.0,0.0,14.0,1.0,0.0,0.3,-183.3,-183.3,-183.3,-183.3,1.0,0.0,14.0,1.0,0.0,0.3,-32.3,-32.3,-32.3,-32.3,1.0,0.0,14.0,1.0,0.0,0.3,-67.9,-67.9,-67.9,-67.9,1.0,0.0,14.0,1.0,0.0,0.3,-12.0,-12.0,-12.0,-12.0,1.0,0.0,14.0,1.0,0.0,0.3,1443.0,1443.0,1443.0,1443.0,1.0,0.0,14.0,1.0,0.0,0.3,1445.0,1445.0,1445.0,1445.0,1.0,0.0,14.0,1.0,0.0,0.3
1974,2,172.0,17.0,26.16,26.3,27.05,26.62,5.0,0.79,16.0,0.2,0.4,0.3,25.32,25.6,26.44,25.86,5.0,0.83,16.0,0.2,0.4,0.3,15.68,16.71,17.28,16.49,4.0,1.01,12.0,0.0,0.3,0.3,75.9,81.1,86.4,81.2,4.0,6.3,12.0,0.0,0.3,6.94,7.7,8.46,7.7,4.0,0.91,12.0,0.0,0.3,0.3,-8.13,-7.42,-6.68,-7.4,4.0,0.84,12.0,0.0,0.3,0.3,-1.97,-1.29,1.0,-0.52,4.0,2.4,12.0,0.0,0.3,0.3,1013.58,1014.6,1015.2,1014.4,4.0,0.98,12.0,0.0,0.3,0.3,2.6,3.0,6.4,4.2,5.0,2.2,16.0,0.2,0.4,0.3,-68.8,-57.5,-46.4,-57.6,4.0,13.1,12.0,0.0,0.3,0.3,-14.8,-9.7,9.9,-2.8,4.0,19.6,12.0,0.0,0.3,0.3,0.5,0.7,0.98,0.76,5.0,0.33,16.0,0.2,0.4,0.3,3.8,5.0,7.6,5.7,4.0,2.6,12.0,0.0,0.3,0.3,4.02,4.72,5.66,4.83,4.0,0.97,12.0,0.0,0.3,0.3,30.9,34.6,44.1,37.4,4.0,10.0,12.0,0.0,0.3,0.3,-207.7,-188.7,-170.3,-189.0,4.0,21.6,12.0,0.0,0.3,0.3,-49.5,-33.3,25.5,-13.0,4.0,61.0,12.0,0.0,0.3,0.3,-131.8,-120.8,-112.0,-121.9,4.0,13.3,12.0,0.0,0.3,0.3,-34.1,-21.7,14.7,-10.2,4.0,38.3,12.0,0.0,0.3,0.3,-42.3,-34.1,-29.7,-35.9,4.0,9.1,12.0,0.0,0.3,0.3,-8.1,-6.0,6.5,-1.0,4.0,12.6,12.0,0.0,0.3,0.3,335.5,462.5,607.5,471.0,4.0,163.5,12.0,0.0,0.3,0.3,335.0,460.0,605.0,470.0,4.0,165.0,12.0,0.0,0.3,0.3
1974,2,172.0,18.0,25.5,26.7,26.86,26.2,4.0,1.21,16.0,0.8,0.3,0.5,25.24,26.1,26.7,25.98,4.0,0.86,16.0,0.8,0.3,0.5,15.2,15.93,16.79,15.99,4.0,0.96,16.0,0.8,0.3,0.5,74.6,76.8,78.4,76.5,4.0,2.2,16.0,0.8,0.5,5.62,6.95,10.16,7.85,4.0,3.22,16.0,0.8,0.3,0.5,-8.43,-5.32,-0.21,-4.37,4.0,6.1,16.0,0.8,0.3,0.5,-5.6,-4.47,-0.18,-2.96,4.0,4.26,16.0,0.8,0.3,0.5,1012.3,1014.6,1016.01,1014.18,4.0,2.32,16.0,0.8,0.3,0.5,1.3,2.0,4.0,2.7,3.0,2.1,14.0,0.7,0.3,0.6,-91.4,-37.4,-3.6,-47.0,4.0,63.8,16.0,0.8,0.3,0.5,-58.4,-31.4,-3.0,-30.7,4.0,38.6,16.0,0.8,0.3,0.5,-1.2,0.75,1.6,0.23,4.0,1.85,16.0,0.8,0.3,0.5,-9.3,5.3,14.8,2.9,4.0,15.7,16.0,0.8,0.3,0.5,3.66,5.61,6.87,5.28,4.0,2.06,16.0,0.8,0.3,0.5,22.2,32.2,66.3,43.7,4.0,32.3,16.0,0.8,0.3,0.5,-218.4,-138.1,-1.9,-111.4,4.0,158.2,16.0,0.8,0.3,0.5,-145.7,-115.9,-1.6,-75.6,4.0,111.3,16.0,0.8,0.3,0.5,-130.5,-85.1,0.1,-66.1,4.0,96.1,16.0,0.8,0.3,0.5,-87.4,-71.4,0.1,-44.9,4.0,68.6,16.0,0.8,0.3,0.5,-55.5,-22.9,2.6,-26.3,4.0,40.3,16.0,0.8,0.3,0.5,-35.8,-19.2,2.2,-16.9,4.0,25.6,16.0,0.8,0.3,0.5,183.0,347.5,1216.0,683.5,4.0,826.5,16.0,0.8,0.3,0.5,185.0,345.0,1215.0,685.0,4.0,825.0,16.0,0.8,0.3,0.5
1974,2,172.0,19.0,24.59,28.0,28.55,26.6,3.0,3.14,12.0,0.7,0.2,0.5,25.37,27.25,29.13,27.25,2.0,3.89,12.0,1.0,0.3,0.3,16.16,16.43,16.7,16.43,2.0,0.55,12.0,1.0,0.3,0.3,66.7,73.6,80.6,73.6,2.0,14.5,12.0,1.0,0.3,5.11,6.2,7.22,6.17,3.0,1.55,12.0,0.7,0.2,0.5,-6.2,-3.99,-3.98,-5.07,3.0,1.88,12.0,0.7,0.2,0.5,-4.08,-2.63,-2.41,-3.23,3.0,1.33,12.0,0.7,0.2,0.5,1010.88,1012.35,1013.82,1012.35,2.0,3.04,12.0,1.0,0.3,0.3,3.3,4.0,4.0,3.7,3.0,0.6,12.0,0.7,0.2,0.5,-45.9,-24.7,-20.4,-32.9,3.0,20.0,12.0,0.7,0.2,0.5,-26.5,-20.3,-13.7,-20.1,3.0,9.4,12.0,0.7,0.2,0.5,-0.45,1.15,2.75,1.15,2.0,3.32,12.0,1.0,0.3,0.3,-0.4,10.7,21.8,10.7,2.0,23.0,12.0,1.0,0.3,0.3,7.66,7.82,7.98,7.82,2.0,0.33,12.0,1.0,0.3,0.3,40.5,47.7,55.0,47.7,2.0,15.1,12.0,1.0,0.3,0.3,-168.1,-148.4,-128.7,-148.4,2.0,40.8,12.0,1.0,0.3,0.3,-68.3,-66.8,-65.2,-66.8,2.0,3.2,12.0,1.0,0.3,0.3,-108.3,-91.5,-74.8,-91.5,2.0,34.7,12.0,1.0,0.3,0.3,-41.7,-40.5,-39.3,-40.5,2.0,2.5,12.0,1.0,0.3,0.3,-51.3,-43.5,-35.7,-43.5,2.0,16.1,12.0,1.0,0.3,0.3,-19.8,-19.3,-18.8,-19.3,2.0,1.0,12.0,1.0,0.3,0.3,142.0,238.5,387.5,264.0,3.0,181.0,12.0,0.7,0.2,0.5,140.0,240.0,385.0,265.0,3.0,180.0,12.0,0.7,0.2,0.5
1974,2,172.0,20.0,25.6,25.6,25.6,25.6,1.0,0.0,28.0,1.0,0.5,0.8,27.07,27.85,28.63,27.85,2.0,1.63,16.0,1.0,0.6,0.5,15.81,15.81,15.81,15.81,1.0,0.0,28.0,1.0,0.5,0.8,72.3,72.3,72.3,72.3,1.0,0.0,28.0,1.0,0.8,1.9,4.9,7.9,4.9,2.0,6.22,16.0,1.0,0.6,0.5,-0.32,-0.19,-0.06,-0.19,2.0,0.27,16.0,1.0,0.6,0.5,1.21,4.49,7.77,4.49,2.0,6.8,16.0,1.0,0.6,0.5,1010.2,1010.2,1010.2,1010.2,1.0,0.0,28.0,1.0,0.5,0.8,2.0,2.0,2.0,2.0,1.0,0.0,4.0,1.0,0.8,0.3,-0.2,-0.1,0.0,-0.1,2.0,0.1,16.0,1.0,0.6,0.5,13.6,43.2,72.7,43.2,2.0,61.3,16.0,1.0,0.6,0.5,-1.1,-1.1,-1.1,-1.1,1.0,0.0,28.0,1.0,0.5,0.8,-10.2,-10.2,-10.2,-10.2,1.0,0.0,28.0,1.0,0.5,0.8,4.75,4.75,4.75,4.75,1.0,0.0,28.0,1.0,0.5,0.8,44.2,44.2,44.2,44.2,1.0,0.0,28.0,1.0,0.5,0.8,-9.3,-5.6,-1.8,-5.6,2.0,7.9,16.0,1.0,0.6,0.5,31.6,119.5,207.4,119.5,2.0,182.2,16.0,1.0,0.6,0.5,0.0,0.0,0.0,0.0,1.0,0.0,28.0,1.0,0.5,0.8,147.1,147.1,147.1,147.1,1.0,0.0,28.0,1.0,0.5,0.8,0.0,0.0,0.0,0.0,1.0,0.0,28.0,1.0,0.5,0.8,44.2,44.2,44.2,44.2,1.0,0.0,28.0,1.0,0.5,0.8,128.0,402.0,676.5,402.0,2.0,568.5,16.0,1.0,0.6,0.5,130.0,400.0,675.0,400.0,2.0,570.0,16.0,1.0,0.6,0.5
1974,2,172.0,22.0,24.92,25.55,25.81,25.38,4.0,0.68,12.0,0.3,0.1,0.5,23.6,24.5,25.86,24.66,5.0,1.73,14.0,0.4,0.3,0.5,14.53,15.69,16.28,15.42,4.0,1.21,12.0,0.3,0.1,0.5,80.4,81.3,84.7,82.5,4.0,3.1,12.0,0.3,0.5,5.1,7.2,7.38,6.46,5.0,1.26,14.0,0.4,0.3,0.5,-6.73,-4.42,1.43,-2.87,5.0,4.75,14.0,0.4,0.3,0.5,2.11,3.28,4.91,3.59,5.0,2.2,14.0,0.4,0.3,0.5,1009.18,1013.75,1016.01,1012.65,4.0,4.91,12.0,0.3,0.1,0.5,2.0,3.0,4.4,3.2,5.0,1.3,14.0,0.4,0.3,0.5,-49.8,-22.5,7.3,-21.2,5.0,32.0,14.0,0.4,0.3,0.5,12.0,16.7,35.4,23.6,5.0,16.9,14.0,0.4,0.3,0.5,0.9,1.1,1.72,1.3,4.0,0.62,12.0,0.3,0.1,0.5,5.6,6.1,11.2,8.3,4.0,5.0,12.0,0.3,0.1,0.5,4.4,4.96,5.24,4.82,4.0,0.64,12.0,0.3,0.1,0.5,22.6,31.7,38.6,30.7,4.0,9.4,12.0,0.3,0.1,0.5,-176.7,-107.8,35.0,-74.3,5.0,120.5,14.0,0.4,0.3,0.5,51.8,80.3,120.1,86.7,5.0,47.2,14.0,0.4,0.3,0.5,-98.3,-36.5,31.5,-33.6,4.0,79.9,12.0,0.3,0.1,0.5,31.3,46.3,75.9,53.3,4.0,32.9,12.0,0.3,0.1,0.5,-27.8,-8.7,10.2,-8.8,4.0,24.3,12.0,0.3,0.1,0.5,8.2,13.2,28.4,18.1,4.0,14.7,12.0,0.3,0.1,0.5,132.5,373.0,403.5,293.5,5.0,151.0,14.0,0.4,0.3,0.5,135.0,375.0,405.0,295.0,5.0,150.0,14.0,0.4,0.3,0.5
1974,2,172.0,23.0,23.9,23.9,23.9,23.9,1.0,0.0,26.0,0.0,0.2,0.4,21.19,21.6,22.01,21.6,2.0,0.85,20.0,0.0,0.4,0.4,14.45,14.45,14.45,14.45,1.0,0.0,26.0,0.0,0.2,0.4,86.3,86.3,86.3,86.3,1.0,0.0,26.0,0.0,0.4,6.08,8.2,10.32,8.2,2.0,4.38,20.0,0.0,0.4,0.4,-8.75,-3.25,2.24,-3.25,2.0,11.38,20.0,0.0,0.4,0.4,-1.47,-0.87,-0.28,-0.87,2.0,1.23,20.0,0.0,0.4,0.4,1008.2,1010.55,1012.91,1010.55,2.0,4.88,20.0,0.0,0.4,0.4,5.2,5.5,5.8,5.5,2.0,0.7,20.0,0.0,0.4,0.4,-103.5,-51.6,0.3,-51.6,2.0,107.6,20.0,0.0,0.4,0.4,-7.5,-4.4,-1.4,-4.4,2.0,6.3,20.0,0.0,0.4,0.4,1.7,1.7,1.7,1.7,1.0,0.0,26.0,0.0,0.2,0.4,19.2,19.2,19.2,19.2,1.0,0.0,26.0,0.0,0.2,0.4,4.16,4.16,4.16,4.16,1.0,0.0,26.0,0.0,0.2,0.4,47.0,47.0,47.0,47.0,1.0,0.0,26.0,0.0,0.2,0.4,-195.1,-75.1,44.9,-75.1,2.0,248.5,20.0,0.0,0.4,0.4,-30.8,-18.3,-5.8,-18.3,2.0,25.9,20.0,0.0,0.4,0.4,-163.3,-163.3,-163.3,-163.3,1.0,0.0,26.0,0.0,0.2,0.4,0.0,0.0,0.0,0.0,1.0,0.0,26.0,0.0,0.2,0.4,-47.0,-47.0,-47.0,-47.0,1.0,0.0,26.0,0.0,0.2,0.4,0.0,0.0,0.0,0.0,1.0,0.0,26.0,0.0,0.2,0.4,340.5,788.0,1235.0,788.0,2.0,926.5,20.0,0.0,0.4,0.4,340.0,790.0,1235.0,790.0,2.0,925.0,20.0,0.0,0.4,0.4
1974,2,172.0,24.0,23.19,23.5,23.94,23.54,5.0,0.42,16.0,0.6,0.4,0.7,20.5,22.0,23.92,22.26,7.0,1.56,16.0,0.7,0.4,0.5,12.61,13.49,14.79,13.69,4.0,1.32,16.0,0.5,0.2,0.6,78.7,82.9,84.3,81.6,4.0,4.5,16.0,0.5,0.6,2.58,7.2,9.19,7.64,7.0,5.64,16.0,0.7,0.4,0.5,-7.09,-2.85,-0.01,-2.29,7.0,5.64,16.0,0.7,0.4,0.5,-5.55,0.0,2.0,-3.02,7.0,7.17,16.0,0.7,0.4,0.5,1010.48,1016.6,1018.22,1014.62,5.0,4.54,16.0,0.6,0.4,0.7,4.8,5.0,7.0,5.3,7.0,2.1,16.0,0.7,0.4,0.5,-61.3,-16.2,2.5,-25.1,7.0,61.7,16.0,0.7,0.4,0.5,-48.2,0.0,6.8,-54.5,7.0,126.7,16.0,0.7,0.4,0.5,-0.4,2.5,2.68,1.38,5.0,1.82,16.0,0.6,0.4,0.7,-1.0,18.0,33.0,17.4,5.0,20.4,16.0,0.6,0.4,0.7,3.37,4.33,5.16,4.27,4.0,1.04,16.0,0.5,0.2,0.6,18.2,35.3,71.2,44.3,4.0,37.8,16.0,0.5,0.2,0.6,-145.9,-65.5,-0.6,-45.1,7.0,126.4,16.0,0.7,0.4,0.5,-125.6,0.0,44.3,-61.5,7.0,149.4,16.0,0.7,0.4,0.5,-86.1,-43.8,66.7,-11.3,4.0,103.4,16.0,0.5,0.2,0.6,-141.7,-26.2,19.1,-59.7,4.0,114.7,16.0,0.5,0.2,0.6,-35.2,-17.4,13.9,-11.0,4.0,30.4,16.0,0.5,0.2,0.6,-58.0,-10.7,4.8,-25.9,4.0,45.4,16.0,0.5,0.2,0.6,17.0,373.0,955.0,1236.5,7.0,2492.0,16.0,0.7,0.4,0.5,15.0,375.0,955.0,1235.0,7.0,2490.0,16.0,0.7,0.4,0.5
1974,2,172.0,25.0,21.13,22.9,23.5,22.61,14.0,1.29,18.0,0.5,0.4,0.5,18.5,20.5,23.0,20.85,15.0,2.52,16.0,0.5,0.4,0.6,9.15,10.25,14.5,11.65,13.0,3.05,16.0,0.5,0.4,0.6,67.2,77.5,86.2,76.1,13.0,10.4,16.0,0.5,0.6,3.35,5.1,16.88,8.5,12.0,6.44,16.0,0.6,0.5,0.6,-7.27,-2.57,1.45,-3.06,12.0,7.03,16.0,0.6,0.5,0.6,-7.49,0.0,4.05,-2.52,12.0,7.32,16.0,0.6,0.5,0.6,1012.5,1015.75,1019.97,1016.21,14.0,3.76,18.0,0.5,0.4,0.5,2.0,3.0,6.8,3.9,15.0,2.3,16.0,0.5,0.4,0.6,-68.3,-9.9,5.5,-29.6,12.0,119.5,16.0,0.6,0.5,0.6,-86.0,0.0,22.0,-47.2,12.0,126.1,16.0,0.6,0.5,0.6,0.0,1.35,4.99,1.99,14.0,3.06,18.0,0.5,0.4,0.5,-4.5,4.4,57.4,20.0,11.0,41.2,18.0,0.5,0.5,0.6,1.73,6.06,8.85,5.47,13.0,3.8,16.0,0.5,0.4,0.6,8.7,18.8,111.4,45.9,10.0,59.7,16.0,0.5,0.5,0.7,-159.8,-54.5,36.0,-66.6,12.0,145.9,16.0,0.6,0.5,0.6,-151.3,0.0,92.1,-43.3,12.0,140.4,16.0,0.6,0.5,0.6,-76.9,-31.1,7.1,-41.2,10.0,90.0,16.0,0.5,0.5,0.7,-115.6,-11.9,40.1,-30.7,10.0,82.8,16.0,0.5,0.5,0.7,-19.7,-11.7,-0.5,-5.0,10.0,32.0,16.0,0.5,0.5,0.7,-93.3,-6.4,0.0,-33.4,10.0,60.2,16.0,0.5,0.5,0.7,39.5,132.5,4833.0,1764.0,12.0,2797.0,16.0,0.6,0.5,0.6,40.0,135.0,4835.0,1765.0,12.0,2795.0,16.0,0.6,0.5,0.6
1974,2,172.0,26.0,20.22,22.0,23.0,21.65,15.0,1.31,16.0,0.3,0.4,0.3,18.82,20.8,22.03,20.56,18.0,1.75,14.0,0.3,0.4,0.3,9.52,12.62,14.19,12.01,17.0,2.39,16.0,0.3,0.4,0.3,68.3,85.8,91.1,80.7,17.0,13.5,16.0,0.3,0.3,3.41,9.8,13.63,8.84,17.0,5.18,14.0,0.3,0.5,0.4,-9.59,0.0,5.36,-1.63,17.0,7.88,14.0,0.3,0.5,0.4,-8.17,0.0,8.0,0.47,17.0,6.68,14.0,0.3,0.5,0.4,1012.2,1014.4,1016.3,1014.26,18.0,2.43,16.0,0.3,0.4,0.3,3.0,6.0,7.5,5.8,17.0,2.0,14.0,0.4,0.4,0.4,-120.4,0.0,56.4,-30.3,17.0,117.7,14.0,0.3,0.5,0.4,-92.0,0.0,69.8,-4.9,17.0,76.3,14.0,0.3,0.5,0.4,0.0,1.6,3.56,1.51,15.0,1.76,16.0,0.3,0.4,0.3,-0.1,10.3,29.6,14.3,13.0,18.8,16.0,0.2,0.4,0.4,1.73,4.42,6.63,3.99,15.0,2.37,16.0,0.3,0.4,0.3,8.5,37.0,62.4,38.4,13.0,30.4,16.0,0.2,0.4,0.4,-207.2,0.0,100.7,-40.8,16.0,160.6,14.0,0.3,0.5,0.3,-155.4,0.0,152.4,6.5,16.0,133.0,14.0,0.3,0.5,0.3,-157.7,0.0,56.3,-29.8,15.0,104.9,14.0,0.2,0.4,0.3,-90.7,0.0,87.9,-3.2,15.0,75.8,14.0,0.2,0.4,0.3,-31.6,-1.2,31.1,-1.8,13.0,35.2,16.0,0.2,0.4,0.4,-33.4,0.0,10.8,-5.6,13.0,35.3,16.0,0.2,0.4,0.4,45.5,941.0,2535.0,1363.0,17.0,1720.0,14.0,0.3,0.5,0.4,45.0,940.0,2535.0,1365.0,17.0,1720.0,14.0,0.3,0.5,0.4
1974,2,172.0,27.0,19.69,21.0,22.0,20.93,23.0,1.58,14.0,0.3,0.5,0.5,17.5,20.0,23.0,20.07,23.0,2.71,14.0,0.3,0.5,0.5,7.75,11.52,12.75,10.38,20.0,2.37,14.0,0.4,0.6,0.5,60.3,72.3,87.1,73.3,20.0,13.1,14.0,0.4,0.5,4.1,6.7,11.55,7.53,23.0,4.18,14.0,0.3,0.5,0.5,-4.24,0.0,6.1,0.2,23.0,6.15,14.0,0.3,0.5,0.5,-7.61,0.0,5.44,0.0,23.0,6.23,14.0,0.3,0.5,0.5,1011.84,1014.8,1020.75,1015.44,23.0,5.0,14.0,0.3,0.5,0.5,2.0,6.0,7.0,4.6,21.0,2.6,14.0,0.4,0.5,0.5,-27.3,0.0,65.7,0.9,23.0,82.3,14.0,0.3,0.5,0.5,-68.5,0.0,40.9,-5.4,23.0,66.1,14.0,0.3,0.5,0.5,-1.45,1.5,2.6,0.86,23.0,2.17,14.0,0.3,0.5,0.5,-12.1,10.1,24.5,6.7,23.0,17.9,14.0,0.3,0.5,0.5,2.98,4.88,7.14,4.94,20.0,2.05,14.0,0.4,0.6,0.5,13.4,34.2,48.4,35.8,20.0,24.8,14.0,0.4,0.6,0.5,-87.1,0.0,127.4,6.9,23.0,125.4,14.0,0.3,0.5,0.5,-132.7,0.0,122.9,9.9,23.0,123.9,14.0,0.3,0.5,0.5,-51.1,-6.0,74.0,-5.7,20.0,70.1,14.0,0.4,0.6,0.5,-72.4,0.0,73.0,1.3,20.0,73.4,14.0,0.4,0.6,0.5,-23.3,-4.2,21.8,1.0,20.0,30.0,14.0,0.4,0.6,0.5,-40.5,0.0,24.1,-6.5,20.0,31.9,14.0,0.4,0.6,0.5,69.0,301.0,1544.5,833.0,23.0,1287.5,14.0,0.3,0.5,0.5,70.0,300.0,1545.0,835.0,23.0,1285.0,14.0,0.3,0.5,0.5
1974,2,172.0,28.0,17.99,19.0,21.74,19.47,9.0,1.82,12.0,0.4,0.5,0.5,17.72,20.0,22.41,19.96,11.0,2.34,12.0,0.5,0.5,0.5,8.48,10.97,11.97,9.95,8.0,2.69,12.0,0.4,0.5,0.5,68.1,76.2,82.9,72.8,8.0,17.2,12.0,0.4,0.5,4.06,5.7,6.41,6.17,11.0,3.64,12.0,0.5,0.5,0.5,-3.33,1.16,2.7,-0.48,11.0,5.29,12.0,0.5,0.5,0.5,-5.37,-3.1,4.72,-0.96,11.0,5.09,12.0,0.5,0.5,0.5,1013.27,1014.95,1018.53,1015.53,10.0,2.67,10.0,0.5,0.4,0.5,3.0,7.0,7.7,5.7,9.0,2.3,12.0,0.6,0.5,0.5,-14.2,5.7,14.4,-16.3,11.0,74.2,12.0,0.5,0.5,0.5,-30.2,-15.8,24.2,-13.2,11.0,48.4,12.0,0.5,0.5,0.5,-2.83,0.0,2.58,-0.04,9.0,2.98,12.0,0.4,0.5,0.5,-12.0,0.0,22.2,2.2,9.0,19.8,12.0,0.4,0.5,0.5,1.33,3.04,5.87,4.03,8.0,3.97,12.0,0.4,0.5,0.5,4.1,20.4,66.3,28.7,8.0,29.1,12.0,0.4,0.5,0.5,-59.3,23.3,55.5,-2.4,11.0,95.6,12.0,0.5,0.5,0.5,-99.6,-65.2,103.6,-14.5,11.0,99.2,12.0,0.5,0.5,0.5,-28.2,7.0,24.6,-7.0,8.0,57.4,12.0,0.4,0.5,0.5,-51.9,-26.4,62.0,-10.3,8.0,57.1,12.0,0.4,0.5,0.5,-48.6,0.0,3.3,-13.2,8.0,28.7,12.0,0.4,0.5,0.5,-36.1,-14.4,8.4,-15.1,8.0,22.4,12.0,0.4,0.5,0.5,67.0,185.0,264.0,552.0,11.0,1310.0,12.0,0.5,0.5,0.5,65.0,185.0,265.0,550.0,11.0,1310.0,12.0,0.5,0.5,0.5
1974,2,172.0,29.0,17.32,18.8,20.48,19.01,8.0,1.47,14.0,0.1,0.4,0.5,16.1,18.1,22.61,18.69,8.0,2.96,14.0,0.1,0.4,0.5,7.63,8.34,9.16,8.41,6.0,1.01,16.0,0.2,0.5,0.6,67.0,69.1,71.0,68.8,6.0,3.3,16.0,0.2,0.6,6.87,9.0,10.27,9.16,8.0,2.44,14.0,0.1,0.4,0.5,-5.89,0.58,6.84,0.96,8.0,5.69,14.0,0.1,0.4,0.5,-7.47,1.99,9.44,0.79,8.0,8.23,14.0,0.1,0.4,0.5,1011.97,1015.4,1018.89,1015.18,8.0,4.65,14.0,0.1,0.4,0.5,7.0,7.0,8.0,7.3,6.0,0.5,16.0,0.2,0.5,0.6,-60.6,3.9,55.0,-0.3,8.0,57.1,14.0,0.1,0.4,0.5,-76.0,12.4,90.3,-2.2,8.0,90.6,14.0,0.1,0.4,0.5,-1.83,0.75,2.13,0.33,8.0,1.92,14.0,0.1,0.4,0.5,-17.9,7.0,17.8,2.4,8.0,18.0,14.0,0.1,0.4,0.5,4.07,4.33,5.96,4.79,6.0,1.03,16.0,0.2,0.5,0.6,30.5,42.0,50.0,41.6,6.0,10.8,16.0,0.2,0.5,0.6,-94.8,10.6,111.1,20.7,8.0,97.2,14.0,0.1,0.4,0.5,-120.3,35.9,213.7,33.3,8.0,155.9,14.0,0.1,0.4,0.5,-52.3,25.8,56.9,12.8,6.0,56.2,16.0,0.2,0.5,0.6,-68.5,-14.5,39.7,-15.5,6.0,58.5,16.0,0.2,0.5,0.6,-28.8,17.5,33.1,8.3,6.0,31.2,16.0,0.2,0.5,0.6,-37.5,-12.0,25.8,-9.1,6.0,32.2,16.0,0.2,0.5,0.6,328.5,746.5,1082.5,920.0,8.0,781.5,14.0,0.1,0.4,0.5,330.0,745.0,1080.0,920.0,8.0,780.0,14.0,0.1,0.4,0.5
1974,2,172.0,30.0,17.0,18.5,20.0,18.39,25.0,1.63,14.0,0.2,0.4,0.4,15.14,17.1,20.36,17.47,28.0,2.5,14.0,0.3,0.4,0.4,8.23,10.12,13.86,10.44,24.0,2.59,14.0,0.3,0.4,0.4,71.8,85.8,95.3,84.0,24.0,10.9,14.0,0.3,0.4,5.27,11.3,13.97,10.29,28.0,4.05,14.0,0.3,0.4,0.4,-1.64,3.76,11.88,3.64,28.0,7.32,14.0,0.3,0.4,0.4,-4.75,0.0,11.98,2.28,28.0,7.32,14.0,0.3,0.4,0.4,1008.64,1013.25,1020.0,1014.19,28.0,5.0,14.0,0.3,0.4,0.4,2.8,7.0,8.0,5.5,25.0,2.5,14.0,0.3,0.4,0.4,-7.6,23.4,151.0,41.9,28.0,94.2,14.0,0.3,0.4,0.4,-63.5,0.0,150.9,30.2,28.0,98.7,14.0,0.3,0.4,0.4,-1.34,0.5,3.12,0.7,25.0,2.19,14.0,0.2,0.4,0.4,-18.0,2.9,24.1,3.0,25.0,23.4,14.0,0.2,0.4,0.4,-0.45,2.51,4.68,2.4,22.0,2.21,14.0,0.2,0.4,0.4,-5.8,18.2,46.3,21.6,22.0,26.4,14.0,0.2,0.4,0.4,-31.9,59.7,171.3,61.7,28.0,122.2,14.0,0.3,0.4,0.4,-69.2,0.0,258.5,51.1,28.0,142.6,14.0,0.3,0.4,0.4,-10.3,48.4,89.0,35.8,24.0,66.7,14.0,0.3,0.4,0.4,-32.4,0.0,178.8,41.3,24.0,94.2,14.0,0.3,0.4,0.4,-6.3,6.3,32.2,10.4,22.0,26.6,14.0,0.2,0.4,0.4,-21.3,0.0,8.0,-3.8,22.0,18.7,14.0,0.2,0.4,0.4,147.5,1443.0,2727.5,1551.5,28.0,1247.5,14.0,0.3,0.4,0.4,150.0,1445.0,2725.0,1550.0,28.0,1245.0,14.0,0.3,0.4,0.4
1974,2,172.0,31.0,16.16,18.0,18.93,17.61,15.0,1.57,16.0,0.5,0.5,0.3,13.54,16.5,18.78,16.34,17.0,2.32,14.0,0.6,0.5,0.3,7.75,9.56,11.27,9.43,15.0,1.94,14.0,0.5,0.5,0.4,67.5,87.9,91.7,82.1,15.0,13.2,14.0,0.5,0.4,6.7,8.2,12.5,9.52,17.0,3.39,14.0,0.6,0.5,0.3,-8.81,3.18,9.13,1.4,17.0,8.69,14.0,0.6,0.5,0.3,-6.21,0.0,5.56,0.08,17.0,5.5,14.0,0.6,0.5,0.3,1008.12,1014.0,1021.47,1014.31,17.0,6.15,14.0,0.6,0.5,0.3,4.0,7.0,8.0,6.3,15.0,2.1,16.0,0.5,0.6,0.4,-85.1,21.7,98.7,11.3,17.0,113.0,14.0,0.6,0.5,0.3,-45.2,0.0,48.6,-5.3,17.0,62.8,14.0,0.6,0.5,0.3,0.0,1.0,2.85,1.23,15.0,2.44,16.0,0.5,0.5,0.3,0.0,7.2,47.7,12.6,15.0,28.3,16.0,0.5,0.5,0.3,1.04,2.43,5.58,2.89,13.0,2.06,16.0,0.5,0.5,0.4,9.0,18.0,57.5,28.8,13.0,22.4,16.0,0.5,0.5,0.4,-147.4,61.1,127.9,17.1,17.0,139.4,14.0,0.6,0.5,0.3,-102.0,0.0,97.7,6.1,17.0,93.1,14.0,0.6,0.5,0.3,-73.4,35.6,77.2,11.0,15.0,84.4,14.0,0.5,0.5,0.4,-49.3,0.0,60.5,3.8,15.0,58.1,14.0,0.5,0.5,0.4,-8.6,10.6,52.9,15.8,13.0,26.8,16.0,0.5,0.5,0.4,-24.5,0.0,9.8,-3.3,13.0,19.9,16.0,0.5,0.5,0.4,301.0,551.5,2015.5,1209.0,17.0,1445.5,14.0,0.6,0.5,0.3,300.0,550.0,2015.0,1210.0,17.0,1445.0,14.0,0.6,0.5,0.3
1974,2,172.0,32.0,15.14,16.5,17.65,16.46,18.0,1.26,18.0,0.2,0.4,0.3,13.0,14.1,17.0,14.65,19.0,2.19,16.0,0.2,0.4,0.4,7.33,8.16,9.3,8.14,7.0,1.03,16.0,0.3,0.4,0.6,76.5,80.1,90.3,81.9,7.0,7.6,16.0,0.3,0.6,3.09,9.8,13.2,8.95,19.0,4.55,16.0,0.2,0.4,0.4,-1.45,2.63,8.21,2.4,19.0,6.96,16.0,0.2,0.4,0.4,-6.35,2.29,5.09,1.1,19.0,7.03,16.0,0.2,0.4,0.4,1011.77,1015.5,1025.06,1016.38,19.0,5.9,16.0,0.2,0.4,0.4,3.0,7.0,8.0,5.7,17.0,2.5,18.0,0.2,0.4,0.4,-7.1,20.3,85.3,18.4,19.0,88.0,16.0,0.2,0.4,0.4,-62.7,7.4,43.2,12.7,19.0,95.4,16.0,0.2,0.4,0.4,-0.58,2.25,3.24,1.91,18.0,2.27,18.0,0.2,0.4,0.3,-1.5,10.3,44.1,17.6,18.0,25.5,18.0,0.2,0.4,0.3,0.89,3.81,4.7,3.26,6.0,2.18,18.0,0.2,0.4,0.6,14.4,43.0,51.8,37.0,6.0,22.3,18.0,0.2,0.4,0.6,-18.8,36.4,123.1,34.4,19.0,102.7,16.0,0.2,0.4,0.4,-81.2,34.8,81.7,20.8,19.0,102.3,16.0,0.2,0.4,0.4,-121.1,26.6,51.4,-6.8,7.0,79.8,16.0,0.3,0.4,0.6,-54.6,-44.1,25.0,-7.5,7.0,77.4,16.0,0.3,0.4,0.6,-16.8,9.7,24.3,1.0,6.0,33.7,18.0,0.2,0.4,0.6,-40.3,-24.5,3.4,-19.4,6.0,23.6,18.0,0.2,0.4,0.6,29.5,941.0,2323.0,1241.0,19.0,1345.0,16.0,0.2,0.4,0.4,30.0,940.0,2325.0,1240.0,19.0,1345.0,16.0,0.2,0.4,0.4
1974,2,172.0,33.0,15.0,16.0,17.35,16.17,25.0,1.38,16.0,0.4,0.4,0.3,12.13,14.7,16.5,14.43,27.0,2.18,16.0,0.4,0.4,0.3,6.62,7.4,9.73,7.86,22.0,1.54,16.0,0.4,0.4,0.4,69.4,77.8,83.6,76.6,22.0,9.1,16.0,0.4,0.4,2.66,10.3,17.37,10.03,27.0,6.15,16.0,0.4,0.4,0.3,-5.3,5.52,11.73,3.88,27.0,8.55,16.0,0.4,0.4,0.3,-9.24,0.0,3.57,-1.25,27.0,7.2,16.0,0.4,0.4,0.3,1008.06,1014.5,1019.44,1013.9,27.0,5.91,16.0,0.4,0.4,0.3,1.0,5.0,8.0,4.7,26.0,3.0,18.0,0.4,0.4,0.3,-66.6,38.9,194.9,62.6,27.0,133.0,16.0,0.4,0.4,0.3,-122.0,0.0,25.3,-27.0,27.0,111.1,16.0,0.4,0.4,0.3,-0.6,2.0,3.69,1.71,25.0,2.08,16.0,0.4,0.4,0.3,-3.2,16.8,55.6,22.9,25.0,31.1,16.0,0.4,0.4,0.3,2.14,3.71,4.82,3.57,22.0,1.38,16.0,0.4,0.4,0.4,6.8,23.0,74.1,33.5,22.0,29.3,16.0,0.4,0.4,0.4,-85.1,79.3,165.6,49.4,27.0,113.6,16.0,0.4,0.4,0.3,-109.0,0.0,58.1,-9.5,27.0,101.2,16.0,0.4,0.4,0.3,-22.0,46.6,93.0,30.8,22.0,58.8,16.0,0.4,0.4,0.4,-33.2,0.0,41.4,3.6,22.0,57.8,16.0,0.4,0.4,0.4,-7.2,9.2,54.5,16.0,22.0,35.1,16.0,0.4,0.4,0.4,-18.2,0.0,12.3,-2.4,22.0,23.0,16.0,0.4,0.4,0.4,19.0,1092.5,5250.0,2088.0,27.0,2293.0,16.0,0.4,0.4,0.3,20.0,1095.0,5250.0,2090.0,27.0,2295.0,16.0,0.4,0.4,0.3
1974,2,172.0,34.0,15.32,16.0,16.15,15.78,5.0,0.54,12.0,0.0,0.5,0.6,12.76,13.0,14.62,13.68,6.0,1.72,10.0,0.0,0.5,0.6,6.35,6.64,9.15,7.71,5.0,2.15,10.0,0.0,0.6,0.6,68.6,72.1,89.9,78.1,5.0,11.8,10.0,0.0,0.6,6.77,10.8,17.21,11.48,6.0,5.24,10.0,0.0,0.5,0.6,-0.96,3.8,13.27,5.88,6.0,7.56,10.0,0.0,0.5,0.6,-5.45,0.49,9.85,2.28,6.0,8.99,10.0,0.0,0.5,0.6,1001.14,1009.9,1020.24,1010.13,6.0,11.16,10.0,0.0,0.5,0.6,4.6,6.0,8.0,6.0,6.0,2.0,10.0,0.0,0.5,0.6,-5.4,46.7,184.1,91.3,6.0,125.3,10.0,0.0,0.5,0.6,-31.4,15.3,118.2,52.1,6.0,124.4,10.0,0.0,0.5,0.6,0.54,3.0,3.37,1.96,5.0,2.29,12.0,0.0,0.5,0.6,-5.9,21.6,35.2,14.3,5.0,29.6,12.0,0.0,0.5,0.6,1.19,4.09,4.92,3.1,4.0,2.66,10.0,0.0,0.6,0.6,8.2,32.9,48.6,28.6,4.0,30.2,10.0,0.0,0.6,0.6,-13.2,53.5,171.6,77.5,6.0,97.6,10.0,0.0,0.5,0.6,-74.8,6.5,136.7,38.9,6.0,139.6,10.0,0.0,0.5,0.6,18.5,36.5,92.6,51.3,5.0,46.8,10.0,0.0,0.6,0.6,-25.2,20.0,109.8,43.1,5.0,91.8,10.0,0.0,0.6,0.6,-4.2,6.6,38.6,16.7,4.0,30.2,10.0,0.0,0.6,0.6,-23.9,-11.2,8.8,-7.7,4.0,25.3,10.0,0.0,0.6,0.6,323.5,1332.5,5103.0,2319.5,6.0,2455.0,10.0,0.0,0.5,0.6,325.0,1335.0,5105.0,2320.0,6.0,2455.0,10.0,0.0,0.5,0.6
1974,2,172.0,35.0,13.3,14.5,15.37,14.42,5.0,1.16,18.0,0.6,0.4,0.4,9.82,11.9,11.94,11.06,5.0,1.21,18.0,0.6,0.4,0.4,6.2,6.57,7.0,6.66,5.0,0.63,18.0,0.6,0.4,0.4,71.9,76.5,92.3,81.7,5.0,12.2,18.0,0.6,0.4,9.57,13.9,16.41,13.2,5.0,5.34,18.0,0.6,0.4,0.4,7.04,13.69,15.82,11.58,5.0,7.14,18.0,0.6,0.4,0.4,-6.19,-4.04,-2.42,-4.33,5.0,2.04,18.0,0.6,0.4,0.4,995.46,1012.3,1016.76,1007.88,5.0,12.67,18.0,0.6,0.4,0.4,4.0,6.0,7.4,5.8,5.0,1.8,18.0,0.6,0.4,0.4,83.1,190.3,268.2,182.6,5.0,144.0,18.0,0.6,0.4,0.4,-83.2,-34.0,-33.2,-58.6,5.0,48.8,18.0,0.6,0.4,0.4,1.4,3.0,5.23,3.36,5.0,2.18,18.0,0.6,0.4,0.4,18.6,19.6,82.5,45.1,5.0,36.6,18.0,0.6,0.4,0.4,3.06,3.27,4.27,3.61,5.0,0.85,18.0,0.6,0.4,0.4,37.0,45.8,56.2,45.3,5.0,14.1,18.0,0.6,0.4,0.4,66.9,162.9,174.8,125.2,5.0,76.9,18.0,0.6,0.4,0.4,-69.2,-38.3,-28.9,-47.0,5.0,20.9,18.0,0.6,0.4,0.4,46.3,84.9,109.0,78.6,5.0,53.3,18.0,0.6,0.4,0.4,-43.7,-26.6,-15.0,-29.7,5.0,16.7,18.0,0.6,0.4,0.4,28.4,45.1,52.9,39.3,5.0,22.4,18.0,0.6,0.4,0.4,-20.7,-18.9,-7.9,-15.4,5.0,6.9,18.0,0.6,0.4,0.4,1110.5,2685.5,4934.5,3200.0,5.0,3267.0,18.0,0.6,0.4,0.4,1110.0,2685.0,4935.0,3200.0,5.0,3265.0,18.0,0.6,0.4,0.4
1974,2,172.0,36.0,14.42,15.5,16.0,15.23,15.0,1.42,14.0,0.3,0.4,0.4,10.0,11.5,14.03,12.38,19.0,2.95,14.0,0.3,0.5,0.4,5.91,7.11,8.86,7.4,16.0,2.11,14.0,0.3,0.4,0.4,68.2,87.5,93.7,80.6,16.0,14.2,14.0,0.3,0.4,8.98,12.3,14.7,11.78,19.0,5.05,14.0,0.3,0.5,0.4,1.27,10.64,14.18,8.37,19.0,6.53,14.0,0.3,0.5,0.4,-5.29,-0.87,3.69,-0.42,19.0,7.43,14.0,0.3,0.5,0.4,1006.5,1010.6,1014.3,1010.86,19.0,5.68,14.0,0.3,0.5,0.4,4.0,6.0,8.0,5.6,17.0,2.0,14.0,0.3,0.5,0.4,5.0,125.8,204.7,113.5,19.0,99.5,14.0,0.3,0.5,0.4,-56.3,-0.9,35.5,-5.7,19.0,138.6,14.0,0.3,0.5,0.4,2.1,3.5,5.0,3.4,15.0,1.99,14.0,0.3,0.4,0.4,17.7,39.2,64.7,44.4,15.0,30.3,14.0,0.3,0.4,0.4,2.74,3.93,5.2,3.8,14.0,1.39,14.0,0.3,0.4,0.4,13.8,45.8,65.0,44.3,14.0,25.2,14.0,0.3,0.4,0.4,26.3,122.3,145.3,96.0,19.0,75.9,14.0,0.3,0.5,0.4,-68.4,-14.7,42.0,-1.0,19.0,92.0,14.0,0.3,0.5,0.4,18.9,64.5,93.3,60.9,16.0,34.5,14.0,0.3,0.4,0.4,-37.1,-12.7,41.9,-1.3,16.0,66.1,14.0,0.3,0.4,0.4,8.3,40.2,55.1,36.1,14.0,26.7,14.0,0.3,0.4,0.4,-31.2,-6.2,9.7,-6.2,14.0,24.2,14.0,0.3,0.4,0.4,816.0,1861.0,3202.0,2470.5,19.0,2730.5,14.0,0.3,0.5,0.4,815.0,1860.0,3200.0,2470.0,19.0,2730.0,14.0,0.3,0.5,0.4
1974,2,172.0,37.0,12.33,13.0,14.29,13.49,9.0,1.66,14.0,0.1,0.5,0.4,8.9,10.2,12.76,10.6,13.0,2.2,14.0,0.1,0.5,0.3,4.65,6.11,7.08,5.99,11.0,1.13,14.0,0.1,0.5,0.4,65.3,78.5,87.0,77.2,11.0,9.3,14.0,0.1,0.4,7.7,11.3,13.95,11.23,13.0,2.98,14.0,0.1,0.5,0.3,-2.83,9.26,11.19,5.63,13.0,7.2,14.0,0.1,0.5,0.3,-6.16,-3.86,3.4,-1.5,13.0,7.54,14.0,0.1,0.5,0.3,999.59,1007.75,1022.48,1010.11,12.0,12.09,14.0,0.1,0.5,0.4,3.9,5.0,6.2,5.2,13.0,1.6,14.0,0.1,0.5,0.3,-36.9,114.9,133.9,74.3,13.0,81.2,14.0,0.1,0.5,0.3,-74.7,-22.2,32.5,-13.6,13.0,101.8,14.0,0.1,0.5,0.3,0.0,4.0,6.1,3.4,9.0,3.32,14.0,0.1,0.5,0.4,0.0,45.4,71.0,42.2,9.0,38.6,14.0,0.1,0.5,0.4,1.51,4.2,5.22,3.64,9.0,1.91,14.0,0.1,0.5,0.4,14.2,45.3,67.4,43.6,9.0,25.0,14.0,0.1,0.5,0.4,-32.4,92.6,118.2,53.4,13.0,76.7,14.0,0.1,0.5,0.3,-75.3,-34.8,41.4,-10.7,13.0,86.3,14.0,0.1,0.5,0.3,-22.1,56.8,64.0,31.2,11.0,45.5,14.0,0.1,0.5,0.4,-45.1,-22.5,4.7,-23.1,11.0,27.7,14.0,0.1,0.5,0.4,2.3,25.9,59.1,32.9,9.0,28.6,14.0,0.1,0.5,0.4,-27.2,-9.7,2.1,-14.9,9.0,22.1,14.0,0.1,0.5,0.4,456.5,1443.0,2714.5,1671.5,13.0,979.0,14.0,0.1,0.5,0.3,455.0,1445.0,2715.0,1670.0,13.0,980.0,14.0,0.1,0.5,0.3
1974,2,172.0,38.0,12.25,13.65,15.31,13.78,4.0,1.78,20.0,0.0,0.3,0.4,8.79,12.8,13.32,11.55,6.0,2.4,22.0,0.0,0.3,0.4,6.06,6.96,7.49,6.75,5.0,1.34,22.0,0.0,0.2,0.4,69.3,77.2,81.3,75.8,5.0,8.6,22.0,0.0,0.4,7.46,12.65,13.75,11.33,6.0,4.32,22.0,0.0,0.3,0.4,-7.74,2.74,9.27,1.17,6.0,9.55,22.0,0.0,0.3,0.4,-6.63,0.04,6.49,-0.45,6.0,8.93,22.0,0.0,0.3,0.4,1007.56,1019.75,1026.24,1016.77,6.0,10.93,22.0,0.0,0.3,0.4,4.3,5.0,6.0,5.0,5.0,1.2,22.0,0.0,0.2,0.4,-99.9,23.9,145.9,16.1,6.0,125.5,22.0,0.0,0.3,0.4,-72.9,4.0,64.1,-13.6,6.0,131.3,22.0,0.0,0.3,0.4,-1.1,0.85,4.48,1.65,4.0,3.43,20.0,0.0,0.3,0.4,-11.7,13.6,56.2,21.8,4.0,41.7,20.0,0.0,0.3,0.4,1.22,2.94,5.0,3.11,4.0,2.39,20.0,0.0,0.3,0.4,11.3,33.2,63.0,36.9,4.0,31.3,20.0,0.0,0.3,0.4,-100.7,28.9,89.0,-0.3,6.0,109.2,22.0,0.0,0.3,0.4,-70.3,5.3,85.2,8.0,6.0,93.3,22.0,0.0,0.3,0.4,-67.1,-5.6,48.0,-11.3,5.0,66.0,22.0,0.0,0.2,0.4,-17.8,18.5,52.0,18.5,5.0,42.6,22.0,0.0,0.2,0.4,-16.1,3.1,44.7,13.8,4.0,42.8,20.0,0.0,0.3,0.4,-6.3,5.9,27.6,10.5,4.0,23.8,20.0,0.0,0.3,0.4,457.5,2026.5,2718.0,1960.5,6.0,1688.0,22.0,0.0,0.3,0.4,460.0,2025.0,2720.0,1960.0,6.0,1690.0,22.0,0.0,0.3,0.4
1974,2,172.0,39.0,12.63,13.0,13.56,13.06,5.0,0.72,12.0,0.4,0.2,0.4,8.17,9.0,11.0,9.36,5.0,1.72,12.0,0.4,0.2,0.4,4.19,4.59,5.43,4.84,5.0,1.1,12.0,0.4,0.2,0.4,52.7,62.4,82.3,67.0,5.0,18.6,12.0,0.4,0.4,8.35,10.3,16.39,12.26,5.0,5.75,12.0,0.4,0.2,0.4,-7.74,5.13,11.33,2.38,5.0,10.4,12.0,0.4,0.2,0.4,-1.57,1.79,11.35,4.66,5.0,8.86,12.0,0.4,0.2,0.4,1001.8,1006.4,1014.37,1007.48,5.0,8.86,12.0,0.4,0.2,0.4,4.4,7.0,7.5,6.0,4.0,2.7,10.0,0.3,0.2,0.5,-120.5,34.4,131.9,5.9,5.0,159.4,12.0,0.4,0.2,0.4,-10.5,18.4,189.6,92.0,5.0,177.9,12.0,0.4,0.2,0.4,2.63,4.0,4.66,3.7,5.0,1.22,12.0,0.4,0.2,0.4,28.5,37.2,57.0,42.2,5.0,16.1,12.0,0.4,0.2,0.4,3.56,4.76,5.48,4.54,5.0,1.33,12.0,0.4,0.2,0.4,30.3,42.7,88.9,59.4,5.0,43.5,12.0,0.4,0.2,0.4,-77.5,45.7,98.3,18.1,5.0,105.0,12.0,0.4,0.2,0.4,-14.0,12.3,115.8,48.8,5.0,95.1,12.0,0.4,0.2,0.4,-40.3,22.7,52.8,10.2,5.0,48.3,12.0,0.4,0.2,0.4,-7.0,8.4,56.1,21.6,5.0,36.7,12.0,0.4,0.2,0.4,-33.8,26.2,50.0,10.1,5.0,51.6,12.0,0.4,0.2,0.4,-8.0,7.4,53.4,23.7,5.0,53.0,12.0,0.4,0.2,0.4,620.5,1092.5,5208.0,2936.5,5.0,4067.5,12.0,0.4,0.2,0.4,620.0,1095.0,5210.0,2935.0,5.0,4065.0,12.0,0.4,0.2,0.4
1974,2,172.0,40.0,9.86,12.0,13.75,11.55,6.0,3.35,14.0,0.5,0.4,0.3,7.0,8.6,14.33,9.9,8.0,4.16,14.0,0.5,0.5,0.3,5.47,5.86,8.14,6.35,7.0,1.43,14.0,0.6,0.5,0.3,83.4,87.1,93.6,87.2,7.0,7.2,14.0,0.6,0.3,7.43,10.8,12.72,11.45,8.0,5.96,14.0,0.5,0.5,0.3,-7.7,5.38,12.37,4.51,8.0,10.56,14.0,0.5,0.5,0.3,0.96,3.56,7.08,2.5,8.0,6.6,14.0,0.5,0.5,0.3,994.64,1003.5,1026.34,1008.13,8.0,15.64,14.0,0.5,0.5,0.3,5.0,7.0,8.0,6.6,7.0,1.5,16.0,0.4,0.5,0.2,-87.0,32.9,156.8,81.2,8.0,202.7,14.0,0.5,0.5,0.3,6.1,32.6,80.1,2.8,8.0,127.7,14.0,0.5,0.5,0.3,-1.52,3.0,6.6,2.68,6.0,4.59,14.0,0.5,0.4,0.3,-15.5,35.0,101.7,40.1,6.0,64.0,14.0,0.5,0.4,0.3,0.35,2.28,3.75,2.21,6.0,2.11,14.0,0.5,0.4,0.3,3.1,21.5,63.9,30.9,6.0,34.5,14.0,0.5,0.4,0.3,-60.9,48.9,121.0,31.6,8.0,94.0,14.0,0.5,0.5,0.3,13.2,23.9,98.0,32.0,8.0,63.4,14.0,0.5,0.5,0.3,-58.1,27.7,76.1,21.5,7.0,69.8,14.0,0.6,0.5,0.3,9.2,22.1,61.8,21.8,7.0,46.1,14.0,0.6,0.5,0.3,-10.5,5.8,40.3,10.8,6.0,40.5,14.0,0.5,0.4,0.3,-11.1,4.8,15.3,1.0,6.0,23.6,14.0,0.5,0.4,0.3,421.0,1268.0,2068.5,2808.5,8.0,4996.0,14.0,0.5,0.5,0.3,420.0,1270.0,2070.0,2810.0,8.0,4995.0,14.0,0.5,0.5,0.3
1974,2,172.0,41.0,10.0,10.6,11.12,10.63,6.0,0.62,20.0,0.5,0.3,0.4,5.87,8.95,11.87,8.97,6.0,3.42,20.0,0.5,0.3,0.4,3.49,5.51,7.6,5.54,6.0,2.25,20.0,0.5,0.3,0.4,59.7,71.0,93.7,74.6,6.0,17.4,20.0,0.5,0.4,3.65,7.7,14.85,8.73,6.0,6.6,20.0,0.5,0.3,0.4,-3.93,0.0,7.18,1.72,6.0,8.85,20.0,0.5,0.3,0.4,-6.51,0.4,8.31,0.93,6.0,7.22,20.0,0.5,0.3,0.4,997.45,1016.25,1027.98,1013.72,6.0,16.1,20.0,0.5,0.3,0.4,2.6,4.0,8.0,4.7,6.0,2.9,20.0,0.5,0.3,0.4,-41.7,0.0,82.9,33.0,6.0,150.4,20.0,0.5,0.3,0.4,-68.4,1.8,77.6,6.4,6.0,91.6,20.0,0.5,0.3,0.4,-1.14,1.9,4.13,1.67,6.0,2.92,20.0,0.5,0.3,0.4,-11.0,9.0,42.9,18.2,6.0,41.0,20.0,0.5,0.3,0.4,0.36,2.68,4.33,2.39,6.0,2.15,20.0,0.5,0.3,0.4,-0.4,17.9,43.1,24.3,6.0,29.4,20.0,0.5,0.3,0.4,-37.3,0.0,42.4,-2.9,6.0,67.6,20.0,0.5,0.3,0.4,-34.2,2.7,99.5,26.6,6.0,73.0,20.0,0.5,0.3,0.4,-20.0,0.0,26.4,1.0,6.0,40.9,20.0,0.5,0.3,0.4,-22.7,1.5,64.7,16.0,6.0,43.0,20.0,0.5,0.3,0.4,-10.6,0.0,30.6,11.8,6.0,32.1,20.0,0.5,0.3,0.4,-27.7,-1.0,5.3,-7.5,6.0,17.7,20.0,0.5,0.3,0.4,77.0,456.5,3438.5,1671.5,6.0,2489.0,20.0,0.5,0.3,0.4,75.0,455.0,3440.0,1670.0,6.0,2490.0,20.0,0.5,0.3,0.4
1974,2,172.0,42.0,8.63,11.7,12.04,10.37,3.0,2.75,10.0,0.3,0.2,0.3,7.39,8.0,11.41,9.37,3.0,3.18,10.0,0.3,0.2,0.3,5.06,5.31,6.79,5.91,3.0,1.37,10.0,0.3,0.2,0.3,75.7,78.8,82.8,79.2,3.0,5.2,10.0,0.3,0.3,6.68,7.7,15.41,10.97,3.0,7.0,10.0,0.3,0.2,0.3,-4.09,1.08,2.14,-0.93,3.0,4.89,10.0,0.3,0.2,0.3,-6.88,-6.11,10.25,1.5,3.0,14.17,10.0,0.3,0.2,0.3,995.91,1008.2,1008.88,1002.53,3.0,10.69,10.0,0.3,0.2,0.3,5.2,5.5,5.8,5.5,2.0,0.7,6.0,0.5,0.4,0.2,-82.2,6.7,16.0,-32.2,3.0,79.4,10.0,0.3,0.2,0.3,-50.0,-37.9,219.5,81.9,3.0,223.0,10.0,0.3,0.2,0.3,-2.78,3.7,4.66,1.0,3.0,5.93,10.0,0.3,0.2,0.3,-67.9,22.9,34.1,-16.0,3.0,82.0,10.0,0.3,0.2,0.3,0.41,3.54,3.59,2.04,3.0,2.66,10.0,0.3,0.2,0.3,-6.4,22.4,25.7,9.9,3.0,25.8,10.0,0.3,0.2,0.3,-54.9,8.6,15.5,-19.1,3.0,56.9,10.0,0.3,0.2,0.3,-50.6,-48.8,142.9,44.0,3.0,162.9,10.0,0.3,0.2,0.3,-31.4,5.3,11.2,-9.7,3.0,33.9,10.0,0.3,0.2,0.3,-35.8,-30.2,81.5,21.6,3.0,96.9,10.0,0.3,0.2,0.3,4.8,6.8,8.5,6.7,3.0,2.7,10.0,0.3,0.2,0.3,-24.5,-22.0,-19.7,-22.1,3.0,3.5,10.0,0.3,0.2,0.3,307.5,456.5,4827.0,2518.0,3.0,3761.0,10.0,0.3,0.2,0.3,310.0,455.0,4825.0,2520.0,3.0,3760.0,10.0,0.3,0.2,0.3
1974,2,172.0,43.0,7.0,7.5,8.52,7.75,4.0,0.96,18.0,1.0,0.4,0.5,6.09,9.5,9.84,8.0,3.0,3.04,22.0,1.0,0.3,0.6,4.63,6.64,6.82,5.75,3.0,1.78,22.0,1.0,0.3,0.6,76.2,87.4,92.0,84.2,3.0,11.9,22.0,1.0,0.6,6.08,9.0,11.92,9.0,4.0,3.75,18.0,1.0,0.4,0.5,-8.27,-2.66,-0.85,-4.48,4.0,5.6,18.0,1.0,0.4,0.5,-0.99,5.33,8.98,4.05,4.0,6.49,18.0,1.0,0.4,0.5,1008.33,1012.75,1014.71,1011.58,4.0,4.65,18.0,1.0,0.4,0.5,5.9,8.0,8.0,7.0,4.0,2.0,18.0,1.0,0.4,0.5,-97.2,-17.3,-7.7,-50.8,4.0,79.0,18.0,1.0,0.4,0.5,-25.7,36.4,83.0,29.0,4.0,70.8,18.0,1.0,0.4,0.5,-2.02,-1.0,1.39,-0.33,3.0,2.57,22.0,1.0,0.3,0.6,-20.0,-7.7,5.4,-7.3,3.0,18.6,22.0,1.0,0.3,0.6,-0.34,0.47,1.86,0.75,3.0,1.63,22.0,1.0,0.3,0.6,-3.9,3.6,9.0,2.6,3.0,9.5,22.0,1.0,0.3,0.6,-16.6,-15.9,-5.0,-10.9,3.0,9.5,22.0,1.0,0.3,0.6,33.5,77.0,90.2,62.2,3.0,43.5,22.0,1.0,0.3,0.6,-12.8,-12.3,-3.9,-8.5,3.0,7.3,22.0,1.0,0.3,0.6,23.7,51.1,64.0,44.0,3.0,30.1,22.0,1.0,0.3,0.6,-6.0,0.0,0.9,-2.5,3.0,5.5,22.0,1.0,0.3,0.6,-3.8,3.6,6.2,1.3,3.0,7.6,22.0,1.0,0.3,0.6,268.5,774.5,1781.0,1013.0,4.0,1015.5,18.0,1.0,0.4,0.5,270.0,775.0,1780.0,1015.0,4.0,1015.0,18.0,1.0,0.4,0.5
1974,2,172.0,44.0,6.5,7.0,7.37,6.89,9.0,1.05,16.0,0.0,0.3,0.4,2.13,3.0,5.0,3.61,9.0,1.69,16.0,0.0,0.3,0.4,3.06,4.04,4.58,3.87,8.0,0.68,14.0,0.0,0.3,0.4,68.1,85.0,86.6,79.9,8.0,9.8,14.0,0.0,0.4,8.77,11.3,13.27,11.03,9.0,2.24,16.0,0.0,0.3,0.4,7.86,10.3,13.05,8.86,9.0,5.78,16.0,0.0,0.3,0.4,-5.01,0.0,1.43,-1.89,9.0,4.03,16.0,0.0,0.3,0.4,993.42,1000.4,1010.83,1001.8,9.0,9.19,16.0,0.0,0.3,0.4,2.2,5.5,7.9,5.2,8.0,2.4,14.0,0.0,0.2,0.4,70.9,107.0,171.3,106.9,9.0,67.4,16.0,0.0,0.3,0.4,-47.7,0.0,16.2,-21.7,9.0,47.0,16.0,0.0,0.3,0.4,1.63,4.0,4.87,3.28,9.0,2.05,16.0,0.0,0.3,0.4,17.9,32.4,63.9,38.3,9.0,26.5,16.0,0.0,0.3,0.4,1.41,2.71,3.14,2.4,8.0,0.86,14.0,0.0,0.3,0.4,15.7,25.7,40.6,27.7,8.0,12.7,14.0,0.0,0.3,0.4,25.1,36.3,51.4,33.0,9.0,20.1,16.0,0.0,0.3,0.4,-21.3,0.0,7.2,-4.6,9.0,15.6,16.0,0.0,0.3,0.4,33.5,42.4,49.5,36.0,8.0,22.0,14.0,0.0,0.3,0.4,-22.7,-4.4,0.0,-9.5,8.0,15.6,14.0,0.0,0.3,0.4,13.2,20.8,39.2,20.7,8.0,19.2,14.0,0.0,0.3,0.4,-13.5,-2.6,0.0,-7.0,8.0,11.2,14.0,0.0,0.3,0.4,697.5,1443.0,2336.0,1486.0,9.0,766.0,16.0,0.0,0.3,0.4,695.0,1445.0,2335.0,1485.0,9.0,765.0,16.0,0.0,0.3,0.4
1974,2,172.0,45.0,2.32,3.0,3.68,3.0,2.0,1.41,10.0,0.5,0.3,0.6,0.4,1.25,2.1,1.25,2.0,1.77,10.0,0.5,0.3,0.6,3.58,3.58,3.58,3.58,1.0,0.0,4.0,0.0,0.0,0.6,93.0,93.0,93.0,93.0,1.0,0.0,4.0,0.0,0.6,13.13,14.9,16.67,14.9,2.0,3.68,10.0,0.5,0.3,0.6,-6.69,-2.27,2.15,-2.27,2.0,9.16,10.0,0.5,0.3,0.6,-14.58,-13.36,-12.13,-13.36,2.0,2.54,10.0,0.5,0.3,0.6,978.1,984.35,990.6,984.35,2.0,12.94,10.0,0.5,0.3,0.6,7.2,7.5,7.8,7.5,2.0,0.7,10.0,0.5,0.3,0.6,-120.6,-50.7,19.2,-50.7,2.0,144.9,10.0,0.5,0.3,0.6,-245.7,-203.7,-161.7,-203.7,2.0,87.0,10.0,0.5,0.3,0.6,1.58,1.75,1.92,1.75,2.0,0.35,10.0,0.5,0.3,0.6,24.9,25.4,26.0,25.4,2.0,1.2,10.0,0.5,0.3,0.6,0.87,0.87,0.87,0.87,1.0,0.0,4.0,0.0,0.0,0.6,10.7,10.7,10.7,10.7,1.0,0.0,4.0,0.0,0.0,0.6,-18.4,-10.9,-3.5,-10.9,2.0,15.5,10.0,0.5,0.3,0.6,-31.9,-18.9,-6.0,-18.9,2.0,26.8,10.0,0.5,0.3,0.6,15.1,15.1,15.1,15.1,1.0,0.0,4.0,0.0,0.0,0.6,-41.4,-41.4,-41.4,-41.4,1.0,0.0,4.0,0.0,0.0,0.6,3.7,3.7,3.7,3.7,1.0,0.0,4.0,0.0,0.0,0.6,-10.0,-10.0,-10.0,-10.0,1.0,0.0,4.0,0.0,0.0,0.6,2416.0,3610.0,4804.0,3610.0,2.0,2474.0,10.0,0.5,0.3,0.6,2415.0,3610.0,4805.0,3610.0,2.0,2475.0,10.0,0.5,0.3,0.6
1974,2,172.0,46.0,3.27,4.5,5.5,4.61,9.0,1.29,12.0,0.6,0.3,0.5,2.27,4.0,4.87,3.94,9.0,1.84,12.0,0.6,0.3,0.5,3.88,4.14,4.33,4.22,8.0,0.88,14.0,0.5,0.3,0.5,78.1,85.8,86.7,82.8,8.0,7.9,14.0,0.5,0.5,7.2,9.3,11.76,9.83,9.0,3.42,12.0,0.6,0.3,0.5,-4.12,3.52,6.17,1.91,9.0,5.28,12.0,0.6,0.3,0.5,-11.18,0.0,3.6,-3.29,9.0,8.74,12.0,0.6,0.3,0.5,991.81,997.0,1023.0,1004.58,9.0,15.76,12.0,0.6,0.3,0.5,6.0,7.0,8.0,6.9,9.0,1.4,12.0,0.6,0.3,0.5,-25.8,36.3,49.9,25.5,9.0,49.6,12.0,0.6,0.3,0.5,-132.0,0.0,25.9,-54.0,9.0,115.0,12.0,0.6,0.3,0.5,0.27,1.0,2.0,0.67,9.0,2.25,12.0,0.6,0.3,0.5,1.9,10.8,18.8,5.8,9.0,20.6,12.0,0.6,0.3,0.5,0.93,1.35,1.89,1.11,8.0,1.14,14.0,0.5,0.3,0.5,9.7,12.0,16.0,9.7,8.0,9.9,14.0,0.5,0.3,0.5,-9.8,12.0,25.3,8.5,9.0,20.0,12.0,0.6,0.3,0.5,-32.2,0.0,15.7,-3.0,9.0,36.1,12.0,0.6,0.3,0.5,-19.3,16.9,25.4,8.5,8.0,21.4,14.0,0.5,0.3,0.5,-41.8,4.8,15.6,-6.4,8.0,38.6,14.0,0.5,0.3,0.5,-11.3,2.9,8.1,-0.6,8.0,9.9,14.0,0.5,0.3,0.5,-13.8,-4.7,4.8,-4.6,8.0,9.2,14.0,0.5,0.3,0.5,373.0,804.5,1654.0,1301.5,9.0,1603.0,12.0,0.6,0.3,0.5,375.0,805.0,1655.0,1300.0,9.0,1605.0,12.0,0.6,0.3,0.5
1974,2,172.0,47.0,3.0,3.0,5.57,3.6,10.0,1.78,14.0,0.3,0.3,0.4,2.0,2.75,3.5,2.72,10.0,1.47,14.0,0.3,0.2,0.4,2.98,3.56,4.05,3.47,9.0,0.63,12.0,0.3,0.2,0.4,65.0,76.6,85.8,76.1,9.0,9.8,12.0,0.3,0.4,6.79,9.3,11.96,9.5,11.0,3.98,14.0,0.4,0.3,0.4,-8.17,-2.6,4.3,-1.83,11.0,6.21,14.0,0.4,0.3,0.4,-10.07,0.0,6.4,-0.93,11.0,8.47,14.0,0.4,0.3,0.4,1000.57,1011.0,1020.85,1010.41,11.0,10.8,14.0,0.4,0.3,0.4,4.2,6.0,8.0,5.7,11.0,2.0,14.0,0.4,0.3,0.4,-98.4,-6.8,51.6,-19.0,11.0,67.0,14.0,0.4,0.3,0.4,-110.3,0.0,54.0,-28.0,11.0,116.7,14.0,0.4,0.3,0.4,-1.61,1.0,3.5,1.03,9.0,2.61,14.0,0.2,0.3,0.4,-14.0,9.1,33.5,11.7,9.0,28.8,14.0,0.2,0.3,0.4,0.69,1.71,2.36,1.48,8.0,1.03,12.0,0.3,0.2,0.4,6.2,10.1,26.9,15.3,8.0,14.3,12.0,0.3,0.2,0.4,-19.3,-8.7,12.2,-6.1,10.0,17.7,14.0,0.3,0.2,0.4,-12.8,9.1,22.3,5.5,10.0,24.6,14.0,0.3,0.2,0.4,-31.1,-9.3,8.2,-11.6,9.0,22.0,12.0,0.3,0.2,0.4,-36.9,0.0,19.9,-4.9,9.0,31.5,12.0,0.3,0.2,0.4,-7.0,-5.6,-0.2,-5.8,8.0,10.0,12.0,0.3,0.2,0.4,-20.7,-1.0,2.3,-8.3,8.0,16.0,12.0,0.3,0.2,0.4,317.5,804.5,1733.5,1292.5,11.0,1629.0,14.0,0.4,0.3,0.4,320.0,805.0,1735.0,1290.0,11.0,1630.0,14.0,0.4,0.3,0.4
1974,2,172.0,48.0,2.86,4.0,6.52,4.09,7.0,2.29,22.0,0.0,0.5,0.4,2.63,4.0,5.87,4.11,9.0,1.8,22.0,0.1,0.5,0.4,3.14,4.68,5.11,4.33,7.0,0.95,20.0,0.0,0.5,0.3,74.9,87.1,92.6,84.8,7.0,9.6,20.0,0.0,0.3,9.57,13.4,17.3,13.49,9.0,5.66,22.0,0.1,0.5,0.4,-11.75,-7.12,3.26,-3.1,9.0,11.42,22.0,0.1,0.5,0.4,4.84,9.0,10.56,6.13,9.0,7.29,22.0,0.1,0.5,0.4,996.15,1015.3,1022.39,1012.63,8.0,13.75,20.0,0.0,0.5,0.4,6.7,8.0,8.0,6.7,7.0,2.6,20.0,0.0,0.5,0.4,-174.6,-66.3,30.0,-26.6,9.0,232.5,22.0,0.1,0.5,0.4,31.4,99.7,157.1,61.4,9.0,145.4,22.0,0.1,0.5,0.4,-1.09,1.0,2.5,0.66,7.0,1.96,22.0,0.0,0.5,0.4,-17.2,10.8,26.1,3.1,7.0,28.9,22.0,0.0,0.5,0.4,0.64,1.24,1.86,1.17,6.0,0.72,22.0,0.0,0.4,0.3,4.5,11.4,19.3,11.8,6.0,8.9,22.0,0.0,0.4,0.3,-47.1,-17.4,13.6,-1.3,9.0,62.1,22.0,0.1,0.5,0.4,10.9,27.0,55.1,20.8,9.0,45.0,22.0,0.1,0.5,0.4,-37.3,0.0,21.8,4.5,7.0,56.4,20.0,0.0,0.5,0.3,13.7,21.0,46.9,19.5,7.0,41.7,20.0,0.0,0.5,0.3,-15.3,0.0,3.2,-4.6,6.0,10.5,22.0,0.0,0.4,0.3,3.9,10.1,12.6,8.4,6.0,5.1,22.0,0.0,0.4,0.3,882.0,2406.0,5244.5,3693.0,9.0,4608.0,22.0,0.1,0.5,0.4,880.0,2405.0,5245.0,3695.0,9.0,4610.0,22.0,0.1,0.5,0.4
1974,2,172.0,49.0,2.33,3.0,4.29,3.36,10.0,1.24,12.0,0.3,0.4,0.3,0.03,1.5,4.78,1.73,8.0,2.58,12.0,0.3,0.3,0.4,2.66,3.06,3.43,3.18,8.0,0.61,12.0,0.3,0.3,0.4,60.9,76.0,90.2,74.7,8.0,16.7,12.0,0.3,0.4,7.41,8.7,12.0,9.77,10.0,4.5,12.0,0.3,0.4,0.3,-9.03,0.9,5.0,-1.89,10.0,8.78,12.0,0.3,0.4,0.3,-3.85,-1.23,7.5,0.95,10.0,6.65,12.0,0.3,0.4,0.3,997.21,1008.0,1010.57,1006.21,10.0,10.07,12.0,0.3,0.4,0.3,2.2,5.5,6.0,4.7,8.0,2.3,8.0,0.4,0.4,0.3,-90.7,3.2,40.2,-43.7,10.0,144.6,12.0,0.3,0.4,0.3,-34.3,-5.6,60.0,15.1,10.0,68.1,12.0,0.3,0.4,0.3,-0.77,2.5,3.44,1.79,8.0,2.39,12.0,0.3,0.3,0.4,-6.3,17.6,36.2,16.8,8.0,28.5,12.0,0.3,0.3,0.4,1.26,1.81,2.41,1.73,8.0,0.72,12.0,0.3,0.3,0.4,9.3,16.0,25.5,16.5,8.0,8.7,12.0,0.3,0.3,0.4,0.0,6.2,12.9,5.8,8.0,8.2,12.0,0.3,0.3,0.4,-9.0,-3.5,32.2,7.2,8.0,27.9,12.0,0.3,0.3,0.4,-21.6,2.8,11.1,-7.1,8.0,29.2,12.0,0.3,0.3,0.4,-13.0,-4.2,30.5,3.6,8.0,22.4,12.0,0.3,0.3,0.4,-15.3,0.6,4.8,-1.8,8.0,14.3,12.0,0.3,0.3,0.4,-9.4,-3.9,9.5,0.4,8.0,13.3,12.0,0.3,0.3,0.4,409.0,658.5,1767.0,1569.5,10.0,2585.0,12.0,0.3,0.4,0.3,410.0,660.0,1765.0,1570.0,10.0,2585.0,12.0,0.3,0.4,0.3
1974,2,172.0,50.0,2.5,2.75,3.26,2.88,4.0,0.48,18.0,0.3,0.5,0.6,-1.08,0.25,1.5,0.18,6.0,1.3,16.0,0.2,0.5,0.5,2.84,3.55,3.7,3.31,5.0,0.53,14.0,0.2,0.5,0.5,74.6,87.5,95.6,84.6,5.0,15.5,14.0,0.2,0.5,10.18,16.5,18.12,14.49,7.0,4.72,16.0,0.1,0.6,0.5,-17.86,-8.66,-2.61,-8.34,7.0,12.27,16.0,0.1,0.6,0.5,-5.84,-3.13,0.35,-2.57,7.0,5.25,16.0,0.1,0.6,0.5,1001.67,1006.7,1014.44,1009.14,7.0,12.14,16.0,0.1,0.6,0.5,7.5,8.0,8.0,7.8,4.0,0.5,16.0,0.0,0.6,0.5,-324.1,-97.8,-22.3,-136.8,7.0,227.6,16.0,0.1,0.6,0.5,-93.4,-50.2,3.9,-35.3,7.0,62.2,16.0,0.1,0.6,0.5,1.24,1.75,2.79,2.0,4.0,1.08,18.0,0.3,0.5,0.6,21.6,29.3,53.5,37.2,4.0,24.1,18.0,0.3,0.5,0.6,0.88,1.03,1.74,1.3,4.0,0.73,18.0,0.3,0.5,0.6,15.5,20.0,30.8,23.0,4.0,11.4,18.0,0.3,0.5,0.6,-18.8,5.8,13.0,0.3,6.0,18.5,16.0,0.2,0.5,0.5,-5.5,-1.5,5.9,0.2,6.0,7.8,16.0,0.2,0.5,0.5,-67.9,-62.9,7.4,-34.7,5.0,48.1,14.0,0.2,0.5,0.5,-19.7,-11.3,-7.0,-13.2,5.0,10.6,14.0,0.2,0.5,0.5,-19.9,-15.4,13.3,-3.8,4.0,27.4,18.0,0.3,0.5,0.6,-8.6,-2.7,-1.1,-4.7,4.0,6.0,18.0,0.3,0.5,0.6,1062.5,4492.0,5971.0,3853.0,7.0,3008.5,16.0,0.1,0.6,0.5,1060.0,4490.0,5970.0,3855.0,7.0,3010.0,16.0,0.1,0.6,0.5
1974,2,172.0,51.0,3.82,4.0,4.0,3.9,5.0,0.22,14.0,0.4,0.3,0.4,-1.0,0.0,1.18,0.1,5.0,1.14,14.0,0.4,0.3,0.4,2.77,3.51,3.93,3.39,5.0,0.65,14.0,0.4,0.3,0.4,78.7,86.5,100.0,88.4,5.0,11.4,14.0,0.4,0.4,10.05,13.4,16.98,13.6,5.0,6.42,14.0,0.4,0.3,0.4,-15.0,-12.59,-7.47,-11.38,5.0,5.35,14.0,0.4,0.3,0.4,-10.71,-3.91,1.67,-4.51,5.0,7.52,14.0,0.4,0.3,0.4,1012.09,1013.0,1015.6,1013.7,5.0,2.56,14.0,0.4,0.3,0.4,7.3,8.0,8.0,7.7,3.0,0.6,12.0,0.7,0.3,0.5,-264.6,-168.7,-87.0,-181.0,5.0,144.5,14.0,0.4,0.3,0.4,-194.3,-19.9,22.4,-82.3,5.0,159.3,14.0,0.4,0.3,0.4,2.82,4.0,4.68,3.8,5.0,1.04,14.0,0.4,0.3,0.4,29.6,40.2,74.8,50.8,5.0,28.0,14.0,0.4,0.3,0.4,1.09,1.52,2.21,1.6,5.0,0.61,14.0,0.4,0.3,0.4,11.3,20.3,28.4,20.0,5.0,8.7,14.0,0.4,0.3,0.4,-15.3,0.0,5.7,-3.9,5.0,12.2,14.0,0.4,0.3,0.4,0.0,3.9,5.9,3.4,5.0,3.5,14.0,0.4,0.3,0.4,-60.2,-44.2,-21.0,-40.9,5.0,23.1,14.0,0.4,0.3,0.4,-35.6,-10.2,5.9,-14.8,5.0,27.4,14.0,0.4,0.3,0.4,-21.8,-19.1,-9.6,-16.2,5.0,6.7,14.0,0.4,0.3,0.4,-18.3,-8.8,2.5,-7.7,5.0,11.2,14.0,0.4,0.3,0.4,1411.0,2406.0,6087.5,3915.5,5.0,4885.5,14.0,0.4,0.3,0.4,1410.0,2405.0,6090.0,3915.0,5.0,4885.0,14.0,0.4,0.3,0.4
1974,2,172.0,52.0,3.31,3.75,5.09,4.08,8.0,0.92,20.0,0.4,0.4,0.4,-0.14,2.5,3.95,1.87,9.0,2.41,20.0,0.3,0.4,0.4,3.68,4.24,4.73,4.21,3.0,0.77,22.0,0.7,0.4,0.5,83.4,93.6,95.6,89.6,3.0,9.6,22.0,0.7,0.5,9.93,11.8,14.13,11.78,9.0,2.35,20.0,0.3,0.4,0.4,-10.84,-8.92,8.55,-3.2,9.0,10.26,20.0,0.3,0.4,0.4,-5.09,0.0,7.14,1.47,9.0,6.51,20.0,0.3,0.4,0.4,1005.93,1014.9,1020.21,1013.57,9.0,7.57,20.0,0.3,0.4,0.4,6.6,8.0,8.0,7.3,6.0,1.2,18.0,0.3,0.4,0.4,-125.1,-91.9,103.4,-35.7,9.0,132.9,20.0,0.3,0.4,0.4,-51.0,0.0,91.0,22.4,9.0,80.6,20.0,0.3,0.4,0.4,0.52,1.55,3.24,1.63,8.0,2.04,20.0,0.4,0.4,0.4,6.2,16.2,46.8,20.4,8.0,28.4,20.0,0.4,0.4,0.4,0.44,0.45,1.28,0.85,3.0,0.7,22.0,0.7,0.4,0.5,5.7,6.0,18.2,11.8,3.0,10.5,22.0,0.7,0.4,0.5,-26.4,-13.9,-8.6,-12.3,9.0,22.4,20.0,0.3,0.4,0.4,0.0,9.2,30.5,15.2,9.0,22.6,20.0,0.3,0.4,0.4,7.9,46.2,48.1,28.5,3.0,33.2,22.0,0.7,0.4,0.5,1.6,41.1,51.3,26.8,3.0,38.5,22.0,0.7,0.4,0.5,0.7,4.3,16.7,8.6,3.0,12.3,22.0,0.7,0.4,0.5,-4.4,3.6,5.2,0.4,3.0,7.6,22.0,0.7,0.4,0.5,982.0,1643.0,2829.5,1804.5,9.0,970.0,20.0,0.3,0.4,0.4,980.0,1645.0,2830.0,1805.0,9.0,970.0,20.0,0.3,0.4,0.4
1974,2,172.0,53.0,1.98,2.5,4.52,2.86,7.0,1.35,16.0,0.4,0.4,0.3,-0.17,1.5,2.72,1.43,7.0,3.13,16.0,0.4,0.4,0.3,3.65,3.81,4.3,3.97,6.0,0.58,16.0,0.5,0.5,0.2,80.4,87.3,100.0,88.9,6.0,9.7,16.0,0.5,0.2,9.68,14.9,16.0,13.0,7.0,4.02,16.0,0.4,0.4,0.3,-13.15,-9.8,5.98,-5.7,7.0,11.67,16.0,0.4,0.4,0.3,-0.08,2.67,7.68,3.6,7.0,4.91,16.0,0.4,0.4,0.3,1003.32,1014.0,1019.25,1011.73,7.0,8.85,16.0,0.4,0.4,0.3,6.2,7.5,8.0,6.8,6.0,1.9,16.0,0.3,0.4,0.3,-198.6,-96.0,49.0,-85.2,7.0,178.8,16.0,0.4,0.4,0.3,-0.8,33.3,115.0,51.8,7.0,75.4,16.0,0.4,0.4,0.3,-0.24,2.5,3.57,1.43,7.0,3.27,16.0,0.4,0.4,0.3,-3.7,24.5,49.7,15.9,7.0,46.9,16.0,0.4,0.4,0.3,0.11,0.74,1.64,0.78,6.0,0.93,16.0,0.5,0.5,0.2,-0.4,9.5,28.3,11.4,6.0,15.3,16.0,0.5,0.5,0.2,-25.6,0.0,37.7,10.6,7.0,47.3,16.0,0.4,0.4,0.3,0.0,4.6,19.3,9.3,7.0,11.7,16.0,0.4,0.4,0.3,-47.9,-37.5,33.8,-14.6,6.0,53.7,16.0,0.5,0.5,0.2,-1.3,16.2,28.9,16.0,6.0,18.6,16.0,0.5,0.5,0.2,-25.9,-8.8,-5.4,-12.8,6.0,11.6,16.0,0.5,0.5,0.2,-1.4,0.7,10.1,3.7,6.0,6.7,16.0,0.5,0.5,0.2,914.0,3308.0,4106.5,2724.0,7.0,2017.5,16.0,0.4,0.4,0.3,915.0,3310.0,4105.0,2725.0,7.0,2020.0,16.0,0.4,0.4,0.3
1974,2,172.0,54.0,,,,,,,,,,,,,,,,,,,,,,,,,,,,,,,,,,,,,,,,6.81,10.5,14.19,10.5,2.0,7.64,12.0,0.0,0.7,0.3,-12.2,-8.84,-5.47,-8.84,2.0,6.97,12.0,0.0,0.7,0.3,-1.5,2.34,6.17,2.34,2.0,7.94,12.0,0.0,0.7,0.3,1009.18,1016.45,1023.72,1016.45,2.0,15.06,12.0,0.0,0.7,0.3,,,,,,,,,,,,,,,,,,,,,,,,,,,,,,,,,,,,,,,,,,,,,,,,,,,,,,,,,,,,,,,,,,,,,,,,,,,,,,,,,,,,,,,,,,,,,,,,,,,,,,,,,,,,,,,,,,,,,,,,,,,,,,,,,,,,,,,,,,,,,,,,,,,,,,
1974,2,172.0,55.0,,,,,,,,,,,,,,,,,,,,,,,,,,,,,,,,,,,,,,,,9.8,9.8,9.8,9.8,1.0,0.0,2.0,1.0,0.0,0.6,-6.3,-6.3,-6.3,-6.3,1.0,0.0,2.0,1.0,0.0,0.6,-7.51,-7.51,-7.51,-7.51,1.0,0.0,2.0,1.0,0.0,0.6,1005.0,1005.0,1005.0,1005.0,1.0,0.0,2.0,1.0,0.0,0.6,,,,,,,,,,,,,,,,,,,,,,,,,,,,,,,,,,,,,,,,,,,,,,,,,,,,,,,,,,,,,,,,,,,,,,,,,,,,,,,,,,,,,,,,,,,,,,,,,,,,,,,,,,,,,,,,,,,,,,,,,,,,,,,,,,,,,,,,,,,,,,,,,,,,,,
1974,2,172.0,56.0,,,,,,,,,,,,,,,,,,,,,,,,,,,,,,,,,,,,,,,,8.41,9.8,10.73,9.52,5.0,2.18,14.0,0.4,0.1,0.6,-6.35,-6.3,-0.26,-3.38,5.0,5.35,14.0,0.4,0.1,0.6,-8.66,-7.51,-6.44,-7.53,5.0,2.05,14.0,0.4,0.1,0.6,1006.3,1009.25,1013.27,1010.12,6.0,4.2,14.0,0.5,0.1,0.5,,,,,,,,,,,,,,,,,,,,,,,,,,,,,,,,,,,,,,,,,,,,,,,,,,,,,,,,,,,,,,,,,,,,,,,,,,,,,,,,,,,,,,,,,,,,,,,,,,,,,,,,,,,,,,,,,,,,,,,,,,,,,,,,,,,,,,,,,,,,,,,,,,,,,,
1974,2,172.0,57.0,,,,,,,,,,,,,,,,,,,,,,,,,,,,,,,,,,,,,,,,8.53,14.65,15.9,12.33,4.0,5.61,12.0,0.3,0.1,0.4,-14.2,-10.27,-2.71,-8.54,4.0,7.74,12.0,0.3,0.1,0.4,-8.53,0.39,4.09,-2.1,4.0,8.43,12.0,0.3,0.1,0.4,1010.74,1015.4,1024.25,1016.94,5.0,9.23,12.0,0.4,0.1,0.4,,,,,,,,,,,,,,,,,,,,,,,,,,,,,,,,,,,,,,,,,,,,,,,,,,,,,,,,,,,,,,,,,,,,,,,,,,,,,,,,,,,,,,,,,,,,,,,,,,,,,,,,,,,,,,,,,,,,,,,,,,,,,,,,,,,,,,,,,,,,,,,,,,,,,,
1974,2,172.0,58.0,,,,,,,,,,,,,,,,,,,,,,,,,,,,,,,,,,,,,,,,17.0,17.0,17.0,17.0,1.0,0.0,12.0,0.0,0.2,0.1,-13.02,-13.02,-13.02,-13.02,1.0,0.0,12.0,0.0,0.2,0.1,-10.93,-10.93,-10.93,-10.93,1.0,0.0,12.0,0.0,0.2,0.1,1005.8,1005.8,1005.8,1005.8,1.0,0.0,12.0,0.0,0.2,0.1,,,,,,,,,,,,,,,,,,,,,,,,,,,,,,,,,,,,,,,,,,,,,,,,,,,,,,,,,,,,,,,,,,,,,,,,,,,,,,,,,,,,,,,,,,,,,,,,,,,,,,,,,,,,,,,,,,,,,,,,,,,,,,,,,,,,,,,,,,,,,,,,,,,,,,
1974,2,172.0,59.0,,,,,,,,,,,,,,,,,,,,,,,,,,,,,,,,,,,,,,,,9.8,9.8,9.8,9.8,1.0,0.0,2.0,1.0,0.0,0.6,-6.3,-6.3,-6.3,-6.3,1.0,0.0,2.0,1.0,0.0,0.6,-7.51,-7.51,-7.51,-7.51,1.0,0.0,2.0,1.0,0.0,0.6,1005.0,1005.0,1005.0,1005.0,1.0,0.0,2.0,1.0,0.0,0.6,,,,,,,,,,,,,,,,,,,,,,,,,,,,,,,,,,,,,,,,,,,,,,,,,,,,,,,,,,,,,,,,,,,,,,,,,,,,,,,,,,,,,,,,,,,,,,,,,,,,,,,,,,,,,,,,,,,,,,,,,,,,,,,,,,,,,,,,,,,,,,,,,,,,,,
1974,2,173.0,-78.0,,,,,,,,,,,,,,,,,,,,,,,,,,,,,,,,,,,,,,,,5.7,5.7,5.7,5.7,1.0,0.0,16.0,1.0,0.7,0.9,-5.36,-5.36,-5.36,-5.36,1.0,0.0,16.0,1.0,0.7,0.9,1.95,1.95,1.95,1.95,1.0,0.0,16.0,1.0,0.7,0.9,1005.8,1005.8,1005.8,1005.8,1.0,0.0,16.0,1.0,0.7,0.9,,,,,,,,,,,,,,,,,,,,,,,,,,,,,,,,,,,,,,,,,,,,,,,,,,,,,,,,,,,,,,,,,,,,,,,,,,,,,,,,,,,,,,,,,,,,,,,,,,,,,,,,,,,,,,,,,,,,,,,,,,,,,,,,,,,,,,,,,,,,,,,,,,,,,,
1974,2,173.0,-72.0,0.13,0.3,0.4,0.26,5.0,0.17,12.0,0.6,0.3,0.3,-1.31,-0.9,-0.8,-1.04,5.0,0.3,12.0,0.6,0.3,0.3,2.41,3.09,3.21,2.82,5.0,0.62,12.0,0.6,0.3,0.3,66.0,85.0,89.7,78.3,5.0,18.0,12.0,0.6,0.3,3.98,6.2,8.2,5.86,5.0,2.95,12.0,0.6,0.3,0.3,-4.26,-0.94,1.02,-1.5,5.0,3.41,12.0,0.6,0.3,0.3,3.47,5.37,6.43,4.88,5.0,2.72,12.0,0.6,0.3,0.3,978.22,982.6,986.96,982.62,5.0,4.91,12.0,0.6,0.3,0.3,4.9,7.0,7.4,6.2,5.0,1.9,12.0,0.6,0.3,0.3,-31.0,-0.9,8.4,-9.7,5.0,27.7,12.0,0.6,0.3,0.3,20.7,33.3,50.5,34.5,5.0,22.8,12.0,0.6,0.3,0.3,0.93,1.3,1.65,1.3,5.0,0.43,12.0,0.6,0.3,0.3,3.4,6.2,12.5,7.7,5.0,5.5,12.0,0.6,0.3,0.3,0.77,0.91,1.52,1.15,5.0,0.63,12.0,0.6,0.3,0.3,3.6,5.5,10.7,7.2,5.0,6.6,12.0,0.6,0.3,0.3,-1.5,1.1,3.6,1.0,5.0,3.6,12.0,0.6,0.3,0.3,-7.2,-4.6,-2.9,-5.1,5.0,4.0,12.0,0.6,0.3,0.3,-10.2,-2.9,3.4,-2.9,5.0,8.3,12.0,0.6,0.3,0.3,6.3,15.8,20.1,13.7,5.0,9.2,12.0,0.6,0.3,0.3,-6.8,-0.9,0.7,-3.1,5.0,6.3,12.0,0.6,0.3,0.3,3.0,5.2,8.3,5.6,5.0,4.1,12.0,0.6,0.3,0.3,118.0,238.5,551.5,305.5,5.0,241.0,12.0,0.6,0.3,0.3,120.0,240.0,550.0,305.0,5.0,240.0,12.0,0.6,0.3,0.3
1974,2,173.0,-71.0,-0.5,-0.5,-0.5,-0.5,1.0,0.0,12.0,1.0,0.0,0.7,0.0,0.0,0.0,0.0,1.0,0.0,12.0,1.0,0.0,0.7,3.91,3.91,3.91,3.91,1.0,0.0,12.0,1.0,0.0,0.7,100.0,100.0,100.0,100.0,1.0,0.0,12.0,1.0,0.7,10.3,10.3,10.3,10.3,1.0,0.0,12.0,1.0,0.0,0.7,-10.14,-10.14,-10.14,-10.14,1.0,0.0,12.0,1.0,0.0,0.7,-1.79,-1.79,-1.79,-1.79,1.0,0.0,12.0,1.0,0.0,0.7,979.0,979.0,979.0,979.0,1.0,0.0,12.0,1.0,0.0,0.7,,,,,,,,,,,,,,,,,,,,,,,,,,,,,,,-0.5,-0.5,-0.5,-0.5,1.0,0.0,12.0,1.0,0.0,0.7,-5.1,-5.1,-5.1,-5.1,1.0,0.0,12.0,1.0,0.0,0.7,-0.14,-0.14,-0.14,-0.14,1.0,0.0,12.0,1.0,0.0,0.7,-1.4,-1.4,-1.4,-1.4,1.0,0.0,12.0,1.0,0.0,0.7,0.0,0.0,0.0,0.0,1.0,0.0,12.0,1.0,0.0,0.7,0.0,0.0,0.0,0.0,1.0,0.0,12.0,1.0,0.0,0.7,-39.7,-39.7,-39.7,-39.7,1.0,0.0,12.0,1.0,0.0,0.7,-7.0,-7.0,-7.0,-7.0,1.0,0.0,12.0,1.0,0.0,0.7,1.4,1.4,1.4,1.4,1.0,0.0,12.0,1.0,0.0,0.7,0.3,0.3,0.3,0.3,1.0,0.0,12.0,1.0,0.0,0.7,1092.5,1092.5,1092.5,1092.5,1.0,0.0,12.0,1.0,0.0,0.7,1095.0,1095.0,1095.0,1095.0,1.0,0.0,12.0,1.0,0.0,0.7
1974,2,173.0,-69.0,0.6,0.6,0.6,0.6,1.0,0.0,12.0,0.0,0.0,0.2,-0.6,-0.6,-0.6,-0.6,1.0,0.0,12.0,0.0,0.0,0.2,3.73,3.73,3.73,3.73,1.0,0.0,12.0,0.0,0.0,0.2,100.0,100.0,100.0,100.0,1.0,0.0,12.0,0.0,0.2,12.9,12.9,12.9,12.9,1.0,0.0,12.0,0.0,0.0,0.2,-11.17,-11.17,-11.17,-11.17,1.0,0.0,12.0,0.0,0.0,0.2,-6.45,-6.45,-6.45,-6.45,1.0,0.0,12.0,0.0,0.0,0.2,982.7,982.7,982.7,982.7,1.0,0.0,12.0,0.0,0.0,0.2,,,,,,,,,,,,,,,,,,,,,,,,,,,,,,,1.2,1.2,1.2,1.2,1.0,0.0,12.0,0.0,0.0,0.2,15.5,15.5,15.5,15.5,1.0,0.0,12.0,0.0,0.0,0.2,0.34,0.34,0.34,0.34,1.0,0.0,12.0,0.0,0.0,0.2,4.4,4.4,4.4,4.4,1.0,0.0,12.0,0.0,0.0,0.2,6.7,6.7,6.7,6.7,1.0,0.0,12.0,0.0,0.0,0.2,3.9,3.9,3.9,3.9,1.0,0.0,12.0,0.0,0.0,0.2,-41.6,-41.6,-41.6,-41.6,1.0,0.0,12.0,0.0,0.0,0.2,-24.0,-24.0,-24.0,-24.0,1.0,0.0,12.0,0.0,0.0,0.2,-3.8,-3.8,-3.8,-3.8,1.0,0.0,12.0,0.0,0.0,0.2,-2.2,-2.2,-2.2,-2.2,1.0,0.0,12.0,0.0,0.0,0.2,2146.5,2146.5,2146.5,2146.5,1.0,0.0,12.0,0.0,0.0,0.2,2145.0,2145.0,2145.0,2145.0,1.0,0.0,12.0,0.0,0.0,0.2
1974,2,173.0,-68.0,0.6,0.6,0.6,0.6,1.0,0.0,12.0,1.0,0.3,1.0,-0.6,-0.6,-0.6,-0.6,1.0,0.0,12.0,1.0,0.3,1.0,3.71,3.71,3.71,3.71,1.0,0.0,12.0,1.0,0.3,1.0,100.0,100.0,100.0,100.0,1.0,0.0,12.0,1.0,1.0,10.3,10.3,10.3,10.3,1.0,0.0,12.0,1.0,0.3,1.0,-8.92,-8.92,-8.92,-8.92,1.0,0.0,12.0,1.0,0.3,1.0,-5.15,-5.15,-5.15,-5.15,1.0,0.0,12.0,1.0,0.3,1.0,988.1,988.1,988.1,988.1,1.0,0.0,12.0,1.0,0.3,1.0,,,,,,,,,,,,,,,,,,,,,,,,,,,,,,,1.2,1.2,1.2,1.2,1.0,0.0,12.0,1.0,0.3,1.0,12.4,12.4,12.4,12.4,1.0,0.0,12.0,1.0,0.3,1.0,0.34,0.34,0.34,0.34,1.0,0.0,12.0,1.0,0.3,1.0,3.5,3.5,3.5,3.5,1.0,0.0,12.0,1.0,0.3,1.0,5.4,5.4,5.4,5.4,1.0,0.0,12.0,1.0,0.3,1.0,3.1,3.1,3.1,3.1,1.0,0.0,12.0,1.0,0.3,1.0,-33.1,-33.1,-33.1,-33.1,1.0,0.0,12.0,1.0,0.3,1.0,-19.1,-19.1,-19.1,-19.1,1.0,0.0,12.0,1.0,0.3,1.0,-3.0,-3.0,-3.0,-3.0,1.0,0.0,12.0,1.0,0.3,1.0,-1.7,-1.7,-1.7,-1.7,1.0,0.0,12.0,1.0,0.3,1.0,1092.5,1092.5,1092.5,1092.5,1.0,0.0,12.0,1.0,0.3,1.0,1095.0,1095.0,1095.0,1095.0,1.0,0.0,12.0,1.0,0.3,1.0
1974,2,173.0,-67.0,,,,,,,,,,,,,,,,,,,,,,,,,,,,,,,,,,,,,,,,10.71,11.6,12.49,11.6,2.0,1.84,18.0,1.0,0.6,1.0,10.16,11.19,12.22,11.19,2.0,2.14,18.0,1.0,0.6,1.0,-2.61,-0.64,1.33,-0.64,2.0,4.07,18.0,1.0,0.6,1.0,979.51,979.95,980.39,979.95,2.0,0.92,18.0,1.0,0.6,1.0,6.3,7.0,7.7,7.0,2.0,1.4,18.0,1.0,0.6,1.0,109.9,131.8,153.7,131.8,2.0,45.4,18.0,1.0,0.6,1.0,-25.9,-3.7,18.6,-3.7,2.0,46.1,18.0,1.0,0.6,1.0,,,,,,,,,,,,,,,,,,,,,,,,,,,,,,,,,,,,,,,,,13.4,19.3,25.2,19.3,2.0,12.2,18.0,1.0,0.6,1.0,-2.5,0.5,3.5,0.5,2.0,6.2,18.0,1.0,0.6,1.0,36.7,36.7,36.7,36.7,1.0,0.0,18.0,1.0,0.5,1.0,-13.4,-13.4,-13.4,-13.4,1.0,0.0,18.0,1.0,0.5,1.0,,,,,,,,,,,,,,,,,,,,,,,,,,,,,,,,,,,,,,,,
1974,2,173.0,-66.0,1.7,1.7,1.7,1.7,1.0,0.0,12.0,1.0,0.3,0.7,1.7,1.7,1.7,1.7,1.0,0.0,12.0,1.0,0.3,0.7,4.35,4.35,4.35,4.35,1.0,0.0,12.0,1.0,0.3,0.7,100.0,100.0,100.0,100.0,1.0,0.0,12.0,1.0,0.7,5.1,5.1,5.1,5.1,1.0,0.0,12.0,1.0,0.3,0.7,-4.42,-4.42,-4.42,-4.42,1.0,0.0,12.0,1.0,0.3,0.7,2.55,2.55,2.55,2.55,1.0,0.0,12.0,1.0,0.3,0.7,994.9,994.9,994.9,994.9,1.0,0.0,12.0,1.0,0.3,0.7,,,,,,,,,,,,,,,,,,,,,,,,,,,,,,,0.0,0.0,0.0,0.0,1.0,0.0,12.0,1.0,0.3,0.7,0.0,0.0,0.0,0.0,1.0,0.0,12.0,1.0,0.3,0.7,0.0,0.0,0.0,0.0,1.0,0.0,12.0,1.0,0.3,0.7,0.0,0.0,0.0,0.0,1.0,0.0,12.0,1.0,0.3,0.7,-7.5,-7.5,-7.5,-7.5,1.0,0.0,12.0,1.0,0.3,0.7,4.3,4.3,4.3,4.3,1.0,0.0,12.0,1.0,0.3,0.7,-19.2,-19.2,-19.2,-19.2,1.0,0.0,12.0,1.0,0.3,0.7,11.1,11.1,11.1,11.1,1.0,0.0,12.0,1.0,0.3,0.7,0.0,0.0,0.0,0.0,1.0,0.0,12.0,1.0,0.3,0.7,0.0,0.0,0.0,0.0,1.0,0.0,12.0,1.0,0.3,0.7,132.5,132.5,132.5,132.5,1.0,0.0,12.0,1.0,0.3,0.7,135.0,135.0,135.0,135.0,1.0,0.0,12.0,1.0,0.3,0.7
1974,2,173.0,-64.0,1.7,1.7,1.7,1.7,1.0,0.0,12.0,1.0,0.2,0.5,1.7,1.7,1.7,1.7,1.0,0.0,12.0,1.0,0.2,0.5,4.34,4.34,4.34,4.34,1.0,0.0,12.0,1.0,0.2,0.5,100.0,100.0,100.0,100.0,1.0,0.0,12.0,1.0,0.5,0.0,0.0,0.0,0.0,1.0,0.0,12.0,1.0,0.2,0.5,0.0,0.0,0.0,0.0,1.0,0.0,12.0,1.0,0.2,0.5,0.0,0.0,0.0,0.0,1.0,0.0,12.0,1.0,0.2,0.5,997.6,997.6,997.6,997.6,1.0,0.0,12.0,1.0,0.2,0.5,,,,,,,,,,,,,,,,,,,,,,,,,,,,,,,0.0,0.0,0.0,0.0,1.0,0.0,12.0,1.0,0.2,0.5,0.0,0.0,0.0,0.0,1.0,0.0,12.0,1.0,0.2,0.5,0.0,0.0,0.0,0.0,1.0,0.0,12.0,1.0,0.2,0.5,0.0,0.0,0.0,0.0,1.0,0.0,12.0,1.0,0.2,0.5,0.0,0.0,0.0,0.0,1.0,0.0,12.0,1.0,0.2,0.5,0.0,0.0,0.0,0.0,1.0,0.0,12.0,1.0,0.2,0.5,0.0,0.0,0.0,0.0,1.0,0.0,12.0,1.0,0.2,0.5,0.0,0.0,0.0,0.0,1.0,0.0,12.0,1.0,0.2,0.5,0.0,0.0,0.0,0.0,1.0,0.0,12.0,1.0,0.2,0.5,0.0,0.0,0.0,0.0,1.0,0.0,12.0,1.0,0.2,0.5,0.0,0.0,0.0,0.0,1.0,0.0,12.0,1.0,0.2,0.5,0.0,0.0,0.0,0.0,1.0,0.0,12.0,1.0,0.2,0.5
1974,2,173.0,-62.0,5.0,5.0,5.0,5.0,1.0,0.0,12.0,0.0,0.2,0.1,2.8,2.8,2.8,2.8,1.0,0.0,12.0,0.0,0.2,0.1,4.67,4.67,4.67,4.67,1.0,0.0,12.0,0.0,0.2,0.1,100.0,100.0,100.0,100.0,1.0,0.0,12.0,0.0,0.1,9.3,9.3,9.3,9.3,1.0,0.0,12.0,0.0,0.2,0.1,9.3,9.3,9.3,9.3,1.0,0.0,12.0,0.0,0.2,0.1,0.0,0.0,0.0,0.0,1.0,0.0,12.0,0.0,0.2,0.1,1001.7,1001.7,1001.7,1001.7,1.0,0.0,12.0,0.0,0.2,0.1,8.0,8.0,8.0,8.0,1.0,0.0,12.0,0.0,0.2,0.1,86.5,86.5,86.5,86.5,1.0,0.0,12.0,0.0,0.2,0.1,0.0,0.0,0.0,0.0,1.0,0.0,12.0,0.0,0.2,0.1,2.2,2.2,2.2,2.2,1.0,0.0,12.0,0.0,0.2,0.1,20.5,20.5,20.5,20.5,1.0,0.0,12.0,0.0,0.2,0.1,0.78,0.78,0.78,0.78,1.0,0.0,12.0,0.0,0.2,0.1,7.3,7.3,7.3,7.3,1.0,0.0,12.0,0.0,0.2,0.1,26.0,26.0,26.0,26.0,1.0,0.0,12.0,0.0,0.2,0.1,0.0,0.0,0.0,0.0,1.0,0.0,12.0,0.0,0.2,0.1,43.5,43.5,43.5,43.5,1.0,0.0,12.0,0.0,0.2,0.1,0.0,0.0,0.0,0.0,1.0,0.0,12.0,0.0,0.2,0.1,7.3,7.3,7.3,7.3,1.0,0.0,12.0,0.0,0.2,0.1,0.0,0.0,0.0,0.0,1.0,0.0,12.0,0.0,0.2,0.1,804.5,804.5,804.5,804.5,1.0,0.0,12.0,0.0,0.2,0.1,805.0,805.0,805.0,805.0,1.0,0.0,12.0,0.0,0.2,0.1
1974,2,173.0,-61.0,5.0,5.0,5.0,5.0,1.0,0.0,12.0,1.0,0.5,1.0,6.5,6.5,6.5,6.5,1.0,0.0,12.0,1.0,0.5,1.0,6.04,6.04,6.04,6.04,1.0,0.0,12.0,1.0,0.5,1.0,100.0,100.0,100.0,100.0,1.0,0.0,12.0,1.0,1.0,15.4,15.4,15.4,15.4,1.0,0.0,12.0,1.0,0.5,1.0,15.17,15.17,15.17,15.17,1.0,0.0,12.0,1.0,0.5,1.0,2.67,2.67,2.67,2.67,1.0,0.0,12.0,1.0,0.5,1.0,1004.1,1004.1,1004.1,1004.1,1.0,0.0,12.0,1.0,0.5,1.0,8.0,8.0,8.0,8.0,1.0,0.0,12.0,1.0,0.5,1.0,233.6,233.6,233.6,233.6,1.0,0.0,12.0,1.0,0.5,1.0,41.2,41.2,41.2,41.2,1.0,0.0,12.0,1.0,0.5,1.0,-1.5,-1.5,-1.5,-1.5,1.0,0.0,12.0,1.0,0.5,1.0,-23.1,-23.1,-23.1,-23.1,1.0,0.0,12.0,1.0,0.5,1.0,-0.6,-0.6,-0.6,-0.6,1.0,0.0,12.0,1.0,0.5,1.0,-9.2,-9.2,-9.2,-9.2,1.0,0.0,12.0,1.0,0.5,1.0,98.6,98.6,98.6,98.6,1.0,0.0,12.0,1.0,0.5,1.0,17.4,17.4,17.4,17.4,1.0,0.0,12.0,1.0,0.5,1.0,91.6,91.6,91.6,91.6,1.0,0.0,12.0,1.0,0.5,1.0,16.2,16.2,16.2,16.2,1.0,0.0,12.0,1.0,0.5,1.0,-9.1,-9.1,-9.1,-9.1,1.0,0.0,12.0,1.0,0.5,1.0,-1.6,-1.6,-1.6,-1.6,1.0,0.0,12.0,1.0,0.5,1.0,3652.5,3652.5,3652.5,3652.5,1.0,0.0,12.0,1.0,0.5,1.0,3650.0,3650.0,3650.0,3650.0,1.0,0.0,12.0,1.0,0.5,1.0
1974,2,173.0,-59.0,5.6,5.6,5.6,5.6,1.0,0.0,8.0,1.0,0.5,0.2,4.4,4.4,4.4,4.4,1.0,0.0,8.0,1.0,0.5,0.2,4.06,4.06,4.06,4.06,1.0,0.0,8.0,1.0,0.5,0.2,76.9,76.9,76.9,76.9,1.0,0.0,8.0,1.0,0.2,12.9,12.9,12.9,12.9,1.0,0.0,8.0,1.0,0.5,0.2,12.12,12.12,12.12,12.12,1.0,0.0,8.0,1.0,0.5,0.2,4.41,4.41,4.41,4.41,1.0,0.0,8.0,1.0,0.5,0.2,992.2,992.2,992.2,992.2,1.0,0.0,8.0,1.0,0.5,0.2,8.0,8.0,8.0,8.0,1.0,0.0,8.0,1.0,0.5,0.2,156.4,156.4,156.4,156.4,1.0,0.0,8.0,1.0,0.5,0.2,56.9,56.9,56.9,56.9,1.0,0.0,8.0,1.0,0.5,0.2,1.2,1.2,1.2,1.2,1.0,0.0,8.0,1.0,0.5,0.2,15.5,15.5,15.5,15.5,1.0,0.0,8.0,1.0,0.5,0.2,1.69,1.69,1.69,1.69,1.0,0.0,8.0,1.0,0.5,0.2,21.8,21.8,21.8,21.8,1.0,0.0,8.0,1.0,0.5,0.2,53.3,53.3,53.3,53.3,1.0,0.0,8.0,1.0,0.5,0.2,19.4,19.4,19.4,19.4,1.0,0.0,8.0,1.0,0.5,0.2,49.2,49.2,49.2,49.2,1.0,0.0,8.0,1.0,0.5,0.2,17.9,17.9,17.9,17.9,1.0,0.0,8.0,1.0,0.5,0.2,20.4,20.4,20.4,20.4,1.0,0.0,8.0,1.0,0.5,0.2,7.4,7.4,7.4,7.4,1.0,0.0,8.0,1.0,0.5,0.2,2146.5,2146.5,2146.5,2146.5,1.0,0.0,8.0,1.0,0.5,0.2,2145.0,2145.0,2145.0,2145.0,1.0,0.0,8.0,1.0,0.5,0.2
1974,2,173.0,-58.0,5.85,6.6,7.35,6.6,2.0,1.56,10.0,0.5,0.3,0.3,5.79,6.4,7.01,6.4,2.0,1.27,10.0,0.5,0.3,0.3,3.89,4.51,5.14,4.51,2.0,1.3,10.0,0.5,0.3,0.3,66.8,74.1,81.3,74.1,2.0,15.1,10.0,0.5,0.3,11.11,12.85,14.59,12.85,2.0,3.61,10.0,0.5,0.3,0.3,9.62,11.13,12.64,11.13,2.0,3.12,10.0,0.5,0.3,0.3,-7.3,-6.42,-5.55,-6.42,2.0,1.8,10.0,0.5,0.3,0.3,997.43,998.35,999.27,998.35,2.0,1.91,10.0,0.5,0.3,0.3,6.3,7.0,7.7,7.0,2.0,1.4,10.0,0.5,0.3,0.3,109.9,148.6,187.4,148.6,2.0,80.3,10.0,0.5,0.3,0.3,-108.2,-85.8,-63.4,-85.8,2.0,46.3,10.0,0.5,0.3,0.3,0.06,0.2,0.34,0.2,2.0,0.28,10.0,0.5,0.3,0.3,1.0,3.1,5.2,3.1,2.0,4.4,10.0,0.5,0.3,0.3,1.31,1.62,1.94,1.62,2.0,0.65,10.0,0.5,0.3,0.3,18.5,19.7,20.9,19.7,2.0,2.5,10.0,0.5,0.3,0.3,56.7,73.2,89.7,73.2,2.0,34.2,10.0,0.5,0.3,0.3,-51.8,-42.3,-32.8,-42.3,2.0,19.7,10.0,0.5,0.3,0.3,38.5,52.2,66.0,52.2,2.0,28.5,10.0,0.5,0.3,0.3,-38.1,-30.2,-22.2,-30.2,2.0,16.5,10.0,0.5,0.3,0.3,16.0,17.0,18.1,17.0,2.0,2.2,10.0,0.5,0.3,0.3,-10.4,-9.8,-9.2,-9.8,2.0,1.3,10.0,0.5,0.3,0.3,1499.0,2372.5,3246.0,2372.5,2.0,1810.0,10.0,0.5,0.3,0.3,1500.0,2370.0,3245.0,2370.0,2.0,1810.0,10.0,0.5,0.3,0.3
1974,2,173.0,-57.0,6.1,6.1,6.1,6.1,1.0,0.0,8.0,1.0,0.1,0.1,7.2,7.2,7.2,7.2,1.0,0.0,8.0,1.0,0.1,0.1,5.01,5.01,5.01,5.01,1.0,0.0,8.0,1.0,0.1,0.1,79.0,79.0,79.0,79.0,1.0,0.0,8.0,1.0,0.1,15.4,15.4,15.4,15.4,1.0,0.0,8.0,1.0,0.1,0.1,15.17,15.17,15.17,15.17,1.0,0.0,8.0,1.0,0.1,0.1,-2.67,-2.67,-2.67,-2.67,1.0,0.0,8.0,1.0,0.1,0.1,1002.7,1002.7,1002.7,1002.7,1.0,0.0,8.0,1.0,0.1,0.1,8.0,8.0,8.0,8.0,1.0,0.0,8.0,1.0,0.1,0.1,233.6,233.6,233.6,233.6,1.0,0.0,8.0,1.0,0.1,0.1,-41.2,-41.2,-41.2,-41.2,1.0,0.0,8.0,1.0,0.1,0.1,-1.1,-1.1,-1.1,-1.1,1.0,0.0,8.0,1.0,0.1,0.1,-16.9,-16.9,-16.9,-16.9,1.0,0.0,8.0,1.0,0.1,0.1,0.87,0.87,0.87,0.87,1.0,0.0,8.0,1.0,0.1,0.1,13.5,13.5,13.5,13.5,1.0,0.0,8.0,1.0,0.1,0.1,109.2,109.2,109.2,109.2,1.0,0.0,8.0,1.0,0.1,0.1,-19.3,-19.3,-19.3,-19.3,1.0,0.0,8.0,1.0,0.1,0.1,76.0,76.0,76.0,76.0,1.0,0.0,8.0,1.0,0.1,0.1,-13.4,-13.4,-13.4,-13.4,1.0,0.0,8.0,1.0,0.1,0.1,13.3,13.3,13.3,13.3,1.0,0.0,8.0,1.0,0.1,0.1,-2.3,-2.3,-2.3,-2.3,1.0,0.0,8.0,1.0,0.1,0.1,3652.5,3652.5,3652.5,3652.5,1.0,0.0,8.0,1.0,0.1,0.1,3650.0,3650.0,3650.0,3650.0,1.0,0.0,8.0,1.0,0.1,0.1
1974,2,173.0,-56.0,6.2,6.2,6.2,6.2,1.0,0.0,8.0,0.0,0.1,0.1,6.7,6.7,6.7,6.7,1.0,0.0,8.0,0.0,0.1,0.1,5.14,5.14,5.14,5.14,1.0,0.0,8.0,0.0,0.1,0.1,84.1,84.1,84.1,84.1,1.0,0.0,8.0,0.0,0.1,15.4,15.4,15.4,15.4,1.0,0.0,8.0,0.0,0.1,0.1,15.17,15.17,15.17,15.17,1.0,0.0,8.0,0.0,0.1,0.1,-2.67,-2.67,-2.67,-2.67,1.0,0.0,8.0,0.0,0.1,0.1,1006.1,1006.1,1006.1,1006.1,1.0,0.0,8.0,0.0,0.1,0.1,8.0,8.0,8.0,8.0,1.0,0.0,8.0,0.0,0.1,0.1,233.6,233.6,233.6,233.6,1.0,0.0,8.0,0.0,0.1,0.1,-41.2,-41.2,-41.2,-41.2,1.0,0.0,8.0,0.0,0.1,0.1,-0.5,-0.5,-0.5,-0.5,1.0,0.0,8.0,0.0,0.1,0.1,-7.7,-7.7,-7.7,-7.7,1.0,0.0,8.0,0.0,0.1,0.1,0.77,0.77,0.77,0.77,1.0,0.0,8.0,0.0,0.1,0.1,11.9,11.9,11.9,11.9,1.0,0.0,8.0,0.0,0.1,0.1,101.6,101.6,101.6,101.6,1.0,0.0,8.0,0.0,0.1,0.1,-17.9,-17.9,-17.9,-17.9,1.0,0.0,8.0,0.0,0.1,0.1,77.9,77.9,77.9,77.9,1.0,0.0,8.0,0.0,0.1,0.1,-13.7,-13.7,-13.7,-13.7,1.0,0.0,8.0,0.0,0.1,0.1,11.7,11.7,11.7,11.7,1.0,0.0,8.0,0.0,0.1,0.1,-2.1,-2.1,-2.1,-2.1,1.0,0.0,8.0,0.0,0.1,0.1,3652.5,3652.5,3652.5,3652.5,1.0,0.0,8.0,0.0,0.1,0.1,3650.0,3650.0,3650.0,3650.0,1.0,0.0,8.0,0.0,0.1,0.1
1974,2,173.0,-55.0,7.22,7.25,7.28,7.25,2.0,0.07,8.0,1.0,0.4,0.4,7.72,7.75,7.78,7.75,2.0,0.07,8.0,1.0,0.4,0.4,4.75,4.9,5.05,4.9,2.0,0.3,8.0,1.0,0.4,0.4,73.1,75.1,77.0,75.1,2.0,4.1,8.0,1.0,0.4,10.54,11.05,11.56,11.05,2.0,1.06,8.0,1.0,0.4,0.4,10.41,10.97,11.54,10.97,2.0,1.17,8.0,1.0,0.4,0.4,0.28,0.89,1.5,0.89,2.0,1.26,8.0,1.0,0.4,0.4,1010.68,1011.7,1012.72,1011.7,2.0,2.12,8.0,1.0,0.4,0.4,8.0,8.0,8.0,8.0,2.0,0.0,8.0,1.0,0.4,0.4,110.0,121.9,133.7,121.9,2.0,24.6,8.0,1.0,0.4,0.4,2.9,9.2,15.5,9.2,2.0,13.0,8.0,1.0,0.4,0.4,-0.57,-0.5,-0.43,-0.5,2.0,0.14,8.0,1.0,0.4,0.4,-5.9,-5.4,-5.0,-5.4,2.0,1.0,8.0,1.0,0.4,0.4,1.26,1.41,1.57,1.41,2.0,0.32,8.0,1.0,0.4,0.4,13.4,15.8,18.2,15.8,2.0,5.1,8.0,1.0,0.4,0.4,81.0,85.0,89.0,85.0,2.0,8.3,8.0,1.0,0.4,0.4,2.2,7.0,11.7,7.0,2.0,9.9,8.0,1.0,0.4,0.4,52.4,53.6,54.8,53.6,2.0,2.4,8.0,1.0,0.4,0.4,1.5,4.6,7.7,4.6,2.0,6.5,8.0,1.0,0.4,0.4,13.2,15.7,18.2,15.7,2.0,5.2,8.0,1.0,0.4,0.4,0.3,1.1,1.8,1.1,2.0,1.5,8.0,1.0,0.4,0.4,1180.0,1368.0,1555.5,1368.0,2.0,389.0,8.0,1.0,0.4,0.4,1180.0,1370.0,1555.0,1370.0,2.0,390.0,8.0,1.0,0.4,0.4
1974,2,173.0,-54.0,7.8,7.8,7.8,7.8,1.0,0.0,10.0,1.0,0.3,1.0,9.4,9.4,9.4,9.4,1.0,0.0,10.0,1.0,0.3,1.0,5.31,5.31,5.31,5.31,1.0,0.0,10.0,1.0,0.3,1.0,73.0,73.0,73.0,73.0,1.0,0.0,10.0,1.0,1.0,3.6,3.6,3.6,3.6,1.0,0.0,10.0,1.0,0.3,1.0,0.0,0.0,0.0,0.0,1.0,0.0,10.0,1.0,0.3,1.0,3.6,3.6,3.6,3.6,1.0,0.0,10.0,1.0,0.3,1.0,1014.9,1014.9,1014.9,1014.9,1.0,0.0,10.0,1.0,0.3,1.0,8.0,8.0,8.0,8.0,1.0,0.0,10.0,1.0,0.3,1.0,0.0,0.0,0.0,0.0,1.0,0.0,10.0,1.0,0.3,1.0,13.0,13.0,13.0,13.0,1.0,0.0,10.0,1.0,0.3,1.0,-1.6,-1.6,-1.6,-1.6,1.0,0.0,10.0,1.0,0.3,1.0,-5.8,-5.8,-5.8,-5.8,1.0,0.0,10.0,1.0,0.3,1.0,1.23,1.23,1.23,1.23,1.0,0.0,10.0,1.0,0.3,1.0,4.4,4.4,4.4,4.4,1.0,0.0,10.0,1.0,0.3,1.0,0.0,0.0,0.0,0.0,1.0,0.0,10.0,1.0,0.3,1.0,33.8,33.8,33.8,33.8,1.0,0.0,10.0,1.0,0.3,1.0,0.0,0.0,0.0,0.0,1.0,0.0,10.0,1.0,0.3,1.0,19.1,19.1,19.1,19.1,1.0,0.0,10.0,1.0,0.3,1.0,0.0,0.0,0.0,0.0,1.0,0.0,10.0,1.0,0.3,1.0,4.4,4.4,4.4,4.4,1.0,0.0,10.0,1.0,0.3,1.0,46.5,46.5,46.5,46.5,1.0,0.0,10.0,1.0,0.3,1.0,45.0,45.0,45.0,45.0,1.0,0.0,10.0,1.0,0.3,1.0
1974,2,173.0,-52.0,8.84,9.8,10.76,9.8,2.0,1.98,10.0,0.0,0.1,0.3,8.46,8.6,8.74,8.6,2.0,0.28,10.0,0.0,0.1,0.3,5.25,5.49,5.73,5.49,2.0,0.49,10.0,0.0,0.1,0.3,76.2,80.2,84.2,80.2,2.0,8.2,10.0,0.0,0.3,6.2,6.2,6.2,6.2,2.0,0.0,10.0,0.0,0.1,0.3,-0.57,0.52,1.61,0.52,2.0,2.26,10.0,0.0,0.1,0.3,5.87,5.97,6.06,5.97,2.0,0.2,10.0,0.0,0.1,0.3,1019.7,1022.7,1025.7,1022.7,2.0,6.22,10.0,0.0,0.1,0.3,8.0,8.0,8.0,8.0,2.0,0.0,10.0,0.0,0.1,0.3,-3.5,3.2,10.0,3.2,2.0,14.0,10.0,0.0,0.1,0.3,36.4,37.0,37.6,37.0,2.0,1.2,10.0,0.0,0.1,0.3,0.38,1.2,2.02,1.2,2.0,1.7,10.0,0.0,0.1,0.3,2.4,7.4,12.5,7.4,2.0,10.5,10.0,0.0,0.1,0.3,1.27,1.97,2.66,1.97,2.0,1.44,10.0,0.0,0.1,0.3,7.9,12.2,16.5,12.2,2.0,8.9,10.0,0.0,0.1,0.3,-5.1,4.2,13.5,4.2,2.0,19.3,10.0,0.0,0.1,0.3,49.7,51.3,53.0,51.3,2.0,3.4,10.0,0.0,0.1,0.3,-2.7,3.4,9.5,3.4,2.0,12.7,10.0,0.0,0.1,0.3,31.8,32.7,33.6,32.7,2.0,1.9,10.0,0.0,0.1,0.3,-2.4,-0.6,1.2,-0.6,2.0,3.7,10.0,0.0,0.1,0.3,7.6,11.9,16.2,11.9,2.0,9.0,10.0,0.0,0.1,0.3,238.5,238.5,238.5,238.5,2.0,0.0,10.0,0.0,0.1,0.3,240.0,240.0,240.0,240.0,2.0,0.0,10.0,0.0,0.1,0.3
1974,2,173.0,-51.0,9.76,9.9,10.04,9.9,2.0,0.28,16.0,0.5,0.3,0.6,8.3,8.3,8.3,8.3,1.0,0.0,10.0,1.0,0.1,0.3,6.52,6.52,6.52,6.52,1.0,0.0,10.0,1.0,0.1,0.3,96.7,96.7,96.7,96.7,1.0,0.0,10.0,1.0,0.3,5.24,5.55,5.86,5.55,2.0,0.64,16.0,0.5,0.3,0.6,-5.19,-3.44,-1.7,-3.44,2.0,3.62,16.0,0.5,0.3,0.6,0.8,2.51,4.23,2.51,2.0,3.55,16.0,0.5,0.3,0.6,1020.72,1027.2,1033.68,1027.2,2.0,13.44,16.0,0.5,0.3,0.6,5.3,6.0,6.7,6.0,2.0,1.4,16.0,0.5,0.3,0.6,-31.0,-20.3,-9.5,-20.3,2.0,22.3,16.0,0.5,0.3,0.6,4.1,12.8,21.5,12.8,2.0,18.1,16.0,0.5,0.3,0.6,1.4,1.4,1.4,1.4,1.0,0.0,10.0,1.0,0.1,0.3,7.1,7.1,7.1,7.1,1.0,0.0,10.0,1.0,0.1,0.3,0.9,0.9,0.9,0.9,1.0,0.0,10.0,1.0,0.1,0.3,4.6,4.6,4.6,4.6,1.0,0.0,10.0,1.0,0.1,0.3,-7.4,-7.4,-7.4,-7.4,1.0,0.0,10.0,1.0,0.1,0.3,41.7,41.7,41.7,41.7,1.0,0.0,10.0,1.0,0.1,0.3,-5.8,-5.8,-5.8,-5.8,1.0,0.0,10.0,1.0,0.1,0.3,32.7,32.7,32.7,32.7,1.0,0.0,10.0,1.0,0.1,0.3,-0.8,-0.8,-0.8,-0.8,1.0,0.0,10.0,1.0,0.1,0.3,4.5,4.5,4.5,4.5,1.0,0.0,10.0,1.0,0.1,0.3,146.0,174.5,203.0,174.5,2.0,59.0,16.0,0.5,0.3,0.6,145.0,175.0,205.0,175.0,2.0,60.0,16.0,0.5,0.3,0.6
1974,2,173.0,-50.0,10.43,10.5,10.98,10.7,3.0,0.44,14.0,1.0,0.3,0.5,8.99,9.4,9.95,9.47,3.0,0.7,14.0,1.0,0.3,0.5,5.38,5.73,6.08,5.73,2.0,0.73,10.0,1.0,0.3,0.5,76.3,80.3,84.3,80.3,2.0,8.3,10.0,1.0,0.5,7.5,10.3,12.76,10.13,3.0,3.85,14.0,1.0,0.3,0.5,-4.86,-1.08,1.31,-1.76,3.0,4.56,14.0,1.0,0.3,0.5,6.67,7.89,11.85,9.23,3.0,3.96,14.0,1.0,0.3,0.5,1014.64,1019.9,1028.71,1021.63,3.0,10.41,14.0,1.0,0.3,0.5,4.6,8.0,8.0,6.3,3.0,2.9,14.0,1.0,0.3,0.5,-48.7,-6.7,20.8,-13.8,3.0,51.2,14.0,1.0,0.3,0.5,51.6,81.3,155.7,103.1,3.0,78.5,14.0,1.0,0.3,0.5,0.52,1.0,1.96,1.23,3.0,1.07,14.0,1.0,0.3,0.5,4.8,6.2,18.8,11.7,3.0,11.3,14.0,1.0,0.3,0.5,1.76,2.27,2.79,2.27,2.0,1.07,10.0,1.0,0.3,0.5,12.9,20.3,27.8,20.3,2.0,15.4,10.0,1.0,0.3,0.5,-43.0,-10.1,13.6,-14.6,3.0,41.6,14.0,1.0,0.3,0.5,61.2,69.4,117.3,88.8,3.0,44.4,14.0,1.0,0.3,0.5,-30.1,-20.6,-11.1,-20.6,2.0,19.7,10.0,1.0,0.3,0.5,38.6,39.6,40.7,39.6,2.0,2.1,10.0,1.0,0.3,0.5,-17.1,-10.9,-4.6,-10.9,2.0,13.0,10.0,1.0,0.3,0.5,11.6,16.6,21.6,16.6,2.0,10.4,10.0,1.0,0.3,0.5,509.5,1092.5,2180.0,1339.0,3.0,1242.0,14.0,1.0,0.3,0.5,510.0,1095.0,2180.0,1340.0,3.0,1240.0,14.0,1.0,0.3,0.5
1974,2,173.0,-49.0,11.45,12.2,12.95,12.2,2.0,1.56,10.0,1.0,0.3,0.7,10.71,10.95,11.19,10.95,2.0,0.49,10.0,1.0,0.3,0.7,6.65,7.05,7.44,7.05,2.0,0.83,10.0,1.0,0.3,0.7,83.7,87.0,90.2,87.0,2.0,6.7,10.0,1.0,0.7,7.01,8.75,10.49,8.75,2.0,3.61,10.0,1.0,0.3,0.7,-8.4,-5.43,-2.46,-5.43,2.0,6.16,10.0,1.0,0.3,0.7,5.72,5.88,6.03,5.88,2.0,0.32,10.0,1.0,0.3,0.7,1011.18,1014.8,1018.42,1014.8,2.0,7.5,10.0,1.0,0.3,0.7,8.0,8.0,8.0,8.0,1.0,0.0,10.0,1.0,0.4,0.5,-94.1,-58.6,-23.2,-58.6,2.0,73.5,10.0,1.0,0.3,0.7,42.0,50.9,59.7,50.9,2.0,18.4,10.0,1.0,0.3,0.7,0.74,1.25,1.76,1.25,2.0,1.06,10.0,1.0,0.3,0.7,6.2,12.9,19.5,12.9,2.0,13.8,10.0,1.0,0.3,0.7,1.7,1.77,1.84,1.77,2.0,0.14,10.0,1.0,0.3,0.7,12.1,15.7,19.4,15.7,2.0,7.6,10.0,1.0,0.3,0.7,-94.8,-61.0,-27.2,-61.0,2.0,70.1,10.0,1.0,0.3,0.7,64.0,64.3,64.6,64.3,2.0,0.6,10.0,1.0,0.3,0.7,-63.9,-40.8,-17.7,-40.8,2.0,47.9,10.0,1.0,0.3,0.7,40.0,41.3,42.5,41.3,2.0,2.6,10.0,1.0,0.3,0.7,-15.7,-10.1,-4.4,-10.1,2.0,11.7,10.0,1.0,0.3,0.7,10.2,10.4,10.5,10.4,2.0,0.3,10.0,1.0,0.3,0.7,429.5,840.5,1251.5,840.5,2.0,852.0,10.0,1.0,0.3,0.7,430.0,840.0,1250.0,840.0,2.0,850.0,10.0,1.0,0.3,0.7
1974,2,173.0,-48.0,10.1,10.1,10.1,10.1,1.0,0.0,10.0,0.0,0.7,0.8,10.57,11.15,11.73,11.15,2.0,1.2,8.0,0.5,0.4,0.5,7.75,7.9,8.04,7.9,2.0,0.3,8.0,0.5,0.4,0.5,94.6,96.8,99.0,96.8,2.0,4.5,8.0,0.5,0.5,4.1,4.1,4.1,4.1,2.0,0.0,8.0,0.5,0.4,0.5,-2.92,-0.9,1.11,-0.9,2.0,4.17,8.0,0.5,0.4,0.5,-0.62,1.07,2.76,1.07,2.0,3.5,8.0,0.5,0.4,0.5,1017.04,1019.5,1021.96,1019.5,2.0,5.09,8.0,0.5,0.4,0.5,4.6,6.0,7.4,6.0,2.0,2.8,8.0,0.5,0.4,0.5,-12.0,-3.7,4.6,-3.7,2.0,17.1,8.0,0.5,0.4,0.5,-2.5,4.4,11.3,4.4,2.0,14.4,8.0,0.5,0.4,0.5,-0.2,-0.2,-0.2,-0.2,1.0,0.0,10.0,0.0,0.7,0.8,-0.8,-0.8,-0.8,-0.8,1.0,0.0,10.0,0.0,0.7,0.8,-0.1,-0.1,-0.1,-0.1,1.0,0.0,10.0,0.0,0.7,0.8,-0.4,-0.4,-0.4,-0.4,1.0,0.0,10.0,0.0,0.7,0.8,-35.5,-12.6,10.4,-12.6,2.0,47.6,8.0,0.5,0.4,0.5,-8.4,9.9,28.1,9.9,2.0,37.8,8.0,0.5,0.4,0.5,-23.8,-7.7,8.3,-7.7,2.0,33.2,8.0,0.5,0.4,0.5,-5.2,8.0,21.1,8.0,2.0,27.3,8.0,0.5,0.4,0.5,-0.2,-0.2,-0.2,-0.2,1.0,0.0,10.0,0.0,0.7,0.8,-0.4,-0.4,-0.4,-0.4,1.0,0.0,10.0,0.0,0.7,0.8,69.0,69.0,69.0,69.0,2.0,0.0,8.0,0.5,0.4,0.5,70.0,70.0,70.0,70.0,2.0,0.0,8.0,0.5,0.4,0.5
1974,2,173.0,-47.0,13.3,13.3,13.3,13.3,1.0,0.0,8.0,1.0,0.1,0.6,15.7,15.7,15.7,15.7,1.0,0.0,8.0,1.0,0.1,0.6,10.34,10.34,10.34,10.34,1.0,0.0,8.0,1.0,0.1,0.6,93.2,93.2,93.2,93.2,1.0,0.0,8.0,1.0,0.6,7.2,7.2,7.2,7.2,1.0,0.0,8.0,1.0,0.1,0.6,-6.77,-6.77,-6.77,-6.77,1.0,0.0,8.0,1.0,0.1,0.6,2.46,2.46,2.46,2.46,1.0,0.0,8.0,1.0,0.1,0.6,1009.5,1009.5,1009.5,1009.5,1.0,0.0,8.0,1.0,0.1,0.6,,,,,,,,,,,,,,,,,,,,,,,,,,,,,,,-2.4,-2.4,-2.4,-2.4,1.0,0.0,8.0,1.0,0.1,0.6,-17.3,-17.3,-17.3,-17.3,1.0,0.0,8.0,1.0,0.1,0.6,-0.84,-0.84,-0.84,-0.84,1.0,0.0,8.0,1.0,0.1,0.6,-6.1,-6.1,-6.1,-6.1,1.0,0.0,8.0,1.0,0.1,0.6,-106.2,-106.2,-106.2,-106.2,1.0,0.0,8.0,1.0,0.1,0.6,38.7,38.7,38.7,38.7,1.0,0.0,8.0,1.0,0.1,0.6,-70.0,-70.0,-70.0,-70.0,1.0,0.0,8.0,1.0,0.1,0.6,25.5,25.5,25.5,25.5,1.0,0.0,8.0,1.0,0.1,0.6,5.7,5.7,5.7,5.7,1.0,0.0,8.0,1.0,0.1,0.6,-2.1,-2.1,-2.1,-2.1,1.0,0.0,8.0,1.0,0.1,0.6,373.0,373.0,373.0,373.0,1.0,0.0,8.0,1.0,0.1,0.6,375.0,375.0,375.0,375.0,1.0,0.0,8.0,1.0,0.1,0.6
1974,2,173.0,-46.0,,,,,,,,,,,,,,,,,,,,,,,,,,,,,,,,,,,,,,,,3.1,3.1,3.1,3.1,1.0,0.0,20.0,1.0,0.5,0.7,-1.99,-1.99,-1.99,-1.99,1.0,0.0,20.0,1.0,0.5,0.7,2.37,2.37,2.37,2.37,1.0,0.0,20.0,1.0,0.5,0.7,1029.2,1029.2,1029.2,1029.2,1.0,0.0,20.0,1.0,0.5,0.7,,,,,,,,,,,,,,,,,,,,,,,,,,,,,,,,,,,,,,,,,,,,,,,,,,,,,,,,,,,,,,,,,,,,,,,,,,,,,,,,,,,,,,,,,,,,,,,,,,,,,,,,,,,,,,,,,,,,,,,,,,,,,,,,,,,,,,,,,,,,,,,,,,,,,,
1974,2,173.0,-45.0,,,,,,,,,,,,,,,,,,,,,,,,,,,,,,,,,,,,,,,,0.0,6.2,9.87,5.53,29.0,4.34,18.0,0.8,0.6,0.8,-6.09,0.0,1.48,-1.5,29.0,4.93,18.0,0.8,0.6,0.8,-6.77,0.0,3.89,-1.11,29.0,4.75,18.0,0.8,0.6,0.8,1012.56,1017.95,1024.42,1019.27,30.0,6.94,18.0,0.8,0.6,0.8,,,,,,,,,,,,,,,,,,,,,,,,,,,,,,,,,,,,,,,,,,,,,,,,,,,,,,,,,,,,,,,,,,,,,,,,,,,,,,,,,,,,,,,,,,,,,,,,,,,,,,,,,,,,,,,,,,,,,,,,,,,,,,,,,,,,,,,,,,,,,,,,,,,,,,
1974,2,173.0,-44.0,15.0,16.1,17.0,16.24,26.0,1.21,14.0,0.5,0.5,0.6,14.01,17.0,19.0,16.37,33.0,3.22,14.0,0.4,0.4,0.6,8.17,10.02,12.52,10.05,9.0,2.26,14.0,0.2,0.4,0.8,77.1,87.8,88.3,83.5,9.0,6.1,14.0,0.2,0.8,0.08,4.1,9.25,4.94,33.0,4.19,14.0,0.4,0.4,0.6,-3.95,0.0,5.69,0.1,33.0,4.6,14.0,0.4,0.4,0.6,-2.97,0.0,3.49,0.17,33.0,4.64,14.0,0.4,0.4,0.6,1008.02,1015.2,1028.99,1017.53,33.0,9.46,14.0,0.4,0.4,0.6,2.0,5.5,8.0,5.1,30.0,2.6,14.0,0.4,0.4,0.6,-17.6,0.0,42.7,7.2,33.0,48.5,14.0,0.4,0.4,0.6,-20.3,0.0,16.8,6.3,33.0,50.6,14.0,0.4,0.4,0.6,-1.9,-0.45,3.0,0.17,26.0,2.66,14.0,0.5,0.5,0.6,-5.4,0.0,15.4,6.9,26.0,21.8,14.0,0.5,0.5,0.6,-0.36,2.72,3.58,1.96,9.0,2.13,14.0,0.2,0.4,0.8,0.9,7.1,23.3,12.6,9.0,16.4,14.0,0.2,0.4,0.8,-66.2,0.0,67.7,-2.0,33.0,68.2,14.0,0.4,0.4,0.6,-50.0,0.0,52.7,-2.8,33.0,66.1,14.0,0.4,0.4,0.6,-57.1,-9.2,30.3,-13.7,9.0,53.1,14.0,0.2,0.4,0.8,-65.5,-23.9,5.6,-28.4,9.0,34.9,14.0,0.2,0.4,0.8,-13.0,-2.1,0.0,0.1,9.0,19.3,14.0,0.2,0.4,0.8,-6.7,-2.1,4.5,-2.3,9.0,8.2,14.0,0.2,0.4,0.8,0.0,69.0,793.0,423.5,33.0,779.0,14.0,0.4,0.4,0.6,0.0,70.0,795.0,425.0,33.0,780.0,14.0,0.4,0.4,0.6
1974,2,173.0,-43.0,18.0,18.0,18.0,18.0,1.0,0.0,4.0,0.0,0.7,0.5,13.9,15.0,18.05,15.57,7.0,2.37,18.0,0.0,0.5,0.2,10.67,10.67,10.67,10.67,1.0,0.0,4.0,0.0,0.7,0.5,82.6,82.6,82.6,82.6,1.0,0.0,4.0,0.0,0.5,4.9,6.7,9.44,6.83,7.0,3.5,18.0,0.0,0.5,0.2,-7.23,-3.18,0.0,-3.34,7.0,3.47,18.0,0.0,0.5,0.2,-8.77,0.0,6.22,-0.61,7.0,6.41,18.0,0.0,0.5,0.2,1009.47,1012.3,1019.53,1013.4,7.0,6.43,18.0,0.0,0.5,0.2,0.0,0.0,0.5,0.2,4.0,0.5,20.0,0.0,0.5,0.2,-54.0,-26.0,0.0,-29.2,7.0,35.8,18.0,0.0,0.5,0.2,-82.9,0.0,38.7,-16.1,7.0,60.2,18.0,0.0,0.5,0.2,0.0,0.0,0.0,0.0,1.0,0.0,4.0,0.0,0.7,0.5,0.0,0.0,0.0,0.0,1.0,0.0,4.0,0.0,0.7,0.5,2.26,2.26,2.26,2.26,1.0,0.0,4.0,0.0,0.7,0.5,2.3,2.3,2.3,2.3,1.0,0.0,4.0,0.0,0.7,0.5,-110.0,-50.9,0.0,-54.4,7.0,59.5,18.0,0.0,0.5,0.2,-141.7,0.0,75.6,-18.0,7.0,104.3,18.0,0.0,0.5,0.2,0.0,0.0,0.0,0.0,1.0,0.0,4.0,0.0,0.7,0.5,10.7,10.7,10.7,10.7,1.0,0.0,4.0,0.0,0.7,0.5,0.0,0.0,0.0,0.0,1.0,0.0,4.0,0.0,0.7,0.5,2.3,2.3,2.3,2.3,1.0,0.0,4.0,0.0,0.7,0.5,126.5,301.0,855.0,530.0,7.0,638.5,18.0,0.0,0.5,0.2,125.0,300.0,855.0,530.0,7.0,640.0,18.0,0.0,0.5,0.2
1974,2,173.0,-42.0,,,,,,,,,,,,,,,,,,,,,,,,,,,,,,,,,,,,,,,,9.3,9.3,9.3,9.3,1.0,0.0,22.0,1.0,0.3,1.0,-8.05,-8.05,-8.05,-8.05,1.0,0.0,22.0,1.0,0.3,1.0,4.65,4.65,4.65,4.65,1.0,0.0,22.0,1.0,0.3,1.0,1020.8,1020.8,1020.8,1020.8,1.0,0.0,22.0,1.0,0.3,1.0,,,,,,,,,,,,,,,,,,,,,,,,,,,,,,,,,,,,,,,,,,,,,,,,,,,,,,,,,,,,,,,,,,,,,,,,,,,,,,,,,,,,,,,,,,,,,,,,,,,,,,,,,,,,,,,,,,,,,,,,,,,,,,,,,,,,,,,,,,,,,,,,,,,,,,
1974,2,173.0,-41.0,17.0,18.0,19.5,18.12,17.0,1.29,8.0,0.8,0.4,0.6,17.26,19.0,20.72,19.01,28.0,1.8,14.0,0.9,0.3,0.6,9.82,13.52,13.68,12.31,9.0,2.6,14.0,0.8,0.4,0.4,74.0,88.5,99.5,86.8,9.0,12.3,14.0,0.8,0.4,2.6,5.1,9.68,5.96,25.0,3.75,12.0,0.9,0.3,0.6,-4.05,0.71,4.13,0.27,25.0,5.25,12.0,0.9,0.3,0.6,-5.04,-1.3,3.3,-0.81,25.0,4.76,12.0,0.9,0.3,0.6,1006.67,1016.3,1023.11,1015.26,29.0,7.36,14.0,0.9,0.3,0.6,2.1,6.0,8.0,5.2,27.0,2.6,14.0,0.9,0.4,0.6,-24.5,2.3,21.7,4.1,25.0,59.2,12.0,0.9,0.3,0.6,-30.6,-2.8,17.8,0.2,25.0,49.2,12.0,0.9,0.3,0.6,-2.62,-1.1,0.0,-1.27,16.0,1.49,10.0,0.9,0.3,0.5,-14.8,-3.4,0.0,-6.2,16.0,8.4,10.0,0.9,0.3,0.5,-1.39,0.17,2.85,0.69,7.0,2.06,12.0,0.7,0.4,0.4,-7.5,0.0,11.0,3.1,7.0,12.0,12.0,0.7,0.4,0.4,-71.1,13.0,94.9,8.1,23.0,101.6,12.0,0.9,0.3,0.6,-101.3,-23.4,45.5,-21.2,23.0,87.0,12.0,0.9,0.3,0.6,-49.9,21.0,54.3,8.5,9.0,63.1,14.0,0.8,0.4,0.4,-62.0,0.0,13.2,-20.4,9.0,60.6,14.0,0.8,0.4,0.4,-10.0,-0.3,0.4,-4.6,7.0,10.8,12.0,0.7,0.4,0.4,-2.0,0.0,4.5,0.3,7.0,3.5,12.0,0.7,0.4,0.4,17.5,132.5,926.5,494.0,25.0,856.5,12.0,0.9,0.3,0.6,20.0,135.0,925.0,495.0,25.0,855.0,12.0,0.9,0.3,0.6
1974,2,173.0,-40.0,16.97,19.0,19.99,18.42,14.0,2.07,10.0,0.4,0.2,0.6,19.0,20.6,21.7,20.44,16.0,1.45,14.0,0.6,0.2,0.6,12.47,12.81,15.62,13.69,6.0,1.78,12.0,0.3,0.2,0.7,78.7,97.0,100.0,91.1,6.0,12.0,12.0,0.3,0.7,2.6,5.15,8.44,5.62,18.0,3.22,12.0,0.4,0.3,0.6,-3.66,0.0,0.99,-0.89,18.0,3.49,12.0,0.4,0.3,0.6,-7.28,-1.83,3.52,-1.15,18.0,5.42,12.0,0.4,0.3,0.6,1014.31,1018.2,1021.49,1017.53,20.0,5.23,12.0,0.5,0.3,0.6,1.0,2.5,8.0,3.6,20.0,3.0,12.0,0.5,0.3,0.6,-29.6,0.0,3.0,-11.3,18.0,32.2,12.0,0.4,0.3,0.6,-54.7,-5.8,13.3,-6.2,18.0,48.4,12.0,0.4,0.3,0.6,-4.29,-1.0,0.29,-1.59,10.0,2.67,12.0,0.5,0.2,0.6,-16.3,-8.1,-0.1,-8.1,8.0,7.7,12.0,0.5,0.1,0.6,-3.47,-0.96,0.0,-1.7,4.0,2.3,6.0,0.3,0.0,0.6,-14.8,-12.7,-4.0,-9.5,3.0,8.3,8.0,0.3,0.0,0.6,-109.8,-13.3,18.6,-31.6,14.0,73.4,14.0,0.6,0.2,0.6,-122.9,-14.4,80.4,-3.4,14.0,109.7,14.0,0.6,0.2,0.6,-69.3,-17.6,14.5,-28.7,5.0,51.8,14.0,0.4,0.2,0.7,-70.2,43.5,64.3,3.9,5.0,86.7,14.0,0.4,0.2,0.7,-3.0,0.0,3.7,0.3,3.0,4.9,8.0,0.3,0.0,0.6,3.8,11.9,13.9,8.9,3.0,7.8,8.0,0.3,0.0,0.6,17.5,153.5,605.0,356.0,18.0,486.0,12.0,0.4,0.3,0.6,20.0,155.0,605.0,355.0,18.0,485.0,12.0,0.4,0.3,0.6
1974,2,173.0,-39.0,19.99,20.9,21.57,20.72,19.0,1.07,14.0,0.4,0.4,0.5,18.5,20.5,21.94,20.13,14.0,1.8,18.0,0.6,0.5,0.4,12.07,12.57,13.66,12.94,7.0,0.95,16.0,0.6,0.4,0.5,79.1,88.3,94.1,86.2,7.0,9.1,16.0,0.6,0.5,2.0,6.2,11.0,6.5,21.0,4.68,16.0,0.5,0.4,0.5,-4.87,0.87,2.83,-0.08,21.0,4.62,16.0,0.5,0.4,0.5,-1.0,0.98,5.33,1.06,21.0,6.61,16.0,0.5,0.4,0.5,1014.13,1016.25,1022.0,1017.55,22.0,4.25,16.0,0.5,0.4,0.5,2.0,4.0,5.0,3.7,21.0,2.0,16.0,0.4,0.4,0.5,-38.7,0.9,27.6,1.8,21.0,47.5,16.0,0.5,0.4,0.5,-2.0,1.0,42.0,10.2,21.0,88.7,16.0,0.5,0.4,0.5,-0.5,0.85,1.68,0.77,12.0,1.47,16.0,0.6,0.4,0.4,-1.9,4.1,26.5,9.2,11.0,22.6,18.0,0.6,0.5,0.4,1.72,2.41,3.49,2.6,6.0,1.69,14.0,0.5,0.4,0.5,8.2,13.0,19.1,13.8,5.0,9.1,16.0,0.6,0.5,0.6,-49.2,29.9,89.9,23.7,13.0,89.2,18.0,0.6,0.5,0.5,14.5,71.0,134.6,63.5,13.0,129.3,18.0,0.6,0.5,0.5,-52.7,-15.5,23.8,-17.7,6.0,56.1,18.0,0.7,0.5,0.6,10.6,44.8,71.4,43.4,6.0,35.4,18.0,0.7,0.5,0.6,-12.9,0.4,8.7,-2.3,5.0,13.9,16.0,0.6,0.5,0.6,1.4,11.3,12.9,7.9,5.0,6.3,16.0,0.6,0.5,0.6,8.0,238.5,1331.0,742.5,21.0,1244.0,16.0,0.5,0.4,0.5,10.0,240.0,1330.0,740.0,21.0,1245.0,16.0,0.5,0.4,0.5
1974,2,173.0,-38.0,20.98,22.0,23.02,22.0,4.0,1.29,14.0,1.0,0.4,0.5,20.88,22.0,22.05,21.5,7.0,1.44,14.0,0.9,0.2,0.5,13.09,14.41,15.89,14.48,4.0,1.66,14.0,1.0,0.4,0.5,82.4,90.7,97.2,89.8,4.0,9.4,14.0,1.0,0.5,2.05,9.3,12.62,8.6,7.0,6.2,14.0,0.9,0.2,0.5,-9.91,-7.91,-0.12,-6.06,7.0,5.58,14.0,0.9,0.2,0.5,-9.56,-4.65,-1.68,-5.14,7.0,4.47,14.0,0.9,0.2,0.5,1016.61,1019.6,1023.02,1019.61,7.0,3.47,14.0,0.9,0.2,0.5,2.0,6.0,8.0,5.4,7.0,2.8,14.0,0.9,0.2,0.5,-108.1,-74.9,-0.1,-80.8,7.0,96.7,14.0,0.9,0.2,0.5,-121.4,-36.3,-3.6,-66.2,7.0,82.5,14.0,0.9,0.2,0.5,-0.5,0.0,1.02,0.25,4.0,0.96,14.0,1.0,0.4,0.5,-5.5,0.2,2.3,-1.5,4.0,5.6,14.0,1.0,0.4,0.5,0.5,1.01,3.45,1.93,4.0,2.25,14.0,1.0,0.4,0.5,3.2,4.2,7.3,5.2,4.0,2.9,14.0,1.0,0.4,0.5,-227.3,-146.3,-2.6,-130.9,7.0,122.5,14.0,0.9,0.2,0.5,-178.8,-102.3,-35.3,-108.7,7.0,93.8,14.0,0.9,0.2,0.5,-141.6,-26.4,6.3,-65.8,4.0,109.2,14.0,1.0,0.4,0.5,-140.3,-56.0,-5.0,-71.9,4.0,87.9,14.0,1.0,0.4,0.5,-4.5,-1.2,0.4,-2.0,4.0,3.6,14.0,1.0,0.4,0.5,-4.4,-2.7,1.4,-1.6,4.0,4.7,14.0,1.0,0.4,0.5,9.0,804.5,2100.0,1552.0,7.0,2434.0,14.0,0.9,0.2,0.5,10.0,805.0,2100.0,1550.0,7.0,2435.0,14.0,0.9,0.2,0.5
1974,2,173.0,-37.0,21.0,21.35,22.09,21.48,8.0,0.7,16.0,0.4,0.3,0.8,21.56,22.0,23.0,22.39,8.0,1.12,18.0,0.4,0.3,0.7,12.79,16.48,17.28,15.21,5.0,2.7,18.0,0.4,0.3,0.8,81.4,89.7,100.0,89.8,5.0,11.2,18.0,0.4,0.8,2.6,4.85,6.52,4.5,8.0,2.83,16.0,0.4,0.3,0.8,-5.04,-2.24,0.0,-2.41,8.0,2.35,16.0,0.4,0.3,0.8,-2.0,0.0,5.96,1.32,8.0,4.12,16.0,0.4,0.3,0.8,1013.44,1021.0,1022.68,1019.0,9.0,4.26,16.0,0.4,0.3,0.7,6.8,7.0,7.0,6.4,7.0,2.0,16.0,0.6,0.2,0.7,-26.0,-12.3,0.0,-13.3,8.0,13.5,16.0,0.4,0.3,0.8,-5.2,0.0,39.9,14.2,8.0,31.8,16.0,0.4,0.3,0.8,-2.5,-1.0,0.14,-0.86,7.0,1.35,16.0,0.3,0.4,0.7,-12.0,-6.7,0.0,-5.8,7.0,5.8,16.0,0.3,0.4,0.7,-0.38,1.66,3.72,1.67,4.0,2.4,18.0,0.3,0.3,0.8,-2.0,0.1,5.8,1.8,4.0,6.3,18.0,0.3,0.3,0.8,-113.4,-27.3,0.0,-46.8,7.0,53.0,16.0,0.3,0.4,0.7,-47.8,0.0,149.5,33.6,7.0,96.9,16.0,0.3,0.4,0.7,-48.3,-7.3,0.0,-23.4,4.0,37.6,18.0,0.3,0.3,0.8,-34.4,-12.6,0.0,-17.0,4.0,20.9,18.0,0.3,0.3,0.8,-2.8,0.0,2.0,-0.4,4.0,3.8,18.0,0.3,0.3,0.8,-5.0,-0.1,0.0,-2.4,4.0,4.6,18.0,0.3,0.3,0.8,17.5,115.0,282.0,188.0,8.0,267.5,16.0,0.4,0.3,0.8,20.0,115.0,280.0,190.0,8.0,265.0,16.0,0.4,0.3,0.8
1974,2,173.0,-36.0,21.05,21.75,22.45,21.75,4.0,0.81,16.0,0.5,0.1,0.5,19.71,21.25,22.52,21.13,4.0,1.75,20.0,0.3,0.2,0.4,12.83,12.9,13.37,13.1,3.0,0.43,22.0,0.3,0.2,0.4,84.1,86.1,91.4,87.7,3.0,5.6,22.0,0.3,0.4,4.31,6.45,8.59,6.45,4.0,3.15,20.0,0.5,0.2,0.4,-2.94,-1.48,-0.55,-1.73,4.0,1.67,20.0,0.5,0.2,0.4,-1.25,4.6,8.46,3.65,4.0,6.39,20.0,0.5,0.2,0.4,1014.05,1018.5,1021.68,1017.94,5.0,4.0,18.0,0.4,0.2,0.4,0.6,2.0,6.4,3.2,5.0,3.1,18.0,0.4,0.2,0.4,-21.7,-13.1,-3.7,-12.7,4.0,11.0,20.0,0.5,0.2,0.4,-12.2,25.5,75.8,31.5,4.0,57.2,20.0,0.5,0.2,0.4,-1.21,0.5,1.46,0.13,3.0,1.98,16.0,0.3,0.0,0.5,5.7,11.3,17.0,11.3,2.0,11.6,18.0,0.5,0.0,0.6,3.41,3.64,3.87,3.64,2.0,0.47,18.0,0.5,0.0,0.6,23.7,30.7,37.7,30.7,2.0,14.5,18.0,0.5,0.0,0.6,-71.5,-36.7,-26.7,-48.8,3.0,34.4,22.0,0.3,0.2,0.4,-31.5,125.4,181.7,76.3,3.0,161.9,22.0,0.3,0.2,0.4,-44.3,-23.1,-17.5,-30.7,3.0,20.7,22.0,0.3,0.2,0.4,-17.2,84.5,116.1,50.3,3.0,102.1,22.0,0.3,0.2,0.4,-12.2,-10.1,-8.1,-10.1,2.0,4.3,18.0,0.5,0.0,0.6,-6.8,12.3,31.4,12.3,2.0,39.6,18.0,0.5,0.0,0.6,122.5,269.5,715.5,412.5,4.0,469.5,20.0,0.5,0.2,0.4,125.0,270.0,715.0,410.0,4.0,470.0,20.0,0.5,0.2,0.4
1974,2,173.0,-35.0,20.69,22.5,23.3,21.97,15.0,1.43,16.0,0.7,0.4,0.4,20.91,22.25,23.0,22.09,14.0,1.51,16.0,0.7,0.4,0.4,12.22,14.56,16.37,14.07,11.0,2.11,16.0,0.7,0.4,0.5,80.7,87.2,91.1,86.0,11.0,7.8,16.0,0.7,0.5,2.6,3.1,5.35,3.88,13.0,1.93,16.0,0.8,0.4,0.4,-2.79,-1.42,2.26,-0.48,13.0,2.92,16.0,0.8,0.4,0.4,-2.34,-0.54,3.11,0.41,13.0,3.34,16.0,0.8,0.4,0.4,1012.29,1016.4,1020.78,1016.51,15.0,4.03,16.0,0.7,0.4,0.4,4.0,7.0,7.0,5.9,15.0,2.0,16.0,0.7,0.4,0.4,-10.1,-5.9,6.1,-0.5,13.0,16.2,16.0,0.8,0.4,0.4,-8.5,-1.7,12.6,6.0,13.0,22.2,16.0,0.8,0.4,0.4,-1.97,-0.25,1.49,-0.19,14.0,1.69,16.0,0.7,0.4,0.4,-6.0,-0.6,10.7,0.9,12.0,8.3,16.0,0.8,0.4,0.4,0.73,3.18,3.94,2.36,11.0,1.92,16.0,0.7,0.4,0.5,3.5,8.8,24.5,12.8,9.0,12.2,18.0,0.8,0.4,0.5,-66.6,-14.9,48.4,-9.5,12.0,67.4,16.0,0.8,0.4,0.4,-54.6,-6.3,69.6,10.1,12.0,73.3,16.0,0.8,0.4,0.4,-44.4,0.0,25.9,-1.1,9.0,43.1,18.0,0.8,0.4,0.5,-34.3,0.0,62.5,14.5,9.0,50.6,18.0,0.8,0.4,0.5,-3.9,0.0,9.4,2.8,9.0,8.6,18.0,0.8,0.4,0.5,-5.1,0.0,16.4,6.6,9.0,14.2,18.0,0.8,0.4,0.5,17.5,30.0,163.5,108.5,13.0,179.0,16.0,0.8,0.4,0.4,20.0,30.0,165.0,110.0,13.0,180.0,16.0,0.8,0.4,0.4
1974,2,173.0,-34.0,21.32,22.0,22.82,22.07,3.0,1.1,12.0,1.0,0.8,0.3,22.26,23.0,23.0,22.7,5.0,0.41,12.0,0.8,0.7,0.4,12.78,13.38,14.97,13.78,5.0,1.45,12.0,0.8,0.7,0.4,73.6,80.1,87.4,80.6,5.0,9.5,12.0,0.8,0.4,2.02,2.6,6.18,4.02,5.0,3.41,12.0,0.8,0.7,0.4,-2.36,-2.05,-1.32,-1.84,5.0,0.74,12.0,0.8,0.7,0.4,-5.78,-1.3,-0.32,-2.96,5.0,4.01,12.0,0.8,0.7,0.4,1013.34,1016.3,1018.31,1016.0,5.0,3.51,12.0,0.8,0.7,0.4,4.0,4.0,5.7,4.8,5.0,1.3,12.0,0.8,0.7,0.4,-11.4,-6.7,-4.0,-7.6,5.0,5.8,12.0,0.8,0.7,0.4,-43.8,-3.4,-0.1,-22.4,5.0,40.8,12.0,0.8,0.7,0.4,-1.2,-1.0,-0.18,-0.7,3.0,0.79,12.0,1.0,0.8,0.3,-4.5,-2.6,-0.7,-2.6,3.0,2.8,12.0,1.0,0.8,0.3,1.97,2.07,3.66,2.79,3.0,1.39,12.0,1.0,0.8,0.3,4.6,5.0,7.4,6.0,3.0,2.2,12.0,1.0,0.8,0.3,-54.4,-45.7,-29.4,-41.8,5.0,17.0,12.0,0.8,0.7,0.4,-128.5,-29.9,-7.4,-66.1,5.0,88.9,12.0,0.8,0.7,0.4,-31.0,-26.9,-20.2,-25.4,5.0,10.4,12.0,0.8,0.7,0.4,-85.8,-15.5,-4.1,-43.8,5.0,63.8,12.0,0.8,0.7,0.4,-4.7,-4.2,-3.3,-4.0,3.0,1.1,12.0,1.0,0.8,0.3,-6.1,-3.4,-0.5,-3.3,3.0,4.1,12.0,1.0,0.8,0.3,11.5,17.5,387.5,209.5,5.0,410.0,12.0,0.8,0.7,0.4,10.0,20.0,385.0,210.0,5.0,410.0,12.0,0.8,0.7,0.4
1974,2,173.0,-33.0,22.32,23.0,23.68,23.0,2.0,1.41,10.0,1.0,0.1,0.6,22.19,23.0,23.29,22.82,5.0,0.7,16.0,0.6,0.2,0.6,14.58,15.52,16.14,15.41,5.0,0.82,16.0,0.6,0.2,0.6,86.5,88.5,91.3,88.9,5.0,4.3,16.0,0.6,0.6,3.37,12.3,12.3,8.62,5.0,5.09,16.0,0.6,0.2,0.6,-12.11,-11.56,-0.89,-7.44,5.0,6.17,16.0,0.6,0.2,0.6,-2.89,-2.1,2.76,-0.49,5.0,3.35,16.0,0.6,0.2,0.6,1010.29,1010.6,1011.44,1010.8,5.0,0.62,16.0,0.6,0.2,0.6,3.2,8.0,8.0,5.8,5.0,3.5,16.0,0.6,0.2,0.6,-149.0,-142.2,-3.6,-89.2,5.0,78.9,16.0,0.6,0.2,0.6,-35.6,-4.4,19.6,-8.1,5.0,31.6,16.0,0.6,0.2,0.6,0.07,0.85,1.63,0.85,2.0,1.63,10.0,1.0,0.1,0.6,0.8,10.5,20.1,10.5,2.0,20.0,10.0,1.0,0.1,0.6,1.07,2.29,3.51,2.29,2.0,2.53,10.0,1.0,0.1,0.6,13.2,28.2,43.2,28.2,2.0,31.1,10.0,1.0,0.1,0.6,-270.9,-257.7,-20.5,-167.0,5.0,138.4,16.0,0.6,0.2,0.6,-66.0,-47.0,63.5,-10.6,5.0,76.2,16.0,0.6,0.2,0.6,-179.6,-176.6,-13.8,-112.0,5.0,92.7,16.0,0.6,0.2,0.6,-46.4,-31.1,41.6,-8.4,5.0,52.1,16.0,0.6,0.2,0.6,-42.5,-27.6,-12.7,-27.6,2.0,30.8,10.0,1.0,0.1,0.6,-7.7,-5.4,-3.2,-5.4,2.0,4.7,10.0,1.0,0.1,0.6,47.0,1861.0,1861.0,1132.0,5.0,998.0,16.0,0.6,0.2,0.6,45.0,1860.0,1860.0,1130.0,5.0,1000.0,16.0,0.6,0.2,0.6
1974,2,173.0,-32.0,24.0,24.0,24.0,24.0,1.0,0.0,24.0,0.0,0.4,0.7,24.0,24.0,24.0,24.0,3.0,0.0,22.0,0.3,0.4,0.7,16.64,17.02,17.4,17.02,2.0,0.79,22.0,0.5,0.5,0.7,90.4,94.1,98.1,94.2,3.0,5.7,22.0,0.3,0.7,1.76,3.6,7.06,4.38,4.0,3.6,20.0,0.5,0.5,0.7,-5.19,-2.61,-0.42,-2.8,4.0,2.82,20.0,0.5,0.5,0.7,-4.48,-1.29,0.8,-1.81,4.0,3.96,20.0,0.5,0.5,0.7,1009.36,1009.7,1012.29,1010.8,3.0,2.35,18.0,0.7,0.5,0.7,2.5,3.5,6.1,4.3,4.0,2.6,20.0,0.5,0.5,0.7,-38.6,-11.1,-1.1,-19.4,4.0,25.7,20.0,0.5,0.5,0.7,-38.2,-4.1,2.9,-17.0,4.0,33.3,20.0,0.5,0.5,0.7,,,,,,,,,,,,,,,,,,,,,,,,,,,,,,,,,,,,,,,,,-77.6,-21.3,-6.8,-41.7,3.0,54.8,22.0,0.3,0.4,0.7,-33.4,-24.0,32.4,-1.0,3.0,52.1,22.0,0.3,0.4,0.7,-62.3,-43.4,-24.4,-43.4,2.0,39.3,22.0,0.5,0.5,0.7,-15.0,8.5,32.0,8.5,2.0,48.7,22.0,0.5,0.5,0.7,,,,,,,,,,,,,,,,,,,,,,,,,,,,,,,,,,,,,,,,
1974,2,173.0,-31.0,22.95,24.25,24.76,23.88,4.0,1.31,14.0,0.5,0.6,0.6,22.78,24.0,24.0,23.48,5.0,0.74,14.0,0.6,0.6,0.5,14.89,16.54,17.96,16.27,5.0,2.49,14.0,0.6,0.6,0.5,82.7,94.1,96.3,89.8,5.0,10.5,14.0,0.6,0.5,4.23,4.6,8.6,6.06,5.0,2.52,14.0,0.6,0.6,0.5,-6.61,-4.32,-3.54,-5.02,5.0,1.8,14.0,0.6,0.6,0.5,-4.48,-2.8,-1.23,-3.02,5.0,2.49,14.0,0.6,0.6,0.5,1008.76,1011.5,1014.54,1012.02,5.0,4.32,14.0,0.6,0.6,0.5,6.6,7.0,8.0,7.2,5.0,0.8,14.0,0.6,0.6,0.5,-58.4,-19.9,-15.0,-33.5,5.0,23.9,14.0,0.6,0.6,0.5,-38.8,-13.6,-5.4,-22.5,5.0,25.7,14.0,0.6,0.6,0.5,-0.21,0.25,0.76,0.28,4.0,0.61,14.0,0.5,0.6,0.6,-0.8,1.2,5.4,2.3,4.0,4.2,14.0,0.5,0.6,0.6,0.8,2.5,3.81,2.31,4.0,1.87,14.0,0.5,0.6,0.6,3.7,11.5,21.6,12.6,4.0,11.6,14.0,0.5,0.6,0.6,-154.8,-103.7,-82.7,-118.0,5.0,43.8,14.0,0.6,0.6,0.5,-104.9,-67.3,-29.1,-70.8,5.0,57.0,14.0,0.6,0.6,0.5,-109.1,-75.8,-57.5,-82.1,5.0,32.3,14.0,0.6,0.6,0.5,-78.0,-46.4,-20.3,-50.9,5.0,41.5,14.0,0.6,0.6,0.5,-20.6,-11.2,-3.5,-12.0,4.0,11.0,14.0,0.5,0.6,0.6,-6.1,-2.6,-1.3,-3.7,4.0,4.0,14.0,0.5,0.6,0.6,79.0,97.5,644.0,319.5,5.0,340.0,14.0,0.6,0.6,0.5,80.0,95.0,645.0,320.0,5.0,340.0,14.0,0.6,0.6,0.5
1974,2,173.0,-30.0,,,,,,,,,,,,,,,,,,,,,,,,,,,,,,,,,,,,,,,,5.74,8.2,10.66,8.2,2.0,5.09,20.0,1.0,0.4,0.7,-10.01,-7.71,-5.4,-7.71,2.0,4.78,20.0,1.0,0.4,0.7,-0.68,1.23,3.15,1.23,2.0,3.97,20.0,1.0,0.4,0.7,1010.87,1011.65,1012.44,1011.65,2.0,1.63,20.0,1.0,0.4,0.7,5.0,5.0,5.0,5.0,2.0,0.0,20.0,1.0,0.4,0.7,-113.2,-75.4,-37.5,-75.4,2.0,78.5,20.0,1.0,0.4,0.7,1.5,20.2,38.9,20.2,2.0,38.8,20.0,1.0,0.4,0.7,,,,,,,,,,,,,,,,,,,,,,,,,,,,,,,,,,,,,,,,,-259.7,-198.2,-136.7,-198.2,2.0,127.4,20.0,1.0,0.4,0.7,-16.4,32.8,82.0,32.8,2.0,102.0,20.0,1.0,0.4,0.7,-75.7,-75.7,-75.7,-75.7,1.0,0.0,20.0,1.0,0.8,0.4,-27.6,-27.6,-27.6,-27.6,1.0,0.0,20.0,1.0,0.8,0.4,,,,,,,,,,,,,,,,,,,,,,,,,,,,,,,,,,,,,,,,
1974,2,173.0,-26.0,26.92,26.95,26.98,26.95,2.0,0.07,26.0,1.0,0.3,0.5,25.1,25.3,25.5,25.3,2.0,0.42,26.0,1.0,0.3,0.5,17.02,18.01,18.99,18.01,2.0,2.04,26.0,1.0,0.3,0.5,83.3,89.4,95.4,89.4,2.0,12.5,26.0,1.0,0.5,3.33,4.9,6.47,4.9,2.0,3.25,26.0,1.0,0.3,0.5,-6.11,-3.99,-1.87,-3.99,2.0,4.39,26.0,1.0,0.3,0.5,1.44,1.85,2.25,1.85,2.0,0.84,26.0,1.0,0.3,0.5,1007.68,1009.15,1010.62,1009.15,2.0,3.04,26.0,1.0,0.3,0.5,5.0,5.0,5.0,5.0,2.0,0.0,26.0,1.0,0.3,0.5,-43.3,-26.7,-10.0,-26.7,2.0,34.5,26.0,1.0,0.3,0.5,6.8,7.7,8.6,7.7,2.0,1.9,26.0,1.0,0.3,0.5,1.41,1.65,1.89,1.65,2.0,0.49,26.0,1.0,0.3,0.5,5.9,7.3,8.7,7.3,2.0,2.9,26.0,1.0,0.3,0.5,3.34,4.31,5.28,4.31,2.0,2.02,26.0,1.0,0.3,0.5,12.9,24.4,35.9,24.4,2.0,23.9,26.0,1.0,0.3,0.5,-156.2,-101.9,-47.5,-101.9,2.0,112.6,26.0,1.0,0.3,0.5,36.6,46.5,56.5,46.5,2.0,20.6,26.0,1.0,0.3,0.5,-101.6,-67.4,-33.2,-67.4,2.0,70.8,26.0,1.0,0.3,0.5,25.0,34.1,43.3,34.1,2.0,19.0,26.0,1.0,0.3,0.5,-34.6,-21.6,-8.6,-21.6,2.0,26.9,26.0,1.0,0.3,0.5,7.1,7.1,7.1,7.1,2.0,0.1,26.0,1.0,0.3,0.5,74.0,195.5,317.0,195.5,2.0,251.5,26.0,1.0,0.3,0.5,75.0,195.0,315.0,195.0,2.0,250.0,26.0,1.0,0.3,0.5
1974,2,173.0,-25.0,26.0,26.0,26.0,26.0,1.0,0.0,6.0,0.0,0.3,0.3,25.0,25.0,25.0,25.0,1.0,0.0,6.0,0.0,0.3,0.3,16.61,16.61,16.61,16.61,1.0,0.0,6.0,0.0,0.3,0.3,83.9,83.9,83.9,83.9,1.0,0.0,6.0,0.0,0.3,8.7,8.7,8.7,8.7,1.0,0.0,6.0,0.0,0.3,0.3,-6.66,-6.66,-6.66,-6.66,1.0,0.0,6.0,0.0,0.3,0.3,-5.59,-5.59,-5.59,-5.59,1.0,0.0,6.0,0.0,0.3,0.3,1010.6,1010.6,1010.6,1010.6,1.0,0.0,6.0,0.0,0.3,0.3,7.0,7.0,7.0,7.0,1.0,0.0,6.0,0.0,0.3,0.3,-58.0,-58.0,-58.0,-58.0,1.0,0.0,6.0,0.0,0.3,0.3,-48.7,-48.7,-48.7,-48.7,1.0,0.0,6.0,0.0,0.3,0.3,1.0,1.0,1.0,1.0,1.0,0.0,6.0,0.0,0.3,0.3,8.7,8.7,8.7,8.7,1.0,0.0,6.0,0.0,0.3,0.3,4.45,4.45,4.45,4.45,1.0,0.0,6.0,0.0,0.3,0.3,38.7,38.7,38.7,38.7,1.0,0.0,6.0,0.0,0.3,0.3,-166.6,-166.6,-166.6,-166.6,1.0,0.0,6.0,0.0,0.3,0.3,-139.8,-139.8,-139.8,-139.8,1.0,0.0,6.0,0.0,0.3,0.3,-110.7,-110.7,-110.7,-110.7,1.0,0.0,6.0,0.0,0.3,0.3,-92.9,-92.9,-92.9,-92.9,1.0,0.0,6.0,0.0,0.3,0.3,-29.6,-29.6,-29.6,-29.6,1.0,0.0,6.0,0.0,0.3,0.3,-24.9,-24.9,-24.9,-24.9,1.0,0.0,6.0,0.0,0.3,0.3,658.5,658.5,658.5,658.5,1.0,0.0,6.0,0.0,0.3,0.3,660.0,660.0,660.0,660.0,1.0,0.0,6.0,0.0,0.3,0.3
1974,2,173.0,-23.0,27.46,28.65,29.0,28.25,4.0,1.08,18.0,1.0,0.3,0.7,28.09,28.85,29.71,28.9,4.0,0.97,18.0,1.0,0.3,0.7,16.87,18.56,20.37,18.62,4.0,2.12,18.0,1.0,0.3,0.7,68.7,76.7,80.6,74.7,4.0,8.0,18.0,1.0,0.7,6.2,6.45,8.06,7.1,4.0,1.49,18.0,1.0,0.3,0.7,-7.49,-5.43,-4.52,-5.98,4.0,2.0,18.0,1.0,0.3,0.7,-4.2,-1.05,2.6,-0.81,4.0,4.12,18.0,1.0,0.3,0.7,1009.32,1011.0,1012.47,1010.9,4.0,1.87,18.0,1.0,0.3,0.7,3.0,4.5,5.5,4.3,4.0,1.7,18.0,1.0,0.3,0.7,-60.6,-33.7,-29.1,-44.4,4.0,25.0,18.0,1.0,0.3,0.7,-32.1,-11.5,16.1,-8.1,4.0,28.6,18.0,1.0,0.3,0.7,-1.15,-1.05,-0.11,-0.65,4.0,0.9,18.0,1.0,0.3,0.7,-7.1,-6.8,0.2,-3.6,4.0,6.8,18.0,1.0,0.3,0.7,4.3,4.98,6.71,5.48,4.0,1.68,18.0,1.0,0.3,0.7,27.7,38.3,49.7,38.7,4.0,12.7,18.0,1.0,0.3,0.7,-210.7,-155.0,-134.2,-171.6,4.0,53.4,18.0,1.0,0.3,0.7,-123.5,-30.0,75.7,-24.2,4.0,121.2,18.0,1.0,0.3,0.7,-140.8,-98.6,-83.7,-111.6,4.0,41.8,18.0,1.0,0.3,0.7,-86.3,-21.9,43.0,-21.6,4.0,78.0,18.0,1.0,0.3,0.7,-42.7,-32.4,-22.4,-32.5,4.0,12.9,18.0,1.0,0.3,0.7,-19.3,-6.2,18.7,-0.6,4.0,24.1,18.0,1.0,0.3,0.7,238.5,269.5,564.5,395.5,4.0,274.0,18.0,1.0,0.3,0.7,240.0,270.0,565.0,395.0,4.0,275.0,18.0,1.0,0.3,0.7
1974,2,173.0,-22.0,26.65,28.1,30.6,28.1,7.0,1.91,16.0,0.3,0.8,0.4,27.0,27.6,28.41,27.77,6.0,0.92,18.0,0.3,0.8,0.4,18.51,19.9,20.19,19.53,6.0,1.17,18.0,0.3,0.8,0.4,77.1,83.2,90.0,83.6,6.0,8.0,18.0,0.3,0.4,6.2,6.7,8.69,7.9,6.0,3.21,18.0,0.3,0.8,0.4,-7.9,-5.13,-3.99,-6.06,6.0,2.69,18.0,0.3,0.8,0.4,-5.33,2.78,4.75,0.25,6.0,5.82,18.0,0.3,0.8,0.4,1003.1,1005.6,1011.72,1006.87,6.0,4.1,18.0,0.3,0.8,0.4,1.6,3.0,8.0,4.0,6.0,3.3,18.0,0.3,0.8,0.4,-73.3,-34.4,-24.7,-54.7,6.0,51.9,18.0,0.3,0.8,0.4,-50.4,18.9,29.4,-10.9,6.0,64.1,18.0,0.3,0.8,0.4,-2.52,-0.05,3.6,0.33,6.0,2.77,18.0,0.3,0.8,0.4,-21.0,-0.4,22.3,-1.7,6.0,23.1,18.0,0.3,0.8,0.4,1.78,4.17,7.9,4.57,6.0,3.13,18.0,0.3,0.8,0.4,13.2,36.0,49.0,32.2,6.0,18.0,18.0,0.3,0.8,0.4,-222.9,-144.2,-107.6,-169.1,6.0,77.4,18.0,0.3,0.8,0.4,-146.2,80.5,128.2,6.7,6.0,162.1,18.0,0.3,0.8,0.4,-141.9,-105.1,-79.5,-116.8,6.0,47.4,18.0,0.3,0.8,0.4,-107.6,54.0,94.4,5.5,6.0,113.0,18.0,0.3,0.8,0.4,-34.3,-26.2,-10.1,-24.3,6.0,14.1,18.0,0.3,0.8,0.4,-8.1,8.5,37.5,11.5,6.0,22.5,18.0,0.3,0.8,0.4,238.5,301.0,913.0,739.5,6.0,1101.5,18.0,0.3,0.8,0.4,240.0,300.0,915.0,740.0,6.0,1100.0,18.0,0.3,0.8,0.4
1974,2,173.0,-21.0,28.5,28.5,28.5,28.5,1.0,0.0,8.0,1.0,0.6,0.5,29.0,29.0,29.0,29.0,1.0,0.0,8.0,1.0,0.6,0.5,25.34,25.34,25.34,25.34,1.0,0.0,8.0,1.0,0.6,0.5,100.0,100.0,100.0,100.0,1.0,0.0,8.0,1.0,0.5,5.1,5.1,5.1,5.1,1.0,0.0,8.0,1.0,0.6,0.5,0.89,0.89,0.89,0.89,1.0,0.0,8.0,1.0,0.6,0.5,5.02,5.02,5.02,5.02,1.0,0.0,8.0,1.0,0.6,0.5,1003.8,1003.8,1003.8,1003.8,1.0,0.0,8.0,1.0,0.6,0.5,1.0,1.0,1.0,1.0,1.0,0.0,8.0,1.0,0.6,0.5,4.5,4.5,4.5,4.5,1.0,0.0,8.0,1.0,0.6,0.5,25.6,25.6,25.6,25.6,1.0,0.0,8.0,1.0,0.6,0.5,-0.5,-0.5,-0.5,-0.5,1.0,0.0,8.0,1.0,0.6,0.5,-2.5,-2.5,-2.5,-2.5,1.0,0.0,8.0,1.0,0.6,0.5,-0.74,-0.74,-0.74,-0.74,1.0,0.0,8.0,1.0,0.6,0.5,-3.8,-3.8,-3.8,-3.8,1.0,0.0,8.0,1.0,0.6,0.5,25.7,25.7,25.7,25.7,1.0,0.0,8.0,1.0,0.6,0.5,145.7,145.7,145.7,145.7,1.0,0.0,8.0,1.0,0.6,0.5,22.4,22.4,22.4,22.4,1.0,0.0,8.0,1.0,0.6,0.5,127.2,127.2,127.2,127.2,1.0,0.0,8.0,1.0,0.6,0.5,-0.7,-0.7,-0.7,-0.7,1.0,0.0,8.0,1.0,0.6,0.5,-3.7,-3.7,-3.7,-3.7,1.0,0.0,8.0,1.0,0.6,0.5,132.5,132.5,132.5,132.5,1.0,0.0,8.0,1.0,0.6,0.5,135.0,135.0,135.0,135.0,1.0,0.0,8.0,1.0,0.6,0.5
1974,2,173.0,-20.0,27.7,27.7,27.7,27.7,1.0,0.0,12.0,0.0,0.1,0.6,27.3,27.3,27.3,27.3,1.0,0.0,12.0,0.0,0.1,0.6,17.76,17.76,17.76,17.76,1.0,0.0,12.0,0.0,0.1,0.6,78.3,78.3,78.3,78.3,1.0,0.0,12.0,0.0,0.6,7.7,7.7,7.7,7.7,1.0,0.0,12.0,0.0,0.1,0.6,-5.9,-5.9,-5.9,-5.9,1.0,0.0,12.0,0.0,0.1,0.6,4.95,4.95,4.95,4.95,1.0,0.0,12.0,0.0,0.1,0.6,1011.1,1011.1,1011.1,1011.1,1.0,0.0,12.0,0.0,0.1,0.6,4.0,4.0,4.0,4.0,1.0,0.0,12.0,0.0,0.1,0.6,-45.4,-45.4,-45.4,-45.4,1.0,0.0,12.0,0.0,0.1,0.6,38.1,38.1,38.1,38.1,1.0,0.0,12.0,0.0,0.1,0.6,0.4,0.4,0.4,0.4,1.0,0.0,12.0,0.0,0.1,0.6,3.1,3.1,3.1,3.1,1.0,0.0,12.0,0.0,0.1,0.6,5.53,5.53,5.53,5.53,1.0,0.0,12.0,0.0,0.1,0.6,42.6,42.6,42.6,42.6,1.0,0.0,12.0,0.0,0.1,0.6,-161.0,-161.0,-161.0,-161.0,1.0,0.0,12.0,0.0,0.1,0.6,135.1,135.1,135.1,135.1,1.0,0.0,12.0,0.0,0.1,0.6,-104.8,-104.8,-104.8,-104.8,1.0,0.0,12.0,0.0,0.1,0.6,87.9,87.9,87.9,87.9,1.0,0.0,12.0,0.0,0.1,0.6,-32.6,-32.6,-32.6,-32.6,1.0,0.0,12.0,0.0,0.1,0.6,27.4,27.4,27.4,27.4,1.0,0.0,12.0,0.0,0.1,0.6,456.5,456.5,456.5,456.5,1.0,0.0,12.0,0.0,0.1,0.6,455.0,455.0,455.0,455.0,1.0,0.0,12.0,0.0,0.1,0.6
1974,2,173.0,-19.0,27.29,27.9,28.51,27.9,2.0,1.27,26.0,1.0,0.4,0.7,27.3,27.95,28.6,27.95,2.0,1.34,26.0,1.0,0.4,0.7,18.74,19.25,19.77,19.25,2.0,1.06,26.0,1.0,0.4,0.7,80.4,81.3,82.2,81.3,2.0,1.9,26.0,1.0,0.7,2.68,2.85,3.02,2.85,2.0,0.35,26.0,1.0,0.4,0.7,-1.76,-1.27,-0.77,-1.27,2.0,1.03,26.0,1.0,0.4,0.7,1.89,2.36,2.83,2.36,2.0,0.98,26.0,1.0,0.4,0.7,1006.76,1007.1,1007.44,1007.1,2.0,0.71,26.0,1.0,0.4,0.7,3.6,5.0,6.4,5.0,2.0,2.8,26.0,1.0,0.4,0.7,-4.6,-3.4,-2.2,-3.4,2.0,2.5,26.0,1.0,0.4,0.7,5.2,6.9,8.7,6.9,2.0,3.6,26.0,1.0,0.4,0.7,-1.31,-0.05,1.21,-0.05,2.0,2.62,26.0,1.0,0.4,0.7,-4.2,-0.6,3.0,-0.6,2.0,7.5,26.0,1.0,0.4,0.7,3.06,4.44,5.82,4.44,2.0,2.86,26.0,1.0,0.4,0.7,9.0,12.1,15.3,12.1,2.0,6.6,26.0,1.0,0.4,0.7,-47.7,-34.7,-21.6,-34.7,2.0,27.0,26.0,1.0,0.4,0.7,52.0,66.7,81.4,66.7,2.0,30.5,26.0,1.0,0.4,0.7,-32.7,-23.8,-14.9,-23.8,2.0,18.4,26.0,1.0,0.4,0.7,35.7,46.0,56.3,46.0,2.0,21.3,26.0,1.0,0.4,0.7,-11.0,-7.1,-3.1,-7.1,2.0,8.2,26.0,1.0,0.4,0.7,7.9,9.1,10.3,9.1,2.0,2.4,26.0,1.0,0.4,0.7,19.5,23.5,28.0,23.5,2.0,8.5,26.0,1.0,0.4,0.7,20.0,25.0,30.0,25.0,2.0,10.0,26.0,1.0,0.4,0.7
1974,2,173.0,-18.0,26.5,26.5,26.5,26.5,1.0,0.0,6.0,1.0,0.2,0.5,28.33,29.05,29.77,29.05,2.0,1.48,10.0,1.0,0.5,0.7,18.84,19.05,19.26,19.05,2.0,0.43,10.0,1.0,0.5,0.7,71.8,75.8,79.9,75.8,2.0,8.4,10.0,1.0,0.7,3.51,4.4,5.29,4.4,2.0,1.84,10.0,1.0,0.5,0.7,-4.82,-3.67,-2.53,-3.67,2.0,2.38,10.0,1.0,0.5,0.7,2.02,2.16,2.31,2.16,2.0,0.3,10.0,1.0,0.5,0.7,1006.51,1008.05,1009.59,1008.05,2.0,3.18,10.0,1.0,0.5,0.7,4.2,4.5,4.8,4.5,2.0,0.7,10.0,1.0,0.5,0.7,-26.7,-18.4,-10.0,-18.4,2.0,17.2,10.0,1.0,0.5,0.7,8.0,9.2,10.5,9.2,2.0,2.7,10.0,1.0,0.5,0.7,-1.5,-1.5,-1.5,-1.5,1.0,0.0,6.0,1.0,0.2,0.5,-4.6,-4.6,-4.6,-4.6,1.0,0.0,6.0,1.0,0.2,0.5,2.35,2.35,2.35,2.35,1.0,0.0,6.0,1.0,0.2,0.5,7.3,7.3,7.3,7.3,1.0,0.0,6.0,1.0,0.2,0.5,-144.5,-108.5,-72.5,-108.5,2.0,74.5,10.0,1.0,0.5,0.7,59.9,62.6,65.3,62.6,2.0,5.5,10.0,1.0,0.5,0.7,-90.6,-69.5,-48.4,-69.5,2.0,43.7,10.0,1.0,0.5,0.7,38.0,41.3,44.5,41.3,2.0,6.7,10.0,1.0,0.5,0.7,-4.7,-4.7,-4.7,-4.7,1.0,0.0,6.0,1.0,0.2,0.5,5.6,5.6,5.6,5.6,1.0,0.0,6.0,1.0,0.2,0.5,54.5,107.5,160.5,107.5,2.0,110.0,10.0,1.0,0.5,0.7,55.0,105.0,160.0,105.0,2.0,110.0,10.0,1.0,0.5,0.7
1974,2,173.0,-17.0,,,,,,,,,,,,,,,,,,,,,,,,,,,,,,,,,,,,,,,,4.1,4.1,4.1,4.1,1.0,0.0,4.0,0.0,0.3,1.0,2.64,2.64,2.64,2.64,1.0,0.0,4.0,0.0,0.3,1.0,-3.14,-3.14,-3.14,-3.14,1.0,0.0,4.0,0.0,0.3,1.0,1010.0,1010.0,1010.0,1010.0,1.0,0.0,4.0,0.0,0.3,1.0,,,,,,,,,,,,,,,,,,,,,,,,,,,,,,,,,,,,,,,,,,,,,,,,,,,,,,,,,,,,,,,,,,,,,,,,,,,,,,,,,,,,,,,,,,,,,,,,,,,,,,,,,,,,,,,,,,,,,,,,,,,,,,,,,,,,,,,,,,,,,,,,,,,,,,
1974,2,173.0,-14.0,28.5,28.5,28.5,28.5,1.0,0.0,28.0,1.0,0.7,0.3,28.0,28.0,28.0,28.0,1.0,0.0,28.0,1.0,0.7,0.3,19.06,19.06,19.06,19.06,1.0,0.0,28.0,1.0,0.7,0.3,80.3,80.3,80.3,80.3,1.0,0.0,28.0,1.0,0.3,9.8,9.8,9.8,9.8,1.0,0.0,28.0,1.0,0.7,0.3,6.3,6.3,6.3,6.3,1.0,0.0,28.0,1.0,0.7,0.3,-7.51,-7.51,-7.51,-7.51,1.0,0.0,28.0,1.0,0.7,0.3,1007.4,1007.4,1007.4,1007.4,1.0,0.0,28.0,1.0,0.7,0.3,7.0,7.0,7.0,7.0,1.0,0.0,28.0,1.0,0.7,0.3,61.7,61.7,61.7,61.7,1.0,0.0,28.0,1.0,0.7,0.3,-73.6,-73.6,-73.6,-73.6,1.0,0.0,28.0,1.0,0.7,0.3,0.5,0.5,0.5,0.5,1.0,0.0,28.0,1.0,0.7,0.3,4.9,4.9,4.9,4.9,1.0,0.0,28.0,1.0,0.7,0.3,5.45,5.45,5.45,5.45,1.0,0.0,28.0,1.0,0.7,0.3,53.4,53.4,53.4,53.4,1.0,0.0,28.0,1.0,0.7,0.3,176.4,176.4,176.4,176.4,1.0,0.0,28.0,1.0,0.7,0.3,-210.2,-210.2,-210.2,-210.2,1.0,0.0,28.0,1.0,0.7,0.3,120.1,120.1,120.1,120.1,1.0,0.0,28.0,1.0,0.7,0.3,-143.1,-143.1,-143.1,-143.1,1.0,0.0,28.0,1.0,0.7,0.3,34.3,34.3,34.3,34.3,1.0,0.0,28.0,1.0,0.7,0.3,-40.9,-40.9,-40.9,-40.9,1.0,0.0,28.0,1.0,0.7,0.3,941.0,941.0,941.0,941.0,1.0,0.0,28.0,1.0,0.7,0.3,940.0,940.0,940.0,940.0,1.0,0.0,28.0,1.0,0.7,0.3
1974,2,173.0,5.0,,,,,,,,,,,,,,,,,,,,,,,,,,,,,,,,,,,,,,,,7.7,7.7,7.7,7.7,1.0,0.0,10.0,1.0,0.8,0.5,-6.67,-6.67,-6.67,-6.67,1.0,0.0,10.0,1.0,0.8,0.5,3.85,3.85,3.85,3.85,1.0,0.0,10.0,1.0,0.8,0.5,1004.4,1004.4,1004.4,1004.4,1.0,0.0,10.0,1.0,0.8,0.5,,,,,,,,,,,,,,,,,,,,,,,,,,,,,,,,,,,,,,,,,,,,,,,,,,,,,,,,,,,,,,,,,,,,,,,,,,,,,,,,,,,,,,,,,,,,,,,,,,,,,,,,,,,,,,,,,,,,,,,,,,,,,,,,,,,,,,,,,,,,,,,,,,,,,,
1974,2,173.0,6.0,27.9,27.9,27.9,27.9,1.0,0.0,12.0,1.0,0.4,0.9,29.1,29.1,29.1,29.1,1.0,0.0,12.0,1.0,0.4,0.9,18.0,18.0,18.0,18.0,1.0,0.0,12.0,1.0,0.4,0.9,71.4,71.4,71.4,71.4,1.0,0.0,12.0,1.0,0.9,6.2,6.2,6.2,6.2,1.0,0.0,12.0,1.0,0.4,0.9,-5.83,-5.83,-5.83,-5.83,1.0,0.0,12.0,1.0,0.4,0.9,-2.12,-2.12,-2.12,-2.12,1.0,0.0,12.0,1.0,0.4,0.9,1009.8,1009.8,1009.8,1009.8,1.0,0.0,12.0,1.0,0.4,0.9,7.0,7.0,7.0,7.0,1.0,0.0,12.0,1.0,0.4,0.9,-36.1,-36.1,-36.1,-36.1,1.0,0.0,12.0,1.0,0.4,0.9,-13.1,-13.1,-13.1,-13.1,1.0,0.0,12.0,1.0,0.4,0.9,-1.2,-1.2,-1.2,-1.2,1.0,0.0,12.0,1.0,0.4,0.9,-7.4,-7.4,-7.4,-7.4,1.0,0.0,12.0,1.0,0.4,0.9,5.6,5.6,5.6,5.6,1.0,0.0,12.0,1.0,0.4,0.9,34.7,34.7,34.7,34.7,1.0,0.0,12.0,1.0,0.4,0.9,-169.5,-169.5,-169.5,-169.5,1.0,0.0,12.0,1.0,0.4,0.9,-61.7,-61.7,-61.7,-61.7,1.0,0.0,12.0,1.0,0.4,0.9,-104.9,-104.9,-104.9,-104.9,1.0,0.0,12.0,1.0,0.4,0.9,-38.2,-38.2,-38.2,-38.2,1.0,0.0,12.0,1.0,0.4,0.9,-32.6,-32.6,-32.6,-32.6,1.0,0.0,12.0,1.0,0.4,0.9,-11.9,-11.9,-11.9,-11.9,1.0,0.0,12.0,1.0,0.4,0.9,238.5,238.5,238.5,238.5,1.0,0.0,12.0,1.0,0.4,0.9,240.0,240.0,240.0,240.0,1.0,0.0,12.0,1.0,0.4,0.9
1974,2,173.0,12.0,26.12,27.25,28.38,27.25,2.0,2.33,16.0,0.5,0.6,0.3,24.42,25.55,26.68,25.55,2.0,2.33,16.0,0.5,0.6,0.3,16.15,16.61,17.06,16.61,2.0,0.95,16.0,0.5,0.6,0.3,77.9,81.2,84.4,81.2,2.0,6.7,16.0,0.5,0.3,7.34,9.8,12.26,9.8,2.0,5.09,16.0,0.5,0.6,0.3,-11.86,-8.97,-6.09,-8.97,2.0,5.97,16.0,0.5,0.6,0.3,-3.72,-3.16,-2.59,-3.16,2.0,1.17,16.0,0.5,0.6,0.3,1008.13,1008.4,1008.67,1008.4,2.0,0.57,16.0,0.5,0.6,0.3,3.6,5.0,6.4,5.0,2.0,2.8,16.0,0.5,0.6,0.3,-153.4,-103.1,-52.8,-103.1,2.0,104.2,16.0,0.5,0.6,0.3,-30.2,-27.9,-25.7,-27.9,2.0,4.6,16.0,0.5,0.6,0.3,-0.55,1.7,3.95,1.7,2.0,4.67,16.0,0.5,0.6,0.3,-13.1,4.8,22.7,4.8,2.0,37.1,16.0,0.5,0.6,0.3,4.25,6.23,8.21,6.23,2.0,4.1,16.0,0.5,0.6,0.3,46.5,50.6,54.7,50.6,2.0,8.5,16.0,0.5,0.6,0.3,-320.0,-236.2,-152.5,-236.2,2.0,173.5,16.0,0.5,0.6,0.3,-90.2,-79.3,-68.4,-79.3,2.0,22.6,16.0,0.5,0.6,0.3,-203.8,-151.8,-99.8,-151.8,2.0,107.7,16.0,0.5,0.6,0.3,-59.8,-51.9,-43.9,-51.9,2.0,16.5,16.0,0.5,0.6,0.3,-43.8,-43.6,-43.4,-43.6,2.0,0.4,16.0,0.5,0.6,0.3,-31.8,-22.1,-12.3,-22.1,2.0,20.2,16.0,0.5,0.6,0.3,582.5,1322.0,2062.0,1322.0,2.0,1533.0,16.0,0.5,0.6,0.3,580.0,1320.0,2060.0,1320.0,2.0,1535.0,16.0,0.5,0.6,0.3
1974,2,173.0,16.0,26.13,26.3,27.49,26.74,5.0,0.84,16.0,0.4,0.5,0.6,24.88,25.55,27.22,26.17,6.0,2.0,16.0,0.3,0.5,0.5,15.88,16.92,17.36,16.63,4.0,1.03,14.0,0.5,0.4,0.6,77.6,82.8,84.5,81.1,4.0,4.8,14.0,0.5,0.6,4.36,6.2,8.63,6.25,6.0,2.97,16.0,0.3,0.5,0.5,-8.41,-5.56,0.29,-4.03,6.0,5.64,16.0,0.3,0.5,0.5,-1.86,-1.02,-0.26,-0.96,6.0,1.81,16.0,0.3,0.5,0.5,1013.1,1013.55,1014.06,1013.58,4.0,0.57,14.0,0.5,0.4,0.6,1.8,4.0,6.4,4.2,6.0,2.6,16.0,0.3,0.5,0.5,-73.1,-31.7,6.1,-32.5,6.0,47.7,16.0,0.3,0.5,0.5,-16.8,-5.6,1.6,-7.9,6.0,16.2,16.0,0.3,0.5,0.5,0.24,1.2,2.33,1.34,5.0,1.44,16.0,0.4,0.5,0.6,1.0,7.4,18.6,9.4,5.0,9.9,16.0,0.4,0.5,0.6,3.84,4.23,6.04,4.91,4.0,1.68,14.0,0.5,0.4,0.6,23.7,30.1,54.9,38.9,4.0,25.2,14.0,0.5,0.4,0.6,-221.0,-140.4,2.0,-105.8,6.0,142.2,16.0,0.3,0.5,0.5,-48.6,-27.9,-7.2,-25.8,6.0,45.4,16.0,0.3,0.5,0.5,-144.3,-121.5,-93.6,-119.1,4.0,29.7,14.0,0.5,0.4,0.6,-39.9,-21.4,-16.5,-27.9,4.0,17.5,14.0,0.5,0.4,0.6,-52.2,-29.6,-23.3,-37.4,4.0,23.2,14.0,0.5,0.4,0.6,-16.2,-5.2,-4.1,-9.9,4.0,10.7,14.0,0.5,0.4,0.6,106.0,238.5,663.0,376.0,6.0,395.0,16.0,0.3,0.5,0.5,105.0,240.0,665.0,375.0,6.0,395.0,16.0,0.3,0.5,0.5
1974,2,173.0,18.0,26.63,26.7,27.07,26.82,5.0,0.28,16.0,0.6,0.5,0.4,24.32,25.6,26.4,25.5,5.0,1.46,16.0,0.6,0.5,0.4,14.45,14.68,17.07,15.57,5.0,1.52,16.0,0.6,0.5,0.4,74.2,76.4,78.8,76.5,5.0,3.7,16.0,0.6,0.4,5.1,8.7,14.4,9.54,5.0,4.67,16.0,0.6,0.5,0.4,-11.94,-7.53,-0.87,-6.32,5.0,7.01,16.0,0.6,0.5,0.4,-6.51,-3.28,-0.03,-3.13,5.0,4.93,16.0,0.6,0.5,0.4,1013.64,1014.2,1015.23,1014.46,5.0,1.24,16.0,0.6,0.5,0.4,1.0,3.0,6.7,3.8,5.0,3.1,16.0,0.6,0.5,0.4,-172.0,-65.5,-4.4,-83.3,5.0,91.8,16.0,0.6,0.5,0.4,-93.7,-16.7,5.6,-39.2,5.0,65.2,16.0,0.6,0.5,0.4,0.3,1.6,2.5,1.32,5.0,1.48,16.0,0.6,0.5,0.4,0.1,8.2,36.0,15.2,5.0,20.1,16.0,0.6,0.5,0.4,4.82,7.45,7.68,6.46,5.0,1.65,16.0,0.6,0.5,0.4,33.2,40.4,107.8,63.9,5.0,40.5,16.0,0.6,0.5,0.4,-289.1,-209.5,-22.2,-158.5,5.0,173.9,16.0,0.6,0.5,0.4,-157.7,-83.9,2.7,-74.2,5.0,124.8,16.0,0.6,0.5,0.4,-171.7,-132.6,-9.2,-94.1,5.0,107.1,16.0,0.6,0.5,0.4,-93.8,-47.9,0.8,-43.5,5.0,75.7,16.0,0.6,0.5,0.4,-89.4,-32.2,-11.4,-45.0,5.0,48.9,16.0,0.6,0.5,0.4,-48.8,-26.0,-1.5,-25.3,5.0,32.1,16.0,0.6,0.5,0.4,132.5,658.5,2986.0,1379.0,5.0,1482.5,16.0,0.6,0.5,0.4,135.0,660.0,2985.0,1380.0,5.0,1480.0,16.0,0.6,0.5,0.4
1974,2,173.0,19.0,26.53,27.9,28.8,27.68,4.0,1.35,10.0,0.5,0.3,0.4,24.38,25.2,26.7,25.53,4.0,1.59,10.0,0.5,0.3,0.4,14.47,15.1,15.39,14.93,3.0,0.69,6.0,0.3,0.3,0.4,66.3,74.6,80.5,73.5,4.0,9.4,10.0,0.5,0.4,2.34,5.15,11.73,6.95,4.0,6.18,10.0,0.5,0.3,0.4,-9.16,-1.1,4.21,-2.42,4.0,9.53,10.0,0.5,0.3,0.4,-2.39,-1.26,-0.21,-1.3,4.0,1.28,10.0,0.5,0.3,0.4,1011.09,1013.0,1013.14,1012.13,3.0,1.68,6.0,0.3,0.3,0.4,3.0,4.5,6.0,4.5,4.0,2.1,10.0,0.5,0.3,0.4,-125.5,-2.9,31.4,-45.0,4.0,129.1,10.0,0.5,0.3,0.4,-23.6,-2.8,-0.6,-11.7,4.0,19.8,10.0,0.5,0.3,0.4,0.79,1.65,3.56,2.15,4.0,1.9,10.0,0.5,0.3,0.4,3.0,8.2,23.7,13.1,4.0,14.5,10.0,0.5,0.3,0.4,7.88,9.36,10.22,9.06,3.0,1.73,6.0,0.3,0.3,0.4,22.9,24.3,83.4,52.5,3.0,50.6,6.0,0.3,0.3,0.4,-226.3,-25.7,108.1,-57.6,4.0,238.7,10.0,0.5,0.3,0.4,-62.0,-34.1,-5.2,-33.6,4.0,33.1,10.0,0.5,0.3,0.4,-168.9,-39.7,-9.1,-87.9,3.0,124.3,6.0,0.3,0.3,0.4,-36.9,-29.3,-14.1,-25.6,3.0,17.0,6.0,0.3,0.3,0.4,-82.1,-24.0,-5.0,-43.1,3.0,58.9,6.0,0.3,0.3,0.4,-21.1,-19.3,-9.0,-15.1,3.0,9.6,6.0,0.3,0.3,0.4,13.0,237.0,2131.0,1034.0,4.0,1758.0,10.0,0.5,0.3,0.4,15.0,235.0,2130.0,1035.0,4.0,1760.0,10.0,0.5,0.3,0.4
1974,2,173.0,20.0,26.7,26.7,26.7,26.7,2.0,0.0,18.0,0.0,0.2,0.3,23.47,23.85,24.23,23.85,2.0,0.78,18.0,0.0,0.2,0.3,13.49,14.14,14.79,14.14,2.0,1.35,18.0,0.0,0.2,0.3,75.2,76.9,78.6,76.9,2.0,3.5,18.0,0.0,0.3,3.91,5.65,7.39,5.65,2.0,3.61,18.0,0.0,0.2,0.3,-2.9,-2.86,-2.82,-2.86,2.0,0.08,18.0,0.0,0.2,0.3,-6.65,-4.38,-2.11,-4.38,2.0,4.7,18.0,0.0,0.2,0.3,1013.69,1014.75,1015.81,1014.75,2.0,2.19,18.0,0.0,0.2,0.3,1.1,3.5,5.9,3.5,2.0,4.9,18.0,0.0,0.2,0.3,-20.8,-16.0,-11.2,-16.0,2.0,9.9,18.0,0.0,0.2,0.3,-53.7,-33.2,-12.8,-33.2,2.0,42.4,18.0,0.0,0.2,0.3,2.47,2.85,3.23,2.85,2.0,0.78,18.0,0.0,0.2,0.3,10.4,17.5,24.6,17.5,2.0,14.7,18.0,0.0,0.2,0.3,7.09,7.72,8.35,7.72,2.0,1.3,18.0,0.0,0.2,0.3,29.0,46.0,62.9,46.0,2.0,35.2,18.0,0.0,0.2,0.3,-70.2,-68.2,-66.3,-68.2,2.0,4.1,18.0,0.0,0.2,0.3,-155.2,-102.7,-50.3,-102.7,2.0,108.7,18.0,0.0,0.2,0.3,-42.9,-40.5,-38.1,-40.5,2.0,4.9,18.0,0.0,0.2,0.3,-88.1,-58.8,-29.6,-58.8,2.0,60.6,18.0,0.0,0.2,0.3,-23.5,-22.0,-20.5,-22.0,2.0,3.1,18.0,0.0,0.2,0.3,-57.1,-36.9,-16.6,-36.9,2.0,42.0,18.0,0.0,0.2,0.3,112.5,290.5,468.5,290.5,2.0,369.0,18.0,0.0,0.2,0.3,115.0,290.0,470.0,290.0,2.0,370.0,18.0,0.0,0.2,0.3
1974,2,173.0,21.0,22.52,23.65,24.78,23.65,2.0,2.33,8.0,0.0,0.7,0.5,24.83,24.9,24.97,24.9,2.0,0.14,8.0,0.0,0.7,0.5,15.98,16.01,16.05,16.01,2.0,0.07,8.0,0.0,0.7,0.5,81.5,81.7,81.8,81.7,2.0,0.3,8.0,0.0,0.5,3.42,4.1,4.78,4.1,2.0,1.41,8.0,0.0,0.7,0.5,-4.67,-3.74,-2.81,-3.74,2.0,1.93,8.0,0.0,0.7,0.5,-1.68,-1.0,-0.32,-1.0,2.0,1.41,8.0,0.0,0.7,0.5,1013.02,1013.05,1013.08,1013.05,2.0,0.07,8.0,0.0,0.7,0.5,3.3,4.0,4.7,4.0,2.0,1.4,8.0,0.0,0.7,0.5,-23.1,-16.7,-10.3,-16.7,2.0,13.2,8.0,0.0,0.7,0.5,-5.2,-3.1,-1.0,-3.1,2.0,4.4,8.0,0.0,0.7,0.5,-2.44,-1.25,-0.06,-1.25,2.0,2.47,8.0,0.0,0.7,0.5,-12.6,-6.9,-1.1,-6.9,2.0,11.9,8.0,0.0,0.7,0.5,1.0,2.29,3.57,2.29,2.0,2.67,8.0,0.0,0.7,0.5,3.8,7.5,11.2,7.5,2.0,7.7,8.0,0.0,0.7,0.5,-116.6,-93.2,-69.8,-93.2,2.0,48.5,8.0,0.0,0.7,0.5,-41.6,-24.7,-7.8,-24.7,2.0,34.9,8.0,0.0,0.7,0.5,-74.9,-59.9,-44.9,-59.9,2.0,31.1,8.0,0.0,0.7,0.5,-26.8,-15.9,-5.0,-15.9,2.0,22.5,8.0,0.0,0.7,0.5,-8.7,-6.0,-3.3,-6.0,2.0,5.6,8.0,0.0,0.7,0.5,-7.0,-4.2,-1.3,-4.2,2.0,5.9,8.0,0.0,0.7,0.5,46.0,81.0,116.5,81.0,2.0,72.5,8.0,0.0,0.7,0.5,45.0,80.0,115.0,80.0,2.0,75.0,8.0,0.0,0.7,0.5
1974,2,173.0,22.0,24.4,25.0,26.07,25.2,5.0,0.86,16.0,0.4,0.3,0.4,22.57,23.65,25.02,23.7,6.0,1.4,16.0,0.5,0.3,0.5,12.78,15.48,15.92,14.58,5.0,1.81,16.0,0.4,0.3,0.4,75.5,81.0,84.4,80.1,5.0,7.2,16.0,0.4,0.4,6.77,7.2,7.8,7.1,6.0,1.06,16.0,0.5,0.3,0.5,-7.21,-6.93,-4.19,-5.49,6.0,3.19,16.0,0.5,0.3,0.5,-4.71,1.23,2.94,-0.08,6.0,3.91,16.0,0.5,0.3,0.5,1011.1,1013.2,1016.0,1013.36,5.0,3.68,16.0,0.4,0.3,0.4,2.8,3.5,6.2,4.2,6.0,1.9,16.0,0.5,0.3,0.5,-56.2,-50.3,-30.6,-41.6,6.0,23.5,16.0,0.5,0.3,0.5,-27.2,8.9,23.0,2.1,6.0,26.8,16.0,0.5,0.3,0.5,0.13,1.6,3.05,1.56,5.0,1.6,16.0,0.4,0.3,0.4,0.9,13.1,18.3,10.1,5.0,10.1,16.0,0.4,0.3,0.4,3.6,4.43,7.5,5.44,5.0,2.3,16.0,0.4,0.3,0.4,28.9,31.9,45.0,37.4,5.0,15.0,16.0,0.4,0.3,0.4,-174.1,-164.8,-101.1,-132.6,6.0,76.2,16.0,0.5,0.3,0.5,-109.4,31.4,71.3,0.3,6.0,90.8,16.0,0.5,0.3,0.5,-111.9,-110.5,-51.9,-82.2,5.0,53.4,16.0,0.4,0.3,0.4,-24.0,40.7,49.2,15.9,5.0,51.1,16.0,0.4,0.3,0.4,-42.3,-26.0,-14.1,-27.9,5.0,24.8,16.0,0.4,0.3,0.4,-12.3,9.5,12.3,0.3,5.0,19.8,16.0,0.4,0.3,0.4,323.5,373.0,476.0,376.5,6.0,139.0,16.0,0.5,0.3,0.5,325.0,375.0,475.0,375.0,6.0,140.0,16.0,0.5,0.3,0.5
1974,2,173.0,23.0,24.17,24.8,25.1,24.63,6.0,0.76,14.0,0.5,0.5,0.4,22.08,23.0,24.65,23.12,6.0,1.87,14.0,0.5,0.5,0.4,12.65,13.95,15.51,13.7,6.0,2.22,14.0,0.5,0.5,0.4,67.1,81.1,84.0,77.6,6.0,8.7,14.0,0.5,0.4,3.39,6.7,10.04,6.97,6.0,3.77,14.0,0.5,0.5,0.4,-7.41,-3.45,0.0,-4.3,6.0,4.8,14.0,0.5,0.5,0.4,-5.99,0.31,3.53,-0.36,6.0,5.21,14.0,0.5,0.5,0.4,1014.17,1016.4,1019.65,1016.08,6.0,4.66,14.0,0.5,0.5,0.4,2.0,3.5,5.4,3.8,6.0,1.9,14.0,0.5,0.5,0.4,-78.5,-17.6,0.0,-42.9,6.0,63.9,14.0,0.5,0.5,0.4,-40.1,1.1,19.0,-1.4,6.0,39.9,14.0,0.5,0.5,0.4,-0.12,2.05,2.57,1.52,6.0,1.48,14.0,0.5,0.5,0.4,-0.4,10.8,22.3,11.1,6.0,11.7,14.0,0.5,0.5,0.4,4.54,5.57,6.65,5.6,6.0,1.64,14.0,0.5,0.5,0.4,19.7,35.8,56.9,37.8,6.0,20.4,14.0,0.5,0.5,0.4,-175.9,-83.2,0.0,-100.6,6.0,109.1,14.0,0.5,0.5,0.4,-131.9,8.0,84.2,-2.5,6.0,117.9,14.0,0.5,0.5,0.4,-113.0,-46.7,0.0,-62.0,6.0,69.4,14.0,0.5,0.5,0.4,-67.1,4.3,55.1,3.2,6.0,70.0,14.0,0.5,0.5,0.4,-30.5,-20.0,0.0,-21.3,6.0,24.3,14.0,0.5,0.5,0.4,-40.1,1.9,14.8,-8.6,6.0,30.1,14.0,0.5,0.5,0.4,40.5,301.0,1081.5,603.0,6.0,807.5,14.0,0.5,0.5,0.4,40.0,300.0,1080.0,605.0,6.0,805.0,14.0,0.5,0.5,0.4
1974,2,173.0,24.0,23.23,23.95,24.89,23.93,8.0,1.05,12.0,0.8,0.5,0.5,19.13,21.7,24.42,21.79,9.0,2.66,14.0,0.8,0.5,0.5,10.13,13.71,15.19,13.15,9.0,2.63,14.0,0.8,0.5,0.5,71.9,80.4,88.7,80.0,9.0,7.9,14.0,0.8,0.5,3.14,8.2,13.83,8.44,9.0,5.1,14.0,0.8,0.5,0.5,-0.25,2.14,4.8,2.38,9.0,2.84,14.0,0.8,0.5,0.5,-13.78,-7.09,0.81,-6.3,9.0,6.87,14.0,0.8,0.5,0.5,1010.0,1012.7,1014.88,1012.04,9.0,2.74,14.0,0.8,0.5,0.5,6.0,6.0,7.7,6.6,9.0,1.0,14.0,0.8,0.5,0.5,-0.2,16.2,53.2,22.5,9.0,30.5,14.0,0.8,0.5,0.5,-191.6,-51.1,1.1,-82.4,9.0,92.1,14.0,0.8,0.5,0.5,-0.6,1.75,4.44,1.85,8.0,2.53,12.0,0.8,0.5,0.5,-1.5,16.5,52.6,23.7,8.0,30.1,12.0,0.8,0.5,0.5,3.01,4.6,7.85,5.02,8.0,2.48,12.0,0.8,0.5,0.5,9.0,39.3,68.7,45.3,8.0,41.8,12.0,0.8,0.5,0.5,-6.5,40.6,96.1,51.3,9.0,60.7,14.0,0.8,0.5,0.5,-262.9,-141.8,21.0,-122.7,9.0,137.5,14.0,0.8,0.5,0.5,-4.4,26.6,54.4,32.3,9.0,38.7,14.0,0.8,0.5,0.5,-148.8,-70.1,13.9,-70.3,9.0,79.4,14.0,0.8,0.5,0.5,0.0,11.4,15.3,11.2,8.0,15.4,12.0,0.8,0.5,0.5,-67.7,-33.4,2.7,-37.4,8.0,46.1,12.0,0.8,0.5,0.5,39.0,551.5,2682.5,1181.5,9.0,1360.5,14.0,0.8,0.5,0.5,40.0,550.0,2685.0,1180.0,9.0,1360.0,14.0,0.8,0.5,0.5
1974,2,173.0,25.0,21.61,23.0,24.0,22.79,17.0,1.24,16.0,0.6,0.4,0.5,17.09,20.5,23.0,20.53,21.0,2.7,16.0,0.6,0.4,0.5,8.87,12.85,15.45,12.39,18.0,2.87,16.0,0.6,0.4,0.5,69.0,81.7,92.0,80.2,18.0,12.5,16.0,0.6,0.5,4.61,7.45,12.87,8.2,20.0,4.65,16.0,0.6,0.4,0.5,-4.79,0.0,4.39,-0.55,20.0,5.55,16.0,0.6,0.4,0.5,-12.08,-0.81,5.05,-2.22,20.0,7.49,16.0,0.6,0.4,0.5,1010.02,1017.8,1019.1,1015.73,20.0,4.37,16.0,0.6,0.4,0.5,2.0,4.0,8.0,4.5,20.0,2.7,16.0,0.6,0.4,0.5,-24.4,0.0,56.3,1.4,20.0,64.1,16.0,0.6,0.4,0.5,-155.3,-4.4,25.7,-42.7,20.0,105.1,16.0,0.6,0.4,0.5,-1.23,1.3,5.5,2.16,17.0,2.87,16.0,0.6,0.4,0.5,-11.0,6.9,58.0,25.1,16.0,41.1,16.0,0.6,0.4,0.5,1.59,3.7,8.32,4.5,15.0,2.92,16.0,0.7,0.3,0.5,7.7,27.0,81.1,42.1,14.0,39.6,16.0,0.7,0.3,0.5,-108.6,0.0,88.0,-6.8,20.0,111.5,16.0,0.6,0.4,0.5,-220.5,-19.8,116.2,-35.5,20.0,150.3,16.0,0.6,0.4,0.5,-63.9,0.0,40.5,-6.0,17.0,62.1,16.0,0.6,0.4,0.5,-85.8,0.0,48.2,-15.2,17.0,92.4,16.0,0.6,0.4,0.5,-33.0,0.0,18.3,-3.4,14.0,23.9,16.0,0.7,0.3,0.5,-79.1,-6.2,13.3,-26.4,14.0,46.3,16.0,0.7,0.3,0.5,98.0,415.0,2133.0,1127.0,20.0,1703.0,16.0,0.6,0.4,0.5,100.0,415.0,2135.0,1125.0,20.0,1705.0,16.0,0.6,0.4,0.5
1974,2,173.0,26.0,20.53,21.55,22.59,21.48,14.0,1.13,14.0,0.3,0.5,0.3,17.66,21.0,22.0,20.53,17.0,2.46,12.0,0.2,0.5,0.3,8.08,11.18,15.06,11.22,15.0,3.19,12.0,0.3,0.4,0.3,53.9,75.5,88.4,73.2,15.0,14.9,12.0,0.3,0.3,5.87,7.95,13.35,9.31,18.0,4.28,12.0,0.3,0.5,0.3,-9.55,0.0,7.26,-1.52,18.0,7.81,12.0,0.3,0.5,0.3,-8.36,-3.78,4.09,-2.55,18.0,6.3,12.0,0.3,0.5,0.3,1012.54,1016.0,1019.74,1016.27,17.0,3.74,14.0,0.3,0.5,0.3,1.0,5.0,8.0,4.8,18.0,3.0,12.0,0.3,0.5,0.3,-128.9,0.0,60.8,-33.3,18.0,114.0,12.0,0.3,0.5,0.3,-110.9,-18.1,32.3,-33.9,18.0,72.5,12.0,0.3,0.5,0.3,-1.1,0.2,3.0,0.6,13.0,2.0,14.0,0.2,0.5,0.3,-9.6,2.6,23.3,6.4,13.0,21.9,14.0,0.2,0.5,0.3,1.55,4.74,6.09,4.27,13.0,2.67,14.0,0.2,0.5,0.3,16.0,41.1,65.9,40.4,13.0,26.6,14.0,0.2,0.5,0.3,-227.0,0.0,146.8,-34.8,17.0,169.4,12.0,0.2,0.5,0.3,-176.1,-101.6,63.5,-58.7,17.0,120.8,12.0,0.2,0.5,0.3,-168.0,0.0,60.4,-30.1,15.0,109.0,12.0,0.3,0.4,0.3,-94.8,-36.8,43.2,-29.5,15.0,71.1,12.0,0.3,0.4,0.3,-47.5,0.0,14.0,-8.0,13.0,33.2,14.0,0.2,0.5,0.3,-45.1,-10.5,5.7,-18.4,13.0,30.7,14.0,0.2,0.5,0.3,206.5,504.0,2400.0,1347.5,18.0,1821.5,12.0,0.3,0.5,0.3,205.0,505.0,2400.0,1345.0,18.0,1820.0,12.0,0.3,0.5,0.3
1974,2,173.0,27.0,18.9,20.6,21.46,20.39,13.0,1.41,14.0,0.3,0.5,0.4,18.29,19.5,20.6,19.75,15.0,1.54,14.0,0.3,0.5,0.3,8.74,12.11,13.11,11.56,15.0,2.39,14.0,0.3,0.5,0.3,68.7,85.0,88.6,80.4,15.0,12.8,14.0,0.3,0.3,5.7,7.95,11.24,8.38,14.0,4.21,14.0,0.3,0.5,0.4,-4.34,0.0,5.64,0.09,14.0,6.61,14.0,0.3,0.5,0.4,-7.54,0.56,5.54,-0.57,14.0,7.02,14.0,0.3,0.5,0.4,1012.42,1015.0,1018.4,1014.34,15.0,5.1,14.0,0.3,0.5,0.3,2.0,4.0,7.9,4.4,14.0,3.0,14.0,0.3,0.5,0.3,-24.9,0.0,35.2,-3.1,14.0,92.9,14.0,0.3,0.5,0.4,-61.3,6.1,47.4,-18.5,14.0,81.7,14.0,0.3,0.5,0.4,-1.64,0.8,2.5,0.48,13.0,2.3,14.0,0.3,0.5,0.4,-9.5,5.7,15.1,3.5,13.0,18.1,14.0,0.3,0.5,0.4,0.86,2.77,7.05,3.3,13.0,3.41,14.0,0.3,0.5,0.4,5.3,24.2,40.5,24.4,13.0,30.6,14.0,0.3,0.5,0.4,-85.0,0.0,129.1,3.5,14.0,125.8,14.0,0.3,0.5,0.4,-126.5,14.4,108.3,-5.6,14.0,138.0,14.0,0.3,0.5,0.4,-53.0,0.0,76.6,-1.7,14.0,71.2,14.0,0.3,0.5,0.4,-60.7,10.8,62.3,0.6,14.0,87.6,14.0,0.3,0.5,0.4,-19.6,0.0,5.2,0.9,13.0,28.7,14.0,0.3,0.5,0.4,-32.4,-3.1,16.5,-8.0,13.0,26.2,14.0,0.3,0.5,0.4,185.0,504.0,1421.0,1052.0,14.0,1651.5,14.0,0.3,0.5,0.4,185.0,505.0,1420.0,1050.0,14.0,1650.0,14.0,0.3,0.5,0.4
1974,2,173.0,28.0,18.49,18.9,20.06,19.27,3.0,1.19,10.0,0.0,0.3,0.4,17.86,19.15,19.76,18.83,4.0,1.31,12.0,0.3,0.4,0.3,10.37,10.94,11.69,11.03,4.0,0.99,12.0,0.3,0.4,0.3,79.6,81.8,83.8,81.7,4.0,2.8,12.0,0.3,0.3,3.08,5.65,10.42,6.7,4.0,4.69,12.0,0.3,0.4,0.3,-2.59,1.28,7.57,2.43,4.0,7.17,12.0,0.3,0.4,0.3,-2.53,1.57,4.8,1.16,4.0,4.55,12.0,0.3,0.4,0.3,1014.1,1014.4,1015.44,1014.75,4.0,1.0,12.0,0.3,0.4,0.3,0.6,2.0,5.4,3.0,3.0,3.6,12.0,0.3,0.3,0.4,-20.0,3.3,85.1,31.2,4.0,85.7,12.0,0.3,0.4,0.3,-30.4,5.9,30.0,0.1,4.0,42.7,12.0,0.3,0.4,0.3,-1.13,0.1,0.78,-0.17,3.0,1.42,10.0,0.0,0.3,0.4,-2.8,0.8,2.9,0.1,3.0,4.2,10.0,0.0,0.3,0.4,1.33,2.64,3.63,2.49,3.0,1.69,10.0,0.0,0.3,0.4,6.0,14.7,18.5,12.3,3.0,9.5,10.0,0.0,0.3,0.4,-48.7,25.6,132.3,41.1,4.0,125.2,12.0,0.3,0.4,0.3,-43.6,30.6,91.5,24.3,4.0,82.8,12.0,0.3,0.4,0.3,-28.2,15.8,77.9,24.4,4.0,72.9,12.0,0.3,0.4,0.3,-25.5,17.0,52.5,13.6,4.0,47.9,12.0,0.3,0.4,0.3,-8.9,0.0,1.3,-3.7,3.0,8.1,10.0,0.0,0.3,0.4,4.5,14.7,15.3,10.0,3.0,8.9,10.0,0.0,0.3,0.4,31.5,251.5,1342.0,667.0,4.0,1006.5,12.0,0.3,0.4,0.3,30.0,250.0,1340.0,665.0,4.0,1005.0,12.0,0.3,0.4,0.3
1974,2,173.0,29.0,17.58,19.0,19.42,18.5,9.0,0.93,14.0,0.3,0.4,0.5,15.53,17.7,18.95,17.29,9.0,2.01,14.0,0.3,0.4,0.5,6.53,9.18,11.18,9.14,9.0,2.35,14.0,0.3,0.4,0.5,61.0,75.4,84.5,73.6,9.0,12.3,14.0,0.3,0.5,6.48,9.3,13.24,10.16,7.0,5.7,12.0,0.4,0.4,0.6,0.49,5.9,9.55,3.78,7.0,8.42,12.0,0.4,0.4,0.6,-8.26,-1.61,5.03,-2.35,7.0,7.67,12.0,0.4,0.4,0.6,1011.17,1015.9,1017.97,1014.91,9.0,4.21,14.0,0.3,0.4,0.5,3.3,6.0,7.7,5.7,9.0,2.0,14.0,0.3,0.4,0.5,-9.2,45.4,117.8,22.0,7.0,136.2,12.0,0.4,0.4,0.6,-107.4,-15.0,38.4,-56.2,7.0,122.5,12.0,0.4,0.4,0.6,0.28,1.5,2.15,1.21,9.0,1.16,14.0,0.3,0.4,0.5,1.2,10.2,31.2,16.1,7.0,16.8,12.0,0.4,0.4,0.6,2.7,4.09,5.7,4.08,9.0,1.74,14.0,0.3,0.4,0.5,26.0,38.0,75.4,47.6,7.0,31.4,12.0,0.4,0.4,0.6,11.3,112.1,165.1,65.2,7.0,132.8,12.0,0.4,0.4,0.6,-120.6,-28.9,95.5,-29.3,7.0,125.6,12.0,0.4,0.4,0.6,4.8,56.0,71.3,28.0,7.0,67.7,12.0,0.4,0.4,0.6,-51.1,-15.6,52.9,-13.1,7.0,66.6,12.0,0.4,0.4,0.6,-0.6,20.8,58.5,22.5,7.0,42.1,12.0,0.4,0.4,0.6,-48.4,-6.6,18.0,-13.3,7.0,32.5,12.0,0.4,0.4,0.6,287.0,804.5,2432.0,1957.0,7.0,2833.0,12.0,0.4,0.4,0.6,285.0,805.0,2430.0,1955.0,7.0,2835.0,12.0,0.4,0.4,0.6
1974,2,173.0,30.0,16.47,18.9,19.78,18.19,15.0,1.94,14.0,0.3,0.4,0.4,15.77,17.7,18.39,17.34,15.0,1.51,14.0,0.3,0.4,0.4,7.63,10.34,12.0,9.84,12.0,2.17,12.0,0.3,0.4,0.4,63.5,80.1,92.1,77.8,12.0,13.6,12.0,0.3,0.4,5.45,10.3,12.98,9.2,15.0,4.22,14.0,0.3,0.4,0.4,0.95,6.7,10.27,5.51,15.0,7.0,14.0,0.3,0.4,0.4,-4.24,0.72,5.51,1.1,15.0,5.07,14.0,0.3,0.4,0.4,1011.59,1015.9,1020.0,1015.17,15.0,5.22,14.0,0.3,0.4,0.4,2.4,5.0,8.0,5.3,15.0,2.8,14.0,0.3,0.4,0.4,4.2,44.9,109.6,60.0,15.0,98.3,14.0,0.3,0.4,0.4,-42.2,1.5,40.1,6.5,15.0,59.2,14.0,0.3,0.4,0.4,-0.7,1.0,3.12,0.85,15.0,1.85,14.0,0.3,0.4,0.4,-1.5,5.1,27.9,7.8,15.0,21.1,14.0,0.3,0.4,0.4,1.1,3.29,5.44,3.23,12.0,2.02,12.0,0.3,0.4,0.4,5.8,29.9,52.6,31.0,12.0,25.5,12.0,0.3,0.4,0.4,17.3,120.6,181.9,93.6,15.0,113.1,14.0,0.3,0.4,0.4,-67.4,12.4,99.2,25.6,15.0,93.3,14.0,0.3,0.4,0.4,10.1,76.0,108.2,66.9,12.0,46.1,12.0,0.3,0.4,0.4,-23.6,20.8,59.1,28.6,12.0,56.9,12.0,0.3,0.4,0.4,2.0,19.0,47.6,25.9,12.0,25.8,12.0,0.3,0.4,0.4,-6.8,0.0,17.8,3.5,12.0,17.1,12.0,0.3,0.4,0.4,170.0,1092.5,2186.0,1230.5,15.0,1271.0,14.0,0.3,0.4,0.4,170.0,1095.0,2185.0,1230.0,15.0,1270.0,14.0,0.3,0.4,0.4
1974,2,173.0,31.0,16.09,17.0,18.03,17.19,13.0,1.39,16.0,0.1,0.4,0.5,13.06,15.1,16.98,15.02,14.0,2.01,14.0,0.1,0.5,0.5,6.94,8.48,9.87,8.63,13.0,1.76,14.0,0.2,0.5,0.5,69.5,78.1,90.9,80.8,13.0,11.2,14.0,0.2,0.5,5.76,10.3,15.4,10.54,14.0,4.57,14.0,0.1,0.5,0.5,-7.29,4.29,12.27,3.17,14.0,9.68,14.0,0.1,0.5,0.5,-4.91,-0.62,0.81,-1.63,14.0,5.74,14.0,0.1,0.5,0.5,1007.22,1015.75,1021.5,1015.09,14.0,6.33,14.0,0.1,0.5,0.5,2.9,7.0,8.0,5.9,13.0,2.3,14.0,0.2,0.5,0.5,-111.6,30.5,150.8,28.7,14.0,142.8,14.0,0.1,0.5,0.5,-69.0,-2.2,4.1,-27.5,14.0,76.2,14.0,0.1,0.5,0.5,0.45,2.0,3.61,2.02,13.0,1.66,16.0,0.1,0.4,0.5,4.7,16.4,40.3,22.5,13.0,26.4,16.0,0.1,0.4,0.5,1.82,3.73,5.24,3.54,12.0,1.93,14.0,0.1,0.4,0.4,11.6,39.3,68.2,41.5,12.0,31.4,14.0,0.1,0.4,0.4,-101.5,66.7,170.2,38.7,14.0,144.9,14.0,0.1,0.5,0.5,-87.5,-8.9,11.9,-19.3,14.0,87.6,14.0,0.1,0.5,0.5,-60.9,35.0,88.7,17.9,13.0,87.6,14.0,0.2,0.5,0.5,-52.0,-12.1,5.5,-13.0,13.0,48.2,14.0,0.2,0.5,0.5,-13.2,10.7,55.9,20.3,12.0,39.4,14.0,0.1,0.4,0.4,-23.5,0.0,8.7,-5.1,12.0,28.9,14.0,0.1,0.4,0.4,192.5,1092.5,3652.5,1784.0,14.0,1747.5,14.0,0.1,0.5,0.5,190.0,1095.0,3650.0,1785.0,14.0,1750.0,14.0,0.1,0.5,0.5
1974,2,173.0,32.0,14.79,16.0,16.44,15.67,11.0,0.77,16.0,0.3,0.3,0.4,12.18,13.0,17.5,14.22,13.0,2.62,16.0,0.4,0.3,0.5,6.31,7.14,9.48,8.12,9.0,2.21,14.0,0.6,0.3,0.6,64.4,76.5,80.2,74.5,9.0,10.5,14.0,0.6,0.6,6.05,13.9,19.1,12.78,13.0,5.73,16.0,0.4,0.3,0.5,0.49,9.9,14.17,8.33,13.0,6.14,16.0,0.4,0.3,0.5,-3.7,2.95,13.41,3.62,13.0,9.1,16.0,0.4,0.3,0.5,1005.09,1011.5,1016.11,1011.02,13.0,5.74,16.0,0.4,0.3,0.5,2.4,5.5,8.0,5.3,10.0,2.5,14.0,0.5,0.3,0.5,1.5,148.0,209.9,130.2,13.0,116.6,16.0,0.4,0.3,0.5,-19.1,37.8,186.0,63.2,13.0,154.2,16.0,0.4,0.3,0.5,-0.89,3.0,3.94,2.02,11.0,2.87,16.0,0.3,0.3,0.4,-23.7,31.6,58.9,22.7,11.0,46.6,16.0,0.3,0.3,0.4,0.95,4.64,4.83,3.48,7.0,1.88,14.0,0.4,0.4,0.5,14.4,39.4,72.4,44.5,7.0,29.7,14.0,0.4,0.4,0.5,7.0,138.4,182.7,118.3,13.0,86.0,16.0,0.4,0.3,0.5,-51.2,45.2,178.3,62.7,13.0,137.3,16.0,0.4,0.3,0.5,38.3,66.1,96.4,68.2,9.0,36.1,14.0,0.6,0.3,0.6,-55.9,20.4,132.6,34.0,9.0,87.5,14.0,0.6,0.3,0.6,6.9,19.7,55.3,31.4,7.0,29.4,14.0,0.4,0.4,0.5,-35.1,12.4,18.0,-2.1,7.0,34.3,14.0,0.4,0.4,0.5,225.0,2685.5,6968.0,3198.5,13.0,2934.0,16.0,0.4,0.3,0.5,225.0,2685.0,6970.0,3200.0,13.0,2935.0,16.0,0.4,0.3,0.5
1974,2,173.0,33.0,15.02,16.6,17.0,16.37,20.0,1.07,16.0,0.4,0.5,0.4,14.17,15.5,16.5,15.25,22.0,1.72,16.0,0.4,0.5,0.4,6.82,8.24,9.93,8.43,20.0,1.62,16.0,0.4,0.5,0.4,68.4,77.1,89.6,78.1,20.0,10.5,16.0,0.4,0.4,7.03,10.3,15.73,11.39,22.0,5.15,16.0,0.4,0.5,0.4,0.24,6.93,13.88,6.59,22.0,8.19,16.0,0.4,0.5,0.4,-5.28,0.0,7.02,0.64,22.0,7.04,16.0,0.4,0.5,0.4,1005.93,1010.5,1018.17,1011.73,22.0,6.55,16.0,0.4,0.5,0.4,2.3,6.0,8.0,5.6,22.0,2.6,16.0,0.4,0.5,0.4,1.0,66.9,209.1,92.4,22.0,156.8,16.0,0.4,0.5,0.4,-79.7,0.0,81.2,6.1,22.0,101.3,16.0,0.4,0.5,0.4,-0.5,1.05,3.87,1.15,20.0,2.01,16.0,0.4,0.5,0.4,-3.3,10.2,36.9,17.0,20.0,29.7,16.0,0.4,0.5,0.4,1.23,3.3,4.72,3.06,19.0,1.57,16.0,0.4,0.4,0.4,7.9,30.8,70.1,37.2,19.0,31.7,16.0,0.4,0.4,0.4,4.1,105.4,207.9,94.8,22.0,118.1,16.0,0.4,0.5,0.4,-82.8,0.0,106.1,15.0,22.0,107.5,16.0,0.4,0.5,0.4,0.1,57.9,89.3,42.6,20.0,61.0,16.0,0.4,0.5,0.4,-34.1,0.0,83.4,13.7,20.0,64.9,16.0,0.4,0.5,0.4,-0.1,12.6,48.2,22.1,19.0,37.4,16.0,0.4,0.4,0.4,-27.2,0.0,10.0,-4.6,19.0,22.9,16.0,0.4,0.4,0.4,352.5,1092.5,3897.5,2413.0,22.0,3285.5,16.0,0.4,0.5,0.4,355.0,1095.0,3895.0,2415.0,22.0,3285.0,16.0,0.4,0.5,0.4
1974,2,173.0,34.0,13.84,15.0,15.34,14.6,3.0,1.15,18.0,0.0,0.3,0.6,12.69,13.0,14.05,13.35,4.0,1.14,14.0,0.0,0.3,0.5,6.45,7.71,8.57,7.52,4.0,1.33,14.0,0.0,0.3,0.5,70.5,80.8,87.0,78.9,4.0,10.6,14.0,0.0,0.5,10.54,11.3,15.05,12.73,4.0,3.57,14.0,0.0,0.3,0.5,-1.46,9.11,14.35,6.57,4.0,11.63,14.0,0.0,0.3,0.5,-5.63,0.63,3.33,-1.07,4.0,5.86,14.0,0.0,0.3,0.5,1007.13,1007.75,1019.26,1012.95,4.0,11.04,14.0,0.0,0.3,0.5,6.0,7.5,8.0,7.0,4.0,1.4,14.0,0.0,0.3,0.5,-9.6,102.2,221.9,105.9,4.0,171.3,14.0,0.0,0.3,0.5,-65.5,8.0,46.8,-8.6,4.0,73.0,14.0,0.0,0.3,0.5,0.29,0.9,1.99,1.13,3.0,1.27,18.0,0.0,0.3,0.6,3.1,9.7,23.2,13.1,3.0,15.0,18.0,0.0,0.3,0.6,1.93,2.7,3.39,2.66,3.0,1.07,18.0,0.0,0.3,0.6,21.1,31.9,37.4,29.3,3.0,12.1,18.0,0.0,0.3,0.6,-29.1,115.2,183.5,78.9,4.0,159.6,14.0,0.0,0.3,0.5,-72.6,8.7,47.0,-11.8,4.0,78.0,14.0,0.0,0.3,0.5,-15.3,62.4,96.3,41.5,4.0,89.9,14.0,0.0,0.3,0.5,-44.4,5.7,26.9,-8.1,4.0,48.1,14.0,0.0,0.3,0.5,-3.9,20.5,33.4,14.9,3.0,27.7,18.0,0.0,0.3,0.6,-18.9,-6.9,1.6,-8.6,3.0,15.0,18.0,0.0,0.3,0.6,1172.0,1451.5,3837.5,2457.0,4.0,2262.0,14.0,0.0,0.3,0.5,1170.0,1450.0,3840.0,2455.0,4.0,2260.0,14.0,0.0,0.3,0.5
1974,2,173.0,35.0,13.32,15.0,16.04,14.72,5.0,1.42,16.0,0.6,0.3,0.4,9.82,13.0,17.69,13.68,5.0,4.18,16.0,0.6,0.3,0.4,5.99,7.06,7.75,6.97,5.0,1.15,16.0,0.6,0.3,0.4,65.0,76.2,79.6,72.2,5.0,11.7,16.0,0.6,0.4,10.35,12.3,13.81,12.12,5.0,2.44,16.0,0.6,0.3,0.4,-1.85,7.91,10.85,4.84,5.0,8.12,16.0,0.6,0.3,0.4,-8.88,-5.65,3.45,-2.51,5.0,9.29,16.0,0.6,0.3,0.4,1005.16,1012.5,1021.1,1012.3,5.0,10.89,16.0,0.6,0.3,0.4,2.3,4.0,6.7,4.4,5.0,2.7,16.0,0.6,0.3,0.4,-35.0,97.2,130.0,53.3,5.0,110.2,16.0,0.6,0.3,0.4,-89.6,-63.8,56.7,-15.6,5.0,127.4,16.0,0.6,0.3,0.4,-3.24,3.0,4.23,1.04,5.0,4.18,16.0,0.6,0.3,0.4,-45.4,30.5,46.1,6.4,5.0,52.6,16.0,0.6,0.3,0.4,2.61,4.0,4.42,3.46,5.0,1.63,16.0,0.6,0.3,0.4,24.2,49.2,53.5,39.8,5.0,19.2,16.0,0.6,0.3,0.4,-38.2,93.0,152.9,64.0,5.0,135.8,16.0,0.6,0.3,0.4,-99.1,-53.7,55.9,-15.5,5.0,138.9,16.0,0.6,0.3,0.4,-19.0,57.0,70.9,29.7,5.0,61.4,16.0,0.6,0.3,0.4,-56.0,-34.7,32.4,-10.3,5.0,73.2,16.0,0.6,0.3,0.4,1.9,31.6,48.7,26.5,5.0,25.3,16.0,0.6,0.3,0.4,-34.3,-26.2,-3.2,-19.6,5.0,18.6,16.0,0.6,0.3,0.4,1156.5,1861.0,2696.5,1952.0,5.0,1103.5,16.0,0.6,0.3,0.4,1155.0,1860.0,2695.0,1950.0,5.0,1105.0,16.0,0.6,0.3,0.4
1974,2,173.0,36.0,13.94,14.0,15.11,14.3,10.0,1.33,14.0,0.5,0.5,0.4,10.41,11.2,13.71,12.0,11.0,1.69,14.0,0.5,0.5,0.4,5.97,7.27,8.61,7.29,10.0,1.2,14.0,0.5,0.5,0.4,71.4,82.8,90.7,82.4,10.0,10.8,14.0,0.5,0.4,8.67,10.8,15.53,11.84,10.0,3.87,14.0,0.5,0.5,0.4,3.96,8.47,10.24,6.28,10.0,5.26,14.0,0.5,0.5,0.4,-7.72,0.0,11.71,1.84,10.0,9.77,14.0,0.5,0.5,0.4,1007.56,1010.0,1014.49,1011.13,11.0,6.2,14.0,0.5,0.5,0.4,4.2,6.0,8.0,6.0,11.0,2.1,14.0,0.5,0.5,0.4,31.3,102.0,113.6,66.5,10.0,80.4,14.0,0.5,0.5,0.4,-79.0,0.0,176.6,41.1,10.0,156.3,14.0,0.5,0.5,0.4,0.36,1.3,3.91,2.1,10.0,1.98,14.0,0.5,0.5,0.4,3.0,12.3,40.8,22.1,9.0,25.1,14.0,0.6,0.5,0.4,1.44,3.29,4.02,2.87,10.0,1.19,14.0,0.5,0.5,0.4,15.4,33.4,45.7,32.3,9.0,14.5,14.0,0.6,0.5,0.4,50.9,88.9,116.9,71.3,10.0,64.5,14.0,0.5,0.5,0.4,-80.4,0.0,160.1,34.0,10.0,125.5,14.0,0.5,0.5,0.4,27.7,49.5,68.2,38.7,9.0,40.4,14.0,0.6,0.5,0.4,-53.9,0.0,102.3,20.4,9.0,82.8,14.0,0.6,0.5,0.4,5.9,20.0,34.8,20.4,9.0,16.6,14.0,0.6,0.5,0.4,-25.7,0.0,24.2,-0.2,9.0,25.3,14.0,0.6,0.5,0.4,659.5,1259.5,3983.5,2190.5,10.0,2349.0,14.0,0.5,0.5,0.4,660.0,1260.0,3985.0,2190.0,10.0,2350.0,14.0,0.5,0.5,0.4
1974,2,173.0,37.0,12.77,14.0,14.2,13.5,3.0,1.14,16.0,0.7,0.5,0.5,10.95,11.35,11.86,11.4,4.0,0.54,16.0,0.5,0.4,0.5,4.71,5.66,6.37,5.54,4.0,1.13,16.0,0.5,0.4,0.5,54.7,67.2,77.8,66.3,4.0,14.9,16.0,0.5,0.5,8.44,11.05,15.29,11.83,4.0,4.61,16.0,0.5,0.4,0.5,4.01,10.96,12.99,8.61,4.0,6.78,16.0,0.5,0.4,0.5,-6.06,1.07,4.73,-0.59,4.0,7.9,16.0,0.5,0.4,0.5,1002.12,1008.25,1010.76,1006.53,4.0,5.74,16.0,0.5,0.4,0.5,3.5,4.5,6.6,5.0,4.0,2.2,16.0,0.5,0.4,0.5,41.0,122.5,201.0,121.1,4.0,107.2,16.0,0.5,0.4,0.5,-109.1,13.1,39.3,-32.7,4.0,118.9,16.0,0.5,0.4,0.5,0.98,2.0,2.96,1.97,3.0,1.45,16.0,0.7,0.5,0.5,12.4,19.6,34.8,23.5,3.0,16.7,16.0,0.7,0.5,0.5,4.4,4.53,4.68,4.54,3.0,0.21,16.0,0.7,0.5,0.5,47.2,53.4,75.4,61.1,3.0,21.6,16.0,0.7,0.5,0.5,48.8,124.8,147.4,99.3,4.0,77.5,16.0,0.5,0.4,0.5,-70.9,11.6,51.9,-8.5,4.0,90.7,16.0,0.5,0.4,0.5,20.8,54.6,64.2,43.1,4.0,35.3,16.0,0.5,0.4,0.5,-24.7,6.3,31.2,3.4,4.0,39.3,16.0,0.5,0.4,0.5,47.0,52.6,61.4,54.2,3.0,10.7,16.0,0.7,0.5,0.5,-37.5,0.0,6.3,-15.2,3.0,34.7,16.0,0.7,0.5,0.5,643.5,1401.0,3941.5,2252.0,4.0,2464.0,16.0,0.5,0.4,0.5,645.0,1400.0,3940.0,2250.0,4.0,2465.0,16.0,0.5,0.4,0.5
1974,2,173.0,38.0,12.69,14.25,15.0,13.83,6.0,1.37,12.0,0.2,0.3,0.3,7.45,9.0,13.0,9.94,7.0,2.72,12.0,0.1,0.3,0.4,3.94,5.25,6.97,5.6,7.0,1.55,12.0,0.1,0.3,0.4,57.3,75.1,86.2,73.1,7.0,15.1,12.0,0.1,0.4,5.08,13.4,17.52,11.61,7.0,5.46,12.0,0.1,0.3,0.4,1.08,8.61,13.62,6.31,7.0,8.77,12.0,0.1,0.3,0.4,-10.5,0.0,3.24,-3.16,7.0,7.23,12.0,0.1,0.3,0.4,1001.32,1011.0,1027.19,1013.33,7.0,12.24,12.0,0.1,0.3,0.4,3.9,6.0,7.0,5.4,7.0,2.0,12.0,0.1,0.3,0.4,3.0,115.4,186.5,101.6,7.0,134.5,12.0,0.1,0.3,0.4,-143.7,0.0,22.9,-52.9,7.0,109.1,12.0,0.1,0.3,0.4,0.48,5.75,7.31,4.42,6.0,3.87,12.0,0.2,0.3,0.3,5.8,91.9,113.8,68.9,6.0,53.9,12.0,0.2,0.3,0.3,1.99,5.29,6.36,4.48,6.0,2.26,12.0,0.2,0.3,0.3,11.1,70.8,113.8,65.5,6.0,46.6,12.0,0.2,0.3,0.3,14.6,56.0,103.4,48.8,7.0,82.5,12.0,0.1,0.3,0.4,-69.7,0.0,39.1,-22.4,7.0,65.2,12.0,0.1,0.3,0.4,7.0,34.6,67.5,24.8,7.0,47.6,12.0,0.1,0.3,0.4,-53.0,0.0,25.5,-12.8,7.0,35.4,12.0,0.1,0.3,0.4,2.4,52.5,78.1,47.1,6.0,44.6,12.0,0.2,0.3,0.3,-65.0,0.0,4.9,-23.8,6.0,44.6,12.0,0.2,0.3,0.3,131.0,2406.0,5382.0,2434.0,7.0,2363.5,12.0,0.1,0.3,0.4,130.0,2405.0,5380.0,2435.0,7.0,2365.0,12.0,0.1,0.3,0.4
1974,2,173.0,39.0,12.48,13.7,14.4,13.45,4.0,1.17,16.0,0.5,0.6,0.1,8.17,11.35,12.8,11.1,8.0,2.48,14.0,0.4,0.4,0.2,5.52,6.73,7.57,6.53,5.0,1.14,16.0,0.4,0.5,0.1,73.6,83.1,88.3,80.2,5.0,13.2,16.0,0.4,0.1,9.8,10.3,12.78,11.26,8.0,2.71,14.0,0.4,0.4,0.2,-6.67,7.65,9.53,3.49,8.0,7.45,14.0,0.4,0.4,0.2,-8.35,3.52,6.3,0.09,8.0,9.11,14.0,0.4,0.4,0.2,999.56,1000.2,1016.03,1003.96,8.0,8.8,14.0,0.4,0.4,0.2,5.9,7.0,8.0,6.6,7.0,1.8,14.0,0.3,0.4,0.2,-65.4,76.3,99.7,39.0,8.0,77.4,14.0,0.4,0.4,0.2,-97.4,36.3,61.7,-11.9,8.0,131.4,14.0,0.4,0.4,0.2,1.6,2.55,3.76,2.68,4.0,1.26,16.0,0.5,0.6,0.1,15.7,28.5,55.3,35.2,4.0,25.0,16.0,0.5,0.6,0.1,2.56,2.62,2.82,2.68,4.0,0.18,16.0,0.5,0.6,0.1,25.1,28.3,41.3,32.9,4.0,11.8,16.0,0.5,0.6,0.1,-85.4,66.9,112.5,35.7,8.0,90.2,14.0,0.4,0.4,0.2,-78.8,40.0,80.6,18.1,8.0,94.0,14.0,0.4,0.4,0.2,-56.8,0.0,48.9,-3.0,5.0,53.1,16.0,0.4,0.5,0.1,-75.0,17.3,47.7,-9.6,5.0,67.1,16.0,0.4,0.5,0.1,-19.2,-9.6,10.6,-4.5,4.0,18.9,16.0,0.5,0.6,0.1,-37.7,-4.1,16.1,-10.5,4.0,32.5,16.0,0.5,0.6,0.1,941.0,1092.5,2091.0,1665.0,8.0,1400.5,14.0,0.4,0.4,0.2,940.0,1095.0,2090.0,1665.0,8.0,1400.0,14.0,0.4,0.4,0.2
1974,2,173.0,40.0,11.24,11.55,11.86,11.55,2.0,0.64,18.0,0.5,0.3,0.3,6.57,8.6,10.52,8.55,4.0,2.34,16.0,0.5,0.5,0.3,3.94,3.94,3.94,3.94,1.0,0.0,24.0,0.0,0.0,0.2,63.3,63.3,63.3,63.3,1.0,0.0,24.0,0.0,0.2,0.71,4.6,10.42,5.53,4.0,5.94,16.0,0.5,0.5,0.3,-0.27,2.21,4.69,2.21,4.0,2.87,16.0,0.5,0.5,0.3,-3.09,0.7,7.02,1.91,4.0,7.51,16.0,0.5,0.5,0.3,1010.17,1016.5,1025.72,1017.88,4.0,9.65,16.0,0.5,0.5,0.3,1.4,3.5,6.1,3.8,4.0,3.3,16.0,0.5,0.5,0.3,-0.4,19.1,48.0,23.6,4.0,28.7,16.0,0.5,0.5,0.3,-23.8,1.1,82.9,28.3,4.0,88.2,16.0,0.5,0.5,0.3,1.46,2.45,3.44,2.45,2.0,2.05,18.0,0.5,0.3,0.3,15.6,21.5,27.3,21.5,2.0,12.1,18.0,0.5,0.3,0.3,4.18,4.18,4.18,4.18,1.0,0.0,24.0,0.0,0.0,0.2,32.2,32.2,32.2,32.2,1.0,0.0,24.0,0.0,0.0,0.2,-1.6,17.8,42.4,20.3,4.0,25.8,16.0,0.5,0.5,0.3,-22.2,4.2,73.9,24.8,4.0,75.7,16.0,0.5,0.5,0.3,19.5,19.5,19.5,19.5,1.0,0.0,24.0,0.0,0.0,0.2,-23.3,-23.3,-23.3,-23.3,1.0,0.0,24.0,0.0,0.0,0.2,20.7,20.7,20.7,20.7,1.0,0.0,24.0,0.0,0.0,0.2,-24.6,-24.6,-24.6,-24.6,1.0,0.0,24.0,0.0,0.0,0.2,1.5,230.0,1342.0,651.5,4.0,1019.5,16.0,0.5,0.5,0.3,0.0,230.0,1340.0,650.0,4.0,1020.0,16.0,0.5,0.5,0.3
1974,2,173.0,41.0,8.95,11.0,13.05,10.93,7.0,2.13,16.0,0.6,0.2,0.5,5.98,9.2,12.02,9.1,7.0,2.96,16.0,0.6,0.2,0.5,4.64,5.38,7.47,5.8,6.0,1.38,16.0,0.7,0.2,0.4,75.2,81.4,92.0,82.8,6.0,8.4,16.0,0.7,0.4,7.0,8.7,10.42,8.53,7.0,3.12,16.0,0.6,0.2,0.5,-2.8,0.0,8.65,2.76,7.0,6.17,16.0,0.6,0.2,0.5,-1.95,0.0,7.28,1.48,7.0,6.71,16.0,0.6,0.2,0.5,1006.49,1021.5,1034.1,1020.6,7.0,13.92,16.0,0.6,0.2,0.5,3.8,4.0,7.0,4.8,6.0,1.7,16.0,0.7,0.2,0.4,-10.5,0.0,106.1,32.3,7.0,63.0,16.0,0.6,0.2,0.5,-18.6,0.0,53.8,7.2,7.0,70.6,16.0,0.6,0.2,0.5,-1.05,1.8,3.67,1.83,7.0,2.95,16.0,0.6,0.2,0.5,-7.5,15.5,27.5,15.7,7.0,24.5,16.0,0.6,0.2,0.5,1.16,2.13,3.36,2.4,6.0,1.62,16.0,0.7,0.2,0.4,7.9,16.0,32.9,20.2,6.0,15.0,16.0,0.7,0.2,0.4,-16.9,0.0,61.6,18.6,7.0,52.2,16.0,0.6,0.2,0.5,-12.9,0.0,90.6,28.7,7.0,63.3,16.0,0.6,0.2,0.5,-17.2,20.2,47.1,15.0,6.0,37.3,16.0,0.7,0.2,0.4,-16.7,-3.4,56.5,8.9,6.0,44.5,16.0,0.7,0.2,0.4,-7.4,5.2,32.7,11.6,6.0,21.5,16.0,0.7,0.2,0.4,-8.9,-2.1,7.3,-0.9,6.0,9.5,16.0,0.7,0.2,0.4,357.0,658.5,1143.0,824.0,7.0,702.0,16.0,0.6,0.2,0.5,355.0,660.0,1145.0,825.0,7.0,700.0,16.0,0.6,0.2,0.5
1974,2,173.0,42.0,7.0,11.0,13.0,10.33,6.0,2.8,16.0,0.3,0.3,0.3,4.99,5.5,10.12,6.96,7.0,3.03,16.0,0.3,0.3,0.4,4.68,4.76,6.9,5.5,6.0,1.23,16.0,0.3,0.3,0.3,82.8,84.6,87.5,85.0,6.0,2.4,16.0,0.3,0.3,8.48,9.3,14.64,11.13,7.0,4.95,16.0,0.3,0.3,0.4,-6.72,1.4,7.46,1.3,7.0,8.37,16.0,0.3,0.3,0.4,-6.23,3.85,7.22,1.96,7.0,9.62,16.0,0.3,0.3,0.4,995.81,1000.1,1020.6,1007.81,7.0,14.75,16.0,0.3,0.3,0.4,3.4,7.0,8.0,5.8,6.0,2.9,18.0,0.3,0.1,0.5,-73.0,5.7,89.0,15.8,7.0,112.2,16.0,0.3,0.3,0.4,-59.8,15.8,72.3,33.7,7.0,158.2,16.0,0.3,0.3,0.4,0.52,2.6,6.94,3.05,6.0,3.7,16.0,0.3,0.3,0.3,7.5,45.1,62.0,36.4,6.0,30.7,16.0,0.3,0.3,0.3,1.21,2.12,4.19,2.44,6.0,1.74,16.0,0.3,0.3,0.3,11.2,29.3,43.5,27.8,6.0,19.2,16.0,0.3,0.3,0.3,-41.8,17.5,41.9,2.9,7.0,49.3,16.0,0.3,0.3,0.4,-35.1,23.4,54.6,27.1,7.0,78.6,16.0,0.3,0.3,0.4,-38.7,-7.9,40.3,0.4,6.0,44.4,16.0,0.3,0.3,0.3,-15.2,24.9,50.4,27.6,6.0,53.0,16.0,0.3,0.3,0.3,-27.5,-8.9,13.0,-7.2,6.0,21.4,16.0,0.3,0.3,0.3,-4.9,9.3,35.2,14.5,6.0,22.9,16.0,0.3,0.3,0.3,630.5,804.5,3197.5,2115.5,7.0,2543.0,16.0,0.3,0.3,0.4,630.0,805.0,3200.0,2115.0,7.0,2545.0,16.0,0.3,0.3,0.4
1974,2,173.0,43.0,5.5,5.5,5.5,5.5,1.0,0.0,12.0,0.0,0.7,0.1,4.48,5.5,6.52,5.5,2.0,2.12,10.0,0.0,0.4,0.0,5.45,5.45,5.45,5.45,1.0,0.0,12.0,0.0,0.7,0.1,87.1,87.1,87.1,87.1,1.0,0.0,12.0,0.0,0.1,5.89,9.75,13.61,9.75,2.0,7.99,10.0,0.0,0.4,0.0,-9.7,-5.2,-0.69,-5.2,2.0,9.33,10.0,0.0,0.4,0.0,-7.72,-3.02,1.67,-3.02,2.0,9.72,10.0,0.0,0.4,0.0,1003.0,1003.0,1003.0,1003.0,1.0,0.0,12.0,0.0,0.7,0.1,7.2,7.5,7.8,7.5,2.0,0.7,10.0,0.0,0.4,0.0,-151.9,-88.0,-24.0,-88.0,2.0,132.5,10.0,0.0,0.4,0.0,-125.7,-68.3,-10.9,-68.3,2.0,119.0,10.0,0.0,0.4,0.0,-1.5,-1.5,-1.5,-1.5,1.0,0.0,12.0,0.0,0.7,0.1,-6.1,-6.1,-6.1,-6.1,1.0,0.0,12.0,0.0,0.7,0.1,0.19,0.19,0.19,0.19,1.0,0.0,12.0,0.0,0.7,0.1,0.8,0.8,0.8,0.8,1.0,0.0,12.0,0.0,0.7,0.1,-38.1,-18.7,0.8,-18.7,2.0,40.3,10.0,0.0,0.4,0.0,-29.0,-6.3,16.4,-6.3,2.0,47.1,10.0,0.0,0.4,0.0,7.6,7.6,7.6,7.6,1.0,0.0,12.0,0.0,0.7,0.1,21.0,21.0,21.0,21.0,1.0,0.0,12.0,0.0,0.7,0.1,0.3,0.3,0.3,0.3,1.0,0.0,12.0,0.0,0.7,0.1,0.7,0.7,0.7,0.7,1.0,0.0,12.0,0.0,0.7,0.1,637.5,1860.5,3083.5,1860.5,2.0,2534.0,10.0,0.0,0.4,0.0,640.0,1860.0,3085.0,1860.0,2.0,2535.0,10.0,0.0,0.4,0.0
1974,2,173.0,44.0,5.0,6.0,7.57,6.25,10.0,1.14,12.0,0.4,0.5,0.3,3.0,4.75,7.16,4.74,10.0,2.15,12.0,0.4,0.5,0.3,2.65,4.72,5.08,4.18,10.0,1.21,12.0,0.4,0.5,0.3,59.6,85.2,91.9,77.8,10.0,19.3,12.0,0.4,0.3,4.27,7.7,10.8,8.0,11.0,3.37,12.0,0.4,0.5,0.3,-1.26,5.15,7.75,3.71,11.0,4.83,12.0,0.4,0.5,0.3,-6.43,-0.54,5.66,-0.39,11.0,6.57,12.0,0.4,0.5,0.3,998.59,1008.5,1011.91,1005.97,11.0,7.85,12.0,0.4,0.5,0.3,3.0,6.5,8.0,5.6,10.0,2.6,12.0,0.4,0.5,0.3,-3.9,42.2,81.7,38.1,11.0,43.8,12.0,0.4,0.5,0.3,-67.8,-1.7,44.6,-9.5,11.0,71.5,12.0,0.4,0.5,0.3,-0.73,1.0,4.14,1.51,10.0,2.43,12.0,0.4,0.5,0.3,-6.0,8.5,38.1,13.6,10.0,26.7,12.0,0.4,0.5,0.3,0.45,1.59,3.25,1.77,10.0,1.41,12.0,0.4,0.5,0.3,2.7,8.5,23.8,13.1,10.0,12.3,12.0,0.4,0.5,0.3,-5.2,14.4,33.6,12.3,10.0,23.4,12.0,0.4,0.5,0.3,-18.1,-4.2,40.3,5.5,10.0,31.6,12.0,0.4,0.5,0.3,-6.6,17.2,27.9,13.9,10.0,18.1,12.0,0.4,0.5,0.3,-22.9,-3.1,32.4,0.1,10.0,32.1,12.0,0.4,0.5,0.3,-3.4,1.3,12.5,3.1,10.0,12.1,12.0,0.4,0.5,0.3,-17.8,-2.4,2.3,-6.3,10.0,11.9,12.0,0.4,0.5,0.3,90.0,456.5,1259.5,749.5,11.0,672.0,12.0,0.4,0.5,0.3,90.0,455.0,1260.0,750.0,11.0,670.0,12.0,0.4,0.5,0.3
1974,2,173.0,45.0,7.0,7.0,7.0,7.0,2.0,0.0,14.0,0.5,0.5,0.5,2.98,4.0,5.02,4.0,2.0,2.12,14.0,0.5,0.5,0.5,3.64,3.85,4.06,3.85,2.0,0.44,14.0,0.5,0.5,0.5,73.4,74.7,76.0,74.7,2.0,2.7,14.0,0.5,0.5,9.1,12.1,15.1,12.1,2.0,6.22,14.0,0.5,0.5,0.5,-3.76,4.46,12.68,4.46,2.0,17.03,14.0,0.5,0.5,0.5,0.21,0.67,1.12,0.67,2.0,0.95,14.0,0.5,0.5,0.5,989.1,989.3,989.5,989.3,2.0,0.42,14.0,0.5,0.5,0.5,7.0,7.0,7.0,7.0,2.0,0.0,14.0,0.5,0.5,0.5,-5.9,106.9,219.8,106.9,2.0,233.8,14.0,0.5,0.5,0.5,1.6,5.1,8.7,5.1,2.0,7.3,14.0,0.5,0.5,0.5,1.98,3.0,4.02,3.0,2.0,2.12,14.0,0.5,0.5,0.5,21.5,42.9,64.3,42.9,2.0,44.3,14.0,0.5,0.5,0.5,2.29,2.5,2.71,2.5,2.0,0.43,14.0,0.5,0.5,0.5,21.5,31.6,41.6,31.6,2.0,20.8,14.0,0.5,0.5,0.5,-28.5,-0.2,28.1,-0.2,2.0,58.7,14.0,0.5,0.5,0.5,1.2,3.7,6.2,3.7,2.0,5.2,14.0,0.5,0.5,0.5,-17.3,13.5,44.2,13.5,2.0,63.6,14.0,0.5,0.5,0.5,0.9,2.8,4.7,2.8,2.0,3.9,14.0,0.5,0.5,0.5,-6.6,14.8,36.3,14.8,2.0,44.5,14.0,0.5,0.5,0.5,0.5,1.5,2.5,1.5,2.0,2.1,14.0,0.5,0.5,0.5,1097.0,2474.5,3851.5,2474.5,2.0,2853.5,14.0,0.5,0.5,0.5,1095.0,2475.0,3850.0,2475.0,2.0,2855.0,14.0,0.5,0.5,0.5
1974,2,173.0,46.0,3.93,4.0,6.37,4.96,5.0,1.45,22.0,0.4,0.5,0.3,1.82,4.2,6.73,4.34,5.0,2.73,22.0,0.4,0.5,0.3,2.95,4.78,5.2,4.24,5.0,1.26,22.0,0.4,0.5,0.3,68.5,86.4,90.1,81.0,5.0,12.3,22.0,0.4,0.3,4.1,6.15,8.2,6.15,4.0,2.37,22.0,0.5,0.5,0.3,-5.73,-3.09,-1.25,-3.47,4.0,3.2,22.0,0.5,0.5,0.3,-2.62,0.38,5.63,1.45,4.0,5.19,22.0,0.5,0.5,0.3,1014.45,1028.0,1030.91,1023.84,5.0,8.95,22.0,0.4,0.5,0.3,2.3,3.0,6.4,4.3,3.0,3.2,20.0,0.3,0.4,0.3,-40.0,-12.7,-5.1,-22.1,4.0,28.1,22.0,0.5,0.5,0.3,-10.7,7.3,46.2,17.2,4.0,37.0,22.0,0.5,0.5,0.3,-0.98,1.0,2.18,0.62,5.0,1.84,22.0,0.4,0.5,0.3,-4.7,8.2,9.3,2.6,4.0,12.7,22.0,0.5,0.5,0.3,0.06,1.19,2.08,1.1,5.0,1.03,22.0,0.4,0.5,0.3,3.9,8.6,9.4,6.8,4.0,4.5,22.0,0.5,0.5,0.3,-27.6,-5.5,-1.9,-14.3,4.0,21.5,22.0,0.5,0.5,0.3,-4.4,6.4,42.4,18.4,4.0,33.0,22.0,0.5,0.5,0.3,-25.0,-9.1,-3.5,-14.0,4.0,16.6,22.0,0.5,0.5,0.3,-7.6,3.8,31.0,11.3,4.0,25.6,22.0,0.5,0.5,0.3,-8.2,-6.5,-2.8,-5.5,4.0,3.9,22.0,0.5,0.5,0.3,-5.6,-2.1,1.7,-1.9,4.0,4.5,22.0,0.5,0.5,0.3,69.0,310.0,551.5,310.0,4.0,278.5,22.0,0.5,0.5,0.3,70.0,310.0,550.0,310.0,4.0,280.0,22.0,0.5,0.5,0.3
1974,2,173.0,47.0,3.0,4.0,5.71,4.05,11.0,1.72,14.0,0.2,0.4,0.4,1.12,2.25,4.13,2.75,12.0,2.11,14.0,0.3,0.4,0.4,3.08,3.49,3.81,3.6,12.0,0.82,14.0,0.3,0.4,0.4,68.0,75.0,85.5,77.0,12.0,10.1,14.0,0.3,0.4,6.41,10.05,13.82,10.34,12.0,4.46,14.0,0.3,0.4,0.4,-6.5,-3.13,5.73,-1.17,12.0,6.09,14.0,0.3,0.4,0.4,-12.98,-1.32,6.74,-2.63,12.0,9.51,14.0,0.3,0.4,0.4,994.62,1007.7,1021.58,1007.88,12.0,13.14,14.0,0.3,0.4,0.4,2.7,6.5,7.3,5.6,12.0,2.2,14.0,0.3,0.4,0.4,-65.2,-14.8,55.9,-11.8,12.0,70.0,14.0,0.3,0.4,0.4,-181.7,-5.4,68.5,-50.9,12.0,137.2,14.0,0.3,0.4,0.4,-0.86,2.0,3.71,1.45,11.0,2.9,14.0,0.2,0.4,0.4,-11.0,21.6,45.5,17.9,11.0,30.4,14.0,0.2,0.4,0.4,0.71,1.78,2.37,1.48,11.0,1.23,14.0,0.2,0.4,0.4,3.4,13.4,27.9,15.7,11.0,14.8,14.0,0.2,0.4,0.4,-13.6,-5.1,11.9,-2.8,12.0,18.0,14.0,0.3,0.4,0.4,-23.5,0.0,26.5,-0.3,12.0,31.0,14.0,0.3,0.4,0.4,-21.0,-11.2,20.8,-2.4,12.0,21.3,14.0,0.3,0.4,0.4,-47.6,-4.7,24.3,-8.1,12.0,35.6,14.0,0.3,0.4,0.4,-10.5,-6.0,7.3,-4.5,11.0,10.8,14.0,0.2,0.4,0.4,-22.6,-6.7,3.2,-9.4,11.0,15.9,14.0,0.2,0.4,0.4,296.0,1032.0,2743.0,1687.5,12.0,1825.0,14.0,0.3,0.4,0.4,295.0,1030.0,2745.0,1690.0,12.0,1825.0,14.0,0.3,0.4,0.4
1974,2,173.0,48.0,3.63,4.0,5.68,4.5,5.0,1.22,20.0,0.4,0.7,0.2,2.76,4.0,6.05,3.86,7.0,2.95,20.0,0.3,0.5,0.3,4.37,4.85,5.34,4.87,6.0,0.47,20.0,0.3,0.6,0.2,87.0,90.0,94.7,91.2,6.0,4.9,20.0,0.3,0.2,10.05,14.4,16.17,13.43,7.0,5.19,20.0,0.3,0.5,0.3,-15.02,-10.14,-0.75,-8.95,7.0,7.19,20.0,0.3,0.5,0.3,-0.09,5.44,13.36,6.72,7.0,6.28,20.0,0.3,0.5,0.3,1010.89,1014.0,1023.4,1015.26,7.0,10.09,20.0,0.3,0.5,0.3,6.0,8.0,8.0,7.3,7.0,1.0,20.0,0.3,0.5,0.3,-243.3,-118.6,-3.2,-144.0,7.0,133.9,20.0,0.3,0.5,0.3,-0.9,86.5,209.9,103.5,7.0,116.5,20.0,0.3,0.5,0.3,-0.55,0.0,0.73,0.1,5.0,1.24,20.0,0.4,0.7,0.2,-5.6,0.0,11.6,3.3,5.0,17.3,20.0,0.4,0.7,0.2,0.0,0.38,0.87,0.45,5.0,0.51,20.0,0.4,0.7,0.2,0.0,4.3,16.2,7.6,5.0,8.9,20.0,0.4,0.7,0.2,-56.3,-43.2,11.9,-28.1,7.0,34.1,20.0,0.3,0.5,0.3,-10.6,19.0,56.1,20.0,7.0,34.5,20.0,0.3,0.5,0.3,-68.4,-58.2,-1.7,-41.7,6.0,35.5,20.0,0.3,0.6,0.2,-1.9,25.6,59.3,27.0,6.0,28.9,20.0,0.3,0.6,0.2,-13.7,0.0,0.3,-5.7,5.0,8.6,20.0,0.4,0.7,0.2,0.0,4.3,7.6,4.0,5.0,4.1,20.0,0.4,0.7,0.2,1047.0,2986.0,4309.5,3343.5,7.0,3292.0,20.0,0.3,0.5,0.3,1045.0,2985.0,4310.0,3345.0,7.0,3290.0,20.0,0.3,0.5,0.3
1974,2,173.0,49.0,2.53,3.7,4.0,3.59,14.0,1.0,16.0,0.4,0.4,0.5,1.0,3.5,4.02,3.05,13.0,1.65,14.0,0.5,0.4,0.5,3.2,3.36,4.55,3.88,11.0,0.83,14.0,0.5,0.5,0.5,63.9,80.4,92.8,80.7,11.0,12.8,14.0,0.5,0.5,4.1,7.7,14.45,9.29,13.0,4.42,16.0,0.5,0.4,0.5,-10.22,-3.55,10.75,-1.7,13.0,9.12,16.0,0.5,0.4,0.5,-5.11,-1.88,2.93,-0.6,13.0,5.13,16.0,0.5,0.4,0.5,994.68,1004.85,1017.32,1005.99,14.0,10.89,16.0,0.4,0.4,0.5,5.2,6.0,8.0,6.4,11.0,1.7,12.0,0.5,0.4,0.6,-106.4,-14.6,121.3,-12.3,13.0,122.7,16.0,0.5,0.4,0.5,-39.4,-15.8,13.2,-5.0,13.0,61.3,16.0,0.5,0.4,0.5,-0.61,0.6,2.05,0.5,13.0,1.74,14.0,0.5,0.4,0.5,-7.2,5.1,14.7,3.2,12.0,19.2,14.0,0.5,0.4,0.6,0.27,1.11,1.94,1.06,11.0,0.98,14.0,0.5,0.5,0.5,2.4,8.6,20.6,9.8,11.0,10.3,14.0,0.5,0.5,0.5,-38.2,-5.6,17.7,-4.1,12.0,35.6,14.0,0.5,0.4,0.6,-9.2,-4.9,8.6,2.4,12.0,23.9,14.0,0.5,0.4,0.6,-43.2,-12.8,36.0,-6.6,11.0,40.7,14.0,0.5,0.5,0.5,-18.9,-8.3,14.6,-1.3,11.0,24.6,14.0,0.5,0.5,0.5,-10.7,-4.6,7.7,-2.3,11.0,12.3,14.0,0.5,0.5,0.5,-8.3,-3.1,0.0,-4.4,11.0,5.8,14.0,0.5,0.5,0.5,69.0,456.5,3017.0,1310.0,13.0,1386.0,16.0,0.5,0.4,0.5,70.0,455.0,3015.0,1310.0,13.0,1385.0,16.0,0.5,0.4,0.5
1974,2,173.0,50.0,2.83,3.0,4.33,3.52,6.0,1.33,18.0,0.3,0.4,0.4,0.0,2.9,3.29,2.2,6.0,1.8,18.0,0.3,0.4,0.4,3.18,3.75,4.42,3.77,6.0,0.72,18.0,0.3,0.4,0.4,74.2,86.5,92.2,84.3,6.0,8.5,18.0,0.3,0.4,5.47,7.2,12.73,8.57,6.0,3.94,18.0,0.3,0.4,0.4,-12.69,-4.18,4.73,-4.04,6.0,8.34,18.0,0.3,0.4,0.4,-0.32,3.08,4.86,2.44,6.0,2.72,18.0,0.3,0.4,0.4,1004.58,1016.15,1026.02,1014.45,6.0,11.82,18.0,0.3,0.4,0.4,5.5,7.0,8.0,6.6,5.0,2.1,18.0,0.4,0.3,0.5,-162.2,-24.8,26.4,-55.6,6.0,100.3,18.0,0.3,0.4,0.4,-1.5,25.2,37.5,20.4,6.0,20.1,18.0,0.3,0.4,0.4,-0.52,0.0,3.62,1.32,6.0,2.65,18.0,0.3,0.4,0.4,-3.8,0.0,19.3,6.1,6.0,13.1,18.0,0.3,0.4,0.4,0.3,0.84,1.99,1.11,6.0,0.92,18.0,0.3,0.4,0.4,4.1,7.1,10.8,7.2,6.0,3.6,18.0,0.3,0.4,0.4,-38.1,-5.6,5.7,-10.5,6.0,26.1,18.0,0.3,0.4,0.4,0.0,3.8,15.3,7.3,6.0,9.5,18.0,0.3,0.4,0.4,-52.3,-12.9,17.3,-15.6,6.0,35.3,18.0,0.3,0.4,0.4,-1.1,10.5,18.1,9.5,6.0,10.8,18.0,0.3,0.4,0.4,-7.7,-4.4,3.5,-2.0,6.0,7.2,18.0,0.3,0.4,0.4,-0.8,1.0,5.4,1.6,6.0,3.8,18.0,0.3,0.4,0.4,167.0,395.0,2093.0,986.5,6.0,1178.5,18.0,0.3,0.4,0.4,165.0,395.0,2095.0,985.0,6.0,1180.0,18.0,0.3,0.4,0.4
1974,2,173.0,51.0,3.0,3.25,3.76,3.38,4.0,0.48,14.0,0.5,0.3,0.6,-0.31,1.25,2.29,1.0,4.0,1.87,14.0,0.5,0.3,0.6,3.2,3.78,3.89,3.56,4.0,0.56,14.0,0.5,0.3,0.6,82.3,88.0,91.7,87.1,4.0,5.6,14.0,0.5,0.6,6.58,10.0,13.16,9.88,4.0,4.07,14.0,0.5,0.3,0.6,-11.95,-7.74,-3.42,-7.69,4.0,5.22,14.0,0.5,0.3,0.6,-6.1,-5.41,-4.86,-5.47,4.0,0.73,14.0,0.5,0.3,0.6,1012.62,1016.0,1017.02,1014.88,4.0,3.35,14.0,0.5,0.3,0.6,7.5,8.0,8.0,7.8,4.0,0.5,14.0,0.5,0.3,0.6,-159.5,-81.9,-25.2,-91.9,4.0,83.0,14.0,0.5,0.3,0.6,-70.3,-60.6,-37.3,-54.1,4.0,21.7,14.0,0.5,0.3,0.6,0.71,2.25,4.05,2.38,4.0,2.14,14.0,0.5,0.3,0.6,10.3,23.1,25.1,17.9,4.0,12.1,14.0,0.5,0.3,0.6,0.78,1.06,1.74,1.25,4.0,0.64,14.0,0.5,0.3,0.6,9.6,10.8,11.4,10.5,4.0,1.3,14.0,0.5,0.3,0.6,-25.7,-12.8,-1.1,-13.4,4.0,14.9,14.0,0.5,0.3,0.6,-12.8,-6.8,0.8,-6.0,4.0,10.2,14.0,0.5,0.3,0.6,-46.4,-29.9,-11.8,-29.2,4.0,21.1,14.0,0.5,0.3,0.6,-23.2,-21.1,-15.9,-19.6,4.0,4.8,14.0,0.5,0.3,0.6,-9.4,-7.2,-5.2,-7.3,4.0,3.0,14.0,0.5,0.3,0.6,-9.3,-6.3,-4.2,-6.7,4.0,3.0,14.0,0.5,0.3,0.6,332.0,1097.0,2346.5,1328.5,4.0,1275.5,14.0,0.5,0.3,0.6,330.0,1095.0,2345.0,1330.0,4.0,1275.0,14.0,0.5,0.3,0.6
1974,2,173.0,52.0,3.16,3.5,3.84,3.5,2.0,0.71,26.0,0.0,0.7,0.0,4.4,5.25,6.1,5.25,2.0,1.77,26.0,0.0,0.7,0.0,4.82,5.1,5.39,5.1,2.0,0.6,26.0,0.0,0.7,0.0,92.8,92.9,93.1,92.9,2.0,0.4,26.0,0.0,0.0,8.53,9.25,9.97,9.25,2.0,1.48,26.0,0.0,0.7,0.0,0.84,2.64,4.43,2.64,2.0,3.73,26.0,0.0,0.7,0.0,6.92,8.29,9.66,8.29,2.0,2.84,26.0,0.0,0.7,0.0,1014.57,1015.8,1017.03,1015.8,2.0,2.55,26.0,0.0,0.7,0.0,8.0,8.0,8.0,8.0,1.0,0.0,24.0,0.0,0.4,0.0,6.9,21.6,36.4,21.6,2.0,30.6,26.0,0.0,0.7,0.0,60.2,78.8,97.4,78.8,2.0,38.6,26.0,0.0,0.7,0.0,-2.26,-1.75,-1.24,-1.75,2.0,1.06,26.0,0.0,0.7,0.0,-18.9,-15.4,-11.9,-15.4,2.0,7.2,26.0,0.0,0.7,0.0,-0.43,-0.26,-0.08,-0.26,2.0,0.37,26.0,0.0,0.7,0.0,-3.6,-2.1,-0.7,-2.1,2.0,3.0,26.0,0.0,0.7,0.0,5.4,17.1,28.8,17.1,2.0,24.2,26.0,0.0,0.7,0.0,40.9,41.0,41.1,41.0,2.0,0.3,26.0,0.0,0.7,0.0,4.6,14.6,24.5,14.6,2.0,20.6,26.0,0.0,0.7,0.0,36.9,41.5,46.1,41.5,2.0,9.6,26.0,0.0,0.7,0.0,-2.3,-1.4,-0.4,-1.4,2.0,1.9,26.0,0.0,0.7,0.0,-2.7,-1.6,-0.5,-1.6,2.0,2.3,26.0,0.0,0.7,0.0,637.5,822.0,1007.0,822.0,2.0,383.0,26.0,0.0,0.7,0.0,635.0,820.0,1005.0,820.0,2.0,385.0,26.0,0.0,0.7,0.0
1974,2,173.0,53.0,4.0,4.25,5.36,4.39,10.0,1.24,14.0,0.2,0.3,0.3,-0.94,1.0,2.83,0.34,8.0,3.15,16.0,0.1,0.3,0.4,2.65,3.52,3.74,3.25,7.0,0.54,14.0,0.1,0.3,0.3,65.6,81.3,93.4,79.2,7.0,16.4,14.0,0.1,0.3,8.67,11.6,14.96,12.16,10.0,3.98,14.0,0.2,0.3,0.3,-10.75,-3.35,8.5,-1.17,10.0,11.27,14.0,0.2,0.3,0.3,-8.63,0.0,5.01,-1.67,10.0,6.96,14.0,0.2,0.3,0.3,1003.69,1013.5,1023.87,1013.7,10.0,9.81,14.0,0.2,0.3,0.3,4.1,7.0,8.0,6.4,8.0,1.8,14.0,0.0,0.4,0.4,-129.9,-32.9,107.5,0.7,10.0,188.6,14.0,0.2,0.3,0.3,-80.9,0.0,59.2,-16.6,10.0,76.4,14.0,0.2,0.3,0.3,3.0,3.5,6.78,4.15,8.0,2.56,16.0,0.1,0.3,0.4,31.5,41.8,63.4,41.6,8.0,21.3,16.0,0.1,0.3,0.4,1.44,2.19,2.53,2.09,7.0,0.69,14.0,0.1,0.3,0.3,18.5,23.4,30.8,24.4,7.0,6.2,14.0,0.1,0.3,0.3,-12.6,-5.3,35.4,8.1,8.0,35.4,16.0,0.1,0.3,0.4,-3.9,2.1,7.2,2.2,8.0,17.1,16.0,0.1,0.3,0.4,-49.5,-11.5,10.7,-10.1,7.0,43.5,14.0,0.1,0.3,0.3,-20.9,0.0,18.2,2.1,7.0,20.1,14.0,0.1,0.3,0.3,-19.8,-11.6,6.9,-6.3,7.0,18.9,14.0,0.1,0.3,0.3,-16.6,0.0,16.7,-1.0,7.0,18.0,14.0,0.1,0.3,0.3,659.5,1619.5,3487.5,2367.0,10.0,2537.0,14.0,0.2,0.3,0.3,660.0,1620.0,3490.0,2365.0,10.0,2535.0,14.0,0.2,0.3,0.3
1974,2,173.0,54.0,,,,,,,,,,,,,,,,,,,,,,,,,,,,,,,,,,,,,,,,6.2,6.2,6.2,6.2,1.0,0.0,6.0,0.0,0.1,0.3,-3.99,-3.99,-3.99,-3.99,1.0,0.0,6.0,0.0,0.1,0.3,-4.75,-4.75,-4.75,-4.75,1.0,0.0,6.0,0.0,0.1,0.3,1010.1,1010.1,1010.1,1010.1,1.0,0.0,6.0,0.0,0.1,0.3,,,,,,,,,,,,,,,,,,,,,,,,,,,,,,,,,,,,,,,,,,,,,,,,,,,,,,,,,,,,,,,,,,,,,,,,,,,,,,,,,,,,,,,,,,,,,,,,,,,,,,,,,,,,,,,,,,,,,,,,,,,,,,,,,,,,,,,,,,,,,,,,,,,,,,
1974,2,173.0,55.0,,,,,,,,,,,,,,,,,,,,,,,,,,,,,,,,,,,,,,,,14.9,16.95,20.15,17.5,4.0,3.47,22.0,0.3,0.6,0.3,-19.63,-15.34,-12.17,-15.88,4.0,4.86,22.0,0.3,0.6,0.3,2.93,7.05,8.5,5.78,4.0,4.03,22.0,0.3,0.6,0.3,1022.09,1026.7,1033.41,1027.7,4.0,6.74,22.0,0.3,0.6,0.3,,,,,,,,,,,,,,,,,,,,,,,,,,,,,,,,,,,,,,,,,,,,,,,,,,,,,,,,,,,,,,,,,,,,,,,,,,,,,,,,,,,,,,,,,,,,,,,,,,,,,,,,,,,,,,,,,,,,,,,,,,,,,,,,,,,,,,,,,,,,,,,,,,,,,,
1974,2,173.0,56.0,,,,,,,,,,,,,,,,,,,,,,,,,,,,,,,,,,,,,,,,12.0,12.0,13.37,12.67,3.0,1.15,14.0,0.3,0.6,0.7,-1.42,0.0,9.56,3.97,3.0,8.75,14.0,0.3,0.6,0.7,-11.94,-11.82,-3.75,-7.94,3.0,6.88,14.0,0.3,0.6,0.7,1002.76,1009.0,1013.3,1007.82,5.0,7.7,12.0,0.2,0.6,0.6,,,,,,,,,,,,,,,,,,,,,,,,,,,,,,,,,,,,,,,,,,,,,,,,,,,,,,,,,,,,,,,,,,,,,,,,,,,,,,,,,,,,,,,,,,,,,,,,,,,,,,,,,,,,,,,,,,,,,,,,,,,,,,,,,,,,,,,,,,,,,,,,,,,,,,
1974,2,173.0,57.0,,,,,,,,,,,,,,,,,,,,,,,,,,,,,,,,,,,,,,,,15.22,15.9,17.33,16.27,3.0,1.58,26.0,0.3,0.7,0.6,-5.27,7.95,14.07,4.48,3.0,14.48,26.0,0.3,0.7,0.6,7.24,9.58,12.44,9.83,3.0,3.81,26.0,0.3,0.7,0.6,1010.85,1017.2,1019.93,1015.43,3.0,6.82,26.0,0.3,0.7,0.6,,,,,,,,,,,,,,,,,,,,,,,,,,,,,,,,,,,,,,,,,,,,,,,,,,,,,,,,,,,,,,,,,,,,,,,,,,,,,,,,,,,,,,,,,,,,,,,,,,,,,,,,,,,,,,,,,,,,,,,,,,,,,,,,,,,,,,,,,,,,,,,,,,,,,,
1974,2,174.0,-76.0,0.7,0.7,0.7,0.7,1.0,0.0,16.0,1.0,0.1,0.2,-3.8,-3.8,-3.8,-3.8,1.0,0.0,16.0,1.0,0.1,0.2,2.58,2.58,2.58,2.58,1.0,0.0,16.0,1.0,0.1,0.2,86.6,86.6,86.6,86.6,1.0,0.0,16.0,1.0,0.2,9.3,9.3,9.3,9.3,1.0,0.0,16.0,1.0,0.1,0.2,-8.74,-8.74,-8.74,-8.74,1.0,0.0,16.0,1.0,0.1,0.2,3.18,3.18,3.18,3.18,1.0,0.0,16.0,1.0,0.1,0.2,969.6,969.6,969.6,969.6,1.0,0.0,16.0,1.0,0.1,0.2,7.0,7.0,7.0,7.0,1.0,0.0,16.0,1.0,0.1,0.2,-81.3,-81.3,-81.3,-81.3,1.0,0.0,16.0,1.0,0.1,0.2,29.6,29.6,29.6,29.6,1.0,0.0,16.0,1.0,0.1,0.2,4.5,4.5,4.5,4.5,1.0,0.0,16.0,1.0,0.1,0.2,41.9,41.9,41.9,41.9,1.0,0.0,16.0,1.0,0.1,0.2,1.57,1.57,1.57,1.57,1.0,0.0,16.0,1.0,0.1,0.2,14.6,14.6,14.6,14.6,1.0,0.0,16.0,1.0,0.1,0.2,33.2,33.2,33.2,33.2,1.0,0.0,16.0,1.0,0.1,0.2,-12.1,-12.1,-12.1,-12.1,1.0,0.0,16.0,1.0,0.1,0.2,-22.6,-22.6,-22.6,-22.6,1.0,0.0,16.0,1.0,0.1,0.2,8.2,8.2,8.2,8.2,1.0,0.0,16.0,1.0,0.1,0.2,-13.7,-13.7,-13.7,-13.7,1.0,0.0,16.0,1.0,0.1,0.2,5.0,5.0,5.0,5.0,1.0,0.0,16.0,1.0,0.1,0.2,804.5,804.5,804.5,804.5,1.0,0.0,16.0,1.0,0.1,0.2,805.0,805.0,805.0,805.0,1.0,0.0,16.0,1.0,0.1,0.2
1974,2,174.0,-50.0,,,,,,,,,,,,,,,,,,,,,,,,,,,,,,,,,,,,,,,,9.0,9.0,9.0,9.0,1.0,0.0,20.0,0.0,0.2,0.9,6.89,6.89,6.89,6.89,1.0,0.0,20.0,0.0,0.2,0.9,5.79,5.79,5.79,5.79,1.0,0.0,20.0,0.0,0.2,0.9,1025.9,1025.9,1025.9,1025.9,1.0,0.0,20.0,0.0,0.2,0.9,,,,,,,,,,,,,,,,,,,,,,,,,,,,,,,,,,,,,,,,,,,,,,,,,,,,,,,,,,,,,,,,,,,,,,,,,,,,,,,,,,,,,,,,,,,,,,,,,,,,,,,,,,,,,,,,,,,,,,,,,,,,,,,,,,,,,,,,,,,,,,,,,,,,,,
1974,2,174.0,-47.0,10.57,11.35,12.13,11.35,2.0,1.63,14.0,1.0,0.0,0.8,11.67,12.25,12.83,12.25,2.0,1.2,14.0,1.0,0.0,0.8,6.12,6.47,6.83,6.47,2.0,0.73,14.0,1.0,0.0,0.8,72.9,74.2,75.6,74.2,2.0,2.7,14.0,1.0,0.8,0.98,3.1,5.22,3.1,2.0,4.38,14.0,1.0,0.0,0.8,-0.91,-0.54,-0.17,-0.54,2.0,0.76,14.0,1.0,0.0,0.8,0.97,3.05,5.14,3.05,2.0,4.32,14.0,1.0,0.0,0.8,1025.99,1027.7,1029.41,1027.7,2.0,3.54,14.0,1.0,0.0,0.8,7.2,7.5,7.8,7.5,2.0,0.7,14.0,1.0,0.0,0.8,-5.6,-3.3,-1.1,-3.3,2.0,4.7,14.0,1.0,0.0,0.8,6.0,18.9,31.8,18.9,2.0,26.8,14.0,1.0,0.0,0.8,-1.1,-0.9,-0.7,-0.9,2.0,0.42,14.0,1.0,0.0,0.8,-6.3,-3.7,-1.2,-3.7,2.0,5.3,14.0,1.0,0.0,0.8,1.69,1.75,1.81,1.75,2.0,0.13,14.0,1.0,0.0,0.8,1.6,5.1,8.6,5.1,2.0,7.3,14.0,1.0,0.0,0.8,-10.3,-6.1,-1.9,-6.1,2.0,8.7,14.0,1.0,0.0,0.8,11.0,34.8,58.6,34.8,2.0,49.2,14.0,1.0,0.0,0.8,-5.4,-3.2,-1.0,-3.2,2.0,4.5,14.0,1.0,0.0,0.8,5.8,18.2,30.6,18.2,2.0,25.7,14.0,1.0,0.0,0.8,-1.5,-0.9,-0.3,-0.9,2.0,1.3,14.0,1.0,0.0,0.8,1.6,5.1,8.5,5.1,2.0,7.1,14.0,1.0,0.0,0.8,38.0,119.0,200.5,119.0,2.0,168.5,14.0,1.0,0.0,0.8,40.0,120.0,200.0,120.0,2.0,170.0,14.0,1.0,0.0,0.8
1974,2,174.0,-45.0,14.53,15.15,15.8,15.06,10.0,0.79,20.0,0.8,0.1,0.9,13.63,15.5,16.46,15.11,10.0,1.43,20.0,0.8,0.1,0.9,6.96,7.06,7.16,7.06,2.0,0.21,14.0,1.0,0.5,0.5,76.4,76.9,77.5,76.9,2.0,1.1,14.0,1.0,0.5,4.1,4.1,11.03,6.27,10.0,4.21,20.0,0.8,0.1,0.9,-8.53,-2.55,-0.3,-3.67,10.0,5.16,20.0,0.8,0.1,0.9,-5.9,1.38,3.19,-0.63,10.0,4.41,20.0,0.8,0.1,0.9,1010.3,1021.75,1030.42,1020.92,10.0,10.02,20.0,0.8,0.1,0.9,2.9,7.0,7.6,5.6,10.0,2.7,20.0,0.8,0.1,0.9,-103.3,-13.3,-1.3,-40.1,10.0,71.5,20.0,0.8,0.1,0.9,-58.6,4.3,13.1,-15.9,10.0,40.6,20.0,0.8,0.1,0.9,-1.04,-0.1,0.9,-0.05,10.0,0.97,20.0,0.8,0.1,0.9,-4.9,-0.3,5.1,-0.1,10.0,4.7,20.0,0.8,0.1,0.9,2.49,2.63,2.77,2.63,2.0,0.29,14.0,1.0,0.5,0.5,10.6,12.2,13.7,12.2,2.0,3.2,14.0,1.0,0.5,0.5,-137.8,-38.6,-3.9,-57.2,10.0,83.3,20.0,0.8,0.1,0.9,-87.5,20.1,44.5,-11.6,10.0,65.3,20.0,0.8,0.1,0.9,-4.1,-2.5,-0.8,-2.5,2.0,3.5,14.0,1.0,0.5,0.5,29.3,32.3,35.4,32.3,2.0,6.3,14.0,1.0,0.5,0.5,-1.5,-0.9,-0.3,-0.9,2.0,1.2,14.0,1.0,0.5,0.5,10.5,12.1,13.7,12.1,2.0,3.3,14.0,1.0,0.5,0.5,69.0,69.0,1695.0,623.0,10.0,1091.5,20.0,0.8,0.1,0.9,70.0,70.0,1695.0,625.0,10.0,1090.0,20.0,0.8,0.1,0.9
1974,2,174.0,-44.0,15.1,16.0,16.89,15.91,20.0,1.1,20.0,0.8,0.1,0.2,14.45,16.3,18.02,16.22,18.0,2.11,20.0,0.8,0.1,0.2,9.24,12.1,12.56,10.93,3.0,2.63,12.0,0.7,0.2,0.4,85.9,88.2,88.2,87.1,3.0,2.0,12.0,0.7,0.4,3.1,5.65,8.7,6.29,20.0,4.01,20.0,0.8,0.1,0.2,-4.34,-1.38,2.37,-1.03,20.0,3.5,20.0,0.8,0.1,0.2,-4.07,2.05,7.53,2.67,20.0,6.07,20.0,0.8,0.1,0.2,1009.48,1017.4,1027.31,1017.34,19.0,9.22,20.0,0.8,0.1,0.2,3.0,6.0,8.0,5.5,17.0,2.2,20.0,0.8,0.1,0.2,-37.7,-7.8,9.0,-4.8,20.0,37.0,20.0,0.8,0.1,0.2,-16.6,8.4,65.3,31.0,20.0,83.5,20.0,0.8,0.1,0.2,-2.22,-0.15,1.4,-0.33,18.0,2.16,20.0,0.8,0.1,0.2,-17.9,-0.9,4.3,-4.3,18.0,17.0,20.0,0.8,0.1,0.2,0.25,1.64,2.81,1.53,3.0,1.88,12.0,0.7,0.2,0.4,0.6,8.3,10.9,5.8,3.0,7.9,12.0,0.7,0.2,0.4,-80.2,-19.8,39.2,-15.1,18.0,62.4,20.0,0.8,0.1,0.2,-49.7,32.1,123.8,44.6,18.0,105.0,20.0,0.8,0.1,0.2,-57.2,-18.3,8.6,-24.2,3.0,48.5,12.0,0.7,0.2,0.4,-36.2,21.8,46.5,5.5,3.0,62.2,12.0,0.7,0.2,0.4,-4.6,2.4,2.7,-0.9,3.0,6.0,12.0,0.7,0.2,0.4,3.8,7.8,8.8,6.4,3.0,3.9,12.0,0.7,0.2,0.4,30.0,185.5,658.5,628.5,20.0,1503.0,20.0,0.8,0.1,0.2,30.0,185.0,660.0,630.0,20.0,1505.0,20.0,0.8,0.1,0.2
1974,2,174.0,-43.0,17.03,17.8,18.0,17.56,5.0,0.52,16.0,0.4,0.4,0.5,15.0,17.0,19.58,16.73,11.0,2.63,16.0,0.2,0.3,0.7,8.87,9.54,11.34,10.08,4.0,1.77,16.0,0.5,0.4,0.5,80.0,83.6,86.2,83.1,4.0,4.3,16.0,0.5,0.5,5.1,9.0,14.07,9.55,10.0,4.8,16.0,0.2,0.3,0.7,-5.2,-1.53,2.01,-1.32,10.0,4.31,16.0,0.2,0.3,0.7,-9.39,-2.47,9.24,-0.55,10.0,10.17,16.0,0.2,0.3,0.7,1008.41,1017.4,1027.67,1017.64,11.0,9.4,16.0,0.2,0.3,0.7,1.0,6.0,7.2,4.8,6.0,3.1,12.0,0.3,0.3,0.6,-40.2,-4.7,20.7,-7.7,10.0,44.7,16.0,0.2,0.3,0.7,-103.5,-13.0,98.9,4.5,10.0,149.3,16.0,0.2,0.3,0.7,-1.11,0.0,2.43,0.44,5.0,2.22,16.0,0.4,0.4,0.5,-8.5,0.0,9.7,-0.1,5.0,13.3,16.0,0.4,0.4,0.5,1.39,3.11,3.4,2.43,4.0,1.64,16.0,0.5,0.4,0.5,4.9,14.0,32.0,18.2,4.0,19.2,16.0,0.5,0.4,0.5,-88.1,-22.9,34.2,-24.8,10.0,72.4,16.0,0.2,0.3,0.7,-178.2,-47.2,149.7,-27.6,10.0,161.8,16.0,0.2,0.3,0.7,-63.9,-49.5,-36.0,-49.9,4.0,19.8,16.0,0.5,0.4,0.5,-105.1,-31.2,2.4,-50.4,4.0,69.4,16.0,0.5,0.4,0.5,-16.6,-12.7,-4.8,-10.8,4.0,7.9,16.0,0.5,0.4,0.5,-22.1,0.0,0.9,-10.1,4.0,21.4,16.0,0.5,0.4,0.5,132.5,774.5,2885.0,1500.5,10.0,1884.5,16.0,0.2,0.3,0.7,135.0,775.0,2885.0,1500.0,10.0,1885.0,16.0,0.2,0.3,0.7
1974,2,174.0,-42.0,14.85,15.5,17.0,15.63,18.0,1.27,14.0,0.5,0.5,0.4,16.0,17.5,21.0,18.11,81.0,2.66,14.0,0.8,0.5,0.6,9.39,10.6,11.26,10.34,29.0,1.22,14.0,0.7,0.5,0.5,73.7,85.5,92.1,84.3,29.0,9.7,14.0,0.7,0.5,4.1,7.7,12.9,8.35,82.0,4.16,14.0,0.8,0.5,0.6,-4.24,0.0,2.24,-0.77,82.0,3.19,14.0,0.8,0.5,0.6,-9.36,-2.35,10.3,-0.19,82.0,8.78,14.0,0.8,0.5,0.6,1007.8,1013.6,1022.5,1014.35,83.0,6.93,14.0,0.8,0.5,0.6,1.0,6.0,8.0,4.9,78.0,2.8,14.0,0.8,0.5,0.6,-45.4,0.0,20.3,-9.3,82.0,35.5,14.0,0.8,0.5,0.6,-92.5,-6.5,111.4,8.0,82.0,111.5,14.0,0.8,0.5,0.6,-3.21,-1.6,0.65,-1.57,18.0,2.21,14.0,0.5,0.5,0.4,-14.7,-9.3,6.1,-8.0,17.0,21.6,14.0,0.5,0.5,0.4,-0.46,0.5,2.13,0.62,18.0,1.39,14.0,0.5,0.5,0.4,-2.7,3.8,19.3,7.0,17.0,12.6,14.0,0.5,0.5,0.4,-73.7,0.0,41.3,-12.9,80.0,58.4,14.0,0.8,0.5,0.6,-183.1,-44.0,147.9,-14.3,80.0,154.9,14.0,0.8,0.5,0.6,-20.3,0.0,27.9,2.4,28.0,31.7,14.0,0.7,0.5,0.5,-89.7,-46.6,81.0,-9.9,28.0,83.8,14.0,0.7,0.5,0.5,-2.7,0.0,0.4,-1.4,17.0,4.1,14.0,0.5,0.5,0.4,-4.3,1.4,7.1,2.9,17.0,13.5,14.0,0.5,0.5,0.4,69.0,456.5,2146.5,1036.5,82.0,1390.0,14.0,0.8,0.5,0.6,70.0,455.0,2145.0,1035.0,82.0,1390.0,14.0,0.8,0.5,0.6
1974,2,174.0,-41.0,16.16,17.5,18.0,17.28,9.0,0.92,16.0,0.6,0.3,0.5,16.83,17.1,19.34,17.75,10.0,1.57,18.0,0.7,0.3,0.5,8.54,10.55,11.47,10.2,6.0,1.52,20.0,0.8,0.2,0.4,74.0,85.1,90.5,82.6,6.0,13.5,20.0,0.8,0.4,2.6,5.1,13.37,7.1,11.0,5.88,16.0,0.6,0.3,0.5,-4.78,0.0,3.14,-0.8,11.0,5.16,16.0,0.6,0.3,0.5,-3.32,0.0,11.54,2.99,11.0,7.27,16.0,0.6,0.3,0.5,1012.12,1017.4,1021.97,1017.21,11.0,5.3,16.0,0.6,0.3,0.5,0.4,5.0,7.6,4.2,10.0,3.4,16.0,0.6,0.3,0.6,-62.8,0.0,16.9,-27.2,11.0,76.2,16.0,0.6,0.3,0.5,-16.9,0.0,158.3,54.1,11.0,104.8,16.0,0.6,0.3,0.5,-1.89,-0.75,0.89,-0.55,8.0,1.24,18.0,0.6,0.3,0.5,-9.4,-1.3,10.9,-0.1,8.0,10.8,18.0,0.6,0.3,0.5,0.45,1.54,3.35,1.9,5.0,1.83,20.0,0.8,0.2,0.4,1.2,7.9,20.8,11.2,5.0,12.8,20.0,0.8,0.2,0.4,-86.3,0.0,44.6,-18.2,10.0,88.0,18.0,0.7,0.3,0.5,-43.7,18.9,200.6,63.0,10.0,121.5,18.0,0.7,0.3,0.5,-80.8,-0.4,29.2,-20.6,6.0,67.0,20.0,0.8,0.2,0.4,-25.0,1.2,96.2,30.7,6.0,72.4,20.0,0.8,0.2,0.4,-7.5,1.6,8.4,-0.2,5.0,12.1,20.0,0.8,0.2,0.4,-2.0,0.0,14.8,5.8,5.0,11.5,20.0,0.8,0.2,0.4,17.5,132.5,2458.5,1179.0,11.0,2154.0,16.0,0.6,0.3,0.5,20.0,135.0,2460.0,1180.0,11.0,2155.0,16.0,0.6,0.3,0.5
1974,2,174.0,-40.0,,,,,,,,,,,,,,,,,,,,,,,,,,,,,,,,,,,,,,,,6.0,6.0,6.0,6.0,1.0,0.0,2.0,0.0,0.3,0.1,3.86,3.86,3.86,3.86,1.0,0.0,2.0,0.0,0.3,0.1,-4.6,-4.6,-4.6,-4.6,1.0,0.0,2.0,0.0,0.3,0.1,1023.2,1023.2,1023.2,1023.2,1.0,0.0,2.0,0.0,0.3,0.1,,,,,,,,,,,,,,,,,,,,,,,,,,,,,,,,,,,,,,,,,,,,,,,,,,,,,,,,,,,,,,,,,,,,,,,,,,,,,,,,,,,,,,,,,,,,,,,,,,,,,,,,,,,,,,,,,,,,,,,,,,,,,,,,,,,,,,,,,,,,,,,,,,,,,,
1974,2,174.0,-39.0,18.1,19.4,20.7,19.4,2.0,2.69,8.0,0.0,0.3,0.8,19.38,20.4,21.52,20.45,4.0,1.32,18.0,0.3,0.1,0.6,11.13,11.42,11.7,11.42,2.0,0.59,12.0,0.0,0.1,0.6,73.8,75.0,76.2,75.0,2.0,2.4,12.0,0.0,0.6,0.79,2.5,6.8,3.32,6.0,3.12,16.0,0.3,0.1,0.6,-1.14,0.09,1.08,-0.38,6.0,2.66,16.0,0.3,0.1,0.6,-4.13,-0.32,2.08,-0.33,6.0,3.94,16.0,0.3,0.1,0.6,1013.31,1021.15,1023.65,1020.07,6.0,6.39,16.0,0.3,0.1,0.6,0.8,2.5,6.0,3.0,6.0,2.7,16.0,0.3,0.1,0.6,-8.2,0.1,3.8,-3.9,6.0,18.6,16.0,0.3,0.1,0.6,-19.6,-0.3,9.5,-1.1,6.0,25.1,16.0,0.3,0.1,0.6,-2.3,-2.3,-2.3,-2.3,1.0,0.0,6.0,0.0,0.2,1.0,-2.3,-2.3,-2.3,-2.3,1.0,0.0,6.0,0.0,0.2,1.0,1.42,1.42,1.42,1.42,1.0,0.0,6.0,0.0,0.2,1.0,1.4,1.4,1.4,1.4,1.0,0.0,6.0,0.0,0.2,1.0,-58.9,9.5,30.0,-13.3,4.0,70.3,18.0,0.3,0.1,0.6,-57.0,4.5,73.0,7.8,4.0,89.7,18.0,0.3,0.1,0.6,3.1,5.2,7.4,5.2,2.0,4.5,12.0,0.0,0.1,0.6,-4.1,2.3,8.7,2.3,2.0,13.2,12.0,0.0,0.1,0.6,1.1,1.1,1.1,1.1,1.0,0.0,6.0,0.0,0.2,1.0,-0.9,-0.9,-0.9,-0.9,1.0,0.0,6.0,0.0,0.2,1.0,1.0,32.5,315.5,123.5,6.0,169.0,16.0,0.3,0.1,0.6,0.0,35.0,315.0,125.0,6.0,170.0,16.0,0.3,0.1,0.6
1974,2,174.0,-38.0,21.53,21.6,22.42,21.97,3.0,0.72,22.0,1.0,0.2,0.5,22.03,22.1,22.17,22.1,2.0,0.14,22.0,1.0,0.1,0.5,15.12,15.12,15.12,15.12,1.0,0.0,22.0,1.0,0.0,0.5,91.2,91.2,91.2,91.2,1.0,0.0,22.0,1.0,0.5,6.02,12.3,12.71,9.43,3.0,5.49,22.0,1.0,0.2,0.5,-11.4,-9.88,-2.77,-7.15,3.0,6.75,22.0,1.0,0.2,0.5,-6.34,-2.14,1.41,-2.46,3.0,5.68,22.0,1.0,0.2,0.5,1017.45,1018.0,1020.05,1018.73,3.0,2.0,22.0,1.0,0.2,0.5,5.6,7.0,7.7,6.7,3.0,1.5,22.0,1.0,0.2,0.5,-142.2,-127.5,-39.3,-91.6,3.0,81.5,22.0,1.0,0.2,0.5,-81.4,-26.3,-1.9,-41.3,3.0,59.6,22.0,1.0,0.2,0.5,-0.58,-0.55,-0.52,-0.55,2.0,0.07,22.0,1.0,0.1,0.5,-7.2,-6.9,-6.6,-6.9,2.0,0.7,22.0,1.0,0.1,0.5,0.87,0.87,0.87,0.87,1.0,0.0,22.0,1.0,0.0,0.5,10.7,10.7,10.7,10.7,1.0,0.0,22.0,1.0,0.0,0.5,-260.7,-243.2,-225.6,-243.2,2.0,36.4,22.0,1.0,0.1,0.5,-161.0,-114.9,-68.8,-114.9,2.0,95.5,22.0,1.0,0.1,0.5,-183.1,-183.1,-183.1,-183.1,1.0,0.0,22.0,1.0,0.0,0.5,-32.3,-32.3,-32.3,-32.3,1.0,0.0,22.0,1.0,0.0,0.5,-10.5,-10.5,-10.5,-10.5,1.0,0.0,22.0,1.0,0.0,0.5,-1.9,-1.9,-1.9,-1.9,1.0,0.0,22.0,1.0,0.0,0.5,611.0,1861.0,2056.0,1346.0,3.0,1148.5,22.0,1.0,0.2,0.5,610.0,1860.0,2055.0,1345.0,3.0,1150.0,22.0,1.0,0.2,0.5
1974,2,174.0,-37.0,21.21,22.25,22.71,21.98,4.0,1.05,12.0,1.0,0.6,0.6,21.63,22.0,22.62,22.08,5.0,0.73,14.0,0.8,0.5,0.5,14.78,15.43,16.15,15.46,3.0,1.0,14.0,1.0,0.5,0.6,86.7,94.1,98.1,92.4,3.0,8.5,14.0,1.0,0.6,0.63,6.7,7.2,4.42,5.0,3.6,14.0,0.8,0.5,0.5,-4.81,-4.63,-0.49,-3.03,5.0,2.44,14.0,0.8,0.5,0.5,-5.52,-4.31,-0.41,-3.2,5.0,2.68,14.0,0.8,0.5,0.5,1014.59,1015.9,1019.59,1016.86,5.0,3.57,14.0,0.8,0.5,0.5,1.6,3.0,6.4,3.8,5.0,2.6,14.0,0.8,0.5,0.5,-33.7,-33.3,-0.5,-20.4,5.0,18.2,14.0,0.8,0.5,0.5,-39.7,-28.9,-0.4,-21.8,5.0,20.1,14.0,0.8,0.5,0.5,-1.26,-0.25,0.5,-0.37,4.0,1.03,12.0,1.0,0.6,0.6,-5.7,1.3,3.6,-1.0,4.0,6.4,12.0,1.0,0.6,0.6,-0.52,1.5,1.78,0.65,3.0,1.84,14.0,1.0,0.5,0.6,-6.1,1.9,8.0,1.0,3.0,10.3,14.0,1.0,0.5,0.6,-107.0,-101.8,-11.2,-67.2,5.0,53.8,14.0,0.8,0.5,0.5,-122.1,-94.7,-9.4,-70.9,5.0,59.3,14.0,0.8,0.5,0.5,-80.4,-71.4,-30.2,-55.7,3.0,39.2,14.0,1.0,0.5,0.6,-80.6,-71.0,-28.9,-55.1,3.0,40.3,14.0,1.0,0.5,0.6,-5.2,-1.5,4.7,-0.3,3.0,7.3,14.0,1.0,0.5,0.6,-6.0,-1.2,3.9,-1.1,3.0,7.3,14.0,1.0,0.5,0.6,0.5,301.0,373.0,209.5,5.0,193.0,14.0,0.8,0.5,0.5,0.0,300.0,375.0,210.0,5.0,195.0,14.0,0.8,0.5,0.5
1974,2,174.0,-36.0,19.5,21.5,22.55,21.52,13.0,1.6,14.0,0.7,0.4,0.7,20.12,22.0,22.25,21.7,11.0,1.7,14.0,0.7,0.5,0.7,12.59,13.78,15.96,14.06,10.0,2.02,14.0,0.8,0.5,0.7,78.6,87.2,92.6,86.0,10.0,8.5,14.0,0.8,0.7,2.6,4.6,6.25,4.27,13.0,1.89,14.0,0.7,0.4,0.7,-3.99,0.0,0.98,-1.12,13.0,2.3,14.0,0.7,0.4,0.7,-5.14,-2.3,1.1,-1.55,13.0,3.75,14.0,0.7,0.4,0.7,1013.49,1016.9,1021.82,1016.89,13.0,4.04,14.0,0.7,0.4,0.7,0.9,4.0,7.0,4.1,13.0,2.7,14.0,0.7,0.4,0.7,-18.6,0.0,1.5,-5.9,13.0,10.8,14.0,0.7,0.4,0.7,-26.8,-6.8,3.0,-8.7,13.0,23.6,14.0,0.7,0.4,0.7,-1.25,-0.5,0.91,-0.2,11.0,1.51,14.0,0.7,0.5,0.7,-6.8,-1.3,4.3,-0.9,11.0,9.9,14.0,0.7,0.5,0.7,0.67,2.09,3.5,2.13,10.0,1.64,14.0,0.8,0.5,0.7,2.0,9.0,15.9,10.2,10.0,10.3,14.0,0.8,0.5,0.7,-75.3,0.0,23.7,-21.7,11.0,53.0,14.0,0.7,0.5,0.7,-122.7,-50.6,37.3,-36.3,11.0,86.7,14.0,0.7,0.5,0.7,-55.0,-6.8,16.0,-16.5,10.0,37.5,14.0,0.8,0.5,0.7,-78.6,-18.8,24.0,-22.9,10.0,56.2,14.0,0.8,0.5,0.7,-9.2,0.0,1.5,-2.8,10.0,6.7,14.0,0.8,0.5,0.7,-10.8,0.2,7.2,0.4,10.0,13.0,14.0,0.8,0.5,0.7,17.5,97.5,244.5,121.0,13.0,135.0,14.0,0.7,0.4,0.7,20.0,95.0,245.0,120.0,13.0,135.0,14.0,0.7,0.4,0.7
1974,2,174.0,-35.0,20.98,23.1,23.71,22.37,3.0,2.1,8.0,0.7,0.4,0.6,21.63,23.0,24.71,23.17,3.0,2.25,8.0,0.7,0.4,0.6,13.5,13.89,15.02,14.25,3.0,1.16,8.0,0.7,0.4,0.6,76.5,77.1,86.3,81.3,3.0,8.0,8.0,0.7,0.6,2.3,5.1,6.87,4.6,3.0,3.38,8.0,0.7,0.4,0.6,-6.87,-5.1,-1.62,-4.27,3.0,3.92,8.0,0.7,0.4,0.6,-0.68,0.0,0.0,-0.33,3.0,0.58,8.0,0.7,0.4,0.6,1015.51,1020.7,1021.31,1018.47,3.0,4.67,8.0,0.7,0.4,0.6,1.3,4.0,6.7,4.0,3.0,4.0,8.0,0.7,0.4,0.6,-48.7,-26.0,-8.3,-28.4,3.0,29.7,8.0,0.7,0.4,0.6,-0.7,0.0,0.0,-0.3,3.0,0.6,8.0,0.7,0.4,0.6,-1.34,-1.0,-0.25,-0.8,3.0,0.82,8.0,0.7,0.4,0.6,-5.5,-1.0,0.2,-2.6,3.0,4.4,8.0,0.7,0.4,0.6,1.29,2.92,3.86,2.58,3.0,1.91,8.0,0.7,0.4,0.6,5.1,14.9,27.3,16.2,3.0,16.3,8.0,0.7,0.4,0.6,-162.2,-130.0,-41.3,-102.4,3.0,91.7,8.0,0.7,0.4,0.6,-14.3,0.0,0.0,-7.0,3.0,12.1,8.0,0.7,0.4,0.6,-95.2,-79.3,-25.2,-60.6,3.0,53.8,8.0,0.7,0.4,0.6,-9.5,0.0,0.0,-4.6,3.0,8.0,8.0,0.7,0.4,0.6,-27.3,-14.9,-4.7,-16.0,3.0,16.6,8.0,0.7,0.4,0.6,-0.4,0.0,0.0,-0.2,3.0,0.3,8.0,0.7,0.4,0.6,43.0,132.5,353.5,196.5,3.0,234.5,8.0,0.7,0.4,0.6,45.0,135.0,355.0,195.0,3.0,235.0,8.0,0.7,0.4,0.6
1974,2,174.0,-34.0,22.32,23.0,23.68,23.0,2.0,1.41,22.0,0.5,0.1,0.5,23.16,23.5,23.84,23.5,2.0,0.71,22.0,0.5,0.1,0.5,15.36,15.36,15.36,15.36,1.0,0.0,18.0,0.0,0.1,0.6,88.5,88.5,88.5,88.5,1.0,0.0,18.0,0.0,0.6,3.0,3.85,4.7,3.85,2.0,1.77,22.0,0.5,0.1,0.5,-1.13,0.04,1.2,0.04,2.0,2.42,22.0,0.5,0.1,0.5,-0.92,1.4,3.72,1.4,2.0,4.8,22.0,0.5,0.1,0.5,1015.72,1017.9,1020.08,1017.9,2.0,4.53,22.0,0.5,0.1,0.5,0.2,0.5,0.8,0.5,2.0,0.7,22.0,0.5,0.1,0.5,-2.2,2.3,6.8,2.3,2.0,9.4,22.0,0.5,0.1,0.5,-0.5,9.6,19.7,9.6,2.0,20.9,22.0,0.5,0.1,0.5,-1.52,-0.5,0.52,-0.5,2.0,2.12,22.0,0.5,0.1,0.5,-8.2,-3.8,0.6,-3.8,2.0,9.1,22.0,0.5,0.1,0.5,3.11,3.11,3.11,3.11,1.0,0.0,18.0,0.0,0.1,0.6,8.1,8.1,8.1,8.1,1.0,0.0,18.0,0.0,0.1,0.6,-25.7,1.7,29.1,1.7,2.0,56.8,22.0,0.5,0.1,0.5,-20.3,34.6,89.5,34.6,2.0,113.7,22.0,0.5,0.1,0.5,-25.7,-25.7,-25.7,-25.7,1.0,0.0,18.0,0.0,0.1,0.6,-30.6,-30.6,-30.6,-30.6,1.0,0.0,18.0,0.0,0.1,0.6,-5.2,-5.2,-5.2,-5.2,1.0,0.0,18.0,0.0,0.1,0.6,-6.2,-6.2,-6.2,-6.2,1.0,0.0,18.0,0.0,0.1,0.6,36.0,75.0,114.5,75.0,2.0,81.5,22.0,0.5,0.1,0.5,35.0,75.0,115.0,75.0,2.0,80.0,22.0,0.5,0.1,0.5
1974,2,174.0,-33.0,,,,,,,,,,,,,,,,,,,,,,,,,,,,,,,,,,,,,,,,7.7,7.7,7.7,7.7,1.0,0.0,22.0,1.0,0.8,0.9,-7.7,-7.7,-7.7,-7.7,1.0,0.0,22.0,1.0,0.8,0.9,0.0,0.0,0.0,0.0,1.0,0.0,22.0,1.0,0.8,0.9,1014.7,1014.7,1014.7,1014.7,1.0,0.0,22.0,1.0,0.8,0.9,,,,,,,,,,,,,,,,,,,,,,,,,,,,,,,,,,,,,,,,,,,,,,,,,,,,,,,,,,,,,,,,,,,,,,,,,,,,,,,,,,,,,,,,,,,,,,,,,,,,,,,,,,,,,,,,,,,,,,,,,,,,,,,,,,,,,,,,,,,,,,,,,,,,,,
1974,2,174.0,-32.0,,,,,,,,,,,,,,,,,,,,,,,,,,,,,,,,,,,,,,,,6.7,6.7,6.7,6.7,1.0,0.0,4.0,1.0,0.7,0.2,-6.7,-6.7,-6.7,-6.7,1.0,0.0,4.0,1.0,0.7,0.2,0.0,0.0,0.0,0.0,1.0,0.0,4.0,1.0,0.7,0.2,1018.6,1018.6,1018.6,1018.6,1.0,0.0,4.0,1.0,0.7,0.2,1.0,1.0,1.0,1.0,1.0,0.0,4.0,1.0,0.7,0.2,-44.9,-44.9,-44.9,-44.9,1.0,0.0,4.0,1.0,0.7,0.2,0.0,0.0,0.0,0.0,1.0,0.0,4.0,1.0,0.7,0.2,,,,,,,,,,,,,,,,,,,,,,,,,,,,,,,,,,,,,,,,,-147.4,-147.4,-147.4,-147.4,1.0,0.0,4.0,1.0,0.7,0.2,0.0,0.0,0.0,0.0,1.0,0.0,4.0,1.0,0.7,0.2,-85.4,-85.4,-85.4,-85.4,1.0,0.0,4.0,1.0,0.7,0.2,0.0,0.0,0.0,0.0,1.0,0.0,4.0,1.0,0.7,0.2,,,,,,,,,,,,,,,,,,,,,,,,,,,,,,,,,,,,,,,,
1974,2,174.0,-31.0,24.0,24.0,24.0,24.0,1.0,0.0,12.0,1.0,0.1,1.0,24.0,24.0,24.0,24.0,1.0,0.0,12.0,1.0,0.1,1.0,18.61,18.61,18.61,18.61,1.0,0.0,12.0,1.0,0.1,1.0,100.0,100.0,100.0,100.0,1.0,0.0,12.0,1.0,1.0,4.6,4.6,4.6,4.6,1.0,0.0,12.0,1.0,0.1,1.0,-4.32,-4.32,-4.32,-4.32,1.0,0.0,12.0,1.0,0.1,1.0,1.57,1.57,1.57,1.57,1.0,0.0,12.0,1.0,0.1,1.0,1013.1,1013.1,1013.1,1013.1,1.0,0.0,12.0,1.0,0.1,1.0,8.0,8.0,8.0,8.0,1.0,0.0,12.0,1.0,0.1,1.0,-19.9,-19.9,-19.9,-19.9,1.0,0.0,12.0,1.0,0.1,1.0,7.2,7.2,7.2,7.2,1.0,0.0,12.0,1.0,0.1,1.0,0.0,0.0,0.0,0.0,1.0,0.0,12.0,1.0,0.1,1.0,0.0,0.0,0.0,0.0,1.0,0.0,12.0,1.0,0.1,1.0,0.0,0.0,0.0,0.0,1.0,0.0,12.0,1.0,0.1,1.0,0.0,0.0,0.0,0.0,1.0,0.0,12.0,1.0,0.1,1.0,-103.7,-103.7,-103.7,-103.7,1.0,0.0,12.0,1.0,0.1,1.0,37.8,37.8,37.8,37.8,1.0,0.0,12.0,1.0,0.1,1.0,-80.4,-80.4,-80.4,-80.4,1.0,0.0,12.0,1.0,0.1,1.0,29.3,29.3,29.3,29.3,1.0,0.0,12.0,1.0,0.1,1.0,0.0,0.0,0.0,0.0,1.0,0.0,12.0,1.0,0.1,1.0,0.0,0.0,0.0,0.0,1.0,0.0,12.0,1.0,0.1,1.0,97.5,97.5,97.5,97.5,1.0,0.0,12.0,1.0,0.1,1.0,95.0,95.0,95.0,95.0,1.0,0.0,12.0,1.0,0.1,1.0
1974,2,174.0,-30.0,24.66,25.0,25.34,25.0,2.0,0.71,10.0,1.0,0.1,0.5,24.0,24.0,25.37,24.67,3.0,1.15,16.0,0.7,0.3,0.6,16.55,16.58,17.94,17.23,3.0,1.17,16.0,0.7,0.3,0.6,81.8,88.6,96.4,89.1,3.0,10.7,16.0,0.7,0.6,2.71,4.85,8.87,5.75,4.0,4.73,14.0,0.8,0.3,0.6,-8.21,-4.47,-1.7,-4.93,4.0,5.06,14.0,0.8,0.3,0.6,-1.9,0.72,1.72,-0.05,4.0,2.9,14.0,0.8,0.3,0.6,1007.59,1010.5,1013.67,1010.63,4.0,3.79,14.0,0.8,0.3,0.6,3.0,5.5,8.0,5.5,4.0,2.9,14.0,0.8,0.3,0.6,-85.2,-21.7,-9.5,-46.2,4.0,64.9,14.0,0.8,0.3,0.6,-26.8,2.2,8.6,-8.6,4.0,29.2,14.0,0.8,0.3,0.6,1.5,1.5,1.5,1.5,1.0,0.0,10.0,1.0,0.2,0.4,18.5,18.5,18.5,18.5,1.0,0.0,10.0,1.0,0.2,0.4,3.94,3.94,3.94,3.94,1.0,0.0,10.0,1.0,0.2,0.4,48.5,48.5,48.5,48.5,1.0,0.0,10.0,1.0,0.2,0.4,-225.8,-114.8,-110.7,-167.0,3.0,95.7,16.0,0.7,0.3,0.6,-62.8,19.2,51.3,-5.2,3.0,86.2,16.0,0.7,0.3,0.6,-157.5,-84.1,-76.6,-116.2,3.0,65.5,16.0,0.7,0.3,0.6,-42.9,14.8,33.5,-4.2,3.0,58.3,16.0,0.7,0.3,0.6,-45.5,-45.5,-45.5,-45.5,1.0,0.0,10.0,1.0,0.2,0.4,-16.6,-16.6,-16.6,-16.6,1.0,0.0,10.0,1.0,0.2,0.4,47.0,115.0,1038.0,523.0,4.0,893.5,14.0,0.8,0.3,0.6,45.0,115.0,1040.0,525.0,4.0,895.0,14.0,0.8,0.3,0.6
1974,2,174.0,-29.0,23.82,24.5,25.06,24.46,5.0,0.76,16.0,1.0,0.3,0.6,23.9,24.0,24.81,24.33,6.0,0.88,18.0,1.0,0.4,0.5,17.05,17.84,18.73,17.77,6.0,1.29,18.0,1.0,0.4,0.5,90.2,94.4,96.7,93.3,6.0,5.6,18.0,1.0,0.5,3.0,4.6,7.46,5.57,6.0,3.54,18.0,1.0,0.4,0.5,-5.85,-3.75,-2.84,-4.71,6.0,3.0,18.0,1.0,0.4,0.5,-3.33,-0.76,1.27,-0.51,6.0,3.71,18.0,1.0,0.4,0.5,1006.65,1010.1,1014.47,1010.37,6.0,3.99,18.0,1.0,0.4,0.5,4.6,7.0,8.0,6.3,6.0,2.0,18.0,1.0,0.4,0.5,-46.7,-18.7,-8.5,-34.8,6.0,47.6,18.0,1.0,0.4,0.5,-16.9,-2.2,15.6,4.7,6.0,36.5,18.0,1.0,0.4,0.5,-1.05,0.3,1.18,0.06,5.0,1.38,16.0,1.0,0.3,0.6,-4.2,0.9,6.5,0.7,5.0,6.5,16.0,1.0,0.3,0.6,-0.61,1.37,2.26,0.98,5.0,1.56,16.0,1.0,0.3,0.6,-2.1,4.3,12.3,4.9,5.0,7.5,16.0,1.0,0.3,0.6,-147.7,-89.1,-69.3,-114.4,6.0,72.0,18.0,1.0,0.4,0.5,-79.4,-18.4,30.5,-12.0,6.0,88.6,18.0,1.0,0.4,0.5,-105.0,-65.6,-51.8,-81.1,6.0,44.0,18.0,1.0,0.4,0.5,-58.3,-13.8,19.8,-11.1,6.0,60.7,18.0,1.0,0.4,0.5,-8.5,-4.0,2.1,-3.4,5.0,5.7,16.0,1.0,0.3,0.6,-8.7,-1.5,0.1,-3.8,5.0,4.6,16.0,1.0,0.3,0.6,27.5,97.5,573.5,390.0,6.0,724.5,18.0,1.0,0.4,0.5,25.0,95.0,575.0,390.0,6.0,725.0,18.0,1.0,0.4,0.5
1974,2,174.0,-28.0,,,,,,,,,,,,,,,,,,,,,,,,,,,,,,,,,,,,,,,,2.6,2.6,2.6,2.6,1.0,0.0,24.0,1.0,0.4,0.2,-2.44,-2.44,-2.44,-2.44,1.0,0.0,24.0,1.0,0.4,0.2,0.89,0.89,0.89,0.89,1.0,0.0,24.0,1.0,0.4,0.2,1007.3,1007.3,1007.3,1007.3,1.0,0.0,24.0,1.0,0.4,0.2,,,,,,,,,,,,,,,,,,,,,,,,,,,,,,,,,,,,,,,,,,,,,,,,,,,,,,,,,,,,,,,,,,,,,,,,,,,,,,,,,,,,,,,,,,,,,,,,,,,,,,,,,,,,,,,,,,,,,,,,,,,,,,,,,,,,,,,,,,,,,,,,,,,,,,
1974,2,174.0,-27.0,24.56,25.75,26.94,25.75,2.0,2.47,22.0,0.5,0.6,0.3,26.0,26.0,26.0,26.0,2.0,0.0,22.0,0.5,0.6,0.3,18.79,19.04,19.3,19.04,2.0,0.53,22.0,0.5,0.6,0.3,89.3,90.4,91.5,90.4,2.0,2.3,22.0,0.5,0.3,7.11,8.0,8.89,8.0,2.0,1.84,22.0,0.5,0.6,0.3,-8.35,-7.52,-6.68,-7.52,2.0,1.73,22.0,0.5,0.6,0.3,-2.31,-0.44,1.42,-0.44,2.0,3.87,22.0,0.5,0.6,0.3,1007.48,1008.5,1009.52,1008.5,2.0,2.12,22.0,0.5,0.6,0.3,2.6,4.0,5.4,4.0,2.0,2.8,22.0,0.5,0.6,0.3,-75.1,-61.7,-48.4,-61.7,2.0,27.6,22.0,0.5,0.6,0.3,-22.5,-7.1,8.2,-7.1,2.0,31.8,22.0,0.5,0.6,0.3,-1.44,-0.25,0.94,-0.25,2.0,2.47,22.0,0.5,0.6,0.3,-9.1,0.3,9.6,0.3,2.0,19.3,22.0,0.5,0.6,0.3,0.11,1.84,3.57,1.84,2.0,3.58,22.0,0.5,0.6,0.3,2.5,18.0,33.5,18.0,2.0,32.0,22.0,0.5,0.6,0.3,-217.1,-195.5,-173.8,-195.5,2.0,44.9,22.0,0.5,0.6,0.3,-60.1,-11.6,37.0,-11.6,2.0,100.6,22.0,0.5,0.6,0.3,-156.7,-142.7,-128.7,-142.7,2.0,28.9,22.0,0.5,0.6,0.3,-42.9,-7.4,28.0,-7.4,2.0,73.5,22.0,0.5,0.6,0.3,-31.5,-16.9,-2.4,-16.9,2.0,30.1,22.0,0.5,0.6,0.3,-12.0,-7.7,-3.5,-7.7,2.0,8.7,22.0,0.5,0.6,0.3,380.5,552.5,724.5,552.5,2.0,356.0,22.0,0.5,0.6,0.3,380.0,555.0,725.0,555.0,2.0,355.0,22.0,0.5,0.6,0.3
1974,2,174.0,-26.0,26.1,26.1,26.1,26.1,1.0,0.0,20.0,0.0,0.3,1.0,26.83,26.9,26.97,26.9,2.0,0.14,20.0,0.5,0.5,0.6,18.89,18.89,18.89,18.89,1.0,0.0,20.0,0.0,0.3,1.0,85.7,85.7,85.7,85.7,1.0,0.0,20.0,0.0,1.0,8.37,8.75,9.13,8.75,2.0,0.78,20.0,0.5,0.5,0.6,-9.05,-8.5,-7.96,-8.5,2.0,1.13,20.0,0.5,0.5,0.6,-2.36,-1.4,-0.45,-1.4,2.0,1.98,20.0,0.5,0.5,0.6,1010.65,1010.75,1010.85,1010.75,2.0,0.21,20.0,0.5,0.5,0.6,6.3,7.0,7.7,7.0,2.0,1.4,20.0,0.5,0.5,0.6,-82.8,-74.8,-66.9,-74.8,2.0,16.5,20.0,0.5,0.5,0.6,-19.3,-11.5,-3.6,-11.5,2.0,16.3,20.0,0.5,0.5,0.6,-0.7,-0.7,-0.7,-0.7,1.0,0.0,20.0,0.0,0.3,1.0,-5.7,-5.7,-5.7,-5.7,1.0,0.0,20.0,0.0,0.3,1.0,2.3,2.3,2.3,2.3,1.0,0.0,20.0,0.0,0.3,1.0,18.8,18.8,18.8,18.8,1.0,0.0,20.0,0.0,0.3,1.0,-244.0,-228.8,-213.6,-228.8,2.0,31.5,20.0,0.5,0.5,0.6,-63.2,-37.6,-11.9,-37.6,2.0,53.1,20.0,0.5,0.5,0.6,-145.5,-145.5,-145.5,-145.5,1.0,0.0,20.0,0.0,0.3,1.0,-53.0,-53.0,-53.0,-53.0,1.0,0.0,20.0,0.0,0.3,1.0,-17.7,-17.7,-17.7,-17.7,1.0,0.0,20.0,0.0,0.3,1.0,-6.4,-6.4,-6.4,-6.4,1.0,0.0,20.0,0.0,0.3,1.0,591.5,678.0,764.0,678.0,2.0,179.0,20.0,0.5,0.5,0.6,590.0,680.0,765.0,680.0,2.0,180.0,20.0,0.5,0.5,0.6
1974,2,174.0,-25.0,26.8,27.0,27.0,26.9,3.0,0.17,26.0,1.0,0.8,0.3,23.12,24.45,25.78,24.45,2.0,2.76,26.0,1.0,0.8,0.3,16.73,17.1,17.47,17.1,2.0,0.77,26.0,1.0,0.8,0.3,84.0,89.3,94.6,89.3,2.0,10.9,26.0,1.0,0.3,6.7,6.7,7.04,6.87,3.0,0.29,26.0,1.0,0.8,0.3,-6.21,-4.31,-4.31,-5.23,3.0,1.61,26.0,1.0,0.8,0.3,2.48,5.13,5.13,3.84,3.0,2.24,26.0,1.0,0.8,0.3,1006.2,1007.5,1010.37,1008.27,3.0,3.12,26.0,1.0,0.8,0.3,2.0,2.0,2.0,2.0,3.0,0.0,26.0,1.0,0.8,0.3,-44.0,-28.9,-28.9,-36.3,3.0,12.8,26.0,1.0,0.8,0.3,17.1,34.4,34.4,25.9,3.0,14.7,26.0,1.0,0.8,0.3,0.97,2.4,3.83,2.4,2.0,2.97,26.0,1.0,0.8,0.3,6.6,16.2,25.7,16.2,2.0,19.8,26.0,1.0,0.8,0.3,4.65,5.14,5.64,5.14,2.0,1.02,26.0,1.0,0.8,0.3,33.0,35.6,38.1,35.6,2.0,5.3,26.0,1.0,0.8,0.3,-172.9,-142.0,-111.2,-142.0,2.0,63.8,26.0,1.0,0.8,0.3,46.1,74.2,102.4,74.2,2.0,58.3,26.0,1.0,0.8,0.3,-116.5,-98.2,-79.8,-98.2,2.0,38.0,26.0,1.0,0.8,0.3,32.0,53.5,75.0,53.5,2.0,44.5,26.0,1.0,0.8,0.3,-30.4,-28.3,-26.2,-28.3,2.0,4.3,26.0,1.0,0.8,0.3,9.4,17.8,26.2,17.8,2.0,17.4,26.0,1.0,0.8,0.3,301.0,301.0,350.0,325.0,3.0,42.0,26.0,1.0,0.8,0.3,300.0,300.0,350.0,325.0,3.0,40.0,26.0,1.0,0.8,0.3
1974,2,174.0,-24.0,27.0,27.0,27.0,27.0,1.0,0.0,6.0,1.0,0.7,0.7,27.5,27.5,27.5,27.5,1.0,0.0,6.0,1.0,0.7,0.7,16.4,16.4,16.4,16.4,1.0,0.0,6.0,1.0,0.7,0.7,71.5,71.5,71.5,71.5,1.0,0.0,6.0,1.0,0.7,4.1,4.1,4.1,4.1,1.0,0.0,6.0,1.0,0.7,0.7,-4.1,-4.1,-4.1,-4.1,1.0,0.0,6.0,1.0,0.7,0.7,0.0,0.0,0.0,0.0,1.0,0.0,6.0,1.0,0.7,0.7,1011.0,1011.0,1011.0,1011.0,1.0,0.0,6.0,1.0,0.7,0.7,1.0,1.0,1.0,1.0,1.0,0.0,6.0,1.0,0.7,0.7,-16.8,-16.8,-16.8,-16.8,1.0,0.0,6.0,1.0,0.7,0.7,0.0,0.0,0.0,0.0,1.0,0.0,6.0,1.0,0.7,0.7,-0.5,-0.5,-0.5,-0.5,1.0,0.0,6.0,1.0,0.7,0.7,-2.0,-2.0,-2.0,-2.0,1.0,0.0,6.0,1.0,0.7,0.7,5.94,5.94,5.94,5.94,1.0,0.0,6.0,1.0,0.7,0.7,24.4,24.4,24.4,24.4,1.0,0.0,6.0,1.0,0.7,0.7,-112.7,-112.7,-112.7,-112.7,1.0,0.0,6.0,1.0,0.7,0.7,0.0,0.0,0.0,0.0,1.0,0.0,6.0,1.0,0.7,0.7,-67.2,-67.2,-67.2,-67.2,1.0,0.0,6.0,1.0,0.7,0.7,0.0,0.0,0.0,0.0,1.0,0.0,6.0,1.0,0.7,0.7,-24.4,-24.4,-24.4,-24.4,1.0,0.0,6.0,1.0,0.7,0.7,0.0,0.0,0.0,0.0,1.0,0.0,6.0,1.0,0.7,0.7,69.0,69.0,69.0,69.0,1.0,0.0,6.0,1.0,0.7,0.7,70.0,70.0,70.0,70.0,1.0,0.0,6.0,1.0,0.7,0.7
1974,2,174.0,-23.0,27.8,27.8,27.8,27.8,1.0,0.0,12.0,0.0,0.1,1.0,27.3,27.3,27.3,27.3,1.0,0.0,12.0,0.0,0.1,1.0,18.6,18.6,18.6,18.6,1.0,0.0,12.0,0.0,0.1,1.0,82.2,82.2,82.2,82.2,1.0,0.0,12.0,0.0,1.0,5.1,5.1,5.1,5.1,1.0,0.0,12.0,0.0,0.1,1.0,-3.91,-3.91,-3.91,-3.91,1.0,0.0,12.0,0.0,0.1,1.0,3.28,3.28,3.28,3.28,1.0,0.0,12.0,0.0,0.1,1.0,1013.5,1013.5,1013.5,1013.5,1.0,0.0,12.0,0.0,0.1,1.0,3.0,3.0,3.0,3.0,1.0,0.0,12.0,0.0,0.1,1.0,-19.9,-19.9,-19.9,-19.9,1.0,0.0,12.0,0.0,0.1,1.0,16.7,16.7,16.7,16.7,1.0,0.0,12.0,0.0,0.1,1.0,0.5,0.5,0.5,0.5,1.0,0.0,12.0,0.0,0.1,1.0,2.6,2.6,2.6,2.6,1.0,0.0,12.0,0.0,0.1,1.0,4.77,4.77,4.77,4.77,1.0,0.0,12.0,0.0,0.1,1.0,24.3,24.3,24.3,24.3,1.0,0.0,12.0,0.0,0.1,1.0,-106.7,-106.7,-106.7,-106.7,1.0,0.0,12.0,0.0,0.1,1.0,89.5,89.5,89.5,89.5,1.0,0.0,12.0,0.0,0.1,1.0,-72.7,-72.7,-72.7,-72.7,1.0,0.0,12.0,0.0,0.1,1.0,61.0,61.0,61.0,61.0,1.0,0.0,12.0,0.0,0.1,1.0,-18.6,-18.6,-18.6,-18.6,1.0,0.0,12.0,0.0,0.1,1.0,15.6,15.6,15.6,15.6,1.0,0.0,12.0,0.0,0.1,1.0,132.5,132.5,132.5,132.5,1.0,0.0,12.0,0.0,0.1,1.0,135.0,135.0,135.0,135.0,1.0,0.0,12.0,0.0,0.1,1.0
1974,2,174.0,-22.0,27.97,28.35,28.73,28.35,2.0,0.78,18.0,1.0,0.4,0.5,26.78,26.95,27.12,26.95,2.0,0.35,18.0,1.0,0.4,0.5,18.0,18.1,18.19,18.1,2.0,0.2,18.0,1.0,0.4,0.5,79.9,81.2,82.5,81.2,2.0,2.7,18.0,1.0,0.5,6.93,8.5,10.07,8.5,2.0,3.25,18.0,1.0,0.4,0.5,-7.94,-7.24,-6.53,-7.24,2.0,1.47,18.0,1.0,0.4,0.5,1.1,3.47,5.84,3.47,2.0,4.91,18.0,1.0,0.4,0.5,1006.54,1007.5,1008.46,1007.5,2.0,1.98,18.0,1.0,0.4,0.5,6.3,7.0,7.7,7.0,2.0,1.4,18.0,1.0,0.4,0.5,-81.3,-63.9,-46.5,-63.9,2.0,36.0,18.0,1.0,0.4,0.5,11.9,37.5,63.1,37.5,2.0,53.0,18.0,1.0,0.4,0.5,1.2,1.4,1.6,1.4,2.0,0.42,18.0,1.0,0.4,0.5,8.7,12.6,16.5,12.6,2.0,8.2,18.0,1.0,0.4,0.5,5.55,6.21,6.86,6.21,2.0,1.36,18.0,1.0,0.4,0.5,39.6,55.0,70.3,55.0,2.0,31.8,18.0,1.0,0.4,0.5,-215.6,-195.3,-175.0,-195.3,2.0,42.1,18.0,1.0,0.4,0.5,30.0,94.4,158.9,94.4,2.0,133.5,18.0,1.0,0.4,0.5,-142.9,-130.8,-118.7,-130.8,2.0,25.1,18.0,1.0,0.4,0.5,19.8,62.3,104.9,62.3,2.0,88.2,18.0,1.0,0.4,0.5,-55.1,-45.9,-36.8,-45.9,2.0,19.0,18.0,1.0,0.4,0.5,7.9,24.9,41.9,24.9,2.0,35.2,18.0,1.0,0.4,0.5,400.5,749.0,1097.5,749.0,2.0,722.0,18.0,1.0,0.4,0.5,400.0,750.0,1100.0,750.0,2.0,720.0,18.0,1.0,0.4,0.5
1974,2,174.0,-21.0,26.93,28.4,28.52,27.8,7.0,1.15,14.0,0.4,0.4,0.3,27.8,28.0,28.32,28.1,6.0,0.37,14.0,0.5,0.4,0.3,18.21,19.3,19.84,18.99,6.0,1.11,14.0,0.5,0.4,0.3,76.8,81.1,83.8,79.6,6.0,5.6,14.0,0.5,0.3,6.06,7.45,9.48,7.97,6.0,3.54,14.0,0.5,0.4,0.3,-8.78,-6.38,-3.82,-5.98,6.0,4.12,14.0,0.5,0.4,0.3,-5.33,-1.69,3.05,-1.61,6.0,5.07,14.0,0.5,0.4,0.3,1002.27,1006.0,1011.01,1006.42,6.0,4.23,14.0,0.5,0.4,0.3,1.6,3.0,5.6,3.5,6.0,2.7,14.0,0.5,0.4,0.3,-86.2,-47.7,-26.4,-58.6,6.0,54.9,14.0,0.5,0.4,0.3,-50.4,-6.1,23.0,-20.1,6.0,59.7,14.0,0.5,0.4,0.3,-1.17,-0.2,0.58,-0.4,6.0,1.24,14.0,0.5,0.4,0.3,-12.3,-1.5,4.2,-5.9,6.0,16.1,14.0,0.5,0.4,0.3,3.07,4.82,5.65,4.45,6.0,2.08,14.0,0.5,0.4,0.3,17.3,28.4,45.6,31.3,6.0,15.8,14.0,0.5,0.4,0.3,-246.4,-180.9,-107.0,-168.6,6.0,116.3,14.0,0.5,0.4,0.3,-149.6,-47.0,86.8,-45.2,6.0,142.5,14.0,0.5,0.4,0.3,-174.8,-113.8,-75.9,-114.5,6.0,80.2,14.0,0.5,0.4,0.3,-105.2,-31.3,53.7,-32.9,6.0,97.5,14.0,0.5,0.4,0.3,-44.9,-21.8,-7.2,-23.9,6.0,21.3,14.0,0.5,0.4,0.3,-17.6,-4.5,17.2,-1.7,6.0,16.7,14.0,0.5,0.4,0.3,248.5,415.0,1054.0,786.0,6.0,1091.5,14.0,0.5,0.4,0.3,250.0,415.0,1055.0,785.0,6.0,1090.0,14.0,0.5,0.4,0.3
1974,2,174.0,-20.0,27.8,27.8,27.8,27.8,1.0,0.0,4.0,0.0,0.4,0.9,26.6,26.6,26.6,26.6,1.0,0.0,4.0,0.0,0.4,0.9,18.71,18.71,18.71,18.71,1.0,0.0,4.0,0.0,0.4,0.9,85.7,85.7,85.7,85.7,1.0,0.0,4.0,0.0,0.9,4.1,4.1,4.1,4.1,1.0,0.0,4.0,0.0,0.4,0.9,-4.04,-4.04,-4.04,-4.04,1.0,0.0,4.0,0.0,0.4,0.9,0.71,0.71,0.71,0.71,1.0,0.0,4.0,0.0,0.4,0.9,1007.6,1007.6,1007.6,1007.6,1.0,0.0,4.0,0.0,0.4,0.9,7.0,7.0,7.0,7.0,1.0,0.0,4.0,0.0,0.4,0.9,-16.6,-16.6,-16.6,-16.6,1.0,0.0,4.0,0.0,0.4,0.9,2.9,2.9,2.9,2.9,1.0,0.0,4.0,0.0,0.4,0.9,1.2,1.2,1.2,1.2,1.0,0.0,4.0,0.0,0.4,0.9,4.9,4.9,4.9,4.9,1.0,0.0,4.0,0.0,0.4,0.9,4.8,4.8,4.8,4.8,1.0,0.0,4.0,0.0,0.4,0.9,19.7,19.7,19.7,19.7,1.0,0.0,4.0,0.0,0.4,0.9,-107.4,-107.4,-107.4,-107.4,1.0,0.0,4.0,0.0,0.4,0.9,18.9,18.9,18.9,18.9,1.0,0.0,4.0,0.0,0.4,0.9,-75.6,-75.6,-75.6,-75.6,1.0,0.0,4.0,0.0,0.4,0.9,13.3,13.3,13.3,13.3,1.0,0.0,4.0,0.0,0.4,0.9,-19.4,-19.4,-19.4,-19.4,1.0,0.0,4.0,0.0,0.4,0.9,3.4,3.4,3.4,3.4,1.0,0.0,4.0,0.0,0.4,0.9,69.0,69.0,69.0,69.0,1.0,0.0,4.0,0.0,0.4,0.9,70.0,70.0,70.0,70.0,1.0,0.0,4.0,0.0,0.4,0.9
1974,2,174.0,-19.0,27.74,28.0,28.16,27.95,4.0,0.33,14.0,0.8,0.4,0.5,28.32,28.9,28.95,28.65,4.0,0.57,14.0,0.8,0.4,0.5,18.46,19.3,20.02,19.24,4.0,0.91,14.0,0.8,0.4,0.5,76.3,78.7,79.8,78.1,4.0,2.6,14.0,0.8,0.5,4.84,6.15,8.3,6.55,4.0,2.15,14.0,0.8,0.4,0.5,-6.14,-3.12,-2.06,-4.06,4.0,3.25,14.0,0.8,0.4,0.5,3.34,3.72,5.57,4.43,4.0,1.8,14.0,0.8,0.4,0.5,1004.75,1006.8,1010.84,1007.75,4.0,3.81,14.0,0.8,0.4,0.5,3.0,4.0,5.0,4.0,4.0,1.2,14.0,0.8,0.4,0.5,-50.5,-15.2,-11.2,-30.1,4.0,34.2,14.0,0.8,0.4,0.5,18.0,24.8,40.8,29.2,4.0,15.6,14.0,0.8,0.4,0.5,-1.21,-0.95,-0.17,-0.7,4.0,0.83,14.0,0.8,0.4,0.5,-7.8,-7.2,-2.2,-5.1,4.0,5.0,14.0,0.8,0.4,0.5,3.79,4.21,5.19,4.48,4.0,0.96,14.0,0.8,0.4,0.5,24.8,27.5,31.3,28.0,4.0,4.6,14.0,0.8,0.4,0.5,-177.4,-88.5,-58.1,-116.4,4.0,94.2,14.0,0.8,0.4,0.5,94.8,105.4,161.5,127.1,4.0,53.1,14.0,0.8,0.4,0.5,-121.1,-57.6,-38.8,-78.9,4.0,66.4,14.0,0.8,0.4,0.5,64.2,68.6,108.8,85.7,4.0,37.4,14.0,0.8,0.4,0.5,-25.0,-16.0,-9.6,-17.2,4.0,11.2,14.0,0.8,0.4,0.5,14.5,19.1,24.3,19.4,4.0,6.7,14.0,0.8,0.4,0.5,114.0,253.0,599.0,352.0,4.0,325.5,14.0,0.8,0.4,0.5,115.0,255.0,600.0,350.0,4.0,325.0,14.0,0.8,0.4,0.5
1974,2,174.0,-18.0,27.2,27.2,27.2,27.2,1.0,0.0,6.0,0.0,0.7,0.2,27.0,27.0,27.0,27.0,1.0,0.0,6.0,0.0,0.7,0.2,17.59,17.59,17.59,17.59,1.0,0.0,6.0,0.0,0.7,0.2,78.8,78.8,78.8,78.8,1.0,0.0,6.0,0.0,0.2,4.6,4.6,4.6,4.6,1.0,0.0,6.0,0.0,0.7,0.2,-2.96,-2.96,-2.96,-2.96,1.0,0.0,6.0,0.0,0.7,0.2,3.52,3.52,3.52,3.52,1.0,0.0,6.0,0.0,0.7,0.2,1008.5,1008.5,1008.5,1008.5,1.0,0.0,6.0,0.0,0.7,0.2,5.0,5.0,5.0,5.0,1.0,0.0,6.0,0.0,0.7,0.2,-13.6,-13.6,-13.6,-13.6,1.0,0.0,6.0,0.0,0.7,0.2,16.2,16.2,16.2,16.2,1.0,0.0,6.0,0.0,0.7,0.2,0.2,0.2,0.2,0.2,1.0,0.0,6.0,0.0,0.7,0.2,0.9,0.9,0.9,0.9,1.0,0.0,6.0,0.0,0.7,0.2,5.08,5.08,5.08,5.08,1.0,0.0,6.0,0.0,0.7,0.2,23.4,23.4,23.4,23.4,1.0,0.0,6.0,0.0,0.7,0.2,-79.8,-79.8,-79.8,-79.8,1.0,0.0,6.0,0.0,0.7,0.2,95.1,95.1,95.1,95.1,1.0,0.0,6.0,0.0,0.7,0.2,-52.0,-52.0,-52.0,-52.0,1.0,0.0,6.0,0.0,0.7,0.2,62.0,62.0,62.0,62.0,1.0,0.0,6.0,0.0,0.7,0.2,-15.0,-15.0,-15.0,-15.0,1.0,0.0,6.0,0.0,0.7,0.2,17.9,17.9,17.9,17.9,1.0,0.0,6.0,0.0,0.7,0.2,97.5,97.5,97.5,97.5,1.0,0.0,6.0,0.0,0.7,0.2,95.0,95.0,95.0,95.0,1.0,0.0,6.0,0.0,0.7,0.2
1974,2,174.0,-17.0,27.48,28.5,29.52,28.5,2.0,2.12,14.0,1.0,0.6,0.5,25.77,27.0,27.68,26.73,3.0,1.42,14.0,1.0,0.4,0.4,22.06,22.06,22.06,22.06,1.0,0.0,24.0,1.0,0.7,0.6,92.1,92.1,92.1,92.1,1.0,0.0,24.0,1.0,0.6,3.73,5.1,6.19,4.97,3.0,1.8,14.0,1.0,0.4,0.4,0.73,2.29,2.35,1.56,3.0,1.35,14.0,1.0,0.4,0.4,0.26,5.1,5.92,3.13,3.0,4.48,14.0,1.0,0.4,0.4,1001.95,1006.8,1010.14,1006.07,3.0,6.03,14.0,1.0,0.4,0.4,4.6,6.0,6.7,5.7,3.0,1.5,14.0,1.0,0.4,0.4,2.3,7.4,12.8,7.6,3.0,7.7,14.0,1.0,0.4,0.4,4.0,26.0,37.0,20.7,3.0,24.6,14.0,1.0,0.4,0.4,1.83,1.9,1.97,1.9,2.0,0.14,14.0,1.0,0.6,0.5,6.8,9.5,12.2,9.5,2.0,5.5,14.0,1.0,0.6,0.5,4.91,4.91,4.91,4.91,1.0,0.0,24.0,1.0,0.7,0.6,32.9,32.9,32.9,32.9,1.0,0.0,24.0,1.0,0.7,0.6,19.0,59.8,62.8,41.3,3.0,35.9,14.0,1.0,0.4,0.4,9.4,137.7,164.0,87.9,3.0,121.2,14.0,1.0,0.4,0.4,50.6,50.6,50.6,50.6,1.0,0.0,24.0,1.0,0.7,0.6,138.9,138.9,138.9,138.9,1.0,0.0,24.0,1.0,0.7,0.6,11.3,11.3,11.3,11.3,1.0,0.0,24.0,1.0,0.7,0.6,30.9,30.9,30.9,30.9,1.0,0.0,24.0,1.0,0.7,0.6,62.5,132.5,247.5,154.5,3.0,137.0,14.0,1.0,0.4,0.4,60.0,135.0,245.0,155.0,3.0,135.0,14.0,1.0,0.4,0.4
1974,2,174.0,-16.0,28.5,28.5,28.5,28.5,1.0,0.0,12.0,1.0,0.5,0.1,27.4,27.4,27.4,27.4,1.0,0.0,12.0,1.0,0.5,0.1,18.16,18.16,18.16,18.16,1.0,0.0,12.0,1.0,0.5,0.1,79.3,79.3,79.3,79.3,1.0,0.0,12.0,1.0,0.1,1.0,1.0,1.0,1.0,1.0,0.0,12.0,1.0,0.5,0.1,0.94,0.94,0.94,0.94,1.0,0.0,12.0,1.0,0.5,0.1,-0.34,-0.34,-0.34,-0.34,1.0,0.0,12.0,1.0,0.5,0.1,1007.2,1007.2,1007.2,1007.2,1.0,0.0,12.0,1.0,0.5,0.1,6.0,6.0,6.0,6.0,1.0,0.0,12.0,1.0,0.5,0.1,0.9,0.9,0.9,0.9,1.0,0.0,12.0,1.0,0.5,0.1,-0.3,-0.3,-0.3,-0.3,1.0,0.0,12.0,1.0,0.5,0.1,1.1,1.1,1.1,1.1,1.0,0.0,12.0,1.0,0.5,0.1,1.1,1.1,1.1,1.1,1.0,0.0,12.0,1.0,0.5,0.1,6.36,6.36,6.36,6.36,1.0,0.0,12.0,1.0,0.5,0.1,6.4,6.4,6.4,6.4,1.0,0.0,12.0,1.0,0.5,0.1,25.7,25.7,25.7,25.7,1.0,0.0,12.0,1.0,0.5,0.1,-9.4,-9.4,-9.4,-9.4,1.0,0.0,12.0,1.0,0.5,0.1,17.1,17.1,17.1,17.1,1.0,0.0,12.0,1.0,0.5,0.1,-6.2,-6.2,-6.2,-6.2,1.0,0.0,12.0,1.0,0.5,0.1,6.0,6.0,6.0,6.0,1.0,0.0,12.0,1.0,0.5,0.1,-2.2,-2.2,-2.2,-2.2,1.0,0.0,12.0,1.0,0.5,0.1,1.0,1.0,1.0,1.0,1.0,0.0,12.0,1.0,0.5,0.1,0.0,0.0,0.0,0.0,1.0,0.0,12.0,1.0,0.5,0.1
1974,2,174.0,-14.0,28.0,28.0,28.0,28.0,1.0,0.0,22.0,0.0,0.5,0.1,28.0,28.0,28.0,28.0,1.0,0.0,22.0,0.0,0.5,0.1,19.64,19.64,19.64,19.64,1.0,0.0,22.0,0.0,0.5,0.1,82.3,82.3,82.3,82.3,1.0,0.0,22.0,0.0,0.1,7.7,7.7,7.7,7.7,1.0,0.0,22.0,0.0,0.5,0.1,7.24,7.24,7.24,7.24,1.0,0.0,22.0,0.0,0.5,0.1,2.63,2.63,2.63,2.63,1.0,0.0,22.0,0.0,0.5,0.1,1001.6,1001.6,1001.6,1001.6,1.0,0.0,22.0,0.0,0.5,0.1,3.0,3.0,3.0,3.0,1.0,0.0,22.0,0.0,0.5,0.1,55.7,55.7,55.7,55.7,1.0,0.0,22.0,0.0,0.5,0.1,20.3,20.3,20.3,20.3,1.0,0.0,22.0,0.0,0.5,0.1,0.0,0.0,0.0,0.0,1.0,0.0,22.0,0.0,0.5,0.1,0.0,0.0,0.0,0.0,1.0,0.0,22.0,0.0,0.5,0.1,4.29,4.29,4.29,4.29,1.0,0.0,22.0,0.0,0.5,0.1,33.1,33.1,33.1,33.1,1.0,0.0,22.0,0.0,0.5,0.1,202.6,202.6,202.6,202.6,1.0,0.0,22.0,0.0,0.5,0.1,73.7,73.7,73.7,73.7,1.0,0.0,22.0,0.0,0.5,0.1,142.1,142.1,142.1,142.1,1.0,0.0,22.0,0.0,0.5,0.1,51.7,51.7,51.7,51.7,1.0,0.0,22.0,0.0,0.5,0.1,31.1,31.1,31.1,31.1,1.0,0.0,22.0,0.0,0.5,0.1,11.3,11.3,11.3,11.3,1.0,0.0,22.0,0.0,0.5,0.1,456.5,456.5,456.5,456.5,1.0,0.0,22.0,0.0,0.5,0.1,455.0,455.0,455.0,455.0,1.0,0.0,22.0,0.0,0.5,0.1
1974,2,174.0,-9.0,27.5,27.5,27.5,27.5,1.0,0.0,8.0,1.0,0.3,0.3,28.9,28.9,28.9,28.9,1.0,0.0,8.0,1.0,0.3,0.3,18.77,18.77,18.77,18.77,1.0,0.0,8.0,1.0,0.3,0.3,74.9,74.9,74.9,74.9,1.0,0.0,8.0,1.0,0.3,5.1,5.1,5.1,5.1,1.0,0.0,8.0,1.0,0.3,0.3,-3.28,-3.28,-3.28,-3.28,1.0,0.0,8.0,1.0,0.3,0.3,3.91,3.91,3.91,3.91,1.0,0.0,8.0,1.0,0.3,0.3,1004.8,1004.8,1004.8,1004.8,1.0,0.0,8.0,1.0,0.3,0.3,3.0,3.0,3.0,3.0,1.0,0.0,8.0,1.0,0.3,0.3,-16.7,-16.7,-16.7,-16.7,1.0,0.0,8.0,1.0,0.3,0.3,19.9,19.9,19.9,19.9,1.0,0.0,8.0,1.0,0.3,0.3,-1.4,-1.4,-1.4,-1.4,1.0,0.0,8.0,1.0,0.3,0.3,-7.1,-7.1,-7.1,-7.1,1.0,0.0,8.0,1.0,0.3,0.3,4.4,4.4,4.4,4.4,1.0,0.0,8.0,1.0,0.3,0.3,22.4,22.4,22.4,22.4,1.0,0.0,8.0,1.0,0.3,0.3,-94.7,-94.7,-94.7,-94.7,1.0,0.0,8.0,1.0,0.3,0.3,112.9,112.9,112.9,112.9,1.0,0.0,8.0,1.0,0.3,0.3,-61.5,-61.5,-61.5,-61.5,1.0,0.0,8.0,1.0,0.3,0.3,73.3,73.3,73.3,73.3,1.0,0.0,8.0,1.0,0.3,0.3,-14.4,-14.4,-14.4,-14.4,1.0,0.0,8.0,1.0,0.3,0.3,17.2,17.2,17.2,17.2,1.0,0.0,8.0,1.0,0.3,0.3,132.5,132.5,132.5,132.5,1.0,0.0,8.0,1.0,0.3,0.3,135.0,135.0,135.0,135.0,1.0,0.0,8.0,1.0,0.3,0.3
1974,2,174.0,-1.0,,,,,,,,,,,,,,,,,,,,,,,,,,,,,,,,,,,,,,,,8.7,8.7,8.7,8.7,1.0,0.0,22.0,1.0,0.8,0.6,-5.59,-5.59,-5.59,-5.59,1.0,0.0,22.0,1.0,0.8,0.6,-6.66,-6.66,-6.66,-6.66,1.0,0.0,22.0,1.0,0.8,0.6,1004.3,1004.3,1004.3,1004.3,1.0,0.0,22.0,1.0,0.8,0.6,,,,,,,,,,,,,,,,,,,,,,,,,,,,,,,,,,,,,,,,,,,,,,,,,,,,,,,,,,,,,,,,,,,,,,,,,,,,,,,,,,,,,,,,,,,,,,,,,,,,,,,,,,,,,,,,,,,,,,,,,,,,,,,,,,,,,,,,,,,,,,,,,,,,,,
1974,2,174.0,2.0,27.25,27.35,27.45,27.35,2.0,0.21,10.0,0.0,0.4,0.5,25.33,25.6,25.87,25.6,2.0,0.57,10.0,0.0,0.4,0.5,18.16,18.4,18.63,18.4,2.0,0.49,10.0,0.0,0.4,0.5,88.9,89.3,89.6,89.3,2.0,0.7,10.0,0.0,0.5,3.34,3.85,4.36,3.85,2.0,1.06,10.0,0.0,0.4,0.5,-3.81,-3.45,-3.08,-3.45,2.0,0.76,10.0,0.0,0.4,0.5,-0.53,0.62,1.77,0.62,2.0,2.38,10.0,0.0,0.4,0.5,1006.16,1006.5,1006.84,1006.5,2.0,0.71,10.0,0.0,0.4,0.5,6.3,7.0,7.7,7.0,2.0,1.4,10.0,0.0,0.4,0.5,-16.8,-13.7,-10.5,-13.7,2.0,6.6,10.0,0.0,0.4,0.5,-1.1,3.6,8.4,3.6,2.0,9.8,10.0,0.0,0.4,0.5,1.58,1.75,1.92,1.75,2.0,0.35,10.0,0.0,0.4,0.5,6.3,6.6,6.8,6.6,2.0,0.5,10.0,0.0,0.4,0.5,4.43,4.52,4.61,4.52,2.0,0.18,10.0,0.0,0.4,0.5,15.3,17.3,19.3,17.3,2.0,4.1,10.0,0.0,0.4,0.5,-98.8,-88.5,-78.2,-88.5,2.0,21.3,10.0,0.0,0.4,0.5,-13.0,16.5,46.1,16.5,2.0,61.2,10.0,0.0,0.4,0.5,-71.2,-63.6,-56.1,-63.6,2.0,15.6,10.0,0.0,0.4,0.5,-9.3,12.0,33.2,12.0,2.0,44.0,10.0,0.0,0.4,0.5,-16.9,-15.5,-14.2,-15.5,2.0,2.8,10.0,0.0,0.4,0.5,-2.5,2.6,7.7,2.6,2.0,10.6,10.0,0.0,0.4,0.5,40.5,63.5,86.5,63.5,2.0,48.0,10.0,0.0,0.4,0.5,40.0,65.0,85.0,65.0,2.0,50.0,10.0,0.0,0.4,0.5
1974,2,174.0,8.0,28.1,28.1,28.1,28.1,1.0,0.0,12.0,1.0,0.0,0.0,27.8,27.8,27.8,27.8,1.0,0.0,12.0,1.0,0.0,0.0,18.8,18.8,18.8,18.8,1.0,0.0,12.0,1.0,0.0,0.0,80.3,80.3,80.3,80.3,1.0,0.0,12.0,1.0,0.0,6.2,6.2,6.2,6.2,1.0,0.0,12.0,1.0,0.0,0.0,-5.83,-5.83,-5.83,-5.83,1.0,0.0,12.0,1.0,0.0,0.0,-2.12,-2.12,-2.12,-2.12,1.0,0.0,12.0,1.0,0.0,0.0,1009.0,1009.0,1009.0,1009.0,1.0,0.0,12.0,1.0,0.0,0.0,3.0,3.0,3.0,3.0,1.0,0.0,12.0,1.0,0.0,0.0,-36.1,-36.1,-36.1,-36.1,1.0,0.0,12.0,1.0,0.0,0.0,-13.1,-13.1,-13.1,-13.1,1.0,0.0,12.0,1.0,0.0,0.0,0.3,0.3,0.3,0.3,1.0,0.0,12.0,1.0,0.0,0.0,1.9,1.9,1.9,1.9,1.0,0.0,12.0,1.0,0.0,0.0,5.1,5.1,5.1,5.1,1.0,0.0,12.0,1.0,0.0,0.0,31.6,31.6,31.6,31.6,1.0,0.0,12.0,1.0,0.0,0.0,-162.0,-162.0,-162.0,-162.0,1.0,0.0,12.0,1.0,0.0,0.0,-59.0,-59.0,-59.0,-59.0,1.0,0.0,12.0,1.0,0.0,0.0,-109.5,-109.5,-109.5,-109.5,1.0,0.0,12.0,1.0,0.0,0.0,-39.9,-39.9,-39.9,-39.9,1.0,0.0,12.0,1.0,0.0,0.0,-29.7,-29.7,-29.7,-29.7,1.0,0.0,12.0,1.0,0.0,0.0,-10.8,-10.8,-10.8,-10.8,1.0,0.0,12.0,1.0,0.0,0.0,238.5,238.5,238.5,238.5,1.0,0.0,12.0,1.0,0.0,0.0,240.0,240.0,240.0,240.0,1.0,0.0,12.0,1.0,0.0,0.0
1974,2,174.0,9.0,26.6,26.6,26.6,26.6,1.0,0.0,12.0,0.0,0.7,0.2,26.8,26.8,26.8,26.8,1.0,0.0,12.0,0.0,0.7,0.2,18.32,18.32,18.32,18.32,1.0,0.0,12.0,0.0,0.7,0.2,83.1,83.1,83.1,83.1,1.0,0.0,12.0,0.0,0.2,7.7,7.7,7.7,7.7,1.0,0.0,12.0,0.0,0.7,0.2,-7.24,-7.24,-7.24,-7.24,1.0,0.0,12.0,0.0,0.7,0.2,-2.63,-2.63,-2.63,-2.63,1.0,0.0,12.0,0.0,0.7,0.2,1010.5,1010.5,1010.5,1010.5,1.0,0.0,12.0,0.0,0.7,0.2,4.0,4.0,4.0,4.0,1.0,0.0,12.0,0.0,0.7,0.2,-55.7,-55.7,-55.7,-55.7,1.0,0.0,12.0,0.0,0.7,0.2,-20.3,-20.3,-20.3,-20.3,1.0,0.0,12.0,0.0,0.7,0.2,-0.2,-0.2,-0.2,-0.2,1.0,0.0,12.0,0.0,0.7,0.2,-1.5,-1.5,-1.5,-1.5,1.0,0.0,12.0,0.0,0.7,0.2,3.51,3.51,3.51,3.51,1.0,0.0,12.0,0.0,0.7,0.2,27.0,27.0,27.0,27.0,1.0,0.0,12.0,0.0,0.7,0.2,-193.9,-193.9,-193.9,-193.9,1.0,0.0,12.0,0.0,0.7,0.2,-70.6,-70.6,-70.6,-70.6,1.0,0.0,12.0,0.0,0.7,0.2,-132.6,-132.6,-132.6,-132.6,1.0,0.0,12.0,0.0,0.7,0.2,-48.2,-48.2,-48.2,-48.2,1.0,0.0,12.0,0.0,0.7,0.2,-25.4,-25.4,-25.4,-25.4,1.0,0.0,12.0,0.0,0.7,0.2,-9.2,-9.2,-9.2,-9.2,1.0,0.0,12.0,0.0,0.7,0.2,456.5,456.5,456.5,456.5,1.0,0.0,12.0,0.0,0.7,0.2,455.0,455.0,455.0,455.0,1.0,0.0,12.0,0.0,0.7,0.2
1974,2,174.0,11.0,25.19,25.6,26.01,25.6,3.0,0.6,16.0,0.3,0.3,0.4,25.6,25.6,25.6,25.6,2.0,0.0,14.0,0.0,0.1,0.4,18.05,18.31,18.57,18.31,2.0,0.53,14.0,0.0,0.1,0.4,87.7,89.0,90.3,89.0,2.0,2.7,14.0,0.0,0.4,7.86,8.2,9.63,8.73,3.0,1.38,16.0,0.3,0.3,0.4,-9.33,-7.24,-6.58,-7.94,3.0,2.1,16.0,0.3,0.3,0.4,-3.6,0.0,1.8,-0.88,3.0,4.02,16.0,0.3,0.3,0.4,1008.01,1009.1,1011.42,1009.7,3.0,2.55,16.0,0.3,0.3,0.4,3.6,7.0,7.7,5.7,3.0,3.2,16.0,0.3,0.3,0.4,-90.1,-55.7,-52.8,-71.1,3.0,30.4,16.0,0.3,0.3,0.4,-29.5,0.0,13.8,-7.6,3.0,32.4,16.0,0.3,0.3,0.4,0.1,0.3,0.5,0.3,2.0,0.42,14.0,0.0,0.1,0.4,0.7,2.3,3.9,2.3,2.0,3.3,14.0,0.0,0.1,0.4,2.66,2.67,2.68,2.67,2.0,0.02,14.0,0.0,0.1,0.4,21.6,24.0,26.5,24.0,2.0,5.1,14.0,0.0,0.1,0.4,-251.2,-224.5,-197.7,-224.5,2.0,55.5,14.0,0.0,0.1,0.4,10.7,33.7,56.7,33.7,2.0,47.7,14.0,0.0,0.1,0.4,-176.9,-160.0,-143.1,-160.0,2.0,35.0,14.0,0.0,0.1,0.4,7.8,24.6,41.4,24.6,2.0,34.8,14.0,0.0,0.1,0.4,-26.3,-23.4,-20.5,-23.4,2.0,6.0,14.0,0.0,0.1,0.4,1.1,3.5,5.9,3.5,2.0,4.9,14.0,0.0,0.1,0.4,486.5,551.5,921.0,700.0,3.0,343.0,16.0,0.3,0.3,0.4,485.0,550.0,920.0,700.0,3.0,345.0,16.0,0.3,0.3,0.4
1974,2,174.0,13.0,26.56,26.7,28.2,27.37,3.0,1.33,14.0,0.3,0.3,0.2,24.59,24.9,25.89,25.23,4.0,1.01,18.0,0.5,0.5,0.3,16.14,16.54,16.7,16.43,3.0,0.42,14.0,0.3,0.3,0.2,78.0,83.4,85.2,81.6,3.0,5.5,14.0,0.3,0.2,7.44,7.7,10.69,9.0,4.0,2.94,18.0,0.5,0.5,0.3,-9.05,-4.43,-1.25,-5.12,4.0,5.02,18.0,0.5,0.5,0.3,-7.48,-6.97,-5.08,-6.31,4.0,1.85,18.0,0.5,0.5,0.3,1007.78,1008.8,1011.33,1009.53,3.0,2.68,14.0,0.3,0.3,0.2,2.6,4.0,6.0,4.3,3.0,2.5,16.0,0.3,0.6,0.4,-102.8,-32.6,-9.7,-55.2,4.0,69.4,18.0,0.5,0.5,0.3,-75.3,-57.5,-40.1,-57.7,4.0,26.1,18.0,0.5,0.5,0.3,0.54,1.7,3.61,2.07,3.0,2.27,14.0,0.3,0.3,0.2,3.9,12.2,27.5,15.6,3.0,17.6,14.0,0.3,0.3,0.2,5.06,5.46,7.97,6.49,3.0,2.31,14.0,0.3,0.3,0.2,46.3,70.4,72.3,59.5,3.0,21.2,14.0,0.3,0.3,0.2,-236.0,-110.2,-31.3,-132.6,4.0,134.1,18.0,0.5,0.5,0.3,-184.6,-179.9,-131.9,-159.2,4.0,46.8,18.0,0.5,0.5,0.3,-164.2,-104.6,-33.2,-98.8,3.0,96.1,14.0,0.3,0.3,0.2,-119.0,-110.8,-76.4,-98.0,3.0,33.1,14.0,0.3,0.3,0.2,-52.9,-30.4,-9.6,-31.2,3.0,31.7,14.0,0.3,0.3,0.2,-59.7,-36.6,-23.6,-41.5,3.0,26.8,14.0,0.3,0.3,0.2,413.0,456.5,1478.0,923.0,4.0,989.5,18.0,0.5,0.5,0.3,415.0,455.0,1480.0,925.0,4.0,990.0,18.0,0.5,0.5,0.3
1974,2,174.0,16.0,25.83,26.75,27.78,26.8,4.0,1.24,10.0,0.8,0.6,0.3,25.98,26.4,28.29,27.1,4.0,1.97,10.0,0.8,0.6,0.3,15.94,17.55,17.55,16.77,3.0,1.36,14.0,0.7,0.5,0.3,76.6,81.6,81.6,79.2,3.0,4.2,14.0,0.7,0.3,4.55,7.2,9.06,6.83,4.0,3.2,10.0,0.8,0.6,0.3,-8.98,-7.2,-4.55,-6.79,4.0,3.14,10.0,0.8,0.6,0.3,-0.94,0.0,0.0,-0.45,4.0,0.89,10.0,0.8,0.6,0.3,1010.69,1011.45,1012.21,1011.45,4.0,0.93,10.0,0.8,0.6,0.3,1.5,2.0,3.0,2.3,4.0,1.3,10.0,0.8,0.6,0.3,-83.0,-52.1,-24.9,-53.9,4.0,40.4,10.0,0.8,0.6,0.3,-9.7,0.0,0.0,-4.6,4.0,9.2,10.0,0.8,0.6,0.3,-1.37,-0.55,0.79,-0.3,4.0,1.43,10.0,0.8,0.6,0.3,-6.1,-2.5,8.3,0.9,4.0,10.8,10.0,0.8,0.6,0.3,3.11,3.88,6.27,4.67,3.0,2.41,14.0,0.7,0.5,0.3,22.7,26.0,60.1,41.1,3.0,30.3,14.0,0.7,0.5,0.3,-232.8,-190.1,-125.1,-179.5,4.0,75.9,10.0,0.8,0.6,0.3,-24.0,0.0,0.0,-11.4,4.0,22.9,10.0,0.8,0.6,0.3,-148.1,-135.1,-123.2,-135.6,3.0,18.3,14.0,0.7,0.5,0.3,-18.6,0.0,0.0,-9.1,3.0,15.7,14.0,0.7,0.5,0.3,-59.3,-26.0,-22.7,-40.7,3.0,29.7,14.0,0.7,0.5,0.3,-9.0,0.0,0.0,-4.4,3.0,7.6,14.0,0.7,0.5,0.3,152.5,378.5,790.0,467.0,4.0,455.0,10.0,0.8,0.6,0.3,150.0,380.0,790.0,465.0,4.0,455.0,10.0,0.8,0.6,0.3
1974,2,174.0,17.0,26.7,26.7,26.7,26.7,1.0,0.0,10.0,0.0,0.4,0.6,25.7,25.7,25.7,25.7,1.0,0.0,10.0,0.0,0.4,0.6,14.7,14.7,14.7,14.7,1.0,0.0,10.0,0.0,0.4,0.6,71.7,71.7,71.7,71.7,1.0,0.0,10.0,0.0,0.6,9.3,9.3,9.3,9.3,1.0,0.0,10.0,0.0,0.4,0.6,-9.16,-9.16,-9.16,-9.16,1.0,0.0,10.0,0.0,0.4,0.6,1.61,1.61,1.61,1.61,1.0,0.0,10.0,0.0,0.4,0.6,1015.0,1015.0,1015.0,1015.0,1.0,0.0,10.0,0.0,0.4,0.6,2.0,2.0,2.0,2.0,1.0,0.0,10.0,0.0,0.4,0.6,-85.2,-85.2,-85.2,-85.2,1.0,0.0,10.0,0.0,0.4,0.6,15.0,15.0,15.0,15.0,1.0,0.0,10.0,0.0,0.4,0.6,1.0,1.0,1.0,1.0,1.0,0.0,10.0,0.0,0.4,0.6,9.3,9.3,9.3,9.3,1.0,0.0,10.0,0.0,0.4,0.6,7.16,7.16,7.16,7.16,1.0,0.0,10.0,0.0,0.4,0.6,66.6,66.6,66.6,66.6,1.0,0.0,10.0,0.0,0.4,0.6,-235.4,-235.4,-235.4,-235.4,1.0,0.0,10.0,0.0,0.4,0.6,41.5,41.5,41.5,41.5,1.0,0.0,10.0,0.0,0.4,0.6,-134.6,-134.6,-134.6,-134.6,1.0,0.0,10.0,0.0,0.4,0.6,23.7,23.7,23.7,23.7,1.0,0.0,10.0,0.0,0.4,0.6,-65.6,-65.6,-65.6,-65.6,1.0,0.0,10.0,0.0,0.4,0.6,11.6,11.6,11.6,11.6,1.0,0.0,10.0,0.0,0.4,0.6,804.5,804.5,804.5,804.5,1.0,0.0,10.0,0.0,0.4,0.6,805.0,805.0,805.0,805.0,1.0,0.0,10.0,0.0,0.4,0.6
1974,2,174.0,18.0,24.44,25.6,26.35,25.4,3.0,1.41,16.0,0.0,0.7,0.2,24.4,24.4,24.81,24.6,3.0,0.35,16.0,0.0,0.7,0.2,17.19,17.22,17.25,17.22,2.0,0.07,22.0,0.0,0.8,0.3,87.7,88.9,90.2,88.9,2.0,2.6,22.0,0.0,0.3,3.73,5.1,7.97,5.83,3.0,3.16,16.0,0.0,0.7,0.2,-5.2,-1.06,2.68,-1.26,3.0,5.77,16.0,0.0,0.7,0.2,-4.89,-2.55,1.18,-1.87,3.0,4.48,16.0,0.0,0.7,0.2,1013.45,1014.0,1014.41,1013.93,3.0,0.7,16.0,0.0,0.7,0.2,2.2,2.5,2.8,2.5,2.0,0.7,22.0,0.0,0.8,0.3,-46.3,-3.3,14.3,-15.7,3.0,45.7,16.0,0.0,0.7,0.2,-42.1,-13.0,2.0,-19.9,3.0,32.9,16.0,0.0,0.7,0.2,-0.37,1.2,1.95,0.8,3.0,1.73,16.0,0.0,0.7,0.2,-5.8,3.7,9.2,1.7,3.0,11.1,16.0,0.0,0.7,0.2,1.83,2.95,4.08,2.95,2.0,2.33,22.0,0.0,0.8,0.3,13.9,17.8,21.7,17.8,2.0,8.0,22.0,0.0,0.8,0.3,-129.8,-25.9,65.4,-32.1,3.0,143.0,16.0,0.0,0.7,0.2,-121.8,-62.2,28.8,-46.9,3.0,111.1,16.0,0.0,0.7,0.2,-90.8,-23.0,44.8,-23.0,2.0,140.5,22.0,0.0,0.8,0.3,-93.4,-73.4,-53.3,-73.4,2.0,41.5,22.0,0.0,0.8,0.3,-4.6,5.5,15.6,5.5,2.0,20.9,22.0,0.0,0.8,0.3,-11.1,-9.8,-8.4,-9.8,2.0,2.8,22.0,0.0,0.8,0.3,62.5,132.5,591.0,322.5,3.0,420.5,16.0,0.0,0.7,0.2,60.0,135.0,590.0,320.0,3.0,420.0,16.0,0.0,0.7,0.2
1974,2,174.0,19.0,27.0,27.0,27.0,27.0,2.0,0.0,14.0,1.0,0.4,0.7,24.91,25.8,26.62,25.77,3.0,1.25,18.0,1.0,0.5,0.7,15.66,15.8,15.94,15.8,2.0,0.29,14.0,1.0,0.4,0.7,76.7,79.6,82.5,79.6,2.0,6.1,14.0,1.0,0.7,4.77,6.2,10.77,7.73,3.0,4.6,18.0,1.0,0.5,0.7,-10.38,-5.37,-3.1,-6.71,3.0,5.45,18.0,1.0,0.5,0.7,-2.83,-2.24,1.71,-0.6,3.0,3.62,18.0,1.0,0.5,0.7,1012.79,1014.5,1016.21,1014.5,2.0,3.54,14.0,1.0,0.4,0.7,1.3,2.0,2.7,2.0,3.0,1.0,18.0,1.0,0.5,0.7,-122.4,-33.3,-16.3,-68.5,3.0,83.5,18.0,1.0,0.5,0.7,-25.8,-19.2,3.8,-11.2,3.0,22.8,18.0,1.0,0.5,0.7,1.41,1.85,2.29,1.85,2.0,0.92,14.0,1.0,0.4,0.7,15.5,15.5,15.5,15.5,2.0,0.0,14.0,1.0,0.4,0.7,6.29,6.47,6.65,6.47,2.0,0.37,14.0,1.0,0.4,0.7,46.2,62.7,79.1,62.7,2.0,34.2,14.0,1.0,0.4,0.7,-265.5,-131.5,-79.5,-171.6,3.0,140.5,18.0,1.0,0.5,0.7,-70.2,-57.8,47.1,-12.6,3.0,94.4,18.0,1.0,0.5,0.7,-180.3,-142.0,-103.7,-142.0,2.0,79.3,14.0,1.0,0.4,0.7,-47.3,-42.3,-37.3,-42.3,2.0,10.4,14.0,1.0,0.4,0.7,-77.2,-59.4,-41.6,-59.4,2.0,36.9,14.0,1.0,0.4,0.7,-18.6,-17.2,-15.7,-17.2,2.0,2.9,14.0,1.0,0.4,0.7,122.5,238.5,1541.0,818.0,3.0,1154.0,18.0,1.0,0.5,0.7,125.0,240.0,1540.0,820.0,3.0,1155.0,18.0,1.0,0.5,0.7
1974,2,174.0,20.0,25.6,25.85,26.31,25.95,4.0,0.44,24.0,1.0,0.4,0.7,23.87,25.25,26.63,25.25,4.0,1.71,24.0,1.0,0.4,0.7,15.14,15.95,16.81,15.97,3.0,1.23,24.0,1.0,0.5,0.7,64.1,73.4,80.1,72.2,4.0,10.6,24.0,1.0,0.7,7.44,7.7,10.69,9.0,4.0,2.94,24.0,1.0,0.4,0.7,-2.55,0.69,7.91,2.59,4.0,6.72,24.0,1.0,0.4,0.7,-6.98,-0.02,6.72,-0.13,4.0,7.9,24.0,1.0,0.4,0.7,1011.32,1012.0,1013.3,1012.3,3.0,1.47,24.0,1.0,0.5,0.7,4.4,7.0,7.0,5.8,4.0,2.5,24.0,1.0,0.4,0.7,-19.1,6.0,95.6,36.8,4.0,82.4,24.0,1.0,0.4,0.7,-73.6,-3.5,50.1,-11.4,4.0,72.2,24.0,1.0,0.4,0.7,-0.6,1.05,1.97,0.7,4.0,1.7,24.0,1.0,0.4,0.7,-4.2,8.1,22.0,8.9,4.0,17.7,24.0,1.0,0.4,0.7,3.9,5.16,6.37,5.14,3.0,1.81,24.0,1.0,0.5,0.7,28.9,39.7,49.0,39.0,3.0,14.8,24.0,1.0,0.5,0.7,-65.8,17.8,189.3,59.7,4.0,160.7,24.0,1.0,0.4,0.7,-167.2,8.6,179.0,6.0,4.0,199.6,24.0,1.0,0.4,0.7,-42.3,-42.0,25.4,-9.2,3.0,57.2,24.0,1.0,0.5,0.7,-47.6,98.4,110.7,33.1,3.0,129.0,24.0,1.0,0.5,0.7,-11.9,-8.2,15.6,1.6,3.0,21.9,24.0,1.0,0.5,0.7,-18.4,22.4,38.7,10.4,3.0,43.0,24.0,1.0,0.5,0.7,413.0,456.5,1478.0,923.0,4.0,989.5,24.0,1.0,0.4,0.7,415.0,455.0,1480.0,925.0,4.0,990.0,24.0,1.0,0.4,0.7
1974,2,174.0,21.0,24.22,24.9,27.02,25.6,3.0,2.14,18.0,0.7,0.5,0.6,23.82,24.5,25.32,24.57,3.0,1.1,18.0,0.7,0.5,0.6,15.92,16.19,16.49,16.2,3.0,0.42,18.0,0.7,0.5,0.6,79.8,82.4,88.8,84.3,3.0,6.8,18.0,0.7,0.6,3.05,5.1,7.56,5.3,3.0,3.3,18.0,0.7,0.5,0.6,-5.18,-1.97,-0.02,-2.58,3.0,3.81,18.0,0.7,0.5,0.6,1.1,5.02,5.41,3.3,3.0,3.49,18.0,0.7,0.5,0.6,1009.7,1011.2,1011.68,1010.7,3.0,1.51,18.0,0.7,0.5,0.6,2.3,5.0,5.0,3.7,3.0,2.3,18.0,0.7,0.5,0.6,-40.9,-4.1,1.8,-19.2,3.0,33.9,18.0,0.7,0.5,0.6,7.1,25.6,41.3,24.3,3.0,25.1,18.0,0.7,0.5,0.6,-0.74,-0.6,2.88,1.03,3.0,3.0,18.0,0.7,0.5,0.6,-2.6,-1.7,26.2,11.5,3.0,24.0,18.0,0.7,0.5,0.6,2.98,3.5,5.97,4.45,3.0,2.35,18.0,0.7,0.5,0.6,9.4,13.9,46.7,27.8,3.0,29.8,18.0,0.7,0.5,0.6,-123.0,-50.7,-1.3,-61.9,3.0,89.7,18.0,0.7,0.5,0.6,26.5,123.1,128.8,78.7,3.0,84.2,18.0,0.7,0.5,0.6,-85.8,-32.0,-0.6,-42.9,3.0,63.1,18.0,0.7,0.5,0.6,17.2,79.3,88.7,53.6,3.0,56.9,18.0,0.7,0.5,0.6,-34.6,-6.9,-0.5,-17.3,3.0,26.5,18.0,0.7,0.5,0.6,2.6,13.7,31.6,17.0,3.0,21.4,18.0,0.7,0.5,0.6,48.5,132.5,491.5,267.0,3.0,345.0,18.0,0.7,0.5,0.6,50.0,135.0,490.0,265.0,3.0,345.0,18.0,0.7,0.5,0.6
1974,2,174.0,22.0,20.87,22.3,23.73,22.3,2.0,2.97,12.0,1.0,0.5,0.2,24.44,25.6,26.76,25.6,2.0,2.4,12.0,1.0,0.5,0.2,14.58,14.91,15.25,14.91,2.0,0.7,12.0,1.0,0.5,0.2,70.1,73.4,76.8,73.4,2.0,6.9,12.0,1.0,0.2,3.67,4.9,6.13,4.9,2.0,2.55,12.0,1.0,0.5,0.2,-4.71,-2.37,-0.03,-2.37,2.0,4.85,12.0,1.0,0.5,0.2,-1.92,0.22,2.36,0.22,2.0,4.43,12.0,1.0,0.5,0.2,1015.75,1016.5,1017.25,1016.5,2.0,1.56,12.0,1.0,0.5,0.2,5.2,5.5,5.8,5.5,2.0,0.7,12.0,1.0,0.5,0.2,-32.2,-17.8,-3.4,-17.8,2.0,29.8,12.0,1.0,0.5,0.2,-4.0,6.7,17.4,6.7,2.0,22.3,12.0,1.0,0.5,0.2,-5.89,-3.3,-0.71,-3.3,2.0,5.37,12.0,1.0,0.5,0.2,-39.8,-23.0,-6.2,-23.0,2.0,34.7,12.0,1.0,0.5,0.2,0.1,1.93,3.76,1.93,2.0,3.79,12.0,1.0,0.5,0.2,-2.0,4.6,11.2,4.6,2.0,13.6,12.0,1.0,0.5,0.2,-129.2,-66.5,-3.8,-66.5,2.0,129.9,12.0,1.0,0.5,0.2,-44.1,10.9,65.9,10.9,2.0,113.9,12.0,1.0,0.5,0.2,-72.8,-37.1,-1.3,-37.1,2.0,74.0,12.0,1.0,0.5,0.2,-27.1,4.8,36.8,4.8,2.0,66.2,12.0,1.0,0.5,0.2,4.4,4.6,4.8,4.6,2.0,0.4,12.0,1.0,0.5,0.2,-11.7,-8.0,-4.2,-8.0,2.0,7.7,12.0,1.0,0.5,0.2,73.0,165.5,258.0,165.5,2.0,191.5,12.0,1.0,0.5,0.2,75.0,165.0,260.0,165.0,2.0,190.0,12.0,1.0,0.5,0.2
1974,2,174.0,23.0,23.01,24.2,25.29,24.15,4.0,1.57,14.0,0.0,0.5,0.3,22.53,23.15,23.4,22.98,4.0,0.62,12.0,0.3,0.6,0.4,12.49,12.56,13.81,13.14,3.0,1.09,10.0,0.0,0.6,0.4,72.2,76.1,78.9,75.6,3.0,5.0,10.0,0.0,0.4,4.55,5.7,8.2,6.16,5.0,2.01,16.0,0.2,0.5,0.3,-6.0,-4.94,-3.17,-4.77,5.0,1.9,16.0,0.2,0.5,0.3,-4.62,-0.89,1.81,-1.48,5.0,4.08,16.0,0.2,0.5,0.3,1010.03,1015.75,1016.81,1013.53,4.0,5.36,14.0,0.0,0.5,0.3,1.3,4.0,6.0,3.6,5.0,2.6,16.0,0.2,0.5,0.3,-40.9,-25.6,-19.0,-30.4,5.0,19.3,16.0,0.2,0.5,0.3,-33.4,-4.5,11.2,-11.3,5.0,32.4,16.0,0.2,0.5,0.3,1.39,1.8,2.28,1.83,3.0,0.65,10.0,0.0,0.6,0.4,7.5,14.3,14.6,11.1,3.0,5.9,10.0,0.0,0.6,0.4,6.1,6.52,6.62,6.36,3.0,0.4,10.0,0.0,0.6,0.4,28.2,37.2,44.9,36.5,3.0,12.2,10.0,0.0,0.6,0.4,-115.8,-97.2,-70.0,-93.1,4.0,27.1,12.0,0.3,0.6,0.4,-121.1,-43.7,5.3,-57.2,4.0,84.9,12.0,0.3,0.6,0.4,-61.9,-42.1,-37.4,-49.5,3.0,19.0,10.0,0.0,0.6,0.4,-79.1,-41.0,-2.6,-40.8,3.0,56.0,10.0,0.0,0.6,0.4,-29.1,-22.5,-18.5,-23.8,3.0,7.9,10.0,0.0,0.6,0.4,-37.0,-18.6,-0.3,-18.6,3.0,26.9,10.0,0.0,0.6,0.4,101.0,185.0,551.5,293.5,5.0,240.5,16.0,0.2,0.5,0.3,100.0,185.0,550.0,295.0,5.0,240.0,16.0,0.2,0.5,0.3
1974,2,174.0,24.0,22.86,24.0,24.36,23.69,8.0,0.74,16.0,0.4,0.4,0.4,20.84,22.8,23.84,22.4,9.0,1.71,16.0,0.3,0.4,0.3,12.5,14.48,15.15,13.99,6.0,1.66,14.0,0.5,0.4,0.4,75.3,80.3,85.9,80.3,7.0,6.4,16.0,0.4,0.4,4.28,6.7,14.23,9.01,8.0,5.35,16.0,0.4,0.4,0.4,-6.3,2.09,5.92,-0.35,8.0,8.04,16.0,0.4,0.4,0.4,-11.48,-1.65,3.88,-2.71,8.0,6.95,16.0,0.4,0.4,0.4,1010.03,1013.2,1016.37,1013.29,8.0,2.92,14.0,0.4,0.4,0.3,3.3,5.0,7.7,5.3,9.0,2.1,16.0,0.3,0.4,0.3,-45.4,8.4,36.5,-22.0,8.0,122.1,16.0,0.4,0.4,0.4,-149.4,-8.7,22.1,-30.1,8.0,97.0,16.0,0.4,0.4,0.4,-0.44,0.55,3.6,1.18,8.0,2.1,16.0,0.4,0.4,0.4,-8.6,1.8,49.8,16.1,7.0,29.3,16.0,0.4,0.4,0.4,2.69,3.9,4.92,4.11,6.0,1.75,14.0,0.5,0.4,0.4,14.5,23.7,87.7,47.0,5.0,42.1,14.0,0.6,0.3,0.4,-138.7,45.3,134.6,-14.8,8.0,190.8,16.0,0.4,0.4,0.4,-225.2,-35.8,93.2,-50.3,8.0,148.0,16.0,0.4,0.4,0.4,-86.8,46.9,85.3,-4.8,5.0,142.5,14.0,0.6,0.3,0.4,-83.4,0.0,69.1,-8.7,5.0,91.8,14.0,0.6,0.3,0.4,-25.0,15.2,29.1,2.7,5.0,46.1,14.0,0.6,0.3,0.4,-41.7,0.0,21.2,-12.0,5.0,47.1,14.0,0.6,0.3,0.4,82.0,306.0,2893.0,1484.5,8.0,2075.0,16.0,0.4,0.4,0.4,80.0,305.0,2895.0,1485.0,8.0,2075.0,16.0,0.4,0.4,0.4
1974,2,174.0,25.0,21.87,23.0,25.0,23.05,19.0,1.32,14.0,0.3,0.4,0.5,21.5,22.5,23.91,22.45,21.0,1.7,14.0,0.3,0.4,0.5,9.53,13.2,15.55,12.83,18.0,2.68,14.0,0.3,0.4,0.5,63.3,70.5,87.7,75.0,18.0,11.9,14.0,0.3,0.5,2.69,6.2,9.71,6.47,21.0,3.91,14.0,0.3,0.4,0.5,-6.57,-2.98,1.82,-2.6,21.0,5.33,14.0,0.3,0.4,0.5,-2.66,0.0,5.59,0.13,21.0,4.87,14.0,0.3,0.4,0.5,1013.83,1017.1,1019.3,1016.41,21.0,3.68,14.0,0.3,0.4,0.5,2.2,4.0,7.0,4.4,21.0,2.6,14.0,0.3,0.4,0.5,-46.0,-16.6,6.3,-25.9,21.0,69.5,14.0,0.3,0.4,0.5,-16.9,0.0,33.2,0.1,21.0,44.9,14.0,0.3,0.4,0.5,-0.5,0.2,2.06,0.65,19.0,1.74,14.0,0.3,0.4,0.5,-3.7,0.8,16.3,6.1,19.0,16.0,14.0,0.3,0.4,0.5,3.04,5.18,6.92,4.97,16.0,2.04,14.0,0.3,0.4,0.5,9.7,33.5,47.6,32.0,16.0,22.9,14.0,0.3,0.4,0.5,-144.1,-67.0,39.0,-61.1,21.0,118.2,14.0,0.3,0.4,0.5,-63.4,0.0,122.4,5.1,21.0,106.0,14.0,0.3,0.4,0.5,-77.0,-32.2,28.8,-23.6,18.0,52.6,14.0,0.3,0.4,0.5,-29.1,-3.3,84.0,15.5,18.0,61.8,14.0,0.3,0.4,0.5,-37.8,-9.0,7.8,-11.7,16.0,29.1,14.0,0.3,0.4,0.5,-14.2,-2.9,25.8,-1.2,16.0,25.0,14.0,0.3,0.4,0.5,19.5,238.5,917.5,592.5,21.0,1065.5,14.0,0.3,0.4,0.5,20.0,240.0,915.0,595.0,21.0,1065.0,14.0,0.3,0.4,0.5
1974,2,174.0,26.0,19.77,22.0,23.14,21.83,17.0,2.08,16.0,0.2,0.4,0.5,18.42,20.5,22.98,20.79,20.0,2.26,16.0,0.3,0.5,0.4,9.99,12.41,13.93,12.02,18.0,2.24,16.0,0.2,0.4,0.5,69.4,78.6,89.9,79.4,18.0,10.0,16.0,0.2,0.5,4.31,7.2,10.24,7.28,19.0,3.65,16.0,0.2,0.5,0.4,-7.91,-5.02,4.0,-2.3,19.0,6.9,16.0,0.2,0.5,0.4,-3.44,-0.8,2.02,-0.53,19.0,3.96,16.0,0.2,0.5,0.4,1012.11,1015.5,1016.91,1014.68,19.0,2.68,16.0,0.2,0.4,0.5,2.9,7.0,8.0,5.8,19.0,2.3,16.0,0.3,0.5,0.4,-66.3,-25.6,26.9,-26.9,19.0,77.8,16.0,0.2,0.5,0.4,-41.7,-3.7,8.7,-8.0,19.0,40.1,16.0,0.2,0.5,0.4,-0.23,2.0,2.64,1.25,17.0,1.76,16.0,0.2,0.4,0.5,0.0,10.2,24.3,12.5,16.0,17.0,14.0,0.1,0.4,0.4,2.39,4.51,6.4,4.49,17.0,1.94,16.0,0.2,0.4,0.5,10.5,33.1,53.5,34.1,16.0,26.8,14.0,0.1,0.4,0.4,-188.0,-100.5,83.3,-47.2,19.0,139.8,16.0,0.2,0.5,0.4,-72.2,-15.6,46.3,-9.8,19.0,77.5,16.0,0.2,0.5,0.4,-75.0,24.8,49.5,-17.8,17.0,80.9,16.0,0.2,0.4,0.4,-37.0,5.7,29.3,-3.4,17.0,41.9,16.0,0.2,0.4,0.4,-32.0,5.7,23.6,-0.9,16.0,34.9,14.0,0.1,0.4,0.4,-20.1,2.0,14.3,-2.8,16.0,27.2,14.0,0.1,0.4,0.4,86.0,373.0,1114.0,688.5,19.0,956.5,16.0,0.2,0.5,0.4,85.0,375.0,1115.0,690.0,19.0,955.0,16.0,0.2,0.5,0.4
1974,2,174.0,27.0,19.22,21.1,22.0,20.73,17.0,1.69,14.0,0.3,0.4,0.5,17.71,20.5,22.37,20.6,18.0,2.12,14.0,0.3,0.4,0.5,8.12,11.56,14.14,11.39,15.0,3.07,12.0,0.3,0.4,0.6,62.6,78.2,90.7,76.6,15.0,14.4,12.0,0.3,0.6,3.67,6.7,8.88,6.66,16.0,2.74,14.0,0.3,0.4,0.5,-4.45,0.0,5.66,0.69,16.0,5.46,14.0,0.3,0.4,0.5,-5.82,1.0,5.3,0.38,16.0,4.93,14.0,0.3,0.4,0.5,1014.97,1017.85,1020.09,1017.16,18.0,3.32,14.0,0.3,0.4,0.5,1.4,4.0,7.2,4.1,16.0,2.6,14.0,0.3,0.4,0.5,-29.8,0.0,44.6,9.7,16.0,51.8,14.0,0.3,0.4,0.5,-37.8,2.0,42.9,3.0,16.0,37.6,14.0,0.3,0.4,0.5,-1.91,1.0,1.98,0.33,17.0,2.27,14.0,0.3,0.4,0.5,-15.0,4.6,15.3,2.8,15.0,17.3,14.0,0.3,0.4,0.5,0.1,4.09,6.54,3.66,15.0,3.19,12.0,0.3,0.4,0.6,-2.4,27.4,45.0,25.0,13.0,23.4,12.0,0.2,0.4,0.5,-89.3,0.0,115.2,15.2,16.0,108.6,14.0,0.3,0.4,0.5,-104.3,21.7,112.8,12.8,16.0,101.1,14.0,0.3,0.4,0.5,-59.6,0.0,72.1,11.5,13.0,69.0,12.0,0.2,0.4,0.5,-55.5,22.6,79.5,15.4,13.0,64.5,12.0,0.2,0.4,0.5,-23.9,-4.4,16.9,-5.5,13.0,27.1,12.0,0.2,0.4,0.5,-30.2,0.0,15.2,-3.2,13.0,21.1,12.0,0.2,0.4,0.5,55.5,301.0,708.0,434.0,16.0,462.0,14.0,0.3,0.4,0.5,55.0,300.0,710.0,435.0,16.0,460.0,14.0,0.3,0.4,0.5
1974,2,174.0,28.0,18.49,20.5,21.06,20.26,7.0,1.39,12.0,0.1,0.4,0.2,16.76,17.8,19.52,18.21,8.0,1.84,12.0,0.1,0.4,0.3,9.72,10.72,12.39,10.97,6.0,1.54,12.0,0.2,0.5,0.2,74.7,81.5,90.4,82.4,6.0,7.6,12.0,0.2,0.2,3.21,6.4,9.18,6.1,8.0,3.34,12.0,0.1,0.4,0.3,-5.58,0.36,3.95,-0.23,8.0,5.58,12.0,0.1,0.4,0.3,-5.13,-3.31,-0.17,-2.63,8.0,3.82,12.0,0.1,0.4,0.3,1013.91,1015.45,1017.33,1015.29,8.0,3.41,12.0,0.1,0.4,0.3,1.8,6.5,8.0,5.3,6.0,3.1,12.0,0.2,0.4,0.3,-45.8,0.5,18.0,-6.6,8.0,51.1,12.0,0.1,0.4,0.3,-42.5,-13.1,-0.8,-17.1,8.0,33.1,12.0,0.1,0.4,0.3,-0.63,1.3,3.31,1.73,7.0,2.3,12.0,0.1,0.4,0.2,-6.4,4.0,14.6,8.2,7.0,18.3,12.0,0.1,0.4,0.2,1.59,4.43,5.22,3.72,6.0,1.94,12.0,0.2,0.5,0.2,12.2,18.7,40.2,24.1,6.0,15.2,12.0,0.2,0.5,0.2,-93.3,6.2,63.5,-1.7,8.0,107.1,12.0,0.1,0.4,0.3,-86.0,-60.0,-2.8,-45.3,8.0,75.7,12.0,0.1,0.4,0.3,-78.6,0.0,27.7,-12.0,6.0,76.4,12.0,0.2,0.5,0.2,-63.4,-41.4,-9.4,-32.1,6.0,50.2,12.0,0.2,0.5,0.2,-14.2,0.0,5.8,-4.4,6.0,17.1,12.0,0.2,0.5,0.2,-31.9,-16.7,-0.8,-16.2,6.0,17.3,12.0,0.2,0.5,0.2,34.0,324.5,776.5,399.5,8.0,411.5,12.0,0.1,0.4,0.3,35.0,325.0,775.0,400.0,8.0,410.0,12.0,0.1,0.4,0.3
1974,2,174.0,29.0,17.44,18.7,20.11,18.7,10.0,1.25,18.0,0.2,0.3,0.5,16.1,17.65,18.79,17.46,10.0,1.24,18.0,0.2,0.3,0.5,7.42,9.4,9.67,9.1,8.0,1.36,18.0,0.3,0.4,0.6,64.3,75.9,83.3,74.9,8.0,8.6,18.0,0.3,0.6,4.31,9.75,15.6,10.02,10.0,6.51,18.0,0.2,0.3,0.5,-9.28,-1.38,2.88,-2.7,10.0,5.98,18.0,0.2,0.3,0.5,-12.57,-3.53,2.47,-5.13,10.0,8.99,18.0,0.2,0.3,0.5,1014.43,1017.05,1019.59,1016.97,10.0,2.57,18.0,0.2,0.3,0.5,7.0,7.0,8.0,7.1,8.0,1.0,18.0,0.3,0.4,0.6,-113.3,-40.0,14.0,-52.4,10.0,72.4,18.0,0.2,0.3,0.5,-196.1,-34.8,11.4,-96.9,10.0,156.6,18.0,0.2,0.3,0.5,0.1,1.35,2.41,1.24,10.0,1.4,18.0,0.2,0.3,0.5,-0.7,11.3,37.1,16.8,10.0,18.3,18.0,0.2,0.3,0.5,3.52,4.63,5.27,4.43,8.0,0.95,18.0,0.3,0.4,0.6,25.7,57.2,69.5,53.7,8.0,31.3,18.0,0.3,0.4,0.6,-149.5,-20.9,54.7,-41.4,10.0,101.3,18.0,0.2,0.3,0.5,-213.0,-58.8,47.0,-82.2,10.0,149.9,18.0,0.2,0.3,0.5,-80.0,-47.6,17.2,-33.9,8.0,54.8,18.0,0.3,0.4,0.6,-122.0,-68.7,43.1,-50.7,8.0,84.9,18.0,0.3,0.4,0.6,-38.0,-27.7,5.4,-17.5,8.0,27.5,18.0,0.3,0.4,0.6,-59.6,-36.3,13.5,-31.5,8.0,45.1,18.0,0.3,0.4,0.6,81.0,997.0,3847.0,2225.5,10.0,3150.5,18.0,0.2,0.3,0.5,80.0,995.0,3845.0,2225.0,10.0,3150.0,18.0,0.2,0.3,0.5
1974,2,174.0,30.0,16.53,17.9,20.0,17.87,22.0,1.69,12.0,0.5,0.4,0.3,15.0,17.4,19.85,17.43,23.0,2.48,12.0,0.5,0.4,0.3,7.97,9.97,13.62,10.55,20.0,2.64,12.0,0.5,0.4,0.3,70.6,81.7,95.7,83.0,20.0,11.5,12.0,0.5,0.3,6.53,10.15,18.83,11.21,22.0,5.91,12.0,0.5,0.4,0.3,-1.85,4.79,13.75,4.88,22.0,9.02,12.0,0.5,0.4,0.3,-8.97,0.71,6.4,-0.82,22.0,7.72,12.0,0.5,0.4,0.3,1010.9,1014.0,1019.65,1014.21,23.0,4.8,12.0,0.5,0.4,0.3,4.0,7.0,8.0,6.1,22.0,2.0,12.0,0.5,0.4,0.3,-19.6,39.4,250.1,85.3,22.0,176.8,12.0,0.5,0.4,0.3,-105.5,2.0,50.7,-32.4,22.0,113.8,12.0,0.5,0.4,0.3,-2.2,1.0,2.13,0.32,22.0,2.31,12.0,0.5,0.4,0.3,-19.6,6.2,25.8,6.1,21.0,30.2,12.0,0.5,0.4,0.3,-0.49,2.82,4.42,2.22,20.0,2.44,12.0,0.5,0.4,0.3,-3.1,22.2,62.8,28.5,19.0,37.5,12.0,0.5,0.4,0.3,-36.6,92.4,220.3,72.0,22.0,140.5,12.0,0.5,0.4,0.3,-138.3,12.8,122.4,-2.4,22.0,132.7,12.0,0.5,0.4,0.3,-25.6,55.3,126.7,45.4,19.0,78.3,12.0,0.5,0.4,0.3,-80.6,17.2,71.6,4.9,19.0,88.1,12.0,0.5,0.4,0.3,0.0,18.6,49.2,22.9,19.0,30.7,12.0,0.5,0.4,0.3,-38.7,-6.2,8.4,-9.9,19.0,25.7,12.0,0.5,0.4,0.3,283.0,1046.5,6731.0,2676.0,22.0,3920.5,12.0,0.5,0.4,0.3,285.0,1045.0,6730.0,2675.0,22.0,3920.0,12.0,0.5,0.4,0.3
1974,2,174.0,31.0,16.43,17.0,18.0,17.22,19.0,1.16,12.0,0.4,0.4,0.4,15.2,16.55,18.0,16.37,20.0,1.97,12.0,0.4,0.4,0.3,7.92,9.63,11.11,9.74,17.0,1.66,12.0,0.4,0.4,0.4,69.9,82.5,95.9,83.8,17.0,12.6,12.0,0.4,0.4,6.0,9.8,13.39,9.98,20.0,4.38,12.0,0.4,0.4,0.3,0.01,6.25,12.89,6.06,20.0,7.26,12.0,0.4,0.4,0.3,-4.57,0.67,7.68,0.83,20.0,5.63,12.0,0.4,0.4,0.3,1009.51,1014.65,1021.44,1014.38,20.0,5.69,12.0,0.4,0.4,0.3,4.0,6.0,8.0,5.8,19.0,1.9,12.0,0.4,0.4,0.4,0.0,45.8,166.2,75.3,20.0,112.2,12.0,0.4,0.4,0.3,-61.1,4.2,63.1,-0.2,20.0,66.0,12.0,0.4,0.4,0.3,-0.6,0.7,3.17,0.88,19.0,2.28,12.0,0.4,0.4,0.4,-5.1,3.5,24.7,10.3,19.0,27.8,12.0,0.4,0.4,0.4,0.28,2.26,3.98,2.32,16.0,1.65,12.0,0.4,0.4,0.4,0.7,18.5,49.6,24.2,16.0,23.2,12.0,0.4,0.4,0.4,0.2,110.9,211.4,95.6,20.0,113.0,12.0,0.4,0.4,0.3,-70.9,11.5,130.8,20.0,20.0,94.5,12.0,0.4,0.4,0.3,-7.7,52.8,108.0,49.0,17.0,70.5,12.0,0.4,0.4,0.4,-47.7,12.9,89.3,17.0,17.0,61.3,12.0,0.4,0.4,0.4,-1.9,11.1,47.4,16.6,16.0,24.7,12.0,0.4,0.4,0.4,-16.0,-0.7,6.2,-2.5,16.0,15.9,12.0,0.4,0.4,0.4,216.5,948.5,2402.0,1540.0,20.0,1694.0,12.0,0.4,0.4,0.3,215.0,950.0,2400.0,1540.0,20.0,1695.0,12.0,0.4,0.4,0.3
1974,2,174.0,32.0,15.07,16.05,18.45,16.6,12.0,1.44,18.0,0.6,0.3,0.5,11.97,15.0,16.19,14.94,13.0,2.4,18.0,0.5,0.3,0.5,5.95,7.24,9.55,7.97,12.0,2.22,18.0,0.5,0.3,0.5,62.8,75.4,88.9,74.9,12.0,12.3,18.0,0.5,0.5,5.0,11.3,13.04,10.18,13.0,3.95,18.0,0.5,0.3,0.5,-0.69,4.65,11.21,3.88,13.0,7.89,18.0,0.5,0.3,0.5,-8.11,-5.1,1.01,-3.61,13.0,5.92,18.0,0.5,0.3,0.5,1009.57,1013.5,1022.29,1013.99,13.0,8.83,18.0,0.5,0.3,0.5,5.0,6.0,8.0,6.0,10.0,1.9,18.0,0.5,0.4,0.5,-7.8,43.2,137.8,39.4,13.0,105.5,18.0,0.5,0.3,0.5,-97.3,-26.0,4.6,-43.6,13.0,72.1,18.0,0.5,0.3,0.5,-1.0,1.05,4.63,1.73,12.0,2.59,18.0,0.6,0.3,0.5,-4.4,12.4,46.2,21.9,12.0,30.0,18.0,0.6,0.3,0.5,1.8,4.22,5.17,3.88,11.0,1.95,18.0,0.5,0.3,0.5,17.5,42.3,67.1,43.9,11.0,27.3,18.0,0.5,0.3,0.5,-11.8,67.0,135.0,48.1,13.0,116.3,18.0,0.5,0.3,0.5,-119.0,-75.5,15.6,-53.1,13.0,88.3,18.0,0.5,0.3,0.5,-18.1,29.8,63.9,22.3,12.0,59.4,18.0,0.5,0.3,0.5,-76.0,-37.3,11.2,-32.4,12.0,48.0,18.0,0.5,0.3,0.5,-4.1,21.1,50.3,18.6,11.0,38.0,18.0,0.5,0.3,0.5,-40.6,-12.2,0.6,-17.4,11.0,26.5,18.0,0.5,0.3,0.5,126.5,1443.0,2227.0,1453.0,13.0,1097.5,18.0,0.5,0.3,0.5,125.0,1445.0,2225.0,1455.0,13.0,1095.0,18.0,0.5,0.3,0.5
1974,2,174.0,33.0,15.0,16.7,17.83,16.45,21.0,1.31,16.0,0.2,0.5,0.4,14.0,16.0,17.0,15.44,25.0,2.15,16.0,0.2,0.5,0.4,7.39,9.02,10.32,8.95,21.0,1.46,16.0,0.2,0.5,0.4,71.5,80.9,91.7,81.2,21.0,9.8,16.0,0.2,0.4,5.82,10.3,12.93,10.37,24.0,4.43,16.0,0.2,0.5,0.4,-5.15,4.2,11.24,3.39,24.0,8.57,16.0,0.2,0.5,0.4,-3.53,1.9,8.33,1.71,24.0,6.59,16.0,0.2,0.5,0.4,1005.64,1013.5,1017.71,1013.0,25.0,5.89,16.0,0.2,0.5,0.4,4.0,6.5,8.0,6.0,22.0,2.1,16.0,0.2,0.5,0.4,-48.8,24.6,144.7,45.0,24.0,148.1,16.0,0.2,0.5,0.4,-67.6,14.4,82.6,9.5,24.0,79.4,16.0,0.2,0.5,0.4,-1.93,0.7,2.8,0.88,21.0,2.57,16.0,0.2,0.5,0.4,-9.8,9.1,31.0,14.9,21.0,31.2,16.0,0.2,0.5,0.4,1.3,2.71,4.11,2.75,20.0,1.63,16.0,0.3,0.5,0.4,9.4,27.9,59.2,32.4,20.0,27.8,16.0,0.3,0.5,0.4,-83.4,66.8,143.1,47.3,24.0,124.2,16.0,0.2,0.5,0.4,-49.3,32.4,137.2,30.3,24.0,100.0,16.0,0.2,0.5,0.4,-39.5,38.7,88.4,28.9,20.0,72.0,16.0,0.3,0.5,0.4,-26.1,11.8,68.6,13.5,20.0,50.5,16.0,0.3,0.5,0.4,-15.5,8.7,45.2,14.4,20.0,36.4,16.0,0.3,0.5,0.4,-13.0,0.5,14.1,-0.5,20.0,18.3,16.0,0.3,0.5,0.4,201.5,1092.5,2164.5,1793.0,24.0,2806.5,16.0,0.2,0.5,0.4,200.0,1095.0,2165.0,1795.0,24.0,2805.0,16.0,0.2,0.5,0.4
1974,2,174.0,34.0,14.78,16.0,17.04,15.9,5.0,1.2,16.0,0.6,0.5,0.7,13.25,14.7,15.14,14.53,7.0,1.85,14.0,0.6,0.4,0.6,6.37,7.28,8.99,7.91,6.0,2.18,14.0,0.5,0.4,0.6,64.0,76.0,89.0,76.6,6.0,12.7,14.0,0.5,0.6,10.15,14.4,15.95,13.3,7.0,3.47,14.0,0.6,0.4,0.6,-1.77,10.14,15.72,6.37,7.0,11.04,14.0,0.6,0.4,0.6,-4.54,-1.79,3.23,0.15,7.0,7.01,14.0,0.6,0.4,0.6,1006.4,1007.0,1022.31,1013.04,7.0,8.94,14.0,0.6,0.4,0.6,6.6,7.0,8.0,7.0,6.0,1.1,14.0,0.5,0.4,0.6,-16.0,104.5,250.9,101.5,7.0,165.0,14.0,0.6,0.4,0.6,-51.3,-18.4,49.1,11.2,7.0,93.0,14.0,0.6,0.4,0.6,-0.17,1.0,2.49,1.26,5.0,2.2,16.0,0.6,0.5,0.7,-2.3,7.2,27.4,12.4,5.0,23.8,16.0,0.6,0.5,0.7,1.17,2.99,4.93,2.96,5.0,2.14,16.0,0.6,0.5,0.7,15.2,34.4,48.8,31.6,5.0,20.9,16.0,0.6,0.5,0.7,-25.6,123.8,224.5,90.4,7.0,154.8,14.0,0.6,0.4,0.6,-61.0,-21.8,49.8,10.6,7.0,118.7,14.0,0.6,0.4,0.6,-26.8,35.0,101.5,29.5,6.0,80.7,14.0,0.5,0.4,0.6,-38.0,-14.8,52.3,14.0,6.0,81.8,14.0,0.5,0.4,0.6,-12.0,0.0,48.0,13.9,5.0,33.2,16.0,0.6,0.5,0.7,-18.3,-8.2,2.9,-8.7,5.0,15.7,16.0,0.6,0.5,0.7,1058.5,2986.0,4062.5,2740.5,7.0,1629.0,14.0,0.6,0.4,0.6,1060.0,2985.0,4060.0,2740.0,7.0,1630.0,14.0,0.6,0.4,0.6
1974,2,174.0,35.0,13.79,15.0,15.12,14.6,6.0,0.94,14.0,0.5,0.4,0.6,9.77,11.5,14.79,12.0,6.0,2.59,14.0,0.5,0.4,0.6,5.51,6.48,9.03,7.02,6.0,1.98,14.0,0.5,0.4,0.6,72.4,81.1,85.6,78.5,6.0,11.1,14.0,0.5,0.6,7.65,14.15,17.6,12.68,6.0,5.61,14.0,0.5,0.4,0.6,-0.88,7.28,13.21,5.78,6.0,8.75,14.0,0.5,0.4,0.6,-2.82,-1.88,15.77,3.7,6.0,9.56,14.0,0.5,0.4,0.6,998.98,1004.1,1010.08,1005.08,6.0,8.53,14.0,0.5,0.4,0.6,5.0,7.0,8.0,6.7,6.0,1.5,14.0,0.5,0.4,0.6,-29.9,89.6,178.3,69.9,6.0,137.8,14.0,0.5,0.4,0.6,-31.4,-12.7,282.1,78.8,6.0,159.4,14.0,0.5,0.4,0.6,-0.2,3.0,5.35,2.6,6.0,3.28,14.0,0.5,0.4,0.6,-3.7,27.2,54.5,24.8,6.0,44.7,14.0,0.5,0.4,0.6,1.4,4.16,5.3,3.39,6.0,2.35,14.0,0.5,0.4,0.6,7.7,38.0,71.8,38.1,6.0,34.3,14.0,0.5,0.4,0.6,-17.1,86.5,124.2,54.7,6.0,107.1,14.0,0.5,0.4,0.6,-31.7,-17.5,240.4,62.8,6.0,138.2,14.0,0.5,0.4,0.6,-11.5,51.6,71.9,27.9,6.0,61.8,14.0,0.5,0.4,0.6,-15.1,-10.8,146.7,40.1,6.0,85.0,14.0,0.5,0.4,0.6,4.9,26.6,70.7,35.1,6.0,33.4,14.0,0.5,0.4,0.6,-12.5,-10.3,0.6,-3.8,6.0,17.4,14.0,0.5,0.4,0.6,532.0,2899.5,5457.0,2949.0,6.0,2405.5,14.0,0.5,0.4,0.6,530.0,2900.0,5455.0,2950.0,6.0,2405.0,14.0,0.5,0.4,0.6
1974,2,174.0,36.0,13.09,14.0,14.41,13.92,13.0,0.98,14.0,0.5,0.5,0.4,10.59,13.5,15.0,13.14,13.0,2.45,14.0,0.5,0.5,0.4,5.49,7.76,9.09,7.39,12.0,1.58,14.0,0.4,0.6,0.4,62.7,82.2,90.8,78.5,12.0,12.2,14.0,0.4,0.4,6.09,10.8,15.4,11.24,13.0,5.17,14.0,0.5,0.5,0.4,-13.02,3.28,9.36,0.59,13.0,9.47,14.0,0.5,0.5,0.4,-1.27,5.27,10.87,4.12,13.0,7.41,14.0,0.5,0.5,0.4,1006.24,1011.5,1017.94,1012.22,13.0,8.03,14.0,0.5,0.5,0.4,2.6,6.0,7.4,5.4,11.0,2.4,16.0,0.4,0.6,0.5,-211.3,16.7,108.7,-7.2,13.0,145.5,14.0,0.5,0.5,0.4,-8.0,38.4,121.2,50.7,13.0,115.2,14.0,0.5,0.5,0.4,-1.5,0.0,3.82,0.78,13.0,3.09,14.0,0.5,0.5,0.4,-14.6,0.0,39.4,4.6,13.0,37.4,14.0,0.5,0.5,0.4,0.24,2.7,4.48,2.49,12.0,1.87,14.0,0.4,0.6,0.4,1.8,22.4,45.9,26.1,12.0,26.3,14.0,0.4,0.6,0.4,-176.5,35.4,87.6,-5.4,13.0,132.1,14.0,0.5,0.5,0.4,-17.4,55.3,162.4,59.1,13.0,95.8,14.0,0.5,0.5,0.4,-36.2,31.1,50.9,5.8,12.0,65.1,14.0,0.4,0.6,0.4,-1.8,36.2,85.6,41.0,12.0,54.1,14.0,0.4,0.6,0.4,-2.3,1.2,39.9,12.6,12.0,26.6,14.0,0.4,0.6,0.4,-0.5,5.8,27.7,7.2,12.0,22.2,14.0,0.4,0.6,0.4,228.0,1259.5,3652.5,2210.5,13.0,2242.0,14.0,0.5,0.5,0.4,230.0,1260.0,3650.0,2210.0,13.0,2240.0,14.0,0.5,0.5,0.4
1974,2,174.0,37.0,12.8,13.0,14.57,13.54,10.0,1.14,18.0,0.4,0.5,0.4,8.9,10.9,15.0,11.31,13.0,2.94,16.0,0.3,0.4,0.4,4.96,5.56,7.48,5.96,10.0,1.28,14.0,0.3,0.4,0.3,65.8,74.2,85.0,74.9,10.0,9.1,14.0,0.3,0.3,7.1,12.9,15.05,12.19,13.0,4.2,16.0,0.3,0.4,0.4,-0.56,9.26,14.82,6.88,13.0,8.65,16.0,0.3,0.4,0.4,-9.72,-2.59,4.4,-1.87,13.0,6.98,16.0,0.3,0.4,0.4,1000.3,1009.5,1021.9,1010.95,13.0,11.32,16.0,0.3,0.4,0.4,2.9,7.0,7.1,5.4,13.0,2.4,16.0,0.3,0.4,0.4,-4.3,127.5,223.4,105.2,13.0,134.1,16.0,0.3,0.4,0.4,-144.0,-38.1,47.7,-31.4,13.0,90.3,16.0,0.3,0.4,0.4,0.77,3.0,4.29,2.24,10.0,2.62,18.0,0.4,0.5,0.4,5.7,39.7,60.4,30.4,10.0,37.4,18.0,0.4,0.5,0.4,3.18,4.02,4.86,3.8,8.0,1.18,16.0,0.4,0.5,0.3,23.3,57.3,64.2,47.0,8.0,23.1,16.0,0.4,0.5,0.3,-6.9,92.6,154.6,64.4,13.0,107.3,16.0,0.3,0.4,0.4,-80.9,-27.2,68.7,-10.1,13.0,77.0,16.0,0.3,0.4,0.4,8.5,52.0,85.8,44.3,10.0,46.0,14.0,0.3,0.4,0.3,-44.8,-17.4,17.9,-12.1,10.0,34.0,14.0,0.3,0.4,0.3,20.8,32.8,63.2,37.1,8.0,27.4,16.0,0.4,0.5,0.3,-32.3,-9.0,10.6,-11.2,8.0,24.3,16.0,0.4,0.5,0.3,360.5,2146.5,3421.0,2388.0,13.0,1919.5,16.0,0.3,0.4,0.4,360.0,2145.0,3420.0,2390.0,13.0,1920.0,16.0,0.3,0.4,0.4
1974,2,174.0,38.0,11.48,13.0,14.02,12.97,7.0,1.29,16.0,0.1,0.5,0.5,8.44,12.5,13.42,11.65,8.0,2.33,16.0,0.1,0.5,0.4,6.96,8.26,8.56,7.63,7.0,1.68,16.0,0.1,0.5,0.5,72.8,94.2,95.0,85.4,7.0,13.3,16.0,0.1,0.5,9.41,11.6,15.23,11.79,8.0,3.56,16.0,0.1,0.5,0.4,-9.29,1.87,5.37,0.15,8.0,8.3,16.0,0.1,0.5,0.4,-6.65,4.88,13.3,4.31,8.0,9.02,16.0,0.1,0.5,0.4,1000.23,1010.75,1027.16,1012.94,8.0,13.35,16.0,0.1,0.5,0.4,4.0,7.0,8.0,6.3,7.0,1.9,18.0,0.1,0.5,0.4,-96.6,14.8,86.1,7.9,8.0,112.2,16.0,0.1,0.5,0.4,-70.2,43.7,180.8,57.1,8.0,126.3,16.0,0.1,0.5,0.4,-1.0,0.5,1.33,0.8,7.0,2.43,16.0,0.1,0.5,0.5,-10.5,5.2,10.6,11.1,7.0,36.8,16.0,0.1,0.5,0.5,-0.05,0.58,3.06,1.68,7.0,2.17,16.0,0.1,0.5,0.5,-0.6,6.0,40.2,21.1,7.0,32.7,16.0,0.1,0.5,0.5,-115.9,23.7,70.6,-8.6,8.0,95.4,16.0,0.1,0.5,0.4,-52.3,64.9,160.1,65.1,8.0,100.4,16.0,0.1,0.5,0.4,-86.1,14.8,52.4,-7.8,7.0,59.3,16.0,0.1,0.5,0.5,13.0,40.7,114.5,56.9,7.0,60.7,16.0,0.1,0.5,0.5,-7.3,0.1,8.1,5.9,7.0,34.1,16.0,0.1,0.5,0.5,-2.8,1.0,12.7,-2.3,7.0,19.5,16.0,0.1,0.5,0.5,836.5,1619.5,3545.0,2019.0,8.0,1502.5,16.0,0.1,0.5,0.4,835.0,1620.0,3545.0,2020.0,8.0,1500.0,16.0,0.1,0.5,0.4
1974,2,174.0,39.0,13.32,14.0,14.68,14.0,2.0,1.41,12.0,0.0,0.3,0.5,8.17,10.45,12.0,10.1,4.0,2.71,14.0,0.3,0.3,0.5,5.89,6.65,6.67,6.29,3.0,0.65,16.0,0.0,0.4,0.4,84.9,88.0,91.2,88.0,3.0,4.6,16.0,0.0,0.4,11.97,13.4,22.55,17.17,3.0,8.41,12.0,0.3,0.3,0.5,-6.44,-4.65,4.4,-1.1,3.0,8.51,12.0,0.3,0.3,0.5,-4.26,8.66,20.76,8.26,3.0,18.33,12.0,0.3,0.3,0.5,1003.47,1014.35,1020.72,1012.2,4.0,13.34,14.0,0.3,0.3,0.5,7.3,8.0,8.0,7.7,3.0,0.6,16.0,0.0,0.4,0.4,-111.2,-82.1,52.7,-30.5,3.0,128.1,12.0,0.3,0.3,0.5,-62.8,97.8,513.9,222.5,3.0,436.0,12.0,0.3,0.3,0.5,3.87,5.75,7.63,5.75,2.0,3.89,12.0,0.0,0.3,0.5,46.6,73.9,101.2,73.9,2.0,56.6,12.0,0.0,0.3,0.5,2.98,3.81,4.64,3.81,2.0,1.71,12.0,0.0,0.3,0.5,35.4,48.3,61.2,48.3,2.0,26.8,12.0,0.0,0.3,0.5,-68.8,-60.5,19.0,-25.7,3.0,71.0,12.0,0.3,0.3,0.5,-18.1,86.6,261.7,121.0,3.0,207.1,12.0,0.3,0.3,0.5,-33.2,-0.4,32.4,-0.4,2.0,68.0,12.0,0.0,0.3,0.5,-38.7,0.5,39.6,0.5,2.0,81.1,12.0,0.0,0.3,0.5,-9.0,12.2,33.4,12.2,2.0,43.9,12.0,0.0,0.3,0.5,-39.8,-14.5,10.7,-14.5,2.0,52.3,12.0,0.0,0.3,0.5,1748.5,2406.0,13903.0,7699.5,3.0,10014.0,12.0,0.3,0.3,0.5,1750.0,2405.0,13905.0,7700.0,3.0,10015.0,12.0,0.3,0.3,0.5
1974,2,174.0,40.0,11.59,12.0,12.4,11.85,6.0,0.96,10.0,0.3,0.6,0.4,5.54,8.0,10.73,8.1,9.0,2.33,8.0,0.2,0.5,0.3,4.18,4.73,6.22,5.03,6.0,0.96,10.0,0.3,0.6,0.4,63.2,75.2,78.8,73.1,6.0,10.2,10.0,0.3,0.4,10.3,15.4,17.3,14.62,9.0,4.56,8.0,0.2,0.5,0.3,6.52,10.14,16.44,10.54,9.0,8.55,8.0,0.2,0.5,0.3,-8.92,0.0,2.44,-1.62,9.0,7.77,8.0,0.2,0.5,0.3,993.89,1003.0,1008.03,1002.31,8.0,6.71,10.0,0.3,0.6,0.3,3.0,6.0,8.0,5.4,9.0,2.5,8.0,0.2,0.5,0.3,59.7,152.4,285.3,171.6,9.0,182.4,8.0,0.2,0.5,0.3,-141.2,0.0,35.0,-23.7,9.0,117.6,8.0,0.2,0.5,0.3,0.59,4.2,5.93,3.53,6.0,3.06,10.0,0.3,0.6,0.4,5.0,51.0,103.9,52.3,6.0,52.6,10.0,0.3,0.6,0.4,2.27,4.14,4.8,3.68,6.0,1.43,10.0,0.3,0.6,0.4,24.9,40.3,94.0,53.1,6.0,33.5,10.0,0.3,0.6,0.4,47.4,94.4,151.5,80.6,9.0,74.9,8.0,0.2,0.5,0.3,-58.2,0.0,26.8,-5.3,9.0,64.9,8.0,0.2,0.5,0.3,43.1,66.0,97.4,67.6,6.0,31.2,10.0,0.3,0.6,0.4,-25.3,4.3,12.3,-2.5,6.0,18.8,10.0,0.3,0.6,0.4,24.1,33.4,89.6,49.6,6.0,34.0,10.0,0.3,0.6,0.4,-30.0,1.9,5.1,-7.7,6.0,18.0,10.0,0.3,0.6,0.4,1092.5,3652.5,5244.5,3963.0,9.0,3617.0,8.0,0.2,0.5,0.3,1095.0,3650.0,5245.0,3965.0,9.0,3615.0,8.0,0.2,0.5,0.3
1974,2,174.0,41.0,8.53,10.0,12.0,10.26,11.0,2.19,18.0,0.3,0.4,0.5,5.29,9.0,11.54,9.01,11.0,3.18,18.0,0.3,0.4,0.5,4.19,6.31,7.53,6.04,11.0,1.82,18.0,0.3,0.4,0.5,68.6,87.9,91.1,82.2,11.0,11.7,18.0,0.3,0.5,4.69,7.7,13.27,9.17,11.0,5.46,18.0,0.3,0.4,0.5,-3.23,0.0,11.64,3.36,11.0,8.96,18.0,0.3,0.4,0.5,-4.55,0.0,5.59,0.57,11.0,5.41,18.0,0.3,0.4,0.5,994.4,1006.5,1033.85,1012.16,11.0,18.82,18.0,0.3,0.4,0.5,4.4,7.0,8.0,6.0,10.0,2.3,16.0,0.2,0.5,0.5,-24.8,0.0,159.4,59.7,11.0,151.7,18.0,0.3,0.4,0.5,-48.3,0.0,42.9,-4.5,11.0,65.0,18.0,0.3,0.4,0.5,-2.71,1.0,5.21,1.25,11.0,4.1,18.0,0.3,0.4,0.5,-20.1,6.2,57.8,22.4,11.0,52.7,18.0,0.3,0.4,0.5,-0.56,1.37,4.12,1.79,11.0,2.37,18.0,0.3,0.4,0.5,-5.6,8.5,50.1,21.4,11.0,31.6,18.0,0.3,0.4,0.5,-30.6,0.0,77.2,13.0,11.0,61.4,18.0,0.3,0.4,0.5,-20.6,0.0,56.3,16.4,11.0,48.1,18.0,0.3,0.4,0.5,-20.7,0.0,53.3,11.8,11.0,45.1,18.0,0.3,0.4,0.5,-16.1,0.0,38.3,10.0,11.0,33.9,18.0,0.3,0.4,0.5,0.0,5.2,47.3,19.9,11.0,29.6,18.0,0.3,0.4,0.5,-19.5,-5.4,0.9,-7.4,11.0,11.6,18.0,0.3,0.4,0.5,106.5,456.5,2855.0,1664.0,11.0,2793.5,18.0,0.3,0.4,0.5,105.0,455.0,2855.0,1665.0,11.0,2795.0,18.0,0.3,0.4,0.5
1974,2,174.0,42.0,6.67,7.1,8.86,7.65,6.0,1.88,10.0,0.3,0.4,0.5,4.74,5.4,8.18,6.12,6.0,1.75,10.0,0.3,0.4,0.5,4.02,4.43,4.94,4.53,6.0,0.6,10.0,0.3,0.4,0.5,73.0,75.9,83.5,77.1,6.0,6.1,10.0,0.3,0.5,5.46,12.6,14.64,10.9,6.0,5.47,10.0,0.3,0.4,0.5,-1.27,2.12,13.11,4.56,6.0,8.53,10.0,0.3,0.4,0.5,-8.14,-4.62,0.87,-3.32,6.0,7.84,10.0,0.3,0.4,0.5,999.56,1011.25,1017.62,1008.9,6.0,10.25,10.0,0.3,0.4,0.5,4.0,5.5,7.2,5.7,6.0,1.6,10.0,0.3,0.4,0.5,-15.6,17.0,195.1,71.2,6.0,137.9,10.0,0.3,0.4,0.5,-110.5,-45.8,23.6,-37.6,6.0,99.2,10.0,0.3,0.4,0.5,-1.75,2.2,4.09,1.53,6.0,3.06,10.0,0.3,0.4,0.5,-23.4,18.5,31.8,8.2,6.0,28.5,10.0,0.3,0.4,0.5,1.23,1.95,3.11,2.02,6.0,1.28,10.0,0.3,0.4,0.5,7.7,19.9,25.8,18.2,6.0,12.6,10.0,0.3,0.4,0.5,-10.3,11.2,89.5,26.8,6.0,57.1,10.0,0.3,0.4,0.5,-59.5,-21.5,10.1,-14.4,6.0,53.9,10.0,0.3,0.4,0.5,-7.1,9.4,60.1,18.7,6.0,38.6,10.0,0.3,0.4,0.5,-38.3,-18.3,6.5,-12.6,6.0,39.4,10.0,0.3,0.4,0.5,0.0,5.7,22.3,11.1,6.0,14.3,10.0,0.3,0.4,0.5,-19.1,-8.6,-5.0,-10.7,6.0,8.3,10.0,0.3,0.4,0.5,192.5,2004.0,3238.0,2051.5,6.0,1940.0,10.0,0.3,0.4,0.5,195.0,2005.0,3240.0,2050.0,6.0,1940.0,10.0,0.3,0.4,0.5
1974,2,174.0,43.0,6.0,6.0,6.0,6.0,5.0,0.0,16.0,0.0,0.5,0.3,4.32,4.8,7.28,5.76,5.0,2.22,16.0,0.0,0.5,0.3,4.13,4.73,5.47,4.77,5.0,0.98,16.0,0.0,0.5,0.3,74.6,84.4,90.9,82.9,5.0,13.2,16.0,0.0,0.3,9.04,12.3,16.44,12.84,5.0,6.28,16.0,0.0,0.5,0.3,-2.6,12.11,14.51,6.91,5.0,10.6,16.0,0.0,0.5,0.3,-9.92,0.0,3.19,-2.93,5.0,7.92,16.0,0.0,0.5,0.3,993.47,1003.5,1018.26,1006.24,5.0,17.19,16.0,0.0,0.5,0.3,3.5,5.0,7.0,5.3,4.0,2.2,12.0,0.0,0.6,0.3,-32.9,149.0,248.5,122.7,5.0,185.3,16.0,0.0,0.5,0.3,-172.0,0.0,25.9,-71.7,5.0,150.1,16.0,0.0,0.5,0.3,-1.28,1.2,1.68,0.24,5.0,2.22,16.0,0.0,0.5,0.3,-6.5,13.6,28.8,11.1,5.0,20.6,16.0,0.0,0.5,0.3,0.34,1.11,1.75,1.05,5.0,1.03,16.0,0.0,0.5,0.3,5.5,13.6,28.7,15.9,5.0,13.4,16.0,0.0,0.5,0.3,-9.8,51.6,74.6,33.8,5.0,50.2,16.0,0.0,0.5,0.3,-46.0,0.0,25.6,-7.9,5.0,43.6,16.0,0.0,0.5,0.3,-7.2,57.3,70.8,35.7,5.0,45.8,16.0,0.0,0.5,0.3,-39.8,0.0,17.6,-10.1,5.0,37.2,16.0,0.0,0.5,0.3,-7.9,9.9,17.1,5.1,5.0,16.9,16.0,0.0,0.5,0.3,-18.4,-2.0,0.9,-7.4,5.0,10.5,16.0,0.0,0.5,0.3,964.5,1861.0,5578.5,3425.5,5.0,4603.0,16.0,0.0,0.5,0.3,965.0,1860.0,5580.0,3425.0,5.0,4605.0,16.0,0.0,0.5,0.3
1974,2,174.0,44.0,4.99,7.0,7.26,6.43,7.0,1.36,12.0,0.4,0.2,0.4,2.19,3.9,5.52,4.01,7.0,1.57,12.0,0.4,0.2,0.4,2.92,3.91,4.25,3.7,6.0,0.79,12.0,0.5,0.2,0.5,59.7,71.5,84.2,71.1,6.0,13.3,12.0,0.5,0.5,5.08,7.2,11.27,8.87,7.0,5.64,12.0,0.4,0.2,0.4,-5.13,3.28,8.3,1.05,7.0,9.23,12.0,0.4,0.2,0.4,-5.2,0.0,0.14,-2.71,7.0,5.34,12.0,0.4,0.2,0.4,993.0,1001.7,1012.3,1002.56,7.0,9.2,12.0,0.4,0.2,0.4,5.8,6.0,8.0,6.0,7.0,2.4,12.0,0.4,0.2,0.4,-35.7,16.7,73.3,-14.1,7.0,145.2,12.0,0.4,0.2,0.4,-36.3,0.0,1.2,-41.6,7.0,103.2,12.0,0.4,0.2,0.4,0.95,1.5,5.07,2.41,7.0,2.38,12.0,0.4,0.2,0.4,5.7,13.1,27.6,20.5,7.0,23.6,12.0,0.4,0.2,0.4,1.86,2.25,3.09,2.28,6.0,0.9,12.0,0.5,0.2,0.5,9.5,17.1,37.5,21.7,6.0,15.3,12.0,0.5,0.2,0.5,-19.9,7.2,36.4,-1.1,7.0,46.7,12.0,0.4,0.2,0.4,-21.6,0.0,0.8,-12.9,7.0,31.2,12.0,0.4,0.2,0.4,-24.5,14.6,35.1,4.0,6.0,40.6,12.0,0.5,0.2,0.5,-21.0,0.0,2.5,-9.1,6.0,23.7,12.0,0.5,0.2,0.5,-15.6,-0.1,21.4,1.3,6.0,24.1,12.0,0.5,0.2,0.5,-17.5,0.0,1.3,-6.2,6.0,13.1,12.0,0.5,0.2,0.5,131.0,373.0,1617.5,1628.0,7.0,3164.0,12.0,0.4,0.2,0.4,130.0,375.0,1615.0,1630.0,7.0,3165.0,12.0,0.4,0.2,0.4
1974,2,174.0,45.0,4.69,7.0,8.52,6.63,4.0,2.43,14.0,0.3,0.6,0.6,0.9,2.0,3.0,1.8,5.0,1.64,12.0,0.4,0.5,0.5,3.08,3.27,3.58,3.33,3.0,0.37,12.0,0.3,0.8,0.5,68.3,69.2,78.9,73.5,3.0,8.7,12.0,0.3,0.5,5.84,8.7,11.48,8.42,5.0,3.68,12.0,0.4,0.5,0.5,-3.73,0.0,4.44,0.09,5.0,6.78,12.0,0.4,0.5,0.5,-9.01,-5.9,-1.06,-5.31,5.0,4.57,12.0,0.4,0.5,0.5,997.33,1003.55,1005.16,1001.35,4.0,5.75,14.0,0.3,0.6,0.6,2.3,6.0,6.7,4.8,5.0,2.8,12.0,0.4,0.5,0.5,-44.0,0.0,30.9,-7.9,5.0,70.7,12.0,0.4,0.5,0.5,-90.8,-59.3,-2.8,-52.2,5.0,52.6,12.0,0.4,0.5,0.5,3.71,5.25,6.52,5.13,4.0,1.75,14.0,0.3,0.6,0.6,37.0,52.7,66.7,51.9,4.0,22.9,14.0,0.3,0.6,0.6,2.73,3.06,3.82,3.27,3.0,0.82,12.0,0.3,0.8,0.5,22.0,26.6,40.7,31.2,3.0,14.3,12.0,0.3,0.8,0.5,0.0,6.0,12.8,6.7,5.0,7.4,12.0,0.4,0.5,0.5,-22.8,-5.0,2.2,-9.0,5.0,13.3,12.0,0.4,0.5,0.5,0.0,0.0,22.1,10.8,3.0,18.7,12.0,0.3,0.8,0.5,-31.0,-25.2,-8.0,-19.7,3.0,17.5,12.0,0.3,0.8,0.5,0.0,0.0,18.2,8.9,3.0,15.4,12.0,0.3,0.8,0.5,-38.5,-19.8,-6.3,-22.3,3.0,23.7,12.0,0.3,0.8,0.5,296.0,658.5,1516.0,843.5,5.0,683.0,12.0,0.4,0.5,0.5,295.0,660.0,1515.0,845.0,5.0,685.0,12.0,0.4,0.5,0.5
1974,2,174.0,46.0,3.32,4.0,6.05,4.67,3.0,2.08,20.0,0.3,0.4,0.5,2.9,5.0,5.79,4.38,4.0,2.36,20.0,0.3,0.3,0.5,3.45,4.25,4.82,4.14,4.0,0.89,20.0,0.3,0.3,0.5,72.8,79.9,86.1,79.4,4.0,7.7,20.0,0.3,0.5,5.1,6.7,7.99,6.55,4.0,1.93,20.0,0.3,0.3,0.5,-5.19,-3.69,1.17,-2.09,4.0,4.65,20.0,0.3,0.3,0.5,0.25,4.75,6.12,3.26,4.0,4.4,20.0,0.3,0.3,0.5,1003.37,1021.7,1031.33,1017.55,4.0,18.32,20.0,0.3,0.3,0.5,4.4,7.0,8.0,6.3,4.0,2.4,20.0,0.3,0.3,0.5,-39.5,-20.1,12.3,-13.9,4.0,35.1,20.0,0.3,0.3,0.5,5.0,32.2,49.3,27.4,4.0,30.1,20.0,0.3,0.3,0.5,-1.75,2.0,2.68,0.5,3.0,3.5,20.0,0.3,0.4,0.5,-13.3,12.3,12.4,-0.2,3.0,21.7,20.0,0.3,0.4,0.5,0.32,2.02,2.27,1.31,3.0,1.56,20.0,0.3,0.4,0.5,0.3,8.3,12.7,6.5,3.0,9.2,20.0,0.3,0.4,0.5,-26.0,-13.2,14.5,-6.1,4.0,26.5,20.0,0.3,0.3,0.5,7.8,26.6,34.6,21.5,4.0,17.8,20.0,0.3,0.3,0.5,-22.2,-13.3,8.5,-7.2,4.0,21.7,20.0,0.3,0.3,0.5,2.5,21.8,29.2,16.1,4.0,18.2,20.0,0.3,0.3,0.5,-9.4,-5.3,-3.2,-6.3,3.0,4.6,20.0,0.3,0.4,0.5,-5.2,-2.6,5.7,0.2,3.0,8.3,20.0,0.3,0.4,0.5,149.5,306.0,522.5,335.0,4.0,249.0,20.0,0.3,0.3,0.5,150.0,305.0,525.0,335.0,4.0,250.0,20.0,0.3,0.3,0.5
1974,2,174.0,47.0,3.0,4.0,4.73,3.67,9.0,1.66,12.0,0.2,0.5,0.5,0.64,2.0,3.79,2.2,10.0,1.55,12.0,0.2,0.5,0.6,3.05,3.26,4.22,3.51,10.0,0.59,12.0,0.2,0.5,0.6,71.6,77.8,84.3,78.2,10.0,7.4,12.0,0.2,0.6,7.06,10.8,15.19,10.8,10.0,3.95,12.0,0.2,0.5,0.6,-6.98,-2.91,5.94,-0.7,10.0,8.62,12.0,0.2,0.5,0.6,-7.49,3.93,6.77,1.27,10.0,8.28,12.0,0.2,0.5,0.6,992.71,1005.5,1021.19,1005.36,10.0,15.35,12.0,0.2,0.5,0.6,2.5,5.0,8.0,5.6,9.0,2.6,14.0,0.1,0.5,0.6,-77.9,-28.6,63.6,-11.2,10.0,117.1,12.0,0.2,0.5,0.6,-75.7,40.9,74.7,20.8,10.0,106.9,12.0,0.2,0.5,0.6,-0.69,2.0,3.0,1.39,9.0,2.53,12.0,0.2,0.5,0.5,-15.2,18.6,43.8,15.5,9.0,29.9,12.0,0.2,0.5,0.5,0.74,1.78,1.97,1.45,9.0,0.97,12.0,0.2,0.5,0.5,5.7,16.2,26.1,16.6,9.0,14.2,12.0,0.2,0.5,0.5,-14.4,-2.5,17.6,-5.2,10.0,25.2,12.0,0.2,0.5,0.6,-7.7,6.7,26.4,8.6,10.0,19.3,12.0,0.2,0.5,0.6,-21.9,-10.0,24.2,-2.6,10.0,30.8,12.0,0.2,0.5,0.6,-28.9,12.2,26.9,4.4,10.0,28.3,12.0,0.2,0.5,0.6,-11.5,-3.0,10.2,-0.5,9.0,13.3,12.0,0.2,0.5,0.5,-11.6,-3.6,8.9,1.1,9.0,18.2,12.0,0.2,0.5,0.5,372.5,1292.0,3505.0,1700.5,10.0,1410.5,12.0,0.2,0.5,0.6,370.0,1290.0,3505.0,1700.0,10.0,1410.0,12.0,0.2,0.5,0.6
1974,2,174.0,48.0,3.0,4.0,5.41,4.25,11.0,1.46,22.0,0.4,0.4,0.4,3.87,4.25,6.25,4.83,12.0,1.48,22.0,0.3,0.4,0.5,4.15,4.63,5.57,4.78,11.0,0.78,20.0,0.4,0.4,0.5,81.4,87.2,100.0,89.4,11.0,10.2,20.0,0.4,0.5,7.04,10.55,17.63,11.56,12.0,5.01,22.0,0.3,0.4,0.5,-14.87,-0.8,5.76,-2.94,12.0,9.39,22.0,0.3,0.4,0.5,2.71,5.14,10.3,5.98,12.0,5.84,22.0,0.3,0.4,0.5,1004.91,1016.6,1026.31,1016.19,12.0,11.82,22.0,0.3,0.4,0.5,6.2,8.0,8.0,7.1,8.0,1.8,20.0,0.4,0.5,0.5,-241.6,-3.7,65.7,-64.8,12.0,145.6,22.0,0.3,0.4,0.5,15.7,68.7,173.8,82.1,12.0,88.2,22.0,0.3,0.4,0.5,-2.07,0.0,0.71,-0.29,11.0,1.79,22.0,0.4,0.4,0.4,-22.5,0.0,8.2,-1.6,11.0,24.4,22.0,0.4,0.4,0.4,-0.46,0.6,1.35,0.5,10.0,0.95,22.0,0.4,0.4,0.5,-4.0,7.0,13.6,6.3,10.0,10.1,22.0,0.4,0.4,0.5,-58.9,-5.0,32.8,-7.5,12.0,42.6,22.0,0.3,0.4,0.5,10.8,25.1,55.3,28.3,12.0,25.9,22.0,0.3,0.4,0.5,-65.0,-5.2,31.6,-14.6,11.0,45.1,20.0,0.4,0.4,0.5,12.1,23.3,43.6,26.6,11.0,25.5,20.0,0.4,0.4,0.5,-10.3,-6.0,2.2,-4.6,10.0,6.2,22.0,0.4,0.4,0.5,-2.7,1.9,6.4,2.4,10.0,8.8,22.0,0.4,0.4,0.5,374.0,1176.0,5479.5,2349.0,12.0,2355.5,22.0,0.3,0.4,0.5,375.0,1175.0,5480.0,2350.0,12.0,2355.0,22.0,0.3,0.4,0.5
1974,2,174.0,49.0,1.11,3.25,4.0,2.75,8.0,1.6,12.0,0.3,0.4,0.6,-0.83,1.15,3.18,1.75,8.0,2.86,12.0,0.3,0.4,0.6,3.18,3.29,4.2,3.62,6.0,0.8,12.0,0.2,0.5,0.6,79.6,81.1,83.0,81.1,6.0,2.3,12.0,0.2,0.6,5.33,8.75,17.21,10.48,8.0,6.02,12.0,0.3,0.4,0.6,-15.43,-1.64,3.4,-3.38,8.0,9.98,12.0,0.3,0.4,0.6,-9.31,-1.95,0.79,-2.5,8.0,6.48,12.0,0.3,0.4,0.6,1003.33,1009.3,1019.68,1010.49,8.0,8.25,12.0,0.3,0.4,0.6,4.0,5.0,6.7,5.4,5.0,1.7,10.0,0.4,0.5,0.6,-278.0,-8.4,33.0,-59.3,8.0,167.6,12.0,0.3,0.4,0.6,-94.4,-10.0,2.1,-16.4,8.0,95.5,12.0,0.3,0.4,0.6,-0.73,1.5,3.0,1.0,8.0,2.4,12.0,0.3,0.4,0.6,-7.7,13.9,24.8,12.3,8.0,18.8,12.0,0.3,0.4,0.6,0.41,1.15,1.7,1.06,6.0,0.75,12.0,0.2,0.5,0.6,4.4,10.2,20.1,11.5,6.0,9.3,12.0,0.2,0.5,0.6,-47.9,1.4,5.4,-10.7,8.0,27.0,12.0,0.3,0.4,0.6,-4.3,2.0,10.3,4.9,8.0,11.9,12.0,0.3,0.4,0.6,-33.2,1.1,17.5,-6.9,6.0,37.0,12.0,0.2,0.5,0.6,-31.3,-5.6,0.9,-11.6,6.0,16.3,12.0,0.2,0.5,0.6,-15.2,-2.1,5.4,-2.8,6.0,13.3,12.0,0.2,0.5,0.6,-7.4,-2.4,0.0,-4.3,6.0,6.1,12.0,0.2,0.5,0.6,159.5,733.0,5132.0,2189.5,8.0,2668.5,12.0,0.3,0.4,0.6,160.0,735.0,5130.0,2190.0,8.0,2670.0,12.0,0.3,0.4,0.6
1974,2,174.0,50.0,2.53,3.7,4.0,3.36,14.0,0.75,16.0,0.5,0.5,0.4,0.0,2.0,3.98,1.96,15.0,2.11,16.0,0.5,0.5,0.4,2.96,3.51,4.14,3.55,12.0,0.68,16.0,0.6,0.5,0.4,69.0,79.0,93.1,80.4,12.0,12.1,16.0,0.6,0.4,6.92,11.3,17.89,12.51,15.0,5.65,16.0,0.5,0.5,0.4,-11.38,-4.04,7.8,-2.64,15.0,9.69,16.0,0.5,0.5,0.4,-6.8,1.57,11.68,2.33,15.0,9.6,16.0,0.5,0.5,0.4,1001.6,1012.9,1023.28,1012.67,15.0,10.61,16.0,0.5,0.5,0.4,2.0,7.0,8.0,5.8,12.0,2.6,14.0,0.6,0.5,0.4,-175.2,-19.9,97.4,-44.4,15.0,174.0,16.0,0.5,0.5,0.4,-69.8,7.2,193.5,35.6,15.0,156.9,16.0,0.5,0.5,0.4,-0.56,1.25,2.47,1.12,14.0,1.48,16.0,0.5,0.5,0.4,-3.8,12.1,37.5,14.7,14.0,20.7,16.0,0.5,0.5,0.4,0.58,1.42,1.84,1.26,12.0,0.65,16.0,0.6,0.5,0.4,7.9,13.9,23.9,15.1,12.0,9.7,16.0,0.6,0.5,0.4,-24.5,-5.3,15.9,-5.7,15.0,20.8,16.0,0.5,0.5,0.4,0.0,19.8,31.1,19.0,15.0,23.5,16.0,0.5,0.5,0.4,-46.9,-14.7,24.7,-17.1,12.0,31.9,16.0,0.6,0.5,0.4,-17.7,17.5,40.1,16.2,12.0,32.8,16.0,0.6,0.5,0.4,-17.9,-7.7,0.6,-8.0,12.0,9.7,16.0,0.6,0.5,0.4,-9.8,1.9,17.1,4.1,12.0,12.6,16.0,0.6,0.5,0.4,335.5,1443.0,5727.0,3082.5,15.0,3203.5,16.0,0.5,0.5,0.4,335.0,1445.0,5725.0,3085.0,15.0,3205.0,16.0,0.5,0.5,0.4
1974,2,174.0,51.0,2.66,3.0,3.68,3.17,3.0,0.76,24.0,0.0,0.6,0.2,0.66,1.0,3.73,2.17,3.0,2.47,24.0,0.0,0.6,0.2,3.61,3.73,4.88,4.23,3.0,1.02,24.0,0.0,0.6,0.2,91.2,91.7,97.4,94.2,3.0,5.0,24.0,0.0,0.2,18.0,18.0,19.43,18.7,3.0,1.21,24.0,0.0,0.6,0.2,-18.88,-16.91,-1.17,-10.18,3.0,14.22,24.0,0.0,0.6,0.2,-5.31,-3.49,10.44,2.42,3.0,12.62,24.0,0.0,0.6,0.2,1010.82,1011.5,1013.55,1012.17,3.0,2.08,24.0,0.0,0.6,0.2,8.0,8.0,8.0,8.0,1.0,0.0,28.0,0.0,0.7,0.1,-368.2,-304.5,-21.0,-197.2,3.0,270.8,24.0,0.0,0.6,0.2,-97.9,-70.2,185.6,41.2,3.0,228.9,24.0,0.0,0.6,0.2,-1.07,2.0,3.02,1.0,3.0,3.12,24.0,0.0,0.6,0.2,-19.3,36.0,59.4,20.5,3.0,59.2,24.0,0.0,0.6,0.2,-0.29,0.97,1.31,0.52,3.0,1.23,24.0,0.0,0.6,0.2,-5.2,17.4,25.6,10.4,3.0,23.4,24.0,0.0,0.6,0.2,-14.7,-9.9,17.9,1.3,3.0,25.8,24.0,0.0,0.6,0.2,-4.8,-1.7,57.2,25.6,3.0,51.2,24.0,0.0,0.6,0.2,-68.1,-63.1,2.7,-33.4,3.0,57.9,24.0,0.0,0.6,0.2,-19.6,-12.4,58.5,18.7,3.0,63.3,24.0,0.0,0.6,0.2,-25.0,-16.3,-8.9,-16.9,3.0,11.8,24.0,0.0,0.6,0.2,-12.0,-5.9,-5.4,-8.6,3.0,5.4,24.0,0.0,0.6,0.2,5832.0,5832.0,7394.0,6595.0,3.0,1321.5,24.0,0.0,0.6,0.2,5830.0,5830.0,7395.0,6595.0,3.0,1320.0,24.0,0.0,0.6,0.2
1974,2,174.0,52.0,2.59,3.5,3.94,3.23,8.0,1.06,14.0,0.1,0.4,0.3,-1.87,2.0,2.95,0.86,9.0,2.43,14.0,0.1,0.4,0.3,3.06,3.52,4.15,3.64,6.0,0.64,10.0,0.0,0.4,0.2,84.9,92.5,100.0,90.0,6.0,13.1,10.0,0.0,0.2,8.33,11.8,16.07,12.04,9.0,4.31,14.0,0.1,0.4,0.3,-15.64,0.0,2.73,-5.33,9.0,9.96,14.0,0.1,0.4,0.3,-7.33,2.87,5.1,0.32,9.0,7.11,14.0,0.1,0.4,0.3,1009.12,1016.5,1020.6,1015.37,9.0,5.94,14.0,0.1,0.4,0.3,8.0,8.0,8.0,8.0,8.0,0.0,14.0,0.1,0.4,0.2,-252.1,0.0,25.4,-98.2,9.0,149.9,14.0,0.1,0.4,0.3,-58.9,47.3,75.9,19.8,9.0,78.5,14.0,0.1,0.4,0.3,0.77,2.55,5.33,2.76,8.0,2.36,14.0,0.1,0.4,0.3,10.5,25.2,58.8,28.1,8.0,25.3,14.0,0.1,0.4,0.3,1.08,1.5,1.81,1.46,5.0,0.5,8.0,0.0,0.4,0.2,7.5,10.9,23.2,14.5,5.0,8.4,8.0,0.0,0.4,0.2,-36.2,0.0,14.0,-5.3,9.0,29.4,14.0,0.1,0.4,0.3,-2.1,10.0,15.1,10.5,9.0,15.7,14.0,0.1,0.4,0.3,-10.2,6.2,15.6,1.1,6.0,27.2,10.0,0.0,0.4,0.2,-30.9,-11.1,18.1,-3.6,6.0,32.2,10.0,0.0,0.4,0.2,-8.9,1.4,4.7,-2.6,5.0,12.4,8.0,0.0,0.4,0.2,-14.6,-8.0,0.9,-7.5,5.0,10.1,8.0,0.0,0.4,0.2,580.5,1643.0,4173.0,2335.5,9.0,1988.5,14.0,0.1,0.4,0.3,580.0,1645.0,4175.0,2335.0,9.0,1990.0,14.0,0.1,0.4,0.3
1974,2,174.0,53.0,2.06,4.0,5.0,3.54,9.0,1.5,16.0,0.3,0.5,0.5,-4.19,0.0,2.5,-0.36,9.0,3.5,16.0,0.3,0.5,0.5,3.23,3.73,4.3,3.76,6.0,0.57,16.0,0.2,0.6,0.5,81.7,91.2,100.0,90.1,6.0,9.8,16.0,0.2,0.5,10.43,12.3,15.77,13.18,9.0,3.3,16.0,0.3,0.5,0.5,-15.17,-10.8,-6.72,-8.96,9.0,8.41,16.0,0.3,0.5,0.5,-6.26,0.0,2.74,0.05,9.0,6.72,16.0,0.3,0.5,0.5,1006.01,1019.2,1024.61,1015.53,9.0,11.49,16.0,0.3,0.5,0.5,6.0,7.0,8.0,6.6,8.0,1.7,16.0,0.4,0.6,0.5,-233.6,-116.6,-59.5,-129.4,9.0,124.5,16.0,0.3,0.5,0.5,-61.5,0.0,43.2,17.3,9.0,104.8,16.0,0.3,0.5,0.5,0.93,3.5,7.34,3.9,9.0,3.38,16.0,0.3,0.5,0.5,12.0,38.5,65.7,45.1,9.0,37.2,16.0,0.3,0.5,0.5,0.79,1.25,1.59,1.28,6.0,0.52,16.0,0.2,0.6,0.5,12.7,16.9,20.4,16.7,6.0,5.0,16.0,0.2,0.6,0.5,-24.6,0.0,45.1,8.0,9.0,32.0,16.0,0.3,0.5,0.5,0.0,6.7,34.8,13.3,9.0,18.1,16.0,0.3,0.5,0.5,-58.2,-38.4,-9.7,-28.5,6.0,42.3,16.0,0.2,0.6,0.5,-11.9,5.0,19.9,7.2,6.0,25.5,16.0,0.2,0.6,0.5,-20.2,-15.1,-5.0,-12.1,6.0,11.8,16.0,0.2,0.6,0.5,-3.3,1.7,4.8,1.0,6.0,6.6,16.0,0.2,0.6,0.5,1137.5,1861.0,3920.5,2673.5,9.0,1865.5,16.0,0.3,0.5,0.5,1140.0,1860.0,3920.0,2675.0,9.0,1865.0,16.0,0.3,0.5,0.5
1974,2,174.0,54.0,,,,,,,,,,,,,,,,,,,,,,,,,,,,,,,,,,,,,,,,7.09,9.0,10.91,9.0,2.0,3.96,4.0,0.5,0.5,0.6,-4.96,-2.95,-0.94,-2.95,2.0,4.17,4.0,0.5,0.5,0.6,-9.58,-8.21,-6.84,-8.21,2.0,2.84,4.0,0.5,0.5,0.6,1009.15,1010.55,1011.95,1010.55,2.0,2.9,4.0,0.5,0.5,0.6,,,,,,,,,,,,,,,,,,,,,,,,,,,,,,,,,,,,,,,,,,,,,,,,,,,,,,,,,,,,,,,,,,,,,,,,,,,,,,,,,,,,,,,,,,,,,,,,,,,,,,,,,,,,,,,,,,,,,,,,,,,,,,,,,,,,,,,,,,,,,,,,,,,,,,
1974,2,174.0,55.0,,,,,,,,,,,,,,,,,,,,,,,,,,,,,,,,,,,,,,,,9.05,9.8,9.94,9.5,3.0,0.7,16.0,0.0,0.4,0.7,-6.1,-4.9,4.36,-0.97,3.0,8.38,16.0,0.0,0.4,0.7,-2.23,5.0,7.38,2.63,3.0,7.33,16.0,0.0,0.4,0.7,1008.27,1015.3,1022.33,1015.3,2.0,14.57,12.0,0.0,0.3,0.5,,,,,,,,,,,,,,,,,,,,,,,,,,,,,,,,,,,,,,,,,,,,,,,,,,,,,,,,,,,,,,,,,,,,,,,,,,,,,,,,,,,,,,,,,,,,,,,,,,,,,,,,,,,,,,,,,,,,,,,,,,,,,,,,,,,,,,,,,,,,,,,,,,,,,,
1974,2,174.0,56.0,,,,,,,,,,,,,,,,,,,,,,,,,,,,,,,,,,,,,,,,11.63,13.4,15.17,13.4,2.0,3.68,8.0,0.0,0.3,0.2,-13.96,-11.65,-9.35,-11.65,2.0,4.78,8.0,0.0,0.3,0.2,-4.97,-0.73,3.5,-0.73,2.0,8.78,8.0,0.0,0.3,0.2,1001.07,1003.15,1005.23,1003.15,2.0,4.31,8.0,0.0,0.3,0.2,,,,,,,,,,,,,,,,,,,,,,,,,,,,,,,,,,,,,,,,,,,,,,,,,,,,,,,,,,,,,,,,,,,,,,,,,,,,,,,,,,,,,,,,,,,,,,,,,,,,,,,,,,,,,,,,,,,,,,,,,,,,,,,,,,,,,,,,,,,,,,,,,,,,,,
1974,2,174.0,57.0,,,,,,,,,,,,,,,,,,,,,,,,,,,,,,,,,,,,,,,,7.15,8.2,9.56,8.35,4.0,1.89,18.0,0.3,0.2,0.4,-2.8,-2.46,-1.01,-1.93,4.0,1.33,18.0,0.3,0.2,0.4,-7.71,-6.77,2.88,-2.61,4.0,8.98,18.0,0.3,0.2,0.4,1012.86,1022.55,1028.63,1020.83,4.0,9.58,16.0,0.3,0.2,0.4,,,,,,,,,,,,,,,,,,,,,,,,,,,,,,,,,,,,,,,,,,,,,,,,,,,,,,,,,,,,,,,,,,,,,,,,,,,,,,,,,,,,,,,,,,,,,,,,,,,,,,,,,,,,,,,,,,,,,,,,,,,,,,,,,,,,,,,,,,,,,,,,,,,,,,
1974,2,174.0,58.0,,,,,,,,,,,,,,,,,,,,,,,,,,,,,,,,,,,,,,,,11.96,16.0,19.23,14.87,6.0,5.76,8.0,0.5,0.6,0.7,-15.9,-11.11,-6.6,-10.54,6.0,6.46,8.0,0.5,0.6,0.7,-13.29,-9.32,-1.86,-7.3,6.0,7.7,8.0,0.5,0.6,0.7,1008.12,1013.3,1017.49,1011.6,6.0,8.16,8.0,0.5,0.6,0.7,,,,,,,,,,,,,,,,,,,,,,,,,,,,,,,,,,,,,,,,,,,,,,,,,,,,,,,,,,,,,,,,,,,,,,,,,,,,,,,,,,,,,,,,,,,,,,,,,,,,,,,,,,,,,,,,,,,,,,,,,,,,,,,,,,,,,,,,,,,,,,,,,,,,,,
1974,2,174.0,59.0,,,,,,,,,,,,,,,,,,,,,,,,,,,,,,,,,,,,,,,,17.0,17.0,17.0,17.0,1.0,0.0,22.0,0.0,0.5,0.0,-16.74,-16.74,-16.74,-16.74,1.0,0.0,22.0,0.0,0.5,0.0,2.95,2.95,2.95,2.95,1.0,0.0,22.0,0.0,0.5,0.0,1014.9,1014.9,1014.9,1014.9,1.0,0.0,22.0,0.0,0.5,0.0,,,,,,,,,,,,,,,,,,,,,,,,,,,,,,,,,,,,,,,,,,,,,,,,,,,,,,,,,,,,,,,,,,,,,,,,,,,,,,,,,,,,,,,,,,,,,,,,,,,,,,,,,,,,,,,,,,,,,,,,,,,,,,,,,,,,,,,,,,,,,,,,,,,,,,
1974,2,175.0,-76.0,0.6,0.6,0.6,0.6,1.0,0.0,16.0,1.0,0.6,0.5,-3.6,-3.6,-3.6,-3.6,1.0,0.0,16.0,1.0,0.6,0.5,2.5,2.5,2.5,2.5,1.0,0.0,16.0,1.0,0.6,0.5,82.8,82.8,82.8,82.8,1.0,0.0,16.0,1.0,0.5,9.3,9.3,9.3,9.3,1.0,0.0,16.0,1.0,0.6,0.5,-9.16,-9.16,-9.16,-9.16,1.0,0.0,16.0,1.0,0.6,0.5,1.61,1.61,1.61,1.61,1.0,0.0,16.0,1.0,0.6,0.5,970.0,970.0,970.0,970.0,1.0,0.0,16.0,1.0,0.6,0.5,6.0,6.0,6.0,6.0,1.0,0.0,16.0,1.0,0.6,0.5,-85.2,-85.2,-85.2,-85.2,1.0,0.0,16.0,1.0,0.6,0.5,15.0,15.0,15.0,15.0,1.0,0.0,16.0,1.0,0.6,0.5,4.2,4.2,4.2,4.2,1.0,0.0,16.0,1.0,0.6,0.5,39.1,39.1,39.1,39.1,1.0,0.0,16.0,1.0,0.6,0.5,1.62,1.62,1.62,1.62,1.0,0.0,16.0,1.0,0.6,0.5,15.0,15.0,15.0,15.0,1.0,0.0,16.0,1.0,0.6,0.5,33.0,33.0,33.0,33.0,1.0,0.0,16.0,1.0,0.6,0.5,-5.8,-5.8,-5.8,-5.8,1.0,0.0,16.0,1.0,0.6,0.5,-22.9,-22.9,-22.9,-22.9,1.0,0.0,16.0,1.0,0.6,0.5,4.0,4.0,4.0,4.0,1.0,0.0,16.0,1.0,0.6,0.5,-14.8,-14.8,-14.8,-14.8,1.0,0.0,16.0,1.0,0.6,0.5,2.6,2.6,2.6,2.6,1.0,0.0,16.0,1.0,0.6,0.5,804.5,804.5,804.5,804.5,1.0,0.0,16.0,1.0,0.6,0.5,805.0,805.0,805.0,805.0,1.0,0.0,16.0,1.0,0.6,0.5
1974,2,175.0,-67.0,,,,,,,,,,,,,,,,,,,,,,,,,,,,,,,,,,,,,,,,10.3,10.3,10.3,10.3,1.0,0.0,18.0,1.0,0.0,0.6,9.68,9.68,9.68,9.68,1.0,0.0,18.0,1.0,0.0,0.6,-3.52,-3.52,-3.52,-3.52,1.0,0.0,18.0,1.0,0.0,0.6,985.0,985.0,985.0,985.0,1.0,0.0,18.0,1.0,0.0,0.6,8.0,8.0,8.0,8.0,1.0,0.0,18.0,1.0,0.0,0.6,99.7,99.7,99.7,99.7,1.0,0.0,18.0,1.0,0.0,0.6,-36.3,-36.3,-36.3,-36.3,1.0,0.0,18.0,1.0,0.0,0.6,,,,,,,,,,,,,,,,,,,,,,,,,,,,,,,,,,,,,,,,,0.0,0.0,0.0,0.0,1.0,0.0,18.0,1.0,0.0,0.6,0.0,0.0,0.0,0.0,1.0,0.0,18.0,1.0,0.0,0.6,29.7,29.7,29.7,29.7,1.0,0.0,18.0,1.0,0.0,0.6,-10.8,-10.8,-10.8,-10.8,1.0,0.0,18.0,1.0,0.0,0.6,,,,,,,,,,,,,,,,,,,,,,,,,,,,,,,,,,,,,,,,
1974,2,175.0,-60.0,5.5,5.5,5.5,5.5,1.0,0.0,12.0,1.0,0.2,0.7,5.6,5.6,5.6,5.6,1.0,0.0,12.0,1.0,0.2,0.7,4.31,4.31,4.31,4.31,1.0,0.0,12.0,1.0,0.2,0.7,76.0,76.0,76.0,76.0,1.0,0.0,12.0,1.0,0.7,15.4,15.4,15.4,15.4,1.0,0.0,12.0,1.0,0.2,0.7,15.4,15.4,15.4,15.4,1.0,0.0,12.0,1.0,0.2,0.7,0.0,0.0,0.0,0.0,1.0,0.0,12.0,1.0,0.2,0.7,1003.7,1003.7,1003.7,1003.7,1.0,0.0,12.0,1.0,0.2,0.7,8.0,8.0,8.0,8.0,1.0,0.0,12.0,1.0,0.2,0.7,237.2,237.2,237.2,237.2,1.0,0.0,12.0,1.0,0.2,0.7,0.0,0.0,0.0,0.0,1.0,0.0,12.0,1.0,0.2,0.7,-0.1,-0.1,-0.1,-0.1,1.0,0.0,12.0,1.0,0.2,0.7,-1.5,-1.5,-1.5,-1.5,1.0,0.0,12.0,1.0,0.2,0.7,1.33,1.33,1.33,1.33,1.0,0.0,12.0,1.0,0.2,0.7,20.5,20.5,20.5,20.5,1.0,0.0,12.0,1.0,0.2,0.7,86.2,86.2,86.2,86.2,1.0,0.0,12.0,1.0,0.2,0.7,0.0,0.0,0.0,0.0,1.0,0.0,12.0,1.0,0.2,0.7,66.4,66.4,66.4,66.4,1.0,0.0,12.0,1.0,0.2,0.7,0.0,0.0,0.0,0.0,1.0,0.0,12.0,1.0,0.2,0.7,20.5,20.5,20.5,20.5,1.0,0.0,12.0,1.0,0.2,0.7,0.0,0.0,0.0,0.0,1.0,0.0,12.0,1.0,0.2,0.7,3652.5,3652.5,3652.5,3652.5,1.0,0.0,12.0,1.0,0.2,0.7,3650.0,3650.0,3650.0,3650.0,1.0,0.0,12.0,1.0,0.2,0.7
1974,2,175.0,-46.0,,,,,,,,,,,,,,,,,,,,,,,,,,,,,,,,,,,,,,,,0.0,0.0,0.0,0.0,1.0,0.0,10.0,1.0,0.9,0.8,0.0,0.0,0.0,0.0,1.0,0.0,10.0,1.0,0.9,0.8,0.0,0.0,0.0,0.0,1.0,0.0,10.0,1.0,0.9,0.8,1028.6,1028.6,1028.6,1028.6,1.0,0.0,10.0,1.0,0.9,0.8,,,,,,,,,,,,,,,,,,,,,,,,,,,,,,,,,,,,,,,,,,,,,,,,,,,,,,,,,,,,,,,,,,,,,,,,,,,,,,,,,,,,,,,,,,,,,,,,,,,,,,,,,,,,,,,,,,,,,,,,,,,,,,,,,,,,,,,,,,,,,,,,,,,,,,
1974,2,175.0,-45.0,,,,,,,,,,,,,,,,,,,,,,,,,,,,,,,,,,,,,,,,3.1,3.1,3.1,3.1,1.0,0.0,10.0,0.0,0.0,0.6,-1.55,-1.55,-1.55,-1.55,1.0,0.0,10.0,0.0,0.0,0.6,-2.68,-2.68,-2.68,-2.68,1.0,0.0,10.0,0.0,0.0,0.6,1019.2,1019.2,1019.2,1019.2,1.0,0.0,10.0,0.0,0.0,0.6,,,,,,,,,,,,,,,,,,,,,,,,,,,,,,,,,,,,,,,,,,,,,,,,,,,,,,,,,,,,,,,,,,,,,,,,,,,,,,,,,,,,,,,,,,,,,,,,,,,,,,,,,,,,,,,,,,,,,,,,,,,,,,,,,,,,,,,,,,,,,,,,,,,,,,
1974,2,175.0,-44.0,15.98,16.8,16.94,16.47,3.0,0.76,18.0,1.0,0.6,0.5,15.59,16.0,17.02,16.3,3.0,1.08,18.0,1.0,0.6,0.5,9.98,10.2,10.42,10.2,2.0,0.46,14.0,1.0,0.4,0.5,85.8,88.0,90.3,88.0,2.0,4.7,14.0,1.0,0.5,4.74,7.2,13.55,9.1,3.0,6.66,18.0,1.0,0.6,0.5,-6.41,-5.64,-3.67,-5.06,3.0,2.07,18.0,1.0,0.6,0.5,-11.37,-2.46,0.8,-5.22,3.0,9.22,18.0,1.0,0.6,0.5,1013.35,1017.1,1029.05,1021.1,3.0,12.01,18.0,1.0,0.6,0.5,6.3,7.0,7.7,7.0,3.0,1.0,18.0,1.0,0.6,0.5,-79.0,-48.7,-22.2,-50.6,3.0,41.6,18.0,1.0,0.6,0.5,-180.3,-17.7,0.1,-88.4,3.0,145.6,18.0,1.0,0.6,0.5,-0.98,1.0,1.27,0.17,3.0,1.8,18.0,1.0,0.6,0.5,-19.8,5.0,6.5,-6.4,3.0,21.7,18.0,1.0,0.6,0.5,0.72,1.22,1.72,1.22,2.0,1.04,14.0,1.0,0.4,0.5,7.2,7.5,7.9,7.5,2.0,0.7,14.0,1.0,0.4,0.5,-105.2,-98.8,-60.3,-83.2,3.0,35.6,18.0,1.0,0.6,0.5,-197.7,-39.4,11.8,-91.7,3.0,160.0,18.0,1.0,0.6,0.5,-54.3,-43.3,-32.3,-43.3,2.0,22.7,14.0,1.0,0.4,0.5,-133.7,-70.2,-6.7,-70.2,2.0,131.5,14.0,1.0,0.4,0.5,-5.0,-4.1,-3.2,-4.1,2.0,1.9,14.0,1.0,0.4,0.5,-5.6,-1.5,2.6,-1.5,2.0,8.6,14.0,1.0,0.4,0.5,150.5,373.0,3185.0,1637.5,3.0,2477.5,18.0,1.0,0.6,0.5,150.0,375.0,3185.0,1635.0,3.0,2480.0,18.0,1.0,0.6,0.5
1974,2,175.0,-43.0,17.0,17.0,17.0,17.0,1.0,0.0,28.0,1.0,0.0,0.7,16.5,16.5,16.5,16.5,1.0,0.0,28.0,1.0,0.0,0.7,9.61,9.61,9.61,9.61,1.0,0.0,28.0,1.0,0.0,0.7,81.4,81.4,81.4,81.4,1.0,0.0,28.0,1.0,0.7,8.2,8.2,8.2,8.2,1.0,0.0,28.0,1.0,0.0,0.7,4.1,4.1,4.1,4.1,1.0,0.0,28.0,1.0,0.0,0.7,7.1,7.1,7.1,7.1,1.0,0.0,28.0,1.0,0.0,0.7,997.6,997.6,997.6,997.6,1.0,0.0,28.0,1.0,0.0,0.7,5.0,5.0,5.0,5.0,1.0,0.0,28.0,1.0,0.0,0.7,33.6,33.6,33.6,33.6,1.0,0.0,28.0,1.0,0.0,0.7,58.2,58.2,58.2,58.2,1.0,0.0,28.0,1.0,0.0,0.7,0.5,0.5,0.5,0.5,1.0,0.0,28.0,1.0,0.0,0.7,4.1,4.1,4.1,4.1,1.0,0.0,28.0,1.0,0.0,0.7,2.6,2.6,2.6,2.6,1.0,0.0,28.0,1.0,0.0,0.7,21.3,21.3,21.3,21.3,1.0,0.0,28.0,1.0,0.0,0.7,67.7,67.7,67.7,67.7,1.0,0.0,28.0,1.0,0.0,0.7,117.2,117.2,117.2,117.2,1.0,0.0,28.0,1.0,0.0,0.7,39.4,39.4,39.4,39.4,1.0,0.0,28.0,1.0,0.0,0.7,68.3,68.3,68.3,68.3,1.0,0.0,28.0,1.0,0.0,0.7,10.7,10.7,10.7,10.7,1.0,0.0,28.0,1.0,0.0,0.7,18.5,18.5,18.5,18.5,1.0,0.0,28.0,1.0,0.0,0.7,551.5,551.5,551.5,551.5,1.0,0.0,28.0,1.0,0.0,0.7,550.0,550.0,550.0,550.0,1.0,0.0,28.0,1.0,0.0,0.7
1974,2,175.0,-42.0,16.58,17.5,18.89,17.73,4.0,1.51,8.0,0.8,0.5,0.4,16.06,21.0,22.73,19.82,5.0,3.61,10.0,0.8,0.6,0.5,11.34,13.19,13.3,12.34,3.0,1.62,10.0,0.7,0.6,0.4,76.7,86.2,90.6,83.7,3.0,10.4,10.0,0.7,0.4,2.92,6.2,8.47,5.66,5.0,3.7,10.0,0.8,0.6,0.5,-3.97,0.0,2.49,-0.54,5.0,3.58,10.0,0.8,0.6,0.5,-4.97,0.0,5.4,0.39,5.0,6.35,10.0,0.8,0.6,0.5,1016.85,1017.4,1021.67,1018.94,5.0,2.71,10.0,0.8,0.6,0.5,1.9,6.0,8.0,5.0,5.0,3.5,10.0,0.8,0.6,0.5,-21.0,0.0,21.4,0.1,5.0,23.9,10.0,0.8,0.6,0.5,-34.4,0.0,43.2,6.4,5.0,55.2,10.0,0.8,0.6,0.5,-4.67,-3.65,-1.38,-3.05,4.0,2.26,8.0,0.8,0.5,0.4,-29.0,-9.3,0.2,-14.2,4.0,18.5,8.0,0.8,0.5,0.4,-0.06,0.87,0.9,0.43,3.0,0.8,10.0,0.7,0.6,0.4,-2.1,0.0,2.9,0.4,3.0,3.6,10.0,0.7,0.6,0.4,-72.4,0.0,48.2,-8.9,5.0,71.9,10.0,0.8,0.6,0.5,-106.7,0.0,86.6,-5.7,5.0,116.7,10.0,0.8,0.6,0.5,-54.5,-36.9,-11.7,-33.2,3.0,31.5,10.0,0.7,0.6,0.4,-35.9,0.0,21.1,-7.2,3.0,42.2,10.0,0.7,0.6,0.4,-2.2,0.0,1.6,-0.3,3.0,2.8,10.0,0.7,0.6,0.4,0.6,2.0,2.5,1.6,3.0,1.4,10.0,0.7,0.6,0.4,62.0,238.5,633.5,346.5,5.0,374.0,10.0,0.8,0.6,0.5,60.0,240.0,635.0,345.0,5.0,375.0,10.0,0.8,0.6,0.5
1974,2,175.0,-37.0,21.9,22.75,23.21,22.67,6.0,0.88,12.0,1.0,0.6,0.6,21.9,22.0,23.05,22.29,7.0,1.25,10.0,1.0,0.6,0.6,12.95,14.46,15.38,13.96,6.0,1.91,12.0,1.0,0.6,0.6,77.1,83.2,89.7,83.3,6.0,7.4,12.0,1.0,0.6,2.21,3.6,4.6,4.5,8.0,3.3,12.0,1.0,0.5,0.7,-3.8,-1.23,-0.12,-2.31,8.0,3.78,12.0,1.0,0.5,0.7,-3.97,-3.01,-0.84,-2.53,8.0,2.52,12.0,1.0,0.5,0.7,1016.99,1018.65,1021.69,1019.23,8.0,2.62,12.0,1.0,0.5,0.7,2.1,5.0,7.0,4.8,8.0,2.6,12.0,1.0,0.5,0.7,-17.5,-4.5,-0.2,-20.9,8.0,45.0,12.0,1.0,0.5,0.7,-18.0,-9.3,-1.8,-15.4,8.0,26.0,12.0,1.0,0.5,0.7,-1.1,0.5,1.31,0.33,6.0,1.47,12.0,1.0,0.6,0.6,-3.1,2.1,6.7,2.1,6.0,6.6,12.0,1.0,0.6,0.6,1.7,2.96,4.36,3.1,6.0,1.96,12.0,1.0,0.6,0.6,5.1,9.0,20.3,14.4,6.0,16.5,12.0,1.0,0.6,0.6,-98.4,-30.9,2.2,-54.7,7.0,89.8,10.0,1.0,0.6,0.6,-89.9,-74.4,-13.2,-54.6,7.0,60.9,10.0,1.0,0.6,0.6,-78.4,-16.3,5.5,-35.3,6.0,61.0,12.0,1.0,0.6,0.6,-64.3,-33.4,-0.5,-30.7,6.0,42.0,12.0,1.0,0.6,0.6,-13.7,-2.4,1.1,-7.8,6.0,16.7,12.0,1.0,0.6,0.6,-14.0,-8.7,-1.4,-8.9,6.0,8.6,12.0,1.0,0.6,0.6,11.5,49.5,97.5,275.5,8.0,641.5,12.0,1.0,0.5,0.7,10.0,50.0,95.0,275.0,8.0,640.0,12.0,1.0,0.5,0.7
1974,2,175.0,-36.0,20.52,21.7,23.3,21.67,7.0,1.52,16.0,0.7,0.4,0.5,19.58,21.1,22.37,20.86,9.0,1.63,16.0,0.6,0.3,0.6,11.41,12.85,15.13,13.26,9.0,2.1,16.0,0.6,0.3,0.6,79.4,86.6,93.2,86.2,9.0,8.2,16.0,0.6,0.6,6.88,10.8,12.33,9.03,7.0,4.37,18.0,0.6,0.2,0.6,-12.11,-6.77,0.24,-5.37,7.0,6.89,18.0,0.6,0.2,0.6,-4.05,-0.17,6.13,1.2,7.0,5.59,18.0,0.6,0.2,0.6,1012.61,1014.0,1020.48,1015.7,9.0,4.01,16.0,0.6,0.3,0.6,1.0,4.0,6.7,3.9,9.0,2.8,16.0,0.6,0.3,0.6,-149.3,-48.7,1.8,-63.9,7.0,80.7,18.0,0.6,0.2,0.6,-48.1,-0.1,48.8,7.0,7.0,60.3,18.0,0.6,0.2,0.6,-0.52,1.9,2.81,1.21,7.0,1.64,16.0,0.7,0.4,0.5,-0.7,15.8,33.1,16.0,5.0,17.5,18.0,0.8,0.3,0.5,1.85,3.79,4.22,3.34,7.0,1.41,16.0,0.7,0.4,0.5,20.9,30.1,49.4,33.8,5.0,16.9,18.0,0.8,0.3,0.5,-245.3,-142.8,4.6,-112.7,7.0,142.2,18.0,0.6,0.2,0.6,-89.3,-3.8,120.0,22.3,7.0,115.3,18.0,0.6,0.2,0.6,-172.9,-92.4,2.4,-80.1,7.0,96.9,18.0,0.6,0.2,0.6,-62.9,-2.2,64.1,9.9,7.0,74.6,18.0,0.6,0.2,0.6,-34.7,-10.9,6.2,-13.6,5.0,24.4,18.0,0.8,0.3,0.5,-5.5,10.3,32.6,14.5,5.0,24.9,18.0,0.8,0.3,0.5,355.5,1259.5,1874.5,1105.5,7.0,831.5,18.0,0.6,0.2,0.6,355.0,1260.0,1875.0,1105.0,7.0,830.0,18.0,0.6,0.2,0.6
1974,2,175.0,-35.0,23.27,24.0,24.57,23.93,4.0,0.95,22.0,0.8,0.4,0.4,21.67,22.9,23.33,22.56,7.0,1.03,18.0,0.7,0.4,0.5,12.27,13.63,15.08,13.51,7.0,1.87,18.0,0.7,0.4,0.5,69.2,83.1,87.0,79.3,7.0,9.4,18.0,0.7,0.5,0.79,2.6,6.42,4.03,6.0,4.85,18.0,0.8,0.4,0.5,-2.38,-0.47,2.36,-0.15,6.0,2.23,18.0,0.8,0.4,0.5,-0.07,0.23,5.89,2.88,6.0,5.3,18.0,0.8,0.4,0.5,1009.7,1015.2,1016.41,1013.74,7.0,3.52,18.0,0.7,0.4,0.5,2.9,4.0,7.0,4.6,7.0,2.4,18.0,0.7,0.4,0.5,-11.7,-0.5,7.5,-3.6,6.0,14.8,18.0,0.8,0.4,0.5,-0.1,0.6,51.1,32.7,6.0,71.0,18.0,0.8,0.4,0.5,0.26,1.7,3.14,1.7,4.0,1.92,22.0,0.8,0.4,0.4,-4.5,3.1,13.6,4.5,3.0,13.3,24.0,1.0,0.5,0.5,3.77,4.4,7.51,5.59,4.0,2.93,22.0,0.8,0.4,0.4,20.9,45.6,59.0,40.1,3.0,28.3,24.0,1.0,0.5,0.5,-55.1,-10.3,51.2,-3.8,6.0,50.9,18.0,0.8,0.4,0.5,-1.6,5.2,129.9,65.7,6.0,123.2,18.0,0.8,0.4,0.5,-30.8,-6.4,26.5,-2.9,6.0,30.2,18.0,0.8,0.4,0.5,-1.0,3.4,65.2,34.2,6.0,65.3,18.0,0.8,0.4,0.5,-10.7,-9.3,12.6,0.7,3.0,19.1,24.0,1.0,0.5,0.5,13.7,39.5,56.4,35.1,3.0,31.5,24.0,1.0,0.5,0.5,1.0,17.5,574.0,423.5,6.0,972.0,18.0,0.8,0.4,0.5,0.0,20.0,575.0,425.0,6.0,970.0,18.0,0.8,0.4,0.5
1974,2,175.0,-34.0,22.48,23.15,24.0,23.02,6.0,1.35,18.0,0.7,0.3,0.5,21.82,22.1,23.71,22.54,8.0,0.95,18.0,0.8,0.3,0.5,13.45,14.48,15.46,14.04,7.0,1.97,18.0,0.7,0.4,0.6,81.6,83.3,88.8,82.8,7.0,10.1,18.0,0.7,0.6,2.48,7.2,7.85,5.8,7.0,3.58,18.0,0.7,0.4,0.5,-6.77,0.0,1.61,-1.48,7.0,5.11,18.0,0.7,0.4,0.5,-2.84,0.0,2.74,0.26,7.0,4.83,18.0,0.7,0.4,0.5,1009.51,1012.8,1015.88,1013.0,8.0,3.13,18.0,0.8,0.3,0.5,4.1,6.5,8.0,6.0,8.0,2.2,18.0,0.8,0.3,0.5,-50.0,0.0,12.2,-12.6,7.0,41.4,18.0,0.7,0.4,0.5,-9.2,0.0,21.2,7.3,7.0,43.7,18.0,0.7,0.4,0.5,-1.1,0.35,1.95,0.47,6.0,1.8,18.0,0.7,0.3,0.5,-6.5,-2.6,19.3,4.6,5.0,13.8,20.0,0.6,0.3,0.5,1.71,2.19,5.69,3.47,6.0,3.13,18.0,0.7,0.3,0.5,4.2,14.7,56.9,28.0,5.0,29.0,20.0,0.6,0.3,0.5,-154.4,0.0,36.6,-34.9,7.0,114.0,18.0,0.7,0.4,0.5,-67.8,0.0,64.6,4.6,7.0,109.6,18.0,0.7,0.4,0.5,-97.7,-36.9,14.6,-34.0,6.0,68.8,18.0,0.7,0.4,0.5,-8.3,6.2,53.9,20.8,6.0,52.3,18.0,0.7,0.4,0.5,-20.8,-2.3,23.8,3.2,5.0,37.0,20.0,0.6,0.3,0.5,-1.9,5.0,21.7,10.1,5.0,17.5,20.0,0.6,0.3,0.5,16.5,373.0,495.0,373.5,7.0,431.5,18.0,0.7,0.4,0.5,15.0,375.0,495.0,375.0,7.0,430.0,18.0,0.7,0.4,0.5
1974,2,175.0,-33.0,23.19,23.75,24.21,23.7,4.0,0.65,18.0,0.5,0.6,0.6,22.84,23.0,24.02,23.14,7.0,0.92,18.0,0.6,0.6,0.4,14.5,15.41,15.99,15.1,7.0,1.65,18.0,0.6,0.6,0.4,82.9,84.2,91.3,85.4,7.0,5.7,18.0,0.6,0.4,2.5,4.6,5.37,4.69,7.0,3.15,18.0,0.6,0.6,0.4,-3.76,-1.57,2.96,-0.91,7.0,3.05,18.0,0.6,0.6,0.4,-2.1,0.89,3.84,1.63,7.0,4.71,18.0,0.6,0.6,0.4,1008.82,1015.4,1016.56,1013.37,7.0,4.11,18.0,0.6,0.6,0.4,2.9,7.0,8.0,5.4,7.0,2.8,18.0,0.6,0.6,0.4,-26.3,-4.3,13.6,-7.1,7.0,19.7,18.0,0.6,0.6,0.4,-5.9,4.5,20.7,17.3,7.0,42.6,18.0,0.6,0.6,0.4,0.19,0.75,1.26,0.73,4.0,0.68,18.0,0.5,0.6,0.6,0.4,3.0,10.7,5.4,4.0,7.5,18.0,0.5,0.6,0.6,2.36,2.89,3.87,3.11,4.0,1.05,18.0,0.5,0.6,0.6,9.3,14.0,32.6,20.6,4.0,19.4,18.0,0.5,0.6,0.6,-86.1,-38.4,64.1,-21.8,7.0,69.4,18.0,0.6,0.6,0.4,-48.7,20.4,88.3,35.6,7.0,109.0,18.0,0.6,0.6,0.4,-55.0,-26.6,36.2,-15.1,7.0,44.0,18.0,0.6,0.6,0.4,-33.8,13.0,58.8,20.7,7.0,71.6,18.0,0.6,0.6,0.4,-15.2,-8.4,3.2,-6.1,4.0,11.7,18.0,0.5,0.6,0.6,-1.0,6.7,29.4,13.9,4.0,22.4,18.0,0.5,0.6,0.6,16.5,97.5,186.5,243.0,7.0,451.0,18.0,0.6,0.6,0.4,15.0,95.0,185.0,245.0,7.0,450.0,18.0,0.6,0.6,0.4
1974,2,175.0,-32.0,23.39,24.3,24.98,24.22,5.0,1.25,18.0,1.0,0.8,0.7,22.27,23.0,24.37,23.26,9.0,1.24,14.0,0.9,0.7,0.7,13.0,15.43,16.05,15.06,9.0,1.86,14.0,0.9,0.7,0.7,80.2,87.5,88.5,84.7,9.0,7.8,14.0,0.9,0.7,2.6,3.6,6.47,4.11,8.0,2.4,16.0,0.9,0.7,0.7,-5.66,-1.44,0.0,-2.56,8.0,3.07,16.0,0.9,0.7,0.7,-2.55,-1.34,2.58,-0.35,8.0,2.83,16.0,0.9,0.7,0.7,1010.22,1015.0,1016.76,1014.11,9.0,3.55,14.0,0.9,0.7,0.7,4.0,7.0,8.0,6.1,9.0,2.5,14.0,0.9,0.7,0.7,-36.9,-3.7,0.0,-16.2,8.0,23.6,16.0,0.9,0.7,0.7,-6.6,-2.7,19.2,0.9,8.0,15.1,16.0,0.9,0.7,0.7,-0.12,0.3,2.19,0.96,5.0,1.55,18.0,1.0,0.8,0.7,0.0,4.1,17.9,8.7,4.0,13.2,20.0,1.0,0.8,0.7,2.26,3.2,6.71,4.29,5.0,2.71,18.0,1.0,0.8,0.7,7.9,25.1,43.1,25.5,4.0,20.8,20.0,1.0,0.8,0.7,-125.6,-33.1,0.0,-56.6,8.0,66.8,16.0,0.9,0.7,0.7,-63.1,-30.7,54.5,-8.1,8.0,66.2,16.0,0.9,0.7,0.7,-74.7,-22.2,0.0,-35.9,8.0,42.1,16.0,0.9,0.7,0.7,-42.6,-20.6,34.6,-7.6,8.0,39.8,16.0,0.9,0.7,0.7,-29.4,-6.8,-0.6,-14.7,4.0,21.0,20.0,1.0,0.8,0.7,-0.9,9.3,27.6,13.2,4.0,18.4,20.0,1.0,0.8,0.7,17.5,57.5,278.0,137.5,8.0,194.0,16.0,0.9,0.7,0.7,20.0,55.0,280.0,140.0,8.0,195.0,16.0,0.9,0.7,0.7
1974,2,175.0,-31.0,24.0,24.0,24.68,24.33,3.0,0.58,12.0,0.7,0.9,0.6,22.0,24.4,26.08,24.2,6.0,1.93,14.0,0.5,0.8,0.6,14.61,17.04,17.7,16.28,5.0,1.86,16.0,0.6,0.9,0.6,81.3,83.1,86.4,84.0,5.0,4.4,16.0,0.6,0.6,2.6,6.7,9.61,6.45,6.0,3.37,14.0,0.5,0.8,0.6,-6.89,-3.35,0.09,-3.62,6.0,3.99,14.0,0.5,0.8,0.6,-2.72,-2.37,3.51,0.29,6.0,5.44,14.0,0.5,0.8,0.6,1009.02,1015.8,1019.17,1014.42,6.0,5.47,14.0,0.5,0.8,0.6,0.8,4.0,7.2,4.0,6.0,3.2,14.0,0.5,0.8,0.6,-51.1,-20.6,0.2,-27.9,6.0,34.3,14.0,0.5,0.8,0.6,-16.8,-6.5,36.0,13.5,6.0,52.1,14.0,0.5,0.8,0.6,-0.98,1.2,1.75,0.4,3.0,2.12,12.0,0.7,0.9,0.6,0.6,13.0,13.3,7.1,3.0,10.6,12.0,0.7,0.9,0.6,2.25,4.71,4.86,3.58,3.0,2.15,12.0,0.7,0.9,0.6,12.4,33.0,45.2,28.9,3.0,24.3,12.0,0.7,0.9,0.6,-159.8,-75.4,2.3,-86.6,6.0,99.6,14.0,0.5,0.8,0.6,-66.0,-57.0,86.9,8.0,6.0,129.3,14.0,0.5,0.8,0.6,-111.3,-15.5,3.0,-49.8,5.0,70.0,16.0,0.6,0.9,0.6,-44.0,-31.1,77.4,14.3,5.0,88.9,16.0,0.6,0.9,0.6,-21.5,-1.0,-0.3,-10.7,3.0,17.6,12.0,0.7,0.9,0.6,-8.6,-2.7,33.9,12.3,3.0,33.7,12.0,0.7,0.9,0.6,17.5,301.0,898.5,450.0,6.0,490.0,14.0,0.5,0.8,0.6,20.0,300.0,900.0,450.0,6.0,490.0,14.0,0.5,0.8,0.6
1974,2,175.0,-29.0,26.0,26.0,26.0,26.0,1.0,0.0,2.0,1.0,0.8,0.6,25.0,25.0,25.0,25.0,1.0,0.0,2.0,1.0,0.8,0.6,15.46,15.46,15.46,15.46,1.0,0.0,2.0,1.0,0.8,0.6,78.5,78.5,78.5,78.5,1.0,0.0,2.0,1.0,0.6,8.2,8.2,8.2,8.2,1.0,0.0,2.0,1.0,0.8,0.6,-8.08,-8.08,-8.08,-8.08,1.0,0.0,2.0,1.0,0.8,0.6,-1.42,-1.42,-1.42,-1.42,1.0,0.0,2.0,1.0,0.8,0.6,1014.5,1014.5,1014.5,1014.5,1.0,0.0,2.0,1.0,0.8,0.6,3.0,3.0,3.0,3.0,1.0,0.0,2.0,1.0,0.8,0.6,-66.2,-66.2,-66.2,-66.2,1.0,0.0,2.0,1.0,0.8,0.6,-11.7,-11.7,-11.7,-11.7,1.0,0.0,2.0,1.0,0.8,0.6,1.0,1.0,1.0,1.0,1.0,0.0,2.0,1.0,0.8,0.6,8.2,8.2,8.2,8.2,1.0,0.0,2.0,1.0,0.8,0.6,5.52,5.52,5.52,5.52,1.0,0.0,2.0,1.0,0.8,0.6,45.2,45.2,45.2,45.2,1.0,0.0,2.0,1.0,0.8,0.6,-201.9,-201.9,-201.9,-201.9,1.0,0.0,2.0,1.0,0.8,0.6,-35.6,-35.6,-35.6,-35.6,1.0,0.0,2.0,1.0,0.8,0.6,-124.8,-124.8,-124.8,-124.8,1.0,0.0,2.0,1.0,0.8,0.6,-22.0,-22.0,-22.0,-22.0,1.0,0.0,2.0,1.0,0.8,0.6,-44.5,-44.5,-44.5,-44.5,1.0,0.0,2.0,1.0,0.8,0.6,-7.9,-7.9,-7.9,-7.9,1.0,0.0,2.0,1.0,0.8,0.6,551.5,551.5,551.5,551.5,1.0,0.0,2.0,1.0,0.8,0.6,550.0,550.0,550.0,550.0,1.0,0.0,2.0,1.0,0.8,0.6
1974,2,175.0,-28.0,25.22,25.7,25.9,25.57,3.0,0.51,8.0,0.7,0.6,0.7,24.79,25.15,26.21,25.38,6.0,1.02,14.0,0.7,0.4,0.6,16.92,18.07,18.78,17.64,6.0,1.58,14.0,0.7,0.4,0.6,81.6,88.1,91.1,87.1,6.0,8.5,14.0,0.7,0.6,4.0,7.7,9.92,7.45,6.0,3.26,14.0,0.7,0.4,0.6,-9.77,-5.78,-3.09,-6.22,6.0,3.92,14.0,0.7,0.4,0.6,-0.29,0.31,4.9,1.84,6.0,3.39,14.0,0.7,0.4,0.6,1004.01,1009.75,1015.2,1009.62,6.0,5.52,14.0,0.7,0.4,0.6,1.6,2.5,8.0,3.8,6.0,3.4,14.0,0.7,0.4,0.6,-98.0,-37.5,-12.3,-54.5,6.0,52.8,14.0,0.7,0.4,0.6,-1.2,1.1,53.1,17.8,6.0,29.1,14.0,0.7,0.4,0.6,0.59,1.0,1.0,0.8,3.0,0.35,8.0,0.7,0.6,0.7,3.4,7.7,8.8,6.1,3.0,4.2,8.0,0.7,0.6,0.7,1.76,3.0,3.34,2.56,3.0,1.22,8.0,0.7,0.6,0.7,10.8,10.9,21.8,16.2,3.0,9.3,8.0,0.7,0.6,0.7,-236.8,-146.3,-78.6,-155.1,6.0,95.3,14.0,0.7,0.4,0.6,-7.5,7.9,125.7,48.2,6.0,90.1,14.0,0.7,0.4,0.6,-170.3,-103.2,-54.6,-106.3,6.0,62.0,14.0,0.7,0.4,0.6,-5.4,5.5,78.3,31.5,6.0,61.5,14.0,0.7,0.4,0.6,-21.8,-10.9,-10.7,-16.2,3.0,9.3,8.0,0.7,0.6,0.7,0.0,0.0,1.3,0.6,3.0,1.1,8.0,0.7,0.6,0.7,64.5,456.5,1022.5,615.5,6.0,672.0,14.0,0.7,0.4,0.6,65.0,455.0,1025.0,615.0,6.0,670.0,14.0,0.7,0.4,0.6
1974,2,175.0,-27.0,25.87,26.65,27.43,26.65,2.0,1.63,14.0,0.5,0.3,0.8,25.0,25.5,26.05,25.53,4.0,0.61,16.0,0.5,0.3,0.7,18.78,19.26,19.86,19.32,4.0,0.63,16.0,0.5,0.3,0.7,94.2,94.2,94.5,94.3,4.0,0.3,16.0,0.5,0.7,5.36,6.95,7.7,6.55,4.0,1.48,16.0,0.5,0.3,0.7,-6.75,-4.9,-3.28,-5.01,4.0,2.16,16.0,0.5,0.3,0.7,-0.57,1.73,4.8,2.1,4.0,3.93,16.0,0.5,0.3,0.7,1003.73,1009.1,1015.0,1009.35,4.0,6.52,16.0,0.5,0.3,0.7,1.5,3.0,6.1,3.8,4.0,3.1,16.0,0.5,0.3,0.7,-47.8,-28.2,-19.3,-33.3,4.0,18.5,16.0,0.5,0.3,0.7,-0.6,11.7,35.4,17.1,4.0,27.8,16.0,0.5,0.3,0.7,-0.15,0.6,1.35,0.6,2.0,1.56,14.0,0.5,0.3,0.8,-0.3,4.1,8.5,4.1,2.0,9.1,14.0,0.5,0.3,0.8,1.04,1.98,2.93,1.98,2.0,1.95,14.0,0.5,0.3,0.8,5.6,11.8,18.0,11.8,2.0,12.8,14.0,0.5,0.3,0.8,-171.7,-127.8,-83.8,-127.8,4.0,54.3,16.0,0.5,0.3,0.7,-15.4,44.4,121.1,52.5,4.0,99.1,16.0,0.5,0.3,0.7,-130.1,-97.5,-63.3,-96.8,4.0,41.0,16.0,0.5,0.3,0.7,-11.8,33.8,91.4,39.5,4.0,74.6,16.0,0.5,0.3,0.7,-16.9,-11.0,-5.1,-11.0,2.0,12.2,14.0,0.5,0.3,0.8,0.0,2.9,5.8,2.9,2.0,6.0,14.0,0.5,0.3,0.8,164.5,347.5,456.5,312.0,4.0,176.5,16.0,0.5,0.3,0.7,165.0,345.0,455.0,310.0,4.0,175.0,16.0,0.5,0.3,0.7
1974,2,175.0,-26.0,26.58,26.75,26.92,26.75,2.0,0.35,14.0,1.0,0.5,0.9,25.48,26.0,26.58,26.03,4.0,0.86,16.0,0.8,0.6,0.7,18.25,18.66,19.35,18.79,4.0,0.78,16.0,0.8,0.6,0.7,84.0,91.5,94.2,89.2,4.0,6.8,16.0,0.8,0.7,4.34,4.6,6.22,5.25,4.0,1.65,16.0,0.8,0.6,0.7,-4.33,-3.53,-2.11,-3.23,4.0,1.43,16.0,0.8,0.6,0.7,-1.85,0.4,4.35,1.21,4.0,4.64,16.0,0.8,0.6,0.7,1003.89,1006.55,1013.25,1008.48,4.0,6.28,16.0,0.8,0.6,0.7,2.6,4.0,4.7,3.7,3.0,1.5,14.0,0.7,0.6,0.9,-18.9,-15.2,-11.9,-15.4,4.0,4.5,16.0,0.8,0.6,0.7,-8.5,1.8,32.3,11.5,4.0,32.5,16.0,0.8,0.6,0.7,1.08,1.25,1.42,1.25,2.0,0.35,14.0,1.0,0.5,0.9,5.0,5.8,6.5,5.8,2.0,1.6,14.0,1.0,0.5,0.9,2.62,2.8,2.98,2.8,2.0,0.37,14.0,1.0,0.5,0.9,12.0,12.9,13.7,12.9,2.0,1.7,14.0,1.0,0.5,0.9,-110.1,-91.7,-55.6,-83.2,4.0,35.1,16.0,0.8,0.6,0.7,-48.0,10.0,117.2,33.5,4.0,124.6,16.0,0.8,0.6,0.7,-80.8,-67.4,-40.6,-61.0,4.0,26.9,16.0,0.8,0.6,0.7,-36.7,7.5,78.6,20.4,4.0,85.8,16.0,0.8,0.6,0.7,-12.8,-10.7,-8.5,-10.7,2.0,4.5,14.0,1.0,0.5,0.9,-7.1,-3.2,0.6,-3.2,2.0,8.0,14.0,1.0,0.5,0.9,82.5,97.5,285.5,180.0,4.0,185.0,16.0,0.8,0.6,0.7,80.0,95.0,285.0,180.0,4.0,185.0,16.0,0.8,0.6,0.7
1974,2,175.0,-25.0,23.95,26.2,28.24,26.1,4.0,2.64,20.0,0.8,0.8,0.7,23.93,26.0,27.06,25.62,5.0,1.66,18.0,0.6,0.7,0.7,14.45,18.17,20.37,17.62,5.0,3.17,18.0,0.6,0.7,0.7,78.2,82.1,92.9,84.8,5.0,7.9,18.0,0.6,0.7,6.52,9.3,9.85,8.46,5.0,1.94,18.0,0.6,0.7,0.7,-8.89,-6.3,-3.94,-6.08,5.0,3.66,18.0,0.6,0.7,0.7,-1.16,1.61,5.4,2.31,5.0,5.2,18.0,0.6,0.7,0.7,1004.83,1006.5,1013.9,1008.96,5.0,5.91,18.0,0.6,0.7,0.7,1.6,3.0,4.7,3.2,5.0,1.9,18.0,0.6,0.7,0.7,-82.7,-42.2,-24.4,-49.4,5.0,35.0,18.0,0.6,0.7,0.7,-10.8,15.0,52.3,23.5,5.0,55.2,18.0,0.6,0.7,0.7,-0.24,0.9,1.36,0.58,4.0,1.11,20.0,0.8,0.8,0.7,-2.2,7.8,11.6,4.8,4.0,9.9,20.0,0.8,0.8,0.7,3.65,4.41,5.05,4.35,4.0,0.87,20.0,0.8,0.8,0.7,28.7,37.8,51.1,39.8,4.0,13.7,20.0,0.8,0.8,0.7,-222.8,-173.1,-102.3,-157.9,5.0,94.2,18.0,0.6,0.7,0.7,-27.9,43.3,133.9,57.4,5.0,123.8,18.0,0.6,0.7,0.7,-146.1,-123.4,-77.9,-109.4,5.0,63.7,18.0,0.6,0.7,0.7,-16.4,29.3,88.8,38.3,5.0,75.7,18.0,0.6,0.7,0.7,-36.9,-27.1,-12.0,-24.6,4.0,18.3,20.0,0.8,0.8,0.7,-1.8,8.5,34.2,15.8,4.0,28.8,20.0,0.8,0.8,0.7,278.0,804.5,970.5,681.5,5.0,420.0,18.0,0.6,0.7,0.7,280.0,805.0,970.0,680.0,5.0,420.0,18.0,0.6,0.7,0.7
1974,2,175.0,-24.0,28.0,28.0,28.0,28.0,1.0,0.0,18.0,1.0,0.6,0.9,26.0,26.0,26.0,26.0,1.0,0.0,18.0,1.0,0.6,0.9,19.84,19.84,19.84,19.84,1.0,0.0,18.0,1.0,0.6,0.9,94.2,94.2,94.2,94.2,1.0,0.0,18.0,1.0,0.9,6.7,6.7,6.7,6.7,1.0,0.0,18.0,1.0,0.6,0.9,-6.7,-6.7,-6.7,-6.7,1.0,0.0,18.0,1.0,0.6,0.9,0.0,0.0,0.0,0.0,1.0,0.0,18.0,1.0,0.6,0.9,1009.6,1009.6,1009.6,1009.6,1.0,0.0,18.0,1.0,0.6,0.9,8.0,8.0,8.0,8.0,1.0,0.0,18.0,1.0,0.6,0.9,-44.9,-44.9,-44.9,-44.9,1.0,0.0,18.0,1.0,0.6,0.9,0.0,0.0,0.0,0.0,1.0,0.0,18.0,1.0,0.6,0.9,2.0,2.0,2.0,2.0,1.0,0.0,18.0,1.0,0.6,0.9,13.4,13.4,13.4,13.4,1.0,0.0,18.0,1.0,0.6,0.9,3.9,3.9,3.9,3.9,1.0,0.0,18.0,1.0,0.6,0.9,26.1,26.1,26.1,26.1,1.0,0.0,18.0,1.0,0.6,0.9,-174.2,-174.2,-174.2,-174.2,1.0,0.0,18.0,1.0,0.6,0.9,0.0,0.0,0.0,0.0,1.0,0.0,18.0,1.0,0.6,0.9,-132.9,-132.9,-132.9,-132.9,1.0,0.0,18.0,1.0,0.6,0.9,0.0,0.0,0.0,0.0,1.0,0.0,18.0,1.0,0.6,0.9,-26.1,-26.1,-26.1,-26.1,1.0,0.0,18.0,1.0,0.6,0.9,0.0,0.0,0.0,0.0,1.0,0.0,18.0,1.0,0.6,0.9,301.0,301.0,301.0,301.0,1.0,0.0,18.0,1.0,0.6,0.9,300.0,300.0,300.0,300.0,1.0,0.0,18.0,1.0,0.6,0.9
1974,2,175.0,-23.0,29.0,29.0,29.0,29.0,1.0,0.0,16.0,1.0,0.4,1.0,27.2,27.2,27.2,27.2,1.0,0.0,16.0,1.0,0.4,1.0,18.98,18.98,18.98,18.98,1.0,0.0,16.0,1.0,0.4,1.0,84.2,84.2,84.2,84.2,1.0,0.0,16.0,1.0,1.0,8.2,8.2,8.2,8.2,1.0,0.0,16.0,1.0,0.4,1.0,-7.71,-7.71,-7.71,-7.71,1.0,0.0,16.0,1.0,0.4,1.0,-2.8,-2.8,-2.8,-2.8,1.0,0.0,16.0,1.0,0.4,1.0,1011.8,1011.8,1011.8,1011.8,1.0,0.0,16.0,1.0,0.4,1.0,3.0,3.0,3.0,3.0,1.0,0.0,16.0,1.0,0.4,1.0,-63.2,-63.2,-63.2,-63.2,1.0,0.0,16.0,1.0,0.4,1.0,-23.0,-23.0,-23.0,-23.0,1.0,0.0,16.0,1.0,0.4,1.0,1.8,1.8,1.8,1.8,1.0,0.0,16.0,1.0,0.4,1.0,14.8,14.8,14.8,14.8,1.0,0.0,16.0,1.0,0.4,1.0,6.16,6.16,6.16,6.16,1.0,0.0,16.0,1.0,0.4,1.0,50.5,50.5,50.5,50.5,1.0,0.0,16.0,1.0,0.4,1.0,-209.6,-209.6,-209.6,-209.6,1.0,0.0,16.0,1.0,0.4,1.0,-76.3,-76.3,-76.3,-76.3,1.0,0.0,16.0,1.0,0.4,1.0,-146.2,-146.2,-146.2,-146.2,1.0,0.0,16.0,1.0,0.4,1.0,-53.2,-53.2,-53.2,-53.2,1.0,0.0,16.0,1.0,0.4,1.0,-47.4,-47.4,-47.4,-47.4,1.0,0.0,16.0,1.0,0.4,1.0,-17.3,-17.3,-17.3,-17.3,1.0,0.0,16.0,1.0,0.4,1.0,551.5,551.5,551.5,551.5,1.0,0.0,16.0,1.0,0.4,1.0,550.0,550.0,550.0,550.0,1.0,0.0,16.0,1.0,0.4,1.0
1974,2,175.0,-22.0,28.0,28.0,28.0,28.0,1.0,0.0,6.0,1.0,0.8,0.5,28.92,28.95,28.98,28.95,2.0,0.07,16.0,1.0,0.8,0.7,17.81,18.51,19.22,18.51,2.0,1.46,16.0,1.0,0.8,0.7,70.9,73.6,76.4,73.6,2.0,5.6,16.0,1.0,0.7,4.26,4.6,5.69,4.97,3.0,1.1,18.0,1.0,0.5,0.7,-4.54,-4.1,-2.87,-3.72,3.0,1.27,18.0,1.0,0.5,0.7,1.26,3.98,3.98,2.66,3.0,2.3,18.0,1.0,0.5,0.7,1001.98,1005.6,1007.65,1004.83,3.0,4.2,18.0,1.0,0.5,0.7,2.3,5.0,5.7,4.0,3.0,2.6,18.0,1.0,0.5,0.7,-25.4,-16.8,-12.6,-18.9,3.0,9.6,18.0,1.0,0.5,0.7,5.8,18.3,22.7,14.3,3.0,12.8,18.0,1.0,0.5,0.7,-1.0,-1.0,-1.0,-1.0,1.0,0.0,6.0,1.0,0.8,0.5,-4.1,-4.1,-4.1,-4.1,1.0,0.0,6.0,1.0,0.8,0.5,6.29,6.29,6.29,6.29,1.0,0.0,6.0,1.0,0.8,0.5,25.8,25.8,25.8,25.8,1.0,0.0,6.0,1.0,0.8,0.5,-110.6,-92.7,-74.8,-92.7,2.0,37.1,16.0,1.0,0.8,0.7,18.3,57.6,96.9,57.6,2.0,81.4,16.0,1.0,0.8,0.7,-67.4,-58.3,-49.2,-58.3,2.0,18.9,16.0,1.0,0.8,0.7,12.4,38.9,65.5,38.9,2.0,55.1,16.0,1.0,0.8,0.7,-25.8,-25.8,-25.8,-25.8,1.0,0.0,6.0,1.0,0.8,0.5,0.0,0.0,0.0,0.0,1.0,0.0,6.0,1.0,0.8,0.5,78.0,97.5,193.5,135.0,3.0,90.5,18.0,1.0,0.5,0.7,80.0,95.0,195.0,135.0,3.0,90.0,18.0,1.0,0.5,0.7
1974,2,175.0,-21.0,27.0,28.0,28.2,27.73,6.0,0.59,14.0,0.5,0.5,0.6,26.1,27.5,28.01,27.08,4.0,1.44,16.0,0.5,0.6,0.5,15.44,17.02,18.37,16.91,4.0,2.18,16.0,0.5,0.6,0.5,71.4,72.0,78.9,75.0,4.0,6.5,16.0,0.5,0.5,6.7,6.7,7.38,7.0,5.0,0.45,14.0,0.6,0.5,0.5,-6.9,-6.6,-5.07,-6.07,5.0,1.17,14.0,0.6,0.5,0.5,-1.87,1.16,3.36,0.66,5.0,3.67,14.0,0.6,0.5,0.5,1003.95,1008.0,1010.22,1006.88,5.0,4.66,14.0,0.6,0.5,0.5,3.0,4.0,7.4,5.0,5.0,2.3,14.0,0.6,0.5,0.5,-48.8,-44.2,-35.7,-42.7,5.0,9.7,14.0,0.6,0.5,0.5,-12.6,7.8,25.0,5.4,5.0,25.6,14.0,0.6,0.5,0.5,-0.51,-0.2,1.42,0.43,4.0,1.6,16.0,0.5,0.6,0.5,-3.5,-1.4,11.0,3.5,4.0,12.1,16.0,0.5,0.6,0.5,4.3,6.23,8.16,6.23,4.0,2.57,16.0,0.5,0.6,0.5,29.6,41.7,59.6,44.5,4.0,20.6,16.0,0.5,0.6,0.5,-186.2,-183.2,-165.0,-175.9,4.0,17.1,16.0,0.5,0.6,0.5,15.7,49.4,97.5,56.3,4.0,53.9,16.0,0.5,0.6,0.5,-113.2,-110.2,-104.7,-109.0,4.0,5.3,16.0,0.5,0.6,0.5,9.5,28.6,64.9,36.8,4.0,38.6,16.0,0.5,0.6,0.5,-57.0,-41.4,-26.9,-41.9,4.0,20.7,16.0,0.5,0.6,0.5,3.8,11.3,19.8,11.8,4.0,10.4,16.0,0.5,0.6,0.5,301.0,301.0,403.5,346.5,5.0,69.0,14.0,0.6,0.5,0.5,300.0,300.0,405.0,345.0,5.0,70.0,14.0,0.6,0.5,0.5
1974,2,175.0,-20.0,27.99,28.4,28.74,28.37,3.0,0.55,20.0,0.3,0.7,0.8,26.63,27.2,27.67,27.15,4.0,0.74,22.0,0.3,0.6,0.7,18.16,18.55,20.04,19.08,4.0,1.47,22.0,0.3,0.6,0.7,79.3,82.9,89.5,84.3,4.0,6.4,22.0,0.3,0.7,6.41,10.3,10.64,8.57,3.0,3.44,20.0,0.0,0.6,0.5,-4.71,2.96,6.32,0.86,3.0,8.28,20.0,0.0,0.6,0.5,-5.64,-3.52,3.62,-1.07,3.0,7.11,20.0,0.0,0.6,0.5,1003.44,1005.65,1007.39,1005.43,4.0,2.56,22.0,0.3,0.6,0.7,3.4,6.0,7.5,5.5,4.0,2.6,22.0,0.3,0.6,0.7,-56.7,13.6,59.8,1.8,3.0,85.9,20.0,0.0,0.6,0.5,-51.7,-16.2,46.0,-3.1,3.0,72.5,20.0,0.0,0.6,0.5,1.4,1.6,1.6,1.5,3.0,0.17,20.0,0.3,0.7,0.8,8.9,12.3,15.7,12.3,2.0,7.0,16.0,0.0,0.6,0.8,4.36,5.13,6.03,5.19,3.0,1.23,20.0,0.3,0.7,0.8,26.7,33.4,40.1,33.4,2.0,13.8,16.0,0.0,0.6,0.8,-129.6,77.5,175.4,24.2,3.0,228.1,20.0,0.0,0.6,0.5,-155.8,-92.3,100.1,-29.4,3.0,195.2,20.0,0.0,0.6,0.5,-102.7,54.3,118.1,8.8,3.0,166.5,20.0,0.0,0.6,0.5,-105.2,-64.7,80.1,-13.8,3.0,142.7,20.0,0.0,0.6,0.5,-25.4,-8.9,7.5,-8.9,2.0,34.1,16.0,0.0,0.6,0.8,-10.8,4.8,20.5,4.8,2.0,32.4,16.0,0.0,0.6,0.8,413.5,1092.5,1206.5,816.5,3.0,628.5,20.0,0.0,0.6,0.5,415.0,1095.0,1205.0,815.0,3.0,630.0,20.0,0.0,0.6,0.5
1974,2,175.0,-19.0,28.5,28.5,28.5,28.5,1.0,0.0,12.0,1.0,0.8,0.7,29.0,29.0,29.0,29.0,1.0,0.0,12.0,1.0,0.8,0.7,18.65,18.65,18.65,18.65,1.0,0.0,12.0,1.0,0.8,0.7,74.4,74.4,74.4,74.4,1.0,0.0,12.0,1.0,0.7,7.7,7.7,7.7,7.7,1.0,0.0,12.0,1.0,0.8,0.7,-5.9,-5.9,-5.9,-5.9,1.0,0.0,12.0,1.0,0.8,0.7,4.95,4.95,4.95,4.95,1.0,0.0,12.0,1.0,0.8,0.7,1011.2,1011.2,1011.2,1011.2,1.0,0.0,12.0,1.0,0.8,0.7,2.0,2.0,2.0,2.0,1.0,0.0,12.0,1.0,0.8,0.7,-45.4,-45.4,-45.4,-45.4,1.0,0.0,12.0,1.0,0.8,0.7,38.1,38.1,38.1,38.1,1.0,0.0,12.0,1.0,0.8,0.7,-0.5,-0.5,-0.5,-0.5,1.0,0.0,12.0,1.0,0.8,0.7,-3.8,-3.8,-3.8,-3.8,1.0,0.0,12.0,1.0,0.8,0.7,5.77,5.77,5.77,5.77,1.0,0.0,12.0,1.0,0.8,0.7,44.4,44.4,44.4,44.4,1.0,0.0,12.0,1.0,0.8,0.7,-171.1,-171.1,-171.1,-171.1,1.0,0.0,12.0,1.0,0.8,0.7,143.5,143.5,143.5,143.5,1.0,0.0,12.0,1.0,0.8,0.7,-110.0,-110.0,-110.0,-110.0,1.0,0.0,12.0,1.0,0.8,0.7,92.3,92.3,92.3,92.3,1.0,0.0,12.0,1.0,0.8,0.7,-34.0,-34.0,-34.0,-34.0,1.0,0.0,12.0,1.0,0.8,0.7,28.6,28.6,28.6,28.6,1.0,0.0,12.0,1.0,0.8,0.7,456.5,456.5,456.5,456.5,1.0,0.0,12.0,1.0,0.8,0.7,455.0,455.0,455.0,455.0,1.0,0.0,12.0,1.0,0.8,0.7
1974,2,175.0,-18.0,,,,,,,,,,,,,,,,,,,,,,,,,,,,,,,,,,,,,,,,5.1,5.1,5.1,5.1,2.0,0.0,16.0,0.5,0.3,0.9,-2.62,-1.2,0.22,-1.2,2.0,2.94,16.0,0.5,0.3,0.9,4.08,4.46,4.85,4.46,2.0,0.79,16.0,0.5,0.3,0.9,1007.31,1007.75,1008.19,1007.75,2.0,0.92,16.0,0.5,0.3,0.9,,,,,,,,,,,,,,,,,,,,,,,,,,,,,,,,,,,,,,,,,,,,,,,,,,,,,,,,,,,,,,,,,,,,,,,,,,,,,,,,,,,,,,,,,,,,,,,,,,,,,,,,,,,,,,,,,,,,,,,,,,,,,,,,,,,,,,,,,,,,,,,,,,,,,,
1974,2,175.0,-16.0,,,,,,,,,,,,,,,,,,,,,,,,,,,,,,,,,,,,,,,,2.6,2.6,2.6,2.6,1.0,0.0,16.0,1.0,0.0,0.5,-1.99,-1.99,-1.99,-1.99,1.0,0.0,16.0,1.0,0.0,0.5,1.67,1.67,1.67,1.67,1.0,0.0,16.0,1.0,0.0,0.5,1004.1,1004.1,1004.1,1004.1,1.0,0.0,16.0,1.0,0.0,0.5,2.0,2.0,2.0,2.0,1.0,0.0,16.0,1.0,0.0,0.5,-5.2,-5.2,-5.2,-5.2,1.0,0.0,16.0,1.0,0.0,0.5,4.3,4.3,4.3,4.3,1.0,0.0,16.0,1.0,0.0,0.5,,,,,,,,,,,,,,,,,,,,,,,,,,,,,,,,,,,,,,,,,-57.0,-57.0,-57.0,-57.0,1.0,0.0,16.0,1.0,0.0,0.5,47.8,47.8,47.8,47.8,1.0,0.0,16.0,1.0,0.0,0.5,-36.7,-36.7,-36.7,-36.7,1.0,0.0,16.0,1.0,0.0,0.5,30.8,30.8,30.8,30.8,1.0,0.0,16.0,1.0,0.0,0.5,,,,,,,,,,,,,,,,,,,,,,,,,,,,,,,,,,,,,,,,
1974,2,175.0,-14.0,28.2,28.2,28.2,28.2,1.0,0.0,28.0,1.0,0.4,0.3,29.0,29.0,29.0,29.0,1.0,0.0,28.0,1.0,0.4,0.3,17.96,17.96,17.96,17.96,1.0,0.0,28.0,1.0,0.4,0.3,71.4,71.4,71.4,71.4,1.0,0.0,28.0,1.0,0.3,7.7,7.7,7.7,7.7,1.0,0.0,28.0,1.0,0.4,0.3,1.34,1.34,1.34,1.34,1.0,0.0,28.0,1.0,0.4,0.3,-7.58,-7.58,-7.58,-7.58,1.0,0.0,28.0,1.0,0.4,0.3,1005.9,1005.9,1005.9,1005.9,1.0,0.0,28.0,1.0,0.4,0.3,3.0,3.0,3.0,3.0,1.0,0.0,28.0,1.0,0.4,0.3,10.3,10.3,10.3,10.3,1.0,0.0,28.0,1.0,0.4,0.3,-58.4,-58.4,-58.4,-58.4,1.0,0.0,28.0,1.0,0.4,0.3,-0.8,-0.8,-0.8,-0.8,1.0,0.0,28.0,1.0,0.4,0.3,-6.2,-6.2,-6.2,-6.2,1.0,0.0,28.0,1.0,0.4,0.3,6.15,6.15,6.15,6.15,1.0,0.0,28.0,1.0,0.4,0.3,47.4,47.4,47.4,47.4,1.0,0.0,28.0,1.0,0.4,0.3,38.8,38.8,38.8,38.8,1.0,0.0,28.0,1.0,0.4,0.3,-219.9,-219.9,-219.9,-219.9,1.0,0.0,28.0,1.0,0.4,0.3,24.0,24.0,24.0,24.0,1.0,0.0,28.0,1.0,0.4,0.3,-136.2,-136.2,-136.2,-136.2,1.0,0.0,28.0,1.0,0.4,0.3,8.2,8.2,8.2,8.2,1.0,0.0,28.0,1.0,0.4,0.3,-46.7,-46.7,-46.7,-46.7,1.0,0.0,28.0,1.0,0.4,0.3,456.5,456.5,456.5,456.5,1.0,0.0,28.0,1.0,0.4,0.3,455.0,455.0,455.0,455.0,1.0,0.0,28.0,1.0,0.4,0.3
1974,2,175.0,2.0,,,,,,,,,,,,,,,,,,,,,,,,,,,,,,,,,,,,,,,,4.6,4.6,4.6,4.6,1.0,0.0,10.0,0.0,0.0,0.9,-4.6,-4.6,-4.6,-4.6,1.0,0.0,10.0,0.0,0.0,0.9,0.0,0.0,0.0,0.0,1.0,0.0,10.0,0.0,0.0,0.9,1005.0,1005.0,1005.0,1005.0,1.0,0.0,10.0,0.0,0.0,0.9,,,,,,,,,,,,,,,,,,,,,,,,,,,,,,,,,,,,,,,,,,,,,,,,,,,,,,,,,,,,,,,,,,,,,,,,,,,,,,,,,,,,,,,,,,,,,,,,,,,,,,,,,,,,,,,,,,,,,,,,,,,,,,,,,,,,,,,,,,,,,,,,,,,,,,
1974,2,175.0,3.0,26.95,27.5,28.05,27.5,2.0,1.13,10.0,0.5,0.5,0.4,25.74,26.25,26.76,26.25,2.0,1.06,10.0,0.5,0.5,0.4,18.73,18.79,18.85,18.79,2.0,0.12,10.0,0.5,0.5,0.4,85.0,87.8,90.7,87.8,2.0,5.9,10.0,0.5,0.4,4.6,4.6,4.6,4.6,2.0,0.0,10.0,0.5,0.5,0.4,-4.53,-4.53,-4.53,-4.53,2.0,0.0,10.0,0.5,0.5,0.4,-0.55,0.0,0.55,0.0,2.0,1.13,10.0,0.5,0.5,0.4,1005.56,1006.55,1007.54,1006.55,2.0,2.05,10.0,0.5,0.5,0.4,6.3,7.0,7.7,7.0,2.0,1.4,10.0,0.5,0.5,0.4,-20.8,-20.8,-20.8,-20.8,2.0,0.0,10.0,0.5,0.5,0.4,-2.5,0.0,2.5,0.0,2.0,5.2,10.0,0.5,0.5,0.4,1.22,1.25,1.28,1.25,2.0,0.07,10.0,0.5,0.5,0.4,5.6,5.8,5.9,5.8,2.0,0.3,10.0,0.5,0.5,0.4,3.57,4.35,5.14,4.35,2.0,1.63,10.0,0.5,0.5,0.4,16.4,20.0,23.6,20.0,2.0,7.5,10.0,0.5,0.5,0.4,-121.2,-118.9,-116.6,-118.9,2.0,4.8,10.0,0.5,0.5,0.4,-14.9,-0.6,13.7,-0.6,2.0,29.7,10.0,0.5,0.5,0.4,-85.4,-85.1,-84.9,-85.1,2.0,0.5,10.0,0.5,0.5,0.4,-10.2,0.1,10.3,0.1,2.0,21.2,10.0,0.5,0.5,0.4,-23.3,-19.7,-16.2,-19.7,2.0,7.4,10.0,0.5,0.5,0.4,-3.3,-0.9,1.5,-0.9,2.0,4.9,10.0,0.5,0.5,0.4,97.5,97.5,97.5,97.5,2.0,0.0,10.0,0.5,0.5,0.4,95.0,95.0,95.0,95.0,2.0,0.0,10.0,0.5,0.5,0.4
1974,2,175.0,4.0,28.3,28.3,28.3,28.3,1.0,0.0,8.0,0.0,0.5,0.5,25.6,25.6,25.6,25.6,1.0,0.0,8.0,0.0,0.5,0.5,16.19,16.19,16.19,16.19,1.0,0.0,8.0,0.0,0.5,0.5,78.6,78.6,78.6,78.6,1.0,0.0,8.0,0.0,0.5,8.2,8.2,8.2,8.2,1.0,0.0,8.0,0.0,0.5,0.5,-7.1,-7.1,-7.1,-7.1,1.0,0.0,8.0,0.0,0.5,0.5,4.1,4.1,4.1,4.1,1.0,0.0,8.0,0.0,0.5,0.5,1005.1,1005.1,1005.1,1005.1,1.0,0.0,8.0,0.0,0.5,0.5,7.0,7.0,7.0,7.0,1.0,0.0,8.0,0.0,0.5,0.5,-58.2,-58.2,-58.2,-58.2,1.0,0.0,8.0,0.0,0.5,0.5,33.6,33.6,33.6,33.6,1.0,0.0,8.0,0.0,0.5,0.5,2.7,2.7,2.7,2.7,1.0,0.0,8.0,0.0,0.5,0.5,22.1,22.1,22.1,22.1,1.0,0.0,8.0,0.0,0.5,0.5,8.09,8.09,8.09,8.09,1.0,0.0,8.0,0.0,0.5,0.5,66.3,66.3,66.3,66.3,1.0,0.0,8.0,0.0,0.5,0.5,-181.8,-181.8,-181.8,-181.8,1.0,0.0,8.0,0.0,0.5,0.5,105.0,105.0,105.0,105.0,1.0,0.0,8.0,0.0,0.5,0.5,-115.0,-115.0,-115.0,-115.0,1.0,0.0,8.0,0.0,0.5,0.5,66.4,66.4,66.4,66.4,1.0,0.0,8.0,0.0,0.5,0.5,-57.4,-57.4,-57.4,-57.4,1.0,0.0,8.0,0.0,0.5,0.5,33.2,33.2,33.2,33.2,1.0,0.0,8.0,0.0,0.5,0.5,551.5,551.5,551.5,551.5,1.0,0.0,8.0,0.0,0.5,0.5,550.0,550.0,550.0,550.0,1.0,0.0,8.0,0.0,0.5,0.5
1974,2,175.0,12.0,25.75,26.3,27.46,26.6,3.0,1.28,12.0,0.7,0.6,0.1,25.86,26.2,27.09,26.47,3.0,0.93,12.0,0.7,0.6,0.1,16.28,16.89,18.09,17.18,3.0,1.35,12.0,0.7,0.6,0.1,77.2,81.2,81.8,79.5,3.0,3.6,12.0,0.7,0.1,8.01,9.75,11.49,9.75,2.0,3.61,16.0,0.5,0.7,0.1,-11.18,-9.17,-7.17,-9.17,2.0,4.16,16.0,0.5,0.7,0.1,-3.37,-2.87,-2.37,-2.87,2.0,1.04,16.0,0.5,0.7,0.1,1011.0,1011.0,1012.02,1011.5,3.0,0.87,12.0,0.7,0.6,0.1,1.3,2.0,2.7,2.0,2.0,1.4,16.0,0.5,0.7,0.1,-132.5,-96.9,-61.4,-96.9,2.0,73.6,16.0,0.5,0.7,0.1,-26.2,-26.1,-26.0,-26.1,2.0,0.2,16.0,0.5,0.7,0.1,-0.32,0.5,0.57,0.13,3.0,0.72,12.0,0.7,0.6,0.1,4.6,5.2,5.9,5.2,2.0,1.3,16.0,0.5,0.7,0.1,4.45,4.51,4.89,4.67,3.0,0.35,12.0,0.7,0.6,0.1,37.2,47.4,57.5,47.4,2.0,21.1,16.0,0.5,0.7,0.1,-305.7,-246.7,-187.7,-246.7,2.0,122.2,16.0,0.5,0.7,0.1,-87.2,-75.6,-64.1,-75.6,2.0,23.9,16.0,0.5,0.7,0.1,-206.8,-165.6,-124.4,-165.6,2.0,85.3,16.0,0.5,0.7,0.1,-57.5,-50.3,-43.2,-50.3,2.0,14.8,16.0,0.5,0.7,0.1,-56.0,-44.7,-33.4,-44.7,2.0,23.5,16.0,0.5,0.7,0.1,-15.4,-13.5,-11.7,-13.5,2.0,3.8,16.0,0.5,0.7,0.1,609.5,1117.0,1625.0,1117.0,2.0,1052.0,16.0,0.5,0.7,0.1,610.0,1115.0,1625.0,1115.0,2.0,1050.0,16.0,0.5,0.7,0.1
1974,2,175.0,15.0,26.3,26.3,26.3,26.3,3.0,0.0,14.0,0.0,0.4,0.6,25.83,25.9,26.04,25.93,3.0,0.15,14.0,0.0,0.4,0.6,16.52,17.0,17.14,16.84,3.0,0.47,14.0,0.0,0.4,0.6,78.9,80.6,82.2,80.6,3.0,2.4,14.0,0.0,0.6,7.52,8.2,8.2,7.87,3.0,0.58,14.0,0.0,0.4,0.6,-8.08,-8.08,-7.48,-7.78,3.0,0.51,14.0,0.0,0.4,0.6,0.45,1.42,1.42,0.95,3.0,0.82,14.0,0.0,0.4,0.6,1010.98,1011.8,1011.94,1011.47,3.0,0.76,14.0,0.0,0.4,0.6,2.0,2.0,2.7,2.3,3.0,0.6,14.0,0.0,0.4,0.6,-66.2,-66.2,-56.4,-61.4,3.0,8.3,14.0,0.0,0.4,0.6,3.7,11.7,11.7,7.8,3.0,6.7,14.0,0.0,0.4,0.6,0.26,0.4,0.47,0.37,3.0,0.15,14.0,0.0,0.4,0.6,2.0,2.9,3.7,2.9,3.0,1.2,14.0,0.0,0.4,0.6,4.26,4.41,4.9,4.58,3.0,0.49,14.0,0.0,0.4,0.6,35.0,36.1,36.7,35.8,3.0,1.3,14.0,0.0,0.4,0.6,-210.0,-208.3,-193.4,-201.9,3.0,13.4,14.0,0.0,0.4,0.6,11.7,36.7,37.0,24.6,3.0,21.3,14.0,0.0,0.4,0.6,-138.4,-137.3,-123.7,-131.2,3.0,12.0,14.0,0.0,0.4,0.6,7.7,24.2,24.4,16.2,3.0,14.1,14.0,0.0,0.4,0.6,-36.5,-35.6,-34.4,-35.5,3.0,1.5,14.0,0.0,0.4,0.6,1.9,6.0,6.2,4.1,3.0,3.5,14.0,0.0,0.4,0.6,430.0,551.5,551.5,492.0,3.0,103.0,14.0,0.0,0.4,0.6,430.0,550.0,550.0,490.0,3.0,105.0,14.0,0.0,0.4,0.6
1974,2,175.0,18.0,26.5,26.5,26.57,26.53,3.0,0.06,12.0,0.0,0.3,0.5,24.0,24.2,25.24,24.6,4.0,0.95,8.0,0.3,0.3,0.5,14.87,14.88,15.55,15.2,3.0,0.57,12.0,0.0,0.3,0.5,80.3,80.3,82.4,81.3,3.0,1.8,12.0,0.0,0.5,6.34,11.55,15.4,10.9,4.0,5.3,8.0,0.3,0.3,0.5,-11.8,-9.75,-4.13,-8.04,4.0,5.15,8.0,0.3,0.3,0.5,-9.9,-4.95,2.63,-3.69,4.0,7.45,8.0,0.3,0.3,0.5,1013.96,1014.9,1015.79,1014.88,4.0,1.35,8.0,0.3,0.3,0.5,0.5,2.5,5.0,2.8,4.0,2.8,8.0,0.3,0.3,0.5,-181.7,-120.5,-30.6,-106.8,4.0,89.3,8.0,0.3,0.3,0.5,-152.4,-76.2,13.4,-69.8,4.0,96.0,8.0,0.3,0.3,0.5,2.3,2.5,2.5,2.4,3.0,0.17,12.0,0.0,0.3,0.5,23.8,38.5,38.5,31.3,3.0,12.4,12.0,0.0,0.3,0.5,6.16,6.71,6.71,6.44,3.0,0.47,12.0,0.0,0.3,0.5,63.8,103.3,103.4,84.1,3.0,33.4,12.0,0.0,0.3,0.5,-283.1,-235.5,-101.5,-194.3,4.0,122.7,8.0,0.3,0.3,0.5,-237.6,-118.8,68.4,-86.1,4.0,182.8,8.0,0.3,0.3,0.5,-175.5,-175.3,-139.0,-157.7,3.0,30.8,12.0,0.0,0.3,0.5,-147.2,-147.1,-46.7,-98.1,3.0,85.0,12.0,0.0,0.3,0.5,-79.2,-79.1,-56.1,-67.9,3.0,19.5,12.0,0.0,0.3,0.5,-66.5,-66.4,-21.1,-44.3,3.0,38.4,12.0,0.0,0.3,0.5,287.0,2054.5,3652.5,1973.5,4.0,1943.0,8.0,0.3,0.3,0.5,285.0,2055.0,3650.0,1975.0,4.0,1945.0,8.0,0.3,0.3,0.5
1974,2,175.0,19.0,26.75,26.85,26.95,26.85,2.0,0.21,18.0,0.5,0.5,0.4,24.33,25.05,25.77,25.05,2.0,1.48,18.0,0.5,0.5,0.4,15.19,15.64,16.1,15.64,2.0,0.94,18.0,0.5,0.5,0.4,73.9,79.7,85.4,79.7,2.0,11.9,18.0,0.5,0.4,1.91,2.8,3.69,2.8,2.0,1.84,18.0,0.5,0.5,0.4,-3.58,-2.59,-1.61,-2.59,2.0,2.04,18.0,0.5,0.5,0.4,-0.45,0.13,0.7,0.13,2.0,1.19,18.0,0.5,0.5,0.4,1015.15,1015.7,1016.25,1015.7,2.0,1.13,18.0,0.5,0.5,0.4,0.5,1.5,2.5,1.5,2.0,2.1,18.0,0.5,0.5,0.4,-14.2,-9.1,-4.1,-9.1,2.0,10.5,18.0,0.5,0.5,0.4,-2.2,-0.7,0.8,-0.7,2.0,3.1,18.0,0.5,0.5,0.4,0.98,1.8,2.62,1.8,2.0,1.7,18.0,0.5,0.5,0.4,2.7,6.6,10.5,6.6,2.0,8.1,18.0,0.5,0.5,0.4,6.07,6.4,6.73,6.4,2.0,0.69,18.0,0.5,0.5,0.4,12.5,17.3,22.0,17.3,2.0,9.8,18.0,0.5,0.5,0.4,-86.3,-63.4,-40.6,-63.4,2.0,47.3,18.0,0.5,0.5,0.4,-10.4,4.0,18.5,4.0,2.0,29.9,18.0,0.5,0.5,0.4,-58.1,-41.5,-24.9,-41.5,2.0,34.4,18.0,0.5,0.5,0.4,-7.5,1.4,10.3,1.4,2.0,18.4,18.0,0.5,0.5,0.4,-21.3,-15.9,-10.4,-15.9,2.0,11.3,18.0,0.5,0.5,0.4,-2.5,1.2,4.9,1.2,2.0,7.7,18.0,0.5,0.5,0.4,14.0,36.0,58.5,36.0,2.0,46.5,18.0,0.5,0.5,0.4,15.0,35.0,60.0,35.0,2.0,45.0,18.0,0.5,0.5,0.4
1974,2,175.0,20.0,25.24,26.1,27.8,26.5,4.0,1.69,16.0,0.8,0.3,0.5,25.29,25.7,26.27,25.78,4.0,0.7,16.0,0.8,0.3,0.5,15.53,15.71,16.83,16.16,4.0,1.14,16.0,0.8,0.3,0.5,73.3,76.9,83.5,78.3,4.0,6.6,16.0,0.8,0.5,1.52,3.1,5.72,3.6,4.0,2.72,16.0,0.8,0.3,0.5,-5.55,-2.42,-0.66,-3.07,4.0,3.08,16.0,0.8,0.3,0.5,-0.82,0.54,1.68,0.44,4.0,1.54,16.0,0.8,0.3,0.5,1011.68,1012.6,1014.89,1013.25,4.0,2.35,16.0,0.8,0.3,0.5,2.0,4.5,7.0,4.5,4.0,3.1,16.0,0.8,0.3,0.5,-34.3,-8.4,-0.9,-17.1,4.0,23.7,16.0,0.8,0.3,0.5,-3.1,2.1,6.8,1.9,4.0,6.3,16.0,0.8,0.3,0.5,-0.46,-0.15,1.99,0.73,4.0,2.06,16.0,0.8,0.3,0.5,-1.6,-0.3,2.0,0.2,4.0,2.6,16.0,0.8,0.3,0.5,3.4,5.55,7.7,5.55,4.0,2.98,16.0,0.8,0.3,0.5,8.5,9.8,28.0,17.9,4.0,17.4,16.0,0.8,0.3,0.5,-146.1,-61.6,-16.7,-80.5,4.0,82.4,16.0,0.8,0.3,0.5,-20.9,14.5,43.8,11.6,4.0,39.7,16.0,0.8,0.3,0.5,-91.1,-42.1,-10.3,-50.3,4.0,49.3,16.0,0.8,0.3,0.5,-14.4,8.5,26.0,5.9,4.0,25.1,16.0,0.8,0.3,0.5,-27.0,-8.2,-4.5,-15.4,4.0,18.9,16.0,0.8,0.3,0.5,-2.2,3.0,9.1,3.4,4.0,6.5,16.0,0.8,0.3,0.5,5.0,39.0,228.5,113.0,4.0,176.0,16.0,0.8,0.3,0.5,5.0,40.0,230.0,115.0,4.0,175.0,16.0,0.8,0.3,0.5
1974,2,175.0,21.0,22.52,23.65,24.78,23.65,2.0,2.33,8.0,0.5,0.6,0.5,24.59,25.65,26.71,25.65,2.0,2.19,8.0,0.5,0.6,0.5,14.69,15.04,15.38,15.04,2.0,0.72,8.0,0.5,0.6,0.5,67.7,74.1,80.4,74.1,2.0,13.1,8.0,0.5,0.5,2.1,2.1,4.15,3.1,3.0,1.73,10.0,0.7,0.7,0.6,-4.11,-1.97,-1.72,-2.89,3.0,1.92,10.0,0.7,0.7,0.6,-1.15,-0.72,-0.23,-0.69,3.0,0.68,10.0,0.7,0.7,0.6,1014.07,1014.45,1014.83,1014.45,2.0,0.78,8.0,0.5,0.6,0.5,3.0,3.0,3.0,3.0,3.0,0.0,10.0,0.7,0.7,0.6,-19.1,-4.1,-3.6,-11.2,3.0,12.9,10.0,0.7,0.7,0.6,-2.4,-1.5,-0.5,-1.4,3.0,1.4,10.0,0.7,0.7,0.6,-2.07,-2.0,-1.93,-2.0,2.0,0.14,8.0,0.5,0.6,0.5,-9.6,-7.3,-5.1,-7.3,2.0,4.8,8.0,0.5,0.6,0.5,1.64,3.24,4.84,3.24,2.0,3.32,8.0,0.5,0.6,0.5,5.7,8.1,10.6,8.1,2.0,5.1,8.0,0.5,0.6,0.5,-111.9,-88.3,-64.7,-88.3,2.0,49.0,8.0,0.5,0.6,0.5,-16.4,-9.8,-3.1,-9.8,2.0,13.8,8.0,0.5,0.6,0.5,-71.2,-54.0,-36.7,-54.0,2.0,35.8,8.0,0.5,0.6,0.5,-8.8,-5.2,-1.7,-5.2,2.0,7.4,8.0,0.5,0.6,0.5,-10.0,-7.8,-5.6,-7.8,2.0,4.6,8.0,0.5,0.6,0.5,-3.4,-2.0,-0.6,-2.0,2.0,2.8,8.0,0.5,0.6,0.5,9.5,9.5,93.5,50.5,3.0,71.0,10.0,0.7,0.7,0.6,10.0,10.0,95.0,50.0,3.0,70.0,10.0,0.7,0.7,0.6
1974,2,175.0,22.0,23.98,24.15,24.32,24.15,2.0,0.35,18.0,0.0,0.1,0.2,22.25,25.8,26.62,24.47,3.0,3.4,16.0,0.3,0.2,0.2,11.11,12.89,14.67,12.89,2.0,3.69,18.0,0.0,0.1,0.2,68.7,71.2,73.7,71.2,2.0,5.1,18.0,0.0,0.2,4.56,7.7,8.04,6.33,3.0,2.81,16.0,0.3,0.2,0.2,-6.14,-1.99,2.0,-2.07,3.0,5.96,16.0,0.3,0.2,0.2,-4.1,1.42,2.07,-0.96,3.0,4.97,16.0,0.3,0.2,0.2,1003.52,1006.8,1010.08,1006.8,2.0,6.79,18.0,0.0,0.1,0.2,2.6,4.0,4.7,3.7,3.0,1.5,16.0,0.3,0.2,0.2,-47.2,-6.2,18.3,-14.3,3.0,48.4,16.0,0.3,0.2,0.2,-32.7,7.4,10.3,-10.8,3.0,35.2,16.0,0.3,0.2,0.2,-0.65,0.95,2.55,0.95,2.0,3.32,18.0,0.0,0.1,0.2,-5.6,7.0,19.6,7.0,2.0,26.1,18.0,0.0,0.1,0.2,4.36,6.01,7.65,6.01,2.0,3.41,18.0,0.0,0.1,0.2,35.1,47.2,59.2,47.2,2.0,25.0,18.0,0.0,0.1,0.2,-159.3,-53.8,37.1,-60.9,3.0,144.0,16.0,0.3,0.2,0.2,-82.1,36.7,55.4,-12.2,3.0,109.3,16.0,0.3,0.2,0.2,-99.0,-42.8,13.5,-42.8,2.0,116.5,18.0,0.0,0.1,0.2,-54.2,-23.3,7.7,-23.3,2.0,64.1,18.0,0.0,0.1,0.2,-19.3,1.7,22.7,1.7,2.0,43.5,18.0,0.0,0.1,0.2,-46.4,-25.5,-4.6,-25.5,2.0,43.3,18.0,0.0,0.1,0.2,165.0,456.5,521.5,346.0,3.0,278.0,16.0,0.3,0.2,0.2,165.0,455.0,520.0,345.0,3.0,280.0,16.0,0.3,0.2,0.2
1974,2,175.0,23.0,22.72,23.85,25.03,23.88,4.0,1.46,16.0,0.5,0.3,0.4,21.05,22.75,25.13,23.08,4.0,2.84,16.0,0.5,0.3,0.4,13.1,14.78,15.28,14.21,4.0,1.7,16.0,0.5,0.3,0.4,74.5,81.8,87.8,81.2,4.0,10.0,16.0,0.5,0.4,7.18,7.7,8.22,7.7,4.0,0.82,16.0,0.5,0.3,0.4,-6.8,-4.83,-0.27,-3.59,4.0,4.65,16.0,0.5,0.3,0.4,-4.28,1.68,5.09,0.46,4.0,6.37,16.0,0.5,0.3,0.4,1011.51,1015.75,1017.16,1014.4,4.0,4.56,16.0,0.5,0.3,0.4,4.0,4.0,6.0,5.0,3.0,1.7,12.0,0.3,0.4,0.5,-49.6,-34.3,-0.6,-25.5,4.0,36.4,16.0,0.5,0.3,0.4,-37.3,11.2,37.6,0.7,4.0,52.3,16.0,0.5,0.3,0.4,-1.83,0.55,3.46,0.8,4.0,3.75,16.0,0.5,0.3,0.4,-16.0,4.2,26.6,5.3,4.0,30.3,16.0,0.5,0.3,0.4,1.97,3.62,6.64,4.27,4.0,3.2,16.0,0.5,0.3,0.4,15.9,29.3,51.1,33.3,4.0,24.7,16.0,0.5,0.3,0.4,-142.0,-109.3,-0.9,-73.2,4.0,105.3,16.0,0.5,0.3,0.4,-114.8,37.2,116.8,2.7,4.0,160.9,16.0,0.5,0.3,0.4,-90.3,-73.2,-3.4,-48.1,4.0,63.8,16.0,0.5,0.3,0.4,-64.1,26.1,75.8,6.8,4.0,94.8,16.0,0.5,0.3,0.4,-43.0,-12.0,1.1,-20.6,4.0,32.5,16.0,0.5,0.3,0.4,-12.1,2.0,17.4,2.6,4.0,21.5,16.0,0.5,0.3,0.4,375.0,456.5,562.5,468.0,4.0,146.5,16.0,0.5,0.3,0.4,375.0,455.0,560.0,470.0,4.0,145.0,16.0,0.5,0.3,0.4
1974,2,175.0,24.0,23.36,23.85,23.92,23.65,6.0,0.45,18.0,0.3,0.3,0.5,21.25,22.6,23.7,22.53,6.0,1.99,18.0,0.3,0.3,0.5,13.35,15.31,16.68,15.03,6.0,2.2,18.0,0.3,0.3,0.5,83.0,86.1,92.9,87.8,6.0,5.6,18.0,0.3,0.5,7.52,8.7,12.2,9.66,5.0,2.54,16.0,0.4,0.4,0.5,-1.92,3.6,6.86,2.7,5.0,4.61,16.0,0.4,0.4,0.5,-9.82,-8.57,-1.32,-5.56,5.0,7.36,16.0,0.4,0.4,0.5,1009.53,1012.85,1015.92,1012.65,6.0,3.41,18.0,0.3,0.3,0.5,4.9,7.0,7.4,6.2,5.0,1.9,16.0,0.4,0.4,0.5,-15.7,25.9,85.5,33.0,5.0,51.8,16.0,0.4,0.4,0.5,-120.3,-74.5,-8.2,-62.9,5.0,75.9,16.0,0.4,0.4,0.5,0.13,1.05,1.88,1.12,6.0,1.98,18.0,0.3,0.3,0.5,-1.5,8.7,29.4,14.4,5.0,26.2,16.0,0.4,0.4,0.5,1.42,2.79,4.82,3.21,6.0,2.27,18.0,0.3,0.3,0.5,10.8,16.4,59.2,33.5,5.0,34.8,16.0,0.4,0.4,0.5,-43.9,92.2,140.0,57.5,5.0,99.7,16.0,0.4,0.4,0.5,-204.1,-192.8,-40.0,-119.7,5.0,162.1,16.0,0.4,0.4,0.5,-31.4,63.7,85.8,35.1,5.0,65.0,16.0,0.4,0.4,0.5,-133.8,-124.7,-26.9,-77.5,5.0,109.9,16.0,0.4,0.4,0.5,-3.6,2.8,33.3,13.3,5.0,21.9,16.0,0.4,0.4,0.5,-48.7,-13.6,2.6,-22.6,5.0,35.7,16.0,0.4,0.4,0.5,426.0,658.5,1827.0,1055.5,5.0,793.5,16.0,0.4,0.4,0.5,425.0,660.0,1825.0,1055.0,5.0,795.0,16.0,0.4,0.4,0.5
1974,2,175.0,25.0,22.07,23.0,23.0,22.82,21.0,1.17,18.0,0.4,0.5,0.5,21.3,22.0,24.17,22.55,24.0,1.69,16.0,0.4,0.5,0.5,10.98,14.35,14.82,13.66,20.0,1.83,18.0,0.3,0.6,0.5,69.6,84.7,88.9,81.2,20.0,10.7,18.0,0.3,0.5,5.1,7.45,13.77,8.88,24.0,5.01,16.0,0.4,0.5,0.5,-12.55,-5.74,-0.47,-6.01,24.0,6.42,16.0,0.4,0.5,0.5,-6.7,0.0,4.8,-0.76,24.0,5.28,16.0,0.4,0.5,0.5,1011.23,1015.7,1018.9,1015.2,23.0,3.85,18.0,0.3,0.5,0.5,2.0,6.0,7.0,5.2,24.0,2.3,16.0,0.4,0.5,0.5,-173.5,-40.3,-1.0,-75.4,24.0,115.1,16.0,0.4,0.5,0.5,-92.8,0.0,28.5,-21.8,24.0,69.0,16.0,0.4,0.5,0.5,-1.0,1.0,1.58,0.38,21.0,1.59,18.0,0.4,0.5,0.5,-10.6,7.4,15.2,3.6,21.0,18.1,18.0,0.4,0.5,0.5,1.89,3.24,5.67,3.71,18.0,2.27,18.0,0.3,0.5,0.5,12.4,25.4,53.5,32.4,18.0,23.4,18.0,0.3,0.5,0.5,-254.5,-125.3,-10.7,-130.0,24.0,142.1,16.0,0.4,0.5,0.5,-140.4,0.0,110.4,-14.3,24.0,122.6,16.0,0.4,0.5,0.5,-127.9,-69.0,-29.3,-78.6,20.0,82.5,18.0,0.3,0.6,0.5,-60.3,0.0,80.6,6.0,20.0,64.7,18.0,0.3,0.6,0.5,-50.3,-19.0,-7.5,-26.7,18.0,24.5,18.0,0.3,0.5,0.5,-22.7,0.0,12.3,-3.1,18.0,17.2,18.0,0.3,0.5,0.5,132.5,415.0,2673.5,1449.0,24.0,2410.5,16.0,0.4,0.5,0.5,135.0,415.0,2675.0,1450.0,24.0,2410.0,16.0,0.4,0.5,0.5
1974,2,175.0,26.0,22.0,23.0,23.88,22.91,11.0,0.89,16.0,0.4,0.4,0.5,19.96,21.0,23.19,21.41,13.0,1.99,14.0,0.3,0.5,0.5,9.06,11.98,13.95,11.76,13.0,2.39,14.0,0.3,0.5,0.5,59.7,75.4,81.6,73.6,13.0,10.3,14.0,0.3,0.5,5.55,7.2,10.9,7.92,13.0,4.01,14.0,0.3,0.5,0.5,-6.06,-2.46,6.32,-1.68,13.0,6.73,14.0,0.3,0.5,0.5,-5.91,-2.85,5.41,-1.83,13.0,5.66,14.0,0.3,0.5,0.5,1012.71,1016.0,1018.6,1015.07,13.0,5.11,14.0,0.3,0.5,0.5,3.0,5.0,6.1,4.5,13.0,2.0,14.0,0.3,0.5,0.5,-43.0,-17.7,51.4,-20.9,13.0,90.3,14.0,0.3,0.5,0.5,-50.2,-16.2,32.0,-24.9,13.0,69.9,14.0,0.3,0.5,0.5,-0.21,1.0,2.71,1.23,11.0,1.82,16.0,0.4,0.4,0.5,-1.6,5.7,30.5,10.4,11.0,16.5,16.0,0.4,0.4,0.5,3.38,4.43,7.49,5.31,11.0,2.27,16.0,0.4,0.4,0.5,21.4,27.4,64.6,39.8,11.0,22.6,16.0,0.4,0.4,0.5,-132.1,-61.6,125.4,-36.8,13.0,139.6,14.0,0.3,0.5,0.5,-119.6,-59.8,115.8,-32.2,13.0,123.1,14.0,0.3,0.5,0.5,-71.8,-37.2,53.5,-23.4,13.0,81.2,14.0,0.3,0.5,0.5,-69.9,-34.2,53.2,-18.9,13.0,72.1,14.0,0.3,0.5,0.5,-34.2,-16.1,9.6,-8.7,11.0,35.9,16.0,0.4,0.4,0.5,-32.4,-12.6,22.0,-6.5,11.0,28.9,16.0,0.4,0.4,0.5,174.0,373.0,1296.5,928.5,13.0,1689.5,14.0,0.3,0.5,0.5,175.0,375.0,1295.0,930.0,13.0,1690.0,14.0,0.3,0.5,0.5
1974,2,175.0,27.0,19.43,20.0,21.61,20.69,10.0,2.19,16.0,0.3,0.5,0.4,17.47,18.6,21.84,19.3,11.0,2.23,14.0,0.3,0.5,0.3,7.31,10.46,12.81,10.31,11.0,3.01,14.0,0.3,0.5,0.3,58.0,72.4,91.3,73.3,11.0,15.5,14.0,0.3,0.3,4.51,7.7,10.3,8.05,11.0,4.65,14.0,0.3,0.5,0.3,-8.32,-2.07,7.66,-0.35,11.0,7.88,14.0,0.3,0.5,0.3,-7.07,-2.46,2.13,-2.35,11.0,4.96,14.0,0.3,0.5,0.3,1015.35,1018.0,1019.08,1017.34,11.0,2.57,14.0,0.3,0.5,0.3,2.0,5.0,8.0,4.9,11.0,2.5,14.0,0.3,0.5,0.3,-85.7,-4.3,66.5,7.9,11.0,103.7,14.0,0.3,0.5,0.3,-63.0,-17.7,14.9,-27.4,11.0,56.6,14.0,0.3,0.5,0.3,-1.01,1.35,3.0,1.32,10.0,2.48,16.0,0.3,0.5,0.4,-7.9,10.5,22.2,11.7,10.0,22.6,16.0,0.3,0.5,0.4,2.01,4.73,7.32,4.59,10.0,3.4,16.0,0.3,0.5,0.4,5.4,36.9,50.5,35.9,10.0,32.4,16.0,0.3,0.5,0.4,-156.5,-33.3,136.0,-10.3,11.0,146.7,14.0,0.3,0.5,0.3,-134.2,-41.9,42.8,-42.2,11.0,99.9,14.0,0.3,0.5,0.3,-93.0,-13.6,55.6,-7.3,11.0,82.8,14.0,0.3,0.5,0.3,-73.1,-18.8,24.8,-18.0,11.0,57.7,14.0,0.3,0.5,0.3,-28.0,-6.2,18.6,-12.1,10.0,41.5,16.0,0.3,0.5,0.4,-35.7,-12.3,0.0,-14.3,10.0,19.3,16.0,0.3,0.5,0.4,143.5,456.5,1092.5,1010.0,11.0,1509.0,14.0,0.3,0.5,0.3,145.0,455.0,1095.0,1010.0,11.0,1510.0,14.0,0.3,0.5,0.3
1974,2,175.0,28.0,18.68,21.0,21.43,20.26,5.0,1.58,18.0,0.2,0.4,0.2,17.69,18.3,20.21,19.0,5.0,2.03,18.0,0.2,0.4,0.2,11.07,11.5,12.83,11.93,5.0,1.32,18.0,0.2,0.4,0.2,82.7,84.9,92.4,87.3,5.0,6.2,18.0,0.2,0.2,8.62,13.4,14.45,11.74,5.0,3.85,18.0,0.2,0.4,0.2,-8.9,0.99,6.3,-0.46,5.0,9.24,18.0,0.2,0.4,0.2,-11.21,-4.58,5.98,-3.29,5.0,9.38,18.0,0.2,0.4,0.2,1007.57,1013.5,1017.93,1012.84,5.0,5.44,18.0,0.2,0.4,0.2,3.9,6.0,7.0,5.5,4.0,2.5,16.0,0.3,0.5,0.2,-105.6,5.6,87.8,-2.7,5.0,121.1,18.0,0.2,0.4,0.2,-164.1,-61.4,45.2,-63.8,5.0,121.5,18.0,0.2,0.4,0.2,-0.55,0.5,3.42,1.26,5.0,2.38,18.0,0.2,0.4,0.2,-3.1,7.0,49.1,21.0,5.0,32.1,18.0,0.2,0.4,0.2,1.55,2.07,4.67,2.91,5.0,1.71,18.0,0.2,0.4,0.2,16.2,23.7,67.8,37.7,5.0,28.4,18.0,0.2,0.4,0.2,-163.9,22.3,113.9,-7.8,5.0,168.6,18.0,0.2,0.4,0.2,-197.9,-83.9,125.6,-51.4,5.0,174.1,18.0,0.2,0.4,0.2,-101.6,14.0,69.5,-6.1,5.0,102.2,18.0,0.2,0.4,0.2,-131.1,-48.8,77.2,-35.6,5.0,113.9,18.0,0.2,0.4,0.2,-17.0,1.3,30.7,8.4,5.0,33.2,18.0,0.2,0.4,0.2,-39.3,-15.2,9.6,-17.0,5.0,32.1,18.0,0.2,0.4,0.2,761.5,2406.0,3038.5,2004.5,5.0,1367.5,18.0,0.2,0.4,0.2,760.0,2405.0,3040.0,2005.0,5.0,1370.0,18.0,0.2,0.4,0.2
1974,2,175.0,29.0,18.11,19.6,20.49,19.43,8.0,1.36,14.0,0.3,0.4,0.4,16.2,17.5,18.9,17.75,8.0,1.58,12.0,0.3,0.4,0.3,8.94,9.71,10.78,10.1,7.0,2.19,14.0,0.3,0.3,0.3,72.0,78.1,85.7,78.8,7.0,9.7,14.0,0.3,0.3,4.73,8.7,12.9,8.97,9.0,3.86,14.0,0.2,0.4,0.3,-6.37,1.74,7.49,1.65,9.0,6.86,14.0,0.2,0.4,0.3,-9.18,-4.79,5.24,-2.62,9.0,6.89,14.0,0.2,0.4,0.3,1013.0,1014.0,1016.0,1014.06,9.0,2.64,14.0,0.2,0.4,0.3,2.1,5.5,8.0,5.0,8.0,3.1,12.0,0.3,0.4,0.3,-80.2,13.1,76.8,11.7,9.0,86.8,14.0,0.2,0.4,0.3,-119.2,-24.4,34.2,-37.7,9.0,74.2,14.0,0.2,0.4,0.3,-0.03,1.5,2.33,1.33,7.0,1.28,14.0,0.3,0.3,0.3,-0.2,13.8,20.9,11.1,7.0,10.3,14.0,0.3,0.3,0.3,2.87,4.41,4.99,3.74,7.0,1.68,14.0,0.3,0.3,0.3,19.3,26.5,64.3,34.2,7.0,23.5,14.0,0.3,0.3,0.3,-16.2,52.5,131.5,50.7,8.0,103.1,12.0,0.3,0.4,0.3,-121.0,-56.7,114.5,-22.4,8.0,123.1,12.0,0.3,0.4,0.3,-14.6,21.7,81.7,28.7,7.0,56.3,14.0,0.3,0.3,0.3,-67.6,-46.5,72.5,-5.5,7.0,77.2,14.0,0.3,0.3,0.3,-5.3,9.0,31.9,10.2,7.0,30.5,14.0,0.3,0.3,0.3,-33.5,-24.9,7.6,-14.7,7.0,24.9,14.0,0.3,0.3,0.3,107.0,658.5,2146.5,1078.5,9.0,1037.0,14.0,0.2,0.4,0.3,105.0,660.0,2145.0,1080.0,9.0,1035.0,14.0,0.2,0.4,0.3
1974,2,175.0,30.0,17.0,17.8,19.46,18.09,17.0,1.4,12.0,0.4,0.4,0.3,15.67,17.8,19.33,17.45,21.0,1.74,12.0,0.4,0.4,0.3,6.96,10.57,12.24,9.8,18.0,2.69,12.0,0.4,0.4,0.3,61.7,81.1,91.9,77.2,18.0,15.5,12.0,0.4,0.3,6.79,10.3,15.14,11.03,21.0,5.31,12.0,0.4,0.4,0.3,-4.45,1.61,10.27,3.02,21.0,8.58,12.0,0.4,0.4,0.3,-3.92,2.98,9.59,2.33,21.0,8.18,12.0,0.4,0.4,0.3,1012.92,1014.5,1019.17,1015.47,21.0,3.94,12.0,0.4,0.4,0.3,3.0,8.0,8.0,6.1,19.0,2.3,12.0,0.4,0.4,0.3,-42.0,15.0,105.8,50.7,21.0,153.6,12.0,0.4,0.4,0.3,-25.7,18.4,97.2,12.2,21.0,129.1,12.0,0.4,0.4,0.3,-2.01,1.0,3.3,0.65,17.0,2.36,12.0,0.4,0.4,0.3,-17.6,10.4,34.0,7.4,17.0,23.9,12.0,0.4,0.4,0.3,0.34,3.08,6.41,3.2,16.0,2.92,10.0,0.4,0.4,0.3,2.2,16.5,101.0,39.7,16.0,47.1,10.0,0.4,0.4,0.3,-79.2,29.6,177.1,50.0,21.0,140.1,12.0,0.4,0.4,0.3,-65.8,50.6,185.1,50.9,21.0,139.5,12.0,0.4,0.4,0.3,-46.4,26.9,83.9,26.8,18.0,68.0,12.0,0.4,0.4,0.3,-38.3,37.9,110.7,36.2,18.0,79.3,12.0,0.4,0.4,0.3,-4.5,4.3,91.8,28.1,16.0,47.1,10.0,0.4,0.4,0.3,-32.7,-0.9,9.6,-11.1,16.0,26.6,10.0,0.4,0.4,0.3,313.5,1092.5,3484.0,2334.0,21.0,3254.0,12.0,0.4,0.4,0.3,315.0,1095.0,3485.0,2335.0,21.0,3255.0,12.0,0.4,0.4,0.3
1974,2,175.0,31.0,16.15,17.0,18.0,16.89,12.0,0.95,16.0,0.3,0.5,0.3,14.44,16.6,17.0,15.79,14.0,1.7,14.0,0.3,0.5,0.4,7.41,9.3,10.03,8.72,11.0,1.41,14.0,0.3,0.5,0.4,68.0,78.2,84.8,76.4,11.0,9.8,14.0,0.3,0.4,5.0,7.95,12.45,7.97,12.0,4.16,12.0,0.3,0.4,0.4,0.38,2.87,9.01,3.51,12.0,6.54,12.0,0.3,0.4,0.4,-6.18,-0.09,3.68,-0.1,12.0,5.51,12.0,0.3,0.4,0.4,1010.16,1017.0,1019.99,1015.5,14.0,6.3,14.0,0.3,0.5,0.4,2.0,5.0,7.0,4.6,13.0,2.3,12.0,0.3,0.5,0.4,0.6,19.7,82.6,26.8,12.0,82.3,12.0,0.3,0.4,0.4,-41.1,-0.1,22.8,0.4,12.0,60.2,12.0,0.3,0.4,0.4,-0.78,0.5,1.93,0.81,12.0,1.85,16.0,0.3,0.5,0.3,-7.6,6.0,15.0,4.9,10.0,11.7,14.0,0.4,0.4,0.4,1.68,2.59,4.95,3.13,10.0,1.63,14.0,0.3,0.5,0.4,10.7,25.6,37.9,24.8,8.0,14.6,14.0,0.4,0.5,0.5,4.6,46.1,143.1,57.9,12.0,102.3,12.0,0.3,0.4,0.4,-100.0,-1.5,64.8,2.0,12.0,90.1,12.0,0.3,0.4,0.4,2.7,23.3,89.3,28.8,9.0,66.1,12.0,0.3,0.5,0.5,-31.5,0.0,38.2,9.9,9.0,51.9,12.0,0.3,0.5,0.5,0.2,8.8,31.5,10.8,8.0,18.8,14.0,0.4,0.5,0.5,-10.5,2.4,14.7,0.0,8.0,20.7,14.0,0.4,0.5,0.5,178.5,504.0,1933.5,872.5,12.0,961.0,12.0,0.3,0.4,0.4,180.0,505.0,1935.0,875.0,12.0,960.0,12.0,0.3,0.4,0.4
1974,2,175.0,32.0,14.85,16.0,17.19,16.14,5.0,1.68,18.0,0.6,0.7,0.5,14.94,15.65,16.92,15.63,6.0,1.58,16.0,0.5,0.6,0.5,6.82,8.17,9.67,8.35,6.0,2.09,16.0,0.5,0.6,0.5,69.4,76.4,84.7,75.5,6.0,15.6,16.0,0.5,0.5,8.17,10.8,12.9,10.42,5.0,2.81,18.0,0.6,0.7,0.5,-3.71,6.2,10.7,3.61,5.0,8.96,18.0,0.6,0.7,0.5,-3.96,0.0,8.66,1.9,5.0,6.53,18.0,0.6,0.7,0.5,1007.27,1011.35,1018.1,1012.98,6.0,6.9,16.0,0.5,0.6,0.5,3.6,4.5,7.2,5.0,6.0,2.2,16.0,0.5,0.6,0.5,-40.0,38.4,138.0,42.5,5.0,106.2,18.0,0.6,0.7,0.5,-46.1,0.0,94.0,19.3,5.0,74.0,18.0,0.6,0.7,0.5,-0.49,0.5,1.76,0.5,5.0,1.67,18.0,0.6,0.7,0.5,-2.0,5.4,22.6,8.8,5.0,16.0,18.0,0.6,0.7,0.5,2.18,3.06,3.9,3.07,5.0,1.08,18.0,0.6,0.7,0.5,22.7,28.7,37.4,30.4,5.0,9.2,18.0,0.6,0.7,0.5,-57.4,104.2,161.3,54.8,5.0,136.2,18.0,0.6,0.7,0.5,-56.8,0.0,144.9,35.3,5.0,102.9,18.0,0.6,0.7,0.5,-30.0,35.0,97.7,31.3,5.0,78.0,18.0,0.6,0.7,0.5,-30.5,0.0,89.7,24.3,5.0,62.8,18.0,0.6,0.7,0.5,-11.3,17.6,33.6,11.5,5.0,28.4,18.0,0.6,0.7,0.5,-12.8,0.0,17.5,2.1,5.0,16.3,18.0,0.6,0.7,0.5,597.5,1259.5,2146.5,1319.0,5.0,837.5,18.0,0.6,0.7,0.5,600.0,1260.0,2145.0,1320.0,5.0,840.0,18.0,0.6,0.7,0.5
1974,2,175.0,33.0,15.0,17.0,17.5,16.41,14.0,1.45,16.0,0.4,0.4,0.6,14.5,15.5,17.23,15.78,17.0,1.76,16.0,0.4,0.5,0.6,7.54,9.29,10.78,9.24,14.0,1.79,14.0,0.4,0.4,0.6,69.5,82.9,94.7,80.1,14.0,12.1,14.0,0.4,0.6,7.2,8.75,16.7,10.37,16.0,4.95,16.0,0.4,0.5,0.6,0.0,4.4,8.0,4.18,16.0,6.66,16.0,0.4,0.5,0.6,-1.41,4.23,13.03,5.06,16.0,7.0,16.0,0.4,0.5,0.6,1006.81,1013.5,1016.5,1011.9,17.0,5.74,16.0,0.4,0.5,0.6,2.0,6.0,8.0,5.5,17.0,2.5,16.0,0.4,0.5,0.6,0.0,46.0,67.4,50.0,16.0,110.6,16.0,0.4,0.5,0.6,-11.5,34.6,179.3,70.9,16.0,113.9,16.0,0.4,0.5,0.6,-1.44,0.15,2.87,0.57,14.0,2.17,16.0,0.4,0.4,0.6,-8.5,1.6,23.6,7.3,14.0,20.9,16.0,0.4,0.4,0.6,0.64,1.61,4.94,2.39,12.0,1.99,16.0,0.5,0.5,0.6,2.8,21.1,35.9,20.2,12.0,15.6,16.0,0.5,0.5,0.6,0.0,76.5,116.0,69.5,16.0,102.1,16.0,0.4,0.5,0.6,-20.5,68.7,201.9,82.4,16.0,113.3,16.0,0.4,0.5,0.6,11.3,54.2,67.2,50.9,13.0,59.7,16.0,0.5,0.5,0.6,-9.9,24.3,81.7,49.6,13.0,74.3,16.0,0.5,0.5,0.6,1.1,4.7,35.7,11.9,12.0,18.8,16.0,0.5,0.5,0.6,-7.4,0.8,20.8,4.2,12.0,12.8,16.0,0.5,0.5,0.6,373.0,678.0,4710.0,1911.5,16.0,2576.5,16.0,0.4,0.5,0.6,375.0,680.0,4710.0,1910.0,16.0,2575.0,16.0,0.4,0.5,0.6
1974,2,175.0,34.0,14.59,15.3,16.37,15.3,6.0,1.35,12.0,0.8,0.5,0.4,12.97,17.0,17.97,15.62,6.0,3.63,12.0,0.8,0.5,0.4,6.54,11.27,11.51,9.48,5.0,2.75,10.0,0.8,0.5,0.5,72.4,87.9,93.8,82.6,5.0,16.0,10.0,0.8,0.5,10.09,12.95,15.94,13.15,6.0,3.44,12.0,0.8,0.5,0.4,-4.61,0.0,11.04,1.86,6.0,9.04,12.0,0.8,0.5,0.4,-2.2,7.28,15.48,6.94,6.0,8.7,12.0,0.8,0.5,0.4,1006.79,1007.65,1014.24,1011.28,6.0,8.8,12.0,0.8,0.5,0.4,4.3,8.0,8.0,6.4,5.0,2.3,14.0,1.0,0.6,0.5,-68.1,0.0,128.9,26.2,6.0,120.5,12.0,0.8,0.5,0.4,-23.2,83.8,242.1,108.1,6.0,139.3,12.0,0.8,0.5,0.4,-3.3,-1.15,2.45,-0.32,6.0,4.69,12.0,0.8,0.5,0.4,-41.5,-17.3,25.7,-12.2,6.0,61.5,12.0,0.8,0.5,0.4,-1.45,-0.36,5.19,1.44,5.0,3.61,10.0,0.8,0.5,0.5,-19.6,-5.3,65.2,16.6,5.0,47.7,10.0,0.8,0.5,0.5,-77.0,0.0,123.2,22.2,6.0,134.4,12.0,0.8,0.5,0.4,-23.6,127.1,270.5,129.2,6.0,152.0,12.0,0.8,0.5,0.4,-12.9,0.0,75.8,25.0,5.0,53.7,10.0,0.8,0.5,0.5,18.3,110.3,180.0,100.5,5.0,88.5,10.0,0.8,0.5,0.5,0.0,6.1,63.0,27.0,5.0,34.5,10.0,0.8,0.5,0.5,-19.4,-10.4,5.9,-7.1,5.0,21.4,10.0,0.8,0.5,0.5,1033.0,2319.5,4102.5,2670.0,6.0,1956.0,12.0,0.8,0.5,0.4,1035.0,2320.0,4100.0,2670.0,6.0,1955.0,12.0,0.8,0.5,0.4
1974,2,175.0,35.0,14.5,15.0,16.89,15.43,8.0,1.1,16.0,0.4,0.4,0.4,10.11,14.35,16.72,13.53,8.0,3.25,16.0,0.4,0.4,0.4,5.51,5.75,10.41,7.42,6.0,2.88,16.0,0.5,0.4,0.5,56.2,76.2,94.2,77.0,7.0,17.1,16.0,0.4,0.5,5.98,10.55,12.78,10.23,8.0,3.96,16.0,0.4,0.4,0.4,1.78,5.79,10.72,5.04,8.0,6.66,16.0,0.4,0.4,0.4,-3.14,3.52,7.29,1.87,8.0,7.6,16.0,0.4,0.4,0.4,1006.47,1008.5,1019.69,1010.39,7.0,8.97,16.0,0.4,0.3,0.5,3.0,5.0,6.1,4.6,7.0,2.1,16.0,0.4,0.4,0.5,9.7,52.7,157.5,65.5,8.0,84.5,16.0,0.4,0.4,0.4,-28.9,26.3,82.8,25.3,8.0,103.0,16.0,0.4,0.4,0.4,-0.09,0.9,4.44,1.9,8.0,2.61,16.0,0.4,0.4,0.4,-1.1,5.1,50.8,16.7,8.0,27.2,16.0,0.4,0.4,0.4,1.69,4.46,5.41,3.69,6.0,2.2,16.0,0.5,0.4,0.5,18.3,29.1,49.9,30.4,6.0,19.2,16.0,0.5,0.4,0.5,21.0,59.6,180.8,76.8,8.0,96.4,16.0,0.4,0.4,0.4,-30.6,51.0,122.4,45.0,8.0,107.9,16.0,0.4,0.4,0.4,11.4,31.7,98.8,51.2,6.0,50.2,16.0,0.5,0.4,0.5,-27.5,27.5,92.5,34.0,6.0,77.2,16.0,0.5,0.4,0.5,6.2,12.8,24.9,16.5,6.0,16.1,16.0,0.5,0.4,0.5,-24.0,8.1,23.1,-0.3,6.0,29.9,16.0,0.5,0.4,0.5,226.0,1223.5,2091.0,1502.5,8.0,1562.5,16.0,0.4,0.4,0.4,225.0,1225.0,2090.0,1500.0,8.0,1560.0,16.0,0.4,0.4,0.4
1974,2,175.0,36.0,13.41,13.9,14.0,13.61,8.0,0.62,12.0,0.5,0.6,0.6,10.62,12.65,14.22,12.67,12.0,2.65,12.0,0.5,0.5,0.5,5.64,7.02,7.59,6.83,9.0,1.46,12.0,0.4,0.6,0.5,60.6,79.4,81.9,74.1,9.0,13.0,12.0,0.4,0.5,7.95,12.35,15.43,11.84,12.0,3.78,12.0,0.5,0.5,0.5,6.81,10.96,15.0,10.69,12.0,4.29,12.0,0.5,0.5,0.5,-6.1,-1.69,3.46,-0.79,12.0,4.84,12.0,0.5,0.5,0.5,999.54,1008.55,1011.0,1006.38,12.0,6.51,12.0,0.5,0.5,0.5,1.7,4.5,6.5,4.3,12.0,2.5,12.0,0.5,0.5,0.5,54.4,138.2,232.1,140.8,12.0,92.5,12.0,0.5,0.5,0.5,-74.0,-17.6,34.6,-14.8,12.0,60.3,12.0,0.5,0.5,0.5,-3.49,1.05,3.87,0.63,8.0,3.48,12.0,0.5,0.6,0.6,-24.8,13.0,25.9,5.8,8.0,36.9,12.0,0.5,0.6,0.6,2.21,2.71,3.92,2.63,8.0,1.6,12.0,0.5,0.6,0.6,19.9,26.6,42.2,25.9,8.0,18.0,12.0,0.5,0.6,0.6,87.7,130.6,195.1,136.2,12.0,58.7,12.0,0.5,0.5,0.5,-76.0,-21.5,38.7,-6.9,12.0,64.7,12.0,0.5,0.5,0.5,42.5,55.7,94.9,66.3,9.0,31.9,12.0,0.4,0.6,0.5,-40.3,-13.2,26.9,-3.6,9.0,41.1,12.0,0.4,0.6,0.5,13.6,22.2,39.8,22.8,8.0,17.5,12.0,0.5,0.6,0.6,-14.3,-5.9,5.3,-3.9,8.0,13.3,12.0,0.5,0.6,0.6,506.0,1883.5,3716.0,2130.0,12.0,1799.0,12.0,0.5,0.5,0.5,505.0,1885.0,3715.0,2130.0,12.0,1800.0,12.0,0.5,0.5,0.5
1974,2,175.0,37.0,12.52,13.0,13.86,13.54,8.0,1.92,10.0,0.4,0.4,0.4,8.94,9.9,12.74,10.46,10.0,1.82,10.0,0.5,0.4,0.4,4.77,6.29,7.79,6.24,9.0,1.38,10.0,0.4,0.4,0.4,68.7,77.4,88.5,77.3,9.0,9.8,10.0,0.4,0.4,11.51,13.4,17.57,14.36,10.0,3.04,10.0,0.5,0.4,0.4,7.92,12.41,17.25,11.56,10.0,6.48,10.0,0.5,0.4,0.4,-9.8,-1.21,1.64,-2.36,10.0,6.46,10.0,0.5,0.4,0.4,1000.77,1007.15,1010.87,1007.18,10.0,6.45,10.0,0.5,0.4,0.4,3.0,6.0,8.0,5.6,10.0,2.2,10.0,0.5,0.4,0.4,102.2,164.8,300.1,180.1,10.0,117.6,10.0,0.5,0.4,0.4,-128.2,-16.8,27.0,-38.6,10.0,87.6,10.0,0.5,0.4,0.4,1.04,2.65,3.94,2.65,8.0,1.55,10.0,0.4,0.4,0.4,11.5,44.7,57.1,38.8,8.0,23.2,10.0,0.4,0.4,0.4,1.66,3.23,4.45,3.3,8.0,1.7,10.0,0.4,0.4,0.4,18.6,48.6,72.2,47.8,8.0,26.4,10.0,0.4,0.4,0.4,69.2,135.0,171.1,117.0,10.0,71.2,10.0,0.5,0.4,0.4,-85.8,-15.7,14.7,-18.4,10.0,66.6,10.0,0.5,0.4,0.4,35.7,74.8,92.3,64.4,9.0,43.3,10.0,0.4,0.4,0.4,-50.7,-16.1,9.6,-11.5,9.0,43.5,10.0,0.4,0.4,0.4,12.3,35.6,71.1,40.0,8.0,30.7,10.0,0.4,0.4,0.4,-25.6,-5.2,11.4,-9.0,8.0,21.0,10.0,0.4,0.4,0.4,1528.5,2416.0,5438.5,3325.5,10.0,2033.0,10.0,0.5,0.4,0.4,1530.0,2415.0,5440.0,3325.0,10.0,2035.0,10.0,0.5,0.4,0.4
1974,2,175.0,38.0,11.63,13.0,13.0,12.33,3.0,1.15,18.0,0.3,0.3,0.2,9.74,12.0,14.0,11.88,4.0,2.46,18.0,0.5,0.4,0.2,5.95,6.53,7.9,6.91,3.0,1.46,18.0,0.3,0.3,0.2,79.7,87.4,87.6,83.7,3.0,6.6,18.0,0.3,0.2,7.89,10.3,11.66,9.8,4.0,3.0,18.0,0.5,0.4,0.2,-5.31,4.84,10.96,2.91,4.0,10.16,18.0,0.5,0.4,0.2,-5.09,-3.1,0.99,-2.09,4.0,4.08,18.0,0.5,0.4,0.2,998.46,1015.25,1030.94,1014.73,4.0,18.76,18.0,0.5,0.4,0.2,8.0,8.0,8.0,8.0,3.0,0.0,18.0,0.3,0.3,0.2,-54.7,49.8,129.4,37.9,4.0,114.8,18.0,0.5,0.4,0.2,-45.3,-25.5,10.2,-17.9,4.0,39.5,18.0,0.5,0.4,0.2,-0.37,1.0,2.71,1.17,3.0,2.25,18.0,0.3,0.3,0.2,-5.2,5.7,32.6,13.5,3.0,28.5,18.0,0.3,0.3,0.2,0.86,1.47,3.03,1.93,3.0,1.64,18.0,0.3,0.3,0.2,6.7,8.4,35.7,20.9,3.0,23.9,18.0,0.3,0.3,0.2,-74.4,57.6,125.8,27.2,4.0,127.6,18.0,0.5,0.4,0.2,-49.8,-33.5,13.9,-18.7,4.0,47.2,18.0,0.5,0.4,0.2,-59.1,0.0,47.0,-5.9,3.0,77.9,18.0,0.3,0.3,0.2,-33.4,-25.1,-18.4,-25.8,3.0,11.0,18.0,0.3,0.3,0.2,-4.0,0.0,31.1,13.2,3.0,28.1,18.0,0.3,0.3,0.2,-14.0,-8.4,-3.4,-8.7,3.0,7.8,18.0,0.3,0.3,0.2,617.5,1092.5,1645.0,1129.5,4.0,802.0,18.0,0.5,0.4,0.2,615.0,1095.0,1645.0,1130.0,4.0,800.0,18.0,0.5,0.4,0.2
1974,2,175.0,39.0,11.45,12.0,13.0,12.1,5.0,1.02,12.0,0.2,0.3,0.6,7.28,9.5,11.07,9.5,10.0,2.38,12.0,0.4,0.4,0.6,5.1,6.16,7.77,6.47,7.0,1.61,12.0,0.3,0.4,0.5,79.7,85.8,90.7,85.4,7.0,6.3,12.0,0.3,0.5,6.97,13.9,16.3,11.83,9.0,4.72,12.0,0.3,0.4,0.5,0.42,7.7,14.63,6.77,9.0,8.21,12.0,0.3,0.4,0.5,-1.67,3.52,10.2,4.21,9.0,6.39,12.0,0.3,0.4,0.5,999.08,1000.5,1009.8,1004.52,9.0,9.4,12.0,0.3,0.4,0.5,6.3,8.0,8.0,7.1,9.0,1.4,12.0,0.3,0.4,0.6,2.0,59.3,250.1,91.2,9.0,135.1,12.0,0.3,0.4,0.5,-11.2,36.3,158.2,68.3,9.0,86.9,12.0,0.3,0.4,0.5,1.13,3.0,7.0,3.8,5.0,3.05,12.0,0.2,0.3,0.6,15.8,46.9,77.7,49.5,5.0,43.3,12.0,0.2,0.3,0.6,1.79,3.43,4.34,3.08,4.0,1.57,8.0,0.3,0.3,0.6,21.7,32.1,55.8,38.5,4.0,25.3,8.0,0.3,0.3,0.6,4.5,77.0,137.6,63.0,9.0,75.8,12.0,0.3,0.4,0.5,-10.0,49.3,91.8,43.4,9.0,61.8,12.0,0.3,0.4,0.5,-2.3,32.1,91.1,37.7,7.0,54.1,12.0,0.3,0.4,0.5,-12.5,33.1,58.2,27.4,7.0,42.3,12.0,0.3,0.4,0.5,-5.6,20.2,51.9,23.0,4.0,40.2,8.0,0.3,0.3,0.6,-5.2,3.8,17.8,6.2,4.0,15.7,8.0,0.3,0.3,0.6,343.0,2685.5,4393.5,2339.0,9.0,2054.5,12.0,0.3,0.4,0.5,345.0,2685.0,4395.0,2340.0,9.0,2055.0,12.0,0.3,0.4,0.5
1974,2,175.0,40.0,10.16,10.5,10.84,10.5,2.0,0.71,12.0,0.0,0.8,0.3,8.75,9.5,11.1,9.72,6.0,1.39,14.0,0.3,0.6,0.2,4.57,5.42,6.31,5.44,3.0,1.27,16.0,0.0,0.8,0.3,65.1,66.5,75.1,70.0,3.0,7.9,16.0,0.0,0.3,7.78,11.55,12.63,9.85,6.0,5.03,14.0,0.3,0.6,0.2,5.51,9.54,12.48,8.67,6.0,4.88,14.0,0.3,0.6,0.2,-3.06,0.0,3.33,0.01,6.0,5.26,14.0,0.3,0.6,0.2,1000.27,1009.5,1024.1,1012.04,5.0,13.19,16.0,0.2,0.7,0.3,1.6,3.5,6.0,3.5,6.0,2.3,14.0,0.3,0.6,0.2,59.5,105.2,158.1,104.6,6.0,66.1,14.0,0.3,0.6,0.2,-31.7,0.0,40.9,2.9,6.0,60.6,14.0,0.3,0.6,0.2,-0.92,-0.75,-0.58,-0.75,2.0,0.35,12.0,0.0,0.8,0.3,-11.3,-9.2,-7.1,-9.2,2.0,4.3,12.0,0.0,0.8,0.3,1.62,1.86,2.1,1.86,2.0,0.5,12.0,0.0,0.8,0.3,19.9,22.9,25.9,22.9,2.0,6.1,12.0,0.0,0.8,0.3,43.0,97.6,126.8,84.6,6.0,50.3,14.0,0.3,0.6,0.2,-25.5,0.0,37.4,5.8,6.0,51.0,14.0,0.3,0.6,0.2,39.9,63.3,64.9,52.6,3.0,20.5,16.0,0.0,0.8,0.3,-19.9,11.6,39.9,10.0,3.0,43.9,16.0,0.0,0.8,0.3,16.2,20.5,24.8,20.5,2.0,8.9,12.0,0.0,0.8,0.3,5.9,8.3,10.8,8.3,2.0,5.1,12.0,0.0,0.8,0.3,747.0,1560.5,2031.0,1434.5,6.0,923.0,14.0,0.3,0.6,0.2,745.0,1560.0,2030.0,1435.0,6.0,925.0,14.0,0.3,0.6,0.2
1974,2,175.0,41.0,8.7,12.0,12.37,10.76,5.0,2.33,22.0,0.2,0.5,0.6,8.17,11.5,12.3,10.22,5.0,3.07,22.0,0.2,0.5,0.6,6.08,7.15,7.92,6.93,5.0,1.46,22.0,0.2,0.5,0.6,81.2,92.4,93.8,88.5,5.0,6.7,22.0,0.2,0.6,5.12,8.2,13.74,9.68,5.0,6.49,22.0,0.2,0.5,0.6,-4.92,-2.05,7.52,1.56,5.0,10.96,22.0,0.2,0.5,0.6,2.25,4.1,6.35,4.36,5.0,3.51,22.0,0.2,0.5,0.6,994.14,1020.1,1036.15,1015.66,5.0,22.03,22.0,0.2,0.5,0.6,7.6,8.0,8.0,7.8,5.0,0.4,22.0,0.2,0.5,0.6,-34.5,-8.4,155.0,67.4,5.0,200.8,22.0,0.2,0.5,0.6,9.2,24.9,56.4,33.8,5.0,37.0,22.0,0.2,0.5,0.6,-2.02,1.5,2.91,0.54,5.0,3.54,22.0,0.2,0.5,0.6,-16.8,8.2,39.3,13.1,5.0,48.9,22.0,0.2,0.5,0.6,0.01,1.39,2.07,1.12,5.0,1.44,22.0,0.2,0.5,0.6,0.6,6.2,28.1,15.0,5.0,27.5,22.0,0.2,0.5,0.6,-58.6,-20.5,37.6,-9.4,5.0,70.7,22.0,0.2,0.5,0.6,22.5,50.2,76.0,51.3,5.0,43.8,22.0,0.2,0.5,0.6,-36.4,-14.3,33.7,-0.2,5.0,54.9,22.0,0.2,0.5,0.6,15.8,29.3,51.1,33.8,5.0,29.6,22.0,0.2,0.5,0.6,-3.8,0.0,27.0,12.2,5.0,28.7,22.0,0.2,0.5,0.6,-1.3,5.0,5.6,2.6,5.0,4.2,22.0,0.2,0.5,0.6,142.5,551.5,3790.0,2097.5,5.0,3730.0,22.0,0.2,0.5,0.6,145.0,550.0,3790.0,2100.0,5.0,3730.0,22.0,0.2,0.5,0.6
1974,2,175.0,42.0,10.4,10.7,12.84,11.28,6.0,1.29,18.0,0.3,0.7,0.2,5.43,8.5,12.0,8.76,7.0,3.34,18.0,0.3,0.6,0.3,4.8,6.18,7.53,6.12,6.0,1.43,18.0,0.3,0.7,0.2,71.6,85.9,89.5,82.4,6.0,9.6,18.0,0.3,0.2,4.55,6.2,7.59,6.97,7.0,3.97,18.0,0.3,0.6,0.3,-5.09,-3.6,3.58,-2.75,7.0,5.47,18.0,0.3,0.6,0.3,-6.41,0.8,4.12,-0.52,7.0,5.78,18.0,0.3,0.6,0.3,1013.9,1026.9,1033.98,1022.65,6.0,16.28,18.0,0.3,0.7,0.2,5.4,7.0,8.0,6.5,6.0,1.9,16.0,0.2,0.6,0.3,-36.7,-20.8,13.1,-34.7,7.0,67.6,18.0,0.3,0.6,0.3,-50.0,3.7,25.9,-16.5,7.0,66.3,18.0,0.3,0.6,0.3,-1.6,1.6,4.09,1.73,6.0,3.5,18.0,0.3,0.7,0.2,-11.1,7.4,20.3,9.5,6.0,24.1,18.0,0.3,0.7,0.2,0.1,2.51,3.62,2.12,6.0,1.78,18.0,0.3,0.7,0.2,0.7,10.7,17.5,11.0,6.0,11.1,18.0,0.3,0.7,0.2,-47.7,-29.6,27.1,-16.3,7.0,40.2,18.0,0.3,0.6,0.3,-34.5,6.8,49.4,10.9,7.0,43.2,18.0,0.3,0.6,0.3,-25.1,-18.8,18.5,-8.3,6.0,25.5,18.0,0.3,0.7,0.2,-9.0,7.5,34.4,10.1,6.0,28.7,18.0,0.3,0.7,0.2,-14.2,0.1,9.1,-1.4,6.0,11.3,18.0,0.3,0.7,0.2,-7.1,0.3,2.6,-3.7,6.0,11.2,18.0,0.3,0.7,0.2,95.0,238.5,530.0,697.0,7.0,1310.0,18.0,0.3,0.6,0.3,95.0,240.0,530.0,695.0,7.0,1310.0,18.0,0.3,0.6,0.3
1974,2,175.0,43.0,7.27,7.85,8.43,7.85,2.0,1.2,18.0,0.5,0.5,0.6,6.0,6.0,7.5,6.73,3.0,1.27,20.0,0.7,0.4,0.4,4.74,4.74,4.74,4.74,1.0,0.0,12.0,0.0,0.3,0.5,81.1,81.1,81.1,81.1,1.0,0.0,12.0,0.0,0.5,10.59,12.3,12.71,11.67,3.0,1.64,20.0,0.7,0.4,0.4,-5.27,6.3,10.67,2.78,3.0,12.07,20.0,0.7,0.4,0.4,-4.41,2.24,4.91,0.29,3.0,7.03,20.0,0.7,0.4,0.4,1003.86,1010.0,1012.73,1008.33,3.0,6.66,20.0,0.7,0.4,0.4,4.6,8.0,8.0,6.3,3.0,2.9,20.0,0.7,0.4,0.4,-69.8,61.7,131.5,31.5,3.0,149.8,20.0,0.7,0.4,0.4,-41.0,28.9,60.8,10.3,3.0,76.3,20.0,0.7,0.4,0.4,0.58,0.75,0.92,0.75,2.0,0.35,18.0,0.5,0.5,0.6,7.2,9.5,11.8,9.5,2.0,4.8,18.0,0.5,0.5,0.6,1.53,1.53,1.53,1.53,1.0,0.0,12.0,0.0,0.3,0.5,19.7,19.7,19.7,19.7,1.0,0.0,12.0,0.0,0.3,0.5,-47.6,37.8,64.0,8.9,3.0,85.5,20.0,0.7,0.4,0.4,-26.5,13.4,38.7,6.3,3.0,48.1,20.0,0.7,0.4,0.4,60.3,60.3,60.3,60.3,1.0,0.0,12.0,0.0,0.3,0.5,10.6,10.6,10.6,10.6,1.0,0.0,12.0,0.0,0.3,0.5,19.4,19.4,19.4,19.4,1.0,0.0,12.0,0.0,0.3,0.5,3.4,3.4,3.4,3.4,1.0,0.0,12.0,0.0,0.3,0.5,1233.0,1861.0,2056.0,1649.5,3.0,630.0,20.0,0.7,0.4,0.4,1235.0,1860.0,2055.0,1650.0,3.0,630.0,20.0,0.7,0.4,0.4
1974,2,175.0,44.0,5.48,7.0,7.33,6.69,7.0,1.05,12.0,0.1,0.4,0.4,2.98,4.0,5.05,4.0,7.0,1.19,12.0,0.1,0.4,0.4,3.68,3.99,4.73,4.1,7.0,0.95,12.0,0.1,0.4,0.4,76.1,80.7,91.9,80.1,7.0,13.6,12.0,0.1,0.4,4.98,6.7,12.95,8.46,7.0,4.36,12.0,0.1,0.4,0.4,-6.96,1.67,8.46,0.33,7.0,8.43,12.0,0.1,0.4,0.4,-4.19,0.0,4.85,-0.58,7.0,5.56,12.0,0.1,0.4,0.4,1001.67,1008.5,1016.11,1008.51,7.0,8.51,12.0,0.1,0.4,0.4,3.0,7.0,8.0,6.0,7.0,2.5,12.0,0.1,0.4,0.4,-50.7,4.3,108.5,4.3,7.0,101.3,12.0,0.1,0.4,0.4,-25.1,0.0,32.7,-3.8,7.0,66.8,12.0,0.1,0.4,0.4,1.0,2.5,4.02,2.69,7.0,1.44,12.0,0.1,0.4,0.4,11.5,19.4,30.3,19.6,7.0,10.0,12.0,0.1,0.4,0.4,1.47,1.83,2.63,2.01,7.0,0.97,12.0,0.1,0.4,0.4,10.9,13.1,23.7,15.4,7.0,7.5,12.0,0.1,0.4,0.4,-19.4,8.4,25.9,-1.9,7.0,38.2,12.0,0.1,0.4,0.4,-14.4,0.0,20.1,1.1,7.0,23.3,12.0,0.1,0.4,0.4,-20.5,7.8,32.4,-0.1,7.0,37.2,12.0,0.1,0.4,0.4,-15.7,0.0,22.6,-0.3,7.0,24.6,12.0,0.1,0.4,0.4,-10.5,2.5,15.3,0.1,7.0,15.5,12.0,0.1,0.4,0.4,-10.4,0.0,5.8,-2.3,7.0,9.3,12.0,0.1,0.4,0.4,127.0,301.0,2172.5,1023.5,7.0,1107.0,12.0,0.1,0.4,0.4,125.0,300.0,2170.0,1025.0,7.0,1105.0,12.0,0.1,0.4,0.4
1974,2,175.0,45.0,5.19,6.85,8.6,6.78,6.0,1.93,12.0,0.5,0.7,0.5,2.4,4.15,6.21,4.3,6.0,2.07,12.0,0.5,0.7,0.5,3.25,4.45,5.04,4.26,5.0,1.06,12.0,0.6,0.7,0.5,72.5,79.4,93.2,81.8,5.0,11.1,12.0,0.6,0.5,6.46,9.5,11.25,9.17,6.0,3.76,12.0,0.5,0.7,0.5,-4.22,7.11,9.6,3.88,6.0,7.19,12.0,0.5,0.7,0.5,-6.03,0.0,4.42,-0.77,6.0,6.68,12.0,0.5,0.7,0.5,994.24,1000.7,1007.81,1002.88,6.0,11.08,12.0,0.5,0.7,0.5,3.6,5.5,8.0,5.5,6.0,2.3,12.0,0.5,0.7,0.5,-24.4,57.7,108.6,46.1,6.0,77.0,12.0,0.5,0.7,0.5,-61.6,0.0,45.6,-14.3,6.0,85.7,12.0,0.5,0.7,0.5,-0.6,2.6,5.07,2.48,6.0,2.93,12.0,0.5,0.7,0.5,-3.6,23.7,52.4,28.8,6.0,38.6,12.0,0.5,0.7,0.5,0.64,1.8,2.86,1.81,5.0,1.5,12.0,0.6,0.7,0.5,2.3,13.0,34.1,19.2,5.0,24.2,12.0,0.6,0.7,0.5,-26.7,17.5,31.3,7.4,6.0,35.5,12.0,0.5,0.7,0.5,-13.2,0.0,26.2,6.0,6.0,28.6,12.0,0.5,0.7,0.5,-24.5,18.3,33.1,6.5,5.0,32.6,12.0,0.6,0.7,0.5,-22.8,0.0,16.5,-1.2,5.0,29.8,12.0,0.6,0.7,0.5,-1.3,9.9,26.2,12.8,5.0,17.0,12.0,0.6,0.7,0.5,-22.2,0.0,0.0,-10.9,5.0,20.1,12.0,0.6,0.7,0.5,306.0,875.5,1550.0,1095.5,6.0,1158.0,12.0,0.5,0.7,0.5,305.0,875.0,1550.0,1095.0,6.0,1160.0,12.0,0.5,0.7,0.5
1974,2,175.0,46.0,4.5,5.0,5.44,5.0,8.0,0.76,18.0,0.3,0.4,0.6,3.38,4.0,5.0,3.79,7.0,1.38,18.0,0.3,0.4,0.6,3.74,4.14,4.76,4.13,7.0,0.66,18.0,0.3,0.4,0.6,74.4,83.7,91.3,82.8,7.0,8.9,18.0,0.3,0.6,2.34,7.2,9.68,6.41,8.0,3.47,18.0,0.3,0.4,0.6,-4.18,-1.36,5.12,0.17,8.0,5.4,18.0,0.3,0.4,0.6,-2.38,0.81,7.41,1.69,8.0,5.15,18.0,0.3,0.4,0.6,996.72,1007.7,1027.97,1010.31,8.0,14.6,18.0,0.3,0.4,0.6,3.0,8.0,8.0,5.9,7.0,2.7,18.0,0.1,0.5,0.5,-21.7,-2.2,44.4,7.4,8.0,50.0,18.0,0.3,0.4,0.6,-11.8,9.1,58.3,18.9,8.0,40.8,18.0,0.3,0.4,0.6,-0.02,1.5,1.6,1.21,7.0,1.29,18.0,0.3,0.4,0.6,0.0,11.6,14.9,9.6,7.0,7.1,18.0,0.3,0.4,0.6,0.89,1.36,1.7,1.28,7.0,0.57,18.0,0.3,0.4,0.6,1.4,9.6,11.3,8.2,7.0,5.1,18.0,0.3,0.4,0.6,-8.1,-4.4,20.8,3.2,7.0,24.2,18.0,0.3,0.4,0.6,-2.6,8.0,27.1,12.6,7.0,16.5,18.0,0.3,0.4,0.6,-14.2,-3.7,22.6,2.8,7.0,25.7,18.0,0.3,0.4,0.6,-4.7,8.5,31.6,12.8,7.0,18.3,18.0,0.3,0.4,0.6,-6.3,-0.8,9.3,0.4,7.0,7.2,18.0,0.3,0.4,0.6,-0.7,1.6,10.3,3.5,7.0,6.3,18.0,0.3,0.4,0.6,22.0,378.5,910.0,449.0,8.0,417.0,18.0,0.3,0.4,0.6,20.0,380.0,910.0,450.0,8.0,415.0,18.0,0.3,0.4,0.6
1974,2,175.0,47.0,3.56,4.25,5.0,4.38,8.0,0.95,16.0,0.4,0.3,0.5,1.06,3.0,4.39,2.69,8.0,1.73,16.0,0.4,0.3,0.5,3.17,3.68,4.39,3.74,8.0,0.72,16.0,0.4,0.3,0.5,75.3,81.3,85.4,80.2,8.0,8.3,16.0,0.4,0.5,5.76,11.8,16.38,11.19,8.0,5.66,16.0,0.4,0.3,0.5,-13.56,-2.63,2.76,-4.16,8.0,8.1,16.0,0.4,0.3,0.5,-13.55,-4.24,5.12,-3.89,8.0,8.51,16.0,0.4,0.3,0.5,1001.59,1008.0,1022.46,1007.31,8.0,17.27,16.0,0.4,0.3,0.5,5.7,8.0,8.0,6.4,7.0,2.9,16.0,0.3,0.3,0.5,-207.1,-25.8,15.4,-75.7,8.0,123.6,16.0,0.4,0.3,0.5,-210.4,-21.3,41.2,-62.4,8.0,128.1,16.0,0.4,0.3,0.5,-1.22,2.0,3.89,1.69,8.0,2.28,16.0,0.4,0.3,0.5,-7.4,16.8,39.2,19.3,8.0,31.7,16.0,0.4,0.3,0.5,0.37,1.61,2.12,1.47,8.0,0.98,16.0,0.4,0.3,0.5,4.4,11.9,25.9,16.0,8.0,13.0,16.0,0.4,0.3,0.5,-18.8,0.0,7.8,-8.5,8.0,26.7,16.0,0.4,0.3,0.5,-23.6,-1.8,19.5,-4.3,8.0,25.3,16.0,0.4,0.3,0.5,-49.5,-10.4,10.2,-15.0,8.0,31.0,16.0,0.4,0.3,0.5,-52.8,-14.0,19.5,-12.7,8.0,32.7,16.0,0.4,0.3,0.5,-9.4,-2.0,5.1,-5.9,8.0,13.5,16.0,0.4,0.3,0.5,-23.2,-10.0,1.0,-9.3,8.0,11.9,16.0,0.4,0.3,0.5,191.0,2102.0,4399.0,2334.0,8.0,2320.5,16.0,0.4,0.3,0.5,190.0,2100.0,4400.0,2335.0,8.0,2320.0,16.0,0.4,0.3,0.5
1974,2,175.0,48.0,3.86,5.0,6.0,4.71,7.0,1.8,14.0,0.6,0.5,0.4,3.0,3.5,4.0,3.31,8.0,0.84,14.0,0.5,0.5,0.3,3.31,3.95,4.12,3.85,8.0,0.47,14.0,0.5,0.5,0.3,71.2,79.3,84.2,79.6,8.0,7.5,14.0,0.5,0.3,8.32,16.45,19.42,14.29,8.0,5.72,14.0,0.5,0.5,0.3,-16.72,-11.07,1.95,-8.65,8.0,9.07,14.0,0.5,0.5,0.3,-3.73,6.22,10.13,3.83,8.0,9.03,14.0,0.5,0.5,0.3,996.83,1008.25,1018.68,1005.95,8.0,16.65,14.0,0.5,0.5,0.3,4.0,8.0,8.0,6.7,7.0,1.9,14.0,0.6,0.5,0.3,-303.3,-173.2,7.1,-164.9,8.0,160.5,14.0,0.5,0.5,0.3,-19.3,83.2,205.6,72.4,8.0,149.3,14.0,0.5,0.5,0.3,0.33,1.5,3.0,1.14,7.0,2.06,14.0,0.6,0.5,0.4,8.6,19.6,35.9,19.2,7.0,24.1,14.0,0.6,0.5,0.4,0.7,1.69,2.28,1.43,7.0,0.9,14.0,0.6,0.5,0.4,10.0,19.8,40.0,22.3,7.0,16.1,14.0,0.6,0.5,0.4,-60.6,-34.6,6.4,-29.2,8.0,33.6,14.0,0.5,0.5,0.3,-12.2,21.8,35.9,13.6,8.0,32.6,14.0,0.5,0.5,0.3,-68.1,-38.6,7.8,-32.7,8.0,35.9,14.0,0.5,0.5,0.3,-15.3,23.1,40.5,15.0,8.0,36.7,14.0,0.5,0.5,0.3,-34.8,-11.1,0.3,-15.6,7.0,17.5,14.0,0.6,0.5,0.4,-9.9,9.3,15.8,3.0,7.0,15.5,14.0,0.6,0.5,0.4,579.5,4506.0,7341.5,4082.0,8.0,3314.0,14.0,0.5,0.5,0.3,580.0,4505.0,7340.0,4080.0,8.0,3315.0,14.0,0.5,0.5,0.3
1974,2,175.0,49.0,3.06,4.0,4.0,4.06,8.0,1.5,16.0,0.4,0.5,0.5,0.27,2.0,5.45,2.53,9.0,2.57,16.0,0.3,0.5,0.5,3.47,3.99,4.84,4.07,6.0,0.77,18.0,0.3,0.5,0.5,80.6,88.8,92.7,86.0,6.0,9.0,18.0,0.3,0.5,5.0,10.3,13.79,9.62,10.0,4.68,14.0,0.4,0.5,0.6,-10.01,1.0,5.33,-1.33,10.0,8.34,14.0,0.4,0.5,0.6,-8.93,0.84,6.91,-0.85,10.0,7.24,14.0,0.4,0.5,0.6,994.58,1008.0,1024.86,1010.01,10.0,13.77,14.0,0.4,0.5,0.6,4.0,6.0,8.0,6.1,7.0,2.0,10.0,0.6,0.6,0.5,-142.3,2.6,50.1,-38.1,10.0,122.1,14.0,0.4,0.5,0.6,-95.9,2.2,62.9,-11.5,10.0,79.3,14.0,0.4,0.5,0.6,-2.28,1.75,2.94,1.09,8.0,3.06,16.0,0.4,0.5,0.5,-6.4,23.7,29.4,18.1,8.0,29.3,16.0,0.4,0.5,0.5,0.14,0.99,2.19,1.17,6.0,1.14,18.0,0.3,0.5,0.5,1.6,13.3,31.0,15.8,6.0,14.7,18.0,0.3,0.5,0.5,-21.3,0.0,11.6,-3.5,9.0,21.5,16.0,0.3,0.5,0.5,-5.5,0.0,30.0,8.0,9.0,18.1,16.0,0.3,0.5,0.5,-45.8,-6.0,30.4,-10.3,6.0,41.7,18.0,0.3,0.5,0.5,-27.9,4.2,25.5,0.9,6.0,28.6,18.0,0.3,0.5,0.5,-19.8,-7.8,2.9,-8.3,6.0,13.4,18.0,0.3,0.5,0.5,-12.2,-0.1,4.3,-3.8,6.0,15.4,18.0,0.3,0.5,0.5,141.5,1092.5,2688.0,1467.0,10.0,1692.5,14.0,0.4,0.5,0.6,140.0,1095.0,2690.0,1465.0,10.0,1690.0,14.0,0.4,0.5,0.6
1974,2,175.0,50.0,2.66,3.0,3.6,3.12,6.0,0.55,16.0,0.3,0.3,0.6,1.69,2.4,3.41,2.55,6.0,1.49,16.0,0.3,0.3,0.6,2.87,3.56,3.72,3.36,5.0,0.5,18.0,0.4,0.3,0.5,63.0,67.9,86.7,73.6,5.0,13.3,18.0,0.4,0.5,5.62,9.3,17.03,11.22,5.0,6.9,18.0,0.4,0.3,0.5,-15.8,-6.11,-1.08,-8.1,5.0,9.4,18.0,0.4,0.3,0.5,0.68,2.96,7.76,3.99,5.0,3.82,18.0,0.4,0.3,0.5,996.0,1009.05,1026.52,1010.15,6.0,15.15,16.0,0.3,0.3,0.6,1.6,4.0,6.1,4.0,5.0,2.7,16.0,0.2,0.3,0.6,-284.4,-37.9,0.5,-134.1,5.0,201.6,18.0,0.4,0.3,0.5,4.2,13.6,89.5,41.0,5.0,47.9,18.0,0.4,0.3,0.5,-0.49,0.75,2.0,0.57,6.0,1.51,16.0,0.3,0.3,0.6,-7.2,4.6,20.3,7.2,5.0,22.5,18.0,0.4,0.3,0.5,0.87,1.23,1.82,1.32,5.0,0.53,18.0,0.4,0.3,0.5,6.6,11.4,23.8,14.7,5.0,10.1,18.0,0.4,0.3,0.5,-24.5,-10.8,1.3,-11.3,5.0,19.2,18.0,0.4,0.3,0.5,1.9,5.9,29.7,14.8,5.0,18.2,18.0,0.4,0.3,0.5,-50.2,-24.1,-2.4,-27.0,5.0,33.1,18.0,0.4,0.3,0.5,2.7,8.6,24.0,12.8,5.0,12.7,18.0,0.4,0.3,0.5,-22.4,-6.0,-1.3,-10.5,5.0,12.1,18.0,0.4,0.3,0.5,0.5,5.0,12.1,6.2,5.0,6.3,18.0,0.4,0.3,0.5,187.0,804.5,5576.0,2840.5,5.0,4208.5,18.0,0.4,0.3,0.5,185.0,805.0,5575.0,2840.0,5.0,4210.0,18.0,0.4,0.3,0.5
1974,2,175.0,51.0,3.0,3.0,3.0,3.0,1.0,0.0,22.0,0.0,0.8,0.3,2.0,2.0,2.0,2.0,1.0,0.0,22.0,0.0,0.8,0.3,4.07,4.07,4.07,4.07,1.0,0.0,22.0,0.0,0.8,0.3,93.1,93.1,93.1,93.1,1.0,0.0,22.0,0.0,0.3,18.0,18.0,18.0,18.0,1.0,0.0,22.0,0.0,0.8,0.3,-16.91,-16.91,-16.91,-16.91,1.0,0.0,22.0,0.0,0.8,0.3,-6.16,-6.16,-6.16,-6.16,1.0,0.0,22.0,0.0,0.8,0.3,1010.5,1010.5,1010.5,1010.5,1.0,0.0,22.0,0.0,0.8,0.3,,,,,,,,,,,,,,,,,,,,,,,,,,,,,,,1.0,1.0,1.0,1.0,1.0,0.0,22.0,0.0,0.8,0.3,18.0,18.0,18.0,18.0,1.0,0.0,22.0,0.0,0.8,0.3,0.63,0.63,0.63,0.63,1.0,0.0,22.0,0.0,0.8,0.3,11.3,11.3,11.3,11.3,1.0,0.0,22.0,0.0,0.8,0.3,-33.8,-33.8,-33.8,-33.8,1.0,0.0,22.0,0.0,0.8,0.3,-12.3,-12.3,-12.3,-12.3,1.0,0.0,22.0,0.0,0.8,0.3,-68.9,-68.9,-68.9,-68.9,1.0,0.0,22.0,0.0,0.8,0.3,-25.1,-25.1,-25.1,-25.1,1.0,0.0,22.0,0.0,0.8,0.3,-10.6,-10.6,-10.6,-10.6,1.0,0.0,22.0,0.0,0.8,0.3,-3.9,-3.9,-3.9,-3.9,1.0,0.0,22.0,0.0,0.8,0.3,5832.0,5832.0,5832.0,5832.0,1.0,0.0,22.0,0.0,0.8,0.3,5830.0,5830.0,5830.0,5830.0,1.0,0.0,22.0,0.0,0.8,0.3
1974,2,175.0,52.0,1.64,3.9,4.0,3.22,10.0,1.33,14.0,0.2,0.5,0.5,-2.03,0.0,2.76,0.37,12.0,2.75,14.0,0.3,0.5,0.5,2.47,2.98,3.64,3.19,8.0,0.86,14.0,0.1,0.5,0.5,68.7,84.7,89.1,80.5,8.0,11.9,14.0,0.1,0.5,8.23,10.3,14.9,10.81,12.0,3.65,14.0,0.3,0.5,0.5,-13.35,-4.84,1.56,-5.11,12.0,7.36,14.0,0.3,0.5,0.5,-8.76,-2.51,4.52,-2.13,12.0,7.29,14.0,0.3,0.5,0.5,1001.72,1014.25,1024.93,1013.23,12.0,13.75,14.0,0.3,0.5,0.5,6.3,8.0,8.0,7.2,9.0,1.4,12.0,0.3,0.6,0.5,-199.0,-49.8,6.6,-73.9,12.0,97.7,14.0,0.3,0.5,0.5,-105.1,-12.8,55.7,-20.3,12.0,85.9,14.0,0.3,0.5,0.5,-0.36,1.85,6.14,2.71,10.0,3.08,14.0,0.2,0.5,0.5,0.1,21.4,68.8,29.5,10.0,30.9,14.0,0.2,0.5,0.5,0.71,2.04,2.3,1.6,6.0,0.94,12.0,0.0,0.5,0.5,7.2,14.7,24.8,15.1,6.0,10.3,12.0,0.0,0.5,0.5,-4.8,0.0,11.9,2.6,12.0,12.5,14.0,0.3,0.5,0.5,-1.9,5.1,20.6,4.9,12.0,16.7,14.0,0.3,0.5,0.5,-25.6,0.0,15.8,-3.8,8.0,19.3,14.0,0.1,0.5,0.5,-27.1,-17.2,11.7,-7.7,8.0,23.5,14.0,0.1,0.5,0.5,-11.2,-2.0,4.0,-3.4,6.0,11.1,12.0,0.0,0.5,0.5,-19.2,-12.5,0.7,-10.6,6.0,10.3,12.0,0.0,0.5,0.5,633.5,1092.5,3308.0,1631.0,12.0,1189.5,14.0,0.3,0.5,0.5,635.0,1095.0,3310.0,1630.0,12.0,1190.0,14.0,0.3,0.5,0.5
1974,2,175.0,53.0,3.0,4.5,4.52,4.07,7.0,0.79,12.0,0.3,0.6,0.5,0.11,2.0,3.0,1.56,8.0,1.66,12.0,0.3,0.6,0.5,3.3,3.36,3.45,3.27,8.0,0.35,12.0,0.3,0.6,0.5,69.2,79.7,90.1,78.0,8.0,14.9,12.0,0.3,0.5,7.7,8.2,12.5,8.81,8.0,3.04,12.0,0.3,0.6,0.5,-8.45,-2.5,5.54,-2.33,8.0,6.88,12.0,0.3,0.6,0.5,-4.95,0.0,6.57,0.07,8.0,6.67,12.0,0.3,0.6,0.5,1002.06,1004.05,1021.67,1008.51,8.0,11.58,12.0,0.3,0.6,0.5,3.3,6.0,8.0,6.0,8.0,2.1,12.0,0.3,0.6,0.5,-82.4,-13.6,42.6,-30.2,8.0,73.7,12.0,0.3,0.6,0.5,-38.1,0.0,50.0,5.4,8.0,69.5,12.0,0.3,0.6,0.5,0.0,3.0,4.57,2.71,7.0,2.31,12.0,0.3,0.6,0.5,0.0,16.2,46.5,21.5,7.0,20.6,12.0,0.3,0.6,0.5,1.56,1.75,2.03,1.8,7.0,0.28,12.0,0.3,0.6,0.5,12.9,14.2,21.5,16.2,7.0,6.4,12.0,0.3,0.6,0.5,-20.3,-5.6,7.0,-8.0,8.0,15.8,12.0,0.3,0.6,0.5,-6.6,0.0,10.8,0.7,8.0,14.4,12.0,0.3,0.6,0.5,-29.1,-7.7,18.9,-7.5,8.0,23.3,12.0,0.3,0.6,0.5,-17.5,0.0,21.7,1.1,8.0,20.9,12.0,0.3,0.6,0.5,-13.9,-5.9,10.2,-4.8,7.0,11.6,12.0,0.3,0.6,0.5,-9.7,0.0,3.1,-2.0,7.0,13.4,12.0,0.3,0.6,0.5,456.5,557.5,1998.0,896.5,8.0,801.5,12.0,0.3,0.6,0.5,455.0,560.0,2000.0,895.0,8.0,800.0,12.0,0.3,0.6,0.5
1974,2,175.0,54.0,,,,,,,,,,,,,,,,,,,,,,,,,,,,,,,,,,,,,,,,12.9,12.9,12.9,12.9,1.0,0.0,2.0,0.0,0.0,0.1,-4.41,-4.41,-4.41,-4.41,1.0,0.0,2.0,0.0,0.0,0.1,-12.12,-12.12,-12.12,-12.12,1.0,0.0,2.0,0.0,0.0,0.1,1004.1,1004.1,1004.1,1004.1,1.0,0.0,2.0,0.0,0.0,0.1,,,,,,,,,,,,,,,,,,,,,,,,,,,,,,,,,,,,,,,,,,,,,,,,,,,,,,,,,,,,,,,,,,,,,,,,,,,,,,,,,,,,,,,,,,,,,,,,,,,,,,,,,,,,,,,,,,,,,,,,,,,,,,,,,,,,,,,,,,,,,,,,,,,,,,
1974,2,175.0,55.0,,,,,,,,,,,,,,,,,,,,,,,,,,,,,,,,,,,,,,,,12.4,18.0,18.0,15.27,3.0,4.73,20.0,0.0,0.5,0.5,-13.79,-13.79,-10.17,-12.02,3.0,3.06,20.0,0.0,0.5,0.5,0.33,11.57,11.57,6.08,3.0,9.51,20.0,0.0,0.5,0.5,1012.12,1020.35,1028.58,1020.35,2.0,17.04,20.0,0.0,0.3,0.4,,,,,,,,,,,,,,,,,,,,,,,,,,,,,,,,,,,,,,,,,,,,,,,,,,,,,,,,,,,,,,,,,,,,,,,,,,,,,,,,,,,,,,,,,,,,,,,,,,,,,,,,,,,,,,,,,,,,,,,,,,,,,,,,,,,,,,,,,,,,,,,,,,,,,,
1974,2,175.0,56.0,,,,,,,,,,,,,,,,,,,,,,,,,,,,,,,,,,,,,,,,20.1,20.1,20.1,20.1,1.0,0.0,12.0,0.0,0.6,0.7,-18.89,-18.89,-18.89,-18.89,1.0,0.0,12.0,0.0,0.6,0.7,-6.87,-6.87,-6.87,-6.87,1.0,0.0,12.0,0.0,0.6,0.7,1002.3,1002.3,1002.3,1002.3,1.0,0.0,12.0,0.0,0.6,0.7,,,,,,,,,,,,,,,,,,,,,,,,,,,,,,,,,,,,,,,,,,,,,,,,,,,,,,,,,,,,,,,,,,,,,,,,,,,,,,,,,,,,,,,,,,,,,,,,,,,,,,,,,,,,,,,,,,,,,,,,,,,,,,,,,,,,,,,,,,,,,,,,,,,,,,
1974,2,175.0,57.0,,,,,,,,,,,,,,,,,,,,,,,,,,,,,,,,,,,,,,,,9.33,12.9,15.52,12.45,4.0,3.73,12.0,0.5,0.3,0.2,-10.38,-4.7,7.49,-1.6,4.0,12.58,12.0,0.5,0.3,0.2,-6.87,-1.37,3.93,-1.47,4.0,7.49,12.0,0.5,0.3,0.2,1006.18,1009.1,1013.65,1009.88,4.0,5.75,12.0,0.5,0.3,0.2,,,,,,,,,,,,,,,,,,,,,,,,,,,,,,,,,,,,,,,,,,,,,,,,,,,,,,,,,,,,,,,,,,,,,,,,,,,,,,,,,,,,,,,,,,,,,,,,,,,,,,,,,,,,,,,,,,,,,,,,,,,,,,,,,,,,,,,,,,,,,,,,,,,,,,
1974,2,175.0,58.0,,,,,,,,,,,,,,,,,,,,,,,,,,,,,,,,,,,,,,,,6.0,10.0,15.0,10.47,35.0,4.55,14.0,0.5,0.4,0.5,-10.85,-4.6,0.0,-3.7,35.0,7.28,14.0,0.5,0.4,0.5,-11.51,-6.43,-0.97,-6.68,35.0,4.52,14.0,0.5,0.4,0.5,995.9,1009.3,1022.6,1009.17,31.0,14.41,14.0,0.5,0.4,0.5,,,,,,,,,,,,,,,,,,,,,,,,,,,,,,,,,,,,,,,,,,,,,,,,,,,,,,,,,,,,,,,,,,,,,,,,,,,,,,,,,,,,,,,,,,,,,,,,,,,,,,,,,,,,,,,,,,,,,,,,,,,,,,,,,,,,,,,,,,,,,,,,,,,,,,
1974,2,175.0,59.0,,,,,,,,,,,,,,,,,,,,,,,,,,,,,,,,,,,,,,,,6.2,6.2,6.2,6.2,1.0,0.0,4.0,0.0,0.0,0.3,1.08,1.08,1.08,1.08,1.0,0.0,4.0,0.0,0.0,0.3,-6.11,-6.11,-6.11,-6.11,1.0,0.0,4.0,0.0,0.0,0.3,1013.3,1013.3,1013.3,1013.3,1.0,0.0,4.0,0.0,0.0,0.3,,,,,,,,,,,,,,,,,,,,,,,,,,,,,,,,,,,,,,,,,,,,,,,,,,,,,,,,,,,,,,,,,,,,,,,,,,,,,,,,,,,,,,,,,,,,,,,,,,,,,,,,,,,,,,,,,,,,,,,,,,,,,,,,,,,,,,,,,,,,,,,,,,,,,,
1974,2,176.0,-74.0,0.0,0.0,0.0,0.0,1.0,0.0,18.0,1.0,0.0,0.9,-0.6,-0.6,-0.6,-0.6,1.0,0.0,18.0,1.0,0.0,0.9,3.75,3.75,3.75,3.75,1.0,0.0,18.0,1.0,0.0,0.9,100.0,100.0,100.0,100.0,1.0,0.0,18.0,1.0,0.9,12.9,12.9,12.9,12.9,1.0,0.0,18.0,1.0,0.0,0.9,-12.7,-12.7,-12.7,-12.7,1.0,0.0,18.0,1.0,0.0,0.9,2.24,2.24,2.24,2.24,1.0,0.0,18.0,1.0,0.0,0.9,976.0,976.0,976.0,976.0,1.0,0.0,18.0,1.0,0.0,0.9,,,,,,,,,,,,,,,,,,,,,,,,,,,,,,,0.6,0.6,0.6,0.6,1.0,0.0,18.0,1.0,0.0,0.9,7.7,7.7,7.7,7.7,1.0,0.0,18.0,1.0,0.0,0.9,0.17,0.17,0.17,0.17,1.0,0.0,18.0,1.0,0.0,0.9,2.2,2.2,2.2,2.2,1.0,0.0,18.0,1.0,0.0,0.9,7.6,7.6,7.6,7.6,1.0,0.0,18.0,1.0,0.0,0.9,-1.3,-1.3,-1.3,-1.3,1.0,0.0,18.0,1.0,0.0,0.9,-47.7,-47.7,-47.7,-47.7,1.0,0.0,18.0,1.0,0.0,0.9,8.4,8.4,8.4,8.4,1.0,0.0,18.0,1.0,0.0,0.9,-2.1,-2.1,-2.1,-2.1,1.0,0.0,18.0,1.0,0.0,0.9,0.4,0.4,0.4,0.4,1.0,0.0,18.0,1.0,0.0,0.9,2146.5,2146.5,2146.5,2146.5,1.0,0.0,18.0,1.0,0.0,0.9,2145.0,2145.0,2145.0,2145.0,1.0,0.0,18.0,1.0,0.0,0.9
1974,2,176.0,-67.0,1.2,1.2,1.2,1.2,1.0,0.0,18.0,0.0,0.8,0.3,-0.6,-0.6,-0.6,-0.6,1.0,0.0,18.0,0.0,0.8,0.3,3.31,3.31,3.31,3.31,1.0,0.0,18.0,0.0,0.8,0.3,88.9,88.9,88.9,88.9,1.0,0.0,18.0,0.0,0.3,7.7,7.7,7.7,7.7,1.0,0.0,18.0,0.0,0.8,0.3,7.58,7.58,7.58,7.58,1.0,0.0,18.0,0.0,0.8,0.3,-1.34,-1.34,-1.34,-1.34,1.0,0.0,18.0,0.0,0.8,0.3,985.3,985.3,985.3,985.3,1.0,0.0,18.0,0.0,0.8,0.3,8.0,8.0,8.0,8.0,1.0,0.0,18.0,0.0,0.8,0.3,58.4,58.4,58.4,58.4,1.0,0.0,18.0,0.0,0.8,0.3,-10.3,-10.3,-10.3,-10.3,1.0,0.0,18.0,0.0,0.8,0.3,1.8,1.8,1.8,1.8,1.0,0.0,18.0,0.0,0.8,0.3,13.9,13.9,13.9,13.9,1.0,0.0,18.0,0.0,0.8,0.3,0.93,0.93,0.93,0.93,1.0,0.0,18.0,0.0,0.8,0.3,7.2,7.2,7.2,7.2,1.0,0.0,18.0,0.0,0.8,0.3,-4.5,-4.5,-4.5,-4.5,1.0,0.0,18.0,0.0,0.8,0.3,0.8,0.8,0.8,0.8,1.0,0.0,18.0,0.0,0.8,0.3,25.1,25.1,25.1,25.1,1.0,0.0,18.0,0.0,0.8,0.3,-4.4,-4.4,-4.4,-4.4,1.0,0.0,18.0,0.0,0.8,0.3,7.1,7.1,7.1,7.1,1.0,0.0,18.0,0.0,0.8,0.3,-1.2,-1.2,-1.2,-1.2,1.0,0.0,18.0,0.0,0.8,0.3,456.5,456.5,456.5,456.5,1.0,0.0,18.0,0.0,0.8,0.3,455.0,455.0,455.0,455.0,1.0,0.0,18.0,0.0,0.8,0.3
1974,2,176.0,-59.0,6.2,6.2,6.2,6.2,1.0,0.0,10.0,1.0,0.1,0.1,5.6,5.6,5.6,5.6,1.0,0.0,10.0,1.0,0.1,0.1,4.32,4.32,4.32,4.32,1.0,0.0,10.0,1.0,0.1,0.1,76.0,76.0,76.0,76.0,1.0,0.0,10.0,1.0,0.1,15.4,15.4,15.4,15.4,1.0,0.0,10.0,1.0,0.1,0.1,15.17,15.17,15.17,15.17,1.0,0.0,10.0,1.0,0.1,0.1,2.67,2.67,2.67,2.67,1.0,0.0,10.0,1.0,0.1,0.1,1001.7,1001.7,1001.7,1001.7,1.0,0.0,10.0,1.0,0.1,0.1,5.0,5.0,5.0,5.0,1.0,0.0,10.0,1.0,0.1,0.1,233.6,233.6,233.6,233.6,1.0,0.0,10.0,1.0,0.1,0.1,41.2,41.2,41.2,41.2,1.0,0.0,10.0,1.0,0.1,0.1,0.6,0.6,0.6,0.6,1.0,0.0,10.0,1.0,0.1,0.1,9.2,9.2,9.2,9.2,1.0,0.0,10.0,1.0,0.1,0.1,1.61,1.61,1.61,1.61,1.0,0.0,10.0,1.0,0.1,0.1,24.8,24.8,24.8,24.8,1.0,0.0,10.0,1.0,0.1,0.1,84.9,84.9,84.9,84.9,1.0,0.0,10.0,1.0,0.1,0.1,15.0,15.0,15.0,15.0,1.0,0.0,10.0,1.0,0.1,0.1,65.5,65.5,65.5,65.5,1.0,0.0,10.0,1.0,0.1,0.1,11.6,11.6,11.6,11.6,1.0,0.0,10.0,1.0,0.1,0.1,24.5,24.5,24.5,24.5,1.0,0.0,10.0,1.0,0.1,0.1,4.3,4.3,4.3,4.3,1.0,0.0,10.0,1.0,0.1,0.1,3652.5,3652.5,3652.5,3652.5,1.0,0.0,10.0,1.0,0.1,0.1,3650.0,3650.0,3650.0,3650.0,1.0,0.0,10.0,1.0,0.1,0.1
1974,2,176.0,-47.0,13.48,13.65,13.82,13.65,2.0,0.35,16.0,1.0,0.5,0.7,12.9,13.75,14.6,13.75,2.0,1.77,16.0,1.0,0.5,0.7,7.18,8.57,9.95,8.57,2.0,2.87,16.0,1.0,0.5,0.7,78.1,87.0,95.9,87.0,2.0,18.4,16.0,1.0,0.7,4.25,5.65,7.05,5.65,2.0,2.9,16.0,1.0,0.5,0.7,-0.53,-0.31,-0.1,-0.31,2.0,0.44,16.0,1.0,0.5,0.7,-5.92,-2.08,1.76,-2.08,2.0,7.95,16.0,1.0,0.5,0.7,1014.36,1020.3,1026.24,1020.3,2.0,12.3,16.0,1.0,0.5,0.7,8.0,8.0,8.0,8.0,1.0,0.0,18.0,1.0,0.5,0.7,-1.9,-1.1,-0.4,-1.1,2.0,1.6,16.0,1.0,0.5,0.7,-47.9,-23.3,1.3,-23.3,2.0,50.9,16.0,1.0,0.5,0.7,-0.78,-0.1,0.58,-0.1,2.0,1.41,16.0,1.0,0.5,0.7,-6.6,-2.6,1.4,-2.6,2.0,8.3,16.0,1.0,0.5,0.7,-0.16,1.06,2.28,1.06,2.0,2.53,16.0,1.0,0.5,0.7,-3.1,2.3,7.7,2.3,2.0,11.2,16.0,1.0,0.5,0.7,-6.6,-3.9,-1.2,-3.9,2.0,5.5,16.0,1.0,0.5,0.7,-90.1,-35.6,19.0,-35.6,2.0,113.0,16.0,1.0,0.5,0.7,-3.4,-2.0,-0.6,-2.0,2.0,2.9,16.0,1.0,0.5,0.7,-64.9,-29.2,6.6,-29.2,2.0,74.1,16.0,1.0,0.5,0.7,-1.5,-0.9,-0.3,-0.9,2.0,1.3,16.0,1.0,0.5,0.7,6.3,7.9,9.4,7.9,2.0,3.1,16.0,1.0,0.5,0.7,111.5,251.5,391.5,251.5,2.0,290.0,16.0,1.0,0.5,0.7,110.0,250.0,390.0,250.0,2.0,290.0,16.0,1.0,0.5,0.7
1974,2,176.0,-44.0,16.7,16.7,16.7,16.7,1.0,0.0,24.0,1.0,0.7,0.5,18.5,18.5,18.5,18.5,1.0,0.0,24.0,1.0,0.7,0.5,11.01,11.01,11.01,11.01,1.0,0.0,24.0,1.0,0.7,0.5,83.2,83.2,83.2,83.2,1.0,0.0,24.0,1.0,0.5,16.5,16.5,16.5,16.5,1.0,0.0,24.0,1.0,0.7,0.5,-5.64,-5.64,-5.64,-5.64,1.0,0.0,24.0,1.0,0.7,0.5,-15.5,-15.5,-15.5,-15.5,1.0,0.0,24.0,1.0,0.7,0.5,1011.7,1011.7,1011.7,1011.7,1.0,0.0,24.0,1.0,0.7,0.5,7.0,7.0,7.0,7.0,1.0,0.0,24.0,1.0,0.7,0.5,-93.1,-93.1,-93.1,-93.1,1.0,0.0,24.0,1.0,0.7,0.5,-255.8,-255.8,-255.8,-255.8,1.0,0.0,24.0,1.0,0.7,0.5,-1.8,-1.8,-1.8,-1.8,1.0,0.0,24.0,1.0,0.7,0.5,-29.7,-29.7,-29.7,-29.7,1.0,0.0,24.0,1.0,0.7,0.5,0.81,0.81,0.81,0.81,1.0,0.0,24.0,1.0,0.7,0.5,13.3,13.3,13.3,13.3,1.0,0.0,24.0,1.0,0.7,0.5,-104.4,-104.4,-104.4,-104.4,1.0,0.0,24.0,1.0,0.7,0.5,-286.8,-286.8,-286.8,-286.8,1.0,0.0,24.0,1.0,0.7,0.5,-62.1,-62.1,-62.1,-62.1,1.0,0.0,24.0,1.0,0.7,0.5,-170.7,-170.7,-170.7,-170.7,1.0,0.0,24.0,1.0,0.7,0.5,-4.6,-4.6,-4.6,-4.6,1.0,0.0,24.0,1.0,0.7,0.5,-12.5,-12.5,-12.5,-12.5,1.0,0.0,24.0,1.0,0.7,0.5,4492.0,4492.0,4492.0,4492.0,1.0,0.0,24.0,1.0,0.7,0.5,4490.0,4490.0,4490.0,4490.0,1.0,0.0,24.0,1.0,0.7,0.5
1974,2,176.0,-43.0,18.3,18.3,18.3,18.3,1.0,0.0,28.0,0.0,0.4,0.1,16.3,16.3,16.3,16.3,1.0,0.0,28.0,0.0,0.4,0.1,9.3,9.3,9.3,9.3,1.0,0.0,28.0,0.0,0.4,0.1,80.8,80.8,80.8,80.8,1.0,0.0,28.0,0.0,0.1,4.1,4.1,4.1,4.1,1.0,0.0,28.0,0.0,0.4,0.1,-1.4,-1.4,-1.4,-1.4,1.0,0.0,28.0,0.0,0.4,0.1,-3.85,-3.85,-3.85,-3.85,1.0,0.0,28.0,0.0,0.4,0.1,1011.2,1011.2,1011.2,1011.2,1.0,0.0,28.0,0.0,0.4,0.1,0.0,0.0,0.0,0.0,1.0,0.0,28.0,0.0,0.4,0.1,-5.7,-5.7,-5.7,-5.7,1.0,0.0,28.0,0.0,0.4,0.1,-15.8,-15.8,-15.8,-15.8,1.0,0.0,28.0,0.0,0.4,0.1,2.0,2.0,2.0,2.0,1.0,0.0,28.0,0.0,0.4,0.1,8.2,8.2,8.2,8.2,1.0,0.0,28.0,0.0,0.4,0.1,3.79,3.79,3.79,3.79,1.0,0.0,28.0,0.0,0.4,0.1,15.5,15.5,15.5,15.5,1.0,0.0,28.0,0.0,0.4,0.1,-22.9,-22.9,-22.9,-22.9,1.0,0.0,28.0,0.0,0.4,0.1,-62.8,-62.8,-62.8,-62.8,1.0,0.0,28.0,0.0,0.4,0.1,-13.0,-13.0,-13.0,-13.0,1.0,0.0,28.0,0.0,0.4,0.1,-35.8,-35.8,-35.8,-35.8,1.0,0.0,28.0,0.0,0.4,0.1,-5.3,-5.3,-5.3,-5.3,1.0,0.0,28.0,0.0,0.4,0.1,-14.6,-14.6,-14.6,-14.6,1.0,0.0,28.0,0.0,0.4,0.1,69.0,69.0,69.0,69.0,1.0,0.0,28.0,0.0,0.4,0.1,70.0,70.0,70.0,70.0,1.0,0.0,28.0,0.0,0.4,0.1
1974,2,176.0,-42.0,17.93,18.0,18.43,17.99,7.0,0.75,14.0,0.9,0.2,0.8,16.11,18.9,20.41,18.53,6.0,2.51,16.0,0.8,0.2,0.8,9.04,10.03,10.53,9.79,5.0,1.27,18.0,0.8,0.2,0.8,68.3,75.1,86.8,77.6,5.0,10.8,18.0,0.8,0.8,3.98,6.2,10.3,6.6,7.0,3.33,14.0,0.9,0.2,0.8,-4.11,1.4,8.99,2.15,7.0,6.34,14.0,0.9,0.2,0.8,-3.91,0.0,4.79,0.41,7.0,4.01,14.0,0.9,0.2,0.8,1010.99,1019.5,1026.25,1017.43,7.0,9.05,14.0,0.9,0.2,0.8,3.6,4.5,7.2,5.0,6.0,2.2,16.0,0.8,0.2,0.8,-26.3,5.7,92.6,21.0,7.0,59.6,14.0,0.9,0.2,0.8,-17.6,0.0,30.4,1.6,7.0,32.4,14.0,0.9,0.2,0.8,-2.81,-1.2,2.68,-0.55,6.0,2.84,16.0,0.8,0.2,0.8,-24.9,-2.7,19.4,-4.3,6.0,24.0,16.0,0.8,0.2,0.8,1.96,2.95,4.02,2.99,5.0,1.89,18.0,0.8,0.2,0.8,8.1,17.8,37.4,22.2,5.0,18.7,18.0,0.8,0.2,0.8,-70.0,13.2,188.4,43.7,6.0,132.6,16.0,0.8,0.2,0.8,-78.7,14.3,75.5,2.7,6.0,77.6,16.0,0.8,0.2,0.8,-43.6,0.0,41.7,2.6,5.0,55.6,18.0,0.8,0.2,0.8,-43.6,16.9,44.5,3.2,5.0,46.0,18.0,0.8,0.2,0.8,-21.2,0.0,12.3,-3.8,5.0,23.5,18.0,0.8,0.2,0.8,-13.0,0.6,20.3,3.8,5.0,19.4,18.0,0.8,0.2,0.8,66.0,238.5,1092.5,469.5,7.0,475.5,14.0,0.9,0.2,0.8,65.0,240.0,1095.0,470.0,7.0,475.0,14.0,0.9,0.2,0.8
1974,2,176.0,-41.0,18.48,19.2,19.71,19.1,4.0,0.84,16.0,0.8,0.6,0.3,18.08,18.8,19.37,18.7,5.0,1.08,16.0,0.8,0.7,0.4,9.93,10.6,12.4,11.15,3.0,1.87,20.0,0.7,0.6,0.2,74.1,78.1,91.8,82.8,3.0,13.6,20.0,0.7,0.2,6.03,9.0,10.87,8.48,4.0,3.61,20.0,0.8,0.6,0.3,-3.14,0.17,5.89,1.32,4.0,5.95,20.0,0.8,0.6,0.3,-5.43,-1.56,6.35,0.37,4.0,8.42,20.0,0.8,0.6,0.3,1011.78,1021.0,1024.47,1017.56,5.0,11.42,16.0,0.8,0.7,0.4,6.0,7.0,8.0,7.0,4.0,1.2,20.0,0.8,0.6,0.3,-22.9,9.9,57.8,17.1,4.0,53.1,20.0,0.8,0.6,0.3,-39.7,-5.6,78.1,18.1,4.0,91.9,20.0,0.8,0.6,0.3,-0.37,0.1,0.3,-0.02,4.0,0.48,16.0,0.8,0.6,0.3,-4.0,1.4,1.6,-1.1,3.0,4.7,20.0,0.7,0.6,0.2,1.17,2.42,3.43,2.3,3.0,1.65,20.0,0.7,0.6,0.2,8.6,22.5,30.3,19.5,3.0,16.1,20.0,0.7,0.6,0.2,-59.1,1.1,108.4,23.6,4.0,111.4,20.0,0.8,0.6,0.3,-102.4,-29.6,107.9,1.3,4.0,148.3,20.0,0.8,0.6,0.3,-36.1,-23.8,59.8,11.0,3.0,76.4,20.0,0.7,0.6,0.2,-62.6,-41.3,-13.1,-37.9,3.0,36.3,20.0,0.7,0.6,0.2,-11.9,-1.1,15.0,1.5,3.0,19.8,20.0,0.7,0.6,0.2,-20.6,-1.9,-0.6,-10.4,3.0,16.4,20.0,0.7,0.6,0.2,338.0,731.5,1358.0,842.5,4.0,754.0,20.0,0.8,0.6,0.3,340.0,730.0,1360.0,845.0,4.0,755.0,20.0,0.8,0.6,0.3
1974,2,176.0,-37.0,21.63,22.0,22.0,21.8,5.0,0.45,14.0,0.8,0.5,0.3,20.63,21.7,22.86,21.78,5.0,1.49,14.0,0.8,0.5,0.3,12.26,13.5,14.21,13.33,5.0,1.4,14.0,0.8,0.5,0.3,73.0,83.0,93.3,83.1,5.0,10.4,14.0,0.8,0.3,2.71,7.45,11.35,7.05,4.0,5.19,14.0,0.8,0.6,0.2,-7.07,-3.25,-1.1,-4.05,4.0,4.13,14.0,0.8,0.6,0.2,-2.56,1.26,7.73,2.52,4.0,6.77,14.0,0.8,0.6,0.2,1016.53,1022.2,1025.92,1021.18,5.0,6.07,14.0,0.8,0.5,0.3,3.6,4.0,8.0,5.4,5.0,2.4,14.0,0.8,0.5,0.3,-76.9,-31.2,-5.0,-40.5,4.0,45.3,14.0,0.8,0.6,0.2,-10.1,17.6,91.8,39.8,4.0,72.0,14.0,0.8,0.6,0.2,-1.22,0.3,1.37,0.02,5.0,1.88,14.0,0.8,0.5,0.3,0.0,2.3,12.5,6.1,4.0,9.9,14.0,0.8,0.6,0.2,1.5,2.78,4.07,2.81,5.0,1.53,14.0,0.8,0.5,0.3,4.0,16.6,45.2,24.2,4.0,26.6,14.0,0.8,0.6,0.2,-144.9,-71.2,-24.3,-84.0,4.0,82.1,14.0,0.8,0.6,0.2,-56.3,24.7,164.9,53.0,4.0,147.1,14.0,0.8,0.6,0.2,-91.8,-42.1,-16.8,-53.8,4.0,55.4,14.0,0.8,0.6,0.2,-38.1,17.5,92.9,26.9,4.0,84.1,14.0,0.8,0.6,0.2,-23.9,-11.4,-1.1,-12.4,4.0,13.4,14.0,0.8,0.6,0.2,-3.8,3.1,34.3,14.7,4.0,28.6,14.0,0.8,0.6,0.2,47.0,595.0,1495.0,763.0,4.0,883.0,14.0,0.8,0.6,0.2,45.0,595.0,1495.0,765.0,4.0,885.0,14.0,0.8,0.6,0.2
1974,2,176.0,-36.0,23.3,23.3,23.3,23.3,1.0,0.0,26.0,0.0,0.1,0.1,21.2,21.2,21.2,21.2,1.0,0.0,26.0,0.0,0.1,0.1,8.79,8.79,8.79,8.79,1.0,0.0,26.0,0.0,0.1,0.1,56.4,56.4,56.4,56.4,1.0,0.0,26.0,0.0,0.1,4.6,4.6,4.6,4.6,1.0,0.0,26.0,0.0,0.1,0.1,-3.52,-3.52,-3.52,-3.52,1.0,0.0,26.0,0.0,0.1,0.1,2.96,2.96,2.96,2.96,1.0,0.0,26.0,0.0,0.1,0.1,1014.6,1014.6,1014.6,1014.6,1.0,0.0,26.0,0.0,0.1,0.1,0.0,0.0,0.0,0.0,1.0,0.0,26.0,0.0,0.1,0.1,-16.2,-16.2,-16.2,-16.2,1.0,0.0,26.0,0.0,0.1,0.1,13.6,13.6,13.6,13.6,1.0,0.0,26.0,0.0,0.1,0.1,2.1,2.1,2.1,2.1,1.0,0.0,26.0,0.0,0.1,0.1,9.7,9.7,9.7,9.7,1.0,0.0,26.0,0.0,0.1,0.1,9.01,9.01,9.01,9.01,1.0,0.0,26.0,0.0,0.1,0.1,41.5,41.5,41.5,41.5,1.0,0.0,26.0,0.0,0.1,0.1,-74.7,-74.7,-74.7,-74.7,1.0,0.0,26.0,0.0,0.1,0.1,62.7,62.7,62.7,62.7,1.0,0.0,26.0,0.0,0.1,0.1,-31.0,-31.0,-31.0,-31.0,1.0,0.0,26.0,0.0,0.1,0.1,26.0,26.0,26.0,26.0,1.0,0.0,26.0,0.0,0.1,0.1,-31.8,-31.8,-31.8,-31.8,1.0,0.0,26.0,0.0,0.1,0.1,26.7,26.7,26.7,26.7,1.0,0.0,26.0,0.0,0.1,0.1,97.5,97.5,97.5,97.5,1.0,0.0,26.0,0.0,0.1,0.1,95.0,95.0,95.0,95.0,1.0,0.0,26.0,0.0,0.1,0.1
1974,2,176.0,-35.0,22.06,23.25,24.44,23.25,2.0,2.47,14.0,0.0,0.6,0.8,21.16,21.5,22.11,21.63,3.0,0.71,10.0,0.0,0.5,0.8,11.95,13.54,14.82,13.39,3.0,2.11,10.0,0.0,0.5,0.8,76.9,85.1,89.7,83.3,3.0,9.5,10.0,0.0,0.8,3.39,5.1,7.22,5.3,3.0,2.81,10.0,0.0,0.5,0.8,-7.11,-5.02,0.15,-3.51,3.0,5.48,10.0,0.0,0.5,0.8,-0.83,0.45,0.75,-0.03,3.0,1.23,10.0,0.0,0.5,0.8,1015.77,1017.0,1018.57,1017.17,3.0,2.06,10.0,0.0,0.5,0.8,3.3,4.0,6.0,4.7,3.0,2.1,10.0,0.0,0.5,0.8,-53.3,-25.6,-3.6,-28.4,3.0,36.5,10.0,0.0,0.5,0.8,-7.6,1.2,3.5,-2.0,3.0,8.5,10.0,0.0,0.5,0.8,0.41,1.3,2.19,1.3,2.0,1.84,14.0,0.0,0.6,0.8,2.1,6.6,11.2,6.6,2.0,9.4,14.0,0.0,0.6,0.8,2.69,3.33,3.98,3.33,2.0,1.34,14.0,0.0,0.6,0.8,19.9,20.7,21.5,20.7,2.0,1.6,14.0,0.0,0.6,0.8,-154.2,-112.5,1.0,-77.5,3.0,117.7,10.0,0.0,0.5,0.8,-17.9,9.5,16.6,-0.4,3.0,26.6,10.0,0.0,0.5,0.8,-99.2,-77.4,-5.0,-52.7,3.0,72.3,10.0,0.0,0.5,0.8,-11.6,5.1,10.9,-0.2,3.0,17.1,10.0,0.0,0.5,0.8,-21.1,-20.4,-19.6,-20.4,2.0,1.6,14.0,0.0,0.6,0.8,-2.3,0.2,2.6,0.2,2.0,5.1,14.0,0.0,0.6,0.8,54.0,132.5,418.5,234.0,3.0,281.0,10.0,0.0,0.5,0.8,55.0,135.0,420.0,235.0,3.0,280.0,10.0,0.0,0.5,0.8
1974,2,176.0,-34.0,21.7,21.7,21.7,21.7,1.0,0.0,2.0,1.0,0.5,0.1,20.9,20.9,20.9,20.9,1.0,0.0,2.0,1.0,0.5,0.1,10.98,10.98,10.98,10.98,1.0,0.0,2.0,1.0,0.5,0.1,72.1,72.1,72.1,72.1,1.0,0.0,2.0,1.0,0.1,2.6,2.6,2.6,2.6,1.0,0.0,2.0,1.0,0.5,0.1,-2.56,-2.56,-2.56,-2.56,1.0,0.0,2.0,1.0,0.5,0.1,0.45,0.45,0.45,0.45,1.0,0.0,2.0,1.0,0.5,0.1,1020.7,1020.7,1020.7,1020.7,1.0,0.0,2.0,1.0,0.5,0.1,0.0,0.0,0.0,0.0,1.0,0.0,2.0,1.0,0.5,0.1,-6.7,-6.7,-6.7,-6.7,1.0,0.0,2.0,1.0,0.5,0.1,1.2,1.2,1.2,1.2,1.0,0.0,2.0,1.0,0.5,0.1,0.8,0.8,0.8,0.8,1.0,0.0,2.0,1.0,0.5,0.1,2.1,2.1,2.1,2.1,1.0,0.0,2.0,1.0,0.5,0.1,5.06,5.06,5.06,5.06,1.0,0.0,2.0,1.0,0.5,0.1,13.1,13.1,13.1,13.1,1.0,0.0,2.0,1.0,0.5,0.1,-53.5,-53.5,-53.5,-53.5,1.0,0.0,2.0,1.0,0.5,0.1,9.4,9.4,9.4,9.4,1.0,0.0,2.0,1.0,0.5,0.1,-28.1,-28.1,-28.1,-28.1,1.0,0.0,2.0,1.0,0.5,0.1,5.0,5.0,5.0,5.0,1.0,0.0,2.0,1.0,0.5,0.1,-12.9,-12.9,-12.9,-12.9,1.0,0.0,2.0,1.0,0.5,0.1,2.3,2.3,2.3,2.3,1.0,0.0,2.0,1.0,0.5,0.1,17.5,17.5,17.5,17.5,1.0,0.0,2.0,1.0,0.5,0.1,20.0,20.0,20.0,20.0,1.0,0.0,2.0,1.0,0.5,0.1
1974,2,176.0,-33.0,21.4,22.05,22.7,22.05,2.0,1.34,12.0,1.0,0.6,0.5,22.57,23.8,25.03,23.8,2.0,2.55,12.0,1.0,0.6,0.5,13.91,14.53,15.16,14.53,2.0,1.3,12.0,1.0,0.6,0.5,76.9,79.4,81.9,79.4,2.0,5.2,12.0,1.0,0.5,2.89,6.95,11.01,6.95,2.0,8.41,12.0,1.0,0.6,0.5,-11.01,-6.95,-2.89,-6.95,2.0,8.41,12.0,1.0,0.6,0.5,0.0,0.0,0.0,0.0,2.0,0.0,12.0,1.0,0.6,0.5,1015.11,1015.55,1015.99,1015.55,2.0,0.92,12.0,1.0,0.6,0.5,7.0,7.0,7.0,7.0,2.0,0.0,12.0,1.0,0.6,0.5,-140.2,-83.7,-27.3,-83.7,2.0,117.0,12.0,1.0,0.6,0.5,0.0,0.0,0.0,0.0,2.0,0.0,12.0,1.0,0.6,0.5,-3.63,-1.75,0.13,-1.75,2.0,3.89,12.0,1.0,0.6,0.5,-48.7,-28.5,-8.4,-28.5,2.0,41.8,12.0,1.0,0.6,0.5,0.69,1.97,3.25,1.97,2.0,2.65,12.0,1.0,0.6,0.5,1.7,2.5,3.4,2.5,2.0,1.8,12.0,1.0,0.6,0.5,-281.3,-176.1,-70.9,-176.1,2.0,218.0,12.0,1.0,0.6,0.5,0.0,0.0,0.0,0.0,2.0,0.0,12.0,1.0,0.6,0.5,-169.8,-106.5,-43.1,-106.5,2.0,131.3,12.0,1.0,0.6,0.5,0.0,0.0,0.0,0.0,2.0,0.0,12.0,1.0,0.6,0.5,-3.4,-2.5,-1.7,-2.5,2.0,1.8,12.0,1.0,0.6,0.5,0.0,0.0,0.0,0.0,2.0,0.0,12.0,1.0,0.6,0.5,341.5,1074.0,1806.0,1074.0,2.0,1517.0,12.0,1.0,0.6,0.5,340.0,1075.0,1805.0,1075.0,2.0,1515.0,12.0,1.0,0.6,0.5
1974,2,176.0,-31.0,,,,,,,,,,,,,,,,,,,,,,,,,,,,,,,,,,,,,,,,7.7,7.7,7.7,7.7,1.0,0.0,8.0,1.0,0.0,0.5,-6.67,-6.67,-6.67,-6.67,1.0,0.0,8.0,1.0,0.0,0.5,-3.85,-3.85,-3.85,-3.85,1.0,0.0,8.0,1.0,0.0,0.5,1014.3,1014.3,1014.3,1014.3,1.0,0.0,8.0,1.0,0.0,0.5,5.0,5.0,5.0,5.0,1.0,0.0,8.0,1.0,0.0,0.5,-51.3,-51.3,-51.3,-51.3,1.0,0.0,8.0,1.0,0.0,0.5,-29.6,-29.6,-29.6,-29.6,1.0,0.0,8.0,1.0,0.0,0.5,,,,,,,,,,,,,,,,,,,,,,,,,,,,,,,,,,,,,,,,,-160.0,-160.0,-160.0,-160.0,1.0,0.0,8.0,1.0,0.0,0.5,-92.4,-92.4,-92.4,-92.4,1.0,0.0,8.0,1.0,0.0,0.5,-116.6,-116.6,-116.6,-116.6,1.0,0.0,8.0,1.0,0.0,0.5,-67.3,-67.3,-67.3,-67.3,1.0,0.0,8.0,1.0,0.0,0.5,,,,,,,,,,,,,,,,,,,,,,,,,,,,,,,,,,,,,,,,
1974,2,176.0,-30.0,24.75,25.3,25.5,25.13,3.0,0.57,18.0,1.0,0.1,0.6,23.95,24.6,25.23,24.51,7.0,0.93,16.0,0.9,0.2,0.4,13.69,17.18,17.55,16.42,7.0,1.98,16.0,0.9,0.2,0.4,77.6,86.5,94.1,85.6,7.0,10.5,16.0,0.9,0.4,3.55,4.6,7.22,4.99,7.0,1.84,16.0,0.9,0.2,0.4,-7.11,-3.55,-2.14,-4.0,7.0,2.68,16.0,0.9,0.2,0.4,-1.41,0.0,1.49,0.07,7.0,2.55,16.0,0.9,0.2,0.4,1007.59,1013.4,1015.52,1012.09,7.0,3.63,16.0,0.9,0.2,0.4,2.9,4.0,7.0,4.7,7.0,2.4,16.0,0.9,0.2,0.4,-51.4,-13.6,-5.6,-23.3,7.0,22.6,16.0,0.9,0.2,0.4,-9.3,0.0,10.8,0.7,7.0,12.3,16.0,0.9,0.2,0.4,0.23,0.5,0.84,0.53,3.0,0.45,18.0,1.0,0.1,0.6,1.0,2.3,6.0,3.5,3.0,3.8,18.0,1.0,0.1,0.6,2.08,2.94,3.57,2.82,3.0,1.1,18.0,1.0,0.1,0.6,8.6,10.6,23.6,16.0,3.0,11.9,18.0,1.0,0.1,0.6,-164.2,-89.3,-51.5,-96.8,7.0,63.8,16.0,0.9,0.2,0.4,-33.9,0.0,37.0,2.8,7.0,64.5,16.0,0.9,0.2,0.4,-98.1,-60.9,-37.4,-65.7,7.0,41.0,16.0,0.9,0.2,0.4,-24.8,0.0,24.4,-1.4,7.0,40.3,16.0,0.9,0.2,0.4,-23.3,-10.4,-8.6,-15.8,3.0,11.7,18.0,1.0,0.1,0.6,0.6,1.8,4.1,2.3,3.0,2.6,18.0,1.0,0.1,0.6,45.5,97.5,377.0,169.5,7.0,172.0,16.0,0.9,0.2,0.4,45.0,95.0,375.0,170.0,7.0,170.0,16.0,0.9,0.2,0.4
1974,2,176.0,-29.0,24.94,26.1,26.71,25.83,3.0,1.32,20.0,0.7,0.3,0.7,23.84,24.0,25.31,24.55,4.0,1.31,22.0,0.8,0.3,0.7,13.92,16.18,17.65,15.8,4.0,2.47,22.0,0.8,0.3,0.7,75.2,84.0,87.9,81.7,4.0,10.1,22.0,0.8,0.7,5.6,6.7,8.85,7.2,4.0,2.6,22.0,0.8,0.3,0.7,-8.09,-6.65,-3.97,-6.06,4.0,3.25,22.0,0.8,0.3,0.7,0.55,2.74,4.89,2.72,4.0,2.55,22.0,0.8,0.3,0.7,1004.86,1007.45,1012.35,1008.55,4.0,4.97,22.0,0.8,0.3,0.7,5.0,6.0,7.5,6.3,4.0,1.5,22.0,0.8,0.3,0.7,-74.3,-44.5,-24.8,-49.3,4.0,38.7,22.0,0.8,0.3,0.7,3.7,13.8,40.0,21.5,4.0,25.9,22.0,0.8,0.3,0.7,1.03,2.4,2.81,1.93,3.0,1.36,20.0,0.7,0.3,0.7,6.2,13.8,22.1,14.1,3.0,11.6,20.0,0.7,0.3,0.7,3.29,5.9,8.59,5.94,3.0,3.88,20.0,0.7,0.3,0.7,23.9,45.2,57.8,41.0,3.0,25.1,20.0,0.7,0.3,0.7,-199.4,-167.8,-96.3,-148.8,4.0,78.4,22.0,0.8,0.3,0.7,14.7,67.3,116.4,65.6,4.0,60.2,22.0,0.8,0.3,0.7,-133.1,-117.1,-64.4,-99.6,4.0,54.8,22.0,0.8,0.3,0.7,10.1,37.8,69.5,39.7,4.0,36.6,22.0,0.8,0.3,0.7,-42.6,-15.5,-14.4,-28.2,3.0,23.4,20.0,0.7,0.3,0.7,10.1,31.8,39.1,24.8,3.0,22.1,20.0,0.7,0.3,0.7,194.0,301.0,803.0,489.5,4.0,522.5,22.0,0.8,0.3,0.7,195.0,300.0,805.0,490.0,4.0,520.0,22.0,0.8,0.3,0.7
1974,2,176.0,-28.0,25.82,26.0,26.72,26.28,5.0,0.88,16.0,0.6,0.2,0.6,24.03,24.65,25.09,24.71,8.0,0.67,16.0,0.6,0.3,0.6,17.19,17.58,18.7,17.95,8.0,0.92,16.0,0.6,0.3,0.6,88.2,91.3,95.7,92.1,8.0,4.3,16.0,0.6,0.6,5.81,6.7,8.14,7.14,8.0,1.85,16.0,0.6,0.3,0.6,-7.05,-6.3,-4.62,-5.72,8.0,1.84,16.0,0.6,0.3,0.6,0.84,2.12,3.9,2.9,8.0,3.35,16.0,0.6,0.3,0.6,1004.83,1011.4,1013.23,1009.96,8.0,4.47,16.0,0.6,0.3,0.6,5.0,6.5,7.9,6.3,8.0,1.5,16.0,0.6,0.3,0.6,-56.7,-42.2,-21.9,-39.7,8.0,15.0,16.0,0.6,0.3,0.6,4.1,13.2,31.6,25.2,8.0,37.6,16.0,0.6,0.3,0.6,0.78,1.2,2.4,1.6,5.0,1.3,16.0,0.6,0.2,0.6,4.9,9.2,23.3,14.4,5.0,15.5,16.0,0.6,0.2,0.6,2.28,3.64,4.85,3.63,5.0,1.9,16.0,0.6,0.2,0.6,11.4,29.8,44.7,30.3,5.0,24.2,16.0,0.6,0.2,0.6,-173.7,-155.2,-115.4,-141.8,8.0,46.4,16.0,0.6,0.3,0.6,21.2,51.2,95.7,70.7,8.0,80.3,16.0,0.6,0.3,0.6,-125.0,-119.0,-81.1,-103.1,8.0,33.8,16.0,0.6,0.3,0.6,14.9,37.8,69.2,51.4,8.0,57.2,16.0,0.6,0.3,0.6,-27.4,-13.0,-10.5,-17.8,5.0,9.7,16.0,0.6,0.2,0.6,1.5,2.8,34.6,17.8,5.0,29.1,16.0,0.6,0.2,0.6,198.0,301.0,541.0,431.5,8.0,363.5,16.0,0.6,0.3,0.6,200.0,300.0,540.0,430.0,8.0,365.0,16.0,0.6,0.3,0.6
1974,2,176.0,-27.0,26.5,26.5,26.5,26.5,1.0,0.0,8.0,1.0,0.8,0.8,24.86,25.0,26.37,25.6,3.0,1.22,14.0,0.7,0.7,0.5,15.89,18.64,18.64,17.3,3.0,2.33,14.0,0.7,0.7,0.5,77.5,83.7,90.8,84.2,3.0,9.8,14.0,0.7,0.5,5.27,6.7,8.82,7.03,3.0,2.62,14.0,0.7,0.7,0.5,-8.59,-6.3,-3.07,-5.84,3.0,4.06,14.0,0.7,0.7,0.5,1.89,2.29,3.68,2.77,3.0,1.37,14.0,0.7,0.7,0.5,1009.35,1011.4,1011.47,1010.43,3.0,1.76,14.0,0.7,0.7,0.5,2.6,6.0,6.7,4.7,3.0,3.2,14.0,0.7,0.7,0.5,-77.9,-42.2,-18.3,-48.0,3.0,44.0,14.0,0.7,0.7,0.5,15.8,16.7,18.9,17.3,3.0,2.3,14.0,0.7,0.7,0.5,-0.5,-0.5,-0.5,-0.5,1.0,0.0,8.0,1.0,0.8,0.8,-3.3,-3.3,-3.3,-3.3,1.0,0.0,8.0,1.0,0.8,0.8,3.03,3.03,3.03,3.03,1.0,0.0,8.0,1.0,0.8,0.8,20.3,20.3,20.3,20.3,1.0,0.0,8.0,1.0,0.8,0.8,-218.7,-170.0,-80.6,-150.1,3.0,102.6,14.0,0.7,0.7,0.5,48.7,61.9,92.8,70.5,3.0,33.2,14.0,0.7,0.7,0.5,-160.1,-117.4,-52.9,-106.8,3.0,79.0,14.0,0.7,0.7,0.5,35.2,42.7,56.7,45.9,3.0,16.0,14.0,0.7,0.7,0.5,-19.1,-19.1,-19.1,-19.1,1.0,0.0,8.0,1.0,0.8,0.8,7.0,7.0,7.0,7.0,1.0,0.0,8.0,1.0,0.8,0.8,162.0,301.0,738.0,446.5,3.0,440.5,14.0,0.7,0.7,0.5,160.0,300.0,740.0,445.0,3.0,440.0,14.0,0.7,0.7,0.5
1974,2,176.0,-26.0,26.79,27.35,27.75,27.28,4.0,0.57,14.0,0.5,0.5,0.3,25.25,25.6,26.0,25.6,5.0,0.42,16.0,0.4,0.6,0.3,18.55,18.77,19.15,18.85,5.0,0.38,16.0,0.4,0.6,0.3,88.4,93.1,94.4,91.7,5.0,3.3,16.0,0.4,0.3,6.7,6.7,8.6,7.52,5.0,1.19,16.0,0.4,0.6,0.3,-7.52,-6.7,-3.76,-5.49,5.0,3.77,16.0,0.4,0.6,0.3,0.0,1.16,6.2,2.75,5.0,3.27,16.0,0.4,0.6,0.3,1004.79,1010.9,1012.84,1009.22,5.0,4.16,16.0,0.4,0.6,0.3,2.9,4.0,7.0,4.6,5.0,2.5,16.0,0.4,0.6,0.3,-66.6,-44.9,-25.2,-43.0,5.0,30.5,16.0,0.4,0.6,0.3,0.0,7.8,48.4,21.5,5.0,26.4,16.0,0.4,0.6,0.3,0.79,1.55,2.26,1.53,4.0,0.86,14.0,0.5,0.5,0.3,5.8,10.4,18.4,12.0,4.0,7.9,14.0,0.5,0.5,0.3,3.53,3.76,4.22,3.87,4.0,0.51,14.0,0.5,0.5,0.3,25.1,26.7,35.6,30.2,4.0,8.4,14.0,0.5,0.5,0.3,-192.7,-174.2,-96.6,-141.6,5.0,97.0,16.0,0.4,0.6,0.3,0.0,29.8,156.6,69.3,5.0,82.4,16.0,0.4,0.6,0.3,-141.1,-128.2,-71.2,-103.5,5.0,70.8,16.0,0.4,0.6,0.3,0.0,22.6,117.3,52.0,5.0,61.7,16.0,0.4,0.6,0.3,-30.3,-26.5,-25.0,-27.6,4.0,3.6,14.0,0.5,0.5,0.3,0.0,2.2,16.5,8.0,4.0,13.1,14.0,0.5,0.5,0.3,301.0,301.0,644.0,451.5,5.0,225.0,16.0,0.4,0.6,0.3,300.0,300.0,645.0,450.0,5.0,225.0,16.0,0.4,0.6,0.3
1974,2,176.0,-25.0,26.79,27.4,28.42,27.6,3.0,1.21,22.0,1.0,0.3,0.5,26.45,27.0,27.34,26.9,3.0,0.66,22.0,1.0,0.3,0.5,18.83,18.83,19.7,19.25,3.0,0.74,22.0,1.0,0.3,0.5,82.3,83.7,90.9,86.5,3.0,6.7,22.0,1.0,0.5,7.52,8.2,8.95,8.23,3.0,1.05,22.0,1.0,0.3,0.5,-7.96,-6.28,-5.15,-6.55,3.0,2.07,22.0,1.0,0.3,0.5,3.84,5.27,5.44,4.66,3.0,1.28,22.0,1.0,0.3,0.5,1003.33,1007.9,1008.45,1005.93,3.0,4.12,22.0,1.0,0.3,0.5,5.6,7.0,7.7,6.7,3.0,1.5,22.0,1.0,0.3,0.5,-71.8,-51.5,-39.1,-55.4,3.0,24.2,22.0,1.0,0.3,0.5,32.8,39.7,42.1,37.5,3.0,7.1,22.0,1.0,0.3,0.5,-0.3,1.2,1.68,0.7,3.0,1.51,22.0,1.0,0.3,0.5,-3.6,8.6,13.4,5.0,3.0,12.8,22.0,1.0,0.3,0.5,2.86,2.93,5.31,4.06,3.0,2.04,22.0,1.0,0.3,0.5,22.6,27.3,44.6,33.4,3.0,17.0,22.0,1.0,0.3,0.5,-217.9,-169.6,-136.6,-177.1,3.0,59.9,22.0,1.0,0.3,0.5,104.9,142.3,143.8,124.8,3.0,32.3,22.0,1.0,0.3,0.5,-149.8,-118.3,-101.1,-125.3,3.0,36.2,22.0,1.0,0.3,0.5,72.4,99.3,107.2,90.0,3.0,26.7,22.0,1.0,0.3,0.5,-35.7,-25.6,-17.1,-26.3,3.0,13.6,22.0,1.0,0.3,0.5,11.3,15.6,28.1,19.6,3.0,12.7,22.0,1.0,0.3,0.5,430.0,551.5,724.0,576.5,3.0,216.5,22.0,1.0,0.3,0.5,430.0,550.0,725.0,575.0,3.0,215.0,22.0,1.0,0.3,0.5
1974,2,176.0,-24.0,27.29,27.9,28.99,28.13,3.0,1.27,12.0,1.0,0.5,0.2,26.32,27.0,27.18,26.8,5.0,0.57,16.0,0.8,0.5,0.2,18.76,19.69,20.27,19.63,5.0,0.99,16.0,0.8,0.5,0.2,85.0,88.7,91.8,88.8,5.0,5.1,16.0,0.8,0.2,5.1,5.1,9.67,6.98,5.0,2.6,16.0,0.8,0.5,0.2,-8.87,-5.02,-0.56,-4.85,5.0,4.45,16.0,0.8,0.5,0.2,0.56,4.65,5.05,3.13,5.0,2.48,16.0,0.8,0.5,0.2,1005.33,1005.4,1012.21,1008.22,5.0,4.05,16.0,0.8,0.5,0.2,3.5,5.0,5.4,4.4,5.0,1.9,16.0,0.8,0.5,0.2,-86.3,-25.6,-2.9,-42.2,5.0,46.4,16.0,0.8,0.5,0.2,2.9,25.6,32.3,19.9,5.0,17.7,16.0,0.8,0.5,0.2,0.43,0.5,2.55,1.47,3.0,1.76,12.0,1.0,0.5,0.2,3.0,4.1,13.5,8.2,3.0,8.4,12.0,1.0,0.5,0.2,2.12,3.87,6.21,4.16,3.0,3.01,12.0,1.0,0.5,0.2,16.4,37.2,39.0,27.9,3.0,18.5,12.0,1.0,0.5,0.2,-241.5,-130.6,-14.9,-131.0,5.0,121.8,16.0,0.8,0.5,0.2,14.6,125.6,134.8,83.9,5.0,66.7,16.0,0.8,0.5,0.2,-175.1,-94.2,-11.9,-95.0,5.0,87.4,16.0,0.8,0.5,0.2,10.5,91.9,99.5,62.1,5.0,49.7,16.0,0.8,0.5,0.2,-38.9,-36.6,-12.4,-25.9,3.0,21.5,12.0,1.0,0.5,0.2,2.1,6.5,6.5,4.3,3.0,3.8,12.0,1.0,0.5,0.2,132.5,132.5,909.5,459.0,5.0,458.5,16.0,0.8,0.5,0.2,135.0,135.0,910.0,460.0,5.0,460.0,16.0,0.8,0.5,0.2
1974,2,176.0,-23.0,27.88,28.65,29.52,28.7,4.0,1.06,14.0,0.8,0.6,0.3,26.0,27.0,28.74,27.36,5.0,1.52,16.0,0.8,0.7,0.3,17.64,19.18,19.71,18.79,5.0,1.09,16.0,0.8,0.7,0.3,77.8,79.2,87.4,82.4,5.0,7.2,16.0,0.8,0.3,3.87,5.1,6.93,5.34,5.0,2.06,16.0,0.8,0.7,0.3,-5.61,-2.6,-2.1,-3.7,5.0,2.22,16.0,0.8,0.7,0.3,2.53,3.99,4.35,3.37,5.0,1.91,16.0,0.8,0.7,0.3,1003.6,1005.4,1011.11,1006.88,5.0,4.61,16.0,0.8,0.7,0.3,3.6,5.0,5.4,4.6,5.0,1.1,16.0,0.8,0.7,0.3,-40.0,-10.6,-8.1,-22.8,5.0,21.8,16.0,0.8,0.7,0.3,11.6,24.4,28.0,20.2,5.0,12.5,16.0,0.8,0.7,0.3,-0.26,0.25,2.33,1.0,4.0,2.04,14.0,0.8,0.6,0.3,-0.7,1.6,11.1,5.1,4.0,9.1,14.0,0.8,0.6,0.3,5.27,5.47,7.47,6.33,4.0,1.91,14.0,0.8,0.6,0.3,23.4,37.7,42.4,33.1,4.0,13.2,14.0,0.8,0.6,0.3,-154.8,-76.7,-54.5,-102.2,5.0,63.5,16.0,0.8,0.7,0.3,65.8,107.6,119.2,90.4,5.0,51.2,16.0,0.8,0.7,0.3,-102.9,-50.9,-38.5,-69.2,5.0,42.0,16.0,0.8,0.7,0.3,44.6,70.3,84.8,62.9,5.0,36.7,16.0,0.8,0.7,0.3,-31.4,-23.3,-17.7,-24.5,4.0,9.4,14.0,0.8,0.6,0.3,10.1,21.3,29.3,19.8,4.0,15.0,14.0,0.8,0.6,0.3,68.0,132.5,352.5,207.5,5.0,208.0,16.0,0.8,0.7,0.3,70.0,135.0,355.0,205.0,5.0,210.0,16.0,0.8,0.7,0.3
1974,2,176.0,-22.0,26.7,26.7,26.7,26.7,2.0,0.0,18.0,1.0,0.4,0.4,27.34,27.5,27.76,27.55,4.0,0.33,20.0,0.8,0.3,0.5,19.28,20.45,21.84,20.55,4.0,1.63,20.0,0.8,0.3,0.5,83.6,89.7,93.8,88.7,4.0,6.1,20.0,0.8,0.5,2.6,5.15,9.06,5.8,4.0,3.84,20.0,0.8,0.3,0.5,-8.2,-4.08,-1.75,-4.94,4.0,4.09,20.0,0.8,0.3,0.5,-1.18,0.65,3.21,1.0,4.0,3.01,20.0,0.8,0.3,0.5,1003.13,1007.3,1010.05,1006.63,4.0,4.12,20.0,0.8,0.3,0.5,3.9,7.0,7.5,5.8,4.0,3.2,20.0,0.8,0.3,0.5,-77.2,-25.6,-4.6,-40.2,4.0,48.0,20.0,0.8,0.3,0.5,-3.1,1.7,21.6,8.9,4.0,19.8,20.0,0.8,0.3,0.5,-0.8,-0.8,-0.8,-0.8,2.0,0.0,18.0,1.0,0.4,0.4,-7.9,-7.2,-6.5,-7.2,2.0,1.5,18.0,1.0,0.4,0.4,2.32,2.73,3.13,2.73,2.0,0.84,18.0,1.0,0.4,0.4,22.5,23.8,25.0,23.8,2.0,2.5,18.0,1.0,0.4,0.4,-225.6,-112.6,-48.5,-136.0,4.0,112.3,20.0,0.8,0.3,0.5,-32.1,18.2,88.6,27.8,4.0,82.7,20.0,0.8,0.3,0.5,-159.7,-80.7,-38.5,-98.3,4.0,78.9,20.0,0.8,0.3,0.5,-24.8,14.7,62.6,18.7,4.0,58.7,20.0,0.8,0.3,0.5,-21.6,-20.8,-20.0,-20.8,2.0,1.7,18.0,1.0,0.4,0.4,2.6,8.2,13.8,8.2,2.0,11.6,18.0,1.0,0.4,0.4,17.5,237.0,790.0,396.0,4.0,508.5,20.0,0.8,0.3,0.5,20.0,235.0,790.0,395.0,4.0,510.0,20.0,0.8,0.3,0.5
1974,2,176.0,-21.0,27.93,28.0,28.96,28.43,3.0,0.84,18.0,0.3,0.7,0.9,26.2,26.65,27.52,26.85,4.0,0.86,18.0,0.3,0.7,0.9,18.4,18.87,20.76,19.54,4.0,1.89,18.0,0.3,0.7,0.9,84.5,88.5,91.7,88.1,4.0,5.4,18.0,0.3,0.9,2.6,3.1,7.11,4.78,4.0,3.71,18.0,0.3,0.7,0.9,-2.68,0.39,4.63,0.95,4.0,4.54,18.0,0.3,0.7,0.9,-5.08,-1.44,-0.42,-2.69,4.0,3.56,18.0,0.3,0.7,0.9,1008.21,1009.5,1011.0,1009.6,4.0,1.85,18.0,0.3,0.7,0.9,3.0,3.0,5.1,4.0,4.0,2.0,18.0,0.3,0.7,0.9,-8.9,1.0,38.8,14.3,4.0,36.8,18.0,0.3,0.7,0.9,-45.0,-3.7,-1.1,-22.2,4.0,39.4,18.0,0.3,0.7,0.9,1.19,1.6,2.76,1.97,3.0,1.19,18.0,0.3,0.7,0.9,3.8,4.2,24.5,13.9,3.0,17.4,18.0,0.3,0.7,0.9,4.92,5.63,6.65,5.78,3.0,1.28,18.0,0.3,0.7,0.9,14.6,20.3,56.5,35.2,3.0,33.4,18.0,0.3,0.7,0.9,-73.2,8.7,121.1,23.3,4.0,120.4,18.0,0.3,0.7,0.9,-134.4,-39.6,-11.1,-71.3,4.0,92.6,18.0,0.3,0.7,0.9,-51.9,4.6,87.1,17.0,4.0,85.6,18.0,0.3,0.7,0.9,-98.5,-30.7,-8.1,-52.3,4.0,66.2,18.0,0.3,0.7,0.9,-10.3,11.2,35.8,12.7,3.0,33.7,18.0,0.3,0.7,0.9,-39.7,-4.1,-1.3,-20.1,3.0,31.4,18.0,0.3,0.7,0.9,17.5,32.0,594.5,293.5,4.0,533.0,18.0,0.3,0.7,0.9,20.0,30.0,595.0,295.0,4.0,535.0,18.0,0.3,0.7,0.9
1974,2,176.0,-20.0,27.17,28.5,28.93,28.16,7.0,1.02,12.0,0.7,0.4,0.6,26.71,27.2,28.05,27.38,5.0,1.03,12.0,0.6,0.5,0.6,17.22,19.54,20.66,19.04,5.0,1.91,12.0,0.6,0.5,0.6,76.5,83.9,89.8,83.2,5.0,7.3,12.0,0.6,0.6,0.63,5.1,7.65,4.42,5.0,3.9,12.0,0.8,0.3,0.7,-7.19,-3.91,-0.49,-3.94,5.0,3.68,12.0,0.8,0.3,0.7,-1.61,0.0,2.62,0.31,5.0,2.55,12.0,0.8,0.3,0.7,1007.46,1008.7,1010.82,1008.93,6.0,1.78,12.0,0.7,0.4,0.7,3.8,7.0,8.0,6.2,6.0,2.2,12.0,0.7,0.4,0.7,-56.5,-19.9,-0.5,-28.8,5.0,34.0,12.0,0.8,0.3,0.7,-6.5,0.0,20.5,5.5,5.0,17.6,12.0,0.8,0.3,0.7,-0.24,0.5,1.48,0.56,5.0,1.08,12.0,0.6,0.5,0.6,-2.7,0.3,6.6,1.9,4.0,7.3,10.0,0.8,0.4,0.7,3.17,4.86,6.41,4.69,5.0,2.17,12.0,0.6,0.5,0.6,2.3,5.7,36.7,18.9,4.0,30.3,10.0,0.8,0.4,0.7,-175.7,-64.8,-10.6,-91.8,4.0,107.7,10.0,0.8,0.4,0.7,-56.1,-9.3,45.3,-5.6,4.0,72.7,10.0,0.8,0.4,0.7,-118.6,-48.0,-7.7,-62.4,4.0,70.0,10.0,0.8,0.4,0.7,-41.5,-6.8,29.3,-6.1,4.0,50.5,10.0,0.8,0.4,0.7,-33.9,-4.3,-1.8,-17.2,4.0,28.8,10.0,0.8,0.4,0.7,-3.7,-1.6,11.5,3.7,4.0,12.3,10.0,0.8,0.4,0.7,0.5,132.5,484.5,248.0,5.0,334.5,12.0,0.8,0.3,0.7,0.0,135.0,485.0,250.0,5.0,335.0,12.0,0.8,0.3,0.7
1974,2,176.0,-19.0,28.0,28.0,28.0,28.0,1.0,0.0,22.0,0.0,0.4,0.6,28.3,28.3,28.3,28.3,1.0,0.0,22.0,0.0,0.4,0.6,20.43,20.43,20.43,20.43,1.0,0.0,22.0,0.0,0.4,0.6,84.3,84.3,84.3,84.3,1.0,0.0,22.0,0.0,0.6,10.3,10.3,10.3,10.3,1.0,0.0,22.0,0.0,0.4,0.6,-3.52,-3.52,-3.52,-3.52,1.0,0.0,22.0,0.0,0.4,0.6,9.68,9.68,9.68,9.68,1.0,0.0,22.0,0.0,0.4,0.6,1004.6,1004.6,1004.6,1004.6,1.0,0.0,22.0,0.0,0.4,0.6,4.0,4.0,4.0,4.0,1.0,0.0,22.0,0.0,0.4,0.6,-36.3,-36.3,-36.3,-36.3,1.0,0.0,22.0,0.0,0.4,0.6,99.7,99.7,99.7,99.7,1.0,0.0,22.0,0.0,0.4,0.6,-0.3,-0.3,-0.3,-0.3,1.0,0.0,22.0,0.0,0.4,0.6,-3.1,-3.1,-3.1,-3.1,1.0,0.0,22.0,0.0,0.4,0.6,3.43,3.43,3.43,3.43,1.0,0.0,22.0,0.0,0.4,0.6,35.4,35.4,35.4,35.4,1.0,0.0,22.0,0.0,0.4,0.6,-99.7,-99.7,-99.7,-99.7,1.0,0.0,22.0,0.0,0.4,0.6,273.9,273.9,273.9,273.9,1.0,0.0,22.0,0.0,0.4,0.6,-72.0,-72.0,-72.0,-72.0,1.0,0.0,22.0,0.0,0.4,0.6,197.7,197.7,197.7,197.7,1.0,0.0,22.0,0.0,0.4,0.6,-12.1,-12.1,-12.1,-12.1,1.0,0.0,22.0,0.0,0.4,0.6,33.2,33.2,33.2,33.2,1.0,0.0,22.0,0.0,0.4,0.6,1092.5,1092.5,1092.5,1092.5,1.0,0.0,22.0,0.0,0.4,0.6,1095.0,1095.0,1095.0,1095.0,1.0,0.0,22.0,0.0,0.4,0.6
1974,2,176.0,-18.0,28.69,30.0,30.42,29.58,4.0,1.43,20.0,0.5,0.3,0.6,27.34,27.75,28.0,27.68,4.0,0.39,20.0,0.5,0.3,0.6,18.74,18.86,21.04,19.86,3.0,1.89,18.0,0.7,0.1,0.5,82.0,82.7,89.1,85.5,3.0,5.7,18.0,0.7,0.5,1.79,4.15,6.46,4.13,4.0,2.7,20.0,0.5,0.3,0.6,-4.34,-1.15,0.0,-2.12,4.0,2.92,20.0,0.5,0.3,0.6,-0.79,1.05,4.3,1.72,4.0,3.39,20.0,0.5,0.3,0.6,1003.07,1007.05,1008.52,1005.85,4.0,3.83,20.0,0.5,0.3,0.6,6.0,8.0,8.0,7.0,3.0,1.7,18.0,0.7,0.1,0.5,-27.4,-7.7,0.0,-13.4,4.0,18.2,20.0,0.5,0.3,0.6,-1.2,2.2,24.2,11.1,4.0,20.9,20.0,0.5,0.3,0.6,0.95,2.4,2.8,1.9,4.0,1.32,20.0,0.5,0.3,0.6,2.0,8.8,15.5,8.7,4.0,8.0,20.0,0.5,0.3,0.6,4.48,4.91,7.05,5.74,3.0,2.02,18.0,0.7,0.1,0.5,10.0,12.1,26.3,18.0,3.0,13.0,18.0,0.7,0.1,0.5,-121.5,-32.1,0.0,-59.4,4.0,81.9,20.0,0.5,0.3,0.6,-21.4,28.9,119.9,48.3,4.0,94.4,20.0,0.5,0.3,0.6,-34.5,0.0,0.0,-16.8,3.0,29.2,18.0,0.7,0.1,0.5,-6.6,39.6,107.3,50.1,3.0,83.9,18.0,0.7,0.1,0.5,-7.7,0.0,0.0,-3.8,3.0,6.5,18.0,0.7,0.1,0.5,-5.4,9.0,24.0,9.3,3.0,21.5,18.0,0.7,0.1,0.5,6.0,124.0,271.0,138.0,4.0,154.0,20.0,0.5,0.3,0.6,5.0,125.0,270.0,140.0,4.0,155.0,20.0,0.5,0.3,0.6
1974,2,176.0,-16.0,29.5,29.5,29.5,29.5,1.0,0.0,12.0,1.0,0.3,0.1,28.1,28.1,28.1,28.1,1.0,0.0,12.0,1.0,0.3,0.1,19.18,19.18,19.18,19.18,1.0,0.0,12.0,1.0,0.3,0.1,80.3,80.3,80.3,80.3,1.0,0.0,12.0,1.0,0.1,2.6,2.6,2.6,2.6,1.0,0.0,12.0,1.0,0.3,0.1,-2.25,-2.25,-2.25,-2.25,1.0,0.0,12.0,1.0,0.3,0.1,-1.3,-1.3,-1.3,-1.3,1.0,0.0,12.0,1.0,0.3,0.1,1007.4,1007.4,1007.4,1007.4,1.0,0.0,12.0,1.0,0.3,0.1,7.0,7.0,7.0,7.0,1.0,0.0,12.0,1.0,0.3,0.1,-5.9,-5.9,-5.9,-5.9,1.0,0.0,12.0,1.0,0.3,0.1,-3.4,-3.4,-3.4,-3.4,1.0,0.0,12.0,1.0,0.3,0.1,1.4,1.4,1.4,1.4,1.0,0.0,12.0,1.0,0.3,0.1,3.6,3.6,3.6,3.6,1.0,0.0,12.0,1.0,0.3,0.1,6.82,6.82,6.82,6.82,1.0,0.0,12.0,1.0,0.3,0.1,17.7,17.7,17.7,17.7,1.0,0.0,12.0,1.0,0.3,0.1,-63.3,-63.3,-63.3,-63.3,1.0,0.0,12.0,1.0,0.3,0.1,-36.5,-36.5,-36.5,-36.5,1.0,0.0,12.0,1.0,0.3,0.1,-43.2,-43.2,-43.2,-43.2,1.0,0.0,12.0,1.0,0.3,0.1,-24.9,-24.9,-24.9,-24.9,1.0,0.0,12.0,1.0,0.3,0.1,-15.4,-15.4,-15.4,-15.4,1.0,0.0,12.0,1.0,0.3,0.1,-8.9,-8.9,-8.9,-8.9,1.0,0.0,12.0,1.0,0.3,0.1,17.5,17.5,17.5,17.5,1.0,0.0,12.0,1.0,0.3,0.1,20.0,20.0,20.0,20.0,1.0,0.0,12.0,1.0,0.3,0.1
1974,2,176.0,-15.0,28.3,28.3,28.3,28.3,1.0,0.0,22.0,0.0,0.2,0.9,28.3,28.3,28.3,28.3,1.0,0.0,22.0,0.0,0.2,0.9,19.48,19.48,19.48,19.48,1.0,0.0,22.0,0.0,0.2,0.9,80.4,80.4,80.4,80.4,1.0,0.0,22.0,0.0,0.9,7.2,7.2,7.2,7.2,1.0,0.0,22.0,0.0,0.2,0.9,7.09,7.09,7.09,7.09,1.0,0.0,22.0,0.0,0.2,0.9,1.25,1.25,1.25,1.25,1.0,0.0,22.0,0.0,0.2,0.9,1003.7,1003.7,1003.7,1003.7,1.0,0.0,22.0,0.0,0.2,0.9,7.0,7.0,7.0,7.0,1.0,0.0,22.0,0.0,0.2,0.9,51.1,51.1,51.1,51.1,1.0,0.0,22.0,0.0,0.2,0.9,9.0,9.0,9.0,9.0,1.0,0.0,22.0,0.0,0.2,0.9,0.0,0.0,0.0,0.0,1.0,0.0,22.0,0.0,0.2,0.9,0.0,0.0,0.0,0.0,1.0,0.0,22.0,0.0,0.2,0.9,4.83,4.83,4.83,4.83,1.0,0.0,22.0,0.0,0.2,0.9,34.8,34.8,34.8,34.8,1.0,0.0,22.0,0.0,0.2,0.9,200.7,200.7,200.7,200.7,1.0,0.0,22.0,0.0,0.2,0.9,35.4,35.4,35.4,35.4,1.0,0.0,22.0,0.0,0.2,0.9,138.1,138.1,138.1,138.1,1.0,0.0,22.0,0.0,0.2,0.9,24.4,24.4,24.4,24.4,1.0,0.0,22.0,0.0,0.2,0.9,34.2,34.2,34.2,34.2,1.0,0.0,22.0,0.0,0.2,0.9,6.0,6.0,6.0,6.0,1.0,0.0,22.0,0.0,0.2,0.9,373.0,373.0,373.0,373.0,1.0,0.0,22.0,0.0,0.2,0.9,375.0,375.0,375.0,375.0,1.0,0.0,22.0,0.0,0.2,0.9
1974,2,176.0,-14.0,,,,,,,,,,,,,,,,,,,,,,,,,,,,,,,,,,,,,,,,0.0,0.0,0.0,0.0,1.0,0.0,16.0,0.0,0.5,0.1,0.0,0.0,0.0,0.0,1.0,0.0,16.0,0.0,0.5,0.1,0.0,0.0,0.0,0.0,1.0,0.0,16.0,0.0,0.5,0.1,1006.1,1006.1,1006.1,1006.1,1.0,0.0,16.0,0.0,0.5,0.1,2.0,2.0,2.0,2.0,1.0,0.0,16.0,0.0,0.5,0.1,0.0,0.0,0.0,0.0,1.0,0.0,16.0,0.0,0.5,0.1,0.0,0.0,0.0,0.0,1.0,0.0,16.0,0.0,0.5,0.1,,,,,,,,,,,,,,,,,,,,,,,,,,,,,,,,,,,,,,,,,0.0,0.0,0.0,0.0,1.0,0.0,16.0,0.0,0.5,0.1,0.0,0.0,0.0,0.0,1.0,0.0,16.0,0.0,0.5,0.1,0.0,0.0,0.0,0.0,1.0,0.0,16.0,0.0,0.5,0.1,0.0,0.0,0.0,0.0,1.0,0.0,16.0,0.0,0.5,0.1,,,,,,,,,,,,,,,,,,,,,,,,,,,,,,,,,,,,,,,,
1974,2,176.0,4.0,27.52,27.55,27.58,27.55,2.0,0.07,12.0,1.0,0.5,0.3,27.58,27.75,27.92,27.75,2.0,0.35,12.0,1.0,0.5,0.3,18.16,18.4,18.65,18.4,2.0,0.5,12.0,1.0,0.5,0.3,78.4,78.6,78.8,78.6,2.0,0.4,12.0,1.0,0.3,10.8,10.8,10.8,10.8,2.0,0.0,12.0,1.0,0.5,0.3,-9.85,-9.21,-8.57,-9.21,2.0,1.33,12.0,1.0,0.5,0.3,-6.43,-5.32,-4.21,-5.32,2.0,2.3,12.0,1.0,0.5,0.3,1005.35,1006.1,1006.85,1006.1,2.0,1.56,12.0,1.0,0.5,0.3,3.0,3.0,3.0,3.0,2.0,0.0,12.0,1.0,0.5,0.3,-106.4,-99.5,-92.6,-99.5,2.0,14.3,12.0,1.0,0.5,0.3,-69.4,-57.4,-45.5,-57.4,2.0,24.8,12.0,1.0,0.5,0.3,-0.4,-0.2,0.0,-0.2,2.0,0.42,12.0,1.0,0.5,0.3,-4.4,-2.2,0.1,-2.2,2.0,4.6,12.0,1.0,0.5,0.3,4.52,4.79,5.07,4.79,2.0,0.57,12.0,1.0,0.5,0.3,48.8,51.8,54.7,51.8,2.0,6.1,12.0,1.0,0.5,0.3,-275.2,-255.8,-236.5,-255.8,2.0,40.1,12.0,1.0,0.5,0.3,-177.0,-147.2,-117.3,-147.2,2.0,61.9,12.0,1.0,0.5,0.3,-183.9,-169.9,-155.8,-169.9,2.0,29.1,12.0,1.0,0.5,0.3,-116.4,-97.3,-78.2,-97.3,2.0,39.6,12.0,1.0,0.5,0.3,-44.3,-43.8,-43.2,-43.8,2.0,1.1,12.0,1.0,0.5,0.3,-32.9,-26.1,-19.4,-26.1,2.0,14.0,12.0,1.0,0.5,0.3,1259.5,1259.5,1259.5,1259.5,2.0,0.0,12.0,1.0,0.5,0.3,1260.0,1260.0,1260.0,1260.0,2.0,0.0,12.0,1.0,0.5,0.3
1974,2,176.0,6.0,,,,,,,,,,,,,,,,,,,,,,,,,,,,,,,,,,,,,,,,6.7,6.7,6.7,6.7,1.0,0.0,12.0,0.0,0.0,0.3,-6.3,-6.3,-6.3,-6.3,1.0,0.0,12.0,0.0,0.0,0.3,-2.29,-2.29,-2.29,-2.29,1.0,0.0,12.0,0.0,0.0,0.3,1008.2,1008.2,1008.2,1008.2,1.0,0.0,12.0,0.0,0.0,0.3,,,,,,,,,,,,,,,,,,,,,,,,,,,,,,,,,,,,,,,,,,,,,,,,,,,,,,,,,,,,,,,,,,,,,,,,,,,,,,,,,,,,,,,,,,,,,,,,,,,,,,,,,,,,,,,,,,,,,,,,,,,,,,,,,,,,,,,,,,,,,,,,,,,,,,
1974,2,176.0,11.0,26.53,26.8,27.62,27.07,3.0,0.83,16.0,0.7,0.3,0.5,26.0,26.0,27.02,26.5,3.0,0.87,16.0,0.7,0.3,0.5,17.05,17.56,17.59,17.33,3.0,0.45,16.0,0.7,0.3,0.5,76.6,83.6,83.6,80.1,3.0,5.9,16.0,0.7,0.5,10.46,10.8,11.14,10.8,3.0,0.5,16.0,0.7,0.3,0.5,-10.68,-9.35,-9.06,-9.86,3.0,1.27,16.0,0.7,0.3,0.5,-5.32,-5.15,-1.63,-3.52,3.0,3.05,16.0,0.7,0.3,0.5,1008.26,1009.9,1010.65,1009.47,3.0,1.79,16.0,0.7,0.3,0.5,2.0,4.0,4.0,3.0,3.0,1.7,16.0,0.7,0.3,0.5,-119.2,-101.0,-94.8,-106.9,3.0,18.6,16.0,0.7,0.3,0.5,-56.6,-53.0,-16.8,-37.1,3.0,32.3,16.0,0.7,0.3,0.5,-0.35,0.4,1.49,0.57,3.0,1.36,16.0,0.7,0.3,0.5,-3.9,4.1,16.7,6.4,3.0,15.2,16.0,0.7,0.3,0.5,4.41,5.27,5.9,5.16,3.0,1.09,16.0,0.7,0.3,0.5,46.3,56.9,65.8,56.1,3.0,14.3,16.0,0.7,0.3,0.5,-282.2,-257.2,-239.9,-261.0,3.0,31.1,16.0,0.7,0.3,0.5,-143.9,-133.9,-42.5,-94.1,3.0,81.8,16.0,0.7,0.3,0.5,-185.7,-157.2,-156.8,-170.9,3.0,24.3,16.0,0.7,0.3,0.5,-90.7,-90.5,-28.7,-60.4,3.0,52.3,16.0,0.7,0.3,0.5,-63.4,-49.3,-40.1,-51.7,3.0,17.2,16.0,0.7,0.3,0.5,-26.0,-20.7,-6.6,-16.4,3.0,14.7,16.0,0.7,0.3,0.5,1145.5,1259.5,1385.0,1265.0,3.0,175.0,16.0,0.7,0.3,0.5,1145.0,1260.0,1385.0,1265.0,3.0,175.0,16.0,0.7,0.3,0.5
1974,2,176.0,12.0,25.0,25.0,25.96,25.47,3.0,0.81,20.0,0.7,0.5,0.2,25.89,26.7,27.62,26.75,4.0,1.06,20.0,0.8,0.6,0.2,16.68,16.8,17.11,16.89,3.0,0.32,20.0,0.7,0.5,0.2,77.0,78.2,80.8,78.9,3.0,2.8,20.0,0.7,0.2,6.29,9.8,9.8,8.13,4.0,3.35,20.0,0.8,0.6,0.2,-9.1,-7.39,-4.24,-6.7,4.0,3.2,20.0,0.8,0.6,0.2,-6.27,-1.6,1.85,-2.18,4.0,4.77,20.0,0.8,0.6,0.2,1009.5,1009.5,1010.66,1010.07,3.0,0.98,20.0,0.7,0.5,0.2,1.0,2.0,5.1,3.0,4.0,3.5,20.0,0.8,0.6,0.2,-89.1,-72.5,-33.2,-61.7,4.0,38.7,20.0,0.8,0.6,0.2,-61.4,-20.9,11.7,-24.7,4.0,43.2,20.0,0.8,0.6,0.2,-1.69,-0.6,-0.05,-0.87,3.0,1.22,20.0,0.7,0.5,0.2,-6.5,-5.9,-0.5,-3.6,3.0,4.8,20.0,0.7,0.5,0.2,2.72,3.01,4.34,3.52,3.0,1.26,20.0,0.7,0.5,0.2,14.8,29.5,42.5,28.7,3.0,20.3,20.0,0.7,0.5,0.2,-245.0,-191.2,-112.4,-179.3,4.0,87.7,20.0,0.8,0.6,0.2,-162.8,-38.9,51.1,-55.1,4.0,125.8,20.0,0.8,0.6,0.2,-130.6,-104.7,-61.2,-96.1,3.0,51.4,20.0,0.7,0.5,0.2,-111.3,-82.3,-2.7,-57.6,3.0,82.4,20.0,0.7,0.5,0.2,-29.4,-25.5,-12.3,-21.0,3.0,13.2,20.0,0.7,0.5,0.2,-30.1,-14.7,-1.1,-15.6,3.0,21.2,20.0,0.7,0.5,0.2,463.5,941.0,941.0,713.5,4.0,455.5,20.0,0.8,0.6,0.2,465.0,940.0,940.0,715.0,4.0,455.0,20.0,0.8,0.6,0.2
1974,2,176.0,13.0,26.24,28.9,28.97,27.63,3.0,2.28,20.0,0.7,0.3,0.9,24.94,26.1,27.53,26.23,3.0,1.9,20.0,0.7,0.3,0.9,15.92,15.93,15.93,15.93,2.0,0.01,16.0,0.5,0.0,0.8,76.6,79.4,82.1,79.4,2.0,5.7,16.0,0.5,0.8,13.4,13.4,13.4,13.4,1.0,0.0,8.0,0.0,0.0,0.8,-13.2,-13.2,-13.2,-13.2,1.0,0.0,8.0,0.0,0.0,0.8,-2.33,-2.33,-2.33,-2.33,1.0,0.0,8.0,0.0,0.0,0.8,1008.91,1009.15,1009.39,1009.15,2.0,0.5,16.0,0.5,0.0,0.8,3.3,4.0,6.7,5.0,3.0,2.6,20.0,0.7,0.3,0.9,-176.8,-176.8,-176.8,-176.8,1.0,0.0,8.0,0.0,0.0,0.8,-31.2,-31.2,-31.2,-31.2,1.0,0.0,8.0,0.0,0.0,0.8,-0.5,0.8,3.33,1.4,3.0,2.85,20.0,0.7,0.3,0.9,-14.7,-14.7,-14.7,-14.7,1.0,0.0,8.0,0.0,0.0,0.8,4.75,6.52,8.3,6.52,2.0,3.68,16.0,0.5,0.0,0.8,52.6,52.6,52.6,52.6,1.0,0.0,8.0,0.0,0.0,0.8,-344.4,-344.4,-344.4,-344.4,1.0,0.0,8.0,0.0,0.0,0.8,-60.7,-60.7,-60.7,-60.7,1.0,0.0,8.0,0.0,0.0,0.8,-210.1,-210.1,-210.1,-210.1,1.0,0.0,8.0,0.0,0.0,0.8,-37.0,-37.0,-37.0,-37.0,1.0,0.0,8.0,0.0,0.0,0.8,-51.8,-51.8,-51.8,-51.8,1.0,0.0,8.0,0.0,0.0,0.8,-9.1,-9.1,-9.1,-9.1,1.0,0.0,8.0,0.0,0.0,0.8,2406.0,2406.0,2406.0,2406.0,1.0,0.0,8.0,0.0,0.0,0.8,2405.0,2405.0,2405.0,2405.0,1.0,0.0,8.0,0.0,0.0,0.8
1974,2,176.0,15.0,26.3,26.3,26.3,26.3,3.0,0.0,14.0,0.7,0.6,0.3,25.93,26.4,26.76,26.35,4.0,0.58,14.0,0.8,0.6,0.4,16.22,16.51,16.71,16.47,3.0,0.35,14.0,0.7,0.6,0.3,75.8,78.7,79.9,77.9,3.0,3.1,14.0,0.7,0.3,6.44,7.2,7.7,7.08,4.0,0.75,14.0,0.8,0.6,0.4,-7.64,-6.84,-5.95,-6.8,4.0,0.98,14.0,0.8,0.6,0.4,-0.56,0.67,2.39,0.9,4.0,1.91,14.0,0.8,0.6,0.4,1010.62,1011.3,1011.57,1011.1,3.0,0.72,14.0,0.7,0.6,0.3,1.5,2.0,3.6,2.5,4.0,1.7,14.0,0.8,0.6,0.4,-58.9,-48.6,-38.3,-48.6,4.0,11.8,14.0,0.8,0.6,0.4,-3.5,5.1,16.7,6.5,4.0,12.7,14.0,0.8,0.6,0.4,-0.14,0.0,0.48,0.17,3.0,0.47,14.0,0.7,0.6,0.3,-0.9,0.0,3.7,1.4,3.0,3.6,14.0,0.7,0.6,0.3,4.72,4.93,5.2,4.96,3.0,0.36,14.0,0.7,0.6,0.3,35.6,35.7,37.3,36.4,3.0,1.4,14.0,0.7,0.6,0.3,-198.3,-181.0,-159.0,-178.8,4.0,23.0,14.0,0.8,0.6,0.4,-15.2,17.6,63.3,23.7,4.0,50.7,14.0,0.8,0.6,0.4,-127.3,-127.1,-104.1,-116.0,3.0,19.6,14.0,0.7,0.6,0.3,7.1,22.5,43.9,25.5,3.0,27.1,14.0,0.7,0.6,0.3,-37.0,-35.0,-32.2,-34.6,3.0,3.5,14.0,0.7,0.6,0.3,2.0,6.2,14.1,8.0,3.0,9.1,14.0,0.7,0.6,0.3,268.0,378.5,456.5,363.0,4.0,111.0,14.0,0.8,0.6,0.4,270.0,380.0,455.0,365.0,4.0,110.0,14.0,0.8,0.6,0.4
1974,2,176.0,17.0,26.1,26.1,26.1,26.1,1.0,0.0,14.0,1.0,0.3,0.0,26.75,26.85,26.95,26.85,2.0,0.21,16.0,0.5,0.4,0.0,15.77,15.77,15.77,15.77,1.0,0.0,14.0,1.0,0.3,0.0,72.3,72.3,72.3,72.3,1.0,0.0,14.0,1.0,0.0,5.5,8.5,11.5,8.5,2.0,6.22,16.0,0.5,0.4,0.0,-11.34,-8.4,-5.47,-8.4,2.0,6.08,16.0,0.5,0.4,0.0,-1.88,-1.12,-0.36,-1.12,2.0,1.58,16.0,0.5,0.4,0.0,1013.2,1013.2,1013.2,1013.2,1.0,0.0,14.0,1.0,0.3,0.0,1.2,1.5,1.8,1.5,2.0,0.7,16.0,0.5,0.4,0.0,-140.5,-90.3,-40.2,-90.3,2.0,104.0,16.0,0.5,0.4,0.0,-24.3,-14.4,-4.6,-14.4,2.0,20.4,16.0,0.5,0.4,0.0,-0.6,-0.6,-0.6,-0.6,1.0,0.0,14.0,1.0,0.3,0.0,-7.7,-7.7,-7.7,-7.7,1.0,0.0,14.0,1.0,0.3,0.0,5.36,5.36,5.36,5.36,1.0,0.0,14.0,1.0,0.3,0.0,69.1,69.1,69.1,69.1,1.0,0.0,14.0,1.0,0.3,0.0,-302.9,-224.9,-147.0,-224.9,2.0,161.6,16.0,0.5,0.4,0.0,-50.3,-29.9,-9.5,-29.9,2.0,42.3,16.0,0.5,0.4,0.0,-200.3,-200.3,-200.3,-200.3,1.0,0.0,14.0,1.0,0.3,0.0,-35.3,-35.3,-35.3,-35.3,1.0,0.0,14.0,1.0,0.3,0.0,-68.1,-68.1,-68.1,-68.1,1.0,0.0,14.0,1.0,0.3,0.0,-12.0,-12.0,-12.0,-12.0,1.0,0.0,14.0,1.0,0.3,0.0,398.5,1108.0,1817.0,1108.0,2.0,1469.0,16.0,0.5,0.4,0.0,400.0,1110.0,1815.0,1110.0,2.0,1470.0,16.0,0.5,0.4,0.0
1974,2,176.0,18.0,25.16,26.1,26.57,25.86,5.0,0.92,12.0,0.2,0.5,0.3,24.46,25.0,28.52,26.22,5.0,2.19,12.0,0.2,0.5,0.3,14.31,15.68,16.79,15.55,5.0,1.41,12.0,0.2,0.5,0.3,61.6,77.0,87.0,74.3,5.0,14.0,12.0,0.2,0.3,5.48,6.2,10.78,8.02,5.0,3.82,12.0,0.2,0.5,0.3,-9.99,-5.61,0.27,-4.87,5.0,6.44,12.0,0.2,0.5,0.3,-4.25,-1.51,1.5,-1.28,5.0,4.67,12.0,0.2,0.5,0.3,1012.87,1013.2,1014.61,1013.66,5.0,1.21,12.0,0.2,0.5,0.3,2.0,3.0,6.4,4.0,5.0,2.3,12.0,0.2,0.5,0.3,-112.9,-32.0,-0.1,-55.3,5.0,77.8,12.0,0.2,0.5,0.3,-46.2,-13.0,9.6,-19.9,5.0,51.1,12.0,0.2,0.5,0.3,-2.6,-0.6,2.11,-0.36,5.0,2.49,12.0,0.2,0.5,0.3,-19.6,-3.4,18.0,-0.5,5.0,21.0,12.0,0.2,0.5,0.3,4.07,5.46,6.86,5.28,5.0,2.04,12.0,0.2,0.5,0.3,21.2,42.4,66.4,45.4,5.0,33.4,12.0,0.2,0.5,0.3,-265.5,-140.3,0.5,-128.4,5.0,161.9,12.0,0.2,0.5,0.3,-103.9,-42.8,45.8,-27.5,5.0,124.5,12.0,0.2,0.5,0.3,-152.2,-96.4,8.3,-74.0,5.0,99.7,12.0,0.2,0.5,0.3,-65.4,-23.7,18.3,-21.8,5.0,66.7,12.0,0.2,0.5,0.3,-61.1,-14.5,1.9,-26.9,5.0,41.4,12.0,0.2,0.5,0.3,-26.8,-8.3,13.4,-6.7,5.0,32.0,12.0,0.2,0.5,0.3,166.0,238.5,1508.5,840.0,5.0,1217.5,12.0,0.2,0.5,0.3,165.0,240.0,1510.0,840.0,5.0,1220.0,12.0,0.2,0.5,0.3
1974,2,176.0,19.0,26.72,26.75,26.78,26.75,2.0,0.07,12.0,0.0,0.7,0.6,24.07,24.45,24.83,24.45,2.0,0.78,12.0,0.0,0.7,0.6,15.2,15.23,15.26,15.23,2.0,0.06,12.0,0.0,0.7,0.6,78.3,79.9,81.5,79.9,2.0,3.4,12.0,0.0,0.6,1.87,5.9,9.93,5.9,2.0,8.34,12.0,0.0,0.7,0.6,-9.78,-5.81,-1.84,-5.81,2.0,8.22,12.0,0.0,0.7,0.6,-1.72,-1.02,-0.33,-1.02,2.0,1.45,12.0,0.0,0.7,0.6,1013.36,1013.7,1014.04,1013.7,2.0,0.71,12.0,0.0,0.7,0.6,0.5,1.5,2.5,1.5,2.0,2.1,12.0,0.0,0.7,0.6,-115.4,-68.6,-21.8,-68.6,2.0,97.0,12.0,0.0,0.7,0.6,-20.3,-12.1,-3.8,-12.1,2.0,17.1,12.0,0.0,0.7,0.6,1.96,2.3,2.64,2.3,2.0,0.71,12.0,0.0,0.7,0.6,3.4,10.6,17.9,10.6,2.0,15.0,12.0,0.0,0.7,0.6,6.71,6.72,6.73,6.72,2.0,0.02,12.0,0.0,0.7,0.6,12.6,39.8,66.9,39.8,2.0,56.2,12.0,0.0,0.7,0.6,-244.4,-145.3,-46.1,-145.3,2.0,205.4,12.0,0.0,0.7,0.6,-43.1,-25.6,-8.1,-25.6,2.0,36.2,12.0,0.0,0.7,0.6,-149.3,-88.7,-28.2,-88.7,2.0,125.5,12.0,0.0,0.7,0.6,-26.3,-15.6,-5.0,-15.6,2.0,22.1,12.0,0.0,0.7,0.6,-65.9,-39.2,-12.4,-39.2,2.0,55.4,12.0,0.0,0.7,0.6,-11.6,-6.9,-2.2,-6.9,2.0,9.8,12.0,0.0,0.7,0.6,260.5,821.5,1382.5,821.5,2.0,1162.0,12.0,0.0,0.7,0.6,260.0,820.0,1380.0,820.0,2.0,1160.0,12.0,0.0,0.7,0.6
1974,2,176.0,20.0,25.6,25.6,25.6,25.6,1.0,0.0,26.0,0.0,0.7,0.8,24.4,24.4,24.4,24.4,1.0,0.0,26.0,0.0,0.7,0.8,15.89,15.89,15.89,15.89,1.0,0.0,26.0,0.0,0.7,0.8,83.4,83.4,83.4,83.4,1.0,0.0,26.0,0.0,0.8,3.67,5.1,6.53,5.1,2.0,2.97,24.0,0.5,0.6,0.5,-2.52,-1.5,-0.48,-1.5,2.0,2.12,24.0,0.5,0.6,0.5,1.14,3.6,6.06,3.6,2.0,5.09,24.0,0.5,0.6,0.5,1011.9,1012.75,1013.6,1012.75,2.0,1.77,24.0,0.5,0.6,0.5,7.0,7.0,7.0,7.0,1.0,0.0,22.0,1.0,0.4,0.2,-7.6,-4.5,-1.4,-4.5,2.0,6.4,24.0,0.5,0.6,0.5,8.2,25.9,43.6,25.9,2.0,36.7,24.0,0.5,0.6,0.5,1.2,1.2,1.2,1.2,1.0,0.0,26.0,0.0,0.7,0.8,8.6,8.6,8.6,8.6,1.0,0.0,26.0,0.0,0.7,0.8,4.64,4.64,4.64,4.64,1.0,0.0,26.0,0.0,0.7,0.8,33.4,33.4,33.4,33.4,1.0,0.0,26.0,0.0,0.7,0.8,0.0,0.0,0.0,0.0,1.0,0.0,26.0,0.0,0.7,0.8,175.7,175.7,175.7,175.7,1.0,0.0,26.0,0.0,0.7,0.8,0.0,0.0,0.0,0.0,1.0,0.0,26.0,0.0,0.7,0.8,114.4,114.4,114.4,114.4,1.0,0.0,26.0,0.0,0.7,0.8,0.0,0.0,0.0,0.0,1.0,0.0,26.0,0.0,0.7,0.8,33.4,33.4,33.4,33.4,1.0,0.0,26.0,0.0,0.7,0.8,82.0,200.0,318.5,200.0,2.0,245.0,24.0,0.5,0.6,0.5,80.0,200.0,320.0,200.0,2.0,245.0,24.0,0.5,0.6,0.5
1974,2,176.0,21.0,25.0,25.0,25.0,25.0,1.0,0.0,16.0,1.0,0.0,0.2,27.0,27.0,27.55,27.27,3.0,0.46,22.0,0.7,0.3,0.4,17.6,17.6,17.6,17.6,1.0,0.0,16.0,1.0,0.0,0.2,75.6,75.6,75.6,75.6,1.0,0.0,16.0,1.0,0.2,0.67,2.1,5.24,2.93,3.0,3.43,22.0,0.7,0.3,0.4,-4.57,0.0,0.72,-1.88,3.0,4.2,22.0,0.7,0.3,0.4,-1.24,0.0,0.0,-0.61,3.0,1.05,22.0,0.7,0.3,0.4,1013.9,1013.9,1013.9,1013.9,1.0,0.0,16.0,1.0,0.0,0.2,2.6,4.0,6.0,4.3,3.0,2.5,22.0,0.7,0.3,0.4,-30.6,0.0,1.5,-14.2,3.0,26.6,22.0,0.7,0.3,0.4,-2.6,0.0,0.0,-1.3,3.0,2.2,22.0,0.7,0.3,0.4,-2.8,-2.8,-2.8,-2.8,1.0,0.0,16.0,1.0,0.0,0.2,0.0,0.0,0.0,0.0,1.0,0.0,16.0,1.0,0.0,0.2,2.16,2.16,2.16,2.16,1.0,0.0,16.0,1.0,0.0,0.2,0.0,0.0,0.0,0.0,1.0,0.0,16.0,1.0,0.0,0.2,-123.5,0.0,19.4,-50.8,3.0,113.5,22.0,0.7,0.3,0.4,-33.5,0.0,0.0,-16.4,3.0,28.4,22.0,0.7,0.3,0.4,0.0,0.0,0.0,0.0,1.0,0.0,16.0,1.0,0.0,0.2,0.0,0.0,0.0,0.0,1.0,0.0,16.0,1.0,0.0,0.2,0.0,0.0,0.0,0.0,1.0,0.0,16.0,1.0,0.0,0.2,0.0,0.0,0.0,0.0,1.0,0.0,16.0,1.0,0.0,0.2,3.0,9.5,208.0,103.5,3.0,171.0,22.0,0.7,0.3,0.4,5.0,10.0,210.0,105.0,3.0,170.0,22.0,0.7,0.3,0.4
1974,2,176.0,22.0,23.87,25.0,26.05,24.94,7.0,1.25,20.0,0.3,0.4,0.4,20.63,22.6,23.82,22.71,8.0,2.53,20.0,0.4,0.4,0.4,13.11,14.39,15.48,14.21,6.0,1.37,18.0,0.3,0.4,0.4,72.9,84.0,90.5,82.8,6.0,11.6,18.0,0.3,0.4,5.05,6.2,8.42,6.97,7.0,2.96,20.0,0.4,0.4,0.4,-6.32,0.0,2.77,-1.09,7.0,4.78,20.0,0.4,0.4,0.4,-3.23,1.42,5.46,1.65,7.0,6.16,20.0,0.4,0.4,0.4,1005.3,1008.5,1015.11,1009.76,7.0,5.41,20.0,0.3,0.4,0.4,3.0,4.0,5.1,4.4,7.0,1.9,20.0,0.3,0.4,0.3,-45.9,0.0,11.9,-13.1,7.0,34.9,20.0,0.4,0.4,0.4,-19.5,11.7,32.6,24.3,7.0,65.1,20.0,0.4,0.4,0.4,0.83,2.7,4.6,2.27,7.0,3.48,20.0,0.3,0.4,0.4,-3.2,14.3,29.3,10.0,6.0,25.3,18.0,0.3,0.4,0.5,3.81,5.96,6.68,5.38,6.0,1.81,18.0,0.3,0.4,0.4,26.2,30.7,53.4,39.3,5.0,21.8,16.0,0.4,0.3,0.4,-148.5,0.0,60.7,-33.4,7.0,115.9,20.0,0.4,0.4,0.4,-72.1,39.6,124.9,38.0,7.0,136.1,20.0,0.4,0.4,0.4,-107.0,-29.9,31.5,-34.9,5.0,77.7,16.0,0.4,0.3,0.4,-49.0,22.0,97.4,28.2,5.0,93.0,16.0,0.4,0.3,0.4,-21.6,-13.2,16.2,-3.6,5.0,24.5,16.0,0.4,0.3,0.4,-23.9,3.4,36.9,8.6,5.0,41.2,16.0,0.4,0.3,0.4,129.5,238.5,627.5,520.5,7.0,736.0,20.0,0.4,0.4,0.4,130.0,240.0,630.0,520.0,7.0,735.0,20.0,0.4,0.4,0.4
1974,2,176.0,23.0,22.55,23.3,23.91,23.23,3.0,1.0,14.0,0.0,0.3,0.3,20.95,23.0,23.2,22.1,3.0,1.82,14.0,0.0,0.3,0.3,12.74,14.1,14.69,13.73,3.0,1.46,14.0,0.0,0.3,0.3,81.4,82.9,83.8,82.6,3.0,1.8,14.0,0.0,0.3,3.56,6.7,9.5,6.53,3.0,4.35,14.0,0.0,0.3,0.3,-7.55,-1.97,3.33,-2.11,3.0,7.98,14.0,0.0,0.3,0.3,-3.58,-3.35,-0.57,-2.11,3.0,2.45,14.0,0.0,0.3,0.3,1008.26,1012.9,1014.67,1011.5,3.0,4.85,14.0,0.0,0.3,0.3,4.0,4.0,6.7,5.3,3.0,2.3,14.0,0.0,0.3,0.3,-76.1,-4.1,25.2,-25.0,3.0,76.4,14.0,0.0,0.3,0.3,-34.4,-22.4,-6.1,-20.3,3.0,20.8,14.0,0.0,0.3,0.3,0.49,0.9,1.79,1.13,3.0,0.97,14.0,0.0,0.3,0.3,1.9,2.0,16.9,9.2,3.0,12.6,14.0,0.0,0.3,0.3,3.77,3.83,4.4,4.08,3.0,0.51,14.0,0.0,0.3,0.3,13.4,25.1,42.4,27.8,3.0,21.3,14.0,0.0,0.3,0.3,-153.1,-46.0,76.5,-38.5,3.0,168.3,14.0,0.0,0.3,0.3,-76.0,-73.9,-12.0,-44.7,3.0,53.3,14.0,0.0,0.3,0.3,-93.3,-29.5,46.5,-23.6,3.0,102.5,14.0,0.0,0.3,0.3,-46.4,-44.7,-6.9,-27.1,3.0,32.8,14.0,0.0,0.3,0.3,-34.8,-7.6,12.4,-11.1,3.0,34.7,14.0,0.0,0.3,0.3,-15.8,-12.5,-2.1,-9.0,3.0,10.5,14.0,0.0,0.3,0.3,102.0,301.0,955.5,523.0,3.0,654.0,14.0,0.0,0.3,0.3,100.0,300.0,955.0,525.0,3.0,655.0,14.0,0.0,0.3,0.3
1974,2,176.0,24.0,22.71,23.9,24.0,23.6,14.0,0.75,18.0,0.4,0.5,0.4,21.34,22.8,24.0,22.67,15.0,1.29,16.0,0.5,0.5,0.5,12.34,13.62,14.83,13.63,12.0,1.4,16.0,0.5,0.5,0.4,73.3,76.7,87.0,79.3,12.0,7.1,16.0,0.5,0.4,2.93,5.1,11.25,6.79,15.0,3.93,16.0,0.5,0.5,0.5,-7.01,-2.64,0.59,-3.89,15.0,4.8,16.0,0.5,0.5,0.5,-4.82,0.0,4.13,-0.16,15.0,5.07,16.0,0.5,0.5,0.5,1013.91,1015.25,1017.97,1015.44,14.0,2.58,18.0,0.4,0.5,0.4,2.0,6.0,7.9,4.9,14.0,2.9,16.0,0.4,0.5,0.5,-67.1,-13.0,3.3,-38.1,15.0,65.3,16.0,0.5,0.5,0.5,-35.6,0.0,20.4,0.2,15.0,50.0,16.0,0.5,0.5,0.5,0.03,0.9,2.47,1.02,14.0,1.33,18.0,0.4,0.5,0.4,0.1,6.4,21.7,9.2,14.0,11.6,18.0,0.4,0.5,0.4,3.14,4.47,5.97,4.57,12.0,1.8,16.0,0.5,0.5,0.4,12.6,28.2,44.7,30.0,12.0,19.5,16.0,0.5,0.5,0.4,-151.9,-61.2,14.2,-86.4,15.0,104.3,16.0,0.5,0.5,0.5,-112.0,0.0,98.0,-3.8,15.0,111.8,16.0,0.5,0.5,0.5,-84.7,-38.2,15.9,-45.6,12.0,66.4,16.0,0.5,0.5,0.4,-70.0,22.8,72.0,10.9,12.0,72.8,16.0,0.5,0.5,0.4,-29.8,-7.6,6.4,-10.4,12.0,19.5,16.0,0.5,0.5,0.4,-27.1,4.9,15.3,-3.6,12.0,29.1,16.0,0.5,0.5,0.4,29.0,132.5,1457.0,647.5,15.0,1001.0,16.0,0.5,0.5,0.5,30.0,135.0,1455.0,645.0,15.0,1000.0,16.0,0.5,0.5,0.5
1974,2,176.0,25.0,22.2,23.0,24.65,23.19,18.0,1.31,18.0,0.3,0.4,0.3,20.94,21.4,22.83,21.8,19.0,1.8,18.0,0.3,0.4,0.3,10.59,13.65,14.77,12.99,17.0,2.11,18.0,0.4,0.4,0.3,68.5,83.0,91.2,80.1,17.0,11.0,18.0,0.4,0.3,4.38,7.2,11.44,7.84,19.0,4.07,18.0,0.3,0.4,0.3,-11.42,-7.09,1.49,-5.58,19.0,6.56,18.0,0.3,0.4,0.3,-2.71,0.0,1.45,-0.43,19.0,2.29,18.0,0.3,0.4,0.3,1012.61,1015.0,1020.4,1015.25,19.0,4.44,18.0,0.3,0.4,0.3,2.0,4.0,8.0,4.9,19.0,2.7,18.0,0.3,0.4,0.3,-130.7,-51.1,2.6,-62.6,19.0,82.6,18.0,0.3,0.4,0.3,-11.4,0.0,12.6,-1.6,19.0,20.4,18.0,0.3,0.4,0.3,0.41,1.05,2.3,1.19,18.0,1.82,18.0,0.3,0.4,0.3,0.6,9.0,19.2,10.3,18.0,15.7,18.0,0.3,0.4,0.3,2.64,4.15,6.62,4.57,16.0,2.07,18.0,0.4,0.4,0.3,15.6,34.2,64.6,37.9,16.0,24.2,18.0,0.4,0.4,0.3,-255.2,-145.4,32.7,-119.1,19.0,146.1,18.0,0.3,0.4,0.3,-59.6,0.0,30.9,-7.0,19.0,51.3,18.0,0.3,0.4,0.3,-159.8,-96.8,10.2,-80.4,17.0,94.9,18.0,0.4,0.4,0.3,-29.8,0.0,22.4,-2.5,17.0,30.3,18.0,0.4,0.4,0.3,-63.7,-29.7,5.6,-29.4,16.0,33.6,18.0,0.4,0.4,0.3,-6.0,0.0,5.9,-1.2,16.0,8.1,18.0,0.4,0.4,0.3,87.5,373.0,1503.0,868.5,19.0,1159.5,18.0,0.3,0.4,0.3,90.0,375.0,1505.0,870.0,19.0,1160.0,18.0,0.3,0.4,0.3
1974,2,176.0,26.0,22.01,22.9,23.49,22.66,14.0,1.0,16.0,0.2,0.5,0.4,20.02,21.2,22.5,21.19,14.0,1.32,16.0,0.2,0.5,0.4,11.28,12.64,13.34,12.23,14.0,1.7,16.0,0.2,0.5,0.4,71.4,78.9,86.0,78.1,14.0,9.7,16.0,0.2,0.4,4.63,7.45,11.21,7.82,14.0,4.09,16.0,0.2,0.5,0.4,-6.67,0.0,6.09,-0.78,14.0,7.15,16.0,0.2,0.5,0.4,-5.26,-1.76,4.6,-0.9,14.0,5.48,16.0,0.2,0.5,0.4,1013.01,1014.2,1016.97,1014.34,14.0,4.68,16.0,0.2,0.5,0.4,2.1,4.5,6.9,4.5,14.0,2.0,16.0,0.2,0.5,0.4,-51.3,0.0,58.7,-5.9,14.0,91.1,16.0,0.2,0.5,0.4,-50.4,-8.1,42.4,-10.4,14.0,61.0,16.0,0.2,0.5,0.4,0.31,1.3,2.48,1.46,14.0,1.32,16.0,0.2,0.5,0.4,1.0,7.7,19.2,10.0,14.0,8.1,16.0,0.2,0.5,0.4,2.73,4.34,6.51,4.92,14.0,2.05,16.0,0.2,0.5,0.4,15.7,33.9,55.0,37.5,14.0,24.5,16.0,0.2,0.5,0.4,-143.2,0.0,136.3,-12.2,14.0,152.0,16.0,0.2,0.5,0.4,-107.0,-32.8,95.0,-18.0,14.0,119.5,16.0,0.2,0.5,0.4,-75.5,0.0,87.5,-9.6,14.0,87.3,16.0,0.2,0.5,0.4,-65.6,-13.2,55.4,-8.7,14.0,68.9,16.0,0.2,0.5,0.4,-36.0,0.0,28.3,0.1,14.0,35.7,16.0,0.2,0.5,0.4,-28.8,-6.6,21.0,-4.8,14.0,28.4,16.0,0.2,0.5,0.4,99.5,415.0,1411.0,883.0,14.0,1240.5,16.0,0.2,0.5,0.4,100.0,415.0,1410.0,885.0,14.0,1240.0,16.0,0.2,0.5,0.4
1974,2,176.0,27.0,18.61,20.6,21.2,20.44,15.0,1.94,14.0,0.3,0.5,0.5,17.49,19.4,22.17,19.53,15.0,2.16,14.0,0.3,0.5,0.5,7.92,10.58,12.63,10.5,14.0,2.58,14.0,0.3,0.5,0.5,66.5,74.5,86.7,73.8,14.0,13.6,14.0,0.3,0.5,3.04,6.7,8.7,6.37,15.0,2.56,14.0,0.3,0.5,0.5,-7.0,-3.21,0.84,-2.06,15.0,5.1,14.0,0.3,0.5,0.5,-3.89,-0.36,4.29,-0.24,15.0,4.4,14.0,0.3,0.5,0.5,1016.52,1018.1,1020.69,1018.39,15.0,2.23,14.0,0.3,0.5,0.5,3.0,6.0,7.0,5.2,14.0,2.2,14.0,0.3,0.5,0.5,-58.2,-16.1,5.2,-13.2,15.0,44.5,14.0,0.3,0.5,0.5,-27.4,-0.8,36.9,-0.2,15.0,32.8,14.0,0.3,0.5,0.5,-1.66,1.1,3.37,0.91,15.0,2.46,14.0,0.3,0.5,0.5,-8.4,7.4,23.0,7.1,15.0,16.2,14.0,0.3,0.5,0.5,2.54,4.23,7.37,4.42,14.0,2.86,14.0,0.3,0.5,0.5,6.6,34.7,61.1,32.4,14.0,23.9,14.0,0.3,0.5,0.5,-132.6,-59.6,18.9,-40.5,15.0,100.5,14.0,0.3,0.5,0.5,-74.4,-5.9,83.0,-0.3,15.0,86.9,14.0,0.3,0.5,0.5,-77.1,-29.7,11.6,-21.5,14.0,55.1,14.0,0.3,0.5,0.5,-39.2,-1.7,45.3,3.4,14.0,45.1,14.0,0.3,0.5,0.5,-33.9,-3.5,4.1,-9.8,14.0,31.5,14.0,0.3,0.5,0.5,-31.1,-2.0,19.6,-4.4,14.0,24.1,14.0,0.3,0.5,0.5,35.5,301.0,658.5,368.0,15.0,297.0,14.0,0.3,0.5,0.5,35.0,300.0,660.0,370.0,15.0,295.0,14.0,0.3,0.5,0.5
1974,2,176.0,28.0,20.63,21.2,22.1,21.34,5.0,1.02,10.0,0.6,0.3,0.3,19.0,21.7,22.37,20.88,5.0,1.95,10.0,0.6,0.3,0.3,11.49,12.91,13.33,12.43,4.0,1.46,6.0,0.5,0.4,0.3,80.0,82.0,87.3,83.5,4.0,5.3,6.0,0.5,0.3,4.12,8.7,10.03,7.38,5.0,3.51,10.0,0.6,0.3,0.3,-2.61,-1.51,5.53,1.15,5.0,5.84,10.0,0.6,0.3,0.3,-0.91,3.86,8.78,3.82,5.0,5.14,10.0,0.6,0.3,0.3,1007.81,1013.0,1016.37,1012.14,5.0,4.6,10.0,0.6,0.3,0.3,1.6,3.0,4.4,3.0,2.0,2.8,8.0,0.5,0.8,0.2,-17.4,-13.1,48.1,15.4,5.0,59.4,10.0,0.6,0.3,0.3,-4.6,43.7,78.4,38.2,5.0,43.6,10.0,0.6,0.3,0.3,-1.45,-1.0,2.79,0.46,5.0,2.65,10.0,0.6,0.3,0.3,-7.5,-4.4,27.2,7.9,5.0,21.1,10.0,0.6,0.3,0.3,1.63,2.38,5.06,3.3,4.0,2.54,6.0,0.5,0.4,0.3,10.0,25.1,47.7,28.7,4.0,24.6,6.0,0.5,0.4,0.3,-58.9,-27.6,111.0,19.9,5.0,117.9,10.0,0.6,0.3,0.3,-21.0,75.0,173.1,75.2,5.0,107.1,10.0,0.6,0.3,0.3,-18.9,9.1,87.3,33.0,4.0,72.9,6.0,0.5,0.4,0.3,23.5,68.9,107.4,65.6,4.0,53.4,6.0,0.5,0.4,0.3,-6.9,0.4,18.2,5.4,4.0,18.2,6.0,0.5,0.4,0.3,5.4,14.0,39.3,22.0,4.0,26.2,6.0,0.5,0.4,0.3,86.0,658.5,1037.5,609.5,5.0,574.5,10.0,0.6,0.3,0.3,85.0,660.0,1040.0,610.0,5.0,575.0,10.0,0.6,0.3,0.3
1974,2,176.0,29.0,18.01,19.15,20.0,19.04,14.0,1.07,16.0,0.5,0.4,0.6,16.53,18.7,20.47,18.45,14.0,1.75,16.0,0.5,0.4,0.6,9.36,9.87,10.78,10.17,11.0,1.66,16.0,0.5,0.5,0.6,68.7,80.8,84.8,77.2,11.0,8.8,16.0,0.5,0.6,7.2,8.7,14.34,10.85,14.0,4.8,16.0,0.5,0.4,0.6,-11.53,2.43,8.42,-0.29,14.0,9.15,16.0,0.5,0.4,0.6,-7.17,-5.75,1.57,-3.86,14.0,7.07,16.0,0.5,0.4,0.6,1014.0,1016.25,1018.39,1015.88,14.0,3.27,16.0,0.5,0.4,0.6,2.0,6.0,8.0,5.5,13.0,2.4,16.0,0.5,0.5,0.6,-167.2,14.4,73.1,-20.7,14.0,130.5,16.0,0.5,0.4,0.6,-102.8,-44.9,12.8,-65.6,14.0,127.1,16.0,0.5,0.4,0.6,-0.59,0.55,2.97,0.59,14.0,1.82,16.0,0.5,0.4,0.6,-11.2,7.2,20.1,4.7,14.0,19.0,16.0,0.5,0.4,0.6,2.11,4.03,4.42,3.34,11.0,1.58,16.0,0.5,0.5,0.6,19.3,34.5,58.1,38.2,11.0,26.9,16.0,0.5,0.5,0.6,-216.9,43.9,171.9,-4.0,14.0,167.3,16.0,0.5,0.4,0.6,-126.2,-95.4,30.8,-68.3,14.0,136.1,16.0,0.5,0.4,0.6,-91.4,38.0,101.6,16.2,11.0,86.2,16.0,0.5,0.5,0.6,-69.0,-46.3,49.1,-27.6,11.0,81.5,16.0,0.5,0.5,0.6,-50.0,14.2,29.0,0.0,11.0,35.3,16.0,0.5,0.5,0.6,-27.7,-18.5,6.8,-17.2,11.0,27.5,16.0,0.5,0.5,0.6,373.0,658.5,2949.5,2084.0,14.0,3150.5,16.0,0.5,0.4,0.6,375.0,660.0,2950.0,2085.0,14.0,3150.0,16.0,0.5,0.4,0.6
1974,2,176.0,30.0,17.0,17.8,20.0,17.96,19.0,1.49,14.0,0.5,0.4,0.3,15.61,18.75,19.5,18.1,20.0,1.93,14.0,0.5,0.4,0.3,8.79,11.18,12.88,10.92,15.0,2.08,12.0,0.5,0.5,0.3,74.1,82.7,90.9,83.2,15.0,10.0,12.0,0.5,0.3,4.61,9.9,13.88,9.64,20.0,5.37,14.0,0.5,0.4,0.3,-3.35,0.89,7.65,2.63,20.0,7.28,14.0,0.5,0.4,0.3,-5.78,3.06,9.42,2.12,20.0,7.86,14.0,0.5,0.4,0.3,1010.03,1014.25,1018.3,1014.67,20.0,4.24,14.0,0.5,0.4,0.3,2.7,7.0,8.0,6.0,18.0,2.4,14.0,0.5,0.5,0.4,-32.5,2.3,76.4,41.3,20.0,118.3,14.0,0.5,0.4,0.3,-63.7,16.9,98.4,9.9,20.0,120.0,14.0,0.5,0.4,0.3,-2.14,-0.2,1.53,-0.3,19.0,1.93,14.0,0.5,0.4,0.3,-20.1,-2.0,16.1,-1.5,19.0,20.7,14.0,0.5,0.4,0.3,-0.67,1.95,4.34,1.68,15.0,2.47,12.0,0.5,0.5,0.3,-7.9,9.2,41.0,18.7,15.0,34.1,12.0,0.5,0.5,0.3,-63.6,16.9,123.2,43.5,20.0,123.5,14.0,0.5,0.4,0.3,-90.4,52.1,179.0,48.7,20.0,137.5,14.0,0.5,0.4,0.3,-29.5,11.0,107.7,31.1,15.0,71.0,12.0,0.5,0.5,0.3,-32.1,25.5,103.3,28.4,15.0,88.1,12.0,0.5,0.5,0.3,-6.9,0.5,26.3,12.1,15.0,32.8,12.0,0.5,0.5,0.3,-14.3,0.0,14.6,-2.7,15.0,17.1,12.0,0.5,0.5,0.3,98.0,970.5,2673.0,1762.5,20.0,2560.0,14.0,0.5,0.4,0.3,100.0,970.0,2675.0,1765.0,20.0,2560.0,14.0,0.5,0.4,0.3
1974,2,176.0,31.0,15.77,16.4,19.46,17.15,10.0,1.75,16.0,0.2,0.2,0.2,15.0,16.8,18.7,16.76,10.0,1.73,16.0,0.2,0.2,0.2,6.23,9.16,10.86,8.79,6.0,2.63,14.0,0.2,0.2,0.2,59.5,79.2,89.5,75.7,6.0,16.5,14.0,0.2,0.2,5.57,6.2,10.59,8.14,10.0,4.3,16.0,0.2,0.2,0.2,-1.97,3.95,6.95,2.79,10.0,5.76,16.0,0.2,0.2,0.2,-5.9,-0.87,3.34,-1.84,10.0,6.82,16.0,0.2,0.2,0.2,1013.04,1016.0,1020.0,1016.48,10.0,3.53,16.0,0.2,0.2,0.2,3.0,6.0,8.0,5.9,7.0,2.5,14.0,0.1,0.3,0.3,-30.4,21.8,58.5,9.4,10.0,73.1,16.0,0.2,0.2,0.2,-49.6,-4.4,29.0,-26.1,10.0,99.9,16.0,0.2,0.2,0.2,-1.13,0.55,1.43,0.39,10.0,1.89,16.0,0.2,0.2,0.2,-4.9,4.5,19.4,5.1,10.0,13.3,16.0,0.2,0.2,0.2,1.7,2.54,4.43,3.02,6.0,1.75,14.0,0.2,0.2,0.2,9.7,20.5,40.8,24.7,6.0,19.0,14.0,0.2,0.2,0.2,-31.3,65.4,122.7,50.8,10.0,94.1,16.0,0.2,0.2,0.2,-112.1,-13.1,58.4,-28.2,10.0,108.1,16.0,0.2,0.2,0.2,-1.3,29.2,68.8,29.6,6.0,60.7,14.0,0.2,0.2,0.2,-48.1,-5.6,34.6,-14.5,6.0,59.0,14.0,0.2,0.2,0.2,-3.3,14.1,19.2,7.0,6.0,18.3,14.0,0.2,0.2,0.2,-35.4,-3.5,5.9,-12.5,6.0,22.7,14.0,0.2,0.2,0.2,178.0,238.5,1188.0,1023.0,10.0,1747.0,16.0,0.2,0.2,0.2,180.0,240.0,1190.0,1025.0,10.0,1745.0,16.0,0.2,0.2,0.2
1974,2,176.0,32.0,15.23,16.4,17.33,16.45,11.0,1.31,16.0,0.2,0.3,0.5,12.15,14.15,16.88,14.46,12.0,2.22,16.0,0.2,0.4,0.5,6.44,8.09,9.53,7.94,11.0,1.64,16.0,0.1,0.4,0.5,67.3,78.0,92.7,78.8,11.0,12.0,16.0,0.1,0.5,5.79,10.05,14.65,10.11,12.0,4.2,16.0,0.2,0.4,0.5,-4.41,5.37,11.72,3.46,12.0,9.35,16.0,0.2,0.4,0.5,-5.67,-0.4,4.99,-0.24,12.0,5.35,16.0,0.2,0.4,0.5,1008.48,1012.55,1015.39,1012.43,12.0,5.58,16.0,0.2,0.4,0.5,2.0,4.5,7.6,4.5,10.0,2.9,16.0,0.0,0.4,0.5,-54.1,29.6,159.7,37.1,12.0,130.4,16.0,0.2,0.4,0.5,-74.0,-1.8,44.3,-12.3,12.0,60.7,16.0,0.2,0.4,0.5,0.12,2.0,3.62,1.94,11.0,2.17,16.0,0.2,0.3,0.5,0.7,17.4,52.2,25.6,11.0,27.2,16.0,0.2,0.3,0.5,2.37,3.88,4.6,3.86,10.0,1.69,16.0,0.1,0.4,0.5,22.0,40.8,67.2,45.9,10.0,26.6,16.0,0.1,0.4,0.5,-64.9,78.4,146.7,44.3,12.0,128.3,16.0,0.2,0.4,0.5,-73.3,-5.5,77.1,1.6,12.0,83.7,16.0,0.2,0.4,0.5,-54.6,52.4,78.4,21.0,11.0,75.3,16.0,0.1,0.4,0.5,-37.5,-7.1,51.2,1.0,11.0,46.9,16.0,0.1,0.4,0.5,-19.9,25.8,63.8,21.0,10.0,43.8,16.0,0.1,0.4,0.5,-25.9,-3.3,9.7,-6.7,10.0,24.3,16.0,0.1,0.4,0.5,202.5,1032.0,3155.5,1517.0,12.0,1387.5,16.0,0.2,0.4,0.5,200.0,1030.0,3155.0,1515.0,12.0,1385.0,16.0,0.2,0.4,0.5
1974,2,176.0,33.0,15.45,16.1,17.0,16.18,12.0,0.87,18.0,0.4,0.3,0.3,12.88,15.0,17.28,15.08,14.0,2.14,16.0,0.4,0.3,0.3,7.39,9.47,10.78,9.35,11.0,1.71,14.0,0.5,0.4,0.4,78.4,87.5,91.7,86.2,11.0,7.5,14.0,0.5,0.4,5.1,9.3,16.93,10.04,14.0,5.36,16.0,0.4,0.3,0.3,-4.42,0.18,8.72,2.15,14.0,8.38,16.0,0.4,0.3,0.3,-11.44,0.0,4.77,-1.69,14.0,7.69,16.0,0.4,0.3,0.3,1011.01,1014.9,1019.0,1014.91,14.0,5.66,16.0,0.4,0.3,0.3,2.0,4.0,7.3,4.6,12.0,2.4,16.0,0.5,0.4,0.4,-42.6,0.4,83.1,35.8,14.0,126.2,16.0,0.4,0.3,0.3,-136.8,0.0,45.8,-32.4,14.0,111.7,16.0,0.4,0.3,0.3,-0.85,1.8,2.85,1.37,12.0,2.21,18.0,0.4,0.3,0.3,-3.5,12.0,31.8,12.3,12.0,19.3,18.0,0.4,0.3,0.3,0.52,2.89,3.78,2.31,10.0,1.7,16.0,0.5,0.4,0.3,5.0,12.0,45.5,21.4,10.0,21.5,16.0,0.5,0.4,0.3,-65.2,3.3,156.5,40.8,14.0,129.2,16.0,0.4,0.3,0.3,-141.7,0.0,87.7,-18.2,14.0,110.1,16.0,0.4,0.3,0.3,-50.1,4.4,110.8,27.3,11.0,83.8,14.0,0.5,0.4,0.4,-24.8,24.2,58.1,11.7,11.0,54.1,14.0,0.5,0.4,0.4,-26.3,-0.6,4.8,-3.2,10.0,24.9,16.0,0.5,0.4,0.3,-7.8,0.0,7.4,-4.2,10.0,17.9,16.0,0.5,0.4,0.3,132.5,804.5,4856.5,1843.5,14.0,2171.0,16.0,0.4,0.3,0.3,135.0,805.0,4855.0,1845.0,14.0,2170.0,16.0,0.4,0.3,0.3
1974,2,176.0,34.0,14.38,15.2,16.44,15.34,5.0,1.43,12.0,0.0,0.3,0.6,12.62,15.0,16.88,15.0,7.0,2.6,10.0,0.1,0.3,0.5,7.48,8.39,11.04,8.82,7.0,1.69,10.0,0.1,0.3,0.5,79.0,86.6,92.7,83.2,7.0,12.4,10.0,0.1,0.5,6.2,9.3,15.9,10.44,7.0,4.41,10.0,0.1,0.3,0.5,-5.65,0.0,6.74,0.72,7.0,8.28,10.0,0.1,0.3,0.5,-8.33,2.76,6.62,1.48,7.0,8.66,10.0,0.1,0.3,0.5,1007.86,1010.5,1016.29,1012.61,7.0,5.25,10.0,0.1,0.3,0.5,3.0,6.5,8.0,5.8,6.0,2.5,10.0,0.2,0.3,0.4,-88.4,0.0,52.1,8.9,7.0,120.5,10.0,0.1,0.3,0.5,-86.2,38.4,53.2,21.5,7.0,113.3,10.0,0.1,0.3,0.5,-1.16,0.0,4.68,1.4,5.0,3.12,12.0,0.0,0.3,0.6,-11.5,0.0,36.1,10.5,5.0,26.6,12.0,0.0,0.3,0.6,0.39,2.1,4.32,2.28,5.0,2.12,12.0,0.0,0.3,0.6,7.3,27.1,33.9,21.5,5.0,16.1,12.0,0.0,0.3,0.6,-80.6,0.0,90.0,18.1,7.0,139.2,10.0,0.1,0.3,0.5,-101.9,51.1,109.3,31.0,7.0,121.8,10.0,0.1,0.3,0.5,-49.2,0.0,50.6,3.6,7.0,65.5,10.0,0.1,0.3,0.5,-65.5,21.1,73.0,19.7,7.0,75.0,10.0,0.1,0.3,0.5,-11.8,-4.3,10.8,-0.4,5.0,18.4,12.0,0.0,0.3,0.6,-24.8,-10.7,3.2,-11.2,5.0,18.4,12.0,0.0,0.3,0.6,238.5,804.5,4019.5,1681.0,7.0,1731.5,10.0,0.1,0.3,0.5,240.0,805.0,4020.0,1680.0,7.0,1730.0,10.0,0.1,0.3,0.5
1974,2,176.0,35.0,14.38,15.0,16.01,15.09,7.0,0.79,10.0,0.1,0.3,0.4,8.79,14.0,15.14,12.87,7.0,3.57,10.0,0.1,0.3,0.4,5.76,7.32,10.4,8.0,5.0,2.66,8.0,0.0,0.3,0.5,82.2,90.2,91.0,86.7,5.0,6.7,8.0,0.0,0.5,8.65,11.3,13.02,11.23,7.0,2.62,10.0,0.1,0.3,0.4,-7.72,9.68,12.15,4.66,7.0,9.24,10.0,0.1,0.3,0.4,-2.2,0.0,3.56,1.5,7.0,6.38,10.0,0.1,0.3,0.4,1002.23,1010.0,1017.79,1009.27,7.0,8.5,10.0,0.1,0.3,0.4,1.9,5.0,8.0,4.7,7.0,3.0,10.0,0.1,0.3,0.4,-59.9,99.7,149.8,64.5,7.0,97.3,10.0,0.1,0.3,0.4,-26.7,0.0,35.8,25.0,7.0,94.3,10.0,0.1,0.3,0.4,-0.19,2.0,6.54,2.21,7.0,3.99,10.0,0.1,0.3,0.4,-2.9,17.4,73.6,21.4,7.0,48.4,10.0,0.1,0.3,0.4,0.03,2.88,5.44,2.62,5.0,3.07,8.0,0.0,0.3,0.5,-1.2,35.4,58.1,28.0,5.0,36.1,8.0,0.0,0.3,0.5,-114.5,85.2,133.8,46.0,7.0,118.8,10.0,0.1,0.3,0.4,-23.4,0.0,52.7,34.8,7.0,107.7,10.0,0.1,0.3,0.4,48.6,58.5,101.7,72.3,5.0,35.4,8.0,0.0,0.3,0.5,-17.7,-10.3,65.0,26.1,5.0,85.2,8.0,0.0,0.3,0.5,7.0,34.9,55.6,31.5,5.0,27.2,8.0,0.0,0.3,0.5,-21.8,-10.8,-3.9,-12.5,5.0,10.5,8.0,0.0,0.3,0.5,649.0,1443.0,2218.5,1616.0,7.0,1084.0,10.0,0.1,0.3,0.4,650.0,1445.0,2220.0,1615.0,7.0,1085.0,10.0,0.1,0.3,0.4
1974,2,176.0,36.0,13.28,14.0,14.5,14.01,9.0,0.67,18.0,0.4,0.5,0.5,11.43,12.6,14.29,12.65,10.0,1.8,18.0,0.5,0.5,0.4,5.74,7.11,7.61,6.94,9.0,1.21,18.0,0.4,0.5,0.5,69.6,71.8,85.9,75.6,9.0,9.1,18.0,0.4,0.5,6.98,11.6,13.76,11.18,10.0,4.67,18.0,0.5,0.5,0.4,0.88,8.74,12.49,6.69,10.0,5.94,18.0,0.5,0.5,0.4,-4.78,-2.2,1.28,-0.83,10.0,8.66,18.0,0.5,0.5,0.4,1004.06,1011.3,1017.57,1010.56,10.0,7.37,18.0,0.5,0.5,0.4,2.4,6.0,7.6,5.4,10.0,2.3,18.0,0.5,0.5,0.4,3.6,78.8,158.5,72.4,10.0,79.7,18.0,0.5,0.5,0.4,-31.0,-20.2,16.5,11.4,10.0,156.1,18.0,0.5,0.5,0.4,0.0,0.7,2.96,1.29,9.0,2.08,18.0,0.4,0.5,0.5,0.0,7.6,38.0,15.5,9.0,31.2,18.0,0.4,0.5,0.5,2.13,3.15,4.28,3.01,9.0,1.44,18.0,0.4,0.5,0.5,14.7,24.5,53.1,31.6,9.0,21.8,18.0,0.4,0.5,0.5,9.6,113.0,143.6,81.0,10.0,74.0,18.0,0.5,0.5,0.4,-67.8,-25.2,16.3,-2.9,10.0,113.3,18.0,0.5,0.5,0.4,3.6,58.4,86.2,41.6,9.0,44.4,18.0,0.4,0.5,0.5,-35.5,-16.6,11.6,1.5,9.0,75.1,18.0,0.4,0.5,0.5,1.7,23.0,39.2,22.0,9.0,19.6,18.0,0.4,0.5,0.5,-17.3,-8.4,0.0,-12.8,9.0,22.1,18.0,0.4,0.5,0.5,388.0,1583.0,2626.5,2090.5,10.0,2521.0,18.0,0.5,0.5,0.4,390.0,1585.0,2625.0,2090.0,10.0,2520.0,18.0,0.5,0.5,0.4
1974,2,176.0,37.0,12.2,13.9,14.43,13.71,12.0,1.29,16.0,0.3,0.5,0.3,10.0,11.9,13.5,11.99,14.0,1.97,16.0,0.4,0.4,0.3,5.59,7.06,7.7,6.67,13.0,1.5,16.0,0.3,0.4,0.3,71.5,76.1,88.1,75.8,13.0,12.7,16.0,0.3,0.3,7.8,11.05,17.3,11.76,14.0,4.17,16.0,0.4,0.4,0.3,-6.99,2.21,11.09,2.7,14.0,8.05,16.0,0.4,0.4,0.3,-11.77,-1.01,9.22,-0.31,14.0,9.68,16.0,0.4,0.4,0.3,1002.09,1010.75,1020.66,1012.39,14.0,10.76,16.0,0.4,0.4,0.3,6.0,6.5,8.0,6.7,14.0,1.2,16.0,0.4,0.4,0.3,-64.5,22.1,188.7,48.4,14.0,111.4,16.0,0.4,0.4,0.3,-151.0,-10.9,111.4,-11.5,14.0,148.5,16.0,0.4,0.4,0.3,-0.75,2.0,3.11,1.63,12.0,2.29,16.0,0.3,0.5,0.3,-9.9,16.0,41.7,18.2,12.0,27.3,16.0,0.3,0.5,0.3,1.59,3.21,4.05,3.0,11.0,1.47,18.0,0.3,0.5,0.2,16.4,27.6,62.0,34.6,11.0,22.4,18.0,0.3,0.5,0.2,-84.2,20.7,114.5,23.3,14.0,95.8,16.0,0.4,0.4,0.3,-112.4,-9.0,132.8,7.0,14.0,117.3,16.0,0.4,0.4,0.3,-37.0,13.4,75.0,19.5,13.0,53.0,16.0,0.3,0.4,0.3,-50.5,7.6,84.8,9.5,13.0,67.8,16.0,0.3,0.4,0.3,-13.0,5.5,34.2,12.0,11.0,23.5,18.0,0.3,0.5,0.2,-43.9,3.1,22.2,-8.2,11.0,32.2,18.0,0.3,0.5,0.2,478.5,1368.0,5209.5,2227.5,14.0,2209.5,16.0,0.4,0.4,0.3,480.0,1370.0,5210.0,2230.0,14.0,2210.0,16.0,0.4,0.4,0.3
1974,2,176.0,38.0,12.82,14.0,14.73,13.9,5.0,1.34,12.0,0.6,0.2,0.2,9.0,10.5,14.72,12.07,7.0,3.8,14.0,0.6,0.2,0.3,5.35,6.89,9.29,7.37,6.0,2.43,12.0,0.7,0.3,0.2,72.9,77.5,84.4,78.7,6.0,7.4,12.0,0.7,0.2,10.8,12.9,16.55,13.53,7.0,2.63,14.0,0.6,0.2,0.3,-8.04,11.25,12.15,5.73,7.0,10.3,14.0,0.6,0.2,0.3,-7.12,-1.88,9.61,0.12,7.0,8.71,14.0,0.6,0.2,0.3,1003.63,1013.5,1022.5,1013.04,7.0,11.79,14.0,0.6,0.2,0.3,6.0,8.0,8.0,7.1,7.0,1.2,14.0,0.6,0.2,0.3,-98.1,156.4,197.4,90.3,7.0,137.5,14.0,0.6,0.2,0.3,-100.4,-20.3,121.6,3.1,7.0,136.9,14.0,0.6,0.2,0.3,-0.41,4.0,5.18,2.6,5.0,3.23,12.0,0.6,0.2,0.2,-2.3,43.2,70.0,34.2,5.0,40.1,12.0,0.6,0.2,0.2,1.09,3.99,5.16,3.31,5.0,2.15,12.0,0.6,0.2,0.2,17.0,43.1,69.7,42.7,5.0,27.7,12.0,0.6,0.2,0.2,-150.4,108.3,128.5,41.8,7.0,133.7,14.0,0.6,0.2,0.3,-64.1,-27.2,179.1,20.8,7.0,114.0,14.0,0.6,0.2,0.3,-85.7,58.8,76.2,18.8,6.0,83.2,12.0,0.7,0.3,0.2,-27.4,-2.4,108.6,26.5,6.0,67.9,12.0,0.7,0.3,0.2,5.6,42.4,62.2,34.8,5.0,31.8,12.0,0.6,0.2,0.2,-28.0,-1.6,10.8,-7.3,5.0,21.5,12.0,0.6,0.2,0.2,1259.5,2146.5,4533.5,2723.5,7.0,1604.0,14.0,0.6,0.2,0.3,1260.0,2145.0,4535.0,2725.0,7.0,1605.0,14.0,0.6,0.2,0.3
1974,2,176.0,39.0,12.0,12.0,14.37,13.0,5.0,1.41,16.0,0.6,0.5,0.6,8.79,9.7,13.06,10.45,6.0,2.23,18.0,0.7,0.5,0.7,5.8,6.29,6.9,6.5,6.0,0.93,18.0,0.7,0.5,0.7,78.0,86.1,88.1,82.8,6.0,8.3,18.0,0.7,0.7,6.16,12.9,16.47,12.1,6.0,5.96,18.0,0.7,0.5,0.7,-11.6,-0.9,13.07,0.16,6.0,11.77,18.0,0.7,0.5,0.7,-1.3,3.75,8.38,3.91,6.0,7.37,18.0,0.7,0.5,0.7,1002.48,1010.5,1027.47,1013.42,6.0,12.2,18.0,0.7,0.5,0.7,6.8,8.0,8.0,7.5,6.0,0.8,18.0,0.7,0.5,0.7,-170.7,-0.7,176.1,-5.3,6.0,185.5,18.0,0.7,0.5,0.7,-8.7,55.0,133.2,79.4,6.0,129.6,18.0,0.7,0.5,0.7,0.08,3.0,4.73,2.54,5.0,2.75,16.0,0.6,0.5,0.6,1.0,24.6,59.4,29.9,5.0,36.5,16.0,0.6,0.5,0.6,2.11,2.52,3.62,2.85,5.0,1.23,16.0,0.6,0.5,0.6,19.6,32.5,46.1,33.9,5.0,16.8,16.0,0.6,0.5,0.6,-114.7,-6.5,137.5,4.6,6.0,126.0,18.0,0.7,0.5,0.7,-13.5,38.3,94.1,37.2,6.0,66.9,18.0,0.7,0.5,0.7,-80.3,-4.3,82.1,-1.2,6.0,77.4,18.0,0.7,0.5,0.7,-8.5,23.6,61.4,25.2,6.0,45.8,18.0,0.7,0.5,0.7,-26.7,-16.6,33.4,-1.5,5.0,33.4,16.0,0.6,0.5,0.6,3.6,9.6,25.1,14.9,5.0,18.1,16.0,0.6,0.5,0.6,253.0,2146.5,4703.5,2843.0,6.0,3180.5,18.0,0.7,0.5,0.7,255.0,2145.0,4705.0,2845.0,6.0,3180.0,18.0,0.7,0.5,0.7
1974,2,176.0,40.0,9.51,10.6,11.56,10.53,3.0,1.5,10.0,0.3,0.3,0.7,6.13,6.8,10.37,8.0,5.0,2.33,8.0,0.4,0.4,0.6,4.44,4.46,5.72,5.06,3.0,1.07,10.0,0.3,0.3,0.7,72.6,75.0,76.6,74.6,3.0,3.0,10.0,0.3,0.7,8.22,11.3,13.27,10.6,5.0,3.63,8.0,0.4,0.4,0.6,4.83,10.14,11.17,7.9,5.0,5.82,8.0,0.4,0.4,0.6,-6.69,1.79,3.91,-1.08,5.0,6.34,8.0,0.4,0.4,0.6,999.17,1004.0,1011.41,1004.6,5.0,7.98,8.0,0.4,0.4,0.6,2.6,3.0,6.7,4.4,5.0,2.5,8.0,0.4,0.4,0.6,62.5,120.0,135.9,98.9,5.0,64.0,8.0,0.4,0.4,0.6,-90.2,18.3,27.6,-24.9,5.0,78.5,8.0,0.4,0.4,0.6,1.38,2.2,3.7,2.53,3.0,1.72,10.0,0.3,0.3,0.7,14.9,24.9,46.6,30.6,3.0,23.8,10.0,0.3,0.3,0.7,2.53,2.8,3.31,2.92,3.0,0.58,10.0,0.3,0.3,0.7,27.0,31.6,41.3,34.1,3.0,10.7,10.0,0.3,0.3,0.7,40.8,75.2,97.5,66.9,5.0,47.7,8.0,0.4,0.4,0.6,-56.3,19.7,24.8,-12.8,5.0,56.8,8.0,0.4,0.4,0.6,49.4,53.8,60.7,55.0,3.0,8.4,10.0,0.3,0.3,0.7,-9.8,11.3,15.3,3.0,3.0,19.7,10.0,0.3,0.3,0.7,26.1,29.7,38.8,32.4,3.0,9.6,10.0,0.3,0.3,0.7,-9.3,4.3,8.8,-0.2,3.0,13.8,10.0,0.3,0.3,0.7,729.0,1443.0,2343.5,1493.0,5.0,995.0,8.0,0.4,0.4,0.6,730.0,1445.0,2345.0,1495.0,5.0,995.0,8.0,0.4,0.4,0.6
1974,2,176.0,41.0,9.66,10.0,10.0,9.83,3.0,0.29,12.0,0.3,0.7,0.7,5.23,7.0,9.05,7.13,3.0,2.8,12.0,0.3,0.7,0.7,3.64,3.78,5.85,4.72,3.0,1.81,12.0,0.3,0.7,0.7,63.4,68.4,81.8,72.5,3.0,13.9,12.0,0.3,0.7,5.1,5.1,5.51,5.3,3.0,0.35,12.0,0.3,0.7,0.7,-3.31,-2.55,0.38,-1.49,3.0,2.86,12.0,0.3,0.7,0.7,-4.66,-4.37,1.63,-1.58,3.0,5.2,12.0,0.3,0.7,0.7,997.06,1001.5,1009.35,1003.17,3.0,9.11,12.0,0.3,0.7,0.7,6.0,6.0,7.4,6.7,3.0,1.2,12.0,0.3,0.7,0.7,-18.4,-13.0,1.9,-8.3,3.0,15.4,12.0,0.3,0.7,0.7,-24.7,-24.4,7.6,-8.9,3.0,27.2,12.0,0.3,0.7,0.7,0.79,2.5,4.62,2.7,3.0,2.81,12.0,0.3,0.7,0.7,4.5,14.3,24.0,14.3,3.0,14.3,12.0,0.3,0.7,0.7,1.77,3.57,3.94,2.87,3.0,1.7,12.0,0.3,0.7,0.7,9.7,20.4,20.8,15.4,3.0,9.2,12.0,0.3,0.7,0.7,-25.6,-25.5,-2.9,-14.5,3.0,19.2,12.0,0.3,0.7,0.7,-27.6,-21.1,23.5,-2.5,3.0,40.7,12.0,0.3,0.7,0.7,-16.2,-13.8,-0.1,-8.3,3.0,12.7,12.0,0.3,0.7,0.7,-16.9,-16.5,15.3,-1.2,3.0,27.1,12.0,0.3,0.7,0.7,-9.7,-2.4,4.1,-2.8,3.0,10.1,12.0,0.3,0.7,0.7,-18.4,-15.6,-2.1,-10.4,3.0,12.7,12.0,0.3,0.7,0.7,132.5,132.5,168.5,150.0,3.0,30.5,12.0,0.3,0.7,0.7,135.0,135.0,170.0,150.0,3.0,30.0,12.0,0.3,0.7,0.7
1974,2,176.0,42.0,7.69,10.5,11.52,9.65,4.0,2.82,8.0,0.3,0.6,0.3,5.6,5.8,6.79,6.18,4.0,0.9,8.0,0.3,0.6,0.3,3.84,4.31,4.76,4.3,4.0,0.7,8.0,0.3,0.6,0.3,67.7,75.2,77.1,72.5,4.0,7.7,8.0,0.3,0.3,5.03,9.0,14.86,9.9,4.0,6.86,8.0,0.3,0.6,0.3,-4.77,0.17,10.6,2.79,4.0,11.34,8.0,0.3,0.6,0.3,-4.92,0.65,5.04,0.09,4.0,6.22,8.0,0.3,0.6,0.3,992.42,1004.35,1017.38,1004.88,4.0,14.53,8.0,0.3,0.6,0.3,4.4,6.5,7.0,5.8,4.0,1.9,8.0,0.3,0.6,0.3,-47.5,-3.0,188.3,67.1,4.0,195.9,8.0,0.3,0.6,0.3,-33.1,28.8,65.6,16.8,4.0,60.2,8.0,0.3,0.6,0.3,2.09,4.45,4.76,3.48,4.0,2.33,8.0,0.3,0.6,0.3,6.2,29.2,66.4,36.0,4.0,38.1,8.0,0.3,0.6,0.3,2.79,3.6,3.74,3.28,4.0,0.74,8.0,0.3,0.6,0.3,13.1,26.2,54.2,33.3,4.0,27.4,8.0,0.3,0.6,0.3,-26.7,1.3,78.3,24.7,4.0,80.3,8.0,0.3,0.6,0.3,-27.9,6.4,31.2,1.9,4.0,36.1,8.0,0.3,0.6,0.3,-19.9,1.3,53.9,16.3,4.0,56.1,8.0,0.3,0.6,0.3,-17.7,4.2,23.0,2.7,4.0,24.6,8.0,0.3,0.6,0.3,-15.7,1.7,39.7,11.5,4.0,41.5,8.0,0.3,0.6,0.3,-12.2,2.4,17.9,2.8,4.0,18.0,8.0,0.3,0.6,0.3,226.5,774.5,4113.5,2106.5,4.0,3199.0,8.0,0.3,0.6,0.3,225.0,775.0,4115.0,2105.0,4.0,3200.0,8.0,0.3,0.6,0.3
1974,2,176.0,43.0,7.48,8.5,9.79,8.63,4.0,1.49,18.0,0.5,0.4,0.5,4.63,8.5,9.26,7.24,5.0,2.56,16.0,0.4,0.4,0.4,3.69,4.47,5.32,4.5,4.0,0.95,12.0,0.5,0.4,0.4,70.6,71.0,76.2,73.3,4.0,5.0,12.0,0.5,0.4,5.48,7.2,12.43,8.74,5.0,3.98,16.0,0.4,0.4,0.4,-4.49,0.0,4.2,0.27,5.0,5.96,16.0,0.4,0.4,0.4,-8.2,-3.28,5.63,-2.21,5.0,8.35,16.0,0.4,0.4,0.4,1006.52,1011.5,1026.0,1015.68,5.0,14.01,16.0,0.4,0.4,0.4,4.0,6.0,6.0,5.0,3.0,1.7,8.0,0.3,0.4,0.4,-27.2,0.0,44.0,11.3,5.0,58.3,16.0,0.4,0.4,0.4,-96.9,-16.7,43.6,-32.3,5.0,105.2,16.0,0.4,0.4,0.4,-0.81,0.65,2.48,0.83,4.0,2.46,18.0,0.5,0.4,0.5,-10.1,4.1,12.9,1.5,4.0,17.8,18.0,0.5,0.4,0.5,1.3,1.55,2.61,1.95,3.0,1.02,14.0,0.7,0.3,0.5,11.9,13.4,15.1,13.5,3.0,2.3,14.0,0.7,0.3,0.5,-27.0,0.0,38.3,7.0,5.0,50.1,16.0,0.4,0.4,0.4,-51.3,-13.1,52.2,-3.8,5.0,55.6,16.0,0.4,0.4,0.4,-22.5,-6.9,26.1,1.4,4.0,34.6,12.0,0.5,0.4,0.4,-41.1,-18.6,9.6,-15.9,4.0,35.0,12.0,0.5,0.4,0.4,-11.0,-8.5,5.2,-3.0,3.0,12.8,14.0,0.7,0.3,0.5,-9.2,-7.2,2.3,-3.6,3.0,9.0,14.0,0.7,0.3,0.5,166.0,373.0,2006.5,1024.0,5.0,1219.5,16.0,0.4,0.4,0.4,165.0,375.0,2005.0,1025.0,5.0,1220.0,16.0,0.4,0.4,0.4
1974,2,176.0,44.0,7.33,7.6,7.87,7.6,2.0,0.57,14.0,0.0,0.4,0.2,1.91,2.35,2.79,2.35,2.0,0.92,14.0,0.0,0.4,0.2,3.93,3.93,3.93,3.93,1.0,0.0,24.0,0.0,0.6,0.3,84.2,84.2,84.2,84.2,1.0,0.0,24.0,0.0,0.3,4.25,5.65,7.05,5.65,2.0,2.9,14.0,0.0,0.4,0.2,-2.58,-2.47,-2.36,-2.47,2.0,0.23,14.0,0.0,0.4,0.2,-5.65,-2.24,1.17,-2.24,2.0,7.07,14.0,0.0,0.4,0.2,994.2,1003.65,1013.1,1003.65,2.0,19.59,14.0,0.0,0.4,0.2,8.0,8.0,8.0,8.0,1.0,0.0,24.0,0.0,0.6,0.3,-18.4,-14.3,-10.2,-14.3,2.0,8.4,14.0,0.0,0.4,0.2,-45.3,-22.9,-0.5,-22.9,2.0,46.4,14.0,0.0,0.4,0.2,5.08,5.25,5.42,5.25,2.0,0.35,14.0,0.0,0.4,0.2,21.9,30.2,38.5,30.2,2.0,17.2,14.0,0.0,0.4,0.2,2.68,2.68,2.68,2.68,1.0,0.0,24.0,0.0,0.6,0.3,9.7,9.7,9.7,9.7,1.0,0.0,24.0,0.0,0.6,0.3,-6.6,-5.7,-4.9,-5.7,2.0,1.7,14.0,0.0,0.4,0.2,-9.0,-2.0,5.0,-2.0,2.0,14.5,14.0,0.0,0.4,0.2,-9.1,-9.1,-9.1,-9.1,1.0,0.0,24.0,0.0,0.6,0.3,10.8,10.8,10.8,10.8,1.0,0.0,24.0,0.0,0.6,0.3,-6.2,-6.2,-6.2,-6.2,1.0,0.0,24.0,0.0,0.6,0.3,7.4,7.4,7.4,7.4,1.0,0.0,24.0,0.0,0.6,0.3,111.5,251.5,391.5,251.5,2.0,290.0,14.0,0.0,0.4,0.2,110.0,250.0,390.0,250.0,2.0,290.0,14.0,0.0,0.4,0.2
1974,2,176.0,45.0,3.22,6.25,8.33,5.81,8.0,2.37,12.0,0.6,0.5,0.4,3.0,4.0,6.1,4.5,9.0,2.11,10.0,0.6,0.4,0.4,3.32,4.22,4.78,4.07,8.0,0.76,12.0,0.6,0.5,0.4,67.3,74.7,92.5,76.5,8.0,17.1,12.0,0.6,0.4,3.96,7.95,11.16,7.61,10.0,3.55,12.0,0.6,0.4,0.3,-8.83,0.5,5.79,-0.52,10.0,6.89,12.0,0.6,0.4,0.3,-7.04,-2.41,0.0,-3.02,10.0,4.37,12.0,0.6,0.4,0.3,993.21,995.0,1006.43,998.95,10.0,10.05,12.0,0.6,0.4,0.3,2.0,5.5,8.0,5.3,10.0,2.7,12.0,0.6,0.4,0.3,-82.4,7.4,53.7,-7.9,10.0,67.8,12.0,0.6,0.4,0.3,-75.6,-10.8,0.0,-29.0,10.0,51.7,12.0,0.6,0.4,0.3,0.0,1.75,3.5,1.13,8.0,3.83,12.0,0.6,0.5,0.4,0.0,5.3,40.7,14.4,8.0,34.5,12.0,0.6,0.5,0.4,1.34,1.62,2.23,1.8,8.0,0.57,12.0,0.6,0.5,0.4,4.4,13.5,28.1,15.7,8.0,11.4,12.0,0.6,0.5,0.4,-26.4,10.1,26.1,0.7,9.0,28.7,10.0,0.6,0.4,0.4,-27.0,-10.1,0.0,-12.8,9.0,19.0,10.0,0.6,0.4,0.4,-42.5,0.2,22.4,-4.6,8.0,30.1,12.0,0.6,0.5,0.4,-32.3,-10.5,0.0,-12.0,8.0,18.6,12.0,0.6,0.5,0.4,-19.5,0.2,11.2,-1.3,8.0,14.3,12.0,0.6,0.5,0.4,-17.1,-4.0,0.0,-7.0,8.0,12.3,12.0,0.6,0.5,0.4,74.0,504.0,1407.5,696.0,10.0,721.0,12.0,0.6,0.4,0.3,75.0,505.0,1405.0,695.0,10.0,720.0,12.0,0.6,0.4,0.3
1974,2,176.0,46.0,4.0,4.5,6.18,5.0,5.0,1.17,24.0,0.6,0.2,0.8,3.57,5.0,5.52,4.5,6.0,2.45,22.0,0.5,0.1,0.8,4.09,4.52,4.98,4.38,6.0,0.84,22.0,0.5,0.1,0.8,79.2,83.3,87.2,83.3,6.0,6.7,22.0,0.5,0.8,4.58,9.0,15.4,9.42,6.0,5.3,22.0,0.5,0.1,0.8,-13.57,-4.15,4.17,-4.21,6.0,8.9,22.0,0.5,0.1,0.8,1.86,4.59,7.74,4.68,6.0,2.78,22.0,0.5,0.1,0.8,1012.77,1017.5,1029.95,1018.57,6.0,12.94,22.0,0.5,0.1,0.8,2.0,8.0,8.0,5.6,5.0,3.3,20.0,0.4,0.2,0.7,-209.0,-36.3,25.3,-70.9,6.0,118.3,22.0,0.5,0.1,0.8,9.2,50.5,89.0,52.7,6.0,47.1,22.0,0.5,0.1,0.8,-1.18,-0.5,2.6,0.6,5.0,2.46,24.0,0.6,0.2,0.8,-10.5,-7.6,13.1,-0.7,5.0,13.5,24.0,0.6,0.2,0.8,0.51,0.6,1.49,0.99,5.0,0.83,24.0,0.6,0.2,0.8,5.1,6.3,9.1,6.8,5.0,2.6,24.0,0.6,0.2,0.8,-65.4,-16.6,27.3,-17.1,6.0,44.9,22.0,0.5,0.1,0.8,5.3,26.5,38.7,22.9,6.0,16.4,22.0,0.5,0.1,0.8,-62.0,-18.7,20.1,-18.8,6.0,40.7,22.0,0.5,0.1,0.8,5.8,21.6,36.2,21.5,6.0,14.2,22.0,0.5,0.1,0.8,-7.0,-5.4,-1.9,-4.4,5.0,3.9,24.0,0.6,0.2,0.8,2.8,3.1,5.8,4.2,5.0,2.1,24.0,0.6,0.2,0.8,109.0,774.5,3652.5,1500.5,6.0,1708.0,22.0,0.5,0.1,0.8,110.0,775.0,3650.0,1500.0,6.0,1710.0,22.0,0.5,0.1,0.8
1974,2,176.0,47.0,3.79,5.0,6.21,4.95,11.0,1.44,18.0,0.5,0.4,0.3,1.59,3.0,5.83,3.64,11.0,2.23,18.0,0.5,0.4,0.3,3.37,3.83,4.97,4.08,11.0,0.89,18.0,0.5,0.4,0.3,76.3,83.6,89.6,82.0,11.0,8.0,18.0,0.5,0.3,8.2,10.3,21.01,12.66,11.0,5.66,18.0,0.5,0.4,0.3,-16.1,-1.51,8.17,-3.76,11.0,10.91,18.0,0.5,0.4,0.3,-2.49,5.27,9.99,4.11,11.0,7.45,18.0,0.5,0.4,0.3,999.14,1018.0,1025.94,1013.68,11.0,13.5,18.0,0.5,0.4,0.3,3.4,6.5,8.0,5.7,6.0,2.7,16.0,0.2,0.4,0.5,-338.4,-13.1,75.4,-93.7,11.0,193.3,18.0,0.5,0.4,0.3,-20.0,43.2,206.3,76.5,11.0,123.6,18.0,0.5,0.4,0.3,-0.41,2.0,3.21,1.32,11.0,2.66,18.0,0.5,0.4,0.3,-3.4,20.6,44.6,19.7,11.0,30.9,18.0,0.5,0.4,0.3,0.84,1.57,2.03,1.32,11.0,1.04,18.0,0.5,0.4,0.3,8.0,18.8,27.9,18.1,11.0,14.6,18.0,0.5,0.4,0.3,-62.4,-1.5,31.9,-10.5,11.0,44.8,18.0,0.5,0.4,0.3,-0.4,13.2,61.3,24.2,11.0,28.2,18.0,0.5,0.4,0.3,-70.5,-4.1,38.3,-13.4,11.0,45.7,18.0,0.5,0.4,0.3,-5.4,20.2,48.0,19.4,11.0,29.9,18.0,0.5,0.4,0.3,-22.5,-8.7,6.8,-8.7,11.0,17.2,18.0,0.5,0.4,0.3,-11.1,5.9,15.1,3.4,11.0,13.6,18.0,0.5,0.4,0.3,551.5,1092.5,9293.5,3278.0,11.0,4113.0,18.0,0.5,0.4,0.3,550.0,1095.0,9295.0,3280.0,11.0,4115.0,18.0,0.5,0.4,0.3
1974,2,176.0,48.0,3.38,4.5,6.1,4.42,6.0,1.96,14.0,0.2,0.5,0.4,1.0,2.75,4.72,3.17,6.0,2.42,14.0,0.2,0.5,0.4,3.38,3.88,4.45,4.06,6.0,0.85,14.0,0.2,0.5,0.4,82.4,83.5,85.5,84.2,6.0,3.2,14.0,0.2,0.4,8.08,11.8,17.22,12.56,7.0,5.31,12.0,0.3,0.6,0.4,-16.18,-4.04,5.45,-4.48,7.0,11.16,12.0,0.3,0.6,0.4,-7.75,5.81,7.4,0.58,7.0,7.99,12.0,0.3,0.6,0.4,1000.31,1006.5,1021.53,1009.66,7.0,12.5,12.0,0.3,0.6,0.4,3.9,5.0,8.0,5.6,5.0,2.5,16.0,0.2,0.5,0.4,-279.5,-47.6,46.3,-99.1,7.0,193.5,12.0,0.3,0.6,0.4,-91.5,51.5,101.7,22.0,7.0,106.7,12.0,0.3,0.6,0.4,-1.41,2.0,3.6,1.25,6.0,2.79,14.0,0.2,0.5,0.4,-14.4,19.9,43.7,19.1,6.0,35.6,14.0,0.2,0.5,0.4,0.16,1.38,2.01,1.17,6.0,0.9,14.0,0.2,0.5,0.4,1.9,15.0,24.7,15.9,6.0,15.7,14.0,0.2,0.5,0.4,-48.5,-0.2,30.7,-1.7,6.0,44.6,14.0,0.2,0.5,0.4,-5.8,18.0,31.7,17.1,6.0,24.1,14.0,0.2,0.5,0.4,-65.8,-0.6,27.9,-11.5,6.0,50.4,14.0,0.2,0.5,0.4,-19.5,24.4,31.5,11.3,6.0,30.7,14.0,0.2,0.5,0.4,-22.0,-3.4,3.0,-9.2,6.0,17.6,14.0,0.2,0.5,0.4,-10.9,0.8,8.0,-0.8,6.0,11.7,14.0,0.2,0.5,0.4,534.0,1643.0,5160.0,2951.0,7.0,3492.5,12.0,0.3,0.6,0.4,535.0,1645.0,5160.0,2950.0,7.0,3490.0,12.0,0.3,0.6,0.4
1974,2,176.0,49.0,2.48,4.5,7.02,4.47,7.0,2.18,14.0,0.4,0.2,0.3,0.0,3.0,4.73,2.67,9.0,2.6,14.0,0.4,0.3,0.3,3.33,4.06,4.6,4.0,8.0,0.79,14.0,0.5,0.3,0.3,74.1,84.6,97.9,84.1,8.0,11.4,14.0,0.5,0.3,5.81,9.25,15.37,10.36,8.0,5.38,14.0,0.5,0.3,0.3,-11.54,1.32,6.01,-2.24,8.0,10.01,14.0,0.5,0.3,0.3,-7.05,1.49,4.95,0.26,8.0,6.76,14.0,0.5,0.3,0.3,991.77,1004.5,1019.97,1004.7,9.0,14.08,14.0,0.4,0.3,0.3,6.1,7.5,8.0,7.0,8.0,1.4,12.0,0.5,0.3,0.3,-178.7,8.2,58.9,-59.2,8.0,170.1,14.0,0.5,0.3,0.3,-67.9,12.4,25.9,5.7,8.0,79.8,14.0,0.5,0.3,0.3,1.32,2.0,3.52,2.04,7.0,2.1,14.0,0.4,0.2,0.3,7.2,23.5,41.9,24.4,7.0,24.9,14.0,0.4,0.2,0.3,0.96,1.46,2.16,1.37,7.0,1.16,14.0,0.4,0.2,0.3,6.0,15.3,31.3,16.8,7.0,15.4,14.0,0.4,0.2,0.3,-44.3,2.9,10.9,-6.1,8.0,33.6,14.0,0.5,0.3,0.3,0.0,8.2,32.9,9.8,8.0,22.1,14.0,0.5,0.3,0.3,-48.3,3.8,17.5,-8.8,8.0,41.0,14.0,0.5,0.3,0.3,-20.2,7.9,22.8,4.5,8.0,25.3,14.0,0.5,0.3,0.3,-26.2,-6.1,9.9,-6.2,7.0,16.4,14.0,0.4,0.2,0.3,-12.6,-2.3,5.9,-2.8,7.0,15.6,14.0,0.4,0.2,0.3,198.0,800.0,3763.0,2018.5,8.0,3006.0,14.0,0.5,0.3,0.3,200.0,800.0,3765.0,2020.0,8.0,3005.0,14.0,0.5,0.3,0.3
1974,2,176.0,50.0,2.95,4.0,4.52,3.79,7.0,1.04,10.0,0.9,0.4,0.4,-0.07,2.0,3.0,1.31,7.0,1.8,10.0,0.9,0.4,0.4,2.8,3.41,4.03,3.42,7.0,0.71,10.0,0.9,0.4,0.4,68.3,86.7,100.0,82.3,7.0,18.0,10.0,0.9,0.4,3.58,6.2,9.4,6.61,7.0,3.2,10.0,0.9,0.4,0.4,-3.57,-1.55,7.14,0.94,7.0,4.94,10.0,0.9,0.4,0.4,-6.22,-4.35,0.03,-4.13,7.0,3.99,10.0,0.9,0.4,0.4,1002.69,1003.8,1010.26,1007.53,7.0,8.27,10.0,0.9,0.4,0.4,3.9,6.0,6.0,4.7,7.0,1.9,10.0,0.9,0.4,0.4,-17.1,-4.8,65.6,13.5,7.0,38.2,10.0,0.9,0.4,0.4,-58.9,-33.3,0.1,-36.9,7.0,44.7,10.0,0.9,0.4,0.4,-0.05,1.8,5.05,2.47,7.0,2.61,10.0,0.9,0.4,0.4,-0.4,13.1,26.1,15.8,7.0,21.0,10.0,0.9,0.4,0.4,0.9,1.26,2.6,1.57,7.0,0.8,10.0,0.9,0.4,0.4,4.4,7.5,23.2,11.8,7.0,10.3,10.0,0.9,0.4,0.4,-0.2,6.2,15.4,6.6,7.0,9.2,10.0,0.9,0.4,0.4,-14.7,-8.1,0.0,-7.0,7.0,7.4,10.0,0.9,0.4,0.4,-13.5,-5.5,17.4,2.1,7.0,15.5,10.0,0.9,0.4,0.4,-23.7,-10.8,0.1,-13.2,7.0,12.3,10.0,0.9,0.4,0.4,-5.2,-1.0,8.7,1.8,7.0,9.5,10.0,0.9,0.4,0.4,-12.3,-4.9,0.0,-7.6,7.0,10.3,10.0,0.9,0.4,0.4,46.0,238.5,835.0,470.0,7.0,529.5,10.0,0.9,0.4,0.4,45.0,240.0,835.0,470.0,7.0,530.0,10.0,0.9,0.4,0.4
1974,2,176.0,51.0,3.0,3.3,4.11,3.52,5.0,0.6,24.0,0.4,0.6,0.1,0.51,2.0,4.75,2.72,5.0,3.06,24.0,0.4,0.6,0.1,3.36,4.0,4.62,4.05,5.0,0.96,24.0,0.4,0.6,0.1,83.1,86.7,92.2,87.1,5.0,5.9,24.0,0.4,0.1,8.52,12.9,20.45,14.5,5.0,6.93,24.0,0.4,0.6,0.1,-19.76,-7.1,2.75,-8.24,5.0,12.89,24.0,0.4,0.6,0.1,-2.25,4.1,7.47,3.04,5.0,6.96,24.0,0.4,0.6,0.1,1009.06,1013.2,1026.44,1016.68,5.0,9.62,24.0,0.4,0.6,0.1,8.0,8.0,8.0,8.0,3.0,0.0,24.0,0.7,0.6,0.1,-416.1,-58.2,23.9,-181.4,5.0,277.5,24.0,0.4,0.6,0.1,-40.5,33.6,84.8,25.4,5.0,99.1,24.0,0.4,0.6,0.1,-1.64,1.0,3.68,0.8,5.0,3.4,24.0,0.4,0.6,0.1,-21.2,18.0,54.3,17.5,5.0,56.5,24.0,0.4,0.6,0.1,0.08,0.69,1.69,0.8,5.0,1.08,24.0,0.4,0.6,0.1,-0.5,12.4,24.1,12.2,5.0,17.6,24.0,0.4,0.6,0.1,-16.0,0.0,8.3,-3.4,5.0,20.2,24.0,0.4,0.6,0.1,-4.5,3.3,45.0,20.9,5.0,45.5,24.0,0.4,0.6,0.1,-75.1,-21.9,11.0,-29.4,5.0,48.2,24.0,0.4,0.6,0.1,-9.1,12.6,37.6,15.6,5.0,35.8,24.0,0.4,0.6,0.1,-22.7,-11.6,1.7,-11.7,5.0,16.4,24.0,0.4,0.6,0.1,-6.6,0.0,4.7,-0.8,5.0,7.2,24.0,0.4,0.6,0.1,619.5,2146.5,9205.5,4851.5,5.0,6098.0,24.0,0.4,0.6,0.1,620.0,2145.0,9205.0,4850.0,5.0,6100.0,24.0,0.4,0.6,0.1
1974,2,176.0,52.0,2.59,3.0,3.34,2.8,6.0,0.91,14.0,0.2,0.5,0.5,-0.52,1.05,1.6,0.52,6.0,1.62,14.0,0.2,0.5,0.5,2.95,3.11,3.25,3.1,4.0,0.19,10.0,0.3,0.3,0.6,71.7,78.1,85.8,78.7,4.0,9.2,10.0,0.3,0.6,11.08,14.4,15.4,12.77,6.0,4.36,14.0,0.2,0.5,0.5,-10.71,-4.09,13.71,-0.58,6.0,12.57,14.0,0.2,0.5,0.5,-7.82,-3.26,2.36,-1.85,6.0,7.21,14.0,0.2,0.5,0.5,1000.94,1011.85,1028.12,1012.72,6.0,13.94,14.0,0.2,0.5,0.5,8.0,8.0,8.0,8.0,6.0,0.0,14.0,0.2,0.5,0.5,-153.1,-60.9,211.2,-3.1,6.0,184.7,14.0,0.2,0.5,0.5,-109.4,-28.5,35.1,-18.7,6.0,104.2,14.0,0.2,0.5,0.5,1.0,1.85,3.12,2.28,6.0,1.69,14.0,0.2,0.5,0.5,13.7,22.8,34.6,23.9,6.0,10.0,14.0,0.2,0.5,0.5,1.5,1.63,1.81,1.65,4.0,0.19,10.0,0.3,0.3,0.6,14.7,22.6,23.1,19.1,4.0,7.6,10.0,0.3,0.3,0.6,-11.7,-1.8,17.4,0.6,6.0,15.3,14.0,0.2,0.5,0.5,-12.6,-1.5,10.0,-1.7,6.0,11.2,14.0,0.2,0.5,0.5,-13.9,23.1,46.5,16.6,4.0,37.1,10.0,0.3,0.3,0.6,-24.8,-17.7,-9.9,-17.4,4.0,8.6,10.0,0.3,0.3,0.6,-7.7,11.5,21.4,7.0,4.0,18.4,10.0,0.3,0.3,0.6,-13.1,-9.5,-5.5,-9.3,4.0,4.6,10.0,0.3,0.3,0.6,1717.5,2997.0,3652.5,2585.5,6.0,1366.5,14.0,0.2,0.5,0.5,1720.0,2995.0,3650.0,2585.0,6.0,1365.0,14.0,0.2,0.5,0.5
1974,2,176.0,53.0,2.18,4.0,4.0,3.35,11.0,1.09,12.0,0.3,0.4,0.5,-2.15,0.0,3.46,0.64,9.0,2.64,12.0,0.3,0.4,0.5,2.99,3.6,3.74,3.43,7.0,0.38,12.0,0.3,0.4,0.5,79.8,86.6,100.0,87.3,7.0,10.5,12.0,0.3,0.5,7.36,12.9,16.47,11.46,11.0,5.48,12.0,0.3,0.4,0.5,-10.05,0.0,5.98,-1.17,11.0,7.71,12.0,0.3,0.4,0.5,-12.17,-8.61,3.69,-3.66,11.0,9.95,12.0,0.3,0.4,0.5,1001.83,1005.0,1024.24,1010.9,11.0,12.15,12.0,0.3,0.4,0.5,5.1,6.5,8.0,6.4,8.0,1.8,12.0,0.4,0.5,0.5,-141.9,0.0,69.7,-11.0,11.0,111.6,12.0,0.3,0.4,0.5,-171.2,-81.3,51.3,-39.9,11.0,158.7,12.0,0.3,0.4,0.5,-0.1,3.5,4.37,2.56,9.0,2.13,12.0,0.3,0.4,0.5,-3.4,16.1,59.0,25.8,9.0,29.4,12.0,0.3,0.4,0.5,1.08,1.35,1.71,1.3,7.0,0.45,12.0,0.3,0.4,0.5,8.2,12.6,23.0,15.4,7.0,8.0,12.0,0.3,0.4,0.5,-19.4,0.0,0.0,-5.5,9.0,18.1,12.0,0.3,0.4,0.5,-28.7,0.0,20.7,0.8,9.0,27.8,12.0,0.3,0.4,0.5,-29.9,-11.9,2.1,-6.9,7.0,26.8,12.0,0.3,0.4,0.5,-33.6,-24.7,34.6,-7.1,7.0,41.6,12.0,0.3,0.4,0.5,-7.7,-4.3,0.7,-2.7,7.0,9.7,12.0,0.3,0.4,0.5,-14.9,-10.3,4.8,-4.2,7.0,14.8,12.0,0.3,0.4,0.5,512.5,2146.5,4552.5,2336.5,11.0,2056.5,12.0,0.3,0.4,0.5,510.0,2145.0,4550.0,2335.0,11.0,2055.0,12.0,0.3,0.4,0.5
1974,2,176.0,54.0,,,,,,,,,,,,,,,,,,,,,,,,,,,,,,,,,,,,,,,,6.52,7.2,9.66,8.07,3.0,2.42,6.0,0.3,0.2,0.4,-6.35,-4.75,-4.03,-5.18,3.0,1.74,6.0,0.3,0.2,0.4,-8.19,-3.99,-0.41,-4.29,3.0,5.71,6.0,0.3,0.2,0.4,997.99,1002.5,1009.33,1003.63,3.0,8.36,6.0,0.3,0.2,0.4,,,,,,,,,,,,,,,,,,,,,,,,,,,,,,,,,,,,,,,,,,,,,,,,,,,,,,,,,,,,,,,,,,,,,,,,,,,,,,,,,,,,,,,,,,,,,,,,,,,,,,,,,,,,,,,,,,,,,,,,,,,,,,,,,,,,,,,,,,,,,,,,,,,,,,
1974,2,176.0,55.0,,,,,,,,,,,,,,,,,,,,,,,,,,,,,,,,,,,,,,,,11.13,11.4,11.67,11.4,2.0,0.57,8.0,0.0,0.3,0.4,-8.94,-8.73,-8.52,-8.73,2.0,0.43,8.0,0.0,0.3,0.4,-7.5,-7.33,-7.15,-7.33,2.0,0.36,8.0,0.0,0.3,0.4,1008.88,1009.7,1010.52,1009.7,2.0,1.7,8.0,0.0,0.3,0.4,,,,,,,,,,,,,,,,,,,,,,,,,,,,,,,,,,,,,,,,,,,,,,,,,,,,,,,,,,,,,,,,,,,,,,,,,,,,,,,,,,,,,,,,,,,,,,,,,,,,,,,,,,,,,,,,,,,,,,,,,,,,,,,,,,,,,,,,,,,,,,,,,,,,,,
1974,2,176.0,56.0,,,,,,,,,,,,,,,,,,,,,,,,,,,,,,,,,,,,,,,,10.75,12.9,14.47,12.63,4.0,2.29,16.0,0.8,0.2,0.3,-10.83,-7.52,-6.85,-8.78,4.0,3.39,16.0,0.8,0.2,0.3,-3.58,4.97,10.33,3.45,4.0,9.36,16.0,0.8,0.2,0.3,1001.35,1015.45,1026.98,1014.23,4.0,15.09,16.0,0.8,0.2,0.3,,,,,,,,,,,,,,,,,,,,,,,,,,,,,,,,,,,,,,,,,,,,,,,,,,,,,,,,,,,,,,,,,,,,,,,,,,,,,,,,,,,,,,,,,,,,,,,,,,,,,,,,,,,,,,,,,,,,,,,,,,,,,,,,,,,,,,,,,,,,,,,,,,,,,,
1974,2,176.0,57.0,1.0,2.0,2.06,1.72,6.0,0.57,10.0,0.3,0.3,0.6,-6.56,-4.75,-3.54,-4.67,6.0,2.08,10.0,0.3,0.3,0.6,2.03,2.03,2.03,2.03,1.0,0.0,20.0,0.0,0.2,0.6,89.1,89.1,89.1,89.1,1.0,0.0,20.0,0.0,0.6,6.3,8.7,15.46,10.38,5.0,5.77,10.0,0.2,0.3,0.5,-11.37,-5.27,-1.9,-6.67,5.0,6.46,10.0,0.2,0.3,0.5,-9.1,-6.16,-1.89,-5.88,5.0,5.22,10.0,0.2,0.3,0.5,1006.83,1010.15,1021.46,1014.47,6.0,11.09,10.0,0.3,0.3,0.6,7.0,8.0,8.0,7.6,5.0,0.5,10.0,0.2,0.3,0.5,-156.3,-43.2,-5.7,-85.6,5.0,125.6,10.0,0.2,0.3,0.5,-141.9,-51.5,-16.4,-76.8,5.0,78.3,10.0,0.2,0.3,0.5,5.17,6.5,8.56,6.38,6.0,2.44,10.0,0.3,0.3,0.6,32.2,49.2,80.9,58.1,5.0,38.3,10.0,0.2,0.3,0.5,2.24,2.24,2.24,2.24,1.0,0.0,20.0,0.0,0.2,0.6,6.7,6.7,6.7,6.7,1.0,0.0,20.0,0.0,0.2,0.6,10.7,19.5,29.3,19.4,5.0,12.8,10.0,0.2,0.3,0.5,3.9,12.5,54.7,29.1,5.0,38.8,10.0,0.2,0.3,0.5,-6.1,-6.1,-6.1,-6.1,1.0,0.0,20.0,0.0,0.2,0.6,0.0,0.0,0.0,0.0,1.0,0.0,20.0,0.0,0.2,0.6,-6.7,-6.7,-6.7,-6.7,1.0,0.0,20.0,0.0,0.2,0.6,0.0,0.0,0.0,0.0,1.0,0.0,20.0,0.0,0.2,0.6,360.0,658.5,3871.5,1962.5,5.0,2399.0,10.0,0.2,0.3,0.5,360.0,660.0,3870.0,1965.0,5.0,2400.0,10.0,0.2,0.3,0.5
1974,2,176.0,58.0,,,,,,,,,,,,,,,,,,,,,,,,,,,,,,,,,,,,,,,,3.52,11.9,14.51,10.43,12.0,5.88,10.0,0.5,0.5,0.5,-10.42,-6.91,-1.7,-5.66,12.0,7.3,10.0,0.5,0.5,0.5,-11.01,-7.18,0.0,-5.88,12.0,5.21,10.0,0.5,0.5,0.5,1003.46,1005.95,1039.87,1014.68,12.0,18.79,10.0,0.5,0.5,0.5,,,,,,,,,,,,,,,,,,,,,,,,,,,,,,,,,,,,,,,,,,,,,,,,,,,,,,,,,,,,,,,,,,,,,,,,,,,,,,,,,,,,,,,,,,,,,,,,,,,,,,,,,,,,,,,,,,,,,,,,,,,,,,,,,,,,,,,,,,,,,,,,,,,,,,
1974,2,176.0,59.0,,,,,,,,,,,,,,,,,,,,,,,,,,,,,,,,,,,,,,,,11.09,14.0,15.83,13.42,5.0,4.59,16.0,0.2,0.4,0.4,-10.42,1.08,9.0,-0.87,5.0,10.94,16.0,0.2,0.4,0.4,-11.2,-10.72,-8.26,-9.82,5.0,2.26,16.0,0.2,0.4,0.4,1009.14,1013.3,1015.81,1012.66,5.0,4.45,16.0,0.2,0.4,0.4,,,,,,,,,,,,,,,,,,,,,,,,,,,,,,,,,,,,,,,,,,,,,,,,,,,,,,,,,,,,,,,,,,,,,,,,,,,,,,,,,,,,,,,,,,,,,,,,,,,,,,,,,,,,,,,,,,,,,,,,,,,,,,,,,,,,,,,,,,,,,,,,,,,,,,
1974,2,177.0,-76.0,,,,,,,,,,,,,,,,,,,,,,,,,,,,,,,,,,,,,,,,,,,,,,,,,,,,,,,,,,,,,,,,,,,,,,,,,,,,,,,,5.0,5.0,5.0,5.0,1.0,0.0,16.0,0.0,0.2,0.8,-44.9,-44.9,-44.9,-44.9,1.0,0.0,16.0,0.0,0.2,0.8,25.9,25.9,25.9,25.9,1.0,0.0,16.0,0.0,0.2,0.8,,,,,,,,,,,,,,,,,,,,,,,,,,,,,,,,,,,,,,,,,,,,,,,,,,,,,,,,,,,,,,,,,,,,,,,,,,,,,,,,,,,,,,,,,,,,,,,,,,,,,,,,,,,,,,,,,,,,,,,,
1974,2,177.0,-53.0,,,,,,,,,,,,,,,,,,,,,,,,,,,,,,,,,,,,,,,,9.8,9.8,9.8,9.8,1.0,0.0,12.0,0.0,0.7,0.1,3.35,3.35,3.35,3.35,1.0,0.0,12.0,0.0,0.7,0.1,-9.21,-9.21,-9.21,-9.21,1.0,0.0,12.0,0.0,0.7,0.1,1017.9,1017.9,1017.9,1017.9,1.0,0.0,12.0,0.0,0.7,0.1,,,,,,,,,,,,,,,,,,,,,,,,,,,,,,,,,,,,,,,,,,,,,,,,,,,,,,,,,,,,,,,,,,,,,,,,,,,,,,,,,,,,,,,,,,,,,,,,,,,,,,,,,,,,,,,,,,,,,,,,,,,,,,,,,,,,,,,,,,,,,,,,,,,,,,
1974,2,177.0,-47.0,,,,,,,,,,,,,,,,,,,,,,,,,,,,,,,,,,,,,,,,5.1,5.1,5.1,5.1,1.0,0.0,10.0,1.0,0.9,0.1,-1.74,-1.74,-1.74,-1.74,1.0,0.0,10.0,1.0,0.9,0.1,4.79,4.79,4.79,4.79,1.0,0.0,10.0,1.0,0.9,0.1,1021.2,1021.2,1021.2,1021.2,1.0,0.0,10.0,1.0,0.9,0.1,,,,,,,,,,,,,,,,,,,,,,,,,,,,,,,,,,,,,,,,,,,,,,,,,,,,,,,,,,,,,,,,,,,,,,,,,,,,,,,,,,,,,,,,,,,,,,,,,,,,,,,,,,,,,,,,,,,,,,,,,,,,,,,,,,,,,,,,,,,,,,,,,,,,,,
1974,2,177.0,-45.0,15.6,15.6,15.6,15.6,1.0,0.0,16.0,1.0,0.3,0.6,14.1,14.1,14.1,14.1,1.0,0.0,16.0,1.0,0.3,0.6,7.5,7.5,7.5,7.5,1.0,0.0,16.0,1.0,0.3,0.6,76.3,76.3,76.3,76.3,1.0,0.0,16.0,1.0,0.6,6.2,6.2,6.2,6.2,1.0,0.0,16.0,1.0,0.3,0.6,-5.83,-5.83,-5.83,-5.83,1.0,0.0,16.0,1.0,0.3,0.6,2.12,2.12,2.12,2.12,1.0,0.0,16.0,1.0,0.3,0.6,1026.8,1026.8,1026.8,1026.8,1.0,0.0,16.0,1.0,0.3,0.6,8.0,8.0,8.0,8.0,1.0,0.0,16.0,1.0,0.3,0.6,-36.1,-36.1,-36.1,-36.1,1.0,0.0,16.0,1.0,0.3,0.6,13.1,13.1,13.1,13.1,1.0,0.0,16.0,1.0,0.3,0.6,1.5,1.5,1.5,1.5,1.0,0.0,16.0,1.0,0.3,0.6,9.3,9.3,9.3,9.3,1.0,0.0,16.0,1.0,0.3,0.6,3.35,3.35,3.35,3.35,1.0,0.0,16.0,1.0,0.3,0.6,20.8,20.8,20.8,20.8,1.0,0.0,16.0,1.0,0.3,0.6,-82.1,-82.1,-82.1,-82.1,1.0,0.0,16.0,1.0,0.3,0.6,29.9,29.9,29.9,29.9,1.0,0.0,16.0,1.0,0.3,0.6,-43.7,-43.7,-43.7,-43.7,1.0,0.0,16.0,1.0,0.3,0.6,15.9,15.9,15.9,15.9,1.0,0.0,16.0,1.0,0.3,0.6,-19.5,-19.5,-19.5,-19.5,1.0,0.0,16.0,1.0,0.3,0.6,7.1,7.1,7.1,7.1,1.0,0.0,16.0,1.0,0.3,0.6,238.5,238.5,238.5,238.5,1.0,0.0,16.0,1.0,0.3,0.6,240.0,240.0,240.0,240.0,1.0,0.0,16.0,1.0,0.3,0.6
1974,2,177.0,-44.0,,,,,,,,,,,,,,,,,,,,,,,,,,,,,,,,,,,,,,,,3.1,3.1,3.1,3.1,1.0,0.0,24.0,1.0,0.8,1.0,0.0,0.0,0.0,0.0,1.0,0.0,24.0,1.0,0.8,1.0,3.1,3.1,3.1,3.1,1.0,0.0,24.0,1.0,0.8,1.0,1010.5,1010.5,1010.5,1010.5,1.0,0.0,24.0,1.0,0.8,1.0,,,,,,,,,,,,,,,,,,,,,,,,,,,,,,,,,,,,,,,,,,,,,,,,,,,,,,,,,,,,,,,,,,,,,,,,,,,,,,,,,,,,,,,,,,,,,,,,,,,,,,,,,,,,,,,,,,,,,,,,,,,,,,,,,,,,,,,,,,,,,,,,,,,,,,
1974,2,177.0,-43.0,15.9,15.9,15.9,15.9,1.0,0.0,6.0,1.0,0.3,0.7,17.1,17.95,18.8,17.95,2.0,1.77,12.0,1.0,0.4,0.8,9.35,9.58,9.81,9.58,2.0,0.48,12.0,1.0,0.4,0.8,72.9,75.3,77.7,75.3,2.0,4.9,12.0,1.0,0.8,4.68,4.85,5.02,4.85,2.0,0.35,12.0,1.0,0.4,0.8,-0.84,1.12,3.07,1.12,2.0,4.05,12.0,1.0,0.4,0.8,2.7,3.55,4.4,3.55,2.0,1.76,12.0,1.0,0.4,0.8,1012.96,1014.6,1016.24,1014.6,2.0,3.39,12.0,1.0,0.4,0.8,0.5,1.5,2.5,1.5,2.0,2.1,12.0,1.0,0.4,0.8,-4.6,4.7,14.0,4.7,2.0,19.2,12.0,1.0,0.4,0.8,12.8,17.5,22.2,17.5,2.0,9.8,12.0,1.0,0.4,0.8,-0.8,-0.8,-0.8,-0.8,1.0,0.0,6.0,1.0,0.3,0.7,-4.1,-4.1,-4.1,-4.1,1.0,0.0,6.0,1.0,0.3,0.7,1.92,1.92,1.92,1.92,1.0,0.0,6.0,1.0,0.3,0.7,9.8,9.8,9.8,9.8,1.0,0.0,6.0,1.0,0.3,0.7,-12.4,23.7,59.7,23.7,2.0,74.7,12.0,1.0,0.4,0.8,49.9,62.1,74.3,62.1,2.0,25.4,12.0,1.0,0.4,0.8,-7.3,11.7,30.7,11.7,2.0,39.4,12.0,1.0,0.4,0.8,26.2,33.6,40.9,33.6,2.0,15.2,12.0,1.0,0.4,0.8,-3.4,-3.4,-3.4,-3.4,1.0,0.0,6.0,1.0,0.3,0.7,9.2,9.2,9.2,9.2,1.0,0.0,6.0,1.0,0.3,0.7,103.0,115.0,127.0,115.0,2.0,25.0,12.0,1.0,0.4,0.8,105.0,115.0,125.0,115.0,2.0,25.0,12.0,1.0,0.4,0.8
1974,2,177.0,-42.0,19.27,20.05,20.83,20.05,2.0,1.63,16.0,0.5,0.5,0.5,20.15,20.9,21.65,20.9,2.0,1.56,16.0,0.5,0.5,0.5,11.52,11.85,12.17,11.85,2.0,0.67,16.0,0.5,0.5,0.5,72.4,78.4,84.4,78.4,2.0,12.4,16.0,0.5,0.5,5.09,6.15,7.21,6.15,2.0,2.19,16.0,0.5,0.5,0.5,-5.68,-5.21,-4.75,-5.21,2.0,0.97,16.0,0.5,0.5,0.5,-4.04,-2.08,-0.11,-2.08,2.0,4.06,16.0,0.5,0.5,0.5,1019.88,1023.05,1026.22,1023.05,2.0,6.58,16.0,0.5,0.5,0.5,1.3,2.0,2.7,2.0,2.0,1.4,16.0,0.5,0.5,0.5,-41.5,-33.1,-24.7,-33.1,2.0,17.4,16.0,0.5,0.5,0.5,-31.5,-17.2,-3.0,-17.2,2.0,29.5,16.0,0.5,0.5,0.5,-0.88,-0.85,-0.82,-0.85,2.0,0.07,16.0,0.5,0.5,0.5,-6.4,-5.3,-4.2,-5.3,2.0,2.3,16.0,0.5,0.5,0.5,1.56,2.64,3.72,2.64,2.0,2.24,16.0,0.5,0.5,0.5,9.9,13.8,17.6,13.8,2.0,8.0,16.0,0.5,0.5,0.5,-114.1,-108.2,-102.4,-108.2,2.0,12.1,16.0,0.5,0.5,0.5,-79.7,-40.2,-0.8,-40.2,2.0,81.7,16.0,0.5,0.5,0.5,-69.3,-62.1,-54.9,-62.1,2.0,15.0,16.0,0.5,0.5,0.5,-49.9,-26.0,-2.0,-26.0,2.0,49.5,16.0,0.5,0.5,0.5,-17.1,-12.7,-8.3,-12.7,2.0,9.1,16.0,0.5,0.5,0.5,-3.9,-0.9,2.0,-0.9,2.0,6.1,16.0,0.5,0.5,0.5,154.5,277.0,399.5,277.0,2.0,254.0,16.0,0.5,0.5,0.5,155.0,275.0,400.0,275.0,2.0,255.0,16.0,0.5,0.5,0.5
1974,2,177.0,-41.0,19.44,19.75,20.62,19.97,6.0,0.72,16.0,0.8,0.3,0.8,19.14,21.0,22.12,20.91,7.0,2.06,16.0,0.9,0.2,0.8,10.28,12.83,14.27,12.64,6.0,2.49,16.0,0.8,0.3,0.8,77.7,84.3,88.3,82.4,6.0,7.1,16.0,0.8,0.8,4.38,7.7,9.82,6.84,7.0,3.65,16.0,0.9,0.2,0.8,-6.01,-3.85,0.19,-2.78,7.0,3.75,16.0,0.9,0.2,0.8,-7.19,0.0,5.92,-0.89,7.0,6.62,16.0,0.9,0.2,0.8,1011.19,1013.1,1024.13,1015.77,7.0,6.26,16.0,0.9,0.2,0.8,2.9,6.0,8.0,5.3,7.0,2.9,16.0,0.9,0.2,0.8,-56.2,-29.6,0.9,-28.0,7.0,31.4,16.0,0.9,0.2,0.8,-67.1,0.0,38.3,-10.4,7.0,59.5,16.0,0.9,0.2,0.8,-1.89,-1.1,0.52,-0.77,6.0,1.95,16.0,0.8,0.3,0.8,-18.2,-7.6,5.3,-6.0,6.0,18.9,16.0,0.8,0.3,0.8,0.16,1.43,4.27,1.84,6.0,2.12,16.0,0.8,0.3,0.8,1.7,9.5,24.8,13.3,6.0,18.1,16.0,0.8,0.3,0.8,-120.5,-80.8,3.7,-59.5,7.0,77.2,16.0,0.9,0.2,0.8,-174.7,0.0,121.6,-26.6,7.0,137.6,16.0,0.9,0.2,0.8,-75.2,-59.9,-12.3,-45.7,6.0,47.5,16.0,0.8,0.3,0.8,-116.3,-34.7,72.4,-25.0,6.0,93.7,16.0,0.8,0.3,0.8,-9.3,-2.8,7.7,-2.7,6.0,15.1,16.0,0.8,0.3,0.8,-4.2,8.0,16.2,8.7,6.0,14.5,16.0,0.8,0.3,0.8,92.5,456.5,948.5,518.5,7.0,432.0,16.0,0.9,0.2,0.8,95.0,455.0,950.0,520.0,7.0,430.0,16.0,0.9,0.2,0.8
1974,2,177.0,-40.0,19.34,21.0,21.28,20.38,5.0,1.35,12.0,0.6,0.8,0.5,18.27,20.5,21.37,19.9,5.0,1.95,12.0,0.6,0.8,0.5,12.4,13.41,13.45,12.95,4.0,0.97,16.0,0.8,0.8,0.5,85.1,89.4,92.9,89.0,4.0,5.4,16.0,0.8,0.5,3.23,5.1,6.75,5.04,5.0,2.03,12.0,0.6,0.8,0.5,-4.68,-3.6,-1.47,-3.02,5.0,2.81,12.0,0.6,0.8,0.5,-4.82,-3.91,0.73,-2.32,5.0,3.13,12.0,0.6,0.8,0.5,1005.16,1018.4,1025.89,1015.9,5.0,10.94,12.0,0.6,0.8,0.5,1.0,2.0,4.1,2.6,5.0,2.1,12.0,0.6,0.8,0.5,-32.3,-16.7,-6.6,-19.1,5.0,18.1,12.0,0.6,0.8,0.5,-32.6,-19.9,1.9,-16.5,5.0,18.6,12.0,0.6,0.8,0.5,-0.01,0.6,1.07,0.48,5.0,0.82,12.0,0.6,0.8,0.5,-1.2,3.1,3.8,1.3,5.0,4.7,12.0,0.6,0.8,0.5,1.72,1.98,2.23,1.97,4.0,0.34,16.0,0.8,0.8,0.5,6.2,10.1,13.9,10.1,4.0,5.0,16.0,0.8,0.8,0.5,-99.3,-75.6,-29.2,-64.2,5.0,57.7,12.0,0.6,0.8,0.5,-101.6,-74.2,12.4,-49.3,5.0,62.9,12.0,0.6,0.8,0.5,-66.9,-51.0,-13.1,-40.5,4.0,42.0,16.0,0.8,0.8,0.5,-65.1,-31.8,12.0,-26.8,4.0,45.1,16.0,0.8,0.8,0.5,-10.5,-8.0,-2.2,-6.4,4.0,6.4,16.0,0.8,0.8,0.5,-9.6,-4.5,1.6,-4.0,4.0,6.6,16.0,0.8,0.8,0.5,36.0,132.5,318.0,178.5,5.0,177.5,12.0,0.6,0.8,0.5,35.0,135.0,320.0,180.0,5.0,180.0,12.0,0.6,0.8,0.5
1974,2,177.0,-39.0,21.0,21.0,21.0,21.0,1.0,0.0,10.0,1.0,0.9,0.6,22.0,22.0,22.0,22.0,1.0,0.0,10.0,1.0,0.9,0.6,13.59,13.59,13.59,13.59,1.0,0.0,10.0,1.0,0.9,0.6,83.1,83.1,83.1,83.1,1.0,0.0,10.0,1.0,0.6,7.7,7.7,7.7,7.7,1.0,0.0,10.0,1.0,0.9,0.6,-5.9,-5.9,-5.9,-5.9,1.0,0.0,10.0,1.0,0.9,0.6,-4.95,-4.95,-4.95,-4.95,1.0,0.0,10.0,1.0,0.9,0.6,1018.4,1018.4,1018.4,1018.4,1.0,0.0,10.0,1.0,0.9,0.6,1.0,1.0,1.0,1.0,1.0,0.0,10.0,1.0,0.9,0.6,-45.4,-45.4,-45.4,-45.4,1.0,0.0,10.0,1.0,0.9,0.6,-38.1,-38.1,-38.1,-38.1,1.0,0.0,10.0,1.0,0.9,0.6,-1.0,-1.0,-1.0,-1.0,1.0,0.0,10.0,1.0,0.9,0.6,-7.7,-7.7,-7.7,-7.7,1.0,0.0,10.0,1.0,0.9,0.6,1.81,1.81,1.81,1.81,1.0,0.0,10.0,1.0,0.9,0.6,13.9,13.9,13.9,13.9,1.0,0.0,10.0,1.0,0.9,0.6,-129.8,-129.8,-129.8,-129.8,1.0,0.0,10.0,1.0,0.9,0.6,-108.9,-108.9,-108.9,-108.9,1.0,0.0,10.0,1.0,0.9,0.6,-80.1,-80.1,-80.1,-80.1,1.0,0.0,10.0,1.0,0.9,0.6,-67.2,-67.2,-67.2,-67.2,1.0,0.0,10.0,1.0,0.9,0.6,-10.7,-10.7,-10.7,-10.7,1.0,0.0,10.0,1.0,0.9,0.6,-9.0,-9.0,-9.0,-9.0,1.0,0.0,10.0,1.0,0.9,0.6,456.5,456.5,456.5,456.5,1.0,0.0,10.0,1.0,0.9,0.6,455.0,455.0,455.0,455.0,1.0,0.0,10.0,1.0,0.9,0.6
1974,2,177.0,-38.0,22.0,22.0,23.24,22.56,5.0,0.88,16.0,0.6,0.4,0.9,21.38,22.0,22.07,21.76,5.0,0.48,16.0,0.6,0.4,0.9,12.93,14.45,15.85,14.28,5.0,2.22,16.0,0.6,0.4,0.9,79.4,88.4,100.0,88.3,5.0,13.7,16.0,0.6,0.9,3.79,6.15,8.82,6.3,4.0,3.26,14.0,0.5,0.3,0.9,-2.64,2.0,4.34,0.9,4.0,5.4,14.0,0.5,0.3,0.9,-6.42,-4.2,-2.4,-4.4,4.0,2.74,14.0,0.5,0.3,0.9,1013.56,1016.1,1018.13,1015.66,5.0,3.72,16.0,0.6,0.4,0.9,1.6,3.0,3.7,2.7,3.0,1.5,14.0,0.3,0.6,0.8,-32.9,7.4,27.8,-2.1,4.0,47.5,14.0,0.5,0.3,0.9,-54.9,-25.2,-13.4,-33.8,4.0,33.3,14.0,0.5,0.3,0.9,0.25,0.8,1.29,0.8,5.0,0.68,16.0,0.6,0.4,0.9,2.2,5.9,7.7,5.0,4.0,3.7,14.0,0.5,0.3,0.9,1.57,1.94,4.05,2.74,5.0,1.88,16.0,0.6,0.4,0.9,6.0,8.4,20.9,13.2,4.0,12.0,14.0,0.5,0.3,0.9,-58.0,44.2,92.4,18.4,4.0,116.9,14.0,0.5,0.3,0.9,-141.1,-90.5,-51.1,-95.9,4.0,60.6,14.0,0.5,0.3,0.9,-37.4,31.3,68.2,16.1,4.0,79.8,14.0,0.5,0.3,0.9,-91.8,-62.4,-37.7,-64.7,4.0,37.5,14.0,0.5,0.3,0.9,-8.9,3.8,5.3,-1.5,4.0,12.3,14.0,0.5,0.3,0.9,-16.8,-6.3,-3.0,-9.8,4.0,9.8,14.0,0.5,0.3,0.9,72.5,253.0,750.0,404.0,4.0,482.5,14.0,0.5,0.3,0.9,70.0,255.0,750.0,405.0,4.0,480.0,14.0,0.5,0.3,0.9
1974,2,177.0,-37.0,21.44,22.8,23.57,22.54,5.0,1.16,16.0,0.4,0.3,0.3,20.05,20.8,21.84,20.75,6.0,1.19,18.0,0.5,0.3,0.4,11.31,12.76,14.26,12.69,5.0,2.31,18.0,0.6,0.3,0.4,73.6,85.0,90.6,82.6,5.0,10.2,18.0,0.6,0.4,2.5,3.6,7.7,4.55,6.0,2.51,18.0,0.5,0.3,0.4,-4.08,-3.1,-1.91,-2.95,6.0,1.58,18.0,0.5,0.3,0.4,-3.57,-1.03,1.22,-0.93,6.0,4.15,18.0,0.5,0.3,0.4,1011.29,1018.2,1022.28,1017.43,6.0,5.88,18.0,0.5,0.3,0.4,1.8,6.5,7.0,5.0,6.0,2.8,18.0,0.5,0.3,0.4,-31.4,-10.6,-5.5,-16.1,6.0,14.6,18.0,0.5,0.3,0.4,-18.5,-2.2,9.4,-3.4,6.0,30.8,18.0,0.5,0.3,0.4,0.79,2.4,2.68,1.76,5.0,1.5,16.0,0.4,0.3,0.3,3.1,6.3,12.5,7.6,5.0,7.7,16.0,0.4,0.3,0.3,2.13,5.04,6.35,4.28,4.0,2.98,18.0,0.5,0.3,0.3,7.1,17.6,27.4,17.3,4.0,13.9,18.0,0.5,0.3,0.3,-85.2,-67.9,-38.9,-62.1,6.0,33.3,18.0,0.5,0.3,0.4,-73.6,-19.3,25.1,-18.9,6.0,85.9,18.0,0.5,0.3,0.4,-56.3,-45.3,-26.7,-40.8,5.0,22.7,18.0,0.6,0.3,0.4,-45.0,0.0,27.5,-6.8,5.0,59.1,18.0,0.6,0.3,0.4,-18.8,-9.7,-1.3,-10.0,4.0,10.1,18.0,0.5,0.3,0.3,-22.1,-7.2,0.0,-10.9,4.0,13.9,18.0,0.5,0.3,0.3,16.0,46.5,456.5,172.0,6.0,221.0,18.0,0.5,0.3,0.4,15.0,45.0,455.0,170.0,6.0,220.0,18.0,0.5,0.3,0.4
1974,2,177.0,-36.0,23.4,23.4,23.4,23.4,1.0,0.0,20.0,1.0,0.2,0.7,22.6,22.6,22.6,22.6,1.0,0.0,20.0,1.0,0.2,0.7,15.07,15.07,15.07,15.07,1.0,0.0,20.0,1.0,0.2,0.7,88.5,88.5,88.5,88.5,1.0,0.0,20.0,1.0,0.7,,,,,,,,,,,,,,,,,,,,,,,,,,,,,,,,,,,,,,,,,,,,,,,,,,,,,,,,,,,,,,,,,,,,,,,,,,,,,,,,,,,,,,,,,,,,,,,,,,,,,,,,,,,,,,,,,,,,,,,,,,,,,,,,,,,,,,,,,,,,,,,,,,,,,,,,,,,,,,,,,,,,,,,,,,,,,,,,,,,,,,,,,,,,,,
1974,2,177.0,-35.0,22.48,23.0,23.47,22.98,4.0,0.78,18.0,0.8,0.7,0.6,21.71,22.0,24.16,22.8,5.0,1.63,16.0,0.8,0.7,0.6,12.74,15.64,16.07,14.43,5.0,2.73,16.0,0.8,0.7,0.6,72.4,88.4,93.2,83.3,5.0,13.6,16.0,0.8,0.6,2.6,8.7,10.71,7.2,5.0,4.4,16.0,0.8,0.7,0.6,-8.54,-2.25,3.69,-2.07,5.0,7.31,16.0,0.8,0.7,0.6,-4.99,-1.7,-1.43,-3.28,5.0,3.46,16.0,0.8,0.7,0.6,1010.7,1014.3,1019.05,1014.56,5.0,5.73,16.0,0.8,0.7,0.6,4.0,6.0,8.0,6.0,5.0,2.0,16.0,0.8,0.7,0.6,-95.6,-5.9,28.7,-24.2,5.0,72.6,16.0,0.8,0.7,0.6,-52.9,-13.1,-5.3,-31.1,5.0,47.7,16.0,0.8,0.7,0.6,-1.01,0.6,0.9,-0.02,4.0,1.54,18.0,0.8,0.7,0.6,-10.6,3.8,6.0,-2.0,4.0,13.8,18.0,0.8,0.7,0.6,1.87,2.49,5.0,3.39,4.0,2.37,18.0,0.8,0.7,0.6,12.1,21.0,43.2,27.3,4.0,22.7,18.0,0.8,0.7,0.6,-207.1,-49.5,78.8,-55.7,5.0,169.2,16.0,0.8,0.7,0.6,-115.0,-43.1,-30.8,-75.8,5.0,82.0,16.0,0.8,0.7,0.6,-137.7,-32.6,39.4,-43.3,5.0,98.2,16.0,0.8,0.7,0.6,-81.2,-26.6,-17.3,-50.8,5.0,59.0,16.0,0.8,0.7,0.6,-16.4,-11.4,27.6,4.8,4.0,36.2,18.0,0.8,0.7,0.6,-15.0,-7.1,-3.4,-9.1,4.0,7.5,18.0,0.8,0.7,0.6,17.5,658.5,1277.0,699.0,5.0,764.5,16.0,0.8,0.7,0.6,20.0,660.0,1275.0,700.0,5.0,765.0,16.0,0.8,0.7,0.6
1974,2,177.0,-34.0,22.2,22.2,22.2,22.2,1.0,0.0,20.0,0.0,0.0,0.2,22.03,22.1,22.17,22.1,2.0,0.14,12.0,0.5,0.1,0.6,11.14,12.48,13.82,12.48,2.0,2.78,12.0,0.5,0.1,0.6,68.0,75.6,83.3,75.6,2.0,15.8,12.0,0.5,0.6,1.41,2.3,3.19,2.3,2.0,1.84,12.0,0.5,0.1,0.6,-2.11,-1.66,-1.21,-1.66,2.0,0.93,12.0,0.5,0.1,0.6,-2.32,-1.38,-0.44,-1.38,2.0,1.95,12.0,0.5,0.1,0.6,1014.45,1016.5,1018.55,1016.5,2.0,4.24,12.0,0.5,0.1,0.6,0.2,0.5,0.8,0.5,2.0,0.7,12.0,0.5,0.1,0.6,-7.2,-4.7,-2.2,-4.7,2.0,5.2,12.0,0.5,0.1,0.6,-8.4,-5.0,-1.6,-5.0,2.0,7.0,12.0,0.5,0.1,0.6,0.0,0.0,0.0,0.0,1.0,0.0,20.0,0.0,0.0,0.2,0.0,0.0,0.0,0.0,1.0,0.0,20.0,0.0,0.0,0.2,2.22,2.22,2.22,2.22,1.0,0.0,20.0,0.0,0.0,0.2,8.0,8.0,8.0,8.0,1.0,0.0,20.0,0.0,0.0,0.2,-46.7,-36.7,-26.7,-36.7,2.0,20.8,12.0,0.5,0.1,0.6,-51.5,-30.6,-9.7,-30.6,2.0,43.3,12.0,0.5,0.1,0.6,-29.8,-22.0,-14.1,-22.0,2.0,16.2,12.0,0.5,0.1,0.6,-33.5,-19.9,-6.3,-19.9,2.0,28.2,12.0,0.5,0.1,0.6,-5.1,-5.1,-5.1,-5.1,1.0,0.0,20.0,0.0,0.0,0.2,-6.1,-6.1,-6.1,-6.1,1.0,0.0,20.0,0.0,0.0,0.2,8.0,24.0,39.5,24.0,2.0,32.5,12.0,0.5,0.1,0.6,10.0,25.0,40.0,25.0,2.0,30.0,12.0,0.5,0.1,0.6
1974,2,177.0,-33.0,22.45,23.0,24.37,23.4,3.0,1.44,12.0,1.0,0.4,0.7,23.32,24.0,24.0,23.67,3.0,0.58,12.0,1.0,0.4,0.7,12.0,14.49,15.14,13.59,3.0,2.43,12.0,1.0,0.4,0.7,67.6,78.3,81.7,74.8,3.0,10.8,12.0,1.0,0.7,3.58,4.6,5.35,4.47,3.0,1.31,12.0,1.0,0.4,0.7,-4.74,-4.32,-3.2,-3.98,3.0,1.16,12.0,1.0,0.4,0.7,-1.57,-1.55,1.45,-0.09,3.0,2.55,12.0,1.0,0.4,0.7,1015.51,1016.4,1019.95,1017.7,3.0,3.44,12.0,1.0,0.4,0.7,3.3,6.0,7.4,5.3,3.0,3.1,12.0,1.0,0.4,0.7,-25.5,-19.9,-12.0,-18.8,3.0,10.0,12.0,1.0,0.4,0.7,-6.5,-4.8,9.6,1.4,3.0,12.9,12.0,1.0,0.4,0.7,-0.94,-0.8,0.43,-0.27,3.0,1.1,12.0,1.0,0.4,0.7,-3.5,-3.1,2.9,-0.4,3.0,5.3,12.0,1.0,0.4,0.7,3.38,4.29,5.25,4.31,3.0,1.37,12.0,1.0,0.4,0.7,14.0,24.4,25.6,19.9,3.0,9.4,12.0,1.0,0.4,0.7,-112.4,-99.4,-75.5,-94.1,3.0,27.4,12.0,1.0,0.4,0.7,-36.9,-36.2,35.2,-1.7,3.0,60.7,12.0,1.0,0.4,0.7,-66.9,-46.8,-41.4,-54.0,3.0,19.7,12.0,1.0,0.4,0.7,-20.7,-17.0,24.6,1.5,3.0,36.9,12.0,1.0,0.4,0.7,-23.5,-21.2,-12.1,-17.9,3.0,8.8,12.0,1.0,0.4,0.7,-7.6,-4.6,6.9,-0.4,3.0,11.2,12.0,1.0,0.4,0.7,51.0,97.5,157.5,104.0,3.0,78.0,12.0,1.0,0.4,0.7,50.0,95.0,155.0,105.0,3.0,80.0,12.0,1.0,0.4,0.7
1974,2,177.0,-31.0,,,,,,,,,,,,,,,,,,,,,,,,,,,,,,,,,,,,,,,,6.7,6.7,6.7,6.7,1.0,0.0,20.0,1.0,0.1,0.7,-6.3,-6.3,-6.3,-6.3,1.0,0.0,20.0,1.0,0.1,0.7,2.29,2.29,2.29,2.29,1.0,0.0,20.0,1.0,0.1,0.7,1015.8,1015.8,1015.8,1015.8,1.0,0.0,20.0,1.0,0.1,0.7,4.0,4.0,4.0,4.0,1.0,0.0,20.0,1.0,0.1,0.7,-42.2,-42.2,-42.2,-42.2,1.0,0.0,20.0,1.0,0.1,0.7,15.4,15.4,15.4,15.4,1.0,0.0,20.0,1.0,0.1,0.7,,,,,,,,,,,,,,,,,,,,,,,,,,,,,,,,,,,,,,,,,-157.4,-157.4,-157.4,-157.4,1.0,0.0,20.0,1.0,0.1,0.7,57.3,57.3,57.3,57.3,1.0,0.0,20.0,1.0,0.1,0.7,-116.9,-116.9,-116.9,-116.9,1.0,0.0,20.0,1.0,0.1,0.7,42.5,42.5,42.5,42.5,1.0,0.0,20.0,1.0,0.1,0.7,,,,,,,,,,,,,,,,,,,,,,,,,,,,,,,,,,,,,,,,
1974,2,177.0,-29.0,26.16,26.5,26.84,26.5,2.0,0.71,12.0,1.0,0.5,0.7,23.9,24.1,24.3,24.1,2.0,0.42,12.0,1.0,0.5,0.7,14.67,15.83,16.98,15.83,2.0,2.39,12.0,1.0,0.5,0.7,77.9,84.9,92.0,84.9,2.0,14.6,12.0,1.0,0.7,6.7,6.7,6.7,6.7,2.0,0.0,12.0,1.0,0.5,0.7,-6.55,-6.45,-6.34,-6.45,2.0,0.21,12.0,1.0,0.5,0.7,-1.74,-0.56,0.62,-0.56,2.0,2.44,12.0,1.0,0.5,0.7,1013.1,1014.4,1015.7,1014.4,2.0,2.69,12.0,1.0,0.5,0.7,4.2,4.5,4.8,4.5,2.0,0.7,12.0,1.0,0.5,0.7,-43.9,-43.2,-42.5,-43.2,2.0,1.4,12.0,1.0,0.5,0.7,-11.7,-3.8,4.1,-3.8,2.0,16.4,12.0,1.0,0.5,0.7,1.85,2.4,2.95,2.4,2.0,1.13,12.0,1.0,0.5,0.7,12.4,16.1,19.7,16.1,2.0,7.6,12.0,1.0,0.5,0.7,5.11,5.79,6.48,5.79,2.0,1.42,12.0,1.0,0.5,0.7,34.2,38.8,43.4,38.8,2.0,9.5,12.0,1.0,0.5,0.7,-156.5,-155.3,-154.2,-155.3,2.0,2.4,12.0,1.0,0.5,0.7,-42.6,-14.1,14.4,-14.1,2.0,59.1,12.0,1.0,0.5,0.7,-111.4,-102.3,-93.2,-102.3,2.0,18.8,12.0,1.0,0.5,0.7,-24.0,-6.0,12.0,-6.0,2.0,37.3,12.0,1.0,0.5,0.7,-41.0,-37.2,-33.4,-37.2,2.0,7.9,12.0,1.0,0.5,0.7,-12.2,-5.0,2.2,-5.0,2.0,15.0,12.0,1.0,0.5,0.7,301.0,301.0,301.0,301.0,2.0,0.0,12.0,1.0,0.5,0.7,300.0,300.0,300.0,300.0,2.0,0.0,12.0,1.0,0.5,0.7
1974,2,177.0,-27.0,26.57,27.8,27.94,27.27,3.0,1.1,16.0,0.7,0.4,0.5,25.9,26.1,26.17,26.03,3.0,0.21,16.0,0.7,0.4,0.5,16.93,17.93,19.19,18.05,3.0,1.66,16.0,0.7,0.4,0.5,81.2,84.6,90.8,85.9,3.0,7.2,16.0,0.7,0.5,4.95,5.7,8.16,6.53,3.0,2.46,16.0,0.7,0.4,0.5,-7.2,-5.36,-4.79,-5.98,3.0,1.84,16.0,0.7,0.4,0.5,1.16,1.95,3.79,2.47,3.0,1.98,16.0,0.7,0.4,0.5,1013.3,1013.5,1013.7,1013.5,3.0,0.3,16.0,0.7,0.4,0.5,3.3,4.0,6.0,4.7,3.0,2.1,16.0,0.7,0.4,0.5,-60.8,-30.5,-23.9,-42.1,3.0,28.8,16.0,0.7,0.4,0.5,6.0,11.1,33.0,19.3,3.0,21.0,16.0,0.7,0.4,0.5,0.4,1.7,2.04,1.23,3.0,1.27,16.0,0.7,0.4,0.5,2.4,9.7,17.0,9.7,3.0,10.7,16.0,0.7,0.4,0.5,3.23,3.61,6.06,4.62,3.0,2.25,16.0,0.7,0.4,0.5,16.1,20.6,52.2,33.8,3.0,28.8,16.0,0.7,0.4,0.5,-186.2,-139.8,-125.4,-155.4,3.0,46.6,16.0,0.7,0.4,0.5,30.4,50.9,98.0,63.9,3.0,50.8,16.0,0.7,0.4,0.5,-124.1,-105.9,-89.1,-106.6,3.0,25.7,16.0,0.7,0.4,0.5,22.0,38.5,64.5,43.1,3.0,31.4,16.0,0.7,0.4,0.5,-45.7,-19.3,-15.6,-30.4,3.0,24.0,16.0,0.7,0.4,0.5,3.9,7.0,25.1,14.3,3.0,16.7,16.0,0.7,0.4,0.5,125.0,185.0,608.0,362.5,3.0,385.5,16.0,0.7,0.4,0.5,125.0,185.0,610.0,360.0,3.0,385.0,16.0,0.7,0.4,0.5
1974,2,177.0,-26.0,25.98,27.0,28.37,27.17,3.0,1.76,14.0,1.0,0.0,0.7,26.39,27.0,27.07,26.73,3.0,0.55,14.0,1.0,0.0,0.7,15.5,18.7,19.1,17.33,3.0,2.89,14.0,1.0,0.0,0.7,69.1,83.7,88.6,79.0,3.0,14.8,14.0,1.0,0.7,6.7,6.7,7.38,7.03,3.0,0.58,14.0,1.0,0.0,0.7,-6.94,-6.3,-2.0,-4.51,3.0,3.93,14.0,1.0,0.0,0.7,2.4,2.63,5.41,3.88,3.0,2.45,14.0,1.0,0.0,0.7,1006.6,1008.1,1008.24,1007.43,3.0,1.33,14.0,1.0,0.0,0.7,2.3,5.0,5.0,3.7,3.0,2.3,14.0,1.0,0.0,0.7,-51.4,-42.2,-13.4,-32.6,3.0,29.1,14.0,1.0,0.0,0.7,16.9,20.3,37.1,26.8,3.0,15.8,14.0,1.0,0.0,0.7,-0.41,0.0,1.3,0.43,3.0,1.31,14.0,1.0,0.0,0.7,-2.7,0.0,8.7,2.9,3.0,8.7,14.0,1.0,0.0,0.7,2.0,3.7,8.86,5.39,3.0,5.24,14.0,1.0,0.0,0.7,14.5,28.5,60.6,37.3,3.0,34.6,14.0,1.0,0.0,0.7,-185.5,-164.3,-52.2,-119.9,3.0,105.0,14.0,1.0,0.0,0.7,63.4,71.1,146.5,104.2,3.0,67.3,14.0,1.0,0.0,0.7,-130.9,-121.4,-38.5,-85.6,3.0,74.4,14.0,1.0,0.0,0.7,45.8,49.2,79.7,62.4,3.0,27.4,14.0,1.0,0.0,0.7,-20.7,-7.6,-2.4,-11.5,3.0,13.8,14.0,1.0,0.0,0.7,5.0,9.8,54.6,29.3,3.0,40.1,14.0,1.0,0.0,0.7,301.0,301.0,407.0,352.5,3.0,90.0,14.0,1.0,0.0,0.7,300.0,300.0,405.0,355.0,3.0,90.0,14.0,1.0,0.0,0.7
1974,2,177.0,-25.0,26.4,27.25,28.1,27.25,2.0,1.77,14.0,0.5,0.4,0.5,26.05,26.4,26.86,26.45,4.0,0.48,14.0,0.5,0.2,0.5,18.59,18.74,18.8,18.7,4.0,0.15,14.0,0.5,0.2,0.5,84.6,86.4,88.0,86.3,4.0,2.2,14.0,0.5,0.5,4.62,6.7,7.07,5.76,5.0,2.7,14.0,0.4,0.2,0.5,-6.33,-5.8,-3.96,-5.08,5.0,2.49,14.0,0.4,0.2,0.5,1.44,3.35,3.35,2.41,5.0,1.73,14.0,0.4,0.2,0.5,1002.59,1008.0,1008.93,1006.24,5.0,3.64,14.0,0.4,0.2,0.5,4.6,5.0,7.0,5.6,5.0,1.3,14.0,0.4,0.2,0.5,-45.0,-38.9,-25.0,-34.6,5.0,20.3,14.0,0.4,0.2,0.5,12.6,22.4,22.4,17.4,5.0,10.1,14.0,0.4,0.2,0.5,0.2,0.85,1.5,0.85,2.0,1.34,14.0,0.5,0.4,0.5,1.4,5.7,10.0,5.7,2.0,9.0,14.0,0.5,0.4,0.5,3.11,4.15,5.18,4.15,2.0,2.15,14.0,0.5,0.4,0.5,20.8,27.8,34.7,27.8,2.0,14.4,14.0,0.5,0.4,0.5,-176.1,-153.2,-82.5,-130.4,4.0,76.3,14.0,0.5,0.2,0.5,25.1,79.3,88.5,57.8,4.0,50.4,14.0,0.5,0.2,0.5,-122.8,-108.1,-58.6,-91.5,4.0,53.0,14.0,0.5,0.2,0.5,17.1,55.6,62.4,40.5,4.0,35.6,14.0,0.5,0.2,0.5,-30.1,-24.1,-18.1,-24.1,2.0,12.4,14.0,0.5,0.4,0.5,10.4,13.9,17.4,13.9,2.0,7.2,14.0,0.5,0.4,0.5,191.5,301.0,357.5,272.0,5.0,166.0,14.0,0.4,0.2,0.5,190.0,300.0,360.0,270.0,5.0,165.0,14.0,0.4,0.2,0.5
1974,2,177.0,-24.0,26.45,27.7,28.92,27.7,5.0,1.66,16.0,0.8,0.3,0.6,25.79,26.0,27.79,26.52,6.0,1.28,14.0,0.8,0.3,0.7,17.43,18.83,19.93,18.63,6.0,1.42,14.0,0.8,0.3,0.7,75.5,88.6,95.4,86.1,6.0,12.1,14.0,0.8,0.7,2.52,6.7,8.25,5.59,7.0,3.0,16.0,0.9,0.3,0.7,-7.77,-3.52,-0.94,-4.23,7.0,3.25,16.0,0.9,0.3,0.7,1.52,2.8,4.4,2.87,7.0,2.08,16.0,0.9,0.3,0.7,1004.64,1005.0,1006.11,1005.89,7.0,2.87,16.0,0.9,0.3,0.7,2.9,6.0,6.0,4.6,7.0,2.2,16.0,0.9,0.3,0.7,-64.2,-16.2,-2.2,-31.1,7.0,32.1,16.0,0.9,0.3,0.7,6.0,15.0,29.5,18.4,7.0,14.3,16.0,0.9,0.3,0.7,0.35,1.0,1.79,1.08,5.0,0.86,16.0,0.8,0.3,0.6,2.5,4.6,13.3,7.6,5.0,7.1,16.0,0.8,0.3,0.6,1.84,4.43,7.2,4.65,5.0,3.62,16.0,0.8,0.3,0.6,8.9,36.4,57.2,34.3,5.0,26.8,16.0,0.8,0.3,0.6,-211.2,-110.0,-56.6,-126.9,6.0,86.1,14.0,0.8,0.3,0.7,59.6,74.9,122.5,90.8,6.0,48.0,14.0,0.8,0.3,0.7,-154.3,-86.3,-33.4,-90.4,6.0,60.2,14.0,0.8,0.3,0.7,40.2,57.1,89.7,62.8,6.0,27.8,14.0,0.8,0.3,0.7,-39.9,-23.4,-6.8,-23.9,5.0,19.0,16.0,0.8,0.3,0.6,5.7,8.8,31.4,19.2,5.0,25.5,16.0,0.8,0.3,0.6,17.0,301.0,563.5,296.0,7.0,296.5,16.0,0.9,0.3,0.7,15.0,300.0,565.0,295.0,7.0,295.0,16.0,0.9,0.3,0.7
1974,2,177.0,-23.0,27.43,30.0,30.0,28.96,5.0,1.43,18.0,1.0,0.4,0.6,25.7,27.2,28.52,27.2,6.0,1.36,20.0,0.8,0.4,0.6,15.59,17.61,19.02,17.51,6.0,1.86,20.0,0.8,0.4,0.6,73.0,79.5,82.5,77.4,6.0,7.1,20.0,0.8,0.6,2.52,6.2,6.7,4.86,7.0,2.25,18.0,0.9,0.4,0.6,-5.37,-0.94,1.22,-1.38,7.0,3.03,18.0,0.9,0.4,0.6,-0.99,3.1,6.6,2.34,7.0,3.85,18.0,0.9,0.4,0.6,1004.14,1006.1,1012.05,1007.59,7.0,4.2,18.0,0.9,0.4,0.6,3.0,4.0,7.0,4.4,7.0,1.8,18.0,0.9,0.4,0.6,-33.3,-0.9,6.4,-8.7,7.0,17.5,18.0,0.9,0.4,0.6,-3.1,19.2,44.2,15.2,7.0,24.1,18.0,0.9,0.4,0.6,0.71,2.95,4.3,2.53,4.0,2.16,20.0,1.0,0.4,0.5,3.2,18.1,28.8,16.1,4.0,15.0,20.0,1.0,0.4,0.5,6.96,10.7,11.2,9.15,4.0,3.48,20.0,1.0,0.4,0.5,37.4,60.0,72.1,55.0,4.0,22.6,20.0,1.0,0.4,0.5,-145.4,-36.0,6.2,-55.7,6.0,74.4,20.0,0.8,0.4,0.6,-25.2,103.9,170.1,76.0,6.0,103.1,20.0,0.8,0.4,0.6,-100.1,-21.6,3.8,-37.6,6.0,50.9,20.0,0.8,0.4,0.6,-17.3,62.6,104.7,45.8,6.0,65.8,20.0,0.8,0.4,0.6,-19.6,-8.8,6.9,-6.5,4.0,16.0,20.0,1.0,0.4,0.5,29.4,58.4,71.5,50.8,4.0,28.0,20.0,1.0,0.4,0.5,17.0,238.5,301.0,170.5,7.0,129.5,18.0,0.9,0.4,0.6,15.0,240.0,300.0,170.0,7.0,130.0,18.0,0.9,0.4,0.6
1974,2,177.0,-22.0,26.69,27.8,29.05,28.06,7.0,1.29,14.0,0.6,0.4,0.6,27.0,27.2,27.95,27.39,9.0,0.73,18.0,0.6,0.4,0.6,18.57,18.8,19.9,18.78,9.0,1.74,18.0,0.6,0.4,0.6,76.0,82.7,90.3,82.1,9.0,8.4,18.0,0.6,0.6,1.8,5.1,7.57,4.84,9.0,2.92,18.0,0.6,0.4,0.6,-6.29,-4.42,-0.07,-3.53,9.0,3.38,18.0,0.6,0.4,0.6,-0.65,1.57,4.3,1.64,9.0,2.53,18.0,0.6,0.4,0.6,1004.37,1006.4,1011.19,1007.28,9.0,3.36,18.0,0.6,0.4,0.6,2.0,3.0,4.7,3.4,9.0,2.1,18.0,0.6,0.4,0.6,-47.8,-22.5,-0.1,-24.9,9.0,23.0,18.0,0.6,0.4,0.6,-1.7,7.2,32.0,11.0,9.0,19.4,18.0,0.6,0.4,0.6,-0.74,0.6,2.62,0.81,7.0,1.63,14.0,0.6,0.4,0.6,-4.0,4.5,9.1,4.1,7.0,7.7,14.0,0.6,0.4,0.6,3.25,5.19,7.63,5.38,7.0,2.31,14.0,0.6,0.4,0.6,11.1,34.8,39.8,28.7,7.0,15.4,14.0,0.6,0.4,0.6,-169.4,-127.2,-1.9,-96.5,9.0,92.7,18.0,0.6,0.4,0.6,-18.2,42.5,118.9,44.6,9.0,69.6,18.0,0.6,0.4,0.6,-123.0,-81.7,-1.3,-64.6,9.0,64.6,18.0,0.6,0.4,0.6,-12.9,28.3,80.5,30.2,9.0,47.8,18.0,0.6,0.4,0.6,-36.8,-30.3,-1.7,-22.8,7.0,18.0,14.0,0.6,0.4,0.6,-2.3,11.9,16.8,8.7,7.0,13.4,14.0,0.6,0.4,0.6,7.0,132.5,434.0,215.0,9.0,210.5,18.0,0.6,0.4,0.6,5.0,135.0,435.0,215.0,9.0,210.0,18.0,0.6,0.4,0.6
1974,2,177.0,-21.0,27.32,28.0,30.22,28.62,5.0,1.59,18.0,0.6,0.6,0.7,27.0,28.0,29.81,28.23,7.0,1.27,20.0,0.6,0.6,0.7,18.76,18.87,19.85,19.29,7.0,0.92,20.0,0.6,0.6,0.7,73.6,78.9,84.2,80.2,7.0,7.6,20.0,0.6,0.7,3.16,5.4,6.64,5.15,8.0,1.78,20.0,0.6,0.6,0.7,-2.83,-0.85,3.01,-0.65,8.0,3.22,20.0,0.6,0.6,0.7,-6.51,-2.68,-1.33,-3.47,8.0,2.98,20.0,0.6,0.6,0.7,1001.13,1004.7,1006.8,1004.24,8.0,3.04,20.0,0.6,0.6,0.7,2.3,5.0,6.0,4.6,8.0,2.1,20.0,0.6,0.6,0.7,-12.7,-4.7,10.8,-4.7,8.0,16.6,20.0,0.6,0.6,0.7,-43.3,-11.9,-5.0,-21.7,8.0,22.0,20.0,0.6,0.6,0.7,-1.66,0.0,1.48,-0.04,5.0,2.13,18.0,0.6,0.6,0.7,-5.5,0.0,8.5,1.9,5.0,10.9,18.0,0.6,0.6,0.7,4.0,5.09,8.1,5.84,5.0,2.12,18.0,0.6,0.6,0.7,13.7,23.4,35.8,25.9,5.0,16.8,18.0,0.6,0.6,0.7,-90.3,-16.1,97.1,-12.2,7.0,95.5,20.0,0.6,0.6,0.7,-179.6,-64.4,-31.9,-86.2,7.0,82.7,20.0,0.6,0.6,0.7,-57.6,-10.6,64.6,-8.2,7.0,64.2,20.0,0.6,0.6,0.7,-125.7,-43.2,-21.3,-61.9,7.0,62.1,20.0,0.6,0.6,0.7,-9.9,-4.4,16.3,1.9,5.0,14.3,18.0,0.6,0.6,0.7,-35.2,-11.7,-1.8,-18.2,5.0,22.2,18.0,0.6,0.6,0.7,31.5,168.0,294.0,179.5,8.0,154.5,20.0,0.6,0.6,0.7,30.0,170.0,295.0,180.0,8.0,155.0,20.0,0.6,0.6,0.7
1974,2,177.0,-20.0,27.53,28.85,29.4,28.54,8.0,0.97,18.0,0.4,0.5,0.6,27.0,27.25,28.04,27.51,8.0,0.8,20.0,0.3,0.5,0.6,18.3,18.92,21.68,19.66,8.0,1.73,20.0,0.3,0.5,0.6,77.2,83.9,95.4,85.4,8.0,9.6,20.0,0.3,0.6,3.06,6.95,9.9,6.43,6.0,3.59,16.0,0.3,0.5,0.5,-6.7,-2.82,2.12,-2.53,6.0,4.77,16.0,0.3,0.5,0.5,-3.07,2.23,4.43,0.38,6.0,5.65,16.0,0.3,0.5,0.5,1003.38,1006.2,1011.0,1006.59,8.0,3.68,20.0,0.3,0.5,0.6,3.0,3.5,5.9,4.0,8.0,2.4,20.0,0.3,0.5,0.6,-52.8,-17.4,13.5,-22.1,6.0,39.2,16.0,0.3,0.5,0.5,-25.1,13.4,32.8,-0.9,6.0,54.3,16.0,0.3,0.5,0.5,0.19,0.5,2.13,1.07,7.0,1.08,18.0,0.3,0.5,0.6,0.5,2.2,15.0,6.7,5.0,8.0,14.0,0.4,0.5,0.6,3.38,4.73,6.83,4.71,7.0,2.27,18.0,0.3,0.5,0.6,4.4,34.1,50.5,29.5,5.0,24.8,14.0,0.4,0.5,0.6,-192.1,-76.8,59.2,-70.5,6.0,132.4,16.0,0.3,0.5,0.5,-85.8,64.3,120.8,10.1,6.0,158.1,16.0,0.3,0.5,0.5,-125.7,-53.4,41.4,-49.1,6.0,98.0,16.0,0.3,0.5,0.5,-59.9,40.0,86.9,9.3,6.0,106.7,16.0,0.3,0.5,0.5,-40.9,-29.5,0.5,-22.6,5.0,23.5,14.0,0.4,0.5,0.6,1.4,17.0,29.3,15.5,5.0,14.5,14.0,0.4,0.5,0.6,37.0,337.0,972.5,459.5,6.0,457.5,16.0,0.3,0.5,0.5,35.0,335.0,970.0,460.0,6.0,455.0,16.0,0.3,0.5,0.5
1974,2,177.0,-19.0,29.55,29.65,29.75,29.65,2.0,0.21,16.0,1.0,0.8,0.3,25.3,25.3,25.3,25.3,1.0,0.0,16.0,1.0,0.8,0.3,16.36,16.36,16.36,16.36,1.0,0.0,16.0,1.0,0.8,0.3,81.0,81.0,81.0,81.0,1.0,0.0,16.0,1.0,0.3,6.2,6.2,6.2,6.2,1.0,0.0,16.0,1.0,0.8,0.3,-1.08,-1.08,-1.08,-1.08,1.0,0.0,16.0,1.0,0.8,0.3,6.11,6.11,6.11,6.11,1.0,0.0,16.0,1.0,0.8,0.3,1007.4,1007.4,1007.4,1007.4,1.0,0.0,16.0,1.0,0.8,0.3,7.0,7.0,7.0,7.0,1.0,0.0,16.0,1.0,0.8,0.3,-6.7,-6.7,-6.7,-6.7,1.0,0.0,16.0,1.0,0.8,0.3,37.9,37.9,37.9,37.9,1.0,0.0,16.0,1.0,0.8,0.3,4.5,4.5,4.5,4.5,1.0,0.0,16.0,1.0,0.8,0.3,27.9,27.9,27.9,27.9,1.0,0.0,16.0,1.0,0.8,0.3,10.1,10.1,10.1,10.1,1.0,0.0,16.0,1.0,0.8,0.3,62.6,62.6,62.6,62.6,1.0,0.0,16.0,1.0,0.8,0.3,-27.2,-27.2,-27.2,-27.2,1.0,0.0,16.0,1.0,0.8,0.3,154.5,154.5,154.5,154.5,1.0,0.0,16.0,1.0,0.8,0.3,-17.6,-17.6,-17.6,-17.6,1.0,0.0,16.0,1.0,0.8,0.3,99.9,99.9,99.9,99.9,1.0,0.0,16.0,1.0,0.8,0.3,-10.9,-10.9,-10.9,-10.9,1.0,0.0,16.0,1.0,0.8,0.3,61.7,61.7,61.7,61.7,1.0,0.0,16.0,1.0,0.8,0.3,238.5,238.5,238.5,238.5,1.0,0.0,16.0,1.0,0.8,0.3,240.0,240.0,240.0,240.0,1.0,0.0,16.0,1.0,0.8,0.3
1974,2,177.0,-18.0,27.2,27.2,27.2,27.2,1.0,0.0,10.0,1.0,0.9,0.9,27.9,27.9,27.9,27.9,1.0,0.0,10.0,1.0,0.9,0.9,16.6,16.6,16.6,16.6,1.0,0.0,10.0,1.0,0.9,0.9,70.3,70.3,70.3,70.3,1.0,0.0,10.0,1.0,0.9,4.6,4.6,4.6,4.6,1.0,0.0,10.0,1.0,0.9,0.9,2.96,2.96,2.96,2.96,1.0,0.0,10.0,1.0,0.9,0.9,-3.52,-3.52,-3.52,-3.52,1.0,0.0,10.0,1.0,0.9,0.9,1005.0,1005.0,1005.0,1005.0,1.0,0.0,10.0,1.0,0.9,0.9,3.0,3.0,3.0,3.0,1.0,0.0,10.0,1.0,0.9,0.9,13.6,13.6,13.6,13.6,1.0,0.0,10.0,1.0,0.9,0.9,-16.2,-16.2,-16.2,-16.2,1.0,0.0,10.0,1.0,0.9,0.9,-0.7,-0.7,-0.7,-0.7,1.0,0.0,10.0,1.0,0.9,0.9,-3.2,-3.2,-3.2,-3.2,1.0,0.0,10.0,1.0,0.9,0.9,6.15,6.15,6.15,6.15,1.0,0.0,10.0,1.0,0.9,0.9,28.3,28.3,28.3,28.3,1.0,0.0,10.0,1.0,0.9,0.9,82.5,82.5,82.5,82.5,1.0,0.0,10.0,1.0,0.9,0.9,-98.3,-98.3,-98.3,-98.3,1.0,0.0,10.0,1.0,0.9,0.9,49.1,49.1,49.1,49.1,1.0,0.0,10.0,1.0,0.9,0.9,-58.5,-58.5,-58.5,-58.5,1.0,0.0,10.0,1.0,0.9,0.9,18.2,18.2,18.2,18.2,1.0,0.0,10.0,1.0,0.9,0.9,-21.7,-21.7,-21.7,-21.7,1.0,0.0,10.0,1.0,0.9,0.9,97.5,97.5,97.5,97.5,1.0,0.0,10.0,1.0,0.9,0.9,95.0,95.0,95.0,95.0,1.0,0.0,10.0,1.0,0.9,0.9
1974,2,177.0,-16.0,29.0,29.0,29.0,29.0,2.0,0.0,14.0,0.0,0.4,0.2,27.8,27.8,27.8,27.8,2.0,0.0,14.0,0.0,0.4,0.2,18.64,19.09,19.53,19.09,2.0,0.92,14.0,0.0,0.4,0.2,79.7,81.6,83.4,81.6,2.0,3.8,14.0,0.0,0.2,0.65,2.05,3.45,2.05,2.0,2.9,14.0,0.0,0.4,0.2,0.64,2.02,3.4,2.02,2.0,2.86,14.0,0.0,0.4,0.2,0.11,0.36,0.6,0.36,2.0,0.5,14.0,0.0,0.4,0.2,1009.19,1009.6,1010.01,1009.6,2.0,0.85,14.0,0.0,0.4,0.2,1.5,2.5,3.5,2.5,2.0,2.1,14.0,0.0,0.4,0.2,2.6,8.3,13.9,8.3,2.0,11.7,14.0,0.0,0.4,0.2,0.5,1.5,2.5,1.5,2.0,2.1,14.0,0.0,0.4,0.2,1.2,1.2,1.2,1.2,2.0,0.0,14.0,0.0,0.4,0.2,0.8,2.5,4.1,2.5,2.0,3.5,14.0,0.0,0.4,0.2,5.67,6.1,6.53,6.1,2.0,0.9,14.0,0.0,0.4,0.2,4.4,13.8,23.2,13.8,2.0,19.5,14.0,0.0,0.4,0.2,17.8,56.1,94.4,56.1,2.0,79.4,14.0,0.0,0.4,0.2,3.1,9.9,16.7,9.9,2.0,14.0,14.0,0.0,0.4,0.2,11.8,37.2,62.6,37.2,2.0,52.6,14.0,0.0,0.4,0.2,2.1,6.6,11.0,6.6,2.0,9.3,14.0,0.0,0.4,0.2,4.3,13.6,22.9,13.6,2.0,19.2,14.0,0.0,0.4,0.2,0.8,2.4,4.0,2.4,2.0,3.4,14.0,0.0,0.4,0.2,11.0,34.5,58.0,34.5,2.0,48.5,14.0,0.0,0.4,0.2,10.0,35.0,60.0,35.0,2.0,50.0,14.0,0.0,0.4,0.2
1974,2,177.0,-15.0,26.27,26.85,27.43,26.85,2.0,1.2,18.0,0.0,0.1,0.7,26.32,27.0,27.68,27.0,2.0,1.41,18.0,0.0,0.1,0.7,18.6,19.12,19.63,19.12,2.0,1.07,18.0,0.0,0.1,0.7,80.1,85.9,91.6,85.9,2.0,11.8,18.0,0.0,0.7,5.35,5.9,6.45,5.9,2.0,1.13,18.0,0.0,0.1,0.7,-4.74,-2.46,-0.18,-2.46,2.0,4.73,18.0,0.0,0.1,0.7,-3.69,-0.84,2.02,-0.84,2.0,5.92,18.0,0.0,0.1,0.7,1008.05,1008.15,1008.25,1008.15,2.0,0.21,18.0,0.0,0.1,0.7,7.2,7.5,7.8,7.5,2.0,0.7,18.0,0.0,0.1,0.7,-32.0,-17.2,-2.4,-17.2,2.0,30.7,18.0,0.0,0.1,0.7,-18.0,-1.6,14.8,-1.6,2.0,34.0,18.0,0.0,0.1,0.7,-0.25,-0.15,-0.05,-0.15,2.0,0.21,18.0,0.0,0.1,0.7,-1.3,-0.8,-0.2,-0.8,2.0,1.1,18.0,0.0,0.1,0.7,1.83,3.11,4.4,3.11,2.0,2.66,18.0,0.0,0.1,0.7,11.0,16.9,22.7,16.9,2.0,12.2,18.0,0.0,0.1,0.7,-123.0,-63.0,-3.1,-63.0,2.0,124.2,18.0,0.0,0.1,0.7,-104.5,-26.8,51.0,-26.8,2.0,161.0,18.0,0.0,0.1,0.7,-94.4,-49.5,-4.6,-49.5,2.0,93.0,18.0,0.0,0.1,0.7,-67.0,-12.8,41.4,-12.8,2.0,112.3,18.0,0.0,0.1,0.7,-5.3,-1.4,2.6,-1.4,2.0,8.2,18.0,0.0,0.1,0.7,-20.4,-10.5,-0.5,-10.5,2.0,20.7,18.0,0.0,0.1,0.7,159.5,216.5,274.0,216.5,2.0,119.0,18.0,0.0,0.1,0.7,160.0,215.0,275.0,215.0,2.0,120.0,18.0,0.0,0.1,0.7
1974,2,177.0,-13.0,,,,,,,,,,,,,,,,,,,,,,,,,,,,,,,,,,,,,,,,3.42,4.1,4.78,4.1,2.0,1.41,14.0,1.0,0.7,0.6,-4.06,-1.98,0.09,-1.98,2.0,4.3,14.0,1.0,0.7,0.6,-2.31,-1.01,0.28,-1.01,2.0,2.69,14.0,1.0,0.7,0.6,1006.87,1008.3,1009.73,1008.3,2.0,2.97,14.0,1.0,0.7,0.6,4.6,6.0,7.4,6.0,2.0,2.8,14.0,1.0,0.7,0.6,-21.0,-11.2,-1.3,-11.2,2.0,20.4,14.0,1.0,0.7,0.6,-6.9,-2.3,2.4,-2.3,2.0,9.6,14.0,1.0,0.7,0.6,,,,,,,,,,,,,,,,,,,,,,,,,,,,,,,,,,,,,,,,,27.7,27.7,27.7,27.7,1.0,0.0,16.0,1.0,0.5,0.6,-76.0,-76.0,-76.0,-76.0,1.0,0.0,16.0,1.0,0.5,0.6,18.9,18.9,18.9,18.9,1.0,0.0,16.0,1.0,0.5,0.6,-52.0,-52.0,-52.0,-52.0,1.0,0.0,16.0,1.0,0.5,0.6,,,,,,,,,,,,,,,,,,,,,,,,,,,,,,,,,,,,,,,,
1974,2,177.0,-3.0,27.8,27.8,27.8,27.8,1.0,0.0,14.0,1.0,0.6,0.8,28.0,28.0,28.0,28.0,1.0,0.0,14.0,1.0,0.6,0.8,19.82,19.82,19.82,19.82,1.0,0.0,14.0,1.0,0.6,0.8,83.8,83.8,83.8,83.8,1.0,0.0,14.0,1.0,0.8,7.7,7.7,7.7,7.7,1.0,0.0,14.0,1.0,0.6,0.8,-7.7,-7.7,-7.7,-7.7,1.0,0.0,14.0,1.0,0.6,0.8,0.0,0.0,0.0,0.0,1.0,0.0,14.0,1.0,0.6,0.8,1011.0,1011.0,1011.0,1011.0,1.0,0.0,14.0,1.0,0.6,0.8,6.0,6.0,6.0,6.0,1.0,0.0,14.0,1.0,0.6,0.8,-59.3,-59.3,-59.3,-59.3,1.0,0.0,14.0,1.0,0.6,0.8,0.0,0.0,0.0,0.0,1.0,0.0,14.0,1.0,0.6,0.8,-0.2,-0.2,-0.2,-0.2,1.0,0.0,14.0,1.0,0.6,0.8,-1.5,-1.5,-1.5,-1.5,1.0,0.0,14.0,1.0,0.6,0.8,3.62,3.62,3.62,3.62,1.0,0.0,14.0,1.0,0.6,0.8,27.8,27.8,27.8,27.8,1.0,0.0,14.0,1.0,0.6,0.8,-215.6,-215.6,-215.6,-215.6,1.0,0.0,14.0,1.0,0.6,0.8,0.0,0.0,0.0,0.0,1.0,0.0,14.0,1.0,0.6,0.8,-152.6,-152.6,-152.6,-152.6,1.0,0.0,14.0,1.0,0.6,0.8,0.0,0.0,0.0,0.0,1.0,0.0,14.0,1.0,0.6,0.8,-27.8,-27.8,-27.8,-27.8,1.0,0.0,14.0,1.0,0.6,0.8,0.0,0.0,0.0,0.0,1.0,0.0,14.0,1.0,0.6,0.8,456.5,456.5,456.5,456.5,1.0,0.0,14.0,1.0,0.6,0.8,455.0,455.0,455.0,455.0,1.0,0.0,14.0,1.0,0.6,0.8
1974,2,177.0,1.0,26.6,26.6,26.6,26.6,1.0,0.0,12.0,1.0,0.2,0.0,26.6,26.6,26.6,26.6,1.0,0.0,12.0,1.0,0.2,0.0,16.55,16.55,16.55,16.55,1.0,0.0,12.0,1.0,0.2,0.0,75.9,75.9,75.9,75.9,1.0,0.0,12.0,1.0,0.0,8.2,8.2,8.2,8.2,1.0,0.0,12.0,1.0,0.2,0.0,-7.1,-7.1,-7.1,-7.1,1.0,0.0,12.0,1.0,0.2,0.0,-4.1,-4.1,-4.1,-4.1,1.0,0.0,12.0,1.0,0.2,0.0,1007.8,1007.8,1007.8,1007.8,1.0,0.0,12.0,1.0,0.2,0.0,3.0,3.0,3.0,3.0,1.0,0.0,12.0,1.0,0.2,0.0,-58.2,-58.2,-58.2,-58.2,1.0,0.0,12.0,1.0,0.2,0.0,-33.6,-33.6,-33.6,-33.6,1.0,0.0,12.0,1.0,0.2,0.0,0.0,0.0,0.0,0.0,1.0,0.0,12.0,1.0,0.2,0.0,0.0,0.0,0.0,0.0,1.0,0.0,12.0,1.0,0.2,0.0,5.33,5.33,5.33,5.33,1.0,0.0,12.0,1.0,0.2,0.0,43.7,43.7,43.7,43.7,1.0,0.0,12.0,1.0,0.2,0.0,-188.9,-188.9,-188.9,-188.9,1.0,0.0,12.0,1.0,0.2,0.0,-109.1,-109.1,-109.1,-109.1,1.0,0.0,12.0,1.0,0.2,0.0,-117.5,-117.5,-117.5,-117.5,1.0,0.0,12.0,1.0,0.2,0.0,-67.9,-67.9,-67.9,-67.9,1.0,0.0,12.0,1.0,0.2,0.0,-37.9,-37.9,-37.9,-37.9,1.0,0.0,12.0,1.0,0.2,0.0,-21.9,-21.9,-21.9,-21.9,1.0,0.0,12.0,1.0,0.2,0.0,551.5,551.5,551.5,551.5,1.0,0.0,12.0,1.0,0.2,0.0,550.0,550.0,550.0,550.0,1.0,0.0,12.0,1.0,0.2,0.0
1974,2,177.0,3.0,28.3,28.3,28.3,28.3,1.0,0.0,8.0,1.0,0.6,0.5,26.2,26.2,26.2,26.2,1.0,0.0,8.0,1.0,0.6,0.5,16.69,16.69,16.69,16.69,1.0,0.0,8.0,1.0,0.6,0.5,78.2,78.2,78.2,78.2,1.0,0.0,8.0,1.0,0.5,9.8,9.8,9.8,9.8,1.0,0.0,8.0,1.0,0.6,0.5,-8.49,-8.49,-8.49,-8.49,1.0,0.0,8.0,1.0,0.6,0.5,4.9,4.9,4.9,4.9,1.0,0.0,8.0,1.0,0.6,0.5,1005.4,1005.4,1005.4,1005.4,1.0,0.0,8.0,1.0,0.6,0.5,6.0,6.0,6.0,6.0,1.0,0.0,8.0,1.0,0.6,0.5,-83.2,-83.2,-83.2,-83.2,1.0,0.0,8.0,1.0,0.6,0.5,48.0,48.0,48.0,48.0,1.0,0.0,8.0,1.0,0.6,0.5,2.1,2.1,2.1,2.1,1.0,0.0,8.0,1.0,0.6,0.5,20.6,20.6,20.6,20.6,1.0,0.0,8.0,1.0,0.6,0.5,7.58,7.58,7.58,7.58,1.0,0.0,8.0,1.0,0.6,0.5,74.3,74.3,74.3,74.3,1.0,0.0,8.0,1.0,0.6,0.5,-222.4,-222.4,-222.4,-222.4,1.0,0.0,8.0,1.0,0.6,0.5,128.4,128.4,128.4,128.4,1.0,0.0,8.0,1.0,0.6,0.5,-141.7,-141.7,-141.7,-141.7,1.0,0.0,8.0,1.0,0.6,0.5,81.8,81.8,81.8,81.8,1.0,0.0,8.0,1.0,0.6,0.5,-64.3,-64.3,-64.3,-64.3,1.0,0.0,8.0,1.0,0.6,0.5,37.1,37.1,37.1,37.1,1.0,0.0,8.0,1.0,0.6,0.5,941.0,941.0,941.0,941.0,1.0,0.0,8.0,1.0,0.6,0.5,940.0,940.0,940.0,940.0,1.0,0.0,8.0,1.0,0.6,0.5
1974,2,177.0,4.0,28.0,28.0,28.0,28.0,1.0,0.0,12.0,1.0,0.2,0.8,27.4,27.4,27.4,27.4,1.0,0.0,12.0,1.0,0.2,0.8,18.07,18.07,18.07,18.07,1.0,0.0,12.0,1.0,0.2,0.8,78.8,78.8,78.8,78.8,1.0,0.0,12.0,1.0,0.8,10.8,10.8,10.8,10.8,1.0,0.0,12.0,1.0,0.2,0.8,-10.64,-10.64,-10.64,-10.64,1.0,0.0,12.0,1.0,0.2,0.8,-1.88,-1.88,-1.88,-1.88,1.0,0.0,12.0,1.0,0.2,0.8,1006.0,1006.0,1006.0,1006.0,1.0,0.0,12.0,1.0,0.2,0.8,4.0,4.0,4.0,4.0,1.0,0.0,12.0,1.0,0.2,0.8,-114.9,-114.9,-114.9,-114.9,1.0,0.0,12.0,1.0,0.2,0.8,-20.3,-20.3,-20.3,-20.3,1.0,0.0,12.0,1.0,0.2,0.8,0.6,0.6,0.6,0.6,1.0,0.0,12.0,1.0,0.2,0.8,6.5,6.5,6.5,6.5,1.0,0.0,12.0,1.0,0.2,0.8,5.76,5.76,5.76,5.76,1.0,0.0,12.0,1.0,0.2,0.8,62.2,62.2,62.2,62.2,1.0,0.0,12.0,1.0,0.2,0.8,-291.4,-291.4,-291.4,-291.4,1.0,0.0,12.0,1.0,0.2,0.8,-51.4,-51.4,-51.4,-51.4,1.0,0.0,12.0,1.0,0.2,0.8,-192.2,-192.2,-192.2,-192.2,1.0,0.0,12.0,1.0,0.2,0.8,-33.9,-33.9,-33.9,-33.9,1.0,0.0,12.0,1.0,0.2,0.8,-61.3,-61.3,-61.3,-61.3,1.0,0.0,12.0,1.0,0.2,0.8,-10.8,-10.8,-10.8,-10.8,1.0,0.0,12.0,1.0,0.2,0.8,1259.5,1259.5,1259.5,1259.5,1.0,0.0,12.0,1.0,0.2,0.8,1260.0,1260.0,1260.0,1260.0,1.0,0.0,12.0,1.0,0.2,0.8
1974,2,177.0,5.0,27.3,27.3,27.3,27.3,1.0,0.0,12.0,0.0,0.7,0.2,27.0,27.0,27.0,27.0,1.0,0.0,12.0,0.0,0.7,0.2,17.5,17.5,17.5,17.5,1.0,0.0,12.0,0.0,0.7,0.2,78.3,78.3,78.3,78.3,1.0,0.0,12.0,0.0,0.2,7.7,7.7,7.7,7.7,1.0,0.0,12.0,0.0,0.7,0.2,-7.7,-7.7,-7.7,-7.7,1.0,0.0,12.0,0.0,0.7,0.2,0.0,0.0,0.0,0.0,1.0,0.0,12.0,0.0,0.7,0.2,1007.4,1007.4,1007.4,1007.4,1.0,0.0,12.0,0.0,0.7,0.2,3.0,3.0,3.0,3.0,1.0,0.0,12.0,0.0,0.7,0.2,-59.3,-59.3,-59.3,-59.3,1.0,0.0,12.0,0.0,0.7,0.2,0.0,0.0,0.0,0.0,1.0,0.0,12.0,0.0,0.7,0.2,0.3,0.3,0.3,0.3,1.0,0.0,12.0,0.0,0.7,0.2,2.3,2.3,2.3,2.3,1.0,0.0,12.0,0.0,0.7,0.2,5.33,5.33,5.33,5.33,1.0,0.0,12.0,0.0,0.7,0.2,41.0,41.0,41.0,41.0,1.0,0.0,12.0,0.0,0.7,0.2,-207.9,-207.9,-207.9,-207.9,1.0,0.0,12.0,0.0,0.7,0.2,0.0,0.0,0.0,0.0,1.0,0.0,12.0,0.0,0.7,0.2,-134.8,-134.8,-134.8,-134.8,1.0,0.0,12.0,0.0,0.7,0.2,0.0,0.0,0.0,0.0,1.0,0.0,12.0,0.0,0.7,0.2,-41.0,-41.0,-41.0,-41.0,1.0,0.0,12.0,0.0,0.7,0.2,0.0,0.0,0.0,0.0,1.0,0.0,12.0,0.0,0.7,0.2,456.5,456.5,456.5,456.5,1.0,0.0,12.0,0.0,0.7,0.2,455.0,455.0,455.0,455.0,1.0,0.0,12.0,0.0,0.7,0.2
1974,2,177.0,10.0,26.82,27.3,27.78,27.3,2.0,0.99,16.0,0.0,0.5,0.3,26.6,26.6,26.6,26.6,1.0,0.0,12.0,0.0,0.2,0.0,17.67,17.67,17.67,17.67,1.0,0.0,12.0,0.0,0.2,0.0,81.1,81.1,81.1,81.1,1.0,0.0,12.0,0.0,0.0,8.37,8.75,9.13,8.75,2.0,0.78,16.0,0.0,0.5,0.3,-8.83,-8.13,-7.43,-8.13,2.0,1.45,16.0,0.0,0.5,0.3,-3.19,-1.24,0.71,-1.24,2.0,4.04,16.0,0.0,0.5,0.3,1009.13,1009.4,1009.67,1009.4,2.0,0.57,16.0,0.0,0.5,0.3,2.2,2.5,2.8,2.5,2.0,0.7,16.0,0.0,0.5,0.3,-80.9,-71.7,-62.5,-71.7,2.0,19.1,16.0,0.0,0.5,0.3,-25.9,-9.3,7.3,-9.3,2.0,34.4,16.0,0.0,0.5,0.3,0.0,0.0,0.0,0.0,1.0,0.0,12.0,0.0,0.2,0.0,0.0,0.0,0.0,0.0,1.0,0.0,12.0,0.0,0.2,0.0,4.17,4.17,4.17,4.17,1.0,0.0,12.0,0.0,0.2,0.0,34.2,34.2,34.2,34.2,1.0,0.0,12.0,0.0,0.2,0.0,-188.9,-188.9,-188.9,-188.9,1.0,0.0,12.0,0.0,0.2,0.0,-109.1,-109.1,-109.1,-109.1,1.0,0.0,12.0,0.0,0.2,0.0,-125.5,-125.5,-125.5,-125.5,1.0,0.0,12.0,0.0,0.2,0.0,-72.5,-72.5,-72.5,-72.5,1.0,0.0,12.0,0.0,0.2,0.0,-29.6,-29.6,-29.6,-29.6,1.0,0.0,12.0,0.0,0.2,0.0,-17.1,-17.1,-17.1,-17.1,1.0,0.0,12.0,0.0,0.2,0.0,591.5,678.0,764.0,678.0,2.0,179.0,16.0,0.0,0.5,0.3,590.0,680.0,765.0,680.0,2.0,180.0,16.0,0.0,0.5,0.3
1974,2,177.0,12.0,25.6,25.6,25.6,25.6,1.0,0.0,4.0,1.0,0.2,0.9,28.3,28.3,28.3,28.3,1.0,0.0,4.0,1.0,0.2,0.9,15.99,15.99,15.99,15.99,1.0,0.0,4.0,1.0,0.2,0.9,66.6,66.6,66.6,66.6,1.0,0.0,4.0,1.0,0.9,7.7,7.7,7.7,7.7,1.0,0.0,4.0,1.0,0.2,0.9,-7.24,-7.24,-7.24,-7.24,1.0,0.0,4.0,1.0,0.2,0.9,2.63,2.63,2.63,2.63,1.0,0.0,4.0,1.0,0.2,0.9,1011.5,1011.5,1011.5,1011.5,1.0,0.0,4.0,1.0,0.2,0.9,3.0,3.0,3.0,3.0,1.0,0.0,4.0,1.0,0.2,0.9,-55.7,-55.7,-55.7,-55.7,1.0,0.0,4.0,1.0,0.2,0.9,20.3,20.3,20.3,20.3,1.0,0.0,4.0,1.0,0.2,0.9,-2.7,-2.7,-2.7,-2.7,1.0,0.0,4.0,1.0,0.2,0.9,-20.8,-20.8,-20.8,-20.8,1.0,0.0,4.0,1.0,0.2,0.9,4.55,4.55,4.55,4.55,1.0,0.0,4.0,1.0,0.2,0.9,35.0,35.0,35.0,35.0,1.0,0.0,4.0,1.0,0.2,0.9,-204.8,-204.8,-204.8,-204.8,1.0,0.0,4.0,1.0,0.2,0.9,74.5,74.5,74.5,74.5,1.0,0.0,4.0,1.0,0.2,0.9,-115.7,-115.7,-115.7,-115.7,1.0,0.0,4.0,1.0,0.2,0.9,42.1,42.1,42.1,42.1,1.0,0.0,4.0,1.0,0.2,0.9,-32.9,-32.9,-32.9,-32.9,1.0,0.0,4.0,1.0,0.2,0.9,12.0,12.0,12.0,12.0,1.0,0.0,4.0,1.0,0.2,0.9,456.5,456.5,456.5,456.5,1.0,0.0,4.0,1.0,0.2,0.9,455.0,455.0,455.0,455.0,1.0,0.0,4.0,1.0,0.2,0.9
1974,2,177.0,13.0,26.48,27.5,28.52,27.5,2.0,2.12,18.0,0.0,0.6,0.3,25.25,25.35,25.45,25.35,2.0,0.21,18.0,0.0,0.6,0.3,16.59,16.59,16.59,16.59,1.0,0.0,14.0,0.0,0.4,0.7,81.5,81.5,81.5,81.5,1.0,0.0,14.0,0.0,0.7,4.75,6.15,7.55,6.15,2.0,2.9,18.0,0.0,0.6,0.3,-5.9,-5.07,-4.24,-5.07,2.0,1.72,18.0,0.0,0.6,0.3,-4.66,-3.34,-2.02,-3.34,2.0,2.74,18.0,0.0,0.6,0.3,1011.5,1011.5,1011.5,1011.5,1.0,0.0,14.0,0.0,0.4,0.7,2.2,2.5,2.8,2.5,2.0,0.7,18.0,0.0,0.6,0.3,-45.8,-33.7,-21.5,-33.7,2.0,25.3,18.0,0.0,0.6,0.3,-37.3,-24.5,-11.7,-24.5,2.0,26.5,18.0,0.0,0.6,0.3,1.02,2.15,3.28,2.15,2.0,2.33,18.0,0.0,0.6,0.3,5.9,9.8,13.8,9.8,2.0,8.1,18.0,0.0,0.6,0.3,4.44,4.44,4.44,4.44,1.0,0.0,14.0,0.0,0.4,0.7,36.4,36.4,36.4,36.4,1.0,0.0,14.0,0.0,0.4,0.7,-150.2,-128.6,-107.1,-128.6,2.0,44.6,18.0,0.0,0.6,0.3,-118.7,-84.9,-51.1,-84.9,2.0,70.1,18.0,0.0,0.6,0.3,-104.2,-104.2,-104.2,-104.2,1.0,0.0,14.0,0.0,0.4,0.7,-87.5,-87.5,-87.5,-87.5,1.0,0.0,14.0,0.0,0.4,0.7,-27.9,-27.9,-27.9,-27.9,1.0,0.0,14.0,0.0,0.4,0.7,-23.4,-23.4,-23.4,-23.4,1.0,0.0,14.0,0.0,0.4,0.7,145.5,310.0,475.0,310.0,2.0,341.0,18.0,0.0,0.6,0.3,145.0,310.0,475.0,310.0,2.0,340.0,18.0,0.0,0.6,0.3
1974,2,177.0,14.0,25.44,26.4,27.7,26.57,3.0,1.66,16.0,0.3,0.5,0.8,25.73,26.0,26.82,26.27,3.0,0.83,16.0,0.3,0.5,0.8,15.33,15.46,17.04,16.17,3.0,1.39,16.0,0.3,0.5,0.8,70.3,74.3,81.3,75.8,3.0,8.1,16.0,0.3,0.8,7.34,9.8,12.26,9.8,2.0,5.09,12.0,0.5,0.5,0.8,-11.45,-8.98,-6.52,-8.98,2.0,5.11,12.0,0.5,0.5,0.8,-3.36,-0.74,1.88,-0.74,2.0,5.43,12.0,0.5,0.5,0.8,1007.8,1007.8,1009.37,1008.57,3.0,1.33,16.0,0.3,0.5,0.8,3.3,4.0,4.0,3.7,3.0,0.6,16.0,0.3,0.5,0.8,-147.2,-101.0,-54.8,-101.0,2.0,95.8,12.0,0.5,0.5,0.8,-48.6,-21.1,6.4,-21.1,2.0,57.0,12.0,0.5,0.5,0.8,-1.37,0.4,1.97,0.3,3.0,2.45,16.0,0.3,0.5,0.8,-24.4,-13.5,-2.6,-13.5,2.0,22.6,12.0,0.5,0.5,0.8,3.99,4.42,7.51,5.72,3.0,2.81,16.0,0.3,0.5,0.8,29.2,41.4,53.5,41.4,2.0,25.2,12.0,0.5,0.5,0.8,-310.3,-241.1,-171.8,-241.1,2.0,143.5,12.0,0.5,0.5,0.8,-92.1,-22.0,48.0,-22.0,2.0,145.1,12.0,0.5,0.5,0.8,-179.0,-145.1,-111.2,-145.1,2.0,70.2,12.0,0.5,0.5,0.8,-50.9,-7.9,35.1,-7.9,2.0,89.1,12.0,0.5,0.5,0.8,-50.0,-38.0,-26.0,-38.0,2.0,24.9,12.0,0.5,0.5,0.8,-15.2,-4.2,6.7,-4.2,2.0,22.6,12.0,0.5,0.5,0.8,582.5,1322.0,2062.0,1322.0,2.0,1533.0,12.0,0.5,0.5,0.8,580.0,1320.0,2060.0,1320.0,2.0,1535.0,12.0,0.5,0.5,0.8
1974,2,177.0,15.0,26.5,26.5,26.5,26.5,1.0,0.0,16.0,1.0,0.4,0.0,26.6,26.6,26.6,26.6,1.0,0.0,16.0,1.0,0.4,0.0,17.47,17.47,17.47,17.47,1.0,0.0,16.0,1.0,0.4,0.0,80.2,80.2,80.2,80.2,1.0,0.0,16.0,1.0,0.0,6.2,6.2,6.2,6.2,1.0,0.0,16.0,1.0,0.4,0.0,-5.37,-5.37,-5.37,-5.37,1.0,0.0,16.0,1.0,0.4,0.0,3.1,3.1,3.1,3.1,1.0,0.0,16.0,1.0,0.4,0.0,1009.1,1009.1,1009.1,1009.1,1.0,0.0,16.0,1.0,0.4,0.0,2.0,2.0,2.0,2.0,2.0,0.0,10.0,0.5,0.3,0.3,-33.3,-33.3,-33.3,-33.3,1.0,0.0,16.0,1.0,0.4,0.0,19.2,19.2,19.2,19.2,1.0,0.0,16.0,1.0,0.4,0.0,-0.1,-0.1,-0.1,-0.1,1.0,0.0,16.0,1.0,0.4,0.0,-0.6,-0.6,-0.6,-0.6,1.0,0.0,16.0,1.0,0.4,0.0,4.26,4.26,4.26,4.26,1.0,0.0,16.0,1.0,0.4,0.0,26.4,26.4,26.4,26.4,1.0,0.0,16.0,1.0,0.4,0.0,-142.8,-142.8,-142.8,-142.8,1.0,0.0,16.0,1.0,0.4,0.0,82.5,82.5,82.5,82.5,1.0,0.0,16.0,1.0,0.4,0.0,-93.8,-93.8,-93.8,-93.8,1.0,0.0,16.0,1.0,0.4,0.0,54.2,54.2,54.2,54.2,1.0,0.0,16.0,1.0,0.4,0.0,-22.8,-22.8,-22.8,-22.8,1.0,0.0,16.0,1.0,0.4,0.0,13.2,13.2,13.2,13.2,1.0,0.0,16.0,1.0,0.4,0.0,238.5,238.5,238.5,238.5,1.0,0.0,16.0,1.0,0.4,0.0,240.0,240.0,240.0,240.0,1.0,0.0,16.0,1.0,0.4,0.0
1974,2,177.0,17.0,26.1,26.1,26.1,26.1,1.0,0.0,14.0,0.0,0.8,0.2,25.7,25.7,25.7,25.7,1.0,0.0,14.0,0.0,0.8,0.2,15.31,15.31,15.31,15.31,1.0,0.0,14.0,0.0,0.8,0.2,74.4,74.4,74.4,74.4,1.0,0.0,14.0,0.0,0.2,10.3,10.3,10.3,10.3,1.0,0.0,14.0,0.0,0.8,0.2,-10.14,-10.14,-10.14,-10.14,1.0,0.0,14.0,0.0,0.8,0.2,-1.79,-1.79,-1.79,-1.79,1.0,0.0,14.0,0.0,0.8,0.2,1011.5,1011.5,1011.5,1011.5,1.0,0.0,14.0,0.0,0.8,0.2,2.0,2.0,2.0,2.0,1.0,0.0,14.0,0.0,0.8,0.2,-104.5,-104.5,-104.5,-104.5,1.0,0.0,14.0,0.0,0.8,0.2,-18.4,-18.4,-18.4,-18.4,1.0,0.0,14.0,0.0,0.8,0.2,0.4,0.4,0.4,0.4,1.0,0.0,14.0,0.0,0.8,0.2,4.1,4.1,4.1,4.1,1.0,0.0,14.0,0.0,0.8,0.2,5.85,5.85,5.85,5.85,1.0,0.0,14.0,0.0,0.8,0.2,60.3,60.3,60.3,60.3,1.0,0.0,14.0,0.0,0.8,0.2,-260.7,-260.7,-260.7,-260.7,1.0,0.0,14.0,0.0,0.8,0.2,-46.0,-46.0,-46.0,-46.0,1.0,0.0,14.0,0.0,0.8,0.2,-155.3,-155.3,-155.3,-155.3,1.0,0.0,14.0,0.0,0.8,0.2,-27.4,-27.4,-27.4,-27.4,1.0,0.0,14.0,0.0,0.8,0.2,-59.4,-59.4,-59.4,-59.4,1.0,0.0,14.0,0.0,0.8,0.2,-10.5,-10.5,-10.5,-10.5,1.0,0.0,14.0,0.0,0.8,0.2,1092.5,1092.5,1092.5,1092.5,1.0,0.0,14.0,0.0,0.8,0.2,1095.0,1095.0,1095.0,1095.0,1.0,0.0,14.0,0.0,0.8,0.2
1974,2,177.0,18.0,26.54,26.7,26.7,26.63,4.0,0.15,14.0,0.5,0.5,0.4,24.74,25.85,27.38,26.05,4.0,1.61,14.0,0.5,0.5,0.4,16.45,16.47,18.23,17.32,3.0,1.5,16.0,0.7,0.7,0.4,84.2,86.0,86.8,85.5,3.0,1.9,16.0,0.7,0.4,1.76,3.85,7.82,4.75,4.0,4.07,14.0,0.5,0.5,0.4,-6.55,-1.8,1.84,-2.33,4.0,6.01,14.0,0.5,0.5,0.4,-1.34,0.0,0.94,-0.19,4.0,1.78,14.0,0.5,0.5,0.4,1013.43,1013.95,1014.31,1013.88,4.0,0.66,14.0,0.5,0.5,0.4,1.5,3.0,6.1,3.8,4.0,3.1,14.0,0.5,0.5,0.4,-58.0,-3.9,11.3,-22.4,4.0,56.1,14.0,0.5,0.5,0.4,-6.8,0.0,9.7,1.4,4.0,12.9,14.0,0.5,0.5,0.4,-0.84,0.85,1.96,0.58,4.0,1.73,14.0,0.5,0.5,0.4,-0.8,2.2,14.0,6.4,4.0,11.2,14.0,0.5,0.5,0.4,3.65,5.43,5.43,4.56,3.0,1.5,16.0,0.7,0.7,0.4,14.2,14.4,42.7,28.2,3.0,24.0,16.0,0.7,0.7,0.4,-161.1,-46.5,48.5,-55.9,4.0,150.8,14.0,0.5,0.5,0.4,-35.7,0.0,23.0,-6.1,4.0,46.2,14.0,0.5,0.5,0.4,-127.4,-42.8,43.9,-41.8,3.0,125.5,16.0,0.7,0.7,0.4,-33.2,0.0,20.1,-6.4,3.0,39.4,16.0,0.7,0.7,0.4,-42.1,-14.1,4.0,-18.9,3.0,34.0,16.0,0.7,0.7,0.4,-4.9,0.0,6.6,0.8,3.0,8.5,16.0,0.7,0.7,0.4,9.0,75.0,635.5,311.0,4.0,524.5,14.0,0.5,0.5,0.4,10.0,75.0,635.0,310.0,4.0,525.0,14.0,0.5,0.5,0.4
1974,2,177.0,20.0,25.32,26.0,27.91,26.6,3.0,1.97,14.0,0.3,0.2,0.2,24.52,26.7,27.04,25.8,3.0,2.01,14.0,0.3,0.2,0.2,16.22,16.46,16.48,16.35,3.0,0.21,14.0,0.3,0.2,0.2,72.7,75.4,86.6,79.6,3.0,10.8,14.0,0.3,0.2,2.65,6.2,7.57,5.13,3.0,3.72,14.0,0.3,0.2,0.2,-7.54,-6.11,-2.61,-5.1,3.0,3.71,14.0,0.3,0.2,0.2,-0.79,-0.17,-0.06,-0.42,3.0,0.58,14.0,0.3,0.2,0.2,1010.97,1013.5,1016.57,1013.77,3.0,4.11,14.0,0.3,0.2,0.2,3.6,5.0,6.4,5.0,2.0,2.8,20.0,0.5,0.3,0.3,-57.9,-37.9,-12.7,-35.4,3.0,33.2,14.0,0.3,0.2,0.2,-4.6,-0.2,-0.1,-2.3,3.0,3.8,14.0,0.3,0.2,0.2,-0.65,1.6,2.21,0.8,3.0,2.21,14.0,0.3,0.2,0.2,-9.0,1.6,11.1,1.1,3.0,14.7,14.0,0.3,0.2,0.2,3.66,4.41,7.39,5.5,3.0,2.89,14.0,0.3,0.2,0.2,14.6,27.1,27.3,21.1,3.0,10.7,14.0,0.3,0.2,0.2,-195.0,-143.5,-63.8,-129.7,3.0,96.8,14.0,0.3,0.2,0.2,-18.8,-4.7,-1.5,-10.0,3.0,13.5,14.0,0.3,0.2,0.2,-124.1,-100.7,-42.8,-83.8,3.0,61.3,14.0,0.3,0.2,0.2,-13.0,-2.8,-0.9,-6.8,3.0,9.5,14.0,0.3,0.2,0.2,-27.1,-26.9,-14.4,-20.9,3.0,10.6,14.0,0.3,0.2,0.2,-3.7,-1.5,-0.5,-2.1,3.0,2.4,14.0,0.3,0.2,0.2,76.5,238.5,452.0,263.5,3.0,276.0,14.0,0.3,0.2,0.2,75.0,240.0,450.0,265.0,3.0,275.0,14.0,0.3,0.2,0.2
1974,2,177.0,21.0,26.1,26.1,26.1,26.1,1.0,0.0,16.0,0.0,0.4,0.6,24.5,24.5,24.5,24.5,1.0,0.0,16.0,0.0,0.4,0.6,16.47,16.47,16.47,16.47,1.0,0.0,16.0,0.0,0.4,0.6,86.0,86.0,86.0,86.0,1.0,0.0,16.0,0.0,0.6,6.2,6.2,6.2,6.2,1.0,0.0,16.0,0.0,0.4,0.6,5.83,5.83,5.83,5.83,1.0,0.0,16.0,0.0,0.4,0.6,2.12,2.12,2.12,2.12,1.0,0.0,16.0,0.0,0.4,0.6,1012.5,1012.5,1012.5,1012.5,1.0,0.0,16.0,0.0,0.4,0.6,8.0,8.0,8.0,8.0,1.0,0.0,16.0,0.0,0.4,0.6,36.1,36.1,36.1,36.1,1.0,0.0,16.0,0.0,0.4,0.6,13.1,13.1,13.1,13.1,1.0,0.0,16.0,0.0,0.4,0.6,1.6,1.6,1.6,1.6,1.0,0.0,16.0,0.0,0.4,0.6,9.9,9.9,9.9,9.9,1.0,0.0,16.0,0.0,0.4,0.6,4.67,4.67,4.67,4.67,1.0,0.0,16.0,0.0,0.4,0.6,28.9,28.9,28.9,28.9,1.0,0.0,16.0,0.0,0.4,0.6,142.7,142.7,142.7,142.7,1.0,0.0,16.0,0.0,0.4,0.6,52.0,52.0,52.0,52.0,1.0,0.0,16.0,0.0,0.4,0.6,96.0,96.0,96.0,96.0,1.0,0.0,16.0,0.0,0.4,0.6,34.9,34.9,34.9,34.9,1.0,0.0,16.0,0.0,0.4,0.6,27.2,27.2,27.2,27.2,1.0,0.0,16.0,0.0,0.4,0.6,9.9,9.9,9.9,9.9,1.0,0.0,16.0,0.0,0.4,0.6,238.5,238.5,238.5,238.5,1.0,0.0,16.0,0.0,0.4,0.6,240.0,240.0,240.0,240.0,1.0,0.0,16.0,0.0,0.4,0.6
1974,2,177.0,22.0,23.21,24.5,25.73,24.48,5.0,1.81,18.0,0.2,0.5,0.3,22.2,23.7,24.68,23.52,5.0,1.29,18.0,0.2,0.5,0.3,13.78,15.1,15.31,14.58,5.0,1.09,18.0,0.2,0.5,0.3,77.4,80.4,84.4,80.9,5.0,3.9,18.0,0.2,0.3,4.73,6.2,6.57,5.76,5.0,1.19,18.0,0.2,0.5,0.3,-4.31,-3.6,-1.97,-3.13,5.0,1.9,18.0,0.2,0.5,0.3,-2.26,1.4,5.69,1.36,5.0,4.97,18.0,0.2,0.5,0.3,1012.22,1016.0,1017.9,1015.18,5.0,3.57,18.0,0.2,0.5,0.3,3.6,7.0,7.0,5.6,5.0,1.9,18.0,0.2,0.5,0.3,-26.0,-19.2,-10.0,-17.4,5.0,10.7,18.0,0.2,0.5,0.3,-14.0,5.7,37.5,9.1,5.0,32.5,18.0,0.2,0.5,0.3,-0.59,1.7,2.61,0.96,5.0,2.35,18.0,0.2,0.5,0.3,-2.4,7.0,17.6,6.4,5.0,13.5,18.0,0.2,0.5,0.3,2.95,4.13,6.93,4.63,5.0,2.41,18.0,0.2,0.5,0.3,13.0,24.6,45.5,28.1,5.0,18.2,18.0,0.2,0.5,0.3,-102.6,-85.5,-46.6,-74.9,5.0,46.6,18.0,0.2,0.5,0.3,-50.3,31.1,136.6,34.7,5.0,115.6,18.0,0.2,0.5,0.3,-63.6,-55.3,-29.7,-47.1,5.0,28.7,18.0,0.2,0.5,0.3,-28.9,20.1,86.6,23.6,5.0,70.2,18.0,0.2,0.5,0.3,-19.2,-12.3,-3.8,-11.8,5.0,9.5,18.0,0.2,0.5,0.3,-15.7,5.8,29.3,5.5,5.0,31.8,18.0,0.2,0.5,0.3,109.5,238.5,287.5,210.5,5.0,116.5,18.0,0.2,0.5,0.3,110.0,240.0,290.0,210.0,5.0,115.0,18.0,0.2,0.5,0.3
1974,2,177.0,23.0,25.24,25.75,26.26,25.75,2.0,1.06,14.0,0.5,0.6,0.3,23.63,24.4,26.05,24.78,5.0,1.53,12.0,0.8,0.5,0.4,15.51,15.76,16.0,15.76,2.0,0.51,14.0,0.5,0.6,0.3,77.6,80.5,83.5,80.5,2.0,6.2,14.0,0.5,0.3,2.73,3.1,5.87,4.12,5.0,2.04,12.0,0.8,0.5,0.4,-4.13,-2.07,-0.05,-2.04,5.0,3.15,12.0,0.8,0.5,0.4,-1.99,0.36,3.32,0.56,5.0,3.14,12.0,0.8,0.5,0.4,1016.5,1018.0,1018.34,1017.43,3.0,1.44,16.0,0.7,0.5,0.2,3.0,3.0,4.4,3.6,5.0,0.9,12.0,0.8,0.5,0.4,-22.1,-4.8,2.0,-10.0,5.0,21.3,12.0,0.8,0.5,0.4,-11.6,0.8,13.5,0.5,5.0,17.7,12.0,0.8,0.5,0.4,0.66,0.8,0.94,0.8,2.0,0.28,14.0,0.5,0.6,0.3,2.2,4.2,6.3,4.2,2.0,4.2,14.0,0.5,0.6,0.3,4.0,4.87,5.73,4.87,2.0,1.79,14.0,0.5,0.6,0.3,13.4,25.8,38.3,25.8,2.0,25.9,14.0,0.5,0.6,0.3,-102.4,-50.5,2.5,-49.2,5.0,81.6,12.0,0.8,0.5,0.4,-49.7,8.9,82.7,14.5,5.0,80.8,12.0,0.8,0.5,0.4,-86.0,-64.7,-43.3,-64.7,2.0,44.3,14.0,0.5,0.6,0.3,-45.7,-24.8,-3.8,-24.8,2.0,43.3,14.0,0.5,0.6,0.3,-33.3,-22.8,-12.3,-22.8,2.0,21.8,14.0,0.5,0.6,0.3,-18.4,-10.4,-2.4,-10.4,2.0,16.5,14.0,0.5,0.6,0.3,22.5,30.0,220.5,115.0,5.0,152.0,12.0,0.8,0.5,0.4,20.0,30.0,220.0,115.0,5.0,150.0,12.0,0.8,0.5,0.4
1974,2,177.0,24.0,22.19,23.1,24.31,23.21,16.0,0.97,18.0,0.1,0.4,0.5,20.91,21.5,23.64,22.23,17.0,1.44,18.0,0.2,0.4,0.5,12.85,13.9,14.61,13.8,15.0,1.44,18.0,0.1,0.4,0.6,78.8,81.5,90.0,82.7,15.0,7.0,18.0,0.1,0.6,3.32,6.7,9.45,6.49,15.0,3.57,18.0,0.2,0.4,0.5,-9.22,-4.32,0.75,-4.12,15.0,5.19,18.0,0.2,0.4,0.5,-1.32,0.36,3.3,0.35,15.0,3.56,18.0,0.2,0.4,0.5,1013.61,1015.6,1018.6,1015.86,17.0,2.66,18.0,0.2,0.4,0.5,2.0,4.0,8.0,4.6,16.0,2.8,18.0,0.2,0.4,0.6,-86.8,-19.9,3.6,-37.7,15.0,66.6,18.0,0.2,0.4,0.5,-13.0,0.8,20.3,-1.7,15.0,25.7,18.0,0.2,0.4,0.5,-0.31,1.0,2.7,1.08,16.0,1.65,18.0,0.1,0.4,0.5,-2.4,6.1,11.9,8.6,14.0,18.9,18.0,0.1,0.4,0.5,2.57,3.94,5.25,4.03,14.0,1.6,18.0,0.1,0.4,0.5,10.8,19.6,43.5,29.0,13.0,24.0,18.0,0.1,0.4,0.5,-192.8,-103.3,17.6,-90.5,15.0,109.5,18.0,0.2,0.4,0.5,-27.5,7.8,81.9,10.7,15.0,78.2,18.0,0.2,0.4,0.5,-124.3,-63.5,1.7,-64.1,14.0,67.6,18.0,0.1,0.4,0.5,-20.8,2.5,46.0,4.2,14.0,44.1,18.0,0.1,0.4,0.5,-31.1,-13.3,-4.5,-16.9,13.0,28.9,18.0,0.1,0.4,0.5,-8.9,0.0,7.1,-3.6,13.0,18.1,18.0,0.1,0.4,0.5,38.5,301.0,854.5,539.5,15.0,915.5,18.0,0.2,0.4,0.5,40.0,300.0,855.0,540.0,15.0,915.0,18.0,0.2,0.4,0.5
1974,2,177.0,25.0,22.0,22.5,23.39,22.68,15.0,1.02,16.0,0.3,0.5,0.3,19.22,21.0,21.7,20.52,17.0,1.81,16.0,0.3,0.5,0.3,9.96,12.39,14.63,12.26,16.0,2.19,16.0,0.3,0.5,0.3,65.1,81.6,94.0,80.3,16.0,12.7,16.0,0.3,0.3,5.1,7.45,9.92,7.43,16.0,2.71,16.0,0.3,0.5,0.3,-9.0,-6.21,3.69,-3.84,16.0,6.2,16.0,0.3,0.5,0.3,-3.5,-1.48,2.29,-1.2,16.0,3.24,16.0,0.3,0.5,0.3,1011.38,1017.0,1020.69,1016.08,17.0,5.59,16.0,0.3,0.5,0.3,2.5,6.0,7.0,5.0,17.0,2.2,16.0,0.3,0.5,0.3,-83.7,-45.0,19.8,-37.9,16.0,58.7,16.0,0.3,0.5,0.3,-26.0,-12.7,13.8,-10.5,16.0,26.7,16.0,0.3,0.5,0.3,0.13,2.0,2.73,1.75,15.0,1.22,16.0,0.3,0.5,0.3,0.5,14.3,22.5,13.6,15.0,10.5,16.0,0.3,0.5,0.3,2.83,4.42,7.62,4.8,15.0,2.35,16.0,0.3,0.5,0.3,12.2,29.6,61.1,36.3,15.0,24.2,16.0,0.3,0.5,0.3,-193.0,-118.2,77.6,-82.8,16.0,130.1,16.0,0.3,0.5,0.3,-68.9,-30.9,51.5,-22.4,16.0,65.4,16.0,0.3,0.5,0.3,-107.9,-71.6,42.9,-48.8,16.0,80.4,16.0,0.3,0.5,0.3,-44.6,-17.2,35.3,-12.1,16.0,40.6,16.0,0.3,0.5,0.3,-53.6,-22.0,19.7,-19.1,15.0,36.9,16.0,0.3,0.5,0.3,-20.0,-4.1,6.1,-5.3,15.0,14.9,16.0,0.3,0.5,0.3,132.5,415.0,983.0,563.5,16.0,541.5,16.0,0.3,0.5,0.3,135.0,415.0,985.0,565.0,16.0,540.0,16.0,0.3,0.5,0.3
1974,2,177.0,26.0,20.63,22.0,23.73,21.96,9.0,1.46,14.0,0.2,0.4,0.4,20.0,20.5,23.04,21.1,8.0,1.87,12.0,0.3,0.3,0.4,9.9,12.98,13.24,12.07,8.0,2.31,12.0,0.3,0.3,0.4,64.6,77.6,90.7,77.4,8.0,11.9,12.0,0.3,0.4,5.1,7.2,12.2,8.91,9.0,4.44,14.0,0.2,0.4,0.4,-10.98,-3.28,3.01,-3.78,9.0,7.4,14.0,0.2,0.4,0.4,-4.5,2.55,5.99,0.45,9.0,6.16,14.0,0.2,0.4,0.4,1012.13,1014.2,1020.75,1015.61,9.0,4.51,14.0,0.2,0.4,0.4,3.0,6.5,8.0,5.8,8.0,2.4,12.0,0.3,0.4,0.4,-136.1,-16.7,15.5,-51.0,9.0,100.9,14.0,0.2,0.4,0.4,-47.2,13.0,50.1,-10.0,9.0,83.6,14.0,0.2,0.4,0.4,0.06,0.85,2.79,0.85,8.0,2.22,12.0,0.3,0.3,0.4,0.4,9.7,17.6,6.3,8.0,13.9,12.0,0.3,0.3,0.4,1.35,4.11,7.98,4.36,8.0,3.34,12.0,0.3,0.3,0.4,18.0,30.6,56.8,34.0,8.0,21.6,12.0,0.3,0.3,0.4,-233.9,-103.7,89.8,-78.1,8.0,161.3,12.0,0.3,0.3,0.4,-88.0,29.7,135.0,6.2,8.0,134.0,12.0,0.3,0.3,0.4,-150.7,-54.8,51.2,-45.5,8.0,101.1,12.0,0.3,0.3,0.4,-55.9,16.9,65.8,1.6,8.0,82.4,12.0,0.3,0.3,0.4,-48.4,-11.5,21.1,-13.5,8.0,31.0,12.0,0.3,0.3,0.4,-18.8,0.0,14.5,0.6,8.0,24.9,12.0,0.3,0.3,0.4,132.5,373.0,1862.5,1244.5,9.0,1849.0,14.0,0.2,0.4,0.4,135.0,375.0,1865.0,1245.0,9.0,1850.0,14.0,0.2,0.4,0.4
1974,2,177.0,27.0,19.11,21.75,22.91,21.15,8.0,2.16,12.0,0.3,0.4,0.2,18.3,20.5,21.07,19.92,9.0,1.46,10.0,0.2,0.4,0.2,8.99,10.66,13.68,11.11,9.0,2.47,10.0,0.2,0.4,0.2,68.4,73.1,88.8,76.5,9.0,12.9,10.0,0.2,0.2,2.87,6.7,11.53,7.03,9.0,4.41,10.0,0.2,0.4,0.2,-1.5,1.16,5.79,1.58,9.0,5.47,10.0,0.2,0.4,0.2,-9.94,0.0,2.63,-2.34,9.0,6.02,10.0,0.2,0.4,0.2,1017.08,1018.0,1019.95,1018.14,9.0,1.69,10.0,0.2,0.4,0.2,2.0,4.0,8.0,4.8,9.0,2.9,10.0,0.2,0.4,0.2,-17.7,6.8,67.4,15.5,9.0,56.4,10.0,0.2,0.4,0.2,-112.1,0.0,9.5,-31.4,9.0,64.9,10.0,0.2,0.4,0.2,-0.98,1.05,3.31,1.03,8.0,2.06,12.0,0.3,0.4,0.2,-8.5,1.3,21.3,6.8,8.0,19.2,12.0,0.3,0.4,0.2,3.45,4.56,5.72,4.03,8.0,2.3,12.0,0.3,0.4,0.2,1.5,26.5,42.1,26.3,8.0,25.1,12.0,0.3,0.4,0.2,-27.4,23.9,108.8,27.6,9.0,105.2,10.0,0.2,0.4,0.2,-185.8,0.0,53.6,-42.1,9.0,114.4,10.0,0.2,0.4,0.2,-16.0,14.9,55.0,13.9,9.0,52.5,10.0,0.2,0.4,0.2,-82.7,0.0,27.7,-19.9,9.0,62.6,10.0,0.2,0.4,0.2,-11.3,0.0,12.7,1.5,8.0,21.8,12.0,0.3,0.4,0.2,-34.4,0.0,0.0,-11.6,8.0,28.1,12.0,0.3,0.4,0.2,25.5,301.0,1539.5,701.5,9.0,794.5,10.0,0.2,0.4,0.2,25.0,300.0,1540.0,700.0,9.0,795.0,10.0,0.2,0.4,0.2
1974,2,177.0,28.0,18.67,20.0,21.22,19.92,6.0,1.56,12.0,0.7,0.6,0.3,18.38,19.15,20.21,19.28,6.0,1.11,12.0,0.7,0.6,0.3,10.02,11.32,12.23,11.09,5.0,1.5,10.0,0.6,0.6,0.4,70.6,77.9,91.4,80.2,5.0,12.2,10.0,0.6,0.4,8.66,9.8,15.04,11.17,6.0,4.07,12.0,0.7,0.6,0.3,-7.61,-3.38,10.06,-0.6,6.0,10.11,12.0,0.7,0.6,0.3,-9.59,-3.0,3.12,-2.65,6.0,7.43,12.0,0.7,0.6,0.3,1012.27,1013.7,1016.95,1014.65,6.0,3.5,12.0,0.7,0.6,0.3,4.0,8.0,8.0,6.7,6.0,2.1,12.0,0.7,0.6,0.3,-90.5,-26.4,107.8,-10.1,6.0,144.3,12.0,0.7,0.6,0.3,-108.2,-38.8,30.9,-42.1,6.0,99.1,12.0,0.7,0.6,0.3,-0.33,0.75,1.8,0.63,6.0,1.35,12.0,0.7,0.6,0.3,-2.0,9.5,19.1,9.4,6.0,14.1,12.0,0.7,0.6,0.3,1.8,3.44,5.93,3.8,5.0,2.35,10.0,0.6,0.6,0.4,21.4,32.0,68.0,44.6,5.0,32.8,10.0,0.6,0.6,0.4,-145.2,-62.2,205.4,-7.1,6.0,193.5,12.0,0.7,0.6,0.3,-188.3,-57.0,59.9,-51.9,6.0,138.9,12.0,0.7,0.6,0.3,-98.7,-17.4,112.9,-3.4,5.0,120.6,10.0,0.6,0.6,0.4,-114.5,-42.8,49.2,-32.6,5.0,96.1,10.0,0.6,0.6,0.4,-12.5,-8.7,54.1,18.0,5.0,46.0,10.0,0.6,0.6,0.4,-39.5,-12.2,10.7,-14.0,5.0,28.1,10.0,0.6,0.6,0.4,687.5,948.5,3476.0,1881.0,6.0,1947.0,12.0,0.7,0.6,0.3,685.0,950.0,3475.0,1880.0,6.0,1945.0,12.0,0.7,0.6,0.3
1974,2,177.0,29.0,16.56,19.0,19.47,18.22,5.0,1.79,10.0,0.2,0.3,0.4,15.95,17.5,19.07,17.71,7.0,1.91,8.0,0.1,0.3,0.5,8.94,9.26,11.19,9.88,5.0,1.22,10.0,0.2,0.3,0.4,72.9,81.3,84.3,79.2,5.0,6.9,10.0,0.2,0.4,4.6,8.2,12.6,9.09,7.0,5.12,8.0,0.1,0.3,0.5,-11.91,-2.8,4.22,-2.35,7.0,7.91,8.0,0.1,0.3,0.5,-5.58,-2.3,3.49,-2.14,7.0,6.95,8.0,0.1,0.3,0.5,1010.86,1015.0,1016.17,1014.11,7.0,3.69,8.0,0.1,0.3,0.5,6.8,7.5,8.0,7.3,6.0,0.8,6.0,0.0,0.3,0.4,-154.6,-19.9,21.8,-42.4,7.0,106.8,8.0,0.1,0.3,0.5,-63.0,-10.6,18.9,-38.0,7.0,105.1,8.0,0.1,0.3,0.5,-0.31,-0.2,1.46,0.62,5.0,1.9,10.0,0.2,0.3,0.4,-3.0,-0.9,15.0,6.8,5.0,19.3,10.0,0.2,0.3,0.4,2.27,3.33,3.94,3.16,5.0,0.96,10.0,0.2,0.3,0.4,17.0,20.0,39.5,27.1,5.0,12.8,10.0,0.2,0.3,0.4,-191.2,-53.3,78.5,-39.9,7.0,129.7,8.0,0.1,0.3,0.5,-95.2,-43.7,61.6,-33.2,7.0,118.4,8.0,0.1,0.3,0.5,-61.0,-31.4,41.4,-14.7,5.0,70.6,10.0,0.2,0.3,0.4,-77.8,-47.7,49.5,-22.1,5.0,82.3,10.0,0.2,0.3,0.4,-16.8,-6.8,17.9,0.3,5.0,24.0,10.0,0.2,0.3,0.4,-24.4,-16.0,13.8,-7.3,5.0,20.9,10.0,0.2,0.3,0.4,97.5,551.5,2074.5,1452.0,7.0,2248.5,8.0,0.1,0.3,0.5,95.0,550.0,2075.0,1450.0,7.0,2250.0,8.0,0.1,0.3,0.5
1974,2,177.0,30.0,16.47,18.3,20.0,18.11,17.0,1.66,12.0,0.3,0.4,0.4,15.09,17.0,19.41,17.18,21.0,2.04,12.0,0.3,0.4,0.4,7.79,10.25,12.77,10.39,18.0,2.37,10.0,0.3,0.4,0.4,75.0,82.6,92.4,83.0,18.0,10.7,10.0,0.3,0.4,5.1,7.2,12.9,8.53,21.0,4.13,12.0,0.3,0.4,0.4,-4.55,3.28,8.9,2.04,21.0,7.13,12.0,0.3,0.4,0.4,-7.97,0.0,4.62,-0.98,21.0,6.11,12.0,0.3,0.4,0.4,1012.33,1017.3,1019.17,1015.97,21.0,4.45,12.0,0.3,0.4,0.4,2.0,6.0,7.0,5.0,20.0,2.5,12.0,0.3,0.4,0.4,-35.0,16.7,83.7,11.1,21.0,95.5,12.0,0.3,0.4,0.4,-99.5,0.0,32.0,-26.8,21.0,78.8,12.0,0.3,0.4,0.4,-1.82,0.1,3.3,0.74,17.0,2.39,12.0,0.3,0.4,0.4,-10.3,0.8,23.5,6.9,17.0,19.1,12.0,0.3,0.4,0.4,-0.41,2.64,4.85,2.46,16.0,2.24,10.0,0.3,0.4,0.4,-2.5,17.4,45.5,21.8,16.0,23.4,10.0,0.3,0.4,0.4,-84.1,62.3,149.8,33.8,21.0,113.8,12.0,0.3,0.4,0.4,-133.6,0.0,90.5,-10.8,21.0,102.9,12.0,0.3,0.4,0.4,-37.8,36.4,70.7,21.3,18.0,58.8,10.0,0.3,0.4,0.4,-63.0,12.3,60.7,6.2,18.0,58.9,10.0,0.3,0.4,0.4,-4.7,5.6,31.9,11.5,16.0,25.0,10.0,0.3,0.4,0.4,-11.4,-2.5,5.7,-5.9,16.0,15.9,10.0,0.3,0.4,0.4,132.5,373.0,2146.5,1104.0,21.0,1612.5,12.0,0.3,0.4,0.4,135.0,375.0,2145.0,1105.0,21.0,1610.0,12.0,0.3,0.4,0.4
1974,2,177.0,31.0,16.59,17.2,18.0,17.19,10.0,0.82,16.0,0.2,0.3,0.2,14.0,16.1,17.0,15.62,10.0,1.52,16.0,0.2,0.3,0.2,7.9,9.44,10.75,9.33,9.0,1.39,16.0,0.2,0.3,0.2,79.0,82.9,92.1,83.1,9.0,8.6,16.0,0.2,0.2,5.07,13.65,16.67,11.32,10.0,5.66,16.0,0.2,0.3,0.2,-9.73,1.78,15.29,1.88,10.0,11.09,16.0,0.2,0.3,0.2,-7.09,-3.13,-0.87,-4.13,10.0,5.34,16.0,0.2,0.3,0.2,1013.0,1017.2,1021.74,1017.29,10.0,4.66,16.0,0.2,0.3,0.2,3.4,6.0,7.6,5.5,10.0,1.9,16.0,0.2,0.3,0.2,-112.8,6.1,254.1,44.9,10.0,174.1,16.0,0.2,0.3,0.2,-100.6,-56.3,-5.2,-62.2,10.0,70.9,16.0,0.2,0.3,0.2,-0.41,1.1,4.0,1.57,10.0,1.92,16.0,0.2,0.3,0.2,-1.9,11.2,69.2,24.0,10.0,32.4,16.0,0.2,0.3,0.2,1.56,2.14,4.61,2.8,9.0,1.48,16.0,0.2,0.3,0.2,10.6,19.8,78.1,35.2,9.0,33.7,16.0,0.2,0.3,0.2,-160.2,24.7,221.8,19.7,10.0,168.7,16.0,0.2,0.3,0.2,-116.5,-46.0,-14.3,-60.6,10.0,77.2,16.0,0.2,0.3,0.2,-99.0,10.9,124.6,5.5,9.0,103.7,16.0,0.2,0.3,0.2,-59.4,-26.5,-3.4,-25.8,9.0,41.3,16.0,0.2,0.3,0.2,-15.8,1.7,74.9,19.5,9.0,43.4,16.0,0.2,0.3,0.2,-15.4,-9.9,-0.5,-9.2,9.0,11.2,16.0,0.2,0.3,0.2,135.0,2546.0,4751.0,2380.5,10.0,2222.5,16.0,0.2,0.3,0.2,135.0,2545.0,4750.0,2380.0,10.0,2225.0,16.0,0.2,0.3,0.2
1974,2,177.0,32.0,15.27,16.1,17.37,16.46,17.0,1.3,16.0,0.2,0.6,0.5,14.05,15.65,17.03,15.42,18.0,1.73,16.0,0.2,0.6,0.5,6.69,8.87,11.56,8.97,17.0,2.05,16.0,0.1,0.6,0.5,69.2,80.2,91.5,80.7,17.0,12.2,16.0,0.1,0.5,5.87,11.55,15.05,10.66,18.0,4.69,16.0,0.2,0.6,0.5,-6.8,4.65,10.21,3.15,18.0,8.59,16.0,0.2,0.6,0.5,-5.85,0.0,5.97,-0.78,18.0,7.57,16.0,0.2,0.6,0.5,1006.73,1013.4,1017.74,1013.03,18.0,6.59,16.0,0.2,0.6,0.5,2.0,6.5,8.0,5.4,18.0,3.0,16.0,0.2,0.6,0.5,-88.6,46.5,124.7,31.3,18.0,117.4,16.0,0.2,0.6,0.5,-80.0,0.0,67.9,-20.9,18.0,114.5,16.0,0.2,0.6,0.5,-0.45,1.0,2.73,1.05,17.0,1.84,16.0,0.2,0.6,0.5,-6.5,4.3,37.6,11.4,17.0,22.0,16.0,0.2,0.6,0.5,0.28,2.99,4.87,2.81,16.0,2.12,16.0,0.1,0.6,0.5,3.1,25.1,55.9,25.9,16.0,22.8,16.0,0.1,0.6,0.5,-97.5,75.6,155.1,49.9,18.0,131.8,16.0,0.2,0.6,0.5,-79.1,0.0,99.7,-5.9,18.0,118.9,16.0,0.2,0.6,0.5,-46.4,49.3,97.8,35.8,17.0,78.4,16.0,0.1,0.6,0.5,-37.7,0.0,65.4,6.2,17.0,66.9,16.0,0.1,0.6,0.5,-6.5,6.6,40.2,8.3,16.0,28.4,16.0,0.1,0.6,0.5,-17.5,0.0,16.5,-1.0,16.0,19.0,16.0,0.1,0.6,0.5,206.5,1543.0,3412.0,1844.0,18.0,1797.5,16.0,0.2,0.6,0.5,205.0,1545.0,3410.0,1845.0,18.0,1800.0,16.0,0.2,0.6,0.5
1974,2,177.0,33.0,15.0,16.0,17.14,16.13,17.0,1.19,14.0,0.2,0.4,0.4,13.01,15.0,17.0,15.13,20.0,2.11,14.0,0.2,0.4,0.4,7.05,9.2,10.83,8.94,17.0,1.62,12.0,0.2,0.4,0.5,74.9,80.1,92.2,83.2,17.0,9.3,12.0,0.2,0.5,4.03,8.2,11.96,8.86,19.0,4.33,14.0,0.2,0.4,0.4,-2.66,3.49,8.34,2.67,19.0,5.44,14.0,0.2,0.4,0.4,-3.84,2.91,7.19,1.85,19.0,7.8,14.0,0.2,0.4,0.4,1010.01,1014.75,1019.0,1014.87,20.0,4.61,14.0,0.2,0.4,0.4,2.0,4.5,8.0,4.6,18.0,2.5,14.0,0.2,0.5,0.4,-19.4,13.1,83.1,25.3,19.0,57.4,14.0,0.2,0.4,0.4,-35.1,24.2,78.3,13.4,19.0,120.1,14.0,0.2,0.4,0.4,-0.28,1.5,3.46,1.34,17.0,1.72,14.0,0.2,0.4,0.4,-2.3,6.2,28.8,13.6,17.0,21.7,14.0,0.2,0.4,0.4,1.47,2.58,4.24,2.62,15.0,1.36,14.0,0.2,0.4,0.5,10.3,20.1,33.0,21.2,15.0,13.6,14.0,0.2,0.4,0.5,-33.3,38.4,132.9,44.1,19.0,84.1,14.0,0.2,0.4,0.4,-66.2,43.7,120.8,37.5,19.0,109.1,14.0,0.2,0.4,0.4,-22.8,17.4,65.5,17.6,16.0,49.0,14.0,0.2,0.4,0.4,-10.5,37.1,75.9,36.4,16.0,57.1,14.0,0.2,0.4,0.4,-11.2,2.9,13.6,4.0,15.0,17.3,14.0,0.2,0.4,0.5,-1.7,8.0,18.4,4.8,15.0,18.0,14.0,0.2,0.4,0.5,65.5,551.5,1715.5,1222.0,19.0,1870.5,14.0,0.2,0.4,0.4,65.0,550.0,1715.0,1220.0,19.0,1870.0,14.0,0.2,0.4,0.4
1974,2,177.0,34.0,14.06,14.6,16.1,15.08,5.0,1.75,16.0,0.6,0.4,0.7,12.46,14.0,14.87,13.62,5.0,1.61,16.0,0.6,0.4,0.7,7.46,8.17,8.73,8.06,5.0,1.08,16.0,0.6,0.4,0.7,77.8,80.1,89.9,83.4,5.0,7.1,16.0,0.6,0.7,10.93,12.9,12.9,12.06,5.0,1.2,16.0,0.6,0.4,0.7,-10.98,-6.45,0.79,-4.65,5.0,9.33,16.0,0.6,0.4,0.7,-4.27,0.0,9.74,1.97,5.0,8.03,16.0,0.6,0.4,0.7,1011.17,1014.8,1022.29,1016.6,5.0,7.41,16.0,0.6,0.4,0.7,7.5,8.0,8.0,7.8,4.0,0.5,14.0,0.5,0.4,0.7,-141.7,-83.2,12.3,-60.9,5.0,112.9,16.0,0.6,0.4,0.7,-53.1,0.0,111.0,21.4,5.0,98.6,16.0,0.6,0.4,0.7,-0.07,0.0,2.87,1.46,5.0,3.11,16.0,0.6,0.4,0.7,-0.8,0.0,33.0,16.7,5.0,35.0,16.0,0.6,0.4,0.7,1.08,2.1,3.78,2.59,5.0,2.29,16.0,0.6,0.4,0.7,14.0,22.4,44.3,30.2,5.0,25.3,16.0,0.6,0.4,0.7,-154.1,-90.3,-3.7,-73.8,5.0,118.8,16.0,0.6,0.4,0.7,-54.0,0.0,140.9,31.3,5.0,111.4,16.0,0.6,0.4,0.7,-90.9,-59.9,-0.9,-44.1,5.0,68.6,16.0,0.6,0.4,0.7,-32.6,0.0,83.8,19.2,5.0,68.8,16.0,0.6,0.4,0.7,-17.2,-11.2,22.8,3.4,5.0,39.7,16.0,0.6,0.4,0.7,-10.8,0.0,13.9,1.5,5.0,13.6,16.0,0.6,0.4,0.7,1315.0,2146.5,2146.5,1795.0,5.0,497.0,16.0,0.6,0.4,0.7,1315.0,2145.0,2145.0,1795.0,5.0,495.0,16.0,0.6,0.4,0.7
1974,2,177.0,35.0,13.0,14.4,14.52,14.04,7.0,0.77,16.0,0.3,0.4,0.6,9.92,13.0,14.57,12.4,7.0,2.7,16.0,0.3,0.4,0.6,5.73,6.06,7.5,6.46,6.0,1.05,16.0,0.3,0.4,0.6,65.3,77.7,82.7,74.9,6.0,9.4,16.0,0.3,0.6,10.18,11.8,13.97,11.9,7.0,2.51,16.0,0.3,0.4,0.6,-0.37,5.15,12.76,5.65,7.0,7.82,16.0,0.3,0.4,0.6,-2.56,0.0,10.85,1.83,7.0,8.32,16.0,0.3,0.4,0.6,1004.36,1008.0,1019.62,1010.04,7.0,8.64,16.0,0.3,0.4,0.6,2.0,6.0,8.0,5.3,7.0,2.6,16.0,0.3,0.4,0.6,-2.8,53.0,165.3,75.9,7.0,92.1,16.0,0.3,0.4,0.6,-31.9,0.0,125.6,30.3,7.0,111.1,16.0,0.3,0.4,0.6,-0.05,0.5,3.14,1.64,7.0,2.46,16.0,0.3,0.4,0.6,-0.4,7.7,37.4,20.5,7.0,29.9,16.0,0.3,0.4,0.6,2.09,3.78,4.44,3.43,6.0,1.12,16.0,0.3,0.4,0.6,30.5,43.8,56.4,42.6,6.0,13.5,16.0,0.3,0.4,0.6,-5.9,56.7,120.3,58.3,7.0,102.2,16.0,0.3,0.4,0.6,-24.2,0.0,141.7,30.7,7.0,107.0,16.0,0.3,0.4,0.6,21.9,48.6,76.6,47.5,6.0,33.7,16.0,0.3,0.4,0.6,-20.2,-6.1,87.7,21.7,6.0,65.6,16.0,0.3,0.4,0.6,6.1,31.9,56.2,30.7,6.0,24.2,16.0,0.3,0.4,0.6,-16.1,-3.6,23.5,-0.6,6.0,25.5,16.0,0.3,0.4,0.6,1062.5,1643.0,2732.0,1874.5,7.0,1061.0,16.0,0.3,0.4,0.6,1060.0,1645.0,2730.0,1875.0,7.0,1060.0,16.0,0.3,0.4,0.6
1974,2,177.0,36.0,13.62,14.2,15.25,14.36,12.0,0.95,14.0,0.4,0.4,0.4,11.95,13.2,14.79,13.25,13.0,1.89,14.0,0.4,0.3,0.5,6.27,7.56,8.5,7.31,11.0,1.15,14.0,0.4,0.3,0.4,72.4,77.4,85.8,79.3,11.0,9.0,14.0,0.4,0.4,5.1,10.3,19.15,11.92,13.0,6.1,14.0,0.4,0.3,0.5,0.96,7.24,12.93,6.46,13.0,7.58,14.0,0.4,0.3,0.5,-4.44,1.79,13.07,2.9,13.0,8.9,14.0,0.4,0.3,0.5,1006.44,1011.0,1018.82,1010.58,13.0,6.18,14.0,0.4,0.3,0.5,3.9,7.0,8.0,6.0,13.0,2.2,14.0,0.4,0.3,0.5,0.2,55.7,200.6,90.8,13.0,143.5,14.0,0.4,0.3,0.5,-24.5,8.3,227.6,61.0,13.0,155.5,14.0,0.4,0.3,0.5,-0.31,1.15,3.5,1.33,12.0,1.89,14.0,0.4,0.4,0.4,-5.2,8.7,26.9,12.9,12.0,28.6,14.0,0.4,0.4,0.4,1.2,3.46,4.31,2.87,11.0,1.49,14.0,0.4,0.3,0.4,10.6,21.7,47.1,29.8,11.0,24.8,14.0,0.4,0.3,0.4,11.1,87.6,167.7,85.8,13.0,103.7,14.0,0.4,0.3,0.5,-61.7,28.6,188.6,47.5,13.0,117.0,14.0,0.4,0.3,0.5,-8.9,39.0,102.4,37.1,11.0,56.5,14.0,0.4,0.3,0.4,-31.2,0.0,85.3,22.5,11.0,68.9,14.0,0.4,0.3,0.4,-1.0,9.3,27.6,15.7,11.0,26.8,14.0,0.4,0.3,0.4,-16.9,0.0,14.3,-3.1,11.0,24.3,14.0,0.4,0.3,0.4,132.5,1092.5,7039.0,2958.0,13.0,3389.5,14.0,0.4,0.3,0.5,135.0,1095.0,7040.0,2960.0,13.0,3390.0,14.0,0.4,0.3,0.5
1974,2,177.0,37.0,13.44,13.9,14.19,14.21,7.0,1.77,16.0,0.4,0.3,0.4,9.3,13.0,15.0,12.32,9.0,2.92,16.0,0.3,0.3,0.4,5.54,6.54,8.6,7.06,9.0,1.67,16.0,0.3,0.3,0.4,70.2,77.0,81.7,78.0,9.0,9.7,16.0,0.3,0.4,10.12,11.3,13.83,12.01,9.0,2.47,16.0,0.3,0.3,0.4,1.94,9.8,12.03,7.58,9.0,7.51,16.0,0.3,0.3,0.4,-2.97,0.0,8.98,1.09,9.0,6.78,16.0,0.3,0.3,0.4,1002.77,1011.0,1015.54,1010.61,9.0,9.17,16.0,0.3,0.3,0.4,3.1,7.0,7.7,5.8,9.0,2.5,16.0,0.3,0.3,0.4,19.2,103.7,144.9,96.4,9.0,103.7,16.0,0.3,0.3,0.4,-43.6,0.0,110.5,17.2,9.0,88.2,16.0,0.3,0.3,0.4,-1.12,1.0,3.05,1.09,7.0,2.01,16.0,0.4,0.3,0.4,-14.8,8.7,37.3,13.6,7.0,24.2,16.0,0.4,0.3,0.4,1.13,3.42,4.09,2.67,7.0,1.66,16.0,0.4,0.3,0.4,13.8,30.9,58.2,33.0,7.0,23.8,16.0,0.4,0.3,0.4,21.3,106.3,174.4,91.0,9.0,93.7,16.0,0.3,0.3,0.4,-37.9,0.0,121.3,19.7,9.0,93.1,16.0,0.3,0.3,0.4,14.1,60.3,93.3,50.1,9.0,49.4,16.0,0.3,0.3,0.4,-18.6,0.0,79.9,14.9,9.0,57.9,16.0,0.3,0.3,0.4,8.0,29.1,58.1,30.8,7.0,25.4,16.0,0.4,0.3,0.4,-10.6,0.0,4.4,-1.5,7.0,9.2,16.0,0.4,0.3,0.4,1046.5,1443.0,2682.5,1937.5,9.0,1296.5,16.0,0.3,0.3,0.4,1045.0,1445.0,2685.0,1935.0,9.0,1295.0,16.0,0.3,0.3,0.4
1974,2,177.0,38.0,12.93,13.5,14.14,13.8,7.0,1.63,14.0,0.6,0.3,0.2,9.06,10.0,13.5,10.94,8.0,2.35,14.0,0.5,0.3,0.2,5.35,5.75,6.29,5.74,6.0,0.72,12.0,0.7,0.3,0.3,64.6,71.7,78.4,72.6,6.0,8.6,12.0,0.7,0.3,8.49,12.6,15.29,11.5,8.0,4.45,14.0,0.5,0.3,0.2,4.98,9.25,12.4,8.75,8.0,4.26,14.0,0.5,0.3,0.2,-9.84,-5.0,-0.1,-4.8,8.0,6.24,14.0,0.5,0.3,0.2,1001.46,1013.85,1016.94,1011.11,8.0,8.19,14.0,0.5,0.3,0.2,4.1,5.5,7.0,5.6,8.0,1.7,14.0,0.5,0.3,0.2,58.9,93.8,181.4,112.4,8.0,75.4,14.0,0.5,0.3,0.2,-147.0,-62.0,-0.3,-62.0,8.0,91.4,14.0,0.5,0.3,0.2,1.55,3.5,4.55,3.3,7.0,1.76,14.0,0.6,0.3,0.2,11.5,28.7,49.1,31.9,7.0,19.3,14.0,0.6,0.3,0.2,3.53,4.09,5.09,4.19,6.0,0.93,12.0,0.7,0.3,0.3,35.5,44.0,53.5,41.4,6.0,15.7,12.0,0.7,0.3,0.3,48.7,95.2,162.8,100.1,8.0,61.9,14.0,0.5,0.3,0.2,-98.8,-61.0,-0.9,-48.5,8.0,68.4,14.0,0.5,0.3,0.2,22.2,57.4,68.6,49.4,6.0,25.2,12.0,0.7,0.3,0.3,-46.9,-30.5,-3.9,-27.7,6.0,23.0,12.0,0.7,0.3,0.3,23.6,37.6,42.7,33.4,6.0,13.2,12.0,0.7,0.3,0.3,-31.9,-20.9,-3.0,-20.1,6.0,17.4,12.0,0.7,0.3,0.3,630.0,2123.0,3578.5,2045.5,8.0,1440.0,14.0,0.5,0.3,0.2,630.0,2125.0,3580.0,2045.0,8.0,1440.0,14.0,0.5,0.3,0.2
1974,2,177.0,39.0,11.06,11.5,12.91,11.84,8.0,0.81,16.0,0.5,0.5,0.4,11.0,11.7,13.52,11.9,9.0,2.2,16.0,0.4,0.4,0.4,6.14,7.21,8.83,7.23,9.0,1.6,16.0,0.4,0.4,0.4,72.8,82.4,87.5,81.8,9.0,10.8,16.0,0.4,0.4,7.97,12.9,20.44,13.93,9.0,6.13,16.0,0.4,0.4,0.4,-10.22,5.9,11.63,1.05,9.0,10.67,16.0,0.4,0.4,0.4,0.8,7.7,17.59,7.79,9.0,8.52,16.0,0.4,0.4,0.4,998.3,1001.0,1002.37,1003.4,9.0,9.74,16.0,0.4,0.4,0.4,7.1,8.0,8.0,7.5,8.0,1.1,16.0,0.5,0.5,0.4,-208.9,45.4,140.7,-23.8,9.0,186.9,16.0,0.4,0.4,0.4,7.0,81.3,361.8,149.4,9.0,175.3,16.0,0.4,0.4,0.4,-1.68,0.25,0.94,-0.09,8.0,2.72,16.0,0.5,0.5,0.4,-22.0,5.0,10.3,-5.6,8.0,47.4,16.0,0.5,0.5,0.4,-0.68,1.32,1.99,1.3,8.0,1.92,16.0,0.5,0.5,0.4,-11.2,15.5,27.1,15.5,8.0,27.3,16.0,0.5,0.5,0.4,-112.4,79.4,101.2,4.5,9.0,133.4,16.0,0.4,0.4,0.4,9.4,94.7,194.7,99.5,9.0,108.9,16.0,0.4,0.4,0.4,-73.7,48.2,52.5,2.2,9.0,82.9,16.0,0.4,0.4,0.4,4.8,58.0,127.7,62.8,9.0,67.3,16.0,0.4,0.4,0.4,-13.0,0.5,13.6,7.1,8.0,26.8,16.0,0.5,0.5,0.4,-9.0,1.8,22.1,4.3,8.0,15.0,16.0,0.5,0.5,0.4,511.0,2146.5,8542.0,4153.0,9.0,4430.5,16.0,0.4,0.4,0.4,510.0,2145.0,8540.0,4155.0,9.0,4430.0,16.0,0.4,0.4,0.4
1974,2,177.0,40.0,13.32,14.0,14.68,14.0,2.0,1.41,14.0,0.5,0.6,0.4,5.32,9.0,11.1,8.5,5.0,3.32,16.0,0.6,0.5,0.4,5.71,5.9,6.09,5.9,2.0,0.4,14.0,0.5,0.6,0.4,84.5,90.8,97.1,90.8,2.0,13.0,14.0,0.5,0.4,4.89,9.3,13.93,9.58,5.0,7.55,16.0,0.6,0.5,0.4,-2.81,5.98,12.8,5.24,5.0,9.81,16.0,0.6,0.5,0.4,-2.6,0.0,4.93,1.03,5.0,6.32,16.0,0.6,0.5,0.4,999.4,1008.2,1021.84,1010.88,5.0,13.78,16.0,0.6,0.5,0.4,7.3,8.0,8.0,7.7,3.0,0.6,18.0,0.7,0.4,0.5,-21.7,55.6,200.8,95.3,5.0,172.3,16.0,0.6,0.5,0.4,-24.2,0.0,91.9,34.6,5.0,109.8,16.0,0.6,0.5,0.4,4.03,6.25,8.47,6.25,2.0,4.6,14.0,0.5,0.6,0.4,35.1,50.5,66.0,50.5,2.0,32.0,14.0,0.5,0.6,0.4,3.38,4.04,4.71,4.04,2.0,1.37,14.0,0.5,0.6,0.4,30.2,33.6,37.0,33.6,2.0,7.1,14.0,0.5,0.6,0.4,-15.5,48.3,98.0,46.0,5.0,77.7,16.0,0.6,0.5,0.4,-26.0,0.0,40.1,6.4,5.0,59.1,16.0,0.6,0.5,0.4,-30.5,-3.1,24.2,-3.1,2.0,56.7,14.0,0.5,0.6,0.4,-37.1,-22.0,-7.0,-22.0,2.0,31.1,14.0,0.5,0.6,0.4,-29.6,-10.1,9.3,-10.1,2.0,40.3,14.0,0.5,0.6,0.4,-18.4,-11.0,-3.5,-11.0,2.0,15.5,14.0,0.5,0.6,0.4,290.0,804.5,4028.0,2319.0,5.0,3971.5,16.0,0.6,0.5,0.4,290.0,805.0,4030.0,2320.0,5.0,3970.0,16.0,0.6,0.5,0.4
1974,2,177.0,41.0,8.97,11.1,12.0,10.2,6.0,2.68,16.0,0.5,0.4,0.4,8.19,9.75,11.1,9.58,6.0,1.72,16.0,0.5,0.4,0.4,4.67,6.04,7.28,5.97,6.0,1.28,16.0,0.5,0.4,0.4,72.5,80.8,91.3,80.4,6.0,12.2,16.0,0.5,0.4,5.97,7.7,11.35,8.73,6.0,3.76,16.0,0.5,0.4,0.4,-6.24,1.43,8.8,0.75,6.0,8.67,16.0,0.5,0.4,0.4,-0.31,2.63,6.65,3.24,6.0,4.15,16.0,0.5,0.4,0.4,1005.32,1012.0,1036.1,1016.58,6.0,16.48,16.0,0.5,0.4,0.4,2.0,4.0,7.2,4.5,6.0,2.5,16.0,0.5,0.4,0.4,-56.9,8.0,79.7,-2.6,6.0,101.0,16.0,0.5,0.4,0.4,-2.7,22.6,62.3,37.2,6.0,60.0,16.0,0.5,0.4,0.4,-1.21,1.25,1.75,0.62,6.0,1.76,16.0,0.5,0.4,0.4,-8.9,9.0,18.1,5.6,6.0,15.1,16.0,0.5,0.4,0.4,0.63,1.54,2.79,1.79,6.0,1.44,16.0,0.5,0.4,0.4,5.3,15.6,26.8,15.6,6.0,12.0,16.0,0.5,0.4,0.4,-60.6,8.6,69.6,5.5,6.0,79.9,16.0,0.5,0.4,0.4,-2.2,28.5,70.3,32.9,6.0,37.4,16.0,0.5,0.4,0.4,-41.6,0.9,45.0,0.1,6.0,50.2,16.0,0.5,0.4,0.4,-1.5,17.4,46.0,21.3,6.0,25.0,16.0,0.5,0.4,0.4,-9.2,2.7,24.0,4.6,6.0,18.2,16.0,0.5,0.4,0.4,-0.2,1.8,10.5,4.8,6.0,7.3,16.0,0.5,0.4,0.4,216.5,479.5,1621.5,1012.5,6.0,1340.0,16.0,0.5,0.4,0.4,215.0,480.0,1620.0,1015.0,6.0,1340.0,16.0,0.5,0.4,0.4
1974,2,177.0,42.0,7.83,10.75,11.97,10.01,8.0,2.06,16.0,0.5,0.5,0.7,4.25,6.0,11.5,7.46,9.0,3.42,16.0,0.6,0.5,0.7,4.43,5.04,7.36,5.46,8.0,1.69,16.0,0.5,0.5,0.7,82.0,87.6,92.3,83.7,8.0,16.3,16.0,0.5,0.7,4.8,7.7,15.1,9.67,9.0,5.89,16.0,0.6,0.5,0.7,-3.16,1.4,14.1,4.03,9.0,9.82,16.0,0.6,0.5,0.7,-3.04,0.45,5.28,0.76,9.0,4.95,16.0,0.6,0.5,0.7,989.34,1011.45,1032.76,1011.78,8.0,21.5,16.0,0.5,0.5,0.7,3.3,5.0,7.7,5.2,9.0,2.2,16.0,0.6,0.5,0.7,-21.9,5.7,221.0,80.7,9.0,167.9,16.0,0.6,0.5,0.7,-59.2,1.2,36.4,-4.9,9.0,51.4,16.0,0.6,0.5,0.7,-0.87,2.45,5.71,2.63,8.0,3.36,16.0,0.5,0.5,0.7,-5.9,21.9,64.7,31.5,8.0,40.1,16.0,0.5,0.5,0.7,0.55,1.88,3.91,2.22,8.0,1.52,16.0,0.5,0.5,0.7,4.2,15.3,40.4,22.1,8.0,21.3,16.0,0.5,0.5,0.7,-32.3,16.1,80.1,14.1,9.0,64.6,16.0,0.6,0.5,0.7,-14.1,2.7,42.7,12.6,9.0,33.4,16.0,0.6,0.5,0.7,-23.6,1.4,78.7,13.6,8.0,54.0,16.0,0.5,0.5,0.7,-14.3,12.6,34.9,9.0,8.0,28.7,16.0,0.5,0.5,0.7,-9.5,0.7,37.9,11.7,8.0,26.4,16.0,0.5,0.5,0.7,-6.4,1.4,5.7,2.1,8.0,12.6,16.0,0.5,0.5,0.7,131.5,456.5,3670.0,1937.0,9.0,3120.5,16.0,0.6,0.5,0.7,130.0,455.0,3670.0,1935.0,9.0,3120.0,16.0,0.6,0.5,0.7
1974,2,177.0,43.0,8.0,8.0,8.0,8.0,1.0,0.0,24.0,0.0,0.6,0.4,8.58,8.75,8.92,8.75,2.0,0.35,24.0,0.0,0.6,0.4,5.89,5.89,5.89,5.89,1.0,0.0,24.0,0.0,0.6,0.4,86.6,86.6,86.6,86.6,1.0,0.0,24.0,0.0,0.4,7.19,8.25,9.31,8.25,2.0,2.19,24.0,0.0,0.6,0.4,-4.55,-0.15,4.25,-0.15,2.0,9.12,24.0,0.0,0.6,0.4,-6.5,-4.34,-2.17,-4.34,2.0,4.49,24.0,0.0,0.6,0.4,1016.27,1019.0,1021.73,1019.0,2.0,5.66,24.0,0.0,0.6,0.4,8.0,8.0,8.0,8.0,2.0,0.0,24.0,0.0,0.6,0.4,-27.4,8.8,44.9,8.8,2.0,74.9,24.0,0.0,0.6,0.4,-63.1,-40.7,-18.2,-40.7,2.0,46.5,24.0,0.0,0.6,0.4,-0.5,-0.5,-0.5,-0.5,1.0,0.0,24.0,0.0,0.6,0.4,-3.3,-3.3,-3.3,-3.3,1.0,0.0,24.0,0.0,0.6,0.4,0.68,0.68,0.68,0.68,1.0,0.0,24.0,0.0,0.6,0.4,4.6,4.6,4.6,4.6,1.0,0.0,24.0,0.0,0.6,0.4,-38.2,0.3,38.8,0.3,2.0,79.7,24.0,0.0,0.6,0.4,-58.4,-38.7,-19.0,-38.7,2.0,40.8,24.0,0.0,0.6,0.4,-38.9,-38.9,-38.9,-38.9,1.0,0.0,24.0,0.0,0.6,0.4,-6.9,-6.9,-6.9,-6.9,1.0,0.0,24.0,0.0,0.6,0.4,-4.5,-4.5,-4.5,-4.5,1.0,0.0,24.0,0.0,0.6,0.4,-0.8,-0.8,-0.8,-0.8,1.0,0.0,24.0,0.0,0.6,0.4,402.5,621.0,839.5,621.0,2.0,453.0,24.0,0.0,0.6,0.4,400.0,620.0,840.0,620.0,2.0,455.0,24.0,0.0,0.6,0.4
1974,2,177.0,44.0,6.06,6.5,7.11,6.58,5.0,0.56,12.0,0.6,0.5,0.4,4.13,5.6,7.07,5.56,5.0,1.59,12.0,0.6,0.5,0.4,4.1,4.44,4.87,4.45,5.0,0.56,12.0,0.6,0.5,0.4,72.4,82.8,86.8,79.2,5.0,12.7,12.0,0.6,0.4,9.35,11.3,12.3,10.78,5.0,1.91,12.0,0.6,0.5,0.4,0.26,8.66,10.47,5.49,5.0,7.92,12.0,0.6,0.5,0.4,-2.15,6.62,7.5,3.18,5.0,5.99,12.0,0.6,0.5,0.4,996.08,1000.0,1017.75,1005.52,5.0,11.33,12.0,0.6,0.5,0.4,2.6,4.0,6.7,4.6,5.0,2.4,12.0,0.6,0.5,0.4,-5.5,97.8,128.8,64.4,5.0,91.1,12.0,0.6,0.5,0.4,-16.6,68.2,87.6,40.4,5.0,60.7,12.0,0.6,0.5,0.4,-0.3,0.5,2.68,1.02,5.0,1.68,12.0,0.6,0.5,0.4,-4.0,5.7,29.8,11.4,5.0,19.8,12.0,0.6,0.5,0.4,1.04,1.65,2.12,1.62,5.0,0.73,12.0,0.6,0.5,0.4,12.0,18.2,20.6,16.5,5.0,4.9,12.0,0.6,0.5,0.4,9.7,43.1,54.9,31.5,5.0,39.1,12.0,0.6,0.5,0.4,-15.5,29.8,46.0,16.7,5.0,38.8,12.0,0.6,0.5,0.4,-1.5,41.0,50.4,25.3,5.0,36.4,12.0,0.6,0.5,0.4,-7.7,29.2,36.5,16.6,5.0,26.1,12.0,0.6,0.5,0.4,-0.5,10.3,16.0,7.5,5.0,12.9,12.0,0.6,0.5,0.4,-5.9,6.0,9.8,2.1,5.0,11.0,12.0,0.6,0.5,0.4,860.5,1443.0,1861.0,1343.0,5.0,590.5,12.0,0.6,0.5,0.4,860.0,1445.0,1860.0,1345.0,5.0,590.0,12.0,0.6,0.5,0.4
1974,2,177.0,45.0,5.0,5.0,6.71,5.83,3.0,1.44,14.0,0.3,0.5,0.4,2.0,2.0,3.37,2.67,3.0,1.15,14.0,0.3,0.5,0.4,2.97,4.47,4.61,3.81,3.0,1.33,14.0,0.3,0.5,0.4,64.9,93.2,97.8,81.6,3.0,26.1,14.0,0.3,0.4,9.18,11.3,14.44,11.8,3.0,3.87,14.0,0.3,0.5,0.4,-9.81,-8.08,-0.68,-5.31,3.0,7.11,14.0,0.3,0.5,0.4,-11.14,-1.42,2.19,-4.41,3.0,10.1,14.0,0.3,0.5,0.4,993.78,1003.2,1011.05,1002.43,3.0,12.67,14.0,0.3,0.5,0.4,8.0,8.0,8.0,8.0,3.0,0.0,14.0,0.3,0.5,0.4,-102.9,-66.2,8.9,-47.4,3.0,83.5,14.0,0.3,0.5,0.4,-173.7,-11.7,26.1,-72.3,3.0,155.5,14.0,0.3,0.5,0.4,1.63,3.0,4.71,3.17,3.0,2.25,14.0,0.3,0.5,0.4,15.5,24.6,67.5,41.1,3.0,40.7,14.0,0.3,0.5,0.4,1.15,2.1,2.83,1.99,3.0,1.24,14.0,0.3,0.5,0.4,13.7,26.0,31.1,22.5,3.0,13.1,14.0,0.3,0.5,0.4,-34.1,-16.2,-1.4,-17.7,3.0,24.0,14.0,0.3,0.5,0.4,-22.3,-2.8,9.6,-6.2,3.0,23.6,14.0,0.3,0.5,0.4,-39.8,-18.4,2.6,-18.6,3.0,31.0,14.0,0.3,0.5,0.4,-48.8,-3.2,11.3,-18.4,3.0,45.9,14.0,0.3,0.5,0.4,-19.9,-7.5,1.6,-9.1,3.0,15.8,14.0,0.3,0.5,0.4,-23.9,-4.5,0.4,-11.6,3.0,18.8,14.0,0.3,0.5,0.4,834.5,1443.0,3202.0,2004.5,3.0,1801.0,14.0,0.3,0.5,0.4,835.0,1445.0,3200.0,2005.0,3.0,1800.0,14.0,0.3,0.5,0.4
1974,2,177.0,46.0,4.5,5.0,6.0,5.28,9.0,0.87,22.0,0.3,0.4,0.4,4.49,5.0,5.87,4.76,9.0,1.94,22.0,0.3,0.4,0.4,3.68,4.67,4.74,4.34,9.0,0.64,22.0,0.3,0.4,0.4,75.6,85.7,86.9,81.5,9.0,7.5,22.0,0.3,0.4,7.78,18.5,22.1,14.88,9.0,7.85,22.0,0.3,0.4,0.4,-17.87,-15.78,2.93,-9.23,9.0,10.79,22.0,0.3,0.4,0.4,-4.02,3.21,13.95,4.81,9.0,8.51,22.0,0.3,0.4,0.4,1005.5,1017.2,1018.73,1014.41,9.0,9.97,22.0,0.3,0.4,0.4,2.0,5.0,8.0,5.0,5.0,3.0,20.0,0.4,0.4,0.5,-374.1,-325.1,27.5,-201.3,9.0,211.4,22.0,0.3,0.4,0.4,-31.4,59.4,302.8,125.0,9.0,161.9,22.0,0.3,0.4,0.4,-1.23,0.2,1.73,0.52,9.0,1.95,22.0,0.3,0.4,0.4,-15.8,1.6,21.7,5.1,9.0,22.5,22.0,0.3,0.4,0.4,0.66,1.09,1.8,1.16,9.0,0.6,22.0,0.3,0.4,0.4,6.7,14.0,23.7,15.0,9.0,9.8,22.0,0.3,0.4,0.4,-102.7,-78.9,16.2,-46.1,9.0,61.7,22.0,0.3,0.4,0.4,-20.9,19.3,69.7,25.5,9.0,42.5,22.0,0.3,0.4,0.4,-87.6,-73.7,12.6,-43.0,9.0,51.4,22.0,0.3,0.4,0.4,-14.7,16.0,65.1,23.8,9.0,38.3,22.0,0.3,0.4,0.4,-18.2,-11.2,3.1,-9.1,9.0,10.9,22.0,0.3,0.4,0.4,-5.3,0.7,15.2,4.5,9.0,10.7,22.0,0.3,0.4,0.4,471.5,6331.5,10794.0,5627.0,9.0,5213.0,22.0,0.3,0.4,0.4,470.0,6330.0,10795.0,5625.0,9.0,5215.0,22.0,0.3,0.4,0.4
1974,2,177.0,47.0,4.9,5.0,6.02,5.21,7.0,1.15,14.0,0.1,0.3,0.3,0.95,5.0,5.52,3.36,7.0,2.56,14.0,0.1,0.3,0.3,2.6,4.76,5.31,3.98,7.0,1.44,14.0,0.1,0.3,0.3,65.5,86.9,93.5,79.4,7.0,17.3,14.0,0.1,0.3,7.68,8.2,10.32,10.07,7.0,4.73,14.0,0.1,0.3,0.3,-4.42,2.8,5.01,-0.11,7.0,7.74,14.0,0.1,0.3,0.3,-8.53,3.6,7.97,0.86,7.0,8.95,14.0,0.1,0.3,0.3,996.95,1007.5,1030.62,1010.2,7.0,16.14,14.0,0.1,0.3,0.3,4.0,5.5,6.5,5.3,4.0,1.7,10.0,0.3,0.2,0.2,-43.8,23.0,45.0,-28.7,7.0,133.6,14.0,0.1,0.3,0.3,-83.3,25.9,73.2,26.6,7.0,124.6,14.0,0.1,0.3,0.3,0.48,1.0,4.05,1.86,7.0,1.93,14.0,0.1,0.3,0.3,3.9,10.3,39.5,17.6,7.0,18.0,14.0,0.1,0.3,0.3,0.57,0.77,2.83,1.52,7.0,1.2,14.0,0.1,0.3,0.3,5.2,8.2,26.4,14.1,7.0,11.3,14.0,0.1,0.3,0.3,-7.8,4.9,25.1,-1.9,7.0,39.6,14.0,0.1,0.3,0.3,-6.8,18.0,47.5,21.6,7.0,30.2,14.0,0.1,0.3,0.3,-14.1,10.2,24.5,-2.6,7.0,39.5,14.0,0.1,0.3,0.3,-18.5,17.1,42.4,14.2,7.0,36.3,14.0,0.1,0.3,0.3,-6.3,1.6,5.1,1.8,7.0,8.0,14.0,0.1,0.3,0.3,-26.2,2.6,4.6,-7.3,7.0,15.1,14.0,0.1,0.3,0.3,452.5,551.5,1314.0,1760.5,7.0,3085.0,14.0,0.1,0.3,0.3,455.0,550.0,1315.0,1760.0,7.0,3085.0,14.0,0.1,0.3,0.3
1974,2,177.0,48.0,3.13,4.0,5.73,4.0,9.0,1.82,18.0,0.6,0.4,0.4,2.79,4.0,4.8,3.89,11.0,1.46,20.0,0.6,0.4,0.5,3.57,3.82,4.91,4.11,8.0,0.74,18.0,0.5,0.5,0.4,71.2,81.0,89.7,81.2,8.0,8.6,18.0,0.5,0.4,7.99,9.8,14.23,11.41,11.0,5.73,20.0,0.6,0.4,0.5,-13.37,4.95,8.39,-0.52,11.0,10.61,20.0,0.6,0.4,0.5,0.22,5.9,8.7,5.49,11.0,5.46,20.0,0.6,0.4,0.5,994.31,1021.5,1027.33,1012.21,9.0,16.85,18.0,0.6,0.4,0.4,3.0,6.5,8.0,5.5,8.0,2.8,18.0,0.6,0.4,0.5,-191.1,38.1,82.2,-45.4,11.0,186.4,20.0,0.6,0.4,0.5,6.7,55.6,109.1,83.6,11.0,121.8,20.0,0.6,0.4,0.5,-1.81,1.0,2.23,0.02,9.0,2.22,18.0,0.6,0.4,0.4,-15.0,9.3,30.7,7.5,9.0,29.7,18.0,0.6,0.4,0.4,0.28,1.27,1.72,1.01,8.0,0.76,18.0,0.5,0.5,0.4,2.4,16.1,22.9,14.1,8.0,12.0,18.0,0.5,0.5,0.4,-26.0,21.1,41.5,6.5,11.0,37.7,20.0,0.6,0.4,0.5,1.1,20.9,45.9,21.9,11.0,22.1,20.0,0.6,0.4,0.5,-53.1,21.7,34.0,-5.0,8.0,49.3,18.0,0.5,0.5,0.4,15.4,22.7,32.9,28.0,8.0,20.9,18.0,0.5,0.5,0.4,-21.5,0.3,9.6,-4.2,8.0,15.9,18.0,0.5,0.5,0.4,1.8,4.8,8.7,6.4,8.0,7.0,18.0,0.5,0.5,0.4,512.0,941.0,2921.0,2716.0,11.0,4838.5,20.0,0.6,0.4,0.5,510.0,940.0,2920.0,2715.0,11.0,4840.0,20.0,0.6,0.4,0.5
1974,2,177.0,49.0,4.0,4.5,5.0,4.41,11.0,0.58,14.0,0.5,0.6,0.6,1.79,3.0,4.08,2.81,11.0,1.39,14.0,0.5,0.6,0.6,3.43,3.87,4.07,3.87,9.0,0.52,16.0,0.6,0.6,0.6,75.4,84.2,96.4,84.4,9.0,10.4,16.0,0.6,0.6,8.96,13.1,22.17,15.17,10.0,7.41,16.0,0.5,0.6,0.6,-20.93,3.04,6.37,-5.07,10.0,14.75,16.0,0.5,0.6,0.6,-6.47,2.21,10.03,2.0,10.0,7.75,16.0,0.5,0.6,0.6,994.29,1002.7,1019.71,1004.82,11.0,11.56,14.0,0.5,0.6,0.6,4.0,7.0,8.0,6.1,7.0,2.1,12.0,0.6,0.5,0.6,-465.1,24.6,57.0,-161.9,10.0,316.9,16.0,0.5,0.6,0.6,-58.7,11.3,172.1,46.2,10.0,116.1,16.0,0.5,0.6,0.6,-0.08,1.0,3.0,1.6,11.0,1.8,14.0,0.5,0.6,0.6,-0.6,15.0,62.5,29.0,10.0,32.1,16.0,0.5,0.6,0.6,0.93,1.47,1.88,1.38,9.0,0.64,16.0,0.6,0.6,0.6,11.7,18.1,42.5,22.8,9.0,15.8,16.0,0.6,0.6,0.6,-46.5,5.4,19.1,-6.7,10.0,38.3,16.0,0.5,0.6,0.6,-9.6,8.1,26.4,9.6,10.0,21.4,16.0,0.5,0.6,0.6,-83.6,13.6,25.0,-18.9,9.0,60.3,16.0,0.6,0.6,0.6,-26.4,0.0,36.5,6.1,9.0,30.9,16.0,0.6,0.6,0.6,-36.8,0.0,8.0,-11.7,9.0,22.0,16.0,0.6,0.6,0.6,-9.5,0.0,18.0,2.1,9.0,13.8,16.0,0.6,0.6,0.6,721.0,2456.0,10915.5,5831.0,10.0,6687.0,16.0,0.5,0.6,0.6,720.0,2455.0,10915.0,5830.0,10.0,6685.0,16.0,0.5,0.6,0.6
1974,2,177.0,50.0,3.0,3.9,4.0,3.67,11.0,0.64,18.0,0.4,0.2,0.4,-0.94,1.55,5.47,2.36,14.0,2.71,16.0,0.3,0.2,0.5,3.34,4.1,4.7,4.05,12.0,0.77,16.0,0.3,0.2,0.5,77.6,91.3,100.0,87.8,12.0,11.8,16.0,0.3,0.5,4.12,9.8,16.98,10.84,15.0,6.11,16.0,0.3,0.2,0.4,-9.7,0.0,4.26,-3.16,15.0,8.19,16.0,0.3,0.2,0.4,-8.42,1.06,8.42,-0.13,15.0,9.24,16.0,0.3,0.2,0.4,996.22,1015.5,1027.6,1012.45,15.0,14.61,16.0,0.3,0.2,0.4,3.8,6.0,8.0,5.8,13.0,2.3,16.0,0.2,0.2,0.5,-121.1,0.0,39.0,-60.0,15.0,148.9,16.0,0.3,0.2,0.4,-156.9,3.3,94.6,-21.3,15.0,147.4,16.0,0.3,0.2,0.4,-1.91,0.0,3.41,0.61,11.0,2.93,18.0,0.4,0.2,0.4,-18.9,0.0,37.9,6.3,11.0,27.0,18.0,0.4,0.2,0.4,0.09,0.69,1.47,0.79,10.0,0.89,18.0,0.4,0.2,0.5,-0.4,5.5,13.7,5.8,10.0,7.6,18.0,0.4,0.2,0.5,-7.6,0.2,11.6,2.8,14.0,17.1,16.0,0.3,0.2,0.5,-7.4,6.4,44.7,15.0,14.0,25.8,16.0,0.3,0.2,0.5,-27.0,-2.7,15.0,-9.6,12.0,31.1,16.0,0.3,0.2,0.5,-26.7,-1.5,39.0,4.6,12.0,34.1,16.0,0.3,0.2,0.5,-12.9,-0.1,2.5,-3.4,10.0,7.6,18.0,0.4,0.2,0.5,-5.5,-2.2,5.3,-0.9,10.0,4.9,18.0,0.4,0.2,0.5,124.5,941.0,5072.0,2492.5,15.0,3476.5,16.0,0.3,0.2,0.4,125.0,940.0,5070.0,2495.0,15.0,3475.0,16.0,0.3,0.2,0.4
1974,2,177.0,51.0,3.0,3.5,4.0,3.5,4.0,0.58,20.0,0.8,0.5,0.2,-1.44,1.15,4.21,1.38,4.0,3.47,20.0,0.8,0.5,0.2,3.51,3.65,4.18,3.84,3.0,0.51,24.0,0.7,0.6,0.2,77.1,79.3,93.4,85.1,3.0,13.0,24.0,0.7,0.2,10.65,13.9,21.97,16.2,4.0,9.21,20.0,0.8,0.5,0.2,-18.8,-3.62,5.58,-6.47,4.0,16.9,20.0,0.8,0.5,0.2,-7.28,1.32,5.93,-0.58,4.0,9.64,20.0,0.8,0.5,0.2,1009.32,1013.0,1024.17,1016.58,4.0,11.02,20.0,0.8,0.5,0.2,6.0,8.0,8.0,7.0,3.0,1.7,18.0,0.7,0.4,0.2,-476.3,-27.9,77.5,-191.5,4.0,452.9,20.0,0.8,0.5,0.2,-101.2,10.1,74.7,-12.2,4.0,132.4,20.0,0.8,0.5,0.2,-0.69,2.35,4.92,2.13,4.0,3.29,20.0,0.8,0.5,0.2,-10.2,37.6,104.2,46.6,4.0,69.7,20.0,0.8,0.5,0.2,0.78,1.15,1.32,1.05,3.0,0.4,24.0,0.7,0.6,0.2,8.5,8.9,30.6,19.3,3.0,18.5,24.0,0.7,0.6,0.2,-10.6,7.3,37.7,13.2,4.0,33.4,20.0,0.8,0.5,0.2,3.5,19.7,41.0,22.1,4.0,22.6,20.0,0.8,0.5,0.2,-80.9,-24.9,24.2,-28.3,3.0,77.1,24.0,0.7,0.6,0.2,2.9,9.1,29.8,16.2,3.0,20.7,24.0,0.7,0.6,0.2,-30.5,-8.3,1.7,-14.2,3.0,24.1,24.0,0.7,0.6,0.2,1.0,3.0,4.6,2.8,3.0,2.7,24.0,0.7,0.6,0.2,1518.0,2685.5,14456.5,7745.5,4.0,11653.0,20.0,0.8,0.5,0.2,1520.0,2685.0,14455.0,7745.0,4.0,11655.0,20.0,0.8,0.5,0.2
1974,2,177.0,52.0,2.19,3.5,4.21,3.25,6.0,1.41,12.0,0.2,0.4,0.7,-2.0,0.5,2.6,0.42,6.0,2.15,12.0,0.2,0.4,0.7,2.63,3.04,3.58,3.14,5.0,0.63,10.0,0.2,0.5,0.7,72.8,79.9,83.9,78.9,5.0,7.5,10.0,0.2,0.7,9.47,14.15,14.61,12.68,6.0,2.94,12.0,0.2,0.4,0.7,-14.16,-9.62,0.93,-6.49,6.0,9.84,12.0,0.2,0.4,0.7,-9.34,-4.63,0.55,-4.25,6.0,5.72,12.0,0.2,0.4,0.7,1004.44,1011.5,1018.74,1011.65,6.0,12.54,12.0,0.2,0.4,0.7,6.3,7.0,7.7,7.0,3.0,1.0,10.0,0.3,0.3,0.7,-201.5,-113.0,19.6,-85.1,6.0,144.0,12.0,0.2,0.4,0.7,-133.3,-47.3,8.5,-53.3,6.0,76.3,12.0,0.2,0.4,0.7,0.69,2.25,6.0,2.83,6.0,2.66,12.0,0.2,0.4,0.7,10.2,33.7,64.5,37.1,6.0,32.3,12.0,0.2,0.4,0.7,1.32,1.66,2.42,1.82,5.0,0.56,10.0,0.2,0.5,0.7,17.1,23.7,28.0,22.8,5.0,8.8,10.0,0.2,0.5,0.7,-27.3,1.7,13.3,-4.3,6.0,22.6,12.0,0.2,0.4,0.7,-1.9,3.3,18.7,5.9,6.0,11.3,12.0,0.2,0.4,0.7,-41.2,-26.7,9.4,-17.8,5.0,35.5,10.0,0.2,0.5,0.7,-26.5,-24.1,4.0,-13.3,5.0,17.7,10.0,0.2,0.5,0.7,-22.9,-10.3,4.1,-8.7,5.0,17.5,10.0,0.2,0.5,0.7,-22.8,-15.4,1.3,-11.5,5.0,12.6,10.0,0.2,0.5,0.7,860.5,2836.0,3123.5,2300.5,6.0,1251.0,12.0,0.2,0.4,0.7,860.0,2835.0,3125.0,2300.0,6.0,1250.0,12.0,0.2,0.4,0.7
1974,2,177.0,53.0,2.11,4.0,5.0,3.63,8.0,1.53,16.0,0.6,0.5,0.6,0.0,1.0,2.0,0.77,11.0,2.37,14.0,0.5,0.5,0.6,2.86,3.02,3.45,3.34,8.0,0.78,14.0,0.5,0.5,0.5,68.1,81.1,86.5,79.0,8.0,9.8,14.0,0.5,0.5,6.33,12.9,14.52,11.24,11.0,4.36,14.0,0.5,0.5,0.6,-10.06,-9.88,0.37,-5.55,11.0,7.27,14.0,0.5,0.5,0.6,-7.65,0.0,9.27,0.58,11.0,8.41,14.0,0.5,0.5,0.6,1001.76,1006.5,1029.0,1012.35,11.0,12.91,14.0,0.5,0.5,0.6,8.0,8.0,8.0,7.6,8.0,1.1,16.0,0.6,0.5,0.5,-137.8,-106.1,1.9,-75.6,11.0,108.5,14.0,0.5,0.5,0.6,-74.6,0.0,123.9,21.6,11.0,108.1,14.0,0.5,0.5,0.6,1.61,3.25,5.0,2.81,8.0,2.9,16.0,0.6,0.5,0.6,8.1,34.4,64.5,29.8,8.0,40.9,16.0,0.6,0.5,0.6,0.89,2.08,2.35,1.57,6.0,1.24,16.0,0.5,0.5,0.4,0.9,13.0,29.4,13.0,6.0,15.6,16.0,0.5,0.5,0.4,-9.7,0.0,4.7,0.4,11.0,20.2,14.0,0.5,0.5,0.6,-3.5,0.0,27.1,9.4,11.0,24.3,14.0,0.5,0.5,0.6,-30.7,-18.2,2.2,-10.1,8.0,27.2,14.0,0.5,0.5,0.5,-19.8,-4.1,25.2,4.4,8.0,28.3,14.0,0.5,0.5,0.5,-22.5,-5.0,0.4,-8.9,6.0,11.2,16.0,0.5,0.5,0.4,-12.5,-5.9,18.9,0.1,6.0,15.1,16.0,0.5,0.5,0.4,274.0,2146.5,3085.0,1951.5,11.0,1503.0,14.0,0.5,0.5,0.6,275.0,2145.0,3085.0,1950.0,11.0,1505.0,14.0,0.5,0.5,0.6
1974,2,177.0,54.0,3.5,3.5,3.5,3.5,1.0,0.0,2.0,1.0,0.4,0.3,3.0,3.0,3.0,3.0,1.0,0.0,2.0,1.0,0.4,0.3,2.44,2.44,2.44,2.44,1.0,0.0,2.0,1.0,0.4,0.3,51.6,51.6,51.6,51.6,1.0,0.0,2.0,1.0,0.3,8.2,8.2,8.2,8.2,1.0,0.0,2.0,1.0,0.4,0.3,-2.8,-2.8,-2.8,-2.8,1.0,0.0,2.0,1.0,0.4,0.3,-7.71,-7.71,-7.71,-7.71,1.0,0.0,2.0,1.0,0.4,0.3,1002.8,1002.8,1002.8,1002.8,1.0,0.0,2.0,1.0,0.4,0.3,4.0,4.0,4.0,4.0,1.0,0.0,2.0,1.0,0.4,0.3,-23.0,-23.0,-23.0,-23.0,1.0,0.0,2.0,1.0,0.4,0.3,-63.2,-63.2,-63.2,-63.2,1.0,0.0,2.0,1.0,0.4,0.3,0.5,0.5,0.5,0.5,1.0,0.0,2.0,1.0,0.4,0.3,4.1,4.1,4.1,4.1,1.0,0.0,2.0,1.0,0.4,0.3,2.47,2.47,2.47,2.47,1.0,0.0,2.0,1.0,0.4,0.3,20.2,20.2,20.2,20.2,1.0,0.0,2.0,1.0,0.4,0.3,-8.4,-8.4,-8.4,-8.4,1.0,0.0,2.0,1.0,0.4,0.3,-23.1,-23.1,-23.1,-23.1,1.0,0.0,2.0,1.0,0.4,0.3,-6.8,-6.8,-6.8,-6.8,1.0,0.0,2.0,1.0,0.4,0.3,-18.8,-18.8,-18.8,-18.8,1.0,0.0,2.0,1.0,0.4,0.3,-6.9,-6.9,-6.9,-6.9,1.0,0.0,2.0,1.0,0.4,0.3,-19.0,-19.0,-19.0,-19.0,1.0,0.0,2.0,1.0,0.4,0.3,551.5,551.5,551.5,551.5,1.0,0.0,2.0,1.0,0.4,0.3,550.0,550.0,550.0,550.0,1.0,0.0,2.0,1.0,0.4,0.3
1974,2,177.0,55.0,,,,,,,,,,,,,,,,,,,,,,,,,,,,,,,,,,,,,,,,6.36,6.7,14.41,10.3,3.0,6.67,10.0,0.7,0.4,0.1,-3.16,1.08,6.49,1.65,3.0,7.08,10.0,0.7,0.4,0.1,-12.58,-6.11,-4.88,-8.67,3.0,6.06,10.0,0.7,0.4,0.1,1000.95,1011.8,1011.87,1006.53,3.0,9.21,10.0,0.7,0.4,0.1,,,,,,,,,,,,,,,,,,,,,,,,,,,,,,,,,,,,,,,,,,,,,,,,,,,,,,,,,,,,,,,,,,,,,,,,,,,,,,,,,,,,,,,,,,,,,,,,,,,,,,,,,,,,,,,,,,,,,,,,,,,,,,,,,,,,,,,,,,,,,,,,,,,,,,
1974,2,177.0,56.0,,,,,,,,,,,,,,,,,,,,,,,,,,,,,,,,,,,,,,,,7.49,8.1,8.71,8.1,2.0,1.27,18.0,0.0,0.6,0.7,4.46,6.3,8.14,6.3,2.0,3.82,18.0,0.0,0.6,0.7,-5.25,-3.12,-0.99,-3.12,2.0,4.41,18.0,0.0,0.6,0.7,1027.36,1032.0,1036.64,1032.0,2.0,9.62,16.0,0.0,0.6,0.7,,,,,,,,,,,,,,,,,,,,,,,,,,,,,,,,,,,,,,,,,,,,,,,,,,,,,,,,,,,,,,,,,,,,,,,,,,,,,,,,,,,,,,,,,,,,,,,,,,,,,,,,,,,,,,,,,,,,,,,,,,,,,,,,,,,,,,,,,,,,,,,,,,,,,,
1974,2,177.0,57.0,,,,,,,,,,,,,,,,,,,,,,,,,,,,,,,,,,,,,,,,6.2,6.2,6.2,6.2,1.0,0.0,4.0,0.0,0.1,0.7,-5.83,-5.83,-5.83,-5.83,1.0,0.0,4.0,0.0,0.1,0.7,-2.12,-2.12,-2.12,-2.12,1.0,0.0,4.0,0.0,0.1,0.7,1008.9,1008.9,1008.9,1008.9,1.0,0.0,4.0,0.0,0.1,0.7,,,,,,,,,,,,,,,,,,,,,,,,,,,,,,,,,,,,,,,,,,,,,,,,,,,,,,,,,,,,,,,,,,,,,,,,,,,,,,,,,,,,,,,,,,,,,,,,,,,,,,,,,,,,,,,,,,,,,,,,,,,,,,,,,,,,,,,,,,,,,,,,,,,,,,
1974,2,177.0,58.0,,,,,,,,,,,,,,,,,,,,,,,,,,,,,,,,,,,,,,,,8.02,8.2,8.7,8.89,8.0,2.08,12.0,0.3,0.2,0.6,-5.49,-2.05,2.49,-2.32,8.0,6.17,12.0,0.3,0.2,0.6,-7.9,-6.09,4.7,-3.07,8.0,6.29,12.0,0.3,0.2,0.6,1003.43,1006.95,1028.16,1012.94,8.0,12.91,12.0,0.3,0.2,0.6,,,,,,,,,,,,,,,,,,,,,,,,,,,,,,,,,,,,,,,,,,,,,,,,,,,,,,,,,,,,,,,,,,,,,,,,,,,,,,,,,,,,,,,,,,,,,,,,,,,,,,,,,,,,,,,,,,,,,,,,,,,,,,,,,,,,,,,,,,,,,,,,,,,,,,
1974,2,177.0,59.0,,,,,,,,,,,,,,,,,,,,,,,,,,,,,,,,,,,,,,,,4.58,8.55,13.0,8.78,4.0,4.9,20.0,0.3,0.3,0.3,-6.68,-3.73,5.59,-0.69,4.0,10.06,20.0,0.3,0.3,0.3,-2.69,-1.02,4.04,0.6,4.0,4.93,20.0,0.3,0.3,0.3,1008.87,1021.2,1025.2,1017.23,4.0,11.27,20.0,0.3,0.3,0.3,,,,,,,,,,,,,,,,,,,,,,,,,,,,,,,,,,,,,,,,,,,,,,,,,,,,,,,,,,,,,,,,,,,,,,,,,,,,,,,,,,,,,,,,,,,,,,,,,,,,,,,,,,,,,,,,,,,,,,,,,,,,,,,,,,,,,,,,,,,,,,,,,,,,,,
1974,2,177.0,60.0,,,,,,,,,,,,,,,,,,,,,,,,,,,,,,,,,,,,,,,,11.8,11.8,11.8,11.8,1.0,0.0,2.0,0.0,0.0,0.5,2.05,2.05,2.05,2.05,1.0,0.0,2.0,0.0,0.0,0.5,-11.62,-11.62,-11.62,-11.62,1.0,0.0,2.0,0.0,0.0,0.5,1013.3,1013.3,1013.3,1013.3,1.0,0.0,2.0,0.0,0.0,0.5,,,,,,,,,,,,,,,,,,,,,,,,,,,,,,,,,,,,,,,,,,,,,,,,,,,,,,,,,,,,,,,,,,,,,,,,,,,,,,,,,,,,,,,,,,,,,,,,,,,,,,,,,,,,,,,,,,,,,,,,,,,,,,,,,,,,,,,,,,,,,,,,,,,,,,
1974,2,177.0,61.0,,,,,,,,,,,,,,,,,,,,,,,,,,,,,,,,,,,,,,,,11.28,11.8,13.42,12.33,4.0,1.78,2.0,0.3,0.4,0.6,-1.36,2.02,7.28,2.92,4.0,5.58,2.0,0.3,0.4,0.6,-12.97,-10.94,-8.23,-10.62,4.0,3.6,2.0,0.3,0.4,0.6,1011.84,1012.9,1014.71,1013.27,7.0,2.05,2.0,0.3,0.4,0.7,,,,,,,,,,,,,,,,,,,,,,,,,,,,,,,,,,,,,,,,,,,,,,,,,,,,,,,,,,,,,,,,,,,,,,,,,,,,,,,,,,,,,,,,,,,,,,,,,,,,,,,,,,,,,,,,,,,,,,,,,,,,,,,,,,,,,,,,,,,,,,,,,,,,,,
1974,2,177.0,77.0,,,,,,,,,,,,,,,,,,,,,,,,,,,,,,,,,,,,,,,,3.53,5.1,8.49,5.33,10.0,2.91,16.0,0.0,0.5,0.7,0.23,2.85,6.57,3.53,10.0,3.3,16.0,0.0,0.5,0.7,-3.65,-1.27,3.8,-0.76,10.0,3.83,16.0,0.0,0.5,0.7,1014.52,1017.7,1030.85,1021.13,14.0,10.14,16.0,0.0,0.5,0.7,,,,,,,,,,,,,,,,,,,,,,,,,,,,,,,,,,,,,,,,,,,,,,,,,,,,,,,,,,,,,,,,,,,,,,,,,,,,,,,,,,,,,,,,,,,,,,,,,,,,,,,,,,,,,,,,,,,,,,,,,,,,,,,,,,,,,,,,,,,,,,,,,,,,,,
1974,2,177.0,78.0,,,,,,,,,,,,,,,,,,,,,,,,,,,,,,,,,,,,,,,,5.1,5.1,5.1,5.1,1.0,0.0,2.0,0.0,0.6,0.0,1.74,1.74,1.74,1.74,1.0,0.0,2.0,0.0,0.6,0.0,-4.79,-4.79,-4.79,-4.79,1.0,0.0,2.0,0.0,0.6,0.0,1026.1,1032.2,1032.42,1030.13,7.0,3.06,2.0,0.0,0.6,0.0,,,,,,,,,,,,,,,,,,,,,,,,,,,,,,,,,,,,,,,,,,,,,,,,,,,,,,,,,,,,,,,,,,,,,,,,,,,,,,,,,,,,,,,,,,,,,,,,,,,,,,,,,,,,,,,,,,,,,,,,,,,,,,,,,,,,,,,,,,,,,,,,,,,,,,
1974,2,178.0,-75.0,,,,,,,,,,,,,,,,,,,,,,,,,,,,,,,,,,,,,,,,,,,,,,,,,,,,,,,,,,,,,,,,,,,,,,,,,,,,,,,,3.0,3.0,3.0,3.0,1.0,0.0,16.0,1.0,0.8,0.1,-37.9,-37.9,-37.9,-37.9,1.0,0.0,16.0,1.0,0.8,0.1,6.7,6.7,6.7,6.7,1.0,0.0,16.0,1.0,0.8,0.1,,,,,,,,,,,,,,,,,,,,,,,,,,,,,,,,,,,,,,,,,,,,,,,,,,,,,,,,,,,,,,,,,,,,,,,,,,,,,,,,,,,,,,,,,,,,,,,,,,,,,,,,,,,,,,,,,,,,,,,,
1974,2,178.0,-72.0,0.5,0.5,0.5,0.5,1.0,0.0,20.0,1.0,0.6,0.4,-2.8,-2.8,-2.8,-2.8,1.0,0.0,20.0,1.0,0.6,0.4,3.18,3.18,3.18,3.18,1.0,0.0,20.0,1.0,0.6,0.4,100.0,100.0,100.0,100.0,1.0,0.0,20.0,1.0,0.4,6.2,6.2,6.2,6.2,1.0,0.0,20.0,1.0,0.6,0.4,2.12,2.12,2.12,2.12,1.0,0.0,20.0,1.0,0.6,0.4,-5.83,-5.83,-5.83,-5.83,1.0,0.0,20.0,1.0,0.6,0.4,979.7,979.7,979.7,979.7,1.0,0.0,20.0,1.0,0.6,0.4,8.0,8.0,8.0,8.0,1.0,0.0,20.0,1.0,0.6,0.4,13.1,13.1,13.1,13.1,1.0,0.0,20.0,1.0,0.6,0.4,-36.1,-36.1,-36.1,-36.1,1.0,0.0,20.0,1.0,0.6,0.4,3.3,3.3,3.3,3.3,1.0,0.0,20.0,1.0,0.6,0.4,20.5,20.5,20.5,20.5,1.0,0.0,20.0,1.0,0.6,0.4,0.87,0.87,0.87,0.87,1.0,0.0,20.0,1.0,0.6,0.4,5.4,5.4,5.4,5.4,1.0,0.0,20.0,1.0,0.6,0.4,-5.9,-5.9,-5.9,-5.9,1.0,0.0,20.0,1.0,0.6,0.4,16.3,16.3,16.3,16.3,1.0,0.0,20.0,1.0,0.6,0.4,6.7,6.7,6.7,6.7,1.0,0.0,20.0,1.0,0.6,0.4,-18.5,-18.5,-18.5,-18.5,1.0,0.0,20.0,1.0,0.6,0.4,1.8,1.8,1.8,1.8,1.0,0.0,20.0,1.0,0.6,0.4,-5.1,-5.1,-5.1,-5.1,1.0,0.0,20.0,1.0,0.6,0.4,238.5,238.5,238.5,238.5,1.0,0.0,20.0,1.0,0.6,0.4,240.0,240.0,240.0,240.0,1.0,0.0,20.0,1.0,0.6,0.4
1974,2,178.0,-68.0,0.0,0.0,0.0,0.0,1.0,0.0,18.0,1.0,0.5,0.9,2.3,2.3,2.3,2.3,1.0,0.0,18.0,1.0,0.5,0.9,3.35,3.35,3.35,3.35,1.0,0.0,18.0,1.0,0.5,0.9,73.2,73.2,73.2,73.2,1.0,0.0,18.0,1.0,0.9,13.4,13.4,13.4,13.4,1.0,0.0,18.0,1.0,0.5,0.9,13.2,13.2,13.2,13.2,1.0,0.0,18.0,1.0,0.5,0.9,-2.33,-2.33,-2.33,-2.33,1.0,0.0,18.0,1.0,0.5,0.9,985.9,985.9,985.9,985.9,1.0,0.0,18.0,1.0,0.5,0.9,8.0,8.0,8.0,8.0,1.0,0.0,18.0,1.0,0.5,0.9,176.8,176.8,176.8,176.8,1.0,0.0,18.0,1.0,0.5,0.9,-31.2,-31.2,-31.2,-31.2,1.0,0.0,18.0,1.0,0.5,0.9,-2.3,-2.3,-2.3,-2.3,1.0,0.0,18.0,1.0,0.5,0.9,-30.8,-30.8,-30.8,-30.8,1.0,0.0,18.0,1.0,0.5,0.9,0.53,0.53,0.53,0.53,1.0,0.0,18.0,1.0,0.5,0.9,7.1,7.1,7.1,7.1,1.0,0.0,18.0,1.0,0.5,0.9,30.4,30.4,30.4,30.4,1.0,0.0,18.0,1.0,0.5,0.9,-5.4,-5.4,-5.4,-5.4,1.0,0.0,18.0,1.0,0.5,0.9,44.2,44.2,44.2,44.2,1.0,0.0,18.0,1.0,0.5,0.9,-7.8,-7.8,-7.8,-7.8,1.0,0.0,18.0,1.0,0.5,0.9,7.0,7.0,7.0,7.0,1.0,0.0,18.0,1.0,0.5,0.9,-1.2,-1.2,-1.2,-1.2,1.0,0.0,18.0,1.0,0.5,0.9,2406.0,2406.0,2406.0,2406.0,1.0,0.0,18.0,1.0,0.5,0.9,2405.0,2405.0,2405.0,2405.0,1.0,0.0,18.0,1.0,0.5,0.9
1974,2,178.0,-48.0,,,,,,,,,,,,,,,,,,,,,,,,,,,,,,,,,,,,,,,,8.7,8.7,8.7,8.7,1.0,0.0,10.0,0.0,0.7,0.4,0.0,0.0,0.0,0.0,1.0,0.0,10.0,0.0,0.7,0.4,8.7,8.7,8.7,8.7,1.0,0.0,10.0,0.0,0.7,0.4,1025.2,1025.2,1025.2,1025.2,1.0,0.0,10.0,0.0,0.7,0.4,,,,,,,,,,,,,,,,,,,,,,,,,,,,,,,,,,,,,,,,,,,,,,,,,,,,,,,,,,,,,,,,,,,,,,,,,,,,,,,,,,,,,,,,,,,,,,,,,,,,,,,,,,,,,,,,,,,,,,,,,,,,,,,,,,,,,,,,,,,,,,,,,,,,,,
1974,2,178.0,-47.0,14.2,14.2,14.2,14.2,1.0,0.0,14.0,1.0,0.3,0.9,16.1,16.1,16.1,16.1,1.0,0.0,14.0,1.0,0.3,0.9,11.3,11.3,11.3,11.3,1.0,0.0,14.0,1.0,0.3,0.9,99.4,99.4,99.4,99.4,1.0,0.0,14.0,1.0,0.9,7.7,7.7,7.7,7.7,1.0,0.0,14.0,1.0,0.3,0.9,-2.63,-2.63,-2.63,-2.63,1.0,0.0,14.0,1.0,0.3,0.9,-7.24,-7.24,-7.24,-7.24,1.0,0.0,14.0,1.0,0.3,0.9,1012.0,1012.0,1012.0,1012.0,1.0,0.0,14.0,1.0,0.3,0.9,8.0,8.0,8.0,8.0,1.0,0.0,14.0,1.0,0.3,0.9,-20.3,-20.3,-20.3,-20.3,1.0,0.0,14.0,1.0,0.3,0.9,-55.7,-55.7,-55.7,-55.7,1.0,0.0,14.0,1.0,0.3,0.9,-1.9,-1.9,-1.9,-1.9,1.0,0.0,14.0,1.0,0.3,0.9,-14.6,-14.6,-14.6,-14.6,1.0,0.0,14.0,1.0,0.3,0.9,-1.24,-1.24,-1.24,-1.24,1.0,0.0,14.0,1.0,0.3,0.9,-9.6,-9.6,-9.6,-9.6,1.0,0.0,14.0,1.0,0.3,0.9,-42.4,-42.4,-42.4,-42.4,1.0,0.0,14.0,1.0,0.3,0.9,-116.5,-116.5,-116.5,-116.5,1.0,0.0,14.0,1.0,0.3,0.9,-29.7,-29.7,-29.7,-29.7,1.0,0.0,14.0,1.0,0.3,0.9,-81.7,-81.7,-81.7,-81.7,1.0,0.0,14.0,1.0,0.3,0.9,3.3,3.3,3.3,3.3,1.0,0.0,14.0,1.0,0.3,0.9,9.0,9.0,9.0,9.0,1.0,0.0,14.0,1.0,0.3,0.9,456.5,456.5,456.5,456.5,1.0,0.0,14.0,1.0,0.3,0.9,455.0,455.0,455.0,455.0,1.0,0.0,14.0,1.0,0.3,0.9
1974,2,178.0,-45.0,,,,,,,,,,,,,,,,,,,,,,,,,,,,,,,,,,,,,,,,2.1,2.1,2.1,2.1,1.0,0.0,18.0,1.0,0.5,0.2,0.0,0.0,0.0,0.0,1.0,0.0,18.0,1.0,0.5,0.2,2.1,2.1,2.1,2.1,1.0,0.0,18.0,1.0,0.5,0.2,1033.5,1033.5,1033.5,1033.5,1.0,0.0,18.0,1.0,0.5,0.2,,,,,,,,,,,,,,,,,,,,,,,,,,,,,,,,,,,,,,,,,,,,,,,,,,,,,,,,,,,,,,,,,,,,,,,,,,,,,,,,,,,,,,,,,,,,,,,,,,,,,,,,,,,,,,,,,,,,,,,,,,,,,,,,,,,,,,,,,,,,,,,,,,,,,,
1974,2,178.0,-44.0,18.3,18.3,18.3,18.3,1.0,0.0,24.0,0.0,0.3,0.4,19.2,19.2,19.2,19.2,1.0,0.0,24.0,0.0,0.3,0.4,11.26,11.26,11.26,11.26,1.0,0.0,24.0,0.0,0.3,0.4,81.7,81.7,81.7,81.7,1.0,0.0,24.0,0.0,0.4,13.9,13.9,13.9,13.9,1.0,0.0,24.0,0.0,0.3,0.4,0.0,0.0,0.0,0.0,1.0,0.0,24.0,0.0,0.3,0.4,-13.9,-13.9,-13.9,-13.9,1.0,0.0,24.0,0.0,0.3,0.4,1015.0,1015.0,1015.0,1015.0,1.0,0.0,24.0,0.0,0.3,0.4,8.0,8.0,8.0,8.0,1.0,0.0,24.0,0.0,0.3,0.4,0.0,0.0,0.0,0.0,1.0,0.0,24.0,0.0,0.3,0.4,-193.2,-193.2,-193.2,-193.2,1.0,0.0,24.0,0.0,0.3,0.4,-0.9,-0.9,-0.9,-0.9,1.0,0.0,24.0,0.0,0.3,0.4,-12.5,-12.5,-12.5,-12.5,1.0,0.0,24.0,0.0,0.3,0.4,1.78,1.78,1.78,1.78,1.0,0.0,24.0,0.0,0.3,0.4,24.7,24.7,24.7,24.7,1.0,0.0,24.0,0.0,0.3,0.4,0.0,0.0,0.0,0.0,1.0,0.0,24.0,0.0,0.3,0.4,-266.9,-266.9,-266.9,-266.9,1.0,0.0,24.0,0.0,0.3,0.4,0.0,0.0,0.0,0.0,1.0,0.0,24.0,0.0,0.3,0.4,-156.5,-156.5,-156.5,-156.5,1.0,0.0,24.0,0.0,0.3,0.4,0.0,0.0,0.0,0.0,1.0,0.0,24.0,0.0,0.3,0.4,-24.7,-24.7,-24.7,-24.7,1.0,0.0,24.0,0.0,0.3,0.4,2685.5,2685.5,2685.5,2685.5,1.0,0.0,24.0,0.0,0.3,0.4,2685.0,2685.0,2685.0,2685.0,1.0,0.0,24.0,0.0,0.3,0.4
1974,2,178.0,-43.0,20.0,20.0,20.0,20.0,2.0,0.0,22.0,1.0,0.3,0.6,17.45,18.0,19.71,18.57,3.0,1.72,20.0,0.7,0.3,0.7,9.2,9.27,10.36,9.77,3.0,0.95,20.0,0.7,0.3,0.7,66.6,76.3,82.8,74.8,3.0,12.0,20.0,0.7,0.7,4.06,7.2,8.22,6.17,3.0,3.18,20.0,0.7,0.3,0.7,-6.39,-5.59,-3.13,-4.78,3.0,2.49,20.0,0.7,0.3,0.7,1.92,2.46,5.33,3.6,3.0,2.68,20.0,0.7,0.3,0.7,1017.83,1025.0,1025.07,1021.53,3.0,6.09,20.0,0.7,0.3,0.7,6.0,8.0,8.0,7.0,3.0,1.7,20.0,0.7,0.3,0.7,-48.7,-48.7,-19.0,-34.2,3.0,25.1,20.0,0.7,0.3,0.7,8.6,17.7,45.2,26.7,3.0,27.9,20.0,0.7,0.3,0.7,0.02,1.15,2.28,1.15,2.0,2.33,22.0,1.0,0.3,0.6,-1.9,1.8,5.6,1.8,2.0,7.7,22.0,1.0,0.3,0.6,5.21,5.22,5.24,5.22,2.0,0.04,22.0,1.0,0.3,0.6,17.4,25.5,33.6,25.5,2.0,16.8,22.0,1.0,0.3,0.6,-126.6,-100.7,-55.3,-91.2,3.0,52.9,20.0,0.7,0.3,0.7,35.6,50.5,97.9,66.4,3.0,47.6,20.0,0.7,0.3,0.7,-61.7,-60.8,-31.9,-47.1,3.0,24.8,20.0,0.7,0.3,0.7,17.7,22.6,56.6,36.8,3.0,31.0,20.0,0.7,0.3,0.7,-31.2,-22.8,-14.4,-22.8,2.0,17.5,22.0,1.0,0.3,0.6,9.4,10.8,12.2,10.8,2.0,2.8,22.0,1.0,0.3,0.6,130.5,373.0,568.0,350.0,3.0,321.0,20.0,0.7,0.3,0.7,130.0,375.0,570.0,350.0,3.0,320.0,20.0,0.7,0.3,0.7
1974,2,178.0,-42.0,,,,,,,,,,,,,,,,,,,,,,,,,,,,,,,,,,,,,,,,9.3,9.3,9.3,9.3,1.0,0.0,22.0,1.0,0.5,0.1,-8.74,-8.74,-8.74,-8.74,1.0,0.0,22.0,1.0,0.5,0.1,3.18,3.18,3.18,3.18,1.0,0.0,22.0,1.0,0.5,0.1,1028.0,1028.0,1028.0,1028.0,1.0,0.0,22.0,1.0,0.5,0.1,4.0,4.0,4.0,4.0,1.0,0.0,22.0,1.0,0.5,0.1,-81.3,-81.3,-81.3,-81.3,1.0,0.0,22.0,1.0,0.5,0.1,29.6,29.6,29.6,29.6,1.0,0.0,22.0,1.0,0.5,0.1,,,,,,,,,,,,,,,,,,,,,,,,,,,,,,,,,,,,,,,,,-134.6,-134.6,-134.6,-134.6,1.0,0.0,22.0,1.0,0.5,0.1,49.0,49.0,49.0,49.0,1.0,0.0,22.0,1.0,0.5,0.1,-89.3,-89.3,-89.3,-89.3,1.0,0.0,22.0,1.0,0.5,0.1,32.5,32.5,32.5,32.5,1.0,0.0,22.0,1.0,0.5,0.1,,,,,,,,,,,,,,,,,,,,,,,,,,,,,,,,,,,,,,,,
1974,2,178.0,-40.0,21.06,21.75,22.2,21.75,8.0,0.76,16.0,1.0,0.3,0.9,20.11,21.55,22.89,21.44,8.0,1.29,16.0,1.0,0.3,0.9,11.7,13.24,14.51,12.92,8.0,2.23,16.0,1.0,0.3,0.9,73.5,83.2,88.5,81.1,8.0,10.3,16.0,1.0,0.9,2.6,6.95,8.14,5.6,8.0,3.44,16.0,1.0,0.3,0.9,-4.07,-0.44,1.33,-1.12,8.0,2.79,16.0,1.0,0.3,0.9,-7.05,-1.22,5.43,-1.13,8.0,6.09,16.0,1.0,0.3,0.9,1013.47,1016.9,1022.07,1016.26,8.0,6.34,16.0,1.0,0.3,0.9,1.2,5.0,7.9,4.8,8.0,3.1,16.0,1.0,0.3,0.9,-33.2,-1.2,9.5,-10.8,8.0,22.9,16.0,1.0,0.3,0.9,-57.5,-3.2,32.8,-12.3,8.0,48.6,16.0,1.0,0.3,0.9,-1.0,0.65,1.47,0.31,8.0,1.31,16.0,1.0,0.3,0.9,-7.3,3.4,5.2,1.1,8.0,9.1,16.0,1.0,0.3,0.9,1.82,2.69,5.04,3.25,8.0,2.06,16.0,1.0,0.3,0.9,5.1,16.4,30.0,16.3,8.0,12.4,16.0,1.0,0.3,0.9,-93.0,-8.6,27.8,-25.9,8.0,62.0,16.0,1.0,0.3,0.9,-161.1,-23.7,116.9,-27.4,8.0,133.5,16.0,1.0,0.3,0.9,-59.1,-3.7,17.0,-17.4,8.0,39.8,16.0,1.0,0.3,0.9,-102.4,-10.1,63.2,-19.6,8.0,83.7,16.0,1.0,0.3,0.9,-7.7,-1.2,6.0,-0.4,8.0,7.0,16.0,1.0,0.3,0.9,-14.7,-2.1,27.2,2.9,8.0,20.0,16.0,1.0,0.3,0.9,17.5,347.5,541.0,335.0,8.0,331.0,16.0,1.0,0.3,0.9,20.0,345.0,540.0,335.0,8.0,330.0,16.0,1.0,0.3,0.9
1974,2,178.0,-39.0,21.0,21.0,21.37,21.18,4.0,0.35,16.0,0.8,0.4,0.4,19.74,20.5,21.42,20.58,4.0,1.03,16.0,0.8,0.4,0.4,12.78,13.93,14.82,13.81,4.0,1.35,16.0,0.8,0.4,0.4,86.9,91.2,97.1,92.0,4.0,6.4,16.0,0.8,0.4,4.84,6.15,8.82,6.8,4.0,2.59,16.0,0.8,0.4,0.4,-3.22,-0.27,1.93,-0.63,4.0,3.17,16.0,0.8,0.4,0.4,-4.93,2.61,5.82,0.54,4.0,7.58,16.0,0.8,0.4,0.4,1012.61,1019.05,1023.5,1018.1,4.0,7.15,16.0,0.8,0.4,0.4,3.3,7.0,7.5,5.5,4.0,3.7,16.0,0.8,0.4,0.4,-19.7,-4.7,11.1,-4.3,4.0,17.8,16.0,0.8,0.4,0.4,-53.0,13.1,37.5,-6.8,4.0,68.0,16.0,0.8,0.4,0.4,-0.05,0.5,1.26,0.6,4.0,0.78,16.0,0.8,0.4,0.4,-0.5,3.6,7.4,3.5,4.0,4.6,16.0,0.8,0.4,0.4,0.85,1.8,2.67,1.77,4.0,1.41,16.0,0.8,0.4,0.4,6.2,15.3,18.1,12.3,4.0,8.5,16.0,0.8,0.4,0.4,-68.4,-7.0,38.0,-14.8,4.0,65.3,16.0,0.8,0.4,0.4,-107.9,51.5,115.3,5.9,4.0,159.8,16.0,0.8,0.4,0.4,-48.5,-4.3,24.2,-11.8,4.0,45.2,16.0,0.8,0.4,0.4,-70.2,32.8,75.7,4.1,4.0,105.2,16.0,0.8,0.4,0.4,-1.7,1.1,5.7,2.0,4.0,5.1,16.0,0.8,0.4,0.4,-9.5,6.4,14.1,2.5,4.0,15.3,16.0,0.8,0.4,0.4,114.0,253.0,750.0,424.0,4.0,462.5,16.0,0.8,0.4,0.4,115.0,255.0,750.0,425.0,4.0,460.0,16.0,0.8,0.4,0.4
1974,2,178.0,-38.0,21.5,21.7,22.76,22.03,9.0,0.92,14.0,0.8,0.6,0.4,19.63,20.3,21.95,20.61,9.0,1.14,14.0,0.8,0.6,0.4,11.93,13.55,13.84,12.9,9.0,1.49,14.0,0.8,0.6,0.4,80.0,86.8,94.0,85.8,9.0,8.7,14.0,0.8,0.4,2.34,5.1,7.7,5.64,9.0,3.77,14.0,0.8,0.6,0.4,-3.57,0.0,0.79,-1.25,9.0,5.05,14.0,0.8,0.6,0.4,-4.53,0.0,5.0,0.49,9.0,4.74,14.0,0.8,0.6,0.4,1016.43,1019.5,1022.26,1018.47,9.0,5.38,14.0,0.8,0.6,0.4,2.3,4.0,6.7,4.0,9.0,2.3,14.0,0.8,0.6,0.4,-23.0,0.0,3.5,-16.6,9.0,58.5,14.0,0.8,0.6,0.4,-20.8,0.0,35.6,8.3,9.0,31.4,14.0,0.8,0.6,0.4,0.05,1.8,2.07,1.42,9.0,1.11,14.0,0.8,0.6,0.4,0.6,9.2,14.5,8.2,9.0,8.3,14.0,0.8,0.6,0.4,2.32,2.76,4.92,3.53,9.0,1.56,14.0,0.8,0.6,0.4,5.6,24.1,31.9,20.3,9.0,13.5,14.0,0.8,0.6,0.4,-72.8,0.0,15.0,-28.3,9.0,108.4,14.0,0.8,0.6,0.4,-90.5,0.0,97.9,11.1,9.0,98.0,14.0,0.8,0.6,0.4,-42.4,0.0,10.2,-17.0,9.0,69.9,14.0,0.8,0.6,0.4,-55.2,0.0,66.4,9.5,9.0,60.4,14.0,0.8,0.6,0.4,-16.4,0.0,2.1,-2.5,9.0,13.6,14.0,0.8,0.6,0.4,-21.2,0.0,17.5,0.7,9.0,21.3,14.0,0.8,0.6,0.4,28.5,132.5,456.5,410.0,9.0,674.5,14.0,0.8,0.6,0.4,30.0,135.0,455.0,410.0,9.0,675.0,14.0,0.8,0.6,0.4
1974,2,178.0,-37.0,21.1,21.1,21.1,21.1,1.0,0.0,10.0,1.0,0.4,0.5,15.76,16.95,18.14,16.95,2.0,2.47,6.0,0.5,0.5,0.4,8.51,9.04,9.58,9.04,2.0,1.11,6.0,0.5,0.5,0.4,74.7,75.8,77.0,75.8,2.0,2.4,6.0,0.5,0.4,2.79,6.65,10.51,6.65,2.0,7.99,6.0,0.5,0.5,0.4,0.0,0.0,0.0,0.0,2.0,0.0,6.0,0.5,0.5,0.4,2.79,6.65,10.51,6.65,2.0,7.99,6.0,0.5,0.5,0.4,1018.52,1019.85,1021.18,1019.85,2.0,2.76,6.0,0.5,0.5,0.4,2.6,4.0,5.4,4.0,2.0,2.8,6.0,0.5,0.5,0.4,0.0,0.0,0.0,0.0,2.0,0.0,6.0,0.5,0.5,0.4,24.9,76.1,127.4,76.1,2.0,106.3,6.0,0.5,0.5,0.4,5.9,5.9,5.9,5.9,1.0,0.0,10.0,1.0,0.4,0.5,72.6,72.6,72.6,72.6,1.0,0.0,10.0,1.0,0.4,0.5,7.24,7.24,7.24,7.24,1.0,0.0,10.0,1.0,0.4,0.5,89.1,89.1,89.1,89.1,1.0,0.0,10.0,1.0,0.4,0.5,0.0,0.0,0.0,0.0,2.0,0.0,6.0,0.5,0.5,0.4,45.4,102.8,160.3,102.8,2.0,119.0,6.0,0.5,0.5,0.4,0.0,0.0,0.0,0.0,2.0,0.0,6.0,0.5,0.5,0.4,24.4,55.7,87.0,55.7,2.0,64.9,6.0,0.5,0.5,0.4,0.0,0.0,0.0,0.0,1.0,0.0,10.0,1.0,0.4,0.5,89.1,89.1,89.1,89.1,1.0,0.0,10.0,1.0,0.4,0.5,296.0,931.0,1565.5,931.0,2.0,1315.0,6.0,0.5,0.5,0.4,295.0,930.0,1565.0,930.0,2.0,1315.0,6.0,0.5,0.5,0.4
1974,2,178.0,-36.0,22.64,23.6,24.56,23.6,2.0,1.98,22.0,1.0,0.1,0.4,21.54,22.5,23.46,22.5,2.0,1.98,22.0,1.0,0.1,0.4,13.4,13.78,14.16,13.78,2.0,0.79,22.0,1.0,0.1,0.4,79.4,81.7,84.0,81.7,2.0,4.8,22.0,1.0,0.4,0.81,2.55,4.29,2.55,2.0,3.61,22.0,1.0,0.1,0.4,-2.76,-1.64,-0.52,-1.64,2.0,2.32,22.0,1.0,0.1,0.4,-3.29,-1.95,-0.62,-1.95,2.0,2.76,22.0,1.0,0.1,0.4,1015.07,1017.6,1020.13,1017.6,2.0,5.23,22.0,1.0,0.1,0.4,4.6,6.0,7.4,6.0,2.0,2.8,22.0,1.0,0.1,0.4,-14.1,-8.4,-2.7,-8.4,2.0,11.8,22.0,1.0,0.1,0.4,-16.8,-10.0,-3.2,-10.0,2.0,14.1,22.0,1.0,0.1,0.4,1.1,1.1,1.1,1.1,2.0,0.0,22.0,1.0,0.1,0.4,0.9,2.8,4.7,2.8,2.0,4.0,22.0,1.0,0.1,0.4,3.73,4.36,4.99,4.36,2.0,1.31,22.0,1.0,0.1,0.4,2.8,8.8,14.7,8.8,2.0,12.4,22.0,1.0,0.1,0.4,-58.2,-34.6,-11.0,-34.6,2.0,48.9,22.0,1.0,0.1,0.4,-69.4,-41.2,-13.1,-41.2,2.0,58.3,22.0,1.0,0.1,0.4,-36.5,-21.7,-6.9,-21.7,2.0,30.7,22.0,1.0,0.1,0.4,-43.5,-25.8,-8.2,-25.8,2.0,36.5,22.0,1.0,0.1,0.4,-9.5,-5.6,-1.8,-5.6,2.0,8.0,22.0,1.0,0.1,0.4,-11.3,-6.7,-2.1,-6.7,2.0,9.5,22.0,1.0,0.1,0.4,21.0,66.5,111.5,66.5,2.0,94.0,22.0,1.0,0.1,0.4,20.0,65.0,110.0,65.0,2.0,95.0,22.0,1.0,0.1,0.4
1974,2,178.0,-35.0,21.59,22.2,23.22,22.5,5.0,1.44,18.0,0.6,0.4,0.7,21.38,22.2,22.86,22.14,5.0,1.31,18.0,0.6,0.4,0.7,11.38,12.62,14.72,13.1,5.0,2.11,18.0,0.6,0.4,0.7,73.7,77.1,84.5,78.6,5.0,7.5,18.0,0.6,0.7,4.08,5.65,9.63,6.8,4.0,3.89,14.0,0.8,0.5,0.7,-5.49,-3.68,4.74,-0.52,4.0,8.18,14.0,0.8,0.5,0.7,-3.31,-1.16,1.2,-1.06,4.0,2.82,14.0,0.8,0.5,0.7,1006.84,1015.8,1017.66,1013.14,5.0,6.09,18.0,0.6,0.4,0.7,4.3,6.0,6.4,5.4,5.0,1.5,18.0,0.6,0.4,0.7,-32.2,-15.5,69.8,17.2,4.0,84.4,14.0,0.8,0.5,0.7,-31.1,-4.2,8.0,-11.2,4.0,28.8,14.0,0.8,0.5,0.7,-0.22,0.0,1.15,0.36,5.0,0.82,18.0,0.6,0.4,0.7,-1.4,1.8,6.6,2.6,4.0,5.2,14.0,0.8,0.5,0.7,3.14,3.3,4.98,3.93,5.0,1.06,18.0,0.6,0.4,0.7,13.2,23.3,49.7,31.1,4.0,24.8,14.0,0.8,0.5,0.7,-115.1,-83.7,102.9,-9.7,4.0,179.3,14.0,0.8,0.5,0.7,-75.4,-27.8,24.4,-25.6,4.0,61.5,14.0,0.8,0.5,0.7,-64.8,-51.7,47.7,-10.6,4.0,95.7,14.0,0.8,0.5,0.7,-43.3,-19.0,13.5,-15.1,4.0,34.2,14.0,0.8,0.5,0.7,-22.7,-11.9,28.1,2.0,4.0,40.9,14.0,0.8,0.5,0.7,-15.4,-3.8,5.7,-4.8,4.0,14.0,14.0,0.8,0.5,0.7,71.0,199.0,1118.0,576.5,4.0,863.5,14.0,0.8,0.5,0.7,70.0,200.0,1120.0,575.0,4.0,865.0,14.0,0.8,0.5,0.7
1974,2,178.0,-34.0,25.08,25.25,25.42,25.25,2.0,0.35,24.0,0.5,0.5,0.8,24.0,24.0,24.0,24.0,2.0,0.0,24.0,0.5,0.5,0.8,13.95,14.57,15.19,14.57,2.0,1.28,24.0,0.5,0.5,0.8,75.2,78.5,81.8,78.5,2.0,6.9,24.0,0.5,0.8,7.95,8.5,9.05,8.5,2.0,1.13,24.0,0.5,0.5,0.8,-5.81,-5.46,-5.11,-5.46,2.0,0.73,24.0,0.5,0.5,0.8,-6.93,-6.51,-6.09,-6.51,2.0,0.87,24.0,0.5,0.5,0.8,1012.54,1012.85,1013.16,1012.85,2.0,0.64,24.0,0.5,0.5,0.8,8.0,8.0,8.0,8.0,1.0,0.0,24.0,1.0,0.3,0.6,-52.8,-46.9,-40.9,-46.9,2.0,12.4,24.0,0.5,0.5,0.8,-62.9,-55.8,-48.7,-55.8,2.0,14.7,24.0,0.5,0.5,0.8,1.08,1.25,1.42,1.25,2.0,0.35,24.0,0.5,0.5,0.8,8.7,10.8,13.0,10.8,2.0,4.4,24.0,0.5,0.5,0.8,5.09,5.51,5.93,5.51,2.0,0.86,24.0,0.5,0.5,0.8,45.8,46.4,46.9,46.4,2.0,1.1,24.0,0.5,0.5,0.8,-139.6,-131.1,-122.7,-131.1,2.0,17.5,24.0,0.5,0.5,0.8,-166.3,-156.3,-146.2,-156.3,2.0,20.8,24.0,0.5,0.5,0.8,-88.6,-80.1,-71.6,-80.1,2.0,17.6,24.0,0.5,0.5,0.8,-105.5,-95.4,-85.3,-95.4,2.0,20.9,24.0,0.5,0.5,0.8,-30.1,-29.8,-29.5,-29.8,2.0,0.7,24.0,0.5,0.5,0.8,-35.9,-35.5,-35.1,-35.5,2.0,0.8,24.0,0.5,0.5,0.8,511.5,630.5,749.0,630.5,2.0,246.0,24.0,0.5,0.5,0.8,510.0,630.0,750.0,630.0,2.0,245.0,24.0,0.5,0.5,0.8
1974,2,178.0,-33.0,22.03,22.1,22.17,22.1,2.0,0.14,14.0,1.0,0.6,0.5,22.83,22.9,22.97,22.9,2.0,0.14,14.0,1.0,0.6,0.5,15.07,15.21,15.35,15.21,2.0,0.3,14.0,1.0,0.6,0.5,87.1,87.7,88.2,87.7,2.0,1.2,14.0,1.0,0.5,2.48,4.6,6.72,4.6,2.0,4.38,14.0,1.0,0.6,0.5,-4.88,-2.69,-0.5,-2.69,2.0,4.53,14.0,1.0,0.6,0.5,-4.39,-3.18,-1.97,-3.18,2.0,2.5,14.0,1.0,0.6,0.5,1013.77,1015.0,1016.23,1015.0,2.0,2.55,14.0,1.0,0.6,0.5,3.5,4.5,5.5,4.5,2.0,2.1,14.0,1.0,0.6,0.5,-38.1,-22.3,-6.6,-22.3,2.0,32.7,14.0,1.0,0.6,0.5,-32.4,-20.1,-7.8,-20.1,2.0,25.5,14.0,1.0,0.6,0.5,-0.94,-0.8,-0.66,-0.8,2.0,0.28,14.0,1.0,0.6,0.5,-4.1,-3.1,-2.0,-3.1,2.0,2.2,14.0,1.0,0.6,0.5,1.09,1.33,1.56,1.33,2.0,0.48,14.0,1.0,0.6,0.5,3.3,7.2,11.0,7.2,2.0,8.0,14.0,1.0,0.6,0.5,-111.3,-61.3,-11.4,-61.3,2.0,103.4,14.0,1.0,0.6,0.5,-100.1,-72.6,-45.2,-72.6,2.0,56.9,14.0,1.0,0.6,0.5,-73.2,-40.3,-7.4,-40.3,2.0,68.2,14.0,1.0,0.6,0.5,-65.9,-48.0,-30.1,-48.0,2.0,37.1,14.0,1.0,0.6,0.5,-8.2,-4.7,-1.1,-4.7,2.0,7.3,14.0,1.0,0.6,0.5,-7.2,-4.8,-2.5,-4.8,2.0,4.8,14.0,1.0,0.6,0.5,75.5,230.0,384.5,230.0,2.0,320.5,14.0,1.0,0.6,0.5,75.0,230.0,385.0,230.0,2.0,320.0,14.0,1.0,0.6,0.5
1974,2,178.0,-32.0,23.5,23.5,23.5,23.5,1.0,0.0,16.0,1.0,0.5,0.3,22.48,23.5,24.52,23.5,2.0,2.12,10.0,1.0,0.3,0.2,12.03,13.81,15.59,13.81,2.0,3.69,10.0,1.0,0.3,0.2,71.1,76.1,81.1,76.1,2.0,10.4,10.0,1.0,0.2,3.76,4.1,4.44,4.1,2.0,0.71,10.0,1.0,0.3,0.2,-4.43,-4.07,-3.71,-4.07,2.0,0.75,10.0,1.0,0.3,0.2,0.1,0.31,0.53,0.31,2.0,0.44,10.0,1.0,0.3,0.2,1016.51,1018.25,1019.99,1018.25,2.0,3.61,10.0,1.0,0.3,0.2,2.3,3.0,3.7,3.0,2.0,1.4,10.0,1.0,0.3,0.2,-19.8,-17.0,-14.1,-17.0,2.0,5.9,10.0,1.0,0.3,0.2,0.4,1.1,1.9,1.1,2.0,1.6,10.0,1.0,0.3,0.2,-1.5,-1.5,-1.5,-1.5,1.0,0.0,16.0,1.0,0.5,0.3,-5.4,-5.4,-5.4,-5.4,1.0,0.0,16.0,1.0,0.5,0.3,1.58,1.58,1.58,1.58,1.0,0.0,16.0,1.0,0.5,0.3,5.7,5.7,5.7,5.7,1.0,0.0,16.0,1.0,0.5,0.3,-99.2,-94.9,-90.6,-94.9,2.0,8.9,10.0,1.0,0.3,0.2,2.5,7.8,13.1,7.8,2.0,11.1,10.0,1.0,0.3,0.2,-57.2,-54.9,-52.6,-54.9,2.0,4.7,10.0,1.0,0.3,0.2,1.6,5.1,8.6,5.1,2.0,7.3,10.0,1.0,0.3,0.2,-5.6,-5.6,-5.6,-5.6,1.0,0.0,16.0,1.0,0.5,0.3,1.0,1.0,1.0,1.0,1.0,0.0,16.0,1.0,0.5,0.3,54.5,72.0,89.5,72.0,2.0,36.0,10.0,1.0,0.3,0.2,55.0,70.0,90.0,70.0,2.0,35.0,10.0,1.0,0.3,0.2
1974,2,178.0,-31.0,23.9,23.9,23.9,23.9,1.0,0.0,2.0,1.0,0.6,0.1,21.04,22.0,23.37,22.2,3.0,1.71,8.0,1.0,0.6,0.5,10.64,10.93,15.4,12.97,3.0,3.91,8.0,1.0,0.6,0.5,67.2,73.0,87.4,77.2,3.0,15.3,8.0,1.0,0.5,4.95,5.7,6.38,5.67,3.0,1.05,8.0,1.0,0.6,0.5,-5.74,-5.61,-4.5,-5.13,3.0,1.0,8.0,1.0,0.6,0.5,1.41,2.3,3.02,2.21,3.0,1.18,8.0,1.0,0.6,0.5,1016.36,1019.3,1019.57,1018.0,3.0,2.61,8.0,1.0,0.6,0.5,4.3,5.0,5.7,5.0,3.0,1.0,8.0,1.0,0.6,0.5,-36.7,-32.0,-22.7,-29.7,3.0,10.5,8.0,1.0,0.6,0.5,7.2,10.6,18.7,12.9,3.0,8.6,8.0,1.0,0.6,0.5,3.3,3.3,3.3,3.3,1.0,0.0,2.0,1.0,0.6,0.1,18.8,18.8,18.8,18.8,1.0,0.0,2.0,1.0,0.6,0.1,7.46,7.46,7.46,7.46,1.0,0.0,2.0,1.0,0.6,0.1,42.5,42.5,42.5,42.5,1.0,0.0,2.0,1.0,0.6,0.1,-131.8,-115.6,-96.5,-114.2,3.0,25.8,8.0,1.0,0.6,0.5,30.0,50.6,70.9,50.5,3.0,30.0,8.0,1.0,0.6,0.5,-88.7,-61.3,-48.0,-68.2,3.0,30.4,8.0,1.0,0.6,0.5,15.1,24.2,47.6,31.2,3.0,24.6,8.0,1.0,0.6,0.5,-41.8,-41.8,-41.8,-41.8,1.0,0.0,2.0,1.0,0.6,0.1,7.4,7.4,7.4,7.4,1.0,0.0,2.0,1.0,0.6,0.1,125.0,185.0,264.0,194.5,3.0,102.0,8.0,1.0,0.6,0.5,125.0,185.0,265.0,195.0,3.0,100.0,8.0,1.0,0.6,0.5
1974,2,178.0,-29.0,24.0,24.0,24.0,24.0,1.0,0.0,2.0,1.0,0.1,0.1,24.0,24.0,24.0,24.0,1.0,0.0,2.0,1.0,0.1,0.1,13.58,13.58,13.58,13.58,1.0,0.0,2.0,1.0,0.1,0.1,73.6,73.6,73.6,73.6,1.0,0.0,2.0,1.0,0.1,9.3,9.3,9.3,9.3,1.0,0.0,2.0,1.0,0.1,0.1,-8.05,-8.05,-8.05,-8.05,1.0,0.0,2.0,1.0,0.1,0.1,4.65,4.65,4.65,4.65,1.0,0.0,2.0,1.0,0.1,0.1,1018.6,1018.6,1018.6,1018.6,1.0,0.0,2.0,1.0,0.1,0.1,5.0,5.0,5.0,5.0,1.0,0.0,2.0,1.0,0.1,0.1,-74.9,-74.9,-74.9,-74.9,1.0,0.0,2.0,1.0,0.1,0.1,43.2,43.2,43.2,43.2,1.0,0.0,2.0,1.0,0.1,0.1,0.0,0.0,0.0,0.0,1.0,0.0,2.0,1.0,0.1,0.1,0.0,0.0,0.0,0.0,1.0,0.0,2.0,1.0,0.1,0.1,4.93,4.93,4.93,4.93,1.0,0.0,2.0,1.0,0.1,0.1,45.8,45.8,45.8,45.8,1.0,0.0,2.0,1.0,0.1,0.1,-193.3,-193.3,-193.3,-193.3,1.0,0.0,2.0,1.0,0.1,0.1,111.6,111.6,111.6,111.6,1.0,0.0,2.0,1.0,0.1,0.1,-109.4,-109.4,-109.4,-109.4,1.0,0.0,2.0,1.0,0.1,0.1,63.2,63.2,63.2,63.2,1.0,0.0,2.0,1.0,0.1,0.1,-39.7,-39.7,-39.7,-39.7,1.0,0.0,2.0,1.0,0.1,0.1,22.9,22.9,22.9,22.9,1.0,0.0,2.0,1.0,0.1,0.1,804.5,804.5,804.5,804.5,1.0,0.0,2.0,1.0,0.1,0.1,805.0,805.0,805.0,805.0,1.0,0.0,2.0,1.0,0.1,0.1
1974,2,178.0,-27.0,27.8,27.8,27.8,27.8,1.0,0.0,18.0,1.0,0.9,0.8,25.3,25.3,25.3,25.3,1.0,0.0,18.0,1.0,0.9,0.8,20.09,20.09,20.09,20.09,1.0,0.0,18.0,1.0,0.9,0.8,100.0,100.0,100.0,100.0,1.0,0.0,18.0,1.0,0.8,5.1,5.1,5.1,5.1,1.0,0.0,18.0,1.0,0.9,0.8,-5.02,-5.02,-5.02,-5.02,1.0,0.0,18.0,1.0,0.9,0.8,0.89,0.89,0.89,0.89,1.0,0.0,18.0,1.0,0.9,0.8,1015.5,1015.5,1015.5,1015.5,1.0,0.0,18.0,1.0,0.9,0.8,7.0,7.0,7.0,7.0,1.0,0.0,18.0,1.0,0.9,0.8,-25.6,-25.6,-25.6,-25.6,1.0,0.0,18.0,1.0,0.9,0.8,4.5,4.5,4.5,4.5,1.0,0.0,18.0,1.0,0.9,0.8,2.5,2.5,2.5,2.5,1.0,0.0,18.0,1.0,0.9,0.8,12.8,12.8,12.8,12.8,1.0,0.0,18.0,1.0,0.9,0.8,3.24,3.24,3.24,3.24,1.0,0.0,18.0,1.0,0.9,0.8,16.5,16.5,16.5,16.5,1.0,0.0,18.0,1.0,0.9,0.8,-127.1,-127.1,-127.1,-127.1,1.0,0.0,18.0,1.0,0.9,0.8,22.4,22.4,22.4,22.4,1.0,0.0,18.0,1.0,0.9,0.8,-100.9,-100.9,-100.9,-100.9,1.0,0.0,18.0,1.0,0.9,0.8,17.8,17.8,17.8,17.8,1.0,0.0,18.0,1.0,0.9,0.8,-16.3,-16.3,-16.3,-16.3,1.0,0.0,18.0,1.0,0.9,0.8,2.9,2.9,2.9,2.9,1.0,0.0,18.0,1.0,0.9,0.8,132.5,132.5,132.5,132.5,1.0,0.0,18.0,1.0,0.9,0.8,135.0,135.0,135.0,135.0,1.0,0.0,18.0,1.0,0.9,0.8
1974,2,178.0,-25.0,22.2,22.2,22.2,22.2,1.0,0.0,26.0,1.0,0.8,1.0,22.2,22.2,22.2,22.2,1.0,0.0,26.0,1.0,0.8,1.0,14.64,14.64,14.64,14.64,1.0,0.0,26.0,1.0,0.8,1.0,87.4,87.4,87.4,87.4,1.0,0.0,26.0,1.0,1.0,9.3,9.3,9.3,9.3,1.0,0.0,26.0,1.0,0.8,1.0,-9.3,-9.3,-9.3,-9.3,1.0,0.0,26.0,1.0,0.8,1.0,0.0,0.0,0.0,0.0,1.0,0.0,26.0,1.0,0.8,1.0,1006.4,1006.4,1006.4,1006.4,1.0,0.0,26.0,1.0,0.8,1.0,,,,,,,,,,,,,,,,,,,,,,,,,,,,,,,0.0,0.0,0.0,0.0,1.0,0.0,26.0,1.0,0.8,1.0,0.0,0.0,0.0,0.0,1.0,0.0,26.0,1.0,0.8,1.0,2.14,2.14,2.14,2.14,1.0,0.0,26.0,1.0,0.8,1.0,19.9,19.9,19.9,19.9,1.0,0.0,26.0,1.0,0.8,1.0,-206.5,-206.5,-206.5,-206.5,1.0,0.0,26.0,1.0,0.8,1.0,0.0,0.0,0.0,0.0,1.0,0.0,26.0,1.0,0.8,1.0,-136.1,-136.1,-136.1,-136.1,1.0,0.0,26.0,1.0,0.8,1.0,0.0,0.0,0.0,0.0,1.0,0.0,26.0,1.0,0.8,1.0,-19.9,-19.9,-19.9,-19.9,1.0,0.0,26.0,1.0,0.8,1.0,0.0,0.0,0.0,0.0,1.0,0.0,26.0,1.0,0.8,1.0,804.5,804.5,804.5,804.5,1.0,0.0,26.0,1.0,0.8,1.0,805.0,805.0,805.0,805.0,1.0,0.0,26.0,1.0,0.8,1.0
1974,2,178.0,-24.0,27.0,27.0,27.0,27.0,1.0,0.0,26.0,0.0,0.9,1.0,26.5,26.5,26.5,26.5,1.0,0.0,26.0,0.0,0.9,1.0,20.79,20.79,20.79,20.79,1.0,0.0,26.0,0.0,0.9,1.0,95.9,95.9,95.9,95.9,1.0,0.0,26.0,0.0,1.0,6.2,6.2,6.2,6.2,1.0,0.0,26.0,0.0,0.9,1.0,2.12,2.12,2.12,2.12,1.0,0.0,26.0,0.0,0.9,1.0,-5.83,-5.83,-5.83,-5.83,1.0,0.0,26.0,0.0,0.9,1.0,1011.0,1011.0,1011.0,1011.0,1.0,0.0,26.0,0.0,0.9,1.0,8.0,8.0,8.0,8.0,1.0,0.0,26.0,0.0,0.9,1.0,13.1,13.1,13.1,13.1,1.0,0.0,26.0,0.0,0.9,1.0,-36.1,-36.1,-36.1,-36.1,1.0,0.0,26.0,0.0,0.9,1.0,0.5,0.5,0.5,0.5,1.0,0.0,26.0,0.0,0.9,1.0,3.1,3.1,3.1,3.1,1.0,0.0,26.0,0.0,0.9,1.0,1.55,1.55,1.55,1.55,1.0,0.0,26.0,0.0,0.9,1.0,9.6,9.6,9.6,9.6,1.0,0.0,26.0,0.0,0.9,1.0,56.2,56.2,56.2,56.2,1.0,0.0,26.0,0.0,0.9,1.0,-154.4,-154.4,-154.4,-154.4,1.0,0.0,26.0,0.0,0.9,1.0,44.1,44.1,44.1,44.1,1.0,0.0,26.0,0.0,0.9,1.0,-121.1,-121.1,-121.1,-121.1,1.0,0.0,26.0,0.0,0.9,1.0,3.3,3.3,3.3,3.3,1.0,0.0,26.0,0.0,0.9,1.0,-9.0,-9.0,-9.0,-9.0,1.0,0.0,26.0,0.0,0.9,1.0,238.5,238.5,238.5,238.5,1.0,0.0,26.0,0.0,0.9,1.0,240.0,240.0,240.0,240.0,1.0,0.0,26.0,0.0,0.9,1.0
1974,2,178.0,-23.0,28.0,28.0,28.0,28.0,2.0,0.0,14.0,1.0,0.5,0.9,27.91,28.15,28.39,28.15,2.0,0.49,14.0,1.0,0.5,0.9,18.67,18.75,18.83,18.75,2.0,0.17,14.0,1.0,0.5,0.9,77.2,78.5,79.7,78.5,2.0,2.6,14.0,1.0,0.9,7.11,8.0,8.89,8.0,2.0,1.84,14.0,1.0,0.5,0.9,-6.99,-6.71,-6.43,-6.71,2.0,0.59,14.0,1.0,0.5,0.9,2.88,4.13,5.39,4.13,2.0,2.61,14.0,1.0,0.5,0.9,1006.26,1008.55,1010.84,1008.55,2.0,4.74,14.0,1.0,0.5,0.9,3.2,3.5,3.8,3.5,2.0,0.7,14.0,1.0,0.5,0.9,-62.4,-54.2,-46.0,-54.2,2.0,17.0,14.0,1.0,0.5,0.9,21.7,35.5,49.2,35.5,2.0,28.5,14.0,1.0,0.5,0.9,-0.39,-0.15,0.09,-0.15,2.0,0.49,14.0,1.0,0.5,0.9,-2.5,-0.7,1.0,-0.7,2.0,3.7,14.0,1.0,0.5,0.9,4.99,5.02,5.04,5.02,2.0,0.06,14.0,1.0,0.5,0.9,35.8,40.1,44.3,40.1,2.0,8.8,14.0,1.0,0.5,0.9,-195.1,-188.7,-182.4,-188.7,2.0,13.2,14.0,1.0,0.5,0.9,81.3,115.7,150.2,115.7,2.0,71.3,14.0,1.0,0.5,0.9,-131.7,-125.9,-120.0,-125.9,2.0,12.1,14.0,1.0,0.5,0.9,53.8,77.8,101.7,77.8,2.0,49.6,14.0,1.0,0.5,0.9,-34.9,-33.6,-32.4,-33.6,2.0,2.6,14.0,1.0,0.5,0.9,14.5,20.7,26.9,20.7,2.0,12.8,14.0,1.0,0.5,0.9,380.5,552.5,724.5,552.5,2.0,356.0,14.0,1.0,0.5,0.9,380.0,555.0,725.0,555.0,2.0,355.0,14.0,1.0,0.5,0.9
1974,2,178.0,-22.0,26.0,26.0,26.0,26.0,1.0,0.0,14.0,1.0,0.3,1.0,28.5,28.5,28.5,28.5,1.0,0.0,14.0,1.0,0.3,1.0,19.83,19.83,19.83,19.83,1.0,0.0,14.0,1.0,0.3,1.0,81.4,81.4,81.4,81.4,1.0,0.0,14.0,1.0,1.0,,,,,,,,,,,,,,,,,,,,,,,,,,,,,,,,,,,,,,,,,,,,,,,,,,,,,,,,,,,,,,,,,,,,,,,,,,,,,,,,,,,,,,,,,,,,,,,,,,,,,,,,,,,,,,,,,,,,,,,,,,,,,,,,,,,,,,,,,,,,,,,,,,,,,,,,,,,,,,,,,,,,,,,,,,,,,,,,,,,,,,,,,,,,,,
1974,2,178.0,-19.0,29.8,29.8,29.8,29.8,2.0,0.0,16.0,1.0,0.9,0.7,29.3,29.3,29.3,29.3,1.0,0.0,16.0,1.0,0.9,0.7,17.11,17.11,17.11,17.11,1.0,0.0,16.0,1.0,0.9,0.7,66.8,66.8,66.8,66.8,1.0,0.0,16.0,1.0,0.7,3.1,3.1,3.1,3.1,1.0,0.0,16.0,1.0,0.9,0.7,-1.55,-1.55,-1.55,-1.55,1.0,0.0,16.0,1.0,0.9,0.7,2.68,2.68,2.68,2.68,1.0,0.0,16.0,1.0,0.9,0.7,1005.5,1005.5,1005.5,1005.5,1.0,0.0,16.0,1.0,0.9,0.7,6.0,6.0,6.0,6.0,1.0,0.0,16.0,1.0,0.9,0.7,-4.8,-4.8,-4.8,-4.8,1.0,0.0,16.0,1.0,0.9,0.7,8.3,8.3,8.3,8.3,1.0,0.0,16.0,1.0,0.9,0.7,0.5,0.5,0.5,0.5,1.0,0.0,16.0,1.0,0.9,0.7,1.6,1.6,1.6,1.6,1.0,0.0,16.0,1.0,0.9,0.7,9.4,9.4,9.4,9.4,1.0,0.0,16.0,1.0,0.9,0.7,29.1,29.1,29.1,29.1,1.0,0.0,16.0,1.0,0.9,0.7,-45.4,-45.4,-45.4,-45.4,1.0,0.0,16.0,1.0,0.9,0.7,78.7,78.7,78.7,78.7,1.0,0.0,16.0,1.0,0.9,0.7,-26.5,-26.5,-26.5,-26.5,1.0,0.0,16.0,1.0,0.9,0.7,45.9,45.9,45.9,45.9,1.0,0.0,16.0,1.0,0.9,0.7,-14.6,-14.6,-14.6,-14.6,1.0,0.0,16.0,1.0,0.9,0.7,25.2,25.2,25.2,25.2,1.0,0.0,16.0,1.0,0.9,0.7,30.0,30.0,30.0,30.0,1.0,0.0,16.0,1.0,0.9,0.7,30.0,30.0,30.0,30.0,1.0,0.0,16.0,1.0,0.9,0.7
1974,2,178.0,-15.0,27.61,28.5,29.52,28.57,3.0,1.4,22.0,1.0,0.4,0.8,27.6,27.8,27.94,27.77,3.0,0.25,22.0,1.0,0.4,0.8,17.02,18.71,18.78,17.92,3.0,1.46,22.0,1.0,0.4,0.8,73.1,78.4,79.7,76.5,3.0,5.1,22.0,1.0,0.8,1.62,5.1,6.87,4.27,3.0,3.92,22.0,1.0,0.4,0.8,-2.24,0.0,4.55,1.13,3.0,5.07,22.0,1.0,0.4,0.8,-3.89,-3.85,-1.22,-2.59,3.0,2.24,22.0,1.0,0.4,0.8,1003.8,1008.1,1008.44,1006.17,3.0,3.79,22.0,1.0,0.4,0.8,5.6,7.0,7.0,6.3,3.0,1.2,22.0,1.0,0.4,0.8,-11.4,0.0,35.0,11.5,3.0,35.5,22.0,1.0,0.4,0.8,-26.6,-19.9,-6.3,-16.5,3.0,15.1,22.0,1.0,0.4,0.8,-0.05,0.5,1.66,0.8,3.0,1.28,22.0,1.0,0.4,0.8,-1.0,0.0,2.6,0.8,3.0,2.8,22.0,1.0,0.4,0.8,6.1,6.43,7.46,6.77,3.0,1.04,22.0,1.0,0.4,0.8,10.4,32.8,41.6,26.2,3.0,23.6,22.0,1.0,0.4,0.8,-61.5,0.0,127.5,32.2,3.0,141.2,22.0,1.0,0.4,0.8,-107.7,-107.4,-34.1,-71.7,3.0,62.1,22.0,1.0,0.4,0.8,-36.3,0.0,85.2,23.8,3.0,91.4,22.0,1.0,0.4,0.8,-69.3,-63.4,-20.1,-45.2,3.0,39.3,22.0,1.0,0.4,0.8,-14.4,0.0,27.0,6.2,3.0,30.8,22.0,1.0,0.4,0.8,-24.4,-22.9,-7.3,-16.0,3.0,13.9,22.0,1.0,0.4,0.8,42.0,132.5,353.5,196.5,3.0,235.0,22.0,1.0,0.4,0.8,40.0,135.0,355.0,195.0,3.0,235.0,22.0,1.0,0.4,0.8
1974,2,178.0,-11.0,,,,,,,,,,,,,,,,,,,,,,,,,,,,,,,,,,,,,,,,2.1,2.1,2.1,2.1,1.0,0.0,16.0,1.0,0.7,0.2,-0.36,-0.36,-0.36,-0.36,1.0,0.0,16.0,1.0,0.7,0.2,-2.07,-2.07,-2.07,-2.07,1.0,0.0,16.0,1.0,0.7,0.2,1008.8,1008.8,1008.8,1008.8,1.0,0.0,16.0,1.0,0.7,0.2,8.0,8.0,8.0,8.0,1.0,0.0,16.0,1.0,0.7,0.2,-0.8,-0.8,-0.8,-0.8,1.0,0.0,16.0,1.0,0.7,0.2,-4.3,-4.3,-4.3,-4.3,1.0,0.0,16.0,1.0,0.7,0.2,,,,,,,,,,,,,,,,,,,,,,,,,,,,,,,,,,,,,,,,,-9.8,-9.8,-9.8,-9.8,1.0,0.0,16.0,1.0,0.7,0.2,-55.8,-55.8,-55.8,-55.8,1.0,0.0,16.0,1.0,0.7,0.2,-6.8,-6.8,-6.8,-6.8,1.0,0.0,16.0,1.0,0.7,0.2,-38.7,-38.7,-38.7,-38.7,1.0,0.0,16.0,1.0,0.7,0.2,,,,,,,,,,,,,,,,,,,,,,,,,,,,,,,,,,,,,,,,
1974,2,178.0,2.0,,,,,,,,,,,,,,,,,,,,,,,,,,,,,,,,,,,,,,,,7.7,7.7,7.7,7.7,1.0,0.0,8.0,0.0,0.9,0.5,-7.58,-7.58,-7.58,-7.58,1.0,0.0,8.0,0.0,0.9,0.5,1.34,1.34,1.34,1.34,1.0,0.0,8.0,0.0,0.9,0.5,1007.8,1007.8,1007.8,1007.8,1.0,0.0,8.0,0.0,0.9,0.5,,,,,,,,,,,,,,,,,,,,,,,,,,,,,,,,,,,,,,,,,,,,,,,,,,,,,,,,,,,,,,,,,,,,,,,,,,,,,,,,,,,,,,,,,,,,,,,,,,,,,,,,,,,,,,,,,,,,,,,,,,,,,,,,,,,,,,,,,,,,,,,,,,,,,,
1974,2,178.0,5.0,27.0,27.0,27.0,27.0,2.0,0.0,12.0,0.0,0.3,0.8,26.55,26.65,26.75,26.65,2.0,0.21,12.0,0.0,0.3,0.8,18.57,18.76,18.96,18.76,2.0,0.41,12.0,0.0,0.3,0.8,85.3,85.7,86.0,85.7,2.0,0.7,12.0,0.0,0.8,4.6,4.6,4.6,4.6,2.0,0.0,12.0,0.0,0.3,0.8,-4.6,-4.6,-4.6,-4.6,2.0,0.0,12.0,0.0,0.3,0.8,0.0,0.0,0.0,0.0,2.0,0.0,12.0,0.0,0.3,0.8,1008.03,1008.1,1008.17,1008.1,2.0,0.14,12.0,0.0,0.3,0.8,3.0,3.0,3.0,3.0,2.0,0.0,12.0,0.0,0.3,0.8,-21.2,-21.2,-21.2,-21.2,2.0,0.0,12.0,0.0,0.3,0.8,0.0,0.0,0.0,0.0,2.0,0.0,12.0,0.0,0.3,0.8,0.25,0.35,0.45,0.35,2.0,0.21,12.0,0.0,0.3,0.8,1.1,1.6,2.1,1.6,2.0,1.0,12.0,0.0,0.3,0.8,3.45,3.64,3.84,3.64,2.0,0.4,12.0,0.0,0.3,0.8,15.9,16.8,17.7,16.8,2.0,1.9,12.0,0.0,0.3,0.8,-123.1,-122.6,-122.1,-122.6,2.0,1.0,12.0,0.0,0.3,0.8,0.0,0.0,0.0,0.0,2.0,0.0,12.0,0.0,0.3,0.8,-87.2,-86.3,-85.4,-86.3,2.0,1.9,12.0,0.0,0.3,0.8,0.0,0.0,0.0,0.0,2.0,0.0,12.0,0.0,0.3,0.8,-17.7,-16.8,-15.9,-16.8,2.0,1.9,12.0,0.0,0.3,0.8,0.0,0.0,0.0,0.0,2.0,0.0,12.0,0.0,0.3,0.8,97.5,97.5,97.5,97.5,2.0,0.0,12.0,0.0,0.3,0.8,95.0,95.0,95.0,95.0,2.0,0.0,12.0,0.0,0.3,0.8
1974,2,178.0,6.0,27.3,27.3,27.3,27.3,1.0,0.0,12.0,1.0,0.3,0.6,27.4,27.4,27.4,27.4,1.0,0.0,12.0,1.0,0.3,0.6,16.52,16.52,16.52,16.52,1.0,0.0,12.0,1.0,0.3,0.6,72.4,72.4,72.4,72.4,1.0,0.0,12.0,1.0,0.6,9.3,9.3,9.3,9.3,1.0,0.0,12.0,1.0,0.3,0.6,-8.74,-8.74,-8.74,-8.74,1.0,0.0,12.0,1.0,0.3,0.6,-3.18,-3.18,-3.18,-3.18,1.0,0.0,12.0,1.0,0.3,0.6,1010.0,1010.0,1010.0,1010.0,1.0,0.0,12.0,1.0,0.3,0.6,2.0,2.0,2.0,2.0,1.0,0.0,12.0,1.0,0.3,0.6,-81.3,-81.3,-81.3,-81.3,1.0,0.0,12.0,1.0,0.3,0.6,-29.6,-29.6,-29.6,-29.6,1.0,0.0,12.0,1.0,0.3,0.6,-0.1,-0.1,-0.1,-0.1,1.0,0.0,12.0,1.0,0.3,0.6,-0.9,-0.9,-0.9,-0.9,1.0,0.0,12.0,1.0,0.3,0.6,6.25,6.25,6.25,6.25,1.0,0.0,12.0,1.0,0.3,0.6,58.1,58.1,58.1,58.1,1.0,0.0,12.0,1.0,0.3,0.6,-239.5,-239.5,-239.5,-239.5,1.0,0.0,12.0,1.0,0.3,0.6,-87.2,-87.2,-87.2,-87.2,1.0,0.0,12.0,1.0,0.3,0.6,-144.3,-144.3,-144.3,-144.3,1.0,0.0,12.0,1.0,0.3,0.6,-52.5,-52.5,-52.5,-52.5,1.0,0.0,12.0,1.0,0.3,0.6,-54.6,-54.6,-54.6,-54.6,1.0,0.0,12.0,1.0,0.3,0.6,-19.9,-19.9,-19.9,-19.9,1.0,0.0,12.0,1.0,0.3,0.6,804.5,804.5,804.5,804.5,1.0,0.0,12.0,1.0,0.3,0.6,805.0,805.0,805.0,805.0,1.0,0.0,12.0,1.0,0.3,0.6
1974,2,178.0,9.0,27.0,27.0,27.0,27.0,1.0,0.0,12.0,1.0,0.7,0.5,27.5,27.5,27.5,27.5,1.0,0.0,12.0,1.0,0.7,0.5,16.4,16.4,16.4,16.4,1.0,0.0,12.0,1.0,0.7,0.5,71.5,71.5,71.5,71.5,1.0,0.0,12.0,1.0,0.5,10.8,10.8,10.8,10.8,1.0,0.0,12.0,1.0,0.7,0.5,-9.35,-9.35,-9.35,-9.35,1.0,0.0,12.0,1.0,0.7,0.5,-5.4,-5.4,-5.4,-5.4,1.0,0.0,12.0,1.0,0.7,0.5,1010.8,1010.8,1010.8,1010.8,1.0,0.0,12.0,1.0,0.7,0.5,2.0,2.0,2.0,2.0,1.0,0.0,12.0,1.0,0.7,0.5,-101.0,-101.0,-101.0,-101.0,1.0,0.0,12.0,1.0,0.7,0.5,-58.3,-58.3,-58.3,-58.3,1.0,0.0,12.0,1.0,0.7,0.5,-0.5,-0.5,-0.5,-0.5,1.0,0.0,12.0,1.0,0.7,0.5,-5.4,-5.4,-5.4,-5.4,1.0,0.0,12.0,1.0,0.7,0.5,5.95,5.95,5.95,5.95,1.0,0.0,12.0,1.0,0.7,0.5,64.2,64.2,64.2,64.2,1.0,0.0,12.0,1.0,0.7,0.5,-257.2,-257.2,-257.2,-257.2,1.0,0.0,12.0,1.0,0.7,0.5,-148.5,-148.5,-148.5,-148.5,1.0,0.0,12.0,1.0,0.7,0.5,-153.4,-153.4,-153.4,-153.4,1.0,0.0,12.0,1.0,0.7,0.5,-88.6,-88.6,-88.6,-88.6,1.0,0.0,12.0,1.0,0.7,0.5,-55.6,-55.6,-55.6,-55.6,1.0,0.0,12.0,1.0,0.7,0.5,-32.1,-32.1,-32.1,-32.1,1.0,0.0,12.0,1.0,0.7,0.5,1259.5,1259.5,1259.5,1259.5,1.0,0.0,12.0,1.0,0.7,0.5,1260.0,1260.0,1260.0,1260.0,1.0,0.0,12.0,1.0,0.7,0.5
1974,2,178.0,12.0,24.4,24.4,27.54,25.93,3.0,2.66,24.0,0.0,0.4,0.4,25.3,25.5,25.7,25.5,3.0,0.3,24.0,0.0,0.4,0.4,15.53,16.16,16.79,16.16,2.0,1.3,22.0,0.0,0.3,0.6,75.1,78.7,82.3,78.7,2.0,7.5,22.0,0.0,0.6,5.4,8.2,9.63,7.53,3.0,3.15,24.0,0.0,0.4,0.4,-9.59,-8.08,-5.19,-7.41,3.0,3.27,24.0,0.0,0.4,0.4,-1.42,-1.4,-0.45,-0.94,3.0,0.82,24.0,0.0,0.4,0.4,1010.39,1011.65,1012.91,1011.65,2.0,2.62,22.0,0.0,0.3,0.6,2.1,4.5,6.9,4.5,2.0,4.9,26.0,0.0,0.5,0.3,-93.4,-66.2,-31.8,-62.7,3.0,45.2,24.0,0.0,0.4,0.4,-9.8,-5.7,-1.8,-5.8,3.0,5.8,24.0,0.0,0.4,0.4,-1.3,-1.1,2.24,0.43,3.0,2.92,24.0,0.0,0.4,0.4,-12.7,-9.0,7.8,-2.6,3.0,16.0,24.0,0.0,0.4,0.4,2.29,2.94,3.59,2.94,2.0,1.35,22.0,0.0,0.3,0.6,20.0,28.2,36.3,28.2,2.0,16.8,22.0,0.0,0.3,0.6,-246.8,-205.9,-131.6,-189.6,3.0,85.5,24.0,0.0,0.4,0.4,-36.0,-35.3,-11.2,-23.9,3.0,20.7,24.0,0.0,0.4,0.4,-154.0,-147.4,-140.9,-147.4,2.0,13.5,22.0,0.0,0.3,0.6,-20.5,-12.2,-3.9,-12.2,2.0,17.2,22.0,0.0,0.3,0.6,-36.3,-28.0,-19.8,-28.0,2.0,17.0,22.0,0.0,0.3,0.6,-2.4,-1.4,-0.4,-1.4,2.0,2.0,22.0,0.0,0.3,0.6,222.0,551.5,921.0,571.0,3.0,512.0,24.0,0.0,0.4,0.4,220.0,550.0,920.0,570.0,3.0,510.0,24.0,0.0,0.4,0.4
1974,2,178.0,13.0,25.0,25.0,25.0,25.0,1.0,0.0,2.0,0.0,0.9,0.5,25.0,25.0,25.0,25.0,1.0,0.0,2.0,0.0,0.9,0.5,16.39,16.39,16.39,16.39,1.0,0.0,2.0,0.0,0.9,0.5,82.9,82.9,82.9,82.9,1.0,0.0,2.0,0.0,0.5,6.2,6.2,6.2,6.2,1.0,0.0,2.0,0.0,0.9,0.5,-4.75,-4.75,-4.75,-4.75,1.0,0.0,2.0,0.0,0.9,0.5,-3.99,-3.99,-3.99,-3.99,1.0,0.0,2.0,0.0,0.9,0.5,1011.4,1011.4,1011.4,1011.4,1.0,0.0,2.0,0.0,0.9,0.5,1.0,1.0,1.0,1.0,1.0,0.0,2.0,0.0,0.9,0.5,-29.4,-29.4,-29.4,-29.4,1.0,0.0,2.0,0.0,0.9,0.5,-24.7,-24.7,-24.7,-24.7,1.0,0.0,2.0,0.0,0.9,0.5,0.0,0.0,0.0,0.0,1.0,0.0,2.0,0.0,0.9,0.5,0.0,0.0,0.0,0.0,1.0,0.0,2.0,0.0,0.9,0.5,3.42,3.42,3.42,3.42,1.0,0.0,2.0,0.0,0.9,0.5,21.2,21.2,21.2,21.2,1.0,0.0,2.0,0.0,0.9,0.5,-118.7,-118.7,-118.7,-118.7,1.0,0.0,2.0,0.0,0.9,0.5,-99.6,-99.6,-99.6,-99.6,1.0,0.0,2.0,0.0,0.9,0.5,-77.9,-77.9,-77.9,-77.9,1.0,0.0,2.0,0.0,0.9,0.5,-65.3,-65.3,-65.3,-65.3,1.0,0.0,2.0,0.0,0.9,0.5,-16.2,-16.2,-16.2,-16.2,1.0,0.0,2.0,0.0,0.9,0.5,-13.6,-13.6,-13.6,-13.6,1.0,0.0,2.0,0.0,0.9,0.5,238.5,238.5,238.5,238.5,1.0,0.0,2.0,0.0,0.9,0.5,240.0,240.0,240.0,240.0,1.0,0.0,2.0,0.0,0.9,0.5
1974,2,178.0,14.0,26.1,26.1,26.24,26.17,3.0,0.12,16.0,0.0,0.5,0.6,25.59,25.8,25.9,25.75,4.0,0.25,14.0,0.0,0.4,0.7,17.1,17.87,18.32,17.72,4.0,0.89,14.0,0.0,0.4,0.7,81.9,86.6,89.3,85.7,4.0,4.6,14.0,0.0,0.7,6.2,6.2,8.61,7.35,4.0,2.3,14.0,0.0,0.4,0.7,-8.35,-5.83,-5.59,-6.91,4.0,2.49,14.0,0.0,0.4,0.7,0.03,2.12,2.63,1.37,4.0,2.21,14.0,0.0,0.4,0.7,1011.05,1011.2,1011.67,1011.35,4.0,0.45,14.0,0.0,0.4,0.7,2.5,3.0,3.0,2.8,4.0,0.5,14.0,0.0,0.4,0.7,-77.4,-36.1,-34.6,-55.1,4.0,39.9,14.0,0.0,0.4,0.7,-4.4,13.1,16.3,6.3,4.0,17.9,14.0,0.0,0.4,0.7,0.23,0.5,0.64,0.43,3.0,0.31,16.0,0.0,0.5,0.6,1.4,3.1,3.9,2.7,3.0,1.9,16.0,0.0,0.5,0.6,2.91,3.19,3.34,3.13,3.0,0.32,16.0,0.0,0.5,0.6,18.0,19.8,20.7,19.4,3.0,2.0,16.0,0.0,0.5,0.6,-215.9,-150.9,-143.0,-178.1,4.0,64.5,14.0,0.0,0.4,0.7,0.7,54.9,67.5,35.0,4.0,56.7,14.0,0.0,0.4,0.7,-143.6,-106.0,-99.8,-121.0,4.0,36.7,14.0,0.0,0.4,0.7,1.7,38.6,48.0,25.5,4.0,38.5,14.0,0.0,0.4,0.7,-19.0,-17.1,-16.5,-17.7,3.0,1.9,16.0,0.0,0.5,0.6,6.3,7.2,9.0,7.7,3.0,2.0,16.0,0.0,0.5,0.6,238.5,238.5,773.5,493.5,4.0,510.5,14.0,0.0,0.4,0.7,240.0,240.0,775.0,495.0,4.0,510.0,14.0,0.0,0.4,0.7
1974,2,178.0,15.0,25.62,26.95,28.28,26.95,2.0,2.76,16.0,0.0,0.5,0.4,25.27,25.85,26.43,25.85,2.0,1.2,16.0,0.0,0.5,0.4,15.23,15.75,16.27,15.75,2.0,1.08,16.0,0.0,0.5,0.4,75.5,75.5,75.6,75.5,2.0,0.1,16.0,0.0,0.4,13.4,13.4,13.4,13.4,1.0,0.0,10.0,0.0,0.0,0.2,-13.2,-13.2,-13.2,-13.2,1.0,0.0,10.0,0.0,0.0,0.2,-2.33,-2.33,-2.33,-2.33,1.0,0.0,10.0,0.0,0.0,0.2,1007.9,1008.75,1009.6,1008.75,2.0,1.77,16.0,0.0,0.5,0.4,1.6,3.0,4.4,3.0,2.0,2.8,16.0,0.0,0.5,0.4,-176.8,-176.8,-176.8,-176.8,1.0,0.0,10.0,0.0,0.0,0.2,-31.2,-31.2,-31.2,-31.2,1.0,0.0,10.0,0.0,0.0,0.2,-0.81,1.1,3.01,1.1,2.0,3.96,16.0,0.0,0.5,0.4,-22.8,-22.8,-22.8,-22.8,1.0,0.0,10.0,0.0,0.0,0.2,4.4,6.71,9.02,6.71,2.0,4.79,16.0,0.0,0.5,0.4,44.5,44.5,44.5,44.5,1.0,0.0,10.0,0.0,0.0,0.2,-352.3,-352.3,-352.3,-352.3,1.0,0.0,10.0,0.0,0.0,0.2,-62.1,-62.1,-62.1,-62.1,1.0,0.0,10.0,0.0,0.0,0.2,-218.0,-218.0,-218.0,-218.0,1.0,0.0,10.0,0.0,0.0,0.2,-38.4,-38.4,-38.4,-38.4,1.0,0.0,10.0,0.0,0.0,0.2,-43.8,-43.8,-43.8,-43.8,1.0,0.0,10.0,0.0,0.0,0.2,-7.7,-7.7,-7.7,-7.7,1.0,0.0,10.0,0.0,0.0,0.2,2406.0,2406.0,2406.0,2406.0,1.0,0.0,10.0,0.0,0.0,0.2,2405.0,2405.0,2405.0,2405.0,1.0,0.0,10.0,0.0,0.0,0.2
1974,2,178.0,16.0,26.1,26.1,26.1,26.1,1.0,0.0,14.0,1.0,0.7,0.1,27.0,27.0,27.0,27.0,1.0,0.0,14.0,1.0,0.7,0.1,16.07,16.07,16.07,16.07,1.0,0.0,14.0,1.0,0.7,0.1,72.3,72.3,72.3,72.3,1.0,0.0,14.0,1.0,0.1,10.8,10.8,10.8,10.8,1.0,0.0,14.0,1.0,0.7,0.1,-10.64,-10.64,-10.64,-10.64,1.0,0.0,14.0,1.0,0.7,0.1,-1.88,-1.88,-1.88,-1.88,1.0,0.0,14.0,1.0,0.7,0.1,1012.5,1012.5,1012.5,1012.5,1.0,0.0,14.0,1.0,0.7,0.1,3.0,3.0,3.0,3.0,1.0,0.0,14.0,1.0,0.7,0.1,-114.9,-114.9,-114.9,-114.9,1.0,0.0,14.0,1.0,0.7,0.1,-20.3,-20.3,-20.3,-20.3,1.0,0.0,14.0,1.0,0.7,0.1,-0.9,-0.9,-0.9,-0.9,1.0,0.0,14.0,1.0,0.7,0.1,-9.7,-9.7,-9.7,-9.7,1.0,0.0,14.0,1.0,0.7,0.1,5.07,5.07,5.07,5.07,1.0,0.0,14.0,1.0,0.7,0.1,54.7,54.7,54.7,54.7,1.0,0.0,14.0,1.0,0.7,0.1,-287.2,-287.2,-287.2,-287.2,1.0,0.0,14.0,1.0,0.7,0.1,-50.6,-50.6,-50.6,-50.6,1.0,0.0,14.0,1.0,0.7,0.1,-170.9,-170.9,-170.9,-170.9,1.0,0.0,14.0,1.0,0.7,0.1,-30.1,-30.1,-30.1,-30.1,1.0,0.0,14.0,1.0,0.7,0.1,-53.9,-53.9,-53.9,-53.9,1.0,0.0,14.0,1.0,0.7,0.1,-9.5,-9.5,-9.5,-9.5,1.0,0.0,14.0,1.0,0.7,0.1,1259.5,1259.5,1259.5,1259.5,1.0,0.0,14.0,1.0,0.7,0.1,1260.0,1260.0,1260.0,1260.0,1.0,0.0,14.0,1.0,0.7,0.1
1974,2,178.0,18.0,25.35,26.3,26.54,25.97,6.0,0.86,10.0,0.3,0.5,0.4,24.88,25.3,26.57,25.6,6.0,1.04,10.0,0.3,0.5,0.4,15.35,15.75,16.69,16.05,5.0,1.04,12.0,0.4,0.5,0.3,75.0,77.1,80.2,77.4,5.0,4.1,12.0,0.4,0.3,7.65,9.3,11.53,9.1,6.0,3.04,10.0,0.3,0.5,0.4,-9.23,-8.7,-6.74,-7.58,6.0,3.14,10.0,0.3,0.5,0.4,-7.41,-2.4,3.06,-2.28,6.0,4.86,10.0,0.3,0.5,0.4,1014.18,1014.45,1015.04,1014.57,6.0,0.44,10.0,0.3,0.5,0.4,2.6,3.0,5.0,3.6,5.0,1.3,12.0,0.4,0.5,0.3,-101.9,-83.2,-57.4,-76.3,6.0,38.7,10.0,0.3,0.5,0.4,-85.5,-22.3,15.0,-31.2,6.0,50.1,10.0,0.3,0.5,0.4,-1.29,1.15,1.5,0.37,6.0,1.52,10.0,0.3,0.5,0.4,-11.4,7.3,17.3,3.7,6.0,14.9,10.0,0.3,0.5,0.4,3.66,6.13,6.26,5.0,5.0,2.17,12.0,0.4,0.5,0.3,32.1,57.0,73.3,52.4,5.0,26.5,12.0,0.4,0.5,0.3,-235.1,-226.5,-177.9,-195.2,6.0,81.3,10.0,0.3,0.5,0.4,-185.2,-62.7,81.3,-57.1,6.0,122.7,10.0,0.3,0.5,0.4,-148.4,-144.0,-132.8,-141.8,5.0,9.8,12.0,0.4,0.5,0.3,-115.4,-56.7,1.3,-53.5,5.0,69.0,12.0,0.4,0.5,0.3,-57.9,-53.3,-30.2,-44.5,5.0,20.2,12.0,0.4,0.5,0.3,-47.1,-9.9,3.0,-19.0,5.0,28.2,12.0,0.4,0.5,0.3,532.0,804.5,1538.5,944.0,6.0,648.5,10.0,0.3,0.5,0.4,530.0,805.0,1540.0,945.0,6.0,650.0,10.0,0.3,0.5,0.4
1974,2,178.0,19.0,26.7,26.7,26.7,26.7,1.0,0.0,16.0,0.0,0.5,0.7,24.65,25.2,25.75,25.2,2.0,1.13,10.0,0.5,0.6,0.7,15.85,15.85,15.85,15.85,1.0,0.0,16.0,0.0,0.5,0.7,83.4,83.4,83.4,83.4,1.0,0.0,16.0,0.0,0.7,2.6,2.6,2.6,2.6,2.0,0.0,10.0,0.5,0.6,0.7,-1.65,0.06,1.77,0.06,2.0,3.54,10.0,0.5,0.6,0.7,0.52,0.67,0.82,0.67,2.0,0.31,10.0,0.5,0.6,0.7,1013.9,1013.9,1013.9,1013.9,1.0,0.0,16.0,0.0,0.5,0.7,0.2,0.5,0.8,0.5,2.0,0.7,10.0,0.5,0.6,0.7,-4.3,0.2,4.6,0.2,2.0,9.2,10.0,0.5,0.6,0.7,1.4,1.7,2.1,1.7,2.0,0.8,10.0,0.5,0.6,0.7,2.3,2.3,2.3,2.3,1.0,0.0,16.0,0.0,0.5,0.7,6.0,6.0,6.0,6.0,1.0,0.0,16.0,0.0,0.5,0.7,6.03,6.03,6.03,6.03,1.0,0.0,16.0,0.0,0.5,0.7,15.7,15.7,15.7,15.7,1.0,0.0,16.0,0.0,0.5,0.7,-39.6,3.5,46.5,3.5,2.0,89.2,10.0,0.5,0.6,0.7,13.3,16.7,20.1,16.7,2.0,7.0,10.0,0.5,0.6,0.7,-38.7,-38.7,-38.7,-38.7,1.0,0.0,16.0,0.0,0.5,0.7,14.1,14.1,14.1,14.1,1.0,0.0,16.0,0.0,0.5,0.7,-14.7,-14.7,-14.7,-14.7,1.0,0.0,16.0,0.0,0.5,0.7,5.4,5.4,5.4,5.4,1.0,0.0,16.0,0.0,0.5,0.7,17.5,17.5,17.5,17.5,2.0,0.0,10.0,0.5,0.6,0.7,20.0,20.0,20.0,20.0,2.0,0.0,10.0,0.5,0.6,0.7
1974,2,178.0,20.0,26.17,27.8,28.8,27.5,4.0,1.58,10.0,0.5,0.2,0.2,24.79,25.8,26.6,25.7,4.0,1.05,10.0,0.5,0.2,0.2,15.9,16.4,16.49,16.2,4.0,0.5,10.0,0.5,0.2,0.2,76.1,78.4,81.7,78.9,4.0,3.4,10.0,0.5,0.2,2.1,4.65,8.82,5.43,4.0,4.04,10.0,0.5,0.2,0.2,-7.52,-3.35,-2.07,-4.73,4.0,3.81,10.0,0.5,0.2,0.2,-1.11,-0.36,2.72,0.75,4.0,3.25,10.0,0.5,0.2,0.2,1013.21,1014.45,1014.9,1014.08,4.0,1.13,10.0,0.5,0.2,0.2,2.5,3.0,3.0,2.8,4.0,0.5,10.0,0.5,0.2,0.2,-70.6,-18.8,-4.3,-36.6,4.0,47.3,10.0,0.5,0.2,0.2,-10.0,-0.8,20.4,4.9,4.0,24.6,10.0,0.5,0.2,0.2,1.36,2.2,2.2,1.8,4.0,0.8,10.0,0.5,0.2,0.2,4.5,4.6,14.1,9.1,4.0,9.1,10.0,0.5,0.2,0.2,5.29,7.39,8.28,6.81,4.0,1.96,10.0,0.5,0.2,0.2,17.4,23.7,49.5,33.0,4.0,23.7,10.0,0.5,0.2,0.2,-185.8,-85.4,-55.0,-118.8,4.0,91.7,10.0,0.5,0.2,0.2,-27.7,-9.7,67.6,18.6,4.0,81.1,10.0,0.5,0.2,0.2,-118.3,-55.0,-34.1,-75.2,4.0,57.9,10.0,0.5,0.2,0.2,-17.4,-6.0,44.5,12.7,4.0,52.8,10.0,0.5,0.2,0.2,-43.9,-18.2,-17.1,-30.0,4.0,24.3,10.0,0.5,0.2,0.2,-7.6,-3.0,10.5,1.3,4.0,15.0,10.0,0.5,0.2,0.2,9.5,191.5,750.0,371.0,4.0,511.0,10.0,0.5,0.2,0.2,10.0,190.0,750.0,370.0,4.0,510.0,10.0,0.5,0.2,0.2
1974,2,178.0,21.0,25.16,25.5,26.32,25.73,3.0,0.87,18.0,0.0,0.6,0.4,23.71,24.75,25.0,24.38,4.0,0.95,18.0,0.3,0.6,0.5,16.13,16.27,17.88,16.99,3.0,1.42,18.0,0.0,0.6,0.4,82.9,83.9,91.3,87.0,3.0,6.7,18.0,0.0,0.4,4.1,4.6,6.2,5.13,4.0,1.46,18.0,0.3,0.6,0.5,-5.5,-4.0,-2.93,-4.21,4.0,1.94,18.0,0.3,0.6,0.5,-1.29,1.64,3.42,1.09,4.0,2.87,18.0,0.3,0.6,0.5,1012.66,1013.0,1016.82,1014.7,3.0,3.39,18.0,0.0,0.6,0.4,1.4,3.0,5.6,3.5,4.0,3.3,18.0,0.3,0.6,0.5,-35.0,-18.4,-12.4,-23.5,4.0,17.5,18.0,0.3,0.6,0.5,-9.3,7.3,15.7,3.4,4.0,15.9,18.0,0.3,0.6,0.5,0.32,1.0,1.48,0.9,3.0,0.85,18.0,0.0,0.6,0.4,1.3,4.1,9.7,5.4,3.0,6.2,18.0,0.0,0.6,0.4,3.27,3.51,4.06,3.66,3.0,0.59,18.0,0.0,0.6,0.4,17.8,17.9,21.2,19.5,3.0,2.9,18.0,0.0,0.6,0.4,-135.1,-96.0,-71.2,-102.8,4.0,49.2,18.0,0.3,0.6,0.5,-32.3,41.0,84.6,26.8,4.0,71.2,18.0,0.3,0.6,0.5,-106.2,-63.6,-42.7,-74.2,3.0,47.4,18.0,0.0,0.6,0.4,-14.4,53.3,55.9,21.5,3.0,58.4,18.0,0.0,0.6,0.4,-18.9,-13.7,-10.4,-14.6,3.0,6.3,18.0,0.0,0.6,0.4,-1.7,11.5,14.1,6.4,3.0,12.4,18.0,0.0,0.6,0.4,69.0,101.0,258.5,161.0,4.0,144.5,18.0,0.3,0.6,0.5,70.0,100.0,260.0,160.0,4.0,145.0,18.0,0.3,0.6,0.5
1974,2,178.0,22.0,21.94,24.45,25.12,23.87,6.0,1.62,18.0,0.3,0.6,0.5,23.22,24.2,25.65,24.34,7.0,1.6,18.0,0.4,0.6,0.5,12.26,14.84,15.4,13.88,5.0,2.09,16.0,0.2,0.5,0.5,64.2,72.9,76.5,71.5,6.0,6.4,18.0,0.3,0.5,5.03,7.7,9.82,7.41,7.0,2.4,18.0,0.4,0.6,0.5,-7.53,-4.1,0.36,-2.94,7.0,5.34,18.0,0.4,0.6,0.5,-0.06,6.3,7.11,3.7,7.0,3.91,18.0,0.4,0.6,0.5,1006.72,1017.6,1018.19,1013.22,5.0,6.95,16.0,0.2,0.5,0.5,3.0,5.0,6.1,4.7,7.0,2.1,18.0,0.4,0.6,0.5,-73.9,-26.0,2.8,-24.1,7.0,47.1,18.0,0.4,0.6,0.5,-0.5,51.8,62.0,32.8,7.0,34.4,18.0,0.4,0.6,0.5,-4.04,0.15,2.38,-0.53,6.0,3.08,18.0,0.3,0.6,0.5,-24.4,1.5,21.4,-0.7,6.0,21.6,18.0,0.3,0.6,0.5,0.87,4.25,7.84,4.4,5.0,3.64,16.0,0.2,0.5,0.5,5.0,41.7,70.4,38.9,5.0,33.4,16.0,0.2,0.5,0.5,-181.8,-102.5,7.9,-75.1,7.0,123.0,18.0,0.4,0.6,0.5,-1.4,152.4,177.9,91.4,7.0,95.7,18.0,0.4,0.6,0.5,-107.2,-78.6,29.0,-43.1,5.0,81.6,16.0,0.2,0.5,0.5,-5.1,88.0,99.8,55.7,5.0,58.0,16.0,0.2,0.5,0.5,-41.3,-5.0,24.3,-5.6,5.0,46.5,16.0,0.2,0.5,0.5,-4.3,4.9,34.7,13.7,5.0,23.9,16.0,0.2,0.5,0.5,128.5,456.5,948.5,513.5,7.0,388.5,18.0,0.4,0.6,0.5,130.0,455.0,950.0,515.0,7.0,390.0,18.0,0.4,0.6,0.5
1974,2,178.0,23.0,23.37,24.05,24.31,23.85,4.0,0.73,16.0,0.3,0.3,0.6,21.58,22.6,24.67,23.1,4.0,2.1,16.0,0.3,0.3,0.6,14.62,14.81,15.0,14.81,3.0,0.28,16.0,0.3,0.3,0.5,74.0,83.7,89.2,81.7,3.0,11.3,16.0,0.3,0.5,5.03,7.95,10.19,7.63,4.0,3.86,16.0,0.3,0.3,0.6,-9.35,-6.76,-1.95,-5.7,4.0,5.57,16.0,0.3,0.3,0.6,-1.35,2.15,4.02,1.37,4.0,3.95,16.0,0.3,0.3,0.6,1013.64,1013.9,1014.63,1014.13,4.0,0.75,16.0,0.3,0.3,0.6,3.3,6.0,6.7,5.0,3.0,2.6,20.0,0.3,0.3,0.7,-97.4,-53.6,-21.8,-59.3,4.0,57.8,16.0,0.3,0.3,0.6,-23.7,12.3,32.3,4.6,4.0,39.3,16.0,0.3,0.3,0.6,-1.24,1.05,2.71,0.75,4.0,2.35,16.0,0.3,0.3,0.6,-8.6,9.7,28.0,9.7,4.0,22.3,16.0,0.3,0.3,0.6,2.98,4.06,4.08,3.54,3.0,0.92,16.0,0.3,0.3,0.5,14.3,31.3,32.8,23.7,3.0,15.0,16.0,0.3,0.3,0.5,-214.8,-163.2,-41.6,-129.8,4.0,124.3,16.0,0.3,0.3,0.6,-27.1,53.6,93.4,34.0,4.0,86.7,16.0,0.3,0.3,0.6,-101.8,-94.8,-9.9,-56.8,3.0,74.9,16.0,0.3,0.3,0.5,29.0,38.3,66.4,47.5,3.0,28.5,16.0,0.3,0.3,0.5,-28.2,-25.7,-4.8,-16.7,3.0,18.8,16.0,0.3,0.3,0.5,6.2,10.7,18.1,12.1,3.0,8.8,16.0,0.3,0.3,0.5,226.5,504.0,1168.0,688.5,4.0,731.0,16.0,0.3,0.3,0.6,225.0,505.0,1170.0,690.0,4.0,730.0,16.0,0.3,0.3,0.6
1974,2,178.0,24.0,22.29,23.0,23.72,23.17,19.0,1.01,16.0,0.2,0.4,0.5,20.73,22.0,23.93,22.27,22.0,1.58,16.0,0.3,0.4,0.5,12.67,13.93,14.82,13.54,19.0,1.76,16.0,0.2,0.4,0.5,75.8,83.7,90.0,82.3,19.0,8.5,16.0,0.2,0.5,5.1,6.95,8.93,6.82,22.0,2.11,16.0,0.3,0.4,0.5,-7.94,-4.37,3.48,-3.02,22.0,5.24,16.0,0.3,0.4,0.5,-5.16,-1.7,1.16,-1.96,22.0,3.48,16.0,0.3,0.4,0.5,1012.51,1016.0,1019.04,1015.28,19.0,4.81,16.0,0.2,0.4,0.5,2.0,3.5,7.7,4.5,22.0,2.6,16.0,0.3,0.4,0.5,-71.0,-24.6,19.2,-26.2,22.0,42.8,16.0,0.3,0.4,0.5,-41.8,-14.6,5.9,-14.6,22.0,25.4,16.0,0.3,0.4,0.5,-0.14,1.2,3.0,1.17,19.0,1.66,16.0,0.2,0.4,0.5,-1.0,7.7,16.8,8.6,19.0,12.3,16.0,0.2,0.4,0.5,2.43,3.49,6.29,4.14,19.0,2.08,16.0,0.2,0.4,0.5,13.2,23.6,45.6,29.5,19.0,18.9,16.0,0.2,0.4,0.5,-184.1,-93.6,77.4,-68.2,22.0,118.1,16.0,0.3,0.4,0.5,-116.0,-37.6,29.7,-41.4,22.0,73.8,16.0,0.3,0.4,0.5,-112.9,-55.5,47.2,-41.1,19.0,75.7,16.0,0.2,0.4,0.5,-66.1,-24.7,28.8,-22.3,19.0,46.2,16.0,0.2,0.4,0.5,-30.3,-10.2,18.4,-9.8,19.0,23.9,16.0,0.2,0.4,0.5,-30.4,-5.1,4.2,-11.5,19.0,21.5,16.0,0.2,0.4,0.5,132.5,337.0,720.0,399.0,22.0,285.5,16.0,0.3,0.4,0.5,135.0,335.0,720.0,400.0,22.0,285.0,16.0,0.3,0.4,0.5
1974,2,178.0,25.0,21.77,22.5,23.38,22.46,12.0,1.37,14.0,0.3,0.4,0.4,20.0,21.0,22.0,21.24,14.0,1.53,12.0,0.4,0.4,0.4,9.72,13.21,14.33,12.28,11.0,2.39,14.0,0.4,0.4,0.4,66.0,76.3,92.3,78.9,11.0,13.8,14.0,0.4,0.4,3.13,7.2,10.71,6.99,14.0,3.96,12.0,0.4,0.4,0.4,-10.09,-5.3,0.79,-4.46,14.0,6.26,12.0,0.4,0.4,0.4,-3.66,0.0,2.41,-0.44,14.0,2.73,12.0,0.4,0.4,0.4,1012.93,1016.0,1020.07,1016.32,13.0,3.46,14.0,0.3,0.4,0.4,1.1,4.0,8.0,4.4,14.0,3.0,12.0,0.4,0.4,0.4,-108.1,-34.9,3.6,-49.3,14.0,70.3,12.0,0.4,0.4,0.4,-25.6,0.0,14.9,-4.3,14.0,21.2,12.0,0.4,0.4,0.4,0.0,1.75,3.43,1.34,12.0,2.68,14.0,0.3,0.4,0.4,0.0,7.9,31.1,9.4,12.0,25.5,14.0,0.3,0.4,0.4,2.12,4.19,7.6,4.68,11.0,3.25,14.0,0.4,0.4,0.4,7.0,31.7,58.5,37.1,11.0,39.2,14.0,0.4,0.4,0.4,-221.6,-107.1,15.6,-95.7,14.0,135.0,12.0,0.4,0.4,0.4,-73.8,0.0,52.8,-7.3,14.0,57.8,12.0,0.4,0.4,0.4,-128.4,-100.9,-14.7,-81.8,11.0,63.7,14.0,0.4,0.4,0.4,-48.1,-3.6,26.1,-10.5,11.0,34.6,14.0,0.4,0.4,0.4,-53.7,-13.7,1.4,-31.7,11.0,41.3,14.0,0.4,0.4,0.4,-20.7,-0.8,2.1,-7.2,11.0,13.8,14.0,0.4,0.4,0.4,31.0,373.0,1231.0,658.0,14.0,862.0,12.0,0.4,0.4,0.4,30.0,375.0,1230.0,660.0,14.0,860.0,12.0,0.4,0.4,0.4
1974,2,178.0,26.0,20.77,22.8,24.0,22.28,17.0,1.76,16.0,0.2,0.3,0.5,19.37,21.8,23.0,21.42,19.0,1.86,14.0,0.3,0.3,0.5,10.84,12.54,15.37,12.99,19.0,1.87,14.0,0.3,0.3,0.5,74.1,79.4,91.2,81.7,19.0,7.6,14.0,0.3,0.5,4.95,6.95,9.45,7.22,18.0,3.4,14.0,0.3,0.3,0.5,-7.34,-2.86,5.1,-1.83,18.0,6.88,14.0,0.3,0.3,0.5,-3.79,0.53,3.88,0.44,18.0,3.96,14.0,0.3,0.3,0.5,1011.77,1015.0,1019.31,1014.86,19.0,5.16,14.0,0.3,0.3,0.5,3.0,5.0,7.0,4.9,17.0,2.1,14.0,0.3,0.3,0.4,-60.8,-11.8,32.7,-22.5,18.0,75.5,14.0,0.3,0.3,0.5,-28.5,2.3,27.2,-0.2,18.0,37.5,14.0,0.3,0.3,0.5,-2.1,1.2,3.24,0.98,17.0,2.86,16.0,0.2,0.3,0.5,-11.2,10.0,19.3,6.8,16.0,22.5,16.0,0.3,0.3,0.5,1.21,4.88,5.85,3.92,17.0,2.7,16.0,0.2,0.3,0.5,13.0,28.5,46.3,28.8,16.0,17.1,16.0,0.3,0.3,0.5,-153.8,-54.4,117.8,-37.3,18.0,151.8,14.0,0.3,0.3,0.5,-75.9,11.3,87.7,12.3,18.0,85.9,14.0,0.3,0.3,0.5,-91.2,-30.8,68.3,-23.1,18.0,91.5,14.0,0.3,0.3,0.5,-45.0,6.7,59.0,7.2,18.0,52.8,14.0,0.3,0.3,0.5,-33.8,-16.0,16.7,-11.1,16.0,25.8,16.0,0.3,0.3,0.5,-12.9,0.2,19.2,2.1,16.0,19.4,16.0,0.3,0.3,0.5,122.0,347.5,845.5,637.0,18.0,908.5,14.0,0.3,0.3,0.5,120.0,345.0,845.0,635.0,18.0,910.0,14.0,0.3,0.3,0.5
1974,2,178.0,27.0,20.5,21.0,22.66,21.34,11.0,1.33,10.0,0.5,0.5,0.5,19.22,20.0,21.1,20.3,12.0,1.59,10.0,0.5,0.5,0.5,9.21,11.22,12.71,11.01,12.0,1.61,10.0,0.5,0.5,0.5,66.9,74.6,81.7,74.5,12.0,8.5,10.0,0.5,0.5,3.72,7.95,10.93,7.15,12.0,3.79,10.0,0.5,0.5,0.5,-4.67,0.0,7.39,0.64,12.0,6.65,10.0,0.5,0.5,0.5,-3.31,0.54,6.89,1.14,12.0,4.91,10.0,0.5,0.5,0.5,1014.87,1017.7,1018.93,1017.12,12.0,2.07,10.0,0.5,0.5,0.5,2.0,5.0,8.0,5.2,12.0,2.8,10.0,0.5,0.5,0.5,-40.6,0.0,66.3,11.2,12.0,69.8,10.0,0.5,0.5,0.5,-22.7,3.3,59.9,7.1,12.0,46.3,10.0,0.5,0.5,0.5,0.56,1.1,2.47,1.14,11.0,1.96,10.0,0.5,0.5,0.5,3.1,8.5,20.6,9.1,11.0,14.0,10.0,0.5,0.5,0.5,3.51,4.77,6.78,4.93,11.0,1.96,10.0,0.5,0.5,0.5,8.5,31.5,72.3,37.7,11.0,27.5,10.0,0.5,0.5,0.5,-95.6,0.0,165.5,13.6,12.0,132.5,10.0,0.5,0.5,0.5,-62.5,13.2,136.2,25.5,12.0,98.3,10.0,0.5,0.5,0.5,-47.8,0.0,86.9,4.9,12.0,68.5,10.0,0.5,0.5,0.5,-37.7,7.3,67.9,14.2,12.0,53.9,10.0,0.5,0.5,0.5,-30.4,0.0,41.5,4.7,11.0,38.4,10.0,0.5,0.5,0.5,-17.7,0.0,30.6,5.2,11.0,28.1,10.0,0.5,0.5,0.5,56.0,504.0,1306.5,633.0,12.0,668.5,10.0,0.5,0.5,0.5,55.0,505.0,1305.0,635.0,12.0,670.0,10.0,0.5,0.5,0.5
1974,2,178.0,28.0,20.74,21.05,21.15,20.95,4.0,0.31,10.0,0.5,0.2,0.5,17.72,18.55,20.21,18.95,4.0,1.83,10.0,0.5,0.2,0.5,9.88,11.12,11.69,10.79,3.0,1.36,4.0,0.3,0.3,0.4,75.5,76.3,82.1,78.7,3.0,5.3,4.0,0.3,0.4,7.68,9.55,12.47,10.05,4.0,3.6,10.0,0.5,0.2,0.5,-1.54,7.63,11.12,4.92,4.0,9.36,10.0,0.5,0.2,0.5,-6.24,-3.26,-0.2,-3.22,4.0,3.73,10.0,0.5,0.2,0.5,1009.68,1012.1,1017.3,1013.43,4.0,5.53,10.0,0.5,0.2,0.5,1.5,4.0,7.0,4.3,4.0,3.3,10.0,0.5,0.2,0.5,-25.6,61.5,141.3,58.0,4.0,114.2,10.0,0.5,0.2,0.5,-81.0,-31.5,-3.7,-41.8,4.0,51.3,10.0,0.5,0.2,0.5,0.52,2.55,3.42,2.0,4.0,2.12,10.0,0.5,0.2,0.5,7.0,24.3,43.3,25.1,4.0,26.4,10.0,0.5,0.2,0.5,3.55,4.63,5.77,4.66,3.0,1.63,4.0,0.3,0.3,0.4,26.6,43.0,77.8,51.9,3.0,38.3,4.0,0.3,0.3,0.4,-21.1,149.4,196.1,90.3,4.0,170.7,10.0,0.5,0.2,0.5,-111.0,-60.8,-1.9,-56.7,4.0,67.0,10.0,0.5,0.2,0.5,82.2,101.8,114.2,98.3,3.0,23.7,4.0,0.3,0.3,0.4,-53.0,-18.0,3.1,-24.8,3.0,41.5,4.0,0.3,0.3,0.4,26.2,42.4,69.0,47.4,3.0,31.7,4.0,0.3,0.3,0.4,-34.4,-7.5,-0.1,-17.0,3.0,26.5,4.0,0.3,0.3,0.4,508.0,873.0,2181.0,1323.0,4.0,1358.0,10.0,0.5,0.2,0.5,510.0,875.0,2180.0,1325.0,4.0,1360.0,10.0,0.5,0.2,0.5
1974,2,178.0,29.0,17.5,18.3,19.95,18.53,21.0,1.3,16.0,0.4,0.3,0.6,15.33,18.65,20.4,18.0,22.0,2.21,16.0,0.4,0.3,0.5,8.63,11.16,12.83,10.88,18.0,1.97,12.0,0.5,0.3,0.6,75.9,82.9,90.0,82.5,18.0,7.8,12.0,0.5,0.6,4.77,7.95,11.8,8.48,22.0,4.64,16.0,0.4,0.3,0.5,-7.68,-1.45,6.03,-0.63,22.0,7.23,16.0,0.4,0.3,0.5,-4.79,-1.17,5.44,-0.77,22.0,6.59,16.0,0.4,0.3,0.5,1012.6,1016.1,1019.17,1015.93,22.0,3.58,16.0,0.4,0.3,0.5,2.0,5.5,8.0,5.2,18.0,2.4,14.0,0.4,0.3,0.6,-89.1,-8.8,48.5,-6.4,22.0,92.3,16.0,0.4,0.3,0.5,-48.4,-3.4,34.4,-22.2,22.0,110.9,16.0,0.4,0.3,0.5,-1.58,0.5,2.83,0.35,21.0,2.27,16.0,0.4,0.3,0.6,-14.3,3.2,19.7,5.1,21.0,20.5,16.0,0.4,0.3,0.6,0.32,2.42,4.17,2.34,17.0,1.85,14.0,0.5,0.3,0.6,2.0,18.7,42.8,24.7,17.0,26.6,14.0,0.5,0.3,0.6,-113.2,-25.4,99.8,-12.4,22.0,130.8,16.0,0.4,0.3,0.5,-83.5,-20.0,110.2,-5.3,22.0,111.1,16.0,0.4,0.3,0.5,-68.8,-10.1,62.2,-4.9,18.0,83.5,12.0,0.5,0.3,0.6,-49.4,-12.6,86.3,1.6,18.0,70.8,12.0,0.5,0.3,0.6,-20.3,0.0,26.7,1.0,17.0,23.1,14.0,0.5,0.3,0.6,-18.4,-2.5,7.5,-8.8,17.0,27.3,14.0,0.5,0.3,0.6,109.0,504.0,1661.0,1256.5,22.0,2487.0,16.0,0.4,0.3,0.5,110.0,505.0,1660.0,1255.0,22.0,2485.0,16.0,0.4,0.3,0.5
1974,2,178.0,30.0,17.1,18.0,19.1,18.14,31.0,1.15,18.0,0.1,0.4,0.3,15.22,17.0,18.48,16.88,33.0,1.43,16.0,0.2,0.5,0.3,8.75,10.38,12.51,10.61,21.0,1.56,12.0,0.1,0.5,0.3,75.9,89.6,95.6,86.5,21.0,9.2,12.0,0.1,0.3,4.1,7.1,11.8,7.66,32.0,4.46,16.0,0.2,0.5,0.3,-6.68,-2.38,4.84,-1.2,32.0,6.35,16.0,0.2,0.5,0.3,-4.54,0.83,4.18,-0.32,32.0,6.21,16.0,0.2,0.5,0.3,1015.0,1017.5,1021.47,1017.9,27.0,3.91,14.0,0.1,0.4,0.3,2.6,7.0,8.0,5.6,30.0,2.4,16.0,0.2,0.5,0.3,-70.2,-12.0,26.5,-12.5,32.0,77.6,16.0,0.2,0.5,0.3,-40.9,2.1,26.6,-15.8,32.0,92.9,16.0,0.2,0.5,0.3,-0.22,1.6,2.57,1.3,31.0,1.66,18.0,0.1,0.4,0.3,-1.1,8.6,17.9,9.3,30.0,15.8,16.0,0.1,0.4,0.3,0.67,2.49,4.07,2.53,20.0,1.95,12.0,0.1,0.4,0.3,3.0,9.5,36.2,17.7,20.0,19.7,12.0,0.1,0.4,0.3,-117.2,-40.4,80.1,-18.4,32.0,106.5,16.0,0.2,0.5,0.3,-72.2,14.0,85.0,-0.9,32.0,103.9,16.0,0.2,0.5,0.3,-50.3,7.7,65.9,9.4,21.0,64.5,12.0,0.1,0.5,0.3,0.0,16.5,56.9,16.7,21.0,59.3,12.0,0.1,0.5,0.3,-7.1,0.2,26.6,4.2,20.0,18.3,12.0,0.1,0.4,0.3,-2.6,2.2,8.3,-1.4,20.0,19.0,12.0,0.1,0.4,0.3,69.0,358.0,1643.0,984.5,32.0,1849.5,16.0,0.2,0.5,0.3,70.0,360.0,1645.0,985.0,32.0,1850.0,16.0,0.2,0.5,0.3
1974,2,178.0,31.0,15.96,17.9,18.8,17.65,8.0,1.72,16.0,0.6,0.3,0.4,14.0,17.0,17.94,16.21,8.0,2.24,16.0,0.6,0.3,0.4,8.32,9.06,10.3,9.3,4.0,1.33,10.0,0.5,0.5,0.4,76.5,85.4,92.5,84.5,4.0,9.9,10.0,0.5,0.4,7.76,9.5,15.02,10.55,8.0,4.92,16.0,0.6,0.3,0.4,-9.4,3.39,9.57,0.9,8.0,9.93,16.0,0.6,0.3,0.4,-1.76,0.0,5.42,-0.65,8.0,7.18,16.0,0.6,0.3,0.4,1014.84,1018.8,1020.9,1017.53,8.0,4.25,16.0,0.6,0.3,0.4,3.9,5.0,7.0,5.1,7.0,2.0,14.0,0.6,0.3,0.5,-136.3,21.0,97.1,2.8,8.0,135.6,16.0,0.6,0.3,0.4,-17.8,0.0,40.9,-29.5,8.0,117.6,16.0,0.6,0.3,0.4,0.23,1.15,3.6,1.44,8.0,2.2,16.0,0.6,0.3,0.4,1.6,10.5,38.0,17.5,8.0,25.2,16.0,0.6,0.3,0.4,2.43,3.7,4.86,3.65,4.0,1.61,10.0,0.5,0.5,0.4,22.9,42.5,46.6,35.1,4.0,20.3,10.0,0.5,0.5,0.4,-150.8,58.1,162.0,12.7,8.0,155.3,16.0,0.6,0.3,0.4,-30.0,0.0,76.4,-3.2,8.0,102.5,16.0,0.6,0.3,0.4,34.4,63.8,118.1,75.7,4.0,53.1,10.0,0.5,0.5,0.4,-8.1,8.6,32.9,12.2,4.0,26.8,10.0,0.5,0.5,0.4,15.4,34.6,46.3,31.0,4.0,20.1,10.0,0.5,0.5,0.4,-3.9,1.3,18.3,6.9,4.0,17.6,10.0,0.5,0.5,0.4,467.0,875.5,3439.0,1878.5,8.0,2308.0,16.0,0.6,0.3,0.4,465.0,875.0,3440.0,1880.0,8.0,2310.0,16.0,0.6,0.3,0.4
1974,2,178.0,32.0,15.0,16.0,17.0,16.07,12.0,1.06,20.0,0.5,0.3,0.5,14.87,16.35,17.7,15.99,12.0,1.73,20.0,0.5,0.3,0.5,7.65,9.31,10.84,9.26,10.0,1.6,18.0,0.5,0.4,0.6,71.7,86.8,90.0,83.0,10.0,9.9,18.0,0.5,0.6,7.32,10.05,14.03,9.96,12.0,4.07,20.0,0.5,0.3,0.5,-9.14,-0.26,6.54,-1.46,12.0,7.31,20.0,0.5,0.3,0.5,-8.72,0.0,8.27,-0.87,12.0,8.26,20.0,0.5,0.3,0.5,1012.86,1017.65,1023.03,1016.95,12.0,6.33,20.0,0.5,0.3,0.5,4.8,8.0,8.0,6.7,11.0,2.2,18.0,0.5,0.4,0.6,-127.0,-0.4,45.3,-29.2,12.0,88.6,20.0,0.5,0.3,0.5,-99.1,0.0,71.3,-23.3,12.0,106.5,20.0,0.5,0.3,0.5,-1.05,-0.2,2.0,0.08,12.0,1.45,20.0,0.5,0.3,0.5,-11.2,-2.1,17.7,0.8,12.0,14.8,20.0,0.5,0.3,0.5,0.85,2.16,3.34,2.07,10.0,1.32,18.0,0.5,0.4,0.6,5.4,15.8,27.8,17.0,10.0,12.2,18.0,0.5,0.4,0.6,-151.8,-3.8,96.3,-24.1,12.0,118.4,20.0,0.5,0.3,0.5,-128.1,0.0,140.0,-7.5,12.0,132.1,20.0,0.5,0.3,0.5,-50.2,0.0,53.7,1.0,10.0,65.4,18.0,0.5,0.4,0.6,-51.9,5.0,90.7,10.1,10.0,76.0,18.0,0.5,0.4,0.6,-3.6,0.3,17.7,2.5,10.0,16.9,18.0,0.5,0.4,0.6,-13.5,-0.6,7.4,-3.5,10.0,12.8,18.0,0.5,0.4,0.6,401.0,1017.0,2762.0,1426.5,12.0,1423.5,20.0,0.5,0.3,0.5,400.0,1015.0,2760.0,1425.0,12.0,1425.0,20.0,0.5,0.3,0.5
1974,2,178.0,33.0,15.0,16.0,16.91,15.95,11.0,1.08,16.0,0.2,0.4,0.4,13.04,15.0,16.31,14.73,15.0,2.13,16.0,0.3,0.5,0.4,6.28,9.0,10.23,8.55,10.0,1.73,14.0,0.2,0.5,0.4,74.0,84.8,91.1,83.3,10.0,8.7,14.0,0.2,0.4,8.83,10.3,12.7,10.62,15.0,3.54,16.0,0.3,0.5,0.4,-9.05,1.57,9.56,0.76,15.0,9.31,16.0,0.3,0.5,0.4,-7.12,-1.61,7.4,-0.64,15.0,6.76,16.0,0.3,0.5,0.4,1004.61,1017.0,1022.31,1014.73,15.0,8.69,16.0,0.3,0.5,0.4,1.0,6.0,8.0,5.3,12.0,3.0,16.0,0.3,0.5,0.4,-95.0,7.2,96.5,12.2,15.0,123.0,16.0,0.3,0.5,0.4,-74.7,-15.0,73.9,-1.1,15.0,92.5,16.0,0.3,0.5,0.4,-0.75,1.5,2.88,1.41,11.0,2.01,16.0,0.2,0.4,0.4,-10.6,15.3,27.9,13.0,11.0,20.8,16.0,0.2,0.4,0.4,1.2,1.93,4.38,2.45,9.0,1.67,14.0,0.1,0.4,0.5,7.5,19.9,38.7,23.7,9.0,16.8,14.0,0.1,0.4,0.5,-119.6,24.4,174.3,20.6,15.0,141.8,16.0,0.3,0.5,0.4,-91.3,-24.8,111.4,-3.1,15.0,105.6,16.0,0.3,0.5,0.4,-62.1,15.9,74.4,19.3,10.0,73.8,14.0,0.2,0.5,0.4,-35.6,-12.0,98.8,19.9,10.0,67.4,14.0,0.2,0.5,0.4,-24.1,2.3,11.6,-3.1,9.0,22.1,14.0,0.1,0.4,0.5,-22.0,-1.7,16.2,-3.1,9.0,20.1,14.0,0.1,0.4,0.5,691.0,1092.5,2054.0,1594.5,15.0,1767.5,16.0,0.3,0.5,0.4,690.0,1095.0,2055.0,1595.0,15.0,1770.0,16.0,0.3,0.5,0.4
1974,2,178.0,34.0,14.74,16.0,16.18,15.56,5.0,0.89,8.0,0.4,0.4,0.7,12.94,14.0,14.74,13.9,5.0,1.14,6.0,0.2,0.5,0.6,6.81,7.38,8.46,7.63,4.0,1.24,6.0,0.3,0.5,0.5,70.3,78.0,84.4,77.3,4.0,8.3,6.0,0.3,0.5,4.5,6.2,12.61,7.82,6.0,4.04,6.0,0.3,0.4,0.6,-5.55,-1.69,2.56,-1.75,6.0,4.61,6.0,0.3,0.4,0.6,-1.26,3.98,10.67,4.06,6.0,6.71,6.0,0.3,0.4,0.6,1013.94,1016.6,1018.76,1015.48,6.0,4.81,6.0,0.3,0.4,0.6,5.8,7.0,8.0,6.3,6.0,2.7,6.0,0.3,0.4,0.6,-47.2,-8.6,18.9,-19.8,6.0,51.0,6.0,0.3,0.4,0.6,-7.8,21.5,140.4,49.0,6.0,77.2,6.0,0.3,0.4,0.6,1.39,1.85,2.26,1.83,4.0,0.59,8.0,0.3,0.4,0.7,6.0,9.7,23.5,14.5,4.0,13.1,8.0,0.3,0.4,0.7,3.26,3.68,3.88,3.57,3.0,0.46,6.0,0.3,0.5,0.6,16.5,16.9,33.4,24.8,3.0,14.2,6.0,0.3,0.5,0.6,-81.5,-30.4,42.6,-22.5,5.0,68.8,6.0,0.2,0.5,0.6,33.4,55.8,150.6,85.2,5.0,74.0,6.0,0.2,0.5,0.6,-40.8,2.7,25.2,-7.3,4.0,42.6,6.0,0.3,0.5,0.5,12.1,51.1,96.4,54.1,4.0,51.2,6.0,0.3,0.5,0.5,-20.7,-8.5,8.4,-6.2,3.0,21.4,6.0,0.3,0.5,0.6,4.6,14.6,26.1,15.4,3.0,15.8,6.0,0.3,0.5,0.6,91.5,238.5,2010.0,826.0,6.0,1045.0,6.0,0.3,0.4,0.6,90.0,240.0,2010.0,825.0,6.0,1045.0,6.0,0.3,0.4,0.6
1974,2,178.0,35.0,12.58,13.5,14.21,13.4,4.0,0.99,18.0,0.3,0.2,0.5,12.05,13.85,17.38,14.68,4.0,3.83,18.0,0.3,0.2,0.5,6.23,7.31,10.08,8.12,4.0,2.7,18.0,0.3,0.2,0.5,71.2,74.8,80.5,75.8,4.0,5.7,18.0,0.3,0.5,5.77,10.8,13.95,9.9,4.0,5.22,18.0,0.3,0.2,0.5,3.04,9.87,13.01,8.11,4.0,7.18,18.0,0.3,0.2,0.5,-2.07,0.43,4.51,1.18,4.0,4.11,18.0,0.3,0.2,0.5,1001.38,1013.05,1021.37,1011.45,4.0,11.8,18.0,0.3,0.2,0.5,2.4,5.5,6.0,4.3,4.0,2.9,18.0,0.3,0.2,0.5,32.3,109.3,183.2,107.8,4.0,96.1,18.0,0.3,0.2,0.5,-26.5,-2.9,47.1,9.7,4.0,52.5,18.0,0.3,0.2,0.5,-3.62,-0.55,1.0,-1.27,4.0,3.39,18.0,0.3,0.2,0.5,-28.8,-2.2,15.0,-6.7,4.0,33.9,18.0,0.3,0.2,0.5,-0.08,2.18,2.9,1.44,4.0,2.45,18.0,0.3,0.2,0.5,-6.4,17.7,41.0,17.3,4.0,30.2,18.0,0.3,0.2,0.5,63.1,161.7,166.9,117.1,4.0,95.7,18.0,0.3,0.2,0.5,-29.4,1.4,63.9,16.5,4.0,58.8,18.0,0.3,0.2,0.5,34.4,88.3,96.3,66.4,4.0,53.4,18.0,0.3,0.2,0.5,-16.7,0.2,34.6,8.5,4.0,32.6,18.0,0.3,0.2,0.5,-11.5,10.3,38.8,13.5,4.0,31.0,18.0,0.3,0.2,0.5,-3.2,4.1,9.9,3.4,4.0,9.6,18.0,0.3,0.2,0.5,329.0,1402.5,2755.0,1535.5,4.0,1478.0,18.0,0.3,0.2,0.5,330.0,1405.0,2755.0,1535.0,4.0,1480.0,18.0,0.3,0.2,0.5
1974,2,178.0,36.0,14.25,14.75,15.1,14.63,6.0,0.75,18.0,0.3,0.2,0.5,10.45,12.0,14.02,12.41,7.0,2.32,18.0,0.3,0.1,0.5,5.97,6.44,7.47,6.55,6.0,0.91,18.0,0.3,0.2,0.5,66.2,71.4,78.5,72.2,6.0,7.1,18.0,0.3,0.5,9.7,13.9,17.05,13.46,7.0,3.7,18.0,0.3,0.1,0.5,2.46,9.8,13.88,9.16,7.0,6.28,18.0,0.3,0.1,0.5,-14.78,0.0,2.28,-3.91,7.0,8.36,18.0,0.3,0.1,0.5,999.62,1002.6,1014.13,1005.31,7.0,7.81,18.0,0.3,0.1,0.5,5.9,7.0,8.0,6.6,7.0,1.4,18.0,0.3,0.1,0.5,36.7,96.0,196.4,123.7,7.0,109.4,18.0,0.3,0.1,0.5,-222.0,0.0,30.2,-63.7,7.0,134.3,18.0,0.3,0.1,0.5,-0.79,3.0,4.21,2.15,6.0,2.62,18.0,0.3,0.2,0.5,-11.4,32.8,65.4,28.3,6.0,38.9,18.0,0.3,0.2,0.5,2.97,4.18,4.84,3.89,6.0,1.19,18.0,0.3,0.2,0.5,28.1,61.0,76.7,55.5,6.0,24.1,18.0,0.3,0.2,0.5,23.4,117.6,179.2,111.5,7.0,79.8,18.0,0.3,0.1,0.5,-146.1,0.0,31.4,-52.9,7.0,116.9,18.0,0.3,0.1,0.5,10.6,68.0,99.6,59.3,6.0,45.6,18.0,0.3,0.2,0.5,-86.1,-3.2,17.6,-28.6,6.0,59.5,18.0,0.3,0.2,0.5,10.4,26.2,68.8,35.4,6.0,31.4,18.0,0.3,0.2,0.5,-59.3,-3.7,7.0,-19.6,6.0,36.4,18.0,0.3,0.2,0.5,918.0,2685.5,4957.0,2897.5,7.0,1968.0,18.0,0.3,0.1,0.5,920.0,2685.0,4955.0,2900.0,7.0,1970.0,18.0,0.3,0.1,0.5
1974,2,178.0,37.0,13.18,14.2,16.35,14.65,11.0,1.48,10.0,0.3,0.4,0.3,9.5,11.35,13.46,11.41,14.0,2.51,10.0,0.3,0.4,0.3,4.87,5.93,7.13,5.81,12.0,1.28,10.0,0.3,0.4,0.4,58.3,69.4,83.2,70.0,12.0,12.7,10.0,0.3,0.4,8.7,11.55,14.7,11.14,14.0,2.8,10.0,0.3,0.4,0.3,0.17,7.15,11.8,5.96,14.0,6.44,10.0,0.3,0.4,0.3,-8.01,0.0,7.9,-0.23,14.0,7.86,10.0,0.3,0.4,0.3,1002.5,1008.65,1017.78,1009.11,14.0,8.4,10.0,0.3,0.4,0.3,3.0,6.5,8.0,5.6,14.0,2.4,10.0,0.3,0.4,0.3,1.6,51.7,139.2,72.5,14.0,81.9,10.0,0.3,0.4,0.3,-75.6,0.0,69.4,-1.5,14.0,101.5,10.0,0.3,0.4,0.3,1.79,4.0,6.0,3.49,11.0,2.73,10.0,0.3,0.4,0.3,15.2,47.2,59.0,38.9,11.0,30.7,10.0,0.3,0.4,0.3,2.97,4.35,5.55,4.29,10.0,1.29,10.0,0.2,0.4,0.4,30.4,43.9,60.3,46.5,10.0,22.6,10.0,0.2,0.4,0.4,2.1,81.7,129.5,63.9,14.0,66.3,10.0,0.3,0.4,0.3,-71.1,0.0,106.5,7.9,14.0,96.8,10.0,0.3,0.4,0.3,-5.6,44.8,65.1,34.3,12.0,38.0,10.0,0.3,0.4,0.4,-31.5,0.0,29.4,0.3,12.0,40.7,10.0,0.3,0.4,0.4,4.5,30.6,56.1,28.5,10.0,31.7,10.0,0.2,0.4,0.4,-23.7,0.0,26.1,0.0,10.0,31.9,10.0,0.2,0.4,0.4,658.5,1543.0,3203.0,1629.0,14.0,1145.0,10.0,0.3,0.4,0.3,660.0,1545.0,3205.0,1630.0,14.0,1145.0,10.0,0.3,0.4,0.3
1974,2,178.0,38.0,12.44,13.0,14.09,13.57,6.0,1.96,18.0,0.7,0.3,0.3,9.0,12.1,14.0,11.5,8.0,2.6,16.0,0.8,0.2,0.4,4.68,6.38,7.25,6.19,6.0,1.35,18.0,0.7,0.3,0.3,68.7,71.1,74.2,72.0,6.0,5.4,18.0,0.7,0.3,7.37,10.05,14.83,10.54,8.0,3.43,16.0,0.8,0.2,0.4,3.75,6.84,11.36,6.24,8.0,7.1,16.0,0.8,0.2,0.4,-9.34,-5.76,-0.14,-4.73,8.0,4.27,16.0,0.8,0.2,0.4,1001.05,1019.15,1020.93,1015.25,8.0,12.03,16.0,0.8,0.2,0.4,4.0,4.5,6.8,5.0,8.0,1.7,16.0,0.8,0.2,0.4,37.2,49.9,170.5,76.6,8.0,101.2,16.0,0.8,0.2,0.4,-96.2,-53.0,-1.0,-53.4,8.0,54.5,16.0,0.8,0.2,0.4,-1.1,2.75,4.08,1.9,6.0,2.58,18.0,0.7,0.3,0.3,-9.9,19.3,42.1,17.0,6.0,25.0,18.0,0.7,0.3,0.3,1.89,3.87,4.77,3.48,6.0,1.71,18.0,0.7,0.3,0.3,16.6,32.4,42.9,30.1,6.0,15.2,18.0,0.7,0.3,0.3,32.3,76.1,105.4,68.0,8.0,91.3,16.0,0.8,0.2,0.4,-87.6,-64.1,-1.9,-48.8,8.0,41.4,16.0,0.8,0.2,0.4,-0.8,37.7,41.4,18.8,6.0,43.6,18.0,0.7,0.3,0.3,-45.8,-34.9,-5.4,-27.4,6.0,21.8,18.0,0.7,0.3,0.3,8.1,19.3,36.7,19.8,6.0,17.2,18.0,0.7,0.3,0.3,-32.1,-10.7,-2.4,-15.1,6.0,16.6,18.0,0.7,0.3,0.3,405.0,1017.0,3368.5,1516.5,8.0,1465.5,16.0,0.8,0.2,0.4,405.0,1015.0,3370.0,1515.0,8.0,1465.0,16.0,0.8,0.2,0.4
1974,2,178.0,39.0,11.0,11.5,12.83,12.17,6.0,1.91,16.0,0.5,0.6,0.3,11.0,11.05,12.37,11.68,8.0,1.69,14.0,0.6,0.6,0.4,6.51,6.69,7.5,7.22,6.0,1.62,16.0,0.5,0.6,0.3,75.9,80.9,84.5,81.5,6.0,7.3,16.0,0.5,0.3,6.54,10.8,12.99,10.44,8.0,3.5,14.0,0.6,0.6,0.4,-8.27,-3.97,5.29,-1.88,8.0,7.81,14.0,0.6,0.6,0.4,-2.27,6.18,9.95,3.89,8.0,7.38,14.0,0.6,0.6,0.4,1000.1,1001.95,1016.28,1007.68,8.0,11.33,14.0,0.6,0.6,0.4,6.0,7.0,8.0,6.9,7.0,1.2,14.0,0.6,0.5,0.3,-103.4,-29.4,31.7,-16.0,8.0,102.0,14.0,0.6,0.6,0.4,-11.6,80.9,127.3,54.0,8.0,85.8,14.0,0.6,0.6,0.4,-0.93,0.5,1.28,0.12,6.0,2.58,16.0,0.5,0.6,0.3,-14.3,6.5,9.6,-4.7,6.0,32.5,16.0,0.5,0.6,0.3,0.95,1.84,2.58,1.65,6.0,2.22,16.0,0.5,0.6,0.3,7.9,21.3,24.4,13.1,6.0,23.8,16.0,0.5,0.6,0.3,-91.2,-41.5,66.5,-11.8,8.0,104.6,14.0,0.6,0.6,0.4,-22.7,80.6,118.3,47.7,8.0,84.4,14.0,0.6,0.6,0.4,-55.9,-37.4,61.6,-0.9,6.0,78.5,16.0,0.5,0.6,0.3,-12.2,48.6,69.8,31.0,6.0,53.1,16.0,0.5,0.6,0.3,-19.3,-14.9,0.7,-9.1,6.0,20.1,16.0,0.5,0.6,0.3,-17.7,4.7,17.7,1.5,6.0,16.4,16.0,0.5,0.6,0.3,301.0,1268.0,2191.5,1463.5,8.0,1173.5,14.0,0.6,0.6,0.4,300.0,1270.0,2190.0,1465.0,8.0,1175.0,14.0,0.6,0.6,0.4
1974,2,178.0,40.0,10.43,12.4,13.43,11.95,4.0,2.13,12.0,0.5,0.3,0.5,7.48,8.0,11.03,9.11,7.0,1.92,14.0,0.4,0.3,0.5,5.26,6.08,7.48,6.3,5.0,1.24,16.0,0.6,0.3,0.4,71.0,87.5,92.8,83.0,5.0,11.2,16.0,0.6,0.4,6.5,10.3,18.97,13.17,7.0,8.61,14.0,0.4,0.3,0.5,-2.52,5.64,18.65,6.87,7.0,10.55,14.0,0.4,0.3,0.5,-6.74,1.67,6.56,1.08,7.0,10.44,14.0,0.4,0.3,0.5,990.32,1004.0,1028.13,1007.17,7.0,17.38,14.0,0.4,0.3,0.5,3.9,7.0,8.0,5.7,7.0,2.8,14.0,0.4,0.3,0.5,-17.8,93.1,355.2,153.2,7.0,242.4,14.0,0.4,0.3,0.5,-52.4,4.3,77.5,44.7,7.0,231.9,14.0,0.4,0.3,0.5,1.29,2.25,3.52,2.4,4.0,1.34,12.0,0.5,0.3,0.5,12.7,44.7,79.7,46.1,4.0,38.8,12.0,0.5,0.3,0.5,1.2,2.05,3.5,2.34,4.0,1.4,12.0,0.5,0.3,0.5,11.8,43.8,78.6,45.1,4.0,38.5,12.0,0.5,0.3,0.5,-27.1,39.5,152.3,58.1,7.0,107.8,14.0,0.4,0.3,0.5,-68.7,13.4,76.2,19.2,7.0,99.5,14.0,0.4,0.3,0.5,-28.3,58.9,113.8,47.4,5.0,84.1,16.0,0.6,0.3,0.4,-12.7,21.4,78.1,33.2,5.0,63.2,16.0,0.6,0.3,0.4,0.9,37.0,69.2,35.1,4.0,40.2,12.0,0.5,0.3,0.5,2.0,5.8,30.9,16.0,4.0,24.5,12.0,0.5,0.3,0.5,287.0,1092.5,7112.5,5100.5,7.0,8101.5,14.0,0.4,0.3,0.5,285.0,1095.0,7110.0,5100.0,7.0,8100.0,14.0,0.4,0.3,0.5
1974,2,178.0,41.0,9.9,11.25,11.76,10.95,6.0,1.0,18.0,0.2,0.4,0.5,6.93,10.0,12.0,9.66,7.0,2.52,18.0,0.3,0.5,0.4,4.77,7.0,7.56,6.6,6.0,1.59,18.0,0.2,0.4,0.5,77.6,85.4,100.0,87.4,6.0,10.6,18.0,0.2,0.5,4.5,8.2,17.57,9.61,7.0,6.42,18.0,0.3,0.5,0.4,-1.52,3.91,13.62,5.64,7.0,8.16,18.0,0.3,0.5,0.4,-3.67,-2.56,8.23,0.92,7.0,6.67,18.0,0.3,0.5,0.4,994.36,1008.5,1036.08,1014.44,7.0,20.2,18.0,0.3,0.5,0.4,5.0,5.0,7.4,6.0,5.0,1.4,16.0,0.4,0.5,0.2,-11.9,19.9,239.6,94.9,7.0,140.1,18.0,0.3,0.5,0.4,-40.5,-6.7,72.5,13.4,7.0,99.1,18.0,0.3,0.5,0.4,-0.81,1.0,3.24,1.35,6.0,2.86,18.0,0.2,0.4,0.5,-9.3,4.6,50.7,13.7,6.0,35.8,18.0,0.2,0.4,0.5,0.34,1.48,2.97,1.53,6.0,1.74,18.0,0.2,0.4,0.5,-1.1,10.3,42.6,16.1,6.0,26.1,18.0,0.2,0.4,0.5,-17.9,44.9,126.7,47.1,7.0,73.4,18.0,0.3,0.5,0.4,-38.1,-19.7,98.7,18.8,7.0,71.3,18.0,0.3,0.5,0.4,-12.9,36.9,92.4,40.5,6.0,55.1,18.0,0.2,0.4,0.5,-25.2,2.3,64.2,17.4,6.0,51.7,18.0,0.2,0.4,0.5,-5.9,0.0,40.1,11.3,6.0,25.6,18.0,0.2,0.4,0.5,-14.6,-7.4,5.6,-4.6,6.0,12.5,18.0,0.2,0.4,0.5,93.5,551.5,5431.0,2015.5,7.0,2853.5,18.0,0.3,0.5,0.4,95.0,550.0,5430.0,2015.0,7.0,2855.0,18.0,0.3,0.5,0.4
1974,2,178.0,42.0,9.58,9.75,9.92,9.75,2.0,0.35,10.0,0.0,0.5,0.1,6.04,7.2,8.36,7.2,2.0,2.4,10.0,0.0,0.5,0.1,4.3,4.87,5.45,4.87,2.0,1.19,10.0,0.0,0.5,0.1,73.3,75.7,78.1,75.7,2.0,4.9,10.0,0.0,0.1,6.6,7.45,8.3,7.45,2.0,1.77,10.0,0.0,0.5,0.1,4.88,5.17,5.46,5.17,2.0,0.6,10.0,0.0,0.5,0.1,-2.3,1.34,4.97,1.34,2.0,7.53,10.0,0.0,0.5,0.1,994.48,1002.4,1010.32,1002.4,2.0,16.4,10.0,0.0,0.5,0.1,3.8,5.5,7.2,5.5,2.0,3.5,10.0,0.0,0.5,0.1,32.5,39.0,45.6,39.0,2.0,13.6,10.0,0.0,0.5,0.1,-11.6,16.6,44.9,16.6,2.0,58.5,10.0,0.0,0.5,0.1,1.56,2.55,3.54,2.55,2.0,2.05,10.0,0.0,0.5,0.1,12.0,17.2,22.4,17.2,2.0,10.8,10.0,0.0,0.5,0.1,2.26,2.69,3.12,2.69,2.0,0.89,10.0,0.0,0.5,0.1,18.3,19.2,20.1,19.2,2.0,1.9,10.0,0.0,0.5,0.1,29.9,37.9,46.0,37.9,2.0,16.7,10.0,0.0,0.5,0.1,-9.0,18.7,46.4,18.7,2.0,57.4,10.0,0.0,0.5,0.1,21.2,25.5,29.9,25.5,2.0,9.1,10.0,0.0,0.5,0.1,-7.5,11.0,29.5,11.0,2.0,38.3,10.0,0.0,0.5,0.1,12.2,13.6,15.1,13.6,2.0,3.0,10.0,0.0,0.5,0.1,-8.9,0.3,9.5,0.3,2.0,19.1,10.0,0.0,0.5,0.1,305.0,448.5,592.0,448.5,2.0,297.0,10.0,0.0,0.5,0.1,305.0,450.0,590.0,450.0,2.0,295.0,10.0,0.0,0.5,0.1
1974,2,178.0,43.0,6.82,7.8,9.7,8.42,5.0,2.62,16.0,0.6,0.4,0.4,6.14,8.5,11.16,8.62,5.0,2.89,16.0,0.6,0.4,0.4,4.36,5.87,7.29,5.84,5.0,1.65,16.0,0.6,0.4,0.4,77.1,86.6,89.0,82.6,5.0,11.5,16.0,0.6,0.4,4.79,7.45,9.06,6.95,4.0,3.2,18.0,0.5,0.4,0.3,-4.66,0.32,5.93,0.62,4.0,6.81,18.0,0.5,0.4,0.3,-4.39,0.21,3.49,-0.42,4.0,5.25,18.0,0.5,0.4,0.3,1001.76,1013.2,1030.59,1016.0,5.0,16.02,16.0,0.6,0.4,0.4,3.6,5.0,6.7,5.2,5.0,1.9,16.0,0.6,0.4,0.4,-29.2,7.6,57.8,14.0,4.0,59.7,18.0,0.5,0.4,0.3,-33.5,-2.3,29.9,-1.8,4.0,44.7,18.0,0.5,0.4,0.3,-4.18,-1.5,3.56,-0.2,5.0,5.08,16.0,0.6,0.4,0.4,-29.4,-10.6,-0.9,-15.0,4.0,22.6,18.0,0.5,0.4,0.3,-1.16,0.25,3.47,1.07,5.0,2.6,16.0,0.6,0.4,0.4,-8.2,-0.5,11.9,1.7,4.0,14.3,18.0,0.5,0.4,0.3,-41.5,-1.5,66.0,11.6,4.0,72.8,18.0,0.5,0.4,0.3,-30.8,3.5,41.5,5.3,4.0,47.4,18.0,0.5,0.4,0.3,-28.4,-1.9,41.6,6.2,4.0,47.7,18.0,0.5,0.4,0.3,-17.9,2.1,26.8,4.3,4.0,29.0,18.0,0.5,0.4,0.3,-6.8,0.2,4.8,-0.9,4.0,7.9,18.0,0.5,0.4,0.3,-13.5,-4.2,-1.0,-7.1,4.0,8.9,18.0,0.5,0.4,0.3,187.0,415.0,790.0,485.0,4.0,447.5,18.0,0.5,0.4,0.3,185.0,415.0,790.0,485.0,4.0,450.0,18.0,0.5,0.4,0.3
1974,2,178.0,44.0,6.63,7.2,7.75,7.16,5.0,0.75,18.0,0.6,0.4,0.2,3.43,7.6,8.73,6.48,5.0,2.96,18.0,0.6,0.4,0.2,4.22,6.05,6.11,5.18,3.0,1.58,20.0,0.7,0.4,0.3,73.2,81.6,89.7,81.4,3.0,12.1,20.0,0.7,0.3,4.55,12.9,15.85,10.8,5.0,6.13,18.0,0.6,0.4,0.2,-14.2,-12.9,2.95,-7.24,5.0,9.48,18.0,0.6,0.4,0.2,-1.43,2.31,6.52,2.37,5.0,4.58,18.0,0.6,0.4,0.2,1003.63,1015.0,1028.3,1015.14,5.0,18.42,18.0,0.6,0.4,0.2,7.5,8.0,8.0,7.8,4.0,0.5,16.0,0.5,0.4,0.2,-227.1,-166.4,12.4,-124.0,5.0,133.2,18.0,0.6,0.4,0.2,-7.3,8.3,107.0,40.8,5.0,62.1,18.0,0.6,0.4,0.2,-2.1,0.0,4.12,0.68,5.0,3.54,18.0,0.6,0.4,0.2,-14.6,0.0,32.9,8.8,5.0,27.8,18.0,0.6,0.4,0.2,-0.28,0.0,2.24,0.96,3.0,2.02,20.0,0.7,0.4,0.3,-1.0,0.0,11.4,5.1,3.0,10.1,20.0,0.7,0.4,0.3,-111.2,-42.6,17.4,-46.3,5.0,67.5,18.0,0.6,0.4,0.2,-5.0,23.1,50.6,22.9,5.0,30.5,18.0,0.6,0.4,0.2,-50.6,11.0,14.9,-17.2,3.0,53.8,20.0,0.7,0.4,0.3,-4.5,14.0,35.7,15.5,3.0,29.5,20.0,0.7,0.4,0.3,-0.8,0.0,7.3,3.2,3.0,6.6,20.0,0.7,0.4,0.3,-9.0,-0.9,-0.3,-4.6,3.0,7.1,20.0,0.7,0.4,0.3,101.0,2146.5,4057.0,2198.5,5.0,2243.0,18.0,0.6,0.4,0.2,100.0,2145.0,4055.0,2200.0,5.0,2245.0,18.0,0.6,0.4,0.2
1974,2,178.0,45.0,4.95,5.0,7.05,5.64,7.0,1.38,14.0,0.1,0.4,0.5,3.45,5.0,6.05,4.89,7.0,1.5,14.0,0.1,0.4,0.5,4.21,4.97,5.15,4.78,7.0,0.76,14.0,0.1,0.4,0.5,85.0,91.8,92.6,87.7,7.0,7.4,14.0,0.1,0.5,7.18,11.8,23.1,13.64,7.0,7.05,14.0,0.1,0.4,0.5,-20.01,-7.45,6.39,-5.64,7.0,12.14,14.0,0.1,0.4,0.5,-5.87,2.98,11.55,1.34,7.0,8.96,14.0,0.1,0.4,0.5,990.47,1002.4,1017.86,1003.39,7.0,15.09,14.0,0.1,0.4,0.5,5.8,6.5,8.0,6.7,6.0,1.2,12.0,0.2,0.5,0.4,-462.1,-111.0,43.6,-145.6,7.0,229.5,14.0,0.1,0.4,0.5,-47.0,25.9,266.8,51.4,7.0,166.1,14.0,0.1,0.4,0.5,-0.52,0.0,2.55,0.76,7.0,1.67,14.0,0.1,0.4,0.5,-11.6,0.0,19.6,7.7,7.0,22.3,14.0,0.1,0.4,0.5,0.4,0.59,1.34,0.95,7.0,0.85,14.0,0.1,0.4,0.5,4.7,9.2,14.9,12.5,7.0,12.8,14.0,0.1,0.4,0.5,-101.0,-26.1,33.9,-28.6,7.0,67.0,14.0,0.1,0.4,0.5,-15.3,20.2,58.3,13.9,7.0,40.8,14.0,0.1,0.4,0.5,-99.4,-26.4,33.0,-25.1,7.0,61.2,14.0,0.1,0.4,0.5,-24.5,17.8,57.4,10.0,7.0,39.4,14.0,0.1,0.4,0.5,-12.2,-4.5,6.0,-4.2,7.0,10.0,14.0,0.1,0.4,0.5,-8.4,1.6,4.7,-3.9,7.0,14.4,14.0,0.1,0.4,0.5,370.0,1643.0,12326.5,4419.5,7.0,5499.5,14.0,0.1,0.4,0.5,370.0,1645.0,12325.0,4420.0,7.0,5500.0,14.0,0.1,0.4,0.5
1974,2,178.0,46.0,5.0,5.0,5.0,5.0,1.0,0.0,18.0,0.0,0.2,0.7,0.0,0.0,0.0,0.0,1.0,0.0,18.0,0.0,0.2,0.7,3.08,3.08,3.08,3.08,1.0,0.0,18.0,0.0,0.2,0.7,82.0,82.0,82.0,82.0,1.0,0.0,18.0,0.0,0.7,7.2,7.2,7.2,7.2,1.0,0.0,18.0,0.0,0.2,0.7,-2.46,-2.46,-2.46,-2.46,1.0,0.0,18.0,0.0,0.2,0.7,-6.77,-6.77,-6.77,-6.77,1.0,0.0,18.0,0.0,0.2,0.7,1020.0,1020.0,1020.0,1020.0,1.0,0.0,18.0,0.0,0.2,0.7,2.0,2.0,2.0,2.0,1.0,0.0,18.0,0.0,0.2,0.7,-17.7,-17.7,-17.7,-17.7,1.0,0.0,18.0,0.0,0.2,0.7,-48.7,-48.7,-48.7,-48.7,1.0,0.0,18.0,0.0,0.2,0.7,5.0,5.0,5.0,5.0,1.0,0.0,18.0,0.0,0.2,0.7,36.0,36.0,36.0,36.0,1.0,0.0,18.0,0.0,0.2,0.7,2.28,2.28,2.28,2.28,1.0,0.0,18.0,0.0,0.2,0.7,16.4,16.4,16.4,16.4,1.0,0.0,18.0,0.0,0.2,0.7,0.0,0.0,0.0,0.0,1.0,0.0,18.0,0.0,0.2,0.7,0.0,0.0,0.0,0.0,1.0,0.0,18.0,0.0,0.2,0.7,-7.6,-7.6,-7.6,-7.6,1.0,0.0,18.0,0.0,0.2,0.7,-20.8,-20.8,-20.8,-20.8,1.0,0.0,18.0,0.0,0.2,0.7,-5.6,-5.6,-5.6,-5.6,1.0,0.0,18.0,0.0,0.2,0.7,-15.4,-15.4,-15.4,-15.4,1.0,0.0,18.0,0.0,0.2,0.7,373.0,373.0,373.0,373.0,1.0,0.0,18.0,0.0,0.2,0.7,375.0,375.0,375.0,375.0,1.0,0.0,18.0,0.0,0.2,0.7
1974,2,178.0,47.0,4.38,5.0,6.1,4.92,6.0,1.56,14.0,0.3,0.3,0.5,3.97,5.0,5.6,4.42,6.0,2.2,14.0,0.3,0.3,0.5,3.75,4.39,5.58,4.58,6.0,1.0,14.0,0.3,0.3,0.5,71.3,91.8,100.0,87.5,6.0,13.5,14.0,0.3,0.5,8.6,9.3,10.51,9.52,6.0,1.12,14.0,0.3,0.3,0.5,-4.86,0.59,6.81,0.84,6.0,5.66,14.0,0.3,0.3,0.5,-8.28,-1.77,8.14,-0.54,6.0,8.76,14.0,0.3,0.3,0.5,998.76,1007.75,1031.23,1012.15,6.0,16.03,14.0,0.3,0.3,0.5,6.3,7.0,7.0,6.7,3.0,0.6,8.0,0.7,0.5,0.5,-47.5,4.0,66.1,5.8,6.0,55.6,14.0,0.3,0.3,0.5,-82.1,-18.5,73.0,-5.0,6.0,86.0,14.0,0.3,0.3,0.5,-0.62,0.0,1.83,0.5,6.0,2.59,14.0,0.3,0.3,0.5,-5.4,0.0,16.1,4.8,6.0,23.6,14.0,0.3,0.3,0.5,-0.13,0.97,1.71,0.82,6.0,1.04,14.0,0.3,0.3,0.5,-1.1,9.2,16.4,7.9,6.0,9.9,14.0,0.3,0.3,0.5,-25.4,7.7,34.0,4.8,6.0,29.3,14.0,0.3,0.3,0.5,-39.6,10.9,45.8,7.2,6.0,41.4,14.0,0.3,0.3,0.5,-21.0,4.9,28.0,3.6,6.0,27.0,14.0,0.3,0.3,0.5,-31.0,-4.7,45.5,4.7,6.0,40.8,14.0,0.3,0.3,0.5,-5.3,-1.6,3.0,-0.7,6.0,6.2,14.0,0.3,0.3,0.5,-14.2,-7.4,0.6,-7.2,6.0,8.4,14.0,0.3,0.3,0.5,636.5,804.5,1165.0,892.5,6.0,325.5,14.0,0.3,0.3,0.5,635.0,805.0,1165.0,890.0,6.0,325.0,14.0,0.3,0.3,0.5
1974,2,178.0,48.0,3.82,4.0,4.73,4.3,5.0,0.97,16.0,0.6,0.4,0.5,1.95,3.0,5.68,3.6,5.0,2.1,16.0,0.6,0.4,0.5,3.44,3.77,5.0,4.15,5.0,0.86,16.0,0.6,0.4,0.5,79.9,83.9,87.5,83.8,5.0,6.5,16.0,0.6,0.5,8.72,10.8,14.13,11.1,5.0,3.87,16.0,0.6,0.4,0.5,-13.62,-4.79,3.02,-4.9,5.0,9.58,16.0,0.6,0.4,0.5,-5.05,0.0,5.44,-0.2,5.0,6.87,16.0,0.6,0.4,0.5,997.28,1022.5,1026.62,1013.34,5.0,19.55,16.0,0.6,0.4,0.5,4.0,8.0,8.0,6.4,5.0,2.2,16.0,0.6,0.4,0.5,-193.7,-24.4,32.6,-68.2,5.0,132.3,16.0,0.6,0.4,0.5,-48.2,0.0,66.4,2.2,5.0,75.9,16.0,0.6,0.4,0.5,-0.73,1.0,2.05,0.7,5.0,1.86,16.0,0.6,0.4,0.5,-3.7,13.4,26.5,11.7,5.0,17.2,16.0,0.6,0.4,0.5,0.31,1.21,1.57,0.99,5.0,0.68,16.0,0.6,0.4,0.5,2.9,18.2,19.2,12.4,5.0,9.1,16.0,0.6,0.4,0.5,-38.0,-26.4,18.1,-10.6,5.0,37.1,16.0,0.6,0.4,0.5,-10.0,0.0,23.9,7.0,5.0,21.7,16.0,0.6,0.4,0.5,-49.0,-23.1,16.0,-16.2,5.0,40.1,16.0,0.6,0.4,0.5,-18.7,0.0,23.5,1.5,5.0,27.4,16.0,0.6,0.4,0.5,-18.8,-0.8,1.2,-7.1,5.0,10.8,16.0,0.6,0.4,0.5,-6.8,0.0,4.2,-1.8,5.0,9.6,16.0,0.6,0.4,0.5,848.0,1259.5,2861.0,1742.0,5.0,1336.5,16.0,0.6,0.4,0.5,850.0,1260.0,2860.0,1740.0,5.0,1335.0,16.0,0.6,0.4,0.5
1974,2,178.0,49.0,3.29,3.5,5.0,3.88,11.0,0.98,16.0,0.5,0.5,0.4,0.0,1.5,4.47,1.97,14.0,2.41,16.0,0.4,0.5,0.4,3.38,3.95,4.97,4.02,12.0,0.69,16.0,0.5,0.5,0.4,81.8,88.8,93.8,88.3,12.0,7.0,16.0,0.5,0.4,7.99,13.4,22.6,15.18,11.0,8.44,16.0,0.5,0.5,0.4,-21.24,-0.45,7.62,-6.1,11.0,14.9,16.0,0.5,0.5,0.4,0.42,7.52,9.19,5.31,11.0,5.55,16.0,0.5,0.5,0.4,998.66,1004.8,1019.67,1007.3,13.0,13.68,16.0,0.5,0.5,0.4,6.0,7.0,7.9,6.4,8.0,1.9,14.0,0.4,0.5,0.4,-480.0,-1.2,63.6,-192.4,11.0,307.7,16.0,0.5,0.5,0.4,-4.5,74.9,198.9,109.8,11.0,135.0,16.0,0.5,0.5,0.4,-0.07,1.5,4.41,1.83,11.0,2.44,16.0,0.5,0.5,0.4,-6.8,27.8,60.0,33.0,10.0,47.0,16.0,0.5,0.5,0.4,0.49,0.86,1.82,1.1,11.0,0.82,16.0,0.5,0.5,0.4,2.5,16.9,32.3,17.0,10.0,15.8,16.0,0.5,0.5,0.4,-41.8,0.0,34.6,-2.9,11.0,33.2,16.0,0.5,0.5,0.4,0.0,13.7,21.5,14.3,11.0,16.6,16.0,0.5,0.5,0.4,-87.8,-1.6,37.7,-22.7,11.0,59.6,16.0,0.5,0.5,0.4,1.4,30.8,38.3,22.3,11.0,21.2,16.0,0.5,0.5,0.4,-25.1,-8.9,3.9,-9.0,10.0,19.0,16.0,0.5,0.5,0.4,-1.7,4.5,12.9,5.1,10.0,9.5,16.0,0.5,0.5,0.4,512.0,2406.0,11543.0,6488.5,11.0,7344.5,16.0,0.5,0.5,0.4,510.0,2405.0,11545.0,6490.0,11.0,7345.0,16.0,0.5,0.5,0.4
1974,2,178.0,50.0,2.88,4.0,5.41,3.88,11.0,1.45,10.0,0.3,0.3,0.5,-0.41,1.0,4.41,1.81,11.0,2.51,10.0,0.3,0.3,0.5,3.16,3.54,4.43,3.76,9.0,0.9,12.0,0.3,0.3,0.5,65.6,86.8,92.6,82.0,9.0,13.4,12.0,0.3,0.5,4.97,7.95,8.85,7.61,12.0,2.24,10.0,0.3,0.3,0.5,-4.4,3.08,7.53,1.8,12.0,5.68,10.0,0.3,0.3,0.5,-7.14,-3.73,2.58,-2.06,12.0,5.27,10.0,0.3,0.3,0.5,994.11,1002.5,1011.96,1003.77,11.0,10.03,10.0,0.3,0.3,0.5,4.0,6.5,8.0,6.2,12.0,1.9,10.0,0.3,0.3,0.5,-27.5,18.2,65.7,18.1,12.0,49.6,10.0,0.3,0.3,0.5,-56.4,-16.8,22.8,-10.1,12.0,49.5,10.0,0.3,0.3,0.5,-0.29,1.0,5.41,2.07,11.0,2.69,10.0,0.3,0.3,0.5,-2.4,8.7,34.9,12.3,11.0,20.3,10.0,0.3,0.3,0.5,0.85,1.58,2.24,1.44,9.0,0.96,12.0,0.3,0.3,0.5,5.2,11.5,13.5,8.9,9.0,7.6,12.0,0.3,0.3,0.5,-16.2,0.6,16.4,1.0,11.0,22.2,10.0,0.3,0.3,0.5,-3.2,0.0,18.2,6.2,11.0,18.3,10.0,0.3,0.3,0.5,-21.4,2.4,25.7,2.8,9.0,24.4,12.0,0.3,0.3,0.5,-20.9,-7.6,20.7,-0.3,9.0,24.9,12.0,0.3,0.3,0.5,-10.9,0.0,4.8,-2.1,9.0,7.5,12.0,0.3,0.3,0.5,-11.9,-6.6,1.6,-5.7,9.0,7.1,12.0,0.3,0.3,0.5,123.5,504.0,695.5,543.0,12.0,420.0,10.0,0.3,0.3,0.5,125.0,505.0,695.0,545.0,12.0,420.0,10.0,0.3,0.3,0.5
1974,2,178.0,51.0,2.66,3.0,3.14,2.9,3.0,0.36,24.0,0.0,0.7,0.0,2.22,2.7,3.45,2.83,3.0,0.91,24.0,0.0,0.7,0.0,3.84,4.09,4.65,4.24,3.0,0.61,24.0,0.0,0.7,0.0,85.8,93.1,97.8,91.8,3.0,8.9,24.0,0.0,0.0,10.84,16.45,17.76,14.4,4.0,5.26,22.0,0.3,0.7,0.0,-5.67,7.2,10.69,2.72,4.0,13.42,22.0,0.3,0.7,0.0,-3.23,5.62,12.34,4.61,4.0,9.26,22.0,0.3,0.7,0.0,999.83,1014.2,1024.95,1012.48,4.0,15.11,22.0,0.3,0.7,0.0,5.5,6.5,7.5,6.5,2.0,2.1,20.0,0.5,0.6,0.0,-138.1,81.7,179.4,23.4,4.0,232.1,22.0,0.3,0.7,0.0,-58.1,98.4,201.3,72.9,4.0,154.9,22.0,0.3,0.7,0.0,-0.73,0.5,0.84,0.07,3.0,1.21,24.0,0.0,0.7,0.0,-12.6,3.4,13.4,0.4,3.0,19.2,24.0,0.0,0.7,0.0,-0.1,0.63,0.86,0.39,3.0,0.73,24.0,0.0,0.7,0.0,-2.5,6.5,9.8,3.7,3.0,9.3,24.0,0.0,0.7,0.0,-17.3,18.1,25.7,4.5,3.0,33.7,24.0,0.0,0.7,0.0,-8.4,0.0,34.6,12.8,3.0,33.4,24.0,0.0,0.7,0.0,-39.3,25.0,33.8,-2.1,3.0,58.4,24.0,0.0,0.7,0.0,-17.2,0.0,44.7,13.4,3.0,46.8,24.0,0.0,0.7,0.0,-8.3,-3.3,3.3,-2.5,3.0,8.6,24.0,0.0,0.7,0.0,-5.2,-3.9,-1.2,-3.2,3.0,2.9,24.0,0.0,0.7,0.0,1896.5,4506.0,5607.0,3786.0,4.0,2505.0,22.0,0.3,0.7,0.0,1895.0,4505.0,5605.0,3785.0,4.0,2505.0,22.0,0.3,0.7,0.0
1974,2,178.0,52.0,1.9,3.75,4.1,3.25,6.0,1.21,18.0,0.5,0.4,0.6,-1.1,2.0,3.22,1.67,6.0,2.71,18.0,0.5,0.4,0.6,3.1,3.68,4.15,3.63,3.0,0.77,14.0,0.3,0.2,0.7,83.2,83.5,92.4,87.7,3.0,7.6,14.0,0.3,0.7,12.16,13.4,16.23,13.73,6.0,2.83,18.0,0.5,0.4,0.6,-12.64,-1.93,7.89,-1.83,6.0,10.74,18.0,0.5,0.4,0.6,-9.59,6.19,11.49,2.64,6.0,10.32,18.0,0.5,0.4,0.6,1005.59,1012.3,1023.66,1015.2,6.0,11.79,18.0,0.5,0.4,0.6,7.8,8.0,8.0,7.8,6.0,0.4,18.0,0.5,0.4,0.6,-181.8,-22.0,114.5,-21.8,6.0,170.1,18.0,0.5,0.4,0.6,-108.2,91.5,148.2,34.8,6.0,143.6,18.0,0.5,0.4,0.6,-0.71,1.75,3.12,1.58,6.0,2.46,18.0,0.5,0.4,0.6,-9.1,29.3,38.3,19.8,6.0,27.1,18.0,0.5,0.4,0.6,0.44,1.4,1.97,1.21,3.0,1.13,14.0,0.3,0.2,0.7,6.6,20.8,23.3,15.1,3.0,13.2,14.0,0.3,0.2,0.7,-10.6,7.2,29.3,7.4,6.0,24.3,18.0,0.5,0.4,0.6,-10.2,12.3,39.0,15.7,6.0,31.3,18.0,0.5,0.4,0.6,-8.1,-4.6,32.2,11.6,3.0,32.7,14.0,0.3,0.2,0.7,-36.5,-25.9,29.7,-3.9,3.0,52.0,14.0,0.3,0.2,0.7,-2.5,0.0,12.8,5.1,3.0,12.0,14.0,0.3,0.2,0.7,-19.0,-15.8,-5.0,-12.1,3.0,10.7,14.0,0.3,0.2,0.7,1869.5,2416.0,4296.5,2860.5,6.0,1604.0,18.0,0.5,0.4,0.6,1870.0,2415.0,4295.0,2860.0,6.0,1605.0,18.0,0.5,0.4,0.6
1974,2,178.0,53.0,2.09,2.75,4.0,2.9,10.0,1.05,14.0,0.3,0.4,0.6,-1.69,0.0,3.57,0.98,10.0,3.27,14.0,0.3,0.4,0.6,2.93,3.54,3.91,3.55,8.0,0.64,12.0,0.3,0.4,0.5,80.4,88.7,99.6,89.2,8.0,9.2,12.0,0.3,0.5,3.81,11.35,16.53,10.4,10.0,6.56,14.0,0.3,0.4,0.6,-10.52,-2.73,0.0,-4.84,10.0,4.86,14.0,0.3,0.4,0.6,-7.62,-1.32,11.71,1.73,10.0,10.5,14.0,0.3,0.4,0.6,995.69,1019.0,1030.42,1014.15,10.0,16.53,14.0,0.3,0.4,0.6,6.0,7.5,8.0,7.0,8.0,1.2,14.0,0.4,0.3,0.6,-144.5,-15.6,0.0,-62.4,10.0,72.6,14.0,0.3,0.4,0.6,-82.3,-5.0,176.0,43.9,10.0,177.7,14.0,0.3,0.4,0.6,-0.57,1.75,4.74,1.92,10.0,2.87,14.0,0.3,0.4,0.6,-4.4,15.6,40.1,16.1,10.0,39.0,14.0,0.3,0.4,0.6,0.64,1.07,1.72,1.1,8.0,0.61,12.0,0.3,0.4,0.5,4.4,10.2,21.5,12.1,8.0,9.4,12.0,0.3,0.4,0.5,-4.5,0.0,3.8,-2.9,10.0,24.4,14.0,0.3,0.4,0.6,-1.8,5.1,53.6,24.6,10.0,37.8,14.0,0.3,0.4,0.6,-31.1,-9.0,-0.7,-16.2,8.0,16.6,12.0,0.3,0.4,0.5,-32.8,-8.7,34.8,3.9,8.0,39.7,12.0,0.3,0.4,0.5,-10.8,-3.7,-0.3,-5.8,8.0,6.1,12.0,0.3,0.4,0.5,-14.5,-2.6,5.8,-2.3,8.0,13.2,12.0,0.3,0.4,0.5,56.0,1499.5,4530.5,2315.5,10.0,2824.5,14.0,0.3,0.4,0.6,55.0,1500.0,4530.0,2315.0,10.0,2825.0,14.0,0.3,0.4,0.6
1974,2,178.0,54.0,1.27,2.2,4.18,2.54,5.0,1.79,10.0,0.4,0.6,0.3,-4.24,1.0,1.73,-0.76,5.0,3.45,10.0,0.4,0.6,0.3,2.65,3.08,3.51,3.08,2.0,0.9,6.0,1.0,0.7,0.3,58.0,71.6,85.3,71.6,2.0,28.3,6.0,1.0,0.3,4.0,6.2,8.88,6.48,5.0,3.54,10.0,0.4,0.6,0.3,-6.01,-1.74,-0.93,-3.09,5.0,2.75,10.0,0.4,0.6,0.3,-8.23,-4.79,-1.31,-4.83,5.0,4.03,10.0,0.4,0.6,0.3,1002.59,1015.5,1027.28,1015.06,5.0,12.91,10.0,0.4,0.6,0.3,6.0,6.5,7.0,6.5,4.0,0.6,8.0,0.5,0.6,0.2,-49.8,-9.0,-5.9,-25.3,5.0,28.6,10.0,0.4,0.6,0.3,-76.4,-24.4,-2.8,-40.1,5.0,49.3,10.0,0.4,0.6,0.3,0.59,3.0,6.37,3.3,5.0,3.27,10.0,0.4,0.6,0.3,7.1,15.3,27.0,16.9,5.0,17.6,10.0,0.4,0.6,0.3,1.55,2.07,2.59,2.07,2.0,1.08,6.0,1.0,0.7,0.3,10.9,20.0,29.2,20.0,2.0,18.9,6.0,1.0,0.7,0.3,-10.4,-1.7,2.9,-3.8,5.0,8.8,10.0,0.4,0.6,0.3,-14.2,0.0,16.4,0.4,5.0,21.2,10.0,0.4,0.6,0.3,-13.2,-10.5,-7.7,-10.5,2.0,5.6,6.0,1.0,0.7,0.3,-23.9,-21.4,-18.9,-21.4,2.0,5.1,6.0,1.0,0.7,0.3,-14.4,-9.5,-4.6,-9.5,2.0,10.2,6.0,1.0,0.7,0.3,-25.3,-17.6,-9.8,-17.6,2.0,16.0,6.0,1.0,0.7,0.3,87.5,238.5,837.0,479.5,5.0,664.0,10.0,0.4,0.6,0.3,90.0,240.0,835.0,480.0,5.0,665.0,10.0,0.4,0.6,0.3
1974,2,178.0,55.0,,,,,,,,,,,,,,,,,,,,,,,,,,,,,,,,,,,,,,,,6.23,10.8,11.48,8.9,3.0,4.19,10.0,0.0,0.3,0.3,-5.04,3.55,3.65,-0.6,3.0,7.31,10.0,0.0,0.3,0.3,-9.33,-7.58,-3.81,-6.59,3.0,4.14,10.0,0.0,0.3,0.3,1002.0,1007.8,1010.8,1006.43,3.0,6.56,10.0,0.0,0.3,0.3,,,,,,,,,,,,,,,,,,,,,,,,,,,,,,,,,,,,,,,,,,,,,,,,,,,,,,,,,,,,,,,,,,,,,,,,,,,,,,,,,,,,,,,,,,,,,,,,,,,,,,,,,,,,,,,,,,,,,,,,,,,,,,,,,,,,,,,,,,,,,,,,,,,,,,
1974,2,178.0,56.0,,,,,,,,,,,,,,,,,,,,,,,,,,,,,,,,,,,,,,,,3.83,5.6,7.37,5.6,2.0,3.68,12.0,0.5,0.4,0.5,-1.2,-0.71,-0.23,-0.71,2.0,1.01,12.0,0.5,0.4,0.5,-6.32,-2.54,1.24,-2.54,2.0,7.83,12.0,0.5,0.4,0.5,1009.3,1009.3,1009.3,1009.3,1.0,0.0,2.0,1.0,0.3,0.6,,,,,,,,,,,,,,,,,,,,,,,,,,,,,,,,,,,,,,,,,,,,,,,,,,,,,,,,,,,,,,,,,,,,,,,,,,,,,,,,,,,,,,,,,,,,,,,,,,,,,,,,,,,,,,,,,,,,,,,,,,,,,,,,,,,,,,,,,,,,,,,,,,,,,,
1974,2,178.0,57.0,,,,,,,,,,,,,,,,,,,,,,,,,,,,,,,,,,,,,,,,6.57,7.7,10.09,8.3,4.0,2.5,12.0,0.0,0.1,0.5,-5.5,-3.08,5.11,-0.32,4.0,8.19,12.0,0.0,0.1,0.5,-4.89,-0.21,3.93,-0.47,4.0,5.53,12.0,0.0,0.1,0.5,1005.36,1008.15,1014.24,1009.73,4.0,6.65,12.0,0.0,0.1,0.5,,,,,,,,,,,,,,,,,,,,,,,,,,,,,,,,,,,,,,,,,,,,,,,,,,,,,,,,,,,,,,,,,,,,,,,,,,,,,,,,,,,,,,,,,,,,,,,,,,,,,,,,,,,,,,,,,,,,,,,,,,,,,,,,,,,,,,,,,,,,,,,,,,,,,,
1974,2,178.0,58.0,,,,,,,,,,,,,,,,,,,,,,,,,,,,,,,,,,,,,,,,9.69,12.9,17.81,13.73,3.0,5.99,10.0,0.0,0.4,0.3,-15.46,-8.08,-4.09,-9.73,3.0,8.45,10.0,0.0,0.4,0.3,-10.85,-6.87,-3.15,-7.0,3.0,5.64,10.0,0.0,0.4,0.3,1004.2,1012.05,1020.16,1012.18,4.0,9.42,8.0,0.3,0.4,0.3,,,,,,,,,,,,,,,,,,,,,,,,,,,,,,,,,,,,,,,,,,,,,,,,,,,,,,,,,,,,,,,,,,,,,,,,,,,,,,,,,,,,,,,,,,,,,,,,,,,,,,,,,,,,,,,,,,,,,,,,,,,,,,,,,,,,,,,,,,,,,,,,,,,,,,
1974,2,178.0,59.0,,,,,,,,,,,,,,,,,,,,,,,,,,,,,,,,,,,,,,,,8.36,13.0,18.46,13.4,3.0,7.41,18.0,0.7,0.3,0.1,-7.78,-3.1,8.23,0.15,3.0,12.06,18.0,0.7,0.3,0.1,-13.63,-8.36,-6.32,-9.94,3.0,5.53,18.0,0.7,0.3,0.1,1007.9,1014.85,1019.96,1013.98,4.0,7.36,16.0,0.5,0.4,0.2,,,,,,,,,,,,,,,,,,,,,,,,,,,,,,,,,,,,,,,,,,,,,,,,,,,,,,,,,,,,,,,,,,,,,,,,,,,,,,,,,,,,,,,,,,,,,,,,,,,,,,,,,,,,,,,,,,,,,,,,,,,,,,,,,,,,,,,,,,,,,,,,,,,,,,
1974,2,178.0,61.0,,,,,,,,,,,,,,,,,,,,,,,,,,,,,,,,,,,,,,,,5.77,8.1,12.25,8.72,6.0,3.63,2.0,0.2,0.2,0.4,-4.06,-2.77,-0.85,-2.89,6.0,2.6,2.0,0.2,0.2,0.4,-10.06,-7.61,-5.39,-7.83,6.0,3.73,2.0,0.2,0.2,0.4,1010.92,1011.5,1018.05,1013.81,7.0,4.29,2.0,0.1,0.2,0.5,,,,,,,,,,,,,,,,,,,,,,,,,,,,,,,,,,,,,,,,,,,,,,,,,,,,,,,,,,,,,,,,,,,,,,,,,,,,,,,,,,,,,,,,,,,,,,,,,,,,,,,,,,,,,,,,,,,,,,,,,,,,,,,,,,,,,,,,,,,,,,,,,,,,,,
1974,2,179.0,-75.0,,,,,,,,,,,,,,,,,,,,,,,,,,,,,,,,,,,,,,,,,,,,,,,,,,,,,,,,,,,,,,,,,,,,,,,,,,,,,,,,8.0,8.0,8.0,8.0,1.0,0.0,16.0,1.0,0.5,0.6,-44.2,-44.2,-44.2,-44.2,1.0,0.0,16.0,1.0,0.5,0.6,7.8,7.8,7.8,7.8,1.0,0.0,16.0,1.0,0.5,0.6,,,,,,,,,,,,,,,,,,,,,,,,,,,,,,,,,,,,,,,,,,,,,,,,,,,,,,,,,,,,,,,,,,,,,,,,,,,,,,,,,,,,,,,,,,,,,,,,,,,,,,,,,,,,,,,,,,,,,,,,
1974,2,179.0,-49.0,,,,,,,,,,,,,,,,,,,,,,,,,,,,,,,,,,,,,,,,1.38,4.35,7.32,4.35,2.0,6.15,10.0,1.0,0.4,1.0,0.0,0.0,0.0,0.0,2.0,0.0,10.0,1.0,0.4,1.0,1.38,4.35,7.32,4.35,2.0,6.15,10.0,1.0,0.4,1.0,1027.9,1027.9,1027.9,1027.9,1.0,0.0,10.0,1.0,0.1,1.0,,,,,,,,,,,,,,,,,,,,,,,,,,,,,,,,,,,,,,,,,,,,,,,,,,,,,,,,,,,,,,,,,,,,,,,,,,,,,,,,,,,,,,,,,,,,,,,,,,,,,,,,,,,,,,,,,,,,,,,,,,,,,,,,,,,,,,,,,,,,,,,,,,,,,,
1974,2,179.0,-48.0,,,,,,,,,,,,,,,,,,,,,,,,,,,,,,,,,,,,,,,,0.0,0.0,0.0,0.0,1.0,0.0,12.0,0.0,0.4,0.2,0.0,0.0,0.0,0.0,1.0,0.0,12.0,0.0,0.4,0.2,0.0,0.0,0.0,0.0,1.0,0.0,12.0,0.0,0.4,0.2,1038.6,1038.6,1038.6,1038.6,1.0,0.0,12.0,0.0,0.4,0.2,,,,,,,,,,,,,,,,,,,,,,,,,,,,,,,,,,,,,,,,,,,,,,,,,,,,,,,,,,,,,,,,,,,,,,,,,,,,,,,,,,,,,,,,,,,,,,,,,,,,,,,,,,,,,,,,,,,,,,,,,,,,,,,,,,,,,,,,,,,,,,,,,,,,,,
1974,2,179.0,-47.0,14.0,14.0,14.0,14.0,1.0,0.0,18.0,0.0,0.9,0.7,12.0,12.0,12.0,12.0,1.0,0.0,18.0,0.0,0.9,0.7,6.67,6.67,6.67,6.67,1.0,0.0,18.0,0.0,0.9,0.7,78.1,78.1,78.1,78.1,1.0,0.0,18.0,0.0,0.7,3.1,3.1,3.1,3.1,1.0,0.0,18.0,0.0,0.9,0.7,-0.54,-0.54,-0.54,-0.54,1.0,0.0,18.0,0.0,0.9,0.7,3.05,3.05,3.05,3.05,1.0,0.0,18.0,0.0,0.9,0.7,1029.0,1029.0,1029.0,1029.0,1.0,0.0,18.0,0.0,0.9,0.7,8.0,8.0,8.0,8.0,1.0,0.0,18.0,0.0,0.9,0.7,-1.7,-1.7,-1.7,-1.7,1.0,0.0,18.0,0.0,0.9,0.7,9.5,9.5,9.5,9.5,1.0,0.0,18.0,0.0,0.9,0.7,2.0,2.0,2.0,2.0,1.0,0.0,18.0,0.0,0.9,0.7,6.2,6.2,6.2,6.2,1.0,0.0,18.0,0.0,0.9,0.7,3.09,3.09,3.09,3.09,1.0,0.0,18.0,0.0,0.9,0.7,9.6,9.6,9.6,9.6,1.0,0.0,18.0,0.0,0.9,0.7,-6.5,-6.5,-6.5,-6.5,1.0,0.0,18.0,0.0,0.9,0.7,36.6,36.6,36.6,36.6,1.0,0.0,18.0,0.0,0.9,0.7,-3.6,-3.6,-3.6,-3.6,1.0,0.0,18.0,0.0,0.9,0.7,20.4,20.4,20.4,20.4,1.0,0.0,18.0,0.0,0.9,0.7,-1.7,-1.7,-1.7,-1.7,1.0,0.0,18.0,0.0,0.9,0.7,9.4,9.4,9.4,9.4,1.0,0.0,18.0,0.0,0.9,0.7,30.0,30.0,30.0,30.0,1.0,0.0,18.0,0.0,0.9,0.7,30.0,30.0,30.0,30.0,1.0,0.0,18.0,0.0,0.9,0.7
1974,2,179.0,-44.0,18.3,18.3,18.3,18.3,1.0,0.0,24.0,1.0,0.4,1.0,19.0,19.0,19.0,19.0,1.0,0.0,24.0,1.0,0.4,1.0,9.89,9.89,9.89,9.89,1.0,0.0,24.0,1.0,0.4,1.0,72.7,72.7,72.7,72.7,1.0,0.0,24.0,1.0,1.0,10.8,10.8,10.8,10.8,1.0,0.0,24.0,1.0,0.4,1.0,0.0,0.0,0.0,0.0,1.0,0.0,24.0,1.0,0.4,1.0,-10.8,-10.8,-10.8,-10.8,1.0,0.0,24.0,1.0,0.4,1.0,1015.8,1015.8,1015.8,1015.8,1.0,0.0,24.0,1.0,0.4,1.0,7.0,7.0,7.0,7.0,1.0,0.0,24.0,1.0,0.4,1.0,0.0,0.0,0.0,0.0,1.0,0.0,24.0,1.0,0.4,1.0,-116.6,-116.6,-116.6,-116.6,1.0,0.0,24.0,1.0,0.4,1.0,-0.7,-0.7,-0.7,-0.7,1.0,0.0,24.0,1.0,0.4,1.0,-7.6,-7.6,-7.6,-7.6,1.0,0.0,24.0,1.0,0.4,1.0,3.15,3.15,3.15,3.15,1.0,0.0,24.0,1.0,0.4,1.0,34.0,34.0,34.0,34.0,1.0,0.0,24.0,1.0,0.4,1.0,0.0,0.0,0.0,0.0,1.0,0.0,24.0,1.0,0.4,1.0,-205.2,-205.2,-205.2,-205.2,1.0,0.0,24.0,1.0,0.4,1.0,0.0,0.0,0.0,0.0,1.0,0.0,24.0,1.0,0.4,1.0,-106.8,-106.8,-106.8,-106.8,1.0,0.0,24.0,1.0,0.4,1.0,0.0,0.0,0.0,0.0,1.0,0.0,24.0,1.0,0.4,1.0,-34.0,-34.0,-34.0,-34.0,1.0,0.0,24.0,1.0,0.4,1.0,1259.5,1259.5,1259.5,1259.5,1.0,0.0,24.0,1.0,0.4,1.0,1260.0,1260.0,1260.0,1260.0,1.0,0.0,24.0,1.0,0.4,1.0
1974,2,179.0,-43.0,18.5,18.5,18.5,18.5,1.0,0.0,6.0,0.0,0.6,1.0,16.58,16.75,16.92,16.75,2.0,0.35,12.0,0.5,0.7,0.8,9.66,9.79,9.92,9.79,2.0,0.27,12.0,0.5,0.7,0.8,81.8,83.6,85.4,83.6,2.0,3.8,12.0,0.5,0.8,7.7,7.7,7.7,7.7,1.0,0.0,18.0,1.0,0.8,0.6,-7.24,-7.24,-7.24,-7.24,1.0,0.0,18.0,1.0,0.8,0.6,2.63,2.63,2.63,2.63,1.0,0.0,18.0,1.0,0.8,0.6,1019.93,1022.15,1024.37,1022.15,2.0,4.6,12.0,0.5,0.7,0.8,8.0,8.0,8.0,8.0,2.0,0.0,12.0,0.5,0.7,0.8,-55.7,-55.7,-55.7,-55.7,1.0,0.0,18.0,1.0,0.8,0.6,20.3,20.3,20.3,20.3,1.0,0.0,18.0,1.0,0.8,0.6,,,,,,,,,,,,,,,,,,,,,,,,,,,,,,,,,,,,,,,,,-123.0,-123.0,-123.0,-123.0,1.0,0.0,18.0,1.0,0.8,0.6,44.8,44.8,44.8,44.8,1.0,0.0,18.0,1.0,0.8,0.6,-69.5,-69.5,-69.5,-69.5,1.0,0.0,18.0,1.0,0.8,0.6,25.3,25.3,25.3,25.3,1.0,0.0,18.0,1.0,0.8,0.6,,,,,,,,,,,,,,,,,,,,,,,,,,,,,,,,,,,,,,,,
1974,2,179.0,-42.0,20.14,20.45,20.76,20.45,2.0,0.64,20.0,1.0,0.5,0.2,18.5,18.7,18.9,18.7,2.0,0.42,20.0,1.0,0.5,0.2,11.36,11.59,11.81,11.59,2.0,0.46,20.0,1.0,0.5,0.2,86.4,87.3,88.3,87.3,2.0,2.0,20.0,1.0,0.2,7.02,7.7,8.38,7.7,2.0,1.41,20.0,1.0,0.5,0.2,-7.02,-5.92,-4.82,-5.92,2.0,2.28,20.0,1.0,0.5,0.2,-3.63,-0.39,2.85,-0.39,2.0,6.71,20.0,1.0,0.5,0.2,1017.35,1022.2,1027.05,1022.2,2.0,10.04,20.0,1.0,0.5,0.2,8.0,8.0,8.0,8.0,2.0,0.0,20.0,1.0,0.5,0.2,-59.7,-47.2,-34.7,-47.2,2.0,25.9,20.0,1.0,0.5,0.2,-22.9,1.7,26.4,1.7,2.0,51.1,20.0,1.0,0.5,0.2,1.65,1.75,1.85,1.75,2.0,0.21,20.0,1.0,0.5,0.2,12.9,13.3,13.7,13.3,2.0,0.8,20.0,1.0,0.5,0.2,3.23,3.24,3.25,3.24,2.0,0.02,20.0,1.0,0.5,0.2,22.6,24.9,27.2,24.9,2.0,4.7,20.0,1.0,0.5,0.2,-129.6,-110.2,-90.8,-110.2,2.0,40.2,20.0,1.0,0.5,0.2,-69.3,-8.7,51.9,-8.7,2.0,125.6,20.0,1.0,0.5,0.2,-79.5,-68.1,-56.6,-68.1,2.0,23.7,20.0,1.0,0.5,0.2,-43.7,-6.1,31.5,-6.1,2.0,77.9,20.0,1.0,0.5,0.2,-22.8,-19.2,-15.6,-19.2,2.0,7.5,20.0,1.0,0.5,0.2,-11.7,-1.2,9.3,-1.2,2.0,21.7,20.0,1.0,0.5,0.2,357.5,479.5,601.5,479.5,2.0,253.0,20.0,1.0,0.5,0.2,360.0,480.0,600.0,480.0,2.0,255.0,20.0,1.0,0.5,0.2
1974,2,179.0,-41.0,20.5,20.5,20.5,20.5,1.0,0.0,22.0,0.0,0.3,0.9,18.0,18.0,18.0,18.0,2.0,0.0,22.0,0.5,0.4,0.8,10.48,10.58,10.68,10.58,2.0,0.21,22.0,0.5,0.4,0.8,83.0,83.7,84.4,83.7,2.0,1.5,22.0,0.5,0.8,9.46,9.8,10.14,9.8,2.0,0.71,22.0,0.5,0.4,0.8,-8.76,-7.89,-7.02,-7.89,2.0,1.79,22.0,0.5,0.4,0.8,2.61,4.75,6.89,4.75,2.0,4.44,22.0,0.5,0.4,0.8,1025.13,1026.05,1026.97,1026.05,2.0,1.91,22.0,0.5,0.4,0.8,7.2,7.5,7.8,7.5,2.0,0.7,22.0,0.5,0.4,0.8,-82.5,-76.7,-70.9,-76.7,2.0,12.0,22.0,0.5,0.4,0.8,25.5,48.1,70.8,48.1,2.0,46.8,22.0,0.5,0.4,0.8,2.5,2.5,2.5,2.5,1.0,0.0,22.0,0.0,0.3,0.9,25.8,25.8,25.8,25.8,1.0,0.0,22.0,0.0,0.3,0.9,4.1,4.1,4.1,4.1,1.0,0.0,22.0,0.0,0.3,0.9,42.2,42.2,42.2,42.2,1.0,0.0,22.0,0.0,0.3,0.9,-157.6,-142.0,-126.4,-142.0,2.0,32.3,22.0,0.5,0.4,0.8,47.0,85.5,124.1,85.5,2.0,79.9,22.0,0.5,0.4,0.8,-91.6,-83.3,-74.9,-83.3,2.0,17.3,22.0,0.5,0.4,0.8,27.6,50.8,73.9,50.8,2.0,48.0,22.0,0.5,0.4,0.8,-27.1,-27.1,-27.1,-27.1,1.0,0.0,22.0,0.0,0.3,0.9,32.4,32.4,32.4,32.4,1.0,0.0,22.0,0.0,0.3,0.9,850.0,948.5,1047.0,948.5,2.0,204.0,22.0,0.5,0.4,0.8,850.0,950.0,1045.0,950.0,2.0,205.0,22.0,0.5,0.4,0.8
1974,2,179.0,-40.0,,,,,,,,,,,,,,,,,,,,,,,,,,,,,,,,,,,,,,,,3.6,3.6,3.6,3.6,1.0,0.0,12.0,1.0,0.9,0.7,-3.6,-3.6,-3.6,-3.6,1.0,0.0,12.0,1.0,0.9,0.7,0.0,0.0,0.0,0.0,1.0,0.0,12.0,1.0,0.9,0.7,1026.3,1026.3,1026.3,1026.3,1.0,0.0,12.0,1.0,0.9,0.7,,,,,,,,,,,,,,,,,,,,,,,,,,,,,,,,,,,,,,,,,,,,,,,,,,,,,,,,,,,,,,,,,,,,,,,,,,,,,,,,,,,,,,,,,,,,,,,,,,,,,,,,,,,,,,,,,,,,,,,,,,,,,,,,,,,,,,,,,,,,,,,,,,,,,,
1974,2,179.0,-39.0,22.4,22.4,22.4,22.4,1.0,0.0,20.0,1.0,0.5,0.2,22.4,22.4,22.4,22.4,1.0,0.0,20.0,1.0,0.5,0.2,15.01,15.01,15.01,15.01,1.0,0.0,20.0,1.0,0.5,0.2,89.0,89.0,89.0,89.0,1.0,0.0,20.0,1.0,0.2,3.6,3.6,3.6,3.6,1.0,0.0,20.0,1.0,0.5,0.2,1.23,1.23,1.23,1.23,1.0,0.0,20.0,1.0,0.5,0.2,3.38,3.38,3.38,3.38,1.0,0.0,20.0,1.0,0.5,0.2,1012.5,1012.5,1012.5,1012.5,1.0,0.0,20.0,1.0,0.5,0.2,6.0,6.0,6.0,6.0,1.0,0.0,20.0,1.0,0.5,0.2,4.4,4.4,4.4,4.4,1.0,0.0,20.0,1.0,0.5,0.2,12.2,12.2,12.2,12.2,1.0,0.0,20.0,1.0,0.5,0.2,0.0,0.0,0.0,0.0,1.0,0.0,20.0,1.0,0.5,0.2,0.0,0.0,0.0,0.0,1.0,0.0,20.0,1.0,0.5,0.2,1.87,1.87,1.87,1.87,1.0,0.0,20.0,1.0,0.5,0.2,6.7,6.7,6.7,6.7,1.0,0.0,20.0,1.0,0.5,0.2,27.6,27.6,27.6,27.6,1.0,0.0,20.0,1.0,0.5,0.2,75.8,75.8,75.8,75.8,1.0,0.0,20.0,1.0,0.5,0.2,18.5,18.5,18.5,18.5,1.0,0.0,20.0,1.0,0.5,0.2,50.8,50.8,50.8,50.8,1.0,0.0,20.0,1.0,0.5,0.2,2.3,2.3,2.3,2.3,1.0,0.0,20.0,1.0,0.5,0.2,6.3,6.3,6.3,6.3,1.0,0.0,20.0,1.0,0.5,0.2,46.5,46.5,46.5,46.5,1.0,0.0,20.0,1.0,0.5,0.2,45.0,45.0,45.0,45.0,1.0,0.0,20.0,1.0,0.5,0.2
1974,2,179.0,-38.0,19.6,19.6,19.6,19.6,1.0,0.0,8.0,0.0,0.6,0.4,21.9,21.9,21.9,21.9,1.0,0.0,8.0,0.0,0.6,0.4,12.73,12.73,12.73,12.73,1.0,0.0,8.0,0.0,0.6,0.4,78.5,78.5,78.5,78.5,1.0,0.0,8.0,0.0,0.4,5.1,5.1,5.1,5.1,1.0,0.0,8.0,0.0,0.6,0.4,-4.42,-4.42,-4.42,-4.42,1.0,0.0,8.0,0.0,0.6,0.4,-2.55,-2.55,-2.55,-2.55,1.0,0.0,8.0,0.0,0.6,0.4,1020.5,1020.5,1020.5,1020.5,1.0,0.0,8.0,0.0,0.6,0.4,3.0,3.0,3.0,3.0,1.0,0.0,8.0,0.0,0.6,0.4,-22.5,-22.5,-22.5,-22.5,1.0,0.0,8.0,0.0,0.6,0.4,-13.0,-13.0,-13.0,-13.0,1.0,0.0,8.0,0.0,0.6,0.4,-2.3,-2.3,-2.3,-2.3,1.0,0.0,8.0,0.0,0.6,0.4,-11.7,-11.7,-11.7,-11.7,1.0,0.0,8.0,0.0,0.6,0.4,1.35,1.35,1.35,1.35,1.0,0.0,8.0,0.0,0.6,0.4,6.9,6.9,6.9,6.9,1.0,0.0,8.0,0.0,0.6,0.4,-96.7,-96.7,-96.7,-96.7,1.0,0.0,8.0,0.0,0.6,0.4,-55.8,-55.8,-55.8,-55.8,1.0,0.0,8.0,0.0,0.6,0.4,-56.2,-56.2,-56.2,-56.2,1.0,0.0,8.0,0.0,0.6,0.4,-32.5,-32.5,-32.5,-32.5,1.0,0.0,8.0,0.0,0.6,0.4,-6.0,-6.0,-6.0,-6.0,1.0,0.0,8.0,0.0,0.6,0.4,-3.4,-3.4,-3.4,-3.4,1.0,0.0,8.0,0.0,0.6,0.4,132.5,132.5,132.5,132.5,1.0,0.0,8.0,0.0,0.6,0.4,135.0,135.0,135.0,135.0,1.0,0.0,8.0,0.0,0.6,0.4
1974,2,179.0,-37.0,21.38,22.2,23.02,22.2,2.0,1.7,20.0,0.5,0.3,0.5,21.48,22.5,23.52,22.5,2.0,2.12,20.0,0.5,0.3,0.5,12.71,13.43,14.16,13.43,2.0,1.51,20.0,0.5,0.3,0.5,78.6,79.1,79.6,79.1,2.0,1.1,20.0,0.5,0.5,1.83,3.6,5.37,3.6,2.0,3.68,20.0,0.5,0.3,0.5,-4.12,-2.76,-1.4,-2.76,2.0,2.82,20.0,0.5,0.3,0.5,0.09,1.67,3.25,1.67,2.0,3.27,20.0,0.5,0.3,0.5,1011.71,1013.45,1015.19,1013.45,2.0,3.61,20.0,0.5,0.3,0.5,7.0,7.0,7.0,7.0,1.0,0.0,26.0,0.0,0.5,0.4,-24.9,-15.1,-5.3,-15.1,2.0,20.3,20.0,0.5,0.3,0.5,3.4,12.0,20.7,12.0,2.0,17.9,20.0,0.5,0.3,0.5,-2.14,-0.3,1.54,-0.3,2.0,3.82,20.0,0.5,0.3,0.5,-0.2,5.9,12.0,5.9,2.0,12.6,20.0,0.5,0.3,0.5,1.68,3.27,4.87,3.27,2.0,3.31,20.0,0.5,0.3,0.5,6.3,17.9,29.4,17.9,2.0,24.0,20.0,0.5,0.3,0.5,-86.8,-59.1,-31.3,-59.1,2.0,57.5,20.0,0.5,0.3,0.5,0.3,34.1,68.0,34.1,2.0,70.1,20.0,0.5,0.3,0.5,-51.2,-34.9,-18.7,-34.9,2.0,33.7,20.0,0.5,0.3,0.5,0.0,20.0,40.0,20.0,2.0,41.4,20.0,0.5,0.3,0.5,-22.5,-13.7,-4.8,-13.7,2.0,18.3,20.0,0.5,0.3,0.5,3.0,10.9,18.7,10.9,2.0,16.2,20.0,0.5,0.3,0.5,38.5,119.5,200.5,119.5,2.0,168.0,20.0,0.5,0.3,0.5,40.0,120.0,200.0,120.0,2.0,170.0,20.0,0.5,0.3,0.5
1974,2,179.0,-36.0,24.5,24.5,24.5,24.5,1.0,0.0,20.0,1.0,0.8,0.7,23.4,23.4,23.4,23.4,1.0,0.0,20.0,1.0,0.8,0.7,13.08,13.08,13.08,13.08,1.0,0.0,20.0,1.0,0.8,0.7,73.5,73.5,73.5,73.5,1.0,0.0,20.0,1.0,0.7,5.1,5.1,5.1,5.1,1.0,0.0,20.0,1.0,0.8,0.7,-3.28,-3.28,-3.28,-3.28,1.0,0.0,20.0,1.0,0.8,0.7,3.91,3.91,3.91,3.91,1.0,0.0,20.0,1.0,0.8,0.7,1018.2,1018.2,1018.2,1018.2,1.0,0.0,20.0,1.0,0.8,0.7,7.0,7.0,7.0,7.0,1.0,0.0,20.0,1.0,0.8,0.7,-16.7,-16.7,-16.7,-16.7,1.0,0.0,20.0,1.0,0.8,0.7,19.9,19.9,19.9,19.9,1.0,0.0,20.0,1.0,0.8,0.7,1.1,1.1,1.1,1.1,1.0,0.0,20.0,1.0,0.8,0.7,5.6,5.6,5.6,5.6,1.0,0.0,20.0,1.0,0.8,0.7,6.0,6.0,6.0,6.0,1.0,0.0,20.0,1.0,0.8,0.7,30.6,30.6,30.6,30.6,1.0,0.0,20.0,1.0,0.8,0.7,-76.7,-76.7,-76.7,-76.7,1.0,0.0,20.0,1.0,0.8,0.7,91.4,91.4,91.4,91.4,1.0,0.0,20.0,1.0,0.8,0.7,-42.9,-42.9,-42.9,-42.9,1.0,0.0,20.0,1.0,0.8,0.7,51.1,51.1,51.1,51.1,1.0,0.0,20.0,1.0,0.8,0.7,-19.7,-19.7,-19.7,-19.7,1.0,0.0,20.0,1.0,0.8,0.7,23.5,23.5,23.5,23.5,1.0,0.0,20.0,1.0,0.8,0.7,132.5,132.5,132.5,132.5,1.0,0.0,20.0,1.0,0.8,0.7,135.0,135.0,135.0,135.0,1.0,0.0,20.0,1.0,0.8,0.7
1974,2,179.0,-35.0,,,,,,,,,,,,,,,,,,,,,,,,,,,,,,,,,,,,,,,,5.1,5.1,5.1,5.1,1.0,0.0,18.0,1.0,0.9,0.6,-4.79,-4.79,-4.79,-4.79,1.0,0.0,18.0,1.0,0.9,0.6,1.74,1.74,1.74,1.74,1.0,0.0,18.0,1.0,0.9,0.6,1021.7,1021.7,1021.7,1021.7,1.0,0.0,18.0,1.0,0.9,0.6,,,,,,,,,,,,,,,,,,,,,,,,,,,,,,,,,,,,,,,,,,,,,,,,,,,,,,,,,,,,,,,,,,,,,,,,,,,,,,,,,,,,,,,,,,,,,,,,,,,,,,,,,,,,,,,,,,,,,,,,,,,,,,,,,,,,,,,,,,,,,,,,,,,,,,
1974,2,179.0,-34.0,21.89,22.3,23.46,22.67,3.0,1.19,26.0,0.7,0.6,0.6,22.36,22.5,23.52,22.93,3.0,0.93,26.0,0.7,0.6,0.6,12.48,12.81,13.69,13.08,3.0,0.91,26.0,0.7,0.6,0.6,70.5,73.3,79.7,75.0,3.0,6.9,26.0,0.7,0.6,4.24,6.7,6.7,5.5,3.0,2.08,26.0,0.7,0.6,0.6,-0.25,4.31,5.66,2.74,3.0,4.54,26.0,0.7,0.6,0.6,-2.2,-1.99,2.87,0.28,3.0,4.2,26.0,0.7,0.6,0.6,1007.12,1007.6,1011.76,1009.4,3.0,3.74,26.0,0.7,0.6,0.6,3.0,3.0,3.7,3.3,3.0,0.6,26.0,0.7,0.6,0.6,4.1,28.9,38.0,21.2,3.0,25.6,26.0,0.7,0.6,0.6,-12.4,-6.2,21.5,4.3,3.0,26.5,26.0,0.7,0.6,0.6,-0.55,0.0,0.0,-0.27,3.0,0.46,26.0,0.7,0.6,0.6,-3.7,0.0,0.0,-1.8,3.0,3.1,26.0,0.7,0.6,0.6,2.92,4.53,5.39,4.16,3.0,1.84,26.0,0.7,0.6,0.6,15.6,17.9,26.4,21.0,3.0,8.3,26.0,0.7,0.6,0.6,-8.1,96.9,126.6,60.1,3.0,103.7,26.0,0.7,0.6,0.6,-50.1,-47.8,63.6,5.5,3.0,95.2,26.0,0.7,0.6,0.6,-1.5,60.7,72.3,36.0,3.0,58.1,26.0,0.7,0.6,0.6,-27.4,-25.5,41.3,6.2,3.0,57.3,26.0,0.7,0.6,0.6,-6.4,9.3,22.5,8.1,3.0,21.2,26.0,0.7,0.6,0.6,-11.2,-10.4,4.3,-3.6,3.0,12.8,26.0,0.7,0.6,0.6,116.0,301.0,301.0,210.5,3.0,156.5,26.0,0.7,0.6,0.6,115.0,300.0,300.0,210.0,3.0,155.0,26.0,0.7,0.6,0.6
1974,2,179.0,-33.0,24.5,24.5,24.5,24.5,1.0,0.0,24.0,0.0,0.1,0.5,21.48,22.5,23.52,22.5,2.0,2.12,14.0,0.5,0.1,0.5,14.14,14.68,15.23,14.68,2.0,1.13,14.0,0.5,0.1,0.5,84.4,86.7,89.0,86.7,2.0,4.7,14.0,0.5,0.5,3.66,5.95,8.24,5.95,2.0,4.74,14.0,0.5,0.1,0.5,-4.76,-2.15,0.46,-2.15,2.0,5.41,14.0,0.5,0.1,0.5,-6.31,-4.56,-2.81,-4.56,2.0,3.63,14.0,0.5,0.1,0.5,1013.31,1014.2,1015.09,1014.2,2.0,1.84,14.0,0.5,0.1,0.5,4.0,4.0,4.0,4.0,1.0,0.0,24.0,0.0,0.1,0.5,-46.1,-25.6,-5.2,-25.6,2.0,42.4,14.0,0.5,0.1,0.5,-56.6,-35.7,-14.9,-35.7,2.0,43.2,14.0,0.5,0.1,0.5,0.5,0.5,0.5,0.5,1.0,0.0,24.0,0.0,0.1,0.5,4.7,4.7,4.7,4.7,1.0,0.0,24.0,0.0,0.1,0.5,3.71,3.71,3.71,3.71,1.0,0.0,24.0,0.0,0.1,0.5,34.5,34.5,34.5,34.5,1.0,0.0,24.0,0.0,0.1,0.5,-115.1,-54.2,6.8,-54.2,2.0,126.3,14.0,0.5,0.1,0.5,-150.5,-106.4,-62.3,-106.4,2.0,91.3,14.0,0.5,0.1,0.5,-74.2,-34.7,4.8,-34.7,2.0,81.8,14.0,0.5,0.1,0.5,-97.2,-69.0,-40.8,-69.0,2.0,58.4,14.0,0.5,0.1,0.5,-22.2,-22.2,-22.2,-22.2,1.0,0.0,24.0,0.0,0.1,0.5,-26.4,-26.4,-26.4,-26.4,1.0,0.0,24.0,0.0,0.1,0.5,142.5,411.0,679.5,411.0,2.0,556.5,14.0,0.5,0.1,0.5,140.0,410.0,680.0,410.0,2.0,555.0,14.0,0.5,0.1,0.5
1974,2,179.0,-32.0,23.63,23.9,24.31,23.97,3.0,0.5,16.0,0.3,0.8,0.5,23.32,24.0,24.0,23.67,3.0,0.58,16.0,0.3,0.8,0.5,14.56,14.75,16.58,15.55,3.0,1.63,16.0,0.3,0.8,0.5,80.5,83.2,90.7,85.6,3.0,7.7,16.0,0.3,0.5,3.17,4.4,5.63,4.4,2.0,2.55,16.0,0.5,0.9,0.4,-3.85,-1.93,-0.01,-1.93,2.0,3.99,16.0,0.5,0.9,0.4,-2.97,-0.77,1.42,-0.77,2.0,4.55,16.0,0.5,0.9,0.4,1013.29,1018.0,1018.07,1015.73,3.0,4.01,16.0,0.3,0.8,0.5,2.6,6.0,6.7,4.7,3.0,3.2,16.0,0.3,0.8,0.5,-24.4,-13.6,-2.7,-13.6,2.0,22.5,16.0,0.5,0.9,0.4,-19.8,-9.2,1.4,-9.2,2.0,22.0,16.0,0.5,0.9,0.4,0.09,0.5,0.5,0.3,3.0,0.35,16.0,0.3,0.8,0.5,-0.3,0.3,1.0,0.3,2.0,1.4,16.0,0.5,0.9,0.4,2.25,3.49,3.69,2.98,3.0,1.15,16.0,0.3,0.8,0.5,11.4,16.3,21.2,16.3,2.0,10.2,16.0,0.5,0.9,0.4,-92.7,-46.8,-0.9,-46.8,2.0,95.1,16.0,0.5,0.9,0.4,-71.5,-19.7,32.1,-19.7,2.0,107.4,16.0,0.5,0.9,0.4,-56.9,-28.6,-0.3,-28.6,2.0,58.6,16.0,0.5,0.9,0.4,-43.9,-11.7,20.4,-11.7,2.0,66.6,16.0,0.5,0.9,0.4,-14.6,-7.4,-0.2,-7.4,2.0,14.9,16.0,0.5,0.9,0.4,-11.3,-3.3,4.8,-3.3,2.0,16.7,16.0,0.5,0.9,0.4,52.5,128.0,203.5,128.0,2.0,156.0,16.0,0.5,0.9,0.4,55.0,130.0,205.0,130.0,2.0,155.0,16.0,0.5,0.9,0.4
1974,2,179.0,-31.0,21.6,21.6,21.6,21.6,1.0,0.0,22.0,1.0,0.4,0.4,24.4,24.4,24.4,24.4,1.0,0.0,22.0,1.0,0.4,0.4,15.86,15.86,15.86,15.86,1.0,0.0,22.0,1.0,0.4,0.4,83.4,83.4,83.4,83.4,1.0,0.0,22.0,1.0,0.4,8.2,8.2,8.2,8.2,1.0,0.0,22.0,1.0,0.4,0.4,-8.08,-8.08,-8.08,-8.08,1.0,0.0,22.0,1.0,0.4,0.4,-1.42,-1.42,-1.42,-1.42,1.0,0.0,22.0,1.0,0.4,0.4,1013.2,1013.2,1013.2,1013.2,1.0,0.0,22.0,1.0,0.4,0.4,6.0,6.0,6.0,6.0,1.0,0.0,22.0,1.0,0.4,0.4,-66.2,-66.2,-66.2,-66.2,1.0,0.0,22.0,1.0,0.4,0.4,-11.7,-11.7,-11.7,-11.7,1.0,0.0,22.0,1.0,0.4,0.4,-2.8,-2.8,-2.8,-2.8,1.0,0.0,22.0,1.0,0.4,0.4,-23.0,-23.0,-23.0,-23.0,1.0,0.0,22.0,1.0,0.4,0.4,0.2,0.2,0.2,0.2,1.0,0.0,22.0,1.0,0.4,0.4,1.6,1.6,1.6,1.6,1.0,0.0,22.0,1.0,0.4,0.4,-197.0,-197.0,-197.0,-197.0,1.0,0.0,22.0,1.0,0.4,0.4,-34.7,-34.7,-34.7,-34.7,1.0,0.0,22.0,1.0,0.4,0.4,-128.1,-128.1,-128.1,-128.1,1.0,0.0,22.0,1.0,0.4,0.4,-22.6,-22.6,-22.6,-22.6,1.0,0.0,22.0,1.0,0.4,0.4,-1.6,-1.6,-1.6,-1.6,1.0,0.0,22.0,1.0,0.4,0.4,-0.3,-0.3,-0.3,-0.3,1.0,0.0,22.0,1.0,0.4,0.4,551.5,551.5,551.5,551.5,1.0,0.0,22.0,1.0,0.4,0.4,550.0,550.0,550.0,550.0,1.0,0.0,22.0,1.0,0.4,0.4
1974,2,179.0,-30.0,,,,,,,,,,,,,,,,,,,,,,,,,,,,,,,,,,,,,,,,9.3,9.3,9.3,9.3,1.0,0.0,2.0,0.0,0.7,0.7,-8.05,-8.05,-8.05,-8.05,1.0,0.0,2.0,0.0,0.7,0.7,4.65,4.65,4.65,4.65,1.0,0.0,2.0,0.0,0.7,0.7,1019.4,1019.4,1019.4,1019.4,1.0,0.0,2.0,0.0,0.7,0.7,4.0,4.0,4.0,4.0,1.0,0.0,2.0,0.0,0.7,0.7,-74.9,-74.9,-74.9,-74.9,1.0,0.0,2.0,0.0,0.7,0.7,43.2,43.2,43.2,43.2,1.0,0.0,2.0,0.0,0.7,0.7,,,,,,,,,,,,,,,,,,,,,,,,,,,,,,,,,,,,,,,,,-177.2,-177.2,-177.2,-177.2,1.0,0.0,2.0,0.0,0.7,0.7,102.3,102.3,102.3,102.3,1.0,0.0,2.0,0.0,0.7,0.7,-96.3,-96.3,-96.3,-96.3,1.0,0.0,2.0,0.0,0.7,0.7,55.6,55.6,55.6,55.6,1.0,0.0,2.0,0.0,0.7,0.7,,,,,,,,,,,,,,,,,,,,,,,,,,,,,,,,,,,,,,,,
1974,2,179.0,-29.0,,,,,,,,,,,,,,,,,,,,,,,,,,,,,,,,,,,,,,,,6.7,6.7,6.7,6.7,1.0,0.0,18.0,0.0,0.4,0.2,-5.8,-5.8,-5.8,-5.8,1.0,0.0,18.0,0.0,0.4,0.2,3.35,3.35,3.35,3.35,1.0,0.0,18.0,0.0,0.4,0.2,1015.7,1015.7,1015.7,1015.7,1.0,0.0,18.0,0.0,0.4,0.2,1.0,1.0,1.0,1.0,1.0,0.0,18.0,0.0,0.4,0.2,-38.9,-38.9,-38.9,-38.9,1.0,0.0,18.0,0.0,0.4,0.2,22.4,22.4,22.4,22.4,1.0,0.0,18.0,0.0,0.4,0.2,,,,,,,,,,,,,,,,,,,,,,,,,,,,,,,,,,,,,,,,,-145.1,-145.1,-145.1,-145.1,1.0,0.0,18.0,0.0,0.4,0.2,83.8,83.8,83.8,83.8,1.0,0.0,18.0,0.0,0.4,0.2,-89.6,-89.6,-89.6,-89.6,1.0,0.0,18.0,0.0,0.4,0.2,51.7,51.7,51.7,51.7,1.0,0.0,18.0,0.0,0.4,0.2,,,,,,,,,,,,,,,,,,,,,,,,,,,,,,,,,,,,,,,,
1974,2,179.0,-28.0,,,,,,,,,,,,,,,,,,,,,,,,,,,,,,,,,,,,,,,,9.3,9.3,9.3,9.3,1.0,0.0,4.0,0.0,0.4,1.0,-9.3,-9.3,-9.3,-9.3,1.0,0.0,4.0,0.0,0.4,1.0,0.0,0.0,0.0,0.0,1.0,0.0,4.0,0.0,0.4,1.0,1015.1,1015.1,1015.1,1015.1,1.0,0.0,4.0,0.0,0.4,1.0,4.0,4.0,4.0,4.0,1.0,0.0,4.0,0.0,0.4,1.0,-86.5,-86.5,-86.5,-86.5,1.0,0.0,4.0,0.0,0.4,1.0,0.0,0.0,0.0,0.0,1.0,0.0,4.0,0.0,0.4,1.0,,,,,,,,,,,,,,,,,,,,,,,,,,,,,,,,,,,,,,,,,-223.2,-223.2,-223.2,-223.2,1.0,0.0,4.0,0.0,0.4,1.0,0.0,0.0,0.0,0.0,1.0,0.0,4.0,0.0,0.4,1.0,-126.8,-126.8,-126.8,-126.8,1.0,0.0,4.0,0.0,0.4,1.0,0.0,0.0,0.0,0.0,1.0,0.0,4.0,0.0,0.4,1.0,,,,,,,,,,,,,,,,,,,,,,,,,,,,,,,,,,,,,,,,
1974,2,179.0,-27.0,25.8,25.8,25.8,25.8,1.0,0.0,14.0,1.0,0.8,0.8,27.1,27.1,27.1,27.1,1.0,0.0,14.0,1.0,0.8,0.8,17.48,17.48,17.48,17.48,1.0,0.0,14.0,1.0,0.8,0.8,78.3,78.3,78.3,78.3,1.0,0.0,14.0,1.0,0.8,4.6,4.6,4.6,4.6,1.0,0.0,14.0,1.0,0.8,0.8,-4.53,-4.53,-4.53,-4.53,1.0,0.0,14.0,1.0,0.8,0.8,0.8,0.8,0.8,0.8,1.0,0.0,14.0,1.0,0.8,0.8,1014.8,1014.8,1014.8,1014.8,1.0,0.0,14.0,1.0,0.8,0.8,3.0,3.0,3.0,3.0,1.0,0.0,14.0,1.0,0.8,0.8,-20.8,-20.8,-20.8,-20.8,1.0,0.0,14.0,1.0,0.8,0.8,3.7,3.7,3.7,3.7,1.0,0.0,14.0,1.0,0.8,0.8,-1.3,-1.3,-1.3,-1.3,1.0,0.0,14.0,1.0,0.8,0.8,-6.0,-6.0,-6.0,-6.0,1.0,0.0,14.0,1.0,0.8,0.8,3.24,3.24,3.24,3.24,1.0,0.0,14.0,1.0,0.8,0.8,14.9,14.9,14.9,14.9,1.0,0.0,14.0,1.0,0.8,0.8,-122.8,-122.8,-122.8,-122.8,1.0,0.0,14.0,1.0,0.8,0.8,21.6,21.6,21.6,21.6,1.0,0.0,14.0,1.0,0.8,0.8,-79.2,-79.2,-79.2,-79.2,1.0,0.0,14.0,1.0,0.8,0.8,14.0,14.0,14.0,14.0,1.0,0.0,14.0,1.0,0.8,0.8,-14.7,-14.7,-14.7,-14.7,1.0,0.0,14.0,1.0,0.8,0.8,2.6,2.6,2.6,2.6,1.0,0.0,14.0,1.0,0.8,0.8,97.5,97.5,97.5,97.5,1.0,0.0,14.0,1.0,0.8,0.8,95.0,95.0,95.0,95.0,1.0,0.0,14.0,1.0,0.8,0.8
1974,2,179.0,-23.0,29.0,29.0,29.0,29.0,1.0,0.0,16.0,1.0,0.4,0.9,28.7,28.7,28.7,28.7,1.0,0.0,16.0,1.0,0.4,0.9,18.2,18.2,18.2,18.2,1.0,0.0,16.0,1.0,0.4,0.9,73.9,73.9,73.9,73.9,1.0,0.0,16.0,1.0,0.9,7.7,7.7,7.7,7.7,1.0,0.0,16.0,1.0,0.4,0.9,-6.67,-6.67,-6.67,-6.67,1.0,0.0,16.0,1.0,0.4,0.9,-3.85,-3.85,-3.85,-3.85,1.0,0.0,16.0,1.0,0.4,0.9,1011.0,1011.0,1011.0,1011.0,1.0,0.0,16.0,1.0,0.4,0.9,4.0,4.0,4.0,4.0,1.0,0.0,16.0,1.0,0.4,0.9,-51.3,-51.3,-51.3,-51.3,1.0,0.0,16.0,1.0,0.4,0.9,-29.6,-29.6,-29.6,-29.6,1.0,0.0,16.0,1.0,0.4,0.9,0.3,0.3,0.3,0.3,1.0,0.0,16.0,1.0,0.4,0.9,2.3,2.3,2.3,2.3,1.0,0.0,16.0,1.0,0.4,0.9,6.95,6.95,6.95,6.95,1.0,0.0,16.0,1.0,0.4,0.9,53.5,53.5,53.5,53.5,1.0,0.0,16.0,1.0,0.4,0.9,-191.4,-191.4,-191.4,-191.4,1.0,0.0,16.0,1.0,0.4,0.9,-110.5,-110.5,-110.5,-110.5,1.0,0.0,16.0,1.0,0.4,0.9,-121.4,-121.4,-121.4,-121.4,1.0,0.0,16.0,1.0,0.4,0.9,-70.1,-70.1,-70.1,-70.1,1.0,0.0,16.0,1.0,0.4,0.9,-46.4,-46.4,-46.4,-46.4,1.0,0.0,16.0,1.0,0.4,0.9,-26.8,-26.8,-26.8,-26.8,1.0,0.0,16.0,1.0,0.4,0.9,456.5,456.5,456.5,456.5,1.0,0.0,16.0,1.0,0.4,0.9,455.0,455.0,455.0,455.0,1.0,0.0,16.0,1.0,0.4,0.9
1974,2,179.0,-22.0,27.6,27.6,27.6,27.6,1.0,0.0,22.0,1.0,0.7,1.0,27.0,27.0,27.0,27.0,1.0,0.0,22.0,1.0,0.7,1.0,18.44,18.44,18.44,18.44,1.0,0.0,22.0,1.0,0.7,1.0,82.2,82.2,82.2,82.2,1.0,0.0,22.0,1.0,1.0,7.7,7.7,7.7,7.7,1.0,0.0,22.0,1.0,0.7,1.0,-7.24,-7.24,-7.24,-7.24,1.0,0.0,22.0,1.0,0.7,1.0,2.63,2.63,2.63,2.63,1.0,0.0,22.0,1.0,0.7,1.0,1003.8,1003.8,1003.8,1003.8,1.0,0.0,22.0,1.0,0.7,1.0,3.0,3.0,3.0,3.0,1.0,0.0,22.0,1.0,0.7,1.0,-55.7,-55.7,-55.7,-55.7,1.0,0.0,22.0,1.0,0.7,1.0,20.3,20.3,20.3,20.3,1.0,0.0,22.0,1.0,0.7,1.0,0.6,0.6,0.6,0.6,1.0,0.0,22.0,1.0,0.7,1.0,4.6,4.6,4.6,4.6,1.0,0.0,22.0,1.0,0.7,1.0,4.88,4.88,4.88,4.88,1.0,0.0,22.0,1.0,0.7,1.0,37.6,37.6,37.6,37.6,1.0,0.0,22.0,1.0,0.7,1.0,-195.4,-195.4,-195.4,-195.4,1.0,0.0,22.0,1.0,0.7,1.0,71.1,71.1,71.1,71.1,1.0,0.0,22.0,1.0,0.7,1.0,-133.5,-133.5,-133.5,-133.5,1.0,0.0,22.0,1.0,0.7,1.0,48.6,48.6,48.6,48.6,1.0,0.0,22.0,1.0,0.7,1.0,-35.3,-35.3,-35.3,-35.3,1.0,0.0,22.0,1.0,0.7,1.0,12.8,12.8,12.8,12.8,1.0,0.0,22.0,1.0,0.7,1.0,456.5,456.5,456.5,456.5,1.0,0.0,22.0,1.0,0.7,1.0,455.0,455.0,455.0,455.0,1.0,0.0,22.0,1.0,0.7,1.0
1974,2,179.0,-20.0,27.24,27.75,29.05,28.13,4.0,1.31,20.0,0.8,0.5,0.4,27.15,27.5,27.96,27.55,4.0,0.48,20.0,0.8,0.5,0.4,18.78,19.51,19.75,19.27,4.0,0.69,20.0,0.8,0.5,0.4,81.2,82.0,84.9,83.0,4.0,2.9,20.0,0.8,0.4,5.21,9.3,9.82,7.6,4.0,4.09,20.0,0.8,0.5,0.4,-0.94,0.38,2.02,0.54,4.0,2.06,20.0,0.8,0.5,0.4,-9.74,-9.02,-4.84,-7.37,4.0,4.09,20.0,0.8,0.5,0.4,999.48,1002.65,1006.09,1002.78,4.0,3.85,20.0,0.8,0.5,0.4,7.0,7.5,8.0,7.5,4.0,0.6,20.0,0.8,0.5,0.4,-9.7,0.6,16.0,3.1,4.0,19.8,20.0,0.8,0.5,0.4,-95.9,-83.9,-39.7,-68.5,4.0,45.5,20.0,0.8,0.5,0.4,-0.48,0.25,1.66,0.58,4.0,1.68,20.0,0.8,0.5,0.4,-5.7,1.2,15.0,4.5,4.0,16.1,20.0,0.8,0.5,0.4,3.68,4.67,6.06,4.86,4.0,1.76,20.0,0.8,0.5,0.4,18.1,36.0,54.9,36.5,4.0,24.8,20.0,0.8,0.5,0.4,-26.3,10.2,56.0,14.6,4.0,57.5,20.0,0.8,0.5,0.4,-269.3,-247.5,-134.2,-203.8,4.0,113.8,20.0,0.8,0.5,0.4,-18.5,6.9,38.7,10.0,4.0,40.0,20.0,0.8,0.5,0.4,-192.3,-176.5,-92.9,-144.1,4.0,81.2,20.0,0.8,0.5,0.4,-2.7,1.8,9.2,3.2,4.0,8.3,20.0,0.8,0.5,0.4,-53.7,-34.5,-17.4,-35.5,4.0,25.0,20.0,0.8,0.5,0.4,384.5,804.5,955.5,676.0,4.0,468.5,20.0,0.8,0.5,0.4,385.0,805.0,955.0,675.0,4.0,470.0,20.0,0.8,0.5,0.4
1974,2,179.0,-19.0,28.0,28.6,29.15,28.6,5.0,0.62,18.0,0.8,0.7,0.8,26.79,27.55,28.05,27.53,6.0,1.11,18.0,0.8,0.8,0.8,18.2,18.66,19.24,18.73,5.0,0.95,18.0,0.8,0.7,0.8,77.4,80.3,81.8,79.7,5.0,2.6,18.0,0.8,0.8,5.0,7.85,8.3,7.05,6.0,1.74,18.0,0.8,0.8,0.8,-6.78,-2.47,5.36,-1.27,6.0,6.28,18.0,0.8,0.8,0.8,-4.66,-2.24,1.09,-1.74,6.0,4.2,18.0,0.8,0.8,0.8,1003.71,1008.5,1010.58,1007.55,6.0,3.36,18.0,0.8,0.8,0.8,5.4,7.0,7.0,6.2,6.0,1.6,18.0,0.8,0.8,0.8,-56.5,-15.4,31.8,-12.2,6.0,49.4,18.0,0.8,0.8,0.8,-28.9,-13.6,8.9,-10.3,6.0,32.4,18.0,0.8,0.8,0.8,0.06,1.0,1.61,0.76,5.0,1.26,18.0,0.8,0.7,0.8,-0.1,7.4,10.1,4.8,5.0,10.0,18.0,0.8,0.7,0.8,4.73,5.93,7.13,5.93,5.0,1.65,18.0,0.8,0.7,0.8,31.3,41.0,54.8,43.5,5.0,14.5,18.0,0.8,0.7,0.8,-190.9,-67.2,141.7,-38.7,6.0,175.7,18.0,0.8,0.8,0.8,-127.3,-60.4,30.1,-46.6,6.0,115.1,18.0,0.8,0.8,0.8,-138.7,-48.9,20.9,-50.6,5.0,115.6,18.0,0.8,0.7,0.8,-96.3,-48.0,36.0,-31.6,5.0,87.4,18.0,0.8,0.7,0.8,-33.9,-15.0,13.6,-7.3,5.0,39.9,18.0,0.8,0.7,0.8,-30.5,-22.5,11.4,-11.1,5.0,27.5,18.0,0.8,0.7,0.8,125.5,484.5,573.5,401.5,6.0,232.0,18.0,0.8,0.8,0.8,125.0,485.0,575.0,400.0,6.0,230.0,18.0,0.8,0.8,0.8
1974,2,179.0,-18.0,28.6,29.0,29.1,28.98,8.0,0.41,16.0,0.4,0.7,0.6,27.62,28.2,29.0,28.03,7.0,0.98,16.0,0.3,0.8,0.6,17.39,18.41,19.18,18.26,6.0,1.01,16.0,0.3,0.7,0.6,71.0,77.2,82.2,77.3,6.0,8.3,16.0,0.3,0.6,4.89,6.65,9.86,7.3,6.0,3.06,16.0,0.3,0.7,0.6,-8.89,-3.16,4.14,-2.91,6.0,6.62,16.0,0.3,0.7,0.6,-3.9,-0.44,1.81,-1.26,6.0,4.18,16.0,0.3,0.7,0.6,1005.53,1008.55,1009.71,1007.8,6.0,2.58,16.0,0.3,0.7,0.6,1.9,3.0,5.1,3.3,7.0,2.2,16.0,0.3,0.8,0.6,-82.3,-21.2,21.1,-34.5,6.0,63.3,16.0,0.3,0.7,0.6,-25.4,-2.3,12.7,-11.4,6.0,35.7,16.0,0.3,0.7,0.6,0.39,0.9,1.69,1.03,6.0,1.05,16.0,0.3,0.8,0.6,2.5,7.1,12.1,7.1,5.0,6.0,16.0,0.4,0.7,0.6,5.89,6.2,7.85,6.74,5.0,1.06,16.0,0.4,0.7,0.6,31.7,39.6,58.0,45.0,5.0,18.0,16.0,0.4,0.7,0.6,-249.3,-91.7,109.6,-84.5,6.0,184.1,16.0,0.3,0.7,0.6,-113.0,-12.3,49.3,-38.2,6.0,119.0,16.0,0.3,0.7,0.6,-167.0,-55.1,78.3,-54.4,6.0,124.3,16.0,0.3,0.7,0.6,-67.6,-7.8,34.2,-21.4,6.0,76.6,16.0,0.3,0.7,0.6,-57.5,-25.1,28.7,-17.1,5.0,47.5,16.0,0.4,0.7,0.6,-12.1,0.0,12.3,-0.1,5.0,15.2,16.0,0.4,0.7,0.6,119.5,342.0,995.0,569.5,6.0,637.0,16.0,0.3,0.7,0.6,120.0,340.0,995.0,570.0,6.0,635.0,16.0,0.3,0.7,0.6
1974,2,179.0,-17.0,28.63,28.7,28.97,28.8,3.0,0.26,16.0,1.0,1.0,0.7,27.83,28.1,28.17,28.0,3.0,0.26,16.0,1.0,1.0,0.7,18.69,18.7,18.72,18.7,3.0,0.02,16.0,1.0,1.0,0.7,78.1,78.4,79.7,78.9,3.0,1.2,16.0,1.0,0.7,8.2,8.2,8.2,8.2,3.0,0.0,16.0,1.0,1.0,0.7,-8.08,-8.08,2.95,-2.69,3.0,9.32,16.0,1.0,1.0,0.7,1.42,1.42,1.42,1.42,3.0,0.0,16.0,1.0,1.0,0.7,1007.35,1008.1,1009.06,1008.2,3.0,1.25,16.0,1.0,1.0,0.7,5.3,6.0,6.7,6.0,3.0,1.0,16.0,1.0,1.0,0.7,-66.2,-66.2,24.2,-22.1,3.0,76.5,16.0,1.0,1.0,0.7,11.7,11.7,11.7,11.7,3.0,0.0,16.0,1.0,1.0,0.7,0.5,0.5,1.11,0.8,3.0,0.52,16.0,1.0,1.0,0.7,4.1,4.1,9.1,6.6,3.0,4.3,16.0,1.0,1.0,0.7,5.98,6.08,6.49,6.23,3.0,0.4,16.0,1.0,1.0,0.7,49.0,49.9,53.2,51.1,3.0,3.3,16.0,1.0,1.0,0.7,-227.5,-226.9,80.7,-77.0,3.0,260.4,16.0,1.0,1.0,0.7,39.6,40.0,40.1,39.9,3.0,0.4,16.0,1.0,1.0,0.7,-151.0,-150.8,55.3,-50.2,3.0,174.4,16.0,1.0,1.0,0.7,26.6,26.6,26.7,26.6,3.0,0.0,16.0,1.0,1.0,0.7,-48.7,-47.9,21.6,-14.3,3.0,59.1,16.0,1.0,1.0,0.7,8.5,8.7,9.2,8.9,3.0,0.6,16.0,1.0,1.0,0.7,551.5,551.5,551.5,551.5,3.0,0.0,16.0,1.0,1.0,0.7,550.0,550.0,550.0,550.0,3.0,0.0,16.0,1.0,1.0,0.7
1974,2,179.0,-16.0,29.03,29.1,29.17,29.1,3.0,0.1,14.0,0.7,0.9,0.6,27.36,27.5,27.57,27.47,3.0,0.15,14.0,0.7,0.9,0.6,18.3,18.69,18.69,18.5,3.0,0.32,14.0,0.7,0.9,0.6,80.1,80.8,81.1,80.6,3.0,0.8,14.0,0.7,0.6,3.42,4.1,7.99,5.67,3.0,3.61,14.0,0.7,0.9,0.6,-7.53,-2.64,0.52,-3.48,3.0,5.94,14.0,0.7,0.9,0.6,0.75,2.37,2.9,1.84,3.0,1.64,14.0,0.7,0.9,0.6,1009.0,1009.0,1009.0,1009.0,3.0,0.0,14.0,0.7,0.9,0.6,5.0,7.0,7.0,6.0,3.0,1.7,14.0,0.7,0.9,0.6,-69.0,-10.8,0.8,-33.6,3.0,54.8,14.0,0.7,0.9,0.6,2.3,7.4,11.1,6.7,3.0,6.5,14.0,0.7,0.9,0.6,1.56,1.7,1.7,1.63,3.0,0.12,14.0,0.7,0.9,0.6,5.4,7.0,13.6,9.4,3.0,6.4,14.0,0.7,0.9,0.6,6.71,6.81,6.99,6.85,3.0,0.21,14.0,0.7,0.9,0.6,23.3,29.0,54.8,38.8,3.0,24.6,14.0,0.7,0.9,0.6,-206.8,-71.9,14.7,-95.5,3.0,163.5,14.0,0.7,0.9,0.6,20.8,65.5,79.3,50.4,3.0,44.8,14.0,0.7,0.9,0.6,-140.2,-47.8,10.3,-64.6,3.0,111.1,14.0,0.7,0.9,0.6,14.1,44.4,52.9,33.8,3.0,29.9,14.0,0.7,0.9,0.6,-51.5,-18.7,3.1,-24.1,3.0,40.3,14.0,0.7,0.9,0.6,5.0,15.8,20.2,12.7,3.0,11.4,14.0,0.7,0.9,0.6,42.0,69.0,664.5,346.5,3.0,515.5,14.0,0.7,0.9,0.6,40.0,70.0,665.0,345.0,3.0,515.0,14.0,0.7,0.9,0.6
1974,2,179.0,-15.0,28.6,28.8,29.21,28.9,3.0,0.46,18.0,0.7,0.9,0.9,25.4,26.7,27.79,26.6,3.0,1.75,18.0,0.7,0.9,0.9,17.73,18.0,18.46,18.09,3.0,0.54,18.0,0.7,0.9,0.9,76.2,80.2,90.5,83.3,3.0,10.8,18.0,0.7,0.9,3.42,4.1,9.7,6.5,3.0,5.05,18.0,0.7,0.9,0.9,-3.39,-1.99,4.76,0.63,3.0,6.39,18.0,0.7,0.9,0.9,-6.66,-0.71,1.4,-2.59,3.0,6.12,18.0,0.7,0.9,0.9,1005.17,1007.7,1009.2,1007.2,3.0,2.98,18.0,0.7,0.9,0.9,7.0,7.0,7.0,7.0,3.0,0.0,18.0,0.7,0.9,0.9,-13.3,-6.2,64.4,24.8,3.0,62.9,18.0,0.7,0.9,0.9,-80.0,-2.9,4.1,-37.2,3.0,68.4,18.0,0.7,0.9,0.9,0.99,2.7,3.59,2.3,3.0,1.93,18.0,0.7,0.9,0.9,4.3,8.4,13.9,9.1,3.0,7.0,18.0,0.7,0.9,0.9,6.34,6.6,7.71,7.02,3.0,1.07,18.0,0.7,0.9,0.9,25.5,25.5,63.5,44.1,3.0,32.1,18.0,0.7,0.9,0.9,-85.2,-53.2,135.8,23.5,3.0,175.0,18.0,0.7,0.9,0.9,-187.6,-17.7,37.7,-73.6,3.0,172.0,18.0,0.7,0.9,0.9,-62.6,-35.1,86.0,10.6,3.0,115.8,18.0,0.7,0.9,0.9,-120.0,-13.3,24.3,-47.0,3.0,109.6,18.0,0.7,0.9,0.9,-22.3,-16.4,30.4,3.6,3.0,42.3,18.0,0.7,0.9,0.9,-43.8,-4.4,11.9,-15.7,3.0,42.0,18.0,0.7,0.9,0.9,42.0,69.0,1292.0,653.0,3.0,1046.0,18.0,0.7,0.9,0.9,40.0,70.0,1290.0,655.0,3.0,1045.0,18.0,0.7,0.9,0.9
1974,2,179.0,-14.0,28.83,28.9,28.97,28.9,2.0,0.14,16.0,1.0,1.0,0.8,27.56,27.7,27.84,27.7,2.0,0.28,16.0,1.0,1.0,0.8,17.78,18.16,18.53,18.16,2.0,0.78,16.0,1.0,1.0,0.8,75.8,78.0,80.2,78.0,2.0,4.6,16.0,1.0,0.8,4.26,4.6,4.94,4.6,2.0,0.71,16.0,1.0,1.0,0.8,-3.47,-0.62,2.23,-0.62,2.0,5.9,16.0,1.0,1.0,0.8,-1.45,-0.15,1.14,-0.15,2.0,2.68,16.0,1.0,1.0,0.8,1007.6,1007.8,1008.0,1007.8,2.0,0.42,16.0,1.0,1.0,0.8,6.2,6.5,6.8,6.5,2.0,0.7,16.0,1.0,1.0,0.8,-18.3,-4.9,8.4,-4.9,2.0,27.6,16.0,1.0,1.0,0.8,-5.7,0.2,6.2,0.2,2.0,12.2,16.0,1.0,1.0,0.8,1.13,1.2,1.27,1.2,2.0,0.14,16.0,1.0,1.0,0.8,4.8,5.6,6.3,5.6,2.0,1.5,16.0,1.0,1.0,0.8,6.45,6.93,7.41,6.93,2.0,1.0,16.0,1.0,1.0,0.8,31.4,31.5,31.7,31.5,2.0,0.3,16.0,1.0,1.0,0.8,-95.2,-16.4,62.4,-16.4,2.0,163.2,16.0,1.0,1.0,0.8,-40.5,-4.6,31.3,-4.6,2.0,74.4,16.0,1.0,1.0,0.8,-65.5,-13.6,38.4,-13.6,2.0,107.6,16.0,1.0,1.0,0.8,-25.2,-1.7,21.7,-1.7,2.0,48.6,16.0,1.0,1.0,0.8,-20.8,-1.4,18.1,-1.4,2.0,40.3,16.0,1.0,1.0,0.8,-11.4,-2.4,6.7,-2.4,2.0,18.7,16.0,1.0,1.0,0.8,79.0,101.0,122.5,101.0,2.0,45.0,16.0,1.0,1.0,0.8,80.0,100.0,125.0,100.0,2.0,45.0,16.0,1.0,1.0,0.8
1974,2,179.0,-13.0,28.78,28.95,29.12,28.95,2.0,0.35,16.0,1.0,1.0,0.6,27.86,28.0,28.14,28.0,2.0,0.28,16.0,1.0,1.0,0.6,17.79,18.15,18.51,18.15,2.0,0.75,16.0,1.0,1.0,0.6,74.4,76.6,78.8,76.6,2.0,4.5,16.0,1.0,0.6,4.26,4.6,4.94,4.6,2.0,0.71,16.0,1.0,1.0,0.6,-3.08,-0.19,2.7,-0.19,2.0,5.98,16.0,1.0,1.0,0.6,-0.19,0.92,2.03,0.92,2.0,2.31,16.0,1.0,1.0,0.6,1006.94,1007.9,1008.86,1007.9,2.0,1.98,16.0,1.0,1.0,0.6,7.2,7.5,7.8,7.5,2.0,0.7,16.0,1.0,1.0,0.6,-16.3,-3.0,10.4,-3.0,2.0,27.6,16.0,1.0,1.0,0.6,-0.4,5.0,10.5,5.0,2.0,11.3,16.0,1.0,1.0,0.6,0.92,0.95,0.98,0.95,2.0,0.07,16.0,1.0,1.0,0.6,4.2,4.3,4.5,4.3,2.0,0.3,16.0,1.0,1.0,0.6,6.37,7.01,7.64,7.01,2.0,1.32,16.0,1.0,1.0,0.6,31.2,31.8,32.3,31.8,2.0,1.1,16.0,1.0,1.0,0.6,-85.2,-4.5,76.3,-4.5,2.0,167.3,16.0,1.0,1.0,0.6,-5.6,25.4,56.5,25.4,2.0,64.3,16.0,1.0,1.0,0.6,-58.1,-5.7,46.8,-5.7,2.0,108.7,16.0,1.0,1.0,0.6,-3.0,17.5,38.1,17.5,2.0,42.6,16.0,1.0,1.0,0.6,-17.5,2.6,22.7,2.6,2.0,41.6,16.0,1.0,1.0,0.6,-2.3,4.9,12.1,4.9,2.0,14.9,16.0,1.0,1.0,0.6,79.0,101.0,122.5,101.0,2.0,45.0,16.0,1.0,1.0,0.6,80.0,100.0,125.0,100.0,2.0,45.0,16.0,1.0,1.0,0.6
1974,2,179.0,-12.0,28.6,28.8,29.0,28.8,2.0,0.42,16.0,0.5,1.0,0.4,26.74,27.25,27.76,27.25,2.0,1.06,16.0,0.5,1.0,0.4,16.9,17.63,18.36,17.63,2.0,1.51,16.0,0.5,1.0,0.4,72.5,78.0,83.6,78.0,2.0,11.5,16.0,0.5,0.4,4.1,4.1,4.1,4.1,1.0,0.0,20.0,0.0,1.0,0.3,4.1,4.1,4.1,4.1,1.0,0.0,20.0,0.0,1.0,0.3,0.0,0.0,0.0,0.0,1.0,0.0,20.0,0.0,1.0,0.3,1007.59,1008.0,1008.41,1008.0,2.0,0.85,16.0,0.5,1.0,0.4,2.8,4.5,6.2,4.5,2.0,3.5,16.0,0.5,1.0,0.4,16.8,16.8,16.8,16.8,1.0,0.0,20.0,0.0,1.0,0.3,0.0,0.0,0.0,0.0,1.0,0.0,20.0,0.0,1.0,0.3,0.83,1.55,2.27,1.55,2.0,1.48,16.0,0.5,1.0,0.4,2.1,2.1,2.1,2.1,1.0,0.0,20.0,0.0,1.0,0.3,6.87,7.31,7.75,7.31,2.0,0.91,16.0,0.5,1.0,0.4,32.6,32.6,32.6,32.6,1.0,0.0,20.0,0.0,1.0,0.3,114.8,114.8,114.8,114.8,1.0,0.0,20.0,0.0,1.0,0.3,0.0,0.0,0.0,0.0,1.0,0.0,20.0,0.0,1.0,0.3,67.9,67.9,67.9,67.9,1.0,0.0,20.0,0.0,1.0,0.3,0.0,0.0,0.0,0.0,1.0,0.0,20.0,0.0,1.0,0.3,32.6,32.6,32.6,32.6,1.0,0.0,20.0,0.0,1.0,0.3,0.0,0.0,0.0,0.0,1.0,0.0,20.0,0.0,1.0,0.3,69.0,69.0,69.0,69.0,1.0,0.0,20.0,0.0,1.0,0.3,70.0,70.0,70.0,70.0,1.0,0.0,20.0,0.0,1.0,0.3
1974,2,179.0,-11.0,28.9,28.9,28.97,28.93,3.0,0.06,14.0,0.3,1.0,0.8,26.01,27.1,27.78,26.9,3.0,1.31,14.0,0.3,1.0,0.8,17.95,18.67,18.68,18.32,3.0,0.62,14.0,0.3,1.0,0.8,76.8,83.2,88.8,82.8,3.0,8.8,14.0,0.3,0.8,1.98,4.1,4.78,3.4,3.0,2.14,14.0,0.3,1.0,0.8,-2.35,-0.34,0.85,-0.74,3.0,2.37,14.0,0.3,1.0,0.8,-2.33,0.94,2.97,0.33,3.0,3.92,14.0,0.3,1.0,0.8,1007.87,1009.1,1009.51,1008.7,3.0,1.25,14.0,0.3,1.0,0.8,3.6,7.0,7.0,5.3,3.0,2.9,14.0,0.3,1.0,0.8,-11.5,-0.3,3.8,-3.8,3.0,11.6,14.0,0.3,1.0,0.8,-10.5,0.9,13.9,1.7,3.0,17.9,14.0,0.3,1.0,0.8,1.15,1.9,2.92,2.03,3.0,1.31,14.0,0.3,1.0,0.8,3.3,3.4,7.7,5.5,3.0,3.7,14.0,0.3,1.0,0.8,6.41,6.52,7.18,6.79,3.0,0.61,14.0,0.3,1.0,0.8,14.1,30.7,32.4,23.4,3.0,14.8,14.0,0.3,1.0,0.8,-63.4,-8.7,24.1,-19.4,3.0,64.8,14.0,0.3,1.0,0.8,-66.3,24.0,79.9,7.2,3.0,108.0,14.0,0.3,1.0,0.8,-43.8,-6.4,14.8,-14.3,3.0,43.5,14.0,0.3,1.0,0.8,-40.7,17.5,55.4,7.6,3.0,71.0,14.0,0.3,1.0,0.8,-15.3,-2.2,6.5,-4.3,3.0,16.0,14.0,0.3,1.0,0.8,-17.8,6.0,19.3,0.9,3.0,27.5,14.0,0.3,1.0,0.8,22.5,69.0,112.5,67.5,3.0,66.0,14.0,0.3,1.0,0.8,25.0,70.0,110.0,70.0,3.0,65.0,14.0,0.3,1.0,0.8
1974,2,179.0,-10.0,29.1,29.8,29.9,29.6,7.0,0.38,20.0,0.6,0.9,0.7,26.84,28.1,28.73,27.9,8.0,0.9,20.0,0.6,0.8,0.7,16.58,16.6,17.6,16.93,6.0,0.52,18.0,0.7,0.8,0.8,68.5,69.9,80.5,72.8,6.0,6.4,18.0,0.7,0.8,1.32,2.0,2.73,2.1,5.0,1.14,20.0,0.6,0.8,0.8,0.27,1.0,2.52,1.29,5.0,1.62,20.0,0.6,0.8,0.8,-1.83,-1.15,0.24,-0.87,5.0,1.08,20.0,0.6,0.8,0.8,1005.0,1006.0,1007.48,1006.2,6.0,1.19,18.0,0.7,0.8,0.8,6.0,7.0,7.0,6.1,8.0,2.2,20.0,0.6,0.8,0.7,0.1,2.0,7.6,3.9,5.0,5.9,20.0,0.6,0.8,0.8,-5.1,-1.7,0.4,-2.5,5.0,3.5,20.0,0.6,0.8,0.8,0.9,1.7,1.83,1.49,7.0,0.6,20.0,0.6,0.9,0.7,1.4,2.8,5.5,3.4,4.0,2.8,22.0,0.5,0.8,0.8,8.37,9.91,9.98,9.28,5.0,1.0,20.0,0.6,0.9,0.7,14.0,20.0,30.4,22.1,4.0,12.9,22.0,0.5,0.8,0.8,8.3,28.0,71.6,36.8,5.0,44.9,20.0,0.6,0.8,0.8,-51.2,-30.3,6.8,-24.0,5.0,30.2,20.0,0.6,0.8,0.8,4.2,16.6,41.7,21.2,5.0,27.2,20.0,0.6,0.8,0.8,-30.3,-20.2,3.9,-14.7,5.0,18.0,20.0,0.6,0.8,0.8,9.2,14.9,27.4,18.2,4.0,11.9,22.0,0.5,0.8,0.8,-18.6,-7.8,2.6,-8.0,4.0,12.2,22.0,0.5,0.8,0.8,2.5,8.0,28.5,17.0,5.0,26.5,20.0,0.6,0.8,0.8,5.0,10.0,30.0,15.0,5.0,25.0,20.0,0.6,0.8,0.8
1974,2,179.0,-9.0,28.82,28.85,28.88,28.85,2.0,0.07,16.0,0.5,1.0,0.5,26.35,27.1,27.3,26.83,3.0,0.74,16.0,0.3,0.8,0.6,16.86,17.59,17.61,17.24,3.0,0.63,16.0,0.3,0.8,0.6,77.4,78.3,78.5,78.0,3.0,0.9,16.0,0.3,0.6,2.42,3.1,4.47,3.43,3.0,1.53,16.0,0.3,0.8,0.6,-1.87,-1.61,0.68,-0.62,3.0,2.06,16.0,0.3,0.8,0.6,-4.03,-2.37,-1.68,-2.84,3.0,1.77,16.0,0.3,0.8,0.6,1007.47,1008.7,1009.45,1008.47,3.0,1.46,16.0,0.3,0.8,0.6,2.6,4.0,5.4,4.0,3.0,2.0,16.0,0.3,0.8,0.6,-5.3,-3.4,5.0,-0.2,3.0,8.0,16.0,0.3,0.8,0.6,-19.0,-7.4,-4.3,-11.5,3.0,11.4,16.0,0.3,0.8,0.6,1.46,1.6,1.74,1.6,2.0,0.28,16.0,0.5,1.0,0.5,4.3,5.5,6.6,5.5,2.0,2.4,16.0,0.5,1.0,0.5,7.36,7.41,7.46,7.41,2.0,0.09,16.0,0.5,1.0,0.5,19.2,26.6,34.0,26.6,2.0,15.4,16.0,0.5,1.0,0.5,-49.2,-43.6,18.8,-15.9,3.0,55.3,16.0,0.3,0.8,0.6,-109.2,-61.7,-44.6,-76.5,3.0,49.1,16.0,0.3,0.8,0.6,-31.4,-28.3,12.0,-10.2,3.0,35.5,16.0,0.3,0.8,0.6,-70.1,-39.2,-28.7,-49.1,3.0,31.5,16.0,0.3,0.8,0.6,-8.1,0.4,8.9,0.4,2.0,17.6,16.0,0.5,1.0,0.5,-31.2,-22.6,-14.1,-22.6,2.0,17.7,16.0,0.5,1.0,0.5,16.0,30.0,100.0,57.0,3.0,66.0,16.0,0.3,0.8,0.6,15.0,30.0,100.0,55.0,3.0,65.0,16.0,0.3,0.8,0.6
1974,2,179.0,-8.0,28.12,28.15,28.18,28.15,2.0,0.07,16.0,1.0,1.0,0.5,27.05,27.15,27.25,27.15,2.0,0.21,16.0,1.0,1.0,0.5,16.75,17.1,17.45,17.1,2.0,0.72,16.0,1.0,1.0,0.5,73.8,75.8,77.8,75.8,2.0,4.2,16.0,1.0,0.5,6.2,6.2,6.2,6.2,1.0,0.0,10.0,1.0,1.0,0.5,-4.75,-4.75,-4.75,-4.75,1.0,0.0,10.0,1.0,1.0,0.5,-3.99,-3.99,-3.99,-3.99,1.0,0.0,10.0,1.0,1.0,0.5,1005.7,1006.35,1007.0,1006.35,2.0,1.34,16.0,1.0,1.0,0.5,3.5,4.5,5.5,4.5,2.0,2.1,16.0,1.0,1.0,0.5,-29.4,-29.4,-29.4,-29.4,1.0,0.0,10.0,1.0,1.0,0.5,-24.7,-24.7,-24.7,-24.7,1.0,0.0,10.0,1.0,1.0,0.5,0.93,1.0,1.07,1.0,2.0,0.14,16.0,1.0,1.0,0.5,6.8,6.8,6.8,6.8,1.0,0.0,10.0,1.0,1.0,0.5,6.52,6.93,7.34,6.93,2.0,0.85,16.0,1.0,1.0,0.5,39.2,39.2,39.2,39.2,1.0,0.0,10.0,1.0,1.0,0.5,-128.2,-128.2,-128.2,-128.2,1.0,0.0,10.0,1.0,1.0,0.5,-107.6,-107.6,-107.6,-107.6,1.0,0.0,10.0,1.0,1.0,0.5,-83.6,-83.6,-83.6,-83.6,1.0,0.0,10.0,1.0,1.0,0.5,-70.2,-70.2,-70.2,-70.2,1.0,0.0,10.0,1.0,1.0,0.5,-30.1,-30.1,-30.1,-30.1,1.0,0.0,10.0,1.0,1.0,0.5,-25.2,-25.2,-25.2,-25.2,1.0,0.0,10.0,1.0,1.0,0.5,238.5,238.5,238.5,238.5,1.0,0.0,10.0,1.0,1.0,0.5,240.0,240.0,240.0,240.0,1.0,0.0,10.0,1.0,1.0,0.5
1974,2,179.0,-7.0,28.2,28.25,28.35,28.28,4.0,0.1,16.0,0.5,1.0,0.7,27.2,27.3,27.56,27.38,4.0,0.24,16.0,0.5,1.0,0.7,15.56,16.08,17.13,16.33,4.0,0.98,16.0,0.5,1.0,0.7,68.9,70.6,74.1,71.4,4.0,3.2,16.0,0.5,0.7,3.48,6.2,6.72,5.15,4.0,2.81,16.0,0.5,1.0,0.7,-4.29,-2.78,-1.17,-2.73,4.0,2.21,16.0,0.5,1.0,0.7,-6.1,-4.23,-2.0,-4.06,4.0,2.54,16.0,0.5,1.0,0.7,1005.96,1006.95,1007.58,1006.78,4.0,1.24,16.0,0.5,1.0,0.7,2.5,4.0,5.0,3.8,4.0,1.5,16.0,0.5,1.0,0.7,-26.6,-18.5,-8.4,-17.6,4.0,13.6,16.0,0.5,1.0,0.7,-41.4,-26.3,-9.7,-25.6,4.0,20.3,16.0,0.5,1.0,0.7,0.69,0.95,1.1,0.9,4.0,0.29,16.0,0.5,1.0,0.7,3.2,6.3,7.0,5.2,4.0,3.1,16.0,0.5,1.0,0.7,7.05,8.1,8.66,7.87,4.0,1.04,16.0,0.5,1.0,0.7,28.5,53.7,55.0,42.3,4.0,23.9,16.0,0.5,1.0,0.7,-116.7,-75.9,-32.1,-74.5,4.0,60.0,16.0,0.5,1.0,0.7,-166.7,-115.2,-54.7,-110.9,4.0,69.3,16.0,0.5,1.0,0.7,-66.8,-44.5,-19.5,-43.2,4.0,34.3,16.0,0.5,1.0,0.7,-98.6,-65.9,-32.2,-65.4,4.0,41.2,16.0,0.5,1.0,0.7,-37.3,-22.6,-9.0,-23.1,4.0,19.5,16.0,0.5,1.0,0.7,-49.0,-36.5,-16.4,-32.9,4.0,20.5,16.0,0.5,1.0,0.7,114.0,238.5,309.0,212.5,4.0,155.0,16.0,0.5,1.0,0.7,115.0,240.0,310.0,215.0,4.0,155.0,16.0,0.5,1.0,0.7
1974,2,179.0,-6.0,27.6,27.6,27.6,27.6,1.0,0.0,22.0,0.0,1.0,1.0,27.0,27.0,27.0,27.0,1.0,0.0,22.0,0.0,1.0,1.0,16.55,16.55,16.55,16.55,1.0,0.0,22.0,0.0,1.0,1.0,74.1,74.1,74.1,74.1,1.0,0.0,22.0,0.0,1.0,4.08,6.2,6.88,5.5,3.0,2.14,14.0,0.7,1.0,0.5,-4.02,-2.46,-2.4,-3.2,3.0,1.35,14.0,0.7,1.0,0.5,-5.88,-3.99,-2.63,-4.25,3.0,2.4,14.0,0.7,1.0,0.5,1005.4,1005.4,1007.04,1006.2,3.0,1.39,14.0,0.7,1.0,0.5,2.0,2.0,2.7,2.3,3.0,0.6,14.0,0.7,1.0,0.5,-25.7,-17.7,-10.7,-18.2,3.0,11.0,14.0,0.7,1.0,0.5,-41.1,-24.7,-12.1,-26.5,3.0,21.3,14.0,0.7,1.0,0.5,0.6,0.6,0.6,0.6,1.0,0.0,22.0,0.0,1.0,1.0,4.3,4.3,4.3,4.3,1.0,0.0,22.0,0.0,1.0,1.0,6.68,6.68,6.68,6.68,1.0,0.0,22.0,0.0,1.0,1.0,48.1,48.1,48.1,48.1,1.0,0.0,22.0,0.0,1.0,1.0,-66.5,-66.5,-66.5,-66.5,1.0,0.0,22.0,0.0,1.0,1.0,-182.7,-182.7,-182.7,-182.7,1.0,0.0,22.0,0.0,1.0,1.0,-40.8,-40.8,-40.8,-40.8,1.0,0.0,22.0,0.0,1.0,1.0,-112.0,-112.0,-112.0,-112.0,1.0,0.0,22.0,0.0,1.0,1.0,-16.4,-16.4,-16.4,-16.4,1.0,0.0,22.0,0.0,1.0,1.0,-45.2,-45.2,-45.2,-45.2,1.0,0.0,22.0,0.0,1.0,1.0,96.0,238.5,330.5,214.0,3.0,173.0,14.0,0.7,1.0,0.5,95.0,240.0,330.0,215.0,3.0,175.0,14.0,0.7,1.0,0.5
1974,2,179.0,-5.0,27.43,27.5,27.57,27.5,2.0,0.14,16.0,1.0,1.0,0.7,26.43,26.7,26.97,26.7,2.0,0.57,16.0,1.0,1.0,0.7,15.74,16.07,16.41,16.07,2.0,0.7,16.0,1.0,1.0,0.7,70.6,73.3,76.0,73.3,2.0,5.6,16.0,1.0,0.7,8.2,8.2,8.2,8.2,2.0,0.0,16.0,1.0,1.0,0.7,-6.81,-6.19,-5.56,-6.19,2.0,1.29,16.0,1.0,1.0,0.7,-5.94,-5.19,-4.45,-5.19,2.0,1.54,16.0,1.0,1.0,0.7,1006.62,1006.65,1006.68,1006.65,2.0,0.07,16.0,1.0,1.0,0.7,6.0,6.0,6.0,6.0,2.0,0.0,16.0,1.0,1.0,0.7,-55.8,-50.7,-45.6,-50.7,2.0,10.6,16.0,1.0,1.0,0.7,-48.7,-42.6,-36.5,-42.6,2.0,12.6,16.0,1.0,1.0,0.7,0.46,0.8,1.14,0.8,2.0,0.71,16.0,1.0,1.0,0.7,3.8,6.6,9.4,6.6,2.0,5.8,16.0,1.0,1.0,0.7,6.8,7.04,7.29,7.04,2.0,0.51,16.0,1.0,1.0,0.7,55.7,57.8,59.8,57.8,2.0,4.2,16.0,1.0,1.0,0.7,-183.9,-165.5,-147.2,-165.5,2.0,38.1,16.0,1.0,1.0,0.7,-156.6,-138.2,-119.7,-138.2,2.0,38.3,16.0,1.0,1.0,0.7,-106.9,-99.0,-91.0,-99.0,2.0,16.5,16.0,1.0,1.0,0.7,-97.7,-84.0,-70.3,-84.0,2.0,28.4,16.0,1.0,1.0,0.7,-49.8,-43.9,-38.0,-43.9,2.0,12.3,16.0,1.0,1.0,0.7,-40.1,-36.2,-32.2,-36.2,2.0,8.2,16.0,1.0,1.0,0.7,551.5,551.5,551.5,551.5,2.0,0.0,16.0,1.0,1.0,0.7,550.0,550.0,550.0,550.0,2.0,0.0,16.0,1.0,1.0,0.7
1974,2,179.0,-4.0,27.63,27.7,27.77,27.7,2.0,0.14,16.0,0.5,1.0,0.3,26.13,26.4,26.67,26.4,2.0,0.57,16.0,0.5,1.0,0.3,15.75,16.08,16.41,16.08,2.0,0.69,16.0,0.5,1.0,0.3,74.1,74.5,74.8,74.5,2.0,0.7,16.0,0.5,0.3,8.45,9.0,9.55,9.0,2.0,1.13,16.0,0.5,1.0,0.3,-8.19,-6.01,-3.82,-6.01,2.0,4.53,16.0,0.5,1.0,0.3,-7.01,-5.53,-4.04,-5.53,2.0,3.08,16.0,0.5,1.0,0.3,1005.74,1006.25,1006.76,1006.25,2.0,1.06,16.0,0.5,1.0,0.3,2.6,4.0,5.4,4.0,2.0,2.8,16.0,0.5,1.0,0.3,-79.6,-56.6,-33.7,-56.6,2.0,47.6,16.0,0.5,1.0,0.3,-58.4,-48.0,-37.7,-48.0,2.0,21.5,16.0,0.5,1.0,0.3,0.96,1.3,1.64,1.3,2.0,0.71,16.0,0.5,1.0,0.3,8.3,12.1,15.9,12.1,2.0,7.8,16.0,0.5,1.0,0.3,6.89,7.32,7.76,7.32,2.0,0.91,16.0,0.5,1.0,0.3,58.5,66.4,74.4,66.4,2.0,16.5,16.0,0.5,1.0,0.3,-213.4,-157.3,-101.2,-157.3,2.0,116.2,16.0,0.5,1.0,0.3,-187.6,-146.8,-106.1,-146.8,2.0,84.4,16.0,0.5,1.0,0.3,-128.2,-95.0,-61.9,-95.0,2.0,68.7,16.0,0.5,1.0,0.3,-115.7,-90.0,-64.2,-90.0,2.0,53.3,16.0,0.5,1.0,0.3,-64.7,-46.1,-27.4,-46.1,2.0,38.6,16.0,0.5,1.0,0.3,-47.6,-39.1,-30.6,-39.1,2.0,17.5,16.0,0.5,1.0,0.3,613.0,746.5,879.5,746.5,2.0,275.5,16.0,0.5,1.0,0.3,615.0,745.0,880.0,745.0,2.0,275.0,16.0,0.5,1.0,0.3
1974,2,179.0,-3.0,27.4,27.4,27.4,27.4,1.0,0.0,10.0,0.0,1.0,0.4,26.3,26.3,26.3,26.3,1.0,0.0,10.0,0.0,1.0,0.4,15.57,15.57,15.57,15.57,1.0,0.0,10.0,0.0,1.0,0.4,72.6,72.6,72.6,72.6,1.0,0.0,10.0,0.0,0.4,9.8,9.8,9.8,9.8,1.0,0.0,10.0,0.0,1.0,0.4,-8.49,-8.49,-8.49,-8.49,1.0,0.0,10.0,0.0,1.0,0.4,-4.9,-4.9,-4.9,-4.9,1.0,0.0,10.0,0.0,1.0,0.4,1007.1,1007.1,1007.1,1007.1,1.0,0.0,10.0,0.0,1.0,0.4,5.0,5.0,5.0,5.0,1.0,0.0,10.0,0.0,1.0,0.4,-83.2,-83.2,-83.2,-83.2,1.0,0.0,10.0,0.0,1.0,0.4,-48.0,-48.0,-48.0,-48.0,1.0,0.0,10.0,0.0,1.0,0.4,1.1,1.1,1.1,1.1,1.0,0.0,10.0,0.0,1.0,0.4,10.8,10.8,10.8,10.8,1.0,0.0,10.0,0.0,1.0,0.4,7.4,7.4,7.4,7.4,1.0,0.0,10.0,0.0,1.0,0.4,72.5,72.5,72.5,72.5,1.0,0.0,10.0,0.0,1.0,0.4,-223.2,-223.2,-223.2,-223.2,1.0,0.0,10.0,0.0,1.0,0.4,-128.9,-128.9,-128.9,-128.9,1.0,0.0,10.0,0.0,1.0,0.4,-132.1,-132.1,-132.1,-132.1,1.0,0.0,10.0,0.0,1.0,0.4,-76.3,-76.3,-76.3,-76.3,1.0,0.0,10.0,0.0,1.0,0.4,-62.8,-62.8,-62.8,-62.8,1.0,0.0,10.0,0.0,1.0,0.4,-36.3,-36.3,-36.3,-36.3,1.0,0.0,10.0,0.0,1.0,0.4,941.0,941.0,941.0,941.0,1.0,0.0,10.0,0.0,1.0,0.4,940.0,940.0,940.0,940.0,1.0,0.0,10.0,0.0,1.0,0.4
1974,2,179.0,-2.0,26.27,26.65,27.03,26.65,2.0,0.78,10.0,1.0,1.0,0.6,25.68,25.85,26.02,25.85,2.0,0.35,10.0,1.0,1.0,0.6,15.76,16.09,16.41,16.09,2.0,0.68,10.0,1.0,1.0,0.6,74.6,77.0,79.4,77.0,2.0,4.9,10.0,1.0,0.6,9.8,9.8,10.48,10.13,3.0,0.58,14.0,1.0,1.0,0.7,-9.99,-9.65,-9.65,-9.82,3.0,0.29,14.0,1.0,1.0,0.7,-3.06,-1.7,0.62,-1.23,3.0,2.73,14.0,1.0,1.0,0.7,1004.91,1005.8,1006.62,1005.77,3.0,1.25,14.0,1.0,1.0,0.7,3.0,5.0,5.7,4.3,3.0,2.1,14.0,1.0,1.0,0.7,-104.8,-94.6,-94.6,-99.6,3.0,8.7,14.0,1.0,1.0,0.7,-32.5,-16.7,6.1,-13.3,3.0,28.4,14.0,1.0,1.0,0.7,0.6,0.8,1.0,0.8,2.0,0.42,10.0,1.0,1.0,0.6,5.8,7.8,9.8,7.8,2.0,4.2,10.0,1.0,1.0,0.6,5.08,5.92,6.76,5.92,2.0,1.74,10.0,1.0,1.0,0.6,49.8,58.0,66.2,58.0,2.0,17.0,10.0,1.0,1.0,0.6,-251.1,-249.5,-247.8,-249.5,2.0,3.4,10.0,1.0,1.0,0.6,-30.5,-0.4,29.6,-0.4,2.0,62.2,10.0,1.0,1.0,0.6,-158.4,-155.3,-152.1,-155.3,2.0,6.5,10.0,1.0,1.0,0.6,-17.9,0.8,19.5,0.8,2.0,38.7,10.0,1.0,1.0,0.6,-65.2,-57.1,-49.0,-57.1,2.0,16.8,10.0,1.0,1.0,0.6,-9.0,-2.1,4.8,-2.1,2.0,14.2,10.0,1.0,1.0,0.6,941.0,941.0,1158.5,1047.5,3.0,184.0,14.0,1.0,1.0,0.7,940.0,940.0,1160.0,1045.0,3.0,185.0,14.0,1.0,1.0,0.7
1974,2,179.0,-1.0,,,,,,,,,,,,,,,,,,,,,,,,,,,,,,,,,,,,,,,,4.79,8.1,8.3,7.02,6.0,1.99,26.0,0.3,0.8,0.8,-8.02,-7.1,-4.5,-6.52,6.0,1.88,26.0,0.3,0.8,0.8,-4.1,-1.61,-1.38,-2.36,6.0,1.35,26.0,0.3,0.8,0.8,1005.23,1005.75,1006.13,1005.68,6.0,0.9,26.0,0.3,0.8,0.8,2.0,2.5,4.4,3.2,6.0,1.6,26.0,0.3,0.8,0.8,-65.4,-58.2,-21.7,-48.8,6.0,23.8,26.0,0.3,0.8,0.8,-33.6,-12.1,-7.9,-17.6,6.0,12.7,26.0,0.3,0.8,0.8,,,,,,,,,,,,,,,,,,,,,,,,,,,,,,,,,,,,,,,,,-208.1,-188.0,-177.5,-192.6,4.0,18.9,26.0,0.5,0.8,0.7,-102.5,-70.4,-36.5,-69.6,4.0,38.1,26.0,0.5,0.8,0.7,-132.8,-120.4,-117.9,-125.1,4.0,11.4,26.0,0.5,0.8,0.7,-68.1,-46.5,-23.3,-45.7,4.0,25.9,26.0,0.5,0.8,0.7,,,,,,,,,,,,,,,,,,,,,,,,,,,,,,,,,,,,,,,,
1974,2,179.0,0.0,,,,,,,,,,,,,,,,,,,,,,,,,,,,,,,,,,,,,,,,8.2,8.7,9.58,8.64,9.0,0.83,24.0,0.3,1.0,0.1,-9.39,-8.46,-7.84,-8.45,9.0,0.93,24.0,0.3,1.0,0.1,-2.71,0.0,0.0,-0.95,9.0,1.6,24.0,0.3,1.0,0.1,1005.19,1006.7,1007.88,1006.53,9.0,1.21,24.0,0.3,1.0,0.1,1.3,2.0,3.7,2.6,9.0,1.6,24.0,0.3,1.0,0.1,-89.6,-74.5,-64.3,-73.7,9.0,14.8,24.0,0.3,1.0,0.1,-21.6,0.0,0.0,-8.0,9.0,13.6,24.0,0.3,1.0,0.1,,,,,,,,,,,,,,,,,,,,,,,,,,,,,,,,,,,,,,,,,-236.3,-214.8,-198.0,-212.9,9.0,22.9,24.0,0.3,1.0,0.1,-68.8,0.0,0.0,-24.0,9.0,40.6,24.0,0.3,1.0,0.1,-150.3,-136.0,-129.0,-138.0,9.0,13.9,24.0,0.3,1.0,0.1,-45.0,0.0,0.0,-15.4,9.0,26.0,24.0,0.3,1.0,0.1,,,,,,,,,,,,,,,,,,,,,,,,,,,,,,,,,,,,,,,,
1974,2,179.0,1.0,27.3,27.3,27.3,27.3,1.0,0.0,24.0,0.0,1.0,0.6,25.36,25.7,26.18,25.77,3.0,0.6,18.0,0.3,1.0,0.6,15.59,15.6,16.25,15.92,3.0,0.55,18.0,0.3,1.0,0.6,75.8,76.8,77.3,76.5,3.0,1.2,18.0,0.3,0.6,8.44,8.7,9.8,9.1,4.0,1.16,18.0,0.5,0.9,0.6,-9.55,-7.85,-3.59,-6.63,4.0,4.64,18.0,0.5,0.9,0.6,-6.37,-3.66,-1.42,-3.88,4.0,3.4,18.0,0.5,0.9,0.6,1005.29,1005.7,1007.07,1006.17,3.0,1.36,18.0,0.3,1.0,0.6,4.5,5.5,7.0,5.8,4.0,1.7,18.0,0.5,0.9,0.6,-95.0,-68.3,-31.2,-63.3,4.0,48.0,18.0,0.5,0.9,0.6,-53.2,-31.9,-12.3,-32.7,4.0,27.9,18.0,0.5,0.9,0.6,0.9,0.9,0.9,0.9,1.0,0.0,24.0,0.0,1.0,0.6,7.8,7.8,7.8,7.8,1.0,0.0,24.0,0.0,1.0,0.6,6.27,6.27,6.27,6.27,1.0,0.0,24.0,0.0,1.0,0.6,54.5,54.5,54.5,54.5,1.0,0.0,24.0,0.0,1.0,0.6,-252.5,-210.1,-202.5,-227.1,3.0,39.5,18.0,0.3,1.0,0.6,-102.7,-76.5,-24.3,-63.8,3.0,58.5,18.0,0.3,1.0,0.6,-155.5,-127.5,-125.6,-140.2,3.0,24.5,18.0,0.3,1.0,0.6,-63.9,-46.4,-14.7,-39.5,3.0,36.5,18.0,0.3,1.0,0.6,-47.2,-47.2,-47.2,-47.2,1.0,0.0,24.0,0.0,1.0,0.6,-27.3,-27.3,-27.3,-27.3,1.0,0.0,24.0,0.0,1.0,0.6,602.5,658.5,973.5,782.0,4.0,322.5,18.0,0.5,0.9,0.6,600.0,660.0,975.0,780.0,4.0,320.0,18.0,0.5,0.9,0.6
1974,2,179.0,2.0,,,,,,,,,,,,,,,,,,,,,,,,,,,,,,,,,,,,,,,,6.2,6.2,6.2,6.2,1.0,0.0,10.0,1.0,1.0,0.7,-4.75,-4.75,-4.75,-4.75,1.0,0.0,10.0,1.0,1.0,0.7,-3.99,-3.99,-3.99,-3.99,1.0,0.0,10.0,1.0,1.0,0.7,1005.8,1006.65,1007.5,1006.65,2.0,1.77,10.0,1.0,1.0,0.5,2.5,3.5,4.5,3.5,2.0,2.1,10.0,1.0,1.0,0.5,-29.4,-29.4,-29.4,-29.4,1.0,0.0,10.0,1.0,1.0,0.7,-24.7,-24.7,-24.7,-24.7,1.0,0.0,10.0,1.0,1.0,0.7,,,,,,,,,,,,,,,,,,,,,,,,,,,,,,,,,,,,,,,,,-128.2,-128.2,-128.2,-128.2,1.0,0.0,10.0,1.0,1.0,0.7,-107.6,-107.6,-107.6,-107.6,1.0,0.0,10.0,1.0,1.0,0.7,-74.1,-74.1,-74.1,-74.1,1.0,0.0,10.0,1.0,1.0,0.7,-62.2,-62.2,-62.2,-62.2,1.0,0.0,10.0,1.0,1.0,0.7,,,,,,,,,,,,,,,,,,,,,,,,,,,,,,,,,,,,,,,,
1974,2,179.0,3.0,26.43,26.7,26.97,26.7,2.0,0.57,8.0,0.0,1.0,0.5,25.16,25.5,25.84,25.5,2.0,0.71,8.0,0.0,1.0,0.5,16.57,16.57,16.57,16.57,1.0,0.0,8.0,0.0,1.0,0.2,83.5,83.5,83.5,83.5,2.0,0.1,8.0,0.0,0.5,10.12,10.8,11.48,10.8,2.0,1.41,8.0,0.0,1.0,0.5,-10.68,-9.79,-8.9,-9.79,2.0,1.84,8.0,0.0,1.0,0.5,4.17,4.47,4.76,4.47,2.0,0.61,8.0,0.0,1.0,0.5,1006.5,1006.5,1006.5,1006.5,1.0,0.0,8.0,0.0,1.0,0.2,7.2,7.5,7.8,7.5,2.0,0.7,8.0,0.0,1.0,0.5,-123.3,-107.0,-90.7,-107.0,2.0,33.7,8.0,0.0,1.0,0.5,47.7,47.8,48.0,47.8,2.0,0.3,8.0,0.0,1.0,0.5,1.13,1.2,1.27,1.2,2.0,0.14,8.0,0.0,1.0,0.5,11.5,13.1,14.6,13.1,2.0,3.2,8.0,0.0,1.0,0.5,4.95,4.95,4.95,4.95,1.0,0.0,8.0,0.0,1.0,0.2,58.4,58.4,58.4,58.4,1.0,0.0,8.0,0.0,1.0,0.2,-268.2,-248.9,-229.6,-248.9,2.0,40.0,8.0,0.0,1.0,0.5,105.1,114.1,123.2,114.1,2.0,18.7,8.0,0.0,1.0,0.5,-183.8,-183.8,-183.8,-183.8,1.0,0.0,8.0,0.0,1.0,0.2,66.9,66.9,66.9,66.9,1.0,0.0,8.0,0.0,1.0,0.2,-54.9,-54.9,-54.9,-54.9,1.0,0.0,8.0,0.0,1.0,0.2,20.0,20.0,20.0,20.0,1.0,0.0,8.0,0.0,1.0,0.2,1052.5,1292.0,1531.5,1292.0,2.0,496.5,8.0,0.0,1.0,0.5,1055.0,1290.0,1530.0,1290.0,2.0,495.0,8.0,0.0,1.0,0.5
1974,2,179.0,4.0,27.7,27.7,27.77,27.73,3.0,0.06,8.0,0.0,0.9,0.3,25.86,26.0,26.14,26.0,2.0,0.28,8.0,0.0,1.0,0.4,16.89,17.64,18.38,17.64,2.0,1.54,8.0,0.0,1.0,0.4,79.6,83.8,87.9,83.8,2.0,8.6,8.0,0.0,0.4,11.25,11.8,11.94,11.6,3.0,0.53,8.0,0.0,0.9,0.3,-11.23,-10.39,-10.35,-10.78,3.0,0.73,8.0,0.0,0.9,0.3,-0.2,3.76,5.29,2.57,3.0,4.15,8.0,0.0,0.9,0.3,1007.18,1008.2,1008.27,1007.73,3.0,0.9,8.0,0.0,0.9,0.3,7.0,7.0,7.7,7.3,3.0,0.6,8.0,0.0,0.9,0.3,-133.2,-124.7,-117.2,-125.2,3.0,11.7,8.0,0.0,0.9,0.3,-3.4,41.4,62.3,29.7,3.0,49.1,8.0,0.0,0.9,0.3,1.58,1.75,1.92,1.75,2.0,0.35,8.0,0.0,1.0,0.4,17.6,20.1,22.5,20.1,2.0,5.0,8.0,0.0,1.0,0.4,5.12,5.81,6.49,5.81,2.0,1.42,8.0,0.0,1.0,0.4,59.6,65.8,72.0,65.8,2.0,12.9,8.0,0.0,1.0,0.4,-295.2,-285.3,-275.4,-285.3,2.0,20.5,8.0,0.0,1.0,0.4,-28.8,22.9,74.5,22.9,2.0,107.1,8.0,0.0,1.0,0.4,-210.3,-194.3,-178.4,-194.3,2.0,33.0,8.0,0.0,1.0,0.4,-22.4,11.9,46.3,11.9,2.0,71.2,8.0,0.0,1.0,0.4,-68.1,-63.1,-58.1,-63.1,2.0,10.3,8.0,0.0,1.0,0.4,-4.2,7.9,20.0,7.9,2.0,25.1,8.0,0.0,1.0,0.4,1430.0,1643.0,1701.0,1567.5,3.0,209.0,8.0,0.0,0.9,0.3,1430.0,1645.0,1700.0,1565.0,3.0,210.0,8.0,0.0,0.9,0.3
1974,2,179.0,5.0,27.02,27.05,27.08,27.05,2.0,0.07,8.0,1.0,1.0,0.6,27.46,27.8,28.14,27.8,2.0,0.71,8.0,1.0,1.0,0.6,17.6,17.61,17.61,17.61,2.0,0.01,8.0,1.0,1.0,0.6,73.7,75.2,76.7,75.2,2.0,3.1,8.0,1.0,0.6,7.09,9.0,10.91,9.0,2.0,3.96,8.0,1.0,1.0,0.6,-9.45,-7.79,-6.14,-7.79,2.0,3.43,8.0,1.0,1.0,0.6,-5.46,-4.5,-3.54,-4.5,2.0,1.98,8.0,1.0,1.0,0.6,1007.14,1007.45,1007.76,1007.45,2.0,0.64,8.0,1.0,1.0,0.6,7.0,7.0,7.0,7.0,2.0,0.0,8.0,1.0,1.0,0.6,-106.7,-76.9,-47.1,-76.9,2.0,61.7,8.0,1.0,1.0,0.6,-61.6,-44.4,-27.2,-44.4,2.0,35.6,8.0,1.0,1.0,0.6,-1.13,-0.75,-0.37,-0.75,2.0,0.78,8.0,1.0,1.0,0.6,-7.2,-5.2,-3.3,-5.2,2.0,4.0,8.0,1.0,1.0,0.6,4.84,4.88,4.93,4.88,2.0,0.09,8.0,1.0,1.0,0.6,34.4,44.1,53.8,44.1,2.0,20.2,8.0,1.0,1.0,0.6,-258.8,-215.5,-172.1,-215.5,2.0,89.8,8.0,1.0,1.0,0.6,-149.4,-124.4,-99.4,-124.4,2.0,51.9,8.0,1.0,1.0,0.6,-166.3,-137.2,-108.1,-137.2,2.0,60.3,8.0,1.0,1.0,0.6,-96.0,-79.2,-62.4,-79.2,2.0,34.8,8.0,1.0,1.0,0.6,-46.6,-38.2,-29.8,-38.2,2.0,17.5,8.0,1.0,1.0,0.6,-26.9,-22.1,-17.2,-22.1,2.0,10.1,8.0,1.0,1.0,0.6,461.5,940.5,1420.0,940.5,2.0,993.5,8.0,1.0,1.0,0.6,460.0,940.0,1420.0,940.0,2.0,995.0,8.0,1.0,1.0,0.6
1974,2,179.0,6.0,27.33,27.4,27.47,27.4,2.0,0.14,12.0,0.5,0.1,0.4,26.8,26.8,27.21,27.0,3.0,0.35,10.0,0.3,0.4,0.5,16.78,17.24,17.41,17.1,3.0,0.48,10.0,0.3,0.4,0.5,75.2,75.5,78.0,76.6,3.0,2.3,10.0,0.3,0.5,7.53,9.3,11.01,9.27,3.0,2.55,10.0,0.3,0.4,0.5,-10.34,-8.74,-7.07,-8.71,3.0,2.4,10.0,0.3,0.4,0.5,-3.76,-3.18,-2.57,-3.17,3.0,0.87,10.0,0.3,0.4,0.5,1007.31,1008.2,1009.43,1008.37,3.0,1.56,10.0,0.3,0.4,0.5,2.3,3.0,3.0,2.7,3.0,0.6,10.0,0.3,0.4,0.5,-115.1,-81.3,-54.6,-84.8,3.0,44.4,10.0,0.3,0.4,0.5,-41.9,-29.6,-19.9,-30.9,3.0,16.2,10.0,0.3,0.4,0.5,0.03,0.3,0.57,0.3,2.0,0.57,12.0,0.5,0.1,0.4,0.0,1.9,3.8,1.9,2.0,4.0,12.0,0.5,0.1,0.4,5.54,5.56,5.58,5.56,2.0,0.05,12.0,0.5,0.1,0.4,39.7,44.4,49.2,44.4,2.0,9.8,12.0,0.5,0.1,0.4,-278.8,-239.5,-191.2,-235.1,3.0,64.3,10.0,0.3,0.4,0.5,-101.5,-87.2,-69.6,-85.6,3.0,23.4,10.0,0.3,0.4,0.5,-173.2,-150.7,-123.0,-148.2,3.0,36.9,10.0,0.3,0.4,0.5,-63.0,-54.8,-44.8,-53.9,3.0,13.4,10.0,0.3,0.4,0.5,-46.2,-41.8,-37.3,-41.8,2.0,9.2,12.0,0.5,0.1,0.4,-16.8,-15.2,-13.6,-15.2,2.0,3.4,12.0,0.5,0.1,0.4,460.5,804.5,1377.0,916.0,3.0,678.0,10.0,0.3,0.4,0.5,460.0,805.0,1375.0,915.0,3.0,680.0,10.0,0.3,0.4,0.5
1974,2,179.0,7.0,26.69,27.1,27.51,27.1,2.0,0.85,10.0,0.5,0.9,0.2,27.22,27.7,27.9,27.57,3.0,0.51,10.0,0.7,0.9,0.2,16.7,17.05,17.4,17.05,2.0,0.73,10.0,0.5,0.9,0.2,74.3,74.9,75.4,74.9,2.0,1.0,10.0,0.5,0.2,8.68,10.8,12.23,10.47,3.0,2.62,10.0,0.7,0.9,0.2,-10.07,-7.7,-4.97,-7.52,3.0,3.74,10.0,0.7,0.9,0.2,-8.97,-6.45,-2.05,-5.53,3.0,5.14,10.0,0.7,0.9,0.2,1007.67,1009.1,1009.58,1008.63,3.0,1.46,10.0,0.7,0.9,0.2,4.0,4.0,5.0,4.5,4.0,1.0,12.0,0.8,0.9,0.2,-117.2,-59.3,-46.0,-81.1,3.0,55.4,10.0,0.7,0.9,0.2,-101.2,-83.2,-26.4,-64.3,3.0,57.2,10.0,0.7,0.9,0.2,-0.42,-0.25,-0.08,-0.25,2.0,0.35,10.0,0.5,0.9,0.2,-5.4,-3.2,-1.0,-3.2,2.0,4.6,10.0,0.5,0.9,0.2,5.28,5.48,5.67,5.48,2.0,0.39,10.0,0.5,0.9,0.2,62.9,64.6,66.3,64.6,2.0,3.4,10.0,0.5,0.9,0.2,-274.3,-215.6,-138.3,-206.5,3.0,100.0,10.0,0.7,0.9,0.2,-247.2,-174.1,-55.3,-151.8,3.0,141.9,10.0,0.7,0.9,0.2,-165.7,-124.8,-83.9,-124.8,2.0,84.7,10.0,0.5,0.9,0.2,-166.9,-142.4,-118.0,-142.4,2.0,50.7,10.0,0.5,0.9,0.2,-52.2,-39.7,-27.1,-39.7,2.0,26.0,10.0,0.5,0.9,0.2,-54.5,-46.0,-37.5,-46.0,2.0,17.6,10.0,0.5,0.9,0.2,711.5,1259.5,1865.0,1287.5,3.0,845.5,10.0,0.7,0.9,0.2,710.0,1260.0,1865.0,1290.0,3.0,845.0,10.0,0.7,0.9,0.2
1974,2,179.0,8.0,27.88,28.9,28.97,28.43,3.0,0.9,18.0,0.7,0.6,0.4,26.41,27.3,28.73,27.57,3.0,1.72,18.0,0.7,0.6,0.4,18.32,19.85,21.57,19.94,3.0,2.39,18.0,0.7,0.6,0.4,80.4,86.9,91.9,86.2,3.0,8.4,18.0,0.7,0.4,7.02,7.7,11.25,9.1,3.0,3.33,18.0,0.7,0.6,0.4,-9.92,-7.24,-6.59,-8.23,3.0,2.59,18.0,0.7,0.6,0.4,-5.24,-2.63,-2.4,-3.79,3.0,2.31,18.0,0.7,0.6,0.4,1008.25,1009.0,1009.55,1008.9,3.0,0.95,18.0,0.7,0.6,0.4,3.3,6.0,6.7,5.0,3.0,2.6,18.0,0.7,0.6,0.4,-116.1,-55.7,-46.5,-80.7,3.0,55.4,18.0,0.7,0.6,0.4,-63.2,-20.3,-16.9,-39.6,3.0,37.8,18.0,0.7,0.6,0.4,-0.31,0.1,2.08,0.87,3.0,1.87,18.0,0.7,0.6,0.4,-2.2,1.3,14.1,5.8,3.0,12.6,18.0,0.7,0.6,0.4,3.52,5.35,5.35,4.46,3.0,1.55,18.0,0.7,0.6,0.4,25.4,35.8,58.5,41.8,3.0,24.8,18.0,0.7,0.6,0.4,-275.7,-212.7,-179.3,-227.1,3.0,71.7,18.0,0.7,0.6,0.4,-144.8,-77.4,-65.2,-104.4,3.0,62.8,18.0,0.7,0.6,0.4,-185.6,-161.9,-136.7,-161.2,3.0,35.8,18.0,0.7,0.6,0.4,-96.2,-58.9,-49.8,-72.6,3.0,36.0,18.0,0.7,0.6,0.4,-51.5,-33.7,-23.9,-37.6,3.0,20.5,18.0,0.7,0.6,0.4,-27.5,-12.3,-8.7,-17.9,3.0,14.6,18.0,0.7,0.6,0.4,350.0,456.5,1610.0,968.0,3.0,1023.5,18.0,0.7,0.6,0.4,350.0,455.0,1610.0,970.0,3.0,1025.0,18.0,0.7,0.6,0.4
1974,2,179.0,9.0,,,,,,,,,,,,,,,,,,,,,,,,,,,,,,,,,,,,,,,,12.9,12.9,12.9,12.9,1.0,0.0,6.0,1.0,1.0,0.2,-11.17,-11.17,-11.17,-11.17,1.0,0.0,6.0,1.0,1.0,0.2,-6.45,-6.45,-6.45,-6.45,1.0,0.0,6.0,1.0,1.0,0.2,1010.5,1010.5,1010.5,1010.5,1.0,0.0,6.0,1.0,1.0,0.2,,,,,,,,,,,,,,,,,,,,,,,,,,,,,,,,,,,,,,,,,,,,,,,,,,,,,,,,,,,,,,,,,,,,,,,,,,,,,,,,,,,,,,,,,,,,,,,,,,,,,,,,,,,,,,,,,,,,,,,,,,,,,,,,,,,,,,,,,,,,,,,,,,,,,,
1974,2,179.0,10.0,26.0,26.0,26.0,26.0,1.0,0.0,6.0,0.0,1.0,0.2,26.5,26.5,26.5,26.5,1.0,0.0,6.0,0.0,1.0,0.2,17.57,17.57,17.57,17.57,1.0,0.0,6.0,0.0,1.0,0.2,81.1,81.1,81.1,81.1,1.0,0.0,6.0,0.0,0.2,9.8,9.8,9.8,9.8,2.0,0.0,16.0,0.5,0.8,0.3,-9.44,-8.65,-7.87,-8.65,2.0,1.62,16.0,0.5,0.8,0.3,-5.3,-3.15,-1.0,-3.15,2.0,4.45,16.0,0.5,0.8,0.3,1009.11,1009.35,1009.59,1009.35,2.0,0.49,16.0,0.5,0.8,0.3,3.3,4.0,4.7,4.0,2.0,1.4,16.0,0.5,0.8,0.3,-92.5,-84.8,-77.1,-84.8,2.0,15.9,16.0,0.5,0.8,0.3,-51.9,-30.9,-9.8,-30.9,2.0,43.7,16.0,0.5,0.8,0.3,-0.5,-0.5,-0.5,-0.5,1.0,0.0,6.0,0.0,1.0,0.2,-4.9,-4.9,-4.9,-4.9,1.0,0.0,6.0,0.0,1.0,0.2,3.5,3.5,3.5,3.5,1.0,0.0,6.0,0.0,1.0,0.2,34.3,34.3,34.3,34.3,1.0,0.0,6.0,0.0,1.0,0.2,-198.9,-198.9,-198.9,-198.9,1.0,0.0,6.0,0.0,1.0,0.2,-166.9,-166.9,-166.9,-166.9,1.0,0.0,6.0,0.0,1.0,0.2,-131.9,-131.9,-131.9,-131.9,1.0,0.0,6.0,0.0,1.0,0.2,-110.7,-110.7,-110.7,-110.7,1.0,0.0,6.0,0.0,1.0,0.2,-26.3,-26.3,-26.3,-26.3,1.0,0.0,6.0,0.0,1.0,0.2,-22.1,-22.1,-22.1,-22.1,1.0,0.0,6.0,0.0,1.0,0.2,941.0,941.0,941.0,941.0,2.0,0.0,16.0,0.5,0.8,0.3,940.0,940.0,940.0,940.0,2.0,0.0,16.0,0.5,0.8,0.3
1974,2,179.0,11.0,27.15,27.9,28.65,27.9,2.0,1.56,14.0,0.0,0.9,0.1,26.42,26.45,26.48,26.45,2.0,0.07,14.0,0.0,0.9,0.1,17.55,17.55,17.55,17.55,1.0,0.0,6.0,0.0,1.0,0.0,81.6,81.6,81.6,81.6,1.0,0.0,6.0,0.0,0.0,4.75,6.15,7.55,6.15,2.0,2.9,14.0,0.0,0.9,0.1,-5.9,-5.07,-4.24,-5.07,2.0,1.72,14.0,0.0,0.9,0.1,-4.66,-3.34,-2.02,-3.34,2.0,2.74,14.0,0.0,0.9,0.1,1008.24,1009.2,1010.16,1009.2,2.0,1.98,14.0,0.0,0.9,0.1,2.6,4.0,5.4,4.0,2.0,2.8,14.0,0.0,0.9,0.1,-45.8,-33.7,-21.5,-33.7,2.0,25.3,14.0,0.0,0.9,0.1,-37.3,-24.5,-11.7,-24.5,2.0,26.5,14.0,0.0,0.9,0.1,0.73,1.45,2.17,1.45,2.0,1.48,14.0,0.0,0.9,0.1,4.4,6.8,9.1,6.8,2.0,4.9,14.0,0.0,0.9,0.1,4.53,4.53,4.53,4.53,1.0,0.0,6.0,0.0,1.0,0.0,37.2,37.2,37.2,37.2,1.0,0.0,6.0,0.0,1.0,0.0,-155.7,-134.0,-112.2,-134.0,2.0,45.1,14.0,0.0,0.9,0.1,-123.0,-88.2,-53.3,-88.2,2.0,72.1,14.0,0.0,0.9,0.1,-110.3,-110.3,-110.3,-110.3,1.0,0.0,6.0,0.0,1.0,0.0,-92.5,-92.5,-92.5,-92.5,1.0,0.0,6.0,0.0,1.0,0.0,-28.5,-28.5,-28.5,-28.5,1.0,0.0,6.0,0.0,1.0,0.0,-23.9,-23.9,-23.9,-23.9,1.0,0.0,6.0,0.0,1.0,0.0,145.5,310.0,475.0,310.0,2.0,341.0,14.0,0.0,0.9,0.1,145.0,310.0,475.0,310.0,2.0,340.0,14.0,0.0,0.9,0.1
1974,2,179.0,12.0,25.31,25.75,26.19,25.75,2.0,0.92,6.0,0.5,1.0,0.4,26.12,26.15,26.18,26.15,2.0,0.07,6.0,0.5,1.0,0.4,15.5,15.52,15.54,15.52,2.0,0.04,6.0,0.5,1.0,0.4,73.1,73.3,73.4,73.3,2.0,0.3,6.0,0.5,0.4,8.7,8.7,8.7,8.7,2.0,0.0,6.0,0.5,1.0,0.4,-8.18,-8.18,-8.18,-8.18,2.0,0.0,6.0,0.5,1.0,0.4,-2.98,-2.98,-2.98,-2.98,2.0,0.0,6.0,0.5,1.0,0.4,1009.04,1010.2,1011.36,1010.2,2.0,2.4,6.0,0.5,1.0,0.4,5.0,5.0,5.0,5.0,2.0,0.0,6.0,0.5,1.0,0.4,-71.1,-71.1,-71.1,-71.1,2.0,0.0,6.0,0.5,1.0,0.4,-25.9,-25.9,-25.9,-25.9,2.0,0.0,6.0,0.5,1.0,0.4,-0.81,-0.4,0.01,-0.4,2.0,0.85,6.0,0.5,1.0,0.4,-7.0,-3.5,0.1,-3.5,2.0,7.4,6.0,0.5,1.0,0.4,4.68,5.24,5.8,5.24,2.0,1.16,6.0,0.5,1.0,0.4,40.7,45.6,50.5,45.6,2.0,10.1,6.0,0.5,1.0,0.4,-214.1,-213.8,-213.5,-213.8,2.0,0.6,6.0,0.5,1.0,0.4,-77.9,-77.8,-77.7,-77.8,2.0,0.2,6.0,0.5,1.0,0.4,-127.0,-126.9,-126.7,-126.9,2.0,0.3,6.0,0.5,1.0,0.4,-46.2,-46.2,-46.1,-46.2,2.0,0.1,6.0,0.5,1.0,0.4,-47.4,-42.9,-38.3,-42.9,2.0,9.5,6.0,0.5,1.0,0.4,-17.3,-15.6,-13.9,-15.6,2.0,3.5,6.0,0.5,1.0,0.4,658.5,658.5,658.5,658.5,2.0,0.0,6.0,0.5,1.0,0.4,660.0,660.0,660.0,660.0,2.0,0.0,6.0,0.5,1.0,0.4
1974,2,179.0,13.0,25.7,25.7,25.7,25.7,1.0,0.0,4.0,0.0,1.0,0.8,25.3,26.8,28.3,26.8,2.0,3.11,4.0,0.5,0.5,0.6,15.53,15.53,15.53,15.53,1.0,0.0,4.0,0.0,1.0,0.8,80.4,80.4,80.4,80.4,1.0,0.0,4.0,0.0,0.8,5.67,6.9,8.13,6.9,2.0,2.55,4.0,0.5,0.5,0.6,-8.02,-6.83,-5.65,-6.83,2.0,2.45,4.0,0.5,0.5,0.6,-1.27,-0.76,-0.24,-0.76,2.0,1.07,4.0,0.5,0.5,0.6,1009.7,1009.7,1009.7,1009.7,1.0,0.0,4.0,0.0,1.0,0.8,2.3,3.0,3.7,3.0,2.0,1.4,4.0,0.5,0.5,0.6,-66.8,-50.3,-33.7,-50.3,2.0,34.3,4.0,0.5,0.5,0.6,-11.1,-6.6,-2.1,-6.6,2.0,9.3,4.0,0.5,0.5,0.6,1.1,1.1,1.1,1.1,1.0,0.0,4.0,0.0,1.0,0.8,9.6,9.6,9.6,9.6,1.0,0.0,4.0,0.0,1.0,0.8,5.17,5.17,5.17,5.17,1.0,0.0,4.0,0.0,1.0,0.8,45.0,45.0,45.0,45.0,1.0,0.0,4.0,0.0,1.0,0.8,-200.8,-179.3,-157.9,-179.3,2.0,44.5,4.0,0.5,0.5,0.6,-31.3,-18.6,-5.9,-18.6,2.0,26.3,4.0,0.5,0.5,0.6,-133.1,-133.1,-133.1,-133.1,1.0,0.0,4.0,0.0,1.0,0.8,-23.5,-23.5,-23.5,-23.5,1.0,0.0,4.0,0.0,1.0,0.8,-44.3,-44.3,-44.3,-44.3,1.0,0.0,4.0,0.0,1.0,0.8,-7.8,-7.8,-7.8,-7.8,1.0,0.0,4.0,0.0,1.0,0.8,216.0,395.5,575.0,395.5,2.0,372.0,4.0,0.5,0.5,0.6,215.0,395.0,575.0,395.0,2.0,370.0,4.0,0.5,0.5,0.6
1974,2,179.0,14.0,26.03,26.1,26.1,26.07,3.0,0.06,12.0,0.3,0.8,0.4,25.55,25.8,26.1,25.83,4.0,0.33,12.0,0.5,0.8,0.3,16.29,17.97,18.79,17.55,3.0,1.87,12.0,0.3,0.8,0.4,79.7,88.2,89.7,84.8,3.0,7.9,12.0,0.3,0.4,4.6,4.85,6.72,5.62,4.0,1.73,12.0,0.5,0.8,0.3,-6.62,-4.27,-3.52,-5.04,4.0,2.15,12.0,0.5,0.8,0.3,-1.17,1.04,2.96,0.9,4.0,2.38,12.0,0.5,0.8,0.3,1011.2,1011.4,1012.97,1012.07,3.0,1.42,12.0,0.3,0.8,0.4,3.5,4.0,4.0,3.8,4.0,0.5,12.0,0.5,0.8,0.3,-46.9,-20.9,-16.2,-31.1,4.0,23.9,12.0,0.5,0.8,0.3,-8.3,4.5,13.6,2.8,4.0,12.9,12.0,0.5,0.8,0.3,0.02,0.5,0.57,0.3,3.0,0.44,12.0,0.3,0.8,0.4,0.2,2.8,3.7,2.0,3.0,2.6,12.0,0.3,0.8,0.4,2.25,3.19,4.88,3.56,3.0,1.95,12.0,0.3,0.8,0.4,10.4,14.7,36.4,23.2,3.0,20.4,12.0,0.3,0.8,0.4,-170.5,-111.5,-91.0,-129.9,4.0,54.5,12.0,0.5,0.8,0.3,-30.1,26.2,76.5,23.3,4.0,61.5,12.0,0.5,0.8,0.3,-106.9,-67.6,-64.7,-85.4,3.0,34.6,12.0,0.3,0.8,0.4,1.8,53.1,55.6,29.3,3.0,44.5,12.0,0.3,0.8,0.4,-34.8,-11.2,-7.9,-21.1,3.0,21.4,12.0,0.3,0.8,0.4,-3.8,5.4,8.1,2.2,3.0,9.2,12.0,0.3,0.8,0.4,97.5,115.0,352.0,219.5,4.0,222.0,12.0,0.5,0.8,0.3,95.0,115.0,350.0,220.0,4.0,220.0,12.0,0.5,0.8,0.3
1974,2,179.0,15.0,26.6,26.6,26.6,26.6,1.0,0.0,4.0,0.0,1.0,0.5,25.8,25.8,25.8,25.8,1.0,0.0,4.0,0.0,1.0,0.5,15.52,15.52,15.52,15.52,1.0,0.0,4.0,0.0,1.0,0.5,74.8,74.8,74.8,74.8,1.0,0.0,4.0,0.0,0.5,8.2,8.2,8.2,8.2,1.0,0.0,4.0,0.0,1.0,0.5,-8.08,-8.08,-8.08,-8.08,1.0,0.0,4.0,0.0,1.0,0.5,-1.42,-1.42,-1.42,-1.42,1.0,0.0,4.0,0.0,1.0,0.5,1010.1,1010.1,1010.1,1010.1,1.0,0.0,4.0,0.0,1.0,0.5,6.0,6.0,6.0,6.0,1.0,0.0,4.0,0.0,1.0,0.5,-66.2,-66.2,-66.2,-66.2,1.0,0.0,4.0,0.0,1.0,0.5,-11.7,-11.7,-11.7,-11.7,1.0,0.0,4.0,0.0,1.0,0.5,0.8,0.8,0.8,0.8,1.0,0.0,4.0,0.0,1.0,0.5,6.6,6.6,6.6,6.6,1.0,0.0,4.0,0.0,1.0,0.5,6.31,6.31,6.31,6.31,1.0,0.0,4.0,0.0,1.0,0.5,51.8,51.8,51.8,51.8,1.0,0.0,4.0,0.0,1.0,0.5,-208.3,-208.3,-208.3,-208.3,1.0,0.0,4.0,0.0,1.0,0.5,-36.7,-36.7,-36.7,-36.7,1.0,0.0,4.0,0.0,1.0,0.5,-125.4,-125.4,-125.4,-125.4,1.0,0.0,4.0,0.0,1.0,0.5,-22.1,-22.1,-22.1,-22.1,1.0,0.0,4.0,0.0,1.0,0.5,-51.0,-51.0,-51.0,-51.0,1.0,0.0,4.0,0.0,1.0,0.5,-9.0,-9.0,-9.0,-9.0,1.0,0.0,4.0,0.0,1.0,0.5,551.5,551.5,551.5,551.5,1.0,0.0,4.0,0.0,1.0,0.5,550.0,550.0,550.0,550.0,1.0,0.0,4.0,0.0,1.0,0.5
1974,2,179.0,16.0,25.54,25.85,26.16,25.85,2.0,0.64,2.0,0.5,0.8,0.3,25.86,26.0,26.14,26.0,2.0,0.28,2.0,0.5,0.8,0.3,15.63,15.98,16.33,15.98,2.0,0.73,2.0,0.5,0.8,0.3,75.3,76.3,77.2,76.3,2.0,2.0,2.0,0.5,0.3,3.67,5.1,6.53,5.1,2.0,2.97,2.0,0.5,0.8,0.3,-5.73,-2.8,0.14,-2.8,2.0,6.07,2.0,0.5,0.8,0.3,-2.38,-1.92,-1.46,-1.92,2.0,0.95,2.0,0.5,0.8,0.3,1011.61,1012.5,1013.39,1012.5,2.0,1.84,2.0,0.5,0.8,0.3,0.5,1.5,2.5,1.5,2.0,2.1,2.0,0.5,0.8,0.3,-42.2,-23.3,-4.3,-23.3,2.0,39.3,2.0,0.5,0.8,0.3,-8.8,-8.4,-8.0,-8.4,2.0,0.9,2.0,0.5,0.8,0.3,-0.32,-0.15,0.02,-0.15,2.0,0.35,2.0,0.5,0.8,0.3,-2.4,-1.3,-0.2,-1.3,2.0,2.2,2.0,0.5,0.8,0.3,4.8,4.85,4.9,4.85,2.0,0.11,2.0,0.5,0.8,0.3,17.9,24.6,31.3,24.6,2.0,13.9,2.0,0.5,0.8,0.3,-147.7,-71.8,4.0,-71.8,2.0,157.1,2.0,0.5,0.8,0.3,-62.4,-50.2,-37.9,-50.2,2.0,25.3,2.0,0.5,0.8,0.3,-88.3,-42.5,3.4,-42.5,2.0,95.0,2.0,0.5,0.8,0.3,-39.1,-31.1,-23.1,-31.1,2.0,16.6,2.0,0.5,0.8,0.3,-27.3,-13.2,0.8,-13.2,2.0,29.2,2.0,0.5,0.8,0.3,-11.7,-9.4,-7.1,-9.4,2.0,4.8,2.0,0.5,0.8,0.3,82.0,200.0,318.5,200.0,2.0,245.0,2.0,0.5,0.8,0.3,80.0,200.0,320.0,200.0,2.0,245.0,2.0,0.5,0.8,0.3
1974,2,179.0,17.0,25.76,26.1,26.1,25.93,3.0,0.29,10.0,0.0,0.6,0.3,25.06,25.2,25.81,25.43,3.0,0.59,10.0,0.0,0.6,0.3,14.79,15.5,15.76,15.28,3.0,0.74,10.0,0.0,0.6,0.3,74.0,75.3,76.8,75.4,3.0,2.1,10.0,0.0,0.3,7.86,8.2,11.41,9.6,3.0,2.87,10.0,0.0,0.6,0.3,-11.37,-8.08,-7.82,-9.56,3.0,2.9,10.0,0.0,0.6,0.3,-0.97,0.0,0.0,-0.47,3.0,0.82,10.0,0.0,0.6,0.3,1011.8,1012.0,1012.34,1012.07,3.0,0.4,10.0,0.0,0.6,0.3,0.6,2.0,2.0,1.3,3.0,1.2,10.0,0.0,0.6,0.3,-134.6,-66.2,-61.5,-97.3,3.0,59.9,10.0,0.0,0.6,0.3,-8.0,0.0,0.0,-3.9,3.0,6.7,10.0,0.0,0.6,0.3,0.13,0.4,0.88,0.5,3.0,0.56,10.0,0.0,0.6,0.3,1.0,3.3,10.7,5.8,3.0,7.4,10.0,0.0,0.6,0.3,5.11,5.27,6.23,5.66,3.0,0.89,10.0,0.0,0.6,0.3,40.8,41.3,71.9,56.0,3.0,26.1,10.0,0.0,0.6,0.3,-284.7,-203.5,-201.8,-242.3,3.0,69.4,10.0,0.0,0.6,0.3,-24.5,0.0,0.0,-12.0,3.0,20.7,10.0,0.0,0.6,0.3,-167.1,-125.2,-123.2,-144.7,3.0,36.3,10.0,0.0,0.6,0.3,-15.1,0.0,0.0,-7.4,3.0,12.7,10.0,0.0,0.6,0.3,-71.7,-40.6,-40.6,-55.8,3.0,26.3,10.0,0.0,0.6,0.3,-4.9,0.0,0.0,-2.4,3.0,4.1,10.0,0.0,0.6,0.3,486.5,551.5,1640.5,1051.5,3.0,949.5,10.0,0.0,0.6,0.3,485.0,550.0,1640.0,1050.0,3.0,950.0,10.0,0.0,0.6,0.3
1974,2,179.0,18.0,26.03,26.1,26.37,26.18,5.0,0.23,10.0,0.2,0.7,0.3,23.4,24.95,25.86,24.72,6.0,2.23,12.0,0.3,0.6,0.2,14.38,14.79,15.5,14.89,5.0,0.61,10.0,0.2,0.7,0.3,74.5,76.4,86.3,80.6,5.0,11.1,10.0,0.2,0.3,2.92,5.1,8.65,5.76,5.0,3.24,14.0,0.4,0.5,0.2,-4.71,-1.79,0.32,-2.31,5.0,3.32,14.0,0.4,0.5,0.2,-6.94,-1.34,1.23,-2.72,5.0,5.0,14.0,0.4,0.5,0.2,1013.9,1014.3,1015.73,1014.82,5.0,1.3,10.0,0.2,0.7,0.3,1.0,4.0,7.2,4.2,6.0,3.2,12.0,0.3,0.6,0.2,-33.0,-9.5,0.8,-16.8,5.0,24.7,14.0,0.4,0.5,0.2,-54.7,-10.3,3.4,-26.6,5.0,45.3,14.0,0.4,0.5,0.2,0.98,1.3,3.41,2.12,5.0,1.75,10.0,0.2,0.7,0.3,5.4,17.4,25.6,15.6,4.0,12.0,10.0,0.3,0.6,0.3,5.77,6.3,6.73,6.3,5.0,0.71,10.0,0.2,0.7,0.3,23.8,38.4,63.2,43.2,4.0,25.3,10.0,0.3,0.6,0.3,-118.0,-42.9,9.1,-56.8,5.0,83.6,14.0,0.4,0.5,0.2,-157.2,-33.3,33.6,-60.5,5.0,121.0,14.0,0.4,0.5,0.2,-79.9,-34.8,-12.0,-45.4,4.0,48.0,10.0,0.3,0.6,0.3,-112.9,-49.6,-5.3,-58.7,4.0,67.1,10.0,0.3,0.6,0.3,-34.2,-16.3,-6.3,-20.1,4.0,20.1,10.0,0.3,0.6,0.3,-53.0,-18.4,-2.2,-27.2,4.0,34.7,10.0,0.3,0.6,0.3,25.5,132.5,689.0,346.0,5.0,453.5,14.0,0.4,0.5,0.2,25.0,135.0,690.0,345.0,5.0,455.0,14.0,0.4,0.5,0.2
1974,2,179.0,19.0,25.9,25.9,25.9,25.9,1.0,0.0,4.0,0.0,1.0,0.3,25.57,26.15,26.73,26.15,2.0,1.2,14.0,0.0,1.0,0.6,14.53,14.53,14.53,14.53,1.0,0.0,4.0,0.0,1.0,0.3,72.5,72.5,72.5,72.5,1.0,0.0,4.0,0.0,0.3,3.1,3.1,3.1,3.1,2.0,0.0,14.0,0.0,1.0,0.6,-2.81,-2.3,-1.79,-2.3,2.0,1.06,14.0,0.0,1.0,0.6,0.88,1.61,2.34,1.61,2.0,1.52,14.0,0.0,1.0,0.6,1013.9,1013.9,1013.9,1013.9,1.0,0.0,4.0,0.0,1.0,0.3,2.1,4.5,6.9,4.5,2.0,4.9,14.0,0.0,1.0,0.6,-8.7,-7.1,-5.5,-7.1,2.0,3.3,14.0,0.0,1.0,0.6,2.7,5.0,7.3,5.0,2.0,4.7,14.0,0.0,1.0,0.6,0.6,0.6,0.6,0.6,1.0,0.0,4.0,0.0,1.0,0.3,1.9,1.9,1.9,1.9,1.0,0.0,4.0,0.0,1.0,0.3,6.33,6.33,6.33,6.33,1.0,0.0,4.0,0.0,1.0,0.3,19.6,19.6,19.6,19.6,1.0,0.0,4.0,0.0,1.0,0.3,-71.6,-59.5,-47.5,-59.5,2.0,25.0,14.0,0.0,1.0,0.6,23.0,43.1,63.1,43.1,2.0,41.6,14.0,0.0,1.0,0.6,-44.4,-44.4,-44.4,-44.4,1.0,0.0,4.0,0.0,1.0,0.3,7.8,7.8,7.8,7.8,1.0,0.0,4.0,0.0,1.0,0.3,-19.3,-19.3,-19.3,-19.3,1.0,0.0,4.0,0.0,1.0,0.3,3.4,3.4,3.4,3.4,1.0,0.0,4.0,0.0,1.0,0.3,30.0,30.0,30.0,30.0,2.0,0.0,14.0,0.0,1.0,0.6,30.0,30.0,30.0,30.0,2.0,0.0,14.0,0.0,1.0,0.6
1974,2,179.0,20.0,24.17,26.0,27.53,25.94,5.0,2.03,10.0,0.2,0.4,0.3,24.3,24.5,25.29,24.73,6.0,0.73,10.0,0.3,0.3,0.4,15.34,15.42,15.96,15.61,5.0,0.34,10.0,0.2,0.4,0.3,79.5,80.4,84.7,81.8,5.0,3.5,10.0,0.2,0.3,3.1,5.1,6.44,5.29,7.0,2.93,12.0,0.4,0.4,0.4,-5.31,-3.05,-2.9,-4.38,7.0,3.08,12.0,0.4,0.4,0.4,-1.1,0.54,4.46,1.07,7.0,2.81,12.0,0.4,0.4,0.4,1012.51,1015.0,1016.87,1014.62,5.0,2.57,10.0,0.2,0.4,0.3,2.0,2.5,5.7,3.1,8.0,1.9,10.0,0.5,0.5,0.4,-30.4,-13.0,-9.0,-30.2,7.0,42.6,12.0,0.4,0.4,0.4,-5.4,1.7,23.0,4.4,7.0,18.3,12.0,0.4,0.4,0.4,-0.17,1.5,3.07,1.46,5.0,2.17,10.0,0.2,0.4,0.3,-0.4,7.7,18.2,8.7,5.0,12.4,10.0,0.2,0.4,0.3,2.96,5.6,7.49,5.4,5.0,2.59,10.0,0.2,0.4,0.3,17.3,27.8,45.5,32.9,5.0,24.4,10.0,0.2,0.4,0.3,-153.9,-75.1,-72.0,-114.0,6.0,80.5,10.0,0.3,0.3,0.4,-27.1,20.4,114.5,35.0,6.0,70.9,10.0,0.3,0.3,0.4,-111.2,-49.8,-45.2,-77.1,5.0,54.3,10.0,0.2,0.4,0.3,-19.6,8.6,74.7,23.8,5.0,51.0,10.0,0.2,0.4,0.3,-44.8,-27.4,-8.6,-29.2,5.0,26.8,10.0,0.2,0.4,0.3,-7.9,4.8,13.6,3.1,5.0,12.1,10.0,0.2,0.4,0.3,30.0,132.5,296.0,291.0,7.0,514.0,12.0,0.4,0.4,0.4,30.0,135.0,295.0,290.0,7.0,515.0,12.0,0.4,0.4,0.4
1974,2,179.0,21.0,24.31,25.4,26.49,25.4,2.0,2.26,14.0,0.0,0.8,0.6,23.72,24.2,24.61,24.17,3.0,0.65,18.0,0.0,0.7,0.7,14.81,15.45,16.21,15.51,3.0,1.03,18.0,0.0,0.7,0.7,80.9,82.3,83.8,82.3,3.0,2.1,18.0,0.0,0.7,5.77,7.2,8.22,7.0,3.0,1.81,18.0,0.0,0.7,0.7,-1.68,0.0,2.03,0.17,3.0,2.72,18.0,0.0,0.7,0.7,5.63,6.77,7.73,6.68,3.0,1.54,18.0,0.0,0.7,0.7,1007.63,1009.0,1013.1,1010.33,3.0,4.16,18.0,0.0,0.7,0.7,2.6,4.0,4.7,3.7,3.0,1.5,18.0,0.0,0.7,0.7,-12.1,0.0,17.7,2.7,3.0,21.9,18.0,0.0,0.7,0.7,33.2,48.7,64.0,48.6,3.0,22.6,18.0,0.0,0.7,0.7,0.22,1.55,2.88,1.55,2.0,2.76,14.0,0.0,0.8,0.6,2.3,11.6,20.9,11.6,2.0,19.3,14.0,0.0,0.8,0.6,3.69,5.39,7.09,5.39,2.0,3.52,14.0,0.0,0.8,0.6,21.5,35.8,50.1,35.8,2.0,29.6,14.0,0.0,0.8,0.6,-39.5,0.0,50.4,5.3,3.0,66.0,18.0,0.0,0.7,0.7,134.7,159.0,188.9,161.7,3.0,39.7,18.0,0.0,0.7,0.7,-24.4,0.0,33.6,4.5,3.0,42.7,18.0,0.0,0.7,0.7,84.9,98.2,123.6,104.1,3.0,28.8,18.0,0.0,0.7,0.7,-16.3,-9.7,-3.1,-9.7,2.0,13.7,14.0,0.0,0.8,0.6,20.9,34.0,47.2,34.0,2.0,27.2,14.0,0.0,0.8,0.6,209.0,373.0,568.0,388.0,3.0,263.0,18.0,0.0,0.7,0.7,210.0,375.0,570.0,390.0,3.0,265.0,18.0,0.0,0.7,0.7
1974,2,179.0,22.0,23.91,24.5,25.94,24.74,8.0,1.2,18.0,0.3,0.5,0.5,21.79,23.65,24.36,23.33,8.0,1.52,18.0,0.3,0.5,0.5,13.89,14.93,15.55,14.75,8.0,0.89,18.0,0.3,0.5,0.5,77.2,83.6,91.2,83.3,8.0,9.2,18.0,0.3,0.5,5.17,6.45,9.62,7.08,8.0,2.54,18.0,0.3,0.5,0.5,-6.3,-3.1,0.0,-3.43,8.0,3.37,18.0,0.3,0.5,0.5,-4.14,5.37,7.15,3.12,8.0,5.27,18.0,0.3,0.5,0.5,1013.5,1015.05,1017.69,1015.11,8.0,2.15,18.0,0.3,0.5,0.5,3.0,4.5,6.8,4.6,8.0,2.1,18.0,0.3,0.5,0.5,-60.6,-19.3,0.0,-31.2,8.0,35.9,18.0,0.3,0.5,0.5,-21.7,33.3,69.7,25.6,8.0,43.7,18.0,0.3,0.5,0.5,0.03,1.1,3.0,1.41,8.0,1.53,18.0,0.3,0.5,0.5,0.3,7.4,23.7,10.8,8.0,11.8,18.0,0.3,0.5,0.5,2.69,4.82,6.49,4.71,8.0,2.08,18.0,0.3,0.5,0.5,12.0,33.5,52.2,35.9,8.0,24.9,18.0,0.3,0.5,0.5,-145.9,-71.9,0.0,-80.8,8.0,82.0,18.0,0.3,0.5,0.5,-88.7,124.6,156.7,74.4,8.0,122.0,18.0,0.3,0.5,0.5,-94.3,-45.6,0.0,-49.4,8.0,47.5,18.0,0.3,0.5,0.5,-56.6,79.0,97.3,46.2,8.0,76.5,18.0,0.3,0.5,0.5,-39.0,-13.4,0.0,-19.5,8.0,23.5,18.0,0.3,0.5,0.5,-25.4,14.5,36.0,11.8,8.0,30.8,18.0,0.3,0.5,0.5,138.5,269.5,898.0,480.0,8.0,482.5,18.0,0.3,0.5,0.5,140.0,270.0,900.0,480.0,8.0,485.0,18.0,0.3,0.5,0.5
1974,2,179.0,23.0,22.85,23.7,24.04,23.58,11.0,0.75,18.0,0.4,0.6,0.4,22.65,23.1,24.13,23.38,12.0,1.29,18.0,0.4,0.5,0.4,14.54,15.12,15.46,15.2,9.0,0.8,16.0,0.3,0.5,0.4,83.3,88.0,91.6,86.2,9.0,7.0,16.0,0.3,0.4,3.72,7.6,10.05,7.33,12.0,3.05,18.0,0.4,0.5,0.4,-9.43,-4.7,2.5,-3.68,12.0,6.04,18.0,0.4,0.5,0.4,-1.75,0.18,5.72,1.39,12.0,3.81,18.0,0.4,0.5,0.4,1012.08,1014.1,1015.97,1014.33,11.0,2.08,18.0,0.4,0.6,0.4,3.0,6.0,7.0,5.5,12.0,1.7,18.0,0.4,0.5,0.4,-96.2,-34.0,9.5,-34.0,12.0,58.1,18.0,0.4,0.5,0.4,-17.6,0.4,37.2,7.6,12.0,34.1,18.0,0.4,0.5,0.4,-0.62,0.0,1.0,0.26,11.0,1.19,18.0,0.4,0.6,0.4,-4.5,0.0,6.7,2.7,11.0,10.1,18.0,0.4,0.6,0.4,2.22,2.79,3.89,3.02,9.0,1.02,16.0,0.3,0.5,0.4,10.4,21.1,24.5,20.2,9.0,9.6,16.0,0.3,0.5,0.4,-223.8,-100.6,58.8,-85.7,12.0,139.9,18.0,0.4,0.5,0.4,-40.1,4.8,129.0,30.6,12.0,87.3,18.0,0.4,0.5,0.4,-139.2,-46.9,37.9,-42.9,9.0,98.9,16.0,0.3,0.5,0.4,-19.1,5.4,98.3,31.9,9.0,54.3,16.0,0.3,0.5,0.4,-24.1,-10.3,8.3,-7.3,9.0,16.8,16.0,0.3,0.5,0.4,-2.9,1.8,18.7,7.2,9.0,12.3,16.0,0.3,0.5,0.4,56.0,442.5,1022.0,566.5,12.0,461.5,18.0,0.4,0.5,0.4,55.0,445.0,1020.0,565.0,12.0,460.0,18.0,0.4,0.5,0.4
1974,2,179.0,24.0,22.95,23.5,25.23,23.76,17.0,1.12,14.0,0.4,0.4,0.4,21.0,23.2,25.0,23.15,19.0,1.77,14.0,0.4,0.4,0.4,13.44,14.51,15.57,14.46,19.0,2.05,14.0,0.4,0.4,0.4,73.4,81.2,91.3,82.0,19.0,9.6,14.0,0.4,0.4,3.81,5.7,8.79,6.41,19.0,3.49,14.0,0.4,0.4,0.4,-7.78,-2.05,0.22,-2.8,19.0,5.22,14.0,0.4,0.4,0.4,-5.33,-0.36,3.62,-0.87,19.0,4.38,14.0,0.4,0.4,0.4,1013.97,1016.3,1019.83,1016.54,19.0,3.43,14.0,0.4,0.4,0.4,2.0,4.0,7.0,4.4,19.0,2.2,14.0,0.4,0.4,0.4,-65.8,-11.1,1.9,-25.0,19.0,61.5,14.0,0.4,0.4,0.4,-43.1,-0.2,16.3,-12.4,19.0,35.7,14.0,0.4,0.4,0.4,-1.55,0.4,2.73,0.62,17.0,1.96,14.0,0.4,0.4,0.4,-7.1,3.8,21.8,4.9,17.0,13.8,14.0,0.4,0.4,0.4,1.45,3.51,6.11,3.79,17.0,2.51,14.0,0.4,0.4,0.4,5.8,16.6,53.4,27.6,17.0,24.5,14.0,0.4,0.4,0.4,-184.6,-50.7,4.5,-62.9,19.0,124.5,14.0,0.4,0.4,0.4,-127.2,-8.0,88.5,-16.8,19.0,100.3,14.0,0.4,0.4,0.4,-112.9,-30.9,2.4,-41.1,19.0,78.0,14.0,0.4,0.4,0.4,-75.6,-5.4,53.1,-6.8,19.0,59.5,14.0,0.4,0.4,0.4,-40.5,-8.3,6.2,-11.1,17.0,23.8,14.0,0.4,0.4,0.4,-19.1,-1.3,13.4,-7.9,17.0,25.6,14.0,0.4,0.4,0.4,60.5,185.0,679.5,507.5,19.0,821.0,14.0,0.4,0.4,0.4,60.0,185.0,680.0,505.0,19.0,820.0,14.0,0.4,0.4,0.4
1974,2,179.0,25.0,22.0,22.8,23.3,22.7,14.0,0.75,12.0,0.2,0.6,0.3,19.03,21.35,22.47,21.03,14.0,1.92,12.0,0.2,0.6,0.3,9.3,12.68,14.48,11.93,14.0,2.57,12.0,0.2,0.6,0.3,62.4,74.1,90.3,76.5,14.0,12.7,12.0,0.2,0.3,3.6,5.95,8.67,6.21,14.0,3.22,12.0,0.2,0.6,0.3,-6.13,-3.85,0.61,-2.49,14.0,3.71,12.0,0.2,0.6,0.3,-6.51,-1.82,2.03,-1.89,14.0,5.26,12.0,0.2,0.6,0.3,1013.84,1015.5,1020.67,1015.86,14.0,5.25,12.0,0.2,0.6,0.3,3.0,6.0,7.9,5.6,14.0,2.1,12.0,0.2,0.6,0.3,-50.7,-20.3,2.2,-18.2,14.0,31.5,12.0,0.2,0.6,0.3,-44.1,-7.2,5.7,-19.4,14.0,56.6,12.0,0.2,0.6,0.3,-0.47,1.25,3.78,1.67,14.0,1.9,12.0,0.2,0.6,0.3,-1.2,9.6,27.6,13.2,14.0,16.2,12.0,0.2,0.6,0.3,2.48,4.38,8.39,5.23,14.0,2.73,12.0,0.2,0.6,0.3,8.7,35.6,59.3,34.6,14.0,23.3,12.0,0.2,0.6,0.3,-128.6,-82.2,12.8,-52.4,14.0,77.5,12.0,0.2,0.6,0.3,-124.4,-39.0,44.8,-32.7,14.0,104.1,12.0,0.2,0.6,0.3,-60.9,-39.6,8.8,-28.8,14.0,43.6,12.0,0.2,0.6,0.3,-67.4,-17.9,29.4,-18.1,14.0,61.4,12.0,0.2,0.6,0.3,-41.6,-14.6,1.2,-14.4,14.0,24.4,12.0,0.2,0.6,0.3,-54.4,-6.7,5.0,-13.2,14.0,28.7,12.0,0.2,0.6,0.3,46.5,212.0,651.5,442.5,14.0,694.5,12.0,0.2,0.6,0.3,45.0,210.0,650.0,440.0,14.0,695.0,12.0,0.2,0.6,0.3
1974,2,179.0,26.0,21.5,22.8,23.3,22.42,11.0,1.17,14.0,0.2,0.4,0.6,20.12,21.05,22.35,21.17,12.0,1.87,12.0,0.3,0.4,0.6,11.17,13.37,14.56,12.93,12.0,2.2,12.0,0.3,0.4,0.6,71.7,84.3,91.1,82.5,12.0,10.2,12.0,0.3,0.6,3.35,7.2,9.93,7.21,12.0,4.48,12.0,0.3,0.4,0.6,-8.32,-0.44,2.93,-1.95,12.0,5.68,12.0,0.3,0.4,0.6,-4.71,2.04,5.75,0.65,12.0,6.31,12.0,0.3,0.4,0.6,1011.95,1015.9,1019.15,1015.34,12.0,3.38,12.0,0.3,0.4,0.6,1.0,6.0,7.3,4.8,12.0,2.8,12.0,0.3,0.4,0.6,-73.7,-2.3,11.1,-25.5,12.0,73.0,12.0,0.3,0.4,0.6,-43.7,11.1,42.7,-4.2,12.0,74.3,12.0,0.3,0.4,0.6,0.65,1.6,2.79,1.6,11.0,1.31,14.0,0.2,0.4,0.6,0.0,11.3,24.6,13.3,11.0,13.8,14.0,0.2,0.4,0.6,3.05,3.86,6.32,4.3,11.0,1.91,14.0,0.2,0.4,0.6,10.7,29.9,56.6,32.3,11.0,21.4,14.0,0.2,0.4,0.6,-174.9,-11.1,63.6,-40.5,12.0,119.9,12.0,0.3,0.4,0.6,-89.3,44.6,136.0,21.0,12.0,129.3,12.0,0.3,0.4,0.6,-91.7,-7.3,39.5,-22.2,12.0,73.3,12.0,0.3,0.4,0.6,-52.2,23.9,88.7,14.0,12.0,83.9,12.0,0.3,0.4,0.6,-50.8,0.0,9.8,-13.2,11.0,27.9,14.0,0.2,0.4,0.6,-27.5,1.5,23.0,-1.4,11.0,25.2,14.0,0.2,0.4,0.6,39.5,422.0,979.5,810.5,12.0,1353.0,12.0,0.3,0.4,0.6,40.0,420.0,980.0,810.0,12.0,1355.0,12.0,0.3,0.4,0.6
1974,2,179.0,27.0,18.76,20.4,21.15,20.38,9.0,1.78,14.0,0.6,0.5,0.4,19.0,20.35,21.51,20.28,12.0,1.63,14.0,0.5,0.5,0.5,9.26,10.8,13.48,11.2,10.0,2.06,12.0,0.6,0.5,0.4,64.2,76.1,82.5,74.7,10.0,9.6,12.0,0.6,0.4,2.6,6.45,9.55,6.45,12.0,3.52,14.0,0.5,0.5,0.5,-2.72,0.0,8.11,1.04,12.0,5.17,14.0,0.5,0.5,0.5,-4.92,-1.54,4.89,-0.72,12.0,5.42,14.0,0.5,0.5,0.5,1014.62,1019.15,1020.25,1018.24,12.0,2.92,14.0,0.5,0.5,0.5,1.0,2.0,7.4,3.8,11.0,2.9,14.0,0.5,0.5,0.5,-12.5,0.0,81.2,15.7,12.0,50.6,14.0,0.5,0.5,0.5,-38.1,-5.4,25.7,-9.8,12.0,51.7,14.0,0.5,0.5,0.5,-1.3,0.2,1.15,0.11,9.0,1.58,14.0,0.6,0.5,0.4,-4.0,1.9,8.1,-0.3,9.0,9.4,14.0,0.6,0.5,0.4,1.22,4.42,5.89,3.9,8.0,2.14,12.0,0.6,0.5,0.4,9.7,13.0,49.6,26.6,8.0,22.6,12.0,0.6,0.5,0.4,-53.4,0.0,159.7,21.7,12.0,103.6,14.0,0.5,0.5,0.5,-104.8,-30.7,101.1,-13.3,12.0,110.0,14.0,0.5,0.5,0.5,-17.4,0.0,84.6,19.7,10.0,53.4,12.0,0.6,0.5,0.4,-65.5,-27.3,68.3,-5.0,10.0,65.8,12.0,0.6,0.5,0.4,-15.0,0.0,8.3,1.3,8.0,29.1,12.0,0.6,0.5,0.4,-16.7,0.8,10.7,1.6,8.0,21.7,12.0,0.6,0.5,0.4,17.5,279.0,877.5,501.0,12.0,637.5,14.0,0.5,0.5,0.5,20.0,280.0,880.0,500.0,12.0,635.0,14.0,0.5,0.5,0.5
1974,2,179.0,28.0,18.34,21.1,23.37,20.86,5.0,2.8,20.0,0.0,0.4,0.3,16.29,16.9,18.42,17.34,5.0,1.37,20.0,0.0,0.4,0.3,9.32,9.42,12.16,10.71,3.0,2.36,18.0,0.0,0.2,0.4,76.7,83.5,91.4,84.0,3.0,10.8,18.0,0.0,0.4,6.15,8.2,14.0,9.56,5.0,5.09,20.0,0.0,0.4,0.3,-10.29,-8.08,1.32,-4.92,5.0,8.28,20.0,0.0,0.4,0.3,-8.66,-1.42,-1.07,-4.23,5.0,4.35,20.0,0.0,0.4,0.3,1012.47,1018.0,1019.22,1016.26,5.0,4.17,20.0,0.0,0.4,0.3,4.5,6.0,8.0,6.0,5.0,2.4,20.0,0.0,0.4,0.3,-147.9,-66.2,20.0,-66.5,5.0,107.3,20.0,0.0,0.4,0.3,-126.8,-11.7,-7.8,-55.7,5.0,65.2,20.0,0.0,0.4,0.3,0.52,3.3,6.65,3.52,5.0,3.37,20.0,0.0,0.4,0.3,7.5,19.8,52.6,30.8,5.0,38.8,20.0,0.0,0.4,0.3,1.03,2.7,5.15,3.08,3.0,3.03,18.0,0.0,0.2,0.4,12.5,34.9,46.3,29.5,3.0,25.2,18.0,0.0,0.2,0.4,-184.9,-133.5,25.8,-84.4,5.0,144.6,20.0,0.0,0.4,0.3,-143.4,-27.8,-18.8,-70.8,5.0,70.3,20.0,0.0,0.4,0.3,-98.9,-78.1,26.3,-37.2,3.0,98.3,18.0,0.0,0.2,0.4,-69.6,-19.1,-15.1,-41.8,3.0,44.5,18.0,0.0,0.2,0.4,-16.0,-2.1,34.0,8.8,3.0,37.8,18.0,0.0,0.2,0.4,-21.1,-9.0,-3.1,-12.0,3.0,13.4,18.0,0.0,0.2,0.4,356.5,551.5,2830.5,1457.5,5.0,1640.0,20.0,0.0,0.4,0.3,355.0,550.0,2830.0,1455.0,5.0,1640.0,20.0,0.0,0.4,0.3
1974,2,179.0,29.0,18.0,18.1,20.0,18.39,25.0,0.96,22.0,0.2,0.2,0.4,16.03,18.0,19.57,17.68,27.0,1.99,20.0,0.3,0.2,0.4,10.05,12.24,13.45,11.78,4.0,2.08,10.0,0.3,0.6,0.4,77.2,86.1,94.5,85.9,4.0,10.0,10.0,0.3,0.4,5.97,9.4,13.03,9.47,26.0,3.43,22.0,0.3,0.2,0.4,-10.65,-6.93,0.13,-5.62,26.0,6.13,22.0,0.3,0.2,0.4,-6.03,-3.6,4.42,-1.84,26.0,5.57,22.0,0.3,0.2,0.4,1010.91,1016.0,1018.16,1014.9,15.0,4.09,18.0,0.3,0.4,0.4,1.7,5.0,8.0,4.8,19.0,3.0,20.0,0.4,0.2,0.5,-130.8,-56.3,0.6,-68.2,26.0,74.1,22.0,0.3,0.2,0.4,-72.0,-32.2,24.5,-29.1,26.0,64.1,22.0,0.3,0.2,0.4,-1.24,0.5,3.0,0.78,25.0,1.94,22.0,0.2,0.2,0.4,-8.0,7.6,30.4,8.5,24.0,18.1,22.0,0.3,0.2,0.4,0.59,2.31,4.47,2.52,4.0,2.37,10.0,0.3,0.6,0.4,14.3,24.7,27.2,20.8,3.0,10.1,10.0,0.3,0.5,0.6,-189.7,-109.7,2.2,-95.6,26.0,106.6,22.0,0.3,0.2,0.4,-103.1,-58.6,72.0,-26.3,26.0,101.2,22.0,0.3,0.2,0.4,-0.5,39.6,43.4,21.9,3.0,35.7,10.0,0.3,0.5,0.6,-58.1,-14.4,69.7,5.3,3.0,95.1,10.0,0.3,0.5,0.6,3.4,14.2,20.4,11.9,3.0,12.6,10.0,0.3,0.5,0.6,-19.5,-8.5,3.6,-7.9,3.0,16.9,10.0,0.3,0.5,0.6,213.5,835.0,2213.0,1178.0,26.0,1151.0,22.0,0.3,0.2,0.4,215.0,835.0,2215.0,1180.0,26.0,1150.0,22.0,0.3,0.2,0.4
1974,2,179.0,30.0,16.0,17.9,19.5,17.81,20.0,1.74,12.0,0.2,0.5,0.3,15.65,16.0,18.41,16.9,21.0,1.61,12.0,0.2,0.5,0.3,7.7,10.23,11.54,9.73,18.0,1.92,10.0,0.2,0.5,0.3,65.7,86.1,95.1,82.1,18.0,14.6,10.0,0.2,0.3,3.27,7.2,12.4,8.09,21.0,5.17,12.0,0.2,0.5,0.3,-3.49,3.66,9.44,3.62,21.0,7.18,12.0,0.2,0.5,0.3,-3.08,0.0,4.37,0.51,21.0,5.46,12.0,0.2,0.5,0.3,1013.09,1016.0,1018.58,1015.98,21.0,4.39,12.0,0.2,0.5,0.3,3.0,7.0,8.0,5.6,21.0,2.5,12.0,0.2,0.5,0.3,-18.7,20.9,112.1,42.7,21.0,110.3,12.0,0.2,0.5,0.3,-30.4,0.0,37.1,-0.9,21.0,72.6,12.0,0.2,0.5,0.3,-0.99,0.75,3.39,0.97,20.0,2.07,12.0,0.2,0.5,0.3,-8.2,1.1,24.4,8.2,20.0,19.7,12.0,0.2,0.5,0.3,0.68,2.97,4.8,2.91,18.0,1.87,10.0,0.2,0.5,0.3,4.9,20.0,48.3,27.3,18.0,26.4,10.0,0.2,0.5,0.3,-58.6,58.6,172.6,60.9,21.0,117.1,12.0,0.2,0.5,0.3,-51.3,0.0,77.4,11.7,21.0,90.8,12.0,0.2,0.5,0.3,-36.4,41.5,111.8,35.8,18.0,66.6,10.0,0.2,0.5,0.3,-31.6,-4.7,60.1,8.7,18.0,58.8,10.0,0.2,0.5,0.3,-10.8,9.5,36.7,13.8,18.0,31.3,10.0,0.2,0.5,0.3,-15.8,-0.8,8.7,-4.1,18.0,17.0,10.0,0.2,0.5,0.3,36.5,373.0,1906.5,1224.5,21.0,1897.5,12.0,0.2,0.5,0.3,35.0,375.0,1905.0,1225.0,21.0,1895.0,12.0,0.2,0.5,0.3
1974,2,179.0,31.0,16.63,17.8,19.02,17.69,9.0,1.61,16.0,0.2,0.5,0.4,15.22,16.0,16.93,16.08,9.0,0.85,16.0,0.2,0.5,0.4,8.65,9.34,10.51,9.31,8.0,1.48,16.0,0.3,0.4,0.4,80.2,83.7,87.7,82.9,8.0,10.7,16.0,0.3,0.4,5.25,11.8,14.86,10.49,9.0,4.88,16.0,0.2,0.5,0.4,-12.56,4.1,9.96,-0.4,9.0,10.27,16.0,0.2,0.5,0.4,-8.1,-3.52,3.38,-2.82,9.0,5.75,16.0,0.2,0.5,0.4,1014.91,1017.75,1020.81,1016.84,8.0,6.0,16.0,0.3,0.4,0.4,4.1,7.0,7.9,6.0,8.0,2.1,18.0,0.3,0.4,0.4,-199.9,16.8,112.4,-25.1,9.0,143.4,16.0,0.2,0.5,0.4,-108.5,-16.2,24.3,-47.6,9.0,78.3,16.0,0.2,0.5,0.4,0.58,1.5,3.22,1.61,9.0,1.42,16.0,0.2,0.5,0.4,2.5,20.1,24.1,16.4,9.0,16.4,16.0,0.2,0.5,0.4,1.69,2.23,4.85,2.97,8.0,1.51,16.0,0.3,0.4,0.4,11.2,28.8,60.2,32.8,8.0,22.9,16.0,0.3,0.4,0.4,-200.4,71.8,150.9,-4.6,9.0,160.6,16.0,0.2,0.5,0.4,-126.5,-57.1,54.1,-42.9,9.0,92.1,16.0,0.2,0.5,0.4,-121.0,7.4,72.3,-9.3,8.0,99.7,16.0,0.3,0.4,0.4,-72.6,-38.7,0.0,-33.6,8.0,47.8,16.0,0.3,0.4,0.4,-27.1,1.0,26.1,0.1,8.0,36.4,16.0,0.3,0.4,0.4,-23.6,-11.1,0.0,-9.9,8.0,17.8,16.0,0.3,0.4,0.4,163.5,1643.0,3316.5,1816.5,9.0,1834.0,16.0,0.2,0.5,0.4,165.0,1645.0,3315.0,1815.0,9.0,1835.0,16.0,0.2,0.5,0.4
1974,2,179.0,32.0,15.0,16.05,16.63,16.12,12.0,1.05,18.0,0.3,0.5,0.5,14.81,16.0,18.0,15.88,13.0,1.91,18.0,0.2,0.4,0.5,7.19,8.36,11.05,8.95,13.0,1.83,18.0,0.2,0.4,0.5,63.6,80.1,92.4,79.7,13.0,11.4,18.0,0.2,0.5,4.5,10.3,13.14,9.84,13.0,4.82,18.0,0.2,0.4,0.5,-9.65,2.63,5.12,0.54,13.0,7.29,18.0,0.2,0.4,0.5,-8.1,-2.63,9.86,-0.42,13.0,8.63,18.0,0.2,0.4,0.5,1010.0,1016.9,1024.05,1016.33,13.0,6.86,18.0,0.2,0.4,0.5,2.7,5.5,8.0,5.2,12.0,2.4,20.0,0.3,0.4,0.5,-119.8,18.3,52.1,-0.6,13.0,101.8,18.0,0.2,0.4,0.5,-102.4,-11.2,103.8,1.4,13.0,115.9,18.0,0.2,0.4,0.5,-1.0,0.5,1.88,0.44,12.0,1.94,18.0,0.3,0.5,0.5,-12.4,3.0,15.5,6.2,12.0,21.0,18.0,0.3,0.5,0.5,1.36,2.51,4.28,2.66,12.0,1.48,18.0,0.3,0.5,0.5,6.4,21.0,36.5,24.1,12.0,19.6,18.0,0.3,0.5,0.5,-146.7,39.5,82.8,13.4,13.0,110.9,18.0,0.2,0.4,0.5,-123.1,-36.8,177.8,2.7,13.0,143.1,18.0,0.2,0.4,0.5,-86.2,17.5,52.7,7.3,13.0,65.1,18.0,0.2,0.4,0.5,-72.3,-19.0,109.6,6.2,13.0,85.4,18.0,0.2,0.4,0.5,-14.9,2.7,17.4,-0.8,12.0,23.1,18.0,0.3,0.5,0.5,-23.0,-7.9,7.6,-7.9,12.0,20.4,18.0,0.3,0.5,0.5,92.5,1092.5,2290.5,1562.0,13.0,1662.0,18.0,0.2,0.4,0.5,90.0,1095.0,2290.0,1560.0,13.0,1660.0,18.0,0.2,0.4,0.5
1974,2,179.0,33.0,15.0,16.0,17.75,16.31,16.0,1.28,14.0,0.4,0.5,0.4,13.0,15.55,17.12,15.37,18.0,1.74,16.0,0.4,0.5,0.4,7.1,9.19,10.05,8.72,14.0,1.47,16.0,0.4,0.6,0.4,69.2,78.1,89.5,79.4,14.0,9.0,16.0,0.4,0.4,4.87,8.2,11.77,8.65,17.0,3.78,14.0,0.5,0.6,0.4,-1.8,5.27,7.46,3.38,17.0,5.55,14.0,0.5,0.6,0.4,-6.08,1.57,9.36,1.59,17.0,6.94,14.0,0.5,0.6,0.4,1012.85,1016.15,1020.39,1016.38,18.0,3.74,16.0,0.4,0.5,0.4,3.2,6.0,8.0,5.7,15.0,2.4,14.0,0.5,0.5,0.4,-14.1,43.2,77.9,26.5,17.0,67.2,14.0,0.5,0.6,0.4,-48.2,7.2,101.1,17.6,17.0,83.6,14.0,0.5,0.6,0.4,-1.12,0.8,3.0,0.92,16.0,2.26,14.0,0.4,0.5,0.4,-8.6,6.2,30.7,9.0,15.0,19.3,14.0,0.5,0.6,0.4,0.46,2.51,4.54,2.68,13.0,2.01,16.0,0.4,0.6,0.4,2.3,29.7,45.0,24.6,13.0,17.5,16.0,0.4,0.6,0.4,-26.9,75.2,120.5,54.3,17.0,82.1,14.0,0.5,0.6,0.4,-76.4,25.7,153.6,31.2,17.0,105.0,14.0,0.5,0.6,0.4,-13.7,36.3,63.0,30.7,14.0,35.0,16.0,0.4,0.6,0.4,-36.5,14.8,102.9,27.0,14.0,61.9,16.0,0.4,0.6,0.4,-4.2,9.5,29.0,11.7,13.0,16.4,16.0,0.4,0.6,0.4,-28.5,0.8,23.7,1.5,13.0,23.3,16.0,0.4,0.6,0.4,116.5,551.5,1668.5,990.5,17.0,1011.5,14.0,0.5,0.6,0.4,115.0,550.0,1670.0,990.0,17.0,1010.0,14.0,0.5,0.6,0.4
1974,2,179.0,34.0,14.02,15.0,17.72,15.71,8.0,2.21,16.0,0.1,0.7,0.8,11.93,12.9,15.0,13.38,10.0,1.65,14.0,0.3,0.7,0.7,7.07,7.53,8.51,7.85,7.0,1.15,16.0,0.1,0.6,0.8,80.0,83.6,87.9,83.9,7.0,4.3,16.0,0.1,0.8,6.21,10.05,14.33,10.13,10.0,4.04,14.0,0.3,0.7,0.7,-8.7,-3.69,5.49,-2.1,10.0,7.16,14.0,0.3,0.7,0.7,-7.99,-1.02,7.29,-0.66,10.0,8.59,14.0,0.3,0.7,0.7,1010.21,1019.45,1023.16,1017.67,10.0,6.43,14.0,0.3,0.7,0.7,4.5,7.0,8.0,6.4,9.0,1.6,16.0,0.3,0.6,0.7,-112.8,-34.1,49.1,-31.0,10.0,85.6,14.0,0.3,0.7,0.7,-86.2,-4.2,74.9,-7.9,10.0,118.7,14.0,0.3,0.7,0.7,0.06,1.8,4.42,2.36,8.0,2.39,16.0,0.1,0.7,0.8,0.7,20.7,40.3,24.2,8.0,24.0,16.0,0.1,0.7,0.8,2.07,3.06,4.6,3.35,7.0,1.7,16.0,0.1,0.6,0.8,27.9,32.5,49.7,37.5,7.0,16.6,16.0,0.1,0.6,0.8,-115.1,-47.5,85.6,-28.7,10.0,96.7,14.0,0.3,0.7,0.7,-96.4,-14.3,112.6,-0.9,10.0,117.5,14.0,0.3,0.7,0.7,-78.5,-42.5,69.9,-18.1,7.0,64.9,16.0,0.1,0.6,0.8,-68.1,0.0,84.1,-1.3,7.0,81.3,16.0,0.1,0.6,0.8,-20.9,-12.5,33.1,3.7,7.0,34.0,16.0,0.1,0.6,0.8,-28.7,0.0,25.5,0.8,7.0,27.3,16.0,0.1,0.6,0.8,271.5,1032.0,3007.5,1493.0,10.0,1502.5,14.0,0.3,0.7,0.7,270.0,1030.0,3005.0,1495.0,10.0,1500.0,14.0,0.3,0.7,0.7
1974,2,179.0,35.0,13.48,15.0,15.22,14.36,5.0,1.54,12.0,0.4,0.5,0.4,10.85,11.2,14.17,12.4,5.0,2.32,12.0,0.4,0.5,0.4,5.36,5.76,6.01,5.69,4.0,0.49,12.0,0.3,0.4,0.4,62.0,73.2,83.9,74.2,5.0,15.1,12.0,0.4,0.4,7.22,10.3,10.3,8.76,5.0,2.92,12.0,0.4,0.5,0.4,2.89,8.05,9.85,6.18,5.0,5.64,12.0,0.4,0.5,0.4,-1.29,1.79,5.83,2.16,5.0,4.36,12.0,0.4,0.5,0.4,1004.95,1011.5,1017.63,1011.3,4.0,9.88,12.0,0.3,0.4,0.4,2.5,3.0,3.5,3.0,4.0,0.8,12.0,0.3,0.4,0.4,38.6,74.9,101.4,66.9,5.0,47.3,12.0,0.4,0.5,0.4,-13.3,18.4,57.1,21.3,5.0,44.3,12.0,0.4,0.5,0.4,-1.24,3.3,4.37,1.96,5.0,2.99,12.0,0.4,0.5,0.4,-7.5,30.7,45.0,21.3,5.0,28.3,12.0,0.4,0.5,0.4,3.34,4.63,5.47,4.42,4.0,1.34,12.0,0.3,0.4,0.4,23.0,45.7,56.3,40.0,4.0,22.1,12.0,0.3,0.4,0.4,40.2,102.6,108.8,73.0,5.0,67.4,12.0,0.4,0.5,0.4,-13.6,19.7,79.7,32.4,5.0,62.4,12.0,0.4,0.5,0.4,13.0,50.5,53.7,34.1,4.0,36.6,12.0,0.3,0.4,0.4,-10.7,4.5,19.4,4.4,4.0,20.5,12.0,0.3,0.4,0.4,10.4,41.6,54.3,32.8,4.0,30.3,12.0,0.3,0.4,0.4,-9.6,5.1,14.7,2.7,4.0,16.0,12.0,0.3,0.4,0.4,527.5,1092.5,1092.5,826.0,5.0,453.0,12.0,0.4,0.5,0.4,530.0,1095.0,1095.0,825.0,5.0,455.0,12.0,0.4,0.5,0.4
1974,2,179.0,36.0,13.9,14.25,14.97,14.36,8.0,0.97,14.0,0.4,0.4,0.4,12.89,13.9,14.5,13.9,10.0,1.21,14.0,0.4,0.4,0.4,7.16,8.08,8.81,8.02,9.0,1.39,14.0,0.4,0.4,0.4,71.9,82.1,88.5,79.4,9.0,10.1,14.0,0.4,0.4,9.73,14.15,17.07,13.64,10.0,3.33,14.0,0.4,0.4,0.4,0.0,4.33,10.71,4.84,10.0,6.35,14.0,0.4,0.4,0.4,-3.63,7.48,15.9,5.45,10.0,10.88,14.0,0.4,0.4,0.4,1000.9,1008.25,1012.86,1007.13,10.0,6.62,14.0,0.4,0.4,0.4,3.4,6.5,8.0,6.0,10.0,2.2,14.0,0.4,0.4,0.4,0.0,53.4,138.6,60.8,10.0,93.6,14.0,0.4,0.4,0.4,-39.8,74.7,255.7,76.9,10.0,176.1,14.0,0.4,0.4,0.4,0.0,0.15,0.5,0.11,8.0,1.26,14.0,0.4,0.4,0.4,0.0,1.8,8.8,1.3,8.0,15.4,14.0,0.4,0.4,0.4,1.14,2.11,3.19,1.9,8.0,1.29,14.0,0.4,0.4,0.4,15.2,29.5,35.2,26.5,8.0,18.6,14.0,0.4,0.4,0.4,0.0,62.8,140.2,63.8,10.0,83.4,14.0,0.4,0.4,0.4,-44.7,104.0,224.4,81.2,10.0,156.1,14.0,0.4,0.4,0.4,0.0,23.6,76.1,33.0,9.0,45.4,14.0,0.4,0.4,0.4,-5.8,84.3,141.0,60.8,9.0,89.6,14.0,0.4,0.4,0.4,-1.1,3.1,14.2,4.2,8.0,12.6,14.0,0.4,0.4,0.4,-5.8,16.0,33.2,9.3,8.0,29.5,14.0,0.4,0.4,0.4,928.0,2899.5,4988.0,2936.5,10.0,1812.5,14.0,0.4,0.4,0.4,930.0,2900.0,4990.0,2935.0,10.0,1815.0,14.0,0.4,0.4,0.4
1974,2,179.0,37.0,13.08,14.0,15.0,14.22,9.0,1.0,18.0,0.2,0.5,0.3,12.42,13.75,14.1,13.55,12.0,1.13,18.0,0.3,0.5,0.3,6.66,7.1,8.11,7.19,11.0,0.97,18.0,0.4,0.5,0.4,68.4,74.2,82.7,74.9,11.0,10.0,18.0,0.4,0.4,7.04,10.8,14.65,11.53,12.0,6.11,18.0,0.3,0.5,0.3,-3.29,3.66,8.46,3.8,12.0,9.25,18.0,0.3,0.5,0.3,-6.02,4.39,9.32,1.85,12.0,8.79,18.0,0.3,0.5,0.3,1000.45,1010.95,1020.53,1010.99,12.0,10.49,18.0,0.3,0.5,0.3,1.6,6.0,8.0,5.2,11.0,3.0,18.0,0.3,0.4,0.3,-32.5,18.1,100.9,77.1,12.0,216.5,18.0,0.3,0.5,0.3,-53.2,37.8,135.5,29.6,12.0,130.1,18.0,0.3,0.5,0.3,-0.29,1.0,1.39,0.54,9.0,1.67,18.0,0.2,0.5,0.3,-1.5,7.7,12.9,3.6,9.0,17.1,18.0,0.2,0.5,0.3,1.52,2.75,3.47,2.78,9.0,1.51,18.0,0.2,0.5,0.3,13.1,23.9,42.3,25.2,9.0,14.1,18.0,0.2,0.5,0.3,-47.1,49.0,110.0,48.5,12.0,115.4,18.0,0.3,0.5,0.3,-82.8,61.6,123.8,28.7,12.0,119.2,18.0,0.3,0.5,0.3,-26.5,19.0,56.8,23.0,11.0,65.9,18.0,0.4,0.5,0.4,-51.8,6.3,66.1,9.0,11.0,68.2,18.0,0.4,0.5,0.4,-9.1,4.3,30.5,7.3,9.0,22.3,18.0,0.2,0.5,0.3,-8.8,2.5,27.5,7.4,9.0,17.2,18.0,0.2,0.5,0.3,374.0,1268.0,3155.5,3021.0,12.0,5917.5,18.0,0.3,0.5,0.3,375.0,1270.0,3155.0,3020.0,12.0,5915.0,18.0,0.3,0.5,0.3
1974,2,179.0,38.0,12.83,13.35,13.92,13.3,6.0,0.66,14.0,0.3,0.3,0.3,9.47,10.85,12.0,10.99,8.0,2.05,16.0,0.3,0.4,0.4,5.55,5.83,7.05,6.28,6.0,1.33,14.0,0.3,0.3,0.3,67.8,71.0,77.9,72.8,6.0,6.4,14.0,0.3,0.3,8.43,11.55,16.55,11.96,8.0,3.84,16.0,0.3,0.4,0.4,5.42,7.9,16.06,9.59,8.0,4.94,16.0,0.3,0.4,0.4,-6.58,-2.46,2.75,-2.05,8.0,6.64,16.0,0.3,0.4,0.4,998.56,1010.15,1017.84,1008.5,8.0,9.46,16.0,0.3,0.4,0.4,3.9,5.0,7.0,5.0,7.0,2.0,14.0,0.3,0.3,0.4,45.6,89.3,265.8,128.0,8.0,105.0,16.0,0.3,0.4,0.4,-66.5,-35.9,45.5,-22.0,8.0,82.1,16.0,0.3,0.4,0.4,0.61,1.75,2.94,1.65,6.0,1.54,14.0,0.3,0.3,0.3,4.2,14.8,40.9,20.4,6.0,24.4,14.0,0.3,0.3,0.3,2.33,3.81,3.91,3.24,6.0,1.15,14.0,0.3,0.3,0.3,20.1,33.4,54.0,37.2,6.0,21.1,14.0,0.3,0.3,0.3,63.1,95.5,167.4,104.3,8.0,51.7,16.0,0.3,0.4,0.4,-72.9,-26.4,29.0,-14.0,8.0,77.4,16.0,0.3,0.4,0.4,32.1,49.5,75.3,53.9,6.0,28.1,14.0,0.3,0.3,0.3,-45.3,-2.1,30.8,-0.9,6.0,50.2,14.0,0.3,0.3,0.3,12.9,21.1,46.6,29.3,6.0,22.9,14.0,0.3,0.3,0.3,-22.7,-1.3,11.3,-7.0,6.0,22.3,14.0,0.3,0.3,0.3,611.5,1560.5,4606.0,2185.5,8.0,1923.5,16.0,0.3,0.4,0.4,610.0,1560.0,4605.0,2185.0,8.0,1925.0,16.0,0.3,0.4,0.4
1974,2,179.0,39.0,11.5,12.8,13.24,12.52,5.0,1.05,16.0,0.4,0.3,0.2,9.9,11.0,12.22,10.98,5.0,1.91,16.0,0.4,0.3,0.2,5.71,7.19,7.73,6.85,5.0,1.18,16.0,0.4,0.3,0.2,79.6,87.5,87.8,83.4,5.0,9.5,16.0,0.4,0.2,7.15,8.0,11.6,9.52,5.0,4.53,16.0,0.4,0.3,0.2,-6.12,-5.14,6.01,-0.31,5.0,9.77,16.0,0.4,0.3,0.2,4.29,6.13,6.23,5.19,5.0,2.15,16.0,0.4,0.3,0.2,1001.27,1002.0,1011.95,1006.84,5.0,11.22,16.0,0.4,0.3,0.2,4.0,5.0,6.6,5.3,4.0,2.1,16.0,0.5,0.3,0.3,-48.8,-41.1,105.1,29.0,5.0,146.3,16.0,0.4,0.3,0.2,28.2,49.0,71.0,50.8,5.0,34.3,16.0,0.4,0.3,0.2,0.13,0.5,2.95,1.54,5.0,2.57,16.0,0.4,0.3,0.2,1.4,4.1,44.2,23.8,5.0,45.6,16.0,0.4,0.3,0.2,1.15,1.69,3.46,2.22,5.0,1.36,16.0,0.4,0.3,0.2,8.7,13.0,42.6,25.4,5.0,27.6,16.0,0.4,0.3,0.2,-68.9,-56.6,48.0,-14.2,5.0,87.5,16.0,0.4,0.3,0.2,36.1,67.4,74.0,56.5,5.0,26.0,16.0,0.4,0.3,0.2,-43.8,-28.8,35.2,-5.0,5.0,60.1,16.0,0.4,0.3,0.2,25.3,35.1,46.9,35.0,5.0,15.8,16.0,0.4,0.3,0.2,-14.0,-6.8,25.1,6.6,5.0,35.3,16.0,0.4,0.3,0.2,4.3,8.0,21.3,12.0,5.0,9.7,16.0,0.4,0.3,0.2,377.0,512.0,2307.5,1423.5,5.0,2203.5,16.0,0.4,0.3,0.2,375.0,510.0,2305.0,1425.0,5.0,2205.0,16.0,0.4,0.3,0.2
1974,2,179.0,40.0,9.17,11.75,13.39,11.23,6.0,3.07,6.0,0.3,0.5,0.6,6.43,9.5,10.7,8.45,10.0,2.63,10.0,0.3,0.5,0.5,4.63,5.93,6.77,5.89,7.0,1.1,10.0,0.4,0.6,0.5,74.6,81.7,98.7,85.6,7.0,11.4,10.0,0.4,0.5,6.9,12.05,17.17,12.65,10.0,6.78,10.0,0.3,0.5,0.5,-5.51,7.34,16.91,6.17,10.0,10.81,10.0,0.3,0.5,0.5,-4.98,0.85,6.67,1.45,10.0,7.89,10.0,0.3,0.5,0.5,996.08,1001.5,1021.09,1005.52,9.0,13.02,10.0,0.3,0.5,0.5,3.5,6.0,7.7,5.8,9.0,1.9,10.0,0.3,0.5,0.5,-61.8,60.1,292.7,111.2,10.0,213.2,10.0,0.3,0.5,0.5,-44.8,8.3,101.7,50.2,10.0,161.3,10.0,0.3,0.5,0.5,1.19,3.5,4.81,3.4,6.0,2.69,6.0,0.3,0.5,0.6,7.4,43.7,82.2,47.4,6.0,42.1,6.0,0.3,0.5,0.6,1.67,2.38,3.87,2.72,5.0,1.23,4.0,0.4,0.6,0.6,19.3,42.2,63.3,40.3,5.0,25.1,4.0,0.4,0.6,0.6,-56.5,56.6,158.7,55.9,10.0,102.9,10.0,0.3,0.5,0.5,-51.1,5.1,49.4,11.9,10.0,81.1,10.0,0.3,0.5,0.5,-36.7,13.7,92.2,22.5,7.0,75.4,10.0,0.4,0.6,0.5,-60.4,0.0,61.1,9.9,7.0,63.0,10.0,0.4,0.6,0.5,-14.8,27.4,44.6,14.9,5.0,39.3,4.0,0.4,0.6,0.6,0.0,4.8,40.7,17.3,5.0,21.5,4.0,0.4,0.6,0.6,420.5,1752.0,5184.0,3763.0,10.0,5763.5,10.0,0.3,0.5,0.5,420.0,1750.0,5185.0,3765.0,10.0,5765.0,10.0,0.3,0.5,0.5
1974,2,179.0,41.0,9.71,10.75,11.37,10.55,4.0,1.14,12.0,0.3,0.7,0.4,7.71,8.7,9.48,8.6,4.0,1.24,12.0,0.3,0.7,0.4,5.0,6.04,6.73,5.88,4.0,1.03,12.0,0.3,0.7,0.4,76.1,87.5,94.3,85.3,4.0,14.1,12.0,0.3,0.4,4.34,4.85,9.45,6.8,4.0,4.42,12.0,0.3,0.7,0.4,-4.56,-3.84,1.18,-1.79,4.0,4.64,12.0,0.3,0.7,0.4,-1.76,-0.4,6.6,2.29,4.0,6.96,12.0,0.3,0.7,0.4,1005.48,1014.05,1028.6,1016.9,4.0,14.44,12.0,0.3,0.7,0.4,2.3,3.0,6.4,4.3,3.0,3.2,8.0,0.3,0.8,0.3,-42.1,-16.9,7.5,-17.3,4.0,35.8,12.0,0.3,0.7,0.4,-7.4,-1.8,88.4,38.6,4.0,86.9,12.0,0.3,0.7,0.4,0.43,2.4,3.43,1.95,4.0,2.13,12.0,0.3,0.7,0.4,-2.6,11.7,15.4,6.6,4.0,13.7,12.0,0.3,0.7,0.4,0.69,1.84,3.33,2.0,4.0,1.59,12.0,0.3,0.7,0.4,5.1,8.4,15.7,10.3,4.0,7.0,12.0,0.3,0.7,0.4,-42.3,-30.2,13.3,-15.2,4.0,41.6,12.0,0.3,0.7,0.4,-12.9,-3.4,66.0,25.2,4.0,67.6,12.0,0.3,0.7,0.4,-30.7,-23.6,4.5,-13.6,4.0,25.8,12.0,0.3,0.7,0.4,-9.9,-2.7,44.5,16.4,4.0,46.1,12.0,0.3,0.7,0.4,-6.6,-3.2,9.5,1.2,4.0,12.7,12.0,0.3,0.7,0.4,-4.1,-0.4,2.8,-0.6,4.0,5.1,12.0,0.3,0.7,0.4,82.5,115.0,1323.5,676.5,4.0,1153.5,12.0,0.3,0.7,0.4,80.0,115.0,1325.0,675.0,4.0,1155.0,12.0,0.3,0.7,0.4
1974,2,179.0,42.0,10.29,10.8,11.52,10.9,4.0,0.84,18.0,0.5,0.5,0.3,5.48,9.05,11.04,8.48,6.0,2.72,14.0,0.5,0.3,0.3,5.36,6.48,7.42,6.39,4.0,1.2,18.0,0.5,0.5,0.3,78.0,91.2,95.7,87.1,4.0,14.2,18.0,0.5,0.3,5.0,11.8,23.91,13.62,6.0,9.06,14.0,0.5,0.3,0.3,2.21,6.04,8.55,4.97,6.0,5.15,14.0,0.5,0.3,0.3,-14.38,-1.64,6.42,-2.47,6.0,15.53,14.0,0.5,0.3,0.3,988.8,1000.5,1034.53,1008.92,5.0,24.59,16.0,0.6,0.4,0.3,4.8,8.0,8.0,6.8,6.0,1.8,14.0,0.5,0.3,0.3,-7.3,43.6,160.6,57.4,6.0,106.7,14.0,0.5,0.3,0.3,-268.2,-8.4,117.4,-43.5,6.0,363.8,14.0,0.5,0.3,0.3,0.13,0.75,2.78,1.43,4.0,2.04,18.0,0.5,0.5,0.3,0.6,13.0,46.8,23.2,4.0,31.7,18.0,0.5,0.5,0.3,0.43,1.55,2.99,1.7,4.0,1.51,18.0,0.5,0.5,0.3,2.1,20.9,60.8,31.0,4.0,37.4,18.0,0.5,0.5,0.3,27.5,49.6,70.5,45.5,6.0,37.2,14.0,0.5,0.3,0.3,-77.5,-18.4,69.0,7.3,6.0,127.1,14.0,0.5,0.3,0.3,29.3,37.4,48.3,38.7,4.0,11.2,18.0,0.5,0.5,0.3,-43.5,-3.5,73.1,14.0,4.0,80.0,18.0,0.5,0.5,0.3,1.7,13.6,26.4,14.0,4.0,14.2,18.0,0.5,0.5,0.3,-16.5,-0.6,40.0,11.2,4.0,45.2,18.0,0.5,0.5,0.3,125.5,2102.0,13675.0,5469.0,6.0,6906.5,14.0,0.5,0.3,0.3,125.0,2100.0,13675.0,5470.0,6.0,6905.0,14.0,0.5,0.3,0.3
1974,2,179.0,43.0,8.84,10.0,10.0,9.43,3.0,0.98,12.0,0.0,0.6,0.6,5.32,6.0,9.41,7.33,3.0,3.21,12.0,0.0,0.6,0.6,3.36,4.67,6.28,4.82,3.0,2.14,12.0,0.0,0.6,0.6,60.0,79.4,85.3,72.8,3.0,19.4,12.0,0.0,0.6,8.55,9.3,12.78,10.63,3.0,3.31,12.0,0.0,0.6,0.6,-2.49,8.74,12.6,5.14,3.0,11.48,12.0,0.0,0.6,0.6,-2.17,0.0,1.91,-0.13,3.0,2.99,12.0,0.0,0.6,0.6,1000.2,1011.8,1025.66,1012.9,3.0,18.67,12.0,0.0,0.6,0.6,1.3,4.0,6.0,3.7,3.0,3.5,12.0,0.0,0.6,0.6,-17.3,81.3,167.3,75.1,3.0,135.4,12.0,0.0,0.6,0.6,-20.2,0.0,15.7,-2.2,3.0,26.4,12.0,0.0,0.6,0.6,0.36,3.3,3.78,2.1,3.0,2.71,12.0,0.0,0.6,0.6,4.1,30.7,49.1,26.7,3.0,33.1,12.0,0.0,0.6,0.6,1.27,3.07,3.73,2.51,3.0,1.86,12.0,0.0,0.6,0.6,14.4,37.5,42.1,28.4,3.0,21.8,12.0,0.0,0.6,0.6,-44.0,43.7,72.8,15.1,3.0,89.1,12.0,0.0,0.6,0.6,-10.9,0.0,21.1,5.0,3.0,23.8,12.0,0.0,0.6,0.6,-29.3,24.0,53.6,12.4,3.0,61.5,12.0,0.0,0.6,0.6,-6.0,0.0,13.4,3.6,3.0,14.6,12.0,0.0,0.6,0.6,8.9,35.3,41.4,25.4,3.0,25.3,12.0,0.0,0.6,0.6,-8.8,0.0,0.8,-3.9,3.0,7.8,12.0,0.0,0.6,0.6,631.5,804.5,2293.5,1447.0,3.0,1338.5,12.0,0.0,0.6,0.6,630.0,805.0,2295.0,1445.0,3.0,1340.0,12.0,0.0,0.6,0.6
1974,2,179.0,44.0,6.85,7.85,8.21,7.57,6.0,1.17,12.0,0.5,0.6,0.4,5.79,6.4,7.83,6.97,6.0,2.08,12.0,0.5,0.6,0.4,3.89,4.85,5.08,4.6,6.0,0.68,12.0,0.5,0.6,0.4,65.2,74.0,86.0,74.5,6.0,11.2,12.0,0.5,0.4,7.06,9.5,16.14,10.95,6.0,5.31,12.0,0.5,0.6,0.4,-6.87,4.4,10.12,3.0,6.0,10.8,12.0,0.5,0.6,0.4,-3.51,1.99,7.33,2.15,6.0,6.24,12.0,0.5,0.6,0.4,1000.25,1017.8,1022.4,1013.93,6.0,11.74,12.0,0.5,0.6,0.4,3.6,7.0,8.0,6.0,5.0,2.3,14.0,0.6,0.7,0.4,-76.1,31.5,137.9,44.9,6.0,178.6,12.0,0.5,0.6,0.4,-29.0,19.0,85.6,29.3,6.0,78.5,12.0,0.5,0.6,0.4,-1.6,1.05,2.21,0.6,6.0,1.97,12.0,0.5,0.6,0.4,-15.9,6.7,36.2,11.4,6.0,28.5,12.0,0.5,0.6,0.4,1.46,1.83,2.4,1.86,6.0,0.75,12.0,0.5,0.6,0.4,9.6,18.5,28.2,19.6,6.0,11.4,12.0,0.5,0.6,0.4,-63.4,28.5,63.1,12.2,6.0,66.3,12.0,0.5,0.6,0.4,-19.2,14.9,62.3,19.7,6.0,44.8,12.0,0.5,0.6,0.4,-35.6,16.0,49.8,12.1,6.0,52.2,12.0,0.5,0.6,0.4,-16.0,11.9,38.2,12.6,6.0,29.8,12.0,0.5,0.6,0.4,-11.6,4.3,24.3,6.2,6.0,20.5,12.0,0.5,0.6,0.4,-8.1,-1.2,12.3,1.3,6.0,11.0,12.0,0.5,0.6,0.4,382.5,875.5,4314.5,2136.0,6.0,2640.0,12.0,0.5,0.6,0.4,380.0,875.0,4315.0,2135.0,6.0,2640.0,12.0,0.5,0.6,0.4
1974,2,179.0,45.0,5.4,6.0,6.71,6.08,6.0,0.86,14.0,0.2,0.4,0.5,3.4,4.5,6.1,4.67,6.0,1.4,14.0,0.2,0.4,0.5,3.78,4.53,4.76,4.29,6.0,0.59,14.0,0.2,0.4,0.5,68.6,82.8,90.4,80.6,6.0,10.9,14.0,0.2,0.5,10.95,15.15,17.91,14.47,6.0,4.21,14.0,0.2,0.4,0.5,-17.7,-1.61,5.26,-4.83,6.0,11.32,14.0,0.2,0.4,0.5,-14.24,-7.58,0.63,-6.88,6.0,7.48,14.0,0.2,0.4,0.5,987.79,999.25,1021.31,1002.83,6.0,15.98,14.0,0.2,0.4,0.5,8.0,8.0,8.0,8.0,5.0,0.0,12.0,0.2,0.5,0.5,-317.8,-2.1,70.9,-90.1,6.0,200.6,14.0,0.2,0.4,0.5,-213.8,-79.3,11.0,-91.3,6.0,115.7,14.0,0.2,0.4,0.5,-0.21,1.75,2.71,1.42,6.0,1.66,14.0,0.2,0.4,0.5,-3.6,17.6,41.3,18.1,6.0,25.5,14.0,0.2,0.4,0.5,0.79,1.31,2.66,1.6,6.0,0.89,14.0,0.2,0.4,0.5,13.9,17.6,26.4,21.1,6.0,10.5,14.0,0.2,0.4,0.5,-100.5,-13.0,17.0,-32.8,6.0,59.6,14.0,0.2,0.4,0.5,-44.3,-35.3,4.1,-24.3,6.0,28.2,14.0,0.2,0.4,0.5,-83.4,-5.5,19.0,-22.9,6.0,51.5,14.0,0.2,0.4,0.5,-52.7,-32.5,3.0,-27.9,6.0,31.6,14.0,0.2,0.4,0.5,-15.1,-4.9,8.4,-3.2,6.0,13.1,14.0,0.2,0.4,0.5,-25.6,-12.4,0.5,-13.9,6.0,15.2,14.0,0.2,0.4,0.5,1398.0,3480.0,5784.0,3639.0,6.0,2507.5,14.0,0.2,0.4,0.5,1400.0,3480.0,5785.0,3640.0,6.0,2510.0,14.0,0.2,0.4,0.5
1974,2,179.0,46.0,4.35,4.5,5.73,5.02,5.0,1.15,16.0,0.8,0.4,0.6,1.63,2.5,4.84,3.16,5.0,2.06,16.0,0.8,0.4,0.6,2.33,3.48,4.25,3.31,5.0,1.06,16.0,0.8,0.4,0.6,56.8,69.3,79.9,68.1,5.0,15.9,16.0,0.8,0.6,4.37,8.2,11.35,7.9,5.0,3.83,16.0,0.8,0.4,0.6,-2.64,2.68,5.34,1.73,5.0,4.85,16.0,0.8,0.4,0.6,-10.66,-4.79,-0.98,-5.61,5.0,5.11,16.0,0.8,0.4,0.6,997.92,1001.2,1021.73,1007.96,5.0,13.04,16.0,0.8,0.4,0.6,3.0,4.0,6.1,4.6,5.0,2.1,16.0,0.8,0.4,0.6,-24.5,8.3,49.9,11.0,5.0,45.7,16.0,0.8,0.4,0.6,-121.5,-24.4,-3.1,-56.2,5.0,65.3,16.0,0.8,0.4,0.6,0.89,1.6,2.87,1.86,5.0,1.15,16.0,0.8,0.4,0.6,7.7,8.2,18.5,12.2,5.0,6.0,16.0,0.8,0.4,0.6,1.43,2.13,2.83,2.14,5.0,0.85,16.0,0.8,0.4,0.6,9.6,13.2,21.3,15.1,5.0,6.3,16.0,0.8,0.4,0.6,-4.9,5.4,26.8,9.8,5.0,17.9,16.0,0.8,0.4,0.6,-41.7,-4.8,-2.0,-20.1,5.0,27.0,16.0,0.8,0.4,0.6,-8.2,5.1,23.0,7.5,5.0,19.6,16.0,0.8,0.4,0.6,-40.9,-12.4,-1.9,-19.5,5.0,20.3,16.0,0.8,0.4,0.6,-5.4,7.9,8.7,2.8,5.0,7.8,16.0,0.8,0.4,0.6,-20.0,-12.4,-3.2,-11.6,5.0,9.2,16.0,0.8,0.4,0.6,95.0,551.5,1479.5,767.0,5.0,779.5,16.0,0.8,0.4,0.6,95.0,550.0,1480.0,765.0,5.0,780.0,16.0,0.8,0.4,0.6
1974,2,179.0,47.0,4.32,4.5,6.18,5.1,5.0,1.08,16.0,0.2,0.4,0.3,0.06,5.0,5.37,3.22,5.0,2.92,16.0,0.2,0.4,0.3,3.43,4.55,5.41,4.43,4.0,1.16,14.0,0.0,0.3,0.4,86.5,96.6,100.0,93.4,4.0,9.3,14.0,0.0,0.4,9.03,9.8,12.38,10.5,5.0,2.17,16.0,0.2,0.4,0.3,-3.27,-1.7,4.9,0.7,5.0,6.22,16.0,0.2,0.4,0.3,-8.34,4.04,10.21,1.7,5.0,9.98,16.0,0.2,0.4,0.3,994.13,1009.5,1029.63,1011.52,5.0,18.1,16.0,0.2,0.4,0.3,8.0,8.0,8.0,8.0,4.0,0.0,18.0,0.3,0.4,0.3,-37.3,-16.7,54.3,9.1,5.0,71.4,16.0,0.2,0.4,0.3,-71.6,47.6,117.4,30.9,5.0,109.6,16.0,0.2,0.4,0.3,0.13,1.0,4.15,1.88,5.0,2.19,16.0,0.2,0.4,0.3,1.3,9.8,35.3,16.6,5.0,20.1,16.0,0.2,0.4,0.3,0.49,0.92,1.75,1.11,4.0,0.82,14.0,0.0,0.3,0.4,5.3,8.3,15.9,10.5,4.0,7.7,14.0,0.0,0.3,0.4,-16.3,-0.2,24.3,6.0,5.0,35.3,16.0,0.2,0.4,0.3,-0.4,24.2,51.0,26.3,5.0,28.6,16.0,0.2,0.4,0.3,-16.6,-0.1,33.2,7.9,4.0,36.4,14.0,0.0,0.3,0.4,-29.4,-3.7,34.7,2.3,4.0,38.1,14.0,0.0,0.3,0.4,-2.9,-0.1,4.2,0.6,4.0,4.5,14.0,0.0,0.3,0.4,-15.7,-3.6,2.9,-6.3,4.0,11.6,14.0,0.0,0.3,0.4,764.0,941.0,1921.5,1277.5,5.0,759.5,16.0,0.2,0.4,0.3,765.0,940.0,1920.0,1280.0,5.0,760.0,16.0,0.2,0.4,0.3
1974,2,179.0,48.0,3.56,4.25,4.94,4.19,8.0,0.7,18.0,0.5,0.5,0.5,2.0,4.0,5.0,3.85,10.0,1.72,16.0,0.6,0.4,0.5,3.29,3.76,5.31,4.18,10.0,0.96,16.0,0.6,0.4,0.5,74.8,80.7,93.0,82.4,10.0,10.8,16.0,0.6,0.5,6.43,9.65,14.83,10.61,10.0,4.83,16.0,0.6,0.4,0.5,-11.93,-9.35,3.39,-6.31,10.0,8.37,16.0,0.6,0.4,0.5,-3.48,2.05,6.9,2.06,10.0,5.43,16.0,0.6,0.4,0.5,997.71,1003.0,1025.03,1008.04,10.0,15.79,16.0,0.6,0.4,0.5,6.1,8.0,8.0,7.1,8.0,1.5,16.0,0.8,0.4,0.5,-177.3,-90.2,26.6,-94.7,10.0,134.7,16.0,0.6,0.4,0.5,-30.5,16.8,121.4,37.8,10.0,73.2,16.0,0.6,0.4,0.5,-1.83,0.0,1.5,0.06,8.0,1.57,18.0,0.5,0.5,0.5,-9.6,-1.2,19.4,5.1,8.0,19.0,18.0,0.5,0.5,0.5,-0.16,0.79,1.58,0.79,8.0,0.95,18.0,0.5,0.5,0.5,-1.7,6.2,20.4,9.1,8.0,11.7,18.0,0.5,0.5,0.5,-43.4,-23.8,12.3,-18.1,10.0,28.3,16.0,0.6,0.4,0.5,-17.4,6.7,20.5,2.1,10.0,18.0,16.0,0.6,0.4,0.5,-50.8,-34.7,12.9,-24.9,10.0,33.8,16.0,0.6,0.4,0.5,-17.2,10.1,25.1,6.1,10.0,20.8,16.0,0.6,0.4,0.5,-17.9,-1.9,1.6,-7.5,8.0,10.9,18.0,0.5,0.5,0.5,-1.2,0.0,8.8,1.1,8.0,6.7,18.0,0.5,0.5,0.5,312.0,902.0,3328.5,1943.5,10.0,2668.5,16.0,0.6,0.4,0.5,310.0,900.0,3330.0,1945.0,10.0,2670.0,16.0,0.6,0.4,0.5
1974,2,179.0,49.0,2.98,4.0,4.0,3.57,7.0,0.61,18.0,0.6,0.5,0.3,0.11,1.25,4.0,2.06,8.0,1.97,20.0,0.5,0.4,0.3,3.23,3.64,4.02,3.72,6.0,0.66,18.0,0.7,0.4,0.3,79.2,88.0,100.0,88.5,6.0,10.6,18.0,0.7,0.3,5.01,11.3,29.23,15.04,8.0,11.16,20.0,0.5,0.4,0.3,-25.32,0.0,4.78,-6.52,8.0,15.05,20.0,0.5,0.4,0.3,-1.36,2.99,14.62,4.49,8.0,9.21,20.0,0.5,0.4,0.3,1010.5,1017.6,1027.39,1018.28,8.0,9.37,20.0,0.5,0.4,0.3,6.0,8.0,8.0,7.2,5.0,1.1,20.0,0.4,0.5,0.3,-744.2,0.0,24.3,-234.9,8.0,384.4,20.0,0.5,0.4,0.3,-7.0,18.5,429.7,134.5,8.0,227.6,20.0,0.5,0.4,0.3,-1.0,2.0,4.0,1.79,7.0,2.12,18.0,0.6,0.5,0.3,-5.4,17.7,120.1,45.8,7.0,57.4,18.0,0.6,0.5,0.3,1.0,1.26,1.47,1.19,6.0,0.64,18.0,0.7,0.4,0.3,4.4,26.3,39.8,23.8,6.0,19.3,18.0,0.7,0.4,0.3,0.0,0.0,19.1,8.9,8.0,21.8,20.0,0.5,0.4,0.3,-6.2,3.1,9.1,1.9,8.0,8.2,20.0,0.5,0.4,0.3,-98.7,-30.2,10.8,-34.3,6.0,61.6,18.0,0.7,0.4,0.3,-0.7,24.6,57.0,22.3,6.0,36.2,18.0,0.7,0.4,0.3,-34.5,-16.3,0.1,-17.5,6.0,19.5,18.0,0.7,0.4,0.3,-3.0,12.2,19.9,8.6,6.0,14.6,18.0,0.7,0.4,0.3,126.0,1451.5,25372.5,8831.5,8.0,12251.0,20.0,0.5,0.4,0.3,125.0,1450.0,25375.0,8830.0,8.0,12250.0,20.0,0.5,0.4,0.3
1974,2,179.0,50.0,3.0,4.0,4.5,3.84,14.0,1.02,14.0,0.4,0.4,0.5,0.0,1.1,5.0,2.14,18.0,2.59,14.0,0.4,0.5,0.6,3.22,4.04,4.66,3.99,15.0,0.72,12.0,0.5,0.4,0.6,78.0,90.2,95.3,87.4,15.0,10.2,12.0,0.5,0.6,4.8,9.0,15.05,9.91,18.0,4.96,14.0,0.4,0.5,0.6,-2.98,2.07,7.31,1.07,18.0,6.8,14.0,0.4,0.5,0.6,-9.16,-3.54,5.39,-2.8,18.0,8.53,14.0,0.4,0.5,0.6,989.94,1003.75,1026.15,1006.27,18.0,15.8,14.0,0.4,0.5,0.6,4.0,6.0,8.0,5.9,16.0,2.2,12.0,0.4,0.5,0.6,-16.5,11.3,81.9,11.3,18.0,91.1,14.0,0.4,0.5,0.6,-89.8,-21.3,67.7,-39.1,18.0,137.2,14.0,0.4,0.5,0.6,-1.0,1.9,4.46,1.35,14.0,3.02,14.0,0.4,0.4,0.5,-11.2,18.4,34.2,10.7,14.0,26.5,14.0,0.4,0.4,0.5,0.38,0.93,1.88,0.99,13.0,0.74,14.0,0.5,0.4,0.5,3.9,6.8,15.3,8.4,13.0,7.1,14.0,0.5,0.4,0.5,-1.8,0.8,30.2,10.4,18.0,21.8,14.0,0.4,0.5,0.6,-9.1,0.0,14.8,5.2,18.0,23.0,14.0,0.4,0.5,0.6,-9.3,13.0,34.4,11.2,15.0,24.1,12.0,0.5,0.4,0.6,-34.0,-13.0,30.3,-4.3,15.0,30.3,12.0,0.5,0.4,0.6,-3.0,0.0,5.2,-0.1,13.0,8.0,14.0,0.5,0.4,0.5,-9.9,-3.2,4.7,-2.7,13.0,7.4,14.0,0.5,0.4,0.5,113.5,731.5,3412.0,1728.0,18.0,2375.0,14.0,0.4,0.5,0.6,115.0,730.0,3410.0,1730.0,18.0,2375.0,14.0,0.4,0.5,0.6
1974,2,179.0,51.0,3.5,3.95,4.0,3.82,6.0,0.25,18.0,0.0,0.5,0.1,-0.21,3.15,5.6,2.8,6.0,2.83,18.0,0.0,0.5,0.1,2.64,4.2,5.08,3.92,6.0,1.38,18.0,0.0,0.5,0.1,73.7,85.3,93.5,81.7,6.0,18.3,18.0,0.0,0.1,8.39,11.55,12.42,10.7,6.0,2.25,18.0,0.0,0.5,0.1,0.99,7.94,8.81,5.87,6.0,4.12,18.0,0.0,0.5,0.1,-8.07,7.18,9.21,2.78,6.0,8.65,18.0,0.0,0.5,0.1,999.36,1011.95,1022.02,1009.97,6.0,14.56,18.0,0.0,0.5,0.1,5.2,8.0,8.0,6.6,5.0,2.6,14.0,0.0,0.4,0.1,7.1,93.7,108.8,69.9,6.0,51.5,18.0,0.0,0.5,0.1,-80.1,66.6,111.0,32.4,6.0,95.8,18.0,0.0,0.5,0.1,-2.1,0.8,4.21,1.02,6.0,3.05,18.0,0.0,0.5,0.1,-25.4,7.0,44.7,8.5,6.0,33.4,18.0,0.0,0.5,0.1,-0.26,0.85,2.44,1.06,6.0,1.5,18.0,0.0,0.5,0.1,-3.2,7.4,23.7,10.7,6.0,17.4,18.0,0.0,0.5,0.1,0.0,16.2,43.4,20.6,6.0,22.3,18.0,0.0,0.5,0.1,6.9,22.6,51.7,27.2,6.0,23.1,18.0,0.0,0.5,0.1,4.0,27.2,41.3,23.8,6.0,18.9,18.0,0.0,0.5,0.1,-16.4,30.1,49.2,20.1,6.0,32.1,18.0,0.0,0.5,0.1,-2.0,0.7,10.5,5.1,6.0,13.1,18.0,0.0,0.5,0.1,-20.7,-4.0,5.0,-6.8,6.0,13.4,18.0,0.0,0.5,0.1,599.5,1543.0,1920.0,1354.0,6.0,696.0,18.0,0.0,0.5,0.1,600.0,1545.0,1920.0,1355.0,6.0,695.0,18.0,0.0,0.5,0.1
1974,2,179.0,52.0,1.9,3.3,4.0,2.86,5.0,1.66,14.0,0.6,0.3,0.7,-1.97,2.0,2.49,0.58,5.0,2.56,14.0,0.6,0.3,0.7,3.15,3.99,4.23,3.7,3.0,0.83,8.0,0.7,0.2,0.7,81.8,84.2,93.1,87.3,3.0,8.7,8.0,0.7,0.7,9.72,12.9,14.45,12.24,5.0,2.71,14.0,0.6,0.3,0.7,-6.88,-4.75,8.39,-0.48,5.0,8.67,14.0,0.6,0.3,0.7,-9.97,-8.29,2.01,-4.06,5.0,9.93,14.0,0.6,0.3,0.7,1002.52,1003.8,1012.44,1007.9,5.0,10.78,14.0,0.6,0.3,0.7,6.6,8.0,8.0,7.4,5.0,0.9,14.0,0.6,0.3,0.7,-97.6,-53.0,88.2,-15.7,5.0,111.5,14.0,0.6,0.3,0.7,-134.2,-91.9,42.3,-47.4,5.0,137.9,14.0,0.6,0.3,0.7,1.0,1.1,3.79,2.28,5.0,1.96,14.0,0.6,0.3,0.7,11.7,13.9,48.1,27.2,5.0,21.3,14.0,0.6,0.3,0.7,0.68,1.1,1.93,1.3,3.0,0.93,8.0,0.7,0.2,0.7,7.4,14.2,20.8,14.1,3.0,9.8,8.0,0.7,0.2,0.7,1.4,16.6,28.4,14.4,5.0,16.1,14.0,0.6,0.3,0.7,-15.2,13.4,28.6,7.6,5.0,24.4,14.0,0.6,0.3,0.7,0.7,32.7,37.3,19.3,3.0,29.2,8.0,0.7,0.2,0.7,-30.4,-24.6,-20.7,-25.5,3.0,7.2,8.0,0.7,0.2,0.7,-7.0,3.7,8.6,0.9,3.0,11.7,8.0,0.7,0.2,0.7,-17.0,-9.1,-4.3,-10.7,3.0,9.4,8.0,0.7,0.2,0.7,934.0,2146.5,3038.5,2047.0,5.0,1207.5,14.0,0.6,0.3,0.7,935.0,2145.0,3040.0,2045.0,5.0,1210.0,14.0,0.6,0.3,0.7
1974,2,179.0,53.0,1.27,3.0,4.37,2.94,9.0,1.67,12.0,0.4,0.4,0.5,-1.73,-1.0,2.37,-0.11,9.0,2.38,10.0,0.4,0.4,0.5,2.68,3.35,3.99,3.3,8.0,0.64,10.0,0.5,0.3,0.4,77.9,82.0,92.8,83.5,8.0,11.2,10.0,0.5,0.4,8.1,11.8,12.9,10.86,10.0,3.11,10.0,0.4,0.4,0.5,-9.2,-3.39,1.0,-3.32,10.0,5.52,10.0,0.4,0.4,0.5,-9.89,-7.71,4.56,-4.18,10.0,8.86,10.0,0.4,0.4,0.5,995.03,1002.4,1011.93,1003.14,10.0,8.73,10.0,0.4,0.4,0.5,5.1,7.5,8.0,6.8,8.0,1.6,12.0,0.5,0.4,0.5,-118.7,-27.8,5.1,-45.9,10.0,72.3,10.0,0.4,0.4,0.5,-127.6,-73.8,70.8,-42.3,10.0,111.0,10.0,0.4,0.4,0.5,-0.39,3.0,5.44,2.69,8.0,2.8,12.0,0.5,0.4,0.5,-5.3,25.3,51.0,28.3,8.0,34.8,12.0,0.5,0.4,0.5,0.6,1.36,2.47,1.5,7.0,1.02,12.0,0.6,0.3,0.4,7.7,10.5,27.1,15.2,7.0,12.8,12.0,0.6,0.3,0.4,-6.6,0.0,19.9,5.6,9.0,14.3,10.0,0.4,0.4,0.5,1.3,8.7,35.1,14.9,9.0,19.2,10.0,0.4,0.4,0.5,-29.5,-9.9,0.0,-12.2,8.0,14.9,10.0,0.5,0.3,0.4,-29.3,-20.8,39.8,-6.0,8.0,34.9,10.0,0.5,0.3,0.4,-10.0,0.0,0.2,-5.5,7.0,11.1,12.0,0.6,0.3,0.4,-24.2,-9.9,0.4,-10.5,7.0,12.2,12.0,0.6,0.3,0.4,558.0,1652.0,2146.5,1551.0,10.0,1059.5,10.0,0.4,0.4,0.5,560.0,1650.0,2145.0,1550.0,10.0,1060.0,10.0,0.4,0.4,0.5
1974,2,179.0,55.0,,,,,,,,,,,,,,,,,,,,,,,,,,,,,,,,,,,,,,,,10.83,10.9,10.97,10.9,2.0,0.14,12.0,0.5,0.5,0.5,-3.53,0.72,4.97,0.72,2.0,8.8,12.0,0.5,0.5,0.5,-9.33,-8.9,-8.47,-8.9,2.0,0.89,12.0,0.5,0.5,0.5,1005.35,1008.9,1012.45,1008.9,2.0,7.35,12.0,0.5,0.5,0.5,,,,,,,,,,,,,,,,,,,,,,,,,,,,,,,,,,,,,,,,,,,,,,,,,,,,,,,,,,,,,,,,,,,,,,,,,,,,,,,,,,,,,,,,,,,,,,,,,,,,,,,,,,,,,,,,,,,,,,,,,,,,,,,,,,,,,,,,,,,,,,,,,,,,,,
1974,2,179.0,57.0,,,,,,,,,,,,,,,,,,,,,,,,,,,,,,,,,,,,,,,,6.0,7.6,8.46,7.25,4.0,1.6,18.0,0.0,0.3,0.4,-4.23,-0.85,3.45,-0.41,4.0,4.48,18.0,0.0,0.3,0.4,-2.73,4.56,6.85,2.17,4.0,6.78,18.0,0.0,0.3,0.4,1016.13,1034.7,1039.07,1027.77,3.0,17.84,16.0,0.0,0.3,0.4,,,,,,,,,,,,,,,,,,,,,,,,,,,,,,,,,,,,,,,,,,,,,,,,,,,,,,,,,,,,,,,,,,,,,,,,,,,,,,,,,,,,,,,,,,,,,,,,,,,,,,,,,,,,,,,,,,,,,,,,,,,,,,,,,,,,,,,,,,,,,,,,,,,,,,
1974,2,179.0,58.0,,,,,,,,,,,,,,,,,,,,,,,,,,,,,,,,,,,,,,,,7.58,8.9,13.05,10.25,4.0,3.98,12.0,0.5,0.6,0.2,-11.96,-7.14,-4.65,-8.25,4.0,5.57,12.0,0.5,0.6,0.2,-6.94,-4.38,-1.17,-4.07,4.0,3.46,12.0,0.5,0.6,0.2,1005.43,1013.75,1022.97,1013.72,6.0,9.09,10.0,0.5,0.6,0.2,,,,,,,,,,,,,,,,,,,,,,,,,,,,,,,,,,,,,,,,,,,,,,,,,,,,,,,,,,,,,,,,,,,,,,,,,,,,,,,,,,,,,,,,,,,,,,,,,,,,,,,,,,,,,,,,,,,,,,,,,,,,,,,,,,,,,,,,,,,,,,,,,,,,,,
1974,2,179.0,59.0,,,,,,,,,,,,,,,,,,,,,,,,,,,,,,,,,,,,,,,,7.77,9.0,12.34,10.03,3.0,3.47,12.0,0.3,0.8,0.1,-4.03,-2.46,0.29,-1.88,3.0,3.2,12.0,0.3,0.8,0.1,-11.73,-8.86,-7.43,-9.56,3.0,3.21,12.0,0.3,0.8,0.1,1003.35,1013.25,1023.26,1013.3,4.0,11.51,10.0,0.3,0.8,0.1,,,,,,,,,,,,,,,,,,,,,,,,,,,,,,,,,,,,,,,,,,,,,,,,,,,,,,,,,,,,,,,,,,,,,,,,,,,,,,,,,,,,,,,,,,,,,,,,,,,,,,,,,,,,,,,,,,,,,,,,,,,,,,,,,,,,,,,,,,,,,,,,,,,,,,
1974,2,179.0,60.0,-1.24,0.4,2.17,0.47,3.0,2.5,10.0,0.7,0.3,0.6,-15.43,-14.2,0.95,-7.4,3.0,13.37,10.0,0.7,0.3,0.6,4.15,4.15,4.15,4.15,1.0,0.0,12.0,1.0,0.1,0.9,61.3,61.3,61.3,61.3,1.0,0.0,12.0,1.0,0.9,11.78,13.9,16.02,13.9,3.0,3.1,10.0,0.7,0.3,0.6,-9.97,-8.5,2.04,-4.07,3.0,9.6,10.0,0.7,0.3,0.6,-12.89,-8.93,2.81,-5.13,3.0,11.96,10.0,0.7,0.3,0.6,997.63,1011.9,1019.2,1008.5,3.0,16.07,10.0,0.7,0.3,0.6,6.0,8.0,8.0,7.0,3.0,1.7,10.0,0.7,0.3,0.6,-146.9,-144.5,5.3,-72.5,3.0,127.7,10.0,0.7,0.3,0.6,-210.3,-124.2,21.6,-95.0,3.0,171.7,10.0,0.7,0.3,0.6,1.03,14.0,14.41,7.87,3.0,11.15,10.0,0.7,0.3,0.6,24.9,194.6,231.2,129.6,3.0,161.2,10.0,0.7,0.3,0.6,0.64,0.64,0.64,0.64,1.0,0.0,12.0,1.0,0.1,0.9,6.9,6.9,6.9,6.9,1.0,0.0,12.0,1.0,0.1,0.9,76.2,120.7,154.6,115.5,3.0,57.6,10.0,0.7,0.3,0.6,90.6,143.0,188.1,139.4,3.0,71.5,10.0,0.7,0.3,0.6,28.8,28.8,28.8,28.8,1.0,0.0,12.0,1.0,0.1,0.9,34.4,34.4,34.4,34.4,1.0,0.0,12.0,1.0,0.1,0.9,4.4,4.4,4.4,4.4,1.0,0.0,12.0,1.0,0.1,0.9,5.3,5.3,5.3,5.3,1.0,0.0,12.0,1.0,0.1,0.9,1712.5,2685.5,4206.0,2953.0,3.0,1841.0,10.0,0.7,0.3,0.6,1710.0,2685.0,4205.0,2955.0,3.0,1840.0,10.0,0.7,0.3,0.6
1974,2,179.0,61.0,,,,,,,,,,,,,,,,,,,,,,,,,,,,,,,,,,,,,,,,16.25,17.0,17.0,16.63,3.0,0.64,2.0,0.3,0.6,0.1,-10.7,-10.22,-3.24,-7.05,3.0,6.12,2.0,0.3,0.6,0.1,-15.74,-13.02,-12.45,-14.07,3.0,2.57,2.0,0.3,0.6,0.1,1016.66,1018.3,1023.97,1020.27,3.0,5.61,2.0,0.3,0.6,0.1,,,,,,,,,,,,,,,,,,,,,,,,,,,,,,,,,,,,,,,,,,,,,,,,,,,,,,,,,,,,,,,,,,,,,,,,,,,,,,,,,,,,,,,,,,,,,,,,,,,,,,,,,,,,,,,,,,,,,,,,,,,,,,,,,,,,,,,,,,,,,,,,,,,,,,
1974,2,179.0,77.0,,,,,,,,,,,,,,,,,,,,,,,,,,,,,,,,,,,,,,,,2.58,4.1,6.72,4.63,4.0,2.69,26.0,0.0,0.8,0.8,-1.57,2.51,5.17,1.83,4.0,4.94,26.0,0.0,0.8,0.8,0.62,1.23,2.98,1.78,4.0,1.64,26.0,0.0,0.8,0.8,1008.89,1013.7,1016.6,1012.58,5.0,4.93,24.0,0.0,0.3,0.7,,,,,,,,,,,,,,,,,,,,,,,,,,,,,,,,,,,,,,,,,,,,,,,,,,,,,,,,,,,,,,,,,,,,,,,,,,,,,,,,,,,,,,,,,,,,,,,,,,,,,,,,,,,,,,,,,,,,,,,,,,,,,,,,,,,,,,,,,,,,,,,,,,,,,,
1974,2,180.0,-75.0,,,,,,,,,,,,,,,,,,,,,,,,,,,,,,,,,,,,,,,,,,,,,,,,,,,,,,,,,,,,,,,,,,,,,,,,,,,,,,,,7.0,7.0,7.0,7.0,1.0,0.0,16.0,1.0,0.2,0.4,-81.3,-81.3,-81.3,-81.3,1.0,0.0,16.0,1.0,0.2,0.4,29.6,29.6,29.6,29.6,1.0,0.0,16.0,1.0,0.2,0.4,,,,,,,,,,,,,,,,,,,,,,,,,,,,,,,,,,,,,,,,,,,,,,,,,,,,,,,,,,,,,,,,,,,,,,,,,,,,,,,,,,,,,,,,,,,,,,,,,,,,,,,,,,,,,,,,,,,,,,,,
1974,2,180.0,-68.0,1.1,1.1,1.1,1.1,2.0,0.0,18.0,1.0,0.5,0.1,0.0,0.0,0.0,0.0,2.0,0.0,18.0,1.0,0.5,0.1,3.54,3.57,3.6,3.57,2.0,0.06,18.0,1.0,0.5,0.1,91.3,92.0,92.7,92.0,2.0,1.4,18.0,1.0,0.1,12.9,12.9,12.9,12.9,2.0,0.0,18.0,1.0,0.5,0.1,9.88,9.88,9.88,9.88,2.0,0.0,18.0,1.0,0.5,0.1,-8.29,-8.29,-8.29,-8.29,2.0,0.0,18.0,1.0,0.5,0.1,985.5,985.5,985.5,985.5,2.0,0.0,18.0,1.0,0.5,0.1,7.0,7.0,7.0,7.0,2.0,0.0,18.0,1.0,0.5,0.1,127.5,127.5,127.5,127.5,2.0,0.0,18.0,1.0,0.5,0.1,-107.0,-107.0,-107.0,-107.0,2.0,0.0,18.0,1.0,0.5,0.1,1.1,1.1,1.1,1.1,2.0,0.0,18.0,1.0,0.5,0.1,14.2,14.2,14.2,14.2,2.0,0.0,18.0,1.0,0.5,0.1,0.61,0.63,0.66,0.63,2.0,0.06,18.0,1.0,0.5,0.1,7.8,8.2,8.5,8.2,2.0,0.7,18.0,1.0,0.5,0.1,0.0,0.0,0.0,0.0,2.0,0.0,18.0,1.0,0.5,0.1,0.0,0.0,0.0,0.0,2.0,0.0,18.0,1.0,0.5,0.1,35.0,35.3,35.6,35.3,2.0,0.5,18.0,1.0,0.5,0.1,-29.8,-29.6,-29.4,-29.6,2.0,0.5,18.0,1.0,0.5,0.1,6.0,6.3,6.5,6.3,2.0,0.5,18.0,1.0,0.5,0.1,-5.5,-5.3,-5.0,-5.3,2.0,0.5,18.0,1.0,0.5,0.1,2146.5,2146.5,2146.5,2146.5,2.0,0.0,18.0,1.0,0.5,0.1,2145.0,2145.0,2145.0,2145.0,2.0,0.0,18.0,1.0,0.5,0.1
1974,2,180.0,-52.0,12.0,12.0,12.0,12.0,1.0,0.0,20.0,0.0,1.0,0.9,8.0,8.0,8.0,8.0,1.0,0.0,20.0,0.0,1.0,0.9,5.37,5.37,5.37,5.37,1.0,0.0,20.0,0.0,1.0,0.9,80.8,80.8,80.8,80.8,1.0,0.0,20.0,0.0,0.9,7.2,7.2,7.2,7.2,1.0,0.0,20.0,0.0,1.0,0.9,-2.46,-2.46,-2.46,-2.46,1.0,0.0,20.0,0.0,1.0,0.9,6.77,6.77,6.77,6.77,1.0,0.0,20.0,0.0,1.0,0.9,1010.7,1010.7,1010.7,1010.7,1.0,0.0,20.0,0.0,1.0,0.9,8.0,8.0,8.0,8.0,1.0,0.0,20.0,0.0,1.0,0.9,-17.7,-17.7,-17.7,-17.7,1.0,0.0,20.0,0.0,1.0,0.9,48.7,48.7,48.7,48.7,1.0,0.0,20.0,0.0,1.0,0.9,4.0,4.0,4.0,4.0,1.0,0.0,20.0,0.0,1.0,0.9,28.8,28.8,28.8,28.8,1.0,0.0,20.0,0.0,1.0,0.9,3.34,3.34,3.34,3.34,1.0,0.0,20.0,0.0,1.0,0.9,24.0,24.0,24.0,24.0,1.0,0.0,20.0,0.0,1.0,0.9,-19.7,-19.7,-19.7,-19.7,1.0,0.0,20.0,0.0,1.0,0.9,54.1,54.1,54.1,54.1,1.0,0.0,20.0,0.0,1.0,0.9,-13.2,-13.2,-13.2,-13.2,1.0,0.0,20.0,0.0,1.0,0.9,36.3,36.3,36.3,36.3,1.0,0.0,20.0,0.0,1.0,0.9,-8.2,-8.2,-8.2,-8.2,1.0,0.0,20.0,0.0,1.0,0.9,22.6,22.6,22.6,22.6,1.0,0.0,20.0,0.0,1.0,0.9,373.0,373.0,373.0,373.0,1.0,0.0,20.0,0.0,1.0,0.9,375.0,375.0,375.0,375.0,1.0,0.0,20.0,0.0,1.0,0.9
1974,2,180.0,-47.0,14.8,14.8,14.8,14.8,1.0,0.0,14.0,1.0,0.9,0.9,16.2,16.2,16.2,16.2,1.0,0.0,14.0,1.0,0.9,0.9,10.94,10.94,10.94,10.94,1.0,0.0,14.0,1.0,0.9,0.9,95.6,95.6,95.6,95.6,1.0,0.0,14.0,1.0,0.9,7.7,7.7,7.7,7.7,1.0,0.0,14.0,1.0,0.9,0.9,-1.34,-1.34,-1.34,-1.34,1.0,0.0,14.0,1.0,0.9,0.9,-7.58,-7.58,-7.58,-7.58,1.0,0.0,14.0,1.0,0.9,0.9,1012.2,1012.2,1012.2,1012.2,1.0,0.0,14.0,1.0,0.9,0.9,5.0,5.0,5.0,5.0,1.0,0.0,14.0,1.0,0.9,0.9,-10.3,-10.3,-10.3,-10.3,1.0,0.0,14.0,1.0,0.9,0.9,-58.4,-58.4,-58.4,-58.4,1.0,0.0,14.0,1.0,0.9,0.9,-1.4,-1.4,-1.4,-1.4,1.0,0.0,14.0,1.0,0.9,0.9,-10.8,-10.8,-10.8,-10.8,1.0,0.0,14.0,1.0,0.9,0.9,-0.48,-0.48,-0.48,-0.48,1.0,0.0,14.0,1.0,0.9,0.9,-3.7,-3.7,-3.7,-3.7,1.0,0.0,14.0,1.0,0.9,0.9,-21.7,-21.7,-21.7,-21.7,1.0,0.0,14.0,1.0,0.9,0.9,-122.8,-122.8,-122.8,-122.8,1.0,0.0,14.0,1.0,0.9,0.9,-14.6,-14.6,-14.6,-14.6,1.0,0.0,14.0,1.0,0.9,0.9,-82.9,-82.9,-82.9,-82.9,1.0,0.0,14.0,1.0,0.9,0.9,0.6,0.6,0.6,0.6,1.0,0.0,14.0,1.0,0.9,0.9,3.7,3.7,3.7,3.7,1.0,0.0,14.0,1.0,0.9,0.9,456.5,456.5,456.5,456.5,1.0,0.0,14.0,1.0,0.9,0.9,455.0,455.0,455.0,455.0,1.0,0.0,14.0,1.0,0.9,0.9
1974,2,180.0,-46.0,,,,,,,,,,,,,,,,,,,,,,,,,,,,,,,,,,,,,,,,3.1,3.1,3.1,3.1,1.0,0.0,18.0,1.0,0.2,0.8,0.0,0.0,0.0,0.0,1.0,0.0,18.0,1.0,0.2,0.8,3.1,3.1,3.1,3.1,1.0,0.0,18.0,1.0,0.2,0.8,1033.5,1033.5,1033.5,1033.5,1.0,0.0,18.0,1.0,0.2,0.8,,,,,,,,,,,,,,,,,,,,,,,,,,,,,,,,,,,,,,,,,,,,,,,,,,,,,,,,,,,,,,,,,,,,,,,,,,,,,,,,,,,,,,,,,,,,,,,,,,,,,,,,,,,,,,,,,,,,,,,,,,,,,,,,,,,,,,,,,,,,,,,,,,,,,,
1974,2,180.0,-45.0,,,,,,,,,,,,,,,,,,,,,,,,,,,,,,,,,,,,,,,,12.0,12.0,12.0,12.0,1.0,0.0,24.0,1.0,0.9,1.0,-2.08,-2.08,-2.08,-2.08,1.0,0.0,24.0,1.0,0.9,1.0,-11.82,-11.82,-11.82,-11.82,1.0,0.0,24.0,1.0,0.9,1.0,1015.0,1015.0,1015.0,1015.0,1.0,0.0,24.0,1.0,0.9,1.0,,,,,,,,,,,,,,,,,,,,,,,,,,,,,,,,,,,,,,,,,,,,,,,,,,,,,,,,,,,,,,,,,,,,,,,,,,,,,,,,,,,,,,,,,,,,,,,,,,,,,,,,,,,,,,,,,,,,,,,,,,,,,,,,,,,,,,,,,,,,,,,,,,,,,,
1974,2,180.0,-44.0,18.3,18.3,18.3,18.3,1.0,0.0,24.0,1.0,0.3,1.0,19.0,19.0,19.0,19.0,1.0,0.0,24.0,1.0,0.3,1.0,9.76,9.76,9.76,9.76,1.0,0.0,24.0,1.0,0.3,1.0,71.8,71.8,71.8,71.8,1.0,0.0,24.0,1.0,1.0,10.8,10.8,10.8,10.8,1.0,0.0,24.0,1.0,0.3,1.0,0.0,0.0,0.0,0.0,1.0,0.0,24.0,1.0,0.3,1.0,-10.8,-10.8,-10.8,-10.8,1.0,0.0,24.0,1.0,0.3,1.0,1015.8,1015.8,1015.8,1015.8,1.0,0.0,24.0,1.0,0.3,1.0,7.0,7.0,7.0,7.0,1.0,0.0,24.0,1.0,0.3,1.0,0.0,0.0,0.0,0.0,1.0,0.0,24.0,1.0,0.3,1.0,-116.6,-116.6,-116.6,-116.6,1.0,0.0,24.0,1.0,0.3,1.0,-0.7,-0.7,-0.7,-0.7,1.0,0.0,24.0,1.0,0.3,1.0,-7.6,-7.6,-7.6,-7.6,1.0,0.0,24.0,1.0,0.3,1.0,3.28,3.28,3.28,3.28,1.0,0.0,24.0,1.0,0.3,1.0,35.4,35.4,35.4,35.4,1.0,0.0,24.0,1.0,0.3,1.0,0.0,0.0,0.0,0.0,1.0,0.0,24.0,1.0,0.3,1.0,-205.2,-205.2,-205.2,-205.2,1.0,0.0,24.0,1.0,0.3,1.0,0.0,0.0,0.0,0.0,1.0,0.0,24.0,1.0,0.3,1.0,-105.4,-105.4,-105.4,-105.4,1.0,0.0,24.0,1.0,0.3,1.0,0.0,0.0,0.0,0.0,1.0,0.0,24.0,1.0,0.3,1.0,-35.4,-35.4,-35.4,-35.4,1.0,0.0,24.0,1.0,0.3,1.0,1259.5,1259.5,1259.5,1259.5,1.0,0.0,24.0,1.0,0.3,1.0,1260.0,1260.0,1260.0,1260.0,1.0,0.0,24.0,1.0,0.3,1.0
1974,2,180.0,-42.0,19.59,20.0,20.0,19.8,3.0,0.35,8.0,1.0,0.4,0.6,18.1,18.3,18.78,18.43,3.0,0.51,8.0,1.0,0.4,0.6,11.24,12.59,12.71,11.99,3.0,1.19,8.0,1.0,0.4,0.6,87.3,93.9,96.0,91.7,3.0,6.6,8.0,1.0,0.6,5.58,7.7,11.25,8.4,3.0,4.19,8.0,1.0,0.4,0.6,-6.34,-4.41,-4.12,-5.21,3.0,1.77,8.0,1.0,0.4,0.6,-9.11,-2.63,0.73,-4.15,3.0,7.33,8.0,1.0,0.4,0.6,1017.95,1018.5,1025.8,1021.8,3.0,6.42,8.0,1.0,0.4,0.6,7.3,8.0,8.0,7.7,3.0,0.6,8.0,1.0,0.4,0.6,-56.5,-55.7,-30.2,-43.7,3.0,21.9,8.0,1.0,0.4,0.6,-113.2,-20.3,0.8,-55.4,3.0,88.8,8.0,1.0,0.4,0.6,0.81,1.7,1.9,1.37,3.0,0.85,8.0,1.0,0.4,0.6,4.6,7.8,20.1,12.2,3.0,12.0,8.0,1.0,0.4,0.6,1.4,1.87,3.12,2.25,3.0,1.3,8.0,1.0,0.4,0.6,8.8,9.1,35.4,21.8,3.0,22.4,8.0,1.0,0.4,0.6,-119.0,-79.4,-75.0,-96.6,3.0,35.6,8.0,1.0,0.4,0.6,-164.8,-50.0,12.8,-75.4,3.0,132.0,8.0,1.0,0.4,0.6,-79.0,-50.2,-47.9,-63.1,3.0,25.4,8.0,1.0,0.4,0.6,-98.5,-33.6,9.1,-44.4,3.0,79.4,8.0,1.0,0.4,0.6,-13.8,-8.5,-7.8,-10.8,3.0,4.8,8.0,1.0,0.4,0.6,-31.6,-3.1,2.0,-14.5,3.0,26.5,8.0,1.0,0.4,0.6,211.5,456.5,1610.0,900.0,3.0,1094.5,8.0,1.0,0.4,0.6,210.0,455.0,1610.0,900.0,3.0,1095.0,8.0,1.0,0.4,0.6
1974,2,180.0,-41.0,20.0,20.0,20.0,20.0,1.0,0.0,12.0,1.0,0.1,0.9,21.0,21.0,21.0,21.0,1.0,0.0,12.0,1.0,0.1,0.9,12.69,12.69,12.69,12.69,1.0,0.0,12.0,1.0,0.1,0.9,83.0,83.0,83.0,83.0,1.0,0.0,12.0,1.0,0.9,7.7,7.7,7.7,7.7,1.0,0.0,12.0,1.0,0.1,0.9,2.63,2.63,2.63,2.63,1.0,0.0,12.0,1.0,0.1,0.9,7.24,7.24,7.24,7.24,1.0,0.0,12.0,1.0,0.1,0.9,1023.2,1023.2,1023.2,1023.2,1.0,0.0,12.0,1.0,0.1,0.9,8.0,8.0,8.0,8.0,1.0,0.0,12.0,1.0,0.1,0.9,20.3,20.3,20.3,20.3,1.0,0.0,12.0,1.0,0.1,0.9,55.7,55.7,55.7,55.7,1.0,0.0,12.0,1.0,0.1,0.9,-1.0,-1.0,-1.0,-1.0,1.0,0.0,12.0,1.0,0.1,0.9,-7.7,-7.7,-7.7,-7.7,1.0,0.0,12.0,1.0,0.1,0.9,1.7,1.7,1.7,1.7,1.0,0.0,12.0,1.0,0.1,0.9,13.1,13.1,13.1,13.1,1.0,0.0,12.0,1.0,0.1,0.9,55.3,55.3,55.3,55.3,1.0,0.0,12.0,1.0,0.1,0.9,151.9,151.9,151.9,151.9,1.0,0.0,12.0,1.0,0.1,0.9,33.4,33.4,33.4,33.4,1.0,0.0,12.0,1.0,0.1,0.9,91.8,91.8,91.8,91.8,1.0,0.0,12.0,1.0,0.1,0.9,4.5,4.5,4.5,4.5,1.0,0.0,12.0,1.0,0.1,0.9,12.3,12.3,12.3,12.3,1.0,0.0,12.0,1.0,0.1,0.9,456.5,456.5,456.5,456.5,1.0,0.0,12.0,1.0,0.1,0.9,455.0,455.0,455.0,455.0,1.0,0.0,12.0,1.0,0.1,0.9
1974,2,180.0,-40.0,21.23,21.5,21.77,21.5,2.0,0.57,18.0,1.0,0.4,0.7,19.54,19.85,20.16,19.85,2.0,0.64,18.0,1.0,0.4,0.7,10.73,10.73,10.73,10.73,1.0,0.0,24.0,1.0,0.8,0.6,77.2,77.2,77.2,77.2,1.0,0.0,24.0,1.0,0.6,4.66,6.95,9.24,6.95,2.0,4.74,18.0,1.0,0.4,0.7,-3.31,-2.69,-2.08,-2.69,2.0,1.28,18.0,1.0,0.4,0.7,-8.53,-5.07,-1.61,-5.07,2.0,7.17,18.0,1.0,0.4,0.7,1019.32,1022.15,1024.98,1022.15,2.0,5.87,18.0,1.0,0.4,0.7,7.2,7.5,7.8,7.5,2.0,0.7,18.0,1.0,0.4,0.7,-17.6,-15.7,-13.8,-15.7,2.0,3.9,18.0,1.0,0.4,0.7,-87.9,-52.2,-16.6,-52.2,2.0,73.9,18.0,1.0,0.4,0.7,1.62,1.65,1.68,1.65,2.0,0.07,18.0,1.0,0.4,0.7,7.6,11.6,15.6,11.6,2.0,8.3,18.0,1.0,0.4,0.7,4.76,4.76,4.76,4.76,1.0,0.0,24.0,1.0,0.8,0.6,49.1,49.1,49.1,49.1,1.0,0.0,24.0,1.0,0.8,0.6,-67.0,-53.9,-40.8,-53.9,2.0,27.1,18.0,1.0,0.4,0.7,-165.6,-98.4,-31.2,-98.4,2.0,139.1,18.0,1.0,0.4,0.7,-19.2,-19.2,-19.2,-19.2,1.0,0.0,24.0,1.0,0.8,0.6,-108.9,-108.9,-108.9,-108.9,1.0,0.0,24.0,1.0,0.8,0.6,-8.5,-8.5,-8.5,-8.5,1.0,0.0,24.0,1.0,0.8,0.6,-48.3,-48.3,-48.3,-48.3,1.0,0.0,24.0,1.0,0.8,0.6,212.5,569.5,926.5,569.5,2.0,739.5,18.0,1.0,0.4,0.7,215.0,570.0,925.0,570.0,2.0,740.0,18.0,1.0,0.4,0.7
1974,2,180.0,-39.0,21.22,21.7,22.18,21.7,2.0,0.99,20.0,0.5,0.6,0.8,22.03,22.1,22.17,22.1,2.0,0.14,20.0,0.5,0.6,0.8,13.02,13.85,14.68,13.85,2.0,1.72,20.0,0.5,0.6,0.8,79.2,83.9,88.5,83.9,2.0,9.6,20.0,0.5,0.8,4.85,5.4,5.95,5.4,2.0,1.13,20.0,0.5,0.6,0.8,4.39,4.54,4.68,4.54,2.0,0.3,20.0,0.5,0.6,0.8,-3.6,-2.78,-1.96,-2.78,2.0,1.71,20.0,0.5,0.6,0.8,1015.03,1015.1,1015.17,1015.1,2.0,0.14,20.0,0.5,0.6,0.8,2.2,2.5,2.8,2.5,2.0,0.7,20.0,0.5,0.6,0.8,21.4,24.7,27.9,24.7,2.0,6.8,20.0,0.5,0.6,0.8,-21.9,-16.0,-10.0,-16.0,2.0,12.4,20.0,0.5,0.6,0.8,-0.81,-0.4,0.01,-0.4,2.0,0.85,20.0,0.5,0.6,0.8,-3.7,-1.7,0.3,-1.7,2.0,4.1,20.0,0.5,0.6,0.8,1.94,2.29,2.65,2.29,2.0,0.73,20.0,0.5,0.6,0.8,11.3,12.0,12.6,12.0,2.0,1.4,20.0,0.5,0.6,0.8,96.7,100.3,103.8,100.3,2.0,7.3,20.0,0.5,0.6,0.8,-79.9,-61.5,-43.2,-61.5,2.0,38.1,20.0,0.5,0.6,0.8,57.3,63.1,68.9,63.1,2.0,12.0,20.0,0.5,0.6,0.8,-53.7,-40.0,-26.3,-40.0,2.0,28.4,20.0,0.5,0.6,0.8,9.0,10.3,11.6,10.3,2.0,2.6,20.0,0.5,0.6,0.8,-6.7,-5.7,-4.8,-5.7,2.0,1.9,20.0,0.5,0.6,0.8,119.5,168.0,216.0,168.0,2.0,99.5,20.0,0.5,0.6,0.8,120.0,170.0,215.0,170.0,2.0,100.0,20.0,0.5,0.6,0.8
1974,2,180.0,-37.0,22.3,22.3,22.3,22.3,1.0,0.0,26.0,1.0,0.2,1.0,23.4,23.4,23.4,23.4,1.0,0.0,26.0,1.0,0.2,1.0,11.72,11.72,11.72,11.72,1.0,0.0,26.0,1.0,0.2,1.0,65.6,65.6,65.6,65.6,1.0,0.0,26.0,1.0,1.0,5.1,5.1,5.1,5.1,1.0,0.0,26.0,1.0,0.2,1.0,-4.79,-4.79,-4.79,-4.79,1.0,0.0,26.0,1.0,0.2,1.0,-1.74,-1.74,-1.74,-1.74,1.0,0.0,26.0,1.0,0.2,1.0,1013.5,1013.5,1013.5,1013.5,1.0,0.0,26.0,1.0,0.2,1.0,8.0,8.0,8.0,8.0,1.0,0.0,26.0,1.0,0.2,1.0,-24.4,-24.4,-24.4,-24.4,1.0,0.0,26.0,1.0,0.2,1.0,-8.9,-8.9,-8.9,-8.9,1.0,0.0,26.0,1.0,0.2,1.0,-1.1,-1.1,-1.1,-1.1,1.0,0.0,26.0,1.0,0.2,1.0,-5.6,-5.6,-5.6,-5.6,1.0,0.0,26.0,1.0,0.2,1.0,5.04,5.04,5.04,5.04,1.0,0.0,26.0,1.0,0.2,1.0,25.7,25.7,25.7,25.7,1.0,0.0,26.0,1.0,0.2,1.0,-112.1,-112.1,-112.1,-112.1,1.0,0.0,26.0,1.0,0.2,1.0,-40.8,-40.8,-40.8,-40.8,1.0,0.0,26.0,1.0,0.2,1.0,-56.2,-56.2,-56.2,-56.2,1.0,0.0,26.0,1.0,0.2,1.0,-20.4,-20.4,-20.4,-20.4,1.0,0.0,26.0,1.0,0.2,1.0,-24.2,-24.2,-24.2,-24.2,1.0,0.0,26.0,1.0,0.2,1.0,-8.8,-8.8,-8.8,-8.8,1.0,0.0,26.0,1.0,0.2,1.0,132.5,132.5,132.5,132.5,1.0,0.0,26.0,1.0,0.2,1.0,135.0,135.0,135.0,135.0,1.0,0.0,26.0,1.0,0.2,1.0
1974,2,180.0,-36.0,,,,,,,,,,,,,,,,,,,,,,,,,,,,,,,,,,,,,,,,2.1,2.1,2.1,2.1,1.0,0.0,20.0,1.0,0.5,0.6,0.36,0.36,0.36,0.36,1.0,0.0,20.0,1.0,0.5,0.6,-2.07,-2.07,-2.07,-2.07,1.0,0.0,20.0,1.0,0.5,0.6,1016.2,1016.2,1016.2,1016.2,1.0,0.0,20.0,1.0,0.5,0.6,2.0,2.0,2.0,2.0,1.0,0.0,20.0,1.0,0.5,0.6,0.8,0.8,0.8,0.8,1.0,0.0,20.0,1.0,0.5,0.6,-4.3,-4.3,-4.3,-4.3,1.0,0.0,20.0,1.0,0.5,0.6,,,,,,,,,,,,,,,,,,,,,,,,,,,,,,,,,,,,,,,,,9.0,9.0,9.0,9.0,1.0,0.0,20.0,1.0,0.5,0.6,-51.1,-51.1,-51.1,-51.1,1.0,0.0,20.0,1.0,0.5,0.6,5.3,5.3,5.3,5.3,1.0,0.0,20.0,1.0,0.5,0.6,-30.2,-30.2,-30.2,-30.2,1.0,0.0,20.0,1.0,0.5,0.6,,,,,,,,,,,,,,,,,,,,,,,,,,,,,,,,,,,,,,,,
1974,2,180.0,-35.0,20.79,21.3,22.33,21.55,4.0,1.05,14.0,1.0,0.6,0.6,21.03,21.8,22.11,21.56,5.0,0.81,14.0,0.8,0.7,0.5,13.73,13.81,14.61,14.13,5.0,0.59,14.0,0.8,0.7,0.5,84.6,87.3,93.0,88.7,5.0,5.3,14.0,0.8,0.5,4.89,6.7,11.1,8.04,5.0,5.37,14.0,0.8,0.7,0.5,-10.43,-6.11,-4.63,-7.54,5.0,5.02,14.0,0.8,0.7,0.5,-1.65,0.0,4.25,1.09,5.0,3.43,14.0,0.8,0.7,0.5,1014.58,1018.5,1020.88,1017.36,5.0,5.33,14.0,0.8,0.7,0.5,5.2,8.0,8.0,6.6,5.0,2.6,14.0,0.8,0.7,0.5,-134.5,-38.9,-26.5,-82.2,5.0,107.4,14.0,0.8,0.7,0.5,-11.6,0.0,50.3,18.9,5.0,47.3,14.0,0.8,0.7,0.5,-0.62,0.1,0.98,0.18,4.0,1.05,14.0,1.0,0.6,0.6,-3.9,1.3,5.4,0.8,4.0,5.8,14.0,1.0,0.6,0.6,1.26,1.97,2.92,2.08,4.0,1.14,14.0,1.0,0.6,0.6,9.9,12.4,14.5,12.2,4.0,2.7,14.0,1.0,0.6,0.6,-220.3,-134.3,-100.7,-160.2,5.0,98.9,14.0,0.8,0.7,0.5,-36.5,0.0,89.3,21.6,5.0,72.1,14.0,0.8,0.7,0.5,-152.9,-83.5,-63.8,-107.5,5.0,72.9,14.0,0.8,0.7,0.5,-23.8,0.0,59.7,15.0,5.0,49.4,14.0,0.8,0.7,0.5,-13.1,-11.7,-9.9,-11.5,4.0,1.9,14.0,1.0,0.6,0.6,-1.0,2.4,6.2,2.6,4.0,4.3,14.0,1.0,0.6,0.6,157.5,301.0,2084.0,1185.0,5.0,2090.0,14.0,0.8,0.7,0.5,160.0,300.0,2085.0,1185.0,5.0,2090.0,14.0,0.8,0.7,0.5
1974,2,180.0,-33.0,23.4,23.4,23.4,23.4,1.0,0.0,28.0,1.0,0.7,0.5,22.4,22.4,22.4,22.4,1.0,0.0,28.0,1.0,0.7,0.5,12.26,12.26,12.26,12.26,1.0,0.0,28.0,1.0,0.7,0.5,72.4,72.4,72.4,72.4,1.0,0.0,28.0,1.0,0.5,9.3,9.3,9.3,9.3,1.0,0.0,28.0,1.0,0.7,0.5,3.18,3.18,3.18,3.18,1.0,0.0,28.0,1.0,0.7,0.5,8.74,8.74,8.74,8.74,1.0,0.0,28.0,1.0,0.7,0.5,1007.2,1007.2,1007.2,1007.2,1.0,0.0,28.0,1.0,0.7,0.5,3.0,3.0,3.0,3.0,1.0,0.0,28.0,1.0,0.7,0.5,29.6,29.6,29.6,29.6,1.0,0.0,28.0,1.0,0.7,0.5,81.3,81.3,81.3,81.3,1.0,0.0,28.0,1.0,0.7,0.5,1.0,1.0,1.0,1.0,1.0,0.0,28.0,1.0,0.7,0.5,9.3,9.3,9.3,9.3,1.0,0.0,28.0,1.0,0.7,0.5,5.79,5.79,5.79,5.79,1.0,0.0,28.0,1.0,0.7,0.5,53.9,53.9,53.9,53.9,1.0,0.0,28.0,1.0,0.7,0.5,71.2,71.2,71.2,71.2,1.0,0.0,28.0,1.0,0.7,0.5,195.8,195.8,195.8,195.8,1.0,0.0,28.0,1.0,0.7,0.5,39.0,39.0,39.0,39.0,1.0,0.0,28.0,1.0,0.7,0.5,107.1,107.1,107.1,107.1,1.0,0.0,28.0,1.0,0.7,0.5,18.4,18.4,18.4,18.4,1.0,0.0,28.0,1.0,0.7,0.5,50.6,50.6,50.6,50.6,1.0,0.0,28.0,1.0,0.7,0.5,804.5,804.5,804.5,804.5,1.0,0.0,28.0,1.0,0.7,0.5,805.0,805.0,805.0,805.0,1.0,0.0,28.0,1.0,0.7,0.5
1974,2,180.0,-32.0,21.5,21.5,21.5,21.5,1.0,0.0,6.0,0.0,0.4,0.9,22.0,22.0,22.0,22.0,1.0,0.0,6.0,0.0,0.4,0.9,15.5,15.5,15.5,15.5,1.0,0.0,6.0,0.0,0.4,0.9,94.1,94.1,94.1,94.1,1.0,0.0,6.0,0.0,0.9,2.6,2.6,2.6,2.6,1.0,0.0,6.0,0.0,0.4,0.9,-2.25,-2.25,-2.25,-2.25,1.0,0.0,6.0,0.0,0.4,0.9,1.3,1.3,1.3,1.3,1.0,0.0,6.0,0.0,0.4,0.9,1011.7,1011.7,1011.7,1011.7,1.0,0.0,6.0,0.0,0.4,0.9,6.0,6.0,6.0,6.0,1.0,0.0,6.0,0.0,0.4,0.9,-5.9,-5.9,-5.9,-5.9,1.0,0.0,6.0,0.0,0.4,0.9,3.4,3.4,3.4,3.4,1.0,0.0,6.0,0.0,0.4,0.9,-0.5,-0.5,-0.5,-0.5,1.0,0.0,6.0,0.0,0.4,0.9,-1.3,-1.3,-1.3,-1.3,1.0,0.0,6.0,0.0,0.4,0.9,0.49,0.49,0.49,0.49,1.0,0.0,6.0,0.0,0.4,0.9,1.3,1.3,1.3,1.3,1.0,0.0,6.0,0.0,0.4,0.9,-49.5,-49.5,-49.5,-49.5,1.0,0.0,6.0,0.0,0.4,0.9,28.6,28.6,28.6,28.6,1.0,0.0,6.0,0.0,0.4,0.9,-34.9,-34.9,-34.9,-34.9,1.0,0.0,6.0,0.0,0.4,0.9,20.1,20.1,20.1,20.1,1.0,0.0,6.0,0.0,0.4,0.9,-1.1,-1.1,-1.1,-1.1,1.0,0.0,6.0,0.0,0.4,0.9,0.6,0.6,0.6,0.6,1.0,0.0,6.0,0.0,0.4,0.9,17.5,17.5,17.5,17.5,1.0,0.0,6.0,0.0,0.4,0.9,20.0,20.0,20.0,20.0,1.0,0.0,6.0,0.0,0.4,0.9
1974,2,180.0,-31.0,23.31,24.4,24.47,23.9,3.0,0.95,16.0,1.0,0.8,0.5,22.35,23.75,24.79,23.58,4.0,1.74,12.0,0.8,0.8,0.4,14.76,16.39,17.31,16.05,4.0,1.6,12.0,0.8,0.8,0.4,85.4,87.9,91.7,88.5,4.0,4.3,12.0,0.8,0.4,4.08,5.4,6.2,5.15,4.0,1.28,12.0,0.8,0.8,0.4,-5.46,-4.64,-3.79,-4.63,4.0,1.22,12.0,0.8,0.8,0.4,-2.47,0.14,1.46,-0.48,4.0,2.58,12.0,0.8,0.8,0.4,1012.16,1015.6,1016.16,1014.23,4.0,3.25,12.0,0.8,0.8,0.4,1.0,1.0,5.1,3.0,3.0,3.5,14.0,0.7,0.7,0.4,-33.9,-25.1,-15.8,-24.8,4.0,11.4,12.0,0.8,0.8,0.4,-14.7,1.4,6.6,-3.8,4.0,14.7,12.0,0.8,0.8,0.4,-0.97,-0.7,0.12,-0.43,3.0,0.83,16.0,1.0,0.8,0.5,-5.5,-2.5,1.3,-2.1,3.0,5.0,16.0,1.0,0.8,0.5,1.64,1.67,1.89,1.76,3.0,0.2,16.0,1.0,0.8,0.5,7.3,10.4,11.7,9.5,3.0,3.3,16.0,1.0,0.8,0.5,-134.4,-108.8,-84.3,-109.4,4.0,31.6,12.0,0.8,0.8,0.4,-61.3,4.4,34.5,-12.6,4.0,64.4,12.0,0.8,0.8,0.4,-94.6,-72.4,-55.7,-75.0,4.0,24.9,12.0,0.8,0.8,0.4,-41.1,3.8,23.7,-8.1,4.0,43.5,12.0,0.8,0.8,0.4,-10.0,-9.5,-6.5,-8.2,3.0,2.8,16.0,1.0,0.8,0.5,-4.8,1.8,2.6,-1.1,3.0,6.0,16.0,1.0,0.8,0.5,71.0,168.0,238.5,155.0,4.0,98.0,12.0,0.8,0.8,0.4,70.0,170.0,240.0,155.0,4.0,100.0,12.0,0.8,0.8,0.4
1974,2,180.0,-30.0,23.3,23.3,23.3,23.3,1.0,0.0,22.0,1.0,0.5,1.0,24.4,24.4,24.4,24.4,1.0,0.0,22.0,1.0,0.5,1.0,15.91,15.91,15.91,15.91,1.0,0.0,22.0,1.0,0.5,1.0,83.4,83.4,83.4,83.4,1.0,0.0,22.0,1.0,1.0,7.7,7.7,7.7,7.7,1.0,0.0,22.0,1.0,0.5,1.0,-7.58,-7.58,-7.58,-7.58,1.0,0.0,22.0,1.0,0.5,1.0,1.34,1.34,1.34,1.34,1.0,0.0,22.0,1.0,0.5,1.0,1010.5,1010.5,1010.5,1010.5,1.0,0.0,22.0,1.0,0.5,1.0,5.0,5.0,5.0,5.0,1.0,0.0,22.0,1.0,0.5,1.0,-58.4,-58.4,-58.4,-58.4,1.0,0.0,22.0,1.0,0.5,1.0,10.3,10.3,10.3,10.3,1.0,0.0,22.0,1.0,0.5,1.0,-1.1,-1.1,-1.1,-1.1,1.0,0.0,22.0,1.0,0.5,1.0,-8.5,-8.5,-8.5,-8.5,1.0,0.0,22.0,1.0,0.5,1.0,1.97,1.97,1.97,1.97,1.0,0.0,22.0,1.0,0.5,1.0,15.2,15.2,15.2,15.2,1.0,0.0,22.0,1.0,0.5,1.0,-185.0,-185.0,-185.0,-185.0,1.0,0.0,22.0,1.0,0.5,1.0,32.6,32.6,32.6,32.6,1.0,0.0,22.0,1.0,0.5,1.0,-120.6,-120.6,-120.6,-120.6,1.0,0.0,22.0,1.0,0.5,1.0,21.3,21.3,21.3,21.3,1.0,0.0,22.0,1.0,0.5,1.0,-15.0,-15.0,-15.0,-15.0,1.0,0.0,22.0,1.0,0.5,1.0,2.6,2.6,2.6,2.6,1.0,0.0,22.0,1.0,0.5,1.0,456.5,456.5,456.5,456.5,1.0,0.0,22.0,1.0,0.5,1.0,455.0,455.0,455.0,455.0,1.0,0.0,22.0,1.0,0.5,1.0
1974,2,180.0,-29.0,26.0,26.0,26.0,26.0,1.0,0.0,24.0,1.0,0.4,1.0,23.24,23.75,24.26,23.75,2.0,1.06,12.0,1.0,0.5,0.9,13.61,15.43,17.24,15.43,2.0,3.76,12.0,1.0,0.5,0.9,76.7,83.8,90.9,83.8,2.0,14.7,12.0,1.0,0.9,9.78,10.8,11.82,10.8,2.0,2.12,12.0,1.0,0.5,0.9,-9.31,-9.08,-8.85,-9.08,2.0,0.48,12.0,1.0,0.5,0.9,3.93,5.54,7.16,5.54,2.0,3.34,12.0,1.0,0.5,0.9,1012.39,1014.3,1016.21,1014.3,2.0,3.96,12.0,1.0,0.5,0.9,2.2,2.5,2.8,2.5,2.0,0.7,12.0,1.0,0.5,0.9,-110.4,-98.6,-86.8,-98.6,2.0,24.5,12.0,1.0,0.5,0.9,40.3,63.4,86.5,63.4,2.0,47.8,12.0,1.0,0.5,0.9,1.5,1.5,1.5,1.5,1.0,0.0,24.0,1.0,0.4,1.0,14.0,14.0,14.0,14.0,1.0,0.0,24.0,1.0,0.4,1.0,2.95,2.95,2.95,2.95,1.0,0.0,24.0,1.0,0.4,1.0,27.5,27.5,27.5,27.5,1.0,0.0,24.0,1.0,0.4,1.0,-216.3,-215.4,-214.5,-215.4,2.0,1.8,12.0,1.0,0.5,0.9,94.4,129.9,165.4,129.9,2.0,73.5,12.0,1.0,0.5,0.9,-152.0,-139.2,-126.3,-139.2,2.0,26.6,12.0,1.0,0.5,0.9,64.4,79.2,94.1,79.2,2.0,30.7,12.0,1.0,0.5,0.9,-25.8,-25.8,-25.8,-25.8,1.0,0.0,24.0,1.0,0.4,1.0,9.4,9.4,9.4,9.4,1.0,0.0,24.0,1.0,0.4,1.0,972.0,1332.5,1693.0,1332.5,2.0,747.0,12.0,1.0,0.5,0.9,970.0,1335.0,1695.0,1335.0,2.0,745.0,12.0,1.0,0.5,0.9
1974,2,180.0,-28.0,26.11,26.35,26.59,26.35,2.0,0.49,10.0,1.0,0.5,0.5,25.0,25.0,25.0,25.0,2.0,0.0,10.0,1.0,0.5,0.5,16.58,16.88,17.17,16.88,2.0,0.61,10.0,1.0,0.5,0.5,84.1,85.5,86.9,85.5,2.0,2.9,10.0,1.0,0.5,6.86,7.2,7.54,7.2,2.0,0.71,10.0,1.0,0.5,0.5,-7.01,-6.52,-6.03,-6.52,2.0,1.01,10.0,1.0,0.5,0.5,2.75,2.99,3.24,2.99,2.0,0.51,10.0,1.0,0.5,0.5,1012.6,1013.25,1013.9,1013.25,2.0,1.34,10.0,1.0,0.5,0.5,3.5,4.5,5.5,4.5,2.0,2.1,10.0,1.0,0.5,0.5,-53.0,-47.3,-41.5,-47.3,2.0,11.9,10.0,1.0,0.5,0.5,20.6,21.4,22.1,21.4,2.0,1.5,10.0,1.0,0.5,0.5,1.11,1.35,1.59,1.35,2.0,0.49,10.0,1.0,0.5,0.5,8.3,9.5,10.8,9.5,2.0,2.6,10.0,1.0,0.5,0.5,4.54,4.57,4.6,4.57,2.0,0.05,10.0,1.0,0.5,0.5,31.5,32.9,34.3,32.9,2.0,2.8,10.0,1.0,0.5,0.5,-175.2,-163.0,-150.7,-163.0,2.0,25.3,10.0,1.0,0.5,0.5,68.7,74.8,80.9,74.8,2.0,12.7,10.0,1.0,0.5,0.5,-116.1,-109.7,-103.4,-109.7,2.0,13.1,10.0,1.0,0.5,0.5,45.6,50.6,55.7,50.6,2.0,10.4,10.0,1.0,0.5,0.5,-31.8,-29.8,-27.7,-29.8,2.0,4.3,10.0,1.0,0.5,0.5,12.5,13.7,14.9,13.7,2.0,2.5,10.0,1.0,0.5,0.5,325.5,378.5,432.0,378.5,2.0,110.0,10.0,1.0,0.5,0.5,325.0,380.0,430.0,380.0,2.0,110.0,10.0,1.0,0.5,0.5
1974,2,180.0,-27.0,26.28,27.3,27.78,27.03,3.0,1.12,18.0,1.0,0.5,0.8,26.49,27.1,27.85,27.17,3.0,1.0,18.0,1.0,0.5,0.8,17.95,18.51,19.21,18.58,3.0,0.92,18.0,1.0,0.5,0.8,78.1,79.3,88.0,82.9,3.0,7.9,18.0,1.0,0.8,5.58,7.7,8.79,7.2,3.0,2.39,18.0,1.0,0.5,0.8,-8.37,-7.58,-5.5,-6.95,3.0,2.17,18.0,1.0,0.5,0.8,0.97,1.34,2.6,1.77,3.0,1.25,18.0,1.0,0.5,0.8,1012.76,1013.1,1014.26,1013.5,3.0,1.15,18.0,1.0,0.5,0.8,4.0,6.0,6.0,5.0,3.0,1.7,18.0,1.0,0.5,0.8,-74.0,-58.4,-32.8,-53.5,3.0,30.5,18.0,1.0,0.5,0.8,5.8,10.3,23.5,14.5,3.0,13.5,18.0,1.0,0.5,0.8,-0.95,-0.2,0.69,-0.13,3.0,1.2,18.0,1.0,0.5,0.8,-4.7,-1.9,5.2,0.2,3.0,7.4,18.0,1.0,0.5,0.8,3.07,3.16,4.53,3.78,3.0,1.2,18.0,1.0,0.5,0.8,17.2,24.3,40.5,28.8,3.0,17.5,18.0,1.0,0.5,0.8,-231.3,-198.7,-146.9,-189.3,3.0,62.4,18.0,1.0,0.5,0.8,25.9,35.0,72.3,48.8,3.0,36.1,18.0,1.0,0.5,0.8,-157.4,-148.1,-101.7,-130.0,3.0,43.7,18.0,1.0,0.5,0.8,17.9,26.1,48.5,33.0,3.0,23.2,18.0,1.0,0.5,0.8,-38.4,-24.0,-17.0,-27.6,3.0,16.0,18.0,1.0,0.5,0.8,3.0,4.2,12.6,7.7,3.0,7.6,18.0,1.0,0.5,0.8,211.5,456.5,694.0,452.5,3.0,353.5,18.0,1.0,0.5,0.8,210.0,455.0,695.0,455.0,3.0,355.0,18.0,1.0,0.5,0.8
1974,2,180.0,-26.0,,,,,,,,,,,,,,,,,,,,,,,,,,,,,,,,,,,,,,,,10.3,10.3,10.3,10.3,1.0,0.0,4.0,1.0,0.5,0.6,-9.68,-9.68,-9.68,-9.68,1.0,0.0,4.0,1.0,0.5,0.6,3.52,3.52,3.52,3.52,1.0,0.0,4.0,1.0,0.5,0.6,1012.3,1012.3,1012.3,1012.3,1.0,0.0,4.0,1.0,0.5,0.6,2.0,2.0,2.0,2.0,1.0,0.0,4.0,1.0,0.5,0.6,-99.7,-99.7,-99.7,-99.7,1.0,0.0,4.0,1.0,0.5,0.6,36.3,36.3,36.3,36.3,1.0,0.0,4.0,1.0,0.5,0.6,,,,,,,,,,,,,,,,,,,,,,,,,,,,,,,,,,,,,,,,,-242.0,-242.0,-242.0,-242.0,1.0,0.0,4.0,1.0,0.5,0.6,88.1,88.1,88.1,88.1,1.0,0.0,4.0,1.0,0.5,0.6,-149.9,-149.9,-149.9,-149.9,1.0,0.0,4.0,1.0,0.5,0.6,54.6,54.6,54.6,54.6,1.0,0.0,4.0,1.0,0.5,0.6,,,,,,,,,,,,,,,,,,,,,,,,,,,,,,,,,,,,,,,,
1974,2,180.0,-23.0,26.83,26.9,26.97,26.9,2.0,0.14,22.0,1.0,0.6,0.6,26.55,26.65,26.75,26.65,2.0,0.21,22.0,1.0,0.6,0.6,19.13,20.01,20.89,20.01,2.0,1.82,22.0,1.0,0.6,0.6,86.8,91.4,96.1,91.4,2.0,9.6,22.0,1.0,0.6,6.7,6.7,6.7,6.7,1.0,0.0,20.0,1.0,0.7,0.6,-6.3,-6.3,-6.3,-6.3,1.0,0.0,20.0,1.0,0.7,0.6,2.29,2.29,2.29,2.29,1.0,0.0,20.0,1.0,0.7,0.6,1007.58,1009.05,1010.52,1009.05,2.0,3.04,22.0,1.0,0.6,0.6,4.6,6.0,7.4,6.0,2.0,2.8,22.0,1.0,0.6,0.6,-42.2,-42.2,-42.2,-42.2,1.0,0.0,20.0,1.0,0.7,0.6,15.4,15.4,15.4,15.4,1.0,0.0,20.0,1.0,0.7,0.6,0.08,0.25,0.42,0.25,2.0,0.35,22.0,1.0,0.6,0.6,0.0,0.0,0.0,0.0,1.0,0.0,20.0,1.0,0.7,0.6,1.42,2.24,3.06,2.24,2.0,1.7,22.0,1.0,0.6,0.6,23.1,23.1,23.1,23.1,1.0,0.0,20.0,1.0,0.7,0.6,-168.7,-168.7,-168.7,-168.7,1.0,0.0,20.0,1.0,0.7,0.6,61.4,61.4,61.4,61.4,1.0,0.0,20.0,1.0,0.7,0.6,-117.9,-117.9,-117.9,-117.9,1.0,0.0,20.0,1.0,0.7,0.6,42.9,42.9,42.9,42.9,1.0,0.0,20.0,1.0,0.7,0.6,-21.7,-21.7,-21.7,-21.7,1.0,0.0,20.0,1.0,0.7,0.6,7.9,7.9,7.9,7.9,1.0,0.0,20.0,1.0,0.7,0.6,301.0,301.0,301.0,301.0,1.0,0.0,20.0,1.0,0.7,0.6,300.0,300.0,300.0,300.0,1.0,0.0,20.0,1.0,0.7,0.6
1974,2,180.0,-22.0,26.7,26.7,26.7,26.7,1.0,0.0,14.0,1.0,0.2,0.7,26.2,26.2,26.2,26.2,1.0,0.0,14.0,1.0,0.2,0.7,19.83,19.83,19.83,19.83,1.0,0.0,14.0,1.0,0.2,0.7,93.1,93.1,93.1,93.1,1.0,0.0,14.0,1.0,0.7,7.7,7.7,7.7,7.7,1.0,0.0,14.0,1.0,0.2,0.7,-6.67,-6.67,-6.67,-6.67,1.0,0.0,14.0,1.0,0.2,0.7,3.85,3.85,3.85,3.85,1.0,0.0,14.0,1.0,0.2,0.7,1010.0,1010.0,1010.0,1010.0,1.0,0.0,14.0,1.0,0.2,0.7,2.0,2.0,2.0,2.0,1.0,0.0,14.0,1.0,0.2,0.7,-51.3,-51.3,-51.3,-51.3,1.0,0.0,14.0,1.0,0.2,0.7,29.6,29.6,29.6,29.6,1.0,0.0,14.0,1.0,0.2,0.7,0.5,0.5,0.5,0.5,1.0,0.0,14.0,1.0,0.2,0.7,3.9,3.9,3.9,3.9,1.0,0.0,14.0,1.0,0.2,0.7,2.13,2.13,2.13,2.13,1.0,0.0,14.0,1.0,0.2,0.7,16.4,16.4,16.4,16.4,1.0,0.0,14.0,1.0,0.2,0.7,-174.7,-174.7,-174.7,-174.7,1.0,0.0,14.0,1.0,0.2,0.7,100.9,100.9,100.9,100.9,1.0,0.0,14.0,1.0,0.2,0.7,-132.3,-132.3,-132.3,-132.3,1.0,0.0,14.0,1.0,0.2,0.7,76.4,76.4,76.4,76.4,1.0,0.0,14.0,1.0,0.2,0.7,-14.2,-14.2,-14.2,-14.2,1.0,0.0,14.0,1.0,0.2,0.7,8.2,8.2,8.2,8.2,1.0,0.0,14.0,1.0,0.2,0.7,456.5,456.5,456.5,456.5,1.0,0.0,14.0,1.0,0.2,0.7,455.0,455.0,455.0,455.0,1.0,0.0,14.0,1.0,0.2,0.7
1974,2,180.0,-21.0,28.1,28.1,28.1,28.1,1.0,0.0,22.0,0.0,0.9,0.8,27.83,27.9,27.97,27.9,2.0,0.14,22.0,0.5,0.9,0.5,18.88,18.88,18.88,18.88,1.0,0.0,22.0,0.0,0.9,0.8,80.3,80.3,80.3,80.3,1.0,0.0,22.0,0.0,0.8,6.44,6.95,7.46,6.95,2.0,1.06,22.0,0.5,0.9,0.5,-5.81,-5.63,-5.45,-5.63,2.0,0.37,22.0,0.5,0.9,0.5,-1.82,0.92,3.67,0.92,2.0,5.69,22.0,0.5,0.9,0.5,1003.34,1003.85,1004.36,1003.85,2.0,1.06,22.0,0.5,0.9,0.5,3.5,4.5,5.5,4.5,2.0,2.1,22.0,0.5,0.9,0.5,-43.5,-39.4,-35.2,-39.4,2.0,8.6,22.0,0.5,0.9,0.5,-10.1,9.4,29.0,9.4,2.0,40.5,22.0,0.5,0.9,0.5,0.3,0.3,0.3,0.3,1.0,0.0,22.0,0.0,0.9,0.8,1.9,1.9,1.9,1.9,1.0,0.0,22.0,0.0,0.9,0.8,5.12,5.12,5.12,5.12,1.0,0.0,22.0,0.0,0.9,0.8,31.8,31.8,31.8,31.8,1.0,0.0,22.0,0.0,0.9,0.8,-162.6,-157.2,-151.8,-157.2,2.0,11.2,22.0,0.5,0.9,0.5,-50.5,26.2,102.9,26.2,2.0,158.9,22.0,0.5,0.9,0.5,-101.4,-101.4,-101.4,-101.4,1.0,0.0,22.0,0.0,0.9,0.8,-58.5,-58.5,-58.5,-58.5,1.0,0.0,22.0,0.0,0.9,0.8,-27.5,-27.5,-27.5,-27.5,1.0,0.0,22.0,0.0,0.9,0.8,-15.9,-15.9,-15.9,-15.9,1.0,0.0,22.0,0.0,0.9,0.8,273.0,347.5,422.0,347.5,2.0,154.5,22.0,0.5,0.9,0.5,275.0,345.0,420.0,345.0,2.0,155.0,22.0,0.5,0.9,0.5
1974,2,180.0,-20.0,27.5,27.5,27.5,27.5,1.0,0.0,26.0,0.0,0.9,0.4,26.1,26.1,26.1,26.1,1.0,0.0,26.0,0.0,0.9,0.4,18.01,18.01,18.01,18.01,1.0,0.0,26.0,0.0,0.9,0.4,84.6,84.6,84.6,84.6,1.0,0.0,26.0,0.0,0.4,12.3,12.3,12.3,12.3,1.0,0.0,26.0,0.0,0.9,0.4,4.21,4.21,4.21,4.21,1.0,0.0,26.0,0.0,0.9,0.4,-11.56,-11.56,-11.56,-11.56,1.0,0.0,26.0,0.0,0.9,0.4,1003.2,1003.2,1003.2,1003.2,1.0,0.0,26.0,0.0,0.9,0.4,5.0,5.0,5.0,5.0,1.0,0.0,26.0,0.0,0.9,0.4,51.7,51.7,51.7,51.7,1.0,0.0,26.0,0.0,0.9,0.4,-142.2,-142.2,-142.2,-142.2,1.0,0.0,26.0,0.0,0.9,0.4,1.4,1.4,1.4,1.4,1.0,0.0,26.0,0.0,0.9,0.4,17.2,17.2,17.2,17.2,1.0,0.0,26.0,0.0,0.9,0.4,5.19,5.19,5.19,5.19,1.0,0.0,26.0,0.0,0.9,0.4,63.8,63.8,63.8,63.8,1.0,0.0,26.0,0.0,0.9,0.4,109.8,109.8,109.8,109.8,1.0,0.0,26.0,0.0,0.9,0.4,-301.7,-301.7,-301.7,-301.7,1.0,0.0,26.0,0.0,0.9,0.4,75.8,75.8,75.8,75.8,1.0,0.0,26.0,0.0,0.9,0.4,-208.2,-208.2,-208.2,-208.2,1.0,0.0,26.0,0.0,0.9,0.4,21.8,21.8,21.8,21.8,1.0,0.0,26.0,0.0,0.9,0.4,-60.0,-60.0,-60.0,-60.0,1.0,0.0,26.0,0.0,0.9,0.4,1861.0,1861.0,1861.0,1861.0,1.0,0.0,26.0,0.0,0.9,0.4,1860.0,1860.0,1860.0,1860.0,1.0,0.0,26.0,0.0,0.9,0.4
1974,2,180.0,-19.0,28.52,29.0,29.1,28.66,7.0,0.77,14.0,0.4,0.0,0.8,25.59,27.7,28.3,27.09,7.0,1.22,14.0,0.4,0.0,0.8,17.54,17.58,17.59,17.56,5.0,0.05,14.0,0.4,0.0,0.8,74.6,80.6,85.6,80.2,5.0,5.9,14.0,0.4,0.8,4.31,7.0,8.0,6.22,5.0,2.13,14.0,0.4,0.0,0.8,-6.81,-1.06,5.38,-0.78,5.0,6.42,14.0,0.4,0.0,0.8,-0.62,2.39,3.73,1.75,5.0,2.66,14.0,0.4,0.0,0.8,1008.41,1009.0,1009.1,1008.76,5.0,0.51,14.0,0.4,0.0,0.8,3.0,7.0,7.0,5.7,7.0,2.1,14.0,0.4,0.0,0.8,-54.5,-3.3,31.7,-9.4,5.0,46.8,14.0,0.4,0.0,0.8,-3.1,9.0,25.7,11.7,5.0,19.0,14.0,0.4,0.0,0.8,0.8,0.9,2.65,1.57,7.0,1.1,14.0,0.4,0.0,0.8,5.6,7.2,17.5,11.2,5.0,8.4,14.0,0.4,0.0,0.8,6.26,7.62,7.83,7.06,5.0,1.24,14.0,0.4,0.0,0.8,30.7,53.4,58.4,45.3,5.0,18.7,14.0,0.4,0.0,0.8,-190.4,-27.1,140.4,-26.2,5.0,173.9,14.0,0.4,0.0,0.8,-16.6,60.8,99.4,46.5,5.0,72.1,14.0,0.4,0.0,0.8,-119.7,-18.5,94.7,-13.7,5.0,112.9,14.0,0.4,0.0,0.8,-11.0,42.1,65.3,30.7,5.0,46.7,14.0,0.4,0.0,0.8,-50.1,-5.2,42.0,-4.6,5.0,48.9,14.0,0.4,0.0,0.8,-5.0,14.3,24.8,11.0,5.0,18.9,14.0,0.4,0.0,0.8,90.0,343.0,512.0,304.5,5.0,221.0,14.0,0.4,0.0,0.8,90.0,345.0,510.0,305.0,5.0,220.0,14.0,0.4,0.0,0.8
1974,2,180.0,-18.0,28.51,28.8,29.1,28.59,7.0,0.87,14.0,0.3,0.1,0.6,27.19,28.0,28.2,27.74,7.0,0.51,14.0,0.3,0.1,0.6,17.56,18.12,20.26,18.87,4.0,1.95,14.0,0.3,0.2,0.5,76.0,77.9,88.3,81.9,4.0,10.6,14.0,0.3,0.5,7.32,8.5,10.57,8.93,4.0,2.26,14.0,0.3,0.2,0.5,-10.04,-7.09,1.09,-4.6,4.0,8.6,14.0,0.3,0.2,0.5,-2.36,0.69,1.86,-0.2,4.0,3.01,14.0,0.3,0.2,0.5,1009.5,1010.0,1010.55,1010.03,4.0,0.61,14.0,0.3,0.2,0.5,3.0,4.0,7.0,4.4,7.0,1.9,14.0,0.3,0.1,0.6,-105.4,-52.6,16.7,-44.8,4.0,88.3,14.0,0.3,0.2,0.5,-21.2,5.6,13.3,-3.5,4.0,25.5,14.0,0.3,0.2,0.5,0.56,0.6,1.43,0.84,7.0,0.7,14.0,0.3,0.1,0.6,1.6,7.8,14.6,8.1,4.0,8.3,14.0,0.3,0.2,0.5,3.31,6.84,7.49,5.47,4.0,3.51,14.0,0.3,0.2,0.5,27.7,63.7,75.8,52.3,4.0,35.1,14.0,0.3,0.2,0.5,-282.3,-195.0,30.4,-129.1,4.0,238.2,14.0,0.3,0.2,0.5,-64.1,19.4,50.8,-5.5,4.0,82.0,14.0,0.3,0.2,0.5,-183.3,-137.4,6.7,-90.5,4.0,157.1,14.0,0.3,0.2,0.5,-41.4,12.2,37.7,-1.2,4.0,55.7,14.0,0.3,0.2,0.5,-68.2,-28.5,31.5,-18.8,4.0,62.8,14.0,0.3,0.2,0.5,-18.7,0.3,5.4,-6.3,4.0,20.0,14.0,0.3,0.2,0.5,401.5,620.5,1252.5,817.5,4.0,631.5,14.0,0.3,0.2,0.5,400.0,620.0,1250.0,815.0,4.0,630.0,14.0,0.3,0.2,0.5
1974,2,180.0,-17.0,28.58,28.8,29.11,28.83,13.0,0.28,16.0,0.8,0.2,0.5,27.62,28.1,28.35,28.12,12.0,0.59,16.0,0.8,0.1,0.5,17.58,18.24,18.7,18.05,8.0,0.78,16.0,0.9,0.2,0.5,72.2,74.7,78.0,75.0,8.0,2.8,16.0,0.9,0.5,6.81,7.85,8.0,7.26,8.0,1.83,16.0,0.9,0.2,0.5,-7.88,-4.46,2.51,-2.86,8.0,6.02,16.0,0.9,0.2,0.5,-6.32,1.39,1.54,-0.74,8.0,4.17,16.0,0.9,0.2,0.5,1007.01,1008.2,1008.96,1008.01,8.0,1.05,16.0,0.9,0.2,0.5,3.7,5.0,7.0,5.1,12.0,1.9,16.0,0.8,0.1,0.5,-63.0,-31.2,7.5,-24.6,8.0,47.4,16.0,0.9,0.2,0.5,-49.2,11.1,13.7,-6.1,8.0,31.9,16.0,0.9,0.2,0.5,0.17,0.55,1.5,0.72,12.0,0.76,16.0,0.8,0.1,0.5,0.8,4.4,6.1,3.6,8.0,4.8,16.0,0.9,0.2,0.5,6.24,6.71,7.72,6.94,8.0,1.06,16.0,0.9,0.2,0.5,48.0,49.5,55.7,49.0,8.0,10.1,16.0,0.9,0.2,0.5,-222.1,-129.5,68.7,-82.1,8.0,168.8,16.0,0.9,0.2,0.5,-186.7,38.8,43.5,-21.9,8.0,119.6,16.0,0.9,0.2,0.5,-146.4,-80.8,41.5,-53.5,8.0,108.2,16.0,0.9,0.2,0.5,-117.6,24.4,28.9,-14.6,8.0,77.3,16.0,0.9,0.2,0.5,-49.9,-30.9,22.5,-16.2,8.0,42.4,16.0,0.9,0.2,0.5,-39.8,9.0,10.7,-3.9,8.0,27.0,16.0,0.9,0.2,0.5,318.0,484.5,512.0,438.0,8.0,203.5,16.0,0.9,0.2,0.5,320.0,485.0,510.0,440.0,8.0,205.0,16.0,0.9,0.2,0.5
1974,2,180.0,-16.0,29.11,29.2,29.2,29.18,8.0,0.05,16.0,0.5,0.0,0.6,27.41,27.55,28.13,27.68,8.0,0.33,16.0,0.5,0.0,0.6,17.58,18.12,18.69,18.13,4.0,0.64,16.0,0.5,0.0,0.6,76.2,77.2,79.9,78.1,4.0,2.6,16.0,0.5,0.6,5.38,9.0,10.0,7.75,4.0,3.3,16.0,0.5,0.0,0.6,-9.71,-3.73,4.86,-2.49,4.0,8.64,16.0,0.5,0.0,0.6,-1.79,1.15,2.53,0.4,4.0,2.82,16.0,0.5,0.0,0.6,1008.37,1009.0,1009.58,1008.98,4.0,0.94,16.0,0.5,0.0,0.6,6.1,7.0,7.0,6.6,8.0,0.7,16.0,0.5,0.0,0.6,-97.1,-44.1,34.3,-32.0,4.0,78.3,16.0,0.5,0.0,0.6,-17.9,3.4,14.8,-1.4,4.0,23.7,16.0,0.5,0.0,0.6,1.06,1.6,1.79,1.5,8.0,0.33,16.0,0.5,0.0,0.6,7.1,12.2,15.8,11.5,4.0,5.5,16.0,0.5,0.0,0.6,6.81,7.3,7.85,7.33,4.0,0.6,16.0,0.5,0.0,0.6,38.2,61.3,73.9,56.3,4.0,24.2,16.0,0.5,0.0,0.6,-270.2,-105.9,133.3,-70.2,4.0,239.0,16.0,0.5,0.0,0.6,-50.5,31.7,69.5,10.5,4.0,78.5,16.0,0.5,0.0,0.6,-175.6,-70.8,89.8,-44.2,4.0,157.9,16.0,0.5,0.0,0.6,-33.4,20.2,46.1,6.9,4.0,52.1,16.0,0.5,0.0,0.6,-72.0,-24.5,34.0,-19.2,4.0,62.6,16.0,0.5,0.0,0.6,-12.2,8.9,18.3,3.3,4.0,19.7,16.0,0.5,0.0,0.6,258.0,756.0,1000.0,635.0,4.0,466.0,16.0,0.5,0.0,0.6,260.0,755.0,1000.0,635.0,4.0,465.0,16.0,0.5,0.0,0.6
1974,2,180.0,-15.0,28.8,29.05,29.39,29.08,8.0,0.3,16.0,0.3,0.0,0.6,25.01,27.0,27.3,26.58,8.0,1.13,16.0,0.3,0.0,0.6,17.03,17.58,17.61,17.33,4.0,0.52,16.0,0.3,0.0,0.6,76.4,78.1,84.5,80.3,4.0,6.4,16.0,0.3,0.6,3.0,3.5,6.62,4.75,4.0,2.87,16.0,0.3,0.0,0.6,-6.59,-2.93,-0.38,-3.46,4.0,4.22,16.0,0.3,0.0,0.6,-0.36,1.15,2.57,1.11,4.0,1.71,16.0,0.3,0.0,0.6,1007.28,1008.0,1009.14,1008.2,4.0,1.27,16.0,0.3,0.0,0.6,3.4,7.0,7.0,5.9,8.0,2.1,16.0,0.3,0.0,0.6,-49.9,-10.8,-1.1,-24.9,4.0,38.2,16.0,0.3,0.0,0.6,-1.5,3.4,7.7,3.1,4.0,5.4,16.0,0.3,0.0,0.6,1.52,2.3,3.86,2.5,8.0,1.02,16.0,0.3,0.0,0.6,6.2,12.1,18.5,12.3,4.0,7.4,16.0,0.3,0.0,0.6,7.33,7.71,8.71,8.01,4.0,0.92,16.0,0.3,0.0,0.6,24.8,28.6,52.0,38.0,4.0,23.4,16.0,0.3,0.0,0.6,-173.8,-74.6,-9.8,-91.0,4.0,113.8,16.0,0.3,0.0,0.6,-9.0,30.7,69.5,30.3,4.0,45.9,16.0,0.3,0.0,0.6,-115.9,-50.6,-5.7,-60.3,4.0,74.5,16.0,0.3,0.0,0.6,-6.4,19.0,44.1,18.9,4.0,29.6,16.0,0.3,0.0,0.6,-51.8,-23.4,-4.6,-28.0,4.0,33.5,16.0,0.3,0.0,0.6,-2.7,10.4,21.0,9.2,4.0,13.8,16.0,0.3,0.0,0.6,27.0,45.5,412.5,212.0,4.0,345.5,16.0,0.3,0.0,0.6,25.0,45.0,410.0,210.0,4.0,345.0,16.0,0.3,0.0,0.6
1974,2,180.0,-14.0,28.76,28.9,29.17,29.0,11.0,0.38,16.0,0.6,0.0,0.6,27.13,27.5,28.18,27.61,11.0,0.59,16.0,0.6,0.0,0.6,16.57,17.6,18.69,17.62,5.0,1.06,16.0,0.6,0.0,0.6,70.0,78.9,82.2,77.3,6.0,6.7,16.0,0.7,0.7,3.79,6.1,10.0,6.53,6.0,2.94,16.0,0.7,0.0,0.7,-9.49,2.96,3.82,-0.78,6.0,6.9,16.0,0.7,0.0,0.7,-3.49,-1.87,1.52,-1.28,6.0,3.09,16.0,0.7,0.0,0.7,1006.92,1008.1,1008.79,1007.86,5.0,1.28,16.0,0.6,0.0,0.6,5.0,6.0,7.0,6.0,11.0,1.4,16.0,0.6,0.0,0.6,-94.9,11.2,21.7,-20.0,6.0,59.6,16.0,0.7,0.0,0.7,-21.2,-12.7,9.5,-6.6,6.0,23.3,16.0,0.7,0.0,0.7,1.1,1.3,1.87,1.39,11.0,0.43,16.0,0.6,0.0,0.6,4.4,8.6,14.7,10.0,6.0,6.4,16.0,0.7,0.0,0.7,6.26,7.33,8.91,7.55,5.0,1.41,16.0,0.6,0.0,0.6,29.0,55.8,65.3,48.7,5.0,21.6,16.0,0.6,0.0,0.6,-259.1,82.6,107.1,-18.6,6.0,188.7,16.0,0.7,0.0,0.7,-98.7,-51.0,41.8,-36.1,6.0,86.5,16.0,0.7,0.0,0.7,-172.2,52.7,67.9,-30.6,5.0,132.3,16.0,0.6,0.0,0.6,-39.2,-32.4,34.2,-7.2,5.0,45.7,16.0,0.6,0.0,0.6,-63.1,18.0,36.7,-6.5,5.0,54.0,16.0,0.6,0.0,0.6,-21.2,-10.5,13.3,-4.8,5.0,20.9,16.0,0.6,0.0,0.6,56.5,227.0,1000.0,424.0,6.0,453.5,16.0,0.7,0.0,0.7,55.0,225.0,1000.0,425.0,6.0,455.0,16.0,0.7,0.0,0.7
1974,2,180.0,-13.0,28.71,29.05,29.2,29.01,8.0,0.26,16.0,0.8,0.0,0.6,27.8,28.1,28.2,27.89,8.0,0.55,16.0,0.8,0.0,0.6,16.9,17.6,18.34,17.62,3.0,1.05,14.0,1.0,0.0,0.5,70.6,73.8,77.9,74.3,3.0,5.4,14.0,1.0,0.5,2.43,4.5,6.05,4.25,4.0,2.5,14.0,0.8,0.1,0.4,-5.51,-1.92,2.3,-1.62,4.0,4.74,14.0,0.8,0.1,0.4,0.05,1.63,2.45,1.27,4.0,1.51,14.0,0.8,0.1,0.4,1006.91,1007.8,1008.82,1007.87,3.0,1.4,14.0,1.0,0.0,0.5,5.5,7.0,7.0,6.6,9.0,0.9,16.0,0.7,0.0,0.5,-34.4,-10.6,8.5,-12.9,4.0,26.9,14.0,0.8,0.1,0.4,-1.0,6.7,14.7,6.8,4.0,9.3,14.0,0.8,0.1,0.4,0.9,0.95,1.09,1.13,8.0,0.57,16.0,0.8,0.0,0.6,4.2,4.5,4.8,4.5,3.0,0.5,14.0,1.0,0.0,0.5,6.47,7.34,8.47,7.47,3.0,1.46,14.0,1.0,0.0,0.5,32.1,36.0,46.5,39.2,3.0,10.9,14.0,1.0,0.0,0.5,-164.4,-120.4,37.6,-64.7,3.0,155.6,14.0,1.0,0.0,0.5,8.0,67.3,68.8,39.1,3.0,50.8,14.0,1.0,0.0,0.5,-104.7,-80.9,18.9,-43.8,3.0,96.1,14.0,1.0,0.0,0.5,5.5,42.1,45.3,25.8,3.0,32.4,14.0,1.0,0.0,0.5,-41.3,-26.3,15.8,-13.0,3.0,43.4,14.0,1.0,0.0,0.5,0.6,15.2,16.8,8.8,3.0,13.1,14.0,1.0,0.0,0.5,31.0,94.5,239.0,133.5,4.0,148.5,14.0,0.8,0.1,0.4,30.0,95.0,240.0,135.0,4.0,150.0,14.0,0.8,0.1,0.4
1974,2,180.0,-12.0,28.57,28.8,29.13,28.84,12.0,0.29,16.0,0.4,0.0,0.6,26.5,27.4,28.0,27.21,13.0,0.79,16.0,0.4,0.0,0.6,16.56,17.07,17.59,16.96,8.0,0.75,18.0,0.4,0.0,0.5,70.2,75.9,80.4,75.5,8.0,4.5,18.0,0.4,0.5,3.11,5.5,6.0,5.13,8.0,2.17,18.0,0.4,0.0,0.5,-5.1,-0.16,3.87,-0.65,8.0,4.87,18.0,0.4,0.0,0.5,-1.02,1.03,2.94,0.83,8.0,3.12,18.0,0.4,0.0,0.5,1006.24,1007.2,1008.56,1007.35,8.0,1.64,18.0,0.4,0.0,0.5,1.9,6.0,7.0,4.8,13.0,2.5,16.0,0.4,0.0,0.6,-30.1,-4.4,15.2,-9.2,8.0,32.3,18.0,0.4,0.0,0.5,-3.0,6.2,17.4,3.9,8.0,21.7,18.0,0.4,0.0,0.5,0.8,1.4,2.53,1.48,12.0,0.74,16.0,0.4,0.0,0.6,2.4,5.4,15.0,7.4,7.0,5.7,16.0,0.4,0.0,0.5,7.73,7.94,8.13,7.9,7.0,0.49,16.0,0.4,0.0,0.5,23.5,35.2,46.9,36.1,7.0,13.2,16.0,0.4,0.0,0.5,-135.9,-3.5,108.3,-14.0,8.0,130.7,18.0,0.4,0.0,0.5,-28.4,28.8,78.5,23.1,8.0,81.9,18.0,0.4,0.0,0.5,-89.6,-3.7,64.4,-10.9,8.0,80.8,18.0,0.4,0.0,0.5,-17.9,17.0,51.7,15.6,8.0,52.5,18.0,0.4,0.0,0.5,-31.0,14.0,32.6,4.3,7.0,33.6,16.0,0.4,0.0,0.5,-8.1,17.6,24.3,12.3,7.0,19.0,16.0,0.4,0.0,0.5,31.0,170.5,216.0,200.0,8.0,230.5,18.0,0.4,0.0,0.5,30.0,170.0,215.0,200.0,8.0,230.0,18.0,0.4,0.0,0.5
1974,2,180.0,-11.0,28.63,28.9,28.99,28.85,8.0,0.16,16.0,0.5,0.0,0.7,25.68,27.4,28.06,27.1,8.0,1.06,16.0,0.5,0.0,0.7,17.57,17.59,17.6,17.59,4.0,0.02,16.0,0.5,0.0,0.7,74.7,76.9,82.4,78.5,4.0,5.4,16.0,0.5,0.7,1.48,3.0,4.52,3.0,4.0,1.83,16.0,0.5,0.0,0.7,-1.85,0.51,1.45,-0.16,4.0,2.2,16.0,0.5,0.0,0.7,-2.58,-0.17,2.45,-0.07,4.0,3.23,16.0,0.5,0.0,0.7,1007.73,1008.65,1009.41,1008.58,4.0,1.05,16.0,0.5,0.0,0.7,6.0,7.0,7.0,6.1,8.0,1.7,16.0,0.5,0.0,0.7,-8.6,1.4,4.3,-2.0,4.0,9.7,16.0,0.5,0.0,0.7,-9.1,-0.8,10.5,0.6,4.0,14.1,16.0,0.5,0.0,0.7,0.81,1.4,3.23,1.75,8.0,1.12,16.0,0.5,0.0,0.7,2.5,3.3,6.6,4.5,4.0,3.4,16.0,0.5,0.0,0.7,7.25,7.48,7.56,7.41,4.0,0.25,16.0,0.5,0.0,0.7,10.6,22.0,34.2,22.4,4.0,14.1,16.0,0.5,0.0,0.7,-49.8,14.9,40.5,-3.7,4.0,60.2,16.0,0.5,0.0,0.7,-72.3,-5.8,65.8,-3.4,4.0,88.9,16.0,0.5,0.0,0.7,-32.5,9.0,25.6,-2.9,4.0,38.7,16.0,0.5,0.0,0.7,-45.4,-3.1,43.1,-1.2,4.0,56.8,16.0,0.5,0.0,0.7,-14.1,3.8,10.5,-1.5,4.0,16.5,16.0,0.5,0.0,0.7,-19.1,-1.0,18.6,-0.2,4.0,24.3,16.0,0.5,0.0,0.7,4.5,36.0,96.0,49.5,4.0,57.5,16.0,0.5,0.0,0.7,5.0,35.0,95.0,50.0,4.0,60.0,16.0,0.5,0.0,0.7
1974,2,180.0,-10.0,29.06,29.2,29.52,29.25,11.0,0.28,14.0,0.7,0.0,0.5,26.62,27.6,28.68,27.48,11.0,1.03,14.0,0.7,0.0,0.5,16.57,17.09,17.61,17.09,8.0,0.55,14.0,0.8,0.0,0.5,67.2,76.6,81.0,75.4,8.0,6.9,14.0,0.8,0.5,1.54,3.0,4.0,2.78,9.0,1.39,14.0,0.8,0.0,0.4,-3.33,-0.94,2.95,-0.53,9.0,2.89,14.0,0.8,0.0,0.4,-1.6,0.0,1.14,-0.21,9.0,1.38,14.0,0.8,0.0,0.4,1005.52,1007.0,1008.09,1006.9,9.0,1.25,14.0,0.8,0.0,0.4,6.0,7.0,7.0,6.2,11.0,1.5,14.0,0.7,0.0,0.5,-12.5,-0.9,8.9,-1.8,9.0,10.2,14.0,0.8,0.0,0.4,-6.3,0.0,3.7,-1.1,9.0,5.2,14.0,0.8,0.0,0.4,0.86,1.5,2.52,1.77,11.0,0.8,14.0,0.7,0.0,0.5,2.4,3.2,8.0,4.6,9.0,3.2,14.0,0.8,0.0,0.4,7.67,8.38,9.68,8.56,8.0,0.95,14.0,0.8,0.0,0.5,10.3,26.5,30.5,22.6,8.0,12.2,14.0,0.8,0.0,0.5,-91.8,-25.1,85.5,-12.3,9.0,80.5,14.0,0.8,0.0,0.4,-44.5,0.0,30.6,-6.7,9.0,38.1,14.0,0.8,0.0,0.4,-56.8,-30.7,43.6,-17.4,8.0,46.5,14.0,0.8,0.0,0.5,-8.6,2.8,22.4,1.9,8.0,19.3,14.0,0.8,0.0,0.5,-28.1,-13.9,25.7,-6.6,8.0,24.3,14.0,0.8,0.0,0.5,-5.2,1.5,9.7,0.1,8.0,9.5,14.0,0.8,0.0,0.5,8.0,27.0,64.0,33.5,9.0,25.5,14.0,0.8,0.0,0.4,10.0,25.0,65.0,35.0,9.0,25.0,14.0,0.8,0.0,0.4
1974,2,180.0,-9.0,28.4,28.8,29.03,28.72,18.0,0.43,16.0,0.4,0.0,0.6,27.1,27.4,27.8,27.37,19.0,0.45,16.0,0.4,0.0,0.6,16.53,17.59,17.62,17.1,14.0,0.65,16.0,0.4,0.1,0.6,72.0,75.6,76.9,75.0,14.0,2.9,16.0,0.4,0.6,2.0,4.0,6.0,4.01,13.0,1.78,16.0,0.5,0.1,0.6,-3.2,-1.37,-0.23,-1.59,13.0,1.97,16.0,0.5,0.1,0.6,-4.95,-3.0,-1.9,-3.23,13.0,1.62,16.0,0.5,0.1,0.6,1005.08,1007.3,1009.26,1007.36,14.0,1.73,16.0,0.4,0.1,0.6,2.0,4.0,6.1,4.3,19.0,1.8,16.0,0.4,0.0,0.6,-19.3,-3.1,-0.2,-7.8,13.0,12.4,16.0,0.5,0.1,0.6,-25.2,-15.0,-3.8,-15.3,13.0,11.4,16.0,0.5,0.1,0.6,0.9,1.4,1.53,1.27,18.0,0.41,16.0,0.4,0.0,0.6,2.4,4.7,6.6,4.6,12.0,2.1,16.0,0.5,0.0,0.5,7.28,7.49,7.87,7.58,13.0,0.77,16.0,0.5,0.0,0.6,17.9,30.1,44.7,30.2,12.0,13.0,16.0,0.5,0.0,0.5,-88.4,-36.7,-6.5,-43.4,13.0,54.3,16.0,0.5,0.1,0.6,-135.7,-82.5,-53.2,-88.6,13.0,44.6,16.0,0.5,0.1,0.6,-55.9,-24.1,-3.7,-26.9,13.0,33.9,16.0,0.5,0.1,0.6,-86.0,-52.8,-31.7,-55.6,13.0,27.7,16.0,0.5,0.1,0.6,-25.9,-8.7,-1.1,-11.8,12.0,15.1,16.0,0.5,0.0,0.5,-35.8,-24.2,-16.3,-24.3,12.0,11.8,16.0,0.5,0.0,0.5,8.0,64.0,216.0,99.5,13.0,103.5,16.0,0.5,0.1,0.6,10.0,65.0,215.0,100.0,13.0,105.0,16.0,0.5,0.1,0.6
1974,2,180.0,-8.0,28.1,28.3,28.4,28.28,15.0,0.21,16.0,0.7,0.0,0.6,27.0,27.3,27.5,27.19,15.0,0.34,16.0,0.7,0.0,0.6,15.6,16.57,16.58,16.39,11.0,0.6,16.0,0.6,0.0,0.6,69.0,72.0,74.1,72.6,11.0,3.9,16.0,0.6,0.6,6.0,6.0,7.37,6.6,5.0,0.89,10.0,0.4,0.0,0.7,-4.8,-4.6,-4.56,-4.69,5.0,0.26,10.0,0.4,0.0,0.7,-5.64,-3.86,-3.86,-4.61,5.0,1.07,10.0,0.4,0.0,0.7,1005.81,1007.0,1007.3,1006.66,11.0,1.06,16.0,0.6,0.0,0.6,2.0,3.0,6.0,3.9,15.0,1.9,16.0,0.7,0.0,0.6,-35.0,-27.6,-27.6,-31.1,5.0,5.9,10.0,0.4,0.0,0.7,-41.7,-23.1,-23.1,-31.2,5.0,11.8,10.0,0.4,0.0,0.7,0.8,1.1,1.38,1.09,15.0,0.39,16.0,0.7,0.0,0.6,7.0,8.4,10.0,8.5,5.0,1.6,10.0,0.4,0.0,0.7,7.32,7.81,8.53,7.83,11.0,0.64,16.0,0.6,0.0,0.6,45.9,52.0,60.7,53.1,5.0,7.9,10.0,0.4,0.0,0.7,-130.0,-124.1,-124.0,-127.2,5.0,6.8,10.0,0.4,0.0,0.7,-154.3,-104.5,-104.1,-125.3,5.0,29.5,10.0,0.4,0.0,0.7,-79.5,-76.1,-73.4,-76.7,5.0,5.1,10.0,0.4,0.0,0.7,-93.4,-63.9,-62.5,-75.6,5.0,18.4,10.0,0.4,0.0,0.7,-39.9,-38.4,-35.2,-37.6,5.0,2.7,10.0,0.4,0.0,0.7,-46.5,-33.4,-29.5,-37.1,5.0,9.0,10.0,0.4,0.0,0.7,216.0,216.0,404.5,300.5,5.0,130.5,10.0,0.4,0.0,0.7,215.0,215.0,405.0,300.0,5.0,130.0,10.0,0.4,0.0,0.7
1974,2,180.0,-7.0,28.2,28.3,28.4,28.33,19.0,0.1,16.0,0.5,0.0,0.5,27.2,27.4,28.4,27.55,19.0,0.63,16.0,0.5,0.0,0.5,15.56,16.57,16.86,16.34,12.0,0.78,18.0,0.7,0.0,0.5,68.2,68.9,71.9,70.6,12.0,4.2,18.0,0.7,0.5,6.59,7.0,8.0,7.09,11.0,0.7,16.0,0.5,0.0,0.6,-5.36,-3.0,0.0,-3.13,11.0,2.34,16.0,0.5,0.0,0.6,-8.0,-5.2,-4.5,-5.76,11.0,1.75,16.0,0.5,0.0,0.6,1004.73,1006.95,1007.87,1006.49,14.0,1.35,16.0,0.6,0.0,0.5,2.0,3.0,5.0,3.5,19.0,1.4,16.0,0.5,0.0,0.5,-37.5,-18.0,0.0,-21.2,11.0,16.0,16.0,0.5,0.0,0.6,-64.0,-31.5,-31.4,-41.8,11.0,16.2,16.0,0.5,0.0,0.6,0.09,0.9,1.2,0.77,19.0,0.61,16.0,0.5,0.0,0.5,-0.1,6.3,8.0,4.9,11.0,3.9,16.0,0.5,0.0,0.6,7.23,7.83,8.8,7.95,12.0,0.8,18.0,0.7,0.0,0.5,55.8,60.7,61.6,59.8,9.0,3.4,16.0,0.6,0.0,0.6,-145.9,-81.6,0.0,-85.5,11.0,63.5,16.0,0.5,0.0,0.6,-223.9,-141.3,-122.2,-159.8,11.0,51.3,16.0,0.5,0.0,0.6,-83.4,-39.8,0.0,-45.7,9.0,38.8,16.0,0.6,0.0,0.6,-132.8,-102.6,-70.0,-99.8,9.0,30.7,16.0,0.6,0.0,0.6,-47.2,-20.8,0.0,-25.2,9.0,22.0,16.0,0.6,0.0,0.6,-59.4,-50.6,-39.6,-49.3,9.0,10.0,16.0,0.6,0.0,0.6,290.5,343.0,512.0,366.0,11.0,106.0,16.0,0.5,0.0,0.6,290.0,345.0,510.0,365.0,11.0,105.0,16.0,0.5,0.0,0.6
1974,2,180.0,-6.0,27.6,28.1,28.3,27.98,16.0,0.34,16.0,0.3,0.0,0.5,27.04,27.2,27.4,27.2,16.0,0.17,16.0,0.3,0.0,0.5,15.58,15.59,16.56,15.95,8.0,0.51,20.0,0.1,0.0,0.5,68.9,69.5,73.6,70.7,8.0,2.5,20.0,0.1,0.5,6.75,7.0,8.0,7.25,12.0,0.87,16.0,0.3,0.0,0.5,-6.33,-3.5,-1.22,-3.93,12.0,2.62,16.0,0.3,0.0,0.5,-6.89,-5.86,-3.96,-5.26,12.0,2.03,16.0,0.3,0.0,0.5,1005.25,1006.5,1007.18,1006.27,12.0,1.02,16.0,0.3,0.0,0.5,2.0,3.0,4.9,3.1,16.0,1.5,16.0,0.3,0.0,0.5,-50.7,-22.2,-8.5,-29.5,12.0,22.1,16.0,0.3,0.0,0.5,-48.3,-43.6,-29.7,-38.5,12.0,14.3,16.0,0.3,0.0,0.5,0.5,0.8,1.1,0.78,16.0,0.33,16.0,0.3,0.0,0.5,3.9,7.0,8.5,6.2,12.0,2.4,16.0,0.3,0.0,0.5,7.54,8.38,8.39,8.01,8.0,0.67,20.0,0.1,0.0,0.5,52.8,58.6,66.3,58.2,8.0,7.0,20.0,0.1,0.0,0.5,-172.2,-94.7,-33.1,-107.0,12.0,71.6,16.0,0.3,0.0,0.5,-187.5,-158.7,-107.7,-143.0,12.0,55.2,16.0,0.3,0.0,0.5,-89.3,-38.4,-19.1,-43.3,8.0,34.9,20.0,0.1,0.0,0.5,-109.1,-108.1,-82.7,-101.4,8.0,13.5,20.0,0.1,0.0,0.5,-47.9,-17.2,-9.3,-22.1,8.0,19.1,20.0,0.1,0.0,0.5,-58.3,-51.2,-43.2,-50.7,8.0,6.8,20.0,0.1,0.0,0.5,310.5,343.0,512.0,396.5,12.0,145.5,16.0,0.3,0.0,0.5,310.0,345.0,510.0,395.0,12.0,145.0,16.0,0.3,0.0,0.5
1974,2,180.0,-5.0,27.5,27.6,27.8,27.66,21.0,0.18,18.0,0.7,0.0,0.6,26.6,26.9,27.2,26.88,21.0,0.31,18.0,0.7,0.0,0.6,15.03,15.57,16.58,15.78,10.0,0.77,22.0,0.5,0.0,0.6,67.2,71.6,75.9,71.8,10.0,4.2,22.0,0.5,0.6,7.22,8.0,9.0,8.13,15.0,1.19,18.0,0.7,0.0,0.6,-8.31,-4.0,-3.61,-5.44,15.0,2.5,18.0,0.7,0.0,0.6,-6.93,-5.79,-3.55,-5.49,15.0,1.43,18.0,0.7,0.0,0.6,1006.01,1006.7,1007.19,1006.7,16.0,0.69,18.0,0.7,0.0,0.6,2.2,6.0,6.0,4.7,21.0,1.9,18.0,0.7,0.0,0.6,-74.8,-32.0,-26.2,-46.8,15.0,26.9,18.0,0.7,0.0,0.6,-55.4,-42.4,-33.8,-43.8,15.0,10.6,18.0,0.7,0.0,0.6,0.5,0.7,1.2,0.79,21.0,0.34,18.0,0.7,0.0,0.6,4.0,7.0,8.6,6.4,15.0,2.3,18.0,0.7,0.0,0.6,6.75,7.6,8.43,7.54,10.0,0.73,22.0,0.5,0.0,0.6,51.1,54.6,61.4,56.0,9.0,7.6,22.0,0.4,0.0,0.6,-226.0,-108.8,-96.7,-146.8,15.0,68.5,18.0,0.7,0.0,0.6,-184.8,-156.8,-96.4,-147.3,15.0,37.8,18.0,0.7,0.0,0.6,-66.3,-62.2,-38.6,-57.4,9.0,15.9,22.0,0.4,0.0,0.6,-114.9,-101.4,-90.0,-102.1,9.0,11.3,22.0,0.4,0.0,0.6,-33.0,-27.3,-19.8,-27.3,9.0,7.8,22.0,0.4,0.0,0.6,-52.7,-47.2,-46.3,-48.5,9.0,5.4,22.0,0.4,0.0,0.6,380.5,512.0,729.0,569.5,15.0,234.5,18.0,0.7,0.0,0.6,380.0,510.0,730.0,570.0,15.0,235.0,18.0,0.7,0.0,0.6
1974,2,180.0,-4.0,27.6,27.8,27.8,27.75,22.0,0.16,18.0,0.6,0.0,0.4,26.1,26.55,26.97,26.6,22.0,0.53,18.0,0.6,0.0,0.4,14.66,15.58,15.6,15.34,15.0,0.43,18.0,0.6,0.0,0.4,68.9,70.5,72.8,70.6,15.0,2.1,18.0,0.6,0.4,7.0,8.0,9.78,8.2,15.0,1.32,18.0,0.6,0.0,0.4,-9.28,-4.5,-3.19,-5.91,15.0,2.75,18.0,0.6,0.0,0.4,-6.93,-5.2,-2.11,-4.78,15.0,2.08,18.0,0.6,0.0,0.4,1004.39,1005.5,1006.6,1005.63,16.0,1.14,18.0,0.6,0.0,0.4,2.3,5.0,7.0,4.9,22.0,1.9,18.0,0.6,0.0,0.4,-90.8,-32.0,-22.2,-51.3,15.0,30.6,18.0,0.6,0.0,0.4,-55.4,-37.5,-19.6,-37.9,15.0,15.7,18.0,0.6,0.0,0.4,0.8,1.2,1.7,1.15,22.0,0.58,18.0,0.6,0.0,0.4,5.7,9.0,16.6,10.3,15.0,5.4,18.0,0.6,0.0,0.4,7.68,7.97,8.91,8.11,15.0,0.59,18.0,0.6,0.0,0.4,55.8,63.7,80.0,66.8,15.0,13.6,18.0,0.6,0.0,0.4,-242.6,-121.5,-84.2,-156.0,15.0,70.8,18.0,0.6,0.0,0.4,-185.2,-136.1,-54.9,-127.3,15.0,56.5,18.0,0.6,0.0,0.4,-138.2,-70.3,-49.0,-90.2,15.0,41.0,18.0,0.6,0.0,0.4,-107.9,-81.0,-30.9,-73.7,15.0,32.8,18.0,0.6,0.0,0.4,-73.9,-35.9,-23.5,-48.8,15.0,24.6,18.0,0.6,0.0,0.4,-54.7,-41.0,-18.5,-38.3,15.0,15.7,18.0,0.6,0.0,0.4,343.0,512.0,940.0,591.0,15.0,266.5,18.0,0.6,0.0,0.4,345.0,510.0,940.0,590.0,15.0,265.0,18.0,0.6,0.0,0.4
1974,2,180.0,-3.0,27.3,27.6,27.6,27.48,15.0,0.24,14.0,0.0,0.0,0.5,25.74,26.3,26.4,26.17,18.0,0.33,16.0,0.0,0.0,0.5,14.63,15.57,15.58,15.24,14.0,0.47,16.0,0.0,0.0,0.5,68.3,72.2,74.8,71.7,14.0,2.9,16.0,0.0,0.5,8.0,8.0,10.41,8.91,11.0,1.38,18.0,0.0,0.0,0.4,-9.79,-6.13,-6.13,-7.23,11.0,2.36,18.0,0.0,0.0,0.4,-5.14,-5.14,-3.76,-4.79,11.0,0.89,18.0,0.0,0.0,0.4,1005.94,1006.65,1007.1,1006.69,14.0,0.66,16.0,0.0,0.0,0.5,2.0,3.0,5.0,3.5,18.0,1.6,16.0,0.0,0.0,0.5,-102.1,-49.0,-49.0,-67.3,11.0,31.0,18.0,0.0,0.0,0.4,-43.3,-41.1,-40.9,-41.7,11.0,3.8,18.0,0.0,0.0,0.4,1.02,1.2,1.3,1.19,15.0,0.17,14.0,0.0,0.0,0.5,8.4,10.4,14.5,11.1,9.0,3.0,16.0,0.0,0.0,0.4,7.26,7.82,8.62,7.92,12.0,0.68,14.0,0.0,0.0,0.5,55.1,65.3,92.5,72.8,9.0,17.6,16.0,0.0,0.0,0.4,-257.5,-163.0,-156.6,-189.2,11.0,62.6,18.0,0.0,0.0,0.4,-135.9,-131.5,-98.6,-125.1,11.0,22.8,18.0,0.0,0.0,0.4,-143.2,-95.5,-95.4,-109.3,11.0,33.1,18.0,0.0,0.0,0.4,-80.1,-80.0,-55.1,-73.3,11.0,15.1,18.0,0.0,0.0,0.4,-86.9,-56.6,-42.2,-60.3,9.0,24.7,16.0,0.0,0.0,0.4,-41.5,-33.9,-32.5,-36.8,9.0,5.9,16.0,0.0,0.0,0.4,512.0,512.0,1136.5,754.0,11.0,353.5,18.0,0.0,0.0,0.4,510.0,510.0,1135.0,755.0,11.0,355.0,18.0,0.0,0.0,0.4
1974,2,180.0,-2.0,26.08,26.7,27.22,26.65,13.0,0.56,12.0,0.8,0.0,0.6,25.6,25.9,26.22,25.94,25.0,0.33,18.0,0.8,0.0,0.6,15.44,15.59,15.61,15.45,19.0,0.35,18.0,0.8,0.0,0.6,70.8,73.5,75.7,73.4,19.0,2.4,18.0,0.8,0.6,9.0,10.0,11.3,10.11,18.0,1.02,18.0,0.8,0.0,0.6,-10.62,-9.4,-7.66,-8.8,18.0,2.0,18.0,0.8,0.0,0.6,-6.43,-4.1,-1.74,-3.88,18.0,2.7,18.0,0.8,0.0,0.6,1004.24,1005.5,1007.0,1005.51,19.0,1.24,18.0,0.8,0.0,0.6,3.0,4.0,5.0,3.9,25.0,1.3,18.0,0.8,0.0,0.6,-120.2,-94.0,-70.1,-90.5,18.0,28.1,18.0,0.8,0.0,0.6,-64.3,-40.9,-17.4,-38.8,18.0,26.0,18.0,0.8,0.0,0.6,0.47,0.8,1.11,0.75,13.0,0.43,12.0,0.8,0.0,0.6,2.7,8.0,13.5,7.9,9.0,5.7,12.0,0.9,0.0,0.6,5.55,6.35,7.8,6.61,10.0,1.07,12.0,0.9,0.0,0.6,51.2,64.8,86.8,69.3,9.0,18.1,12.0,0.9,0.0,0.6,-276.9,-241.0,-200.2,-228.6,18.0,52.6,18.0,0.8,0.0,0.6,-168.2,-107.5,-45.0,-100.8,18.0,69.6,18.0,0.8,0.0,0.6,-162.5,-145.4,-117.7,-135.7,18.0,30.6,18.0,0.8,0.0,0.6,-100.1,-64.1,-26.6,-60.0,18.0,42.1,18.0,0.8,0.0,0.6,-82.6,-64.8,-45.4,-65.5,9.0,18.2,12.0,0.9,0.0,0.6,-29.1,-24.5,-2.8,-16.0,9.0,17.1,12.0,0.9,0.0,0.6,729.0,1000.0,1451.0,1064.5,18.0,342.5,18.0,0.8,0.0,0.6,730.0,1000.0,1450.0,1065.0,18.0,340.0,18.0,0.8,0.0,0.6
1974,2,180.0,-1.0,25.93,26.0,26.07,26.0,2.0,0.14,16.0,1.0,0.0,0.1,24.97,25.4,25.6,25.34,19.0,0.4,18.0,0.5,0.0,0.6,15.56,15.58,15.63,15.52,14.0,0.46,16.0,0.6,0.0,0.6,75.2,76.6,79.3,76.7,14.0,2.5,16.0,0.6,0.6,8.0,9.0,11.0,9.18,11.0,1.54,18.0,0.5,0.0,0.6,-11.0,-7.79,-6.6,-8.49,11.0,2.15,18.0,0.5,0.0,0.6,-4.5,-2.74,0.0,-2.23,11.0,2.4,18.0,0.5,0.0,0.6,1004.28,1006.3,1007.79,1006.06,14.0,1.57,16.0,0.6,0.0,0.6,2.0,3.0,5.0,3.4,19.0,1.5,18.0,0.5,0.0,0.6,-121.0,-70.1,-52.8,-80.9,11.0,33.2,18.0,0.5,0.0,0.6,-35.5,-21.9,0.0,-17.5,11.0,20.3,18.0,0.5,0.0,0.6,,,,,,,,,,,,,,,,,,,,,,,,,,,,,,,,,,,,,,,,,-271.1,-197.2,-167.4,-214.0,11.0,51.7,18.0,0.5,0.0,0.6,-115.3,-70.0,0.0,-57.0,11.0,61.2,18.0,0.5,0.0,0.6,-164.3,-124.6,-103.0,-131.1,11.0,30.9,18.0,0.5,0.0,0.6,-70.2,-45.3,0.0,-35.1,11.0,37.6,18.0,0.5,0.0,0.6,,,,,,,,,,,,,,,,,,,,,,,,,,,,,,,,,,,,,,,,
1974,2,180.0,0.0,,,,,,,,,,,,,,,,,,,,,,,,,,,,,,,,,,,,,,,,7.0,8.0,10.0,8.66,53.0,1.41,24.0,0.5,0.1,0.1,-9.96,-8.0,-6.95,-8.45,53.0,1.52,24.0,0.5,0.1,0.1,-2.23,0.0,1.24,-0.3,53.0,1.77,24.0,0.5,0.1,0.1,1005.33,1006.7,1007.9,1006.7,53.0,1.15,24.0,0.5,0.1,0.1,2.0,3.0,6.0,3.5,74.0,2.1,24.0,0.5,0.1,0.0,-99.6,-64.0,-49.0,-75.3,53.0,26.4,24.0,0.5,0.1,0.1,-16.8,0.0,8.9,-2.4,53.0,14.8,24.0,0.5,0.1,0.1,,,,,,,,,,,,,,,,,,,,,,,,,,,,,,,,,,,,,,,,,-250.9,-203.2,-175.7,-213.6,53.0,38.4,24.0,0.5,0.1,0.1,-56.1,0.0,31.4,-7.6,53.0,44.9,24.0,0.5,0.1,0.1,-155.6,-130.6,-114.2,-133.2,53.0,22.3,24.0,0.5,0.1,0.1,-34.7,0.0,21.5,-4.4,53.0,28.5,24.0,0.5,0.1,0.1,,,,,,,,,,,,,,,,,,,,,,,,,,,,,,,,,,,,,,,,
1974,2,180.0,1.0,,,,,,,,,,,,,,,,,,,,,,,,,,,,,,,,,,,,,,,,10.32,12.0,12.21,11.28,6.0,1.87,8.0,0.8,0.1,0.5,-12.17,-11.91,-10.32,-11.22,6.0,1.82,8.0,0.8,0.1,0.5,0.0,0.0,2.12,0.72,6.0,1.12,8.0,0.8,0.1,0.5,1004.3,1005.2,1006.63,1005.55,8.0,1.26,8.0,0.6,0.1,0.4,5.1,6.0,6.0,5.6,8.0,1.2,8.0,0.6,0.1,0.4,-148.6,-142.9,-108.3,-129.4,6.0,37.2,8.0,0.8,0.1,0.5,0.0,0.0,25.9,9.1,6.0,14.1,8.0,0.8,0.1,0.5,,,,,,,,,,,,,,,,,,,,,,,,,,,,,,,,,,,,,,,,,-309.0,-301.3,-262.4,-285.9,6.0,42.2,8.0,0.8,0.1,0.5,0.0,0.0,53.5,18.3,6.0,28.4,8.0,0.8,0.1,0.5,-189.9,-180.2,-161.4,-173.5,6.0,27.0,8.0,0.8,0.1,0.5,0.0,0.0,33.1,11.3,6.0,17.5,8.0,0.8,0.1,0.5,,,,,,,,,,,,,,,,,,,,,,,,,,,,,,,,,,,,,,,,
1974,2,180.0,2.0,26.5,26.5,26.5,26.5,1.0,0.0,8.0,1.0,0.0,0.9,25.4,25.4,25.6,25.46,7.0,0.14,8.0,1.0,0.0,0.4,15.55,15.56,15.57,15.56,7.0,0.01,8.0,1.0,0.0,0.4,75.7,76.6,76.7,76.4,7.0,0.6,8.0,1.0,0.4,11.95,12.0,13.0,12.29,7.0,0.76,8.0,1.0,0.0,0.4,-12.81,-12.0,-11.23,-12.01,7.0,0.97,8.0,1.0,0.0,0.4,0.0,2.26,3.78,2.07,7.0,1.61,8.0,1.0,0.0,0.4,1006.96,1007.9,1008.2,1007.56,7.0,0.73,8.0,1.0,0.0,0.4,4.0,5.0,6.0,5.0,7.0,1.3,8.0,1.0,0.0,0.4,-166.6,-144.0,-134.3,-148.1,7.0,20.5,8.0,1.0,0.0,0.4,0.0,29.3,41.8,24.9,7.0,18.9,8.0,1.0,0.0,0.4,1.1,1.1,1.1,1.1,1.0,0.0,8.0,1.0,0.0,0.9,13.2,13.2,13.2,13.2,1.0,0.0,8.0,1.0,0.0,0.9,6.2,6.2,6.2,6.2,1.0,0.0,8.0,1.0,0.0,0.9,74.4,74.4,74.4,74.4,1.0,0.0,8.0,1.0,0.0,0.9,-327.9,-308.4,-285.3,-305.6,7.0,25.0,8.0,1.0,0.0,0.4,0.0,57.3,96.0,52.5,7.0,41.0,8.0,1.0,0.0,0.4,-199.3,-186.9,-174.8,-186.8,7.0,15.1,8.0,1.0,0.0,0.4,0.0,35.1,58.8,32.1,7.0,25.1,8.0,1.0,0.0,0.4,-69.9,-69.9,-69.9,-69.9,1.0,0.0,8.0,1.0,0.0,0.9,25.4,25.4,25.4,25.4,1.0,0.0,8.0,1.0,0.0,0.9,1709.0,1728.0,2197.0,1872.5,7.0,334.5,8.0,1.0,0.0,0.4,1710.0,1730.0,2195.0,1870.0,7.0,335.0,8.0,1.0,0.0,0.4
1974,2,180.0,3.0,26.33,26.9,27.28,26.84,8.0,0.42,8.0,0.1,0.0,0.5,25.03,25.65,26.09,25.61,8.0,0.49,8.0,0.1,0.0,0.5,15.57,16.55,16.58,16.2,8.0,0.52,8.0,0.1,0.0,0.5,77.2,78.3,81.2,78.7,8.0,2.7,8.0,0.1,0.5,11.0,11.0,12.89,11.5,8.0,1.07,8.0,0.1,0.0,0.5,-12.63,-10.58,-9.62,-10.82,8.0,1.46,8.0,0.1,0.0,0.5,2.26,3.76,4.9,3.57,8.0,1.33,8.0,0.1,0.0,0.5,1005.92,1006.7,1007.3,1006.74,8.0,0.85,8.0,0.1,0.0,0.5,3.3,7.0,8.0,6.0,10.0,2.3,10.0,0.3,0.0,0.6,-163.0,-116.4,-105.8,-125.8,8.0,28.6,8.0,0.1,0.0,0.5,29.3,41.4,49.9,40.3,8.0,13.1,8.0,0.1,0.0,0.5,1.0,1.3,1.39,1.23,8.0,0.24,8.0,0.1,0.0,0.5,11.2,14.3,17.4,14.1,8.0,3.1,8.0,0.1,0.0,0.5,5.53,5.97,6.25,6.03,8.0,0.58,8.0,0.1,0.0,0.5,60.0,67.2,77.3,69.6,8.0,12.0,8.0,0.1,0.0,0.5,-326.1,-272.1,-240.7,-277.3,8.0,39.2,8.0,0.1,0.0,0.5,58.5,95.4,127.9,91.1,8.0,33.2,8.0,0.1,0.0,0.5,-197.2,-173.6,-158.3,-175.0,8.0,22.3,8.0,0.1,0.0,0.5,35.4,60.5,80.6,57.9,8.0,22.1,8.0,0.1,0.0,0.5,-75.8,-64.2,-52.4,-65.7,8.0,14.1,8.0,0.1,0.0,0.5,13.9,21.5,28.8,21.1,8.0,6.8,8.0,0.1,0.0,0.5,1331.0,1331.0,2145.0,1556.0,8.0,441.5,8.0,0.1,0.0,0.5,1330.0,1330.0,2145.0,1555.0,8.0,440.0,8.0,0.1,0.0,0.5
1974,2,180.0,4.0,27.56,27.7,27.87,27.72,5.0,0.19,8.0,0.2,0.0,0.6,24.79,25.4,25.75,25.28,4.0,0.6,8.0,0.3,0.0,0.7,17.61,17.62,17.62,17.62,4.0,0.01,8.0,0.3,0.0,0.7,84.8,86.6,89.8,87.3,4.0,3.2,8.0,0.3,0.7,12.0,12.0,12.0,12.0,4.0,0.0,8.0,0.3,0.0,0.7,-11.82,-11.55,-10.81,-11.33,4.0,0.67,8.0,0.3,0.0,0.7,-4.14,0.0,3.14,-0.47,4.0,4.5,8.0,0.3,0.0,0.7,1006.55,1006.9,1007.97,1007.18,5.0,0.78,8.0,0.2,0.0,0.6,5.9,7.0,7.0,6.4,7.0,1.3,8.0,0.4,0.0,0.6,-141.8,-138.6,-129.8,-135.9,4.0,8.1,8.0,0.3,0.0,0.7,-49.6,0.0,37.7,-5.7,4.0,53.9,8.0,0.3,0.0,0.7,1.9,2.45,3.0,2.45,4.0,0.65,8.0,0.3,0.0,0.7,22.4,24.0,31.4,26.8,3.0,7.0,8.0,0.3,0.0,0.8,5.56,5.77,6.06,5.81,4.0,0.31,8.0,0.3,0.0,0.7,67.5,70.9,73.3,70.4,3.0,4.2,8.0,0.3,0.0,0.8,-304.5,-303.7,-274.5,-289.8,3.0,25.1,8.0,0.3,0.0,0.8,-119.9,-53.8,19.5,-50.3,3.0,102.1,8.0,0.3,0.0,0.8,-208.2,-208.2,-191.1,-199.9,3.0,14.4,8.0,0.3,0.0,0.8,-83.9,-36.7,13.4,-35.3,3.0,71.2,8.0,0.3,0.0,0.8,-68.3,-64.9,-64.6,-66.4,3.0,3.0,8.0,0.3,0.0,0.8,-29.3,-12.3,3.9,-12.7,3.0,24.3,8.0,0.3,0.0,0.8,1728.0,1728.0,1728.0,1728.0,4.0,0.0,8.0,0.3,0.0,0.7,1730.0,1730.0,1730.0,1730.0,4.0,0.0,8.0,0.3,0.0,0.7
1974,2,180.0,5.0,27.1,27.25,27.68,27.38,6.0,0.37,6.0,1.0,0.0,0.4,25.19,26.55,27.4,26.33,6.0,1.26,6.0,1.0,0.0,0.4,16.55,17.08,17.63,17.09,6.0,0.59,6.0,1.0,0.0,0.4,72.4,78.5,87.7,79.9,6.0,8.4,6.0,1.0,0.4,10.59,12.0,12.21,11.5,6.0,1.38,6.0,1.0,0.0,0.4,-11.41,-10.7,-10.08,-10.65,6.0,1.06,6.0,1.0,0.0,0.4,-6.1,-3.78,0.0,-3.34,6.0,3.15,6.0,1.0,0.0,0.4,1006.1,1007.35,1007.98,1007.18,6.0,0.94,6.0,1.0,0.0,0.4,3.9,7.0,8.0,6.1,7.0,2.3,8.0,1.0,0.0,0.4,-144.5,-124.7,-112.5,-123.4,6.0,23.9,6.0,1.0,0.0,0.4,-74.6,-43.0,0.0,-40.4,6.0,39.7,6.0,1.0,0.0,0.4,-0.24,1.0,2.3,1.05,6.0,1.32,6.0,1.0,0.0,0.4,-3.0,9.5,25.9,11.3,6.0,15.1,6.0,1.0,0.0,0.4,5.5,6.0,6.24,5.86,6.0,0.51,6.0,1.0,0.0,0.4,58.7,67.0,74.3,67.4,6.0,10.2,6.0,1.0,0.0,0.4,-297.0,-281.6,-269.1,-280.1,6.0,26.3,6.0,1.0,0.0,0.4,-167.3,-101.0,0.0,-91.1,6.0,86.3,6.0,1.0,0.0,0.4,-197.5,-179.1,-168.7,-182.0,6.0,19.4,6.0,1.0,0.0,0.4,-101.0,-63.4,0.0,-55.6,6.0,51.9,6.0,1.0,0.0,0.4,-64.3,-62.2,-58.5,-62.2,6.0,5.6,6.0,1.0,0.0,0.4,-37.1,-22.8,0.0,-20.5,6.0,19.4,6.0,1.0,0.0,0.4,1206.5,1728.0,1825.0,1573.5,6.0,496.5,6.0,1.0,0.0,0.4,1205.0,1730.0,1825.0,1575.0,6.0,495.0,6.0,1.0,0.0,0.4
1974,2,180.0,6.0,26.89,27.3,27.37,27.13,3.0,0.38,6.0,1.0,0.0,0.2,26.7,27.0,27.41,27.04,7.0,0.35,6.0,0.6,0.0,0.4,16.55,16.56,16.57,16.56,7.0,0.01,6.0,0.6,0.0,0.4,72.4,74.1,75.4,73.9,7.0,1.5,6.0,0.6,0.4,12.0,13.0,13.05,12.71,7.0,0.76,6.0,0.6,0.0,0.4,-11.32,-11.26,-11.22,-11.26,7.0,0.5,6.0,0.6,0.0,0.4,-6.52,-6.5,-4.1,-5.82,7.0,1.2,6.0,0.6,0.0,0.4,1006.6,1007.3,1008.11,1007.41,7.0,0.74,6.0,0.6,0.0,0.4,3.0,5.0,6.7,4.7,9.0,1.9,10.0,0.7,0.0,0.5,-147.5,-146.4,-134.8,-143.5,7.0,14.1,6.0,0.6,0.0,0.4,-85.1,-84.5,-49.3,-74.6,7.0,18.9,6.0,0.6,0.0,0.4,-0.17,-0.1,-0.03,-0.1,3.0,0.1,6.0,1.0,0.0,0.2,-2.2,-1.4,-0.4,-1.3,3.0,1.3,6.0,1.0,0.0,0.2,5.72,6.26,6.36,6.04,3.0,0.5,6.0,1.0,0.0,0.2,71.2,83.2,86.3,78.8,3.0,11.7,6.0,1.0,0.0,0.2,-311.8,-304.0,-299.5,-304.7,7.0,15.9,6.0,0.6,0.0,0.4,-180.0,-173.5,-111.1,-157.4,7.0,33.4,6.0,0.6,0.0,0.4,-187.5,-186.6,-185.6,-186.5,7.0,8.2,6.0,0.6,0.0,0.4,-108.1,-107.5,-68.0,-96.3,7.0,19.9,6.0,0.6,0.0,0.4,-74.7,-72.0,-64.9,-69.9,3.0,7.4,6.0,1.0,0.0,0.2,-43.1,-41.6,-28.5,-36.0,3.0,11.8,6.0,1.0,0.0,0.2,1728.0,2197.0,2223.0,2074.0,7.0,377.0,6.0,0.6,0.0,0.4,1730.0,2195.0,2225.0,2075.0,7.0,375.0,6.0,0.6,0.0,0.4
1974,2,180.0,7.0,26.42,27.25,27.98,27.2,8.0,0.76,12.0,0.1,0.1,0.5,26.76,27.2,27.24,27.12,11.0,0.36,12.0,0.1,0.1,0.4,16.53,16.56,18.67,17.3,11.0,1.49,12.0,0.1,0.1,0.4,73.2,74.1,82.8,77.0,11.0,7.3,12.0,0.1,0.4,9.23,12.0,13.41,11.5,11.0,2.36,12.0,0.1,0.1,0.4,-11.26,-10.72,-7.81,-9.63,11.0,2.01,12.0,0.1,0.1,0.4,-7.6,-6.5,-4.41,-5.95,11.0,2.47,12.0,0.1,0.1,0.4,1007.29,1008.3,1009.4,1008.34,11.0,0.93,12.0,0.1,0.1,0.4,3.7,5.0,7.3,5.3,12.0,1.8,12.0,0.2,0.1,0.4,-147.9,-135.3,-72.2,-114.6,11.0,41.2,12.0,0.1,0.1,0.4,-101.6,-72.0,-42.7,-72.4,11.0,36.8,12.0,0.1,0.1,0.4,-0.78,-0.25,1.06,0.01,8.0,0.84,12.0,0.1,0.1,0.5,-10.2,-3.2,10.6,-1.2,8.0,9.5,12.0,0.1,0.1,0.5,3.77,5.19,6.16,5.1,8.0,1.16,12.0,0.1,0.1,0.5,38.1,55.1,73.6,56.2,8.0,18.4,12.0,0.1,0.1,0.5,-306.2,-289.6,-210.7,-260.9,11.0,54.1,12.0,0.1,0.1,0.4,-204.1,-176.8,-119.6,-160.9,11.0,66.9,12.0,0.1,0.1,0.4,-186.1,-174.9,-148.8,-164.7,11.0,27.0,12.0,0.1,0.1,0.4,-140.1,-107.4,-75.9,-102.5,11.0,42.8,12.0,0.1,0.1,0.4,-57.1,-50.8,-29.2,-47.1,8.0,16.4,12.0,0.1,0.1,0.5,-40.9,-30.3,-21.9,-28.6,8.0,14.5,12.0,0.1,0.1,0.5,830.0,1728.0,2423.0,1686.5,11.0,834.5,12.0,0.1,0.1,0.4,830.0,1730.0,2425.0,1685.0,11.0,835.0,12.0,0.1,0.1,0.4
1974,2,180.0,8.0,26.81,27.0,27.29,26.98,8.0,0.37,6.0,0.5,0.0,0.4,27.01,27.2,27.29,26.91,8.0,0.78,6.0,0.5,0.0,0.4,16.53,16.56,17.48,16.74,8.0,0.75,6.0,0.5,0.0,0.4,72.8,73.5,77.4,75.5,8.0,6.6,6.0,0.5,0.4,13.11,14.0,14.89,13.01,8.0,3.26,6.0,0.5,0.0,0.4,-11.49,-10.99,-10.72,-10.42,8.0,2.33,6.0,0.5,0.0,0.4,-9.57,-9.0,-6.56,-7.69,8.0,2.67,6.0,0.5,0.0,0.4,1007.06,1007.85,1008.94,1007.98,8.0,0.82,6.0,0.5,0.0,0.4,4.1,7.0,7.0,6.1,9.0,1.8,8.0,0.6,0.0,0.5,-172.1,-150.1,-146.8,-142.0,8.0,48.8,6.0,0.5,0.0,0.4,-142.6,-126.0,-86.0,-107.3,8.0,44.9,6.0,0.5,0.0,0.4,-0.48,-0.1,0.09,0.06,8.0,0.96,6.0,0.5,0.0,0.4,-6.7,-1.4,1.2,-1.8,8.0,7.3,6.0,0.5,0.0,0.4,4.84,5.67,6.34,5.64,8.0,0.74,6.0,0.5,0.0,0.4,71.2,80.2,85.7,74.2,8.0,21.6,6.0,0.5,0.0,0.4,-312.4,-300.1,-289.8,-281.9,8.0,66.9,6.0,0.5,0.0,0.4,-259.6,-243.9,-178.9,-208.6,8.0,73.7,6.0,0.5,0.0,0.4,-190.0,-187.5,-177.3,-173.2,8.0,35.5,6.0,0.5,0.0,0.4,-159.4,-148.9,-107.7,-127.9,8.0,44.6,6.0,0.5,0.0,0.4,-71.4,-61.4,-54.6,-59.6,8.0,17.5,6.0,0.5,0.0,0.4,-52.4,-47.2,-42.1,-43.6,8.0,14.9,6.0,0.5,0.0,0.4,2257.5,2744.0,3305.0,2507.0,8.0,1032.5,6.0,0.5,0.0,0.4,2260.0,2745.0,3305.0,2505.0,8.0,1035.0,6.0,0.5,0.0,0.4
1974,2,180.0,9.0,25.0,25.6,26.8,25.89,7.0,0.88,4.0,1.0,0.1,0.4,26.99,27.2,27.33,27.21,7.0,0.38,4.0,1.0,0.1,0.4,16.5,16.51,16.51,16.51,5.0,0.01,6.0,1.0,0.0,0.4,73.1,73.2,74.4,73.7,5.0,0.9,6.0,1.0,0.4,10.8,13.0,13.0,11.7,6.0,2.72,4.0,1.0,0.1,0.4,-11.26,-11.26,-9.53,-10.27,6.0,2.02,4.0,1.0,0.1,0.4,-6.5,-6.5,-4.76,-5.33,6.0,2.62,4.0,1.0,0.1,0.4,1009.89,1010.5,1011.0,1010.32,6.0,0.85,4.0,1.0,0.1,0.4,5.8,7.0,7.0,6.1,7.0,1.9,4.0,1.0,0.1,0.4,-146.4,-146.4,-106.9,-124.8,6.0,43.2,4.0,1.0,0.1,0.4,-84.5,-84.5,-57.1,-68.3,6.0,33.8,4.0,1.0,0.1,0.4,-2.0,-1.6,-0.4,-1.33,7.0,0.71,4.0,1.0,0.1,0.4,-22.9,-13.6,-4.9,-14.1,6.0,9.5,4.0,1.0,0.1,0.4,3.47,4.05,5.63,4.44,5.0,1.13,6.0,1.0,0.0,0.4,43.0,52.6,73.2,57.0,5.0,15.5,6.0,1.0,0.0,0.4,-306.5,-305.1,-256.8,-279.3,6.0,53.0,4.0,1.0,0.1,0.4,-176.9,-176.1,-127.6,-144.6,6.0,71.1,4.0,1.0,0.1,0.4,-185.9,-185.8,-180.6,-183.0,5.0,6.4,6.0,1.0,0.0,0.4,-107.3,-107.2,-104.3,-105.6,5.0,3.7,6.0,1.0,0.0,0.4,-63.4,-45.5,-37.2,-49.4,5.0,13.4,6.0,1.0,0.0,0.4,-36.6,-26.3,-21.5,-28.5,5.0,7.7,6.0,1.0,0.0,0.4,1420.5,2197.0,2197.0,1792.5,6.0,784.0,4.0,1.0,0.1,0.4,1420.0,2195.0,2195.0,1790.0,6.0,785.0,4.0,1.0,0.1,0.4
1974,2,180.0,10.0,26.0,26.3,27.29,26.72,5.0,1.28,8.0,0.4,0.1,0.4,26.1,26.5,26.9,26.56,5.0,0.61,8.0,0.4,0.1,0.4,16.7,17.05,17.4,17.05,2.0,0.73,6.0,0.0,0.0,0.3,78.6,79.6,80.6,79.6,2.0,2.1,6.0,0.0,0.3,9.11,10.0,10.0,9.57,3.0,0.75,12.0,0.3,0.2,0.4,-8.85,-7.66,-7.57,-8.2,3.0,1.04,12.0,0.3,0.2,0.4,-5.77,-4.35,-3.72,-4.73,3.0,1.54,12.0,0.3,0.2,0.4,1009.2,1009.4,1009.6,1009.4,2.0,0.42,6.0,0.0,0.0,0.3,3.6,5.0,5.4,4.6,5.0,1.1,8.0,0.4,0.1,0.4,-88.5,-76.6,-69.1,-78.7,3.0,14.3,12.0,0.3,0.2,0.4,-55.9,-37.8,-35.4,-45.4,3.0,16.4,12.0,0.3,0.2,0.4,-0.5,0.2,0.64,0.16,5.0,0.78,8.0,0.4,0.1,0.4,-2.8,2.0,8.9,3.1,3.0,8.6,12.0,0.3,0.2,0.4,3.73,4.22,4.71,4.22,2.0,1.01,6.0,0.0,0.0,0.3,37.3,42.2,47.1,42.2,2.0,10.1,6.0,0.0,0.0,0.3,-233.4,-207.9,-204.6,-218.7,3.0,23.1,12.0,0.3,0.2,0.4,-154.4,-120.1,-99.0,-126.6,3.0,40.9,12.0,0.3,0.2,0.4,-152.0,-145.0,-137.9,-145.0,2.0,14.7,6.0,0.0,0.0,0.3,-104.0,-84.7,-65.5,-84.7,2.0,39.9,6.0,0.0,0.0,0.3,-43.3,-36.6,-29.9,-36.6,2.0,13.8,6.0,0.0,0.0,0.3,-21.6,-19.7,-17.8,-19.7,2.0,4.0,6.0,0.0,0.0,0.3,767.0,1000.0,1000.0,886.0,3.0,197.0,12.0,0.3,0.2,0.4,765.0,1000.0,1000.0,885.0,3.0,195.0,12.0,0.3,0.2,0.4
1974,2,180.0,11.0,25.6,26.15,26.7,26.15,4.0,0.64,6.0,0.0,0.0,0.2,26.4,26.4,26.4,26.4,4.0,0.0,6.0,0.0,0.0,0.2,15.67,16.01,16.35,16.01,2.0,0.7,6.0,0.0,0.0,0.3,72.9,74.5,76.1,74.5,2.0,3.2,6.0,0.0,0.3,8.48,9.5,10.52,9.5,2.0,2.12,6.0,0.0,0.0,0.3,-8.99,-7.83,-6.67,-7.83,2.0,2.4,6.0,0.0,0.0,0.3,-5.44,-5.32,-5.2,-5.32,2.0,0.25,6.0,0.0,0.0,0.3,1010.62,1010.65,1010.68,1010.65,2.0,0.07,6.0,0.0,0.0,0.3,3.0,4.0,5.0,4.0,4.0,1.6,6.0,0.0,0.0,0.2,-95.9,-76.9,-57.9,-76.9,2.0,39.4,6.0,0.0,0.0,0.3,-57.4,-50.8,-44.2,-50.8,2.0,13.7,6.0,0.0,0.0,0.3,-0.8,-0.25,0.3,-0.25,4.0,0.64,6.0,0.0,0.0,0.2,-7.0,-3.2,0.6,-3.2,2.0,7.9,6.0,0.0,0.0,0.3,5.1,5.24,5.38,5.24,2.0,0.29,6.0,0.0,0.0,0.3,45.5,49.5,53.5,49.5,2.0,8.4,6.0,0.0,0.0,0.3,-237.3,-206.6,-176.0,-206.6,2.0,63.4,6.0,0.0,0.0,0.3,-143.7,-140.5,-137.3,-140.5,2.0,6.7,6.0,0.0,0.0,0.3,-140.4,-124.5,-108.6,-124.5,2.0,33.0,6.0,0.0,0.0,0.3,-85.3,-85.1,-84.9,-85.1,2.0,0.3,6.0,0.0,0.0,0.3,-45.7,-40.7,-35.7,-40.7,2.0,10.3,6.0,0.0,0.0,0.3,-28.0,-27.9,-27.8,-27.9,2.0,0.2,6.0,0.0,0.0,0.3,642.0,921.5,1201.0,921.5,2.0,579.0,6.0,0.0,0.0,0.3,640.0,920.0,1200.0,920.0,2.0,580.0,6.0,0.0,0.0,0.3
1974,2,180.0,12.0,26.1,26.1,26.4,26.2,6.0,0.15,6.0,0.7,0.0,0.4,26.1,26.2,26.3,26.2,6.0,0.09,6.0,0.7,0.0,0.4,14.87,15.55,16.23,15.55,3.0,0.99,6.0,0.7,0.0,0.4,70.4,73.1,75.9,73.1,3.0,4.1,6.0,0.7,0.4,9.0,9.0,9.0,9.0,3.0,0.0,6.0,0.7,0.0,0.4,-8.46,-8.46,-8.0,-8.24,3.0,0.38,6.0,0.7,0.0,0.4,-4.05,-3.08,-3.08,-3.55,3.0,0.82,6.0,0.7,0.0,0.4,1008.3,1008.5,1010.82,1009.53,3.0,2.06,6.0,0.7,0.0,0.4,4.4,5.0,6.0,4.8,6.0,1.5,6.0,0.7,0.0,0.4,-76.1,-76.1,-72.0,-74.1,3.0,3.4,6.0,0.7,0.0,0.4,-36.4,-27.7,-27.7,-32.0,3.0,7.4,6.0,0.7,0.0,0.4,-0.2,0.0,0.2,0.0,6.0,0.18,6.0,0.7,0.0,0.4,-1.2,0.0,1.2,0.0,3.0,1.8,6.0,0.7,0.0,0.4,5.12,6.06,6.42,5.78,3.0,0.98,6.0,0.7,0.0,0.4,46.1,54.6,57.8,52.0,3.0,8.9,6.0,0.7,0.0,0.4,-221.3,-220.7,-210.0,-215.8,3.0,9.3,6.0,0.7,0.0,0.4,-106.4,-80.6,-80.4,-93.1,3.0,21.9,6.0,0.7,0.0,0.4,-130.7,-129.0,-125.0,-127.9,3.0,4.3,6.0,0.7,0.0,0.4,-66.0,-47.9,-45.8,-55.7,3.0,16.3,6.0,0.7,0.0,0.4,-54.3,-51.3,-41.2,-47.9,3.0,10.1,6.0,0.7,0.0,0.4,-20.8,-20.3,-19.2,-20.0,3.0,1.2,6.0,0.7,0.0,0.4,729.0,729.0,729.0,729.0,3.0,0.0,6.0,0.7,0.0,0.4,730.0,730.0,730.0,730.0,3.0,0.0,6.0,0.7,0.0,0.4
1974,2,180.0,13.0,24.88,25.4,25.84,25.33,6.0,0.63,10.0,0.5,0.1,0.4,24.6,26.2,28.9,26.6,7.0,1.8,12.0,0.4,0.2,0.4,15.02,16.87,18.79,16.9,4.0,2.23,14.0,0.3,0.1,0.4,72.9,79.0,81.8,77.5,4.0,6.3,14.0,0.3,0.4,5.44,9.0,9.56,7.5,5.0,3.46,14.0,0.2,0.2,0.4,-9.5,-8.86,-5.14,-7.35,5.0,3.41,14.0,0.2,0.2,0.4,-2.06,-1.56,0.0,-1.19,5.0,1.16,14.0,0.2,0.2,0.4,1010.32,1011.45,1012.0,1011.18,4.0,1.09,14.0,0.3,0.1,0.4,2.0,3.0,6.1,4.1,7.0,2.3,12.0,0.4,0.2,0.4,-90.9,-79.8,-36.2,-64.5,5.0,38.2,14.0,0.2,0.2,0.4,-18.4,-14.1,0.0,-10.3,5.0,9.7,14.0,0.2,0.2,0.4,-2.28,-0.7,1.2,-0.87,6.0,2.14,10.0,0.5,0.1,0.4,-28.2,-7.5,4.7,-11.5,4.0,22.4,14.0,0.3,0.1,0.4,0.65,3.45,5.91,3.28,4.0,3.13,14.0,0.3,0.1,0.4,4.8,30.0,56.5,30.6,4.0,30.8,14.0,0.3,0.1,0.4,-261.9,-218.0,-138.5,-196.3,5.0,90.7,14.0,0.2,0.2,0.4,-54.6,-38.4,0.0,-30.9,5.0,30.5,14.0,0.2,0.2,0.4,-162.4,-140.5,-134.5,-148.1,4.0,21.6,14.0,0.3,0.1,0.4,-37.1,-24.8,-11.6,-24.4,4.0,19.6,14.0,0.3,0.1,0.4,-55.7,-29.3,-4.4,-30.0,4.0,30.5,14.0,0.3,0.1,0.4,-9.8,-6.3,-2.0,-5.9,4.0,4.9,14.0,0.3,0.1,0.4,291.0,729.0,876.0,598.5,5.0,385.5,14.0,0.2,0.2,0.4,290.0,730.0,875.0,600.0,5.0,385.0,14.0,0.2,0.2,0.4
1974,2,180.0,14.0,25.63,26.0,26.1,25.84,5.0,0.47,4.0,0.0,0.0,0.4,25.06,25.1,25.6,25.28,5.0,0.29,4.0,0.0,0.0,0.4,14.88,15.53,15.66,15.27,3.0,0.61,4.0,0.0,0.0,0.4,73.4,78.0,79.0,76.2,3.0,4.4,4.0,0.0,0.4,6.02,8.0,8.0,7.03,3.0,1.67,4.0,0.0,0.0,0.4,-7.76,-7.52,-5.87,-6.83,3.0,1.51,4.0,0.0,0.0,0.4,-2.31,-1.39,-0.44,-1.38,3.0,1.37,4.0,0.0,0.0,0.4,1009.72,1010.2,1010.81,1010.27,3.0,0.8,4.0,0.0,0.0,0.4,1.3,3.0,5.1,3.2,5.0,2.6,4.0,0.0,0.0,0.4,-62.1,-60.1,-36.8,-49.7,3.0,20.6,4.0,0.0,0.0,0.4,-18.5,-11.1,-3.5,-11.0,3.0,10.9,4.0,0.0,0.0,0.4,0.32,0.5,0.9,0.56,5.0,0.37,4.0,0.0,0.0,0.4,1.3,4.0,6.2,3.7,3.0,3.6,4.0,0.0,0.0,0.4,4.57,5.54,6.26,5.42,3.0,1.25,4.0,0.0,0.0,0.4,28.4,44.4,50.1,39.4,3.0,16.5,4.0,0.0,0.0,0.4,-197.6,-188.7,-146.9,-172.6,3.0,39.6,4.0,0.0,0.0,0.4,-58.2,-35.6,-11.3,-34.7,3.0,34.3,4.0,0.0,0.0,0.4,-116.1,-114.8,-91.1,-103.9,3.0,20.6,4.0,0.0,0.0,0.4,-35.4,-20.2,-6.4,-20.9,3.0,21.3,4.0,0.0,0.0,0.4,-48.7,-41.7,-27.6,-38.2,3.0,15.8,4.0,0.0,0.0,0.4,-13.3,-9.2,-2.9,-8.1,3.0,7.6,4.0,0.0,0.0,0.4,253.0,512.0,512.0,385.5,3.0,219.0,4.0,0.0,0.0,0.4,255.0,510.0,510.0,385.0,3.0,220.0,4.0,0.0,0.0,0.4
1974,2,180.0,15.0,25.87,26.1,26.6,26.08,6.0,0.58,4.0,0.2,0.0,0.4,25.7,25.8,26.12,25.88,6.0,0.21,4.0,0.2,0.0,0.4,14.57,14.59,15.42,14.99,3.0,0.72,6.0,0.0,0.0,0.3,70.5,70.8,73.3,71.9,3.0,2.2,6.0,0.0,0.3,8.32,9.0,12.0,10.13,3.0,2.87,6.0,0.0,0.0,0.3,-11.41,-8.86,-8.19,-9.78,3.0,2.49,6.0,0.0,0.0,0.3,-3.62,-1.56,-1.44,-2.51,3.0,1.8,6.0,0.0,0.0,0.3,1010.13,1010.2,1011.29,1010.7,3.0,0.95,6.0,0.0,0.0,0.3,2.8,4.0,4.4,3.8,6.0,1.3,4.0,0.2,0.0,0.4,-140.5,-79.8,-68.3,-103.8,3.0,56.8,6.0,0.0,0.0,0.3,-46.4,-14.1,-12.1,-28.9,3.0,28.2,6.0,0.0,0.0,0.3,-0.25,0.4,0.8,0.2,6.0,0.75,4.0,0.2,0.0,0.4,-9.8,3.6,5.5,-2.0,3.0,12.3,6.0,0.0,0.0,0.3,4.84,6.59,7.04,5.95,3.0,1.71,6.0,0.0,0.0,0.3,55.2,58.0,58.9,57.1,3.0,2.9,6.0,0.0,0.0,0.3,-297.5,-227.8,-211.0,-253.7,3.0,67.2,6.0,0.0,0.0,0.3,-94.7,-40.2,-37.2,-65.4,3.0,47.4,6.0,0.0,0.0,0.3,-176.9,-129.1,-119.4,-147.7,3.0,45.1,6.0,0.0,0.0,0.3,-56.7,-22.8,-21.1,-38.5,3.0,29.5,6.0,0.0,0.0,0.3,-58.0,-57.1,-52.7,-55.4,3.0,4.2,6.0,0.0,0.0,0.3,-15.8,-10.3,-10.1,-12.9,3.0,4.8,6.0,0.0,0.0,0.3,581.0,729.0,1874.0,1215.5,3.0,1036.5,6.0,0.0,0.0,0.3,580.0,730.0,1875.0,1215.0,3.0,1035.0,6.0,0.0,0.0,0.3
1974,2,180.0,16.0,25.4,25.4,26.55,26.0,6.0,1.16,8.0,0.8,0.0,0.5,25.4,25.7,25.86,25.68,6.0,0.27,8.0,0.8,0.0,0.5,14.53,14.56,14.96,14.74,4.0,0.37,8.0,0.8,0.1,0.5,69.7,71.2,73.2,71.5,4.0,2.3,8.0,0.8,0.5,4.96,7.5,8.52,6.78,4.0,2.58,8.0,0.8,0.1,0.5,-7.9,-7.34,-4.33,-6.17,4.0,2.83,8.0,0.8,0.1,0.5,-2.94,-0.61,1.24,-0.84,4.0,2.86,8.0,0.8,0.1,0.5,1007.97,1011.65,1013.66,1010.85,4.0,3.54,8.0,0.8,0.1,0.5,2.3,3.0,3.7,2.9,9.0,0.9,10.0,0.9,0.0,0.6,-67.2,-56.1,-26.2,-47.1,4.0,28.8,8.0,0.8,0.1,0.5,-25.3,-4.3,3.9,-10.4,4.0,21.1,8.0,0.8,0.1,0.5,-0.4,0.0,0.56,0.32,6.0,1.18,8.0,0.8,0.0,0.5,-1.5,0.0,4.4,1.4,4.0,4.8,8.0,0.8,0.1,0.5,5.71,6.16,7.84,6.75,4.0,1.53,8.0,0.8,0.1,0.5,33.6,45.7,52.2,43.0,4.0,11.7,8.0,0.8,0.1,0.5,-203.6,-187.9,-111.4,-158.9,4.0,73.1,8.0,0.8,0.1,0.5,-74.8,-15.7,31.8,-21.2,4.0,72.9,8.0,0.8,0.1,0.5,-115.1,-106.7,-63.7,-90.2,4.0,40.4,8.0,0.8,0.1,0.5,-42.7,-8.8,19.0,-11.7,4.0,42.3,8.0,0.8,0.1,0.5,-48.9,-41.9,-28.1,-38.6,4.0,14.9,8.0,0.8,0.1,0.5,-16.8,-3.5,11.1,-2.8,4.0,19.4,8.0,0.8,0.1,0.5,179.0,427.5,625.5,403.5,4.0,295.0,8.0,0.8,0.1,0.5,180.0,430.0,625.0,405.0,4.0,295.0,8.0,0.8,0.1,0.5
1974,2,180.0,17.0,25.35,25.7,25.86,25.55,6.0,0.59,8.0,0.3,0.3,0.7,25.1,25.2,26.22,25.57,6.0,0.67,8.0,0.3,0.3,0.7,14.78,15.26,16.31,15.53,4.0,1.08,10.0,0.3,0.5,0.7,72.3,75.4,77.9,75.1,4.0,3.3,10.0,0.3,0.7,6.95,8.35,9.54,8.25,4.0,1.78,10.0,0.3,0.5,0.7,-9.39,-8.22,-6.7,-8.06,4.0,1.87,10.0,0.3,0.5,0.7,-1.93,-1.65,-1.45,-1.69,4.0,0.3,10.0,0.3,0.5,0.7,1011.44,1012.0,1013.77,1012.58,4.0,1.74,10.0,0.3,0.5,0.7,1.8,2.5,4.4,3.0,6.0,1.8,8.0,0.3,0.3,0.7,-90.2,-68.8,-47.7,-69.0,4.0,29.2,10.0,0.3,0.5,0.7,-15.9,-12.7,-11.7,-13.7,4.0,3.2,10.0,0.3,0.5,0.7,-0.47,0.4,0.7,-0.02,6.0,1.15,8.0,0.3,0.3,0.7,-10.5,1.6,3.7,-3.2,4.0,11.4,10.0,0.3,0.5,0.7,3.43,5.58,6.18,4.84,4.0,1.98,10.0,0.3,0.5,0.7,26.8,38.8,52.3,39.5,4.0,18.8,10.0,0.3,0.5,0.7,-247.6,-213.6,-168.7,-208.4,4.0,52.2,10.0,0.3,0.5,0.7,-49.2,-43.5,-37.5,-43.4,4.0,7.2,10.0,0.3,0.5,0.7,-149.4,-134.1,-101.1,-125.7,4.0,31.9,10.0,0.3,0.5,0.7,-28.4,-26.3,-23.5,-26.0,4.0,3.5,10.0,0.3,0.5,0.7,-51.5,-37.3,-25.6,-38.5,4.0,18.6,10.0,0.3,0.5,0.7,-11.9,-9.0,-4.9,-8.4,4.0,4.4,10.0,0.3,0.5,0.7,357.0,585.5,886.0,620.0,4.0,365.0,10.0,0.3,0.5,0.7,355.0,585.0,885.0,620.0,4.0,365.0,10.0,0.3,0.5,0.7
1974,2,180.0,18.0,26.1,26.2,26.39,26.14,8.0,0.32,12.0,0.4,0.3,0.4,24.87,25.2,25.22,24.77,7.0,1.15,10.0,0.3,0.3,0.4,14.52,15.06,16.7,15.52,5.0,1.15,12.0,0.4,0.4,0.4,73.5,83.0,85.8,80.7,5.0,7.4,12.0,0.4,0.4,3.48,5.0,9.3,5.87,6.0,2.77,14.0,0.5,0.4,0.4,-8.2,-4.92,-3.48,-5.54,6.0,2.35,14.0,0.5,0.4,0.4,-1.35,-0.43,0.96,-0.04,6.0,2.58,14.0,0.5,0.4,0.4,1013.63,1014.6,1015.28,1014.47,6.0,0.96,14.0,0.5,0.4,0.4,2.1,3.5,4.0,3.5,8.0,1.8,12.0,0.4,0.3,0.4,-76.2,-24.6,-12.1,-37.9,6.0,31.8,14.0,0.5,0.4,0.4,-9.6,-2.2,8.9,0.8,6.0,23.6,14.0,0.5,0.4,0.4,0.49,1.2,1.42,1.37,7.0,1.2,10.0,0.3,0.3,0.4,3.2,6.0,17.4,10.8,5.0,14.4,12.0,0.4,0.4,0.4,3.97,6.02,6.88,5.53,5.0,1.52,12.0,0.4,0.4,0.4,26.5,34.8,44.9,35.3,5.0,15.2,12.0,0.4,0.4,0.4,-198.5,-124.1,-111.3,-147.6,5.0,49.9,12.0,0.4,0.4,0.4,-39.7,-21.7,43.5,1.0,5.0,70.9,12.0,0.4,0.4,0.4,-133.4,-71.5,-67.1,-94.1,5.0,36.8,12.0,0.4,0.4,0.4,-25.5,-12.6,28.8,1.1,5.0,47.0,12.0,0.4,0.4,0.4,-40.9,-33.6,-26.0,-33.4,5.0,13.9,12.0,0.4,0.4,0.4,-10.8,-5.9,7.0,-2.4,5.0,14.0,12.0,0.4,0.4,0.4,42.5,125.0,804.5,322.0,6.0,375.5,14.0,0.5,0.4,0.4,45.0,125.0,805.0,320.0,6.0,375.0,14.0,0.5,0.4,0.4
1974,2,180.0,19.0,25.4,25.65,25.9,25.65,4.0,0.29,4.0,0.5,0.0,0.5,25.3,25.45,25.6,25.45,4.0,0.17,4.0,0.5,0.0,0.5,13.94,14.56,15.19,14.56,2.0,1.3,4.0,0.5,0.0,0.5,69.3,71.9,74.5,71.9,2.0,5.4,4.0,0.5,0.5,3.16,3.5,3.84,3.5,2.0,0.71,4.0,0.5,0.0,0.5,-3.05,-3.01,-2.97,-3.01,2.0,0.08,4.0,0.5,0.0,0.5,0.85,1.55,2.25,1.55,2.0,1.45,4.0,0.5,0.0,0.5,1012.97,1013.35,1013.73,1013.35,2.0,0.78,4.0,0.5,0.0,0.5,1.5,2.0,2.5,2.0,4.0,0.8,4.0,0.5,0.0,0.5,-11.7,-10.6,-9.4,-10.6,2.0,2.4,4.0,0.5,0.0,0.5,2.9,5.9,8.9,5.9,2.0,6.2,4.0,0.5,0.0,0.5,-0.2,0.2,0.6,0.2,4.0,0.46,4.0,0.5,0.0,0.5,-0.4,0.5,1.4,0.5,2.0,1.8,4.0,0.5,0.0,0.5,5.17,6.0,6.83,6.0,2.0,1.72,4.0,0.5,0.0,0.5,19.5,20.4,21.2,20.4,2.0,1.8,4.0,0.5,0.0,0.5,-77.9,-76.6,-75.3,-76.6,2.0,2.6,4.0,0.5,0.0,0.5,21.5,39.5,57.5,39.5,2.0,37.2,4.0,0.5,0.0,0.5,-46.3,-43.9,-41.4,-43.9,2.0,5.0,4.0,0.5,0.0,0.5,12.3,23.5,34.6,23.5,2.0,23.1,4.0,0.5,0.0,0.5,-20.3,-18.0,-15.7,-18.0,2.0,4.7,4.0,0.5,0.0,0.5,5.1,8.0,10.9,8.0,2.0,6.0,4.0,0.5,0.0,0.5,33.0,45.5,58.0,45.5,2.0,26.0,4.0,0.5,0.0,0.5,35.0,45.0,60.0,45.0,2.0,25.0,4.0,0.5,0.0,0.5
1974,2,180.0,20.0,23.61,24.85,26.63,25.05,8.0,1.53,10.0,0.8,0.4,0.4,24.48,25.1,25.6,25.01,9.0,0.56,12.0,0.8,0.4,0.5,14.49,15.11,16.0,15.26,6.0,0.84,12.0,0.7,0.5,0.4,71.5,76.9,83.5,77.3,6.0,5.9,12.0,0.7,0.4,4.91,5.1,7.8,6.2,7.0,2.28,14.0,0.7,0.5,0.5,-6.08,-3.21,-2.27,-3.76,7.0,3.68,14.0,0.7,0.5,0.5,-1.86,1.99,4.47,1.78,7.0,4.04,14.0,0.7,0.5,0.5,1012.85,1015.3,1016.84,1014.85,6.0,2.24,12.0,0.7,0.5,0.4,2.0,4.0,5.0,3.8,9.0,1.5,12.0,0.8,0.4,0.5,-47.8,-20.3,-11.6,-29.4,7.0,32.7,14.0,0.7,0.5,0.5,-17.7,8.9,23.3,8.1,7.0,29.8,14.0,0.7,0.5,0.5,-1.86,-0.5,1.92,-0.09,8.0,1.81,10.0,0.8,0.4,0.4,-7.9,7.8,13.3,4.5,6.0,10.8,12.0,0.7,0.5,0.4,3.7,5.56,6.13,5.17,6.0,1.22,12.0,0.7,0.5,0.4,18.5,37.4,50.7,35.8,6.0,15.5,12.0,0.7,0.5,0.4,-151.8,-82.3,-57.0,-94.0,7.0,90.2,14.0,0.7,0.5,0.5,-45.9,47.8,112.3,45.2,7.0,102.1,14.0,0.7,0.5,0.5,-108.2,-61.3,-38.1,-74.2,6.0,44.2,12.0,0.7,0.5,0.4,-37.9,41.6,71.7,24.0,6.0,67.8,12.0,0.7,0.5,0.4,-37.5,-23.0,-11.3,-25.5,6.0,16.3,12.0,0.7,0.5,0.4,-13.2,12.4,22.1,8.3,6.0,25.5,12.0,0.7,0.5,0.4,120.5,132.5,479.5,324.0,7.0,321.0,14.0,0.7,0.5,0.5,120.0,135.0,480.0,325.0,7.0,320.0,14.0,0.7,0.5,0.5
1974,2,180.0,21.0,23.8,23.8,24.07,23.93,3.0,0.23,2.0,0.3,0.0,0.4,24.2,24.2,24.27,24.23,3.0,0.06,2.0,0.3,0.0,0.4,14.51,14.51,14.51,14.51,1.0,0.0,2.0,0.0,0.0,0.3,77.4,77.4,77.4,77.4,1.0,0.0,2.0,0.0,0.3,5.0,5.0,5.0,5.0,1.0,0.0,2.0,0.0,0.0,0.3,0.0,0.0,0.0,0.0,1.0,0.0,2.0,0.0,0.0,0.3,5.0,5.0,5.0,5.0,1.0,0.0,2.0,0.0,0.0,0.3,1015.0,1015.0,1015.0,1015.0,1.0,0.0,2.0,0.0,0.0,0.3,2.3,3.0,3.7,3.0,3.0,1.0,2.0,0.3,0.0,0.4,0.0,0.0,0.0,0.0,1.0,0.0,2.0,0.0,0.0,0.3,25.0,25.0,25.0,25.0,1.0,0.0,2.0,0.0,0.0,0.3,-0.4,-0.4,-0.2,-0.3,3.0,0.17,2.0,0.3,0.0,0.4,-2.0,-2.0,-2.0,-2.0,1.0,0.0,2.0,0.0,0.0,0.3,3.84,3.84,3.84,3.84,1.0,0.0,2.0,0.0,0.0,0.3,19.2,19.2,19.2,19.2,1.0,0.0,2.0,0.0,0.0,0.3,0.0,0.0,0.0,0.0,1.0,0.0,2.0,0.0,0.0,0.3,121.0,121.0,121.0,121.0,1.0,0.0,2.0,0.0,0.0,0.3,0.0,0.0,0.0,0.0,1.0,0.0,2.0,0.0,0.0,0.3,72.6,72.6,72.6,72.6,1.0,0.0,2.0,0.0,0.0,0.3,0.0,0.0,0.0,0.0,1.0,0.0,2.0,0.0,0.0,0.3,19.2,19.2,19.2,19.2,1.0,0.0,2.0,0.0,0.0,0.3,125.0,125.0,125.0,125.0,1.0,0.0,2.0,0.0,0.0,0.3,125.0,125.0,125.0,125.0,1.0,0.0,2.0,0.0,0.0,0.3
1974,2,180.0,22.0,23.5,24.0,24.5,23.91,14.0,0.76,16.0,0.2,0.3,0.4,22.71,24.0,24.29,23.71,14.0,1.73,16.0,0.2,0.3,0.4,13.97,14.51,14.96,14.44,11.0,0.76,18.0,0.3,0.4,0.3,76.4,78.3,86.3,79.7,11.0,10.8,18.0,0.3,0.3,3.64,6.1,8.48,6.01,12.0,2.57,18.0,0.3,0.4,0.4,-8.24,-2.19,0.0,-3.53,12.0,3.62,18.0,0.3,0.4,0.4,0.61,2.91,5.87,2.53,12.0,3.51,18.0,0.3,0.4,0.4,1011.54,1013.8,1016.21,1013.75,12.0,3.0,18.0,0.3,0.4,0.4,3.0,4.5,7.9,5.0,14.0,2.5,16.0,0.2,0.3,0.4,-70.0,-10.6,0.0,-27.7,12.0,36.4,18.0,0.3,0.4,0.4,-0.4,15.3,36.0,13.6,12.0,24.9,18.0,0.3,0.4,0.4,-0.6,0.0,1.85,0.2,14.0,1.55,16.0,0.2,0.3,0.4,-6.1,0.7,9.3,2.1,12.0,11.4,18.0,0.3,0.4,0.4,3.29,3.52,5.22,4.13,11.0,1.31,18.0,0.3,0.4,0.3,13.5,21.8,29.1,21.9,11.0,8.7,18.0,0.3,0.4,0.3,-180.9,-55.0,0.0,-80.6,12.0,80.4,18.0,0.3,0.4,0.4,13.4,61.4,144.4,60.9,12.0,84.7,18.0,0.3,0.4,0.4,-87.0,-31.9,0.0,-41.8,11.0,44.4,18.0,0.3,0.4,0.3,2.5,45.8,88.8,38.7,11.0,52.9,18.0,0.3,0.4,0.3,-21.4,-10.7,0.0,-10.9,11.0,9.9,18.0,0.3,0.4,0.3,2.7,11.3,24.4,10.1,11.0,16.1,18.0,0.3,0.4,0.3,52.0,227.0,615.5,328.5,12.0,343.0,18.0,0.3,0.4,0.4,50.0,225.0,615.0,330.0,12.0,345.0,18.0,0.3,0.4,0.4
1974,2,180.0,23.0,23.21,23.5,24.12,23.67,18.0,0.82,16.0,0.3,0.4,0.4,22.0,23.0,24.5,23.23,20.0,1.68,16.0,0.3,0.4,0.4,13.97,15.06,15.98,14.82,16.0,1.57,18.0,0.2,0.4,0.4,82.5,84.6,90.5,85.0,16.0,5.7,18.0,0.2,0.4,4.45,6.6,8.7,6.43,18.0,2.18,16.0,0.3,0.5,0.4,-8.22,-3.94,1.63,-3.57,18.0,4.29,16.0,0.3,0.5,0.4,-1.87,0.0,5.92,0.9,18.0,3.97,16.0,0.3,0.5,0.4,1013.7,1014.3,1018.25,1015.72,17.0,2.65,18.0,0.2,0.4,0.4,2.0,5.5,8.0,5.0,20.0,2.3,16.0,0.3,0.4,0.4,-68.7,-18.9,8.2,-26.9,18.0,36.5,16.0,0.3,0.5,0.4,-14.2,0.0,37.5,6.5,18.0,28.7,16.0,0.3,0.5,0.4,-0.93,0.4,2.09,0.59,18.0,1.97,16.0,0.3,0.4,0.4,-7.1,3.7,11.6,3.8,16.0,15.0,18.0,0.3,0.4,0.4,1.87,3.0,4.82,3.47,15.0,1.91,18.0,0.2,0.4,0.4,12.6,19.6,25.3,21.8,15.0,16.4,18.0,0.2,0.4,0.4,-190.6,-89.7,35.4,-82.0,18.0,100.6,16.0,0.3,0.5,0.4,-40.4,0.0,135.7,19.9,18.0,93.2,16.0,0.3,0.5,0.4,-125.8,-56.8,28.1,-52.9,16.0,65.2,18.0,0.2,0.4,0.4,-23.3,11.8,87.7,21.4,16.0,57.9,18.0,0.2,0.4,0.4,-24.9,-12.2,5.8,-12.7,15.0,15.9,18.0,0.2,0.4,0.4,-5.0,1.8,17.9,6.4,15.0,17.6,18.0,0.2,0.4,0.4,89.0,290.5,658.5,350.0,18.0,281.5,16.0,0.3,0.5,0.4,90.0,290.0,660.0,350.0,18.0,280.0,16.0,0.3,0.5,0.4
1974,2,180.0,24.0,22.25,23.2,24.0,23.32,27.0,1.04,14.0,0.5,0.4,0.4,21.0,22.35,24.8,22.78,28.0,2.01,14.0,0.5,0.4,0.4,12.76,13.86,15.1,13.6,24.0,1.9,14.0,0.4,0.4,0.4,72.9,83.4,89.3,80.8,24.0,11.3,14.0,0.4,0.4,3.6,6.2,9.32,6.53,26.0,2.54,14.0,0.5,0.4,0.5,-8.59,-3.44,3.12,-3.17,26.0,5.12,14.0,0.5,0.4,0.5,-3.98,0.0,2.5,-0.81,26.0,3.67,14.0,0.5,0.4,0.5,1013.35,1016.3,1019.14,1015.79,25.0,4.42,14.0,0.4,0.4,0.5,2.0,4.5,7.0,4.6,28.0,2.2,14.0,0.5,0.4,0.4,-74.9,-14.8,23.1,-23.6,26.0,45.9,14.0,0.5,0.4,0.5,-34.3,0.0,17.7,-7.6,26.0,30.6,14.0,0.5,0.4,0.5,-1.52,1.0,2.44,0.73,27.0,1.98,14.0,0.5,0.4,0.4,-6.8,5.7,16.9,6.8,25.0,16.0,14.0,0.4,0.4,0.5,2.34,3.73,5.99,4.33,24.0,2.31,14.0,0.4,0.4,0.4,11.3,22.1,41.8,31.3,24.0,27.2,14.0,0.4,0.4,0.4,-193.4,-82.1,61.4,-73.1,26.0,115.3,14.0,0.5,0.4,0.5,-87.9,0.0,62.1,-15.5,26.0,78.8,14.0,0.5,0.4,0.5,-103.2,-55.4,39.4,-49.4,24.0,64.2,14.0,0.4,0.4,0.4,-63.5,0.0,39.7,-9.1,24.0,49.9,14.0,0.4,0.4,0.4,-34.5,-11.0,11.6,-14.2,24.0,32.0,14.0,0.4,0.4,0.4,-21.2,0.0,7.1,-6.9,24.0,21.9,14.0,0.4,0.4,0.4,46.5,238.5,810.5,402.5,26.0,393.5,14.0,0.5,0.4,0.5,45.0,240.0,810.0,400.0,26.0,395.0,14.0,0.5,0.4,0.5
1974,2,180.0,25.0,21.17,22.7,23.46,22.41,15.0,1.1,8.0,0.2,0.3,0.4,18.76,20.8,23.0,20.91,16.0,2.25,8.0,0.2,0.3,0.4,8.24,11.26,14.58,11.86,13.0,2.73,10.0,0.2,0.4,0.4,55.5,82.1,84.4,76.0,13.0,13.1,10.0,0.2,0.4,2.23,7.85,10.92,6.89,14.0,4.04,10.0,0.2,0.3,0.4,-7.01,-2.72,3.19,-2.28,14.0,4.42,10.0,0.2,0.3,0.4,-6.57,-2.34,2.0,-1.27,14.0,6.37,10.0,0.2,0.3,0.4,1015.53,1016.9,1019.94,1017.56,14.0,2.48,10.0,0.2,0.3,0.4,2.4,6.0,8.0,5.4,16.0,2.5,8.0,0.2,0.3,0.4,-63.5,-9.3,28.0,-16.4,14.0,43.4,10.0,0.2,0.3,0.4,-50.7,-14.7,4.2,-4.8,14.0,73.0,10.0,0.2,0.3,0.4,-1.09,2.3,3.76,1.54,15.0,2.55,8.0,0.2,0.3,0.4,-2.8,16.0,30.7,15.3,13.0,21.3,10.0,0.2,0.4,0.4,2.24,4.57,9.74,5.0,13.0,3.57,10.0,0.2,0.4,0.4,9.0,35.7,66.8,40.1,13.0,31.1,10.0,0.2,0.4,0.4,-127.5,-63.4,65.4,-49.9,14.0,89.1,10.0,0.2,0.3,0.4,-131.7,-48.3,43.1,-26.3,14.0,124.2,10.0,0.2,0.3,0.4,-78.7,-52.8,28.8,-31.5,13.0,50.7,10.0,0.2,0.4,0.4,-70.1,-24.4,19.8,-12.0,13.0,75.1,10.0,0.2,0.4,0.4,-28.4,-9.3,22.1,-10.2,13.0,31.5,10.0,0.2,0.4,0.4,-42.2,-10.9,3.0,-16.8,13.0,36.0,10.0,0.2,0.4,0.4,13.0,484.5,1306.5,638.5,14.0,774.5,10.0,0.2,0.3,0.4,15.0,485.0,1305.0,640.0,14.0,775.0,10.0,0.2,0.3,0.4
1974,2,180.0,26.0,20.8,22.0,22.34,21.74,13.0,0.89,12.0,0.2,0.6,0.7,18.49,21.1,22.28,20.59,15.0,1.9,12.0,0.2,0.6,0.6,10.57,11.64,13.91,12.03,15.0,2.06,12.0,0.2,0.6,0.6,72.9,82.1,87.5,79.7,15.0,10.2,12.0,0.2,0.6,3.71,6.2,9.84,6.99,15.0,3.47,12.0,0.2,0.6,0.6,-6.27,0.0,4.39,-0.65,15.0,4.77,12.0,0.2,0.6,0.6,-6.76,0.0,3.84,-1.85,15.0,6.13,12.0,0.2,0.6,0.6,1013.77,1016.6,1019.16,1016.48,15.0,3.32,12.0,0.2,0.6,0.6,1.0,6.0,8.0,4.7,15.0,2.9,12.0,0.2,0.6,0.6,-55.3,0.0,25.8,-9.0,15.0,41.0,12.0,0.2,0.6,0.6,-70.7,0.0,24.6,-26.1,15.0,68.5,12.0,0.2,0.6,0.6,-0.28,0.6,3.33,1.27,13.0,1.82,12.0,0.2,0.6,0.7,-1.1,5.6,20.5,10.8,13.0,17.4,12.0,0.2,0.6,0.7,1.96,3.99,5.64,4.29,13.0,2.16,12.0,0.2,0.6,0.7,9.6,23.7,51.7,31.0,13.0,19.6,12.0,0.2,0.6,0.7,-118.2,0.0,92.7,-13.3,15.0,101.2,12.0,0.2,0.6,0.6,-148.5,0.0,84.8,-30.3,15.0,117.2,12.0,0.2,0.6,0.6,-67.1,0.0,53.3,-7.3,15.0,58.1,12.0,0.2,0.6,0.6,-89.7,0.0,49.0,-17.4,15.0,70.9,12.0,0.2,0.6,0.6,-17.4,0.0,11.0,-3.7,13.0,20.5,12.0,0.2,0.6,0.7,-48.1,-13.6,6.0,-13.9,13.0,28.0,12.0,0.2,0.6,0.7,51.5,238.5,956.5,600.5,15.0,861.0,12.0,0.2,0.6,0.6,50.0,240.0,955.0,600.0,15.0,860.0,12.0,0.2,0.6,0.6
1974,2,180.0,27.0,19.95,20.5,22.25,21.05,17.0,1.41,10.0,0.2,0.5,0.4,17.2,19.2,20.33,19.15,18.0,1.42,8.0,0.2,0.5,0.4,9.63,11.28,12.95,11.41,15.0,2.1,8.0,0.1,0.5,0.3,76.9,83.8,92.1,81.5,15.0,13.2,8.0,0.1,0.3,3.04,8.5,13.52,8.29,16.0,4.42,10.0,0.1,0.5,0.3,-6.41,0.58,2.72,-0.21,16.0,5.44,10.0,0.1,0.5,0.3,-7.33,-2.5,10.38,-0.08,16.0,7.95,10.0,0.1,0.5,0.3,1010.5,1015.8,1017.8,1014.79,16.0,3.48,10.0,0.1,0.5,0.3,3.1,7.0,8.0,5.8,17.0,2.7,10.0,0.2,0.5,0.4,-54.0,2.2,33.5,0.0,16.0,64.2,10.0,0.1,0.5,0.3,-75.6,-7.1,118.3,7.1,16.0,96.8,10.0,0.1,0.5,0.3,0.0,2.3,3.0,1.87,17.0,1.96,10.0,0.2,0.5,0.4,0.0,15.4,31.7,15.4,15.0,18.0,10.0,0.1,0.5,0.4,2.46,4.15,6.49,4.11,14.0,2.22,10.0,0.1,0.5,0.3,10.6,33.7,60.5,37.2,14.0,31.0,10.0,0.1,0.5,0.3,-123.3,12.5,57.2,-4.2,16.0,104.3,10.0,0.1,0.5,0.3,-138.2,-44.1,220.0,3.7,16.0,158.0,10.0,0.1,0.5,0.3,-61.5,14.6,36.7,1.3,15.0,62.9,8.0,0.1,0.5,0.3,-78.9,-22.0,99.6,2.0,15.0,88.1,8.0,0.1,0.5,0.3,-28.0,1.4,16.8,0.2,14.0,25.3,10.0,0.1,0.5,0.3,-30.3,-12.1,16.8,2.7,14.0,42.6,10.0,0.1,0.5,0.3,28.0,630.5,2480.5,1018.5,16.0,1110.5,10.0,0.1,0.5,0.3,30.0,630.0,2480.0,1020.0,16.0,1110.0,10.0,0.1,0.5,0.3
1974,2,180.0,28.0,18.37,20.0,21.05,19.73,4.0,1.61,18.0,0.0,0.4,0.6,17.66,18.95,19.45,18.58,4.0,1.2,18.0,0.0,0.4,0.6,10.77,11.59,12.75,11.75,4.0,1.3,18.0,0.0,0.4,0.6,83.6,89.2,93.2,88.4,4.0,6.3,18.0,0.0,0.6,6.07,10.3,10.64,8.4,3.0,3.73,16.0,0.0,0.3,0.5,-6.95,-4.1,-3.71,-5.3,3.0,2.59,16.0,0.0,0.3,0.5,-4.74,0.0,6.61,0.91,3.0,8.35,16.0,0.0,0.3,0.5,1012.29,1015.4,1017.41,1014.88,4.0,3.64,18.0,0.0,0.4,0.6,7.0,8.0,8.0,7.5,4.0,1.0,18.0,0.0,0.4,0.6,-72.5,-36.3,-23.0,-47.5,3.0,37.5,16.0,0.0,0.3,0.5,-51.2,0.0,68.0,8.2,3.0,87.6,16.0,0.0,0.3,0.5,-1.08,1.0,3.39,1.15,4.0,2.67,18.0,0.0,0.4,0.6,-8.0,10.3,34.2,13.0,3.0,31.0,16.0,0.0,0.3,0.5,0.82,2.44,4.31,2.56,4.0,2.14,18.0,0.0,0.4,0.6,14.3,14.9,42.4,28.0,3.0,23.5,16.0,0.0,0.3,0.5,-119.5,-75.8,-70.7,-94.7,3.0,39.3,16.0,0.0,0.3,0.5,-80.1,0.0,128.2,23.5,3.0,153.9,16.0,0.0,0.3,0.5,-74.3,-49.2,-42.5,-58.2,3.0,24.5,16.0,0.0,0.3,0.5,-49.2,0.0,73.9,12.1,3.0,90.8,16.0,0.0,0.3,0.5,-33.3,-14.1,-7.9,-20.5,3.0,19.4,16.0,0.0,0.3,0.5,-24.2,0.0,9.6,-7.1,3.0,25.5,16.0,0.0,0.3,0.5,394.0,1092.5,1206.5,807.0,3.0,644.5,16.0,0.0,0.3,0.5,395.0,1095.0,1205.0,805.0,3.0,645.0,16.0,0.0,0.3,0.5
1974,2,180.0,29.0,18.95,19.0,19.55,19.21,7.0,0.76,12.0,0.4,0.6,0.6,16.43,18.25,19.07,18.0,10.0,1.43,10.0,0.3,0.5,0.7,10.22,10.79,12.51,11.12,7.0,1.3,10.0,0.4,0.6,0.6,74.6,86.6,95.1,84.4,7.0,10.1,10.0,0.4,0.6,4.81,6.65,11.09,7.6,10.0,3.53,10.0,0.3,0.5,0.7,-3.59,0.0,7.47,0.87,10.0,6.36,10.0,0.3,0.5,0.7,-4.03,2.53,5.2,1.53,10.0,5.72,10.0,0.3,0.5,0.7,1010.21,1016.5,1018.57,1015.2,10.0,4.16,10.0,0.3,0.5,0.7,2.4,7.5,8.0,6.0,10.0,2.6,10.0,0.3,0.5,0.7,-29.4,0.0,68.3,6.2,10.0,69.5,10.0,0.3,0.5,0.7,-17.8,17.6,35.8,11.3,10.0,58.5,10.0,0.3,0.5,0.7,-1.02,1.0,1.52,0.5,7.0,1.29,12.0,0.4,0.6,0.6,-11.1,2.6,10.5,1.2,7.0,11.4,12.0,0.4,0.6,0.6,1.33,2.84,3.96,2.67,6.0,1.43,10.0,0.5,0.7,0.6,6.5,14.5,42.4,21.1,6.0,17.7,10.0,0.5,0.7,0.6,-61.0,0.0,132.4,20.6,10.0,114.5,10.0,0.3,0.5,0.7,-73.1,46.0,92.3,29.7,10.0,102.8,10.0,0.3,0.5,0.7,-3.2,0.0,94.5,26.5,7.0,62.1,10.0,0.4,0.6,0.6,-33.5,16.5,60.7,23.9,7.0,63.4,10.0,0.4,0.6,0.6,0.0,4.7,42.2,15.9,6.0,21.3,10.0,0.5,0.7,0.6,-6.5,3.6,7.8,0.4,6.0,9.7,10.0,0.5,0.7,0.6,112.5,342.0,1364.5,700.5,10.0,740.0,10.0,0.3,0.5,0.7,110.0,340.0,1365.0,700.0,10.0,740.0,10.0,0.3,0.5,0.7
1974,2,180.0,30.0,16.86,17.6,19.0,17.63,19.0,1.4,10.0,0.4,0.6,0.3,15.93,18.0,20.07,17.87,19.0,1.95,10.0,0.4,0.6,0.3,8.03,10.17,12.55,10.43,19.0,2.01,10.0,0.4,0.6,0.3,72.1,82.3,90.3,81.5,19.0,10.9,10.0,0.4,0.3,3.53,9.8,11.74,8.47,19.0,4.58,10.0,0.4,0.6,0.3,-3.83,3.38,10.03,3.14,19.0,6.46,10.0,0.4,0.6,0.3,-1.79,0.96,9.98,2.25,19.0,6.28,10.0,0.4,0.6,0.3,1006.87,1015.2,1017.74,1013.66,19.0,5.6,10.0,0.4,0.6,0.3,1.9,5.0,8.0,5.0,19.0,2.6,10.0,0.4,0.6,0.3,-39.9,12.2,126.0,33.9,19.0,76.7,10.0,0.4,0.6,0.3,-15.2,1.4,111.4,30.2,19.0,81.4,10.0,0.4,0.6,0.3,-3.07,0.0,2.22,-0.24,19.0,2.58,10.0,0.4,0.6,0.3,-33.1,0.0,11.3,-6.2,19.0,25.2,10.0,0.4,0.6,0.3,0.04,2.43,4.24,2.13,19.0,2.16,10.0,0.4,0.6,0.3,-0.2,9.0,28.3,13.0,19.0,17.9,10.0,0.4,0.6,0.3,-66.5,66.0,181.6,57.3,19.0,117.8,10.0,0.4,0.6,0.3,-32.4,15.3,183.9,47.0,19.0,114.6,10.0,0.4,0.6,0.3,-43.2,38.8,115.4,33.0,19.0,70.7,10.0,0.4,0.6,0.3,-14.4,7.3,122.5,31.2,19.0,71.5,10.0,0.4,0.6,0.3,-8.3,1.8,25.9,7.9,19.0,18.1,10.0,0.4,0.6,0.3,-12.9,0.0,5.9,-2.2,19.0,10.1,10.0,0.4,0.6,0.3,44.0,941.0,1664.0,1096.0,19.0,1180.5,10.0,0.4,0.6,0.3,45.0,940.0,1665.0,1095.0,19.0,1180.0,10.0,0.4,0.6,0.3
1974,2,180.0,31.0,16.23,16.85,18.44,17.18,8.0,1.02,18.0,0.3,0.6,0.5,14.79,16.2,18.53,16.47,11.0,1.9,16.0,0.4,0.5,0.5,6.81,9.54,11.73,9.47,10.0,2.38,16.0,0.3,0.5,0.5,67.1,84.9,93.4,82.4,10.0,12.9,16.0,0.3,0.5,7.49,10.3,15.4,10.99,11.0,4.27,16.0,0.4,0.5,0.5,-9.96,2.08,7.49,0.38,11.0,9.75,16.0,0.4,0.5,0.5,-6.35,-3.85,7.69,-0.28,11.0,7.48,16.0,0.4,0.5,0.5,1012.5,1019.3,1020.71,1017.15,11.0,3.85,16.0,0.4,0.5,0.5,4.4,6.5,8.0,6.3,10.0,1.7,16.0,0.3,0.5,0.5,-119.1,25.0,90.5,6.5,11.0,145.3,16.0,0.4,0.5,0.5,-93.4,-29.6,78.1,-7.7,11.0,97.0,16.0,0.4,0.5,0.5,0.06,2.45,3.0,1.43,8.0,2.15,18.0,0.3,0.6,0.5,0.3,18.1,46.2,20.3,8.0,27.0,18.0,0.3,0.6,0.5,1.79,3.84,5.13,3.2,8.0,2.74,18.0,0.3,0.6,0.5,9.8,41.9,65.0,37.7,8.0,35.0,18.0,0.3,0.6,0.5,-169.9,37.9,137.0,5.6,11.0,152.2,16.0,0.4,0.5,0.5,-105.4,-55.8,133.1,-1.5,11.0,126.8,16.0,0.4,0.5,0.5,-113.7,3.8,65.5,-11.5,10.0,86.7,16.0,0.3,0.5,0.5,-50.3,-21.9,101.2,10.2,10.0,78.7,16.0,0.3,0.5,0.5,-41.0,7.4,34.8,6.5,8.0,47.7,18.0,0.3,0.6,0.5,-25.6,-15.6,7.9,-8.8,8.0,20.8,18.0,0.3,0.6,0.5,422.0,1092.5,3652.5,1892.5,11.0,1875.5,16.0,0.4,0.5,0.5,420.0,1095.0,3650.0,1895.0,11.0,1875.0,16.0,0.4,0.5,0.5
1974,2,180.0,32.0,15.1,16.3,17.13,16.23,8.0,0.92,16.0,0.4,0.5,0.4,14.8,15.3,17.23,15.8,9.0,1.39,16.0,0.4,0.4,0.5,7.26,9.44,10.79,9.07,9.0,1.91,16.0,0.4,0.4,0.5,69.5,79.4,92.2,80.9,9.0,12.1,16.0,0.4,0.5,4.1,6.2,9.14,6.57,9.0,3.36,16.0,0.4,0.4,0.5,-2.88,1.34,4.49,1.02,9.0,3.94,16.0,0.4,0.4,0.5,-2.82,4.65,8.02,3.24,9.0,5.59,16.0,0.4,0.4,0.5,1009.17,1014.7,1019.37,1014.3,9.0,5.39,16.0,0.4,0.4,0.5,5.0,6.0,8.0,6.1,9.0,2.0,16.0,0.4,0.4,0.5,-21.0,5.7,29.4,9.6,9.0,31.5,16.0,0.4,0.4,0.5,-12.4,29.4,67.7,34.7,9.0,53.7,16.0,0.4,0.4,0.5,0.09,1.0,1.1,0.73,8.0,0.81,16.0,0.4,0.5,0.4,0.1,6.3,7.6,3.8,8.0,5.8,16.0,0.4,0.5,0.4,1.95,2.47,3.42,2.75,8.0,1.09,16.0,0.4,0.5,0.4,9.4,14.5,19.1,14.9,8.0,7.9,16.0,0.4,0.5,0.4,-48.5,21.0,65.3,16.0,9.0,61.6,16.0,0.4,0.4,0.5,-41.3,70.3,138.2,57.3,9.0,95.0,16.0,0.4,0.4,0.5,-24.9,9.9,37.5,11.7,9.0,37.4,16.0,0.4,0.4,0.5,-24.0,29.7,79.3,35.4,9.0,58.9,16.0,0.4,0.4,0.5,-6.6,2.1,10.6,0.4,8.0,10.9,16.0,0.4,0.5,0.4,-6.7,4.7,18.0,5.0,8.0,13.0,16.0,0.4,0.5,0.4,69.0,238.5,765.0,482.5,9.0,587.0,16.0,0.4,0.4,0.5,70.0,240.0,765.0,485.0,9.0,585.0,16.0,0.4,0.4,0.5
1974,2,180.0,33.0,15.82,16.0,16.84,15.99,17.0,1.43,14.0,0.3,0.6,0.3,14.76,16.0,17.03,15.92,19.0,0.97,16.0,0.3,0.5,0.3,8.42,10.05,10.72,9.63,18.0,1.25,14.0,0.3,0.6,0.3,76.8,88.0,95.0,85.8,18.0,9.0,14.0,0.3,0.3,6.2,10.3,14.7,10.39,18.0,4.48,16.0,0.3,0.5,0.3,-3.44,3.34,8.86,2.64,18.0,7.0,16.0,0.3,0.5,0.3,-2.18,6.64,10.68,5.37,18.0,6.9,16.0,0.3,0.5,0.3,1009.71,1016.5,1018.29,1014.61,19.0,6.05,16.0,0.3,0.5,0.3,4.0,8.0,8.0,6.6,18.0,2.1,16.0,0.3,0.5,0.3,-34.3,28.8,108.8,29.2,18.0,92.2,16.0,0.3,0.5,0.3,-18.0,62.1,160.6,68.2,18.0,116.0,16.0,0.3,0.5,0.3,-1.0,0.5,1.5,0.15,17.0,2.01,14.0,0.3,0.6,0.3,-5.2,3.6,18.8,6.2,16.0,13.0,16.0,0.3,0.5,0.3,0.5,1.75,3.29,1.61,17.0,1.72,14.0,0.3,0.6,0.3,5.0,11.9,35.2,18.9,16.0,15.5,16.0,0.3,0.5,0.3,-52.3,55.0,148.7,43.1,18.0,107.8,16.0,0.3,0.5,0.3,-31.9,107.9,160.5,86.9,18.0,109.1,16.0,0.3,0.5,0.3,-34.1,33.2,72.7,23.7,17.0,61.9,16.0,0.3,0.6,0.3,-3.9,60.9,105.7,61.0,17.0,63.5,16.0,0.3,0.6,0.3,-16.1,1.9,11.2,-0.3,16.0,18.9,16.0,0.3,0.5,0.3,-3.8,5.5,24.1,7.7,16.0,14.3,16.0,0.3,0.5,0.3,238.5,1092.5,3187.5,1744.5,18.0,2113.5,16.0,0.3,0.5,0.3,240.0,1095.0,3185.0,1745.0,18.0,2115.0,16.0,0.3,0.5,0.3
1974,2,180.0,34.0,15.0,15.3,15.86,15.43,4.0,0.53,12.0,0.5,0.6,0.6,13.12,14.7,15.81,14.48,4.0,1.63,12.0,0.5,0.6,0.6,6.73,7.5,8.65,7.68,4.0,1.22,12.0,0.5,0.6,0.6,68.8,75.0,80.9,74.9,4.0,7.3,12.0,0.5,0.6,6.81,12.6,16.76,11.83,4.0,6.18,12.0,0.5,0.6,0.6,-6.0,1.17,5.15,-0.35,4.0,7.18,12.0,0.5,0.6,0.6,4.97,10.72,14.48,9.77,4.0,6.76,12.0,0.5,0.6,0.6,1006.55,1016.7,1019.2,1013.05,4.0,10.52,12.0,0.5,0.6,0.6,5.9,8.0,8.0,7.0,4.0,2.0,12.0,0.5,0.6,0.6,-87.8,-0.1,65.9,-10.4,4.0,109.0,12.0,0.5,0.6,0.6,46.6,138.1,246.0,145.9,4.0,128.5,12.0,0.5,0.6,0.6,-0.52,1.15,2.4,0.95,4.0,1.73,12.0,0.5,0.6,0.6,-8.1,4.7,17.3,4.6,4.0,16.7,12.0,0.5,0.6,0.6,2.22,3.02,4.2,3.2,4.0,1.27,12.0,0.5,0.6,0.6,26.7,34.4,37.0,32.0,4.0,8.4,12.0,0.5,0.6,0.6,-93.1,17.2,76.8,-7.0,4.0,112.1,12.0,0.5,0.6,0.6,62.6,154.7,228.1,145.8,4.0,107.9,12.0,0.5,0.6,0.6,-47.1,7.1,42.3,-2.0,4.0,58.6,12.0,0.5,0.6,0.6,34.6,80.9,126.8,80.7,4.0,62.9,12.0,0.5,0.6,0.6,-16.0,3.0,15.9,0.1,4.0,19.9,12.0,0.5,0.6,0.6,16.1,31.3,33.1,24.9,4.0,14.4,12.0,0.5,0.6,0.6,484.0,2296.5,4794.0,2623.5,4.0,2627.5,12.0,0.5,0.6,0.6,485.0,2295.0,4795.0,2625.0,4.0,2625.0,12.0,0.5,0.6,0.6
1974,2,180.0,35.0,13.15,14.4,14.87,14.07,9.0,1.15,12.0,0.3,0.5,0.5,12.47,14.3,15.0,13.93,9.0,1.37,12.0,0.3,0.5,0.5,6.6,7.98,9.94,8.01,8.0,1.8,10.0,0.3,0.5,0.5,66.5,82.5,93.2,80.9,8.0,13.3,10.0,0.3,0.5,7.81,12.3,16.07,12.0,9.0,4.64,12.0,0.3,0.5,0.5,-1.2,10.64,12.33,6.77,9.0,8.39,12.0,0.3,0.5,0.5,-0.85,0.0,8.84,2.73,9.0,7.29,12.0,0.3,0.5,0.5,1003.48,1010.3,1019.25,1010.7,9.0,8.0,12.0,0.3,0.5,0.5,3.3,7.0,7.7,5.9,9.0,2.0,12.0,0.3,0.5,0.5,-0.2,116.6,156.9,90.0,9.0,117.7,12.0,0.3,0.5,0.5,-5.7,0.0,129.7,49.9,9.0,126.4,12.0,0.3,0.5,0.5,-0.5,-0.1,0.71,0.13,9.0,0.84,12.0,0.3,0.5,0.5,-7.8,-1.3,6.7,-0.7,9.0,6.8,12.0,0.3,0.5,0.5,0.73,1.47,3.47,1.92,8.0,1.48,10.0,0.3,0.5,0.5,8.1,16.1,36.7,19.7,8.0,14.6,10.0,0.3,0.5,0.5,-14.8,140.4,180.3,94.5,9.0,118.3,12.0,0.3,0.5,0.5,-10.1,0.0,131.7,43.2,9.0,113.3,12.0,0.3,0.5,0.5,45.9,85.0,112.7,74.4,8.0,47.0,10.0,0.3,0.5,0.5,-6.8,0.0,16.0,19.1,8.0,67.1,10.0,0.3,0.5,0.5,3.3,9.8,35.7,12.8,8.0,18.7,10.0,0.3,0.5,0.5,-1.9,0.0,3.0,-0.2,8.0,11.0,10.0,0.3,0.5,0.5,559.5,1861.0,4173.0,2395.0,9.0,2176.0,12.0,0.3,0.5,0.5,560.0,1860.0,4175.0,2395.0,9.0,2175.0,12.0,0.3,0.5,0.5
1974,2,180.0,36.0,13.86,13.95,14.16,14.0,6.0,0.24,14.0,0.5,0.5,0.3,12.0,13.0,16.72,13.84,7.0,2.18,14.0,0.4,0.5,0.3,6.82,7.02,9.53,7.97,6.0,1.76,14.0,0.5,0.5,0.3,70.3,76.3,91.2,78.6,6.0,13.1,14.0,0.5,0.3,10.7,11.3,13.17,12.19,7.0,3.06,14.0,0.4,0.5,0.3,4.88,10.64,11.68,7.49,7.0,7.73,14.0,0.4,0.5,0.3,-7.11,1.88,2.22,-1.59,7.0,7.38,14.0,0.4,0.5,0.3,1001.46,1006.8,1010.62,1007.0,7.0,5.94,14.0,0.4,0.5,0.3,4.0,6.0,8.0,6.0,7.0,1.9,14.0,0.4,0.5,0.3,38.1,114.9,138.5,76.0,7.0,114.7,14.0,0.4,0.5,0.3,-69.4,20.3,26.1,-32.0,7.0,122.2,14.0,0.4,0.5,0.3,-2.94,1.0,1.52,-0.15,6.0,2.36,14.0,0.5,0.5,0.3,-33.3,12.0,24.1,0.4,6.0,28.6,14.0,0.5,0.5,0.3,0.44,2.87,3.34,2.02,6.0,1.84,14.0,0.5,0.5,0.3,4.7,34.8,44.1,28.0,6.0,26.7,14.0,0.5,0.5,0.3,58.2,140.4,169.2,106.6,7.0,107.0,14.0,0.4,0.5,0.3,-86.1,24.6,35.8,-15.6,7.0,99.8,14.0,0.4,0.5,0.3,48.9,84.3,99.4,64.8,6.0,63.8,14.0,0.5,0.5,0.3,-22.7,13.8,26.5,-0.4,6.0,57.6,14.0,0.5,0.5,0.3,-16.0,20.5,37.5,12.2,6.0,29.1,14.0,0.5,0.5,0.3,-16.8,0.8,5.8,-8.0,6.0,23.5,14.0,0.5,0.5,0.3,1231.0,1443.0,2346.5,2132.0,7.0,1904.5,14.0,0.4,0.5,0.3,1230.0,1445.0,2345.0,2130.0,7.0,1905.0,14.0,0.4,0.5,0.3
1974,2,180.0,37.0,12.5,13.2,14.1,13.43,13.0,1.29,14.0,0.5,0.5,0.4,11.0,13.5,15.53,13.37,18.0,2.16,12.0,0.5,0.6,0.4,5.74,7.43,8.81,7.42,14.0,1.56,12.0,0.4,0.6,0.4,66.5,75.7,89.4,77.2,14.0,11.7,12.0,0.4,0.4,5.1,10.3,13.7,10.39,18.0,4.58,12.0,0.5,0.6,0.4,-0.65,5.5,12.08,5.55,18.0,6.83,12.0,0.5,0.6,0.4,-3.34,3.55,9.87,3.19,18.0,6.72,12.0,0.5,0.6,0.4,1001.61,1010.5,1017.0,1009.43,18.0,8.12,12.0,0.5,0.6,0.4,3.0,6.5,8.0,5.8,18.0,2.4,12.0,0.5,0.6,0.4,-7.9,35.7,162.3,68.8,18.0,107.6,12.0,0.5,0.6,0.4,-49.6,18.8,101.6,36.9,18.0,108.6,12.0,0.5,0.6,0.4,-1.9,-0.4,1.05,-0.35,13.0,1.7,14.0,0.5,0.5,0.4,-12.1,-2.0,9.2,-2.5,13.0,18.0,14.0,0.5,0.5,0.4,0.8,1.66,3.32,1.87,12.0,1.16,12.0,0.5,0.5,0.4,6.2,10.2,35.9,17.9,12.0,16.6,12.0,0.5,0.5,0.4,-9.0,78.3,161.0,69.4,18.0,93.6,12.0,0.5,0.6,0.4,-41.1,52.8,133.2,47.2,18.0,94.1,12.0,0.5,0.6,0.4,15.2,43.7,78.4,44.8,14.0,40.7,12.0,0.4,0.6,0.4,-8.3,26.7,80.9,36.0,14.0,49.0,12.0,0.4,0.6,0.4,2.4,5.1,34.1,13.2,12.0,17.5,12.0,0.5,0.5,0.4,-0.5,5.9,11.9,4.9,12.0,10.3,12.0,0.5,0.5,0.4,132.5,1092.5,2581.5,1794.0,18.0,2480.0,12.0,0.5,0.6,0.4,135.0,1095.0,2580.0,1795.0,18.0,2480.0,12.0,0.5,0.6,0.4
1974,2,180.0,38.0,13.0,13.0,13.49,13.24,5.0,0.43,14.0,0.6,0.5,0.4,9.9,10.25,10.56,10.22,6.0,0.47,14.0,0.5,0.5,0.3,4.99,5.68,5.87,5.51,6.0,0.43,14.0,0.5,0.5,0.3,67.9,70.5,74.2,70.8,6.0,3.8,14.0,0.5,0.3,9.56,12.3,16.12,14.07,6.0,8.3,14.0,0.5,0.5,0.3,1.93,9.72,11.69,6.33,6.0,8.64,14.0,0.5,0.5,0.3,-3.08,4.21,9.32,5.42,6.0,12.18,14.0,0.5,0.5,0.3,994.8,998.5,1017.43,1003.78,6.0,11.22,14.0,0.5,0.5,0.3,2.0,4.0,6.4,4.3,6.0,2.7,14.0,0.5,0.5,0.3,-38.0,111.7,144.1,39.2,6.0,179.9,14.0,0.5,0.5,0.3,-35.3,40.3,220.4,151.0,6.0,354.7,14.0,0.5,0.5,0.3,2.46,2.5,3.68,2.98,5.0,0.73,14.0,0.6,0.5,0.4,25.4,30.8,41.0,32.6,5.0,12.0,14.0,0.6,0.5,0.4,3.69,3.88,4.48,4.07,5.0,0.54,14.0,0.6,0.5,0.4,37.1,43.8,51.7,44.2,5.0,12.5,14.0,0.6,0.5,0.4,22.5,98.2,121.5,65.2,6.0,87.6,14.0,0.5,0.5,0.3,-30.1,44.2,95.9,56.0,6.0,121.0,14.0,0.5,0.5,0.3,10.5,49.9,66.3,33.6,6.0,48.9,14.0,0.5,0.5,0.3,-15.3,24.2,54.3,32.8,6.0,70.1,14.0,0.5,0.5,0.3,28.4,41.2,49.6,39.6,5.0,14.7,14.0,0.6,0.5,0.4,-17.0,15.0,16.1,1.8,5.0,20.2,14.0,0.6,0.5,0.4,929.0,1861.0,7314.5,5852.5,6.0,10914.5,14.0,0.5,0.5,0.3,930.0,1860.0,7315.0,5855.0,6.0,10915.0,14.0,0.5,0.5,0.3
1974,2,180.0,39.0,12.74,13.25,13.76,13.25,2.0,1.06,14.0,0.5,0.8,0.3,8.48,10.5,13.31,10.88,4.0,2.95,14.0,0.3,0.5,0.2,6.2,6.91,7.63,6.91,2.0,1.49,14.0,0.5,0.8,0.3,80.7,83.3,86.0,83.3,2.0,5.4,14.0,0.5,0.3,8.05,12.35,15.55,11.83,4.0,5.17,14.0,0.3,0.5,0.2,-3.64,9.1,15.0,5.83,4.0,12.44,14.0,0.3,0.5,0.2,-0.91,0.0,3.14,1.06,4.0,3.38,14.0,0.3,0.5,0.2,1000.0,1009.0,1026.38,1013.0,4.0,16.37,14.0,0.3,0.5,0.2,2.5,3.5,4.0,3.3,4.0,1.0,14.0,0.3,0.5,0.2,-55.3,102.0,236.3,91.0,4.0,181.5,14.0,0.3,0.5,0.2,-4.7,0.0,54.9,24.0,4.0,54.0,14.0,0.3,0.5,0.2,-0.73,2.0,4.73,2.0,2.0,5.66,14.0,0.5,0.8,0.3,-2.3,41.2,84.7,41.2,2.0,90.2,14.0,0.5,0.8,0.3,1.37,2.51,3.65,2.51,2.0,2.37,14.0,0.5,0.8,0.3,19.5,41.3,63.0,41.3,2.0,45.1,14.0,0.5,0.8,0.3,-65.3,87.3,146.9,42.9,4.0,146.6,14.0,0.3,0.5,0.2,-8.2,0.0,25.1,8.0,4.0,27.6,14.0,0.3,0.5,0.2,-60.4,3.2,66.8,3.2,2.0,131.8,14.0,0.5,0.8,0.3,5.6,17.5,29.5,17.5,2.0,24.8,14.0,0.5,0.8,0.3,3.0,29.7,56.3,29.7,2.0,55.3,14.0,0.5,0.8,0.3,4.0,12.5,21.0,12.5,2.0,17.7,14.0,0.5,0.8,0.3,756.5,1924.5,3953.5,2335.5,4.0,2221.0,14.0,0.3,0.5,0.2,755.0,1925.0,3955.0,2335.0,4.0,2220.0,14.0,0.3,0.5,0.2
1974,2,180.0,40.0,11.27,12.25,13.81,12.53,4.0,1.84,12.0,0.3,0.5,0.6,8.71,8.95,10.44,9.35,6.0,1.09,14.0,0.2,0.4,0.4,5.41,5.74,6.37,5.87,5.0,0.62,16.0,0.2,0.3,0.3,75.6,79.2,83.3,79.6,5.0,4.5,16.0,0.2,0.3,9.27,12.3,18.42,14.11,7.0,6.38,14.0,0.1,0.5,0.5,-0.29,6.94,18.12,7.39,7.0,9.43,14.0,0.1,0.5,0.5,-8.39,0.0,13.11,2.01,7.0,10.76,14.0,0.1,0.5,0.5,992.84,998.3,1015.83,1002.87,7.0,13.81,14.0,0.1,0.5,0.5,3.0,4.5,7.2,5.0,6.0,2.1,14.0,0.2,0.4,0.4,-3.6,74.9,334.8,140.9,7.0,218.8,14.0,0.1,0.5,0.5,-91.3,0.0,180.5,61.4,7.0,202.4,14.0,0.1,0.5,0.5,1.56,1.7,3.27,2.4,3.0,1.39,14.0,0.3,0.3,0.5,25.3,40.2,61.9,43.5,3.0,27.0,14.0,0.3,0.3,0.5,2.34,2.38,3.29,2.81,3.0,0.79,14.0,0.3,0.3,0.5,37.3,63.7,65.9,51.9,3.0,23.3,14.0,0.3,0.3,0.5,18.0,66.7,160.9,79.9,6.0,98.0,14.0,0.2,0.4,0.4,-81.1,-20.7,92.9,5.4,6.0,109.1,14.0,0.2,0.4,0.4,11.7,49.6,108.9,56.7,5.0,64.7,16.0,0.2,0.3,0.3,-51.6,-28.6,42.4,-4.0,5.0,70.9,16.0,0.2,0.3,0.3,26.5,48.8,61.2,44.0,3.0,25.7,14.0,0.3,0.3,0.5,-13.1,0.0,28.0,7.2,3.0,30.7,14.0,0.3,0.3,0.5,797.5,1861.0,6473.5,4544.5,7.0,6717.0,14.0,0.1,0.5,0.5,795.0,1860.0,6475.0,4545.0,7.0,6715.0,14.0,0.1,0.5,0.5
1974,2,180.0,41.0,9.65,10.0,11.31,10.3,6.0,1.39,12.0,0.8,0.7,0.4,7.11,8.9,10.44,8.7,8.0,1.93,14.0,0.8,0.7,0.3,3.98,5.28,6.85,5.39,6.0,1.39,12.0,0.8,0.7,0.4,59.1,83.9,89.9,77.2,6.0,17.0,12.0,0.8,0.4,6.81,9.8,12.72,9.34,8.0,3.64,14.0,0.8,0.7,0.3,0.43,5.28,10.95,5.01,8.0,6.2,14.0,0.8,0.7,0.3,-6.64,-1.3,6.55,-0.51,8.0,6.74,14.0,0.8,0.7,0.3,992.22,1009.75,1031.78,1011.81,8.0,17.69,14.0,0.8,0.7,0.3,3.8,5.0,7.2,5.3,6.0,1.9,12.0,0.7,0.6,0.2,3.3,55.9,138.1,62.3,8.0,70.9,14.0,0.8,0.7,0.3,-79.6,-3.4,89.5,1.9,8.0,74.8,14.0,0.8,0.7,0.3,-0.21,1.75,3.35,1.7,6.0,2.05,12.0,0.8,0.7,0.4,-2.3,12.7,40.2,16.5,6.0,22.2,12.0,0.8,0.7,0.4,1.05,2.07,4.07,2.43,6.0,1.7,12.0,0.8,0.7,0.4,7.5,23.1,40.1,24.5,6.0,17.2,12.0,0.8,0.7,0.4,4.3,44.6,76.4,38.1,8.0,50.6,14.0,0.8,0.7,0.3,-65.4,-13.0,53.3,-3.2,8.0,62.5,14.0,0.8,0.7,0.3,2.9,41.6,50.4,27.7,6.0,39.3,12.0,0.8,0.7,0.4,-25.0,8.4,45.2,12.4,6.0,37.7,12.0,0.8,0.7,0.4,0.6,17.6,29.2,16.5,6.0,17.8,12.0,0.8,0.7,0.4,-26.4,2.5,9.3,-5.6,6.0,18.4,12.0,0.8,0.7,0.4,318.0,941.0,2068.5,1116.5,8.0,926.0,14.0,0.8,0.7,0.3,320.0,940.0,2070.0,1115.0,8.0,925.0,14.0,0.8,0.7,0.3
1974,2,180.0,42.0,9.0,10.0,11.04,10.02,5.0,1.03,12.0,0.2,0.6,0.6,5.95,8.15,10.61,8.28,4.0,2.93,14.0,0.3,0.6,0.6,4.66,5.76,6.09,5.39,4.0,1.06,14.0,0.3,0.6,0.6,71.5,77.7,85.5,78.5,4.0,8.2,14.0,0.3,0.6,5.06,12.9,15.8,10.98,5.0,5.57,12.0,0.2,0.6,0.6,4.36,12.9,14.36,9.98,5.0,5.42,12.0,0.2,0.6,0.6,-3.01,0.89,4.35,0.35,5.0,5.26,12.0,0.2,0.6,0.6,991.62,995.5,1020.4,1004.84,5.0,19.08,12.0,0.2,0.6,0.6,3.3,5.0,7.4,5.2,5.0,2.4,12.0,0.2,0.6,0.6,22.1,166.4,227.6,133.3,5.0,106.0,12.0,0.2,0.6,0.6,-49.7,4.5,41.8,-6.3,5.0,79.5,12.0,0.2,0.6,0.6,-0.03,2.35,4.0,2.0,4.0,2.38,14.0,0.3,0.6,0.6,3.3,31.2,59.1,31.2,4.0,32.9,14.0,0.3,0.6,0.6,1.78,2.41,3.04,2.41,4.0,0.76,14.0,0.3,0.6,0.6,16.9,30.1,45.3,31.0,4.0,18.4,14.0,0.3,0.6,0.6,65.1,80.9,113.5,88.9,4.0,33.0,14.0,0.3,0.6,0.6,-21.6,5.2,30.6,4.5,4.0,37.1,14.0,0.3,0.6,0.6,42.0,63.3,80.9,61.6,4.0,25.3,14.0,0.3,0.6,0.6,-16.7,2.7,19.6,1.5,4.0,26.5,14.0,0.3,0.6,0.6,16.1,29.4,41.5,28.8,4.0,15.8,14.0,0.3,0.6,0.6,-14.0,0.9,5.2,-4.2,4.0,15.5,14.0,0.3,0.6,0.6,130.0,2146.5,3959.0,2109.5,5.0,1994.0,12.0,0.2,0.6,0.6,130.0,2145.0,3960.0,2110.0,5.0,1995.0,12.0,0.2,0.6,0.6
1974,2,180.0,43.0,7.9,8.95,9.0,8.48,4.0,0.98,16.0,0.0,0.4,0.4,4.92,6.0,7.02,5.98,4.0,1.33,16.0,0.0,0.4,0.4,3.9,4.6,5.09,4.5,4.0,0.76,16.0,0.0,0.4,0.4,68.3,74.2,86.6,77.3,4.0,11.6,16.0,0.0,0.4,4.84,6.65,15.74,10.13,4.0,8.47,16.0,0.0,0.4,0.4,-3.19,0.77,13.07,4.75,4.0,12.1,16.0,0.0,0.4,0.4,-6.1,-1.09,2.68,-1.68,4.0,5.31,16.0,0.0,0.4,0.4,992.62,1005.25,1022.33,1007.38,4.0,17.97,16.0,0.0,0.4,0.4,7.5,8.0,8.0,7.8,4.0,0.5,16.0,0.0,0.4,0.4,-18.4,1.0,270.0,120.1,4.0,255.7,16.0,0.0,0.4,0.4,-78.0,-28.7,12.7,-32.5,4.0,52.9,16.0,0.0,0.4,0.4,0.93,3.0,4.02,2.5,4.0,2.16,16.0,0.0,0.4,0.4,6.3,26.5,47.2,26.7,4.0,25.6,16.0,0.0,0.4,0.4,1.88,2.17,2.97,2.42,4.0,0.77,16.0,0.0,0.4,0.4,9.1,19.0,41.8,25.2,4.0,21.1,16.0,0.0,0.4,0.4,-21.8,5.0,83.5,29.7,4.0,79.6,16.0,0.0,0.4,0.4,-30.8,-6.2,16.4,-7.1,4.0,27.4,16.0,0.0,0.4,0.4,-13.2,5.3,64.5,24.7,4.0,58.1,16.0,0.0,0.4,0.4,-24.1,-5.9,13.3,-5.4,4.0,22.1,16.0,0.0,0.4,0.4,-6.9,0.4,30.4,11.2,4.0,28.4,16.0,0.0,0.4,0.4,-19.3,-3.1,5.1,-6.9,4.0,15.9,16.0,0.0,0.4,0.4,114.0,342.0,6310.0,3081.0,4.0,5645.0,16.0,0.0,0.4,0.4,115.0,340.0,6310.0,3080.0,4.0,5645.0,16.0,0.0,0.4,0.4
1974,2,180.0,44.0,6.7,7.0,8.27,7.31,8.0,0.9,10.0,0.3,0.7,0.4,4.97,6.5,7.93,6.76,7.0,2.07,10.0,0.1,0.6,0.4,3.38,4.79,5.36,4.5,5.0,1.16,8.0,0.2,0.6,0.5,64.8,72.2,77.6,71.2,5.0,7.8,8.0,0.2,0.5,2.77,6.7,11.79,6.56,8.0,4.39,10.0,0.3,0.7,0.4,-1.77,3.79,7.07,2.06,8.0,6.66,10.0,0.3,0.7,0.4,-1.49,1.57,5.71,2.11,8.0,3.78,10.0,0.3,0.7,0.4,986.85,1006.1,1021.42,1004.41,8.0,16.73,10.0,0.3,0.7,0.4,2.2,6.5,7.0,5.3,8.0,2.6,10.0,0.3,0.7,0.4,-4.6,21.6,53.8,13.4,8.0,74.1,10.0,0.3,0.7,0.4,-3.9,6.4,51.0,23.0,8.0,39.4,10.0,0.3,0.7,0.4,-1.15,0.0,2.31,0.6,7.0,2.26,10.0,0.1,0.6,0.4,-8.5,0.0,4.4,2.2,7.0,15.4,10.0,0.1,0.6,0.4,1.1,1.37,3.25,2.02,5.0,1.22,8.0,0.2,0.6,0.5,2.2,10.6,19.9,11.4,5.0,10.9,8.0,0.2,0.6,0.5,-14.8,27.7,39.7,8.9,7.0,48.6,10.0,0.1,0.6,0.4,-9.5,31.6,46.3,20.2,7.0,26.6,10.0,0.1,0.6,0.4,10.1,23.7,33.1,22.4,5.0,17.0,8.0,0.2,0.6,0.5,-3.3,19.0,32.4,15.5,5.0,20.0,8.0,0.2,0.6,0.5,1.4,6.8,17.0,9.4,5.0,10.3,8.0,0.2,0.6,0.5,-3.5,2.6,8.8,2.2,5.0,7.7,8.0,0.2,0.6,0.5,23.5,321.0,1705.0,619.0,8.0,801.0,10.0,0.3,0.7,0.4,25.0,320.0,1705.0,620.0,8.0,800.0,10.0,0.3,0.7,0.4
1974,2,180.0,45.0,4.98,5.75,6.0,5.33,6.0,1.17,10.0,0.2,0.5,0.4,3.4,4.25,5.6,4.42,6.0,1.16,10.0,0.2,0.5,0.4,4.34,4.75,5.09,4.69,6.0,0.65,10.0,0.2,0.5,0.4,83.5,92.5,92.6,88.5,6.0,7.2,10.0,0.2,0.4,6.37,9.5,15.06,10.7,6.0,5.32,10.0,0.2,0.5,0.4,-3.97,4.99,9.11,1.99,6.0,11.26,10.0,0.2,0.5,0.4,-6.14,-3.52,-0.43,-3.39,6.0,4.5,10.0,0.2,0.5,0.4,982.57,993.25,1007.38,996.13,6.0,16.89,10.0,0.2,0.5,0.4,5.6,7.5,8.0,6.8,6.0,1.6,10.0,0.2,0.5,0.4,-77.3,41.0,90.0,-7.4,6.0,190.1,10.0,0.2,0.5,0.4,-75.1,-20.7,4.4,-27.1,6.0,59.0,10.0,0.2,0.5,0.4,-0.1,0.75,2.1,0.92,6.0,1.24,10.0,0.2,0.5,0.4,-0.7,6.4,18.6,8.9,6.0,12.1,10.0,0.2,0.5,0.4,0.39,0.89,1.35,0.95,6.0,0.66,10.0,0.2,0.5,0.4,3.1,10.7,15.6,9.7,6.0,6.1,10.0,0.2,0.5,0.4,-21.8,19.3,49.2,5.6,6.0,58.0,10.0,0.2,0.5,0.4,-24.5,-11.9,-2.5,-13.0,6.0,20.8,10.0,0.2,0.5,0.4,-18.8,23.5,48.4,10.6,6.0,54.1,10.0,0.2,0.5,0.4,-28.4,-14.3,-3.0,-15.6,6.0,21.7,10.0,0.2,0.5,0.4,-3.1,2.4,6.0,1.4,6.0,9.8,10.0,0.2,0.5,0.4,-10.2,-3.1,0.2,-4.1,6.0,5.5,10.0,0.2,0.5,0.4,266.0,905.5,3662.0,2057.5,6.0,2785.5,10.0,0.2,0.5,0.4,265.0,905.0,3660.0,2055.0,6.0,2785.0,10.0,0.2,0.5,0.4
1974,2,180.0,46.0,4.0,4.5,5.57,4.83,7.0,1.11,16.0,0.6,0.5,0.5,2.76,3.0,5.5,3.61,7.0,1.36,16.0,0.6,0.5,0.5,3.19,4.01,4.3,3.61,7.0,0.85,16.0,0.6,0.5,0.5,68.0,78.2,84.3,73.1,7.0,13.8,16.0,0.6,0.5,7.96,11.3,15.02,10.94,7.0,4.7,16.0,0.6,0.5,0.5,-14.16,0.0,7.31,-2.53,7.0,9.97,16.0,0.6,0.5,0.5,-8.08,0.0,5.44,0.31,7.0,7.39,16.0,0.6,0.5,0.5,999.19,1022.2,1027.07,1014.86,7.0,13.39,16.0,0.6,0.5,0.5,4.0,5.0,8.0,5.9,7.0,2.1,16.0,0.6,0.5,0.5,-213.1,0.0,67.9,-56.5,7.0,144.5,16.0,0.6,0.5,0.5,-76.0,0.0,79.5,14.7,7.0,86.8,16.0,0.6,0.5,0.5,-0.07,1.2,2.57,1.21,7.0,1.78,16.0,0.6,0.5,0.5,-0.9,7.8,16.2,9.7,7.0,19.1,16.0,0.6,0.5,0.5,0.89,1.4,2.99,1.73,7.0,1.0,16.0,0.6,0.5,0.5,9.9,13.4,21.7,16.2,7.0,8.8,16.0,0.6,0.5,0.5,-51.2,0.0,21.9,-15.0,7.0,43.0,16.0,0.6,0.5,0.5,-22.7,0.0,20.2,7.2,7.0,31.6,16.0,0.6,0.5,0.5,-58.0,0.0,24.1,-12.2,7.0,40.1,16.0,0.6,0.5,0.5,-27.3,0.0,22.3,4.1,7.0,28.4,16.0,0.6,0.5,0.5,-13.0,0.0,11.9,0.1,7.0,14.9,16.0,0.6,0.5,0.5,-14.4,0.0,4.8,-4.0,7.0,12.0,16.0,0.6,0.5,0.5,526.5,1443.0,3406.0,1908.0,7.0,1856.5,16.0,0.6,0.5,0.5,525.0,1445.0,3405.0,1910.0,7.0,1855.0,16.0,0.6,0.5,0.5
1974,2,180.0,47.0,4.0,5.0,6.5,5.2,5.0,1.25,18.0,0.2,0.6,0.5,1.27,3.0,5.68,3.3,5.0,2.49,18.0,0.2,0.6,0.5,3.74,4.4,5.45,4.57,5.0,0.91,18.0,0.2,0.6,0.5,89.2,93.3,100.0,93.9,5.0,6.8,18.0,0.2,0.5,7.79,9.8,14.7,11.32,5.0,5.51,18.0,0.2,0.6,0.5,-6.52,4.9,9.07,1.17,5.0,11.35,18.0,0.2,0.6,0.5,-4.99,3.86,7.7,1.78,5.0,7.49,18.0,0.2,0.6,0.5,995.63,1010.0,1019.53,1008.6,5.0,14.91,18.0,0.2,0.6,0.5,6.0,8.0,8.0,7.0,3.0,1.7,20.0,0.0,0.6,0.3,-134.2,48.0,89.0,-25.7,5.0,195.9,18.0,0.2,0.6,0.5,-46.8,38.4,105.2,37.0,5.0,110.8,18.0,0.2,0.6,0.5,0.82,2.0,2.73,1.9,5.0,1.34,18.0,0.2,0.6,0.5,6.0,17.4,39.9,21.9,5.0,17.3,18.0,0.2,0.6,0.5,0.52,1.08,1.3,0.94,5.0,0.43,18.0,0.2,0.6,0.5,5.1,9.4,18.3,11.9,5.0,10.0,18.0,0.2,0.6,0.5,-13.0,0.0,38.8,10.5,5.0,36.7,18.0,0.2,0.6,0.5,-3.3,20.6,27.2,13.8,5.0,17.7,18.0,0.2,0.6,0.5,-23.7,18.6,43.4,9.2,5.0,46.4,18.0,0.2,0.6,0.5,-20.1,20.5,36.2,9.6,5.0,30.9,18.0,0.2,0.6,0.5,-9.0,6.2,7.2,-0.7,5.0,13.8,18.0,0.2,0.6,0.5,-5.9,2.3,6.8,1.0,5.0,9.1,18.0,0.2,0.6,0.5,505.0,941.0,4108.5,2404.5,5.0,3569.5,18.0,0.2,0.6,0.5,505.0,940.0,4110.0,2405.0,5.0,3570.0,18.0,0.2,0.6,0.5
1974,2,180.0,48.0,4.0,4.0,5.4,4.56,7.0,0.71,16.0,0.0,0.5,0.3,2.0,2.5,5.0,3.38,8.0,1.87,16.0,0.1,0.4,0.4,3.31,3.71,5.04,4.06,8.0,0.8,16.0,0.1,0.4,0.4,75.1,85.0,89.4,83.1,8.0,7.0,16.0,0.1,0.4,6.89,14.65,18.44,13.76,8.0,5.64,16.0,0.1,0.4,0.4,-15.77,-13.22,-0.65,-8.84,8.0,9.97,16.0,0.1,0.4,0.4,-1.34,6.62,9.05,4.9,8.0,5.68,16.0,0.1,0.4,0.4,998.53,1013.1,1026.39,1011.16,8.0,16.68,16.0,0.1,0.4,0.4,7.6,8.0,8.0,7.7,6.0,0.8,14.0,0.2,0.4,0.4,-291.1,-193.6,-4.0,-154.2,8.0,174.1,16.0,0.1,0.4,0.4,-3.8,93.9,168.2,93.0,8.0,83.3,16.0,0.1,0.4,0.4,-1.0,2.0,2.4,0.99,7.0,1.59,16.0,0.0,0.5,0.3,-12.5,12.2,41.4,14.7,7.0,24.9,16.0,0.0,0.5,0.3,0.39,1.25,1.72,1.08,7.0,0.72,16.0,0.0,0.5,0.3,4.3,10.5,25.6,14.0,7.0,11.5,16.0,0.0,0.5,0.3,-37.7,-26.7,-2.7,-17.9,8.0,40.1,16.0,0.1,0.4,0.4,-7.9,14.5,24.5,13.1,8.0,18.3,16.0,0.1,0.4,0.4,-67.7,-43.4,-3.1,-32.5,8.0,42.2,16.0,0.1,0.4,0.4,-6.4,25.4,34.4,18.8,8.0,21.0,16.0,0.1,0.4,0.4,-22.2,-4.3,0.2,-9.9,7.0,12.7,16.0,0.0,0.5,0.3,-2.0,2.5,11.6,3.5,7.0,8.4,16.0,0.0,0.5,0.3,423.5,3147.0,6276.0,3684.5,8.0,3058.5,16.0,0.1,0.4,0.4,425.0,3145.0,6275.0,3685.0,8.0,3060.0,16.0,0.1,0.4,0.4
1974,2,180.0,49.0,2.22,3.75,5.52,3.8,6.0,2.48,18.0,0.5,0.4,0.4,2.0,3.5,4.24,3.24,7.0,1.24,16.0,0.4,0.5,0.5,3.58,3.72,4.69,4.04,6.0,0.62,18.0,0.3,0.5,0.5,80.7,84.3,89.4,84.8,6.0,9.6,18.0,0.3,0.5,7.63,8.7,16.02,10.3,7.0,4.18,16.0,0.4,0.5,0.5,-13.94,4.95,8.23,-0.59,7.0,10.71,16.0,0.4,0.5,0.5,-3.1,1.34,6.0,1.51,7.0,4.85,16.0,0.4,0.5,0.5,1002.5,1016.5,1031.52,1014.94,7.0,14.12,16.0,0.4,0.5,0.5,5.8,7.0,8.0,6.8,6.0,1.2,14.0,0.5,0.4,0.5,-223.3,38.1,71.9,-36.1,7.0,143.6,16.0,0.4,0.5,0.5,-29.1,10.3,49.4,12.8,7.0,67.5,16.0,0.4,0.5,0.5,-1.94,1.0,3.52,0.85,6.0,3.37,18.0,0.5,0.4,0.4,-14.9,13.1,44.4,17.6,6.0,41.8,18.0,0.5,0.4,0.4,0.0,1.25,2.12,1.11,5.0,1.25,18.0,0.4,0.4,0.4,0.0,15.4,29.0,15.6,5.0,18.4,18.0,0.4,0.4,0.4,-27.9,16.4,32.5,5.6,7.0,30.6,16.0,0.4,0.5,0.5,-6.2,5.6,16.4,6.0,7.0,12.6,16.0,0.4,0.5,0.5,-51.4,23.9,39.0,3.5,6.0,45.3,18.0,0.3,0.5,0.5,-13.1,3.3,22.7,4.0,6.0,18.9,18.0,0.3,0.5,0.5,-26.0,-3.6,6.1,-9.0,5.0,20.1,18.0,0.4,0.4,0.4,-5.9,-0.6,9.0,2.1,5.0,11.5,18.0,0.4,0.4,0.4,446.0,658.5,4115.0,1600.5,7.0,1852.0,16.0,0.4,0.5,0.5,445.0,660.0,4115.0,1600.0,7.0,1850.0,16.0,0.4,0.5,0.5
1974,2,180.0,50.0,3.04,3.7,4.89,4.08,8.0,1.36,14.0,0.3,0.4,0.5,0.9,2.7,4.64,2.79,7.0,2.73,14.0,0.1,0.4,0.4,3.51,3.6,4.24,3.98,6.0,0.95,14.0,0.0,0.3,0.4,74.7,87.9,94.2,86.1,6.0,10.7,14.0,0.0,0.4,5.0,7.7,19.25,10.27,7.0,8.05,14.0,0.1,0.4,0.4,-5.14,0.0,4.45,0.27,7.0,8.9,14.0,0.1,0.4,0.4,-8.33,-1.74,6.8,-2.22,7.0,10.14,14.0,0.1,0.4,0.4,992.24,1001.5,1029.11,1006.19,8.0,19.61,14.0,0.3,0.4,0.5,3.9,6.0,8.0,5.6,7.0,2.1,12.0,0.3,0.5,0.4,-37.3,0.0,43.2,1.8,7.0,175.8,14.0,0.1,0.4,0.4,-80.7,-8.9,57.5,-50.6,7.0,215.4,14.0,0.1,0.4,0.4,-0.5,0.7,2.19,1.44,7.0,2.24,14.0,0.1,0.4,0.4,2.5,10.0,57.1,33.6,6.0,56.1,14.0,0.0,0.3,0.4,0.75,1.37,1.59,1.22,6.0,0.59,14.0,0.0,0.3,0.4,6.2,10.6,23.1,15.6,6.0,16.4,14.0,0.0,0.3,0.4,-2.2,12.4,16.7,8.1,6.0,11.1,14.0,0.0,0.3,0.4,-9.4,12.2,21.2,7.8,6.0,14.7,14.0,0.0,0.3,0.4,-19.8,6.8,24.0,5.4,6.0,35.4,14.0,0.0,0.3,0.4,-37.5,0.2,26.2,-7.3,6.0,41.0,14.0,0.0,0.3,0.4,-9.5,0.3,7.2,-1.5,6.0,12.8,14.0,0.0,0.3,0.4,-16.8,-2.2,8.6,-6.4,6.0,18.6,14.0,0.0,0.3,0.4,127.5,456.5,7208.5,3177.0,7.0,5442.0,14.0,0.1,0.4,0.4,130.0,455.0,7210.0,3175.0,7.0,5440.0,14.0,0.1,0.4,0.4
1974,2,180.0,51.0,3.79,4.0,5.0,4.4,6.0,1.32,12.0,0.2,0.5,0.5,0.0,1.5,3.81,1.92,6.0,2.2,12.0,0.2,0.5,0.5,3.14,3.73,4.53,3.88,5.0,0.92,14.0,0.2,0.6,0.5,79.4,82.6,90.0,85.0,5.0,8.7,14.0,0.2,0.5,3.5,10.55,12.03,8.75,6.0,4.3,12.0,0.2,0.5,0.5,-1.38,0.78,5.52,2.09,6.0,4.4,12.0,0.2,0.5,0.5,-11.87,-5.56,2.83,-4.83,6.0,7.6,12.0,0.2,0.5,0.5,994.6,1001.75,1019.86,1005.2,6.0,14.07,12.0,0.2,0.5,0.5,5.3,8.0,8.0,6.8,5.0,1.8,12.0,0.2,0.5,0.5,-8.1,2.4,65.0,21.9,6.0,45.0,12.0,0.2,0.5,0.5,-142.8,-62.9,9.1,-66.8,6.0,81.4,12.0,0.2,0.5,0.5,0.59,3.2,4.1,2.48,6.0,2.09,12.0,0.2,0.5,0.5,2.2,36.0,48.0,28.4,6.0,22.8,12.0,0.2,0.5,0.5,0.57,1.94,2.26,1.45,5.0,1.12,14.0,0.2,0.6,0.5,2.1,22.9,23.7,14.8,5.0,12.3,14.0,0.2,0.6,0.5,-0.8,0.0,13.2,6.4,6.0,14.2,12.0,0.2,0.5,0.5,0.0,0.0,10.8,3.9,6.0,6.2,12.0,0.2,0.5,0.5,-5.4,0.0,18.6,6.8,5.0,17.6,14.0,0.2,0.6,0.5,-35.4,0.0,14.0,-8.7,5.0,25.4,14.0,0.2,0.6,0.5,-2.5,-0.6,8.4,3.4,5.0,11.1,14.0,0.2,0.6,0.5,-23.5,-1.0,1.4,-8.9,5.0,13.6,14.0,0.2,0.6,0.5,43.0,1192.0,1747.0,1041.5,6.0,868.0,12.0,0.2,0.5,0.5,45.0,1190.0,1745.0,1040.0,6.0,870.0,12.0,0.2,0.5,0.5
1974,2,180.0,52.0,2.13,2.9,4.3,3.2,4.0,1.47,22.0,0.3,0.6,0.5,-1.52,0.6,2.41,0.45,4.0,2.29,22.0,0.3,0.6,0.5,3.83,3.83,3.83,3.83,1.0,0.0,10.0,0.0,0.8,0.8,85.4,85.4,85.4,85.4,1.0,0.0,10.0,0.0,0.8,8.44,8.7,11.48,9.9,4.0,2.74,22.0,0.3,0.6,0.5,-0.13,7.53,10.48,5.28,4.0,8.67,22.0,0.3,0.6,0.5,-4.58,-4.35,0.08,-2.35,4.0,4.3,22.0,0.3,0.6,0.5,1009.26,1019.8,1029.66,1019.48,4.0,15.33,22.0,0.3,0.6,0.5,3.3,4.0,5.4,4.3,3.0,1.5,20.0,0.3,0.6,0.5,0.7,65.5,127.7,64.3,4.0,99.0,22.0,0.3,0.6,0.5,-53.1,-37.8,-0.4,-27.3,4.0,42.9,22.0,0.3,0.6,0.5,1.81,3.05,3.66,2.75,4.0,1.21,22.0,0.3,0.6,0.5,15.8,25.7,41.5,28.5,4.0,18.3,22.0,0.3,0.6,0.5,1.02,1.02,1.02,1.02,1.0,0.0,10.0,0.0,0.8,0.8,8.9,8.9,8.9,8.9,1.0,0.0,10.0,0.0,0.8,0.8,-10.4,11.8,18.2,4.2,4.0,21.1,22.0,0.3,0.6,0.5,-10.5,-6.8,3.1,-3.9,4.0,9.5,22.0,0.3,0.6,0.5,28.8,28.8,28.8,28.8,1.0,0.0,10.0,0.0,0.8,0.8,-16.6,-16.6,-16.6,-16.6,1.0,0.0,10.0,0.0,0.8,0.8,7.7,7.7,7.7,7.7,1.0,0.0,10.0,0.0,0.8,0.8,-4.4,-4.4,-4.4,-4.4,1.0,0.0,10.0,0.0,0.8,0.8,602.5,658.5,1751.0,1153.0,4.0,1062.0,22.0,0.3,0.6,0.5,600.0,660.0,1750.0,1155.0,4.0,1060.0,22.0,0.3,0.6,0.5
1974,2,180.0,53.0,2.59,3.8,4.21,3.44,11.0,1.14,16.0,0.6,0.5,0.5,-1.5,0.75,4.0,1.25,12.0,2.56,16.0,0.6,0.5,0.4,2.83,3.18,4.15,3.46,11.0,0.76,14.0,0.6,0.6,0.4,69.9,81.3,94.2,82.6,11.0,11.0,14.0,0.6,0.4,7.04,9.8,14.03,10.16,12.0,3.93,16.0,0.6,0.5,0.4,-7.19,2.48,8.98,1.42,12.0,7.49,16.0,0.6,0.5,0.4,-9.1,-4.59,3.27,-3.14,12.0,7.68,16.0,0.6,0.5,0.4,989.12,1015.25,1027.66,1009.91,12.0,18.02,16.0,0.6,0.5,0.4,6.0,8.0,8.0,7.3,12.0,1.1,16.0,0.6,0.5,0.4,-85.2,19.2,86.0,7.3,12.0,98.3,16.0,0.6,0.5,0.4,-87.2,-31.1,36.1,-34.2,12.0,110.5,16.0,0.6,0.5,0.4,-1.21,2.3,5.0,2.35,11.0,3.01,16.0,0.6,0.5,0.5,-14.1,25.5,47.7,23.3,11.0,33.1,16.0,0.6,0.5,0.5,0.81,1.69,2.14,1.52,10.0,0.7,16.0,0.7,0.5,0.4,6.7,15.3,21.1,15.8,10.0,9.9,16.0,0.7,0.5,0.4,0.0,7.7,42.2,15.6,12.0,21.8,16.0,0.6,0.5,0.4,0.0,9.4,18.3,8.0,12.0,11.2,16.0,0.6,0.5,0.4,-18.1,9.6,37.6,10.5,11.0,25.5,14.0,0.6,0.6,0.4,-28.7,-17.9,10.2,-12.6,11.0,19.5,14.0,0.6,0.6,0.4,-13.6,2.3,6.5,-0.5,10.0,11.1,16.0,0.7,0.5,0.4,-18.8,-11.9,1.4,-10.7,10.0,11.1,16.0,0.7,0.5,0.4,374.0,948.5,2762.0,1510.5,12.0,1764.5,16.0,0.6,0.5,0.4,375.0,950.0,2760.0,1510.0,12.0,1765.0,16.0,0.6,0.5,0.4
1974,2,180.0,54.0,2.0,2.6,3.94,2.84,8.0,0.9,10.0,0.8,0.4,0.3,-0.94,0.0,1.5,0.25,8.0,1.95,10.0,0.8,0.4,0.3,2.41,3.33,3.74,3.01,7.0,0.76,12.0,0.7,0.4,0.2,49.5,89.7,100.0,79.0,7.0,23.3,12.0,0.7,0.2,5.01,11.05,12.39,9.49,8.0,4.98,10.0,0.8,0.4,0.3,-11.46,-5.52,0.67,-5.52,8.0,6.42,10.0,0.8,0.4,0.3,-5.01,1.07,8.64,0.68,8.0,7.15,10.0,0.8,0.4,0.3,997.21,1001.65,1024.05,1007.75,8.0,14.26,10.0,0.8,0.4,0.3,6.0,7.5,8.0,6.8,8.0,1.8,10.0,0.8,0.4,0.3,-141.0,-61.1,3.1,-78.6,8.0,98.0,10.0,0.8,0.4,0.3,-25.5,13.1,95.4,18.7,8.0,77.3,10.0,0.8,0.4,0.3,0.67,2.75,3.91,2.59,8.0,1.58,10.0,0.8,0.4,0.3,6.2,12.6,58.1,25.1,8.0,25.7,10.0,0.8,0.4,0.3,0.88,1.24,2.67,1.64,7.0,0.94,12.0,0.7,0.4,0.2,7.1,15.6,25.0,16.0,7.0,10.0,12.0,0.7,0.4,0.2,-16.4,-0.7,2.4,-2.5,8.0,12.1,10.0,0.8,0.4,0.3,-29.5,-2.3,0.0,-9.4,8.0,15.1,10.0,0.8,0.4,0.3,-47.4,-15.1,-1.2,-21.5,7.0,24.6,12.0,0.7,0.4,0.2,-10.0,8.2,26.4,6.2,7.0,19.3,12.0,0.7,0.4,0.2,-15.3,-7.2,-2.5,-8.8,7.0,7.7,12.0,0.7,0.4,0.2,-15.9,1.3,10.5,-0.7,7.0,15.7,12.0,0.7,0.4,0.2,126.0,1351.5,1901.5,1456.0,8.0,1602.5,10.0,0.8,0.4,0.3,125.0,1350.0,1900.0,1455.0,8.0,1605.0,10.0,0.8,0.4,0.3
1974,2,180.0,55.0,,,,,,,,,,,,,,,,,,,,,,,,,,,,,,,,,,,,,,,,8.44,9.4,10.36,9.4,2.0,1.98,6.0,0.5,0.5,0.1,2.27,4.17,6.06,4.17,2.0,3.93,6.0,0.5,0.5,0.1,-5.71,-0.2,5.32,-0.2,2.0,11.42,6.0,0.5,0.5,0.1,996.21,998.6,1000.99,998.6,2.0,4.95,6.0,0.5,0.5,0.1,,,,,,,,,,,,,,,,,,,,,,,,,,,,,,,,,,,,,,,,,,,,,,,,,,,,,,,,,,,,,,,,,,,,,,,,,,,,,,,,,,,,,,,,,,,,,,,,,,,,,,,,,,,,,,,,,,,,,,,,,,,,,,,,,,,,,,,,,,,,,,,,,,,,,,
1974,2,180.0,57.0,,,,,,,,,,,,,,,,,,,,,,,,,,,,,,,,,,,,,,,,8.2,8.2,8.2,8.2,1.0,0.0,4.0,0.0,1.0,0.2,-4.1,-4.1,-4.1,-4.1,1.0,0.0,4.0,0.0,1.0,0.2,-7.1,-7.1,-7.1,-7.1,1.0,0.0,4.0,0.0,1.0,0.2,1015.3,1015.3,1015.3,1015.3,1.0,0.0,4.0,0.0,1.0,0.2,,,,,,,,,,,,,,,,,,,,,,,,,,,,,,,,,,,,,,,,,,,,,,,,,,,,,,,,,,,,,,,,,,,,,,,,,,,,,,,,,,,,,,,,,,,,,,,,,,,,,,,,,,,,,,,,,,,,,,,,,,,,,,,,,,,,,,,,,,,,,,,,,,,,,,
1974,2,180.0,58.0,,,,,,,,,,,,,,,,,,,,,,,,,,,,,,,,,,,,,,,,5.38,7.2,8.76,6.85,6.0,2.27,12.0,0.5,0.6,0.5,-4.88,-3.11,0.11,-2.82,6.0,2.83,12.0,0.5,0.6,0.5,-7.19,-5.89,3.55,-2.94,6.0,5.79,12.0,0.5,0.6,0.5,1005.95,1013.45,1037.86,1019.28,6.0,16.22,12.0,0.5,0.6,0.5,,,,,,,,,,,,,,,,,,,,,,,,,,,,,,,,,,,,,,,,,,,,,,,,,,,,,,,,,,,,,,,,,,,,,,,,,,,,,,,,,,,,,,,,,,,,,,,,,,,,,,,,,,,,,,,,,,,,,,,,,,,,,,,,,,,,,,,,,,,,,,,,,,,,,,
1974,2,180.0,59.0,0.13,1.5,1.77,0.97,3.0,1.29,14.0,0.0,0.7,0.5,-10.02,-9.0,-3.54,-6.83,3.0,5.11,14.0,0.0,0.7,0.5,3.18,3.18,3.18,3.18,1.0,0.0,22.0,0.0,0.5,0.5,92.9,92.9,92.9,92.9,1.0,0.0,22.0,0.0,0.5,4.54,9.8,15.4,9.97,3.0,7.95,14.0,0.0,0.7,0.5,-6.68,-1.7,-0.54,-3.57,3.0,4.78,14.0,0.0,0.7,0.5,-13.7,-9.65,-4.5,-9.11,3.0,6.76,14.0,0.0,0.7,0.5,1014.91,1021.8,1033.81,1024.3,3.0,14.02,14.0,0.0,0.7,0.5,4.6,8.0,8.0,6.3,3.0,2.9,14.0,0.0,0.7,0.5,-115.9,-16.7,-5.3,-59.6,3.0,89.1,14.0,0.0,0.7,0.5,-221.6,-94.6,-33.0,-126.5,3.0,140.8,14.0,0.0,0.7,0.5,4.68,8.5,10.89,7.8,3.0,4.59,14.0,0.0,0.7,0.5,41.5,117.6,141.8,92.2,3.0,76.7,14.0,0.0,0.7,0.5,1.04,1.04,1.04,1.04,1.0,0.0,22.0,0.0,0.5,0.5,2.2,2.2,2.2,2.2,1.0,0.0,22.0,0.0,0.5,0.5,5.7,17.9,61.0,33.0,3.0,42.6,14.0,0.0,0.7,0.5,33.6,101.3,127.9,81.2,3.0,71.3,14.0,0.0,0.7,0.5,0.0,0.0,0.0,0.0,1.0,0.0,22.0,0.0,0.5,0.5,-6.7,-6.7,-6.7,-6.7,1.0,0.0,22.0,0.0,0.5,0.5,0.0,0.0,0.0,0.0,1.0,0.0,22.0,0.0,0.5,0.5,-2.2,-2.2,-2.2,-2.2,1.0,0.0,22.0,0.0,0.5,0.5,305.0,941.0,4279.5,2261.0,3.0,3127.5,14.0,0.0,0.7,0.5,305.0,940.0,4280.0,2260.0,3.0,3130.0,14.0,0.0,0.7,0.5
1974,2,180.0,60.0,-1.0,0.1,1.39,0.12,16.0,1.21,10.0,0.3,0.5,0.3,-14.88,-10.8,-3.05,-9.42,18.0,5.95,8.0,0.4,0.5,0.3,3.26,3.27,3.3,3.28,3.0,0.03,28.0,0.3,0.8,0.1,86.4,86.4,95.7,90.9,3.0,7.9,28.0,0.3,0.1,8.46,12.45,14.93,11.71,18.0,3.64,8.0,0.4,0.5,0.3,-9.82,-4.8,2.13,-3.8,18.0,5.99,8.0,0.4,0.5,0.3,-13.1,-10.09,-2.09,-8.4,18.0,5.7,8.0,0.4,0.5,0.3,1006.27,1009.8,1013.95,1010.34,18.0,4.94,8.0,0.4,0.5,0.3,8.0,8.0,8.0,7.6,14.0,1.1,6.0,0.4,0.5,0.3,-127.8,-46.3,26.2,-56.7,18.0,76.1,8.0,0.4,0.5,0.3,-183.3,-133.9,-12.6,-112.5,18.0,83.4,8.0,0.4,0.5,0.3,3.65,9.8,14.26,9.03,16.0,5.12,10.0,0.3,0.5,0.3,25.0,110.6,211.8,117.3,16.0,83.7,10.0,0.3,0.5,0.3,0.97,0.98,1.04,1.0,3.0,0.06,28.0,0.3,0.8,0.1,4.5,7.7,12.6,8.5,3.0,5.9,28.0,0.3,0.8,0.1,-11.4,27.3,94.1,40.4,18.0,52.7,8.0,0.4,0.5,0.3,7.3,78.7,215.1,106.8,18.0,89.4,8.0,0.4,0.5,0.3,-32.7,6.5,17.1,-7.5,3.0,38.5,28.0,0.3,0.8,0.1,2.5,7.8,7.9,5.3,3.0,4.6,28.0,0.3,0.8,0.1,-9.5,2.0,5.6,-1.9,3.0,11.5,28.0,0.3,0.8,0.1,0.7,2.3,2.5,1.7,3.0,1.4,28.0,0.3,0.8,0.1,621.5,1937.5,3328.0,2010.0,18.0,1348.5,8.0,0.4,0.5,0.3,620.0,1935.0,3330.0,2010.0,18.0,1350.0,8.0,0.4,0.5,0.3
1974,2,180.0,61.0,,,,,,,,,,,,,,,,,,,,,,,,,,,,,,,,,,,,,,,,14.55,15.95,17.35,15.95,2.0,2.9,2.0,0.0,0.2,0.1,-4.08,0.4,4.87,0.4,2.0,9.27,2.0,0.0,0.2,0.1,-16.14,-14.48,-12.81,-14.48,2.0,3.45,2.0,0.0,0.2,0.1,1009.64,1010.4,1011.67,1010.67,6.0,1.27,2.0,0.2,0.5,0.1,,,,,,,,,,,,,,,,,,,,,,,,,,,,,,,,,,,,,,,,,,,,,,,,,,,,,,,,,,,,,,,,,,,,,,,,,,,,,,,,,,,,,,,,,,,,,,,,,,,,,,,,,,,,,,,,,,,,,,,,,,,,,,,,,,,,,,,,,,,,,,,,,,,,,,
1974,2,180.0,77.0,,,,,,,,,,,,,,,,,,,,,,,,,,,,,,,,,,,,,,,,2.58,3.6,4.1,3.35,4.0,0.96,26.0,0.0,0.2,0.8,-2.66,-2.64,-0.55,-1.65,4.0,2.0,26.0,0.0,0.2,0.8,1.58,2.37,3.14,2.36,4.0,0.9,26.0,0.0,0.2,0.8,991.58,996.05,1000.42,996.53,6.0,4.99,26.0,0.0,0.2,0.8,,,,,,,,,,,,,,,,,,,,,,,,,,,,,,,,,,,,,,,,,,,,,,,,,,,,,,,,,,,,,,,,,,,,,,,,,,,,,,,,,,,,,,,,,,,,,,,,,,,,,,,,,,,,,,,,,,,,,,,,,,,,,,,,,,,,,,,,,,,,,,,,,,,,,,
1974,2,181.0,-75.0,,,,,,,,,,,,,,,,,,,,,,,,,,,,,,,,,,,,,,,,,,,,,,,,,,,,,,,,,,,,,,,,,,,,,,,,,,,,,,,,7.0,7.0,7.0,7.0,1.0,0.0,18.0,1.0,0.1,0.6,-26.0,-26.0,-26.0,-26.0,1.0,0.0,18.0,1.0,0.1,0.6,0.0,0.0,0.0,0.0,1.0,0.0,18.0,1.0,0.1,0.6,,,,,,,,,,,,,,,,,,,,,,,,,,,,,,,,,,,,,,,,,,,,,,,,,,,,,,,,,,,,,,,,,,,,,,,,,,,,,,,,,,,,,,,,,,,,,,,,,,,,,,,,,,,,,,,,,,,,,,,,
1974,2,181.0,-46.0,,,,,,,,,,,,,,,,,,,,,,,,,,,,,,,,,,,,,,,,3.1,3.1,3.1,3.1,1.0,0.0,16.0,1.0,0.7,0.4,0.0,0.0,0.0,0.0,1.0,0.0,16.0,1.0,0.7,0.4,3.1,3.1,3.1,3.1,1.0,0.0,16.0,1.0,0.7,0.4,1031.8,1031.8,1031.8,1031.8,1.0,0.0,16.0,1.0,0.7,0.4,,,,,,,,,,,,,,,,,,,,,,,,,,,,,,,,,,,,,,,,,,,,,,,,,,,,,,,,,,,,,,,,,,,,,,,,,,,,,,,,,,,,,,,,,,,,,,,,,,,,,,,,,,,,,,,,,,,,,,,,,,,,,,,,,,,,,,,,,,,,,,,,,,,,,,
1974,2,181.0,-43.0,20.0,20.0,20.0,20.0,2.0,0.0,22.0,1.0,0.9,0.6,20.25,20.35,20.45,20.35,2.0,0.21,22.0,1.0,0.9,0.6,9.3,9.33,9.35,9.33,2.0,0.04,22.0,1.0,0.9,0.6,63.1,63.5,63.9,63.5,2.0,0.8,22.0,1.0,0.6,7.53,8.25,8.97,8.25,2.0,1.48,22.0,1.0,0.9,0.6,-6.2,-4.97,-3.75,-4.97,2.0,2.53,22.0,1.0,0.9,0.6,-6.96,-3.14,0.68,-3.14,2.0,7.92,22.0,1.0,0.9,0.6,1019.55,1021.8,1024.05,1021.8,2.0,4.67,22.0,1.0,0.9,0.6,8.0,8.0,8.0,8.0,2.0,0.0,22.0,1.0,0.9,0.6,-45.7,-39.1,-32.6,-39.1,2.0,13.5,22.0,1.0,0.9,0.6,-65.6,-31.8,2.0,-31.8,2.0,70.0,22.0,1.0,0.9,0.6,-0.45,-0.35,-0.25,-0.35,2.0,0.21,22.0,1.0,0.9,0.6,-3.3,-2.7,-2.1,-2.7,2.0,1.2,22.0,1.0,0.9,0.6,5.08,5.09,5.1,5.09,2.0,0.02,22.0,1.0,0.9,0.6,38.3,42.0,45.8,42.0,2.0,7.8,22.0,1.0,0.9,0.6,-126.9,-101.5,-76.1,-101.5,2.0,52.6,22.0,1.0,0.9,0.6,-140.5,-63.0,14.5,-63.0,2.0,160.5,22.0,1.0,0.9,0.6,-57.6,-46.3,-35.0,-46.3,2.0,23.4,22.0,1.0,0.9,0.6,-65.2,-29.4,6.3,-29.4,2.0,74.0,22.0,1.0,0.9,0.6,-31.5,-25.3,-19.1,-25.3,2.0,12.8,22.0,1.0,0.9,0.6,-35.6,-16.1,3.4,-16.1,2.0,40.4,22.0,1.0,0.9,0.6,441.5,589.0,736.0,589.0,2.0,305.0,22.0,1.0,0.9,0.6,440.0,590.0,735.0,590.0,2.0,305.0,22.0,1.0,0.9,0.6
1974,2,181.0,-42.0,17.6,18.25,18.9,18.25,2.0,1.34,8.0,1.0,0.8,0.2,18.12,19.45,20.78,19.45,2.0,2.76,8.0,1.0,0.8,0.2,9.56,9.82,10.08,9.82,2.0,0.54,8.0,1.0,0.8,0.2,64.3,72.2,80.0,72.2,2.0,16.2,8.0,1.0,0.2,7.53,8.25,8.97,8.25,2.0,1.48,8.0,1.0,0.8,0.2,-5.14,-4.35,-3.55,-4.35,2.0,1.65,8.0,1.0,0.8,0.2,-8.09,-6.68,-5.28,-6.68,2.0,2.91,8.0,1.0,0.8,0.2,1029.8,1029.8,1029.8,1029.8,2.0,0.0,8.0,1.0,0.8,0.2,5.3,6.0,6.7,6.0,2.0,1.4,8.0,1.0,0.8,0.2,-38.1,-34.6,-31.2,-34.6,2.0,7.2,8.0,1.0,0.8,0.2,-73.7,-57.3,-40.9,-57.3,2.0,33.9,8.0,1.0,0.8,0.2,-1.88,-1.2,-0.52,-1.2,2.0,1.41,8.0,1.0,0.8,0.2,-13.6,-8.8,-4.1,-8.8,2.0,9.9,8.0,1.0,0.8,0.2,2.22,3.01,3.8,3.01,2.0,1.63,8.0,1.0,0.8,0.2,19.3,23.6,28.0,23.6,2.0,9.0,8.0,1.0,0.8,0.2,-108.1,-86.8,-65.6,-86.8,2.0,44.1,8.0,1.0,0.8,0.2,-144.4,-126.0,-107.6,-126.0,2.0,38.1,8.0,1.0,0.8,0.2,-48.9,-42.3,-35.6,-42.3,2.0,13.9,8.0,1.0,0.8,0.2,-82.0,-66.4,-50.9,-66.4,2.0,32.2,8.0,1.0,0.8,0.2,-20.3,-14.5,-8.6,-14.5,2.0,12.1,8.0,1.0,0.8,0.2,-18.8,-17.8,-16.7,-17.8,2.0,2.2,8.0,1.0,0.8,0.2,441.5,589.0,736.0,589.0,2.0,305.0,8.0,1.0,0.8,0.2,440.0,590.0,735.0,590.0,2.0,305.0,8.0,1.0,0.8,0.2
1974,2,181.0,-40.0,20.0,20.0,20.0,20.0,1.0,0.0,22.0,1.0,1.0,0.5,17.0,17.0,17.0,17.0,1.0,0.0,22.0,1.0,1.0,0.5,8.59,8.59,8.59,8.59,1.0,0.0,22.0,1.0,1.0,0.5,72.4,72.4,72.4,72.4,1.0,0.0,22.0,1.0,0.5,10.3,10.3,10.3,10.3,1.0,0.0,22.0,1.0,1.0,0.5,-9.68,-9.68,-9.68,-9.68,1.0,0.0,22.0,1.0,1.0,0.5,3.52,3.52,3.52,3.52,1.0,0.0,22.0,1.0,1.0,0.5,1024.9,1024.9,1024.9,1024.9,1.0,0.0,22.0,1.0,1.0,0.5,7.0,7.0,7.0,7.0,1.0,0.0,22.0,1.0,1.0,0.5,-99.7,-99.7,-99.7,-99.7,1.0,0.0,22.0,1.0,1.0,0.5,36.3,36.3,36.3,36.3,1.0,0.0,22.0,1.0,1.0,0.5,3.0,3.0,3.0,3.0,1.0,0.0,22.0,1.0,1.0,0.5,30.9,30.9,30.9,30.9,1.0,0.0,22.0,1.0,1.0,0.5,5.78,5.78,5.78,5.78,1.0,0.0,22.0,1.0,1.0,0.5,59.6,59.6,59.6,59.6,1.0,0.0,22.0,1.0,1.0,0.5,-164.5,-164.5,-164.5,-164.5,1.0,0.0,22.0,1.0,1.0,0.5,59.9,59.9,59.9,59.9,1.0,0.0,22.0,1.0,1.0,0.5,-83.1,-83.1,-83.1,-83.1,1.0,0.0,22.0,1.0,1.0,0.5,30.3,30.3,30.3,30.3,1.0,0.0,22.0,1.0,1.0,0.5,-56.0,-56.0,-56.0,-56.0,1.0,0.0,22.0,1.0,1.0,0.5,20.4,20.4,20.4,20.4,1.0,0.0,22.0,1.0,1.0,0.5,1092.5,1092.5,1092.5,1092.5,1.0,0.0,22.0,1.0,1.0,0.5,1095.0,1095.0,1095.0,1095.0,1.0,0.0,22.0,1.0,1.0,0.5
1974,2,181.0,-38.0,20.97,21.75,22.53,21.75,2.0,1.63,14.0,1.0,0.6,0.5,21.36,21.7,22.04,21.7,2.0,0.71,14.0,1.0,0.6,0.5,13.12,13.61,14.09,13.61,2.0,1.01,14.0,1.0,0.6,0.5,83.5,84.6,85.8,84.6,2.0,2.3,14.0,1.0,0.5,3.84,4.35,4.86,4.35,2.0,1.06,14.0,1.0,0.6,0.5,-0.93,0.82,2.57,0.82,2.0,3.63,14.0,1.0,0.6,0.5,-4.23,-3.01,-1.8,-3.01,2.0,2.52,14.0,1.0,0.6,0.5,1016.63,1018.2,1019.77,1018.2,2.0,3.25,14.0,1.0,0.6,0.5,2.0,4.0,6.0,4.0,2.0,4.2,14.0,1.0,0.6,0.5,-5.6,1.6,8.8,1.6,2.0,14.9,14.0,1.0,0.6,0.5,-21.3,-14.4,-7.6,-14.4,2.0,14.1,14.0,1.0,0.6,0.5,-0.39,0.05,0.49,0.05,2.0,0.92,14.0,1.0,0.6,0.5,-2.2,-0.3,1.6,-0.3,2.0,3.9,14.0,1.0,0.6,0.5,2.25,2.56,2.88,2.56,2.0,0.66,14.0,1.0,0.6,0.5,10.7,10.8,10.9,10.8,2.0,0.2,14.0,1.0,0.6,0.5,-19.2,19.1,57.3,19.1,2.0,79.3,14.0,1.0,0.6,0.5,-89.8,-64.5,-39.1,-64.5,2.0,52.5,14.0,1.0,0.6,0.5,-11.2,13.0,37.2,13.0,2.0,50.2,14.0,1.0,0.6,0.5,-54.8,-39.7,-24.6,-39.7,2.0,31.2,14.0,1.0,0.6,0.5,-1.4,3.3,8.0,3.3,2.0,9.8,14.0,1.0,0.6,0.5,-9.0,-6.9,-4.7,-6.9,2.0,4.5,14.0,1.0,0.6,0.5,60.5,89.5,119.0,89.5,2.0,61.0,14.0,1.0,0.6,0.5,60.0,90.0,120.0,90.0,2.0,60.0,14.0,1.0,0.6,0.5
1974,2,181.0,-37.0,22.4,22.4,22.4,22.4,1.0,0.0,26.0,1.0,0.4,0.4,18.9,18.9,18.9,18.9,1.0,0.0,26.0,1.0,0.4,0.4,11.94,11.94,11.94,11.94,1.0,0.0,26.0,1.0,0.4,0.4,87.6,87.6,87.6,87.6,1.0,0.0,26.0,1.0,0.4,14.4,14.4,14.4,14.4,1.0,0.0,26.0,1.0,0.4,0.4,-12.47,-12.47,-12.47,-12.47,1.0,0.0,26.0,1.0,0.4,0.4,7.2,7.2,7.2,7.2,1.0,0.0,26.0,1.0,0.4,0.4,1007.5,1007.5,1007.5,1007.5,1.0,0.0,26.0,1.0,0.4,0.4,8.0,8.0,8.0,8.0,1.0,0.0,26.0,1.0,0.4,0.4,-179.6,-179.6,-179.6,-179.6,1.0,0.0,26.0,1.0,0.4,0.4,103.7,103.7,103.7,103.7,1.0,0.0,26.0,1.0,0.4,0.4,3.5,3.5,3.5,3.5,1.0,0.0,26.0,1.0,0.4,0.4,50.4,50.4,50.4,50.4,1.0,0.0,26.0,1.0,0.4,0.4,5.03,5.03,5.03,5.03,1.0,0.0,26.0,1.0,0.4,0.4,72.4,72.4,72.4,72.4,1.0,0.0,26.0,1.0,0.4,0.4,-235.7,-235.7,-235.7,-235.7,1.0,0.0,26.0,1.0,0.4,0.4,136.1,136.1,136.1,136.1,1.0,0.0,26.0,1.0,0.4,0.4,-148.9,-148.9,-148.9,-148.9,1.0,0.0,26.0,1.0,0.4,0.4,86.0,86.0,86.0,86.0,1.0,0.0,26.0,1.0,0.4,0.4,-62.7,-62.7,-62.7,-62.7,1.0,0.0,26.0,1.0,0.4,0.4,36.2,36.2,36.2,36.2,1.0,0.0,26.0,1.0,0.4,0.4,2986.0,2986.0,2986.0,2986.0,1.0,0.0,26.0,1.0,0.4,0.4,2985.0,2985.0,2985.0,2985.0,1.0,0.0,26.0,1.0,0.4,0.4
1974,2,181.0,-34.0,23.9,23.9,23.9,23.9,1.0,0.0,16.0,1.0,0.8,0.5,22.2,22.2,22.2,22.2,1.0,0.0,16.0,1.0,0.8,0.5,14.98,14.98,14.98,14.98,1.0,0.0,16.0,1.0,0.8,0.5,90.7,90.7,90.7,90.7,1.0,0.0,16.0,1.0,0.5,6.2,6.2,6.2,6.2,1.0,0.0,16.0,1.0,0.8,0.5,-4.75,-4.75,-4.75,-4.75,1.0,0.0,16.0,1.0,0.8,0.5,3.99,3.99,3.99,3.99,1.0,0.0,16.0,1.0,0.8,0.5,1020.7,1020.7,1020.7,1020.7,1.0,0.0,16.0,1.0,0.8,0.5,8.0,8.0,8.0,8.0,1.0,0.0,16.0,1.0,0.8,0.5,-29.4,-29.4,-29.4,-29.4,1.0,0.0,16.0,1.0,0.8,0.5,24.7,24.7,24.7,24.7,1.0,0.0,16.0,1.0,0.8,0.5,1.7,1.7,1.7,1.7,1.0,0.0,16.0,1.0,0.8,0.5,10.5,10.5,10.5,10.5,1.0,0.0,16.0,1.0,0.8,0.5,3.38,3.38,3.38,3.38,1.0,0.0,16.0,1.0,0.8,0.5,20.9,20.9,20.9,20.9,1.0,0.0,16.0,1.0,0.8,0.5,-105.4,-105.4,-105.4,-105.4,1.0,0.0,16.0,1.0,0.8,0.5,88.5,88.5,88.5,88.5,1.0,0.0,16.0,1.0,0.8,0.5,-71.2,-71.2,-71.2,-71.2,1.0,0.0,16.0,1.0,0.8,0.5,59.7,59.7,59.7,59.7,1.0,0.0,16.0,1.0,0.8,0.5,-16.0,-16.0,-16.0,-16.0,1.0,0.0,16.0,1.0,0.8,0.5,13.5,13.5,13.5,13.5,1.0,0.0,16.0,1.0,0.8,0.5,238.5,238.5,238.5,238.5,1.0,0.0,16.0,1.0,0.8,0.5,240.0,240.0,240.0,240.0,1.0,0.0,16.0,1.0,0.8,0.5
1974,2,181.0,-33.0,23.07,23.65,24.23,23.65,2.0,1.2,24.0,0.5,0.3,0.5,22.83,22.9,22.97,22.9,2.0,0.14,24.0,0.5,0.3,0.5,12.48,13.27,14.06,13.27,2.0,1.64,24.0,0.5,0.3,0.5,71.8,76.2,80.6,76.2,2.0,9.1,24.0,0.5,0.5,5.4,8.2,11.0,8.2,2.0,5.8,24.0,0.5,0.3,0.5,-1.67,1.5,4.68,1.5,2.0,6.57,24.0,0.5,0.3,0.5,-0.53,4.01,8.54,4.01,2.0,9.4,24.0,0.5,0.3,0.5,1007.55,1010.45,1013.35,1010.45,2.0,6.01,24.0,0.5,0.3,0.5,2.5,3.5,4.5,3.5,2.0,2.1,24.0,0.5,0.3,0.5,1.2,31.4,61.6,31.4,2.0,62.6,24.0,0.5,0.3,0.5,11.7,60.1,108.5,60.1,2.0,100.3,24.0,0.5,0.3,0.5,0.24,0.75,1.26,0.75,2.0,1.06,24.0,0.5,0.3,0.5,1.0,3.1,5.2,3.1,2.0,4.3,24.0,0.5,0.3,0.5,4.82,5.01,5.21,5.01,2.0,0.41,24.0,0.5,0.3,0.5,26.6,42.3,57.9,42.3,2.0,32.4,24.0,0.5,0.3,0.5,-38.5,34.0,106.5,34.0,2.0,150.2,24.0,0.5,0.3,0.5,-12.5,91.1,194.7,91.1,2.0,214.6,24.0,0.5,0.3,0.5,-26.3,14.6,55.5,14.6,2.0,84.7,24.0,0.5,0.3,0.5,-11.5,45.5,102.5,45.5,2.0,118.1,24.0,0.5,0.3,0.5,-7.3,8.9,25.1,8.9,2.0,33.5,24.0,0.5,0.3,0.5,-1.5,22.0,45.5,22.0,2.0,48.7,24.0,0.5,0.3,0.5,353.5,965.0,1576.5,965.0,2.0,1267.0,24.0,0.5,0.3,0.5,355.0,965.0,1575.0,965.0,2.0,1265.0,24.0,0.5,0.3,0.5
1974,2,181.0,-32.0,22.1,22.1,22.1,22.1,1.0,0.0,28.0,1.0,1.0,0.3,22.5,22.5,22.5,22.5,1.0,0.0,28.0,1.0,1.0,0.3,12.43,12.43,12.43,12.43,1.0,0.0,28.0,1.0,1.0,0.3,72.9,72.9,72.9,72.9,1.0,0.0,28.0,1.0,0.3,15.4,15.4,15.4,15.4,1.0,0.0,28.0,1.0,1.0,0.3,9.9,9.9,9.9,9.9,1.0,0.0,28.0,1.0,1.0,0.3,11.8,11.8,11.8,11.8,1.0,0.0,28.0,1.0,1.0,0.3,1006.2,1006.2,1006.2,1006.2,1.0,0.0,28.0,1.0,1.0,0.3,4.0,4.0,4.0,4.0,1.0,0.0,28.0,1.0,1.0,0.3,152.4,152.4,152.4,152.4,1.0,0.0,28.0,1.0,1.0,0.3,181.7,181.7,181.7,181.7,1.0,0.0,28.0,1.0,1.0,0.3,-0.4,-0.4,-0.4,-0.4,1.0,0.0,28.0,1.0,1.0,0.3,-6.2,-6.2,-6.2,-6.2,1.0,0.0,28.0,1.0,1.0,0.3,4.25,4.25,4.25,4.25,1.0,0.0,28.0,1.0,1.0,0.3,65.5,65.5,65.5,65.5,1.0,0.0,28.0,1.0,1.0,0.3,222.7,222.7,222.7,222.7,1.0,0.0,28.0,1.0,1.0,0.3,265.4,265.4,265.4,265.4,1.0,0.0,28.0,1.0,1.0,0.3,123.0,123.0,123.0,123.0,1.0,0.0,28.0,1.0,1.0,0.3,146.6,146.6,146.6,146.6,1.0,0.0,28.0,1.0,1.0,0.3,42.1,42.1,42.1,42.1,1.0,0.0,28.0,1.0,1.0,0.3,50.2,50.2,50.2,50.2,1.0,0.0,28.0,1.0,1.0,0.3,3652.5,3652.5,3652.5,3652.5,1.0,0.0,28.0,1.0,1.0,0.3,3650.0,3650.0,3650.0,3650.0,1.0,0.0,28.0,1.0,1.0,0.3
1974,2,181.0,-31.0,25.0,25.0,25.0,25.0,1.0,0.0,16.0,1.0,0.7,0.8,25.0,25.0,25.0,25.0,1.0,0.0,16.0,1.0,0.7,0.8,18.54,18.54,18.54,18.54,1.0,0.0,16.0,1.0,0.7,0.8,94.2,94.2,94.2,94.2,1.0,0.0,16.0,1.0,0.8,5.7,5.7,5.7,5.7,1.0,0.0,16.0,1.0,0.7,0.8,-4.94,-4.94,-4.94,-4.94,1.0,0.0,16.0,1.0,0.7,0.8,2.85,2.85,2.85,2.85,1.0,0.0,16.0,1.0,0.7,0.8,1017.0,1017.0,1017.0,1017.0,1.0,0.0,16.0,1.0,0.7,0.8,4.0,4.0,4.0,4.0,1.0,0.0,16.0,1.0,0.7,0.8,-28.1,-28.1,-28.1,-28.1,1.0,0.0,16.0,1.0,0.7,0.8,16.2,16.2,16.2,16.2,1.0,0.0,16.0,1.0,0.7,0.8,0.0,0.0,0.0,0.0,1.0,0.0,16.0,1.0,0.7,0.8,0.0,0.0,0.0,0.0,1.0,0.0,16.0,1.0,0.7,0.8,1.16,1.16,1.16,1.16,1.0,0.0,16.0,1.0,0.7,0.8,6.6,6.6,6.6,6.6,1.0,0.0,16.0,1.0,0.7,0.8,-123.4,-123.4,-123.4,-123.4,1.0,0.0,16.0,1.0,0.7,0.8,71.3,71.3,71.3,71.3,1.0,0.0,16.0,1.0,0.7,0.8,-91.5,-91.5,-91.5,-91.5,1.0,0.0,16.0,1.0,0.7,0.8,52.8,52.8,52.8,52.8,1.0,0.0,16.0,1.0,0.7,0.8,-5.7,-5.7,-5.7,-5.7,1.0,0.0,16.0,1.0,0.7,0.8,3.3,3.3,3.3,3.3,1.0,0.0,16.0,1.0,0.7,0.8,185.0,185.0,185.0,185.0,1.0,0.0,16.0,1.0,0.7,0.8,185.0,185.0,185.0,185.0,1.0,0.0,16.0,1.0,0.7,0.8
1974,2,181.0,-30.0,25.0,25.0,25.0,25.0,1.0,0.0,26.0,0.0,1.0,0.9,24.0,24.0,24.0,24.0,1.0,0.0,26.0,0.0,1.0,0.9,17.95,17.95,17.95,17.95,1.0,0.0,26.0,0.0,1.0,0.9,95.9,95.9,95.9,95.9,1.0,0.0,26.0,0.0,0.9,9.3,9.3,9.3,9.3,1.0,0.0,26.0,0.0,1.0,0.9,-7.12,-7.12,-7.12,-7.12,1.0,0.0,26.0,0.0,1.0,0.9,-5.98,-5.98,-5.98,-5.98,1.0,0.0,26.0,0.0,1.0,0.9,1006.7,1006.7,1006.7,1006.7,1.0,0.0,26.0,0.0,1.0,0.9,3.0,3.0,3.0,3.0,1.0,0.0,26.0,0.0,1.0,0.9,-66.3,-66.3,-66.3,-66.3,1.0,0.0,26.0,0.0,1.0,0.9,-55.6,-55.6,-55.6,-55.6,1.0,0.0,26.0,0.0,1.0,0.9,1.0,1.0,1.0,1.0,1.0,0.0,26.0,0.0,1.0,0.9,9.3,9.3,9.3,9.3,1.0,0.0,26.0,0.0,1.0,0.9,1.95,1.95,1.95,1.95,1.0,0.0,26.0,0.0,1.0,0.9,18.2,18.2,18.2,18.2,1.0,0.0,26.0,0.0,1.0,0.9,-171.0,-171.0,-171.0,-171.0,1.0,0.0,26.0,0.0,1.0,0.9,-143.5,-143.5,-143.5,-143.5,1.0,0.0,26.0,0.0,1.0,0.9,-127.9,-127.9,-127.9,-127.9,1.0,0.0,26.0,0.0,1.0,0.9,-107.3,-107.3,-107.3,-107.3,1.0,0.0,26.0,0.0,1.0,0.9,-13.9,-13.9,-13.9,-13.9,1.0,0.0,26.0,0.0,1.0,0.9,-11.7,-11.7,-11.7,-11.7,1.0,0.0,26.0,0.0,1.0,0.9,804.5,804.5,804.5,804.5,1.0,0.0,26.0,0.0,1.0,0.9,805.0,805.0,805.0,805.0,1.0,0.0,26.0,0.0,1.0,0.9
1974,2,181.0,-28.0,,,,,,,,,,,,,,,,,,,,,,,,,,,,,,,,,,,,,,,,10.3,10.3,10.3,10.3,1.0,0.0,2.0,1.0,0.3,1.0,-9.68,-9.68,-9.68,-9.68,1.0,0.0,2.0,1.0,0.3,1.0,3.52,3.52,3.52,3.52,1.0,0.0,2.0,1.0,0.3,1.0,1016.6,1016.6,1016.6,1016.6,1.0,0.0,2.0,1.0,0.3,1.0,4.0,4.0,4.0,4.0,1.0,0.0,2.0,1.0,0.3,1.0,-99.7,-99.7,-99.7,-99.7,1.0,0.0,2.0,1.0,0.3,1.0,36.3,36.3,36.3,36.3,1.0,0.0,2.0,1.0,0.3,1.0,,,,,,,,,,,,,,,,,,,,,,,,,,,,,,,,,,,,,,,,,-232.3,-232.3,-232.3,-232.3,1.0,0.0,2.0,1.0,0.3,1.0,84.5,84.5,84.5,84.5,1.0,0.0,2.0,1.0,0.3,1.0,-123.7,-123.7,-123.7,-123.7,1.0,0.0,2.0,1.0,0.3,1.0,45.0,45.0,45.0,45.0,1.0,0.0,2.0,1.0,0.3,1.0,,,,,,,,,,,,,,,,,,,,,,,,,,,,,,,,,,,,,,,,
1974,2,181.0,-27.0,,,,,,,,,,,,,,,,,,,,,,,,,,,,,,,,,,,,,,,,11.3,11.3,11.3,11.3,1.0,0.0,18.0,1.0,0.2,0.7,-9.79,-9.79,-9.79,-9.79,1.0,0.0,18.0,1.0,0.2,0.7,5.65,5.65,5.65,5.65,1.0,0.0,18.0,1.0,0.2,0.7,1014.3,1014.3,1014.3,1014.3,1.0,0.0,18.0,1.0,0.2,0.7,2.0,2.0,2.0,2.0,1.0,0.0,18.0,1.0,0.2,0.7,-110.6,-110.6,-110.6,-110.6,1.0,0.0,18.0,1.0,0.2,0.7,63.8,63.8,63.8,63.8,1.0,0.0,18.0,1.0,0.2,0.7,,,,,,,,,,,,,,,,,,,,,,,,,,,,,,,,,,,,,,,,,-254.4,-254.4,-254.4,-254.4,1.0,0.0,18.0,1.0,0.2,0.7,146.9,146.9,146.9,146.9,1.0,0.0,18.0,1.0,0.2,0.7,-171.1,-171.1,-171.1,-171.1,1.0,0.0,18.0,1.0,0.2,0.7,98.8,98.8,98.8,98.8,1.0,0.0,18.0,1.0,0.2,0.7,,,,,,,,,,,,,,,,,,,,,,,,,,,,,,,,,,,,,,,,
1974,2,181.0,-26.0,25.6,25.6,25.6,25.6,1.0,0.0,14.0,1.0,0.6,0.4,25.0,25.0,25.41,25.2,3.0,0.35,10.0,1.0,0.8,0.4,17.74,18.1,18.46,18.1,2.0,0.74,16.0,1.0,0.8,0.6,87.4,90.1,92.9,90.1,2.0,5.7,16.0,1.0,0.6,5.58,7.7,9.47,7.53,3.0,2.85,10.0,1.0,0.8,0.4,-6.19,-5.15,-4.59,-5.38,3.0,1.19,10.0,1.0,0.8,0.4,2.3,3.85,7.31,4.78,3.0,3.76,10.0,1.0,0.8,0.4,1012.85,1013.6,1014.76,1013.8,3.0,1.41,10.0,1.0,0.8,0.4,3.3,6.0,7.4,5.3,3.0,3.1,10.0,1.0,0.8,0.4,-52.5,-51.3,-29.9,-41.4,3.0,18.7,10.0,1.0,0.8,0.4,14.3,29.6,72.1,42.9,3.0,43.9,10.0,1.0,0.8,0.4,0.0,0.0,0.0,0.0,1.0,0.0,14.0,1.0,0.6,0.4,0.0,0.0,0.0,0.0,1.0,0.0,14.0,1.0,0.6,0.4,2.88,2.88,2.88,2.88,1.0,0.0,14.0,1.0,0.6,0.4,13.2,13.2,13.2,13.2,1.0,0.0,14.0,1.0,0.6,0.4,-154.7,-128.7,-116.4,-135.4,3.0,28.6,10.0,1.0,0.8,0.4,58.0,96.3,182.8,119.8,3.0,93.6,10.0,1.0,0.8,0.4,-116.5,-100.1,-83.6,-100.1,2.0,34.1,16.0,1.0,0.8,0.6,34.6,49.7,64.7,49.7,2.0,31.1,16.0,1.0,0.8,0.6,-12.4,-12.4,-12.4,-12.4,1.0,0.0,14.0,1.0,0.6,0.4,4.5,4.5,4.5,4.5,1.0,0.0,14.0,1.0,0.6,0.4,211.5,456.5,891.0,549.0,3.0,504.0,10.0,1.0,0.8,0.4,210.0,455.0,890.0,550.0,3.0,505.0,10.0,1.0,0.8,0.4
1974,2,181.0,-25.0,28.0,28.0,28.0,28.0,1.0,0.0,6.0,1.0,0.8,0.8,27.0,27.0,27.0,27.0,1.0,0.0,6.0,1.0,0.8,0.8,17.53,17.53,17.53,17.53,1.0,0.0,6.0,1.0,0.8,0.8,78.8,78.8,78.8,78.8,1.0,0.0,6.0,1.0,0.8,9.3,9.3,9.3,9.3,1.0,0.0,6.0,1.0,0.8,0.8,-9.16,-9.16,-9.16,-9.16,1.0,0.0,6.0,1.0,0.8,0.8,1.61,1.61,1.61,1.61,1.0,0.0,6.0,1.0,0.8,0.8,1012.0,1012.0,1012.0,1012.0,1.0,0.0,6.0,1.0,0.8,0.8,4.0,4.0,4.0,4.0,1.0,0.0,6.0,1.0,0.8,0.8,-85.2,-85.2,-85.2,-85.2,1.0,0.0,6.0,1.0,0.8,0.8,15.0,15.0,15.0,15.0,1.0,0.0,6.0,1.0,0.8,0.8,1.0,1.0,1.0,1.0,1.0,0.0,6.0,1.0,0.8,0.8,9.3,9.3,9.3,9.3,1.0,0.0,6.0,1.0,0.8,0.8,6.16,6.16,6.16,6.16,1.0,0.0,6.0,1.0,0.8,0.8,57.3,57.3,57.3,57.3,1.0,0.0,6.0,1.0,0.8,0.8,-247.3,-247.3,-247.3,-247.3,1.0,0.0,6.0,1.0,0.8,0.8,43.6,43.6,43.6,43.6,1.0,0.0,6.0,1.0,0.8,0.8,-160.5,-160.5,-160.5,-160.5,1.0,0.0,6.0,1.0,0.8,0.8,28.3,28.3,28.3,28.3,1.0,0.0,6.0,1.0,0.8,0.8,-56.4,-56.4,-56.4,-56.4,1.0,0.0,6.0,1.0,0.8,0.8,9.9,9.9,9.9,9.9,1.0,0.0,6.0,1.0,0.8,0.8,804.5,804.5,804.5,804.5,1.0,0.0,6.0,1.0,0.8,0.8,805.0,805.0,805.0,805.0,1.0,0.0,6.0,1.0,0.8,0.8
1974,2,181.0,-23.0,27.16,27.5,27.84,27.5,3.0,0.5,16.0,0.7,0.5,0.9,27.04,28.2,28.27,27.67,3.0,1.01,16.0,0.7,0.5,0.9,18.48,18.63,21.0,19.71,3.0,2.07,16.0,0.7,0.5,0.9,80.3,85.1,89.5,84.9,3.0,6.8,16.0,0.7,0.9,4.51,5.4,6.29,5.4,2.0,1.84,10.0,0.5,0.4,1.0,-6.19,-5.32,-4.44,-5.32,2.0,1.81,10.0,0.5,0.4,1.0,-0.41,0.23,0.87,0.23,2.0,1.33,10.0,0.5,0.4,1.0,1010.63,1012.0,1012.2,1011.43,3.0,1.25,16.0,0.7,0.5,0.9,3.2,8.0,8.0,5.7,3.0,4.0,16.0,0.7,0.5,0.9,-39.8,-30.4,-20.9,-30.4,2.0,19.6,10.0,0.5,0.4,1.0,-1.2,2.4,6.1,2.4,2.0,7.6,10.0,0.5,0.4,1.0,-0.95,-0.2,0.62,-0.17,3.0,1.15,16.0,0.7,0.5,0.9,0.4,2.9,5.5,2.9,2.0,5.3,10.0,0.5,0.4,1.0,1.64,4.59,4.91,3.3,3.0,2.64,16.0,0.7,0.5,0.9,22.3,25.7,29.2,25.7,2.0,7.1,10.0,0.5,0.4,1.0,-165.2,-144.4,-123.5,-144.4,2.0,43.1,10.0,0.5,0.4,1.0,-12.0,5.4,22.8,5.4,2.0,36.0,10.0,0.5,0.4,1.0,-114.1,-98.3,-82.5,-98.3,2.0,32.7,10.0,0.5,0.4,1.0,-7.8,4.1,15.9,4.1,2.0,24.5,10.0,0.5,0.4,1.0,-28.7,-25.3,-22.0,-25.3,2.0,7.0,10.0,0.5,0.4,1.0,-2.2,0.9,3.9,0.9,2.0,6.3,10.0,0.5,0.4,1.0,105.5,185.0,264.0,185.0,2.0,164.0,10.0,0.5,0.4,1.0,105.0,185.0,265.0,185.0,2.0,165.0,10.0,0.5,0.4,1.0
1974,2,181.0,-20.0,27.88,28.4,29.08,28.46,5.0,0.73,16.0,0.8,0.5,0.6,26.05,27.2,27.6,26.88,5.0,1.17,16.0,0.8,0.5,0.6,18.32,19.22,19.8,19.05,5.0,0.89,16.0,0.8,0.5,0.6,80.7,82.7,91.6,85.8,5.0,7.8,16.0,0.8,0.6,7.36,7.7,7.7,7.53,3.0,0.29,16.0,1.0,0.6,0.7,-5.6,-4.95,-1.57,-3.62,3.0,3.17,16.0,1.0,0.6,0.7,-6.79,-5.9,-5.25,-6.02,3.0,1.13,16.0,1.0,0.6,0.7,1002.36,1005.0,1008.07,1005.28,5.0,3.09,16.0,0.8,0.5,0.6,5.5,7.0,8.0,6.6,5.0,2.1,16.0,0.8,0.5,0.6,-43.1,-38.1,-12.1,-27.8,3.0,24.4,16.0,1.0,0.6,0.7,-49.8,-45.4,-40.4,-45.1,3.0,6.9,16.0,1.0,0.6,0.7,0.5,1.2,2.65,1.58,5.0,1.67,16.0,0.8,0.5,0.6,1.9,9.2,11.9,7.0,3.0,7.5,16.0,1.0,0.6,0.7,4.01,6.23,6.52,5.47,5.0,1.37,16.0,0.8,0.5,0.6,35.5,49.0,51.3,43.5,3.0,12.5,16.0,1.0,0.6,0.7,-152.2,-134.6,-42.7,-98.4,3.0,86.2,16.0,1.0,0.6,0.7,-190.0,-160.4,-142.8,-166.3,3.0,34.9,16.0,1.0,0.6,0.7,-103.0,-87.6,-27.8,-65.9,3.0,58.2,16.0,1.0,0.6,0.7,-130.9,-104.4,-96.2,-113.3,3.0,26.5,16.0,1.0,0.6,0.7,-36.3,-33.6,-10.7,-23.7,3.0,20.6,16.0,1.0,0.6,0.7,-37.3,-31.5,-29.9,-33.6,3.0,5.7,16.0,1.0,0.6,0.7,399.5,456.5,456.5,429.0,3.0,48.0,16.0,1.0,0.6,0.7,400.0,455.0,455.0,430.0,3.0,50.0,16.0,1.0,0.6,0.7
1974,2,181.0,-19.0,28.0,28.0,28.0,28.0,1.0,0.0,18.0,1.0,0.4,0.7,27.6,27.6,27.6,27.6,1.0,0.0,18.0,1.0,0.4,0.7,21.14,21.14,21.14,21.14,1.0,0.0,18.0,1.0,0.4,0.7,91.5,91.5,91.5,91.5,1.0,0.0,18.0,1.0,0.7,2.1,2.1,2.1,2.1,1.0,0.0,18.0,1.0,0.4,0.7,-1.05,-1.05,-1.05,-1.05,1.0,0.0,18.0,1.0,0.4,0.7,-1.82,-1.82,-1.82,-1.82,1.0,0.0,18.0,1.0,0.4,0.7,1012.7,1012.7,1012.7,1012.7,1.0,0.0,18.0,1.0,0.4,0.7,8.0,8.0,8.0,8.0,1.0,0.0,18.0,1.0,0.4,0.7,-2.2,-2.2,-2.2,-2.2,1.0,0.0,18.0,1.0,0.4,0.7,-3.8,-3.8,-3.8,-3.8,1.0,0.0,18.0,1.0,0.4,0.7,0.4,0.4,0.4,0.4,1.0,0.0,18.0,1.0,0.4,0.7,0.8,0.8,0.8,0.8,1.0,0.0,18.0,1.0,0.4,0.7,2.53,2.53,2.53,2.53,1.0,0.0,18.0,1.0,0.4,0.7,5.3,5.3,5.3,5.3,1.0,0.0,18.0,1.0,0.4,0.7,-29.0,-29.0,-29.0,-29.0,1.0,0.0,18.0,1.0,0.4,0.7,-50.2,-50.2,-50.2,-50.2,1.0,0.0,18.0,1.0,0.4,0.7,-22.2,-22.2,-22.2,-22.2,1.0,0.0,18.0,1.0,0.4,0.7,-38.4,-38.4,-38.4,-38.4,1.0,0.0,18.0,1.0,0.4,0.7,-2.7,-2.7,-2.7,-2.7,1.0,0.0,18.0,1.0,0.4,0.7,-4.6,-4.6,-4.6,-4.6,1.0,0.0,18.0,1.0,0.4,0.7,9.5,9.5,9.5,9.5,1.0,0.0,18.0,1.0,0.4,0.7,10.0,10.0,10.0,10.0,1.0,0.0,18.0,1.0,0.4,0.7
1974,2,181.0,-18.0,27.9,27.9,27.9,27.9,1.0,0.0,6.0,1.0,0.5,0.2,27.2,27.2,27.2,27.2,1.0,0.0,6.0,1.0,0.5,0.2,19.08,19.08,19.08,19.08,1.0,0.0,6.0,1.0,0.5,0.2,84.2,84.2,84.2,84.2,1.0,0.0,6.0,1.0,0.2,9.8,9.8,9.8,9.8,1.0,0.0,6.0,1.0,0.5,0.2,-4.9,-4.9,-4.9,-4.9,1.0,0.0,6.0,1.0,0.5,0.2,-8.49,-8.49,-8.49,-8.49,1.0,0.0,6.0,1.0,0.5,0.2,1006.3,1006.3,1006.3,1006.3,1.0,0.0,6.0,1.0,0.5,0.2,6.0,6.0,6.0,6.0,1.0,0.0,6.0,1.0,0.5,0.2,-48.0,-48.0,-48.0,-48.0,1.0,0.0,6.0,1.0,0.5,0.2,-83.2,-83.2,-83.2,-83.2,1.0,0.0,6.0,1.0,0.5,0.2,0.7,0.7,0.7,0.7,1.0,0.0,6.0,1.0,0.5,0.2,6.9,6.9,6.9,6.9,1.0,0.0,6.0,1.0,0.5,0.2,4.6,4.6,4.6,4.6,1.0,0.0,6.0,1.0,0.5,0.2,45.1,45.1,45.1,45.1,1.0,0.0,6.0,1.0,0.5,0.2,-133.3,-133.3,-133.3,-133.3,1.0,0.0,6.0,1.0,0.5,0.2,-230.8,-230.8,-230.8,-230.8,1.0,0.0,6.0,1.0,0.5,0.2,-93.5,-93.5,-93.5,-93.5,1.0,0.0,6.0,1.0,0.5,0.2,-162.0,-162.0,-162.0,-162.0,1.0,0.0,6.0,1.0,0.5,0.2,-22.5,-22.5,-22.5,-22.5,1.0,0.0,6.0,1.0,0.5,0.2,-39.0,-39.0,-39.0,-39.0,1.0,0.0,6.0,1.0,0.5,0.2,941.0,941.0,941.0,941.0,1.0,0.0,6.0,1.0,0.5,0.2,940.0,940.0,940.0,940.0,1.0,0.0,6.0,1.0,0.5,0.2
1974,2,181.0,-17.0,28.63,28.9,28.97,28.8,3.0,0.26,16.0,1.0,0.5,0.7,27.0,27.5,28.21,27.6,4.0,0.71,18.0,0.8,0.5,0.7,19.49,20.27,20.58,20.05,4.0,0.72,18.0,0.8,0.5,0.7,81.0,87.9,92.1,86.6,4.0,6.7,18.0,0.8,0.7,2.29,4.6,7.65,4.84,5.0,3.48,16.0,0.8,0.5,0.7,-5.87,-0.63,0.84,-2.02,5.0,3.7,16.0,0.8,0.5,0.7,-3.71,0.0,4.73,0.59,5.0,4.71,16.0,0.8,0.5,0.7,1006.17,1008.0,1010.44,1007.98,5.0,3.04,16.0,0.8,0.5,0.7,2.6,4.0,7.4,4.8,5.0,2.6,16.0,0.8,0.5,0.7,-45.0,-2.3,3.9,-17.2,5.0,28.4,16.0,0.8,0.5,0.7,-14.8,0.0,38.4,11.5,5.0,34.4,16.0,0.8,0.5,0.7,0.23,0.5,0.77,0.5,2.0,0.57,16.0,1.0,0.3,0.8,1.4,2.5,3.6,2.5,2.0,2.3,16.0,1.0,0.3,0.8,5.27,5.34,5.41,5.34,2.0,0.15,16.0,1.0,0.3,0.8,28.3,37.4,46.4,37.4,2.0,18.8,16.0,1.0,0.3,0.8,-97.0,-8.4,33.7,-30.6,4.0,99.2,18.0,0.8,0.5,0.7,-104.0,-47.9,106.0,-1.2,4.0,144.4,18.0,0.8,0.5,0.7,-65.8,-6.4,24.1,-20.2,4.0,67.4,18.0,0.8,0.5,0.7,-76.5,-36.5,71.1,-4.2,4.0,100.0,18.0,0.8,0.5,0.7,-25.5,-10.3,5.0,-10.3,2.0,31.5,16.0,1.0,0.3,0.8,-11.4,9.0,29.3,9.0,2.0,42.2,16.0,1.0,0.3,0.8,29.5,97.5,484.5,250.0,5.0,330.5,16.0,0.8,0.5,0.7,30.0,95.0,485.0,250.0,5.0,330.0,16.0,0.8,0.5,0.7
1974,2,181.0,-16.0,29.2,29.2,29.2,29.2,2.0,0.0,16.0,0.0,0.5,0.1,28.1,28.1,28.1,28.1,1.0,0.0,16.0,0.0,0.5,0.1,17.29,17.29,17.29,17.29,1.0,0.0,16.0,0.0,0.5,0.1,72.5,72.5,72.5,72.5,1.0,0.0,16.0,0.0,0.1,5.1,5.1,5.1,5.1,1.0,0.0,16.0,0.0,0.5,0.1,0.0,0.0,0.0,0.0,1.0,0.0,16.0,0.0,0.5,0.1,-5.1,-5.1,-5.1,-5.1,1.0,0.0,16.0,0.0,0.5,0.1,1007.3,1007.3,1007.3,1007.3,1.0,0.0,16.0,0.0,0.5,0.1,3.0,3.0,3.0,3.0,1.0,0.0,16.0,0.0,0.5,0.1,0.0,0.0,0.0,0.0,1.0,0.0,16.0,0.0,0.5,0.1,-26.0,-26.0,-26.0,-26.0,1.0,0.0,16.0,0.0,0.5,0.1,1.1,1.1,1.1,1.1,1.0,0.0,16.0,0.0,0.5,0.1,5.6,5.6,5.6,5.6,1.0,0.0,16.0,0.0,0.5,0.1,8.26,8.26,8.26,8.26,1.0,0.0,16.0,0.0,0.5,0.1,42.1,42.1,42.1,42.1,1.0,0.0,16.0,0.0,0.5,0.1,0.0,0.0,0.0,0.0,1.0,0.0,16.0,0.0,0.5,0.1,-143.3,-143.3,-143.3,-143.3,1.0,0.0,16.0,0.0,0.5,0.1,0.0,0.0,0.0,0.0,1.0,0.0,16.0,0.0,0.5,0.1,-88.2,-88.2,-88.2,-88.2,1.0,0.0,16.0,0.0,0.5,0.1,0.0,0.0,0.0,0.0,1.0,0.0,16.0,0.0,0.5,0.1,-42.1,-42.1,-42.1,-42.1,1.0,0.0,16.0,0.0,0.5,0.1,132.5,132.5,132.5,132.5,1.0,0.0,16.0,0.0,0.5,0.1,135.0,135.0,135.0,135.0,1.0,0.0,16.0,0.0,0.5,0.1
1974,2,181.0,-15.0,27.7,27.7,27.7,27.7,1.0,0.0,22.0,1.0,0.4,1.0,25.5,25.5,25.5,25.5,1.0,0.0,22.0,1.0,0.4,1.0,16.72,16.72,16.72,16.72,1.0,0.0,22.0,1.0,0.4,1.0,81.5,81.5,81.5,81.5,1.0,0.0,22.0,1.0,1.0,9.3,9.3,9.3,9.3,1.0,0.0,22.0,1.0,0.4,1.0,5.98,5.98,5.98,5.98,1.0,0.0,22.0,1.0,0.4,1.0,-7.12,-7.12,-7.12,-7.12,1.0,0.0,22.0,1.0,0.4,1.0,1003.9,1003.9,1003.9,1003.9,1.0,0.0,22.0,1.0,0.4,1.0,8.0,8.0,8.0,8.0,1.0,0.0,22.0,1.0,0.4,1.0,55.6,55.6,55.6,55.6,1.0,0.0,22.0,1.0,0.4,1.0,-66.3,-66.3,-66.3,-66.3,1.0,0.0,22.0,1.0,0.4,1.0,2.2,2.2,2.2,2.2,1.0,0.0,22.0,1.0,0.4,1.0,20.5,20.5,20.5,20.5,1.0,0.0,22.0,1.0,0.4,1.0,6.74,6.74,6.74,6.74,1.0,0.0,22.0,1.0,0.4,1.0,62.7,62.7,62.7,62.7,1.0,0.0,22.0,1.0,0.4,1.0,152.4,152.4,152.4,152.4,1.0,0.0,22.0,1.0,0.4,1.0,-181.7,-181.7,-181.7,-181.7,1.0,0.0,22.0,1.0,0.4,1.0,99.9,99.9,99.9,99.9,1.0,0.0,22.0,1.0,0.4,1.0,-119.1,-119.1,-119.1,-119.1,1.0,0.0,22.0,1.0,0.4,1.0,40.3,40.3,40.3,40.3,1.0,0.0,22.0,1.0,0.4,1.0,-48.0,-48.0,-48.0,-48.0,1.0,0.0,22.0,1.0,0.4,1.0,804.5,804.5,804.5,804.5,1.0,0.0,22.0,1.0,0.4,1.0,805.0,805.0,805.0,805.0,1.0,0.0,22.0,1.0,0.4,1.0
1974,2,181.0,-13.0,29.4,29.4,29.4,29.4,1.0,0.0,16.0,1.0,0.8,1.0,28.3,28.3,28.3,28.3,1.0,0.0,16.0,1.0,0.8,1.0,19.35,19.35,19.35,19.35,1.0,0.0,16.0,1.0,0.8,1.0,80.4,80.4,80.4,80.4,1.0,0.0,16.0,1.0,1.0,7.7,7.7,7.7,7.7,1.0,0.0,16.0,1.0,0.8,1.0,0.0,0.0,0.0,0.0,1.0,0.0,16.0,1.0,0.8,1.0,-7.7,-7.7,-7.7,-7.7,1.0,0.0,16.0,1.0,0.8,1.0,1010.5,1010.5,1010.5,1010.5,1.0,0.0,16.0,1.0,0.8,1.0,7.0,7.0,7.0,7.0,2.0,0.0,14.0,1.0,0.5,0.6,0.0,0.0,0.0,0.0,1.0,0.0,16.0,1.0,0.8,1.0,-59.3,-59.3,-59.3,-59.3,1.0,0.0,16.0,1.0,0.8,1.0,1.1,1.1,1.1,1.1,1.0,0.0,16.0,1.0,0.8,1.0,8.5,8.5,8.5,8.5,1.0,0.0,16.0,1.0,0.8,1.0,6.41,6.41,6.41,6.41,1.0,0.0,16.0,1.0,0.8,1.0,49.4,49.4,49.4,49.4,1.0,0.0,16.0,1.0,0.8,1.0,0.0,0.0,0.0,0.0,1.0,0.0,16.0,1.0,0.8,1.0,-217.9,-217.9,-217.9,-217.9,1.0,0.0,16.0,1.0,0.8,1.0,0.0,0.0,0.0,0.0,1.0,0.0,16.0,1.0,0.8,1.0,-149.0,-149.0,-149.0,-149.0,1.0,0.0,16.0,1.0,0.8,1.0,0.0,0.0,0.0,0.0,1.0,0.0,16.0,1.0,0.8,1.0,-49.4,-49.4,-49.4,-49.4,1.0,0.0,16.0,1.0,0.8,1.0,456.5,456.5,456.5,456.5,1.0,0.0,16.0,1.0,0.8,1.0,455.0,455.0,455.0,455.0,1.0,0.0,16.0,1.0,0.8,1.0
1974,2,181.0,-1.0,,,,,,,,,,,,,,,,,,,,,,,,,,,,,,,,,,,,,,,,8.67,9.0,9.05,8.96,7.0,0.59,26.0,1.0,0.4,0.9,-8.91,-8.86,-8.53,-8.82,7.0,0.58,26.0,1.0,0.4,0.9,1.25,1.56,1.57,1.11,7.0,1.18,26.0,1.0,0.4,0.9,1005.5,1007.0,1008.3,1006.99,7.0,1.19,26.0,1.0,0.4,0.9,2.0,2.0,4.8,3.1,8.0,1.9,26.0,1.0,0.3,0.9,-80.7,-79.8,-74.0,-79.3,7.0,10.5,26.0,1.0,0.4,0.9,9.9,14.1,14.2,10.0,7.0,10.8,26.0,1.0,0.4,0.9,,,,,,,,,,,,,,,,,,,,,,,,,,,,,,,,,,,,,,,,,-235.0,-231.3,-218.5,-228.5,7.0,16.8,26.0,1.0,0.4,0.9,31.8,39.5,41.4,28.5,7.0,30.9,26.0,1.0,0.4,0.9,-151.4,-147.0,-145.9,-147.4,7.0,9.5,26.0,1.0,0.4,0.9,20.7,25.9,26.7,18.6,7.0,19.7,26.0,1.0,0.4,0.9,,,,,,,,,,,,,,,,,,,,,,,,,,,,,,,,,,,,,,,,
1974,2,181.0,0.0,,,,,,,,,,,,,,,,,,,,,,,,,,,,,,,,,,,,,,,,6.58,7.0,7.52,7.05,4.0,0.74,28.0,0.3,0.9,0.0,-7.41,-6.89,-6.33,-6.87,4.0,0.84,28.0,0.3,0.9,0.0,-1.77,-1.3,-1.22,-1.49,4.0,0.43,28.0,0.3,0.9,0.0,1005.99,1006.65,1007.21,1006.6,4.0,0.75,28.0,0.3,0.9,0.0,3.0,4.0,5.7,4.1,9.0,1.6,26.0,0.6,0.7,0.0,-56.0,-48.3,-41.9,-48.9,4.0,11.0,28.0,0.3,0.9,0.0,-12.2,-9.8,-8.5,-10.3,4.0,2.2,28.0,0.3,0.9,0.0,,,,,,,,,,,,,,,,,,,,,,,,,,,,,,,,,,,,,,,,,-190.8,-174.1,-160.2,-175.4,4.0,23.6,28.0,0.3,0.9,0.0,-45.5,-33.5,-30.7,-37.9,4.0,11.0,28.0,0.3,0.9,0.0,-122.8,-114.2,-108.2,-115.4,4.0,11.5,28.0,0.3,0.9,0.0,-30.6,-21.6,-20.1,-25.2,4.0,8.3,28.0,0.3,0.9,0.0,,,,,,,,,,,,,,,,,,,,,,,,,,,,,,,,,,,,,,,,
1974,2,181.0,7.0,27.16,27.5,28.46,27.8,3.0,0.98,16.0,0.0,0.4,0.5,25.98,26.8,27.07,26.53,3.0,0.83,16.0,0.0,0.4,0.5,17.06,17.56,19.71,18.37,3.0,2.06,16.0,0.0,0.4,0.5,80.4,82.0,88.5,84.4,3.0,6.3,16.0,0.0,0.5,7.18,8.2,8.54,7.87,3.0,1.04,16.0,0.0,0.4,0.5,-7.58,-6.3,-5.6,-6.58,3.0,1.47,16.0,0.0,0.4,0.5,-5.23,-2.98,-2.51,-3.85,3.0,2.13,16.0,0.0,0.4,0.5,1009.35,1009.9,1009.97,1009.67,3.0,0.49,16.0,0.0,0.4,0.5,2.0,2.0,6.1,4.0,3.0,3.5,16.0,0.0,0.4,0.5,-62.3,-43.2,-42.5,-52.2,3.0,16.4,16.0,0.0,0.4,0.5,-43.4,-25.9,-18.7,-30.9,3.0,18.6,16.0,0.0,0.4,0.5,0.92,1.4,1.6,1.27,3.0,0.51,16.0,0.0,0.4,0.5,6.8,11.5,13.7,10.3,3.0,5.1,16.0,0.0,0.4,0.5,4.7,5.48,5.52,5.12,3.0,0.67,16.0,0.0,0.4,0.5,37.0,37.8,43.0,40.0,3.0,4.8,16.0,0.0,0.4,0.5,-205.3,-168.7,-145.7,-175.3,3.0,44.1,16.0,0.0,0.4,0.5,-135.5,-80.9,-67.6,-101.1,3.0,52.7,16.0,0.0,0.4,0.5,-150.7,-110.6,-95.6,-122.9,3.0,41.7,16.0,0.0,0.4,0.5,-91.7,-61.6,-47.0,-69.2,3.0,33.4,16.0,0.0,0.4,0.5,-35.2,-34.5,-30.9,-33.1,3.0,3.4,16.0,0.0,0.4,0.5,-27.9,-12.9,-12.7,-20.1,3.0,12.7,16.0,0.0,0.4,0.5,380.5,551.5,624.5,503.5,3.0,183.5,16.0,0.0,0.4,0.5,380.0,550.0,625.0,505.0,3.0,185.0,16.0,0.0,0.4,0.5
1974,2,181.0,8.0,27.06,27.2,28.43,27.73,3.0,1.1,16.0,0.0,0.7,0.3,26.0,26.0,26.27,26.13,3.0,0.23,16.0,0.0,0.7,0.3,17.03,17.04,17.05,17.04,2.0,0.01,12.0,0.0,0.7,0.3,81.1,81.1,81.1,81.1,2.0,0.0,12.0,0.0,0.3,6.09,9.3,12.44,9.27,3.0,4.65,16.0,0.0,0.7,0.3,-10.11,-5.98,-3.92,-6.99,3.0,4.62,16.0,0.0,0.7,0.3,-7.07,-6.95,-4.61,-5.87,3.0,2.03,16.0,0.0,0.7,0.3,1009.19,1009.6,1010.01,1009.6,2.0,0.85,12.0,0.0,0.7,0.3,2.3,3.0,5.0,3.7,3.0,2.1,16.0,0.0,0.7,0.3,-131.9,-55.6,-26.9,-78.8,3.0,79.5,16.0,0.0,0.7,0.3,-87.0,-66.3,-32.1,-59.7,3.0,40.6,16.0,0.0,0.7,0.3,1.06,1.2,2.16,1.6,3.0,0.87,16.0,0.0,0.7,0.3,6.7,9.3,27.6,17.0,3.0,16.7,16.0,0.0,0.7,0.3,5.38,5.47,5.56,5.47,2.0,0.18,12.0,0.0,0.7,0.3,29.5,37.7,45.9,37.7,2.0,16.9,12.0,0.0,0.7,0.3,-266.3,-155.4,-101.8,-183.4,3.0,122.9,16.0,0.0,0.7,0.3,-184.7,-183.5,-120.8,-153.4,3.0,53.5,16.0,0.0,0.7,0.3,-93.7,-76.1,-58.5,-76.1,2.0,36.5,12.0,0.0,0.7,0.3,-111.7,-90.7,-69.8,-90.7,2.0,43.5,12.0,0.0,0.7,0.3,-29.5,-24.2,-19.0,-24.2,2.0,10.9,12.0,0.0,0.7,0.3,-35.1,-28.9,-22.6,-28.9,2.0,12.9,12.0,0.0,0.7,0.3,321.5,804.5,2088.5,1196.0,3.0,1338.0,16.0,0.0,0.7,0.3,320.0,805.0,2090.0,1195.0,3.0,1340.0,16.0,0.0,0.7,0.3
1974,2,181.0,14.0,25.0,25.0,25.0,25.0,1.0,0.0,2.0,0.0,0.6,0.6,25.0,25.0,25.0,25.0,1.0,0.0,2.0,0.0,0.6,0.6,16.37,16.37,16.37,16.37,1.0,0.0,2.0,0.0,0.6,0.6,82.9,82.9,82.9,82.9,1.0,0.0,2.0,0.0,0.6,3.6,3.6,3.6,3.6,1.0,0.0,2.0,0.0,0.6,0.6,0.0,0.0,0.0,0.0,1.0,0.0,2.0,0.0,0.6,0.6,-3.6,-3.6,-3.6,-3.6,1.0,0.0,2.0,0.0,0.6,0.6,1013.0,1013.0,1013.0,1013.0,1.0,0.0,2.0,0.0,0.6,0.6,3.0,3.0,3.0,3.0,1.0,0.0,2.0,0.0,0.6,0.6,0.0,0.0,0.0,0.0,1.0,0.0,2.0,0.0,0.6,0.6,-13.0,-13.0,-13.0,-13.0,1.0,0.0,2.0,0.0,0.6,0.6,0.0,0.0,0.0,0.0,1.0,0.0,2.0,0.0,0.6,0.6,0.0,0.0,0.0,0.0,1.0,0.0,2.0,0.0,0.6,0.6,3.41,3.41,3.41,3.41,1.0,0.0,2.0,0.0,0.6,0.6,12.3,12.3,12.3,12.3,1.0,0.0,2.0,0.0,0.6,0.6,0.0,0.0,0.0,0.0,1.0,0.0,2.0,0.0,0.6,0.6,-90.0,-90.0,-90.0,-90.0,1.0,0.0,2.0,0.0,0.6,0.6,0.0,0.0,0.0,0.0,1.0,0.0,2.0,0.0,0.6,0.6,-58.9,-58.9,-58.9,-58.9,1.0,0.0,2.0,0.0,0.6,0.6,0.0,0.0,0.0,0.0,1.0,0.0,2.0,0.0,0.6,0.6,-12.3,-12.3,-12.3,-12.3,1.0,0.0,2.0,0.0,0.6,0.6,46.5,46.5,46.5,46.5,1.0,0.0,2.0,0.0,0.6,0.6,45.0,45.0,45.0,45.0,1.0,0.0,2.0,0.0,0.6,0.6
1974,2,181.0,15.0,24.5,24.5,24.5,24.5,1.0,0.0,10.0,0.0,0.3,0.9,26.2,26.2,26.2,26.2,1.0,0.0,10.0,0.0,0.3,0.9,15.98,15.98,15.98,15.98,1.0,0.0,10.0,0.0,0.3,0.9,75.4,75.4,75.4,75.4,1.0,0.0,10.0,0.0,0.9,8.7,8.7,8.7,8.7,1.0,0.0,10.0,0.0,0.3,0.9,-8.18,-8.18,-8.18,-8.18,1.0,0.0,10.0,0.0,0.3,0.9,-2.98,-2.98,-2.98,-2.98,1.0,0.0,10.0,0.0,0.3,0.9,1012.2,1012.2,1012.2,1012.2,1.0,0.0,10.0,0.0,0.3,0.9,4.0,4.0,4.0,4.0,1.0,0.0,10.0,0.0,0.3,0.9,-71.1,-71.1,-71.1,-71.1,1.0,0.0,10.0,0.0,0.3,0.9,-25.9,-25.9,-25.9,-25.9,1.0,0.0,10.0,0.0,0.3,0.9,-1.7,-1.7,-1.7,-1.7,1.0,0.0,10.0,0.0,0.3,0.9,-14.8,-14.8,-14.8,-14.8,1.0,0.0,10.0,0.0,0.3,0.9,3.22,3.22,3.22,3.22,1.0,0.0,10.0,0.0,0.3,0.9,28.0,28.0,28.0,28.0,1.0,0.0,10.0,0.0,0.3,0.9,-214.2,-214.2,-214.2,-214.2,1.0,0.0,10.0,0.0,0.3,0.9,-78.0,-78.0,-78.0,-78.0,1.0,0.0,10.0,0.0,0.3,0.9,-130.6,-130.6,-130.6,-130.6,1.0,0.0,10.0,0.0,0.3,0.9,-47.5,-47.5,-47.5,-47.5,1.0,0.0,10.0,0.0,0.3,0.9,-26.3,-26.3,-26.3,-26.3,1.0,0.0,10.0,0.0,0.3,0.9,-9.6,-9.6,-9.6,-9.6,1.0,0.0,10.0,0.0,0.3,0.9,658.5,658.5,658.5,658.5,1.0,0.0,10.0,0.0,0.3,0.9,660.0,660.0,660.0,660.0,1.0,0.0,10.0,0.0,0.3,0.9
1974,2,181.0,17.0,28.9,28.9,28.9,28.9,1.0,0.0,24.0,1.0,0.5,0.4,25.6,25.6,25.6,25.6,1.0,0.0,24.0,1.0,0.5,0.4,12.38,12.38,12.38,12.38,1.0,0.0,24.0,1.0,0.5,0.4,60.5,60.5,60.5,60.5,1.0,0.0,24.0,1.0,0.4,1.5,1.5,1.5,1.5,1.0,0.0,24.0,1.0,0.5,0.4,-1.5,-1.5,-1.5,-1.5,1.0,0.0,24.0,1.0,0.5,0.4,0.0,0.0,0.0,0.0,1.0,0.0,24.0,1.0,0.5,0.4,1010.2,1010.2,1010.2,1010.2,1.0,0.0,24.0,1.0,0.5,0.4,1.0,1.0,1.0,1.0,1.0,0.0,24.0,1.0,0.5,0.4,-2.2,-2.2,-2.2,-2.2,1.0,0.0,24.0,1.0,0.5,0.4,0.0,0.0,0.0,0.0,1.0,0.0,24.0,1.0,0.5,0.4,3.3,3.3,3.3,3.3,1.0,0.0,24.0,1.0,0.5,0.4,5.0,5.0,5.0,5.0,1.0,0.0,24.0,1.0,0.5,0.4,12.65,12.65,12.65,12.65,1.0,0.0,24.0,1.0,0.5,0.4,19.0,19.0,19.0,19.0,1.0,0.0,24.0,1.0,0.5,0.4,-38.4,-38.4,-38.4,-38.4,1.0,0.0,24.0,1.0,0.5,0.4,0.0,0.0,0.0,0.0,1.0,0.0,24.0,1.0,0.5,0.4,-18.6,-18.6,-18.6,-18.6,1.0,0.0,24.0,1.0,0.5,0.4,0.0,0.0,0.0,0.0,1.0,0.0,24.0,1.0,0.5,0.4,-19.0,-19.0,-19.0,-19.0,1.0,0.0,24.0,1.0,0.5,0.4,0.0,0.0,0.0,0.0,1.0,0.0,24.0,1.0,0.5,0.4,3.5,3.5,3.5,3.5,1.0,0.0,24.0,1.0,0.5,0.4,5.0,5.0,5.0,5.0,1.0,0.0,24.0,1.0,0.5,0.4
1974,2,181.0,18.0,25.89,26.5,26.64,26.27,3.0,0.59,14.0,0.0,0.4,0.4,24.33,25.15,26.33,25.33,4.0,1.29,12.0,0.3,0.5,0.4,15.68,15.74,16.43,16.05,3.0,0.61,14.0,0.0,0.4,0.4,81.6,82.0,83.6,82.6,3.0,1.6,14.0,0.0,0.4,5.62,6.95,8.22,6.93,4.0,1.59,12.0,0.3,0.5,0.4,-7.11,-5.16,-4.4,-5.73,4.0,2.07,12.0,0.3,0.5,0.4,-3.19,-1.55,3.09,-0.12,4.0,4.29,12.0,0.3,0.5,0.4,1013.93,1014.0,1014.75,1014.33,3.0,0.67,14.0,0.0,0.4,0.4,3.0,3.0,4.4,3.7,3.0,1.2,6.0,0.3,0.6,0.5,-57.8,-35.7,-26.3,-41.8,4.0,23.9,12.0,0.3,0.5,0.4,-18.0,-8.4,23.8,2.4,4.0,29.9,12.0,0.3,0.5,0.4,0.96,1.1,2.06,1.5,3.0,0.87,14.0,0.0,0.4,0.4,8.0,8.5,13.3,10.6,3.0,4.3,14.0,0.0,0.4,0.4,4.85,5.12,5.7,5.27,3.0,0.63,14.0,0.0,0.4,0.4,37.8,39.5,40.6,39.2,3.0,2.1,14.0,0.0,0.4,0.4,-173.9,-127.8,-115.6,-144.0,4.0,48.4,12.0,0.3,0.5,0.4,-81.8,-37.2,79.1,-3.0,4.0,109.8,12.0,0.3,0.5,0.4,-120.1,-84.1,-83.3,-101.3,3.0,30.8,14.0,0.0,0.4,0.4,-33.1,0.0,67.5,16.8,3.0,75.1,14.0,0.0,0.4,0.4,-38.2,-32.0,-27.5,-32.8,3.0,7.9,14.0,0.0,0.4,0.4,-12.6,0.0,20.6,3.9,3.0,24.6,14.0,0.0,0.4,0.4,183.0,347.5,562.5,371.5,4.0,234.0,12.0,0.3,0.5,0.4,185.0,345.0,560.0,370.0,4.0,235.0,12.0,0.3,0.5,0.4
1974,2,181.0,19.0,24.8,24.8,24.8,24.8,1.0,0.0,14.0,0.0,0.5,0.2,24.73,25.0,25.0,24.87,3.0,0.23,20.0,0.7,0.5,0.4,14.85,15.48,16.12,15.48,2.0,1.32,20.0,0.5,0.3,0.1,76.8,79.5,82.2,79.5,2.0,5.6,20.0,0.5,0.1,4.19,4.6,4.94,4.57,3.0,0.55,20.0,0.7,0.5,0.4,-4.94,-4.6,-4.15,-4.55,3.0,0.58,20.0,0.7,0.5,0.4,-0.47,0.0,0.0,-0.23,3.0,0.4,20.0,0.7,0.5,0.4,1013.09,1014.35,1015.61,1014.35,2.0,2.62,20.0,0.5,0.3,0.1,2.0,4.0,4.7,3.3,3.0,2.1,20.0,0.7,0.5,0.4,-24.5,-21.2,-17.5,-21.0,3.0,5.1,20.0,0.7,0.5,0.4,-1.9,0.0,0.0,-0.9,3.0,1.6,20.0,0.7,0.5,0.4,0.2,0.2,0.2,0.2,1.0,0.0,14.0,0.0,0.5,0.2,0.9,0.9,0.9,0.9,1.0,0.0,14.0,0.0,0.5,0.2,5.0,5.0,5.0,5.0,1.0,0.0,14.0,0.0,0.5,0.2,23.0,23.0,23.0,23.0,1.0,0.0,14.0,0.0,0.5,0.2,-122.9,-113.2,-103.1,-113.0,3.0,14.5,20.0,0.7,0.5,0.4,-11.9,0.0,0.0,-5.8,3.0,10.0,20.0,0.7,0.5,0.4,-66.6,-65.8,-65.0,-65.8,2.0,1.6,20.0,0.5,0.3,0.1,-9.6,-5.7,-1.8,-5.7,2.0,8.1,20.0,0.5,0.3,0.1,-23.0,-23.0,-23.0,-23.0,1.0,0.0,14.0,0.0,0.5,0.2,0.0,0.0,0.0,0.0,1.0,0.0,14.0,0.0,0.5,0.2,74.5,97.5,121.5,98.0,3.0,34.5,20.0,0.7,0.5,0.4,75.0,95.0,120.0,100.0,3.0,35.0,20.0,0.7,0.5,0.4
1974,2,181.0,20.0,26.53,27.45,28.37,27.45,2.0,1.91,8.0,0.5,0.9,0.2,26.27,26.65,27.03,26.65,2.0,0.78,8.0,0.5,0.9,0.2,15.43,15.61,15.79,15.61,2.0,0.37,8.0,0.5,0.9,0.2,69.6,71.9,74.3,71.9,2.0,4.9,8.0,0.5,0.2,2.06,4.35,6.64,4.35,2.0,4.74,8.0,0.5,0.9,0.2,-6.41,-3.88,-1.35,-3.88,2.0,5.24,8.0,0.5,0.9,0.2,-0.97,-0.18,0.62,-0.18,2.0,1.64,8.0,0.5,0.9,0.2,1012.93,1013.85,1014.77,1013.85,2.0,1.91,8.0,0.5,0.9,0.2,1.2,1.5,1.8,1.5,2.0,0.7,8.0,0.5,0.9,0.2,-49.2,-29.3,-9.4,-29.3,2.0,41.2,8.0,0.5,0.9,0.2,-8.5,-4.7,-0.8,-4.7,2.0,8.0,8.0,0.5,0.9,0.2,-0.5,0.8,2.1,0.8,2.0,2.69,8.0,0.5,0.9,0.2,-6.7,-2.9,0.9,-2.9,2.0,7.9,8.0,0.5,0.9,0.2,6.24,7.34,8.44,7.34,2.0,2.27,8.0,0.5,0.9,0.2,14.5,26.6,38.6,26.6,2.0,24.9,8.0,0.5,0.9,0.2,-174.2,-105.4,-36.5,-105.4,2.0,142.6,8.0,0.5,0.9,0.2,-26.5,-5.3,15.9,-5.3,2.0,43.9,8.0,0.5,0.9,0.2,-98.4,-59.6,-20.8,-59.6,2.0,80.4,8.0,0.5,0.9,0.2,-14.8,-2.4,9.9,-2.4,2.0,25.6,8.0,0.5,0.9,0.2,-36.8,-22.5,-8.2,-22.5,2.0,29.6,8.0,0.5,0.9,0.2,-5.1,0.6,6.2,0.6,2.0,11.7,8.0,0.5,0.9,0.2,73.5,229.0,384.0,229.0,2.0,322.0,8.0,0.5,0.9,0.2,75.0,230.0,385.0,230.0,2.0,320.0,8.0,0.5,0.9,0.2
1974,2,181.0,21.0,26.4,27.05,27.7,27.05,2.0,1.34,22.0,0.0,0.3,0.5,23.55,23.65,23.75,23.65,2.0,0.21,22.0,0.0,0.3,0.5,14.5,14.5,14.5,14.5,2.0,0.0,22.0,0.0,0.3,0.5,79.4,79.8,80.1,79.8,2.0,0.7,22.0,0.0,0.5,7.36,7.7,8.04,7.7,2.0,0.71,22.0,0.0,0.3,0.5,-4.89,-1.91,1.07,-1.91,2.0,6.18,22.0,0.0,0.3,0.5,-3.36,0.75,4.86,0.75,2.0,8.51,22.0,0.0,0.3,0.5,1010.94,1012.95,1014.96,1012.95,2.0,4.17,22.0,0.0,0.3,0.5,2.6,4.0,5.4,4.0,2.0,2.8,22.0,0.0,0.3,0.5,-40.5,-16.9,6.7,-16.9,2.0,49.0,22.0,0.0,0.3,0.5,-28.6,2.7,34.1,2.7,2.0,65.0,22.0,0.0,0.3,0.5,2.65,3.4,4.15,3.4,2.0,1.56,22.0,0.0,0.3,0.5,21.0,25.6,30.3,25.6,2.0,9.6,22.0,0.0,0.3,0.5,6.99,7.9,8.81,7.9,2.0,1.89,22.0,0.0,0.3,0.5,55.9,60.2,64.5,60.2,2.0,9.0,22.0,0.0,0.3,0.5,-116.6,-45.8,25.0,-45.8,2.0,146.6,22.0,0.0,0.3,0.5,-80.3,16.8,113.9,16.8,2.0,201.1,22.0,0.0,0.3,0.5,-71.0,-27.7,15.6,-27.7,2.0,89.7,22.0,0.0,0.3,0.5,-48.7,10.8,70.4,10.8,2.0,123.4,22.0,0.0,0.3,0.5,-31.1,-9.3,12.6,-9.3,2.0,45.3,22.0,0.0,0.3,0.5,-19.2,13.9,47.1,13.9,2.0,68.7,22.0,0.0,0.3,0.5,401.5,462.5,523.0,462.5,2.0,126.0,22.0,0.0,0.3,0.5,400.0,460.0,525.0,460.0,2.0,125.0,22.0,0.0,0.3,0.5
1974,2,181.0,22.0,23.88,24.2,25.41,24.47,11.0,0.85,20.0,0.4,0.6,0.6,21.79,22.8,23.58,22.97,11.0,1.91,22.0,0.5,0.6,0.6,13.59,15.46,15.7,14.72,9.0,1.34,22.0,0.4,0.6,0.6,79.3,88.0,93.5,87.0,9.0,7.8,22.0,0.4,0.6,6.2,7.7,10.06,8.19,12.0,2.57,20.0,0.4,0.6,0.6,-9.23,-6.0,-3.29,-5.97,12.0,3.63,20.0,0.4,0.6,0.6,-5.17,2.91,5.5,1.27,12.0,5.09,20.0,0.4,0.6,0.6,1012.68,1013.5,1015.98,1014.31,11.0,2.29,20.0,0.4,0.6,0.6,1.7,3.5,8.0,4.7,12.0,3.1,20.0,0.4,0.6,0.6,-93.9,-45.4,-21.6,-56.0,12.0,46.0,20.0,0.4,0.6,0.6,-38.3,21.4,40.0,6.6,12.0,52.7,20.0,0.4,0.6,0.6,0.94,1.75,2.67,1.85,10.0,1.09,22.0,0.4,0.5,0.7,6.5,16.6,26.1,16.5,10.0,10.6,22.0,0.4,0.5,0.7,2.64,3.97,5.57,4.27,9.0,1.72,22.0,0.4,0.6,0.6,21.0,30.6,42.9,36.2,9.0,23.5,22.0,0.4,0.6,0.6,-210.5,-142.3,-94.6,-139.2,11.0,86.4,22.0,0.5,0.6,0.6,-117.4,60.6,128.1,23.0,11.0,116.3,22.0,0.5,0.6,0.6,-124.7,-94.4,-71.3,-98.2,9.0,28.9,22.0,0.4,0.6,0.6,-52.6,42.3,73.2,21.3,9.0,61.9,22.0,0.4,0.6,0.6,-29.7,-22.5,-19.0,-29.1,9.0,20.4,22.0,0.4,0.6,0.6,-17.5,6.7,30.1,7.9,9.0,24.2,22.0,0.4,0.6,0.6,238.5,456.5,1073.0,717.0,12.0,782.5,20.0,0.4,0.6,0.6,240.0,455.0,1075.0,715.0,12.0,785.0,20.0,0.4,0.6,0.6
1974,2,181.0,23.0,23.3,23.5,24.33,23.79,15.0,0.73,18.0,0.3,0.5,0.5,21.77,23.0,23.76,22.99,15.0,1.3,18.0,0.3,0.5,0.5,13.64,14.61,15.92,14.81,14.0,1.14,18.0,0.3,0.6,0.5,78.8,84.0,89.9,84.7,14.0,4.9,18.0,0.3,0.5,4.63,7.7,7.7,6.94,14.0,2.39,18.0,0.3,0.6,0.5,-7.7,-3.72,-2.29,-4.22,14.0,4.55,18.0,0.3,0.6,0.5,-4.39,0.0,4.74,-0.51,14.0,4.17,18.0,0.3,0.6,0.5,1013.42,1015.0,1016.0,1015.47,15.0,2.59,18.0,0.3,0.5,0.5,2.2,6.0,7.0,4.8,15.0,2.3,18.0,0.3,0.5,0.5,-59.3,-20.1,-10.9,-35.5,14.0,46.2,18.0,0.3,0.6,0.5,-36.9,0.0,31.8,-5.1,14.0,31.3,18.0,0.3,0.6,0.5,-0.48,1.2,2.39,0.8,15.0,1.63,18.0,0.3,0.5,0.5,-3.9,6.7,19.3,5.1,14.0,12.3,18.0,0.3,0.6,0.5,2.08,3.49,5.28,3.51,14.0,1.61,18.0,0.3,0.6,0.5,11.2,19.6,40.2,24.4,14.0,14.7,18.0,0.3,0.6,0.5,-181.5,-82.0,-53.1,-94.9,14.0,107.3,18.0,0.3,0.6,0.5,-96.7,0.0,109.1,-8.7,14.0,95.8,18.0,0.3,0.6,0.5,-126.3,-55.3,-31.5,-61.9,14.0,69.2,18.0,0.3,0.6,0.5,-59.8,0.0,72.4,-5.1,14.0,60.3,18.0,0.3,0.6,0.5,-22.5,-14.0,-7.3,-16.2,14.0,15.9,18.0,0.3,0.6,0.5,-19.3,0.0,5.1,-4.4,14.0,17.3,18.0,0.3,0.6,0.5,99.5,456.5,456.5,451.5,14.0,518.5,18.0,0.3,0.6,0.5,100.0,455.0,455.0,450.0,14.0,520.0,18.0,0.3,0.6,0.5
1974,2,181.0,24.0,22.0,22.6,24.0,22.76,20.0,1.15,14.0,0.6,0.6,0.5,20.94,22.5,23.57,22.47,19.0,1.6,14.0,0.5,0.6,0.5,10.76,14.51,15.38,13.65,19.0,2.16,14.0,0.5,0.6,0.5,68.9,83.4,88.1,80.6,19.0,10.2,14.0,0.5,0.5,6.2,6.85,10.29,7.33,20.0,2.45,14.0,0.6,0.6,0.5,-7.57,-4.24,1.1,-3.46,20.0,5.57,14.0,0.6,0.6,0.5,-3.34,0.0,5.37,0.63,20.0,4.29,14.0,0.6,0.6,0.5,1015.0,1017.0,1019.5,1016.71,20.0,3.06,14.0,0.6,0.6,0.5,2.0,3.0,8.0,4.2,20.0,2.6,14.0,0.6,0.6,0.5,-58.3,-32.4,7.5,-28.5,20.0,54.6,14.0,0.6,0.6,0.5,-29.3,0.0,37.5,4.5,20.0,36.1,14.0,0.6,0.6,0.5,-1.5,0.9,1.66,0.31,19.0,1.68,14.0,0.5,0.6,0.5,-9.5,5.6,16.1,3.9,19.0,12.0,14.0,0.5,0.6,0.5,0.94,3.37,6.65,3.6,19.0,2.63,14.0,0.5,0.6,0.5,7.1,24.5,58.8,30.5,19.0,28.8,14.0,0.5,0.6,0.5,-166.4,-105.7,42.2,-78.0,19.0,126.9,14.0,0.5,0.6,0.5,-75.4,0.0,126.5,9.4,19.0,94.8,14.0,0.5,0.6,0.5,-96.9,-65.3,26.8,-45.6,19.0,71.8,14.0,0.5,0.6,0.5,-40.5,0.0,78.1,7.6,19.0,57.4,14.0,0.5,0.6,0.5,-35.4,-8.9,4.0,-15.1,19.0,35.6,14.0,0.5,0.6,0.5,-27.7,0.0,11.3,-1.4,19.0,17.4,14.0,0.5,0.6,0.5,238.5,322.0,1090.5,522.0,20.0,491.0,14.0,0.6,0.6,0.5,240.0,320.0,1090.0,520.0,20.0,490.0,14.0,0.6,0.6,0.5
1974,2,181.0,25.0,22.97,23.7,24.02,23.54,7.0,0.71,14.0,0.0,0.3,0.4,19.97,21.7,23.05,21.63,7.0,1.62,14.0,0.0,0.3,0.4,11.09,13.21,14.77,13.32,7.0,2.46,14.0,0.0,0.3,0.4,72.9,86.2,87.2,82.4,7.0,8.8,14.0,0.0,0.4,2.48,4.6,7.3,4.71,7.0,3.22,14.0,0.0,0.3,0.4,-2.76,0.0,4.67,0.2,7.0,4.45,14.0,0.0,0.3,0.4,-4.49,-2.46,0.45,-2.41,7.0,3.11,14.0,0.0,0.3,0.4,1012.45,1017.2,1021.01,1015.51,7.0,6.95,14.0,0.0,0.3,0.4,3.0,5.0,8.0,5.4,7.0,2.6,14.0,0.0,0.3,0.4,-8.7,0.0,34.8,4.5,7.0,30.6,14.0,0.0,0.3,0.4,-31.1,-13.6,1.2,-19.0,7.0,27.2,14.0,0.0,0.3,0.4,0.52,2.2,3.46,1.91,7.0,1.87,14.0,0.0,0.3,0.4,-0.2,7.2,24.5,9.7,7.0,13.1,14.0,0.0,0.3,0.4,2.68,5.25,7.02,4.75,7.0,2.72,14.0,0.0,0.3,0.4,-0.1,19.1,44.4,24.5,7.0,25.1,14.0,0.0,0.3,0.4,-60.3,0.0,98.2,2.8,7.0,97.1,14.0,0.0,0.3,0.4,-87.7,-56.6,9.1,-51.8,7.0,65.2,14.0,0.0,0.3,0.4,-38.0,0.0,61.9,3.5,7.0,58.2,14.0,0.0,0.3,0.4,-54.5,-32.5,4.8,-30.8,7.0,36.4,14.0,0.0,0.3,0.4,-19.6,-1.1,32.6,0.4,7.0,25.3,14.0,0.0,0.3,0.4,-29.3,0.0,1.4,-13.1,7.0,22.1,14.0,0.0,0.3,0.4,16.5,97.5,394.0,230.0,7.0,293.5,14.0,0.0,0.3,0.4,15.0,95.0,395.0,230.0,7.0,295.0,14.0,0.0,0.3,0.4
1974,2,181.0,26.0,21.9,22.5,23.21,22.58,6.0,0.92,10.0,0.3,0.5,0.6,19.92,21.9,23.62,21.9,7.0,2.47,10.0,0.3,0.6,0.5,11.54,13.52,14.2,12.67,6.0,2.83,10.0,0.3,0.5,0.6,64.2,79.8,84.8,75.4,6.0,12.3,10.0,0.3,0.6,2.58,5.7,7.7,5.3,7.0,2.24,10.0,0.3,0.6,0.5,-2.79,0.0,2.71,-0.23,7.0,3.86,10.0,0.3,0.6,0.5,-5.69,0.0,4.44,-0.5,7.0,4.74,10.0,0.3,0.6,0.5,1012.43,1018.0,1020.74,1017.27,7.0,4.03,10.0,0.3,0.6,0.5,2.0,6.0,8.0,5.4,7.0,2.8,10.0,0.3,0.6,0.5,-21.0,0.0,14.6,0.1,7.0,25.9,10.0,0.3,0.6,0.5,-33.1,0.0,23.3,-5.1,7.0,31.9,10.0,0.3,0.6,0.5,-2.43,1.3,2.41,0.37,6.0,2.87,10.0,0.3,0.5,0.6,-16.4,6.5,14.6,0.4,6.0,19.3,10.0,0.3,0.5,0.6,2.1,3.87,6.63,4.35,6.0,2.93,10.0,0.3,0.5,0.6,9.1,24.1,34.9,24.3,6.0,17.1,10.0,0.3,0.5,0.6,-61.3,0.0,60.5,-3.2,7.0,93.3,10.0,0.3,0.6,0.5,-105.7,0.0,98.3,-5.6,7.0,103.7,10.0,0.3,0.6,0.5,-46.6,-14.0,42.7,-6.3,6.0,59.9,10.0,0.3,0.5,0.6,-52.1,-16.1,58.7,-7.6,6.0,63.0,10.0,0.3,0.5,0.6,-10.1,2.3,14.6,2.3,6.0,12.0,10.0,0.3,0.5,0.6,-32.6,-0.8,15.1,-7.1,6.0,28.2,10.0,0.3,0.5,0.6,17.0,185.0,456.5,213.5,7.0,185.5,10.0,0.3,0.6,0.5,15.0,185.0,455.0,215.0,7.0,185.0,10.0,0.3,0.6,0.5
1974,2,181.0,27.0,21.03,21.3,23.81,22.2,9.0,1.34,16.0,0.2,0.4,0.3,18.94,20.8,23.19,20.95,10.0,2.26,14.0,0.2,0.5,0.3,9.99,12.38,14.65,12.36,10.0,2.16,14.0,0.2,0.5,0.3,70.3,79.6,90.1,80.1,10.0,9.7,14.0,0.2,0.3,6.2,9.0,11.79,8.92,10.0,2.59,14.0,0.2,0.5,0.3,-6.6,-2.17,8.65,-0.01,10.0,7.22,14.0,0.2,0.5,0.3,-5.45,1.99,6.87,1.25,10.0,6.43,14.0,0.2,0.5,0.3,1012.58,1017.25,1019.93,1016.83,10.0,4.06,14.0,0.2,0.5,0.3,4.3,6.0,8.0,6.1,9.0,2.0,14.0,0.2,0.5,0.2,-57.3,-14.7,96.3,9.3,10.0,76.5,14.0,0.2,0.5,0.3,-41.0,12.4,61.3,12.2,10.0,66.6,14.0,0.2,0.5,0.3,-1.11,2.0,2.78,0.93,9.0,2.42,16.0,0.2,0.4,0.3,-8.0,16.9,26.0,11.1,9.0,19.4,16.0,0.2,0.4,0.3,1.06,4.59,5.97,4.26,9.0,2.7,16.0,0.2,0.4,0.3,7.0,42.7,67.4,39.9,9.0,27.7,16.0,0.2,0.4,0.3,-135.4,-45.7,181.3,-2.5,10.0,146.5,14.0,0.2,0.5,0.3,-100.4,48.4,151.5,35.3,10.0,133.5,14.0,0.2,0.5,0.3,-81.1,-22.9,103.0,0.7,10.0,85.5,14.0,0.2,0.5,0.3,-57.7,27.5,83.9,24.2,10.0,82.4,14.0,0.2,0.5,0.3,-34.4,-17.4,45.0,-2.7,9.0,40.4,16.0,0.2,0.4,0.3,-26.5,0.0,24.0,1.8,9.0,30.2,16.0,0.2,0.4,0.3,238.5,731.5,1695.5,877.0,10.0,730.5,14.0,0.2,0.5,0.3,240.0,730.0,1695.0,875.0,10.0,730.0,14.0,0.2,0.5,0.3
1974,2,181.0,28.0,17.2,17.2,17.2,17.2,1.0,0.0,26.0,0.0,0.6,0.2,16.1,16.1,16.1,16.1,1.0,0.0,26.0,0.0,0.6,0.2,8.89,8.89,8.89,8.89,1.0,0.0,26.0,0.0,0.6,0.2,78.7,78.7,78.7,78.7,1.0,0.0,26.0,0.0,0.2,10.8,10.8,10.8,10.8,1.0,0.0,26.0,0.0,0.6,0.2,-5.4,-5.4,-5.4,-5.4,1.0,0.0,26.0,0.0,0.6,0.2,-9.35,-9.35,-9.35,-9.35,1.0,0.0,26.0,0.0,0.6,0.2,1017.0,1017.0,1017.0,1017.0,1.0,0.0,26.0,0.0,0.6,0.2,6.0,6.0,6.0,6.0,1.0,0.0,26.0,0.0,0.6,0.2,-58.3,-58.3,-58.3,-58.3,1.0,0.0,26.0,0.0,0.6,0.2,-101.0,-101.0,-101.0,-101.0,1.0,0.0,26.0,0.0,0.6,0.2,1.1,1.1,1.1,1.1,1.0,0.0,26.0,0.0,0.6,0.2,11.9,11.9,11.9,11.9,1.0,0.0,26.0,0.0,0.6,0.2,3.25,3.25,3.25,3.25,1.0,0.0,26.0,0.0,0.6,0.2,35.1,35.1,35.1,35.1,1.0,0.0,26.0,0.0,0.6,0.2,-86.9,-86.9,-86.9,-86.9,1.0,0.0,26.0,0.0,0.6,0.2,-150.6,-150.6,-150.6,-150.6,1.0,0.0,26.0,0.0,0.6,0.2,-48.0,-48.0,-48.0,-48.0,1.0,0.0,26.0,0.0,0.6,0.2,-83.1,-83.1,-83.1,-83.1,1.0,0.0,26.0,0.0,0.6,0.2,-17.5,-17.5,-17.5,-17.5,1.0,0.0,26.0,0.0,0.6,0.2,-30.4,-30.4,-30.4,-30.4,1.0,0.0,26.0,0.0,0.6,0.2,1259.5,1259.5,1259.5,1259.5,1.0,0.0,26.0,0.0,0.6,0.2,1260.0,1260.0,1260.0,1260.0,1.0,0.0,26.0,0.0,0.6,0.2
1974,2,181.0,29.0,16.7,19.1,20.0,18.62,18.0,1.49,10.0,0.2,0.6,0.3,16.02,17.5,19.5,17.7,21.0,1.4,10.0,0.2,0.6,0.4,8.65,9.52,12.9,10.24,19.0,1.98,10.0,0.2,0.6,0.4,71.2,80.9,92.5,81.5,19.0,10.3,10.0,0.2,0.4,4.1,8.7,14.55,9.05,21.0,5.11,10.0,0.2,0.6,0.4,-3.93,3.85,12.3,3.93,21.0,8.0,10.0,0.2,0.6,0.4,-7.45,0.0,4.26,-0.58,21.0,5.62,10.0,0.2,0.6,0.4,1011.6,1016.7,1018.0,1015.69,21.0,3.38,10.0,0.2,0.6,0.4,2.0,5.0,8.0,4.9,20.0,2.6,10.0,0.2,0.6,0.4,-15.8,24.7,179.0,56.4,21.0,113.1,10.0,0.2,0.6,0.4,-97.2,0.0,28.2,-15.4,21.0,65.9,10.0,0.2,0.6,0.4,-0.36,0.5,2.21,0.79,18.0,1.38,10.0,0.2,0.6,0.3,-3.8,8.1,21.7,9.8,18.0,15.9,10.0,0.2,0.6,0.3,1.02,3.07,4.56,2.91,17.0,1.62,10.0,0.2,0.6,0.3,7.7,23.2,77.6,35.2,17.0,28.4,10.0,0.2,0.6,0.3,-70.2,73.7,214.6,66.0,21.0,136.9,10.0,0.2,0.6,0.4,-127.3,0.0,79.2,-6.3,21.0,98.7,10.0,0.2,0.6,0.4,-4.3,51.7,118.9,40.2,19.0,73.8,10.0,0.2,0.6,0.4,-68.5,0.0,58.6,-0.7,19.0,62.7,10.0,0.2,0.6,0.4,0.0,19.3,67.7,24.7,17.0,31.7,10.0,0.2,0.6,0.3,-31.2,0.0,12.3,-7.5,17.0,20.3,10.0,0.2,0.6,0.3,69.0,658.5,3106.0,1403.0,21.0,1610.0,10.0,0.2,0.6,0.4,70.0,660.0,3105.0,1405.0,21.0,1610.0,10.0,0.2,0.6,0.4
1974,2,181.0,30.0,16.3,18.65,19.23,18.0,10.0,1.72,12.0,0.4,0.6,0.3,15.77,16.35,18.5,16.88,10.0,1.4,12.0,0.4,0.6,0.3,8.36,10.04,11.99,10.08,10.0,2.1,12.0,0.4,0.6,0.3,78.0,89.1,91.0,84.0,10.0,13.2,12.0,0.4,0.3,6.2,7.7,14.83,9.76,9.0,5.45,12.0,0.4,0.6,0.3,0.0,2.87,5.81,3.93,9.0,6.96,12.0,0.4,0.6,0.3,-5.22,0.0,10.22,2.8,9.0,7.88,12.0,0.4,0.6,0.3,1010.91,1016.5,1017.47,1015.34,10.0,3.91,12.0,0.4,0.6,0.3,1.4,5.5,8.0,5.1,10.0,3.0,12.0,0.4,0.6,0.3,0.0,16.8,44.9,58.3,9.0,137.2,12.0,0.4,0.6,0.3,-42.9,0.0,104.4,38.2,9.0,105.7,12.0,0.4,0.6,0.3,-0.86,0.65,3.59,1.12,10.0,2.36,12.0,0.4,0.6,0.3,-4.5,3.1,28.1,10.1,9.0,31.7,12.0,0.4,0.6,0.3,0.8,2.6,5.15,2.78,10.0,2.38,12.0,0.4,0.6,0.3,4.9,23.2,40.1,26.7,9.0,32.9,12.0,0.4,0.6,0.3,0.0,54.4,92.9,62.0,9.0,105.0,12.0,0.4,0.6,0.3,-81.7,0.0,189.1,56.1,9.0,142.5,12.0,0.4,0.6,0.3,0.0,35.7,57.9,36.0,9.0,58.5,12.0,0.4,0.6,0.3,-32.8,0.0,122.5,41.4,9.0,87.6,12.0,0.4,0.6,0.3,-2.4,1.3,22.5,14.0,9.0,34.9,12.0,0.4,0.6,0.3,-28.2,0.0,14.8,-6.1,9.0,20.1,12.0,0.4,0.6,0.3,238.5,456.5,3575.5,1841.0,9.0,2930.0,12.0,0.4,0.6,0.3,240.0,455.0,3575.0,1840.0,9.0,2930.0,12.0,0.4,0.6,0.3
1974,2,181.0,31.0,15.35,17.15,19.21,17.28,4.0,2.59,14.0,0.0,0.6,0.4,16.52,17.1,19.22,17.84,5.0,1.91,14.0,0.2,0.6,0.4,7.12,10.93,11.31,9.29,4.0,3.54,14.0,0.3,0.6,0.4,52.5,81.4,94.1,73.7,4.0,28.6,14.0,0.3,0.4,8.02,9.3,11.25,9.68,5.0,2.06,14.0,0.2,0.6,0.4,-6.33,8.2,11.25,3.54,5.0,9.72,14.0,0.2,0.6,0.4,-4.17,0.0,0.0,-1.82,5.0,2.67,14.0,0.2,0.6,0.4,1007.95,1016.4,1022.73,1015.58,5.0,8.7,14.0,0.2,0.6,0.4,2.6,7.0,7.4,5.4,5.0,2.7,14.0,0.2,0.6,0.4,-53.9,67.2,128.1,44.1,5.0,102.2,14.0,0.2,0.6,0.4,-35.4,0.0,0.0,-15.0,5.0,21.3,14.0,0.2,0.6,0.4,-1.56,0.7,1.97,0.23,4.0,2.28,14.0,0.0,0.6,0.4,-14.4,7.5,17.7,1.9,4.0,20.8,14.0,0.0,0.6,0.4,1.19,1.46,4.54,2.83,3.0,2.72,14.0,0.0,0.6,0.5,10.4,15.0,42.6,26.3,3.0,25.5,14.0,0.0,0.6,0.5,-107.0,149.2,204.9,71.0,5.0,178.5,14.0,0.2,0.6,0.4,-70.5,0.0,0.0,-30.6,5.0,44.7,14.0,0.2,0.6,0.4,-44.0,40.7,131.9,43.8,4.0,101.9,14.0,0.3,0.6,0.4,-38.7,-6.4,0.0,-18.7,4.0,29.6,14.0,0.3,0.6,0.4,-37.3,-5.3,8.6,-14.1,3.0,34.5,14.0,0.0,0.6,0.5,-15.0,-6.3,-2.0,-8.4,3.0,9.7,14.0,0.0,0.6,0.5,516.5,804.5,1477.5,1010.5,5.0,681.5,14.0,0.2,0.6,0.4,515.0,805.0,1480.0,1010.0,5.0,680.0,14.0,0.2,0.6,0.4
1974,2,181.0,32.0,15.95,17.2,17.52,16.77,7.0,1.03,20.0,0.6,0.6,0.6,15.08,16.4,17.44,16.31,8.0,1.03,18.0,0.6,0.5,0.6,9.06,9.53,11.3,9.71,7.0,1.79,18.0,0.7,0.6,0.6,76.4,89.0,93.9,83.5,7.0,13.1,18.0,0.7,0.6,5.0,9.3,11.1,8.83,7.0,4.59,18.0,0.7,0.6,0.6,-2.76,3.05,5.01,1.68,7.0,5.52,18.0,0.7,0.6,0.6,-5.02,-0.54,8.3,-1.28,7.0,8.74,18.0,0.7,0.6,0.6,1015.11,1019.9,1022.44,1018.93,8.0,3.76,18.0,0.6,0.5,0.6,5.2,8.0,8.0,7.0,8.0,1.6,18.0,0.6,0.5,0.6,-16.0,9.5,33.2,12.4,7.0,54.5,18.0,0.7,0.6,0.6,-37.3,-1.7,81.7,-23.9,7.0,126.0,18.0,0.7,0.6,0.6,-1.07,1.5,2.24,0.63,7.0,1.97,20.0,0.6,0.6,0.6,-15.8,1.4,9.8,-0.9,6.0,13.5,18.0,0.7,0.6,0.5,0.45,1.88,3.68,2.26,6.0,2.14,18.0,0.7,0.6,0.5,5.4,8.5,30.8,14.9,6.0,13.3,18.0,0.7,0.6,0.5,-43.4,45.8,87.4,29.5,7.0,91.2,18.0,0.7,0.6,0.6,-80.2,-8.1,133.4,-21.6,7.0,147.7,18.0,0.7,0.6,0.6,-18.3,28.6,48.7,21.0,7.0,56.2,18.0,0.7,0.6,0.6,-44.9,-5.0,77.3,-10.7,7.0,91.8,18.0,0.7,0.6,0.6,-16.4,1.5,5.4,-3.4,6.0,12.0,18.0,0.7,0.6,0.5,-12.0,-2.7,5.3,-2.3,6.0,16.7,18.0,0.7,0.6,0.5,127.5,804.5,1434.5,1210.0,7.0,1702.5,18.0,0.7,0.6,0.6,130.0,805.0,1435.0,1210.0,7.0,1700.0,18.0,0.7,0.6,0.6
1974,2,181.0,33.0,14.86,16.2,17.31,16.04,19.0,1.59,14.0,0.2,0.7,0.4,13.51,16.0,16.99,15.43,20.0,1.67,14.0,0.2,0.6,0.4,7.05,9.68,10.58,9.1,17.0,1.65,14.0,0.2,0.6,0.4,74.8,82.2,90.5,83.0,17.0,9.4,14.0,0.2,0.4,5.11,7.45,11.28,8.54,20.0,3.98,14.0,0.2,0.6,0.4,-6.41,3.75,7.26,2.19,20.0,7.67,14.0,0.2,0.6,0.4,-5.58,2.1,4.75,0.63,20.0,5.31,14.0,0.2,0.6,0.4,1013.51,1016.95,1022.93,1017.08,20.0,4.34,14.0,0.2,0.6,0.4,2.4,5.0,8.0,5.2,18.0,2.8,14.0,0.2,0.6,0.3,-48.3,23.7,81.7,16.3,20.0,110.3,14.0,0.2,0.6,0.4,-48.6,13.4,32.0,-4.8,20.0,60.7,14.0,0.2,0.6,0.4,-0.56,0.5,2.5,0.64,19.0,2.32,14.0,0.2,0.7,0.4,-5.0,3.1,30.4,7.3,19.0,20.6,14.0,0.2,0.7,0.4,0.79,1.8,4.11,2.15,17.0,1.88,14.0,0.2,0.6,0.4,4.0,14.8,33.7,18.5,17.0,18.5,14.0,0.2,0.6,0.4,-86.2,60.6,126.6,35.6,20.0,115.8,14.0,0.2,0.6,0.4,-86.7,31.6,83.0,12.6,20.0,81.5,14.0,0.2,0.6,0.4,-49.6,29.3,69.3,14.5,17.0,71.4,14.0,0.2,0.6,0.4,-54.6,18.7,50.3,10.2,17.0,50.9,14.0,0.2,0.6,0.4,-13.0,2.4,14.7,0.0,17.0,23.6,14.0,0.2,0.6,0.4,-13.8,1.8,12.0,0.5,17.0,12.1,14.0,0.2,0.6,0.4,133.5,415.0,1437.5,1081.5,20.0,1716.0,14.0,0.2,0.6,0.4,135.0,415.0,1440.0,1080.0,20.0,1715.0,14.0,0.2,0.6,0.4
1974,2,181.0,34.0,13.53,15.25,16.29,14.93,4.0,2.01,10.0,0.5,0.7,0.4,13.27,16.0,17.16,15.42,5.0,2.61,8.0,0.4,0.6,0.3,8.19,9.1,9.67,8.94,4.0,0.97,10.0,0.3,0.6,0.4,77.8,86.1,88.8,83.5,4.0,7.6,10.0,0.3,0.4,5.97,9.3,12.11,8.96,5.0,4.49,8.0,0.4,0.6,0.3,-2.94,0.0,3.28,0.3,5.0,3.57,8.0,0.4,0.6,0.3,-2.58,8.74,11.2,5.03,5.0,8.72,8.0,0.4,0.6,0.3,1011.86,1014.0,1019.92,1015.36,5.0,4.82,8.0,0.4,0.6,0.3,3.3,6.0,6.0,4.8,5.0,1.8,8.0,0.4,0.6,0.3,-25.4,0.0,24.1,2.0,5.0,34.7,8.0,0.4,0.6,0.3,-22.6,81.3,139.9,65.4,5.0,102.9,8.0,0.4,0.6,0.3,-3.95,-1.45,2.31,-0.85,4.0,3.72,10.0,0.5,0.7,0.4,-26.5,3.1,21.9,-2.1,4.0,31.3,10.0,0.5,0.7,0.4,-0.24,0.67,2.39,1.07,3.0,1.96,12.0,0.3,0.7,0.5,1.3,7.2,20.2,10.7,3.0,14.1,12.0,0.3,0.7,0.5,-37.6,0.0,58.6,11.5,5.0,59.3,8.0,0.4,0.6,0.3,-30.0,122.3,197.0,88.8,5.0,131.2,8.0,0.4,0.6,0.3,-24.9,-1.0,37.3,5.9,4.0,38.1,10.0,0.3,0.6,0.4,-29.2,40.2,85.2,28.5,4.0,70.1,10.0,0.3,0.6,0.4,-6.5,-1.4,2.0,-2.2,3.0,6.3,12.0,0.3,0.7,0.5,-16.9,-0.2,4.2,-6.2,3.0,16.3,12.0,0.3,0.7,0.5,353.5,804.5,1890.0,1122.0,5.0,1135.5,8.0,0.4,0.6,0.3,355.0,805.0,1890.0,1120.0,5.0,1135.0,8.0,0.4,0.6,0.3
1974,2,181.0,35.0,14.15,15.0,16.02,14.9,6.0,1.2,8.0,0.7,0.5,0.3,14.03,15.8,16.98,15.75,6.0,2.55,8.0,0.7,0.5,0.3,5.87,9.8,11.07,8.81,5.0,3.14,6.0,0.6,0.4,0.3,57.8,87.9,91.1,77.4,5.0,18.2,6.0,0.6,0.3,7.75,9.8,11.63,9.67,6.0,2.42,8.0,0.7,0.5,0.3,-4.15,2.51,9.03,2.46,6.0,6.98,8.0,0.7,0.5,0.3,-3.82,1.4,9.49,2.45,6.0,7.41,8.0,0.7,0.5,0.3,1011.29,1014.95,1018.09,1014.43,6.0,5.47,8.0,0.7,0.5,0.3,5.2,6.5,8.0,6.2,6.0,2.2,8.0,0.7,0.5,0.3,-31.9,29.1,86.7,28.8,6.0,67.1,8.0,0.7,0.5,0.3,-34.1,4.6,111.5,31.6,6.0,83.7,8.0,0.7,0.5,0.3,-3.25,-0.6,1.74,-0.85,6.0,2.73,8.0,0.7,0.5,0.3,-32.5,-4.1,19.2,-7.3,6.0,26.4,8.0,0.7,0.5,0.3,-0.06,1.65,3.66,1.71,5.0,2.72,6.0,0.6,0.4,0.3,1.0,21.3,33.7,17.0,5.0,24.0,6.0,0.6,0.4,0.3,-62.2,42.6,161.7,48.7,6.0,113.3,8.0,0.7,0.5,0.3,-66.3,22.8,149.3,38.3,6.0,110.4,8.0,0.7,0.5,0.3,-23.5,64.7,87.3,40.3,5.0,61.6,6.0,0.6,0.4,0.3,-34.8,-11.4,100.6,25.5,5.0,75.1,6.0,0.6,0.4,0.3,-22.8,-3.7,16.1,-2.8,5.0,22.4,6.0,0.6,0.4,0.3,-15.0,7.4,14.5,0.3,5.0,20.5,6.0,0.6,0.4,0.3,482.0,948.5,1588.0,1042.5,6.0,687.5,8.0,0.7,0.5,0.3,480.0,950.0,1590.0,1040.0,6.0,685.0,8.0,0.7,0.5,0.3
1974,2,181.0,36.0,14.24,14.4,16.02,15.1,6.0,1.51,18.0,0.3,0.5,0.3,12.4,14.6,15.23,13.95,6.0,1.99,18.0,0.3,0.5,0.3,6.84,7.55,8.56,7.67,6.0,1.05,18.0,0.3,0.5,0.3,71.7,74.4,81.7,77.1,6.0,8.1,18.0,0.3,0.3,11.28,13.9,16.6,13.73,6.0,2.91,18.0,0.3,0.5,0.3,-1.76,9.21,12.72,6.33,6.0,9.0,18.0,0.3,0.5,0.3,-11.79,0.81,5.04,-1.31,6.0,10.18,18.0,0.3,0.5,0.3,1001.39,1006.25,1015.15,1007.9,6.0,8.81,18.0,0.3,0.5,0.3,5.8,7.0,8.0,6.8,6.0,1.3,18.0,0.3,0.5,0.3,-29.8,109.2,165.9,80.2,6.0,140.4,18.0,0.3,0.5,0.3,-177.7,7.5,74.6,-27.9,6.0,153.6,18.0,0.3,0.5,0.3,-1.12,0.75,3.41,1.15,6.0,2.51,18.0,0.3,0.5,0.3,-15.2,12.6,46.5,16.0,6.0,31.2,18.0,0.3,0.5,0.3,1.67,2.86,4.86,3.07,6.0,1.68,18.0,0.3,0.5,0.3,16.3,48.0,60.1,42.6,6.0,24.4,18.0,0.3,0.5,0.3,-22.6,131.4,167.3,90.7,6.0,125.2,18.0,0.3,0.5,0.3,-170.5,13.0,73.4,-16.0,6.0,141.9,18.0,0.3,0.5,0.3,-12.3,71.9,86.3,47.3,6.0,65.5,18.0,0.3,0.5,0.3,-87.3,6.8,42.9,-4.4,6.0,81.9,18.0,0.3,0.5,0.3,-5.7,29.0,49.6,22.5,6.0,32.1,18.0,0.3,0.5,0.3,-49.5,1.5,8.0,-13.9,6.0,30.1,18.0,0.3,0.5,0.3,1470.0,2696.0,4579.0,2874.0,6.0,1600.5,18.0,0.3,0.5,0.3,1470.0,2695.0,4580.0,2875.0,6.0,1600.0,18.0,0.3,0.5,0.3
1974,2,181.0,37.0,12.49,13.0,13.03,12.91,7.0,0.47,16.0,0.4,0.6,0.5,9.55,13.0,14.84,12.27,6.0,2.9,16.0,0.3,0.5,0.5,4.56,6.27,7.99,6.17,6.0,2.13,16.0,0.3,0.5,0.5,53.1,71.1,78.9,67.0,6.0,15.0,16.0,0.3,0.5,10.18,10.3,13.02,11.03,7.0,2.44,16.0,0.4,0.6,0.5,3.35,8.92,10.05,7.45,7.0,4.39,16.0,0.4,0.6,0.5,-7.73,5.15,9.71,1.85,7.0,7.73,16.0,0.4,0.6,0.5,994.25,1009.3,1019.03,1008.01,7.0,12.03,16.0,0.4,0.6,0.5,2.9,5.0,7.4,5.0,5.0,2.7,14.0,0.4,0.5,0.4,34.6,91.9,131.2,87.3,7.0,66.7,16.0,0.4,0.6,0.5,-107.5,53.0,100.0,10.9,7.0,92.7,16.0,0.4,0.6,0.5,-1.29,0.0,2.89,0.63,6.0,2.47,16.0,0.3,0.5,0.5,-12.4,0.9,42.3,11.0,6.0,30.6,16.0,0.3,0.5,0.5,1.49,3.22,4.44,3.12,6.0,1.9,16.0,0.3,0.5,0.5,15.3,28.0,65.4,36.5,6.0,27.1,16.0,0.3,0.5,0.5,39.1,92.1,116.6,79.8,6.0,48.9,16.0,0.3,0.5,0.5,-67.2,21.0,139.4,31.7,6.0,100.5,16.0,0.3,0.5,0.5,21.7,36.0,61.5,37.7,6.0,24.5,16.0,0.3,0.5,0.5,-26.6,13.5,78.5,21.9,6.0,53.7,16.0,0.3,0.5,0.5,4.8,26.1,55.0,28.5,6.0,24.1,16.0,0.3,0.5,0.5,-34.9,0.5,13.6,-8.3,6.0,26.4,16.0,0.3,0.5,0.5,1062.5,1092.5,2218.5,1518.0,7.0,1064.5,16.0,0.4,0.6,0.5,1060.0,1095.0,2220.0,1520.0,7.0,1065.0,16.0,0.4,0.6,0.5
1974,2,181.0,38.0,12.58,13.0,13.94,13.18,5.0,0.76,16.0,0.0,0.4,0.5,9.45,11.1,12.62,11.0,5.0,1.82,16.0,0.0,0.4,0.6,5.93,6.33,7.27,6.59,4.0,1.02,16.0,0.0,0.5,0.5,74.1,80.5,84.1,79.2,4.0,7.7,16.0,0.0,0.5,6.51,9.8,14.61,9.6,6.0,5.5,16.0,0.0,0.4,0.5,-2.0,5.63,13.92,5.08,6.0,9.32,16.0,0.0,0.4,0.5,-0.73,0.71,5.71,1.93,6.0,4.31,16.0,0.0,0.4,0.5,994.94,1001.1,1021.58,1007.07,6.0,14.9,16.0,0.0,0.4,0.5,2.6,5.0,8.0,5.0,6.0,3.0,16.0,0.0,0.4,0.5,-20.6,47.9,203.6,71.4,6.0,125.6,16.0,0.0,0.4,0.5,-7.5,5.8,73.1,21.3,6.0,45.6,16.0,0.0,0.4,0.5,0.37,1.35,3.17,1.75,4.0,1.99,16.0,0.0,0.5,0.5,-1.0,8.8,44.6,21.2,4.0,33.2,16.0,0.0,0.5,0.5,2.18,2.65,3.3,2.73,4.0,0.82,16.0,0.0,0.5,0.5,12.1,26.0,43.3,27.6,4.0,24.0,16.0,0.0,0.5,0.5,-39.2,39.4,132.5,39.6,5.0,100.9,16.0,0.0,0.4,0.6,-14.3,0.0,70.8,23.7,5.0,56.8,16.0,0.0,0.4,0.6,-32.6,9.9,55.0,11.1,4.0,61.5,16.0,0.0,0.5,0.5,-11.9,0.0,28.5,7.9,4.0,32.8,16.0,0.0,0.5,0.5,-13.0,4.4,34.8,10.6,4.0,35.0,16.0,0.0,0.5,0.5,-4.7,0.0,12.5,3.7,4.0,14.1,16.0,0.0,0.5,0.5,437.5,948.5,3123.5,1514.5,6.0,1458.5,16.0,0.0,0.4,0.5,440.0,950.0,3125.0,1515.0,6.0,1460.0,16.0,0.0,0.4,0.5
1974,2,181.0,39.0,12.16,12.5,12.84,12.5,2.0,0.71,14.0,0.0,0.7,0.2,8.59,12.0,12.0,10.33,3.0,2.89,10.0,0.0,0.7,0.2,4.74,4.74,4.74,4.74,1.0,0.0,6.0,0.0,0.7,0.4,75.7,75.7,75.7,75.7,1.0,0.0,6.0,0.0,0.4,7.58,12.9,15.36,11.5,3.0,5.83,10.0,0.0,0.7,0.2,1.43,12.9,14.68,8.17,3.0,10.54,10.0,0.0,0.7,0.2,-4.89,-3.28,-1.04,-2.97,3.0,2.83,10.0,0.0,0.7,0.2,1001.0,1001.0,1012.95,1006.83,3.0,10.1,10.0,0.0,0.7,0.2,5.6,7.0,7.0,6.3,3.0,1.2,10.0,0.0,0.7,0.2,39.2,166.4,227.4,134.1,3.0,140.7,10.0,0.0,0.7,0.2,-68.9,-16.7,-5.3,-36.6,3.0,49.6,10.0,0.0,0.7,0.2,1.63,3.0,4.37,3.0,2.0,2.83,14.0,0.0,0.7,0.2,17.4,43.8,70.2,43.8,2.0,54.7,14.0,0.0,0.7,0.2,4.05,4.05,4.05,4.05,1.0,0.0,6.0,0.0,0.7,0.4,66.8,66.8,66.8,66.8,1.0,0.0,6.0,0.0,0.7,0.4,2.4,108.5,140.1,72.2,3.0,105.6,10.0,0.0,0.7,0.2,-39.5,-39.3,-12.5,-26.3,3.0,22.8,10.0,0.0,0.7,0.2,73.6,73.6,73.6,73.6,1.0,0.0,6.0,0.0,0.7,0.4,-26.8,-26.8,-26.8,-26.8,1.0,0.0,6.0,0.0,0.7,0.4,62.8,62.8,62.8,62.8,1.0,0.0,6.0,0.0,0.7,0.4,-22.9,-22.9,-22.9,-22.9,1.0,0.0,6.0,0.0,0.7,0.4,772.0,2146.5,3747.5,2257.0,3.0,2182.0,10.0,0.0,0.7,0.2,770.0,2145.0,3750.0,2255.0,3.0,2180.0,10.0,0.0,0.7,0.2
1974,2,181.0,40.0,8.86,12.0,12.34,11.02,6.0,1.86,18.0,0.3,0.6,0.4,9.95,10.0,12.51,10.7,7.0,1.42,20.0,0.3,0.6,0.4,5.42,5.67,7.75,6.46,7.0,1.29,20.0,0.3,0.6,0.4,74.9,76.2,91.0,80.8,7.0,12.2,20.0,0.3,0.4,7.6,10.3,11.02,9.93,7.0,3.01,20.0,0.3,0.6,0.4,-7.27,-1.95,10.98,1.3,7.0,9.88,20.0,0.3,0.6,0.4,-5.39,0.0,5.16,-0.58,7.0,4.9,20.0,0.3,0.6,0.4,996.71,1023.4,1033.5,1015.31,7.0,18.84,20.0,0.3,0.6,0.4,3.0,7.0,8.0,5.7,7.0,2.6,20.0,0.3,0.6,0.4,-68.1,-11.1,121.7,29.2,7.0,117.8,20.0,0.3,0.6,0.4,-38.9,0.0,54.4,4.0,7.0,50.2,20.0,0.3,0.6,0.4,-2.55,0.75,2.6,0.2,6.0,2.71,18.0,0.3,0.6,0.4,-27.2,4.6,21.8,1.6,6.0,30.0,18.0,0.3,0.6,0.4,0.34,2.37,3.18,1.88,6.0,1.56,18.0,0.3,0.6,0.4,3.5,19.1,28.1,18.8,6.0,19.3,18.0,0.3,0.6,0.4,-74.0,-19.5,115.2,11.0,7.0,106.0,20.0,0.3,0.6,0.4,-53.9,0.0,48.2,-4.0,7.0,51.1,20.0,0.3,0.6,0.4,-54.7,-11.1,69.4,3.0,7.0,64.4,20.0,0.3,0.6,0.4,-31.1,0.0,29.2,-2.9,7.0,32.3,20.0,0.3,0.6,0.4,-8.3,-5.1,26.3,6.0,6.0,24.3,18.0,0.3,0.6,0.4,-14.6,-1.3,4.5,-2.4,6.0,12.4,18.0,0.3,0.6,0.4,443.5,1092.5,1374.0,1220.5,7.0,1138.5,20.0,0.3,0.6,0.4,445.0,1095.0,1375.0,1220.0,7.0,1140.0,20.0,0.3,0.6,0.4
1974,2,181.0,41.0,10.19,11.5,11.76,11.0,4.0,1.35,12.0,0.5,0.6,0.3,9.62,12.0,13.0,11.04,7.0,2.51,14.0,0.6,0.6,0.3,6.65,7.86,8.32,7.5,4.0,1.13,10.0,0.5,0.6,0.3,78.5,84.9,95.5,86.9,4.0,10.4,10.0,0.5,0.3,5.62,10.55,17.7,11.38,8.0,5.67,12.0,0.5,0.5,0.3,0.39,4.67,17.18,6.69,8.0,8.76,12.0,0.5,0.5,0.3,-2.63,0.0,9.58,1.88,8.0,6.94,12.0,0.5,0.5,0.3,995.03,1003.0,1012.56,1004.93,8.0,15.58,12.0,0.5,0.5,0.3,2.9,4.0,7.0,4.4,7.0,2.5,12.0,0.6,0.4,0.3,1.8,51.9,311.9,116.1,8.0,169.3,12.0,0.5,0.5,0.3,-12.1,0.0,106.5,24.0,8.0,71.4,12.0,0.5,0.5,0.3,-2.55,-1.25,0.41,-1.07,4.0,2.14,12.0,0.5,0.6,0.3,-27.0,-13.9,13.2,-7.2,4.0,30.1,12.0,0.5,0.6,0.3,-0.28,1.35,2.22,0.98,3.0,1.86,12.0,0.3,0.6,0.2,-2.7,14.6,41.6,19.3,3.0,32.7,12.0,0.3,0.6,0.2,-2.9,73.5,202.0,78.3,7.0,97.9,14.0,0.6,0.6,0.3,-2.8,0.0,127.4,42.7,7.0,75.3,14.0,0.6,0.6,0.3,40.5,88.5,139.2,89.8,4.0,58.8,10.0,0.5,0.6,0.3,0.0,32.7,70.7,35.2,4.0,40.9,10.0,0.5,0.6,0.3,-3.1,5.0,38.5,17.4,3.0,32.3,12.0,0.3,0.6,0.2,-5.6,0.0,9.4,1.8,3.0,11.1,12.0,0.3,0.6,0.2,222.5,1176.0,5789.5,2505.0,8.0,3209.0,12.0,0.5,0.5,0.3,220.0,1175.0,5790.0,2505.0,8.0,3210.0,12.0,0.5,0.5,0.3
1974,2,181.0,42.0,8.63,10.0,10.0,9.4,5.0,0.89,14.0,0.2,0.6,0.4,5.58,7.65,10.91,8.23,6.0,2.8,14.0,0.2,0.5,0.5,4.21,5.61,7.04,5.7,5.0,1.74,14.0,0.2,0.6,0.4,74.5,81.9,85.3,80.2,5.0,8.1,14.0,0.2,0.4,7.56,9.8,14.26,10.88,6.0,4.94,14.0,0.2,0.5,0.5,3.39,7.41,13.4,7.86,6.0,7.19,14.0,0.2,0.5,0.5,-4.88,0.0,8.07,0.92,6.0,6.28,14.0,0.2,0.5,0.5,998.62,1001.5,1015.46,1007.24,5.0,15.62,14.0,0.2,0.6,0.4,4.6,6.0,8.0,6.2,5.0,1.8,14.0,0.2,0.4,0.6,14.5,67.7,197.9,107.6,6.0,136.7,14.0,0.2,0.5,0.5,-72.0,0.0,81.3,-4.1,6.0,81.6,14.0,0.2,0.5,0.5,-1.6,1.7,3.19,0.92,5.0,3.03,14.0,0.2,0.6,0.4,-14.8,15.8,51.7,16.5,5.0,38.0,14.0,0.2,0.6,0.4,0.33,2.08,2.85,1.65,5.0,1.79,14.0,0.2,0.6,0.4,-0.3,19.3,46.4,21.7,5.0,25.5,14.0,0.2,0.6,0.4,37.0,62.6,86.5,56.0,6.0,44.0,14.0,0.2,0.5,0.5,-27.2,0.0,77.9,18.3,6.0,54.7,14.0,0.2,0.5,0.5,14.0,47.0,64.3,39.4,5.0,36.5,14.0,0.2,0.6,0.4,-21.6,0.0,55.0,13.6,5.0,41.6,14.0,0.2,0.6,0.4,-6.7,5.7,43.6,16.1,5.0,26.2,14.0,0.2,0.6,0.4,-15.9,-8.2,6.6,-4.4,5.0,14.3,14.0,0.2,0.6,0.4,465.0,948.5,3234.5,2024.0,6.0,2727.0,14.0,0.2,0.5,0.5,465.0,950.0,3235.0,2025.0,6.0,2725.0,14.0,0.2,0.5,0.5
1974,2,181.0,43.0,7.2,7.2,7.2,7.2,1.0,0.0,6.0,0.0,0.5,0.6,4.9,5.75,6.6,5.75,2.0,1.77,4.0,0.0,0.4,0.3,3.85,4.39,4.92,4.39,2.0,1.11,4.0,0.0,0.4,0.3,70.1,74.6,79.1,74.6,2.0,9.4,4.0,0.0,0.3,13.51,18.25,22.99,18.25,2.0,9.83,4.0,0.0,0.4,0.3,7.82,12.48,17.14,12.48,2.0,9.66,4.0,0.0,0.4,0.3,-5.66,3.21,12.07,3.21,2.0,18.37,4.0,0.0,0.4,0.3,986.79,990.65,994.51,990.65,2.0,7.99,4.0,0.0,0.4,0.3,6.2,6.5,6.8,6.5,2.0,0.7,4.0,0.0,0.4,0.3,130.9,275.2,419.4,275.2,2.0,298.8,4.0,0.0,0.4,0.3,-28.3,148.8,325.9,148.8,2.0,366.8,4.0,0.0,0.4,0.3,2.7,2.7,2.7,2.7,1.0,0.0,6.0,0.0,0.5,0.6,30.5,30.5,30.5,30.5,1.0,0.0,6.0,0.0,0.5,0.6,2.79,2.79,2.79,2.79,1.0,0.0,6.0,0.0,0.5,0.6,31.6,31.6,31.6,31.6,1.0,0.0,6.0,0.0,0.5,0.6,42.8,80.3,117.7,80.3,2.0,77.6,4.0,0.0,0.4,0.3,-19.1,34.7,88.4,34.7,2.0,111.3,4.0,0.0,0.4,0.3,33.0,60.1,87.3,60.1,2.0,56.3,4.0,0.0,0.4,0.3,-16.3,24.3,64.9,24.3,2.0,84.2,4.0,0.0,0.4,0.3,15.8,15.8,15.8,15.8,1.0,0.0,6.0,0.0,0.5,0.6,-27.3,-27.3,-27.3,-27.3,1.0,0.0,6.0,0.0,0.5,0.6,3753.5,8723.0,13692.5,8723.0,2.0,10295.5,4.0,0.0,0.4,0.3,3755.0,8725.0,13690.0,8725.0,2.0,10295.0,4.0,0.0,0.4,0.3
1974,2,181.0,44.0,6.51,7.0,7.0,6.96,8.0,0.9,18.0,0.3,0.6,0.5,4.27,7.0,11.14,7.06,9.0,3.57,18.0,0.2,0.5,0.4,3.19,4.78,6.63,4.81,7.0,1.61,16.0,0.3,0.5,0.5,58.0,78.2,85.8,74.9,7.0,12.7,16.0,0.3,0.5,4.6,9.3,14.0,8.74,9.0,4.66,18.0,0.2,0.5,0.4,-12.87,-3.98,4.29,-3.65,9.0,8.33,18.0,0.2,0.5,0.4,-3.78,1.06,4.7,1.2,9.0,4.67,18.0,0.2,0.5,0.4,1005.02,1022.0,1031.27,1017.58,9.0,17.87,18.0,0.2,0.5,0.4,4.0,6.0,8.0,5.5,8.0,2.8,20.0,0.3,0.5,0.4,-173.4,-18.3,20.3,-51.2,9.0,108.3,18.0,0.2,0.5,0.4,-17.6,3.3,67.2,19.9,9.0,53.2,18.0,0.2,0.5,0.4,-4.69,0.75,1.68,-0.1,8.0,4.13,18.0,0.3,0.6,0.5,-14.9,3.8,18.1,3.1,8.0,33.5,18.0,0.3,0.6,0.5,-0.57,1.42,2.95,1.37,7.0,1.73,16.0,0.3,0.5,0.5,-2.0,13.0,18.9,10.0,7.0,13.3,16.0,0.3,0.5,0.5,-101.2,-13.7,32.6,-28.2,9.0,61.5,18.0,0.2,0.5,0.4,-9.1,12.7,39.0,13.7,9.0,24.4,18.0,0.2,0.5,0.4,-32.0,2.3,20.3,-5.2,7.0,34.2,16.0,0.3,0.5,0.5,-13.1,7.0,23.1,7.5,7.0,22.5,16.0,0.3,0.5,0.5,-2.9,2.3,11.9,0.7,7.0,13.6,16.0,0.3,0.5,0.5,-13.0,-2.5,1.5,-3.1,7.0,9.7,16.0,0.3,0.5,0.5,97.5,804.5,2759.5,1194.5,9.0,1385.5,18.0,0.2,0.5,0.4,95.0,805.0,2760.0,1195.0,9.0,1385.0,18.0,0.2,0.5,0.4
1974,2,181.0,45.0,2.9,7.0,7.0,5.0,3.0,3.46,16.0,0.0,0.6,0.5,4.7,6.0,7.02,5.87,3.0,1.7,16.0,0.0,0.6,0.5,4.2,4.33,5.36,4.77,3.0,0.93,16.0,0.0,0.6,0.5,76.5,84.4,88.8,82.7,3.0,9.1,16.0,0.0,0.5,6.89,12.9,16.38,11.67,3.0,7.03,16.0,0.0,0.6,0.5,-11.44,-11.17,-3.55,-7.58,3.0,6.57,16.0,0.0,0.6,0.5,4.85,6.45,11.46,8.11,3.0,5.05,16.0,0.0,0.6,0.5,1002.93,1010.3,1023.75,1013.27,3.0,15.46,16.0,0.0,0.6,0.5,6.3,7.0,7.7,7.0,2.0,1.4,12.0,0.0,0.6,0.5,-187.9,-144.1,-45.7,-117.5,3.0,106.7,16.0,0.0,0.6,0.5,37.9,83.2,195.8,116.1,3.0,119.1,16.0,0.0,0.6,0.5,-2.27,-0.5,0.52,-0.87,3.0,2.07,16.0,0.0,0.6,0.5,-11.5,-9.0,5.9,-2.9,3.0,13.8,16.0,0.0,0.6,0.5,-0.03,0.37,1.45,0.71,3.0,1.12,16.0,0.0,0.6,0.5,1.5,6.7,19.4,10.4,3.0,13.4,16.0,0.0,0.6,0.5,-80.5,-67.0,-21.3,-51.3,3.0,45.5,16.0,0.0,0.6,0.5,23.8,38.7,82.9,53.0,3.0,45.0,16.0,0.0,0.6,0.5,-60.8,-46.3,-14.7,-38.0,3.0,34.6,16.0,0.0,0.6,0.5,20.6,26.7,63.5,41.7,3.0,34.0,16.0,0.0,0.6,0.5,-16.3,-4.3,-1.4,-8.7,3.0,11.6,16.0,0.0,0.6,0.5,1.0,5.2,10.3,5.6,3.0,6.8,16.0,0.0,0.6,0.5,728.5,2146.5,4662.5,2682.5,3.0,2918.5,16.0,0.0,0.6,0.5,730.0,2145.0,4660.0,2685.0,3.0,2920.0,16.0,0.0,0.6,0.5
1974,2,181.0,46.0,4.32,5.0,7.0,5.5,5.0,1.41,20.0,0.6,0.7,0.6,2.9,4.0,5.6,4.17,6.0,1.51,20.0,0.5,0.7,0.6,3.43,4.46,4.94,4.25,6.0,0.79,20.0,0.5,0.7,0.6,75.1,85.3,90.7,83.4,6.0,8.8,20.0,0.5,0.6,10.66,13.6,18.1,13.87,6.0,4.1,20.0,0.5,0.7,0.6,-14.17,5.07,8.41,-0.24,6.0,12.05,20.0,0.5,0.7,0.6,-10.02,5.8,8.3,1.18,6.0,10.03,20.0,0.5,0.7,0.6,1006.18,1026.85,1029.83,1020.67,6.0,13.2,20.0,0.5,0.7,0.6,5.2,7.0,8.0,6.3,6.0,2.3,20.0,0.5,0.7,0.6,-229.4,47.6,114.0,-22.3,6.0,199.3,20.0,0.5,0.7,0.6,-135.9,80.1,118.9,7.3,6.0,152.8,20.0,0.5,0.7,0.6,-0.68,1.0,4.18,1.6,5.0,2.53,20.0,0.6,0.7,0.6,-9.2,18.5,60.0,24.5,5.0,37.5,20.0,0.6,0.7,0.6,0.32,1.75,2.45,1.47,5.0,1.14,20.0,0.6,0.7,0.6,4.6,32.3,35.6,22.8,5.0,17.5,20.0,0.6,0.7,0.6,-57.9,19.1,34.6,-4.1,6.0,49.3,20.0,0.5,0.7,0.6,-26.5,24.0,47.6,13.9,6.0,38.0,20.0,0.5,0.7,0.6,-58.0,22.8,34.1,0.2,6.0,48.2,20.0,0.5,0.7,0.6,-36.3,23.2,40.9,8.4,6.0,42.2,20.0,0.5,0.7,0.6,-14.4,0.7,22.9,2.5,5.0,22.7,20.0,0.6,0.7,0.6,-27.3,1.9,6.0,-8.1,5.0,18.8,20.0,0.6,0.7,0.6,1259.0,2647.5,5935.0,3242.0,6.0,2427.0,20.0,0.5,0.7,0.6,1260.0,2650.0,5935.0,3240.0,6.0,2425.0,20.0,0.5,0.7,0.6
1974,2,181.0,47.0,4.0,5.0,5.57,4.9,10.0,1.1,18.0,0.4,0.6,0.4,1.43,4.05,4.79,3.61,10.0,1.89,18.0,0.4,0.6,0.4,3.39,3.98,5.31,4.28,9.0,0.99,16.0,0.3,0.7,0.4,75.1,91.7,98.2,86.5,9.0,11.3,16.0,0.3,0.4,4.53,7.2,11.27,8.13,10.0,4.71,18.0,0.4,0.6,0.4,-3.01,2.19,5.79,1.37,10.0,5.26,18.0,0.4,0.6,0.4,-4.74,3.43,9.28,2.68,10.0,7.61,18.0,0.4,0.6,0.4,994.71,1011.75,1030.53,1012.38,10.0,17.34,18.0,0.4,0.6,0.4,3.9,8.0,8.0,6.4,7.0,2.4,18.0,0.4,0.6,0.2,-30.2,14.6,44.2,-1.3,10.0,71.8,18.0,0.4,0.6,0.4,-31.8,18.7,106.6,45.9,10.0,108.8,18.0,0.4,0.6,0.4,-0.79,1.35,3.57,1.29,10.0,2.01,18.0,0.4,0.6,0.4,-4.9,10.3,22.9,9.5,10.0,13.3,18.0,0.4,0.6,0.4,0.16,1.07,2.01,1.1,9.0,0.9,16.0,0.3,0.7,0.4,0.8,8.1,12.5,7.1,9.0,5.3,16.0,0.3,0.7,0.4,-9.6,5.2,29.1,6.2,10.0,23.6,18.0,0.4,0.6,0.4,-9.1,16.5,38.7,17.7,10.0,27.1,18.0,0.4,0.6,0.4,-2.8,9.8,29.1,12.9,9.0,18.0,16.0,0.3,0.7,0.4,-19.2,10.1,32.6,7.8,9.0,26.1,16.0,0.3,0.7,0.4,-2.8,1.5,5.7,1.7,9.0,4.4,16.0,0.3,0.7,0.4,-8.3,-0.9,4.2,-1.9,9.0,7.6,16.0,0.3,0.7,0.4,96.0,378.5,1456.0,1135.0,10.0,2081.0,18.0,0.4,0.6,0.4,95.0,380.0,1455.0,1135.0,10.0,2080.0,18.0,0.4,0.6,0.4
1974,2,181.0,48.0,4.13,5.5,5.84,5.0,3.0,1.32,26.0,0.0,0.6,0.5,5.16,5.5,6.18,5.67,3.0,0.76,26.0,0.0,0.6,0.5,5.12,5.29,5.44,5.28,3.0,0.23,26.0,0.0,0.6,0.5,91.1,93.3,97.9,94.5,3.0,5.1,26.0,0.0,0.5,6.29,9.5,12.19,9.25,4.0,4.06,20.0,0.0,0.6,0.5,-7.41,1.38,6.64,-0.3,4.0,8.49,20.0,0.0,0.6,0.5,-5.35,2.09,6.8,0.79,4.0,7.59,20.0,0.0,0.6,0.5,1008.8,1018.25,1029.91,1019.3,4.0,12.39,20.0,0.0,0.6,0.5,6.3,7.0,7.7,7.0,2.0,1.4,24.0,0.0,0.7,0.6,-85.1,21.1,63.3,-9.4,4.0,99.7,20.0,0.0,0.6,0.5,-67.8,21.5,65.7,0.0,4.0,90.2,20.0,0.0,0.6,0.5,-1.89,0.5,0.5,-0.67,3.0,2.02,26.0,0.0,0.6,0.5,-16.2,5.2,6.4,-4.7,3.0,18.6,26.0,0.0,0.6,0.5,-0.43,0.19,0.58,0.07,3.0,0.75,26.0,0.0,0.6,0.5,-3.7,1.9,7.8,2.1,3.0,8.4,26.0,0.0,0.6,0.5,-29.5,33.1,40.1,6.0,3.0,56.1,26.0,0.0,0.6,0.5,-22.0,36.3,38.5,8.9,3.0,50.3,26.0,0.0,0.6,0.5,-25.6,35.0,36.2,6.0,3.0,51.8,26.0,0.0,0.6,0.5,-21.0,30.8,38.3,9.2,3.0,47.3,26.0,0.0,0.6,0.5,-7.0,-4.8,-0.7,-3.9,3.0,4.7,26.0,0.0,0.6,0.5,-5.9,-4.0,-0.3,-3.1,3.0,4.2,26.0,0.0,0.6,0.5,349.5,875.5,1927.0,1126.5,4.0,1121.0,20.0,0.0,0.6,0.5,350.0,875.0,1925.0,1125.0,4.0,1120.0,20.0,0.0,0.6,0.5
1974,2,181.0,49.0,2.59,4.0,4.73,3.7,5.0,1.79,18.0,0.2,0.5,0.4,1.98,3.0,4.05,3.07,7.0,1.21,20.0,0.4,0.5,0.3,3.44,3.81,4.08,3.86,6.0,0.6,18.0,0.3,0.4,0.3,77.7,79.3,88.0,82.3,6.0,6.4,18.0,0.3,0.3,5.08,9.8,17.02,10.39,7.0,5.22,20.0,0.4,0.5,0.3,-13.53,-6.3,4.66,-4.82,7.0,9.13,20.0,0.4,0.5,0.3,-5.52,1.57,7.69,1.65,7.0,6.28,20.0,0.4,0.5,0.3,994.19,1017.1,1026.6,1012.53,6.0,15.19,18.0,0.3,0.4,0.3,7.0,8.0,8.0,7.2,6.0,2.0,18.0,0.3,0.4,0.3,-236.4,-59.3,26.5,-74.3,7.0,135.0,20.0,0.4,0.5,0.3,-62.3,7.2,79.5,18.8,7.0,96.0,20.0,0.4,0.5,0.3,-1.37,1.0,2.18,0.5,5.0,1.94,18.0,0.2,0.5,0.4,-12.6,9.8,19.7,5.8,5.0,19.8,18.0,0.2,0.5,0.4,0.18,1.25,1.6,0.98,5.0,0.83,18.0,0.2,0.5,0.4,1.4,9.4,16.1,9.2,5.0,8.6,18.0,0.2,0.5,0.4,-23.5,-15.7,19.1,-5.8,7.0,28.2,20.0,0.4,0.5,0.3,-12.4,5.5,17.0,1.7,7.0,16.5,20.0,0.4,0.5,0.3,-46.7,-25.9,-3.4,-20.7,6.0,36.8,18.0,0.3,0.4,0.3,-23.0,3.0,28.3,3.2,6.0,25.3,18.0,0.3,0.4,0.3,-12.9,-8.4,-1.4,-7.9,5.0,7.8,18.0,0.2,0.5,0.4,-2.7,0.0,5.7,1.2,5.0,6.3,18.0,0.2,0.5,0.4,131.0,941.0,4934.5,1890.0,7.0,2263.5,20.0,0.4,0.5,0.3,130.0,940.0,4935.0,1890.0,7.0,2265.0,20.0,0.4,0.5,0.3
1974,2,181.0,50.0,3.0,4.0,5.0,3.94,8.0,1.32,14.0,0.3,0.5,0.6,-0.37,0.0,5.0,1.89,9.0,2.92,14.0,0.2,0.5,0.6,3.11,3.22,4.64,3.77,5.0,0.89,14.0,0.2,0.6,0.5,73.2,86.8,95.7,84.0,5.0,16.1,14.0,0.2,0.5,5.44,10.05,15.23,11.5,8.0,8.19,12.0,0.1,0.5,0.6,-0.15,5.66,7.59,2.19,8.0,12.36,12.0,0.1,0.5,0.6,-9.48,-5.16,0.47,-4.49,8.0,6.08,12.0,0.1,0.5,0.6,995.17,1001.7,1026.65,1006.33,9.0,16.75,14.0,0.2,0.5,0.6,4.1,6.0,8.0,6.0,8.0,2.0,12.0,0.3,0.5,0.6,2.2,62.5,68.0,-30.7,8.0,299.0,12.0,0.1,0.5,0.6,-170.4,-48.3,0.1,-69.5,8.0,112.4,12.0,0.1,0.5,0.6,0.06,1.5,4.78,1.81,8.0,2.66,14.0,0.3,0.5,0.6,1.0,20.6,31.6,23.0,7.0,26.3,12.0,0.1,0.5,0.5,0.87,1.4,2.35,1.55,5.0,0.81,14.0,0.2,0.6,0.5,4.9,8.5,24.4,13.9,5.0,12.9,14.0,0.2,0.6,0.5,-3.0,0.0,34.3,11.9,8.0,28.5,12.0,0.1,0.5,0.6,0.0,0.9,6.1,2.9,8.0,11.2,12.0,0.1,0.5,0.6,7.9,16.2,41.8,24.7,5.0,28.4,14.0,0.2,0.6,0.5,-20.1,-2.8,11.4,-4.4,5.0,23.7,14.0,0.2,0.6,0.5,4.2,8.0,13.9,8.7,5.0,6.8,14.0,0.2,0.6,0.5,-15.8,-1.2,1.5,-7.2,5.0,14.3,14.0,0.2,0.6,0.5,179.0,1017.0,3545.0,3965.5,8.0,7661.5,12.0,0.1,0.5,0.6,180.0,1015.0,3545.0,3965.0,8.0,7660.0,12.0,0.1,0.5,0.6
1974,2,181.0,51.0,2.73,3.65,4.0,3.38,8.0,0.76,18.0,0.3,0.5,0.2,-0.33,3.45,4.44,2.68,8.0,2.41,18.0,0.3,0.5,0.2,3.27,3.85,4.86,3.86,8.0,1.03,18.0,0.3,0.5,0.2,68.0,86.8,99.1,82.7,8.0,16.0,18.0,0.3,0.2,6.37,8.7,13.67,9.31,8.0,3.87,18.0,0.3,0.5,0.2,-3.66,2.18,8.89,2.72,8.0,6.04,18.0,0.3,0.5,0.2,-7.27,-1.46,8.57,-0.45,8.0,8.3,18.0,0.3,0.5,0.2,991.26,1024.25,1027.18,1012.11,8.0,21.35,18.0,0.3,0.5,0.2,5.9,7.0,8.0,6.7,7.0,1.8,16.0,0.3,0.5,0.2,-22.3,18.9,101.4,31.6,8.0,71.6,18.0,0.3,0.5,0.2,-82.8,-4.5,74.6,-7.2,8.0,101.4,18.0,0.3,0.5,0.2,-1.71,-0.3,4.33,0.7,8.0,2.91,18.0,0.3,0.5,0.2,-15.5,-2.3,26.4,2.1,8.0,21.9,18.0,0.3,0.5,0.2,-0.18,0.95,1.7,0.96,8.0,1.16,18.0,0.3,0.5,0.2,-1.5,4.7,17.5,6.5,8.0,9.1,18.0,0.3,0.5,0.2,0.1,5.5,28.9,11.1,8.0,18.6,18.0,0.3,0.5,0.2,-6.7,1.9,35.5,9.7,8.0,29.6,18.0,0.3,0.5,0.2,-7.5,10.3,30.1,11.8,8.0,25.0,18.0,0.3,0.5,0.2,-24.0,-4.8,37.3,0.8,8.0,37.5,18.0,0.3,0.5,0.2,-1.7,0.0,9.8,1.7,8.0,8.2,18.0,0.3,0.5,0.2,-11.9,-0.7,3.8,-3.1,8.0,7.1,18.0,0.3,0.5,0.2,262.5,658.5,2570.0,1169.5,8.0,1135.0,18.0,0.3,0.5,0.2,265.0,660.0,2570.0,1170.0,8.0,1135.0,18.0,0.3,0.5,0.2
1974,2,181.0,52.0,2.95,4.0,5.1,4.1,5.0,1.82,14.0,0.2,0.5,0.3,-0.81,1.0,3.87,1.46,5.0,2.47,14.0,0.2,0.5,0.3,3.65,4.6,4.63,4.15,3.0,0.82,14.0,0.3,0.3,0.2,89.7,90.0,91.7,90.7,3.0,1.6,14.0,0.3,0.2,8.35,14.4,15.67,12.46,5.0,4.29,14.0,0.2,0.5,0.3,-7.49,-4.93,4.76,-1.56,5.0,8.85,14.0,0.2,0.5,0.3,-10.85,2.29,11.11,0.36,5.0,11.44,14.0,0.2,0.5,0.3,992.12,1003.0,1023.72,1006.88,5.0,16.85,14.0,0.2,0.5,0.3,7.0,7.0,7.7,7.3,3.0,0.6,18.0,0.0,0.6,0.4,-97.1,-42.2,80.9,-6.9,5.0,137.8,14.0,0.2,0.5,0.3,-126.1,15.4,175.8,18.0,5.0,163.9,14.0,0.2,0.5,0.3,-0.05,1.0,5.99,2.64,5.0,3.59,14.0,0.2,0.5,0.3,-4.1,14.9,71.8,29.0,5.0,40.7,14.0,0.2,0.5,0.3,0.29,0.55,1.49,0.88,3.0,0.92,14.0,0.3,0.3,0.2,3.1,3.7,20.1,11.4,3.0,14.1,14.0,0.3,0.3,0.2,-14.1,0.0,24.5,6.4,5.0,31.0,14.0,0.2,0.5,0.3,7.5,11.4,26.5,17.7,5.0,17.8,14.0,0.2,0.5,0.3,-24.8,-15.8,36.3,5.3,3.0,48.3,14.0,0.3,0.3,0.2,-26.2,10.5,38.0,6.0,3.0,47.2,14.0,0.3,0.3,0.2,-7.6,-3.5,0.4,-3.6,3.0,5.8,14.0,0.3,0.3,0.2,-17.4,1.3,1.7,-7.6,3.0,15.9,14.0,0.3,0.3,0.2,620.5,2986.0,3894.0,2462.5,5.0,1898.5,14.0,0.2,0.5,0.3,620.0,2985.0,3895.0,2460.0,5.0,1900.0,14.0,0.2,0.5,0.3
1974,2,181.0,53.0,2.29,3.5,4.12,3.42,11.0,1.32,16.0,0.4,0.6,0.5,-2.57,0.75,3.07,0.76,10.0,2.88,14.0,0.4,0.6,0.5,3.01,3.62,3.89,3.43,9.0,0.53,14.0,0.3,0.6,0.6,71.2,84.2,100.0,86.1,9.0,13.1,14.0,0.3,0.6,7.99,11.3,18.83,13.03,11.0,5.3,16.0,0.4,0.6,0.5,-8.47,0.0,9.48,0.12,11.0,9.41,16.0,0.4,0.6,0.5,-12.77,-4.95,4.8,-3.5,11.0,10.62,16.0,0.4,0.6,0.5,997.13,1013.3,1029.17,1011.41,11.0,18.14,16.0,0.4,0.6,0.5,6.0,7.5,8.0,7.0,10.0,1.3,16.0,0.4,0.5,0.5,-176.3,0.0,92.2,-19.8,11.0,147.3,16.0,0.4,0.6,0.5,-214.3,-38.1,50.3,-53.7,11.0,197.4,16.0,0.4,0.6,0.5,-1.1,2.65,5.43,2.4,10.0,3.23,14.0,0.4,0.6,0.5,-8.4,40.4,65.1,35.1,10.0,40.8,14.0,0.4,0.6,0.5,0.99,1.22,1.77,1.3,9.0,0.72,14.0,0.3,0.6,0.6,8.3,14.0,21.9,16.1,9.0,11.6,14.0,0.3,0.6,0.6,0.0,16.7,28.5,14.0,10.0,15.4,14.0,0.4,0.6,0.5,-12.5,0.0,24.8,5.0,10.0,23.0,14.0,0.4,0.6,0.5,-24.3,0.0,29.6,-0.4,9.0,27.6,14.0,0.3,0.6,0.6,-37.5,-24.5,0.0,-21.3,9.0,29.1,14.0,0.3,0.6,0.6,-13.2,0.0,4.8,-2.2,9.0,10.9,14.0,0.3,0.6,0.6,-19.0,-9.0,0.0,-9.9,9.0,13.9,14.0,0.3,0.6,0.6,512.0,1443.0,6727.5,3258.5,11.0,3406.0,16.0,0.4,0.6,0.5,510.0,1445.0,6725.0,3260.0,11.0,3405.0,16.0,0.4,0.6,0.5
1974,2,181.0,54.0,2.0,3.0,3.67,2.94,7.0,1.11,10.0,0.3,0.5,0.1,-5.0,0.5,1.0,-1.5,7.0,2.86,10.0,0.3,0.5,0.1,2.73,3.11,3.39,3.06,4.0,0.41,10.0,0.3,0.4,0.1,77.0,81.6,86.2,81.6,4.0,6.3,10.0,0.3,0.1,5.86,8.7,10.43,8.44,7.0,3.24,10.0,0.3,0.5,0.1,-6.67,-2.05,-1.55,-3.74,7.0,3.32,10.0,0.3,0.5,0.1,-8.64,-5.64,-1.16,-3.54,7.0,7.18,10.0,0.3,0.5,0.1,997.68,1004.2,1033.94,1010.48,6.0,20.61,12.0,0.2,0.5,0.1,4.0,6.0,8.0,6.0,7.0,1.9,10.0,0.3,0.5,0.1,-85.5,-18.4,-12.0,-36.8,7.0,40.1,10.0,0.3,0.5,0.1,-76.0,-33.8,-0.9,-21.3,7.0,81.0,10.0,0.3,0.5,0.1,2.43,4.0,7.05,4.44,7.0,2.51,10.0,0.3,0.5,0.1,18.8,34.8,48.4,33.0,7.0,16.7,10.0,0.3,0.5,0.1,1.36,1.76,1.99,1.68,4.0,0.47,10.0,0.3,0.4,0.1,12.2,15.8,18.3,15.3,4.0,3.7,10.0,0.3,0.4,0.1,-1.9,-1.3,11.5,6.5,7.0,13.8,10.0,0.3,0.5,0.1,-8.6,5.6,14.1,4.5,7.0,13.5,10.0,0.3,0.5,0.1,-17.2,-6.9,-5.6,-11.2,4.0,9.8,10.0,0.3,0.4,0.1,-31.9,-24.7,-12.5,-22.3,4.0,13.1,10.0,0.3,0.4,0.1,-11.4,-4.0,-2.5,-6.8,4.0,7.2,10.0,0.3,0.4,0.1,-15.9,-11.8,-6.6,-11.3,4.0,6.4,10.0,0.3,0.4,0.1,207.0,658.5,1145.5,820.5,7.0,729.5,10.0,0.3,0.5,0.1,205.0,660.0,1145.0,820.0,7.0,730.0,10.0,0.3,0.5,0.1
1974,2,181.0,55.0,,,,,,,,,,,,,,,,,,,,,,,,,,,,,,,,,,,,,,,,3.94,6.2,10.02,6.82,5.0,3.73,14.0,0.0,0.5,0.6,-3.22,1.82,3.91,0.04,5.0,6.78,14.0,0.0,0.5,0.6,-6.07,-3.1,0.38,-3.04,5.0,3.81,14.0,0.0,0.5,0.6,998.56,1000.5,1018.33,1007.3,5.0,12.02,14.0,0.0,0.5,0.6,,,,,,,,,,,,,,,,,,,,,,,,,,,,,,,,,,,,,,,,,,,,,,,,,,,,,,,,,,,,,,,,,,,,,,,,,,,,,,,,,,,,,,,,,,,,,,,,,,,,,,,,,,,,,,,,,,,,,,,,,,,,,,,,,,,,,,,,,,,,,,,,,,,,,,
1974,2,181.0,57.0,1.0,1.0,1.0,1.0,3.0,0.0,22.0,0.0,0.5,0.3,-4.1,0.0,1.71,-1.17,3.0,4.37,22.0,0.0,0.5,0.3,3.71,3.71,3.71,3.71,1.0,0.0,20.0,0.0,0.5,0.5,100.0,100.0,100.0,100.0,1.0,0.0,20.0,0.0,0.5,0.63,2.0,2.07,1.37,3.0,1.18,22.0,0.0,0.5,0.3,-1.18,0.0,1.24,0.03,3.0,1.78,22.0,0.0,0.5,0.3,-0.68,0.0,0.72,0.02,3.0,1.03,22.0,0.0,0.5,0.3,1033.1,1033.75,1034.4,1033.75,2.0,1.34,20.0,0.0,0.5,0.5,2.8,4.5,6.2,4.5,2.0,3.5,22.0,0.0,0.5,0.3,-2.4,0.0,2.6,0.1,3.0,3.6,22.0,0.0,0.5,0.3,-1.4,0.0,1.5,0.1,3.0,2.1,22.0,0.0,0.5,0.3,-0.71,1.0,5.1,2.17,3.0,4.37,22.0,0.0,0.5,0.3,-2.0,0.0,10.0,3.9,3.0,9.5,22.0,0.0,0.5,0.3,0.28,0.28,0.28,0.28,1.0,0.0,20.0,0.0,0.5,0.5,0.0,0.0,0.0,0.0,1.0,0.0,20.0,0.0,0.5,0.5,-8.8,-4.3,-1.4,-5.1,3.0,5.5,22.0,0.0,0.5,0.3,-5.1,-2.5,-0.8,-2.9,3.0,3.2,22.0,0.0,0.5,0.3,0.0,0.0,0.0,0.0,1.0,0.0,20.0,0.0,0.5,0.5,0.0,0.0,0.0,0.0,1.0,0.0,20.0,0.0,0.5,0.5,0.0,0.0,0.0,0.0,1.0,0.0,20.0,0.0,0.5,0.5,0.0,0.0,0.0,0.0,1.0,0.0,20.0,0.0,0.5,0.5,2.5,8.0,9.0,6.0,3.0,5.0,22.0,0.0,0.5,0.3,5.0,10.0,10.0,5.0,3.0,5.0,22.0,0.0,0.5,0.3
1974,2,181.0,58.0,1.24,1.4,1.6,1.36,16.0,0.41,18.0,0.3,0.8,0.7,-5.62,0.8,6.18,-0.16,17.0,6.59,16.0,0.3,0.8,0.7,2.04,2.04,2.04,2.04,1.0,0.0,20.0,0.0,0.6,0.5,54.9,54.9,54.9,54.9,1.0,0.0,20.0,0.0,0.5,7.22,9.0,13.48,9.82,15.0,3.5,16.0,0.3,0.7,0.7,-9.55,-4.75,5.15,-3.75,15.0,7.55,16.0,0.3,0.7,0.7,-5.76,-1.39,5.13,-0.09,15.0,6.6,16.0,0.3,0.7,0.7,1005.93,1016.55,1039.39,1019.77,18.0,13.63,16.0,0.3,0.8,0.7,7.0,8.0,8.0,7.4,16.0,1.3,18.0,0.3,0.8,0.7,-109.4,-58.2,35.5,-48.2,15.0,95.5,16.0,0.3,0.7,0.7,-59.7,-11.1,36.2,7.5,15.0,80.8,16.0,0.3,0.7,0.7,-4.93,-0.6,3.53,-0.28,15.0,4.18,18.0,0.3,0.8,0.7,-52.3,-5.9,53.8,-4.1,12.0,51.1,18.0,0.3,0.8,0.7,1.68,1.68,1.68,1.68,1.0,0.0,20.0,0.0,0.6,0.5,9.6,9.6,9.6,9.6,1.0,0.0,20.0,0.0,0.6,0.5,-48.7,4.3,50.1,1.9,14.0,57.1,16.0,0.3,0.8,0.7,-25.2,-4.5,28.4,-0.7,14.0,32.6,16.0,0.3,0.8,0.7,4.0,4.0,4.0,4.0,1.0,0.0,20.0,0.0,0.6,0.5,10.9,10.9,10.9,10.9,1.0,0.0,20.0,0.0,0.6,0.5,3.3,3.3,3.3,3.3,1.0,0.0,20.0,0.0,0.6,0.5,9.0,9.0,9.0,9.0,1.0,0.0,20.0,0.0,0.6,0.5,380.5,729.0,2473.0,1302.0,15.0,1360.5,16.0,0.3,0.7,0.7,380.0,730.0,2475.0,1300.0,15.0,1360.0,16.0,0.3,0.7,0.7
1974,2,181.0,59.0,0.5,1.3,2.0,1.22,67.0,0.89,14.0,0.2,0.7,0.4,-10.37,-5.25,-0.03,-5.15,72.0,5.08,14.0,0.2,0.7,0.4,1.65,2.77,3.42,2.55,26.0,0.79,16.0,0.2,0.6,0.5,80.2,89.2,94.9,87.7,26.0,7.0,16.0,0.2,0.5,4.55,9.8,13.58,9.24,68.0,4.45,14.0,0.2,0.7,0.4,-8.63,-2.18,2.55,-2.49,68.0,6.59,14.0,0.2,0.7,0.4,-10.71,-6.0,0.2,-4.74,68.0,5.82,14.0,0.2,0.7,0.4,1003.15,1013.0,1038.88,1017.1,75.0,13.76,14.0,0.2,0.7,0.4,6.0,8.0,8.0,7.0,62.0,1.7,14.0,0.3,0.7,0.4,-97.5,-17.1,10.5,-30.2,68.0,87.1,14.0,0.2,0.7,0.4,-121.0,-53.3,0.6,-52.2,68.0,76.2,14.0,0.2,0.7,0.4,2.0,6.8,11.78,6.34,65.0,4.77,14.0,0.2,0.7,0.4,4.0,78.0,119.4,65.2,59.0,53.7,14.0,0.2,0.7,0.4,0.75,1.34,2.92,1.75,26.0,0.9,16.0,0.2,0.6,0.5,2.6,15.9,31.8,18.4,25.0,13.4,14.0,0.2,0.6,0.5,0.0,13.3,65.9,24.8,65.0,36.8,14.0,0.2,0.7,0.4,0.0,36.2,85.3,39.1,65.0,44.6,14.0,0.2,0.7,0.4,-18.7,-8.9,8.7,-6.0,25.0,17.6,14.0,0.2,0.6,0.5,-18.2,-5.7,7.8,-5.9,25.0,13.6,14.0,0.2,0.6,0.5,-20.0,-8.2,2.4,-8.6,25.0,10.9,14.0,0.2,0.6,0.5,-27.1,-4.7,3.2,-10.8,25.0,14.7,14.0,0.2,0.6,0.5,101.0,941.0,2508.5,1292.0,68.0,1252.5,14.0,0.2,0.7,0.4,100.0,940.0,2510.0,1290.0,68.0,1250.0,14.0,0.2,0.7,0.4
1974,2,181.0,60.0,-1.7,-0.5,1.5,-0.22,45.0,1.28,12.0,0.2,0.6,0.3,-16.03,-13.0,-1.12,-11.08,51.0,6.63,12.0,0.2,0.6,0.3,2.72,3.29,3.53,3.21,9.0,0.49,26.0,0.1,0.3,0.1,75.3,93.0,98.5,88.3,9.0,12.5,26.0,0.1,0.1,5.66,11.8,14.9,10.73,49.0,4.85,10.0,0.2,0.6,0.3,-8.37,-2.3,1.98,-2.85,49.0,6.33,10.0,0.2,0.6,0.3,-12.96,-6.3,-2.12,-7.24,49.0,6.25,10.0,0.2,0.6,0.3,1004.11,1011.9,1021.67,1013.22,52.0,10.7,10.0,0.2,0.6,0.3,6.0,8.0,8.0,7.1,39.0,1.6,12.0,0.3,0.6,0.3,-124.4,-12.3,18.1,-38.2,49.0,89.9,10.0,0.2,0.6,0.3,-184.9,-67.2,-7.8,-95.6,49.0,120.9,10.0,0.2,0.6,0.3,1.88,12.5,15.0,10.58,44.0,6.04,12.0,0.2,0.6,0.3,23.1,111.2,198.1,110.7,41.0,78.3,12.0,0.2,0.6,0.3,0.68,0.86,1.46,1.02,9.0,0.46,26.0,0.1,0.3,0.1,4.6,10.3,18.8,10.9,8.0,6.9,26.0,0.0,0.3,0.1,-9.0,9.3,97.0,37.1,48.0,73.5,10.0,0.2,0.6,0.3,2.8,81.5,166.5,96.7,48.0,79.0,10.0,0.2,0.6,0.3,-16.4,9.0,28.5,4.9,8.0,31.1,26.0,0.0,0.3,0.1,-15.0,-4.0,14.5,0.3,8.0,17.0,26.0,0.0,0.3,0.1,-9.6,3.3,10.0,2.2,8.0,9.7,26.0,0.0,0.3,0.1,-5.1,-0.9,2.8,0.0,8.0,9.2,26.0,0.0,0.3,0.1,184.0,1643.0,3308.0,2023.5,49.0,2676.0,10.0,0.2,0.6,0.3,185.0,1645.0,3310.0,2025.0,49.0,2675.0,10.0,0.2,0.6,0.3
1974,2,181.0,61.0,,,,,,,,,,,,,,,,,,,,,,,,,,,,,,,,,,,,,,,,10.7,14.9,18.1,15.08,13.0,4.17,2.0,0.3,0.5,0.1,-6.3,-4.41,3.76,-2.22,13.0,4.78,2.0,0.3,0.5,0.1,-17.0,-14.0,-9.9,-14.08,13.0,4.58,2.0,0.3,0.5,0.1,1007.14,1009.1,1011.37,1009.16,14.0,3.13,2.0,0.3,0.5,0.1,,,,,,,,,,,,,,,,,,,,,,,,,,,,,,,,,,,,,,,,,,,,,,,,,,,,,,,,,,,,,,,,,,,,,,,,,,,,,,,,,,,,,,,,,,,,,,,,,,,,,,,,,,,,,,,,,,,,,,,,,,,,,,,,,,,,,,,,,,,,,,,,,,,,,,
1974,2,182.0,-75.0,-0.5,-0.5,-0.5,-0.5,1.0,0.0,18.0,1.0,0.1,0.9,-3.0,-3.0,-3.0,-3.0,1.0,0.0,18.0,1.0,0.1,0.9,2.31,2.31,2.31,2.31,1.0,0.0,18.0,1.0,0.1,0.9,73.3,73.3,73.3,73.3,1.0,0.0,18.0,1.0,0.9,2.1,2.1,2.1,2.1,1.0,0.0,18.0,1.0,0.1,0.9,-2.07,-2.07,-2.07,-2.07,1.0,0.0,18.0,1.0,0.1,0.9,-0.36,-0.36,-0.36,-0.36,1.0,0.0,18.0,1.0,0.1,0.9,972.0,972.0,972.0,972.0,1.0,0.0,18.0,1.0,0.1,0.9,7.0,7.0,7.0,7.0,1.0,0.0,18.0,1.0,0.1,0.9,-4.3,-4.3,-4.3,-4.3,1.0,0.0,18.0,1.0,0.1,0.9,-0.8,-0.8,-0.8,-0.8,1.0,0.0,18.0,1.0,0.1,0.9,2.5,2.5,2.5,2.5,1.0,0.0,18.0,1.0,0.1,0.9,5.3,5.3,5.3,5.3,1.0,0.0,18.0,1.0,0.1,0.9,1.48,1.48,1.48,1.48,1.0,0.0,18.0,1.0,0.1,0.9,3.1,3.1,3.1,3.1,1.0,0.0,18.0,1.0,0.1,0.9,6.2,6.2,6.2,6.2,1.0,0.0,18.0,1.0,0.1,0.9,1.1,1.1,1.1,1.1,1.0,0.0,18.0,1.0,0.1,0.9,-4.8,-4.8,-4.8,-4.8,1.0,0.0,18.0,1.0,0.1,0.9,-0.8,-0.8,-0.8,-0.8,1.0,0.0,18.0,1.0,0.1,0.9,-3.1,-3.1,-3.1,-3.1,1.0,0.0,18.0,1.0,0.1,0.9,-0.5,-0.5,-0.5,-0.5,1.0,0.0,18.0,1.0,0.1,0.9,9.5,9.5,9.5,9.5,1.0,0.0,18.0,1.0,0.1,0.9,10.0,10.0,10.0,10.0,1.0,0.0,18.0,1.0,0.1,0.9
1974,2,182.0,-71.0,-0.6,-0.6,-0.6,-0.6,1.0,0.0,20.0,1.0,0.5,0.3,-1.1,-1.1,-1.1,-1.1,1.0,0.0,20.0,1.0,0.5,0.3,3.6,3.6,3.6,3.6,1.0,0.0,20.0,1.0,0.5,0.3,100.0,100.0,100.0,100.0,1.0,0.0,20.0,1.0,0.3,7.7,7.7,7.7,7.7,1.0,0.0,20.0,1.0,0.5,0.3,2.63,2.63,2.63,2.63,1.0,0.0,20.0,1.0,0.5,0.3,-7.24,-7.24,-7.24,-7.24,1.0,0.0,20.0,1.0,0.5,0.3,980.7,980.7,980.7,980.7,1.0,0.0,20.0,1.0,0.5,0.3,6.0,6.0,6.0,6.0,1.0,0.0,20.0,1.0,0.5,0.3,20.3,20.3,20.3,20.3,1.0,0.0,20.0,1.0,0.5,0.3,-55.7,-55.7,-55.7,-55.7,1.0,0.0,20.0,1.0,0.5,0.3,0.5,0.5,0.5,0.5,1.0,0.0,20.0,1.0,0.5,0.3,3.9,3.9,3.9,3.9,1.0,0.0,20.0,1.0,0.5,0.3,0.13,0.13,0.13,0.13,1.0,0.0,20.0,1.0,0.5,0.3,1.0,1.0,1.0,1.0,1.0,0.0,20.0,1.0,0.5,0.3,-2.9,-2.9,-2.9,-2.9,1.0,0.0,20.0,1.0,0.5,0.3,8.0,8.0,8.0,8.0,1.0,0.0,20.0,1.0,0.5,0.3,9.5,9.5,9.5,9.5,1.0,0.0,20.0,1.0,0.5,0.3,-26.1,-26.1,-26.1,-26.1,1.0,0.0,20.0,1.0,0.5,0.3,0.4,0.4,0.4,0.4,1.0,0.0,20.0,1.0,0.5,0.3,-1.0,-1.0,-1.0,-1.0,1.0,0.0,20.0,1.0,0.5,0.3,456.5,456.5,456.5,456.5,1.0,0.0,20.0,1.0,0.5,0.3,455.0,455.0,455.0,455.0,1.0,0.0,20.0,1.0,0.5,0.3
1974,2,182.0,-55.0,8.3,8.3,8.3,8.3,1.0,0.0,28.0,1.0,1.0,1.0,8.8,8.8,8.8,8.8,1.0,0.0,28.0,1.0,1.0,1.0,5.31,5.31,5.31,5.31,1.0,0.0,28.0,1.0,1.0,1.0,74.9,74.9,74.9,74.9,1.0,0.0,28.0,1.0,1.0,6.7,6.7,6.7,6.7,1.0,0.0,28.0,1.0,1.0,1.0,0.0,0.0,0.0,0.0,1.0,0.0,28.0,1.0,1.0,1.0,6.7,6.7,6.7,6.7,1.0,0.0,28.0,1.0,1.0,1.0,1000.7,1000.7,1000.7,1000.7,1.0,0.0,28.0,1.0,1.0,1.0,8.0,8.0,8.0,8.0,1.0,0.0,28.0,1.0,1.0,1.0,0.0,0.0,0.0,0.0,1.0,0.0,28.0,1.0,1.0,1.0,44.9,44.9,44.9,44.9,1.0,0.0,28.0,1.0,1.0,1.0,-0.5,-0.5,-0.5,-0.5,1.0,0.0,28.0,1.0,1.0,1.0,-3.3,-3.3,-3.3,-3.3,1.0,0.0,28.0,1.0,1.0,1.0,1.55,1.55,1.55,1.55,1.0,0.0,28.0,1.0,1.0,1.0,10.4,10.4,10.4,10.4,1.0,0.0,28.0,1.0,1.0,1.0,0.0,0.0,0.0,0.0,1.0,0.0,28.0,1.0,1.0,1.0,59.0,59.0,59.0,59.0,1.0,0.0,28.0,1.0,1.0,1.0,0.0,0.0,0.0,0.0,1.0,0.0,28.0,1.0,1.0,1.0,35.6,35.6,35.6,35.6,1.0,0.0,28.0,1.0,1.0,1.0,0.0,0.0,0.0,0.0,1.0,0.0,28.0,1.0,1.0,1.0,10.4,10.4,10.4,10.4,1.0,0.0,28.0,1.0,1.0,1.0,301.0,301.0,301.0,301.0,1.0,0.0,28.0,1.0,1.0,1.0,300.0,300.0,300.0,300.0,1.0,0.0,28.0,1.0,1.0,1.0
1974,2,182.0,-53.0,12.0,12.0,12.0,12.0,1.0,0.0,20.0,1.0,0.9,0.8,10.5,10.5,10.5,10.5,1.0,0.0,20.0,1.0,0.9,0.8,7.46,7.46,7.46,7.46,1.0,0.0,20.0,1.0,0.9,0.8,94.2,94.2,94.2,94.2,1.0,0.0,20.0,1.0,0.8,14.4,14.4,14.4,14.4,1.0,0.0,20.0,1.0,0.9,0.8,14.4,14.4,14.4,14.4,1.0,0.0,20.0,1.0,0.9,0.8,0.0,0.0,0.0,0.0,1.0,0.0,20.0,1.0,0.9,0.8,1004.8,1004.8,1004.8,1004.8,1.0,0.0,20.0,1.0,0.9,0.8,8.0,8.0,8.0,8.0,1.0,0.0,20.0,1.0,0.9,0.8,207.4,207.4,207.4,207.4,1.0,0.0,20.0,1.0,0.9,0.8,0.0,0.0,0.0,0.0,1.0,0.0,20.0,1.0,0.9,0.8,1.5,1.5,1.5,1.5,1.0,0.0,20.0,1.0,0.9,0.8,21.6,21.6,21.6,21.6,1.0,0.0,20.0,1.0,0.9,0.8,1.3,1.3,1.3,1.3,1.0,0.0,20.0,1.0,0.9,0.8,18.7,18.7,18.7,18.7,1.0,0.0,20.0,1.0,0.9,0.8,151.2,151.2,151.2,151.2,1.0,0.0,20.0,1.0,0.9,0.8,0.0,0.0,0.0,0.0,1.0,0.0,20.0,1.0,0.9,0.8,107.5,107.5,107.5,107.5,1.0,0.0,20.0,1.0,0.9,0.8,0.0,0.0,0.0,0.0,1.0,0.0,20.0,1.0,0.9,0.8,18.7,18.7,18.7,18.7,1.0,0.0,20.0,1.0,0.9,0.8,0.0,0.0,0.0,0.0,1.0,0.0,20.0,1.0,0.9,0.8,2986.0,2986.0,2986.0,2986.0,1.0,0.0,20.0,1.0,0.9,0.8,2985.0,2985.0,2985.0,2985.0,1.0,0.0,20.0,1.0,0.9,0.8
1974,2,182.0,-49.0,12.0,12.0,12.0,12.0,1.0,0.0,22.0,1.0,0.7,0.1,10.0,10.0,10.0,10.0,1.0,0.0,22.0,1.0,0.7,0.1,4.89,4.89,4.89,4.89,1.0,0.0,22.0,1.0,0.7,0.1,64.9,64.9,64.9,64.9,1.0,0.0,22.0,1.0,0.1,11.3,11.3,11.3,11.3,1.0,0.0,22.0,1.0,0.7,0.1,0.0,0.0,0.0,0.0,1.0,0.0,22.0,1.0,0.7,0.1,11.3,11.3,11.3,11.3,1.0,0.0,22.0,1.0,0.7,0.1,1020.7,1020.7,1020.7,1020.7,1.0,0.0,22.0,1.0,0.7,0.1,2.0,2.0,2.0,2.0,1.0,0.0,22.0,1.0,0.7,0.1,0.0,0.0,0.0,0.0,1.0,0.0,22.0,1.0,0.7,0.1,127.7,127.7,127.7,127.7,1.0,0.0,22.0,1.0,0.7,0.1,2.0,2.0,2.0,2.0,1.0,0.0,22.0,1.0,0.7,0.1,22.6,22.6,22.6,22.6,1.0,0.0,22.0,1.0,0.7,0.1,3.74,3.74,3.74,3.74,1.0,0.0,22.0,1.0,0.7,0.1,42.2,42.2,42.2,42.2,1.0,0.0,22.0,1.0,0.7,0.1,0.0,0.0,0.0,0.0,1.0,0.0,22.0,1.0,0.7,0.1,113.0,113.0,113.0,113.0,1.0,0.0,22.0,1.0,0.7,0.1,0.0,0.0,0.0,0.0,1.0,0.0,22.0,1.0,0.7,0.1,55.2,55.2,55.2,55.2,1.0,0.0,22.0,1.0,0.7,0.1,0.0,0.0,0.0,0.0,1.0,0.0,22.0,1.0,0.7,0.1,42.2,42.2,42.2,42.2,1.0,0.0,22.0,1.0,0.7,0.1,1443.0,1443.0,1443.0,1443.0,1.0,0.0,22.0,1.0,0.7,0.1,1445.0,1445.0,1445.0,1445.0,1.0,0.0,22.0,1.0,0.7,0.1
1974,2,182.0,-47.0,14.4,14.4,14.4,14.4,1.0,0.0,18.0,1.0,0.9,0.7,11.9,11.9,11.9,11.9,1.0,0.0,18.0,1.0,0.9,0.7,6.82,6.82,6.82,6.82,1.0,0.0,18.0,1.0,0.9,0.7,80.2,80.2,80.2,80.2,1.0,0.0,18.0,1.0,0.7,2.1,2.1,2.1,2.1,1.0,0.0,18.0,1.0,0.9,0.7,0.0,0.0,0.0,0.0,1.0,0.0,18.0,1.0,0.9,0.7,2.1,2.1,2.1,2.1,1.0,0.0,18.0,1.0,0.9,0.7,1028.1,1028.1,1028.1,1028.1,1.0,0.0,18.0,1.0,0.9,0.7,8.0,8.0,8.0,8.0,1.0,0.0,18.0,1.0,0.9,0.7,0.0,0.0,0.0,0.0,1.0,0.0,18.0,1.0,0.9,0.7,4.4,4.4,4.4,4.4,1.0,0.0,18.0,1.0,0.9,0.7,2.5,2.5,2.5,2.5,1.0,0.0,18.0,1.0,0.9,0.7,5.3,5.3,5.3,5.3,1.0,0.0,18.0,1.0,0.9,0.7,3.21,3.21,3.21,3.21,1.0,0.0,18.0,1.0,0.9,0.7,6.7,6.7,6.7,6.7,1.0,0.0,18.0,1.0,0.9,0.7,0.0,0.0,0.0,0.0,1.0,0.0,18.0,1.0,0.9,0.7,25.0,25.0,25.0,25.0,1.0,0.0,18.0,1.0,0.9,0.7,0.0,0.0,0.0,0.0,1.0,0.0,18.0,1.0,0.9,0.7,14.3,14.3,14.3,14.3,1.0,0.0,18.0,1.0,0.9,0.7,0.0,0.0,0.0,0.0,1.0,0.0,18.0,1.0,0.9,0.7,6.7,6.7,6.7,6.7,1.0,0.0,18.0,1.0,0.9,0.7,9.5,9.5,9.5,9.5,1.0,0.0,18.0,1.0,0.9,0.7,10.0,10.0,10.0,10.0,1.0,0.0,18.0,1.0,0.9,0.7
1974,2,182.0,-45.0,16.7,16.7,16.7,16.7,1.0,0.0,16.0,0.0,0.2,0.2,14.2,14.2,14.2,14.2,1.0,0.0,16.0,0.0,0.2,0.2,6.42,6.42,6.42,6.42,1.0,0.0,16.0,0.0,0.2,0.2,64.9,64.9,64.9,64.9,1.0,0.0,16.0,0.0,0.2,5.7,5.7,5.7,5.7,1.0,0.0,16.0,0.0,0.2,0.2,-4.37,-4.37,-4.37,-4.37,1.0,0.0,16.0,0.0,0.2,0.2,3.66,3.66,3.66,3.66,1.0,0.0,16.0,0.0,0.2,0.2,1026.8,1026.8,1026.8,1026.8,1.0,0.0,16.0,0.0,0.2,0.2,8.0,8.0,8.0,8.0,1.0,0.0,16.0,0.0,0.2,0.2,-24.9,-24.9,-24.9,-24.9,1.0,0.0,16.0,0.0,0.2,0.2,20.9,20.9,20.9,20.9,1.0,0.0,16.0,0.0,0.2,0.2,2.5,2.5,2.5,2.5,1.0,0.0,16.0,0.0,0.2,0.2,14.3,14.3,14.3,14.3,1.0,0.0,16.0,0.0,0.2,0.2,5.23,5.23,5.23,5.23,1.0,0.0,16.0,0.0,0.2,0.2,29.8,29.8,29.8,29.8,1.0,0.0,16.0,0.0,0.2,0.2,-62.0,-62.0,-62.0,-62.0,1.0,0.0,16.0,0.0,0.2,0.2,52.0,52.0,52.0,52.0,1.0,0.0,16.0,0.0,0.2,0.2,-28.0,-28.0,-28.0,-28.0,1.0,0.0,16.0,0.0,0.2,0.2,23.5,23.5,23.5,23.5,1.0,0.0,16.0,0.0,0.2,0.2,-22.8,-22.8,-22.8,-22.8,1.0,0.0,16.0,0.0,0.2,0.2,19.1,19.1,19.1,19.1,1.0,0.0,16.0,0.0,0.2,0.2,185.0,185.0,185.0,185.0,1.0,0.0,16.0,0.0,0.2,0.2,185.0,185.0,185.0,185.0,1.0,0.0,16.0,0.0,0.2,0.2
1974,2,182.0,-43.0,18.8,18.8,18.8,18.8,1.0,0.0,6.0,1.0,0.1,0.8,17.6,17.6,17.6,17.6,1.0,0.0,6.0,1.0,0.1,0.8,11.66,11.66,11.66,11.66,1.0,0.0,6.0,1.0,0.1,0.8,93.9,93.9,93.9,93.9,1.0,0.0,6.0,1.0,0.8,7.2,7.2,7.2,7.2,1.0,0.0,6.0,1.0,0.1,0.8,-6.77,-6.77,-6.77,-6.77,1.0,0.0,6.0,1.0,0.1,0.8,-2.46,-2.46,-2.46,-2.46,1.0,0.0,6.0,1.0,0.1,0.8,1019.0,1019.0,1019.0,1019.0,1.0,0.0,6.0,1.0,0.1,0.8,8.0,8.0,8.0,8.0,1.0,0.0,6.0,1.0,0.1,0.8,-48.7,-48.7,-48.7,-48.7,1.0,0.0,6.0,1.0,0.1,0.8,-17.7,-17.7,-17.7,-17.7,1.0,0.0,6.0,1.0,0.1,0.8,1.2,1.2,1.2,1.2,1.0,0.0,6.0,1.0,0.1,0.8,8.6,8.6,8.6,8.6,1.0,0.0,6.0,1.0,0.1,0.8,1.75,1.75,1.75,1.75,1.0,0.0,6.0,1.0,0.1,0.8,12.6,12.6,12.6,12.6,1.0,0.0,6.0,1.0,0.1,0.8,-119.1,-119.1,-119.1,-119.1,1.0,0.0,6.0,1.0,0.1,0.8,-43.3,-43.3,-43.3,-43.3,1.0,0.0,6.0,1.0,0.1,0.8,-78.9,-78.9,-78.9,-78.9,1.0,0.0,6.0,1.0,0.1,0.8,-28.7,-28.7,-28.7,-28.7,1.0,0.0,6.0,1.0,0.1,0.8,-11.8,-11.8,-11.8,-11.8,1.0,0.0,6.0,1.0,0.1,0.8,-4.3,-4.3,-4.3,-4.3,1.0,0.0,6.0,1.0,0.1,0.8,373.0,373.0,373.0,373.0,1.0,0.0,6.0,1.0,0.1,0.8,375.0,375.0,375.0,375.0,1.0,0.0,6.0,1.0,0.1,0.8
1974,2,182.0,-41.0,20.6,20.6,20.6,20.6,1.0,0.0,18.0,0.0,0.6,0.4,18.3,18.3,18.3,18.3,1.0,0.0,18.0,0.0,0.6,0.4,12.55,12.55,12.55,12.55,1.0,0.0,18.0,0.0,0.6,0.4,96.9,96.9,96.9,96.9,1.0,0.0,18.0,0.0,0.4,5.1,5.1,5.1,5.1,1.0,0.0,18.0,0.0,0.6,0.4,-3.91,-3.91,-3.91,-3.91,1.0,0.0,18.0,0.0,0.6,0.4,3.28,3.28,3.28,3.28,1.0,0.0,18.0,0.0,0.6,0.4,1021.8,1021.8,1021.8,1021.8,1.0,0.0,18.0,0.0,0.6,0.4,8.0,8.0,8.0,8.0,1.0,0.0,18.0,0.0,0.6,0.4,-19.9,-19.9,-19.9,-19.9,1.0,0.0,18.0,0.0,0.6,0.4,16.7,16.7,16.7,16.7,1.0,0.0,18.0,0.0,0.6,0.4,2.3,2.3,2.3,2.3,1.0,0.0,18.0,0.0,0.6,0.4,11.7,11.7,11.7,11.7,1.0,0.0,18.0,0.0,0.6,0.4,2.42,2.42,2.42,2.42,1.0,0.0,18.0,0.0,0.6,0.4,12.3,12.3,12.3,12.3,1.0,0.0,18.0,0.0,0.6,0.4,-71.5,-71.5,-71.5,-71.5,1.0,0.0,18.0,0.0,0.6,0.4,60.0,60.0,60.0,60.0,1.0,0.0,18.0,0.0,0.6,0.4,-49.0,-49.0,-49.0,-49.0,1.0,0.0,18.0,0.0,0.6,0.4,41.1,41.1,41.1,41.1,1.0,0.0,18.0,0.0,0.6,0.4,-9.4,-9.4,-9.4,-9.4,1.0,0.0,18.0,0.0,0.6,0.4,7.9,7.9,7.9,7.9,1.0,0.0,18.0,0.0,0.6,0.4,132.5,132.5,132.5,132.5,1.0,0.0,18.0,0.0,0.6,0.4,135.0,135.0,135.0,135.0,1.0,0.0,18.0,0.0,0.6,0.4
1974,2,182.0,-40.0,19.66,20.0,21.09,20.37,3.0,1.1,16.0,1.0,0.5,0.7,19.32,20.0,20.68,20.0,3.0,1.0,16.0,1.0,0.5,0.7,10.81,11.9,12.87,11.84,3.0,1.51,16.0,1.0,0.5,0.7,78.3,82.9,85.9,82.1,3.0,5.6,16.0,1.0,0.7,1.63,5.15,8.67,5.15,2.0,7.28,18.0,1.0,0.6,0.7,-5.57,-3.31,-1.05,-3.31,2.0,4.68,18.0,1.0,0.6,0.7,-6.64,-3.95,-1.25,-3.95,2.0,5.58,18.0,1.0,0.6,0.7,1021.1,1023.9,1025.06,1023.1,3.0,2.98,16.0,1.0,0.5,0.7,4.0,6.0,7.4,5.7,3.0,2.5,16.0,1.0,0.5,0.7,-57.4,-34.1,-10.8,-34.1,2.0,48.2,18.0,1.0,0.6,0.7,-68.4,-40.6,-12.9,-40.6,2.0,57.5,18.0,1.0,0.6,0.7,-0.15,0.6,0.87,0.37,3.0,0.78,16.0,1.0,0.5,0.7,1.6,5.2,8.7,5.2,2.0,7.3,18.0,1.0,0.6,0.7,2.2,2.55,3.63,2.91,3.0,1.1,16.0,1.0,0.5,0.7,6.8,21.3,35.9,21.3,2.0,30.2,18.0,1.0,0.6,0.7,-105.8,-62.9,-20.0,-62.9,2.0,88.9,18.0,1.0,0.6,0.7,-126.1,-75.0,-23.8,-75.0,2.0,106.0,18.0,1.0,0.6,0.7,-57.4,-34.1,-10.8,-34.1,2.0,48.2,18.0,1.0,0.6,0.7,-68.4,-40.7,-12.9,-40.7,2.0,57.5,18.0,1.0,0.6,0.7,-23.1,-13.7,-4.4,-13.7,2.0,19.4,18.0,1.0,0.6,0.7,-27.5,-16.3,-5.2,-16.3,2.0,23.1,18.0,1.0,0.6,0.7,173.5,546.5,919.5,546.5,2.0,772.5,18.0,1.0,0.6,0.7,175.0,545.0,920.0,545.0,2.0,775.0,18.0,1.0,0.6,0.7
1974,2,182.0,-37.0,21.73,21.8,23.03,22.37,3.0,1.07,24.0,1.0,0.4,0.6,20.34,22.8,24.1,22.23,3.0,2.79,24.0,1.0,0.4,0.6,12.15,13.94,14.11,13.15,3.0,1.59,24.0,1.0,0.4,0.6,75.2,81.2,81.9,78.6,3.0,5.4,24.0,1.0,0.6,4.39,9.3,14.9,9.63,3.0,7.71,24.0,1.0,0.4,0.6,-12.1,-9.3,-1.54,-6.88,3.0,8.02,24.0,1.0,0.4,0.6,0.12,0.36,7.79,3.87,3.0,6.39,24.0,1.0,0.4,0.6,1006.96,1012.9,1016.24,1011.63,3.0,6.89,24.0,1.0,0.4,0.6,4.6,8.0,8.0,6.3,3.0,2.9,24.0,1.0,0.4,0.6,-187.6,-86.5,-24.5,-105.6,3.0,120.6,24.0,1.0,0.4,0.6,0.2,0.8,134.6,65.9,3.0,113.4,24.0,1.0,0.4,0.6,-1.1,-1.1,1.43,0.13,3.0,2.14,24.0,1.0,0.4,0.6,-7.7,-2.3,30.3,11.0,3.0,30.2,24.0,1.0,0.4,0.6,2.67,4.14,4.79,3.74,3.0,1.6,24.0,1.0,0.4,0.6,11.8,18.4,66.7,38.8,3.0,43.9,24.0,1.0,0.4,0.6,-243.0,-212.0,-32.4,-139.4,3.0,166.6,24.0,1.0,0.4,0.6,2.9,9.0,150.3,75.0,3.0,122.2,24.0,1.0,0.4,0.6,-145.4,-131.9,-22.2,-84.9,3.0,99.0,24.0,1.0,0.4,0.6,1.6,5.1,88.5,44.1,3.0,72.0,24.0,1.0,0.4,0.6,-52.5,-18.4,0.0,-26.1,3.0,39.0,24.0,1.0,0.4,0.6,0.5,1.5,39.6,19.6,3.0,32.7,24.0,1.0,0.4,0.6,261.5,804.5,3913.5,2057.5,3.0,2887.0,24.0,1.0,0.4,0.6,260.0,805.0,3915.0,2060.0,3.0,2885.0,24.0,1.0,0.4,0.6
1974,2,182.0,-36.0,,,,,,,,,,,,,,,,,,,,,,,,,,,,,,,,,,,,,,,,3.1,3.1,3.1,3.1,1.0,0.0,20.0,1.0,0.5,0.8,-1.06,-1.06,-1.06,-1.06,1.0,0.0,20.0,1.0,0.5,0.8,-2.91,-2.91,-2.91,-2.91,1.0,0.0,20.0,1.0,0.5,0.8,1015.5,1015.5,1015.5,1015.5,1.0,0.0,20.0,1.0,0.5,0.8,4.0,4.0,4.0,4.0,1.0,0.0,20.0,1.0,0.5,0.8,-3.3,-3.3,-3.3,-3.3,1.0,0.0,20.0,1.0,0.5,0.8,-9.0,-9.0,-9.0,-9.0,1.0,0.0,20.0,1.0,0.5,0.8,,,,,,,,,,,,,,,,,,,,,,,,,,,,,,,,,,,,,,,,,-24.6,-24.6,-24.6,-24.6,1.0,0.0,20.0,1.0,0.5,0.8,-67.6,-67.6,-67.6,-67.6,1.0,0.0,20.0,1.0,0.5,0.8,-15.4,-15.4,-15.4,-15.4,1.0,0.0,20.0,1.0,0.5,0.8,-42.3,-42.3,-42.3,-42.3,1.0,0.0,20.0,1.0,0.5,0.8,,,,,,,,,,,,,,,,,,,,,,,,,,,,,,,,,,,,,,,,
1974,2,182.0,-35.0,21.88,22.9,23.92,22.9,2.0,2.12,16.0,1.0,0.8,0.3,22.3,22.5,22.7,22.5,2.0,0.42,12.0,1.0,0.8,0.6,14.99,15.11,15.24,15.11,2.0,0.26,12.0,1.0,0.8,0.6,89.2,89.6,89.9,89.6,2.0,0.7,12.0,1.0,0.6,4.56,7.7,7.7,6.17,3.0,2.66,14.0,1.0,0.7,0.4,-7.55,-7.24,-4.41,-6.01,3.0,2.53,14.0,1.0,0.7,0.4,-1.8,0.0,0.0,-0.88,3.0,1.52,14.0,1.0,0.7,0.4,1016.7,1018.2,1018.47,1017.6,3.0,1.4,14.0,1.0,0.7,0.4,5.0,7.0,7.7,6.3,3.0,2.1,14.0,1.0,0.7,0.4,-58.2,-55.7,-24.2,-41.5,3.0,27.7,14.0,1.0,0.7,0.4,-13.8,0.0,0.0,-6.8,3.0,11.7,14.0,1.0,0.7,0.4,-0.8,-0.8,-0.8,-0.8,1.0,0.0,12.0,1.0,1.0,0.4,-6.2,-6.2,-6.2,-6.2,1.0,0.0,12.0,1.0,1.0,0.4,0.86,0.86,0.86,0.86,1.0,0.0,12.0,1.0,1.0,0.4,6.6,6.6,6.6,6.6,1.0,0.0,12.0,1.0,1.0,0.4,-170.0,-168.0,-165.9,-168.0,2.0,4.2,12.0,1.0,0.8,0.6,-50.5,-30.0,-9.5,-30.0,2.0,42.5,12.0,1.0,0.8,0.6,-114.3,-112.8,-111.4,-112.8,2.0,3.0,12.0,1.0,0.8,0.6,-33.9,-20.1,-6.4,-20.1,2.0,28.5,12.0,1.0,0.8,0.6,-6.6,-6.6,-6.6,-6.6,1.0,0.0,12.0,1.0,1.0,0.4,0.0,0.0,0.0,0.0,1.0,0.0,12.0,1.0,1.0,0.4,165.0,456.5,456.5,314.5,3.0,246.5,14.0,1.0,0.7,0.4,165.0,455.0,455.0,315.0,3.0,245.0,14.0,1.0,0.7,0.4
1974,2,182.0,-34.0,22.0,22.0,22.0,22.0,1.0,0.0,10.0,1.0,1.0,0.3,22.0,22.0,22.0,22.0,1.0,0.0,10.0,1.0,1.0,0.3,13.67,13.67,13.67,13.67,1.0,0.0,10.0,1.0,1.0,0.3,83.6,83.6,83.6,83.6,1.0,0.0,10.0,1.0,0.3,12.9,12.9,12.9,12.9,1.0,0.0,10.0,1.0,1.0,0.3,-12.7,-12.7,-12.7,-12.7,1.0,0.0,10.0,1.0,1.0,0.3,2.24,2.24,2.24,2.24,1.0,0.0,10.0,1.0,1.0,0.3,1018.3,1018.3,1018.3,1018.3,1.0,0.0,10.0,1.0,1.0,0.3,2.0,2.0,2.0,2.0,1.0,0.0,10.0,1.0,1.0,0.3,-163.9,-163.9,-163.9,-163.9,1.0,0.0,10.0,1.0,1.0,0.3,28.9,28.9,28.9,28.9,1.0,0.0,10.0,1.0,1.0,0.3,0.0,0.0,0.0,0.0,1.0,0.0,10.0,1.0,1.0,0.3,0.0,0.0,0.0,0.0,1.0,0.0,10.0,1.0,1.0,0.3,2.71,2.71,2.71,2.71,1.0,0.0,10.0,1.0,1.0,0.3,34.9,34.9,34.9,34.9,1.0,0.0,10.0,1.0,1.0,0.3,-279.5,-279.5,-279.5,-279.5,1.0,0.0,10.0,1.0,1.0,0.3,49.3,49.3,49.3,49.3,1.0,0.0,10.0,1.0,1.0,0.3,-173.7,-173.7,-173.7,-173.7,1.0,0.0,10.0,1.0,1.0,0.3,30.6,30.6,30.6,30.6,1.0,0.0,10.0,1.0,1.0,0.3,-34.4,-34.4,-34.4,-34.4,1.0,0.0,10.0,1.0,1.0,0.3,6.1,6.1,6.1,6.1,1.0,0.0,10.0,1.0,1.0,0.3,2146.5,2146.5,2146.5,2146.5,1.0,0.0,10.0,1.0,1.0,0.3,2145.0,2145.0,2145.0,2145.0,1.0,0.0,10.0,1.0,1.0,0.3
1974,2,182.0,-32.0,22.18,23.0,23.82,23.0,2.0,1.7,24.0,1.0,0.6,0.4,20.63,23.7,23.9,22.3,3.0,2.69,22.0,1.0,0.5,0.5,12.37,14.49,14.7,13.56,3.0,1.89,22.0,1.0,0.5,0.5,79.3,81.3,81.6,80.4,3.0,1.8,22.0,1.0,0.5,6.02,6.7,13.73,9.8,3.0,6.26,22.0,1.0,0.5,0.5,-10.73,-5.8,-4.34,-7.5,3.0,4.9,22.0,1.0,0.5,0.5,3.67,4.37,8.84,6.21,3.0,4.11,22.0,1.0,0.5,0.5,1007.41,1014.3,1015.73,1011.63,3.0,6.52,22.0,1.0,0.5,0.5,4.6,8.0,8.0,6.3,3.0,2.9,22.0,1.0,0.5,0.5,-163.5,-38.9,-26.6,-93.7,3.0,110.9,22.0,1.0,0.5,0.5,23.2,24.9,134.7,77.7,3.0,93.6,22.0,1.0,0.5,0.5,0.83,1.55,2.27,1.55,2.0,1.48,24.0,1.0,0.6,0.4,9.4,23.5,37.6,23.5,2.0,29.2,24.0,1.0,0.6,0.4,4.18,4.52,4.86,4.52,2.0,0.71,24.0,1.0,0.6,0.4,32.8,54.2,75.5,54.2,2.0,44.2,24.0,1.0,0.6,0.4,-214.9,-139.3,-103.5,-158.7,3.0,83.3,22.0,1.0,0.5,0.5,87.7,103.5,176.1,131.2,3.0,69.0,22.0,1.0,0.5,0.5,-127.9,-84.1,-63.7,-95.5,3.0,48.0,22.0,1.0,0.5,0.5,53.7,64.6,105.4,79.2,3.0,40.0,22.0,1.0,0.5,0.5,-57.4,-40.1,-22.8,-40.1,2.0,35.9,24.0,1.0,0.6,0.4,23.5,36.2,49.0,36.2,2.0,26.4,24.0,1.0,0.6,0.4,222.0,301.0,3449.0,1799.5,3.0,2697.0,22.0,1.0,0.5,0.5,220.0,300.0,3450.0,1800.0,3.0,2695.0,22.0,1.0,0.5,0.5
1974,2,182.0,-30.0,24.07,24.45,24.83,24.45,2.0,0.78,18.0,0.5,0.6,0.6,23.44,24.4,25.49,24.47,3.0,1.5,14.0,0.7,0.5,0.7,15.41,15.9,17.71,16.54,3.0,1.77,14.0,0.7,0.5,0.7,84.5,86.9,88.2,86.3,3.0,2.7,14.0,0.7,0.7,5.11,6.2,8.32,6.7,3.0,2.39,14.0,0.7,0.5,0.7,-8.1,-5.83,-4.57,-6.32,3.0,2.62,14.0,0.7,0.5,0.7,1.78,2.12,2.24,2.01,3.0,0.36,14.0,0.7,0.5,0.7,1011.93,1013.5,1015.55,1013.73,3.0,2.66,14.0,0.7,0.5,0.7,1.0,1.0,3.0,2.0,3.0,1.7,14.0,0.7,0.5,0.7,-69.6,-36.1,-24.0,-46.5,3.0,34.6,14.0,0.7,0.5,0.7,11.4,13.1,14.4,12.9,3.0,2.2,14.0,0.7,0.5,0.7,-0.92,-0.75,-0.58,-0.75,2.0,0.35,18.0,0.5,0.6,0.6,-6.0,-5.4,-4.9,-5.4,2.0,1.1,18.0,0.5,0.6,0.6,1.39,1.9,2.4,1.9,2.0,1.04,18.0,0.5,0.6,0.6,9.9,15.9,21.8,15.9,2.0,12.3,18.0,0.5,0.6,0.6,-200.6,-151.5,-110.6,-155.5,3.0,66.0,14.0,0.7,0.5,0.7,43.7,52.9,54.4,49.1,3.0,8.5,14.0,0.7,0.5,0.7,-133.7,-108.1,-75.6,-104.7,3.0,42.6,14.0,0.7,0.5,0.7,28.6,34.9,37.9,33.3,3.0,7.0,14.0,0.7,0.5,0.7,-21.4,-15.5,-9.5,-15.5,2.0,12.3,18.0,0.5,0.6,0.6,2.7,3.4,4.0,3.4,2.0,1.3,18.0,0.5,0.6,0.6,142.0,238.5,624.5,380.0,3.0,374.0,14.0,0.7,0.5,0.7,140.0,240.0,625.0,380.0,3.0,375.0,14.0,0.7,0.5,0.7
1974,2,182.0,-29.0,25.0,25.0,25.0,25.0,1.0,0.0,26.0,0.0,0.4,0.4,24.0,24.0,24.0,24.0,1.0,0.0,26.0,0.0,0.4,0.4,18.74,18.74,18.74,18.74,1.0,0.0,26.0,0.0,0.4,0.4,100.0,100.0,100.0,100.0,1.0,0.0,26.0,0.0,0.4,9.3,9.3,9.3,9.3,1.0,0.0,26.0,0.0,0.4,0.4,-8.74,-8.74,-8.74,-8.74,1.0,0.0,26.0,0.0,0.4,0.4,-3.18,-3.18,-3.18,-3.18,1.0,0.0,26.0,0.0,0.4,0.4,1006.3,1006.3,1006.3,1006.3,1.0,0.0,26.0,0.0,0.4,0.4,0.0,0.0,0.0,0.0,1.0,0.0,26.0,0.0,0.4,0.4,-81.3,-81.3,-81.3,-81.3,1.0,0.0,26.0,0.0,0.4,0.4,-29.6,-29.6,-29.6,-29.6,1.0,0.0,26.0,0.0,0.4,0.4,1.0,1.0,1.0,1.0,1.0,0.0,26.0,0.0,0.4,0.4,9.3,9.3,9.3,9.3,1.0,0.0,26.0,0.0,0.4,0.4,1.17,1.17,1.17,1.17,1.0,0.0,26.0,0.0,0.4,0.4,10.9,10.9,10.9,10.9,1.0,0.0,26.0,0.0,0.4,0.4,-209.7,-209.7,-209.7,-209.7,1.0,0.0,26.0,0.0,0.4,0.4,-76.3,-76.3,-76.3,-76.3,1.0,0.0,26.0,0.0,0.4,0.4,-163.7,-163.7,-163.7,-163.7,1.0,0.0,26.0,0.0,0.4,0.4,-59.6,-59.6,-59.6,-59.6,1.0,0.0,26.0,0.0,0.4,0.4,-10.2,-10.2,-10.2,-10.2,1.0,0.0,26.0,0.0,0.4,0.4,-3.7,-3.7,-3.7,-3.7,1.0,0.0,26.0,0.0,0.4,0.4,804.5,804.5,804.5,804.5,1.0,0.0,26.0,0.0,0.4,0.4,805.0,805.0,805.0,805.0,1.0,0.0,26.0,0.0,0.4,0.4
1974,2,182.0,-27.0,27.2,27.2,27.2,27.2,1.0,0.0,18.0,0.0,0.7,0.9,25.7,25.7,25.7,25.7,1.0,0.0,18.0,0.0,0.7,0.9,19.15,19.15,19.15,19.15,1.0,0.0,18.0,0.0,0.7,0.9,93.1,93.1,93.1,93.1,1.0,0.0,18.0,0.0,0.9,10.8,10.8,10.8,10.8,1.0,0.0,18.0,0.0,0.7,0.9,-10.8,-10.8,-10.8,-10.8,1.0,0.0,18.0,0.0,0.7,0.9,0.0,0.0,0.0,0.0,1.0,0.0,18.0,0.0,0.7,0.9,1015.1,1015.1,1015.1,1015.1,1.0,0.0,18.0,0.0,0.7,0.9,4.0,4.0,4.0,4.0,1.0,0.0,18.0,0.0,0.7,0.9,-116.6,-116.6,-116.6,-116.6,1.0,0.0,18.0,0.0,0.7,0.9,0.0,0.0,0.0,0.0,1.0,0.0,18.0,0.0,0.7,0.9,1.5,1.5,1.5,1.5,1.0,0.0,18.0,0.0,0.7,0.9,16.2,16.2,16.2,16.2,1.0,0.0,18.0,0.0,0.7,0.9,3.37,3.37,3.37,3.37,1.0,0.0,18.0,0.0,0.7,0.9,36.4,36.4,36.4,36.4,1.0,0.0,18.0,0.0,0.7,0.9,-277.6,-277.6,-277.6,-277.6,1.0,0.0,18.0,0.0,0.7,0.9,0.0,0.0,0.0,0.0,1.0,0.0,18.0,0.0,0.7,0.9,-206.8,-206.8,-206.8,-206.8,1.0,0.0,18.0,0.0,0.7,0.9,0.0,0.0,0.0,0.0,1.0,0.0,18.0,0.0,0.7,0.9,-36.4,-36.4,-36.4,-36.4,1.0,0.0,18.0,0.0,0.7,0.9,0.0,0.0,0.0,0.0,1.0,0.0,18.0,0.0,0.7,0.9,1259.5,1259.5,1259.5,1259.5,1.0,0.0,18.0,0.0,0.7,0.9,1260.0,1260.0,1260.0,1260.0,1.0,0.0,18.0,0.0,0.7,0.9
1974,2,182.0,-25.0,27.0,27.0,27.0,27.0,1.0,0.0,22.0,1.0,0.7,0.5,24.98,26.0,26.68,25.83,3.0,1.26,14.0,0.3,0.7,0.6,18.48,18.53,18.58,18.53,2.0,0.1,20.0,0.5,0.6,0.7,85.6,89.8,93.9,89.8,2.0,8.6,20.0,0.5,0.7,2.13,6.7,7.04,4.63,3.0,4.02,14.0,0.3,0.7,0.6,-5.65,-3.6,-1.14,-3.4,3.0,3.3,14.0,0.3,0.7,0.6,0.37,1.16,4.63,2.47,3.0,3.32,14.0,0.3,0.7,0.6,1010.15,1012.4,1013.15,1011.67,3.0,2.29,14.0,0.3,0.7,0.6,1.3,2.0,4.7,3.0,3.0,2.6,14.0,0.3,0.7,0.6,-38.4,-25.9,-8.2,-23.4,3.0,22.2,14.0,0.3,0.7,0.6,2.5,7.8,33.1,17.6,3.0,24.0,14.0,0.3,0.7,0.6,2.5,2.5,2.5,2.5,1.0,0.0,22.0,1.0,0.7,0.5,18.0,18.0,18.0,18.0,1.0,0.0,22.0,1.0,0.7,0.5,3.93,3.93,3.93,3.93,1.0,0.0,22.0,1.0,0.7,0.5,28.3,28.3,28.3,28.3,1.0,0.0,22.0,1.0,0.7,0.5,-145.1,-88.2,-28.0,-86.6,3.0,85.8,14.0,0.3,0.7,0.6,9.6,30.2,113.9,61.0,3.0,80.9,14.0,0.3,0.7,0.6,-55.9,-33.2,-10.5,-33.2,2.0,47.0,20.0,0.5,0.6,0.7,18.3,57.5,96.8,57.5,2.0,81.4,20.0,0.5,0.6,0.7,-14.1,-14.1,-14.1,-14.1,1.0,0.0,22.0,1.0,0.7,0.5,24.5,24.5,24.5,24.5,1.0,0.0,22.0,1.0,0.7,0.5,95.5,301.0,350.0,224.5,3.0,198.0,14.0,0.3,0.7,0.6,95.0,300.0,350.0,225.0,3.0,200.0,14.0,0.3,0.7,0.6
1974,2,182.0,-24.0,,,,,,,,,,,,,,,,,,,,,,,,,,,,,,,,,,,,,,,,9.3,9.3,9.3,9.3,1.0,0.0,6.0,1.0,0.8,0.8,-9.16,-9.16,-9.16,-9.16,1.0,0.0,6.0,1.0,0.8,0.8,1.61,1.61,1.61,1.61,1.0,0.0,6.0,1.0,0.8,0.8,1010.9,1010.9,1010.9,1010.9,1.0,0.0,6.0,1.0,0.8,0.8,2.0,2.0,2.0,2.0,1.0,0.0,6.0,1.0,0.8,0.8,-85.2,-85.2,-85.2,-85.2,1.0,0.0,6.0,1.0,0.8,0.8,15.0,15.0,15.0,15.0,1.0,0.0,6.0,1.0,0.8,0.8,,,,,,,,,,,,,,,,,,,,,,,,,,,,,,,,,,,,,,,,,-247.3,-247.3,-247.3,-247.3,1.0,0.0,6.0,1.0,0.8,0.8,43.6,43.6,43.6,43.6,1.0,0.0,6.0,1.0,0.8,0.8,-151.1,-151.1,-151.1,-151.1,1.0,0.0,6.0,1.0,0.8,0.8,26.6,26.6,26.6,26.6,1.0,0.0,6.0,1.0,0.8,0.8,,,,,,,,,,,,,,,,,,,,,,,,,,,,,,,,,,,,,,,,
1974,2,182.0,-20.0,26.32,27.0,28.64,27.47,3.0,1.75,24.0,0.7,0.8,0.7,25.61,26.5,27.11,26.37,3.0,1.11,24.0,0.7,0.8,0.7,18.46,19.7,20.73,19.6,3.0,1.66,24.0,0.7,0.8,0.7,86.7,88.7,94.4,90.5,3.0,5.9,24.0,0.7,0.7,6.93,8.5,10.07,8.5,2.0,3.25,22.0,0.5,0.7,0.6,-4.52,-2.68,-0.85,-2.68,2.0,3.8,22.0,0.5,0.7,0.6,-8.59,-3.85,0.89,-3.85,2.0,9.83,22.0,0.5,0.7,0.6,1003.45,1004.0,1004.55,1004.0,3.0,0.8,24.0,0.7,0.8,0.7,3.9,8.0,8.0,6.0,3.0,3.5,24.0,0.7,0.8,0.7,-28.0,-16.6,-5.3,-16.6,2.0,23.5,22.0,0.5,0.7,0.6,-95.1,-48.7,-2.3,-48.7,2.0,96.1,22.0,0.5,0.7,0.6,-0.47,-0.4,2.74,1.1,3.0,2.69,24.0,0.7,0.8,0.7,-4.1,-3.7,-3.3,-3.7,2.0,0.9,22.0,0.5,0.7,0.6,0.88,2.78,6.38,3.61,3.0,4.09,24.0,0.7,0.8,0.7,4.8,15.0,25.3,15.0,2.0,21.3,22.0,0.5,0.7,0.6,-119.7,-71.1,-22.6,-71.1,2.0,100.6,22.0,0.5,0.7,0.6,-235.9,-106.9,22.2,-106.9,2.0,267.3,22.0,0.5,0.7,0.6,-95.8,-56.9,-18.1,-56.9,2.0,80.5,22.0,0.5,0.7,0.6,-168.5,-73.5,21.6,-73.5,2.0,196.9,22.0,0.5,0.7,0.6,0.0,0.0,0.0,0.0,2.0,0.0,22.0,0.5,0.7,0.6,-25.3,-15.0,-4.8,-15.0,2.0,21.3,22.0,0.5,0.7,0.6,400.5,749.0,1097.5,749.0,2.0,722.0,22.0,0.5,0.7,0.6,400.0,750.0,1100.0,750.0,2.0,720.0,22.0,0.5,0.7,0.6
1974,2,182.0,-19.0,27.03,27.1,27.17,27.1,2.0,0.14,20.0,1.0,0.9,0.6,25.66,25.8,25.94,25.8,2.0,0.28,20.0,1.0,0.9,0.6,17.67,17.99,18.3,17.99,2.0,0.65,20.0,1.0,0.9,0.6,84.5,86.4,88.3,86.4,2.0,4.0,20.0,1.0,0.6,3.74,6.2,8.66,6.2,2.0,5.09,20.0,1.0,0.9,0.6,-3.03,-2.33,-1.63,-2.33,2.0,1.45,20.0,1.0,0.9,0.6,-8.1,-5.73,-3.36,-5.73,2.0,4.92,20.0,1.0,0.9,0.6,1005.03,1007.9,1010.77,1007.9,2.0,5.94,20.0,1.0,0.9,0.6,7.2,7.5,7.8,7.5,2.0,0.7,20.0,1.0,0.9,0.6,-28.2,-18.1,-8.1,-18.1,2.0,20.8,20.0,1.0,0.9,0.6,-76.9,-48.1,-19.2,-48.1,2.0,59.7,20.0,1.0,0.9,0.6,1.1,1.3,1.5,1.3,2.0,0.42,20.0,1.0,0.9,0.6,4.7,9.1,13.6,9.1,2.0,9.2,20.0,1.0,0.9,0.6,4.4,4.56,4.72,4.56,2.0,0.33,20.0,1.0,0.9,0.6,17.2,27.4,37.7,27.4,2.0,21.2,20.0,1.0,0.9,0.6,-77.6,-59.8,-42.1,-59.8,2.0,36.8,20.0,1.0,0.9,0.6,-207.6,-147.1,-86.7,-147.1,2.0,125.3,20.0,1.0,0.9,0.6,-55.6,-42.3,-29.0,-42.3,2.0,27.6,20.0,1.0,0.9,0.6,-149.2,-104.7,-60.2,-104.7,2.0,92.2,20.0,1.0,0.9,0.6,-13.2,-10.4,-7.5,-10.4,2.0,5.9,20.0,1.0,0.9,0.6,-35.3,-25.3,-15.4,-25.3,2.0,20.6,20.0,1.0,0.9,0.6,164.0,479.5,794.5,479.5,2.0,653.0,20.0,1.0,0.9,0.6,165.0,480.0,795.0,480.0,2.0,655.0,20.0,1.0,0.9,0.6
1974,2,182.0,-18.0,27.13,27.4,27.67,27.4,2.0,0.57,14.0,0.5,0.7,0.5,26.81,27.05,27.29,27.05,2.0,0.49,14.0,0.5,0.7,0.5,18.0,18.32,18.65,18.32,2.0,0.67,14.0,0.5,0.7,0.5,81.3,81.7,82.0,81.7,2.0,0.8,14.0,0.5,0.5,8.95,10.55,12.15,10.55,2.0,3.32,14.0,0.5,0.7,0.5,-6.53,-2.74,1.04,-2.74,2.0,7.85,14.0,0.5,0.7,0.5,-9.54,-8.79,-8.05,-8.79,2.0,1.54,14.0,0.5,0.7,0.5,1006.49,1007.55,1008.61,1007.55,2.0,2.19,14.0,0.5,0.7,0.5,7.2,7.5,7.8,7.5,2.0,0.7,14.0,0.5,0.7,0.5,-86.3,-42.0,2.4,-42.0,2.0,91.9,14.0,0.5,0.7,0.5,-117.3,-95.3,-73.4,-95.3,2.0,45.5,14.0,0.5,0.7,0.5,0.32,0.35,0.38,0.35,2.0,0.07,14.0,0.5,0.7,0.5,3.4,3.6,3.8,3.6,2.0,0.4,14.0,0.5,0.7,0.5,4.62,4.64,4.67,4.64,2.0,0.05,14.0,0.5,0.7,0.5,41.7,48.9,56.1,48.9,2.0,14.9,14.0,0.5,0.7,0.5,-174.1,-72.3,29.5,-72.3,2.0,210.9,14.0,0.5,0.7,0.5,-255.5,-237.5,-219.5,-237.5,2.0,37.3,14.0,0.5,0.7,0.5,-116.2,-47.6,20.9,-47.6,2.0,141.9,14.0,0.5,0.7,0.5,-171.4,-160.6,-149.9,-160.6,2.0,22.3,14.0,0.5,0.7,0.5,-30.0,-12.5,5.0,-12.5,2.0,36.3,14.0,0.5,0.7,0.5,-44.0,-40.8,-37.5,-40.8,2.0,6.7,14.0,0.5,0.7,0.5,804.5,1349.0,1893.5,1349.0,2.0,1128.0,14.0,0.5,0.7,0.5,805.0,1350.0,1895.0,1350.0,2.0,1130.0,14.0,0.5,0.7,0.5
1974,2,182.0,-17.0,,,,,,,,,,,,,,,,,,,,,,,,,,,,,,,,,,,,,,,,6.7,6.7,6.7,6.7,1.0,0.0,26.0,1.0,0.1,0.6,3.35,3.35,3.35,3.35,1.0,0.0,26.0,1.0,0.1,0.6,-5.8,-5.8,-5.8,-5.8,1.0,0.0,26.0,1.0,0.1,0.6,1007.4,1007.4,1007.4,1007.4,1.0,0.0,26.0,1.0,0.1,0.6,6.0,6.0,6.0,6.0,1.0,0.0,26.0,1.0,0.1,0.6,22.4,22.4,22.4,22.4,1.0,0.0,26.0,1.0,0.1,0.6,-38.9,-38.9,-38.9,-38.9,1.0,0.0,26.0,1.0,0.1,0.6,,,,,,,,,,,,,,,,,,,,,,,,,,,,,,,,,,,,,,,,,93.8,93.8,93.8,93.8,1.0,0.0,26.0,1.0,0.1,0.6,-162.5,-162.5,-162.5,-162.5,1.0,0.0,26.0,1.0,0.1,0.6,62.7,62.7,62.7,62.7,1.0,0.0,26.0,1.0,0.1,0.6,-108.6,-108.6,-108.6,-108.6,1.0,0.0,26.0,1.0,0.1,0.6,,,,,,,,,,,,,,,,,,,,,,,,,,,,,,,,,,,,,,,,
1974,2,182.0,-15.0,28.71,29.2,29.5,29.05,6.0,0.56,18.0,0.8,0.5,0.5,26.5,27.75,28.01,27.28,4.0,1.27,18.0,0.8,0.5,0.5,17.05,18.12,19.41,18.23,4.0,1.49,18.0,0.8,0.5,0.5,77.6,80.7,82.4,80.0,4.0,3.3,18.0,0.8,0.5,8.99,9.3,10.87,9.9,4.0,1.62,18.0,0.8,0.5,0.5,-0.85,0.76,6.3,2.64,4.0,5.49,18.0,0.8,0.5,0.5,-9.23,-8.86,-7.3,-8.29,4.0,1.46,18.0,0.8,0.5,0.5,1004.64,1006.75,1009.6,1007.1,4.0,2.94,18.0,0.8,0.5,0.5,6.5,7.0,7.5,7.0,4.0,0.8,18.0,0.8,0.5,0.5,-7.9,6.6,74.9,32.3,4.0,66.8,18.0,0.8,0.5,0.5,-85.9,-80.4,-75.1,-80.5,4.0,6.2,18.0,0.8,0.5,0.5,1.03,1.6,2.22,1.63,4.0,0.79,18.0,0.8,0.5,0.5,10.3,14.5,20.6,15.4,4.0,6.7,18.0,0.8,0.5,0.5,5.92,7.04,7.84,6.88,4.0,1.35,18.0,0.8,0.5,0.5,61.0,65.1,72.9,66.8,4.0,8.0,18.0,0.8,0.5,0.5,-23.4,21.0,177.4,74.4,4.0,154.8,18.0,0.8,0.5,0.5,-246.3,-237.2,-203.3,-225.4,4.0,35.5,18.0,0.8,0.5,0.5,-14.9,14.1,125.4,53.4,4.0,109.4,18.0,0.8,0.5,0.5,-160.5,-157.3,-138.2,-149.7,4.0,17.7,18.0,0.8,0.5,0.5,-7.1,5.1,33.4,12.8,4.0,29.4,18.0,0.8,0.5,0.5,-72.2,-62.9,-44.3,-58.5,4.0,19.5,18.0,0.8,0.5,0.5,728.0,804.5,1358.0,1032.0,4.0,557.0,18.0,0.8,0.5,0.5,730.0,805.0,1360.0,1030.0,4.0,555.0,18.0,0.8,0.5,0.5
1974,2,182.0,0.0,,,,,,,,,,,,,,,,,,,,,,,,,,,,,,,,,,,,,,,,6.11,7.0,7.64,6.86,8.0,0.95,24.0,0.0,0.6,0.0,-7.62,-6.89,-6.08,-6.77,8.0,0.96,24.0,0.0,0.6,0.0,-1.18,0.0,0.0,-0.42,8.0,1.09,24.0,0.0,0.6,0.0,1007.81,1008.2,1008.29,1008.09,8.0,0.22,24.0,0.0,0.6,0.0,1.0,2.0,3.4,2.1,11.0,1.2,26.0,0.0,0.6,0.0,-58.1,-48.5,-37.4,-47.3,8.0,12.4,24.0,0.0,0.6,0.0,-8.0,0.0,0.0,-2.8,8.0,7.7,24.0,0.0,0.6,0.0,,,,,,,,,,,,,,,,,,,,,,,,,,,,,,,,,,,,,,,,,-184.9,-171.0,-149.3,-168.2,7.0,25.4,24.0,0.0,0.6,0.0,-22.0,0.0,1.4,-3.1,7.0,19.2,24.0,0.0,0.6,0.0,-123.2,-114.1,-98.4,-111.4,7.0,16.6,24.0,0.0,0.6,0.0,-14.6,0.0,1.0,-2.1,7.0,12.8,24.0,0.0,0.6,0.0,,,,,,,,,,,,,,,,,,,,,,,,,,,,,,,,,,,,,,,,
1974,2,182.0,5.0,27.2,27.2,27.2,27.2,1.0,0.0,18.0,1.0,0.5,0.1,27.0,27.0,27.0,27.0,1.0,0.0,18.0,1.0,0.5,0.1,18.65,18.65,18.65,18.65,1.0,0.0,18.0,1.0,0.5,0.1,83.7,83.7,83.7,83.7,1.0,0.0,18.0,1.0,0.1,8.2,8.2,8.2,8.2,1.0,0.0,18.0,1.0,0.5,0.1,-6.28,-6.28,-6.28,-6.28,1.0,0.0,18.0,1.0,0.5,0.1,5.27,5.27,5.27,5.27,1.0,0.0,18.0,1.0,0.5,0.1,1010.9,1010.9,1010.9,1010.9,1.0,0.0,18.0,1.0,0.5,0.1,4.0,4.0,4.0,4.0,1.0,0.0,18.0,1.0,0.5,0.1,-51.5,-51.5,-51.5,-51.5,1.0,0.0,18.0,1.0,0.5,0.1,43.2,43.2,43.2,43.2,1.0,0.0,18.0,1.0,0.5,0.1,0.2,0.2,0.2,0.2,1.0,0.0,18.0,1.0,0.5,0.1,1.6,1.6,1.6,1.6,1.0,0.0,18.0,1.0,0.5,0.1,3.96,3.96,3.96,3.96,1.0,0.0,18.0,1.0,0.5,0.1,32.5,32.5,32.5,32.5,1.0,0.0,18.0,1.0,0.5,0.1,-169.6,-169.6,-169.6,-169.6,1.0,0.0,18.0,1.0,0.5,0.1,142.3,142.3,142.3,142.3,1.0,0.0,18.0,1.0,0.5,0.1,-117.2,-117.2,-117.2,-117.2,1.0,0.0,18.0,1.0,0.5,0.1,98.3,98.3,98.3,98.3,1.0,0.0,18.0,1.0,0.5,0.1,-24.9,-24.9,-24.9,-24.9,1.0,0.0,18.0,1.0,0.5,0.1,20.9,20.9,20.9,20.9,1.0,0.0,18.0,1.0,0.5,0.1,551.5,551.5,551.5,551.5,1.0,0.0,18.0,1.0,0.5,0.1,550.0,550.0,550.0,550.0,1.0,0.0,18.0,1.0,0.5,0.1
1974,2,182.0,6.0,26.6,26.6,26.6,26.6,1.0,0.0,10.0,0.0,0.4,0.5,26.4,26.4,26.4,26.4,1.0,0.0,10.0,0.0,0.4,0.5,17.61,17.61,17.61,17.61,1.0,0.0,10.0,0.0,0.4,0.5,81.6,81.6,81.6,81.6,1.0,0.0,10.0,0.0,0.5,8.7,8.7,8.7,8.7,1.0,0.0,10.0,0.0,0.4,0.5,-5.59,-5.59,-5.59,-5.59,1.0,0.0,10.0,0.0,0.4,0.5,-6.66,-6.66,-6.66,-6.66,1.0,0.0,10.0,0.0,0.4,0.5,1007.1,1007.1,1007.1,1007.1,1.0,0.0,10.0,0.0,0.4,0.5,1.0,1.0,1.0,1.0,1.0,0.0,10.0,0.0,0.4,0.5,-48.7,-48.7,-48.7,-48.7,1.0,0.0,10.0,0.0,0.4,0.5,-58.0,-58.0,-58.0,-58.0,1.0,0.0,10.0,0.0,0.4,0.5,0.2,0.2,0.2,0.2,1.0,0.0,10.0,0.0,0.4,0.5,1.7,1.7,1.7,1.7,1.0,0.0,10.0,0.0,0.4,0.5,4.29,4.29,4.29,4.29,1.0,0.0,10.0,0.0,0.4,0.5,37.3,37.3,37.3,37.3,1.0,0.0,10.0,0.0,0.4,0.5,-147.6,-147.6,-147.6,-147.6,1.0,0.0,10.0,0.0,0.4,0.5,-175.9,-175.9,-175.9,-175.9,1.0,0.0,10.0,0.0,0.4,0.5,-98.5,-98.5,-98.5,-98.5,1.0,0.0,10.0,0.0,0.4,0.5,-117.4,-117.4,-117.4,-117.4,1.0,0.0,10.0,0.0,0.4,0.5,-24.0,-24.0,-24.0,-24.0,1.0,0.0,10.0,0.0,0.4,0.5,-28.6,-28.6,-28.6,-28.6,1.0,0.0,10.0,0.0,0.4,0.5,658.5,658.5,658.5,658.5,1.0,0.0,10.0,0.0,0.4,0.5,660.0,660.0,660.0,660.0,1.0,0.0,10.0,0.0,0.4,0.5
1974,2,182.0,7.0,28.9,28.95,29.0,28.95,4.0,0.06,26.0,0.0,0.7,0.4,27.3,28.8,29.48,28.4,3.0,1.64,26.0,0.0,0.6,0.2,21.11,21.11,21.11,21.11,2.0,0.0,28.0,0.0,0.8,0.3,80.8,82.5,84.1,82.5,2.0,3.4,28.0,0.0,0.3,8.2,8.45,9.01,8.6,4.0,0.52,26.0,0.0,0.7,0.4,-8.47,-8.13,-8.08,-8.27,4.0,0.32,26.0,0.0,0.7,0.4,-3.08,-2.2,-1.42,-2.25,4.0,0.96,26.0,0.0,0.7,0.4,1006.91,1007.8,1007.8,1007.37,3.0,0.75,26.0,0.0,0.9,0.5,7.0,7.0,7.5,7.3,4.0,0.5,26.0,0.0,0.7,0.4,-76.4,-68.7,-66.2,-71.2,4.0,7.1,26.0,0.0,0.7,0.4,-27.8,-18.8,-11.7,-19.7,4.0,9.4,26.0,0.0,0.7,0.4,-0.58,0.1,1.67,0.53,3.0,1.69,26.0,0.0,0.6,0.2,-4.8,0.8,14.5,4.8,3.0,14.5,26.0,0.0,0.6,0.2,3.97,3.97,3.97,3.97,2.0,0.0,28.0,0.0,0.8,0.3,32.6,32.6,32.6,32.6,2.0,0.0,28.0,0.0,0.8,0.3,-238.1,-232.6,-222.3,-230.2,3.0,11.8,26.0,0.0,0.6,0.2,-67.5,-42.4,-41.5,-54.2,3.0,21.6,26.0,0.0,0.6,0.2,-170.5,-170.5,-170.5,-170.5,2.0,0.0,28.0,0.0,0.8,0.3,-30.1,-30.1,-30.1,-30.1,2.0,0.0,28.0,0.0,0.8,0.3,-32.1,-32.1,-32.1,-32.1,2.0,0.0,28.0,0.0,0.8,0.3,-5.7,-5.7,-5.7,-5.7,2.0,0.0,28.0,0.0,0.8,0.3,551.5,605.0,735.0,641.5,4.0,120.0,26.0,0.0,0.7,0.4,550.0,605.0,735.0,640.0,4.0,120.0,26.0,0.0,0.7,0.4
1974,2,182.0,9.0,28.0,28.0,28.0,28.0,1.0,0.0,12.0,1.0,0.5,0.1,26.5,26.5,26.5,26.5,1.0,0.0,12.0,1.0,0.5,0.1,15.52,15.52,15.52,15.52,1.0,0.0,12.0,1.0,0.5,0.1,71.8,71.8,71.8,71.8,1.0,0.0,12.0,1.0,0.1,6.7,6.7,6.7,6.7,1.0,0.0,12.0,1.0,0.5,0.1,-5.8,-5.8,-5.8,-5.8,1.0,0.0,12.0,1.0,0.5,0.1,-3.35,-3.35,-3.35,-3.35,1.0,0.0,12.0,1.0,0.5,0.1,1010.0,1010.0,1010.0,1010.0,1.0,0.0,12.0,1.0,0.5,0.1,2.0,2.0,2.0,2.0,1.0,0.0,12.0,1.0,0.5,0.1,-38.9,-38.9,-38.9,-38.9,1.0,0.0,12.0,1.0,0.5,0.1,-22.4,-22.4,-22.4,-22.4,1.0,0.0,12.0,1.0,0.5,0.1,1.5,1.5,1.5,1.5,1.0,0.0,12.0,1.0,0.5,0.1,10.1,10.1,10.1,10.1,1.0,0.0,12.0,1.0,0.5,0.1,8.21,8.21,8.21,8.21,1.0,0.0,12.0,1.0,0.5,0.1,55.0,55.0,55.0,55.0,1.0,0.0,12.0,1.0,0.5,0.1,-153.8,-153.8,-153.8,-153.8,1.0,0.0,12.0,1.0,0.5,0.1,-88.8,-88.8,-88.8,-88.8,1.0,0.0,12.0,1.0,0.5,0.1,-90.1,-90.1,-90.1,-90.1,1.0,0.0,12.0,1.0,0.5,0.1,-52.0,-52.0,-52.0,-52.0,1.0,0.0,12.0,1.0,0.5,0.1,-47.6,-47.6,-47.6,-47.6,1.0,0.0,12.0,1.0,0.5,0.1,-27.5,-27.5,-27.5,-27.5,1.0,0.0,12.0,1.0,0.5,0.1,301.0,301.0,301.0,301.0,1.0,0.0,12.0,1.0,0.5,0.1,300.0,300.0,300.0,300.0,1.0,0.0,12.0,1.0,0.5,0.1
1974,2,182.0,10.0,26.7,26.7,26.7,26.7,1.0,0.0,2.0,0.0,0.1,0.2,27.0,27.0,27.0,27.0,1.0,0.0,2.0,0.0,0.1,0.2,18.67,18.67,18.67,18.67,1.0,0.0,2.0,0.0,0.1,0.2,83.7,83.7,83.7,83.7,1.0,0.0,2.0,0.0,0.2,6.2,6.2,6.2,6.2,1.0,0.0,2.0,0.0,0.1,0.2,-6.2,-6.2,-6.2,-6.2,1.0,0.0,2.0,0.0,0.1,0.2,0.0,0.0,0.0,0.0,1.0,0.0,2.0,0.0,0.1,0.2,1009.8,1009.8,1009.8,1009.8,1.0,0.0,2.0,0.0,0.1,0.2,3.0,3.0,3.0,3.0,1.0,0.0,2.0,0.0,0.1,0.2,-38.4,-38.4,-38.4,-38.4,1.0,0.0,2.0,0.0,0.1,0.2,0.0,0.0,0.0,0.0,1.0,0.0,2.0,0.0,0.1,0.2,-0.3,-0.3,-0.3,-0.3,1.0,0.0,2.0,0.0,0.1,0.2,-1.9,-1.9,-1.9,-1.9,1.0,0.0,2.0,0.0,0.1,0.2,3.3,3.3,3.3,3.3,1.0,0.0,2.0,0.0,0.1,0.2,20.5,20.5,20.5,20.5,1.0,0.0,2.0,0.0,0.1,0.2,-167.4,-167.4,-167.4,-167.4,1.0,0.0,2.0,0.0,0.1,0.2,0.0,0.0,0.0,0.0,1.0,0.0,2.0,0.0,0.1,0.2,-115.8,-115.8,-115.8,-115.8,1.0,0.0,2.0,0.0,0.1,0.2,0.0,0.0,0.0,0.0,1.0,0.0,2.0,0.0,0.1,0.2,-20.5,-20.5,-20.5,-20.5,1.0,0.0,2.0,0.0,0.1,0.2,0.0,0.0,0.0,0.0,1.0,0.0,2.0,0.0,0.1,0.2,238.5,238.5,238.5,238.5,1.0,0.0,2.0,0.0,0.1,0.2,240.0,240.0,240.0,240.0,1.0,0.0,2.0,0.0,0.1,0.2
1974,2,182.0,14.0,25.0,25.0,25.0,25.0,1.0,0.0,28.0,0.0,0.3,0.1,26.7,26.7,26.7,26.7,1.0,0.0,28.0,0.0,0.3,0.1,17.32,17.32,17.32,17.32,1.0,0.0,28.0,0.0,0.3,0.1,79.2,79.2,79.2,79.2,1.0,0.0,28.0,0.0,0.1,5.1,5.1,5.1,5.1,1.0,0.0,28.0,0.0,0.3,0.1,-5.1,-5.1,-5.1,-5.1,1.0,0.0,28.0,0.0,0.3,0.1,0.0,0.0,0.0,0.0,1.0,0.0,28.0,0.0,0.3,0.1,1011.5,1011.5,1011.5,1011.5,1.0,0.0,28.0,0.0,0.3,0.1,8.0,8.0,8.0,8.0,1.0,0.0,28.0,0.0,0.3,0.1,-26.0,-26.0,-26.0,-26.0,1.0,0.0,28.0,0.0,0.3,0.1,0.0,0.0,0.0,0.0,1.0,0.0,28.0,0.0,0.3,0.1,-1.7,-1.7,-1.7,-1.7,1.0,0.0,28.0,0.0,0.3,0.1,-8.7,-8.7,-8.7,-8.7,1.0,0.0,28.0,0.0,0.3,0.1,2.48,2.48,2.48,2.48,1.0,0.0,28.0,0.0,0.3,0.1,12.7,12.7,12.7,12.7,1.0,0.0,28.0,0.0,0.3,0.1,-136.2,-136.2,-136.2,-136.2,1.0,0.0,28.0,0.0,0.3,0.1,0.0,0.0,0.0,0.0,1.0,0.0,28.0,0.0,0.3,0.1,-88.3,-88.3,-88.3,-88.3,1.0,0.0,28.0,0.0,0.3,0.1,0.0,0.0,0.0,0.0,1.0,0.0,28.0,0.0,0.3,0.1,-12.7,-12.7,-12.7,-12.7,1.0,0.0,28.0,0.0,0.3,0.1,0.0,0.0,0.0,0.0,1.0,0.0,28.0,0.0,0.3,0.1,132.5,132.5,132.5,132.5,1.0,0.0,28.0,0.0,0.3,0.1,135.0,135.0,135.0,135.0,1.0,0.0,28.0,0.0,0.3,0.1
1974,2,182.0,16.0,25.0,25.0,25.0,25.0,1.0,0.0,10.0,1.0,0.7,0.1,27.3,27.3,27.3,27.3,1.0,0.0,10.0,1.0,0.7,0.1,15.34,15.34,15.34,15.34,1.0,0.0,10.0,1.0,0.7,0.1,67.7,67.7,67.7,67.7,1.0,0.0,10.0,1.0,0.1,10.3,10.3,10.3,10.3,1.0,0.0,10.0,1.0,0.7,0.1,-9.68,-9.68,-9.68,-9.68,1.0,0.0,10.0,1.0,0.7,0.1,-3.52,-3.52,-3.52,-3.52,1.0,0.0,10.0,1.0,0.7,0.1,1009.8,1009.8,1009.8,1009.8,1.0,0.0,10.0,1.0,0.7,0.1,3.0,3.0,3.0,3.0,1.0,0.0,10.0,1.0,0.7,0.1,-99.7,-99.7,-99.7,-99.7,1.0,0.0,10.0,1.0,0.7,0.1,-36.3,-36.3,-36.3,-36.3,1.0,0.0,10.0,1.0,0.7,0.1,-2.3,-2.3,-2.3,-2.3,1.0,0.0,10.0,1.0,0.7,0.1,-23.7,-23.7,-23.7,-23.7,1.0,0.0,10.0,1.0,0.7,0.1,4.5,4.5,4.5,4.5,1.0,0.0,10.0,1.0,0.7,0.1,46.4,46.4,46.4,46.4,1.0,0.0,10.0,1.0,0.7,0.1,-264.2,-264.2,-264.2,-264.2,1.0,0.0,10.0,1.0,0.7,0.1,-96.2,-96.2,-96.2,-96.2,1.0,0.0,10.0,1.0,0.7,0.1,-148.4,-148.4,-148.4,-148.4,1.0,0.0,10.0,1.0,0.7,0.1,-54.0,-54.0,-54.0,-54.0,1.0,0.0,10.0,1.0,0.7,0.1,-43.6,-43.6,-43.6,-43.6,1.0,0.0,10.0,1.0,0.7,0.1,-15.9,-15.9,-15.9,-15.9,1.0,0.0,10.0,1.0,0.7,0.1,1092.5,1092.5,1092.5,1092.5,1.0,0.0,10.0,1.0,0.7,0.1,1095.0,1095.0,1095.0,1095.0,1.0,0.0,10.0,1.0,0.7,0.1
1974,2,182.0,18.0,26.48,26.7,26.72,26.63,7.0,0.33,10.0,0.3,0.6,0.4,23.97,25.0,26.81,25.41,7.0,1.86,10.0,0.3,0.6,0.4,15.39,16.44,17.42,16.33,7.0,1.58,10.0,0.3,0.6,0.4,74.2,83.1,86.6,80.7,7.0,6.7,10.0,0.3,0.4,3.55,5.1,6.4,5.21,7.0,2.55,10.0,0.3,0.6,0.4,-5.06,-3.91,-3.5,-4.77,7.0,2.56,10.0,0.3,0.6,0.4,-1.85,-0.63,0.16,-0.59,7.0,2.17,10.0,0.3,0.6,0.4,1011.76,1013.0,1014.5,1012.77,7.0,1.94,10.0,0.3,0.6,0.4,2.0,3.0,7.0,4.1,7.0,2.2,10.0,0.3,0.6,0.4,-33.1,-19.9,-12.5,-30.3,7.0,34.3,10.0,0.3,0.6,0.4,-9.7,-2.3,0.8,-3.2,7.0,12.3,10.0,0.3,0.6,0.4,-0.11,1.5,2.57,1.21,7.0,1.93,10.0,0.3,0.6,0.4,-0.3,6.1,13.3,7.7,7.0,9.6,10.0,0.3,0.6,0.4,4.46,5.17,5.83,5.49,7.0,1.82,10.0,0.3,0.6,0.4,17.1,19.1,58.1,29.9,7.0,19.8,10.0,0.3,0.6,0.4,-121.8,-104.3,-87.9,-119.8,7.0,62.4,10.0,0.3,0.6,0.4,-44.3,-15.6,4.2,-13.1,7.0,54.0,10.0,0.3,0.6,0.4,-82.7,-63.1,-57.6,-76.6,7.0,38.1,10.0,0.3,0.6,0.4,-29.8,-10.3,2.8,-7.3,7.0,34.4,10.0,0.3,0.6,0.4,-45.2,-18.3,-14.5,-27.0,7.0,17.6,10.0,0.3,0.6,0.4,-10.4,-3.0,0.6,-6.1,7.0,15.2,10.0,0.3,0.6,0.4,45.5,132.5,279.0,244.0,7.0,381.5,10.0,0.3,0.6,0.4,45.0,135.0,280.0,245.0,7.0,380.0,10.0,0.3,0.6,0.4
1974,2,182.0,20.0,25.19,25.6,26.56,25.87,3.0,1.03,20.0,0.7,0.4,0.4,24.66,25.0,26.5,25.57,3.0,1.44,20.0,0.7,0.4,0.4,15.1,15.87,17.21,16.15,3.0,1.56,20.0,0.7,0.4,0.4,78.0,79.3,80.1,79.0,3.0,1.5,20.0,0.7,0.4,4.76,5.1,6.53,5.63,3.0,1.38,20.0,0.7,0.4,0.4,-5.36,-5.02,-4.69,-5.02,3.0,0.49,20.0,0.7,0.4,0.4,-2.91,0.8,0.86,-0.98,3.0,3.16,20.0,0.7,0.4,0.4,1013.0,1013.2,1016.48,1014.7,3.0,2.86,20.0,0.7,0.4,0.4,6.3,7.0,7.0,6.7,3.0,0.6,20.0,0.7,0.4,0.4,-35.2,-25.6,-22.4,-28.7,3.0,9.8,20.0,0.7,0.4,0.4,-21.6,3.7,4.2,-8.4,3.0,21.6,20.0,0.7,0.4,0.4,-1.09,0.0,1.71,0.3,3.0,2.07,20.0,0.7,0.4,0.4,-5.6,0.0,12.3,3.3,3.0,13.4,20.0,0.7,0.4,0.4,3.06,3.91,6.32,4.67,3.0,2.48,20.0,0.7,0.4,0.4,15.0,18.0,42.3,28.4,3.0,21.9,20.0,0.7,0.4,0.4,-136.1,-135.1,-120.2,-128.3,3.0,13.1,20.0,0.7,0.4,0.4,-71.1,20.0,22.8,-23.1,3.0,78.2,20.0,0.7,0.4,0.4,-86.9,-81.3,-74.9,-80.9,3.0,8.8,20.0,0.7,0.4,0.4,-42.6,12.7,14.8,-13.3,3.0,47.6,20.0,0.7,0.4,0.4,-33.6,-17.7,-14.8,-24.1,3.0,14.9,20.0,0.7,0.4,0.4,-22.8,2.4,2.9,-9.7,3.0,21.5,20.0,0.7,0.4,0.4,108.5,132.5,297.0,201.0,3.0,150.0,20.0,0.7,0.4,0.4,110.0,135.0,295.0,200.0,3.0,150.0,20.0,0.7,0.4,0.4
1974,2,182.0,21.0,25.5,25.5,25.5,25.5,1.0,0.0,10.0,0.0,0.6,0.4,21.93,25.0,25.0,23.5,3.0,2.6,18.0,0.3,0.6,0.6,14.72,15.01,15.31,15.01,2.0,0.61,18.0,0.0,0.8,0.6,81.4,87.7,94.0,87.7,2.0,13.1,18.0,0.0,0.6,5.08,7.2,11.09,8.07,3.0,4.46,18.0,0.3,0.6,0.6,-9.95,-4.04,0.4,-4.76,3.0,7.61,18.0,0.3,0.6,0.6,-1.76,-0.71,4.39,1.27,3.0,4.82,18.0,0.3,0.6,0.6,1011.21,1012.75,1014.29,1012.75,2.0,3.18,18.0,0.0,0.8,0.6,5.3,8.0,8.0,6.7,3.0,2.3,18.0,0.3,0.6,0.6,-117.1,-16.6,6.8,-54.2,3.0,96.5,18.0,0.3,0.6,0.6,-20.7,-2.9,32.3,5.6,3.0,39.5,18.0,0.3,0.6,0.6,0.5,0.5,0.5,0.5,1.0,0.0,10.0,0.0,0.6,0.4,6.5,6.5,6.5,6.5,1.0,0.0,10.0,0.0,0.6,0.4,4.89,4.89,4.89,4.89,1.0,0.0,10.0,0.0,0.6,0.4,63.1,63.1,63.1,63.1,1.0,0.0,10.0,0.0,0.6,0.4,-248.8,-100.9,2.4,-122.7,3.0,185.0,18.0,0.3,0.6,0.6,-43.9,-17.8,89.0,21.6,3.0,103.2,18.0,0.3,0.6,0.6,-159.4,-80.2,-0.9,-80.2,2.0,164.2,18.0,0.0,0.8,0.6,-13.5,32.0,77.5,32.0,2.0,94.2,18.0,0.0,0.8,0.6,-62.2,-62.2,-62.2,-62.2,1.0,0.0,10.0,0.0,0.6,0.4,-11.0,-11.0,-11.0,-11.0,1.0,0.0,10.0,0.0,0.6,0.4,165.5,373.0,1584.0,863.0,3.0,1122.0,18.0,0.3,0.6,0.6,165.0,375.0,1585.0,865.0,3.0,1120.0,18.0,0.3,0.6,0.6
1974,2,182.0,22.0,24.0,24.4,25.0,24.43,20.0,1.18,20.0,0.2,0.6,0.4,23.0,23.5,24.6,23.81,20.0,1.24,20.0,0.2,0.6,0.4,14.45,15.54,16.36,15.36,20.0,1.78,20.0,0.2,0.6,0.4,79.3,84.1,91.2,83.7,20.0,7.9,20.0,0.2,0.4,5.1,7.2,8.7,6.98,19.0,1.92,20.0,0.2,0.6,0.4,-8.06,-6.77,-3.77,-6.35,19.0,2.19,20.0,0.2,0.6,0.4,-1.55,0.0,3.11,0.0,19.0,2.79,20.0,0.2,0.6,0.4,1012.02,1014.6,1018.79,1014.95,20.0,3.15,20.0,0.2,0.6,0.4,2.0,6.0,8.0,5.1,20.0,2.9,20.0,0.2,0.6,0.4,-66.9,-51.1,-16.6,-48.0,19.0,26.4,20.0,0.2,0.6,0.4,-11.4,0.0,20.3,-0.3,19.0,20.6,20.0,0.2,0.6,0.4,-0.19,0.7,2.1,0.63,20.0,1.57,20.0,0.2,0.6,0.4,-2.7,5.2,11.5,3.2,19.0,11.1,20.0,0.2,0.6,0.4,2.16,3.5,5.29,3.75,20.0,2.03,20.0,0.2,0.6,0.4,12.8,22.2,31.0,24.6,19.0,14.9,20.0,0.2,0.6,0.4,-198.9,-162.4,-85.0,-151.8,19.0,54.4,20.0,0.2,0.6,0.4,-39.2,0.0,73.0,-0.3,19.0,66.1,20.0,0.2,0.6,0.4,-128.6,-108.3,-47.0,-98.1,19.0,35.5,20.0,0.2,0.6,0.4,-28.2,0.0,50.2,0.3,19.0,43.8,20.0,0.2,0.6,0.4,-29.9,-18.7,-10.5,-21.8,19.0,14.2,20.0,0.2,0.6,0.4,-9.3,0.0,8.0,-0.6,19.0,12.6,20.0,0.2,0.6,0.4,132.5,373.0,658.5,410.5,19.0,294.5,20.0,0.2,0.6,0.4,135.0,375.0,660.0,410.0,19.0,295.0,20.0,0.2,0.6,0.4
1974,2,182.0,23.0,23.0,24.05,26.0,24.26,10.0,1.4,18.0,0.2,0.6,0.4,22.32,23.0,23.91,23.06,11.0,1.32,16.0,0.2,0.5,0.5,13.49,14.59,15.77,14.85,9.0,1.3,16.0,0.2,0.5,0.5,78.9,83.2,89.7,84.0,9.0,6.2,16.0,0.2,0.5,2.97,5.4,6.45,5.8,12.0,3.84,18.0,0.2,0.5,0.5,-5.05,-3.07,-0.34,-3.35,12.0,3.24,18.0,0.2,0.5,0.5,-4.5,-1.44,2.94,-1.52,12.0,5.11,18.0,0.2,0.5,0.5,1014.0,1015.7,1017.85,1015.82,11.0,1.8,16.0,0.2,0.5,0.5,1.7,2.5,7.3,3.6,12.0,2.6,18.0,0.2,0.5,0.5,-31.6,-13.0,-0.9,-28.1,12.0,51.9,18.0,0.2,0.5,0.5,-26.0,-5.0,12.9,-19.9,12.0,66.7,18.0,0.2,0.5,0.5,-0.61,0.8,2.79,1.24,10.0,2.21,18.0,0.2,0.6,0.4,-3.2,4.7,17.3,7.8,10.0,12.4,18.0,0.2,0.6,0.4,2.11,3.93,7.43,4.17,8.0,2.76,16.0,0.3,0.5,0.5,7.6,19.8,33.1,19.0,8.0,13.9,16.0,0.3,0.5,0.5,-129.5,-84.3,-27.9,-83.0,11.0,73.8,16.0,0.2,0.5,0.5,-103.6,-32.6,77.5,-32.1,11.0,120.7,16.0,0.2,0.5,0.5,-59.2,-35.7,-8.4,-42.0,9.0,40.1,16.0,0.2,0.5,0.5,-48.8,0.0,67.8,4.3,9.0,55.6,16.0,0.2,0.5,0.5,-18.0,-7.9,2.0,-7.6,8.0,9.7,16.0,0.3,0.5,0.5,-16.3,0.0,16.2,1.1,8.0,21.1,16.0,0.3,0.5,0.5,26.5,159.0,272.5,539.5,12.0,1381.5,18.0,0.2,0.5,0.5,25.0,160.0,275.0,540.0,12.0,1380.0,18.0,0.2,0.5,0.5
1974,2,182.0,24.0,22.5,23.5,24.46,23.32,17.0,1.4,14.0,0.4,0.5,0.5,21.54,23.0,23.95,23.15,17.0,1.75,14.0,0.4,0.5,0.5,11.2,14.65,15.97,14.03,17.0,3.21,14.0,0.4,0.5,0.5,69.1,81.2,91.8,79.1,17.0,15.2,14.0,0.4,0.5,5.1,7.2,10.44,7.55,19.0,2.63,14.0,0.4,0.5,0.5,-7.74,-3.66,3.26,-2.72,19.0,5.34,14.0,0.4,0.5,0.5,-4.55,0.0,6.47,0.84,19.0,5.47,14.0,0.4,0.5,0.5,1009.97,1015.0,1018.07,1014.27,19.0,5.11,14.0,0.4,0.5,0.5,2.9,4.0,8.0,4.9,19.0,2.4,14.0,0.4,0.5,0.5,-65.0,-20.9,27.6,-24.3,19.0,50.9,14.0,0.4,0.5,0.5,-25.5,0.0,42.4,5.8,19.0,52.1,14.0,0.4,0.5,0.5,-2.43,1.05,2.0,0.38,16.0,2.11,14.0,0.3,0.5,0.5,-17.4,5.9,19.6,3.6,16.0,17.7,14.0,0.3,0.5,0.5,2.18,3.22,6.6,3.6,16.0,2.72,14.0,0.3,0.5,0.5,14.0,23.3,50.0,30.1,16.0,28.2,14.0,0.3,0.5,0.5,-179.4,-81.3,91.2,-62.6,17.0,129.1,14.0,0.4,0.5,0.5,-35.7,25.4,164.1,42.4,17.0,118.1,14.0,0.4,0.5,0.5,-118.5,-53.6,54.9,-40.9,17.0,76.6,14.0,0.4,0.5,0.5,-21.8,15.8,103.1,32.3,17.0,73.9,14.0,0.4,0.5,0.5,-27.8,-13.3,14.7,-11.4,16.0,30.4,14.0,0.3,0.5,0.5,-20.9,1.4,14.0,-2.4,16.0,26.3,14.0,0.3,0.5,0.5,132.5,373.0,1143.0,580.0,19.0,548.5,14.0,0.4,0.5,0.5,135.0,375.0,1145.0,580.0,19.0,550.0,14.0,0.4,0.5,0.5
1974,2,182.0,25.0,23.33,23.8,23.95,23.65,4.0,0.45,18.0,0.5,0.6,0.5,20.0,20.6,23.71,21.8,5.0,2.55,20.0,0.4,0.6,0.4,11.08,11.97,14.1,12.72,5.0,2.88,20.0,0.4,0.6,0.4,71.0,79.8,83.7,77.7,5.0,7.1,20.0,0.4,0.4,5.8,7.7,10.23,8.12,5.0,3.01,20.0,0.4,0.6,0.4,-8.8,-5.83,1.61,-3.89,5.0,5.96,20.0,0.4,0.6,0.4,-7.92,-2.55,-0.26,-3.54,5.0,4.62,20.0,0.4,0.6,0.4,1016.87,1018.0,1018.37,1017.64,5.0,1.25,20.0,0.4,0.6,0.4,4.0,4.0,8.0,5.6,5.0,2.2,20.0,0.4,0.6,0.4,-91.7,-36.1,8.2,-42.4,5.0,59.4,20.0,0.4,0.6,0.4,-76.7,-13.1,1.2,-33.3,5.0,51.0,20.0,0.4,0.6,0.4,-0.76,1.85,3.52,1.4,4.0,2.67,18.0,0.5,0.6,0.5,-5.6,10.5,33.9,14.0,4.0,27.5,18.0,0.5,0.6,0.5,3.25,6.1,7.13,5.23,4.0,3.1,18.0,0.5,0.6,0.5,18.2,41.9,78.5,48.1,4.0,40.9,18.0,0.5,0.6,0.5,-188.4,-116.5,33.2,-81.3,5.0,123.9,20.0,0.4,0.6,0.4,-178.4,-52.5,-2.6,-78.9,5.0,106.6,20.0,0.4,0.6,0.4,-97.1,-69.8,19.4,-42.7,5.0,67.0,20.0,0.4,0.6,0.4,-105.0,-30.6,-3.7,-49.1,5.0,65.0,20.0,0.4,0.6,0.4,-64.4,-24.4,14.4,-25.0,4.0,47.7,18.0,0.5,0.6,0.5,-42.1,-10.9,6.5,-17.5,4.0,35.2,18.0,0.5,0.6,0.5,199.5,456.5,1202.0,726.5,5.0,819.5,20.0,0.4,0.6,0.4,200.0,455.0,1200.0,725.0,5.0,820.0,20.0,0.4,0.6,0.4
1974,2,182.0,26.0,20.29,21.7,22.71,21.59,11.0,1.23,16.0,0.5,0.7,0.7,18.89,21.1,22.84,20.92,13.0,2.0,14.0,0.5,0.6,0.6,10.05,11.3,14.48,12.15,13.0,2.0,14.0,0.5,0.6,0.6,69.2,76.9,90.1,79.1,13.0,10.2,14.0,0.5,0.6,1.99,4.1,9.03,4.77,13.0,3.41,14.0,0.5,0.6,0.6,-8.22,-3.52,0.04,-3.25,13.0,3.58,14.0,0.5,0.6,0.6,-3.19,0.0,1.19,-0.8,13.0,3.36,14.0,0.5,0.6,0.6,1013.04,1018.0,1020.76,1017.58,13.0,3.89,14.0,0.5,0.6,0.6,1.9,6.0,7.1,4.8,13.0,2.6,14.0,0.5,0.6,0.6,-68.1,-16.8,0.1,-24.6,13.0,31.0,14.0,0.5,0.6,0.6,-27.9,0.0,2.7,-11.1,13.0,29.7,14.0,0.5,0.6,0.6,-0.98,0.2,1.26,0.38,11.0,1.51,16.0,0.5,0.7,0.7,-5.0,0.0,2.9,0.5,11.0,7.9,16.0,0.5,0.7,0.7,1.83,3.33,5.65,3.54,11.0,1.9,16.0,0.5,0.7,0.7,4.8,6.3,34.5,15.7,11.0,16.1,16.0,0.5,0.7,0.7,-175.2,-68.4,0.9,-67.7,13.0,77.1,14.0,0.5,0.6,0.6,-64.4,0.0,26.9,-16.9,13.0,69.7,14.0,0.5,0.6,0.6,-91.2,-36.8,0.5,-41.3,13.0,47.5,14.0,0.5,0.6,0.6,-44.7,0.0,16.7,-9.7,13.0,37.4,14.0,0.5,0.6,0.6,-20.7,-5.4,-0.5,-11.1,11.0,14.1,16.0,0.5,0.7,0.7,-12.2,0.0,4.0,-4.3,11.0,13.2,16.0,0.5,0.7,0.7,8.5,69.0,736.0,275.0,13.0,380.0,14.0,0.5,0.6,0.6,10.0,70.0,735.0,275.0,13.0,380.0,14.0,0.5,0.6,0.6
1974,2,182.0,27.0,19.72,21.4,22.48,21.23,12.0,1.47,14.0,0.3,0.8,0.3,18.45,20.5,21.66,19.98,12.0,2.79,14.0,0.3,0.8,0.3,9.52,11.14,14.41,11.68,10.0,2.98,14.0,0.4,0.8,0.4,73.7,76.8,89.1,79.6,10.0,7.6,14.0,0.4,0.4,6.2,7.7,11.55,8.67,13.0,2.81,16.0,0.3,0.7,0.3,-6.76,-2.46,5.53,-2.04,13.0,6.16,16.0,0.3,0.7,0.3,-8.12,-6.67,5.11,-2.49,13.0,6.34,16.0,0.3,0.7,0.3,1013.79,1016.0,1020.41,1016.7,13.0,2.99,16.0,0.3,0.7,0.3,3.0,5.0,7.3,5.3,12.0,2.0,16.0,0.3,0.7,0.3,-55.1,-17.7,38.6,-26.5,13.0,71.3,16.0,0.3,0.7,0.3,-96.6,-51.3,34.5,-32.0,13.0,59.2,16.0,0.3,0.7,0.3,-1.75,0.7,2.54,0.45,11.0,2.18,14.0,0.4,0.8,0.3,-14.8,6.5,25.6,5.9,11.0,18.4,14.0,0.4,0.8,0.3,-0.16,4.66,5.32,3.12,9.0,2.8,14.0,0.4,0.8,0.4,-1.9,28.9,46.9,25.2,9.0,23.6,14.0,0.4,0.8,0.4,-113.5,-39.2,104.3,-23.9,12.0,111.2,14.0,0.3,0.8,0.3,-182.3,-68.7,94.2,-47.9,12.0,130.5,14.0,0.3,0.8,0.3,-47.5,-24.7,57.8,-8.4,10.0,52.6,14.0,0.4,0.8,0.4,-98.6,0.0,63.2,-16.2,10.0,83.1,14.0,0.4,0.8,0.4,-12.9,1.1,29.5,4.5,9.0,22.5,14.0,0.4,0.8,0.4,-37.4,0.0,8.4,-8.4,9.0,25.7,14.0,0.4,0.8,0.4,238.5,456.5,1561.5,857.5,13.0,879.0,16.0,0.3,0.7,0.3,240.0,455.0,1560.0,860.0,13.0,880.0,16.0,0.3,0.7,0.3
1974,2,182.0,28.0,20.16,20.5,20.84,20.5,2.0,0.71,12.0,0.5,0.8,0.5,20.14,21.3,22.46,21.3,2.0,2.4,12.0,0.5,0.8,0.5,11.62,11.62,11.62,11.62,1.0,0.0,2.0,0.0,0.9,0.2,82.3,82.3,82.3,82.3,1.0,0.0,2.0,0.0,0.2,5.27,5.65,6.03,5.65,2.0,0.78,12.0,0.5,0.8,0.5,-5.6,-5.12,-4.64,-5.12,2.0,1.0,12.0,0.5,0.8,0.5,-1.81,-0.21,1.38,-0.21,2.0,3.3,12.0,0.5,0.8,0.5,1016.79,1018.5,1020.21,1018.5,2.0,3.54,12.0,0.5,0.8,0.5,4.3,5.0,5.7,5.0,2.0,1.4,12.0,0.5,0.8,0.5,-34.0,-29.3,-24.7,-29.3,2.0,9.6,12.0,0.5,0.8,0.5,-8.9,0.1,9.0,0.1,2.0,18.5,12.0,0.5,0.8,0.5,-2.3,-0.8,0.7,-0.8,2.0,3.11,12.0,0.5,0.8,0.5,-11.5,-3.3,4.9,-3.3,2.0,17.0,12.0,0.5,0.8,0.5,3.81,3.81,3.81,3.81,1.0,0.0,2.0,0.0,0.9,0.2,23.6,23.6,23.6,23.6,1.0,0.0,2.0,0.0,0.9,0.2,-112.2,-107.9,-103.6,-107.9,2.0,8.9,12.0,0.5,0.8,0.5,-42.7,-8.5,25.7,-8.5,2.0,70.9,12.0,0.5,0.8,0.5,-67.7,-67.7,-67.7,-67.7,1.0,0.0,2.0,0.0,0.9,0.2,24.6,24.6,24.6,24.6,1.0,0.0,2.0,0.0,0.9,0.2,-22.2,-22.2,-22.2,-22.2,1.0,0.0,2.0,0.0,0.9,0.2,8.1,8.1,8.1,8.1,1.0,0.0,2.0,0.0,0.9,0.2,149.5,185.5,221.5,185.5,2.0,74.5,12.0,0.5,0.8,0.5,150.0,185.0,220.0,185.0,2.0,75.0,12.0,0.5,0.8,0.5
1974,2,182.0,29.0,17.8,19.0,19.0,18.51,14.0,1.34,12.0,0.4,0.6,0.5,16.59,18.85,21.47,19.01,14.0,1.99,12.0,0.4,0.6,0.5,9.36,11.79,13.6,11.41,14.0,2.15,12.0,0.4,0.6,0.5,77.6,85.3,88.4,82.9,14.0,9.2,12.0,0.4,0.5,5.2,8.75,11.27,8.48,14.0,3.38,12.0,0.4,0.6,0.5,0.0,0.74,9.95,3.36,14.0,5.5,12.0,0.4,0.6,0.5,-1.69,4.85,9.55,3.86,14.0,5.52,12.0,0.4,0.6,0.5,1009.63,1015.5,1017.0,1014.36,14.0,4.17,12.0,0.4,0.6,0.5,2.2,7.5,8.0,6.1,14.0,2.4,12.0,0.4,0.6,0.5,0.0,1.1,102.1,36.7,14.0,68.2,12.0,0.4,0.6,0.5,-17.3,24.2,97.4,32.4,14.0,56.5,12.0,0.4,0.6,0.5,-2.47,-0.85,0.91,-0.5,14.0,2.25,12.0,0.4,0.6,0.5,-27.5,-6.7,11.0,-3.9,14.0,22.4,12.0,0.4,0.6,0.5,0.01,1.31,5.03,1.85,14.0,2.27,12.0,0.4,0.6,0.5,0.0,10.8,43.0,16.5,14.0,21.5,12.0,0.4,0.6,0.5,0.0,12.2,160.3,58.9,14.0,97.9,12.0,0.4,0.6,0.5,-27.3,95.6,181.0,81.4,14.0,108.9,12.0,0.4,0.6,0.5,0.0,8.2,89.9,32.9,14.0,54.0,12.0,0.4,0.6,0.5,-15.3,54.7,109.8,51.5,14.0,68.8,12.0,0.4,0.6,0.5,0.0,0.0,40.5,11.8,14.0,20.1,12.0,0.4,0.6,0.5,-9.6,0.0,10.8,-1.3,14.0,14.1,12.0,0.4,0.6,0.5,143.5,678.0,1431.5,869.0,14.0,807.0,12.0,0.4,0.6,0.5,145.0,680.0,1430.0,870.0,14.0,805.0,12.0,0.4,0.6,0.5
1974,2,182.0,30.0,16.3,18.7,19.62,18.16,16.0,1.97,12.0,0.4,0.6,0.3,15.77,17.7,18.95,17.36,17.0,1.62,12.0,0.4,0.6,0.3,8.03,9.9,12.31,10.0,15.0,2.15,12.0,0.3,0.6,0.3,68.8,85.1,90.3,81.2,16.0,12.1,12.0,0.4,0.3,4.37,6.2,10.3,6.99,17.0,3.02,12.0,0.4,0.6,0.3,-5.63,2.76,9.22,2.0,17.0,5.9,12.0,0.4,0.6,0.3,-3.36,0.51,4.67,0.41,17.0,4.67,12.0,0.4,0.6,0.3,1011.5,1017.7,1019.85,1015.87,16.0,4.66,12.0,0.3,0.6,0.3,2.0,7.0,7.5,5.4,17.0,2.7,12.0,0.4,0.6,0.3,-42.9,9.9,85.8,16.0,17.0,55.5,12.0,0.4,0.6,0.3,-35.0,0.8,25.0,-3.9,17.0,43.7,12.0,0.4,0.6,0.3,-1.51,1.15,3.12,0.72,16.0,2.39,12.0,0.4,0.6,0.3,-11.4,9.6,25.8,6.4,16.0,19.7,12.0,0.4,0.6,0.3,1.26,3.18,4.32,3.01,15.0,2.22,12.0,0.3,0.6,0.3,4.8,17.8,44.3,23.4,15.0,23.3,12.0,0.3,0.6,0.3,-86.5,45.5,149.5,38.0,17.0,100.1,12.0,0.4,0.6,0.3,-59.6,8.7,89.1,11.4,17.0,77.0,12.0,0.4,0.6,0.3,-45.0,46.2,77.5,26.7,15.0,57.7,12.0,0.3,0.6,0.3,-36.4,0.0,57.9,6.8,15.0,46.2,12.0,0.3,0.6,0.3,-11.4,10.3,23.8,7.7,15.0,25.3,12.0,0.3,0.6,0.3,-19.2,-2.2,7.1,-5.3,15.0,20.0,12.0,0.3,0.6,0.3,84.0,238.5,1092.5,519.0,17.0,492.0,12.0,0.4,0.6,0.3,85.0,240.0,1095.0,520.0,17.0,490.0,12.0,0.4,0.6,0.3
1974,2,182.0,31.0,16.5,17.2,17.96,17.21,10.0,0.88,18.0,0.3,0.6,0.4,15.0,16.0,16.71,15.75,11.0,1.17,18.0,0.3,0.7,0.4,7.95,9.28,9.67,8.96,10.0,1.02,18.0,0.3,0.6,0.4,67.5,87.0,90.2,82.3,10.0,12.5,18.0,0.3,0.4,4.69,6.2,13.31,8.34,11.0,4.36,18.0,0.3,0.7,0.4,-4.51,2.6,4.14,1.15,11.0,6.14,18.0,0.3,0.7,0.4,-10.02,-2.56,3.74,-2.79,11.0,6.9,18.0,0.3,0.7,0.4,1013.73,1018.3,1022.12,1017.69,11.0,4.68,18.0,0.3,0.7,0.4,1.4,4.0,7.0,4.1,10.0,2.5,18.0,0.3,0.6,0.4,-43.7,19.9,30.7,5.8,11.0,75.0,18.0,0.3,0.7,0.4,-131.6,-6.7,24.2,-41.6,11.0,84.5,18.0,0.3,0.7,0.4,0.3,1.85,2.43,1.59,10.0,1.36,18.0,0.3,0.6,0.4,1.1,10.6,27.5,15.9,10.0,19.6,18.0,0.3,0.6,0.4,2.3,2.73,4.06,3.18,10.0,1.31,18.0,0.3,0.6,0.4,10.3,24.0,37.7,24.5,10.0,13.3,18.0,0.3,0.6,0.4,-67.7,33.9,69.6,21.1,11.0,99.2,18.0,0.3,0.7,0.4,-152.9,-39.7,62.2,-37.9,11.0,101.9,18.0,0.3,0.7,0.4,-43.6,19.2,32.8,-2.5,10.0,46.9,18.0,0.3,0.6,0.4,-99.2,-28.9,33.2,-31.2,10.0,64.9,18.0,0.3,0.6,0.4,-11.4,5.6,16.8,2.6,10.0,15.8,18.0,0.3,0.6,0.4,-28.0,-9.7,12.1,-7.8,10.0,22.7,18.0,0.3,0.6,0.4,106.5,238.5,2369.5,1037.0,11.0,1234.0,18.0,0.3,0.7,0.4,105.0,240.0,2370.0,1035.0,11.0,1235.0,18.0,0.3,0.7,0.4
1974,2,182.0,32.0,14.9,16.25,18.5,16.38,12.0,1.59,14.0,0.3,0.7,0.4,14.0,14.75,16.0,15.06,14.0,1.33,16.0,0.4,0.7,0.5,6.78,7.75,9.95,8.16,13.0,1.61,16.0,0.4,0.6,0.5,68.8,77.1,94.0,77.5,13.0,13.9,16.0,0.4,0.5,4.41,6.2,12.95,8.0,13.0,4.75,14.0,0.3,0.7,0.5,-5.13,2.44,6.76,0.91,13.0,7.74,14.0,0.3,0.7,0.5,-8.31,-0.89,1.8,-2.47,13.0,4.95,14.0,0.3,0.7,0.5,1015.66,1018.9,1022.69,1018.36,14.0,4.05,16.0,0.4,0.7,0.5,2.0,5.0,7.1,5.0,13.0,2.4,14.0,0.3,0.7,0.5,-42.3,10.6,84.8,0.7,13.0,103.2,14.0,0.3,0.7,0.5,-110.5,-4.5,8.3,-32.0,13.0,63.1,14.0,0.3,0.7,0.5,0.37,1.2,3.0,1.3,12.0,1.76,14.0,0.3,0.7,0.4,0.8,5.1,32.0,10.3,11.0,18.6,14.0,0.3,0.6,0.4,2.68,3.9,4.8,3.58,11.0,1.57,14.0,0.4,0.6,0.4,9.0,18.0,57.7,28.5,10.0,25.4,14.0,0.3,0.6,0.4,-83.5,44.0,100.5,11.2,13.0,116.0,14.0,0.3,0.7,0.5,-121.0,-16.0,25.9,-38.0,13.0,74.6,14.0,0.3,0.7,0.5,-41.2,24.2,52.2,0.1,12.0,70.2,14.0,0.3,0.6,0.4,-72.7,-16.4,15.6,-22.3,12.0,43.4,14.0,0.3,0.6,0.4,-13.9,9.7,44.5,13.3,10.0,26.9,14.0,0.3,0.6,0.4,-20.1,-2.7,4.3,-9.4,10.0,23.0,14.0,0.3,0.6,0.4,89.5,238.5,2171.5,1062.0,13.0,1470.0,14.0,0.3,0.7,0.5,90.0,240.0,2170.0,1060.0,13.0,1470.0,14.0,0.3,0.7,0.5
1974,2,182.0,33.0,12.8,15.0,16.0,14.51,54.0,1.56,16.0,0.3,0.8,0.3,15.22,16.7,18.3,16.74,60.0,1.56,16.0,0.3,0.8,0.3,6.89,9.43,11.02,9.25,59.0,1.72,16.0,0.3,0.8,0.3,64.0,80.2,90.8,78.3,59.0,13.0,16.0,0.3,0.3,4.1,8.7,12.9,8.71,59.0,4.47,16.0,0.3,0.8,0.3,-7.21,-1.61,5.31,-1.6,59.0,6.07,16.0,0.3,0.8,0.3,-5.07,2.25,9.44,1.82,59.0,7.38,16.0,0.3,0.8,0.3,1013.0,1018.0,1021.0,1017.1,60.0,4.51,16.0,0.3,0.8,0.3,3.0,7.0,8.0,6.1,55.0,2.4,16.0,0.3,0.8,0.2,-70.1,-5.6,51.1,-19.8,59.0,73.4,16.0,0.3,0.8,0.3,-66.4,9.0,98.4,18.4,59.0,103.8,16.0,0.3,0.8,0.3,-4.88,-2.3,0.5,-2.27,54.0,2.59,16.0,0.3,0.8,0.3,-37.9,-10.1,5.5,-13.8,54.0,21.5,16.0,0.3,0.8,0.3,-1.03,1.04,3.08,0.91,54.0,1.89,16.0,0.3,0.8,0.3,-5.7,6.1,27.6,8.9,54.0,18.1,16.0,0.3,0.8,0.3,-126.3,-25.8,88.6,-24.6,59.0,98.2,16.0,0.3,0.8,0.3,-79.8,37.6,154.5,34.4,59.0,119.4,16.0,0.3,0.8,0.3,-71.2,-15.4,59.2,-12.2,58.0,56.9,16.0,0.3,0.8,0.3,-49.4,15.2,89.5,21.2,58.0,68.8,16.0,0.3,0.8,0.3,-16.0,-2.1,3.1,-4.4,54.0,12.5,16.0,0.3,0.8,0.3,-16.2,-2.5,6.1,-2.5,54.0,15.0,16.0,0.3,0.8,0.3,69.0,658.5,2146.5,1202.5,59.0,1556.0,16.0,0.3,0.8,0.3,70.0,660.0,2145.0,1200.0,59.0,1555.0,16.0,0.3,0.8,0.3
1974,2,182.0,34.0,12.2,12.8,15.41,13.53,21.0,1.68,14.0,0.2,0.5,0.5,14.12,15.6,17.36,15.34,21.0,1.95,14.0,0.2,0.5,0.5,6.78,8.02,9.87,8.14,21.0,1.62,14.0,0.2,0.5,0.5,63.3,78.1,87.2,74.9,21.0,12.3,14.0,0.2,0.5,4.1,8.7,12.74,8.58,21.0,3.82,14.0,0.2,0.5,0.5,-1.1,3.66,11.3,4.71,21.0,5.91,14.0,0.2,0.5,0.5,-2.64,4.37,8.02,2.83,21.0,5.02,14.0,0.2,0.5,0.5,1001.8,1013.5,1018.09,1012.15,21.0,7.49,14.0,0.2,0.5,0.5,2.0,3.5,6.0,3.7,20.0,2.5,14.0,0.2,0.5,0.5,-2.8,25.9,141.1,54.7,21.0,74.7,14.0,0.2,0.5,0.5,-18.6,24.9,88.4,34.3,21.0,51.3,14.0,0.2,0.5,0.5,-4.43,-2.4,0.87,-1.81,21.0,3.22,14.0,0.2,0.5,0.5,-48.6,-11.5,4.4,-17.5,21.0,30.0,14.0,0.2,0.5,0.5,-0.81,1.45,3.73,1.53,21.0,2.07,14.0,0.2,0.5,0.5,-8.2,9.0,30.2,11.1,21.0,18.4,14.0,0.2,0.5,0.5,-15.5,57.2,165.5,75.6,21.0,88.5,14.0,0.2,0.5,0.5,-40.4,61.0,127.4,48.3,21.0,78.5,14.0,0.2,0.5,0.5,-7.3,35.2,91.1,41.5,21.0,46.3,14.0,0.2,0.5,0.5,-19.6,27.3,70.9,26.3,21.0,44.9,14.0,0.2,0.5,0.5,-9.4,2.5,19.1,2.5,21.0,18.6,14.0,0.2,0.5,0.5,-10.0,-2.1,11.8,-0.6,21.0,10.6,14.0,0.2,0.5,0.5,69.0,658.5,2074.0,991.5,21.0,1015.5,14.0,0.2,0.5,0.5,70.0,660.0,2075.0,990.0,21.0,1015.0,14.0,0.2,0.5,0.5
1974,2,182.0,35.0,12.65,14.4,14.76,13.8,5.0,1.38,10.0,0.2,0.7,0.4,11.2,12.0,15.0,12.88,5.0,1.96,10.0,0.2,0.7,0.4,5.45,7.11,9.19,7.35,5.0,2.04,10.0,0.2,0.7,0.4,65.0,82.2,89.1,78.4,5.0,13.5,10.0,0.2,0.4,8.72,12.3,13.45,11.32,5.0,2.74,10.0,0.2,0.7,0.4,0.85,4.65,10.41,5.51,5.0,5.19,10.0,0.2,0.7,0.4,-7.76,4.41,10.28,2.22,5.0,9.84,10.0,0.2,0.7,0.4,1007.71,1013.5,1015.56,1012.02,5.0,4.93,10.0,0.2,0.7,0.4,4.6,7.0,8.0,6.3,6.0,2.0,12.0,0.2,0.6,0.4,6.5,43.2,130.7,65.2,5.0,68.2,10.0,0.2,0.7,0.4,-64.4,56.9,137.5,45.6,5.0,116.5,10.0,0.2,0.7,0.4,-1.08,1.2,3.24,0.92,5.0,2.7,10.0,0.2,0.7,0.4,-15.8,11.2,31.2,6.7,5.0,33.9,10.0,0.2,0.7,0.4,0.37,3.21,4.22,2.47,5.0,2.12,10.0,0.2,0.7,0.4,4.4,36.3,38.3,24.0,5.0,19.7,10.0,0.2,0.7,0.4,9.5,55.8,137.8,69.6,5.0,66.2,10.0,0.2,0.7,0.4,-89.2,49.4,154.2,40.5,5.0,133.7,10.0,0.2,0.7,0.4,4.6,25.4,89.4,42.8,5.0,44.7,10.0,0.2,0.7,0.4,-42.1,31.4,96.3,30.2,5.0,74.2,10.0,0.2,0.7,0.4,4.0,6.4,25.8,14.0,5.0,15.4,10.0,0.2,0.7,0.4,-33.2,-2.5,8.6,-10.1,5.0,22.4,10.0,0.2,0.7,0.4,677.5,1861.0,2453.0,1651.0,5.0,1026.5,10.0,0.2,0.7,0.4,675.0,1860.0,2455.0,1650.0,5.0,1025.0,10.0,0.2,0.7,0.4
1974,2,182.0,36.0,13.79,14.0,14.43,13.9,7.0,1.04,14.0,0.3,0.6,0.4,12.29,13.35,14.44,13.3,8.0,1.28,16.0,0.4,0.6,0.4,6.19,6.67,9.56,7.68,7.0,1.86,14.0,0.3,0.6,0.4,64.2,77.4,93.8,80.1,7.0,14.2,14.0,0.3,0.4,6.81,9.25,12.83,9.58,8.0,3.3,16.0,0.4,0.6,0.4,0.58,6.24,11.92,6.65,8.0,5.01,16.0,0.4,0.6,0.4,-6.11,-1.92,4.29,-1.85,8.0,6.01,16.0,0.4,0.6,0.4,1011.21,1012.15,1017.77,1013.48,8.0,3.39,16.0,0.4,0.6,0.4,3.2,5.5,7.8,5.4,8.0,2.1,16.0,0.4,0.6,0.4,4.3,47.3,150.8,72.2,8.0,68.7,16.0,0.4,0.6,0.4,-64.5,-14.8,22.3,-24.8,8.0,65.5,16.0,0.4,0.6,0.4,-1.06,0.4,2.29,0.56,7.0,2.07,14.0,0.3,0.6,0.4,-13.4,3.1,31.5,7.2,7.0,25.0,14.0,0.3,0.6,0.4,-0.16,3.48,4.15,2.19,7.0,2.19,14.0,0.3,0.6,0.4,-2.0,27.8,48.6,21.5,7.0,24.3,14.0,0.3,0.6,0.4,7.6,83.4,157.7,90.1,8.0,68.7,16.0,0.4,0.6,0.4,-79.0,-26.2,63.7,-18.8,8.0,74.6,16.0,0.4,0.6,0.4,0.0,41.4,97.2,54.2,7.0,48.1,14.0,0.3,0.6,0.4,-33.9,0.0,43.9,-3.6,7.0,44.1,14.0,0.3,0.6,0.4,-1.9,0.0,25.8,12.1,7.0,19.6,14.0,0.3,0.6,0.4,-18.3,-0.6,3.2,-9.6,7.0,21.6,14.0,0.3,0.6,0.4,318.0,822.0,2115.0,1149.0,8.0,965.5,16.0,0.4,0.6,0.4,320.0,820.0,2115.0,1150.0,8.0,965.0,16.0,0.4,0.6,0.4
1974,2,182.0,37.0,13.0,13.0,14.37,13.67,9.0,1.11,14.0,0.2,0.4,0.5,11.88,13.5,14.65,13.14,11.0,1.91,12.0,0.3,0.4,0.5,6.29,7.47,9.14,7.66,10.0,1.53,12.0,0.2,0.4,0.5,74.3,76.8,89.3,80.8,10.0,8.0,12.0,0.2,0.5,6.63,9.3,14.97,11.26,11.0,6.11,12.0,0.3,0.4,0.5,-5.24,3.55,10.69,2.87,11.0,7.96,12.0,0.3,0.4,0.5,-2.87,5.1,11.43,4.78,11.0,8.91,12.0,0.3,0.4,0.5,998.05,1004.5,1014.85,1006.91,11.0,11.92,12.0,0.3,0.4,0.5,3.2,7.0,8.0,6.3,11.0,2.4,12.0,0.3,0.4,0.5,-60.8,13.1,131.8,41.4,11.0,131.5,12.0,0.3,0.4,0.5,-39.9,43.2,149.4,77.8,11.0,190.1,12.0,0.3,0.4,0.5,-1.57,1.0,1.95,0.5,9.0,2.13,14.0,0.2,0.4,0.5,-13.1,9.3,20.7,2.3,9.0,35.6,14.0,0.2,0.4,0.5,1.27,2.03,3.06,1.97,9.0,1.37,14.0,0.2,0.4,0.5,6.4,15.6,36.1,19.1,9.0,21.3,14.0,0.2,0.4,0.5,-70.4,49.3,119.8,38.7,11.0,103.4,12.0,0.3,0.4,0.5,-32.0,62.8,165.1,75.7,11.0,126.6,12.0,0.3,0.4,0.5,-20.5,42.3,77.5,32.8,10.0,60.2,12.0,0.2,0.4,0.5,-24.6,33.1,63.2,37.7,10.0,77.1,12.0,0.2,0.4,0.5,-10.5,4.4,25.4,6.2,9.0,22.7,14.0,0.2,0.4,0.5,-19.1,0.8,11.8,-2.6,9.0,17.4,14.0,0.2,0.4,0.5,323.0,804.5,3431.5,2796.0,11.0,4890.0,12.0,0.3,0.4,0.5,325.0,805.0,3430.0,2795.0,11.0,4890.0,12.0,0.3,0.4,0.5
1974,2,182.0,38.0,12.0,13.7,14.0,13.5,8.0,1.73,16.0,0.3,0.5,0.2,9.06,11.5,12.36,10.54,8.0,2.23,16.0,0.3,0.5,0.2,4.76,5.46,7.06,5.79,8.0,1.1,16.0,0.3,0.5,0.2,64.6,70.5,85.6,73.1,8.0,11.5,16.0,0.3,0.2,8.43,11.3,14.18,11.19,8.0,3.07,16.0,0.3,0.5,0.2,2.59,8.79,13.93,7.02,8.0,7.97,16.0,0.3,0.5,0.2,-3.33,-0.71,0.0,-0.32,8.0,5.7,16.0,0.3,0.5,0.2,996.33,1011.35,1017.96,1010.48,8.0,13.87,16.0,0.3,0.5,0.2,1.1,3.0,7.7,3.9,8.0,2.9,16.0,0.3,0.5,0.2,27.6,85.3,197.4,87.3,8.0,106.6,16.0,0.3,0.5,0.2,-34.3,-5.8,0.0,-2.0,8.0,69.4,16.0,0.3,0.5,0.2,1.56,2.3,5.0,2.96,8.0,2.17,16.0,0.3,0.5,0.2,12.4,25.8,69.7,36.0,8.0,33.3,16.0,0.3,0.5,0.2,2.46,3.74,5.12,3.88,8.0,1.49,16.0,0.3,0.5,0.2,23.1,40.2,63.1,44.9,8.0,25.2,16.0,0.3,0.5,0.2,30.1,91.8,108.2,67.5,8.0,83.5,16.0,0.3,0.5,0.2,-38.0,-8.0,0.0,-2.0,8.0,68.8,16.0,0.3,0.5,0.2,15.5,47.5,76.0,35.7,8.0,49.3,16.0,0.3,0.5,0.2,-24.4,-4.4,0.0,-0.6,8.0,34.7,16.0,0.3,0.5,0.2,7.1,36.0,57.0,34.9,8.0,34.0,16.0,0.3,0.5,0.2,-8.6,-2.0,0.0,-3.9,8.0,19.1,16.0,0.3,0.5,0.2,611.5,1477.0,2866.5,1672.5,8.0,1178.5,16.0,0.3,0.5,0.2,610.0,1475.0,2865.0,1675.0,8.0,1180.0,16.0,0.3,0.5,0.2
1974,2,182.0,39.0,12.58,13.0,13.52,13.05,4.0,0.74,6.0,0.5,0.6,0.4,8.0,10.5,12.27,10.38,6.0,2.15,10.0,0.5,0.7,0.3,5.46,6.09,6.92,6.19,4.0,0.99,6.0,0.5,0.6,0.4,76.6,77.8,82.9,79.7,4.0,5.1,6.0,0.5,0.4,5.97,15.4,17.5,12.85,6.0,5.67,10.0,0.5,0.7,0.3,0.69,14.37,16.44,9.83,6.0,8.99,10.0,0.5,0.7,0.3,-2.97,2.91,5.99,1.39,6.0,5.59,10.0,0.5,0.7,0.3,999.83,1003.7,1008.68,1005.12,6.0,7.45,10.0,0.5,0.7,0.3,5.0,5.0,6.7,5.8,5.0,1.3,8.0,0.4,0.6,0.3,5.4,221.3,287.8,167.8,6.0,138.5,10.0,0.5,0.7,0.3,-31.5,18.1,104.7,19.7,6.0,83.7,10.0,0.5,0.7,0.3,0.38,3.5,5.52,2.98,4.0,3.2,6.0,0.5,0.6,0.4,11.1,53.9,91.7,51.5,4.0,49.5,6.0,0.5,0.6,0.4,2.18,3.6,4.25,3.23,4.0,1.34,6.0,0.5,0.6,0.4,26.7,56.5,69.9,48.7,4.0,28.9,6.0,0.5,0.6,0.4,12.5,119.1,175.2,97.5,6.0,92.0,10.0,0.5,0.7,0.3,-26.6,23.9,73.0,19.7,6.0,55.2,10.0,0.5,0.7,0.3,40.7,82.2,96.9,69.4,4.0,38.2,6.0,0.5,0.6,0.4,-20.6,17.5,39.4,9.8,4.0,37.8,6.0,0.5,0.6,0.4,23.7,52.0,63.3,43.9,4.0,28.7,6.0,0.5,0.6,0.4,-17.4,4.1,17.0,0.0,4.0,24.5,6.0,0.5,0.6,0.4,216.5,3652.5,5359.5,3065.5,6.0,2358.5,10.0,0.5,0.7,0.3,215.0,3650.0,5360.0,3065.0,6.0,2360.0,10.0,0.5,0.7,0.3
1974,2,182.0,40.0,,,,,,,,,,,,,,,,,,,,,,,,,,,,,,,,,,,,,,,,7.27,8.5,9.73,8.5,2.0,2.55,20.0,0.0,0.6,0.5,-2.9,1.89,6.69,1.89,2.0,9.94,20.0,0.0,0.6,0.5,-2.81,0.42,3.65,0.42,2.0,6.69,20.0,0.0,0.6,0.5,1003.85,1014.5,1025.15,1014.5,2.0,22.06,20.0,0.0,0.6,0.5,3.0,5.0,7.0,5.0,2.0,4.2,20.0,0.0,0.6,0.5,-14.3,28.7,71.8,28.7,2.0,89.3,20.0,0.0,0.6,0.5,-15.9,12.1,40.0,12.1,2.0,57.9,20.0,0.0,0.6,0.5,,,,,,,,,,,,,,,,,,,,,,,,,,,,,,,,,,,,,,,,,-28.2,19.5,67.1,19.5,2.0,98.6,20.0,0.0,0.6,0.5,-27.3,4.6,36.6,4.6,2.0,66.3,20.0,0.0,0.6,0.5,-17.1,9.9,37.0,9.9,2.0,55.9,20.0,0.0,0.6,0.5,-16.4,1.9,20.1,1.9,2.0,37.8,20.0,0.0,0.6,0.5,,,,,,,,,,,,,,,,,,,,,,,,,,,,,,,,,,,,,,,,
1974,2,182.0,41.0,10.27,11.0,12.42,11.36,9.0,1.05,12.0,0.2,0.6,0.4,5.59,9.0,11.41,8.74,11.0,2.95,14.0,0.3,0.6,0.5,4.55,5.26,7.78,5.83,8.0,1.55,12.0,0.3,0.5,0.4,72.6,78.1,90.8,79.3,8.0,10.7,12.0,0.3,0.4,8.43,12.9,17.71,12.68,11.0,5.25,14.0,0.3,0.6,0.5,-3.06,11.13,17.16,8.21,11.0,9.98,14.0,0.3,0.6,0.5,-6.87,-1.96,0.0,-2.33,11.0,4.98,14.0,0.3,0.6,0.5,997.14,1005.3,1023.78,1009.12,11.0,15.02,14.0,0.3,0.6,0.5,3.6,7.0,7.4,5.9,11.0,1.9,14.0,0.3,0.6,0.5,-20.8,125.8,305.2,132.7,11.0,169.3,14.0,0.3,0.6,0.5,-93.5,-6.7,0.0,-28.8,11.0,73.7,14.0,0.3,0.6,0.5,-0.33,3.0,4.73,2.23,9.0,3.18,12.0,0.2,0.6,0.4,-1.5,50.8,68.5,33.2,9.0,43.2,12.0,0.2,0.6,0.4,0.26,3.05,3.92,2.45,8.0,1.77,12.0,0.3,0.5,0.4,4.0,40.0,54.8,34.6,8.0,25.4,12.0,0.3,0.5,0.4,-35.9,77.4,164.6,67.3,11.0,96.9,14.0,0.3,0.6,0.5,-41.0,-8.8,0.0,-13.5,11.0,49.1,14.0,0.3,0.6,0.5,-42.6,52.9,100.2,41.2,8.0,66.1,12.0,0.3,0.5,0.4,-27.8,-4.4,0.0,-9.2,8.0,37.6,12.0,0.3,0.5,0.4,-5.9,39.7,51.8,26.8,8.0,32.0,12.0,0.3,0.5,0.4,-17.6,-1.9,0.0,-7.2,8.0,10.5,12.0,0.3,0.5,0.4,626.5,2146.5,5554.5,2950.0,11.0,2727.0,14.0,0.3,0.6,0.5,625.0,2145.0,5555.0,2950.0,11.0,2725.0,14.0,0.3,0.6,0.5
1974,2,182.0,42.0,9.48,10.65,11.67,10.58,4.0,1.34,20.0,0.3,0.7,0.6,7.48,8.75,9.66,8.58,4.0,1.31,20.0,0.3,0.7,0.6,4.92,5.6,6.48,5.69,4.0,0.94,20.0,0.3,0.7,0.6,75.5,78.9,87.7,81.5,4.0,8.2,20.0,0.3,0.6,6.31,11.1,16.1,11.2,4.0,6.46,20.0,0.3,0.7,0.6,-3.72,5.83,15.5,5.89,4.0,11.31,20.0,0.3,0.7,0.6,-3.4,1.69,5.34,1.0,4.0,5.79,20.0,0.3,0.7,0.6,994.9,999.0,1018.81,1006.5,4.0,19.28,20.0,0.3,0.7,0.6,4.0,4.0,6.0,5.0,3.0,1.7,18.0,0.3,0.7,0.6,-31.2,81.0,256.9,111.4,4.0,179.1,20.0,0.3,0.7,0.6,-64.7,6.1,40.5,-11.3,4.0,80.2,20.0,0.3,0.7,0.6,1.74,2.0,2.26,2.0,4.0,0.41,20.0,0.3,0.7,0.6,13.9,24.5,32.2,23.1,4.0,13.4,20.0,0.3,0.7,0.6,1.85,2.56,2.68,2.28,4.0,0.66,20.0,0.3,0.7,0.6,14.4,29.7,40.8,27.7,4.0,17.7,20.0,0.3,0.7,0.6,-35.5,45.6,114.6,39.8,4.0,88.1,20.0,0.3,0.7,0.6,-23.8,16.6,51.2,13.8,4.0,48.2,20.0,0.3,0.7,0.6,-23.1,28.7,75.9,26.5,4.0,58.2,20.0,0.3,0.7,0.6,-16.2,11.5,33.8,8.9,4.0,32.0,20.0,0.3,0.7,0.6,-9.2,16.4,39.3,15.1,4.0,28.6,20.0,0.3,0.7,0.6,-8.4,2.2,12.1,1.9,4.0,14.5,20.0,0.3,0.7,0.6,407.5,1475.5,4615.5,2464.0,4.0,3056.0,20.0,0.3,0.7,0.6,405.0,1475.0,4615.0,2465.0,4.0,3055.0,20.0,0.3,0.7,0.6
1974,2,182.0,44.0,7.51,7.8,9.73,8.52,5.0,1.56,8.0,0.4,0.6,0.3,3.71,5.5,6.07,4.92,5.0,1.52,8.0,0.4,0.6,0.3,4.58,4.63,4.95,4.76,3.0,0.3,6.0,0.7,0.6,0.4,81.7,87.0,95.9,88.8,3.0,10.5,6.0,0.7,0.4,4.89,12.9,17.3,11.54,5.0,7.2,8.0,0.4,0.6,0.3,-15.39,-1.3,8.34,-2.74,5.0,12.63,8.0,0.4,0.6,0.3,-6.27,2.12,2.4,-1.69,5.0,6.76,8.0,0.4,0.6,0.3,984.5,990.2,1007.17,996.02,5.0,15.9,8.0,0.4,0.6,0.3,6.4,8.0,8.0,7.3,4.0,1.5,8.0,0.3,0.5,0.3,-267.0,-3.4,82.8,-72.4,5.0,201.4,8.0,0.4,0.6,0.3,-103.3,13.1,33.4,-39.1,5.0,131.8,8.0,0.4,0.6,0.3,2.2,3.4,5.37,3.6,5.0,1.92,8.0,0.4,0.6,0.3,11.0,34.1,64.4,40.6,5.0,40.5,8.0,0.4,0.6,0.3,2.08,2.11,3.27,2.66,3.0,0.99,6.0,0.7,0.6,0.4,24.8,27.2,37.8,31.2,3.0,10.1,6.0,0.7,0.6,0.4,-59.4,-5.7,48.2,-6.2,5.0,65.3,8.0,0.4,0.6,0.3,-18.4,11.7,14.6,-0.3,5.0,21.1,8.0,0.4,0.6,0.3,-41.4,26.5,52.7,6.1,3.0,71.2,6.0,0.7,0.6,0.4,-38.8,9.7,10.9,-13.4,3.0,41.5,6.0,0.7,0.6,0.4,-15.3,22.2,25.3,5.4,3.0,33.1,6.0,0.7,0.6,0.4,-17.2,4.7,7.0,-4.9,3.0,19.6,6.0,0.7,0.6,0.4,157.5,2146.5,5511.0,2959.5,5.0,3558.0,8.0,0.4,0.6,0.3,160.0,2145.0,5510.0,2960.0,5.0,3560.0,8.0,0.4,0.6,0.3
1974,2,182.0,45.0,5.42,6.25,6.76,6.1,4.0,0.9,16.0,0.0,0.6,0.4,4.32,5.0,6.18,5.2,5.0,1.04,12.0,0.0,0.5,0.4,4.28,4.54,5.47,4.83,5.0,0.75,12.0,0.0,0.5,0.4,82.4,85.7,90.5,86.4,5.0,6.7,12.0,0.0,0.4,5.62,12.3,17.84,12.56,5.0,8.96,12.0,0.0,0.5,0.4,-7.62,1.57,14.84,3.96,5.0,14.65,12.0,0.0,0.5,0.4,-4.48,2.12,7.38,1.74,5.0,6.28,12.0,0.0,0.5,0.4,982.67,986.0,1018.81,998.56,5.0,22.06,12.0,0.0,0.5,0.4,6.3,7.0,7.4,6.8,5.0,1.1,12.0,0.0,0.5,0.4,-71.6,7.2,329.8,133.8,5.0,345.6,12.0,0.0,0.5,0.4,-59.9,13.1,91.1,11.3,5.0,94.9,12.0,0.0,0.5,0.4,-0.07,1.2,2.26,1.1,4.0,1.39,16.0,0.0,0.6,0.4,-0.7,13.3,47.6,22.9,4.0,32.6,16.0,0.0,0.6,0.4,0.62,1.42,1.66,1.15,4.0,0.79,16.0,0.0,0.6,0.4,2.8,12.6,34.4,18.4,4.0,21.5,16.0,0.0,0.6,0.4,-43.6,7.1,69.4,14.1,5.0,65.6,12.0,0.0,0.5,0.4,-19.1,13.8,40.3,12.6,5.0,32.8,12.0,0.0,0.5,0.4,-39.8,6.4,69.3,16.5,5.0,66.9,12.0,0.0,0.5,0.4,-18.8,12.6,35.8,10.3,5.0,29.9,12.0,0.0,0.5,0.4,-8.7,1.0,25.9,8.2,4.0,27.5,16.0,0.0,0.6,0.4,-7.1,-2.8,5.0,-1.1,4.0,7.9,16.0,0.0,0.6,0.4,187.0,1861.0,8641.0,4890.0,5.0,8683.0,12.0,0.0,0.5,0.4,185.0,1860.0,8640.0,4890.0,5.0,8685.0,12.0,0.0,0.5,0.4
1974,2,182.0,46.0,4.32,5.5,6.68,5.5,5.0,1.27,14.0,0.6,0.4,0.6,1.63,3.5,4.37,3.1,5.0,1.6,14.0,0.6,0.4,0.6,2.75,3.08,4.35,3.46,5.0,0.86,14.0,0.6,0.4,0.6,57.3,65.2,91.6,73.2,5.0,19.3,14.0,0.6,0.6,5.67,11.3,12.88,9.72,5.0,3.93,14.0,0.6,0.4,0.6,-3.33,4.6,8.76,2.48,5.0,8.05,14.0,0.6,0.4,0.6,-8.5,-5.02,4.69,-2.59,5.0,7.26,14.0,0.6,0.4,0.6,994.81,1006.7,1027.25,1010.1,5.0,17.27,14.0,0.6,0.4,0.6,5.5,6.5,7.0,6.3,4.0,1.0,14.0,0.5,0.5,0.6,-45.0,27.6,107.4,24.6,5.0,99.9,14.0,0.6,0.4,0.6,-106.2,-25.6,42.3,-31.4,5.0,87.5,14.0,0.6,0.4,0.6,0.59,3.5,3.87,2.4,5.0,2.19,14.0,0.6,0.4,0.6,9.1,18.5,47.9,26.5,5.0,25.8,14.0,0.6,0.4,0.6,1.49,2.03,2.85,2.17,5.0,0.85,14.0,0.6,0.4,0.6,12.7,14.8,28.7,20.3,5.0,11.1,14.0,0.6,0.4,0.6,-15.0,17.9,25.7,5.9,5.0,29.2,14.0,0.6,0.4,0.6,-22.8,-5.0,21.2,-1.6,5.0,22.9,14.0,0.6,0.4,0.6,-15.2,14.1,30.1,7.0,5.0,32.6,14.0,0.6,0.4,0.6,-30.4,-13.1,17.2,-8.6,5.0,28.8,14.0,0.6,0.4,0.6,-3.3,9.3,20.2,8.6,5.0,15.6,14.0,0.6,0.4,0.6,-20.3,-12.7,7.6,-8.0,5.0,14.9,14.0,0.6,0.4,0.6,185.5,1443.0,2162.0,1267.5,5.0,1094.0,14.0,0.6,0.4,0.6,185.0,1445.0,2160.0,1270.0,5.0,1095.0,14.0,0.6,0.4,0.6
1974,2,182.0,47.0,4.49,6.0,6.0,5.39,7.0,0.8,18.0,0.6,0.5,0.4,2.0,3.25,4.83,3.44,8.0,1.82,18.0,0.5,0.5,0.4,2.98,3.87,4.71,3.89,8.0,1.04,18.0,0.5,0.5,0.4,67.7,80.9,93.3,79.5,8.0,17.1,18.0,0.5,0.4,4.21,6.65,14.83,9.24,8.0,6.32,18.0,0.5,0.5,0.4,-0.63,2.01,5.01,0.25,8.0,8.96,18.0,0.5,0.5,0.4,-8.84,2.96,4.91,-0.82,8.0,7.51,18.0,0.5,0.5,0.4,1000.31,1004.15,1032.34,1011.18,8.0,15.22,18.0,0.5,0.5,0.4,3.6,6.0,7.2,5.5,6.0,2.2,16.0,0.5,0.5,0.4,-2.6,8.7,49.4,-24.8,8.0,174.8,18.0,0.5,0.5,0.4,-89.1,13.7,24.6,-13.9,8.0,100.9,18.0,0.5,0.5,0.4,0.9,2.2,3.0,1.67,7.0,1.45,18.0,0.6,0.5,0.4,3.7,21.6,25.6,18.1,7.0,16.5,18.0,0.6,0.5,0.4,1.06,2.03,2.39,1.67,7.0,0.94,18.0,0.6,0.5,0.4,6.2,17.1,24.2,18.9,7.0,19.3,18.0,0.6,0.5,0.4,-0.9,6.7,26.1,1.8,8.0,31.7,18.0,0.5,0.5,0.4,-17.7,9.6,22.4,2.0,8.0,22.4,18.0,0.5,0.5,0.4,-2.5,7.9,21.4,5.8,8.0,27.9,18.0,0.5,0.5,0.4,-26.3,12.9,18.7,-2.8,8.0,29.1,18.0,0.5,0.5,0.4,-2.6,1.1,11.0,-3.6,7.0,23.3,18.0,0.6,0.5,0.4,-19.5,0.0,7.0,-2.9,7.0,15.0,18.0,0.6,0.5,0.4,76.0,342.0,3368.5,1972.0,8.0,3491.5,18.0,0.5,0.5,0.4,75.0,340.0,3370.0,1970.0,8.0,3490.0,18.0,0.5,0.5,0.4
1974,2,182.0,48.0,5.48,6.0,6.79,6.13,4.0,1.03,16.0,0.3,0.5,0.3,3.45,4.75,5.52,4.5,4.0,1.47,16.0,0.3,0.5,0.3,3.89,4.79,5.31,4.61,4.0,0.86,16.0,0.3,0.5,0.3,79.2,87.1,96.8,88.0,4.0,10.5,16.0,0.3,0.3,6.44,7.45,10.09,8.23,4.0,2.53,16.0,0.3,0.5,0.3,1.76,3.96,8.57,5.11,4.0,4.43,16.0,0.3,0.5,0.3,-1.46,3.69,6.15,2.41,4.0,5.87,16.0,0.3,0.5,0.3,997.95,1017.4,1032.55,1015.35,4.0,20.47,16.0,0.3,0.5,0.3,6.3,7.0,7.7,7.0,2.0,1.4,14.0,0.0,0.5,0.5,12.4,26.0,87.1,48.6,4.0,56.2,16.0,0.3,0.5,0.3,-8.2,35.0,57.4,25.0,4.0,44.5,16.0,0.3,0.5,0.3,1.24,1.5,2.02,1.63,4.0,0.63,16.0,0.3,0.5,0.3,9.1,12.8,16.7,12.9,4.0,4.5,16.0,0.3,0.5,0.3,0.78,1.2,1.66,1.22,4.0,0.56,16.0,0.3,0.5,0.3,7.5,11.6,11.8,9.7,4.0,3.9,16.0,0.3,0.5,0.3,6.2,16.6,47.3,26.3,4.0,28.4,16.0,0.3,0.5,0.3,-0.5,19.6,32.7,16.3,4.0,23.1,16.0,0.3,0.5,0.3,6.8,19.2,45.5,25.8,4.0,24.8,16.0,0.3,0.5,0.3,-2.3,19.6,28.3,13.3,4.0,23.7,16.0,0.3,0.5,0.3,2.7,3.7,7.7,5.1,4.0,4.1,16.0,0.3,0.5,0.3,-4.9,3.0,7.8,1.5,4.0,9.3,16.0,0.3,0.5,0.3,268.0,426.0,1123.5,683.5,4.0,654.0,16.0,0.3,0.5,0.3,270.0,425.0,1125.0,685.0,4.0,655.0,16.0,0.3,0.5,0.3
1974,2,182.0,49.0,1.54,3.0,5.96,3.56,9.0,2.28,16.0,0.3,0.6,0.5,1.63,2.5,3.87,2.52,9.0,1.31,16.0,0.3,0.6,0.5,3.45,3.58,4.11,3.78,8.0,0.54,16.0,0.4,0.7,0.5,73.0,84.7,92.6,84.0,8.0,10.4,16.0,0.4,0.5,5.61,11.3,13.77,10.31,9.0,4.69,16.0,0.3,0.6,0.5,-11.24,0.0,9.41,-1.43,9.0,10.49,16.0,0.3,0.6,0.5,-3.89,-1.34,4.45,-0.51,9.0,5.38,16.0,0.3,0.6,0.5,1001.54,1017.5,1031.82,1015.69,9.0,15.13,16.0,0.3,0.6,0.5,4.8,8.0,8.0,6.8,9.0,1.9,16.0,0.3,0.6,0.5,-145.4,0.0,107.0,-33.3,9.0,151.6,16.0,0.3,0.6,0.5,-56.2,-10.3,49.4,-10.5,9.0,65.7,16.0,0.3,0.6,0.5,-0.78,1.5,3.0,1.03,9.0,1.97,16.0,0.3,0.6,0.5,-9.0,12.3,39.3,13.1,9.0,22.7,16.0,0.3,0.6,0.5,0.21,1.22,2.31,1.17,8.0,1.05,16.0,0.4,0.7,0.5,1.4,13.6,22.5,12.9,8.0,11.6,16.0,0.4,0.7,0.5,-31.7,0.0,19.9,-5.4,9.0,24.4,16.0,0.3,0.6,0.5,-7.6,-3.3,15.2,1.4,9.0,10.8,16.0,0.3,0.6,0.5,-42.0,-11.8,36.3,-8.1,8.0,40.1,16.0,0.4,0.7,0.5,-14.3,-5.0,15.6,-1.2,8.0,19.5,16.0,0.4,0.7,0.5,-21.4,0.4,4.6,-5.4,8.0,14.7,16.0,0.4,0.7,0.5,-3.8,0.1,11.1,2.3,8.0,8.4,16.0,0.4,0.7,0.5,189.5,1443.0,2610.5,1723.5,9.0,1984.0,16.0,0.3,0.6,0.5,190.0,1445.0,2610.0,1725.0,9.0,1985.0,16.0,0.3,0.6,0.5
1974,2,182.0,50.0,3.12,4.5,7.0,4.79,11.0,1.69,12.0,0.5,0.7,0.6,0.0,1.5,4.0,2.0,14.0,2.82,12.0,0.4,0.6,0.5,3.24,3.41,4.85,3.85,11.0,0.8,12.0,0.4,0.7,0.5,74.9,86.4,92.2,84.7,11.0,9.1,12.0,0.4,0.5,7.6,8.2,14.4,10.68,13.0,4.43,12.0,0.3,0.7,0.5,-0.27,5.83,12.74,4.94,13.0,7.9,12.0,0.3,0.7,0.5,-7.75,-2.8,2.7,-2.36,13.0,6.95,12.0,0.3,0.7,0.5,996.07,1000.0,1018.48,1004.94,13.0,13.49,12.0,0.4,0.7,0.5,3.1,6.0,8.0,5.8,14.0,2.3,12.0,0.4,0.6,0.5,-2.2,59.3,172.1,62.6,13.0,126.7,12.0,0.3,0.7,0.5,-67.6,-23.0,38.4,-10.4,13.0,109.1,12.0,0.3,0.7,0.5,1.17,3.0,4.91,3.06,11.0,2.17,12.0,0.5,0.7,0.6,7.0,35.8,69.9,37.1,10.0,33.0,14.0,0.4,0.7,0.6,0.86,1.74,2.39,1.61,9.0,0.97,12.0,0.4,0.7,0.6,7.8,17.9,32.9,19.3,9.0,14.4,12.0,0.4,0.7,0.6,0.0,6.7,41.3,17.8,13.0,23.0,12.0,0.3,0.7,0.5,-8.7,0.0,8.5,1.8,13.0,9.2,12.0,0.3,0.7,0.5,6.5,25.3,58.0,26.0,11.0,31.1,12.0,0.4,0.7,0.5,-22.3,-6.7,15.4,-3.2,11.0,25.6,12.0,0.4,0.7,0.5,-3.1,6.6,19.1,7.8,9.0,16.6,12.0,0.4,0.7,0.6,-12.6,-6.1,4.8,-6.2,9.0,15.5,12.0,0.4,0.7,0.6,441.5,551.5,2986.0,1878.0,13.0,2528.5,12.0,0.3,0.7,0.5,440.0,550.0,2985.0,1880.0,13.0,2530.0,12.0,0.3,0.7,0.5
1974,2,182.0,51.0,2.31,3.0,3.06,2.73,6.0,0.61,16.0,0.3,0.7,0.3,-0.5,0.0,2.86,0.91,7.0,2.26,14.0,0.3,0.6,0.3,2.84,3.71,4.12,3.49,4.0,0.91,12.0,0.3,0.4,0.1,68.5,80.7,85.3,77.0,4.0,11.9,12.0,0.3,0.1,4.6,7.7,11.95,8.66,7.0,3.79,14.0,0.3,0.6,0.3,-7.51,-2.46,0.16,-3.61,7.0,5.24,14.0,0.3,0.6,0.3,-7.53,-4.6,3.06,-1.64,7.0,7.48,14.0,0.3,0.6,0.3,1000.14,1018.0,1027.07,1012.27,7.0,17.12,14.0,0.3,0.6,0.3,4.9,8.0,8.0,6.7,7.0,2.4,14.0,0.3,0.6,0.3,-62.2,-18.3,1.6,-39.3,7.0,72.5,14.0,0.3,0.6,0.3,-91.2,-21.2,25.9,-14.7,7.0,82.8,14.0,0.3,0.6,0.3,-0.14,0.9,3.52,1.6,6.0,2.32,16.0,0.3,0.7,0.3,-0.7,10.2,40.3,21.4,6.0,32.2,16.0,0.3,0.7,0.3,0.53,0.77,0.98,0.75,3.0,0.33,16.0,0.3,0.4,0.1,3.1,5.5,7.4,5.3,3.0,3.2,16.0,0.3,0.4,0.1,-16.1,0.0,1.5,-1.4,7.0,17.0,14.0,0.3,0.6,0.3,-0.8,1.8,9.7,2.9,7.0,10.9,14.0,0.3,0.6,0.3,-21.6,-13.4,-4.6,-13.1,4.0,10.9,12.0,0.3,0.4,0.1,-18.7,-0.5,9.6,-4.3,4.0,17.4,12.0,0.3,0.4,0.1,-5.9,-1.9,-1.7,-3.8,3.0,3.5,16.0,0.3,0.4,0.1,-3.2,1.0,2.2,-0.5,3.0,4.2,16.0,0.3,0.4,0.1,97.5,456.5,1722.5,988.0,7.0,1159.0,14.0,0.3,0.6,0.3,95.0,455.0,1725.0,990.0,7.0,1160.0,14.0,0.3,0.6,0.3
1974,2,182.0,52.0,1.98,3.0,3.68,2.83,3.0,1.26,16.0,0.3,0.4,0.4,-0.37,1.0,1.0,0.33,3.0,1.15,16.0,0.3,0.4,0.4,3.8,3.8,3.8,3.8,1.0,0.0,12.0,0.0,0.3,0.1,91.7,91.7,91.7,91.7,1.0,0.0,12.0,0.0,0.1,4.81,8.7,14.71,9.73,3.0,7.31,16.0,0.3,0.4,0.4,-14.71,-8.7,-4.81,-9.73,3.0,7.31,16.0,0.3,0.4,0.4,0.0,0.0,0.0,0.0,3.0,0.0,16.0,0.3,0.4,0.4,994.73,999.3,1003.87,999.3,2.0,9.48,14.0,0.5,0.3,0.4,7.0,7.0,7.0,7.0,1.0,0.0,16.0,1.0,0.3,0.8,-233.1,-75.7,-30.2,-130.3,3.0,156.0,16.0,0.3,0.4,0.4,0.0,0.0,0.0,0.0,3.0,0.0,16.0,0.3,0.4,0.4,2.16,2.5,2.84,2.5,3.0,0.5,16.0,0.3,0.4,0.4,10.6,17.4,41.4,25.8,3.0,23.6,16.0,0.3,0.4,0.4,1.33,1.33,1.33,1.33,1.0,0.0,12.0,0.0,0.3,0.1,23.3,23.3,23.3,23.3,1.0,0.0,12.0,0.0,0.3,0.1,-14.7,-8.7,-0.7,-7.7,3.0,10.3,16.0,0.3,0.4,0.4,0.0,0.0,0.0,0.0,3.0,0.0,16.0,0.3,0.4,0.4,-66.5,-66.5,-66.5,-66.5,1.0,0.0,12.0,0.0,0.3,0.1,0.0,0.0,0.0,0.0,1.0,0.0,12.0,0.0,0.3,0.1,-23.3,-23.3,-23.3,-23.3,1.0,0.0,12.0,0.0,0.3,0.1,0.0,0.0,0.0,0.0,1.0,0.0,12.0,0.0,0.3,0.1,227.5,658.5,3867.5,2015.0,3.0,2913.5,16.0,0.3,0.4,0.4,225.0,660.0,3865.0,2015.0,3.0,2915.0,16.0,0.3,0.4,0.4
1974,2,182.0,53.0,1.27,4.0,4.5,3.21,9.0,1.95,12.0,0.3,0.5,0.5,-2.33,2.0,3.08,0.81,11.0,2.59,14.0,0.4,0.6,0.5,2.64,3.71,4.47,3.58,11.0,0.9,14.0,0.4,0.6,0.5,78.3,87.4,95.6,86.7,11.0,9.4,14.0,0.4,0.5,5.33,8.2,13.11,9.27,11.0,4.38,14.0,0.4,0.6,0.5,-6.33,-4.41,4.15,-1.99,11.0,7.36,14.0,0.4,0.6,0.5,-12.12,-3.85,2.87,-3.78,11.0,6.28,14.0,0.4,0.6,0.5,991.51,999.2,1022.61,1004.34,11.0,17.16,14.0,0.4,0.6,0.5,4.9,7.0,8.0,6.4,7.0,2.2,16.0,0.0,0.7,0.4,-62.1,-33.3,28.9,-34.5,11.0,98.5,14.0,0.4,0.6,0.5,-156.4,-18.4,20.8,-44.0,11.0,79.0,14.0,0.4,0.6,0.5,0.35,2.5,5.87,2.78,9.0,3.24,12.0,0.3,0.5,0.5,1.1,28.4,46.4,25.1,9.0,28.6,12.0,0.3,0.5,0.5,0.33,1.41,2.35,1.28,9.0,1.14,12.0,0.3,0.5,0.5,1.0,12.2,21.9,11.7,9.0,11.8,12.0,0.3,0.5,0.5,-22.2,0.0,12.8,-2.5,11.0,17.4,14.0,0.4,0.6,0.5,-5.3,8.4,17.3,6.9,11.0,15.7,14.0,0.4,0.6,0.5,-30.2,-10.6,15.7,-9.2,11.0,28.1,14.0,0.4,0.6,0.5,-30.3,-10.8,12.1,-10.7,11.0,22.6,14.0,0.4,0.6,0.5,-9.6,0.0,5.0,-1.9,9.0,10.3,12.0,0.3,0.5,0.5,-14.4,-6.1,1.8,-7.8,9.0,10.7,12.0,0.3,0.5,0.5,168.5,551.5,2254.0,1299.0,11.0,1497.0,14.0,0.4,0.6,0.5,170.0,550.0,2255.0,1300.0,11.0,1495.0,14.0,0.4,0.6,0.5
1974,2,182.0,54.0,2.17,3.0,4.52,3.31,7.0,1.25,12.0,0.3,0.9,0.3,-3.78,-0.25,0.94,-0.97,8.0,2.42,12.0,0.3,0.9,0.2,3.33,3.66,3.82,3.64,6.0,0.35,12.0,0.3,0.8,0.2,89.4,95.5,100.0,94.2,6.0,6.9,12.0,0.3,0.2,6.1,8.0,12.9,9.26,9.0,3.53,12.0,0.2,0.8,0.2,-12.9,-3.6,-0.47,-5.43,9.0,7.3,12.0,0.2,0.8,0.2,-6.0,-4.79,0.0,-3.32,9.0,3.16,12.0,0.2,0.8,0.2,995.39,999.3,1030.21,1007.69,8.0,20.36,14.0,0.3,0.8,0.2,7.1,8.0,8.0,7.6,8.0,0.7,12.0,0.3,0.8,0.2,-166.4,-25.9,-2.4,-68.4,9.0,93.4,12.0,0.2,0.8,0.2,-50.0,-24.4,0.0,-26.2,9.0,28.9,12.0,0.2,0.8,0.2,3.43,4.5,7.0,4.71,7.0,1.89,12.0,0.3,0.9,0.3,17.5,39.6,53.0,42.0,7.0,31.0,12.0,0.3,0.9,0.3,0.83,1.41,1.72,1.32,5.0,0.56,12.0,0.4,0.9,0.3,6.1,7.6,13.9,9.4,5.0,4.7,12.0,0.4,0.9,0.3,-13.6,-0.4,15.4,3.8,8.0,24.7,12.0,0.3,0.9,0.2,-2.1,1.8,18.9,6.5,8.0,12.3,12.0,0.3,0.9,0.2,-36.9,-7.3,5.0,-12.1,6.0,25.5,12.0,0.3,0.8,0.2,-22.9,-13.0,1.2,-11.1,6.0,12.3,12.0,0.3,0.8,0.2,-6.4,-1.3,2.6,-2.0,5.0,7.2,12.0,0.4,0.9,0.3,-10.1,-3.5,-0.8,-5.2,5.0,6.5,12.0,0.4,0.9,0.3,236.0,512.0,2146.5,1116.5,9.0,1152.5,12.0,0.2,0.8,0.2,235.0,510.0,2145.0,1115.0,9.0,1155.0,12.0,0.2,0.8,0.2
1974,2,182.0,55.0,2.1,2.1,2.1,2.1,1.0,0.0,6.0,0.0,0.3,0.0,-3.7,-3.7,-3.7,-3.7,1.0,0.0,6.0,0.0,0.3,0.0,2.27,2.27,2.27,2.27,1.0,0.0,6.0,0.0,0.3,0.0,77.9,77.9,77.9,77.9,1.0,0.0,6.0,0.0,0.0,10.0,10.0,10.0,10.0,1.0,0.0,6.0,0.0,0.3,0.0,5.0,5.0,5.0,5.0,1.0,0.0,6.0,0.0,0.3,0.0,-8.66,-8.66,-8.66,-8.66,1.0,0.0,6.0,0.0,0.3,0.0,998.8,998.8,998.8,998.8,1.0,0.0,6.0,0.0,0.3,0.0,,,,,,,,,,,,,,,,,,,,,,,,,,,,,,,5.8,5.8,5.8,5.8,1.0,0.0,6.0,0.0,0.3,0.0,58.0,58.0,58.0,58.0,1.0,0.0,6.0,0.0,0.3,0.0,2.19,2.19,2.19,2.19,1.0,0.0,6.0,0.0,0.3,0.0,21.9,21.9,21.9,21.9,1.0,0.0,6.0,0.0,0.3,0.0,-18.5,-18.5,-18.5,-18.5,1.0,0.0,6.0,0.0,0.3,0.0,32.0,32.0,32.0,32.0,1.0,0.0,6.0,0.0,0.3,0.0,11.3,11.3,11.3,11.3,1.0,0.0,6.0,0.0,0.3,0.0,-19.7,-19.7,-19.7,-19.7,1.0,0.0,6.0,0.0,0.3,0.0,10.9,10.9,10.9,10.9,1.0,0.0,6.0,0.0,0.3,0.0,-19.0,-19.0,-19.0,-19.0,1.0,0.0,6.0,0.0,0.3,0.0,1000.0,1000.0,1000.0,1000.0,1.0,0.0,6.0,0.0,0.3,0.0,1000.0,1000.0,1000.0,1000.0,1.0,0.0,6.0,0.0,0.3,0.0
1974,2,182.0,56.0,,,,,,,,,,,,,,,,,,,,,,,,,,,,,,,,,,,,,,,,5.05,6.05,10.09,7.5,4.0,3.72,10.0,0.5,0.8,0.0,-2.08,1.48,6.58,2.21,4.0,5.16,10.0,0.5,0.8,0.0,-8.31,-5.69,-3.18,-5.74,4.0,3.42,10.0,0.5,0.8,0.0,999.76,1007.75,1013.96,1006.9,4.0,8.51,10.0,0.5,0.8,0.0,,,,,,,,,,,,,,,,,,,,,,,,,,,,,,,,,,,,,,,,,,,,,,,,,,,,,,,,,,,,,,,,,,,,,,,,,,,,,,,,,,,,,,,,,,,,,,,,,,,,,,,,,,,,,,,,,,,,,,,,,,,,,,,,,,,,,,,,,,,,,,,,,,,,,,
1974,2,182.0,58.0,1.2,1.5,2.0,1.49,250.0,0.54,12.0,0.2,0.8,0.6,-10.0,-6.4,1.14,-4.88,255.0,5.72,12.0,0.2,0.8,0.6,1.86,2.29,2.94,2.39,4.0,0.66,12.0,0.0,0.6,0.6,85.6,94.3,96.3,91.1,4.0,8.0,12.0,0.0,0.6,5.0,8.2,13.0,8.77,257.0,4.08,12.0,0.2,0.8,0.6,-8.66,-4.1,1.22,-3.76,257.0,5.26,12.0,0.2,0.8,0.6,-9.19,-5.36,0.0,-4.79,257.0,5.38,12.0,0.2,0.8,0.6,1001.18,1008.9,1025.22,1011.56,261.0,11.53,12.0,0.2,0.8,0.6,7.0,8.0,8.0,7.3,253.0,1.2,12.0,0.2,0.8,0.6,-108.6,-27.7,8.2,-45.0,257.0,70.4,12.0,0.2,0.8,0.6,-110.3,-40.5,0.0,-50.3,257.0,74.2,12.0,0.2,0.8,0.6,0.1,7.9,11.8,6.29,241.0,5.84,12.0,0.2,0.8,0.6,0.0,65.5,118.8,57.2,234.0,57.7,12.0,0.2,0.8,0.6,1.37,2.19,2.83,2.1,4.0,0.86,12.0,0.0,0.6,0.6,11.5,29.2,41.3,26.5,4.0,17.8,12.0,0.0,0.6,0.6,-18.4,13.7,59.0,17.0,248.0,41.8,12.0,0.2,0.8,0.6,-4.4,31.0,77.0,33.4,248.0,43.4,12.0,0.2,0.8,0.6,-21.2,-11.7,-7.0,-14.0,4.0,9.5,12.0,0.0,0.6,0.6,-24.6,-19.3,-12.4,-18.6,4.0,7.4,12.0,0.0,0.6,0.6,-19.0,-15.3,-7.6,-13.4,4.0,8.2,12.0,0.0,0.6,0.6,-37.3,-21.3,-5.7,-21.5,4.0,18.2,12.0,0.0,0.6,0.6,125.0,551.5,2197.0,1129.5,257.0,1390.5,12.0,0.2,0.8,0.6,125.0,550.0,2195.0,1130.0,257.0,1390.0,12.0,0.2,0.8,0.6
1974,2,182.0,59.0,0.79,1.3,1.9,1.2,70.0,0.78,10.0,0.3,0.5,0.5,-11.52,-8.0,-0.23,-6.13,74.0,5.9,10.0,0.3,0.5,0.5,1.5,2.04,2.94,2.17,27.0,0.74,10.0,0.4,0.4,0.5,82.3,88.8,96.8,89.5,27.0,7.2,10.0,0.4,0.5,7.0,10.65,15.45,10.88,76.0,4.53,10.0,0.3,0.5,0.5,-9.2,-3.69,0.0,-4.47,76.0,5.4,10.0,0.3,0.5,0.5,-11.56,-6.93,0.0,-5.08,76.0,8.06,10.0,0.3,0.5,0.5,997.4,1011.2,1025.59,1012.16,77.0,12.72,10.0,0.3,0.5,0.5,7.0,8.0,8.0,7.4,63.0,1.2,10.0,0.4,0.5,0.5,-136.1,-39.8,0.0,-59.1,76.0,79.7,10.0,0.3,0.5,0.5,-150.3,-65.2,0.0,-57.3,76.0,124.5,10.0,0.3,0.5,0.5,1.39,8.6,12.64,7.43,66.0,5.93,10.0,0.3,0.5,0.5,1.7,89.1,161.7,76.9,64.0,74.2,10.0,0.3,0.5,0.5,1.29,2.33,2.78,2.1,26.0,0.76,12.0,0.4,0.4,0.5,7.8,25.2,41.5,24.3,26.0,15.2,12.0,0.4,0.4,0.5,-11.4,16.3,77.8,27.1,72.0,49.2,10.0,0.3,0.5,0.5,0.0,46.8,108.1,48.4,72.0,60.6,10.0,0.3,0.5,0.5,-21.8,-11.4,7.7,-9.4,27.0,14.1,10.0,0.4,0.4,0.5,-22.0,-9.7,0.0,-6.8,27.0,20.3,10.0,0.4,0.4,0.5,-27.0,-8.4,5.7,-11.6,26.0,16.2,12.0,0.4,0.4,0.5,-29.1,-14.5,0.1,-14.6,26.0,14.9,12.0,0.4,0.4,0.5,343.0,1212.0,3688.0,1923.5,76.0,1821.5,10.0,0.3,0.5,0.5,345.0,1210.0,3690.0,1925.0,76.0,1820.0,10.0,0.3,0.5,0.5
1974,2,182.0,60.0,,,,,,,,,,,,,,,,,,,,,,,,,,,,,,,,,,,,,,,,9.06,11.8,14.99,12.06,33.0,3.2,6.0,0.2,0.8,0.3,-9.61,-5.1,-1.75,-5.52,33.0,4.5,6.0,0.2,0.8,0.3,-13.61,-9.58,-5.65,-9.62,33.0,3.63,6.0,0.2,0.8,0.3,995.81,1000.4,1012.65,1003.3,36.0,9.38,6.0,0.3,0.9,0.3,,,,,,,,,,,,,,,,,,,,,,,,,,,,,,,,,,,,,,,,,,,,,,,,,,,,,,,,,,,,,,,,,,,,,,,,,,,,,,,,,,,,,,,,,,,,,,,,,,,,,,,,,,,,,,,,,,,,,,,,,,,,,,,,,,,,,,,,,,,,,,,,,,,,,,
1974,2,182.0,62.0,,,,,,,,,,,,,,,,,,,,,,,,,,,,,,,,,,,,,,,,9.8,9.8,9.8,9.8,1.0,0.0,4.0,0.0,1.0,0.2,1.7,1.7,1.7,1.7,1.0,0.0,4.0,0.0,1.0,0.2,-9.65,-9.65,-9.65,-9.65,1.0,0.0,4.0,0.0,1.0,0.2,1007.0,1007.0,1007.0,1007.0,1.0,0.0,4.0,0.0,1.0,0.2,,,,,,,,,,,,,,,,,,,,,,,,,,,,,,,,,,,,,,,,,,,,,,,,,,,,,,,,,,,,,,,,,,,,,,,,,,,,,,,,,,,,,,,,,,,,,,,,,,,,,,,,,,,,,,,,,,,,,,,,,,,,,,,,,,,,,,,,,,,,,,,,,,,,,,
1974,2,183.0,-75.0,-0.7,-0.7,-0.7,-0.7,1.0,0.0,18.0,1.0,0.6,1.0,-1.9,-1.9,-1.9,-1.9,1.0,0.0,18.0,1.0,0.6,1.0,2.24,2.24,2.24,2.24,1.0,0.0,18.0,1.0,0.6,1.0,65.5,65.5,65.5,65.5,1.0,0.0,18.0,1.0,1.0,2.1,2.1,2.1,2.1,1.0,0.0,18.0,1.0,0.6,1.0,-1.61,-1.61,-1.61,-1.61,1.0,0.0,18.0,1.0,0.6,1.0,1.35,1.35,1.35,1.35,1.0,0.0,18.0,1.0,0.6,1.0,972.3,972.3,972.3,972.3,1.0,0.0,18.0,1.0,0.6,1.0,6.0,6.0,6.0,6.0,1.0,0.0,18.0,1.0,0.6,1.0,-3.4,-3.4,-3.4,-3.4,1.0,0.0,18.0,1.0,0.6,1.0,2.8,2.8,2.8,2.8,1.0,0.0,18.0,1.0,0.6,1.0,1.2,1.2,1.2,1.2,1.0,0.0,18.0,1.0,0.6,1.0,2.5,2.5,2.5,2.5,1.0,0.0,18.0,1.0,0.6,1.0,1.5,1.5,1.5,1.5,1.0,0.0,18.0,1.0,0.6,1.0,3.1,3.1,3.1,3.1,1.0,0.0,18.0,1.0,0.6,1.0,3.1,3.1,3.1,3.1,1.0,0.0,18.0,1.0,0.6,1.0,-2.6,-2.6,-2.6,-2.6,1.0,0.0,18.0,1.0,0.6,1.0,-3.6,-3.6,-3.6,-3.6,1.0,0.0,18.0,1.0,0.6,1.0,3.0,3.0,3.0,3.0,1.0,0.0,18.0,1.0,0.6,1.0,-2.4,-2.4,-2.4,-2.4,1.0,0.0,18.0,1.0,0.6,1.0,2.0,2.0,2.0,2.0,1.0,0.0,18.0,1.0,0.6,1.0,9.5,9.5,9.5,9.5,1.0,0.0,18.0,1.0,0.6,1.0,10.0,10.0,10.0,10.0,1.0,0.0,18.0,1.0,0.6,1.0
1974,2,183.0,-70.0,-0.6,-0.6,-0.6,-0.6,1.0,0.0,20.0,0.0,1.0,0.7,-1.1,-1.1,-1.1,-1.1,1.0,0.0,20.0,0.0,1.0,0.7,3.6,3.6,3.6,3.6,1.0,0.0,20.0,0.0,1.0,0.7,100.0,100.0,100.0,100.0,1.0,0.0,20.0,0.0,0.7,6.2,6.2,6.2,6.2,1.0,0.0,20.0,0.0,1.0,0.7,-2.12,-2.12,-2.12,-2.12,1.0,0.0,20.0,0.0,1.0,0.7,-5.83,-5.83,-5.83,-5.83,1.0,0.0,20.0,0.0,1.0,0.7,981.0,981.0,981.0,981.0,1.0,0.0,20.0,0.0,1.0,0.7,8.0,8.0,8.0,8.0,1.0,0.0,20.0,0.0,1.0,0.7,-13.1,-13.1,-13.1,-13.1,1.0,0.0,20.0,0.0,1.0,0.7,-36.1,-36.1,-36.1,-36.1,1.0,0.0,20.0,0.0,1.0,0.7,0.5,0.5,0.5,0.5,1.0,0.0,20.0,0.0,1.0,0.7,3.1,3.1,3.1,3.1,1.0,0.0,20.0,0.0,1.0,0.7,0.13,0.13,0.13,0.13,1.0,0.0,20.0,0.0,1.0,0.7,0.8,0.8,0.8,0.8,1.0,0.0,20.0,0.0,1.0,0.7,2.3,2.3,2.3,2.3,1.0,0.0,20.0,0.0,1.0,0.7,6.4,6.4,6.4,6.4,1.0,0.0,20.0,0.0,1.0,0.7,-7.6,-7.6,-7.6,-7.6,1.0,0.0,20.0,0.0,1.0,0.7,-21.0,-21.0,-21.0,-21.0,1.0,0.0,20.0,0.0,1.0,0.7,-0.3,-0.3,-0.3,-0.3,1.0,0.0,20.0,0.0,1.0,0.7,-0.8,-0.8,-0.8,-0.8,1.0,0.0,20.0,0.0,1.0,0.7,238.5,238.5,238.5,238.5,1.0,0.0,20.0,0.0,1.0,0.7,240.0,240.0,240.0,240.0,1.0,0.0,20.0,0.0,1.0,0.7
1974,2,183.0,-69.0,,,,,,,,,,,,,,,,,,,,,,,,,,,,,,,,,,,,,,,,10.8,10.8,10.8,10.8,1.0,0.0,20.0,1.0,0.3,0.5,8.27,8.27,8.27,8.27,1.0,0.0,20.0,1.0,0.3,0.5,-6.94,-6.94,-6.94,-6.94,1.0,0.0,20.0,1.0,0.3,0.5,984.3,984.3,984.3,984.3,1.0,0.0,20.0,1.0,0.3,0.5,7.0,7.0,7.0,7.0,1.0,0.0,20.0,1.0,0.3,0.5,89.4,89.4,89.4,89.4,1.0,0.0,20.0,1.0,0.3,0.5,-75.0,-75.0,-75.0,-75.0,1.0,0.0,20.0,1.0,0.3,0.5,,,,,,,,,,,,,,,,,,,,,,,,,,,,,,,,,,,,,,,,,9.9,9.9,9.9,9.9,1.0,0.0,20.0,1.0,0.3,0.5,-8.3,-8.3,-8.3,-8.3,1.0,0.0,20.0,1.0,0.3,0.5,28.0,28.0,28.0,28.0,1.0,0.0,20.0,1.0,0.3,0.5,-23.5,-23.5,-23.5,-23.5,1.0,0.0,20.0,1.0,0.3,0.5,,,,,,,,,,,,,,,,,,,,,,,,,,,,,,,,,,,,,,,,
1974,2,183.0,-56.0,,,,,,,,,,,,,,,,,,,,,,,,,,,,,,,,,,,,,,,,,,,,,,,,,,,,,,,,,,,,,,,,,,,,,,,,,,,,,,,,4.0,4.0,4.0,4.0,1.0,0.0,28.0,1.0,1.0,0.6,222.9,222.9,222.9,222.9,1.0,0.0,28.0,1.0,1.0,0.6,-81.1,-81.1,-81.1,-81.1,1.0,0.0,28.0,1.0,1.0,0.6,,,,,,,,,,,,,,,,,,,,,,,,,,,,,,,,,,,,,,,,,,,,,,,,,,,,,,,,,,,,,,,,,,,,,,,,,,,,,,,,,,,,,,,,,,,,,,,,,,,,,,,,,,,,,,,,,,,,,,,,
1974,2,183.0,-55.0,,,,,,,,,,,,,,,,,,,,,,,,,,,,,,,,,,,,,,,,9.3,9.3,9.3,9.3,1.0,0.0,28.0,1.0,0.8,0.1,8.74,8.74,8.74,8.74,1.0,0.0,28.0,1.0,0.8,0.1,-3.18,-3.18,-3.18,-3.18,1.0,0.0,28.0,1.0,0.8,0.1,995.7,995.7,995.7,995.7,1.0,0.0,28.0,1.0,0.8,0.1,4.0,4.0,4.0,4.0,1.0,0.0,28.0,1.0,0.8,0.1,81.3,81.3,81.3,81.3,1.0,0.0,28.0,1.0,0.8,0.1,-29.6,-29.6,-29.6,-29.6,1.0,0.0,28.0,1.0,0.8,0.1,,,,,,,,,,,,,,,,,,,,,,,,,,,,,,,,,,,,,,,,,76.9,76.9,76.9,76.9,1.0,0.0,28.0,1.0,0.8,0.1,-28.0,-28.0,-28.0,-28.0,1.0,0.0,28.0,1.0,0.8,0.1,46.7,46.7,46.7,46.7,1.0,0.0,28.0,1.0,0.8,0.1,-17.0,-17.0,-17.0,-17.0,1.0,0.0,28.0,1.0,0.8,0.1,,,,,,,,,,,,,,,,,,,,,,,,,,,,,,,,,,,,,,,,
1974,2,183.0,-53.0,11.0,11.0,11.0,11.0,1.0,0.0,20.0,1.0,0.4,0.4,11.0,11.0,11.0,11.0,1.0,0.0,20.0,1.0,0.4,0.4,7.72,7.72,7.72,7.72,1.0,0.0,20.0,1.0,0.4,0.4,94.2,94.2,94.2,94.2,1.0,0.0,20.0,1.0,0.4,13.4,13.4,13.4,13.4,1.0,0.0,20.0,1.0,0.4,0.4,11.6,11.6,11.6,11.6,1.0,0.0,20.0,1.0,0.4,0.4,-6.7,-6.7,-6.7,-6.7,1.0,0.0,20.0,1.0,0.4,0.4,1004.0,1004.0,1004.0,1004.0,1.0,0.0,20.0,1.0,0.4,0.4,8.0,8.0,8.0,8.0,1.0,0.0,20.0,1.0,0.4,0.4,155.5,155.5,155.5,155.5,1.0,0.0,20.0,1.0,0.4,0.4,-89.8,-89.8,-89.8,-89.8,1.0,0.0,20.0,1.0,0.4,0.4,0.0,0.0,0.0,0.0,1.0,0.0,20.0,1.0,0.4,0.4,0.0,0.0,0.0,0.0,1.0,0.0,20.0,1.0,0.4,0.4,0.48,0.48,0.48,0.48,1.0,0.0,20.0,1.0,0.4,0.4,6.4,6.4,6.4,6.4,1.0,0.0,20.0,1.0,0.4,0.4,127.7,127.7,127.7,127.7,1.0,0.0,20.0,1.0,0.4,0.4,-73.7,-73.7,-73.7,-73.7,1.0,0.0,20.0,1.0,0.4,0.4,89.6,89.6,89.6,89.6,1.0,0.0,20.0,1.0,0.4,0.4,-51.8,-51.8,-51.8,-51.8,1.0,0.0,20.0,1.0,0.4,0.4,5.6,5.6,5.6,5.6,1.0,0.0,20.0,1.0,0.4,0.4,-3.2,-3.2,-3.2,-3.2,1.0,0.0,20.0,1.0,0.4,0.4,2406.0,2406.0,2406.0,2406.0,1.0,0.0,20.0,1.0,0.4,0.4,2405.0,2405.0,2405.0,2405.0,1.0,0.0,20.0,1.0,0.4,0.4
1974,2,183.0,-47.0,14.0,14.0,14.0,14.0,1.0,0.0,14.0,0.0,0.9,0.9,16.5,16.5,16.5,16.5,1.0,0.0,14.0,0.0,0.9,0.9,11.13,11.13,11.13,11.13,1.0,0.0,14.0,0.0,0.9,0.9,95.6,95.6,95.6,95.6,1.0,0.0,14.0,0.0,0.9,7.7,7.7,7.7,7.7,1.0,0.0,14.0,0.0,0.9,0.9,-1.34,-1.34,-1.34,-1.34,1.0,0.0,14.0,0.0,0.9,0.9,-7.58,-7.58,-7.58,-7.58,1.0,0.0,14.0,0.0,0.9,0.9,1013.8,1013.8,1013.8,1013.8,1.0,0.0,14.0,0.0,0.9,0.9,8.0,8.0,8.0,8.0,1.0,0.0,14.0,0.0,0.9,0.9,-10.3,-10.3,-10.3,-10.3,1.0,0.0,14.0,0.0,0.9,0.9,-58.4,-58.4,-58.4,-58.4,1.0,0.0,14.0,0.0,0.9,0.9,-2.5,-2.5,-2.5,-2.5,1.0,0.0,14.0,0.0,0.9,0.9,-19.2,-19.2,-19.2,-19.2,1.0,0.0,14.0,0.0,0.9,0.9,-1.23,-1.23,-1.23,-1.23,1.0,0.0,14.0,0.0,0.9,0.9,-9.4,-9.4,-9.4,-9.4,1.0,0.0,14.0,0.0,0.9,0.9,-22.1,-22.1,-22.1,-22.1,1.0,0.0,14.0,0.0,0.9,0.9,-125.1,-125.1,-125.1,-125.1,1.0,0.0,14.0,0.0,0.9,0.9,-14.9,-14.9,-14.9,-14.9,1.0,0.0,14.0,0.0,0.9,0.9,-84.4,-84.4,-84.4,-84.4,1.0,0.0,14.0,0.0,0.9,0.9,1.6,1.6,1.6,1.6,1.0,0.0,14.0,0.0,0.9,0.9,9.3,9.3,9.3,9.3,1.0,0.0,14.0,0.0,0.9,0.9,456.5,456.5,456.5,456.5,1.0,0.0,14.0,0.0,0.9,0.9,455.0,455.0,455.0,455.0,1.0,0.0,14.0,0.0,0.9,0.9
1974,2,183.0,-46.0,,,,,,,,,,,,,,,,,,,,,,,,,,,,,,,,,,,,,,,,8.0,8.0,8.0,8.0,1.0,0.0,24.0,1.0,0.5,0.5,0.0,0.0,0.0,0.0,1.0,0.0,24.0,1.0,0.5,0.5,-8.0,-8.0,-8.0,-8.0,1.0,0.0,24.0,1.0,0.5,0.5,1021.6,1021.6,1021.6,1021.6,1.0,0.0,24.0,1.0,0.5,0.5,,,,,,,,,,,,,,,,,,,,,,,,,,,,,,,,,,,,,,,,,,,,,,,,,,,,,,,,,,,,,,,,,,,,,,,,,,,,,,,,,,,,,,,,,,,,,,,,,,,,,,,,,,,,,,,,,,,,,,,,,,,,,,,,,,,,,,,,,,,,,,,,,,,,,,
1974,2,183.0,-43.0,19.0,19.0,19.0,19.0,1.0,0.0,18.0,1.0,0.2,0.4,18.0,18.0,18.0,18.0,1.0,0.0,18.0,1.0,0.2,0.4,9.8,9.8,9.8,9.8,1.0,0.0,18.0,1.0,0.2,0.4,77.4,77.4,77.4,77.4,1.0,0.0,18.0,1.0,0.4,8.7,8.7,8.7,8.7,1.0,0.0,18.0,1.0,0.2,0.4,-6.66,-6.66,-6.66,-6.66,1.0,0.0,18.0,1.0,0.2,0.4,5.59,5.59,5.59,5.59,1.0,0.0,18.0,1.0,0.2,0.4,1024.2,1024.2,1024.2,1024.2,1.0,0.0,18.0,1.0,0.2,0.4,8.0,8.0,8.0,8.0,1.0,0.0,18.0,1.0,0.2,0.4,-58.0,-58.0,-58.0,-58.0,1.0,0.0,18.0,1.0,0.2,0.4,48.7,48.7,48.7,48.7,1.0,0.0,18.0,1.0,0.2,0.4,1.0,1.0,1.0,1.0,1.0,0.0,18.0,1.0,0.2,0.4,8.7,8.7,8.7,8.7,1.0,0.0,18.0,1.0,0.2,0.4,3.71,3.71,3.71,3.71,1.0,0.0,18.0,1.0,0.2,0.4,32.2,32.2,32.2,32.2,1.0,0.0,18.0,1.0,0.2,0.4,-120.0,-120.0,-120.0,-120.0,1.0,0.0,18.0,1.0,0.2,0.4,100.7,100.7,100.7,100.7,1.0,0.0,18.0,1.0,0.2,0.4,-65.3,-65.3,-65.3,-65.3,1.0,0.0,18.0,1.0,0.2,0.4,54.8,54.8,54.8,54.8,1.0,0.0,18.0,1.0,0.2,0.4,-24.7,-24.7,-24.7,-24.7,1.0,0.0,18.0,1.0,0.2,0.4,20.7,20.7,20.7,20.7,1.0,0.0,18.0,1.0,0.2,0.4,658.5,658.5,658.5,658.5,1.0,0.0,18.0,1.0,0.2,0.4,660.0,660.0,660.0,660.0,1.0,0.0,18.0,1.0,0.2,0.4
1974,2,183.0,-42.0,18.09,18.7,19.31,18.7,2.0,1.27,8.0,1.0,0.5,0.2,15.76,17.4,19.04,17.4,2.0,3.39,8.0,1.0,0.5,0.2,8.26,9.44,10.63,9.44,2.0,2.45,8.0,1.0,0.5,0.2,74.4,76.3,78.3,76.3,2.0,4.1,8.0,1.0,0.2,7.02,7.7,8.38,7.7,2.0,1.41,8.0,1.0,0.5,0.2,-4.08,-1.81,0.46,-1.81,2.0,4.7,8.0,1.0,0.5,0.2,-2.26,2.13,6.52,2.13,2.0,9.1,8.0,1.0,0.5,0.2,1021.39,1024.6,1027.81,1024.6,2.0,6.65,8.0,1.0,0.5,0.2,6.0,6.0,6.0,6.0,2.0,0.0,8.0,1.0,0.5,0.2,-26.8,-10.6,5.6,-10.6,2.0,33.6,8.0,1.0,0.5,0.2,-12.4,22.8,58.1,22.8,2.0,73.1,8.0,1.0,0.5,0.2,0.28,1.3,2.32,1.3,2.0,2.12,8.0,1.0,0.5,0.2,2.7,11.5,20.3,11.5,2.0,18.2,8.0,1.0,0.5,0.2,3.11,3.82,4.54,3.82,2.0,1.48,8.0,1.0,0.5,0.2,22.4,30.5,38.6,30.5,2.0,16.8,8.0,1.0,0.5,0.2,-81.9,-39.5,2.9,-39.5,2.0,87.9,8.0,1.0,0.5,0.2,-51.3,21.6,94.6,21.6,2.0,151.2,8.0,1.0,0.5,0.2,-46.4,-22.9,0.7,-22.9,2.0,48.8,8.0,1.0,0.5,0.2,-30.0,8.9,47.9,8.9,2.0,80.7,8.0,1.0,0.5,0.2,-10.8,-3.5,3.9,-3.5,2.0,15.3,8.0,1.0,0.5,0.2,-3.5,14.9,33.2,14.9,2.0,38.0,8.0,1.0,0.5,0.2,357.5,479.5,601.5,479.5,2.0,253.0,8.0,1.0,0.5,0.2,360.0,480.0,600.0,480.0,2.0,255.0,8.0,1.0,0.5,0.2
1974,2,183.0,-41.0,18.24,19.2,20.16,19.2,2.0,1.98,16.0,0.5,0.4,0.3,19.13,19.4,19.67,19.4,2.0,0.57,16.0,0.5,0.4,0.3,12.74,12.75,12.77,12.75,2.0,0.03,16.0,0.5,0.4,0.3,90.1,91.6,93.2,91.6,2.0,3.2,16.0,0.5,0.3,7.2,7.2,7.2,7.2,1.0,0.0,8.0,1.0,0.2,0.5,-1.25,-1.25,-1.25,-1.25,1.0,0.0,8.0,1.0,0.2,0.5,-7.09,-7.09,-7.09,-7.09,1.0,0.0,8.0,1.0,0.2,0.5,1017.46,1018.45,1019.44,1018.45,2.0,2.05,16.0,0.5,0.4,0.3,1.2,1.5,1.8,1.5,2.0,0.7,16.0,0.5,0.4,0.3,-9.0,-9.0,-9.0,-9.0,1.0,0.0,8.0,1.0,0.2,0.5,-51.1,-51.1,-51.1,-51.1,1.0,0.0,8.0,1.0,0.2,0.5,-0.88,-0.2,0.48,-0.2,2.0,1.41,16.0,0.5,0.4,0.3,5.8,5.8,5.8,5.8,1.0,0.0,8.0,1.0,0.2,0.5,0.22,1.05,1.88,1.05,2.0,1.71,16.0,0.5,0.4,0.3,16.3,16.3,16.3,16.3,1.0,0.0,8.0,1.0,0.2,0.5,-24.8,-24.8,-24.8,-24.8,1.0,0.0,8.0,1.0,0.2,0.5,-140.4,-140.4,-140.4,-140.4,1.0,0.0,8.0,1.0,0.2,0.5,-15.9,-15.9,-15.9,-15.9,1.0,0.0,8.0,1.0,0.2,0.5,-90.3,-90.3,-90.3,-90.3,1.0,0.0,8.0,1.0,0.2,0.5,-2.8,-2.8,-2.8,-2.8,1.0,0.0,8.0,1.0,0.2,0.5,-16.0,-16.0,-16.0,-16.0,1.0,0.0,8.0,1.0,0.2,0.5,373.0,373.0,373.0,373.0,1.0,0.0,8.0,1.0,0.2,0.5,375.0,375.0,375.0,375.0,1.0,0.0,8.0,1.0,0.2,0.5
1974,2,183.0,-40.0,20.0,20.0,20.0,20.0,1.0,0.0,20.0,1.0,0.2,0.6,22.5,22.5,22.5,22.5,1.0,0.0,20.0,1.0,0.2,0.6,12.86,12.86,12.86,12.86,1.0,0.0,20.0,1.0,0.2,0.6,76.2,76.2,76.2,76.2,1.0,0.0,20.0,1.0,0.6,6.2,6.2,6.2,6.2,1.0,0.0,20.0,1.0,0.2,0.6,0.0,0.0,0.0,0.0,1.0,0.0,20.0,1.0,0.2,0.6,-6.2,-6.2,-6.2,-6.2,1.0,0.0,20.0,1.0,0.2,0.6,1016.5,1016.5,1016.5,1016.5,1.0,0.0,20.0,1.0,0.2,0.6,1.0,1.0,1.0,1.0,1.0,0.0,20.0,1.0,0.2,0.6,0.0,0.0,0.0,0.0,1.0,0.0,20.0,1.0,0.2,0.6,-38.4,-38.4,-38.4,-38.4,1.0,0.0,20.0,1.0,0.2,0.6,-2.5,-2.5,-2.5,-2.5,1.0,0.0,20.0,1.0,0.2,0.6,-15.5,-15.5,-15.5,-15.5,1.0,0.0,20.0,1.0,0.2,0.6,1.63,1.63,1.63,1.63,1.0,0.0,20.0,1.0,0.2,0.6,10.1,10.1,10.1,10.1,1.0,0.0,20.0,1.0,0.2,0.6,0.0,0.0,0.0,0.0,1.0,0.0,20.0,1.0,0.2,0.6,-139.5,-139.5,-139.5,-139.5,1.0,0.0,20.0,1.0,0.2,0.6,0.0,0.0,0.0,0.0,1.0,0.0,20.0,1.0,0.2,0.6,-79.7,-79.7,-79.7,-79.7,1.0,0.0,20.0,1.0,0.2,0.6,0.0,0.0,0.0,0.0,1.0,0.0,20.0,1.0,0.2,0.6,-10.1,-10.1,-10.1,-10.1,1.0,0.0,20.0,1.0,0.2,0.6,238.5,238.5,238.5,238.5,1.0,0.0,20.0,1.0,0.2,0.6,240.0,240.0,240.0,240.0,1.0,0.0,20.0,1.0,0.2,0.6
1974,2,183.0,-39.0,20.2,20.2,20.2,20.2,1.0,0.0,8.0,1.0,1.0,0.9,20.8,20.8,20.8,20.8,1.0,0.0,8.0,1.0,1.0,0.9,12.54,12.54,12.54,12.54,1.0,0.0,8.0,1.0,1.0,0.9,83.0,83.0,83.0,83.0,1.0,0.0,8.0,1.0,0.9,4.6,4.6,4.6,4.6,1.0,0.0,8.0,1.0,1.0,0.9,-0.8,-0.8,-0.8,-0.8,1.0,0.0,8.0,1.0,1.0,0.9,-4.53,-4.53,-4.53,-4.53,1.0,0.0,8.0,1.0,1.0,0.9,1022.6,1022.6,1022.6,1022.6,1.0,0.0,8.0,1.0,1.0,0.9,2.0,2.0,2.0,2.0,1.0,0.0,8.0,1.0,1.0,0.9,-3.7,-3.7,-3.7,-3.7,1.0,0.0,8.0,1.0,1.0,0.9,-20.8,-20.8,-20.8,-20.8,1.0,0.0,8.0,1.0,1.0,0.9,-0.6,-0.6,-0.6,-0.6,1.0,0.0,8.0,1.0,1.0,0.9,-2.8,-2.8,-2.8,-2.8,1.0,0.0,8.0,1.0,1.0,0.9,2.05,2.05,2.05,2.05,1.0,0.0,8.0,1.0,1.0,0.9,9.4,9.4,9.4,9.4,1.0,0.0,8.0,1.0,1.0,0.9,-16.6,-16.6,-16.6,-16.6,1.0,0.0,8.0,1.0,1.0,0.9,-94.2,-94.2,-94.2,-94.2,1.0,0.0,8.0,1.0,1.0,0.9,-10.0,-10.0,-10.0,-10.0,1.0,0.0,8.0,1.0,1.0,0.9,-56.8,-56.8,-56.8,-56.8,1.0,0.0,8.0,1.0,1.0,0.9,-1.6,-1.6,-1.6,-1.6,1.0,0.0,8.0,1.0,1.0,0.9,-9.3,-9.3,-9.3,-9.3,1.0,0.0,8.0,1.0,1.0,0.9,97.5,97.5,97.5,97.5,1.0,0.0,8.0,1.0,1.0,0.9,95.0,95.0,95.0,95.0,1.0,0.0,8.0,1.0,1.0,0.9
1974,2,183.0,-38.0,21.1,21.1,21.1,21.1,1.0,0.0,10.0,1.0,0.5,0.8,18.8,18.8,18.8,18.8,1.0,0.0,10.0,1.0,0.5,0.8,9.74,9.74,9.74,9.74,1.0,0.0,10.0,1.0,0.5,0.8,72.2,72.2,72.2,72.2,1.0,0.0,10.0,1.0,0.8,7.7,7.7,7.7,7.7,1.0,0.0,10.0,1.0,0.5,0.8,4.95,4.95,4.95,4.95,1.0,0.0,10.0,1.0,0.5,0.8,5.9,5.9,5.9,5.9,1.0,0.0,10.0,1.0,0.5,0.8,1011.0,1011.0,1011.0,1011.0,1.0,0.0,10.0,1.0,0.5,0.8,7.0,7.0,7.0,7.0,1.0,0.0,10.0,1.0,0.5,0.8,38.1,38.1,38.1,38.1,1.0,0.0,10.0,1.0,0.5,0.8,45.4,45.4,45.4,45.4,1.0,0.0,10.0,1.0,0.5,0.8,2.3,2.3,2.3,2.3,1.0,0.0,10.0,1.0,0.5,0.8,17.7,17.7,17.7,17.7,1.0,0.0,10.0,1.0,0.5,0.8,5.87,5.87,5.87,5.87,1.0,0.0,10.0,1.0,0.5,0.8,45.2,45.2,45.2,45.2,1.0,0.0,10.0,1.0,0.5,0.8,93.1,93.1,93.1,93.1,1.0,0.0,10.0,1.0,0.5,0.8,110.9,110.9,110.9,110.9,1.0,0.0,10.0,1.0,0.5,0.8,48.2,48.2,48.2,48.2,1.0,0.0,10.0,1.0,0.5,0.8,57.4,57.4,57.4,57.4,1.0,0.0,10.0,1.0,0.5,0.8,29.0,29.0,29.0,29.0,1.0,0.0,10.0,1.0,0.5,0.8,34.6,34.6,34.6,34.6,1.0,0.0,10.0,1.0,0.5,0.8,456.5,456.5,456.5,456.5,1.0,0.0,10.0,1.0,0.5,0.8,455.0,455.0,455.0,455.0,1.0,0.0,10.0,1.0,0.5,0.8
1974,2,183.0,-37.0,21.05,21.15,21.25,21.15,2.0,0.21,20.0,0.5,0.5,0.5,19.15,19.9,20.65,19.9,2.0,1.56,20.0,0.5,0.5,0.5,12.2,12.61,13.03,12.61,2.0,0.87,20.0,0.5,0.5,0.5,86.4,86.9,87.4,86.9,2.0,1.0,20.0,0.5,0.5,7.22,12.85,18.48,12.85,2.0,11.67,20.0,0.5,0.5,0.5,-10.94,-5.3,0.34,-5.3,2.0,11.68,20.0,0.5,0.5,0.5,-0.4,6.32,13.04,6.32,2.0,13.92,20.0,0.5,0.5,0.5,999.98,1008.1,1016.22,1008.1,2.0,16.83,20.0,0.5,0.5,0.5,4.6,6.0,7.4,6.0,2.0,2.8,20.0,0.5,0.5,0.5,-238.6,-136.3,-34.0,-136.3,2.0,212.0,20.0,0.5,0.5,0.5,40.5,162.4,284.4,162.4,2.0,252.6,20.0,0.5,0.5,0.5,0.4,1.25,2.1,1.25,2.0,1.77,20.0,0.5,0.5,0.5,8.4,26.4,44.4,26.4,2.0,37.3,20.0,0.5,0.5,0.5,2.44,3.09,3.73,3.09,2.0,1.34,20.0,0.5,0.5,0.5,21.8,47.5,73.2,47.5,2.0,53.2,20.0,0.5,0.5,0.5,-204.7,-96.4,11.8,-96.4,2.0,224.2,20.0,0.5,0.5,0.5,-14.0,114.9,243.9,114.9,2.0,267.2,20.0,0.5,0.5,0.5,-130.7,-61.8,7.1,-61.8,2.0,142.8,20.0,0.5,0.5,0.5,-8.4,73.7,155.8,73.7,2.0,170.1,20.0,0.5,0.5,0.5,-45.0,-24.2,-3.3,-24.2,2.0,43.2,20.0,0.5,0.5,0.5,4.0,28.8,53.7,28.8,2.0,51.5,20.0,0.5,0.5,0.5,1572.5,4745.5,7918.5,4745.5,2.0,6573.5,20.0,0.5,0.5,0.5,1575.0,4745.0,7920.0,4745.0,2.0,6575.0,20.0,0.5,0.5,0.5
1974,2,183.0,-36.0,22.5,22.5,22.5,22.5,1.0,0.0,18.0,1.0,1.0,0.2,22.45,23.2,23.95,23.2,2.0,1.56,20.0,1.0,0.7,0.2,13.97,14.39,14.81,14.39,2.0,0.87,20.0,1.0,0.7,0.2,76.1,82.2,88.4,82.2,2.0,12.7,20.0,1.0,0.2,0.33,1.05,1.77,1.05,2.0,1.48,20.0,1.0,0.7,0.2,0.17,0.53,0.88,0.53,2.0,0.74,20.0,1.0,0.7,0.2,0.29,0.91,1.53,0.91,2.0,1.29,20.0,1.0,0.7,0.2,1017.4,1018.05,1018.7,1018.05,2.0,1.34,20.0,1.0,0.7,0.2,3.2,3.5,3.8,3.5,2.0,0.7,20.0,1.0,0.7,0.2,0.4,1.1,1.9,1.1,2.0,1.6,20.0,1.0,0.7,0.2,0.6,1.9,3.2,1.9,2.0,2.7,20.0,1.0,0.7,0.2,0.4,0.4,0.4,0.4,1.0,0.0,18.0,1.0,1.0,0.2,0.0,0.0,0.0,0.0,1.0,0.0,18.0,1.0,1.0,0.2,1.87,1.87,1.87,1.87,1.0,0.0,18.0,1.0,1.0,0.2,0.0,0.0,0.0,0.0,1.0,0.0,18.0,1.0,1.0,0.2,4.0,12.8,21.5,12.8,2.0,18.0,20.0,1.0,0.7,0.2,7.0,22.1,37.2,22.1,2.0,31.2,20.0,1.0,0.7,0.2,2.3,7.2,12.2,7.2,2.0,10.2,20.0,1.0,0.7,0.2,4.0,12.5,21.1,12.5,2.0,17.7,20.0,1.0,0.7,0.2,0.0,0.0,0.0,0.0,1.0,0.0,18.0,1.0,1.0,0.2,0.0,0.0,0.0,0.0,1.0,0.0,18.0,1.0,1.0,0.2,1.5,4.5,8.0,4.5,2.0,6.5,20.0,1.0,0.7,0.2,0.0,5.0,10.0,5.0,2.0,5.0,20.0,1.0,0.7,0.2
1974,2,183.0,-35.0,21.49,22.1,22.71,22.1,2.0,1.27,18.0,0.5,0.4,0.7,21.73,21.8,22.35,22.03,3.0,0.49,20.0,0.3,0.6,0.5,14.21,14.76,15.03,14.62,3.0,0.62,20.0,0.3,0.6,0.5,86.4,86.9,91.8,89.0,3.0,4.3,20.0,0.3,0.5,6.52,7.2,11.09,8.77,3.0,3.61,16.0,0.7,0.4,0.8,-11.06,-7.09,-6.42,-8.7,3.0,3.67,16.0,0.7,0.4,0.8,-0.85,0.0,0.73,-0.06,3.0,1.16,16.0,0.7,0.4,0.8,1013.8,1017.7,1019.98,1016.93,4.0,4.49,18.0,0.5,0.6,0.6,3.0,6.0,8.0,5.5,4.0,3.0,18.0,0.5,0.6,0.6,-129.8,-51.1,-42.0,-85.1,3.0,70.7,16.0,0.7,0.4,0.8,-6.1,0.0,4.6,-0.8,3.0,7.9,16.0,0.7,0.4,0.8,-0.23,0.35,0.93,0.35,2.0,1.2,18.0,0.5,0.4,0.7,-4.1,1.1,6.2,1.1,2.0,10.7,18.0,0.5,0.4,0.7,1.83,1.98,2.13,1.98,2.0,0.32,18.0,0.5,0.4,0.7,16.9,19.3,21.6,19.3,2.0,4.8,18.0,0.5,0.4,0.7,-260.0,-217.3,-174.5,-217.3,2.0,88.6,18.0,0.5,0.4,0.7,-22.9,-13.6,-4.3,-13.6,2.0,19.3,18.0,0.5,0.4,0.7,-168.4,-143.7,-119.0,-143.7,2.0,51.2,18.0,0.5,0.4,0.7,-15.9,-9.5,-3.0,-9.5,2.0,13.4,18.0,0.5,0.4,0.7,-21.5,-19.1,-16.7,-19.1,2.0,5.0,18.0,0.5,0.4,0.7,-2.3,-1.4,-0.4,-1.4,2.0,1.9,18.0,0.5,0.4,0.7,281.0,373.0,1584.0,919.5,3.0,1065.0,16.0,0.7,0.4,0.8,280.0,375.0,1585.0,920.0,3.0,1065.0,16.0,0.7,0.4,0.8
1974,2,183.0,-33.0,,,,,,,,,,,,,,,,,,,,,,,,,,,,,,,,,,,,,,,,6.2,6.2,6.2,6.2,1.0,0.0,16.0,0.0,0.6,0.5,-5.37,-5.37,-5.37,-5.37,1.0,0.0,16.0,0.0,0.6,0.5,3.1,3.1,3.1,3.1,1.0,0.0,16.0,0.0,0.6,0.5,1020.0,1020.0,1020.0,1020.0,1.0,0.0,16.0,0.0,0.6,0.5,2.0,2.0,2.0,2.0,1.0,0.0,16.0,0.0,0.6,0.5,-33.3,-33.3,-33.3,-33.3,1.0,0.0,16.0,0.0,0.6,0.5,19.2,19.2,19.2,19.2,1.0,0.0,16.0,0.0,0.6,0.5,,,,,,,,,,,,,,,,,,,,,,,,,,,,,,,,,,,,,,,,,-126.2,-126.2,-126.2,-126.2,1.0,0.0,16.0,0.0,0.6,0.5,72.9,72.9,72.9,72.9,1.0,0.0,16.0,0.0,0.6,0.5,-88.3,-88.3,-88.3,-88.3,1.0,0.0,16.0,0.0,0.6,0.5,51.0,51.0,51.0,51.0,1.0,0.0,16.0,0.0,0.6,0.5,,,,,,,,,,,,,,,,,,,,,,,,,,,,,,,,,,,,,,,,
1974,2,183.0,-31.0,23.63,23.7,25.27,24.43,3.0,1.36,26.0,0.3,0.8,0.5,23.05,23.6,24.08,23.57,3.0,0.75,26.0,0.3,0.8,0.5,14.38,14.44,15.87,15.11,3.0,1.24,26.0,0.3,0.8,0.5,79.7,82.7,86.0,82.8,3.0,4.6,26.0,0.3,0.5,2.6,2.6,2.6,2.6,1.0,0.0,22.0,1.0,0.8,0.5,0.0,0.0,0.0,0.0,1.0,0.0,22.0,1.0,0.8,0.5,-2.6,-2.6,-2.6,-2.6,1.0,0.0,22.0,1.0,0.8,0.5,1001.4,1001.4,1010.41,1005.8,3.0,7.62,26.0,0.3,0.8,0.5,4.0,6.0,6.7,5.3,3.0,2.1,26.0,0.3,0.8,0.5,0.0,0.0,0.0,0.0,1.0,0.0,22.0,1.0,0.8,0.5,-6.8,-6.8,-6.8,-6.8,1.0,0.0,22.0,1.0,0.8,0.5,0.32,0.8,1.41,0.87,3.0,0.8,26.0,0.3,0.8,0.5,4.4,4.4,4.4,4.4,1.0,0.0,22.0,1.0,0.8,0.5,4.0,4.14,4.34,4.17,3.0,0.25,26.0,0.3,0.8,0.5,11.5,11.5,11.5,11.5,1.0,0.0,22.0,1.0,0.8,0.5,0.0,0.0,0.0,0.0,1.0,0.0,22.0,1.0,0.8,0.5,-63.2,-63.2,-63.2,-63.2,1.0,0.0,22.0,1.0,0.8,0.5,0.0,0.0,0.0,0.0,1.0,0.0,22.0,1.0,0.8,0.5,-43.0,-43.0,-43.0,-43.0,1.0,0.0,22.0,1.0,0.8,0.5,0.0,0.0,0.0,0.0,1.0,0.0,22.0,1.0,0.8,0.5,-11.5,-11.5,-11.5,-11.5,1.0,0.0,22.0,1.0,0.8,0.5,17.5,17.5,17.5,17.5,1.0,0.0,22.0,1.0,0.8,0.5,20.0,20.0,20.0,20.0,1.0,0.0,22.0,1.0,0.8,0.5
1974,2,183.0,-30.0,24.31,25.2,26.09,25.2,2.0,1.84,12.0,0.5,0.9,0.6,24.23,24.95,25.67,24.95,2.0,1.48,12.0,0.5,0.9,0.6,15.07,16.47,17.87,16.47,2.0,2.9,12.0,0.5,0.9,0.6,80.0,83.5,87.1,83.5,2.0,7.4,12.0,0.5,0.6,5.5,7.45,9.4,7.45,2.0,4.03,12.0,0.5,0.9,0.6,-9.4,-7.45,-5.5,-7.45,2.0,4.03,12.0,0.5,0.9,0.6,0.0,0.0,0.0,0.0,2.0,0.0,12.0,0.5,0.9,0.6,1015.91,1016.8,1017.69,1016.8,2.0,1.84,12.0,0.5,0.9,0.6,1.6,3.0,4.4,3.0,2.0,2.8,12.0,0.5,0.9,0.6,-92.6,-63.6,-34.6,-63.6,2.0,60.1,12.0,0.5,0.9,0.6,0.0,0.0,0.0,0.0,2.0,0.0,12.0,0.5,0.9,0.6,0.08,0.25,0.42,0.25,2.0,0.35,12.0,0.5,0.9,0.6,0.4,1.2,1.9,1.2,2.0,1.6,12.0,0.5,0.9,0.6,3.18,3.53,3.87,3.53,2.0,0.72,12.0,0.5,0.9,0.6,18.3,27.7,37.2,27.7,2.0,19.6,12.0,0.5,0.9,0.6,-226.1,-182.9,-139.7,-182.9,2.0,89.5,12.0,0.5,0.9,0.6,0.0,0.0,0.0,0.0,2.0,0.0,12.0,0.5,0.9,0.6,-138.4,-116.8,-95.2,-116.8,2.0,44.8,12.0,0.5,0.9,0.6,0.0,0.0,0.0,0.0,2.0,0.0,12.0,0.5,0.9,0.6,-37.2,-27.7,-18.3,-27.7,2.0,19.6,12.0,0.5,0.9,0.6,0.0,0.0,0.0,0.0,2.0,0.0,12.0,0.5,0.9,0.6,255.5,595.0,935.0,595.0,2.0,704.0,12.0,0.5,0.9,0.6,255.0,595.0,935.0,595.0,2.0,705.0,12.0,0.5,0.9,0.6
1974,2,183.0,-28.0,25.6,25.6,25.6,25.6,1.0,0.0,26.0,1.0,0.1,0.3,25.0,25.0,25.0,25.0,2.0,0.0,14.0,1.0,0.4,0.5,16.63,16.97,17.3,16.97,2.0,0.7,14.0,1.0,0.4,0.5,84.1,85.5,86.9,85.5,2.0,2.9,14.0,1.0,0.5,7.11,8.0,8.89,8.0,2.0,1.84,14.0,1.0,0.4,0.5,-6.03,-5.47,-4.91,-5.47,2.0,1.16,14.0,1.0,0.4,0.5,-6.41,-2.88,0.65,-2.88,2.0,7.32,14.0,1.0,0.4,0.5,1004.96,1008.1,1011.24,1008.1,2.0,6.51,14.0,1.0,0.4,0.5,3.0,5.0,7.0,5.0,2.0,4.2,14.0,1.0,0.4,0.5,-43.1,-42.7,-42.4,-42.7,2.0,0.8,14.0,1.0,0.4,0.5,-60.6,-29.8,1.0,-29.8,2.0,63.8,14.0,1.0,0.4,0.5,0.6,0.6,0.6,0.6,1.0,0.0,26.0,1.0,0.1,0.3,5.6,5.6,5.6,5.6,1.0,0.0,26.0,1.0,0.1,0.3,3.24,3.24,3.24,3.24,1.0,0.0,26.0,1.0,0.1,0.3,30.1,30.1,30.1,30.1,1.0,0.0,26.0,1.0,0.1,0.3,-150.9,-136.8,-122.8,-136.8,2.0,29.1,14.0,1.0,0.4,0.5,-160.3,-72.0,16.2,-72.0,2.0,182.9,14.0,1.0,0.4,0.5,-100.1,-92.5,-84.8,-92.5,2.0,15.9,14.0,1.0,0.4,0.5,-112.3,-51.4,9.4,-51.4,2.0,126.1,14.0,1.0,0.4,0.5,-15.1,-15.1,-15.1,-15.1,1.0,0.0,26.0,1.0,0.1,0.3,-26.1,-26.1,-26.1,-26.1,1.0,0.0,26.0,1.0,0.1,0.3,380.5,552.5,724.5,552.5,2.0,356.0,14.0,1.0,0.4,0.5,380.0,555.0,725.0,555.0,2.0,355.0,14.0,1.0,0.4,0.5
1974,2,183.0,-27.0,26.5,26.5,26.5,26.5,1.0,0.0,26.0,1.0,0.9,0.3,26.0,26.0,26.0,26.0,1.0,0.0,26.0,1.0,0.9,0.3,19.94,19.94,19.94,19.94,1.0,0.0,26.0,1.0,0.9,0.3,94.2,94.2,94.2,94.2,1.0,0.0,26.0,1.0,0.3,,,,,,,,,,,,,,,,,,,,,,,,,,,,,,,,,,,,,,,,,,,,,,,,,,,,,,,,,,,,,,,,,,,,,,,,,,,,,,,,,,,,,,,,,,,,,,,,,,,,,,,,,,,,,,,,,,,,,,,,,,,,,,,,,,,,,,,,,,,,,,,,,,,,,,,,,,,,,,,,,,,,,,,,,,,,,,,,,,,,,,,,,,,,,,
1974,2,183.0,-26.0,27.0,27.0,27.0,27.0,1.0,0.0,14.0,0.0,0.4,1.0,26.4,26.4,26.4,26.4,1.0,0.0,14.0,0.0,0.4,1.0,18.02,18.02,18.02,18.02,1.0,0.0,14.0,0.0,0.4,1.0,84.1,84.1,84.1,84.1,1.0,0.0,14.0,0.0,1.0,7.7,7.7,7.7,7.7,1.0,0.0,14.0,0.0,0.4,1.0,-5.9,-5.9,-5.9,-5.9,1.0,0.0,14.0,0.0,0.4,1.0,4.95,4.95,4.95,4.95,1.0,0.0,14.0,0.0,0.4,1.0,1015.0,1015.0,1015.0,1015.0,1.0,0.0,14.0,0.0,0.4,1.0,3.0,3.0,3.0,3.0,1.0,0.0,14.0,0.0,0.4,1.0,-45.4,-45.4,-45.4,-45.4,1.0,0.0,14.0,0.0,0.4,1.0,38.1,38.1,38.1,38.1,1.0,0.0,14.0,0.0,0.4,1.0,0.6,0.6,0.6,0.6,1.0,0.0,14.0,0.0,0.4,1.0,4.6,4.6,4.6,4.6,1.0,0.0,14.0,0.0,0.4,1.0,4.24,4.24,4.24,4.24,1.0,0.0,14.0,0.0,0.4,1.0,32.6,32.6,32.6,32.6,1.0,0.0,14.0,0.0,0.4,1.0,-155.7,-155.7,-155.7,-155.7,1.0,0.0,14.0,0.0,0.4,1.0,130.7,130.7,130.7,130.7,1.0,0.0,14.0,0.0,0.4,1.0,-106.3,-106.3,-106.3,-106.3,1.0,0.0,14.0,0.0,0.4,1.0,89.2,89.2,89.2,89.2,1.0,0.0,14.0,0.0,0.4,1.0,-25.0,-25.0,-25.0,-25.0,1.0,0.0,14.0,0.0,0.4,1.0,21.0,21.0,21.0,21.0,1.0,0.0,14.0,0.0,0.4,1.0,456.5,456.5,456.5,456.5,1.0,0.0,14.0,0.0,0.4,1.0,455.0,455.0,455.0,455.0,1.0,0.0,14.0,0.0,0.4,1.0
1974,2,183.0,-25.0,25.6,25.6,25.6,25.6,1.0,0.0,22.0,1.0,1.0,1.0,25.0,25.0,25.0,25.0,1.0,0.0,22.0,1.0,1.0,1.0,17.28,17.28,17.28,17.28,1.0,0.0,22.0,1.0,1.0,1.0,87.1,87.1,87.1,87.1,1.0,0.0,22.0,1.0,1.0,11.3,11.3,11.3,11.3,1.0,0.0,22.0,1.0,1.0,1.0,-11.3,-11.3,-11.3,-11.3,1.0,0.0,22.0,1.0,1.0,1.0,0.0,0.0,0.0,0.0,1.0,0.0,22.0,1.0,1.0,1.0,1008.1,1008.1,1008.1,1008.1,1.0,0.0,22.0,1.0,1.0,1.0,7.0,7.0,7.0,7.0,1.0,0.0,22.0,1.0,1.0,1.0,-127.7,-127.7,-127.7,-127.7,1.0,0.0,22.0,1.0,1.0,1.0,0.0,0.0,0.0,0.0,1.0,0.0,22.0,1.0,1.0,1.0,0.6,0.6,0.6,0.6,1.0,0.0,22.0,1.0,1.0,1.0,6.8,6.8,6.8,6.8,1.0,0.0,22.0,1.0,1.0,1.0,3.33,3.33,3.33,3.33,1.0,0.0,22.0,1.0,1.0,1.0,37.6,37.6,37.6,37.6,1.0,0.0,22.0,1.0,1.0,1.0,-282.5,-282.5,-282.5,-282.5,1.0,0.0,22.0,1.0,1.0,1.0,0.0,0.0,0.0,0.0,1.0,0.0,22.0,1.0,1.0,1.0,-195.2,-195.2,-195.2,-195.2,1.0,0.0,22.0,1.0,1.0,1.0,0.0,0.0,0.0,0.0,1.0,0.0,22.0,1.0,1.0,1.0,-37.6,-37.6,-37.6,-37.6,1.0,0.0,22.0,1.0,1.0,1.0,0.0,0.0,0.0,0.0,1.0,0.0,22.0,1.0,1.0,1.0,1443.0,1443.0,1443.0,1443.0,1.0,0.0,22.0,1.0,1.0,1.0,1445.0,1445.0,1445.0,1445.0,1.0,0.0,22.0,1.0,1.0,1.0
1974,2,183.0,-24.0,,,,,,,,,,,,,,,,,,,,,,,,,,,,,,,,,,,,,,,,6.7,6.7,6.7,6.7,1.0,0.0,2.0,1.0,0.6,0.6,-6.6,-6.6,-6.6,-6.6,1.0,0.0,2.0,1.0,0.6,0.6,1.16,1.16,1.16,1.16,1.0,0.0,2.0,1.0,0.6,0.6,1010.9,1010.9,1010.9,1010.9,1.0,0.0,2.0,1.0,0.6,0.6,2.0,2.0,2.0,2.0,1.0,0.0,2.0,1.0,0.6,0.6,-44.2,-44.2,-44.2,-44.2,1.0,0.0,2.0,1.0,0.6,0.6,7.8,7.8,7.8,7.8,1.0,0.0,2.0,1.0,0.6,0.6,,,,,,,,,,,,,,,,,,,,,,,,,,,,,,,,,,,,,,,,,-184.7,-184.7,-184.7,-184.7,1.0,0.0,2.0,1.0,0.6,0.6,32.6,32.6,32.6,32.6,1.0,0.0,2.0,1.0,0.6,0.6,-130.8,-130.8,-130.8,-130.8,1.0,0.0,2.0,1.0,0.6,0.6,23.1,23.1,23.1,23.1,1.0,0.0,2.0,1.0,0.6,0.6,,,,,,,,,,,,,,,,,,,,,,,,,,,,,,,,,,,,,,,,
1974,2,183.0,-23.0,,,,,,,,,,,,,,,,,,,,,,,,,,,,,,,,,,,,,,,,6.7,6.7,6.7,6.7,1.0,0.0,6.0,0.0,0.1,0.2,-6.6,-6.6,-6.6,-6.6,1.0,0.0,6.0,0.0,0.1,0.2,1.16,1.16,1.16,1.16,1.0,0.0,6.0,0.0,0.1,0.2,1012.1,1012.1,1012.1,1012.1,1.0,0.0,6.0,0.0,0.1,0.2,2.0,2.0,2.0,2.0,1.0,0.0,6.0,0.0,0.1,0.2,-44.2,-44.2,-44.2,-44.2,1.0,0.0,6.0,0.0,0.1,0.2,7.8,7.8,7.8,7.8,1.0,0.0,6.0,0.0,0.1,0.2,,,,,,,,,,,,,,,,,,,,,,,,,,,,,,,,,,,,,,,,,-178.2,-178.2,-178.2,-178.2,1.0,0.0,6.0,0.0,0.1,0.2,31.4,31.4,31.4,31.4,1.0,0.0,6.0,0.0,0.1,0.2,-115.6,-115.6,-115.6,-115.6,1.0,0.0,6.0,0.0,0.1,0.2,20.4,20.4,20.4,20.4,1.0,0.0,6.0,0.0,0.1,0.2,,,,,,,,,,,,,,,,,,,,,,,,,,,,,,,,,,,,,,,,
1974,2,183.0,-22.0,25.95,27.55,28.57,27.28,4.0,1.72,14.0,0.8,0.4,0.4,25.95,26.9,27.44,26.66,5.0,1.01,12.0,0.8,0.4,0.4,16.84,17.77,20.34,18.55,4.0,2.54,12.0,1.0,0.3,0.3,80.1,83.4,90.0,84.9,5.0,7.6,12.0,0.8,0.4,5.39,7.7,11.48,8.08,5.0,3.73,12.0,0.8,0.4,0.4,-7.58,-6.58,-4.52,-5.99,5.0,2.08,12.0,0.8,0.4,0.4,-4.42,-0.45,4.82,-0.03,5.0,6.8,12.0,0.8,0.4,0.4,1010.76,1011.65,1012.22,1011.5,4.0,1.12,12.0,1.0,0.3,0.3,0.6,5.0,8.0,4.4,5.0,3.8,12.0,0.8,0.4,0.4,-73.2,-58.4,-31.7,-52.9,5.0,30.3,12.0,0.8,0.4,0.4,-46.9,-1.2,49.6,0.3,5.0,77.4,12.0,0.8,0.4,0.4,-1.02,0.1,1.43,0.2,4.0,1.55,14.0,0.8,0.4,0.4,-12.0,-0.1,5.4,-3.1,4.0,11.0,14.0,0.8,0.4,0.4,2.2,6.63,6.77,4.53,3.0,3.81,16.0,1.0,0.2,0.1,6.7,17.8,40.5,23.4,3.0,25.3,16.0,1.0,0.2,0.1,-203.5,-164.4,-123.8,-159.5,5.0,55.5,12.0,0.8,0.4,0.4,-121.5,-12.1,125.5,-3.7,5.0,183.6,12.0,0.8,0.4,0.4,-128.2,-116.9,-76.1,-102.8,4.0,38.5,12.0,1.0,0.3,0.3,-124.8,-15.7,16.7,-52.3,4.0,113.1,12.0,1.0,0.3,0.3,-39.9,-17.5,-6.1,-22.9,3.0,25.2,16.0,1.0,0.2,0.1,-7.0,-3.1,-1.9,-4.4,3.0,4.0,16.0,1.0,0.2,0.1,224.0,456.5,1516.0,780.5,5.0,718.0,12.0,0.8,0.4,0.4,225.0,455.0,1515.0,780.0,5.0,720.0,12.0,0.8,0.4,0.4
1974,2,183.0,-20.0,27.73,28.0,28.96,28.33,3.0,0.95,18.0,0.7,0.6,1.0,26.56,26.7,26.97,26.77,3.0,0.31,18.0,0.7,0.6,1.0,17.71,17.81,18.97,18.33,3.0,1.02,18.0,0.7,0.6,1.0,79.8,81.1,86.4,83.1,3.0,5.1,18.0,0.7,1.0,5.61,6.7,9.16,7.37,3.0,2.66,18.0,0.7,0.6,1.0,-2.12,-1.74,-0.55,-1.35,3.0,1.2,18.0,0.7,0.6,1.0,-9.03,-6.3,1.27,-3.93,3.0,7.82,18.0,0.7,0.6,1.0,1005.26,1008.2,1008.27,1006.8,3.0,2.51,18.0,0.7,0.6,1.0,4.6,6.0,7.4,6.0,3.0,2.0,18.0,0.7,0.6,1.0,-13.3,-8.9,-2.8,-8.1,3.0,7.7,18.0,0.7,0.6,1.0,-85.8,-42.2,3.3,-41.3,3.0,65.3,18.0,0.7,0.6,1.0,0.9,0.9,2.27,1.57,3.0,1.15,18.0,0.7,0.6,1.0,7.1,9.3,13.0,10.0,3.0,4.4,18.0,0.7,0.6,1.0,4.42,5.97,7.54,5.98,3.0,2.28,18.0,0.7,0.6,1.0,30.3,42.2,55.3,42.8,3.0,18.3,18.0,0.7,0.6,1.0,-56.4,-46.2,-14.7,-35.8,3.0,31.9,18.0,0.7,0.6,1.0,-243.9,-168.1,33.3,-106.7,3.0,209.9,18.0,0.7,0.6,1.0,-40.3,-30.8,-9.8,-25.2,3.0,22.9,18.0,0.7,0.6,1.0,-164.2,-122.8,18.8,-73.9,3.0,140.6,18.0,0.7,0.6,1.0,-12.5,-8.5,-2.7,-7.6,3.0,7.2,18.0,0.7,0.6,1.0,-49.4,-23.3,19.6,-15.1,3.0,51.0,18.0,0.7,0.6,1.0,186.0,301.0,841.5,508.5,3.0,512.5,18.0,0.7,0.6,1.0,185.0,300.0,840.0,510.0,3.0,515.0,18.0,0.7,0.6,1.0
1974,2,183.0,-17.0,27.95,28.5,29.11,28.53,3.0,0.85,14.0,1.0,0.5,0.7,26.24,27.2,27.95,27.1,3.0,1.25,14.0,1.0,0.5,0.7,16.85,17.48,18.95,17.89,3.0,1.58,14.0,1.0,0.5,0.7,72.8,73.2,87.2,79.8,3.0,12.0,14.0,1.0,0.7,5.61,6.7,8.82,7.2,3.0,2.39,14.0,1.0,0.5,0.7,-5.06,-1.74,3.75,-0.68,3.0,6.51,14.0,1.0,0.5,0.7,-6.65,-4.79,-0.73,-3.71,3.0,4.44,14.0,1.0,0.5,0.7,1003.71,1007.4,1008.15,1005.97,3.0,3.48,14.0,1.0,0.5,0.7,5.0,7.0,7.7,6.3,3.0,2.1,14.0,1.0,0.5,0.7,-33.0,-8.9,39.3,2.9,3.0,53.9,14.0,1.0,0.5,0.7,-58.0,-24.4,-2.4,-30.1,3.0,41.0,14.0,1.0,0.5,0.7,1.16,1.3,1.71,1.43,3.0,0.42,14.0,1.0,0.5,0.7,6.6,8.7,15.5,11.0,3.0,6.8,14.0,1.0,0.5,0.7,5.16,7.95,8.21,6.72,3.0,2.48,14.0,1.0,0.5,0.7,39.4,42.5,49.9,44.6,3.0,7.9,14.0,1.0,0.5,0.7,-138.2,-49.4,95.3,-22.1,3.0,172.6,14.0,1.0,0.5,0.7,-175.3,-135.6,-21.4,-99.2,3.0,117.0,14.0,1.0,0.5,0.7,-84.3,-30.5,74.8,-5.4,3.0,118.5,14.0,1.0,0.5,0.7,-127.2,-83.8,-13.4,-70.6,3.0,84.1,14.0,1.0,0.5,0.7,-40.4,-14.5,12.0,-14.2,3.0,38.4,14.0,1.0,0.5,0.7,-36.5,-29.0,-2.9,-19.9,3.0,25.8,14.0,1.0,0.5,0.7,186.0,301.0,738.0,458.0,3.0,426.5,14.0,1.0,0.5,0.7,185.0,300.0,740.0,460.0,3.0,425.0,14.0,1.0,0.5,0.7
1974,2,183.0,-16.0,28.58,28.75,28.92,28.75,2.0,0.35,10.0,1.0,0.5,0.3,28.58,28.75,28.92,28.75,2.0,0.35,10.0,1.0,0.5,0.3,17.36,18.7,20.04,18.7,2.0,2.78,10.0,1.0,0.5,0.3,69.6,75.8,82.0,75.8,2.0,12.8,10.0,1.0,0.3,3.41,5.15,6.89,5.15,2.0,3.61,10.0,1.0,0.5,0.3,-6.38,-3.79,-1.2,-3.79,2.0,5.36,10.0,1.0,0.5,0.3,-1.98,-0.63,0.71,-0.63,2.0,2.78,10.0,1.0,0.5,0.3,1009.33,1010.05,1010.77,1010.05,2.0,1.48,10.0,1.0,0.5,0.3,0.3,1.0,1.7,1.0,2.0,1.4,10.0,1.0,0.5,0.3,-49.1,-29.2,-9.3,-29.2,2.0,41.3,10.0,1.0,0.5,0.3,-4.1,1.8,7.6,1.8,2.0,12.1,10.0,1.0,0.5,0.3,0.0,0.0,0.0,0.0,2.0,0.0,10.0,1.0,0.5,0.3,0.0,0.0,0.0,0.0,2.0,0.0,10.0,1.0,0.5,0.3,4.5,6.11,7.72,6.11,2.0,3.33,10.0,1.0,0.5,0.3,23.1,25.5,27.8,25.5,2.0,4.9,10.0,1.0,0.5,0.3,-181.8,-108.1,-34.3,-108.1,2.0,152.8,10.0,1.0,0.5,0.3,-57.4,-18.6,20.1,-18.6,2.0,80.3,10.0,1.0,0.5,0.3,-131.8,-78.4,-24.9,-78.4,2.0,110.8,10.0,1.0,0.5,0.3,-32.2,-7.9,16.3,-7.9,2.0,50.3,10.0,1.0,0.5,0.3,-23.9,-14.2,-4.5,-14.2,2.0,20.1,10.0,1.0,0.5,0.3,-17.7,-8.5,0.7,-8.5,2.0,19.1,10.0,1.0,0.5,0.3,87.0,237.0,387.0,237.0,2.0,310.5,10.0,1.0,0.5,0.3,85.0,235.0,385.0,235.0,2.0,310.0,10.0,1.0,0.5,0.3
1974,2,183.0,-14.0,29.0,29.1,29.26,29.13,4.0,0.21,16.0,0.8,0.3,0.6,25.97,27.4,27.67,26.83,3.0,1.34,16.0,0.7,0.4,0.6,17.74,18.14,18.55,18.14,2.0,0.84,18.0,1.0,0.3,0.6,82.6,84.4,86.2,84.4,2.0,3.8,18.0,1.0,0.6,1.46,4.6,7.4,4.43,3.0,4.35,16.0,0.7,0.4,0.6,-2.97,0.0,2.41,-0.28,3.0,3.94,16.0,0.7,0.4,0.6,-6.08,-2.96,-0.94,-3.5,3.0,3.8,16.0,0.7,0.4,0.6,1007.47,1010.0,1010.41,1008.97,3.0,2.33,16.0,0.7,0.4,0.6,4.6,8.0,8.0,6.3,3.0,2.9,16.0,0.7,0.4,0.6,-25.8,0.0,11.1,-7.2,3.0,27.7,16.0,0.7,0.4,0.6,-49.1,-13.6,-4.3,-26.4,3.0,34.6,16.0,0.7,0.4,0.6,1.53,1.6,3.1,2.3,3.0,1.3,16.0,0.7,0.4,0.6,2.2,6.9,24.8,13.3,3.0,17.4,16.0,0.7,0.4,0.6,6.6,7.07,7.54,7.07,2.0,0.97,18.0,1.0,0.3,0.6,35.4,48.4,61.5,48.4,2.0,27.0,18.0,1.0,0.3,0.6,-75.1,0.0,65.9,-4.5,3.0,103.4,16.0,0.7,0.4,0.6,-155.8,-81.0,-25.7,-90.5,3.0,95.7,16.0,0.7,0.4,0.6,-53.8,-5.2,43.4,-5.2,2.0,100.7,18.0,1.0,0.3,0.6,-120.1,-93.8,-67.6,-93.8,2.0,54.3,18.0,1.0,0.3,0.6,-24.8,-5.6,13.6,-5.6,2.0,39.8,18.0,1.0,0.3,0.6,-52.2,-38.7,-25.2,-38.7,2.0,28.0,18.0,1.0,0.3,0.6,31.0,97.5,480.5,252.0,3.0,355.5,16.0,0.7,0.4,0.6,30.0,95.0,480.0,250.0,3.0,355.0,16.0,0.7,0.4,0.6
1974,2,183.0,-13.0,28.6,28.6,28.6,28.6,2.0,0.0,16.0,1.0,0.7,0.3,28.0,28.0,28.0,28.0,1.0,0.0,16.0,1.0,0.7,0.3,16.33,16.33,16.33,16.33,1.0,0.0,16.0,1.0,0.7,0.3,69.0,69.0,69.0,69.0,1.0,0.0,16.0,1.0,0.3,5.1,5.1,5.1,5.1,1.0,0.0,16.0,1.0,0.7,0.3,-2.55,-2.55,-2.55,-2.55,1.0,0.0,16.0,1.0,0.7,0.3,-4.42,-4.42,-4.42,-4.42,1.0,0.0,16.0,1.0,0.7,0.3,1008.9,1008.9,1008.9,1008.9,1.0,0.0,16.0,1.0,0.7,0.3,7.0,7.0,7.0,7.0,1.0,0.0,16.0,1.0,0.7,0.3,-13.0,-13.0,-13.0,-13.0,1.0,0.0,16.0,1.0,0.7,0.3,-22.5,-22.5,-22.5,-22.5,1.0,0.0,16.0,1.0,0.7,0.3,0.6,0.6,0.6,0.6,1.0,0.0,16.0,1.0,0.7,0.3,3.1,3.1,3.1,3.1,1.0,0.0,16.0,1.0,0.7,0.3,8.29,8.29,8.29,8.29,1.0,0.0,16.0,1.0,0.7,0.3,42.3,42.3,42.3,42.3,1.0,0.0,16.0,1.0,0.7,0.3,-71.4,-71.4,-71.4,-71.4,1.0,0.0,16.0,1.0,0.7,0.3,-123.7,-123.7,-123.7,-123.7,1.0,0.0,16.0,1.0,0.7,0.3,-41.6,-41.6,-41.6,-41.6,1.0,0.0,16.0,1.0,0.7,0.3,-72.1,-72.1,-72.1,-72.1,1.0,0.0,16.0,1.0,0.7,0.3,-21.1,-21.1,-21.1,-21.1,1.0,0.0,16.0,1.0,0.7,0.3,-36.6,-36.6,-36.6,-36.6,1.0,0.0,16.0,1.0,0.7,0.3,132.5,132.5,132.5,132.5,1.0,0.0,16.0,1.0,0.7,0.3,135.0,135.0,135.0,135.0,1.0,0.0,16.0,1.0,0.7,0.3
1974,2,183.0,-11.0,30.0,30.0,30.0,30.0,1.0,0.0,16.0,0.0,0.6,0.2,27.8,27.8,27.8,27.8,1.0,0.0,16.0,0.0,0.6,0.2,21.1,21.1,21.1,21.1,1.0,0.0,16.0,0.0,0.6,0.2,89.9,89.9,89.9,89.9,1.0,0.0,16.0,0.0,0.2,5.1,5.1,5.1,5.1,1.0,0.0,16.0,0.0,0.6,0.2,-3.91,-3.91,-3.91,-3.91,1.0,0.0,16.0,0.0,0.6,0.2,-3.28,-3.28,-3.28,-3.28,1.0,0.0,16.0,0.0,0.6,0.2,1008.3,1008.3,1008.3,1008.3,1.0,0.0,16.0,0.0,0.6,0.2,8.0,8.0,8.0,8.0,1.0,0.0,16.0,0.0,0.6,0.2,-19.9,-19.9,-19.9,-19.9,1.0,0.0,16.0,0.0,0.6,0.2,-16.7,-16.7,-16.7,-16.7,1.0,0.0,16.0,0.0,0.6,0.2,2.2,2.2,2.2,2.2,1.0,0.0,16.0,0.0,0.6,0.2,11.2,11.2,11.2,11.2,1.0,0.0,16.0,0.0,0.6,0.2,5.64,5.64,5.64,5.64,1.0,0.0,16.0,0.0,0.6,0.2,28.8,28.8,28.8,28.8,1.0,0.0,16.0,0.0,0.6,0.2,-108.6,-108.6,-108.6,-108.6,1.0,0.0,16.0,0.0,0.6,0.2,-91.1,-91.1,-91.1,-91.1,1.0,0.0,16.0,0.0,0.6,0.2,-82.4,-82.4,-82.4,-82.4,1.0,0.0,16.0,0.0,0.6,0.2,-69.2,-69.2,-69.2,-69.2,1.0,0.0,16.0,0.0,0.6,0.2,-22.0,-22.0,-22.0,-22.0,1.0,0.0,16.0,0.0,0.6,0.2,-18.5,-18.5,-18.5,-18.5,1.0,0.0,16.0,0.0,0.6,0.2,132.5,132.5,132.5,132.5,1.0,0.0,16.0,0.0,0.6,0.2,135.0,135.0,135.0,135.0,1.0,0.0,16.0,0.0,0.6,0.2
1974,2,183.0,-8.0,,,,,,,,,,,,,,,,,,,,,,,,,,,,,,,,,,,,,,,,8.2,8.2,8.2,8.2,1.0,0.0,16.0,1.0,0.1,0.9,-8.08,-8.08,-8.08,-8.08,1.0,0.0,16.0,1.0,0.1,0.9,-1.42,-1.42,-1.42,-1.42,1.0,0.0,16.0,1.0,0.1,0.9,1009.4,1009.4,1009.4,1009.4,1.0,0.0,16.0,1.0,0.1,0.9,3.0,3.0,3.0,3.0,1.0,0.0,16.0,1.0,0.1,0.9,-66.2,-66.2,-66.2,-66.2,1.0,0.0,16.0,1.0,0.1,0.9,-11.7,-11.7,-11.7,-11.7,1.0,0.0,16.0,1.0,0.1,0.9,,,,,,,,,,,,,,,,,,,,,,,,,,,,,,,,,,,,,,,,,-226.1,-226.1,-226.1,-226.1,1.0,0.0,16.0,1.0,0.1,0.9,-39.9,-39.9,-39.9,-39.9,1.0,0.0,16.0,1.0,0.1,0.9,-133.5,-133.5,-133.5,-133.5,1.0,0.0,16.0,1.0,0.1,0.9,-23.5,-23.5,-23.5,-23.5,1.0,0.0,16.0,1.0,0.1,0.9,,,,,,,,,,,,,,,,,,,,,,,,,,,,,,,,,,,,,,,,
1974,2,183.0,-1.0,25.8,25.8,25.8,25.8,1.0,0.0,28.0,1.0,0.4,0.9,25.6,25.6,25.6,25.6,1.0,0.0,28.0,1.0,0.4,0.9,17.6,17.6,17.6,17.6,1.0,0.0,28.0,1.0,0.4,0.9,85.6,85.6,85.6,85.6,1.0,0.0,28.0,1.0,0.9,8.7,8.7,8.7,8.7,1.0,0.0,28.0,1.0,0.4,0.9,-8.57,-8.57,-8.57,-8.57,1.0,0.0,28.0,1.0,0.4,0.9,1.51,1.51,1.51,1.51,1.0,0.0,28.0,1.0,0.4,0.9,1007.7,1007.7,1007.7,1007.7,1.0,0.0,28.0,1.0,0.4,0.9,2.0,2.0,2.0,2.0,1.0,0.0,28.0,1.0,0.4,0.9,-74.5,-74.5,-74.5,-74.5,1.0,0.0,28.0,1.0,0.4,0.9,13.1,13.1,13.1,13.1,1.0,0.0,28.0,1.0,0.4,0.9,0.2,0.2,0.2,0.2,1.0,0.0,28.0,1.0,0.4,0.9,1.7,1.7,1.7,1.7,1.0,0.0,28.0,1.0,0.4,0.9,3.26,3.26,3.26,3.26,1.0,0.0,28.0,1.0,0.4,0.9,28.4,28.4,28.4,28.4,1.0,0.0,28.0,1.0,0.4,0.9,-219.3,-219.3,-219.3,-219.3,1.0,0.0,28.0,1.0,0.4,0.9,38.7,38.7,38.7,38.7,1.0,0.0,28.0,1.0,0.4,0.9,-150.8,-150.8,-150.8,-150.8,1.0,0.0,28.0,1.0,0.4,0.9,26.6,26.6,26.6,26.6,1.0,0.0,28.0,1.0,0.4,0.9,-27.9,-27.9,-27.9,-27.9,1.0,0.0,28.0,1.0,0.4,0.9,4.9,4.9,4.9,4.9,1.0,0.0,28.0,1.0,0.4,0.9,658.5,658.5,658.5,658.5,1.0,0.0,28.0,1.0,0.4,0.9,660.0,660.0,660.0,660.0,1.0,0.0,28.0,1.0,0.4,0.9
1974,2,183.0,0.0,,,,,,,,,,,,,,,,,,,,,,,,,,,,,,,,,,,,,,,,8.0,9.0,10.0,9.07,11.0,1.12,28.0,0.8,0.4,0.1,-9.82,-9.0,-7.95,-8.95,11.0,1.06,28.0,0.8,0.4,0.1,-1.81,0.0,1.46,-0.23,11.0,1.57,28.0,0.8,0.4,0.1,1006.45,1008.3,1009.97,1008.33,11.0,1.6,28.0,0.8,0.4,0.1,0.0,1.0,3.0,1.7,15.0,1.8,28.0,0.9,0.5,0.1,-97.0,-81.0,-63.6,-82.3,11.0,19.4,28.0,0.8,0.4,0.1,-18.9,0.0,12.3,-3.0,11.0,15.3,28.0,0.8,0.4,0.1,,,,,,,,,,,,,,,,,,,,,,,,,,,,,,,,,,,,,,,,,-252.9,-234.0,-200.0,-228.6,11.0,28.8,28.0,0.8,0.4,0.1,-46.1,0.0,36.2,-6.3,11.0,39.9,28.0,0.8,0.4,0.1,-167.0,-148.6,-131.4,-149.1,11.0,18.7,28.0,0.8,0.4,0.1,-30.0,0.0,24.2,-3.9,11.0,26.0,28.0,0.8,0.4,0.1,,,,,,,,,,,,,,,,,,,,,,,,,,,,,,,,,,,,,,,,
1974,2,183.0,5.0,26.6,26.6,26.6,26.6,1.0,0.0,10.0,0.0,0.2,0.8,26.8,26.8,26.8,26.8,1.0,0.0,10.0,0.0,0.2,0.8,17.51,17.51,17.51,17.51,1.0,0.0,10.0,0.0,0.2,0.8,79.2,79.2,79.2,79.2,1.0,0.0,10.0,0.0,0.8,7.7,7.7,7.7,7.7,1.0,0.0,10.0,0.0,0.2,0.8,-6.67,-6.67,-6.67,-6.67,1.0,0.0,10.0,0.0,0.2,0.8,-3.85,-3.85,-3.85,-3.85,1.0,0.0,10.0,0.0,0.2,0.8,1007.1,1007.1,1007.1,1007.1,1.0,0.0,10.0,0.0,0.2,0.8,3.0,3.0,3.0,3.0,1.0,0.0,10.0,0.0,0.2,0.8,-51.3,-51.3,-51.3,-51.3,1.0,0.0,10.0,0.0,0.2,0.8,-29.6,-29.6,-29.6,-29.6,1.0,0.0,10.0,0.0,0.2,0.8,-0.2,-0.2,-0.2,-0.2,1.0,0.0,10.0,0.0,0.2,0.8,-1.5,-1.5,-1.5,-1.5,1.0,0.0,10.0,0.0,0.2,0.8,4.39,4.39,4.39,4.39,1.0,0.0,10.0,0.0,0.2,0.8,33.8,33.8,33.8,33.8,1.0,0.0,10.0,0.0,0.2,0.8,-178.7,-178.7,-178.7,-178.7,1.0,0.0,10.0,0.0,0.2,0.8,-103.2,-103.2,-103.2,-103.2,1.0,0.0,10.0,0.0,0.2,0.8,-116.7,-116.7,-116.7,-116.7,1.0,0.0,10.0,0.0,0.2,0.8,-67.4,-67.4,-67.4,-67.4,1.0,0.0,10.0,0.0,0.2,0.8,-29.3,-29.3,-29.3,-29.3,1.0,0.0,10.0,0.0,0.2,0.8,-16.9,-16.9,-16.9,-16.9,1.0,0.0,10.0,0.0,0.2,0.8,456.5,456.5,456.5,456.5,1.0,0.0,10.0,0.0,0.2,0.8,455.0,455.0,455.0,455.0,1.0,0.0,10.0,0.0,0.2,0.8
1974,2,183.0,6.0,,,,,,,,,,,,,,,,,,,,,,,,,,,,,,,,,,,,,,,,6.7,6.7,6.7,6.7,2.0,0.0,28.0,1.0,0.9,0.9,-6.7,-6.7,-6.7,-6.7,2.0,0.0,28.0,1.0,0.9,0.9,0.0,0.0,0.0,0.0,2.0,0.0,28.0,1.0,0.9,0.9,1008.8,1008.8,1008.8,1008.8,2.0,0.0,28.0,1.0,0.9,0.9,,,,,,,,,,,,,,,,,,,,,,,,,,,,,,,,,,,,,,,,,,,,,,,,,,,,,,,,,,,,,,,,,,,,,,,,,,,,,,,,,,,,,,,,,,,,,,,,,,,,,,,,,,,,,,,,,,,,,,,,,,,,,,,,,,,,,,,,,,,,,,,,,,,,,,
1974,2,183.0,9.0,27.43,27.5,27.84,27.63,3.0,0.32,12.0,1.0,0.6,0.7,27.06,27.2,27.75,27.4,3.0,0.53,12.0,1.0,0.6,0.7,16.11,16.5,16.53,16.32,3.0,0.35,12.0,1.0,0.6,0.7,70.4,71.4,72.7,71.5,3.0,1.7,12.0,1.0,0.7,9.78,10.8,10.8,10.3,3.0,0.87,12.0,1.0,0.6,0.7,-9.35,-9.35,-8.47,-8.92,3.0,0.75,12.0,1.0,0.6,0.7,-5.4,-5.4,-4.89,-5.15,3.0,0.43,12.0,1.0,0.6,0.7,1008.48,1009.5,1010.39,1009.43,3.0,1.4,12.0,1.0,0.6,0.7,4.0,4.0,4.0,4.0,3.0,0.0,12.0,1.0,0.6,0.7,-101.0,-101.0,-83.2,-92.3,3.0,15.1,12.0,1.0,0.6,0.7,-58.3,-58.3,-48.0,-53.3,3.0,8.7,12.0,1.0,0.6,0.7,-0.21,0.4,0.67,0.23,3.0,0.67,12.0,1.0,0.6,0.7,-2.3,4.3,6.4,2.1,3.0,6.7,12.0,1.0,0.6,0.7,6.68,6.99,7.14,6.91,3.0,0.34,12.0,1.0,0.6,0.7,68.2,70.6,74.0,71.1,3.0,4.2,12.0,1.0,0.6,0.7,-258.9,-252.5,-229.7,-244.5,3.0,22.5,12.0,1.0,0.6,0.7,-149.5,-145.8,-132.6,-141.2,3.0,13.0,12.0,1.0,0.6,0.7,-152.9,-148.9,-138.0,-145.5,3.0,11.3,12.0,1.0,0.6,0.7,-88.3,-86.0,-79.7,-84.0,3.0,6.5,12.0,1.0,0.6,0.7,-64.1,-61.2,-59.1,-61.5,3.0,3.7,12.0,1.0,0.6,0.7,-37.0,-35.3,-34.1,-35.5,3.0,2.1,12.0,1.0,0.6,0.7,949.0,1259.5,1259.5,1108.0,3.0,263.0,12.0,1.0,0.6,0.7,950.0,1260.0,1260.0,1110.0,3.0,265.0,12.0,1.0,0.6,0.7
1974,2,183.0,14.0,23.9,23.9,23.9,23.9,2.0,0.0,18.0,1.0,0.7,0.3,27.48,28.5,29.52,28.5,2.0,2.12,22.0,1.0,0.5,0.1,18.34,18.34,18.34,18.34,1.0,0.0,18.0,1.0,0.4,0.0,69.4,69.4,69.4,69.4,1.0,0.0,18.0,1.0,0.0,8.55,9.3,9.98,9.27,3.0,1.05,20.0,1.0,0.6,0.3,-9.94,-9.16,-8.5,-9.22,3.0,1.05,20.0,1.0,0.6,0.3,0.0,0.0,1.1,0.54,3.0,0.93,20.0,1.0,0.6,0.3,1013.51,1014.6,1015.21,1014.37,3.0,1.27,20.0,1.0,0.6,0.3,4.0,4.0,5.4,4.7,3.0,1.2,20.0,1.0,0.6,0.3,-99.5,-85.2,-72.9,-86.2,3.0,19.4,20.0,1.0,0.6,0.3,0.0,0.0,10.3,5.0,3.0,8.7,20.0,1.0,0.6,0.3,-6.1,-6.1,-6.1,-6.1,1.0,0.0,18.0,1.0,0.4,0.0,-50.0,-50.0,-50.0,-50.0,1.0,0.0,18.0,1.0,0.4,0.0,0.11,0.11,0.11,0.11,1.0,0.0,18.0,1.0,0.4,0.0,0.9,0.9,0.9,0.9,1.0,0.0,18.0,1.0,0.4,0.0,-273.0,-262.0,-251.1,-262.0,2.0,22.7,22.0,1.0,0.5,0.1,0.0,0.0,0.0,0.0,2.0,0.0,22.0,1.0,0.5,0.1,-150.4,-150.4,-150.4,-150.4,1.0,0.0,18.0,1.0,0.4,0.0,0.0,0.0,0.0,0.0,1.0,0.0,18.0,1.0,0.4,0.0,-0.9,-0.9,-0.9,-0.9,1.0,0.0,18.0,1.0,0.4,0.0,0.0,0.0,0.0,0.0,1.0,0.0,18.0,1.0,0.4,0.0,631.5,804.5,1001.0,816.0,3.0,271.0,20.0,1.0,0.6,0.3,630.0,805.0,1000.0,815.0,3.0,270.0,20.0,1.0,0.6,0.3
1974,2,183.0,15.0,25.0,25.0,25.0,25.0,1.0,0.0,2.0,1.0,0.2,0.2,28.3,28.3,28.3,28.3,1.0,0.0,2.0,1.0,0.2,0.2,15.68,15.68,15.68,15.68,1.0,0.0,2.0,1.0,0.2,0.2,65.4,65.4,65.4,65.4,1.0,0.0,2.0,1.0,0.2,7.7,7.7,7.7,7.7,1.0,0.0,2.0,1.0,0.2,0.2,-7.24,-7.24,-7.24,-7.24,1.0,0.0,2.0,1.0,0.2,0.2,-2.63,-2.63,-2.63,-2.63,1.0,0.0,2.0,1.0,0.2,0.2,1012.5,1012.5,1012.5,1012.5,1.0,0.0,2.0,1.0,0.2,0.2,3.0,3.0,3.0,3.0,1.0,0.0,2.0,1.0,0.2,0.2,-55.7,-55.7,-55.7,-55.7,1.0,0.0,2.0,1.0,0.2,0.2,-20.3,-20.3,-20.3,-20.3,1.0,0.0,2.0,1.0,0.2,0.2,-3.3,-3.3,-3.3,-3.3,1.0,0.0,2.0,1.0,0.2,0.2,-25.4,-25.4,-25.4,-25.4,1.0,0.0,2.0,1.0,0.2,0.2,4.11,4.11,4.11,4.11,1.0,0.0,2.0,1.0,0.2,0.2,31.6,31.6,31.6,31.6,1.0,0.0,2.0,1.0,0.2,0.2,-204.8,-204.8,-204.8,-204.8,1.0,0.0,2.0,1.0,0.2,0.2,-74.5,-74.5,-74.5,-74.5,1.0,0.0,2.0,1.0,0.2,0.2,-113.5,-113.5,-113.5,-113.5,1.0,0.0,2.0,1.0,0.2,0.2,-41.3,-41.3,-41.3,-41.3,1.0,0.0,2.0,1.0,0.2,0.2,-29.7,-29.7,-29.7,-29.7,1.0,0.0,2.0,1.0,0.2,0.2,-10.8,-10.8,-10.8,-10.8,1.0,0.0,2.0,1.0,0.2,0.2,456.5,456.5,456.5,456.5,1.0,0.0,2.0,1.0,0.2,0.2,455.0,455.0,455.0,455.0,1.0,0.0,2.0,1.0,0.2,0.2
1974,2,183.0,18.0,26.08,26.3,26.7,26.35,6.0,0.32,10.0,0.2,0.8,0.5,24.4,26.3,27.5,26.07,6.0,1.4,10.0,0.2,0.8,0.5,15.11,15.62,16.52,15.81,6.0,0.77,10.0,0.2,0.8,0.5,70.6,72.5,81.5,75.5,6.0,7.9,10.0,0.2,0.5,3.55,7.2,10.3,6.77,7.0,3.32,10.0,0.3,0.7,0.5,-9.32,-7.2,-3.11,-6.2,7.0,3.02,10.0,0.3,0.7,0.5,-2.68,0.0,0.32,0.07,7.0,3.24,10.0,0.3,0.7,0.5,1011.83,1013.25,1014.68,1013.22,6.0,1.53,10.0,0.2,0.8,0.5,1.9,4.0,6.0,4.0,7.0,2.5,10.0,0.3,0.7,0.5,-87.1,-51.8,-12.6,-50.3,7.0,39.6,10.0,0.3,0.7,0.5,-12.0,0.0,3.3,3.0,7.0,31.7,10.0,0.3,0.7,0.5,-1.1,-0.2,2.3,0.28,6.0,1.64,10.0,0.2,0.8,0.5,-4.7,-1.8,11.0,2.0,6.0,11.3,10.0,0.2,0.8,0.5,5.18,5.44,6.2,5.63,6.0,0.69,10.0,0.2,0.8,0.5,22.2,42.3,56.6,40.0,6.0,18.3,10.0,0.2,0.8,0.5,-232.8,-202.4,-84.5,-174.4,6.0,76.2,10.0,0.2,0.8,0.5,-19.2,0.0,35.8,13.4,6.0,86.8,10.0,0.2,0.8,0.5,-153.8,-115.4,-51.8,-106.5,6.0,48.7,10.0,0.2,0.8,0.5,-11.5,0.0,20.7,7.4,6.0,50.5,10.0,0.2,0.8,0.5,-48.5,-42.3,-22.2,-37.0,6.0,14.8,10.0,0.2,0.8,0.5,-3.9,0.0,8.3,3.5,6.0,19.4,10.0,0.2,0.8,0.5,45.5,373.0,1092.5,499.5,7.0,489.0,10.0,0.3,0.7,0.5,45.0,375.0,1095.0,500.0,7.0,490.0,10.0,0.3,0.7,0.5
1974,2,183.0,20.0,26.02,26.05,26.08,26.05,2.0,0.07,16.0,0.0,0.6,0.4,22.82,24.8,26.1,24.48,4.0,1.95,10.0,0.5,0.5,0.3,13.38,15.62,15.82,14.64,4.0,2.11,10.0,0.5,0.5,0.3,71.3,74.4,82.0,76.5,4.0,8.1,10.0,0.5,0.3,4.76,5.1,5.51,5.13,3.0,0.55,12.0,0.3,0.5,0.3,-4.66,-4.37,-3.79,-4.23,3.0,0.65,12.0,0.3,0.5,0.3,-3.44,-2.96,0.25,-1.63,3.0,2.94,12.0,0.3,0.5,0.3,1013.9,1014.4,1017.05,1015.43,4.0,2.43,10.0,0.5,0.5,0.3,1.1,3.5,5.9,3.5,2.0,4.9,16.0,0.0,0.6,0.4,-24.7,-24.4,-18.8,-21.8,3.0,4.9,12.0,0.3,0.5,0.3,-18.6,-13.6,1.8,-8.5,3.0,15.5,12.0,0.3,0.5,0.3,2.72,3.2,3.68,3.2,2.0,0.99,16.0,0.0,0.6,0.4,15.1,17.1,19.0,17.1,2.0,4.0,16.0,0.0,0.6,0.4,5.82,7.36,8.89,7.36,2.0,3.18,16.0,0.0,0.6,0.4,32.3,39.0,45.8,39.0,2.0,14.1,16.0,0.0,0.6,0.4,-105.2,-102.6,-95.3,-100.3,3.0,7.5,12.0,0.3,0.5,0.3,-83.3,-77.2,1.9,-41.5,3.0,69.6,12.0,0.3,0.5,0.3,-64.7,-55.9,-55.3,-59.9,3.0,7.8,12.0,0.3,0.5,0.3,-54.3,-46.9,-1.2,-28.2,3.0,42.1,12.0,0.3,0.5,0.3,-42.3,-34.2,-26.1,-34.2,2.0,16.8,16.0,0.0,0.6,0.4,-13.1,-1.0,11.1,-1.0,2.0,25.1,16.0,0.0,0.6,0.4,108.5,132.5,168.5,138.5,3.0,44.0,12.0,0.3,0.5,0.3,110.0,135.0,170.0,140.0,3.0,45.0,12.0,0.3,0.5,0.3
1974,2,183.0,21.0,24.72,25.0,25.14,24.92,5.0,0.31,22.0,0.0,0.4,0.6,23.25,24.8,25.07,24.22,5.0,1.2,22.0,0.0,0.4,0.6,15.19,15.77,16.74,15.95,5.0,1.02,22.0,0.0,0.4,0.6,80.3,84.3,89.6,84.8,5.0,6.7,22.0,0.0,0.6,3.05,4.35,7.59,5.28,4.0,3.52,22.0,0.0,0.5,0.5,-7.07,-3.33,-0.4,-3.72,4.0,5.08,22.0,0.0,0.5,0.5,0.0,1.32,2.8,1.4,4.0,1.62,22.0,0.0,0.5,0.5,1011.85,1013.0,1014.46,1013.02,5.0,1.8,22.0,0.0,0.4,0.6,5.9,8.0,8.0,7.0,5.0,1.7,22.0,0.0,0.4,0.6,-63.3,-14.5,-3.8,-32.7,4.0,49.8,22.0,0.0,0.5,0.5,0.0,5.4,12.3,6.1,4.0,7.1,22.0,0.0,0.5,0.5,-0.04,0.4,1.47,0.7,5.0,0.91,22.0,0.0,0.4,0.6,-0.2,0.8,3.1,1.4,4.0,2.2,22.0,0.0,0.5,0.5,3.01,3.4,4.58,3.73,5.0,1.05,22.0,0.0,0.4,0.6,9.1,16.6,28.7,18.8,4.0,12.5,22.0,0.0,0.5,0.5,-177.2,-83.3,-12.5,-94.3,4.0,125.0,22.0,0.0,0.5,0.5,0.0,32.7,70.2,35.0,4.0,40.5,22.0,0.0,0.5,0.5,-117.4,-53.9,-4.7,-60.7,4.0,82.8,22.0,0.0,0.5,0.5,0.0,19.4,45.5,22.6,4.0,26.6,22.0,0.0,0.5,0.5,-26.3,-12.7,-0.6,-13.4,4.0,17.5,22.0,0.0,0.5,0.5,0.0,3.7,10.8,5.3,4.0,6.7,22.0,0.0,0.5,0.5,37.5,83.0,619.0,317.0,4.0,518.5,22.0,0.0,0.5,0.5,40.0,85.0,620.0,315.0,4.0,520.0,22.0,0.0,0.5,0.5
1974,2,183.0,22.0,24.09,25.0,25.38,24.89,15.0,0.82,22.0,0.3,0.6,0.2,22.32,23.9,24.23,23.45,17.0,1.04,22.0,0.4,0.6,0.3,13.91,15.45,15.67,14.87,15.0,1.42,22.0,0.3,0.6,0.2,80.5,83.3,89.5,83.2,15.0,6.5,22.0,0.3,0.2,2.79,4.6,7.7,5.31,16.0,2.62,22.0,0.3,0.6,0.2,-6.64,-4.32,-2.21,-4.43,16.0,2.29,22.0,0.3,0.6,0.2,-4.07,-0.94,2.3,-1.03,16.0,3.11,22.0,0.3,0.6,0.2,1013.04,1014.5,1018.19,1015.2,15.0,2.49,22.0,0.3,0.6,0.2,1.8,4.0,7.0,4.4,16.0,2.3,22.0,0.4,0.6,0.3,-49.1,-19.9,-5.1,-28.7,16.0,25.5,22.0,0.3,0.6,0.2,-27.7,-2.8,8.1,-8.8,16.0,26.7,22.0,0.3,0.6,0.2,0.62,1.2,2.86,1.51,15.0,1.12,22.0,0.3,0.6,0.2,1.7,5.5,20.0,10.4,15.0,12.0,22.0,0.3,0.6,0.2,3.34,4.32,6.36,4.75,15.0,1.75,22.0,0.3,0.6,0.2,10.1,20.8,37.6,28.0,15.0,23.5,22.0,0.3,0.6,0.2,-156.7,-104.4,-53.5,-102.3,16.0,50.2,22.0,0.3,0.6,0.2,-90.6,-22.5,53.8,-23.0,16.0,69.0,22.0,0.3,0.6,0.2,-98.7,-67.7,-32.5,-65.4,15.0,32.0,22.0,0.3,0.6,0.2,-56.3,-11.2,39.1,-11.1,15.0,43.6,22.0,0.3,0.6,0.2,-35.8,-19.6,-9.3,-23.4,15.0,18.3,22.0,0.3,0.6,0.2,-18.3,-3.3,7.1,-7.7,15.0,20.0,22.0,0.3,0.6,0.2,22.0,97.5,456.5,261.5,16.0,346.5,22.0,0.3,0.6,0.2,20.0,95.0,455.0,260.0,16.0,345.0,22.0,0.3,0.6,0.2
1974,2,183.0,23.0,22.98,24.0,26.0,24.15,13.0,1.23,18.0,0.3,0.7,0.4,22.06,23.35,24.48,23.59,14.0,1.36,16.0,0.4,0.7,0.4,13.69,15.07,16.4,14.96,14.0,1.29,16.0,0.4,0.7,0.4,74.7,83.7,90.6,82.9,14.0,7.0,16.0,0.4,0.4,2.63,5.7,8.67,5.99,14.0,2.88,16.0,0.4,0.7,0.4,-7.65,-4.66,-2.46,-4.91,14.0,2.36,16.0,0.4,0.7,0.4,-5.76,-0.44,2.78,-1.12,14.0,3.75,16.0,0.4,0.7,0.4,1014.34,1015.9,1019.49,1016.62,14.0,2.54,16.0,0.4,0.7,0.4,2.0,6.0,7.0,4.9,13.0,2.2,16.0,0.3,0.7,0.4,-63.1,-28.7,-6.6,-35.3,14.0,29.3,16.0,0.4,0.7,0.4,-43.9,-1.2,17.4,-10.9,14.0,33.7,16.0,0.4,0.7,0.4,-0.75,1.0,2.28,0.61,13.0,2.03,18.0,0.3,0.7,0.4,-3.5,6.6,17.0,3.5,13.0,14.1,18.0,0.3,0.7,0.4,1.44,3.57,6.39,3.77,13.0,2.42,18.0,0.3,0.7,0.4,5.4,21.0,36.6,22.5,13.0,17.9,18.0,0.3,0.7,0.4,-179.2,-111.2,-56.5,-115.6,14.0,55.5,16.0,0.4,0.7,0.4,-136.6,-10.2,65.2,-26.9,14.0,89.3,16.0,0.4,0.7,0.4,-111.1,-64.7,-33.9,-73.6,14.0,36.8,16.0,0.4,0.7,0.4,-74.6,-6.2,40.4,-17.7,14.0,57.1,16.0,0.4,0.7,0.4,-31.4,-17.5,-5.3,-18.1,13.0,13.2,18.0,0.3,0.7,0.4,-22.0,0.0,7.5,-4.3,13.0,17.9,18.0,0.3,0.7,0.4,18.5,185.0,651.5,360.0,14.0,422.5,16.0,0.4,0.7,0.4,20.0,185.0,650.0,360.0,14.0,425.0,16.0,0.4,0.7,0.4
1974,2,183.0,24.0,22.84,23.5,24.48,23.44,15.0,1.27,14.0,0.3,0.5,0.3,22.0,23.65,25.65,23.69,18.0,1.97,16.0,0.4,0.6,0.3,11.54,14.41,16.08,13.92,15.0,2.65,14.0,0.3,0.6,0.3,69.9,76.2,88.0,76.7,15.0,12.9,14.0,0.3,0.3,3.1,6.7,9.3,6.37,18.0,2.56,16.0,0.4,0.6,0.3,-7.36,-2.34,0.0,-3.03,18.0,3.93,16.0,0.4,0.6,0.3,-5.1,0.78,3.59,-0.74,18.0,4.87,16.0,0.4,0.6,0.3,1009.97,1015.65,1017.45,1014.21,16.0,4.88,16.0,0.3,0.6,0.3,2.7,6.0,7.0,5.3,18.0,2.1,16.0,0.4,0.6,0.3,-60.4,-9.0,0.0,-23.3,18.0,35.1,16.0,0.4,0.6,0.3,-32.4,2.2,20.1,-10.0,18.0,39.2,16.0,0.4,0.6,0.3,-0.97,0.0,1.58,0.18,15.0,1.46,14.0,0.3,0.5,0.3,-6.1,0.0,12.9,2.6,15.0,10.5,14.0,0.3,0.5,0.3,1.92,3.64,7.16,3.9,14.0,2.37,14.0,0.3,0.5,0.3,6.0,25.3,57.7,28.8,14.0,25.3,14.0,0.3,0.5,0.3,-176.1,-60.1,0.0,-68.8,18.0,89.2,16.0,0.4,0.6,0.3,-129.9,18.0,86.0,-16.1,18.0,114.1,16.0,0.4,0.6,0.3,-107.2,-41.8,-16.9,-46.2,15.0,51.3,14.0,0.3,0.6,0.3,-43.4,24.1,60.4,12.4,15.0,59.4,14.0,0.3,0.6,0.3,-38.1,-12.6,-0.4,-18.0,14.0,23.5,14.0,0.3,0.5,0.3,-14.0,3.6,13.9,-4.0,14.0,24.7,14.0,0.3,0.5,0.3,30.0,301.0,804.5,378.0,18.0,369.0,16.0,0.4,0.6,0.3,30.0,300.0,805.0,380.0,18.0,370.0,16.0,0.4,0.6,0.3
1974,2,183.0,25.0,22.11,22.35,22.59,22.35,2.0,0.49,14.0,0.5,0.4,0.5,21.88,22.05,22.22,22.05,2.0,0.35,14.0,0.5,0.4,0.5,12.34,13.0,13.67,13.0,2.0,1.39,14.0,0.5,0.4,0.5,74.7,79.6,84.5,79.6,2.0,10.2,14.0,0.5,0.5,4.43,5.15,5.87,5.15,2.0,1.48,14.0,0.5,0.4,0.5,-2.76,-0.03,2.71,-0.03,2.0,5.67,14.0,0.5,0.4,0.5,-3.88,-2.02,-0.15,-2.02,2.0,3.86,14.0,0.5,0.4,0.5,1020.16,1020.5,1020.84,1020.5,2.0,0.71,14.0,0.5,0.4,0.5,2.1,4.5,6.9,4.5,2.0,4.9,14.0,0.5,0.4,0.5,-10.0,4.1,18.2,4.1,2.0,29.2,14.0,0.5,0.4,0.5,-24.3,-13.3,-2.2,-13.3,2.0,22.9,14.0,0.5,0.4,0.5,0.23,0.3,0.37,0.3,2.0,0.14,14.0,0.5,0.4,0.5,1.1,1.7,2.2,1.7,2.0,1.2,14.0,0.5,0.4,0.5,2.78,3.7,4.62,3.7,2.0,1.91,14.0,0.5,0.4,0.5,13.1,20.5,27.9,20.5,2.0,15.3,14.0,0.5,0.4,0.5,-59.9,0.4,60.8,0.4,2.0,125.1,14.0,0.5,0.4,0.5,-86.6,-45.2,-3.8,-45.2,2.0,85.9,14.0,0.5,0.4,0.5,-39.9,-4.3,31.4,-4.3,2.0,73.8,14.0,0.5,0.4,0.5,-46.5,-23.6,-0.7,-23.6,2.0,47.4,14.0,0.5,0.4,0.5,-4.8,5.3,15.4,5.3,2.0,20.9,14.0,0.5,0.4,0.5,-19.9,-11.1,-2.4,-11.1,2.0,18.1,14.0,0.5,0.4,0.5,96.0,153.5,211.5,153.5,2.0,120.0,14.0,0.5,0.4,0.5,95.0,155.0,210.0,155.0,2.0,120.0,14.0,0.5,0.4,0.5
1974,2,183.0,26.0,21.71,22.0,22.21,21.98,6.0,0.63,16.0,0.3,0.5,0.6,19.98,20.75,22.25,21.1,6.0,1.36,16.0,0.3,0.5,0.6,8.87,9.79,12.16,10.5,3.0,2.49,10.0,0.0,0.5,0.6,61.9,67.9,78.2,70.0,3.0,12.1,10.0,0.0,0.6,3.5,5.05,5.97,5.2,6.0,2.18,16.0,0.3,0.5,0.6,-3.22,-0.86,5.17,0.57,6.0,4.76,16.0,0.3,0.5,0.6,-4.66,-0.74,2.77,-0.78,6.0,3.66,16.0,0.3,0.5,0.6,1011.71,1017.45,1019.96,1016.55,6.0,4.33,16.0,0.3,0.5,0.6,2.6,4.5,7.0,4.5,6.0,2.5,16.0,0.3,0.5,0.6,-11.8,-4.3,33.3,9.6,6.0,35.3,16.0,0.3,0.5,0.6,-27.6,-4.9,13.0,-8.4,6.0,22.4,16.0,0.3,0.5,0.6,-0.04,0.75,1.94,0.88,6.0,0.96,16.0,0.3,0.5,0.6,-0.2,2.8,12.1,5.5,6.0,7.2,16.0,0.3,0.5,0.6,4.27,6.48,7.43,5.86,3.0,2.38,10.0,0.0,0.5,0.6,24.0,40.2,53.9,39.0,3.0,21.9,10.0,0.0,0.5,0.6,-64.4,-19.8,108.6,11.7,6.0,96.8,16.0,0.3,0.5,0.6,-96.3,-14.8,59.9,-16.3,6.0,79.1,16.0,0.3,0.5,0.6,-6.9,58.6,72.4,33.4,3.0,62.0,10.0,0.0,0.5,0.6,-37.9,-21.5,16.2,-11.1,3.0,40.7,10.0,0.0,0.5,0.6,-19.2,14.3,40.1,10.6,3.0,43.6,10.0,0.0,0.5,0.6,-26.9,-20.1,-0.7,-14.0,3.0,19.9,10.0,0.0,0.5,0.6,43.0,129.0,271.5,212.0,6.0,294.0,16.0,0.3,0.5,0.6,45.0,130.0,270.0,210.0,6.0,295.0,16.0,0.3,0.5,0.6
1974,2,183.0,27.0,18.28,20.55,21.67,20.4,8.0,1.63,14.0,0.3,0.5,0.1,18.73,21.5,22.78,21.12,9.0,2.39,12.0,0.2,0.5,0.2,12.01,12.38,13.85,12.84,9.0,1.36,12.0,0.2,0.5,0.2,74.5,82.6,93.0,82.8,9.0,8.5,12.0,0.2,0.2,2.77,5.4,10.19,5.93,8.0,3.78,14.0,0.3,0.5,0.2,-4.17,-1.27,4.76,-0.36,8.0,5.18,14.0,0.3,0.5,0.2,-3.48,1.57,6.38,1.6,8.0,4.95,14.0,0.3,0.5,0.2,1012.95,1016.5,1019.7,1016.43,9.0,3.35,12.0,0.2,0.5,0.2,2.3,4.0,6.7,4.2,9.0,2.2,12.0,0.2,0.5,0.2,-23.6,-5.4,47.6,1.9,8.0,47.7,14.0,0.3,0.5,0.2,-19.1,6.4,63.1,15.8,8.0,44.9,14.0,0.3,0.5,0.2,-2.44,-0.85,1.44,-0.66,8.0,2.66,14.0,0.3,0.5,0.1,-25.5,-4.4,6.1,-6.3,7.0,15.0,14.0,0.3,0.5,0.2,0.07,2.53,3.66,1.98,8.0,1.79,14.0,0.3,0.5,0.1,-0.7,7.3,18.3,9.9,7.0,13.8,14.0,0.3,0.5,0.2,-90.7,-26.4,109.4,-5.8,8.0,110.7,14.0,0.3,0.5,0.2,-74.9,31.4,139.7,38.6,8.0,109.6,14.0,0.3,0.5,0.2,-58.1,-18.2,64.6,-5.8,8.0,65.4,14.0,0.3,0.5,0.2,-47.9,21.7,78.3,22.5,8.0,65.1,14.0,0.3,0.5,0.2,-14.2,0.2,4.8,-4.2,7.0,13.4,14.0,0.3,0.5,0.2,-11.5,-3.4,0.6,-3.8,7.0,9.4,14.0,0.3,0.5,0.2,23.5,159.0,1060.5,424.5,8.0,486.0,14.0,0.3,0.5,0.2,25.0,160.0,1060.0,425.0,8.0,485.0,14.0,0.3,0.5,0.2
1974,2,183.0,29.0,16.67,18.9,19.09,18.24,8.0,1.3,10.0,0.4,0.7,0.3,17.43,18.75,20.53,18.87,10.0,1.59,12.0,0.3,0.6,0.4,10.46,11.27,13.33,11.71,9.0,1.45,10.0,0.3,0.7,0.3,81.1,84.8,93.6,86.5,9.0,6.2,10.0,0.3,0.3,2.44,7.7,11.01,7.24,11.0,4.04,10.0,0.3,0.6,0.3,-4.95,1.25,4.97,0.49,11.0,6.02,10.0,0.3,0.6,0.3,-4.81,0.0,7.5,1.45,11.0,5.92,10.0,0.3,0.6,0.3,1011.5,1015.5,1019.63,1015.51,11.0,4.26,10.0,0.3,0.6,0.3,2.6,7.0,8.0,5.6,11.0,2.7,10.0,0.3,0.6,0.3,-38.1,2.2,40.4,4.7,11.0,63.5,10.0,0.3,0.6,0.3,-45.4,0.0,67.0,15.5,11.0,56.3,10.0,0.3,0.6,0.3,-1.94,-0.65,0.0,-0.85,8.0,1.06,10.0,0.4,0.7,0.3,-19.5,-0.4,0.0,-7.0,8.0,11.7,10.0,0.4,0.7,0.3,0.01,1.16,2.25,1.06,8.0,0.99,10.0,0.4,0.7,0.3,0.0,10.1,19.1,10.2,8.0,10.2,10.0,0.4,0.7,0.3,-53.8,25.2,104.7,17.3,10.0,112.3,12.0,0.3,0.6,0.4,-49.3,0.0,148.4,45.5,10.0,113.3,12.0,0.3,0.6,0.4,0.0,15.9,68.7,15.7,9.0,68.5,10.0,0.3,0.7,0.3,-8.3,0.0,90.1,38.9,9.0,64.6,10.0,0.3,0.7,0.3,0.0,0.8,7.9,3.3,8.0,11.1,10.0,0.4,0.7,0.3,0.0,0.0,8.8,3.3,8.0,8.6,10.0,0.4,0.7,0.3,19.0,456.5,1335.5,664.5,11.0,597.0,10.0,0.3,0.6,0.3,20.0,455.0,1335.0,665.0,11.0,595.0,10.0,0.3,0.6,0.3
1974,2,183.0,30.0,18.0,18.15,19.0,18.41,8.0,0.5,8.0,0.5,0.3,0.3,17.0,17.8,19.34,18.15,10.0,1.36,8.0,0.4,0.4,0.3,9.61,11.87,12.83,11.55,8.0,1.62,8.0,0.5,0.3,0.3,75.8,90.4,95.1,87.8,8.0,9.7,8.0,0.5,0.3,2.6,4.6,8.68,4.79,9.0,3.22,8.0,0.4,0.4,0.3,0.24,1.61,2.86,1.3,9.0,3.71,8.0,0.4,0.4,0.3,-1.64,0.0,5.72,1.74,9.0,4.13,8.0,0.4,0.4,0.3,1014.86,1017.0,1018.47,1016.79,10.0,1.97,8.0,0.4,0.4,0.3,3.9,5.0,8.0,5.7,7.0,2.4,8.0,0.6,0.4,0.3,0.9,5.9,14.6,7.4,9.0,29.2,8.0,0.4,0.4,0.3,-4.3,0.0,47.5,16.4,9.0,33.3,8.0,0.4,0.4,0.3,-1.43,0.0,1.0,-0.02,8.0,1.24,8.0,0.5,0.3,0.3,-5.3,0.0,9.5,1.7,7.0,7.7,8.0,0.6,0.3,0.4,0.07,1.11,3.21,1.57,8.0,1.59,8.0,0.5,0.3,0.3,0.0,3.6,19.9,10.5,7.0,14.8,8.0,0.6,0.3,0.4,4.7,27.5,49.5,24.1,9.0,64.2,8.0,0.4,0.4,0.3,-28.0,0.0,102.9,32.0,9.0,72.0,8.0,0.4,0.4,0.3,10.8,17.3,30.6,23.3,7.0,21.0,8.0,0.6,0.3,0.4,-1.2,16.7,66.0,29.9,7.0,43.9,8.0,0.6,0.3,0.4,0.0,1.9,9.8,6.7,7.0,11.2,8.0,0.6,0.3,0.4,-0.5,0.0,18.9,6.0,7.0,11.4,8.0,0.6,0.3,0.4,17.5,97.5,680.0,248.5,9.0,332.5,8.0,0.4,0.4,0.3,20.0,95.0,680.0,250.0,9.0,335.0,8.0,0.4,0.4,0.3
1974,2,183.0,31.0,16.46,17.3,18.12,17.53,7.0,1.53,16.0,0.3,0.5,0.4,15.57,17.0,18.26,17.04,7.0,1.61,16.0,0.3,0.5,0.4,7.29,9.96,11.45,9.59,6.0,2.07,16.0,0.3,0.6,0.4,66.4,81.7,91.3,80.3,6.0,14.4,16.0,0.3,0.4,6.18,7.7,10.35,8.01,7.0,2.1,16.0,0.3,0.5,0.4,-4.97,0.0,6.69,0.4,7.0,5.5,16.0,0.3,0.5,0.4,-6.5,-1.42,5.8,-1.08,7.0,6.9,16.0,0.3,0.5,0.4,1015.34,1017.0,1018.95,1016.86,7.0,3.67,16.0,0.3,0.5,0.4,4.8,6.5,8.0,6.3,6.0,1.9,16.0,0.3,0.6,0.3,-38.4,0.0,66.3,5.0,7.0,47.6,16.0,0.3,0.5,0.4,-49.0,-11.7,34.8,-12.3,7.0,65.0,16.0,0.3,0.5,0.4,-0.45,0.3,2.2,0.49,7.0,1.37,16.0,0.3,0.5,0.4,-3.4,3.1,13.7,4.6,7.0,11.3,16.0,0.3,0.5,0.4,1.02,2.5,3.8,2.44,6.0,1.58,16.0,0.3,0.6,0.4,7.9,21.6,30.9,19.5,6.0,12.6,16.0,0.3,0.6,0.4,-89.8,0.0,113.2,3.3,7.0,93.2,16.0,0.3,0.5,0.4,-108.7,-22.2,105.2,-12.9,7.0,114.4,16.0,0.3,0.5,0.4,-56.1,-10.1,63.7,1.0,6.0,59.6,16.0,0.3,0.6,0.4,-73.5,-27.1,45.4,-15.6,6.0,70.6,16.0,0.3,0.6,0.4,-11.0,-2.3,14.3,2.0,6.0,15.6,16.0,0.3,0.6,0.4,-29.0,-6.2,2.9,-10.3,6.0,15.5,16.0,0.3,0.6,0.4,236.0,456.5,1109.5,609.5,7.0,477.5,16.0,0.3,0.5,0.4,235.0,455.0,1110.0,610.0,7.0,475.0,16.0,0.3,0.5,0.4
1974,2,183.0,32.0,15.59,17.0,17.53,16.73,11.0,1.06,16.0,0.2,0.6,0.4,13.82,15.0,16.0,15.12,12.0,1.6,16.0,0.2,0.6,0.4,5.91,9.36,10.63,8.54,11.0,2.03,14.0,0.2,0.6,0.4,62.1,82.2,92.9,79.5,11.0,14.3,14.0,0.2,0.4,4.47,12.9,16.06,10.96,12.0,6.21,16.0,0.2,0.6,0.4,-12.71,0.0,6.26,-1.98,12.0,9.79,16.0,0.2,0.6,0.4,-12.08,-1.23,0.65,-4.34,12.0,7.0,16.0,0.2,0.6,0.4,1011.99,1017.95,1021.7,1016.49,12.0,5.75,16.0,0.2,0.6,0.4,2.3,8.0,8.0,5.7,9.0,3.2,14.0,0.2,0.6,0.3,-195.8,0.0,57.9,-40.6,12.0,158.7,16.0,0.2,0.6,0.4,-170.3,-5.9,1.7,-73.3,12.0,108.6,16.0,0.2,0.6,0.4,0.0,2.0,3.91,1.64,11.0,2.5,16.0,0.2,0.6,0.4,0.0,11.2,51.1,24.5,11.0,29.8,16.0,0.2,0.6,0.4,0.65,3.49,5.97,3.45,10.0,2.63,16.0,0.2,0.6,0.3,9.2,22.0,74.4,39.6,10.0,38.2,16.0,0.2,0.6,0.3,-185.8,0.0,89.7,-33.3,12.0,145.7,16.0,0.2,0.6,0.4,-158.0,-19.1,10.0,-59.6,12.0,99.6,16.0,0.2,0.6,0.4,-64.6,0.0,51.0,-7.8,11.0,74.8,14.0,0.2,0.6,0.4,-74.5,-8.3,11.1,-31.0,11.0,60.2,14.0,0.2,0.6,0.4,-15.9,1.1,40.8,8.0,10.0,36.0,16.0,0.2,0.6,0.3,-64.5,-5.5,0.0,-22.9,10.0,35.3,16.0,0.2,0.6,0.3,90.0,2146.5,4206.5,2461.0,12.0,2604.5,16.0,0.2,0.6,0.4,90.0,2145.0,4205.0,2460.0,12.0,2605.0,16.0,0.2,0.6,0.4
1974,2,183.0,33.0,13.3,15.0,16.5,14.95,31.0,1.43,14.0,0.3,0.3,0.3,14.62,16.3,17.2,16.23,34.0,1.43,14.0,0.2,0.3,0.3,7.17,8.68,10.41,8.85,34.0,1.55,14.0,0.2,0.3,0.3,66.4,77.9,88.0,77.2,34.0,10.9,14.0,0.2,0.3,4.72,8.2,13.28,9.24,34.0,4.85,14.0,0.2,0.3,0.3,-5.31,3.65,8.45,2.47,34.0,6.73,14.0,0.2,0.3,0.3,-3.8,0.54,7.59,2.1,34.0,7.44,14.0,0.2,0.3,0.3,1009.57,1016.85,1020.38,1015.4,34.0,5.62,14.0,0.2,0.3,0.3,2.9,6.0,8.0,5.6,32.0,2.4,14.0,0.2,0.3,0.3,-47.8,22.8,110.2,20.8,34.0,91.8,14.0,0.2,0.3,0.3,-39.5,3.3,72.2,29.9,34.0,118.7,14.0,0.2,0.3,0.3,-3.37,-1.6,1.1,-1.27,31.0,2.24,14.0,0.3,0.3,0.3,-23.9,-7.2,8.8,-4.6,31.0,21.1,14.0,0.3,0.3,0.3,0.22,1.7,3.31,1.75,31.0,1.56,14.0,0.3,0.3,0.3,1.0,9.6,44.8,19.9,31.0,23.4,14.0,0.3,0.3,0.3,-89.7,58.6,137.7,39.7,34.0,106.5,14.0,0.2,0.3,0.3,-61.2,9.7,120.0,33.4,34.0,115.8,14.0,0.2,0.3,0.3,-48.3,31.5,67.9,20.2,34.0,56.7,14.0,0.2,0.3,0.3,-29.3,5.3,78.3,21.6,34.0,66.4,14.0,0.2,0.3,0.3,-2.2,6.0,20.9,7.8,31.0,19.7,14.0,0.3,0.3,0.3,-6.4,0.0,12.9,5.4,31.0,21.7,14.0,0.3,0.3,0.3,105.5,551.5,2344.5,1491.5,34.0,2216.5,14.0,0.2,0.3,0.3,105.0,550.0,2345.0,1490.0,34.0,2215.0,14.0,0.2,0.3,0.3
1974,2,183.0,34.0,13.28,15.0,16.06,14.76,7.0,1.54,18.0,0.3,0.4,0.5,11.32,14.0,14.73,13.33,9.0,2.11,18.0,0.3,0.4,0.4,5.24,6.85,8.5,6.72,7.0,2.25,14.0,0.1,0.4,0.5,58.0,77.4,81.3,70.3,7.0,17.4,14.0,0.1,0.5,7.33,8.2,12.47,9.8,9.0,2.72,18.0,0.3,0.4,0.4,-7.13,-6.13,6.74,-2.35,9.0,7.16,18.0,0.3,0.4,0.4,-9.09,-5.14,1.13,-3.96,9.0,6.35,18.0,0.3,0.4,0.4,1016.63,1020.0,1023.07,1020.17,9.0,3.14,18.0,0.3,0.4,0.4,4.1,6.5,8.0,5.9,8.0,2.6,16.0,0.3,0.4,0.4,-75.3,-49.0,50.6,-29.4,9.0,76.3,18.0,0.3,0.4,0.4,-123.7,-41.1,8.2,-44.9,9.0,77.7,18.0,0.3,0.4,0.4,-1.0,1.1,4.02,1.61,7.0,2.2,18.0,0.3,0.4,0.5,-7.4,14.2,32.9,14.6,7.0,19.1,18.0,0.3,0.4,0.5,1.53,2.98,6.38,3.67,6.0,2.45,16.0,0.2,0.4,0.5,15.3,28.4,55.9,34.6,6.0,23.1,16.0,0.2,0.4,0.5,-113.4,-69.1,81.9,-37.2,9.0,95.6,18.0,0.3,0.4,0.4,-118.0,-58.0,21.3,-45.1,9.0,85.6,18.0,0.3,0.4,0.4,-61.5,-33.9,36.2,-13.9,7.0,46.9,14.0,0.1,0.4,0.5,-35.8,-20.6,26.2,-13.0,7.0,51.3,14.0,0.1,0.4,0.5,-13.9,-9.0,45.1,5.9,6.0,31.3,16.0,0.2,0.4,0.5,-31.8,-21.5,5.6,-17.8,6.0,23.8,16.0,0.2,0.4,0.5,395.5,551.5,1957.0,1143.0,9.0,934.5,18.0,0.3,0.4,0.4,395.0,550.0,1955.0,1145.0,9.0,935.0,18.0,0.3,0.4,0.4
1974,2,183.0,35.0,13.63,14.6,15.7,14.66,9.0,0.99,10.0,0.3,0.7,0.6,13.63,15.3,16.92,14.71,9.0,2.64,10.0,0.3,0.7,0.6,6.22,8.31,9.37,8.04,8.0,2.01,10.0,0.4,0.6,0.6,64.5,81.1,89.2,77.7,8.0,14.4,10.0,0.4,0.6,8.86,10.3,19.86,12.41,9.0,6.43,10.0,0.3,0.7,0.6,1.9,7.22,10.6,6.45,9.0,6.19,10.0,0.3,0.7,0.6,1.84,6.66,16.65,7.63,9.0,8.01,10.0,0.3,0.7,0.6,1001.31,1005.8,1017.57,1008.79,9.0,8.3,10.0,0.3,0.7,0.6,2.0,4.5,8.0,4.8,6.0,2.7,10.0,0.3,0.7,0.6,13.3,85.2,168.6,96.8,9.0,95.7,10.0,0.3,0.7,0.6,8.7,58.0,327.5,128.8,9.0,185.3,10.0,0.3,0.7,0.6,-1.58,-0.8,0.65,-0.06,9.0,2.7,10.0,0.3,0.7,0.6,-12.0,-7.8,7.8,0.1,9.0,30.9,10.0,0.3,0.7,0.6,0.3,1.83,4.3,2.27,8.0,2.11,10.0,0.4,0.6,0.6,6.1,13.2,40.5,22.9,8.0,22.3,10.0,0.4,0.6,0.6,30.3,101.0,132.2,85.9,9.0,86.9,10.0,0.3,0.7,0.6,28.1,113.3,238.3,117.7,9.0,116.0,10.0,0.3,0.7,0.6,43.4,62.8,74.7,62.8,8.0,33.6,10.0,0.4,0.6,0.6,11.3,47.2,167.3,72.1,8.0,79.2,10.0,0.4,0.6,0.6,2.1,5.5,39.8,19.5,8.0,24.0,10.0,0.4,0.6,0.6,-0.4,6.9,10.5,5.0,8.0,7.7,10.0,0.4,0.6,0.6,698.0,1092.5,8072.5,3361.0,9.0,4257.5,10.0,0.3,0.7,0.6,700.0,1095.0,8070.0,3360.0,9.0,4255.0,10.0,0.3,0.7,0.6
1974,2,183.0,36.0,13.36,14.0,14.04,13.76,5.0,0.38,16.0,0.4,0.3,0.3,11.81,12.75,17.41,14.1,6.0,3.18,16.0,0.3,0.4,0.4,6.68,7.13,11.73,8.82,5.0,2.98,16.0,0.4,0.3,0.3,71.8,86.9,92.7,82.9,5.0,11.5,16.0,0.4,0.3,5.1,10.3,11.85,9.31,7.0,3.16,14.0,0.3,0.4,0.5,4.29,9.79,11.85,8.05,7.0,4.16,14.0,0.3,0.4,0.5,-0.32,1.79,4.83,1.16,7.0,4.07,14.0,0.3,0.4,0.5,1009.71,1011.0,1013.29,1011.47,7.0,3.94,14.0,0.3,0.4,0.5,3.0,4.0,5.0,4.0,7.0,1.2,14.0,0.3,0.4,0.5,21.9,104.5,140.5,85.8,7.0,60.0,14.0,0.3,0.4,0.5,-2.8,13.0,26.3,8.8,7.0,36.5,14.0,0.3,0.4,0.5,-4.11,0.6,2.07,-0.76,5.0,3.33,16.0,0.4,0.3,0.3,-44.6,3.1,25.3,-7.4,5.0,36.8,16.0,0.4,0.3,0.3,-2.04,2.36,3.31,0.97,5.0,3.02,16.0,0.4,0.3,0.3,-22.0,14.7,36.9,9.2,5.0,32.6,16.0,0.4,0.3,0.3,58.1,142.4,171.8,122.4,6.0,64.0,16.0,0.3,0.4,0.4,-16.5,17.0,71.2,19.1,6.0,61.3,16.0,0.3,0.4,0.4,48.8,91.9,116.4,82.5,5.0,45.0,16.0,0.4,0.3,0.3,0.0,22.9,44.6,24.0,5.0,26.2,16.0,0.4,0.3,0.3,-20.4,5.0,36.9,7.8,5.0,31.9,16.0,0.4,0.3,0.3,-6.5,0.0,5.0,0.0,5.0,8.6,16.0,0.4,0.3,0.3,132.5,1092.5,1667.0,1035.5,7.0,768.5,14.0,0.3,0.4,0.5,135.0,1095.0,1665.0,1035.0,7.0,770.0,14.0,0.3,0.4,0.5
1974,2,183.0,37.0,12.37,13.0,14.52,13.41,7.0,1.25,18.0,0.4,0.6,0.5,10.2,12.25,13.44,12.1,8.0,1.49,18.0,0.4,0.6,0.5,5.28,6.26,7.19,6.26,7.0,1.98,18.0,0.4,0.7,0.5,65.5,71.4,78.8,70.3,7.0,17.2,18.0,0.4,0.5,5.81,7.7,11.19,9.46,8.0,6.35,18.0,0.4,0.6,0.5,0.43,6.48,10.01,6.6,8.0,7.85,18.0,0.4,0.6,0.5,-7.21,0.0,4.85,-0.3,8.0,5.57,18.0,0.4,0.6,0.5,1003.59,1010.3,1016.32,1009.94,8.0,8.33,18.0,0.4,0.6,0.5,2.0,4.5,6.9,4.3,8.0,2.4,18.0,0.4,0.6,0.5,3.3,45.9,103.4,101.1,8.0,177.7,18.0,0.4,0.6,0.5,-87.0,0.0,31.3,-24.7,8.0,80.6,18.0,0.4,0.6,0.5,-0.59,1.5,2.51,1.01,7.0,1.88,18.0,0.4,0.6,0.5,-4.3,8.6,19.8,7.6,7.0,18.2,18.0,0.4,0.6,0.5,1.56,3.17,4.54,3.03,6.0,2.34,16.0,0.5,0.7,0.4,4.2,18.9,36.3,22.6,6.0,27.0,16.0,0.5,0.7,0.4,5.3,73.4,138.5,74.5,8.0,85.3,18.0,0.4,0.6,0.5,-72.1,0.0,65.0,2.0,8.0,61.8,18.0,0.4,0.6,0.5,-1.5,35.7,97.2,42.1,7.0,52.8,18.0,0.4,0.7,0.5,-24.7,0.0,17.0,-2.2,7.0,25.9,18.0,0.4,0.7,0.5,-8.2,11.6,31.0,13.2,6.0,22.3,16.0,0.5,0.7,0.4,-11.3,0.0,8.1,-6.1,6.0,24.3,16.0,0.5,0.7,0.4,198.0,456.5,1404.0,2158.0,8.0,4532.0,18.0,0.4,0.6,0.5,200.0,455.0,1405.0,2160.0,8.0,4530.0,18.0,0.4,0.6,0.5
1974,2,183.0,38.0,12.11,12.75,13.0,12.48,6.0,0.76,16.0,0.3,0.3,0.3,10.48,12.2,12.91,12.17,7.0,1.64,14.0,0.3,0.4,0.3,6.56,7.21,7.93,7.36,7.0,1.13,14.0,0.3,0.4,0.3,78.1,82.0,88.8,83.0,7.0,4.8,14.0,0.3,0.3,6.5,10.3,12.95,9.86,7.0,3.97,14.0,0.3,0.4,0.3,0.65,4.41,8.09,3.32,7.0,6.78,14.0,0.3,0.4,0.3,-3.67,2.14,12.17,3.4,7.0,7.54,14.0,0.3,0.4,0.3,1001.03,1009.0,1018.74,1010.76,7.0,13.4,14.0,0.3,0.4,0.3,6.0,8.0,8.0,7.3,7.0,1.3,14.0,0.3,0.4,0.3,1.7,56.9,84.5,38.3,7.0,77.7,14.0,0.3,0.4,0.3,-37.8,26.3,157.6,43.4,7.0,93.8,14.0,0.3,0.4,0.3,-1.06,0.25,1.41,0.03,6.0,2.3,16.0,0.3,0.3,0.3,-14.0,1.5,16.1,-1.6,6.0,27.5,16.0,0.3,0.3,0.3,0.79,1.74,2.61,1.5,6.0,1.56,16.0,0.3,0.3,0.3,3.5,21.3,30.9,16.0,6.0,18.9,16.0,0.3,0.3,0.3,7.6,60.4,82.1,38.3,7.0,83.0,14.0,0.3,0.4,0.3,-46.1,25.6,166.6,48.9,7.0,97.8,14.0,0.3,0.4,0.3,5.3,34.3,50.3,23.2,7.0,47.8,14.0,0.3,0.4,0.3,-26.6,14.4,95.3,30.0,7.0,59.7,14.0,0.3,0.4,0.3,-8.1,5.3,25.5,7.3,6.0,17.5,16.0,0.3,0.3,0.3,-17.8,-0.1,12.2,-0.6,6.0,17.1,16.0,0.3,0.3,0.3,287.0,1092.5,2172.5,1314.0,7.0,973.0,14.0,0.3,0.4,0.3,285.0,1095.0,2170.0,1315.0,7.0,975.0,14.0,0.3,0.4,0.3
1974,2,183.0,39.0,12.0,12.25,12.76,12.38,4.0,0.48,14.0,0.5,0.5,0.5,9.0,10.5,12.0,10.5,4.0,1.73,14.0,0.5,0.5,0.5,5.75,6.26,7.53,6.63,3.0,1.34,12.0,0.7,0.5,0.5,79.6,87.3,91.6,85.6,3.0,8.9,12.0,0.7,0.5,4.31,10.25,19.43,11.8,4.0,9.18,14.0,0.5,0.5,0.5,0.84,9.63,18.81,9.81,4.0,11.14,14.0,0.5,0.5,0.5,-2.04,1.13,4.67,1.31,4.0,3.89,14.0,0.5,0.5,0.5,997.24,1009.0,1018.14,1007.75,4.0,12.89,14.0,0.5,0.5,0.5,6.3,7.0,7.7,7.0,3.0,1.0,14.0,0.3,0.5,0.6,6.4,123.6,381.4,190.7,4.0,245.6,14.0,0.5,0.5,0.5,-8.6,36.4,87.2,39.1,4.0,55.3,14.0,0.5,0.5,0.5,0.74,2.0,3.0,1.88,4.0,1.31,14.0,0.5,0.5,0.5,3.0,24.9,58.3,30.4,4.0,32.9,14.0,0.5,0.5,0.5,1.38,2.52,3.09,2.24,3.0,1.28,12.0,0.7,0.5,0.5,15.3,38.7,65.3,40.3,3.0,36.7,12.0,0.7,0.5,0.5,10.0,93.9,169.3,89.8,4.0,101.6,14.0,0.5,0.5,0.5,-24.5,7.6,42.0,8.7,4.0,38.5,14.0,0.5,0.5,0.5,55.3,90.6,114.3,85.0,3.0,43.5,12.0,0.7,0.5,0.5,-2.6,22.1,29.5,13.6,3.0,24.7,12.0,0.7,0.5,0.5,14.3,36.4,63.8,39.0,3.0,36.3,12.0,0.7,0.5,0.5,3.2,13.2,13.4,8.4,3.0,8.6,12.0,0.7,0.5,0.5,87.5,1892.5,8196.5,4039.5,4.0,5774.5,14.0,0.5,0.5,0.5,90.0,1890.0,8195.0,4040.0,4.0,5775.0,14.0,0.5,0.5,0.5
1974,2,183.0,40.0,10.71,11.75,12.79,11.75,4.0,1.44,14.0,0.0,0.6,0.4,8.74,9.4,11.05,9.84,5.0,1.45,16.0,0.0,0.5,0.5,4.82,5.15,6.64,5.66,5.0,1.26,16.0,0.0,0.5,0.5,65.4,74.3,87.4,75.1,5.0,13.2,16.0,0.0,0.5,6.84,9.8,16.22,11.45,4.0,7.21,18.0,0.0,0.4,0.4,-9.05,-4.71,0.75,-4.18,4.0,6.2,18.0,0.0,0.4,0.4,-5.03,2.85,14.41,4.61,4.0,11.7,18.0,0.0,0.4,0.4,1001.88,1017.2,1031.52,1016.0,5.0,17.93,16.0,0.0,0.5,0.5,6.5,8.0,8.0,7.2,5.0,1.8,16.0,0.0,0.5,0.5,-153.8,-38.4,14.0,-68.5,4.0,117.6,18.0,0.0,0.4,0.4,-37.9,40.7,259.1,107.5,4.0,208.5,18.0,0.0,0.4,0.4,1.5,1.6,2.12,1.8,4.0,0.48,14.0,0.0,0.6,0.4,12.8,15.5,27.0,19.8,3.0,11.1,16.0,0.0,0.4,0.3,2.07,2.4,3.51,2.77,4.0,1.06,14.0,0.0,0.6,0.4,13.3,20.6,70.0,41.2,3.0,45.2,16.0,0.0,0.4,0.3,-91.3,-43.8,12.3,-39.7,4.0,66.5,18.0,0.0,0.4,0.4,-46.5,40.1,158.2,55.1,4.0,121.6,18.0,0.0,0.4,0.4,-41.9,-25.1,7.4,-17.6,4.0,32.7,18.0,0.0,0.4,0.4,-27.5,24.9,77.8,25.1,4.0,60.7,18.0,0.0,0.4,0.4,-33.3,-5.0,3.2,-14.8,3.0,28.1,16.0,0.0,0.4,0.3,0.3,19.3,61.1,30.4,3.0,45.6,16.0,0.0,0.4,0.3,434.0,948.5,5800.0,3018.0,4.0,4725.0,18.0,0.0,0.4,0.4,435.0,950.0,5800.0,3020.0,4.0,4725.0,18.0,0.0,0.4,0.4
1974,2,183.0,41.0,8.79,10.5,10.57,9.7,3.0,1.47,12.0,0.0,0.5,0.5,8.43,9.0,11.48,10.0,5.0,2.53,14.0,0.2,0.5,0.5,4.61,5.63,5.93,5.29,4.0,1.0,16.0,0.3,0.5,0.4,53.8,79.0,86.7,70.6,4.0,23.3,16.0,0.3,0.4,15.72,16.5,17.91,16.86,5.0,1.59,14.0,0.2,0.5,0.5,-7.13,15.4,17.01,6.5,5.0,14.58,14.0,0.2,0.5,0.5,-11.11,-6.67,-1.82,-6.74,5.0,5.98,14.0,0.2,0.5,0.5,998.45,999.5,1008.86,1003.92,5.0,10.57,14.0,0.2,0.5,0.5,4.0,6.0,8.0,6.0,5.0,2.0,14.0,0.2,0.5,0.5,-119.3,237.2,300.7,113.7,5.0,252.9,14.0,0.2,0.5,0.5,-182.7,-130.1,-30.0,-114.2,5.0,96.0,14.0,0.2,0.5,0.5,-0.12,0.7,1.79,0.83,3.0,1.4,12.0,0.0,0.5,0.5,-2.2,10.8,30.1,13.9,3.0,23.8,12.0,0.0,0.5,0.5,1.11,2.07,2.37,1.74,3.0,0.97,12.0,0.0,0.5,0.5,18.6,35.2,37.5,28.2,3.0,15.1,12.0,0.0,0.5,0.5,-60.4,138.1,192.2,81.2,5.0,153.4,14.0,0.2,0.5,0.5,-112.4,-70.5,-15.5,-66.4,5.0,56.2,14.0,0.2,0.5,0.5,-11.2,77.2,91.9,42.0,4.0,85.5,16.0,0.3,0.5,0.4,-37.8,-21.4,-8.3,-23.0,4.0,20.4,16.0,0.3,0.5,0.4,-17.4,10.7,29.7,6.3,3.0,34.7,12.0,0.0,0.5,0.5,-12.6,-1.9,-0.6,-6.5,3.0,9.7,12.0,0.0,0.5,0.5,3885.5,4492.0,5826.5,4898.5,5.0,1485.0,14.0,0.2,0.5,0.5,3885.0,4490.0,5825.0,4900.0,5.0,1485.0,14.0,0.2,0.5,0.5
1974,2,183.0,42.0,8.48,9.5,11.57,10.0,4.0,2.16,18.0,0.0,0.5,0.6,6.27,7.5,9.73,7.9,5.0,2.25,16.0,0.0,0.5,0.6,5.24,5.51,5.6,5.42,3.0,0.27,20.0,0.0,0.4,0.8,82.7,86.5,90.7,86.7,3.0,5.8,20.0,0.0,0.8,5.97,12.3,20.22,12.86,5.0,8.31,16.0,0.0,0.5,0.6,5.34,9.42,18.64,11.44,5.0,8.61,16.0,0.0,0.5,0.6,-0.76,0.0,8.4,3.02,5.0,5.17,16.0,0.0,0.5,0.6,987.54,998.5,1031.3,1007.18,5.0,22.94,16.0,0.0,0.5,0.6,4.0,6.0,7.4,5.8,5.0,1.8,16.0,0.0,0.5,0.6,43.0,115.9,384.7,203.7,5.0,216.8,16.0,0.0,0.5,0.6,-1.6,0.0,124.2,52.8,5.0,78.8,16.0,0.0,0.5,0.6,1.0,1.5,3.05,2.0,4.0,1.41,18.0,0.0,0.5,0.6,9.9,21.6,60.3,34.5,4.0,40.0,18.0,0.0,0.5,0.6,1.48,1.82,2.05,1.77,3.0,0.43,20.0,0.0,0.4,0.8,10.3,24.4,42.0,26.1,3.0,23.2,20.0,0.0,0.4,0.8,40.2,103.6,113.6,79.3,5.0,47.7,16.0,0.0,0.5,0.6,-6.8,0.0,72.9,26.6,5.0,46.3,16.0,0.0,0.5,0.6,29.4,88.3,109.1,69.7,3.0,60.5,20.0,0.0,0.4,0.8,-8.0,0.0,34.8,13.1,3.0,33.3,20.0,0.0,0.4,0.8,7.2,21.1,41.0,24.0,3.0,24.9,20.0,0.0,0.4,0.8,-2.6,0.0,8.3,2.8,3.0,8.3,20.0,0.0,0.4,0.8,353.5,1861.0,8579.5,4248.0,5.0,5233.5,16.0,0.0,0.5,0.6,355.0,1860.0,8580.0,4250.0,5.0,5235.0,16.0,0.0,0.5,0.6
1974,2,183.0,43.0,8.86,9.0,9.68,9.27,3.0,0.64,18.0,0.7,0.6,0.4,5.83,7.6,8.21,7.03,3.0,1.82,18.0,0.7,0.6,0.4,4.25,4.49,4.73,4.49,2.0,0.5,16.0,0.5,0.5,0.4,74.0,74.8,75.5,74.8,2.0,1.6,16.0,0.5,0.4,3.27,10.3,17.67,10.47,3.0,10.55,18.0,0.7,0.6,0.4,2.1,6.62,16.29,9.13,3.0,10.62,18.0,0.7,0.6,0.4,-6.55,-3.66,-1.16,-3.85,3.0,3.95,18.0,0.7,0.6,0.4,996.36,1002.5,1014.1,1005.17,3.0,13.2,18.0,0.7,0.6,0.4,2.6,4.0,4.7,3.7,3.0,1.5,18.0,0.7,0.6,0.4,21.6,68.2,320.9,168.9,3.0,235.9,18.0,0.7,0.6,0.4,-80.0,-77.3,-24.5,-52.9,3.0,45.8,18.0,0.7,0.6,0.4,1.1,2.4,3.36,2.23,3.0,1.66,18.0,0.7,0.6,0.4,12.4,39.1,47.0,29.9,3.0,26.5,18.0,0.7,0.6,0.4,2.91,2.93,2.94,2.93,2.0,0.03,16.0,0.5,0.5,0.4,35.3,45.9,56.4,45.9,2.0,21.9,16.0,0.5,0.5,0.4,10.5,33.1,118.3,63.7,3.0,83.3,18.0,0.7,0.6,0.4,-35.8,-27.8,-8.8,-22.4,3.0,20.3,18.0,0.7,0.6,0.4,39.0,64.1,89.1,64.1,2.0,51.9,16.0,0.5,0.5,0.4,-30.3,-25.2,-20.1,-25.2,2.0,10.5,16.0,0.5,0.5,0.4,26.0,40.0,53.9,40.0,2.0,28.9,16.0,0.5,0.5,0.4,-21.3,-17.0,-12.7,-17.0,2.0,8.9,16.0,0.5,0.5,0.4,347.0,1092.5,6759.0,3495.5,3.0,5137.5,18.0,0.7,0.6,0.4,345.0,1095.0,6760.0,3495.0,3.0,5135.0,18.0,0.7,0.6,0.4
1974,2,183.0,44.0,7.0,7.1,8.14,7.55,4.0,0.97,16.0,0.3,0.5,0.6,4.27,6.1,7.17,5.76,5.0,1.88,18.0,0.4,0.4,0.6,4.36,4.72,5.28,4.82,4.0,0.65,16.0,0.3,0.5,0.6,73.6,82.2,93.9,83.7,4.0,12.9,16.0,0.3,0.6,5.43,12.3,15.4,10.68,5.0,5.26,18.0,0.4,0.4,0.6,-12.96,-5.27,-0.52,-6.21,5.0,7.76,18.0,0.4,0.4,0.6,-7.81,0.0,2.84,-2.44,5.0,7.37,18.0,0.4,0.4,0.6,994.72,1023.0,1031.24,1013.84,5.0,21.98,18.0,0.4,0.4,0.6,3.9,6.0,8.0,5.8,5.0,2.5,18.0,0.4,0.4,0.6,-176.9,-81.1,1.5,-89.1,5.0,105.4,18.0,0.4,0.4,0.6,-97.1,0.0,24.2,-37.5,5.0,107.2,18.0,0.4,0.4,0.6,-0.38,0.7,3.67,1.6,4.0,3.06,16.0,0.3,0.5,0.6,-5.9,9.1,27.6,10.8,4.0,21.3,16.0,0.3,0.5,0.6,0.92,1.85,2.37,1.65,4.0,0.93,16.0,0.3,0.5,0.6,5.5,10.8,25.3,15.2,4.0,13.5,16.0,0.3,0.5,0.6,-82.6,-32.1,-9.9,-42.2,5.0,42.9,18.0,0.4,0.4,0.6,-39.8,0.0,21.0,-10.6,5.0,46.6,18.0,0.4,0.4,0.6,-44.8,-19.1,4.3,-20.2,4.0,36.3,16.0,0.3,0.5,0.6,-40.5,-4.9,17.0,-11.4,4.0,36.9,16.0,0.3,0.5,0.6,-8.6,-5.0,4.0,-2.4,4.0,10.1,16.0,0.3,0.5,0.6,-21.5,-4.1,2.4,-9.3,4.0,16.3,16.0,0.3,0.5,0.6,176.5,1861.0,3652.5,1894.5,5.0,1750.5,18.0,0.4,0.4,0.6,175.0,1860.0,3650.0,1895.0,5.0,1750.0,18.0,0.4,0.4,0.6
1974,2,183.0,45.0,6.0,6.2,7.07,6.69,7.0,0.91,12.0,0.1,0.4,0.3,4.95,7.0,7.51,6.33,7.0,1.4,12.0,0.1,0.4,0.3,4.26,4.84,5.77,4.92,7.0,0.79,12.0,0.1,0.4,0.3,73.0,81.1,90.9,82.2,7.0,8.1,12.0,0.1,0.3,9.15,10.3,12.64,11.31,7.0,4.09,12.0,0.1,0.4,0.3,-9.32,8.92,10.36,3.58,7.0,10.04,12.0,0.1,0.4,0.3,0.0,4.21,6.09,4.51,7.0,5.16,12.0,0.1,0.4,0.3,1000.69,1009.2,1016.81,1007.84,7.0,15.17,12.0,0.1,0.4,0.3,1.0,5.0,8.0,4.6,7.0,3.2,12.0,0.1,0.4,0.3,-92.8,91.9,112.1,22.8,7.0,139.6,12.0,0.1,0.4,0.3,0.0,51.7,74.7,67.8,7.0,102.0,12.0,0.1,0.4,0.3,-1.32,0.0,2.52,0.36,7.0,1.87,12.0,0.1,0.4,0.3,-13.7,0.0,19.2,2.5,7.0,18.2,12.0,0.1,0.4,0.3,0.44,1.12,2.27,1.19,7.0,0.95,12.0,0.1,0.4,0.3,4.1,12.6,16.2,12.1,7.0,8.9,12.0,0.1,0.4,0.3,-65.2,51.5,69.7,19.6,7.0,67.7,12.0,0.1,0.4,0.3,0.0,25.2,47.0,32.0,7.0,36.5,12.0,0.1,0.4,0.3,-49.1,44.2,52.7,14.5,7.0,52.6,12.0,0.1,0.4,0.3,0.0,20.4,33.0,24.6,7.0,29.8,12.0,0.1,0.4,0.3,-4.3,10.9,16.2,8.3,7.0,11.8,12.0,0.1,0.4,0.3,0.0,0.7,6.9,3.4,7.0,4.0,12.0,0.1,0.4,0.3,777.5,1092.5,2126.5,1992.5,7.0,2443.5,12.0,0.1,0.4,0.3,775.0,1095.0,2125.0,1990.0,7.0,2445.0,12.0,0.1,0.4,0.3
1974,2,183.0,46.0,1.0,1.0,1.0,1.0,1.0,0.0,16.0,1.0,0.2,0.3,4.5,4.5,4.5,4.5,1.0,0.0,16.0,1.0,0.2,0.3,4.43,4.43,4.43,4.43,1.0,0.0,16.0,1.0,0.2,0.3,83.8,83.8,83.8,83.8,1.0,0.0,16.0,1.0,0.3,11.3,11.3,11.3,11.3,1.0,0.0,16.0,1.0,0.2,0.3,-3.86,-3.86,-3.86,-3.86,1.0,0.0,16.0,1.0,0.2,0.3,10.62,10.62,10.62,10.62,1.0,0.0,16.0,1.0,0.2,0.3,998.2,998.2,998.2,998.2,1.0,0.0,16.0,1.0,0.2,0.3,8.0,8.0,8.0,8.0,1.0,0.0,16.0,1.0,0.2,0.3,-43.7,-43.7,-43.7,-43.7,1.0,0.0,16.0,1.0,0.2,0.3,120.0,120.0,120.0,120.0,1.0,0.0,16.0,1.0,0.2,0.3,-3.5,-3.5,-3.5,-3.5,1.0,0.0,16.0,1.0,0.2,0.3,-39.5,-39.5,-39.5,-39.5,1.0,0.0,16.0,1.0,0.2,0.3,-0.31,-0.31,-0.31,-0.31,1.0,0.0,16.0,1.0,0.2,0.3,-3.5,-3.5,-3.5,-3.5,1.0,0.0,16.0,1.0,0.2,0.3,-17.4,-17.4,-17.4,-17.4,1.0,0.0,16.0,1.0,0.2,0.3,47.8,47.8,47.8,47.8,1.0,0.0,16.0,1.0,0.2,0.3,-17.1,-17.1,-17.1,-17.1,1.0,0.0,16.0,1.0,0.2,0.3,47.0,47.0,47.0,47.0,1.0,0.0,16.0,1.0,0.2,0.3,1.2,1.2,1.2,1.2,1.0,0.0,16.0,1.0,0.2,0.3,-3.3,-3.3,-3.3,-3.3,1.0,0.0,16.0,1.0,0.2,0.3,1443.0,1443.0,1443.0,1443.0,1.0,0.0,16.0,1.0,0.2,0.3,1445.0,1445.0,1445.0,1445.0,1.0,0.0,16.0,1.0,0.2,0.3
1974,2,183.0,47.0,5.0,5.0,5.9,4.89,8.0,1.25,18.0,0.4,0.6,0.3,2.64,4.0,5.89,3.95,8.0,2.46,18.0,0.4,0.6,0.3,2.69,4.22,4.72,3.85,8.0,0.96,18.0,0.4,0.6,0.3,67.2,78.6,81.1,75.7,8.0,11.6,18.0,0.4,0.3,6.37,8.75,14.39,9.64,8.0,3.77,18.0,0.4,0.6,0.3,-6.49,3.46,7.43,1.97,8.0,7.33,18.0,0.4,0.6,0.3,-8.44,2.92,5.75,1.0,8.0,7.82,18.0,0.4,0.6,0.3,996.44,1021.0,1033.17,1016.14,8.0,18.28,18.0,0.4,0.6,0.3,6.1,8.0,8.0,6.9,8.0,2.1,18.0,0.4,0.6,0.3,-53.4,18.8,104.9,27.6,8.0,88.8,18.0,0.4,0.6,0.3,-78.0,21.3,51.2,8.3,8.0,101.9,18.0,0.4,0.6,0.3,-0.8,1.0,3.36,0.94,8.0,3.36,18.0,0.4,0.6,0.3,-5.0,5.1,50.2,13.8,8.0,33.2,18.0,0.4,0.6,0.3,0.79,1.29,2.75,1.51,8.0,1.23,18.0,0.4,0.6,0.3,5.1,13.3,25.2,15.4,8.0,14.0,18.0,0.4,0.6,0.3,-31.5,13.6,33.6,7.1,8.0,33.4,18.0,0.4,0.6,0.3,-17.1,12.9,32.7,9.4,8.0,24.0,18.0,0.4,0.6,0.3,-27.5,11.2,34.2,7.6,8.0,30.8,18.0,0.4,0.6,0.3,-23.0,11.0,27.0,3.5,8.0,28.4,18.0,0.4,0.6,0.3,-6.9,-1.4,16.8,3.3,8.0,12.0,18.0,0.4,0.6,0.3,-12.6,4.3,5.8,2.1,8.0,17.4,18.0,0.4,0.6,0.3,262.5,678.0,3062.5,1279.5,8.0,1394.5,18.0,0.4,0.6,0.3,265.0,680.0,3060.0,1280.0,8.0,1395.0,18.0,0.4,0.6,0.3
1974,2,183.0,48.0,5.0,5.0,6.71,5.83,3.0,1.44,14.0,0.7,0.7,0.5,4.32,5.0,6.02,5.17,3.0,1.26,14.0,0.7,0.7,0.5,4.45,5.09,5.36,4.91,3.0,0.68,14.0,0.7,0.7,0.5,82.6,86.4,95.7,89.1,3.0,9.9,14.0,0.7,0.5,11.92,15.4,18.95,15.43,3.0,5.15,14.0,0.7,0.7,0.5,-7.49,-7.05,4.79,-1.48,3.0,10.21,14.0,0.7,0.7,0.5,-13.21,0.0,9.1,-2.01,3.0,16.44,14.0,0.7,0.7,0.5,992.22,997.0,1019.73,1005.77,3.0,21.53,14.0,0.7,0.7,0.5,8.0,8.0,8.0,8.0,2.0,0.0,8.0,0.5,0.5,0.5,-136.7,-118.6,34.8,-52.5,3.0,138.0,14.0,0.7,0.7,0.5,-272.2,0.0,140.2,-64.5,3.0,307.2,14.0,0.7,0.7,0.5,0.32,1.0,1.0,0.67,3.0,0.58,14.0,0.7,0.7,0.5,3.3,10.3,17.3,10.3,3.0,10.3,14.0,0.7,0.7,0.5,0.39,1.22,1.32,0.86,3.0,0.75,14.0,0.7,0.7,0.5,4.0,12.6,23.2,13.6,3.0,14.1,14.0,0.7,0.7,0.5,-35.2,-28.2,36.8,0.1,3.0,58.1,14.0,0.7,0.7,0.5,-52.9,0.0,45.5,-3.6,3.0,72.1,14.0,0.7,0.7,0.5,-38.1,-29.3,26.5,-6.4,3.0,51.3,14.0,0.7,0.7,0.5,-54.9,0.0,49.9,-2.4,3.0,76.8,14.0,0.7,0.7,0.5,-6.6,0.0,8.6,1.0,3.0,11.1,14.0,0.7,0.7,0.5,-18.0,0.0,0.0,-8.8,3.0,15.3,14.0,0.7,0.7,0.5,1905.0,3652.5,7126.5,4495.5,3.0,3893.5,14.0,0.7,0.7,0.5,1905.0,3650.0,7125.0,4495.0,3.0,3895.0,14.0,0.7,0.7,0.5
1974,2,183.0,49.0,0.95,3.0,3.68,2.33,3.0,2.08,20.0,0.3,0.5,0.4,2.32,3.0,5.39,3.83,3.0,2.36,20.0,0.3,0.5,0.4,4.15,4.38,5.16,4.65,3.0,0.78,20.0,0.3,0.5,0.4,87.1,93.3,97.9,92.5,3.0,7.9,20.0,0.3,0.4,9.0,11.8,16.03,12.5,3.0,5.19,20.0,0.3,0.5,0.4,-15.62,-11.09,1.03,-7.38,3.0,12.61,20.0,0.3,0.5,0.4,-3.75,-3.13,1.64,-1.1,3.0,4.31,20.0,0.3,0.5,0.4,996.17,1010.5,1020.06,1008.17,3.0,17.62,20.0,0.3,0.5,0.4,8.0,8.0,8.0,8.0,3.0,0.0,20.0,0.3,0.5,0.4,-259.3,-130.8,-6.5,-132.9,3.0,185.2,20.0,0.3,0.5,0.4,-53.5,-47.6,5.1,-24.7,3.0,47.3,20.0,0.3,0.5,0.4,-3.34,-3.0,0.41,-1.5,3.0,3.04,20.0,0.3,0.5,0.4,-32.7,-26.9,16.0,-8.8,3.0,39.0,20.0,0.3,0.5,0.4,-0.66,-0.17,0.4,-0.13,3.0,0.78,20.0,0.3,0.5,0.4,-5.3,-2.0,7.6,1.0,3.0,9.8,20.0,0.3,0.5,0.4,-34.8,-33.3,19.0,-8.5,3.0,44.9,20.0,0.3,0.5,0.4,-10.2,-6.3,15.1,2.2,3.0,20.0,20.0,0.3,0.5,0.4,-67.2,-44.8,10.9,-28.5,3.0,58.9,20.0,0.3,0.5,0.4,-15.5,-13.7,10.2,-2.9,3.0,21.0,20.0,0.3,0.5,0.4,-10.0,-5.9,-0.6,-5.3,3.0,6.9,20.0,0.3,0.5,0.4,-3.0,-2.1,-0.2,-1.6,3.0,2.1,20.0,0.3,0.5,0.4,833.0,1643.0,4502.5,2644.0,3.0,2824.0,20.0,0.3,0.5,0.4,835.0,1645.0,4500.0,2645.0,3.0,2825.0,20.0,0.3,0.5,0.4
1974,2,183.0,50.0,3.0,3.9,5.21,4.13,6.0,1.18,16.0,0.2,0.8,0.8,1.19,2.9,4.6,2.8,6.0,1.88,16.0,0.2,0.8,0.8,3.39,4.3,4.44,3.93,4.0,0.86,16.0,0.0,0.8,0.8,73.2,88.1,91.2,82.5,4.0,13.9,16.0,0.0,0.8,4.67,9.55,12.15,8.98,6.0,4.43,16.0,0.2,0.8,0.8,0.74,4.4,9.57,4.29,6.0,5.67,16.0,0.2,0.8,0.8,-9.72,-2.9,0.68,-4.25,6.0,6.37,16.0,0.2,0.8,0.8,994.65,1000.8,1026.07,1006.33,6.0,17.72,16.0,0.2,0.8,0.8,7.4,8.0,8.0,7.5,6.0,1.2,16.0,0.2,0.8,0.8,-11.3,34.0,93.4,33.4,6.0,70.0,16.0,0.2,0.8,0.8,-112.0,-24.7,3.5,-56.5,6.0,89.1,16.0,0.2,0.8,0.8,-0.81,1.5,3.31,1.33,6.0,2.42,16.0,0.2,0.8,0.8,-5.7,12.9,37.6,18.8,6.0,28.8,16.0,0.2,0.8,0.8,0.6,0.95,2.29,1.42,4.0,1.24,16.0,0.0,0.8,0.8,4.8,9.1,31.6,17.8,4.0,21.6,16.0,0.0,0.8,0.8,-1.6,12.2,28.3,14.6,6.0,19.5,16.0,0.2,0.8,0.8,-18.3,-4.8,2.2,-6.3,6.0,12.2,16.0,0.2,0.8,0.8,1.0,28.3,43.1,22.3,4.0,27.2,16.0,0.0,0.8,0.8,-28.2,-8.5,7.7,-10.2,4.0,22.8,16.0,0.0,0.8,0.8,-7.7,4.3,9.0,0.8,4.0,12.5,16.0,0.0,0.8,0.8,-25.5,-1.1,1.1,-11.7,4.0,23.4,16.0,0.0,0.8,0.8,111.0,873.0,1899.0,1166.5,6.0,1327.0,16.0,0.2,0.8,0.8,110.0,875.0,1900.0,1165.0,6.0,1325.0,16.0,0.2,0.8,0.8
1974,2,183.0,51.0,2.37,3.0,4.0,3.16,12.0,0.97,12.0,0.3,0.6,0.3,0.45,3.3,3.82,2.61,13.0,1.78,12.0,0.4,0.6,0.3,2.84,4.07,4.91,3.88,10.0,1.05,14.0,0.4,0.6,0.3,67.6,78.8,99.1,80.3,10.0,16.8,14.0,0.4,0.3,7.45,9.3,14.79,11.25,13.0,5.84,12.0,0.4,0.6,0.3,-10.49,3.18,9.25,-0.72,13.0,10.37,12.0,0.4,0.6,0.3,-9.0,-6.28,1.58,-4.77,13.0,6.2,12.0,0.4,0.6,0.3,983.81,994.9,1025.83,1000.21,13.0,19.62,12.0,0.4,0.6,0.3,5.6,8.0,8.0,6.8,11.0,1.9,12.0,0.4,0.6,0.3,-126.4,29.6,121.3,-30.5,13.0,202.2,12.0,0.4,0.6,0.3,-165.3,-55.4,13.5,-68.0,13.0,104.4,12.0,0.4,0.6,0.3,-0.91,0.25,2.13,0.33,12.0,1.8,12.0,0.3,0.6,0.3,-9.7,2.0,23.2,4.9,12.0,22.7,12.0,0.3,0.6,0.3,-0.12,0.88,1.79,0.94,10.0,1.12,14.0,0.4,0.6,0.3,-1.7,6.0,22.9,10.4,10.0,15.4,14.0,0.4,0.6,0.3,-17.1,0.0,23.3,-1.1,13.0,28.6,12.0,0.4,0.6,0.3,-23.9,-11.0,5.5,-7.3,13.0,19.6,12.0,0.4,0.6,0.3,-31.1,-0.6,34.4,0.1,10.0,37.4,14.0,0.4,0.6,0.3,-32.2,-17.0,13.4,-13.4,10.0,26.8,14.0,0.4,0.6,0.3,-4.9,1.7,10.6,3.6,10.0,10.8,14.0,0.4,0.6,0.3,-20.3,0.0,2.0,-6.9,10.0,13.1,14.0,0.4,0.6,0.3,425.5,804.5,3306.0,2698.0,13.0,4620.5,12.0,0.4,0.6,0.3,425.0,805.0,3305.0,2700.0,13.0,4620.0,12.0,0.4,0.6,0.3
1974,2,183.0,52.0,3.24,3.75,4.0,3.63,6.0,0.43,20.0,0.8,0.5,0.3,1.98,3.7,5.0,3.32,6.0,1.93,20.0,0.8,0.5,0.3,3.21,4.12,4.68,3.97,5.0,0.85,20.0,0.8,0.4,0.3,71.2,85.1,88.8,81.0,5.0,10.3,20.0,0.8,0.3,8.61,12.85,17.74,12.62,6.0,6.51,20.0,0.8,0.5,0.3,0.11,3.24,5.55,2.22,6.0,4.83,20.0,0.8,0.5,0.3,-10.67,4.3,17.28,3.43,6.0,13.79,20.0,0.8,0.5,0.3,998.75,1024.35,1027.08,1016.55,6.0,14.38,20.0,0.8,0.5,0.3,3.4,7.5,8.0,6.0,6.0,2.9,20.0,0.8,0.5,0.3,-26.7,43.2,70.9,15.8,6.0,83.2,20.0,0.8,0.5,0.3,-125.1,41.4,308.2,73.9,6.0,233.9,20.0,0.8,0.5,0.3,-1.18,-0.25,1.62,0.32,6.0,2.05,20.0,0.8,0.5,0.3,-15.8,3.2,24.9,6.0,6.0,22.4,20.0,0.8,0.5,0.3,0.23,0.98,1.65,0.97,5.0,0.92,20.0,0.8,0.4,0.3,0.1,19.8,21.5,12.6,5.0,11.9,20.0,0.8,0.4,0.3,-4.4,8.6,25.2,8.7,6.0,18.8,20.0,0.8,0.5,0.3,-13.1,21.5,45.2,13.2,6.0,44.0,20.0,0.8,0.5,0.3,-4.9,9.9,23.4,8.1,5.0,22.8,20.0,0.8,0.4,0.3,-35.5,3.3,53.8,9.0,5.0,51.7,20.0,0.8,0.4,0.3,-3.1,0.9,7.2,1.6,5.0,6.1,20.0,0.8,0.4,0.3,-19.9,-1.1,7.1,-4.5,5.0,16.6,20.0,0.8,0.4,0.3,869.0,2372.5,5703.5,3250.5,6.0,3252.5,20.0,0.8,0.5,0.3,870.0,2370.0,5705.0,3250.0,6.0,3255.0,20.0,0.8,0.5,0.3
1974,2,183.0,53.0,3.81,4.5,4.52,3.79,7.0,1.7,12.0,0.1,0.4,0.6,-3.52,-2.0,2.02,-1.29,7.0,2.61,12.0,0.1,0.4,0.6,1.74,2.65,3.73,2.74,7.0,0.91,12.0,0.1,0.4,0.6,57.9,81.3,86.8,76.4,7.0,13.7,12.0,0.1,0.6,10.13,11.8,15.57,12.63,7.0,4.0,12.0,0.1,0.4,0.6,-11.07,-7.89,9.46,-2.75,7.0,9.86,12.0,0.1,0.4,0.6,-10.21,-6.7,-5.04,-7.47,7.0,5.57,12.0,0.1,0.4,0.6,988.95,997.0,1016.31,1003.0,7.0,14.14,12.0,0.1,0.4,0.6,6.6,8.0,8.0,7.3,6.0,1.2,12.0,0.2,0.5,0.7,-180.6,-81.3,102.7,-52.0,7.0,133.8,12.0,0.1,0.4,0.6,-160.1,-68.2,-41.6,-106.5,7.0,108.0,12.0,0.1,0.4,0.6,2.26,6.5,8.0,5.07,7.0,3.82,12.0,0.1,0.4,0.6,24.3,72.1,123.2,65.2,7.0,54.5,12.0,0.1,0.4,0.6,1.51,2.68,3.28,2.3,7.0,1.29,12.0,0.1,0.4,0.6,16.3,33.6,51.2,29.7,7.0,20.5,12.0,0.1,0.4,0.6,10.5,19.0,29.9,21.2,7.0,14.8,12.0,0.1,0.4,0.6,4.4,19.9,33.2,17.1,7.0,17.3,12.0,0.1,0.4,0.6,-25.5,-13.8,35.3,-1.2,7.0,30.6,12.0,0.1,0.4,0.6,-27.9,-16.9,-10.6,-18.1,7.0,15.7,12.0,0.1,0.4,0.6,-29.4,-25.5,0.7,-15.7,7.0,19.9,12.0,0.1,0.4,0.6,-35.2,-21.6,-8.2,-21.7,7.0,14.8,12.0,0.1,0.4,0.6,1055.0,1643.0,3805.5,2542.0,7.0,2222.5,12.0,0.1,0.4,0.6,1055.0,1645.0,3805.0,2540.0,7.0,2225.0,12.0,0.1,0.4,0.6
1974,2,183.0,54.0,2.24,3.0,3.5,2.88,4.0,0.75,14.0,0.0,0.8,0.5,-1.83,0.5,1.79,0.0,4.0,2.55,14.0,0.0,0.8,0.5,2.83,3.43,4.03,3.43,2.0,1.25,14.0,0.0,0.9,0.3,89.7,90.6,91.4,90.6,2.0,1.7,14.0,0.0,0.3,6.81,8.7,10.06,8.45,4.0,2.55,14.0,0.0,0.8,0.5,-7.99,-4.04,-0.63,-4.3,4.0,5.04,14.0,0.0,0.8,0.5,-6.12,-1.93,4.49,-0.87,4.0,7.12,14.0,0.0,0.8,0.5,984.23,1013.85,1034.14,1009.4,4.0,29.63,14.0,0.0,0.8,0.5,5.4,8.0,8.0,6.8,4.0,2.5,14.0,0.0,0.8,0.5,-75.2,-25.9,-5.4,-39.7,4.0,56.6,14.0,0.0,0.8,0.5,-58.1,-21.8,39.1,-10.1,4.0,63.6,14.0,0.0,0.8,0.5,0.93,3.0,4.81,2.88,4.0,2.69,14.0,0.0,0.8,0.5,9.0,26.1,50.0,29.4,4.0,29.2,14.0,0.0,0.8,0.5,0.48,1.05,1.61,1.05,2.0,1.17,14.0,0.0,0.9,0.3,4.3,11.2,18.0,11.2,2.0,14.2,14.0,0.0,0.9,0.3,-6.7,0.8,20.2,6.5,4.0,21.4,14.0,0.0,0.8,0.5,0.0,4.3,11.2,5.5,4.0,6.7,14.0,0.0,0.8,0.5,-26.3,-24.5,-22.8,-24.5,2.0,3.6,14.0,0.0,0.9,0.3,-8.3,-4.9,-1.6,-4.9,2.0,7.0,14.0,0.0,0.9,0.3,-16.9,-10.5,-4.1,-10.5,2.0,13.3,14.0,0.0,0.9,0.3,-6.1,-3.6,-1.2,-3.6,2.0,5.1,14.0,0.0,0.9,0.3,383.0,658.5,1069.5,723.0,4.0,540.0,14.0,0.0,0.8,0.5,385.0,660.0,1070.0,725.0,4.0,540.0,14.0,0.0,0.8,0.5
1974,2,183.0,55.0,,,,,,,,,,,,,,,,,,,,,,,,,,,,,,,,,,,,,,,,5.04,7.05,9.06,7.05,2.0,4.17,8.0,0.0,0.5,0.5,0.56,1.78,2.99,1.78,2.0,2.51,8.0,0.0,0.5,0.5,-8.74,-6.02,-3.31,-6.02,2.0,5.62,8.0,0.0,0.5,0.5,991.53,993.75,995.97,993.75,2.0,4.6,8.0,0.0,0.5,0.5,,,,,,,,,,,,,,,,,,,,,,,,,,,,,,,,,,,,,,,,,,,,,,,,,,,,,,,,,,,,,,,,,,,,,,,,,,,,,,,,,,,,,,,,,,,,,,,,,,,,,,,,,,,,,,,,,,,,,,,,,,,,,,,,,,,,,,,,,,,,,,,,,,,,,,
1974,2,183.0,56.0,,,,,,,,,,,,,,,,,,,,,,,,,,,,,,,,,,,,,,,,0.0,0.0,0.0,0.0,1.0,0.0,22.0,1.0,0.3,0.6,0.0,0.0,0.0,0.0,1.0,0.0,22.0,1.0,0.3,0.6,0.0,0.0,0.0,0.0,1.0,0.0,22.0,1.0,0.3,0.6,1039.6,1039.6,1039.6,1039.6,1.0,0.0,22.0,1.0,0.3,0.6,,,,,,,,,,,,,,,,,,,,,,,,,,,,,,,,,,,,,,,,,,,,,,,,,,,,,,,,,,,,,,,,,,,,,,,,,,,,,,,,,,,,,,,,,,,,,,,,,,,,,,,,,,,,,,,,,,,,,,,,,,,,,,,,,,,,,,,,,,,,,,,,,,,,,,
1974,2,183.0,58.0,1.2,1.6,2.0,1.57,202.0,0.59,14.0,0.3,0.5,0.6,-11.0,-6.05,0.09,-5.42,206.0,5.39,16.0,0.3,0.5,0.6,1.49,1.9,2.73,2.1,14.0,0.73,12.0,0.4,0.5,0.6,86.7,93.7,100.0,93.0,14.0,7.5,12.0,0.4,0.6,3.1,7.2,12.0,7.85,206.0,4.58,16.0,0.3,0.5,0.6,-7.24,-1.52,4.21,-1.54,206.0,6.16,16.0,0.3,0.5,0.6,-8.11,-2.95,3.92,-2.51,206.0,6.02,16.0,0.3,0.5,0.6,1002.13,1014.6,1037.17,1018.0,211.0,15.79,16.0,0.3,0.5,0.6,6.0,8.0,8.0,6.8,190.0,2.0,16.0,0.3,0.5,0.6,-88.1,-5.3,24.4,-17.3,206.0,87.2,16.0,0.3,0.5,0.6,-80.3,-15.8,31.7,-24.7,206.0,76.3,16.0,0.3,0.5,0.6,1.3,7.6,12.5,7.02,195.0,5.44,16.0,0.3,0.5,0.6,2.0,44.3,127.2,58.2,188.0,59.4,16.0,0.3,0.5,0.6,1.75,2.7,3.1,2.44,13.0,0.68,12.0,0.4,0.5,0.6,5.9,13.6,31.9,17.8,13.0,11.6,12.0,0.4,0.5,0.6,-18.6,2.3,49.3,10.9,199.0,44.4,16.0,0.3,0.5,0.6,-3.9,13.5,82.7,32.0,199.0,43.2,16.0,0.3,0.5,0.6,-8.6,-5.5,4.9,-0.5,14.0,16.3,12.0,0.4,0.5,0.6,-13.9,-4.1,10.7,-2.5,14.0,12.7,12.0,0.4,0.5,0.6,-9.7,-4.8,6.1,-2.9,13.0,9.9,12.0,0.4,0.5,0.6,-27.7,-8.1,8.0,-10.8,13.0,15.6,12.0,0.4,0.5,0.6,30.0,373.0,1728.0,1020.5,206.0,1600.0,16.0,0.3,0.5,0.6,30.0,375.0,1730.0,1020.0,206.0,1600.0,16.0,0.3,0.5,0.6
1974,2,183.0,59.0,-1.0,0.7,1.33,0.36,19.0,1.05,12.0,0.1,0.6,0.3,-13.0,-9.0,-2.71,-8.3,19.0,5.17,12.0,0.1,0.6,0.3,1.65,1.65,1.65,1.65,1.0,0.0,12.0,0.0,0.2,0.2,78.4,78.4,78.4,78.4,1.0,0.0,12.0,0.0,0.2,6.0,9.4,15.91,10.31,18.0,5.32,12.0,0.1,0.5,0.3,-12.69,-4.07,0.71,-4.8,18.0,6.8,12.0,0.1,0.5,0.3,-10.82,-6.7,-3.23,-7.07,18.0,4.16,12.0,0.1,0.5,0.3,998.1,1010.1,1020.59,1010.64,19.0,12.13,12.0,0.1,0.6,0.3,6.0,8.0,8.0,7.1,16.0,1.8,12.0,0.1,0.6,0.3,-172.2,-37.0,6.5,-73.3,18.0,109.9,12.0,0.1,0.5,0.3,-150.0,-60.1,-25.5,-87.3,18.0,83.5,12.0,0.1,0.5,0.3,4.08,8.9,12.6,8.66,19.0,4.77,12.0,0.1,0.6,0.3,12.8,57.4,176.2,88.5,18.0,78.9,12.0,0.1,0.5,0.3,2.45,2.45,2.45,2.45,1.0,0.0,12.0,0.0,0.2,0.2,46.5,46.5,46.5,46.5,1.0,0.0,12.0,0.0,0.2,0.2,-1.5,10.6,121.6,53.2,18.0,75.7,12.0,0.1,0.5,0.3,7.0,38.5,93.8,53.0,18.0,55.0,12.0,0.1,0.5,0.3,-29.5,-29.5,-29.5,-29.5,1.0,0.0,12.0,0.0,0.2,0.2,-10.7,-10.7,-10.7,-10.7,1.0,0.0,12.0,0.0,0.2,0.2,-43.7,-43.7,-43.7,-43.7,1.0,0.0,12.0,0.0,0.2,0.2,-15.9,-15.9,-15.9,-15.9,1.0,0.0,12.0,0.0,0.2,0.2,216.0,835.0,4117.5,1949.5,18.0,2343.0,12.0,0.1,0.5,0.3,215.0,835.0,4115.0,1950.0,18.0,2345.0,12.0,0.1,0.5,0.3
1974,2,183.0,60.0,,,,,,,,,,,,,,,,,,,,,,,,,,,,,,,,,,,,,,,,6.6,10.8,14.9,10.81,35.0,4.05,6.0,0.2,0.5,0.4,-11.6,-6.28,-1.64,-6.44,35.0,5.26,6.0,0.2,0.5,0.4,-10.87,-6.94,-3.39,-7.09,35.0,3.83,6.0,0.2,0.5,0.4,1002.56,1008.2,1015.63,1008.29,55.0,6.07,6.0,0.3,0.5,0.4,,,,,,,,,,,,,,,,,,,,,,,,,,,,,,,,,,,,,,,,,,,,,,,,,,,,,,,,,,,,,,,,,,,,,,,,,,,,,,,,,,,,,,,,,,,,,,,,,,,,,,,,,,,,,,,,,,,,,,,,,,,,,,,,,,,,,,,,,,,,,,,,,,,,,,
1974,2,184.0,-75.0,-0.4,-0.4,-0.4,-0.4,1.0,0.0,18.0,1.0,0.5,1.0,-4.3,-4.3,-4.3,-4.3,1.0,0.0,18.0,1.0,0.5,1.0,2.35,2.35,2.35,2.35,1.0,0.0,18.0,1.0,0.5,1.0,82.1,82.1,82.1,82.1,1.0,0.0,18.0,1.0,1.0,3.1,3.1,3.1,3.1,1.0,0.0,18.0,1.0,0.5,1.0,-0.54,-0.54,-0.54,-0.54,1.0,0.0,18.0,1.0,0.5,1.0,3.05,3.05,3.05,3.05,1.0,0.0,18.0,1.0,0.5,1.0,973.1,973.1,973.1,973.1,1.0,0.0,18.0,1.0,0.5,1.0,2.0,2.0,2.0,2.0,1.0,0.0,18.0,1.0,0.5,1.0,-1.7,-1.7,-1.7,-1.7,1.0,0.0,18.0,1.0,0.5,1.0,9.5,9.5,9.5,9.5,1.0,0.0,18.0,1.0,0.5,1.0,3.9,3.9,3.9,3.9,1.0,0.0,18.0,1.0,0.5,1.0,12.1,12.1,12.1,12.1,1.0,0.0,18.0,1.0,0.5,1.0,1.47,1.47,1.47,1.47,1.0,0.0,18.0,1.0,0.5,1.0,4.6,4.6,4.6,4.6,1.0,0.0,18.0,1.0,0.5,1.0,2.3,2.3,2.3,2.3,1.0,0.0,18.0,1.0,0.5,1.0,-13.1,-13.1,-13.1,-13.1,1.0,0.0,18.0,1.0,0.5,1.0,-1.3,-1.3,-1.3,-1.3,1.0,0.0,18.0,1.0,0.5,1.0,7.2,7.2,7.2,7.2,1.0,0.0,18.0,1.0,0.5,1.0,-0.8,-0.8,-0.8,-0.8,1.0,0.0,18.0,1.0,0.5,1.0,4.5,4.5,4.5,4.5,1.0,0.0,18.0,1.0,0.5,1.0,30.0,30.0,30.0,30.0,1.0,0.0,18.0,1.0,0.5,1.0,30.0,30.0,30.0,30.0,1.0,0.0,18.0,1.0,0.5,1.0
1974,2,184.0,-58.0,,,,,,,,,,,,,,,,,,,,,,,,,,,,,,,,,,,,,,,,,,,,,,,,,,,,,,,,,,,,,,,,,,,,,,,,,,,,,,,,6.0,6.0,6.0,6.0,1.0,0.0,26.0,1.0,1.0,1.0,115.9,115.9,115.9,115.9,1.0,0.0,26.0,1.0,1.0,1.0,-97.2,-97.2,-97.2,-97.2,1.0,0.0,26.0,1.0,1.0,1.0,,,,,,,,,,,,,,,,,,,,,,,,,,,,,,,,,,,,,,,,,,,,,,,,,,,,,,,,,,,,,,,,,,,,,,,,,,,,,,,,,,,,,,,,,,,,,,,,,,,,,,,,,,,,,,,,,,,,,,,,
1974,2,184.0,-57.0,,,,,,,,,,,,,,,,,,,,,,,,,,,,,,,,,,,,,,,,,,,,,,,,,,,,,,,,,,,,,,,,,,,,,,,,,,,,,,,,5.6,7.0,7.7,6.7,3.0,1.5,26.0,0.7,0.6,0.8,136.1,154.6,173.1,154.6,2.0,38.3,26.0,0.5,0.6,0.8,-145.2,-129.7,-114.2,-129.7,2.0,32.2,26.0,0.5,0.6,0.8,,,,,,,,,,,,,,,,,,,,,,,,,,,,,,,,,,,,,,,,,,,,,,,,,,,,,,,,,,,,,,,,,,,,,,,,,,,,,,,,,,,,,,,,,,,,,,,,,,,,,,,,,,,,,,,,,,,,,,,,
1974,2,184.0,-54.0,11.0,11.0,11.0,11.0,1.0,0.0,20.0,1.0,0.2,0.9,11.5,11.5,11.5,11.5,1.0,0.0,20.0,1.0,0.2,0.9,7.51,7.51,7.51,7.51,1.0,0.0,20.0,1.0,0.2,0.9,88.7,88.7,88.7,88.7,1.0,0.0,20.0,1.0,0.9,,,,,,,,,,,,,,,,,,,,,,,,,,,,,,,,,,,,,,,,,,,,,,,,,,,,,,,,,,,,,,,,,,,,,,,,,,,,,,,,,,,,,,,,,,,,,,,,,,,,,,,,,,,,,,,,,,,,,,,,,,,,,,,,,,,,,,,,,,,,,,,,,,,,,,,,,,,,,,,,,,,,,,,,,,,,,,,,,,,,,,,,,,,,,,
1974,2,184.0,-48.0,,,,,,,,,,,,,,,,,,,,,,,,,,,,,,,,,,,,,,,,9.0,9.0,9.0,9.0,1.0,0.0,24.0,1.0,0.2,0.9,-3.08,-3.08,-3.08,-3.08,1.0,0.0,24.0,1.0,0.2,0.9,8.46,8.46,8.46,8.46,1.0,0.0,24.0,1.0,0.2,0.9,1021.2,1021.2,1021.2,1021.2,1.0,0.0,24.0,1.0,0.2,0.9,,,,,,,,,,,,,,,,,,,,,,,,,,,,,,,,,,,,,,,,,,,,,,,,,,,,,,,,,,,,,,,,,,,,,,,,,,,,,,,,,,,,,,,,,,,,,,,,,,,,,,,,,,,,,,,,,,,,,,,,,,,,,,,,,,,,,,,,,,,,,,,,,,,,,,
1974,2,184.0,-46.0,16.8,16.8,16.8,16.8,1.0,0.0,16.0,1.0,1.0,1.0,13.8,13.8,13.8,13.8,1.0,0.0,16.0,1.0,1.0,1.0,6.83,6.83,6.83,6.83,1.0,0.0,16.0,1.0,1.0,1.0,70.8,70.8,70.8,70.8,1.0,0.0,16.0,1.0,1.0,4.1,4.1,4.1,4.1,1.0,0.0,16.0,1.0,1.0,1.0,-3.85,-3.85,-3.85,-3.85,1.0,0.0,16.0,1.0,1.0,1.0,1.4,1.4,1.4,1.4,1.0,0.0,16.0,1.0,1.0,1.0,1026.5,1026.5,1026.5,1026.5,1.0,0.0,16.0,1.0,1.0,1.0,8.0,8.0,8.0,8.0,1.0,0.0,16.0,1.0,1.0,1.0,-15.8,-15.8,-15.8,-15.8,1.0,0.0,16.0,1.0,1.0,1.0,5.7,5.7,5.7,5.7,1.0,0.0,16.0,1.0,1.0,1.0,3.0,3.0,3.0,3.0,1.0,0.0,16.0,1.0,1.0,1.0,12.3,12.3,12.3,12.3,1.0,0.0,16.0,1.0,1.0,1.0,4.9,4.9,4.9,4.9,1.0,0.0,16.0,1.0,1.0,1.0,20.1,20.1,20.1,20.1,1.0,0.0,16.0,1.0,1.0,1.0,-53.2,-53.2,-53.2,-53.2,1.0,0.0,16.0,1.0,1.0,1.0,19.4,19.4,19.4,19.4,1.0,0.0,16.0,1.0,1.0,1.0,-26.3,-26.3,-26.3,-26.3,1.0,0.0,16.0,1.0,1.0,1.0,9.6,9.6,9.6,9.6,1.0,0.0,16.0,1.0,1.0,1.0,-18.9,-18.9,-18.9,-18.9,1.0,0.0,16.0,1.0,1.0,1.0,6.9,6.9,6.9,6.9,1.0,0.0,16.0,1.0,1.0,1.0,69.0,69.0,69.0,69.0,1.0,0.0,16.0,1.0,1.0,1.0,70.0,70.0,70.0,70.0,1.0,0.0,16.0,1.0,1.0,1.0
1974,2,184.0,-43.0,19.1,19.3,19.5,19.3,2.0,0.42,20.0,0.5,0.3,0.6,14.99,15.6,16.21,15.6,2.0,1.27,20.0,0.5,0.3,0.6,7.03,7.73,8.44,7.73,2.0,1.46,20.0,0.5,0.3,0.6,67.2,70.8,74.5,70.8,2.0,7.6,20.0,0.5,0.6,6.7,6.7,6.7,6.7,2.0,0.0,20.0,0.5,0.3,0.6,-5.13,-5.13,-5.13,-5.13,2.0,0.0,20.0,0.5,0.3,0.6,4.31,4.31,4.31,4.31,2.0,0.0,20.0,0.5,0.3,0.6,1024.28,1024.45,1024.62,1024.45,2.0,0.35,20.0,0.5,0.3,0.6,6.3,7.0,7.7,7.0,2.0,1.4,20.0,0.5,0.3,0.6,-34.4,-34.4,-34.4,-34.4,2.0,0.0,20.0,0.5,0.3,0.6,28.9,28.9,28.9,28.9,2.0,0.0,20.0,0.5,0.3,0.6,2.88,3.7,4.52,3.7,2.0,1.7,20.0,0.5,0.3,0.6,19.3,24.8,30.3,24.8,2.0,11.4,20.0,0.5,0.3,0.6,5.15,6.03,6.91,6.03,2.0,1.82,20.0,0.5,0.3,0.6,34.5,40.4,46.3,40.4,2.0,12.2,20.0,0.5,0.3,0.6,-83.2,-80.1,-76.9,-80.1,2.0,6.5,20.0,0.5,0.3,0.6,64.5,67.2,69.8,67.2,2.0,5.5,20.0,0.5,0.3,0.6,-43.3,-39.7,-36.1,-39.7,2.0,7.5,20.0,0.5,0.3,0.6,30.3,33.3,36.3,33.3,2.0,6.3,20.0,0.5,0.3,0.6,-35.5,-31.0,-26.4,-31.0,2.0,9.4,20.0,0.5,0.3,0.6,22.2,26.0,29.8,26.0,2.0,7.9,20.0,0.5,0.3,0.6,301.0,301.0,301.0,301.0,2.0,0.0,20.0,0.5,0.3,0.6,300.0,300.0,300.0,300.0,2.0,0.0,20.0,0.5,0.3,0.6
1974,2,184.0,-42.0,17.7,17.7,17.7,17.7,1.0,0.0,2.0,0.0,0.1,0.2,17.0,17.0,17.0,17.0,1.0,0.0,2.0,0.0,0.1,0.2,10.32,10.32,10.32,10.32,1.0,0.0,2.0,0.0,0.1,0.2,87.4,87.4,87.4,87.4,1.0,0.0,2.0,0.0,0.2,4.6,4.6,4.6,4.6,1.0,0.0,2.0,0.0,0.1,0.2,-2.96,-2.96,-2.96,-2.96,1.0,0.0,2.0,0.0,0.1,0.2,-3.52,-3.52,-3.52,-3.52,1.0,0.0,2.0,0.0,0.1,0.2,1032.0,1032.0,1032.0,1032.0,1.0,0.0,2.0,0.0,0.1,0.2,1.0,1.0,1.0,1.0,1.0,0.0,2.0,0.0,0.1,0.2,-13.6,-13.6,-13.6,-13.6,1.0,0.0,2.0,0.0,0.1,0.2,-16.2,-16.2,-16.2,-16.2,1.0,0.0,2.0,0.0,0.1,0.2,0.7,0.7,0.7,0.7,1.0,0.0,2.0,0.0,0.1,0.2,3.2,3.2,3.2,3.2,1.0,0.0,2.0,0.0,0.1,0.2,2.03,2.03,2.03,2.03,1.0,0.0,2.0,0.0,0.1,0.2,9.3,9.3,9.3,9.3,1.0,0.0,2.0,0.0,0.1,0.2,-50.3,-50.3,-50.3,-50.3,1.0,0.0,2.0,0.0,0.1,0.2,-59.9,-59.9,-59.9,-59.9,1.0,0.0,2.0,0.0,0.1,0.2,-30.5,-30.5,-30.5,-30.5,1.0,0.0,2.0,0.0,0.1,0.2,-36.4,-36.4,-36.4,-36.4,1.0,0.0,2.0,0.0,0.1,0.2,-6.0,-6.0,-6.0,-6.0,1.0,0.0,2.0,0.0,0.1,0.2,-7.2,-7.2,-7.2,-7.2,1.0,0.0,2.0,0.0,0.1,0.2,97.5,97.5,97.5,97.5,1.0,0.0,2.0,0.0,0.1,0.2,95.0,95.0,95.0,95.0,1.0,0.0,2.0,0.0,0.1,0.2
1974,2,184.0,-41.0,21.0,21.0,21.0,21.0,1.0,0.0,18.0,1.0,0.9,0.9,18.2,18.2,18.2,18.2,1.0,0.0,18.0,1.0,0.9,0.9,11.7,11.7,11.7,11.7,1.0,0.0,18.0,1.0,0.9,0.9,91.0,91.0,91.0,91.0,1.0,0.0,18.0,1.0,0.9,5.1,5.1,5.1,5.1,1.0,0.0,18.0,1.0,0.9,0.9,-4.42,-4.42,-4.42,-4.42,1.0,0.0,18.0,1.0,0.9,0.9,2.55,2.55,2.55,2.55,1.0,0.0,18.0,1.0,0.9,0.9,1021.6,1021.6,1021.6,1021.6,1.0,0.0,18.0,1.0,0.9,0.9,8.0,8.0,8.0,8.0,1.0,0.0,18.0,1.0,0.9,0.9,-22.5,-22.5,-22.5,-22.5,1.0,0.0,18.0,1.0,0.9,0.9,13.0,13.0,13.0,13.0,1.0,0.0,18.0,1.0,0.9,0.9,2.8,2.8,2.8,2.8,1.0,0.0,18.0,1.0,0.9,0.9,14.3,14.3,14.3,14.3,1.0,0.0,18.0,1.0,0.9,0.9,3.64,3.64,3.64,3.64,1.0,0.0,18.0,1.0,0.9,0.9,18.6,18.6,18.6,18.6,1.0,0.0,18.0,1.0,0.9,0.9,-80.4,-80.4,-80.4,-80.4,1.0,0.0,18.0,1.0,0.9,0.9,46.4,46.4,46.4,46.4,1.0,0.0,18.0,1.0,0.9,0.9,-51.7,-51.7,-51.7,-51.7,1.0,0.0,18.0,1.0,0.9,0.9,29.8,29.8,29.8,29.8,1.0,0.0,18.0,1.0,0.9,0.9,-16.1,-16.1,-16.1,-16.1,1.0,0.0,18.0,1.0,0.9,0.9,9.3,9.3,9.3,9.3,1.0,0.0,18.0,1.0,0.9,0.9,132.5,132.5,132.5,132.5,1.0,0.0,18.0,1.0,0.9,0.9,135.0,135.0,135.0,135.0,1.0,0.0,18.0,1.0,0.9,0.9
1974,2,184.0,-40.0,20.0,20.0,20.0,20.0,2.0,0.0,22.0,1.0,1.0,0.7,18.63,20.4,20.81,19.73,3.0,1.7,18.0,1.0,1.0,0.8,10.71,13.41,13.47,12.12,3.0,2.31,18.0,1.0,1.0,0.8,79.2,87.2,90.3,84.8,3.0,8.4,18.0,1.0,0.8,3.76,4.1,5.53,4.63,3.0,1.38,18.0,1.0,1.0,0.8,-4.97,-3.14,-3.13,-4.03,3.0,1.56,18.0,1.0,1.0,0.8,-2.47,-2.12,-1.9,-2.19,3.0,0.42,18.0,1.0,1.0,0.8,1019.23,1020.8,1023.87,1021.53,3.0,3.46,18.0,1.0,1.0,0.8,6.3,7.0,7.7,7.0,3.0,1.0,18.0,1.0,1.0,0.8,-28.7,-12.9,-11.7,-20.1,3.0,13.9,18.0,1.0,1.0,0.8,-12.4,-10.8,-7.9,-10.1,3.0,3.4,18.0,1.0,1.0,0.8,-0.49,0.6,1.69,0.6,2.0,2.26,22.0,1.0,1.0,0.7,-1.3,4.8,10.8,4.8,2.0,12.5,22.0,1.0,1.0,0.7,1.67,3.01,4.35,3.01,2.0,2.77,22.0,1.0,1.0,0.7,8.5,17.6,26.6,17.6,2.0,18.8,22.0,1.0,1.0,0.7,-91.7,-66.0,-64.3,-77.8,3.0,22.5,18.0,1.0,1.0,0.8,-49.8,-37.7,-37.0,-43.3,3.0,10.5,18.0,1.0,1.0,0.8,-51.0,-42.1,-42.1,-46.4,3.0,7.5,18.0,1.0,1.0,0.8,-31.8,-24.3,-21.4,-26.6,3.0,7.9,18.0,1.0,1.0,0.8,-24.9,-16.1,-7.4,-16.1,2.0,18.2,22.0,1.0,1.0,0.7,-9.3,-6.7,-4.0,-6.7,2.0,5.5,22.0,1.0,1.0,0.7,53.5,69.0,184.5,118.0,3.0,105.0,18.0,1.0,1.0,0.8,55.0,70.0,185.0,120.0,3.0,105.0,18.0,1.0,1.0,0.8
1974,2,184.0,-37.0,21.1,21.1,21.1,21.1,1.0,0.0,26.0,0.0,0.2,1.0,21.1,21.1,21.1,21.1,1.0,0.0,26.0,0.0,0.2,1.0,13.43,13.43,13.43,13.43,1.0,0.0,26.0,0.0,0.2,1.0,86.2,86.2,86.2,86.2,1.0,0.0,26.0,0.0,1.0,10.3,10.3,10.3,10.3,1.0,0.0,26.0,0.0,0.2,1.0,-10.3,-10.3,-10.3,-10.3,1.0,0.0,26.0,0.0,0.2,1.0,0.0,0.0,0.0,0.0,1.0,0.0,26.0,0.0,0.2,1.0,1011.2,1011.2,1011.2,1011.2,1.0,0.0,26.0,0.0,0.2,1.0,8.0,8.0,8.0,8.0,1.0,0.0,26.0,0.0,0.2,1.0,-106.1,-106.1,-106.1,-106.1,1.0,0.0,26.0,0.0,0.2,1.0,0.0,0.0,0.0,0.0,1.0,0.0,26.0,0.0,0.2,1.0,0.0,0.0,0.0,0.0,1.0,0.0,26.0,0.0,0.2,1.0,0.0,0.0,0.0,0.0,1.0,0.0,26.0,0.0,0.2,1.0,2.18,2.18,2.18,2.18,1.0,0.0,26.0,0.0,0.2,1.0,22.4,22.4,22.4,22.4,1.0,0.0,26.0,0.0,0.2,1.0,-217.3,-217.3,-217.3,-217.3,1.0,0.0,26.0,0.0,0.2,1.0,0.0,0.0,0.0,0.0,1.0,0.0,26.0,0.0,0.2,1.0,-138.3,-138.3,-138.3,-138.3,1.0,0.0,26.0,0.0,0.2,1.0,0.0,0.0,0.0,0.0,1.0,0.0,26.0,0.0,0.2,1.0,-22.4,-22.4,-22.4,-22.4,1.0,0.0,26.0,0.0,0.2,1.0,0.0,0.0,0.0,0.0,1.0,0.0,26.0,0.0,0.2,1.0,1092.5,1092.5,1092.5,1092.5,1.0,0.0,26.0,0.0,0.2,1.0,1095.0,1095.0,1095.0,1095.0,1.0,0.0,26.0,0.0,0.2,1.0
1974,2,184.0,-36.0,24.3,24.3,24.3,24.3,1.0,0.0,22.0,0.0,0.4,0.8,23.6,23.6,23.6,23.6,1.0,0.0,22.0,0.0,0.4,0.8,13.25,13.25,13.25,13.25,1.0,0.0,22.0,0.0,0.4,0.8,73.5,73.5,73.5,73.5,1.0,0.0,22.0,0.0,0.8,2.6,2.6,2.6,2.6,1.0,0.0,22.0,0.0,0.4,0.8,1.3,1.3,1.3,1.3,1.0,0.0,22.0,0.0,0.4,0.8,2.25,2.25,2.25,2.25,1.0,0.0,22.0,0.0,0.4,0.8,1018.4,1018.4,1018.4,1018.4,1.0,0.0,22.0,0.0,0.4,0.8,4.0,4.0,4.0,4.0,1.0,0.0,22.0,0.0,0.4,0.8,3.4,3.4,3.4,3.4,1.0,0.0,22.0,0.0,0.4,0.8,5.9,5.9,5.9,5.9,1.0,0.0,22.0,0.0,0.4,0.8,0.7,0.7,0.7,0.7,1.0,0.0,22.0,0.0,0.4,0.8,1.8,1.8,1.8,1.8,1.0,0.0,22.0,0.0,0.4,0.8,5.61,5.61,5.61,5.61,1.0,0.0,22.0,0.0,0.4,0.8,14.6,14.6,14.6,14.6,1.0,0.0,22.0,0.0,0.4,0.8,30.7,30.7,30.7,30.7,1.0,0.0,22.0,0.0,0.4,0.8,53.1,53.1,53.1,53.1,1.0,0.0,22.0,0.0,0.4,0.8,17.2,17.2,17.2,17.2,1.0,0.0,22.0,0.0,0.4,0.8,29.8,29.8,29.8,29.8,1.0,0.0,22.0,0.0,0.4,0.8,7.3,7.3,7.3,7.3,1.0,0.0,22.0,0.0,0.4,0.8,12.6,12.6,12.6,12.6,1.0,0.0,22.0,0.0,0.4,0.8,17.5,17.5,17.5,17.5,1.0,0.0,22.0,0.0,0.4,0.8,20.0,20.0,20.0,20.0,1.0,0.0,22.0,0.0,0.4,0.8
1974,2,184.0,-30.0,25.8,25.8,25.8,25.8,1.0,0.0,22.0,1.0,0.5,0.9,25.2,25.2,25.2,25.2,1.0,0.0,22.0,1.0,0.5,0.9,15.6,15.6,15.6,15.6,1.0,0.0,22.0,1.0,0.5,0.9,78.0,78.0,78.0,78.0,1.0,0.0,22.0,1.0,0.9,5.7,5.7,5.7,5.7,1.0,0.0,22.0,1.0,0.5,0.9,-5.36,-5.36,-5.36,-5.36,1.0,0.0,22.0,1.0,0.5,0.9,1.95,1.95,1.95,1.95,1.0,0.0,22.0,1.0,0.5,0.9,1011.7,1011.7,1011.7,1011.7,1.0,0.0,22.0,1.0,0.5,0.9,3.0,3.0,3.0,3.0,1.0,0.0,22.0,1.0,0.5,0.9,-30.5,-30.5,-30.5,-30.5,1.0,0.0,22.0,1.0,0.5,0.9,11.1,11.1,11.1,11.1,1.0,0.0,22.0,1.0,0.5,0.9,0.6,0.6,0.6,0.6,1.0,0.0,22.0,1.0,0.5,0.9,3.4,3.4,3.4,3.4,1.0,0.0,22.0,1.0,0.5,0.9,5.18,5.18,5.18,5.18,1.0,0.0,22.0,1.0,0.5,0.9,29.6,29.6,29.6,29.6,1.0,0.0,22.0,1.0,0.5,0.9,-135.0,-135.0,-135.0,-135.0,1.0,0.0,22.0,1.0,0.5,0.9,49.1,49.1,49.1,49.1,1.0,0.0,22.0,1.0,0.5,0.9,-83.5,-83.5,-83.5,-83.5,1.0,0.0,22.0,1.0,0.5,0.9,30.4,30.4,30.4,30.4,1.0,0.0,22.0,1.0,0.5,0.9,-27.8,-27.8,-27.8,-27.8,1.0,0.0,22.0,1.0,0.5,0.9,10.1,10.1,10.1,10.1,1.0,0.0,22.0,1.0,0.5,0.9,185.0,185.0,185.0,185.0,1.0,0.0,22.0,1.0,0.5,0.9,185.0,185.0,185.0,185.0,1.0,0.0,22.0,1.0,0.5,0.9
1974,2,184.0,-29.0,25.66,25.8,25.94,25.8,2.0,0.28,10.0,0.5,0.5,0.6,24.25,24.8,25.35,24.8,2.0,1.13,10.0,0.5,0.5,0.6,16.6,16.76,16.93,16.76,2.0,0.34,10.0,0.5,0.5,0.6,84.4,86.3,88.2,86.3,2.0,4.0,10.0,0.5,0.6,3.41,5.15,6.89,5.15,2.0,3.61,10.0,0.5,0.5,0.6,-6.79,-5.09,-3.39,-5.09,2.0,3.52,10.0,0.5,0.5,0.6,0.21,0.67,1.12,0.67,2.0,0.95,10.0,0.5,0.5,0.6,1016.1,1016.75,1017.4,1016.75,2.0,1.34,10.0,0.5,0.5,0.6,3.0,3.0,3.0,3.0,2.0,0.0,10.0,0.5,0.5,0.6,-50.2,-32.6,-15.0,-32.6,2.0,36.5,10.0,0.5,0.5,0.6,1.6,5.1,8.7,5.1,2.0,7.3,10.0,0.5,0.5,0.6,0.59,1.0,1.41,1.0,2.0,0.85,10.0,0.5,0.5,0.6,3.3,3.6,4.0,3.6,2.0,0.8,10.0,0.5,0.5,0.6,3.9,3.91,3.92,3.91,2.0,0.02,10.0,0.5,0.5,0.6,13.3,20.1,26.9,20.1,2.0,14.0,10.0,0.5,0.5,0.6,-173.2,-128.3,-83.3,-128.3,2.0,93.1,10.0,0.5,0.5,0.6,5.4,17.1,28.8,17.1,2.0,24.2,10.0,0.5,0.5,0.6,-115.3,-86.0,-56.6,-86.0,2.0,60.8,10.0,0.5,0.5,0.6,3.6,11.4,19.1,11.4,2.0,16.1,10.0,0.5,0.5,0.6,-26.5,-19.9,-13.3,-19.9,2.0,13.7,10.0,0.5,0.5,0.6,0.8,2.6,4.4,2.6,2.0,3.7,10.0,0.5,0.5,0.6,87.0,237.0,387.0,237.0,2.0,310.5,10.0,0.5,0.5,0.6,85.0,235.0,385.0,235.0,2.0,310.0,10.0,0.5,0.5,0.6
1974,2,184.0,-28.0,26.1,26.1,26.1,26.1,1.0,0.0,6.0,0.0,0.8,0.2,24.5,24.5,24.5,24.5,1.0,0.0,6.0,0.0,0.8,0.2,16.72,16.72,16.72,16.72,1.0,0.0,6.0,0.0,0.8,0.2,87.6,87.6,87.6,87.6,1.0,0.0,6.0,0.0,0.2,1.5,1.5,1.5,1.5,1.0,0.0,6.0,0.0,0.8,0.2,-1.5,-1.5,-1.5,-1.5,1.0,0.0,6.0,0.0,0.8,0.2,0.0,0.0,0.0,0.0,1.0,0.0,6.0,0.0,0.8,0.2,1016.1,1016.1,1016.1,1016.1,1.0,0.0,6.0,0.0,0.8,0.2,4.0,4.0,4.0,4.0,1.0,0.0,6.0,0.0,0.8,0.2,-2.2,-2.2,-2.2,-2.2,1.0,0.0,6.0,0.0,0.8,0.2,0.0,0.0,0.0,0.0,1.0,0.0,6.0,0.0,0.8,0.2,1.6,1.6,1.6,1.6,1.0,0.0,6.0,0.0,0.8,0.2,2.4,2.4,2.4,2.4,1.0,0.0,6.0,0.0,0.8,0.2,4.34,4.34,4.34,4.34,1.0,0.0,6.0,0.0,0.8,0.2,6.5,6.5,6.5,6.5,1.0,0.0,6.0,0.0,0.8,0.2,-36.7,-36.7,-36.7,-36.7,1.0,0.0,6.0,0.0,0.8,0.2,0.0,0.0,0.0,0.0,1.0,0.0,6.0,0.0,0.8,0.2,-25.1,-25.1,-25.1,-25.1,1.0,0.0,6.0,0.0,0.8,0.2,0.0,0.0,0.0,0.0,1.0,0.0,6.0,0.0,0.8,0.2,-6.5,-6.5,-6.5,-6.5,1.0,0.0,6.0,0.0,0.8,0.2,0.0,0.0,0.0,0.0,1.0,0.0,6.0,0.0,0.8,0.2,3.5,3.5,3.5,3.5,1.0,0.0,6.0,0.0,0.8,0.2,5.0,5.0,5.0,5.0,1.0,0.0,6.0,0.0,0.8,0.2
1974,2,184.0,-27.0,26.16,26.5,26.84,26.5,2.0,0.71,14.0,1.0,0.8,0.6,25.16,25.5,25.84,25.5,2.0,0.71,14.0,1.0,0.8,0.6,17.55,17.59,17.64,17.59,2.0,0.1,14.0,1.0,0.8,0.6,84.4,86.1,87.9,86.1,2.0,3.6,14.0,1.0,0.6,4.6,4.6,4.6,4.6,1.0,0.0,2.0,1.0,0.9,0.4,-2.96,-2.96,-2.96,-2.96,1.0,0.0,2.0,1.0,0.9,0.4,3.52,3.52,3.52,3.52,1.0,0.0,2.0,1.0,0.9,0.4,1005.55,1008.25,1010.95,1008.25,2.0,5.59,14.0,1.0,0.8,0.6,8.0,8.0,8.0,8.0,2.0,0.0,14.0,1.0,0.8,0.6,-13.6,-13.6,-13.6,-13.6,1.0,0.0,2.0,1.0,0.9,0.4,16.2,16.2,16.2,16.2,1.0,0.0,2.0,1.0,0.9,0.4,1.0,1.0,1.0,1.0,2.0,0.0,14.0,1.0,0.8,0.6,4.6,4.6,4.6,4.6,1.0,0.0,2.0,1.0,0.9,0.4,3.72,4.16,4.59,4.16,2.0,0.9,14.0,1.0,0.8,0.6,22.0,22.0,22.0,22.0,1.0,0.0,2.0,1.0,0.9,0.4,-76.9,-76.9,-76.9,-76.9,1.0,0.0,2.0,1.0,0.9,0.4,91.6,91.6,91.6,91.6,1.0,0.0,2.0,1.0,0.9,0.4,-51.8,-51.8,-51.8,-51.8,1.0,0.0,2.0,1.0,0.9,0.4,61.8,61.8,61.8,61.8,1.0,0.0,2.0,1.0,0.9,0.4,-14.2,-14.2,-14.2,-14.2,1.0,0.0,2.0,1.0,0.9,0.4,16.9,16.9,16.9,16.9,1.0,0.0,2.0,1.0,0.9,0.4,97.5,97.5,97.5,97.5,1.0,0.0,2.0,1.0,0.9,0.4,95.0,95.0,95.0,95.0,1.0,0.0,2.0,1.0,0.9,0.4
1974,2,184.0,-23.0,25.6,25.6,25.6,25.6,1.0,0.0,22.0,1.0,1.0,0.7,25.6,25.6,25.6,25.6,1.0,0.0,22.0,1.0,1.0,0.7,17.97,17.97,17.97,17.97,1.0,0.0,22.0,1.0,1.0,0.7,87.1,87.1,87.1,87.1,1.0,0.0,22.0,1.0,0.7,7.7,7.7,7.7,7.7,1.0,0.0,22.0,1.0,1.0,0.7,-7.58,-7.58,-7.58,-7.58,1.0,0.0,22.0,1.0,1.0,0.7,-1.34,-1.34,-1.34,-1.34,1.0,0.0,22.0,1.0,1.0,0.7,1005.4,1005.4,1005.4,1005.4,1.0,0.0,22.0,1.0,1.0,0.7,6.0,6.0,6.0,6.0,1.0,0.0,22.0,1.0,1.0,0.7,-58.4,-58.4,-58.4,-58.4,1.0,0.0,22.0,1.0,1.0,0.7,-10.3,-10.3,-10.3,-10.3,1.0,0.0,22.0,1.0,1.0,0.7,0.0,0.0,0.0,0.0,1.0,0.0,22.0,1.0,1.0,0.7,0.0,0.0,0.0,0.0,1.0,0.0,22.0,1.0,1.0,0.7,2.69,2.69,2.69,2.69,1.0,0.0,22.0,1.0,1.0,0.7,20.7,20.7,20.7,20.7,1.0,0.0,22.0,1.0,1.0,0.7,-194.1,-194.1,-194.1,-194.1,1.0,0.0,22.0,1.0,1.0,0.7,-34.2,-34.2,-34.2,-34.2,1.0,0.0,22.0,1.0,1.0,0.7,-136.3,-136.3,-136.3,-136.3,1.0,0.0,22.0,1.0,1.0,0.7,-24.0,-24.0,-24.0,-24.0,1.0,0.0,22.0,1.0,1.0,0.7,-20.4,-20.4,-20.4,-20.4,1.0,0.0,22.0,1.0,1.0,0.7,-3.6,-3.6,-3.6,-3.6,1.0,0.0,22.0,1.0,1.0,0.7,456.5,456.5,456.5,456.5,1.0,0.0,22.0,1.0,1.0,0.7,455.0,455.0,455.0,455.0,1.0,0.0,22.0,1.0,1.0,0.7
1974,2,184.0,-22.0,26.66,27.0,27.68,27.17,3.0,0.76,16.0,0.7,0.6,0.6,27.03,27.1,27.71,27.37,3.0,0.55,16.0,0.7,0.6,0.6,18.23,18.32,20.89,19.53,3.0,2.21,16.0,0.7,0.6,0.6,78.7,81.2,92.8,85.6,3.0,11.1,16.0,0.7,0.6,5.43,7.2,9.32,7.37,3.0,2.85,16.0,0.7,0.6,0.6,-8.24,-6.77,-5.1,-6.67,3.0,2.3,16.0,0.7,0.6,0.6,-3.02,1.57,2.18,-0.37,3.0,4.16,16.0,0.7,0.6,0.6,1006.95,1010.5,1010.57,1008.8,3.0,3.03,16.0,0.7,0.6,0.6,3.6,5.0,7.0,5.3,3.0,2.5,16.0,0.7,0.6,0.6,-78.2,-48.7,-29.0,-53.5,3.0,36.2,16.0,0.7,0.6,0.6,-33.9,7.2,14.4,-9.4,3.0,38.2,16.0,0.7,0.6,0.6,-0.37,-0.1,-0.03,-0.2,3.0,0.26,16.0,0.7,0.6,0.6,-1.9,-1.0,-0.3,-1.1,3.0,1.2,16.0,0.7,0.6,0.6,1.33,3.62,4.83,3.09,3.0,2.61,16.0,0.7,0.6,0.6,7.1,16.6,31.8,19.4,3.0,18.2,16.0,0.7,0.6,0.6,-225.1,-189.4,-139.8,-182.6,3.0,62.8,16.0,0.7,0.6,0.6,-81.8,42.5,60.5,-9.4,3.0,113.5,16.0,0.7,0.6,0.6,-173.8,-123.9,-93.0,-133.2,3.0,59.7,16.0,0.7,0.6,0.6,-68.6,28.6,39.9,-13.3,3.0,87.4,16.0,0.7,0.6,0.6,-29.9,-15.6,-6.6,-18.2,3.0,17.2,16.0,0.7,0.6,0.6,0.9,5.7,10.9,5.9,3.0,7.3,16.0,0.7,0.6,0.6,185.0,373.0,864.5,521.0,3.0,514.0,16.0,0.7,0.6,0.6,185.0,375.0,865.0,520.0,3.0,515.0,16.0,0.7,0.6,0.6
1974,2,184.0,-19.0,27.16,27.5,29.21,28.17,3.0,1.61,22.0,0.7,0.6,0.3,26.69,27.4,28.48,27.58,4.0,1.12,22.0,0.8,0.6,0.3,17.63,18.26,19.38,18.49,4.0,1.1,22.0,0.8,0.6,0.3,77.0,80.1,82.7,79.9,4.0,3.8,22.0,0.8,0.3,6.58,8.45,9.28,7.95,4.0,2.01,22.0,0.8,0.6,0.3,-5.16,-1.95,3.49,-0.89,4.0,5.66,22.0,0.8,0.6,0.3,-7.87,-6.55,-4.38,-6.14,4.0,2.21,22.0,0.8,0.6,0.3,1004.59,1006.15,1009.39,1006.95,4.0,3.75,22.0,0.8,0.6,0.3,6.5,7.0,7.5,7.0,4.0,0.8,22.0,0.8,0.6,0.3,-41.8,-10.0,30.4,-5.9,4.0,49.8,22.0,0.8,0.6,0.3,-70.6,-57.9,-31.9,-51.5,4.0,25.5,22.0,0.8,0.6,0.3,-0.87,0.5,1.59,0.37,3.0,1.8,22.0,0.7,0.6,0.3,-7.0,4.4,15.4,4.2,3.0,16.4,22.0,0.7,0.6,0.3,3.72,4.79,7.71,5.69,3.0,3.02,22.0,0.7,0.6,0.3,31.2,41.7,73.9,52.3,3.0,32.5,22.0,0.7,0.6,0.3,-142.1,-52.5,92.5,-26.1,4.0,153.2,22.0,0.8,0.6,0.3,-224.3,-178.8,-116.8,-170.9,4.0,66.6,22.0,0.8,0.6,0.3,-93.5,-36.7,61.2,-17.1,4.0,100.6,22.0,0.8,0.6,0.3,-148.9,-115.6,-78.9,-114.0,4.0,44.0,22.0,0.8,0.6,0.3,-39.0,0.0,21.8,-8.4,3.0,45.1,22.0,0.7,0.6,0.3,-54.9,-26.8,-26.5,-40.4,3.0,23.9,22.0,0.7,0.6,0.3,332.0,605.0,806.5,571.0,4.0,335.5,22.0,0.8,0.6,0.3,330.0,605.0,805.0,570.0,4.0,335.0,22.0,0.8,0.6,0.3
1974,2,184.0,-18.0,27.0,27.0,27.0,27.0,1.0,0.0,24.0,1.0,0.1,0.1,26.6,26.6,26.6,26.6,1.0,0.0,24.0,1.0,0.1,0.1,17.74,17.74,17.74,17.74,1.0,0.0,24.0,1.0,0.1,0.1,81.1,81.1,81.1,81.1,1.0,0.0,24.0,1.0,0.1,12.9,12.9,12.9,12.9,1.0,0.0,24.0,1.0,0.1,0.1,-4.41,-4.41,-4.41,-4.41,1.0,0.0,24.0,1.0,0.1,0.1,-12.12,-12.12,-12.12,-12.12,1.0,0.0,24.0,1.0,0.1,0.1,1006.0,1006.0,1006.0,1006.0,1.0,0.0,24.0,1.0,0.1,0.1,7.0,7.0,7.0,7.0,1.0,0.0,24.0,1.0,0.1,0.1,-56.9,-56.9,-56.9,-56.9,1.0,0.0,24.0,1.0,0.1,0.1,-156.4,-156.4,-156.4,-156.4,1.0,0.0,24.0,1.0,0.1,0.1,0.4,0.4,0.4,0.4,1.0,0.0,24.0,1.0,0.1,0.1,5.2,5.2,5.2,5.2,1.0,0.0,24.0,1.0,0.1,0.1,4.71,4.71,4.71,4.71,1.0,0.0,24.0,1.0,0.1,0.1,60.8,60.8,60.8,60.8,1.0,0.0,24.0,1.0,0.1,0.1,-117.4,-117.4,-117.4,-117.4,1.0,0.0,24.0,1.0,0.1,0.1,-322.4,-322.4,-322.4,-322.4,1.0,0.0,24.0,1.0,0.1,0.1,-78.3,-78.3,-78.3,-78.3,1.0,0.0,24.0,1.0,0.1,0.1,-215.1,-215.1,-215.1,-215.1,1.0,0.0,24.0,1.0,0.1,0.1,-20.8,-20.8,-20.8,-20.8,1.0,0.0,24.0,1.0,0.1,0.1,-57.1,-57.1,-57.1,-57.1,1.0,0.0,24.0,1.0,0.1,0.1,2146.5,2146.5,2146.5,2146.5,1.0,0.0,24.0,1.0,0.1,0.1,2145.0,2145.0,2145.0,2145.0,1.0,0.0,24.0,1.0,0.1,0.1
1974,2,184.0,-17.0,28.07,28.45,28.83,28.45,2.0,0.78,8.0,1.0,0.5,0.8,27.41,27.65,27.89,27.65,2.0,0.49,8.0,1.0,0.5,0.8,18.37,18.42,18.46,18.42,2.0,0.08,8.0,1.0,0.5,0.8,78.1,79.4,80.6,79.4,2.0,2.6,8.0,1.0,0.8,8.45,9.0,9.55,9.0,2.0,1.13,8.0,1.0,0.5,0.8,-8.47,-5.61,-2.75,-5.61,2.0,5.92,8.0,1.0,0.5,0.8,-6.79,-4.04,-1.28,-4.04,2.0,5.71,8.0,1.0,0.5,0.8,1008.26,1008.4,1008.54,1008.4,2.0,0.28,8.0,1.0,0.5,0.8,6.2,6.5,6.8,6.5,2.0,0.7,8.0,1.0,0.5,0.8,-82.7,-53.9,-25.1,-53.9,2.0,59.7,8.0,1.0,0.5,0.8,-55.7,-33.1,-10.5,-33.1,2.0,46.8,8.0,1.0,0.5,0.8,0.66,0.8,0.94,0.8,2.0,0.28,8.0,1.0,0.5,0.8,5.7,7.4,9.0,7.4,2.0,3.5,8.0,1.0,0.5,0.8,5.43,6.01,6.59,6.01,2.0,1.2,8.0,1.0,0.5,0.8,46.3,54.8,63.3,54.8,2.0,17.6,8.0,1.0,0.5,0.8,-237.0,-156.6,-76.3,-156.6,2.0,166.5,8.0,1.0,0.5,0.8,-185.5,-110.2,-35.0,-110.2,2.0,155.9,8.0,1.0,0.5,0.8,-155.5,-103.1,-50.7,-103.1,2.0,108.6,8.0,1.0,0.5,0.8,-125.5,-74.6,-23.7,-74.6,2.0,105.5,8.0,1.0,0.5,0.8,-57.7,-37.3,-16.8,-37.3,2.0,42.3,8.0,1.0,0.5,0.8,-35.1,-20.8,-6.6,-20.8,2.0,29.5,8.0,1.0,0.5,0.8,613.0,746.5,879.5,746.5,2.0,275.5,8.0,1.0,0.5,0.8,615.0,745.0,880.0,745.0,2.0,275.0,8.0,1.0,0.5,0.8
1974,2,184.0,-16.0,28.3,28.3,28.3,28.3,1.0,0.0,22.0,0.0,0.8,0.2,26.3,26.3,26.3,26.3,1.0,0.0,22.0,0.0,0.8,0.2,17.0,17.0,17.0,17.0,1.0,0.0,22.0,0.0,0.8,0.2,79.1,79.1,79.1,79.1,1.0,0.0,22.0,0.0,0.2,9.8,9.8,9.8,9.8,1.0,0.0,22.0,0.0,0.8,0.2,-1.7,-1.7,-1.7,-1.7,1.0,0.0,22.0,0.0,0.8,0.2,-9.65,-9.65,-9.65,-9.65,1.0,0.0,22.0,0.0,0.8,0.2,1005.5,1005.5,1005.5,1005.5,1.0,0.0,22.0,0.0,0.8,0.2,8.0,8.0,8.0,8.0,1.0,0.0,22.0,0.0,0.8,0.2,-16.7,-16.7,-16.7,-16.7,1.0,0.0,22.0,0.0,0.8,0.2,-94.6,-94.6,-94.6,-94.6,1.0,0.0,22.0,0.0,0.8,0.2,2.0,2.0,2.0,2.0,1.0,0.0,22.0,0.0,0.8,0.2,19.6,19.6,19.6,19.6,1.0,0.0,22.0,0.0,0.8,0.2,7.26,7.26,7.26,7.26,1.0,0.0,22.0,0.0,0.8,0.2,71.2,71.2,71.2,71.2,1.0,0.0,22.0,0.0,0.8,0.2,-44.8,-44.8,-44.8,-44.8,1.0,0.0,22.0,0.0,0.8,0.2,-253.8,-253.8,-253.8,-253.8,1.0,0.0,22.0,0.0,0.8,0.2,-28.9,-28.9,-28.9,-28.9,1.0,0.0,22.0,0.0,0.8,0.2,-164.1,-164.1,-164.1,-164.1,1.0,0.0,22.0,0.0,0.8,0.2,-12.4,-12.4,-12.4,-12.4,1.0,0.0,22.0,0.0,0.8,0.2,-70.1,-70.1,-70.1,-70.1,1.0,0.0,22.0,0.0,0.8,0.2,941.0,941.0,941.0,941.0,1.0,0.0,22.0,0.0,0.8,0.2,940.0,940.0,940.0,940.0,1.0,0.0,22.0,0.0,0.8,0.2
1974,2,184.0,-15.0,28.0,28.0,28.0,28.0,1.0,0.0,22.0,0.0,0.7,0.7,27.4,27.4,27.4,27.4,1.0,0.0,22.0,0.0,0.7,0.7,17.12,17.12,17.12,17.12,1.0,0.0,22.0,0.0,0.7,0.7,74.6,74.6,74.6,74.6,1.0,0.0,22.0,0.0,0.7,9.3,9.3,9.3,9.3,1.0,0.0,22.0,0.0,0.7,0.7,0.0,0.0,0.0,0.0,1.0,0.0,22.0,0.0,0.7,0.7,-9.3,-9.3,-9.3,-9.3,1.0,0.0,22.0,0.0,0.7,0.7,1005.1,1005.1,1005.1,1005.1,1.0,0.0,22.0,0.0,0.7,0.7,8.0,8.0,8.0,8.0,1.0,0.0,22.0,0.0,0.7,0.7,0.0,0.0,0.0,0.0,1.0,0.0,22.0,0.0,0.7,0.7,-86.5,-86.5,-86.5,-86.5,1.0,0.0,22.0,0.0,0.7,0.7,0.6,0.6,0.6,0.6,1.0,0.0,22.0,0.0,0.7,0.7,5.6,5.6,5.6,5.6,1.0,0.0,22.0,0.0,0.7,0.7,6.74,6.74,6.74,6.74,1.0,0.0,22.0,0.0,0.7,0.7,62.6,62.6,62.6,62.6,1.0,0.0,22.0,0.0,0.7,0.7,0.0,0.0,0.0,0.0,1.0,0.0,22.0,0.0,0.7,0.7,-254.8,-254.8,-254.8,-254.8,1.0,0.0,22.0,0.0,0.7,0.7,0.0,0.0,0.0,0.0,1.0,0.0,22.0,0.0,0.7,0.7,-159.2,-159.2,-159.2,-159.2,1.0,0.0,22.0,0.0,0.7,0.7,0.0,0.0,0.0,0.0,1.0,0.0,22.0,0.0,0.7,0.7,-62.6,-62.6,-62.6,-62.6,1.0,0.0,22.0,0.0,0.7,0.7,804.5,804.5,804.5,804.5,1.0,0.0,22.0,0.0,0.7,0.7,805.0,805.0,805.0,805.0,1.0,0.0,22.0,0.0,0.7,0.7
1974,2,184.0,-13.0,29.1,29.1,29.1,29.1,2.0,0.0,16.0,0.0,0.2,1.0,26.4,26.4,26.4,26.4,1.0,0.0,16.0,0.0,0.2,1.0,17.56,17.56,17.56,17.56,1.0,0.0,16.0,0.0,0.2,1.0,81.6,81.6,81.6,81.6,1.0,0.0,16.0,0.0,1.0,11.3,11.3,11.3,11.3,1.0,0.0,16.0,0.0,0.2,1.0,-5.65,-5.65,-5.65,-5.65,1.0,0.0,16.0,0.0,0.2,1.0,-9.79,-9.79,-9.79,-9.79,1.0,0.0,16.0,0.0,0.2,1.0,1010.4,1010.4,1010.4,1010.4,1.0,0.0,16.0,0.0,0.2,1.0,8.0,8.0,8.0,8.0,1.0,0.0,16.0,0.0,0.2,1.0,-63.8,-63.8,-63.8,-63.8,1.0,0.0,16.0,0.0,0.2,1.0,-110.6,-110.6,-110.6,-110.6,1.0,0.0,16.0,0.0,0.2,1.0,2.7,2.7,2.7,2.7,1.0,0.0,16.0,0.0,0.2,1.0,30.5,30.5,30.5,30.5,1.0,0.0,16.0,0.0,0.2,1.0,7.76,7.76,7.76,7.76,1.0,0.0,16.0,0.0,0.2,1.0,87.7,87.7,87.7,87.7,1.0,0.0,16.0,0.0,0.2,1.0,-149.2,-149.2,-149.2,-149.2,1.0,0.0,16.0,0.0,0.2,1.0,-258.4,-258.4,-258.4,-258.4,1.0,0.0,16.0,0.0,0.2,1.0,-99.2,-99.2,-99.2,-99.2,1.0,0.0,16.0,0.0,0.2,1.0,-171.8,-171.8,-171.8,-171.8,1.0,0.0,16.0,0.0,0.2,1.0,-43.8,-43.8,-43.8,-43.8,1.0,0.0,16.0,0.0,0.2,1.0,-75.9,-75.9,-75.9,-75.9,1.0,0.0,16.0,0.0,0.2,1.0,1443.0,1443.0,1443.0,1443.0,1.0,0.0,16.0,0.0,0.2,1.0,1445.0,1445.0,1445.0,1445.0,1.0,0.0,16.0,0.0,0.2,1.0
1974,2,184.0,-12.0,29.06,29.4,29.4,29.23,3.0,0.29,18.0,0.0,0.4,0.6,24.69,25.3,25.91,25.3,2.0,1.27,18.0,0.0,0.3,0.5,16.74,17.18,17.63,17.18,2.0,0.92,18.0,0.0,0.3,0.5,84.5,85.3,86.1,85.3,2.0,1.7,18.0,0.0,0.5,9.3,9.3,9.3,9.3,1.0,0.0,20.0,0.0,0.1,0.3,-3.18,-3.18,-3.18,-3.18,1.0,0.0,20.0,0.0,0.1,0.3,-8.74,-8.74,-8.74,-8.74,1.0,0.0,20.0,0.0,0.1,0.3,1009.8,1011.1,1012.4,1011.1,2.0,2.69,18.0,0.0,0.3,0.5,8.0,8.0,8.0,8.0,2.0,0.0,18.0,0.0,0.3,0.5,-29.6,-29.6,-29.6,-29.6,1.0,0.0,20.0,0.0,0.1,0.3,-81.3,-81.3,-81.3,-81.3,1.0,0.0,20.0,0.0,0.1,0.3,3.41,3.85,4.29,3.85,2.0,0.92,18.0,0.0,0.3,0.5,41.9,41.9,41.9,41.9,1.0,0.0,20.0,0.0,0.1,0.3,7.97,8.19,8.42,8.19,2.0,0.46,18.0,0.0,0.3,0.5,79.2,79.2,79.2,79.2,1.0,0.0,20.0,0.0,0.1,0.3,-77.6,-77.6,-77.6,-77.6,1.0,0.0,20.0,0.0,0.1,0.3,-213.2,-213.2,-213.2,-213.2,1.0,0.0,20.0,0.0,0.1,0.3,-52.6,-52.6,-52.6,-52.6,1.0,0.0,20.0,0.0,0.1,0.3,-144.4,-144.4,-144.4,-144.4,1.0,0.0,20.0,0.0,0.1,0.3,-27.1,-27.1,-27.1,-27.1,1.0,0.0,20.0,0.0,0.1,0.3,-74.5,-74.5,-74.5,-74.5,1.0,0.0,20.0,0.0,0.1,0.3,804.5,804.5,804.5,804.5,1.0,0.0,20.0,0.0,0.1,0.3,805.0,805.0,805.0,805.0,1.0,0.0,20.0,0.0,0.1,0.3
1974,2,184.0,-11.0,28.3,28.3,28.3,28.3,1.0,0.0,20.0,0.0,0.7,0.8,27.8,27.8,27.8,27.8,1.0,0.0,20.0,0.0,0.7,0.8,19.29,19.29,19.29,19.29,1.0,0.0,20.0,0.0,0.7,0.8,82.3,82.3,82.3,82.3,1.0,0.0,20.0,0.0,0.8,3.1,3.1,3.1,3.1,1.0,0.0,20.0,0.0,0.7,0.8,1.06,1.06,1.06,1.06,1.0,0.0,20.0,0.0,0.7,0.8,-2.91,-2.91,-2.91,-2.91,1.0,0.0,20.0,0.0,0.7,0.8,1007.7,1007.7,1007.7,1007.7,1.0,0.0,20.0,0.0,0.7,0.8,6.0,6.0,6.0,6.0,1.0,0.0,20.0,0.0,0.7,0.8,3.3,3.3,3.3,3.3,1.0,0.0,20.0,0.0,0.7,0.8,-9.0,-9.0,-9.0,-9.0,1.0,0.0,20.0,0.0,0.7,0.8,0.5,0.5,0.5,0.5,1.0,0.0,20.0,0.0,0.7,0.8,1.6,1.6,1.6,1.6,1.0,0.0,20.0,0.0,0.7,0.8,4.93,4.93,4.93,4.93,1.0,0.0,20.0,0.0,0.7,0.8,15.3,15.3,15.3,15.3,1.0,0.0,20.0,0.0,0.7,0.8,29.5,29.5,29.5,29.5,1.0,0.0,20.0,0.0,0.7,0.8,-81.0,-81.0,-81.0,-81.0,1.0,0.0,20.0,0.0,0.7,0.8,20.5,20.5,20.5,20.5,1.0,0.0,20.0,0.0,0.7,0.8,-56.2,-56.2,-56.2,-56.2,1.0,0.0,20.0,0.0,0.7,0.8,5.2,5.2,5.2,5.2,1.0,0.0,20.0,0.0,0.7,0.8,-14.4,-14.4,-14.4,-14.4,1.0,0.0,20.0,0.0,0.7,0.8,30.0,30.0,30.0,30.0,1.0,0.0,20.0,0.0,0.7,0.8,30.0,30.0,30.0,30.0,1.0,0.0,20.0,0.0,0.7,0.8
1974,2,184.0,-10.0,28.9,28.9,28.9,28.9,1.0,0.0,16.0,1.0,0.8,0.5,28.3,28.3,28.3,28.3,1.0,0.0,16.0,1.0,0.8,0.5,18.4,18.4,18.4,18.4,1.0,0.0,16.0,1.0,0.8,0.5,76.6,76.6,76.6,76.6,1.0,0.0,16.0,1.0,0.5,7.2,7.2,7.2,7.2,1.0,0.0,16.0,1.0,0.8,0.5,-6.24,-6.24,-6.24,-6.24,1.0,0.0,16.0,1.0,0.8,0.5,-3.6,-3.6,-3.6,-3.6,1.0,0.0,16.0,1.0,0.8,0.5,1012.5,1012.5,1012.5,1012.5,1.0,0.0,16.0,1.0,0.8,0.5,7.0,7.0,7.0,7.0,1.0,0.0,16.0,1.0,0.8,0.5,-44.9,-44.9,-44.9,-44.9,1.0,0.0,16.0,1.0,0.8,0.5,-25.9,-25.9,-25.9,-25.9,1.0,0.0,16.0,1.0,0.8,0.5,0.6,0.6,0.6,0.6,1.0,0.0,16.0,1.0,0.8,0.5,4.3,4.3,4.3,4.3,1.0,0.0,16.0,1.0,0.8,0.5,6.57,6.57,6.57,6.57,1.0,0.0,16.0,1.0,0.8,0.5,47.3,47.3,47.3,47.3,1.0,0.0,16.0,1.0,0.8,0.5,-176.5,-176.5,-176.5,-176.5,1.0,0.0,16.0,1.0,0.8,0.5,-101.9,-101.9,-101.9,-101.9,1.0,0.0,16.0,1.0,0.8,0.5,-114.7,-114.7,-114.7,-114.7,1.0,0.0,16.0,1.0,0.8,0.5,-66.2,-66.2,-66.2,-66.2,1.0,0.0,16.0,1.0,0.8,0.5,-41.0,-41.0,-41.0,-41.0,1.0,0.0,16.0,1.0,0.8,0.5,-23.7,-23.7,-23.7,-23.7,1.0,0.0,16.0,1.0,0.8,0.5,373.0,373.0,373.0,373.0,1.0,0.0,16.0,1.0,0.8,0.5,375.0,375.0,375.0,375.0,1.0,0.0,16.0,1.0,0.8,0.5
1974,2,184.0,-6.0,,,,,,,,,,,,,,,,,,,,,,,,,,,,,,,,,,,,,,,,8.2,8.2,8.2,8.2,1.0,0.0,18.0,1.0,0.5,0.2,-7.71,-7.71,-7.71,-7.71,1.0,0.0,18.0,1.0,0.5,0.2,-2.8,-2.8,-2.8,-2.8,1.0,0.0,18.0,1.0,0.5,0.2,1008.5,1008.5,1008.5,1008.5,1.0,0.0,18.0,1.0,0.5,0.2,,,,,,,,,,,,,,,,,,,,,,,,,,,,,,,,,,,,,,,,,,,,,,,,,,,,,,,,,,,,,,,,,,,,,,,,,,,,,,,,,,,,,,,,,,,,,,,,,,,,,,,,,,,,,,,,,,,,,,,,,,,,,,,,,,,,,,,,,,,,,,,,,,,,,,
1974,2,184.0,-1.0,25.6,25.6,25.6,25.6,1.0,0.0,6.0,1.0,0.4,0.3,25.6,25.6,25.6,25.6,1.0,0.0,6.0,1.0,0.4,0.3,16.85,16.85,16.85,16.85,1.0,0.0,6.0,1.0,0.4,0.3,82.0,82.0,82.0,82.0,1.0,0.0,6.0,1.0,0.3,7.7,7.7,7.7,7.7,1.0,0.0,6.0,1.0,0.4,0.3,-7.7,-7.7,-7.7,-7.7,1.0,0.0,6.0,1.0,0.4,0.3,0.0,0.0,0.0,0.0,1.0,0.0,6.0,1.0,0.4,0.3,1008.5,1008.5,1008.5,1008.5,1.0,0.0,6.0,1.0,0.4,0.3,5.0,5.0,5.0,5.0,1.0,0.0,6.0,1.0,0.4,0.3,-59.3,-59.3,-59.3,-59.3,1.0,0.0,6.0,1.0,0.4,0.3,0.0,0.0,0.0,0.0,1.0,0.0,6.0,1.0,0.4,0.3,0.0,0.0,0.0,0.0,1.0,0.0,6.0,1.0,0.4,0.3,0.0,0.0,0.0,0.0,1.0,0.0,6.0,1.0,0.4,0.3,3.75,3.75,3.75,3.75,1.0,0.0,6.0,1.0,0.4,0.3,28.9,28.9,28.9,28.9,1.0,0.0,6.0,1.0,0.4,0.3,-197.1,-197.1,-197.1,-197.1,1.0,0.0,6.0,1.0,0.4,0.3,0.0,0.0,0.0,0.0,1.0,0.0,6.0,1.0,0.4,0.3,-129.7,-129.7,-129.7,-129.7,1.0,0.0,6.0,1.0,0.4,0.3,0.0,0.0,0.0,0.0,1.0,0.0,6.0,1.0,0.4,0.3,-28.9,-28.9,-28.9,-28.9,1.0,0.0,6.0,1.0,0.4,0.3,0.0,0.0,0.0,0.0,1.0,0.0,6.0,1.0,0.4,0.3,456.5,456.5,456.5,456.5,1.0,0.0,6.0,1.0,0.4,0.3,455.0,455.0,455.0,455.0,1.0,0.0,6.0,1.0,0.4,0.3
1974,2,184.0,0.0,27.0,27.0,27.0,27.0,1.0,0.0,28.0,1.0,0.9,0.6,25.0,25.2,25.4,25.19,12.0,0.19,28.0,0.2,0.5,0.1,16.55,16.56,17.32,16.75,9.0,0.75,28.0,0.2,0.5,0.1,81.6,82.4,87.4,83.6,9.0,4.5,28.0,0.2,0.1,8.0,8.7,10.0,8.56,9.0,1.55,28.0,0.2,0.5,0.1,-9.85,-8.57,-8.0,-8.48,9.0,1.54,28.0,0.2,0.5,0.1,-1.68,0.0,0.0,-0.61,9.0,0.98,28.0,0.2,0.5,0.1,1006.85,1007.7,1008.05,1007.57,9.0,0.84,28.0,0.2,0.5,0.1,0.0,0.5,2.3,1.3,12.0,2.1,28.0,0.2,0.5,0.1,-98.5,-74.5,-64.0,-74.7,9.0,23.8,28.0,0.2,0.5,0.1,-16.2,0.0,0.0,-6.1,9.0,8.6,28.0,0.2,0.5,0.1,2.0,2.0,2.0,2.0,1.0,0.0,28.0,1.0,0.9,0.6,10.2,10.2,10.2,10.2,1.0,0.0,28.0,1.0,0.9,0.6,4.15,4.15,4.15,4.15,1.0,0.0,28.0,1.0,0.9,0.6,21.2,21.2,21.2,21.2,1.0,0.0,28.0,1.0,0.9,0.6,-250.3,-217.6,-199.8,-213.8,9.0,39.6,28.0,0.2,0.5,0.1,-42.3,0.0,0.0,-15.5,9.0,24.8,28.0,0.2,0.5,0.1,-160.5,-142.1,-132.4,-141.3,9.0,22.1,28.0,0.2,0.5,0.1,-26.5,0.0,0.0,-10.0,9.0,16.5,28.0,0.2,0.5,0.1,-20.8,-20.8,-20.8,-20.8,1.0,0.0,28.0,1.0,0.9,0.6,3.7,3.7,3.7,3.7,1.0,0.0,28.0,1.0,0.9,0.6,512.0,658.5,1000.0,677.5,9.0,292.0,28.0,0.2,0.5,0.1,510.0,660.0,1000.0,675.0,9.0,290.0,28.0,0.2,0.5,0.1
1974,2,184.0,4.0,,,,,,,,,,,,,,,,,,,,,,,,,,,,,,,,,,,,,,,,5.1,5.1,5.1,5.1,1.0,0.0,10.0,1.0,0.6,0.6,-4.42,-4.42,-4.42,-4.42,1.0,0.0,10.0,1.0,0.6,0.6,-2.55,-2.55,-2.55,-2.55,1.0,0.0,10.0,1.0,0.6,0.6,1008.2,1008.2,1008.2,1008.2,1.0,0.0,10.0,1.0,0.6,0.6,7.0,7.0,7.0,7.0,1.0,0.0,10.0,1.0,0.6,0.6,-22.5,-22.5,-22.5,-22.5,1.0,0.0,10.0,1.0,0.6,0.6,-13.0,-13.0,-13.0,-13.0,1.0,0.0,10.0,1.0,0.6,0.6,,,,,,,,,,,,,,,,,,,,,,,,,,,,,,,,,,,,,,,,,-116.6,-116.6,-116.6,-116.6,1.0,0.0,10.0,1.0,0.6,0.6,-67.3,-67.3,-67.3,-67.3,1.0,0.0,10.0,1.0,0.6,0.6,-79.1,-79.1,-79.1,-79.1,1.0,0.0,10.0,1.0,0.6,0.6,-45.7,-45.7,-45.7,-45.7,1.0,0.0,10.0,1.0,0.6,0.6,,,,,,,,,,,,,,,,,,,,,,,,,,,,,,,,,,,,,,,,
1974,2,184.0,10.0,27.2,27.2,27.2,27.2,1.0,0.0,14.0,0.0,0.8,0.2,25.7,25.7,25.7,25.7,1.0,0.0,14.0,0.0,0.8,0.2,17.58,17.58,17.58,17.58,1.0,0.0,14.0,0.0,0.8,0.2,85.1,85.1,85.1,85.1,1.0,0.0,14.0,0.0,0.2,7.7,7.7,7.7,7.7,1.0,0.0,14.0,0.0,0.8,0.2,-6.67,-6.67,-6.67,-6.67,1.0,0.0,14.0,0.0,0.8,0.2,-3.85,-3.85,-3.85,-3.85,1.0,0.0,14.0,0.0,0.8,0.2,1009.0,1009.0,1009.0,1009.0,1.0,0.0,14.0,0.0,0.8,0.2,3.0,3.0,3.0,3.0,1.0,0.0,14.0,0.0,0.8,0.2,-51.3,-51.3,-51.3,-51.3,1.0,0.0,14.0,0.0,0.8,0.2,-29.6,-29.6,-29.6,-29.6,1.0,0.0,14.0,0.0,0.8,0.2,1.5,1.5,1.5,1.5,1.0,0.0,14.0,0.0,0.8,0.2,11.6,11.6,11.6,11.6,1.0,0.0,14.0,0.0,0.8,0.2,5.08,5.08,5.08,5.08,1.0,0.0,14.0,0.0,0.8,0.2,39.1,39.1,39.1,39.1,1.0,0.0,14.0,0.0,0.8,0.2,-171.4,-171.4,-171.4,-171.4,1.0,0.0,14.0,0.0,0.8,0.2,-98.9,-98.9,-98.9,-98.9,1.0,0.0,14.0,0.0,0.8,0.2,-117.2,-117.2,-117.2,-117.2,1.0,0.0,14.0,0.0,0.8,0.2,-67.7,-67.7,-67.7,-67.7,1.0,0.0,14.0,0.0,0.8,0.2,-33.8,-33.8,-33.8,-33.8,1.0,0.0,14.0,0.0,0.8,0.2,-19.5,-19.5,-19.5,-19.5,1.0,0.0,14.0,0.0,0.8,0.2,456.5,456.5,456.5,456.5,1.0,0.0,14.0,0.0,0.8,0.2,455.0,455.0,455.0,455.0,1.0,0.0,14.0,0.0,0.8,0.2
1974,2,184.0,14.0,25.0,25.0,25.0,25.0,1.0,0.0,28.0,1.0,0.1,0.9,27.8,27.8,27.8,27.8,1.0,0.0,28.0,1.0,0.1,0.9,19.7,19.7,19.7,19.7,1.0,0.0,28.0,1.0,0.1,0.9,84.3,84.3,84.3,84.3,1.0,0.0,28.0,1.0,0.9,8.2,8.2,8.2,8.2,1.0,0.0,28.0,1.0,0.1,0.9,-8.2,-8.2,-8.2,-8.2,1.0,0.0,28.0,1.0,0.1,0.9,0.0,0.0,0.0,0.0,1.0,0.0,28.0,1.0,0.1,0.9,1011.0,1011.0,1011.0,1011.0,1.0,0.0,28.0,1.0,0.1,0.9,4.0,4.0,4.0,4.0,1.0,0.0,28.0,1.0,0.1,0.9,-67.2,-67.2,-67.2,-67.2,1.0,0.0,28.0,1.0,0.1,0.9,0.0,0.0,0.0,0.0,1.0,0.0,28.0,1.0,0.1,0.9,-2.8,-2.8,-2.8,-2.8,1.0,0.0,28.0,1.0,0.1,0.9,-23.0,-23.0,-23.0,-23.0,1.0,0.0,28.0,1.0,0.1,0.9,0.12,0.12,0.12,0.12,1.0,0.0,28.0,1.0,0.1,0.9,1.0,1.0,1.0,1.0,1.0,0.0,28.0,1.0,0.1,0.9,-228.0,-228.0,-228.0,-228.0,1.0,0.0,28.0,1.0,0.1,0.9,0.0,0.0,0.0,0.0,1.0,0.0,28.0,1.0,0.1,0.9,-161.5,-161.5,-161.5,-161.5,1.0,0.0,28.0,1.0,0.1,0.9,0.0,0.0,0.0,0.0,1.0,0.0,28.0,1.0,0.1,0.9,-1.0,-1.0,-1.0,-1.0,1.0,0.0,28.0,1.0,0.1,0.9,0.0,0.0,0.0,0.0,1.0,0.0,28.0,1.0,0.1,0.9,551.5,551.5,551.5,551.5,1.0,0.0,28.0,1.0,0.1,0.9,550.0,550.0,550.0,550.0,1.0,0.0,28.0,1.0,0.1,0.9
1974,2,184.0,15.0,25.0,25.0,25.0,25.0,1.0,0.0,2.0,1.0,0.9,0.7,23.8,23.8,23.8,23.8,1.0,0.0,2.0,1.0,0.9,0.7,13.81,13.81,13.81,13.81,1.0,0.0,2.0,1.0,0.9,0.7,75.4,75.4,75.4,75.4,1.0,0.0,2.0,1.0,0.7,7.7,7.7,7.7,7.7,1.0,0.0,2.0,1.0,0.9,0.7,-5.9,-5.9,-5.9,-5.9,1.0,0.0,2.0,1.0,0.9,0.7,-4.95,-4.95,-4.95,-4.95,1.0,0.0,2.0,1.0,0.9,0.7,1014.7,1014.7,1014.7,1014.7,1.0,0.0,2.0,1.0,0.9,0.7,7.0,7.0,7.0,7.0,1.0,0.0,2.0,1.0,0.9,0.7,-45.4,-45.4,-45.4,-45.4,1.0,0.0,2.0,1.0,0.9,0.7,-38.1,-38.1,-38.1,-38.1,1.0,0.0,2.0,1.0,0.9,0.7,1.2,1.2,1.2,1.2,1.0,0.0,2.0,1.0,0.9,0.7,9.2,9.2,9.2,9.2,1.0,0.0,2.0,1.0,0.9,0.7,5.93,5.93,5.93,5.93,1.0,0.0,2.0,1.0,0.9,0.7,45.7,45.7,45.7,45.7,1.0,0.0,2.0,1.0,0.9,0.7,-140.4,-140.4,-140.4,-140.4,1.0,0.0,2.0,1.0,0.9,0.7,-117.8,-117.8,-117.8,-117.8,1.0,0.0,2.0,1.0,0.9,0.7,-81.5,-81.5,-81.5,-81.5,1.0,0.0,2.0,1.0,0.9,0.7,-68.3,-68.3,-68.3,-68.3,1.0,0.0,2.0,1.0,0.9,0.7,-35.0,-35.0,-35.0,-35.0,1.0,0.0,2.0,1.0,0.9,0.7,-29.4,-29.4,-29.4,-29.4,1.0,0.0,2.0,1.0,0.9,0.7,456.5,456.5,456.5,456.5,1.0,0.0,2.0,1.0,0.9,0.7,455.0,455.0,455.0,455.0,1.0,0.0,2.0,1.0,0.9,0.7
1974,2,184.0,16.0,25.0,25.0,25.0,25.0,1.0,0.0,10.0,0.0,0.2,0.3,25.82,26.3,26.78,26.3,2.0,0.99,16.0,0.5,0.3,0.5,16.3,16.3,16.3,16.3,1.0,0.0,10.0,0.0,0.2,0.3,79.5,79.5,79.5,79.5,1.0,0.0,10.0,0.0,0.3,5.32,7.95,10.58,7.95,2.0,5.44,16.0,0.5,0.3,0.5,-9.98,-7.59,-5.21,-7.59,2.0,4.94,16.0,0.5,0.3,0.5,-3.4,-2.02,-0.64,-2.02,2.0,2.85,16.0,0.5,0.3,0.5,1011.0,1011.0,1011.0,1011.0,1.0,0.0,10.0,0.0,0.2,0.3,3.5,4.5,5.5,4.5,2.0,2.1,16.0,0.5,0.3,0.5,-112.7,-73.8,-34.9,-73.8,2.0,80.6,16.0,0.5,0.3,0.5,-40.1,-23.8,-7.6,-23.8,2.0,33.7,16.0,0.5,0.3,0.5,-0.6,-0.6,-0.6,-0.6,1.0,0.0,10.0,0.0,0.2,0.3,-7.1,-7.1,-7.1,-7.1,1.0,0.0,10.0,0.0,0.2,0.3,3.52,3.52,3.52,3.52,1.0,0.0,10.0,0.0,0.2,0.3,41.5,41.5,41.5,41.5,1.0,0.0,10.0,0.0,0.2,0.3,-256.4,-197.3,-138.2,-197.3,2.0,122.4,16.0,0.5,0.3,0.5,-86.9,-51.7,-16.4,-51.7,2.0,73.1,16.0,0.5,0.3,0.5,-180.7,-180.7,-180.7,-180.7,1.0,0.0,10.0,0.0,0.2,0.3,-65.8,-65.8,-65.8,-65.8,1.0,0.0,10.0,0.0,0.2,0.3,-39.0,-39.0,-39.0,-39.0,1.0,0.0,10.0,0.0,0.2,0.3,-14.2,-14.2,-14.2,-14.2,1.0,0.0,10.0,0.0,0.2,0.3,318.5,856.0,1393.0,856.0,2.0,1113.0,16.0,0.5,0.3,0.5,320.0,855.0,1395.0,855.0,2.0,1115.0,16.0,0.5,0.3,0.5
1974,2,184.0,18.0,26.53,26.6,26.67,26.6,2.0,0.14,16.0,1.0,0.4,0.3,27.1,27.6,28.52,27.8,4.0,0.91,16.0,1.0,0.5,0.3,16.87,17.71,18.55,17.71,2.0,1.74,16.0,1.0,0.4,0.3,68.8,75.1,81.3,75.1,2.0,12.9,16.0,1.0,0.3,4.05,5.1,5.94,5.0,4.0,1.47,16.0,1.0,0.5,0.3,-4.72,-4.11,-3.48,-4.1,4.0,0.83,16.0,1.0,0.5,0.3,0.0,1.64,4.25,2.1,4.0,2.54,16.0,1.0,0.5,0.3,1012.3,1012.95,1013.6,1012.95,2.0,1.34,16.0,1.0,0.4,0.3,2.5,3.5,5.0,3.8,4.0,1.7,16.0,1.0,0.5,0.3,-27.5,-23.0,-14.5,-21.1,4.0,8.5,16.0,1.0,0.5,0.3,0.0,8.4,26.0,12.8,4.0,16.4,16.0,1.0,0.5,0.3,-2.18,-1.5,-0.82,-1.5,2.0,1.41,16.0,1.0,0.4,0.3,-6.9,-5.1,-3.4,-5.1,2.0,3.7,16.0,1.0,0.4,0.3,3.3,4.06,4.83,4.06,2.0,1.58,16.0,1.0,0.4,0.3,15.2,15.5,15.9,15.5,2.0,0.7,16.0,1.0,0.4,0.3,-129.6,-113.4,-97.7,-113.6,4.0,20.4,16.0,1.0,0.5,0.3,0.0,44.6,117.7,58.2,4.0,70.8,16.0,1.0,0.5,0.3,-70.4,-62.5,-54.7,-62.5,2.0,16.2,16.0,1.0,0.4,0.3,9.9,31.0,52.2,31.0,2.0,43.9,16.0,1.0,0.4,0.3,-15.3,-13.8,-12.2,-13.8,2.0,3.2,16.0,1.0,0.4,0.3,1.5,4.8,8.1,4.8,2.0,6.8,16.0,1.0,0.4,0.3,79.0,132.5,220.5,149.0,4.0,112.0,16.0,1.0,0.5,0.3,80.0,135.0,220.0,150.0,4.0,110.0,16.0,1.0,0.5,0.3
1974,2,184.0,19.0,26.7,26.7,26.7,26.7,1.0,0.0,24.0,0.0,0.3,0.2,23.3,23.3,23.3,23.3,1.0,0.0,24.0,0.0,0.3,0.2,14.2,14.2,14.2,14.2,1.0,0.0,24.0,0.0,0.3,0.2,79.2,79.2,79.2,79.2,1.0,0.0,24.0,0.0,0.2,8.2,8.2,8.2,8.2,1.0,0.0,24.0,0.0,0.3,0.2,-6.28,-6.28,-6.28,-6.28,1.0,0.0,24.0,0.0,0.3,0.2,-5.27,-5.27,-5.27,-5.27,1.0,0.0,24.0,0.0,0.3,0.2,1005.5,1005.5,1005.5,1005.5,1.0,0.0,24.0,0.0,0.3,0.2,2.0,2.0,2.0,2.0,1.0,0.0,24.0,0.0,0.3,0.2,-51.5,-51.5,-51.5,-51.5,1.0,0.0,24.0,0.0,0.3,0.2,-43.2,-43.2,-43.2,-43.2,1.0,0.0,24.0,0.0,0.3,0.2,3.4,3.4,3.4,3.4,1.0,0.0,24.0,0.0,0.3,0.2,27.9,27.9,27.9,27.9,1.0,0.0,24.0,0.0,0.3,0.2,7.87,7.87,7.87,7.87,1.0,0.0,24.0,0.0,0.3,0.2,64.5,64.5,64.5,64.5,1.0,0.0,24.0,0.0,0.3,0.2,-146.4,-146.4,-146.4,-146.4,1.0,0.0,24.0,0.0,0.3,0.2,-122.8,-122.8,-122.8,-122.8,1.0,0.0,24.0,0.0,0.3,0.2,-89.2,-89.2,-89.2,-89.2,1.0,0.0,24.0,0.0,0.3,0.2,-74.8,-74.8,-74.8,-74.8,1.0,0.0,24.0,0.0,0.3,0.2,-49.4,-49.4,-49.4,-49.4,1.0,0.0,24.0,0.0,0.3,0.2,-41.5,-41.5,-41.5,-41.5,1.0,0.0,24.0,0.0,0.3,0.2,551.5,551.5,551.5,551.5,1.0,0.0,24.0,0.0,0.3,0.2,550.0,550.0,550.0,550.0,1.0,0.0,24.0,0.0,0.3,0.2
1974,2,184.0,20.0,25.0,25.0,25.0,25.0,2.0,0.0,20.0,0.5,0.8,0.8,22.96,23.3,23.71,23.33,3.0,0.55,14.0,0.3,0.6,0.6,14.29,14.65,15.35,14.82,3.0,0.79,14.0,0.3,0.6,0.6,82.2,82.2,84.0,83.1,3.0,1.5,14.0,0.3,0.6,3.42,4.1,4.78,4.1,3.0,1.0,14.0,0.3,0.6,0.6,-4.14,-3.55,0.96,-1.64,3.0,4.09,14.0,0.3,0.6,0.6,0.28,2.05,2.39,1.35,3.0,1.66,14.0,0.3,0.6,0.6,1012.16,1012.5,1015.5,1013.8,3.0,2.7,14.0,0.3,0.6,0.6,1.6,3.0,6.4,4.0,3.0,3.6,14.0,0.3,0.6,0.6,-20.0,-14.6,1.8,-9.2,3.0,16.7,14.0,0.3,0.6,0.6,1.5,8.4,11.5,6.6,3.0,7.5,14.0,0.3,0.6,0.6,1.78,1.95,2.12,1.95,2.0,0.35,20.0,0.5,0.8,0.8,6.2,8.2,10.3,8.2,2.0,4.2,20.0,0.5,0.8,0.8,5.21,5.36,5.5,5.36,2.0,0.3,20.0,0.5,0.8,0.8,17.9,22.2,26.4,22.2,2.0,8.8,20.0,0.5,0.8,0.8,-95.7,-84.9,21.6,-38.1,3.0,95.0,14.0,0.3,0.6,0.6,7.0,49.0,55.2,31.5,3.0,38.4,14.0,0.3,0.6,0.6,-60.3,-55.7,12.9,-24.5,3.0,60.0,14.0,0.3,0.6,0.6,4.8,32.1,34.8,20.1,3.0,24.3,14.0,0.3,0.6,0.6,-18.2,-4.4,9.3,-4.4,2.0,28.5,20.0,0.5,0.8,0.8,-0.1,5.7,11.5,5.7,2.0,12.0,20.0,0.5,0.8,0.8,42.0,69.0,112.5,77.0,3.0,52.0,14.0,0.3,0.6,0.6,40.0,70.0,110.0,75.0,3.0,50.0,14.0,0.3,0.6,0.6
1974,2,184.0,21.0,24.62,25.0,26.41,25.38,11.0,1.18,22.0,0.6,0.5,0.7,23.38,24.5,26.15,24.73,11.0,1.28,22.0,0.6,0.5,0.7,15.0,16.23,16.92,15.81,11.0,1.56,22.0,0.6,0.5,0.7,77.9,81.7,86.2,81.3,11.0,5.4,22.0,0.6,0.7,4.6,6.7,8.83,7.14,10.0,2.98,22.0,0.7,0.5,0.7,-8.45,-4.92,-2.03,-5.71,10.0,3.9,22.0,0.7,0.5,0.7,-0.77,2.97,4.7,2.21,10.0,2.93,22.0,0.7,0.5,0.7,1009.79,1012.5,1016.03,1012.95,11.0,2.98,22.0,0.6,0.5,0.7,3.2,7.0,7.4,5.5,11.0,2.4,22.0,0.6,0.5,0.7,-74.8,-32.2,-8.8,-50.8,10.0,55.9,22.0,0.7,0.5,0.7,-13.8,16.4,27.8,10.0,10.0,23.4,22.0,0.7,0.5,0.7,-0.64,0.5,1.5,0.65,11.0,1.5,22.0,0.6,0.5,0.7,-1.9,5.9,16.9,6.6,10.0,9.4,22.0,0.7,0.5,0.7,3.04,4.4,6.11,4.47,11.0,1.67,22.0,0.6,0.5,0.7,14.5,32.0,53.9,33.7,10.0,19.6,22.0,0.7,0.5,0.7,-212.6,-117.8,-52.4,-139.9,10.0,95.5,22.0,0.7,0.5,0.7,-19.7,74.2,115.5,53.4,10.0,73.3,22.0,0.7,0.5,0.7,-131.9,-77.7,-34.2,-88.2,10.0,61.3,22.0,0.7,0.5,0.7,-13.6,44.4,77.9,34.9,10.0,48.2,22.0,0.7,0.5,0.7,-50.6,-19.7,-6.3,-27.1,10.0,22.4,22.0,0.7,0.5,0.7,-3.6,8.1,17.9,8.9,10.0,15.5,22.0,0.7,0.5,0.7,97.5,306.0,696.0,560.0,10.0,786.5,22.0,0.7,0.5,0.7,95.0,305.0,695.0,560.0,10.0,785.0,22.0,0.7,0.5,0.7
1974,2,184.0,22.0,24.19,24.8,25.25,24.68,11.0,1.21,22.0,0.3,0.5,0.5,21.06,24.1,25.77,23.74,11.0,2.24,22.0,0.3,0.5,0.5,13.76,14.63,15.52,14.49,11.0,1.16,22.0,0.3,0.5,0.5,71.8,77.2,88.0,79.6,11.0,8.7,22.0,0.3,0.5,3.89,5.1,8.41,6.06,11.0,2.24,22.0,0.3,0.5,0.5,-8.06,-5.02,-3.47,-5.04,11.0,3.38,22.0,0.3,0.5,0.5,-1.36,1.4,2.28,0.7,11.0,2.35,22.0,0.3,0.5,0.5,1012.84,1014.1,1016.62,1014.45,11.0,2.45,22.0,0.3,0.5,0.5,2.2,6.0,7.4,4.9,11.0,2.6,22.0,0.3,0.5,0.5,-69.7,-25.6,-14.3,-36.3,11.0,29.6,22.0,0.3,0.5,0.5,-7.6,5.7,13.3,2.7,11.0,18.5,22.0,0.3,0.5,0.5,-0.32,0.4,3.94,0.95,11.0,2.46,22.0,0.3,0.5,0.5,-2.3,1.8,24.7,6.0,11.0,19.3,22.0,0.3,0.5,0.5,4.03,5.14,6.25,4.93,11.0,1.94,22.0,0.3,0.5,0.5,16.6,33.1,42.1,28.7,11.0,14.3,22.0,0.3,0.5,0.5,-182.0,-136.6,-81.4,-118.9,11.0,78.0,22.0,0.3,0.5,0.5,-31.7,30.2,53.9,18.1,11.0,53.4,22.0,0.3,0.5,0.5,-117.5,-77.4,-49.5,-72.9,11.0,49.2,22.0,0.3,0.5,0.5,-18.6,19.4,33.6,10.4,11.0,34.0,22.0,0.3,0.5,0.5,-40.2,-31.1,-8.6,-23.6,11.0,18.6,22.0,0.3,0.5,0.5,-4.9,6.9,10.5,3.4,11.0,11.8,22.0,0.3,0.5,0.5,59.5,132.5,595.5,308.0,11.0,282.5,22.0,0.3,0.5,0.5,60.0,135.0,595.0,310.0,11.0,285.0,22.0,0.3,0.5,0.5
1974,2,184.0,23.0,23.37,24.0,25.13,24.18,12.0,0.94,16.0,0.3,0.5,0.4,21.79,23.5,25.71,23.72,11.0,1.87,16.0,0.4,0.5,0.5,12.84,14.46,15.6,14.37,11.0,1.53,16.0,0.4,0.5,0.5,69.0,78.1,91.2,79.4,11.0,11.7,16.0,0.4,0.5,4.89,5.7,9.07,6.59,11.0,2.27,16.0,0.4,0.5,0.5,-6.03,-4.79,-2.56,-4.23,11.0,2.66,16.0,0.4,0.5,0.5,-0.58,1.74,5.04,1.53,11.0,4.86,16.0,0.4,0.5,0.5,1012.6,1015.6,1017.91,1015.05,11.0,3.21,16.0,0.4,0.5,0.5,1.6,6.0,7.4,4.5,11.0,2.8,16.0,0.4,0.5,0.5,-49.4,-24.4,-11.6,-26.9,11.0,24.7,16.0,0.4,0.5,0.5,-2.4,8.9,32.5,8.4,11.0,47.4,16.0,0.4,0.5,0.5,-1.42,0.5,2.38,0.44,11.0,1.92,16.0,0.4,0.5,0.5,-7.8,2.3,17.5,4.1,11.0,14.7,16.0,0.4,0.5,0.5,2.97,4.89,5.97,4.4,11.0,1.62,16.0,0.4,0.5,0.5,17.2,30.7,42.8,29.8,11.0,15.4,16.0,0.4,0.5,0.5,-152.2,-108.8,-59.0,-101.4,11.0,62.1,16.0,0.4,0.5,0.5,-12.5,39.6,129.8,40.5,11.0,109.2,16.0,0.4,0.5,0.5,-90.1,-72.3,-33.1,-61.4,11.0,38.0,16.0,0.4,0.5,0.5,-8.8,23.3,75.1,24.0,11.0,67.5,16.0,0.4,0.5,0.5,-31.9,-20.6,-4.9,-18.0,11.0,14.1,16.0,0.4,0.5,0.5,-1.7,10.5,26.1,6.9,11.0,24.6,16.0,0.4,0.5,0.5,118.0,185.0,775.0,387.5,11.0,415.0,16.0,0.4,0.5,0.5,120.0,185.0,775.0,390.0,11.0,415.0,16.0,0.4,0.5,0.5
1974,2,184.0,24.0,22.5,23.65,24.0,23.38,16.0,0.98,14.0,0.3,0.6,0.2,21.86,23.0,24.38,23.02,17.0,1.25,14.0,0.3,0.6,0.3,12.96,14.5,15.06,14.29,15.0,1.08,14.0,0.3,0.6,0.3,77.5,81.1,87.1,82.2,15.0,6.2,14.0,0.3,0.3,5.1,7.7,9.3,7.41,17.0,1.98,14.0,0.3,0.6,0.3,-6.63,-3.91,4.95,-1.6,17.0,5.44,14.0,0.3,0.6,0.3,-2.53,1.42,5.49,0.67,17.0,5.43,14.0,0.3,0.6,0.3,1011.97,1016.8,1018.14,1015.54,17.0,3.46,14.0,0.3,0.6,0.3,4.0,6.0,7.6,5.6,16.0,2.0,14.0,0.3,0.6,0.2,-53.1,-18.3,26.7,-11.6,17.0,41.7,14.0,0.3,0.6,0.3,-20.0,8.9,48.6,2.6,17.0,50.9,14.0,0.3,0.6,0.3,-1.32,0.25,2.06,0.36,16.0,1.6,14.0,0.3,0.6,0.2,-9.6,2.3,11.6,2.3,16.0,11.9,14.0,0.3,0.6,0.2,2.17,3.49,5.25,3.57,15.0,1.47,14.0,0.3,0.6,0.3,16.9,26.3,32.3,26.5,15.0,13.1,14.0,0.3,0.6,0.3,-152.6,-86.0,118.9,-37.0,17.0,126.6,14.0,0.3,0.6,0.3,-55.7,34.2,130.1,17.5,17.0,121.8,14.0,0.3,0.6,0.3,-94.4,-51.3,64.0,-24.2,15.0,76.1,14.0,0.3,0.6,0.3,-47.9,20.6,95.5,12.0,15.0,79.5,14.0,0.3,0.6,0.3,-23.7,-13.6,9.4,-8.9,15.0,19.2,14.0,0.3,0.6,0.3,-9.4,2.0,16.0,0.7,15.0,21.7,14.0,0.3,0.6,0.3,132.5,456.5,804.5,487.5,17.0,337.0,14.0,0.3,0.6,0.3,135.0,455.0,805.0,485.0,17.0,335.0,14.0,0.3,0.6,0.3
1974,2,184.0,25.0,21.58,23.9,23.99,23.13,8.0,1.51,8.0,0.1,0.5,0.4,20.17,22.15,22.73,21.89,8.0,1.64,8.0,0.1,0.5,0.4,10.56,11.32,14.02,11.81,8.0,2.05,8.0,0.1,0.5,0.4,63.7,72.5,82.1,72.3,8.0,9.3,8.0,0.1,0.4,5.28,7.45,15.12,9.25,8.0,4.65,8.0,0.1,0.5,0.4,-13.2,-7.15,-0.4,-6.68,8.0,6.24,8.0,0.1,0.5,0.4,-4.36,-0.58,6.85,-0.16,8.0,5.43,8.0,0.1,0.5,0.4,1014.92,1017.75,1018.89,1017.4,8.0,1.91,8.0,0.1,0.5,0.4,5.0,5.5,6.9,5.5,8.0,1.3,8.0,0.1,0.5,0.4,-200.0,-51.7,-1.4,-83.4,8.0,91.9,8.0,0.1,0.5,0.4,-48.3,-3.9,105.4,12.6,8.0,68.9,8.0,0.1,0.5,0.4,-1.77,1.8,3.08,1.24,8.0,2.77,8.0,0.1,0.5,0.4,-5.9,20.4,34.9,15.5,8.0,22.0,8.0,0.1,0.5,0.4,1.81,7.73,7.91,5.82,8.0,3.04,8.0,0.1,0.5,0.4,12.7,48.3,119.3,61.3,8.0,47.5,8.0,0.1,0.5,0.4,-291.1,-167.6,-9.1,-149.3,8.0,134.8,8.0,0.1,0.5,0.4,-89.9,-14.5,152.0,-0.1,8.0,116.2,8.0,0.1,0.5,0.4,-139.7,-99.7,-5.6,-79.2,8.0,65.2,8.0,0.1,0.5,0.4,-45.9,-8.4,72.3,-2.6,8.0,58.8,8.0,0.1,0.5,0.4,-104.1,-24.0,-0.4,-41.1,8.0,53.0,8.0,0.1,0.5,0.4,-33.6,-0.8,54.1,-0.1,8.0,42.5,8.0,0.1,0.5,0.4,151.5,415.0,3485.5,1345.0,8.0,1570.5,8.0,0.1,0.5,0.4,150.0,415.0,3485.0,1345.0,8.0,1570.0,8.0,0.1,0.5,0.4
1974,2,184.0,26.0,20.85,22.2,23.18,21.8,11.0,1.46,14.0,0.4,0.5,0.5,18.3,21.1,21.61,20.37,13.0,1.8,14.0,0.3,0.6,0.5,8.17,11.71,14.48,11.66,12.0,2.7,14.0,0.3,0.6,0.6,64.5,80.3,91.2,78.2,12.0,11.9,14.0,0.3,0.6,2.6,5.1,12.3,6.01,13.0,4.21,14.0,0.3,0.6,0.5,-4.19,-1.3,4.92,-0.42,13.0,5.66,14.0,0.3,0.6,0.5,-7.32,0.0,2.02,-1.29,13.0,4.78,14.0,0.3,0.6,0.5,1014.59,1015.7,1020.07,1016.94,13.0,2.99,14.0,0.3,0.6,0.5,1.0,4.0,6.0,3.8,13.0,2.0,14.0,0.3,0.6,0.5,-26.4,-3.4,28.4,-1.4,13.0,64.2,14.0,0.3,0.6,0.5,-63.7,0.0,5.2,-19.1,13.0,48.1,14.0,0.3,0.6,0.5,0.0,1.1,4.0,1.4,11.0,2.35,14.0,0.4,0.5,0.5,0.0,4.2,41.3,14.0,11.0,25.9,14.0,0.4,0.5,0.5,1.48,3.19,8.65,4.36,10.0,3.35,12.0,0.3,0.5,0.5,3.8,15.5,93.6,36.8,10.0,46.3,12.0,0.3,0.5,0.5,-74.8,-28.1,101.6,-10.3,13.0,114.3,14.0,0.3,0.6,0.5,-130.8,0.0,42.7,-20.3,13.0,93.3,14.0,0.3,0.6,0.5,-36.1,-12.2,59.2,3.5,12.0,43.2,14.0,0.3,0.6,0.6,-62.8,0.0,30.5,-6.4,12.0,50.6,14.0,0.3,0.6,0.6,-15.1,-2.2,49.8,9.8,10.0,37.0,12.0,0.3,0.5,0.5,-74.3,1.5,3.3,-23.2,10.0,39.8,12.0,0.3,0.5,0.5,17.5,132.5,1861.0,550.5,13.0,818.5,14.0,0.3,0.6,0.5,20.0,135.0,1860.0,550.0,13.0,820.0,14.0,0.3,0.6,0.5
1974,2,184.0,27.0,19.49,21.0,22.23,20.96,13.0,1.39,16.0,0.2,0.7,0.1,18.25,21.0,21.52,20.17,13.0,1.56,14.0,0.2,0.7,0.1,10.98,12.14,14.32,12.01,13.0,2.12,14.0,0.2,0.7,0.1,70.6,86.1,90.0,81.4,13.0,10.2,14.0,0.2,0.1,3.55,5.1,9.35,6.05,13.0,2.65,14.0,0.2,0.7,0.1,-6.21,-2.91,3.06,-1.86,13.0,4.53,14.0,0.2,0.7,0.1,-4.63,0.0,3.64,-0.67,13.0,4.69,14.0,0.2,0.7,0.1,1013.22,1016.1,1020.34,1016.19,14.0,3.27,16.0,0.1,0.7,0.1,2.1,5.5,7.9,5.1,14.0,2.5,16.0,0.1,0.7,0.1,-40.7,-9.6,14.7,-11.8,13.0,37.9,14.0,0.2,0.7,0.1,-25.0,0.0,17.5,-9.6,13.0,41.6,14.0,0.2,0.7,0.1,-0.7,0.3,2.28,0.79,12.0,2.1,16.0,0.2,0.8,0.1,-2.5,1.9,19.4,6.1,11.0,13.1,16.0,0.2,0.7,0.1,1.34,3.14,6.16,3.54,12.0,2.32,16.0,0.2,0.8,0.1,5.0,18.6,40.5,23.6,11.0,20.8,16.0,0.2,0.7,0.1,-114.9,-57.2,68.1,-34.4,12.0,91.9,14.0,0.2,0.7,0.1,-93.5,0.0,81.2,-9.9,12.0,93.8,14.0,0.2,0.7,0.1,-71.4,-35.1,44.4,-20.1,12.0,52.4,14.0,0.2,0.7,0.1,-57.4,0.0,52.9,-4.4,12.0,54.6,14.0,0.2,0.7,0.1,-23.6,-3.7,14.5,-3.9,11.0,22.2,16.0,0.2,0.7,0.1,-20.9,0.0,4.9,-7.3,11.0,21.8,16.0,0.2,0.7,0.1,45.0,132.5,817.5,351.5,13.0,439.0,14.0,0.2,0.7,0.1,45.0,135.0,815.0,350.0,13.0,440.0,14.0,0.2,0.7,0.1
1974,2,184.0,28.0,17.58,18.5,19.52,18.55,4.0,1.22,16.0,0.0,0.4,0.7,17.53,18.0,20.37,18.74,5.0,1.73,12.0,0.2,0.5,0.7,10.09,10.67,12.56,11.3,4.0,1.84,12.0,0.3,0.5,0.7,75.3,85.0,91.0,83.2,4.0,11.8,12.0,0.3,0.7,6.7,8.2,10.67,8.42,5.0,2.77,12.0,0.2,0.5,0.7,-5.76,0.0,2.59,-1.13,5.0,5.83,12.0,0.2,0.5,0.7,-5.26,0.0,8.97,1.43,5.0,7.63,12.0,0.2,0.5,0.7,1010.63,1016.5,1018.78,1015.2,5.0,4.62,12.0,0.2,0.5,0.7,3.6,5.0,7.4,5.4,5.0,2.1,12.0,0.2,0.5,0.7,-46.4,0.0,21.3,-11.3,5.0,56.1,12.0,0.2,0.5,0.7,-51.3,0.0,81.4,11.5,5.0,75.8,12.0,0.2,0.5,0.7,-0.52,0.25,1.29,0.38,4.0,1.25,16.0,0.0,0.4,0.7,-5.4,2.8,7.0,0.9,4.0,8.2,16.0,0.0,0.4,0.7,0.4,1.83,2.13,1.28,3.0,1.35,14.0,0.0,0.5,0.8,2.9,15.0,22.2,12.6,3.0,14.3,14.0,0.0,0.5,0.8,-99.6,0.0,54.5,-13.8,5.0,109.1,12.0,0.2,0.5,0.7,-99.0,0.0,168.9,29.2,5.0,143.2,12.0,0.2,0.5,0.7,-44.8,0.0,38.4,-3.0,4.0,64.9,12.0,0.3,0.5,0.7,-57.8,24.0,118.4,30.0,4.0,103.6,12.0,0.3,0.5,0.7,-13.4,0.0,0.0,-6.5,3.0,11.3,14.0,0.0,0.5,0.8,-12.1,-2.7,9.4,-1.4,3.0,15.8,14.0,0.0,0.5,0.8,375.0,551.5,1220.5,741.5,5.0,534.0,12.0,0.2,0.5,0.7,375.0,550.0,1220.0,740.0,5.0,535.0,12.0,0.2,0.5,0.7
1974,2,184.0,29.0,17.15,19.25,19.53,18.66,12.0,1.33,12.0,0.3,0.5,0.4,18.22,19.0,20.02,19.07,13.0,1.69,12.0,0.4,0.5,0.4,10.9,12.16,12.72,11.81,12.0,1.33,12.0,0.3,0.5,0.4,82.7,88.1,93.9,88.0,12.0,5.6,12.0,0.3,0.4,4.1,7.2,8.85,6.67,13.0,3.0,12.0,0.4,0.5,0.4,-4.72,-0.17,3.35,-0.26,13.0,5.71,12.0,0.4,0.5,0.4,-3.24,2.64,5.91,2.02,13.0,4.48,12.0,0.4,0.5,0.4,1013.72,1017.3,1019.53,1016.85,13.0,3.49,12.0,0.4,0.5,0.4,3.0,8.0,8.0,6.5,13.0,2.7,12.0,0.4,0.5,0.4,-34.8,-0.2,19.8,4.0,13.0,57.9,12.0,0.4,0.5,0.4,-16.6,18.4,41.5,11.5,13.0,35.2,12.0,0.4,0.5,0.4,-1.03,-0.45,1.13,-0.08,12.0,1.87,12.0,0.3,0.5,0.4,-7.8,-2.1,6.0,0.6,12.0,14.3,12.0,0.3,0.5,0.4,0.43,1.48,2.08,1.53,12.0,1.48,12.0,0.3,0.5,0.4,2.6,7.7,17.0,11.4,12.0,15.4,12.0,0.3,0.5,0.4,-91.4,-3.3,62.8,-11.0,13.0,104.8,12.0,0.4,0.5,0.4,-63.8,48.8,111.8,38.8,13.0,85.6,12.0,0.4,0.5,0.4,-51.7,-1.1,45.6,0.2,12.0,56.6,12.0,0.3,0.5,0.4,-39.2,42.3,72.4,26.7,12.0,56.9,12.0,0.3,0.5,0.4,-5.1,-1.0,4.2,3.9,12.0,17.5,12.0,0.3,0.5,0.4,-0.4,3.7,8.2,2.9,12.0,7.0,12.0,0.3,0.5,0.4,69.0,373.0,700.0,463.0,13.0,520.0,12.0,0.4,0.5,0.4,70.0,375.0,700.0,465.0,13.0,520.0,12.0,0.4,0.5,0.4
1974,2,184.0,30.0,16.0,18.5,20.0,18.41,13.0,1.65,14.0,0.2,0.5,0.4,16.19,18.0,18.96,17.61,16.0,1.43,14.0,0.3,0.5,0.4,9.43,11.29,12.9,11.16,14.0,1.75,14.0,0.2,0.5,0.4,81.6,92.1,96.8,89.1,14.0,9.3,14.0,0.2,0.4,4.6,7.45,8.88,6.39,16.0,3.01,14.0,0.3,0.5,0.4,-2.09,1.88,7.12,2.26,16.0,4.82,14.0,0.3,0.5,0.4,-2.85,2.05,6.17,1.91,16.0,4.47,14.0,0.3,0.5,0.4,1013.76,1017.75,1020.0,1016.89,16.0,4.42,14.0,0.3,0.5,0.4,1.1,4.5,8.0,4.8,14.0,2.8,14.0,0.2,0.5,0.4,-12.0,8.6,63.2,20.6,16.0,41.0,14.0,0.3,0.5,0.4,-15.8,10.4,54.0,15.8,16.0,33.5,14.0,0.3,0.5,0.4,-0.52,0.8,2.37,0.78,13.0,1.53,14.0,0.2,0.5,0.4,-3.4,0.0,12.6,2.5,13.0,9.7,14.0,0.2,0.5,0.4,0.78,1.63,3.5,1.95,13.0,1.35,14.0,0.2,0.5,0.4,0.3,6.9,23.9,11.3,13.0,10.1,14.0,0.2,0.5,0.4,-35.0,34.2,129.2,41.9,16.0,83.1,14.0,0.3,0.5,0.4,-50.4,38.7,114.3,36.4,16.0,79.6,14.0,0.3,0.5,0.4,-23.4,5.2,75.3,22.7,14.0,53.0,14.0,0.2,0.5,0.4,-17.1,27.6,74.8,27.0,14.0,49.5,14.0,0.2,0.5,0.4,-6.8,0.1,7.7,1.9,13.0,12.0,14.0,0.2,0.5,0.4,-6.2,0.0,8.6,-0.5,13.0,9.7,14.0,0.2,0.5,0.4,97.5,415.0,708.0,396.5,16.0,302.5,14.0,0.3,0.5,0.4,95.0,415.0,710.0,395.0,16.0,300.0,14.0,0.3,0.5,0.4
1974,2,184.0,31.0,16.7,17.5,18.08,17.42,11.0,0.83,16.0,0.3,0.7,0.4,15.15,16.1,17.33,16.26,12.0,1.22,16.0,0.3,0.6,0.3,7.36,9.85,11.93,9.68,11.0,1.96,16.0,0.3,0.7,0.4,70.3,87.9,93.6,84.4,11.0,12.0,16.0,0.3,0.4,5.1,7.95,12.9,8.87,12.0,3.34,16.0,0.3,0.6,0.3,-8.51,4.5,7.79,1.52,12.0,7.8,16.0,0.3,0.6,0.3,-5.98,-2.19,2.12,-2.09,12.0,5.36,16.0,0.3,0.6,0.3,1011.14,1016.0,1020.51,1016.0,12.0,4.58,16.0,0.3,0.6,0.3,2.2,7.0,8.0,5.1,11.0,3.1,16.0,0.3,0.7,0.4,-90.7,23.0,66.2,6.3,12.0,87.3,16.0,0.3,0.6,0.3,-64.7,-15.9,22.2,-25.9,12.0,68.3,16.0,0.3,0.6,0.3,0.2,1.1,2.54,1.23,11.0,1.45,16.0,0.3,0.7,0.4,0.7,8.5,27.5,11.4,11.0,14.8,16.0,0.3,0.7,0.4,0.88,1.91,5.09,2.65,11.0,2.2,16.0,0.3,0.7,0.4,5.8,17.7,49.2,23.5,11.0,21.2,16.0,0.3,0.7,0.4,-130.0,75.0,135.0,27.6,12.0,125.7,16.0,0.3,0.6,0.3,-94.9,-32.3,34.6,-30.7,12.0,87.2,16.0,0.3,0.6,0.3,-74.2,27.5,75.9,6.9,11.0,70.5,16.0,0.3,0.7,0.4,-59.6,-18.0,5.1,-21.2,11.0,51.5,16.0,0.3,0.7,0.4,-24.5,4.9,21.7,1.7,11.0,24.6,16.0,0.3,0.7,0.4,-29.3,-4.7,-1.3,-12.7,11.0,16.5,16.0,0.3,0.7,0.4,132.5,504.0,2146.5,989.5,12.0,1090.5,16.0,0.3,0.6,0.3,135.0,505.0,2145.0,990.0,12.0,1090.0,16.0,0.3,0.6,0.3
1974,2,184.0,32.0,16.7,17.0,18.0,17.33,9.0,1.16,16.0,0.7,0.8,0.6,15.0,15.8,16.41,15.83,10.0,1.55,16.0,0.6,0.8,0.6,6.9,8.87,10.73,8.75,10.0,1.73,16.0,0.6,0.8,0.6,63.2,79.2,92.2,78.4,10.0,12.6,16.0,0.6,0.6,4.53,5.1,13.22,7.85,10.0,5.03,16.0,0.6,0.8,0.6,-2.83,-0.65,7.68,1.73,10.0,6.55,16.0,0.6,0.8,0.6,-5.06,-3.97,1.84,-3.39,10.0,5.91,16.0,0.6,0.8,0.6,1013.04,1019.2,1020.84,1017.47,10.0,5.03,16.0,0.6,0.8,0.6,4.3,7.0,8.0,6.2,9.0,1.9,16.0,0.7,0.8,0.6,-36.0,-3.9,68.0,22.3,10.0,83.1,16.0,0.6,0.8,0.6,-61.9,-23.5,5.7,-45.1,10.0,95.1,16.0,0.6,0.8,0.6,0.61,1.1,3.1,1.56,9.0,2.02,16.0,0.7,0.8,0.6,4.1,5.6,35.8,18.8,9.0,28.0,16.0,0.7,0.8,0.6,1.73,4.84,5.23,3.77,9.0,1.75,16.0,0.7,0.8,0.6,11.0,25.1,51.5,33.1,9.0,25.8,16.0,0.7,0.8,0.6,-42.4,-9.9,132.6,26.3,10.0,96.9,16.0,0.6,0.8,0.6,-76.1,-62.2,31.1,-50.3,10.0,89.5,16.0,0.6,0.8,0.6,-23.7,-3.4,75.1,16.8,10.0,54.1,16.0,0.6,0.8,0.6,-36.8,-30.8,20.3,-27.3,10.0,54.9,16.0,0.6,0.8,0.6,-11.8,-7.5,39.1,9.8,9.0,34.4,16.0,0.7,0.8,0.6,-28.4,-22.4,0.3,-16.7,9.0,17.1,16.0,0.7,0.8,0.6,96.0,132.5,2556.0,1127.5,10.0,1854.0,16.0,0.6,0.8,0.6,95.0,135.0,2555.0,1125.0,10.0,1855.0,16.0,0.6,0.8,0.6
1974,2,184.0,33.0,15.0,17.0,17.88,16.75,11.0,1.31,12.0,0.3,0.7,0.3,14.0,15.5,16.72,15.57,19.0,1.66,14.0,0.2,0.7,0.4,7.78,9.52,10.5,9.51,14.0,1.59,12.0,0.2,0.7,0.3,79.0,82.0,94.9,84.7,14.0,10.2,12.0,0.2,0.3,4.45,8.2,15.34,9.05,18.0,5.16,14.0,0.2,0.7,0.4,-9.43,0.0,4.73,-1.82,18.0,7.83,14.0,0.2,0.7,0.4,-8.42,0.0,3.64,-1.83,18.0,6.71,14.0,0.2,0.7,0.4,1011.93,1017.0,1021.14,1016.4,19.0,5.44,14.0,0.2,0.7,0.4,3.1,8.0,8.0,6.4,14.0,2.4,14.0,0.1,0.7,0.3,-115.0,0.0,22.5,-42.0,18.0,119.5,14.0,0.2,0.7,0.4,-150.2,0.0,33.9,-36.5,18.0,90.3,14.0,0.2,0.7,0.4,-1.27,1.2,2.5,0.95,11.0,2.0,12.0,0.3,0.7,0.3,-6.9,6.1,28.9,12.5,11.0,19.6,12.0,0.3,0.7,0.3,0.05,2.74,3.75,2.21,11.0,1.8,12.0,0.3,0.7,0.3,0.1,14.0,35.4,21.0,11.0,21.6,12.0,0.3,0.7,0.3,-145.4,0.0,73.7,-28.2,18.0,116.2,14.0,0.2,0.7,0.4,-119.9,0.0,57.2,-23.5,18.0,101.2,14.0,0.2,0.7,0.4,-51.8,0.0,39.2,-12.3,13.0,56.3,14.0,0.2,0.7,0.3,-56.1,0.0,38.2,-13.4,13.0,60.0,14.0,0.2,0.7,0.3,-23.0,0.0,5.6,-8.1,11.0,22.2,12.0,0.3,0.7,0.3,-30.3,-2.4,1.0,-11.3,11.0,15.7,12.0,0.3,0.7,0.3,89.0,551.5,3703.0,1524.0,18.0,2289.0,14.0,0.2,0.7,0.4,90.0,550.0,3705.0,1525.0,18.0,2290.0,14.0,0.2,0.7,0.4
1974,2,184.0,34.0,14.71,15.8,16.61,15.68,10.0,1.03,14.0,0.4,0.6,0.5,13.31,15.0,15.83,15.01,10.0,2.07,14.0,0.4,0.6,0.5,6.91,8.49,9.76,8.3,10.0,1.44,14.0,0.4,0.6,0.5,66.0,78.8,88.9,78.5,10.0,11.8,14.0,0.4,0.5,4.53,7.45,10.3,7.51,10.0,3.03,14.0,0.4,0.6,0.5,-1.1,2.55,7.22,2.35,10.0,5.68,14.0,0.4,0.6,0.5,-5.12,0.84,6.07,1.27,10.0,5.63,14.0,0.4,0.6,0.5,1015.26,1017.9,1020.29,1016.6,10.0,5.37,14.0,0.4,0.6,0.5,2.0,6.0,7.6,5.1,10.0,2.7,14.0,0.4,0.6,0.5,-8.9,14.1,72.9,20.6,10.0,56.9,14.0,0.4,0.6,0.5,-29.5,2.2,51.2,15.0,10.0,51.8,14.0,0.4,0.6,0.5,-0.86,0.5,2.11,0.67,10.0,1.96,14.0,0.4,0.6,0.5,-8.4,2.3,14.1,3.8,10.0,16.5,14.0,0.4,0.6,0.5,1.35,2.55,4.07,2.74,10.0,1.74,14.0,0.4,0.6,0.5,6.2,18.0,36.7,20.4,10.0,15.8,14.0,0.4,0.6,0.5,-15.1,33.6,103.6,37.2,10.0,94.8,14.0,0.4,0.6,0.5,-69.6,13.0,87.2,21.2,10.0,80.1,14.0,0.4,0.6,0.5,-11.8,19.3,55.5,16.7,10.0,52.6,14.0,0.4,0.6,0.5,-35.8,7.2,56.6,11.9,10.0,44.2,14.0,0.4,0.6,0.5,0.3,6.7,25.2,10.9,10.0,12.3,14.0,0.4,0.6,0.5,-11.7,1.9,15.3,2.4,10.0,20.5,14.0,0.4,0.6,0.5,96.0,415.0,1092.5,605.5,10.0,551.0,14.0,0.4,0.6,0.5,95.0,415.0,1095.0,605.0,10.0,550.0,14.0,0.4,0.6,0.5
1974,2,184.0,35.0,13.28,14.0,15.4,14.24,5.0,1.45,16.0,0.4,0.5,0.5,12.57,14.1,15.0,13.45,6.0,2.26,16.0,0.5,0.6,0.4,6.29,7.67,8.22,7.33,5.0,1.08,16.0,0.4,0.5,0.5,72.7,79.4,82.3,77.4,5.0,7.2,16.0,0.4,0.5,9.7,12.85,15.14,12.87,6.0,3.34,16.0,0.5,0.6,0.4,-0.51,9.26,13.71,6.53,6.0,8.84,16.0,0.5,0.6,0.4,-5.74,2.46,6.48,0.24,6.0,8.97,16.0,0.5,0.6,0.4,1001.08,1005.5,1018.65,1007.95,6.0,9.41,16.0,0.5,0.6,0.4,2.6,5.5,8.0,5.2,6.0,2.8,16.0,0.5,0.6,0.4,-20.2,95.9,197.4,74.8,6.0,136.2,16.0,0.5,0.6,0.4,-81.4,31.9,75.8,-13.5,6.0,139.0,16.0,0.5,0.6,0.4,-1.09,0.5,3.4,1.1,5.0,3.23,16.0,0.4,0.5,0.5,-11.2,7.2,34.0,11.0,5.0,30.7,16.0,0.4,0.5,0.5,1.72,2.97,3.95,2.85,5.0,1.54,16.0,0.4,0.5,0.5,23.7,33.5,51.3,36.1,5.0,20.1,16.0,0.4,0.5,0.5,-5.8,108.8,196.2,85.8,6.0,124.0,16.0,0.5,0.6,0.4,-67.8,36.9,93.6,8.7,6.0,127.2,16.0,0.5,0.6,0.4,-12.7,51.4,92.9,39.9,5.0,65.9,16.0,0.4,0.5,0.5,-49.1,0.0,58.8,1.1,5.0,69.1,16.0,0.4,0.5,0.5,-10.5,29.0,36.8,15.1,5.0,30.0,16.0,0.4,0.5,0.5,-29.3,0.0,10.2,-9.1,5.0,27.4,16.0,0.4,0.5,0.5,913.0,2214.5,3573.5,2498.5,6.0,1897.0,16.0,0.5,0.6,0.4,915.0,2215.0,3575.0,2500.0,6.0,1895.0,16.0,0.5,0.6,0.4
1974,2,184.0,36.0,13.2,13.3,13.71,13.45,4.0,0.38,12.0,0.5,0.8,0.2,11.55,14.0,14.72,13.18,4.0,2.52,12.0,0.5,0.8,0.2,7.19,7.78,7.99,7.6,4.0,0.65,12.0,0.5,0.8,0.2,74.8,80.3,86.9,80.9,4.0,7.7,12.0,0.5,0.2,8.46,12.1,17.31,12.85,4.0,5.4,12.0,0.5,0.8,0.2,0.13,4.93,10.86,5.47,4.0,7.24,12.0,0.5,0.8,0.2,2.09,7.99,13.76,7.93,4.0,8.56,12.0,0.5,0.8,0.2,1008.06,1009.0,1010.31,1009.18,4.0,1.77,12.0,0.5,0.8,0.2,5.5,7.0,8.0,6.8,4.0,1.5,12.0,0.5,0.8,0.2,3.5,79.8,176.5,89.5,4.0,106.4,12.0,0.5,0.8,0.2,6.3,68.5,225.9,113.9,4.0,170.2,12.0,0.5,0.8,0.2,-1.42,-0.8,2.07,0.28,4.0,2.86,12.0,0.5,0.8,0.2,-22.8,-7.0,32.9,4.5,4.0,43.8,12.0,0.5,0.8,0.2,1.46,1.71,2.57,2.0,4.0,0.88,12.0,0.5,0.8,0.2,12.5,25.0,42.2,27.2,4.0,18.0,12.0,0.5,0.8,0.2,2.5,73.3,121.3,62.4,4.0,76.4,12.0,0.5,0.8,0.2,34.7,112.0,205.0,119.5,4.0,124.4,12.0,0.5,0.8,0.2,0.5,38.3,76.0,38.2,4.0,50.0,12.0,0.5,0.8,0.2,19.1,63.5,107.1,63.1,4.0,65.4,12.0,0.5,0.8,0.2,0.7,8.6,30.9,15.5,4.0,22.7,12.0,0.5,0.8,0.2,0.0,11.8,23.9,11.9,4.0,16.9,12.0,0.5,0.8,0.2,622.0,2056.0,5459.5,2996.0,4.0,3208.0,12.0,0.5,0.8,0.2,620.0,2055.0,5460.0,2995.0,4.0,3210.0,12.0,0.5,0.8,0.2
1974,2,184.0,37.0,12.58,13.0,13.52,13.05,4.0,0.74,16.0,0.5,0.7,0.6,10.84,12.5,13.21,11.97,6.0,2.0,18.0,0.3,0.6,0.5,5.84,7.09,7.25,6.5,5.0,1.4,18.0,0.4,0.6,0.5,71.2,78.2,80.9,75.8,5.0,9.7,18.0,0.4,0.5,7.06,10.9,13.48,10.73,6.0,4.56,18.0,0.3,0.6,0.5,2.73,8.18,9.58,6.4,6.0,5.2,18.0,0.3,0.6,0.5,-7.19,0.0,5.18,-0.92,6.0,9.04,18.0,0.3,0.6,0.5,996.4,1011.05,1016.62,1008.27,6.0,9.8,18.0,0.3,0.6,0.5,4.2,7.0,8.0,6.0,6.0,2.8,18.0,0.3,0.6,0.5,38.3,72.9,143.9,80.9,6.0,63.7,18.0,0.3,0.6,0.5,-97.6,0.0,42.2,-28.7,6.0,139.1,18.0,0.3,0.6,0.5,0.48,1.0,2.52,1.48,4.0,1.68,16.0,0.5,0.7,0.6,3.7,9.8,42.4,22.4,4.0,32.2,16.0,0.5,0.7,0.6,2.27,2.58,3.77,3.0,4.0,1.24,16.0,0.5,0.7,0.6,14.2,25.2,60.1,36.6,4.0,34.5,16.0,0.5,0.7,0.6,38.8,83.6,110.7,73.4,6.0,63.5,18.0,0.3,0.6,0.5,-72.3,0.0,69.8,3.5,6.0,98.2,18.0,0.3,0.6,0.5,15.1,53.1,70.5,43.1,5.0,40.3,18.0,0.4,0.6,0.5,-45.3,0.0,9.3,-14.5,5.0,34.5,18.0,0.4,0.6,0.5,6.2,25.2,37.4,22.0,4.0,21.0,16.0,0.5,0.7,0.6,-39.3,0.0,3.7,-17.0,4.0,38.8,16.0,0.5,0.7,0.6,382.5,1321.5,2681.0,1815.0,6.0,2080.0,18.0,0.3,0.6,0.5,380.0,1320.0,2680.0,1815.0,6.0,2080.0,18.0,0.3,0.6,0.5
1974,2,184.0,38.0,11.99,13.0,14.07,13.13,7.0,1.34,18.0,0.9,0.4,0.6,10.11,11.4,12.68,11.55,8.0,1.51,16.0,0.9,0.4,0.5,5.18,7.22,8.03,6.91,8.0,1.31,16.0,0.9,0.4,0.5,69.5,78.5,94.1,81.0,8.0,12.3,16.0,0.9,0.5,7.76,9.25,17.39,11.64,8.0,5.81,16.0,0.9,0.4,0.5,-3.47,1.4,12.77,3.26,8.0,8.52,16.0,0.9,0.4,0.5,0.32,4.88,10.91,5.58,8.0,8.26,16.0,0.9,0.4,0.5,990.0,1016.0,1021.16,1008.75,8.0,15.26,16.0,0.9,0.4,0.5,6.0,6.5,8.0,6.5,8.0,1.7,16.0,0.9,0.4,0.5,-66.7,11.5,215.2,52.4,8.0,131.6,16.0,0.9,0.4,0.5,1.4,57.3,182.6,93.4,8.0,150.8,16.0,0.9,0.4,0.5,-0.02,2.0,3.55,1.71,7.0,1.89,18.0,0.9,0.4,0.6,-0.4,18.9,33.6,17.5,7.0,19.9,18.0,0.9,0.4,0.6,1.69,2.13,3.51,2.48,7.0,1.29,18.0,0.9,0.4,0.6,11.7,28.5,35.2,25.8,7.0,11.2,18.0,0.9,0.4,0.6,-41.6,13.2,162.0,38.2,8.0,99.9,16.0,0.9,0.4,0.5,3.5,58.4,136.1,67.5,8.0,93.7,16.0,0.9,0.4,0.5,-28.9,7.0,92.5,20.7,8.0,63.1,16.0,0.9,0.4,0.5,2.3,32.4,78.8,44.0,8.0,62.1,16.0,0.9,0.4,0.5,-6.3,0.0,23.9,5.5,7.0,18.9,18.0,0.9,0.4,0.6,4.5,11.7,20.5,10.5,7.0,19.6,18.0,0.9,0.4,0.6,467.0,822.0,5263.0,2664.5,8.0,3174.5,16.0,0.9,0.4,0.5,465.0,820.0,5265.0,2665.0,8.0,3175.0,16.0,0.9,0.4,0.5
1974,2,184.0,39.0,12.51,13.0,14.1,13.36,5.0,1.53,8.0,0.2,0.7,0.1,7.98,11.0,12.33,10.67,7.0,2.55,12.0,0.3,0.7,0.2,4.82,5.84,7.85,6.18,5.0,1.67,8.0,0.2,0.7,0.1,68.4,80.1,87.8,77.3,5.0,14.2,8.0,0.2,0.1,6.62,10.3,13.62,10.57,7.0,4.41,12.0,0.3,0.7,0.2,-4.59,7.89,11.85,5.97,7.0,8.22,12.0,0.3,0.7,0.2,-4.61,0.0,3.29,-1.24,7.0,6.24,12.0,0.3,0.7,0.2,1000.22,1005.7,1020.0,1010.41,7.0,12.42,12.0,0.3,0.7,0.2,4.9,7.0,8.0,6.1,7.0,2.1,12.0,0.3,0.7,0.2,-26.2,67.2,150.6,80.4,7.0,125.0,12.0,0.3,0.7,0.2,-57.3,0.0,56.8,-15.7,7.0,79.4,12.0,0.3,0.7,0.2,0.93,2.8,4.68,2.82,5.0,1.93,8.0,0.2,0.7,0.1,5.7,34.4,62.3,35.5,5.0,32.2,8.0,0.2,0.7,0.1,2.5,3.53,4.17,3.37,5.0,1.32,8.0,0.2,0.7,0.1,15.9,36.3,63.9,38.6,5.0,25.5,8.0,0.2,0.7,0.1,-50.8,87.0,116.4,54.3,7.0,77.5,12.0,0.3,0.7,0.2,-54.5,0.0,24.9,-19.0,7.0,64.2,12.0,0.3,0.7,0.2,15.6,46.4,63.9,39.1,5.0,47.1,8.0,0.2,0.7,0.1,-20.7,13.5,24.5,4.9,5.0,26.6,8.0,0.2,0.7,0.1,8.9,27.8,61.1,32.5,5.0,29.6,8.0,0.2,0.7,0.1,-14.5,2.6,15.7,1.0,5.0,17.7,8.0,0.2,0.7,0.1,292.5,1092.5,2570.0,1739.5,7.0,1987.0,12.0,0.3,0.7,0.2,295.0,1095.0,2570.0,1740.0,7.0,1985.0,12.0,0.3,0.7,0.2
1974,2,184.0,40.0,11.0,11.0,11.0,11.0,1.0,0.0,26.0,0.0,0.1,0.9,9.24,9.75,11.05,10.13,4.0,1.31,16.0,0.3,0.5,0.7,5.27,5.67,5.69,5.49,3.0,0.35,22.0,0.0,0.5,0.9,71.6,74.1,79.1,75.3,3.0,5.6,22.0,0.0,0.9,4.84,7.95,11.06,7.95,4.0,3.59,16.0,0.3,0.5,0.7,-3.06,3.05,9.69,3.3,4.0,7.38,16.0,0.3,0.5,0.7,-3.72,-0.54,4.7,0.44,4.0,5.28,16.0,0.3,0.5,0.7,998.43,1014.65,1032.29,1015.33,4.0,19.54,16.0,0.3,0.5,0.7,7.0,8.0,8.0,7.5,4.0,1.0,16.0,0.3,0.5,0.7,-14.7,42.4,106.7,45.9,4.0,70.2,16.0,0.3,0.5,0.7,-18.3,3.3,52.6,16.6,4.0,47.4,16.0,0.3,0.5,0.7,2.0,2.0,2.0,2.0,1.0,0.0,26.0,0.0,0.1,0.9,10.2,10.2,10.2,10.2,1.0,0.0,26.0,0.0,0.1,0.9,2.3,2.3,2.3,2.3,1.0,0.0,26.0,0.0,0.1,0.9,11.7,11.7,11.7,11.7,1.0,0.0,26.0,0.0,0.1,0.9,-28.5,31.8,108.1,39.4,4.0,80.0,16.0,0.3,0.5,0.7,-34.2,-2.8,48.8,6.8,4.0,51.5,16.0,0.3,0.5,0.7,-16.8,-14.5,29.1,5.7,3.0,37.9,22.0,0.0,0.5,0.9,-21.9,-15.0,23.5,0.5,3.0,35.9,22.0,0.0,0.5,0.9,-5.9,-5.9,-5.9,-5.9,1.0,0.0,26.0,0.0,0.1,0.9,-10.1,-10.1,-10.1,-10.1,1.0,0.0,26.0,0.0,0.1,0.9,114.0,696.0,1355.5,733.0,4.0,718.0,16.0,0.3,0.5,0.7,115.0,695.0,1355.0,735.0,4.0,720.0,16.0,0.3,0.5,0.7
1974,2,184.0,41.0,9.9,11.0,11.49,10.64,5.0,1.53,20.0,0.6,0.6,0.6,7.22,9.5,10.44,8.98,8.0,1.92,18.0,0.6,0.6,0.7,4.69,5.86,7.1,5.9,4.0,1.39,20.0,0.8,0.7,0.5,78.7,87.8,93.8,86.4,4.0,9.0,20.0,0.8,0.5,4.72,18.0,21.93,14.4,8.0,8.39,18.0,0.6,0.6,0.7,-3.59,10.53,20.18,8.71,8.0,11.64,18.0,0.6,0.6,0.7,-3.81,-1.48,6.85,1.44,8.0,9.1,18.0,0.6,0.6,0.7,989.11,1004.25,1034.69,1009.36,8.0,22.6,18.0,0.6,0.6,0.7,1.8,5.0,6.4,4.5,6.0,2.7,18.0,0.7,0.6,0.6,-15.8,190.0,415.8,202.0,8.0,211.4,18.0,0.6,0.6,0.7,-83.6,-6.8,105.4,35.2,8.0,195.8,18.0,0.6,0.6,0.7,1.13,1.5,3.35,2.28,5.0,1.95,20.0,0.6,0.6,0.6,6.3,22.1,69.0,38.6,5.0,46.4,20.0,0.6,0.6,0.6,1.18,1.62,2.88,2.01,4.0,1.18,20.0,0.8,0.7,0.5,5.4,25.1,60.7,32.7,4.0,34.1,20.0,0.8,0.7,0.5,-37.1,93.8,150.2,66.2,8.0,94.7,18.0,0.6,0.6,0.7,-31.6,-13.3,68.5,23.4,8.0,92.6,18.0,0.6,0.6,0.7,-33.2,31.8,96.9,31.9,4.0,75.2,20.0,0.8,0.7,0.5,-25.8,-9.1,0.0,-12.7,4.0,15.8,20.0,0.8,0.7,0.5,-5.5,19.3,58.0,25.9,4.0,38.0,20.0,0.8,0.7,0.5,-17.2,-3.8,0.0,-8.4,4.0,12.3,20.0,0.8,0.7,0.5,107.0,6197.0,10566.5,5475.5,8.0,5016.5,18.0,0.6,0.6,0.7,105.0,6195.0,10565.0,5475.0,8.0,5015.0,18.0,0.6,0.6,0.7
1974,2,184.0,42.0,8.27,9.0,10.62,9.34,5.0,1.71,14.0,0.0,0.6,0.5,6.5,7.0,8.95,7.56,7.0,1.35,14.0,0.1,0.6,0.4,4.72,5.51,6.25,5.53,6.0,0.82,14.0,0.0,0.6,0.4,77.2,83.2,90.0,84.2,6.0,9.5,14.0,0.0,0.4,10.14,13.85,19.99,14.82,6.0,6.84,14.0,0.0,0.6,0.4,5.87,13.35,19.28,12.24,6.0,8.61,14.0,0.0,0.6,0.4,-1.11,0.0,10.13,2.82,6.0,6.85,14.0,0.0,0.6,0.4,991.52,997.0,1011.6,1003.54,7.0,16.6,14.0,0.1,0.6,0.4,2.3,4.0,6.7,4.4,5.0,2.7,12.0,0.2,0.6,0.4,74.9,182.4,389.7,227.5,6.0,207.8,14.0,0.0,0.6,0.4,-6.3,0.0,160.2,69.3,6.0,137.6,14.0,0.0,0.6,0.4,-0.05,2.0,2.87,1.46,5.0,1.69,14.0,0.0,0.6,0.5,1.4,16.0,40.3,19.6,5.0,24.3,14.0,0.0,0.6,0.5,1.15,1.76,2.95,1.95,5.0,1.06,14.0,0.0,0.6,0.5,12.5,28.5,38.7,26.2,5.0,15.4,14.0,0.0,0.6,0.5,59.2,89.6,127.6,86.2,6.0,58.3,14.0,0.0,0.6,0.4,-9.8,0.0,90.8,22.8,6.0,56.8,14.0,0.0,0.6,0.4,38.5,70.8,100.2,66.6,6.0,46.6,14.0,0.0,0.6,0.4,-6.0,0.0,65.2,17.6,6.0,40.3,14.0,0.0,0.6,0.4,0.3,28.5,36.5,20.1,5.0,19.9,14.0,0.0,0.6,0.5,-5.6,0.0,11.1,2.3,5.0,13.6,14.0,0.0,0.6,0.5,1183.0,2756.5,8529.5,5074.5,6.0,6207.0,14.0,0.0,0.6,0.4,1185.0,2755.0,8530.0,5075.0,6.0,6205.0,14.0,0.0,0.6,0.4
1974,2,184.0,43.0,9.28,10.5,11.0,10.18,5.0,0.94,10.0,0.6,0.7,0.1,7.72,9.5,11.07,9.24,5.0,2.29,10.0,0.6,0.7,0.1,4.99,5.62,6.24,5.62,4.0,0.9,10.0,0.8,0.8,0.1,77.1,79.0,79.7,78.4,4.0,2.0,10.0,0.8,0.1,13.85,15.4,18.37,15.94,5.0,2.53,10.0,0.6,0.7,0.1,-4.6,15.4,15.9,7.62,5.0,11.23,10.0,0.6,0.7,0.1,5.71,9.5,12.64,8.83,5.0,5.28,10.0,0.6,0.7,0.1,990.17,993.0,1005.73,997.98,5.0,13.3,10.0,0.6,0.7,0.1,4.6,6.0,8.0,6.2,5.0,1.8,10.0,0.6,0.7,0.1,-62.0,237.2,292.3,140.5,5.0,188.6,10.0,0.6,0.7,0.1,99.3,162.0,185.7,138.7,5.0,79.0,10.0,0.6,0.7,0.1,-0.84,0.5,2.64,0.94,5.0,2.84,10.0,0.6,0.7,0.1,-12.1,9.5,39.1,14.8,5.0,43.1,10.0,0.6,0.7,0.1,1.22,2.05,2.96,2.09,4.0,1.35,10.0,0.8,0.8,0.1,16.2,32.7,49.0,32.6,4.0,21.6,10.0,0.8,0.8,0.1,-46.8,84.7,156.6,61.4,5.0,105.4,10.0,0.6,0.7,0.1,54.3,99.0,128.5,90.2,5.0,56.2,10.0,0.6,0.7,0.1,-29.4,22.2,80.6,25.5,4.0,63.7,10.0,0.8,0.8,0.1,24.9,60.9,80.6,53.1,4.0,38.7,10.0,0.8,0.8,0.1,-5.9,15.7,46.5,20.1,4.0,31.6,10.0,0.8,0.8,0.1,3.0,12.9,22.3,12.7,4.0,11.5,10.0,0.8,0.8,0.1,2679.5,3652.5,6207.0,4295.0,5.0,1980.0,10.0,0.6,0.7,0.1,2680.0,3650.0,6205.0,4295.0,5.0,1980.0,10.0,0.6,0.7,0.1
1974,2,184.0,44.0,6.89,7.0,7.87,7.3,5.0,0.57,12.0,0.4,0.8,0.5,3.22,5.0,5.6,4.71,7.0,1.81,16.0,0.3,0.7,0.5,2.66,4.11,5.38,4.02,4.0,1.62,14.0,0.5,0.7,0.4,52.4,78.2,91.5,72.2,4.0,24.7,14.0,0.5,0.4,6.03,8.2,15.9,9.56,7.0,4.95,16.0,0.3,0.7,0.5,-15.9,-5.15,2.28,-4.55,7.0,9.13,16.0,0.3,0.7,0.5,-7.65,0.0,0.07,-2.39,7.0,4.12,16.0,0.3,0.7,0.5,998.95,1023.4,1026.31,1014.39,7.0,19.19,16.0,0.3,0.7,0.5,4.9,8.0,8.0,6.6,7.0,2.3,16.0,0.3,0.7,0.5,-253.0,-38.4,13.0,-74.1,7.0,129.0,16.0,0.3,0.7,0.5,-60.0,0.0,0.6,-20.4,7.0,38.9,16.0,0.3,0.7,0.5,0.77,3.0,4.68,2.7,5.0,2.25,12.0,0.4,0.8,0.5,1.3,24.6,41.4,22.1,5.0,21.4,12.0,0.4,0.8,0.5,1.01,2.52,3.67,2.35,4.0,1.62,14.0,0.5,0.7,0.4,6.2,12.0,24.7,15.3,4.0,13.8,14.0,0.5,0.7,0.4,-79.5,-17.0,12.4,-24.2,7.0,46.2,16.0,0.3,0.7,0.5,-13.7,0.0,0.3,-6.3,7.0,12.2,16.0,0.3,0.7,0.5,-26.2,-6.0,23.5,-1.6,4.0,32.6,14.0,0.5,0.7,0.4,-16.5,-1.8,3.8,-6.2,4.0,15.4,14.0,0.5,0.7,0.4,-10.3,2.7,10.8,0.3,4.0,13.5,14.0,0.5,0.7,0.4,-18.9,-3.3,1.2,-8.6,4.0,14.8,14.0,0.5,0.7,0.4,228.0,551.5,4023.5,1496.0,7.0,1781.0,16.0,0.3,0.7,0.5,230.0,550.0,4025.0,1495.0,7.0,1780.0,16.0,0.3,0.7,0.5
1974,2,184.0,45.0,5.98,6.35,7.31,6.68,6.0,0.99,10.0,0.3,0.5,0.2,3.36,6.5,6.99,5.73,6.0,2.15,10.0,0.3,0.5,0.2,4.03,4.85,5.22,4.75,6.0,0.96,10.0,0.3,0.5,0.2,78.6,80.6,85.2,81.5,6.0,5.7,10.0,0.3,0.2,9.52,11.8,22.5,14.9,6.0,8.91,10.0,0.3,0.5,0.2,-6.07,-3.33,14.49,2.64,6.0,15.15,10.0,0.3,0.5,0.2,-6.49,3.69,11.31,2.76,6.0,9.94,10.0,0.3,0.5,0.2,982.9,998.1,1012.16,1000.12,6.0,18.71,10.0,0.3,0.5,0.2,6.0,7.5,8.0,7.2,6.0,1.0,10.0,0.3,0.5,0.2,-97.4,-26.7,275.8,102.8,6.0,398.7,10.0,0.3,0.5,0.2,-144.7,29.9,154.1,33.0,6.0,177.4,10.0,0.3,0.5,0.2,-0.87,0.75,2.79,0.95,6.0,2.15,10.0,0.3,0.5,0.2,-10.7,9.7,53.4,17.6,6.0,38.7,10.0,0.3,0.5,0.2,0.66,1.4,2.26,1.41,6.0,0.99,10.0,0.3,0.5,0.2,2.9,17.6,37.3,20.7,6.0,20.3,10.0,0.3,0.5,0.2,-42.3,-15.6,76.0,0.6,6.0,76.3,10.0,0.3,0.5,0.2,-21.1,24.2,80.0,33.0,6.0,60.6,10.0,0.3,0.5,0.2,-31.6,-14.3,67.0,7.5,6.0,71.0,10.0,0.3,0.5,0.2,-25.3,18.0,59.9,20.7,6.0,49.9,10.0,0.3,0.5,0.2,-5.3,-1.0,28.9,9.6,6.0,23.8,10.0,0.3,0.5,0.2,-13.7,1.1,8.7,-3.3,6.0,15.4,10.0,0.3,0.5,0.2,1019.5,1652.0,12401.5,6644.5,6.0,10188.0,10.0,0.3,0.5,0.2,1020.0,1650.0,12400.0,6645.0,6.0,10190.0,10.0,0.3,0.5,0.2
1974,2,184.0,46.0,3.03,4.5,5.41,4.24,5.0,2.14,12.0,0.2,0.6,0.7,1.27,2.5,4.29,2.66,5.0,1.86,10.0,0.0,0.5,0.7,3.05,3.21,4.29,3.65,4.0,1.0,12.0,0.0,0.6,0.8,71.3,79.0,88.6,79.9,4.0,11.6,12.0,0.0,0.8,6.96,9.0,13.42,9.68,6.0,4.06,12.0,0.2,0.5,0.6,-10.48,-1.32,8.05,-0.68,6.0,9.56,12.0,0.2,0.5,0.6,-4.75,-1.92,6.71,-0.17,6.0,6.08,12.0,0.2,0.5,0.6,993.47,1000.65,1014.03,1004.33,6.0,13.7,12.0,0.2,0.5,0.6,2.8,4.0,8.0,4.8,6.0,2.6,12.0,0.2,0.5,0.6,-113.9,-10.1,83.2,-2.3,6.0,124.3,12.0,0.2,0.5,0.6,-35.0,-8.4,90.5,16.6,6.0,68.7,12.0,0.2,0.5,0.6,-0.8,3.5,4.5,1.93,4.0,3.93,12.0,0.0,0.6,0.8,-16.9,26.6,36.7,10.6,4.0,40.7,12.0,0.0,0.6,0.8,0.4,2.01,2.66,1.55,4.0,1.79,12.0,0.0,0.6,0.8,-2.6,16.6,27.3,12.5,4.0,19.1,12.0,0.0,0.6,0.8,-45.7,0.0,20.3,-10.3,5.0,35.5,10.0,0.0,0.5,0.7,-3.5,0.0,21.1,7.3,5.0,16.0,10.0,0.0,0.5,0.7,-30.0,10.2,33.2,2.0,4.0,43.6,12.0,0.0,0.6,0.8,-12.1,7.1,29.7,8.7,4.0,24.2,12.0,0.0,0.6,0.8,5.3,16.2,23.6,14.5,4.0,11.5,12.0,0.0,0.6,0.8,-10.5,-7.5,4.8,-3.1,4.0,12.2,12.0,0.0,0.6,0.8,376.5,774.5,2457.5,1312.5,6.0,1358.5,12.0,0.2,0.5,0.6,375.0,775.0,2460.0,1310.0,6.0,1360.0,12.0,0.2,0.5,0.6
1974,2,184.0,47.0,4.5,5.0,5.52,5.07,7.0,0.53,18.0,0.1,0.5,0.5,2.86,4.0,6.02,3.83,7.0,2.14,18.0,0.1,0.5,0.5,3.54,3.85,5.23,4.24,7.0,1.17,18.0,0.1,0.5,0.5,76.1,80.7,96.8,83.3,7.0,12.4,18.0,0.1,0.5,5.67,8.7,10.86,8.54,7.0,2.64,18.0,0.1,0.5,0.5,-5.54,-1.88,7.55,-0.68,7.0,6.57,18.0,0.1,0.5,0.5,0.33,4.35,7.12,2.57,7.0,6.38,18.0,0.1,0.5,0.5,994.36,1014.0,1034.04,1012.64,7.0,22.29,18.0,0.1,0.5,0.5,3.9,7.0,8.0,6.0,5.0,2.5,16.0,0.2,0.5,0.5,-34.3,-20.3,66.3,-4.4,7.0,64.6,18.0,0.1,0.5,0.5,-1.2,37.8,69.4,21.5,7.0,67.5,18.0,0.1,0.5,0.5,-1.05,1.2,3.1,1.24,7.0,2.34,18.0,0.1,0.5,0.5,-7.8,13.1,18.9,10.8,7.0,23.3,18.0,0.1,0.5,0.5,0.33,1.45,2.09,1.19,7.0,1.18,18.0,0.1,0.5,0.5,2.3,7.4,18.8,10.1,7.0,12.3,18.0,0.1,0.5,0.5,-20.6,0.0,31.1,3.2,7.0,29.2,18.0,0.1,0.5,0.5,3.4,17.4,42.6,19.7,7.0,18.0,18.0,0.1,0.5,0.5,-21.2,-4.5,37.6,1.8,7.0,30.2,18.0,0.1,0.5,0.5,2.0,21.4,36.9,15.7,7.0,22.7,18.0,0.1,0.5,0.5,-11.1,-5.6,0.6,-5.4,7.0,6.2,18.0,0.1,0.5,0.5,-5.2,2.4,4.3,-1.9,7.0,13.9,18.0,0.1,0.5,0.5,182.5,658.5,1282.0,775.5,7.0,602.5,18.0,0.1,0.5,0.5,185.0,660.0,1280.0,775.0,7.0,605.0,18.0,0.1,0.5,0.5
1974,2,184.0,48.0,4.53,5.75,6.1,5.43,6.0,0.97,18.0,0.7,0.7,0.3,4.34,6.0,6.31,5.38,6.0,1.93,18.0,0.7,0.7,0.3,4.0,4.67,5.61,4.74,6.0,0.95,18.0,0.7,0.7,0.3,77.6,82.5,92.8,84.1,6.0,7.8,18.0,0.7,0.3,5.87,9.0,13.02,9.43,6.0,4.05,18.0,0.7,0.7,0.3,0.59,3.95,6.65,3.72,6.0,5.71,18.0,0.7,0.7,0.3,-10.07,-1.76,5.84,-2.53,6.0,8.14,18.0,0.7,0.7,0.3,998.32,1001.85,1029.05,1009.77,6.0,16.99,18.0,0.7,0.7,0.3,3.5,5.5,7.0,5.3,4.0,2.1,16.0,0.8,0.8,0.3,-6.3,25.9,73.8,31.8,6.0,75.9,18.0,0.7,0.7,0.3,-118.9,-8.1,38.0,-41.6,6.0,101.4,18.0,0.7,0.7,0.3,-1.34,-0.25,1.62,0.05,6.0,1.47,18.0,0.7,0.7,0.3,-11.2,-3.1,9.9,-1.5,6.0,15.1,18.0,0.7,0.7,0.3,0.28,0.76,1.66,0.85,6.0,0.73,18.0,0.7,0.7,0.3,1.9,6.5,9.8,6.4,6.0,6.4,18.0,0.7,0.7,0.3,-0.8,13.8,38.9,16.9,6.0,36.7,18.0,0.7,0.7,0.3,-36.4,-8.0,35.0,-12.0,6.0,52.8,18.0,0.7,0.7,0.3,0.9,14.9,34.2,16.0,6.0,30.0,18.0,0.7,0.7,0.3,-42.0,-7.3,27.1,-12.3,6.0,43.7,18.0,0.7,0.7,0.3,1.7,3.5,7.5,4.3,6.0,3.1,18.0,0.7,0.7,0.3,-7.8,1.2,3.0,-1.8,6.0,7.4,18.0,0.7,0.7,0.3,209.0,774.5,2267.0,1240.5,6.0,1357.0,18.0,0.7,0.7,0.3,210.0,775.0,2265.0,1240.0,6.0,1355.0,18.0,0.7,0.7,0.3
1974,2,184.0,49.0,1.9,4.0,4.52,3.25,4.0,2.22,16.0,0.3,0.6,0.5,2.48,3.0,4.05,3.25,4.0,1.26,16.0,0.3,0.6,0.5,4.09,4.17,4.78,4.42,4.0,0.61,16.0,0.3,0.6,0.5,86.7,89.2,96.1,91.3,4.0,6.3,16.0,0.3,0.5,10.28,11.55,17.43,13.75,4.0,5.66,16.0,0.3,0.6,0.5,-17.08,-2.03,9.15,-3.88,4.0,15.61,16.0,0.3,0.6,0.5,-5.3,-2.1,0.98,-2.16,4.0,3.75,16.0,0.3,0.6,0.5,987.24,997.25,1016.95,1001.88,4.0,18.58,16.0,0.3,0.6,0.5,5.0,7.0,7.7,6.3,3.0,2.1,12.0,0.3,0.7,0.5,-323.6,-34.3,95.2,-110.5,4.0,276.0,16.0,0.3,0.6,0.5,-57.0,-25.9,10.6,-23.3,4.0,39.7,16.0,0.3,0.6,0.5,-2.05,0.5,2.0,0.0,4.0,2.45,16.0,0.3,0.6,0.5,-24.5,4.4,32.5,4.0,4.0,35.4,16.0,0.3,0.6,0.5,-0.33,0.37,1.21,0.44,4.0,0.89,16.0,0.3,0.6,0.5,-3.7,4.9,18.4,7.2,4.0,13.2,16.0,0.3,0.6,0.5,-39.7,-6.1,38.6,-0.8,4.0,46.5,16.0,0.3,0.6,0.5,-15.9,-6.3,4.9,-5.5,4.0,12.7,16.0,0.3,0.6,0.5,-69.6,-8.4,44.6,-12.3,4.0,67.9,16.0,0.3,0.6,0.5,-22.1,-8.8,5.2,-8.5,4.0,16.4,16.0,0.3,0.6,0.5,-13.8,-0.2,7.0,-3.3,4.0,14.3,16.0,0.3,0.6,0.5,-4.8,-0.3,0.6,-2.0,4.0,4.5,16.0,0.3,0.6,0.5,1093.0,1560.5,6541.0,3714.0,4.0,4735.5,16.0,0.3,0.6,0.5,1095.0,1560.0,6540.0,3715.0,4.0,4735.0,16.0,0.3,0.6,0.5
1974,2,184.0,50.0,3.79,4.25,5.31,4.5,6.0,1.18,12.0,0.2,0.7,0.5,1.21,3.0,4.07,2.95,10.0,2.2,12.0,0.3,0.6,0.4,3.14,3.6,4.46,3.76,8.0,0.66,10.0,0.3,0.7,0.4,74.4,79.7,86.5,79.6,8.0,9.4,10.0,0.3,0.4,9.1,12.9,17.57,13.18,10.0,4.64,12.0,0.3,0.6,0.4,-11.34,5.69,11.33,0.86,10.0,11.09,12.0,0.3,0.6,0.4,-13.92,-3.28,2.82,-4.93,10.0,7.98,12.0,0.3,0.6,0.4,990.71,998.25,1013.93,1002.48,10.0,14.86,12.0,0.3,0.6,0.4,5.1,7.0,7.0,6.1,8.0,1.9,12.0,0.3,0.6,0.4,-188.3,38.8,131.3,-16.0,10.0,167.1,12.0,0.3,0.6,0.4,-217.0,-41.8,24.7,-88.2,10.0,139.6,12.0,0.3,0.6,0.4,0.9,2.25,4.21,2.5,6.0,1.73,12.0,0.2,0.7,0.5,17.6,26.4,66.0,36.0,6.0,26.4,12.0,0.2,0.7,0.5,1.26,1.47,1.78,1.59,6.0,0.61,12.0,0.2,0.7,0.5,13.4,23.1,31.5,23.0,6.0,9.6,12.0,0.2,0.7,0.5,-17.9,11.5,44.6,11.8,10.0,29.3,12.0,0.3,0.6,0.4,-37.0,-4.2,9.0,-10.9,10.0,24.0,12.0,0.3,0.6,0.4,-37.9,24.9,40.9,5.8,8.0,43.7,10.0,0.3,0.7,0.4,-40.6,-11.7,-0.7,-18.1,8.0,25.5,10.0,0.3,0.7,0.4,-27.3,-2.9,12.1,-6.6,6.0,20.8,12.0,0.2,0.7,0.5,-18.4,-10.8,-2.3,-11.4,6.0,9.2,12.0,0.2,0.7,0.5,783.0,2146.5,5438.5,3045.0,10.0,2690.0,12.0,0.3,0.6,0.4,785.0,2145.0,5440.0,3045.0,10.0,2690.0,12.0,0.3,0.6,0.4
1974,2,184.0,51.0,2.79,3.2,5.0,3.57,6.0,1.2,16.0,0.7,0.4,0.3,-2.0,1.5,2.86,0.76,7.0,2.42,12.0,0.4,0.4,0.3,2.94,3.2,3.86,3.38,5.0,0.53,10.0,0.4,0.5,0.4,81.7,87.5,97.2,89.1,6.0,8.1,14.0,0.5,0.4,5.33,7.45,15.1,9.43,8.0,5.2,12.0,0.5,0.4,0.3,-3.87,0.67,4.4,1.66,8.0,6.83,12.0,0.5,0.4,0.3,-7.5,-4.76,8.45,-0.83,8.0,8.83,12.0,0.5,0.4,0.3,989.39,1000.8,1022.57,1007.11,7.0,18.87,10.0,0.4,0.4,0.3,5.0,7.0,8.0,6.5,8.0,1.7,12.0,0.5,0.4,0.3,-25.3,5.1,41.4,38.0,8.0,114.1,12.0,0.5,0.4,0.3,-57.7,-30.8,160.5,24.0,8.0,121.1,12.0,0.5,0.4,0.3,1.28,3.0,5.1,3.22,5.0,2.54,16.0,0.6,0.4,0.4,9.9,20.4,41.3,24.8,5.0,18.6,16.0,0.6,0.4,0.4,0.92,1.43,2.1,1.51,4.0,0.72,14.0,0.5,0.4,0.3,6.8,11.5,16.1,11.4,4.0,5.5,14.0,0.5,0.4,0.3,-2.1,7.7,9.9,4.4,7.0,12.8,12.0,0.4,0.4,0.3,-1.4,7.6,15.8,8.1,7.0,21.9,12.0,0.4,0.4,0.3,-4.6,3.9,35.8,15.4,5.0,31.5,10.0,0.4,0.5,0.4,-21.5,-10.5,14.4,-2.8,5.0,25.3,10.0,0.4,0.5,0.4,-2.2,4.1,10.6,4.2,4.0,7.7,14.0,0.5,0.4,0.3,-10.7,-1.8,3.9,-3.3,4.0,10.3,14.0,0.5,0.4,0.3,159.5,415.0,3647.0,1621.5,8.0,2482.0,12.0,0.5,0.4,0.3,160.0,415.0,3645.0,1620.0,8.0,2480.0,12.0,0.5,0.4,0.3
1974,2,184.0,52.0,3.02,4.0,4.77,3.9,5.0,1.63,20.0,0.2,0.8,0.6,1.03,2.6,3.73,2.36,5.0,2.17,20.0,0.2,0.8,0.6,3.47,3.9,4.33,3.9,2.0,0.89,18.0,0.5,0.8,0.4,72.1,77.4,82.6,77.4,2.0,10.9,18.0,0.5,0.4,4.0,6.0,12.33,7.62,5.0,4.65,20.0,0.2,0.8,0.6,-6.11,2.1,7.36,1.27,5.0,7.67,20.0,0.2,0.8,0.6,-0.76,1.04,5.19,2.37,5.0,5.13,20.0,0.2,0.8,0.6,1002.84,1016.1,1024.6,1013.83,4.0,13.97,18.0,0.3,0.8,0.5,3.5,6.0,8.0,5.8,4.0,2.6,18.0,0.3,0.8,0.5,-52.9,4.4,67.3,10.4,5.0,84.2,20.0,0.2,0.8,0.6,-9.1,6.3,58.3,26.9,5.0,66.9,20.0,0.2,0.8,0.6,0.27,1.7,2.87,1.54,5.0,1.7,20.0,0.2,0.8,0.6,4.7,12.9,24.9,15.3,5.0,16.3,20.0,0.2,0.8,0.6,0.65,1.1,1.56,1.1,2.0,0.94,18.0,0.5,0.8,0.4,4.4,11.9,19.4,11.9,2.0,15.5,18.0,0.5,0.8,0.4,-3.3,10.5,17.9,7.7,5.0,17.9,20.0,0.2,0.8,0.6,-2.6,0.0,14.7,6.2,5.0,15.6,20.0,0.2,0.8,0.6,-16.2,-5.8,4.6,-5.8,2.0,21.6,18.0,0.5,0.8,0.4,5.8,18.3,30.7,18.3,2.0,25.8,18.0,0.5,0.8,0.4,-9.5,-5.3,-1.0,-5.3,2.0,8.7,18.0,0.5,0.8,0.4,3.1,9.9,16.7,9.9,2.0,14.0,18.0,0.5,0.8,0.4,87.5,216.0,1881.0,846.5,5.0,1009.5,20.0,0.2,0.8,0.6,90.0,215.0,1880.0,845.0,5.0,1010.0,20.0,0.2,0.8,0.6
1974,2,184.0,53.0,2.5,3.0,3.89,3.06,8.0,0.82,10.0,0.0,0.5,0.7,0.76,2.0,3.0,1.36,7.0,2.46,8.0,0.0,0.5,0.6,3.38,3.74,4.25,3.72,7.0,0.68,8.0,0.0,0.5,0.6,82.5,86.0,91.8,86.4,7.0,5.9,8.0,0.0,0.6,7.26,9.55,12.83,10.69,8.0,4.25,10.0,0.0,0.5,0.6,-7.18,-2.38,7.77,-1.29,8.0,7.84,10.0,0.0,0.5,0.6,-9.46,-6.37,1.99,-5.51,8.0,7.11,10.0,0.0,0.5,0.6,987.84,996.0,1006.41,995.66,9.0,11.0,10.0,0.0,0.5,0.6,8.0,8.0,8.0,8.0,4.0,0.0,10.0,0.0,0.5,0.6,-123.0,-16.5,72.3,-17.1,8.0,97.2,10.0,0.0,0.5,0.6,-94.6,-45.4,14.7,-73.6,8.0,126.1,10.0,0.0,0.5,0.6,-0.1,0.0,3.34,1.67,6.0,3.46,10.0,0.0,0.6,0.6,-0.7,0.0,24.0,11.5,6.0,23.3,10.0,0.0,0.6,0.6,0.33,0.75,1.65,1.03,6.0,0.98,10.0,0.0,0.6,0.6,3.9,7.7,12.5,8.5,6.0,6.2,10.0,0.0,0.6,0.6,-13.9,-7.2,10.1,-2.0,7.0,16.6,8.0,0.0,0.5,0.6,-29.8,-16.1,9.2,-9.5,7.0,22.3,8.0,0.0,0.5,0.6,-26.1,-11.1,2.3,-9.4,7.0,29.5,8.0,0.0,0.5,0.6,-37.4,-27.3,9.4,-21.7,7.0,28.9,8.0,0.0,0.5,0.6,-7.1,-2.4,0.9,-2.8,6.0,5.0,10.0,0.0,0.6,0.6,-12.3,-1.9,2.0,-4.5,6.0,8.1,10.0,0.0,0.6,0.6,382.5,873.0,2115.0,1801.5,8.0,2413.5,10.0,0.0,0.5,0.6,380.0,875.0,2115.0,1800.0,8.0,2415.0,10.0,0.0,0.5,0.6
1974,2,184.0,54.0,1.95,3.0,4.0,2.93,7.0,1.1,12.0,0.6,0.7,0.2,-2.78,-0.5,1.89,-0.44,8.0,2.29,12.0,0.5,0.7,0.1,2.86,3.22,3.87,3.3,7.0,0.56,12.0,0.6,0.6,0.1,66.8,93.0,100.0,86.5,7.0,15.5,12.0,0.6,0.1,7.81,10.05,12.83,9.84,8.0,4.92,12.0,0.5,0.7,0.1,-9.65,-5.11,0.0,-4.05,8.0,8.74,12.0,0.5,0.7,0.1,-8.15,-4.67,-0.29,-4.73,8.0,3.77,12.0,0.5,0.7,0.1,992.17,998.75,1017.75,1004.59,8.0,16.92,12.0,0.5,0.7,0.1,7.1,8.0,8.0,7.6,8.0,0.7,12.0,0.5,0.7,0.1,-114.1,-40.8,0.0,-50.3,8.0,124.4,12.0,0.5,0.7,0.1,-97.1,-53.7,-2.2,-52.5,8.0,43.4,12.0,0.5,0.7,0.1,0.48,4.0,5.05,3.29,7.0,2.34,12.0,0.6,0.7,0.2,0.0,21.8,50.7,29.7,7.0,31.8,12.0,0.6,0.7,0.2,0.94,1.79,2.03,1.56,6.0,0.75,12.0,0.7,0.7,0.1,3.1,11.3,19.6,11.4,6.0,8.9,12.0,0.7,0.7,0.1,-2.6,4.8,25.3,11.8,8.0,26.1,12.0,0.5,0.7,0.1,-7.3,1.8,9.6,2.1,8.0,12.7,12.0,0.5,0.7,0.1,-27.4,-11.5,2.5,-6.2,7.0,28.8,12.0,0.6,0.6,0.1,-31.5,-12.5,0.0,-15.2,7.0,13.6,12.0,0.6,0.6,0.1,-13.4,-1.6,0.8,-4.9,6.0,8.4,12.0,0.7,0.7,0.1,-15.9,-6.7,0.0,-7.9,6.0,7.8,12.0,0.7,0.7,0.1,479.0,1017.0,2115.0,1508.5,8.0,1545.5,12.0,0.5,0.7,0.1,480.0,1015.0,2115.0,1510.0,8.0,1545.0,12.0,0.5,0.7,0.1
1974,2,184.0,55.0,,,,,,,,,,,,,,,,,,,,,,,,,,,,,,,,,,,,,,,,18.0,18.0,18.0,18.0,1.0,0.0,24.0,0.0,0.1,0.6,-13.79,-13.79,-13.79,-13.79,1.0,0.0,24.0,0.0,0.1,0.6,11.57,11.57,11.57,11.57,1.0,0.0,24.0,0.0,0.1,0.6,1045.9,1045.9,1045.9,1045.9,1.0,0.0,24.0,0.0,0.1,0.6,,,,,,,,,,,,,,,,,,,,,,,,,,,,,,,,,,,,,,,,,,,,,,,,,,,,,,,,,,,,,,,,,,,,,,,,,,,,,,,,,,,,,,,,,,,,,,,,,,,,,,,,,,,,,,,,,,,,,,,,,,,,,,,,,,,,,,,,,,,,,,,,,,,,,,
1974,2,184.0,56.0,,,,,,,,,,,,,,,,,,,,,,,,,,,,,,,,,,,,,,,,6.17,8.7,12.25,9.2,3.0,4.47,12.0,0.3,0.7,0.3,-0.24,2.5,10.14,4.89,3.0,7.88,12.0,0.3,0.7,0.3,-7.22,-4.33,-3.02,-5.1,3.0,3.15,12.0,0.3,0.7,0.3,996.45,998.5,1011.13,1003.67,3.0,11.64,12.0,0.3,0.7,0.3,,,,,,,,,,,,,,,,,,,,,,,,,,,,,,,,,,,,,,,,,,,,,,,,,,,,,,,,,,,,,,,,,,,,,,,,,,,,,,,,,,,,,,,,,,,,,,,,,,,,,,,,,,,,,,,,,,,,,,,,,,,,,,,,,,,,,,,,,,,,,,,,,,,,,,
1974,2,184.0,57.0,,,,,,,,,,,,,,,,,,,,,,,,,,,,,,,,,,,,,,,,6.67,8.2,11.3,8.82,5.0,3.56,18.0,0.4,0.5,0.7,-2.1,0.0,6.86,2.44,5.0,6.75,18.0,0.4,0.5,0.7,-8.42,-7.71,-2.54,-5.81,5.0,3.84,18.0,0.4,0.5,0.7,1013.11,1019.8,1022.3,1017.62,5.0,7.29,16.0,0.2,0.6,0.6,,,,,,,,,,,,,,,,,,,,,,,,,,,,,,,,,,,,,,,,,,,,,,,,,,,,,,,,,,,,,,,,,,,,,,,,,,,,,,,,,,,,,,,,,,,,,,,,,,,,,,,,,,,,,,,,,,,,,,,,,,,,,,,,,,,,,,,,,,,,,,,,,,,,,,
1974,2,184.0,58.0,1.0,1.8,2.2,1.55,126.0,0.87,14.0,0.3,0.6,0.5,-12.12,-8.3,-1.1,-7.3,161.0,5.18,14.0,0.3,0.6,0.5,1.09,1.38,1.65,1.41,15.0,0.31,12.0,0.1,0.7,0.6,78.2,86.4,92.1,85.9,15.0,6.0,12.0,0.1,0.6,5.0,8.2,13.9,9.09,151.0,4.6,14.0,0.3,0.6,0.5,-10.08,-4.1,0.72,-4.02,151.0,6.43,14.0,0.3,0.6,0.5,-8.94,-5.36,0.0,-4.77,151.0,4.88,14.0,0.3,0.6,0.5,999.79,1012.7,1027.5,1013.81,160.0,13.59,14.0,0.3,0.6,0.5,6.0,8.0,8.0,7.1,126.0,1.7,14.0,0.4,0.7,0.5,-135.7,-31.5,1.5,-50.6,151.0,100.2,14.0,0.3,0.6,0.5,-107.4,-39.1,0.0,-52.0,151.0,72.6,14.0,0.3,0.6,0.5,2.77,9.3,13.8,8.76,125.0,5.26,14.0,0.3,0.7,0.5,20.3,73.8,156.5,86.0,115.0,65.0,14.0,0.3,0.6,0.5,2.76,3.01,3.28,2.99,15.0,0.33,12.0,0.1,0.7,0.6,19.1,30.4,35.4,28.0,15.0,9.3,12.0,0.1,0.7,0.6,-4.6,23.0,97.3,39.3,150.0,57.6,14.0,0.3,0.6,0.5,0.0,37.6,95.2,44.0,150.0,44.7,14.0,0.3,0.6,0.5,-21.4,-5.7,-0.1,-9.1,15.0,11.4,12.0,0.1,0.7,0.6,-9.3,-7.5,-4.2,-7.8,15.0,4.1,12.0,0.1,0.7,0.6,-33.8,-17.3,-0.1,-16.4,15.0,16.3,12.0,0.1,0.7,0.6,-25.1,-16.6,-8.3,-16.9,15.0,8.2,12.0,0.1,0.7,0.6,125.0,551.5,2685.5,1376.0,151.0,1953.5,14.0,0.3,0.6,0.5,125.0,550.0,2685.0,1375.0,151.0,1955.0,14.0,0.3,0.6,0.5
1974,2,184.0,59.0,-1.0,0.8,1.21,0.43,26.0,1.05,16.0,0.3,0.6,0.3,-15.75,-12.1,-3.49,-10.39,33.0,5.29,14.0,0.3,0.6,0.3,2.45,3.0,3.54,3.0,2.0,1.12,24.0,0.0,0.5,0.1,95.0,97.0,99.1,97.0,2.0,4.2,24.0,0.0,0.1,5.0,10.0,16.56,10.73,29.0,5.66,16.0,0.2,0.7,0.3,-14.99,-5.47,0.0,-5.35,29.0,8.08,16.0,0.2,0.7,0.3,-9.45,-5.81,0.0,-5.12,29.0,5.4,16.0,0.2,0.7,0.3,1010.72,1013.5,1021.4,1014.32,33.0,11.48,16.0,0.2,0.6,0.3,5.0,8.0,8.0,6.9,29.0,1.5,16.0,0.3,0.6,0.4,-257.8,-48.7,0.0,-82.5,29.0,135.7,16.0,0.2,0.7,0.3,-133.7,-64.0,0.0,-66.7,29.0,89.5,16.0,0.2,0.7,0.3,3.9,10.6,16.14,10.52,25.0,5.21,16.0,0.3,0.6,0.3,16.2,116.8,205.4,114.7,22.0,87.9,16.0,0.3,0.6,0.3,0.74,1.05,1.37,1.05,2.0,0.66,24.0,0.0,0.5,0.1,9.1,9.8,10.6,9.8,2.0,1.5,24.0,0.0,0.5,0.1,0.0,77.2,189.7,82.2,28.0,81.0,16.0,0.3,0.7,0.3,0.0,78.8,111.7,68.6,28.0,68.1,16.0,0.3,0.7,0.3,-4.2,20.4,45.0,20.4,2.0,51.0,24.0,0.0,0.5,0.1,0.4,1.4,2.3,1.4,2.0,1.9,24.0,0.0,0.5,0.1,-7.6,-1.0,5.7,-1.0,2.0,13.8,24.0,0.0,0.5,0.1,0.3,0.9,1.6,0.9,2.0,1.3,24.0,0.0,0.5,0.1,125.0,1000.0,4550.5,2235.5,29.0,2569.5,16.0,0.2,0.7,0.3,125.0,1000.0,4550.0,2235.0,29.0,2570.0,16.0,0.2,0.7,0.3
1974,2,184.0,60.0,,,,,,,,,,,,,,,,,,,,,,,,,,,,,,,,,,,,,,,,3.94,7.0,9.17,6.56,5.0,3.12,18.0,0.2,0.5,0.1,-5.21,-2.07,4.39,-0.82,5.0,5.74,18.0,0.2,0.5,0.1,-5.23,-2.98,1.98,-1.75,5.0,5.09,18.0,0.2,0.5,0.1,1003.25,1008.2,1010.56,1007.42,5.0,4.77,18.0,0.2,0.5,0.2,,,,,,,,,,,,,,,,,,,,,,,,,,,,,,,,,,,,,,,,,,,,,,,,,,,,,,,,,,,,,,,,,,,,,,,,,,,,,,,,,,,,,,,,,,,,,,,,,,,,,,,,,,,,,,,,,,,,,,,,,,,,,,,,,,,,,,,,,,,,,,,,,,,,,,
1974,2,185.0,-75.0,-0.1,-0.1,-0.1,-0.1,1.0,0.0,18.0,0.0,0.7,1.0,-6.2,-6.2,-6.2,-6.2,1.0,0.0,18.0,0.0,0.7,1.0,1.99,1.99,1.99,1.99,1.0,0.0,18.0,0.0,0.7,1.0,80.5,80.5,80.5,80.5,1.0,0.0,18.0,0.0,1.0,2.1,2.1,2.1,2.1,1.0,0.0,18.0,0.0,0.7,1.0,-2.07,-2.07,-2.07,-2.07,1.0,0.0,18.0,0.0,0.7,1.0,0.36,0.36,0.36,0.36,1.0,0.0,18.0,0.0,0.7,1.0,974.0,974.0,974.0,974.0,1.0,0.0,18.0,0.0,0.7,1.0,2.0,2.0,2.0,2.0,1.0,0.0,18.0,0.0,0.7,1.0,-4.3,-4.3,-4.3,-4.3,1.0,0.0,18.0,0.0,0.7,1.0,0.8,0.8,0.8,0.8,1.0,0.0,18.0,0.0,0.7,1.0,6.1,6.1,6.1,6.1,1.0,0.0,18.0,0.0,0.7,1.0,12.8,12.8,12.8,12.8,1.0,0.0,18.0,0.0,0.7,1.0,1.91,1.91,1.91,1.91,1.0,0.0,18.0,0.0,0.7,1.0,4.0,4.0,4.0,4.0,1.0,0.0,18.0,0.0,0.7,1.0,12.8,12.8,12.8,12.8,1.0,0.0,18.0,0.0,0.7,1.0,-2.3,-2.3,-2.3,-2.3,1.0,0.0,18.0,0.0,0.7,1.0,-4.1,-4.1,-4.1,-4.1,1.0,0.0,18.0,0.0,0.7,1.0,0.7,0.7,0.7,0.7,1.0,0.0,18.0,0.0,0.7,1.0,-3.9,-3.9,-3.9,-3.9,1.0,0.0,18.0,0.0,0.7,1.0,0.7,0.7,0.7,0.7,1.0,0.0,18.0,0.0,0.7,1.0,9.5,9.5,9.5,9.5,1.0,0.0,18.0,0.0,0.7,1.0,10.0,10.0,10.0,10.0,1.0,0.0,18.0,0.0,0.7,1.0
1974,2,185.0,-70.0,1.0,1.0,1.0,1.0,1.0,0.0,20.0,0.0,0.5,1.0,0.0,0.0,0.0,0.0,1.0,0.0,20.0,0.0,0.5,1.0,3.54,3.54,3.54,3.54,1.0,0.0,20.0,0.0,0.5,1.0,91.0,91.0,91.0,91.0,1.0,0.0,20.0,0.0,1.0,8.2,8.2,8.2,8.2,1.0,0.0,20.0,0.0,0.5,1.0,4.1,4.1,4.1,4.1,1.0,0.0,20.0,0.0,0.5,1.0,-7.1,-7.1,-7.1,-7.1,1.0,0.0,20.0,0.0,0.5,1.0,982.4,982.4,982.4,982.4,1.0,0.0,20.0,0.0,0.5,1.0,6.0,6.0,6.0,6.0,1.0,0.0,20.0,0.0,0.5,1.0,33.6,33.6,33.6,33.6,1.0,0.0,20.0,0.0,0.5,1.0,-58.2,-58.2,-58.2,-58.2,1.0,0.0,20.0,0.0,0.5,1.0,1.0,1.0,1.0,1.0,1.0,0.0,20.0,0.0,0.5,1.0,8.2,8.2,8.2,8.2,1.0,0.0,20.0,0.0,0.5,1.0,0.65,0.65,0.65,0.65,1.0,0.0,20.0,0.0,0.5,1.0,5.3,5.3,5.3,5.3,1.0,0.0,20.0,0.0,0.5,1.0,0.0,0.0,0.0,0.0,1.0,0.0,20.0,0.0,0.5,1.0,0.0,0.0,0.0,0.0,1.0,0.0,20.0,0.0,0.5,1.0,14.5,14.5,14.5,14.5,1.0,0.0,20.0,0.0,0.5,1.0,-25.2,-25.2,-25.2,-25.2,1.0,0.0,20.0,0.0,0.5,1.0,2.6,2.6,2.6,2.6,1.0,0.0,20.0,0.0,0.5,1.0,-4.6,-4.6,-4.6,-4.6,1.0,0.0,20.0,0.0,0.5,1.0,551.5,551.5,551.5,551.5,1.0,0.0,20.0,0.0,0.5,1.0,550.0,550.0,550.0,550.0,1.0,0.0,20.0,0.0,0.5,1.0
1974,2,185.0,-68.0,-1.2,-1.2,-1.2,-1.2,1.0,0.0,22.0,0.0,1.0,0.7,0.0,0.0,0.0,0.0,1.0,0.0,22.0,0.0,1.0,0.7,2.99,2.99,2.99,2.99,1.0,0.0,22.0,0.0,1.0,0.7,77.9,77.9,77.9,77.9,1.0,0.0,22.0,0.0,0.7,8.11,9.0,9.89,9.0,2.0,1.84,22.0,0.5,1.0,0.5,7.5,8.08,8.65,8.08,2.0,1.19,22.0,0.5,1.0,0.5,3.03,3.89,4.75,3.89,2.0,1.78,22.0,0.5,1.0,0.5,996.16,996.5,996.84,996.5,2.0,0.71,22.0,0.5,1.0,0.5,8.0,8.0,8.0,8.0,2.0,0.0,22.0,0.5,1.0,0.5,61.5,73.8,86.1,73.8,2.0,25.6,22.0,0.5,1.0,0.5,25.5,36.7,47.8,36.7,2.0,23.2,22.0,0.5,1.0,0.5,-1.2,-1.2,-1.2,-1.2,1.0,0.0,22.0,0.0,1.0,0.7,-12.4,-12.4,-12.4,-12.4,1.0,0.0,22.0,0.0,1.0,0.7,0.53,0.53,0.53,0.53,1.0,0.0,22.0,0.0,1.0,0.7,5.5,5.5,5.5,5.5,1.0,0.0,22.0,0.0,1.0,0.7,0.0,0.0,0.0,0.0,1.0,0.0,22.0,0.0,1.0,0.7,0.0,0.0,0.0,0.0,1.0,0.0,22.0,0.0,1.0,0.7,26.7,26.7,26.7,26.7,1.0,0.0,22.0,0.0,1.0,0.7,15.4,15.4,15.4,15.4,1.0,0.0,22.0,0.0,1.0,0.7,4.7,4.7,4.7,4.7,1.0,0.0,22.0,0.0,1.0,0.7,2.7,2.7,2.7,2.7,1.0,0.0,22.0,0.0,1.0,0.7,557.5,774.5,992.0,774.5,2.0,450.0,22.0,0.5,1.0,0.5,555.0,775.0,990.0,775.0,2.0,450.0,22.0,0.5,1.0,0.5
1974,2,185.0,-67.0,1.6,1.6,1.6,1.6,1.0,0.0,22.0,1.0,1.0,0.5,0.0,0.0,0.0,0.0,1.0,0.0,22.0,1.0,1.0,0.5,2.98,2.98,2.98,2.98,1.0,0.0,22.0,1.0,1.0,0.5,77.9,77.9,77.9,77.9,1.0,0.0,22.0,1.0,0.5,10.3,10.3,10.3,10.3,1.0,0.0,22.0,1.0,1.0,0.5,8.92,8.92,8.92,8.92,1.0,0.0,22.0,1.0,1.0,0.5,5.15,5.15,5.15,5.15,1.0,0.0,22.0,1.0,1.0,0.5,999.5,999.5,999.5,999.5,1.0,0.0,22.0,1.0,1.0,0.5,8.0,8.0,8.0,8.0,1.0,0.0,22.0,1.0,1.0,0.5,91.9,91.9,91.9,91.9,1.0,0.0,22.0,1.0,1.0,0.5,53.0,53.0,53.0,53.0,1.0,0.0,22.0,1.0,1.0,0.5,1.6,1.6,1.6,1.6,1.0,0.0,22.0,1.0,1.0,0.5,16.5,16.5,16.5,16.5,1.0,0.0,22.0,1.0,1.0,0.5,1.32,1.32,1.32,1.32,1.0,0.0,22.0,1.0,1.0,0.5,13.6,13.6,13.6,13.6,1.0,0.0,22.0,1.0,1.0,0.5,0.0,0.0,0.0,0.0,1.0,0.0,22.0,1.0,1.0,0.5,0.0,0.0,0.0,0.0,1.0,0.0,22.0,1.0,1.0,0.5,26.6,26.6,26.6,26.6,1.0,0.0,22.0,1.0,1.0,0.5,15.3,15.3,15.3,15.3,1.0,0.0,22.0,1.0,1.0,0.5,11.8,11.8,11.8,11.8,1.0,0.0,22.0,1.0,1.0,0.5,6.8,6.8,6.8,6.8,1.0,0.0,22.0,1.0,1.0,0.5,1092.5,1092.5,1092.5,1092.5,1.0,0.0,22.0,1.0,1.0,0.5,1095.0,1095.0,1095.0,1095.0,1.0,0.0,22.0,1.0,1.0,0.5
1974,2,185.0,-66.0,,,,,,,,,,,,,,,,,,,,,,,,,,,,,,,,,,,,,,,,,,,,,,,,,,,,,,,,,,,,,,,,,,,,,,,,,,,,,,,,8.0,8.0,8.0,8.0,1.0,0.0,22.0,1.0,1.0,0.3,12.8,12.8,12.8,12.8,1.0,0.0,22.0,1.0,1.0,0.3,2.3,2.3,2.3,2.3,1.0,0.0,22.0,1.0,1.0,0.3,,,,,,,,,,,,,,,,,,,,,,,,,,,,,,,,,,,,,,,,,,,,,,,,,,,,,,,,,,,,,,,,,,,,,,,,,,,,,,,,,,,,,,,,,,,,,,,,,,,,,,,,,,,,,,,,,,,,,,,,
1974,2,185.0,-65.0,,,,,,,,,,,,,,,,,,,,,,,,,,,,,,,,,,,,,,,,,,,,,,,,,,,,,,,,,,,,,,,,,,,,,,,,,,,,,,,,2.3,3.0,6.4,4.3,3.0,3.2,24.0,1.0,0.9,0.7,14.2,22.5,45.2,29.5,3.0,23.5,24.0,1.0,0.9,0.7,-46.3,-20.3,-15.3,-30.6,3.0,24.4,24.0,1.0,0.9,0.7,,,,,,,,,,,,,,,,,,,,,,,,,,,,,,,,,,,,,,,,,,,,,,,,,,,,,,,,,,,,,,,,,,,,,,,,,,,,,,,,,,,,,,,,,,,,,,,,,,,,,,,,,,,,,,,,,,,,,,,,
1974,2,185.0,-64.0,0.4,1.25,2.1,1.25,2.0,1.77,24.0,0.5,1.0,0.6,2.37,2.75,3.13,2.75,2.0,0.78,24.0,0.5,1.0,0.6,3.55,3.93,4.32,3.93,2.0,0.8,24.0,0.5,1.0,0.6,74.1,84.6,95.1,84.6,2.0,21.8,24.0,0.5,0.6,8.53,9.25,9.97,9.25,2.0,1.48,24.0,0.5,1.0,0.6,1.28,4.04,6.79,4.04,2.0,5.71,24.0,0.5,1.0,0.6,-8.44,-4.44,-0.44,-4.44,2.0,8.29,24.0,0.5,1.0,0.6,996.52,996.55,996.58,996.55,2.0,0.07,24.0,0.5,1.0,0.6,8.0,8.0,8.0,8.0,2.0,0.0,24.0,0.5,1.0,0.6,10.5,33.1,55.7,33.1,2.0,46.8,24.0,0.5,1.0,0.6,-87.4,-47.2,-7.0,-47.2,2.0,83.3,24.0,0.5,1.0,0.6,-1.98,-1.5,-1.02,-1.5,2.0,0.99,24.0,0.5,1.0,0.6,-20.1,-14.6,-9.1,-14.6,2.0,11.4,24.0,0.5,1.0,0.6,-0.36,0.29,0.93,0.29,2.0,1.34,24.0,0.5,1.0,0.6,-4.1,1.7,7.4,1.7,2.0,12.0,24.0,0.5,1.0,0.6,4.2,13.3,22.4,13.3,2.0,18.8,24.0,0.5,1.0,0.6,-18.3,-9.0,0.4,-9.0,2.0,19.3,24.0,0.5,1.0,0.6,4.3,13.6,22.9,13.6,2.0,19.2,24.0,0.5,1.0,0.6,-38.2,-20.8,-3.3,-20.8,2.0,36.2,24.0,0.5,1.0,0.6,1.6,5.0,8.4,5.0,2.0,7.0,24.0,0.5,1.0,0.6,2.6,4.3,6.0,4.3,2.0,3.6,24.0,0.5,1.0,0.6,637.5,822.0,1007.0,822.0,2.0,383.0,24.0,0.5,1.0,0.6,635.0,820.0,1005.0,820.0,2.0,385.0,24.0,0.5,1.0,0.6
1974,2,185.0,-62.0,2.2,2.2,2.2,2.2,1.0,0.0,24.0,0.0,1.0,1.0,3.8,3.8,3.8,3.8,1.0,0.0,24.0,0.0,1.0,1.0,3.37,3.37,3.37,3.37,1.0,0.0,24.0,0.0,1.0,1.0,67.3,67.3,67.3,67.3,1.0,0.0,24.0,0.0,1.0,,,,,,,,,,,,,,,,,,,,,,,,,,,,,,,,,,,,,,,,,,,,,,,,,,,,,,,,,,,,,,,,,,,,,,,,,,,,,,,,,,,,,,,,,,,,,,,,,,,,,,,,,,,,,,,,,,,,,,,,,,,,,,,,,,,,,,,,,,,,,,,,,,,,,,,,,,,,,,,,,,,,,,,,,,,,,,,,,,,,,,,,,,,,,,
1974,2,185.0,-59.0,4.4,4.4,4.4,4.4,3.0,0.0,26.0,0.7,1.0,1.0,6.39,7.2,7.7,7.05,4.0,0.79,26.0,0.8,1.0,1.0,4.89,5.72,5.95,5.43,4.0,0.88,26.0,0.8,1.0,1.0,77.8,89.3,92.7,85.4,4.0,10.6,26.0,0.8,1.0,7.95,8.5,9.05,8.5,2.0,1.13,26.0,0.5,1.0,1.0,5.44,6.5,7.56,6.5,2.0,2.2,26.0,0.5,1.0,1.0,-5.7,-5.27,-4.85,-5.27,2.0,0.88,26.0,0.5,1.0,1.0,991.87,994.55,998.39,995.1,4.0,4.02,26.0,0.8,1.0,1.0,4.0,6.0,7.4,5.7,3.0,2.5,26.0,0.7,1.0,1.0,43.9,56.5,69.1,56.5,2.0,26.0,26.0,0.5,1.0,1.0,-45.1,-44.3,-43.6,-44.3,2.0,1.5,26.0,0.5,1.0,1.0,-3.3,-3.3,-2.21,-2.77,3.0,0.92,26.0,0.7,1.0,1.0,-23.9,-20.6,-17.3,-20.6,2.0,6.8,26.0,0.5,1.0,1.0,-0.73,-0.42,0.61,-0.07,3.0,1.03,26.0,0.7,1.0,1.0,-1.1,3.5,8.1,3.5,2.0,9.5,26.0,0.5,1.0,1.0,39.9,43.6,47.4,43.6,2.0,7.8,26.0,0.5,1.0,1.0,-42.7,-36.9,-31.1,-36.9,2.0,12.1,26.0,0.5,1.0,1.0,29.1,30.8,32.6,30.8,2.0,3.6,26.0,0.5,1.0,1.0,-31.4,-26.5,-21.6,-26.5,2.0,10.2,26.0,0.5,1.0,1.0,-0.4,3.4,7.1,3.4,2.0,7.7,26.0,0.5,1.0,1.0,-3.9,-1.3,1.3,-1.3,2.0,5.4,26.0,0.5,1.0,1.0,511.5,630.5,749.0,630.5,2.0,246.0,26.0,0.5,1.0,1.0,510.0,630.0,750.0,630.0,2.0,245.0,26.0,0.5,1.0,1.0
1974,2,185.0,-54.0,9.0,9.0,9.0,9.0,1.0,0.0,20.0,1.0,0.1,0.4,10.0,10.0,10.0,10.0,1.0,0.0,20.0,1.0,0.1,0.4,7.16,7.16,7.16,7.16,1.0,0.0,20.0,1.0,0.1,0.4,93.5,93.5,93.5,93.5,1.0,0.0,20.0,1.0,0.4,,,,,,,,,,,,,,,,,,,,,,,,,,,,,,,,,,,,,,,,,,,,,,,,,,,,,,,,,,,,,,,,,,,,,,,,,,,,,,,,,,,,,,,,,,,,,,,,,,,,,,,,,,,,,,,,,,,,,,,,,,,,,,,,,,,,,,,,,,,,,,,,,,,,,,,,,,,,,,,,,,,,,,,,,,,,,,,,,,,,,,,,,,,,,,
1974,2,185.0,-49.0,12.0,12.0,12.0,12.0,1.0,0.0,22.0,1.0,0.7,0.7,7.8,8.0,8.2,8.0,2.0,0.42,24.0,1.0,0.9,0.9,4.79,4.79,4.79,4.79,1.0,0.0,26.0,1.0,1.0,1.0,72.1,72.1,72.1,72.1,1.0,0.0,26.0,1.0,1.0,8.54,10.35,12.16,10.35,2.0,3.75,24.0,1.0,0.9,0.9,-1.11,1.35,3.81,1.35,2.0,5.1,24.0,1.0,0.9,0.9,-2.93,3.45,9.83,3.45,2.0,13.22,24.0,1.0,0.9,0.9,995.87,1005.9,1015.93,1005.9,2.0,20.79,24.0,1.0,0.9,0.9,6.2,6.5,6.8,6.5,2.0,0.7,24.0,1.0,0.9,0.9,-18.6,4.4,27.4,4.4,2.0,47.7,24.0,1.0,0.9,0.9,-11.8,60.5,132.8,60.5,2.0,149.8,24.0,1.0,0.9,0.9,,,,,,,,,,,,,,,,,,,,,,,,,,,,,,,,,,,,,,,,,-9.7,9.7,29.1,9.7,2.0,40.2,24.0,1.0,0.9,0.9,-21.3,30.4,82.2,30.4,2.0,107.3,24.0,1.0,0.9,0.9,23.7,23.7,23.7,23.7,1.0,0.0,26.0,1.0,1.0,1.0,-28.3,-28.3,-28.3,-28.3,1.0,0.0,26.0,1.0,1.0,1.0,,,,,,,,,,,,,,,,,,,,,,,,,,,,,,,,,,,,,,,,
1974,2,185.0,-47.0,12.83,13.55,14.27,13.55,2.0,1.48,20.0,0.5,0.4,0.7,9.77,11.0,12.23,11.0,2.0,2.55,20.0,0.5,0.4,0.7,8.01,8.01,8.01,8.01,1.0,0.0,18.0,1.0,0.7,0.6,88.8,88.8,88.8,88.8,1.0,0.0,18.0,1.0,0.6,3.1,3.1,3.1,3.1,1.0,0.0,18.0,1.0,0.7,0.6,-1.55,-1.55,-1.55,-1.55,1.0,0.0,18.0,1.0,0.7,0.6,2.68,2.68,2.68,2.68,1.0,0.0,18.0,1.0,0.7,0.6,1024.33,1025.9,1027.47,1025.9,2.0,3.25,20.0,0.5,0.4,0.7,6.3,7.0,7.7,7.0,2.0,1.4,20.0,0.5,0.4,0.7,-4.8,-4.8,-4.8,-4.8,1.0,0.0,18.0,1.0,0.7,0.6,8.3,8.3,8.3,8.3,1.0,0.0,18.0,1.0,0.7,0.6,2.04,2.55,3.06,2.55,2.0,1.06,20.0,0.5,0.4,0.7,5.6,5.6,5.6,5.6,1.0,0.0,18.0,1.0,0.7,0.6,2.14,2.14,2.14,2.14,1.0,0.0,18.0,1.0,0.7,0.6,6.6,6.6,6.6,6.6,1.0,0.0,18.0,1.0,0.7,0.6,-19.8,-19.8,-19.8,-19.8,1.0,0.0,18.0,1.0,0.7,0.6,34.4,34.4,34.4,34.4,1.0,0.0,18.0,1.0,0.7,0.6,-12.4,-12.4,-12.4,-12.4,1.0,0.0,18.0,1.0,0.7,0.6,21.5,21.5,21.5,21.5,1.0,0.0,18.0,1.0,0.7,0.6,-3.3,-3.3,-3.3,-3.3,1.0,0.0,18.0,1.0,0.7,0.6,5.8,5.8,5.8,5.8,1.0,0.0,18.0,1.0,0.7,0.6,30.0,30.0,30.0,30.0,1.0,0.0,18.0,1.0,0.7,0.6,30.0,30.0,30.0,30.0,1.0,0.0,18.0,1.0,0.7,0.6
1974,2,185.0,-44.0,17.5,17.5,17.5,17.5,1.0,0.0,18.0,1.0,1.0,0.9,16.4,16.4,16.4,16.4,1.0,0.0,18.0,1.0,1.0,0.9,9.88,9.88,9.88,9.88,1.0,0.0,18.0,1.0,1.0,0.9,86.3,86.3,86.3,86.3,1.0,0.0,18.0,1.0,0.9,5.1,5.1,5.1,5.1,1.0,0.0,18.0,1.0,1.0,0.9,-4.79,-4.79,-4.79,-4.79,1.0,0.0,18.0,1.0,1.0,0.9,-1.74,-1.74,-1.74,-1.74,1.0,0.0,18.0,1.0,1.0,0.9,1022.8,1022.8,1022.8,1022.8,1.0,0.0,18.0,1.0,1.0,0.9,8.0,8.0,8.0,8.0,1.0,0.0,18.0,1.0,1.0,0.9,-24.4,-24.4,-24.4,-24.4,1.0,0.0,18.0,1.0,1.0,0.9,-8.9,-8.9,-8.9,-8.9,1.0,0.0,18.0,1.0,1.0,0.9,1.1,1.1,1.1,1.1,1.0,0.0,18.0,1.0,1.0,0.9,5.6,5.6,5.6,5.6,1.0,0.0,18.0,1.0,1.0,0.9,2.42,2.42,2.42,2.42,1.0,0.0,18.0,1.0,1.0,0.9,12.3,12.3,12.3,12.3,1.0,0.0,18.0,1.0,1.0,0.9,-78.6,-78.6,-78.6,-78.6,1.0,0.0,18.0,1.0,1.0,0.9,-28.6,-28.6,-28.6,-28.6,1.0,0.0,18.0,1.0,1.0,0.9,-47.4,-47.4,-47.4,-47.4,1.0,0.0,18.0,1.0,1.0,0.9,-17.2,-17.2,-17.2,-17.2,1.0,0.0,18.0,1.0,1.0,0.9,-11.6,-11.6,-11.6,-11.6,1.0,0.0,18.0,1.0,1.0,0.9,-4.2,-4.2,-4.2,-4.2,1.0,0.0,18.0,1.0,1.0,0.9,132.5,132.5,132.5,132.5,1.0,0.0,18.0,1.0,1.0,0.9,135.0,135.0,135.0,135.0,1.0,0.0,18.0,1.0,1.0,0.9
1974,2,185.0,-43.0,19.4,19.4,19.4,19.4,2.0,0.0,24.0,0.5,0.6,0.7,17.5,17.5,17.5,17.5,2.0,0.0,24.0,0.5,0.6,0.7,7.58,7.65,7.72,7.65,2.0,0.15,24.0,0.5,0.6,0.7,61.7,62.2,62.8,62.2,2.0,1.2,24.0,0.5,0.7,6.7,6.7,6.7,6.7,2.0,0.0,24.0,0.5,0.6,0.7,-2.29,-2.29,-2.29,-2.29,2.0,0.0,24.0,0.5,0.6,0.7,-6.3,-6.3,-6.3,-6.3,2.0,0.0,24.0,0.5,0.6,0.7,1020.4,1020.4,1020.4,1020.4,2.0,0.0,24.0,0.5,0.6,0.7,8.0,8.0,8.0,8.0,2.0,0.0,24.0,0.5,0.6,0.7,-15.4,-15.4,-15.4,-15.4,2.0,0.0,24.0,0.5,0.6,0.7,-42.2,-42.2,-42.2,-42.2,2.0,0.0,24.0,0.5,0.6,0.7,1.9,1.9,1.9,1.9,2.0,0.0,24.0,0.5,0.6,0.7,12.7,12.7,12.7,12.7,2.0,0.0,24.0,0.5,0.6,0.7,6.18,6.25,6.32,6.25,2.0,0.15,24.0,0.5,0.6,0.7,41.4,41.9,42.4,41.9,2.0,1.0,24.0,0.5,0.6,0.7,-40.1,-40.1,-40.1,-40.1,2.0,0.0,24.0,0.5,0.6,0.7,-110.2,-110.2,-110.2,-110.2,2.0,0.0,24.0,0.5,0.6,0.7,-17.7,-17.5,-17.4,-17.5,2.0,0.3,24.0,0.5,0.6,0.7,-48.6,-48.2,-47.7,-48.2,2.0,0.9,24.0,0.5,0.6,0.7,-14.5,-14.3,-14.2,-14.3,2.0,0.3,24.0,0.5,0.6,0.7,-39.8,-39.4,-38.9,-39.4,2.0,0.9,24.0,0.5,0.6,0.7,301.0,301.0,301.0,301.0,2.0,0.0,24.0,0.5,0.6,0.7,300.0,300.0,300.0,300.0,2.0,0.0,24.0,0.5,0.6,0.7
1974,2,185.0,-42.0,16.8,16.8,16.8,16.8,1.0,0.0,2.0,1.0,1.0,0.2,16.6,16.6,16.6,16.6,1.0,0.0,2.0,1.0,1.0,0.2,10.04,10.04,10.04,10.04,1.0,0.0,2.0,1.0,1.0,0.2,87.4,87.4,87.4,87.4,1.0,0.0,2.0,1.0,0.2,5.1,5.1,5.1,5.1,1.0,0.0,2.0,1.0,1.0,0.2,-1.74,-1.74,-1.74,-1.74,1.0,0.0,2.0,1.0,1.0,0.2,-4.79,-4.79,-4.79,-4.79,1.0,0.0,2.0,1.0,1.0,0.2,1033.1,1033.1,1033.1,1033.1,1.0,0.0,2.0,1.0,1.0,0.2,7.0,7.0,7.0,7.0,1.0,0.0,2.0,1.0,1.0,0.2,-8.9,-8.9,-8.9,-8.9,1.0,0.0,2.0,1.0,1.0,0.2,-24.4,-24.4,-24.4,-24.4,1.0,0.0,2.0,1.0,1.0,0.2,0.2,0.2,0.2,0.2,1.0,0.0,2.0,1.0,1.0,0.2,1.0,1.0,1.0,1.0,1.0,0.0,2.0,1.0,1.0,0.2,1.61,1.61,1.61,1.61,1.0,0.0,2.0,1.0,1.0,0.2,8.2,8.2,8.2,8.2,1.0,0.0,2.0,1.0,1.0,0.2,-29.0,-29.0,-29.0,-29.0,1.0,0.0,2.0,1.0,1.0,0.2,-79.6,-79.6,-79.6,-79.6,1.0,0.0,2.0,1.0,1.0,0.2,-17.5,-17.5,-17.5,-17.5,1.0,0.0,2.0,1.0,1.0,0.2,-48.1,-48.1,-48.1,-48.1,1.0,0.0,2.0,1.0,1.0,0.2,-2.8,-2.8,-2.8,-2.8,1.0,0.0,2.0,1.0,1.0,0.2,-7.7,-7.7,-7.7,-7.7,1.0,0.0,2.0,1.0,1.0,0.2,132.5,132.5,132.5,132.5,1.0,0.0,2.0,1.0,1.0,0.2,135.0,135.0,135.0,135.0,1.0,0.0,2.0,1.0,1.0,0.2
1974,2,185.0,-40.0,19.4,19.4,19.4,19.4,1.0,0.0,8.0,1.0,0.2,0.3,19.8,19.8,19.8,19.8,1.0,0.0,8.0,1.0,0.2,0.3,12.71,12.71,12.71,12.71,1.0,0.0,8.0,1.0,0.2,0.3,89.4,89.4,89.4,89.4,1.0,0.0,8.0,1.0,0.3,3.1,3.1,3.1,3.1,1.0,0.0,8.0,1.0,0.2,0.3,1.99,1.99,1.99,1.99,1.0,0.0,8.0,1.0,0.2,0.3,-2.37,-2.37,-2.37,-2.37,1.0,0.0,8.0,1.0,0.2,0.3,1022.0,1022.0,1022.0,1022.0,1.0,0.0,8.0,1.0,0.2,0.3,1.0,1.0,1.0,1.0,1.0,0.0,8.0,1.0,0.2,0.3,6.2,6.2,6.2,6.2,1.0,0.0,8.0,1.0,0.2,0.3,-7.4,-7.4,-7.4,-7.4,1.0,0.0,8.0,1.0,0.2,0.3,-0.4,-0.4,-0.4,-0.4,1.0,0.0,8.0,1.0,0.2,0.3,-1.2,-1.2,-1.2,-1.2,1.0,0.0,8.0,1.0,0.2,0.3,1.17,1.17,1.17,1.17,1.0,0.0,8.0,1.0,0.2,0.3,3.6,3.6,3.6,3.6,1.0,0.0,8.0,1.0,0.2,0.3,39.5,39.5,39.5,39.5,1.0,0.0,8.0,1.0,0.2,0.3,-47.0,-47.0,-47.0,-47.0,1.0,0.0,8.0,1.0,0.2,0.3,25.3,25.3,25.3,25.3,1.0,0.0,8.0,1.0,0.2,0.3,-30.2,-30.2,-30.2,-30.2,1.0,0.0,8.0,1.0,0.2,0.3,2.3,2.3,2.3,2.3,1.0,0.0,8.0,1.0,0.2,0.3,-2.8,-2.8,-2.8,-2.8,1.0,0.0,8.0,1.0,0.2,0.3,30.0,30.0,30.0,30.0,1.0,0.0,8.0,1.0,0.2,0.3,30.0,30.0,30.0,30.0,1.0,0.0,8.0,1.0,0.2,0.3
1974,2,185.0,-39.0,18.6,18.6,18.6,18.6,1.0,0.0,8.0,1.0,1.0,0.7,20.2,20.2,20.2,20.2,1.0,0.0,8.0,1.0,1.0,0.7,12.0,12.0,12.0,12.0,1.0,0.0,8.0,1.0,1.0,0.7,82.4,82.4,82.4,82.4,1.0,0.0,8.0,1.0,0.7,4.6,4.6,4.6,4.6,1.0,0.0,8.0,1.0,1.0,0.7,-0.8,-0.8,-0.8,-0.8,1.0,0.0,8.0,1.0,1.0,0.7,-4.53,-4.53,-4.53,-4.53,1.0,0.0,8.0,1.0,1.0,0.7,1022.0,1022.0,1022.0,1022.0,1.0,0.0,8.0,1.0,1.0,0.7,3.0,3.0,3.0,3.0,1.0,0.0,8.0,1.0,1.0,0.7,-3.7,-3.7,-3.7,-3.7,1.0,0.0,8.0,1.0,1.0,0.7,-20.8,-20.8,-20.8,-20.8,1.0,0.0,8.0,1.0,1.0,0.7,-1.6,-1.6,-1.6,-1.6,1.0,0.0,8.0,1.0,1.0,0.7,-7.4,-7.4,-7.4,-7.4,1.0,0.0,8.0,1.0,1.0,0.7,1.2,1.2,1.2,1.2,1.0,0.0,8.0,1.0,1.0,0.7,5.5,5.5,5.5,5.5,1.0,0.0,8.0,1.0,1.0,0.7,-16.1,-16.1,-16.1,-16.1,1.0,0.0,8.0,1.0,1.0,0.7,-91.5,-91.5,-91.5,-91.5,1.0,0.0,8.0,1.0,1.0,0.7,-9.6,-9.6,-9.6,-9.6,1.0,0.0,8.0,1.0,1.0,0.7,-54.4,-54.4,-54.4,-54.4,1.0,0.0,8.0,1.0,1.0,0.7,-1.0,-1.0,-1.0,-1.0,1.0,0.0,8.0,1.0,1.0,0.7,-5.4,-5.4,-5.4,-5.4,1.0,0.0,8.0,1.0,1.0,0.7,97.5,97.5,97.5,97.5,1.0,0.0,8.0,1.0,1.0,0.7,95.0,95.0,95.0,95.0,1.0,0.0,8.0,1.0,1.0,0.7
1974,2,185.0,-37.0,20.8,20.8,20.8,20.8,1.0,0.0,14.0,1.0,0.7,0.6,22.4,22.4,22.4,22.4,1.0,0.0,14.0,1.0,0.7,0.6,13.2,13.2,13.2,13.2,1.0,0.0,14.0,1.0,0.7,0.6,79.1,79.1,79.1,79.1,1.0,0.0,14.0,1.0,0.6,4.1,4.1,4.1,4.1,1.0,0.0,14.0,1.0,0.7,0.6,-3.85,-3.85,-3.85,-3.85,1.0,0.0,14.0,1.0,0.7,0.6,-1.4,-1.4,-1.4,-1.4,1.0,0.0,14.0,1.0,0.7,0.6,1022.3,1022.3,1022.3,1022.3,1.0,0.0,14.0,1.0,0.7,0.6,6.0,6.0,6.0,6.0,1.0,0.0,14.0,1.0,0.7,0.6,-15.8,-15.8,-15.8,-15.8,1.0,0.0,14.0,1.0,0.7,0.6,-5.7,-5.7,-5.7,-5.7,1.0,0.0,14.0,1.0,0.7,0.6,-1.6,-1.6,-1.6,-1.6,1.0,0.0,14.0,1.0,0.7,0.6,-6.6,-6.6,-6.6,-6.6,1.0,0.0,14.0,1.0,0.7,0.6,1.95,1.95,1.95,1.95,1.0,0.0,14.0,1.0,0.7,0.6,8.0,8.0,8.0,8.0,1.0,0.0,14.0,1.0,0.7,0.6,-86.3,-86.3,-86.3,-86.3,1.0,0.0,14.0,1.0,0.7,0.6,-31.4,-31.4,-31.4,-31.4,1.0,0.0,14.0,1.0,0.7,0.6,-50.8,-50.8,-50.8,-50.8,1.0,0.0,14.0,1.0,0.7,0.6,-18.5,-18.5,-18.5,-18.5,1.0,0.0,14.0,1.0,0.7,0.6,-7.5,-7.5,-7.5,-7.5,1.0,0.0,14.0,1.0,0.7,0.6,-2.7,-2.7,-2.7,-2.7,1.0,0.0,14.0,1.0,0.7,0.6,69.0,69.0,69.0,69.0,1.0,0.0,14.0,1.0,0.7,0.6,70.0,70.0,70.0,70.0,1.0,0.0,14.0,1.0,0.7,0.6
1974,2,185.0,-35.0,21.45,23.0,23.77,22.72,5.0,1.32,18.0,0.6,0.5,0.5,21.65,22.2,22.7,22.18,4.0,0.61,20.0,0.5,0.4,0.5,12.9,13.66,14.58,13.74,4.0,1.01,20.0,0.5,0.4,0.5,78.0,82.6,88.3,83.1,4.0,7.6,20.0,0.5,0.5,3.87,7.7,9.6,7.1,5.0,3.9,18.0,0.6,0.5,0.5,-9.6,-7.58,-1.08,-5.84,5.0,5.52,18.0,0.6,0.5,0.5,-0.49,0.0,1.58,0.6,5.0,2.16,18.0,0.6,0.5,0.5,1015.95,1017.7,1019.61,1017.76,5.0,2.15,18.0,0.6,0.5,0.5,4.6,5.0,6.7,5.6,5.0,1.5,18.0,0.6,0.5,0.5,-98.4,-58.4,-1.6,-56.7,5.0,68.2,18.0,0.6,0.5,0.5,-3.8,0.0,7.3,1.9,5.0,11.0,18.0,0.6,0.5,0.5,-0.83,0.3,1.8,0.48,4.0,1.8,20.0,0.5,0.4,0.5,-10.5,1.2,5.3,-2.4,4.0,11.8,20.0,0.5,0.4,0.5,1.94,3.29,4.83,3.38,4.0,2.0,20.0,0.5,0.4,0.5,11.6,16.1,27.8,19.5,4.0,12.7,20.0,0.5,0.4,0.5,-233.0,-111.6,-8.0,-120.1,4.0,141.9,20.0,0.5,0.4,0.5,0.0,0.0,51.4,24.5,4.0,49.1,20.0,0.5,0.4,0.5,-140.6,-74.5,-4.5,-72.7,4.0,83.0,20.0,0.5,0.4,0.5,0.0,0.0,32.2,15.4,4.0,30.7,20.0,0.5,0.4,0.5,-27.1,-11.7,-0.9,-13.9,4.0,18.2,20.0,0.5,0.4,0.5,0.0,0.0,8.3,3.9,4.0,7.9,20.0,0.5,0.4,0.5,68.0,456.5,1074.0,635.0,5.0,869.0,18.0,0.6,0.5,0.5,70.0,455.0,1075.0,635.0,5.0,870.0,18.0,0.6,0.5,0.5
1974,2,185.0,-34.0,,,,,,,,,,,,,,,,,,,,,,,,,,,,,,,,,,,,,,,,6.2,6.2,6.2,6.2,1.0,0.0,10.0,1.0,0.4,0.3,-6.11,-6.11,-6.11,-6.11,1.0,0.0,10.0,1.0,0.4,0.3,1.08,1.08,1.08,1.08,1.0,0.0,10.0,1.0,0.4,0.3,1017.6,1017.6,1017.6,1017.6,1.0,0.0,10.0,1.0,0.4,0.3,7.0,7.0,7.0,7.0,1.0,0.0,10.0,1.0,0.4,0.3,-37.9,-37.9,-37.9,-37.9,1.0,0.0,10.0,1.0,0.4,0.3,6.7,6.7,6.7,6.7,1.0,0.0,10.0,1.0,0.4,0.3,,,,,,,,,,,,,,,,,,,,,,,,,,,,,,,,,,,,,,,,,-136.2,-136.2,-136.2,-136.2,1.0,0.0,10.0,1.0,0.4,0.3,24.0,24.0,24.0,24.0,1.0,0.0,10.0,1.0,0.4,0.3,-93.5,-93.5,-93.5,-93.5,1.0,0.0,10.0,1.0,0.4,0.3,16.5,16.5,16.5,16.5,1.0,0.0,10.0,1.0,0.4,0.3,,,,,,,,,,,,,,,,,,,,,,,,,,,,,,,,,,,,,,,,
1974,2,185.0,-33.0,23.0,23.0,23.0,23.0,1.0,0.0,10.0,1.0,0.8,0.4,21.5,21.5,21.5,21.5,1.0,0.0,10.0,1.0,0.8,0.4,13.93,13.93,13.93,13.93,1.0,0.0,10.0,1.0,0.8,0.4,87.8,87.8,87.8,87.8,1.0,0.0,10.0,1.0,0.4,7.7,7.7,7.7,7.7,1.0,0.0,10.0,1.0,0.8,0.4,-7.58,-7.58,-7.58,-7.58,1.0,0.0,10.0,1.0,0.8,0.4,1.34,1.34,1.34,1.34,1.0,0.0,10.0,1.0,0.8,0.4,1018.2,1018.2,1018.2,1018.2,1.0,0.0,10.0,1.0,0.8,0.4,7.0,7.0,7.0,7.0,1.0,0.0,10.0,1.0,0.8,0.4,-58.4,-58.4,-58.4,-58.4,1.0,0.0,10.0,1.0,0.8,0.4,10.3,10.3,10.3,10.3,1.0,0.0,10.0,1.0,0.8,0.4,1.5,1.5,1.5,1.5,1.0,0.0,10.0,1.0,0.8,0.4,11.6,11.6,11.6,11.6,1.0,0.0,10.0,1.0,0.8,0.4,3.49,3.49,3.49,3.49,1.0,0.0,10.0,1.0,0.8,0.4,26.8,26.8,26.8,26.8,1.0,0.0,10.0,1.0,0.8,0.4,-163.0,-163.0,-163.0,-163.0,1.0,0.0,10.0,1.0,0.8,0.4,28.7,28.7,28.7,28.7,1.0,0.0,10.0,1.0,0.8,0.4,-105.7,-105.7,-105.7,-105.7,1.0,0.0,10.0,1.0,0.8,0.4,18.6,18.6,18.6,18.6,1.0,0.0,10.0,1.0,0.8,0.4,-26.4,-26.4,-26.4,-26.4,1.0,0.0,10.0,1.0,0.8,0.4,4.7,4.7,4.7,4.7,1.0,0.0,10.0,1.0,0.8,0.4,456.5,456.5,456.5,456.5,1.0,0.0,10.0,1.0,0.8,0.4,455.0,455.0,455.0,455.0,1.0,0.0,10.0,1.0,0.8,0.4
1974,2,185.0,-32.0,26.1,26.1,26.1,26.1,1.0,0.0,16.0,1.0,0.4,0.6,25.0,25.0,25.0,25.0,1.0,0.0,16.0,1.0,0.4,0.6,17.11,17.11,17.11,17.11,1.0,0.0,16.0,1.0,0.4,0.6,87.1,87.1,87.1,87.1,1.0,0.0,16.0,1.0,0.6,8.7,8.7,8.7,8.7,1.0,0.0,16.0,1.0,0.4,0.6,-8.57,-8.57,-8.57,-8.57,1.0,0.0,16.0,1.0,0.4,0.6,-1.51,-1.51,-1.51,-1.51,1.0,0.0,16.0,1.0,0.4,0.6,1018.0,1018.0,1018.0,1018.0,1.0,0.0,16.0,1.0,0.4,0.6,4.0,4.0,4.0,4.0,1.0,0.0,16.0,1.0,0.4,0.6,-74.5,-74.5,-74.5,-74.5,1.0,0.0,16.0,1.0,0.4,0.6,-13.1,-13.1,-13.1,-13.1,1.0,0.0,16.0,1.0,0.4,0.6,1.1,1.1,1.1,1.1,1.0,0.0,16.0,1.0,0.4,0.6,9.6,9.6,9.6,9.6,1.0,0.0,16.0,1.0,0.4,0.6,3.92,3.92,3.92,3.92,1.0,0.0,16.0,1.0,0.4,0.6,34.1,34.1,34.1,34.1,1.0,0.0,16.0,1.0,0.4,0.6,-214.2,-214.2,-214.2,-214.2,1.0,0.0,16.0,1.0,0.4,0.6,-37.8,-37.8,-37.8,-37.8,1.0,0.0,16.0,1.0,0.4,0.6,-146.6,-146.6,-146.6,-146.6,1.0,0.0,16.0,1.0,0.4,0.6,-25.8,-25.8,-25.8,-25.8,1.0,0.0,16.0,1.0,0.4,0.6,-33.6,-33.6,-33.6,-33.6,1.0,0.0,16.0,1.0,0.4,0.6,-5.9,-5.9,-5.9,-5.9,1.0,0.0,16.0,1.0,0.4,0.6,658.5,658.5,658.5,658.5,1.0,0.0,16.0,1.0,0.4,0.6,660.0,660.0,660.0,660.0,1.0,0.0,16.0,1.0,0.4,0.6
1974,2,185.0,-30.0,26.6,26.6,26.6,26.6,1.0,0.0,28.0,1.0,0.4,0.9,26.0,26.0,26.0,26.0,1.0,0.0,28.0,1.0,0.4,0.9,18.14,18.14,18.14,18.14,1.0,0.0,28.0,1.0,0.4,0.9,85.6,85.6,85.6,85.6,1.0,0.0,28.0,1.0,0.9,,,,,,,,,,,,,,,,,,,,,,,,,,,,,,,,,,,,,,,,,,,,,,,,,,,,,,,,,,,,,,,,,,,,,,,,,,,,,,,,,,,,,,,,,,,,,,,,,,,,,,,,,,,,,,,,,,,,,,,,,,,,,,,,,,,,,,,,,,,,,,,,,,,,,,,,,,,,,,,,,,,,,,,,,,,,,,,,,,,,,,,,,,,,,,
1974,2,185.0,-29.0,24.91,26.0,26.27,25.6,3.0,1.06,18.0,1.0,0.8,0.5,26.19,26.6,26.67,26.43,3.0,0.38,18.0,1.0,0.8,0.5,14.83,15.46,16.09,15.46,2.0,1.31,14.0,1.0,0.8,0.5,71.1,78.6,80.0,75.6,3.0,7.1,18.0,1.0,0.5,8.43,10.0,11.57,10.0,2.0,3.25,14.0,1.0,0.8,0.5,-11.57,-10.0,-8.43,-10.0,2.0,3.25,14.0,1.0,0.8,0.5,0.0,0.0,0.0,0.0,2.0,0.0,14.0,1.0,0.8,0.5,1019.29,1022.05,1024.81,1022.05,2.0,5.73,14.0,1.0,0.8,0.5,2.3,5.0,7.0,4.7,3.0,3.5,18.0,1.0,0.8,0.5,-136.7,-105.3,-73.9,-105.3,2.0,65.1,14.0,1.0,0.8,0.5,0.0,0.0,0.0,0.0,2.0,0.0,14.0,1.0,0.8,0.5,-1.63,-0.2,-0.06,-0.83,3.0,1.27,18.0,1.0,0.8,0.5,-23.8,-14.1,-4.5,-14.1,2.0,20.0,14.0,1.0,0.8,0.5,4.32,4.4,4.48,4.4,2.0,0.16,14.0,1.0,0.8,0.5,37.6,43.7,49.9,43.7,2.0,12.7,14.0,1.0,0.8,0.5,-308.1,-264.3,-220.5,-264.3,2.0,90.7,14.0,1.0,0.8,0.5,0.0,0.0,0.0,0.0,2.0,0.0,14.0,1.0,0.8,0.5,-170.5,-152.5,-134.5,-152.5,2.0,37.2,14.0,1.0,0.8,0.5,0.0,0.0,0.0,0.0,2.0,0.0,14.0,1.0,0.8,0.5,-49.9,-43.7,-37.6,-43.7,2.0,12.7,14.0,1.0,0.8,0.5,0.0,0.0,0.0,0.0,2.0,0.0,14.0,1.0,0.8,0.5,679.5,1158.5,1638.0,1158.5,2.0,993.0,14.0,1.0,0.8,0.5,680.0,1160.0,1640.0,1160.0,2.0,995.0,14.0,1.0,0.8,0.5
1974,2,185.0,-28.0,26.1,26.1,26.1,26.1,1.0,0.0,6.0,1.0,0.6,0.6,25.06,25.2,25.34,25.2,2.0,0.28,14.0,0.5,0.3,0.4,16.46,16.47,16.48,16.47,2.0,0.02,14.0,0.5,0.3,0.4,81.8,82.5,83.1,82.5,2.0,1.4,14.0,0.5,0.4,5.25,6.65,8.05,6.65,2.0,2.9,14.0,0.5,0.3,0.4,-6.29,-5.49,-4.69,-5.49,2.0,1.66,14.0,0.5,0.3,0.4,-4.46,-2.01,0.44,-2.01,2.0,5.07,14.0,0.5,0.3,0.4,1012.15,1012.7,1013.25,1012.7,2.0,1.13,14.0,0.5,0.3,0.4,0.5,1.5,2.5,1.5,2.0,2.1,14.0,0.5,0.3,0.4,-51.9,-38.9,-25.9,-38.9,2.0,26.9,14.0,0.5,0.3,0.4,-39.8,-20.7,-1.6,-20.7,2.0,39.5,14.0,0.5,0.3,0.4,1.1,1.1,1.1,1.1,1.0,0.0,6.0,1.0,0.6,0.6,5.1,5.1,5.1,5.1,1.0,0.0,6.0,1.0,0.6,0.6,4.66,4.66,4.66,4.66,1.0,0.0,6.0,1.0,0.6,0.6,21.4,21.4,21.4,21.4,1.0,0.0,6.0,1.0,0.6,0.6,-159.6,-138.7,-117.8,-138.7,2.0,43.3,14.0,0.5,0.3,0.4,-113.3,-51.4,10.5,-51.4,2.0,128.3,14.0,0.5,0.3,0.4,-103.7,-90.5,-77.3,-90.5,2.0,27.4,14.0,0.5,0.3,0.4,-73.4,-33.1,7.2,-33.1,2.0,83.5,14.0,0.5,0.3,0.4,-20.1,-20.1,-20.1,-20.1,1.0,0.0,6.0,1.0,0.6,0.6,7.3,7.3,7.3,7.3,1.0,0.0,6.0,1.0,0.6,0.6,186.5,378.0,569.5,378.0,2.0,397.0,14.0,0.5,0.3,0.4,185.0,380.0,570.0,380.0,2.0,395.0,14.0,0.5,0.3,0.4
1974,2,185.0,-27.0,25.3,25.3,25.3,25.3,1.0,0.0,22.0,1.0,0.8,0.5,25.2,25.2,25.2,25.2,1.0,0.0,22.0,1.0,0.8,0.5,16.93,16.93,16.93,16.93,1.0,0.0,22.0,1.0,0.8,0.5,84.5,84.5,84.5,84.5,1.0,0.0,22.0,1.0,0.5,6.2,6.2,6.2,6.2,1.0,0.0,22.0,1.0,0.8,0.5,-6.11,-6.11,-6.11,-6.11,1.0,0.0,22.0,1.0,0.8,0.5,1.08,1.08,1.08,1.08,1.0,0.0,22.0,1.0,0.8,0.5,1010.1,1010.1,1010.1,1010.1,1.0,0.0,22.0,1.0,0.8,0.5,3.0,3.0,3.0,3.0,1.0,0.0,22.0,1.0,0.8,0.5,-37.9,-37.9,-37.9,-37.9,1.0,0.0,22.0,1.0,0.8,0.5,6.7,6.7,6.7,6.7,1.0,0.0,22.0,1.0,0.8,0.5,0.1,0.1,0.1,0.1,1.0,0.0,22.0,1.0,0.8,0.5,0.6,0.6,0.6,0.6,1.0,0.0,22.0,1.0,0.8,0.5,3.27,3.27,3.27,3.27,1.0,0.0,22.0,1.0,0.8,0.5,20.3,20.3,20.3,20.3,1.0,0.0,22.0,1.0,0.8,0.5,-153.9,-153.9,-153.9,-153.9,1.0,0.0,22.0,1.0,0.8,0.5,27.1,27.1,27.1,27.1,1.0,0.0,22.0,1.0,0.8,0.5,-103.3,-103.3,-103.3,-103.3,1.0,0.0,22.0,1.0,0.8,0.5,18.2,18.2,18.2,18.2,1.0,0.0,22.0,1.0,0.8,0.5,-20.0,-20.0,-20.0,-20.0,1.0,0.0,22.0,1.0,0.8,0.5,3.5,3.5,3.5,3.5,1.0,0.0,22.0,1.0,0.8,0.5,238.5,238.5,238.5,238.5,1.0,0.0,22.0,1.0,0.8,0.5,240.0,240.0,240.0,240.0,1.0,0.0,22.0,1.0,0.8,0.5
1974,2,185.0,-26.0,27.0,27.0,27.34,27.17,3.0,0.29,18.0,0.3,0.2,0.5,25.29,27.0,27.0,26.17,3.0,1.44,18.0,0.3,0.2,0.5,17.92,18.71,18.72,18.33,3.0,0.68,18.0,0.3,0.2,0.5,83.7,83.7,88.9,86.2,3.0,4.4,18.0,0.3,0.5,6.7,6.7,6.7,6.7,1.0,0.0,4.0,1.0,0.1,0.4,-5.13,-5.13,-5.13,-5.13,1.0,0.0,4.0,1.0,0.1,0.4,4.31,4.31,4.31,4.31,1.0,0.0,4.0,1.0,0.1,0.4,1007.02,1007.5,1009.89,1008.43,3.0,2.25,18.0,0.3,0.2,0.5,8.0,8.0,8.0,8.0,2.0,0.0,26.0,0.0,0.3,0.5,-34.4,-34.4,-34.4,-34.4,1.0,0.0,4.0,1.0,0.1,0.4,28.9,28.9,28.9,28.9,1.0,0.0,4.0,1.0,0.1,0.4,0.16,0.5,1.87,1.0,3.0,1.32,18.0,0.3,0.2,0.5,16.8,16.8,16.8,16.8,1.0,0.0,4.0,1.0,0.1,0.4,3.92,4.38,4.67,4.3,3.0,0.55,18.0,0.3,0.2,0.5,32.1,32.1,32.1,32.1,1.0,0.0,4.0,1.0,0.1,0.4,-125.7,-125.7,-125.7,-125.7,1.0,0.0,4.0,1.0,0.1,0.4,105.5,105.5,105.5,105.5,1.0,0.0,4.0,1.0,0.1,0.4,-90.1,-90.1,-90.1,-90.1,1.0,0.0,4.0,1.0,0.1,0.4,75.6,75.6,75.6,75.6,1.0,0.0,4.0,1.0,0.1,0.4,-24.6,-24.6,-24.6,-24.6,1.0,0.0,4.0,1.0,0.1,0.4,20.7,20.7,20.7,20.7,1.0,0.0,4.0,1.0,0.1,0.4,301.0,301.0,301.0,301.0,1.0,0.0,4.0,1.0,0.1,0.4,300.0,300.0,300.0,300.0,1.0,0.0,4.0,1.0,0.1,0.4
1974,2,185.0,-25.0,27.0,27.0,27.0,27.0,1.0,0.0,14.0,1.0,0.5,0.7,26.6,26.6,26.6,26.6,1.0,0.0,14.0,1.0,0.5,0.7,17.92,17.92,17.92,17.92,1.0,0.0,14.0,1.0,0.5,0.7,82.6,82.6,82.6,82.6,1.0,0.0,14.0,1.0,0.7,7.7,7.7,7.7,7.7,1.0,0.0,14.0,1.0,0.5,0.7,-5.9,-5.9,-5.9,-5.9,1.0,0.0,14.0,1.0,0.5,0.7,4.95,4.95,4.95,4.95,1.0,0.0,14.0,1.0,0.5,0.7,1014.1,1014.1,1014.1,1014.1,1.0,0.0,14.0,1.0,0.5,0.7,4.0,4.0,4.0,4.0,1.0,0.0,14.0,1.0,0.5,0.7,-45.4,-45.4,-45.4,-45.4,1.0,0.0,14.0,1.0,0.5,0.7,38.1,38.1,38.1,38.1,1.0,0.0,14.0,1.0,0.5,0.7,0.4,0.4,0.4,0.4,1.0,0.0,14.0,1.0,0.5,0.7,3.1,3.1,3.1,3.1,1.0,0.0,14.0,1.0,0.5,0.7,4.35,4.35,4.35,4.35,1.0,0.0,14.0,1.0,0.5,0.7,33.5,33.5,33.5,33.5,1.0,0.0,14.0,1.0,0.5,0.7,-156.9,-156.9,-156.9,-156.9,1.0,0.0,14.0,1.0,0.5,0.7,131.7,131.7,131.7,131.7,1.0,0.0,14.0,1.0,0.5,0.7,-105.7,-105.7,-105.7,-105.7,1.0,0.0,14.0,1.0,0.5,0.7,88.7,88.7,88.7,88.7,1.0,0.0,14.0,1.0,0.5,0.7,-25.7,-25.7,-25.7,-25.7,1.0,0.0,14.0,1.0,0.5,0.7,21.5,21.5,21.5,21.5,1.0,0.0,14.0,1.0,0.5,0.7,456.5,456.5,456.5,456.5,1.0,0.0,14.0,1.0,0.5,0.7,455.0,455.0,455.0,455.0,1.0,0.0,14.0,1.0,0.5,0.7
1974,2,185.0,-22.0,28.33,28.6,28.87,28.6,2.0,0.57,10.0,0.5,0.8,0.6,26.55,26.65,26.75,26.65,2.0,0.21,10.0,0.5,0.8,0.6,17.15,17.61,18.07,17.61,2.0,0.95,10.0,0.5,0.8,0.6,79.0,80.7,82.4,80.7,2.0,3.5,10.0,0.5,0.6,5.08,7.2,9.32,7.2,2.0,4.38,10.0,0.5,0.8,0.6,-9.31,-7.17,-5.03,-7.17,2.0,4.43,10.0,0.5,0.8,0.6,-0.6,-0.36,-0.11,-0.36,2.0,0.5,10.0,0.5,0.8,0.6,1009.84,1011.0,1012.16,1011.0,2.0,2.4,10.0,0.5,0.8,0.6,4.3,5.0,5.7,5.0,2.0,1.4,10.0,0.5,0.8,0.6,-91.9,-61.3,-30.8,-61.3,2.0,63.3,10.0,0.5,0.8,0.6,-2.5,-1.5,-0.5,-1.5,2.0,2.1,10.0,0.5,0.8,0.6,1.78,1.95,2.12,1.95,2.0,0.35,10.0,0.5,0.8,0.6,10.4,13.3,16.2,13.3,2.0,6.0,10.0,0.5,0.8,0.6,6.87,6.96,7.05,6.96,2.0,0.19,10.0,0.5,0.8,0.6,35.2,50.5,65.9,50.5,2.0,31.9,10.0,0.5,0.8,0.6,-246.8,-190.6,-134.4,-190.6,2.0,116.5,10.0,0.5,0.8,0.6,-16.1,-9.5,-3.0,-9.5,2.0,13.5,10.0,0.5,0.8,0.6,-158.5,-124.1,-89.8,-124.1,2.0,71.2,10.0,0.5,0.8,0.6,-10.9,-6.5,-2.1,-6.5,2.0,9.2,10.0,0.5,0.8,0.6,-65.9,-50.3,-34.8,-50.3,2.0,32.2,10.0,0.5,0.8,0.6,-4.1,-2.4,-0.8,-2.4,2.0,3.4,10.0,0.5,0.8,0.6,231.5,581.0,930.0,581.0,2.0,724.0,10.0,0.5,0.8,0.6,230.0,580.0,930.0,580.0,2.0,725.0,10.0,0.5,0.8,0.6
1974,2,185.0,-21.0,25.6,25.6,25.6,25.6,1.0,0.0,22.0,0.0,0.9,0.3,23.3,23.3,23.3,23.3,1.0,0.0,22.0,0.0,0.9,0.3,17.19,17.19,17.19,17.19,1.0,0.0,22.0,0.0,0.9,0.3,95.8,95.8,95.8,95.8,1.0,0.0,22.0,0.0,0.3,6.7,6.7,6.7,6.7,1.0,0.0,22.0,0.0,0.9,0.3,-4.31,-4.31,-4.31,-4.31,1.0,0.0,22.0,0.0,0.9,0.3,-5.13,-5.13,-5.13,-5.13,1.0,0.0,22.0,0.0,0.9,0.3,1006.8,1006.8,1006.8,1006.8,1.0,0.0,22.0,0.0,0.9,0.3,8.0,8.0,8.0,8.0,1.0,0.0,22.0,0.0,0.9,0.3,-28.9,-28.9,-28.9,-28.9,1.0,0.0,22.0,0.0,0.9,0.3,-34.4,-34.4,-34.4,-34.4,1.0,0.0,22.0,0.0,0.9,0.3,2.3,2.3,2.3,2.3,1.0,0.0,22.0,0.0,0.9,0.3,15.4,15.4,15.4,15.4,1.0,0.0,22.0,0.0,0.9,0.3,3.44,3.44,3.44,3.44,1.0,0.0,22.0,0.0,0.9,0.3,23.0,23.0,23.0,23.0,1.0,0.0,22.0,0.0,0.9,0.3,-100.3,-100.3,-100.3,-100.3,1.0,0.0,22.0,0.0,0.9,0.3,-119.6,-119.6,-119.6,-119.6,1.0,0.0,22.0,0.0,0.9,0.3,-74.0,-74.0,-74.0,-74.0,1.0,0.0,22.0,0.0,0.9,0.3,-88.2,-88.2,-88.2,-88.2,1.0,0.0,22.0,0.0,0.9,0.3,-14.8,-14.8,-14.8,-14.8,1.0,0.0,22.0,0.0,0.9,0.3,-17.7,-17.7,-17.7,-17.7,1.0,0.0,22.0,0.0,0.9,0.3,301.0,301.0,301.0,301.0,1.0,0.0,22.0,0.0,0.9,0.3,300.0,300.0,300.0,300.0,1.0,0.0,22.0,0.0,0.9,0.3
1974,2,185.0,-19.0,27.0,27.25,27.5,27.25,4.0,0.29,20.0,0.5,0.6,0.6,26.24,27.05,27.7,26.98,4.0,0.87,20.0,0.5,0.6,0.6,17.08,17.97,18.86,17.97,4.0,1.2,20.0,0.5,0.6,0.6,78.7,80.2,82.2,80.5,4.0,2.0,20.0,0.5,0.6,5.05,7.45,8.54,6.83,4.0,2.64,20.0,0.5,0.6,0.6,-3.77,-0.4,1.55,-1.08,4.0,3.62,20.0,0.5,0.6,0.6,-7.36,-6.94,-4.82,-6.13,4.0,2.08,20.0,0.5,0.6,0.6,1007.5,1008.05,1009.29,1008.38,4.0,1.18,20.0,0.5,0.6,0.6,5.0,5.5,7.0,6.0,4.0,1.4,20.0,0.5,0.6,0.6,-34.0,-4.3,10.1,-11.6,4.0,31.5,20.0,0.5,0.6,0.6,-62.5,-53.6,-28.2,-45.7,4.0,25.2,20.0,0.5,0.6,0.6,-0.7,0.2,1.26,0.28,4.0,1.15,20.0,0.5,0.6,0.6,-5.9,-1.2,7.1,0.5,4.0,8.0,20.0,0.5,0.6,0.6,3.56,4.76,5.98,4.77,4.0,1.52,20.0,0.5,0.6,0.6,19.8,30.9,43.1,31.4,4.0,13.9,20.0,0.5,0.6,0.6,-104.1,-11.5,40.3,-31.0,4.0,98.4,20.0,0.5,0.6,0.6,-204.1,-186.3,-126.1,-166.1,4.0,58.6,20.0,0.5,0.6,0.6,-69.6,-8.2,25.9,-21.2,4.0,64.7,20.0,0.5,0.6,0.6,-139.1,-121.0,-81.5,-110.8,4.0,40.5,20.0,0.5,0.6,0.6,-14.9,-0.6,9.8,-2.5,4.0,17.1,20.0,0.5,0.6,0.6,-37.3,-26.2,-19.5,-28.3,4.0,11.9,20.0,0.5,0.6,0.6,193.5,415.0,639.0,416.0,4.0,318.0,20.0,0.5,0.6,0.6,195.0,415.0,640.0,415.0,4.0,320.0,20.0,0.5,0.6,0.6
1974,2,185.0,-16.0,28.18,29.0,29.27,28.73,3.0,0.83,8.0,0.0,0.4,0.7,26.43,28.0,28.2,27.33,3.0,1.42,8.0,0.0,0.4,0.7,17.28,17.51,17.84,17.56,3.0,0.42,8.0,0.0,0.4,0.7,72.5,72.6,82.5,77.4,3.0,8.4,8.0,0.0,0.7,2.6,2.6,5.06,3.8,3.0,2.08,8.0,0.0,0.4,0.7,-1.77,0.0,2.12,0.17,3.0,2.85,8.0,0.0,0.4,0.7,-4.49,-2.6,-0.83,-2.66,3.0,2.69,8.0,0.0,0.4,0.7,1007.32,1008.0,1009.37,1008.33,3.0,1.53,8.0,0.0,0.4,0.7,2.6,4.0,6.7,4.7,3.0,3.1,8.0,0.0,0.4,0.7,-4.6,0.0,13.1,4.2,3.0,13.5,8.0,0.0,0.4,0.7,-24.9,-6.8,-2.1,-13.3,3.0,17.6,8.0,0.0,0.4,0.7,1.03,1.1,1.78,1.4,3.0,0.61,8.0,0.0,0.4,0.7,2.7,2.9,9.8,6.2,3.0,5.9,8.0,0.0,0.4,0.7,6.28,8.06,8.26,7.29,3.0,1.59,8.0,0.0,0.4,0.7,21.2,21.7,30.0,25.5,3.0,7.2,8.0,0.0,0.4,0.7,-49.7,0.0,54.4,2.3,3.0,76.3,8.0,0.0,0.4,0.7,-117.5,-73.6,-23.4,-70.5,3.0,69.0,8.0,0.0,0.4,0.7,-30.5,0.0,38.1,3.7,3.0,50.3,8.0,0.0,0.4,0.7,-80.4,-45.5,-14.4,-47.4,3.0,48.3,8.0,0.0,0.4,0.7,-14.3,0.0,11.5,-1.3,3.0,19.0,8.0,0.0,0.4,0.7,-26.9,-21.7,-6.9,-17.0,3.0,15.2,8.0,0.0,0.4,0.7,17.5,17.5,168.5,91.0,3.0,127.5,8.0,0.0,0.4,0.7,20.0,20.0,170.0,90.0,3.0,125.0,8.0,0.0,0.4,0.7
1974,2,185.0,-15.0,28.42,28.45,28.48,28.45,2.0,0.07,16.0,0.0,0.5,0.4,26.91,27.15,27.39,27.15,2.0,0.49,16.0,0.0,0.5,0.4,17.75,18.22,18.68,18.22,2.0,0.96,16.0,0.0,0.5,0.4,79.7,80.7,81.7,80.7,2.0,2.1,16.0,0.0,0.4,8.03,8.75,9.47,8.75,2.0,1.48,16.0,0.0,0.5,0.4,-6.65,-4.64,-2.64,-4.64,2.0,4.16,16.0,0.0,0.5,0.4,-7.91,-4.16,-0.41,-4.16,2.0,7.77,16.0,0.0,0.5,0.4,1005.96,1007.6,1009.24,1007.6,2.0,3.39,16.0,0.0,0.5,0.4,3.0,5.0,7.0,5.0,2.0,4.2,16.0,0.0,0.5,0.4,-51.8,-37.5,-23.3,-37.5,2.0,29.5,16.0,0.0,0.5,0.4,-77.9,-42.1,-6.3,-42.1,2.0,74.2,16.0,0.0,0.5,0.4,1.1,1.3,1.5,1.3,2.0,0.42,16.0,0.0,0.5,0.4,9.0,11.7,14.4,11.7,2.0,5.6,16.0,0.0,0.5,0.4,5.76,6.22,6.67,6.22,2.0,0.94,16.0,0.0,0.5,0.4,46.7,55.1,63.5,55.1,2.0,17.5,16.0,0.0,0.5,0.4,-182.7,-127.1,-71.5,-127.1,2.0,115.2,16.0,0.0,0.5,0.4,-211.8,-110.9,-10.1,-110.9,2.0,208.9,16.0,0.0,0.5,0.4,-125.3,-86.6,-47.9,-86.6,2.0,80.2,16.0,0.0,0.5,0.4,-138.4,-72.0,-5.6,-72.0,2.0,137.6,16.0,0.0,0.5,0.4,-37.3,-26.9,-16.5,-26.9,2.0,21.5,16.0,0.0,0.5,0.4,-54.7,-29.5,-4.3,-29.5,2.0,52.2,16.0,0.0,0.5,0.4,533.5,699.0,864.5,699.0,2.0,342.5,16.0,0.0,0.5,0.4,535.0,700.0,865.0,700.0,2.0,345.0,16.0,0.0,0.5,0.4
1974,2,185.0,-11.0,29.0,29.0,29.0,29.0,2.0,0.0,16.0,0.0,0.2,0.5,26.5,26.5,26.5,26.5,1.0,0.0,16.0,0.0,0.2,0.5,15.98,15.98,15.98,15.98,1.0,0.0,16.0,0.0,0.2,0.5,74.0,74.0,74.0,74.0,1.0,0.0,16.0,0.0,0.5,4.1,4.1,4.1,4.1,1.0,0.0,16.0,0.0,0.2,0.5,-2.05,-2.05,-2.05,-2.05,1.0,0.0,16.0,0.0,0.2,0.5,-3.55,-3.55,-3.55,-3.55,1.0,0.0,16.0,0.0,0.2,0.5,1012.4,1012.4,1012.4,1012.4,1.0,0.0,16.0,0.0,0.2,0.5,8.0,8.0,8.0,8.0,1.0,0.0,16.0,0.0,0.2,0.5,-8.4,-8.4,-8.4,-8.4,1.0,0.0,16.0,0.0,0.2,0.5,-14.6,-14.6,-14.6,-14.6,1.0,0.0,16.0,0.0,0.2,0.5,2.5,2.5,2.5,2.5,1.0,0.0,16.0,0.0,0.2,0.5,10.3,10.3,10.3,10.3,1.0,0.0,16.0,0.0,0.2,0.5,9.14,9.14,9.14,9.14,1.0,0.0,16.0,0.0,0.2,0.5,37.5,37.5,37.5,37.5,1.0,0.0,16.0,0.0,0.2,0.5,-54.3,-54.3,-54.3,-54.3,1.0,0.0,16.0,0.0,0.2,0.5,-94.1,-94.1,-94.1,-94.1,1.0,0.0,16.0,0.0,0.2,0.5,-32.7,-32.7,-32.7,-32.7,1.0,0.0,16.0,0.0,0.2,0.5,-56.7,-56.7,-56.7,-56.7,1.0,0.0,16.0,0.0,0.2,0.5,-18.7,-18.7,-18.7,-18.7,1.0,0.0,16.0,0.0,0.2,0.5,-32.5,-32.5,-32.5,-32.5,1.0,0.0,16.0,0.0,0.2,0.5,69.0,69.0,69.0,69.0,1.0,0.0,16.0,0.0,0.2,0.5,70.0,70.0,70.0,70.0,1.0,0.0,16.0,0.0,0.2,0.5
1974,2,185.0,-10.0,29.1,29.1,29.1,29.1,2.0,0.0,16.0,0.0,0.8,0.3,28.3,28.3,28.3,28.3,1.0,0.0,16.0,0.0,0.8,0.3,17.23,17.23,17.23,17.23,1.0,0.0,16.0,0.0,0.8,0.3,71.7,71.7,71.7,71.7,1.0,0.0,16.0,0.0,0.3,8.2,8.2,8.2,8.2,1.0,0.0,16.0,0.0,0.8,0.3,-5.27,-5.27,-5.27,-5.27,1.0,0.0,16.0,0.0,0.8,0.3,-6.28,-6.28,-6.28,-6.28,1.0,0.0,16.0,0.0,0.8,0.3,1010.8,1010.8,1010.8,1010.8,1.0,0.0,16.0,0.0,0.8,0.3,8.0,8.0,8.0,8.0,1.0,0.0,16.0,0.0,0.8,0.3,-43.2,-43.2,-43.2,-43.2,1.0,0.0,16.0,0.0,0.8,0.3,-51.5,-51.5,-51.5,-51.5,1.0,0.0,16.0,0.0,0.8,0.3,0.8,0.8,0.8,0.8,1.0,0.0,16.0,0.0,0.8,0.3,6.6,6.6,6.6,6.6,1.0,0.0,16.0,0.0,0.8,0.3,8.08,8.08,8.08,8.08,1.0,0.0,16.0,0.0,0.8,0.3,66.2,66.2,66.2,66.2,1.0,0.0,16.0,0.0,0.8,0.3,-149.2,-149.2,-149.2,-149.2,1.0,0.0,16.0,0.0,0.8,0.3,-177.8,-177.8,-177.8,-177.8,1.0,0.0,16.0,0.0,0.8,0.3,-90.8,-90.8,-90.8,-90.8,1.0,0.0,16.0,0.0,0.8,0.3,-108.2,-108.2,-108.2,-108.2,1.0,0.0,16.0,0.0,0.8,0.3,-42.6,-42.6,-42.6,-42.6,1.0,0.0,16.0,0.0,0.8,0.3,-50.7,-50.7,-50.7,-50.7,1.0,0.0,16.0,0.0,0.8,0.3,551.5,551.5,551.5,551.5,1.0,0.0,16.0,0.0,0.8,0.3,550.0,550.0,550.0,550.0,1.0,0.0,16.0,0.0,0.8,0.3
1974,2,185.0,-9.0,28.05,28.15,28.25,28.15,2.0,0.21,18.0,1.0,0.5,0.7,29.75,29.85,29.95,29.85,2.0,0.21,18.0,1.0,0.5,0.7,17.41,19.43,21.46,19.43,2.0,4.19,18.0,1.0,0.5,0.7,66.6,73.7,80.7,73.7,2.0,14.6,18.0,1.0,0.7,7.28,7.45,7.62,7.45,2.0,0.35,18.0,1.0,0.5,0.7,-6.82,-5.93,-5.04,-5.93,2.0,1.84,18.0,1.0,0.5,0.7,-5.06,-4.07,-3.09,-4.07,2.0,2.04,18.0,1.0,0.5,0.7,1009.27,1010.7,1012.13,1010.7,2.0,2.97,18.0,1.0,0.5,0.7,1.6,3.0,4.4,3.0,2.0,2.8,18.0,1.0,0.5,0.7,-52.2,-44.5,-36.9,-44.5,2.0,15.8,18.0,1.0,0.5,0.7,-36.6,-30.0,-23.4,-30.0,2.0,13.7,18.0,1.0,0.5,0.7,-1.7,-1.7,-1.7,-1.7,2.0,0.0,18.0,1.0,0.5,0.7,-13.0,-12.7,-12.4,-12.7,2.0,0.6,18.0,1.0,0.5,0.7,2.65,4.5,6.34,4.5,2.0,3.82,18.0,1.0,0.5,0.7,19.7,34.2,48.7,34.2,2.0,30.0,18.0,1.0,0.5,0.7,-202.8,-176.9,-150.9,-176.9,2.0,53.8,18.0,1.0,0.5,0.7,-151.6,-121.8,-92.1,-121.8,2.0,61.7,18.0,1.0,0.5,0.7,-116.7,-111.4,-106.1,-111.4,2.0,11.0,18.0,1.0,0.5,0.7,-110.8,-83.5,-56.1,-83.5,2.0,56.7,18.0,1.0,0.5,0.7,-45.1,-30.2,-15.3,-30.2,2.0,30.9,18.0,1.0,0.5,0.7,-17.5,-14.4,-11.3,-14.4,2.0,6.4,18.0,1.0,0.5,0.7,386.5,415.0,443.5,415.0,2.0,59.0,18.0,1.0,0.5,0.7,385.0,415.0,445.0,415.0,2.0,60.0,18.0,1.0,0.5,0.7
1974,2,185.0,-5.0,,,,,,,,,,,,,,,,,,,,,,,,,,,,,,,,,,,,,,,,8.2,8.2,8.2,8.2,1.0,0.0,18.0,0.0,0.9,0.2,-7.71,-7.71,-7.71,-7.71,1.0,0.0,18.0,0.0,0.9,0.2,-2.8,-2.8,-2.8,-2.8,1.0,0.0,18.0,0.0,0.9,0.2,1007.5,1007.5,1007.5,1007.5,1.0,0.0,18.0,0.0,0.9,0.2,3.0,3.0,3.0,3.0,1.0,0.0,18.0,0.0,0.9,0.2,-63.2,-63.2,-63.2,-63.2,1.0,0.0,18.0,0.0,0.9,0.2,-23.0,-23.0,-23.0,-23.0,1.0,0.0,18.0,0.0,0.9,0.2,,,,,,,,,,,,,,,,,,,,,,,,,,,,,,,,,,,,,,,,,-215.8,-215.8,-215.8,-215.8,1.0,0.0,18.0,0.0,0.9,0.2,-78.5,-78.5,-78.5,-78.5,1.0,0.0,18.0,0.0,0.9,0.2,-134.8,-134.8,-134.8,-134.8,1.0,0.0,18.0,0.0,0.9,0.2,-49.1,-49.1,-49.1,-49.1,1.0,0.0,18.0,0.0,0.9,0.2,,,,,,,,,,,,,,,,,,,,,,,,,,,,,,,,,,,,,,,,
1974,2,185.0,0.0,25.3,25.35,25.4,25.35,4.0,0.06,28.0,1.0,0.9,0.0,24.97,25.1,25.7,25.29,12.0,0.43,28.0,0.7,0.5,0.0,16.52,16.53,16.56,16.54,9.0,0.5,28.0,0.7,0.5,0.0,78.7,81.5,82.9,81.6,9.0,3.3,28.0,0.7,0.0,7.0,8.0,9.73,7.79,9.0,1.83,28.0,0.7,0.5,0.0,-9.73,-8.0,-7.0,-7.79,9.0,1.83,28.0,0.7,0.5,0.0,0.0,0.0,0.0,0.0,9.0,0.0,28.0,0.7,0.5,0.0,1007.53,1009.4,1009.79,1008.8,9.0,1.05,28.0,0.7,0.5,0.0,4.5,7.0,7.0,6.0,12.0,1.5,28.0,0.7,0.5,0.0,-94.9,-64.0,-49.0,-63.6,9.0,26.9,28.0,0.7,0.5,0.0,0.0,0.0,0.0,0.0,9.0,0.0,28.0,0.7,0.5,0.0,-0.7,-0.15,0.3,-0.2,4.0,0.58,28.0,1.0,0.9,0.0,-5.9,-4.8,-0.1,-3.0,3.0,4.5,28.0,1.0,0.9,0.0,3.01,3.8,3.81,3.41,3.0,0.68,28.0,1.0,0.9,0.0,22.3,30.4,30.4,26.4,3.0,6.9,28.0,1.0,0.9,0.0,-243.0,-208.0,-175.8,-197.7,9.0,45.8,28.0,0.7,0.5,0.0,0.0,0.0,0.0,0.0,9.0,0.0,28.0,0.7,0.5,0.0,-153.9,-132.1,-115.7,-128.5,9.0,28.7,28.0,0.7,0.5,0.0,0.0,0.0,0.0,0.0,9.0,0.0,28.0,0.7,0.5,0.0,-30.4,-30.4,-22.2,-26.4,3.0,6.9,28.0,1.0,0.9,0.0,0.0,0.0,0.0,0.0,3.0,0.0,28.0,1.0,0.9,0.0,343.0,512.0,927.0,539.0,9.0,316.0,28.0,0.7,0.5,0.0,345.0,510.0,925.0,540.0,9.0,315.0,28.0,0.7,0.5,0.0
1974,2,185.0,4.0,,,,,,,,,,,,,,,,,,,,,,,,,,,,,,,,,,,,,,,,7.6,8.9,10.2,8.9,2.0,2.69,22.0,0.0,0.3,0.1,-10.04,-8.76,-7.49,-8.76,2.0,2.65,22.0,0.0,0.3,0.1,-0.73,0.33,1.38,0.33,2.0,2.19,22.0,0.0,0.3,0.1,1003.81,1004.9,1005.99,1004.9,2.0,2.26,22.0,0.0,0.3,0.1,,,,,,,,,,,,,,,,,,,,,,,,,,,,,,,,,,,,,,,,,,,,,,,,,,,,,,,,,,,,,,,,,,,,,,,,,,,,,,,,,,,,,,,,,,,,,,,,,,,,,,,,,,,,,,,,,,,,,,,,,,,,,,,,,,,,,,,,,,,,,,,,,,,,,,
1974,2,185.0,6.0,28.3,28.3,28.3,28.3,1.0,0.0,28.0,1.0,0.2,0.5,26.3,26.3,26.3,26.3,1.0,0.0,28.0,1.0,0.2,0.5,20.22,20.22,20.22,20.22,1.0,0.0,28.0,1.0,0.2,0.5,94.2,94.2,94.2,94.2,1.0,0.0,28.0,1.0,0.5,8.2,8.2,8.2,8.2,1.0,0.0,28.0,1.0,0.2,0.5,-8.2,-8.2,-8.2,-8.2,1.0,0.0,28.0,1.0,0.2,0.5,0.0,0.0,0.0,0.0,1.0,0.0,28.0,1.0,0.2,0.5,1008.8,1008.8,1008.8,1008.8,1.0,0.0,28.0,1.0,0.2,0.5,4.0,4.0,4.0,4.0,1.0,0.0,28.0,1.0,0.2,0.5,-67.2,-67.2,-67.2,-67.2,1.0,0.0,28.0,1.0,0.2,0.5,0.0,0.0,0.0,0.0,1.0,0.0,28.0,1.0,0.2,0.5,2.0,2.0,2.0,2.0,1.0,0.0,28.0,1.0,0.2,0.5,16.4,16.4,16.4,16.4,1.0,0.0,28.0,1.0,0.2,0.5,3.97,3.97,3.97,3.97,1.0,0.0,28.0,1.0,0.2,0.5,32.5,32.5,32.5,32.5,1.0,0.0,28.0,1.0,0.2,0.5,-215.7,-215.7,-215.7,-215.7,1.0,0.0,28.0,1.0,0.2,0.5,0.0,0.0,0.0,0.0,1.0,0.0,28.0,1.0,0.2,0.5,-165.8,-165.8,-165.8,-165.8,1.0,0.0,28.0,1.0,0.2,0.5,0.0,0.0,0.0,0.0,1.0,0.0,28.0,1.0,0.2,0.5,-32.5,-32.5,-32.5,-32.5,1.0,0.0,28.0,1.0,0.2,0.5,0.0,0.0,0.0,0.0,1.0,0.0,28.0,1.0,0.2,0.5,551.5,551.5,551.5,551.5,1.0,0.0,28.0,1.0,0.2,0.5,550.0,550.0,550.0,550.0,1.0,0.0,28.0,1.0,0.2,0.5
1974,2,185.0,10.0,26.95,27.05,27.15,27.05,2.0,0.21,14.0,0.0,0.5,0.5,25.75,25.85,25.95,25.85,2.0,0.21,14.0,0.0,0.5,0.5,15.9,16.06,16.23,16.06,2.0,0.35,14.0,0.0,0.5,0.5,76.8,77.2,77.5,77.2,2.0,0.7,14.0,0.0,0.5,8.68,10.8,10.8,9.77,3.0,1.79,18.0,0.0,0.5,0.6,-8.83,-7.7,-7.18,-8.0,3.0,1.23,18.0,0.0,0.5,0.6,-7.36,-5.4,-1.71,-4.56,3.0,4.2,18.0,0.0,0.5,0.6,1010.0,1010.0,1010.0,1010.0,2.0,0.0,14.0,0.0,0.5,0.5,0.3,1.0,3.0,1.7,3.0,2.1,18.0,0.0,0.5,0.6,-92.7,-75.0,-64.3,-78.4,3.0,21.1,18.0,0.0,0.5,0.6,-79.5,-58.3,-18.5,-49.2,3.0,45.4,18.0,0.0,0.5,0.6,1.2,1.2,1.2,1.2,2.0,0.0,14.0,0.0,0.5,0.5,9.8,11.1,12.4,11.1,2.0,2.6,14.0,0.0,0.5,0.5,6.34,6.37,6.4,6.37,2.0,0.07,14.0,0.0,0.5,0.5,51.9,59.0,66.0,59.0,2.0,14.6,14.0,0.0,0.5,0.5,-234.0,-220.3,-206.6,-220.3,2.0,28.4,14.0,0.0,0.5,0.5,-116.8,-69.4,-22.0,-69.4,2.0,98.1,14.0,0.0,0.5,0.5,-144.4,-136.8,-129.2,-136.8,2.0,15.8,14.0,0.0,0.5,0.5,-71.9,-42.7,-13.6,-42.7,2.0,60.4,14.0,0.0,0.5,0.5,-58.2,-54.3,-50.5,-54.3,2.0,8.0,14.0,0.0,0.5,0.5,-29.1,-17.3,-5.5,-17.3,2.0,24.5,14.0,0.0,0.5,0.5,711.5,1259.5,1259.5,992.0,3.0,463.5,18.0,0.0,0.5,0.6,710.0,1260.0,1260.0,990.0,3.0,465.0,18.0,0.0,0.5,0.6
1974,2,185.0,11.0,26.1,26.1,26.1,26.1,1.0,0.0,2.0,1.0,0.1,0.8,26.0,26.0,26.0,26.0,1.0,0.0,2.0,1.0,0.1,0.8,16.5,16.5,16.5,16.5,1.0,0.0,2.0,1.0,0.1,0.8,78.6,78.6,78.6,78.6,1.0,0.0,2.0,1.0,0.8,6.2,6.2,6.2,6.2,1.0,0.0,2.0,1.0,0.1,0.8,-5.37,-5.37,-5.37,-5.37,1.0,0.0,2.0,1.0,0.1,0.8,3.1,3.1,3.1,3.1,1.0,0.0,2.0,1.0,0.1,0.8,1010.8,1010.8,1010.8,1010.8,1.0,0.0,2.0,1.0,0.1,0.8,2.0,2.0,2.0,2.0,1.0,0.0,2.0,1.0,0.1,0.8,-33.3,-33.3,-33.3,-33.3,1.0,0.0,2.0,1.0,0.1,0.8,19.2,19.2,19.2,19.2,1.0,0.0,2.0,1.0,0.1,0.8,0.1,0.1,0.1,0.1,1.0,0.0,2.0,1.0,0.1,0.8,0.6,0.6,0.6,0.6,1.0,0.0,2.0,1.0,0.1,0.8,4.67,4.67,4.67,4.67,1.0,0.0,2.0,1.0,0.1,0.8,29.0,29.0,29.0,29.0,1.0,0.0,2.0,1.0,0.1,0.8,-139.6,-139.6,-139.6,-139.6,1.0,0.0,2.0,1.0,0.1,0.8,80.6,80.6,80.6,80.6,1.0,0.0,2.0,1.0,0.1,0.8,-88.6,-88.6,-88.6,-88.6,1.0,0.0,2.0,1.0,0.1,0.8,51.2,51.2,51.2,51.2,1.0,0.0,2.0,1.0,0.1,0.8,-25.1,-25.1,-25.1,-25.1,1.0,0.0,2.0,1.0,0.1,0.8,14.5,14.5,14.5,14.5,1.0,0.0,2.0,1.0,0.1,0.8,238.5,238.5,238.5,238.5,1.0,0.0,2.0,1.0,0.1,0.8,240.0,240.0,240.0,240.0,1.0,0.0,2.0,1.0,0.1,0.8
1974,2,185.0,12.0,25.6,25.6,25.6,25.6,1.0,0.0,2.0,1.0,1.0,0.3,27.2,27.2,27.2,27.2,1.0,0.0,2.0,1.0,1.0,0.3,16.48,16.48,16.48,16.48,1.0,0.0,2.0,1.0,1.0,0.3,73.2,73.2,73.2,73.2,1.0,0.0,2.0,1.0,0.3,10.3,10.3,10.3,10.3,1.0,0.0,2.0,1.0,1.0,0.3,-10.14,-10.14,-10.14,-10.14,1.0,0.0,2.0,1.0,1.0,0.3,-1.79,-1.79,-1.79,-1.79,1.0,0.0,2.0,1.0,1.0,0.3,1012.1,1012.1,1012.1,1012.1,1.0,0.0,2.0,1.0,1.0,0.3,1.0,1.0,1.0,1.0,1.0,0.0,2.0,1.0,1.0,0.3,-104.5,-104.5,-104.5,-104.5,1.0,0.0,2.0,1.0,1.0,0.3,-18.4,-18.4,-18.4,-18.4,1.0,0.0,2.0,1.0,1.0,0.3,-1.6,-1.6,-1.6,-1.6,1.0,0.0,2.0,1.0,1.0,0.3,-16.5,-16.5,-16.5,-16.5,1.0,0.0,2.0,1.0,1.0,0.3,4.04,4.04,4.04,4.04,1.0,0.0,2.0,1.0,1.0,0.3,41.6,41.6,41.6,41.6,1.0,0.0,2.0,1.0,1.0,0.3,-275.9,-275.9,-275.9,-275.9,1.0,0.0,2.0,1.0,1.0,0.3,-48.6,-48.6,-48.6,-48.6,1.0,0.0,2.0,1.0,1.0,0.3,-167.2,-167.2,-167.2,-167.2,1.0,0.0,2.0,1.0,1.0,0.3,-29.5,-29.5,-29.5,-29.5,1.0,0.0,2.0,1.0,1.0,0.3,-41.0,-41.0,-41.0,-41.0,1.0,0.0,2.0,1.0,1.0,0.3,-7.2,-7.2,-7.2,-7.2,1.0,0.0,2.0,1.0,1.0,0.3,1092.5,1092.5,1092.5,1092.5,1.0,0.0,2.0,1.0,1.0,0.3,1095.0,1095.0,1095.0,1095.0,1.0,0.0,2.0,1.0,1.0,0.3
1974,2,185.0,15.0,23.9,23.9,23.9,23.9,1.0,0.0,18.0,0.0,0.9,0.3,25.6,25.6,25.6,25.6,1.0,0.0,18.0,0.0,0.9,0.3,16.73,16.73,16.73,16.73,1.0,0.0,18.0,0.0,0.9,0.3,82.0,82.0,82.0,82.0,1.0,0.0,18.0,0.0,0.3,9.3,9.3,9.3,9.3,1.0,0.0,18.0,0.0,0.9,0.3,-9.16,-9.16,-9.16,-9.16,1.0,0.0,18.0,0.0,0.9,0.3,1.61,1.61,1.61,1.61,1.0,0.0,18.0,0.0,0.9,0.3,1015.9,1015.9,1015.9,1015.9,1.0,0.0,18.0,0.0,0.9,0.3,2.0,2.0,2.0,2.0,1.0,0.0,18.0,0.0,0.9,0.3,-85.2,-85.2,-85.2,-85.2,1.0,0.0,18.0,0.0,0.9,0.3,15.0,15.0,15.0,15.0,1.0,0.0,18.0,0.0,0.9,0.3,-1.7,-1.7,-1.7,-1.7,1.0,0.0,18.0,0.0,0.9,0.3,-15.8,-15.8,-15.8,-15.8,1.0,0.0,18.0,0.0,0.9,0.3,1.72,1.72,1.72,1.72,1.0,0.0,18.0,0.0,0.9,0.3,16.0,16.0,16.0,16.0,1.0,0.0,18.0,0.0,0.9,0.3,-234.5,-234.5,-234.5,-234.5,1.0,0.0,18.0,0.0,0.9,0.3,41.3,41.3,41.3,41.3,1.0,0.0,18.0,0.0,0.9,0.3,-153.2,-153.2,-153.2,-153.2,1.0,0.0,18.0,0.0,0.9,0.3,27.0,27.0,27.0,27.0,1.0,0.0,18.0,0.0,0.9,0.3,-15.8,-15.8,-15.8,-15.8,1.0,0.0,18.0,0.0,0.9,0.3,2.8,2.8,2.8,2.8,1.0,0.0,18.0,0.0,0.9,0.3,804.5,804.5,804.5,804.5,1.0,0.0,18.0,0.0,0.9,0.3,805.0,805.0,805.0,805.0,1.0,0.0,18.0,0.0,0.9,0.3
1974,2,185.0,17.0,24.4,24.4,24.4,24.4,1.0,0.0,18.0,0.0,0.3,0.2,25.48,26.5,27.52,26.5,2.0,2.12,16.0,0.5,0.4,0.3,16.32,16.32,16.32,16.32,1.0,0.0,18.0,0.0,0.3,0.2,82.9,82.9,82.9,82.9,1.0,0.0,18.0,0.0,0.2,4.51,5.4,6.29,5.4,2.0,1.84,16.0,0.5,0.4,0.3,-6.29,-5.4,-4.51,-5.4,2.0,1.84,16.0,0.5,0.4,0.3,0.0,0.0,0.0,0.0,2.0,0.0,16.0,0.5,0.4,0.3,1016.0,1016.0,1016.0,1016.0,1.0,0.0,18.0,0.0,0.3,0.2,2.8,4.5,6.2,4.5,2.0,3.5,16.0,0.5,0.4,0.3,-40.4,-30.8,-21.3,-30.8,2.0,19.9,16.0,0.5,0.4,0.3,0.0,0.0,0.0,0.0,2.0,0.0,16.0,0.5,0.4,0.3,-0.6,-0.6,-0.6,-0.6,1.0,0.0,18.0,0.0,0.3,0.2,-4.0,-4.0,-4.0,-4.0,1.0,0.0,18.0,0.0,0.3,0.2,2.7,2.7,2.7,2.7,1.0,0.0,18.0,0.0,0.3,0.2,18.1,18.1,18.1,18.1,1.0,0.0,18.0,0.0,0.3,0.2,-159.1,-141.1,-123.2,-141.1,2.0,37.3,16.0,0.5,0.4,0.3,0.0,0.0,0.0,0.0,2.0,0.0,16.0,0.5,0.4,0.3,-109.3,-109.3,-109.3,-109.3,1.0,0.0,18.0,0.0,0.3,0.2,0.0,0.0,0.0,0.0,1.0,0.0,18.0,0.0,0.3,0.2,-18.1,-18.1,-18.1,-18.1,1.0,0.0,18.0,0.0,0.3,0.2,0.0,0.0,0.0,0.0,1.0,0.0,18.0,0.0,0.3,0.2,105.5,185.0,264.0,185.0,2.0,164.0,16.0,0.5,0.4,0.3,105.0,185.0,265.0,185.0,2.0,165.0,16.0,0.5,0.4,0.3
1974,2,185.0,18.0,25.84,26.4,26.7,26.28,4.0,0.53,18.0,0.5,0.4,0.5,24.45,25.05,26.44,25.43,4.0,1.3,18.0,0.5,0.4,0.5,15.29,16.1,16.8,16.05,4.0,1.08,18.0,0.5,0.4,0.5,72.2,81.5,87.3,79.8,4.0,10.6,18.0,0.5,0.5,5.81,8.2,9.01,7.45,4.0,2.33,18.0,0.5,0.4,0.5,-9.01,-7.97,-5.09,-7.09,4.0,2.77,18.0,0.5,0.4,0.5,0.0,1.32,2.63,1.32,4.0,1.52,18.0,0.5,0.4,0.5,1012.83,1013.7,1015.25,1014.03,4.0,1.61,18.0,0.5,0.4,0.5,1.0,3.0,5.0,3.0,4.0,2.6,18.0,0.5,0.4,0.5,-81.3,-65.7,-33.3,-57.7,4.0,32.5,18.0,0.5,0.4,0.5,0.0,5.4,15.8,7.8,4.0,9.8,18.0,0.5,0.4,0.5,-0.05,1.1,1.73,0.85,4.0,1.42,18.0,0.5,0.4,0.5,-1.0,9.0,9.8,4.6,4.0,9.5,18.0,0.5,0.4,0.5,4.57,5.12,6.02,5.29,4.0,0.88,18.0,0.5,0.4,0.5,26.5,43.7,54.0,40.4,4.0,17.0,18.0,0.5,0.4,0.5,-237.4,-207.0,-124.5,-182.2,4.0,75.8,18.0,0.5,0.4,0.5,0.0,32.2,64.4,32.2,4.0,37.2,18.0,0.5,0.4,0.5,-140.0,-121.6,-83.5,-112.2,4.0,41.3,18.0,0.5,0.4,0.5,0.0,21.0,43.9,21.9,4.0,25.3,18.0,0.5,0.4,0.5,-54.0,-42.6,-23.2,-38.8,4.0,19.1,18.0,0.5,0.4,0.5,0.0,6.0,12.1,6.0,4.0,7.0,18.0,0.5,0.4,0.5,253.5,557.5,735.0,497.0,4.0,319.0,18.0,0.5,0.4,0.5,255.0,560.0,735.0,495.0,4.0,320.0,18.0,0.5,0.4,0.5
1974,2,185.0,19.0,26.7,26.7,26.7,26.7,1.0,0.0,2.0,1.0,0.9,0.0,24.5,24.7,24.9,24.7,2.0,0.42,12.0,1.0,0.6,0.4,14.26,14.26,14.26,14.26,1.0,0.0,2.0,1.0,0.9,0.0,75.1,75.1,75.1,75.1,1.0,0.0,2.0,1.0,0.0,3.76,4.1,4.44,4.1,2.0,0.71,12.0,1.0,0.6,0.4,-3.59,-3.56,-3.54,-3.56,2.0,0.05,12.0,1.0,0.6,0.4,-2.49,-1.48,-0.47,-1.48,2.0,2.09,12.0,1.0,0.6,0.4,1014.0,1014.0,1014.0,1014.0,1.0,0.0,2.0,1.0,0.9,0.0,3.5,4.5,5.5,4.5,2.0,2.1,12.0,1.0,0.6,0.4,-15.7,-14.6,-13.5,-14.6,2.0,2.3,12.0,1.0,0.6,0.4,-11.4,-6.8,-2.2,-6.8,2.0,9.6,12.0,1.0,0.6,0.4,2.3,2.3,2.3,2.3,1.0,0.0,2.0,1.0,0.9,0.0,8.3,8.3,8.3,8.3,1.0,0.0,2.0,1.0,0.9,0.0,7.62,7.62,7.62,7.62,1.0,0.0,2.0,1.0,0.9,0.0,27.4,27.4,27.4,27.4,1.0,0.0,2.0,1.0,0.9,0.0,-88.1,-88.0,-87.9,-88.0,2.0,0.2,12.0,1.0,0.6,0.4,-62.2,-37.0,-11.7,-37.0,2.0,52.3,12.0,1.0,0.6,0.4,-51.3,-51.3,-51.3,-51.3,1.0,0.0,2.0,1.0,0.9,0.0,0.0,0.0,0.0,0.0,1.0,0.0,2.0,1.0,0.9,0.0,-27.4,-27.4,-27.4,-27.4,1.0,0.0,2.0,1.0,0.9,0.0,0.0,0.0,0.0,0.0,1.0,0.0,2.0,1.0,0.9,0.0,54.5,72.0,89.5,72.0,2.0,36.0,12.0,1.0,0.6,0.4,55.0,70.0,90.0,70.0,2.0,35.0,12.0,1.0,0.6,0.4
1974,2,185.0,20.0,26.19,26.6,27.01,26.6,2.0,0.85,20.0,0.0,0.8,0.3,23.41,23.65,23.89,23.65,2.0,0.49,20.0,0.0,0.8,0.3,13.63,14.44,15.24,14.44,2.0,1.66,20.0,0.0,0.8,0.3,76.0,79.4,82.8,79.4,2.0,7.0,20.0,0.0,0.3,1.3,4.1,6.9,4.1,2.0,5.8,20.0,0.0,0.8,0.3,-5.28,-3.14,-1.0,-3.14,2.0,4.44,20.0,0.0,0.8,0.3,-4.43,-2.64,-0.84,-2.64,2.0,3.73,20.0,0.0,0.8,0.3,1011.95,1014.0,1016.05,1014.0,2.0,4.24,20.0,0.0,0.8,0.3,2.8,4.5,6.2,4.5,2.0,3.5,20.0,0.0,0.8,0.3,-43.3,-25.8,-8.2,-25.8,2.0,36.4,20.0,0.0,0.8,0.3,-36.4,-21.6,-6.9,-21.6,2.0,30.6,20.0,0.0,0.8,0.3,2.3,2.95,3.6,2.95,2.0,1.34,20.0,0.0,0.8,0.3,5.1,16.0,26.9,16.0,2.0,22.6,20.0,0.0,0.8,0.3,5.95,7.33,8.71,7.33,2.0,2.86,20.0,0.0,0.8,0.3,12.2,38.3,64.5,38.3,2.0,54.2,20.0,0.0,0.8,0.3,-123.1,-73.2,-23.2,-73.2,2.0,103.5,20.0,0.0,0.8,0.3,-103.3,-61.4,-19.5,-61.4,2.0,86.8,20.0,0.0,0.8,0.3,-70.1,-41.6,-13.2,-41.6,2.0,58.9,20.0,0.0,0.8,0.3,-58.8,-34.9,-11.1,-34.9,2.0,49.4,20.0,0.0,0.8,0.3,-49.4,-29.4,-9.3,-29.4,2.0,41.5,20.0,0.0,0.8,0.3,-41.5,-24.6,-7.8,-24.6,2.0,34.8,20.0,0.0,0.8,0.3,87.5,275.5,464.0,275.5,2.0,390.0,20.0,0.0,0.8,0.3,90.0,275.0,465.0,275.0,2.0,390.0,20.0,0.0,0.8,0.3
1974,2,185.0,21.0,24.0,24.65,25.33,24.71,16.0,0.83,24.0,0.8,0.5,0.7,22.38,24.0,25.45,23.98,16.0,1.46,24.0,0.8,0.5,0.7,14.8,15.79,16.49,15.83,16.0,0.83,24.0,0.8,0.5,0.7,77.3,88.0,89.3,85.4,16.0,6.3,24.0,0.8,0.7,2.82,4.6,6.87,4.59,15.0,2.28,24.0,0.7,0.5,0.7,-5.26,-3.55,-2.56,-3.76,15.0,2.01,24.0,0.7,0.5,0.7,0.14,1.8,3.37,1.46,15.0,2.5,24.0,0.7,0.5,0.7,1010.08,1011.6,1013.81,1012.0,16.0,2.04,24.0,0.8,0.5,0.7,4.1,7.0,7.6,6.2,16.0,2.0,24.0,0.8,0.5,0.7,-32.7,-14.6,-7.4,-21.3,15.0,18.3,24.0,0.7,0.5,0.7,0.4,7.2,16.2,5.8,15.0,17.8,24.0,0.7,0.5,0.7,-0.19,0.7,1.43,0.73,16.0,1.02,24.0,0.8,0.5,0.7,0.0,2.9,5.3,3.0,15.0,3.7,24.0,0.7,0.5,0.7,2.72,3.35,4.75,3.65,16.0,1.26,24.0,0.8,0.5,0.7,8.6,11.5,35.5,17.1,15.0,13.2,24.0,0.7,0.5,0.7,-132.7,-85.1,-63.7,-91.4,15.0,50.7,24.0,0.7,0.5,0.7,3.3,43.0,82.2,33.7,15.0,60.4,24.0,0.7,0.5,0.7,-89.8,-55.7,-42.0,-59.9,15.0,31.6,24.0,0.7,0.5,0.7,2.3,29.5,54.9,23.5,15.0,38.5,24.0,0.7,0.5,0.7,-29.5,-10.8,-6.6,-14.1,15.0,11.6,24.0,0.7,0.5,0.7,0.4,4.9,10.1,4.1,15.0,11.1,24.0,0.7,0.5,0.7,24.0,97.5,331.5,161.5,15.0,184.0,24.0,0.7,0.5,0.7,25.0,95.0,330.0,160.0,15.0,185.0,24.0,0.7,0.5,0.7
1974,2,185.0,22.0,23.0,23.3,24.0,23.51,9.0,0.96,14.0,0.6,0.5,0.6,21.76,24.0,26.12,23.97,11.0,2.42,14.0,0.5,0.5,0.6,13.33,14.49,14.81,14.31,8.0,1.34,12.0,0.5,0.6,0.7,74.4,79.8,90.0,78.7,8.0,11.8,12.0,0.5,0.7,3.48,6.7,8.95,6.51,11.0,3.2,14.0,0.5,0.5,0.6,-8.95,-5.2,-2.11,-5.74,11.0,3.6,14.0,0.5,0.5,0.6,0.0,0.45,4.16,1.65,11.0,2.14,14.0,0.5,0.5,0.6,1014.29,1016.5,1018.98,1016.48,11.0,2.5,14.0,0.5,0.5,0.6,2.4,3.5,7.6,4.5,10.0,2.4,12.0,0.5,0.5,0.6,-80.2,-31.5,-4.8,-47.1,11.0,44.3,14.0,0.5,0.5,0.6,0.0,1.2,26.1,12.4,11.0,18.1,14.0,0.5,0.5,0.6,-3.6,-1.0,0.84,-1.01,9.0,2.78,14.0,0.6,0.5,0.6,-23.6,-5.2,1.4,-5.1,9.0,24.3,14.0,0.6,0.5,0.6,3.21,4.05,5.38,4.07,7.0,1.57,12.0,0.6,0.6,0.7,9.0,16.2,38.0,25.6,7.0,21.2,12.0,0.6,0.6,0.7,-212.4,-132.5,-51.6,-134.0,11.0,77.7,14.0,0.5,0.5,0.6,0.0,11.3,92.0,40.5,11.0,53.7,14.0,0.5,0.5,0.6,-141.5,-73.3,-23.2,-79.3,8.0,58.4,12.0,0.5,0.6,0.7,0.0,5.2,52.6,17.4,8.0,26.9,12.0,0.5,0.6,0.7,-37.8,-13.6,-5.7,-22.7,7.0,22.0,12.0,0.6,0.6,0.7,0.0,1.6,16.5,6.3,7.0,9.2,12.0,0.6,0.6,0.7,47.5,301.0,718.5,461.5,11.0,554.5,14.0,0.5,0.5,0.6,50.0,300.0,720.0,460.0,11.0,555.0,14.0,0.5,0.5,0.6
1974,2,185.0,23.0,22.81,23.65,24.38,23.51,14.0,1.09,16.0,0.1,0.6,0.5,22.52,23.0,24.37,23.32,14.0,1.17,16.0,0.1,0.6,0.5,13.38,14.41,15.46,14.5,14.0,1.07,16.0,0.1,0.6,0.5,76.5,81.7,85.6,81.6,14.0,4.9,16.0,0.1,0.5,5.1,7.95,10.2,7.3,14.0,2.52,16.0,0.1,0.6,0.5,-8.69,-5.24,-1.59,-5.38,14.0,3.86,16.0,0.1,0.6,0.5,0.0,1.68,4.32,2.46,14.0,3.34,16.0,0.1,0.6,0.5,1014.07,1016.25,1018.94,1015.82,14.0,3.57,16.0,0.1,0.6,0.5,3.0,5.0,6.0,4.5,14.0,1.5,16.0,0.1,0.6,0.5,-75.6,-32.5,-7.9,-43.6,14.0,39.9,16.0,0.1,0.6,0.5,0.0,10.0,29.6,18.5,14.0,31.6,16.0,0.1,0.6,0.5,-0.94,0.4,0.99,0.19,14.0,1.18,16.0,0.1,0.6,0.5,-7.7,2.2,5.1,1.3,14.0,10.9,16.0,0.1,0.6,0.5,2.72,3.48,4.94,3.54,14.0,1.44,16.0,0.1,0.6,0.5,12.7,24.4,37.1,25.7,14.0,13.9,16.0,0.1,0.6,0.5,-204.0,-119.5,-36.8,-123.5,14.0,87.0,16.0,0.1,0.6,0.5,0.0,39.8,99.3,59.8,14.0,83.0,16.0,0.1,0.6,0.5,-118.8,-78.6,-24.6,-75.9,14.0,53.2,16.0,0.1,0.6,0.5,0.0,23.5,66.4,38.1,14.0,53.0,16.0,0.1,0.6,0.5,-33.2,-18.6,-3.9,-20.0,14.0,17.8,16.0,0.1,0.6,0.5,-0.2,6.4,18.9,7.5,14.0,9.7,16.0,0.1,0.6,0.5,132.5,504.0,1065.5,513.0,14.0,406.5,16.0,0.1,0.6,0.5,135.0,505.0,1065.0,515.0,14.0,405.0,16.0,0.1,0.6,0.5
1974,2,185.0,24.0,23.13,24.0,25.57,24.24,10.0,1.13,12.0,0.4,0.6,0.3,22.68,23.4,25.12,23.85,11.0,1.47,12.0,0.5,0.6,0.3,13.76,14.72,15.99,14.99,11.0,1.11,12.0,0.5,0.6,0.3,76.3,83.1,86.0,81.8,11.0,7.6,12.0,0.5,0.3,5.9,9.8,12.08,9.31,12.0,4.25,12.0,0.5,0.7,0.3,-8.59,-0.99,8.66,-0.06,12.0,8.08,12.0,0.5,0.7,0.3,-1.85,0.36,7.27,0.95,12.0,6.8,12.0,0.5,0.7,0.3,1013.73,1016.5,1018.0,1015.19,11.0,4.86,12.0,0.5,0.6,0.3,3.8,6.0,8.0,5.6,11.0,2.6,12.0,0.5,0.7,0.3,-80.5,-2.1,93.1,8.1,12.0,94.2,12.0,0.5,0.7,0.3,-20.9,0.8,72.5,2.7,12.0,93.1,12.0,0.5,0.7,0.3,-1.57,0.2,2.57,0.45,10.0,2.22,12.0,0.4,0.6,0.3,-14.9,1.5,27.3,3.6,10.0,20.6,12.0,0.4,0.6,0.3,2.04,2.93,6.27,3.75,10.0,2.23,12.0,0.4,0.6,0.3,5.4,26.8,57.8,32.8,10.0,26.8,12.0,0.4,0.6,0.3,-208.9,-44.4,175.7,-25.0,11.0,181.2,12.0,0.5,0.6,0.3,0.0,16.2,191.9,56.3,11.0,133.4,12.0,0.5,0.6,0.3,-133.4,-31.3,111.8,-15.9,11.0,114.8,12.0,0.5,0.6,0.3,0.0,11.4,114.7,32.1,11.0,77.0,12.0,0.5,0.6,0.3,-35.0,-4.6,24.5,-5.5,10.0,39.0,12.0,0.4,0.6,0.3,0.0,0.4,7.7,2.0,10.0,19.0,12.0,0.4,0.6,0.3,280.5,948.5,1771.0,1249.5,12.0,1331.5,12.0,0.5,0.7,0.3,280.0,950.0,1770.0,1250.0,12.0,1330.0,12.0,0.5,0.7,0.3
1974,2,185.0,25.0,22.1,22.35,22.76,22.43,4.0,0.43,18.0,0.5,0.6,0.5,19.89,22.0,23.25,21.66,5.0,2.4,20.0,0.4,0.6,0.6,10.14,12.26,13.98,12.07,4.0,2.35,18.0,0.5,0.7,0.5,65.0,79.8,86.6,76.0,4.0,14.2,18.0,0.5,0.5,2.85,5.1,6.38,4.72,5.0,1.85,20.0,0.4,0.6,0.6,-3.48,-1.93,1.73,-0.96,5.0,3.66,20.0,0.4,0.6,0.6,-1.46,0.89,3.91,1.18,5.0,3.87,20.0,0.4,0.6,0.6,1012.63,1014.0,1016.45,1014.4,5.0,2.73,20.0,0.4,0.6,0.6,3.0,4.0,5.4,4.2,5.0,1.3,20.0,0.4,0.6,0.6,-13.6,-5.8,10.8,-1.7,5.0,19.9,20.0,0.4,0.6,0.6,-9.0,4.5,20.8,6.3,5.0,25.0,20.0,0.4,0.6,0.6,-1.28,0.6,1.07,-0.07,4.0,1.92,18.0,0.5,0.6,0.5,-9.2,2.6,3.4,-2.6,4.0,11.2,18.0,0.5,0.6,0.5,2.35,3.27,6.26,4.28,3.0,3.0,16.0,0.7,0.7,0.5,9.9,12.9,36.5,22.9,3.0,21.4,16.0,0.7,0.7,0.5,-67.9,-43.0,38.2,-16.9,5.0,75.4,20.0,0.4,0.6,0.6,-32.0,16.2,93.5,29.3,5.0,92.3,20.0,0.4,0.6,0.6,-45.9,-17.4,23.0,-11.7,4.0,43.6,18.0,0.5,0.7,0.5,-19.3,4.9,55.6,17.6,4.0,56.8,18.0,0.5,0.7,0.5,-5.8,0.0,24.8,9.3,3.0,23.8,16.0,0.7,0.7,0.5,-20.8,0.0,8.8,-5.9,3.0,22.3,16.0,0.7,0.7,0.5,23.5,132.5,261.0,143.5,5.0,126.0,20.0,0.4,0.6,0.6,25.0,135.0,260.0,145.0,5.0,125.0,20.0,0.4,0.6,0.6
1974,2,185.0,26.0,22.0,22.3,22.61,22.32,5.0,0.34,10.0,0.8,0.5,0.7,20.56,21.6,22.57,21.58,6.0,1.17,12.0,0.7,0.4,0.7,11.84,13.78,14.18,13.05,4.0,1.96,12.0,0.8,0.4,0.7,73.4,82.2,82.9,78.4,4.0,8.6,12.0,0.8,0.7,4.58,7.2,10.46,7.72,6.0,4.39,12.0,0.7,0.4,0.7,-5.31,-2.57,0.2,-2.27,6.0,4.81,12.0,0.7,0.4,0.7,-6.53,-2.87,3.26,-2.57,6.0,7.31,12.0,0.7,0.4,0.7,1008.74,1017.05,1019.62,1014.27,6.0,8.14,12.0,0.7,0.4,0.7,2.0,4.0,6.0,4.0,6.0,1.8,12.0,0.7,0.4,0.7,-47.4,-17.8,8.8,-17.2,6.0,44.9,12.0,0.7,0.4,0.7,-68.6,-17.8,18.3,-35.3,6.0,96.2,12.0,0.7,0.4,0.7,-0.58,0.5,1.27,0.42,5.0,1.16,10.0,0.8,0.5,0.7,-5.4,2.6,14.0,5.2,5.0,15.4,10.0,0.8,0.5,0.7,2.42,2.93,4.77,3.56,4.0,1.79,12.0,0.8,0.4,0.7,18.4,22.6,28.2,23.3,4.0,6.4,12.0,0.8,0.4,0.7,-116.2,-54.8,7.0,-49.7,6.0,109.3,12.0,0.7,0.4,0.7,-139.8,-63.9,68.7,-54.0,6.0,155.0,12.0,0.7,0.4,0.7,-87.6,-39.9,26.8,-30.9,4.0,86.2,12.0,0.8,0.4,0.7,-53.6,-36.0,39.4,-8.4,4.0,72.8,12.0,0.8,0.4,0.7,-23.5,-13.8,4.4,-9.8,4.0,18.7,12.0,0.8,0.4,0.7,-15.0,-10.7,6.5,-4.6,4.0,16.0,12.0,0.8,0.4,0.7,109.0,468.5,1321.5,866.5,6.0,1246.5,12.0,0.7,0.4,0.7,110.0,470.0,1320.0,865.0,6.0,1245.0,12.0,0.7,0.4,0.7
1974,2,185.0,27.0,17.94,21.1,23.4,20.96,7.0,2.64,16.0,0.3,0.3,0.3,18.61,20.6,21.54,19.76,9.0,2.16,14.0,0.3,0.5,0.3,9.93,12.45,13.98,11.99,9.0,2.46,14.0,0.3,0.5,0.3,74.7,82.9,90.8,82.9,9.0,8.6,14.0,0.3,0.3,3.2,4.6,6.99,5.23,10.0,3.25,14.0,0.4,0.5,0.3,-3.96,-2.51,0.67,-1.66,10.0,2.28,14.0,0.4,0.5,0.3,-6.43,0.23,3.43,0.24,10.0,5.72,14.0,0.4,0.5,0.3,1014.85,1017.0,1022.37,1018.47,9.0,3.74,14.0,0.3,0.5,0.3,2.4,3.0,7.6,4.6,10.0,2.5,14.0,0.4,0.5,0.3,-19.0,-8.7,4.5,-10.7,10.0,17.6,14.0,0.4,0.5,0.3,-41.7,0.6,15.8,5.6,10.0,54.1,14.0,0.4,0.5,0.3,-0.71,1.7,2.23,0.94,7.0,2.03,16.0,0.3,0.3,0.3,-3.1,7.0,17.5,6.6,7.0,12.4,16.0,0.3,0.3,0.3,0.74,3.36,4.83,3.03,7.0,2.42,16.0,0.3,0.3,0.3,3.0,13.5,35.2,20.9,7.0,22.5,16.0,0.3,0.3,0.3,-74.9,-36.9,15.7,-27.6,9.0,46.8,14.0,0.3,0.5,0.3,-116.5,8.5,74.8,13.5,9.0,121.7,14.0,0.3,0.5,0.3,-49.8,-17.3,8.1,-17.1,9.0,29.7,14.0,0.3,0.5,0.3,-58.9,5.5,50.4,12.4,9.0,71.4,14.0,0.3,0.5,0.3,-12.1,-8.6,1.9,-6.1,7.0,8.8,16.0,0.3,0.3,0.3,-32.1,1.5,12.5,0.1,7.0,29.9,16.0,0.3,0.3,0.3,37.5,101.0,342.0,312.5,10.0,558.0,14.0,0.4,0.5,0.3,35.0,100.0,340.0,315.0,10.0,560.0,14.0,0.4,0.5,0.3
1974,2,185.0,28.0,18.79,19.5,20.21,19.5,6.0,1.05,14.0,0.0,0.6,0.4,17.5,19.4,20.0,18.73,6.0,1.72,14.0,0.0,0.6,0.4,9.93,11.49,13.97,11.78,5.0,2.19,12.0,0.0,0.5,0.5,79.3,82.9,95.7,86.4,5.0,8.7,12.0,0.0,0.5,5.97,7.7,11.01,8.22,6.0,2.6,14.0,0.0,0.6,0.4,-5.01,-0.94,0.28,-1.86,6.0,2.88,14.0,0.0,0.6,0.4,1.32,7.64,10.88,6.35,6.0,5.19,14.0,0.0,0.6,0.4,1009.79,1018.25,1023.41,1017.25,6.0,6.98,14.0,0.0,0.6,0.4,2.6,4.0,7.2,4.5,6.0,2.6,14.0,0.0,0.6,0.4,-26.9,-10.1,2.1,-11.8,6.0,17.8,14.0,0.0,0.6,0.4,8.6,58.8,119.9,62.7,6.0,56.9,14.0,0.0,0.6,0.4,-1.0,0.1,2.5,0.77,6.0,2.2,14.0,0.0,0.6,0.4,-11.0,-0.1,15.1,3.5,6.0,17.6,14.0,0.0,0.6,0.4,-0.26,2.22,4.48,2.21,5.0,2.52,12.0,0.0,0.5,0.5,-2.9,17.1,30.7,15.4,5.0,19.0,12.0,0.0,0.5,0.5,-92.3,-18.8,4.3,-36.4,6.0,54.1,14.0,0.0,0.6,0.4,26.8,132.3,217.5,120.7,6.0,101.7,14.0,0.0,0.6,0.4,-41.1,0.0,4.4,-16.2,5.0,31.6,12.0,0.0,0.5,0.5,52.2,80.7,154.5,97.3,5.0,58.4,12.0,0.0,0.5,0.5,-8.4,0.0,2.9,-3.1,5.0,11.6,12.0,0.0,0.5,0.5,-2.9,8.4,25.7,12.1,5.0,18.1,12.0,0.0,0.5,0.5,216.5,456.5,1339.0,698.0,6.0,609.5,14.0,0.0,0.6,0.4,215.0,455.0,1340.0,700.0,6.0,610.0,14.0,0.0,0.6,0.4
1974,2,185.0,29.0,17.8,18.0,19.0,18.26,8.0,1.3,8.0,0.4,0.4,0.5,16.7,18.0,19.5,18.08,9.0,1.6,8.0,0.3,0.4,0.6,8.02,11.0,12.4,10.48,9.0,2.09,8.0,0.3,0.4,0.6,68.3,85.7,88.3,81.0,9.0,10.0,8.0,0.3,0.6,6.47,7.7,10.4,8.63,9.0,2.76,8.0,0.3,0.4,0.6,-1.55,2.63,9.33,3.95,9.0,6.05,8.0,0.3,0.4,0.6,-6.9,-3.69,4.73,-1.32,9.0,5.95,8.0,0.3,0.4,0.6,1012.27,1019.5,1022.01,1017.9,9.0,5.01,8.0,0.3,0.4,0.6,2.8,6.0,7.5,5.3,9.0,2.4,8.0,0.3,0.4,0.6,-9.6,20.3,97.9,47.3,9.0,72.8,8.0,0.3,0.4,0.6,-55.7,-33.3,28.8,-12.1,9.0,49.4,8.0,0.3,0.4,0.6,-1.78,1.05,1.46,0.36,8.0,1.58,8.0,0.4,0.4,0.5,-11.0,8.5,15.4,2.7,8.0,16.2,8.0,0.4,0.4,0.5,0.2,2.5,4.95,2.66,8.0,2.04,8.0,0.4,0.4,0.5,1.5,25.4,38.6,22.7,8.0,17.0,8.0,0.4,0.4,0.5,-32.5,44.0,154.6,66.2,9.0,108.7,8.0,0.3,0.4,0.6,-115.3,-60.9,98.5,-16.5,9.0,109.8,8.0,0.3,0.4,0.6,-20.9,19.9,91.5,38.5,9.0,67.1,8.0,0.3,0.4,0.6,-54.6,-36.7,62.9,-3.9,9.0,64.7,8.0,0.3,0.4,0.6,0.0,11.6,27.0,12.1,8.0,12.5,8.0,0.4,0.4,0.5,-35.2,-9.5,0.0,-12.2,8.0,19.7,8.0,0.4,0.4,0.5,274.5,456.5,1137.0,834.5,9.0,877.5,8.0,0.3,0.4,0.6,275.0,455.0,1135.0,835.0,9.0,875.0,8.0,0.3,0.4,0.6
1974,2,185.0,30.0,16.81,18.7,19.0,18.08,16.0,1.34,14.0,0.3,0.6,0.4,16.11,18.0,20.23,18.37,17.0,1.99,14.0,0.3,0.6,0.4,7.82,11.08,12.59,10.49,15.0,2.32,14.0,0.3,0.6,0.3,71.4,82.2,90.4,79.8,15.0,12.4,14.0,0.3,0.3,4.29,7.95,11.3,7.82,16.0,3.38,14.0,0.3,0.7,0.4,-5.38,-0.18,6.49,0.45,16.0,6.13,14.0,0.3,0.7,0.4,-8.26,1.16,5.01,-0.48,16.0,6.22,14.0,0.3,0.7,0.4,1012.27,1017.0,1020.08,1016.62,17.0,3.81,14.0,0.3,0.6,0.4,3.0,5.0,8.0,5.0,15.0,2.5,12.0,0.2,0.6,0.4,-56.4,1.4,51.0,-0.5,16.0,62.2,14.0,0.3,0.7,0.4,-86.5,3.1,43.1,-12.8,16.0,66.3,14.0,0.3,0.7,0.4,-2.31,-0.65,2.31,-0.32,16.0,2.8,14.0,0.3,0.6,0.4,-20.2,-6.1,24.2,-1.7,15.0,25.8,14.0,0.3,0.6,0.4,-0.34,1.63,5.76,2.38,15.0,2.88,14.0,0.3,0.6,0.3,-3.3,17.4,55.9,21.8,14.0,26.9,14.0,0.3,0.6,0.4,-106.6,-6.5,120.9,2.3,16.0,110.5,14.0,0.3,0.7,0.4,-131.2,23.3,105.7,-5.2,16.0,116.1,14.0,0.3,0.7,0.4,-67.6,-5.4,59.3,-3.0,14.0,64.1,14.0,0.3,0.6,0.4,-79.4,12.2,67.7,-2.1,14.0,70.4,14.0,0.3,0.6,0.4,-6.6,5.7,22.9,9.5,14.0,26.6,14.0,0.3,0.6,0.4,-18.0,-3.5,7.7,-7.0,14.0,19.5,14.0,0.3,0.6,0.4,79.5,504.0,1443.0,730.5,16.0,729.0,14.0,0.3,0.7,0.4,80.0,505.0,1445.0,730.0,16.0,730.0,14.0,0.3,0.7,0.4
1974,2,185.0,31.0,17.59,18.0,19.71,18.63,3.0,1.64,14.0,0.3,0.4,0.2,16.59,18.3,19.46,18.03,3.0,2.11,14.0,0.3,0.4,0.2,10.12,10.37,10.62,10.37,2.0,0.52,16.0,0.0,0.4,0.2,79.7,86.7,93.6,86.7,2.0,14.4,16.0,0.0,0.2,4.08,5.1,6.87,5.47,3.0,2.07,14.0,0.3,0.4,0.2,-2.99,3.28,3.46,0.31,3.0,5.38,14.0,0.3,0.4,0.2,-3.58,-0.63,2.47,-0.56,3.0,4.43,14.0,0.3,0.4,0.2,1012.96,1017.6,1019.24,1016.13,3.0,4.77,14.0,0.3,0.4,0.2,3.8,5.5,7.2,5.5,2.0,3.5,8.0,0.5,0.3,0.1,-27.0,12.8,15.5,-5.3,3.0,34.8,14.0,0.3,0.4,0.2,-26.7,-2.3,12.9,-6.8,3.0,29.3,14.0,0.3,0.4,0.2,-0.05,0.5,1.25,0.6,3.0,0.95,14.0,0.3,0.4,0.2,0.1,2.6,9.2,4.6,3.0,6.9,14.0,0.3,0.4,0.2,1.76,2.2,2.64,2.2,2.0,0.92,16.0,0.0,0.4,0.2,10.5,11.1,11.7,11.1,2.0,1.2,16.0,0.0,0.4,0.2,-43.0,64.9,65.3,12.4,3.0,91.5,14.0,0.3,0.4,0.2,-57.0,-11.4,49.7,-3.8,3.0,78.4,14.0,0.3,0.4,0.2,-47.7,-13.9,19.8,-13.9,2.0,69.9,16.0,0.0,0.4,0.2,-45.7,-29.7,-13.7,-29.7,2.0,33.2,16.0,0.0,0.4,0.2,-6.1,0.5,7.1,0.5,2.0,13.6,16.0,0.0,0.4,0.2,-6.7,-4.7,-2.7,-4.7,2.0,4.2,16.0,0.0,0.4,0.2,74.0,132.5,353.5,212.0,3.0,216.0,14.0,0.3,0.4,0.2,75.0,135.0,355.0,210.0,3.0,215.0,14.0,0.3,0.4,0.2
1974,2,185.0,32.0,15.29,16.65,17.0,16.38,12.0,1.31,14.0,0.3,0.6,0.6,14.0,15.0,17.0,15.42,13.0,1.33,14.0,0.2,0.6,0.7,7.32,9.39,10.48,9.05,13.0,1.54,14.0,0.2,0.6,0.7,68.9,89.0,95.9,83.8,13.0,13.6,14.0,0.2,0.7,2.55,6.2,12.9,7.51,13.0,4.36,14.0,0.3,0.5,0.7,-5.52,3.55,6.63,1.17,13.0,7.08,14.0,0.3,0.5,0.7,-2.82,0.0,2.25,-0.57,13.0,5.29,14.0,0.3,0.5,0.7,1014.5,1019.3,1020.98,1018.45,14.0,3.52,14.0,0.3,0.6,0.7,5.1,8.0,8.0,6.8,14.0,1.9,14.0,0.3,0.6,0.7,-55.7,14.6,85.5,9.8,13.0,81.1,14.0,0.3,0.5,0.7,-19.8,0.0,17.6,-9.8,13.0,61.6,14.0,0.3,0.5,0.7,-0.7,1.0,3.0,1.02,12.0,1.73,14.0,0.3,0.6,0.6,-5.5,6.3,18.2,8.3,11.0,15.3,14.0,0.3,0.5,0.6,0.67,3.04,4.04,2.63,12.0,1.79,14.0,0.3,0.6,0.6,5.7,17.0,52.7,24.2,11.0,23.9,14.0,0.3,0.5,0.6,-43.8,55.0,107.5,32.2,12.0,102.3,14.0,0.3,0.6,0.7,-61.3,13.5,38.2,-8.4,12.0,83.7,14.0,0.3,0.6,0.7,-29.8,31.2,58.0,15.5,12.0,57.6,14.0,0.3,0.6,0.7,-32.2,7.0,21.8,-0.9,12.0,44.7,14.0,0.3,0.6,0.7,-2.2,9.3,27.0,7.8,11.0,22.9,14.0,0.3,0.5,0.6,-23.3,0.0,7.3,-7.8,11.0,23.6,14.0,0.3,0.5,0.6,17.0,238.5,2146.5,825.5,13.0,924.5,14.0,0.3,0.5,0.7,15.0,240.0,2145.0,825.0,13.0,925.0,14.0,0.3,0.5,0.7
1974,2,185.0,33.0,15.11,17.0,17.78,16.78,15.0,1.49,18.0,0.5,0.7,0.5,13.0,15.0,16.95,14.88,17.0,1.87,18.0,0.4,0.7,0.5,5.9,7.63,10.71,7.9,14.0,2.62,16.0,0.4,0.7,0.5,63.9,84.5,93.5,75.7,14.0,21.3,16.0,0.4,0.5,3.1,8.45,11.91,8.17,16.0,3.79,16.0,0.4,0.7,0.5,-2.58,1.94,7.66,1.8,16.0,5.58,16.0,0.4,0.7,0.5,-6.11,2.45,8.07,1.67,16.0,6.92,16.0,0.4,0.7,0.5,1016.08,1021.0,1022.73,1019.02,17.0,4.91,18.0,0.4,0.7,0.5,2.0,5.5,8.0,5.1,16.0,2.6,16.0,0.4,0.7,0.5,-24.0,10.3,78.7,21.2,16.0,60.6,16.0,0.4,0.7,0.5,-49.9,12.0,77.4,13.8,16.0,79.3,16.0,0.4,0.7,0.5,-0.38,2.0,4.67,1.92,15.0,2.09,18.0,0.5,0.7,0.5,-3.1,8.2,35.9,14.5,14.0,19.1,16.0,0.4,0.7,0.5,0.68,4.06,5.68,3.92,14.0,3.09,16.0,0.4,0.7,0.5,6.3,25.1,43.5,25.1,14.0,18.3,16.0,0.4,0.7,0.5,-40.9,30.8,109.8,28.4,16.0,85.9,16.0,0.4,0.7,0.5,-79.3,35.9,130.3,29.5,16.0,99.2,16.0,0.4,0.7,0.5,-9.9,17.7,38.5,19.7,14.0,49.7,16.0,0.4,0.7,0.5,-50.2,18.7,47.0,9.3,14.0,61.1,16.0,0.4,0.7,0.5,-17.3,2.6,20.7,1.6,14.0,20.1,16.0,0.4,0.7,0.5,-21.4,2.6,32.4,3.7,14.0,24.3,16.0,0.4,0.7,0.5,30.0,605.0,1745.5,867.5,16.0,891.0,16.0,0.4,0.7,0.5,30.0,605.0,1745.0,865.0,16.0,890.0,16.0,0.4,0.7,0.5
1974,2,185.0,34.0,15.16,15.5,15.98,15.57,3.0,0.6,8.0,0.7,0.7,0.4,14.91,16.0,16.89,15.9,3.0,1.45,8.0,0.7,0.7,0.4,7.35,8.09,10.77,9.04,3.0,2.64,8.0,0.7,0.7,0.4,67.9,80.0,92.4,80.1,3.0,17.9,8.0,0.7,0.4,5.36,11.3,12.39,8.93,3.0,5.54,8.0,0.7,0.7,0.4,3.97,7.26,10.98,7.47,3.0,5.13,8.0,0.7,0.7,0.4,-1.25,0.89,6.19,2.44,3.0,5.61,8.0,0.7,0.7,0.4,1014.16,1014.5,1016.89,1015.5,3.0,2.18,8.0,0.7,0.7,0.4,3.5,4.5,5.5,4.5,2.0,2.1,8.0,0.5,0.9,0.3,30.4,82.1,137.9,84.1,3.0,78.8,8.0,0.7,0.7,0.4,-19.0,2.3,67.5,23.7,3.0,66.0,8.0,0.7,0.7,0.4,-1.51,0.2,0.81,-0.33,3.0,1.76,8.0,0.7,0.7,0.4,-16.9,2.6,2.8,-6.8,3.0,16.6,8.0,0.7,0.7,0.4,-0.11,2.78,3.89,1.91,3.0,3.03,8.0,0.7,0.7,0.4,-8.9,7.2,41.1,15.9,3.0,37.4,8.0,0.7,0.7,0.4,63.9,125.7,178.6,121.4,3.0,84.1,8.0,0.7,0.7,0.4,-20.4,12.8,106.3,42.2,3.0,96.2,8.0,0.7,0.7,0.4,41.2,87.3,88.4,65.3,3.0,39.5,8.0,0.7,0.7,0.4,-8.4,7.2,73.3,31.9,3.0,63.6,8.0,0.7,0.7,0.4,-5.0,6.8,40.4,17.4,3.0,34.5,8.0,0.7,0.7,0.4,-11.7,-9.9,-1.4,-6.7,3.0,8.0,8.0,0.7,0.7,0.4,470.0,1443.0,1923.5,1202.5,3.0,1084.5,8.0,0.7,0.7,0.4,470.0,1445.0,1925.0,1200.0,3.0,1085.0,8.0,0.7,0.7,0.4
1974,2,185.0,35.0,14.75,15.0,15.18,14.98,5.0,0.36,14.0,0.6,0.6,0.4,12.0,13.0,13.57,12.72,5.0,1.24,14.0,0.6,0.6,0.4,7.44,7.53,7.92,7.67,4.0,0.38,14.0,0.8,0.6,0.3,77.7,84.1,91.0,84.3,4.0,7.8,14.0,0.8,0.3,8.22,11.3,14.4,11.22,5.0,4.5,14.0,0.6,0.6,0.4,-3.1,3.98,11.78,3.9,5.0,8.69,14.0,0.6,0.6,0.4,-6.62,0.0,5.22,-0.82,5.0,9.06,14.0,0.6,0.6,0.4,1004.46,1014.0,1017.37,1011.36,5.0,6.97,14.0,0.6,0.6,0.4,4.2,8.0,8.0,6.2,5.0,3.0,14.0,0.6,0.6,0.4,-52.8,18.3,140.6,33.2,5.0,121.7,14.0,0.6,0.6,0.4,-105.5,0.0,45.5,-31.2,5.0,132.0,14.0,0.6,0.6,0.4,1.43,2.0,2.94,2.26,5.0,1.24,14.0,0.6,0.6,0.4,14.3,20.6,34.8,25.2,5.0,18.3,14.0,0.6,0.6,0.4,2.58,3.23,3.28,2.94,4.0,0.63,14.0,0.8,0.6,0.3,28.0,38.0,48.6,38.3,4.0,13.5,14.0,0.8,0.6,0.3,-42.5,51.0,139.6,43.2,5.0,107.8,14.0,0.6,0.6,0.4,-89.9,0.0,69.5,-11.7,5.0,123.3,14.0,0.6,0.6,0.4,-33.3,45.8,93.7,30.9,4.0,76.9,14.0,0.8,0.6,0.3,-65.4,-8.1,40.9,-12.1,4.0,77.2,14.0,0.8,0.6,0.3,-14.3,11.1,32.6,9.2,4.0,29.8,14.0,0.8,0.6,0.3,-26.6,-2.0,17.8,-4.3,4.0,33.4,14.0,0.8,0.6,0.3,729.0,1443.0,3157.0,1938.5,5.0,1819.5,14.0,0.6,0.6,0.4,730.0,1445.0,3155.0,1940.0,5.0,1820.0,14.0,0.6,0.6,0.4
1974,2,185.0,36.0,12.31,13.4,14.39,13.8,8.0,1.85,14.0,0.4,0.6,0.3,13.61,14.0,14.84,14.08,9.0,1.22,14.0,0.3,0.7,0.3,6.07,7.22,9.47,7.56,8.0,1.57,14.0,0.4,0.6,0.3,65.9,74.4,87.0,76.1,8.0,12.2,14.0,0.4,0.3,5.44,10.3,13.63,9.88,9.0,3.96,14.0,0.3,0.7,0.3,-3.86,2.05,12.81,4.12,9.0,8.73,14.0,0.3,0.7,0.3,0.8,4.41,6.15,4.18,9.0,3.26,14.0,0.3,0.7,0.3,1007.75,1012.5,1019.08,1013.18,9.0,5.49,14.0,0.3,0.7,0.3,2.0,7.0,8.0,5.1,7.0,3.3,14.0,0.4,0.6,0.3,-39.9,8.4,174.8,60.6,9.0,111.7,14.0,0.3,0.7,0.3,3.9,25.9,63.6,39.5,9.0,38.6,14.0,0.3,0.7,0.3,-2.14,-0.35,1.48,-0.16,8.0,2.22,14.0,0.4,0.6,0.3,-27.4,-1.8,6.4,-3.4,8.0,29.5,14.0,0.4,0.6,0.3,0.02,2.06,4.19,2.29,8.0,2.2,14.0,0.4,0.6,0.3,1.0,14.4,42.4,23.6,8.0,28.9,14.0,0.4,0.6,0.3,-53.3,23.8,180.6,60.7,9.0,129.9,14.0,0.3,0.7,0.3,11.1,63.5,83.7,57.6,9.0,45.3,14.0,0.3,0.7,0.3,-26.0,36.8,89.0,42.6,8.0,65.3,14.0,0.4,0.6,0.3,2.4,31.0,50.4,32.4,8.0,26.8,14.0,0.4,0.6,0.3,-7.2,3.4,42.3,16.9,8.0,30.8,14.0,0.4,0.6,0.3,0.0,10.7,12.9,9.4,8.0,9.8,14.0,0.4,0.6,0.3,194.0,1092.5,2540.5,1367.0,9.0,1239.0,14.0,0.3,0.7,0.3,195.0,1095.0,2540.0,1365.0,9.0,1240.0,14.0,0.3,0.7,0.3
1974,2,185.0,37.0,12.24,13.25,14.79,13.5,4.0,1.58,14.0,0.5,0.8,0.5,10.59,12.25,14.21,12.25,6.0,2.19,18.0,0.5,0.6,0.4,5.88,7.06,7.69,6.77,5.0,1.34,16.0,0.6,0.7,0.5,63.3,79.3,83.0,74.4,5.0,10.7,16.0,0.6,0.5,5.06,8.75,15.4,9.43,6.0,5.16,18.0,0.5,0.6,0.4,-0.17,3.86,13.71,5.43,6.0,7.58,18.0,0.5,0.6,0.4,-3.42,2.36,7.77,1.92,6.0,6.02,18.0,0.5,0.6,0.4,999.57,1009.75,1020.0,1009.33,6.0,10.12,18.0,0.5,0.6,0.4,1.8,3.5,7.2,4.2,6.0,2.8,18.0,0.5,0.6,0.4,-4.5,24.8,211.2,75.2,6.0,115.5,18.0,0.5,0.6,0.4,-43.3,14.8,83.9,21.7,6.0,66.7,18.0,0.5,0.6,0.4,-0.05,1.75,2.76,1.38,4.0,1.8,14.0,0.5,0.8,0.5,-1.7,20.6,42.5,20.4,4.0,25.8,14.0,0.5,0.8,0.5,2.63,3.54,3.9,3.28,4.0,0.99,14.0,0.5,0.8,0.5,11.9,37.7,60.1,36.1,4.0,28.4,14.0,0.5,0.8,0.5,-1.7,43.0,144.1,57.6,6.0,86.5,18.0,0.5,0.6,0.4,-33.4,37.0,102.7,32.3,6.0,76.2,18.0,0.5,0.6,0.4,-9.6,17.2,80.4,31.0,5.0,54.0,16.0,0.6,0.7,0.5,-8.5,37.1,60.3,28.3,5.0,35.9,16.0,0.6,0.7,0.5,4.0,26.4,56.1,29.8,4.0,30.5,14.0,0.5,0.8,0.5,-6.6,8.9,23.9,8.6,4.0,18.1,14.0,0.5,0.8,0.5,150.5,678.0,3652.5,1477.0,6.0,1707.0,18.0,0.5,0.6,0.4,150.0,680.0,3650.0,1475.0,6.0,1705.0,18.0,0.5,0.6,0.4
1974,2,185.0,38.0,12.01,13.15,14.02,13.22,6.0,1.59,20.0,0.2,0.5,0.5,10.6,11.0,12.81,11.56,7.0,1.04,18.0,0.3,0.5,0.5,5.94,6.34,6.91,6.49,6.0,0.72,20.0,0.2,0.5,0.5,70.5,78.3,82.6,76.7,6.0,7.0,20.0,0.2,0.5,6.54,10.3,15.18,11.24,8.0,4.48,18.0,0.3,0.5,0.4,-0.28,8.52,14.88,7.33,8.0,9.13,18.0,0.3,0.5,0.4,-3.5,-0.25,5.55,0.41,8.0,4.41,18.0,0.3,0.5,0.4,1000.72,1013.05,1017.06,1012.15,8.0,11.22,18.0,0.3,0.5,0.4,2.2,6.0,7.9,5.1,8.0,2.9,18.0,0.3,0.5,0.4,-1.6,83.2,226.4,106.8,8.0,143.1,18.0,0.3,0.5,0.4,-58.6,0.9,40.5,-1.7,8.0,49.3,18.0,0.3,0.5,0.4,-0.07,2.05,2.81,1.57,6.0,1.93,20.0,0.2,0.5,0.5,-1.0,16.0,41.6,18.6,6.0,24.7,20.0,0.2,0.5,0.5,2.17,2.63,3.94,2.94,6.0,1.1,20.0,0.2,0.5,0.5,21.6,24.3,47.5,32.3,6.0,17.6,20.0,0.2,0.5,0.5,56.1,119.1,161.5,99.7,7.0,100.0,18.0,0.3,0.5,0.5,-38.2,-23.3,30.8,-2.6,7.0,49.4,18.0,0.3,0.5,0.5,14.4,59.3,87.0,45.8,6.0,56.9,20.0,0.2,0.5,0.5,-23.7,0.1,21.9,0.8,6.0,26.8,20.0,0.2,0.5,0.5,7.2,20.0,46.2,22.2,6.0,28.0,20.0,0.2,0.5,0.5,-11.2,-2.6,9.1,-2.1,6.0,13.2,20.0,0.2,0.5,0.5,301.0,1092.5,3514.0,2045.0,8.0,2263.0,18.0,0.3,0.5,0.4,300.0,1095.0,3515.0,2045.0,8.0,2265.0,18.0,0.3,0.5,0.4
1974,2,185.0,39.0,11.82,12.1,13.37,12.52,5.0,0.99,12.0,0.4,0.8,0.4,9.59,11.75,13.37,11.45,6.0,2.32,14.0,0.3,0.7,0.4,6.46,8.07,8.45,7.57,5.0,1.22,12.0,0.4,0.8,0.4,83.6,87.2,89.4,86.8,5.0,3.9,12.0,0.4,0.4,8.12,13.6,16.14,12.42,6.0,5.46,14.0,0.3,0.7,0.4,-6.93,-1.8,7.07,0.09,6.0,10.82,14.0,0.3,0.7,0.4,-2.99,5.5,9.67,2.82,6.0,9.4,14.0,0.3,0.7,0.4,990.66,1002.1,1021.0,1003.72,6.0,15.86,14.0,0.3,0.7,0.4,3.9,6.0,7.4,5.6,5.0,2.3,12.0,0.4,0.8,0.4,-106.8,-6.5,111.2,17.3,6.0,187.5,14.0,0.3,0.7,0.4,-46.0,74.6,121.1,29.3,6.0,132.0,14.0,0.3,0.7,0.4,-0.4,0.0,2.23,0.78,5.0,1.78,12.0,0.4,0.8,0.4,-3.7,0.0,38.9,15.9,5.0,30.8,12.0,0.4,0.8,0.4,0.75,1.79,2.3,1.55,5.0,1.0,12.0,0.4,0.8,0.4,2.8,21.1,39.0,21.7,5.0,20.7,12.0,0.4,0.8,0.4,-70.7,-23.4,75.7,-5.6,6.0,100.0,14.0,0.3,0.7,0.4,-29.9,53.6,129.5,40.1,6.0,107.4,14.0,0.3,0.7,0.4,-51.4,0.0,61.2,4.8,5.0,74.4,12.0,0.4,0.8,0.4,12.3,52.2,85.9,49.1,5.0,39.3,12.0,0.4,0.8,0.4,-12.8,0.0,22.8,5.0,5.0,28.4,12.0,0.4,0.8,0.4,0.4,8.8,17.5,9.1,5.0,8.9,12.0,0.4,0.8,0.4,648.0,2647.5,4314.5,2776.5,6.0,2483.0,14.0,0.3,0.7,0.4,650.0,2650.0,4315.0,2775.0,6.0,2485.0,14.0,0.3,0.7,0.4
1974,2,185.0,40.0,,,,,,,,,,,,,,,,,,,,,,,,,,,,,,,,,,,,,,,,12.9,12.9,12.9,12.9,1.0,0.0,2.0,1.0,0.6,0.0,12.9,12.9,12.9,12.9,1.0,0.0,2.0,1.0,0.6,0.0,0.0,0.0,0.0,0.0,1.0,0.0,2.0,1.0,0.6,0.0,1006.0,1006.0,1006.0,1006.0,1.0,0.0,2.0,1.0,0.6,0.0,,,,,,,,,,,,,,,,,,,,,,,,,,,,,,,,,,,,,,,,,,,,,,,,,,,,,,,,,,,,,,,,,,,,,,,,,,,,,,,,,,,,,,,,,,,,,,,,,,,,,,,,,,,,,,,,,,,,,,,,,,,,,,,,,,,,,,,,,,,,,,,,,,,,,,
1974,2,185.0,41.0,10.1,10.3,10.78,10.43,3.0,0.51,8.0,0.3,0.6,0.7,8.0,8.5,9.09,7.64,8.0,3.15,10.0,0.4,0.5,0.6,5.19,5.51,5.71,5.46,4.0,0.38,12.0,0.5,0.6,0.5,73.1,77.4,80.1,76.7,4.0,4.7,12.0,0.5,0.5,8.04,12.85,13.9,12.03,8.0,3.15,10.0,0.4,0.5,0.6,-1.81,7.42,10.59,5.43,8.0,6.54,10.0,0.4,0.5,0.6,-10.6,-6.09,9.43,-2.5,8.0,9.57,10.0,0.4,0.5,0.6,999.0,1008.0,1020.55,1008.26,7.0,14.14,10.0,0.4,0.5,0.6,3.1,5.0,6.9,5.1,8.0,1.9,10.0,0.4,0.5,0.6,-10.7,93.1,124.2,80.4,8.0,82.7,10.0,0.4,0.5,0.6,-145.0,-46.9,155.6,-19.2,8.0,132.8,10.0,0.4,0.5,0.6,1.16,1.5,1.7,1.43,3.0,0.4,8.0,0.3,0.6,0.7,13.1,16.5,18.5,15.8,3.0,4.0,8.0,0.3,0.6,0.7,2.12,2.38,2.39,2.26,3.0,0.22,8.0,0.3,0.6,0.7,18.7,25.8,35.0,26.8,3.0,11.9,8.0,0.3,0.6,0.7,-19.9,57.1,89.5,41.0,8.0,61.4,10.0,0.4,0.5,0.6,-82.6,-22.5,94.3,-6.7,8.0,80.2,10.0,0.4,0.5,0.6,-22.2,22.2,66.9,22.4,4.0,51.8,12.0,0.5,0.6,0.5,-32.7,-12.2,32.6,-0.6,4.0,45.0,12.0,0.5,0.6,0.5,4.6,25.8,28.7,16.9,3.0,19.3,8.0,0.3,0.6,0.7,-9.9,0.0,17.2,3.6,3.0,20.1,8.0,0.3,0.6,0.7,545.5,2164.5,2685.5,2045.5,8.0,1365.0,10.0,0.4,0.5,0.6,545.0,2165.0,2685.0,2045.0,8.0,1365.0,10.0,0.4,0.5,0.6
1974,2,185.0,42.0,10.0,10.0,10.0,10.0,2.0,0.0,20.0,0.5,0.4,0.4,7.12,8.95,9.52,8.35,4.0,1.96,14.0,0.5,0.5,0.5,5.54,5.59,5.63,5.59,2.0,0.1,16.0,0.5,0.6,0.5,82.5,89.6,96.7,89.6,2.0,14.7,16.0,0.5,0.5,3.79,9.5,13.9,8.88,4.0,5.89,14.0,0.5,0.5,0.5,-6.73,-0.44,2.51,-2.03,4.0,7.12,14.0,0.5,0.5,0.5,-10.59,-2.6,2.11,-4.17,4.0,7.77,14.0,0.5,0.5,0.5,996.78,1000.6,1018.48,1007.47,3.0,16.98,16.0,0.3,0.6,0.4,7.0,7.5,8.0,7.5,4.0,0.6,14.0,0.5,0.5,0.5,-88.8,-1.2,12.8,-36.3,4.0,88.2,14.0,0.5,0.5,0.5,-147.2,-45.1,7.7,-68.6,4.0,96.5,14.0,0.5,0.5,0.5,0.17,0.55,0.93,0.55,2.0,0.78,20.0,0.5,0.4,0.4,2.4,7.6,12.9,7.6,2.0,10.8,20.0,0.5,0.4,0.4,1.99,1.99,1.99,1.99,1.0,0.0,26.0,1.0,0.2,0.5,27.6,27.6,27.6,27.6,1.0,0.0,26.0,1.0,0.2,0.5,-59.9,-4.0,25.1,-16.8,4.0,65.1,14.0,0.5,0.5,0.5,-69.5,-22.2,19.8,-24.7,4.0,51.7,14.0,0.5,0.5,0.5,-55.8,-33.2,-10.5,-33.2,2.0,46.9,16.0,0.5,0.6,0.5,-72.2,-58.5,-44.7,-58.5,2.0,28.5,16.0,0.5,0.6,0.5,-23.9,-23.9,-23.9,-23.9,1.0,0.0,26.0,1.0,0.2,0.5,-13.8,-13.8,-13.8,-13.8,1.0,0.0,26.0,1.0,0.2,0.5,72.5,1409.0,2685.5,1380.5,4.0,1508.0,14.0,0.5,0.5,0.5,70.0,1410.0,2685.0,1380.0,4.0,1510.0,14.0,0.5,0.5,0.5
1974,2,185.0,43.0,8.92,8.95,8.98,8.95,2.0,0.07,14.0,0.0,0.7,0.7,5.13,6.7,8.27,6.7,2.0,3.25,14.0,0.0,0.7,0.7,5.46,5.81,6.16,5.81,2.0,0.72,14.0,0.0,0.7,0.7,89.8,93.9,98.1,93.9,2.0,8.6,14.0,0.0,0.7,8.92,11.55,14.18,11.55,2.0,5.44,14.0,0.0,0.7,0.7,3.05,3.95,4.85,3.95,2.0,1.86,14.0,0.0,0.7,0.7,-11.03,-3.62,3.79,-3.62,2.0,15.35,14.0,0.0,0.7,0.7,990.75,994.5,998.25,994.5,2.0,7.78,14.0,0.0,0.7,0.7,8.0,8.0,8.0,8.0,2.0,0.0,14.0,0.0,0.7,0.7,29.9,50.7,71.5,50.7,2.0,43.0,14.0,0.0,0.7,0.7,-178.6,-83.6,11.5,-83.6,2.0,197.0,14.0,0.0,0.7,0.7,0.71,2.25,3.79,2.25,2.0,3.18,14.0,0.0,0.7,0.7,11.0,34.7,58.3,34.7,2.0,49.0,14.0,0.0,0.7,0.7,1.04,1.4,1.76,1.4,2.0,0.75,14.0,0.0,0.7,0.7,10.4,18.2,26.1,18.2,2.0,16.3,14.0,0.0,0.7,0.7,23.3,23.4,23.6,23.4,2.0,0.4,14.0,0.0,0.7,0.7,-43.2,0.7,44.7,0.7,2.0,91.1,14.0,0.0,0.7,0.7,18.4,22.3,26.1,22.3,2.0,8.0,14.0,0.0,0.7,0.7,-57.3,-15.5,26.3,-15.5,2.0,86.6,14.0,0.0,0.7,0.7,3.6,6.2,8.9,6.2,2.0,5.6,14.0,0.0,0.7,0.7,-22.5,-10.8,0.9,-10.8,2.0,24.2,14.0,0.0,0.7,0.7,963.5,2054.5,3145.0,2054.5,2.0,2259.5,14.0,0.0,0.7,0.7,965.0,2055.0,3145.0,2055.0,2.0,2260.0,14.0,0.0,0.7,0.7
1974,2,185.0,44.0,7.03,7.1,7.17,7.1,2.0,0.14,22.0,0.5,0.5,0.3,3.93,4.0,6.73,5.3,3.0,2.34,16.0,0.7,0.7,0.4,4.11,4.91,5.13,4.62,3.0,0.79,16.0,0.7,0.7,0.4,74.6,75.8,92.3,83.3,3.0,14.5,16.0,0.7,0.4,6.43,9.3,14.56,10.47,3.0,6.04,16.0,0.7,0.7,0.4,2.56,8.05,10.02,6.33,3.0,5.66,16.0,0.7,0.7,0.4,-10.51,-5.1,-4.79,-7.59,3.0,4.71,16.0,0.7,0.7,0.4,984.2,1004.4,1026.65,1005.4,3.0,31.11,16.0,0.7,0.7,0.4,4.6,6.0,7.4,6.0,2.0,2.8,10.0,0.5,0.8,0.5,23.8,74.9,150.6,86.9,3.0,93.5,16.0,0.7,0.7,0.4,-164.8,-43.2,-31.5,-96.9,3.0,108.2,16.0,0.7,0.7,0.4,-0.32,1.15,2.62,1.15,2.0,3.04,22.0,0.5,0.5,0.3,0.6,12.8,25.0,12.8,2.0,25.3,22.0,0.5,0.5,0.3,1.38,1.88,2.38,1.88,2.0,1.04,22.0,0.5,0.5,0.3,8.8,15.1,21.4,15.1,2.0,13.1,22.0,0.5,0.5,0.3,10.0,31.4,39.8,25.0,3.0,22.5,16.0,0.7,0.7,0.4,-48.5,-40.8,-25.3,-37.0,3.0,17.3,16.0,0.7,0.7,0.4,9.5,30.0,48.5,29.1,3.0,28.6,16.0,0.7,0.7,0.4,-54.4,-25.1,-19.8,-36.8,3.0,27.3,16.0,0.7,0.7,0.4,3.3,10.5,17.7,10.5,2.0,14.9,22.0,0.5,0.5,0.3,-11.1,-9.0,-6.8,-9.0,2.0,4.5,22.0,0.5,0.5,0.3,346.0,804.5,3609.0,1950.0,3.0,2588.0,16.0,0.7,0.7,0.4,345.0,805.0,3610.0,1950.0,3.0,2590.0,16.0,0.7,0.7,0.4
1974,2,185.0,45.0,6.48,7.0,7.0,6.75,4.0,0.5,4.0,0.3,0.6,0.5,4.0,5.25,7.81,5.88,4.0,2.39,4.0,0.3,0.6,0.5,4.39,4.43,5.68,5.01,4.0,1.18,4.0,0.3,0.6,0.5,78.9,85.0,89.7,84.4,4.0,8.4,4.0,0.3,0.5,8.39,11.85,15.57,11.98,4.0,4.9,4.0,0.3,0.6,0.5,-2.45,7.77,11.49,4.67,4.0,9.66,4.0,0.3,0.6,0.5,-2.31,1.99,10.06,3.79,4.0,8.58,4.0,0.3,0.6,0.5,986.19,992.0,997.81,992.0,4.0,6.79,4.0,0.3,0.6,0.5,4.0,6.5,8.0,6.0,4.0,2.4,4.0,0.3,0.6,0.5,-70.9,73.0,137.5,35.1,4.0,141.7,4.0,0.3,0.6,0.5,-29.8,12.4,158.8,62.1,4.0,149.6,4.0,0.3,0.6,0.5,-1.29,1.25,3.0,0.88,4.0,2.53,4.0,0.3,0.6,0.5,-20.3,14.7,35.7,8.0,4.0,34.6,4.0,0.3,0.6,0.5,0.41,1.7,1.98,1.22,4.0,1.17,4.0,0.3,0.6,0.5,-0.5,15.1,23.6,11.7,4.0,15.5,4.0,0.3,0.6,0.5,-27.7,37.0,46.0,10.4,4.0,61.4,4.0,0.3,0.6,0.5,-9.2,13.0,85.8,37.1,4.0,71.1,4.0,0.3,0.6,0.5,-21.9,34.3,50.4,15.2,4.0,52.7,4.0,0.3,0.6,0.5,-10.2,8.9,63.8,26.0,4.0,55.2,4.0,0.3,0.6,0.5,5.5,14.0,22.8,14.1,4.0,10.0,4.0,0.3,0.6,0.5,-8.2,-3.8,2.9,-2.7,4.0,6.8,4.0,0.3,0.6,0.5,724.5,1703.0,4077.5,2369.0,4.0,2436.5,4.0,0.3,0.6,0.5,725.0,1705.0,4075.0,2370.0,4.0,2435.0,4.0,0.3,0.6,0.5
1974,2,185.0,46.0,0.82,5.0,7.07,4.14,5.0,3.22,10.0,0.2,0.7,0.5,3.33,4.8,5.8,4.58,4.0,1.94,10.0,0.3,0.8,0.5,3.98,4.67,5.15,4.57,4.0,0.7,10.0,0.3,0.8,0.5,76.4,89.0,94.2,85.5,4.0,11.7,10.0,0.3,0.5,10.93,12.9,21.51,15.64,5.0,5.81,10.0,0.2,0.7,0.5,-4.08,8.92,20.22,7.76,5.0,13.68,10.0,0.2,0.7,0.5,-6.15,6.45,8.6,2.35,5.0,8.37,10.0,0.2,0.7,0.5,985.64,993.7,1007.63,995.6,5.0,13.26,10.0,0.2,0.7,0.5,3.6,4.0,7.4,5.2,5.0,2.2,10.0,0.2,0.7,0.5,-52.6,91.9,436.3,169.6,5.0,272.0,10.0,0.2,0.7,0.5,-100.3,83.2,134.1,24.1,5.0,139.2,10.0,0.2,0.7,0.5,-4.06,-1.65,1.81,-1.15,4.0,3.51,10.0,0.3,0.8,0.5,-48.8,-18.5,37.9,-6.1,4.0,53.4,10.0,0.3,0.8,0.5,-1.06,0.39,1.93,0.44,4.0,1.72,10.0,0.3,0.8,0.5,-12.7,11.9,42.5,14.8,4.0,32.0,10.0,0.3,0.8,0.5,-28.1,19.4,94.6,32.6,4.0,84.2,10.0,0.3,0.8,0.5,-21.0,22.5,43.2,11.6,4.0,46.1,10.0,0.3,0.8,0.5,-30.0,36.3,82.6,26.7,4.0,68.5,10.0,0.3,0.8,0.5,-4.9,29.8,46.4,21.2,4.0,38.9,10.0,0.3,0.8,0.5,5.3,22.6,39.9,22.6,4.0,20.7,10.0,0.3,0.8,0.5,-14.6,-9.5,3.5,-5.7,4.0,12.8,10.0,0.3,0.8,0.5,1315.0,2146.5,10051.0,5150.0,5.0,5090.0,10.0,0.2,0.7,0.5,1315.0,2145.0,10050.0,5150.0,5.0,5090.0,10.0,0.2,0.7,0.5
1974,2,185.0,47.0,3.57,4.0,4.68,4.08,5.0,0.75,16.0,0.2,0.6,0.5,1.09,4.0,5.73,3.5,5.0,2.87,16.0,0.2,0.6,0.5,2.95,4.2,4.86,3.98,5.0,0.99,16.0,0.2,0.6,0.5,75.6,82.0,85.2,80.1,5.0,7.2,16.0,0.2,0.5,6.43,8.2,9.83,8.2,5.0,2.44,16.0,0.2,0.6,0.5,-6.91,0.89,2.65,-1.92,5.0,6.19,16.0,0.2,0.6,0.5,-7.49,-5.02,2.47,-2.71,5.0,6.16,16.0,0.2,0.6,0.5,993.95,1014.0,1031.28,1011.98,5.0,21.58,16.0,0.2,0.6,0.5,4.8,8.0,8.0,6.4,5.0,3.0,16.0,0.2,0.6,0.5,-72.2,4.5,20.7,-24.9,5.0,67.8,16.0,0.2,0.6,0.5,-62.9,-25.6,17.8,-21.3,5.0,48.0,16.0,0.2,0.6,0.5,-1.77,-0.5,3.28,0.58,5.0,3.29,16.0,0.2,0.6,0.5,-11.3,-3.6,31.5,8.1,5.0,25.5,16.0,0.2,0.6,0.5,0.27,0.61,2.17,1.1,5.0,1.05,16.0,0.2,0.6,0.5,2.3,4.4,21.3,10.4,5.0,10.7,16.0,0.2,0.6,0.5,-7.3,6.2,12.1,1.8,5.0,14.8,16.0,0.2,0.6,0.5,-33.6,0.0,14.6,-6.1,5.0,28.6,16.0,0.2,0.6,0.5,-20.3,4.4,12.0,-3.6,5.0,19.8,16.0,0.2,0.6,0.5,-28.5,-21.2,11.8,-9.7,5.0,26.6,16.0,0.2,0.6,0.5,-15.0,0.0,1.3,-6.2,5.0,11.0,16.0,0.2,0.6,0.5,-8.4,-0.2,1.5,-3.3,5.0,8.2,16.0,0.2,0.6,0.5,285.5,551.5,1018.0,672.0,5.0,578.5,16.0,0.2,0.6,0.5,285.0,550.0,1020.0,670.0,5.0,580.0,16.0,0.2,0.6,0.5
1974,2,185.0,48.0,5.0,5.5,6.26,5.63,4.0,0.75,20.0,0.5,0.7,0.2,4.48,5.5,6.0,5.25,4.0,0.96,20.0,0.5,0.7,0.2,3.86,4.35,4.99,4.42,4.0,0.84,20.0,0.5,0.7,0.2,72.8,78.2,87.4,80.0,4.0,9.8,20.0,0.5,0.2,4.84,6.4,8.22,6.53,4.0,1.99,20.0,0.5,0.7,0.2,-3.26,1.69,5.29,1.04,4.0,5.06,20.0,0.5,0.7,0.2,-2.66,3.03,5.15,1.33,4.0,5.6,20.0,0.5,0.7,0.2,996.33,1016.5,1033.26,1014.88,4.0,21.41,20.0,0.5,0.7,0.2,6.6,8.0,8.0,7.3,3.0,1.2,22.0,0.7,0.7,0.1,-16.3,15.4,43.6,13.8,4.0,35.2,20.0,0.5,0.7,0.2,-26.1,14.4,33.3,4.1,4.0,44.1,20.0,0.5,0.7,0.2,0.0,0.25,0.76,0.38,4.0,0.48,20.0,0.5,0.7,0.2,0.0,2.2,4.7,2.4,4.0,2.7,20.0,0.5,0.7,0.2,0.71,1.32,1.71,1.21,4.0,0.63,20.0,0.5,0.7,0.2,3.9,7.0,11.7,7.8,4.0,4.8,20.0,0.5,0.7,0.2,-13.8,10.9,31.7,9.1,4.0,26.5,20.0,0.5,0.7,0.2,-17.6,14.3,28.8,6.0,4.0,32.8,20.0,0.5,0.7,0.2,-12.0,8.5,25.7,6.9,4.0,22.0,20.0,0.5,0.7,0.2,-12.1,12.6,26.1,7.3,4.0,26.2,20.0,0.5,0.7,0.2,-5.4,0.2,5.6,0.1,4.0,7.4,20.0,0.5,0.7,0.2,-4.4,2.8,3.9,-0.1,4.0,7.0,20.0,0.5,0.7,0.2,114.0,294.5,562.5,336.5,4.0,269.0,20.0,0.5,0.7,0.2,115.0,295.0,560.0,335.0,4.0,270.0,20.0,0.5,0.7,0.2
1974,2,185.0,49.0,2.59,4.5,5.1,3.92,6.0,1.69,16.0,0.5,0.6,0.3,2.69,4.25,4.6,3.75,6.0,1.29,16.0,0.5,0.6,0.3,4.11,4.47,4.7,4.42,5.0,0.39,14.0,0.6,0.7,0.2,84.5,85.6,92.0,87.7,5.0,4.1,14.0,0.6,0.2,9.66,12.05,16.47,12.93,6.0,4.61,16.0,0.5,0.6,0.3,-12.11,7.96,11.76,1.56,6.0,13.61,16.0,0.5,0.6,0.3,-5.29,-1.76,0.42,-2.81,6.0,4.93,16.0,0.5,0.6,0.3,988.79,1014.0,1028.58,1010.68,6.0,19.02,16.0,0.5,0.6,0.3,4.4,7.5,8.0,6.3,4.0,2.9,14.0,0.5,0.4,0.3,-208.6,72.3,140.0,-24.0,6.0,225.2,16.0,0.5,0.6,0.3,-66.3,-13.0,5.0,-36.6,6.0,74.2,16.0,0.5,0.6,0.3,-0.62,0.5,0.91,0.17,6.0,1.78,16.0,0.5,0.6,0.3,-7.6,5.5,16.7,5.6,6.0,28.1,16.0,0.5,0.6,0.3,0.29,0.96,1.1,0.71,5.0,0.56,14.0,0.6,0.7,0.2,3.4,10.9,18.2,10.8,5.0,9.9,14.0,0.6,0.7,0.2,-33.7,31.1,51.0,15.7,6.0,43.6,16.0,0.5,0.6,0.3,-23.5,-5.4,2.1,-11.6,6.0,22.3,16.0,0.5,0.6,0.3,-57.9,43.3,54.0,5.5,5.0,63.6,14.0,0.6,0.7,0.2,-29.7,0.0,3.7,-11.9,5.0,25.2,14.0,0.6,0.7,0.2,-14.9,-2.6,8.0,-3.9,5.0,13.8,14.0,0.6,0.7,0.2,-6.5,0.0,0.4,-2.8,5.0,5.1,14.0,0.6,0.7,0.2,944.0,1752.0,4703.5,2894.0,6.0,3066.0,16.0,0.5,0.6,0.3,945.0,1750.0,4705.0,2895.0,6.0,3065.0,16.0,0.5,0.6,0.3
1974,2,185.0,50.0,0.7,2.2,3.7,2.2,3.0,2.2,20.0,0.0,0.8,0.4,2.63,2.9,3.17,2.9,2.0,0.57,20.0,0.0,0.8,0.2,3.31,3.7,4.09,3.7,2.0,0.81,20.0,0.0,0.8,0.2,70.3,79.0,87.7,79.0,2.0,18.1,20.0,0.0,0.2,10.44,12.9,15.36,12.9,2.0,5.09,20.0,0.0,0.8,0.2,-11.77,-3.73,4.32,-3.73,2.0,16.66,20.0,0.0,0.8,0.2,-5.49,-5.15,-4.81,-5.15,2.0,0.7,20.0,0.0,0.8,0.2,998.35,1026.0,1027.09,1013.03,3.0,23.86,20.0,0.0,0.8,0.4,8.0,8.0,8.0,8.0,3.0,0.0,20.0,0.0,0.8,0.4,-203.3,-90.5,22.4,-90.5,2.0,233.9,20.0,0.0,0.8,0.2,-85.2,-68.2,-51.2,-68.2,2.0,35.3,20.0,0.0,0.8,0.2,-1.93,-0.7,0.53,-0.7,2.0,2.55,20.0,0.0,0.8,0.2,-33.1,-15.5,2.1,-15.5,2.0,36.4,20.0,0.0,0.8,0.2,-0.01,0.8,1.61,0.8,2.0,1.67,20.0,0.0,0.8,0.2,-2.4,6.1,14.5,6.1,2.0,17.5,20.0,0.0,0.8,0.2,-28.4,-6.1,16.2,-6.1,2.0,46.2,20.0,0.0,0.8,0.2,-15.1,-14.7,-14.3,-14.7,2.0,0.9,20.0,0.0,0.8,0.2,-51.7,-20.5,10.7,-20.5,2.0,64.6,20.0,0.0,0.8,0.2,-22.6,-19.3,-16.1,-19.3,2.0,6.7,20.0,0.0,0.8,0.2,7.5,10.9,14.4,10.9,2.0,7.1,20.0,0.0,0.8,0.2,-7.4,-3.5,0.4,-3.5,2.0,8.0,20.0,0.0,0.8,0.2,1389.5,2648.0,3907.0,2648.0,2.0,2607.5,20.0,0.0,0.8,0.2,1390.0,2650.0,3905.0,2650.0,2.0,2610.0,20.0,0.0,0.8,0.2
1974,2,185.0,51.0,2.0,3.0,4.06,3.13,16.0,1.3,12.0,0.4,0.6,0.5,-0.46,2.5,4.0,1.99,17.0,2.18,12.0,0.4,0.6,0.5,3.25,4.0,4.48,3.83,14.0,0.69,10.0,0.4,0.6,0.4,75.6,83.9,86.8,83.0,14.0,7.7,10.0,0.4,0.4,6.97,10.3,19.66,11.52,17.0,6.58,12.0,0.4,0.6,0.5,-12.05,1.79,9.63,-0.03,17.0,12.14,12.0,0.4,0.6,0.5,-7.17,-1.16,0.0,-2.19,17.0,5.63,12.0,0.4,0.6,0.5,984.31,997.0,1025.63,1001.54,17.0,17.08,12.0,0.4,0.6,0.5,6.2,8.0,8.0,7.3,15.0,1.4,12.0,0.5,0.5,0.5,-175.0,6.8,95.1,-23.5,17.0,240.4,12.0,0.4,0.6,0.5,-98.1,-7.8,0.0,-23.2,17.0,82.4,12.0,0.4,0.6,0.5,-1.0,0.25,3.31,0.94,16.0,2.5,12.0,0.4,0.6,0.5,-11.6,1.9,37.7,10.8,16.0,31.9,12.0,0.4,0.6,0.5,0.33,0.7,1.82,0.95,14.0,0.83,10.0,0.4,0.6,0.4,1.4,7.8,18.8,10.6,14.0,9.4,10.0,0.4,0.6,0.4,-4.1,10.4,32.3,9.9,17.0,31.9,12.0,0.4,0.6,0.5,-10.9,0.0,11.7,0.1,17.0,12.7,12.0,0.4,0.6,0.5,-21.1,12.0,45.9,12.5,14.0,40.4,10.0,0.4,0.6,0.4,-21.9,0.0,0.0,-5.0,14.0,22.1,10.0,0.4,0.6,0.4,-4.5,2.5,7.3,1.0,14.0,10.3,10.0,0.4,0.6,0.4,-14.9,0.0,1.1,-4.3,14.0,9.1,10.0,0.4,0.6,0.4,340.0,1092.5,7788.5,3109.5,17.0,4468.0,12.0,0.4,0.6,0.5,340.0,1095.0,7790.0,3110.0,17.0,4470.0,12.0,0.4,0.6,0.5
1974,2,185.0,52.0,2.83,3.8,4.37,3.62,5.0,1.1,12.0,0.2,0.5,0.5,-0.73,2.0,2.42,1.0,5.0,1.98,12.0,0.2,0.5,0.5,2.97,3.31,3.53,3.25,3.0,0.41,6.0,0.3,0.3,0.5,76.6,83.5,94.8,85.6,3.0,13.5,6.0,0.3,0.5,9.3,10.3,10.48,10.0,5.0,0.67,12.0,0.2,0.5,0.5,2.07,8.74,9.64,5.61,5.0,7.69,12.0,0.2,0.5,0.5,-5.85,-3.18,2.83,-1.75,5.0,4.81,12.0,0.2,0.5,0.5,992.99,998.9,1018.56,1004.54,5.0,14.76,12.0,0.2,0.5,0.5,8.0,8.0,8.0,8.0,5.0,0.0,12.0,0.2,0.5,0.5,24.2,81.3,102.3,58.6,5.0,75.4,12.0,0.2,0.5,0.5,-61.9,-29.6,27.5,-18.9,5.0,48.4,12.0,0.2,0.5,0.5,1.2,3.0,4.0,2.62,5.0,1.54,12.0,0.2,0.5,0.5,12.2,27.9,41.9,26.7,5.0,16.4,12.0,0.2,0.5,0.5,1.32,1.75,2.13,1.72,3.0,0.59,6.0,0.3,0.3,0.5,13.4,16.3,21.3,17.4,3.0,5.9,6.0,0.3,0.3,0.5,-17.1,0.0,23.1,2.4,5.0,20.5,12.0,0.2,0.5,0.5,-3.3,3.9,9.8,3.0,5.0,7.9,12.0,0.2,0.5,0.5,-12.9,22.2,28.2,8.0,3.0,32.6,6.0,0.3,0.3,0.5,-18.4,-17.9,5.9,-6.5,3.0,20.3,6.0,0.3,0.3,0.5,-6.3,10.5,15.7,4.8,3.0,16.8,6.0,0.3,0.3,0.5,-12.3,-6.0,3.6,-4.4,3.0,11.8,6.0,0.3,0.3,0.5,804.5,1092.5,1153.5,1011.0,5.0,200.5,12.0,0.2,0.5,0.5,805.0,1095.0,1155.0,1010.0,5.0,200.0,12.0,0.2,0.5,0.5
1974,2,185.0,53.0,3.0,3.5,4.02,3.52,6.0,0.57,18.0,0.2,0.4,0.6,-0.14,2.0,4.57,1.86,7.0,2.93,16.0,0.1,0.4,0.6,3.47,3.9,4.24,3.85,6.0,0.85,14.0,0.2,0.3,0.5,75.1,84.9,90.2,82.2,6.0,10.2,14.0,0.2,0.5,7.18,8.2,10.62,9.4,7.0,3.55,16.0,0.1,0.4,0.6,-5.95,0.0,5.89,-0.16,7.0,5.78,16.0,0.1,0.4,0.6,-10.57,-7.2,-1.27,-6.62,7.0,5.57,16.0,0.1,0.4,0.6,992.18,1007.7,1027.52,1008.51,7.0,18.35,16.0,0.1,0.4,0.6,5.8,8.0,8.0,7.2,6.0,1.3,18.0,0.2,0.4,0.6,-76.8,0.0,39.8,-11.0,7.0,57.1,16.0,0.1,0.4,0.6,-114.0,-51.8,-9.8,-75.6,7.0,93.8,16.0,0.1,0.4,0.6,-0.73,1.25,3.83,1.68,6.0,3.11,18.0,0.2,0.4,0.6,-6.7,8.8,32.6,12.9,6.0,26.7,18.0,0.2,0.4,0.6,0.44,0.93,1.46,0.98,5.0,0.82,18.0,0.2,0.4,0.6,3.0,6.7,12.1,7.8,5.0,7.3,18.0,0.2,0.4,0.6,-0.6,0.0,12.7,4.9,7.0,14.5,16.0,0.1,0.4,0.6,-33.4,-6.7,1.2,-13.2,7.0,27.1,16.0,0.1,0.4,0.6,-21.3,0.0,24.5,1.7,6.0,21.7,14.0,0.2,0.3,0.5,-54.0,-20.5,-4.3,-26.4,6.0,24.9,14.0,0.2,0.3,0.5,-7.3,0.0,5.2,-1.7,5.0,10.6,18.0,0.2,0.4,0.6,-3.9,-1.3,-0.2,-2.1,5.0,2.7,18.0,0.2,0.4,0.6,370.0,551.5,1275.5,1192.5,7.0,1661.0,16.0,0.1,0.4,0.6,370.0,550.0,1275.0,1190.0,7.0,1660.0,16.0,0.1,0.4,0.6
1974,2,185.0,54.0,2.13,4.0,4.37,3.41,9.0,1.02,8.0,0.6,0.5,0.3,-4.5,0.0,1.73,-1.22,9.0,3.36,8.0,0.4,0.5,0.3,2.47,2.97,3.97,3.21,4.0,0.94,4.0,0.8,0.3,0.5,64.5,73.9,83.9,74.2,4.0,11.2,4.0,0.8,0.5,5.28,8.45,12.47,8.64,8.0,3.98,10.0,0.5,0.5,0.3,-4.71,-0.76,0.0,-1.98,8.0,6.5,10.0,0.5,0.5,0.3,-8.83,-4.9,-0.31,-5.37,8.0,4.63,10.0,0.5,0.5,0.3,986.78,997.0,1010.0,999.28,8.0,15.9,10.0,0.5,0.5,0.3,7.8,8.0,8.0,7.4,7.0,1.5,10.0,0.4,0.5,0.3,-24.7,-6.6,0.0,-28.4,8.0,88.5,10.0,0.5,0.5,0.3,-79.2,-33.9,-1.1,-49.8,8.0,56.6,10.0,0.5,0.5,0.3,3.17,5.5,6.97,4.96,8.0,3.44,8.0,0.5,0.5,0.3,5.3,39.8,69.2,38.8,6.0,36.2,10.0,0.5,0.5,0.4,0.87,2.26,2.82,1.86,4.0,1.29,4.0,0.8,0.3,0.5,2.8,14.8,25.0,13.9,4.0,12.9,4.0,0.8,0.3,0.5,-20.9,0.0,0.0,-7.3,7.0,12.8,10.0,0.4,0.5,0.4,-0.1,0.0,37.9,13.1,7.0,24.3,10.0,0.4,0.5,0.4,-13.7,-3.8,-1.8,-7.6,4.0,10.2,4.0,0.8,0.3,0.5,-21.6,-16.0,-5.1,-13.5,4.0,10.3,4.0,0.8,0.3,0.5,-4.3,-2.4,-0.2,-2.3,4.0,2.4,4.0,0.8,0.3,0.5,-24.6,-14.7,-2.5,-13.6,4.0,12.9,4.0,0.8,0.3,0.5,151.5,605.0,1989.5,1025.0,8.0,1249.0,10.0,0.5,0.5,0.3,150.0,605.0,1990.0,1025.0,8.0,1250.0,10.0,0.5,0.5,0.3
1974,2,185.0,56.0,,,,,,,,,,,,,,,,,,,,,,,,,,,,,,,,,,,,,,,,6.49,7.1,7.71,7.1,2.0,1.27,8.0,0.0,1.0,0.4,0.0,0.0,0.0,0.0,2.0,0.0,8.0,0.0,1.0,0.4,-7.71,-7.1,-6.49,-7.1,2.0,1.27,8.0,0.0,1.0,0.4,994.78,995.8,1013.82,1004.1,3.0,15.69,12.0,0.0,1.0,0.5,,,,,,,,,,,,,,,,,,,,,,,,,,,,,,,,,,,,,,,,,,,,,,,,,,,,,,,,,,,,,,,,,,,,,,,,,,,,,,,,,,,,,,,,,,,,,,,,,,,,,,,,,,,,,,,,,,,,,,,,,,,,,,,,,,,,,,,,,,,,,,,,,,,,,,
1974,2,185.0,57.0,,,,,,,,,,,,,,,,,,,,,,,,,,,,,,,,,,,,,,,,6.52,10.0,14.96,10.57,35.0,4.45,24.0,0.3,0.9,0.6,-2.68,1.25,11.3,3.12,35.0,7.33,24.0,0.3,0.9,0.6,-6.84,0.0,9.72,1.63,35.0,8.26,24.0,0.3,0.9,0.6,1009.54,1019.4,1035.77,1020.52,37.0,11.55,24.0,0.3,0.9,0.5,,,,,,,,,,,,,,,,,,,,,,,,,,,,,,,,,,,,,,,,,,,,,,,,,,,,,,,,,,,,,,,,,,,,,,,,,,,,,,,,,,,,,,,,,,,,,,,,,,,,,,,,,,,,,,,,,,,,,,,,,,,,,,,,,,,,,,,,,,,,,,,,,,,,,,
1974,2,185.0,58.0,0.0,1.6,2.0,1.23,101.0,1.23,16.0,0.4,0.4,0.6,-13.93,-9.6,-2.0,-8.34,109.0,5.16,16.0,0.4,0.4,0.6,1.03,1.28,1.43,1.42,16.0,0.71,16.0,0.4,0.1,0.7,77.5,87.0,95.7,86.5,16.0,8.3,16.0,0.4,0.7,4.1,7.2,13.0,8.29,109.0,4.48,16.0,0.4,0.4,0.6,-6.92,-2.3,1.42,-2.53,109.0,5.43,16.0,0.4,0.4,0.6,-9.37,-6.0,-1.16,-5.59,109.0,4.68,16.0,0.4,0.4,0.6,1006.68,1016.35,1032.02,1017.34,110.0,12.33,16.0,0.4,0.4,0.6,5.0,7.0,8.0,6.6,92.0,1.9,16.0,0.4,0.4,0.6,-69.3,-12.3,3.6,-30.2,109.0,83.2,16.0,0.4,0.4,0.6,-118.6,-41.1,-3.4,-57.4,109.0,73.1,16.0,0.4,0.4,0.6,3.91,11.0,14.56,9.77,99.0,5.12,16.0,0.4,0.4,0.6,20.1,79.9,149.4,82.2,96.0,63.7,16.0,0.4,0.4,0.6,2.9,3.01,3.27,2.89,16.0,0.78,16.0,0.4,0.1,0.7,13.8,18.6,26.0,19.4,16.0,8.8,16.0,0.4,0.1,0.7,-3.0,15.6,64.0,24.5,106.0,44.4,16.0,0.4,0.4,0.6,0.6,52.8,102.0,55.0,106.0,54.6,16.0,0.4,0.4,0.6,-7.3,-3.8,-0.5,-4.3,16.0,4.4,16.0,0.4,0.1,0.7,-7.7,-5.9,-3.9,-5.9,16.0,2.0,16.0,0.4,0.1,0.7,-16.9,-10.4,-1.3,-10.5,16.0,9.4,16.0,0.4,0.1,0.7,-19.6,-14.2,-9.2,-14.7,16.0,6.4,16.0,0.4,0.1,0.7,69.0,373.0,2197.0,1127.0,109.0,1818.5,16.0,0.4,0.4,0.6,70.0,375.0,2195.0,1125.0,109.0,1820.0,16.0,0.4,0.4,0.6
1974,2,185.0,59.0,,,,,,,,,,,,,,,,,,,,,,,,,,,,,,,,,,,,,,,,5.72,11.8,15.0,10.72,33.0,4.7,18.0,0.4,0.5,0.3,-14.1,0.0,7.79,-1.91,33.0,9.89,18.0,0.4,0.5,0.3,-7.93,-2.43,2.46,-2.24,33.0,5.83,18.0,0.4,0.5,0.3,1008.53,1013.5,1017.56,1014.47,39.0,9.87,18.0,0.4,0.5,0.3,,,,,,,,,,,,,,,,,,,,,,,,,,,,,,,,,,,,,,,,,,,,,,,,,,,,,,,,,,,,,,,,,,,,,,,,,,,,,,,,,,,,,,,,,,,,,,,,,,,,,,,,,,,,,,,,,,,,,,,,,,,,,,,,,,,,,,,,,,,,,,,,,,,,,,
1974,2,185.0,60.0,,,,,,,,,,,,,,,,,,,,,,,,,,,,,,,,,,,,,,,,0.0,1.0,4.18,2.28,6.0,3.39,28.0,0.3,0.3,0.3,-1.38,0.0,1.23,-0.61,6.0,3.07,28.0,0.3,0.3,0.3,0.0,0.0,3.39,1.4,6.0,2.34,28.0,0.3,0.3,0.3,1008.41,1015.5,1021.71,1015.4,13.0,7.05,26.0,0.3,0.2,0.4,,,,,,,,,,,,,,,,,,,,,,,,,,,,,,,,,,,,,,,,,,,,,,,,,,,,,,,,,,,,,,,,,,,,,,,,,,,,,,,,,,,,,,,,,,,,,,,,,,,,,,,,,,,,,,,,,,,,,,,,,,,,,,,,,,,,,,,,,,,,,,,,,,,,,,
1974,2,186.0,-74.0,,,,,,,,,,,,,,,,,,,,,,,,,,,,,,,,,,,,,,,,4.1,4.1,4.1,4.1,1.0,0.0,18.0,1.0,0.8,0.3,-2.05,-2.05,-2.05,-2.05,1.0,0.0,18.0,1.0,0.8,0.3,3.55,3.55,3.55,3.55,1.0,0.0,18.0,1.0,0.8,0.3,974.6,974.6,974.6,974.6,1.0,0.0,18.0,1.0,0.8,0.3,,,,,,,,,,,,,,,,,,,,,,,,,,,,,,,,,,,,,,,,,,,,,,,,,,,,,,,,,,,,,,,,,,,,,,,,,,,,,,,,,,,,,,,,,,,,,,,,,,,,,,,,,,,,,,,,,,,,,,,,,,,,,,,,,,,,,,,,,,,,,,,,,,,,,,
1974,2,186.0,-70.0,-1.26,-0.95,-0.64,-0.95,2.0,0.64,20.0,0.5,0.8,0.9,-1.73,-0.45,0.93,-0.4,4.0,1.68,20.0,1.0,0.6,0.9,2.71,3.01,3.33,3.02,4.0,0.36,20.0,1.0,0.6,0.9,75.6,79.4,84.5,80.0,4.0,5.6,20.0,1.0,0.9,5.1,7.45,10.07,7.13,8.0,2.99,20.0,0.9,0.6,0.9,2.75,5.65,8.73,5.9,8.0,3.05,20.0,0.9,0.6,0.9,-2.44,1.12,5.01,1.15,8.0,4.05,20.0,0.9,0.6,0.9,979.03,985.25,991.82,985.7,8.0,6.36,20.0,0.9,0.6,0.9,5.0,7.0,8.0,6.6,8.0,1.4,20.0,0.9,0.6,0.9,18.6,38.6,87.9,48.9,8.0,39.8,20.0,0.9,0.6,0.9,-18.5,3.7,48.2,10.6,8.0,34.9,20.0,0.9,0.6,0.9,-0.7,-0.7,-0.7,-0.7,1.0,0.0,20.0,1.0,0.8,0.9,-3.6,-3.6,-3.6,-3.6,1.0,0.0,20.0,1.0,0.8,0.9,0.31,0.31,0.31,0.31,1.0,0.0,20.0,1.0,0.8,0.9,1.6,1.6,1.6,1.6,1.0,0.0,20.0,1.0,0.8,0.9,-14.1,-0.9,1.8,-5.9,4.0,12.6,20.0,1.0,0.6,0.9,-8.2,-3.8,1.0,-3.6,4.0,5.4,20.0,1.0,0.6,0.9,6.0,11.9,22.9,14.3,4.0,10.7,20.0,1.0,0.6,0.9,0.5,7.3,14.7,7.6,4.0,9.2,20.0,1.0,0.6,0.9,1.6,1.6,1.6,1.6,1.0,0.0,20.0,1.0,0.8,0.9,-0.3,-0.3,-0.3,-0.3,1.0,0.0,20.0,1.0,0.8,0.9,132.5,415.0,1032.5,524.0,8.0,502.5,20.0,0.9,0.6,0.9,135.0,415.0,1035.0,525.0,8.0,500.0,20.0,0.9,0.6,0.9
1974,2,186.0,-69.0,-1.2,-1.2,-1.2,-1.2,1.0,0.0,22.0,1.0,0.5,0.6,-1.2,-1.2,-1.2,-1.2,1.0,0.0,22.0,1.0,0.5,0.6,2.08,2.08,2.08,2.08,1.0,0.0,22.0,1.0,0.5,0.6,59.0,59.0,59.0,59.0,1.0,0.0,22.0,1.0,0.6,8.2,8.2,8.2,8.2,1.0,0.0,22.0,1.0,0.5,0.6,1.42,1.42,1.42,1.42,1.0,0.0,22.0,1.0,0.5,0.6,8.08,8.08,8.08,8.08,1.0,0.0,22.0,1.0,0.5,0.6,993.0,993.0,993.0,993.0,1.0,0.0,22.0,1.0,0.5,0.6,6.0,6.0,6.0,6.0,1.0,0.0,22.0,1.0,0.5,0.6,11.7,11.7,11.7,11.7,1.0,0.0,22.0,1.0,0.5,0.6,66.2,66.2,66.2,66.2,1.0,0.0,22.0,1.0,0.5,0.6,0.0,0.0,0.0,0.0,1.0,0.0,22.0,1.0,0.5,0.6,0.0,0.0,0.0,0.0,1.0,0.0,22.0,1.0,0.5,0.6,1.45,1.45,1.45,1.45,1.0,0.0,22.0,1.0,0.5,0.6,11.9,11.9,11.9,11.9,1.0,0.0,22.0,1.0,0.5,0.6,-1.7,-1.7,-1.7,-1.7,1.0,0.0,22.0,1.0,0.5,0.6,-9.7,-9.7,-9.7,-9.7,1.0,0.0,22.0,1.0,0.5,0.6,3.0,3.0,3.0,3.0,1.0,0.0,22.0,1.0,0.5,0.6,16.8,16.8,16.8,16.8,1.0,0.0,22.0,1.0,0.5,0.6,2.1,2.1,2.1,2.1,1.0,0.0,22.0,1.0,0.5,0.6,11.7,11.7,11.7,11.7,1.0,0.0,22.0,1.0,0.5,0.6,551.5,551.5,551.5,551.5,1.0,0.0,22.0,1.0,0.5,0.6,550.0,550.0,550.0,550.0,1.0,0.0,22.0,1.0,0.5,0.6
1974,2,186.0,-59.0,,,,,,,,,,,,,,,,,,,,,,,,,,,,,,,,,,,,,,,,11.8,11.8,11.8,11.8,1.0,0.0,26.0,1.0,0.1,0.3,11.09,11.09,11.09,11.09,1.0,0.0,26.0,1.0,0.1,0.3,-4.04,-4.04,-4.04,-4.04,1.0,0.0,26.0,1.0,0.1,0.3,995.8,995.8,995.8,995.8,1.0,0.0,26.0,1.0,0.1,0.3,2.0,2.0,2.0,2.0,1.0,0.0,26.0,1.0,0.1,0.3,130.8,130.8,130.8,130.8,1.0,0.0,26.0,1.0,0.1,0.3,-47.6,-47.6,-47.6,-47.6,1.0,0.0,26.0,1.0,0.1,0.3,,,,,,,,,,,,,,,,,,,,,,,,,,,,,,,,,,,,,,,,,68.7,68.7,68.7,68.7,1.0,0.0,26.0,1.0,0.1,0.3,-25.0,-25.0,-25.0,-25.0,1.0,0.0,26.0,1.0,0.1,0.3,54.8,54.8,54.8,54.8,1.0,0.0,26.0,1.0,0.1,0.3,-19.9,-19.9,-19.9,-19.9,1.0,0.0,26.0,1.0,0.1,0.3,,,,,,,,,,,,,,,,,,,,,,,,,,,,,,,,,,,,,,,,
1974,2,186.0,-48.0,,,,,,,,,,,,,,,,,,,,,,,,,,,,,,,,,,,,,,,,12.0,12.0,12.0,12.0,1.0,0.0,4.0,1.0,0.2,0.7,2.08,2.08,2.08,2.08,1.0,0.0,4.0,1.0,0.2,0.7,11.82,11.82,11.82,11.82,1.0,0.0,4.0,1.0,0.2,0.7,1011.4,1011.4,1011.4,1011.4,1.0,0.0,4.0,1.0,0.2,0.7,,,,,,,,,,,,,,,,,,,,,,,,,,,,,,,,,,,,,,,,,,,,,,,,,,,,,,,,,,,,,,,,,,,,,,,,,,,,,,,,,,,,,,,,,,,,,,,,,,,,,,,,,,,,,,,,,,,,,,,,,,,,,,,,,,,,,,,,,,,,,,,,,,,,,,
1974,2,186.0,-47.0,,,,,,,,,,,,,,,,,,,,,,,,,,,,,,,,,,,,,,,,5.1,5.1,5.1,5.1,1.0,0.0,16.0,1.0,0.8,0.1,0.0,0.0,0.0,0.0,1.0,0.0,16.0,1.0,0.8,0.1,5.1,5.1,5.1,5.1,1.0,0.0,16.0,1.0,0.8,0.1,1029.5,1029.5,1029.5,1029.5,1.0,0.0,16.0,1.0,0.8,0.1,,,,,,,,,,,,,,,,,,,,,,,,,,,,,,,,,,,,,,,,,,,,,,,,,,,,,,,,,,,,,,,,,,,,,,,,,,,,,,,,,,,,,,,,,,,,,,,,,,,,,,,,,,,,,,,,,,,,,,,,,,,,,,,,,,,,,,,,,,,,,,,,,,,,,,
1974,2,186.0,-43.0,17.8,17.8,17.8,17.8,1.0,0.0,8.0,1.0,0.9,0.7,18.1,18.1,18.1,18.1,1.0,0.0,8.0,1.0,0.9,0.7,11.62,11.62,11.62,11.62,1.0,0.0,8.0,1.0,0.9,0.7,91.0,91.0,91.0,91.0,1.0,0.0,8.0,1.0,0.7,6.2,6.2,6.2,6.2,1.0,0.0,8.0,1.0,0.9,0.7,-3.1,-3.1,-3.1,-3.1,1.0,0.0,8.0,1.0,0.9,0.7,-5.37,-5.37,-5.37,-5.37,1.0,0.0,8.0,1.0,0.9,0.7,1022.3,1022.3,1022.3,1022.3,1.0,0.0,8.0,1.0,0.9,0.7,4.0,4.0,4.0,4.0,1.0,0.0,8.0,1.0,0.9,0.7,-19.2,-19.2,-19.2,-19.2,1.0,0.0,8.0,1.0,0.9,0.7,-33.3,-33.3,-33.3,-33.3,1.0,0.0,8.0,1.0,0.9,0.7,-0.3,-0.3,-0.3,-0.3,1.0,0.0,8.0,1.0,0.9,0.7,-1.9,-1.9,-1.9,-1.9,1.0,0.0,8.0,1.0,0.9,0.7,0.92,0.92,0.92,0.92,1.0,0.0,8.0,1.0,0.9,0.7,5.7,5.7,5.7,5.7,1.0,0.0,8.0,1.0,0.9,0.7,-56.1,-56.1,-56.1,-56.1,1.0,0.0,8.0,1.0,0.9,0.7,-97.2,-97.2,-97.2,-97.2,1.0,0.0,8.0,1.0,0.9,0.7,-36.0,-36.0,-36.0,-36.0,1.0,0.0,8.0,1.0,0.9,0.7,-62.4,-62.4,-62.4,-62.4,1.0,0.0,8.0,1.0,0.9,0.7,-2.9,-2.9,-2.9,-2.9,1.0,0.0,8.0,1.0,0.9,0.7,-5.0,-5.0,-5.0,-5.0,1.0,0.0,8.0,1.0,0.9,0.7,238.5,238.5,238.5,238.5,1.0,0.0,8.0,1.0,0.9,0.7,240.0,240.0,240.0,240.0,1.0,0.0,8.0,1.0,0.9,0.7
1974,2,186.0,-42.0,17.49,18.1,18.71,18.1,2.0,1.27,8.0,0.0,0.2,0.3,14.73,16.5,18.27,16.5,2.0,3.68,8.0,0.0,0.2,0.3,7.75,9.41,11.06,9.41,2.0,3.43,8.0,0.0,0.2,0.3,73.9,79.5,85.0,79.5,2.0,11.5,8.0,0.0,0.3,6.02,6.7,7.38,6.7,2.0,1.41,8.0,0.0,0.2,0.3,-2.15,1.12,4.38,1.12,2.0,6.76,8.0,0.0,0.2,0.3,-2.89,0.29,3.47,0.29,2.0,6.59,8.0,0.0,0.2,0.3,1019.89,1023.95,1028.01,1023.95,2.0,8.41,8.0,0.0,0.2,0.3,5.3,6.0,6.7,6.0,2.0,1.4,8.0,0.0,0.2,0.3,-10.4,12.3,34.9,12.3,2.0,46.9,8.0,0.0,0.2,0.3,-14.9,6.6,28.1,6.6,2.0,44.5,8.0,0.0,0.2,0.3,0.44,1.6,2.76,1.6,2.0,2.4,8.0,0.0,0.2,0.3,3.6,12.4,21.3,12.4,2.0,18.4,8.0,0.0,0.2,0.3,2.16,3.37,4.59,3.37,2.0,2.51,8.0,0.0,0.2,0.3,14.0,24.4,34.8,24.4,2.0,21.6,8.0,0.0,0.2,0.3,-45.9,6.0,57.9,6.0,2.0,107.5,8.0,0.0,0.2,0.3,-59.2,-7.3,44.6,-7.3,2.0,107.6,8.0,0.0,0.2,0.3,-29.9,-1.1,27.7,-1.1,2.0,59.8,8.0,0.0,0.2,0.3,-38.0,-8.6,20.9,-8.6,2.0,61.0,8.0,0.0,0.2,0.3,-0.1,12.3,24.6,12.3,2.0,25.6,8.0,0.0,0.2,0.3,-1.8,9.2,20.3,9.2,2.0,23.0,8.0,0.0,0.2,0.3,228.5,321.0,413.5,321.0,2.0,192.0,8.0,0.0,0.2,0.3,230.0,320.0,415.0,320.0,2.0,190.0,8.0,0.0,0.2,0.3
1974,2,186.0,-40.0,18.57,19.15,19.73,19.15,2.0,1.2,26.0,0.5,0.6,0.4,17.38,18.4,19.42,18.4,2.0,2.12,26.0,0.5,0.6,0.4,8.82,10.09,11.36,10.09,2.0,2.64,26.0,0.5,0.6,0.4,71.7,76.5,81.2,76.5,2.0,9.8,26.0,0.5,0.4,7.7,7.7,7.7,7.7,2.0,0.0,26.0,0.5,0.6,0.4,-6.51,-4.93,-3.36,-4.93,2.0,3.25,26.0,0.5,0.6,0.4,-6.51,-4.93,-3.36,-4.93,2.0,3.25,26.0,0.5,0.6,0.4,1019.95,1020.7,1021.45,1020.7,2.0,1.56,26.0,0.5,0.6,0.4,7.2,7.5,7.8,7.5,2.0,0.7,26.0,0.5,0.6,0.4,-50.1,-38.0,-25.9,-38.0,2.0,25.1,26.0,0.5,0.6,0.4,-50.1,-38.0,-25.9,-38.0,2.0,25.1,26.0,0.5,0.6,0.4,-0.85,0.75,2.35,0.75,2.0,3.32,26.0,0.5,0.6,0.4,-6.6,5.8,18.1,5.8,2.0,25.6,26.0,0.5,0.6,0.4,1.85,3.61,5.37,3.61,2.0,3.65,26.0,0.5,0.6,0.4,14.2,27.8,41.4,27.8,2.0,28.1,26.0,0.5,0.6,0.4,-111.2,-87.3,-63.5,-87.3,2.0,49.4,26.0,0.5,0.6,0.4,-128.2,-94.2,-60.3,-94.2,2.0,70.3,26.0,0.5,0.6,0.4,-55.1,-45.5,-35.9,-45.5,2.0,19.8,26.0,0.5,0.6,0.4,-76.2,-54.1,-31.9,-54.1,2.0,45.8,26.0,0.5,0.6,0.4,-38.1,-23.8,-9.4,-23.8,2.0,29.8,26.0,0.5,0.6,0.4,-14.9,-11.9,-8.9,-11.9,2.0,6.3,26.0,0.5,0.6,0.4,456.5,456.5,456.5,456.5,2.0,0.0,26.0,0.5,0.6,0.4,455.0,455.0,455.0,455.0,2.0,0.0,26.0,0.5,0.6,0.4
1974,2,186.0,-39.0,19.0,19.0,19.0,19.0,1.0,0.0,22.0,1.0,0.5,1.0,17.0,17.0,17.0,17.0,1.0,0.0,22.0,1.0,0.5,1.0,9.21,9.21,9.21,9.21,1.0,0.0,22.0,1.0,0.5,1.0,77.3,77.3,77.3,77.3,1.0,0.0,22.0,1.0,1.0,8.7,8.7,8.7,8.7,1.0,0.0,22.0,1.0,0.5,1.0,-2.98,-2.98,-2.98,-2.98,1.0,0.0,22.0,1.0,0.5,1.0,8.18,8.18,8.18,8.18,1.0,0.0,22.0,1.0,0.5,1.0,1021.6,1021.6,1021.6,1021.6,1.0,0.0,22.0,1.0,0.5,1.0,8.0,8.0,8.0,8.0,1.0,0.0,22.0,1.0,0.5,1.0,-25.9,-25.9,-25.9,-25.9,1.0,0.0,22.0,1.0,0.5,1.0,71.1,71.1,71.1,71.1,1.0,0.0,22.0,1.0,0.5,1.0,2.0,2.0,2.0,2.0,1.0,0.0,22.0,1.0,0.5,1.0,17.4,17.4,17.4,17.4,1.0,0.0,22.0,1.0,0.5,1.0,4.34,4.34,4.34,4.34,1.0,0.0,22.0,1.0,0.5,1.0,37.7,37.7,37.7,37.7,1.0,0.0,22.0,1.0,0.5,1.0,-50.6,-50.6,-50.6,-50.6,1.0,0.0,22.0,1.0,0.5,1.0,139.0,139.0,139.0,139.0,1.0,0.0,22.0,1.0,0.5,1.0,-27.4,-27.4,-27.4,-27.4,1.0,0.0,22.0,1.0,0.5,1.0,75.3,75.3,75.3,75.3,1.0,0.0,22.0,1.0,0.5,1.0,-12.9,-12.9,-12.9,-12.9,1.0,0.0,22.0,1.0,0.5,1.0,35.5,35.5,35.5,35.5,1.0,0.0,22.0,1.0,0.5,1.0,658.5,658.5,658.5,658.5,1.0,0.0,22.0,1.0,0.5,1.0,660.0,660.0,660.0,660.0,1.0,0.0,22.0,1.0,0.5,1.0
1974,2,186.0,-37.0,21.15,21.25,21.35,21.25,2.0,0.21,26.0,0.5,0.1,0.8,19.64,20.15,20.66,20.15,2.0,1.06,26.0,0.5,0.1,0.8,13.0,13.74,14.49,13.74,2.0,1.54,26.0,0.5,0.1,0.8,90.6,92.2,93.8,92.2,2.0,3.3,26.0,0.5,0.8,11.95,13.35,14.75,13.35,2.0,2.9,26.0,0.5,0.1,0.8,-14.33,-12.03,-9.73,-12.03,2.0,4.77,26.0,0.5,0.1,0.8,-6.11,-3.63,-1.15,-3.63,2.0,5.14,26.0,0.5,0.1,0.8,995.64,1000.45,1005.26,1000.45,2.0,9.97,26.0,0.5,0.1,0.8,8.0,8.0,8.0,8.0,2.0,0.0,26.0,0.5,0.1,0.8,-215.0,-167.5,-119.9,-167.5,2.0,98.5,26.0,0.5,0.1,0.8,-69.1,-41.0,-13.0,-41.0,2.0,58.0,26.0,0.5,0.1,0.8,0.69,1.1,1.51,1.1,2.0,0.85,26.0,0.5,0.1,0.8,8.9,15.9,22.9,15.9,2.0,14.5,26.0,0.5,0.1,0.8,1.61,2.18,2.75,2.18,2.0,1.17,26.0,0.5,0.1,0.8,20.2,30.8,41.4,30.8,2.0,22.0,26.0,0.5,0.1,0.8,-280.1,-239.8,-199.6,-239.8,2.0,83.3,26.0,0.5,0.1,0.8,-127.7,-75.9,-24.1,-75.9,2.0,107.3,26.0,0.5,0.1,0.8,-184.3,-161.6,-138.9,-161.6,2.0,47.0,26.0,0.5,0.1,0.8,-90.6,-53.9,-17.1,-53.9,2.0,76.2,26.0,0.5,0.1,0.8,-40.9,-29.0,-17.2,-29.0,2.0,24.5,26.0,0.5,0.1,0.8,-8.3,-4.9,-1.6,-4.9,2.0,6.9,26.0,0.5,0.1,0.8,1793.5,2547.5,3301.5,2547.5,2.0,1562.5,26.0,0.5,0.1,0.8,1795.0,2550.0,3300.0,2550.0,2.0,1560.0,26.0,0.5,0.1,0.8
1974,2,186.0,-36.0,22.3,22.3,22.3,22.3,1.0,0.0,18.0,0.0,0.7,0.4,21.8,21.8,21.8,21.8,1.0,0.0,18.0,0.0,0.7,0.4,13.66,13.66,13.66,13.66,1.0,0.0,18.0,0.0,0.7,0.4,84.6,84.6,84.6,84.6,1.0,0.0,18.0,0.0,0.4,,,,,,,,,,,,,,,,,,,,,,,,,,,,,,,,,,,,,,,,,,,,,,,,,,,,,,,,,,,,,,,,,,,,,,,,,,,,,,,,,,,,,,,,,,,,,,,,,,,,,,,,,,,,,,,,,,,,,,,,,,,,,,,,,,,,,,,,,,,,,,,,,,,,,,,,,,,,,,,,,,,,,,,,,,,,,,,,,,,,,,,,,,,,,,
1974,2,186.0,-35.0,,,,,,,,,,,,,,,,,,,,,,,,,,,,,,,,,,,,,,,,2.1,2.1,2.1,2.1,1.0,0.0,20.0,1.0,0.4,0.9,-2.1,-2.1,-2.1,-2.1,1.0,0.0,20.0,1.0,0.4,0.9,0.0,0.0,0.0,0.0,1.0,0.0,20.0,1.0,0.4,0.9,1016.1,1016.1,1016.1,1016.1,1.0,0.0,20.0,1.0,0.4,0.9,5.0,5.0,5.0,5.0,1.0,0.0,20.0,1.0,0.4,0.9,-4.4,-4.4,-4.4,-4.4,1.0,0.0,20.0,1.0,0.4,0.9,0.0,0.0,0.0,0.0,1.0,0.0,20.0,1.0,0.4,0.9,,,,,,,,,,,,,,,,,,,,,,,,,,,,,,,,,,,,,,,,,-47.5,-47.5,-47.5,-47.5,1.0,0.0,20.0,1.0,0.4,0.9,0.0,0.0,0.0,0.0,1.0,0.0,20.0,1.0,0.4,0.9,-31.0,-31.0,-31.0,-31.0,1.0,0.0,20.0,1.0,0.4,0.9,0.0,0.0,0.0,0.0,1.0,0.0,20.0,1.0,0.4,0.9,,,,,,,,,,,,,,,,,,,,,,,,,,,,,,,,,,,,,,,,
1974,2,186.0,-34.0,24.0,24.0,24.0,24.0,1.0,0.0,22.0,1.0,0.3,0.3,22.96,23.3,23.64,23.3,2.0,0.71,16.0,0.5,0.6,0.5,15.47,15.6,15.73,15.6,2.0,0.27,16.0,0.5,0.6,0.5,85.5,88.1,90.6,88.1,2.0,5.3,16.0,0.5,0.5,6.28,6.45,6.62,6.45,2.0,0.35,16.0,0.5,0.6,0.5,-5.72,-3.84,-1.95,-3.84,2.0,3.9,16.0,0.5,0.6,0.5,1.95,3.63,5.32,3.63,2.0,3.49,16.0,0.5,0.6,0.5,1017.48,1017.65,1017.82,1017.65,2.0,0.35,16.0,0.5,0.6,0.5,3.6,5.0,6.4,5.0,2.0,2.8,16.0,0.5,0.6,0.5,-38.3,-25.4,-12.6,-25.4,2.0,26.5,16.0,0.5,0.6,0.5,12.6,22.8,33.1,22.8,2.0,21.3,16.0,0.5,0.6,0.5,0.2,0.2,0.2,0.2,1.0,0.0,22.0,1.0,0.3,0.3,1.2,1.2,1.2,1.2,1.0,0.0,22.0,1.0,0.3,0.3,3.12,3.12,3.12,3.12,1.0,0.0,22.0,1.0,0.3,0.3,19.3,19.3,19.3,19.3,1.0,0.0,22.0,1.0,0.3,0.3,-130.6,-88.0,-45.4,-88.0,2.0,88.3,16.0,0.5,0.6,0.5,45.4,85.9,126.5,85.9,2.0,84.0,16.0,0.5,0.6,0.5,-90.3,-60.4,-30.5,-60.4,2.0,61.9,16.0,0.5,0.6,0.5,30.4,56.2,82.1,56.2,2.0,53.5,16.0,0.5,0.6,0.5,-3.4,-3.4,-3.4,-3.4,1.0,0.0,22.0,1.0,0.3,0.3,19.1,19.1,19.1,19.1,1.0,0.0,22.0,1.0,0.3,0.3,248.0,269.5,291.0,269.5,2.0,44.0,16.0,0.5,0.6,0.5,250.0,270.0,290.0,270.0,2.0,45.0,16.0,0.5,0.6,0.5
1974,2,186.0,-31.0,,,,,,,,,,,,,,,,,,,,,,,,,,,,,,,,,,,,,,,,9.3,9.3,9.3,9.3,1.0,0.0,16.0,1.0,1.0,0.5,-8.74,-8.74,-8.74,-8.74,1.0,0.0,16.0,1.0,1.0,0.5,-3.18,-3.18,-3.18,-3.18,1.0,0.0,16.0,1.0,1.0,0.5,1017.6,1017.6,1017.6,1017.6,1.0,0.0,16.0,1.0,1.0,0.5,,,,,,,,,,,,,,,,,,,,,,,,,,,,,,,,,,,,,,,,,,,,,,,,,,,,,,,,,,,,,,,,,,,,,,,,,,,,,,,,,,,,,,,,,,,,,,,,,,,,,,,,,,,,,,,,,,,,,,,,,,,,,,,,,,,,,,,,,,,,,,,,,,,,,,
1974,2,186.0,-28.0,26.05,26.15,26.25,26.15,2.0,0.21,22.0,1.0,0.6,0.1,26.22,26.7,27.18,26.7,2.0,0.99,22.0,1.0,0.6,0.1,17.48,17.54,17.6,17.54,2.0,0.13,22.0,1.0,0.6,0.1,78.0,80.2,82.5,80.2,2.0,4.7,22.0,1.0,0.1,10.8,10.8,10.8,10.8,1.0,0.0,18.0,1.0,0.6,0.1,-10.64,-10.64,-10.64,-10.64,1.0,0.0,18.0,1.0,0.6,0.1,1.88,1.88,1.88,1.88,1.0,0.0,18.0,1.0,0.6,0.1,1007.63,1011.15,1014.67,1011.15,2.0,7.28,22.0,1.0,0.6,0.1,6.3,7.0,7.7,7.0,2.0,1.4,22.0,1.0,0.6,0.1,-114.9,-114.9,-114.9,-114.9,1.0,0.0,18.0,1.0,0.6,0.1,20.3,20.3,20.3,20.3,1.0,0.0,18.0,1.0,0.6,0.1,-0.93,-0.55,-0.17,-0.55,2.0,0.78,22.0,1.0,0.6,0.1,0.0,0.0,0.0,0.0,1.0,0.0,18.0,1.0,0.6,0.1,3.55,3.69,3.83,3.69,2.0,0.3,22.0,1.0,0.6,0.1,37.6,37.6,37.6,37.6,1.0,0.0,18.0,1.0,0.6,0.1,-276.5,-276.5,-276.5,-276.5,1.0,0.0,18.0,1.0,0.6,0.1,48.8,48.8,48.8,48.8,1.0,0.0,18.0,1.0,0.6,0.1,-185.6,-185.6,-185.6,-185.6,1.0,0.0,18.0,1.0,0.6,0.1,32.7,32.7,32.7,32.7,1.0,0.0,18.0,1.0,0.6,0.1,-37.0,-37.0,-37.0,-37.0,1.0,0.0,18.0,1.0,0.6,0.1,6.5,6.5,6.5,6.5,1.0,0.0,18.0,1.0,0.6,0.1,1259.5,1259.5,1259.5,1259.5,1.0,0.0,18.0,1.0,0.6,0.1,1260.0,1260.0,1260.0,1260.0,1.0,0.0,18.0,1.0,0.6,0.1
1974,2,186.0,-27.0,26.37,26.95,27.53,26.95,2.0,1.2,12.0,1.0,0.4,0.6,25.41,25.85,26.29,25.85,2.0,0.92,12.0,1.0,0.4,0.6,17.56,18.4,19.24,18.4,2.0,1.74,12.0,1.0,0.4,0.6,86.8,88.5,90.2,88.5,2.0,3.5,12.0,1.0,0.6,5.82,8.45,11.08,8.45,2.0,5.44,12.0,1.0,0.4,0.6,-10.66,-7.53,-4.41,-7.53,2.0,6.47,12.0,1.0,0.4,0.6,2.36,2.83,3.3,2.83,2.0,0.98,12.0,1.0,0.4,0.6,1014.32,1014.35,1014.38,1014.35,2.0,0.07,12.0,1.0,0.4,0.6,2.6,4.0,5.4,4.0,2.0,2.8,12.0,1.0,0.4,0.6,-127.5,-81.3,-35.1,-81.3,2.0,95.7,12.0,1.0,0.4,0.6,17.8,21.2,24.7,21.2,2.0,7.1,12.0,1.0,0.4,0.6,0.96,1.1,1.24,1.1,2.0,0.28,12.0,1.0,0.4,0.6,6.0,10.1,14.1,10.1,2.0,8.4,12.0,1.0,0.4,0.6,3.76,3.83,3.9,3.83,2.0,0.15,12.0,1.0,0.4,0.6,22.5,31.9,41.4,31.9,2.0,19.6,12.0,1.0,0.4,0.6,-281.9,-197.8,-113.6,-197.8,2.0,174.3,12.0,1.0,0.4,0.6,61.7,72.7,83.7,72.7,2.0,22.8,12.0,1.0,0.4,0.6,-208.1,-144.3,-80.4,-144.3,2.0,132.3,12.0,1.0,0.4,0.6,44.9,51.2,57.5,51.2,2.0,13.1,12.0,1.0,0.4,0.6,-39.8,-28.4,-16.9,-28.4,2.0,23.7,12.0,1.0,0.4,0.6,8.9,10.9,12.9,10.9,2.0,4.2,12.0,1.0,0.4,0.6,377.0,979.0,1581.0,979.0,2.0,1247.0,12.0,1.0,0.4,0.6,375.0,980.0,1580.0,980.0,2.0,1245.0,12.0,1.0,0.4,0.6
1974,2,186.0,-26.0,27.8,27.8,27.8,27.8,1.0,0.0,22.0,1.0,0.5,0.9,27.0,27.0,27.0,27.0,1.0,0.0,22.0,1.0,0.5,0.9,18.0,18.0,18.0,18.0,1.0,0.0,22.0,1.0,0.5,0.9,80.7,80.7,80.7,80.7,1.0,0.0,22.0,1.0,0.9,8.2,8.2,8.2,8.2,1.0,0.0,22.0,1.0,0.5,0.9,-8.08,-8.08,-8.08,-8.08,1.0,0.0,22.0,1.0,0.5,0.9,-1.42,-1.42,-1.42,-1.42,1.0,0.0,22.0,1.0,0.5,0.9,1009.9,1009.9,1009.9,1009.9,1.0,0.0,22.0,1.0,0.5,0.9,3.0,3.0,3.0,3.0,1.0,0.0,22.0,1.0,0.5,0.9,-66.2,-66.2,-66.2,-66.2,1.0,0.0,22.0,1.0,0.5,0.9,-11.7,-11.7,-11.7,-11.7,1.0,0.0,22.0,1.0,0.5,0.9,0.8,0.8,0.8,0.8,1.0,0.0,22.0,1.0,0.5,0.9,6.6,6.6,6.6,6.6,1.0,0.0,22.0,1.0,0.5,0.9,5.46,5.46,5.46,5.46,1.0,0.0,22.0,1.0,0.5,0.9,44.8,44.8,44.8,44.8,1.0,0.0,22.0,1.0,0.5,0.9,-218.0,-218.0,-218.0,-218.0,1.0,0.0,22.0,1.0,0.5,0.9,-38.4,-38.4,-38.4,-38.4,1.0,0.0,22.0,1.0,0.5,0.9,-145.4,-145.4,-145.4,-145.4,1.0,0.0,22.0,1.0,0.5,0.9,-25.6,-25.6,-25.6,-25.6,1.0,0.0,22.0,1.0,0.5,0.9,-44.1,-44.1,-44.1,-44.1,1.0,0.0,22.0,1.0,0.5,0.9,-7.8,-7.8,-7.8,-7.8,1.0,0.0,22.0,1.0,0.5,0.9,551.5,551.5,551.5,551.5,1.0,0.0,22.0,1.0,0.5,0.9,550.0,550.0,550.0,550.0,1.0,0.0,22.0,1.0,0.5,0.9
1974,2,186.0,-25.0,27.0,27.0,27.0,27.0,1.0,0.0,26.0,1.0,0.1,0.5,25.82,26.3,26.78,26.3,2.0,0.99,14.0,0.5,0.3,0.8,17.03,18.19,19.34,18.19,2.0,2.39,14.0,0.5,0.3,0.8,81.8,84.7,87.5,84.7,2.0,5.9,14.0,0.5,0.8,6.86,7.2,7.54,7.2,2.0,0.71,14.0,0.5,0.3,0.8,-4.11,-1.9,0.31,-1.9,2.0,4.57,14.0,0.5,0.3,0.8,-5.7,-1.64,2.42,-1.64,2.0,8.41,14.0,0.5,0.3,0.8,1008.56,1009.55,1010.54,1009.55,2.0,2.05,14.0,0.5,0.3,0.8,8.0,8.0,8.0,8.0,1.0,0.0,26.0,1.0,0.1,0.5,-27.3,-12.0,3.2,-12.0,2.0,31.6,14.0,0.5,0.3,0.8,-44.5,-14.8,15.0,-14.8,2.0,61.7,14.0,0.5,0.3,0.8,0.0,0.0,0.0,0.0,1.0,0.0,26.0,1.0,0.1,0.5,0.0,0.0,0.0,0.0,1.0,0.0,26.0,1.0,0.1,0.5,2.53,2.53,2.53,2.53,1.0,0.0,26.0,1.0,0.1,0.5,19.5,19.5,19.5,19.5,1.0,0.0,26.0,1.0,0.1,0.5,-104.8,-47.6,9.5,-47.6,2.0,118.4,14.0,0.5,0.3,0.8,-154.8,-47.2,60.3,-47.2,2.0,222.7,14.0,0.5,0.3,0.8,-67.0,-29.1,8.9,-29.1,2.0,78.7,14.0,0.5,0.3,0.8,-115.5,-39.8,35.9,-39.8,2.0,156.8,14.0,0.5,0.3,0.8,3.4,3.4,3.4,3.4,1.0,0.0,26.0,1.0,0.1,0.5,-19.2,-19.2,-19.2,-19.2,1.0,0.0,26.0,1.0,0.1,0.5,325.5,378.5,432.0,378.5,2.0,110.0,14.0,0.5,0.3,0.8,325.0,380.0,430.0,380.0,2.0,110.0,14.0,0.5,0.3,0.8
1974,2,186.0,-22.0,27.0,27.0,27.0,27.0,1.0,0.0,26.0,0.0,0.8,0.9,27.0,27.0,27.0,27.0,1.0,0.0,26.0,0.0,0.8,0.9,21.54,21.54,21.54,21.54,1.0,0.0,26.0,0.0,0.8,0.9,96.5,96.5,96.5,96.5,1.0,0.0,26.0,0.0,0.9,8.2,8.2,8.2,8.2,1.0,0.0,26.0,0.0,0.8,0.9,-7.1,-7.1,-7.1,-7.1,1.0,0.0,26.0,0.0,0.8,0.9,-4.1,-4.1,-4.1,-4.1,1.0,0.0,26.0,0.0,0.8,0.9,1011.7,1011.7,1011.7,1011.7,1.0,0.0,26.0,0.0,0.8,0.9,8.0,8.0,8.0,8.0,1.0,0.0,26.0,0.0,0.8,0.9,-58.2,-58.2,-58.2,-58.2,1.0,0.0,26.0,0.0,0.8,0.9,-33.6,-33.6,-33.6,-33.6,1.0,0.0,26.0,0.0,0.8,0.9,0.0,0.0,0.0,0.0,1.0,0.0,26.0,0.0,0.8,0.9,0.0,0.0,0.0,0.0,1.0,0.0,26.0,0.0,0.8,0.9,0.79,0.79,0.79,0.79,1.0,0.0,26.0,0.0,0.8,0.9,6.4,6.4,6.4,6.4,1.0,0.0,26.0,0.0,0.8,0.9,-191.7,-191.7,-191.7,-191.7,1.0,0.0,26.0,0.0,0.8,0.9,-110.7,-110.7,-110.7,-110.7,1.0,0.0,26.0,0.0,0.8,0.9,-153.0,-153.0,-153.0,-153.0,1.0,0.0,26.0,0.0,0.8,0.9,-88.3,-88.3,-88.3,-88.3,1.0,0.0,26.0,0.0,0.8,0.9,-5.6,-5.6,-5.6,-5.6,1.0,0.0,26.0,0.0,0.8,0.9,-3.2,-3.2,-3.2,-3.2,1.0,0.0,26.0,0.0,0.8,0.9,551.5,551.5,551.5,551.5,1.0,0.0,26.0,0.0,0.8,0.9,550.0,550.0,550.0,550.0,1.0,0.0,26.0,0.0,0.8,0.9
1974,2,186.0,-20.0,25.6,25.6,25.6,25.6,1.0,0.0,22.0,1.0,0.8,0.9,26.2,26.2,26.2,26.2,1.0,0.0,22.0,1.0,0.8,0.9,16.71,16.71,16.71,16.71,1.0,0.0,22.0,1.0,0.8,0.9,78.2,78.2,78.2,78.2,1.0,0.0,22.0,1.0,0.9,12.9,12.9,12.9,12.9,1.0,0.0,22.0,1.0,0.8,0.9,-6.45,-6.45,-6.45,-6.45,1.0,0.0,22.0,1.0,0.8,0.9,-11.17,-11.17,-11.17,-11.17,1.0,0.0,22.0,1.0,0.8,0.9,1004.4,1004.4,1004.4,1004.4,1.0,0.0,22.0,1.0,0.8,0.9,8.0,8.0,8.0,8.0,1.0,0.0,22.0,1.0,0.8,0.9,-83.2,-83.2,-83.2,-83.2,1.0,0.0,22.0,1.0,0.8,0.9,-144.1,-144.1,-144.1,-144.1,1.0,0.0,22.0,1.0,0.8,0.9,-0.6,-0.6,-0.6,-0.6,1.0,0.0,22.0,1.0,0.8,0.9,-7.7,-7.7,-7.7,-7.7,1.0,0.0,22.0,1.0,0.8,0.9,3.97,3.97,3.97,3.97,1.0,0.0,22.0,1.0,0.8,0.9,51.2,51.2,51.2,51.2,1.0,0.0,22.0,1.0,0.8,0.9,-169.0,-169.0,-169.0,-169.0,1.0,0.0,22.0,1.0,0.8,0.9,-292.7,-292.7,-292.7,-292.7,1.0,0.0,22.0,1.0,0.8,0.9,-107.8,-107.8,-107.8,-107.8,1.0,0.0,22.0,1.0,0.8,0.9,-186.7,-186.7,-186.7,-186.7,1.0,0.0,22.0,1.0,0.8,0.9,-25.6,-25.6,-25.6,-25.6,1.0,0.0,22.0,1.0,0.8,0.9,-44.4,-44.4,-44.4,-44.4,1.0,0.0,22.0,1.0,0.8,0.9,2146.5,2146.5,2146.5,2146.5,1.0,0.0,22.0,1.0,0.8,0.9,2145.0,2145.0,2145.0,2145.0,1.0,0.0,22.0,1.0,0.8,0.9
1974,2,186.0,-19.0,26.46,27.45,28.44,27.45,2.0,2.05,24.0,0.5,0.8,0.8,24.2,24.2,24.2,24.2,1.0,0.0,24.0,1.0,0.6,0.7,17.17,17.17,17.17,17.17,1.0,0.0,24.0,1.0,0.6,0.7,90.8,90.8,90.8,90.8,1.0,0.0,24.0,1.0,0.7,4.09,5.15,6.21,5.15,2.0,2.19,24.0,0.5,0.8,0.8,-4.42,-2.88,-1.34,-2.88,2.0,3.19,24.0,0.5,0.8,0.8,-4.19,-3.93,-3.67,-3.93,2.0,0.54,24.0,0.5,0.8,0.8,1007.8,1007.8,1007.8,1007.8,1.0,0.0,24.0,1.0,0.6,0.7,2.1,4.5,6.9,4.5,2.0,4.9,24.0,0.5,0.8,0.8,-29.3,-18.3,-7.4,-18.3,2.0,22.7,24.0,0.5,0.8,0.8,-26.3,-20.8,-15.3,-20.8,2.0,11.4,24.0,0.5,0.8,0.8,4.7,4.7,4.7,4.7,1.0,0.0,24.0,1.0,0.6,0.7,16.9,16.9,16.9,16.9,1.0,0.0,24.0,1.0,0.6,0.7,7.91,7.91,7.91,7.91,1.0,0.0,24.0,1.0,0.6,0.7,28.5,28.5,28.5,28.5,1.0,0.0,24.0,1.0,0.6,0.7,-15.1,-15.1,-15.1,-15.1,1.0,0.0,24.0,1.0,0.6,0.7,-85.8,-85.8,-85.8,-85.8,1.0,0.0,24.0,1.0,0.6,0.7,-10.7,-10.7,-10.7,-10.7,1.0,0.0,24.0,1.0,0.6,0.7,-60.9,-60.9,-60.9,-60.9,1.0,0.0,24.0,1.0,0.6,0.7,-4.9,-4.9,-4.9,-4.9,1.0,0.0,24.0,1.0,0.6,0.7,-28.0,-28.0,-28.0,-28.0,1.0,0.0,24.0,1.0,0.6,0.7,87.0,173.5,260.5,173.5,2.0,179.5,24.0,0.5,0.8,0.8,85.0,175.0,260.0,175.0,2.0,180.0,24.0,0.5,0.8,0.8
1974,2,186.0,-17.0,29.0,29.0,29.0,29.0,1.0,0.0,12.0,1.0,0.5,0.8,28.2,28.2,28.2,28.2,1.0,0.0,12.0,1.0,0.5,0.8,18.7,18.7,18.7,18.7,1.0,0.0,12.0,1.0,0.5,0.8,78.0,78.0,78.0,78.0,1.0,0.0,12.0,1.0,0.8,7.7,7.7,7.7,7.7,1.0,0.0,12.0,1.0,0.5,0.8,-7.24,-7.24,-7.24,-7.24,1.0,0.0,12.0,1.0,0.5,0.8,2.63,2.63,2.63,2.63,1.0,0.0,12.0,1.0,0.5,0.8,1008.2,1008.2,1008.2,1008.2,1.0,0.0,12.0,1.0,0.5,0.8,3.0,3.0,3.0,3.0,1.0,0.0,12.0,1.0,0.5,0.8,-55.7,-55.7,-55.7,-55.7,1.0,0.0,12.0,1.0,0.5,0.8,20.3,20.3,20.3,20.3,1.0,0.0,12.0,1.0,0.5,0.8,0.8,0.8,0.8,0.8,1.0,0.0,12.0,1.0,0.5,0.8,6.2,6.2,6.2,6.2,1.0,0.0,12.0,1.0,0.5,0.8,6.52,6.52,6.52,6.52,1.0,0.0,12.0,1.0,0.5,0.8,50.2,50.2,50.2,50.2,1.0,0.0,12.0,1.0,0.5,0.8,-204.0,-204.0,-204.0,-204.0,1.0,0.0,12.0,1.0,0.5,0.8,74.3,74.3,74.3,74.3,1.0,0.0,12.0,1.0,0.5,0.8,-135.3,-135.3,-135.3,-135.3,1.0,0.0,12.0,1.0,0.5,0.8,49.3,49.3,49.3,49.3,1.0,0.0,12.0,1.0,0.5,0.8,-47.2,-47.2,-47.2,-47.2,1.0,0.0,12.0,1.0,0.5,0.8,17.2,17.2,17.2,17.2,1.0,0.0,12.0,1.0,0.5,0.8,456.5,456.5,456.5,456.5,1.0,0.0,12.0,1.0,0.5,0.8,455.0,455.0,455.0,455.0,1.0,0.0,12.0,1.0,0.5,0.8
1974,2,186.0,-16.0,29.0,29.0,29.0,29.0,1.0,0.0,8.0,0.0,0.8,1.0,26.3,26.3,26.3,26.3,1.0,0.0,8.0,0.0,0.8,1.0,17.37,17.37,17.37,17.37,1.0,0.0,8.0,0.0,0.8,1.0,81.1,81.1,81.1,81.1,1.0,0.0,8.0,0.0,1.0,4.1,4.1,4.1,4.1,1.0,0.0,8.0,0.0,0.8,1.0,-3.85,-3.85,-3.85,-3.85,1.0,0.0,8.0,0.0,0.8,1.0,-1.4,-1.4,-1.4,-1.4,1.0,0.0,8.0,0.0,0.8,1.0,1009.0,1009.0,1009.0,1009.0,1.0,0.0,8.0,0.0,0.8,1.0,1.0,1.0,1.0,1.0,1.0,0.0,8.0,0.0,0.8,1.0,-15.8,-15.8,-15.8,-15.8,1.0,0.0,8.0,0.0,0.8,1.0,-5.7,-5.7,-5.7,-5.7,1.0,0.0,8.0,0.0,0.8,1.0,2.7,2.7,2.7,2.7,1.0,0.0,8.0,0.0,0.8,1.0,11.1,11.1,11.1,11.1,1.0,0.0,8.0,0.0,0.8,1.0,7.84,7.84,7.84,7.84,1.0,0.0,8.0,0.0,0.8,1.0,32.1,32.1,32.1,32.1,1.0,0.0,8.0,0.0,0.8,1.0,-101.3,-101.3,-101.3,-101.3,1.0,0.0,8.0,0.0,0.8,1.0,-36.9,-36.9,-36.9,-36.9,1.0,0.0,8.0,0.0,0.8,1.0,-66.9,-66.9,-66.9,-66.9,1.0,0.0,8.0,0.0,0.8,1.0,-24.4,-24.4,-24.4,-24.4,1.0,0.0,8.0,0.0,0.8,1.0,-30.2,-30.2,-30.2,-30.2,1.0,0.0,8.0,0.0,0.8,1.0,-11.0,-11.0,-11.0,-11.0,1.0,0.0,8.0,0.0,0.8,1.0,69.0,69.0,69.0,69.0,1.0,0.0,8.0,0.0,0.8,1.0,70.0,70.0,70.0,70.0,1.0,0.0,8.0,0.0,0.8,1.0
1974,2,186.0,-15.0,28.32,28.95,29.1,28.73,4.0,0.63,18.0,0.5,0.6,0.6,25.89,27.35,28.76,27.33,4.0,1.68,18.0,0.5,0.6,0.6,17.79,18.16,19.21,18.48,4.0,0.99,18.0,0.5,0.6,0.6,77.3,81.6,85.1,81.2,4.0,4.7,18.0,0.5,0.6,4.84,6.4,8.54,6.68,4.0,2.22,18.0,0.5,0.6,0.6,-5.35,-1.64,1.2,-2.05,4.0,4.14,18.0,0.5,0.6,0.6,-6.77,-3.95,-0.48,-3.64,4.0,4.88,18.0,0.5,0.6,0.6,1007.1,1008.35,1010.29,1008.68,4.0,1.92,18.0,0.5,0.6,0.6,6.5,7.5,8.0,7.3,4.0,1.0,18.0,0.5,0.6,0.6,-37.1,-8.4,5.5,-15.5,4.0,29.1,18.0,0.5,0.6,0.6,-54.8,-19.1,1.9,-26.1,4.0,44.3,18.0,0.5,0.6,0.6,0.28,1.45,2.51,1.4,4.0,1.33,18.0,0.5,0.6,0.6,2.3,9.1,16.9,9.6,4.0,9.1,18.0,0.5,0.6,0.6,5.49,6.42,7.17,6.33,4.0,0.99,18.0,0.5,0.6,0.6,29.9,43.7,54.1,42.1,4.0,14.2,18.0,0.5,0.6,0.6,-153.3,-47.5,31.6,-60.3,4.0,116.4,18.0,0.5,0.6,0.6,-178.7,-108.8,-10.4,-95.2,4.0,128.9,18.0,0.5,0.6,0.6,-101.0,-32.6,21.5,-39.4,4.0,76.5,18.0,0.5,0.6,0.6,-123.4,-74.4,-8.4,-66.3,4.0,87.7,18.0,0.5,0.6,0.6,-34.8,-8.5,8.8,-12.8,4.0,28.9,18.0,0.5,0.6,0.6,-42.1,-24.7,0.0,-21.2,4.0,30.1,18.0,0.5,0.6,0.6,114.0,294.5,639.0,372.5,4.0,330.0,18.0,0.5,0.6,0.6,115.0,295.0,640.0,375.0,4.0,330.0,18.0,0.5,0.6,0.6
1974,2,186.0,-14.0,28.2,28.2,28.2,28.2,1.0,0.0,22.0,1.0,0.6,0.7,25.2,25.2,25.2,25.2,1.0,0.0,22.0,1.0,0.6,0.7,18.5,18.5,18.5,18.5,1.0,0.0,22.0,1.0,0.6,0.7,92.0,92.0,92.0,92.0,1.0,0.0,22.0,1.0,0.7,5.1,5.1,5.1,5.1,1.0,0.0,22.0,1.0,0.6,0.7,-2.55,-2.55,-2.55,-2.55,1.0,0.0,22.0,1.0,0.6,0.7,-4.42,-4.42,-4.42,-4.42,1.0,0.0,22.0,1.0,0.6,0.7,1007.0,1007.0,1007.0,1007.0,1.0,0.0,22.0,1.0,0.6,0.7,8.0,8.0,8.0,8.0,1.0,0.0,22.0,1.0,0.6,0.7,-13.0,-13.0,-13.0,-13.0,1.0,0.0,22.0,1.0,0.6,0.7,-22.5,-22.5,-22.5,-22.5,1.0,0.0,22.0,1.0,0.6,0.7,3.0,3.0,3.0,3.0,1.0,0.0,22.0,1.0,0.6,0.7,15.3,15.3,15.3,15.3,1.0,0.0,22.0,1.0,0.6,0.7,5.59,5.59,5.59,5.59,1.0,0.0,22.0,1.0,0.6,0.7,28.5,28.5,28.5,28.5,1.0,0.0,22.0,1.0,0.6,0.7,-64.3,-64.3,-64.3,-64.3,1.0,0.0,22.0,1.0,0.6,0.7,-111.3,-111.3,-111.3,-111.3,1.0,0.0,22.0,1.0,0.6,0.7,-47.2,-47.2,-47.2,-47.2,1.0,0.0,22.0,1.0,0.6,0.7,-81.7,-81.7,-81.7,-81.7,1.0,0.0,22.0,1.0,0.6,0.7,-14.3,-14.3,-14.3,-14.3,1.0,0.0,22.0,1.0,0.6,0.7,-24.7,-24.7,-24.7,-24.7,1.0,0.0,22.0,1.0,0.6,0.7,132.5,132.5,132.5,132.5,1.0,0.0,22.0,1.0,0.6,0.7,135.0,135.0,135.0,135.0,1.0,0.0,22.0,1.0,0.6,0.7
1974,2,186.0,-10.0,29.3,29.3,29.3,29.3,2.0,0.0,16.0,1.0,0.2,1.0,27.9,27.9,27.9,27.9,1.0,0.0,16.0,1.0,0.2,1.0,16.49,16.49,16.49,16.49,1.0,0.0,16.0,1.0,0.2,1.0,70.3,70.3,70.3,70.3,1.0,0.0,16.0,1.0,1.0,9.8,9.8,9.8,9.8,1.0,0.0,16.0,1.0,0.2,1.0,-8.49,-8.49,-8.49,-8.49,1.0,0.0,16.0,1.0,0.2,1.0,-4.9,-4.9,-4.9,-4.9,1.0,0.0,16.0,1.0,0.2,1.0,1011.7,1011.7,1011.7,1011.7,1.0,0.0,16.0,1.0,0.2,1.0,7.0,7.0,7.0,7.0,1.0,0.0,16.0,1.0,0.2,1.0,-83.2,-83.2,-83.2,-83.2,1.0,0.0,16.0,1.0,0.2,1.0,-48.0,-48.0,-48.0,-48.0,1.0,0.0,16.0,1.0,0.2,1.0,1.4,1.4,1.4,1.4,1.0,0.0,16.0,1.0,0.2,1.0,13.7,13.7,13.7,13.7,1.0,0.0,16.0,1.0,0.2,1.0,9.09,9.09,9.09,9.09,1.0,0.0,16.0,1.0,0.2,1.0,89.1,89.1,89.1,89.1,1.0,0.0,16.0,1.0,0.2,1.0,-236.8,-236.8,-236.8,-236.8,1.0,0.0,16.0,1.0,0.2,1.0,-136.7,-136.7,-136.7,-136.7,1.0,0.0,16.0,1.0,0.2,1.0,-139.9,-139.9,-139.9,-139.9,1.0,0.0,16.0,1.0,0.2,1.0,-80.8,-80.8,-80.8,-80.8,1.0,0.0,16.0,1.0,0.2,1.0,-77.2,-77.2,-77.2,-77.2,1.0,0.0,16.0,1.0,0.2,1.0,-44.6,-44.6,-44.6,-44.6,1.0,0.0,16.0,1.0,0.2,1.0,941.0,941.0,941.0,941.0,1.0,0.0,16.0,1.0,0.2,1.0,940.0,940.0,940.0,940.0,1.0,0.0,16.0,1.0,0.2,1.0
1974,2,186.0,-9.0,28.0,28.0,28.96,28.47,3.0,0.81,16.0,1.0,0.5,0.8,29.75,29.85,29.95,29.85,2.0,0.21,16.0,1.0,0.4,0.8,17.18,17.81,18.44,17.81,2.0,1.31,16.0,1.0,0.4,0.8,65.8,67.8,69.8,67.8,2.0,4.1,16.0,1.0,0.8,7.95,8.5,9.05,8.5,2.0,1.13,16.0,1.0,0.4,0.8,-7.92,-7.64,-7.37,-7.64,2.0,0.58,16.0,1.0,0.4,0.8,-4.33,-3.64,-2.95,-3.64,2.0,1.43,16.0,1.0,0.4,0.8,1012.38,1012.55,1012.72,1012.55,2.0,0.35,16.0,1.0,0.4,0.8,5.0,5.0,5.0,5.0,2.0,0.0,16.0,1.0,0.4,0.8,-71.9,-65.3,-58.8,-65.3,2.0,13.6,16.0,1.0,0.4,0.8,-39.6,-31.8,-23.9,-31.8,2.0,16.2,16.0,1.0,0.4,0.8,-1.53,-1.15,-0.77,-1.15,2.0,0.78,16.0,1.0,0.4,0.8,-11.9,-9.3,-6.8,-9.3,2.0,5.3,16.0,1.0,0.4,0.8,6.82,6.88,6.95,6.88,2.0,0.14,16.0,1.0,0.4,0.8,54.3,58.6,62.9,58.6,2.0,8.9,16.0,1.0,0.4,0.8,-237.4,-228.3,-219.1,-228.3,2.0,18.9,16.0,1.0,0.4,0.8,-129.8,-108.9,-87.9,-108.9,2.0,43.3,16.0,1.0,0.4,0.8,-146.4,-136.5,-126.7,-136.5,2.0,20.4,16.0,1.0,0.4,0.8,-80.4,-65.8,-51.2,-65.8,2.0,30.2,16.0,1.0,0.4,0.8,-55.1,-52.7,-50.2,-52.7,2.0,5.0,16.0,1.0,0.4,0.8,-30.1,-25.2,-20.2,-25.2,2.0,10.3,16.0,1.0,0.4,0.8,511.5,630.5,749.0,630.5,2.0,246.0,16.0,1.0,0.4,0.8,510.0,630.0,750.0,630.0,2.0,245.0,16.0,1.0,0.4,0.8
1974,2,186.0,-7.0,28.3,28.3,28.3,28.3,1.0,0.0,20.0,1.0,0.4,0.2,26.0,26.0,26.0,26.0,1.0,0.0,20.0,1.0,0.4,0.2,18.68,18.68,18.68,18.68,1.0,0.0,20.0,1.0,0.4,0.2,88.7,88.7,88.7,88.7,1.0,0.0,20.0,1.0,0.2,5.1,5.1,5.1,5.1,1.0,0.0,20.0,1.0,0.4,0.2,-2.55,-2.55,-2.55,-2.55,1.0,0.0,20.0,1.0,0.4,0.2,-4.42,-4.42,-4.42,-4.42,1.0,0.0,20.0,1.0,0.4,0.2,1009.5,1009.5,1009.5,1009.5,1.0,0.0,20.0,1.0,0.4,0.2,6.0,6.0,6.0,6.0,1.0,0.0,20.0,1.0,0.4,0.2,-13.0,-13.0,-13.0,-13.0,1.0,0.0,20.0,1.0,0.4,0.2,-22.5,-22.5,-22.5,-22.5,1.0,0.0,20.0,1.0,0.4,0.2,2.3,2.3,2.3,2.3,1.0,0.0,20.0,1.0,0.4,0.2,11.7,11.7,11.7,11.7,1.0,0.0,20.0,1.0,0.4,0.2,5.49,5.49,5.49,5.49,1.0,0.0,20.0,1.0,0.4,0.2,28.0,28.0,28.0,28.0,1.0,0.0,20.0,1.0,0.4,0.2,-66.3,-66.3,-66.3,-66.3,1.0,0.0,20.0,1.0,0.4,0.2,-114.8,-114.8,-114.8,-114.8,1.0,0.0,20.0,1.0,0.4,0.2,-47.6,-47.6,-47.6,-47.6,1.0,0.0,20.0,1.0,0.4,0.2,-82.5,-82.5,-82.5,-82.5,1.0,0.0,20.0,1.0,0.4,0.2,-14.0,-14.0,-14.0,-14.0,1.0,0.0,20.0,1.0,0.4,0.2,-24.3,-24.3,-24.3,-24.3,1.0,0.0,20.0,1.0,0.4,0.2,132.5,132.5,132.5,132.5,1.0,0.0,20.0,1.0,0.4,0.2,135.0,135.0,135.0,135.0,1.0,0.0,20.0,1.0,0.4,0.2
1974,2,186.0,-2.0,25.6,25.6,25.6,25.6,1.0,0.0,6.0,0.0,0.2,0.2,23.8,23.8,23.8,23.8,1.0,0.0,6.0,0.0,0.2,0.2,15.35,15.35,15.35,15.35,1.0,0.0,6.0,0.0,0.2,0.2,83.3,83.3,83.3,83.3,1.0,0.0,6.0,0.0,0.2,7.7,7.7,7.7,7.7,1.0,0.0,6.0,0.0,0.2,0.2,-7.58,-7.58,-7.58,-7.58,1.0,0.0,6.0,0.0,0.2,0.2,-1.34,-1.34,-1.34,-1.34,1.0,0.0,6.0,0.0,0.2,0.2,1008.7,1008.7,1008.7,1008.7,1.0,0.0,6.0,0.0,0.2,0.2,2.0,2.0,2.0,2.0,1.0,0.0,6.0,0.0,0.2,0.2,-58.4,-58.4,-58.4,-58.4,1.0,0.0,6.0,0.0,0.2,0.2,-10.3,-10.3,-10.3,-10.3,1.0,0.0,6.0,0.0,0.2,0.2,1.8,1.8,1.8,1.8,1.0,0.0,6.0,0.0,0.2,0.2,13.9,13.9,13.9,13.9,1.0,0.0,6.0,0.0,0.2,0.2,5.24,5.24,5.24,5.24,1.0,0.0,6.0,0.0,0.2,0.2,40.3,40.3,40.3,40.3,1.0,0.0,6.0,0.0,0.2,0.2,-180.5,-180.5,-180.5,-180.5,1.0,0.0,6.0,0.0,0.2,0.2,-31.8,-31.8,-31.8,-31.8,1.0,0.0,6.0,0.0,0.2,0.2,-116.4,-116.4,-116.4,-116.4,1.0,0.0,6.0,0.0,0.2,0.2,-20.5,-20.5,-20.5,-20.5,1.0,0.0,6.0,0.0,0.2,0.2,-39.7,-39.7,-39.7,-39.7,1.0,0.0,6.0,0.0,0.2,0.2,-7.0,-7.0,-7.0,-7.0,1.0,0.0,6.0,0.0,0.2,0.2,456.5,456.5,456.5,456.5,1.0,0.0,6.0,0.0,0.2,0.2,455.0,455.0,455.0,455.0,1.0,0.0,6.0,0.0,0.2,0.2
1974,2,186.0,2.0,29.5,29.5,29.5,29.5,1.0,0.0,28.0,0.0,0.3,0.3,25.4,25.4,25.4,25.4,1.0,0.0,28.0,0.0,0.3,0.3,18.71,18.71,18.71,18.71,1.0,0.0,28.0,0.0,0.3,0.3,92.0,92.0,92.0,92.0,1.0,0.0,28.0,0.0,0.3,6.2,6.2,6.2,6.2,1.0,0.0,28.0,0.0,0.3,0.3,-5.83,-5.83,-5.83,-5.83,1.0,0.0,28.0,0.0,0.3,0.3,2.12,2.12,2.12,2.12,1.0,0.0,28.0,0.0,0.3,0.3,1008.0,1008.0,1008.0,1008.0,1.0,0.0,28.0,0.0,0.3,0.3,2.0,2.0,2.0,2.0,1.0,0.0,28.0,0.0,0.3,0.3,-36.1,-36.1,-36.1,-36.1,1.0,0.0,28.0,0.0,0.3,0.3,13.1,13.1,13.1,13.1,1.0,0.0,28.0,0.0,0.3,0.3,4.1,4.1,4.1,4.1,1.0,0.0,28.0,0.0,0.3,0.3,25.4,25.4,25.4,25.4,1.0,0.0,28.0,0.0,0.3,0.3,7.28,7.28,7.28,7.28,1.0,0.0,28.0,0.0,0.3,0.3,45.1,45.1,45.1,45.1,1.0,0.0,28.0,0.0,0.3,0.3,-148.0,-148.0,-148.0,-148.0,1.0,0.0,28.0,0.0,0.3,0.3,53.9,53.9,53.9,53.9,1.0,0.0,28.0,0.0,0.3,0.3,-109.0,-109.0,-109.0,-109.0,1.0,0.0,28.0,0.0,0.3,0.3,39.7,39.7,39.7,39.7,1.0,0.0,28.0,0.0,0.3,0.3,-42.4,-42.4,-42.4,-42.4,1.0,0.0,28.0,0.0,0.3,0.3,15.4,15.4,15.4,15.4,1.0,0.0,28.0,0.0,0.3,0.3,238.5,238.5,238.5,238.5,1.0,0.0,28.0,0.0,0.3,0.3,240.0,240.0,240.0,240.0,1.0,0.0,28.0,0.0,0.3,0.3
1974,2,186.0,3.0,28.0,28.0,28.0,28.0,1.0,0.0,22.0,0.0,0.2,0.1,24.35,25.1,25.85,25.1,2.0,1.56,16.0,0.5,0.1,0.3,17.17,17.17,17.17,17.17,1.0,0.0,10.0,1.0,0.1,0.5,91.9,91.9,91.9,91.9,1.0,0.0,10.0,1.0,0.5,6.18,7.2,8.22,7.2,2.0,2.12,16.0,0.5,0.1,0.3,-8.1,-7.09,-6.08,-7.09,2.0,2.09,16.0,0.5,0.1,0.3,-0.59,0.26,1.11,0.26,2.0,1.77,16.0,0.5,0.1,0.3,1008.0,1008.0,1008.0,1008.0,1.0,0.0,10.0,1.0,0.1,0.5,5.5,6.5,7.5,6.5,2.0,2.1,16.0,0.5,0.1,0.3,-67.8,-53.3,-38.7,-53.3,2.0,30.1,16.0,0.5,0.1,0.3,-2.7,3.8,10.2,3.8,2.0,13.3,16.0,0.5,0.1,0.3,,,,,,,,,,,,,,,,,,,,,,,,,,,,,,,,,,,,,,,,,-210.2,-179.6,-149.0,-179.6,2.0,63.5,16.0,0.5,0.1,0.3,-13.7,7.9,29.5,7.9,2.0,44.8,16.0,0.5,0.1,0.3,-96.4,-96.4,-96.4,-96.4,1.0,0.0,10.0,1.0,0.1,0.5,-17.0,-17.0,-17.0,-17.0,1.0,0.0,10.0,1.0,0.1,0.5,,,,,,,,,,,,,,,,,,,,,,,,,,,,,,,,,,,,,,,,
1974,2,186.0,6.0,27.8,27.8,27.8,27.8,1.0,0.0,28.0,0.0,0.4,0.1,26.7,26.7,26.7,26.7,1.0,0.0,28.0,0.0,0.4,0.1,20.09,20.09,20.09,20.09,1.0,0.0,28.0,0.0,0.4,0.1,91.5,91.5,91.5,91.5,1.0,0.0,28.0,0.0,0.1,8.2,8.2,8.2,8.2,1.0,0.0,28.0,0.0,0.4,0.1,-8.2,-8.2,-8.2,-8.2,1.0,0.0,28.0,0.0,0.4,0.1,0.0,0.0,0.0,0.0,1.0,0.0,28.0,0.0,0.4,0.1,1009.1,1009.1,1009.1,1009.1,1.0,0.0,28.0,0.0,0.4,0.1,6.0,6.0,6.0,6.0,1.0,0.0,28.0,0.0,0.4,0.1,-67.2,-67.2,-67.2,-67.2,1.0,0.0,28.0,0.0,0.4,0.1,0.0,0.0,0.0,0.0,1.0,0.0,28.0,0.0,0.4,0.1,1.1,1.1,1.1,1.1,1.0,0.0,28.0,0.0,0.4,0.1,9.0,9.0,9.0,9.0,1.0,0.0,28.0,0.0,0.4,0.1,3.38,3.38,3.38,3.38,1.0,0.0,28.0,0.0,0.4,0.1,27.7,27.7,27.7,27.7,1.0,0.0,28.0,0.0,0.4,0.1,-218.9,-218.9,-218.9,-218.9,1.0,0.0,28.0,0.0,0.4,0.1,0.0,0.0,0.0,0.0,1.0,0.0,28.0,0.0,0.4,0.1,-164.8,-164.8,-164.8,-164.8,1.0,0.0,28.0,0.0,0.4,0.1,0.0,0.0,0.0,0.0,1.0,0.0,28.0,0.0,0.4,0.1,-27.7,-27.7,-27.7,-27.7,1.0,0.0,28.0,0.0,0.4,0.1,0.0,0.0,0.0,0.0,1.0,0.0,28.0,0.0,0.4,0.1,551.5,551.5,551.5,551.5,1.0,0.0,28.0,0.0,0.4,0.1,550.0,550.0,550.0,550.0,1.0,0.0,28.0,0.0,0.4,0.1
1974,2,186.0,10.0,27.0,27.0,27.0,27.0,1.0,0.0,14.0,0.0,0.2,0.8,25.32,26.0,26.68,26.0,2.0,1.41,14.0,0.5,0.1,0.7,15.25,15.25,15.25,15.25,1.0,0.0,14.0,0.0,0.2,0.8,77.0,77.0,77.0,77.0,1.0,0.0,14.0,0.0,0.8,5.45,6.2,9.34,7.37,3.0,3.02,16.0,0.7,0.4,0.8,-8.35,-6.2,-5.45,-6.88,3.0,2.21,16.0,0.7,0.4,0.8,-3.69,0.0,0.0,-1.8,3.0,3.12,16.0,0.7,0.4,0.8,1009.0,1009.0,1009.0,1009.0,1.0,0.0,14.0,0.0,0.2,0.8,4.6,6.0,6.0,5.3,3.0,1.2,16.0,0.7,0.4,0.8,-81.2,-38.4,-30.0,-55.2,3.0,40.2,16.0,0.7,0.4,0.8,-39.8,0.0,0.0,-19.4,3.0,33.7,16.0,0.7,0.4,0.8,2.0,2.0,2.0,2.0,1.0,0.0,14.0,0.0,0.2,0.8,21.6,21.6,21.6,21.6,1.0,0.0,14.0,0.0,0.2,0.8,7.13,7.13,7.13,7.13,1.0,0.0,14.0,0.0,0.2,0.8,77.0,77.0,77.0,77.0,1.0,0.0,14.0,0.0,0.2,0.8,-223.3,-200.6,-177.9,-200.6,2.0,47.0,14.0,0.5,0.1,0.7,-113.6,-67.5,-21.4,-67.5,2.0,95.5,14.0,0.5,0.1,0.7,-142.7,-142.7,-142.7,-142.7,1.0,0.0,14.0,0.0,0.2,0.8,-82.4,-82.4,-82.4,-82.4,1.0,0.0,14.0,0.0,0.2,0.8,-66.7,-66.7,-66.7,-66.7,1.0,0.0,14.0,0.0,0.2,0.8,-38.5,-38.5,-38.5,-38.5,1.0,0.0,14.0,0.0,0.2,0.8,166.0,238.5,935.5,543.5,3.0,622.5,16.0,0.7,0.4,0.8,165.0,240.0,935.0,545.0,3.0,620.0,16.0,0.7,0.4,0.8
1974,2,186.0,11.0,26.56,26.7,27.04,26.8,3.0,0.36,14.0,1.0,0.8,0.2,25.95,26.5,26.84,26.4,3.0,0.66,14.0,1.0,0.8,0.2,15.51,16.5,16.52,16.03,3.0,0.84,14.0,1.0,0.8,0.2,73.3,74.1,75.6,74.5,3.0,1.7,14.0,1.0,0.2,9.78,10.8,11.82,10.8,2.0,2.12,14.0,1.0,0.7,0.1,-10.35,-9.7,-9.04,-9.7,2.0,1.35,14.0,1.0,0.7,0.1,-5.68,-4.67,-3.65,-4.67,2.0,2.1,14.0,1.0,0.7,0.1,1009.16,1009.5,1010.52,1009.83,3.0,1.04,14.0,1.0,0.8,0.2,4.0,4.0,4.7,4.3,3.0,0.6,14.0,1.0,0.8,0.2,-123.1,-106.1,-89.2,-106.1,2.0,35.2,14.0,1.0,0.7,0.1,-68.3,-52.6,-36.9,-52.6,2.0,32.6,14.0,1.0,0.7,0.1,-0.28,0.2,1.09,0.4,3.0,1.01,14.0,1.0,0.8,0.2,4.3,8.2,12.1,8.2,2.0,8.1,14.0,1.0,0.7,0.1,5.28,5.45,6.91,6.08,3.0,1.31,14.0,1.0,0.8,0.2,67.6,68.8,70.0,68.8,2.0,2.5,14.0,1.0,0.7,0.1,-273.1,-253.4,-233.8,-253.4,2.0,40.8,14.0,1.0,0.7,0.1,-150.1,-122.4,-94.6,-122.4,2.0,57.4,14.0,1.0,0.7,0.1,-168.7,-153.7,-138.6,-153.7,2.0,31.2,14.0,1.0,0.7,0.1,-93.0,-74.7,-56.4,-74.7,2.0,37.9,14.0,1.0,0.7,0.1,-65.0,-62.2,-59.3,-62.2,2.0,5.9,14.0,1.0,0.7,0.1,-32.0,-28.8,-25.6,-28.8,2.0,6.6,14.0,1.0,0.7,0.1,972.0,1332.5,1693.0,1332.5,2.0,747.0,14.0,1.0,0.7,0.1,970.0,1335.0,1695.0,1335.0,2.0,745.0,14.0,1.0,0.7,0.1
1974,2,186.0,16.0,25.0,25.0,25.0,25.0,3.0,0.0,8.0,0.3,0.6,0.4,24.37,25.0,25.31,24.85,4.0,0.75,6.0,0.3,0.6,0.5,15.03,16.12,16.28,15.67,3.0,0.99,8.0,0.3,0.6,0.4,78.8,79.3,81.8,80.3,3.0,2.3,8.0,0.3,0.4,3.42,7.7,8.97,6.58,5.0,3.11,6.0,0.4,0.6,0.5,-8.83,-7.7,-3.04,-6.39,5.0,3.22,6.0,0.4,0.6,0.5,-1.79,-1.42,-0.67,-1.21,5.0,0.74,6.0,0.4,0.6,0.5,1010.88,1013.2,1013.68,1012.3,3.0,2.19,8.0,0.3,0.6,0.4,2.0,3.0,3.7,3.0,5.0,1.2,6.0,0.4,0.6,0.5,-80.2,-59.3,-10.4,-50.0,5.0,40.3,6.0,0.4,0.6,0.5,-14.1,-6.5,-2.1,-8.0,5.0,7.3,6.0,0.4,0.6,0.5,-0.41,0.0,0.82,0.2,3.0,0.92,8.0,0.3,0.6,0.4,-4.2,0.0,2.9,-0.6,3.0,5.3,8.0,0.3,0.6,0.4,3.51,3.72,4.75,4.12,3.0,0.97,8.0,0.3,0.6,0.4,21.7,28.0,35.0,28.4,3.0,9.8,8.0,0.3,0.6,0.4,-232.2,-197.2,-130.5,-182.1,4.0,77.8,6.0,0.3,0.6,0.5,-44.4,-39.2,-16.9,-31.1,4.0,21.1,6.0,0.3,0.6,0.5,-153.5,-132.1,-72.9,-113.6,3.0,61.2,8.0,0.3,0.6,0.4,-28.0,-26.2,-24.2,-26.1,3.0,2.8,8.0,0.3,0.6,0.4,-34.5,-27.5,-19.9,-27.2,3.0,10.7,8.0,0.3,0.6,0.4,-8.5,-6.7,-5.4,-7.0,3.0,2.3,8.0,0.3,0.6,0.4,40.5,456.5,749.0,435.5,5.0,436.5,6.0,0.4,0.6,0.5,40.0,455.0,750.0,435.0,5.0,435.0,6.0,0.4,0.6,0.5
1974,2,186.0,18.0,25.56,26.0,26.25,25.94,5.0,0.4,8.0,0.8,0.8,0.6,23.94,25.0,26.02,25.1,5.0,1.63,8.0,0.8,0.8,0.6,14.4,15.17,15.7,15.11,5.0,0.74,8.0,0.8,0.8,0.6,73.9,77.0,79.1,76.3,5.0,4.1,8.0,0.8,0.6,5.3,5.7,10.3,7.32,5.0,2.76,8.0,0.8,0.8,0.6,-10.14,-5.61,-4.85,-7.01,5.0,2.99,8.0,0.8,0.8,0.6,-0.45,0.99,1.79,0.52,5.0,1.98,8.0,0.8,0.8,0.6,1013.63,1014.5,1015.75,1014.62,5.0,1.21,8.0,0.8,0.8,0.6,1.0,1.0,3.8,2.4,5.0,2.6,8.0,0.8,0.8,0.6,-104.5,-32.0,-26.2,-57.8,5.0,43.1,8.0,0.8,0.8,0.6,-1.4,5.6,18.4,6.9,5.0,13.1,8.0,0.8,0.8,0.6,-0.3,1.4,1.87,0.84,5.0,1.59,8.0,0.8,0.8,0.6,-4.9,8.6,14.3,4.4,5.0,13.2,8.0,0.8,0.8,0.6,4.93,6.12,6.48,5.79,5.0,0.81,8.0,0.8,0.8,0.6,31.5,37.3,55.4,42.1,5.0,15.4,8.0,0.8,0.8,0.6,-258.8,-140.3,-115.9,-177.6,5.0,82.1,8.0,0.8,0.8,0.6,-12.2,24.7,45.6,13.4,5.0,50.2,8.0,0.8,0.8,0.6,-151.9,-85.2,-71.4,-105.9,5.0,46.3,8.0,0.8,0.8,0.6,-7.6,15.0,26.8,7.6,5.0,30.5,8.0,0.8,0.8,0.6,-54.6,-36.8,-29.3,-40.5,5.0,16.8,8.0,0.8,0.8,0.6,-1.2,6.5,9.6,3.6,5.0,10.3,8.0,0.8,0.8,0.6,153.0,185.0,1092.5,530.5,5.0,514.5,8.0,0.8,0.8,0.6,155.0,185.0,1095.0,530.0,5.0,515.0,8.0,0.8,0.8,0.6
1974,2,186.0,19.0,26.7,26.7,26.7,26.7,2.0,0.0,2.0,0.5,0.4,0.3,27.13,28.05,28.97,28.05,2.0,1.91,2.0,0.5,0.4,0.3,17.9,19.51,21.11,19.51,2.0,3.32,2.0,0.5,0.4,0.3,72.4,83.6,94.8,83.6,2.0,23.2,2.0,0.5,0.3,4.1,4.1,4.1,4.1,2.0,0.0,2.0,0.5,0.4,0.3,-4.1,-4.1,-4.1,-4.1,2.0,0.0,2.0,0.5,0.4,0.3,0.0,0.0,0.0,0.0,2.0,0.0,2.0,0.5,0.4,0.3,1015.0,1015.0,1015.0,1015.0,2.0,0.0,2.0,0.5,0.4,0.3,3.2,3.5,3.8,3.5,2.0,0.7,2.0,0.5,0.4,0.3,-16.8,-16.8,-16.8,-16.8,2.0,0.0,2.0,0.5,0.4,0.3,0.0,0.0,0.0,0.0,2.0,0.0,2.0,0.5,0.4,0.3,-2.27,-1.35,-0.43,-1.35,2.0,1.91,2.0,0.5,0.4,0.3,-9.3,-5.5,-1.8,-5.5,2.0,7.8,2.0,0.5,0.4,0.3,0.75,2.35,3.96,2.35,2.0,3.32,2.0,0.5,0.4,0.3,3.1,9.6,16.2,9.6,2.0,13.6,2.0,0.5,0.4,0.3,-118.8,-115.0,-111.2,-115.0,2.0,7.8,2.0,0.5,0.4,0.3,0.0,0.0,0.0,0.0,2.0,0.0,2.0,0.5,0.4,0.3,-86.6,-80.0,-73.4,-80.0,2.0,13.6,2.0,0.5,0.4,0.3,0.0,0.0,0.0,0.0,2.0,0.0,2.0,0.5,0.4,0.3,-16.2,-9.6,-3.1,-9.6,2.0,13.6,2.0,0.5,0.4,0.3,0.0,0.0,0.0,0.0,2.0,0.0,2.0,0.5,0.4,0.3,69.0,69.0,69.0,69.0,2.0,0.0,2.0,0.5,0.4,0.3,70.0,70.0,70.0,70.0,2.0,0.0,2.0,0.5,0.4,0.3
1974,2,186.0,20.0,24.4,24.6,25.48,24.93,4.0,0.81,24.0,0.0,0.6,0.6,23.53,24.2,28.37,25.37,6.0,2.56,18.0,0.2,0.5,0.6,16.3,16.41,16.72,16.5,5.0,0.32,20.0,0.0,0.6,0.6,81.2,88.0,90.7,85.7,5.0,8.3,20.0,0.0,0.6,3.5,4.3,5.14,4.52,6.0,1.44,18.0,0.2,0.5,0.6,-4.46,-2.34,-1.83,-2.87,6.0,2.08,18.0,0.2,0.5,0.6,-0.41,3.18,4.11,2.16,6.0,2.59,18.0,0.2,0.5,0.6,1010.06,1010.5,1012.76,1011.2,5.0,1.6,20.0,0.0,0.6,0.6,1.8,3.0,6.2,3.7,6.0,2.4,18.0,0.2,0.5,0.6,-22.0,-9.5,-5.8,-14.5,6.0,15.8,18.0,0.2,0.5,0.6,-1.3,14.1,22.1,11.5,6.0,12.6,18.0,0.2,0.5,0.6,0.73,1.3,1.6,1.18,4.0,0.57,24.0,0.0,0.6,0.6,3.2,6.4,9.4,6.3,4.0,4.0,24.0,0.0,0.6,0.6,2.86,3.1,3.9,3.37,4.0,0.82,24.0,0.0,0.6,0.6,12.1,17.8,21.4,16.8,4.0,5.7,24.0,0.0,0.6,0.6,-121.5,-61.3,-43.3,-72.6,6.0,50.5,18.0,0.2,0.5,0.6,-11.6,74.3,98.1,49.8,6.0,64.7,18.0,0.2,0.5,0.6,-62.3,-38.0,-24.0,-43.3,5.0,36.1,20.0,0.0,0.6,0.6,16.4,58.0,69.3,42.2,5.0,44.0,20.0,0.0,0.6,0.6,-13.3,-6.8,-3.0,-8.1,4.0,7.8,24.0,0.0,0.6,0.6,9.1,11.8,17.0,13.0,4.0,5.7,24.0,0.0,0.6,0.6,43.0,80.5,154.5,118.0,6.0,128.0,18.0,0.2,0.5,0.6,45.0,80.0,155.0,120.0,6.0,130.0,18.0,0.2,0.5,0.6
1974,2,186.0,21.0,24.5,24.6,25.73,25.04,9.0,0.88,20.0,0.3,0.6,0.5,23.5,23.9,24.73,23.86,9.0,1.13,20.0,0.3,0.6,0.5,14.73,15.62,16.24,15.21,9.0,1.47,20.0,0.3,0.6,0.5,81.1,84.4,89.7,82.8,9.0,9.6,20.0,0.3,0.5,3.64,6.2,8.2,6.0,9.0,2.12,20.0,0.3,0.6,0.5,-7.43,-4.37,-1.22,-4.19,9.0,2.99,20.0,0.3,0.6,0.5,0.0,3.1,5.61,2.44,9.0,3.1,20.0,0.3,0.6,0.5,1009.63,1011.0,1016.57,1012.79,9.0,3.58,20.0,0.3,0.6,0.5,2.3,4.0,7.2,4.4,9.0,2.3,20.0,0.3,0.6,0.5,-58.3,-24.9,-5.0,-29.7,9.0,25.7,20.0,0.3,0.6,0.5,0.0,9.6,33.3,13.7,9.0,22.3,20.0,0.3,0.6,0.5,0.16,0.8,1.76,1.19,9.0,1.8,20.0,0.3,0.6,0.5,0.7,4.9,13.8,7.9,9.0,11.1,20.0,0.3,0.6,0.5,3.1,3.84,7.11,4.65,9.0,2.01,20.0,0.3,0.6,0.5,14.0,20.1,46.9,29.5,9.0,19.4,20.0,0.3,0.6,0.5,-177.5,-104.4,-27.5,-100.8,9.0,73.2,20.0,0.3,0.6,0.5,0.0,73.5,123.3,56.7,9.0,72.0,20.0,0.3,0.6,0.5,-106.4,-68.7,-18.4,-62.5,9.0,43.2,20.0,0.3,0.6,0.5,0.0,46.9,83.1,37.5,9.0,47.5,20.0,0.3,0.6,0.5,-35.1,-16.5,-4.4,-20.7,9.0,20.8,20.0,0.3,0.6,0.5,0.0,12.7,21.9,11.2,9.0,17.2,20.0,0.3,0.6,0.5,57.5,238.5,551.5,284.5,9.0,219.5,20.0,0.3,0.6,0.5,60.0,240.0,550.0,285.0,9.0,220.0,20.0,0.3,0.6,0.5
1974,2,186.0,22.0,23.75,25.25,25.7,24.84,12.0,1.37,20.0,0.7,0.4,0.5,22.22,23.9,26.05,23.73,12.0,2.21,20.0,0.7,0.4,0.5,12.99,14.49,15.63,14.23,11.0,1.79,20.0,0.6,0.4,0.5,65.1,78.3,84.1,76.0,11.0,9.3,20.0,0.6,0.5,2.15,7.2,8.41,5.6,11.0,3.33,20.0,0.6,0.4,0.5,-8.25,-3.12,0.0,-3.67,11.0,4.03,20.0,0.6,0.4,0.5,-3.08,0.0,1.95,-0.52,11.0,3.78,20.0,0.6,0.4,0.5,1013.35,1015.5,1018.21,1015.61,12.0,2.75,20.0,0.7,0.4,0.5,3.0,5.0,7.0,5.2,12.0,2.1,20.0,0.7,0.4,0.5,-69.7,-16.6,0.0,-28.8,11.0,35.4,20.0,0.6,0.4,0.5,-27.5,0.0,4.5,-7.4,11.0,29.1,20.0,0.6,0.4,0.5,-1.39,1.45,4.0,1.12,12.0,3.08,20.0,0.7,0.4,0.5,-16.3,2.6,22.0,4.4,11.0,26.9,20.0,0.6,0.4,0.5,3.63,4.63,7.27,5.35,11.0,2.54,20.0,0.6,0.4,0.5,6.8,25.3,33.6,26.2,10.0,23.8,20.0,0.6,0.4,0.5,-195.4,-71.7,0.0,-86.8,11.0,98.8,20.0,0.6,0.4,0.5,-62.3,0.0,44.1,-8.6,11.0,87.8,20.0,0.6,0.4,0.5,-118.8,-37.6,0.0,-44.4,10.0,58.3,20.0,0.6,0.4,0.5,-25.2,0.0,30.2,2.4,10.0,49.6,20.0,0.6,0.4,0.5,-30.4,-14.3,0.0,-13.9,10.0,16.2,20.0,0.6,0.4,0.5,-9.0,0.0,12.2,-4.2,10.0,28.8,20.0,0.6,0.4,0.5,11.5,373.0,595.5,333.5,11.0,325.5,20.0,0.6,0.4,0.5,10.0,375.0,595.0,335.0,11.0,325.0,20.0,0.6,0.4,0.5
1974,2,186.0,23.0,24.0,24.4,25.06,24.41,16.0,0.67,14.0,0.6,0.5,0.5,22.55,23.5,25.0,23.49,18.0,1.15,14.0,0.6,0.5,0.5,13.8,14.64,16.28,14.83,16.0,1.47,14.0,0.6,0.5,0.5,77.1,84.0,87.8,83.0,16.0,6.8,14.0,0.6,0.5,3.91,5.7,9.53,6.2,17.0,2.98,14.0,0.6,0.5,0.5,-7.11,-4.53,2.59,-3.15,17.0,5.61,14.0,0.6,0.5,0.5,-2.08,0.0,3.51,0.36,17.0,2.75,14.0,0.6,0.5,0.5,1012.7,1015.6,1019.07,1015.15,16.0,4.6,14.0,0.6,0.5,0.5,3.0,4.0,7.0,4.5,18.0,2.2,14.0,0.6,0.5,0.5,-60.2,-22.5,14.7,-21.9,17.0,52.8,14.0,0.6,0.5,0.5,-10.8,0.0,21.1,3.2,17.0,24.3,14.0,0.6,0.5,0.5,0.19,0.7,2.12,1.04,16.0,1.16,14.0,0.6,0.5,0.5,0.0,4.4,12.7,6.2,16.0,7.4,14.0,0.6,0.5,0.5,3.19,3.87,5.9,4.23,16.0,1.68,14.0,0.6,0.5,0.5,13.4,23.0,39.9,27.1,16.0,18.0,14.0,0.6,0.5,0.5,-162.7,-104.2,60.8,-72.7,17.0,134.7,14.0,0.6,0.5,0.5,-49.2,0.0,84.3,10.3,17.0,64.6,14.0,0.6,0.5,0.5,-107.0,-66.2,52.5,-42.9,16.0,88.3,14.0,0.6,0.5,0.5,-32.5,0.0,46.0,2.8,16.0,39.9,14.0,0.6,0.5,0.5,-30.5,-21.0,4.7,-17.2,16.0,25.5,14.0,0.6,0.5,0.5,-7.0,0.0,11.4,1.1,16.0,11.9,14.0,0.6,0.5,0.5,66.0,185.0,867.5,396.0,17.0,477.5,14.0,0.6,0.5,0.5,65.0,185.0,865.0,395.0,17.0,475.0,14.0,0.6,0.5,0.5
1974,2,186.0,24.0,21.4,24.0,25.29,23.4,5.0,2.33,18.0,0.8,0.6,0.5,20.77,21.6,25.86,22.9,6.0,3.11,18.0,0.8,0.6,0.4,12.68,14.02,15.34,13.95,5.0,1.75,18.0,0.8,0.6,0.5,79.2,87.2,90.8,85.5,5.0,6.0,18.0,0.8,0.5,6.43,8.2,11.57,8.84,5.0,3.06,18.0,0.8,0.6,0.5,-9.55,-7.2,0.35,-4.91,5.0,6.69,18.0,0.8,0.6,0.5,-4.41,0.0,4.32,0.39,5.0,5.65,18.0,0.8,0.6,0.5,1014.6,1015.5,1019.03,1016.6,5.0,2.63,18.0,0.8,0.6,0.5,0.8,3.5,6.2,3.5,6.0,2.7,18.0,0.8,0.6,0.4,-99.1,-51.8,13.0,-45.8,5.0,78.4,18.0,0.8,0.6,0.5,-35.1,0.0,44.3,6.6,5.0,58.9,18.0,0.8,0.6,0.5,-0.37,0.5,4.04,1.52,5.0,2.37,18.0,0.8,0.6,0.5,-3.0,5.4,32.3,14.1,5.0,24.1,18.0,0.8,0.6,0.5,1.15,4.78,6.63,4.06,5.0,2.95,18.0,0.8,0.6,0.5,8.5,32.0,66.9,38.4,5.0,36.0,18.0,0.8,0.6,0.5,-195.7,-159.8,15.9,-97.5,5.0,147.0,18.0,0.8,0.6,0.5,-89.6,0.0,105.4,17.2,5.0,133.9,18.0,0.8,0.6,0.5,-122.0,-107.9,9.7,-61.3,5.0,91.0,18.0,0.8,0.6,0.5,-53.4,0.0,67.2,11.9,5.0,83.6,18.0,0.8,0.6,0.5,-42.2,-11.2,7.1,-18.5,5.0,41.9,18.0,0.8,0.6,0.5,-29.3,0.0,16.7,-2.9,5.0,30.6,18.0,0.8,0.6,0.5,285.5,551.5,1583.5,892.5,5.0,817.0,18.0,0.8,0.6,0.5,285.0,550.0,1585.0,895.0,5.0,815.0,18.0,0.8,0.6,0.5
1974,2,186.0,25.0,22.32,23.15,23.67,23.0,4.0,0.96,16.0,0.3,0.6,0.2,20.32,22.8,24.37,22.46,5.0,2.17,16.0,0.2,0.6,0.2,11.77,12.83,14.39,13.07,4.0,1.75,12.0,0.3,0.6,0.2,66.8,80.3,84.2,75.7,4.0,12.7,12.0,0.3,0.2,3.05,5.1,8.33,5.66,5.0,3.21,16.0,0.2,0.6,0.2,-6.18,-2.76,-1.71,-4.01,5.0,3.57,16.0,0.2,0.6,0.2,-2.33,0.72,4.06,1.01,5.0,4.03,16.0,0.2,0.6,0.2,1012.29,1013.6,1016.95,1014.54,5.0,3.45,16.0,0.2,0.6,0.2,2.0,3.0,4.7,3.4,5.0,1.7,16.0,0.2,0.6,0.2,-50.8,-9.9,-7.2,-29.5,5.0,42.3,16.0,0.2,0.6,0.2,-17.3,1.5,23.9,5.2,5.0,28.1,16.0,0.2,0.6,0.2,-0.58,1.25,2.92,1.18,4.0,2.07,16.0,0.3,0.6,0.2,-1.2,8.4,17.4,8.1,4.0,10.8,16.0,0.3,0.6,0.2,2.93,3.11,4.74,3.82,3.0,1.46,12.0,0.3,0.6,0.2,13.0,28.0,30.8,22.0,3.0,14.0,12.0,0.3,0.6,0.2,-138.5,-68.9,-37.9,-92.2,5.0,87.0,16.0,0.2,0.6,0.2,-51.2,16.4,89.8,22.2,5.0,84.3,16.0,0.2,0.6,0.2,-104.6,-39.6,-28.5,-65.4,4.0,61.1,12.0,0.3,0.6,0.2,-34.3,-9.0,18.2,-8.1,4.0,31.1,12.0,0.3,0.6,0.2,-28.4,-21.5,-10.6,-19.5,3.0,13.1,12.0,0.3,0.6,0.2,-14.1,-5.6,-0.4,-7.2,3.0,10.1,12.0,0.3,0.6,0.2,33.0,132.5,636.0,331.0,5.0,449.0,16.0,0.2,0.6,0.2,35.0,135.0,635.0,330.0,5.0,450.0,16.0,0.2,0.6,0.2
1974,2,186.0,26.0,20.29,22.0,22.48,21.4,3.0,1.68,18.0,0.7,0.7,0.7,21.52,22.0,22.68,22.1,3.0,0.85,18.0,0.7,0.7,0.7,13.02,13.59,14.29,13.65,3.0,0.93,18.0,0.7,0.7,0.7,82.0,83.1,83.5,82.8,3.0,1.2,18.0,0.7,0.7,4.76,5.1,5.85,5.3,3.0,0.82,18.0,0.7,0.7,0.7,-3.97,-2.3,-0.13,-2.05,3.0,2.83,18.0,0.7,0.7,0.7,3.98,3.99,4.69,4.33,3.0,0.6,18.0,0.7,0.7,0.7,1015.71,1018.3,1018.37,1017.07,3.0,2.22,18.0,0.7,0.7,0.7,2.2,7.0,7.7,5.0,3.0,4.4,18.0,0.7,0.7,0.7,-23.5,-10.6,-0.3,-11.8,3.0,17.0,18.0,0.7,0.7,0.7,20.4,24.7,25.3,22.9,3.0,4.0,18.0,0.7,0.7,0.7,-2.39,0.0,0.96,-0.7,3.0,2.52,18.0,0.7,0.7,0.7,-14.8,0.0,4.4,-5.1,3.0,14.7,18.0,0.7,0.7,0.7,0.52,2.79,3.85,2.2,3.0,2.5,18.0,0.7,0.7,0.7,2.2,14.2,18.2,10.3,3.0,12.2,18.0,0.7,0.7,0.7,-90.1,-49.0,-2.3,-46.2,3.0,64.4,18.0,0.7,0.7,0.7,87.0,91.7,104.5,95.7,3.0,13.3,18.0,0.7,0.7,0.7,-56.7,-29.3,-1.1,-28.9,3.0,40.7,18.0,0.7,0.7,0.7,53.2,58.2,65.1,59.1,3.0,8.7,18.0,0.7,0.7,0.7,-6.0,2.5,2.5,-1.7,3.0,7.2,18.0,0.7,0.7,0.7,3.0,14.0,16.3,9.7,3.0,10.4,18.0,0.7,0.7,0.7,108.5,132.5,205.0,156.0,3.0,73.5,18.0,0.7,0.7,0.7,110.0,135.0,205.0,155.0,3.0,75.0,18.0,0.7,0.7,0.7
1974,2,186.0,27.0,20.0,20.85,22.0,20.89,20.0,1.25,14.0,0.4,0.6,0.2,18.7,20.5,21.0,20.22,23.0,1.58,12.0,0.4,0.6,0.2,9.85,12.57,13.79,11.9,22.0,2.22,12.0,0.4,0.5,0.2,68.3,83.5,90.9,80.7,22.0,11.4,12.0,0.4,0.2,2.6,5.1,8.45,5.39,23.0,3.18,12.0,0.4,0.6,0.2,-5.2,-3.1,1.29,-1.72,23.0,4.46,12.0,0.4,0.6,0.2,-3.23,0.89,4.35,0.35,23.0,4.16,12.0,0.4,0.6,0.2,1013.2,1017.0,1021.3,1017.0,23.0,4.89,12.0,0.4,0.6,0.2,2.0,5.0,8.0,5.0,23.0,2.6,12.0,0.4,0.6,0.2,-31.4,-16.7,3.3,-6.2,23.0,44.3,12.0,0.4,0.6,0.2,-15.7,2.3,31.4,-1.4,23.0,38.6,12.0,0.4,0.6,0.2,-1.58,1.0,2.8,0.88,20.0,2.17,14.0,0.4,0.6,0.2,-6.9,3.7,14.3,5.4,20.0,12.9,14.0,0.4,0.6,0.2,1.18,3.88,5.85,3.65,20.0,2.62,14.0,0.4,0.6,0.2,3.1,15.9,34.1,22.6,20.0,29.3,14.0,0.4,0.6,0.2,-101.3,-60.0,27.1,-35.1,23.0,89.6,12.0,0.4,0.6,0.2,-62.1,18.2,89.4,9.1,23.0,81.3,12.0,0.4,0.6,0.2,-63.7,-38.4,18.4,-23.5,22.0,50.0,12.0,0.4,0.5,0.2,-41.1,15.5,52.3,10.5,22.0,45.1,12.0,0.4,0.5,0.2,-22.3,-7.5,1.5,-4.7,20.0,27.1,14.0,0.4,0.6,0.2,-19.3,0.0,7.2,-7.6,20.0,24.0,14.0,0.4,0.6,0.2,17.5,132.5,606.0,332.0,23.0,618.0,12.0,0.4,0.6,0.2,20.0,135.0,605.0,330.0,23.0,620.0,12.0,0.4,0.6,0.2
1974,2,186.0,28.0,18.67,20.2,21.37,20.03,4.0,1.66,14.0,0.3,0.8,0.1,19.13,20.8,21.0,20.1,4.0,1.54,14.0,0.3,0.8,0.1,10.48,12.44,14.57,12.52,4.0,2.36,14.0,0.3,0.8,0.1,75.3,89.7,95.5,85.6,4.0,13.3,14.0,0.3,0.1,3.73,4.1,9.65,6.26,5.0,3.56,14.0,0.4,0.7,0.2,-5.26,-1.51,2.43,-1.54,5.0,4.29,14.0,0.4,0.7,0.2,-3.16,0.0,5.38,0.69,5.0,6.3,14.0,0.4,0.7,0.2,1012.69,1015.25,1017.76,1015.23,4.0,3.19,14.0,0.3,0.8,0.1,2.6,5.0,6.7,4.8,5.0,2.4,14.0,0.4,0.7,0.2,-40.6,-13.1,8.8,-18.8,5.0,37.4,14.0,0.4,0.7,0.2,-35.7,0.0,36.5,-1.7,5.0,61.9,14.0,0.4,0.7,0.2,-1.57,0.55,1.36,-0.07,4.0,2.06,14.0,0.3,0.8,0.1,-4.9,2.3,11.6,3.3,4.0,11.4,14.0,0.3,0.8,0.1,1.2,2.12,2.92,2.06,4.0,1.13,14.0,0.3,0.8,0.1,6.5,7.5,23.4,14.6,4.0,15.5,14.0,0.3,0.8,0.1,-82.8,5.3,54.2,-13.4,4.0,87.6,14.0,0.3,0.8,0.1,-80.7,36.6,129.1,24.7,4.0,140.3,14.0,0.3,0.8,0.1,-51.1,3.4,30.8,-9.5,4.0,51.5,14.0,0.3,0.8,0.1,-48.1,25.4,90.8,21.5,4.0,91.9,14.0,0.3,0.8,0.1,-13.2,1.3,5.7,-3.5,4.0,14.3,14.0,0.3,0.8,0.1,-15.2,2.8,6.0,-4.2,4.0,16.7,14.0,0.3,0.8,0.1,54.5,69.0,945.0,454.0,5.0,611.5,14.0,0.4,0.7,0.2,55.0,70.0,945.0,455.0,5.0,610.0,14.0,0.4,0.7,0.2
1974,2,186.0,29.0,19.0,19.5,20.21,19.57,11.0,0.66,14.0,0.4,0.5,0.6,18.67,19.2,19.55,19.23,12.0,0.8,14.0,0.3,0.5,0.6,11.61,12.34,12.78,12.08,11.0,1.38,14.0,0.4,0.5,0.6,84.8,91.0,92.4,87.0,11.0,8.8,14.0,0.4,0.6,4.46,6.15,9.55,6.46,12.0,3.0,14.0,0.3,0.5,0.6,-4.71,-0.25,1.65,-1.51,12.0,3.94,14.0,0.3,0.5,0.6,-2.08,2.64,7.83,2.36,12.0,5.52,14.0,0.3,0.5,0.6,1015.84,1018.2,1020.63,1017.98,12.0,3.25,14.0,0.3,0.5,0.6,3.7,7.5,8.0,6.4,12.0,2.1,14.0,0.3,0.5,0.6,-44.2,-0.2,11.0,-13.7,12.0,32.6,14.0,0.3,0.5,0.6,-15.5,11.7,64.0,20.5,12.0,49.4,14.0,0.3,0.5,0.6,-0.5,0.5,1.08,0.23,11.0,1.1,14.0,0.4,0.5,0.6,-4.6,0.6,6.6,0.6,11.0,7.1,14.0,0.4,0.5,0.6,0.89,1.66,3.08,2.01,11.0,1.58,14.0,0.4,0.5,0.6,4.0,8.5,23.7,13.0,11.0,12.8,14.0,0.4,0.5,0.6,-88.8,-4.7,31.7,-28.5,12.0,73.7,14.0,0.3,0.5,0.6,-38.6,50.1,152.7,47.0,12.0,107.3,14.0,0.3,0.5,0.6,-38.9,0.0,19.8,-12.4,11.0,42.3,14.0,0.4,0.5,0.6,-26.8,54.5,99.4,35.6,11.0,65.8,14.0,0.4,0.5,0.6,-6.8,0.0,5.4,0.0,11.0,7.1,14.0,0.4,0.5,0.6,-7.0,1.3,12.6,0.7,11.0,17.4,14.0,0.4,0.5,0.6,103.5,253.0,877.5,424.0,12.0,425.5,14.0,0.3,0.5,0.6,105.0,255.0,880.0,425.0,12.0,425.0,14.0,0.3,0.5,0.6
1974,2,186.0,30.0,17.34,19.0,20.78,18.88,15.0,1.89,16.0,0.3,0.5,0.4,16.81,18.1,19.2,18.18,16.0,1.58,14.0,0.3,0.5,0.4,7.75,10.07,12.56,10.18,15.0,2.13,16.0,0.3,0.5,0.4,66.5,77.4,86.9,78.1,15.0,10.4,16.0,0.3,0.4,2.48,5.1,8.2,5.46,16.0,2.96,14.0,0.3,0.5,0.4,-4.75,0.53,5.75,0.69,16.0,4.86,14.0,0.3,0.5,0.4,-2.42,0.26,5.66,1.36,16.0,3.8,14.0,0.3,0.5,0.4,1014.95,1020.6,1023.77,1019.36,16.0,4.22,14.0,0.3,0.5,0.4,2.0,4.5,7.0,4.5,16.0,2.5,14.0,0.3,0.5,0.4,-34.4,1.1,38.3,3.6,16.0,39.2,14.0,0.3,0.5,0.4,-12.7,0.4,44.6,12.7,16.0,29.5,14.0,0.3,0.5,0.4,-1.48,1.0,2.66,0.69,15.0,2.25,16.0,0.3,0.5,0.4,-5.1,4.7,19.0,4.7,15.0,17.8,16.0,0.3,0.5,0.4,1.35,4.33,5.15,3.37,15.0,2.12,16.0,0.3,0.5,0.4,2.1,12.5,35.4,17.0,15.0,17.7,16.0,0.3,0.5,0.4,-93.4,8.5,105.9,11.7,16.0,89.8,14.0,0.3,0.5,0.4,-39.9,4.6,108.4,27.8,16.0,71.3,14.0,0.3,0.5,0.4,-60.3,0.0,54.5,1.8,15.0,53.3,16.0,0.3,0.5,0.4,-20.3,4.4,67.6,20.6,15.0,44.6,16.0,0.3,0.5,0.4,-18.0,0.0,9.6,0.1,15.0,20.2,16.0,0.3,0.5,0.4,-13.1,0.0,7.9,0.2,15.0,14.8,16.0,0.3,0.5,0.4,17.0,132.5,551.5,294.0,16.0,326.5,14.0,0.3,0.5,0.4,15.0,135.0,550.0,295.0,16.0,325.0,14.0,0.3,0.5,0.4
1974,2,186.0,31.0,16.68,17.8,19.14,18.05,13.0,1.41,16.0,0.2,0.5,0.4,15.53,18.25,19.49,17.56,14.0,2.09,16.0,0.2,0.5,0.4,7.64,11.46,13.36,10.62,12.0,2.63,16.0,0.3,0.4,0.4,70.2,89.0,95.4,85.2,12.0,12.6,16.0,0.3,0.4,6.76,9.8,12.9,9.83,14.0,3.76,16.0,0.2,0.5,0.4,-7.66,0.0,7.22,-0.7,14.0,7.98,16.0,0.2,0.5,0.4,-2.47,3.93,10.67,4.04,14.0,6.03,16.0,0.2,0.5,0.4,1010.98,1016.0,1021.62,1016.46,13.0,4.93,16.0,0.2,0.5,0.4,5.1,8.0,8.0,6.5,14.0,2.3,16.0,0.2,0.5,0.4,-65.8,0.0,58.2,-20.8,14.0,105.5,16.0,0.2,0.5,0.4,-19.0,18.2,118.6,43.9,14.0,73.9,16.0,0.2,0.5,0.4,-1.26,1.0,2.58,0.68,13.0,2.39,16.0,0.2,0.5,0.4,-13.1,9.4,17.1,4.3,13.0,22.3,16.0,0.2,0.5,0.4,0.27,1.81,5.6,2.34,11.0,2.61,16.0,0.3,0.5,0.5,1.1,12.9,39.2,18.6,11.0,20.6,16.0,0.3,0.5,0.5,-146.0,0.0,130.0,-12.4,14.0,139.5,16.0,0.2,0.5,0.4,-38.2,58.8,202.7,78.0,14.0,111.5,16.0,0.2,0.5,0.4,-113.1,0.0,58.8,-14.6,12.0,89.8,16.0,0.3,0.4,0.4,-20.9,18.9,107.7,40.3,12.0,72.0,16.0,0.3,0.4,0.4,-25.3,0.0,12.1,-0.9,11.0,23.3,16.0,0.3,0.5,0.5,-10.1,0.0,11.7,0.2,11.0,16.3,16.0,0.3,0.5,0.5,310.5,948.5,2146.5,1346.5,14.0,1382.5,16.0,0.2,0.5,0.4,310.0,950.0,2145.0,1345.0,14.0,1380.0,16.0,0.2,0.5,0.4
1974,2,186.0,32.0,14.69,16.35,17.29,16.17,10.0,1.43,16.0,0.1,0.6,0.5,14.5,16.0,16.66,15.8,10.0,1.55,16.0,0.1,0.6,0.5,7.62,9.95,10.58,9.18,9.0,1.53,18.0,0.1,0.6,0.5,68.0,87.7,93.0,82.6,9.0,11.6,18.0,0.1,0.5,5.36,10.3,13.07,8.9,10.0,4.66,16.0,0.1,0.6,0.5,-3.49,7.31,10.85,4.77,10.0,8.13,16.0,0.1,0.6,0.5,-3.52,0.0,3.43,-0.64,10.0,4.23,16.0,0.1,0.6,0.5,1011.43,1015.25,1021.24,1015.91,10.0,5.0,16.0,0.1,0.6,0.5,3.4,7.5,8.0,6.0,10.0,2.6,16.0,0.1,0.6,0.5,-21.6,63.9,142.2,61.8,10.0,99.7,16.0,0.1,0.6,0.5,-39.1,0.0,20.9,-15.6,10.0,50.0,16.0,0.1,0.6,0.5,-1.79,0.05,3.01,0.37,10.0,2.25,16.0,0.1,0.6,0.5,-20.6,-1.0,24.4,2.8,10.0,26.8,16.0,0.1,0.6,0.5,-0.1,2.52,3.59,2.17,9.0,2.35,18.0,0.1,0.6,0.5,-2.0,5.6,31.0,17.9,9.0,33.2,18.0,0.1,0.6,0.5,-54.1,124.3,175.9,79.7,10.0,122.6,16.0,0.1,0.6,0.5,-52.3,0.0,59.0,-8.0,10.0,67.6,16.0,0.1,0.6,0.5,-45.9,49.1,111.9,39.8,9.0,76.5,18.0,0.1,0.6,0.5,-26.0,0.0,33.5,-2.6,9.0,41.3,18.0,0.1,0.6,0.5,-8.2,0.0,10.7,7.4,9.0,36.1,18.0,0.1,0.6,0.5,-9.8,0.0,5.7,-0.7,9.0,9.9,18.0,0.1,0.6,0.5,155.0,1092.5,2325.0,1191.5,10.0,1239.5,16.0,0.1,0.6,0.5,155.0,1095.0,2325.0,1190.0,10.0,1240.0,16.0,0.1,0.6,0.5
1974,2,186.0,33.0,15.56,16.7,17.33,16.49,11.0,0.96,18.0,0.4,0.7,0.5,13.87,15.0,17.0,15.38,12.0,1.67,16.0,0.5,0.7,0.5,6.62,9.14,10.39,8.66,9.0,1.87,16.0,0.3,0.7,0.5,69.2,80.1,90.4,80.6,9.0,11.3,16.0,0.3,0.5,5.54,7.7,9.55,8.04,12.0,3.76,16.0,0.4,0.7,0.5,-7.12,-1.69,5.27,-1.51,12.0,7.21,16.0,0.4,0.7,0.5,-6.67,-1.42,2.04,-1.46,12.0,5.29,16.0,0.4,0.7,0.5,1016.58,1020.4,1022.0,1019.25,13.0,4.13,16.0,0.5,0.7,0.5,3.0,8.0,8.0,6.6,12.0,2.4,16.0,0.4,0.6,0.5,-56.4,-6.1,38.2,-24.2,12.0,94.0,16.0,0.4,0.7,0.5,-58.3,-9.7,12.7,-14.8,12.0,53.2,16.0,0.4,0.7,0.5,-0.29,1.8,3.6,1.6,9.0,1.98,18.0,0.4,0.7,0.5,-0.7,9.6,32.7,11.9,8.0,19.0,16.0,0.4,0.8,0.6,2.05,3.4,5.01,3.37,8.0,1.82,18.0,0.4,0.7,0.5,6.9,28.4,39.7,25.4,7.0,18.0,16.0,0.3,0.8,0.5,-69.5,15.8,84.0,-5.8,10.0,107.6,16.0,0.5,0.7,0.6,-97.1,-19.0,62.2,-17.3,10.0,93.3,16.0,0.5,0.7,0.6,-32.2,0.0,41.6,3.6,7.0,42.1,16.0,0.3,0.8,0.5,-63.3,-11.3,5.0,-13.6,7.0,58.7,16.0,0.3,0.8,0.5,-18.3,0.0,29.7,5.4,7.0,26.4,16.0,0.3,0.8,0.5,-22.3,-9.3,0.1,-12.2,7.0,13.2,16.0,0.3,0.8,0.5,189.5,456.5,877.5,879.0,12.0,1442.5,16.0,0.4,0.7,0.5,190.0,455.0,880.0,880.0,12.0,1440.0,16.0,0.4,0.7,0.5
1974,2,186.0,34.0,15.9,16.0,17.4,16.3,7.0,1.23,14.0,0.7,0.4,0.6,12.29,15.75,17.0,14.96,8.0,2.21,12.0,0.6,0.4,0.5,7.54,8.07,10.68,8.66,8.0,1.78,12.0,0.6,0.4,0.5,70.3,85.0,89.6,81.5,8.0,9.0,12.0,0.6,0.5,7.76,8.6,12.61,10.06,8.0,3.13,12.0,0.6,0.4,0.5,-7.48,-1.17,4.83,-0.25,8.0,7.43,12.0,0.6,0.4,0.5,-5.56,3.37,8.67,2.68,8.0,7.88,12.0,0.6,0.4,0.5,1012.38,1019.5,1023.22,1017.91,8.0,6.47,12.0,0.6,0.4,0.5,1.8,5.0,8.0,4.8,6.0,3.5,12.0,0.5,0.5,0.5,-69.4,-15.0,37.2,-3.1,8.0,84.5,12.0,0.6,0.4,0.5,-42.9,34.7,87.4,42.1,8.0,101.0,12.0,0.6,0.4,0.5,-1.02,1.4,4.52,1.63,7.0,2.85,14.0,0.7,0.4,0.6,-16.6,14.4,37.0,11.3,7.0,25.6,14.0,0.7,0.4,0.6,0.5,3.56,4.83,3.08,7.0,2.1,14.0,0.7,0.4,0.6,8.0,29.9,40.3,28.1,7.0,16.3,14.0,0.7,0.4,0.6,-95.6,-23.0,64.9,-5.5,8.0,113.3,12.0,0.6,0.4,0.5,-67.7,55.6,139.5,53.1,8.0,121.6,12.0,0.6,0.4,0.5,-60.7,-11.3,40.0,-6.9,8.0,63.0,12.0,0.6,0.4,0.5,-34.0,32.0,75.1,32.9,8.0,73.4,12.0,0.6,0.4,0.5,-20.3,1.9,29.5,3.5,7.0,22.5,14.0,0.7,0.4,0.6,-35.8,3.3,9.0,-4.5,7.0,25.4,14.0,0.7,0.4,0.6,467.0,640.0,2030.0,1309.5,8.0,1405.0,12.0,0.6,0.4,0.5,465.0,640.0,2030.0,1310.0,8.0,1405.0,12.0,0.6,0.4,0.5
1974,2,186.0,35.0,14.56,15.3,16.0,15.2,8.0,0.93,14.0,0.5,0.6,0.2,12.83,14.75,15.0,13.95,8.0,2.04,14.0,0.5,0.6,0.2,6.78,8.32,10.01,8.43,8.0,1.5,14.0,0.5,0.6,0.2,76.2,87.3,93.7,84.5,8.0,11.1,14.0,0.5,0.2,6.2,9.1,16.99,10.84,8.0,6.79,14.0,0.5,0.6,0.2,-5.71,-0.88,9.26,0.96,8.0,7.88,14.0,0.5,0.6,0.2,-14.08,0.02,3.78,-4.1,8.0,9.9,14.0,0.5,0.6,0.2,1001.83,1005.6,1018.39,1007.8,8.0,8.85,14.0,0.5,0.6,0.2,2.0,4.0,7.4,4.6,5.0,2.8,18.0,0.4,0.6,0.2,-86.4,-11.8,98.8,0.8,8.0,101.6,14.0,0.5,0.6,0.2,-242.5,-2.8,23.4,-95.3,8.0,200.6,14.0,0.5,0.6,0.2,-0.44,0.5,3.14,1.25,8.0,2.14,14.0,0.5,0.6,0.2,-5.7,3.1,18.1,9.6,8.0,22.6,14.0,0.5,0.6,0.2,1.13,2.12,3.64,2.36,8.0,1.4,14.0,0.5,0.6,0.2,6.9,20.4,48.9,26.8,8.0,22.4,14.0,0.5,0.6,0.2,-90.8,-13.6,104.6,7.5,8.0,110.8,14.0,0.5,0.6,0.2,-201.2,-1.1,56.9,-53.8,8.0,140.2,14.0,0.5,0.6,0.2,-57.7,-6.6,69.1,2.9,8.0,61.9,14.0,0.5,0.6,0.2,-108.8,-0.6,28.5,-30.9,8.0,79.7,14.0,0.5,0.6,0.2,-6.6,-0.4,38.5,6.3,8.0,25.4,14.0,0.5,0.6,0.2,-30.8,0.8,5.3,-9.9,8.0,22.9,14.0,0.5,0.6,0.2,238.5,852.0,5003.0,2754.0,8.0,4253.0,14.0,0.5,0.6,0.2,240.0,850.0,5005.0,2755.0,8.0,4255.0,14.0,0.5,0.6,0.2
1974,2,186.0,36.0,13.58,14.0,14.5,13.97,6.0,0.53,12.0,0.3,0.5,0.3,11.04,13.45,15.06,13.18,6.0,1.99,12.0,0.3,0.5,0.3,5.84,7.05,9.62,7.53,6.0,2.25,12.0,0.3,0.5,0.3,68.3,74.7,92.2,78.2,6.0,14.5,12.0,0.3,0.3,12.03,13.4,14.61,13.03,6.0,2.33,12.0,0.3,0.5,0.3,-3.07,7.51,12.91,5.61,6.0,7.86,12.0,0.3,0.5,0.3,-4.08,0.45,14.24,2.69,6.0,10.05,12.0,0.3,0.5,0.3,999.82,1012.0,1017.44,1009.78,6.0,8.21,12.0,0.3,0.5,0.3,3.4,4.0,8.0,4.8,6.0,2.7,12.0,0.3,0.5,0.3,-45.3,78.9,169.3,65.8,6.0,107.2,12.0,0.3,0.5,0.3,-52.7,10.2,208.1,45.7,6.0,142.6,12.0,0.3,0.5,0.3,-0.82,0.5,2.53,0.78,6.0,1.89,12.0,0.3,0.5,0.3,-12.4,6.2,29.6,7.0,6.0,21.7,12.0,0.3,0.5,0.3,0.27,3.03,4.17,2.4,6.0,2.12,12.0,0.3,0.5,0.3,4.3,37.1,45.7,28.5,6.0,25.9,12.0,0.3,0.5,0.3,-46.0,82.4,168.4,69.1,6.0,109.4,12.0,0.3,0.5,0.3,-47.1,9.7,210.2,49.4,6.0,136.2,12.0,0.3,0.5,0.3,-31.8,41.5,88.1,32.2,6.0,60.3,12.0,0.3,0.5,0.3,-22.7,4.4,138.6,38.4,6.0,85.6,12.0,0.3,0.5,0.3,1.1,32.1,38.9,23.9,6.0,19.3,12.0,0.3,0.5,0.3,-20.5,-6.7,7.0,-10.4,6.0,21.5,12.0,0.3,0.5,0.3,1839.5,2416.0,3123.5,2379.5,6.0,1015.0,12.0,0.3,0.5,0.3,1840.0,2415.0,3125.0,2380.0,6.0,1015.0,12.0,0.3,0.5,0.3
1974,2,186.0,37.0,11.95,12.5,12.7,12.33,3.0,0.57,24.0,0.0,0.4,0.8,9.8,11.0,12.73,11.18,9.0,1.61,18.0,0.2,0.4,0.7,4.86,5.89,6.72,5.59,6.0,1.58,22.0,0.2,0.4,0.7,61.9,74.0,80.6,69.4,6.0,16.5,22.0,0.2,0.7,10.3,10.8,14.73,12.18,9.0,4.01,18.0,0.2,0.4,0.7,-8.75,0.0,9.94,1.63,9.0,10.33,18.0,0.2,0.4,0.7,-8.64,-6.94,6.1,-2.63,9.0,8.09,18.0,0.2,0.4,0.7,1004.66,1019.0,1027.25,1016.26,9.0,11.93,18.0,0.2,0.4,0.7,4.1,6.5,8.0,6.0,8.0,2.2,18.0,0.3,0.4,0.7,-91.2,0.0,123.6,38.7,9.0,175.8,18.0,0.2,0.4,0.7,-89.0,-75.0,75.1,-33.0,9.0,98.8,18.0,0.2,0.4,0.7,1.23,1.5,3.14,2.17,3.0,1.51,24.0,0.0,0.4,0.8,15.4,23.1,34.8,25.1,3.0,14.2,24.0,0.0,0.4,0.8,2.17,2.22,5.1,3.6,3.0,2.46,24.0,0.0,0.4,0.8,26.7,34.2,56.1,41.2,3.0,22.4,24.0,0.0,0.4,0.8,-103.2,0.0,125.0,12.6,9.0,112.6,18.0,0.2,0.4,0.7,-82.5,-73.6,80.7,-21.2,9.0,92.9,18.0,0.2,0.4,0.7,-63.6,-19.0,52.5,-2.4,6.0,71.8,22.0,0.2,0.4,0.7,-50.4,-33.1,-8.7,-28.6,6.0,37.9,22.0,0.2,0.4,0.7,-20.6,-17.8,17.0,-2.2,3.0,30.7,24.0,0.0,0.4,0.8,-47.5,-26.2,-18.5,-32.8,3.0,22.0,24.0,0.0,0.4,0.8,1092.5,1259.5,3246.5,2394.0,9.0,2784.0,18.0,0.2,0.4,0.7,1095.0,1260.0,3245.0,2395.0,9.0,2785.0,18.0,0.2,0.4,0.7
1974,2,186.0,38.0,11.7,13.5,14.05,13.27,7.0,1.23,14.0,0.4,0.5,0.4,10.56,12.25,13.0,12.13,8.0,1.93,14.0,0.4,0.5,0.4,6.18,6.88,7.06,6.57,8.0,0.81,14.0,0.4,0.5,0.4,67.1,74.6,82.3,74.9,8.0,7.8,14.0,0.4,0.4,8.26,9.55,12.72,10.88,8.0,4.41,14.0,0.4,0.5,0.4,-1.99,4.28,8.12,2.61,8.0,6.36,14.0,0.4,0.5,0.4,-2.45,3.94,11.92,4.72,8.0,8.99,14.0,0.4,0.5,0.4,1000.42,1012.15,1023.5,1011.78,8.0,10.54,14.0,0.4,0.5,0.4,2.4,6.5,7.9,5.8,8.0,2.4,14.0,0.4,0.5,0.4,-25.7,31.4,70.2,17.6,8.0,63.8,14.0,0.4,0.5,0.4,-14.5,37.0,152.8,81.1,8.0,155.3,14.0,0.4,0.5,0.4,-0.19,2.0,3.07,1.27,7.0,2.69,14.0,0.4,0.5,0.4,-3.8,12.9,25.9,6.0,7.0,41.2,14.0,0.4,0.5,0.4,2.55,3.06,3.62,2.95,7.0,0.9,14.0,0.4,0.5,0.4,22.8,30.2,37.9,30.2,7.0,8.4,14.0,0.4,0.5,0.4,-25.9,45.8,103.9,32.6,8.0,73.9,14.0,0.4,0.5,0.4,-28.3,49.0,153.9,70.2,8.0,124.9,14.0,0.4,0.5,0.4,-14.1,26.3,51.9,16.0,8.0,42.5,14.0,0.4,0.5,0.4,-17.1,25.4,84.2,35.8,8.0,61.8,14.0,0.4,0.5,0.4,-7.9,11.4,26.1,5.4,7.0,22.0,14.0,0.4,0.5,0.4,-9.2,15.0,23.8,9.5,7.0,22.7,14.0,0.4,0.5,0.4,563.0,873.0,2068.5,1940.5,8.0,2811.0,14.0,0.4,0.5,0.4,565.0,875.0,2070.0,1940.0,8.0,2810.0,14.0,0.4,0.5,0.4
1974,2,186.0,39.0,11.1,12.0,12.24,11.84,7.0,0.69,14.0,0.3,0.8,0.4,10.0,10.5,13.37,10.81,9.0,3.84,14.0,0.2,0.7,0.4,5.92,7.14,8.29,6.92,8.0,1.49,14.0,0.3,0.8,0.4,78.2,86.2,92.7,84.4,8.0,11.4,14.0,0.3,0.4,7.33,9.8,15.4,10.97,9.0,4.11,14.0,0.2,0.7,0.4,-6.72,4.42,11.11,3.49,9.0,8.77,14.0,0.2,0.7,0.4,-1.86,4.63,8.64,3.15,9.0,7.1,14.0,0.2,0.7,0.4,1005.11,1011.0,1021.46,1010.43,9.0,12.29,14.0,0.2,0.7,0.4,3.2,7.5,8.0,6.1,8.0,2.5,14.0,0.3,0.7,0.5,-66.1,22.5,149.7,44.4,9.0,125.7,14.0,0.2,0.7,0.4,-9.5,51.7,91.0,34.0,9.0,99.1,14.0,0.2,0.7,0.4,-2.6,-0.8,2.05,-0.34,7.0,2.67,14.0,0.3,0.8,0.4,-19.9,-9.8,24.4,2.9,7.0,28.7,14.0,0.3,0.8,0.4,0.31,1.68,2.1,1.32,7.0,1.2,14.0,0.3,0.8,0.4,2.9,19.5,31.9,17.3,7.0,15.8,14.0,0.3,0.8,0.4,-69.2,35.6,137.8,40.4,9.0,94.4,14.0,0.2,0.7,0.4,-3.7,56.4,111.3,44.2,9.0,75.9,14.0,0.2,0.7,0.4,14.0,33.8,67.3,35.7,8.0,53.5,14.0,0.3,0.8,0.4,2.7,41.4,74.3,38.5,8.0,32.6,14.0,0.3,0.8,0.4,-3.0,1.4,26.5,8.9,7.0,19.0,14.0,0.3,0.8,0.4,-0.1,3.8,13.4,7.4,7.0,9.0,14.0,0.3,0.8,0.4,395.5,941.0,3652.5,1818.5,9.0,1675.5,14.0,0.2,0.7,0.4,395.0,940.0,3650.0,1820.0,9.0,1675.0,14.0,0.2,0.7,0.4
1974,2,186.0,40.0,12.0,12.0,12.0,12.0,1.0,0.0,18.0,1.0,0.1,0.9,9.32,10.0,10.68,10.0,3.0,1.0,10.0,0.3,0.4,0.6,5.84,5.84,5.84,5.84,1.0,0.0,18.0,1.0,0.1,0.9,76.2,76.2,76.2,76.2,1.0,0.0,18.0,1.0,0.9,12.49,12.9,17.41,14.9,3.0,3.99,10.0,0.3,0.4,0.6,12.3,12.7,16.54,14.38,3.0,3.43,10.0,0.3,0.4,0.6,-0.85,2.14,5.23,2.19,3.0,4.45,10.0,0.3,0.4,0.6,998.17,1000.7,1002.27,1000.23,3.0,3.03,10.0,0.3,0.4,0.6,3.3,6.0,6.0,4.7,3.0,2.3,10.0,0.3,0.4,0.6,153.7,163.9,295.9,223.4,3.0,116.2,10.0,0.3,0.4,0.6,-11.4,26.3,97.1,42.5,3.0,80.7,10.0,0.3,0.4,0.6,2.0,2.0,2.0,2.0,1.0,0.0,18.0,1.0,0.1,0.9,39.0,39.0,39.0,39.0,1.0,0.0,18.0,1.0,0.1,0.9,2.93,2.93,2.93,2.93,1.0,0.0,18.0,1.0,0.1,0.9,57.2,57.2,57.2,57.2,1.0,0.0,18.0,1.0,0.1,0.9,120.3,133.2,167.4,143.6,3.0,35.6,10.0,0.3,0.4,0.6,-6.3,23.5,53.0,23.3,3.0,43.4,10.0,0.3,0.4,0.6,107.1,107.1,107.1,107.1,1.0,0.0,18.0,1.0,0.1,0.9,39.0,39.0,39.0,39.0,1.0,0.0,18.0,1.0,0.1,0.9,53.8,53.8,53.8,53.8,1.0,0.0,18.0,1.0,0.1,0.9,19.6,19.6,19.6,19.6,1.0,0.0,18.0,1.0,0.1,0.9,1951.5,2146.5,5743.0,3807.5,3.0,3127.5,10.0,0.3,0.4,0.6,1950.0,2145.0,5745.0,3805.0,3.0,3125.0,10.0,0.3,0.4,0.6
1974,2,186.0,41.0,9.79,11.5,11.64,10.73,3.0,1.5,22.0,0.3,0.8,0.6,7.43,9.0,9.08,8.37,6.0,1.28,18.0,0.5,0.8,0.5,4.49,5.95,6.06,5.35,5.0,1.04,22.0,0.6,0.8,0.4,63.9,86.7,88.1,77.3,5.0,16.0,22.0,0.6,0.4,3.6,8.5,12.42,8.23,6.0,4.07,18.0,0.5,0.8,0.5,-6.6,-1.99,8.78,0.14,6.0,8.24,18.0,0.5,0.8,0.5,-3.71,-1.16,5.45,0.53,6.0,5.44,18.0,0.5,0.8,0.5,997.25,1028.05,1034.91,1019.25,6.0,20.06,18.0,0.5,0.8,0.5,6.0,7.0,8.0,6.5,6.0,2.3,18.0,0.5,0.8,0.5,-53.9,-7.2,109.5,17.9,6.0,91.3,18.0,0.5,0.8,0.5,-17.5,-4.2,69.1,19.0,6.0,56.9,18.0,0.5,0.8,0.5,0.73,2.3,2.44,1.6,3.0,1.39,22.0,0.3,0.8,0.6,2.9,9.0,17.5,10.1,3.0,10.7,22.0,0.3,0.8,0.6,1.31,2.2,3.87,2.58,3.0,1.9,22.0,0.3,0.8,0.6,4.7,7.9,32.0,18.1,3.0,21.8,22.0,0.3,0.8,0.6,-60.2,-18.0,64.0,-7.0,6.0,63.2,18.0,0.5,0.8,0.5,-33.4,-10.4,36.2,0.7,6.0,43.5,18.0,0.5,0.8,0.5,-31.1,-16.9,12.5,-8.2,5.0,32.6,22.0,0.6,0.8,0.4,-21.9,-14.2,20.5,-0.6,5.0,33.0,22.0,0.6,0.8,0.4,-30.3,-2.7,-2.5,-16.1,3.0,23.4,22.0,0.3,0.8,0.6,-5.7,-2.1,-0.7,-3.2,3.0,3.8,22.0,0.3,0.8,0.6,46.5,630.5,1920.0,893.5,6.0,910.0,18.0,0.5,0.8,0.5,45.0,630.0,1920.0,895.0,6.0,910.0,18.0,0.5,0.8,0.5
1974,2,186.0,42.0,8.69,10.9,11.8,10.28,4.0,2.04,22.0,0.3,0.7,0.7,6.27,8.5,9.62,8.27,6.0,2.39,16.0,0.2,0.7,0.6,4.35,4.7,4.84,4.6,4.0,0.33,22.0,0.3,0.7,0.7,63.5,67.7,74.7,69.0,4.0,7.7,22.0,0.3,0.7,6.2,11.85,20.7,12.97,6.0,6.74,16.0,0.2,0.7,0.6,-5.07,4.58,20.7,6.63,6.0,13.29,16.0,0.2,0.7,0.6,0.0,1.99,4.71,2.58,6.0,3.1,16.0,0.2,0.7,0.6,997.59,1001.0,1035.0,1013.1,5.0,20.07,18.0,0.2,0.7,0.6,1.0,4.0,7.2,4.2,6.0,3.0,16.0,0.2,0.7,0.6,-36.1,81.9,428.7,157.0,6.0,233.8,16.0,0.2,0.7,0.6,0.0,12.4,34.8,20.5,6.0,28.7,16.0,0.2,0.7,0.6,1.07,2.8,3.11,2.13,4.0,1.77,22.0,0.3,0.7,0.7,2.9,17.4,45.8,24.0,4.0,34.4,22.0,0.3,0.7,0.7,2.61,3.21,3.69,3.16,4.0,0.65,22.0,0.3,0.7,0.7,22.8,36.5,55.1,38.8,4.0,19.0,22.0,0.3,0.7,0.7,-42.7,53.9,165.2,59.0,6.0,107.8,16.0,0.2,0.7,0.6,0.0,17.9,36.2,18.2,6.0,20.0,16.0,0.2,0.7,0.6,-22.4,31.7,94.2,35.7,4.0,67.4,22.0,0.3,0.7,0.7,0.0,9.1,18.8,9.4,4.0,10.8,22.0,0.3,0.7,0.7,-17.5,16.2,55.1,18.6,4.0,42.0,22.0,0.3,0.7,0.7,0.0,7.1,14.7,7.4,4.0,8.5,22.0,0.3,0.7,0.7,238.5,1813.5,8876.5,3706.5,6.0,4253.0,16.0,0.2,0.7,0.6,240.0,1815.0,8875.0,3705.0,6.0,4255.0,16.0,0.2,0.7,0.6
1974,2,186.0,43.0,7.95,9.0,10.07,9.11,7.0,1.51,16.0,0.1,0.5,0.5,6.0,8.0,9.0,7.76,7.0,1.32,16.0,0.1,0.5,0.5,4.22,5.94,6.71,5.6,7.0,1.11,16.0,0.1,0.5,0.5,72.1,85.8,95.0,84.2,7.0,11.7,16.0,0.1,0.5,5.1,10.3,17.6,11.67,7.0,5.98,16.0,0.1,0.5,0.5,-3.96,6.28,10.63,4.22,7.0,8.58,16.0,0.1,0.5,0.5,-3.37,0.0,12.59,4.22,7.0,8.91,16.0,0.1,0.5,0.5,992.71,1000.0,1010.09,1002.5,7.0,14.87,16.0,0.1,0.5,0.5,2.0,6.0,7.0,5.1,7.0,2.5,16.0,0.1,0.5,0.5,-27.9,51.5,171.3,70.2,7.0,129.8,16.0,0.1,0.5,0.5,-18.0,0.0,204.6,82.7,7.0,151.4,16.0,0.1,0.5,0.5,-1.04,1.5,4.0,1.36,7.0,2.31,16.0,0.1,0.5,0.5,-9.5,7.7,34.6,16.7,7.0,29.2,16.0,0.1,0.5,0.5,0.11,2.19,2.79,1.66,7.0,1.48,16.0,0.1,0.5,0.5,2.5,14.0,29.1,18.1,7.0,16.6,16.0,0.1,0.5,0.5,-34.6,37.7,93.2,29.5,7.0,62.4,16.0,0.1,0.5,0.5,-29.0,0.0,112.4,37.6,7.0,72.2,16.0,0.1,0.5,0.5,-23.1,26.4,62.4,22.2,7.0,46.5,16.0,0.1,0.5,0.5,-22.0,0.0,75.5,28.7,7.0,56.6,16.0,0.1,0.5,0.5,-1.1,9.0,22.8,11.8,7.0,19.6,16.0,0.1,0.5,0.5,-0.9,1.5,10.9,1.6,7.0,10.4,16.0,0.1,0.5,0.5,132.5,1092.5,5457.5,2683.0,7.0,2933.5,16.0,0.1,0.5,0.5,135.0,1095.0,5460.0,2685.0,7.0,2935.0,16.0,0.1,0.5,0.5
1974,2,186.0,44.0,7.11,7.35,7.59,7.35,2.0,0.49,18.0,0.5,0.4,0.5,4.58,4.75,4.92,4.75,2.0,0.35,18.0,0.5,0.4,0.5,3.26,3.26,3.26,3.26,1.0,0.0,10.0,0.0,0.3,0.9,61.0,61.0,61.0,61.0,1.0,0.0,10.0,0.0,0.9,8.43,10.0,11.57,10.0,2.0,3.25,18.0,0.5,0.4,0.5,-10.35,-6.15,-1.95,-6.15,2.0,8.7,18.0,0.5,0.4,0.5,1.22,3.85,6.48,3.85,2.0,5.44,18.0,0.5,0.4,0.5,1023.35,1026.25,1029.15,1026.25,2.0,6.01,18.0,0.5,0.4,0.5,8.0,8.0,8.0,8.0,1.0,0.0,24.0,1.0,0.4,0.2,-127.3,-75.6,-24.0,-75.6,2.0,107.0,18.0,0.5,0.4,0.5,9.4,29.6,49.9,29.6,2.0,41.9,18.0,0.5,0.4,0.5,2.53,2.6,2.67,2.6,2.0,0.14,18.0,0.5,0.4,0.5,22.4,25.8,29.2,25.8,2.0,7.0,18.0,0.5,0.4,0.5,3.19,3.19,3.19,3.19,1.0,0.0,10.0,0.0,0.3,0.9,24.6,24.6,24.6,24.6,1.0,0.0,10.0,0.0,0.3,0.9,-46.6,-27.7,-8.8,-27.7,2.0,39.1,18.0,0.5,0.4,0.5,6.1,19.3,32.4,19.3,2.0,27.2,18.0,0.5,0.4,0.5,0.0,0.0,0.0,0.0,1.0,0.0,10.0,0.0,0.3,0.9,25.1,25.1,25.1,25.1,1.0,0.0,10.0,0.0,0.3,0.9,0.0,0.0,0.0,0.0,1.0,0.0,10.0,0.0,0.3,0.9,24.6,24.6,24.6,24.6,1.0,0.0,10.0,0.0,0.3,0.9,679.5,1158.5,1638.0,1158.5,2.0,993.0,18.0,0.5,0.4,0.5,680.0,1160.0,1640.0,1160.0,2.0,995.0,18.0,0.5,0.4,0.5
1974,2,186.0,45.0,5.09,5.9,7.37,6.0,6.0,1.56,14.0,0.3,0.7,0.6,4.4,6.45,7.56,6.12,6.0,1.59,14.0,0.3,0.7,0.6,4.69,5.27,5.76,5.21,5.0,0.63,16.0,0.2,0.6,0.7,85.6,87.0,88.5,87.2,5.0,2.2,16.0,0.2,0.7,5.37,7.2,10.51,7.63,6.0,2.74,14.0,0.3,0.7,0.6,2.68,5.85,9.27,6.02,6.0,3.33,14.0,0.3,0.7,0.6,-4.09,-0.1,4.99,0.18,6.0,4.77,14.0,0.3,0.7,0.6,996.33,1003.7,1032.1,1008.45,6.0,23.26,14.0,0.3,0.7,0.6,5.4,8.0,8.0,6.8,6.0,2.0,14.0,0.3,0.7,0.6,14.6,42.1,97.7,53.5,6.0,43.8,14.0,0.3,0.7,0.6,-31.3,3.9,41.2,4.5,6.0,38.9,14.0,0.3,0.7,0.6,-2.47,-0.85,2.97,-0.12,6.0,2.9,14.0,0.3,0.7,0.6,-14.9,-8.0,24.4,1.0,6.0,20.6,14.0,0.3,0.7,0.6,-0.19,0.04,1.24,0.5,5.0,1.13,16.0,0.2,0.6,0.7,-0.8,0.4,7.4,3.2,5.0,6.2,16.0,0.2,0.6,0.7,13.7,40.1,51.7,36.8,6.0,21.3,14.0,0.3,0.7,0.6,-20.8,1.2,38.6,5.8,6.0,29.9,14.0,0.3,0.7,0.6,11.7,28.5,40.5,27.5,5.0,17.1,16.0,0.2,0.6,0.7,-19.6,16.4,28.9,7.0,5.0,25.2,16.0,0.2,0.6,0.7,-0.4,0.4,4.6,1.9,5.0,3.2,16.0,0.2,0.6,0.7,-4.3,0.2,1.9,-1.6,5.0,5.8,16.0,0.2,0.6,0.7,161.0,378.5,1165.0,591.0,6.0,551.0,14.0,0.3,0.7,0.6,160.0,380.0,1165.0,590.0,6.0,550.0,14.0,0.3,0.7,0.6
1974,2,186.0,46.0,4.98,5.0,6.17,5.59,7.0,1.03,8.0,0.3,0.7,0.5,2.86,3.7,5.1,3.74,7.0,2.12,8.0,0.3,0.7,0.5,3.32,4.5,4.75,4.05,7.0,0.89,8.0,0.3,0.7,0.5,69.0,77.9,88.9,79.4,7.0,10.7,8.0,0.3,0.5,10.68,15.4,20.12,15.57,7.0,4.83,8.0,0.3,0.7,0.5,-1.92,10.8,14.38,6.14,7.0,10.78,8.0,0.3,0.7,0.5,-8.67,0.0,10.16,-1.08,7.0,12.02,8.0,0.3,0.7,0.5,982.95,988.0,1011.46,996.93,7.0,18.06,8.0,0.3,0.7,0.5,5.9,7.0,8.0,6.9,7.0,1.5,8.0,0.3,0.7,0.5,-19.8,116.6,264.4,106.4,7.0,184.6,8.0,0.3,0.7,0.5,-144.1,0.0,160.0,-17.5,7.0,230.8,8.0,0.3,0.7,0.5,0.48,2.0,2.69,1.84,7.0,1.52,8.0,0.3,0.7,0.5,5.1,36.9,41.4,26.6,7.0,18.1,8.0,0.3,0.7,0.5,1.05,1.52,2.48,1.68,7.0,0.72,8.0,0.3,0.7,0.5,18.8,22.5,30.8,24.2,7.0,8.1,8.0,0.3,0.7,0.5,-2.8,49.6,68.2,26.5,7.0,48.3,8.0,0.3,0.7,0.5,-26.5,0.0,50.1,4.8,7.0,42.0,8.0,0.3,0.7,0.5,-5.9,47.8,53.5,25.0,7.0,47.0,8.0,0.3,0.7,0.5,-33.0,0.0,47.7,-3.5,7.0,51.5,8.0,0.3,0.7,0.5,-4.1,19.1,27.2,12.6,7.0,16.7,8.0,0.3,0.7,0.5,-21.9,0.0,7.9,-2.5,7.0,16.7,8.0,0.3,0.7,0.5,1226.0,3652.5,8150.5,4675.0,7.0,3378.5,8.0,0.3,0.7,0.5,1225.0,3650.0,8150.0,4675.0,7.0,3380.0,8.0,0.3,0.7,0.5
1974,2,186.0,47.0,2.67,4.75,6.05,4.38,4.0,2.5,10.0,0.3,0.6,0.5,1.4,4.0,6.0,3.6,5.0,2.72,14.0,0.2,0.5,0.5,3.21,4.07,5.23,4.21,4.0,1.2,10.0,0.3,0.6,0.5,74.5,86.0,92.2,83.5,4.0,11.3,10.0,0.3,0.5,7.15,10.3,11.25,9.48,5.0,2.6,14.0,0.2,0.5,0.5,-3.1,0.0,5.21,1.03,5.0,5.64,14.0,0.2,0.5,0.5,-5.94,3.1,9.3,1.91,5.0,9.02,14.0,0.2,0.5,0.5,980.04,1005.8,1021.92,1002.9,5.0,24.03,14.0,0.2,0.5,0.5,3.6,7.0,7.0,5.6,5.0,1.9,14.0,0.2,0.5,0.5,-23.9,0.0,49.3,13.7,5.0,52.1,14.0,0.2,0.5,0.5,-61.2,19.2,96.1,20.1,5.0,101.7,14.0,0.2,0.5,0.5,-3.33,1.5,5.02,0.88,4.0,4.99,10.0,0.3,0.6,0.5,-39.3,17.4,51.7,6.7,4.0,56.2,10.0,0.3,0.6,0.5,-0.47,1.31,2.63,1.09,4.0,1.96,10.0,0.3,0.6,0.5,-7.4,12.8,27.1,10.0,4.0,21.9,10.0,0.3,0.6,0.5,-7.8,0.9,18.9,3.9,5.0,17.5,14.0,0.2,0.5,0.5,0.0,12.4,55.8,25.9,5.0,34.6,14.0,0.2,0.5,0.5,-3.1,6.4,21.9,9.3,4.0,16.0,10.0,0.3,0.6,0.5,-22.8,12.0,54.5,15.7,4.0,47.3,10.0,0.3,0.6,0.5,-2.0,0.7,16.5,7.0,4.0,15.7,10.0,0.3,0.6,0.5,-19.6,-14.4,-3.2,-11.5,4.0,11.1,10.0,0.3,0.6,0.5,377.0,1092.5,1477.5,1005.5,5.0,743.0,14.0,0.2,0.5,0.5,375.0,1095.0,1480.0,1005.0,5.0,745.0,14.0,0.2,0.5,0.5
1974,2,186.0,48.0,2.78,5.0,6.1,4.33,6.0,2.36,20.0,0.7,0.7,0.4,3.5,4.5,6.23,4.85,6.0,1.43,20.0,0.7,0.7,0.4,4.08,4.85,5.53,4.81,6.0,0.85,20.0,0.7,0.7,0.4,83.3,89.2,94.7,89.0,6.0,8.0,20.0,0.7,0.4,5.1,7.7,13.92,11.38,6.0,11.18,20.0,0.7,0.7,0.4,-8.32,1.8,5.34,-1.94,6.0,10.55,20.0,0.7,0.7,0.4,-1.29,3.51,12.28,5.92,6.0,11.08,20.0,0.7,0.7,0.4,997.76,1002.95,1032.02,1010.57,6.0,17.58,20.0,0.7,0.7,0.4,7.3,8.0,8.0,7.7,3.0,0.6,22.0,0.7,0.7,0.3,-172.8,13.0,31.3,-110.7,6.0,310.9,20.0,0.7,0.7,0.4,-9.3,26.1,242.9,161.4,6.0,357.1,20.0,0.7,0.7,0.4,-3.45,1.5,1.6,-0.52,6.0,3.63,20.0,0.7,0.7,0.4,-46.3,9.2,13.7,-12.2,6.0,40.6,20.0,0.7,0.7,0.4,-0.85,1.04,1.37,0.4,6.0,1.42,20.0,0.7,0.7,0.4,-12.0,7.4,9.8,1.1,6.0,12.4,20.0,0.7,0.7,0.4,-40.4,8.1,29.9,-11.2,6.0,61.8,20.0,0.7,0.7,0.4,-5.8,14.9,56.4,31.4,6.0,64.5,20.0,0.7,0.7,0.4,-38.6,7.9,30.5,-9.6,6.0,56.9,20.0,0.7,0.7,0.4,-5.6,17.2,58.2,30.9,6.0,58.9,20.0,0.7,0.7,0.4,-8.3,2.3,6.4,0.6,6.0,8.4,20.0,0.7,0.7,0.4,-9.4,1.4,5.6,-0.7,6.0,9.1,20.0,0.7,0.7,0.4,132.5,462.5,8639.0,6858.5,6.0,15896.5,20.0,0.7,0.7,0.4,135.0,460.0,8640.0,6860.0,6.0,15895.0,20.0,0.7,0.7,0.4
1974,2,186.0,49.0,3.82,4.2,5.41,4.64,5.0,1.37,16.0,0.4,0.7,0.5,1.38,2.0,3.91,2.62,5.0,1.77,16.0,0.4,0.7,0.5,3.58,4.03,4.63,4.11,5.0,0.68,16.0,0.4,0.7,0.5,86.3,92.6,93.1,89.5,5.0,7.0,16.0,0.4,0.5,10.02,13.6,19.28,14.3,6.0,6.52,14.0,0.5,0.7,0.5,-13.88,7.77,12.4,1.38,6.0,15.2,14.0,0.5,0.7,0.5,-2.08,1.02,9.42,3.27,6.0,6.47,14.0,0.5,0.7,0.5,1005.26,1012.1,1021.32,1013.17,6.0,8.98,14.0,0.5,0.7,0.5,5.6,7.0,8.0,6.8,5.0,1.3,10.0,0.6,0.6,0.5,-278.9,74.1,157.8,-39.3,6.0,292.7,14.0,0.5,0.7,0.5,-14.9,12.1,210.2,72.9,6.0,119.2,14.0,0.5,0.7,0.5,1.13,2.5,2.75,2.02,5.0,1.01,16.0,0.4,0.7,0.5,11.4,17.7,45.2,28.3,5.0,25.9,16.0,0.4,0.7,0.5,0.82,1.14,1.51,1.16,5.0,0.5,16.0,0.4,0.7,0.5,7.7,11.9,24.9,15.9,5.0,10.5,16.0,0.4,0.7,0.5,-27.1,8.8,34.6,6.6,5.0,38.7,16.0,0.4,0.7,0.5,-3.9,8.3,22.3,10.5,5.0,18.6,16.0,0.4,0.7,0.5,-63.0,17.8,45.0,-4.3,5.0,60.9,16.0,0.4,0.7,0.5,-7.9,10.5,41.6,16.9,5.0,29.1,16.0,0.4,0.7,0.5,-14.5,5.0,15.0,0.4,5.0,19.4,16.0,0.4,0.7,0.5,-3.2,2.1,8.3,2.6,5.0,6.2,16.0,0.4,0.7,0.5,1172.5,2647.5,7554.5,4479.0,6.0,5150.5,14.0,0.5,0.7,0.5,1170.0,2650.0,7555.0,4480.0,6.0,5150.0,14.0,0.5,0.7,0.5
1974,2,186.0,50.0,3.11,4.75,5.18,4.21,8.0,2.05,12.0,0.5,0.4,0.4,-0.57,3.0,4.17,2.32,10.0,2.2,12.0,0.4,0.5,0.4,3.3,4.02,4.74,4.04,8.0,0.69,12.0,0.5,0.5,0.4,70.6,85.9,97.3,84.9,8.0,12.0,12.0,0.5,0.4,4.53,10.8,16.1,10.59,10.0,5.45,12.0,0.4,0.5,0.4,-7.97,0.16,7.95,-0.9,10.0,8.97,12.0,0.4,0.5,0.4,-12.89,-2.62,2.27,-4.31,10.0,7.23,12.0,0.4,0.5,0.4,987.14,996.75,1014.86,1000.61,10.0,15.47,12.0,0.4,0.5,0.4,7.3,8.0,8.0,7.7,9.0,0.7,10.0,0.4,0.5,0.4,-114.1,1.0,81.2,-27.1,10.0,129.4,12.0,0.4,0.5,0.4,-192.1,-13.0,15.2,-67.7,10.0,112.3,12.0,0.4,0.5,0.4,0.91,1.55,3.89,1.81,8.0,2.3,12.0,0.5,0.4,0.4,4.5,9.8,58.6,24.0,8.0,40.1,12.0,0.5,0.4,0.4,0.69,1.47,2.15,1.31,7.0,0.7,12.0,0.6,0.5,0.4,5.9,8.8,27.4,13.7,7.0,11.5,12.0,0.6,0.5,0.4,-12.1,8.3,33.5,10.2,10.0,23.9,12.0,0.4,0.5,0.4,-20.3,1.1,9.0,-4.5,10.0,17.9,12.0,0.4,0.5,0.4,-29.5,1.8,44.7,1.5,8.0,39.3,12.0,0.5,0.5,0.4,-33.5,-7.3,10.0,-10.4,8.0,25.6,12.0,0.5,0.5,0.4,-11.9,-5.7,4.8,-5.1,7.0,11.7,12.0,0.6,0.5,0.4,-9.1,-4.7,3.0,-6.2,7.0,11.7,12.0,0.6,0.5,0.4,96.0,1268.0,4225.5,2040.5,10.0,2154.0,12.0,0.4,0.5,0.4,95.0,1270.0,4225.0,2040.0,10.0,2155.0,12.0,0.4,0.5,0.4
1974,2,186.0,51.0,2.7,3.0,4.37,3.32,9.0,1.2,18.0,0.2,0.6,0.5,-3.23,1.5,3.97,0.71,9.0,3.35,18.0,0.2,0.6,0.5,2.8,3.28,4.47,3.54,8.0,0.86,16.0,0.3,0.7,0.5,84.1,90.0,91.6,89.7,8.0,5.5,16.0,0.3,0.5,6.2,10.3,15.73,10.47,9.0,4.65,18.0,0.2,0.6,0.5,0.0,1.96,7.72,3.42,9.0,6.11,18.0,0.2,0.6,0.5,-10.91,-5.83,4.53,-4.78,9.0,8.29,18.0,0.2,0.6,0.5,994.85,1017.0,1026.94,1013.37,9.0,16.44,18.0,0.2,0.6,0.5,2.8,7.0,8.0,5.8,9.0,2.9,18.0,0.2,0.6,0.5,0.0,13.1,99.8,53.4,9.0,97.1,18.0,0.2,0.6,0.5,-120.4,-36.1,28.1,-59.0,9.0,119.0,18.0,0.2,0.6,0.5,-0.73,2.5,5.96,2.61,9.0,3.09,18.0,0.2,0.6,0.5,-10.8,14.3,45.9,19.1,9.0,27.0,18.0,0.2,0.6,0.5,0.59,1.36,1.93,1.3,8.0,0.73,16.0,0.3,0.7,0.5,6.6,10.6,16.2,11.0,8.0,6.2,16.0,0.3,0.7,0.5,-7.1,0.0,30.6,10.7,9.0,25.8,18.0,0.2,0.6,0.5,-9.0,9.3,28.8,3.1,9.0,35.1,18.0,0.2,0.6,0.5,0.0,2.5,14.0,7.0,8.0,16.2,16.0,0.3,0.7,0.5,-31.7,-20.7,17.2,-18.3,8.0,36.3,16.0,0.3,0.7,0.5,0.0,0.3,2.7,0.7,8.0,2.3,16.0,0.3,0.7,0.5,-15.9,-10.2,-0.2,-8.9,8.0,8.9,16.0,0.3,0.7,0.5,238.5,1092.5,4090.0,1797.5,9.0,2124.5,18.0,0.2,0.6,0.5,240.0,1095.0,4090.0,1795.0,9.0,2125.0,18.0,0.2,0.6,0.5
1974,2,186.0,52.0,1.9,3.0,4.21,3.08,6.0,1.28,20.0,0.2,0.4,0.6,-0.05,2.0,3.12,1.93,7.0,2.09,20.0,0.1,0.4,0.6,3.4,3.72,4.95,4.16,3.0,1.2,14.0,0.0,0.6,0.5,84.4,86.4,95.7,90.0,3.0,8.8,14.0,0.0,0.5,6.0,8.7,13.14,8.99,7.0,4.49,20.0,0.1,0.4,0.6,-5.5,5.9,7.98,2.41,7.0,6.69,20.0,0.1,0.4,0.6,-3.19,1.51,11.38,3.08,7.0,7.2,20.0,0.1,0.4,0.6,1016.76,1021.2,1029.65,1020.86,7.0,14.78,20.0,0.1,0.4,0.6,7.8,8.0,8.0,7.4,7.0,1.5,20.0,0.1,0.4,0.6,-35.3,45.4,86.5,32.2,7.0,70.9,20.0,0.1,0.4,0.6,-20.1,13.1,149.8,51.6,7.0,95.4,20.0,0.1,0.4,0.6,0.07,1.5,3.02,1.33,6.0,2.79,20.0,0.2,0.4,0.6,8.8,15.5,22.2,16.5,6.0,17.2,20.0,0.2,0.4,0.6,-0.38,1.42,1.9,0.78,3.0,1.76,14.0,0.0,0.6,0.5,1.7,10.9,16.9,9.4,3.0,11.2,14.0,0.0,0.6,0.5,5.1,11.8,16.4,11.3,7.0,8.3,20.0,0.1,0.4,0.6,-8.9,3.1,22.8,5.6,7.0,14.5,20.0,0.1,0.4,0.6,-15.5,7.5,17.3,1.1,3.0,24.7,14.0,0.0,0.6,0.5,-15.4,-8.9,7.5,-4.1,3.0,17.3,14.0,0.0,0.6,0.5,-12.2,-1.6,5.2,-3.5,3.0,12.8,14.0,0.0,0.6,0.5,-4.2,1.9,7.4,1.6,3.0,8.4,14.0,0.0,0.6,0.5,227.5,658.5,2284.0,1197.5,7.0,1431.0,20.0,0.1,0.4,0.6,225.0,660.0,2285.0,1200.0,7.0,1430.0,20.0,0.1,0.4,0.6
1974,2,186.0,53.0,3.0,4.0,5.0,4.05,10.0,0.83,10.0,0.6,0.6,0.6,0.62,3.0,4.43,2.27,12.0,2.86,10.0,0.6,0.6,0.6,2.54,3.77,4.93,3.69,10.0,1.29,8.0,0.6,0.6,0.6,63.1,86.8,93.0,79.8,10.0,19.4,8.0,0.6,0.6,7.32,10.8,15.81,11.38,12.0,4.78,10.0,0.6,0.6,0.6,-10.27,-7.0,8.72,-2.11,12.0,10.92,10.0,0.6,0.6,0.6,-8.37,-5.05,0.27,-3.92,12.0,4.81,10.0,0.6,0.6,0.6,985.42,991.75,1009.91,994.48,12.0,12.53,10.0,0.6,0.6,0.6,5.0,8.0,8.0,6.8,11.0,1.7,8.0,0.6,0.6,0.7,-130.0,-59.6,107.4,-7.4,12.0,172.8,10.0,0.6,0.6,0.6,-118.0,-45.6,1.7,-46.3,12.0,65.9,10.0,0.6,0.6,0.6,-1.01,1.25,4.43,2.03,10.0,3.25,10.0,0.6,0.6,0.6,-3.5,12.9,47.3,21.7,10.0,34.6,10.0,0.6,0.6,0.6,0.03,1.58,3.14,1.66,8.0,1.38,8.0,0.6,0.6,0.6,0.0,15.4,35.7,18.4,8.0,18.2,8.0,0.6,0.6,0.6,-24.8,-0.1,50.5,10.0,12.0,44.7,10.0,0.6,0.6,0.6,-17.8,-4.3,6.8,-3.8,12.0,17.0,10.0,0.6,0.6,0.6,-33.2,-17.2,63.3,5.4,10.0,49.8,8.0,0.6,0.6,0.6,-31.2,-13.3,2.4,-14.3,10.0,18.0,8.0,0.6,0.6,0.6,-27.6,-12.8,-1.2,-15.2,8.0,16.6,8.0,0.6,0.6,0.6,-14.9,0.4,1.7,-3.7,8.0,12.7,8.0,0.6,0.6,0.6,401.0,1268.0,3973.0,2172.5,12.0,2212.5,10.0,0.6,0.6,0.6,400.0,1270.0,3975.0,2175.0,12.0,2215.0,10.0,0.6,0.6,0.6
1974,2,186.0,54.0,1.69,3.25,3.81,2.92,6.0,1.53,10.0,0.5,0.6,0.3,-4.05,2.0,3.12,-0.06,7.0,3.53,14.0,0.4,0.6,0.3,3.11,3.62,4.3,3.69,5.0,0.73,14.0,0.6,0.5,0.3,88.7,92.5,100.0,93.6,5.0,6.9,14.0,0.6,0.3,5.76,10.3,12.9,9.54,8.0,3.4,12.0,0.5,0.6,0.3,-11.81,-5.6,6.36,-3.43,8.0,9.07,12.0,0.5,0.6,0.3,-4.88,-3.33,0.96,-1.98,8.0,3.91,12.0,0.5,0.6,0.3,980.93,1001.5,1030.94,1004.31,8.0,22.12,12.0,0.5,0.6,0.3,5.8,7.5,8.0,7.0,6.0,1.3,12.0,0.7,0.5,0.3,-150.2,-31.9,63.6,-32.1,8.0,110.5,12.0,0.5,0.6,0.3,-56.9,-28.5,5.9,-21.0,8.0,41.1,12.0,0.5,0.6,0.3,-0.87,0.4,3.14,1.18,5.0,2.91,12.0,0.4,0.5,0.4,-8.7,4.3,33.7,13.7,5.0,37.2,12.0,0.4,0.5,0.4,0.24,0.57,1.21,0.72,4.0,0.62,16.0,0.5,0.4,0.3,2.2,4.2,12.7,7.3,4.0,8.4,16.0,0.5,0.4,0.3,-29.4,-5.7,26.5,1.2,7.0,32.1,14.0,0.4,0.6,0.3,-4.7,8.8,18.3,8.6,7.0,14.5,14.0,0.4,0.6,0.3,-35.9,-23.8,9.4,-12.6,5.0,34.5,14.0,0.6,0.5,0.3,-16.7,-12.2,-5.1,-11.0,5.0,7.6,14.0,0.6,0.5,0.3,-10.9,-1.8,1.3,-4.6,4.0,9.6,16.0,0.5,0.4,0.3,-5.6,-2.5,-0.3,-2.9,4.0,3.2,16.0,0.5,0.4,0.3,191.0,1100.5,2146.5,1149.5,8.0,913.0,12.0,0.5,0.6,0.3,190.0,1100.0,2145.0,1150.0,8.0,915.0,12.0,0.5,0.6,0.3
1974,2,186.0,55.0,,,,,,,,,,,,,,,,,,,,,,,,,,,,,,,,,,,,,,,,14.22,14.9,15.58,14.9,2.0,1.41,24.0,0.5,0.8,0.4,-8.96,-5.32,-1.69,-5.32,2.0,7.53,24.0,0.5,0.8,0.4,10.04,12.42,14.79,12.42,2.0,4.93,24.0,0.5,0.8,0.4,1026.09,1029.95,1033.81,1029.95,2.0,7.99,24.0,0.5,0.8,0.4,,,,,,,,,,,,,,,,,,,,,,,,,,,,,,,,,,,,,,,,,,,,,,,,,,,,,,,,,,,,,,,,,,,,,,,,,,,,,,,,,,,,,,,,,,,,,,,,,,,,,,,,,,,,,,,,,,,,,,,,,,,,,,,,,,,,,,,,,,,,,,,,,,,,,,
1974,2,186.0,56.0,,,,,,,,,,,,,,,,,,,,,,,,,,,,,,,,,,,,,,,,3.1,7.2,9.0,6.49,7.0,2.73,16.0,0.1,0.7,0.8,-6.85,0.0,1.09,-1.78,7.0,4.07,16.0,0.1,0.7,0.8,-9.0,-3.1,-2.89,-4.89,7.0,2.89,16.0,0.1,0.7,0.8,994.51,1021.85,1027.26,1015.72,6.0,17.64,16.0,0.2,0.7,0.8,,,,,,,,,,,,,,,,,,,,,,,,,,,,,,,,,,,,,,,,,,,,,,,,,,,,,,,,,,,,,,,,,,,,,,,,,,,,,,,,,,,,,,,,,,,,,,,,,,,,,,,,,,,,,,,,,,,,,,,,,,,,,,,,,,,,,,,,,,,,,,,,,,,,,,
1974,2,186.0,57.0,,,,,,,,,,,,,,,,,,,,,,,,,,,,,,,,,,,,,,,,5.1,7.6,11.8,8.42,26.0,3.45,20.0,0.2,0.5,0.4,-3.61,0.0,5.96,0.92,26.0,5.76,20.0,0.2,0.5,0.4,-8.74,-5.8,3.5,-3.88,26.0,6.0,20.0,0.2,0.5,0.4,1009.41,1020.8,1037.1,1021.54,24.0,14.03,20.0,0.2,0.5,0.4,,,,,,,,,,,,,,,,,,,,,,,,,,,,,,,,,,,,,,,,,,,,,,,,,,,,,,,,,,,,,,,,,,,,,,,,,,,,,,,,,,,,,,,,,,,,,,,,,,,,,,,,,,,,,,,,,,,,,,,,,,,,,,,,,,,,,,,,,,,,,,,,,,,,,,
1974,2,186.0,58.0,,,,,,,,,,,,,,,,,,,,,,,,,,,,,,,,,,,,,,,,2.53,5.55,10.26,6.46,10.0,4.33,20.0,0.3,0.6,0.4,-4.63,0.43,2.08,0.58,10.0,5.73,20.0,0.3,0.6,0.4,-7.1,-1.71,0.51,-3.16,10.0,4.58,20.0,0.3,0.6,0.4,1005.69,1014.75,1038.8,1017.92,10.0,21.21,20.0,0.3,0.6,0.4,,,,,,,,,,,,,,,,,,,,,,,,,,,,,,,,,,,,,,,,,,,,,,,,,,,,,,,,,,,,,,,,,,,,,,,,,,,,,,,,,,,,,,,,,,,,,,,,,,,,,,,,,,,,,,,,,,,,,,,,,,,,,,,,,,,,,,,,,,,,,,,,,,,,,,
1974,2,186.0,59.0,,,,,,,,,,,,,,,,,,,,,,,,,,,,,,,,,,,,,,,,5.1,6.05,14.68,9.15,8.0,5.29,10.0,0.1,0.5,0.3,-11.07,-4.63,-0.98,-5.05,8.0,6.08,10.0,0.1,0.5,0.3,-9.85,-4.65,-1.15,-4.93,8.0,5.46,10.0,0.1,0.5,0.3,988.09,999.1,1017.96,1003.59,15.0,14.94,10.0,0.1,0.5,0.3,,,,,,,,,,,,,,,,,,,,,,,,,,,,,,,,,,,,,,,,,,,,,,,,,,,,,,,,,,,,,,,,,,,,,,,,,,,,,,,,,,,,,,,,,,,,,,,,,,,,,,,,,,,,,,,,,,,,,,,,,,,,,,,,,,,,,,,,,,,,,,,,,,,,,,
1974,2,187.0,-69.0,0.6,0.6,0.6,0.6,1.0,0.0,20.0,1.0,1.0,0.6,0.6,0.6,0.6,0.6,1.0,0.0,20.0,1.0,1.0,0.6,4.07,4.07,4.07,4.07,1.0,0.0,20.0,1.0,1.0,0.6,100.0,100.0,100.0,100.0,1.0,0.0,20.0,1.0,0.6,6.2,6.2,6.2,6.2,1.0,0.0,20.0,1.0,1.0,0.6,3.1,3.1,3.1,3.1,1.0,0.0,20.0,1.0,1.0,0.6,-5.37,-5.37,-5.37,-5.37,1.0,0.0,20.0,1.0,1.0,0.6,983.4,983.4,983.4,983.4,1.0,0.0,20.0,1.0,1.0,0.6,8.0,8.0,8.0,8.0,1.0,0.0,20.0,1.0,1.0,0.6,19.2,19.2,19.2,19.2,1.0,0.0,20.0,1.0,1.0,0.6,-33.3,-33.3,-33.3,-33.3,1.0,0.0,20.0,1.0,1.0,0.6,0.0,0.0,0.0,0.0,1.0,0.0,20.0,1.0,1.0,0.6,0.0,0.0,0.0,0.0,1.0,0.0,20.0,1.0,1.0,0.6,0.0,0.0,0.0,0.0,1.0,0.0,20.0,1.0,1.0,0.6,0.0,0.0,0.0,0.0,1.0,0.0,20.0,1.0,1.0,0.6,1.9,1.9,1.9,1.9,1.0,0.0,20.0,1.0,1.0,0.6,-3.2,-3.2,-3.2,-3.2,1.0,0.0,20.0,1.0,1.0,0.6,12.6,12.6,12.6,12.6,1.0,0.0,20.0,1.0,1.0,0.6,-21.8,-21.8,-21.8,-21.8,1.0,0.0,20.0,1.0,1.0,0.6,0.0,0.0,0.0,0.0,1.0,0.0,20.0,1.0,1.0,0.6,0.0,0.0,0.0,0.0,1.0,0.0,20.0,1.0,1.0,0.6,238.5,238.5,238.5,238.5,1.0,0.0,20.0,1.0,1.0,0.6,240.0,240.0,240.0,240.0,1.0,0.0,20.0,1.0,1.0,0.6
1974,2,187.0,-55.0,8.0,8.0,8.0,8.0,1.0,0.0,20.0,0.0,0.1,0.6,8.8,8.8,8.8,8.8,1.0,0.0,20.0,0.0,0.1,0.6,6.49,6.49,6.49,6.49,1.0,0.0,20.0,0.0,0.1,0.6,92.2,92.2,92.2,92.2,1.0,0.0,20.0,0.0,0.6,14.4,14.4,14.4,14.4,1.0,0.0,20.0,0.0,0.1,0.6,11.03,11.03,11.03,11.03,1.0,0.0,20.0,0.0,0.1,0.6,-9.26,-9.26,-9.26,-9.26,1.0,0.0,20.0,0.0,0.1,0.6,1008.5,1008.5,1008.5,1008.5,1.0,0.0,20.0,0.0,0.1,0.6,8.0,8.0,8.0,8.0,1.0,0.0,20.0,0.0,0.1,0.6,158.8,158.8,158.8,158.8,1.0,0.0,20.0,0.0,0.1,0.6,-133.3,-133.3,-133.3,-133.3,1.0,0.0,20.0,0.0,0.1,0.6,-0.8,-0.8,-0.8,-0.8,1.0,0.0,20.0,0.0,0.1,0.6,-11.5,-11.5,-11.5,-11.5,1.0,0.0,20.0,0.0,0.1,0.6,0.18,0.18,0.18,0.18,1.0,0.0,20.0,0.0,0.1,0.6,2.6,2.6,2.6,2.6,1.0,0.0,20.0,0.0,0.1,0.6,97.1,97.1,97.1,97.1,1.0,0.0,20.0,0.0,0.1,0.6,-81.5,-81.5,-81.5,-81.5,1.0,0.0,20.0,0.0,0.1,0.6,71.6,71.6,71.6,71.6,1.0,0.0,20.0,0.0,0.1,0.6,-60.1,-60.1,-60.1,-60.1,1.0,0.0,20.0,0.0,0.1,0.6,2.0,2.0,2.0,2.0,1.0,0.0,20.0,0.0,0.1,0.6,-1.7,-1.7,-1.7,-1.7,1.0,0.0,20.0,0.0,0.1,0.6,2986.0,2986.0,2986.0,2986.0,1.0,0.0,20.0,0.0,0.1,0.6,2985.0,2985.0,2985.0,2985.0,1.0,0.0,20.0,0.0,0.1,0.6
1974,2,187.0,-48.0,,,,,,,,,,,,,,,,,,,,,,,,,,,,,,,,,,,,,,,,8.36,8.7,11.64,9.97,3.0,2.64,14.0,0.7,0.7,0.6,-4.34,-4.1,-0.27,-2.35,3.0,3.34,14.0,0.7,0.7,0.6,7.57,8.57,11.06,9.3,3.0,2.63,14.0,0.7,0.7,0.6,1015.52,1022.0,1024.12,1019.87,3.0,6.57,14.0,0.7,0.7,0.6,,,,,,,,,,,,,,,,,,,,,,,,,,,,,,,,,,,,,,,,,,,,,,,,,,,,,,,,,,,,,,,,,,,,,,,,,,,,,,,,,,,,,,,,,,,,,,,,,,,,,,,,,,,,,,,,,,,,,,,,,,,,,,,,,,,,,,,,,,,,,,,,,,,,,,
1974,2,187.0,-46.0,16.73,16.8,16.87,16.8,3.0,0.1,16.0,1.0,0.6,0.7,15.67,16.9,16.97,16.33,3.0,1.07,16.0,1.0,0.6,0.7,8.71,11.19,11.76,10.26,3.0,2.37,16.0,1.0,0.6,0.7,79.0,93.8,98.0,88.6,3.0,14.7,16.0,1.0,0.7,3.76,4.1,6.56,5.13,3.0,2.24,16.0,1.0,0.6,0.7,-1.6,-0.63,0.71,-0.45,3.0,1.7,16.0,1.0,0.6,0.7,-6.3,-3.55,1.3,-2.53,3.0,5.64,16.0,1.0,0.6,0.7,1014.31,1015.4,1022.29,1018.23,3.0,6.34,16.0,1.0,0.6,0.7,8.0,8.0,8.0,8.0,3.0,0.0,16.0,1.0,0.6,0.7,-6.5,-2.3,6.3,-0.1,3.0,9.5,16.0,1.0,0.6,0.7,-43.9,-12.8,5.9,-18.9,3.0,36.9,16.0,1.0,0.6,0.7,-0.14,0.0,1.09,0.47,3.0,0.99,16.0,1.0,0.6,0.7,-1.1,0.0,4.5,1.7,3.0,4.3,16.0,1.0,0.6,0.7,0.13,0.74,3.03,1.56,3.0,2.24,16.0,1.0,0.6,0.7,0.0,2.7,12.3,6.1,3.0,9.5,16.0,1.0,0.6,0.7,-24.5,-10.6,12.2,-6.3,3.0,27.1,16.0,1.0,0.6,0.7,-107.0,-59.9,17.6,-45.1,3.0,92.2,16.0,1.0,0.6,0.7,-12.8,-7.0,8.8,-2.1,3.0,16.3,16.0,1.0,0.6,0.7,-74.8,-39.7,5.7,-34.7,3.0,59.2,16.0,1.0,0.6,0.7,-5.9,-0.5,-0.3,-3.0,3.0,4.7,16.0,1.0,0.6,0.7,-1.4,1.2,10.3,4.4,3.0,9.0,16.0,1.0,0.6,0.7,53.5,69.0,333.5,190.5,3.0,230.5,16.0,1.0,0.6,0.7,55.0,70.0,335.0,190.0,3.0,230.0,16.0,1.0,0.6,0.7
1974,2,187.0,-44.0,18.0,18.0,18.0,18.0,1.0,0.0,20.0,1.0,0.8,0.7,18.5,18.5,18.5,18.5,1.0,0.0,20.0,1.0,0.8,0.7,9.83,9.83,9.83,9.83,1.0,0.0,20.0,1.0,0.8,0.7,75.1,75.1,75.1,75.1,1.0,0.0,20.0,1.0,0.7,6.2,6.2,6.2,6.2,1.0,0.0,20.0,1.0,0.8,0.7,-5.83,-5.83,-5.83,-5.83,1.0,0.0,20.0,1.0,0.8,0.7,-2.12,-2.12,-2.12,-2.12,1.0,0.0,20.0,1.0,0.8,0.7,1021.7,1021.7,1021.7,1021.7,1.0,0.0,20.0,1.0,0.8,0.7,8.0,8.0,8.0,8.0,1.0,0.0,20.0,1.0,0.8,0.7,-36.1,-36.1,-36.1,-36.1,1.0,0.0,20.0,1.0,0.8,0.7,-13.1,-13.1,-13.1,-13.1,1.0,0.0,20.0,1.0,0.8,0.7,-0.5,-0.5,-0.5,-0.5,1.0,0.0,20.0,1.0,0.8,0.7,-3.1,-3.1,-3.1,-3.1,1.0,0.0,20.0,1.0,0.8,0.7,2.88,2.88,2.88,2.88,1.0,0.0,20.0,1.0,0.8,0.7,17.9,17.9,17.9,17.9,1.0,0.0,20.0,1.0,0.8,0.7,-107.8,-107.8,-107.8,-107.8,1.0,0.0,20.0,1.0,0.8,0.7,-39.2,-39.2,-39.2,-39.2,1.0,0.0,20.0,1.0,0.8,0.7,-57.3,-57.3,-57.3,-57.3,1.0,0.0,20.0,1.0,0.8,0.7,-20.8,-20.8,-20.8,-20.8,1.0,0.0,20.0,1.0,0.8,0.7,-16.8,-16.8,-16.8,-16.8,1.0,0.0,20.0,1.0,0.8,0.7,-6.1,-6.1,-6.1,-6.1,1.0,0.0,20.0,1.0,0.8,0.7,238.5,238.5,238.5,238.5,1.0,0.0,20.0,1.0,0.8,0.7,240.0,240.0,240.0,240.0,1.0,0.0,20.0,1.0,0.8,0.7
1974,2,187.0,-43.0,17.8,17.8,17.8,17.8,1.0,0.0,24.0,1.0,0.3,0.7,17.0,17.0,17.0,17.0,1.0,0.0,24.0,1.0,0.3,0.7,7.75,7.75,7.75,7.75,1.0,0.0,24.0,1.0,0.3,0.7,65.1,65.1,65.1,65.1,1.0,0.0,24.0,1.0,0.7,6.7,6.7,6.7,6.7,1.0,0.0,24.0,1.0,0.3,0.7,-2.29,-2.29,-2.29,-2.29,1.0,0.0,24.0,1.0,0.3,0.7,-6.3,-6.3,-6.3,-6.3,1.0,0.0,24.0,1.0,0.3,0.7,1021.5,1021.5,1021.5,1021.5,1.0,0.0,24.0,1.0,0.3,0.7,8.0,8.0,8.0,8.0,1.0,0.0,24.0,1.0,0.3,0.7,-15.4,-15.4,-15.4,-15.4,1.0,0.0,24.0,1.0,0.3,0.7,-42.2,-42.2,-42.2,-42.2,1.0,0.0,24.0,1.0,0.3,0.7,0.8,0.8,0.8,0.8,1.0,0.0,24.0,1.0,0.3,0.7,5.4,5.4,5.4,5.4,1.0,0.0,24.0,1.0,0.3,0.7,4.81,4.81,4.81,4.81,1.0,0.0,24.0,1.0,0.3,0.7,32.2,32.2,32.2,32.2,1.0,0.0,24.0,1.0,0.3,0.7,-39.0,-39.0,-39.0,-39.0,1.0,0.0,24.0,1.0,0.3,0.7,-107.0,-107.0,-107.0,-107.0,1.0,0.0,24.0,1.0,0.3,0.7,-17.8,-17.8,-17.8,-17.8,1.0,0.0,24.0,1.0,0.3,0.7,-48.8,-48.8,-48.8,-48.8,1.0,0.0,24.0,1.0,0.3,0.7,-11.0,-11.0,-11.0,-11.0,1.0,0.0,24.0,1.0,0.3,0.7,-30.3,-30.3,-30.3,-30.3,1.0,0.0,24.0,1.0,0.3,0.7,301.0,301.0,301.0,301.0,1.0,0.0,24.0,1.0,0.3,0.7,300.0,300.0,300.0,300.0,1.0,0.0,24.0,1.0,0.3,0.7
1974,2,187.0,-40.0,20.7,20.7,20.7,20.7,1.0,0.0,18.0,1.0,0.2,0.5,20.03,20.1,20.17,20.1,2.0,0.14,16.0,0.5,0.4,0.7,13.39,13.42,13.46,13.42,2.0,0.07,16.0,0.5,0.4,0.7,92.0,92.8,93.6,92.8,2.0,1.6,16.0,0.5,0.7,6.7,6.7,6.7,6.7,1.0,0.0,18.0,1.0,0.2,0.5,-2.29,-2.29,-2.29,-2.29,1.0,0.0,18.0,1.0,0.2,0.5,6.3,6.3,6.3,6.3,1.0,0.0,18.0,1.0,0.2,0.5,1022.41,1024.15,1025.89,1024.15,2.0,3.61,16.0,0.5,0.4,0.7,8.0,8.0,8.0,8.0,2.0,0.0,16.0,0.5,0.4,0.7,-15.4,-15.4,-15.4,-15.4,1.0,0.0,18.0,1.0,0.2,0.5,42.2,42.2,42.2,42.2,1.0,0.0,18.0,1.0,0.2,0.5,0.5,0.5,0.5,0.5,1.0,0.0,18.0,1.0,0.2,0.5,3.4,3.4,3.4,3.4,1.0,0.0,18.0,1.0,0.2,0.5,1.69,1.69,1.69,1.69,1.0,0.0,18.0,1.0,0.2,0.5,11.3,11.3,11.3,11.3,1.0,0.0,18.0,1.0,0.2,0.5,-46.3,-46.3,-46.3,-46.3,1.0,0.0,18.0,1.0,0.2,0.5,127.2,127.2,127.2,127.2,1.0,0.0,18.0,1.0,0.2,0.5,-30.6,-30.6,-30.6,-30.6,1.0,0.0,18.0,1.0,0.2,0.5,84.2,84.2,84.2,84.2,1.0,0.0,18.0,1.0,0.2,0.5,-3.9,-3.9,-3.9,-3.9,1.0,0.0,18.0,1.0,0.2,0.5,10.6,10.6,10.6,10.6,1.0,0.0,18.0,1.0,0.2,0.5,301.0,301.0,301.0,301.0,1.0,0.0,18.0,1.0,0.2,0.5,300.0,300.0,300.0,300.0,1.0,0.0,18.0,1.0,0.2,0.5
1974,2,187.0,-39.0,20.2,20.2,20.2,20.2,1.0,0.0,8.0,0.0,0.9,0.5,20.0,20.0,20.0,20.0,1.0,0.0,8.0,0.0,0.9,0.5,12.07,12.07,12.07,12.07,1.0,0.0,8.0,0.0,0.9,0.5,83.9,83.9,83.9,83.9,1.0,0.0,8.0,0.0,0.5,3.1,3.1,3.1,3.1,1.0,0.0,8.0,0.0,0.9,0.5,-0.54,-0.54,-0.54,-0.54,1.0,0.0,8.0,0.0,0.9,0.5,-3.05,-3.05,-3.05,-3.05,1.0,0.0,8.0,0.0,0.9,0.5,1023.0,1023.0,1023.0,1023.0,1.0,0.0,8.0,0.0,0.9,0.5,2.0,2.0,2.0,2.0,1.0,0.0,8.0,0.0,0.9,0.5,-1.7,-1.7,-1.7,-1.7,1.0,0.0,8.0,0.0,0.9,0.5,-9.5,-9.5,-9.5,-9.5,1.0,0.0,8.0,0.0,0.9,0.5,0.2,0.2,0.2,0.2,1.0,0.0,8.0,0.0,0.9,0.5,0.6,0.6,0.6,0.6,1.0,0.0,8.0,0.0,0.9,0.5,2.52,2.52,2.52,2.52,1.0,0.0,8.0,0.0,0.9,0.5,7.8,7.8,7.8,7.8,1.0,0.0,8.0,0.0,0.9,0.5,-10.8,-10.8,-10.8,-10.8,1.0,0.0,8.0,0.0,0.9,0.5,-61.1,-61.1,-61.1,-61.1,1.0,0.0,8.0,0.0,0.9,0.5,-6.5,-6.5,-6.5,-6.5,1.0,0.0,8.0,0.0,0.9,0.5,-36.8,-36.8,-36.8,-36.8,1.0,0.0,8.0,0.0,0.9,0.5,-1.4,-1.4,-1.4,-1.4,1.0,0.0,8.0,0.0,0.9,0.5,-7.7,-7.7,-7.7,-7.7,1.0,0.0,8.0,0.0,0.9,0.5,30.0,30.0,30.0,30.0,1.0,0.0,8.0,0.0,0.9,0.5,30.0,30.0,30.0,30.0,1.0,0.0,8.0,0.0,0.9,0.5
1974,2,187.0,-38.0,19.5,19.5,19.5,19.5,1.0,0.0,12.0,1.0,0.3,0.4,19.0,19.0,19.0,19.0,1.0,0.0,12.0,1.0,0.3,0.4,13.5,13.5,13.5,13.5,1.0,0.0,12.0,1.0,0.3,0.4,100.0,100.0,100.0,100.0,1.0,0.0,12.0,1.0,0.4,6.7,6.7,6.7,6.7,1.0,0.0,12.0,1.0,0.3,0.4,-3.35,-3.35,-3.35,-3.35,1.0,0.0,12.0,1.0,0.3,0.4,5.8,5.8,5.8,5.8,1.0,0.0,12.0,1.0,0.3,0.4,1025.1,1025.1,1025.1,1025.1,1.0,0.0,12.0,1.0,0.3,0.4,8.0,8.0,8.0,8.0,1.0,0.0,12.0,1.0,0.3,0.4,-22.4,-22.4,-22.4,-22.4,1.0,0.0,12.0,1.0,0.3,0.4,38.9,38.9,38.9,38.9,1.0,0.0,12.0,1.0,0.3,0.4,0.5,0.5,0.5,0.5,1.0,0.0,12.0,1.0,0.3,0.4,3.4,3.4,3.4,3.4,1.0,0.0,12.0,1.0,0.3,0.4,0.43,0.43,0.43,0.43,1.0,0.0,12.0,1.0,0.3,0.4,2.9,2.9,2.9,2.9,1.0,0.0,12.0,1.0,0.3,0.4,-63.6,-63.6,-63.6,-63.6,1.0,0.0,12.0,1.0,0.3,0.4,110.2,110.2,110.2,110.2,1.0,0.0,12.0,1.0,0.3,0.4,-45.2,-45.2,-45.2,-45.2,1.0,0.0,12.0,1.0,0.3,0.4,78.3,78.3,78.3,78.3,1.0,0.0,12.0,1.0,0.3,0.4,-1.4,-1.4,-1.4,-1.4,1.0,0.0,12.0,1.0,0.3,0.4,2.5,2.5,2.5,2.5,1.0,0.0,12.0,1.0,0.3,0.4,301.0,301.0,301.0,301.0,1.0,0.0,12.0,1.0,0.3,0.4,300.0,300.0,300.0,300.0,1.0,0.0,12.0,1.0,0.3,0.4
1974,2,187.0,-36.0,20.6,20.6,20.6,20.6,1.0,0.0,28.0,1.0,0.9,0.1,20.0,20.0,20.0,20.0,1.0,0.0,28.0,1.0,0.9,0.1,13.17,13.17,13.17,13.17,1.0,0.0,28.0,1.0,0.9,0.1,89.9,89.9,89.9,89.9,1.0,0.0,28.0,1.0,0.1,17.0,17.0,17.0,17.0,1.0,0.0,28.0,1.0,0.9,0.1,-17.0,-17.0,-17.0,-17.0,1.0,0.0,28.0,1.0,0.9,0.1,0.0,0.0,0.0,0.0,1.0,0.0,28.0,1.0,0.9,0.1,1005.1,1005.1,1005.1,1005.1,1.0,0.0,28.0,1.0,0.9,0.1,8.0,8.0,8.0,8.0,1.0,0.0,28.0,1.0,0.9,0.1,-289.0,-289.0,-289.0,-289.0,1.0,0.0,28.0,1.0,0.9,0.1,0.0,0.0,0.0,0.0,1.0,0.0,28.0,1.0,0.9,0.1,0.6,0.6,0.6,0.6,1.0,0.0,28.0,1.0,0.9,0.1,10.2,10.2,10.2,10.2,1.0,0.0,28.0,1.0,0.9,0.1,2.05,2.05,2.05,2.05,1.0,0.0,28.0,1.0,0.9,0.1,34.8,34.8,34.8,34.8,1.0,0.0,28.0,1.0,0.9,0.1,-340.0,-340.0,-340.0,-340.0,1.0,0.0,28.0,1.0,0.9,0.1,0.0,0.0,0.0,0.0,1.0,0.0,28.0,1.0,0.9,0.1,-223.9,-223.9,-223.9,-223.9,1.0,0.0,28.0,1.0,0.9,0.1,0.0,0.0,0.0,0.0,1.0,0.0,28.0,1.0,0.9,0.1,-34.8,-34.8,-34.8,-34.8,1.0,0.0,28.0,1.0,0.9,0.1,0.0,0.0,0.0,0.0,1.0,0.0,28.0,1.0,0.9,0.1,4913.0,4913.0,4913.0,4913.0,1.0,0.0,28.0,1.0,0.9,0.1,4915.0,4915.0,4915.0,4915.0,1.0,0.0,28.0,1.0,0.9,0.1
1974,2,187.0,-35.0,21.79,22.85,23.91,22.85,2.0,2.19,16.0,1.0,0.5,0.6,21.54,23.05,24.4,22.98,4.0,1.65,18.0,1.0,0.6,0.7,13.85,14.64,15.61,14.72,4.0,1.02,18.0,1.0,0.6,0.7,82.3,84.8,87.1,84.7,4.0,2.9,18.0,1.0,0.7,3.05,4.1,4.36,3.73,4.0,1.11,18.0,1.0,0.6,0.7,-4.36,-4.1,-3.05,-3.72,4.0,1.11,18.0,1.0,0.6,0.7,0.0,0.0,0.0,0.0,4.0,0.0,18.0,1.0,0.6,0.7,1016.91,1017.8,1019.06,1017.98,4.0,1.69,18.0,1.0,0.6,0.7,3.0,3.5,6.1,4.5,4.0,2.4,18.0,1.0,0.6,0.7,-19.1,-16.8,-10.3,-14.8,4.0,7.2,18.0,1.0,0.6,0.7,0.0,0.0,0.0,0.0,4.0,0.0,18.0,1.0,0.6,0.7,0.34,1.3,2.26,1.3,2.0,1.98,16.0,1.0,0.5,0.6,0.5,2.6,4.7,2.6,2.0,4.3,16.0,1.0,0.5,0.6,2.36,3.49,4.61,3.49,2.0,2.33,16.0,1.0,0.5,0.6,8.8,9.6,10.4,9.6,2.0,1.7,16.0,1.0,0.5,0.6,-100.0,-99.2,-70.7,-86.0,4.0,27.0,18.0,1.0,0.6,0.7,0.0,0.0,0.0,0.0,4.0,0.0,18.0,1.0,0.6,0.7,-64.2,-63.4,-45.3,-55.2,4.0,17.4,18.0,1.0,0.6,0.7,0.0,0.0,0.0,0.0,4.0,0.0,18.0,1.0,0.6,0.7,-10.4,-9.6,-8.8,-9.6,2.0,1.7,16.0,1.0,0.5,0.6,0.0,0.0,0.0,0.0,2.0,0.0,16.0,1.0,0.5,0.6,37.5,69.0,84.0,61.0,4.0,37.0,18.0,1.0,0.6,0.7,40.0,70.0,85.0,60.0,4.0,35.0,18.0,1.0,0.6,0.7
1974,2,187.0,-34.0,24.6,24.6,24.6,24.6,1.0,0.0,22.0,1.0,0.4,1.0,22.9,22.9,22.9,22.9,1.0,0.0,22.0,1.0,0.4,1.0,14.24,14.24,14.24,14.24,1.0,0.0,22.0,1.0,0.4,1.0,82.2,82.2,82.2,82.2,1.0,0.0,22.0,1.0,1.0,7.2,7.2,7.2,7.2,1.0,0.0,22.0,1.0,0.4,1.0,-3.6,-3.6,-3.6,-3.6,1.0,0.0,22.0,1.0,0.4,1.0,6.24,6.24,6.24,6.24,1.0,0.0,22.0,1.0,0.4,1.0,1015.5,1015.5,1015.5,1015.5,1.0,0.0,22.0,1.0,0.4,1.0,4.0,4.0,4.0,4.0,1.0,0.0,22.0,1.0,0.4,1.0,-25.9,-25.9,-25.9,-25.9,1.0,0.0,22.0,1.0,0.4,1.0,44.9,44.9,44.9,44.9,1.0,0.0,22.0,1.0,0.4,1.0,1.7,1.7,1.7,1.7,1.0,0.0,22.0,1.0,0.4,1.0,12.2,12.2,12.2,12.2,1.0,0.0,22.0,1.0,0.4,1.0,5.02,5.02,5.02,5.02,1.0,0.0,22.0,1.0,0.4,1.0,36.1,36.1,36.1,36.1,1.0,0.0,22.0,1.0,0.4,1.0,-82.4,-82.4,-82.4,-82.4,1.0,0.0,22.0,1.0,0.4,1.0,142.8,142.8,142.8,142.8,1.0,0.0,22.0,1.0,0.4,1.0,-51.3,-51.3,-51.3,-51.3,1.0,0.0,22.0,1.0,0.4,1.0,88.8,88.8,88.8,88.8,1.0,0.0,22.0,1.0,0.4,1.0,-18.1,-18.1,-18.1,-18.1,1.0,0.0,22.0,1.0,0.4,1.0,31.3,31.3,31.3,31.3,1.0,0.0,22.0,1.0,0.4,1.0,373.0,373.0,373.0,373.0,1.0,0.0,22.0,1.0,0.4,1.0,375.0,375.0,375.0,375.0,1.0,0.0,22.0,1.0,0.4,1.0
1974,2,187.0,-33.0,24.3,24.3,24.3,24.3,1.0,0.0,22.0,0.0,0.9,0.7,22.8,22.8,22.8,22.8,1.0,0.0,22.0,0.0,0.9,0.7,13.61,13.61,13.61,13.61,1.0,0.0,22.0,0.0,0.9,0.7,79.1,79.1,79.1,79.1,1.0,0.0,22.0,0.0,0.7,10.3,10.3,10.3,10.3,1.0,0.0,22.0,0.0,0.9,0.7,-6.62,-6.62,-6.62,-6.62,1.0,0.0,22.0,0.0,0.9,0.7,7.89,7.89,7.89,7.89,1.0,0.0,22.0,0.0,0.9,0.7,1016.5,1016.5,1016.5,1016.5,1.0,0.0,22.0,0.0,0.9,0.7,8.0,8.0,8.0,8.0,1.0,0.0,22.0,0.0,0.9,0.7,-68.2,-68.2,-68.2,-68.2,1.0,0.0,22.0,0.0,0.9,0.7,81.3,81.3,81.3,81.3,1.0,0.0,22.0,0.0,0.9,0.7,1.5,1.5,1.5,1.5,1.0,0.0,22.0,0.0,0.9,0.7,15.5,15.5,15.5,15.5,1.0,0.0,22.0,0.0,0.9,0.7,5.28,5.28,5.28,5.28,1.0,0.0,22.0,0.0,0.9,0.7,54.4,54.4,54.4,54.4,1.0,0.0,22.0,0.0,0.9,0.7,-151.0,-151.0,-151.0,-151.0,1.0,0.0,22.0,0.0,0.9,0.7,179.9,179.9,179.9,179.9,1.0,0.0,22.0,0.0,0.9,0.7,-90.1,-90.1,-90.1,-90.1,1.0,0.0,22.0,0.0,0.9,0.7,107.4,107.4,107.4,107.4,1.0,0.0,22.0,0.0,0.9,0.7,-34.9,-34.9,-34.9,-34.9,1.0,0.0,22.0,0.0,0.9,0.7,41.6,41.6,41.6,41.6,1.0,0.0,22.0,0.0,0.9,0.7,1092.5,1092.5,1092.5,1092.5,1.0,0.0,22.0,0.0,0.9,0.7,1095.0,1095.0,1095.0,1095.0,1.0,0.0,22.0,0.0,0.9,0.7
1974,2,187.0,-28.0,26.0,26.0,26.0,26.0,2.0,0.0,18.0,0.5,0.8,0.8,26.0,26.0,26.0,26.0,2.0,0.0,18.0,0.5,0.8,0.8,17.45,17.45,17.46,17.45,2.0,0.02,18.0,0.5,0.8,0.8,83.6,83.6,83.6,83.6,2.0,0.0,18.0,0.5,0.8,7.7,7.7,7.7,7.7,2.0,0.0,18.0,0.5,0.8,0.8,-7.68,-7.64,-7.6,-7.64,2.0,0.08,18.0,0.5,0.8,0.8,0.21,0.67,1.12,0.67,2.0,0.95,18.0,0.5,0.8,0.8,1015.72,1016.2,1016.68,1016.2,2.0,0.99,18.0,0.5,0.8,0.8,1.2,1.5,1.8,1.5,2.0,0.7,18.0,0.5,0.8,0.8,-59.1,-58.8,-58.5,-58.8,2.0,0.6,18.0,0.5,0.8,0.8,1.6,5.1,8.7,5.1,2.0,7.3,18.0,0.5,0.8,0.8,0.0,0.0,0.0,0.0,2.0,0.0,18.0,0.5,0.8,0.8,0.0,0.0,0.0,0.0,2.0,0.0,18.0,0.5,0.8,0.8,3.48,3.48,3.48,3.48,2.0,0.0,18.0,0.5,0.8,0.8,26.8,26.8,26.8,26.8,2.0,0.0,18.0,0.5,0.8,0.8,-199.7,-198.7,-197.6,-198.7,2.0,2.2,18.0,0.5,0.8,0.8,5.5,17.4,29.2,17.4,2.0,24.6,18.0,0.5,0.8,0.8,-134.1,-133.4,-132.6,-133.4,2.0,1.6,18.0,0.5,0.8,0.8,3.7,11.7,19.6,11.7,2.0,16.5,18.0,0.5,0.8,0.8,-26.8,-26.6,-26.5,-26.6,2.0,0.3,18.0,0.5,0.8,0.8,0.7,2.3,3.9,2.3,2.0,3.3,18.0,0.5,0.8,0.8,456.5,456.5,456.5,456.5,2.0,0.0,18.0,0.5,0.8,0.8,455.0,455.0,455.0,455.0,2.0,0.0,18.0,0.5,0.8,0.8
1974,2,187.0,-27.0,27.3,27.3,27.3,27.3,1.0,0.0,18.0,0.0,0.9,0.9,26.3,26.3,26.3,26.3,1.0,0.0,18.0,0.0,0.9,0.9,18.92,18.92,18.92,18.92,1.0,0.0,18.0,0.0,0.9,0.9,88.8,88.8,88.8,88.8,1.0,0.0,18.0,0.0,0.9,12.3,12.3,12.3,12.3,1.0,0.0,18.0,0.0,0.9,0.9,-12.11,-12.11,-12.11,-12.11,1.0,0.0,18.0,0.0,0.9,0.9,2.14,2.14,2.14,2.14,1.0,0.0,18.0,0.0,0.9,0.9,1014.8,1014.8,1014.8,1014.8,1.0,0.0,18.0,0.0,0.9,0.9,4.0,4.0,4.0,4.0,1.0,0.0,18.0,0.0,0.9,0.9,-149.0,-149.0,-149.0,-149.0,1.0,0.0,18.0,0.0,0.9,0.9,26.3,26.3,26.3,26.3,1.0,0.0,18.0,0.0,0.9,0.9,1.0,1.0,1.0,1.0,1.0,0.0,18.0,0.0,0.9,0.9,12.3,12.3,12.3,12.3,1.0,0.0,18.0,0.0,0.9,0.9,3.74,3.74,3.74,3.74,1.0,0.0,18.0,0.0,0.9,0.9,46.0,46.0,46.0,46.0,1.0,0.0,18.0,0.0,0.9,0.9,-318.6,-318.6,-318.6,-318.6,1.0,0.0,18.0,0.0,0.9,0.9,56.2,56.2,56.2,56.2,1.0,0.0,18.0,0.0,0.9,0.9,-229.2,-229.2,-229.2,-229.2,1.0,0.0,18.0,0.0,0.9,0.9,40.4,40.4,40.4,40.4,1.0,0.0,18.0,0.0,0.9,0.9,-45.3,-45.3,-45.3,-45.3,1.0,0.0,18.0,0.0,0.9,0.9,8.0,8.0,8.0,8.0,1.0,0.0,18.0,0.0,0.9,0.9,1861.0,1861.0,1861.0,1861.0,1.0,0.0,18.0,0.0,0.9,0.9,1860.0,1860.0,1860.0,1860.0,1.0,0.0,18.0,0.0,0.9,0.9
1974,2,187.0,-26.0,27.0,27.0,27.0,27.0,1.0,0.0,2.0,1.0,0.1,0.2,28.5,28.5,28.5,28.5,1.0,0.0,2.0,1.0,0.1,0.2,18.64,18.64,18.64,18.64,1.0,0.0,2.0,1.0,0.1,0.2,76.6,76.6,76.6,76.6,1.0,0.0,2.0,1.0,0.2,2.1,2.1,2.1,2.1,1.0,0.0,2.0,1.0,0.1,0.2,-1.61,-1.61,-1.61,-1.61,1.0,0.0,2.0,1.0,0.1,0.2,1.35,1.35,1.35,1.35,1.0,0.0,2.0,1.0,0.1,0.2,1011.5,1011.5,1011.5,1011.5,1.0,0.0,2.0,1.0,0.1,0.2,4.0,4.0,4.0,4.0,1.0,0.0,2.0,1.0,0.1,0.2,-3.4,-3.4,-3.4,-3.4,1.0,0.0,2.0,1.0,0.1,0.2,2.8,2.8,2.8,2.8,1.0,0.0,2.0,1.0,0.1,0.2,-1.5,-1.5,-1.5,-1.5,1.0,0.0,2.0,1.0,0.1,0.2,-3.1,-3.1,-3.1,-3.1,1.0,0.0,2.0,1.0,0.1,0.2,3.69,3.69,3.69,3.69,1.0,0.0,2.0,1.0,0.1,0.2,7.8,7.8,7.8,7.8,1.0,0.0,2.0,1.0,0.1,0.2,-45.8,-45.8,-45.8,-45.8,1.0,0.0,2.0,1.0,0.1,0.2,38.5,38.5,38.5,38.5,1.0,0.0,2.0,1.0,0.1,0.2,-30.0,-30.0,-30.0,-30.0,1.0,0.0,2.0,1.0,0.1,0.2,25.2,25.2,25.2,25.2,1.0,0.0,2.0,1.0,0.1,0.2,-5.9,-5.9,-5.9,-5.9,1.0,0.0,2.0,1.0,0.1,0.2,5.0,5.0,5.0,5.0,1.0,0.0,2.0,1.0,0.1,0.2,9.5,9.5,9.5,9.5,1.0,0.0,2.0,1.0,0.1,0.2,10.0,10.0,10.0,10.0,1.0,0.0,2.0,1.0,0.1,0.2
1974,2,187.0,-24.0,26.96,27.1,27.58,27.27,3.0,0.47,20.0,0.7,0.4,0.3,26.04,27.0,27.34,26.7,3.0,0.98,20.0,0.7,0.4,0.3,16.4,17.8,19.81,18.1,3.0,2.51,20.0,0.7,0.4,0.3,77.0,77.9,87.6,82.2,3.0,8.6,20.0,0.7,0.3,7.7,7.7,8.04,7.87,3.0,0.29,20.0,0.7,0.4,0.3,-6.72,-5.9,-0.96,-3.89,3.0,4.56,20.0,0.7,0.4,0.3,-6.48,-4.1,2.08,-2.24,3.0,6.47,20.0,0.7,0.4,0.3,1003.36,1008.0,1012.71,1008.03,3.0,6.85,20.0,0.7,0.4,0.3,4.6,6.0,6.7,5.7,3.0,1.5,20.0,0.7,0.4,0.3,-54.2,-45.4,-7.4,-31.1,3.0,36.4,20.0,0.7,0.4,0.3,-50.5,-33.6,15.3,-18.0,3.0,50.1,20.0,0.7,0.4,0.3,-0.02,0.8,1.14,0.57,3.0,0.87,20.0,0.7,0.4,0.3,-0.1,6.2,9.2,4.6,3.0,7.0,20.0,0.7,0.4,0.3,3.45,4.59,5.91,4.68,3.0,1.81,20.0,0.7,0.4,0.3,26.5,35.3,47.7,37.1,3.0,15.6,20.0,0.7,0.4,0.3,-175.6,-162.2,-26.8,-102.6,3.0,120.5,20.0,0.7,0.4,0.3,-173.1,-105.0,59.6,-57.9,3.0,175.2,20.0,0.7,0.4,0.3,-109.7,-105.0,-14.4,-63.0,3.0,78.7,20.0,0.7,0.4,0.3,-127.9,-64.6,39.6,-44.6,3.0,123.9,20.0,0.7,0.4,0.3,-40.2,-27.1,-5.9,-23.2,3.0,25.3,20.0,0.7,0.4,0.3,-25.3,-22.1,8.5,-8.7,3.0,27.3,20.0,0.7,0.4,0.3,456.5,456.5,521.5,488.0,3.0,55.0,20.0,0.7,0.4,0.3,455.0,455.0,520.0,490.0,3.0,55.0,20.0,0.7,0.4,0.3
1974,2,187.0,-23.0,27.3,27.5,27.7,27.5,2.0,0.42,24.0,0.0,0.9,0.7,25.82,26.3,26.78,26.3,2.0,0.99,24.0,0.0,0.9,0.7,16.12,17.57,19.03,17.57,2.0,3.01,24.0,0.0,0.9,0.7,77.3,81.8,86.2,81.8,2.0,9.2,24.0,0.0,0.7,5.17,6.4,7.63,6.4,2.0,2.55,24.0,0.0,0.9,0.7,-4.31,-2.24,-0.16,-2.24,2.0,4.29,24.0,0.0,0.9,0.7,-6.0,-5.41,-4.81,-5.41,2.0,1.24,24.0,0.0,0.9,0.7,1009.17,1009.75,1010.33,1009.75,2.0,1.2,24.0,0.0,0.9,0.7,6.2,6.5,6.8,6.5,2.0,0.7,24.0,0.0,0.9,0.7,-35.8,-19.8,-3.8,-19.8,2.0,33.2,24.0,0.0,0.9,0.7,-46.6,-36.2,-25.7,-36.2,2.0,21.7,24.0,0.0,0.9,0.7,0.52,1.2,1.88,1.2,2.0,1.41,24.0,0.0,0.9,0.7,3.6,9.5,15.3,9.5,2.0,12.1,24.0,0.0,0.9,0.7,3.73,5.48,7.22,5.48,2.0,3.62,24.0,0.0,0.9,0.7,21.7,39.7,57.6,39.7,2.0,37.1,24.0,0.0,0.9,0.7,-110.1,-56.7,-3.3,-56.7,2.0,110.7,24.0,0.0,0.9,0.7,-154.7,-141.6,-128.4,-141.6,2.0,27.2,24.0,0.0,0.9,0.7,-66.0,-32.8,0.3,-32.8,2.0,68.7,24.0,0.0,0.9,0.7,-95.8,-93.1,-90.5,-93.1,2.0,5.5,24.0,0.0,0.9,0.7,-35.3,-20.0,-4.8,-20.0,2.0,31.6,24.0,0.0,0.9,0.7,-44.6,-31.8,-19.1,-31.8,2.0,26.3,24.0,0.0,0.9,0.7,169.5,324.5,479.5,324.5,2.0,321.0,24.0,0.0,0.9,0.7,170.0,325.0,480.0,325.0,2.0,320.0,24.0,0.0,0.9,0.7
1974,2,187.0,-22.0,29.0,29.0,29.0,29.0,1.0,0.0,16.0,0.0,0.3,0.4,26.8,26.8,26.8,26.8,1.0,0.0,16.0,0.0,0.3,0.4,18.75,18.75,18.75,18.75,1.0,0.0,16.0,0.0,0.3,0.4,85.2,85.2,85.2,85.2,1.0,0.0,16.0,0.0,0.4,4.1,4.1,4.1,4.1,1.0,0.0,16.0,0.0,0.3,0.4,-3.85,-3.85,-3.85,-3.85,1.0,0.0,16.0,0.0,0.3,0.4,-1.4,-1.4,-1.4,-1.4,1.0,0.0,16.0,0.0,0.3,0.4,1011.6,1011.6,1011.6,1011.6,1.0,0.0,16.0,0.0,0.3,0.4,8.0,8.0,8.0,8.0,1.0,0.0,16.0,0.0,0.3,0.4,-15.8,-15.8,-15.8,-15.8,1.0,0.0,16.0,0.0,0.3,0.4,-5.7,-5.7,-5.7,-5.7,1.0,0.0,16.0,0.0,0.3,0.4,2.2,2.2,2.2,2.2,1.0,0.0,16.0,0.0,0.3,0.4,9.0,9.0,9.0,9.0,1.0,0.0,16.0,0.0,0.3,0.4,6.39,6.39,6.39,6.39,1.0,0.0,16.0,0.0,0.3,0.4,26.2,26.2,26.2,26.2,1.0,0.0,16.0,0.0,0.3,0.4,-103.3,-103.3,-103.3,-103.3,1.0,0.0,16.0,0.0,0.3,0.4,-37.6,-37.6,-37.6,-37.6,1.0,0.0,16.0,0.0,0.3,0.4,-72.2,-72.2,-72.2,-72.2,1.0,0.0,16.0,0.0,0.3,0.4,-26.3,-26.3,-26.3,-26.3,1.0,0.0,16.0,0.0,0.3,0.4,-24.6,-24.6,-24.6,-24.6,1.0,0.0,16.0,0.0,0.3,0.4,-9.0,-9.0,-9.0,-9.0,1.0,0.0,16.0,0.0,0.3,0.4,69.0,69.0,69.0,69.0,1.0,0.0,16.0,0.0,0.3,0.4,70.0,70.0,70.0,70.0,1.0,0.0,16.0,0.0,0.3,0.4
1974,2,187.0,-21.0,28.16,28.5,28.84,28.5,2.0,0.71,6.0,0.0,0.6,0.6,26.25,27.0,27.0,26.63,3.0,0.64,6.0,0.3,0.7,0.6,16.58,17.45,18.27,17.42,3.0,1.24,6.0,0.3,0.7,0.6,77.9,78.3,82.0,79.9,3.0,3.3,6.0,0.3,0.6,1.14,3.6,6.74,3.93,3.0,4.11,6.0,0.3,0.7,0.6,-4.85,0.0,0.43,-2.16,3.0,4.29,6.0,0.3,0.7,0.6,-2.42,0.0,2.8,0.18,3.0,3.83,6.0,0.3,0.7,0.6,1010.63,1010.7,1011.93,1011.27,3.0,1.07,6.0,0.3,0.7,0.6,5.0,7.0,7.7,6.3,3.0,2.1,6.0,0.3,0.7,0.6,-39.7,0.0,1.5,-18.7,3.0,34.3,6.0,0.3,0.7,0.6,-8.7,0.0,22.9,7.0,3.0,24.0,6.0,0.3,0.7,0.6,1.33,2.05,2.77,2.05,2.0,1.48,6.0,0.0,0.6,0.6,1.3,4.1,6.9,4.1,2.0,5.8,6.0,0.0,0.6,0.6,6.7,7.61,8.52,7.61,2.0,1.89,6.0,0.0,0.6,0.6,8.2,25.7,43.3,25.7,2.0,36.4,6.0,0.0,0.6,0.6,-130.9,0.0,11.5,-58.3,3.0,115.9,6.0,0.3,0.7,0.6,-65.3,0.0,75.6,5.0,3.0,103.3,6.0,0.3,0.7,0.6,-84.6,0.0,8.0,-37.4,3.0,75.1,6.0,0.3,0.7,0.6,-45.1,0.0,48.8,1.8,3.0,68.8,6.0,0.3,0.7,0.6,-37.5,-22.3,-7.1,-22.3,2.0,31.5,6.0,0.0,0.6,0.6,4.1,12.9,21.6,12.9,2.0,18.2,6.0,0.0,0.6,0.6,15.0,46.5,391.0,199.5,3.0,306.0,6.0,0.3,0.7,0.6,15.0,45.0,390.0,200.0,3.0,305.0,6.0,0.3,0.7,0.6
1974,2,187.0,-19.0,27.0,27.25,27.66,27.33,4.0,0.39,20.0,0.0,0.5,0.6,25.64,26.15,26.66,26.15,4.0,0.6,20.0,0.0,0.5,0.6,16.89,17.7,17.91,17.41,3.0,0.78,18.0,0.0,0.4,0.6,77.9,83.9,86.6,82.3,4.0,5.5,20.0,0.0,0.6,6.0,10.3,10.3,8.25,4.0,4.1,20.0,0.0,0.5,0.6,-7.52,-5.15,-3.16,-5.33,4.0,3.41,20.0,0.0,0.5,0.6,-8.92,-6.22,-2.52,-5.74,4.0,3.75,20.0,0.0,0.5,0.6,1008.82,1009.3,1009.57,1009.2,3.0,0.56,18.0,0.0,0.4,0.6,7.0,7.5,8.0,7.5,4.0,0.6,20.0,0.0,0.5,0.6,-77.5,-53.0,-26.7,-52.2,4.0,39.6,20.0,0.0,0.5,0.6,-91.9,-64.1,-19.0,-55.9,4.0,43.7,20.0,0.0,0.5,0.6,0.6,1.1,1.76,1.18,4.0,0.7,20.0,0.0,0.5,0.6,3.2,10.3,18.1,10.7,4.0,8.9,20.0,0.0,0.5,0.6,4.94,5.46,6.19,5.56,3.0,0.92,18.0,0.0,0.4,0.6,24.7,48.4,53.8,39.5,3.0,22.6,18.0,0.0,0.4,0.6,-195.8,-133.9,-81.5,-138.4,4.0,87.4,20.0,0.0,0.5,0.6,-232.1,-159.2,-65.9,-149.5,4.0,97.3,20.0,0.0,0.5,0.6,-147.9,-91.1,-44.1,-95.9,3.0,76.1,18.0,0.0,0.4,0.6,-127.9,-63.4,-38.3,-82.6,3.0,67.7,18.0,0.0,0.4,0.6,-43.8,-24.2,-13.7,-28.6,3.0,22.4,18.0,0.0,0.4,0.6,-34.7,-19.2,-13.3,-23.9,3.0,16.2,18.0,0.0,0.4,0.6,525.0,1092.5,1092.5,822.0,4.0,541.5,20.0,0.0,0.5,0.6,525.0,1095.0,1095.0,820.0,4.0,540.0,20.0,0.0,0.5,0.6
1974,2,187.0,-18.0,26.24,26.55,26.86,26.55,2.0,0.64,24.0,0.5,0.5,0.4,27.12,27.15,27.18,27.15,2.0,0.07,24.0,0.5,0.5,0.4,17.59,18.18,18.76,18.18,2.0,1.21,24.0,0.5,0.5,0.4,77.7,80.6,83.4,80.6,2.0,5.8,24.0,0.5,0.4,7.17,9.25,11.33,9.25,2.0,4.31,24.0,0.5,0.5,0.4,-5.67,-4.62,-3.58,-4.62,2.0,2.16,24.0,0.5,0.5,0.4,-9.81,-8.01,-6.21,-8.01,2.0,3.74,24.0,0.5,0.5,0.4,1005.97,1007.2,1008.43,1007.2,2.0,2.55,24.0,0.5,0.5,0.4,3.0,5.0,7.0,5.0,2.0,4.2,24.0,0.5,0.5,0.4,-66.7,-47.4,-28.2,-47.4,2.0,39.9,24.0,0.5,0.5,0.4,-115.5,-82.2,-48.8,-82.2,2.0,69.1,24.0,0.5,0.5,0.4,-0.94,-0.6,-0.26,-0.6,2.0,0.71,24.0,0.5,0.5,0.4,-11.5,-7.1,-2.7,-7.1,2.0,9.1,24.0,0.5,0.5,0.4,3.45,3.66,3.87,3.66,2.0,0.43,24.0,0.5,0.5,0.4,25.3,34.8,44.4,34.8,2.0,19.8,24.0,0.5,0.5,0.4,-154.1,-125.6,-97.2,-125.6,2.0,58.9,24.0,0.5,0.5,0.4,-266.8,-217.6,-168.4,-217.6,2.0,102.0,24.0,0.5,0.5,0.4,-99.0,-82.8,-66.5,-82.8,2.0,33.6,24.0,0.5,0.5,0.4,-171.4,-143.3,-115.2,-143.3,2.0,58.2,24.0,0.5,0.5,0.4,-22.2,-17.4,-12.6,-17.4,2.0,9.9,24.0,0.5,0.5,0.4,-38.4,-30.1,-21.9,-30.1,2.0,17.1,24.0,0.5,0.5,0.4,496.0,1049.5,1603.5,1049.5,2.0,1147.5,24.0,0.5,0.5,0.4,495.0,1050.0,1605.0,1050.0,2.0,1145.0,24.0,0.5,0.5,0.4
1974,2,187.0,-15.0,28.2,28.2,29.43,28.8,3.0,1.04,12.0,0.3,0.5,0.5,26.22,26.7,26.7,26.47,3.0,0.4,12.0,0.3,0.5,0.5,16.49,18.25,18.47,17.49,3.0,1.59,12.0,0.3,0.5,0.5,75.1,83.1,86.6,80.9,3.0,8.6,12.0,0.3,0.5,4.43,5.15,5.87,5.15,2.0,1.48,12.0,0.5,0.6,0.7,0.49,1.55,2.61,1.55,2.0,2.19,12.0,0.5,0.6,0.7,-5.17,-4.73,-4.3,-4.73,2.0,0.9,12.0,0.5,0.6,0.7,1007.49,1008.1,1008.99,1008.23,3.0,1.11,12.0,0.3,0.5,0.5,6.3,7.0,7.7,7.0,3.0,1.0,12.0,0.3,0.5,0.5,3.1,9.6,16.2,9.6,2.0,13.6,12.0,0.5,0.6,0.7,-30.7,-25.0,-19.4,-25.0,2.0,11.7,12.0,0.5,0.6,0.7,1.72,2.2,2.95,2.33,3.0,0.91,12.0,0.3,0.5,0.5,7.3,9.9,12.5,9.9,2.0,5.3,12.0,0.5,0.6,0.7,6.4,8.42,8.47,7.46,3.0,1.73,12.0,0.3,0.5,0.5,34.0,34.2,34.4,34.2,2.0,0.4,12.0,0.5,0.6,0.7,12.8,40.3,67.8,40.3,2.0,57.0,12.0,0.5,0.6,0.7,-134.8,-124.5,-114.3,-124.5,2.0,21.3,12.0,0.5,0.6,0.7,9.1,28.8,48.4,28.8,2.0,40.7,12.0,0.5,0.6,0.7,-94.1,-82.0,-69.9,-82.0,2.0,25.1,12.0,0.5,0.6,0.7,2.7,8.5,14.3,8.5,2.0,12.0,12.0,0.5,0.6,0.7,-33.7,-31.9,-30.2,-31.9,2.0,3.7,12.0,0.5,0.6,0.7,96.0,153.5,211.5,153.5,2.0,120.0,12.0,0.5,0.6,0.7,95.0,155.0,210.0,155.0,2.0,120.0,12.0,0.5,0.6,0.7
1974,2,187.0,-13.0,28.0,28.0,28.0,28.0,1.0,0.0,20.0,1.0,0.5,1.0,25.0,25.0,25.0,25.0,1.0,0.0,20.0,1.0,0.5,1.0,18.72,18.72,18.72,18.72,1.0,0.0,20.0,1.0,0.5,1.0,94.2,94.2,94.2,94.2,1.0,0.0,20.0,1.0,1.0,6.7,6.7,6.7,6.7,1.0,0.0,20.0,1.0,0.5,1.0,-4.31,-4.31,-4.31,-4.31,1.0,0.0,20.0,1.0,0.5,1.0,-5.13,-5.13,-5.13,-5.13,1.0,0.0,20.0,1.0,0.5,1.0,1007.4,1007.4,1007.4,1007.4,1.0,0.0,20.0,1.0,0.5,1.0,8.0,8.0,8.0,8.0,1.0,0.0,20.0,1.0,0.5,1.0,-28.9,-28.9,-28.9,-28.9,1.0,0.0,20.0,1.0,0.5,1.0,-34.4,-34.4,-34.4,-34.4,1.0,0.0,20.0,1.0,0.5,1.0,3.0,3.0,3.0,3.0,1.0,0.0,20.0,1.0,0.5,1.0,20.1,20.1,20.1,20.1,1.0,0.0,20.0,1.0,0.5,1.0,5.08,5.08,5.08,5.08,1.0,0.0,20.0,1.0,0.5,1.0,34.0,34.0,34.0,34.0,1.0,0.0,20.0,1.0,0.5,1.0,-107.7,-107.7,-107.7,-107.7,1.0,0.0,20.0,1.0,0.5,1.0,-128.3,-128.3,-128.3,-128.3,1.0,0.0,20.0,1.0,0.5,1.0,-80.6,-80.6,-80.6,-80.6,1.0,0.0,20.0,1.0,0.5,1.0,-96.1,-96.1,-96.1,-96.1,1.0,0.0,20.0,1.0,0.5,1.0,-21.9,-21.9,-21.9,-21.9,1.0,0.0,20.0,1.0,0.5,1.0,-26.1,-26.1,-26.1,-26.1,1.0,0.0,20.0,1.0,0.5,1.0,301.0,301.0,301.0,301.0,1.0,0.0,20.0,1.0,0.5,1.0,300.0,300.0,300.0,300.0,1.0,0.0,20.0,1.0,0.5,1.0
1974,2,187.0,-8.0,28.1,28.1,28.24,28.17,3.0,0.12,18.0,0.7,0.3,0.7,27.97,28.35,28.73,28.35,2.0,0.78,18.0,0.5,0.4,0.8,17.66,17.93,18.19,17.93,2.0,0.54,18.0,0.5,0.4,0.8,73.8,74.3,74.9,74.3,2.0,1.1,18.0,0.5,0.8,8.37,8.75,9.13,8.75,2.0,0.78,18.0,0.5,0.4,0.8,-8.95,-8.2,-7.45,-8.2,2.0,1.55,18.0,0.5,0.4,0.8,-3.45,-2.05,-0.65,-2.05,2.0,2.9,18.0,0.5,0.4,0.8,1011.2,1011.2,1011.2,1011.2,2.0,0.0,18.0,0.5,0.4,0.8,3.2,3.5,3.8,3.5,2.0,0.7,18.0,0.5,0.4,0.8,-82.0,-72.4,-62.7,-72.4,2.0,20.0,18.0,0.5,0.4,0.8,-28.3,-16.8,-5.3,-16.8,2.0,23.8,18.0,0.5,0.4,0.8,-0.46,-0.15,0.16,-0.15,2.0,0.64,18.0,0.5,0.4,0.8,-3.7,-1.1,1.6,-1.1,2.0,5.5,18.0,0.5,0.4,0.8,5.9,6.06,6.23,6.06,2.0,0.34,18.0,0.5,0.4,0.8,49.5,53.2,56.9,53.2,2.0,7.7,18.0,0.5,0.4,0.8,-250.1,-231.9,-213.7,-231.9,2.0,37.7,18.0,0.5,0.4,0.8,-99.7,-59.2,-18.8,-59.2,2.0,83.8,18.0,0.5,0.4,0.8,-157.9,-146.6,-135.3,-146.6,2.0,23.4,18.0,0.5,0.4,0.8,-63.2,-37.5,-11.9,-37.5,2.0,53.1,18.0,0.5,0.4,0.8,-55.9,-50.0,-44.1,-50.0,2.0,12.2,18.0,0.5,0.4,0.8,-20.1,-11.9,-3.8,-11.9,2.0,16.9,18.0,0.5,0.4,0.8,591.5,678.0,764.0,678.0,2.0,179.0,18.0,0.5,0.4,0.8,590.0,680.0,765.0,680.0,2.0,180.0,18.0,0.5,0.4,0.8
1974,2,187.0,-7.0,28.4,28.4,28.4,28.4,2.0,0.0,18.0,1.0,0.7,0.3,28.2,28.2,28.2,28.2,1.0,0.0,18.0,1.0,0.7,0.3,15.55,15.55,15.55,15.55,1.0,0.0,18.0,1.0,0.7,0.3,65.0,65.0,65.0,65.0,1.0,0.0,18.0,1.0,0.3,9.8,9.8,9.8,9.8,1.0,0.0,18.0,1.0,0.7,0.3,-9.21,-9.21,-9.21,-9.21,1.0,0.0,18.0,1.0,0.7,0.3,-3.35,-3.35,-3.35,-3.35,1.0,0.0,18.0,1.0,0.7,0.3,1008.6,1008.6,1008.6,1008.6,1.0,0.0,18.0,1.0,0.7,0.3,3.0,3.0,3.0,3.0,1.0,0.0,18.0,1.0,0.7,0.3,-90.2,-90.2,-90.2,-90.2,1.0,0.0,18.0,1.0,0.7,0.3,-32.8,-32.8,-32.8,-32.8,1.0,0.0,18.0,1.0,0.7,0.3,0.2,0.2,0.2,0.2,1.0,0.0,18.0,1.0,0.7,0.3,2.0,2.0,2.0,2.0,1.0,0.0,18.0,1.0,0.7,0.3,8.79,8.79,8.79,8.79,1.0,0.0,18.0,1.0,0.7,0.3,86.1,86.1,86.1,86.1,1.0,0.0,18.0,1.0,0.7,0.3,-259.7,-259.7,-259.7,-259.7,1.0,0.0,18.0,1.0,0.7,0.3,-94.5,-94.5,-94.5,-94.5,1.0,0.0,18.0,1.0,0.7,0.3,-143.2,-143.2,-143.2,-143.2,1.0,0.0,18.0,1.0,0.7,0.3,-52.1,-52.1,-52.1,-52.1,1.0,0.0,18.0,1.0,0.7,0.3,-81.0,-81.0,-81.0,-81.0,1.0,0.0,18.0,1.0,0.7,0.3,-29.5,-29.5,-29.5,-29.5,1.0,0.0,18.0,1.0,0.7,0.3,941.0,941.0,941.0,941.0,1.0,0.0,18.0,1.0,0.7,0.3,940.0,940.0,940.0,940.0,1.0,0.0,18.0,1.0,0.7,0.3
1974,2,187.0,-5.0,27.0,27.0,27.0,27.0,1.0,0.0,20.0,0.0,0.3,0.1,25.5,25.5,25.5,25.5,1.0,0.0,20.0,0.0,0.3,0.1,18.91,18.91,18.91,18.91,1.0,0.0,20.0,0.0,0.3,0.1,92.5,92.5,92.5,92.5,1.0,0.0,20.0,0.0,0.1,6.2,6.2,6.2,6.2,1.0,0.0,20.0,0.0,0.3,0.1,-6.11,-6.11,-6.11,-6.11,1.0,0.0,20.0,0.0,0.3,0.1,-1.08,-1.08,-1.08,-1.08,1.0,0.0,20.0,0.0,0.3,0.1,1009.4,1009.4,1009.4,1009.4,1.0,0.0,20.0,0.0,0.3,0.1,0.0,0.0,0.0,0.0,1.0,0.0,20.0,0.0,0.3,0.1,-37.9,-37.9,-37.9,-37.9,1.0,0.0,20.0,0.0,0.3,0.1,-6.7,-6.7,-6.7,-6.7,1.0,0.0,20.0,0.0,0.3,0.1,1.5,1.5,1.5,1.5,1.0,0.0,20.0,0.0,0.3,0.1,9.3,9.3,9.3,9.3,1.0,0.0,20.0,0.0,0.3,0.1,3.47,3.47,3.47,3.47,1.0,0.0,20.0,0.0,0.3,0.1,21.5,21.5,21.5,21.5,1.0,0.0,20.0,0.0,0.3,0.1,-155.7,-155.7,-155.7,-155.7,1.0,0.0,20.0,0.0,0.3,0.1,-27.5,-27.5,-27.5,-27.5,1.0,0.0,20.0,0.0,0.3,0.1,-115.4,-115.4,-115.4,-115.4,1.0,0.0,20.0,0.0,0.3,0.1,-20.4,-20.4,-20.4,-20.4,1.0,0.0,20.0,0.0,0.3,0.1,-21.2,-21.2,-21.2,-21.2,1.0,0.0,20.0,0.0,0.3,0.1,-3.7,-3.7,-3.7,-3.7,1.0,0.0,20.0,0.0,0.3,0.1,238.5,238.5,238.5,238.5,1.0,0.0,20.0,0.0,0.3,0.1,240.0,240.0,240.0,240.0,1.0,0.0,20.0,0.0,0.3,0.1
1974,2,187.0,-4.0,,,,,,,,,,,,,,,,,,,,,,,,,,,,,,,,,,,,,,,,8.2,8.2,8.2,8.2,1.0,0.0,18.0,0.0,0.5,0.2,-7.71,-7.71,-7.71,-7.71,1.0,0.0,18.0,0.0,0.5,0.2,-2.8,-2.8,-2.8,-2.8,1.0,0.0,18.0,0.0,0.5,0.2,1009.3,1009.3,1009.3,1009.3,1.0,0.0,18.0,0.0,0.5,0.2,0.5,1.5,2.5,1.5,2.0,2.1,18.0,0.0,0.4,0.2,-63.2,-63.2,-63.2,-63.2,1.0,0.0,18.0,0.0,0.5,0.2,-23.0,-23.0,-23.0,-23.0,1.0,0.0,18.0,0.0,0.5,0.2,,,,,,,,,,,,,,,,,,,,,,,,,,,,,,,,,,,,,,,,,-203.4,-203.4,-203.4,-203.4,1.0,0.0,18.0,0.0,0.5,0.2,-74.0,-74.0,-74.0,-74.0,1.0,0.0,18.0,0.0,0.5,0.2,-135.4,-135.4,-135.4,-135.4,1.0,0.0,18.0,0.0,0.5,0.2,-49.3,-49.3,-49.3,-49.3,1.0,0.0,18.0,0.0,0.5,0.2,,,,,,,,,,,,,,,,,,,,,,,,,,,,,,,,,,,,,,,,
1974,2,187.0,2.0,27.0,27.0,27.0,27.0,1.0,0.0,22.0,1.0,0.2,0.2,24.8,26.1,27.4,26.1,2.0,2.69,16.0,0.5,0.4,0.1,15.75,15.75,15.75,15.75,1.0,0.0,10.0,0.0,0.5,0.1,83.3,83.3,83.3,83.3,1.0,0.0,10.0,0.0,0.1,3.91,5.65,7.39,5.65,2.0,3.61,16.0,0.5,0.4,0.1,-6.91,-5.2,-3.48,-5.2,2.0,3.55,16.0,0.5,0.4,0.1,-0.86,0.63,2.11,0.63,2.0,3.08,16.0,0.5,0.4,0.1,1008.2,1008.2,1008.2,1008.2,1.0,0.0,10.0,0.0,0.5,0.1,4.5,5.5,6.5,5.5,2.0,2.1,16.0,0.5,0.4,0.1,-54.5,-35.8,-17.0,-35.8,2.0,38.8,16.0,0.5,0.4,0.1,-0.4,9.1,18.6,9.1,2.0,19.7,16.0,0.5,0.4,0.1,,,,,,,,,,,,,,,,,,,,,,,,,,,,,,,,,,,,,,,,,-191.8,-140.4,-88.9,-140.4,2.0,106.6,16.0,0.5,0.4,0.1,-19.1,20.5,60.1,20.5,2.0,82.1,16.0,0.5,0.4,0.1,-42.3,-42.3,-42.3,-42.3,1.0,0.0,10.0,0.0,0.5,0.1,-24.4,-24.4,-24.4,-24.4,1.0,0.0,10.0,0.0,0.5,0.1,,,,,,,,,,,,,,,,,,,,,,,,,,,,,,,,,,,,,,,,
1974,2,187.0,4.0,,,,,,,,,,,,,,,,,,,,,,,,,,,,,,,,,,,,,,,,,,,,,,,,,,,,,,,,,,,,,,,,,,,,,,,,,,,,,,,,2.0,2.0,2.0,2.0,1.0,0.0,28.0,1.0,0.6,0.3,-24.4,-24.4,-24.4,-24.4,1.0,0.0,28.0,1.0,0.6,0.3,8.9,8.9,8.9,8.9,1.0,0.0,28.0,1.0,0.6,0.3,,,,,,,,,,,,,,,,,,,,,,,,,,,,,,,,,,,,,,,,,,,,,,,,,,,,,,,,,,,,,,,,,,,,,,,,,,,,,,,,,,,,,,,,,,,,,,,,,,,,,,,,,,,,,,,,,,,,,,,,
1974,2,187.0,5.0,27.8,27.8,27.8,27.8,1.0,0.0,28.0,0.0,0.4,0.8,28.4,28.4,28.4,28.4,1.0,0.0,28.0,0.0,0.4,0.8,21.25,21.25,21.25,21.25,1.0,0.0,28.0,0.0,0.4,0.8,87.4,87.4,87.4,87.4,1.0,0.0,28.0,0.0,0.8,8.7,8.7,8.7,8.7,1.0,0.0,28.0,0.0,0.4,0.8,-8.7,-8.7,-8.7,-8.7,1.0,0.0,28.0,0.0,0.4,0.8,0.0,0.0,0.0,0.0,1.0,0.0,28.0,0.0,0.4,0.8,1007.5,1007.5,1007.5,1007.5,1.0,0.0,28.0,0.0,0.4,0.8,5.0,5.0,5.0,5.0,1.0,0.0,28.0,0.0,0.4,0.8,-75.7,-75.7,-75.7,-75.7,1.0,0.0,28.0,0.0,0.4,0.8,0.0,0.0,0.0,0.0,1.0,0.0,28.0,0.0,0.4,0.8,-0.6,-0.6,-0.6,-0.6,1.0,0.0,28.0,0.0,0.4,0.8,-5.2,-5.2,-5.2,-5.2,1.0,0.0,28.0,0.0,0.4,0.8,2.27,2.27,2.27,2.27,1.0,0.0,28.0,0.0,0.4,0.8,19.7,19.7,19.7,19.7,1.0,0.0,28.0,0.0,0.4,0.8,-247.1,-247.1,-247.1,-247.1,1.0,0.0,28.0,0.0,0.4,0.8,0.0,0.0,0.0,0.0,1.0,0.0,28.0,0.0,0.4,0.8,-184.8,-184.8,-184.8,-184.8,1.0,0.0,28.0,0.0,0.4,0.8,0.0,0.0,0.0,0.0,1.0,0.0,28.0,0.0,0.4,0.8,-19.7,-19.7,-19.7,-19.7,1.0,0.0,28.0,0.0,0.4,0.8,0.0,0.0,0.0,0.0,1.0,0.0,28.0,0.0,0.4,0.8,658.5,658.5,658.5,658.5,1.0,0.0,28.0,0.0,0.4,0.8,660.0,660.0,660.0,660.0,1.0,0.0,28.0,0.0,0.4,0.8
1974,2,187.0,11.0,26.66,27.0,27.34,27.0,2.0,0.71,14.0,0.5,0.7,0.6,25.4,26.25,27.1,26.25,2.0,1.77,14.0,0.5,0.7,0.6,15.53,15.54,15.55,15.54,2.0,0.02,14.0,0.5,0.7,0.6,69.4,73.1,76.8,73.1,2.0,7.6,14.0,0.5,0.6,10.88,11.05,11.22,11.05,2.0,0.35,14.0,0.5,0.7,0.6,-10.54,-10.38,-10.22,-10.38,2.0,0.33,14.0,0.5,0.7,0.6,-3.84,-3.78,-3.72,-3.78,2.0,0.12,14.0,0.5,0.7,0.6,1008.29,1008.9,1009.51,1008.9,2.0,1.27,14.0,0.5,0.7,0.6,3.8,5.5,7.2,5.5,2.0,3.5,14.0,0.5,0.7,0.6,-118.3,-114.8,-111.3,-114.8,2.0,7.3,14.0,0.5,0.7,0.6,-43.1,-41.8,-40.5,-41.8,2.0,2.7,14.0,0.5,0.7,0.6,0.24,0.75,1.26,0.75,2.0,1.06,14.0,0.5,0.7,0.6,2.7,8.5,14.3,8.5,2.0,12.0,14.0,0.5,0.7,0.6,6.4,6.86,7.32,6.86,2.0,0.95,14.0,0.5,0.7,0.6,71.7,75.6,79.5,75.6,2.0,8.1,14.0,0.5,0.7,0.6,-276.9,-272.3,-267.6,-272.3,2.0,9.6,14.0,0.5,0.7,0.6,-100.8,-99.1,-97.4,-99.1,2.0,3.5,14.0,0.5,0.7,0.6,-163.8,-161.4,-159.0,-161.4,2.0,5.0,14.0,0.5,0.7,0.6,-59.6,-58.7,-57.9,-58.7,2.0,1.8,14.0,0.5,0.7,0.6,-74.7,-71.0,-67.4,-71.0,2.0,7.6,14.0,0.5,0.7,0.6,-27.2,-25.9,-24.5,-25.9,2.0,2.8,14.0,0.5,0.7,0.6,1289.0,1351.5,1414.0,1351.5,2.0,129.5,14.0,0.5,0.7,0.6,1290.0,1350.0,1415.0,1350.0,2.0,130.0,14.0,0.5,0.7,0.6
1974,2,187.0,13.0,25.6,25.6,25.6,25.6,1.0,0.0,2.0,0.0,0.5,0.2,25.7,25.7,25.7,25.7,1.0,0.0,2.0,0.0,0.5,0.2,16.47,16.47,16.47,16.47,1.0,0.0,2.0,0.0,0.5,0.2,80.0,80.0,80.0,80.0,1.0,0.0,2.0,0.0,0.2,6.2,6.2,6.2,6.2,1.0,0.0,2.0,0.0,0.5,0.2,-6.11,-6.11,-6.11,-6.11,1.0,0.0,2.0,0.0,0.5,0.2,-1.08,-1.08,-1.08,-1.08,1.0,0.0,2.0,0.0,0.5,0.2,1012.7,1012.7,1012.7,1012.7,1.0,0.0,2.0,0.0,0.5,0.2,1.0,1.0,1.0,1.0,1.0,0.0,2.0,0.0,0.5,0.2,-37.9,-37.9,-37.9,-37.9,1.0,0.0,2.0,0.0,0.5,0.2,-6.7,-6.7,-6.7,-6.7,1.0,0.0,2.0,0.0,0.5,0.2,-0.1,-0.1,-0.1,-0.1,1.0,0.0,2.0,0.0,0.5,0.2,-0.6,-0.6,-0.6,-0.6,1.0,0.0,2.0,0.0,0.5,0.2,4.04,4.04,4.04,4.04,1.0,0.0,2.0,0.0,0.5,0.2,25.0,25.0,25.0,25.0,1.0,0.0,2.0,0.0,0.5,0.2,-156.9,-156.9,-156.9,-156.9,1.0,0.0,2.0,0.0,0.5,0.2,-27.7,-27.7,-27.7,-27.7,1.0,0.0,2.0,0.0,0.5,0.2,-100.6,-100.6,-100.6,-100.6,1.0,0.0,2.0,0.0,0.5,0.2,-17.7,-17.7,-17.7,-17.7,1.0,0.0,2.0,0.0,0.5,0.2,-24.7,-24.7,-24.7,-24.7,1.0,0.0,2.0,0.0,0.5,0.2,-4.3,-4.3,-4.3,-4.3,1.0,0.0,2.0,0.0,0.5,0.2,238.5,238.5,238.5,238.5,1.0,0.0,2.0,0.0,0.5,0.2,240.0,240.0,240.0,240.0,1.0,0.0,2.0,0.0,0.5,0.2
1974,2,187.0,15.0,23.9,23.9,23.9,23.9,1.0,0.0,18.0,0.0,0.8,0.9,26.1,26.1,26.1,26.1,1.0,0.0,18.0,0.0,0.8,0.9,17.47,17.47,17.47,17.47,1.0,0.0,18.0,0.0,0.8,0.9,83.1,83.1,83.1,83.1,1.0,0.0,18.0,0.0,0.9,9.3,9.3,9.3,9.3,1.0,0.0,18.0,0.0,0.8,0.9,-9.16,-9.16,-9.16,-9.16,1.0,0.0,18.0,0.0,0.8,0.9,1.61,1.61,1.61,1.61,1.0,0.0,18.0,0.0,0.8,0.9,1015.2,1015.2,1015.2,1015.2,1.0,0.0,18.0,0.0,0.8,0.9,3.0,3.0,3.0,3.0,1.0,0.0,18.0,0.0,0.8,0.9,-85.2,-85.2,-85.2,-85.2,1.0,0.0,18.0,0.0,0.8,0.9,15.0,15.0,15.0,15.0,1.0,0.0,18.0,0.0,0.8,0.9,-2.2,-2.2,-2.2,-2.2,1.0,0.0,18.0,0.0,0.8,0.9,-20.5,-20.5,-20.5,-20.5,1.0,0.0,18.0,0.0,0.8,0.9,0.99,0.99,0.99,0.99,1.0,0.0,18.0,0.0,0.8,0.9,9.2,9.2,9.2,9.2,1.0,0.0,18.0,0.0,0.8,0.9,-239.0,-239.0,-239.0,-239.0,1.0,0.0,18.0,0.0,0.8,0.9,42.1,42.1,42.1,42.1,1.0,0.0,18.0,0.0,0.8,0.9,-160.0,-160.0,-160.0,-160.0,1.0,0.0,18.0,0.0,0.8,0.9,28.2,28.2,28.2,28.2,1.0,0.0,18.0,0.0,0.8,0.9,-9.0,-9.0,-9.0,-9.0,1.0,0.0,18.0,0.0,0.8,0.9,1.6,1.6,1.6,1.6,1.0,0.0,18.0,0.0,0.8,0.9,804.5,804.5,804.5,804.5,1.0,0.0,18.0,0.0,0.8,0.9,805.0,805.0,805.0,805.0,1.0,0.0,18.0,0.0,0.8,0.9
1974,2,187.0,16.0,24.07,24.45,24.83,24.45,2.0,0.78,14.0,0.0,1.0,0.4,24.5,24.7,24.9,24.7,2.0,0.42,14.0,0.0,1.0,0.4,15.43,16.15,16.88,16.15,2.0,1.5,14.0,0.0,1.0,0.4,80.6,83.2,85.8,83.2,2.0,5.4,14.0,0.0,0.4,1.64,4.1,6.56,4.1,2.0,5.09,14.0,0.0,1.0,0.4,-6.38,-3.79,-1.2,-3.79,2.0,5.36,14.0,0.0,1.0,0.4,-0.21,0.42,1.05,0.42,2.0,1.3,14.0,0.0,1.0,0.4,1011.82,1012.5,1013.18,1012.5,2.0,1.41,14.0,0.0,1.0,0.4,4.0,4.0,4.0,4.0,1.0,0.0,28.0,0.0,1.0,0.2,-49.1,-29.2,-9.3,-29.2,2.0,41.3,14.0,0.0,1.0,0.4,1.4,5.0,8.6,5.0,2.0,7.5,14.0,0.0,1.0,0.4,-0.83,-0.25,0.33,-0.25,2.0,1.2,14.0,0.0,1.0,0.4,-7.1,-4.1,-1.1,-4.1,2.0,6.2,14.0,0.0,1.0,0.4,1.84,2.99,4.14,2.99,2.0,2.38,14.0,0.0,1.0,0.4,3.6,6.2,8.9,6.2,2.0,5.5,14.0,0.0,1.0,0.4,-159.5,-94.8,-30.1,-94.8,2.0,134.1,14.0,0.0,1.0,0.4,-5.0,10.6,26.2,10.6,2.0,32.3,14.0,0.0,1.0,0.4,-109.8,-65.3,-20.7,-65.3,2.0,92.3,14.0,0.0,1.0,0.4,-2.7,7.7,18.2,7.7,2.0,21.6,14.0,0.0,1.0,0.4,-8.4,-5.0,-1.6,-5.0,2.0,7.0,14.0,0.0,1.0,0.4,-1.7,-0.3,1.1,-0.3,2.0,2.9,14.0,0.0,1.0,0.4,72.5,228.5,384.0,228.5,2.0,322.5,14.0,0.0,1.0,0.4,75.0,230.0,385.0,230.0,2.0,325.0,14.0,0.0,1.0,0.4
1974,2,187.0,17.0,24.4,24.4,24.4,24.4,1.0,0.0,18.0,0.0,0.2,0.0,26.91,27.35,27.79,27.35,2.0,0.92,14.0,0.5,0.3,0.1,17.26,17.26,17.26,17.26,1.0,0.0,18.0,0.0,0.2,0.0,79.2,79.2,79.2,79.2,1.0,0.0,18.0,0.0,0.0,5.78,5.95,6.12,5.95,2.0,0.35,14.0,0.5,0.3,0.1,-5.81,-5.76,-5.72,-5.76,2.0,0.09,14.0,0.5,0.3,0.1,0.34,1.06,1.78,1.06,2.0,1.5,14.0,0.5,0.3,0.1,1015.1,1015.1,1015.1,1015.1,1.0,0.0,18.0,0.0,0.2,0.0,7.2,7.5,7.8,7.5,2.0,0.7,14.0,0.5,0.3,0.1,-35.5,-34.3,-33.1,-34.3,2.0,2.6,14.0,0.5,0.3,0.1,2.1,6.6,11.1,6.6,2.0,9.3,14.0,0.5,0.3,0.1,-2.3,-2.3,-2.3,-2.3,1.0,0.0,18.0,0.0,0.2,0.0,-14.3,-14.3,-14.3,-14.3,1.0,0.0,18.0,0.0,0.2,0.0,1.77,1.77,1.77,1.77,1.0,0.0,18.0,0.0,0.2,0.0,11.0,11.0,11.0,11.0,1.0,0.0,18.0,0.0,0.2,0.0,-159.0,-157.6,-156.2,-157.6,2.0,2.9,14.0,0.5,0.3,0.1,9.0,28.3,47.6,28.3,2.0,40.0,14.0,0.5,0.3,0.1,-100.6,-100.6,-100.6,-100.6,1.0,0.0,18.0,0.0,0.2,0.0,36.6,36.6,36.6,36.6,1.0,0.0,18.0,0.0,0.2,0.0,-10.3,-10.3,-10.3,-10.3,1.0,0.0,18.0,0.0,0.2,0.0,3.8,3.8,3.8,3.8,1.0,0.0,18.0,0.0,0.2,0.0,193.5,212.0,230.0,212.0,2.0,37.5,14.0,0.5,0.3,0.1,195.0,210.0,230.0,210.0,2.0,40.0,14.0,0.5,0.3,0.1
1974,2,187.0,18.0,25.73,26.0,26.48,26.1,3.0,0.56,14.0,0.3,0.3,0.5,23.9,24.25,26.33,25.08,4.0,1.97,18.0,0.5,0.5,0.4,14.74,15.93,15.94,15.36,3.0,1.01,14.0,0.3,0.3,0.5,78.6,83.4,85.8,82.3,3.0,5.4,14.0,0.3,0.5,3.58,5.9,9.06,6.3,4.0,3.32,18.0,0.5,0.5,0.4,-8.76,-5.19,-3.12,-5.9,4.0,3.43,18.0,0.5,0.5,0.4,-0.94,1.32,2.63,0.87,4.0,2.16,18.0,0.5,0.5,0.4,1012.74,1013.6,1014.72,1013.73,4.0,1.21,18.0,0.5,0.5,0.4,2.0,3.0,5.0,3.5,4.0,1.9,18.0,0.5,0.5,0.4,-81.3,-34.3,-11.2,-45.7,4.0,44.5,18.0,0.5,0.5,0.4,-9.7,5.4,15.8,3.2,4.0,16.6,18.0,0.5,0.5,0.4,1.39,2.0,2.61,2.0,3.0,0.9,14.0,0.3,0.3,0.5,6.9,8.5,10.8,8.9,3.0,2.9,14.0,0.3,0.3,0.5,4.97,5.92,6.54,5.76,3.0,1.15,14.0,0.3,0.3,0.5,22.1,24.3,31.5,26.8,3.0,7.2,14.0,0.3,0.3,0.5,-233.2,-126.0,-74.6,-152.6,4.0,100.1,18.0,0.5,0.5,0.4,-26.2,31.4,63.7,19.3,4.0,55.1,18.0,0.5,0.5,0.4,-94.6,-50.0,-45.9,-69.8,3.0,39.6,14.0,0.3,0.3,0.5,13.3,42.0,42.0,28.0,3.0,24.2,14.0,0.3,0.3,0.5,-29.1,-21.2,-19.4,-24.2,3.0,7.6,14.0,0.3,0.3,0.5,3.8,11.9,14.4,9.2,3.0,8.2,14.0,0.3,0.3,0.5,48.5,262.5,790.0,412.0,4.0,493.0,18.0,0.5,0.5,0.4,50.0,265.0,790.0,410.0,4.0,495.0,18.0,0.5,0.5,0.4
1974,2,187.0,19.0,26.7,26.7,26.7,26.7,1.0,0.0,2.0,0.0,0.4,0.4,26.7,26.7,26.7,26.7,1.0,0.0,2.0,0.0,0.4,0.4,16.43,16.43,16.43,16.43,1.0,0.0,2.0,0.0,0.4,0.4,75.4,75.4,75.4,75.4,1.0,0.0,2.0,0.0,0.4,4.1,4.1,4.1,4.1,1.0,0.0,2.0,0.0,0.4,0.4,-4.1,-4.1,-4.1,-4.1,1.0,0.0,2.0,0.0,0.4,0.4,0.0,0.0,0.0,0.0,1.0,0.0,2.0,0.0,0.4,0.4,1015.0,1015.0,1015.0,1015.0,1.0,0.0,2.0,0.0,0.4,0.4,3.0,3.0,3.0,3.0,1.0,0.0,2.0,0.0,0.4,0.4,-16.8,-16.8,-16.8,-16.8,1.0,0.0,2.0,0.0,0.4,0.4,0.0,0.0,0.0,0.0,1.0,0.0,2.0,0.0,0.4,0.4,0.0,0.0,0.0,0.0,1.0,0.0,2.0,0.0,0.4,0.4,0.0,0.0,0.0,0.0,1.0,0.0,2.0,0.0,0.4,0.4,5.42,5.42,5.42,5.42,1.0,0.0,2.0,0.0,0.4,0.4,22.2,22.2,22.2,22.2,1.0,0.0,2.0,0.0,0.4,0.4,-109.5,-109.5,-109.5,-109.5,1.0,0.0,2.0,0.0,0.4,0.4,0.0,0.0,0.0,0.0,1.0,0.0,2.0,0.0,0.4,0.4,-67.4,-67.4,-67.4,-67.4,1.0,0.0,2.0,0.0,0.4,0.4,0.0,0.0,0.0,0.0,1.0,0.0,2.0,0.0,0.4,0.4,-22.2,-22.2,-22.2,-22.2,1.0,0.0,2.0,0.0,0.4,0.4,0.0,0.0,0.0,0.0,1.0,0.0,2.0,0.0,0.4,0.4,69.0,69.0,69.0,69.0,1.0,0.0,2.0,0.0,0.4,0.4,70.0,70.0,70.0,70.0,1.0,0.0,2.0,0.0,0.4,0.4
1974,2,187.0,20.0,23.52,24.55,24.99,24.46,8.0,0.98,18.0,0.8,0.7,0.3,24.59,26.1,28.04,26.11,11.0,1.54,14.0,0.9,0.6,0.2,15.59,16.54,17.58,16.59,9.0,1.14,16.0,0.9,0.7,0.3,75.4,83.4,86.2,80.8,9.0,6.5,16.0,0.9,0.3,3.19,5.1,7.91,5.55,11.0,2.9,14.0,0.8,0.6,0.3,-7.58,-1.8,0.37,-2.44,11.0,4.34,14.0,0.8,0.6,0.3,-1.37,2.12,4.14,0.77,11.0,4.04,14.0,0.8,0.6,0.3,1009.23,1014.6,1017.88,1014.08,11.0,4.33,14.0,0.8,0.7,0.3,1.0,3.0,3.4,2.5,11.0,1.3,14.0,0.9,0.6,0.2,-58.4,-6.5,1.9,-19.7,11.0,33.6,14.0,0.8,0.6,0.3,-10.9,6.7,20.1,-2.3,11.0,32.7,14.0,0.8,0.6,0.3,-2.01,-1.1,-0.36,-0.97,7.0,0.94,20.0,0.9,0.7,0.3,-15.5,-2.9,-1.6,-6.0,7.0,7.6,20.0,0.9,0.7,0.3,2.05,2.83,3.53,2.83,7.0,0.98,20.0,0.9,0.7,0.3,7.3,14.4,18.6,15.5,7.0,9.8,20.0,0.9,0.7,0.3,-176.6,-29.4,13.4,-51.7,10.0,107.0,16.0,0.9,0.6,0.2,-35.5,58.6,107.7,22.1,10.0,112.6,16.0,0.9,0.6,0.2,-93.4,-7.9,11.3,-23.8,9.0,66.1,16.0,0.9,0.7,0.3,-14.1,45.0,76.8,35.9,9.0,41.2,16.0,0.9,0.7,0.3,-15.6,-3.7,0.1,-8.5,7.0,13.1,20.0,0.9,0.7,0.3,-2.8,6.4,14.6,6.4,7.0,8.6,20.0,0.9,0.7,0.3,34.5,132.5,495.5,293.0,11.0,328.0,14.0,0.8,0.6,0.3,35.0,135.0,495.0,295.0,11.0,330.0,14.0,0.8,0.6,0.3
1974,2,187.0,21.0,24.5,24.6,26.46,25.08,15.0,1.46,22.0,0.7,0.5,0.6,22.5,23.25,24.5,23.37,16.0,1.01,22.0,0.7,0.4,0.5,13.52,14.4,15.75,14.65,14.0,1.12,22.0,0.6,0.5,0.6,79.6,82.2,88.2,82.9,14.0,5.6,22.0,0.6,0.6,3.29,5.1,6.12,4.74,16.0,1.24,22.0,0.7,0.4,0.5,-5.14,-3.88,0.0,-3.0,16.0,2.71,22.0,0.7,0.4,0.5,-1.87,0.71,4.1,0.78,16.0,2.82,22.0,0.7,0.4,0.5,1008.67,1010.5,1015.25,1011.56,15.0,3.42,22.0,0.7,0.5,0.6,2.4,3.0,5.2,3.7,16.0,1.8,22.0,0.7,0.4,0.5,-30.1,-17.9,0.0,-15.3,16.0,15.6,22.0,0.7,0.4,0.5,-10.3,3.0,19.5,3.5,16.0,15.1,22.0,0.7,0.4,0.5,0.6,1.3,2.43,1.82,15.0,1.57,22.0,0.7,0.5,0.6,2.6,6.1,11.7,9.1,15.0,9.4,22.0,0.7,0.5,0.6,3.66,4.66,7.53,5.28,14.0,2.09,22.0,0.6,0.5,0.6,12.4,18.2,38.6,25.4,14.0,15.9,22.0,0.6,0.5,0.6,-119.5,-88.2,0.0,-70.3,16.0,64.1,22.0,0.7,0.4,0.5,-42.1,15.7,94.9,18.3,16.0,66.4,22.0,0.7,0.4,0.5,-65.3,-51.7,0.0,-35.9,14.0,38.4,22.0,0.6,0.5,0.6,-26.2,8.0,63.1,11.5,14.0,45.3,22.0,0.6,0.5,0.6,-30.4,-12.9,0.0,-13.8,14.0,18.4,22.0,0.6,0.5,0.6,-10.0,2.3,19.4,4.9,14.0,19.3,22.0,0.6,0.5,0.6,36.0,132.5,230.0,126.5,16.0,79.0,22.0,0.7,0.4,0.5,35.0,135.0,230.0,125.0,16.0,80.0,22.0,0.7,0.4,0.5
1974,2,187.0,22.0,23.29,24.4,25.25,24.38,11.0,0.98,12.0,0.4,0.6,0.4,23.19,24.0,25.13,24.18,12.0,1.38,12.0,0.3,0.6,0.4,12.97,14.61,15.93,14.78,12.0,1.63,12.0,0.3,0.6,0.4,71.1,78.4,85.5,79.0,12.0,8.6,12.0,0.3,0.4,4.47,6.45,9.81,7.07,12.0,3.3,12.0,0.3,0.6,0.4,-9.76,-6.24,-3.65,-6.04,12.0,4.63,12.0,0.3,0.6,0.4,-1.43,0.0,0.36,-0.48,12.0,1.96,12.0,0.3,0.6,0.4,1014.9,1016.9,1018.73,1016.73,12.0,2.17,12.0,0.3,0.6,0.4,1.7,3.0,7.0,4.0,12.0,2.4,12.0,0.3,0.6,0.4,-96.5,-41.7,-16.4,-55.1,12.0,60.7,12.0,0.3,0.6,0.4,-12.4,0.0,1.5,-5.6,12.0,14.2,12.0,0.3,0.6,0.4,-0.88,-0.3,1.71,0.15,11.0,2.01,12.0,0.4,0.6,0.4,-8.5,-1.5,9.1,1.1,11.0,13.0,12.0,0.4,0.6,0.4,1.69,4.64,6.42,4.22,11.0,2.57,12.0,0.4,0.6,0.4,7.2,30.8,51.2,31.0,11.0,23.4,12.0,0.4,0.6,0.4,-237.2,-148.1,-81.6,-145.5,12.0,112.5,12.0,0.3,0.6,0.4,-35.6,0.0,8.6,-10.0,12.0,46.3,12.0,0.3,0.6,0.4,-136.5,-89.7,-48.2,-88.8,12.0,68.3,12.0,0.3,0.6,0.4,-20.6,0.0,5.2,-5.5,12.0,26.1,12.0,0.3,0.6,0.4,-44.4,-30.3,-1.6,-25.5,11.0,25.5,12.0,0.4,0.6,0.4,-8.9,0.0,2.7,-5.0,11.0,14.5,12.0,0.4,0.6,0.4,90.0,269.5,966.5,593.5,12.0,855.5,12.0,0.3,0.6,0.4,90.0,270.0,965.0,595.0,12.0,855.0,12.0,0.3,0.6,0.4
1974,2,187.0,23.0,23.07,24.0,25.0,24.14,15.0,1.14,14.0,0.5,0.5,0.4,22.5,23.1,25.17,23.57,15.0,1.25,14.0,0.5,0.5,0.4,13.52,14.1,15.34,14.27,14.0,1.12,14.0,0.4,0.4,0.4,75.1,81.1,83.7,79.6,15.0,4.8,14.0,0.5,0.4,3.71,6.7,10.3,7.03,15.0,2.96,14.0,0.5,0.5,0.4,-10.16,-4.79,1.52,-4.8,15.0,5.24,14.0,0.5,0.5,0.4,0.0,1.06,4.4,1.5,15.0,2.69,14.0,0.5,0.5,0.4,1016.31,1017.9,1019.94,1017.02,14.0,3.39,14.0,0.4,0.4,0.4,2.0,4.0,6.0,3.9,15.0,2.5,14.0,0.5,0.5,0.4,-104.7,-24.4,8.6,-44.6,15.0,52.0,14.0,0.5,0.5,0.4,0.0,3.3,35.0,11.8,15.0,18.5,14.0,0.5,0.5,0.4,-1.08,1.0,1.98,0.57,15.0,1.58,14.0,0.5,0.5,0.4,-8.3,6.2,13.8,4.6,15.0,12.1,14.0,0.5,0.5,0.4,2.03,4.42,6.25,4.44,14.0,1.94,14.0,0.4,0.4,0.4,15.1,26.7,49.0,30.8,14.0,18.9,14.0,0.4,0.4,0.4,-232.2,-110.7,38.7,-109.8,15.0,123.4,14.0,0.5,0.5,0.4,0.0,24.5,111.4,37.1,15.0,65.3,14.0,0.5,0.5,0.4,-145.0,-87.0,-2.4,-75.1,14.0,75.1,14.0,0.4,0.4,0.4,0.0,6.9,49.1,17.9,14.0,37.5,14.0,0.4,0.4,0.4,-43.2,-18.9,-0.8,-23.1,14.0,23.4,14.0,0.4,0.4,0.4,0.0,1.1,10.4,5.7,14.0,14.8,14.0,0.4,0.4,0.4,51.5,301.0,1092.5,520.5,15.0,490.5,14.0,0.5,0.5,0.4,50.0,300.0,1095.0,520.0,15.0,490.0,14.0,0.5,0.5,0.4
1974,2,187.0,24.0,23.01,23.55,23.96,23.34,10.0,1.31,16.0,0.6,0.6,0.5,21.83,23.3,25.2,23.43,10.0,1.74,16.0,0.6,0.6,0.5,14.26,14.7,17.55,14.87,9.0,3.34,14.0,0.6,0.6,0.5,78.7,84.2,93.4,82.1,9.0,14.6,14.0,0.6,0.5,3.6,5.65,9.4,6.17,10.0,2.74,16.0,0.6,0.6,0.5,-5.1,-2.69,-0.46,-2.95,10.0,3.49,16.0,0.6,0.6,0.5,-2.95,0.44,6.48,0.89,10.0,5.2,16.0,0.6,0.6,0.5,1014.5,1015.4,1020.86,1016.96,10.0,3.24,16.0,0.6,0.6,0.5,3.0,4.0,6.0,4.2,10.0,1.4,16.0,0.6,0.6,0.5,-41.3,-9.4,-1.9,-21.2,10.0,35.0,16.0,0.6,0.6,0.5,-10.1,2.3,44.1,9.8,10.0,42.3,16.0,0.6,0.6,0.5,-1.79,-0.15,1.56,-0.09,10.0,1.72,16.0,0.6,0.6,0.5,-8.9,-1.7,9.0,-1.0,10.0,12.9,16.0,0.6,0.6,0.5,0.45,2.68,3.93,2.92,9.0,3.38,14.0,0.6,0.6,0.5,3.2,13.9,35.3,21.2,9.0,27.9,14.0,0.6,0.6,0.5,-123.3,-61.0,-11.3,-68.6,10.0,82.3,16.0,0.6,0.6,0.5,-67.1,9.7,164.4,28.1,10.0,123.8,16.0,0.6,0.6,0.5,-82.9,-30.8,-4.3,-44.5,9.0,56.8,14.0,0.6,0.6,0.5,-46.0,12.5,112.1,28.4,9.0,75.8,14.0,0.6,0.6,0.5,-5.2,-3.6,3.5,-5.6,9.0,13.7,14.0,0.6,0.6,0.5,-11.3,0.0,11.9,-7.4,9.0,31.6,14.0,0.6,0.6,0.5,46.5,185.5,861.0,367.5,10.0,417.0,16.0,0.6,0.6,0.5,45.0,185.0,860.0,365.0,10.0,415.0,16.0,0.6,0.6,0.5
1974,2,187.0,25.0,22.75,22.85,22.95,22.85,2.0,0.21,14.0,0.5,0.4,0.3,20.53,20.6,20.67,20.6,2.0,0.14,14.0,0.5,0.4,0.3,13.02,13.02,13.02,13.02,1.0,0.0,6.0,1.0,0.1,0.4,86.1,86.1,86.1,86.1,1.0,0.0,6.0,1.0,0.4,6.36,6.7,7.04,6.7,2.0,0.71,14.0,0.5,0.4,0.3,-0.42,1.37,3.15,1.37,2.0,3.7,14.0,0.5,0.4,0.3,-2.87,1.17,5.21,1.17,2.0,8.37,14.0,0.5,0.4,0.3,1011.6,1013.55,1015.5,1013.55,2.0,4.03,14.0,0.5,0.4,0.3,3.8,5.5,7.2,5.5,2.0,3.5,14.0,0.5,0.4,0.3,-3.7,7.9,19.4,7.9,2.0,23.8,14.0,0.5,0.4,0.3,-16.7,10.8,38.3,10.8,2.0,56.9,14.0,0.5,0.4,0.3,2.08,2.25,2.42,2.25,2.0,0.35,14.0,0.5,0.4,0.3,13.3,15.2,17.1,15.2,2.0,4.0,14.0,0.5,0.4,0.3,4.11,4.11,4.11,4.11,1.0,0.0,6.0,1.0,0.1,0.4,25.5,25.5,25.5,25.5,1.0,0.0,6.0,1.0,0.1,0.4,-8.5,28.4,65.3,28.4,2.0,76.5,14.0,0.5,0.4,0.3,-59.6,23.5,106.7,23.5,2.0,172.3,14.0,0.5,0.4,0.3,51.9,51.9,51.9,51.9,1.0,0.0,6.0,1.0,0.1,0.4,-61.9,-61.9,-61.9,-61.9,1.0,0.0,6.0,1.0,0.1,0.4,16.4,16.4,16.4,16.4,1.0,0.0,6.0,1.0,0.1,0.4,-19.5,-19.5,-19.5,-19.5,1.0,0.0,6.0,1.0,0.1,0.4,259.5,306.0,352.0,306.0,2.0,95.5,14.0,0.5,0.4,0.3,260.0,305.0,350.0,305.0,2.0,95.0,14.0,0.5,0.4,0.3
1974,2,187.0,26.0,19.52,20.65,21.78,20.65,2.0,2.33,18.0,0.0,0.7,0.3,21.84,22.8,25.67,23.73,3.0,2.91,14.0,0.3,0.5,0.5,12.81,15.45,16.13,14.49,3.0,2.57,14.0,0.3,0.5,0.5,70.8,73.2,88.2,79.4,3.0,13.9,14.0,0.3,0.5,3.92,4.6,4.94,4.43,3.0,0.76,14.0,0.3,0.5,0.5,-2.93,1.57,2.92,0.03,3.0,4.49,14.0,0.3,0.5,0.5,-0.15,0.89,3.23,1.53,3.0,2.54,14.0,0.3,0.5,0.5,1013.24,1014.2,1014.75,1014.0,3.0,1.11,14.0,0.3,0.5,0.5,2.3,5.0,6.4,4.3,3.0,3.1,14.0,0.3,0.5,0.5,-15.2,7.2,11.0,-1.9,3.0,20.7,14.0,0.3,0.5,0.5,-0.1,4.5,15.0,7.4,3.0,11.3,14.0,0.3,0.5,0.5,-6.81,-4.25,-1.69,-4.25,2.0,5.3,18.0,0.0,0.7,0.3,-34.7,-21.5,-8.4,-21.5,2.0,27.2,18.0,0.0,0.7,0.3,-1.48,-0.75,-0.03,-0.75,2.0,1.5,18.0,0.0,0.7,0.3,-7.6,-3.9,-0.3,-3.9,2.0,7.5,18.0,0.0,0.7,0.3,-81.2,35.9,63.2,-8.0,3.0,112.3,14.0,0.3,0.5,0.5,-1.5,23.9,74.9,36.4,3.0,57.0,14.0,0.3,0.5,0.5,-44.7,25.9,36.2,-3.6,3.0,64.6,14.0,0.3,0.5,0.5,-0.6,13.7,52.9,25.8,3.0,40.6,14.0,0.3,0.5,0.5,1.9,4.8,7.8,4.8,2.0,6.1,18.0,0.0,0.7,0.3,-1.1,-0.1,0.9,-0.1,2.0,2.1,18.0,0.0,0.7,0.3,62.5,97.5,121.5,92.0,3.0,43.0,14.0,0.3,0.5,0.5,65.0,95.0,120.0,90.0,3.0,45.0,14.0,0.3,0.5,0.5
1974,2,187.0,27.0,19.09,21.05,22.07,20.71,10.0,1.59,14.0,0.5,0.5,0.4,20.37,21.0,22.4,21.39,12.0,1.2,12.0,0.5,0.5,0.4,13.07,14.22,14.56,14.0,10.0,0.78,12.0,0.5,0.5,0.3,84.5,90.3,94.0,89.5,10.0,4.5,12.0,0.5,0.3,2.6,5.95,8.85,5.88,12.0,2.74,12.0,0.5,0.5,0.4,-4.23,-2.81,1.85,-1.48,12.0,4.42,12.0,0.5,0.5,0.4,0.34,2.32,7.05,2.8,12.0,3.85,12.0,0.5,0.5,0.4,1012.29,1015.0,1020.21,1015.97,11.0,3.88,12.0,0.5,0.5,0.4,3.7,6.0,7.3,5.6,12.0,2.0,12.0,0.5,0.5,0.4,-29.6,-17.8,4.2,-7.4,12.0,38.0,12.0,0.5,0.5,0.4,0.9,14.6,56.4,21.8,12.0,31.4,12.0,0.5,0.5,0.4,-2.11,-0.25,0.97,-0.46,10.0,1.51,14.0,0.5,0.5,0.4,-15.1,-0.5,3.3,-4.3,10.0,9.4,14.0,0.5,0.5,0.4,0.31,0.94,2.67,1.17,9.0,1.47,14.0,0.6,0.5,0.3,1.8,7.5,8.8,4.9,9.0,6.6,14.0,0.6,0.5,0.3,-89.1,-65.0,40.8,-31.1,12.0,93.1,12.0,0.5,0.5,0.4,7.0,48.7,146.1,60.9,12.0,81.6,12.0,0.5,0.5,0.4,-51.6,-39.6,31.7,-13.2,10.0,60.9,12.0,0.5,0.5,0.3,6.4,32.0,104.8,42.7,10.0,58.3,12.0,0.5,0.5,0.3,-6.2,-1.4,5.9,-0.8,9.0,5.9,14.0,0.6,0.5,0.3,-3.2,1.3,7.0,1.6,9.0,5.7,14.0,0.6,0.5,0.3,17.5,212.0,695.5,326.5,12.0,353.5,12.0,0.5,0.5,0.4,20.0,210.0,695.0,325.0,12.0,355.0,12.0,0.5,0.5,0.4
1974,2,187.0,28.0,17.59,19.5,20.52,19.08,4.0,2.02,6.0,0.8,0.4,0.6,17.4,18.85,20.41,18.9,4.0,1.74,6.0,0.8,0.4,0.6,10.43,11.93,13.43,11.93,4.0,2.06,6.0,0.8,0.4,0.6,80.2,88.9,95.2,87.8,4.0,9.0,6.0,0.8,0.6,4.19,9.0,10.82,7.58,4.0,4.64,6.0,0.8,0.4,0.6,-1.85,0.17,4.7,1.37,4.0,5.16,6.0,0.8,0.4,0.6,-3.36,4.32,8.74,2.76,4.0,7.66,6.0,0.8,0.4,0.6,1012.79,1017.15,1021.67,1017.23,4.0,5.12,6.0,0.8,0.4,0.6,3.9,7.5,8.0,6.0,4.0,3.4,6.0,0.8,0.4,0.6,-19.0,0.2,51.4,15.5,4.0,57.5,6.0,0.8,0.4,0.6,-42.6,30.1,80.5,19.5,4.0,78.9,6.0,0.8,0.4,0.6,-0.81,0.1,1.17,0.18,4.0,1.17,6.0,0.8,0.4,0.6,-4.3,3.8,12.8,4.2,4.0,10.7,6.0,0.8,0.4,0.6,0.0,1.57,3.64,1.81,4.0,2.12,6.0,0.8,0.4,0.6,0.0,16.2,39.6,19.6,4.0,23.4,6.0,0.8,0.4,0.6,-37.3,3.5,82.7,21.8,4.0,93.4,6.0,0.8,0.4,0.6,-57.4,76.3,165.9,55.2,4.0,141.8,6.0,0.8,0.4,0.6,-22.8,2.5,45.2,10.8,4.0,52.1,6.0,0.8,0.4,0.6,-29.5,51.1,104.8,38.3,4.0,84.0,6.0,0.8,0.4,0.6,-5.8,0.0,18.6,6.1,4.0,20.2,6.0,0.8,0.4,0.6,-15.6,0.0,15.9,0.2,4.0,24.5,6.0,0.8,0.4,0.6,218.0,774.5,1276.0,748.5,4.0,644.0,6.0,0.8,0.4,0.6,220.0,775.0,1275.0,750.0,4.0,645.0,6.0,0.8,0.4,0.6
1974,2,187.0,29.0,20.0,20.0,20.0,20.0,1.0,0.0,8.0,0.0,0.3,0.7,18.8,18.8,18.8,18.8,1.0,0.0,8.0,0.0,0.3,0.7,12.29,12.29,12.29,12.29,1.0,0.0,8.0,0.0,0.3,0.7,92.2,92.2,92.2,92.2,1.0,0.0,8.0,0.0,0.7,7.7,7.7,7.7,7.7,1.0,0.0,8.0,0.0,0.3,0.7,-4.95,-4.95,-4.95,-4.95,1.0,0.0,8.0,0.0,0.3,0.7,5.9,5.9,5.9,5.9,1.0,0.0,8.0,0.0,0.3,0.7,1024.0,1024.0,1024.0,1024.0,1.0,0.0,8.0,0.0,0.3,0.7,1.0,1.0,1.0,1.0,1.0,0.0,8.0,0.0,0.3,0.7,-38.1,-38.1,-38.1,-38.1,1.0,0.0,8.0,0.0,0.3,0.7,45.4,45.4,45.4,45.4,1.0,0.0,8.0,0.0,0.3,0.7,1.2,1.2,1.2,1.2,1.0,0.0,8.0,0.0,0.3,0.7,9.2,9.2,9.2,9.2,1.0,0.0,8.0,0.0,0.3,0.7,2.1,2.1,2.1,2.1,1.0,0.0,8.0,0.0,0.3,0.7,16.2,16.2,16.2,16.2,1.0,0.0,8.0,0.0,0.3,0.7,-93.0,-93.0,-93.0,-93.0,1.0,0.0,8.0,0.0,0.3,0.7,110.9,110.9,110.9,110.9,1.0,0.0,8.0,0.0,0.3,0.7,-60.8,-60.8,-60.8,-60.8,1.0,0.0,8.0,0.0,0.3,0.7,72.5,72.5,72.5,72.5,1.0,0.0,8.0,0.0,0.3,0.7,-10.4,-10.4,-10.4,-10.4,1.0,0.0,8.0,0.0,0.3,0.7,12.4,12.4,12.4,12.4,1.0,0.0,8.0,0.0,0.3,0.7,456.5,456.5,456.5,456.5,1.0,0.0,8.0,0.0,0.3,0.7,455.0,455.0,455.0,455.0,1.0,0.0,8.0,0.0,0.3,0.7
1974,2,187.0,30.0,18.0,19.0,19.55,19.11,13.0,0.97,14.0,0.3,0.7,0.3,17.81,19.0,20.47,18.98,14.0,1.55,14.0,0.4,0.7,0.3,7.91,11.48,12.83,10.91,14.0,2.29,14.0,0.4,0.7,0.3,63.0,85.7,91.0,79.7,14.0,13.3,14.0,0.4,0.3,2.66,7.7,9.77,7.25,14.0,3.99,14.0,0.4,0.7,0.3,-3.53,-1.39,4.28,-0.47,14.0,6.91,14.0,0.4,0.7,0.3,-2.59,1.64,3.89,0.78,14.0,4.88,14.0,0.4,0.7,0.3,1013.0,1017.0,1022.16,1017.24,14.0,4.04,14.0,0.4,0.7,0.3,4.1,6.0,7.0,5.6,14.0,2.2,14.0,0.4,0.7,0.3,-16.6,-5.5,37.3,-5.4,14.0,86.1,14.0,0.4,0.7,0.3,-38.8,6.4,32.0,1.7,14.0,42.7,14.0,0.4,0.7,0.3,-1.6,0.0,2.1,-0.02,13.0,2.03,14.0,0.3,0.7,0.3,-10.7,0.0,20.4,3.0,13.0,16.0,14.0,0.3,0.7,0.3,0.74,1.86,5.92,2.59,13.0,2.38,14.0,0.3,0.7,0.3,3.5,7.8,40.0,22.6,13.0,30.8,14.0,0.3,0.7,0.3,-65.7,-26.5,73.1,-12.1,14.0,128.5,14.0,0.4,0.7,0.3,-50.1,34.9,77.7,18.1,14.0,90.8,14.0,0.4,0.7,0.3,-44.1,-16.4,37.4,-6.1,14.0,66.0,14.0,0.4,0.7,0.3,-20.4,19.7,52.5,14.1,14.0,55.1,14.0,0.4,0.7,0.3,-14.7,0.0,6.6,-3.3,13.0,36.5,14.0,0.3,0.7,0.3,-8.5,0.0,4.5,-2.1,13.0,12.6,14.0,0.3,0.7,0.3,19.5,479.5,932.5,726.5,14.0,998.5,14.0,0.4,0.7,0.3,20.0,480.0,935.0,725.0,14.0,1000.0,14.0,0.4,0.7,0.3
1974,2,187.0,31.0,16.73,17.65,18.44,17.63,8.0,1.06,16.0,0.3,0.6,0.4,16.13,17.2,17.72,17.16,9.0,1.84,16.0,0.3,0.5,0.4,9.89,10.51,11.81,10.59,9.0,1.55,16.0,0.3,0.5,0.4,83.6,86.9,89.8,86.9,9.0,6.4,16.0,0.3,0.4,4.9,6.2,11.53,8.07,9.0,3.36,16.0,0.3,0.5,0.4,-8.95,3.99,6.0,-0.38,9.0,7.73,16.0,0.3,0.5,0.4,-3.94,-1.57,5.95,-0.03,9.0,4.95,16.0,0.3,0.5,0.4,1011.69,1018.0,1019.62,1016.18,9.0,4.05,16.0,0.3,0.5,0.4,4.5,8.0,8.0,6.8,9.0,1.7,16.0,0.3,0.5,0.4,-89.0,16.6,56.5,-5.5,9.0,81.6,16.0,0.3,0.5,0.4,-37.1,-7.2,60.1,5.3,9.0,53.6,16.0,0.3,0.5,0.4,0.1,0.5,1.54,0.95,8.0,1.37,16.0,0.3,0.6,0.4,0.7,4.1,12.3,5.7,8.0,6.8,16.0,0.3,0.6,0.4,1.26,2.13,2.61,2.19,8.0,1.51,16.0,0.3,0.6,0.4,7.8,11.8,24.8,14.5,8.0,8.7,16.0,0.3,0.6,0.4,-149.2,60.5,102.6,-2.7,9.0,137.8,16.0,0.3,0.5,0.4,-67.7,-22.0,102.5,4.3,9.0,91.4,16.0,0.3,0.5,0.4,-89.0,31.6,70.3,-1.2,9.0,85.5,16.0,0.3,0.5,0.4,-42.2,-11.5,71.2,4.0,9.0,58.1,16.0,0.3,0.5,0.4,-20.4,-2.3,10.1,-2.9,8.0,16.3,16.0,0.3,0.6,0.4,-8.5,-5.2,1.7,-3.9,8.0,4.7,16.0,0.3,0.6,0.4,121.0,238.5,1539.5,774.5,9.0,779.0,16.0,0.3,0.5,0.4,120.0,240.0,1540.0,775.0,9.0,780.0,16.0,0.3,0.5,0.4
1974,2,187.0,32.0,16.12,16.6,17.41,16.79,11.0,0.82,16.0,0.4,0.7,0.6,14.68,16.5,17.0,15.9,13.0,1.66,16.0,0.3,0.7,0.6,7.66,10.98,11.64,9.86,11.0,2.07,14.0,0.3,0.7,0.6,73.0,85.2,97.4,85.5,11.0,12.4,14.0,0.3,0.6,3.1,8.2,13.95,8.44,13.0,4.65,16.0,0.3,0.7,0.6,-4.28,1.57,10.23,2.11,13.0,7.92,16.0,0.3,0.7,0.6,-7.33,1.08,3.05,-0.99,13.0,5.49,16.0,0.3,0.7,0.6,1015.4,1018.0,1022.03,1018.45,13.0,4.48,16.0,0.3,0.7,0.6,3.9,7.0,7.0,5.6,10.0,2.5,18.0,0.4,0.7,0.5,-35.7,7.2,109.7,23.2,13.0,104.2,16.0,0.3,0.7,0.6,-86.1,3.4,18.6,-23.3,13.0,62.4,16.0,0.3,0.7,0.6,-0.85,0.5,3.12,0.9,11.0,2.01,16.0,0.4,0.7,0.6,-4.3,6.4,35.0,10.4,11.0,23.0,16.0,0.4,0.7,0.6,-0.3,0.82,4.8,1.93,9.0,2.49,16.0,0.3,0.7,0.6,-1.7,11.8,59.1,22.9,9.0,30.2,16.0,0.3,0.7,0.6,-63.4,23.3,175.0,36.5,13.0,128.9,16.0,0.3,0.7,0.6,-98.2,18.3,50.9,-15.0,13.0,85.2,16.0,0.3,0.7,0.6,-20.9,39.4,114.4,33.8,11.0,79.4,14.0,0.3,0.7,0.6,-58.7,12.9,24.4,-9.2,11.0,44.8,14.0,0.3,0.7,0.6,-1.8,2.2,29.9,10.0,9.0,28.1,16.0,0.3,0.7,0.6,-10.2,-0.3,0.3,-7.3,9.0,23.1,16.0,0.3,0.7,0.6,30.0,551.5,2714.5,1120.0,13.0,1292.0,16.0,0.3,0.7,0.6,30.0,550.0,2715.0,1120.0,13.0,1290.0,16.0,0.3,0.7,0.6
1974,2,187.0,33.0,15.0,16.05,17.2,16.08,12.0,1.23,14.0,0.2,0.6,0.5,13.11,15.05,16.35,14.79,16.0,1.99,16.0,0.2,0.6,0.4,7.12,9.26,10.59,9.0,14.0,1.64,14.0,0.2,0.6,0.4,78.4,87.4,93.6,85.7,14.0,8.8,14.0,0.2,0.4,2.79,6.7,13.46,7.91,16.0,5.5,16.0,0.2,0.6,0.4,-8.07,1.07,4.62,-0.73,16.0,8.72,16.0,0.2,0.6,0.4,-4.16,0.53,4.06,0.1,16.0,4.52,16.0,0.2,0.6,0.4,1014.95,1020.8,1022.75,1019.19,16.0,4.33,16.0,0.2,0.6,0.4,3.8,7.0,8.0,5.9,13.0,2.6,16.0,0.2,0.6,0.5,-71.6,3.7,31.8,-19.5,16.0,142.1,16.0,0.2,0.6,0.4,-35.3,1.2,31.7,-5.4,16.0,48.1,16.0,0.2,0.6,0.4,-1.2,1.15,3.64,1.21,12.0,3.0,14.0,0.2,0.6,0.5,-5.1,9.0,31.7,16.8,12.0,34.7,14.0,0.2,0.6,0.5,0.39,1.36,4.55,2.18,12.0,1.94,14.0,0.2,0.6,0.5,1.0,12.7,36.1,20.5,12.0,25.0,14.0,0.2,0.6,0.5,-120.4,16.1,64.4,-16.7,16.0,118.8,16.0,0.2,0.6,0.4,-61.2,8.7,60.7,3.7,16.0,70.2,16.0,0.2,0.6,0.4,-33.5,13.8,38.7,5.8,14.0,57.5,14.0,0.2,0.6,0.4,-44.0,11.4,47.0,3.6,14.0,46.4,14.0,0.2,0.6,0.4,-13.3,0.4,33.2,9.3,12.0,30.1,14.0,0.2,0.6,0.5,-11.4,0.3,8.5,0.0,12.0,9.1,14.0,0.2,0.6,0.5,22.0,301.0,2678.5,1309.5,16.0,2382.0,16.0,0.2,0.6,0.4,20.0,300.0,2680.0,1310.0,16.0,2380.0,16.0,0.2,0.6,0.4
1974,2,187.0,34.0,15.01,15.5,17.02,15.81,7.0,1.46,14.0,0.4,0.6,0.5,13.32,15.0,16.0,14.82,9.0,1.42,12.0,0.3,0.6,0.5,7.69,9.36,9.92,9.1,8.0,1.43,14.0,0.4,0.6,0.5,82.3,86.5,97.5,87.8,8.0,8.1,14.0,0.4,0.5,5.4,7.7,10.3,8.58,9.0,4.41,12.0,0.3,0.6,0.5,-5.28,3.13,5.14,1.18,9.0,5.27,12.0,0.3,0.6,0.5,-8.3,-2.12,1.92,-1.56,9.0,8.38,12.0,0.3,0.6,0.5,1013.06,1017.7,1022.37,1017.94,9.0,4.64,12.0,0.3,0.6,0.5,6.5,8.0,8.0,7.1,9.0,2.0,12.0,0.3,0.6,0.5,-40.7,26.0,48.5,7.7,9.0,47.4,12.0,0.3,0.6,0.5,-85.5,-13.1,14.8,2.5,9.0,126.4,12.0,0.3,0.6,0.5,-0.52,1.1,2.1,1.07,7.0,1.66,14.0,0.4,0.6,0.5,-4.4,11.3,16.7,8.9,7.0,18.1,14.0,0.4,0.6,0.5,0.68,2.72,2.88,2.12,7.0,1.56,14.0,0.4,0.6,0.5,4.3,18.2,29.7,19.4,7.0,16.2,14.0,0.4,0.6,0.5,-84.6,50.0,77.7,15.3,9.0,81.4,12.0,0.3,0.6,0.5,-113.3,-30.1,30.8,-16.5,9.0,126.2,12.0,0.3,0.6,0.5,-66.8,25.6,39.5,3.9,8.0,53.2,14.0,0.4,0.6,0.5,-66.7,-34.1,24.9,-9.1,8.0,82.1,14.0,0.4,0.6,0.5,-1.1,2.6,12.2,3.0,7.0,13.6,14.0,0.4,0.6,0.5,-29.0,-14.0,-0.3,-12.9,7.0,17.8,14.0,0.4,0.6,0.5,161.0,456.5,1092.5,1139.5,9.0,1812.5,12.0,0.3,0.6,0.5,160.0,455.0,1095.0,1140.0,9.0,1810.0,12.0,0.3,0.6,0.5
1974,2,187.0,35.0,13.6,15.4,15.75,14.72,5.0,1.53,12.0,0.0,0.4,0.4,12.97,13.7,14.62,13.76,5.0,1.0,12.0,0.0,0.4,0.4,6.79,8.29,9.27,8.02,5.0,1.52,12.0,0.0,0.4,0.4,68.2,87.7,94.1,82.3,5.0,13.8,12.0,0.0,0.4,6.57,7.7,8.78,7.6,5.0,1.89,12.0,0.0,0.4,0.4,5.81,7.58,8.47,7.22,5.0,1.98,12.0,0.0,0.4,0.4,-2.25,0.0,2.02,-0.16,5.0,2.59,12.0,0.0,0.4,0.4,1014.9,1016.5,1017.04,1015.96,5.0,1.48,12.0,0.0,0.4,0.4,2.9,4.0,6.4,4.4,5.0,2.3,12.0,0.0,0.4,0.4,39.9,58.4,75.2,57.8,5.0,27.3,12.0,0.0,0.4,0.4,-17.4,0.0,13.0,-1.9,5.0,19.7,12.0,0.0,0.4,0.4,0.56,1.1,1.38,0.96,5.0,0.7,12.0,0.0,0.4,0.4,4.4,9.0,9.4,6.9,5.0,4.8,12.0,0.0,0.4,0.4,1.6,1.88,3.33,2.37,5.0,1.04,12.0,0.0,0.4,0.4,9.5,15.4,28.6,19.0,5.0,12.1,12.0,0.0,0.4,0.4,81.3,96.0,118.7,99.8,5.0,31.3,12.0,0.0,0.4,0.4,-30.8,0.0,27.3,-2.6,5.0,36.0,12.0,0.0,0.4,0.4,42.1,63.9,67.1,56.7,5.0,14.4,12.0,0.0,0.4,0.4,-18.4,0.0,17.5,-1.4,5.0,23.3,12.0,0.0,0.4,0.4,8.4,14.5,28.3,18.3,5.0,12.5,12.0,0.0,0.4,0.4,-4.4,0.0,3.7,-0.2,5.0,4.4,12.0,0.0,0.4,0.4,325.5,456.5,693.5,500.5,5.0,301.5,12.0,0.0,0.4,0.4,325.0,455.0,695.0,500.0,5.0,300.0,12.0,0.0,0.4,0.4
1974,2,187.0,36.0,12.99,13.1,14.52,13.51,7.0,0.86,12.0,0.3,0.6,0.5,9.78,11.7,14.86,12.46,7.0,2.62,12.0,0.3,0.6,0.5,3.99,6.28,8.12,6.23,5.0,2.46,12.0,0.2,0.6,0.4,53.6,69.5,83.1,69.4,5.0,16.9,12.0,0.2,0.4,9.25,14.4,20.6,14.41,7.0,4.87,12.0,0.3,0.6,0.5,4.18,13.4,17.97,11.16,7.0,8.79,12.0,0.3,0.6,0.5,-0.49,0.0,7.24,1.61,7.0,6.38,12.0,0.3,0.6,0.5,1006.19,1013.2,1018.89,1012.17,7.0,7.53,12.0,0.3,0.6,0.5,2.6,4.0,6.4,4.3,6.0,2.5,12.0,0.3,0.5,0.4,39.1,179.6,370.2,194.1,7.0,164.7,12.0,0.3,0.6,0.5,-10.1,0.0,76.3,2.6,7.0,103.3,12.0,0.3,0.6,0.5,-1.03,1.1,3.23,1.06,7.0,2.08,12.0,0.3,0.6,0.5,-8.6,15.8,66.5,23.3,7.0,36.5,12.0,0.3,0.6,0.5,1.76,3.14,5.38,3.32,5.0,2.38,12.0,0.2,0.6,0.4,24.2,45.3,110.8,61.0,5.0,49.9,12.0,0.2,0.6,0.4,61.5,167.7,181.8,121.5,7.0,100.1,12.0,0.3,0.6,0.5,-4.6,0.0,105.1,32.5,7.0,78.7,12.0,0.3,0.6,0.5,60.4,83.6,85.9,74.3,5.0,17.6,12.0,0.2,0.6,0.4,-14.5,0.0,61.5,18.2,5.0,47.0,12.0,0.2,0.6,0.4,24.2,40.1,102.5,57.1,5.0,46.1,12.0,0.2,0.6,0.4,-22.8,0.0,8.3,-7.5,5.0,29.6,12.0,0.2,0.6,0.4,792.5,2986.0,8742.0,3888.0,7.0,3454.0,12.0,0.3,0.6,0.5,790.0,2985.0,8740.0,3890.0,7.0,3455.0,12.0,0.3,0.6,0.5
1974,2,187.0,37.0,12.32,13.0,13.68,13.0,2.0,1.41,20.0,0.0,0.6,0.3,11.21,12.0,13.31,12.25,4.0,1.66,14.0,0.3,0.6,0.6,6.55,6.82,8.44,7.48,3.0,1.5,18.0,0.3,0.7,0.5,79.4,82.2,87.2,83.3,3.0,5.8,18.0,0.3,0.5,7.0,15.4,17.52,12.33,3.0,8.15,18.0,0.3,0.7,0.5,-4.32,0.0,9.88,2.71,3.0,10.66,18.0,0.3,0.7,0.5,-0.44,5.27,13.54,6.52,3.0,10.3,18.0,0.3,0.7,0.5,1008.06,1011.25,1015.96,1011.98,4.0,4.92,14.0,0.3,0.6,0.6,5.4,7.0,7.5,6.5,4.0,1.7,14.0,0.3,0.6,0.6,-79.9,0.0,152.1,35.3,3.0,172.7,18.0,0.3,0.7,0.5,19.2,81.1,245.3,131.0,3.0,171.2,18.0,0.3,0.7,0.5,1.58,1.75,1.92,1.75,2.0,0.35,20.0,0.0,0.6,0.3,8.8,17.7,26.7,17.7,2.0,18.5,20.0,0.0,0.6,0.3,2.37,2.69,3.0,2.69,2.0,0.66,20.0,0.0,0.6,0.3,13.5,27.7,41.9,27.7,2.0,29.5,20.0,0.0,0.6,0.3,-62.6,0.0,118.5,27.3,3.0,134.8,18.0,0.3,0.7,0.5,-2.2,63.2,192.1,94.2,3.0,144.8,18.0,0.3,0.7,0.5,-39.7,0.0,67.3,13.5,3.0,79.3,18.0,0.3,0.7,0.5,-2.2,35.9,120.6,58.6,3.0,92.0,18.0,0.3,0.7,0.5,7.2,22.8,38.4,22.8,2.0,32.3,20.0,0.0,0.6,0.3,-3.1,4.9,12.9,4.9,2.0,16.6,20.0,0.0,0.6,0.3,1179.5,3652.5,5481.0,3338.0,3.0,3162.5,18.0,0.3,0.7,0.5,1180.0,3650.0,5480.0,3340.0,3.0,3165.0,18.0,0.3,0.7,0.5
1974,2,187.0,38.0,13.24,13.55,13.86,13.55,2.0,0.64,14.0,1.0,0.5,0.4,12.57,13.8,13.94,13.27,3.0,1.1,10.0,0.7,0.5,0.4,6.82,8.7,8.88,7.87,3.0,1.68,10.0,0.7,0.5,0.4,74.4,88.9,89.3,82.0,3.0,12.5,10.0,0.7,0.4,6.24,8.7,9.11,7.7,3.0,2.27,10.0,0.7,0.5,0.4,1.52,4.79,7.49,4.51,3.0,4.38,10.0,0.7,0.5,0.4,2.2,3.18,6.95,4.54,3.0,3.67,10.0,0.7,0.5,0.4,1000.32,1001.0,1008.58,1004.37,3.0,6.72,10.0,0.7,0.5,0.4,0.3,1.0,5.8,3.0,3.0,4.4,10.0,0.7,0.5,0.4,7.8,24.4,63.2,35.2,3.0,41.7,10.0,0.7,0.5,0.4,15.5,29.6,61.1,38.1,3.0,34.2,10.0,0.7,0.5,0.4,-0.27,0.65,1.57,0.65,2.0,1.91,14.0,1.0,0.5,0.4,-0.1,7.5,15.1,7.5,2.0,15.7,14.0,1.0,0.5,0.4,1.2,2.38,3.55,2.38,2.0,2.43,14.0,1.0,0.5,0.4,8.9,20.7,32.6,20.7,2.0,24.6,14.0,1.0,0.5,0.4,21.0,66.1,92.6,57.0,3.0,53.0,10.0,0.7,0.5,0.4,28.5,38.2,95.3,61.3,3.0,52.8,10.0,0.7,0.5,0.4,13.2,41.7,48.7,31.2,3.0,27.5,10.0,0.7,0.5,0.4,16.4,18.9,59.3,37.4,3.0,35.3,10.0,0.7,0.5,0.4,8.3,19.5,30.6,19.5,2.0,23.1,14.0,1.0,0.5,0.4,3.0,7.1,11.1,7.1,2.0,8.4,14.0,1.0,0.5,0.4,299.5,658.5,758.0,532.0,3.0,353.5,10.0,0.7,0.5,0.4,300.0,660.0,760.0,530.0,3.0,355.0,10.0,0.7,0.5,0.4
1974,2,187.0,39.0,11.16,11.6,12.0,11.57,6.0,0.41,16.0,0.2,0.6,0.5,9.82,10.6,12.36,10.7,8.0,1.59,18.0,0.3,0.6,0.5,5.5,7.03,8.22,6.92,6.0,1.25,16.0,0.2,0.6,0.5,78.2,86.4,90.7,83.9,6.0,8.5,16.0,0.2,0.5,8.04,13.6,16.77,12.79,8.0,4.16,18.0,0.3,0.6,0.5,-11.21,-5.46,6.04,-2.36,8.0,11.19,18.0,0.3,0.6,0.5,-8.81,3.72,9.67,1.3,8.0,8.4,18.0,0.3,0.6,0.5,986.71,1008.6,1027.89,1008.83,8.0,21.16,18.0,0.3,0.6,0.5,1.6,8.0,8.0,5.9,8.0,3.4,18.0,0.3,0.6,0.5,-167.0,-47.8,71.1,-31.4,8.0,180.7,18.0,0.3,0.6,0.5,-129.1,42.6,108.4,11.4,8.0,114.4,18.0,0.3,0.6,0.5,-0.67,0.2,2.37,0.63,6.0,1.65,16.0,0.2,0.6,0.5,-7.6,1.3,40.8,12.1,6.0,27.3,16.0,0.2,0.6,0.5,0.56,1.62,2.61,1.62,6.0,0.98,16.0,0.2,0.6,0.5,6.2,14.5,35.4,20.6,6.0,17.7,16.0,0.2,0.6,0.5,-112.1,-63.6,76.9,-26.9,8.0,106.5,18.0,0.3,0.6,0.5,-88.4,36.6,119.1,19.4,8.0,93.5,18.0,0.3,0.6,0.5,-53.9,3.4,60.0,1.1,6.0,74.2,16.0,0.2,0.6,0.5,10.5,35.4,84.8,40.8,6.0,39.4,16.0,0.2,0.6,0.5,-20.8,0.5,16.0,1.7,6.0,27.5,16.0,0.2,0.6,0.5,2.9,5.9,9.2,5.0,6.0,6.1,16.0,0.2,0.6,0.5,545.5,2584.5,4735.0,2655.0,8.0,2035.5,18.0,0.3,0.6,0.5,545.0,2585.0,4735.0,2655.0,8.0,2035.0,18.0,0.3,0.6,0.5
1974,2,187.0,40.0,13.0,13.0,13.0,13.0,3.0,0.0,14.0,0.3,0.6,0.2,9.48,10.0,10.0,9.75,4.0,0.5,12.0,0.3,0.6,0.3,5.06,6.58,6.68,5.89,3.0,1.33,14.0,0.3,0.6,0.2,67.2,88.0,91.7,79.6,3.0,19.4,14.0,0.3,0.2,11.54,12.9,18.82,15.08,4.0,6.21,12.0,0.3,0.6,0.3,-4.81,11.6,12.9,4.39,4.0,15.33,12.0,0.3,0.6,0.3,-8.15,0.0,0.0,-3.89,4.0,7.78,12.0,0.3,0.6,0.3,1006.95,1012.0,1019.41,1013.13,4.0,7.6,12.0,0.3,0.6,0.3,4.0,4.0,4.7,4.3,3.0,0.6,8.0,0.3,0.7,0.4,-184.5,136.3,166.4,-2.4,4.0,298.8,12.0,0.3,0.6,0.3,-197.2,0.0,0.0,-94.1,4.0,188.2,12.0,0.3,0.6,0.3,3.0,3.0,3.68,3.33,3.0,0.58,14.0,0.3,0.6,0.2,33.4,38.7,78.4,55.5,3.0,36.0,14.0,0.3,0.6,0.2,2.62,2.62,4.18,3.38,3.0,1.32,14.0,0.3,0.6,0.2,39.1,50.5,59.3,49.2,3.0,14.9,14.0,0.3,0.6,0.2,-38.4,116.0,129.0,48.5,4.0,144.1,12.0,0.3,0.6,0.3,-73.3,0.0,0.0,-35.0,4.0,70.0,12.0,0.3,0.6,0.3,-69.0,44.8,73.5,3.2,3.0,110.4,14.0,0.3,0.6,0.2,-69.9,0.0,0.0,-34.1,3.0,59.1,14.0,0.3,0.6,0.2,-22.4,33.7,45.2,11.9,3.0,53.0,14.0,0.3,0.6,0.2,-27.8,0.0,0.0,-13.6,3.0,23.5,14.0,0.3,0.6,0.2,1594.5,2146.5,8447.0,4889.5,4.0,6208.5,12.0,0.3,0.6,0.3,1595.0,2145.0,8445.0,4890.0,4.0,6210.0,12.0,0.3,0.6,0.3
1974,2,187.0,41.0,9.71,10.75,11.52,10.63,4.0,1.25,12.0,1.0,0.4,0.6,7.88,10.5,11.72,9.94,5.0,2.05,16.0,1.0,0.5,0.5,4.94,6.57,7.53,6.31,5.0,1.32,16.0,1.0,0.5,0.5,77.3,82.8,87.2,82.5,5.0,5.9,16.0,1.0,0.5,5.48,7.7,10.98,8.12,5.0,2.85,16.0,1.0,0.5,0.5,-5.21,1.96,6.42,1.13,5.0,6.95,16.0,1.0,0.5,0.5,-3.73,0.0,6.15,1.38,5.0,6.19,16.0,1.0,0.5,0.5,1006.35,1012.0,1032.26,1017.8,5.0,14.35,16.0,1.0,0.5,0.5,2.0,4.0,8.0,4.8,5.0,3.0,16.0,1.0,0.5,0.5,-34.6,19.9,56.7,16.5,5.0,64.0,16.0,1.0,0.5,0.5,-24.1,0.0,56.5,18.4,5.0,62.7,16.0,1.0,0.5,0.5,-2.1,-0.25,2.6,0.23,4.0,3.21,12.0,1.0,0.4,0.6,-13.7,-2.9,16.0,1.0,4.0,18.8,12.0,1.0,0.4,0.6,-0.06,0.95,2.66,1.28,4.0,1.74,12.0,1.0,0.4,0.6,0.5,10.3,19.1,9.8,4.0,10.9,12.0,1.0,0.4,0.6,-40.5,22.6,71.4,19.3,5.0,66.6,16.0,1.0,0.5,0.5,-28.8,0.0,71.9,21.8,5.0,65.8,16.0,1.0,0.5,0.5,-25.7,14.9,44.5,12.1,5.0,41.6,16.0,1.0,0.5,0.5,-18.4,0.0,46.5,14.4,5.0,43.1,16.0,1.0,0.5,0.5,-8.8,-0.4,9.5,0.3,4.0,13.7,12.0,1.0,0.4,0.6,-7.4,-0.6,1.5,-2.8,4.0,7.1,12.0,1.0,0.4,0.6,166.0,456.5,1326.5,695.5,5.0,614.5,16.0,1.0,0.5,0.5,165.0,455.0,1325.0,695.0,5.0,615.0,16.0,1.0,0.5,0.5
1974,2,187.0,42.0,8.61,9.5,11.21,9.73,6.0,1.61,14.0,0.3,0.7,0.5,6.13,7.0,10.73,8.11,9.0,2.41,10.0,0.3,0.7,0.5,4.44,4.61,5.71,4.94,6.0,0.66,12.0,0.3,0.6,0.5,62.5,75.8,86.6,75.2,6.0,12.9,12.0,0.3,0.5,11.14,16.45,20.37,15.55,8.0,5.61,10.0,0.4,0.6,0.5,5.36,10.78,19.26,11.53,8.0,8.68,10.0,0.4,0.6,0.5,-3.77,0.94,12.36,2.04,8.0,8.7,10.0,0.4,0.6,0.5,992.17,994.75,1006.71,1000.61,8.0,15.45,12.0,0.3,0.6,0.5,1.5,4.0,7.0,4.4,9.0,2.5,10.0,0.3,0.7,0.5,71.5,174.1,392.5,218.8,8.0,179.3,10.0,0.4,0.6,0.5,-80.3,10.1,177.5,34.1,8.0,141.3,10.0,0.4,0.6,0.5,-1.23,2.5,3.31,1.57,6.0,2.57,14.0,0.3,0.7,0.5,-14.3,27.8,72.4,30.7,5.0,50.0,14.0,0.4,0.7,0.5,2.21,2.64,2.85,2.55,5.0,0.36,14.0,0.4,0.7,0.5,30.4,43.1,54.5,41.4,5.0,18.2,14.0,0.4,0.7,0.5,47.9,93.7,142.8,84.3,8.0,68.5,10.0,0.4,0.6,0.5,-27.8,11.3,87.7,23.7,8.0,65.6,10.0,0.4,0.6,0.5,18.0,64.6,94.3,58.2,6.0,51.3,12.0,0.3,0.6,0.5,-29.2,-5.9,40.7,3.0,6.0,46.1,12.0,0.3,0.6,0.5,5.2,40.5,54.1,30.9,5.0,28.5,14.0,0.4,0.7,0.5,-7.5,0.0,23.5,7.4,5.0,19.8,14.0,0.4,0.7,0.5,1418.0,4466.5,8474.5,4953.5,8.0,3828.0,10.0,0.4,0.6,0.5,1420.0,4465.0,8475.0,4955.0,8.0,3830.0,10.0,0.4,0.6,0.5
1974,2,187.0,43.0,8.63,9.4,10.73,9.68,5.0,1.49,14.0,0.0,0.6,0.4,7.29,7.9,9.6,8.22,6.0,1.3,14.0,0.0,0.6,0.4,4.81,5.23,6.12,5.43,5.0,0.83,14.0,0.0,0.6,0.4,75.0,78.0,84.8,79.6,5.0,5.9,14.0,0.0,0.4,8.6,11.6,14.21,11.57,6.0,3.17,14.0,0.0,0.6,0.4,-10.08,-1.22,5.87,-2.04,6.0,8.93,14.0,0.0,0.6,0.4,-0.98,4.73,12.54,5.2,6.0,7.3,14.0,0.0,0.6,0.4,990.91,1005.0,1030.12,1009.3,5.0,20.17,14.0,0.0,0.6,0.4,5.4,7.0,8.0,6.5,6.0,1.9,14.0,0.0,0.6,0.4,-106.1,-7.3,84.3,-17.5,6.0,110.3,14.0,0.0,0.6,0.4,-13.6,40.5,178.8,67.5,6.0,108.2,14.0,0.0,0.6,0.4,0.4,1.6,2.55,1.42,5.0,1.82,14.0,0.0,0.6,0.4,0.4,22.2,28.8,14.3,5.0,21.8,14.0,0.0,0.6,0.4,1.18,2.16,3.07,2.07,5.0,1.22,14.0,0.0,0.6,0.4,11.4,28.8,34.0,23.7,5.0,14.5,14.0,0.0,0.6,0.4,-76.4,-12.6,54.1,-12.9,6.0,73.1,14.0,0.0,0.6,0.4,-7.7,32.9,123.9,47.8,6.0,68.5,14.0,0.0,0.6,0.4,-54.8,24.9,36.9,-2.8,5.0,50.3,14.0,0.0,0.6,0.4,-8.7,29.7,79.6,34.4,5.0,49.1,14.0,0.0,0.6,0.4,-20.7,1.0,19.2,-1.0,5.0,21.3,14.0,0.0,0.6,0.4,-3.8,2.7,26.9,9.9,5.0,18.4,14.0,0.0,0.6,0.4,636.5,1745.0,2885.0,1839.5,6.0,1330.0,14.0,0.0,0.6,0.4,635.0,1745.0,2885.0,1840.0,6.0,1330.0,14.0,0.0,0.6,0.4
1974,2,187.0,44.0,7.0,8.0,9.0,8.0,5.0,1.0,16.0,0.6,0.7,0.4,5.69,7.9,9.43,7.58,4.0,2.39,20.0,0.8,0.6,0.3,5.32,6.7,6.75,6.05,3.0,1.19,18.0,0.7,0.7,0.4,78.5,88.0,92.6,85.6,3.0,10.5,18.0,0.7,0.4,5.97,12.3,17.39,11.92,5.0,7.59,16.0,0.6,0.7,0.4,-6.27,2.1,13.9,3.01,5.0,11.32,16.0,0.6,0.7,0.4,0.0,4.93,11.21,5.99,5.0,7.14,16.0,0.6,0.7,0.4,986.6,1001.0,1013.49,1000.44,5.0,20.93,16.0,0.6,0.7,0.4,1.5,5.0,8.0,4.8,4.0,3.8,20.0,0.8,0.6,0.3,-69.8,4.4,243.6,70.7,5.0,189.9,16.0,0.6,0.7,0.4,0.0,63.2,187.9,105.1,5.0,163.5,16.0,0.6,0.7,0.4,-1.9,0.1,2.26,0.18,4.0,2.41,20.0,0.8,0.6,0.3,-10.4,12.5,29.8,9.8,4.0,23.6,20.0,0.8,0.6,0.3,-0.32,-0.05,1.74,0.69,3.0,1.63,18.0,0.7,0.7,0.4,-0.8,-0.4,25.1,11.9,3.0,21.7,18.0,0.7,0.7,0.4,-42.4,-4.8,58.4,7.5,4.0,65.7,20.0,0.8,0.6,0.3,0.0,17.2,56.8,27.9,4.0,36.6,20.0,0.8,0.6,0.3,-8.5,14.1,47.6,19.4,3.0,41.4,18.0,0.7,0.7,0.4,7.3,23.0,42.9,25.0,3.0,26.1,18.0,0.7,0.7,0.4,-0.6,0.1,23.7,11.3,3.0,20.3,18.0,0.7,0.7,0.4,-0.2,0.0,8.6,4.1,3.0,7.4,18.0,0.7,0.7,0.4,353.5,1861.0,6111.0,3390.0,5.0,4702.5,16.0,0.6,0.7,0.4,355.0,1860.0,6110.0,3390.0,5.0,4705.0,16.0,0.6,0.7,0.4
1974,2,187.0,45.0,6.0,6.0,6.0,6.0,2.0,0.0,8.0,0.0,0.3,0.4,5.98,7.0,8.02,7.0,2.0,2.12,8.0,0.0,0.3,0.4,4.84,5.53,6.22,5.53,2.0,1.44,8.0,0.0,0.3,0.4,81.6,86.7,91.7,86.7,2.0,10.4,8.0,0.0,0.4,10.79,11.85,12.91,11.85,2.0,2.19,8.0,0.0,0.3,0.4,5.49,7.44,9.39,7.44,2.0,4.04,8.0,0.0,0.3,0.4,2.0,6.3,10.59,6.3,2.0,8.9,8.0,0.0,0.3,0.4,994.89,996.8,998.71,996.8,2.0,3.96,8.0,0.0,0.3,0.4,7.2,7.5,7.8,7.5,2.0,0.7,8.0,0.0,0.3,0.4,68.5,83.8,99.0,83.8,2.0,31.6,8.0,0.0,0.3,0.4,26.8,84.4,142.0,84.4,2.0,119.3,8.0,0.0,0.3,0.4,-2.02,-1.0,0.02,-1.0,2.0,2.12,8.0,0.0,0.3,0.4,-27.4,-14.2,-1.0,-14.2,2.0,27.3,8.0,0.0,0.3,0.4,-0.36,0.35,1.06,0.35,2.0,1.46,8.0,0.0,0.3,0.4,-5.4,2.5,10.5,2.5,2.0,16.6,8.0,0.0,0.3,0.4,41.8,47.8,53.8,47.8,2.0,12.5,8.0,0.0,0.3,0.4,17.0,53.5,90.0,53.5,2.0,75.7,8.0,0.0,0.3,0.4,32.6,38.2,43.9,38.2,2.0,11.6,8.0,0.0,0.3,0.4,13.1,41.2,69.4,41.2,2.0,58.3,8.0,0.0,0.3,0.4,-0.4,5.6,11.5,5.6,2.0,12.3,8.0,0.0,0.3,0.4,-7.2,-4.3,-1.4,-4.3,2.0,6.1,8.0,0.0,0.3,0.4,1301.0,1749.5,2197.5,1749.5,2.0,928.5,8.0,0.0,0.3,0.4,1300.0,1750.0,2200.0,1750.0,2.0,930.0,8.0,0.0,0.3,0.4
1974,2,187.0,46.0,5.0,5.5,6.52,5.79,7.0,0.76,8.0,0.3,0.6,0.5,4.95,5.5,6.12,5.71,7.0,1.41,8.0,0.3,0.6,0.5,4.43,5.04,5.28,5.03,7.0,0.9,8.0,0.3,0.6,0.5,85.0,86.4,92.8,86.4,7.0,7.9,8.0,0.3,0.5,5.87,10.3,14.29,9.91,8.0,4.71,10.0,0.4,0.6,0.4,-1.5,5.67,9.59,4.11,8.0,6.19,10.0,0.4,0.6,0.4,-2.19,0.0,12.58,3.88,8.0,7.73,10.0,0.4,0.6,0.4,986.55,998.3,1006.63,996.64,8.0,13.76,10.0,0.4,0.6,0.4,3.2,7.0,7.9,5.8,8.0,2.5,10.0,0.4,0.6,0.4,-9.4,55.1,114.4,42.4,8.0,77.0,10.0,0.4,0.6,0.4,-15.8,0.0,178.4,64.9,8.0,104.4,10.0,0.4,0.6,0.4,-0.6,0.0,1.07,0.07,7.0,1.51,8.0,0.3,0.6,0.5,-5.0,0.0,6.7,-0.6,7.0,17.8,8.0,0.3,0.6,0.5,0.35,0.8,1.56,0.78,7.0,0.86,8.0,0.3,0.6,0.5,3.8,7.2,15.4,7.4,7.0,9.8,8.0,0.3,0.6,0.5,-13.0,39.8,43.5,22.9,7.0,34.3,8.0,0.3,0.6,0.5,-15.6,0.0,70.7,28.2,7.0,52.6,8.0,0.3,0.6,0.5,-11.5,34.1,38.2,20.1,7.0,31.5,8.0,0.3,0.6,0.5,-13.2,0.0,66.3,25.0,7.0,45.2,8.0,0.3,0.6,0.5,-3.0,4.3,15.4,4.9,7.0,8.9,8.0,0.3,0.6,0.5,-6.9,0.0,5.5,-0.4,7.0,7.2,8.0,0.3,0.6,0.5,206.0,1100.5,2921.5,1522.5,8.0,1462.0,10.0,0.4,0.6,0.4,205.0,1100.0,2920.0,1525.0,8.0,1460.0,10.0,0.4,0.6,0.4
1974,2,187.0,47.0,4.13,5.0,5.87,4.79,9.0,1.24,16.0,0.2,0.7,0.6,1.77,3.5,4.73,3.09,9.0,1.97,16.0,0.2,0.7,0.6,3.42,3.79,4.41,3.89,9.0,0.5,16.0,0.2,0.7,0.6,78.2,81.8,86.3,82.5,9.0,4.2,16.0,0.2,0.6,6.2,8.2,10.53,8.46,9.0,2.47,16.0,0.2,0.7,0.6,-6.48,-1.88,6.66,-0.16,9.0,7.07,16.0,0.2,0.7,0.6,-4.07,0.0,6.27,0.03,9.0,6.04,16.0,0.2,0.7,0.6,996.76,1031.0,1033.73,1018.37,9.0,20.0,16.0,0.2,0.7,0.6,6.0,8.0,8.0,6.9,9.0,1.7,16.0,0.2,0.7,0.6,-50.5,-20.3,63.9,9.1,9.0,73.4,16.0,0.2,0.7,0.6,-31.2,0.0,55.5,-2.4,9.0,56.0,16.0,0.2,0.7,0.6,0.27,1.0,3.45,1.7,9.0,2.3,16.0,0.2,0.7,0.6,1.4,8.2,36.9,15.7,9.0,24.8,16.0,0.2,0.7,0.6,1.09,1.4,2.0,1.42,9.0,0.63,16.0,0.2,0.7,0.6,7.6,10.4,20.8,12.2,9.0,8.1,16.0,0.2,0.7,0.6,-17.5,0.0,28.4,2.2,9.0,23.3,16.0,0.2,0.7,0.6,-9.1,6.1,29.4,9.7,9.0,19.0,16.0,0.2,0.7,0.6,-22.6,-5.9,28.4,0.2,9.0,27.8,16.0,0.2,0.7,0.6,-14.0,0.0,26.5,2.2,9.0,23.1,16.0,0.2,0.7,0.6,-8.7,-4.2,4.0,-0.7,9.0,11.4,16.0,0.2,0.7,0.6,-7.1,0.0,7.0,-2.2,9.0,9.9,16.0,0.2,0.7,0.6,238.5,551.5,1174.0,746.5,9.0,636.5,16.0,0.2,0.7,0.6,240.0,550.0,1175.0,745.0,9.0,635.0,16.0,0.2,0.7,0.6
1974,2,187.0,48.0,4.0,4.45,5.5,4.65,8.0,1.78,20.0,0.5,0.7,0.2,3.5,4.0,5.69,4.89,8.0,2.21,20.0,0.5,0.7,0.2,3.98,4.33,4.65,4.4,7.0,0.6,20.0,0.4,0.7,0.2,76.2,83.7,93.3,81.3,7.0,13.2,20.0,0.4,0.2,5.1,7.7,9.3,7.58,8.0,2.34,20.0,0.5,0.7,0.2,-4.41,1.28,4.76,0.84,8.0,5.29,20.0,0.5,0.7,0.2,-4.11,2.83,5.97,1.9,8.0,6.18,20.0,0.5,0.7,0.2,991.48,1017.65,1033.78,1013.16,8.0,22.27,20.0,0.5,0.7,0.2,6.9,7.0,8.0,7.0,7.0,1.4,20.0,0.6,0.8,0.2,-22.9,6.5,35.7,6.5,8.0,44.6,20.0,0.5,0.7,0.2,-21.7,14.4,54.5,20.2,8.0,57.1,20.0,0.5,0.7,0.2,-2.04,0.45,1.44,-0.24,8.0,2.11,20.0,0.5,0.7,0.2,-15.5,4.2,7.4,-4.1,8.0,20.3,20.0,0.5,0.7,0.2,0.68,0.92,1.48,0.87,7.0,1.08,20.0,0.4,0.7,0.2,3.1,7.3,9.3,5.4,7.0,9.7,20.0,0.4,0.7,0.2,-15.4,6.1,30.0,7.1,8.0,25.4,20.0,0.5,0.7,0.2,-19.5,10.9,55.1,14.6,8.0,34.0,20.0,0.5,0.7,0.2,-18.2,11.1,21.6,5.0,7.0,23.1,20.0,0.4,0.7,0.2,-7.1,18.0,27.7,16.1,7.0,26.6,20.0,0.4,0.7,0.2,-6.5,2.0,8.9,1.7,7.0,7.0,20.0,0.4,0.7,0.2,-3.9,2.5,5.9,1.0,7.0,8.6,20.0,0.4,0.7,0.2,132.5,456.5,804.5,545.5,8.0,457.5,20.0,0.5,0.7,0.2,135.0,455.0,805.0,545.0,8.0,460.0,20.0,0.5,0.7,0.2
1974,2,187.0,49.0,3.38,4.0,6.57,4.57,7.0,2.24,16.0,0.4,0.6,0.5,0.13,3.0,6.0,3.67,9.0,3.25,18.0,0.6,0.7,0.5,3.25,4.14,5.12,4.21,8.0,0.9,16.0,0.5,0.6,0.4,86.5,92.6,93.1,89.1,8.0,9.5,16.0,0.5,0.4,10.3,15.4,20.03,14.74,9.0,5.02,18.0,0.6,0.7,0.5,-18.34,-11.8,10.02,-4.58,9.0,13.74,18.0,0.6,0.7,0.5,-1.04,3.66,9.66,4.51,9.0,5.89,18.0,0.6,0.7,0.5,1001.89,1022.0,1025.6,1015.72,9.0,13.87,18.0,0.6,0.7,0.5,7.1,8.0,8.0,7.4,8.0,1.4,16.0,0.6,0.6,0.4,-366.9,-181.7,103.2,-127.0,9.0,224.4,18.0,0.6,0.7,0.5,-8.5,77.3,159.4,85.5,9.0,100.8,18.0,0.6,0.7,0.5,-2.17,0.5,2.07,-0.14,7.0,3.0,16.0,0.4,0.6,0.5,-21.8,9.3,32.9,7.6,7.0,38.5,16.0,0.4,0.6,0.5,0.47,0.92,1.15,0.85,6.0,0.36,14.0,0.3,0.6,0.5,7.9,9.6,20.7,12.6,6.0,7.5,14.0,0.3,0.6,0.5,-28.9,0.0,56.1,11.1,9.0,47.5,18.0,0.6,0.7,0.5,-9.9,0.0,33.5,8.7,9.0,25.9,18.0,0.6,0.7,0.5,-64.0,-53.1,47.9,-22.7,8.0,56.3,16.0,0.5,0.6,0.4,1.0,18.5,51.4,21.9,8.0,26.8,16.0,0.5,0.6,0.4,-16.9,-1.1,9.1,-3.6,6.0,13.5,14.0,0.3,0.6,0.5,-0.3,2.9,8.2,4.1,6.0,5.2,14.0,0.3,0.6,0.5,1092.5,3652.5,8092.0,4198.0,9.0,3489.0,18.0,0.6,0.7,0.5,1095.0,3650.0,8090.0,4200.0,9.0,3490.0,18.0,0.6,0.7,0.5
1974,2,187.0,50.0,3.0,4.0,5.0,3.98,9.0,1.94,8.0,0.6,0.5,0.6,1.0,3.0,3.87,2.58,9.0,1.66,8.0,0.6,0.5,0.6,3.11,3.58,3.95,3.6,8.0,0.62,8.0,0.6,0.5,0.5,72.1,76.6,82.5,76.4,8.0,10.3,8.0,0.6,0.5,4.23,13.4,14.27,10.28,9.0,5.29,8.0,0.6,0.5,0.6,-4.67,0.35,7.81,0.52,9.0,6.65,8.0,0.6,0.5,0.6,-13.4,-8.61,0.82,-6.91,9.0,6.96,8.0,0.6,0.5,0.6,984.27,989.5,1004.99,993.96,9.0,11.0,8.0,0.6,0.5,0.6,6.3,7.0,8.0,7.1,9.0,0.8,8.0,0.6,0.5,0.6,-56.7,0.7,90.6,10.8,9.0,82.9,8.0,0.6,0.5,0.6,-191.3,-115.4,0.0,-102.1,9.0,97.4,8.0,0.6,0.5,0.6,0.03,2.0,2.0,1.4,9.0,1.92,8.0,0.6,0.5,0.6,0.1,20.6,31.0,17.1,9.0,26.7,8.0,0.6,0.5,0.6,0.57,1.5,2.4,1.6,8.0,0.89,8.0,0.6,0.5,0.5,3.0,13.4,32.2,16.0,8.0,13.0,8.0,0.6,0.5,0.5,-18.2,0.0,7.8,-2.5,9.0,16.9,8.0,0.6,0.5,0.6,-31.9,-6.9,5.6,-14.3,9.0,24.8,8.0,0.6,0.5,0.6,-18.7,-4.5,31.0,0.7,8.0,24.8,8.0,0.6,0.5,0.5,-40.1,-20.7,6.1,-19.8,8.0,24.6,8.0,0.6,0.5,0.5,-10.5,-0.3,12.9,1.3,8.0,10.6,8.0,0.6,0.5,0.5,-29.8,-5.6,0.7,-11.6,8.0,13.9,8.0,0.6,0.5,0.5,76.5,2406.0,2905.0,1783.5,9.0,1495.0,8.0,0.6,0.5,0.6,75.0,2405.0,2905.0,1785.0,9.0,1495.0,8.0,0.6,0.5,0.6
1974,2,187.0,51.0,2.42,3.75,5.76,4.06,12.0,2.04,12.0,0.3,0.6,0.4,0.77,3.5,4.2,2.78,12.0,2.27,12.0,0.3,0.6,0.4,3.44,3.99,4.68,4.16,10.0,0.76,12.0,0.3,0.6,0.4,81.6,90.0,97.2,89.3,10.0,7.6,12.0,0.3,0.4,7.95,12.6,14.65,12.47,12.0,4.2,12.0,0.3,0.6,0.4,-3.31,5.07,13.43,4.02,12.0,8.93,12.0,0.3,0.6,0.4,-9.3,-3.18,2.74,-4.02,12.0,8.49,12.0,0.3,0.6,0.4,983.82,999.85,1021.81,1000.38,12.0,17.14,12.0,0.3,0.6,0.4,6.0,8.0,8.0,7.4,11.0,0.9,10.0,0.3,0.6,0.4,-32.0,63.5,193.8,56.2,12.0,120.1,12.0,0.3,0.6,0.4,-130.7,-39.8,35.2,-66.1,12.0,153.4,12.0,0.3,0.6,0.4,-1.46,1.1,4.63,1.28,12.0,3.08,12.0,0.3,0.6,0.4,-16.6,14.3,49.4,17.0,12.0,38.7,12.0,0.3,0.6,0.4,-0.01,0.77,1.48,0.89,10.0,1.15,12.0,0.3,0.6,0.4,-0.4,7.5,26.2,13.6,10.0,16.7,12.0,0.3,0.6,0.4,-9.7,13.1,44.7,18.2,12.0,28.9,12.0,0.3,0.6,0.4,-18.8,-4.6,13.4,-2.8,12.0,22.3,12.0,0.3,0.6,0.4,-7.9,25.2,53.5,20.6,10.0,35.4,12.0,0.3,0.6,0.4,-40.0,-17.4,2.8,-17.9,10.0,36.1,12.0,0.3,0.6,0.4,-4.5,-0.4,6.9,-2.1,10.0,17.0,12.0,0.3,0.6,0.4,-18.5,-3.2,0.6,-7.7,10.0,11.1,12.0,0.3,0.6,0.4,506.0,2004.0,3155.5,2586.5,12.0,2810.5,12.0,0.3,0.6,0.4,505.0,2005.0,3155.0,2585.0,12.0,2810.0,12.0,0.3,0.6,0.4
1974,2,187.0,52.0,3.68,4.4,5.37,4.52,5.0,1.04,14.0,0.2,0.5,0.7,-0.41,1.1,2.2,0.77,6.0,1.73,14.0,0.2,0.5,0.6,3.18,3.36,3.53,3.36,2.0,0.36,8.0,0.0,0.5,0.5,84.3,87.8,91.3,87.8,2.0,7.3,8.0,0.0,0.5,4.37,5.7,8.65,6.38,5.0,2.74,16.0,0.2,0.5,0.7,-8.3,-5.36,-0.1,-4.15,5.0,5.75,16.0,0.2,0.5,0.7,-2.2,-0.89,0.31,-0.84,5.0,1.69,16.0,0.2,0.5,0.7,993.99,1011.4,1022.85,1008.72,6.0,16.21,14.0,0.2,0.5,0.6,8.0,8.0,8.0,8.0,6.0,0.0,14.0,0.2,0.5,0.6,-73.5,-30.5,3.3,-34.9,5.0,49.0,16.0,0.2,0.5,0.7,-14.5,-4.5,5.7,-3.8,5.0,14.4,16.0,0.2,0.5,0.7,2.02,3.3,4.24,3.2,5.0,1.31,14.0,0.2,0.5,0.7,14.2,17.4,21.1,17.7,4.0,4.2,16.0,0.3,0.4,0.8,1.46,1.79,2.11,1.79,2.0,0.67,8.0,0.0,0.5,0.5,7.0,7.0,7.0,7.0,1.0,0.0,10.0,0.0,0.2,0.9,-18.3,0.0,10.8,-3.3,5.0,15.3,16.0,0.2,0.5,0.7,-3.4,0.0,3.9,0.0,5.0,4.1,16.0,0.2,0.5,0.7,-9.5,-9.5,-9.5,-9.5,1.0,0.0,10.0,0.0,0.2,0.9,-1.7,-1.7,-1.7,-1.7,1.0,0.0,10.0,0.0,0.2,0.9,-6.9,-6.9,-6.9,-6.9,1.0,0.0,10.0,0.0,0.2,0.9,-1.2,-1.2,-1.2,-1.2,1.0,0.0,10.0,0.0,0.2,0.9,95.0,185.0,689.0,379.5,5.0,429.0,16.0,0.2,0.5,0.7,95.0,185.0,690.0,380.0,5.0,430.0,16.0,0.2,0.5,0.7
1974,2,187.0,53.0,2.48,4.0,4.11,3.43,7.0,0.93,12.0,0.6,0.7,0.6,0.69,2.5,4.51,2.0,7.0,3.83,12.0,0.6,0.7,0.6,3.11,3.88,4.08,3.59,5.0,0.82,12.0,0.4,0.6,0.8,75.0,87.8,89.3,82.2,5.0,12.7,12.0,0.4,0.8,7.15,7.7,12.9,9.13,7.0,2.73,12.0,0.6,0.7,0.6,-10.02,0.0,5.6,-2.5,7.0,7.72,12.0,0.6,0.7,0.6,-8.34,-2.63,0.22,-3.43,7.0,4.91,12.0,0.6,0.7,0.6,985.56,990.0,1022.12,999.11,7.0,16.58,12.0,0.6,0.7,0.6,5.4,7.5,8.0,6.7,6.0,2.0,10.0,0.5,0.7,0.7,-129.2,0.0,40.5,-36.5,7.0,83.7,12.0,0.6,0.7,0.6,-87.5,-28.9,1.6,-35.4,7.0,48.3,12.0,0.6,0.7,0.6,-0.89,1.0,1.88,1.43,7.0,3.86,12.0,0.6,0.7,0.6,-6.9,7.2,22.6,13.9,7.0,35.2,12.0,0.6,0.7,0.6,0.65,1.29,1.9,1.33,5.0,0.93,12.0,0.4,0.6,0.8,4.2,10.7,20.1,12.2,5.0,9.4,12.0,0.4,0.6,0.8,-26.9,0.0,7.6,-7.3,7.0,32.8,12.0,0.6,0.7,0.6,-18.0,-9.3,6.9,-0.3,7.0,24.4,12.0,0.6,0.7,0.6,-35.1,0.0,9.6,-9.0,5.0,26.7,12.0,0.4,0.6,0.8,-27.3,-20.3,-6.1,-17.3,5.0,12.7,12.0,0.4,0.6,0.8,-6.2,0.0,3.7,-1.0,5.0,8.1,12.0,0.4,0.6,0.8,-16.3,-5.2,-2.3,-9.1,5.0,10.2,12.0,0.4,0.6,0.8,367.0,456.5,2146.5,946.0,7.0,838.0,12.0,0.6,0.7,0.6,365.0,455.0,2145.0,945.0,7.0,840.0,12.0,0.6,0.7,0.6
1974,2,187.0,54.0,0.54,3.0,4.0,2.5,9.0,1.62,10.0,0.2,0.6,0.4,-5.44,1.0,2.78,-1.0,8.0,4.33,8.0,0.3,0.5,0.4,3.42,3.85,4.33,3.85,5.0,0.74,6.0,0.2,0.7,0.5,77.6,91.7,92.7,85.5,5.0,11.4,6.0,0.2,0.5,7.47,10.3,14.13,10.51,9.0,3.72,10.0,0.2,0.6,0.4,-10.83,-5.27,-0.47,-5.12,9.0,6.88,10.0,0.2,0.6,0.4,-9.64,-6.28,-0.66,-6.0,9.0,4.58,10.0,0.2,0.6,0.4,985.71,994.5,1006.83,997.07,9.0,13.09,10.0,0.2,0.6,0.4,7.4,8.0,8.0,7.5,6.0,1.2,10.0,0.2,0.6,0.3,-144.6,-43.2,-2.4,-70.6,9.0,96.9,10.0,0.2,0.6,0.4,-127.2,-51.5,-4.8,-64.6,9.0,63.0,10.0,0.2,0.6,0.4,-1.0,3.0,7.44,3.31,8.0,4.13,8.0,0.3,0.5,0.4,-13.9,24.6,72.0,30.0,8.0,44.1,8.0,0.3,0.5,0.4,0.02,0.43,1.72,0.84,5.0,1.02,6.0,0.2,0.7,0.5,0.2,6.2,14.2,8.1,5.0,11.0,6.0,0.2,0.7,0.5,-31.3,-3.7,15.5,-6.8,8.0,23.1,8.0,0.3,0.5,0.4,-9.2,0.0,43.6,16.6,8.0,40.5,8.0,0.3,0.5,0.4,-54.6,-44.8,-12.2,-36.0,5.0,24.0,6.0,0.2,0.7,0.5,-30.7,-18.3,0.0,-16.5,5.0,16.6,6.0,0.2,0.7,0.5,-7.9,-2.3,-0.2,-4.2,5.0,5.5,6.0,0.2,0.7,0.5,-12.6,-4.0,0.0,-6.8,5.0,9.7,6.0,0.2,0.7,0.5,421.5,1092.5,2829.5,1558.5,9.0,1460.5,10.0,0.2,0.6,0.4,420.0,1095.0,2830.0,1560.0,9.0,1460.0,10.0,0.2,0.6,0.4
1974,2,187.0,55.0,,,,,,,,,,,,,,,,,,,,,,,,,,,,,,,,,,,,,,,,8.7,8.7,8.7,8.7,1.0,0.0,24.0,1.0,1.0,0.5,0.0,0.0,0.0,0.0,1.0,0.0,24.0,1.0,1.0,0.5,-8.7,-8.7,-8.7,-8.7,1.0,0.0,24.0,1.0,1.0,0.5,1039.12,1039.15,1039.18,1039.15,2.0,0.07,24.0,0.5,1.0,0.7,,,,,,,,,,,,,,,,,,,,,,,,,,,,,,,,,,,,,,,,,,,,,,,,,,,,,,,,,,,,,,,,,,,,,,,,,,,,,,,,,,,,,,,,,,,,,,,,,,,,,,,,,,,,,,,,,,,,,,,,,,,,,,,,,,,,,,,,,,,,,,,,,,,,,,
1974,2,187.0,56.0,,,,,,,,,,,,,,,,,,,,,,,,,,,,,,,,,,,,,,,,4.1,9.4,14.9,9.56,78.0,4.96,22.0,0.3,0.7,0.5,-2.98,1.42,12.78,3.64,78.0,7.25,22.0,0.3,0.7,0.5,-9.4,-3.79,5.12,-3.0,78.0,6.49,22.0,0.3,0.7,0.5,1010.34,1019.95,1034.8,1020.27,72.0,13.05,22.0,0.4,0.8,0.5,,,,,,,,,,,,,,,,,,,,,,,,,,,,,,,,,,,,,,,,,,,,,,,,,,,,,,,,,,,,,,,,,,,,,,,,,,,,,,,,,,,,,,,,,,,,,,,,,,,,,,,,,,,,,,,,,,,,,,,,,,,,,,,,,,,,,,,,,,,,,,,,,,,,,,
1974,2,187.0,57.0,,,,,,,,,,,,,,,,,,,,,,,,,,,,,,,,,,,,,,,,4.3,12.0,14.63,9.88,9.0,4.74,14.0,0.1,0.6,0.4,-8.72,-3.28,10.28,-0.96,9.0,9.49,14.0,0.1,0.6,0.4,-7.19,-4.0,2.54,-3.39,9.0,5.31,14.0,0.1,0.6,0.4,996.47,1020.1,1036.43,1018.39,12.0,16.19,18.0,0.3,0.7,0.4,,,,,,,,,,,,,,,,,,,,,,,,,,,,,,,,,,,,,,,,,,,,,,,,,,,,,,,,,,,,,,,,,,,,,,,,,,,,,,,,,,,,,,,,,,,,,,,,,,,,,,,,,,,,,,,,,,,,,,,,,,,,,,,,,,,,,,,,,,,,,,,,,,,,,,
1974,2,187.0,58.0,,,,,,,,,,,,,,,,,,,,,,,,,,,,,,,,,,,,,,,,3.98,6.2,8.21,6.66,45.0,3.6,18.0,0.1,0.5,0.4,-5.15,-2.05,0.0,-2.4,45.0,3.15,18.0,0.1,0.5,0.4,-6.62,-4.75,0.03,-3.36,45.0,5.57,18.0,0.1,0.5,0.4,1008.86,1025.2,1035.19,1023.23,50.0,12.74,18.0,0.2,0.5,0.4,,,,,,,,,,,,,,,,,,,,,,,,,,,,,,,,,,,,,,,,,,,,,,,,,,,,,,,,,,,,,,,,,,,,,,,,,,,,,,,,,,,,,,,,,,,,,,,,,,,,,,,,,,,,,,,,,,,,,,,,,,,,,,,,,,,,,,,,,,,,,,,,,,,,,,
1974,2,187.0,59.0,,,,,,,,,,,,,,,,,,,,,,,,,,,,,,,,,,,,,,,,8.2,8.2,8.2,8.2,1.0,0.0,8.0,0.0,0.2,0.0,-6.28,-6.28,-6.28,-6.28,1.0,0.0,8.0,0.0,0.2,0.0,-5.27,-5.27,-5.27,-5.27,1.0,0.0,8.0,0.0,0.2,0.0,997.9,998.1,1014.69,1006.1,3.0,14.12,14.0,0.3,0.3,0.0,,,,,,,,,,,,,,,,,,,,,,,,,,,,,,,,,,,,,,,,,,,,,,,,,,,,,,,,,,,,,,,,,,,,,,,,,,,,,,,,,,,,,,,,,,,,,,,,,,,,,,,,,,,,,,,,,,,,,,,,,,,,,,,,,,,,,,,,,,,,,,,,,,,,,,
1974,2,188.0,-74.0,,,,,,,,,,,,,,,,,,,,,,,,,,,,,,,,,,,,,,,,4.1,4.1,4.1,4.1,1.0,0.0,18.0,1.0,0.1,0.7,-2.64,-2.64,-2.64,-2.64,1.0,0.0,18.0,1.0,0.1,0.7,3.14,3.14,3.14,3.14,1.0,0.0,18.0,1.0,0.1,0.7,974.8,974.8,974.8,974.8,1.0,0.0,18.0,1.0,0.1,0.7,,,,,,,,,,,,,,,,,,,,,,,,,,,,,,,,,,,,,,,,,,,,,,,,,,,,,,,,,,,,,,,,,,,,,,,,,,,,,,,,,,,,,,,,,,,,,,,,,,,,,,,,,,,,,,,,,,,,,,,,,,,,,,,,,,,,,,,,,,,,,,,,,,,,,,
1974,2,188.0,-55.0,9.0,9.0,9.0,9.0,1.0,0.0,20.0,0.0,0.1,0.2,8.5,8.5,8.5,8.5,1.0,0.0,20.0,0.0,0.1,0.2,6.44,6.44,6.44,6.44,1.0,0.0,20.0,0.0,0.1,0.2,93.4,93.4,93.4,93.4,1.0,0.0,20.0,0.0,0.2,17.5,17.5,17.5,17.5,1.0,0.0,20.0,0.0,0.1,0.2,13.41,13.41,13.41,13.41,1.0,0.0,20.0,0.0,0.1,0.2,-11.25,-11.25,-11.25,-11.25,1.0,0.0,20.0,0.0,0.1,0.2,1009.0,1009.0,1009.0,1009.0,1.0,0.0,20.0,0.0,0.1,0.2,8.0,8.0,8.0,8.0,1.0,0.0,20.0,0.0,0.1,0.2,234.6,234.6,234.6,234.6,1.0,0.0,20.0,0.0,0.1,0.2,-196.9,-196.9,-196.9,-196.9,1.0,0.0,20.0,0.0,0.1,0.2,0.5,0.5,0.5,0.5,1.0,0.0,20.0,0.0,0.1,0.2,8.8,8.8,8.8,8.8,1.0,0.0,20.0,0.0,0.1,0.2,0.69,0.69,0.69,0.69,1.0,0.0,20.0,0.0,0.1,0.2,12.1,12.1,12.1,12.1,1.0,0.0,20.0,0.0,0.1,0.2,113.9,113.9,113.9,113.9,1.0,0.0,20.0,0.0,0.1,0.2,-95.6,-95.6,-95.6,-95.6,1.0,0.0,20.0,0.0,0.1,0.2,86.4,86.4,86.4,86.4,1.0,0.0,20.0,0.0,0.1,0.2,-72.5,-72.5,-72.5,-72.5,1.0,0.0,20.0,0.0,0.1,0.2,9.3,9.3,9.3,9.3,1.0,0.0,20.0,0.0,0.1,0.2,-7.8,-7.8,-7.8,-7.8,1.0,0.0,20.0,0.0,0.1,0.2,5359.5,5359.5,5359.5,5359.5,1.0,0.0,20.0,0.0,0.1,0.2,5360.0,5360.0,5360.0,5360.0,1.0,0.0,20.0,0.0,0.1,0.2
1974,2,188.0,-47.0,14.4,14.4,14.4,14.4,1.0,0.0,18.0,1.0,0.4,0.9,12.8,12.8,12.8,12.8,1.0,0.0,18.0,1.0,0.4,0.9,7.26,7.26,7.26,7.26,1.0,0.0,18.0,1.0,0.4,0.9,80.3,80.3,80.3,80.3,1.0,0.0,18.0,1.0,0.9,0.0,0.0,0.0,0.0,1.0,0.0,18.0,1.0,0.4,0.9,0.0,0.0,0.0,0.0,1.0,0.0,18.0,1.0,0.4,0.9,0.0,0.0,0.0,0.0,1.0,0.0,18.0,1.0,0.4,0.9,1026.2,1026.2,1026.2,1026.2,1.0,0.0,18.0,1.0,0.4,0.9,7.0,7.0,7.0,7.0,1.0,0.0,18.0,1.0,0.4,0.9,0.0,0.0,0.0,0.0,1.0,0.0,18.0,1.0,0.4,0.9,0.0,0.0,0.0,0.0,1.0,0.0,18.0,1.0,0.4,0.9,1.6,1.6,1.6,1.6,1.0,0.0,18.0,1.0,0.4,0.9,0.0,0.0,0.0,0.0,1.0,0.0,18.0,1.0,0.4,0.9,2.79,2.79,2.79,2.79,1.0,0.0,18.0,1.0,0.4,0.9,0.0,0.0,0.0,0.0,1.0,0.0,18.0,1.0,0.4,0.9,0.0,0.0,0.0,0.0,1.0,0.0,18.0,1.0,0.4,0.9,0.0,0.0,0.0,0.0,1.0,0.0,18.0,1.0,0.4,0.9,0.0,0.0,0.0,0.0,1.0,0.0,18.0,1.0,0.4,0.9,0.0,0.0,0.0,0.0,1.0,0.0,18.0,1.0,0.4,0.9,0.0,0.0,0.0,0.0,1.0,0.0,18.0,1.0,0.4,0.9,0.0,0.0,0.0,0.0,1.0,0.0,18.0,1.0,0.4,0.9,0.0,0.0,0.0,0.0,1.0,0.0,18.0,1.0,0.4,0.9,0.0,0.0,0.0,0.0,1.0,0.0,18.0,1.0,0.4,0.9
1974,2,188.0,-43.0,17.0,17.0,17.0,17.0,1.0,0.0,8.0,0.0,0.5,0.9,17.1,17.1,17.1,17.1,1.0,0.0,8.0,0.0,0.5,0.9,11.59,11.59,11.59,11.59,1.0,0.0,8.0,0.0,0.5,0.9,96.9,96.9,96.9,96.9,1.0,0.0,8.0,0.0,0.9,3.6,3.6,3.6,3.6,1.0,0.0,8.0,0.0,0.5,0.9,-2.31,-2.31,-2.31,-2.31,1.0,0.0,8.0,0.0,0.5,0.9,-2.76,-2.76,-2.76,-2.76,1.0,0.0,8.0,0.0,0.5,0.9,1024.6,1024.6,1024.6,1024.6,1.0,0.0,8.0,0.0,0.5,0.9,5.0,5.0,5.0,5.0,1.0,0.0,8.0,0.0,0.5,0.9,-8.3,-8.3,-8.3,-8.3,1.0,0.0,8.0,0.0,0.5,0.9,-9.9,-9.9,-9.9,-9.9,1.0,0.0,8.0,0.0,0.5,0.9,-0.1,-0.1,-0.1,-0.1,1.0,0.0,8.0,0.0,0.5,0.9,-0.4,-0.4,-0.4,-0.4,1.0,0.0,8.0,0.0,0.5,0.9,0.3,0.3,0.3,0.3,1.0,0.0,8.0,0.0,0.5,0.9,1.1,1.1,1.1,1.1,1.0,0.0,8.0,0.0,0.5,0.9,-39.6,-39.6,-39.6,-39.6,1.0,0.0,8.0,0.0,0.5,0.9,-47.2,-47.2,-47.2,-47.2,1.0,0.0,8.0,0.0,0.5,0.9,-26.8,-26.8,-26.8,-26.8,1.0,0.0,8.0,0.0,0.5,0.9,-32.0,-32.0,-32.0,-32.0,1.0,0.0,8.0,0.0,0.5,0.9,-0.7,-0.7,-0.7,-0.7,1.0,0.0,8.0,0.0,0.5,0.9,-0.8,-0.8,-0.8,-0.8,1.0,0.0,8.0,0.0,0.5,0.9,46.5,46.5,46.5,46.5,1.0,0.0,8.0,0.0,0.5,0.9,45.0,45.0,45.0,45.0,1.0,0.0,8.0,0.0,0.5,0.9
1974,2,188.0,-42.0,17.96,18.3,18.44,18.2,3.0,0.36,18.0,1.0,0.5,0.2,15.7,18.5,19.52,17.63,3.0,2.9,18.0,1.0,0.5,0.2,8.06,9.27,10.48,9.27,2.0,2.5,18.0,1.0,0.5,0.3,76.0,79.6,83.2,79.6,2.0,7.4,18.0,1.0,0.3,5.56,8.7,9.11,7.37,3.0,2.84,18.0,1.0,0.5,0.2,-6.64,-5.59,-0.82,-3.77,3.0,4.55,18.0,1.0,0.5,0.2,-2.86,3.85,5.77,1.51,3.0,6.64,18.0,1.0,0.5,0.2,1018.67,1020.1,1026.18,1022.37,3.0,5.84,18.0,1.0,0.5,0.2,7.0,7.0,7.7,7.3,3.0,0.6,18.0,1.0,0.5,0.2,-60.7,-48.7,-11.5,-36.4,3.0,37.5,18.0,1.0,0.5,0.2,-32.9,15.8,44.6,6.1,3.0,57.4,18.0,1.0,0.5,0.2,-1.09,-0.2,2.26,0.57,3.0,2.54,18.0,1.0,0.5,0.2,-4.8,-1.9,19.6,7.2,3.0,19.5,18.0,1.0,0.5,0.2,2.34,3.45,4.56,3.45,2.0,2.29,18.0,1.0,0.5,0.3,21.3,30.6,39.8,30.6,2.0,19.2,18.0,1.0,0.5,0.3,-115.5,-80.5,-6.4,-61.4,3.0,81.6,18.0,1.0,0.5,0.2,-51.0,77.1,90.0,20.8,3.0,114.2,18.0,1.0,0.5,0.2,-72.8,-60.3,-47.8,-60.3,2.0,25.9,18.0,1.0,0.5,0.3,-47.6,-8.0,31.6,-8.0,2.0,82.0,18.0,1.0,0.5,0.3,-25.9,-20.7,-15.5,-20.7,2.0,10.8,18.0,1.0,0.5,0.3,-3.8,11.4,26.7,11.4,2.0,31.6,18.0,1.0,0.5,0.3,256.0,658.5,758.0,510.5,3.0,389.5,18.0,1.0,0.5,0.2,255.0,660.0,760.0,510.0,3.0,390.0,18.0,1.0,0.5,0.2
1974,2,188.0,-40.0,18.32,19.0,19.68,19.0,2.0,1.41,24.0,1.0,0.6,0.7,16.97,17.55,18.13,17.55,2.0,1.2,24.0,1.0,0.6,0.7,8.58,9.36,10.13,9.36,2.0,1.61,24.0,1.0,0.6,0.7,72.0,75.5,79.0,75.5,2.0,7.2,24.0,1.0,0.7,6.44,6.95,7.46,6.95,2.0,1.06,24.0,1.0,0.6,0.7,-5.75,-4.98,-4.21,-4.98,2.0,1.6,24.0,1.0,0.6,0.7,-5.78,-3.87,-1.96,-3.87,2.0,3.95,24.0,1.0,0.6,0.7,1021.21,1021.65,1022.09,1021.65,2.0,0.92,24.0,1.0,0.6,0.7,8.0,8.0,8.0,8.0,2.0,0.0,24.0,1.0,0.6,0.7,-36.6,-33.8,-30.9,-33.8,2.0,5.8,24.0,1.0,0.6,0.7,-44.3,-29.0,-13.8,-29.0,2.0,31.6,24.0,1.0,0.6,0.7,0.19,1.45,2.71,1.45,2.0,2.62,24.0,1.0,0.6,0.7,0.7,8.7,16.7,8.7,2.0,16.6,24.0,1.0,0.6,0.7,2.86,4.21,5.56,4.21,2.0,2.8,24.0,1.0,0.6,0.7,20.5,27.8,35.0,27.8,2.0,15.0,24.0,1.0,0.6,0.7,-97.0,-86.4,-75.8,-86.4,2.0,22.0,24.0,1.0,0.6,0.7,-106.1,-70.3,-34.6,-70.3,2.0,74.0,24.0,1.0,0.6,0.7,-48.6,-45.3,-42.0,-45.3,2.0,6.9,24.0,1.0,0.6,0.7,-60.3,-39.4,-18.6,-39.4,2.0,43.2,24.0,1.0,0.6,0.7,-33.2,-23.2,-13.2,-23.2,2.0,20.7,24.0,1.0,0.6,0.7,-13.5,-10.8,-8.0,-10.8,2.0,5.8,24.0,1.0,0.6,0.7,273.0,347.5,422.0,347.5,2.0,154.5,24.0,1.0,0.6,0.7,275.0,345.0,420.0,345.0,2.0,155.0,24.0,1.0,0.6,0.7
1974,2,188.0,-39.0,20.0,20.0,20.0,20.0,1.0,0.0,18.0,0.0,0.3,0.6,21.2,21.2,21.2,21.2,1.0,0.0,18.0,0.0,0.3,0.6,12.9,12.9,12.9,12.9,1.0,0.0,18.0,0.0,0.3,0.6,83.0,83.0,83.0,83.0,1.0,0.0,18.0,0.0,0.6,3.6,3.6,3.6,3.6,1.0,0.0,18.0,0.0,0.3,0.6,-2.76,-2.76,-2.76,-2.76,1.0,0.0,18.0,0.0,0.3,0.6,2.31,2.31,2.31,2.31,1.0,0.0,18.0,0.0,0.3,0.6,1020.0,1020.0,1020.0,1020.0,1.0,0.0,18.0,0.0,0.3,0.6,8.0,8.0,8.0,8.0,1.0,0.0,18.0,0.0,0.3,0.6,-9.9,-9.9,-9.9,-9.9,1.0,0.0,18.0,0.0,0.3,0.6,8.3,8.3,8.3,8.3,1.0,0.0,18.0,0.0,0.3,0.6,-1.2,-1.2,-1.2,-1.2,1.0,0.0,18.0,0.0,0.3,0.6,-4.3,-4.3,-4.3,-4.3,1.0,0.0,18.0,0.0,0.3,0.6,1.55,1.55,1.55,1.55,1.0,0.0,18.0,0.0,0.3,0.6,5.6,5.6,5.6,5.6,1.0,0.0,18.0,0.0,0.3,0.6,-58.5,-58.5,-58.5,-58.5,1.0,0.0,18.0,0.0,0.3,0.6,49.1,49.1,49.1,49.1,1.0,0.0,18.0,0.0,0.3,0.6,-35.6,-35.6,-35.6,-35.6,1.0,0.0,18.0,0.0,0.3,0.6,29.8,29.8,29.8,29.8,1.0,0.0,18.0,0.0,0.3,0.6,-4.3,-4.3,-4.3,-4.3,1.0,0.0,18.0,0.0,0.3,0.6,3.6,3.6,3.6,3.6,1.0,0.0,18.0,0.0,0.3,0.6,46.5,46.5,46.5,46.5,1.0,0.0,18.0,0.0,0.3,0.6,45.0,45.0,45.0,45.0,1.0,0.0,18.0,0.0,0.3,0.6
1974,2,188.0,-37.0,20.17,20.55,20.93,20.55,2.0,0.78,18.0,1.0,0.4,0.7,20.18,21.0,21.82,21.0,2.0,1.7,18.0,1.0,0.4,0.7,14.04,14.33,14.61,14.33,2.0,0.59,18.0,1.0,0.4,0.7,88.4,91.9,95.3,91.9,2.0,7.2,18.0,1.0,0.7,4.6,4.6,4.6,4.6,1.0,0.0,8.0,1.0,0.1,1.0,-2.96,-2.96,-2.96,-2.96,1.0,0.0,8.0,1.0,0.1,1.0,-3.52,-3.52,-3.52,-3.52,1.0,0.0,8.0,1.0,0.1,1.0,996.4,1003.5,1010.6,1003.5,2.0,14.71,18.0,1.0,0.4,0.7,7.2,7.5,7.8,7.5,2.0,0.7,18.0,1.0,0.4,0.7,-13.6,-13.6,-13.6,-13.6,1.0,0.0,8.0,1.0,0.1,1.0,-16.2,-16.2,-16.2,-16.2,1.0,0.0,8.0,1.0,0.1,1.0,-0.89,-0.45,-0.01,-0.45,2.0,0.92,18.0,1.0,0.4,0.7,0.9,0.9,0.9,0.9,1.0,0.0,8.0,1.0,0.1,1.0,0.71,0.88,1.06,0.88,2.0,0.37,18.0,1.0,0.4,0.7,2.9,2.9,2.9,2.9,1.0,0.0,8.0,1.0,0.1,1.0,-58.5,-58.5,-58.5,-58.5,1.0,0.0,8.0,1.0,0.1,1.0,-69.8,-69.8,-69.8,-69.8,1.0,0.0,8.0,1.0,0.1,1.0,-41.1,-41.1,-41.1,-41.1,1.0,0.0,8.0,1.0,0.1,1.0,-49.0,-49.0,-49.0,-49.0,1.0,0.0,8.0,1.0,0.1,1.0,-1.8,-1.8,-1.8,-1.8,1.0,0.0,8.0,1.0,0.1,1.0,-2.2,-2.2,-2.2,-2.2,1.0,0.0,8.0,1.0,0.1,1.0,97.5,97.5,97.5,97.5,1.0,0.0,8.0,1.0,0.1,1.0,95.0,95.0,95.0,95.0,1.0,0.0,8.0,1.0,0.1,1.0
1974,2,188.0,-36.0,21.1,21.1,21.1,21.1,1.0,0.0,28.0,1.0,1.0,0.3,20.6,20.6,20.6,20.6,1.0,0.0,28.0,1.0,1.0,0.3,12.93,12.93,12.93,12.93,1.0,0.0,28.0,1.0,1.0,0.3,85.0,85.0,85.0,85.0,1.0,0.0,28.0,1.0,0.3,18.0,18.0,18.0,18.0,1.0,0.0,28.0,1.0,1.0,0.3,-9.0,-9.0,-9.0,-9.0,1.0,0.0,28.0,1.0,1.0,0.3,-15.59,-15.59,-15.59,-15.59,1.0,0.0,28.0,1.0,1.0,0.3,1004.7,1004.7,1004.7,1004.7,1.0,0.0,28.0,1.0,1.0,0.3,8.0,8.0,8.0,8.0,1.0,0.0,28.0,1.0,1.0,0.3,-162.0,-162.0,-162.0,-162.0,1.0,0.0,28.0,1.0,1.0,0.3,-280.6,-280.6,-280.6,-280.6,1.0,0.0,28.0,1.0,1.0,0.3,0.5,0.5,0.5,0.5,1.0,0.0,28.0,1.0,1.0,0.3,9.0,9.0,9.0,9.0,1.0,0.0,28.0,1.0,1.0,0.3,2.78,2.78,2.78,2.78,1.0,0.0,28.0,1.0,1.0,0.3,50.0,50.0,50.0,50.0,1.0,0.0,28.0,1.0,1.0,0.3,-185.4,-185.4,-185.4,-185.4,1.0,0.0,28.0,1.0,1.0,0.3,-321.1,-321.1,-321.1,-321.1,1.0,0.0,28.0,1.0,1.0,0.3,-116.4,-116.4,-116.4,-116.4,1.0,0.0,28.0,1.0,1.0,0.3,-201.5,-201.5,-201.5,-201.5,1.0,0.0,28.0,1.0,1.0,0.3,-25.0,-25.0,-25.0,-25.0,1.0,0.0,28.0,1.0,1.0,0.3,-43.3,-43.3,-43.3,-43.3,1.0,0.0,28.0,1.0,1.0,0.3,5832.0,5832.0,5832.0,5832.0,1.0,0.0,28.0,1.0,1.0,0.3,5830.0,5830.0,5830.0,5830.0,1.0,0.0,28.0,1.0,1.0,0.3
1974,2,188.0,-35.0,21.91,22.35,22.79,22.35,2.0,0.92,18.0,0.5,0.5,0.7,21.2,21.2,21.2,21.2,1.0,0.0,26.0,0.0,0.5,0.8,10.67,10.67,10.67,10.67,1.0,0.0,26.0,0.0,0.5,0.8,68.6,68.6,68.6,68.6,1.0,0.0,26.0,0.0,0.8,6.93,8.5,10.07,8.5,2.0,3.25,18.0,0.5,0.5,0.7,-10.07,-8.5,-6.93,-8.5,2.0,3.25,18.0,0.5,0.5,0.7,0.0,0.0,0.0,0.0,2.0,0.0,18.0,0.5,0.5,0.7,1018.22,1019.55,1020.88,1019.55,2.0,2.76,18.0,0.5,0.5,0.7,3.5,4.5,5.5,4.5,2.0,2.1,18.0,0.5,0.5,0.7,-104.2,-77.5,-50.9,-77.5,2.0,55.3,18.0,0.5,0.5,0.7,0.0,0.0,0.0,0.0,2.0,0.0,18.0,0.5,0.5,0.7,0.5,0.5,0.5,0.5,1.0,0.0,26.0,0.0,0.5,0.8,5.4,5.4,5.4,5.4,1.0,0.0,26.0,0.0,0.5,0.8,5.42,5.42,5.42,5.42,1.0,0.0,26.0,0.0,0.5,0.8,58.6,58.6,58.6,58.6,1.0,0.0,26.0,0.0,0.5,0.8,-229.0,-229.0,-229.0,-229.0,1.0,0.0,26.0,0.0,0.5,0.8,0.0,0.0,0.0,0.0,1.0,0.0,26.0,0.0,0.5,0.8,-115.2,-115.2,-115.2,-115.2,1.0,0.0,26.0,0.0,0.5,0.8,0.0,0.0,0.0,0.0,1.0,0.0,26.0,0.0,0.5,0.8,-58.6,-58.6,-58.6,-58.6,1.0,0.0,26.0,0.0,0.5,0.8,0.0,0.0,0.0,0.0,1.0,0.0,26.0,0.0,0.5,0.8,400.5,749.0,1097.5,749.0,2.0,722.0,18.0,0.5,0.5,0.7,400.0,750.0,1100.0,750.0,2.0,720.0,18.0,0.5,0.5,0.7
1974,2,188.0,-34.0,,,,,,,,,,,,,,,,,,,,,,,,,,,,,,,,,,,,,,,,7.2,7.2,7.2,7.2,1.0,0.0,10.0,1.0,0.5,0.9,-6.77,-6.77,-6.77,-6.77,1.0,0.0,10.0,1.0,0.5,0.9,2.46,2.46,2.46,2.46,1.0,0.0,10.0,1.0,0.5,0.9,1016.9,1016.9,1016.9,1016.9,1.0,0.0,10.0,1.0,0.5,0.9,7.0,7.0,7.0,7.0,1.0,0.0,10.0,1.0,0.5,0.9,-48.7,-48.7,-48.7,-48.7,1.0,0.0,10.0,1.0,0.5,0.9,17.7,17.7,17.7,17.7,1.0,0.0,10.0,1.0,0.5,0.9,,,,,,,,,,,,,,,,,,,,,,,,,,,,,,,,,,,,,,,,,-157.0,-157.0,-157.0,-157.0,1.0,0.0,10.0,1.0,0.5,0.9,57.1,57.1,57.1,57.1,1.0,0.0,10.0,1.0,0.5,0.9,-107.6,-107.6,-107.6,-107.6,1.0,0.0,10.0,1.0,0.5,0.9,39.2,39.2,39.2,39.2,1.0,0.0,10.0,1.0,0.5,0.9,,,,,,,,,,,,,,,,,,,,,,,,,,,,,,,,,,,,,,,,
1974,2,188.0,-32.0,24.06,24.2,24.34,24.2,2.0,0.28,16.0,0.5,0.5,0.6,22.02,22.05,22.08,22.05,2.0,0.07,16.0,0.5,0.5,0.6,12.73,13.12,13.51,13.12,2.0,0.81,16.0,0.5,0.5,0.6,77.3,79.9,82.4,79.9,2.0,5.3,16.0,0.5,0.6,9.46,9.8,10.14,9.8,2.0,0.71,16.0,0.5,0.5,0.6,-8.88,-7.16,-5.45,-7.16,2.0,3.56,16.0,0.5,0.5,0.6,4.24,5.79,7.33,5.79,2.0,3.2,16.0,0.5,0.5,0.6,1016.11,1016.55,1016.99,1016.55,2.0,0.92,16.0,0.5,0.5,0.6,6.3,7.0,7.7,7.0,2.0,1.4,16.0,0.5,0.5,0.6,-90.7,-71.5,-52.2,-71.5,2.0,39.9,16.0,0.5,0.5,0.6,42.4,55.6,68.8,55.6,2.0,27.3,16.0,0.5,0.5,0.6,2.05,2.15,2.25,2.15,2.0,0.21,16.0,0.5,0.5,0.6,20.7,21.0,21.3,21.0,2.0,0.6,16.0,0.5,0.5,0.6,5.1,5.66,6.21,5.66,2.0,1.15,16.0,0.5,0.5,0.6,51.6,55.1,58.6,55.1,2.0,7.3,16.0,0.5,0.5,0.6,-195.5,-157.8,-120.2,-157.8,2.0,77.9,16.0,0.5,0.5,0.6,93.5,127.7,162.0,127.7,2.0,71.1,16.0,0.5,0.5,0.6,-120.7,-95.4,-70.1,-95.4,2.0,52.4,16.0,0.5,0.5,0.6,56.6,74.6,92.7,74.6,2.0,37.3,16.0,0.5,0.5,0.6,-44.2,-38.5,-32.8,-38.5,2.0,11.9,16.0,0.5,0.5,0.6,22.6,34.6,46.6,34.6,2.0,24.8,16.0,0.5,0.5,0.6,850.0,948.5,1047.0,948.5,2.0,204.0,16.0,0.5,0.5,0.6,850.0,950.0,1045.0,950.0,2.0,205.0,16.0,0.5,0.5,0.6
1974,2,188.0,-30.0,24.43,25.35,26.27,25.35,2.0,1.91,18.0,0.5,0.9,0.8,23.22,23.7,24.18,23.7,2.0,0.99,18.0,0.5,0.9,0.8,15.81,15.81,15.81,15.81,1.0,0.0,16.0,1.0,0.8,0.6,83.4,83.4,83.4,83.4,1.0,0.0,16.0,1.0,0.6,5.35,6.95,8.55,6.95,2.0,3.32,18.0,0.5,0.9,0.8,-6.72,-2.38,1.96,-2.38,2.0,9.0,18.0,0.5,0.9,0.8,-3.04,-2.74,-2.44,-2.74,2.0,0.62,18.0,0.5,0.9,0.8,1011.89,1013.8,1015.71,1013.8,2.0,3.96,18.0,0.5,0.9,0.8,6.3,7.0,7.7,7.0,2.0,1.4,18.0,0.5,0.9,0.8,-65.5,-31.5,2.5,-31.5,2.0,70.4,18.0,0.5,0.9,0.8,-26.6,-20.1,-13.6,-20.1,2.0,13.4,18.0,0.5,0.9,0.8,1.21,1.65,2.09,1.65,2.0,0.92,18.0,0.5,0.9,0.8,7.3,13.0,18.7,13.0,2.0,11.9,18.0,0.5,0.9,0.8,6.01,6.01,6.01,6.01,1.0,0.0,16.0,1.0,0.8,0.6,55.9,55.9,55.9,55.9,1.0,0.0,16.0,1.0,0.8,0.6,-164.9,-60.8,43.2,-60.8,2.0,215.6,18.0,0.5,0.9,0.8,-73.7,-65.3,-56.8,-65.3,2.0,17.5,18.0,0.5,0.9,0.8,-138.2,-138.2,-138.2,-138.2,1.0,0.0,16.0,1.0,0.8,0.6,-50.3,-50.3,-50.3,-50.3,1.0,0.0,16.0,1.0,0.8,0.6,-52.6,-52.6,-52.6,-52.6,1.0,0.0,16.0,1.0,0.8,0.6,-19.1,-19.1,-19.1,-19.1,1.0,0.0,16.0,1.0,0.8,0.6,209.5,451.0,692.0,451.0,2.0,500.0,18.0,0.5,0.9,0.8,210.0,450.0,690.0,450.0,2.0,500.0,18.0,0.5,0.9,0.8
1974,2,188.0,-28.0,25.6,25.6,25.6,25.6,1.0,0.0,8.0,1.0,0.2,0.2,23.3,23.3,23.3,23.3,1.0,0.0,8.0,1.0,0.2,0.2,15.42,15.42,15.42,15.42,1.0,0.0,8.0,1.0,0.2,0.2,86.9,86.9,86.9,86.9,1.0,0.0,8.0,1.0,0.2,10.3,10.3,10.3,10.3,1.0,0.0,8.0,1.0,0.2,0.2,-9.68,-9.68,-9.68,-9.68,1.0,0.0,8.0,1.0,0.2,0.2,3.52,3.52,3.52,3.52,1.0,0.0,8.0,1.0,0.2,0.2,1017.0,1017.0,1017.0,1017.0,1.0,0.0,8.0,1.0,0.2,0.2,6.0,6.0,6.0,6.0,1.0,0.0,8.0,1.0,0.2,0.2,-99.7,-99.7,-99.7,-99.7,1.0,0.0,8.0,1.0,0.2,0.2,36.3,36.3,36.3,36.3,1.0,0.0,8.0,1.0,0.2,0.2,2.3,2.3,2.3,2.3,1.0,0.0,8.0,1.0,0.2,0.2,23.7,23.7,23.7,23.7,1.0,0.0,8.0,1.0,0.2,0.2,5.01,5.01,5.01,5.01,1.0,0.0,8.0,1.0,0.2,0.2,51.6,51.6,51.6,51.6,1.0,0.0,8.0,1.0,0.2,0.2,-225.5,-225.5,-225.5,-225.5,1.0,0.0,8.0,1.0,0.2,0.2,82.1,82.1,82.1,82.1,1.0,0.0,8.0,1.0,0.2,0.2,-149.2,-149.2,-149.2,-149.2,1.0,0.0,8.0,1.0,0.2,0.2,54.3,54.3,54.3,54.3,1.0,0.0,8.0,1.0,0.2,0.2,-48.4,-48.4,-48.4,-48.4,1.0,0.0,8.0,1.0,0.2,0.2,17.6,17.6,17.6,17.6,1.0,0.0,8.0,1.0,0.2,0.2,1092.5,1092.5,1092.5,1092.5,1.0,0.0,8.0,1.0,0.2,0.2,1095.0,1095.0,1095.0,1095.0,1.0,0.0,8.0,1.0,0.2,0.2
1974,2,188.0,-27.0,25.86,26.0,26.2,26.03,3.0,0.25,18.0,0.3,0.4,0.8,25.19,25.6,25.87,25.53,3.0,0.5,18.0,0.3,0.4,0.8,16.83,17.6,18.17,17.5,3.0,0.98,18.0,0.3,0.4,0.8,84.1,85.6,87.0,85.6,3.0,2.1,18.0,0.3,0.8,4.6,4.6,4.6,4.6,3.0,0.0,18.0,0.3,0.4,0.8,-2.27,-0.8,-0.25,-1.25,3.0,1.53,18.0,0.3,0.4,0.8,-4.58,-4.53,0.97,-1.87,3.0,4.67,18.0,0.3,0.4,0.8,1008.86,1010.7,1012.13,1010.5,3.0,2.41,18.0,0.3,0.4,0.8,4.6,8.0,8.0,6.3,3.0,2.9,18.0,0.3,0.4,0.8,-10.5,-3.7,-1.2,-5.8,3.0,7.0,18.0,0.3,0.4,0.8,-21.1,-20.8,4.5,-8.6,3.0,21.5,18.0,0.3,0.4,0.8,0.23,0.3,0.78,0.5,3.0,0.44,18.0,0.3,0.4,0.8,1.1,1.4,3.6,2.3,3.0,2.0,18.0,0.3,0.4,0.8,3.08,3.26,4.13,3.6,3.0,0.82,18.0,0.3,0.4,0.8,14.2,15.0,19.0,16.6,3.0,3.8,18.0,0.3,0.4,0.8,-56.9,-20.4,-6.5,-31.5,3.0,38.2,18.0,0.3,0.4,0.8,-118.4,-116.0,23.3,-49.2,3.0,118.9,18.0,0.3,0.4,0.8,-37.7,-14.1,-4.5,-20.9,3.0,25.1,18.0,0.3,0.4,0.8,-83.2,-79.7,14.3,-35.5,3.0,81.0,18.0,0.3,0.4,0.8,-10.0,-2.6,-0.8,-5.3,3.0,7.1,18.0,0.3,0.4,0.8,-14.5,-13.8,6.5,-4.2,3.0,17.5,18.0,0.3,0.4,0.8,97.5,97.5,97.5,97.5,3.0,0.0,18.0,0.3,0.4,0.8,95.0,95.0,95.0,95.0,3.0,0.0,18.0,0.3,0.4,0.8
1974,2,188.0,-26.0,24.4,24.4,24.4,24.4,1.0,0.0,22.0,1.0,0.9,0.5,24.4,24.4,24.4,24.4,1.0,0.0,22.0,1.0,0.9,0.5,16.65,16.65,16.65,16.65,1.0,0.0,22.0,1.0,0.9,0.5,87.0,87.0,87.0,87.0,1.0,0.0,22.0,1.0,0.5,10.3,10.3,10.3,10.3,1.0,0.0,22.0,1.0,0.9,0.5,-10.3,-10.3,-10.3,-10.3,1.0,0.0,22.0,1.0,0.9,0.5,0.0,0.0,0.0,0.0,1.0,0.0,22.0,1.0,0.9,0.5,1008.1,1008.1,1008.1,1008.1,1.0,0.0,22.0,1.0,0.9,0.5,6.0,6.0,6.0,6.0,1.0,0.0,22.0,1.0,0.9,0.5,-106.1,-106.1,-106.1,-106.1,1.0,0.0,22.0,1.0,0.9,0.5,0.0,0.0,0.0,0.0,1.0,0.0,22.0,1.0,0.9,0.5,0.0,0.0,0.0,0.0,1.0,0.0,22.0,1.0,0.9,0.5,0.0,0.0,0.0,0.0,1.0,0.0,22.0,1.0,0.9,0.5,2.51,2.51,2.51,2.51,1.0,0.0,22.0,1.0,0.9,0.5,25.9,25.9,25.9,25.9,1.0,0.0,22.0,1.0,0.9,0.5,-251.3,-251.3,-251.3,-251.3,1.0,0.0,22.0,1.0,0.9,0.5,0.0,0.0,0.0,0.0,1.0,0.0,22.0,1.0,0.9,0.5,-171.5,-171.5,-171.5,-171.5,1.0,0.0,22.0,1.0,0.9,0.5,0.0,0.0,0.0,0.0,1.0,0.0,22.0,1.0,0.9,0.5,-25.9,-25.9,-25.9,-25.9,1.0,0.0,22.0,1.0,0.9,0.5,0.0,0.0,0.0,0.0,1.0,0.0,22.0,1.0,0.9,0.5,1092.5,1092.5,1092.5,1092.5,1.0,0.0,22.0,1.0,0.9,0.5,1095.0,1095.0,1095.0,1095.0,1.0,0.0,22.0,1.0,0.9,0.5
1974,2,188.0,-23.0,,,,,,,,,,,,,,,,,,,,,,,,,,,,,,,,,,,,,,,,6.7,6.7,6.7,6.7,1.0,0.0,4.0,0.0,0.1,1.0,-5.8,-5.8,-5.8,-5.8,1.0,0.0,4.0,0.0,0.1,1.0,3.35,3.35,3.35,3.35,1.0,0.0,4.0,0.0,0.1,1.0,1009.0,1009.0,1009.0,1009.0,1.0,0.0,4.0,0.0,0.1,1.0,6.0,6.0,6.0,6.0,1.0,0.0,4.0,0.0,0.1,1.0,-38.9,-38.9,-38.9,-38.9,1.0,0.0,4.0,0.0,0.1,1.0,22.4,22.4,22.4,22.4,1.0,0.0,4.0,0.0,0.1,1.0,,,,,,,,,,,,,,,,,,,,,,,,,,,,,,,,,,,,,,,,,-153.8,-153.8,-153.8,-153.8,1.0,0.0,4.0,0.0,0.1,1.0,88.8,88.8,88.8,88.8,1.0,0.0,4.0,0.0,0.1,1.0,-96.5,-96.5,-96.5,-96.5,1.0,0.0,4.0,0.0,0.1,1.0,55.7,55.7,55.7,55.7,1.0,0.0,4.0,0.0,0.1,1.0,,,,,,,,,,,,,,,,,,,,,,,,,,,,,,,,,,,,,,,,
1974,2,188.0,-22.0,27.23,27.5,27.7,27.47,3.0,0.35,26.0,0.3,0.4,0.6,26.18,27.0,27.68,26.93,3.0,1.1,26.0,0.3,0.4,0.6,15.16,18.62,19.92,17.57,3.0,3.6,26.0,0.3,0.4,0.6,69.6,78.9,87.9,78.7,3.0,13.4,26.0,0.3,0.6,2.6,2.6,6.42,4.47,3.0,3.23,26.0,0.3,0.4,0.6,0.0,0.0,0.31,0.15,3.0,0.26,26.0,0.3,0.4,0.6,-6.42,-2.6,-2.57,-4.45,3.0,3.24,26.0,0.3,0.4,0.6,1009.17,1011.9,1012.24,1010.73,3.0,2.47,26.0,0.3,0.4,0.6,1.6,5.0,7.0,4.3,3.0,4.0,26.0,0.3,0.4,0.6,0.0,0.0,0.8,0.4,3.0,0.7,26.0,0.3,0.4,0.6,-48.0,-6.8,-6.7,-26.9,3.0,34.9,26.0,0.3,0.4,0.6,-0.09,0.8,1.14,0.53,3.0,0.93,26.0,0.3,0.4,0.6,-0.2,2.1,7.9,3.8,3.0,6.2,26.0,0.3,0.4,0.6,3.35,4.36,7.52,5.41,3.0,3.19,26.0,0.3,0.4,0.6,8.7,11.3,53.9,30.9,3.0,37.2,26.0,0.3,0.4,0.6,0.0,0.0,8.6,4.2,3.0,7.3,26.0,0.3,0.4,0.6,-167.2,-71.7,-70.7,-117.8,3.0,81.2,26.0,0.3,0.4,0.6,0.0,0.0,5.7,2.8,3.0,4.9,26.0,0.3,0.4,0.6,-92.8,-53.4,-49.5,-70.7,3.0,35.1,26.0,0.3,0.4,0.6,0.0,0.0,1.3,0.7,3.0,1.1,26.0,0.3,0.4,0.6,-53.9,-11.2,-8.7,-30.8,3.0,37.2,26.0,0.3,0.4,0.6,17.5,17.5,382.0,195.5,3.0,308.0,26.0,0.3,0.4,0.6,20.0,20.0,380.0,195.0,3.0,310.0,26.0,0.3,0.4,0.6
1974,2,188.0,-21.0,27.32,28.0,28.68,28.0,2.0,1.41,14.0,0.5,0.6,0.5,27.0,27.2,27.4,27.2,2.0,0.42,14.0,0.5,0.6,0.5,17.02,18.3,19.57,18.3,2.0,2.63,14.0,0.5,0.6,0.5,74.6,81.2,87.9,81.2,2.0,13.7,14.0,0.5,0.5,7.78,7.95,8.12,7.95,2.0,0.35,14.0,0.5,0.6,0.5,-7.03,-6.88,-6.74,-6.88,2.0,0.31,14.0,0.5,0.6,0.5,-2.84,-0.12,2.59,-0.12,2.0,5.62,14.0,0.5,0.6,0.5,1009.31,1010.4,1011.49,1010.4,2.0,2.26,14.0,0.5,0.6,0.5,5.5,6.5,7.5,6.5,2.0,2.1,14.0,0.5,0.6,0.5,-57.1,-54.8,-52.4,-54.8,2.0,4.9,14.0,0.5,0.6,0.5,-23.6,-2.0,19.6,-2.0,2.0,44.7,14.0,0.5,0.6,0.5,0.32,0.8,1.28,0.8,2.0,0.99,14.0,0.5,0.6,0.5,2.5,6.2,9.8,6.2,2.0,7.6,14.0,0.5,0.6,0.5,3.21,5.47,7.73,5.47,2.0,4.67,14.0,0.5,0.6,0.5,25.6,42.7,59.7,42.7,2.0,35.2,14.0,0.5,0.6,0.5,-189.8,-187.2,-184.6,-187.2,2.0,5.4,14.0,0.5,0.6,0.5,-76.0,-2.2,71.6,-2.2,2.0,152.9,14.0,0.5,0.6,0.5,-137.8,-126.4,-114.9,-126.4,2.0,23.7,14.0,0.5,0.6,0.5,-59.5,-9.7,40.1,-9.7,2.0,103.2,14.0,0.5,0.6,0.5,-51.7,-36.9,-22.2,-36.9,2.0,30.5,14.0,0.5,0.6,0.5,-2.1,12.5,27.0,12.5,2.0,30.2,14.0,0.5,0.6,0.5,471.5,504.0,536.5,504.0,2.0,67.0,14.0,0.5,0.6,0.5,470.0,505.0,535.0,505.0,2.0,65.0,14.0,0.5,0.6,0.5
1974,2,188.0,-19.0,27.5,27.5,27.5,27.5,1.0,0.0,6.0,0.0,0.9,0.3,27.9,27.9,27.9,27.9,1.0,0.0,6.0,0.0,0.9,0.3,17.9,17.9,17.9,17.9,1.0,0.0,6.0,0.0,0.9,0.3,76.1,76.1,76.1,76.1,1.0,0.0,6.0,0.0,0.3,5.1,5.1,5.1,5.1,1.0,0.0,6.0,0.0,0.9,0.3,-3.28,-3.28,-3.28,-3.28,1.0,0.0,6.0,0.0,0.9,0.3,-3.91,-3.91,-3.91,-3.91,1.0,0.0,6.0,0.0,0.9,0.3,1009.3,1009.3,1009.3,1009.3,1.0,0.0,6.0,0.0,0.9,0.3,8.0,8.0,8.0,8.0,1.0,0.0,6.0,0.0,0.9,0.3,-16.7,-16.7,-16.7,-16.7,1.0,0.0,6.0,0.0,0.9,0.3,-19.9,-19.9,-19.9,-19.9,1.0,0.0,6.0,0.0,0.9,0.3,-0.4,-0.4,-0.4,-0.4,1.0,0.0,6.0,0.0,0.9,0.3,-2.0,-2.0,-2.0,-2.0,1.0,0.0,6.0,0.0,0.9,0.3,5.16,5.16,5.16,5.16,1.0,0.0,6.0,0.0,0.9,0.3,26.3,26.3,26.3,26.3,1.0,0.0,6.0,0.0,0.9,0.3,-91.5,-91.5,-91.5,-91.5,1.0,0.0,6.0,0.0,0.9,0.3,-109.0,-109.0,-109.0,-109.0,1.0,0.0,6.0,0.0,0.9,0.3,-58.7,-58.7,-58.7,-58.7,1.0,0.0,6.0,0.0,0.9,0.3,-69.9,-69.9,-69.9,-69.9,1.0,0.0,6.0,0.0,0.9,0.3,-16.9,-16.9,-16.9,-16.9,1.0,0.0,6.0,0.0,0.9,0.3,-20.1,-20.1,-20.1,-20.1,1.0,0.0,6.0,0.0,0.9,0.3,132.5,132.5,132.5,132.5,1.0,0.0,6.0,0.0,0.9,0.3,135.0,135.0,135.0,135.0,1.0,0.0,6.0,0.0,0.9,0.3
1974,2,188.0,-18.0,27.48,28.5,29.52,28.5,2.0,2.12,24.0,0.5,0.8,0.3,26.48,26.65,26.82,26.65,2.0,0.35,24.0,0.5,0.8,0.3,16.51,17.12,17.73,17.12,2.0,1.27,24.0,0.5,0.8,0.3,76.3,78.3,80.2,78.3,2.0,4.1,24.0,0.5,0.3,5.1,5.1,5.1,5.1,2.0,0.0,24.0,0.5,0.8,0.3,-2.9,-2.08,-1.27,-2.08,2.0,1.69,24.0,0.5,0.8,0.3,-4.85,-4.46,-4.08,-4.46,2.0,0.79,24.0,0.5,0.8,0.3,1009.08,1009.25,1009.42,1009.25,2.0,0.35,24.0,0.5,0.8,0.3,6.3,7.0,7.7,7.0,2.0,1.4,24.0,0.5,0.8,0.3,-14.8,-10.6,-6.5,-10.6,2.0,8.6,24.0,0.5,0.8,0.3,-24.7,-22.8,-20.8,-22.8,2.0,4.0,24.0,0.5,0.8,0.3,1.0,1.85,2.7,1.85,2.0,1.77,24.0,0.5,0.8,0.3,5.1,9.4,13.8,9.4,2.0,9.0,24.0,0.5,0.8,0.3,6.56,7.43,8.31,7.43,2.0,1.81,24.0,0.5,0.8,0.3,33.5,37.9,42.4,37.9,2.0,9.2,24.0,0.5,0.8,0.3,-76.6,-55.2,-33.8,-55.2,2.0,44.4,24.0,0.5,0.8,0.3,-130.0,-119.1,-108.2,-119.1,2.0,22.6,24.0,0.5,0.8,0.3,-47.3,-34.6,-21.9,-34.6,2.0,26.3,24.0,0.5,0.8,0.3,-86.2,-76.9,-67.7,-76.9,2.0,19.2,24.0,0.5,0.8,0.3,-18.2,-13.9,-9.7,-13.9,2.0,8.8,24.0,0.5,0.8,0.3,-40.6,-33.9,-27.2,-33.9,2.0,13.9,24.0,0.5,0.8,0.3,132.5,132.5,132.5,132.5,2.0,0.0,24.0,0.5,0.8,0.3,135.0,135.0,135.0,135.0,2.0,0.0,24.0,0.5,0.8,0.3
1974,2,188.0,-17.0,29.0,29.0,29.0,29.0,1.0,0.0,14.0,1.0,0.2,0.7,26.0,26.0,26.0,26.0,1.0,0.0,14.0,1.0,0.2,0.7,16.76,16.76,16.76,16.76,1.0,0.0,14.0,1.0,0.2,0.7,79.6,79.6,79.6,79.6,1.0,0.0,14.0,1.0,0.7,1.0,1.0,1.0,1.0,1.0,0.0,14.0,1.0,0.2,0.7,-1.0,-1.0,-1.0,-1.0,1.0,0.0,14.0,1.0,0.2,0.7,0.0,0.0,0.0,0.0,1.0,0.0,14.0,1.0,0.2,0.7,1007.6,1007.6,1007.6,1007.6,1.0,0.0,14.0,1.0,0.2,0.7,8.0,8.0,8.0,8.0,1.0,0.0,14.0,1.0,0.2,0.7,-1.0,-1.0,-1.0,-1.0,1.0,0.0,14.0,1.0,0.2,0.7,0.0,0.0,0.0,0.0,1.0,0.0,14.0,1.0,0.2,0.7,3.0,3.0,3.0,3.0,1.0,0.0,14.0,1.0,0.2,0.7,3.0,3.0,3.0,3.0,1.0,0.0,14.0,1.0,0.2,0.7,8.48,8.48,8.48,8.48,1.0,0.0,14.0,1.0,0.2,0.7,8.5,8.5,8.5,8.5,1.0,0.0,14.0,1.0,0.2,0.7,-26.0,-26.0,-26.0,-26.0,1.0,0.0,14.0,1.0,0.2,0.7,0.0,0.0,0.0,0.0,1.0,0.0,14.0,1.0,0.2,0.7,-16.8,-16.8,-16.8,-16.8,1.0,0.0,14.0,1.0,0.2,0.7,0.0,0.0,0.0,0.0,1.0,0.0,14.0,1.0,0.2,0.7,-8.5,-8.5,-8.5,-8.5,1.0,0.0,14.0,1.0,0.2,0.7,0.0,0.0,0.0,0.0,1.0,0.0,14.0,1.0,0.2,0.7,1.0,1.0,1.0,1.0,1.0,0.0,14.0,1.0,0.2,0.7,0.0,0.0,0.0,0.0,1.0,0.0,14.0,1.0,0.2,0.7
1974,2,188.0,-16.0,,,,,,,,,,,,,,,,,,,,,,,,,,,,,,,,,,,,,,,,7.7,7.7,7.7,7.7,1.0,0.0,24.0,0.0,0.6,0.3,-3.85,-3.85,-3.85,-3.85,1.0,0.0,24.0,0.0,0.6,0.3,-6.67,-6.67,-6.67,-6.67,1.0,0.0,24.0,0.0,0.6,0.3,1007.1,1007.1,1007.1,1007.1,1.0,0.0,24.0,0.0,0.6,0.3,8.0,8.0,8.0,8.0,1.0,0.0,24.0,0.0,0.6,0.3,-29.6,-29.6,-29.6,-29.6,1.0,0.0,24.0,0.0,0.6,0.3,-51.3,-51.3,-51.3,-51.3,1.0,0.0,24.0,0.0,0.6,0.3,,,,,,,,,,,,,,,,,,,,,,,,,,,,,,,,,,,,,,,,,-96.2,-96.2,-96.2,-96.2,1.0,0.0,24.0,0.0,0.6,0.3,-166.7,-166.7,-166.7,-166.7,1.0,0.0,24.0,0.0,0.6,0.3,-68.6,-68.6,-68.6,-68.6,1.0,0.0,24.0,0.0,0.6,0.3,-118.9,-118.9,-118.9,-118.9,1.0,0.0,24.0,0.0,0.6,0.3,,,,,,,,,,,,,,,,,,,,,,,,,,,,,,,,,,,,,,,,
1974,2,188.0,-15.0,28.9,28.9,28.9,28.9,1.0,0.0,24.0,1.0,0.1,0.5,26.6,26.6,26.6,26.6,1.0,0.0,24.0,1.0,0.1,0.5,17.6,17.6,17.6,17.6,1.0,0.0,24.0,1.0,0.1,0.5,80.6,80.6,80.6,80.6,1.0,0.0,24.0,1.0,0.5,2.6,2.6,2.6,2.6,1.0,0.0,24.0,1.0,0.1,0.5,-2.44,-2.44,-2.44,-2.44,1.0,0.0,24.0,1.0,0.1,0.5,-0.89,-0.89,-0.89,-0.89,1.0,0.0,24.0,1.0,0.1,0.5,1007.9,1007.9,1007.9,1007.9,1.0,0.0,24.0,1.0,0.1,0.5,7.0,7.0,7.0,7.0,1.0,0.0,24.0,1.0,0.1,0.5,-6.4,-6.4,-6.4,-6.4,1.0,0.0,24.0,1.0,0.1,0.5,-2.3,-2.3,-2.3,-2.3,1.0,0.0,24.0,1.0,0.1,0.5,2.3,2.3,2.3,2.3,1.0,0.0,24.0,1.0,0.1,0.5,6.0,6.0,6.0,6.0,1.0,0.0,24.0,1.0,0.1,0.5,7.48,7.48,7.48,7.48,1.0,0.0,24.0,1.0,0.1,0.5,19.5,19.5,19.5,19.5,1.0,0.0,24.0,1.0,0.1,0.5,-65.0,-65.0,-65.0,-65.0,1.0,0.0,24.0,1.0,0.1,0.5,-23.7,-23.7,-23.7,-23.7,1.0,0.0,24.0,1.0,0.1,0.5,-43.0,-43.0,-43.0,-43.0,1.0,0.0,24.0,1.0,0.1,0.5,-15.7,-15.7,-15.7,-15.7,1.0,0.0,24.0,1.0,0.1,0.5,-18.3,-18.3,-18.3,-18.3,1.0,0.0,24.0,1.0,0.1,0.5,-6.7,-6.7,-6.7,-6.7,1.0,0.0,24.0,1.0,0.1,0.5,17.5,17.5,17.5,17.5,1.0,0.0,24.0,1.0,0.1,0.5,20.0,20.0,20.0,20.0,1.0,0.0,24.0,1.0,0.1,0.5
1974,2,188.0,-11.0,27.8,27.8,27.8,27.8,1.0,0.0,20.0,0.0,0.4,0.1,27.5,27.5,27.5,27.5,1.0,0.0,20.0,0.0,0.4,0.1,16.86,16.86,16.86,16.86,1.0,0.0,20.0,0.0,0.4,0.1,73.3,73.3,73.3,73.3,1.0,0.0,20.0,0.0,0.1,6.7,6.7,6.7,6.7,1.0,0.0,20.0,0.0,0.4,0.1,-4.31,-4.31,-4.31,-4.31,1.0,0.0,20.0,0.0,0.4,0.1,-5.13,-5.13,-5.13,-5.13,1.0,0.0,20.0,0.0,0.4,0.1,1008.1,1008.1,1008.1,1008.1,1.0,0.0,20.0,0.0,0.4,0.1,4.0,4.0,4.0,4.0,1.0,0.0,20.0,0.0,0.4,0.1,-28.9,-28.9,-28.9,-28.9,1.0,0.0,20.0,0.0,0.4,0.1,-34.4,-34.4,-34.4,-34.4,1.0,0.0,20.0,0.0,0.4,0.1,0.3,0.3,0.3,0.3,1.0,0.0,20.0,0.0,0.4,0.1,2.0,2.0,2.0,2.0,1.0,0.0,20.0,0.0,0.4,0.1,6.64,6.64,6.64,6.64,1.0,0.0,20.0,0.0,0.4,0.1,44.5,44.5,44.5,44.5,1.0,0.0,20.0,0.0,0.4,0.1,-118.4,-118.4,-118.4,-118.4,1.0,0.0,20.0,0.0,0.4,0.1,-141.1,-141.1,-141.1,-141.1,1.0,0.0,20.0,0.0,0.4,0.1,-72.6,-72.6,-72.6,-72.6,1.0,0.0,20.0,0.0,0.4,0.1,-86.5,-86.5,-86.5,-86.5,1.0,0.0,20.0,0.0,0.4,0.1,-28.6,-28.6,-28.6,-28.6,1.0,0.0,20.0,0.0,0.4,0.1,-34.1,-34.1,-34.1,-34.1,1.0,0.0,20.0,0.0,0.4,0.1,301.0,301.0,301.0,301.0,1.0,0.0,20.0,0.0,0.4,0.1,300.0,300.0,300.0,300.0,1.0,0.0,20.0,0.0,0.4,0.1
1974,2,188.0,-6.0,27.5,27.6,28.07,27.82,5.0,0.61,18.0,0.0,0.5,0.4,28.05,28.6,28.74,28.4,3.0,0.53,18.0,0.0,0.6,0.4,17.54,17.55,17.56,17.55,2.0,0.02,18.0,0.0,0.4,0.5,71.0,71.3,71.6,71.3,2.0,0.6,18.0,0.0,0.5,5.93,7.7,9.13,7.53,3.0,2.35,18.0,0.0,0.6,0.4,-8.2,-7.58,-5.42,-6.83,3.0,2.14,18.0,0.0,0.6,0.4,-1.32,1.34,3.77,1.23,3.0,3.73,18.0,0.0,0.6,0.4,1010.23,1011.6,1012.35,1011.3,3.0,1.57,18.0,0.0,0.6,0.4,1.0,3.0,4.4,2.7,3.0,2.5,18.0,0.0,0.6,0.4,-75.3,-58.4,-33.9,-54.7,3.0,30.5,18.0,0.0,0.6,0.4,-5.6,10.3,36.0,15.1,3.0,30.8,18.0,0.0,0.6,0.4,-1.17,-1.1,0.4,-0.4,3.0,1.3,18.0,0.0,0.6,0.4,-10.7,-8.5,1.1,-4.9,3.0,9.2,18.0,0.0,0.6,0.4,5.5,5.54,5.59,5.54,2.0,0.09,18.0,0.0,0.4,0.5,44.2,48.6,52.9,48.6,2.0,9.0,18.0,0.0,0.4,0.5,-235.7,-216.9,-152.6,-194.7,3.0,63.8,18.0,0.0,0.6,0.4,-36.3,38.2,108.5,36.2,3.0,106.0,18.0,0.0,0.6,0.4,-146.3,-141.0,-135.7,-141.0,2.0,11.0,18.0,0.0,0.4,0.5,33.4,54.7,76.0,54.7,2.0,44.1,18.0,0.0,0.4,0.5,-46.6,-44.6,-42.5,-44.6,2.0,4.3,18.0,0.0,0.4,0.5,10.5,17.4,24.3,17.4,2.0,14.2,18.0,0.0,0.4,0.5,235.5,456.5,787.5,510.0,3.0,407.0,18.0,0.0,0.6,0.4,235.0,455.0,785.0,510.0,3.0,405.0,18.0,0.0,0.6,0.4
1974,2,188.0,-3.0,26.86,27.2,27.54,27.2,2.0,0.71,12.0,0.5,0.1,0.3,26.13,26.2,26.68,26.4,3.0,0.44,14.0,0.7,0.4,0.3,17.59,17.59,17.68,17.63,3.0,0.07,14.0,0.7,0.4,0.3,80.4,83.1,83.1,81.8,3.0,2.2,14.0,0.7,0.3,6.33,7.7,8.04,7.2,3.0,1.32,14.0,0.7,0.4,0.3,-7.81,-7.24,-5.67,-6.75,3.0,1.63,14.0,0.7,0.4,0.3,-2.78,-2.63,-1.81,-2.3,3.0,0.77,14.0,0.7,0.4,0.3,1007.75,1008.5,1008.64,1008.2,3.0,0.7,14.0,0.7,0.4,0.3,2.3,3.0,5.0,3.7,3.0,2.1,14.0,0.7,0.4,0.3,-62.9,-55.7,-36.9,-50.0,3.0,19.7,14.0,0.7,0.4,0.3,-19.0,-16.2,-13.1,-16.1,3.0,4.3,14.0,0.7,0.4,0.3,0.74,1.05,1.36,1.05,2.0,0.64,12.0,0.5,0.1,0.3,4.7,7.5,10.3,7.5,2.0,5.7,12.0,0.5,0.1,0.3,4.61,5.04,5.46,5.04,2.0,0.88,12.0,0.5,0.1,0.3,28.1,34.4,40.7,34.4,2.0,13.0,12.0,0.5,0.1,0.3,-208.5,-189.6,-148.1,-178.5,3.0,45.2,14.0,0.7,0.4,0.3,-72.7,-69.0,-48.0,-60.6,3.0,19.5,14.0,0.7,0.4,0.3,-137.6,-128.2,-100.0,-119.0,3.0,28.7,14.0,0.7,0.4,0.3,-49.0,-46.7,-31.9,-40.6,3.0,13.6,14.0,0.7,0.4,0.3,-37.9,-31.4,-24.8,-31.4,2.0,13.6,12.0,0.5,0.1,0.3,-14.5,-13.7,-12.9,-13.7,2.0,1.6,12.0,0.5,0.1,0.3,271.5,456.5,521.5,397.5,3.0,190.0,14.0,0.7,0.4,0.3,270.0,455.0,520.0,400.0,3.0,190.0,14.0,0.7,0.4,0.3
1974,2,188.0,-2.0,25.79,26.2,26.2,26.0,3.0,0.35,8.0,0.7,0.5,0.6,24.59,25.0,25.41,25.0,3.0,0.6,8.0,0.7,0.5,0.6,16.06,16.33,17.65,16.84,3.0,1.24,8.0,0.7,0.5,0.6,82.7,83.4,87.0,84.8,3.0,3.4,8.0,0.7,0.6,5.1,5.1,7.97,6.5,3.0,2.42,8.0,0.7,0.5,0.6,-7.77,-4.79,-4.54,-6.12,3.0,2.64,8.0,0.7,0.5,0.6,-2.25,-1.61,0.68,-0.81,3.0,2.26,8.0,0.7,0.5,0.6,1008.15,1008.7,1008.7,1008.43,3.0,0.46,8.0,0.7,0.5,0.6,0.3,1.0,1.7,1.0,3.0,1.0,8.0,0.7,0.5,0.6,-65.9,-24.4,-23.1,-44.0,3.0,35.6,8.0,0.7,0.5,0.6,-14.4,-13.0,1.9,-6.4,3.0,13.3,8.0,0.7,0.5,0.6,0.38,1.2,1.61,1.0,3.0,0.92,8.0,0.7,0.5,0.6,2.9,9.2,10.5,6.8,3.0,6.0,8.0,0.7,0.5,0.6,3.2,5.01,5.29,4.26,3.0,1.66,8.0,0.7,0.5,0.6,17.0,27.6,40.6,28.7,3.0,17.3,8.0,0.7,0.5,0.6,-195.2,-122.7,-112.5,-153.1,3.0,66.1,8.0,0.7,0.5,0.6,-55.3,-40.4,17.7,-19.3,3.0,56.5,8.0,0.7,0.5,0.6,-129.9,-87.5,-75.8,-102.5,3.0,41.7,8.0,0.7,0.5,0.6,-36.1,-26.4,13.4,-11.7,3.0,38.4,8.0,0.7,0.5,0.6,-38.9,-23.9,-15.3,-27.0,3.0,17.5,8.0,0.7,0.5,0.6,-12.0,-8.1,0.2,-5.9,3.0,9.1,8.0,0.7,0.5,0.6,132.5,132.5,591.0,356.5,3.0,388.0,8.0,0.7,0.5,0.6,135.0,135.0,590.0,355.0,3.0,390.0,8.0,0.7,0.5,0.6
1974,2,188.0,0.0,24.6,25.25,25.9,25.25,2.0,1.34,6.0,0.0,0.7,0.6,23.93,24.2,24.47,24.2,2.0,0.57,6.0,0.0,0.7,0.6,15.54,15.99,16.44,15.99,2.0,0.93,6.0,0.0,0.7,0.6,83.7,84.6,85.6,84.6,2.0,1.9,6.0,0.0,0.6,7.7,7.7,7.7,7.7,2.0,0.0,6.0,0.0,0.7,0.6,-7.54,-7.18,-6.83,-7.18,2.0,0.73,6.0,0.0,0.7,0.6,-3.24,-1.92,-0.61,-1.92,2.0,2.72,6.0,0.0,0.7,0.6,1008.15,1008.9,1009.65,1008.9,2.0,1.56,6.0,0.0,0.7,0.6,2.0,4.0,6.0,4.0,3.0,3.0,14.0,0.3,0.7,0.4,-58.0,-55.3,-52.6,-55.3,2.0,5.6,6.0,0.0,0.7,0.6,-24.9,-14.8,-4.7,-14.8,2.0,21.0,6.0,0.0,0.7,0.6,0.13,1.05,1.97,1.05,2.0,1.91,6.0,0.0,0.7,0.6,1.0,8.1,15.2,8.1,2.0,14.7,6.0,0.0,0.7,0.6,2.97,4.19,5.42,4.19,2.0,2.54,6.0,0.0,0.7,0.6,22.9,32.3,41.7,32.3,2.0,19.5,6.0,0.0,0.7,0.6,-180.2,-173.7,-167.1,-173.7,2.0,13.6,6.0,0.0,0.7,0.6,-79.7,-47.4,-15.0,-47.4,2.0,67.0,6.0,0.0,0.7,0.6,-117.0,-114.6,-112.2,-114.6,2.0,5.0,6.0,0.0,0.7,0.6,-53.9,-32.1,-10.2,-32.1,2.0,45.3,6.0,0.0,0.7,0.6,-41.3,-31.1,-20.8,-31.1,2.0,21.3,6.0,0.0,0.7,0.6,-7.8,-4.6,-1.5,-4.6,2.0,6.5,6.0,0.0,0.7,0.6,456.5,456.5,456.5,456.5,2.0,0.0,6.0,0.0,0.7,0.6,455.0,455.0,455.0,455.0,2.0,0.0,6.0,0.0,0.7,0.6
1974,2,188.0,1.0,27.0,27.0,27.0,27.0,2.0,0.0,22.0,1.0,0.5,0.2,24.81,25.7,26.59,25.7,2.0,1.84,22.0,1.0,0.5,0.2,18.73,18.73,18.73,18.73,1.0,0.0,24.0,1.0,0.7,0.3,83.7,83.7,83.7,83.7,1.0,0.0,24.0,1.0,0.3,9.19,10.25,11.31,10.25,2.0,2.19,22.0,1.0,0.5,0.2,-11.22,-9.99,-8.75,-9.99,2.0,2.56,22.0,1.0,0.5,0.2,0.47,1.49,2.5,1.49,2.0,2.1,22.0,1.0,0.5,0.2,1003.47,1004.7,1005.93,1004.7,2.0,2.55,22.0,1.0,0.5,0.2,3.0,5.0,7.0,5.0,2.0,4.2,22.0,1.0,0.5,0.2,-128.4,-105.2,-81.9,-105.2,2.0,48.2,22.0,1.0,0.5,0.2,4.1,12.9,21.8,12.9,2.0,18.3,22.0,1.0,0.5,0.2,0.41,1.3,2.19,1.3,2.0,1.84,22.0,1.0,0.5,0.2,3.6,11.3,19.0,11.3,2.0,16.0,22.0,1.0,0.5,0.2,3.71,3.71,3.71,3.71,1.0,0.0,24.0,1.0,0.7,0.3,43.8,43.8,43.8,43.8,1.0,0.0,24.0,1.0,0.7,0.3,-299.7,-259.0,-218.4,-259.0,2.0,84.2,22.0,1.0,0.5,0.2,11.5,36.3,61.1,36.3,2.0,51.3,22.0,1.0,0.5,0.2,-221.1,-221.1,-221.1,-221.1,1.0,0.0,24.0,1.0,0.7,0.3,0.0,0.0,0.0,0.0,1.0,0.0,24.0,1.0,0.7,0.3,-43.8,-43.8,-43.8,-43.8,1.0,0.0,24.0,1.0,0.7,0.3,0.0,0.0,0.0,0.0,1.0,0.0,24.0,1.0,0.7,0.3,814.5,1151.0,1487.0,1151.0,2.0,696.0,22.0,1.0,0.5,0.2,815.0,1150.0,1485.0,1150.0,2.0,695.0,22.0,1.0,0.5,0.2
1974,2,188.0,2.0,27.8,27.8,27.8,27.8,1.0,0.0,2.0,1.0,0.8,0.6,25.6,25.6,25.6,25.6,1.0,0.0,2.0,1.0,0.8,0.6,15.26,15.26,15.26,15.26,1.0,0.0,2.0,1.0,0.8,0.6,74.3,74.3,74.3,74.3,1.0,0.0,2.0,1.0,0.6,11.3,11.3,11.3,11.3,1.0,0.0,2.0,1.0,0.8,0.6,-11.3,-11.3,-11.3,-11.3,1.0,0.0,2.0,1.0,0.8,0.6,0.0,0.0,0.0,0.0,1.0,0.0,2.0,1.0,0.8,0.6,1008.8,1008.8,1008.8,1008.8,1.0,0.0,2.0,1.0,0.8,0.6,4.0,4.0,4.0,4.0,1.0,0.0,2.0,1.0,0.8,0.6,-127.7,-127.7,-127.7,-127.7,1.0,0.0,2.0,1.0,0.8,0.6,0.0,0.0,0.0,0.0,1.0,0.0,2.0,1.0,0.8,0.6,2.2,2.2,2.2,2.2,1.0,0.0,2.0,1.0,0.8,0.6,24.9,24.9,24.9,24.9,1.0,0.0,2.0,1.0,0.8,0.6,8.23,8.23,8.23,8.23,1.0,0.0,2.0,1.0,0.8,0.6,93.0,93.0,93.0,93.0,1.0,0.0,2.0,1.0,0.8,0.6,-289.3,-289.3,-289.3,-289.3,1.0,0.0,2.0,1.0,0.8,0.6,0.0,0.0,0.0,0.0,1.0,0.0,2.0,1.0,0.8,0.6,-172.4,-172.4,-172.4,-172.4,1.0,0.0,2.0,1.0,0.8,0.6,0.0,0.0,0.0,0.0,1.0,0.0,2.0,1.0,0.8,0.6,-93.0,-93.0,-93.0,-93.0,1.0,0.0,2.0,1.0,0.8,0.6,0.0,0.0,0.0,0.0,1.0,0.0,2.0,1.0,0.8,0.6,1443.0,1443.0,1443.0,1443.0,1.0,0.0,2.0,1.0,0.8,0.6,1445.0,1445.0,1445.0,1445.0,1.0,0.0,2.0,1.0,0.8,0.6
1974,2,188.0,5.0,,,,,,,,,,,,,,,,,,,,,,,,,,,,,,,,,,,,,,,,7.7,7.7,7.7,7.7,1.0,0.0,28.0,1.0,1.0,0.4,-7.7,-7.7,-7.7,-7.7,1.0,0.0,28.0,1.0,1.0,0.4,0.0,0.0,0.0,0.0,1.0,0.0,28.0,1.0,1.0,0.4,1008.1,1008.1,1008.1,1008.1,1.0,0.0,28.0,1.0,1.0,0.4,,,,,,,,,,,,,,,,,,,,,,,,,,,,,,,,,,,,,,,,,,,,,,,,,,,,,,,,,,,,,,,,,,,,,,,,,,,,,,,,,,,,,,,,,,,,,,,,,,,,,,,,,,,,,,,,,,,,,,,,,,,,,,,,,,,,,,,,,,,,,,,,,,,,,,
1974,2,188.0,6.0,29.0,29.0,29.0,29.0,1.0,0.0,28.0,1.0,0.9,0.0,25.3,25.3,25.3,25.3,1.0,0.0,28.0,1.0,0.9,0.0,18.24,18.24,18.24,18.24,1.0,0.0,28.0,1.0,0.9,0.0,90.3,90.3,90.3,90.3,1.0,0.0,28.0,1.0,0.0,5.7,5.7,5.7,5.7,1.0,0.0,28.0,1.0,0.9,0.0,-5.36,-5.36,-5.36,-5.36,1.0,0.0,28.0,1.0,0.9,0.0,1.95,1.95,1.95,1.95,1.0,0.0,28.0,1.0,0.9,0.0,1008.8,1008.8,1008.8,1008.8,1.0,0.0,28.0,1.0,0.9,0.0,4.0,4.0,4.0,4.0,1.0,0.0,28.0,1.0,0.9,0.0,-30.5,-30.5,-30.5,-30.5,1.0,0.0,28.0,1.0,0.9,0.0,11.1,11.1,11.1,11.1,1.0,0.0,28.0,1.0,0.9,0.0,3.7,3.7,3.7,3.7,1.0,0.0,28.0,1.0,0.9,0.0,21.1,21.1,21.1,21.1,1.0,0.0,28.0,1.0,0.9,0.0,6.97,6.97,6.97,6.97,1.0,0.0,28.0,1.0,0.9,0.0,39.7,39.7,39.7,39.7,1.0,0.0,28.0,1.0,0.9,0.0,-135.5,-135.5,-135.5,-135.5,1.0,0.0,28.0,1.0,0.9,0.0,49.3,49.3,49.3,49.3,1.0,0.0,28.0,1.0,0.9,0.0,-97.7,-97.7,-97.7,-97.7,1.0,0.0,28.0,1.0,0.9,0.0,35.6,35.6,35.6,35.6,1.0,0.0,28.0,1.0,0.9,0.0,-37.3,-37.3,-37.3,-37.3,1.0,0.0,28.0,1.0,0.9,0.0,13.6,13.6,13.6,13.6,1.0,0.0,28.0,1.0,0.9,0.0,185.0,185.0,185.0,185.0,1.0,0.0,28.0,1.0,0.9,0.0,185.0,185.0,185.0,185.0,1.0,0.0,28.0,1.0,0.9,0.0
1974,2,188.0,11.0,26.2,26.2,26.2,26.2,1.0,0.0,14.0,0.0,0.4,0.9,24.2,24.2,24.2,24.2,1.0,0.0,14.0,0.0,0.4,0.9,16.51,16.51,16.51,16.51,1.0,0.0,14.0,0.0,0.4,0.9,87.5,87.5,87.5,87.5,1.0,0.0,14.0,0.0,0.9,12.3,12.3,12.3,12.3,1.0,0.0,14.0,0.0,0.4,0.9,-12.3,-12.3,-12.3,-12.3,1.0,0.0,14.0,0.0,0.4,0.9,0.0,0.0,0.0,0.0,1.0,0.0,14.0,0.0,0.4,0.9,1010.5,1010.5,1010.5,1010.5,1.0,0.0,14.0,0.0,0.4,0.9,2.0,2.0,2.0,2.0,1.0,0.0,14.0,0.0,0.4,0.9,-151.3,-151.3,-151.3,-151.3,1.0,0.0,14.0,0.0,0.4,0.9,0.0,0.0,0.0,0.0,1.0,0.0,14.0,0.0,0.4,0.9,2.0,2.0,2.0,2.0,1.0,0.0,14.0,0.0,0.4,0.9,24.6,24.6,24.6,24.6,1.0,0.0,14.0,0.0,0.4,0.9,4.8,4.8,4.8,4.8,1.0,0.0,14.0,0.0,0.4,0.9,59.1,59.1,59.1,59.1,1.0,0.0,14.0,0.0,0.4,0.9,-297.7,-297.7,-297.7,-297.7,1.0,0.0,14.0,0.0,0.4,0.9,0.0,0.0,0.0,0.0,1.0,0.0,14.0,0.0,0.4,0.9,-203.0,-203.0,-203.0,-203.0,1.0,0.0,14.0,0.0,0.4,0.9,0.0,0.0,0.0,0.0,1.0,0.0,14.0,0.0,0.4,0.9,-59.1,-59.1,-59.1,-59.1,1.0,0.0,14.0,0.0,0.4,0.9,0.0,0.0,0.0,0.0,1.0,0.0,14.0,0.0,0.4,0.9,1861.0,1861.0,1861.0,1861.0,1.0,0.0,14.0,0.0,0.4,0.9,1860.0,1860.0,1860.0,1860.0,1.0,0.0,14.0,0.0,0.4,0.9
1974,2,188.0,12.0,26.0,26.0,26.0,26.0,1.0,0.0,14.0,0.0,0.8,0.2,24.5,24.5,24.5,24.5,1.0,0.0,14.0,0.0,0.8,0.2,16.91,16.91,16.91,16.91,1.0,0.0,14.0,0.0,0.8,0.2,88.1,88.1,88.1,88.1,1.0,0.0,14.0,0.0,0.2,7.7,7.7,7.7,7.7,1.0,0.0,14.0,0.0,0.8,0.2,-7.7,-7.7,-7.7,-7.7,1.0,0.0,14.0,0.0,0.8,0.2,0.0,0.0,0.0,0.0,1.0,0.0,14.0,0.0,0.8,0.2,1011.0,1011.0,1011.0,1011.0,1.0,0.0,14.0,0.0,0.8,0.2,2.0,2.0,2.0,2.0,1.0,0.0,14.0,0.0,0.8,0.2,-59.3,-59.3,-59.3,-59.3,1.0,0.0,14.0,0.0,0.8,0.2,0.0,0.0,0.0,0.0,1.0,0.0,14.0,0.0,0.8,0.2,1.5,1.5,1.5,1.5,1.0,0.0,14.0,0.0,0.8,0.2,11.6,11.6,11.6,11.6,1.0,0.0,14.0,0.0,0.8,0.2,4.13,4.13,4.13,4.13,1.0,0.0,14.0,0.0,0.8,0.2,31.8,31.8,31.8,31.8,1.0,0.0,14.0,0.0,0.8,0.2,-188.6,-188.6,-188.6,-188.6,1.0,0.0,14.0,0.0,0.8,0.2,0.0,0.0,0.0,0.0,1.0,0.0,14.0,0.0,0.8,0.2,-130.2,-130.2,-130.2,-130.2,1.0,0.0,14.0,0.0,0.8,0.2,0.0,0.0,0.0,0.0,1.0,0.0,14.0,0.0,0.8,0.2,-31.8,-31.8,-31.8,-31.8,1.0,0.0,14.0,0.0,0.8,0.2,0.0,0.0,0.0,0.0,1.0,0.0,14.0,0.0,0.8,0.2,456.5,456.5,456.5,456.5,1.0,0.0,14.0,0.0,0.8,0.2,455.0,455.0,455.0,455.0,1.0,0.0,14.0,0.0,0.8,0.2
1974,2,188.0,14.0,,,,,,,,,,,,,,,,,,,,,,,,,,,,,,,,,,,,,,,,8.7,8.7,8.7,8.7,1.0,0.0,20.0,0.0,0.4,0.8,-8.57,-8.57,-8.57,-8.57,1.0,0.0,20.0,0.0,0.4,0.8,1.51,1.51,1.51,1.51,1.0,0.0,20.0,0.0,0.4,0.8,1020.3,1020.3,1020.3,1020.3,1.0,0.0,20.0,0.0,0.4,0.8,,,,,,,,,,,,,,,,,,,,,,,,,,,,,,,,,,,,,,,,,,,,,,,,,,,,,,,,,,,,,,,,,,,,,,,,,,,,,,,,,,,,,,,,,,,,,,,,,,,,,,,,,,,,,,,,,,,,,,,,,,,,,,,,,,,,,,,,,,,,,,,,,,,,,,
1974,2,188.0,17.0,24.4,24.4,24.4,24.4,1.0,0.0,12.0,1.0,0.6,0.0,25.0,25.0,25.0,25.0,1.0,0.0,12.0,1.0,0.6,0.0,14.95,14.95,14.95,14.95,1.0,0.0,12.0,1.0,0.6,0.0,75.6,75.6,75.6,75.6,1.0,0.0,12.0,1.0,0.0,10.3,10.3,10.3,10.3,1.0,0.0,12.0,1.0,0.6,0.0,-8.92,-8.92,-8.92,-8.92,1.0,0.0,12.0,1.0,0.6,0.0,-5.15,-5.15,-5.15,-5.15,1.0,0.0,12.0,1.0,0.6,0.0,1010.2,1010.2,1010.2,1010.2,1.0,0.0,12.0,1.0,0.6,0.0,4.0,4.0,4.0,4.0,1.0,0.0,12.0,1.0,0.6,0.0,-91.9,-91.9,-91.9,-91.9,1.0,0.0,12.0,1.0,0.6,0.0,-53.0,-53.0,-53.0,-53.0,1.0,0.0,12.0,1.0,0.6,0.0,-0.6,-0.6,-0.6,-0.6,1.0,0.0,12.0,1.0,0.6,0.0,-6.2,-6.2,-6.2,-6.2,1.0,0.0,12.0,1.0,0.6,0.0,4.17,4.17,4.17,4.17,1.0,0.0,12.0,1.0,0.6,0.0,43.0,43.0,43.0,43.0,1.0,0.0,12.0,1.0,0.6,0.0,-223.0,-223.0,-223.0,-223.0,1.0,0.0,12.0,1.0,0.6,0.0,-128.7,-128.7,-128.7,-128.7,1.0,0.0,12.0,1.0,0.6,0.0,-133.4,-133.4,-133.4,-133.4,1.0,0.0,12.0,1.0,0.6,0.0,-77.0,-77.0,-77.0,-77.0,1.0,0.0,12.0,1.0,0.6,0.0,-37.2,-37.2,-37.2,-37.2,1.0,0.0,12.0,1.0,0.6,0.0,-21.5,-21.5,-21.5,-21.5,1.0,0.0,12.0,1.0,0.6,0.0,1092.5,1092.5,1092.5,1092.5,1.0,0.0,12.0,1.0,0.6,0.0,1095.0,1095.0,1095.0,1095.0,1.0,0.0,12.0,1.0,0.6,0.0
1974,2,188.0,18.0,25.6,25.8,26.0,25.8,2.0,0.42,14.0,0.5,0.6,0.6,24.75,25.5,27.21,25.97,3.0,1.84,12.0,0.7,0.5,0.5,13.0,13.83,14.66,13.83,2.0,1.73,14.0,0.5,0.6,0.6,65.1,70.9,76.7,70.9,2.0,12.0,14.0,0.5,0.6,5.84,9.8,10.14,8.03,3.0,3.5,12.0,0.7,0.5,0.5,-9.76,-9.68,-5.76,-7.81,3.0,3.35,12.0,0.7,0.5,0.5,0.22,0.69,2.63,1.41,3.0,1.87,12.0,0.7,0.5,0.5,1016.44,1016.75,1017.06,1016.75,2.0,0.64,14.0,0.5,0.6,0.6,3.0,3.0,4.4,3.7,3.0,1.2,12.0,0.7,0.5,0.5,-98.5,-96.0,-41.2,-70.5,3.0,47.4,12.0,0.7,0.5,0.5,0.9,2.8,25.7,13.0,3.0,20.2,12.0,0.7,0.5,0.5,0.27,0.85,1.43,0.85,2.0,1.2,14.0,0.5,0.6,0.6,2.8,8.8,14.7,8.8,2.0,12.4,14.0,0.5,0.6,0.6,6.28,6.85,7.42,6.85,2.0,1.19,14.0,0.5,0.6,0.6,64.0,68.6,73.2,68.6,2.0,9.5,14.0,0.5,0.6,0.6,-245.5,-236.2,-150.2,-198.8,3.0,76.9,12.0,0.7,0.5,0.5,6.2,19.4,64.8,35.1,3.0,45.1,12.0,0.7,0.5,0.5,-142.2,-134.6,-127.1,-134.6,2.0,15.6,14.0,0.5,0.6,0.6,8.4,26.5,44.6,26.5,2.0,37.5,14.0,0.5,0.6,0.6,-72.6,-66.8,-60.9,-66.8,2.0,12.1,14.0,0.5,0.6,0.6,3.4,10.6,17.8,10.6,2.0,15.0,14.0,0.5,0.6,0.6,342.5,941.0,1044.5,699.5,3.0,555.5,12.0,0.7,0.5,0.5,340.0,940.0,1045.0,700.0,3.0,555.0,12.0,0.7,0.5,0.5
1974,2,188.0,19.0,24.5,24.55,25.19,24.68,14.0,0.91,20.0,0.4,0.5,0.7,22.5,22.9,24.37,23.28,14.0,1.26,20.0,0.4,0.5,0.7,14.59,14.87,16.36,15.21,14.0,0.86,20.0,0.4,0.5,0.7,79.2,87.1,91.0,85.6,14.0,6.3,20.0,0.4,0.7,0.0,3.85,7.14,3.9,14.0,3.2,20.0,0.4,0.5,0.7,-5.82,-1.56,0.0,-2.76,14.0,3.25,20.0,0.4,0.5,0.7,0.0,0.0,2.65,0.42,14.0,2.78,20.0,0.4,0.5,0.7,1010.52,1011.95,1014.69,1012.57,14.0,2.28,20.0,0.4,0.5,0.7,1.1,5.0,6.9,4.2,14.0,2.5,20.0,0.4,0.5,0.7,-35.9,-5.8,0.0,-18.3,14.0,28.6,20.0,0.4,0.5,0.7,0.0,0.0,12.8,0.6,14.0,17.0,20.0,0.4,0.5,0.7,0.73,2.0,2.29,1.4,14.0,1.42,20.0,0.4,0.5,0.7,0.0,3.9,8.4,3.1,14.0,10.4,20.0,0.4,0.5,0.7,3.35,4.0,4.97,4.22,14.0,1.34,20.0,0.4,0.5,0.7,0.0,15.4,22.9,14.9,14.0,12.7,20.0,0.4,0.5,0.7,-151.3,-36.2,0.0,-66.4,14.0,79.4,20.0,0.4,0.5,0.7,0.0,0.0,60.1,11.5,14.0,62.9,20.0,0.4,0.5,0.7,-97.4,-24.0,0.0,-42.0,14.0,48.9,20.0,0.4,0.5,0.7,0.0,0.0,39.5,7.2,14.0,43.4,20.0,0.4,0.5,0.7,-20.2,-6.0,0.0,-10.6,14.0,12.9,20.0,0.4,0.5,0.7,0.0,0.0,11.5,1.5,14.0,10.5,20.0,0.4,0.5,0.7,0.0,63.5,364.5,176.0,14.0,265.0,20.0,0.4,0.5,0.7,0.0,65.0,365.0,175.0,14.0,265.0,20.0,0.4,0.5,0.7
1974,2,188.0,20.0,24.06,25.1,26.14,25.15,6.0,1.12,22.0,0.5,0.5,0.5,22.74,23.65,25.23,23.95,6.0,1.37,22.0,0.5,0.5,0.5,14.46,15.46,16.18,15.45,6.0,1.15,22.0,0.5,0.5,0.5,79.9,85.1,86.3,83.4,6.0,4.6,22.0,0.5,0.5,2.95,6.95,7.7,5.4,4.0,3.67,20.0,0.8,0.4,0.3,-6.6,-2.95,0.0,-3.28,4.0,3.83,20.0,0.8,0.4,0.3,-2.59,1.32,4.5,0.97,4.0,4.69,20.0,0.8,0.4,0.3,1011.11,1014.0,1016.44,1013.92,6.0,3.16,22.0,0.5,0.5,0.5,1.8,3.5,4.2,3.2,6.0,1.5,22.0,0.5,0.5,0.5,-50.8,-22.7,0.0,-25.3,4.0,29.5,20.0,0.8,0.4,0.3,-20.0,10.1,29.8,5.2,4.0,32.8,20.0,0.8,0.4,0.3,0.21,0.9,2.07,1.2,6.0,1.5,22.0,0.5,0.5,0.5,-2.0,3.1,18.7,8.1,4.0,15.2,20.0,0.8,0.4,0.3,3.46,4.01,5.31,4.52,6.0,1.73,22.0,0.5,0.5,0.5,10.6,29.0,48.8,29.6,4.0,25.4,20.0,0.8,0.4,0.3,-163.0,-67.2,0.0,-80.8,4.0,95.9,20.0,0.8,0.4,0.3,-59.1,34.4,113.9,27.7,4.0,113.2,20.0,0.8,0.4,0.3,-99.5,-41.2,0.0,-49.3,4.0,58.5,20.0,0.8,0.4,0.3,-36.2,20.9,76.1,20.0,4.0,74.0,20.0,0.8,0.4,0.3,-40.3,-16.8,0.0,-20.0,4.0,23.7,20.0,0.8,0.4,0.3,-20.4,6.1,17.5,-1.1,4.0,26.8,20.0,0.8,0.4,0.3,113.5,347.5,456.5,288.0,4.0,217.5,20.0,0.8,0.4,0.3,115.0,345.0,455.0,290.0,4.0,220.0,20.0,0.8,0.4,0.3
1974,2,188.0,21.0,24.42,24.8,26.12,25.11,11.0,1.02,20.0,0.5,0.6,0.6,21.5,23.0,23.88,22.93,11.0,1.5,20.0,0.5,0.6,0.6,13.24,14.09,15.01,14.13,11.0,1.0,20.0,0.5,0.6,0.6,77.3,83.7,87.9,81.7,11.0,8.4,20.0,0.5,0.6,5.33,7.7,9.3,7.12,11.0,2.18,20.0,0.5,0.6,0.6,-7.86,-6.2,-4.32,-6.11,11.0,1.99,20.0,0.5,0.6,0.6,-2.54,1.08,3.56,0.83,11.0,3.83,20.0,0.5,0.6,0.6,1011.76,1016.2,1018.1,1015.25,11.0,3.09,20.0,0.5,0.6,0.6,2.0,6.0,7.0,4.8,11.0,2.4,20.0,0.5,0.6,0.6,-67.7,-43.2,-28.7,-46.5,11.0,23.9,20.0,0.5,0.6,0.6,-21.1,5.7,31.2,7.3,11.0,32.7,20.0,0.5,0.6,0.6,1.06,2.5,3.71,2.18,11.0,1.54,20.0,0.5,0.6,0.6,6.0,16.4,27.0,16.3,11.0,12.7,20.0,0.5,0.6,0.6,5.0,5.32,6.77,5.76,11.0,1.03,20.0,0.5,0.6,0.6,31.2,40.8,51.1,40.4,11.0,12.6,20.0,0.5,0.6,0.6,-169.9,-155.6,-100.7,-138.8,11.0,41.1,20.0,0.5,0.6,0.6,-58.5,24.2,77.2,18.2,11.0,88.3,20.0,0.5,0.6,0.6,-115.9,-86.8,-61.8,-86.2,11.0,27.8,20.0,0.5,0.6,0.6,-37.3,15.3,52.5,12.5,11.0,55.0,20.0,0.5,0.6,0.6,-45.8,-30.6,-24.6,-35.2,11.0,13.0,20.0,0.5,0.6,0.6,-16.7,5.4,17.6,3.5,11.0,20.3,20.0,0.5,0.6,0.6,168.5,456.5,804.5,445.0,11.0,284.5,20.0,0.5,0.6,0.6,170.0,455.0,805.0,445.0,11.0,285.0,20.0,0.5,0.6,0.6
1974,2,188.0,22.0,23.5,24.0,25.56,24.41,14.0,1.01,18.0,0.6,0.5,0.4,22.91,24.0,26.3,23.98,15.0,2.31,16.0,0.5,0.6,0.4,12.47,14.92,15.48,14.21,12.0,2.22,18.0,0.7,0.6,0.4,66.0,76.7,87.1,74.9,12.0,15.3,18.0,0.7,0.4,4.1,5.7,8.09,5.99,15.0,3.02,16.0,0.5,0.6,0.4,-7.67,-4.04,0.62,-3.82,15.0,4.53,16.0,0.5,0.6,0.4,-2.18,0.0,2.87,0.37,15.0,3.36,16.0,0.5,0.6,0.4,1012.25,1015.0,1017.44,1015.03,15.0,2.74,16.0,0.5,0.6,0.4,2.2,3.0,5.8,3.8,15.0,2.1,16.0,0.5,0.6,0.4,-59.1,-16.6,2.9,-31.2,15.0,46.3,16.0,0.5,0.6,0.4,-18.5,0.0,15.6,2.5,15.0,24.7,16.0,0.5,0.6,0.4,-1.47,0.0,2.13,0.4,14.0,2.76,18.0,0.6,0.5,0.4,-7.6,0.0,9.8,3.7,14.0,23.7,18.0,0.6,0.5,0.4,3.0,4.3,7.86,5.11,11.0,2.68,18.0,0.7,0.6,0.4,12.5,22.4,43.3,26.7,11.0,18.1,18.0,0.7,0.6,0.4,-186.8,-94.9,14.8,-86.7,15.0,102.6,16.0,0.5,0.6,0.4,-44.8,0.0,71.7,13.6,15.0,83.3,16.0,0.5,0.6,0.4,-88.7,-50.9,14.4,-38.1,12.0,56.1,18.0,0.7,0.6,0.4,-28.6,6.2,56.0,11.5,12.0,53.8,18.0,0.7,0.6,0.4,-37.2,-2.2,4.5,-14.4,11.0,23.8,18.0,0.7,0.6,0.4,-15.0,0.4,16.4,0.7,11.0,17.8,18.0,0.7,0.6,0.4,69.0,185.0,530.5,375.5,15.0,534.0,16.0,0.5,0.6,0.4,70.0,185.0,530.0,375.0,15.0,535.0,16.0,0.5,0.6,0.4
1974,2,188.0,23.0,23.94,24.5,25.0,24.19,16.0,1.23,12.0,0.4,0.6,0.4,22.36,23.3,25.09,23.42,17.0,1.6,14.0,0.5,0.6,0.3,12.32,14.5,15.16,14.02,16.0,1.74,14.0,0.5,0.6,0.3,70.1,79.4,83.7,78.0,16.0,7.1,14.0,0.5,0.3,3.64,6.2,9.14,6.16,17.0,2.73,14.0,0.5,0.6,0.3,-7.82,-3.55,1.43,-3.11,17.0,4.75,14.0,0.5,0.6,0.3,-2.74,0.0,4.68,0.66,17.0,3.81,14.0,0.5,0.6,0.3,1013.39,1017.5,1020.0,1016.54,17.0,5.07,14.0,0.5,0.6,0.3,2.5,4.0,6.5,4.4,17.0,1.8,14.0,0.5,0.6,0.3,-66.9,-16.7,8.9,-23.9,17.0,41.9,14.0,0.5,0.6,0.3,-19.1,0.0,33.3,2.7,17.0,28.2,14.0,0.5,0.6,0.3,-1.06,0.75,2.12,0.52,16.0,1.56,12.0,0.4,0.6,0.4,-8.8,3.6,9.9,2.8,16.0,10.5,12.0,0.4,0.6,0.4,2.61,4.52,6.47,4.61,15.0,1.87,12.0,0.5,0.6,0.4,10.1,28.5,34.5,27.0,15.0,16.7,12.0,0.5,0.6,0.4,-180.8,-87.7,33.7,-70.9,17.0,110.6,14.0,0.5,0.6,0.3,-61.8,0.0,111.1,18.8,17.0,86.5,14.0,0.5,0.6,0.3,-115.6,-49.4,25.2,-40.6,16.0,67.9,14.0,0.5,0.6,0.3,-43.6,0.0,68.3,7.9,16.0,52.7,14.0,0.5,0.6,0.3,-31.0,-19.0,7.0,-15.8,15.0,25.1,12.0,0.5,0.6,0.4,-10.3,0.0,15.3,2.1,15.0,12.7,12.0,0.5,0.6,0.4,51.0,238.5,763.5,356.0,17.0,339.0,14.0,0.5,0.6,0.3,50.0,240.0,765.0,355.0,17.0,340.0,14.0,0.5,0.6,0.3
1974,2,188.0,24.0,22.2,23.9,25.0,23.85,10.0,1.35,20.0,0.4,0.6,0.4,21.86,23.3,24.61,22.89,10.0,2.37,20.0,0.4,0.6,0.4,13.27,14.23,16.6,14.68,8.0,1.73,20.0,0.5,0.6,0.3,75.1,82.2,84.8,80.9,8.0,5.1,20.0,0.5,0.3,3.81,6.95,9.33,6.94,10.0,2.61,20.0,0.4,0.6,0.4,-8.2,-3.87,-1.13,-4.38,10.0,3.59,20.0,0.4,0.6,0.4,-3.46,1.23,6.01,1.24,10.0,4.94,20.0,0.4,0.6,0.4,1012.9,1015.8,1019.0,1015.57,10.0,3.3,20.0,0.4,0.6,0.4,1.0,5.0,8.0,4.5,10.0,3.1,20.0,0.4,0.6,0.4,-68.0,-20.8,-4.6,-33.9,10.0,37.0,20.0,0.4,0.6,0.4,-27.2,4.4,48.1,11.8,10.0,42.4,20.0,0.4,0.6,0.4,-1.1,0.65,2.31,0.96,10.0,2.38,20.0,0.4,0.6,0.4,-5.4,6.3,17.8,5.8,10.0,11.0,20.0,0.4,0.6,0.4,2.07,3.3,5.08,3.59,8.0,1.65,20.0,0.5,0.6,0.3,14.3,24.3,38.9,26.3,8.0,16.0,20.0,0.5,0.6,0.3,-181.2,-92.5,-25.2,-99.0,10.0,82.1,20.0,0.4,0.6,0.4,-80.5,26.5,137.1,30.5,10.0,119.2,20.0,0.4,0.6,0.4,-118.4,-63.1,-3.9,-64.1,8.0,55.4,20.0,0.5,0.6,0.3,-48.2,10.4,53.9,12.8,8.0,79.3,20.0,0.5,0.6,0.3,-20.9,-12.3,-0.6,-14.7,8.0,18.1,20.0,0.5,0.6,0.3,-18.2,1.0,16.0,-1.9,8.0,21.7,20.0,0.5,0.6,0.3,56.0,347.5,820.0,461.5,10.0,414.0,20.0,0.4,0.6,0.4,55.0,345.0,820.0,460.0,10.0,415.0,20.0,0.4,0.6,0.4
1974,2,188.0,25.0,22.7,22.7,22.7,22.7,1.0,0.0,6.0,0.0,0.1,0.2,20.0,20.0,20.0,20.0,1.0,0.0,6.0,0.0,0.1,0.2,12.56,12.56,12.56,12.56,1.0,0.0,6.0,0.0,0.1,0.2,86.6,86.6,86.6,86.6,1.0,0.0,6.0,0.0,0.2,,,,,,,,,,,,,,,,,,,,,,,,,,,,,,,,,,,,,,,,,,,,,,,,,,,,,,,,,,,,,,,,,,,,,,,,,,,,,,,,,,,,,,,,,,,,,,,,,,,,,,,,,,,,,,,,,,,,,,,,,,,,,,,,,,,,,,,,,,,,,,,,,,,,,,,,,,,,,,,,,,,,,,,,,,,,,,,,,,,,,,,,,,,,,,
1974,2,188.0,26.0,20.48,21.5,22.52,21.5,2.0,2.12,20.0,0.5,0.6,0.3,21.1,21.3,21.78,21.43,3.0,0.51,14.0,0.3,0.7,0.5,12.47,13.59,13.91,13.2,3.0,1.1,14.0,0.3,0.7,0.5,78.6,83.1,88.6,83.6,3.0,7.3,14.0,0.3,0.5,6.52,7.2,8.63,7.57,3.0,1.58,14.0,0.3,0.7,0.5,-7.65,-6.77,-6.12,-6.88,3.0,1.12,14.0,0.3,0.7,0.5,2.23,2.46,3.96,3.08,3.0,1.37,14.0,0.3,0.7,0.5,1016.63,1018.0,1019.23,1017.93,3.0,1.9,14.0,0.3,0.7,0.5,4.0,4.0,4.7,4.3,3.0,0.6,14.0,0.3,0.7,0.5,-66.6,-48.7,-40.1,-53.2,3.0,19.8,14.0,0.3,0.7,0.5,14.6,17.7,35.1,24.7,3.0,16.2,14.0,0.3,0.7,0.5,-1.41,-0.15,1.11,-0.15,2.0,2.62,20.0,0.5,0.6,0.3,-9.6,0.7,11.0,0.7,2.0,21.4,20.0,0.5,0.6,0.3,1.6,3.16,4.72,3.16,2.0,3.23,20.0,0.5,0.6,0.3,13.4,28.5,43.6,28.5,2.0,31.3,20.0,0.5,0.6,0.3,-164.3,-148.8,-130.8,-147.6,3.0,24.6,14.0,0.3,0.7,0.5,47.6,54.2,84.8,65.9,3.0,29.1,14.0,0.3,0.7,0.5,-94.9,-92.0,-85.1,-90.0,3.0,7.4,14.0,0.3,0.7,0.5,31.0,33.5,48.6,39.6,3.0,13.9,14.0,0.3,0.7,0.5,-37.8,-24.9,-12.0,-24.9,2.0,26.8,20.0,0.5,0.6,0.3,5.8,13.7,21.6,13.7,2.0,16.4,20.0,0.5,0.6,0.3,281.0,373.0,667.5,472.0,3.0,295.5,14.0,0.3,0.7,0.5,280.0,375.0,670.0,470.0,3.0,295.0,14.0,0.3,0.7,0.5
1974,2,188.0,27.0,19.5,21.0,22.0,20.87,21.0,1.38,16.0,0.6,0.6,0.4,18.47,21.0,22.23,20.44,26.0,2.42,16.0,0.5,0.5,0.4,10.6,12.31,14.41,12.38,22.0,2.02,14.0,0.5,0.6,0.4,74.4,83.5,86.5,81.2,22.0,7.6,14.0,0.5,0.4,4.58,6.45,8.72,6.48,26.0,3.07,16.0,0.5,0.5,0.4,-4.84,-2.82,2.67,-1.42,26.0,4.71,16.0,0.5,0.5,0.4,-5.27,0.0,5.14,0.28,26.0,5.36,16.0,0.5,0.5,0.4,1014.48,1018.0,1022.0,1017.98,26.0,3.4,16.0,0.5,0.5,0.4,2.0,6.0,8.0,5.0,24.0,2.7,16.0,0.5,0.6,0.4,-38.6,-14.9,20.6,-8.8,26.0,37.4,16.0,0.5,0.5,0.4,-33.6,0.0,34.7,1.2,26.0,51.4,16.0,0.5,0.5,0.4,-2.83,0.4,2.11,-0.1,21.0,2.27,16.0,0.6,0.6,0.4,-21.9,1.8,16.9,-0.8,21.0,16.8,16.0,0.6,0.6,0.4,0.99,2.77,4.42,2.64,20.0,1.93,16.0,0.6,0.6,0.4,3.2,14.4,33.7,17.7,20.0,14.8,16.0,0.6,0.6,0.4,-105.5,-52.8,50.1,-31.0,26.0,95.4,16.0,0.5,0.5,0.4,-92.7,0.0,108.0,14.1,26.0,108.2,16.0,0.5,0.5,0.4,-65.5,-28.0,48.7,-16.4,22.0,60.5,14.0,0.5,0.6,0.4,-48.7,0.0,57.3,11.9,22.0,65.9,14.0,0.5,0.6,0.4,-16.8,-6.3,7.4,-5.1,20.0,15.1,16.0,0.6,0.6,0.4,-23.2,-0.3,10.8,-1.6,20.0,17.1,16.0,0.6,0.6,0.4,96.5,269.5,663.0,434.5,26.0,460.0,16.0,0.5,0.5,0.4,95.0,270.0,665.0,435.0,26.0,460.0,16.0,0.5,0.5,0.4
1974,2,188.0,28.0,20.22,20.7,21.18,20.7,2.0,0.99,8.0,1.0,0.5,0.7,19.83,19.9,19.97,19.9,2.0,0.14,8.0,1.0,0.5,0.7,9.92,10.15,10.38,10.15,2.0,0.47,8.0,1.0,0.5,0.7,69.8,71.1,72.3,71.1,2.0,2.6,8.0,1.0,0.7,6.91,7.35,7.79,7.35,2.0,0.92,8.0,1.0,0.5,0.7,-0.76,0.11,0.98,0.11,2.0,1.8,8.0,1.0,0.5,0.7,-5.58,-0.64,4.3,-0.64,2.0,10.24,8.0,1.0,0.5,0.7,1022.17,1022.55,1022.93,1022.55,2.0,0.78,8.0,1.0,0.5,0.7,4.3,5.0,5.7,5.0,2.0,1.4,8.0,1.0,0.5,0.7,-4.8,1.7,8.1,1.7,2.0,13.4,8.0,1.0,0.5,0.7,-46.0,-9.4,27.2,-9.4,2.0,75.8,8.0,1.0,0.5,0.7,0.25,0.8,1.35,0.8,2.0,1.13,8.0,1.0,0.5,0.7,2.0,6.4,10.8,6.4,2.0,9.1,8.0,1.0,0.5,0.7,4.24,4.91,5.58,4.91,2.0,1.39,8.0,1.0,0.5,0.7,29.6,36.7,43.9,36.7,2.0,14.7,8.0,1.0,0.5,0.7,-15.2,2.1,19.4,2.1,2.0,35.9,8.0,1.0,0.5,0.7,-110.3,-12.0,86.3,-12.0,2.0,203.6,8.0,1.0,0.5,0.7,-8.1,0.7,9.5,0.7,2.0,18.3,8.0,1.0,0.5,0.7,-54.1,-4.1,45.9,-4.1,2.0,103.6,8.0,1.0,0.5,0.7,-2.5,1.8,6.2,1.8,2.0,9.0,8.0,1.0,0.5,0.7,-35.0,-10.3,14.4,-10.3,2.0,51.2,8.0,1.0,0.5,0.7,334.5,406.5,478.5,406.5,2.0,149.5,8.0,1.0,0.5,0.7,335.0,405.0,480.0,405.0,2.0,150.0,8.0,1.0,0.5,0.7
1974,2,188.0,29.0,18.61,19.5,19.76,19.2,4.0,0.96,10.0,0.3,0.6,0.5,18.63,19.0,22.21,19.97,6.0,2.02,10.0,0.5,0.6,0.4,11.91,12.37,13.08,12.48,5.0,0.99,12.0,0.4,0.6,0.4,85.2,91.0,92.1,88.8,5.0,5.3,12.0,0.4,0.4,3.55,4.6,7.01,5.26,5.0,2.52,12.0,0.6,0.7,0.5,-5.67,-3.14,-1.55,-3.68,5.0,3.37,12.0,0.6,0.7,0.5,-0.03,2.64,4.45,2.18,5.0,2.59,12.0,0.6,0.7,0.5,1017.19,1019.0,1021.15,1019.32,5.0,2.61,12.0,0.4,0.6,0.4,4.8,7.5,8.0,6.2,6.0,3.1,10.0,0.5,0.6,0.4,-44.4,-12.9,-4.0,-25.1,5.0,34.5,12.0,0.6,0.7,0.5,-4.0,10.8,22.5,8.8,5.0,16.0,12.0,0.6,0.7,0.5,-0.39,0.85,1.36,0.5,4.0,1.21,10.0,0.3,0.6,0.5,2.6,5.5,7.6,5.1,3.0,3.6,10.0,0.3,0.7,0.6,0.92,1.77,2.35,1.64,4.0,1.05,10.0,0.3,0.6,0.5,5.7,8.6,13.6,9.6,3.0,5.8,10.0,0.3,0.7,0.6,-120.8,-65.9,-29.5,-78.4,5.0,78.9,12.0,0.6,0.7,0.5,-2.8,58.0,81.5,40.6,5.0,51.1,12.0,0.6,0.7,0.5,-86.4,-35.6,-14.4,-49.7,4.0,54.8,14.0,0.5,0.7,0.5,-6.6,29.9,53.5,23.8,4.0,36.9,14.0,0.5,0.7,0.5,-8.2,-4.1,-1.3,-4.8,3.0,5.1,10.0,0.3,0.7,0.6,3.7,8.6,11.0,7.4,3.0,5.4,10.0,0.3,0.7,0.6,50.0,97.5,411.5,234.5,5.0,324.0,12.0,0.6,0.7,0.5,50.0,95.0,410.0,235.0,5.0,325.0,12.0,0.6,0.7,0.5
1974,2,188.0,30.0,17.81,19.0,20.0,19.1,14.0,1.44,14.0,0.6,0.6,0.2,17.29,18.95,20.0,18.59,18.0,1.44,14.0,0.6,0.6,0.3,9.05,12.09,12.61,11.22,16.0,1.8,14.0,0.6,0.6,0.2,76.3,88.9,93.3,84.9,16.0,10.8,14.0,0.6,0.2,4.95,7.7,10.3,7.51,18.0,3.03,14.0,0.6,0.6,0.3,-4.94,1.74,6.57,0.91,18.0,6.04,14.0,0.6,0.6,0.3,-4.08,2.58,6.62,1.95,18.0,5.25,14.0,0.6,0.6,0.3,1011.63,1018.3,1022.36,1017.8,18.0,4.5,14.0,0.6,0.6,0.3,4.0,7.0,8.0,6.1,18.0,2.2,14.0,0.6,0.6,0.3,-33.6,8.9,52.8,4.9,18.0,61.0,14.0,0.6,0.6,0.3,-26.0,7.8,68.2,20.4,18.0,50.2,14.0,0.6,0.6,0.3,-1.09,-0.05,2.69,0.39,14.0,2.36,14.0,0.6,0.6,0.2,-10.1,0.6,24.1,5.0,14.0,16.8,14.0,0.6,0.6,0.2,0.32,1.9,3.45,2.44,14.0,2.46,14.0,0.6,0.6,0.2,1.0,16.9,41.4,22.0,14.0,25.0,14.0,0.6,0.6,0.2,-89.5,33.0,127.5,18.7,18.0,109.5,14.0,0.6,0.6,0.3,-71.4,50.5,126.3,41.1,18.0,98.3,14.0,0.6,0.6,0.3,-63.6,7.8,65.6,7.8,16.0,65.2,14.0,0.6,0.6,0.2,-40.5,32.3,82.9,28.7,16.0,61.1,14.0,0.6,0.6,0.2,-7.2,0.1,16.9,-4.2,14.0,28.5,14.0,0.6,0.6,0.2,-15.8,0.6,8.7,-0.1,14.0,17.7,14.0,0.6,0.6,0.2,122.0,456.5,1092.5,621.0,18.0,623.0,14.0,0.6,0.6,0.3,120.0,455.0,1095.0,620.0,18.0,625.0,14.0,0.6,0.6,0.3
1974,2,188.0,31.0,16.66,18.5,20.1,18.45,6.0,1.67,14.0,0.7,0.5,0.3,14.9,18.7,19.94,18.05,6.0,2.84,14.0,0.7,0.5,0.3,7.29,11.96,12.43,10.26,5.0,2.82,16.0,0.8,0.5,0.4,71.1,89.9,91.2,82.5,5.0,11.9,16.0,0.8,0.4,6.66,7.95,11.23,8.57,6.0,2.91,14.0,0.7,0.5,0.3,-7.52,-1.94,0.0,-3.56,6.0,4.32,14.0,0.7,0.5,0.3,-0.8,5.68,9.07,4.75,6.0,5.97,14.0,0.7,0.5,0.3,1016.91,1021.75,1022.56,1019.45,6.0,5.34,14.0,0.7,0.5,0.3,1.6,6.5,8.0,5.2,6.0,3.5,14.0,0.7,0.5,0.3,-64.8,-14.7,0.0,-32.9,6.0,45.2,14.0,0.7,0.5,0.3,-6.1,34.9,86.9,45.5,6.0,68.4,14.0,0.7,0.5,0.3,-1.75,0.75,1.99,0.4,6.0,2.26,14.0,0.7,0.5,0.3,-15.8,3.7,15.3,0.2,6.0,21.3,14.0,0.7,0.5,0.3,0.49,2.5,4.87,2.56,5.0,2.47,16.0,0.8,0.5,0.4,3.6,13.2,39.0,18.6,5.0,20.9,16.0,0.8,0.5,0.4,-119.1,-37.8,0.0,-62.9,6.0,78.9,14.0,0.7,0.5,0.3,-11.5,102.9,169.8,91.5,6.0,109.1,14.0,0.7,0.5,0.3,-80.5,-9.8,0.0,-38.6,5.0,56.7,16.0,0.8,0.5,0.4,-10.6,55.0,94.6,48.9,5.0,73.4,16.0,0.8,0.5,0.4,-21.0,-6.7,0.0,-10.9,5.0,14.3,16.0,0.8,0.5,0.4,-13.7,0.0,21.1,3.9,5.0,22.3,16.0,0.8,0.5,0.4,316.5,504.0,1443.0,814.0,6.0,759.0,14.0,0.7,0.5,0.3,315.0,505.0,1445.0,815.0,6.0,760.0,14.0,0.7,0.5,0.3
1974,2,188.0,32.0,15.97,17.4,18.0,17.14,9.0,0.95,14.0,0.4,0.6,0.5,15.75,17.7,19.08,17.63,12.0,2.07,14.0,0.3,0.5,0.6,6.98,9.32,11.16,9.23,9.0,2.12,14.0,0.3,0.5,0.5,53.8,82.4,93.9,76.3,9.0,19.9,14.0,0.3,0.5,2.97,7.5,10.61,7.06,12.0,4.55,14.0,0.3,0.5,0.6,-4.64,0.49,3.32,-0.67,12.0,6.33,14.0,0.3,0.5,0.6,-0.75,1.54,8.69,3.1,12.0,4.89,14.0,0.3,0.5,0.6,1013.58,1020.95,1023.1,1019.17,12.0,5.59,14.0,0.3,0.5,0.6,1.6,4.0,8.0,4.6,11.0,3.0,14.0,0.4,0.5,0.6,-28.8,0.5,31.5,-6.0,12.0,77.9,14.0,0.3,0.5,0.6,-4.7,4.6,99.2,32.7,12.0,54.5,14.0,0.3,0.5,0.6,-1.92,-1.0,1.62,-0.58,9.0,2.15,14.0,0.4,0.6,0.5,-10.8,-5.9,5.5,-3.6,9.0,15.2,14.0,0.4,0.6,0.5,1.41,3.55,5.94,3.47,7.0,2.26,16.0,0.4,0.6,0.4,5.6,14.6,19.9,14.8,7.0,13.1,16.0,0.4,0.6,0.4,-76.4,7.4,61.8,-9.2,12.0,110.8,14.0,0.3,0.5,0.6,-13.5,25.0,156.3,53.5,12.0,87.2,14.0,0.3,0.5,0.6,-34.6,0.0,9.2,-12.9,9.0,29.3,14.0,0.3,0.5,0.5,-2.2,1.1,88.4,30.8,9.0,48.7,14.0,0.3,0.5,0.5,-16.4,2.5,3.9,-5.6,7.0,16.5,16.0,0.4,0.6,0.4,-2.9,1.0,14.6,4.6,7.0,9.7,16.0,0.4,0.6,0.4,26.5,495.0,1260.5,774.0,12.0,1030.5,14.0,0.3,0.5,0.6,25.0,495.0,1260.0,775.0,12.0,1030.0,14.0,0.3,0.5,0.6
1974,2,188.0,33.0,14.11,15.25,17.79,15.88,8.0,1.7,16.0,0.3,0.6,0.4,14.71,16.25,18.0,16.22,10.0,1.75,16.0,0.4,0.6,0.4,9.78,10.82,11.59,10.54,8.0,1.21,16.0,0.4,0.5,0.4,88.9,90.6,94.9,92.1,8.0,3.9,16.0,0.4,0.4,4.21,8.2,12.93,8.76,9.0,4.59,16.0,0.3,0.6,0.4,-6.49,-0.36,4.33,-0.62,9.0,5.58,16.0,0.3,0.6,0.4,-4.75,2.07,12.15,3.24,9.0,8.0,16.0,0.3,0.6,0.4,1016.54,1018.25,1020.14,1018.57,10.0,3.74,16.0,0.4,0.6,0.4,6.3,8.0,8.0,7.2,9.0,1.4,16.0,0.3,0.6,0.4,-66.2,-0.8,35.5,0.9,9.0,65.5,16.0,0.3,0.6,0.4,-43.8,4.3,159.5,47.5,9.0,104.5,16.0,0.3,0.6,0.4,-2.31,0.75,2.33,0.13,8.0,2.25,16.0,0.3,0.6,0.4,-23.5,4.6,15.6,-2.8,8.0,23.8,16.0,0.3,0.6,0.4,-0.75,0.77,2.74,0.88,7.0,1.64,18.0,0.3,0.6,0.4,-7.9,8.5,14.3,5.4,7.0,14.8,18.0,0.3,0.6,0.4,-103.1,-5.3,70.5,-10.9,9.0,93.6,16.0,0.3,0.6,0.4,-74.6,30.0,213.9,59.5,9.0,130.6,16.0,0.3,0.6,0.4,-53.5,11.7,51.1,6.5,7.0,60.3,18.0,0.3,0.6,0.4,-58.8,58.2,146.0,51.2,7.0,95.4,18.0,0.3,0.6,0.4,-9.1,0.0,5.8,-2.5,7.0,9.6,18.0,0.3,0.6,0.4,-16.0,-7.0,0.5,-6.1,7.0,10.4,18.0,0.3,0.6,0.4,122.5,551.5,2256.0,1176.5,9.0,1480.0,16.0,0.3,0.6,0.4,120.0,550.0,2255.0,1175.0,9.0,1480.0,16.0,0.3,0.6,0.4
1974,2,188.0,34.0,14.93,15.0,16.33,15.54,5.0,0.89,14.0,0.0,0.5,0.4,13.76,14.0,16.05,14.66,7.0,1.42,10.0,0.0,0.6,0.4,7.79,8.55,9.15,8.35,6.0,1.1,12.0,0.0,0.5,0.4,71.5,86.3,89.8,82.6,6.0,9.9,12.0,0.0,0.4,6.12,8.2,11.12,9.11,7.0,4.21,10.0,0.0,0.6,0.4,-5.74,6.2,7.2,1.87,7.0,8.87,10.0,0.0,0.6,0.4,-2.61,0.0,6.38,0.32,7.0,5.64,10.0,0.0,0.6,0.4,1008.18,1011.5,1016.22,1011.63,7.0,5.81,10.0,0.0,0.6,0.4,1.0,8.0,8.0,5.7,7.0,3.3,10.0,0.0,0.6,0.4,-53.8,38.4,75.5,-5.6,7.0,122.1,10.0,0.0,0.6,0.4,-17.4,0.0,53.3,-4.5,7.0,75.4,10.0,0.0,0.6,0.4,0.27,1.2,2.3,1.22,5.0,1.47,14.0,0.0,0.5,0.4,-1.0,15.6,21.2,10.4,5.0,13.7,14.0,0.0,0.5,0.4,2.02,2.46,3.4,2.73,5.0,1.3,14.0,0.0,0.5,0.4,15.5,26.6,37.7,26.2,5.0,13.9,14.0,0.0,0.5,0.4,-85.3,92.2,112.0,29.4,7.0,126.4,10.0,0.0,0.6,0.4,-36.0,0.0,96.0,8.3,7.0,83.4,10.0,0.0,0.6,0.4,-65.3,40.5,61.9,7.4,6.0,78.9,12.0,0.0,0.5,0.4,-31.5,-4.0,60.9,4.3,6.0,52.3,12.0,0.0,0.5,0.4,-21.9,5.3,23.5,1.4,5.0,27.5,14.0,0.0,0.5,0.4,-11.6,-3.1,17.6,1.2,5.0,17.0,14.0,0.0,0.5,0.4,231.5,551.5,1455.5,1240.5,7.0,1857.0,10.0,0.0,0.6,0.4,230.0,550.0,1455.0,1240.0,7.0,1855.0,10.0,0.0,0.6,0.4
1974,2,188.0,35.0,14.48,15.3,16.05,15.48,6.0,1.25,16.0,0.5,0.5,0.2,13.34,15.55,16.38,15.2,6.0,2.67,16.0,0.5,0.5,0.2,7.41,8.42,9.43,8.45,6.0,1.53,16.0,0.5,0.5,0.2,58.1,85.6,94.4,80.0,6.0,18.1,16.0,0.5,0.2,7.16,9.25,15.01,11.22,6.0,6.38,16.0,0.5,0.5,0.2,1.77,4.52,10.18,5.02,6.0,5.61,16.0,0.5,0.5,0.2,-9.38,3.71,4.97,-1.62,6.0,11.26,16.0,0.5,0.5,0.2,1006.63,1017.8,1020.45,1014.95,6.0,7.2,16.0,0.5,0.5,0.2,1.8,4.5,8.0,4.7,6.0,2.9,16.0,0.5,0.5,0.2,-5.9,35.9,111.4,42.0,6.0,84.0,16.0,0.5,0.5,0.2,-144.6,28.1,57.2,-66.6,6.0,228.0,16.0,0.5,0.5,0.2,-1.18,0.25,2.43,0.28,6.0,2.46,16.0,0.5,0.5,0.2,-11.3,5.8,22.2,4.6,6.0,27.0,16.0,0.5,0.5,0.2,1.1,2.25,3.59,2.47,6.0,2.2,16.0,0.5,0.5,0.2,7.0,31.7,37.1,25.5,6.0,18.7,16.0,0.5,0.5,0.2,29.1,70.4,146.5,76.6,6.0,82.7,16.0,0.5,0.5,0.2,-138.3,55.2,77.0,-19.9,6.0,160.6,16.0,0.5,0.5,0.2,16.4,37.7,82.1,40.5,6.0,45.1,16.0,0.5,0.5,0.2,-69.8,31.4,44.0,-9.7,6.0,98.7,16.0,0.5,0.5,0.2,-2.3,17.0,31.3,14.9,6.0,17.3,16.0,0.5,0.5,0.2,-34.4,2.5,10.4,-7.4,6.0,22.3,16.0,0.5,0.5,0.2,389.5,822.0,4249.0,2784.5,6.0,4727.5,16.0,0.5,0.5,0.2,390.0,820.0,4250.0,2785.0,6.0,4730.0,16.0,0.5,0.5,0.2
1974,2,188.0,36.0,12.93,13.6,14.0,13.71,9.0,1.08,12.0,0.1,0.5,0.4,11.19,14.0,15.07,13.4,9.0,2.04,12.0,0.1,0.5,0.4,5.34,8.31,9.79,8.0,9.0,2.15,12.0,0.1,0.5,0.4,67.9,87.7,92.2,81.9,9.0,13.6,12.0,0.1,0.4,5.1,7.7,10.53,7.82,9.0,2.85,12.0,0.1,0.5,0.4,-2.39,5.02,10.41,4.24,9.0,6.77,12.0,0.1,0.5,0.4,0.24,2.24,4.41,2.5,9.0,1.96,12.0,0.1,0.5,0.4,1000.95,1008.5,1017.81,1010.28,9.0,9.0,12.0,0.1,0.5,0.4,3.0,4.0,5.8,4.3,8.0,1.5,12.0,0.0,0.6,0.4,-12.2,28.9,109.8,45.0,9.0,69.8,12.0,0.1,0.5,0.4,1.2,20.3,29.4,17.6,9.0,13.1,12.0,0.1,0.5,0.4,-1.7,-1.1,2.67,0.31,9.0,2.15,12.0,0.1,0.5,0.4,-12.6,-5.5,26.2,3.9,9.0,18.3,12.0,0.1,0.5,0.4,-0.19,0.51,4.13,1.77,9.0,2.21,12.0,0.1,0.5,0.4,-0.9,6.6,37.0,15.3,9.0,19.4,12.0,0.1,0.5,0.4,-35.9,70.3,107.4,53.8,9.0,83.8,12.0,0.1,0.5,0.4,3.3,29.8,66.0,36.2,9.0,30.3,12.0,0.1,0.5,0.4,-23.0,41.3,68.2,34.0,9.0,47.6,12.0,0.1,0.5,0.4,1.9,18.6,43.9,23.0,9.0,20.0,12.0,0.1,0.5,0.4,-1.9,0.3,27.2,6.6,9.0,24.1,12.0,0.1,0.5,0.4,-0.9,0.0,2.5,1.1,9.0,3.0,12.0,0.1,0.5,0.4,132.5,456.5,1174.0,658.0,9.0,683.0,12.0,0.1,0.5,0.4,135.0,455.0,1175.0,660.0,9.0,685.0,12.0,0.1,0.5,0.4
1974,2,188.0,37.0,12.19,13.4,15.67,13.89,7.0,1.83,14.0,0.4,0.5,0.5,9.0,11.0,11.78,10.44,9.0,1.76,16.0,0.4,0.5,0.5,3.43,5.83,6.61,5.17,6.0,1.79,14.0,0.3,0.6,0.4,49.1,76.5,80.0,67.2,6.0,17.9,14.0,0.3,0.4,7.33,8.7,12.2,9.53,9.0,3.33,16.0,0.4,0.5,0.5,-0.2,6.77,10.37,6.14,9.0,5.88,16.0,0.4,0.5,0.5,-7.71,-2.46,0.0,-2.73,9.0,5.29,16.0,0.4,0.5,0.5,1002.9,1007.8,1018.96,1010.98,9.0,9.17,16.0,0.4,0.5,0.5,3.0,4.0,6.0,4.7,9.0,1.6,16.0,0.4,0.5,0.5,4.5,58.4,123.6,71.4,9.0,83.5,16.0,0.4,0.5,0.5,-79.9,-17.7,0.0,-24.5,9.0,54.7,16.0,0.4,0.5,0.5,2.71,4.4,5.05,3.89,7.0,1.71,14.0,0.4,0.5,0.5,20.9,41.0,51.8,36.2,7.0,18.0,14.0,0.4,0.5,0.5,3.14,4.44,5.3,4.34,6.0,1.35,14.0,0.3,0.6,0.4,23.9,46.2,68.5,46.9,6.0,23.9,14.0,0.3,0.6,0.4,-5.8,84.9,96.9,62.0,9.0,57.8,16.0,0.4,0.5,0.5,-66.6,-29.6,0.0,-23.0,9.0,56.4,16.0,0.4,0.5,0.5,37.9,51.0,59.1,45.7,6.0,19.1,14.0,0.3,0.6,0.4,-24.9,-12.7,0.0,-13.7,6.0,13.4,14.0,0.3,0.6,0.4,21.3,31.8,53.6,38.2,6.0,23.2,14.0,0.3,0.6,0.4,-34.1,-5.3,0.0,-16.5,6.0,24.2,14.0,0.3,0.6,0.4,395.5,658.5,1862.5,1165.5,9.0,1226.0,16.0,0.4,0.5,0.5,395.0,660.0,1865.0,1165.0,9.0,1225.0,16.0,0.4,0.5,0.5
1974,2,188.0,38.0,11.68,13.0,13.93,12.86,7.0,1.21,16.0,0.3,0.6,0.3,11.45,13.0,13.37,12.77,9.0,1.4,16.0,0.3,0.6,0.3,5.92,7.9,8.29,7.41,8.0,1.19,16.0,0.3,0.7,0.3,70.6,82.5,91.4,80.8,8.0,11.2,16.0,0.3,0.3,8.86,12.9,16.89,12.14,9.0,4.54,16.0,0.3,0.6,0.3,-8.38,0.0,7.57,-0.62,9.0,8.88,16.0,0.3,0.6,0.3,-2.43,6.33,12.55,5.55,9.0,8.52,16.0,0.3,0.6,0.3,1002.64,1011.6,1018.38,1011.6,9.0,10.23,16.0,0.3,0.6,0.3,3.3,8.0,8.0,6.3,9.0,2.8,16.0,0.3,0.6,0.3,-115.9,0.0,74.7,-26.5,9.0,134.1,16.0,0.3,0.6,0.3,-6.4,75.7,161.9,83.0,9.0,127.8,16.0,0.3,0.6,0.3,-0.71,0.5,0.91,0.23,7.0,0.78,16.0,0.3,0.6,0.3,-10.0,9.0,11.8,3.2,7.0,10.9,16.0,0.3,0.6,0.3,0.77,2.21,2.68,1.94,7.0,1.1,16.0,0.3,0.6,0.3,14.1,29.0,31.2,23.7,7.0,10.1,16.0,0.3,0.6,0.3,-94.2,0.0,95.5,-4.1,9.0,116.6,16.0,0.3,0.6,0.3,-30.4,82.3,154.9,70.5,9.0,102.7,16.0,0.3,0.6,0.3,-62.9,0.0,48.3,-10.1,8.0,73.4,16.0,0.3,0.7,0.3,15.0,63.1,101.7,53.4,8.0,62.5,16.0,0.3,0.7,0.3,-14.2,0.0,28.7,4.2,7.0,20.5,16.0,0.3,0.6,0.3,3.8,6.0,21.8,8.3,7.0,15.5,16.0,0.3,0.6,0.3,698.0,2146.5,4983.5,2445.0,9.0,2224.5,16.0,0.3,0.6,0.3,700.0,2145.0,4985.0,2445.0,9.0,2225.0,16.0,0.3,0.6,0.3
1974,2,188.0,39.0,11.32,11.7,13.37,12.24,5.0,1.23,14.0,0.4,0.5,0.4,9.4,12.0,12.31,11.33,6.0,1.72,16.0,0.3,0.5,0.4,6.35,7.66,8.6,7.43,5.0,1.4,14.0,0.4,0.5,0.4,75.3,87.6,92.9,85.0,5.0,11.2,14.0,0.4,0.4,9.08,10.8,16.53,12.54,5.0,4.24,14.0,0.4,0.6,0.5,-0.92,5.4,11.46,5.22,5.0,9.06,14.0,0.4,0.6,0.5,-1.92,6.33,8.61,3.03,5.0,9.33,14.0,0.4,0.6,0.5,993.19,1007.0,1016.07,1006.02,6.0,15.03,16.0,0.3,0.5,0.4,2.6,6.5,8.0,5.5,6.0,2.9,16.0,0.3,0.5,0.4,-26.9,58.3,165.0,72.4,5.0,158.9,14.0,0.4,0.6,0.5,-47.6,71.1,106.9,25.4,5.0,132.1,14.0,0.4,0.6,0.5,-0.92,1.0,1.68,0.44,5.0,1.61,14.0,0.4,0.5,0.4,-10.4,9.4,24.8,7.3,4.0,21.1,12.0,0.5,0.5,0.5,0.34,1.79,2.57,1.52,5.0,1.27,14.0,0.4,0.5,0.4,7.4,20.9,41.1,24.1,4.0,23.7,12.0,0.5,0.5,0.5,0.2,64.8,121.7,59.5,5.0,85.9,14.0,0.4,0.6,0.5,-8.4,60.1,111.0,43.7,5.0,95.3,14.0,0.4,0.6,0.5,33.0,48.7,74.7,53.6,4.0,28.3,12.0,0.5,0.5,0.5,32.8,51.5,70.7,51.8,4.0,21.8,12.0,0.5,0.5,0.5,5.8,13.5,34.3,19.7,4.0,22.7,12.0,0.5,0.5,0.5,3.5,13.7,20.5,12.0,4.0,10.4,12.0,0.5,0.5,0.5,751.0,1259.5,4631.0,2541.5,5.0,2439.5,14.0,0.4,0.6,0.5,750.0,1260.0,4630.0,2540.0,5.0,2440.0,14.0,0.4,0.6,0.5
1974,2,188.0,40.0,13.0,13.0,13.0,13.0,1.0,0.0,24.0,0.0,0.9,0.4,9.32,10.0,10.68,10.0,3.0,1.0,16.0,0.3,0.6,0.6,3.73,3.73,3.73,3.73,1.0,0.0,10.0,1.0,0.5,0.8,46.6,46.6,46.6,46.6,1.0,0.0,10.0,1.0,0.8,3.58,6.15,10.92,7.2,4.0,4.69,14.0,0.3,0.5,0.6,-8.05,-2.55,3.06,-2.5,4.0,8.3,14.0,0.3,0.5,0.6,-3.74,-1.13,2.12,-0.82,4.0,3.61,14.0,0.3,0.5,0.6,1009.99,1022.05,1024.79,1017.6,4.0,11.43,14.0,0.3,0.5,0.6,3.9,6.5,7.5,5.8,4.0,2.6,14.0,0.3,0.5,0.6,-92.9,-8.9,29.1,-30.9,4.0,98.0,14.0,0.3,0.5,0.6,-43.1,-10.7,8.4,-17.0,4.0,33.4,14.0,0.3,0.5,0.6,,,,,,,,,,,,,,,,,,,,,,,,,,,,,,,,,,,,,,,,,-93.1,-22.5,40.2,-26.4,3.0,97.7,16.0,0.3,0.6,0.6,-39.3,-25.2,18.6,-10.7,3.0,44.3,16.0,0.3,0.6,0.6,-7.7,-7.7,-7.7,-7.7,1.0,0.0,10.0,1.0,0.5,0.8,13.3,13.3,13.3,13.3,1.0,0.0,10.0,1.0,0.5,0.8,,,,,,,,,,,,,,,,,,,,,,,,,,,,,,,,,,,,,,,,
1974,2,188.0,41.0,12.0,12.0,12.0,12.0,1.0,0.0,18.0,0.0,0.6,0.1,8.08,8.75,9.26,8.68,4.0,0.77,16.0,0.0,0.8,0.3,4.82,5.82,5.88,5.36,3.0,0.88,20.0,0.0,0.8,0.3,71.7,79.3,82.7,77.2,3.0,8.3,20.0,0.0,0.3,9.18,11.55,16.65,12.85,4.0,5.51,16.0,0.0,0.8,0.3,1.75,9.03,14.97,8.39,4.0,9.55,16.0,0.0,0.8,0.3,-1.73,5.37,8.29,3.37,4.0,7.09,16.0,0.0,0.8,0.3,998.76,1003.05,1019.55,1008.88,4.0,15.46,16.0,0.0,0.8,0.3,3.4,6.5,8.0,5.8,4.0,2.9,16.0,0.0,0.8,0.3,30.8,103.4,261.1,144.0,4.0,181.1,16.0,0.0,0.8,0.3,-7.9,77.9,131.2,62.4,4.0,87.8,16.0,0.0,0.8,0.3,3.5,3.5,3.5,3.5,1.0,0.0,18.0,0.0,0.6,0.1,72.1,72.1,72.1,72.1,1.0,0.0,18.0,0.0,0.6,0.1,2.92,2.92,2.92,2.92,1.0,0.0,18.0,0.0,0.6,0.1,60.2,60.2,60.2,60.2,1.0,0.0,18.0,0.0,0.6,0.1,20.2,83.2,129.7,75.3,4.0,80.1,16.0,0.0,0.8,0.3,-11.1,46.6,75.4,32.8,4.0,60.6,16.0,0.0,0.8,0.3,3.4,46.7,91.8,47.6,3.0,64.7,20.0,0.0,0.8,0.3,-6.8,41.0,51.0,22.6,3.0,45.2,20.0,0.0,0.8,0.3,56.6,56.6,56.6,56.6,1.0,0.0,18.0,0.0,0.6,0.1,20.6,20.6,20.6,20.6,1.0,0.0,18.0,0.0,0.6,0.1,839.0,1560.5,5466.0,3079.5,4.0,3818.5,16.0,0.0,0.8,0.3,840.0,1560.0,5465.0,3080.0,4.0,3820.0,16.0,0.0,0.8,0.3
1974,2,188.0,42.0,6.9,11.0,11.68,9.33,3.0,3.79,14.0,0.7,0.7,0.4,6.48,8.0,8.52,7.53,4.0,1.68,16.0,0.3,0.4,0.3,5.32,5.32,5.32,5.32,2.0,0.0,14.0,0.5,0.5,0.2,83.2,88.3,93.5,88.3,2.0,10.7,14.0,0.5,0.2,9.77,15.9,16.68,13.18,5.0,6.03,16.0,0.4,0.5,0.4,-3.0,7.95,16.43,6.84,5.0,10.0,16.0,0.4,0.5,0.4,-13.32,-2.87,0.02,-5.68,5.0,7.39,16.0,0.4,0.5,0.4,994.59,1005.0,1025.02,1009.3,5.0,16.78,16.0,0.4,0.5,0.4,2.5,6.0,7.4,5.0,5.0,3.2,16.0,0.4,0.5,0.4,-27.4,126.4,274.1,121.6,5.0,157.6,16.0,0.4,0.5,0.4,-195.2,-47.3,15.6,-80.4,5.0,115.5,16.0,0.4,0.5,0.4,4.3,4.95,5.6,4.95,2.0,1.34,14.0,0.5,0.5,0.2,62.7,78.0,93.2,78.0,2.0,31.6,14.0,0.5,0.5,0.2,3.03,3.14,3.25,3.14,2.0,0.23,14.0,0.5,0.5,0.2,46.7,48.3,49.9,48.3,2.0,3.3,14.0,0.5,0.5,0.2,-28.5,22.8,75.0,23.3,4.0,60.4,16.0,0.3,0.4,0.3,-107.5,-59.8,0.7,-53.7,4.0,63.2,16.0,0.3,0.4,0.3,-7.1,31.9,70.9,31.9,2.0,80.8,14.0,0.5,0.5,0.2,-55.9,-26.9,2.2,-26.9,2.0,60.2,14.0,0.5,0.5,0.2,-5.3,17.1,39.5,17.1,2.0,46.4,14.0,0.5,0.5,0.2,-34.9,-17.2,0.5,-17.2,2.0,36.7,14.0,0.5,0.5,0.2,1711.0,4019.5,4646.0,3225.5,5.0,1979.0,16.0,0.4,0.5,0.4,1710.0,4020.0,4645.0,3225.0,5.0,1980.0,16.0,0.4,0.5,0.4
1974,2,188.0,43.0,7.32,8.0,8.34,7.83,3.0,0.76,8.0,0.7,0.3,0.7,6.64,9.0,9.26,8.0,4.0,2.35,8.0,0.8,0.3,0.5,4.06,4.93,6.42,5.22,4.0,1.56,8.0,0.8,0.3,0.5,63.5,80.5,91.1,77.5,4.0,18.9,8.0,0.8,0.5,7.15,12.05,16.21,11.7,4.0,5.27,8.0,0.8,0.3,0.5,1.52,6.5,9.28,5.45,4.0,5.11,8.0,0.8,0.3,0.5,-4.48,6.03,11.33,3.54,4.0,11.31,8.0,0.8,0.3,0.5,994.69,1007.25,1010.38,1002.75,4.0,13.12,8.0,0.8,0.3,0.5,5.5,6.5,7.5,6.5,4.0,1.3,8.0,0.8,0.3,0.5,7.9,82.8,149.9,79.1,4.0,83.5,8.0,0.8,0.3,0.5,-89.7,45.5,155.0,33.3,4.0,176.7,8.0,0.8,0.3,0.5,-1.68,-1.0,-1.0,-1.33,3.0,0.58,8.0,0.7,0.3,0.7,-15.2,-12.4,-9.5,-12.4,3.0,4.2,8.0,0.7,0.3,0.7,0.09,0.81,2.28,1.17,3.0,1.63,8.0,0.7,0.3,0.7,-1.2,5.0,18.2,8.4,3.0,14.5,8.0,0.7,0.3,0.7,13.6,44.4,63.0,38.6,4.0,37.8,8.0,0.8,0.3,0.5,-11.6,54.3,105.7,47.4,4.0,79.6,8.0,0.8,0.3,0.5,9.5,35.5,53.2,31.5,4.0,28.3,8.0,0.8,0.3,0.5,-18.0,25.8,69.1,25.6,4.0,64.8,8.0,0.8,0.3,0.5,-3.5,-2.0,2.0,-0.8,3.0,4.2,8.0,0.7,0.3,0.7,-1.4,3.2,17.3,7.9,3.0,14.3,8.0,0.7,0.3,0.7,387.5,2285.5,4267.0,2325.5,4.0,2241.0,8.0,0.8,0.3,0.5,385.0,2285.0,4265.0,2325.0,4.0,2240.0,8.0,0.8,0.3,0.5
1974,2,188.0,44.0,6.0,6.6,8.22,7.16,5.0,1.66,14.0,0.2,0.6,0.5,3.03,6.0,8.65,5.82,5.0,2.97,14.0,0.2,0.6,0.5,3.78,4.44,6.11,4.77,5.0,1.39,14.0,0.2,0.6,0.5,70.0,86.1,90.0,80.7,5.0,11.6,14.0,0.2,0.5,11.09,13.9,18.63,14.42,5.0,5.38,14.0,0.2,0.6,0.5,-0.39,2.41,16.03,7.07,5.0,9.5,14.0,0.2,0.6,0.5,-12.14,-6.11,5.08,-3.43,5.0,11.02,14.0,0.2,0.6,0.5,993.4,997.0,1023.12,1006.94,5.0,18.59,14.0,0.2,0.6,0.5,4.0,6.0,7.0,5.5,4.0,1.9,10.0,0.3,0.6,0.4,-2.4,33.6,303.9,137.2,5.0,188.6,14.0,0.2,0.6,0.5,-192.7,-37.9,70.6,-46.4,5.0,160.4,14.0,0.2,0.6,0.5,-2.37,2.5,4.37,1.34,5.0,3.53,14.0,0.2,0.6,0.5,-21.5,43.8,74.2,29.6,5.0,51.0,14.0,0.2,0.6,0.5,-0.17,1.44,3.44,1.57,5.0,1.84,14.0,0.2,0.6,0.5,-1.3,25.3,56.2,28.2,5.0,31.5,14.0,0.2,0.6,0.5,-3.3,5.3,74.9,33.3,5.0,54.8,14.0,0.2,0.6,0.5,-43.9,-30.1,45.2,0.5,5.0,71.5,14.0,0.2,0.6,0.5,-2.4,6.8,70.3,29.8,5.0,42.3,14.0,0.2,0.6,0.5,-42.8,-37.0,31.4,-7.9,5.0,55.8,14.0,0.2,0.6,0.5,0.3,8.3,38.1,19.8,5.0,29.6,14.0,0.2,0.6,0.5,-27.5,-0.6,0.9,-12.3,5.0,20.8,14.0,0.2,0.6,0.5,1792.0,2685.5,6594.5,3942.0,5.0,3237.5,14.0,0.2,0.6,0.5,1790.0,2685.0,6595.0,3940.0,5.0,3235.0,14.0,0.2,0.6,0.5
1974,2,188.0,45.0,6.57,7.6,10.1,8.3,4.0,2.6,10.0,0.0,0.3,0.2,6.22,6.7,6.9,6.57,3.0,0.51,6.0,0.0,0.3,0.1,4.79,5.11,5.39,5.09,3.0,0.43,6.0,0.0,0.3,0.1,80.3,87.0,87.1,83.8,3.0,5.7,6.0,0.0,0.1,2.43,6.4,10.69,6.55,4.0,5.58,10.0,0.0,0.3,0.2,-3.49,2.55,7.81,2.17,4.0,7.23,10.0,0.0,0.3,0.2,0.0,1.93,6.35,3.12,4.0,4.09,10.0,0.0,0.3,0.2,994.33,1009.85,1021.96,1008.23,4.0,16.11,10.0,0.0,0.3,0.2,5.5,6.0,7.0,6.3,4.0,1.3,10.0,0.0,0.3,0.2,-26.9,13.0,84.4,28.1,4.0,79.8,10.0,0.0,0.3,0.2,0.0,14.8,74.6,36.3,4.0,54.6,10.0,0.0,0.3,0.2,-0.52,0.5,1.52,0.5,3.0,1.5,6.0,0.0,0.3,0.1,-7.9,3.9,8.2,0.2,3.0,12.2,6.0,0.0,0.3,0.1,0.77,1.58,1.62,1.21,3.0,0.7,6.0,0.0,0.3,0.1,6.3,8.3,11.0,8.6,3.0,3.4,6.0,0.0,0.3,0.1,-20.8,30.6,58.8,19.3,3.0,59.1,6.0,0.0,0.3,0.1,8.2,25.8,49.3,28.7,3.0,30.3,6.0,0.0,0.3,0.1,-12.9,26.0,46.9,17.2,3.0,44.5,6.0,0.0,0.3,0.1,5.7,17.9,38.1,21.8,3.0,24.0,6.0,0.0,0.3,0.1,-5.9,4.1,7.0,0.6,3.0,9.9,6.0,0.0,0.3,0.1,1.1,3.4,5.3,3.2,3.0,3.1,6.0,0.0,0.3,0.1,63.0,294.5,1478.0,749.0,4.0,1121.5,10.0,0.0,0.3,0.2,65.0,295.0,1480.0,750.0,4.0,1120.0,10.0,0.0,0.3,0.2
1974,2,188.0,46.0,5.19,6.0,6.18,5.76,5.0,0.6,14.0,0.6,0.8,0.4,3.59,4.5,6.44,4.84,5.0,1.95,14.0,0.6,0.8,0.4,4.53,5.02,5.3,4.92,4.0,0.57,12.0,0.5,0.8,0.4,81.7,87.4,90.8,86.3,4.0,6.2,12.0,0.5,0.4,5.52,10.3,14.21,9.9,5.0,5.32,14.0,0.6,0.8,0.4,2.8,7.2,12.2,7.48,5.0,5.87,14.0,0.6,0.8,0.4,-3.71,0.0,4.43,0.78,5.0,6.76,14.0,0.6,0.8,0.4,988.27,992.8,1030.29,1006.02,5.0,22.6,14.0,0.6,0.8,0.4,3.0,8.0,8.0,6.0,5.0,2.7,14.0,0.6,0.8,0.4,32.9,56.9,160.8,94.1,5.0,97.9,14.0,0.6,0.8,0.4,-38.3,0.0,57.1,11.3,5.0,90.2,14.0,0.6,0.8,0.4,-0.69,1.5,2.37,0.92,5.0,1.91,14.0,0.6,0.8,0.4,-5.0,7.8,22.1,7.9,5.0,15.6,14.0,0.6,0.8,0.4,0.36,0.92,1.5,0.93,4.0,0.84,12.0,0.5,0.8,0.4,4.9,13.6,18.4,11.7,4.0,9.0,12.0,0.5,0.8,0.4,16.8,46.4,58.4,38.9,5.0,26.7,14.0,0.6,0.8,0.4,-12.6,0.0,26.6,8.4,5.0,37.4,14.0,0.6,0.8,0.4,30.6,41.1,60.5,45.4,4.0,22.7,12.0,0.5,0.8,0.4,-14.6,0.0,32.3,8.4,4.0,37.8,12.0,0.5,0.8,0.4,1.5,9.5,17.9,9.7,4.0,9.7,12.0,0.5,0.8,0.4,-2.9,0.0,5.4,1.2,4.0,6.6,12.0,0.5,0.8,0.4,243.5,1092.5,3003.0,1624.5,5.0,1797.5,14.0,0.6,0.8,0.4,245.0,1095.0,3005.0,1625.0,5.0,1800.0,14.0,0.6,0.8,0.4
1974,2,188.0,47.0,5.4,6.0,6.29,5.93,6.0,0.67,12.0,0.3,0.5,0.6,3.0,3.8,5.1,4.02,6.0,1.05,12.0,0.3,0.5,0.6,3.16,3.78,4.63,3.87,6.0,0.73,12.0,0.3,0.5,0.6,68.2,72.9,83.6,76.2,6.0,13.0,12.0,0.3,0.6,6.6,8.2,12.98,9.77,6.0,4.28,12.0,0.3,0.5,0.6,-5.74,0.95,8.45,0.95,6.0,8.32,12.0,0.3,0.5,0.6,-6.84,0.67,6.53,-0.49,6.0,7.88,12.0,0.3,0.5,0.6,981.42,1008.25,1033.5,1007.58,6.0,24.27,12.0,0.3,0.5,0.6,4.8,8.0,8.0,6.8,6.0,1.8,12.0,0.3,0.5,0.6,-63.5,9.6,75.1,-1.5,6.0,112.3,12.0,0.3,0.5,0.6,-75.7,5.1,44.7,-25.0,6.0,108.7,12.0,0.3,0.5,0.6,0.79,2.0,3.1,1.92,6.0,1.28,12.0,0.3,0.5,0.6,4.9,18.5,32.2,20.4,6.0,18.7,12.0,0.3,0.5,0.6,1.18,1.89,2.46,1.93,6.0,0.77,12.0,0.3,0.5,0.6,10.5,16.9,25.1,17.7,6.0,7.1,12.0,0.3,0.5,0.6,-17.2,5.5,31.1,6.5,6.0,29.6,12.0,0.3,0.5,0.6,-20.5,2.3,33.5,4.1,6.0,30.8,12.0,0.3,0.5,0.6,-22.2,4.6,27.1,1.0,6.0,33.7,12.0,0.3,0.5,0.6,-26.4,2.0,27.0,-2.6,6.0,36.0,12.0,0.3,0.5,0.6,-9.8,0.9,24.8,5.2,6.0,16.8,12.0,0.3,0.5,0.6,-11.7,2.1,9.9,-0.3,6.0,10.7,12.0,0.3,0.5,0.6,288.0,557.5,2410.5,1443.0,6.0,1986.0,12.0,0.3,0.5,0.6,290.0,560.0,2410.0,1445.0,6.0,1985.0,12.0,0.3,0.5,0.6
1974,2,188.0,48.0,4.33,5.5,6.29,5.07,10.0,1.71,16.0,0.5,0.8,0.5,3.0,4.5,5.51,4.09,10.0,1.76,16.0,0.5,0.8,0.5,3.8,4.79,5.16,4.51,10.0,0.93,16.0,0.5,0.8,0.5,73.5,92.6,97.1,86.8,10.0,13.7,16.0,0.5,0.5,8.7,11.85,16.17,11.94,10.0,5.17,16.0,0.5,0.8,0.5,-13.11,-2.17,6.26,-3.83,10.0,10.02,16.0,0.5,0.8,0.5,-8.62,2.54,9.12,1.06,10.0,8.2,16.0,0.5,0.8,0.5,980.63,989.0,1023.45,997.71,10.0,20.83,16.0,0.5,0.8,0.5,7.0,8.0,8.0,7.2,9.0,1.3,16.0,0.4,0.8,0.4,-204.3,-18.9,57.7,-73.5,10.0,164.0,16.0,0.5,0.8,0.5,-124.1,15.1,117.9,-0.4,10.0,115.5,16.0,0.5,0.8,0.5,-1.61,1.5,3.0,0.98,10.0,2.7,16.0,0.5,0.8,0.5,-9.8,16.2,51.0,17.7,10.0,32.9,16.0,0.5,0.8,0.5,0.32,1.06,1.61,1.03,10.0,1.02,16.0,0.5,0.8,0.5,2.1,13.3,24.7,12.3,10.0,12.4,16.0,0.5,0.8,0.5,-51.6,-12.8,31.3,-11.8,10.0,39.1,16.0,0.5,0.8,0.5,-16.4,13.7,42.6,13.5,10.0,29.4,16.0,0.5,0.8,0.5,-62.0,-11.2,33.9,-17.3,10.0,48.5,16.0,0.5,0.8,0.5,-29.8,11.7,41.4,7.7,10.0,36.2,16.0,0.5,0.8,0.5,-16.7,-2.0,2.8,-4.9,10.0,11.3,16.0,0.5,0.8,0.5,-13.6,-0.7,6.6,-3.8,10.0,12.3,16.0,0.5,0.8,0.5,658.5,1703.0,4343.0,2544.5,10.0,2676.5,16.0,0.5,0.8,0.5,660.0,1705.0,4345.0,2545.0,10.0,2675.0,16.0,0.5,0.8,0.5
1974,2,188.0,49.0,4.0,4.0,4.0,4.0,2.0,0.0,12.0,0.0,0.5,0.3,0.63,2.0,3.37,2.0,2.0,2.83,12.0,0.0,0.5,0.3,3.63,3.93,4.23,3.93,2.0,0.62,12.0,0.0,0.5,0.3,86.2,89.0,91.7,89.0,2.0,5.7,12.0,0.0,0.3,11.68,14.65,17.62,14.65,2.0,6.15,12.0,0.0,0.5,0.3,-13.39,-3.78,5.83,-3.78,2.0,19.91,12.0,0.0,0.5,0.3,1.03,3.25,5.47,3.25,2.0,4.6,12.0,0.0,0.5,0.3,996.02,1005.75,1015.48,1005.75,2.0,20.15,12.0,0.0,0.5,0.3,5.5,6.5,7.5,6.5,2.0,2.1,12.0,0.0,0.5,0.3,-268.6,-116.6,35.4,-116.6,2.0,314.9,12.0,0.0,0.5,0.3,19.6,61.7,103.9,61.7,2.0,87.3,12.0,0.0,0.5,0.3,0.63,2.0,3.37,2.0,2.0,2.83,12.0,0.0,0.5,0.3,12.1,38.0,63.9,38.0,2.0,53.7,12.0,0.0,0.5,0.3,0.89,1.14,1.39,1.14,2.0,0.52,12.0,0.0,0.5,0.3,11.3,18.3,25.4,18.3,2.0,14.6,12.0,0.0,0.5,0.3,6.5,20.6,34.7,20.6,2.0,29.1,12.0,0.0,0.5,0.3,0.0,0.0,0.0,0.0,2.0,0.0,12.0,0.0,0.5,0.3,-45.3,-8.7,27.9,-8.7,2.0,75.8,12.0,0.0,0.5,0.3,3.6,11.3,19.1,11.3,2.0,16.0,12.0,0.0,0.5,0.3,-21.4,-9.5,2.4,-9.5,2.0,24.7,12.0,0.0,0.5,0.3,1.6,4.9,8.2,4.9,2.0,6.9,12.0,0.0,0.5,0.3,2008.0,3976.0,5944.0,3976.0,2.0,4077.5,12.0,0.0,0.5,0.3,2010.0,3975.0,5945.0,3975.0,2.0,4075.0,12.0,0.0,0.5,0.3
1974,2,188.0,50.0,1.0,4.0,5.14,3.99,13.0,2.0,14.0,0.2,0.6,0.4,1.36,3.0,5.0,2.84,13.0,1.91,14.0,0.2,0.6,0.4,2.98,4.19,4.94,3.99,12.0,0.87,12.0,0.2,0.6,0.4,73.2,84.3,93.2,82.4,12.0,12.7,12.0,0.2,0.4,4.13,10.3,17.24,10.21,14.0,6.06,14.0,0.2,0.6,0.4,-14.93,0.36,9.66,-0.88,14.0,10.71,14.0,0.2,0.6,0.4,-5.32,0.44,3.5,-0.28,14.0,5.76,14.0,0.2,0.6,0.4,984.19,1000.75,1023.78,1003.24,14.0,16.64,14.0,0.2,0.6,0.4,7.0,8.0,8.0,7.3,11.0,1.2,12.0,0.3,0.6,0.4,-257.5,1.5,100.9,-42.7,14.0,171.5,14.0,0.2,0.6,0.4,-57.9,2.3,35.3,-7.7,14.0,98.0,14.0,0.2,0.6,0.4,-0.2,1.0,2.13,1.3,12.0,2.21,14.0,0.3,0.6,0.4,-2.5,4.7,16.8,16.5,12.0,43.3,14.0,0.3,0.6,0.4,0.49,0.98,2.29,1.27,11.0,1.02,12.0,0.2,0.6,0.3,3.1,10.1,18.9,15.0,11.0,20.1,12.0,0.2,0.6,0.3,-22.8,0.0,48.7,7.9,13.0,33.0,14.0,0.2,0.6,0.4,-8.9,3.5,18.9,5.1,13.0,15.6,14.0,0.2,0.6,0.4,-50.1,0.0,46.5,-2.4,12.0,45.2,12.0,0.2,0.6,0.4,-17.9,2.2,21.0,2.7,12.0,23.3,12.0,0.2,0.6,0.4,-10.5,0.0,6.7,-5.7,11.0,21.3,12.0,0.2,0.6,0.3,-8.3,0.0,3.0,-4.1,11.0,11.8,12.0,0.2,0.6,0.3,70.5,1092.5,5173.0,2196.0,14.0,3000.5,14.0,0.2,0.6,0.4,70.0,1095.0,5175.0,2195.0,14.0,3000.0,14.0,0.2,0.6,0.4
1974,2,188.0,51.0,2.0,3.0,3.53,2.98,13.0,0.94,14.0,0.3,0.5,0.6,0.45,4.5,5.13,3.45,12.0,2.85,14.0,0.4,0.4,0.5,3.23,4.54,4.99,4.34,7.0,0.85,12.0,0.6,0.4,0.5,80.9,91.9,92.9,85.8,7.0,13.7,12.0,0.6,0.5,6.86,11.8,15.55,11.13,13.0,5.08,14.0,0.4,0.5,0.5,-10.07,0.0,6.35,-1.5,13.0,9.27,14.0,0.4,0.5,0.5,-6.62,-3.13,9.93,-0.16,13.0,8.46,14.0,0.4,0.5,0.5,993.98,1012.0,1022.82,1006.8,13.0,16.45,14.0,0.3,0.5,0.6,6.6,8.0,8.0,7.3,11.0,1.6,14.0,0.5,0.4,0.6,-148.1,0.0,74.4,-30.6,13.0,139.8,14.0,0.4,0.5,0.5,-61.0,-13.0,123.6,12.1,13.0,113.7,14.0,0.4,0.5,0.5,-2.0,-0.7,2.37,-0.01,11.0,2.57,14.0,0.4,0.4,0.5,-26.8,-7.9,12.8,-1.9,10.0,38.5,14.0,0.4,0.5,0.5,0.0,0.6,1.13,0.5,7.0,0.7,12.0,0.6,0.4,0.5,0.3,4.6,10.7,6.5,7.0,6.4,12.0,0.6,0.4,0.5,-38.8,2.2,44.5,4.4,11.0,44.2,14.0,0.5,0.4,0.5,-19.1,1.3,51.9,11.9,11.0,35.1,14.0,0.5,0.4,0.5,-38.6,-35.5,4.5,-15.4,7.0,34.2,12.0,0.6,0.4,0.5,-18.1,1.3,41.1,11.3,7.0,34.6,12.0,0.6,0.4,0.5,-5.5,-0.3,0.5,-1.7,7.0,6.9,12.0,0.6,0.4,0.5,-3.6,-0.2,8.9,1.9,7.0,6.0,12.0,0.6,0.4,0.5,342.0,1643.0,3773.0,2094.5,13.0,1845.0,14.0,0.4,0.5,0.5,340.0,1645.0,3775.0,2095.0,13.0,1845.0,14.0,0.4,0.5,0.5
1974,2,188.0,52.0,1.9,2.35,4.0,2.7,6.0,1.08,16.0,0.2,0.5,0.3,1.59,2.25,3.33,2.35,6.0,1.5,16.0,0.2,0.5,0.3,3.64,3.88,4.77,4.1,6.0,0.73,16.0,0.2,0.5,0.3,84.0,86.5,100.0,90.1,6.0,7.8,16.0,0.2,0.3,4.19,7.7,15.18,9.43,6.0,6.48,16.0,0.2,0.5,0.3,4.1,6.42,8.92,7.08,6.0,4.44,16.0,0.2,0.5,0.3,-6.41,-0.84,4.76,-0.52,6.0,8.28,16.0,0.2,0.5,0.3,988.92,1003.65,1024.47,1006.48,6.0,20.71,16.0,0.2,0.5,0.3,7.2,8.0,8.0,7.3,6.0,1.6,16.0,0.2,0.5,0.3,17.8,50.6,140.6,89.1,6.0,112.4,16.0,0.2,0.5,0.3,-64.8,-3.0,69.7,11.4,6.0,139.0,16.0,0.2,0.5,0.3,-1.19,0.5,2.0,0.35,6.0,1.7,16.0,0.2,0.5,0.3,-8.5,2.2,20.5,6.4,6.0,19.6,16.0,0.2,0.5,0.3,-0.39,0.75,1.31,0.54,6.0,0.86,16.0,0.2,0.5,0.3,-1.7,6.1,13.7,7.5,6.0,11.8,16.0,0.2,0.5,0.3,5.8,14.6,31.3,16.8,6.0,13.2,16.0,0.2,0.5,0.3,-14.1,-1.3,14.9,-0.8,6.0,19.1,16.0,0.2,0.5,0.3,13.8,24.9,42.0,28.5,6.0,17.1,16.0,0.2,0.5,0.3,-24.8,-3.3,20.9,-1.7,6.0,32.0,16.0,0.2,0.5,0.3,-1.6,4.1,10.5,5.4,6.0,9.2,16.0,0.2,0.5,0.3,-6.4,-1.2,4.0,0.5,6.0,9.3,16.0,0.2,0.5,0.3,81.0,456.5,3808.0,1972.5,6.0,3170.0,16.0,0.2,0.5,0.3,80.0,455.0,3810.0,1970.0,6.0,3170.0,16.0,0.2,0.5,0.3
1974,2,188.0,53.0,2.53,3.5,4.21,3.38,6.0,1.22,16.0,0.3,0.3,0.5,-1.0,2.9,5.0,2.3,6.0,2.72,16.0,0.3,0.3,0.5,3.23,4.37,5.07,4.16,4.0,1.11,12.0,0.5,0.2,0.7,78.6,86.6,92.9,85.8,4.0,8.4,12.0,0.5,0.7,7.19,8.45,12.9,9.13,6.0,3.35,16.0,0.3,0.3,0.5,-1.56,1.03,4.85,1.67,6.0,6.53,16.0,0.3,0.3,0.5,-7.77,-3.95,4.44,-1.41,6.0,7.93,16.0,0.3,0.3,0.5,989.27,1011.0,1020.17,1005.72,5.0,16.37,14.0,0.4,0.2,0.6,7.3,8.0,8.0,7.6,5.0,0.9,18.0,0.2,0.4,0.5,-13.5,4.2,52.1,21.6,6.0,76.1,16.0,0.3,0.3,0.5,-63.4,-26.2,57.3,2.6,6.0,87.4,16.0,0.3,0.3,0.5,-1.21,0.5,3.22,1.08,6.0,2.87,16.0,0.3,0.3,0.5,-8.6,4.4,26.0,8.0,6.0,25.3,16.0,0.3,0.3,0.5,-0.16,0.76,2.04,0.93,4.0,1.33,12.0,0.5,0.2,0.7,-2.3,6.5,17.1,7.4,4.0,11.6,12.0,0.5,0.2,0.7,-6.9,0.0,21.3,8.1,6.0,29.2,16.0,0.3,0.3,0.5,-14.0,7.9,16.3,5.4,6.0,19.3,16.0,0.3,0.3,0.5,-10.8,9.2,38.5,13.6,4.0,37.9,12.0,0.5,0.2,0.7,-20.0,-17.1,-1.7,-11.1,4.0,15.1,12.0,0.5,0.2,0.7,-7.9,-2.1,3.8,-2.1,4.0,7.7,12.0,0.5,0.2,0.7,-13.4,-3.6,-0.4,-6.7,4.0,9.0,12.0,0.5,0.2,0.7,420.5,605.0,2146.5,1014.0,6.0,900.0,16.0,0.3,0.3,0.5,420.0,605.0,2145.0,1015.0,6.0,900.0,16.0,0.3,0.3,0.5
1974,2,188.0,54.0,3.0,3.5,4.0,3.5,9.0,0.87,12.0,0.4,0.5,0.2,-5.57,0.5,3.29,-0.8,10.0,4.2,12.0,0.4,0.6,0.2,1.88,3.59,4.4,3.17,9.0,1.2,12.0,0.3,0.6,0.2,71.8,83.5,91.0,80.9,9.0,13.6,12.0,0.3,0.2,8.53,12.4,15.4,12.0,10.0,3.58,12.0,0.4,0.6,0.2,-12.14,-9.31,-0.83,-6.96,10.0,6.72,12.0,0.4,0.6,0.2,-11.61,-5.78,-1.05,-6.47,10.0,5.23,12.0,0.4,0.6,0.2,986.86,1000.0,1023.52,1003.04,10.0,18.78,12.0,0.4,0.6,0.2,6.3,8.0,8.0,7.1,9.0,1.4,12.0,0.4,0.5,0.2,-169.7,-113.3,-4.8,-96.2,10.0,86.1,12.0,0.4,0.6,0.2,-160.4,-72.5,-7.6,-86.5,10.0,87.1,12.0,0.4,0.6,0.2,0.0,2.0,9.0,4.28,9.0,4.54,12.0,0.4,0.5,0.2,0.0,11.4,113.2,52.0,9.0,60.5,12.0,0.4,0.5,0.2,0.39,1.47,2.97,1.64,8.0,1.23,12.0,0.4,0.5,0.2,4.6,16.6,31.1,19.2,8.0,15.6,12.0,0.4,0.5,0.2,-28.1,6.2,53.4,9.6,10.0,39.0,12.0,0.4,0.6,0.2,-27.2,0.0,40.1,5.4,10.0,37.0,12.0,0.4,0.6,0.2,-40.5,-21.3,-2.0,-18.4,9.0,24.5,12.0,0.3,0.6,0.2,-31.4,-12.3,-3.0,-19.6,9.0,20.9,12.0,0.3,0.6,0.2,-23.4,-3.7,-0.3,-9.3,8.0,11.0,12.0,0.4,0.5,0.2,-19.6,-11.8,-1.6,-14.2,8.0,14.6,12.0,0.4,0.5,0.2,681.5,1906.5,3652.5,2127.0,10.0,1523.5,12.0,0.4,0.6,0.2,680.0,1905.0,3650.0,2125.0,10.0,1525.0,12.0,0.4,0.6,0.2
1974,2,188.0,55.0,,,,,,,,,,,,,,,,,,,,,,,,,,,,,,,,,,,,,,,,8.85,10.25,11.65,10.25,2.0,2.9,18.0,0.0,1.0,0.2,-10.19,-6.06,-1.92,-6.06,2.0,8.57,18.0,0.0,1.0,0.2,-6.56,-3.03,0.5,-3.03,2.0,7.31,18.0,0.0,1.0,0.2,1016.87,1025.2,1033.53,1025.2,2.0,17.25,18.0,0.0,1.0,0.2,,,,,,,,,,,,,,,,,,,,,,,,,,,,,,,,,,,,,,,,,,,,,,,,,,,,,,,,,,,,,,,,,,,,,,,,,,,,,,,,,,,,,,,,,,,,,,,,,,,,,,,,,,,,,,,,,,,,,,,,,,,,,,,,,,,,,,,,,,,,,,,,,,,,,,
1974,2,188.0,56.0,,,,,,,,,,,,,,,,,,,,,,,,,,,,,,,,,,,,,,,,5.0,8.7,12.73,9.14,166.0,4.25,16.0,0.3,0.5,0.5,-9.19,-2.18,3.49,-2.38,166.0,6.91,16.0,0.3,0.5,0.5,-8.64,-5.38,0.0,-4.87,166.0,4.98,16.0,0.3,0.5,0.5,1002.29,1015.6,1032.75,1016.08,145.0,14.02,16.0,0.2,0.5,0.5,,,,,,,,,,,,,,,,,,,,,,,,,,,,,,,,,,,,,,,,,,,,,,,,,,,,,,,,,,,,,,,,,,,,,,,,,,,,,,,,,,,,,,,,,,,,,,,,,,,,,,,,,,,,,,,,,,,,,,,,,,,,,,,,,,,,,,,,,,,,,,,,,,,,,,
1974,2,188.0,57.0,,,,,,,,,,,,,,,,,,,,,,,,,,,,,,,,,,,,,,,,3.82,7.2,15.19,9.02,13.0,5.59,16.0,0.2,0.7,0.4,-8.03,-1.74,0.53,-2.68,13.0,7.49,16.0,0.2,0.7,0.4,-10.44,-5.0,2.34,-3.45,13.0,6.53,16.0,0.2,0.7,0.4,1000.24,1014.7,1021.5,1013.31,9.0,13.29,20.0,0.2,0.6,0.2,,,,,,,,,,,,,,,,,,,,,,,,,,,,,,,,,,,,,,,,,,,,,,,,,,,,,,,,,,,,,,,,,,,,,,,,,,,,,,,,,,,,,,,,,,,,,,,,,,,,,,,,,,,,,,,,,,,,,,,,,,,,,,,,,,,,,,,,,,,,,,,,,,,,,,
1974,2,188.0,58.0,,,,,,,,,,,,,,,,,,,,,,,,,,,,,,,,,,,,,,,,4.91,8.7,14.01,9.47,13.0,4.44,10.0,0.2,0.6,0.4,-8.68,-5.5,-1.85,-4.89,13.0,4.85,10.0,0.2,0.6,0.4,-11.66,-2.74,3.07,-3.65,13.0,7.28,10.0,0.2,0.6,0.4,998.62,1007.4,1022.59,1008.38,16.0,12.79,10.0,0.1,0.6,0.4,,,,,,,,,,,,,,,,,,,,,,,,,,,,,,,,,,,,,,,,,,,,,,,,,,,,,,,,,,,,,,,,,,,,,,,,,,,,,,,,,,,,,,,,,,,,,,,,,,,,,,,,,,,,,,,,,,,,,,,,,,,,,,,,,,,,,,,,,,,,,,,,,,,,,,
1974,2,188.0,59.0,,,,,,,,,,,,,,,,,,,,,,,,,,,,,,,,,,,,,,,,12.9,12.9,12.9,12.9,1.0,0.0,10.0,0.0,0.3,0.1,0.0,0.0,0.0,0.0,1.0,0.0,10.0,0.0,0.3,0.1,-12.9,-12.9,-12.9,-12.9,1.0,0.0,10.0,0.0,0.3,0.1,1013.17,1018.05,1022.93,1018.05,2.0,10.11,12.0,0.5,0.4,0.0,,,,,,,,,,,,,,,,,,,,,,,,,,,,,,,,,,,,,,,,,,,,,,,,,,,,,,,,,,,,,,,,,,,,,,,,,,,,,,,,,,,,,,,,,,,,,,,,,,,,,,,,,,,,,,,,,,,,,,,,,,,,,,,,,,,,,,,,,,,,,,,,,,,,,,
1974,2,189.0,-74.0,-0.7,-0.7,-0.7,-0.7,1.0,0.0,18.0,1.0,0.2,0.8,-3.6,-3.6,-3.6,-3.6,1.0,0.0,18.0,1.0,0.2,0.8,1.93,1.93,1.93,1.93,1.0,0.0,18.0,1.0,0.2,0.8,64.1,64.1,64.1,64.1,1.0,0.0,18.0,1.0,0.8,4.6,4.6,4.6,4.6,1.0,0.0,18.0,1.0,0.2,0.8,-2.96,-2.96,-2.96,-2.96,1.0,0.0,18.0,1.0,0.2,0.8,3.52,3.52,3.52,3.52,1.0,0.0,18.0,1.0,0.2,0.8,974.7,974.7,974.7,974.7,1.0,0.0,18.0,1.0,0.2,0.8,6.0,6.0,6.0,6.0,1.0,0.0,18.0,1.0,0.2,0.8,-13.6,-13.6,-13.6,-13.6,1.0,0.0,18.0,1.0,0.2,0.8,16.2,16.2,16.2,16.2,1.0,0.0,18.0,1.0,0.2,0.8,2.9,2.9,2.9,2.9,1.0,0.0,18.0,1.0,0.2,0.8,13.3,13.3,13.3,13.3,1.0,0.0,18.0,1.0,0.2,0.8,1.8,1.8,1.8,1.8,1.0,0.0,18.0,1.0,0.2,0.8,8.3,8.3,8.3,8.3,1.0,0.0,18.0,1.0,0.2,0.8,10.6,10.6,10.6,10.6,1.0,0.0,18.0,1.0,0.2,0.8,-12.7,-12.7,-12.7,-12.7,1.0,0.0,18.0,1.0,0.2,0.8,-5.7,-5.7,-5.7,-5.7,1.0,0.0,18.0,1.0,0.2,0.8,6.8,6.8,6.8,6.8,1.0,0.0,18.0,1.0,0.2,0.8,-5.3,-5.3,-5.3,-5.3,1.0,0.0,18.0,1.0,0.2,0.8,6.3,6.3,6.3,6.3,1.0,0.0,18.0,1.0,0.2,0.8,97.5,97.5,97.5,97.5,1.0,0.0,18.0,1.0,0.2,0.8,95.0,95.0,95.0,95.0,1.0,0.0,18.0,1.0,0.2,0.8
1974,2,189.0,-60.0,,,,,,,,,,,,,,,,,,,,,,,,,,,,,,,,,,,,,,,,,,,,,,,,,,,,,,,,,,,,,,,,,,,,,,,,,,,,,,,,8.0,8.0,8.0,8.0,1.0,0.0,8.0,1.0,0.5,0.5,120.6,120.6,120.6,120.6,1.0,0.0,8.0,1.0,0.5,0.5,-69.6,-69.6,-69.6,-69.6,1.0,0.0,8.0,1.0,0.5,0.5,,,,,,,,,,,,,,,,,,,,,,,,,,,,,,,,,,,,,,,,,,,,,,,,,,,,,,,,,,,,,,,,,,,,,,,,,,,,,,,,,,,,,,,,,,,,,,,,,,,,,,,,,,,,,,,,,,,,,,,,
1974,2,189.0,-56.0,,,,,,,,,,,,,,,,,,,,,,,,,,,,,,,,,,,,,,,,12.86,15.15,17.44,15.15,2.0,4.74,14.0,0.5,0.4,0.7,10.85,12.2,13.54,12.2,2.0,2.79,14.0,0.5,0.4,0.7,-10.94,-8.9,-6.85,-8.9,2.0,4.24,14.0,0.5,0.4,0.7,1008.2,1008.2,1008.2,1008.2,1.0,0.0,20.0,0.0,0.2,0.8,,,,,,,,,,,,,,,,,,,,,,,,,,,,,,,,,,,,,,,,,,,,,,,,,,,,,,,,,,,,,,,,,,,,,,,,,,,,,,,,,,,,,,,,,,,,,,,,,,,,,,,,,,,,,,,,,,,,,,,,,,,,,,,,,,,,,,,,,,,,,,,,,,,,,,
1974,2,189.0,-48.0,12.6,12.6,12.6,12.6,1.0,0.0,16.0,0.0,0.4,0.1,12.56,13.55,14.54,13.55,2.0,2.05,20.0,0.5,0.7,0.2,7.56,7.56,7.56,7.56,1.0,0.0,24.0,1.0,1.0,0.2,72.0,72.0,72.0,72.0,1.0,0.0,24.0,1.0,0.2,8.95,9.5,10.05,9.5,2.0,1.13,20.0,0.5,0.7,0.2,0.56,1.76,2.96,1.76,2.0,2.49,20.0,0.5,0.7,0.2,8.86,9.19,9.52,9.19,2.0,0.69,20.0,0.5,0.7,0.2,1019.76,1020.1,1020.44,1020.1,2.0,0.71,20.0,0.5,0.7,0.2,4.6,6.0,7.4,6.0,2.0,2.8,20.0,0.5,0.7,0.2,5.8,18.1,30.5,18.1,2.0,25.7,20.0,0.5,0.7,0.2,79.5,87.7,95.9,87.7,2.0,17.0,20.0,0.5,0.7,0.2,,,,,,,,,,,,,,,,,,,,,,,,,,,,,,,,,,,,,,,,,8.4,26.4,44.5,26.4,2.0,37.4,20.0,0.5,0.7,0.2,111.6,125.2,138.8,125.2,2.0,28.2,20.0,0.5,0.7,0.2,26.6,26.6,26.6,26.6,1.0,0.0,24.0,1.0,1.0,0.2,73.1,73.1,73.1,73.1,1.0,0.0,24.0,1.0,1.0,0.2,,,,,,,,,,,,,,,,,,,,,,,,,,,,,,,,,,,,,,,,
1974,2,189.0,-44.0,18.5,18.5,18.5,18.5,1.0,0.0,20.0,1.0,0.5,0.4,16.5,16.5,16.5,16.5,1.0,0.0,20.0,1.0,0.5,0.4,9.91,9.91,9.91,9.91,1.0,0.0,20.0,1.0,0.5,0.4,85.7,85.7,85.7,85.7,1.0,0.0,20.0,1.0,0.4,8.7,8.7,8.7,8.7,1.0,0.0,20.0,1.0,0.5,0.4,-5.59,-5.59,-5.59,-5.59,1.0,0.0,20.0,1.0,0.5,0.4,-6.66,-6.66,-6.66,-6.66,1.0,0.0,20.0,1.0,0.5,0.4,1020.3,1020.3,1020.3,1020.3,1.0,0.0,20.0,1.0,0.5,0.4,8.0,8.0,8.0,8.0,1.0,0.0,20.0,1.0,0.5,0.4,-48.7,-48.7,-48.7,-48.7,1.0,0.0,20.0,1.0,0.5,0.4,-58.0,-58.0,-58.0,-58.0,1.0,0.0,20.0,1.0,0.5,0.4,2.0,2.0,2.0,2.0,1.0,0.0,20.0,1.0,0.5,0.4,17.4,17.4,17.4,17.4,1.0,0.0,20.0,1.0,0.5,0.4,3.23,3.23,3.23,3.23,1.0,0.0,20.0,1.0,0.5,0.4,28.1,28.1,28.1,28.1,1.0,0.0,20.0,1.0,0.5,0.4,-92.3,-92.3,-92.3,-92.3,1.0,0.0,20.0,1.0,0.5,0.4,-110.0,-110.0,-110.0,-110.0,1.0,0.0,20.0,1.0,0.5,0.4,-55.4,-55.4,-55.4,-55.4,1.0,0.0,20.0,1.0,0.5,0.4,-66.0,-66.0,-66.0,-66.0,1.0,0.0,20.0,1.0,0.5,0.4,-18.1,-18.1,-18.1,-18.1,1.0,0.0,20.0,1.0,0.5,0.4,-21.6,-21.6,-21.6,-21.6,1.0,0.0,20.0,1.0,0.5,0.4,658.5,658.5,658.5,658.5,1.0,0.0,20.0,1.0,0.5,0.4,660.0,660.0,660.0,660.0,1.0,0.0,20.0,1.0,0.5,0.4
1974,2,189.0,-43.0,18.3,18.3,18.3,18.3,1.0,0.0,26.0,1.0,0.2,1.0,19.5,19.5,19.5,19.5,1.0,0.0,26.0,1.0,0.2,1.0,7.84,7.84,7.84,7.84,1.0,0.0,26.0,1.0,0.2,1.0,56.4,56.4,56.4,56.4,1.0,0.0,26.0,1.0,1.0,5.7,5.7,5.7,5.7,1.0,0.0,26.0,1.0,0.2,1.0,-3.66,-3.66,-3.66,-3.66,1.0,0.0,26.0,1.0,0.2,1.0,-4.37,-4.37,-4.37,-4.37,1.0,0.0,26.0,1.0,0.2,1.0,1022.4,1022.4,1022.4,1022.4,1.0,0.0,26.0,1.0,0.2,1.0,8.0,8.0,8.0,8.0,1.0,0.0,26.0,1.0,0.2,1.0,-20.9,-20.9,-20.9,-20.9,1.0,0.0,26.0,1.0,0.2,1.0,-24.9,-24.9,-24.9,-24.9,1.0,0.0,26.0,1.0,0.2,1.0,-1.2,-1.2,-1.2,-1.2,1.0,0.0,26.0,1.0,0.2,1.0,-6.8,-6.8,-6.8,-6.8,1.0,0.0,26.0,1.0,0.2,1.0,5.1,5.1,5.1,5.1,1.0,0.0,26.0,1.0,0.2,1.0,29.1,29.1,29.1,29.1,1.0,0.0,26.0,1.0,0.2,1.0,-71.4,-71.4,-71.4,-71.4,1.0,0.0,26.0,1.0,0.2,1.0,-85.1,-85.1,-85.1,-85.1,1.0,0.0,26.0,1.0,0.2,1.0,-28.7,-28.7,-28.7,-28.7,1.0,0.0,26.0,1.0,0.2,1.0,-34.2,-34.2,-34.2,-34.2,1.0,0.0,26.0,1.0,0.2,1.0,-18.7,-18.7,-18.7,-18.7,1.0,0.0,26.0,1.0,0.2,1.0,-22.3,-22.3,-22.3,-22.3,1.0,0.0,26.0,1.0,0.2,1.0,185.0,185.0,185.0,185.0,1.0,0.0,26.0,1.0,0.2,1.0,185.0,185.0,185.0,185.0,1.0,0.0,26.0,1.0,0.2,1.0
1974,2,189.0,-42.0,18.9,18.9,18.9,18.9,1.0,0.0,24.0,1.0,1.0,0.2,15.0,15.0,15.0,15.0,1.0,0.0,24.0,1.0,1.0,0.2,7.92,7.92,7.92,7.92,1.0,0.0,24.0,1.0,1.0,0.2,75.5,75.5,75.5,75.5,1.0,0.0,24.0,1.0,0.2,12.3,12.3,12.3,12.3,1.0,0.0,24.0,1.0,1.0,0.2,4.21,4.21,4.21,4.21,1.0,0.0,24.0,1.0,1.0,0.2,11.56,11.56,11.56,11.56,1.0,0.0,24.0,1.0,1.0,0.2,1019.6,1019.6,1019.6,1019.6,1.0,0.0,24.0,1.0,1.0,0.2,8.0,8.0,8.0,8.0,1.0,0.0,24.0,1.0,1.0,0.2,51.7,51.7,51.7,51.7,1.0,0.0,24.0,1.0,1.0,0.2,142.2,142.2,142.2,142.2,1.0,0.0,24.0,1.0,1.0,0.2,3.9,3.9,3.9,3.9,1.0,0.0,24.0,1.0,1.0,0.2,48.0,48.0,48.0,48.0,1.0,0.0,24.0,1.0,1.0,0.2,5.57,5.57,5.57,5.57,1.0,0.0,24.0,1.0,1.0,0.2,68.5,68.5,68.5,68.5,1.0,0.0,24.0,1.0,1.0,0.2,63.1,63.1,63.1,63.1,1.0,0.0,24.0,1.0,1.0,0.2,173.4,173.4,173.4,173.4,1.0,0.0,24.0,1.0,1.0,0.2,33.3,33.3,33.3,33.3,1.0,0.0,24.0,1.0,1.0,0.2,91.5,91.5,91.5,91.5,1.0,0.0,24.0,1.0,1.0,0.2,23.4,23.4,23.4,23.4,1.0,0.0,24.0,1.0,1.0,0.2,64.3,64.3,64.3,64.3,1.0,0.0,24.0,1.0,1.0,0.2,1861.0,1861.0,1861.0,1861.0,1.0,0.0,24.0,1.0,1.0,0.2,1860.0,1860.0,1860.0,1860.0,1.0,0.0,24.0,1.0,1.0,0.2
1974,2,189.0,-40.0,20.9,20.9,20.9,20.9,1.0,0.0,18.0,1.0,0.5,1.0,19.6,19.6,19.6,19.6,1.0,0.0,18.0,1.0,0.5,1.0,13.57,13.57,13.57,13.57,1.0,0.0,18.0,1.0,0.5,1.0,96.3,96.3,96.3,96.3,1.0,0.0,18.0,1.0,1.0,4.1,4.1,4.1,4.1,1.0,0.0,18.0,1.0,0.5,1.0,2.05,2.05,2.05,2.05,1.0,0.0,18.0,1.0,0.5,1.0,3.55,3.55,3.55,3.55,1.0,0.0,18.0,1.0,0.5,1.0,1019.8,1019.8,1019.8,1019.8,1.0,0.0,18.0,1.0,0.5,1.0,8.0,8.0,8.0,8.0,1.0,0.0,18.0,1.0,0.5,1.0,8.4,8.4,8.4,8.4,1.0,0.0,18.0,1.0,0.5,1.0,14.6,14.6,14.6,14.6,1.0,0.0,18.0,1.0,0.5,1.0,1.3,1.3,1.3,1.3,1.0,0.0,18.0,1.0,0.5,1.0,5.3,5.3,5.3,5.3,1.0,0.0,18.0,1.0,0.5,1.0,1.71,1.71,1.71,1.71,1.0,0.0,18.0,1.0,0.5,1.0,7.0,7.0,7.0,7.0,1.0,0.0,18.0,1.0,0.5,1.0,40.2,40.2,40.2,40.2,1.0,0.0,18.0,1.0,0.5,1.0,69.6,69.6,69.6,69.6,1.0,0.0,18.0,1.0,0.5,1.0,27.8,27.8,27.8,27.8,1.0,0.0,18.0,1.0,0.5,1.0,48.2,48.2,48.2,48.2,1.0,0.0,18.0,1.0,0.5,1.0,3.5,3.5,3.5,3.5,1.0,0.0,18.0,1.0,0.5,1.0,6.1,6.1,6.1,6.1,1.0,0.0,18.0,1.0,0.5,1.0,69.0,69.0,69.0,69.0,1.0,0.0,18.0,1.0,0.5,1.0,70.0,70.0,70.0,70.0,1.0,0.0,18.0,1.0,0.5,1.0
1974,2,189.0,-39.0,20.1,20.3,20.5,20.3,2.0,0.42,8.0,1.0,0.4,0.5,18.48,19.5,20.52,19.5,3.0,1.5,14.0,0.7,0.6,0.4,11.86,12.19,12.52,12.19,2.0,0.68,8.0,1.0,0.4,0.5,78.7,83.7,88.7,83.7,2.0,10.3,8.0,1.0,0.5,2.58,3.6,6.4,4.47,3.0,2.9,14.0,0.7,0.6,0.4,-4.25,-0.72,-0.23,-2.21,3.0,3.22,14.0,0.7,0.6,0.4,-4.52,-3.6,-2.49,-3.51,3.0,1.49,14.0,0.7,0.6,0.4,1021.53,1021.6,1024.13,1022.8,3.0,2.17,14.0,0.7,0.6,0.4,1.3,2.0,6.1,3.7,3.0,3.8,14.0,0.7,0.6,0.4,-31.5,-1.5,-0.5,-15.6,3.0,25.8,14.0,0.7,0.6,0.4,-30.1,-13.0,-6.9,-18.4,3.0,17.6,14.0,0.7,0.6,0.4,-0.26,0.05,0.36,0.05,2.0,0.64,8.0,1.0,0.4,0.5,-1.0,-0.2,0.7,-0.2,2.0,1.8,8.0,1.0,0.4,0.5,1.95,2.48,3.02,2.48,2.0,1.11,8.0,1.0,0.4,0.5,4.9,7.7,10.5,7.7,2.0,5.8,8.0,1.0,0.4,0.5,-76.9,-14.0,-4.4,-40.1,3.0,57.7,14.0,0.7,0.6,0.4,-84.8,-75.6,-50.3,-67.7,3.0,26.2,14.0,0.7,0.6,0.4,-7.7,-4.5,-1.4,-4.5,2.0,6.4,8.0,1.0,0.4,0.5,-39.4,-33.6,-27.7,-33.6,2.0,12.1,8.0,1.0,0.4,0.5,-1.0,-0.6,-0.2,-0.6,2.0,0.9,8.0,1.0,0.4,0.5,-10.4,-7.6,-4.7,-7.6,2.0,5.9,8.0,1.0,0.4,0.5,21.0,46.5,326.5,171.0,3.0,248.0,14.0,0.7,0.6,0.4,20.0,45.0,325.0,170.0,3.0,250.0,14.0,0.7,0.6,0.4
1974,2,189.0,-38.0,,,,,,,,,,,,,,,,,,,,,,,,,,,,,,,,,,,,,,,,10.3,10.3,10.3,10.3,1.0,0.0,24.0,1.0,0.7,0.8,-6.62,-6.62,-6.62,-6.62,1.0,0.0,24.0,1.0,0.7,0.8,7.89,7.89,7.89,7.89,1.0,0.0,24.0,1.0,0.7,0.8,1019.6,1019.6,1019.6,1019.6,1.0,0.0,24.0,1.0,0.7,0.8,,,,,,,,,,,,,,,,,,,,,,,,,,,,,,,,,,,,,,,,,,,,,,,,,,,,,,,,,,,,,,,,,,,,,,,,,,,,,,,,,,,,,,,,,,,,,,,,,,,,,,,,,,,,,,,,,,,,,,,,,,,,,,,,,,,,,,,,,,,,,,,,,,,,,,
1974,2,189.0,-37.0,21.0,21.0,21.0,21.0,1.0,0.0,14.0,1.0,1.0,0.9,21.0,21.0,21.0,21.0,1.0,0.0,14.0,1.0,1.0,0.9,12.5,12.5,12.5,12.5,1.0,0.0,14.0,1.0,1.0,0.9,81.9,81.9,81.9,81.9,1.0,0.0,14.0,1.0,0.9,6.2,6.2,6.2,6.2,1.0,0.0,14.0,1.0,1.0,0.9,-6.11,-6.11,-6.11,-6.11,1.0,0.0,14.0,1.0,1.0,0.9,-1.08,-1.08,-1.08,-1.08,1.0,0.0,14.0,1.0,1.0,0.9,1026.0,1026.0,1026.0,1026.0,1.0,0.0,14.0,1.0,1.0,0.9,8.0,8.0,8.0,8.0,1.0,0.0,14.0,1.0,1.0,0.9,-37.9,-37.9,-37.9,-37.9,1.0,0.0,14.0,1.0,1.0,0.9,-6.7,-6.7,-6.7,-6.7,1.0,0.0,14.0,1.0,1.0,0.9,0.0,0.0,0.0,0.0,1.0,0.0,14.0,1.0,1.0,0.9,0.0,0.0,0.0,0.0,1.0,0.0,14.0,1.0,1.0,0.9,2.78,2.78,2.78,2.78,1.0,0.0,14.0,1.0,1.0,0.9,17.2,17.2,17.2,17.2,1.0,0.0,14.0,1.0,1.0,0.9,-128.2,-128.2,-128.2,-128.2,1.0,0.0,14.0,1.0,1.0,0.9,-22.6,-22.6,-22.6,-22.6,1.0,0.0,14.0,1.0,1.0,0.9,-76.3,-76.3,-76.3,-76.3,1.0,0.0,14.0,1.0,1.0,0.9,-13.5,-13.5,-13.5,-13.5,1.0,0.0,14.0,1.0,1.0,0.9,-17.0,-17.0,-17.0,-17.0,1.0,0.0,14.0,1.0,1.0,0.9,-3.0,-3.0,-3.0,-3.0,1.0,0.0,14.0,1.0,1.0,0.9,238.5,238.5,238.5,238.5,1.0,0.0,14.0,1.0,1.0,0.9,240.0,240.0,240.0,240.0,1.0,0.0,14.0,1.0,1.0,0.9
1974,2,189.0,-36.0,21.37,21.95,22.53,21.95,2.0,1.2,14.0,0.0,0.4,0.3,20.77,21.35,21.93,21.35,2.0,1.2,14.0,0.0,0.4,0.3,13.36,13.45,13.55,13.45,2.0,0.19,14.0,0.0,0.4,0.3,82.2,85.8,89.4,85.8,2.0,7.5,14.0,0.0,0.3,6.7,6.7,6.7,6.7,1.0,0.0,8.0,0.0,0.5,0.1,-4.31,-4.31,-4.31,-4.31,1.0,0.0,8.0,0.0,0.5,0.1,-5.13,-5.13,-5.13,-5.13,1.0,0.0,8.0,0.0,0.5,0.1,1018.32,1018.8,1019.28,1018.8,2.0,0.99,14.0,0.0,0.4,0.3,4.2,4.5,4.8,4.5,2.0,0.7,14.0,0.0,0.4,0.3,-28.9,-28.9,-28.9,-28.9,1.0,0.0,8.0,0.0,0.5,0.1,-34.4,-34.4,-34.4,-34.4,1.0,0.0,8.0,0.0,0.5,0.1,0.6,0.6,0.6,0.6,2.0,0.0,14.0,0.0,0.4,0.3,4.0,4.0,4.0,4.0,1.0,0.0,8.0,0.0,0.5,0.1,2.22,2.89,3.56,2.89,2.0,1.39,14.0,0.0,0.4,0.3,12.8,12.8,12.8,12.8,1.0,0.0,8.0,0.0,0.5,0.1,-88.3,-88.3,-88.3,-88.3,1.0,0.0,8.0,0.0,0.5,0.1,-105.2,-105.2,-105.2,-105.2,1.0,0.0,8.0,0.0,0.5,0.1,-58.5,-58.5,-58.5,-58.5,1.0,0.0,8.0,0.0,0.5,0.1,-69.8,-69.8,-69.8,-69.8,1.0,0.0,8.0,0.0,0.5,0.1,-8.2,-8.2,-8.2,-8.2,1.0,0.0,8.0,0.0,0.5,0.1,-9.8,-9.8,-9.8,-9.8,1.0,0.0,8.0,0.0,0.5,0.1,301.0,301.0,301.0,301.0,1.0,0.0,8.0,0.0,0.5,0.1,300.0,300.0,300.0,300.0,1.0,0.0,8.0,0.0,0.5,0.1
1974,2,189.0,-35.0,22.0,22.0,22.0,22.0,1.0,0.0,12.0,1.0,0.6,0.8,22.73,23.0,23.27,23.0,2.0,0.57,16.0,0.5,0.6,0.9,14.84,15.19,15.54,15.19,2.0,0.73,16.0,0.5,0.6,0.9,87.0,87.4,87.8,87.4,2.0,0.8,16.0,0.5,0.9,4.6,4.6,4.6,4.6,2.0,0.0,16.0,0.5,0.6,0.9,-4.6,-4.6,-4.6,-4.6,2.0,0.0,16.0,0.5,0.6,0.9,0.0,0.0,0.0,0.0,2.0,0.0,16.0,0.5,0.6,0.9,1017.87,1019.75,1021.63,1019.75,2.0,3.89,16.0,0.5,0.6,0.9,8.0,8.0,8.0,8.0,2.0,0.0,16.0,0.5,0.6,0.9,-21.2,-21.2,-21.2,-21.2,2.0,0.0,16.0,0.5,0.6,0.9,0.0,0.0,0.0,0.0,2.0,0.0,16.0,0.5,0.6,0.9,-0.6,-0.6,-0.6,-0.6,1.0,0.0,12.0,1.0,0.6,0.8,-2.8,-2.8,-2.8,-2.8,1.0,0.0,12.0,1.0,0.6,0.8,1.63,1.63,1.63,1.63,1.0,0.0,12.0,1.0,0.6,0.8,7.5,7.5,7.5,7.5,1.0,0.0,12.0,1.0,0.6,0.8,-107.1,-105.8,-104.5,-105.8,2.0,2.6,16.0,0.5,0.6,0.9,0.0,0.0,0.0,0.0,2.0,0.0,16.0,0.5,0.6,0.9,-71.5,-69.9,-68.3,-69.9,2.0,3.3,16.0,0.5,0.6,0.9,0.0,0.0,0.0,0.0,2.0,0.0,16.0,0.5,0.6,0.9,-7.5,-7.5,-7.5,-7.5,1.0,0.0,12.0,1.0,0.6,0.8,0.0,0.0,0.0,0.0,1.0,0.0,12.0,1.0,0.6,0.8,97.5,97.5,97.5,97.5,2.0,0.0,16.0,0.5,0.6,0.9,95.0,95.0,95.0,95.0,2.0,0.0,16.0,0.5,0.6,0.9
1974,2,189.0,-31.0,24.88,25.05,25.22,25.05,2.0,0.35,24.0,0.5,0.6,0.6,22.47,22.85,23.23,22.85,2.0,0.78,24.0,0.5,0.6,0.6,13.53,13.87,14.2,13.87,2.0,0.7,24.0,0.5,0.6,0.6,80.1,80.1,80.2,80.1,2.0,0.1,24.0,0.5,0.6,8.28,8.45,8.62,8.45,2.0,0.35,24.0,0.5,0.6,0.6,-6.17,-5.94,-5.7,-5.94,2.0,0.49,24.0,0.5,0.6,0.6,5.49,5.97,6.44,5.97,2.0,0.99,24.0,0.5,0.6,0.6,1013.49,1014.1,1014.71,1014.1,2.0,1.27,24.0,0.5,0.6,0.6,3.3,4.0,4.7,4.0,2.0,1.4,24.0,0.5,0.6,0.6,-51.1,-50.1,-49.1,-50.1,2.0,2.0,24.0,0.5,0.6,0.6,45.6,50.6,55.6,50.6,2.0,10.4,24.0,0.5,0.6,0.6,2.0,2.2,2.4,2.2,2.0,0.42,24.0,0.5,0.6,0.6,17.2,18.5,19.9,18.5,2.0,2.8,24.0,0.5,0.6,0.6,5.83,5.95,6.07,5.95,2.0,0.25,24.0,0.5,0.6,0.6,50.2,50.2,50.2,50.2,2.0,0.0,24.0,0.5,0.6,0.6,-138.6,-135.5,-132.3,-135.5,2.0,6.5,24.0,0.5,0.6,0.6,123.6,136.7,149.9,136.7,2.0,27.2,24.0,0.5,0.6,0.6,-83.4,-82.2,-80.9,-82.2,2.0,2.6,24.0,0.5,0.6,0.6,74.5,83.1,91.7,83.1,2.0,17.8,24.0,0.5,0.6,0.6,-37.5,-35.4,-33.3,-35.4,2.0,4.4,24.0,0.5,0.6,0.6,33.3,35.4,37.5,35.4,2.0,4.4,24.0,0.5,0.6,0.6,568.5,605.0,641.5,605.0,2.0,76.0,24.0,0.5,0.6,0.6,570.0,605.0,640.0,605.0,2.0,75.0,24.0,0.5,0.6,0.6
1974,2,189.0,-27.0,27.8,27.8,27.8,27.8,1.0,0.0,18.0,0.0,0.5,1.0,26.0,26.0,26.0,26.0,1.0,0.0,18.0,0.0,0.5,1.0,19.28,19.28,19.28,19.28,1.0,0.0,18.0,0.0,0.5,1.0,92.0,92.0,92.0,92.0,1.0,0.0,18.0,0.0,1.0,10.8,10.8,10.8,10.8,1.0,0.0,18.0,0.0,0.5,1.0,-10.8,-10.8,-10.8,-10.8,1.0,0.0,18.0,0.0,0.5,1.0,0.0,0.0,0.0,0.0,1.0,0.0,18.0,0.0,0.5,1.0,1014.2,1014.2,1014.2,1014.2,1.0,0.0,18.0,0.0,0.5,1.0,1.0,1.0,1.0,1.0,1.0,0.0,18.0,0.0,0.5,1.0,-116.6,-116.6,-116.6,-116.6,1.0,0.0,18.0,0.0,0.5,1.0,0.0,0.0,0.0,0.0,1.0,0.0,18.0,0.0,0.5,1.0,1.8,1.8,1.8,1.8,1.0,0.0,18.0,0.0,0.5,1.0,19.4,19.4,19.4,19.4,1.0,0.0,18.0,0.0,0.5,1.0,4.08,4.08,4.08,4.08,1.0,0.0,18.0,0.0,0.5,1.0,44.0,44.0,44.0,44.0,1.0,0.0,18.0,0.0,0.5,1.0,-280.8,-280.8,-280.8,-280.8,1.0,0.0,18.0,0.0,0.5,1.0,0.0,0.0,0.0,0.0,1.0,0.0,18.0,0.0,0.5,1.0,-208.2,-208.2,-208.2,-208.2,1.0,0.0,18.0,0.0,0.5,1.0,0.0,0.0,0.0,0.0,1.0,0.0,18.0,0.0,0.5,1.0,-44.0,-44.0,-44.0,-44.0,1.0,0.0,18.0,0.0,0.5,1.0,0.0,0.0,0.0,0.0,1.0,0.0,18.0,0.0,0.5,1.0,1259.5,1259.5,1259.5,1259.5,1.0,0.0,18.0,0.0,0.5,1.0,1260.0,1260.0,1260.0,1260.0,1.0,0.0,18.0,0.0,0.5,1.0
1974,2,189.0,-26.0,26.1,26.3,26.5,26.3,2.0,0.42,16.0,0.0,0.4,0.7,25.38,26.2,27.43,26.4,3.0,1.51,12.0,0.3,0.4,0.6,17.12,18.53,18.64,17.89,3.0,1.24,12.0,0.3,0.4,0.6,80.3,83.4,86.0,83.2,3.0,4.1,12.0,0.3,0.6,5.27,6.7,6.7,6.0,3.0,1.21,12.0,0.3,0.4,0.6,-4.87,-4.31,-2.44,-3.67,3.0,1.86,12.0,0.3,0.4,0.6,-1.58,4.31,4.87,1.71,3.0,5.24,12.0,0.3,0.4,0.6,1009.83,1011.2,1012.84,1011.33,3.0,2.2,12.0,0.3,0.4,0.6,3.0,5.0,6.4,4.7,3.0,2.5,12.0,0.3,0.4,0.6,-32.6,-28.9,-14.1,-23.5,3.0,14.3,12.0,0.3,0.4,0.6,-4.4,28.9,32.6,14.5,3.0,29.9,12.0,0.3,0.4,0.6,0.5,0.7,0.9,0.7,2.0,0.42,16.0,0.0,0.4,0.7,2.6,4.3,5.9,4.3,2.0,3.4,16.0,0.0,0.4,0.7,3.48,3.91,4.33,3.91,2.0,0.89,16.0,0.0,0.4,0.7,17.5,22.7,27.9,22.7,2.0,10.8,16.0,0.0,0.4,0.7,-132.3,-107.7,-62.3,-97.5,3.0,52.0,12.0,0.3,0.4,0.6,-39.0,120.6,125.9,45.2,3.0,137.3,12.0,0.3,0.4,0.6,-88.0,-70.9,-42.4,-65.3,3.0,33.7,12.0,0.3,0.4,0.6,-29.1,80.5,83.2,28.3,3.0,93.9,12.0,0.3,0.4,0.6,-17.2,-12.3,-7.4,-12.3,2.0,10.2,16.0,0.0,0.4,0.7,-8.2,4.5,17.3,4.5,2.0,26.5,16.0,0.0,0.4,0.7,162.0,301.0,301.0,233.0,3.0,117.5,12.0,0.3,0.4,0.6,160.0,300.0,300.0,235.0,3.0,115.0,12.0,0.3,0.4,0.6
1974,2,189.0,-25.0,27.08,27.25,27.42,27.25,2.0,0.35,16.0,0.5,1.0,0.2,25.16,25.5,25.84,25.5,2.0,0.71,16.0,0.5,1.0,0.2,16.62,16.98,17.34,16.98,2.0,0.75,16.0,0.5,1.0,0.2,80.2,83.6,87.1,83.6,2.0,7.1,16.0,0.5,0.2,1.9,3.85,5.8,3.85,2.0,4.03,16.0,0.5,1.0,0.2,-4.16,-2.07,0.03,-2.07,2.0,4.34,16.0,0.5,1.0,0.2,0.68,2.15,3.62,2.15,2.0,3.05,16.0,0.5,1.0,0.2,1013.06,1013.4,1013.74,1013.4,2.0,0.71,16.0,0.5,1.0,0.2,3.8,5.5,7.2,5.5,2.0,3.5,16.0,0.5,1.0,0.2,-28.8,-16.7,-4.6,-16.7,2.0,25.0,16.0,0.5,1.0,0.2,4.6,14.4,24.3,14.4,2.0,20.4,16.0,0.5,1.0,0.2,1.58,1.75,1.92,1.75,2.0,0.35,16.0,0.5,1.0,0.2,3.3,6.0,8.8,6.0,2.0,5.7,16.0,0.5,1.0,0.2,5.06,5.64,6.23,5.64,2.0,1.21,16.0,0.5,1.0,0.2,10.9,24.2,37.4,24.2,2.0,27.4,16.0,0.5,1.0,0.2,-108.3,-54.2,-0.1,-54.2,2.0,112.0,16.0,0.5,1.0,0.2,17.8,56.0,94.2,56.0,2.0,79.2,16.0,0.5,1.0,0.2,-68.3,-33.5,1.3,-33.5,2.0,72.1,16.0,0.5,1.0,0.2,11.2,35.4,59.6,35.4,2.0,50.1,16.0,0.5,1.0,0.2,-27.3,-14.3,-1.3,-14.3,2.0,27.0,16.0,0.5,1.0,0.2,4.4,14.0,23.5,14.0,2.0,19.8,16.0,0.5,1.0,0.2,48.5,151.0,253.0,151.0,2.0,212.0,16.0,0.5,1.0,0.2,50.0,150.0,255.0,150.0,2.0,210.0,16.0,0.5,1.0,0.2
1974,2,189.0,-24.0,27.0,27.0,27.0,27.0,1.0,0.0,12.0,1.0,0.1,0.8,26.6,26.6,26.6,26.6,1.0,0.0,12.0,1.0,0.1,0.8,17.04,17.04,17.04,17.04,1.0,0.0,12.0,1.0,0.1,0.8,78.7,78.7,78.7,78.7,1.0,0.0,12.0,1.0,0.8,7.7,7.7,7.7,7.7,1.0,0.0,12.0,1.0,0.1,0.8,-5.9,-5.9,-5.9,-5.9,1.0,0.0,12.0,1.0,0.1,0.8,4.95,4.95,4.95,4.95,1.0,0.0,12.0,1.0,0.1,0.8,1015.5,1015.5,1015.5,1015.5,1.0,0.0,12.0,1.0,0.1,0.8,3.0,3.0,3.0,3.0,1.0,0.0,12.0,1.0,0.1,0.8,-45.4,-45.4,-45.4,-45.4,1.0,0.0,12.0,1.0,0.1,0.8,38.1,38.1,38.1,38.1,1.0,0.0,12.0,1.0,0.1,0.8,0.4,0.4,0.4,0.4,1.0,0.0,12.0,1.0,0.1,0.8,3.1,3.1,3.1,3.1,1.0,0.0,12.0,1.0,0.1,0.8,5.2,5.2,5.2,5.2,1.0,0.0,12.0,1.0,0.1,0.8,40.0,40.0,40.0,40.0,1.0,0.0,12.0,1.0,0.1,0.8,-156.9,-156.9,-156.9,-156.9,1.0,0.0,12.0,1.0,0.1,0.8,131.7,131.7,131.7,131.7,1.0,0.0,12.0,1.0,0.1,0.8,-100.5,-100.5,-100.5,-100.5,1.0,0.0,12.0,1.0,0.1,0.8,84.4,84.4,84.4,84.4,1.0,0.0,12.0,1.0,0.1,0.8,-30.7,-30.7,-30.7,-30.7,1.0,0.0,12.0,1.0,0.1,0.8,25.7,25.7,25.7,25.7,1.0,0.0,12.0,1.0,0.1,0.8,456.5,456.5,456.5,456.5,1.0,0.0,12.0,1.0,0.1,0.8,455.0,455.0,455.0,455.0,1.0,0.0,12.0,1.0,0.1,0.8
1974,2,189.0,-22.0,28.0,28.0,28.0,28.0,1.0,0.0,16.0,1.0,0.3,0.7,29.0,29.0,29.0,29.0,1.0,0.0,16.0,1.0,0.3,0.7,18.99,18.99,18.99,18.99,1.0,0.0,16.0,1.0,0.3,0.7,75.8,75.8,75.8,75.8,1.0,0.0,16.0,1.0,0.7,4.6,4.6,4.6,4.6,1.0,0.0,16.0,1.0,0.3,0.7,-2.96,-2.96,-2.96,-2.96,1.0,0.0,16.0,1.0,0.3,0.7,-3.52,-3.52,-3.52,-3.52,1.0,0.0,16.0,1.0,0.3,0.7,1011.4,1011.4,1011.4,1011.4,1.0,0.0,16.0,1.0,0.3,0.7,7.0,7.0,7.0,7.0,1.0,0.0,16.0,1.0,0.3,0.7,-13.6,-13.6,-13.6,-13.6,1.0,0.0,16.0,1.0,0.3,0.7,-16.2,-16.2,-16.2,-16.2,1.0,0.0,16.0,1.0,0.3,0.7,-1.0,-1.0,-1.0,-1.0,1.0,0.0,16.0,1.0,0.3,0.7,-4.6,-4.6,-4.6,-4.6,1.0,0.0,16.0,1.0,0.3,0.7,4.72,4.72,4.72,4.72,1.0,0.0,16.0,1.0,0.3,0.7,21.7,21.7,21.7,21.7,1.0,0.0,16.0,1.0,0.3,0.7,-85.7,-85.7,-85.7,-85.7,1.0,0.0,16.0,1.0,0.3,0.7,-102.2,-102.2,-102.2,-102.2,1.0,0.0,16.0,1.0,0.3,0.7,-56.1,-56.1,-56.1,-56.1,1.0,0.0,16.0,1.0,0.3,0.7,-66.9,-66.9,-66.9,-66.9,1.0,0.0,16.0,1.0,0.3,0.7,-13.9,-13.9,-13.9,-13.9,1.0,0.0,16.0,1.0,0.3,0.7,-16.6,-16.6,-16.6,-16.6,1.0,0.0,16.0,1.0,0.3,0.7,97.5,97.5,97.5,97.5,1.0,0.0,16.0,1.0,0.3,0.7,95.0,95.0,95.0,95.0,1.0,0.0,16.0,1.0,0.3,0.7
1974,2,189.0,-21.0,27.13,27.4,27.67,27.4,2.0,0.57,24.0,1.0,0.6,0.9,25.48,26.05,26.83,26.15,4.0,1.03,14.0,1.0,0.5,0.7,17.05,17.7,18.67,17.85,4.0,1.26,14.0,1.0,0.5,0.7,80.0,83.7,88.5,84.3,4.0,6.4,14.0,1.0,0.7,5.6,6.7,7.49,6.55,4.0,1.48,14.0,1.0,0.5,0.7,-6.16,-4.87,-3.39,-4.78,4.0,1.98,14.0,1.0,0.5,0.7,-5.25,-2.05,2.26,-1.52,4.0,4.68,14.0,1.0,0.5,0.7,1008.52,1010.75,1012.51,1010.53,4.0,2.35,14.0,1.0,0.5,0.7,7.5,8.0,8.0,7.8,4.0,0.5,14.0,1.0,0.5,0.7,-46.9,-27.8,-18.1,-32.3,4.0,19.0,14.0,1.0,0.5,0.7,-38.1,-16.8,15.1,-11.7,4.0,32.6,14.0,1.0,0.5,0.7,1.04,1.35,1.66,1.35,2.0,0.64,24.0,1.0,0.6,0.9,8.1,9.7,11.3,9.7,2.0,3.3,24.0,1.0,0.6,0.9,3.24,4.28,5.31,4.28,2.0,2.15,24.0,1.0,0.6,0.9,25.2,30.7,36.3,30.7,2.0,11.5,24.0,1.0,0.6,0.9,-164.3,-128.1,-86.0,-125.3,4.0,52.5,14.0,1.0,0.5,0.7,-136.7,-53.5,62.0,-38.1,4.0,124.5,14.0,1.0,0.5,0.7,-115.9,-83.3,-57.3,-86.5,4.0,40.7,14.0,1.0,0.5,0.7,-96.6,-40.1,39.9,-28.9,4.0,84.3,14.0,1.0,0.5,0.7,-18.6,-16.4,-14.3,-16.4,2.0,4.5,24.0,1.0,0.6,0.9,-32.5,-23.9,-15.3,-23.9,2.0,17.8,24.0,1.0,0.6,0.9,194.0,301.0,432.0,312.5,4.0,186.0,14.0,1.0,0.5,0.7,195.0,300.0,430.0,315.0,4.0,185.0,14.0,1.0,0.5,0.7
1974,2,189.0,-19.0,27.16,27.5,27.84,27.5,3.0,0.5,24.0,0.3,0.6,0.6,24.5,26.0,27.16,25.83,3.0,1.96,24.0,0.3,0.6,0.6,16.73,17.56,17.72,17.23,3.0,0.78,24.0,0.3,0.6,0.6,76.9,77.7,89.7,83.2,3.0,10.5,24.0,0.3,0.6,2.26,2.6,5.06,3.63,3.0,2.24,24.0,0.3,0.6,0.6,-1.58,-1.08,-0.95,-1.26,3.0,0.49,24.0,0.3,0.6,0.6,-4.94,-2.44,-1.49,-3.2,3.0,2.61,24.0,0.3,0.6,0.6,1008.75,1009.3,1009.91,1009.33,3.0,0.85,24.0,0.3,0.6,0.6,6.6,8.0,8.0,7.3,3.0,1.2,24.0,0.3,0.6,0.6,-5.8,-3.8,-2.8,-4.3,3.0,2.2,24.0,0.3,0.6,0.6,-27.9,-6.4,-3.5,-15.5,3.0,19.5,24.0,0.3,0.6,0.6,0.68,1.5,2.66,1.67,3.0,1.46,24.0,0.3,0.6,0.6,2.5,3.9,5.8,4.2,3.0,2.4,24.0,0.3,0.6,0.6,5.17,5.96,6.49,5.83,3.0,0.97,24.0,0.3,0.6,0.6,12.4,17.5,30.8,21.5,3.0,13.9,24.0,0.3,0.6,0.6,-39.0,-29.8,-25.2,-32.1,3.0,10.3,24.0,0.3,0.6,0.6,-135.6,-63.5,-37.2,-85.9,3.0,74.6,24.0,0.3,0.6,0.6,-27.9,-19.2,-16.0,-21.9,3.0,9.0,24.0,0.3,0.6,0.6,-86.8,-39.9,-25.3,-55.7,3.0,47.1,24.0,0.3,0.6,0.6,-8.0,-6.4,-6.1,-7.0,3.0,1.5,24.0,0.3,0.6,0.6,-30.1,-16.5,-8.7,-19.3,3.0,15.9,24.0,0.3,0.6,0.6,12.0,17.5,168.5,88.5,3.0,130.0,24.0,0.3,0.6,0.6,10.0,20.0,170.0,90.0,3.0,130.0,24.0,0.3,0.6,0.6
1974,2,189.0,-18.0,,,,,,,,,,,,,,,,,,,,,,,,,,,,,,,,,,,,,,,,2.6,2.6,2.6,2.6,1.0,0.0,24.0,1.0,1.0,1.0,-1.99,-1.99,-1.99,-1.99,1.0,0.0,24.0,1.0,1.0,1.0,-1.67,-1.67,-1.67,-1.67,1.0,0.0,24.0,1.0,1.0,1.0,1014.0,1014.0,1014.0,1014.0,1.0,0.0,24.0,1.0,1.0,1.0,,,,,,,,,,,,,,,,,,,,,,,,,,,,,,,,,,,,,,,,,,,,,,,,,,,,,,,,,,,,,,,,,,,,,,,,,,,,,,,,,,,,,,,,,,,,,,,,,,,,,,,,,,,,,,,,,,,,,,,,,,,,,,,,,,,,,,,,,,,,,,,,,,,,,,
1974,2,189.0,-15.0,27.5,27.5,27.5,27.5,1.0,0.0,4.0,0.0,0.9,0.8,26.2,26.2,26.2,26.2,1.0,0.0,4.0,0.0,0.9,0.8,18.14,18.14,18.14,18.14,1.0,0.0,4.0,0.0,0.9,0.8,85.1,85.1,85.1,85.1,1.0,0.0,4.0,0.0,0.8,3.1,3.1,3.1,3.1,1.0,0.0,4.0,0.0,0.9,0.8,1.99,1.99,1.99,1.99,1.0,0.0,4.0,0.0,0.9,0.8,-2.37,-2.37,-2.37,-2.37,1.0,0.0,4.0,0.0,0.9,0.8,1008.0,1008.0,1008.0,1008.0,1.0,0.0,4.0,0.0,0.9,0.8,8.0,8.0,8.0,8.0,1.0,0.0,4.0,0.0,0.9,0.8,6.2,6.2,6.2,6.2,1.0,0.0,4.0,0.0,0.9,0.8,-7.4,-7.4,-7.4,-7.4,1.0,0.0,4.0,0.0,0.9,0.8,1.3,1.3,1.3,1.3,1.0,0.0,4.0,0.0,0.9,0.8,4.0,4.0,4.0,4.0,1.0,0.0,4.0,0.0,0.9,0.8,4.94,4.94,4.94,4.94,1.0,0.0,4.0,0.0,0.9,0.8,15.3,15.3,15.3,15.3,1.0,0.0,4.0,0.0,0.9,0.8,52.2,52.2,52.2,52.2,1.0,0.0,4.0,0.0,0.9,0.8,-62.2,-62.2,-62.2,-62.2,1.0,0.0,4.0,0.0,0.9,0.8,36.2,36.2,36.2,36.2,1.0,0.0,4.0,0.0,0.9,0.8,-43.1,-43.1,-43.1,-43.1,1.0,0.0,4.0,0.0,0.9,0.8,9.8,9.8,9.8,9.8,1.0,0.0,4.0,0.0,0.9,0.8,-11.7,-11.7,-11.7,-11.7,1.0,0.0,4.0,0.0,0.9,0.8,30.0,30.0,30.0,30.0,1.0,0.0,4.0,0.0,0.9,0.8,30.0,30.0,30.0,30.0,1.0,0.0,4.0,0.0,0.9,0.8
1974,2,189.0,-14.0,28.1,28.1,28.1,28.1,1.0,0.0,10.0,1.0,0.5,0.4,26.5,26.5,26.5,26.5,1.0,0.0,10.0,1.0,0.5,0.4,18.55,18.55,18.55,18.55,1.0,0.0,10.0,1.0,0.5,0.4,85.6,85.6,85.6,85.6,1.0,0.0,10.0,1.0,0.4,2.84,3.35,3.86,3.35,2.0,1.06,6.0,0.5,0.5,0.5,-3.04,-0.89,1.25,-0.89,2.0,4.45,6.0,0.5,0.5,0.5,-0.98,-0.29,0.39,-0.29,2.0,1.42,6.0,0.5,0.5,0.5,1010.4,1010.4,1010.4,1010.4,1.0,0.0,10.0,1.0,0.5,0.4,7.0,7.0,7.0,7.0,2.0,0.0,6.0,0.5,0.5,0.5,-13.0,-5.4,2.3,-5.4,2.0,15.8,6.0,0.5,0.5,0.5,-2.4,-0.2,1.9,-0.2,2.0,4.5,6.0,0.5,0.5,0.5,1.6,1.6,1.6,1.6,1.0,0.0,10.0,1.0,0.5,0.4,6.6,6.6,6.6,6.6,1.0,0.0,10.0,1.0,0.5,0.4,5.32,5.32,5.32,5.32,1.0,0.0,10.0,1.0,0.5,0.4,21.8,21.8,21.8,21.8,1.0,0.0,10.0,1.0,0.5,0.4,-107.0,-107.0,-107.0,-107.0,1.0,0.0,10.0,1.0,0.5,0.4,18.9,18.9,18.9,18.9,1.0,0.0,10.0,1.0,0.5,0.4,-74.9,-74.9,-74.9,-74.9,1.0,0.0,10.0,1.0,0.5,0.4,13.2,13.2,13.2,13.2,1.0,0.0,10.0,1.0,0.5,0.4,-21.5,-21.5,-21.5,-21.5,1.0,0.0,10.0,1.0,0.5,0.4,3.8,3.8,3.8,3.8,1.0,0.0,10.0,1.0,0.5,0.4,25.5,43.0,61.0,43.0,2.0,36.5,6.0,0.5,0.5,0.5,25.0,45.0,60.0,45.0,2.0,35.0,6.0,0.5,0.5,0.5
1974,2,189.0,-13.0,29.0,29.0,29.0,29.0,1.0,0.0,10.0,0.0,0.9,0.9,26.0,26.0,26.0,26.0,1.0,0.0,10.0,0.0,0.9,0.9,17.07,17.07,17.07,17.07,1.0,0.0,10.0,0.0,0.9,0.9,81.1,81.1,81.1,81.1,1.0,0.0,10.0,0.0,0.9,2.6,2.6,2.6,2.6,1.0,0.0,10.0,0.0,0.9,0.9,0.0,0.0,0.0,0.0,1.0,0.0,10.0,0.0,0.9,0.9,-2.6,-2.6,-2.6,-2.6,1.0,0.0,10.0,0.0,0.9,0.9,1008.0,1008.0,1008.0,1008.0,1.0,0.0,10.0,0.0,0.9,0.9,4.0,4.0,4.0,4.0,1.0,0.0,10.0,0.0,0.9,0.9,0.0,0.0,0.0,0.0,1.0,0.0,10.0,0.0,0.9,0.9,-6.8,-6.8,-6.8,-6.8,1.0,0.0,10.0,0.0,0.9,0.9,3.0,3.0,3.0,3.0,1.0,0.0,10.0,0.0,0.9,0.9,7.8,7.8,7.8,7.8,1.0,0.0,10.0,0.0,0.9,0.9,8.16,8.16,8.16,8.16,1.0,0.0,10.0,0.0,0.9,0.9,21.2,21.2,21.2,21.2,1.0,0.0,10.0,0.0,0.9,0.9,0.0,0.0,0.0,0.0,1.0,0.0,10.0,0.0,0.9,0.9,-67.6,-67.6,-67.6,-67.6,1.0,0.0,10.0,0.0,0.9,0.9,0.0,0.0,0.0,0.0,1.0,0.0,10.0,0.0,0.9,0.9,-44.4,-44.4,-44.4,-44.4,1.0,0.0,10.0,0.0,0.9,0.9,0.0,0.0,0.0,0.0,1.0,0.0,10.0,0.0,0.9,0.9,-21.2,-21.2,-21.2,-21.2,1.0,0.0,10.0,0.0,0.9,0.9,17.5,17.5,17.5,17.5,1.0,0.0,10.0,0.0,0.9,0.9,20.0,20.0,20.0,20.0,1.0,0.0,10.0,0.0,0.9,0.9
1974,2,189.0,-10.0,28.3,28.3,28.3,28.3,1.0,0.0,20.0,0.0,0.4,0.3,28.2,28.2,28.2,28.2,1.0,0.0,20.0,0.0,0.4,0.3,17.62,17.62,17.62,17.62,1.0,0.0,20.0,0.0,0.4,0.3,73.4,73.4,73.4,73.4,1.0,0.0,20.0,0.0,0.3,7.2,7.2,7.2,7.2,1.0,0.0,20.0,0.0,0.4,0.3,-4.63,-4.63,-4.63,-4.63,1.0,0.0,20.0,0.0,0.4,0.3,-5.52,-5.52,-5.52,-5.52,1.0,0.0,20.0,0.0,0.4,0.3,1006.8,1006.8,1006.8,1006.8,1.0,0.0,20.0,0.0,0.4,0.3,1.0,1.0,1.0,1.0,1.0,0.0,20.0,0.0,0.4,0.3,-33.3,-33.3,-33.3,-33.3,1.0,0.0,20.0,0.0,0.4,0.3,-39.7,-39.7,-39.7,-39.7,1.0,0.0,20.0,0.0,0.4,0.3,0.1,0.1,0.1,0.1,1.0,0.0,20.0,0.0,0.4,0.3,0.7,0.7,0.7,0.7,1.0,0.0,20.0,0.0,0.4,0.3,6.62,6.62,6.62,6.62,1.0,0.0,20.0,0.0,0.4,0.3,47.7,47.7,47.7,47.7,1.0,0.0,20.0,0.0,0.4,0.3,-130.5,-130.5,-130.5,-130.5,1.0,0.0,20.0,0.0,0.4,0.3,-155.5,-155.5,-155.5,-155.5,1.0,0.0,20.0,0.0,0.4,0.3,-81.5,-81.5,-81.5,-81.5,1.0,0.0,20.0,0.0,0.4,0.3,-97.2,-97.2,-97.2,-97.2,1.0,0.0,20.0,0.0,0.4,0.3,-30.6,-30.6,-30.6,-30.6,1.0,0.0,20.0,0.0,0.4,0.3,-36.5,-36.5,-36.5,-36.5,1.0,0.0,20.0,0.0,0.4,0.3,373.0,373.0,373.0,373.0,1.0,0.0,20.0,0.0,0.4,0.3,375.0,375.0,375.0,375.0,1.0,0.0,20.0,0.0,0.4,0.3
1974,2,189.0,-5.0,27.8,27.8,28.14,27.97,3.0,0.29,18.0,0.3,0.2,0.5,27.47,28.05,28.63,28.05,2.0,1.2,18.0,0.5,0.2,0.5,17.6,17.7,17.81,17.7,2.0,0.22,18.0,0.5,0.2,0.5,71.9,74.9,77.9,74.9,2.0,6.2,18.0,0.5,0.5,5.93,7.7,9.47,7.7,2.0,3.68,18.0,0.5,0.2,0.5,-8.95,-7.39,-5.83,-7.39,2.0,3.24,18.0,0.5,0.2,0.5,0.56,1.76,2.96,1.76,2.0,2.49,18.0,0.5,0.2,0.5,1011.0,1011.2,1011.4,1011.2,2.0,0.42,18.0,0.5,0.2,0.5,1.6,3.0,4.4,3.0,2.0,2.8,18.0,0.5,0.2,0.5,-88.0,-62.9,-37.7,-62.9,2.0,52.1,18.0,0.5,0.2,0.5,5.8,18.1,30.5,18.1,2.0,25.7,18.0,0.5,0.2,0.5,-0.75,0.0,0.75,0.0,2.0,1.56,18.0,0.5,0.2,0.5,-8.6,-2.9,2.9,-2.9,2.0,12.0,18.0,0.5,0.2,0.5,5.95,6.07,6.2,6.07,2.0,0.27,18.0,0.5,0.2,0.5,36.5,46.3,56.1,46.3,2.0,20.3,18.0,0.5,0.2,0.5,-257.3,-209.2,-161.1,-209.2,2.0,99.7,18.0,0.5,0.2,0.5,16.2,50.9,85.7,50.9,2.0,72.0,18.0,0.5,0.2,0.5,-157.3,-130.5,-103.6,-130.5,2.0,55.7,18.0,0.5,0.2,0.5,9.8,30.9,52.0,30.9,2.0,43.7,18.0,0.5,0.2,0.5,-53.0,-44.5,-35.9,-44.5,2.0,17.7,18.0,0.5,0.2,0.5,3.3,10.4,17.4,10.4,2.0,14.7,18.0,0.5,0.2,0.5,285.0,612.5,940.5,612.5,2.0,679.0,18.0,0.5,0.2,0.5,285.0,615.0,940.0,615.0,2.0,680.0,18.0,0.5,0.2,0.5
1974,2,189.0,-4.0,26.68,27.6,28.0,27.35,4.0,0.85,16.0,0.5,0.6,0.5,25.7,28.5,28.77,27.27,3.0,2.49,16.0,0.7,0.6,0.6,15.21,16.53,18.46,16.83,3.0,2.4,16.0,0.7,0.6,0.6,70.6,76.5,77.3,74.0,3.0,5.3,16.0,0.7,0.6,7.7,7.7,8.79,8.23,3.0,0.92,16.0,0.7,0.6,0.6,-8.41,-7.7,-7.38,-7.89,3.0,0.77,16.0,0.7,0.6,0.6,-3.01,-2.63,-0.84,-1.94,3.0,1.7,16.0,0.7,0.6,0.6,1009.23,1009.3,1009.64,1009.43,3.0,0.32,16.0,0.7,0.6,0.6,1.3,2.0,2.7,2.0,3.0,1.0,16.0,0.7,0.6,0.6,-74.3,-59.3,-56.8,-65.4,3.0,13.8,16.0,0.7,0.6,0.6,-26.6,-20.3,-6.4,-16.6,3.0,15.1,16.0,0.7,0.6,0.6,-1.32,-0.5,1.07,-0.13,3.0,1.78,16.0,0.7,0.6,0.6,-10.4,-4.6,8.0,-1.3,3.0,13.8,16.0,0.7,0.6,0.6,4.37,6.74,7.07,5.75,3.0,2.15,16.0,0.7,0.6,0.6,33.7,51.9,62.3,48.1,3.0,21.2,16.0,0.7,0.6,0.6,-240.6,-222.5,-191.1,-216.0,3.0,36.7,16.0,0.7,0.6,0.6,-82.3,-64.3,-20.4,-51.6,3.0,46.6,16.0,0.7,0.6,0.6,-147.6,-144.4,-117.9,-133.1,3.0,23.9,16.0,0.7,0.6,0.6,-48.1,-38.4,-12.2,-30.3,3.0,27.2,16.0,0.7,0.6,0.6,-58.6,-48.8,-32.7,-45.7,3.0,19.1,16.0,0.7,0.6,0.6,-21.3,-17.7,-5.6,-13.6,3.0,12.0,16.0,0.7,0.6,0.6,456.5,456.5,694.0,572.5,3.0,201.0,16.0,0.7,0.6,0.6,455.0,455.0,695.0,570.0,3.0,200.0,16.0,0.7,0.6,0.6
1974,2,189.0,0.0,25.32,26.0,27.37,26.33,3.0,1.53,22.0,0.3,0.5,0.3,24.73,24.8,24.94,24.83,3.0,0.15,22.0,0.3,0.5,0.3,16.75,17.08,17.41,17.08,2.0,0.68,22.0,0.5,0.5,0.4,84.5,86.9,89.2,86.9,2.0,4.8,22.0,0.5,0.4,6.24,8.7,11.64,8.93,3.0,3.96,22.0,0.3,0.5,0.3,-11.1,-8.7,-5.0,-8.06,3.0,4.5,22.0,0.3,0.5,0.3,1.24,3.91,4.28,2.78,3.0,2.43,22.0,0.3,0.5,0.3,1004.39,1005.0,1008.34,1006.33,3.0,3.12,22.0,0.3,0.5,0.3,2.3,3.0,3.0,2.7,3.0,0.6,22.0,0.3,0.5,0.3,-132.4,-75.7,-35.4,-83.7,3.0,71.4,22.0,0.3,0.5,0.3,6.3,19.9,45.8,25.9,3.0,29.4,22.0,0.3,0.5,0.3,0.52,1.0,2.5,1.5,3.0,1.51,22.0,0.3,0.5,0.3,5.2,13.0,23.1,14.1,3.0,13.2,22.0,0.3,0.5,0.3,2.64,3.42,4.21,3.42,2.0,1.63,22.0,0.5,0.5,0.4,19.2,35.5,51.9,35.5,2.0,33.8,22.0,0.5,0.5,0.4,-276.9,-215.8,-123.8,-200.7,3.0,113.0,22.0,0.3,0.5,0.3,30.6,96.5,106.5,69.2,3.0,60.4,22.0,0.3,0.5,0.3,-179.7,-130.2,-80.6,-130.2,2.0,102.7,22.0,0.5,0.5,0.4,69.4,71.2,73.0,71.2,2.0,3.7,22.0,0.5,0.5,0.4,-48.2,-31.7,-15.1,-31.7,2.0,34.2,22.0,0.5,0.5,0.4,10.7,14.6,18.5,14.6,2.0,8.1,22.0,0.5,0.5,0.4,299.5,658.5,1708.5,996.0,3.0,1073.0,22.0,0.3,0.5,0.3,300.0,660.0,1710.0,995.0,3.0,1075.0,22.0,0.3,0.5,0.3
1974,2,189.0,4.0,27.8,27.8,27.8,27.8,1.0,0.0,2.0,0.0,0.1,0.4,25.6,25.6,25.6,25.6,1.0,0.0,2.0,0.0,0.1,0.4,16.33,16.33,16.33,16.33,1.0,0.0,2.0,0.0,0.1,0.4,79.5,79.5,79.5,79.5,1.0,0.0,2.0,0.0,0.4,9.3,9.3,9.3,9.3,1.0,0.0,2.0,0.0,0.1,0.4,-8.05,-8.05,-8.05,-8.05,1.0,0.0,2.0,0.0,0.1,0.4,4.65,4.65,4.65,4.65,1.0,0.0,2.0,0.0,0.1,0.4,1009.0,1009.0,1009.0,1009.0,1.0,0.0,2.0,0.0,0.1,0.4,2.0,2.0,2.0,2.0,1.0,0.0,2.0,0.0,0.1,0.4,-74.9,-74.9,-74.9,-74.9,1.0,0.0,2.0,0.0,0.1,0.4,43.2,43.2,43.2,43.2,1.0,0.0,2.0,0.0,0.1,0.4,2.2,2.2,2.2,2.2,1.0,0.0,2.0,0.0,0.1,0.4,20.5,20.5,20.5,20.5,1.0,0.0,2.0,0.0,0.1,0.4,7.15,7.15,7.15,7.15,1.0,0.0,2.0,0.0,0.1,0.4,66.5,66.5,66.5,66.5,1.0,0.0,2.0,0.0,0.1,0.4,-206.2,-206.2,-206.2,-206.2,1.0,0.0,2.0,0.0,0.1,0.4,119.0,119.0,119.0,119.0,1.0,0.0,2.0,0.0,0.1,0.4,-131.5,-131.5,-131.5,-131.5,1.0,0.0,2.0,0.0,0.1,0.4,75.9,75.9,75.9,75.9,1.0,0.0,2.0,0.0,0.1,0.4,-57.6,-57.6,-57.6,-57.6,1.0,0.0,2.0,0.0,0.1,0.4,33.2,33.2,33.2,33.2,1.0,0.0,2.0,0.0,0.1,0.4,804.5,804.5,804.5,804.5,1.0,0.0,2.0,0.0,0.1,0.4,805.0,805.0,805.0,805.0,1.0,0.0,2.0,0.0,0.1,0.4
1974,2,189.0,5.0,28.3,28.3,28.3,28.3,1.0,0.0,2.0,1.0,0.5,0.9,26.7,26.7,26.7,26.7,1.0,0.0,2.0,1.0,0.5,0.9,16.55,16.55,16.55,16.55,1.0,0.0,2.0,1.0,0.5,0.9,75.4,75.4,75.4,75.4,1.0,0.0,2.0,1.0,0.9,9.3,9.3,9.3,9.3,1.0,0.0,2.0,1.0,0.5,0.9,-9.3,-9.3,-9.3,-9.3,1.0,0.0,2.0,1.0,0.5,0.9,0.0,0.0,0.0,0.0,1.0,0.0,2.0,1.0,0.5,0.9,1007.7,1007.7,1007.7,1007.7,1.0,0.0,2.0,1.0,0.5,0.9,6.0,6.0,6.0,6.0,1.0,0.0,2.0,1.0,0.5,0.9,-86.5,-86.5,-86.5,-86.5,1.0,0.0,2.0,1.0,0.5,0.9,0.0,0.0,0.0,0.0,1.0,0.0,2.0,1.0,0.5,0.9,1.6,1.6,1.6,1.6,1.0,0.0,2.0,1.0,0.5,0.9,14.9,14.9,14.9,14.9,1.0,0.0,2.0,1.0,0.5,0.9,7.66,7.66,7.66,7.66,1.0,0.0,2.0,1.0,0.5,0.9,71.3,71.3,71.3,71.3,1.0,0.0,2.0,1.0,0.5,0.9,-248.3,-248.3,-248.3,-248.3,1.0,0.0,2.0,1.0,0.5,0.9,0.0,0.0,0.0,0.0,1.0,0.0,2.0,1.0,0.5,0.9,-153.9,-153.9,-153.9,-153.9,1.0,0.0,2.0,1.0,0.5,0.9,0.0,0.0,0.0,0.0,1.0,0.0,2.0,1.0,0.5,0.9,-71.3,-71.3,-71.3,-71.3,1.0,0.0,2.0,1.0,0.5,0.9,0.0,0.0,0.0,0.0,1.0,0.0,2.0,1.0,0.5,0.9,804.5,804.5,804.5,804.5,1.0,0.0,2.0,1.0,0.5,0.9,805.0,805.0,805.0,805.0,1.0,0.0,2.0,1.0,0.5,0.9
1974,2,189.0,6.0,29.0,29.0,29.0,29.0,1.0,0.0,28.0,0.0,0.5,0.7,26.4,26.4,26.4,26.4,1.0,0.0,28.0,0.0,0.5,0.7,18.69,18.69,18.69,18.69,1.0,0.0,28.0,0.0,0.5,0.7,86.7,86.7,86.7,86.7,1.0,0.0,28.0,0.0,0.7,5.7,5.7,5.7,5.7,1.0,0.0,28.0,0.0,0.5,0.7,-5.36,-5.36,-5.36,-5.36,1.0,0.0,28.0,0.0,0.5,0.7,1.95,1.95,1.95,1.95,1.0,0.0,28.0,0.0,0.5,0.7,1008.9,1008.9,1008.9,1008.9,1.0,0.0,28.0,0.0,0.5,0.7,6.0,6.0,6.0,6.0,1.0,0.0,28.0,0.0,0.5,0.7,-30.5,-30.5,-30.5,-30.5,1.0,0.0,28.0,0.0,0.5,0.7,11.1,11.1,11.1,11.1,1.0,0.0,28.0,0.0,0.5,0.7,2.6,2.6,2.6,2.6,1.0,0.0,28.0,0.0,0.5,0.7,14.8,14.8,14.8,14.8,1.0,0.0,28.0,0.0,0.5,0.7,6.52,6.52,6.52,6.52,1.0,0.0,28.0,0.0,0.5,0.7,37.1,37.1,37.1,37.1,1.0,0.0,28.0,0.0,0.5,0.7,-141.4,-141.4,-141.4,-141.4,1.0,0.0,28.0,0.0,0.5,0.7,51.5,51.5,51.5,51.5,1.0,0.0,28.0,0.0,0.5,0.7,-100.1,-100.1,-100.1,-100.1,1.0,0.0,28.0,0.0,0.5,0.7,36.4,36.4,36.4,36.4,1.0,0.0,28.0,0.0,0.5,0.7,-34.9,-34.9,-34.9,-34.9,1.0,0.0,28.0,0.0,0.5,0.7,12.7,12.7,12.7,12.7,1.0,0.0,28.0,0.0,0.5,0.7,185.0,185.0,185.0,185.0,1.0,0.0,28.0,0.0,0.5,0.7,185.0,185.0,185.0,185.0,1.0,0.0,28.0,0.0,0.5,0.7
1974,2,189.0,12.0,26.03,26.1,26.17,26.1,2.0,0.14,14.0,0.5,0.7,0.5,24.58,24.75,24.92,24.75,2.0,0.35,14.0,0.5,0.7,0.5,16.14,16.46,16.78,16.46,2.0,0.66,14.0,0.5,0.7,0.5,82.1,84.5,87.0,84.5,2.0,5.1,14.0,0.5,0.5,6.86,7.2,7.54,7.2,2.0,0.71,14.0,0.5,0.7,0.5,-7.53,-7.15,-6.77,-7.15,2.0,0.78,14.0,0.5,0.7,0.5,-0.98,-0.58,-0.18,-0.58,2.0,0.82,14.0,0.5,0.7,0.5,1010.21,1010.65,1011.09,1010.65,2.0,0.92,14.0,0.5,0.7,0.5,2.3,3.0,3.7,3.0,2.0,1.4,14.0,0.5,0.7,0.5,-56.9,-51.7,-46.6,-51.7,2.0,10.7,14.0,0.5,0.7,0.5,-6.6,-3.9,-1.2,-3.9,2.0,5.5,14.0,0.5,0.7,0.5,1.25,1.35,1.45,1.35,2.0,0.21,14.0,0.5,0.7,0.5,8.6,9.8,11.0,9.8,2.0,2.5,14.0,0.5,0.7,0.5,4.32,4.72,5.12,4.72,2.0,0.82,14.0,0.5,0.7,0.5,32.4,33.7,34.9,33.7,2.0,2.6,14.0,0.5,0.7,0.5,-184.9,-176.8,-168.7,-176.8,2.0,16.8,14.0,0.5,0.7,0.5,-24.5,-14.5,-4.6,-14.5,2.0,20.6,14.0,0.5,0.7,0.5,-126.4,-117.9,-109.5,-117.9,2.0,17.6,14.0,0.5,0.7,0.5,-15.7,-9.3,-3.0,-9.3,2.0,13.2,14.0,0.5,0.7,0.5,-34.5,-33.4,-32.4,-33.4,2.0,2.2,14.0,0.5,0.7,0.5,-5.2,-3.1,-1.0,-3.1,2.0,4.4,14.0,0.5,0.7,0.5,325.5,378.5,432.0,378.5,2.0,110.0,14.0,0.5,0.7,0.5,325.0,380.0,430.0,380.0,2.0,110.0,14.0,0.5,0.7,0.5
1974,2,189.0,14.0,,,,,,,,,,,,,,,,,,,,,,,,,,,,,,,,,,,,,,,,3.1,3.1,3.1,3.1,1.0,0.0,2.0,1.0,1.0,0.5,-2.91,-2.91,-2.91,-2.91,1.0,0.0,2.0,1.0,1.0,0.5,-1.06,-1.06,-1.06,-1.06,1.0,0.0,2.0,1.0,1.0,0.5,1013.4,1013.4,1013.4,1013.4,1.0,0.0,2.0,1.0,1.0,0.5,,,,,,,,,,,,,,,,,,,,,,,,,,,,,,,,,,,,,,,,,,,,,,,,,,,,,,,,,,,,,,,,,,,,,,,,,,,,,,,,,,,,,,,,,,,,,,,,,,,,,,,,,,,,,,,,,,,,,,,,,,,,,,,,,,,,,,,,,,,,,,,,,,,,,,
1974,2,189.0,16.0,23.98,24.15,24.32,24.15,2.0,0.35,18.0,1.0,0.5,0.6,28.9,28.9,28.9,28.9,1.0,0.0,18.0,1.0,0.4,0.8,18.22,18.22,18.22,18.22,1.0,0.0,18.0,1.0,0.4,0.8,73.5,73.5,73.5,73.5,1.0,0.0,18.0,1.0,0.8,8.8,9.0,9.2,9.0,2.0,0.42,18.0,1.0,0.5,0.6,-9.09,-8.93,-8.77,-8.93,2.0,0.32,18.0,1.0,0.5,0.6,0.26,0.81,1.36,0.81,2.0,1.14,18.0,1.0,0.5,0.6,1015.82,1015.85,1015.88,1015.85,2.0,0.07,18.0,1.0,0.5,0.6,3.0,3.0,3.0,3.0,2.0,0.0,18.0,1.0,0.5,0.6,-83.7,-80.4,-77.2,-80.4,2.0,6.7,18.0,1.0,0.5,0.6,2.4,7.5,12.6,7.5,2.0,10.6,18.0,1.0,0.5,0.6,-5.0,-5.0,-5.0,-5.0,1.0,0.0,18.0,1.0,0.4,0.8,-43.5,-43.5,-43.5,-43.5,1.0,0.0,18.0,1.0,0.4,0.8,0.22,0.22,0.22,0.22,1.0,0.0,18.0,1.0,0.4,0.8,1.9,1.9,1.9,1.9,1.0,0.0,18.0,1.0,0.4,0.8,-251.4,-251.4,-251.4,-251.4,1.0,0.0,18.0,1.0,0.4,0.8,0.0,0.0,0.0,0.0,1.0,0.0,18.0,1.0,0.4,0.8,-158.6,-158.6,-158.6,-158.6,1.0,0.0,18.0,1.0,0.4,0.8,0.0,0.0,0.0,0.0,1.0,0.0,18.0,1.0,0.4,0.8,-1.9,-1.9,-1.9,-1.9,1.0,0.0,18.0,1.0,0.4,0.8,0.0,0.0,0.0,0.0,1.0,0.0,18.0,1.0,0.4,0.8,681.5,731.5,781.0,731.5,2.0,103.0,18.0,1.0,0.5,0.6,680.0,730.0,780.0,730.0,2.0,105.0,18.0,1.0,0.5,0.6
1974,2,189.0,17.0,23.96,24.3,24.64,24.3,2.0,0.71,8.0,0.5,0.4,0.5,24.91,26.0,26.14,25.53,3.0,0.99,10.0,0.7,0.5,0.4,15.08,15.09,15.09,15.09,2.0,0.01,8.0,0.5,0.4,0.5,72.6,75.3,78.1,75.3,2.0,5.7,8.0,0.5,0.5,5.29,5.7,7.41,6.33,3.0,1.64,10.0,0.7,0.5,0.4,-7.38,-5.61,-5.21,-6.28,3.0,1.69,10.0,0.7,0.5,0.4,-0.68,0.0,0.6,-0.03,3.0,0.94,10.0,0.7,0.5,0.4,1013.6,1013.8,1014.0,1013.8,2.0,0.42,8.0,0.5,0.4,0.5,3.0,3.0,5.0,4.0,3.0,1.7,10.0,0.7,0.5,0.4,-56.1,-32.0,-27.6,-41.6,3.0,22.4,10.0,0.7,0.5,0.4,-3.9,0.0,3.1,-0.4,3.0,5.1,10.0,0.7,0.5,0.4,-1.27,-1.0,-0.73,-1.0,2.0,0.57,8.0,0.5,0.4,0.5,-6.8,-6.0,-5.3,-6.0,2.0,1.6,8.0,0.5,0.4,0.5,3.47,3.86,4.25,3.86,2.0,0.81,8.0,0.5,0.4,0.5,23.3,24.8,26.3,24.8,2.0,3.0,8.0,0.5,0.4,0.5,-182.9,-145.9,-136.1,-159.2,3.0,36.1,10.0,0.7,0.5,0.4,-17.6,0.0,15.8,-0.8,3.0,24.5,10.0,0.7,0.5,0.4,-116.1,-99.7,-83.4,-99.7,2.0,33.9,8.0,0.5,0.4,0.5,2.1,6.7,11.2,6.7,2.0,9.5,8.0,0.5,0.4,0.5,-26.2,-24.6,-23.0,-24.6,2.0,3.3,8.0,0.5,0.4,0.5,0.6,2.0,3.3,2.0,2.0,2.8,8.0,0.5,0.4,0.5,149.5,185.0,435.0,289.5,3.0,228.0,10.0,0.7,0.5,0.4,150.0,185.0,435.0,290.0,3.0,230.0,10.0,0.7,0.5,0.4
1974,2,189.0,18.0,26.02,26.05,26.08,26.05,2.0,0.07,14.0,0.0,0.4,0.3,23.98,25.0,25.75,24.87,3.0,1.31,16.0,0.3,0.5,0.4,15.07,16.41,17.76,16.41,2.0,2.79,14.0,0.0,0.4,0.3,81.3,83.7,86.1,83.7,2.0,4.9,14.0,0.0,0.3,4.1,4.1,4.78,4.43,3.0,0.58,16.0,0.3,0.5,0.4,-4.49,-3.85,-3.37,-3.93,3.0,0.83,16.0,0.3,0.5,0.4,-0.4,1.74,2.35,0.99,3.0,2.12,16.0,0.3,0.5,0.4,1013.07,1013.45,1013.83,1013.45,2.0,0.78,14.0,0.0,0.4,0.3,2.0,2.0,3.4,2.7,3.0,1.2,16.0,0.3,0.5,0.4,-21.7,-15.8,-13.8,-17.7,3.0,6.0,16.0,0.3,0.5,0.4,-1.1,8.9,10.2,4.7,3.0,9.1,16.0,0.3,0.5,0.4,0.4,1.25,2.1,1.25,2.0,1.77,14.0,0.0,0.4,0.3,2.0,6.4,10.7,6.4,2.0,9.0,14.0,0.0,0.4,0.3,3.35,4.64,5.94,4.64,2.0,2.69,14.0,0.0,0.4,0.3,14.8,22.3,29.9,22.3,2.0,15.6,14.0,0.0,0.4,0.3,-107.4,-96.3,-86.5,-97.0,3.0,15.3,16.0,0.3,0.5,0.4,-10.9,41.0,60.0,24.9,3.0,53.8,16.0,0.3,0.5,0.4,-67.4,-63.5,-59.6,-63.5,2.0,8.1,14.0,0.0,0.4,0.3,28.9,36.8,44.8,36.8,2.0,16.5,14.0,0.0,0.4,0.3,-27.8,-20.0,-12.2,-20.0,2.0,16.1,14.0,0.0,0.4,0.3,7.9,9.3,10.8,9.3,2.0,3.0,14.0,0.0,0.4,0.3,69.0,69.0,112.5,90.0,3.0,37.0,16.0,0.3,0.5,0.4,70.0,70.0,110.0,90.0,3.0,35.0,16.0,0.3,0.5,0.4
1974,2,189.0,19.0,24.99,25.4,26.51,25.59,7.0,0.73,18.0,0.7,0.4,0.5,24.26,24.8,25.55,24.59,7.0,1.56,18.0,0.7,0.4,0.5,15.21,16.46,16.98,16.34,7.0,1.35,18.0,0.7,0.4,0.5,80.7,85.7,87.0,84.9,7.0,6.3,18.0,0.7,0.5,3.6,5.1,6.2,4.86,7.0,1.23,18.0,0.7,0.4,0.5,-5.41,-3.6,-3.38,-3.89,7.0,2.0,18.0,0.7,0.4,0.5,-2.96,0.0,0.74,-0.6,7.0,2.63,18.0,0.7,0.4,0.5,1012.67,1014.0,1014.8,1013.7,7.0,1.04,18.0,0.7,0.4,0.5,2.0,3.0,6.1,3.9,7.0,2.3,18.0,0.7,0.4,0.5,-33.5,-13.0,-12.2,-19.8,7.0,13.7,18.0,0.7,0.4,0.5,-16.7,0.0,3.1,-3.0,7.0,14.5,18.0,0.7,0.4,0.5,0.3,0.9,2.35,1.0,7.0,1.54,18.0,0.7,0.4,0.5,1.9,5.6,8.7,5.1,7.0,6.9,18.0,0.7,0.4,0.5,3.4,3.79,5.28,4.15,7.0,1.95,18.0,0.7,0.4,0.5,12.2,21.6,27.7,20.2,7.0,9.3,18.0,0.7,0.4,0.5,-137.6,-94.3,-83.6,-97.5,7.0,49.7,18.0,0.7,0.4,0.5,-72.5,0.0,19.6,-12.1,7.0,61.3,18.0,0.7,0.4,0.5,-88.9,-65.9,-48.9,-64.2,7.0,33.2,18.0,0.7,0.4,0.5,-48.4,0.0,13.5,-8.9,7.0,41.7,18.0,0.7,0.4,0.5,-27.5,-17.5,-3.9,-16.1,7.0,11.1,18.0,0.7,0.4,0.5,-10.7,0.0,1.5,-2.1,7.0,11.5,18.0,0.7,0.4,0.5,46.5,132.5,238.5,133.5,7.0,89.0,18.0,0.7,0.4,0.5,45.0,135.0,240.0,135.0,7.0,90.0,18.0,0.7,0.4,0.5
1974,2,189.0,20.0,25.9,26.75,27.6,26.75,2.0,1.77,20.0,0.0,0.9,0.6,23.9,24.55,25.2,24.55,2.0,1.34,20.0,0.0,0.9,0.6,15.49,15.59,15.69,15.59,2.0,0.21,20.0,0.0,0.9,0.6,78.8,81.5,84.1,81.5,2.0,5.5,20.0,0.0,0.6,8.7,8.7,8.7,8.7,2.0,0.0,14.0,0.5,0.6,0.7,-5.85,0.0,5.85,0.0,2.0,12.12,14.0,0.5,0.6,0.7,-1.03,0.0,1.03,0.0,2.0,2.14,14.0,0.5,0.6,0.7,1015.0,1015.0,1015.14,1015.07,3.0,0.12,18.0,0.3,0.7,0.7,6.0,6.0,6.7,6.3,3.0,0.6,18.0,0.3,0.7,0.7,-50.9,0.0,50.9,0.0,2.0,105.4,14.0,0.5,0.6,0.7,-9.0,0.0,9.0,0.0,2.0,18.6,14.0,0.5,0.6,0.7,2.0,2.2,2.4,2.2,2.0,0.42,20.0,0.0,0.9,0.6,21.8,21.8,21.8,21.8,1.0,0.0,12.0,0.0,1.0,0.7,5.37,6.39,7.4,6.39,2.0,2.11,20.0,0.0,0.9,0.6,68.5,68.5,68.5,68.5,1.0,0.0,12.0,0.0,1.0,0.7,-218.5,-218.5,-218.5,-218.5,1.0,0.0,12.0,0.0,1.0,0.7,-38.5,-38.5,-38.5,-38.5,1.0,0.0,12.0,0.0,1.0,0.7,-134.8,-134.8,-134.8,-134.8,1.0,0.0,12.0,0.0,1.0,0.7,-23.8,-23.8,-23.8,-23.8,1.0,0.0,12.0,0.0,1.0,0.7,-67.5,-67.5,-67.5,-67.5,1.0,0.0,12.0,0.0,1.0,0.7,-11.9,-11.9,-11.9,-11.9,1.0,0.0,12.0,0.0,1.0,0.7,658.5,658.5,658.5,658.5,2.0,0.0,14.0,0.5,0.6,0.7,660.0,660.0,660.0,660.0,2.0,0.0,14.0,0.5,0.6,0.7
1974,2,189.0,21.0,23.12,23.9,26.71,24.55,11.0,1.77,18.0,0.3,0.6,0.7,22.09,23.5,23.91,23.16,11.0,1.09,18.0,0.3,0.6,0.7,14.55,14.75,16.23,15.18,11.0,0.78,18.0,0.3,0.6,0.7,81.6,83.8,91.8,86.1,11.0,4.8,18.0,0.3,0.7,3.1,5.4,7.49,5.29,10.0,2.22,18.0,0.3,0.5,0.7,-6.5,-3.9,-1.17,-3.12,10.0,4.24,18.0,0.3,0.5,0.7,-2.87,1.02,1.99,0.22,10.0,2.67,18.0,0.3,0.5,0.7,1011.83,1013.5,1017.25,1014.04,11.0,2.67,18.0,0.3,0.6,0.7,2.4,5.5,7.6,5.0,10.0,2.4,18.0,0.3,0.6,0.7,-43.9,-18.8,-3.4,-17.1,10.0,32.6,18.0,0.3,0.5,0.7,-12.3,4.9,9.7,0.8,10.0,17.1,18.0,0.3,0.5,0.7,-0.54,1.0,3.68,1.38,11.0,2.07,18.0,0.3,0.6,0.7,-2.8,1.7,18.9,6.7,10.0,10.8,18.0,0.3,0.5,0.7,2.38,3.66,6.17,4.13,11.0,2.07,18.0,0.3,0.6,0.7,6.3,18.3,36.8,20.7,10.0,13.8,18.0,0.3,0.5,0.7,-158.7,-90.3,-26.9,-74.7,10.0,96.3,18.0,0.3,0.5,0.7,-64.9,25.1,47.2,5.8,10.0,59.2,18.0,0.3,0.5,0.7,-99.4,-61.1,-17.0,-48.0,10.0,63.9,18.0,0.3,0.5,0.7,-41.7,16.2,30.0,3.7,10.0,39.3,18.0,0.3,0.5,0.7,-26.5,-11.6,-2.6,-11.0,10.0,18.7,18.0,0.3,0.5,0.7,-12.7,2.8,7.3,-1.4,10.0,13.4,18.0,0.3,0.5,0.7,30.0,159.0,421.0,216.0,10.0,194.0,18.0,0.3,0.5,0.7,30.0,160.0,420.0,215.0,10.0,195.0,18.0,0.3,0.5,0.7
1974,2,189.0,22.0,23.91,24.7,25.6,24.69,14.0,0.94,18.0,0.6,0.6,0.6,23.04,24.0,25.0,24.11,15.0,1.02,18.0,0.5,0.6,0.6,13.57,14.14,15.48,14.41,13.0,1.04,18.0,0.5,0.6,0.6,71.4,78.2,82.4,77.1,13.0,5.5,18.0,0.5,0.6,5.21,8.45,9.61,7.78,16.0,3.34,18.0,0.5,0.6,0.6,-9.27,-8.14,-2.31,-6.84,16.0,4.15,18.0,0.5,0.6,0.6,-3.29,0.0,0.97,-0.47,16.0,2.89,18.0,0.5,0.6,0.6,1015.49,1017.0,1018.89,1016.82,17.0,1.96,18.0,0.5,0.6,0.5,1.4,3.0,5.2,3.3,16.0,2.2,18.0,0.5,0.6,0.5,-88.8,-71.1,-11.7,-65.1,16.0,51.1,18.0,0.5,0.6,0.6,-31.6,0.0,4.5,-7.2,16.0,28.1,18.0,0.5,0.6,0.6,-0.59,0.0,2.44,0.56,14.0,1.42,18.0,0.6,0.6,0.6,-4.3,0.0,12.3,4.5,14.0,10.5,18.0,0.6,0.6,0.6,4.01,4.93,6.41,5.08,13.0,1.31,18.0,0.5,0.6,0.6,22.6,34.8,45.4,34.4,13.0,16.2,18.0,0.5,0.6,0.6,-213.4,-195.0,-31.8,-147.1,14.0,91.3,18.0,0.6,0.6,0.6,-45.5,0.0,35.5,2.4,14.0,64.2,18.0,0.6,0.6,0.6,-127.7,-113.8,-15.1,-85.5,13.0,57.1,18.0,0.5,0.6,0.6,-21.0,0.0,26.0,5.0,13.0,38.1,18.0,0.5,0.6,0.6,-42.9,-33.2,-4.2,-28.9,13.0,22.5,18.0,0.5,0.6,0.6,-7.7,0.0,9.8,0.7,13.0,11.5,18.0,0.5,0.6,0.6,151.0,605.0,889.0,702.0,16.0,769.5,18.0,0.5,0.6,0.6,150.0,605.0,890.0,700.0,16.0,770.0,18.0,0.5,0.6,0.6
1974,2,189.0,23.0,22.2,24.0,25.0,23.67,16.0,1.28,12.0,0.6,0.5,0.4,22.55,23.7,25.87,23.95,16.0,1.48,12.0,0.6,0.5,0.4,13.42,14.33,16.28,14.41,15.0,1.64,14.0,0.5,0.5,0.4,68.6,78.2,85.3,77.6,15.0,9.3,14.0,0.5,0.4,5.1,6.7,9.17,6.86,17.0,2.77,12.0,0.6,0.5,0.4,-8.86,-5.8,-1.69,-5.06,17.0,4.59,12.0,0.6,0.5,0.4,-1.59,0.0,4.84,1.29,17.0,2.76,12.0,0.6,0.5,0.4,1011.79,1016.3,1020.84,1015.44,17.0,5.13,12.0,0.6,0.5,0.4,1.2,3.0,6.8,3.7,15.0,2.4,10.0,0.5,0.6,0.4,-83.8,-38.9,-6.9,-42.8,17.0,44.0,12.0,0.6,0.5,0.4,-12.3,0.0,28.7,10.2,17.0,22.2,12.0,0.6,0.5,0.4,-2.09,-0.5,1.6,-0.43,15.0,1.71,14.0,0.6,0.5,0.3,-16.7,-4.1,8.2,-3.6,15.0,12.5,14.0,0.6,0.5,0.3,3.0,3.75,5.4,3.93,14.0,1.44,14.0,0.6,0.5,0.3,12.8,27.2,37.3,27.8,14.0,15.2,14.0,0.6,0.5,0.3,-221.4,-132.6,-27.5,-119.0,16.0,114.2,12.0,0.6,0.5,0.4,-41.0,0.0,112.1,27.2,16.0,65.3,12.0,0.6,0.5,0.4,-130.0,-86.2,-12.2,-70.6,15.0,67.8,14.0,0.5,0.5,0.4,-23.5,0.0,66.0,13.6,15.0,38.3,14.0,0.5,0.5,0.4,-33.8,-24.2,-0.6,-20.9,14.0,21.4,14.0,0.6,0.5,0.3,-10.5,0.0,10.4,1.9,14.0,11.5,14.0,0.6,0.5,0.3,132.5,301.0,801.0,463.5,17.0,449.5,12.0,0.6,0.5,0.4,135.0,300.0,800.0,465.0,17.0,450.0,12.0,0.6,0.5,0.4
1974,2,189.0,24.0,22.76,24.0,25.0,23.85,6.0,1.12,10.0,0.5,0.4,0.4,23.18,24.2,25.57,24.38,6.0,1.32,10.0,0.5,0.4,0.4,14.53,14.9,17.28,15.8,5.0,1.69,6.0,0.4,0.4,0.4,79.2,83.2,89.3,84.0,5.0,6.5,6.0,0.4,0.4,3.65,7.5,10.4,6.78,6.0,4.17,10.0,0.5,0.4,0.4,-9.52,-4.65,2.99,-3.74,6.0,6.54,10.0,0.5,0.4,0.4,-0.37,1.48,5.03,1.92,6.0,2.95,10.0,0.5,0.4,0.4,1010.04,1013.3,1019.41,1013.47,6.0,6.61,10.0,0.5,0.4,0.4,2.6,4.0,6.4,4.4,5.0,2.1,10.0,0.4,0.4,0.4,-101.7,-43.2,16.2,-43.3,6.0,59.8,10.0,0.5,0.4,0.4,-3.8,6.8,34.4,13.6,6.0,26.9,10.0,0.5,0.4,0.4,-2.32,-0.45,1.09,-0.53,6.0,1.76,10.0,0.5,0.4,0.4,-16.9,-3.3,1.9,-5.6,6.0,10.9,10.0,0.5,0.4,0.4,1.16,2.86,3.57,2.4,5.0,1.51,6.0,0.4,0.4,0.4,0.7,10.0,23.2,13.0,5.0,16.5,6.0,0.4,0.4,0.4,-238.8,-117.2,73.6,-93.6,6.0,161.2,10.0,0.5,0.4,0.4,-8.5,34.6,126.2,48.1,6.0,73.0,10.0,0.5,0.4,0.4,-156.0,0.0,45.7,-44.9,5.0,106.4,6.0,0.4,0.4,0.4,-9.5,0.0,54.2,18.1,5.0,39.7,6.0,0.4,0.4,0.4,-15.3,0.0,6.9,-5.2,5.0,20.0,6.0,0.4,0.4,0.4,-2.6,0.0,8.5,2.0,5.0,6.6,6.0,0.4,0.4,0.4,77.0,495.0,1127.0,573.0,6.0,548.0,10.0,0.5,0.4,0.4,75.0,495.0,1125.0,575.0,6.0,550.0,10.0,0.5,0.4,0.4
1974,2,189.0,26.0,22.0,22.0,22.0,22.0,1.0,0.0,16.0,0.0,1.0,0.8,21.66,22.0,22.34,22.0,2.0,0.71,10.0,0.5,1.0,0.8,13.84,14.81,15.77,14.81,2.0,2.01,10.0,0.5,1.0,0.8,85.9,90.0,94.0,90.0,2.0,8.3,10.0,0.5,0.8,3.91,5.65,7.39,5.65,2.0,3.61,10.0,0.5,1.0,0.8,2.85,2.95,3.05,2.95,2.0,0.21,10.0,0.5,1.0,0.8,1.22,3.85,6.48,3.85,2.0,5.45,10.0,0.5,1.0,0.8,1014.32,1014.8,1015.28,1014.8,2.0,0.99,10.0,0.5,1.0,0.8,1.2,1.5,1.8,1.5,2.0,0.7,10.0,0.5,1.0,0.8,11.7,16.3,20.9,16.3,2.0,9.5,10.0,0.5,1.0,0.8,10.0,31.6,53.2,31.6,2.0,44.7,10.0,0.5,1.0,0.8,-0.5,-0.5,-0.5,-0.5,1.0,0.0,16.0,0.0,1.0,0.8,-4.1,-4.1,-4.1,-4.1,1.0,0.0,16.0,0.0,1.0,0.8,0.2,0.2,0.2,0.2,1.0,0.0,16.0,0.0,1.0,0.8,1.7,1.7,1.7,1.7,1.0,0.0,16.0,0.0,1.0,0.8,63.7,64.9,66.1,64.9,2.0,2.5,10.0,0.5,1.0,0.8,27.5,86.7,145.9,86.7,2.0,122.6,10.0,0.5,1.0,0.8,42.1,43.5,44.9,43.5,2.0,2.8,10.0,0.5,1.0,0.8,19.8,62.5,105.2,62.5,2.0,88.4,10.0,0.5,1.0,0.8,0.6,0.6,0.6,0.6,1.0,0.0,16.0,0.0,1.0,0.8,1.6,1.6,1.6,1.6,1.0,0.0,16.0,0.0,1.0,0.8,112.5,290.5,468.5,290.5,2.0,369.0,10.0,0.5,1.0,0.8,115.0,290.0,470.0,290.0,2.0,370.0,10.0,0.5,1.0,0.8
1974,2,189.0,27.0,21.07,22.0,22.48,21.83,12.0,0.96,16.0,0.7,0.6,0.4,20.1,20.9,22.25,21.1,12.0,1.42,16.0,0.7,0.6,0.4,12.96,13.38,13.89,13.34,12.0,1.17,16.0,0.7,0.6,0.4,79.6,86.5,92.1,86.0,12.0,6.7,16.0,0.7,0.4,4.1,5.65,8.2,5.73,12.0,2.45,16.0,0.7,0.6,0.4,-6.33,-4.35,2.72,-2.49,12.0,3.96,16.0,0.7,0.6,0.4,-1.81,0.0,4.1,0.53,12.0,4.37,16.0,0.7,0.6,0.4,1014.15,1016.4,1021.13,1017.18,12.0,3.18,16.0,0.7,0.6,0.4,3.6,7.0,8.0,5.8,11.0,2.1,18.0,0.7,0.6,0.4,-40.1,-22.8,14.8,-15.6,12.0,27.0,16.0,0.7,0.6,0.4,-14.2,0.0,21.1,2.3,12.0,34.5,16.0,0.7,0.6,0.4,-0.63,0.55,1.83,0.73,12.0,1.58,16.0,0.7,0.6,0.4,-3.5,1.5,10.0,4.6,12.0,11.4,16.0,0.7,0.6,0.4,1.18,2.97,3.49,2.92,12.0,1.75,16.0,0.7,0.6,0.4,6.4,13.9,26.0,17.0,12.0,15.1,16.0,0.7,0.6,0.4,-128.4,-89.6,54.3,-52.6,12.0,84.9,16.0,0.7,0.6,0.4,-34.6,0.0,84.2,14.2,12.0,91.3,16.0,0.7,0.6,0.4,-84.1,-60.8,31.3,-33.3,12.0,52.7,16.0,0.7,0.6,0.4,-19.0,0.0,52.3,9.6,12.0,58.9,16.0,0.7,0.6,0.4,-19.6,-8.9,3.8,-7.4,12.0,13.6,16.0,0.7,0.6,0.4,-2.2,0.0,6.5,-2.2,12.0,17.1,16.0,0.7,0.6,0.4,69.0,185.5,551.5,271.5,12.0,227.0,16.0,0.7,0.6,0.4,70.0,185.0,550.0,270.0,12.0,225.0,16.0,0.7,0.6,0.4
1974,2,189.0,28.0,17.21,19.75,21.0,19.35,8.0,1.63,12.0,0.5,0.4,0.6,17.63,19.45,20.0,19.71,8.0,2.64,12.0,0.5,0.4,0.6,9.2,12.06,13.66,11.77,8.0,2.64,12.0,0.5,0.4,0.6,72.7,80.9,89.9,81.7,8.0,9.3,12.0,0.5,0.6,4.66,6.7,8.64,6.88,8.0,3.23,12.0,0.5,0.4,0.6,-3.46,2.11,3.98,0.22,8.0,5.33,12.0,0.5,0.4,0.6,-6.56,2.63,6.26,0.75,8.0,5.94,12.0,0.5,0.4,0.6,1012.78,1018.0,1021.78,1017.61,8.0,4.08,12.0,0.5,0.4,0.6,2.3,6.0,6.0,5.1,8.0,2.1,12.0,0.5,0.4,0.6,-21.8,13.7,25.2,-7.6,8.0,58.0,12.0,0.5,0.4,0.6,-46.6,10.4,55.0,7.4,8.0,51.9,12.0,0.5,0.4,0.6,-1.03,-0.25,1.33,-0.36,8.0,2.0,12.0,0.5,0.4,0.6,-5.4,-1.5,6.1,-5.7,8.0,22.5,12.0,0.5,0.4,0.6,-0.07,2.43,3.38,2.19,8.0,2.01,12.0,0.5,0.4,0.6,-0.8,16.4,27.5,13.4,8.0,14.3,12.0,0.5,0.4,0.6,-69.3,36.2,77.2,-6.1,8.0,124.6,12.0,0.5,0.4,0.6,-115.1,52.5,129.9,24.2,8.0,114.7,12.0,0.5,0.4,0.6,-41.2,18.6,48.5,-5.3,8.0,78.1,12.0,0.5,0.4,0.6,-60.3,35.3,83.3,20.3,8.0,66.3,12.0,0.5,0.4,0.6,-0.8,5.6,13.5,6.0,8.0,9.4,12.0,0.5,0.4,0.6,-18.5,-2.6,9.3,-3.4,8.0,16.4,12.0,0.5,0.4,0.6,101.5,306.0,646.5,526.0,8.0,692.5,12.0,0.5,0.4,0.6,100.0,305.0,645.0,525.0,8.0,690.0,12.0,0.5,0.4,0.6
1974,2,189.0,29.0,19.17,19.5,20.37,19.72,5.0,0.88,10.0,0.4,0.7,0.5,17.86,19.3,20.08,19.28,6.0,1.72,12.0,0.3,0.7,0.5,9.16,9.96,12.43,10.57,5.0,1.9,10.0,0.4,0.7,0.5,62.4,80.9,90.3,76.2,5.0,17.3,10.0,0.4,0.5,5.71,8.2,10.4,7.45,6.0,3.91,12.0,0.3,0.7,0.5,-4.07,1.49,8.66,1.98,6.0,6.39,12.0,0.3,0.7,0.5,-2.44,3.12,7.2,2.44,6.0,5.4,12.0,0.3,0.7,0.5,1014.45,1018.05,1021.22,1017.52,6.0,5.28,12.0,0.3,0.7,0.5,2.8,7.5,8.0,6.0,6.0,2.8,12.0,0.3,0.7,0.5,-29.9,12.9,92.5,24.7,6.0,61.0,12.0,0.3,0.7,0.5,-22.5,22.4,71.9,22.4,6.0,47.9,12.0,0.3,0.7,0.5,-1.34,0.0,1.94,0.18,5.0,2.09,10.0,0.4,0.7,0.5,-10.5,0.0,15.4,1.1,5.0,19.3,10.0,0.4,0.7,0.5,1.16,4.65,5.69,3.67,5.0,2.38,10.0,0.4,0.7,0.5,8.7,40.1,47.8,31.0,5.0,24.0,10.0,0.4,0.7,0.5,-77.6,25.7,174.7,43.8,6.0,130.0,12.0,0.3,0.7,0.5,-50.0,60.8,136.6,44.9,6.0,100.5,12.0,0.3,0.7,0.5,-12.8,29.6,91.0,36.5,5.0,57.9,10.0,0.4,0.7,0.5,-5.3,60.7,84.0,43.2,5.0,47.5,10.0,0.4,0.7,0.5,-7.3,10.5,30.6,12.8,5.0,29.4,10.0,0.4,0.7,0.5,-3.8,8.8,35.9,14.2,5.0,21.4,10.0,0.4,0.7,0.5,296.0,557.5,1127.0,640.0,6.0,470.0,12.0,0.3,0.7,0.5,295.0,560.0,1125.0,640.0,6.0,470.0,12.0,0.3,0.7,0.5
1974,2,189.0,30.0,17.43,18.95,19.11,18.81,10.0,1.63,10.0,0.6,0.5,0.3,17.6,18.1,19.1,18.27,12.0,0.99,10.0,0.5,0.5,0.3,7.81,11.94,12.59,10.85,11.0,2.16,12.0,0.5,0.5,0.3,64.4,89.2,94.7,83.3,11.0,14.6,12.0,0.5,0.3,3.31,6.95,8.61,6.13,12.0,3.15,10.0,0.5,0.5,0.3,-4.07,1.03,5.81,1.36,12.0,4.79,10.0,0.5,0.5,0.3,-0.9,3.16,6.07,2.71,12.0,4.23,10.0,0.5,0.5,0.3,1012.02,1019.9,1022.84,1017.97,12.0,5.38,10.0,0.5,0.5,0.3,2.0,7.0,8.0,5.6,11.0,3.0,12.0,0.5,0.5,0.3,-25.8,4.2,42.7,12.2,12.0,38.8,10.0,0.5,0.5,0.3,-3.7,23.1,45.7,22.8,12.0,35.4,10.0,0.5,0.5,0.3,-1.61,0.15,1.94,0.39,10.0,2.03,10.0,0.6,0.5,0.3,-5.0,0.7,14.5,3.9,10.0,13.6,10.0,0.6,0.5,0.3,0.52,2.08,4.48,2.35,10.0,2.2,10.0,0.6,0.5,0.3,0.6,10.9,30.5,16.7,10.0,19.9,10.0,0.6,0.5,0.3,-73.7,18.2,102.6,22.9,12.0,86.5,10.0,0.5,0.5,0.3,-16.1,53.5,114.0,50.5,12.0,77.2,10.0,0.5,0.5,0.3,-42.0,0.0,63.1,8.4,11.0,48.5,12.0,0.5,0.5,0.3,-12.7,12.2,63.9,24.2,11.0,42.6,12.0,0.5,0.5,0.3,-12.8,0.2,9.7,3.9,10.0,23.0,10.0,0.6,0.5,0.3,-0.4,5.2,16.0,6.9,10.0,10.5,10.0,0.6,0.5,0.3,51.5,337.0,650.5,377.5,12.0,348.0,10.0,0.5,0.5,0.3,50.0,335.0,650.0,375.0,12.0,350.0,10.0,0.5,0.5,0.3
1974,2,189.0,31.0,16.79,18.0,18.84,17.89,11.0,1.43,16.0,0.5,0.4,0.3,16.0,17.5,20.0,17.78,13.0,1.76,18.0,0.7,0.5,0.2,10.42,11.09,12.7,11.22,11.0,1.72,18.0,0.6,0.4,0.3,81.4,92.6,93.9,87.5,11.0,9.9,18.0,0.6,0.3,5.1,7.7,10.77,7.91,14.0,3.19,16.0,0.6,0.5,0.3,-6.49,0.0,3.69,-1.3,14.0,6.01,16.0,0.6,0.5,0.3,-4.08,2.98,4.94,0.76,14.0,6.25,16.0,0.6,0.5,0.3,1013.25,1017.6,1022.81,1017.86,14.0,4.1,16.0,0.6,0.5,0.3,4.0,8.0,8.0,6.7,13.0,2.0,16.0,0.7,0.5,0.3,-49.4,0.0,39.9,-15.2,14.0,73.1,16.0,0.6,0.5,0.3,-33.4,12.6,38.1,0.8,14.0,59.0,16.0,0.6,0.5,0.3,-2.19,0.25,1.46,-0.26,10.0,2.06,18.0,0.6,0.4,0.3,-11.1,1.3,13.9,0.5,10.0,12.6,18.0,0.6,0.4,0.3,-0.04,1.4,2.06,1.11,10.0,1.01,18.0,0.6,0.4,0.3,-0.4,7.8,18.1,8.2,10.0,7.9,18.0,0.6,0.4,0.3,-115.7,0.0,65.8,-23.7,13.0,103.1,18.0,0.7,0.5,0.2,-74.9,43.1,93.8,9.1,13.0,105.4,18.0,0.7,0.5,0.2,-81.4,-36.2,46.4,-22.6,11.0,70.9,18.0,0.6,0.4,0.3,-43.0,26.1,55.5,9.3,11.0,49.7,18.0,0.6,0.4,0.3,-11.6,-0.4,3.0,-2.5,10.0,9.8,18.0,0.6,0.4,0.3,-7.4,-0.2,5.5,-0.8,10.0,5.8,18.0,0.6,0.4,0.3,132.5,456.5,1249.0,741.5,14.0,938.0,16.0,0.6,0.5,0.3,135.0,455.0,1250.0,740.0,14.0,940.0,16.0,0.6,0.5,0.3
1974,2,189.0,32.0,16.77,17.0,18.08,17.13,12.0,1.23,14.0,0.3,0.5,0.5,14.95,16.1,17.08,16.12,13.0,1.28,14.0,0.4,0.5,0.6,6.47,9.51,11.16,8.96,12.0,2.05,14.0,0.4,0.5,0.5,63.1,85.1,91.1,78.5,12.0,15.2,14.0,0.4,0.5,2.6,3.6,12.36,5.61,13.0,4.73,14.0,0.4,0.5,0.6,-0.97,2.44,4.93,2.71,13.0,4.94,14.0,0.4,0.5,0.6,-1.02,1.55,3.07,1.2,13.0,4.75,14.0,0.4,0.5,0.6,1010.65,1016.0,1020.1,1015.82,13.0,5.09,14.0,0.4,0.5,0.6,1.9,6.0,7.1,4.8,13.0,2.7,14.0,0.4,0.5,0.6,-4.0,6.4,62.7,32.1,13.0,65.2,14.0,0.4,0.5,0.6,-3.1,4.8,13.3,3.3,13.0,60.7,14.0,0.4,0.5,0.6,-0.25,1.75,2.58,1.15,12.0,1.57,14.0,0.3,0.5,0.5,-3.9,3.1,13.3,3.7,12.0,13.3,14.0,0.3,0.5,0.5,0.74,2.92,5.54,3.24,11.0,2.28,14.0,0.4,0.6,0.5,2.3,11.0,23.6,18.7,11.0,25.3,14.0,0.4,0.6,0.5,-14.8,40.3,87.3,42.8,13.0,77.9,14.0,0.4,0.5,0.6,-16.4,26.4,51.1,22.4,13.0,79.1,14.0,0.4,0.5,0.6,-1.4,20.4,52.1,26.7,12.0,37.8,14.0,0.4,0.5,0.5,-7.8,11.2,31.0,11.6,12.0,47.7,14.0,0.4,0.5,0.5,0.5,4.5,17.1,13.5,11.0,26.5,14.0,0.4,0.6,0.5,-4.3,1.2,14.3,3.8,11.0,10.5,14.0,0.4,0.6,0.5,17.5,46.5,1888.0,627.0,13.0,1167.0,14.0,0.4,0.5,0.6,20.0,45.0,1890.0,625.0,13.0,1165.0,14.0,0.4,0.5,0.6
1974,2,189.0,33.0,14.66,15.3,17.2,15.89,10.0,1.48,14.0,0.4,0.6,0.5,13.52,15.0,17.0,15.0,12.0,1.84,14.0,0.4,0.5,0.5,6.9,8.28,10.88,8.69,10.0,2.19,14.0,0.4,0.6,0.4,68.5,75.5,92.7,80.3,10.0,12.2,14.0,0.4,0.4,7.2,7.95,10.68,8.39,12.0,3.18,14.0,0.4,0.5,0.5,0.0,1.94,8.82,3.93,12.0,4.74,14.0,0.4,0.5,0.5,-7.8,2.22,7.61,1.23,12.0,6.78,14.0,0.4,0.5,0.5,1012.9,1020.5,1022.58,1018.56,12.0,4.85,14.0,0.4,0.5,0.5,2.2,5.0,8.0,4.9,11.0,2.9,16.0,0.5,0.5,0.5,0.0,14.7,87.7,42.3,12.0,62.6,14.0,0.4,0.5,0.5,-61.1,19.3,61.1,10.5,12.0,60.4,14.0,0.4,0.5,0.5,-1.57,0.65,2.46,0.81,10.0,2.51,14.0,0.4,0.6,0.5,-7.8,6.4,19.4,11.1,10.0,29.8,14.0,0.4,0.6,0.5,0.71,2.15,4.91,2.46,9.0,2.48,14.0,0.4,0.6,0.4,5.4,16.0,38.3,25.8,9.0,29.2,14.0,0.4,0.6,0.4,0.0,31.0,136.8,56.9,12.0,63.5,14.0,0.4,0.5,0.5,-109.5,33.9,121.6,24.2,12.0,100.0,14.0,0.4,0.5,0.5,0.0,18.8,75.1,30.9,10.0,33.9,14.0,0.4,0.6,0.4,-37.2,32.4,72.5,22.1,10.0,52.2,14.0,0.4,0.6,0.4,0.9,3.7,10.4,14.3,9.0,30.7,14.0,0.4,0.6,0.4,0.2,10.1,18.6,7.5,9.0,19.2,14.0,0.4,0.6,0.4,373.0,504.0,1232.5,812.0,12.0,801.0,14.0,0.4,0.5,0.5,375.0,505.0,1235.0,810.0,12.0,800.0,14.0,0.4,0.5,0.5
1974,2,189.0,34.0,14.9,15.25,16.55,15.63,6.0,1.1,16.0,0.5,0.6,0.5,13.43,14.0,15.02,14.22,6.0,1.61,16.0,0.5,0.6,0.5,6.15,9.68,10.14,8.48,5.0,2.21,14.0,0.6,0.6,0.5,68.7,89.7,96.8,83.8,5.0,16.1,14.0,0.6,0.5,5.97,9.0,14.21,9.77,6.0,4.19,16.0,0.5,0.6,0.5,-4.9,-2.82,5.07,-1.36,6.0,5.54,16.0,0.5,0.6,0.5,-9.88,-2.89,7.61,-0.97,6.0,9.9,16.0,0.5,0.6,0.5,1017.4,1020.4,1022.52,1020.3,6.0,2.89,16.0,0.5,0.6,0.5,3.0,6.0,8.0,5.5,4.0,3.0,18.0,0.3,0.6,0.5,-54.4,-21.4,37.1,-16.1,6.0,68.5,16.0,0.5,0.6,0.5,-109.7,-23.4,74.7,-5.9,6.0,130.6,16.0,0.5,0.6,0.5,0.4,1.25,2.6,1.42,6.0,1.16,16.0,0.5,0.6,0.5,4.0,8.1,21.7,11.9,6.0,11.3,16.0,0.5,0.6,0.5,0.83,1.62,4.67,2.57,5.0,2.16,14.0,0.6,0.6,0.5,7.3,22.5,42.6,24.4,5.0,17.9,14.0,0.6,0.6,0.5,-73.5,-36.0,71.6,-21.7,6.0,85.5,16.0,0.5,0.6,0.5,-129.5,-39.8,108.1,-14.2,6.0,144.5,16.0,0.5,0.6,0.5,-49.5,-22.0,5.4,-22.1,5.0,51.8,14.0,0.6,0.6,0.5,-80.0,-39.7,87.5,-3.4,5.0,101.3,14.0,0.6,0.6,0.5,-17.1,-14.5,-0.4,-10.0,5.0,9.9,14.0,0.6,0.6,0.5,-38.0,-17.3,6.5,-16.2,5.0,22.7,14.0,0.6,0.6,0.5,216.5,774.5,2885.0,1376.5,6.0,1460.5,16.0,0.5,0.6,0.5,215.0,775.0,2885.0,1375.0,6.0,1460.0,16.0,0.5,0.6,0.5
1974,2,189.0,35.0,13.34,15.0,15.0,14.24,5.0,1.22,14.0,0.8,0.4,0.4,13.16,14.05,15.25,14.25,6.0,1.23,14.0,0.8,0.5,0.4,6.98,8.13,9.66,8.4,6.0,1.76,14.0,0.8,0.5,0.4,70.8,81.9,98.2,83.3,6.0,14.0,14.0,0.8,0.4,9.56,10.3,10.84,10.13,6.0,1.98,14.0,0.8,0.5,0.4,2.48,8.15,10.67,5.77,6.0,8.26,14.0,0.8,0.5,0.4,-2.47,-0.89,4.42,0.67,6.0,4.28,14.0,0.8,0.5,0.4,1011.85,1015.7,1018.83,1015.63,6.0,4.19,14.0,0.8,0.5,0.4,3.9,7.0,8.0,6.0,4.0,2.8,14.0,0.8,0.4,0.5,8.9,83.9,116.7,61.5,6.0,92.1,14.0,0.8,0.5,0.4,-23.8,-9.2,45.6,8.0,6.0,42.9,14.0,0.8,0.5,0.4,-1.27,-1.0,0.97,-0.26,5.0,1.37,14.0,0.8,0.4,0.4,-13.1,-10.3,7.7,-4.0,5.0,11.8,14.0,0.8,0.4,0.4,0.59,1.34,2.1,1.3,5.0,1.24,14.0,0.8,0.4,0.4,3.1,13.8,21.6,12.5,5.0,12.9,14.0,0.8,0.4,0.4,29.9,122.6,149.3,80.5,6.0,116.8,14.0,0.8,0.5,0.4,-32.2,-12.2,68.3,13.8,6.0,65.4,14.0,0.8,0.5,0.4,23.2,70.4,76.2,43.1,6.0,68.0,14.0,0.8,0.5,0.4,-18.2,-6.4,38.0,9.1,6.0,43.0,14.0,0.8,0.5,0.4,-7.7,7.5,20.8,6.8,5.0,16.3,14.0,0.8,0.4,0.4,-4.6,-3.0,3.6,-0.5,5.0,6.1,14.0,0.8,0.4,0.4,929.0,1092.5,1310.5,1136.5,6.0,587.5,14.0,0.8,0.5,0.4,930.0,1095.0,1310.0,1135.0,6.0,590.0,14.0,0.8,0.5,0.4
1974,2,189.0,36.0,14.01,15.0,16.0,14.96,5.0,1.09,14.0,0.4,0.5,0.5,11.03,13.5,14.81,13.13,6.0,2.19,16.0,0.3,0.6,0.5,5.69,7.61,8.6,7.4,6.0,1.79,16.0,0.3,0.6,0.5,70.6,80.2,91.8,79.2,6.0,17.1,16.0,0.3,0.5,4.69,7.75,10.51,7.55,6.0,3.23,16.0,0.3,0.6,0.5,-4.76,3.56,10.38,3.17,6.0,7.3,16.0,0.3,0.6,0.5,-0.37,2.42,4.4,2.17,6.0,2.8,16.0,0.3,0.6,0.5,1008.24,1018.5,1023.26,1016.67,6.0,9.83,16.0,0.3,0.6,0.5,2.3,6.0,8.0,5.2,5.0,3.1,16.0,0.4,0.6,0.6,-25.5,33.1,109.3,40.8,6.0,68.0,16.0,0.3,0.6,0.5,-3.8,9.3,31.1,13.4,6.0,25.0,16.0,0.3,0.6,0.5,0.32,2.2,3.47,2.0,5.0,1.77,14.0,0.4,0.5,0.5,3.6,6.8,34.2,16.7,5.0,17.6,14.0,0.4,0.5,0.5,1.24,4.01,4.81,3.28,5.0,1.96,14.0,0.4,0.5,0.5,6.1,40.7,49.2,31.2,5.0,25.0,14.0,0.4,0.5,0.5,-68.9,35.6,138.5,37.3,6.0,101.2,16.0,0.3,0.6,0.5,-4.8,29.7,60.6,26.6,6.0,33.9,16.0,0.3,0.6,0.5,-40.3,20.8,60.4,14.3,6.0,50.7,16.0,0.3,0.6,0.5,-2.7,19.7,36.0,16.9,6.0,20.6,16.0,0.3,0.6,0.5,-2.0,31.1,48.8,25.8,5.0,28.6,14.0,0.4,0.5,0.5,-2.6,4.0,12.5,5.5,5.0,12.4,14.0,0.4,0.5,0.5,111.5,521.5,1165.0,623.5,6.0,577.0,16.0,0.3,0.6,0.5,110.0,520.0,1165.0,625.0,6.0,575.0,16.0,0.3,0.6,0.5
1974,2,189.0,37.0,12.16,12.5,12.84,12.5,2.0,0.71,24.0,0.5,0.4,0.4,11.66,12.0,12.34,12.0,2.0,0.71,24.0,0.5,0.4,0.4,6.58,6.71,6.85,6.71,2.0,0.27,24.0,0.5,0.4,0.4,74.6,78.0,81.3,78.0,2.0,7.0,24.0,0.5,0.4,9.68,12.85,16.02,12.85,2.0,6.58,24.0,0.5,0.4,0.4,-11.45,-3.48,4.49,-3.48,2.0,16.51,24.0,0.5,0.4,0.4,-7.36,-4.37,-1.39,-4.37,2.0,6.19,24.0,0.5,0.4,0.4,1017.97,1019.4,1020.83,1019.4,2.0,2.97,24.0,0.5,0.4,0.4,5.5,6.5,7.5,6.5,2.0,2.1,24.0,0.5,0.4,0.4,-212.5,-99.0,14.5,-99.0,2.0,235.1,24.0,0.5,0.4,0.4,-128.8,-76.6,-24.3,-76.6,2.0,108.3,24.0,0.5,0.4,0.4,0.5,0.5,0.5,0.5,2.0,0.0,24.0,0.5,0.4,0.4,4.8,6.4,8.0,6.4,2.0,3.3,24.0,0.5,0.4,0.4,1.87,2.22,2.56,2.22,2.0,0.71,24.0,0.5,0.4,0.4,23.5,26.1,28.7,26.1,2.0,5.4,24.0,0.5,0.4,0.4,-130.4,-35.9,58.6,-35.9,2.0,195.7,24.0,0.5,0.4,0.4,-84.7,-50.3,-16.0,-50.3,2.0,71.2,24.0,0.5,0.4,0.4,-79.6,-25.6,28.4,-25.6,2.0,111.8,24.0,0.5,0.4,0.4,-50.8,-30.2,-9.6,-30.2,2.0,42.7,24.0,0.5,0.4,0.4,-18.3,-1.8,14.7,-1.8,2.0,34.1,24.0,0.5,0.4,0.4,-12.6,-7.5,-2.4,-7.5,2.0,10.6,24.0,0.5,0.4,0.4,1314.5,2955.5,4596.5,2955.5,2.0,3400.0,24.0,0.5,0.4,0.4,1315.0,2955.0,4595.0,2955.0,2.0,3400.0,24.0,0.5,0.4,0.4
1974,2,189.0,38.0,13.19,13.5,13.6,13.33,6.0,0.68,14.0,0.3,0.7,0.3,12.11,13.25,13.5,13.31,8.0,1.73,14.0,0.3,0.7,0.2,6.43,7.72,8.26,7.65,8.0,1.01,14.0,0.3,0.7,0.2,68.1,81.8,89.3,80.6,8.0,11.0,14.0,0.3,0.2,8.15,11.3,17.65,12.71,7.0,4.86,14.0,0.3,0.7,0.3,-10.59,5.4,11.36,1.98,7.0,11.08,14.0,0.3,0.7,0.3,-0.45,4.58,6.79,4.01,7.0,8.13,14.0,0.3,0.7,0.3,1002.93,1009.25,1015.46,1009.49,8.0,6.72,14.0,0.3,0.7,0.2,3.1,7.0,8.0,6.0,8.0,2.3,14.0,0.3,0.7,0.2,-215.8,58.3,129.7,-8.0,7.0,173.3,14.0,0.3,0.7,0.3,-4.8,44.9,117.3,71.5,7.0,145.4,14.0,0.3,0.7,0.3,-0.72,0.75,1.1,0.08,6.0,1.83,14.0,0.3,0.7,0.3,-5.9,8.0,12.1,2.5,6.0,16.2,14.0,0.3,0.7,0.3,1.76,1.98,2.67,2.21,6.0,0.81,14.0,0.3,0.7,0.3,20.2,24.3,26.7,23.2,6.0,4.2,14.0,0.3,0.7,0.3,-142.6,59.4,137.2,27.1,7.0,147.2,14.0,0.3,0.7,0.3,-4.9,61.9,88.7,58.1,7.0,103.1,14.0,0.3,0.7,0.3,-96.7,33.9,87.5,9.8,7.0,90.3,14.0,0.3,0.7,0.3,-2.8,35.2,55.0,35.8,7.0,67.1,14.0,0.3,0.7,0.3,5.9,14.2,22.1,11.1,6.0,16.6,14.0,0.3,0.7,0.3,-4.6,6.6,12.1,3.8,6.0,15.0,14.0,0.3,0.7,0.3,543.0,1443.0,5521.0,2876.5,7.0,3085.5,14.0,0.3,0.7,0.3,545.0,1445.0,5520.0,2875.0,7.0,3085.0,14.0,0.3,0.7,0.3
1974,2,189.0,39.0,11.66,12.5,13.11,12.42,5.0,0.76,10.0,0.0,0.4,0.3,7.76,11.0,11.57,10.07,7.0,2.18,12.0,0.1,0.6,0.4,5.41,7.18,7.49,6.55,5.0,1.26,10.0,0.0,0.4,0.3,78.4,84.6,89.6,83.9,5.0,7.8,10.0,0.0,0.3,7.89,10.05,12.42,10.03,6.0,2.36,14.0,0.0,0.5,0.3,-4.27,5.72,7.79,2.94,6.0,7.93,14.0,0.0,0.5,0.3,-7.97,2.15,7.55,0.56,6.0,7.26,14.0,0.0,0.5,0.3,999.32,1003.5,1025.33,1007.87,7.0,15.16,12.0,0.1,0.6,0.4,1.0,6.0,8.0,4.9,7.0,3.1,12.0,0.1,0.6,0.4,-44.6,48.1,85.4,27.5,6.0,94.6,14.0,0.0,0.5,0.3,-86.6,14.4,65.3,-3.8,6.0,75.1,14.0,0.0,0.5,0.3,0.36,1.0,4.67,2.32,5.0,2.53,10.0,0.0,0.4,0.3,2.8,8.2,52.5,25.6,5.0,31.1,10.0,0.0,0.4,0.3,1.66,1.89,3.61,2.47,5.0,1.1,10.0,0.0,0.4,0.3,13.0,18.4,40.4,24.9,5.0,15.2,10.0,0.0,0.4,0.3,-44.0,54.6,82.8,26.0,6.0,70.7,14.0,0.0,0.5,0.3,-64.2,24.1,90.5,16.4,6.0,74.1,14.0,0.0,0.5,0.3,12.3,38.0,56.8,33.8,5.0,33.9,10.0,0.0,0.4,0.3,-13.4,31.9,56.1,21.6,5.0,40.0,10.0,0.0,0.4,0.3,2.3,11.8,31.6,16.3,5.0,18.6,10.0,0.0,0.4,0.3,-10.8,5.6,14.3,0.9,5.0,18.1,10.0,0.0,0.4,0.3,499.5,1017.0,1920.0,1149.0,6.0,724.5,14.0,0.0,0.5,0.3,500.0,1015.0,1920.0,1150.0,6.0,725.0,14.0,0.0,0.5,0.3
1974,2,189.0,40.0,11.32,12.0,12.68,12.0,3.0,1.0,10.0,0.7,0.5,0.4,9.63,11.0,11.68,10.67,3.0,1.53,10.0,0.7,0.5,0.4,5.54,5.97,6.47,6.0,3.0,0.68,10.0,0.7,0.5,0.4,73.1,75.0,77.1,75.1,3.0,2.9,10.0,0.7,0.4,14.7,17.5,20.3,17.5,3.0,4.1,10.0,0.7,0.5,0.4,-6.97,13.4,18.11,5.75,3.0,19.53,10.0,0.7,0.5,0.4,1.9,5.99,6.94,4.46,3.0,3.92,10.0,0.7,0.5,0.4,999.97,1010.0,1019.9,1009.93,3.0,14.6,10.0,0.7,0.5,0.4,5.3,6.0,7.4,6.3,3.0,1.5,10.0,0.7,0.5,0.4,-139.4,179.6,356.3,110.1,3.0,368.1,10.0,0.7,0.5,0.4,33.2,104.7,142.2,88.1,3.0,81.1,10.0,0.7,0.5,0.4,0.0,0.0,2.73,1.33,3.0,2.31,10.0,0.7,0.5,0.4,0.0,0.0,36.6,17.9,3.0,30.9,10.0,0.7,0.5,0.4,2.02,2.3,3.44,2.72,3.0,1.1,10.0,0.7,0.5,0.4,38.4,49.8,52.1,45.4,3.0,10.8,10.0,0.7,0.5,0.4,-96.4,120.6,190.7,48.8,3.0,219.3,10.0,0.7,0.5,0.4,22.8,71.8,78.3,51.0,3.0,44.4,10.0,0.7,0.5,0.4,-52.5,71.5,105.4,27.5,3.0,121.8,10.0,0.7,0.5,0.4,12.7,40.1,42.8,28.1,3.0,24.4,10.0,0.7,0.5,0.4,-6.4,46.8,51.2,23.0,3.0,46.9,10.0,0.7,0.5,0.4,3.6,11.3,15.2,9.4,3.0,8.7,10.0,0.7,0.5,0.4,3343.5,5359.5,8580.0,5947.5,3.0,3869.5,10.0,0.7,0.5,0.4,3345.0,5360.0,8580.0,5950.0,3.0,3870.0,10.0,0.7,0.5,0.4
1974,2,189.0,41.0,11.0,11.0,11.0,11.0,2.0,0.0,16.0,0.5,0.6,0.6,8.74,9.25,9.76,9.25,2.0,1.06,16.0,0.5,0.6,0.6,6.4,6.55,6.71,6.55,2.0,0.32,16.0,0.5,0.6,0.6,88.4,90.7,93.0,90.7,2.0,4.7,16.0,0.5,0.6,8.53,10.3,12.07,10.3,2.0,3.68,16.0,0.5,0.6,0.6,-10.62,-7.38,-4.14,-7.38,2.0,6.71,16.0,0.5,0.6,0.6,-5.39,-1.41,2.56,-1.41,2.0,8.24,16.0,0.5,0.6,0.6,999.09,1013.25,1027.41,1013.25,2.0,29.34,16.0,0.5,0.6,0.6,8.0,8.0,8.0,8.0,1.0,0.0,6.0,1.0,0.7,0.8,-134.8,-88.3,-41.9,-88.3,2.0,96.2,16.0,0.5,0.6,0.6,-37.8,0.6,39.0,0.6,2.0,79.6,16.0,0.5,0.6,0.6,1.24,1.75,2.26,1.75,2.0,1.06,16.0,0.5,0.6,0.6,13.9,16.1,18.2,16.1,2.0,4.5,16.0,0.5,0.6,0.6,1.54,1.58,1.62,1.58,2.0,0.08,16.0,0.5,0.6,0.6,13.7,16.1,18.5,16.1,2.0,5.0,16.0,0.5,0.6,0.6,-105.5,-71.8,-38.1,-71.8,2.0,69.9,16.0,0.5,0.6,0.6,-44.7,-8.7,27.4,-8.7,2.0,74.7,16.0,0.5,0.6,0.6,-71.8,-49.4,-27.1,-49.4,2.0,46.3,16.0,0.5,0.6,0.6,-33.8,-7.9,17.9,-7.9,2.0,53.5,16.0,0.5,0.6,0.6,-16.2,-11.4,-6.6,-11.4,2.0,10.0,16.0,0.5,0.6,0.6,-8.9,-2.6,3.8,-2.6,2.0,13.1,16.0,0.5,0.6,0.6,725.0,1301.5,1878.5,1301.5,2.0,1195.0,16.0,0.5,0.6,0.6,725.0,1300.0,1880.0,1300.0,2.0,1195.0,16.0,0.5,0.6,0.6
1974,2,189.0,42.0,9.27,10.0,10.0,9.6,5.0,0.89,12.0,0.2,0.7,0.6,7.03,8.2,9.36,8.01,8.0,1.59,12.0,0.1,0.8,0.6,4.91,5.32,5.81,5.36,4.0,0.65,12.0,0.0,0.8,0.6,75.0,78.3,82.1,78.5,4.0,4.2,12.0,0.0,0.6,4.84,12.9,20.15,12.94,8.0,7.21,12.0,0.1,0.8,0.6,2.69,10.99,17.45,10.43,8.0,7.83,12.0,0.1,0.8,0.6,-6.08,-0.84,5.02,-1.32,8.0,7.47,12.0,0.1,0.8,0.6,996.55,1002.55,1027.78,1008.51,8.0,14.34,12.0,0.1,0.8,0.6,2.3,7.5,8.0,6.0,8.0,2.7,12.0,0.1,0.8,0.6,16.5,130.4,391.8,181.4,8.0,167.1,12.0,0.1,0.8,0.6,-75.4,-2.2,82.8,-27.9,8.0,143.2,12.0,0.1,0.8,0.6,-0.15,0.6,2.26,0.98,5.0,1.32,12.0,0.2,0.7,0.6,-3.0,7.0,12.8,5.6,5.0,11.0,12.0,0.2,0.7,0.6,1.52,1.91,2.58,2.04,4.0,0.65,12.0,0.0,0.8,0.6,13.5,22.3,27.6,20.6,4.0,9.8,12.0,0.0,0.8,0.6,19.1,82.2,158.8,88.0,8.0,70.4,12.0,0.1,0.8,0.6,-31.1,-6.1,50.2,-6.3,8.0,66.6,12.0,0.1,0.8,0.6,29.2,54.8,84.3,56.7,4.0,40.5,12.0,0.0,0.8,0.6,-4.0,0.0,32.0,13.3,4.0,32.0,12.0,0.0,0.8,0.6,9.1,18.7,27.6,18.4,4.0,11.2,12.0,0.0,0.8,0.6,-2.5,0.0,8.1,2.6,4.0,8.8,12.0,0.0,0.8,0.6,201.0,2146.5,8270.5,3900.0,8.0,4434.5,12.0,0.1,0.8,0.6,200.0,2145.0,8270.0,3900.0,8.0,4435.0,12.0,0.1,0.8,0.6
1974,2,189.0,43.0,8.48,9.0,9.0,8.75,4.0,0.5,18.0,0.8,0.6,0.6,6.45,7.0,8.37,7.3,5.0,1.3,16.0,0.6,0.5,0.5,4.67,5.02,5.49,5.08,4.0,0.58,18.0,0.8,0.6,0.6,74.4,83.0,91.8,83.1,4.0,10.1,18.0,0.8,0.6,7.67,13.4,15.58,11.84,5.0,5.7,16.0,0.6,0.5,0.5,-12.89,-6.95,-5.12,-8.74,5.0,5.59,16.0,0.6,0.5,0.5,-0.73,6.33,11.76,5.6,5.0,6.46,16.0,0.6,0.5,0.5,1001.07,1018.0,1033.1,1017.13,4.0,18.66,18.0,0.8,0.6,0.6,6.0,6.5,7.0,6.5,4.0,0.6,20.0,0.5,0.4,0.3,-184.8,-96.6,-59.7,-124.3,5.0,117.1,16.0,0.6,0.5,0.5,-2.3,117.1,159.8,86.7,5.0,84.1,16.0,0.6,0.5,0.5,1.0,1.5,2.79,1.88,4.0,1.18,18.0,0.8,0.6,0.6,6.5,19.1,37.8,22.0,4.0,19.6,18.0,0.8,0.6,0.6,1.67,2.06,2.09,1.89,4.0,0.37,18.0,0.8,0.6,0.6,12.1,20.0,25.0,18.6,4.0,9.2,18.0,0.8,0.6,0.6,-102.9,-48.6,-30.3,-66.6,5.0,53.8,16.0,0.6,0.5,0.5,-5.8,56.9,71.3,37.8,5.0,43.4,16.0,0.6,0.5,0.5,-43.3,-37.4,-22.4,-33.1,4.0,15.0,18.0,0.8,0.6,0.6,-5.1,29.6,65.0,29.9,4.0,40.7,18.0,0.8,0.6,0.6,-17.9,-11.7,-6.9,-12.4,4.0,7.1,18.0,0.8,0.6,0.6,-2.1,8.0,20.5,9.1,4.0,13.4,18.0,0.8,0.6,0.6,704.5,2406.0,4017.0,2509.0,5.0,2388.0,16.0,0.6,0.5,0.5,705.0,2405.0,4015.0,2510.0,5.0,2390.0,16.0,0.6,0.5,0.5
1974,2,189.0,44.0,6.63,7.3,7.79,7.22,5.0,0.83,18.0,0.2,0.5,0.3,4.25,4.5,5.73,4.98,5.0,1.18,18.0,0.2,0.5,0.3,3.9,4.64,5.12,4.52,4.0,0.82,16.0,0.3,0.5,0.3,73.5,83.4,93.7,83.6,4.0,13.6,16.0,0.3,0.3,5.97,7.75,12.84,9.95,6.0,6.51,20.0,0.2,0.5,0.3,-6.43,-0.54,7.84,1.45,6.0,10.05,20.0,0.2,0.5,0.3,-10.51,-4.64,-2.04,-5.79,6.0,4.18,20.0,0.2,0.5,0.3,995.34,1017.8,1033.02,1014.37,6.0,21.47,20.0,0.2,0.5,0.3,5.2,8.0,8.0,6.6,5.0,2.6,18.0,0.2,0.6,0.3,-45.4,-3.3,110.7,57.1,6.0,192.2,20.0,0.2,0.5,0.3,-136.9,-33.7,-12.3,-75.2,6.0,95.0,20.0,0.2,0.5,0.3,1.27,2.5,3.2,2.24,5.0,1.43,18.0,0.2,0.5,0.3,14.8,24.2,34.8,24.3,5.0,16.2,18.0,0.2,0.5,0.3,1.18,1.33,2.38,1.76,4.0,0.99,16.0,0.3,0.5,0.3,9.6,15.9,26.6,18.0,4.0,11.0,16.0,0.3,0.5,0.3,-32.2,-7.5,28.6,0.3,5.0,46.8,18.0,0.2,0.5,0.3,-45.6,-42.7,-13.5,-31.9,5.0,17.8,18.0,0.2,0.5,0.3,-12.9,-2.6,45.4,15.4,4.0,48.3,16.0,0.3,0.5,0.3,-52.8,-39.9,-17.9,-35.5,4.0,21.8,16.0,0.3,0.5,0.3,-10.5,-0.7,14.8,2.0,4.0,19.5,16.0,0.3,0.5,0.3,-14.2,-9.6,-7.1,-10.6,4.0,4.4,16.0,0.3,0.5,0.3,216.5,521.5,3250.5,2341.5,6.0,4523.5,20.0,0.2,0.5,0.3,215.0,520.0,3250.0,2340.0,6.0,4525.0,20.0,0.2,0.5,0.3
1974,2,189.0,45.0,5.6,7.2,8.0,6.89,7.0,1.02,10.0,0.1,0.6,0.3,4.95,5.6,7.05,5.96,7.0,1.34,14.0,0.3,0.5,0.3,4.56,5.15,5.64,5.11,5.0,0.61,12.0,0.2,0.5,0.4,77.9,87.1,88.5,84.1,5.0,6.0,12.0,0.2,0.4,8.32,11.05,17.1,12.48,8.0,4.54,12.0,0.3,0.5,0.3,-6.49,5.73,15.37,4.96,8.0,9.99,12.0,0.3,0.5,0.3,3.36,7.11,8.03,5.66,8.0,5.83,12.0,0.3,0.5,0.3,974.21,1002.7,1004.67,995.09,7.0,17.29,10.0,0.1,0.6,0.3,4.0,8.0,8.0,6.7,6.0,2.1,12.0,0.3,0.5,0.2,-60.2,60.4,286.7,93.4,8.0,159.2,12.0,0.3,0.5,0.3,53.4,64.7,95.0,76.8,8.0,95.0,12.0,0.3,0.5,0.3,-0.31,0.3,1.41,0.42,6.0,1.25,12.0,0.2,0.5,0.3,-4.3,2.8,17.2,6.6,6.0,21.7,12.0,0.2,0.5,0.3,0.41,0.86,1.64,0.99,5.0,0.67,12.0,0.2,0.5,0.4,4.8,7.1,14.5,9.0,5.0,5.3,12.0,0.2,0.5,0.4,-33.8,22.4,79.2,20.9,7.0,52.4,14.0,0.3,0.5,0.3,36.2,44.4,61.9,39.0,7.0,31.2,14.0,0.3,0.5,0.3,-16.1,16.4,52.6,17.6,5.0,39.7,12.0,0.2,0.5,0.4,32.5,37.4,40.8,36.8,5.0,6.1,12.0,0.2,0.5,0.4,-5.7,2.4,3.2,-0.8,5.0,6.3,12.0,0.2,0.5,0.4,2.9,6.6,11.2,7.1,5.0,5.1,12.0,0.2,0.5,0.4,579.5,1351.5,5063.0,2674.5,8.0,2929.0,12.0,0.3,0.5,0.3,580.0,1350.0,5065.0,2675.0,8.0,2930.0,12.0,0.3,0.5,0.3
1974,2,189.0,46.0,5.27,7.0,7.0,6.2,5.0,1.3,14.0,0.2,0.4,0.4,5.95,7.0,8.61,7.16,5.0,1.55,14.0,0.2,0.4,0.4,4.0,6.07,6.44,5.4,5.0,1.33,14.0,0.2,0.4,0.4,69.3,90.3,96.6,84.6,5.0,14.7,14.0,0.2,0.4,4.42,9.3,11.25,8.24,5.0,3.79,14.0,0.2,0.4,0.4,3.83,4.41,9.08,6.07,5.0,2.9,14.0,0.2,0.4,0.4,-3.31,-2.3,3.13,0.21,5.0,6.68,14.0,0.2,0.4,0.4,996.41,1003.6,1017.37,1007.44,5.0,15.76,14.0,0.2,0.4,0.4,3.6,7.0,7.7,5.7,3.0,3.2,10.0,0.3,0.4,0.4,16.9,56.9,88.0,54.2,5.0,37.6,14.0,0.2,0.4,0.4,-32.0,-10.6,51.8,14.3,5.0,80.3,14.0,0.2,0.4,0.4,-2.79,-1.0,1.05,-0.96,5.0,2.46,14.0,0.2,0.4,0.4,-18.2,-12.9,8.8,-5.5,5.0,17.0,14.0,0.2,0.4,0.4,-0.7,-0.42,2.27,0.52,5.0,1.66,14.0,0.2,0.4,0.4,-5.3,-4.1,14.9,3.9,5.0,13.4,14.0,0.2,0.4,0.4,28.0,33.9,58.8,42.6,5.0,21.2,14.0,0.2,0.4,0.4,-22.6,-17.6,22.5,1.3,5.0,47.0,14.0,0.2,0.4,0.4,20.7,27.8,45.0,32.5,5.0,16.7,14.0,0.2,0.4,0.4,-16.7,-13.6,22.6,3.8,5.0,40.8,14.0,0.2,0.4,0.4,-4.1,-1.9,13.6,4.2,5.0,12.0,14.0,0.2,0.4,0.4,-6.4,-4.4,1.9,-2.8,5.0,4.7,14.0,0.2,0.4,0.4,87.0,804.5,1477.5,842.0,5.0,854.0,14.0,0.2,0.4,0.4,85.0,805.0,1480.0,840.0,5.0,855.0,14.0,0.2,0.4,0.4
1974,2,189.0,47.0,6.48,7.0,7.52,7.0,4.0,0.82,14.0,0.5,0.6,0.5,4.32,5.0,6.19,5.28,5.0,1.31,12.0,0.4,0.6,0.6,3.54,4.38,4.75,4.15,4.0,0.86,14.0,0.5,0.6,0.5,61.7,78.5,88.9,75.5,4.0,17.6,14.0,0.5,0.5,6.43,8.2,9.67,8.02,5.0,2.0,12.0,0.4,0.6,0.6,1.64,6.28,8.28,4.82,5.0,5.84,12.0,0.4,0.6,0.6,-2.18,0.0,4.86,0.78,5.0,4.52,12.0,0.4,0.6,0.6,988.47,1003.1,1023.82,1005.36,5.0,21.08,12.0,0.4,0.6,0.6,5.9,7.0,8.0,6.8,5.0,1.6,12.0,0.4,0.6,0.6,15.7,51.5,80.8,47.5,5.0,48.1,12.0,0.4,0.6,0.6,-20.3,0.0,36.9,4.2,5.0,38.7,12.0,0.4,0.6,0.6,1.03,1.5,2.29,1.65,4.0,0.99,14.0,0.5,0.6,0.5,8.4,12.4,19.5,13.9,4.0,7.8,14.0,0.5,0.6,0.5,1.42,1.97,2.71,2.06,4.0,0.96,14.0,0.5,0.6,0.5,12.2,18.3,22.5,17.4,4.0,6.5,14.0,0.5,0.6,0.5,6.6,30.3,48.2,27.6,5.0,36.1,12.0,0.4,0.6,0.6,-9.8,0.0,22.7,3.9,5.0,20.9,12.0,0.4,0.6,0.6,21.1,30.7,41.3,31.1,4.0,13.0,14.0,0.5,0.6,0.5,-15.4,6.8,18.1,1.6,4.0,22.6,14.0,0.5,0.6,0.5,9.3,15.1,19.7,14.5,4.0,6.3,14.0,0.5,0.6,0.5,-3.1,5.0,12.8,4.9,4.0,9.6,14.0,0.5,0.6,0.5,285.5,551.5,909.5,591.0,5.0,373.0,12.0,0.4,0.6,0.6,285.0,550.0,910.0,590.0,5.0,375.0,12.0,0.4,0.6,0.6
1974,2,189.0,48.0,4.13,5.0,5.87,5.0,9.0,0.87,16.0,0.6,0.7,0.3,1.86,4.75,6.29,4.44,10.0,2.7,16.0,0.5,0.7,0.3,3.41,4.58,5.07,4.28,10.0,0.96,16.0,0.5,0.7,0.3,69.5,84.2,90.3,80.9,10.0,9.7,16.0,0.5,0.3,7.7,10.05,13.64,10.17,10.0,3.38,16.0,0.5,0.7,0.3,-1.82,1.32,8.89,2.35,10.0,7.83,16.0,0.5,0.7,0.3,-8.29,2.3,7.11,-0.34,10.0,7.67,16.0,0.5,0.7,0.3,989.0,1011.15,1030.29,1008.77,10.0,19.35,16.0,0.5,0.7,0.3,1.9,5.0,7.6,4.9,10.0,2.7,16.0,0.5,0.7,0.3,-16.9,10.1,96.0,25.1,10.0,112.1,16.0,0.5,0.7,0.3,-74.5,10.6,67.8,-0.5,10.0,79.8,16.0,0.5,0.7,0.3,-1.37,0.0,1.37,0.18,9.0,2.54,16.0,0.6,0.7,0.3,-10.9,0.0,14.2,-0.3,9.0,32.3,16.0,0.6,0.7,0.3,0.42,0.89,1.42,1.05,9.0,0.78,16.0,0.6,0.7,0.3,4.7,9.6,12.7,10.6,9.0,8.7,16.0,0.6,0.7,0.3,-9.1,6.5,48.9,19.2,10.0,54.1,16.0,0.5,0.7,0.3,-16.2,11.5,34.9,9.0,10.0,28.5,16.0,0.5,0.7,0.3,-6.7,6.8,46.8,12.4,10.0,37.7,16.0,0.5,0.7,0.3,-28.0,10.9,33.7,4.3,10.0,30.1,16.0,0.5,0.7,0.3,-2.9,0.6,6.6,1.2,9.0,5.7,16.0,0.6,0.7,0.3,-11.1,1.6,5.8,-3.6,9.0,12.4,16.0,0.6,0.7,0.3,456.5,1032.0,2706.0,1374.0,10.0,1272.0,16.0,0.5,0.7,0.3,455.0,1030.0,2705.0,1375.0,10.0,1270.0,16.0,0.5,0.7,0.3
1974,2,189.0,49.0,4.0,4.0,4.34,4.17,3.0,0.29,16.0,0.3,0.6,0.6,0.74,2.5,4.52,2.63,4.0,2.21,18.0,0.3,0.6,0.6,2.39,3.69,4.56,3.48,4.0,1.42,18.0,0.3,0.6,0.6,59.6,82.1,88.2,74.3,4.0,23.2,18.0,0.3,0.6,10.3,10.8,16.7,13.38,4.0,5.5,18.0,0.3,0.6,0.6,-15.24,0.05,10.06,-2.47,4.0,15.09,18.0,0.3,0.6,0.6,-2.96,1.76,5.55,1.32,4.0,5.54,18.0,0.3,0.6,0.6,1005.83,1022.8,1025.83,1016.15,4.0,15.97,18.0,0.3,0.6,0.6,3.0,5.5,8.0,5.5,4.0,2.9,18.0,0.3,0.6,0.6,-277.2,3.2,108.4,-80.4,4.0,258.1,18.0,0.3,0.6,0.6,-33.4,18.1,100.9,33.0,4.0,94.0,18.0,0.3,0.6,0.6,-0.52,0.5,2.55,1.0,3.0,2.29,16.0,0.3,0.6,0.6,-6.1,5.2,26.2,10.0,3.0,24.0,16.0,0.3,0.6,0.6,0.4,1.17,1.56,0.98,3.0,0.87,16.0,0.3,0.6,0.6,4.1,12.1,16.1,10.2,3.0,9.0,16.0,0.3,0.6,0.6,-12.9,18.2,45.3,16.2,4.0,34.0,18.0,0.3,0.6,0.6,-14.8,0.9,4.7,-4.8,4.0,16.0,18.0,0.3,0.6,0.6,-32.1,5.7,45.6,6.7,4.0,44.8,18.0,0.3,0.6,0.6,-14.6,5.7,11.7,-1.1,4.0,18.7,18.0,0.3,0.6,0.6,-11.4,0.3,8.4,-1.5,3.0,14.6,16.0,0.3,0.6,0.6,-0.1,0.0,4.2,2.0,3.0,3.6,16.0,0.3,0.6,0.6,1092.5,1268.0,5966.5,3426.5,4.0,4437.0,18.0,0.3,0.6,0.6,1095.0,1270.0,5965.0,3425.0,4.0,4435.0,18.0,0.3,0.6,0.6
1974,2,189.0,50.0,3.0,3.5,4.0,3.5,5.0,0.5,8.0,0.2,0.8,0.5,1.19,3.0,4.1,3.14,7.0,1.74,10.0,0.1,0.8,0.6,3.88,4.2,4.79,4.25,6.0,0.59,10.0,0.2,0.8,0.5,83.3,85.4,89.0,86.0,6.0,4.4,10.0,0.2,0.5,7.96,9.3,12.22,10.29,7.0,5.29,10.0,0.1,0.8,0.6,-2.28,4.65,9.02,1.85,7.0,10.41,10.0,0.1,0.8,0.6,-4.23,3.05,7.09,1.38,7.0,6.07,10.0,0.1,0.8,0.6,993.96,1000.3,1007.54,1002.07,7.0,13.11,10.0,0.1,0.8,0.6,6.8,7.5,8.0,7.3,6.0,0.8,10.0,0.2,0.8,0.6,-30.2,43.2,93.7,-9.8,7.0,178.6,10.0,0.1,0.8,0.6,-48.5,9.5,78.3,22.2,7.0,74.1,10.0,0.1,0.8,0.6,0.32,1.2,1.87,1.1,5.0,0.85,8.0,0.2,0.8,0.5,2.4,5.9,17.2,8.9,5.0,8.1,8.0,0.2,0.8,0.5,0.62,0.96,1.22,0.92,4.0,0.44,8.0,0.3,0.8,0.4,5.0,9.0,12.9,8.9,4.0,4.9,8.0,0.3,0.8,0.4,-5.1,10.7,33.3,4.1,7.0,38.8,10.0,0.1,0.8,0.6,-8.3,6.2,29.1,9.3,7.0,21.9,10.0,0.1,0.8,0.6,-17.1,26.5,37.9,7.4,6.0,50.6,10.0,0.2,0.8,0.5,-8.4,15.0,34.8,13.5,6.0,22.0,10.0,0.2,0.8,0.5,-3.3,5.4,11.5,4.2,4.0,9.0,8.0,0.3,0.8,0.4,-0.8,2.7,5.3,2.3,4.0,4.5,8.0,0.3,0.8,0.4,526.5,804.5,1982.5,1931.5,7.0,3043.5,10.0,0.1,0.8,0.6,525.0,805.0,1980.0,1930.0,7.0,3045.0,10.0,0.1,0.8,0.6
1974,2,189.0,51.0,1.24,2.75,4.0,2.63,4.0,1.6,16.0,0.0,0.7,0.4,1.24,2.5,4.29,2.75,4.0,1.85,16.0,0.0,0.9,0.2,3.75,4.62,4.63,4.2,3.0,0.74,16.0,0.0,0.9,0.3,80.5,86.9,90.3,85.4,3.0,7.3,16.0,0.0,0.3,4.55,12.9,17.21,11.62,5.0,7.52,16.0,0.0,0.7,0.4,-8.41,0.0,2.23,-2.36,5.0,6.18,16.0,0.0,0.7,0.4,-16.73,-8.29,-1.93,-9.22,5.0,8.59,16.0,0.0,0.7,0.4,983.8,996.0,1025.1,1002.3,5.0,22.31,16.0,0.0,0.7,0.4,7.3,8.0,8.0,7.6,5.0,0.9,16.0,0.0,0.7,0.4,-141.9,0.0,10.8,-53.3,5.0,87.5,16.0,0.0,0.7,0.4,-299.2,-107.0,-6.5,-156.3,5.0,189.1,16.0,0.0,0.7,0.4,-0.84,-0.5,0.18,-0.33,3.0,0.76,16.0,0.0,0.9,0.3,-6.0,-5.1,5.9,-0.2,3.0,9.7,16.0,0.0,0.9,0.3,0.42,0.59,0.75,0.58,3.0,0.24,16.0,0.0,0.9,0.3,4.5,10.6,12.3,8.5,3.0,6.0,16.0,0.0,0.9,0.3,-20.9,-7.1,13.5,-3.9,4.0,22.3,16.0,0.0,0.9,0.2,-44.0,-8.0,0.6,-21.1,4.0,35.1,16.0,0.0,0.9,0.2,-34.4,-33.1,5.4,-14.9,3.0,33.1,16.0,0.0,0.9,0.3,-74.4,-27.7,-6.0,-39.9,3.0,51.2,16.0,0.0,0.9,0.3,-6.9,-4.5,-0.3,-3.6,3.0,5.0,16.0,0.0,0.9,0.3,-10.6,-6.8,-2.0,-6.3,3.0,6.3,16.0,0.0,0.9,0.3,101.0,2146.5,5837.5,3221.0,5.0,4420.5,16.0,0.0,0.7,0.4,100.0,2145.0,5835.0,3220.0,5.0,4420.0,16.0,0.0,0.7,0.4
1974,2,189.0,52.0,3.0,4.0,4.71,3.94,11.0,0.82,14.0,0.2,0.5,0.2,0.22,2.75,4.63,2.4,12.0,2.68,14.0,0.3,0.5,0.2,2.34,3.4,4.28,3.42,7.0,0.95,10.0,0.4,0.5,0.1,74.7,82.1,85.2,78.9,7.0,13.2,10.0,0.4,0.1,6.17,10.8,13.61,10.87,11.0,5.2,14.0,0.3,0.5,0.2,-2.64,7.12,12.79,5.63,11.0,8.0,14.0,0.3,0.5,0.2,-7.6,-4.75,3.14,-2.6,11.0,7.13,14.0,0.3,0.5,0.2,990.11,1002.55,1020.83,1004.05,12.0,14.15,14.0,0.3,0.5,0.2,7.6,8.0,8.0,7.8,11.0,0.4,12.0,0.3,0.5,0.2,-23.1,66.3,174.0,84.4,11.0,133.9,14.0,0.3,0.5,0.2,-88.8,-55.6,22.3,-14.1,11.0,122.5,14.0,0.3,0.5,0.2,-1.71,1.0,4.15,1.5,11.0,3.09,14.0,0.2,0.5,0.2,-12.7,8.4,39.1,13.2,10.0,29.6,14.0,0.2,0.5,0.2,0.72,2.03,2.56,1.68,6.0,1.1,12.0,0.3,0.5,0.1,6.8,20.3,22.9,16.0,6.0,10.0,12.0,0.3,0.5,0.1,-13.3,22.5,51.8,18.2,11.0,31.7,14.0,0.3,0.5,0.2,-23.1,-11.9,19.1,-1.9,11.0,24.1,14.0,0.3,0.5,0.2,-6.4,16.7,51.2,25.1,7.0,32.6,10.0,0.4,0.5,0.1,-21.6,-14.0,19.8,-0.3,7.0,32.5,10.0,0.4,0.5,0.1,-2.8,11.0,19.5,8.5,6.0,12.3,12.0,0.3,0.5,0.1,-16.2,-4.0,8.2,-3.4,6.0,12.3,12.0,0.3,0.5,0.1,294.5,1259.5,2521.5,2171.5,11.0,3234.5,14.0,0.3,0.5,0.2,295.0,1260.0,2520.0,2170.0,11.0,3235.0,14.0,0.3,0.5,0.2
1974,2,189.0,53.0,3.53,4.15,5.0,4.1,6.0,0.95,14.0,0.3,0.5,0.6,-1.14,2.2,3.38,1.09,7.0,3.13,14.0,0.3,0.5,0.6,2.33,2.81,3.8,3.12,5.0,1.39,14.0,0.4,0.4,0.8,61.6,80.1,87.7,76.3,5.0,16.9,14.0,0.4,0.8,8.98,11.3,13.14,11.11,7.0,4.65,14.0,0.3,0.5,0.6,-12.4,0.89,9.92,-2.03,7.0,11.1,14.0,0.3,0.5,0.6,-8.31,-4.41,0.12,-4.02,7.0,4.35,14.0,0.3,0.5,0.6,994.09,996.6,1017.41,1004.26,7.0,12.32,14.0,0.3,0.5,0.6,7.2,8.0,8.0,7.3,6.0,1.6,14.0,0.2,0.5,0.6,-164.4,2.3,115.5,-43.4,7.0,161.3,14.0,0.3,0.5,0.6,-83.3,-56.9,0.3,-48.7,7.0,44.4,14.0,0.3,0.5,0.6,-0.5,1.05,6.0,2.18,6.0,3.06,14.0,0.3,0.5,0.6,-2.1,17.2,60.3,26.8,6.0,33.7,14.0,0.3,0.5,0.6,0.81,2.23,2.57,1.71,4.0,1.31,14.0,0.5,0.4,0.7,9.5,22.1,28.8,19.3,4.0,14.3,14.0,0.5,0.4,0.7,-29.1,-3.2,32.6,0.3,7.0,31.0,14.0,0.3,0.5,0.6,-6.5,8.3,12.5,2.4,7.0,13.9,14.0,0.3,0.5,0.6,-5.2,9.0,27.6,9.3,5.0,20.7,14.0,0.4,0.4,0.8,-23.8,-8.3,1.8,-9.5,5.0,15.6,14.0,0.4,0.4,0.8,3.8,14.2,23.0,13.4,4.0,11.6,14.0,0.5,0.4,0.7,-21.9,-12.5,-1.9,-11.9,4.0,11.5,14.0,0.5,0.4,0.7,766.5,1443.0,2323.0,1950.0,7.0,1867.5,14.0,0.3,0.5,0.6,765.0,1445.0,2325.0,1950.0,7.0,1870.0,14.0,0.3,0.5,0.6
1974,2,189.0,54.0,2.8,3.5,4.0,3.35,12.0,0.75,12.0,0.3,0.6,0.2,-5.2,1.75,3.0,-0.19,12.0,3.85,12.0,0.3,0.6,0.2,2.48,3.92,4.12,3.43,10.0,1.0,10.0,0.4,0.7,0.1,71.9,85.4,89.6,80.8,10.0,12.0,10.0,0.4,0.1,2.9,9.0,12.58,8.83,12.0,5.4,12.0,0.3,0.6,0.2,-12.37,-4.3,-1.45,-6.03,12.0,6.52,12.0,0.3,0.6,0.2,-7.9,-1.54,0.0,-2.81,12.0,4.83,12.0,0.3,0.6,0.2,987.17,988.0,1018.41,999.33,12.0,17.17,12.0,0.3,0.6,0.2,8.0,8.0,8.0,8.0,8.0,0.0,12.0,0.4,0.6,0.3,-155.7,-37.5,-5.0,-79.9,12.0,117.9,12.0,0.3,0.6,0.2,-85.6,-7.3,0.0,-21.0,12.0,66.6,12.0,0.3,0.6,0.2,0.0,2.0,8.25,3.54,12.0,3.74,12.0,0.3,0.6,0.2,0.0,19.5,84.3,36.4,12.0,40.4,12.0,0.3,0.6,0.2,0.69,1.24,2.64,1.55,10.0,1.07,10.0,0.4,0.7,0.1,1.9,8.8,37.4,16.3,10.0,16.1,10.0,0.4,0.7,0.1,-20.2,-5.3,34.7,-0.5,12.0,28.6,12.0,0.3,0.6,0.2,-5.8,-0.7,41.5,12.2,12.0,24.9,12.0,0.3,0.6,0.2,-48.8,-11.3,-8.9,-21.0,10.0,24.6,10.0,0.4,0.7,0.1,-18.0,-5.7,-0.8,-5.9,10.0,12.9,10.0,0.4,0.7,0.1,-25.8,-6.4,-1.8,-11.4,10.0,13.9,10.0,0.4,0.7,0.1,-17.8,-2.0,-0.1,-6.2,10.0,13.2,10.0,0.4,0.7,0.1,24.5,746.5,1999.5,1480.5,12.0,2426.5,12.0,0.3,0.6,0.2,25.0,745.0,2000.0,1480.0,12.0,2425.0,12.0,0.3,0.6,0.2
1974,2,189.0,55.0,,,,,,,,,,,,,,,,,,,,,,,,,,,,,,,,,,,,,,,,3.79,9.8,12.6,8.23,3.0,6.59,14.0,0.3,0.7,0.5,-5.02,-0.87,-0.27,-2.61,3.0,3.79,14.0,0.3,0.7,0.5,-11.33,-9.8,-2.77,-7.11,3.0,6.69,14.0,0.3,0.7,0.5,989.49,1012.45,1035.14,1012.33,4.0,26.35,16.0,0.3,0.8,0.4,,,,,,,,,,,,,,,,,,,,,,,,,,,,,,,,,,,,,,,,,,,,,,,,,,,,,,,,,,,,,,,,,,,,,,,,,,,,,,,,,,,,,,,,,,,,,,,,,,,,,,,,,,,,,,,,,,,,,,,,,,,,,,,,,,,,,,,,,,,,,,,,,,,,,,
1974,2,189.0,56.0,,,,,,,,,,,,,,,,,,,,,,,,,,,,,,,,,,,,,,,,6.0,8.85,10.89,8.77,36.0,2.69,16.0,0.2,0.6,0.3,-3.5,0.43,5.67,0.49,36.0,5.45,16.0,0.2,0.6,0.3,-9.18,-6.96,-3.59,-5.78,36.0,4.7,16.0,0.2,0.6,0.3,1007.83,1029.5,1035.12,1023.09,31.0,13.25,16.0,0.1,0.6,0.3,,,,,,,,,,,,,,,,,,,,,,,,,,,,,,,,,,,,,,,,,,,,,,,,,,,,,,,,,,,,,,,,,,,,,,,,,,,,,,,,,,,,,,,,,,,,,,,,,,,,,,,,,,,,,,,,,,,,,,,,,,,,,,,,,,,,,,,,,,,,,,,,,,,,,,
1974,2,189.0,57.0,-0.89,0.5,3.72,1.25,8.0,2.56,10.0,0.5,0.5,0.5,-6.0,-3.0,-2.08,-3.48,9.0,3.8,10.0,0.6,0.6,0.6,2.84,3.43,4.01,3.43,2.0,1.21,24.0,0.5,0.7,0.4,82.5,84.3,86.0,84.3,2.0,3.6,24.0,0.5,0.4,8.41,9.8,14.0,10.37,10.0,3.09,10.0,0.6,0.5,0.6,-8.36,-2.45,7.11,-1.11,10.0,8.05,10.0,0.6,0.5,0.6,-9.95,-5.65,3.68,-4.23,10.0,6.55,10.0,0.6,0.5,0.6,992.01,1000.7,1023.03,1004.3,9.0,17.4,12.0,0.6,0.6,0.5,7.0,8.0,8.0,7.6,8.0,0.5,14.0,0.6,0.5,0.4,-103.5,-24.0,70.4,-19.3,10.0,97.0,10.0,0.6,0.5,0.6,-125.2,-47.9,30.7,-53.2,10.0,79.3,10.0,0.6,0.5,0.6,3.25,6.5,10.41,6.8,6.0,4.03,8.0,0.5,0.6,0.6,38.2,49.5,119.3,69.3,6.0,41.1,8.0,0.5,0.6,0.6,1.16,1.16,1.16,1.16,1.0,0.0,24.0,1.0,0.7,0.0,17.2,17.2,17.2,17.2,1.0,0.0,24.0,1.0,0.7,0.0,-19.2,14.7,39.7,19.7,9.0,50.2,10.0,0.6,0.6,0.6,2.3,24.3,29.9,18.7,9.0,17.7,10.0,0.6,0.6,0.6,20.4,23.0,25.7,23.0,2.0,5.5,24.0,0.5,0.7,0.4,-24.3,-5.3,13.7,-5.3,2.0,39.4,24.0,0.5,0.7,0.4,8.6,8.6,8.6,8.6,1.0,0.0,24.0,1.0,0.7,0.0,-14.9,-14.9,-14.9,-14.9,1.0,0.0,24.0,1.0,0.7,0.0,597.5,941.0,2744.0,1383.5,10.0,1111.0,10.0,0.6,0.5,0.6,595.0,940.0,2745.0,1385.0,10.0,1110.0,10.0,0.6,0.5,0.6
1974,2,189.0,58.0,-1.0,0.15,3.0,0.71,20.0,2.01,8.0,0.2,0.6,0.2,-12.0,-8.6,-5.2,-7.96,21.0,4.84,8.0,0.2,0.6,0.3,5.9,5.9,5.9,5.9,1.0,0.0,12.0,1.0,0.7,0.8,96.6,96.6,96.6,96.6,1.0,0.0,12.0,1.0,0.8,4.1,10.8,15.14,10.17,19.0,4.71,8.0,0.3,0.6,0.2,-12.36,-7.07,-1.65,-5.9,19.0,6.43,8.0,0.3,0.6,0.2,-10.23,-6.5,-2.88,-5.86,19.0,4.14,8.0,0.3,0.6,0.2,990.37,1000.55,1006.53,998.1,18.0,9.62,8.0,0.2,0.7,0.2,5.5,8.0,8.0,6.5,17.0,2.2,8.0,0.2,0.6,0.3,-195.0,-71.1,-5.0,-78.4,19.0,96.2,8.0,0.3,0.6,0.2,-126.9,-73.6,-12.0,-71.6,19.0,70.6,8.0,0.3,0.6,0.2,,,,,,,,,,,,,,,,,,,,,,,,,,,,,,,,,,,,,,,,,22.5,54.2,116.9,59.0,19.0,51.5,8.0,0.3,0.6,0.2,26.6,42.0,94.0,55.3,19.0,36.5,8.0,0.3,0.6,0.2,55.2,55.2,55.2,55.2,1.0,0.0,12.0,1.0,0.7,0.8,31.9,31.9,31.9,31.9,1.0,0.0,12.0,1.0,0.7,0.8,,,,,,,,,,,,,,,,,,,,,,,,,,,,,,,,,,,,,,,,
1974,2,190.0,-73.0,-0.95,-0.85,-0.75,-0.85,2.0,0.21,18.0,1.0,0.6,0.1,-4.24,-4.1,-3.96,-4.1,2.0,0.28,18.0,1.0,0.6,0.1,2.04,2.05,2.05,2.05,2.0,0.01,18.0,1.0,0.6,0.1,70.1,70.6,71.1,70.6,2.0,1.1,18.0,1.0,0.1,2.42,3.1,3.78,3.1,2.0,1.41,18.0,1.0,0.6,0.1,-3.2,-2.45,-1.7,-2.45,2.0,1.56,18.0,1.0,0.6,0.1,1.68,1.83,1.98,1.83,2.0,0.31,18.0,1.0,0.6,0.1,974.95,975.05,975.15,975.05,2.0,0.21,18.0,1.0,0.6,0.1,6.0,6.0,6.0,6.0,2.0,0.0,18.0,1.0,0.6,0.1,-12.7,-8.7,-4.7,-8.7,2.0,8.3,18.0,1.0,0.6,0.1,4.2,5.9,7.6,5.9,2.0,3.6,18.0,1.0,0.6,0.1,3.01,3.25,3.49,3.25,2.0,0.49,18.0,1.0,0.6,0.1,7.5,10.4,13.4,10.4,2.0,6.1,18.0,1.0,0.6,0.1,1.61,1.64,1.68,1.64,2.0,0.07,18.0,1.0,0.6,0.1,3.9,5.1,6.4,5.1,2.0,2.5,18.0,1.0,0.6,0.1,6.9,10.3,13.7,10.3,2.0,7.1,18.0,1.0,0.6,0.1,-8.4,-7.5,-6.7,-7.5,2.0,1.8,18.0,1.0,0.6,0.1,-6.5,-5.0,-3.5,-5.0,2.0,3.2,18.0,1.0,0.6,0.1,3.4,3.7,4.0,3.7,2.0,0.6,18.0,1.0,0.6,0.1,-5.4,-4.1,-2.8,-4.1,2.0,2.7,18.0,1.0,0.6,0.1,2.7,3.0,3.3,3.0,2.0,0.6,18.0,1.0,0.6,0.1,18.5,39.0,59.5,39.0,2.0,42.0,18.0,1.0,0.6,0.1,20.0,40.0,60.0,40.0,2.0,40.0,18.0,1.0,0.6,0.1
1974,2,190.0,-56.0,8.0,8.0,8.0,8.0,1.0,0.0,20.0,1.0,0.2,0.3,7.5,7.5,7.5,7.5,1.0,0.0,20.0,1.0,0.2,0.3,6.01,6.01,6.01,6.01,1.0,0.0,20.0,1.0,0.2,0.3,93.4,93.4,93.4,93.4,1.0,0.0,20.0,1.0,0.3,15.4,15.4,15.4,15.4,1.0,0.0,20.0,1.0,0.2,0.3,11.8,11.8,11.8,11.8,1.0,0.0,20.0,1.0,0.2,0.3,-9.9,-9.9,-9.9,-9.9,1.0,0.0,20.0,1.0,0.2,0.3,1009.2,1009.2,1009.2,1009.2,1.0,0.0,20.0,1.0,0.2,0.3,8.0,8.0,8.0,8.0,1.0,0.0,20.0,1.0,0.2,0.3,181.7,181.7,181.7,181.7,1.0,0.0,20.0,1.0,0.2,0.3,-152.4,-152.4,-152.4,-152.4,1.0,0.0,20.0,1.0,0.2,0.3,0.5,0.5,0.5,0.5,1.0,0.0,20.0,1.0,0.2,0.3,7.7,7.7,7.7,7.7,1.0,0.0,20.0,1.0,0.2,0.3,0.65,0.65,0.65,0.65,1.0,0.0,20.0,1.0,0.2,0.3,10.1,10.1,10.1,10.1,1.0,0.0,20.0,1.0,0.2,0.3,88.5,88.5,88.5,88.5,1.0,0.0,20.0,1.0,0.2,0.3,-74.2,-74.2,-74.2,-74.2,1.0,0.0,20.0,1.0,0.2,0.3,70.9,70.9,70.9,70.9,1.0,0.0,20.0,1.0,0.2,0.3,-59.5,-59.5,-59.5,-59.5,1.0,0.0,20.0,1.0,0.2,0.3,7.7,7.7,7.7,7.7,1.0,0.0,20.0,1.0,0.2,0.3,-6.5,-6.5,-6.5,-6.5,1.0,0.0,20.0,1.0,0.2,0.3,3652.5,3652.5,3652.5,3652.5,1.0,0.0,20.0,1.0,0.2,0.3,3650.0,3650.0,3650.0,3650.0,1.0,0.0,20.0,1.0,0.2,0.3
1974,2,190.0,-46.0,17.8,17.8,17.8,17.8,1.0,0.0,18.0,1.0,0.2,0.8,14.3,14.3,14.3,14.3,1.0,0.0,18.0,1.0,0.2,0.8,7.03,7.03,7.03,7.03,1.0,0.0,18.0,1.0,0.2,0.8,70.4,70.4,70.4,70.4,1.0,0.0,18.0,1.0,0.8,4.1,4.1,4.1,4.1,1.0,0.0,18.0,1.0,0.2,0.8,0.0,0.0,0.0,0.0,1.0,0.0,18.0,1.0,0.2,0.8,4.1,4.1,4.1,4.1,1.0,0.0,18.0,1.0,0.2,0.8,1024.8,1024.8,1024.8,1024.8,1.0,0.0,18.0,1.0,0.2,0.8,8.0,8.0,8.0,8.0,1.0,0.0,18.0,1.0,0.2,0.8,0.0,0.0,0.0,0.0,1.0,0.0,18.0,1.0,0.2,0.8,16.8,16.8,16.8,16.8,1.0,0.0,18.0,1.0,0.2,0.8,3.5,3.5,3.5,3.5,1.0,0.0,18.0,1.0,0.2,0.8,14.4,14.4,14.4,14.4,1.0,0.0,18.0,1.0,0.2,0.8,5.49,5.49,5.49,5.49,1.0,0.0,18.0,1.0,0.2,0.8,22.5,22.5,22.5,22.5,1.0,0.0,18.0,1.0,0.2,0.8,0.0,0.0,0.0,0.0,1.0,0.0,18.0,1.0,0.2,0.8,58.6,58.6,58.6,58.6,1.0,0.0,18.0,1.0,0.2,0.8,0.0,0.0,0.0,0.0,1.0,0.0,18.0,1.0,0.2,0.8,28.8,28.8,28.8,28.8,1.0,0.0,18.0,1.0,0.2,0.8,0.0,0.0,0.0,0.0,1.0,0.0,18.0,1.0,0.2,0.8,22.5,22.5,22.5,22.5,1.0,0.0,18.0,1.0,0.2,0.8,69.0,69.0,69.0,69.0,1.0,0.0,18.0,1.0,0.2,0.8,70.0,70.0,70.0,70.0,1.0,0.0,18.0,1.0,0.2,0.8
1974,2,190.0,-45.0,16.9,16.9,16.9,16.9,1.0,0.0,16.0,1.0,0.4,0.7,16.8,16.8,16.8,16.8,1.0,0.0,16.0,1.0,0.4,0.7,11.84,11.84,11.84,11.84,1.0,0.0,16.0,1.0,0.4,0.7,100.0,100.0,100.0,100.0,1.0,0.0,16.0,1.0,0.7,3.6,3.6,3.6,3.6,1.0,0.0,16.0,1.0,0.4,0.7,0.63,0.63,0.63,0.63,1.0,0.0,16.0,1.0,0.4,0.7,-3.55,-3.55,-3.55,-3.55,1.0,0.0,16.0,1.0,0.4,0.7,1016.7,1016.7,1016.7,1016.7,1.0,0.0,16.0,1.0,0.4,0.7,,,,,,,,,,,,,,,,,,,,,,,,,,,,,,,0.1,0.1,0.1,0.1,1.0,0.0,16.0,1.0,0.4,0.7,0.4,0.4,0.4,0.4,1.0,0.0,16.0,1.0,0.4,0.7,0.08,0.08,0.08,0.08,1.0,0.0,16.0,1.0,0.4,0.7,0.3,0.3,0.3,0.3,1.0,0.0,16.0,1.0,0.4,0.7,10.5,10.5,10.5,10.5,1.0,0.0,16.0,1.0,0.4,0.7,-59.6,-59.6,-59.6,-59.6,1.0,0.0,16.0,1.0,0.4,0.7,7.4,7.4,7.4,7.4,1.0,0.0,16.0,1.0,0.4,0.7,-42.0,-42.0,-42.0,-42.0,1.0,0.0,16.0,1.0,0.4,0.7,0.0,0.0,0.0,0.0,1.0,0.0,16.0,1.0,0.4,0.7,-0.3,-0.3,-0.3,-0.3,1.0,0.0,16.0,1.0,0.4,0.7,46.5,46.5,46.5,46.5,1.0,0.0,16.0,1.0,0.4,0.7,45.0,45.0,45.0,45.0,1.0,0.0,16.0,1.0,0.4,0.7
1974,2,190.0,-44.0,17.0,17.0,17.0,17.0,1.0,0.0,20.0,0.0,0.2,0.2,16.0,16.0,16.0,16.0,1.0,0.0,20.0,0.0,0.2,0.2,8.97,8.97,8.97,8.97,1.0,0.0,20.0,0.0,0.2,0.2,80.2,80.2,80.2,80.2,1.0,0.0,20.0,0.0,0.2,8.2,8.2,8.2,8.2,1.0,0.0,20.0,0.0,0.2,0.2,-6.28,-6.28,-6.28,-6.28,1.0,0.0,20.0,0.0,0.2,0.2,-5.27,-5.27,-5.27,-5.27,1.0,0.0,20.0,0.0,0.2,0.2,1021.0,1021.0,1021.0,1021.0,1.0,0.0,20.0,0.0,0.2,0.2,8.0,8.0,8.0,8.0,1.0,0.0,20.0,0.0,0.2,0.2,-51.5,-51.5,-51.5,-51.5,1.0,0.0,20.0,0.0,0.2,0.2,-43.2,-43.2,-43.2,-43.2,1.0,0.0,20.0,0.0,0.2,0.2,1.0,1.0,1.0,1.0,1.0,0.0,20.0,0.0,0.2,0.2,8.2,8.2,8.2,8.2,1.0,0.0,20.0,0.0,0.2,0.2,2.97,2.97,2.97,2.97,1.0,0.0,20.0,0.0,0.2,0.2,24.3,24.3,24.3,24.3,1.0,0.0,20.0,0.0,0.2,0.2,-100.5,-100.5,-100.5,-100.5,1.0,0.0,20.0,0.0,0.2,0.2,-84.3,-84.3,-84.3,-84.3,1.0,0.0,20.0,0.0,0.2,0.2,-56.4,-56.4,-56.4,-56.4,1.0,0.0,20.0,0.0,0.2,0.2,-47.3,-47.3,-47.3,-47.3,1.0,0.0,20.0,0.0,0.2,0.2,-18.6,-18.6,-18.6,-18.6,1.0,0.0,20.0,0.0,0.2,0.2,-15.6,-15.6,-15.6,-15.6,1.0,0.0,20.0,0.0,0.2,0.2,551.5,551.5,551.5,551.5,1.0,0.0,20.0,0.0,0.2,0.2,550.0,550.0,550.0,550.0,1.0,0.0,20.0,0.0,0.2,0.2
1974,2,190.0,-43.0,17.29,17.7,18.11,17.7,2.0,0.85,16.0,1.0,0.8,1.0,17.41,17.85,18.29,17.85,2.0,0.92,16.0,1.0,0.8,1.0,8.32,9.61,10.9,9.61,2.0,2.67,16.0,1.0,0.8,1.0,65.0,77.4,89.9,77.4,2.0,25.8,16.0,1.0,1.0,5.2,5.4,5.6,5.4,2.0,0.42,16.0,1.0,0.8,1.0,-2.94,-1.39,0.16,-1.39,2.0,3.22,16.0,1.0,0.8,1.0,-4.92,-4.69,-4.47,-4.69,2.0,0.46,16.0,1.0,0.8,1.0,1024.84,1025.35,1025.86,1025.35,2.0,1.06,16.0,1.0,0.8,1.0,6.3,7.0,7.7,7.0,2.0,1.4,16.0,1.0,0.8,1.0,-16.9,-8.2,0.5,-8.2,2.0,18.0,16.0,1.0,0.8,1.0,-25.5,-25.3,-25.0,-25.3,2.0,0.5,16.0,1.0,0.8,1.0,-0.18,-0.15,-0.12,-0.15,2.0,0.07,16.0,1.0,0.8,1.0,-1.0,-0.8,-0.6,-0.8,2.0,0.4,16.0,1.0,0.8,1.0,1.2,2.82,4.44,2.82,2.0,3.36,16.0,1.0,0.8,1.0,6.6,16.0,25.3,16.0,2.0,19.3,16.0,1.0,0.8,1.0,-54.6,-26.3,2.1,-26.3,2.0,58.7,16.0,1.0,0.8,1.0,-85.5,-83.6,-81.7,-83.6,2.0,4.0,16.0,1.0,0.8,1.0,-22.2,-9.1,4.1,-9.1,2.0,27.2,16.0,1.0,0.8,1.0,-54.0,-45.7,-37.5,-45.7,2.0,17.0,16.0,1.0,0.8,1.0,-16.0,-9.3,-2.7,-9.3,2.0,13.7,16.0,1.0,0.8,1.0,-19.5,-12.5,-5.5,-12.5,2.0,14.4,16.0,1.0,0.8,1.0,141.0,159.0,177.0,159.0,2.0,37.0,16.0,1.0,0.8,1.0,140.0,160.0,175.0,160.0,2.0,35.0,16.0,1.0,0.8,1.0
1974,2,190.0,-42.0,17.5,17.5,17.5,17.5,1.0,0.0,14.0,1.0,1.0,0.5,19.2,19.2,19.2,19.2,1.0,0.0,14.0,1.0,1.0,0.5,10.61,10.61,10.61,10.61,1.0,0.0,14.0,1.0,1.0,0.5,78.1,78.1,78.1,78.1,1.0,0.0,14.0,1.0,0.5,8.7,8.7,8.7,8.7,1.0,0.0,14.0,1.0,1.0,0.5,-6.66,-6.66,-6.66,-6.66,1.0,0.0,14.0,1.0,1.0,0.5,-5.59,-5.59,-5.59,-5.59,1.0,0.0,14.0,1.0,1.0,0.5,1029.7,1029.7,1029.7,1029.7,1.0,0.0,14.0,1.0,1.0,0.5,7.0,7.0,7.0,7.0,1.0,0.0,14.0,1.0,1.0,0.5,-58.0,-58.0,-58.0,-58.0,1.0,0.0,14.0,1.0,1.0,0.5,-48.7,-48.7,-48.7,-48.7,1.0,0.0,14.0,1.0,1.0,0.5,-1.7,-1.7,-1.7,-1.7,1.0,0.0,14.0,1.0,1.0,0.5,-14.8,-14.8,-14.8,-14.8,1.0,0.0,14.0,1.0,1.0,0.5,1.61,1.61,1.61,1.61,1.0,0.0,14.0,1.0,1.0,0.5,14.0,14.0,14.0,14.0,1.0,0.0,14.0,1.0,1.0,0.5,-128.0,-128.0,-128.0,-128.0,1.0,0.0,14.0,1.0,1.0,0.5,-107.4,-107.4,-107.4,-107.4,1.0,0.0,14.0,1.0,1.0,0.5,-70.7,-70.7,-70.7,-70.7,1.0,0.0,14.0,1.0,1.0,0.5,-59.3,-59.3,-59.3,-59.3,1.0,0.0,14.0,1.0,1.0,0.5,-10.7,-10.7,-10.7,-10.7,1.0,0.0,14.0,1.0,1.0,0.5,-9.0,-9.0,-9.0,-9.0,1.0,0.0,14.0,1.0,1.0,0.5,658.5,658.5,658.5,658.5,1.0,0.0,14.0,1.0,1.0,0.5,660.0,660.0,660.0,660.0,1.0,0.0,14.0,1.0,1.0,0.5
1974,2,190.0,-40.0,,,,,,,,,,,,,,,,,,,,,,,,,,,,,,,,,,,,,,,,6.2,6.2,6.2,6.2,1.0,0.0,14.0,1.0,0.2,1.0,-5.83,-5.83,-5.83,-5.83,1.0,0.0,14.0,1.0,0.2,1.0,-2.12,-2.12,-2.12,-2.12,1.0,0.0,14.0,1.0,0.2,1.0,1026.7,1026.7,1026.7,1026.7,1.0,0.0,14.0,1.0,0.2,1.0,8.0,8.0,8.0,8.0,1.0,0.0,14.0,1.0,0.2,1.0,-36.1,-36.1,-36.1,-36.1,1.0,0.0,14.0,1.0,0.2,1.0,-13.1,-13.1,-13.1,-13.1,1.0,0.0,14.0,1.0,0.2,1.0,,,,,,,,,,,,,,,,,,,,,,,,,,,,,,,,,,,,,,,,,-107.8,-107.8,-107.8,-107.8,1.0,0.0,14.0,1.0,0.2,1.0,-39.2,-39.2,-39.2,-39.2,1.0,0.0,14.0,1.0,0.2,1.0,-73.7,-73.7,-73.7,-73.7,1.0,0.0,14.0,1.0,0.2,1.0,-26.8,-26.8,-26.8,-26.8,1.0,0.0,14.0,1.0,0.2,1.0,,,,,,,,,,,,,,,,,,,,,,,,,,,,,,,,,,,,,,,,
1974,2,190.0,-38.0,20.0,20.0,20.0,20.0,1.0,0.0,18.0,1.0,0.3,0.1,20.3,20.3,20.3,20.3,1.0,0.0,18.0,1.0,0.3,0.1,13.84,13.84,13.84,13.84,1.0,0.0,18.0,1.0,0.3,0.1,94.0,94.0,94.0,94.0,1.0,0.0,18.0,1.0,0.1,,,,,,,,,,,,,,,,,,,,,,,,,,,,,,,,,,,,,,,,,,,,,,,,,,,,,,,,,,,,,,,,,,,,,,,,,,,,,,,,,,,,,,,,,,,,,,,,,,,,,,,,,,,,,,,,,,,,,,,,,,,,,,,,,,,,,,,,,,,,,,,,,,,,,,,,,,,,,,,,,,,,,,,,,,,,,,,,,,,,,,,,,,,,,,
1974,2,190.0,-36.0,20.6,20.6,20.6,20.6,1.0,0.0,28.0,0.0,0.3,0.3,21.2,21.2,21.2,21.2,1.0,0.0,28.0,0.0,0.3,0.3,14.97,14.97,14.97,14.97,1.0,0.0,28.0,0.0,0.3,0.3,94.6,94.6,94.6,94.6,1.0,0.0,28.0,0.0,0.3,,,,,,,,,,,,,,,,,,,,,,,,,,,,,,,,,,,,,,,,,,,,,,,,,,,,,,,,,,,,,,,,,,,,,,,,,,,,,,,,,,,,,,,,,,,,,,,,,,,,,,,,,,,,,,,,,,,,,,,,,,,,,,,,,,,,,,,,,,,,,,,,,,,,,,,,,,,,,,,,,,,,,,,,,,,,,,,,,,,,,,,,,,,,,,
1974,2,190.0,-33.0,,,,,,,,,,,,,,,,,,,,,,,,,,,,,,,,,,,,,,,,7.7,7.7,7.7,7.7,1.0,0.0,10.0,1.0,0.1,0.2,-4.95,-4.95,-4.95,-4.95,1.0,0.0,10.0,1.0,0.1,0.2,5.9,5.9,5.9,5.9,1.0,0.0,10.0,1.0,0.1,0.2,1016.9,1016.9,1016.9,1016.9,1.0,0.0,10.0,1.0,0.1,0.2,8.0,8.0,8.0,8.0,1.0,0.0,10.0,1.0,0.1,0.2,-38.1,-38.1,-38.1,-38.1,1.0,0.0,10.0,1.0,0.1,0.2,45.4,45.4,45.4,45.4,1.0,0.0,10.0,1.0,0.1,0.2,,,,,,,,,,,,,,,,,,,,,,,,,,,,,,,,,,,,,,,,,-114.8,-114.8,-114.8,-114.8,1.0,0.0,10.0,1.0,0.1,0.2,136.8,136.8,136.8,136.8,1.0,0.0,10.0,1.0,0.1,0.2,-76.8,-76.8,-76.8,-76.8,1.0,0.0,10.0,1.0,0.1,0.2,91.5,91.5,91.5,91.5,1.0,0.0,10.0,1.0,0.1,0.2,,,,,,,,,,,,,,,,,,,,,,,,,,,,,,,,,,,,,,,,
1974,2,190.0,-30.0,26.1,26.1,26.1,26.1,1.0,0.0,24.0,0.0,0.7,0.7,22.8,22.8,22.8,22.8,1.0,0.0,24.0,0.0,0.7,0.7,15.01,15.01,15.01,15.01,1.0,0.0,24.0,0.0,0.7,0.7,86.9,86.9,86.9,86.9,1.0,0.0,24.0,0.0,0.7,10.3,10.3,10.3,10.3,1.0,0.0,24.0,0.0,0.7,0.7,-7.89,-7.89,-7.89,-7.89,1.0,0.0,24.0,0.0,0.7,0.7,6.62,6.62,6.62,6.62,1.0,0.0,24.0,0.0,0.7,0.7,1012.3,1012.3,1012.3,1012.3,1.0,0.0,24.0,0.0,0.7,0.7,4.0,4.0,4.0,4.0,1.0,0.0,24.0,0.0,0.7,0.7,-81.3,-81.3,-81.3,-81.3,1.0,0.0,24.0,0.0,0.7,0.7,68.2,68.2,68.2,68.2,1.0,0.0,24.0,0.0,0.7,0.7,3.3,3.3,3.3,3.3,1.0,0.0,24.0,0.0,0.7,0.7,34.0,34.0,34.0,34.0,1.0,0.0,24.0,0.0,0.7,0.7,6.13,6.13,6.13,6.13,1.0,0.0,24.0,0.0,0.7,0.7,63.1,63.1,63.1,63.1,1.0,0.0,24.0,0.0,0.7,0.7,-179.9,-179.9,-179.9,-179.9,1.0,0.0,24.0,0.0,0.7,0.7,151.0,151.0,151.0,151.0,1.0,0.0,24.0,0.0,0.7,0.7,-118.5,-118.5,-118.5,-118.5,1.0,0.0,24.0,0.0,0.7,0.7,99.4,99.4,99.4,99.4,1.0,0.0,24.0,0.0,0.7,0.7,-48.4,-48.4,-48.4,-48.4,1.0,0.0,24.0,0.0,0.7,0.7,40.6,40.6,40.6,40.6,1.0,0.0,24.0,0.0,0.7,0.7,1092.5,1092.5,1092.5,1092.5,1.0,0.0,24.0,0.0,0.7,0.7,1095.0,1095.0,1095.0,1095.0,1.0,0.0,24.0,0.0,0.7,0.7
1974,2,190.0,-29.0,27.2,27.2,27.2,27.2,1.0,0.0,16.0,0.0,0.5,0.8,25.0,25.0,25.0,25.0,1.0,0.0,16.0,0.0,0.5,0.8,18.1,18.1,18.1,18.1,1.0,0.0,16.0,0.0,0.5,0.8,91.9,91.9,91.9,91.9,1.0,0.0,16.0,0.0,0.8,10.3,10.3,10.3,10.3,1.0,0.0,16.0,0.0,0.5,0.8,-10.3,-10.3,-10.3,-10.3,1.0,0.0,16.0,0.0,0.5,0.8,0.0,0.0,0.0,0.0,1.0,0.0,16.0,0.0,0.5,0.8,1016.6,1016.6,1016.6,1016.6,1.0,0.0,16.0,0.0,0.5,0.8,3.0,3.0,3.0,3.0,1.0,0.0,16.0,0.0,0.5,0.8,-106.1,-106.1,-106.1,-106.1,1.0,0.0,16.0,0.0,0.5,0.8,0.0,0.0,0.0,0.0,1.0,0.0,16.0,0.0,0.5,0.8,2.2,2.2,2.2,2.2,1.0,0.0,16.0,0.0,0.5,0.8,22.7,22.7,22.7,22.7,1.0,0.0,16.0,0.0,0.5,0.8,4.39,4.39,4.39,4.39,1.0,0.0,16.0,0.0,0.5,0.8,45.2,45.2,45.2,45.2,1.0,0.0,16.0,0.0,0.5,0.8,-257.5,-257.5,-257.5,-257.5,1.0,0.0,16.0,0.0,0.5,0.8,0.0,0.0,0.0,0.0,1.0,0.0,16.0,0.0,0.5,0.8,-186.4,-186.4,-186.4,-186.4,1.0,0.0,16.0,0.0,0.5,0.8,0.0,0.0,0.0,0.0,1.0,0.0,16.0,0.0,0.5,0.8,-45.2,-45.2,-45.2,-45.2,1.0,0.0,16.0,0.0,0.5,0.8,0.0,0.0,0.0,0.0,1.0,0.0,16.0,0.0,0.5,0.8,1092.5,1092.5,1092.5,1092.5,1.0,0.0,16.0,0.0,0.5,0.8,1095.0,1095.0,1095.0,1095.0,1.0,0.0,16.0,0.0,0.5,0.8
1974,2,190.0,-27.0,25.16,25.5,25.84,25.5,2.0,0.71,14.0,0.0,0.3,0.7,24.27,25.05,25.83,25.05,2.0,1.63,14.0,0.0,0.3,0.7,12.65,14.08,15.5,14.08,2.0,2.95,14.0,0.0,0.3,0.7,67.0,70.8,74.5,70.8,2.0,7.8,14.0,0.0,0.7,9.46,9.8,10.14,9.8,2.0,0.71,14.0,0.0,0.3,0.7,-8.52,-7.15,-5.79,-7.15,2.0,2.83,14.0,0.0,0.3,0.7,0.06,3.65,7.25,3.65,2.0,7.45,14.0,0.0,0.3,0.7,1013.69,1014.75,1015.81,1014.75,2.0,2.19,14.0,0.0,0.3,0.7,2.2,2.5,2.8,2.5,2.0,0.7,14.0,0.0,0.3,0.7,-80.1,-69.1,-58.1,-69.1,2.0,22.7,14.0,0.0,0.3,0.7,1.9,38.4,74.9,38.4,2.0,75.6,14.0,0.0,0.3,0.7,0.01,0.45,0.89,0.45,2.0,0.92,14.0,0.0,0.3,0.7,0.2,4.7,9.2,4.7,2.0,9.3,14.0,0.0,0.3,0.7,5.3,6.28,7.26,6.28,2.0,2.04,14.0,0.0,0.3,0.7,50.5,62.2,74.0,62.2,2.0,24.4,14.0,0.0,0.3,0.7,-221.4,-181.5,-141.6,-181.5,2.0,82.6,14.0,0.0,0.3,0.7,-1.8,85.4,172.6,85.4,2.0,180.7,14.0,0.0,0.3,0.7,-134.3,-104.9,-75.4,-104.9,2.0,61.0,14.0,0.0,0.3,0.7,-5.0,40.4,85.9,40.4,2.0,94.1,14.0,0.0,0.3,0.7,-43.6,-42.0,-40.5,-42.0,2.0,3.2,14.0,0.0,0.3,0.7,4.4,30.5,56.7,30.5,2.0,54.2,14.0,0.0,0.3,0.7,850.0,948.5,1047.0,948.5,2.0,204.0,14.0,0.0,0.3,0.7,850.0,950.0,1045.0,950.0,2.0,205.0,14.0,0.0,0.3,0.7
1974,2,190.0,-25.0,27.2,27.2,27.2,27.2,1.0,0.0,4.0,0.0,0.7,0.4,25.5,25.5,25.5,25.5,1.0,0.0,4.0,0.0,0.7,0.4,16.6,16.6,16.6,16.6,1.0,0.0,4.0,0.0,0.7,0.4,81.5,81.5,81.5,81.5,1.0,0.0,4.0,0.0,0.4,7.7,7.7,7.7,7.7,1.0,0.0,4.0,0.0,0.7,0.4,-4.95,-4.95,-4.95,-4.95,1.0,0.0,4.0,0.0,0.7,0.4,5.9,5.9,5.9,5.9,1.0,0.0,4.0,0.0,0.7,0.4,1011.2,1011.2,1011.2,1011.2,1.0,0.0,4.0,0.0,0.7,0.4,7.0,7.0,7.0,7.0,1.0,0.0,4.0,0.0,0.7,0.4,-38.1,-38.1,-38.1,-38.1,1.0,0.0,4.0,0.0,0.7,0.4,45.4,45.4,45.4,45.4,1.0,0.0,4.0,0.0,0.7,0.4,1.7,1.7,1.7,1.7,1.0,0.0,4.0,0.0,0.7,0.4,13.1,13.1,13.1,13.1,1.0,0.0,4.0,0.0,0.7,0.4,6.01,6.01,6.01,6.01,1.0,0.0,4.0,0.0,0.7,0.4,46.3,46.3,46.3,46.3,1.0,0.0,4.0,0.0,0.7,0.4,-126.2,-126.2,-126.2,-126.2,1.0,0.0,4.0,0.0,0.7,0.4,150.4,150.4,150.4,150.4,1.0,0.0,4.0,0.0,0.7,0.4,-82.2,-82.2,-82.2,-82.2,1.0,0.0,4.0,0.0,0.7,0.4,97.9,97.9,97.9,97.9,1.0,0.0,4.0,0.0,0.7,0.4,-29.7,-29.7,-29.7,-29.7,1.0,0.0,4.0,0.0,0.7,0.4,35.4,35.4,35.4,35.4,1.0,0.0,4.0,0.0,0.7,0.4,456.5,456.5,456.5,456.5,1.0,0.0,4.0,0.0,0.7,0.4,455.0,455.0,455.0,455.0,1.0,0.0,4.0,0.0,0.7,0.4
1974,2,190.0,-23.0,27.2,27.2,27.2,27.2,1.0,0.0,12.0,0.0,0.9,0.3,26.6,26.6,26.6,26.6,1.0,0.0,12.0,0.0,0.9,0.3,17.8,17.8,17.8,17.8,1.0,0.0,12.0,0.0,0.9,0.3,82.1,82.1,82.1,82.1,1.0,0.0,12.0,0.0,0.3,6.2,6.2,6.2,6.2,1.0,0.0,12.0,0.0,0.9,0.3,-3.99,-3.99,-3.99,-3.99,1.0,0.0,12.0,0.0,0.9,0.3,4.75,4.75,4.75,4.75,1.0,0.0,12.0,0.0,0.9,0.3,1014.7,1014.7,1014.7,1014.7,1.0,0.0,12.0,0.0,0.9,0.3,4.0,4.0,4.0,4.0,1.0,0.0,12.0,0.0,0.9,0.3,-24.7,-24.7,-24.7,-24.7,1.0,0.0,12.0,0.0,0.9,0.3,29.4,29.4,29.4,29.4,1.0,0.0,12.0,0.0,0.9,0.3,0.6,0.6,0.6,0.6,1.0,0.0,12.0,0.0,0.9,0.3,3.7,3.7,3.7,3.7,1.0,0.0,12.0,0.0,0.9,0.3,4.72,4.72,4.72,4.72,1.0,0.0,12.0,0.0,0.9,0.3,29.3,29.3,29.3,29.3,1.0,0.0,12.0,0.0,0.9,0.3,-106.0,-106.0,-106.0,-106.0,1.0,0.0,12.0,0.0,0.9,0.3,126.3,126.3,126.3,126.3,1.0,0.0,12.0,0.0,0.9,0.3,-71.0,-71.0,-71.0,-71.0,1.0,0.0,12.0,0.0,0.9,0.3,84.6,84.6,84.6,84.6,1.0,0.0,12.0,0.0,0.9,0.3,-18.8,-18.8,-18.8,-18.8,1.0,0.0,12.0,0.0,0.9,0.3,22.4,22.4,22.4,22.4,1.0,0.0,12.0,0.0,0.9,0.3,238.5,238.5,238.5,238.5,1.0,0.0,12.0,0.0,0.9,0.3,240.0,240.0,240.0,240.0,1.0,0.0,12.0,0.0,0.9,0.3
1974,2,190.0,-21.0,26.6,26.6,26.6,26.6,1.0,0.0,28.0,1.0,0.1,0.4,26.9,26.9,26.9,26.9,1.0,0.0,28.0,1.0,0.1,0.4,17.51,17.51,17.51,17.51,1.0,0.0,28.0,1.0,0.1,0.4,79.2,79.2,79.2,79.2,1.0,0.0,28.0,1.0,0.4,1.0,1.0,1.0,1.0,1.0,0.0,28.0,1.0,0.1,0.4,-0.98,-0.98,-0.98,-0.98,1.0,0.0,28.0,1.0,0.1,0.4,-0.17,-0.17,-0.17,-0.17,1.0,0.0,28.0,1.0,0.1,0.4,1013.0,1013.0,1013.0,1013.0,1.0,0.0,28.0,1.0,0.1,0.4,1.0,1.0,1.0,1.0,1.0,0.0,28.0,1.0,0.1,0.4,-1.0,-1.0,-1.0,-1.0,1.0,0.0,28.0,1.0,0.1,0.4,-0.2,-0.2,-0.2,-0.2,1.0,0.0,28.0,1.0,0.1,0.4,-0.3,-0.3,-0.3,-0.3,1.0,0.0,28.0,1.0,0.1,0.4,-0.3,-0.3,-0.3,-0.3,1.0,0.0,28.0,1.0,0.1,0.4,4.26,4.26,4.26,4.26,1.0,0.0,28.0,1.0,0.1,0.4,4.3,4.3,4.3,4.3,1.0,0.0,28.0,1.0,0.1,0.4,-26.5,-26.5,-26.5,-26.5,1.0,0.0,28.0,1.0,0.1,0.4,-4.7,-4.7,-4.7,-4.7,1.0,0.0,28.0,1.0,0.1,0.4,-17.2,-17.2,-17.2,-17.2,1.0,0.0,28.0,1.0,0.1,0.4,-3.0,-3.0,-3.0,-3.0,1.0,0.0,28.0,1.0,0.1,0.4,-4.2,-4.2,-4.2,-4.2,1.0,0.0,28.0,1.0,0.1,0.4,-0.7,-0.7,-0.7,-0.7,1.0,0.0,28.0,1.0,0.1,0.4,1.0,1.0,1.0,1.0,1.0,0.0,28.0,1.0,0.1,0.4,0.0,0.0,0.0,0.0,1.0,0.0,28.0,1.0,0.1,0.4
1974,2,190.0,-20.0,28.5,28.5,28.5,28.5,1.0,0.0,4.0,1.0,0.6,0.6,26.0,26.0,26.0,26.0,1.0,0.0,4.0,1.0,0.6,0.6,16.24,16.24,16.24,16.24,1.0,0.0,4.0,1.0,0.6,0.6,77.2,77.2,77.2,77.2,1.0,0.0,4.0,1.0,0.6,8.2,8.2,8.2,8.2,1.0,0.0,4.0,1.0,0.6,0.6,-6.28,-6.28,-6.28,-6.28,1.0,0.0,4.0,1.0,0.6,0.6,5.27,5.27,5.27,5.27,1.0,0.0,4.0,1.0,0.6,0.6,1008.6,1008.6,1008.6,1008.6,1.0,0.0,4.0,1.0,0.6,0.6,7.0,7.0,7.0,7.0,1.0,0.0,4.0,1.0,0.6,0.6,-51.5,-51.5,-51.5,-51.5,1.0,0.0,4.0,1.0,0.6,0.6,43.2,43.2,43.2,43.2,1.0,0.0,4.0,1.0,0.6,0.6,2.5,2.5,2.5,2.5,1.0,0.0,4.0,1.0,0.6,0.6,20.5,20.5,20.5,20.5,1.0,0.0,4.0,1.0,0.6,0.6,8.25,8.25,8.25,8.25,1.0,0.0,4.0,1.0,0.6,0.6,67.6,67.6,67.6,67.6,1.0,0.0,4.0,1.0,0.6,0.6,-163.3,-163.3,-163.3,-163.3,1.0,0.0,4.0,1.0,0.6,0.6,137.0,137.0,137.0,137.0,1.0,0.0,4.0,1.0,0.6,0.6,-102.0,-102.0,-102.0,-102.0,1.0,0.0,4.0,1.0,0.6,0.6,85.6,85.6,85.6,85.6,1.0,0.0,4.0,1.0,0.6,0.6,-51.8,-51.8,-51.8,-51.8,1.0,0.0,4.0,1.0,0.6,0.6,43.5,43.5,43.5,43.5,1.0,0.0,4.0,1.0,0.6,0.6,551.5,551.5,551.5,551.5,1.0,0.0,4.0,1.0,0.6,0.6,550.0,550.0,550.0,550.0,1.0,0.0,4.0,1.0,0.6,0.6
1974,2,190.0,-19.0,27.5,27.5,27.5,27.5,1.0,0.0,6.0,1.0,0.8,0.3,29.4,29.4,29.4,29.4,1.0,0.0,6.0,1.0,0.8,0.3,17.78,17.78,17.78,17.78,1.0,0.0,6.0,1.0,0.8,0.3,69.3,69.3,69.3,69.3,1.0,0.0,6.0,1.0,0.3,6.7,6.7,6.7,6.7,1.0,0.0,6.0,1.0,0.8,0.3,-3.35,-3.35,-3.35,-3.35,1.0,0.0,6.0,1.0,0.8,0.3,-5.8,-5.8,-5.8,-5.8,1.0,0.0,6.0,1.0,0.8,0.3,1010.0,1010.0,1010.0,1010.0,1.0,0.0,6.0,1.0,0.8,0.3,4.0,4.0,4.0,4.0,1.0,0.0,6.0,1.0,0.8,0.3,-22.4,-22.4,-22.4,-22.4,1.0,0.0,6.0,1.0,0.8,0.3,-38.9,-38.9,-38.9,-38.9,1.0,0.0,6.0,1.0,0.8,0.3,-1.9,-1.9,-1.9,-1.9,1.0,0.0,6.0,1.0,0.8,0.3,-12.7,-12.7,-12.7,-12.7,1.0,0.0,6.0,1.0,0.8,0.3,5.26,5.26,5.26,5.26,1.0,0.0,6.0,1.0,0.8,0.3,35.3,35.3,35.3,35.3,1.0,0.0,6.0,1.0,0.8,0.3,-98.5,-98.5,-98.5,-98.5,1.0,0.0,6.0,1.0,0.8,0.3,-170.6,-170.6,-170.6,-170.6,1.0,0.0,6.0,1.0,0.8,0.3,-59.6,-59.6,-59.6,-59.6,1.0,0.0,6.0,1.0,0.8,0.3,-103.2,-103.2,-103.2,-103.2,1.0,0.0,6.0,1.0,0.8,0.3,-17.6,-17.6,-17.6,-17.6,1.0,0.0,6.0,1.0,0.8,0.3,-30.5,-30.5,-30.5,-30.5,1.0,0.0,6.0,1.0,0.8,0.3,301.0,301.0,301.0,301.0,1.0,0.0,6.0,1.0,0.8,0.3,300.0,300.0,300.0,300.0,1.0,0.0,6.0,1.0,0.8,0.3
1974,2,190.0,-18.0,27.5,27.5,29.21,28.33,3.0,1.44,24.0,0.3,0.5,0.7,26.5,26.5,28.14,27.3,3.0,1.39,24.0,0.3,0.5,0.7,16.8,17.39,18.59,17.69,3.0,1.33,24.0,0.3,0.5,0.7,76.4,76.7,79.0,77.7,3.0,2.1,24.0,0.3,0.7,1.85,2.6,4.31,3.07,3.0,1.84,24.0,0.3,0.5,0.7,-2.77,-1.67,-1.04,-1.9,3.0,1.28,24.0,0.3,0.5,0.7,-3.3,-1.99,-1.52,-2.4,3.0,1.35,24.0,0.3,0.5,0.7,1008.21,1009.1,1009.3,1008.77,3.0,0.85,24.0,0.3,0.5,0.7,4.3,5.0,7.0,5.7,3.0,2.1,24.0,0.3,0.5,0.7,-12.8,-4.3,-2.1,-7.4,3.0,8.2,24.0,0.3,0.5,0.7,-15.2,-5.2,-3.0,-9.0,3.0,9.6,24.0,0.3,0.5,0.7,-0.64,1.0,2.71,1.03,3.0,2.45,24.0,0.3,0.5,0.7,-4.4,1.5,6.7,1.2,3.0,8.1,24.0,0.3,0.5,0.7,4.48,5.7,8.77,6.6,3.0,3.23,24.0,0.3,0.5,0.7,12.2,20.0,24.4,18.3,3.0,9.1,24.0,0.3,0.5,0.7,-78.7,-44.3,-27.6,-53.0,3.0,38.2,24.0,0.3,0.5,0.7,-93.8,-52.8,-40.3,-66.7,3.0,41.1,24.0,0.3,0.5,0.7,-51.6,-27.6,-17.7,-34.5,3.0,25.6,24.0,0.3,0.5,0.7,-61.5,-32.9,-25.9,-43.4,3.0,27.6,24.0,0.3,0.5,0.7,-15.7,-12.8,-7.0,-11.4,3.0,6.5,24.0,0.3,0.5,0.7,-18.7,-15.3,-9.9,-14.3,3.0,6.5,24.0,0.3,0.5,0.7,8.0,17.5,96.0,51.0,3.0,71.0,24.0,0.3,0.5,0.7,10.0,20.0,95.0,50.0,3.0,70.0,24.0,0.3,0.5,0.7
1974,2,190.0,-16.0,28.1,28.1,28.1,28.1,1.0,0.0,24.0,1.0,1.0,0.1,26.7,26.7,26.7,26.7,1.0,0.0,24.0,1.0,1.0,0.1,18.04,18.04,18.04,18.04,1.0,0.0,24.0,1.0,1.0,0.1,82.1,82.1,82.1,82.1,1.0,0.0,24.0,1.0,0.1,4.6,4.6,4.6,4.6,1.0,0.0,24.0,1.0,1.0,0.1,-3.98,-3.98,-3.98,-3.98,1.0,0.0,24.0,1.0,1.0,0.1,-2.3,-2.3,-2.3,-2.3,1.0,0.0,24.0,1.0,1.0,0.1,1007.8,1007.8,1007.8,1007.8,1.0,0.0,24.0,1.0,1.0,0.1,6.0,6.0,6.0,6.0,1.0,0.0,24.0,1.0,1.0,0.1,-18.3,-18.3,-18.3,-18.3,1.0,0.0,24.0,1.0,1.0,0.1,-10.6,-10.6,-10.6,-10.6,1.0,0.0,24.0,1.0,1.0,0.1,1.4,1.4,1.4,1.4,1.0,0.0,24.0,1.0,1.0,0.1,6.4,6.4,6.4,6.4,1.0,0.0,24.0,1.0,1.0,0.1,5.89,5.89,5.89,5.89,1.0,0.0,24.0,1.0,1.0,0.1,27.1,27.1,27.1,27.1,1.0,0.0,24.0,1.0,1.0,0.1,-106.4,-106.4,-106.4,-106.4,1.0,0.0,24.0,1.0,1.0,0.1,-61.4,-61.4,-61.4,-61.4,1.0,0.0,24.0,1.0,1.0,0.1,-71.9,-71.9,-71.9,-71.9,1.0,0.0,24.0,1.0,1.0,0.1,-41.5,-41.5,-41.5,-41.5,1.0,0.0,24.0,1.0,1.0,0.1,-23.5,-23.5,-23.5,-23.5,1.0,0.0,24.0,1.0,1.0,0.1,-13.5,-13.5,-13.5,-13.5,1.0,0.0,24.0,1.0,1.0,0.1,97.5,97.5,97.5,97.5,1.0,0.0,24.0,1.0,1.0,0.1,95.0,95.0,95.0,95.0,1.0,0.0,24.0,1.0,1.0,0.1
1974,2,190.0,-14.0,28.14,28.45,28.76,28.45,2.0,0.64,10.0,0.0,0.9,0.8,25.32,26.0,26.68,26.0,2.0,1.41,10.0,0.0,0.9,0.8,17.69,18.57,19.44,18.57,2.0,1.81,10.0,0.0,0.9,0.8,80.9,88.7,96.4,88.7,2.0,16.0,10.0,0.0,0.8,4.85,5.4,5.95,5.4,2.0,1.13,10.0,0.0,0.9,0.8,-4.55,-4.14,-3.72,-4.14,2.0,0.87,10.0,0.0,0.9,0.8,-3.82,-3.47,-3.12,-3.47,2.0,0.73,10.0,0.0,0.9,0.8,1007.69,1008.3,1008.91,1008.3,2.0,1.27,10.0,0.0,0.9,0.8,3.8,5.5,7.2,5.5,2.0,3.5,10.0,0.0,0.9,0.8,-27.3,-22.8,-18.3,-22.8,2.0,9.4,10.0,0.0,0.9,0.8,-22.9,-19.2,-15.4,-19.2,2.0,7.9,10.0,0.0,0.9,0.8,2.07,2.45,2.83,2.45,2.0,0.78,10.0,0.0,0.9,0.8,12.1,12.8,13.5,12.8,2.0,1.4,10.0,0.0,0.9,0.8,4.52,5.86,7.19,5.86,2.0,2.76,10.0,0.0,0.9,0.8,22.8,33.2,43.6,33.2,2.0,21.5,10.0,0.0,0.9,0.8,-121.9,-108.2,-94.5,-108.2,2.0,28.4,10.0,0.0,0.9,0.8,-102.3,-90.8,-79.3,-90.8,2.0,23.8,10.0,0.0,0.9,0.8,-80.2,-76.0,-71.9,-76.0,2.0,8.6,10.0,0.0,0.9,0.8,-67.3,-63.8,-60.3,-63.8,2.0,7.2,10.0,0.0,0.9,0.8,-33.4,-25.4,-17.5,-25.4,2.0,16.5,10.0,0.0,0.9,0.8,-28.0,-21.3,-14.6,-21.3,2.0,13.8,10.0,0.0,0.9,0.8,119.5,168.0,216.0,168.0,2.0,99.5,10.0,0.0,0.9,0.8,120.0,170.0,215.0,170.0,2.0,100.0,10.0,0.0,0.9,0.8
1974,2,190.0,-13.0,26.7,26.7,26.7,26.7,1.0,0.0,24.0,0.0,0.8,0.9,26.7,26.7,26.7,26.7,1.0,0.0,24.0,0.0,0.8,0.9,17.41,17.41,17.41,17.41,1.0,0.0,24.0,0.0,0.8,0.9,79.2,79.2,79.2,79.2,1.0,0.0,24.0,0.0,0.9,5.1,5.1,5.1,5.1,1.0,0.0,24.0,0.0,0.8,0.9,-4.42,-4.42,-4.42,-4.42,1.0,0.0,24.0,0.0,0.8,0.9,-2.55,-2.55,-2.55,-2.55,1.0,0.0,24.0,0.0,0.8,0.9,1006.4,1006.4,1006.4,1006.4,1.0,0.0,24.0,0.0,0.8,0.9,3.0,3.0,3.0,3.0,1.0,0.0,24.0,0.0,0.8,0.9,-22.5,-22.5,-22.5,-22.5,1.0,0.0,24.0,0.0,0.8,0.9,-13.0,-13.0,-13.0,-13.0,1.0,0.0,24.0,0.0,0.8,0.9,0.0,0.0,0.0,0.0,1.0,0.0,24.0,0.0,0.8,0.9,0.0,0.0,0.0,0.0,1.0,0.0,24.0,0.0,0.8,0.9,4.64,4.64,4.64,4.64,1.0,0.0,24.0,0.0,0.8,0.9,23.6,23.6,23.6,23.6,1.0,0.0,24.0,0.0,0.8,0.9,-117.9,-117.9,-117.9,-117.9,1.0,0.0,24.0,0.0,0.8,0.9,-68.1,-68.1,-68.1,-68.1,1.0,0.0,24.0,0.0,0.8,0.9,-76.9,-76.9,-76.9,-76.9,1.0,0.0,24.0,0.0,0.8,0.9,-44.4,-44.4,-44.4,-44.4,1.0,0.0,24.0,0.0,0.8,0.9,-20.5,-20.5,-20.5,-20.5,1.0,0.0,24.0,0.0,0.8,0.9,-11.8,-11.8,-11.8,-11.8,1.0,0.0,24.0,0.0,0.8,0.9,132.5,132.5,132.5,132.5,1.0,0.0,24.0,0.0,0.8,0.9,135.0,135.0,135.0,135.0,1.0,0.0,24.0,0.0,0.8,0.9
1974,2,190.0,-12.0,29.4,29.4,29.4,29.4,1.0,0.0,10.0,0.0,0.4,0.2,26.1,26.1,26.1,26.1,1.0,0.0,10.0,0.0,0.4,0.2,20.71,20.71,20.71,20.71,1.0,0.0,10.0,0.0,0.4,0.2,97.7,97.7,97.7,97.7,1.0,0.0,10.0,0.0,0.2,5.1,5.1,5.1,5.1,1.0,0.0,10.0,0.0,0.4,0.2,-5.1,-5.1,-5.1,-5.1,1.0,0.0,10.0,0.0,0.4,0.2,0.0,0.0,0.0,0.0,1.0,0.0,10.0,0.0,0.4,0.2,1009.1,1009.1,1009.1,1009.1,1.0,0.0,10.0,0.0,0.4,0.2,6.0,6.0,6.0,6.0,1.0,0.0,10.0,0.0,0.4,0.2,-26.0,-26.0,-26.0,-26.0,1.0,0.0,10.0,0.0,0.4,0.2,0.0,0.0,0.0,0.0,1.0,0.0,10.0,0.0,0.4,0.2,3.3,3.3,3.3,3.3,1.0,0.0,10.0,0.0,0.4,0.2,16.8,16.8,16.8,16.8,1.0,0.0,10.0,0.0,0.4,0.2,5.09,5.09,5.09,5.09,1.0,0.0,10.0,0.0,0.4,0.2,26.0,26.0,26.0,26.0,1.0,0.0,10.0,0.0,0.4,0.2,-133.1,-133.1,-133.1,-133.1,1.0,0.0,10.0,0.0,0.4,0.2,0.0,0.0,0.0,0.0,1.0,0.0,10.0,0.0,0.4,0.2,-105.6,-105.6,-105.6,-105.6,1.0,0.0,10.0,0.0,0.4,0.2,0.0,0.0,0.0,0.0,1.0,0.0,10.0,0.0,0.4,0.2,-26.0,-26.0,-26.0,-26.0,1.0,0.0,10.0,0.0,0.4,0.2,0.0,0.0,0.0,0.0,1.0,0.0,10.0,0.0,0.4,0.2,132.5,132.5,132.5,132.5,1.0,0.0,10.0,0.0,0.4,0.2,135.0,135.0,135.0,135.0,1.0,0.0,10.0,0.0,0.4,0.2
1974,2,190.0,-11.0,28.0,28.0,28.0,28.0,1.0,0.0,10.0,1.0,0.7,0.6,25.5,25.5,25.5,25.5,1.0,0.0,10.0,1.0,0.7,0.6,16.66,16.66,16.66,16.66,1.0,0.0,10.0,1.0,0.7,0.6,81.5,81.5,81.5,81.5,1.0,0.0,10.0,1.0,0.6,2.6,2.6,2.6,2.6,1.0,0.0,10.0,1.0,0.7,0.6,-1.99,-1.99,-1.99,-1.99,1.0,0.0,10.0,1.0,0.7,0.6,-1.67,-1.67,-1.67,-1.67,1.0,0.0,10.0,1.0,0.7,0.6,1007.6,1007.6,1007.6,1007.6,1.0,0.0,10.0,1.0,0.7,0.6,2.0,2.0,2.0,2.0,1.0,0.0,10.0,1.0,0.7,0.6,-5.2,-5.2,-5.2,-5.2,1.0,0.0,10.0,1.0,0.7,0.6,-4.3,-4.3,-4.3,-4.3,1.0,0.0,10.0,1.0,0.7,0.6,2.5,2.5,2.5,2.5,1.0,0.0,10.0,1.0,0.7,0.6,6.5,6.5,6.5,6.5,1.0,0.0,10.0,1.0,0.7,0.6,7.13,7.13,7.13,7.13,1.0,0.0,10.0,1.0,0.7,0.6,18.5,18.5,18.5,18.5,1.0,0.0,10.0,1.0,0.7,0.6,-50.8,-50.8,-50.8,-50.8,1.0,0.0,10.0,1.0,0.7,0.6,-42.6,-42.6,-42.6,-42.6,1.0,0.0,10.0,1.0,0.7,0.6,-33.2,-33.2,-33.2,-33.2,1.0,0.0,10.0,1.0,0.7,0.6,-27.8,-27.8,-27.8,-27.8,1.0,0.0,10.0,1.0,0.7,0.6,-14.2,-14.2,-14.2,-14.2,1.0,0.0,10.0,1.0,0.7,0.6,-11.9,-11.9,-11.9,-11.9,1.0,0.0,10.0,1.0,0.7,0.6,17.5,17.5,17.5,17.5,1.0,0.0,10.0,1.0,0.7,0.6,20.0,20.0,20.0,20.0,1.0,0.0,10.0,1.0,0.7,0.6
1974,2,190.0,-9.0,28.4,28.4,28.4,28.4,1.0,0.0,20.0,1.0,0.3,0.4,29.6,29.6,29.6,29.6,1.0,0.0,20.0,1.0,0.3,0.4,17.29,17.29,17.29,17.29,1.0,0.0,20.0,1.0,0.3,0.4,66.5,66.5,66.5,66.5,1.0,0.0,20.0,1.0,0.4,6.7,6.7,6.7,6.7,1.0,0.0,20.0,1.0,0.3,0.4,-4.31,-4.31,-4.31,-4.31,1.0,0.0,20.0,1.0,0.3,0.4,-5.13,-5.13,-5.13,-5.13,1.0,0.0,20.0,1.0,0.3,0.4,1007.2,1007.2,1007.2,1007.2,1.0,0.0,20.0,1.0,0.3,0.4,3.0,3.0,3.0,3.0,1.0,0.0,20.0,1.0,0.3,0.4,-28.9,-28.9,-28.9,-28.9,1.0,0.0,20.0,1.0,0.3,0.4,-34.4,-34.4,-34.4,-34.4,1.0,0.0,20.0,1.0,0.3,0.4,-1.2,-1.2,-1.2,-1.2,1.0,0.0,20.0,1.0,0.3,0.4,-8.0,-8.0,-8.0,-8.0,1.0,0.0,20.0,1.0,0.3,0.4,7.08,7.08,7.08,7.08,1.0,0.0,20.0,1.0,0.3,0.4,47.4,47.4,47.4,47.4,1.0,0.0,20.0,1.0,0.3,0.4,-127.5,-127.5,-127.5,-127.5,1.0,0.0,20.0,1.0,0.3,0.4,-151.9,-151.9,-151.9,-151.9,1.0,0.0,20.0,1.0,0.3,0.4,-74.5,-74.5,-74.5,-74.5,1.0,0.0,20.0,1.0,0.3,0.4,-88.7,-88.7,-88.7,-88.7,1.0,0.0,20.0,1.0,0.3,0.4,-30.5,-30.5,-30.5,-30.5,1.0,0.0,20.0,1.0,0.3,0.4,-36.3,-36.3,-36.3,-36.3,1.0,0.0,20.0,1.0,0.3,0.4,301.0,301.0,301.0,301.0,1.0,0.0,20.0,1.0,0.3,0.4,300.0,300.0,300.0,300.0,1.0,0.0,20.0,1.0,0.3,0.4
1974,2,190.0,-4.0,27.6,27.6,27.6,27.6,2.0,0.0,18.0,1.0,0.1,1.0,26.7,26.7,26.7,26.7,1.0,0.0,18.0,1.0,0.1,1.0,16.51,16.51,16.51,16.51,1.0,0.0,18.0,1.0,0.1,1.0,75.4,75.4,75.4,75.4,1.0,0.0,18.0,1.0,1.0,8.7,8.7,8.7,8.7,1.0,0.0,18.0,1.0,0.1,1.0,-8.7,-8.7,-8.7,-8.7,1.0,0.0,18.0,1.0,0.1,1.0,0.0,0.0,0.0,0.0,1.0,0.0,18.0,1.0,0.1,1.0,1010.3,1010.3,1010.3,1010.3,1.0,0.0,18.0,1.0,0.1,1.0,3.0,3.0,3.0,3.0,1.0,0.0,18.0,1.0,0.1,1.0,-75.7,-75.7,-75.7,-75.7,1.0,0.0,18.0,1.0,0.1,1.0,0.0,0.0,0.0,0.0,1.0,0.0,18.0,1.0,0.1,1.0,0.9,0.9,0.9,0.9,1.0,0.0,18.0,1.0,0.1,1.0,7.8,7.8,7.8,7.8,1.0,0.0,18.0,1.0,0.1,1.0,6.66,6.66,6.66,6.66,1.0,0.0,18.0,1.0,0.1,1.0,57.9,57.9,57.9,57.9,1.0,0.0,18.0,1.0,0.1,1.0,-232.3,-232.3,-232.3,-232.3,1.0,0.0,18.0,1.0,0.1,1.0,0.0,0.0,0.0,0.0,1.0,0.0,18.0,1.0,0.1,1.0,-143.6,-143.6,-143.6,-143.6,1.0,0.0,18.0,1.0,0.1,1.0,0.0,0.0,0.0,0.0,1.0,0.0,18.0,1.0,0.1,1.0,-57.9,-57.9,-57.9,-57.9,1.0,0.0,18.0,1.0,0.1,1.0,0.0,0.0,0.0,0.0,1.0,0.0,18.0,1.0,0.1,1.0,658.5,658.5,658.5,658.5,1.0,0.0,18.0,1.0,0.1,1.0,660.0,660.0,660.0,660.0,1.0,0.0,18.0,1.0,0.1,1.0
1974,2,190.0,-3.0,27.0,27.0,27.0,27.0,2.0,0.0,18.0,1.0,0.4,0.7,26.8,26.8,26.8,26.8,1.0,0.0,18.0,1.0,0.4,0.7,17.11,17.11,17.11,17.11,1.0,0.0,18.0,1.0,0.4,0.7,77.8,77.8,77.8,77.8,1.0,0.0,18.0,1.0,0.7,8.7,8.7,8.7,8.7,1.0,0.0,18.0,1.0,0.4,0.7,-8.57,-8.57,-8.57,-8.57,1.0,0.0,18.0,1.0,0.4,0.7,1.51,1.51,1.51,1.51,1.0,0.0,18.0,1.0,0.4,0.7,1011.4,1011.4,1011.4,1011.4,1.0,0.0,18.0,1.0,0.4,0.7,5.0,5.0,5.0,5.0,1.0,0.0,18.0,1.0,0.4,0.7,-74.5,-74.5,-74.5,-74.5,1.0,0.0,18.0,1.0,0.4,0.7,13.1,13.1,13.1,13.1,1.0,0.0,18.0,1.0,0.4,0.7,0.2,0.2,0.2,0.2,1.0,0.0,18.0,1.0,0.4,0.7,1.7,1.7,1.7,1.7,1.0,0.0,18.0,1.0,0.4,0.7,5.22,5.22,5.22,5.22,1.0,0.0,18.0,1.0,0.4,0.7,45.4,45.4,45.4,45.4,1.0,0.0,18.0,1.0,0.4,0.7,-229.6,-229.6,-229.6,-229.6,1.0,0.0,18.0,1.0,0.4,0.7,40.5,40.5,40.5,40.5,1.0,0.0,18.0,1.0,0.4,0.7,-146.6,-146.6,-146.6,-146.6,1.0,0.0,18.0,1.0,0.4,0.7,25.9,25.9,25.9,25.9,1.0,0.0,18.0,1.0,0.4,0.7,-44.7,-44.7,-44.7,-44.7,1.0,0.0,18.0,1.0,0.4,0.7,7.9,7.9,7.9,7.9,1.0,0.0,18.0,1.0,0.4,0.7,658.5,658.5,658.5,658.5,1.0,0.0,18.0,1.0,0.4,0.7,660.0,660.0,660.0,660.0,1.0,0.0,18.0,1.0,0.4,0.7
1974,2,190.0,-2.0,27.2,27.2,27.75,27.47,3.0,0.46,20.0,1.0,0.8,0.6,26.07,27.5,28.52,27.3,3.0,1.81,20.0,1.0,0.7,0.6,16.59,16.97,17.34,16.97,2.0,0.77,18.0,1.0,0.5,0.6,70.0,70.6,71.2,70.6,2.0,1.3,18.0,1.0,0.6,8.03,8.75,9.47,8.75,2.0,1.48,18.0,1.0,0.5,0.6,-8.95,-8.4,-7.84,-8.4,2.0,1.15,18.0,1.0,0.5,0.6,-3.03,-2.34,-1.66,-2.34,2.0,1.42,18.0,1.0,0.5,0.6,1004.75,1006.8,1008.71,1006.73,3.0,2.9,20.0,1.0,0.7,0.6,3.6,5.0,6.4,5.0,2.0,2.8,18.0,1.0,0.5,0.6,-85.2,-74.3,-63.4,-74.3,2.0,22.5,18.0,1.0,0.5,0.6,-29.3,-21.6,-13.9,-21.6,2.0,15.9,18.0,1.0,0.5,0.6,0.16,1.15,2.14,1.15,2.0,2.05,20.0,1.0,0.9,0.6,-2.9,-2.9,-2.9,-2.9,1.0,0.0,18.0,1.0,0.7,0.5,6.22,6.22,6.22,6.22,1.0,0.0,18.0,1.0,0.7,0.5,61.0,61.0,61.0,61.0,1.0,0.0,18.0,1.0,0.7,0.5,-248.0,-236.6,-225.2,-236.6,2.0,23.6,18.0,1.0,0.5,0.6,-83.7,-65.5,-47.2,-65.5,2.0,37.8,18.0,1.0,0.5,0.6,-148.3,-142.0,-135.7,-142.0,2.0,13.0,18.0,1.0,0.5,0.6,-50.0,-39.2,-28.4,-39.2,2.0,22.4,18.0,1.0,0.5,0.6,-57.3,-57.3,-57.3,-57.3,1.0,0.0,18.0,1.0,0.7,0.5,-20.9,-20.9,-20.9,-20.9,1.0,0.0,18.0,1.0,0.7,0.5,533.5,699.0,864.5,699.0,2.0,342.5,18.0,1.0,0.5,0.6,535.0,700.0,865.0,700.0,2.0,345.0,18.0,1.0,0.5,0.6
1974,2,190.0,-1.0,25.14,26.3,27.46,26.3,2.0,2.4,16.0,0.5,0.4,0.3,25.1,25.3,25.5,25.3,2.0,0.42,16.0,0.5,0.4,0.3,15.36,15.36,15.36,15.36,1.0,0.0,10.0,1.0,0.6,0.3,77.5,77.5,77.5,77.5,1.0,0.0,10.0,1.0,0.3,7.91,8.35,8.79,8.35,2.0,0.92,16.0,0.5,0.4,0.3,-8.17,-7.56,-6.95,-7.56,2.0,1.26,16.0,0.5,0.4,0.3,-3.73,-3.46,-3.2,-3.46,2.0,0.55,16.0,0.5,0.4,0.3,1003.96,1005.8,1007.64,1005.8,2.0,3.82,16.0,0.5,0.4,0.3,1.3,2.0,2.7,2.0,2.0,1.4,16.0,0.5,0.4,0.3,-72.2,-63.7,-55.3,-63.7,2.0,17.5,16.0,0.5,0.4,0.3,-29.3,-28.7,-28.0,-28.7,2.0,1.4,16.0,0.5,0.4,0.3,0.04,1.0,1.96,1.0,2.0,1.98,16.0,0.5,0.4,0.3,0.8,9.3,17.7,9.3,2.0,17.5,16.0,0.5,0.4,0.3,4.03,4.03,4.03,4.03,1.0,0.0,10.0,1.0,0.6,0.3,31.1,31.1,31.1,31.1,1.0,0.0,10.0,1.0,0.6,0.3,-208.6,-191.6,-174.6,-191.6,2.0,35.2,16.0,0.5,0.4,0.3,-93.5,-87.5,-81.6,-87.5,2.0,12.3,16.0,0.5,0.4,0.3,-102.4,-102.4,-102.4,-102.4,1.0,0.0,10.0,1.0,0.6,0.3,-59.1,-59.1,-59.1,-59.1,1.0,0.0,10.0,1.0,0.6,0.3,-26.9,-26.9,-26.9,-26.9,1.0,0.0,10.0,1.0,0.6,0.3,-15.5,-15.5,-15.5,-15.5,1.0,0.0,10.0,1.0,0.6,0.3,500.0,593.0,686.0,593.0,2.0,192.5,16.0,0.5,0.4,0.3,500.0,595.0,685.0,595.0,2.0,195.0,16.0,0.5,0.4,0.3
1974,2,190.0,1.0,26.1,26.1,26.1,26.1,1.0,0.0,18.0,0.0,0.7,0.8,25.6,25.6,25.6,25.6,1.0,0.0,18.0,0.0,0.7,0.8,17.06,17.06,17.06,17.06,1.0,0.0,18.0,0.0,0.7,0.8,83.0,83.0,83.0,83.0,1.0,0.0,18.0,0.0,0.8,7.7,7.7,7.7,7.7,1.0,0.0,18.0,0.0,0.7,0.8,-6.67,-6.67,-6.67,-6.67,1.0,0.0,18.0,0.0,0.7,0.8,3.85,3.85,3.85,3.85,1.0,0.0,18.0,0.0,0.7,0.8,1008.4,1008.4,1008.4,1008.4,1.0,0.0,18.0,0.0,0.7,0.8,0.0,0.0,0.0,0.0,1.0,0.0,18.0,0.0,0.7,0.8,-51.3,-51.3,-51.3,-51.3,1.0,0.0,18.0,0.0,0.7,0.8,29.6,29.6,29.6,29.6,1.0,0.0,18.0,0.0,0.7,0.8,0.5,0.5,0.5,0.5,1.0,0.0,18.0,0.0,0.7,0.8,3.9,3.9,3.9,3.9,1.0,0.0,18.0,0.0,0.7,0.8,4.17,4.17,4.17,4.17,1.0,0.0,18.0,0.0,0.7,0.8,32.1,32.1,32.1,32.1,1.0,0.0,18.0,0.0,0.7,0.8,-170.7,-170.7,-170.7,-170.7,1.0,0.0,18.0,0.0,0.7,0.8,98.6,98.6,98.6,98.6,1.0,0.0,18.0,0.0,0.7,0.8,-113.8,-113.8,-113.8,-113.8,1.0,0.0,18.0,0.0,0.7,0.8,65.7,65.7,65.7,65.7,1.0,0.0,18.0,0.0,0.7,0.8,-27.8,-27.8,-27.8,-27.8,1.0,0.0,18.0,0.0,0.7,0.8,16.0,16.0,16.0,16.0,1.0,0.0,18.0,0.0,0.7,0.8,456.5,456.5,456.5,456.5,1.0,0.0,18.0,0.0,0.7,0.8,455.0,455.0,455.0,455.0,1.0,0.0,18.0,0.0,0.7,0.8
1974,2,190.0,4.0,26.7,26.7,26.7,26.7,1.0,0.0,26.0,1.0,0.2,0.9,25.9,25.9,25.9,25.9,1.0,0.0,26.0,1.0,0.2,0.9,19.51,19.51,19.51,19.51,1.0,0.0,26.0,1.0,0.2,0.9,93.1,93.1,93.1,93.1,1.0,0.0,26.0,1.0,0.9,9.3,9.3,9.3,9.3,1.0,0.0,26.0,1.0,0.2,0.9,-9.3,-9.3,-9.3,-9.3,1.0,0.0,26.0,1.0,0.2,0.9,0.0,0.0,0.0,0.0,1.0,0.0,26.0,1.0,0.2,0.9,1008.5,1008.5,1008.5,1008.5,1.0,0.0,26.0,1.0,0.2,0.9,3.0,3.0,3.0,3.0,1.0,0.0,26.0,1.0,0.2,0.9,-86.5,-86.5,-86.5,-86.5,1.0,0.0,26.0,1.0,0.2,0.9,0.0,0.0,0.0,0.0,1.0,0.0,26.0,1.0,0.2,0.9,0.8,0.8,0.8,0.8,1.0,0.0,26.0,1.0,0.2,0.9,7.4,7.4,7.4,7.4,1.0,0.0,26.0,1.0,0.2,0.9,2.49,2.49,2.49,2.49,1.0,0.0,26.0,1.0,0.2,0.9,23.2,23.2,23.2,23.2,1.0,0.0,26.0,1.0,0.2,0.9,-240.9,-240.9,-240.9,-240.9,1.0,0.0,26.0,1.0,0.2,0.9,0.0,0.0,0.0,0.0,1.0,0.0,26.0,1.0,0.2,0.9,-181.4,-181.4,-181.4,-181.4,1.0,0.0,26.0,1.0,0.2,0.9,0.0,0.0,0.0,0.0,1.0,0.0,26.0,1.0,0.2,0.9,-23.2,-23.2,-23.2,-23.2,1.0,0.0,26.0,1.0,0.2,0.9,0.0,0.0,0.0,0.0,1.0,0.0,26.0,1.0,0.2,0.9,804.5,804.5,804.5,804.5,1.0,0.0,26.0,1.0,0.2,0.9,805.0,805.0,805.0,805.0,1.0,0.0,26.0,1.0,0.2,0.9
1974,2,190.0,8.0,29.0,29.0,29.0,29.0,1.0,0.0,28.0,0.0,0.6,0.0,26.6,26.6,26.6,26.6,1.0,0.0,28.0,0.0,0.6,0.0,18.59,18.59,18.59,18.59,1.0,0.0,28.0,0.0,0.6,0.0,85.1,85.1,85.1,85.1,1.0,0.0,28.0,0.0,0.0,7.2,7.2,7.2,7.2,1.0,0.0,28.0,0.0,0.6,0.0,-6.77,-6.77,-6.77,-6.77,1.0,0.0,28.0,0.0,0.6,0.0,2.46,2.46,2.46,2.46,1.0,0.0,28.0,0.0,0.6,0.0,1008.0,1008.0,1008.0,1008.0,1.0,0.0,28.0,0.0,0.6,0.0,3.0,3.0,3.0,3.0,1.0,0.0,28.0,0.0,0.6,0.0,-48.7,-48.7,-48.7,-48.7,1.0,0.0,28.0,0.0,0.6,0.0,17.7,17.7,17.7,17.7,1.0,0.0,28.0,0.0,0.6,0.0,2.4,2.4,2.4,2.4,1.0,0.0,28.0,0.0,0.6,0.0,17.3,17.3,17.3,17.3,1.0,0.0,28.0,0.0,0.6,0.0,6.64,6.64,6.64,6.64,1.0,0.0,28.0,0.0,0.6,0.0,47.8,47.8,47.8,47.8,1.0,0.0,28.0,0.0,0.6,0.0,-180.0,-180.0,-180.0,-180.0,1.0,0.0,28.0,0.0,0.6,0.0,65.5,65.5,65.5,65.5,1.0,0.0,28.0,0.0,0.6,0.0,-125.8,-125.8,-125.8,-125.8,1.0,0.0,28.0,0.0,0.6,0.0,45.8,45.8,45.8,45.8,1.0,0.0,28.0,0.0,0.6,0.0,-44.9,-44.9,-44.9,-44.9,1.0,0.0,28.0,0.0,0.6,0.0,16.3,16.3,16.3,16.3,1.0,0.0,28.0,0.0,0.6,0.0,373.0,373.0,373.0,373.0,1.0,0.0,28.0,0.0,0.6,0.0,375.0,375.0,375.0,375.0,1.0,0.0,28.0,0.0,0.6,0.0
1974,2,190.0,12.0,26.2,26.2,26.2,26.2,1.0,0.0,14.0,1.0,0.3,0.8,24.5,24.5,24.5,24.5,1.0,0.0,14.0,1.0,0.3,0.8,16.89,16.89,16.89,16.89,1.0,0.0,14.0,1.0,0.3,0.8,88.1,88.1,88.1,88.1,1.0,0.0,14.0,1.0,0.8,9.3,9.3,9.3,9.3,1.0,0.0,14.0,1.0,0.3,0.8,-9.16,-9.16,-9.16,-9.16,1.0,0.0,14.0,1.0,0.3,0.8,-1.61,-1.61,-1.61,-1.61,1.0,0.0,14.0,1.0,0.3,0.8,1012.5,1012.5,1012.5,1012.5,1.0,0.0,14.0,1.0,0.3,0.8,6.0,6.0,6.0,6.0,1.0,0.0,14.0,1.0,0.3,0.8,-85.2,-85.2,-85.2,-85.2,1.0,0.0,14.0,1.0,0.3,0.8,-15.0,-15.0,-15.0,-15.0,1.0,0.0,14.0,1.0,0.3,0.8,1.7,1.7,1.7,1.7,1.0,0.0,14.0,1.0,0.3,0.8,15.8,15.8,15.8,15.8,1.0,0.0,14.0,1.0,0.3,0.8,4.38,4.38,4.38,4.38,1.0,0.0,14.0,1.0,0.3,0.8,40.7,40.7,40.7,40.7,1.0,0.0,14.0,1.0,0.3,0.8,-224.4,-224.4,-224.4,-224.4,1.0,0.0,14.0,1.0,0.3,0.8,-39.6,-39.6,-39.6,-39.6,1.0,0.0,14.0,1.0,0.3,0.8,-154.7,-154.7,-154.7,-154.7,1.0,0.0,14.0,1.0,0.3,0.8,-27.3,-27.3,-27.3,-27.3,1.0,0.0,14.0,1.0,0.3,0.8,-40.1,-40.1,-40.1,-40.1,1.0,0.0,14.0,1.0,0.3,0.8,-7.1,-7.1,-7.1,-7.1,1.0,0.0,14.0,1.0,0.3,0.8,804.5,804.5,804.5,804.5,1.0,0.0,14.0,1.0,0.3,0.8,805.0,805.0,805.0,805.0,1.0,0.0,14.0,1.0,0.3,0.8
1974,2,190.0,13.0,26.2,26.2,26.2,26.2,1.0,0.0,16.0,1.0,0.9,0.1,26.0,26.0,26.0,26.0,1.0,0.0,16.0,1.0,0.9,0.1,17.87,17.87,17.87,17.87,1.0,0.0,16.0,1.0,0.9,0.1,85.1,85.1,85.1,85.1,1.0,0.0,16.0,1.0,0.1,7.7,7.7,7.7,7.7,1.0,0.0,16.0,1.0,0.9,0.1,-7.58,-7.58,-7.58,-7.58,1.0,0.0,16.0,1.0,0.9,0.1,-1.34,-1.34,-1.34,-1.34,1.0,0.0,16.0,1.0,0.9,0.1,1011.0,1011.0,1011.0,1011.0,1.0,0.0,16.0,1.0,0.9,0.1,3.0,3.0,3.0,3.0,1.0,0.0,16.0,1.0,0.9,0.1,-58.4,-58.4,-58.4,-58.4,1.0,0.0,16.0,1.0,0.9,0.1,-10.3,-10.3,-10.3,-10.3,1.0,0.0,16.0,1.0,0.9,0.1,0.2,0.2,0.2,0.2,1.0,0.0,16.0,1.0,0.9,0.1,1.5,1.5,1.5,1.5,1.0,0.0,16.0,1.0,0.9,0.1,3.43,3.43,3.43,3.43,1.0,0.0,16.0,1.0,0.9,0.1,26.4,26.4,26.4,26.4,1.0,0.0,16.0,1.0,0.9,0.1,-197.2,-197.2,-197.2,-197.2,1.0,0.0,16.0,1.0,0.9,0.1,-34.8,-34.8,-34.8,-34.8,1.0,0.0,16.0,1.0,0.9,0.1,-135.5,-135.5,-135.5,-135.5,1.0,0.0,16.0,1.0,0.9,0.1,-23.9,-23.9,-23.9,-23.9,1.0,0.0,16.0,1.0,0.9,0.1,-26.0,-26.0,-26.0,-26.0,1.0,0.0,16.0,1.0,0.9,0.1,-4.6,-4.6,-4.6,-4.6,1.0,0.0,16.0,1.0,0.9,0.1,456.5,456.5,456.5,456.5,1.0,0.0,16.0,1.0,0.9,0.1,455.0,455.0,455.0,455.0,1.0,0.0,16.0,1.0,0.9,0.1
1974,2,190.0,17.0,24.4,24.4,24.4,24.4,2.0,0.0,20.0,0.5,0.1,0.1,24.75,25.3,25.85,25.3,2.0,1.13,20.0,0.5,0.1,0.1,14.96,15.65,16.35,15.65,2.0,1.44,20.0,0.5,0.1,0.1,76.9,77.8,78.7,77.8,2.0,1.9,20.0,0.5,0.1,10.54,11.05,11.56,11.05,2.0,1.06,20.0,0.5,0.1,0.1,-10.94,-10.62,-10.29,-10.62,2.0,0.67,20.0,0.5,0.1,0.1,-3.11,-1.12,0.86,-1.12,2.0,4.12,20.0,0.5,0.1,0.1,1012.95,1013.05,1013.15,1013.05,2.0,0.21,20.0,0.5,0.1,0.1,2.6,4.0,5.4,4.0,2.0,2.8,20.0,0.5,0.1,0.1,-126.7,-117.7,-108.7,-117.7,2.0,18.6,20.0,0.5,0.1,0.1,-37.1,-14.6,7.9,-14.6,2.0,46.7,20.0,0.5,0.1,0.1,-1.45,-0.9,-0.35,-0.9,2.0,1.13,20.0,0.5,0.1,0.1,-14.9,-9.3,-3.8,-9.3,2.0,11.5,20.0,0.5,0.1,0.1,2.72,3.42,4.11,3.42,2.0,1.44,20.0,0.5,0.1,0.1,29.1,38.5,47.9,38.5,2.0,19.5,20.0,0.5,0.1,0.1,-270.6,-268.2,-265.8,-268.2,2.0,4.9,20.0,0.5,0.1,0.1,-75.8,-26.1,23.6,-26.1,2.0,102.9,20.0,0.5,0.1,0.1,-168.0,-165.7,-163.3,-165.7,2.0,4.9,20.0,0.5,0.1,0.1,-44.9,-14.6,15.7,-14.6,2.0,62.8,20.0,0.5,0.1,0.1,-45.2,-36.8,-28.3,-36.8,2.0,17.6,20.0,0.5,0.1,0.1,-14.4,-6.8,0.8,-6.8,2.0,15.7,20.0,0.5,0.1,0.1,1180.0,1368.0,1555.5,1368.0,2.0,389.0,20.0,0.5,0.1,0.1,1180.0,1370.0,1555.0,1370.0,2.0,390.0,20.0,0.5,0.1,0.1
1974,2,190.0,18.0,25.38,26.0,26.36,25.9,5.0,0.66,14.0,0.2,0.6,0.6,24.25,25.0,26.0,25.08,5.0,0.91,14.0,0.2,0.6,0.6,13.73,14.45,16.78,15.18,5.0,2.09,14.0,0.2,0.6,0.6,69.4,76.4,85.1,76.8,5.0,9.9,14.0,0.2,0.6,5.8,9.3,11.25,8.76,5.0,3.15,14.0,0.2,0.6,0.6,-10.86,-8.05,-5.13,-8.07,5.0,3.47,14.0,0.2,0.6,0.6,-3.93,0.0,2.54,-0.55,5.0,3.45,14.0,0.2,0.6,0.6,1013.76,1015.2,1016.86,1015.26,5.0,1.75,14.0,0.2,0.6,0.6,1.0,2.0,4.1,2.6,5.0,2.1,14.0,0.2,0.6,0.6,-124.1,-74.9,-30.2,-79.4,5.0,57.9,14.0,0.2,0.6,0.6,-38.8,0.0,14.5,-9.9,5.0,28.0,14.0,0.2,0.6,0.6,0.36,1.0,1.26,0.82,5.0,0.76,14.0,0.2,0.6,0.6,0.7,6.2,12.3,6.4,5.0,8.2,14.0,0.2,0.6,0.6,4.62,5.57,6.87,5.66,5.0,1.47,14.0,0.2,0.6,0.6,32.4,51.8,69.2,52.0,5.0,28.3,14.0,0.2,0.6,0.6,-272.4,-193.3,-129.6,-202.4,5.0,89.9,14.0,0.2,0.6,0.6,-95.3,0.0,64.8,-11.9,5.0,85.5,14.0,0.2,0.6,0.6,-158.6,-113.8,-79.8,-118.3,5.0,41.9,14.0,0.2,0.6,0.6,-59.3,0.0,41.6,-6.0,5.0,54.4,14.0,0.2,0.6,0.6,-67.2,-44.8,-29.3,-48.7,5.0,29.8,14.0,0.2,0.6,0.6,-21.2,0.0,12.4,-3.8,5.0,17.8,14.0,0.2,0.6,0.6,199.5,804.5,1477.5,883.0,5.0,810.0,14.0,0.2,0.6,0.6,200.0,805.0,1480.0,885.0,5.0,810.0,14.0,0.2,0.6,0.6
1974,2,190.0,19.0,24.32,25.25,25.83,25.2,6.0,0.95,18.0,0.2,0.5,0.4,24.56,24.6,26.1,25.21,7.0,1.39,20.0,0.3,0.6,0.4,14.87,15.46,16.09,15.47,5.0,0.72,20.0,0.0,0.5,0.4,79.0,80.4,82.7,80.9,5.0,2.5,20.0,0.0,0.4,5.22,6.45,7.64,6.36,8.0,1.26,18.0,0.4,0.6,0.4,-7.18,-6.2,-4.78,-5.94,8.0,1.19,18.0,0.4,0.6,0.4,-2.61,-1.68,-0.1,-1.34,8.0,2.02,18.0,0.4,0.6,0.4,1013.88,1014.95,1015.06,1014.6,6.0,0.73,18.0,0.2,0.5,0.4,1.0,2.0,4.0,2.4,8.0,1.5,18.0,0.4,0.6,0.4,-54.9,-40.0,-26.0,-39.0,8.0,14.3,18.0,0.4,0.6,0.4,-20.0,-11.0,-0.5,-8.6,8.0,14.4,18.0,0.4,0.6,0.4,-0.35,0.3,1.1,0.4,5.0,0.92,20.0,0.0,0.5,0.4,-2.4,2.3,8.0,3.1,5.0,6.9,20.0,0.0,0.5,0.4,2.97,4.04,5.37,4.17,5.0,1.34,20.0,0.0,0.5,0.4,20.4,31.1,38.1,30.0,5.0,11.1,20.0,0.0,0.5,0.4,-172.6,-154.9,-132.9,-155.4,7.0,19.0,20.0,0.3,0.6,0.4,-67.8,-56.4,-18.9,-40.1,7.0,54.0,20.0,0.3,0.6,0.4,-108.8,-104.6,-98.1,-103.9,5.0,7.6,20.0,0.0,0.5,0.4,-39.5,-34.5,2.8,-18.8,5.0,33.2,20.0,0.0,0.5,0.4,-35.8,-29.2,-19.5,-28.3,5.0,10.2,20.0,0.0,0.5,0.4,-11.0,-7.7,3.9,-3.4,5.0,11.2,20.0,0.0,0.5,0.4,144.5,269.5,447.5,283.0,8.0,142.0,18.0,0.4,0.6,0.4,145.0,270.0,445.0,285.0,8.0,140.0,18.0,0.4,0.6,0.4
1974,2,190.0,20.0,25.46,25.6,26.56,26.0,3.0,0.87,22.0,0.3,0.5,0.4,24.93,26.6,27.9,26.43,4.0,1.74,22.0,0.5,0.4,0.5,16.79,17.51,18.35,17.57,3.0,1.14,22.0,0.3,0.5,0.4,80.7,81.5,88.6,84.6,3.0,6.4,22.0,0.3,0.4,2.98,6.4,9.56,6.28,4.0,4.07,22.0,0.5,0.4,0.5,-7.27,-2.62,-0.97,-4.05,4.0,4.33,22.0,0.5,0.4,0.5,2.26,4.11,5.88,4.07,4.0,2.53,22.0,0.5,0.4,0.5,1012.88,1013.7,1017.32,1015.07,3.0,3.46,22.0,0.3,0.5,0.4,2.0,4.5,7.0,4.5,4.0,3.1,22.0,0.5,0.4,0.5,-73.4,-18.6,-2.7,-37.2,4.0,50.5,22.0,0.5,0.4,0.5,10.7,30.4,49.5,30.1,4.0,24.5,22.0,0.5,0.4,0.5,-1.5,0.0,1.71,0.1,3.0,2.35,22.0,0.3,0.5,0.4,-16.2,0.0,14.0,-1.1,3.0,22.2,22.0,0.3,0.5,0.4,2.42,3.79,4.38,3.41,3.0,1.47,22.0,0.3,0.5,0.4,18.0,19.2,32.1,24.9,3.0,11.5,22.0,0.3,0.5,0.4,-195.6,-66.3,-25.9,-108.8,4.0,120.9,22.0,0.5,0.4,0.5,63.0,108.9,145.9,104.7,4.0,60.4,22.0,0.5,0.4,0.5,-152.6,-71.8,-31.8,-91.7,3.0,90.2,22.0,0.3,0.5,0.4,70.9,74.5,108.6,89.4,3.0,30.4,22.0,0.3,0.5,0.4,-18.8,-18.1,-7.8,-13.4,3.0,9.0,22.0,0.3,0.5,0.4,9.9,17.2,28.0,18.9,3.0,13.3,22.0,0.3,0.5,0.4,48.0,324.5,922.5,478.0,4.0,573.5,22.0,0.5,0.4,0.5,50.0,325.0,920.0,480.0,4.0,575.0,22.0,0.5,0.4,0.5
1974,2,190.0,21.0,23.5,24.0,24.88,24.19,11.0,0.85,16.0,0.6,0.4,0.5,23.0,23.65,25.05,23.83,12.0,1.12,16.0,0.7,0.4,0.5,13.78,14.6,15.19,14.38,12.0,0.92,16.0,0.7,0.4,0.5,75.5,78.8,81.3,78.4,12.0,4.2,16.0,0.7,0.5,3.68,6.45,9.23,6.58,12.0,3.33,16.0,0.7,0.4,0.5,-9.07,-6.15,-2.41,-5.88,12.0,3.39,16.0,0.7,0.4,0.5,-0.86,0.0,1.74,0.73,12.0,2.93,16.0,0.7,0.4,0.5,1013.87,1015.05,1018.1,1015.58,12.0,2.08,16.0,0.7,0.4,0.5,2.0,3.0,5.5,3.7,12.0,2.0,16.0,0.7,0.4,0.5,-84.3,-38.1,-15.7,-47.9,12.0,39.2,16.0,0.7,0.4,0.5,-3.8,0.0,15.1,5.4,12.0,27.7,16.0,0.7,0.4,0.5,-0.38,0.2,1.5,0.48,11.0,1.31,16.0,0.6,0.4,0.5,-3.4,1.7,5.9,0.8,11.0,7.1,16.0,0.6,0.4,0.5,3.48,4.06,5.85,4.52,11.0,1.54,16.0,0.6,0.4,0.5,16.2,25.0,36.4,26.5,11.0,12.4,16.0,0.6,0.4,0.5,-213.1,-148.3,-63.0,-139.1,12.0,78.7,16.0,0.7,0.4,0.5,-21.1,0.0,40.5,18.9,12.0,73.9,16.0,0.7,0.4,0.5,-131.3,-92.7,-35.7,-85.0,12.0,49.6,16.0,0.7,0.4,0.5,-12.9,0.0,26.0,10.9,12.0,42.9,16.0,0.7,0.4,0.5,-34.9,-23.5,-9.0,-23.1,11.0,13.0,16.0,0.6,0.4,0.5,-4.2,0.0,8.0,3.2,11.0,12.7,16.0,0.6,0.4,0.5,73.0,269.5,811.5,474.0,12.0,477.0,16.0,0.7,0.4,0.5,75.0,270.0,810.0,475.0,12.0,475.0,16.0,0.7,0.4,0.5
1974,2,190.0,22.0,23.48,23.9,24.55,24.11,13.0,0.8,16.0,0.8,0.4,0.5,22.8,23.6,24.94,23.69,14.0,1.19,16.0,0.7,0.5,0.5,13.5,14.21,15.81,14.41,13.0,1.55,16.0,0.7,0.5,0.5,69.3,80.3,90.8,80.4,13.0,10.0,16.0,0.7,0.5,5.23,7.7,10.08,7.56,15.0,2.72,16.0,0.7,0.5,0.5,-10.05,-7.2,-4.32,-6.93,15.0,2.98,16.0,0.7,0.5,0.5,-2.48,0.0,2.44,0.0,15.0,2.87,16.0,0.7,0.5,0.5,1015.01,1017.5,1019.29,1017.33,14.0,2.37,16.0,0.7,0.5,0.5,2.0,3.0,6.3,3.7,15.0,2.2,16.0,0.7,0.5,0.5,-101.5,-51.8,-27.0,-59.5,15.0,41.2,16.0,0.7,0.5,0.5,-19.1,0.0,15.4,0.8,15.0,23.5,16.0,0.7,0.5,0.5,-0.63,0.65,2.01,0.52,12.0,1.57,16.0,0.8,0.4,0.5,-6.4,4.8,10.8,3.7,12.0,11.8,16.0,0.8,0.4,0.5,2.73,4.32,5.87,4.39,12.0,1.82,16.0,0.8,0.4,0.5,20.1,26.4,58.2,34.3,12.0,17.4,16.0,0.8,0.4,0.5,-241.3,-159.6,-100.3,-163.5,14.0,73.6,16.0,0.7,0.5,0.5,-59.4,0.0,56.0,2.6,14.0,69.4,16.0,0.7,0.5,0.5,-149.5,-105.4,-58.2,-101.3,13.0,45.3,16.0,0.7,0.5,0.5,-41.8,0.0,40.9,2.8,13.0,45.7,16.0,0.7,0.5,0.5,-57.7,-23.8,-17.4,-31.7,12.0,18.3,16.0,0.8,0.4,0.5,-14.2,-2.4,7.1,-2.9,12.0,12.1,16.0,0.8,0.4,0.5,144.5,456.5,1029.0,584.5,15.0,516.5,16.0,0.7,0.5,0.5,145.0,455.0,1030.0,585.0,15.0,515.0,16.0,0.7,0.5,0.5
1974,2,190.0,23.0,22.2,24.25,25.0,23.88,10.0,1.62,12.0,0.2,0.6,0.4,22.59,23.85,25.14,23.66,10.0,1.77,12.0,0.2,0.6,0.4,12.8,14.68,16.41,14.77,10.0,1.81,12.0,0.2,0.6,0.4,73.3,80.3,93.6,81.7,10.0,11.6,12.0,0.2,0.4,4.1,5.65,10.3,6.98,10.0,3.07,12.0,0.2,0.6,0.4,-9.01,-4.96,0.3,-4.55,10.0,4.72,12.0,0.2,0.6,0.4,-1.02,2.58,5.61,2.6,10.0,3.28,12.0,0.2,0.6,0.4,1014.66,1016.05,1017.61,1016.22,10.0,1.85,12.0,0.2,0.6,0.4,2.4,3.0,7.6,4.4,10.0,2.8,12.0,0.2,0.6,0.4,-91.2,-26.5,0.0,-42.5,10.0,48.2,12.0,0.2,0.6,0.4,-7.5,15.6,45.4,19.7,10.0,31.1,12.0,0.2,0.6,0.4,-1.27,0.3,1.17,0.22,10.0,2.0,12.0,0.2,0.6,0.4,-10.1,1.2,9.8,3.2,10.0,18.4,12.0,0.2,0.6,0.4,2.09,3.15,5.47,3.72,10.0,2.35,12.0,0.2,0.6,0.4,10.2,23.1,48.0,27.2,10.0,20.3,12.0,0.2,0.6,0.4,-195.6,-129.2,7.3,-105.7,10.0,105.9,12.0,0.2,0.6,0.4,-20.7,61.0,136.2,61.8,10.0,78.2,12.0,0.2,0.6,0.4,-125.2,-68.3,2.1,-64.6,10.0,63.6,12.0,0.2,0.6,0.4,-13.9,39.5,88.6,41.3,10.0,50.8,12.0,0.2,0.6,0.4,-45.9,-16.1,2.1,-19.9,10.0,24.1,12.0,0.2,0.6,0.4,-6.2,7.1,17.1,5.6,10.0,13.5,12.0,0.2,0.6,0.4,69.0,185.5,1092.5,525.0,10.0,548.0,12.0,0.2,0.6,0.4,70.0,185.0,1095.0,525.0,10.0,550.0,12.0,0.2,0.6,0.4
1974,2,190.0,24.0,23.15,23.9,24.43,23.71,7.0,0.91,16.0,0.7,0.6,0.3,21.99,23.35,24.75,23.43,6.0,1.76,16.0,0.7,0.5,0.3,14.1,14.17,14.98,14.48,5.0,0.49,12.0,0.6,0.6,0.3,77.3,83.2,87.0,82.2,5.0,6.6,12.0,0.6,0.3,5.03,7.2,7.82,6.67,7.0,2.23,16.0,0.7,0.6,0.3,-7.37,-6.67,-4.7,-5.59,7.0,3.68,16.0,0.7,0.6,0.3,-0.93,2.46,3.15,1.34,7.0,2.2,16.0,0.7,0.6,0.3,1010.55,1015.5,1020.05,1014.51,7.0,6.79,16.0,0.7,0.6,0.3,1.9,4.0,8.0,4.1,7.0,3.0,16.0,0.7,0.6,0.3,-58.0,-48.7,-24.1,-43.6,7.0,34.4,16.0,0.7,0.6,0.3,-5.2,11.2,20.7,8.0,7.0,16.5,16.0,0.7,0.6,0.3,-1.44,0.6,1.86,0.07,6.0,2.31,16.0,0.7,0.5,0.3,-7.0,2.9,16.7,2.8,6.0,14.5,16.0,0.7,0.5,0.3,2.32,3.75,4.53,3.44,5.0,1.33,12.0,0.6,0.6,0.3,9.2,24.3,34.8,23.2,5.0,15.3,12.0,0.6,0.6,0.3,-177.5,-142.2,-82.9,-124.6,6.0,90.4,16.0,0.7,0.5,0.3,-26.5,27.9,63.1,21.3,6.0,48.4,16.0,0.7,0.5,0.3,-117.0,-75.8,-36.1,-73.2,5.0,62.6,12.0,0.6,0.6,0.3,-17.7,0.0,40.6,9.0,5.0,31.4,12.0,0.6,0.6,0.3,-33.5,-24.3,-2.8,-19.7,5.0,19.1,12.0,0.6,0.6,0.3,-3.7,0.0,9.2,1.9,5.0,7.4,12.0,0.6,0.6,0.3,128.5,373.0,487.0,384.5,7.0,354.5,16.0,0.7,0.6,0.3,130.0,375.0,485.0,385.0,7.0,355.0,16.0,0.7,0.6,0.3
1974,2,190.0,25.0,22.48,23.5,24.52,23.5,2.0,2.12,24.0,0.0,0.4,0.1,22.24,22.75,23.26,22.75,2.0,1.06,24.0,0.0,0.4,0.1,14.34,14.68,15.03,14.68,2.0,0.71,24.0,0.0,0.4,0.1,84.7,85.5,86.4,85.5,2.0,1.8,24.0,0.0,0.1,7.86,8.2,8.54,8.2,2.0,0.71,24.0,0.0,0.4,0.1,-7.3,-5.4,-3.51,-5.4,2.0,3.92,24.0,0.0,0.4,0.1,-1.36,2.13,5.62,2.13,2.0,7.22,24.0,0.0,0.4,0.1,1014.45,1016.5,1018.55,1016.5,2.0,4.24,24.0,0.0,0.4,0.1,6.2,6.5,6.8,6.5,2.0,0.7,24.0,0.0,0.4,0.1,-63.1,-45.7,-28.3,-45.7,2.0,36.0,24.0,0.0,0.4,0.1,-12.9,14.9,42.8,14.9,2.0,57.7,24.0,0.0,0.4,0.1,0.24,0.75,1.26,0.75,2.0,1.06,24.0,0.0,0.4,0.1,1.8,5.8,9.7,5.8,2.0,8.2,24.0,0.0,0.4,0.1,2.56,3.38,4.2,3.38,2.0,1.7,24.0,0.0,0.4,0.1,21.6,27.1,32.7,27.1,2.0,11.5,24.0,0.0,0.4,0.1,-161.1,-120.9,-80.6,-120.9,2.0,83.4,24.0,0.0,0.4,0.1,-28.1,52.3,132.7,52.3,2.0,166.5,24.0,0.0,0.4,0.1,-103.9,-78.0,-52.0,-78.0,2.0,53.7,24.0,0.0,0.4,0.1,-18.1,33.8,85.7,33.8,2.0,107.5,24.0,0.0,0.4,0.1,-16.9,-14.9,-13.0,-14.9,2.0,4.1,24.0,0.0,0.4,0.1,-0.2,13.3,26.9,13.3,2.0,28.0,24.0,0.0,0.4,0.1,488.5,557.5,626.5,557.5,2.0,143.0,24.0,0.0,0.4,0.1,490.0,560.0,625.0,560.0,2.0,145.0,24.0,0.0,0.4,0.1
1974,2,190.0,26.0,21.07,21.85,22.68,21.88,4.0,1.15,18.0,0.3,0.7,0.6,21.27,23.0,24.11,22.66,5.0,1.74,14.0,0.4,0.6,0.5,12.88,15.68,16.51,14.85,5.0,2.28,14.0,0.4,0.6,0.5,81.1,91.9,94.6,87.2,5.0,13.9,14.0,0.4,0.5,5.1,6.7,9.3,7.1,5.0,2.11,14.0,0.4,0.6,0.5,-6.0,-1.61,2.33,-1.94,5.0,4.85,14.0,0.4,0.6,0.5,-5.36,2.55,5.16,0.16,5.0,6.27,14.0,0.4,0.6,0.5,1015.21,1016.0,1017.08,1016.14,5.0,1.64,14.0,0.4,0.6,0.5,2.0,7.0,8.0,5.4,5.0,3.1,14.0,0.4,0.6,0.5,-44.0,-15.0,13.8,-17.5,5.0,40.0,14.0,0.4,0.6,0.5,-49.9,13.0,29.7,-7.7,5.0,50.3,14.0,0.4,0.6,0.5,-1.26,-1.0,0.41,-0.45,4.0,1.45,18.0,0.3,0.7,0.6,-9.7,-7.2,5.9,-2.2,4.0,12.2,18.0,0.3,0.7,0.6,-0.21,0.42,1.52,0.64,4.0,1.36,18.0,0.3,0.7,0.6,-1.7,3.0,14.1,6.1,4.0,12.1,18.0,0.3,0.7,0.6,-144.8,-32.3,52.4,-47.4,5.0,115.3,14.0,0.4,0.6,0.5,-116.0,61.2,116.6,7.7,5.0,133.6,14.0,0.4,0.6,0.5,-87.7,-22.0,36.9,-28.8,5.0,79.8,14.0,0.4,0.6,0.5,-80.7,29.4,82.0,3.4,5.0,91.7,14.0,0.4,0.6,0.5,-3.9,-3.2,-0.8,-2.4,4.0,2.2,18.0,0.3,0.7,0.6,-14.1,-2.9,0.4,-6.7,4.0,11.1,18.0,0.3,0.7,0.6,132.5,301.0,804.5,435.0,5.0,344.0,14.0,0.4,0.6,0.5,135.0,300.0,805.0,435.0,5.0,345.0,14.0,0.4,0.6,0.5
1974,2,190.0,27.0,19.5,21.0,22.0,20.97,9.0,1.37,14.0,0.7,0.6,0.5,18.89,20.8,21.29,20.5,10.0,1.57,14.0,0.6,0.6,0.5,9.34,12.37,14.36,12.06,9.0,2.49,14.0,0.6,0.7,0.5,68.1,80.7,90.5,80.5,9.0,11.8,14.0,0.6,0.5,4.53,6.2,10.3,7.0,10.0,2.75,14.0,0.6,0.6,0.5,-7.66,-4.14,2.33,-3.32,10.0,4.55,14.0,0.6,0.6,0.5,-3.95,1.03,7.03,1.52,10.0,5.14,14.0,0.6,0.6,0.5,1015.71,1021.75,1023.24,1019.95,10.0,3.62,14.0,0.6,0.6,0.5,2.4,5.0,7.0,5.0,10.0,2.2,14.0,0.6,0.6,0.5,-71.7,-31.0,9.7,-31.7,10.0,37.5,14.0,0.6,0.6,0.5,-22.7,4.2,65.3,14.2,10.0,48.3,14.0,0.6,0.6,0.5,-1.5,1.1,2.23,0.47,9.0,1.78,14.0,0.7,0.6,0.5,-10.8,7.7,18.6,4.5,9.0,14.7,14.0,0.7,0.6,0.5,-0.17,4.42,5.92,3.37,8.0,2.99,14.0,0.6,0.7,0.4,-0.9,28.8,58.4,27.2,8.0,28.6,14.0,0.6,0.7,0.4,-146.0,-79.7,49.8,-65.8,10.0,91.6,14.0,0.6,0.6,0.5,-78.7,21.0,141.5,32.4,10.0,105.0,14.0,0.6,0.6,0.5,-87.2,-54.4,19.8,-42.9,9.0,52.6,14.0,0.6,0.7,0.5,-44.8,0.0,77.1,21.6,9.0,67.7,14.0,0.6,0.7,0.5,-42.2,-16.7,4.6,-17.4,8.0,25.1,14.0,0.6,0.7,0.4,-22.6,-6.7,9.2,-3.0,8.0,25.9,14.0,0.6,0.7,0.4,96.0,238.5,1092.5,489.0,10.0,478.5,14.0,0.6,0.6,0.5,95.0,240.0,1095.0,490.0,10.0,480.0,14.0,0.6,0.6,0.5
1974,2,190.0,28.0,19.97,22.2,22.43,21.61,7.0,1.35,10.0,0.6,0.5,0.4,16.85,21.5,21.89,19.43,9.0,3.52,10.0,0.4,0.5,0.3,8.74,11.5,13.71,11.13,8.0,2.44,10.0,0.5,0.5,0.4,70.1,83.7,86.7,80.1,8.0,8.5,10.0,0.5,0.4,5.4,7.7,8.07,7.08,9.0,1.42,10.0,0.4,0.5,0.3,-7.67,1.16,5.88,-0.31,9.0,6.28,10.0,0.4,0.5,0.3,-4.07,0.0,5.18,0.69,9.0,4.27,10.0,0.4,0.5,0.3,1013.05,1016.6,1021.81,1016.41,9.0,5.1,10.0,0.4,0.5,0.3,1.8,6.0,7.5,4.9,9.0,2.6,10.0,0.4,0.5,0.3,-59.0,7.8,42.9,-5.5,9.0,50.4,10.0,0.4,0.5,0.3,-21.4,0.0,41.8,8.1,9.0,27.9,10.0,0.4,0.5,0.3,0.69,0.8,2.26,1.44,7.0,1.09,10.0,0.6,0.5,0.4,4.9,5.4,17.0,9.0,7.0,5.8,10.0,0.6,0.5,0.4,2.93,4.69,5.26,4.42,7.0,1.29,10.0,0.6,0.5,0.4,24.4,26.6,32.5,28.9,7.0,6.5,10.0,0.6,0.5,0.4,-163.4,25.1,112.9,-13.3,9.0,127.5,10.0,0.4,0.5,0.3,-73.2,0.0,94.7,13.9,9.0,79.9,10.0,0.4,0.5,0.3,-84.4,13.7,71.7,1.9,8.0,76.2,10.0,0.5,0.5,0.4,-39.9,0.0,65.3,7.7,8.0,46.7,10.0,0.5,0.5,0.4,-24.8,7.3,17.8,1.3,7.0,21.7,10.0,0.6,0.5,0.4,-25.0,0.0,15.8,-0.6,7.0,23.4,10.0,0.6,0.5,0.4,161.0,456.5,526.0,392.0,9.0,216.5,10.0,0.4,0.5,0.3,160.0,455.0,525.0,390.0,9.0,215.0,10.0,0.4,0.5,0.3
1974,2,190.0,29.0,19.56,20.6,21.37,20.48,5.0,1.19,16.0,0.6,0.6,0.3,18.75,19.8,20.72,19.76,5.0,1.08,16.0,0.6,0.6,0.3,11.15,11.98,12.89,11.91,5.0,1.32,16.0,0.6,0.6,0.3,77.4,83.9,89.4,83.7,5.0,8.9,16.0,0.6,0.3,3.55,4.6,7.01,5.26,5.0,2.52,16.0,0.6,0.6,0.3,-3.4,0.45,2.35,-0.69,5.0,5.05,16.0,0.6,0.6,0.3,-0.84,2.56,4.53,1.96,5.0,3.16,16.0,0.6,0.6,0.3,1017.62,1018.6,1019.44,1018.58,5.0,1.12,16.0,0.6,0.6,0.3,2.6,4.0,8.0,5.0,5.0,2.8,16.0,0.6,0.6,0.3,-31.6,1.2,10.3,-12.2,5.0,42.1,16.0,0.6,0.6,0.3,-3.9,6.7,21.9,8.9,5.0,16.3,16.0,0.6,0.6,0.3,-0.25,0.5,1.76,0.72,5.0,1.12,16.0,0.6,0.6,0.3,-1.0,1.3,12.9,5.6,5.0,9.3,16.0,0.6,0.6,0.3,1.8,3.43,3.95,3.02,5.0,1.19,16.0,0.6,0.6,0.3,8.4,9.8,25.7,16.8,5.0,14.0,16.0,0.6,0.6,0.3,-67.2,9.3,46.3,-14.0,5.0,99.4,16.0,0.6,0.6,0.3,-15.9,52.5,90.1,39.2,5.0,60.6,16.0,0.6,0.6,0.3,-40.6,5.4,25.9,-9.7,5.0,58.7,16.0,0.6,0.6,0.3,-8.2,30.7,58.7,26.3,5.0,38.2,16.0,0.6,0.6,0.3,-15.0,1.5,7.0,-4.4,5.0,21.3,16.0,0.6,0.6,0.3,-3.1,7.1,9.1,3.4,5.0,7.7,16.0,0.6,0.6,0.3,50.0,97.5,411.5,234.5,5.0,324.0,16.0,0.6,0.6,0.3,50.0,95.0,410.0,235.0,5.0,325.0,16.0,0.6,0.6,0.3
1974,2,190.0,30.0,17.2,18.95,19.46,18.58,16.0,1.05,14.0,0.5,0.6,0.4,16.91,19.0,20.0,18.82,17.0,1.75,14.0,0.5,0.7,0.3,8.04,11.6,12.88,10.95,13.0,2.32,14.0,0.5,0.6,0.4,68.4,80.3,91.5,80.9,13.0,13.3,14.0,0.5,0.4,4.79,6.95,11.73,7.9,16.0,3.88,14.0,0.5,0.6,0.3,-8.11,1.56,7.24,-0.08,16.0,7.46,14.0,0.5,0.6,0.3,-2.91,1.84,5.59,1.39,16.0,4.89,14.0,0.5,0.6,0.3,1013.5,1017.8,1023.81,1018.06,17.0,4.59,14.0,0.5,0.7,0.3,3.2,8.0,8.0,6.1,15.0,2.6,14.0,0.6,0.6,0.4,-80.6,7.5,55.7,-12.7,16.0,91.6,14.0,0.5,0.6,0.3,-18.1,9.7,34.7,6.8,16.0,55.0,14.0,0.5,0.6,0.3,-2.34,-0.45,2.43,-0.17,16.0,2.24,14.0,0.5,0.6,0.4,-11.6,-2.0,19.6,0.7,15.0,19.2,14.0,0.5,0.6,0.4,0.24,2.16,5.59,2.47,13.0,2.64,14.0,0.5,0.6,0.4,1.6,13.1,44.7,22.1,13.0,34.4,14.0,0.5,0.6,0.4,-158.9,29.0,124.9,-2.7,16.0,134.3,14.0,0.5,0.6,0.3,-53.4,37.0,110.0,30.6,16.0,92.7,14.0,0.5,0.6,0.3,-55.4,23.6,60.1,2.7,13.0,66.6,14.0,0.5,0.6,0.4,-23.6,13.0,53.5,16.8,13.0,42.9,14.0,0.5,0.6,0.4,-2.3,4.4,16.9,0.9,13.0,40.8,14.0,0.5,0.6,0.4,-7.6,0.0,8.2,0.1,13.0,6.8,14.0,0.5,0.6,0.4,111.0,347.5,1632.0,865.5,16.0,1192.5,14.0,0.5,0.6,0.3,110.0,345.0,1630.0,865.0,16.0,1190.0,14.0,0.5,0.6,0.3
1974,2,190.0,31.0,16.71,17.8,19.7,18.18,9.0,1.43,14.0,0.4,0.6,0.5,16.17,18.3,19.21,17.67,11.0,1.96,12.0,0.4,0.6,0.4,6.54,9.49,11.69,9.34,8.0,2.51,14.0,0.5,0.7,0.5,61.5,80.7,92.4,77.0,8.0,16.9,14.0,0.5,0.5,3.89,7.2,9.3,6.64,11.0,2.87,12.0,0.4,0.6,0.4,-6.56,0.0,4.79,0.58,11.0,5.94,12.0,0.4,0.6,0.4,-2.74,2.6,4.99,1.52,11.0,4.3,12.0,0.4,0.6,0.4,1014.17,1020.5,1023.29,1019.14,11.0,4.61,12.0,0.4,0.6,0.4,2.4,7.5,8.0,5.8,10.0,2.7,12.0,0.4,0.6,0.4,-54.2,0.0,28.8,2.6,11.0,56.6,12.0,0.4,0.6,0.4,-21.2,6.8,43.0,10.4,11.0,35.5,12.0,0.4,0.6,0.4,-0.47,1.0,1.65,0.8,9.0,1.99,14.0,0.4,0.6,0.5,-1.5,5.4,9.6,7.0,9.0,16.2,14.0,0.4,0.6,0.5,1.86,3.26,5.1,3.33,8.0,1.77,14.0,0.5,0.7,0.5,9.5,17.8,34.4,20.0,8.0,13.8,14.0,0.5,0.7,0.5,-108.0,0.0,93.1,14.2,11.0,105.3,12.0,0.4,0.6,0.4,-39.9,47.6,96.3,30.7,11.0,74.5,12.0,0.4,0.6,0.4,-60.5,0.0,23.5,-8.0,8.0,49.0,14.0,0.5,0.7,0.5,-35.9,-8.3,54.0,3.7,8.0,42.4,14.0,0.5,0.7,0.5,-13.2,0.0,16.7,-0.4,8.0,18.9,14.0,0.5,0.7,0.5,-8.5,-4.1,8.5,0.2,8.0,17.0,14.0,0.5,0.7,0.5,59.5,373.0,804.5,446.5,11.0,491.5,12.0,0.4,0.6,0.4,60.0,375.0,805.0,445.0,11.0,490.0,12.0,0.4,0.6,0.4
1974,2,190.0,32.0,16.52,17.0,17.33,16.8,7.0,0.92,12.0,0.6,0.6,0.7,13.98,16.1,18.0,16.01,7.0,1.79,12.0,0.6,0.6,0.7,5.89,8.15,11.32,8.44,6.0,2.95,14.0,0.7,0.6,0.7,60.7,76.8,94.1,75.6,6.0,19.8,14.0,0.7,0.7,4.03,7.2,9.35,6.61,7.0,2.8,12.0,0.6,0.6,0.7,-6.05,0.0,2.97,-0.23,7.0,6.11,12.0,0.6,0.6,0.7,-3.59,-1.61,5.13,0.1,7.0,4.64,12.0,0.6,0.6,0.7,1018.98,1022.0,1024.43,1022.01,7.0,2.55,12.0,0.6,0.6,0.7,2.0,4.0,8.0,5.0,7.0,3.0,12.0,0.6,0.6,0.7,-47.3,0.0,15.1,-2.8,7.0,56.8,12.0,0.6,0.6,0.7,-36.4,-12.9,26.9,-2.9,7.0,32.8,12.0,0.6,0.6,0.7,-1.51,1.0,3.02,0.79,7.0,2.02,12.0,0.6,0.6,0.7,-4.7,7.7,12.6,4.8,7.0,10.2,12.0,0.6,0.6,0.7,-0.43,3.87,5.97,3.18,6.0,3.24,14.0,0.7,0.6,0.7,-1.9,21.4,33.9,19.8,6.0,20.1,14.0,0.7,0.6,0.7,-95.2,0.0,43.5,-1.1,7.0,102.7,12.0,0.6,0.6,0.7,-64.1,-26.0,70.8,2.1,7.0,76.4,12.0,0.6,0.6,0.7,-42.8,-2.7,17.8,-14.7,6.0,41.9,14.0,0.7,0.6,0.7,-21.0,1.2,42.1,12.4,6.0,42.7,14.0,0.7,0.6,0.7,-23.5,-3.2,3.1,-8.3,6.0,18.5,14.0,0.7,0.6,0.7,-20.7,-3.1,5.2,-4.7,6.0,20.5,14.0,0.7,0.6,0.7,66.5,373.0,818.0,421.0,7.0,402.5,12.0,0.6,0.6,0.7,65.0,375.0,820.0,420.0,7.0,400.0,12.0,0.6,0.6,0.7
1974,2,190.0,33.0,15.09,17.0,18.21,16.6,11.0,1.79,14.0,0.3,0.5,0.4,12.45,15.8,17.08,15.09,13.0,2.16,14.0,0.4,0.5,0.4,6.55,8.89,11.23,8.92,10.0,2.19,14.0,0.4,0.5,0.4,69.9,78.8,92.8,80.9,10.0,12.4,14.0,0.4,0.4,7.06,10.3,14.15,10.77,13.0,4.35,14.0,0.4,0.5,0.4,-5.63,2.85,10.83,2.6,13.0,9.87,14.0,0.4,0.5,0.4,-1.83,3.91,7.98,3.32,13.0,5.29,14.0,0.4,0.5,0.4,1008.31,1016.5,1023.86,1017.07,13.0,6.89,14.0,0.4,0.5,0.4,5.0,7.5,8.0,6.8,12.0,1.7,14.0,0.3,0.5,0.4,-50.1,16.2,123.8,44.9,13.0,151.1,14.0,0.4,0.5,0.4,-19.4,20.3,101.0,38.0,13.0,65.7,14.0,0.4,0.5,0.4,-1.04,1.0,4.06,1.38,11.0,2.63,14.0,0.3,0.5,0.4,-10.6,10.8,63.2,20.6,11.0,42.3,14.0,0.3,0.5,0.4,1.25,2.15,5.58,3.19,9.0,2.47,14.0,0.3,0.5,0.4,12.5,21.2,82.0,42.4,9.0,40.4,14.0,0.3,0.5,0.4,-88.2,47.0,168.0,31.9,13.0,141.1,14.0,0.4,0.5,0.4,-29.8,69.5,119.5,52.0,13.0,78.6,14.0,0.4,0.5,0.4,-63.6,15.7,107.4,18.9,10.0,86.2,14.0,0.4,0.5,0.4,-7.9,50.4,59.8,32.7,10.0,36.3,14.0,0.4,0.5,0.4,-8.3,6.1,50.7,14.9,9.0,53.1,14.0,0.3,0.5,0.4,-3.6,0.0,32.7,9.8,9.0,22.0,14.0,0.3,0.5,0.4,355.5,1092.5,2858.5,1862.0,13.0,2247.5,14.0,0.4,0.5,0.4,355.0,1095.0,2860.0,1860.0,13.0,2250.0,14.0,0.4,0.5,0.4
1974,2,190.0,34.0,15.0,15.8,16.63,15.92,6.0,0.95,12.0,0.7,0.5,0.2,15.85,16.0,17.73,16.42,9.0,1.03,8.0,0.7,0.6,0.2,9.74,10.13,11.05,10.36,6.0,0.92,12.0,0.5,0.6,0.2,81.3,89.6,90.6,87.1,6.0,6.0,12.0,0.5,0.2,5.8,7.7,10.76,8.79,9.0,3.78,8.0,0.7,0.6,0.2,-7.24,-3.86,5.64,-2.48,9.0,7.37,8.0,0.7,0.6,0.2,-1.27,3.91,6.79,2.59,9.0,5.69,8.0,0.7,0.6,0.2,1009.26,1012.0,1019.75,1013.31,9.0,6.59,8.0,0.7,0.6,0.2,7.1,8.0,8.0,7.6,8.0,0.7,8.0,0.6,0.6,0.2,-58.3,-24.4,43.4,-35.9,9.0,96.9,8.0,0.7,0.6,0.2,-6.5,19.9,60.6,15.3,9.0,74.3,8.0,0.7,0.6,0.2,-2.21,-0.35,0.08,-0.88,6.0,1.32,12.0,0.7,0.5,0.2,-16.8,-3.0,0.8,-6.7,6.0,10.1,12.0,0.7,0.5,0.2,0.17,0.66,1.61,0.83,5.0,0.83,14.0,0.6,0.5,0.2,0.4,3.4,20.6,9.8,5.0,14.0,14.0,0.6,0.5,0.2,-115.8,-65.7,86.0,-42.3,9.0,117.1,8.0,0.7,0.6,0.2,-22.9,70.3,108.7,42.8,9.0,92.9,8.0,0.7,0.6,0.2,-77.1,-49.5,-15.3,-47.1,6.0,61.1,12.0,0.5,0.6,0.2,-33.3,49.1,81.1,30.6,6.0,70.5,12.0,0.5,0.6,0.2,-15.9,-2.2,-0.9,-8.0,5.0,11.8,14.0,0.6,0.5,0.2,-7.3,-0.7,5.5,-1.2,5.0,9.7,14.0,0.6,0.5,0.2,220.0,456.5,1270.5,1077.5,9.0,1653.5,8.0,0.7,0.6,0.2,220.0,455.0,1270.0,1080.0,9.0,1655.0,8.0,0.7,0.6,0.2
1974,2,190.0,35.0,14.3,15.0,16.25,15.25,6.0,1.19,16.0,0.3,0.4,0.2,13.19,15.6,16.06,14.9,7.0,1.7,16.0,0.4,0.5,0.2,7.08,7.93,10.3,8.43,6.0,1.75,16.0,0.3,0.4,0.2,75.6,78.2,89.3,80.3,6.0,7.8,16.0,0.3,0.2,5.05,7.7,10.02,7.86,7.0,3.44,16.0,0.4,0.5,0.2,-1.4,5.83,10.02,5.54,7.0,6.0,16.0,0.4,0.5,0.2,-0.94,0.0,3.35,1.1,7.0,3.27,16.0,0.4,0.5,0.2,1008.05,1014.5,1017.81,1014.14,7.0,5.22,16.0,0.4,0.5,0.2,2.9,4.0,5.1,4.1,7.0,2.2,16.0,0.4,0.5,0.2,-10.3,36.1,101.4,57.6,7.0,76.0,16.0,0.4,0.5,0.2,-4.9,0.0,15.1,7.7,7.0,23.7,16.0,0.4,0.5,0.2,-1.16,0.6,2.39,0.53,6.0,2.46,16.0,0.3,0.4,0.2,-6.5,3.1,21.8,6.3,6.0,16.1,16.0,0.3,0.4,0.2,0.73,2.66,3.91,2.34,6.0,2.08,16.0,0.3,0.4,0.2,5.0,17.1,33.5,17.9,6.0,15.4,16.0,0.3,0.4,0.2,-19.1,93.2,132.3,82.0,7.0,93.2,16.0,0.4,0.5,0.2,-12.8,0.0,56.3,15.6,7.0,46.0,16.0,0.4,0.5,0.2,-13.6,45.9,67.3,31.8,6.0,42.0,16.0,0.3,0.4,0.2,-9.0,0.0,38.3,10.3,6.0,28.4,16.0,0.3,0.4,0.2,0.8,11.2,21.3,11.6,6.0,13.6,16.0,0.3,0.4,0.2,-3.2,-1.3,7.6,4.6,6.0,15.8,16.0,0.3,0.4,0.2,129.5,456.5,1039.0,754.5,7.0,1026.0,16.0,0.4,0.5,0.2,130.0,455.0,1040.0,755.0,7.0,1025.0,16.0,0.4,0.5,0.2
1974,2,190.0,36.0,14.0,14.45,14.99,14.21,14.0,1.41,10.0,0.6,0.8,0.5,11.5,14.1,15.0,13.44,15.0,1.73,12.0,0.6,0.8,0.5,5.47,8.62,9.29,7.85,15.0,1.68,12.0,0.6,0.8,0.5,68.1,82.8,92.4,81.0,15.0,12.2,12.0,0.6,0.5,3.79,6.2,10.58,7.15,15.0,3.21,12.0,0.6,0.8,0.5,0.0,2.12,9.66,3.83,15.0,5.73,12.0,0.6,0.8,0.5,0.36,2.12,5.63,2.44,15.0,3.19,12.0,0.6,0.8,0.5,1002.66,1007.8,1020.49,1010.6,15.0,9.89,12.0,0.6,0.8,0.5,3.0,6.0,8.0,5.7,13.0,2.1,12.0,0.6,0.8,0.5,0.0,13.1,94.6,40.7,15.0,58.4,12.0,0.6,0.8,0.5,0.9,15.0,37.5,17.9,15.0,25.1,12.0,0.6,0.8,0.5,-0.39,0.25,2.5,0.77,14.0,1.31,10.0,0.6,0.8,0.5,-2.1,1.6,23.5,6.7,14.0,12.2,10.0,0.6,0.8,0.5,1.28,1.74,3.39,2.25,14.0,1.51,10.0,0.6,0.8,0.5,5.3,10.0,32.7,18.0,14.0,19.4,10.0,0.6,0.8,0.5,0.0,29.9,112.3,49.8,15.0,75.7,12.0,0.6,0.8,0.5,4.1,29.6,80.4,35.8,15.0,40.7,12.0,0.6,0.8,0.5,0.0,18.5,65.8,27.1,15.0,42.8,12.0,0.6,0.8,0.5,1.9,16.6,49.2,22.4,15.0,25.0,12.0,0.6,0.8,0.5,0.0,2.5,32.7,13.5,14.0,21.5,10.0,0.6,0.8,0.5,0.0,5.4,9.4,3.9,14.0,7.0,10.0,0.6,0.8,0.5,76.0,238.5,1189.0,571.0,15.0,605.0,12.0,0.6,0.8,0.5,75.0,240.0,1190.0,570.0,15.0,605.0,12.0,0.6,0.8,0.5
1974,2,190.0,37.0,13.0,13.5,15.0,13.83,6.0,0.93,18.0,0.7,0.8,0.4,12.0,14.0,17.31,14.58,6.0,2.73,18.0,0.7,0.8,0.4,7.1,7.41,7.88,7.49,4.0,0.48,20.0,0.8,0.9,0.3,66.4,74.3,80.0,73.2,4.0,9.2,20.0,0.8,0.3,5.58,8.25,12.65,9.17,6.0,4.12,18.0,0.7,0.8,0.4,-1.4,3.49,10.5,4.17,6.0,7.74,18.0,0.7,0.8,0.4,0.37,2.61,6.69,3.61,6.0,4.62,18.0,0.7,0.8,0.4,1010.19,1016.1,1021.73,1016.02,6.0,5.62,18.0,0.7,0.8,0.4,1.6,5.0,6.7,4.4,5.0,2.9,20.0,0.6,0.8,0.4,-10.1,18.4,119.0,53.7,6.0,105.0,18.0,0.7,0.8,0.4,0.5,24.1,63.6,36.8,6.0,54.2,18.0,0.7,0.8,0.4,-2.62,0.25,1.0,-0.75,6.0,2.36,18.0,0.7,0.8,0.4,-35.1,1.8,6.0,-14.2,6.0,34.0,18.0,0.7,0.8,0.4,1.78,2.27,2.74,2.26,4.0,0.62,20.0,0.8,0.9,0.3,17.4,18.5,21.8,19.5,4.0,3.2,20.0,0.8,0.9,0.3,-18.2,44.8,147.0,66.9,6.0,127.6,18.0,0.7,0.8,0.4,4.4,41.5,105.2,59.2,6.0,77.2,18.0,0.7,0.8,0.4,-17.9,40.3,97.7,39.9,4.0,74.2,20.0,0.8,0.9,0.3,2.2,19.8,32.1,17.2,4.0,21.7,20.0,0.8,0.9,0.3,-6.0,12.4,21.5,8.0,4.0,18.1,20.0,0.8,0.9,0.3,0.2,5.1,11.3,5.7,4.0,8.0,20.0,0.8,0.9,0.3,174.5,589.0,2134.0,1193.0,6.0,1493.5,18.0,0.7,0.8,0.4,175.0,590.0,2135.0,1195.0,6.0,1495.0,18.0,0.7,0.8,0.4
1974,2,190.0,38.0,11.48,12.5,13.0,12.25,4.0,0.96,16.0,0.5,0.4,0.6,12.33,13.0,13.05,12.7,7.0,0.91,14.0,0.6,0.4,0.6,7.02,7.42,8.47,7.7,5.0,0.95,12.0,0.6,0.4,0.6,76.9,79.3,92.2,83.9,5.0,10.2,12.0,0.6,0.6,5.65,10.8,16.57,10.96,7.0,5.16,14.0,0.6,0.4,0.6,-3.96,0.0,8.35,0.94,7.0,8.18,14.0,0.6,0.4,0.6,-3.15,5.7,10.95,5.03,7.0,8.32,14.0,0.6,0.4,0.6,997.0,1014.2,1018.14,1009.37,7.0,9.97,14.0,0.6,0.4,0.6,1.0,6.0,8.0,5.0,7.0,3.1,14.0,0.6,0.4,0.6,-63.5,0.0,91.2,-0.1,7.0,111.9,14.0,0.6,0.4,0.6,-16.5,32.5,181.9,81.1,7.0,132.4,14.0,0.6,0.4,0.6,-1.21,-0.5,0.26,-0.47,4.0,0.88,16.0,0.5,0.4,0.6,-15.8,-7.6,4.7,-5.7,4.0,12.3,16.0,0.5,0.4,0.6,0.43,1.02,1.73,1.08,4.0,0.77,16.0,0.5,0.4,0.6,7.3,12.6,16.0,11.7,4.0,5.2,16.0,0.5,0.4,0.6,-45.1,0.0,104.3,14.1,7.0,106.7,14.0,0.6,0.4,0.6,-35.1,74.1,141.9,66.8,7.0,104.6,14.0,0.6,0.4,0.6,-55.5,0.0,55.7,-3.8,5.0,66.1,12.0,0.6,0.4,0.6,-3.6,41.3,113.6,52.7,5.0,77.3,12.0,0.6,0.4,0.6,-4.1,5.7,13.7,4.8,4.0,10.6,16.0,0.5,0.4,0.6,-2.8,5.4,5.7,1.6,4.0,8.0,16.0,0.5,0.4,0.6,181.0,1259.5,4556.0,2080.5,7.0,2252.0,14.0,0.6,0.4,0.6,180.0,1260.0,4555.0,2080.0,7.0,2250.0,14.0,0.6,0.4,0.6
1974,2,190.0,39.0,12.5,12.5,12.5,12.5,1.0,0.0,16.0,1.0,0.1,0.0,14.0,14.0,14.0,14.0,1.0,0.0,16.0,1.0,0.1,0.0,6.88,6.88,6.88,6.88,1.0,0.0,16.0,1.0,0.1,0.0,69.4,69.4,69.4,69.4,1.0,0.0,16.0,1.0,0.0,7.7,7.7,7.7,7.7,1.0,0.0,16.0,1.0,0.1,0.0,0.0,0.0,0.0,0.0,1.0,0.0,16.0,1.0,0.1,0.0,7.7,7.7,7.7,7.7,1.0,0.0,16.0,1.0,0.1,0.0,1012.0,1012.0,1012.0,1012.0,1.0,0.0,16.0,1.0,0.1,0.0,4.0,4.0,4.0,4.0,1.0,0.0,16.0,1.0,0.1,0.0,0.0,0.0,0.0,0.0,1.0,0.0,16.0,1.0,0.1,0.0,59.3,59.3,59.3,59.3,1.0,0.0,16.0,1.0,0.1,0.0,-1.5,-1.5,-1.5,-1.5,1.0,0.0,16.0,1.0,0.1,0.0,-11.5,-11.5,-11.5,-11.5,1.0,0.0,16.0,1.0,0.1,0.0,2.11,2.11,2.11,2.11,1.0,0.0,16.0,1.0,0.1,0.0,16.3,16.3,16.3,16.3,1.0,0.0,16.0,1.0,0.1,0.0,0.0,0.0,0.0,0.0,1.0,0.0,16.0,1.0,0.1,0.0,107.8,107.8,107.8,107.8,1.0,0.0,16.0,1.0,0.1,0.0,0.0,0.0,0.0,0.0,1.0,0.0,16.0,1.0,0.1,0.0,53.0,53.0,53.0,53.0,1.0,0.0,16.0,1.0,0.1,0.0,0.0,0.0,0.0,0.0,1.0,0.0,16.0,1.0,0.1,0.0,16.3,16.3,16.3,16.3,1.0,0.0,16.0,1.0,0.1,0.0,456.5,456.5,456.5,456.5,1.0,0.0,16.0,1.0,0.1,0.0,455.0,455.0,455.0,455.0,1.0,0.0,16.0,1.0,0.1,0.0
1974,2,190.0,40.0,11.17,12.0,14.0,12.42,5.0,1.53,10.0,0.4,0.6,0.3,9.96,12.65,13.41,12.18,6.0,1.98,10.0,0.5,0.5,0.3,5.85,6.14,7.38,6.56,5.0,0.89,10.0,0.4,0.6,0.3,73.3,77.7,80.4,76.9,5.0,5.8,10.0,0.4,0.3,8.1,12.35,15.28,12.52,6.0,4.69,10.0,0.5,0.5,0.3,-6.17,3.79,8.84,0.74,6.0,11.74,10.0,0.5,0.5,0.3,0.0,1.38,13.06,4.89,6.0,6.54,10.0,0.5,0.5,0.3,1000.28,1008.75,1014.29,1008.75,6.0,9.57,10.0,0.5,0.5,0.3,1.6,6.0,8.0,5.0,6.0,3.5,10.0,0.5,0.5,0.3,-114.3,29.2,81.3,-32.3,6.0,201.1,10.0,0.5,0.5,0.3,0.0,11.0,171.3,63.1,6.0,89.7,10.0,0.5,0.5,0.3,-0.17,1.5,1.76,0.8,5.0,1.73,10.0,0.4,0.6,0.3,2.0,17.7,29.8,16.0,5.0,22.3,10.0,0.4,0.6,0.3,1.64,2.66,3.16,2.44,5.0,1.1,10.0,0.4,0.6,0.3,19.6,31.4,54.6,35.1,5.0,20.8,10.0,0.4,0.6,0.3,-65.6,48.5,118.6,17.4,6.0,124.8,10.0,0.5,0.5,0.3,0.0,19.2,168.4,62.9,6.0,83.0,10.0,0.5,0.5,0.3,-53.0,0.0,59.6,-2.2,5.0,74.5,10.0,0.4,0.6,0.3,0.0,9.5,90.3,39.0,5.0,49.5,10.0,0.4,0.6,0.3,-26.8,0.0,15.4,-5.8,5.0,32.6,10.0,0.4,0.6,0.3,0.0,1.1,36.3,16.1,5.0,23.3,10.0,0.4,0.6,0.3,532.0,1895.0,3936.0,2704.0,6.0,3084.5,10.0,0.5,0.5,0.3,530.0,1895.0,3935.0,2705.0,6.0,3085.0,10.0,0.5,0.5,0.3
1974,2,190.0,41.0,,,,,,,,,,,,,,,,,,,,,,,,,,,,,,,,,,,,,,,,7.94,9.5,11.06,9.5,4.0,1.81,12.0,0.0,0.7,0.5,3.2,8.24,9.5,6.44,4.0,5.3,12.0,0.0,0.7,0.5,-3.97,1.93,5.48,0.81,4.0,6.27,12.0,0.0,0.7,0.5,999.38,1006.9,1023.48,1011.23,4.0,15.53,12.0,0.0,0.7,0.5,3.5,5.0,7.0,5.3,4.0,2.2,12.0,0.0,0.7,0.5,26.6,78.3,105.4,66.6,4.0,55.6,12.0,0.0,0.7,0.5,-30.6,21.8,60.1,15.1,4.0,57.8,12.0,0.0,0.7,0.5,,,,,,,,,,,,,,,,,,,,,,,,,,,,,,,,,,,,,,,,,32.5,80.3,100.2,67.0,4.0,53.8,12.0,0.0,0.7,0.5,-27.8,21.3,54.8,13.8,4.0,52.3,12.0,0.0,0.7,0.5,2.2,21.1,40.0,21.1,2.0,39.2,22.0,0.0,0.5,0.6,-25.0,1.8,28.5,1.8,2.0,55.5,22.0,0.0,0.5,0.6,,,,,,,,,,,,,,,,,,,,,,,,,,,,,,,,,,,,,,,,
1974,2,190.0,42.0,9.0,9.5,10.52,9.75,4.0,0.96,16.0,0.0,0.5,0.3,7.0,9.0,11.02,8.86,7.0,1.93,12.0,0.4,0.5,0.4,5.46,6.58,7.08,6.28,4.0,1.28,16.0,0.0,0.5,0.3,77.4,85.1,88.3,83.0,4.0,7.2,16.0,0.0,0.3,4.98,11.8,18.24,12.19,7.0,7.23,12.0,0.4,0.5,0.4,-9.91,4.42,11.97,3.12,7.0,10.98,12.0,0.4,0.5,0.4,-11.56,-2.6,6.28,-1.55,7.0,9.53,12.0,0.4,0.5,0.4,988.0,1008.5,1027.43,1009.21,7.0,19.82,12.0,0.4,0.5,0.4,1.0,5.0,8.0,4.4,7.0,3.2,12.0,0.4,0.5,0.4,-122.1,22.5,220.4,67.9,7.0,210.6,12.0,0.4,0.5,0.4,-185.7,-6.8,78.2,-27.2,7.0,168.4,12.0,0.4,0.5,0.4,-2.26,-0.25,2.29,0.0,4.0,2.68,16.0,0.0,0.5,0.3,-9.2,6.3,32.6,11.5,4.0,26.5,16.0,0.0,0.5,0.3,0.02,1.06,2.41,1.21,4.0,1.49,16.0,0.0,0.5,0.3,-0.4,10.6,34.2,16.6,4.0,22.5,16.0,0.0,0.5,0.3,-70.6,41.8,85.7,26.8,7.0,93.6,12.0,0.4,0.5,0.4,-83.6,-28.6,58.0,-11.9,7.0,74.5,12.0,0.4,0.5,0.4,-56.6,-22.2,17.3,-19.7,4.0,45.0,16.0,0.0,0.5,0.3,-35.8,1.0,29.6,-2.9,4.0,40.6,16.0,0.0,0.5,0.3,-24.2,-9.5,-0.7,-12.3,4.0,14.3,16.0,0.0,0.5,0.3,-19.4,-1.0,4.9,-7.0,4.0,20.0,16.0,0.0,0.5,0.3,127.0,1643.0,6142.5,3487.0,7.0,4426.0,12.0,0.4,0.5,0.4,125.0,1645.0,6140.0,3485.0,7.0,4425.0,12.0,0.4,0.5,0.4
1974,2,190.0,43.0,7.63,8.0,10.1,8.8,5.0,1.92,18.0,0.4,0.8,0.4,5.4,6.75,8.6,6.92,6.0,1.59,16.0,0.3,0.7,0.4,3.61,4.81,5.13,4.56,6.0,0.85,16.0,0.3,0.7,0.4,65.0,74.2,81.6,73.6,6.0,8.5,16.0,0.3,0.4,2.65,5.7,12.88,7.52,5.0,6.18,18.0,0.4,0.8,0.4,0.6,0.99,7.68,4.19,5.0,6.82,18.0,0.4,0.8,0.4,-2.52,-0.34,7.51,2.18,5.0,5.88,18.0,0.4,0.8,0.4,999.97,1013.5,1034.31,1015.58,6.0,16.62,16.0,0.3,0.7,0.4,4.2,6.0,8.0,5.7,6.0,2.6,16.0,0.3,0.7,0.4,0.6,5.6,104.2,56.9,5.0,118.1,18.0,0.4,0.8,0.4,-22.6,-0.3,62.9,18.5,5.0,61.7,18.0,0.4,0.8,0.4,-0.18,0.5,3.41,1.5,5.0,2.26,18.0,0.4,0.8,0.4,-3.0,5.0,8.6,3.3,5.0,8.2,18.0,0.4,0.8,0.4,1.29,1.99,3.24,2.25,5.0,1.05,18.0,0.4,0.8,0.4,4.3,13.9,22.9,14.4,5.0,11.8,18.0,0.4,0.8,0.4,3.5,6.6,66.2,35.0,5.0,58.4,18.0,0.4,0.8,0.4,-22.1,-2.4,45.2,10.7,5.0,39.8,18.0,0.4,0.8,0.4,2.3,4.6,38.2,20.3,5.0,32.5,18.0,0.4,0.8,0.4,-13.3,-1.7,32.7,9.2,5.0,28.5,18.0,0.4,0.8,0.4,1.9,3.4,14.1,8.4,5.0,13.4,18.0,0.4,0.8,0.4,-4.0,-1.2,15.0,4.2,5.0,10.4,18.0,0.4,0.8,0.4,30.0,185.0,2440.0,1197.0,5.0,1913.0,18.0,0.4,0.8,0.4,30.0,185.0,2440.0,1195.0,5.0,1915.0,18.0,0.4,0.8,0.4
1974,2,190.0,44.0,6.48,7.65,9.19,7.83,4.0,1.73,8.0,0.3,0.5,0.5,5.21,6.5,8.94,7.05,4.0,2.64,8.0,0.3,0.5,0.5,4.07,4.48,5.32,4.68,4.0,0.9,8.0,0.3,0.5,0.5,72.9,73.3,73.7,73.3,4.0,0.6,8.0,0.3,0.5,12.28,15.7,18.86,15.58,4.0,4.07,8.0,0.3,0.5,0.5,-0.34,12.22,18.7,9.32,4.0,12.21,8.0,0.3,0.5,0.5,-1.83,4.14,10.25,4.21,4.0,7.18,8.0,0.3,0.5,0.5,993.04,996.65,1002.1,997.53,4.0,5.42,8.0,0.3,0.5,0.5,3.5,4.5,6.0,4.8,4.0,1.7,8.0,0.3,0.5,0.5,-14.9,190.6,354.3,170.6,4.0,224.1,8.0,0.3,0.5,0.5,-36.8,44.7,130.2,46.6,4.0,103.6,8.0,0.3,0.5,0.5,-1.26,0.75,2.81,0.78,4.0,2.68,8.0,0.3,0.5,0.5,-13.6,15.1,51.0,18.6,4.0,41.2,8.0,0.3,0.5,0.5,1.28,1.83,2.77,2.02,4.0,1.04,8.0,0.3,0.5,0.5,16.2,31.7,50.9,33.5,4.0,21.7,8.0,0.3,0.5,0.5,9.9,81.7,97.4,54.9,4.0,70.2,8.0,0.3,0.5,0.5,-8.2,42.1,86.5,39.3,4.0,54.8,8.0,0.3,0.5,0.5,2.8,58.5,75.8,40.1,4.0,50.9,8.0,0.3,0.5,0.5,-7.0,24.6,52.6,22.9,4.0,34.7,8.0,0.3,0.5,0.5,-2.7,23.5,50.6,23.9,4.0,32.2,8.0,0.3,0.5,0.5,-3.7,4.0,14.1,5.1,4.0,11.4,8.0,0.3,0.5,0.5,1938.5,4022.5,6806.0,4356.5,4.0,3030.5,8.0,0.3,0.5,0.5,1940.0,4020.0,6805.0,4355.0,4.0,3030.0,8.0,0.3,0.5,0.5
1974,2,190.0,46.0,5.0,6.0,7.52,6.29,7.0,1.22,10.0,0.3,0.6,0.6,4.0,6.0,7.3,5.74,7.0,1.55,10.0,0.3,0.6,0.6,4.08,5.48,5.95,5.08,7.0,0.93,10.0,0.3,0.6,0.6,78.0,87.1,93.4,87.1,7.0,7.3,10.0,0.3,0.6,7.15,10.3,16.57,11.56,7.0,4.47,10.0,0.3,0.6,0.6,-5.68,5.83,9.83,3.69,7.0,7.98,10.0,0.3,0.6,0.6,-3.71,2.12,15.51,3.83,7.0,8.9,10.0,0.3,0.6,0.6,995.27,999.6,1003.2,997.91,7.0,8.44,10.0,0.3,0.6,0.6,5.9,7.0,8.0,6.7,7.0,1.8,10.0,0.3,0.6,0.6,-45.6,61.7,102.9,36.5,7.0,108.0,10.0,0.3,0.6,0.6,-38.1,13.1,257.0,67.6,7.0,141.6,10.0,0.3,0.6,0.6,-1.81,-1.0,3.05,0.54,7.0,2.65,10.0,0.3,0.6,0.6,-23.8,-8.7,31.3,1.0,7.0,29.2,10.0,0.3,0.6,0.6,-0.28,0.0,2.37,0.92,7.0,1.35,10.0,0.3,0.6,0.6,-2.1,0.0,23.5,8.4,7.0,12.5,10.0,0.3,0.6,0.6,-26.6,33.9,45.6,21.0,7.0,50.8,10.0,0.3,0.6,0.6,-14.9,15.7,93.8,27.8,7.0,53.1,10.0,0.3,0.6,0.6,-23.8,31.5,40.4,19.7,7.0,42.0,10.0,0.3,0.6,0.6,-14.9,13.1,85.5,22.5,7.0,46.6,10.0,0.3,0.6,0.6,-4.1,0.0,15.4,2.7,7.0,12.0,10.0,0.3,0.6,0.6,-8.6,0.0,0.5,-2.3,7.0,8.9,10.0,0.3,0.6,0.6,367.0,1092.5,4556.0,2159.5,7.0,2177.0,10.0,0.3,0.6,0.6,365.0,1095.0,4555.0,2160.0,7.0,2175.0,10.0,0.3,0.6,0.6
1974,2,190.0,47.0,5.48,6.5,7.0,6.25,4.0,0.96,18.0,0.5,0.7,0.4,1.27,3.0,6.19,3.8,5.0,3.77,16.0,0.6,0.8,0.5,2.95,3.54,4.89,3.9,4.0,1.37,18.0,0.5,0.7,0.4,67.9,74.8,80.4,74.2,4.0,8.8,18.0,0.5,0.4,4.55,5.1,8.78,6.36,5.0,2.55,16.0,0.6,0.8,0.5,-8.42,-3.38,-0.88,-4.15,5.0,4.99,16.0,0.6,0.8,0.5,-3.21,-1.7,2.21,-0.66,5.0,3.19,16.0,0.6,0.8,0.5,1001.16,1006.0,1033.37,1014.94,5.0,17.1,16.0,0.6,0.8,0.5,5.3,8.0,8.0,6.8,5.0,1.8,16.0,0.6,0.8,0.5,-74.7,-16.7,-1.6,-34.0,5.0,44.4,16.0,0.6,0.8,0.5,-21.0,-16.7,10.1,-7.0,5.0,18.5,16.0,0.6,0.8,0.5,-0.67,3.5,4.52,2.0,4.0,4.08,18.0,0.5,0.7,0.4,-12.0,15.6,23.1,6.0,4.0,26.6,18.0,0.5,0.7,0.4,1.05,2.39,2.84,1.96,4.0,1.36,18.0,0.5,0.7,0.4,5.3,11.2,12.2,8.9,4.0,6.0,18.0,0.5,0.7,0.4,-40.4,-13.5,3.6,-20.0,5.0,33.9,16.0,0.6,0.8,0.5,-12.4,0.0,7.4,-3.0,5.0,15.1,16.0,0.6,0.8,0.5,-28.7,-9.9,2.4,-13.0,4.0,23.8,18.0,0.5,0.7,0.4,-13.6,-3.3,9.8,-2.0,4.0,14.2,18.0,0.5,0.7,0.4,-9.5,-4.2,3.8,-2.9,4.0,8.1,18.0,0.5,0.7,0.4,-5.3,1.9,6.3,0.6,4.0,7.9,18.0,0.5,0.7,0.4,101.0,132.5,693.5,361.0,5.0,379.5,16.0,0.6,0.8,0.5,100.0,135.0,695.0,360.0,5.0,380.0,16.0,0.6,0.8,0.5
1974,2,190.0,48.0,3.22,5.0,5.37,4.3,5.0,1.92,14.0,0.2,0.6,0.5,1.72,5.0,5.31,3.64,5.0,2.51,14.0,0.2,0.6,0.5,3.29,4.94,5.55,4.5,5.0,1.22,14.0,0.2,0.6,0.5,79.0,85.7,100.0,88.5,5.0,11.0,14.0,0.2,0.5,5.7,10.8,11.57,8.96,5.0,3.86,14.0,0.2,0.6,0.5,0.0,2.37,5.27,3.0,5.0,4.18,14.0,0.2,0.6,0.5,-7.06,1.99,8.24,0.59,5.0,9.28,14.0,0.2,0.6,0.5,982.32,994.0,1021.84,1001.3,5.0,22.01,14.0,0.2,0.6,0.5,5.9,8.0,8.0,7.0,5.0,1.7,14.0,0.2,0.6,0.5,0.0,7.4,51.3,26.9,5.0,46.8,14.0,0.2,0.6,0.5,-86.1,6.2,73.5,-7.0,5.0,106.1,14.0,0.2,0.6,0.5,-1.85,1.0,2.96,0.66,5.0,3.51,14.0,0.2,0.6,0.5,-18.9,4.7,32.8,7.5,5.0,41.7,14.0,0.2,0.6,0.5,-0.28,0.63,1.92,0.73,5.0,1.47,14.0,0.2,0.6,0.5,-3.0,4.5,14.7,5.9,5.0,16.8,14.0,0.2,0.6,0.5,0.0,7.1,27.1,14.3,5.0,21.1,14.0,0.2,0.6,0.5,-3.0,6.5,44.1,17.5,5.0,29.3,14.0,0.2,0.6,0.5,0.0,8.3,28.1,15.3,5.0,23.3,14.0,0.2,0.6,0.5,-26.7,7.0,43.5,8.6,5.0,39.8,14.0,0.2,0.6,0.5,0.0,1.5,3.9,1.9,5.0,2.0,14.0,0.2,0.6,0.5,-21.5,-1.5,3.6,-8.3,5.0,15.3,14.0,0.2,0.6,0.5,248.0,1259.5,1583.5,1014.0,5.0,834.0,14.0,0.2,0.6,0.5,250.0,1260.0,1585.0,1015.0,5.0,835.0,14.0,0.2,0.6,0.5
1974,2,190.0,49.0,2.45,4.5,5.73,4.2,5.0,2.08,18.0,0.2,0.6,0.5,2.96,4.0,5.73,4.26,5.0,2.0,18.0,0.2,0.6,0.5,3.99,4.48,5.55,4.76,4.0,1.1,16.0,0.3,0.6,0.3,85.3,88.4,95.7,90.4,4.0,6.9,16.0,0.3,0.3,6.2,8.7,15.38,11.12,5.0,7.52,18.0,0.2,0.6,0.5,-12.0,0.0,6.68,-2.91,5.0,12.34,18.0,0.2,0.6,0.5,-2.43,-2.12,9.02,2.27,5.0,6.45,18.0,0.2,0.6,0.5,994.66,1023.5,1030.48,1014.42,5.0,19.81,18.0,0.2,0.6,0.5,5.8,8.0,8.0,6.8,5.0,2.7,18.0,0.2,0.6,0.5,-223.9,0.0,48.9,-95.8,5.0,257.2,18.0,0.2,0.6,0.5,-17.8,-13.1,140.5,50.8,5.0,99.3,18.0,0.2,0.6,0.5,-1.42,-0.5,1.28,-0.06,5.0,2.2,18.0,0.2,0.6,0.5,-13.3,-7.0,7.9,-2.6,5.0,14.8,18.0,0.2,0.6,0.5,-0.03,0.3,1.09,0.52,4.0,0.74,16.0,0.3,0.6,0.3,-0.2,4.8,12.2,5.9,4.0,7.4,16.0,0.3,0.6,0.3,-47.1,0.0,26.1,-13.6,5.0,58.3,18.0,0.2,0.6,0.5,-9.5,-3.2,52.6,18.1,5.0,37.0,18.0,0.2,0.6,0.5,-66.9,-11.0,12.9,-26.3,4.0,57.5,16.0,0.3,0.6,0.3,-8.5,15.6,52.6,21.8,4.0,36.5,16.0,0.3,0.6,0.3,-11.5,-4.7,-0.2,-5.8,4.0,6.7,16.0,0.3,0.6,0.3,-1.7,0.1,2.7,0.5,4.0,3.4,16.0,0.3,0.6,0.3,238.5,658.5,5869.5,3280.0,5.0,6099.5,18.0,0.2,0.6,0.5,240.0,660.0,5870.0,3280.0,5.0,6100.0,18.0,0.2,0.6,0.5
1974,2,190.0,50.0,4.0,5.0,7.05,5.47,7.0,1.58,12.0,0.4,0.7,0.4,3.32,3.6,4.91,3.46,8.0,1.73,14.0,0.4,0.7,0.5,3.87,4.4,4.72,4.28,7.0,0.54,14.0,0.4,0.7,0.5,82.3,85.7,91.8,86.8,7.0,5.0,14.0,0.4,0.5,4.89,9.75,18.2,10.71,8.0,6.36,14.0,0.4,0.7,0.5,-16.61,-1.22,9.94,-2.27,8.0,11.42,14.0,0.4,0.7,0.5,-6.21,-2.64,1.91,-1.32,8.0,5.77,14.0,0.4,0.7,0.5,983.79,996.4,1017.5,999.74,8.0,16.06,14.0,0.4,0.7,0.5,5.4,8.0,8.0,6.6,5.0,3.1,12.0,0.4,0.7,0.4,-307.0,-7.4,109.0,-61.5,8.0,191.2,14.0,0.4,0.7,0.5,-63.7,-13.1,21.9,-2.4,8.0,98.2,14.0,0.4,0.7,0.5,0.48,0.7,3.22,2.11,7.0,2.62,12.0,0.4,0.7,0.4,1.7,10.3,33.7,30.0,7.0,50.7,12.0,0.4,0.7,0.4,1.04,1.3,2.22,1.57,6.0,0.76,12.0,0.5,0.6,0.5,8.1,12.7,23.0,17.9,6.0,18.4,12.0,0.5,0.6,0.5,-30.6,2.6,35.2,2.3,8.0,38.2,14.0,0.4,0.7,0.5,-13.4,-3.6,9.5,-1.3,8.0,19.2,14.0,0.4,0.7,0.5,-33.1,-4.3,47.1,3.2,7.0,41.0,14.0,0.4,0.7,0.5,-21.9,-11.8,4.1,-11.4,7.0,14.2,14.0,0.4,0.7,0.5,-21.6,-1.5,10.2,-7.5,6.0,23.5,12.0,0.5,0.6,0.5,-12.1,-5.1,-2.1,-6.8,6.0,7.0,12.0,0.5,0.6,0.5,128.0,997.0,6280.5,2467.0,8.0,3381.0,14.0,0.4,0.7,0.5,130.0,995.0,6280.0,2465.0,8.0,3380.0,14.0,0.4,0.7,0.5
1974,2,190.0,51.0,2.67,3.95,4.76,3.73,4.0,1.33,10.0,0.0,0.4,0.8,2.14,3.5,4.5,3.12,6.0,1.7,8.0,0.0,0.6,0.6,3.95,4.48,4.6,4.28,4.0,0.53,8.0,0.0,0.5,0.6,85.9,88.9,91.4,88.7,4.0,3.3,8.0,0.0,0.6,7.05,11.3,14.6,10.87,7.0,4.9,10.0,0.0,0.6,0.6,-10.18,2.46,6.88,-1.06,7.0,9.62,10.0,0.0,0.6,0.6,-9.45,-6.77,-2.42,-6.05,7.0,5.04,10.0,0.0,0.6,0.6,983.18,987.0,993.77,990.99,7.0,13.06,10.0,0.0,0.6,0.6,6.0,8.0,8.0,7.1,7.0,1.2,10.0,0.0,0.6,0.6,-135.6,12.9,54.9,-41.0,7.0,139.2,10.0,0.0,0.6,0.6,-172.3,-48.7,-9.2,-77.1,7.0,82.6,10.0,0.0,0.6,0.6,-0.75,0.0,1.37,0.3,3.0,1.57,6.0,0.0,0.4,0.8,-8.5,0.0,9.8,0.7,3.0,13.4,6.0,0.0,0.4,0.8,0.5,0.71,0.99,0.75,3.0,0.36,6.0,0.0,0.4,0.8,4.8,5.5,7.3,6.0,3.0,1.8,6.0,0.0,0.4,0.8,-13.2,7.9,34.2,5.3,6.0,38.7,8.0,0.0,0.6,0.6,-23.7,-12.2,1.8,-12.2,6.0,16.3,8.0,0.0,0.6,0.6,-13.0,21.0,41.2,14.4,4.0,36.5,8.0,0.0,0.5,0.6,-29.6,-23.5,-3.9,-17.0,4.0,18.1,8.0,0.0,0.5,0.6,3.3,4.5,4.7,4.0,3.0,1.1,6.0,0.0,0.4,0.8,-6.1,-2.7,-0.3,-3.2,3.0,4.2,6.0,0.0,0.4,0.8,358.5,1443.0,3146.0,1972.5,7.0,2191.5,10.0,0.0,0.6,0.6,360.0,1445.0,3145.0,1970.0,7.0,2190.0,10.0,0.0,0.6,0.6
1974,2,190.0,52.0,1.86,4.1,5.04,3.62,6.0,1.61,18.0,0.8,0.6,0.4,-2.2,2.6,3.87,0.99,9.0,3.17,18.0,0.6,0.5,0.4,2.51,2.68,3.99,3.11,5.0,0.82,16.0,0.6,0.5,0.4,72.8,80.0,83.9,78.5,5.0,6.1,16.0,0.6,0.4,3.51,8.6,15.19,8.96,10.0,5.26,16.0,0.5,0.5,0.4,-0.81,2.0,6.79,2.41,10.0,5.89,16.0,0.5,0.5,0.4,-12.63,-5.3,-0.22,-6.28,10.0,5.65,16.0,0.5,0.5,0.4,1001.96,1008.9,1022.89,1011.76,10.0,13.01,16.0,0.5,0.5,0.4,4.0,7.0,8.0,6.1,10.0,2.2,16.0,0.5,0.5,0.4,-1.2,22.1,79.5,32.1,10.0,73.1,16.0,0.5,0.5,0.4,-190.3,-39.2,-0.3,-78.6,10.0,90.9,16.0,0.5,0.5,0.4,-0.55,2.05,3.41,1.9,6.0,2.76,18.0,0.8,0.6,0.4,-2.1,20.3,44.4,27.3,6.0,36.6,18.0,0.8,0.6,0.4,0.85,1.49,2.22,1.54,4.0,1.05,14.0,0.8,0.6,0.4,6.1,17.4,33.1,19.5,4.0,17.9,14.0,0.8,0.6,0.4,-4.7,4.9,23.1,9.0,9.0,14.6,18.0,0.6,0.5,0.4,-23.3,1.8,17.0,-2.0,9.0,21.9,18.0,0.6,0.5,0.4,3.6,5.8,26.3,14.6,5.0,18.8,16.0,0.6,0.5,0.4,-39.5,-32.8,-13.1,-26.4,5.0,17.5,16.0,0.6,0.5,0.4,0.2,3.9,12.5,6.3,4.0,8.1,14.0,0.8,0.6,0.4,-28.9,-13.4,-5.8,-17.2,4.0,17.8,14.0,0.8,0.6,0.4,104.0,640.0,3505.0,1385.0,10.0,1608.0,16.0,0.5,0.5,0.4,105.0,640.0,3505.0,1385.0,10.0,1610.0,16.0,0.5,0.5,0.4
1974,2,190.0,53.0,2.29,3.3,4.52,3.33,6.0,1.26,16.0,0.5,0.6,0.6,-2.03,-1.0,1.55,-0.53,6.0,2.1,16.0,0.5,0.6,0.6,2.71,2.78,2.84,2.78,2.0,0.13,18.0,1.0,0.6,0.8,63.3,70.6,77.9,70.6,2.0,15.1,18.0,1.0,0.8,10.81,13.7,15.94,13.03,6.0,4.37,16.0,0.5,0.6,0.6,-14.7,4.97,7.54,-0.34,6.0,11.64,16.0,0.5,0.6,0.6,-11.73,-7.13,-3.16,-7.06,6.0,5.25,16.0,0.5,0.6,0.6,990.07,1006.9,1023.8,1006.7,5.0,18.51,16.0,0.6,0.5,0.6,5.4,7.5,8.0,6.8,4.0,1.9,18.0,0.8,0.6,0.7,-234.8,48.3,96.4,-30.0,6.0,176.6,16.0,0.5,0.6,0.6,-168.8,-113.7,-40.1,-105.3,6.0,75.4,16.0,0.5,0.6,0.6,1.98,4.05,6.12,3.87,6.0,2.48,16.0,0.5,0.6,0.6,20.2,40.1,93.1,51.8,6.0,43.5,16.0,0.5,0.6,0.6,1.92,2.18,2.44,2.18,2.0,0.54,18.0,1.0,0.6,0.8,24.5,29.5,34.5,29.5,2.0,10.4,18.0,1.0,0.6,0.8,-10.7,-5.7,33.6,6.9,6.0,27.2,16.0,0.5,0.6,0.6,-7.6,4.9,16.9,5.9,6.0,15.1,16.0,0.5,0.6,0.6,16.8,22.6,28.4,22.6,2.0,11.9,18.0,1.0,0.6,0.8,-34.5,-25.1,-15.7,-25.1,2.0,19.5,18.0,1.0,0.6,0.8,13.9,16.7,19.5,16.7,2.0,5.8,18.0,1.0,0.6,0.8,-30.3,-21.1,-11.9,-21.1,2.0,19.1,18.0,1.0,0.6,0.8,1504.0,2591.5,4102.5,2777.0,6.0,1913.5,16.0,0.5,0.6,0.6,1505.0,2590.0,4100.0,2775.0,6.0,1915.0,16.0,0.5,0.6,0.6
1974,2,190.0,54.0,1.86,3.3,4.0,2.85,13.0,1.45,14.0,0.6,0.5,0.3,-5.99,-2.0,3.0,-1.45,14.0,4.62,14.0,0.6,0.5,0.3,2.06,3.74,4.38,3.32,9.0,1.32,14.0,0.7,0.6,0.3,67.1,91.8,100.0,84.1,9.0,17.2,14.0,0.7,0.3,4.32,9.8,13.31,9.95,15.0,5.51,14.0,0.6,0.5,0.3,-12.61,-2.64,0.0,-5.22,15.0,7.9,14.0,0.6,0.5,0.3,-9.55,-3.05,1.65,-3.3,15.0,5.77,14.0,0.6,0.5,0.3,988.72,999.1,1019.37,1004.17,14.0,15.86,14.0,0.6,0.5,0.3,7.0,8.0,8.0,7.2,10.0,1.5,18.0,0.5,0.6,0.3,-164.0,-10.8,0.0,-82.6,15.0,142.2,14.0,0.6,0.5,0.3,-97.4,-9.5,7.5,-42.8,15.0,66.3,14.0,0.6,0.5,0.3,-0.05,2.0,9.55,4.11,13.0,4.43,14.0,0.6,0.5,0.3,-0.1,15.4,124.0,53.3,13.0,58.9,14.0,0.6,0.5,0.3,0.08,0.9,2.64,1.39,9.0,1.21,14.0,0.7,0.6,0.3,0.5,5.6,33.0,14.0,9.0,15.6,14.0,0.7,0.6,0.3,-13.7,0.0,46.2,17.2,14.0,34.6,14.0,0.6,0.5,0.3,0.0,9.8,56.5,24.4,14.0,38.1,14.0,0.6,0.5,0.3,-21.0,-13.2,0.0,-10.0,9.0,14.2,14.0,0.7,0.6,0.3,-16.6,-12.8,8.5,-5.1,9.0,14.8,14.0,0.7,0.6,0.3,-17.1,-0.5,0.3,-7.3,9.0,11.9,14.0,0.7,0.6,0.3,-21.9,-0.4,0.3,-8.2,9.0,13.6,14.0,0.7,0.6,0.3,83.0,941.0,2359.5,1910.5,15.0,2689.0,14.0,0.6,0.5,0.3,85.0,940.0,2360.0,1910.0,15.0,2690.0,14.0,0.6,0.5,0.3
1974,2,190.0,55.0,,,,,,,,,,,,,,,,,,,,,,,,,,,,,,,,,,,,,,,,4.35,5.1,5.85,5.1,3.0,1.1,18.0,0.3,0.5,0.6,-0.93,0.0,2.24,0.64,3.0,2.39,18.0,0.3,0.5,0.6,-5.43,-3.76,1.47,-2.02,3.0,5.27,18.0,0.3,0.5,0.6,1014.11,1018.55,1027.71,1020.8,4.0,10.73,14.0,0.3,0.4,0.2,,,,,,,,,,,,,,,,,,,,,,,,,,,,,,,,,,,,,,,,,,,,,,,,,,,,,,,,,,,,,,,,,,,,,,,,,,,,,,,,,,,,,,,,,,,,,,,,,,,,,,,,,,,,,,,,,,,,,,,,,,,,,,,,,,,,,,,,,,,,,,,,,,,,,,
1974,2,190.0,56.0,,,,,,,,,,,,,,,,,,,,,,,,,,,,,,,,,,,,,,,,6.0,7.0,11.62,8.46,17.0,4.12,14.0,0.4,0.6,0.1,-2.61,1.22,6.54,1.74,17.0,5.55,14.0,0.4,0.6,0.1,-8.64,-6.0,3.21,-3.68,17.0,6.68,14.0,0.4,0.6,0.1,1010.02,1018.3,1036.23,1021.11,16.0,15.07,12.0,0.4,0.5,0.1,,,,,,,,,,,,,,,,,,,,,,,,,,,,,,,,,,,,,,,,,,,,,,,,,,,,,,,,,,,,,,,,,,,,,,,,,,,,,,,,,,,,,,,,,,,,,,,,,,,,,,,,,,,,,,,,,,,,,,,,,,,,,,,,,,,,,,,,,,,,,,,,,,,,,,
1974,2,190.0,57.0,,,,,,,,,,,,,,,,,,,,,,,,,,,,,,,,,,,,,,,,17.0,17.0,17.0,17.0,1.0,0.0,12.0,0.0,0.4,0.9,-14.72,-14.72,-14.72,-14.72,1.0,0.0,12.0,0.0,0.4,0.9,-8.5,-8.5,-8.5,-8.5,1.0,0.0,12.0,0.0,0.4,0.9,1008.5,1008.5,1008.5,1008.5,1.0,0.0,12.0,0.0,0.4,0.9,,,,,,,,,,,,,,,,,,,,,,,,,,,,,,,,,,,,,,,,,,,,,,,,,,,,,,,,,,,,,,,,,,,,,,,,,,,,,,,,,,,,,,,,,,,,,,,,,,,,,,,,,,,,,,,,,,,,,,,,,,,,,,,,,,,,,,,,,,,,,,,,,,,,,,
1974,2,190.0,58.0,,,,,,,,,,,,,,,,,,,,,,,,,,,,,,,,,,,,,,,,5.88,7.55,9.22,7.55,2.0,3.46,8.0,0.5,0.3,0.4,-6.2,-5.73,-5.25,-5.73,2.0,0.99,8.0,0.5,0.3,0.4,-6.59,-4.27,-1.96,-4.27,2.0,4.79,8.0,0.5,0.3,0.4,998.04,999.2,1000.36,999.2,2.0,2.4,8.0,0.5,0.3,0.4,,,,,,,,,,,,,,,,,,,,,,,,,,,,,,,,,,,,,,,,,,,,,,,,,,,,,,,,,,,,,,,,,,,,,,,,,,,,,,,,,,,,,,,,,,,,,,,,,,,,,,,,,,,,,,,,,,,,,,,,,,,,,,,,,,,,,,,,,,,,,,,,,,,,,,
1974,2,191.0,-73.0,-1.0,-1.0,-1.0,-1.0,1.0,0.0,18.0,1.0,1.0,0.5,-3.8,-3.8,-3.8,-3.8,1.0,0.0,18.0,1.0,1.0,0.5,2.45,2.45,2.45,2.45,1.0,0.0,18.0,1.0,1.0,0.5,82.8,82.8,82.8,82.8,1.0,0.0,18.0,1.0,0.5,2.6,2.6,2.6,2.6,1.0,0.0,18.0,1.0,1.0,0.5,-0.45,-0.45,-0.45,-0.45,1.0,0.0,18.0,1.0,1.0,0.5,2.56,2.56,2.56,2.56,1.0,0.0,18.0,1.0,1.0,0.5,975.5,975.5,975.5,975.5,1.0,0.0,18.0,1.0,1.0,0.5,7.0,7.0,7.0,7.0,1.0,0.0,18.0,1.0,1.0,0.5,-1.2,-1.2,-1.2,-1.2,1.0,0.0,18.0,1.0,1.0,0.5,6.7,6.7,6.7,6.7,1.0,0.0,18.0,1.0,1.0,0.5,2.8,2.8,2.8,2.8,1.0,0.0,18.0,1.0,1.0,0.5,7.3,7.3,7.3,7.3,1.0,0.0,18.0,1.0,1.0,0.5,1.2,1.2,1.2,1.2,1.0,0.0,18.0,1.0,1.0,0.5,3.1,3.1,3.1,3.1,1.0,0.0,18.0,1.0,1.0,0.5,1.7,1.7,1.7,1.7,1.0,0.0,18.0,1.0,1.0,0.5,-9.7,-9.7,-9.7,-9.7,1.0,0.0,18.0,1.0,1.0,0.5,-1.1,-1.1,-1.1,-1.1,1.0,0.0,18.0,1.0,1.0,0.5,6.3,6.3,6.3,6.3,1.0,0.0,18.0,1.0,1.0,0.5,-0.5,-0.5,-0.5,-0.5,1.0,0.0,18.0,1.0,1.0,0.5,3.1,3.1,3.1,3.1,1.0,0.0,18.0,1.0,1.0,0.5,17.5,17.5,17.5,17.5,1.0,0.0,18.0,1.0,1.0,0.5,20.0,20.0,20.0,20.0,1.0,0.0,18.0,1.0,1.0,0.5
1974,2,191.0,-69.0,0.4,0.4,0.4,0.4,1.0,0.0,20.0,1.0,1.0,1.0,0.4,0.4,0.4,0.4,1.0,0.0,20.0,1.0,1.0,1.0,4.01,4.01,4.01,4.01,1.0,0.0,20.0,1.0,1.0,1.0,100.0,100.0,100.0,100.0,1.0,0.0,20.0,1.0,1.0,7.7,7.7,7.7,7.7,1.0,0.0,20.0,1.0,1.0,1.0,3.85,3.85,3.85,3.85,1.0,0.0,20.0,1.0,1.0,1.0,-6.67,-6.67,-6.67,-6.67,1.0,0.0,20.0,1.0,1.0,1.0,983.4,983.4,983.4,983.4,1.0,0.0,20.0,1.0,1.0,1.0,5.0,5.0,5.0,5.0,1.0,0.0,20.0,1.0,1.0,1.0,29.6,29.6,29.6,29.6,1.0,0.0,20.0,1.0,1.0,1.0,-51.3,-51.3,-51.3,-51.3,1.0,0.0,20.0,1.0,1.0,1.0,0.0,0.0,0.0,0.0,1.0,0.0,20.0,1.0,1.0,1.0,0.0,0.0,0.0,0.0,1.0,0.0,20.0,1.0,1.0,1.0,0.0,0.0,0.0,0.0,1.0,0.0,20.0,1.0,1.0,1.0,0.0,0.0,0.0,0.0,1.0,0.0,20.0,1.0,1.0,1.0,1.5,1.5,1.5,1.5,1.0,0.0,20.0,1.0,1.0,1.0,-2.7,-2.7,-2.7,-2.7,1.0,0.0,20.0,1.0,1.0,1.0,15.4,15.4,15.4,15.4,1.0,0.0,20.0,1.0,1.0,1.0,-26.7,-26.7,-26.7,-26.7,1.0,0.0,20.0,1.0,1.0,1.0,0.0,0.0,0.0,0.0,1.0,0.0,20.0,1.0,1.0,1.0,0.0,0.0,0.0,0.0,1.0,0.0,20.0,1.0,1.0,1.0,456.5,456.5,456.5,456.5,1.0,0.0,20.0,1.0,1.0,1.0,455.0,455.0,455.0,455.0,1.0,0.0,20.0,1.0,1.0,1.0
1974,2,191.0,-57.0,8.0,8.0,8.0,8.0,1.0,0.0,20.0,1.0,0.3,0.9,8.0,8.0,8.0,8.0,1.0,0.0,20.0,1.0,0.3,0.9,5.96,5.96,5.96,5.96,1.0,0.0,20.0,1.0,0.3,0.9,89.6,89.6,89.6,89.6,1.0,0.0,20.0,1.0,0.9,14.4,14.4,14.4,14.4,1.0,0.0,20.0,1.0,0.3,0.9,13.53,13.53,13.53,13.53,1.0,0.0,20.0,1.0,0.3,0.9,-4.93,-4.93,-4.93,-4.93,1.0,0.0,20.0,1.0,0.3,0.9,1010.5,1010.5,1010.5,1010.5,1.0,0.0,20.0,1.0,0.3,0.9,8.0,8.0,8.0,8.0,1.0,0.0,20.0,1.0,0.3,0.9,194.9,194.9,194.9,194.9,1.0,0.0,20.0,1.0,0.3,0.9,-70.9,-70.9,-70.9,-70.9,1.0,0.0,20.0,1.0,0.3,0.9,0.0,0.0,0.0,0.0,1.0,0.0,20.0,1.0,0.3,0.9,0.0,0.0,0.0,0.0,1.0,0.0,20.0,1.0,0.3,0.9,0.69,0.69,0.69,0.69,1.0,0.0,20.0,1.0,0.3,0.9,10.0,10.0,10.0,10.0,1.0,0.0,20.0,1.0,0.3,0.9,108.3,108.3,108.3,108.3,1.0,0.0,20.0,1.0,0.3,0.9,-39.4,-39.4,-39.4,-39.4,1.0,0.0,20.0,1.0,0.3,0.9,80.7,80.7,80.7,80.7,1.0,0.0,20.0,1.0,0.3,0.9,-29.4,-29.4,-29.4,-29.4,1.0,0.0,20.0,1.0,0.3,0.9,9.4,9.4,9.4,9.4,1.0,0.0,20.0,1.0,0.3,0.9,-3.4,-3.4,-3.4,-3.4,1.0,0.0,20.0,1.0,0.3,0.9,2986.0,2986.0,2986.0,2986.0,1.0,0.0,20.0,1.0,0.3,0.9,2985.0,2985.0,2985.0,2985.0,1.0,0.0,20.0,1.0,0.3,0.9
1974,2,191.0,-47.0,14.5,14.5,14.5,14.5,1.0,0.0,18.0,0.0,0.2,0.9,13.1,13.1,13.1,13.1,1.0,0.0,18.0,0.0,0.2,0.9,7.01,7.01,7.01,7.01,1.0,0.0,18.0,0.0,0.2,0.9,76.2,76.2,76.2,76.2,1.0,0.0,18.0,0.0,0.9,0.0,0.0,0.0,0.0,1.0,0.0,18.0,0.0,0.2,0.9,0.0,0.0,0.0,0.0,1.0,0.0,18.0,0.0,0.2,0.9,0.0,0.0,0.0,0.0,1.0,0.0,18.0,0.0,0.2,0.9,1027.3,1027.3,1027.3,1027.3,1.0,0.0,18.0,0.0,0.2,0.9,8.0,8.0,8.0,8.0,1.0,0.0,18.0,0.0,0.2,0.9,0.0,0.0,0.0,0.0,1.0,0.0,18.0,0.0,0.2,0.9,0.0,0.0,0.0,0.0,1.0,0.0,18.0,0.0,0.2,0.9,1.4,1.4,1.4,1.4,1.0,0.0,18.0,0.0,0.2,0.9,0.0,0.0,0.0,0.0,1.0,0.0,18.0,0.0,0.2,0.9,3.09,3.09,3.09,3.09,1.0,0.0,18.0,0.0,0.2,0.9,0.0,0.0,0.0,0.0,1.0,0.0,18.0,0.0,0.2,0.9,0.0,0.0,0.0,0.0,1.0,0.0,18.0,0.0,0.2,0.9,0.0,0.0,0.0,0.0,1.0,0.0,18.0,0.0,0.2,0.9,0.0,0.0,0.0,0.0,1.0,0.0,18.0,0.0,0.2,0.9,0.0,0.0,0.0,0.0,1.0,0.0,18.0,0.0,0.2,0.9,0.0,0.0,0.0,0.0,1.0,0.0,18.0,0.0,0.2,0.9,0.0,0.0,0.0,0.0,1.0,0.0,18.0,0.0,0.2,0.9,0.0,0.0,0.0,0.0,1.0,0.0,18.0,0.0,0.2,0.9,0.0,0.0,0.0,0.0,1.0,0.0,18.0,0.0,0.2,0.9
1974,2,191.0,-46.0,,,,,,,,,,,,,,,,,,,,,,,,,,,,,,,,,,,,,,,,0.0,0.0,0.0,0.0,1.0,0.0,18.0,0.0,0.2,1.0,0.0,0.0,0.0,0.0,1.0,0.0,18.0,0.0,0.2,1.0,0.0,0.0,0.0,0.0,1.0,0.0,18.0,0.0,0.2,1.0,1027.3,1027.3,1027.3,1027.3,1.0,0.0,18.0,0.0,0.2,1.0,8.0,8.0,8.0,8.0,1.0,0.0,18.0,0.0,0.2,1.0,0.0,0.0,0.0,0.0,1.0,0.0,18.0,0.0,0.2,1.0,0.0,0.0,0.0,0.0,1.0,0.0,18.0,0.0,0.2,1.0,,,,,,,,,,,,,,,,,,,,,,,,,,,,,,,,,,,,,,,,,0.0,0.0,0.0,0.0,1.0,0.0,18.0,0.0,0.2,1.0,0.0,0.0,0.0,0.0,1.0,0.0,18.0,0.0,0.2,1.0,0.0,0.0,0.0,0.0,1.0,0.0,18.0,0.0,0.2,1.0,0.0,0.0,0.0,0.0,1.0,0.0,18.0,0.0,0.2,1.0,,,,,,,,,,,,,,,,,,,,,,,,,,,,,,,,,,,,,,,,
1974,2,191.0,-45.0,16.1,16.1,16.1,16.1,1.0,0.0,18.0,0.0,0.8,0.2,14.4,14.4,14.4,14.4,1.0,0.0,18.0,0.0,0.8,0.2,8.04,8.04,8.04,8.04,1.0,0.0,18.0,0.0,0.8,0.2,80.0,80.0,80.0,80.0,1.0,0.0,18.0,0.0,0.2,4.6,4.6,4.6,4.6,1.0,0.0,18.0,0.0,0.8,0.2,-1.57,-1.57,-1.57,-1.57,1.0,0.0,18.0,0.0,0.8,0.2,4.32,4.32,4.32,4.32,1.0,0.0,18.0,0.0,0.8,0.2,1025.1,1025.1,1025.1,1025.1,1.0,0.0,18.0,0.0,0.8,0.2,8.0,8.0,8.0,8.0,1.0,0.0,18.0,0.0,0.8,0.2,-7.2,-7.2,-7.2,-7.2,1.0,0.0,18.0,0.0,0.8,0.2,19.9,19.9,19.9,19.9,1.0,0.0,18.0,0.0,0.8,0.2,1.7,1.7,1.7,1.7,1.0,0.0,18.0,0.0,0.8,0.2,7.8,7.8,7.8,7.8,1.0,0.0,18.0,0.0,0.8,0.2,3.19,3.19,3.19,3.19,1.0,0.0,18.0,0.0,0.8,0.2,14.7,14.7,14.7,14.7,1.0,0.0,18.0,0.0,0.8,0.2,-22.7,-22.7,-22.7,-22.7,1.0,0.0,18.0,0.0,0.8,0.2,62.2,62.2,62.2,62.2,1.0,0.0,18.0,0.0,0.8,0.2,-12.6,-12.6,-12.6,-12.6,1.0,0.0,18.0,0.0,0.8,0.2,34.7,34.7,34.7,34.7,1.0,0.0,18.0,0.0,0.8,0.2,-5.0,-5.0,-5.0,-5.0,1.0,0.0,18.0,0.0,0.8,0.2,13.8,13.8,13.8,13.8,1.0,0.0,18.0,0.0,0.8,0.2,97.5,97.5,97.5,97.5,1.0,0.0,18.0,0.0,0.8,0.2,95.0,95.0,95.0,95.0,1.0,0.0,18.0,0.0,0.8,0.2
1974,2,191.0,-42.0,15.95,16.7,17.45,16.7,2.0,1.56,12.0,1.0,1.0,0.8,14.17,14.95,15.73,14.95,2.0,1.63,12.0,1.0,1.0,0.8,7.08,7.34,7.61,7.34,2.0,0.55,12.0,1.0,1.0,0.8,68.9,69.9,70.9,69.9,2.0,2.0,12.0,1.0,0.8,8.35,9.75,11.15,9.75,2.0,2.9,12.0,1.0,1.0,0.8,-4.03,0.0,4.03,0.0,2.0,8.34,12.0,1.0,1.0,0.8,5.79,7.58,9.38,7.58,2.0,3.73,12.0,1.0,1.0,0.8,1014.79,1015.4,1016.01,1015.4,2.0,1.27,12.0,1.0,1.0,0.8,6.3,7.0,7.7,7.0,2.0,1.4,12.0,1.0,1.0,0.8,-51.4,-12.1,27.2,-12.1,2.0,81.3,12.0,1.0,1.0,0.8,51.2,79.3,107.5,79.3,2.0,58.3,12.0,1.0,1.0,0.8,0.21,1.75,3.29,1.75,2.0,3.18,12.0,1.0,1.0,0.8,4.3,21.7,39.1,21.7,2.0,36.1,12.0,1.0,1.0,0.8,3.62,4.46,5.3,4.46,2.0,1.74,12.0,1.0,1.0,0.8,31.6,46.0,60.4,46.0,2.0,29.9,12.0,1.0,1.0,0.8,-53.4,6.8,67.0,6.8,2.0,124.7,12.0,1.0,1.0,0.8,89.4,110.4,131.3,110.4,2.0,43.4,12.0,1.0,1.0,0.8,-27.3,2.3,31.9,2.3,2.0,61.3,12.0,1.0,1.0,0.8,43.5,54.7,65.9,54.7,2.0,23.2,12.0,1.0,1.0,0.8,-25.2,-7.3,10.7,-7.3,2.0,37.2,12.0,1.0,1.0,0.8,22.7,37.0,51.4,37.0,2.0,29.8,12.0,1.0,1.0,0.8,645.0,1050.0,1454.5,1050.0,2.0,839.0,12.0,1.0,1.0,0.8,645.0,1050.0,1455.0,1050.0,2.0,840.0,12.0,1.0,1.0,0.8
1974,2,191.0,-40.0,,,,,,,,,,,,,,,,,,,,,,,,,,,,,,,,,,,,,,,,6.2,6.2,6.2,6.2,1.0,0.0,26.0,1.0,0.2,0.6,-6.2,-6.2,-6.2,-6.2,1.0,0.0,26.0,1.0,0.2,0.6,0.0,0.0,0.0,0.0,1.0,0.0,26.0,1.0,0.2,0.6,1023.5,1023.5,1023.5,1023.5,1.0,0.0,26.0,1.0,0.2,0.6,8.0,8.0,8.0,8.0,1.0,0.0,26.0,1.0,0.2,0.6,-38.4,-38.4,-38.4,-38.4,1.0,0.0,26.0,1.0,0.2,0.6,0.0,0.0,0.0,0.0,1.0,0.0,26.0,1.0,0.2,0.6,,,,,,,,,,,,,,,,,,,,,,,,,,,,,,,,,,,,,,,,,-101.7,-101.7,-101.7,-101.7,1.0,0.0,26.0,1.0,0.2,0.6,0.0,0.0,0.0,0.0,1.0,0.0,26.0,1.0,0.2,0.6,-51.9,-51.9,-51.9,-51.9,1.0,0.0,26.0,1.0,0.2,0.6,0.0,0.0,0.0,0.0,1.0,0.0,26.0,1.0,0.2,0.6,,,,,,,,,,,,,,,,,,,,,,,,,,,,,,,,,,,,,,,,
1974,2,191.0,-39.0,20.48,20.65,20.82,20.65,2.0,0.35,12.0,0.5,0.8,0.5,20.4,20.4,20.4,20.4,2.0,0.0,12.0,0.5,0.8,0.5,11.72,12.71,13.7,12.71,2.0,2.05,12.0,0.5,0.8,0.5,79.4,86.0,92.7,86.0,2.0,13.7,12.0,0.5,0.5,0.73,2.3,3.87,2.3,2.0,3.25,12.0,0.5,0.8,0.5,0.47,1.48,2.49,1.48,2.0,2.09,12.0,0.5,0.8,0.5,-2.96,-1.76,-0.56,-1.76,2.0,2.49,12.0,0.5,0.8,0.5,1020.88,1021.05,1021.22,1021.05,2.0,0.35,12.0,0.5,0.8,0.5,2.6,4.0,5.4,4.0,2.0,2.8,12.0,0.5,0.8,0.5,2.2,6.8,11.4,6.8,2.0,9.6,12.0,0.5,0.8,0.5,-13.6,-8.1,-2.6,-8.1,2.0,11.5,12.0,0.5,0.8,0.5,0.08,0.25,0.42,0.25,2.0,0.35,12.0,0.5,0.8,0.5,0.4,1.2,1.9,1.2,2.0,1.6,12.0,0.5,0.8,0.5,1.49,2.31,3.14,2.31,2.0,1.71,12.0,0.5,0.8,0.5,0.8,2.5,4.3,2.5,2.0,3.6,12.0,0.5,0.8,0.5,9.6,30.2,50.7,30.2,2.0,42.7,12.0,0.5,0.8,0.5,-60.5,-35.9,-11.4,-35.9,2.0,50.8,12.0,0.5,0.8,0.5,6.6,20.9,35.2,20.9,2.0,29.6,12.0,0.5,0.8,0.5,-42.0,-25.0,-7.9,-25.0,2.0,35.3,12.0,0.5,0.8,0.5,0.5,1.6,2.7,1.6,2.0,2.3,12.0,0.5,0.8,0.5,-3.3,-1.9,-0.6,-1.9,2.0,2.7,12.0,0.5,0.8,0.5,15.5,48.5,82.0,48.5,2.0,69.0,12.0,0.5,0.8,0.5,15.0,50.0,80.0,50.0,2.0,70.0,12.0,0.5,0.8,0.5
1974,2,191.0,-38.0,18.3,18.3,18.3,18.3,1.0,0.0,26.0,0.0,0.6,0.1,17.5,17.5,17.5,17.5,1.0,0.0,26.0,0.0,0.6,0.1,9.2,9.2,9.2,9.2,1.0,0.0,26.0,0.0,0.6,0.1,74.9,74.9,74.9,74.9,1.0,0.0,26.0,0.0,0.1,5.1,5.1,5.1,5.1,1.0,0.0,26.0,0.0,0.6,0.1,-5.02,-5.02,-5.02,-5.02,1.0,0.0,26.0,0.0,0.6,0.1,-0.89,-0.89,-0.89,-0.89,1.0,0.0,26.0,0.0,0.6,0.1,1022.4,1022.4,1022.4,1022.4,1.0,0.0,26.0,0.0,0.6,0.1,8.0,8.0,8.0,8.0,1.0,0.0,26.0,0.0,0.6,0.1,-25.6,-25.6,-25.6,-25.6,1.0,0.0,26.0,0.0,0.6,0.1,-4.5,-4.5,-4.5,-4.5,1.0,0.0,26.0,0.0,0.6,0.1,0.8,0.8,0.8,0.8,1.0,0.0,26.0,0.0,0.6,0.1,4.1,4.1,4.1,4.1,1.0,0.0,26.0,0.0,0.6,0.1,3.75,3.75,3.75,3.75,1.0,0.0,26.0,0.0,0.6,0.1,19.1,19.1,19.1,19.1,1.0,0.0,26.0,0.0,0.6,0.1,-87.9,-87.9,-87.9,-87.9,1.0,0.0,26.0,0.0,0.6,0.1,-15.5,-15.5,-15.5,-15.5,1.0,0.0,26.0,0.0,0.6,0.1,-46.2,-46.2,-46.2,-46.2,1.0,0.0,26.0,0.0,0.6,0.1,-8.1,-8.1,-8.1,-8.1,1.0,0.0,26.0,0.0,0.6,0.1,-18.8,-18.8,-18.8,-18.8,1.0,0.0,26.0,0.0,0.6,0.1,-3.3,-3.3,-3.3,-3.3,1.0,0.0,26.0,0.0,0.6,0.1,132.5,132.5,132.5,132.5,1.0,0.0,26.0,0.0,0.6,0.1,135.0,135.0,135.0,135.0,1.0,0.0,26.0,0.0,0.6,0.1
1974,2,191.0,-37.0,21.08,21.25,21.42,21.25,2.0,0.35,20.0,0.5,0.6,0.7,20.37,21.15,21.93,21.15,2.0,1.63,20.0,0.5,0.6,0.7,12.49,13.77,15.06,13.77,2.0,2.67,20.0,0.5,0.6,0.7,84.3,87.3,90.4,87.3,2.0,6.3,20.0,0.5,0.7,8.85,10.25,11.65,10.25,2.0,2.9,20.0,0.5,0.6,0.7,-7.57,-6.2,-4.84,-6.2,2.0,2.82,20.0,0.5,0.6,0.7,-9.72,-5.78,-1.83,-5.78,2.0,8.17,20.0,0.5,0.6,0.7,999.95,1010.15,1020.35,1010.15,2.0,21.14,20.0,0.5,0.6,0.7,7.2,7.5,7.8,7.5,2.0,0.7,20.0,0.5,0.6,0.7,-64.8,-59.5,-54.2,-59.5,2.0,11.0,20.0,0.5,0.6,0.7,-119.6,-71.1,-22.6,-71.1,2.0,100.5,20.0,0.5,0.6,0.7,-0.51,0.1,0.71,0.1,2.0,1.27,20.0,0.5,0.6,0.7,-7.0,-0.8,5.3,-0.8,2.0,12.8,20.0,0.5,0.6,0.7,1.04,2.0,2.96,2.0,2.0,1.99,20.0,0.5,0.6,0.7,10.6,17.6,24.7,17.6,2.0,14.6,20.0,0.5,0.6,0.7,-152.9,-128.9,-105.0,-128.9,2.0,49.6,20.0,0.5,0.6,0.7,-216.8,-128.9,-40.9,-128.9,2.0,182.3,20.0,0.5,0.6,0.7,-92.5,-81.7,-70.9,-81.7,2.0,22.4,20.0,0.5,0.6,0.7,-152.3,-90.5,-28.7,-90.5,2.0,128.0,20.0,0.5,0.6,0.7,-23.9,-15.2,-6.5,-15.2,2.0,18.0,20.0,0.5,0.6,0.7,-5.8,-3.4,-1.1,-3.4,2.0,4.9,20.0,0.5,0.6,0.7,759.0,1206.0,1653.0,1206.0,2.0,926.0,20.0,0.5,0.6,0.7,760.0,1205.0,1655.0,1205.0,2.0,925.0,20.0,0.5,0.6,0.7
1974,2,191.0,-36.0,21.1,21.1,21.1,21.1,1.0,0.0,8.0,0.0,0.9,0.6,20.8,20.8,20.8,20.8,1.0,0.0,8.0,0.0,0.9,0.6,9.71,9.71,9.71,9.71,1.0,0.0,8.0,0.0,0.9,0.6,64.2,64.2,64.2,64.2,1.0,0.0,8.0,0.0,0.6,2.6,2.6,2.6,2.6,1.0,0.0,8.0,0.0,0.9,0.6,-1.67,-1.67,-1.67,-1.67,1.0,0.0,8.0,0.0,0.9,0.6,-1.99,-1.99,-1.99,-1.99,1.0,0.0,8.0,0.0,0.9,0.6,1020.3,1020.3,1020.3,1020.3,1.0,0.0,8.0,0.0,0.9,0.6,1.0,1.0,1.0,1.0,1.0,0.0,8.0,0.0,0.9,0.6,-4.3,-4.3,-4.3,-4.3,1.0,0.0,8.0,0.0,0.9,0.6,-5.2,-5.2,-5.2,-5.2,1.0,0.0,8.0,0.0,0.9,0.6,0.3,0.3,0.3,0.3,1.0,0.0,8.0,0.0,0.9,0.6,0.8,0.8,0.8,0.8,1.0,0.0,8.0,0.0,0.9,0.6,5.75,5.75,5.75,5.75,1.0,0.0,8.0,0.0,0.9,0.6,14.9,14.9,14.9,14.9,1.0,0.0,8.0,0.0,0.9,0.6,-34.8,-34.8,-34.8,-34.8,1.0,0.0,8.0,0.0,0.9,0.6,-41.4,-41.4,-41.4,-41.4,1.0,0.0,8.0,0.0,0.9,0.6,-16.2,-16.2,-16.2,-16.2,1.0,0.0,8.0,0.0,0.9,0.6,-19.3,-19.3,-19.3,-19.3,1.0,0.0,8.0,0.0,0.9,0.6,-9.6,-9.6,-9.6,-9.6,1.0,0.0,8.0,0.0,0.9,0.6,-11.5,-11.5,-11.5,-11.5,1.0,0.0,8.0,0.0,0.9,0.6,17.5,17.5,17.5,17.5,1.0,0.0,8.0,0.0,0.9,0.6,20.0,20.0,20.0,20.0,1.0,0.0,8.0,0.0,0.9,0.6
1974,2,191.0,-35.0,21.36,22.25,22.67,22.03,4.0,1.01,18.0,0.5,0.5,0.6,21.53,22.0,22.16,21.85,4.0,0.52,18.0,0.5,0.5,0.6,11.45,13.23,14.68,13.07,4.0,1.96,18.0,0.5,0.5,0.6,69.6,81.2,91.8,80.7,4.0,13.7,18.0,0.5,0.6,4.84,8.2,13.45,9.1,4.0,5.19,18.0,0.5,0.5,0.6,-9.5,-6.36,-4.8,-7.11,4.0,3.01,18.0,0.5,0.5,0.6,-7.92,-1.42,-0.42,-4.05,4.0,6.25,18.0,0.5,0.5,0.6,1009.54,1019.35,1022.19,1016.03,4.0,9.38,18.0,0.5,0.5,0.6,5.5,6.0,7.0,6.3,4.0,1.3,18.0,0.5,0.5,0.6,-122.3,-72.1,-23.3,-72.8,4.0,57.1,18.0,0.5,0.5,0.6,-118.2,-13.3,-2.2,-58.0,4.0,98.7,18.0,0.5,0.5,0.6,-0.26,0.1,0.62,0.18,4.0,0.62,18.0,0.5,0.5,0.6,-4.0,0.5,3.1,-0.4,4.0,5.3,18.0,0.5,0.5,0.6,1.59,3.7,5.16,3.39,4.0,2.43,18.0,0.5,0.5,0.6,9.1,17.8,44.7,26.5,4.0,28.2,18.0,0.5,0.5,0.6,-207.4,-136.5,-105.6,-155.6,4.0,67.4,18.0,0.5,0.5,0.6,-168.3,-31.6,-9.3,-86.2,4.0,131.4,18.0,0.5,0.5,0.6,-117.9,-93.8,-63.5,-90.8,4.0,31.8,18.0,0.5,0.5,0.6,-115.3,-16.8,-6.0,-58.7,4.0,95.3,18.0,0.5,0.5,0.6,-44.1,-17.7,-8.2,-25.8,4.0,28.1,18.0,0.5,0.5,0.6,-7.4,-2.6,-1.2,-4.2,4.0,5.1,18.0,0.5,0.5,0.6,114.0,788.0,2600.5,1331.5,4.0,1669.0,18.0,0.5,0.5,0.6,115.0,790.0,2600.0,1330.0,4.0,1670.0,18.0,0.5,0.5,0.6
1974,2,191.0,-34.0,,,,,,,,,,,,,,,,,,,,,,,,,,,,,,,,,,,,,,,,4.1,4.1,4.1,4.1,1.0,0.0,22.0,0.0,0.1,0.5,-4.04,-4.04,-4.04,-4.04,1.0,0.0,22.0,0.0,0.1,0.5,-0.71,-0.71,-0.71,-0.71,1.0,0.0,22.0,0.0,0.1,0.5,1017.3,1017.3,1017.3,1017.3,1.0,0.0,22.0,0.0,0.1,0.5,3.0,3.0,3.0,3.0,1.0,0.0,22.0,0.0,0.1,0.5,-16.6,-16.6,-16.6,-16.6,1.0,0.0,22.0,0.0,0.1,0.5,-2.9,-2.9,-2.9,-2.9,1.0,0.0,22.0,0.0,0.1,0.5,,,,,,,,,,,,,,,,,,,,,,,,,,,,,,,,,,,,,,,,,-92.5,-92.5,-92.5,-92.5,1.0,0.0,22.0,0.0,0.1,0.5,-16.3,-16.3,-16.3,-16.3,1.0,0.0,22.0,0.0,0.1,0.5,-60.7,-60.7,-60.7,-60.7,1.0,0.0,22.0,0.0,0.1,0.5,-10.7,-10.7,-10.7,-10.7,1.0,0.0,22.0,0.0,0.1,0.5,,,,,,,,,,,,,,,,,,,,,,,,,,,,,,,,,,,,,,,,
1974,2,191.0,-33.0,,,,,,,,,,,,,,,,,,,,,,,,,,,,,,,,,,,,,,,,10.3,10.3,10.3,10.3,1.0,0.0,10.0,1.0,0.7,0.6,-6.62,-6.62,-6.62,-6.62,1.0,0.0,10.0,1.0,0.7,0.6,7.89,7.89,7.89,7.89,1.0,0.0,10.0,1.0,0.7,0.6,1017.3,1017.3,1017.3,1017.3,1.0,0.0,10.0,1.0,0.7,0.6,7.0,7.0,7.0,7.0,1.0,0.0,10.0,1.0,0.7,0.6,-68.2,-68.2,-68.2,-68.2,1.0,0.0,10.0,1.0,0.7,0.6,81.3,81.3,81.3,81.3,1.0,0.0,10.0,1.0,0.7,0.6,,,,,,,,,,,,,,,,,,,,,,,,,,,,,,,,,,,,,,,,,-147.6,-147.6,-147.6,-147.6,1.0,0.0,10.0,1.0,0.7,0.6,176.0,176.0,176.0,176.0,1.0,0.0,10.0,1.0,0.7,0.6,-100.2,-100.2,-100.2,-100.2,1.0,0.0,10.0,1.0,0.7,0.6,119.4,119.4,119.4,119.4,1.0,0.0,10.0,1.0,0.7,0.6,,,,,,,,,,,,,,,,,,,,,,,,,,,,,,,,,,,,,,,,
1974,2,191.0,-29.0,25.6,25.6,25.6,25.6,1.0,0.0,24.0,1.0,0.4,0.2,22.2,22.2,22.2,22.2,1.0,0.0,24.0,1.0,0.4,0.2,16.21,16.21,16.21,16.21,1.0,0.0,24.0,1.0,0.4,0.2,97.0,97.0,97.0,97.0,1.0,0.0,24.0,1.0,0.2,10.3,10.3,10.3,10.3,1.0,0.0,24.0,1.0,0.4,0.2,-8.92,-8.92,-8.92,-8.92,1.0,0.0,24.0,1.0,0.4,0.2,5.15,5.15,5.15,5.15,1.0,0.0,24.0,1.0,0.4,0.2,1010.1,1010.1,1010.1,1010.1,1.0,0.0,24.0,1.0,0.4,0.2,7.0,7.0,7.0,7.0,1.0,0.0,24.0,1.0,0.4,0.2,-91.9,-91.9,-91.9,-91.9,1.0,0.0,24.0,1.0,0.4,0.2,53.0,53.0,53.0,53.0,1.0,0.0,24.0,1.0,0.4,0.2,3.4,3.4,3.4,3.4,1.0,0.0,24.0,1.0,0.4,0.2,35.0,35.0,35.0,35.0,1.0,0.0,24.0,1.0,0.4,0.2,4.35,4.35,4.35,4.35,1.0,0.0,24.0,1.0,0.4,0.2,44.8,44.8,44.8,44.8,1.0,0.0,24.0,1.0,0.4,0.2,-198.0,-198.0,-198.0,-198.0,1.0,0.0,24.0,1.0,0.4,0.2,114.3,114.3,114.3,114.3,1.0,0.0,24.0,1.0,0.4,0.2,-144.6,-144.6,-144.6,-144.6,1.0,0.0,24.0,1.0,0.4,0.2,83.5,83.5,83.5,83.5,1.0,0.0,24.0,1.0,0.4,0.2,-38.8,-38.8,-38.8,-38.8,1.0,0.0,24.0,1.0,0.4,0.2,22.4,22.4,22.4,22.4,1.0,0.0,24.0,1.0,0.4,0.2,1092.5,1092.5,1092.5,1092.5,1.0,0.0,24.0,1.0,0.4,0.2,1095.0,1095.0,1095.0,1095.0,1.0,0.0,24.0,1.0,0.4,0.2
1974,2,191.0,-26.0,27.5,27.5,27.5,27.5,1.0,0.0,18.0,0.0,0.4,0.4,26.0,26.0,26.0,26.0,1.0,0.0,18.0,0.0,0.4,0.4,16.15,16.15,16.15,16.15,1.0,0.0,18.0,0.0,0.4,0.4,77.2,77.2,77.2,77.2,1.0,0.0,18.0,0.0,0.4,6.7,6.7,6.7,6.7,1.0,0.0,18.0,0.0,0.4,0.4,-6.6,-6.6,-6.6,-6.6,1.0,0.0,18.0,0.0,0.4,0.4,-1.16,-1.16,-1.16,-1.16,1.0,0.0,18.0,0.0,0.4,0.4,1013.8,1013.8,1013.8,1013.8,1.0,0.0,18.0,0.0,0.4,0.4,1.0,1.0,1.0,1.0,1.0,0.0,18.0,0.0,0.4,0.4,-44.2,-44.2,-44.2,-44.2,1.0,0.0,18.0,0.0,0.4,0.4,-7.8,-7.8,-7.8,-7.8,1.0,0.0,18.0,0.0,0.4,0.4,1.5,1.5,1.5,1.5,1.0,0.0,18.0,0.0,0.4,0.4,10.1,10.1,10.1,10.1,1.0,0.0,18.0,0.0,0.4,0.4,6.8,6.8,6.8,6.8,1.0,0.0,18.0,0.0,0.4,0.4,45.6,45.6,45.6,45.6,1.0,0.0,18.0,0.0,0.4,0.4,-171.6,-171.6,-171.6,-171.6,1.0,0.0,18.0,0.0,0.4,0.4,-30.2,-30.2,-30.2,-30.2,1.0,0.0,18.0,0.0,0.4,0.4,-106.6,-106.6,-106.6,-106.6,1.0,0.0,18.0,0.0,0.4,0.4,-18.8,-18.8,-18.8,-18.8,1.0,0.0,18.0,0.0,0.4,0.4,-44.9,-44.9,-44.9,-44.9,1.0,0.0,18.0,0.0,0.4,0.4,-7.9,-7.9,-7.9,-7.9,1.0,0.0,18.0,0.0,0.4,0.4,301.0,301.0,301.0,301.0,1.0,0.0,18.0,0.0,0.4,0.4,300.0,300.0,300.0,300.0,1.0,0.0,18.0,0.0,0.4,0.4
1974,2,191.0,-25.0,27.5,27.5,27.5,27.5,1.0,0.0,28.0,0.0,0.1,0.8,26.5,26.5,26.5,26.5,1.0,0.0,28.0,0.0,0.1,0.8,18.4,18.4,18.4,18.4,1.0,0.0,28.0,0.0,0.1,0.8,85.1,85.1,85.1,85.1,1.0,0.0,28.0,0.0,0.8,2.6,2.6,2.6,2.6,1.0,0.0,28.0,0.0,0.1,0.8,0.89,0.89,0.89,0.89,1.0,0.0,28.0,0.0,0.1,0.8,-2.44,-2.44,-2.44,-2.44,1.0,0.0,28.0,0.0,0.1,0.8,1012.3,1012.3,1012.3,1012.3,1.0,0.0,28.0,0.0,0.1,0.8,2.0,2.0,2.0,2.0,1.0,0.0,28.0,0.0,0.1,0.8,2.3,2.3,2.3,2.3,1.0,0.0,28.0,0.0,0.1,0.8,-6.4,-6.4,-6.4,-6.4,1.0,0.0,28.0,0.0,0.1,0.8,1.0,1.0,1.0,1.0,1.0,0.0,28.0,0.0,0.1,0.8,2.6,2.6,2.6,2.6,1.0,0.0,28.0,0.0,0.1,0.8,4.59,4.59,4.59,4.59,1.0,0.0,28.0,0.0,0.1,0.8,11.9,11.9,11.9,11.9,1.0,0.0,28.0,0.0,0.1,0.8,23.6,23.6,23.6,23.6,1.0,0.0,28.0,0.0,0.1,0.8,-64.7,-64.7,-64.7,-64.7,1.0,0.0,28.0,0.0,0.1,0.8,16.4,16.4,16.4,16.4,1.0,0.0,28.0,0.0,0.1,0.8,-45.0,-45.0,-45.0,-45.0,1.0,0.0,28.0,0.0,0.1,0.8,4.1,4.1,4.1,4.1,1.0,0.0,28.0,0.0,0.1,0.8,-11.2,-11.2,-11.2,-11.2,1.0,0.0,28.0,0.0,0.1,0.8,17.5,17.5,17.5,17.5,1.0,0.0,28.0,0.0,0.1,0.8,20.0,20.0,20.0,20.0,1.0,0.0,28.0,0.0,0.1,0.8
1974,2,191.0,-24.0,26.7,26.7,26.7,26.7,1.0,0.0,4.0,1.0,1.0,0.2,26.0,26.0,26.0,26.0,1.0,0.0,4.0,1.0,1.0,0.2,17.01,17.01,17.01,17.01,1.0,0.0,4.0,1.0,1.0,0.2,81.1,81.1,81.1,81.1,1.0,0.0,4.0,1.0,0.2,6.7,6.7,6.7,6.7,1.0,0.0,4.0,1.0,1.0,0.2,-3.35,-3.35,-3.35,-3.35,1.0,0.0,4.0,1.0,1.0,0.2,5.8,5.8,5.8,5.8,1.0,0.0,4.0,1.0,1.0,0.2,1011.4,1011.4,1011.4,1011.4,1.0,0.0,4.0,1.0,1.0,0.2,4.0,4.0,4.0,4.0,1.0,0.0,4.0,1.0,1.0,0.2,-22.4,-22.4,-22.4,-22.4,1.0,0.0,4.0,1.0,1.0,0.2,38.9,38.9,38.9,38.9,1.0,0.0,4.0,1.0,1.0,0.2,0.7,0.7,0.7,0.7,1.0,0.0,4.0,1.0,1.0,0.2,4.7,4.7,4.7,4.7,1.0,0.0,4.0,1.0,1.0,0.2,4.93,4.93,4.93,4.93,1.0,0.0,4.0,1.0,1.0,0.2,33.0,33.0,33.0,33.0,1.0,0.0,4.0,1.0,1.0,0.2,-87.1,-87.1,-87.1,-87.1,1.0,0.0,4.0,1.0,1.0,0.2,150.9,150.9,150.9,150.9,1.0,0.0,4.0,1.0,1.0,0.2,-57.0,-57.0,-57.0,-57.0,1.0,0.0,4.0,1.0,1.0,0.2,98.7,98.7,98.7,98.7,1.0,0.0,4.0,1.0,1.0,0.2,-16.5,-16.5,-16.5,-16.5,1.0,0.0,4.0,1.0,1.0,0.2,28.6,28.6,28.6,28.6,1.0,0.0,4.0,1.0,1.0,0.2,301.0,301.0,301.0,301.0,1.0,0.0,4.0,1.0,1.0,0.2,300.0,300.0,300.0,300.0,1.0,0.0,4.0,1.0,1.0,0.2
1974,2,191.0,-23.0,27.3,27.3,27.3,27.3,1.0,0.0,26.0,1.0,0.6,0.7,25.9,25.9,25.9,25.9,1.0,0.0,26.0,1.0,0.6,0.7,17.56,17.56,17.56,17.56,1.0,0.0,26.0,1.0,0.6,0.7,84.0,84.0,84.0,84.0,1.0,0.0,26.0,1.0,0.7,,,,,,,,,,,,,,,,,,,,,,,,,,,,,,,,,,,,,,,,,,,,,,,,,,,,,,,,,,,,,,,,,,,,,,,,,,,,,,,,,,,,,,,,,,,,,,,,,,,,,,,,,,,,,,,,,,,,,,,,,,,,,,,,,,,,,,,,,,,,,,,,,,,,,,,,,,,,,,,,,,,,,,,,,,,,,,,,,,,,,,,,,,,,,,
1974,2,191.0,-21.0,26.91,27.35,27.79,27.35,2.0,0.92,22.0,0.5,0.8,0.5,24.87,26.3,26.85,25.87,3.0,1.5,16.0,0.3,0.6,0.5,17.44,17.73,17.96,17.7,3.0,0.38,16.0,0.3,0.6,0.5,79.8,81.1,91.2,85.4,3.0,9.1,16.0,0.3,0.5,2.42,3.1,3.44,2.93,3.0,0.76,16.0,0.3,0.6,0.5,-2.04,-1.99,-1.47,-1.76,3.0,0.46,16.0,0.3,0.6,0.5,-1.74,-0.36,2.19,0.21,3.0,2.92,16.0,0.3,0.6,0.5,1012.23,1012.5,1012.7,1012.47,3.0,0.35,16.0,0.3,0.6,0.5,4.3,7.0,7.7,6.0,3.0,2.6,16.0,0.3,0.6,0.5,-5.6,-4.4,-4.4,-5.0,3.0,1.0,16.0,0.3,0.6,0.5,-5.3,-0.8,8.1,1.4,3.0,9.9,16.0,0.3,0.6,0.5,-0.07,0.65,1.37,0.65,2.0,1.48,22.0,0.5,0.8,0.5,0.1,2.2,4.3,2.2,2.0,4.3,22.0,0.5,0.8,0.5,4.53,5.27,6.02,5.27,2.0,1.55,22.0,0.5,0.8,0.5,10.5,14.3,18.0,14.3,2.0,7.8,22.0,0.5,0.8,0.5,-54.9,-52.4,-37.0,-46.1,3.0,14.2,16.0,0.3,0.6,0.5,-45.8,-9.9,52.7,3.2,3.0,73.0,16.0,0.3,0.6,0.5,-36.0,-34.5,-26.1,-31.1,3.0,7.8,16.0,0.3,0.6,0.5,-30.1,-6.5,39.7,4.5,3.0,52.0,16.0,0.3,0.6,0.5,-12.0,-10.7,-9.3,-10.7,2.0,2.9,22.0,0.5,0.8,0.5,-13.0,-8.3,-3.7,-8.3,2.0,9.6,22.0,0.5,0.8,0.5,16.0,30.0,41.5,28.5,3.0,18.5,16.0,0.3,0.6,0.5,15.0,30.0,40.0,30.0,3.0,20.0,16.0,0.3,0.6,0.5
1974,2,191.0,-20.0,27.16,27.5,27.84,27.5,2.0,0.71,22.0,0.0,0.4,0.7,24.55,24.65,24.75,24.65,2.0,0.21,22.0,0.0,0.4,0.7,17.7,18.22,18.75,18.22,2.0,1.09,22.0,0.0,0.4,0.7,91.8,93.9,96.1,93.9,2.0,4.4,22.0,0.0,0.7,7.2,7.2,7.2,7.2,2.0,0.0,22.0,0.0,0.4,0.7,-6.12,-5.88,-5.63,-5.88,2.0,0.51,22.0,0.0,0.4,0.7,-4.46,-4.11,-3.76,-4.11,2.0,0.73,22.0,0.0,0.4,0.7,1010.31,1010.55,1010.79,1010.55,2.0,0.49,22.0,0.0,0.4,0.7,4.6,6.0,7.4,6.0,2.0,2.8,22.0,0.0,0.4,0.7,-44.1,-42.3,-40.5,-42.3,2.0,3.7,22.0,0.0,0.4,0.7,-32.1,-29.6,-27.1,-29.6,2.0,5.2,22.0,0.0,0.4,0.7,2.41,2.85,3.29,2.85,2.0,0.92,22.0,0.0,0.4,0.7,17.3,20.5,23.7,20.5,2.0,6.6,22.0,0.0,0.4,0.7,3.81,4.81,5.81,4.81,2.0,2.07,22.0,0.0,0.4,0.7,27.5,34.7,41.9,34.7,2.0,14.9,22.0,0.0,0.4,0.7,-151.5,-144.9,-138.2,-144.9,2.0,13.8,22.0,0.0,0.4,0.7,-109.6,-101.3,-93.1,-101.3,2.0,17.0,22.0,0.0,0.4,0.7,-114.9,-107.3,-99.8,-107.3,2.0,15.7,22.0,0.0,0.4,0.7,-78.8,-74.6,-70.3,-74.6,2.0,8.8,22.0,0.0,0.4,0.7,-32.4,-27.8,-23.1,-27.8,2.0,9.7,22.0,0.0,0.4,0.7,-26.4,-20.6,-14.8,-20.6,2.0,12.0,22.0,0.0,0.4,0.7,373.0,373.0,373.0,373.0,2.0,0.0,22.0,0.0,0.4,0.7,375.0,375.0,375.0,375.0,2.0,0.0,22.0,0.0,0.4,0.7
1974,2,191.0,-19.0,25.98,27.0,27.55,26.77,3.0,1.17,18.0,0.7,0.5,0.5,25.51,26.6,26.67,26.1,3.0,0.95,18.0,0.7,0.5,0.5,17.57,17.78,18.01,17.79,3.0,0.32,18.0,0.7,0.5,0.5,81.8,83.1,86.5,84.1,3.0,3.6,18.0,0.7,0.5,3.05,5.1,5.51,4.3,3.0,1.93,18.0,0.7,0.5,0.5,-1.84,-1.61,0.68,-0.6,3.0,2.04,18.0,0.7,0.5,0.5,-5.18,-4.79,-2.44,-3.83,3.0,2.17,18.0,0.7,0.5,0.5,1009.23,1009.5,1009.98,1009.6,3.0,0.56,18.0,0.7,0.5,0.5,7.0,7.0,7.7,7.3,3.0,0.6,18.0,0.7,0.5,0.5,-8.7,-3.4,5.0,-1.9,3.0,10.1,18.0,0.7,0.5,0.5,-28.6,-24.4,-9.7,-19.3,3.0,14.6,18.0,0.7,0.5,0.5,0.43,0.5,0.91,0.67,3.0,0.38,18.0,0.7,0.5,0.5,1.4,2.6,5.1,3.2,3.0,2.8,18.0,0.7,0.5,0.5,3.39,4.26,5.23,4.31,3.0,1.34,18.0,0.7,0.5,0.5,10.9,15.2,26.9,18.8,3.0,12.1,18.0,0.7,0.5,0.5,-49.1,-42.8,16.2,-17.1,3.0,52.8,18.0,0.7,0.5,0.5,-135.6,-119.8,-62.5,-99.6,3.0,56.3,18.0,0.7,0.5,0.5,-32.9,-29.1,11.6,-11.1,3.0,36.1,18.0,0.7,0.5,0.5,-91.6,-83.7,-43.3,-67.8,3.0,38.0,18.0,0.7,0.5,0.5,-9.7,-6.9,1.4,-4.2,3.0,8.4,18.0,0.7,0.5,0.5,-25.3,-14.3,-8.5,-16.8,3.0,12.5,18.0,0.7,0.5,0.5,48.5,132.5,168.5,109.0,3.0,90.5,18.0,0.7,0.5,0.5,50.0,135.0,170.0,110.0,3.0,90.0,18.0,0.7,0.5,0.5
1974,2,191.0,-17.0,28.5,28.5,28.5,28.5,1.0,0.0,14.0,0.0,0.6,0.6,26.72,27.2,27.68,27.2,2.0,0.99,8.0,0.0,0.5,0.4,17.56,18.78,20.01,18.78,2.0,2.54,8.0,0.0,0.5,0.4,79.7,82.8,85.9,82.8,2.0,6.4,8.0,0.0,0.4,0.57,1.8,3.03,1.8,2.0,2.55,8.0,0.0,0.5,0.4,0.0,0.0,0.0,0.0,2.0,0.0,8.0,0.0,0.5,0.4,-3.03,-1.8,-0.57,-1.8,2.0,2.55,8.0,0.0,0.5,0.4,1006.98,1008.0,1009.02,1008.0,2.0,2.12,8.0,0.0,0.5,0.4,6.3,7.0,7.7,7.0,2.0,1.4,8.0,0.0,0.5,0.4,0.0,0.0,0.0,0.0,2.0,0.0,8.0,0.0,0.5,0.4,-10.9,-6.5,-2.1,-6.5,2.0,9.2,8.0,0.0,0.5,0.4,2.0,2.0,2.0,2.0,1.0,0.0,14.0,0.0,0.6,0.6,7.2,7.2,7.2,7.2,1.0,0.0,14.0,0.0,0.6,0.6,7.55,7.55,7.55,7.55,1.0,0.0,14.0,0.0,0.6,0.6,27.2,27.2,27.2,27.2,1.0,0.0,14.0,0.0,0.6,0.6,0.0,0.0,0.0,0.0,2.0,0.0,8.0,0.0,0.5,0.4,-80.3,-47.7,-15.1,-47.7,2.0,67.5,8.0,0.0,0.5,0.4,0.0,0.0,0.0,0.0,2.0,0.0,8.0,0.0,0.5,0.4,-51.4,-30.6,-9.7,-30.6,2.0,43.2,8.0,0.0,0.5,0.4,0.0,0.0,0.0,0.0,1.0,0.0,14.0,0.0,0.6,0.6,-27.2,-27.2,-27.2,-27.2,1.0,0.0,14.0,0.0,0.6,0.6,7.5,23.5,39.5,23.5,2.0,33.0,8.0,0.0,0.5,0.4,5.0,25.0,40.0,25.0,2.0,35.0,8.0,0.0,0.5,0.4
1974,2,191.0,-15.0,27.62,28.6,28.95,28.3,4.0,0.92,10.0,0.8,0.7,0.3,26.54,26.95,27.72,27.13,4.0,0.79,10.0,0.8,0.7,0.3,17.09,18.39,19.47,18.29,4.0,1.47,10.0,0.8,0.7,0.3,74.8,79.8,88.3,81.5,4.0,8.3,10.0,0.8,0.3,4.6,4.85,7.82,6.15,4.0,2.78,10.0,0.8,0.7,0.3,-4.79,-2.66,2.32,-1.3,4.0,4.7,10.0,0.8,0.7,0.3,-6.83,-2.66,0.08,-3.34,4.0,4.35,10.0,0.8,0.7,0.3,1008.32,1009.5,1011.68,1009.98,4.0,2.35,10.0,0.8,0.7,0.3,4.9,7.0,7.5,6.3,4.0,2.2,10.0,0.8,0.7,0.3,-23.3,-12.3,26.0,0.7,4.0,36.1,10.0,0.8,0.7,0.3,-58.1,-12.3,0.6,-28.0,4.0,43.9,10.0,0.8,0.7,0.3,-0.06,1.15,2.41,1.18,4.0,1.43,10.0,0.8,0.7,0.3,-0.9,5.8,11.6,5.4,4.0,7.2,10.0,0.8,0.7,0.3,4.31,5.85,7.49,5.9,4.0,2.14,10.0,0.8,0.7,0.3,26.8,31.9,39.2,33.0,4.0,8.1,10.0,0.8,0.7,0.3,-131.1,-74.4,63.3,-35.7,4.0,128.2,10.0,0.8,0.7,0.3,-184.1,-71.1,1.7,-90.3,4.0,117.8,10.0,0.8,0.7,0.3,-81.7,-48.1,43.9,-20.2,4.0,84.8,10.0,0.8,0.7,0.3,-131.9,-52.1,0.9,-64.9,4.0,82.8,10.0,0.8,0.7,0.3,-36.1,-16.5,7.0,-14.6,4.0,26.6,10.0,0.8,0.7,0.3,-27.2,-14.7,1.5,-12.9,4.0,17.3,10.0,0.8,0.7,0.3,97.5,115.0,635.5,355.0,4.0,492.0,10.0,0.8,0.7,0.3,95.0,115.0,635.0,355.0,4.0,490.0,10.0,0.8,0.7,0.3
1974,2,191.0,-14.0,28.43,28.5,28.57,28.5,2.0,0.14,18.0,0.0,1.0,0.8,27.52,27.55,27.58,27.55,2.0,0.07,18.0,0.0,1.0,0.8,18.33,19.61,20.88,19.61,2.0,2.64,18.0,0.0,1.0,0.8,79.1,84.8,90.5,84.8,2.0,11.8,18.0,0.0,0.8,4.6,4.6,4.6,4.6,2.0,0.0,18.0,0.0,1.0,0.8,-3.52,-3.52,-3.52,-3.52,2.0,0.0,18.0,0.0,1.0,0.8,-2.96,-2.96,-2.96,-2.96,2.0,0.0,18.0,0.0,1.0,0.8,1006.54,1007.5,1008.46,1007.5,2.0,1.98,18.0,0.0,1.0,0.8,7.2,7.5,7.8,7.5,2.0,0.7,18.0,0.0,1.0,0.8,-16.2,-16.2,-16.2,-16.2,2.0,0.0,18.0,0.0,1.0,0.8,-13.6,-13.6,-13.6,-13.6,2.0,0.0,18.0,0.0,1.0,0.8,0.85,0.95,1.05,0.95,2.0,0.21,18.0,0.0,1.0,0.8,3.9,4.4,4.8,4.4,2.0,1.0,18.0,0.0,1.0,0.8,3.7,4.9,6.1,4.9,2.0,2.48,18.0,0.0,1.0,0.8,17.0,22.6,28.1,22.6,2.0,11.4,18.0,0.0,1.0,0.8,-97.2,-97.1,-97.0,-97.1,2.0,0.2,18.0,0.0,1.0,0.8,-81.6,-81.5,-81.4,-81.5,2.0,0.2,18.0,0.0,1.0,0.8,-73.6,-69.1,-64.6,-69.1,2.0,9.3,18.0,0.0,1.0,0.8,-61.7,-58.0,-54.2,-58.0,2.0,7.8,18.0,0.0,1.0,0.8,-21.5,-17.3,-13.1,-17.3,2.0,8.8,18.0,0.0,1.0,0.8,-18.0,-14.5,-11.0,-14.5,2.0,7.3,18.0,0.0,1.0,0.8,97.5,97.5,97.5,97.5,2.0,0.0,18.0,0.0,1.0,0.8,95.0,95.0,95.0,95.0,2.0,0.0,18.0,0.0,1.0,0.8
1974,2,191.0,-12.0,28.9,28.9,28.9,28.9,1.0,0.0,10.0,1.0,1.0,0.2,27.2,27.2,27.2,27.2,1.0,0.0,10.0,1.0,1.0,0.2,16.35,16.35,16.35,16.35,1.0,0.0,10.0,1.0,1.0,0.2,72.4,72.4,72.4,72.4,1.0,0.0,10.0,1.0,0.2,4.1,4.1,4.1,4.1,1.0,0.0,10.0,1.0,1.0,0.2,-3.85,-3.85,-3.85,-3.85,1.0,0.0,10.0,1.0,1.0,0.2,-1.4,-1.4,-1.4,-1.4,1.0,0.0,10.0,1.0,1.0,0.2,1008.0,1008.0,1008.0,1008.0,1.0,0.0,10.0,1.0,1.0,0.2,4.0,4.0,4.0,4.0,1.0,0.0,10.0,1.0,1.0,0.2,-15.8,-15.8,-15.8,-15.8,1.0,0.0,10.0,1.0,1.0,0.2,-5.7,-5.7,-5.7,-5.7,1.0,0.0,10.0,1.0,1.0,0.2,1.7,1.7,1.7,1.7,1.0,0.0,10.0,1.0,1.0,0.2,7.0,7.0,7.0,7.0,1.0,0.0,10.0,1.0,1.0,0.2,8.73,8.73,8.73,8.73,1.0,0.0,10.0,1.0,1.0,0.2,35.8,35.8,35.8,35.8,1.0,0.0,10.0,1.0,1.0,0.2,-104.8,-104.8,-104.8,-104.8,1.0,0.0,10.0,1.0,1.0,0.2,-38.1,-38.1,-38.1,-38.1,1.0,0.0,10.0,1.0,1.0,0.2,-63.0,-63.0,-63.0,-63.0,1.0,0.0,10.0,1.0,1.0,0.2,-22.9,-22.9,-22.9,-22.9,1.0,0.0,10.0,1.0,1.0,0.2,-33.7,-33.7,-33.7,-33.7,1.0,0.0,10.0,1.0,1.0,0.2,-12.2,-12.2,-12.2,-12.2,1.0,0.0,10.0,1.0,1.0,0.2,69.0,69.0,69.0,69.0,1.0,0.0,10.0,1.0,1.0,0.2,70.0,70.0,70.0,70.0,1.0,0.0,10.0,1.0,1.0,0.2
1974,2,191.0,-11.0,26.7,26.7,26.7,26.7,1.0,0.0,24.0,1.0,0.8,0.6,26.75,26.85,26.95,26.85,2.0,0.21,24.0,0.5,0.9,0.8,18.28,18.28,18.28,18.28,1.0,0.0,24.0,1.0,0.8,0.6,83.1,83.1,83.1,83.1,1.0,0.0,24.0,1.0,0.6,4.85,5.4,5.95,5.4,2.0,1.13,24.0,0.5,0.9,0.8,-3.91,-3.75,-3.6,-3.75,2.0,0.33,24.0,0.5,0.9,0.8,-4.46,-3.85,-3.24,-3.85,2.0,1.27,24.0,0.5,0.9,0.8,1006.15,1006.25,1006.35,1006.25,2.0,0.21,24.0,0.5,0.9,0.8,6.3,7.0,7.7,7.0,2.0,1.4,24.0,0.5,0.9,0.8,-23.4,-20.5,-17.6,-20.5,2.0,6.0,24.0,0.5,0.9,0.8,-26.9,-21.5,-16.1,-21.5,2.0,11.2,24.0,0.5,0.9,0.8,0.0,0.0,0.0,0.0,1.0,0.0,24.0,1.0,0.8,0.6,0.0,0.0,0.0,0.0,1.0,0.0,24.0,1.0,0.8,0.6,3.76,3.76,3.76,3.76,1.0,0.0,24.0,1.0,0.8,0.6,23.3,23.3,23.3,23.3,1.0,0.0,24.0,1.0,0.8,0.6,-104.6,-100.8,-96.9,-100.8,2.0,8.0,24.0,0.5,0.9,0.8,-119.4,-103.3,-87.3,-103.3,2.0,33.2,24.0,0.5,0.9,0.8,-72.9,-72.9,-72.9,-72.9,1.0,0.0,24.0,1.0,0.8,0.6,-86.8,-86.8,-86.8,-86.8,1.0,0.0,24.0,1.0,0.8,0.6,-15.0,-15.0,-15.0,-15.0,1.0,0.0,24.0,1.0,0.8,0.6,-17.9,-17.9,-17.9,-17.9,1.0,0.0,24.0,1.0,0.8,0.6,119.5,168.0,216.0,168.0,2.0,99.5,24.0,0.5,0.9,0.8,120.0,170.0,215.0,170.0,2.0,100.0,24.0,0.5,0.9,0.8
1974,2,191.0,-9.0,28.05,28.15,28.25,28.15,2.0,0.21,10.0,1.0,0.5,0.7,27.13,27.4,27.67,27.4,2.0,0.57,10.0,1.0,0.5,0.7,17.87,18.62,19.38,18.62,2.0,1.57,10.0,1.0,0.5,0.7,79.2,81.3,83.3,81.3,2.0,4.2,10.0,1.0,0.7,3.42,4.1,4.78,4.1,2.0,1.41,10.0,1.0,0.5,0.7,-3.66,-3.14,-2.62,-3.14,2.0,1.08,10.0,1.0,0.5,0.7,-3.07,-2.64,-2.2,-2.64,2.0,0.91,10.0,1.0,0.5,0.7,1007.08,1007.9,1008.72,1007.9,2.0,1.7,10.0,1.0,0.5,0.7,4.3,5.0,5.7,5.0,2.0,1.4,10.0,1.0,0.5,0.7,-17.9,-13.6,-9.4,-13.6,2.0,8.9,10.0,1.0,0.5,0.7,-15.0,-11.4,-7.9,-11.4,2.0,7.5,10.0,1.0,0.5,0.7,0.58,0.75,0.92,0.75,2.0,0.35,10.0,1.0,0.5,0.7,2.6,2.8,3.0,2.8,2.0,0.4,10.0,1.0,0.5,0.7,4.74,5.37,6.01,5.37,2.0,1.31,10.0,1.0,0.5,0.7,20.0,21.1,22.2,21.1,2.0,2.2,10.0,1.0,0.5,0.7,-101.5,-86.4,-71.2,-86.4,2.0,31.5,10.0,1.0,0.5,0.7,-85.2,-72.5,-59.7,-72.5,2.0,26.4,10.0,1.0,0.5,0.7,-71.5,-59.3,-47.2,-59.3,2.0,25.1,10.0,1.0,0.5,0.7,-60.0,-49.8,-39.6,-49.8,2.0,21.1,10.0,1.0,0.5,0.7,-17.0,-16.2,-15.3,-16.2,2.0,1.7,10.0,1.0,0.5,0.7,-14.3,-13.6,-12.9,-13.6,2.0,1.4,10.0,1.0,0.5,0.7,46.0,81.0,116.5,81.0,2.0,72.5,10.0,1.0,0.5,0.7,45.0,80.0,115.0,80.0,2.0,75.0,10.0,1.0,0.5,0.7
1974,2,191.0,-8.0,27.5,27.5,27.5,27.5,1.0,0.0,20.0,1.0,0.3,0.7,27.0,27.0,27.0,27.0,1.0,0.0,20.0,1.0,0.3,0.7,15.74,15.74,15.74,15.74,1.0,0.0,20.0,1.0,0.3,0.7,70.6,70.6,70.6,70.6,1.0,0.0,20.0,1.0,0.7,7.7,7.7,7.7,7.7,1.0,0.0,20.0,1.0,0.3,0.7,-5.9,-5.9,-5.9,-5.9,1.0,0.0,20.0,1.0,0.3,0.7,-4.95,-4.95,-4.95,-4.95,1.0,0.0,20.0,1.0,0.3,0.7,1008.8,1008.8,1008.8,1008.8,1.0,0.0,20.0,1.0,0.3,0.7,1.0,1.0,1.0,1.0,1.0,0.0,20.0,1.0,0.3,0.7,-45.4,-45.4,-45.4,-45.4,1.0,0.0,20.0,1.0,0.3,0.7,-38.1,-38.1,-38.1,-38.1,1.0,0.0,20.0,1.0,0.3,0.7,0.5,0.5,0.5,0.5,1.0,0.0,20.0,1.0,0.3,0.7,3.9,3.9,3.9,3.9,1.0,0.0,20.0,1.0,0.3,0.7,7.33,7.33,7.33,7.33,1.0,0.0,20.0,1.0,0.3,0.7,56.4,56.4,56.4,56.4,1.0,0.0,20.0,1.0,0.3,0.7,-159.3,-159.3,-159.3,-159.3,1.0,0.0,20.0,1.0,0.3,0.7,-133.6,-133.6,-133.6,-133.6,1.0,0.0,20.0,1.0,0.3,0.7,-92.8,-92.8,-92.8,-92.8,1.0,0.0,20.0,1.0,0.3,0.7,-77.9,-77.9,-77.9,-77.9,1.0,0.0,20.0,1.0,0.3,0.7,-43.2,-43.2,-43.2,-43.2,1.0,0.0,20.0,1.0,0.3,0.7,-36.3,-36.3,-36.3,-36.3,1.0,0.0,20.0,1.0,0.3,0.7,456.5,456.5,456.5,456.5,1.0,0.0,20.0,1.0,0.3,0.7,455.0,455.0,455.0,455.0,1.0,0.0,20.0,1.0,0.3,0.7
1974,2,191.0,-3.0,26.7,26.7,26.7,26.7,1.0,0.0,18.0,0.0,0.1,0.7,26.7,26.7,26.7,26.7,1.0,0.0,18.0,0.0,0.1,0.7,18.24,18.24,18.24,18.24,1.0,0.0,18.0,0.0,0.1,0.7,83.1,83.1,83.1,83.1,1.0,0.0,18.0,0.0,0.7,7.7,7.7,7.7,7.7,1.0,0.0,18.0,0.0,0.1,0.7,-7.7,-7.7,-7.7,-7.7,1.0,0.0,18.0,0.0,0.1,0.7,0.0,0.0,0.0,0.0,1.0,0.0,18.0,0.0,0.1,0.7,1009.1,1009.1,1009.1,1009.1,1.0,0.0,18.0,0.0,0.1,0.7,2.0,2.0,2.0,2.0,1.0,0.0,18.0,0.0,0.1,0.7,-59.3,-59.3,-59.3,-59.3,1.0,0.0,18.0,0.0,0.1,0.7,0.0,0.0,0.0,0.0,1.0,0.0,18.0,0.0,0.1,0.7,0.0,0.0,0.0,0.0,1.0,0.0,18.0,0.0,0.1,0.7,0.0,0.0,0.0,0.0,1.0,0.0,18.0,0.0,0.1,0.7,3.75,3.75,3.75,3.75,1.0,0.0,18.0,0.0,0.1,0.7,28.9,28.9,28.9,28.9,1.0,0.0,18.0,0.0,0.1,0.7,-205.6,-205.6,-205.6,-205.6,1.0,0.0,18.0,0.0,0.1,0.7,0.0,0.0,0.0,0.0,1.0,0.0,18.0,0.0,0.1,0.7,-140.4,-140.4,-140.4,-140.4,1.0,0.0,18.0,0.0,0.1,0.7,0.0,0.0,0.0,0.0,1.0,0.0,18.0,0.0,0.1,0.7,-28.9,-28.9,-28.9,-28.9,1.0,0.0,18.0,0.0,0.1,0.7,0.0,0.0,0.0,0.0,1.0,0.0,18.0,0.0,0.1,0.7,456.5,456.5,456.5,456.5,1.0,0.0,18.0,0.0,0.1,0.7,455.0,455.0,455.0,455.0,1.0,0.0,18.0,0.0,0.1,0.7
1974,2,191.0,-1.0,25.02,25.7,25.9,25.47,3.0,0.68,18.0,0.3,0.6,0.4,25.03,26.35,27.41,26.23,4.0,1.42,18.0,0.3,0.6,0.5,16.15,16.53,16.89,16.52,4.0,0.56,18.0,0.3,0.6,0.5,72.4,77.6,83.0,77.7,4.0,6.2,18.0,0.3,0.5,7.94,9.0,10.06,9.0,4.0,1.25,18.0,0.3,0.6,0.5,-9.44,-8.1,-7.7,-8.55,4.0,1.23,18.0,0.3,0.6,0.5,-3.9,-1.4,0.0,-1.93,4.0,2.38,18.0,0.3,0.6,0.5,1006.88,1008.2,1009.73,1008.3,4.0,1.76,18.0,0.3,0.6,0.5,3.0,5.5,7.5,5.3,4.0,2.8,18.0,0.3,0.6,0.5,-95.2,-73.2,-61.1,-77.9,4.0,21.5,18.0,0.3,0.6,0.5,-36.1,-11.5,0.0,-17.8,4.0,22.9,18.0,0.3,0.6,0.5,-2.21,-1.6,0.24,-1.0,3.0,1.87,18.0,0.3,0.6,0.4,-17.3,-13.1,3.2,-7.2,3.0,15.9,18.0,0.3,0.6,0.4,3.47,4.55,4.77,4.13,3.0,1.02,18.0,0.3,0.6,0.4,27.5,37.3,44.5,36.0,3.0,12.5,18.0,0.3,0.6,0.4,-238.9,-211.1,-209.1,-223.4,4.0,26.2,18.0,0.3,0.6,0.5,-100.0,-38.7,0.0,-49.5,4.0,59.8,18.0,0.3,0.6,0.5,-156.8,-130.9,-127.3,-141.6,4.0,24.0,18.0,0.3,0.6,0.5,-62.7,-23.2,0.0,-31.0,4.0,38.0,18.0,0.3,0.6,0.5,-39.4,-35.0,-26.7,-33.1,3.0,9.4,18.0,0.3,0.6,0.4,-20.4,-12.8,-4.0,-12.2,3.0,12.0,18.0,0.3,0.6,0.4,501.5,746.5,1020.5,760.5,4.0,305.0,18.0,0.3,0.6,0.5,500.0,745.0,1020.0,760.0,4.0,305.0,18.0,0.3,0.6,0.5
1974,2,191.0,0.0,25.7,26.55,27.61,26.65,4.0,1.11,18.0,0.3,0.6,0.5,24.6,24.6,24.6,24.6,1.0,0.0,18.0,0.0,0.6,0.2,15.54,15.54,15.54,15.54,1.0,0.0,18.0,0.0,0.6,0.2,80.4,80.4,80.4,80.4,1.0,0.0,18.0,0.0,0.2,9.8,9.8,9.8,9.8,1.0,0.0,18.0,0.0,0.6,0.2,-8.49,-8.49,-8.49,-8.49,1.0,0.0,18.0,0.0,0.6,0.2,-4.9,-4.9,-4.9,-4.9,1.0,0.0,18.0,0.0,0.6,0.2,1009.0,1009.0,1009.0,1009.0,1.0,0.0,18.0,0.0,0.6,0.2,8.0,8.0,8.0,8.0,1.0,0.0,18.0,0.0,0.6,0.2,-83.2,-83.2,-83.2,-83.2,1.0,0.0,18.0,0.0,0.6,0.2,-48.0,-48.0,-48.0,-48.0,1.0,0.0,18.0,0.0,0.6,0.2,1.1,1.1,1.1,1.1,1.0,0.0,18.0,0.0,0.6,0.2,10.8,10.8,10.8,10.8,1.0,0.0,18.0,0.0,0.6,0.2,5.17,5.17,5.17,5.17,1.0,0.0,18.0,0.0,0.6,0.2,50.7,50.7,50.7,50.7,1.0,0.0,18.0,0.0,0.6,0.2,-208.8,-208.8,-208.8,-208.8,1.0,0.0,18.0,0.0,0.6,0.2,-120.5,-120.5,-120.5,-120.5,1.0,0.0,18.0,0.0,0.6,0.2,-131.9,-131.9,-131.9,-131.9,1.0,0.0,18.0,0.0,0.6,0.2,-76.1,-76.1,-76.1,-76.1,1.0,0.0,18.0,0.0,0.6,0.2,-43.9,-43.9,-43.9,-43.9,1.0,0.0,18.0,0.0,0.6,0.2,-25.3,-25.3,-25.3,-25.3,1.0,0.0,18.0,0.0,0.6,0.2,941.0,941.0,941.0,941.0,1.0,0.0,18.0,0.0,0.6,0.2,940.0,940.0,940.0,940.0,1.0,0.0,18.0,0.0,0.6,0.2
1974,2,191.0,3.0,26.7,26.7,26.7,26.7,1.0,0.0,18.0,0.0,0.6,0.5,25.7,25.7,25.7,25.7,1.0,0.0,18.0,0.0,0.6,0.5,17.79,17.79,17.79,17.79,1.0,0.0,18.0,0.0,0.6,0.5,86.1,86.1,86.1,86.1,1.0,0.0,18.0,0.0,0.5,7.7,7.7,7.7,7.7,1.0,0.0,18.0,0.0,0.6,0.5,-7.58,-7.58,-7.58,-7.58,1.0,0.0,18.0,0.0,0.6,0.5,1.34,1.34,1.34,1.34,1.0,0.0,18.0,0.0,0.6,0.5,1009.3,1009.3,1009.3,1009.3,1.0,0.0,18.0,0.0,0.6,0.5,1.0,1.0,1.0,1.0,1.0,0.0,18.0,0.0,0.6,0.5,-58.4,-58.4,-58.4,-58.4,1.0,0.0,18.0,0.0,0.6,0.5,10.3,10.3,10.3,10.3,1.0,0.0,18.0,0.0,0.6,0.5,1.0,1.0,1.0,1.0,1.0,0.0,18.0,0.0,0.6,0.5,7.7,7.7,7.7,7.7,1.0,0.0,18.0,0.0,0.6,0.5,4.19,4.19,4.19,4.19,1.0,0.0,18.0,0.0,0.6,0.5,32.3,32.3,32.3,32.3,1.0,0.0,18.0,0.0,0.6,0.5,-194.9,-194.9,-194.9,-194.9,1.0,0.0,18.0,0.0,0.6,0.5,34.4,34.4,34.4,34.4,1.0,0.0,18.0,0.0,0.6,0.5,-134.9,-134.9,-134.9,-134.9,1.0,0.0,18.0,0.0,0.6,0.5,23.8,23.8,23.8,23.8,1.0,0.0,18.0,0.0,0.6,0.5,-31.8,-31.8,-31.8,-31.8,1.0,0.0,18.0,0.0,0.6,0.5,5.6,5.6,5.6,5.6,1.0,0.0,18.0,0.0,0.6,0.5,456.5,456.5,456.5,456.5,1.0,0.0,18.0,0.0,0.6,0.5,455.0,455.0,455.0,455.0,1.0,0.0,18.0,0.0,0.6,0.5
1974,2,191.0,4.0,27.8,27.8,27.8,27.8,1.0,0.0,26.0,0.0,0.4,0.5,25.9,25.9,25.9,25.9,1.0,0.0,26.0,0.0,0.4,0.5,19.51,19.51,19.51,19.51,1.0,0.0,26.0,0.0,0.4,0.5,93.1,93.1,93.1,93.1,1.0,0.0,26.0,0.0,0.5,9.8,9.8,9.8,9.8,1.0,0.0,26.0,0.0,0.4,0.5,-9.21,-9.21,-9.21,-9.21,1.0,0.0,26.0,0.0,0.4,0.5,-3.35,-3.35,-3.35,-3.35,1.0,0.0,26.0,0.0,0.4,0.5,1008.5,1008.5,1008.5,1008.5,1.0,0.0,26.0,0.0,0.4,0.5,4.0,4.0,4.0,4.0,1.0,0.0,26.0,0.0,0.4,0.5,-90.2,-90.2,-90.2,-90.2,1.0,0.0,26.0,0.0,0.4,0.5,-32.8,-32.8,-32.8,-32.8,1.0,0.0,26.0,0.0,0.4,0.5,1.9,1.9,1.9,1.9,1.0,0.0,26.0,0.0,0.4,0.5,18.6,18.6,18.6,18.6,1.0,0.0,26.0,0.0,0.4,0.5,3.98,3.98,3.98,3.98,1.0,0.0,26.0,0.0,0.4,0.5,39.0,39.0,39.0,39.0,1.0,0.0,26.0,0.0,0.4,0.5,-238.5,-238.5,-238.5,-238.5,1.0,0.0,26.0,0.0,0.4,0.5,-86.8,-86.8,-86.8,-86.8,1.0,0.0,26.0,0.0,0.4,0.5,-179.6,-179.6,-179.6,-179.6,1.0,0.0,26.0,0.0,0.4,0.5,-65.4,-65.4,-65.4,-65.4,1.0,0.0,26.0,0.0,0.4,0.5,-36.7,-36.7,-36.7,-36.7,1.0,0.0,26.0,0.0,0.4,0.5,-13.3,-13.3,-13.3,-13.3,1.0,0.0,26.0,0.0,0.4,0.5,941.0,941.0,941.0,941.0,1.0,0.0,26.0,0.0,0.4,0.5,940.0,940.0,940.0,940.0,1.0,0.0,26.0,0.0,0.4,0.5
1974,2,191.0,9.0,27.5,27.5,27.5,27.5,1.0,0.0,28.0,1.0,0.8,0.5,26.6,26.6,26.6,26.6,1.0,0.0,28.0,1.0,0.8,0.5,18.34,18.34,18.34,18.34,1.0,0.0,28.0,1.0,0.8,0.5,84.1,84.1,84.1,84.1,1.0,0.0,28.0,1.0,0.5,7.7,7.7,7.7,7.7,1.0,0.0,28.0,1.0,0.8,0.5,-7.58,-7.58,-7.58,-7.58,1.0,0.0,28.0,1.0,0.8,0.5,1.34,1.34,1.34,1.34,1.0,0.0,28.0,1.0,0.8,0.5,1009.4,1009.4,1009.4,1009.4,1.0,0.0,28.0,1.0,0.8,0.5,5.0,5.0,5.0,5.0,1.0,0.0,28.0,1.0,0.8,0.5,-58.4,-58.4,-58.4,-58.4,1.0,0.0,28.0,1.0,0.8,0.5,10.3,10.3,10.3,10.3,1.0,0.0,28.0,1.0,0.8,0.5,0.9,0.9,0.9,0.9,1.0,0.0,28.0,1.0,0.8,0.5,6.9,6.9,6.9,6.9,1.0,0.0,28.0,1.0,0.8,0.5,4.71,4.71,4.71,4.71,1.0,0.0,28.0,1.0,0.8,0.5,36.3,36.3,36.3,36.3,1.0,0.0,28.0,1.0,0.8,0.5,-201.7,-201.7,-201.7,-201.7,1.0,0.0,28.0,1.0,0.8,0.5,35.6,35.6,35.6,35.6,1.0,0.0,28.0,1.0,0.8,0.5,-139.1,-139.1,-139.1,-139.1,1.0,0.0,28.0,1.0,0.8,0.5,24.5,24.5,24.5,24.5,1.0,0.0,28.0,1.0,0.8,0.5,-35.7,-35.7,-35.7,-35.7,1.0,0.0,28.0,1.0,0.8,0.5,6.3,6.3,6.3,6.3,1.0,0.0,28.0,1.0,0.8,0.5,456.5,456.5,456.5,456.5,1.0,0.0,28.0,1.0,0.8,0.5,455.0,455.0,455.0,455.0,1.0,0.0,28.0,1.0,0.8,0.5
1974,2,191.0,13.0,26.06,26.2,26.34,26.2,2.0,0.28,16.0,0.5,0.7,0.5,25.9,26.75,27.6,26.75,2.0,1.77,16.0,0.5,0.7,0.5,17.75,18.16,18.56,18.16,2.0,0.84,16.0,0.5,0.7,0.5,77.1,83.1,89.2,83.1,2.0,12.5,16.0,0.5,0.5,6.7,6.7,6.7,6.7,2.0,0.0,16.0,0.5,0.7,0.5,-6.64,-6.5,-6.36,-6.5,2.0,0.29,16.0,0.5,0.7,0.5,0.36,1.15,1.93,1.15,2.0,1.62,16.0,0.5,0.7,0.5,1010.29,1010.9,1011.51,1010.9,2.0,1.27,16.0,0.5,0.7,0.5,2.3,3.0,3.7,3.0,2.0,1.4,16.0,0.5,0.7,0.5,-44.5,-43.5,-42.6,-43.5,2.0,1.9,16.0,0.5,0.7,0.5,2.4,7.7,12.9,7.7,2.0,10.9,16.0,0.5,0.7,0.5,-1.54,-0.55,0.44,-0.55,2.0,2.05,16.0,0.5,0.7,0.5,-10.3,-3.7,2.9,-3.7,2.0,13.7,16.0,0.5,0.7,0.5,2.9,3.15,3.39,3.15,2.0,0.5,16.0,0.5,0.7,0.5,19.5,21.1,22.7,21.1,2.0,3.4,16.0,0.5,0.7,0.5,-183.3,-174.1,-164.8,-174.1,2.0,19.1,16.0,0.5,0.7,0.5,9.3,29.2,49.2,29.2,2.0,41.3,16.0,0.5,0.7,0.5,-118.0,-117.9,-117.7,-117.9,2.0,0.3,16.0,0.5,0.7,0.5,6.8,21.5,36.1,21.5,2.0,30.4,16.0,0.5,0.7,0.5,-22.5,-20.5,-18.5,-20.5,2.0,4.2,16.0,0.5,0.7,0.5,1.0,3.2,5.4,3.2,2.0,4.5,16.0,0.5,0.7,0.5,301.0,301.0,301.0,301.0,2.0,0.0,16.0,0.5,0.7,0.5,300.0,300.0,300.0,300.0,2.0,0.0,16.0,0.5,0.7,0.5
1974,2,191.0,15.0,26.1,26.1,26.1,26.1,1.0,0.0,4.0,1.0,0.2,0.2,27.16,27.5,27.84,27.5,2.0,0.71,16.0,1.0,0.5,0.1,15.48,15.48,15.48,15.48,1.0,0.0,4.0,1.0,0.2,0.2,69.7,69.7,69.7,69.7,1.0,0.0,4.0,1.0,0.2,5.59,6.65,7.71,6.65,2.0,2.19,16.0,1.0,0.5,0.1,-7.6,-6.59,-5.57,-6.59,2.0,2.1,16.0,1.0,0.5,0.1,0.23,0.71,1.2,0.71,2.0,1.01,16.0,1.0,0.5,0.1,1012.6,1012.6,1012.6,1012.6,1.0,0.0,4.0,1.0,0.2,0.2,2.5,3.5,4.5,3.5,2.0,2.1,16.0,1.0,0.5,0.1,-59.8,-46.1,-32.4,-46.1,2.0,28.4,16.0,1.0,0.5,0.1,1.9,5.8,9.8,5.8,2.0,8.3,16.0,1.0,0.5,0.1,-0.9,-0.9,-0.9,-0.9,1.0,0.0,4.0,1.0,0.2,0.2,-4.6,-4.6,-4.6,-4.6,1.0,0.0,4.0,1.0,0.2,0.2,5.65,5.65,5.65,5.65,1.0,0.0,4.0,1.0,0.2,0.2,28.8,28.8,28.8,28.8,1.0,0.0,4.0,1.0,0.2,0.2,-212.1,-181.9,-151.7,-181.9,2.0,62.5,16.0,1.0,0.5,0.1,6.3,19.9,33.5,19.9,2.0,28.2,16.0,1.0,0.5,0.1,-79.0,-79.0,-79.0,-79.0,1.0,0.0,4.0,1.0,0.2,0.2,0.0,0.0,0.0,0.0,1.0,0.0,4.0,1.0,0.2,0.2,-28.8,-28.8,-28.8,-28.8,1.0,0.0,4.0,1.0,0.2,0.2,0.0,0.0,0.0,0.0,1.0,0.0,4.0,1.0,0.2,0.2,199.0,342.0,485.0,342.0,2.0,296.0,16.0,1.0,0.5,0.1,200.0,340.0,485.0,340.0,2.0,295.0,16.0,1.0,0.5,0.1
1974,2,191.0,17.0,23.38,23.55,23.72,23.55,2.0,0.35,14.0,0.5,0.5,0.3,24.09,24.7,25.31,24.7,2.0,1.27,14.0,0.5,0.5,0.3,14.91,15.64,16.37,15.64,2.0,1.51,14.0,0.5,0.5,0.3,79.7,80.6,81.6,80.6,2.0,1.9,14.0,0.5,0.3,9.37,10.8,12.23,10.8,2.0,2.97,14.0,0.5,0.5,0.3,-11.56,-10.34,-9.13,-10.34,2.0,2.51,14.0,0.5,0.5,0.3,-3.47,-1.45,0.57,-1.45,2.0,4.19,14.0,0.5,0.5,0.3,1012.1,1014.05,1016.0,1014.05,2.0,4.03,14.0,0.5,0.5,0.3,2.6,4.0,5.4,4.0,2.0,2.8,14.0,0.5,0.5,0.3,-143.4,-115.5,-87.5,-115.5,2.0,57.9,14.0,0.5,0.5,0.3,-45.8,-21.9,2.0,-21.9,2.0,49.5,14.0,0.5,0.5,0.3,-1.93,-1.15,-0.37,-1.15,2.0,1.63,14.0,0.5,0.5,0.3,-16.8,-10.0,-3.2,-10.0,2.0,14.1,14.0,0.5,0.5,0.3,1.5,2.45,3.41,2.45,2.0,1.98,14.0,0.5,0.5,0.3,15.6,29.4,43.3,29.4,2.0,28.6,14.0,0.5,0.5,0.3,-277.5,-253.9,-230.3,-253.9,2.0,48.9,14.0,0.5,0.5,0.3,-82.2,-33.2,15.9,-33.2,2.0,101.6,14.0,0.5,0.5,0.3,-171.3,-159.9,-148.5,-159.9,2.0,23.7,14.0,0.5,0.5,0.3,-50.1,-19.5,11.0,-19.5,2.0,63.3,14.0,0.5,0.5,0.3,-40.7,-27.9,-15.0,-27.9,2.0,26.6,14.0,0.5,0.5,0.3,-14.0,-7.7,-1.4,-7.7,2.0,13.1,14.0,0.5,0.5,0.3,894.5,1402.5,1910.5,1402.5,2.0,1052.5,14.0,0.5,0.5,0.3,895.0,1405.0,1910.0,1405.0,2.0,1050.0,14.0,0.5,0.5,0.3
1974,2,191.0,18.0,25.1,25.3,25.5,25.3,2.0,0.42,16.0,0.0,1.0,0.3,23.74,24.25,24.76,24.25,2.0,1.06,16.0,0.0,1.0,0.3,15.19,15.29,15.39,15.29,2.0,0.21,16.0,0.0,1.0,0.3,79.4,81.4,83.4,81.4,2.0,4.1,16.0,0.0,0.3,8.11,9.0,9.89,9.0,2.0,1.84,16.0,0.0,1.0,0.3,-9.74,-8.86,-7.99,-8.86,2.0,1.81,16.0,0.0,1.0,0.3,-1.72,-1.56,-1.41,-1.56,2.0,0.32,16.0,0.0,1.0,0.3,1015.98,1016.15,1016.32,1016.15,2.0,0.35,16.0,0.0,1.0,0.3,2.2,2.5,2.8,2.5,2.0,0.7,16.0,0.0,1.0,0.3,-97.2,-81.4,-65.7,-81.4,2.0,32.6,16.0,0.0,1.0,0.3,-17.1,-14.4,-11.6,-14.4,2.0,5.7,16.0,0.0,1.0,0.3,0.74,1.05,1.36,1.05,2.0,0.64,16.0,0.0,1.0,0.3,6.3,10.0,13.7,10.0,2.0,7.7,16.0,0.0,1.0,0.3,4.64,4.79,4.94,4.79,2.0,0.31,16.0,0.0,1.0,0.3,39.9,42.8,45.7,42.8,2.0,6.0,16.0,0.0,1.0,0.3,-230.6,-214.0,-197.3,-214.0,2.0,34.5,16.0,0.0,1.0,0.3,-40.7,-37.7,-34.8,-37.7,2.0,6.1,16.0,0.0,1.0,0.3,-147.8,-135.3,-122.8,-135.3,2.0,25.8,16.0,0.0,1.0,0.3,-26.1,-23.9,-21.7,-23.9,2.0,4.6,16.0,0.0,1.0,0.3,-45.0,-42.2,-39.3,-42.2,2.0,5.9,16.0,0.0,1.0,0.3,-7.9,-7.4,-6.9,-7.4,2.0,1.0,16.0,0.0,1.0,0.3,557.5,774.5,992.0,774.5,2.0,450.0,16.0,0.0,1.0,0.3,555.0,775.0,990.0,775.0,2.0,450.0,16.0,0.0,1.0,0.3
1974,2,191.0,19.0,24.94,25.2,25.83,25.4,6.0,0.7,16.0,0.5,0.7,0.4,24.58,25.0,25.62,25.12,6.0,0.6,16.0,0.5,0.7,0.4,15.21,15.68,16.09,15.67,6.0,0.42,16.0,0.5,0.7,0.4,76.4,79.5,82.7,79.2,6.0,4.3,16.0,0.5,0.4,5.56,6.7,7.8,6.43,6.0,1.79,16.0,0.5,0.7,0.4,-7.41,-6.45,-5.26,-6.19,6.0,1.7,16.0,0.5,0.7,0.4,-2.16,-1.29,0.54,-0.73,6.0,1.84,16.0,0.5,0.7,0.4,1014.59,1015.4,1017.04,1015.55,6.0,1.62,16.0,0.5,0.7,0.4,3.0,3.0,3.4,3.2,5.0,0.4,18.0,0.6,0.6,0.4,-57.9,-43.2,-30.6,-42.3,6.0,19.3,16.0,0.5,0.7,0.4,-13.6,-9.7,4.2,-4.6,6.0,13.3,16.0,0.5,0.7,0.4,-0.06,0.35,0.62,0.28,6.0,0.41,16.0,0.5,0.7,0.4,-0.4,1.3,4.6,1.7,6.0,2.6,16.0,0.5,0.7,0.4,3.91,4.23,4.93,4.55,6.0,1.08,16.0,0.5,0.7,0.4,25.1,28.2,31.0,27.8,6.0,4.2,16.0,0.5,0.7,0.4,-184.6,-159.6,-134.6,-154.7,6.0,40.5,16.0,0.5,0.7,0.4,-54.5,-32.1,13.6,-18.1,6.0,45.9,16.0,0.5,0.7,0.4,-119.0,-100.8,-82.5,-97.3,6.0,27.6,16.0,0.5,0.7,0.4,-34.1,-20.0,8.8,-11.3,6.0,29.4,16.0,0.5,0.7,0.4,-30.3,-27.2,-23.9,-26.8,6.0,3.9,16.0,0.5,0.7,0.4,-9.0,-5.3,2.3,-2.9,6.0,7.6,16.0,0.5,0.7,0.4,195.5,301.0,476.0,313.0,6.0,181.0,16.0,0.5,0.7,0.4,195.0,300.0,475.0,315.0,6.0,180.0,16.0,0.5,0.7,0.4
1974,2,191.0,20.0,24.79,25.25,26.41,25.58,6.0,1.36,22.0,0.8,0.5,0.5,25.65,27.2,27.52,26.79,7.0,1.2,18.0,0.7,0.5,0.5,14.5,15.86,17.14,16.2,7.0,2.19,18.0,0.7,0.5,0.5,64.5,72.5,82.3,74.0,7.0,10.0,18.0,0.7,0.5,4.08,5.7,7.78,6.1,7.0,2.16,18.0,0.7,0.5,0.5,-7.31,-3.85,-0.41,-3.12,7.0,4.73,18.0,0.7,0.5,0.5,-2.66,0.99,4.16,1.23,7.0,3.55,18.0,0.7,0.5,0.5,1012.3,1013.5,1014.74,1014.14,7.0,2.51,18.0,0.7,0.5,0.5,2.0,3.0,4.2,3.4,7.0,2.3,18.0,0.7,0.5,0.5,-56.9,-21.2,-1.2,-23.9,7.0,36.9,18.0,0.7,0.5,0.5,-20.7,5.6,18.2,4.8,7.0,26.3,18.0,0.7,0.5,0.5,-2.1,-1.85,-0.37,-1.38,6.0,1.12,22.0,0.8,0.5,0.5,-11.3,-7.1,-2.7,-7.1,6.0,7.7,22.0,0.8,0.5,0.5,3.47,3.9,5.89,4.42,6.0,1.23,22.0,0.8,0.5,0.5,17.1,25.5,33.9,26.8,6.0,11.6,22.0,0.8,0.5,0.5,-201.0,-94.7,-11.5,-85.8,7.0,126.8,18.0,0.7,0.5,0.5,-73.1,25.4,112.4,30.6,7.0,92.7,18.0,0.7,0.5,0.5,-102.5,-58.2,-5.3,-52.2,7.0,83.9,18.0,0.7,0.5,0.5,-37.3,16.7,60.7,17.0,7.0,56.6,18.0,0.7,0.5,0.5,-31.9,-15.7,-8.0,-19.6,6.0,14.7,22.0,0.8,0.5,0.5,-11.6,5.4,23.5,5.2,6.0,16.9,22.0,0.8,0.5,0.5,68.0,185.0,473.0,302.0,7.0,281.5,18.0,0.7,0.5,0.5,70.0,185.0,475.0,300.0,7.0,280.0,18.0,0.7,0.5,0.5
1974,2,191.0,21.0,23.95,24.3,25.64,24.62,13.0,1.17,18.0,0.6,0.5,0.5,23.0,24.0,27.91,24.74,13.0,2.06,18.0,0.6,0.5,0.5,13.43,15.25,15.77,15.08,12.0,1.61,16.0,0.6,0.5,0.5,65.1,84.3,91.4,78.8,12.0,12.6,16.0,0.6,0.5,4.0,6.7,10.94,7.66,13.0,3.72,18.0,0.6,0.5,0.5,-10.67,-6.6,-2.83,-6.73,13.0,3.84,18.0,0.6,0.5,0.5,-1.81,0.0,3.77,0.13,13.0,3.69,18.0,0.6,0.5,0.5,1013.26,1015.5,1017.37,1015.32,13.0,2.59,18.0,0.6,0.5,0.5,2.0,3.0,6.0,3.9,13.0,1.7,18.0,0.6,0.5,0.5,-118.0,-44.2,-9.0,-63.9,13.0,51.3,18.0,0.6,0.5,0.5,-12.9,0.0,16.9,-0.2,13.0,36.6,18.0,0.6,0.5,0.5,-1.78,0.0,2.5,-0.12,13.0,2.2,18.0,0.6,0.5,0.5,-10.1,0.0,13.7,1.1,13.0,18.9,18.0,0.6,0.5,0.5,2.49,4.21,6.68,4.31,12.0,2.35,16.0,0.6,0.5,0.5,10.8,31.5,48.9,32.0,12.0,24.3,16.0,0.6,0.5,0.5,-257.4,-159.7,-78.3,-164.3,13.0,89.9,18.0,0.6,0.5,0.5,-43.4,0.0,92.5,5.8,13.0,90.6,18.0,0.6,0.5,0.5,-163.7,-117.8,-39.1,-104.3,12.0,60.2,16.0,0.6,0.5,0.5,-23.4,0.0,58.6,3.8,12.0,59.4,16.0,0.6,0.5,0.5,-48.9,-20.2,-8.7,-27.1,12.0,23.1,16.0,0.6,0.5,0.5,-4.3,0.0,24.5,6.0,12.0,18.3,16.0,0.6,0.5,0.5,65.0,301.0,1317.0,725.5,13.0,685.0,18.0,0.6,0.5,0.5,65.0,300.0,1315.0,725.0,13.0,685.0,18.0,0.6,0.5,0.5
1974,2,191.0,22.0,23.42,25.0,25.57,24.5,21.0,1.13,16.0,0.5,0.6,0.5,22.8,24.05,25.49,24.22,20.0,1.52,16.0,0.5,0.6,0.5,13.16,14.39,15.94,14.7,19.0,1.97,16.0,0.5,0.6,0.5,73.3,77.5,82.8,77.7,19.0,6.6,16.0,0.5,0.5,4.1,6.7,9.11,6.51,21.0,3.02,16.0,0.5,0.6,0.5,-8.2,-5.02,-0.92,-4.75,21.0,3.95,16.0,0.5,0.6,0.5,-1.57,0.45,5.15,1.14,21.0,3.61,16.0,0.5,0.6,0.5,1013.2,1017.5,1019.6,1016.2,21.0,4.25,16.0,0.5,0.6,0.5,2.0,3.0,6.0,3.8,20.0,2.2,16.0,0.5,0.6,0.5,-67.2,-25.6,-3.1,-39.5,21.0,40.2,16.0,0.5,0.6,0.5,-10.7,1.2,30.4,8.5,21.0,35.2,16.0,0.5,0.6,0.5,-1.49,0.45,2.2,0.35,20.0,1.9,16.0,0.5,0.6,0.5,-7.2,0.0,18.0,1.7,20.0,17.3,16.0,0.5,0.6,0.5,2.45,4.67,6.58,4.47,19.0,2.02,16.0,0.5,0.6,0.5,7.1,32.4,56.7,30.7,19.0,20.5,16.0,0.5,0.6,0.5,-187.0,-135.4,-21.8,-114.0,20.0,99.7,16.0,0.5,0.6,0.5,-37.0,6.1,137.0,29.4,20.0,93.8,16.0,0.5,0.6,0.5,-108.5,-73.9,-11.9,-68.6,19.0,60.0,16.0,0.5,0.6,0.5,-18.6,8.7,88.5,21.8,19.0,58.2,16.0,0.5,0.6,0.5,-48.0,-16.3,-1.8,-24.2,19.0,23.4,16.0,0.5,0.6,0.5,-6.9,0.4,14.0,2.4,19.0,15.7,16.0,0.5,0.6,0.5,69.0,301.0,760.5,449.0,21.0,583.0,16.0,0.5,0.6,0.5,70.0,300.0,760.0,450.0,21.0,585.0,16.0,0.5,0.6,0.5
1974,2,191.0,23.0,22.65,24.2,25.0,24.03,12.0,1.12,16.0,0.3,0.5,0.4,22.09,23.0,24.63,23.37,10.0,1.44,16.0,0.3,0.5,0.4,12.67,14.42,15.67,14.16,8.0,1.47,16.0,0.1,0.5,0.4,73.3,80.5,83.1,80.7,8.0,7.3,16.0,0.1,0.4,6.2,8.2,11.8,8.78,12.0,2.29,16.0,0.3,0.5,0.4,-11.21,-7.89,-6.1,-8.38,12.0,2.26,16.0,0.3,0.5,0.4,-1.6,0.0,3.9,0.69,12.0,2.65,16.0,0.3,0.5,0.4,1015.47,1016.8,1020.18,1017.28,12.0,2.64,16.0,0.3,0.5,0.4,2.0,4.0,6.3,4.1,12.0,2.3,16.0,0.3,0.5,0.4,-133.0,-65.9,-37.9,-78.2,12.0,40.7,16.0,0.3,0.5,0.4,-12.1,0.0,31.7,5.6,12.0,26.5,16.0,0.3,0.5,0.4,-1.83,1.1,2.66,0.57,10.0,2.07,16.0,0.3,0.5,0.4,-15.0,7.2,27.6,6.5,10.0,19.7,16.0,0.3,0.5,0.4,1.66,3.55,6.97,4.18,8.0,2.49,16.0,0.1,0.5,0.4,13.2,29.7,79.3,40.5,8.0,32.3,16.0,0.1,0.5,0.4,-256.1,-204.2,-152.2,-206.4,10.0,51.4,16.0,0.3,0.5,0.4,-42.3,0.0,81.0,8.2,10.0,61.8,16.0,0.3,0.5,0.4,-147.9,-121.4,-98.3,-121.0,8.0,27.5,16.0,0.1,0.5,0.4,-24.6,0.0,39.3,3.4,8.0,35.7,16.0,0.1,0.5,0.4,-79.3,-27.1,-13.2,-39.0,8.0,31.4,16.0,0.1,0.5,0.4,-11.3,0.0,3.5,-3.7,8.0,13.3,16.0,0.1,0.5,0.4,238.5,551.5,1643.0,806.0,12.0,600.5,16.0,0.3,0.5,0.4,240.0,550.0,1645.0,805.0,12.0,600.0,16.0,0.3,0.5,0.4
1974,2,191.0,24.0,22.2,22.2,22.2,22.2,1.0,0.0,10.0,1.0,1.0,0.0,22.2,22.2,22.2,22.2,1.0,0.0,10.0,1.0,1.0,0.0,14.36,14.36,14.36,14.36,1.0,0.0,10.0,1.0,1.0,0.0,86.8,86.8,86.8,86.8,1.0,0.0,10.0,1.0,0.0,7.7,7.7,7.7,7.7,1.0,0.0,10.0,1.0,1.0,0.0,-7.7,-7.7,-7.7,-7.7,1.0,0.0,10.0,1.0,1.0,0.0,0.0,0.0,0.0,0.0,1.0,0.0,10.0,1.0,1.0,0.0,1019.6,1019.6,1019.6,1019.6,1.0,0.0,10.0,1.0,1.0,0.0,3.0,3.0,3.0,3.0,1.0,0.0,10.0,1.0,1.0,0.0,-59.3,-59.3,-59.3,-59.3,1.0,0.0,10.0,1.0,1.0,0.0,0.0,0.0,0.0,0.0,1.0,0.0,10.0,1.0,1.0,0.0,0.0,0.0,0.0,0.0,1.0,0.0,10.0,1.0,1.0,0.0,0.0,0.0,0.0,0.0,1.0,0.0,10.0,1.0,1.0,0.0,2.2,2.2,2.2,2.2,1.0,0.0,10.0,1.0,1.0,0.0,17.0,17.0,17.0,17.0,1.0,0.0,10.0,1.0,1.0,0.0,-170.9,-170.9,-170.9,-170.9,1.0,0.0,10.0,1.0,1.0,0.0,0.0,0.0,0.0,0.0,1.0,0.0,10.0,1.0,1.0,0.0,-110.6,-110.6,-110.6,-110.6,1.0,0.0,10.0,1.0,1.0,0.0,0.0,0.0,0.0,0.0,1.0,0.0,10.0,1.0,1.0,0.0,-17.0,-17.0,-17.0,-17.0,1.0,0.0,10.0,1.0,1.0,0.0,0.0,0.0,0.0,0.0,1.0,0.0,10.0,1.0,1.0,0.0,456.5,456.5,456.5,456.5,1.0,0.0,10.0,1.0,1.0,0.0,455.0,455.0,455.0,455.0,1.0,0.0,10.0,1.0,1.0,0.0
1974,2,191.0,25.0,22.48,23.2,23.71,23.1,4.0,0.84,16.0,0.8,0.6,0.5,21.74,22.1,22.62,22.18,4.0,0.62,16.0,0.8,0.6,0.5,12.05,13.57,14.8,13.43,4.0,2.14,16.0,0.8,0.6,0.5,71.3,82.6,92.0,81.7,4.0,15.8,16.0,0.8,0.5,4.89,8.2,8.97,7.1,5.0,2.9,16.0,0.6,0.7,0.5,-6.88,-4.1,4.6,-1.41,5.0,7.19,16.0,0.6,0.7,0.5,-3.5,0.0,2.55,-0.6,5.0,4.09,16.0,0.6,0.7,0.5,1014.37,1017.0,1019.37,1016.56,5.0,4.0,16.0,0.6,0.7,0.5,2.3,6.0,6.7,4.8,5.0,2.8,16.0,0.6,0.7,0.5,-48.6,-33.6,39.2,-6.8,5.0,64.6,16.0,0.6,0.7,0.5,-28.7,0.0,16.5,-5.7,5.0,34.3,16.0,0.6,0.7,0.5,0.48,1.1,1.36,0.93,4.0,0.65,16.0,0.8,0.6,0.5,1.9,5.7,7.8,4.9,4.0,3.8,16.0,0.8,0.6,0.5,2.13,3.52,6.15,4.11,4.0,2.74,16.0,0.8,0.6,0.5,13.0,24.6,46.3,29.4,4.0,25.3,16.0,0.8,0.6,0.5,-162.8,-113.9,-24.1,-94.4,4.0,95.2,16.0,0.8,0.6,0.5,-97.4,-16.4,22.4,-36.5,4.0,85.6,16.0,0.8,0.6,0.5,-85.2,-69.9,-12.6,-49.8,4.0,52.8,16.0,0.8,0.6,0.5,-57.8,-7.6,16.6,-20.0,4.0,54.6,16.0,0.8,0.6,0.5,-45.8,-18.9,-4.1,-24.7,4.0,28.5,16.0,0.8,0.6,0.5,-15.7,-5.6,1.6,-7.0,4.0,10.5,16.0,0.8,0.6,0.5,157.5,551.5,749.0,490.5,5.0,405.5,16.0,0.6,0.7,0.5,160.0,550.0,750.0,490.0,5.0,405.0,16.0,0.6,0.7,0.5
1974,2,191.0,26.0,21.33,22.35,23.52,22.43,4.0,1.34,16.0,0.0,0.4,0.4,19.74,21.0,22.26,21.0,4.0,1.47,16.0,0.0,0.4,0.4,12.77,13.82,15.95,14.35,3.0,2.38,16.0,0.0,0.4,0.3,81.5,95.1,98.5,90.1,3.0,13.2,16.0,0.0,0.3,4.58,5.1,7.3,5.9,4.0,2.32,16.0,0.0,0.4,0.4,-2.49,-0.81,1.34,-0.59,4.0,2.48,16.0,0.0,0.4,0.4,-6.66,0.1,4.27,-1.14,4.0,6.59,16.0,0.0,0.4,0.4,1014.48,1016.5,1019.31,1016.88,4.0,2.95,16.0,0.0,0.4,0.4,6.5,7.5,8.0,7.3,4.0,1.0,16.0,0.0,0.4,0.4,-15.9,-7.5,6.8,-4.7,4.0,14.0,16.0,0.0,0.4,0.4,-54.1,-1.6,19.8,-16.4,4.0,49.5,16.0,0.0,0.4,0.4,0.19,1.6,2.64,1.43,4.0,1.85,16.0,0.0,0.4,0.4,1.5,11.7,16.9,9.3,4.0,10.0,16.0,0.0,0.4,0.4,1.85,2.33,2.87,2.36,3.0,0.75,16.0,0.0,0.4,0.3,9.7,12.8,18.9,14.3,3.0,6.8,16.0,0.0,0.4,0.3,-48.9,-16.1,30.1,-9.7,4.0,51.8,16.0,0.0,0.4,0.4,-132.2,7.0,95.0,-17.4,4.0,136.8,16.0,0.0,0.4,0.4,-15.2,0.0,29.5,7.0,3.0,33.3,16.0,0.0,0.4,0.3,-70.4,50.4,67.1,-0.4,3.0,109.9,16.0,0.0,0.4,0.3,-2.6,0.0,2.8,0.1,3.0,4.0,16.0,0.0,0.4,0.3,-12.3,7.2,11.0,-0.5,3.0,18.3,16.0,0.0,0.4,0.3,99.5,132.5,484.5,284.5,4.0,348.0,16.0,0.0,0.4,0.4,100.0,135.0,485.0,285.0,4.0,350.0,16.0,0.0,0.4,0.4
1974,2,191.0,27.0,20.0,21.75,23.17,21.71,10.0,1.62,20.0,0.6,0.5,0.5,19.79,21.0,21.5,20.65,11.0,0.95,18.0,0.5,0.5,0.5,12.08,13.37,14.56,13.08,10.0,1.75,18.0,0.5,0.5,0.5,81.4,87.7,93.1,86.0,10.0,9.1,18.0,0.5,0.5,5.04,6.7,8.36,6.51,11.0,2.51,18.0,0.5,0.5,0.5,-6.86,-5.9,0.0,-4.54,11.0,3.68,18.0,0.5,0.5,0.5,-0.67,1.08,4.45,1.3,11.0,3.85,18.0,0.5,0.5,0.5,1014.43,1016.3,1021.94,1017.59,11.0,3.46,18.0,0.5,0.5,0.5,3.0,8.0,8.0,6.1,11.0,2.5,18.0,0.5,0.5,0.5,-58.6,-37.9,0.0,-34.1,11.0,31.0,18.0,0.5,0.5,0.5,-6.2,6.7,25.6,8.9,11.0,33.3,18.0,0.5,0.5,0.5,-0.99,1.0,3.41,1.17,10.0,1.99,20.0,0.6,0.5,0.5,-5.4,6.5,23.2,8.2,10.0,14.7,20.0,0.6,0.5,0.5,0.28,3.14,4.72,3.18,9.0,2.99,20.0,0.6,0.5,0.6,1.2,29.2,33.6,22.6,9.0,23.4,20.0,0.6,0.5,0.6,-142.1,-115.1,0.0,-93.0,11.0,76.6,18.0,0.5,0.5,0.5,-14.1,21.7,89.7,26.6,11.0,81.3,18.0,0.5,0.5,0.5,-93.9,-71.8,0.0,-54.2,10.0,49.5,18.0,0.5,0.5,0.5,-6.5,15.1,51.1,18.7,10.0,55.1,18.0,0.5,0.5,0.5,-29.9,-12.3,3.6,-15.2,9.0,21.4,20.0,0.6,0.5,0.6,-5.6,4.3,5.3,2.3,9.0,19.9,20.0,0.6,0.5,0.6,137.0,301.0,600.0,378.5,11.0,323.0,18.0,0.5,0.5,0.5,135.0,300.0,600.0,380.0,11.0,325.0,18.0,0.5,0.5,0.5
1974,2,191.0,28.0,19.25,20.0,20.4,19.9,5.0,0.79,14.0,0.2,0.7,0.3,18.98,19.5,21.12,19.87,6.0,1.07,14.0,0.3,0.7,0.2,9.72,11.9,13.19,11.64,5.0,2.01,14.0,0.2,0.7,0.3,72.2,76.5,87.6,80.2,5.0,11.6,14.0,0.2,0.3,3.0,4.1,6.61,4.72,6.0,2.11,14.0,0.3,0.7,0.2,-4.72,-2.44,0.12,-2.33,6.0,3.42,14.0,0.3,0.7,0.2,-0.65,2.75,4.23,1.87,6.0,2.95,14.0,0.3,0.7,0.2,1017.03,1019.95,1023.52,1020.18,6.0,3.7,14.0,0.3,0.7,0.2,4.2,6.0,8.0,5.7,6.0,2.6,14.0,0.3,0.7,0.2,-31.6,-9.6,0.9,-15.5,6.0,24.4,14.0,0.3,0.7,0.2,-2.7,7.9,30.3,11.0,6.0,17.7,14.0,0.3,0.7,0.2,-1.14,0.0,0.72,-0.14,5.0,1.0,14.0,0.2,0.7,0.3,-5.6,0.0,2.3,-1.4,5.0,4.4,14.0,0.2,0.7,0.3,1.67,2.58,3.93,2.73,5.0,1.31,14.0,0.2,0.7,0.3,6.3,16.0,22.3,15.0,5.0,10.5,14.0,0.2,0.7,0.3,-96.5,-51.1,2.2,-47.4,6.0,66.7,14.0,0.3,0.7,0.2,-12.3,53.4,82.6,37.7,6.0,58.2,14.0,0.3,0.7,0.2,-57.9,-47.4,1.1,-31.1,5.0,37.6,14.0,0.2,0.7,0.3,-11.0,35.3,46.1,20.4,5.0,35.0,14.0,0.2,0.7,0.3,-16.1,-8.4,3.6,-6.9,5.0,13.8,14.0,0.2,0.7,0.3,-5.0,2.5,13.3,3.3,5.0,11.4,14.0,0.2,0.7,0.3,27.5,69.0,303.0,162.5,6.0,206.5,14.0,0.3,0.7,0.2,25.0,70.0,305.0,160.0,6.0,205.0,14.0,0.3,0.7,0.2
1974,2,191.0,29.0,19.42,20.3,20.81,20.13,4.0,0.91,10.0,0.5,0.4,0.4,18.98,20.0,20.54,19.66,5.0,1.4,14.0,0.6,0.5,0.4,8.68,11.73,12.98,10.87,4.0,2.81,10.0,0.5,0.4,0.4,64.1,78.7,88.6,76.5,4.0,14.8,10.0,0.5,0.4,2.52,4.6,6.05,4.4,5.0,2.32,14.0,0.6,0.5,0.4,-3.26,0.0,1.57,-0.84,5.0,3.2,14.0,0.6,0.5,0.4,-1.2,3.1,4.28,1.58,5.0,3.92,14.0,0.6,0.5,0.4,1018.64,1020.5,1022.56,1020.52,5.0,2.23,14.0,0.6,0.5,0.4,1.3,5.0,6.7,4.2,5.0,3.2,14.0,0.6,0.5,0.4,-22.2,0.0,5.0,-8.4,5.0,21.8,14.0,0.6,0.5,0.4,-13.0,9.6,20.6,3.1,5.0,24.7,14.0,0.6,0.5,0.4,-0.07,0.5,1.18,0.55,4.0,0.9,10.0,0.5,0.4,0.4,-0.8,1.1,5.1,2.1,4.0,4.6,10.0,0.5,0.4,0.4,1.73,3.44,5.67,3.68,4.0,2.34,10.0,0.5,0.4,0.4,4.8,10.9,24.3,14.4,4.0,13.2,10.0,0.5,0.4,0.4,-62.1,0.0,31.8,-15.6,5.0,63.9,14.0,0.6,0.5,0.4,-23.9,63.9,81.9,29.7,5.0,76.3,14.0,0.6,0.5,0.4,-6.4,7.5,22.7,8.1,4.0,18.3,10.0,0.5,0.4,0.4,22.0,33.1,43.1,32.6,4.0,16.0,10.0,0.5,0.4,0.4,-5.9,1.2,2.9,-1.4,4.0,6.7,10.0,0.5,0.4,0.4,3.8,10.4,23.2,13.4,4.0,12.8,10.0,0.5,0.4,0.4,20.0,97.5,251.0,144.0,5.0,182.0,14.0,0.6,0.5,0.4,20.0,95.0,250.0,145.0,5.0,180.0,14.0,0.6,0.5,0.4
1974,2,191.0,30.0,17.27,18.15,19.91,18.64,8.0,1.55,12.0,0.8,0.6,0.3,17.42,18.7,19.57,18.77,9.0,1.45,12.0,0.7,0.6,0.3,9.95,11.89,12.82,11.57,9.0,2.06,12.0,0.7,0.6,0.3,80.1,89.9,93.6,85.8,9.0,9.2,12.0,0.7,0.3,5.1,5.1,9.87,6.6,9.0,3.61,12.0,0.7,0.6,0.3,-5.92,-2.55,5.92,-0.48,9.0,5.98,12.0,0.7,0.6,0.3,-2.39,3.91,6.34,2.73,9.0,4.21,12.0,0.7,0.6,0.3,1013.98,1020.0,1022.75,1019.11,9.0,4.53,12.0,0.7,0.6,0.3,2.3,7.0,8.0,5.4,9.0,2.7,12.0,0.7,0.6,0.3,-47.7,-13.0,42.9,-0.2,9.0,58.4,12.0,0.7,0.6,0.3,-12.2,19.9,62.9,25.2,9.0,40.5,12.0,0.7,0.6,0.3,-0.87,-0.25,0.44,-0.16,8.0,0.74,12.0,0.8,0.6,0.3,-4.9,-0.3,5.4,-0.7,8.0,5.2,12.0,0.8,0.6,0.3,0.69,1.27,2.92,1.8,8.0,1.61,12.0,0.8,0.6,0.3,0.4,10.8,24.8,13.6,8.0,13.5,12.0,0.8,0.6,0.3,-102.9,-48.2,107.8,-8.8,9.0,111.7,12.0,0.7,0.6,0.3,-40.2,83.5,116.4,52.8,9.0,78.3,12.0,0.7,0.6,0.3,-60.0,-31.1,66.4,-6.4,9.0,67.0,12.0,0.7,0.6,0.3,-18.7,53.6,68.9,33.1,9.0,46.5,12.0,0.7,0.6,0.3,-11.9,-1.1,17.1,1.6,8.0,15.1,12.0,0.8,0.6,0.3,0.0,3.5,13.7,4.9,8.0,11.7,12.0,0.8,0.6,0.3,132.5,132.5,975.5,511.0,9.0,614.5,12.0,0.7,0.6,0.3,135.0,135.0,975.0,510.0,9.0,615.0,12.0,0.7,0.6,0.3
1974,2,191.0,31.0,17.74,18.0,20.06,18.6,6.0,1.22,14.0,0.5,0.4,0.4,17.69,18.6,19.71,18.67,6.0,1.48,14.0,0.5,0.4,0.4,11.11,11.53,12.49,11.76,5.0,0.76,14.0,0.4,0.3,0.4,89.5,91.0,92.9,91.1,5.0,2.9,14.0,0.4,0.4,4.1,4.1,6.59,5.63,6.0,3.29,14.0,0.5,0.4,0.4,-4.69,-3.35,-1.41,-2.97,6.0,3.6,14.0,0.5,0.4,0.4,-0.83,2.34,3.3,0.62,6.0,4.99,14.0,0.5,0.4,0.4,1018.46,1021.85,1023.76,1021.37,6.0,2.73,14.0,0.5,0.4,0.4,2.6,7.5,8.0,5.8,6.0,3.1,14.0,0.5,0.4,0.4,-32.6,-13.7,-5.1,-22.4,6.0,38.6,14.0,0.5,0.4,0.4,-19.4,9.6,14.3,-9.7,6.0,52.3,14.0,0.5,0.4,0.4,-1.12,-0.3,1.17,-0.07,6.0,1.28,14.0,0.5,0.4,0.4,-4.6,-1.2,9.8,1.4,6.0,7.6,14.0,0.5,0.4,0.4,0.19,1.16,2.03,1.19,5.0,1.29,14.0,0.4,0.3,0.4,0.8,4.7,16.5,7.7,5.0,8.2,14.0,0.4,0.3,0.4,-82.0,-64.3,-31.4,-54.0,6.0,62.1,14.0,0.5,0.4,0.4,-12.1,44.9,66.8,16.1,6.0,85.7,14.0,0.5,0.4,0.4,-60.5,-44.4,-11.2,-35.8,5.0,44.8,14.0,0.4,0.3,0.4,-27.6,26.1,36.6,2.9,5.0,60.5,14.0,0.4,0.3,0.4,-6.7,-1.3,4.2,-1.0,5.0,7.8,14.0,0.4,0.3,0.4,-4.8,1.0,5.6,0.5,5.0,9.0,14.0,0.4,0.3,0.4,69.0,69.0,489.5,378.0,6.0,727.0,14.0,0.5,0.4,0.4,70.0,70.0,490.0,380.0,6.0,725.0,14.0,0.5,0.4,0.4
1974,2,191.0,32.0,16.95,17.1,18.05,17.46,7.0,0.96,14.0,0.7,0.5,0.5,16.27,17.6,18.73,17.62,9.0,1.43,12.0,0.8,0.5,0.5,10.61,11.24,11.88,11.28,8.0,1.28,12.0,0.9,0.5,0.5,83.5,91.9,96.5,90.6,8.0,6.3,12.0,0.9,0.5,2.23,5.1,7.8,5.19,9.0,3.63,12.0,0.8,0.5,0.5,-2.95,-1.57,6.27,0.39,9.0,5.24,12.0,0.8,0.5,0.5,0.0,0.36,4.21,2.22,9.0,3.21,12.0,0.8,0.5,0.5,1013.43,1016.5,1022.41,1017.49,9.0,4.86,12.0,0.8,0.5,0.5,5.0,7.0,7.9,6.4,8.0,1.5,14.0,0.8,0.5,0.6,-14.2,-4.3,39.8,0.9,9.0,46.1,12.0,0.8,0.5,0.5,0.0,0.8,19.9,18.0,9.0,37.7,12.0,0.8,0.5,0.5,-1.05,0.1,1.07,0.16,7.0,1.49,14.0,0.7,0.5,0.5,-6.0,0.0,8.6,-0.8,7.0,12.8,14.0,0.7,0.5,0.5,0.57,1.25,2.39,1.36,6.0,1.17,12.0,0.8,0.5,0.5,-0.9,2.9,9.3,4.0,6.0,6.8,12.0,0.8,0.5,0.5,-58.2,-26.7,102.0,5.3,9.0,93.0,12.0,0.8,0.5,0.5,0.0,6.4,77.5,40.3,9.0,58.1,12.0,0.8,0.5,0.5,-42.1,-18.7,51.3,-8.6,8.0,52.7,12.0,0.9,0.5,0.5,0.0,13.9,52.5,29.8,8.0,39.0,12.0,0.9,0.5,0.5,-1.4,1.5,9.3,3.8,6.0,6.6,12.0,0.8,0.5,0.5,-0.7,0.0,1.0,0.1,6.0,2.2,12.0,0.8,0.5,0.5,11.5,132.5,484.0,344.5,9.0,595.0,12.0,0.8,0.5,0.5,10.0,135.0,485.0,345.0,9.0,595.0,12.0,0.8,0.5,0.5
1974,2,191.0,33.0,15.82,17.0,17.85,16.78,12.0,1.98,14.0,0.5,0.7,0.4,14.15,15.2,17.0,15.56,16.0,1.38,14.0,0.4,0.6,0.4,7.58,9.22,10.84,9.45,13.0,1.53,14.0,0.4,0.6,0.4,75.3,84.3,93.8,84.7,13.0,8.9,14.0,0.4,0.4,5.1,7.7,14.96,9.33,15.0,4.55,14.0,0.3,0.7,0.4,-3.0,0.0,9.28,1.72,15.0,7.57,14.0,0.3,0.7,0.4,-5.57,-1.4,9.9,0.49,15.0,7.29,14.0,0.3,0.7,0.4,1006.3,1020.05,1023.62,1016.35,16.0,8.74,14.0,0.4,0.6,0.4,5.1,8.0,8.0,6.9,14.0,1.9,14.0,0.3,0.6,0.4,-12.3,0.0,130.0,18.9,15.0,111.5,14.0,0.3,0.7,0.4,-31.1,-9.0,101.0,17.6,15.0,94.2,14.0,0.3,0.7,0.4,-1.11,1.6,3.03,1.01,12.0,2.73,14.0,0.5,0.7,0.4,0.7,12.7,35.2,17.2,11.0,21.4,16.0,0.5,0.7,0.4,0.0,2.88,4.51,2.17,11.0,2.46,14.0,0.5,0.6,0.4,3.2,24.5,59.6,31.3,10.0,28.3,14.0,0.4,0.7,0.4,-44.1,0.0,142.3,25.3,15.0,115.8,14.0,0.3,0.7,0.4,-90.8,-21.3,166.4,10.2,15.0,112.7,14.0,0.3,0.7,0.4,-21.5,9.7,77.1,14.8,12.0,71.5,14.0,0.3,0.7,0.4,-53.2,-14.2,88.4,3.8,12.0,66.4,14.0,0.3,0.7,0.4,-15.7,0.4,35.4,6.4,10.0,32.7,14.0,0.4,0.7,0.4,-13.5,0.1,29.0,6.3,10.0,27.0,14.0,0.4,0.7,0.4,132.5,456.5,3376.0,1408.5,15.0,1831.0,14.0,0.3,0.7,0.4,135.0,455.0,3375.0,1410.0,15.0,1830.0,14.0,0.3,0.7,0.4
1974,2,191.0,34.0,13.98,15.35,16.88,15.43,4.0,1.78,12.0,0.3,0.3,0.4,15.63,17.0,17.37,16.6,5.0,1.14,10.0,0.4,0.3,0.4,8.6,10.34,11.31,9.97,4.0,1.93,12.0,0.3,0.3,0.4,79.4,89.7,91.9,85.8,4.0,10.7,12.0,0.3,0.4,6.02,6.2,8.65,7.22,5.0,1.88,10.0,0.4,0.3,0.4,-3.26,-2.12,5.42,0.42,5.0,4.72,10.0,0.4,0.3,0.4,4.87,4.95,6.96,5.88,5.0,1.75,10.0,0.4,0.3,0.4,1018.98,1023.0,1024.68,1021.5,5.0,5.39,10.0,0.4,0.3,0.4,2.6,6.0,7.4,5.2,5.0,2.6,10.0,0.4,0.3,0.4,-19.3,-13.1,48.2,8.9,5.0,37.2,10.0,0.4,0.3,0.4,29.0,36.1,57.7,44.7,5.0,26.7,10.0,0.4,0.3,0.4,-2.55,-0.65,0.36,-1.07,4.0,1.84,12.0,0.3,0.3,0.4,-18.7,-7.1,2.1,-8.3,4.0,12.2,12.0,0.3,0.3,0.4,-0.3,1.46,1.91,0.83,4.0,1.77,12.0,0.3,0.3,0.4,-1.9,8.7,16.1,7.2,4.0,13.7,12.0,0.3,0.3,0.4,-57.0,-33.9,85.7,4.7,5.0,78.4,10.0,0.4,0.3,0.4,84.1,85.5,108.0,96.1,5.0,21.4,10.0,0.4,0.3,0.4,-39.3,-25.8,9.6,-15.3,4.0,37.0,12.0,0.3,0.3,0.4,54.5,57.4,62.0,58.2,4.0,5.3,12.0,0.3,0.3,0.4,-3.7,2.1,9.2,2.7,4.0,7.6,12.0,0.3,0.3,0.4,-0.8,7.8,13.9,6.6,4.0,11.4,12.0,0.3,0.3,0.4,219.0,238.5,689.0,442.0,5.0,378.5,10.0,0.4,0.3,0.4,220.0,240.0,690.0,440.0,5.0,380.0,10.0,0.4,0.3,0.4
1974,2,191.0,35.0,14.48,15.0,15.0,14.82,6.0,0.29,12.0,0.3,0.4,0.3,11.83,13.75,15.1,13.53,6.0,1.85,12.0,0.3,0.4,0.3,7.18,8.23,10.59,8.69,6.0,1.67,12.0,0.3,0.4,0.3,82.1,86.6,100.0,89.2,6.0,8.8,12.0,0.3,0.3,10.09,11.8,14.61,12.17,6.0,2.36,12.0,0.3,0.4,0.3,5.54,10.15,14.43,9.87,6.0,4.66,12.0,0.3,0.4,0.3,1.98,3.69,9.13,4.88,6.0,4.01,12.0,0.3,0.4,0.3,1002.38,1007.9,1017.41,1009.13,6.0,7.62,12.0,0.3,0.4,0.3,3.9,7.5,8.0,6.0,4.0,3.4,14.0,0.3,0.6,0.4,66.1,109.8,211.0,127.7,6.0,78.8,12.0,0.3,0.4,0.3,28.6,40.0,91.5,54.7,6.0,45.5,12.0,0.3,0.4,0.3,-0.5,1.25,3.04,1.28,6.0,1.79,12.0,0.3,0.4,0.3,-5.0,17.0,40.1,17.9,6.0,24.0,12.0,0.3,0.4,0.3,-0.34,2.42,3.21,1.8,6.0,1.75,12.0,0.3,0.4,0.3,-3.4,26.4,47.0,24.1,6.0,24.6,12.0,0.3,0.4,0.3,85.5,136.3,165.8,127.8,6.0,50.8,12.0,0.3,0.4,0.3,22.2,49.6,138.1,70.6,6.0,63.7,12.0,0.3,0.4,0.3,60.0,83.2,102.9,79.8,6.0,27.4,12.0,0.3,0.4,0.3,14.1,30.3,96.9,47.7,6.0,45.6,12.0,0.3,0.4,0.3,-1.3,24.8,46.5,24.2,6.0,23.4,12.0,0.3,0.4,0.3,-3.1,3.2,8.6,3.2,6.0,6.3,12.0,0.3,0.4,0.3,1033.0,1652.0,3123.5,1973.0,6.0,1120.5,12.0,0.3,0.4,0.3,1035.0,1650.0,3125.0,1975.0,6.0,1120.0,12.0,0.3,0.4,0.3
1974,2,191.0,36.0,13.08,14.2,14.87,14.07,9.0,0.92,10.0,0.3,0.5,0.6,13.23,14.2,16.43,14.53,9.0,1.61,10.0,0.3,0.5,0.6,6.93,8.3,9.71,8.24,9.0,1.69,10.0,0.3,0.5,0.6,70.6,79.4,88.7,79.4,9.0,12.1,10.0,0.3,0.6,5.1,6.7,11.77,7.77,9.0,3.17,10.0,0.3,0.5,0.6,0.0,4.79,11.16,4.84,9.0,5.88,10.0,0.3,0.5,0.6,-2.11,1.51,4.91,1.18,9.0,3.92,10.0,0.3,0.5,0.6,1002.32,1009.1,1018.58,1010.77,9.0,9.14,10.0,0.3,0.5,0.6,2.2,5.5,7.9,5.3,8.0,2.4,10.0,0.3,0.5,0.6,0.0,24.4,134.3,49.7,9.0,70.0,10.0,0.3,0.5,0.6,-23.5,13.1,26.0,7.1,9.0,31.4,10.0,0.3,0.5,0.6,-1.42,-0.5,0.92,-0.47,9.0,1.31,10.0,0.3,0.5,0.6,-8.0,-5.6,8.6,-1.6,9.0,8.6,10.0,0.3,0.5,0.6,0.56,1.1,3.37,1.75,9.0,1.62,10.0,0.3,0.5,0.6,3.0,11.2,32.1,15.1,9.0,14.2,10.0,0.3,0.5,0.6,0.0,80.0,148.2,69.6,9.0,78.4,10.0,0.3,0.5,0.6,-30.4,19.9,71.4,19.3,9.0,55.6,10.0,0.3,0.5,0.6,0.0,50.6,88.3,41.1,9.0,43.7,10.0,0.3,0.5,0.6,-18.2,9.9,43.8,13.0,9.0,30.9,10.0,0.3,0.5,0.6,0.0,2.8,27.4,8.4,9.0,16.8,10.0,0.3,0.5,0.6,-5.0,0.0,5.0,-1.9,9.0,9.6,10.0,0.3,0.5,0.6,132.5,301.0,1745.5,699.0,9.0,839.5,10.0,0.3,0.5,0.6,135.0,300.0,1745.0,700.0,9.0,840.0,10.0,0.3,0.5,0.6
1974,2,191.0,37.0,12.13,14.0,16.13,14.26,5.0,2.49,12.0,0.6,0.5,0.5,8.91,12.5,14.05,11.67,7.0,2.86,14.0,0.4,0.6,0.5,4.47,6.59,8.23,6.21,7.0,2.41,14.0,0.4,0.6,0.5,63.0,71.3,85.1,69.8,7.0,16.8,14.0,0.4,0.5,6.08,11.8,16.02,11.3,7.0,5.6,14.0,0.4,0.6,0.5,-0.44,1.8,11.31,3.25,7.0,8.05,14.0,0.4,0.6,0.5,-4.12,-2.76,15.43,3.32,7.0,9.5,14.0,0.4,0.6,0.5,1008.72,1015.2,1022.24,1015.26,7.0,8.53,14.0,0.4,0.6,0.5,5.0,7.0,8.0,6.3,7.0,1.6,14.0,0.4,0.6,0.5,-8.2,10.3,136.5,34.1,7.0,129.5,14.0,0.4,0.6,0.5,-44.1,-11.2,240.0,64.7,7.0,143.6,14.0,0.4,0.6,0.5,0.95,3.0,3.79,2.52,5.0,1.88,12.0,0.6,0.5,0.5,14.7,31.0,51.2,31.8,5.0,22.3,12.0,0.6,0.5,0.5,2.7,3.41,4.94,3.83,5.0,1.52,12.0,0.6,0.5,0.5,32.0,39.1,64.1,45.6,5.0,18.6,12.0,0.6,0.5,0.5,-6.6,18.7,117.6,25.0,7.0,90.7,14.0,0.4,0.6,0.5,-42.0,-24.8,209.4,58.0,7.0,125.4,14.0,0.4,0.6,0.5,-4.3,9.4,57.2,9.3,7.0,51.5,14.0,0.4,0.6,0.5,-20.5,-12.6,127.1,38.0,7.0,74.8,14.0,0.4,0.6,0.5,-11.5,3.8,32.2,10.1,5.0,35.0,12.0,0.6,0.5,0.5,-20.7,21.6,44.0,13.2,5.0,37.0,12.0,0.6,0.5,0.5,229.0,1643.0,4130.0,2341.0,7.0,2387.0,14.0,0.4,0.6,0.5,230.0,1645.0,4130.0,2340.0,7.0,2385.0,14.0,0.4,0.6,0.5
1974,2,191.0,38.0,11.78,13.0,14.52,13.1,9.0,1.3,14.0,0.4,0.7,0.7,11.29,12.5,13.44,12.35,11.0,1.28,12.0,0.5,0.8,0.7,6.56,7.65,8.6,7.62,10.0,1.2,14.0,0.5,0.8,0.7,77.0,86.1,93.6,86.0,10.0,8.4,14.0,0.5,0.7,8.85,15.4,18.87,14.27,11.0,5.33,12.0,0.5,0.8,0.7,-5.78,0.0,6.23,-0.54,11.0,8.11,12.0,0.5,0.8,0.7,3.51,12.7,17.26,10.96,11.0,7.37,12.0,0.5,0.8,0.7,1005.65,1012.2,1020.48,1012.36,11.0,9.21,12.0,0.5,0.8,0.7,7.0,8.0,8.0,7.5,11.0,0.7,12.0,0.5,0.8,0.7,-71.1,0.0,68.5,-26.0,11.0,137.4,12.0,0.5,0.8,0.7,40.4,163.9,300.9,182.4,11.0,160.3,12.0,0.5,0.8,0.7,-0.5,1.0,2.23,0.83,9.0,1.56,14.0,0.4,0.7,0.7,-10.7,8.2,31.7,8.9,9.0,22.2,14.0,0.4,0.7,0.7,0.36,1.55,2.85,1.58,9.0,1.24,14.0,0.4,0.7,0.7,6.3,15.1,37.1,21.2,9.0,16.8,14.0,0.4,0.7,0.7,-74.5,0.0,70.0,-10.6,11.0,97.4,12.0,0.5,0.8,0.7,39.4,177.9,215.0,140.4,11.0,98.6,12.0,0.5,0.8,0.7,-48.3,0.0,42.2,-11.1,10.0,65.9,14.0,0.5,0.8,0.7,23.6,86.9,138.8,87.1,10.0,68.1,14.0,0.5,0.8,0.7,-15.2,0.0,7.1,-0.7,9.0,16.8,14.0,0.4,0.7,0.7,4.3,10.6,29.7,15.0,9.0,15.8,14.0,0.4,0.7,0.7,700.0,3652.5,6777.0,4015.5,11.0,3728.5,12.0,0.5,0.8,0.7,700.0,3650.0,6775.0,4015.0,11.0,3730.0,12.0,0.5,0.8,0.7
1974,2,191.0,39.0,11.8,12.0,12.55,12.17,3.0,0.57,20.0,0.7,0.5,0.5,8.56,11.0,11.43,10.18,5.0,1.72,22.0,0.6,0.5,0.4,4.43,6.06,7.2,5.82,3.0,2.04,20.0,0.7,0.5,0.5,62.8,75.3,84.5,73.7,3.0,16.0,20.0,0.7,0.5,6.7,9.8,12.98,9.86,5.0,4.32,22.0,0.6,0.5,0.4,-4.75,-3.14,3.81,-0.79,5.0,5.63,22.0,0.6,0.5,0.4,-9.0,-7.51,3.36,-3.01,5.0,9.82,22.0,0.6,0.5,0.4,1018.07,1026.8,1030.79,1024.28,5.0,8.94,22.0,0.6,0.5,0.4,4.4,6.5,7.0,5.8,4.0,1.9,20.0,0.5,0.6,0.4,-50.3,-12.9,53.6,4.0,5.0,74.0,22.0,0.6,0.5,0.4,-90.5,-66.2,73.1,-10.3,5.0,133.9,22.0,0.6,0.5,0.4,0.54,1.7,3.2,1.87,3.0,1.96,20.0,0.7,0.5,0.5,4.4,13.9,34.5,19.3,3.0,22.5,20.0,0.7,0.5,0.5,1.61,2.95,4.17,2.89,3.0,1.87,20.0,0.7,0.5,0.5,18.4,24.2,44.2,31.1,3.0,19.8,20.0,0.7,0.5,0.5,-42.6,-30.1,44.9,-2.0,5.0,60.5,22.0,0.6,0.5,0.4,-85.3,-67.6,41.9,-20.8,5.0,106.6,22.0,0.6,0.5,0.4,-7.0,8.6,44.7,18.6,3.0,38.8,20.0,0.7,0.5,0.5,-45.8,-39.0,60.3,6.2,3.0,87.0,20.0,0.7,0.5,0.5,-11.1,4.2,6.7,-2.1,3.0,14.2,20.0,0.7,0.5,0.5,-41.9,-23.9,1.7,-20.2,3.0,32.1,20.0,0.7,0.5,0.5,375.0,941.0,2384.0,1405.0,5.0,1546.5,22.0,0.6,0.5,0.4,375.0,940.0,2385.0,1405.0,5.0,1545.0,22.0,0.6,0.5,0.4
1974,2,191.0,40.0,12.22,12.7,13.59,12.9,3.0,1.01,18.0,0.0,0.7,0.3,9.6,9.8,11.44,10.5,3.0,1.48,18.0,0.0,0.7,0.3,5.53,5.72,7.8,6.65,3.0,1.85,18.0,0.0,0.7,0.3,74.7,77.2,91.4,82.9,3.0,13.2,18.0,0.0,0.3,11.11,20.6,23.74,17.5,3.0,9.63,18.0,0.0,0.7,0.3,4.07,5.13,18.57,11.18,3.0,11.84,18.0,0.0,0.7,0.3,4.33,4.38,15.24,9.66,3.0,9.21,18.0,0.0,0.7,0.3,999.13,1003.5,1018.18,1008.53,3.0,14.62,18.0,0.0,0.7,0.3,7.0,7.0,7.7,7.3,3.0,0.6,18.0,0.0,0.7,0.3,46.9,73.7,450.3,244.5,3.0,330.5,18.0,0.0,0.7,0.3,54.7,110.3,320.3,185.7,3.0,205.2,18.0,0.0,0.7,0.3,1.04,2.2,3.77,2.4,3.0,2.01,18.0,0.0,0.7,0.3,16.7,45.3,91.8,54.0,3.0,55.5,18.0,0.0,0.7,0.3,1.24,2.87,4.02,2.64,3.0,2.05,18.0,0.0,0.7,0.3,20.9,59.1,97.2,59.1,3.0,55.8,18.0,0.0,0.7,0.3,43.8,62.6,180.8,111.1,3.0,108.8,18.0,0.0,0.7,0.3,45.1,52.5,152.4,97.6,3.0,87.8,18.0,0.0,0.7,0.3,28.3,45.0,106.6,66.9,3.0,60.4,18.0,0.0,0.7,0.3,28.3,37.8,91.2,59.2,3.0,49.7,18.0,0.0,0.7,0.3,4.9,10.3,80.5,41.9,3.0,61.8,18.0,0.0,0.7,0.3,7.7,19.9,46.1,26.7,3.0,28.7,18.0,0.0,0.7,0.3,2980.0,8742.0,13698.5,8348.5,3.0,7858.5,18.0,0.0,0.7,0.3,2980.0,8740.0,13700.0,8350.0,3.0,7860.0,18.0,0.0,0.7,0.3
1974,2,191.0,41.0,10.63,12.0,12.0,11.33,3.0,1.15,18.0,0.7,0.5,0.3,7.79,8.5,9.0,8.4,4.0,0.71,20.0,0.5,0.5,0.3,4.24,5.43,6.12,5.19,4.0,1.15,20.0,0.5,0.5,0.3,63.7,81.0,90.2,77.1,4.0,17.6,20.0,0.5,0.3,7.41,9.0,15.2,11.2,4.0,6.07,20.0,0.5,0.5,0.3,-7.86,-2.0,-0.06,-3.87,4.0,6.25,20.0,0.5,0.5,0.3,-8.9,-7.19,5.07,-2.16,4.0,11.78,20.0,0.5,0.5,0.3,1016.86,1025.85,1031.6,1024.3,4.0,9.03,20.0,0.5,0.5,0.3,3.0,6.0,8.0,5.5,4.0,3.0,20.0,0.5,0.5,0.3,-144.0,-16.0,-1.2,-70.0,4.0,127.1,20.0,0.5,0.5,0.3,-81.1,-54.2,142.1,26.6,4.0,189.8,20.0,0.5,0.5,0.3,2.32,3.0,3.0,2.67,3.0,0.58,18.0,0.7,0.5,0.3,21.2,24.6,49.0,34.8,3.0,22.2,18.0,0.7,0.5,0.3,1.74,2.53,4.13,2.93,3.0,1.78,18.0,0.7,0.5,0.3,15.8,20.8,73.4,44.1,3.0,46.8,18.0,0.7,0.5,0.3,-69.2,-15.5,0.2,-33.6,4.0,56.7,20.0,0.5,0.5,0.3,-75.1,-60.3,49.8,-14.8,4.0,103.1,20.0,0.5,0.5,0.3,-30.6,-10.6,-0.3,-15.2,4.0,23.9,20.0,0.5,0.5,0.3,-54.4,-39.9,15.9,-20.2,4.0,53.3,20.0,0.5,0.5,0.3,-43.7,-2.3,1.7,-20.6,3.0,36.8,18.0,0.7,0.5,0.3,-18.2,-13.3,47.0,13.8,3.0,53.2,18.0,0.7,0.5,0.3,420.0,746.5,4702.5,2478.5,4.0,3770.5,20.0,0.5,0.5,0.3,420.0,745.0,4700.0,2480.0,4.0,3770.0,20.0,0.5,0.5,0.3
1974,2,191.0,42.0,10.16,10.5,10.84,10.5,2.0,0.71,14.0,0.5,0.4,0.7,5.74,7.0,9.57,7.63,4.0,2.5,16.0,0.8,0.7,0.8,5.14,5.14,5.14,5.14,1.0,0.0,6.0,0.0,0.1,0.5,90.1,90.1,90.1,90.1,1.0,0.0,6.0,0.0,0.5,12.97,18.8,23.85,18.43,4.0,7.31,16.0,0.8,0.7,0.8,5.75,13.52,17.0,11.47,4.0,7.29,16.0,0.8,0.7,0.8,-15.12,-3.1,10.75,-2.22,4.0,16.46,16.0,0.8,0.7,0.8,996.76,1009.25,1022.52,1009.63,4.0,15.85,16.0,0.8,0.7,0.8,6.5,7.5,8.0,7.3,4.0,1.0,16.0,0.8,0.7,0.8,108.9,248.4,377.4,243.4,4.0,184.8,16.0,0.8,0.7,0.8,-328.8,-17.5,216.4,-54.4,4.0,381.1,16.0,0.8,0.7,0.8,0.03,2.25,4.47,2.25,2.0,4.6,14.0,0.5,0.4,0.7,-7.7,33.4,74.4,33.4,2.0,85.1,14.0,0.5,0.4,0.7,3.17,3.17,3.17,3.17,1.0,0.0,6.0,0.0,0.1,0.5,53.8,53.8,53.8,53.8,1.0,0.0,6.0,0.0,0.1,0.5,36.2,76.9,143.1,89.1,4.0,74.5,16.0,0.8,0.7,0.8,-153.2,-28.5,63.8,-44.0,4.0,141.8,16.0,0.8,0.7,0.8,86.0,86.0,86.0,86.0,1.0,0.0,6.0,0.0,0.1,0.5,15.2,15.2,15.2,15.2,1.0,0.0,6.0,0.0,0.1,0.5,53.0,53.0,53.0,53.0,1.0,0.0,6.0,0.0,0.1,0.5,9.3,9.3,9.3,9.3,1.0,0.0,6.0,0.0,0.1,0.5,2760.5,6827.5,14246.5,8427.0,4.0,7909.0,16.0,0.8,0.7,0.8,2760.0,6825.0,14245.0,8425.0,4.0,7910.0,16.0,0.8,0.7,0.8
1974,2,191.0,43.0,8.66,9.0,11.53,10.07,3.0,2.29,12.0,0.3,0.4,0.5,7.27,8.5,10.28,8.8,5.0,2.36,10.0,0.2,0.5,0.3,4.24,4.44,5.59,4.91,3.0,1.07,12.0,0.3,0.4,0.5,65.1,68.2,71.0,68.1,3.0,4.4,12.0,0.3,0.5,10.93,17.5,21.13,16.66,5.0,6.22,10.0,0.2,0.5,0.3,-0.2,11.3,19.93,9.05,5.0,15.84,10.0,0.2,0.5,0.3,-1.29,0.0,7.23,2.32,5.0,5.07,10.0,0.2,0.5,0.3,992.57,1003.5,1015.9,1004.2,4.0,14.21,12.0,0.3,0.5,0.3,3.9,7.0,7.0,5.6,5.0,2.2,10.0,0.2,0.5,0.3,-54.2,127.7,421.1,166.5,5.0,342.8,10.0,0.2,0.5,0.3,-13.3,0.0,156.8,61.3,5.0,108.7,10.0,0.2,0.5,0.3,-2.57,0.5,4.73,1.07,3.0,5.37,12.0,0.3,0.4,0.5,-25.3,8.8,54.5,14.4,3.0,58.7,12.0,0.3,0.4,0.5,1.4,2.79,4.22,2.81,3.0,2.06,12.0,0.3,0.4,0.5,20.8,48.8,53.2,37.3,3.0,25.7,12.0,0.3,0.4,0.5,-14.1,121.0,165.0,74.9,5.0,137.1,10.0,0.2,0.5,0.3,-16.1,0.0,61.8,16.6,5.0,46.7,10.0,0.2,0.5,0.3,50.8,59.3,71.8,61.3,3.0,15.5,12.0,0.3,0.4,0.5,-14.7,0.0,0.0,-7.2,3.0,12.5,12.0,0.3,0.4,0.5,20.5,48.8,53.2,37.1,3.0,26.0,12.0,0.3,0.4,0.5,-1.8,0.0,0.0,-0.9,3.0,1.5,12.0,0.3,0.4,0.5,1315.0,5359.5,10218.5,6240.0,5.0,6433.0,10.0,0.2,0.5,0.3,1315.0,5360.0,10220.0,6240.0,5.0,6435.0,10.0,0.2,0.5,0.3
1974,2,191.0,44.0,5.06,6.25,7.44,6.25,2.0,2.47,22.0,0.5,0.3,0.4,5.0,5.0,5.0,5.0,1.0,0.0,24.0,0.0,0.1,0.5,3.39,3.39,3.39,3.39,1.0,0.0,24.0,0.0,0.1,0.5,64.2,64.2,64.2,64.2,1.0,0.0,24.0,0.0,0.5,5.93,7.7,9.82,7.87,3.0,2.85,24.0,0.3,0.2,0.6,-4.0,3.69,4.44,0.3,3.0,6.85,24.0,0.3,0.2,0.6,-7.48,-1.74,-1.47,-4.41,3.0,4.97,24.0,0.3,0.2,0.6,1010.95,1027.2,1031.16,1021.2,3.0,15.69,24.0,0.3,0.2,0.6,6.3,7.0,7.7,7.0,2.0,1.4,22.0,0.5,0.3,0.4,-32.1,24.4,35.0,2.0,3.0,52.9,24.0,0.3,0.2,0.6,-78.1,-10.3,-9.3,-42.9,3.0,57.7,24.0,0.3,0.2,0.6,3.0,3.0,3.0,3.0,1.0,0.0,24.0,0.0,0.1,0.5,23.1,23.1,23.1,23.1,1.0,0.0,24.0,0.0,0.1,0.5,3.12,3.12,3.12,3.12,1.0,0.0,24.0,0.0,0.1,0.5,24.0,24.0,24.0,24.0,1.0,0.0,24.0,0.0,0.1,0.5,-37.9,-37.9,-37.9,-37.9,1.0,0.0,24.0,0.0,0.1,0.5,-6.7,-6.7,-6.7,-6.7,1.0,0.0,24.0,0.0,0.1,0.5,-25.7,-25.7,-25.7,-25.7,1.0,0.0,24.0,0.0,0.1,0.5,-4.5,-4.5,-4.5,-4.5,1.0,0.0,24.0,0.0,0.1,0.5,-23.6,-23.6,-23.6,-23.6,1.0,0.0,24.0,0.0,0.1,0.5,-4.2,-4.2,-4.2,-4.2,1.0,0.0,24.0,0.0,0.1,0.5,235.5,456.5,1005.0,616.5,3.0,580.5,24.0,0.3,0.2,0.6,235.0,455.0,1005.0,615.0,3.0,580.0,24.0,0.3,0.2,0.6
1974,2,191.0,45.0,6.06,6.1,7.86,6.88,5.0,1.28,8.0,0.2,0.6,0.5,4.32,6.1,6.61,5.64,5.0,1.4,8.0,0.2,0.6,0.5,5.27,5.4,5.78,5.52,4.0,0.39,8.0,0.3,0.6,0.4,92.7,92.7,96.5,94.5,4.0,3.7,8.0,0.3,0.4,11.0,12.9,16.03,13.5,5.0,4.6,8.0,0.2,0.6,0.5,-10.35,0.0,14.27,1.63,5.0,12.63,8.0,0.2,0.6,0.5,4.09,7.7,10.1,7.14,5.0,4.75,8.0,0.2,0.6,0.5,978.09,991.5,1009.29,994.3,5.0,19.22,8.0,0.2,0.6,0.5,8.0,8.0,8.0,8.0,4.0,0.0,8.0,0.3,0.6,0.4,-133.6,0.0,232.7,46.6,5.0,202.5,8.0,0.2,0.6,0.5,37.6,83.2,167.5,104.4,5.0,102.2,8.0,0.2,0.6,0.5,-0.55,1.1,2.84,1.24,5.0,2.42,8.0,0.2,0.6,0.5,-4.2,14.2,45.4,20.5,5.0,30.8,8.0,0.2,0.6,0.5,0.12,0.66,1.54,0.82,4.0,0.98,8.0,0.3,0.6,0.4,2.0,8.5,20.5,11.1,4.0,12.9,8.0,0.3,0.6,0.4,-63.2,0.0,60.0,-0.8,5.0,63.6,8.0,0.2,0.6,0.5,25.0,50.6,58.4,41.5,5.0,24.5,8.0,0.2,0.6,0.5,-57.1,-26.4,36.5,-11.0,4.0,60.2,8.0,0.3,0.6,0.4,16.8,39.8,45.6,31.6,4.0,21.6,8.0,0.3,0.6,0.4,-6.9,-2.4,15.1,3.8,4.0,17.0,8.0,0.3,0.6,0.4,-0.7,1.4,5.2,2.2,4.0,3.8,8.0,0.3,0.6,0.4,1529.5,2146.5,4720.0,3179.5,5.0,3205.0,8.0,0.2,0.6,0.5,1530.0,2145.0,4720.0,3180.0,5.0,3205.0,8.0,0.2,0.6,0.5
1974,2,191.0,46.0,5.79,6.0,6.52,6.15,4.0,0.6,18.0,0.3,0.6,0.6,3.24,3.75,4.68,3.95,4.0,0.99,18.0,0.3,0.6,0.6,3.47,3.65,3.87,3.67,4.0,0.23,18.0,0.3,0.6,0.6,66.9,73.8,80.9,73.9,4.0,8.8,18.0,0.3,0.6,7.91,14.65,20.86,14.4,4.0,7.48,18.0,0.3,0.6,0.6,-15.98,-7.27,4.88,-5.63,4.0,12.27,18.0,0.3,0.6,0.6,-13.41,-10.17,-4.93,-9.22,4.0,5.12,18.0,0.3,0.6,0.6,1007.52,1021.5,1028.04,1017.95,4.0,14.29,18.0,0.3,0.6,0.6,6.5,7.0,7.5,7.0,4.0,0.8,18.0,0.3,0.6,0.6,-333.4,-158.0,41.5,-146.5,4.0,217.0,18.0,0.3,0.6,0.6,-279.8,-161.9,-37.9,-159.0,4.0,139.6,18.0,0.3,0.6,0.6,1.11,2.5,3.26,2.2,4.0,1.41,18.0,0.3,0.6,0.6,15.6,35.8,52.8,34.3,4.0,25.4,18.0,0.3,0.6,0.6,1.95,2.15,2.36,2.15,4.0,0.27,18.0,0.3,0.6,0.6,18.1,30.1,42.4,30.2,4.0,14.4,18.0,0.3,0.6,0.6,-56.2,-20.9,18.1,-19.1,4.0,43.7,18.0,0.3,0.6,0.6,-47.1,-39.1,-23.3,-35.4,4.0,17.9,18.0,0.3,0.6,0.6,-59.5,-25.4,18.4,-20.8,4.0,45.9,18.0,0.3,0.6,0.6,-50.0,-35.4,-17.6,-33.8,4.0,19.4,18.0,0.3,0.6,0.6,-32.5,-13.5,11.9,-10.4,4.0,26.4,18.0,0.3,0.6,0.6,-27.2,-19.8,-10.9,-19.1,4.0,9.9,18.0,0.3,0.6,0.6,509.0,4700.0,9083.5,4792.0,4.0,4946.0,18.0,0.3,0.6,0.6,510.0,4700.0,9085.0,4790.0,4.0,4945.0,18.0,0.3,0.6,0.6
1974,2,191.0,47.0,4.79,5.5,6.52,5.65,4.0,1.08,14.0,0.3,0.5,0.7,2.1,2.3,4.02,3.03,4.0,1.66,14.0,0.3,0.5,0.7,3.17,3.74,4.01,3.59,3.0,0.63,12.0,0.3,0.6,0.7,68.6,72.2,80.3,74.4,3.0,8.8,12.0,0.3,0.7,7.18,9.75,14.26,10.68,4.0,4.47,14.0,0.3,0.5,0.7,-4.59,1.44,7.48,1.44,4.0,7.77,14.0,0.3,0.5,0.7,-8.95,-3.3,6.62,-1.26,4.0,10.33,14.0,0.3,0.5,0.7,991.38,1013.55,1033.57,1012.53,4.0,24.37,14.0,0.3,0.5,0.7,6.3,7.0,7.0,6.7,3.0,0.6,18.0,0.3,0.5,0.7,-34.8,19.9,114.4,38.9,4.0,100.7,14.0,0.3,0.5,0.7,-89.6,-22.1,109.3,8.4,4.0,144.1,14.0,0.3,0.5,0.7,0.88,3.0,4.33,2.63,4.0,2.34,14.0,0.3,0.5,0.7,7.2,26.2,33.7,20.7,4.0,20.2,14.0,0.3,0.5,0.7,1.66,2.24,2.47,2.07,3.0,0.61,12.0,0.3,0.6,0.7,20.9,23.0,25.4,23.1,3.0,3.3,12.0,0.3,0.6,0.7,-9.4,3.0,34.8,12.3,4.0,32.3,14.0,0.3,0.5,0.7,-20.3,-7.9,36.4,7.3,4.0,42.7,14.0,0.3,0.5,0.7,-15.9,11.7,33.6,8.9,3.0,36.4,12.0,0.3,0.6,0.7,-22.0,0.0,35.6,6.7,3.0,42.6,12.0,0.3,0.6,0.7,-10.7,9.0,13.0,1.3,3.0,18.6,12.0,0.3,0.6,0.7,-17.0,0.0,12.1,-2.4,3.0,21.4,12.0,0.3,0.6,0.7,375.0,1050.0,3135.5,1723.0,4.0,1941.0,14.0,0.3,0.5,0.7,375.0,1050.0,3135.0,1725.0,4.0,1940.0,14.0,0.3,0.5,0.7
1974,2,191.0,48.0,4.0,5.0,5.21,4.83,6.0,0.75,16.0,0.2,0.8,0.3,-1.71,2.5,5.19,1.98,6.0,3.44,16.0,0.2,0.8,0.3,2.97,3.53,4.6,3.75,6.0,0.94,16.0,0.2,0.8,0.3,77.4,86.6,90.6,84.7,6.0,7.3,16.0,0.2,0.3,6.35,10.25,14.11,9.93,6.0,4.46,16.0,0.2,0.8,0.3,1.05,4.32,7.68,3.83,6.0,4.63,16.0,0.2,0.8,0.3,-13.07,-6.3,2.32,-5.6,6.0,7.85,16.0,0.2,0.8,0.3,1010.54,1020.0,1031.42,1017.37,6.0,17.54,16.0,0.2,0.8,0.3,6.0,6.5,8.0,6.8,6.0,1.0,16.0,0.2,0.8,0.3,-4.0,39.2,82.1,37.3,6.0,54.8,16.0,0.2,0.8,0.3,-190.7,-72.0,10.3,-82.4,6.0,100.4,16.0,0.2,0.8,0.3,-0.19,1.5,6.91,2.85,6.0,3.82,16.0,0.2,0.8,0.3,-1.6,15.5,97.8,40.0,6.0,55.7,16.0,0.2,0.8,0.3,0.8,1.41,2.48,1.57,6.0,0.97,16.0,0.2,0.8,0.3,3.0,15.0,35.0,18.7,6.0,17.0,16.0,0.2,0.8,0.3,-8.6,2.3,35.2,10.3,6.0,25.9,16.0,0.2,0.8,0.3,-10.5,12.5,23.0,8.7,6.0,18.6,16.0,0.2,0.8,0.3,3.2,15.2,33.3,15.9,6.0,18.4,16.0,0.2,0.8,0.3,-37.3,-20.4,10.1,-15.3,6.0,25.4,16.0,0.2,0.8,0.3,0.2,4.1,10.6,5.4,6.0,9.6,16.0,0.2,0.8,0.3,-33.4,-11.1,1.6,-14.8,6.0,17.9,16.0,0.2,0.8,0.3,302.5,1151.0,2814.0,1449.5,6.0,1328.0,16.0,0.2,0.8,0.3,300.0,1150.0,2815.0,1450.0,6.0,1330.0,16.0,0.2,0.8,0.3
1974,2,191.0,49.0,3.96,4.85,5.06,4.63,6.0,0.6,14.0,0.7,0.5,0.4,3.36,4.75,5.56,4.05,6.0,2.53,14.0,0.7,0.5,0.4,3.39,4.48,4.77,4.19,6.0,0.71,14.0,0.7,0.5,0.4,74.9,83.0,92.0,82.2,6.0,14.0,14.0,0.7,0.4,4.89,11.55,15.99,11.47,6.0,6.82,14.0,0.7,0.5,0.4,-5.86,-0.87,11.55,0.49,6.0,10.97,14.0,0.7,0.5,0.4,-4.27,6.48,10.28,4.57,6.0,7.66,14.0,0.7,0.5,0.4,984.44,992.75,1019.89,1000.37,6.0,19.55,14.0,0.7,0.5,0.4,3.6,7.0,7.2,5.8,6.0,2.3,14.0,0.7,0.5,0.4,-97.8,-4.4,166.3,-9.2,6.0,201.7,14.0,0.7,0.5,0.4,-28.0,47.8,170.6,75.8,6.0,136.2,14.0,0.7,0.5,0.4,-1.21,-0.15,1.87,0.58,6.0,2.82,14.0,0.7,0.5,0.4,-11.1,-1.4,10.6,0.7,6.0,14.4,14.0,0.7,0.5,0.4,0.74,0.92,1.87,1.14,6.0,0.62,14.0,0.7,0.5,0.4,6.2,10.7,21.2,13.0,6.0,9.5,14.0,0.7,0.5,0.4,-26.4,-5.1,59.1,5.0,6.0,53.9,14.0,0.7,0.5,0.4,-2.3,32.3,49.9,25.3,6.0,32.4,14.0,0.7,0.5,0.4,-27.3,-4.1,40.0,-0.8,6.0,46.8,14.0,0.7,0.5,0.4,-15.7,26.1,44.6,20.0,6.0,32.8,14.0,0.7,0.5,0.4,-5.1,-0.3,14.8,2.7,6.0,12.7,14.0,0.7,0.5,0.4,-5.3,4.3,13.6,4.4,6.0,9.9,14.0,0.7,0.5,0.4,119.5,1822.0,4598.5,2937.5,6.0,4074.5,14.0,0.7,0.5,0.4,120.0,1820.0,4600.0,2940.0,6.0,4075.0,14.0,0.7,0.5,0.4
1974,2,191.0,50.0,3.59,4.25,4.81,4.17,6.0,1.28,12.0,0.7,0.7,0.3,3.47,3.6,5.57,4.31,7.0,1.44,12.0,0.7,0.7,0.4,4.17,4.32,4.61,4.37,6.0,0.25,12.0,0.8,0.7,0.4,72.9,85.2,92.3,83.6,6.0,9.3,12.0,0.8,0.4,4.1,8.7,15.77,10.03,7.0,7.1,12.0,0.7,0.7,0.4,-2.47,4.53,8.63,2.91,7.0,9.25,12.0,0.7,0.7,0.4,-8.97,-3.46,1.47,-1.92,7.0,8.25,12.0,0.7,0.7,0.4,984.54,990.7,1027.04,998.93,7.0,19.81,12.0,0.7,0.7,0.4,2.6,5.5,8.0,5.2,6.0,2.9,8.0,0.8,0.8,0.4,-16.3,20.8,87.3,51.2,7.0,178.0,12.0,0.7,0.7,0.4,-94.8,-15.8,19.9,6.7,7.0,158.2,12.0,0.7,0.7,0.4,-1.1,-0.6,0.77,-0.28,6.0,1.11,12.0,0.7,0.7,0.3,-15.1,-5.6,3.1,-6.5,6.0,10.9,12.0,0.7,0.7,0.3,0.77,1.11,1.22,0.97,5.0,0.42,12.0,0.8,0.6,0.3,3.1,4.5,18.3,10.1,5.0,10.8,12.0,0.8,0.6,0.3,-8.8,19.0,39.0,18.4,7.0,43.5,12.0,0.7,0.7,0.4,-36.0,-11.2,7.1,-6.6,7.0,44.5,12.0,0.7,0.7,0.4,-17.8,7.8,33.3,8.1,6.0,42.2,12.0,0.8,0.7,0.4,-41.0,-15.3,15.6,-8.5,6.0,38.5,12.0,0.8,0.7,0.4,-1.8,1.1,11.8,5.0,5.0,9.7,12.0,0.8,0.6,0.3,-6.8,-3.7,6.6,-0.2,5.0,10.9,12.0,0.8,0.6,0.3,68.5,658.5,4067.0,2565.5,7.0,4488.0,12.0,0.7,0.7,0.4,70.0,660.0,4065.0,2565.0,7.0,4490.0,12.0,0.7,0.7,0.4
1974,2,191.0,51.0,2.0,3.5,4.41,3.53,13.0,1.16,18.0,0.2,0.7,0.4,0.06,3.5,5.0,2.73,14.0,2.89,16.0,0.1,0.7,0.3,3.87,4.41,4.79,4.31,11.0,0.52,14.0,0.1,0.8,0.3,79.6,85.7,95.2,87.0,11.0,7.7,14.0,0.1,0.3,5.1,10.3,12.83,9.88,14.0,4.36,16.0,0.1,0.7,0.4,-7.69,3.33,10.61,1.49,14.0,8.51,16.0,0.1,0.7,0.4,-5.67,-1.74,7.95,0.64,14.0,6.99,16.0,0.1,0.7,0.4,985.53,996.0,1026.49,1004.43,15.0,19.01,16.0,0.2,0.7,0.3,7.0,8.0,8.0,7.6,14.0,0.8,16.0,0.2,0.7,0.4,-77.7,14.9,114.3,19.6,14.0,114.4,16.0,0.1,0.7,0.4,-44.1,-8.6,82.7,21.0,14.0,97.0,16.0,0.1,0.7,0.4,-1.5,0.25,2.98,0.81,12.0,2.51,16.0,0.1,0.7,0.3,-10.9,2.6,39.0,12.8,11.0,28.0,16.0,0.0,0.7,0.3,0.27,0.42,1.32,0.72,9.0,0.64,14.0,0.0,0.8,0.3,1.9,2.9,20.5,9.4,9.0,13.0,14.0,0.0,0.8,0.3,-24.0,13.7,49.7,14.7,13.0,30.2,16.0,0.1,0.7,0.3,-8.8,7.8,41.9,12.3,13.0,21.6,16.0,0.1,0.7,0.3,-24.4,17.2,50.3,12.4,11.0,35.5,14.0,0.1,0.8,0.3,-9.0,0.0,42.7,11.1,11.0,25.8,14.0,0.1,0.8,0.3,-1.9,2.2,6.9,2.9,9.0,11.8,14.0,0.0,0.8,0.3,-0.7,0.0,14.5,4.9,9.0,9.6,14.0,0.0,0.8,0.3,132.5,1092.5,2115.0,1515.0,14.0,1806.5,16.0,0.1,0.7,0.4,135.0,1095.0,2115.0,1515.0,14.0,1805.0,16.0,0.1,0.7,0.4
1974,2,191.0,52.0,2.09,3.0,5.0,3.32,10.0,1.4,16.0,0.4,0.3,0.5,-1.88,3.5,4.41,2.08,11.0,3.15,14.0,0.4,0.4,0.5,3.15,3.81,4.04,3.76,9.0,0.67,12.0,0.4,0.4,0.4,72.7,77.9,97.7,83.0,9.0,11.8,12.0,0.4,0.4,7.7,10.55,17.17,12.12,10.0,5.73,14.0,0.4,0.4,0.4,-0.76,2.4,7.99,3.5,10.0,6.84,14.0,0.4,0.4,0.4,-13.15,0.67,10.42,-0.82,10.0,11.62,14.0,0.4,0.4,0.4,981.92,1005.0,1018.74,1000.95,11.0,17.01,14.0,0.4,0.4,0.5,7.0,8.0,8.0,7.1,9.0,2.0,14.0,0.3,0.4,0.4,-5.9,12.2,96.6,57.8,10.0,126.7,14.0,0.4,0.4,0.4,-188.7,4.4,204.0,6.1,10.0,198.8,14.0,0.4,0.4,0.4,-2.46,1.5,5.49,1.25,10.0,3.71,16.0,0.4,0.3,0.5,-16.1,23.1,65.7,22.4,9.0,45.8,16.0,0.4,0.4,0.5,0.76,1.51,1.87,1.2,8.0,0.9,14.0,0.5,0.3,0.4,5.9,23.7,31.3,19.2,8.0,15.0,14.0,0.5,0.3,0.4,-1.7,9.6,36.1,14.4,10.0,26.2,14.0,0.4,0.4,0.4,-9.5,15.9,57.0,17.7,10.0,35.4,14.0,0.4,0.4,0.4,-3.4,0.0,31.4,12.0,9.0,30.1,12.0,0.4,0.4,0.4,-42.4,0.0,46.3,-1.1,9.0,44.5,12.0,0.4,0.4,0.4,0.0,4.8,10.0,7.0,8.0,9.6,14.0,0.5,0.3,0.4,-25.7,-0.5,22.0,-1.9,8.0,22.2,14.0,0.5,0.3,0.4,456.5,1349.0,5184.0,2938.0,10.0,3640.0,14.0,0.4,0.4,0.4,455.0,1350.0,5185.0,2940.0,10.0,3640.0,14.0,0.4,0.4,0.4
1974,2,191.0,53.0,2.69,3.1,3.88,3.28,4.0,0.82,18.0,0.3,0.6,0.7,-2.41,2.4,3.9,0.83,4.0,4.43,18.0,0.3,0.6,0.7,3.25,3.25,3.25,3.25,1.0,0.0,28.0,1.0,0.2,0.9,80.4,80.4,80.4,80.4,1.0,0.0,28.0,1.0,0.9,11.28,11.8,15.05,13.1,4.0,3.3,18.0,0.3,0.6,0.7,-7.89,4.5,9.49,0.97,4.0,12.57,18.0,0.3,0.6,0.7,-7.27,-3.08,6.09,-0.7,4.0,8.93,18.0,0.3,0.6,0.7,995.2,1005.45,1016.12,1005.65,4.0,12.1,18.0,0.3,0.6,0.7,7.3,8.0,8.0,7.7,3.0,0.6,16.0,0.3,0.5,0.6,-148.0,49.6,108.6,-16.5,4.0,197.7,18.0,0.3,0.6,0.7,-100.6,-44.7,71.8,-15.8,4.0,112.7,18.0,0.3,0.6,0.7,-0.81,0.5,5.9,2.45,4.0,5.09,18.0,0.3,0.6,0.7,-9.6,5.2,101.1,43.9,4.0,90.4,18.0,0.3,0.6,0.7,1.26,1.26,1.26,1.26,1.0,0.0,28.0,1.0,0.2,0.9,13.6,13.6,13.6,13.6,1.0,0.0,28.0,1.0,0.2,0.9,7.3,27.5,71.2,38.7,4.0,40.8,18.0,0.3,0.6,0.7,-4.3,16.9,39.3,17.4,4.0,25.5,18.0,0.3,0.6,0.7,22.6,22.6,22.6,22.6,1.0,0.0,28.0,1.0,0.2,0.9,-26.9,-26.9,-26.9,-26.9,1.0,0.0,28.0,1.0,0.2,0.9,8.7,8.7,8.7,8.7,1.0,0.0,28.0,1.0,0.2,0.9,-10.4,-10.4,-10.4,-10.4,1.0,0.0,28.0,1.0,0.2,0.9,1442.0,1643.0,3837.5,2594.5,4.0,2166.0,18.0,0.3,0.6,0.7,1440.0,1645.0,3840.0,2595.0,4.0,2165.0,18.0,0.3,0.6,0.7
1974,2,191.0,54.0,2.5,4.0,4.5,3.61,12.0,0.94,14.0,0.3,0.6,0.3,-5.4,0.25,2.88,-0.81,12.0,4.49,14.0,0.3,0.6,0.3,2.21,3.11,4.25,3.17,10.0,1.17,16.0,0.4,0.6,0.2,68.2,88.4,100.0,85.3,10.0,17.1,16.0,0.4,0.2,8.2,10.8,12.9,10.69,14.0,2.52,14.0,0.4,0.5,0.3,-9.1,-2.05,4.27,-2.59,14.0,6.93,14.0,0.4,0.5,0.3,-12.73,-5.88,0.0,-4.65,14.0,7.14,14.0,0.4,0.5,0.3,991.32,1003.2,1021.75,1007.57,14.0,16.25,14.0,0.4,0.5,0.3,6.0,7.0,8.0,6.9,12.0,1.2,14.0,0.5,0.6,0.3,-89.2,-16.8,39.2,-28.6,14.0,79.1,14.0,0.4,0.5,0.3,-164.3,-43.1,0.0,-56.8,14.0,88.5,14.0,0.4,0.5,0.3,-0.62,4.0,9.41,4.68,11.0,4.9,14.0,0.3,0.6,0.3,-5.8,43.2,123.9,54.4,11.0,60.0,14.0,0.3,0.6,0.3,0.44,1.75,2.98,1.76,9.0,1.25,16.0,0.3,0.6,0.2,4.5,16.7,37.0,20.3,9.0,16.3,16.0,0.3,0.6,0.2,-29.8,0.0,23.6,1.5,12.0,35.2,14.0,0.3,0.6,0.3,-10.5,0.0,57.8,17.4,12.0,34.4,14.0,0.3,0.6,0.3,-33.3,0.0,15.4,-5.2,10.0,26.3,16.0,0.4,0.6,0.2,-21.9,-15.6,-2.8,-13.1,10.0,19.4,16.0,0.4,0.6,0.2,-4.4,0.0,9.7,-0.7,9.0,12.2,16.0,0.3,0.6,0.2,-29.6,-16.7,-0.1,-15.1,9.0,18.0,16.0,0.3,0.6,0.2,551.5,1259.5,2146.5,1410.5,14.0,896.5,14.0,0.4,0.5,0.3,550.0,1260.0,2145.0,1410.0,14.0,895.0,14.0,0.4,0.5,0.3
1974,2,191.0,55.0,,,,,,,,,,,,,,,,,,,,,,,,,,,,,,,,,,,,,,,,6.2,10.5,15.0,10.76,76.0,4.01,12.0,0.3,0.4,0.6,-12.9,-4.43,3.41,-4.28,76.0,7.23,12.0,0.3,0.4,0.6,-11.09,-6.22,0.0,-5.38,76.0,5.77,12.0,0.3,0.4,0.6,995.66,1002.05,1021.63,1007.37,80.0,14.07,14.0,0.3,0.4,0.6,,,,,,,,,,,,,,,,,,,,,,,,,,,,,,,,,,,,,,,,,,,,,,,,,,,,,,,,,,,,,,,,,,,,,,,,,,,,,,,,,,,,,,,,,,,,,,,,,,,,,,,,,,,,,,,,,,,,,,,,,,,,,,,,,,,,,,,,,,,,,,,,,,,,,,
1974,2,191.0,56.0,0.49,1.0,2.22,1.24,26.0,1.08,14.0,0.3,0.8,0.3,-13.0,-4.5,0.51,-5.52,37.0,5.85,10.0,0.3,0.7,0.2,1.11,1.26,1.38,1.24,9.0,0.21,20.0,0.3,1.0,0.4,84.4,100.0,100.0,94.4,9.0,9.2,20.0,0.3,0.4,4.24,7.45,12.98,9.05,34.0,5.08,10.0,0.3,0.7,0.2,-5.36,0.0,3.19,-1.9,34.0,6.13,10.0,0.3,0.7,0.2,-12.12,-4.66,0.68,-5.17,34.0,6.42,10.0,0.3,0.7,0.2,989.76,1001.4,1026.23,1006.79,37.0,18.14,10.0,0.3,0.7,0.2,6.0,7.0,8.0,7.1,28.0,1.2,10.0,0.4,0.7,0.2,-39.2,0.0,27.4,-33.7,34.0,118.0,10.0,0.3,0.7,0.2,-154.2,-32.4,3.4,-59.3,34.0,92.7,10.0,0.3,0.7,0.2,-0.11,6.75,15.0,7.17,26.0,6.82,14.0,0.3,0.8,0.3,-1.6,54.6,175.4,78.4,23.0,84.7,12.0,0.3,0.8,0.3,2.5,2.76,2.93,2.73,9.0,0.21,20.0,0.3,1.0,0.4,26.8,32.6,38.3,32.3,9.0,5.9,20.0,0.3,1.0,0.4,-27.7,0.0,23.0,-0.8,33.0,32.0,10.0,0.3,0.7,0.2,0.0,20.2,149.7,56.9,33.0,69.5,10.0,0.3,0.7,0.2,0.0,1.8,5.1,2.3,9.0,2.7,20.0,0.3,1.0,0.4,-18.8,-14.0,-10.6,-14.4,9.0,4.0,20.0,0.3,1.0,0.4,0.0,5.3,9.2,4.5,9.0,4.7,20.0,0.3,1.0,0.4,-38.0,-31.9,-26.3,-31.7,9.0,5.8,20.0,0.3,1.0,0.4,78.5,415.0,2185.0,1557.0,34.0,2856.0,10.0,0.3,0.7,0.2,80.0,415.0,2185.0,1555.0,34.0,2855.0,10.0,0.3,0.7,0.2
1974,2,191.0,57.0,,,,,,,,,,,,,,,,,,,,,,,,,,,,,,,,,,,,,,,,6.14,11.8,16.33,12.0,7.0,6.11,10.0,0.3,0.7,0.4,-12.51,-9.04,-3.98,-9.52,7.0,4.83,10.0,0.3,0.7,0.4,-10.5,-5.0,-4.06,-7.1,7.0,4.15,10.0,0.3,0.7,0.4,987.57,1010.5,1013.63,1004.51,8.0,15.69,10.0,0.3,0.7,0.4,,,,,,,,,,,,,,,,,,,,,,,,,,,,,,,,,,,,,,,,,,,,,,,,,,,,,,,,,,,,,,,,,,,,,,,,,,,,,,,,,,,,,,,,,,,,,,,,,,,,,,,,,,,,,,,,,,,,,,,,,,,,,,,,,,,,,,,,,,,,,,,,,,,,,,
1974,2,191.0,58.0,,,,,,,,,,,,,,,,,,,,,,,,,,,,,,,,,,,,,,,,5.1,5.1,5.1,5.1,1.0,0.0,8.0,0.0,0.6,0.1,-4.42,-4.42,-4.42,-4.42,1.0,0.0,8.0,0.0,0.6,0.1,-2.55,-2.55,-2.55,-2.55,1.0,0.0,8.0,0.0,0.6,0.1,995.7,995.7,995.7,995.7,1.0,0.0,8.0,0.0,0.6,0.1,,,,,,,,,,,,,,,,,,,,,,,,,,,,,,,,,,,,,,,,,,,,,,,,,,,,,,,,,,,,,,,,,,,,,,,,,,,,,,,,,,,,,,,,,,,,,,,,,,,,,,,,,,,,,,,,,,,,,,,,,,,,,,,,,,,,,,,,,,,,,,,,,,,,,,
1974,2,191.0,60.0,,,,,,,,,,,,,,,,,,,,,,,,,,,,,,,,,,,,,,,,4.1,4.1,4.1,4.1,1.0,0.0,4.0,1.0,0.4,0.1,-3.85,-3.85,-3.85,-3.85,1.0,0.0,4.0,1.0,0.4,0.1,-1.4,-1.4,-1.4,-1.4,1.0,0.0,4.0,1.0,0.4,0.1,1009.9,1009.9,1009.9,1009.9,1.0,0.0,4.0,1.0,0.4,0.1,,,,,,,,,,,,,,,,,,,,,,,,,,,,,,,,,,,,,,,,,,,,,,,,,,,,,,,,,,,,,,,,,,,,,,,,,,,,,,,,,,,,,,,,,,,,,,,,,,,,,,,,,,,,,,,,,,,,,,,,,,,,,,,,,,,,,,,,,,,,,,,,,,,,,,
1974,2,192.0,-58.0,6.0,6.0,6.0,6.0,2.0,0.0,10.0,1.0,0.4,0.4,5.99,6.6,7.21,6.6,2.0,1.27,10.0,1.0,0.4,0.4,5.56,5.56,5.56,5.56,1.0,0.0,20.0,1.0,0.4,0.4,86.5,86.5,86.5,86.5,1.0,0.0,20.0,1.0,0.4,7.03,7.1,7.17,7.1,2.0,0.14,10.0,1.0,0.4,0.4,4.86,5.63,6.41,5.63,2.0,1.6,10.0,1.0,0.4,0.4,-1.22,1.45,4.12,1.45,2.0,5.53,10.0,1.0,0.4,0.4,993.19,1000.7,1008.21,1000.7,2.0,15.56,10.0,1.0,0.4,0.4,7.2,7.5,7.8,7.5,2.0,0.7,10.0,1.0,0.4,0.4,34.2,40.1,46.0,40.1,2.0,12.2,10.0,1.0,0.4,0.4,-9.0,9.9,28.8,9.9,2.0,39.1,10.0,1.0,0.4,0.4,-1.21,-0.6,0.01,-0.6,2.0,1.27,10.0,1.0,0.4,0.4,-8.8,-4.3,0.1,-4.3,2.0,9.1,10.0,1.0,0.4,0.4,0.24,0.24,0.24,0.24,1.0,0.0,20.0,1.0,0.4,0.4,1.7,1.7,1.7,1.7,1.0,0.0,20.0,1.0,0.4,0.4,29.6,38.2,46.8,38.2,2.0,17.7,10.0,1.0,0.4,0.4,-10.7,6.0,22.8,6.0,2.0,34.7,10.0,1.0,0.4,0.4,37.6,37.6,37.6,37.6,1.0,0.0,20.0,1.0,0.4,0.4,-13.7,-13.7,-13.7,-13.7,1.0,0.0,20.0,1.0,0.4,0.4,1.6,1.6,1.6,1.6,1.0,0.0,20.0,1.0,0.4,0.4,-0.6,-0.6,-0.6,-0.6,1.0,0.0,20.0,1.0,0.4,0.4,348.0,358.0,368.5,358.0,2.0,21.5,10.0,1.0,0.4,0.4,350.0,360.0,370.0,360.0,2.0,20.0,10.0,1.0,0.4,0.4
1974,2,192.0,-53.0,,,,,,,,,,,,,,,,,,,,,,,,,,,,,,,,,,,,,,,,9.0,9.0,9.0,9.0,1.0,0.0,20.0,1.0,1.0,0.4,4.5,4.5,4.5,4.5,1.0,0.0,20.0,1.0,1.0,0.4,-7.79,-7.79,-7.79,-7.79,1.0,0.0,20.0,1.0,1.0,0.4,1009.0,1009.0,1009.0,1009.0,1.0,0.0,20.0,1.0,1.0,0.4,,,,,,,,,,,,,,,,,,,,,,,,,,,,,,,,,,,,,,,,,,,,,,,,,,,,,,,,,,,,,,,,,,,,,,,,,,,,,,,,,,,,,,,,,,,,,,,,,,,,,,,,,,,,,,,,,,,,,,,,,,,,,,,,,,,,,,,,,,,,,,,,,,,,,,
1974,2,192.0,-45.0,16.0,16.0,16.0,16.0,1.0,0.0,20.0,1.0,0.9,1.0,15.5,15.5,15.5,15.5,1.0,0.0,20.0,1.0,0.9,1.0,9.77,9.77,9.77,9.77,1.0,0.0,20.0,1.0,0.9,1.0,90.2,90.2,90.2,90.2,1.0,0.0,20.0,1.0,1.0,8.2,8.2,8.2,8.2,1.0,0.0,20.0,1.0,0.9,1.0,-6.28,-6.28,-6.28,-6.28,1.0,0.0,20.0,1.0,0.9,1.0,-5.27,-5.27,-5.27,-5.27,1.0,0.0,20.0,1.0,0.9,1.0,1021.0,1021.0,1021.0,1021.0,1.0,0.0,20.0,1.0,0.9,1.0,8.0,8.0,8.0,8.0,1.0,0.0,20.0,1.0,0.9,1.0,-51.5,-51.5,-51.5,-51.5,1.0,0.0,20.0,1.0,0.9,1.0,-43.2,-43.2,-43.2,-43.2,1.0,0.0,20.0,1.0,0.9,1.0,0.5,0.5,0.5,0.5,1.0,0.0,20.0,1.0,0.9,1.0,4.1,4.1,4.1,4.1,1.0,0.0,20.0,1.0,0.9,1.0,1.43,1.43,1.43,1.43,1.0,0.0,20.0,1.0,0.9,1.0,11.7,11.7,11.7,11.7,1.0,0.0,20.0,1.0,0.9,1.0,-97.4,-97.4,-97.4,-97.4,1.0,0.0,20.0,1.0,0.9,1.0,-81.7,-81.7,-81.7,-81.7,1.0,0.0,20.0,1.0,0.9,1.0,-61.4,-61.4,-61.4,-61.4,1.0,0.0,20.0,1.0,0.9,1.0,-51.5,-51.5,-51.5,-51.5,1.0,0.0,20.0,1.0,0.9,1.0,-9.0,-9.0,-9.0,-9.0,1.0,0.0,20.0,1.0,0.9,1.0,-7.5,-7.5,-7.5,-7.5,1.0,0.0,20.0,1.0,0.9,1.0,551.5,551.5,551.5,551.5,1.0,0.0,20.0,1.0,0.9,1.0,550.0,550.0,550.0,550.0,1.0,0.0,20.0,1.0,0.9,1.0
1974,2,192.0,-44.0,15.3,15.3,15.3,15.3,1.0,0.0,16.0,0.0,0.5,0.2,16.5,16.5,16.5,16.5,1.0,0.0,16.0,0.0,0.5,0.2,11.37,11.37,11.37,11.37,1.0,0.0,16.0,0.0,0.5,0.2,98.1,98.1,98.1,98.1,1.0,0.0,16.0,0.0,0.2,4.6,4.6,4.6,4.6,1.0,0.0,16.0,0.0,0.5,0.2,0.8,0.8,0.8,0.8,1.0,0.0,16.0,0.0,0.5,0.2,-4.53,-4.53,-4.53,-4.53,1.0,0.0,16.0,0.0,0.5,0.2,1018.3,1018.3,1018.3,1018.3,1.0,0.0,16.0,0.0,0.5,0.2,,,,,,,,,,,,,,,,,,,,,,,,,,,,,,,-1.2,-1.2,-1.2,-1.2,1.0,0.0,16.0,0.0,0.5,0.2,-5.5,-5.5,-5.5,-5.5,1.0,0.0,16.0,0.0,0.5,0.2,-0.64,-0.64,-0.64,-0.64,1.0,0.0,16.0,0.0,0.5,0.2,-2.9,-2.9,-2.9,-2.9,1.0,0.0,16.0,0.0,0.5,0.2,13.2,13.2,13.2,13.2,1.0,0.0,16.0,0.0,0.5,0.2,-74.7,-74.7,-74.7,-74.7,1.0,0.0,16.0,0.0,0.5,0.2,9.1,9.1,9.1,9.1,1.0,0.0,16.0,0.0,0.5,0.2,-51.5,-51.5,-51.5,-51.5,1.0,0.0,16.0,0.0,0.5,0.2,-0.5,-0.5,-0.5,-0.5,1.0,0.0,16.0,0.0,0.5,0.2,2.9,2.9,2.9,2.9,1.0,0.0,16.0,0.0,0.5,0.2,97.5,97.5,97.5,97.5,1.0,0.0,16.0,0.0,0.5,0.2,95.0,95.0,95.0,95.0,1.0,0.0,16.0,0.0,0.5,0.2
1974,2,192.0,-42.0,16.7,16.7,16.7,16.7,1.0,0.0,26.0,0.0,0.7,0.1,16.5,16.5,16.5,16.5,1.0,0.0,26.0,0.0,0.7,0.1,7.51,7.51,7.51,7.51,1.0,0.0,26.0,0.0,0.7,0.1,65.4,65.4,65.4,65.4,1.0,0.0,26.0,0.0,0.1,5.7,5.7,5.7,5.7,1.0,0.0,26.0,0.0,0.7,0.1,-3.66,-3.66,-3.66,-3.66,1.0,0.0,26.0,0.0,0.7,0.1,-4.37,-4.37,-4.37,-4.37,1.0,0.0,26.0,0.0,0.7,0.1,1025.7,1025.7,1025.7,1025.7,1.0,0.0,26.0,0.0,0.7,0.1,8.0,8.0,8.0,8.0,1.0,0.0,26.0,0.0,0.7,0.1,-20.9,-20.9,-20.9,-20.9,1.0,0.0,26.0,0.0,0.7,0.1,-24.9,-24.9,-24.9,-24.9,1.0,0.0,26.0,0.0,0.7,0.1,0.2,0.2,0.2,0.2,1.0,0.0,26.0,0.0,0.7,0.1,1.1,1.1,1.1,1.1,1.0,0.0,26.0,0.0,0.7,0.1,4.15,4.15,4.15,4.15,1.0,0.0,26.0,0.0,0.7,0.1,23.6,23.6,23.6,23.6,1.0,0.0,26.0,0.0,0.7,0.1,-60.5,-60.5,-60.5,-60.5,1.0,0.0,26.0,0.0,0.7,0.1,-72.0,-72.0,-72.0,-72.0,1.0,0.0,26.0,0.0,0.7,0.1,-27.5,-27.5,-27.5,-27.5,1.0,0.0,26.0,0.0,0.7,0.1,-32.8,-32.8,-32.8,-32.8,1.0,0.0,26.0,0.0,0.7,0.1,-15.2,-15.2,-15.2,-15.2,1.0,0.0,26.0,0.0,0.7,0.1,-18.1,-18.1,-18.1,-18.1,1.0,0.0,26.0,0.0,0.7,0.1,185.0,185.0,185.0,185.0,1.0,0.0,26.0,0.0,0.7,0.1,185.0,185.0,185.0,185.0,1.0,0.0,26.0,0.0,0.7,0.1
1974,2,192.0,-39.0,19.9,19.9,19.9,19.9,1.0,0.0,14.0,1.0,0.5,0.4,19.5,19.5,19.5,19.5,1.0,0.0,14.0,1.0,0.5,0.4,12.49,12.49,12.49,12.49,1.0,0.0,14.0,1.0,0.5,0.4,89.9,89.9,89.9,89.9,1.0,0.0,14.0,1.0,0.4,8.2,8.2,8.2,8.2,1.0,0.0,14.0,1.0,0.5,0.4,-6.28,-6.28,-6.28,-6.28,1.0,0.0,14.0,1.0,0.5,0.4,-5.27,-5.27,-5.27,-5.27,1.0,0.0,14.0,1.0,0.5,0.4,1027.1,1027.1,1027.1,1027.1,1.0,0.0,14.0,1.0,0.5,0.4,8.0,8.0,8.0,8.0,1.0,0.0,14.0,1.0,0.5,0.4,-51.5,-51.5,-51.5,-51.5,1.0,0.0,14.0,1.0,0.5,0.4,-43.2,-43.2,-43.2,-43.2,1.0,0.0,14.0,1.0,0.5,0.4,0.4,0.4,0.4,0.4,1.0,0.0,14.0,1.0,0.5,0.4,3.3,3.3,3.3,3.3,1.0,0.0,14.0,1.0,0.5,0.4,1.77,1.77,1.77,1.77,1.0,0.0,14.0,1.0,0.5,0.4,14.5,14.5,14.5,14.5,1.0,0.0,14.0,1.0,0.5,0.4,-122.5,-122.5,-122.5,-122.5,1.0,0.0,14.0,1.0,0.5,0.4,-102.8,-102.8,-102.8,-102.8,1.0,0.0,14.0,1.0,0.5,0.4,-78.4,-78.4,-78.4,-78.4,1.0,0.0,14.0,1.0,0.5,0.4,-65.8,-65.8,-65.8,-65.8,1.0,0.0,14.0,1.0,0.5,0.4,-11.1,-11.1,-11.1,-11.1,1.0,0.0,14.0,1.0,0.5,0.4,-9.3,-9.3,-9.3,-9.3,1.0,0.0,14.0,1.0,0.5,0.4,551.5,551.5,551.5,551.5,1.0,0.0,14.0,1.0,0.5,0.4,550.0,550.0,550.0,550.0,1.0,0.0,14.0,1.0,0.5,0.4
1974,2,192.0,-36.0,20.64,21.15,21.66,21.15,2.0,1.06,16.0,0.5,0.2,0.3,20.66,21.0,21.34,21.0,2.0,0.71,16.0,0.5,0.2,0.3,12.91,13.32,13.72,13.32,2.0,0.84,16.0,0.5,0.2,0.3,86.4,87.0,87.6,87.0,2.0,1.2,16.0,0.5,0.3,2.6,2.6,2.6,2.6,1.0,0.0,14.0,0.0,0.1,0.1,-2.56,-2.56,-2.56,-2.56,1.0,0.0,14.0,0.0,0.1,0.1,0.45,0.45,0.45,0.45,1.0,0.0,14.0,0.0,0.1,0.1,1021.17,1023.7,1026.23,1023.7,2.0,5.23,16.0,0.5,0.2,0.3,4.6,6.0,7.4,6.0,2.0,2.8,16.0,0.5,0.2,0.3,-6.7,-6.7,-6.7,-6.7,1.0,0.0,14.0,0.0,0.1,0.1,1.2,1.2,1.2,1.2,1.0,0.0,14.0,0.0,0.1,0.1,-0.02,0.15,0.32,0.15,2.0,0.35,16.0,0.5,0.2,0.3,-0.3,-0.3,-0.3,-0.3,1.0,0.0,14.0,0.0,0.1,0.1,2.04,2.16,2.28,2.16,2.0,0.26,16.0,0.5,0.2,0.3,5.1,5.1,5.1,5.1,1.0,0.0,14.0,0.0,0.1,0.1,-52.5,-52.5,-52.5,-52.5,1.0,0.0,14.0,0.0,0.1,0.1,9.3,9.3,9.3,9.3,1.0,0.0,14.0,0.0,0.1,0.1,-32.6,-32.6,-32.6,-32.6,1.0,0.0,14.0,0.0,0.1,0.1,5.7,5.7,5.7,5.7,1.0,0.0,14.0,0.0,0.1,0.1,-5.1,-5.1,-5.1,-5.1,1.0,0.0,14.0,0.0,0.1,0.1,0.9,0.9,0.9,0.9,1.0,0.0,14.0,0.0,0.1,0.1,17.5,17.5,17.5,17.5,1.0,0.0,14.0,0.0,0.1,0.1,20.0,20.0,20.0,20.0,1.0,0.0,14.0,0.0,0.1,0.1
1974,2,192.0,-34.0,,,,,,,,,,,,,,,,,,,,,,,,,,,,,,,,,,,,,,,,2.1,2.1,2.1,2.1,1.0,0.0,22.0,1.0,1.0,1.0,-2.1,-2.1,-2.1,-2.1,1.0,0.0,22.0,1.0,1.0,1.0,0.0,0.0,0.0,0.0,1.0,0.0,22.0,1.0,1.0,1.0,1015.1,1015.1,1015.1,1015.1,1.0,0.0,22.0,1.0,1.0,1.0,3.0,3.0,3.0,3.0,1.0,0.0,22.0,1.0,1.0,1.0,-4.4,-4.4,-4.4,-4.4,1.0,0.0,22.0,1.0,1.0,1.0,0.0,0.0,0.0,0.0,1.0,0.0,22.0,1.0,1.0,1.0,,,,,,,,,,,,,,,,,,,,,,,,,,,,,,,,,,,,,,,,,-48.7,-48.7,-48.7,-48.7,1.0,0.0,22.0,1.0,1.0,1.0,0.0,0.0,0.0,0.0,1.0,0.0,22.0,1.0,1.0,1.0,-31.6,-31.6,-31.6,-31.6,1.0,0.0,22.0,1.0,1.0,1.0,0.0,0.0,0.0,0.0,1.0,0.0,22.0,1.0,1.0,1.0,,,,,,,,,,,,,,,,,,,,,,,,,,,,,,,,,,,,,,,,
1974,2,192.0,-28.0,26.45,27.0,27.55,27.0,2.0,1.13,20.0,0.5,0.3,0.6,24.75,25.5,26.25,25.5,2.0,1.56,20.0,0.5,0.3,0.6,15.26,16.07,16.88,16.07,2.0,1.68,20.0,0.5,0.3,0.6,71.9,79.6,87.2,79.6,2.0,15.9,20.0,0.5,0.6,6.69,7.75,8.81,7.75,2.0,2.19,20.0,0.5,0.3,0.6,-8.28,-7.28,-6.29,-7.28,2.0,2.06,20.0,0.5,0.3,0.6,-2.34,-0.53,1.28,-0.53,2.0,3.75,20.0,0.5,0.3,0.6,1009.88,1012.2,1014.52,1012.2,2.0,4.81,20.0,0.5,0.3,0.6,7.2,7.5,7.8,7.5,2.0,0.7,20.0,0.5,0.3,0.6,-74.1,-58.7,-43.3,-58.7,2.0,31.9,20.0,0.5,0.3,0.6,-22.8,-8.2,6.4,-8.2,2.0,30.2,20.0,0.5,0.3,0.6,0.2,1.5,2.8,1.5,2.0,2.69,20.0,0.5,0.3,0.6,2.9,14.6,26.2,14.6,2.0,24.1,20.0,0.5,0.3,0.6,6.13,6.27,6.4,6.27,2.0,0.28,20.0,0.5,0.3,0.6,42.7,48.3,53.9,48.3,2.0,11.6,20.0,0.5,0.3,0.6,-204.0,-184.1,-164.2,-184.1,2.0,41.2,20.0,0.5,0.3,0.6,-56.3,-10.6,35.1,-10.6,2.0,94.8,20.0,0.5,0.3,0.6,-140.6,-118.7,-96.9,-118.7,2.0,45.3,20.0,0.5,0.3,0.6,-41.2,-11.7,17.8,-11.7,2.0,61.1,20.0,0.5,0.3,0.6,-50.6,-45.4,-40.1,-45.4,2.0,10.9,20.0,0.5,0.3,0.6,-14.1,-2.8,8.5,-2.8,2.0,23.4,20.0,0.5,0.3,0.6,328.0,521.5,714.5,521.5,2.0,400.0,20.0,0.5,0.3,0.6,330.0,520.0,715.0,520.0,2.0,400.0,20.0,0.5,0.3,0.6
1974,2,192.0,-26.0,25.24,25.75,26.26,25.75,2.0,1.06,14.0,0.5,0.4,0.7,25.13,25.4,25.67,25.4,2.0,0.57,14.0,0.5,0.4,0.7,13.72,14.63,15.54,14.63,2.0,1.89,14.0,0.5,0.4,0.7,69.1,72.4,75.6,72.4,2.0,6.7,14.0,0.5,0.7,8.11,9.0,9.89,9.0,2.0,1.84,14.0,0.5,0.4,0.7,-9.35,-8.63,-7.92,-8.63,2.0,1.48,14.0,0.5,0.4,0.7,1.68,2.43,3.18,2.43,2.0,1.55,14.0,0.5,0.4,0.7,1013.4,1014.05,1014.7,1014.05,2.0,1.34,14.0,0.5,0.4,0.7,2.0,2.0,2.0,2.0,2.0,0.0,14.0,0.5,0.4,0.7,-93.1,-79.0,-64.9,-79.0,2.0,29.2,14.0,0.5,0.4,0.7,14.4,23.3,32.2,23.3,2.0,18.4,14.0,0.5,0.4,0.7,0.11,0.35,0.59,0.35,2.0,0.49,14.0,0.5,0.4,0.7,0.9,2.7,4.5,2.7,2.0,3.8,14.0,0.5,0.4,0.7,5.8,6.06,6.32,6.06,2.0,0.54,14.0,0.5,0.4,0.7,47.3,55.0,62.8,55.0,2.0,16.0,14.0,0.5,0.4,0.7,-234.6,-218.8,-203.0,-218.8,2.0,32.8,14.0,0.5,0.4,0.7,43.0,61.3,79.6,61.3,2.0,37.9,14.0,0.5,0.4,0.7,-127.4,-124.9,-122.3,-124.9,2.0,5.4,14.0,0.5,0.4,0.7,25.4,34.1,42.8,34.1,2.0,18.0,14.0,0.5,0.4,0.7,-59.3,-52.7,-46.1,-52.7,2.0,13.7,14.0,0.5,0.4,0.7,10.0,15.1,20.3,15.1,2.0,10.7,14.0,0.5,0.4,0.7,557.5,774.5,992.0,774.5,2.0,450.0,14.0,0.5,0.4,0.7,555.0,775.0,990.0,775.0,2.0,450.0,14.0,0.5,0.4,0.7
1974,2,192.0,-24.0,28.0,28.0,28.0,28.0,2.0,0.0,28.0,0.5,0.5,0.6,27.16,27.5,27.84,27.5,2.0,0.71,28.0,0.5,0.5,0.6,18.56,18.63,18.71,18.63,2.0,0.15,28.0,0.5,0.5,0.6,79.3,81.3,83.3,81.3,2.0,4.1,28.0,0.5,0.6,1.25,1.8,2.35,1.8,2.0,1.13,28.0,0.5,0.5,0.6,0.07,0.23,0.38,0.23,2.0,0.32,28.0,0.5,0.5,0.6,-2.31,-1.78,-1.25,-1.78,2.0,1.1,28.0,0.5,0.5,0.6,1011.68,1011.85,1012.02,1011.85,2.0,0.35,28.0,0.5,0.5,0.6,2.6,4.0,5.4,4.0,2.0,2.8,28.0,0.5,0.5,0.6,0.2,0.6,1.0,0.6,2.0,0.8,28.0,0.5,0.5,0.6,-5.8,-3.8,-1.9,-3.8,2.0,4.0,28.0,0.5,0.5,0.6,0.16,0.5,0.84,0.5,2.0,0.71,28.0,0.5,0.5,0.6,0.4,1.3,2.2,1.3,2.0,1.8,28.0,0.5,0.5,0.6,4.98,5.06,5.13,5.06,2.0,0.16,28.0,0.5,0.5,0.6,6.4,9.0,11.6,9.0,2.0,5.4,28.0,0.5,0.5,0.6,1.9,6.1,10.3,6.1,2.0,8.6,28.0,0.5,0.5,0.6,-62.6,-48.6,-34.5,-48.6,2.0,29.1,28.0,0.5,0.5,0.6,1.3,4.2,7.1,4.2,2.0,6.0,28.0,0.5,0.5,0.6,-43.3,-33.3,-23.2,-33.3,2.0,20.8,28.0,0.5,0.5,0.6,0.4,1.1,1.9,1.1,2.0,1.6,28.0,0.5,0.5,0.6,-11.5,-8.9,-6.4,-8.9,2.0,5.3,28.0,0.5,0.5,0.6,3.5,9.5,15.0,9.5,2.0,11.5,28.0,0.5,0.5,0.6,5.0,10.0,15.0,10.0,2.0,10.0,28.0,0.5,0.5,0.6
1974,2,192.0,-23.0,27.12,27.15,27.18,27.15,2.0,0.07,18.0,0.5,0.5,0.6,26.72,26.75,26.78,26.75,2.0,0.07,18.0,0.5,0.5,0.6,17.41,17.91,18.41,17.91,2.0,1.03,18.0,0.5,0.5,0.6,79.4,81.7,84.1,81.7,2.0,4.9,18.0,0.5,0.6,6.28,6.45,6.62,6.45,2.0,0.35,18.0,0.5,0.5,0.6,-5.82,-5.21,-4.59,-5.21,2.0,1.27,18.0,0.5,0.5,0.6,-4.15,-2.03,0.09,-2.03,2.0,4.39,18.0,0.5,0.5,0.6,1011.85,1012.6,1013.35,1012.6,2.0,1.56,18.0,0.5,0.5,0.6,3.0,5.0,7.0,5.0,2.0,4.2,18.0,0.5,0.5,0.6,-36.4,-33.4,-30.3,-33.4,2.0,6.4,18.0,0.5,0.5,0.6,-27.9,-13.9,0.2,-13.9,2.0,29.0,18.0,0.5,0.5,0.6,0.4,0.4,0.4,0.4,2.0,0.0,18.0,0.5,0.5,0.6,2.5,2.6,2.6,2.6,2.0,0.1,18.0,0.5,0.5,0.6,4.07,4.6,5.13,4.6,2.0,1.09,18.0,0.5,0.5,0.6,26.8,29.5,32.1,29.5,2.0,5.4,18.0,0.5,0.5,0.6,-155.9,-139.3,-122.7,-139.3,2.0,34.4,18.0,0.5,0.5,0.6,-110.7,-54.1,2.5,-54.1,2.0,117.3,18.0,0.5,0.5,0.6,-101.0,-92.6,-84.2,-92.6,2.0,17.4,18.0,0.5,0.5,0.6,-77.6,-38.6,0.4,-38.6,2.0,80.7,18.0,0.5,0.5,0.6,-30.2,-24.6,-19.1,-24.6,2.0,11.5,18.0,0.5,0.5,0.6,-15.6,-6.9,1.7,-6.9,2.0,18.0,18.0,0.5,0.5,0.6,248.0,269.5,291.0,269.5,2.0,44.0,18.0,0.5,0.5,0.6,250.0,270.0,290.0,270.0,2.0,45.0,18.0,0.5,0.5,0.6
1974,2,192.0,-19.0,27.0,27.0,28.37,27.67,3.0,1.15,10.0,1.0,0.7,0.6,25.89,26.5,27.52,26.7,3.0,1.21,10.0,1.0,0.7,0.6,17.18,17.66,17.74,17.46,3.0,0.44,10.0,1.0,0.7,0.6,75.1,81.6,85.0,80.1,3.0,7.4,10.0,1.0,0.6,5.1,5.1,7.22,6.13,3.0,1.79,10.0,1.0,0.7,0.6,-3.3,-0.89,-0.28,-1.77,3.0,2.34,10.0,1.0,0.7,0.6,-7.19,-5.02,-3.33,-5.26,3.0,2.83,10.0,1.0,0.7,0.6,1010.46,1010.6,1013.26,1011.83,3.0,2.31,10.0,1.0,0.7,0.6,4.0,6.0,7.4,5.7,3.0,2.5,10.0,1.0,0.7,0.6,-16.8,-4.5,-1.4,-9.0,3.0,11.9,10.0,1.0,0.7,0.6,-54.0,-25.6,-17.0,-35.3,3.0,28.4,10.0,1.0,0.7,0.6,0.66,1.0,1.27,0.97,3.0,0.45,10.0,1.0,0.7,0.6,3.4,5.1,9.5,6.4,3.0,4.6,10.0,1.0,0.7,0.6,4.62,4.69,7.02,5.79,3.0,2.0,10.0,1.0,0.7,0.6,28.3,37.6,40.2,34.3,3.0,9.2,10.0,1.0,0.7,0.6,-87.8,-24.8,-7.9,-47.3,3.0,61.7,10.0,1.0,0.7,0.6,-187.9,-140.6,-90.8,-139.4,3.0,71.2,10.0,1.0,0.7,0.6,-58.0,-15.0,-4.8,-31.0,3.0,41.4,10.0,1.0,0.7,0.6,-126.5,-85.2,-57.8,-92.0,3.0,50.7,10.0,1.0,0.7,0.6,-16.4,-7.2,-2.3,-9.3,3.0,10.5,10.0,1.0,0.7,0.6,-39.7,-37.6,-20.1,-30.1,3.0,15.8,10.0,1.0,0.7,0.6,132.5,132.5,418.5,272.0,3.0,241.5,10.0,1.0,0.7,0.6,135.0,135.0,420.0,270.0,3.0,240.0,10.0,1.0,0.7,0.6
1974,2,192.0,-18.0,30.0,30.0,30.0,30.0,1.0,0.0,24.0,1.0,0.6,0.9,26.5,26.5,26.5,26.5,1.0,0.0,24.0,1.0,0.6,0.9,18.01,18.01,18.01,18.01,1.0,0.0,24.0,1.0,0.6,0.9,83.1,83.1,83.1,83.1,1.0,0.0,24.0,1.0,0.9,3.6,3.6,3.6,3.6,1.0,0.0,24.0,1.0,0.6,0.9,0.0,0.0,0.0,0.0,1.0,0.0,24.0,1.0,0.6,0.9,-3.6,-3.6,-3.6,-3.6,1.0,0.0,24.0,1.0,0.6,0.9,1009.3,1009.3,1009.3,1009.3,1.0,0.0,24.0,1.0,0.6,0.9,8.0,8.0,8.0,8.0,1.0,0.0,24.0,1.0,0.6,0.9,0.0,0.0,0.0,0.0,1.0,0.0,24.0,1.0,0.6,0.9,-13.0,-13.0,-13.0,-13.0,1.0,0.0,24.0,1.0,0.6,0.9,3.5,3.5,3.5,3.5,1.0,0.0,24.0,1.0,0.6,0.9,12.6,12.6,12.6,12.6,1.0,0.0,24.0,1.0,0.6,0.9,8.71,8.71,8.71,8.71,1.0,0.0,24.0,1.0,0.6,0.9,31.3,31.3,31.3,31.3,1.0,0.0,24.0,1.0,0.6,0.9,0.0,0.0,0.0,0.0,1.0,0.0,24.0,1.0,0.6,0.9,-95.4,-95.4,-95.4,-95.4,1.0,0.0,24.0,1.0,0.6,0.9,0.0,0.0,0.0,0.0,1.0,0.0,24.0,1.0,0.6,0.9,-64.8,-64.8,-64.8,-64.8,1.0,0.0,24.0,1.0,0.6,0.9,0.0,0.0,0.0,0.0,1.0,0.0,24.0,1.0,0.6,0.9,-31.3,-31.3,-31.3,-31.3,1.0,0.0,24.0,1.0,0.6,0.9,46.5,46.5,46.5,46.5,1.0,0.0,24.0,1.0,0.6,0.9,45.0,45.0,45.0,45.0,1.0,0.0,24.0,1.0,0.6,0.9
1974,2,192.0,-17.0,27.5,27.5,27.5,27.5,1.0,0.0,28.0,0.0,0.2,0.3,28.0,28.0,28.0,28.0,1.0,0.0,28.0,0.0,0.2,0.3,18.34,18.34,18.34,18.34,1.0,0.0,28.0,0.0,0.2,0.3,77.5,77.5,77.5,77.5,1.0,0.0,28.0,0.0,0.3,4.6,4.6,4.6,4.6,1.0,0.0,28.0,0.0,0.2,0.3,-3.98,-3.98,-3.98,-3.98,1.0,0.0,28.0,0.0,0.2,0.3,-2.3,-2.3,-2.3,-2.3,1.0,0.0,28.0,0.0,0.2,0.3,1009.2,1009.2,1009.2,1009.2,1.0,0.0,28.0,0.0,0.2,0.3,4.0,4.0,4.0,4.0,1.0,0.0,28.0,0.0,0.2,0.3,-18.3,-18.3,-18.3,-18.3,1.0,0.0,28.0,0.0,0.2,0.3,-10.6,-10.6,-10.6,-10.6,1.0,0.0,28.0,0.0,0.2,0.3,-0.5,-0.5,-0.5,-0.5,1.0,0.0,28.0,0.0,0.2,0.3,-2.3,-2.3,-2.3,-2.3,1.0,0.0,28.0,0.0,0.2,0.3,4.71,4.71,4.71,4.71,1.0,0.0,28.0,0.0,0.2,0.3,21.7,21.7,21.7,21.7,1.0,0.0,28.0,0.0,0.2,0.3,-111.5,-111.5,-111.5,-111.5,1.0,0.0,28.0,0.0,0.2,0.3,-64.4,-64.4,-64.4,-64.4,1.0,0.0,28.0,0.0,0.2,0.3,-73.1,-73.1,-73.1,-73.1,1.0,0.0,28.0,0.0,0.2,0.3,-42.2,-42.2,-42.2,-42.2,1.0,0.0,28.0,0.0,0.2,0.3,-18.8,-18.8,-18.8,-18.8,1.0,0.0,28.0,0.0,0.2,0.3,-10.8,-10.8,-10.8,-10.8,1.0,0.0,28.0,0.0,0.2,0.3,97.5,97.5,97.5,97.5,1.0,0.0,28.0,0.0,0.2,0.3,95.0,95.0,95.0,95.0,1.0,0.0,28.0,0.0,0.2,0.3
1974,2,192.0,-16.0,,,,,,,,,,,,,,,,,,,,,,,,,,,,,,,,,,,,,,,,2.6,2.6,2.6,2.6,1.0,0.0,2.0,0.0,0.7,0.3,-1.99,-1.99,-1.99,-1.99,1.0,0.0,2.0,0.0,0.7,0.3,-1.67,-1.67,-1.67,-1.67,1.0,0.0,2.0,0.0,0.7,0.3,1011.0,1011.0,1011.0,1011.0,1.0,0.0,2.0,0.0,0.7,0.3,8.0,8.0,8.0,8.0,1.0,0.0,2.0,0.0,0.7,0.3,-5.2,-5.2,-5.2,-5.2,1.0,0.0,2.0,0.0,0.7,0.3,-4.3,-4.3,-4.3,-4.3,1.0,0.0,2.0,0.0,0.7,0.3,,,,,,,,,,,,,,,,,,,,,,,,,,,,,,,,,,,,,,,,,-55.8,-55.8,-55.8,-55.8,1.0,0.0,2.0,0.0,0.7,0.3,-46.8,-46.8,-46.8,-46.8,1.0,0.0,2.0,0.0,0.7,0.3,-40.2,-40.2,-40.2,-40.2,1.0,0.0,2.0,0.0,0.7,0.3,-33.7,-33.7,-33.7,-33.7,1.0,0.0,2.0,0.0,0.7,0.3,,,,,,,,,,,,,,,,,,,,,,,,,,,,,,,,,,,,,,,,
1974,2,192.0,-15.0,27.22,27.9,28.58,27.9,2.0,1.41,6.0,0.5,0.9,0.1,26.81,27.05,27.29,27.05,2.0,0.49,6.0,0.5,0.9,0.1,17.86,18.29,18.72,18.29,2.0,0.89,6.0,0.5,0.9,0.1,78.8,81.8,84.8,81.8,2.0,6.2,6.0,0.5,0.1,4.01,4.9,5.79,4.9,2.0,1.84,6.0,0.5,0.9,0.1,-5.02,-2.48,0.05,-2.48,2.0,5.25,6.0,0.5,0.9,0.1,-2.85,-1.69,-0.54,-1.69,2.0,2.39,6.0,0.5,0.9,0.1,1009.07,1009.65,1010.23,1009.65,2.0,1.2,6.0,0.5,0.9,0.1,4.3,5.0,5.7,5.0,2.0,1.4,6.0,0.5,0.9,0.1,-31.6,-17.0,-2.4,-17.0,2.0,30.3,6.0,0.5,0.9,0.1,-10.2,-6.1,-1.9,-6.1,2.0,8.6,6.0,0.5,0.9,0.1,0.41,0.85,1.29,0.85,2.0,0.92,6.0,0.5,0.9,0.1,2.1,5.0,7.9,5.0,2.0,6.1,6.0,0.5,0.9,0.1,3.98,5.35,6.72,5.35,2.0,2.84,6.0,0.5,0.9,0.1,17.4,28.8,40.3,28.8,2.0,23.7,6.0,0.5,0.9,0.1,-137.7,-68.5,0.7,-68.5,2.0,143.4,6.0,0.5,0.9,0.1,-76.0,-45.2,-14.3,-45.2,2.0,63.9,6.0,0.5,0.9,0.1,-88.4,-43.1,2.2,-43.1,2.0,93.9,6.0,0.5,0.9,0.1,-53.8,-32.0,-10.2,-32.0,2.0,45.3,6.0,0.5,0.9,0.1,-37.7,-20.7,-3.8,-20.7,2.0,35.2,6.0,0.5,0.9,0.1,-9.5,-5.6,-1.8,-5.6,2.0,8.0,6.0,0.5,0.9,0.1,77.0,142.5,208.0,142.5,2.0,135.5,6.0,0.5,0.9,0.1,75.0,140.0,210.0,140.0,2.0,135.0,6.0,0.5,0.9,0.1
1974,2,192.0,-12.0,28.4,28.4,28.4,28.4,1.0,0.0,24.0,0.0,0.4,0.3,27.16,27.5,27.84,27.5,2.0,0.71,12.0,0.5,0.5,0.3,18.26,19.81,21.36,19.81,2.0,3.21,12.0,0.5,0.5,0.3,80.7,85.7,90.8,85.7,2.0,10.6,12.0,0.5,0.3,4.93,5.65,6.37,5.65,2.0,1.48,12.0,0.5,0.5,0.3,-6.11,-5.06,-4.01,-5.06,2.0,2.17,12.0,0.5,0.5,0.3,-2.67,-2.06,-1.45,-2.06,2.0,1.27,12.0,0.5,0.5,0.3,1006.37,1008.25,1010.13,1008.25,2.0,3.89,12.0,0.5,0.5,0.3,3.5,4.5,5.5,4.5,2.0,2.1,12.0,0.5,0.5,0.3,-39.8,-30.2,-20.7,-30.2,2.0,19.8,12.0,0.5,0.5,0.3,-12.7,-10.7,-8.7,-10.7,2.0,4.1,12.0,0.5,0.5,0.3,1.4,1.4,1.4,1.4,1.0,0.0,24.0,0.0,0.4,0.3,6.4,6.4,6.4,6.4,1.0,0.0,24.0,0.0,0.4,0.3,6.88,6.88,6.88,6.88,1.0,0.0,24.0,0.0,0.4,0.3,31.6,31.6,31.6,31.6,1.0,0.0,24.0,0.0,0.4,0.3,-170.5,-139.9,-109.4,-139.9,2.0,63.4,12.0,0.5,0.5,0.3,-72.3,-56.2,-40.1,-56.2,2.0,33.4,12.0,0.5,0.5,0.3,-132.4,-103.7,-75.1,-103.7,2.0,59.3,12.0,0.5,0.5,0.3,-47.7,-38.8,-29.8,-38.8,2.0,18.5,12.0,0.5,0.5,0.3,-24.2,-24.2,-24.2,-24.2,1.0,0.0,24.0,0.0,0.4,0.3,-20.3,-20.3,-20.3,-20.3,1.0,0.0,24.0,0.0,0.4,0.3,129.5,199.0,268.5,199.0,2.0,144.0,12.0,0.5,0.5,0.3,130.0,200.0,270.0,200.0,2.0,145.0,12.0,0.5,0.5,0.3
1974,2,192.0,-11.0,28.13,28.2,28.27,28.2,2.0,0.14,18.0,1.0,1.0,0.5,26.21,26.65,27.09,26.65,2.0,0.92,18.0,1.0,1.0,0.5,17.96,18.0,18.04,18.0,2.0,0.08,18.0,1.0,1.0,0.5,80.2,82.2,84.2,82.2,2.0,4.1,18.0,1.0,0.5,4.01,4.9,5.79,4.9,2.0,1.84,18.0,1.0,1.0,0.5,-5.46,-4.69,-3.91,-4.69,2.0,1.61,18.0,1.0,1.0,0.5,-1.68,-0.75,0.19,-0.75,2.0,1.94,18.0,1.0,1.0,0.5,1006.58,1006.75,1006.92,1006.75,2.0,0.35,18.0,1.0,1.0,0.5,6.0,6.0,6.0,6.0,2.0,0.0,18.0,1.0,1.0,0.5,-32.4,-24.4,-16.5,-24.4,2.0,16.5,18.0,1.0,1.0,0.5,-10.7,-5.4,-0.2,-5.4,2.0,10.9,18.0,1.0,1.0,0.5,1.04,1.55,2.06,1.55,2.0,1.06,18.0,1.0,1.0,0.5,4.7,8.6,12.5,8.6,2.0,8.0,18.0,1.0,1.0,0.5,5.96,6.09,6.23,6.09,2.0,0.28,18.0,1.0,1.0,0.5,24.1,30.1,36.2,30.1,2.0,12.6,18.0,1.0,1.0,0.5,-142.8,-124.1,-105.5,-124.1,2.0,38.7,18.0,1.0,1.0,0.5,-43.7,-19.0,5.6,-19.0,2.0,51.1,18.0,1.0,1.0,0.5,-98.1,-84.3,-70.5,-84.3,2.0,28.6,18.0,1.0,1.0,0.5,-30.2,-13.4,3.5,-13.4,2.0,34.9,18.0,1.0,1.0,0.5,-34.2,-28.8,-23.4,-28.8,2.0,11.1,18.0,1.0,1.0,0.5,-10.6,-4.8,1.0,-4.8,2.0,12.0,18.0,1.0,1.0,0.5,77.0,142.5,208.0,142.5,2.0,135.5,18.0,1.0,1.0,0.5,75.0,140.0,210.0,140.0,2.0,135.0,18.0,1.0,1.0,0.5
1974,2,192.0,-9.0,,,,,,,,,,,,,,,,,,,,,,,,,,,,,,,,,,,,,,,,8.2,8.2,8.2,8.2,1.0,0.0,26.0,1.0,0.8,0.8,-7.71,-7.71,-7.71,-7.71,1.0,0.0,26.0,1.0,0.8,0.8,-2.8,-2.8,-2.8,-2.8,1.0,0.0,26.0,1.0,0.8,0.8,1003.7,1003.7,1003.7,1003.7,1.0,0.0,26.0,1.0,0.8,0.8,6.0,6.0,6.0,6.0,1.0,0.0,26.0,1.0,0.8,0.8,-63.2,-63.2,-63.2,-63.2,1.0,0.0,26.0,1.0,0.8,0.8,-23.0,-23.0,-23.0,-23.0,1.0,0.0,26.0,1.0,0.8,0.8,,,,,,,,,,,,,,,,,,,,,,,,,,,,,,,,,,,,,,,,,-218.1,-218.1,-218.1,-218.1,1.0,0.0,26.0,1.0,0.8,0.8,-79.4,-79.4,-79.4,-79.4,1.0,0.0,26.0,1.0,0.8,0.8,-143.0,-143.0,-143.0,-143.0,1.0,0.0,26.0,1.0,0.8,0.8,-52.0,-52.0,-52.0,-52.0,1.0,0.0,26.0,1.0,0.8,0.8,,,,,,,,,,,,,,,,,,,,,,,,,,,,,,,,,,,,,,,,
1974,2,192.0,-7.0,27.11,28.0,28.2,27.67,3.0,0.85,14.0,0.0,0.3,0.6,26.3,26.5,26.64,26.47,3.0,0.25,14.0,0.0,0.3,0.6,16.24,16.43,17.98,17.09,3.0,1.4,14.0,0.0,0.3,0.6,75.4,77.2,82.6,79.0,3.0,5.5,14.0,0.0,0.6,3.74,6.2,6.54,5.17,3.0,2.24,14.0,0.0,0.3,0.6,-5.56,-3.99,-2.62,-4.09,3.0,2.15,14.0,0.0,0.3,0.6,-3.97,-2.29,-1.87,-2.9,3.0,1.63,14.0,0.0,0.3,0.6,1007.82,1008.3,1008.71,1008.27,3.0,0.65,14.0,0.0,0.3,0.6,2.3,5.0,5.7,4.0,3.0,2.6,14.0,0.0,0.3,0.6,-36.6,-24.7,-11.4,-24.0,3.0,18.5,14.0,0.0,0.3,0.6,-25.0,-15.4,-7.8,-16.4,3.0,12.6,14.0,0.0,0.3,0.6,0.82,1.5,1.57,1.2,3.0,0.61,14.0,0.0,0.3,0.6,3.5,3.9,8.0,5.7,3.0,3.6,14.0,0.0,0.3,0.6,5.52,5.56,6.98,6.23,3.0,1.22,14.0,0.0,0.3,0.6,24.4,34.1,36.3,30.4,3.0,9.3,14.0,0.0,0.3,0.6,-146.4,-106.4,-69.8,-108.0,3.0,56.1,14.0,0.0,0.3,0.6,-105.6,-60.0,-49.3,-77.0,3.0,43.8,14.0,0.0,0.3,0.6,-94.3,-74.5,-45.6,-70.0,3.0,35.9,14.0,0.0,0.3,0.6,-72.6,-37.7,-30.4,-51.2,3.0,33.0,14.0,0.0,0.3,0.6,-30.9,-21.9,-17.3,-24.0,3.0,10.1,14.0,0.0,0.3,0.6,-21.9,-12.8,-12.7,-17.2,3.0,7.7,14.0,0.0,0.3,0.6,87.5,238.5,281.0,185.5,3.0,149.0,14.0,0.0,0.3,0.6,90.0,240.0,280.0,185.0,3.0,150.0,14.0,0.0,0.3,0.6
1974,2,192.0,-6.0,28.0,28.0,28.0,28.0,1.0,0.0,10.0,0.0,0.8,1.0,25.1,25.1,25.1,25.1,1.0,0.0,10.0,0.0,0.8,1.0,16.25,16.25,16.25,16.25,1.0,0.0,10.0,0.0,0.8,1.0,81.4,81.4,81.4,81.4,1.0,0.0,10.0,0.0,1.0,2.6,2.6,2.6,2.6,1.0,0.0,10.0,0.0,0.8,1.0,-1.67,-1.67,-1.67,-1.67,1.0,0.0,10.0,0.0,0.8,1.0,-1.99,-1.99,-1.99,-1.99,1.0,0.0,10.0,0.0,0.8,1.0,1008.0,1008.0,1008.0,1008.0,1.0,0.0,10.0,0.0,0.8,1.0,,,,,,,,,,,,,,,,,,,,,,,,,,,,,,,2.9,2.9,2.9,2.9,1.0,0.0,10.0,0.0,0.8,1.0,7.5,7.5,7.5,7.5,1.0,0.0,10.0,0.0,0.8,1.0,7.54,7.54,7.54,7.54,1.0,0.0,10.0,0.0,0.8,1.0,19.6,19.6,19.6,19.6,1.0,0.0,10.0,0.0,0.8,1.0,-41.9,-41.9,-41.9,-41.9,1.0,0.0,10.0,0.0,0.8,1.0,-50.0,-50.0,-50.0,-50.0,1.0,0.0,10.0,0.0,0.8,1.0,-27.1,-27.1,-27.1,-27.1,1.0,0.0,10.0,0.0,0.8,1.0,-32.4,-32.4,-32.4,-32.4,1.0,0.0,10.0,0.0,0.8,1.0,-12.6,-12.6,-12.6,-12.6,1.0,0.0,10.0,0.0,0.8,1.0,-15.0,-15.0,-15.0,-15.0,1.0,0.0,10.0,0.0,0.8,1.0,17.5,17.5,17.5,17.5,1.0,0.0,10.0,0.0,0.8,1.0,20.0,20.0,20.0,20.0,1.0,0.0,10.0,0.0,0.8,1.0
1974,2,192.0,-5.0,28.9,28.9,28.9,28.9,1.0,0.0,12.0,0.0,0.9,0.8,26.1,26.1,26.1,26.1,1.0,0.0,12.0,0.0,0.9,0.8,18.46,18.46,18.46,18.46,1.0,0.0,12.0,0.0,0.9,0.8,87.2,87.2,87.2,87.2,1.0,0.0,12.0,0.0,0.8,5.1,5.1,5.1,5.1,1.0,0.0,12.0,0.0,0.9,0.8,-3.91,-3.91,-3.91,-3.91,1.0,0.0,12.0,0.0,0.9,0.8,-3.28,-3.28,-3.28,-3.28,1.0,0.0,12.0,0.0,0.9,0.8,1009.1,1009.1,1009.1,1009.1,1.0,0.0,12.0,0.0,0.9,0.8,,,,,,,,,,,,,,,,,,,,,,,,,,,,,,,2.8,2.8,2.8,2.8,1.0,0.0,12.0,0.0,0.9,0.8,14.3,14.3,14.3,14.3,1.0,0.0,12.0,0.0,0.9,0.8,6.59,6.59,6.59,6.59,1.0,0.0,12.0,0.0,0.9,0.8,33.6,33.6,33.6,33.6,1.0,0.0,12.0,0.0,0.9,0.8,-102.0,-102.0,-102.0,-102.0,1.0,0.0,12.0,0.0,0.9,0.8,-85.6,-85.6,-85.6,-85.6,1.0,0.0,12.0,0.0,0.9,0.8,-72.1,-72.1,-72.1,-72.1,1.0,0.0,12.0,0.0,0.9,0.8,-60.5,-60.5,-60.5,-60.5,1.0,0.0,12.0,0.0,0.9,0.8,-25.8,-25.8,-25.8,-25.8,1.0,0.0,12.0,0.0,0.9,0.8,-21.6,-21.6,-21.6,-21.6,1.0,0.0,12.0,0.0,0.9,0.8,132.5,132.5,132.5,132.5,1.0,0.0,12.0,0.0,0.9,0.8,135.0,135.0,135.0,135.0,1.0,0.0,12.0,0.0,0.9,0.8
1974,2,192.0,-3.0,25.7,27.0,27.68,26.7,3.0,1.47,18.0,1.0,0.5,0.8,24.83,24.9,26.33,25.57,3.0,1.24,18.0,1.0,0.5,0.8,15.95,16.63,17.31,16.63,2.0,1.41,16.0,1.0,0.4,0.8,78.9,79.1,79.3,79.1,2.0,0.5,16.0,1.0,0.8,6.11,7.0,10.28,8.17,3.0,3.21,18.0,1.0,0.5,0.8,-10.02,-6.58,-5.46,-7.71,3.0,3.48,18.0,1.0,0.5,0.8,-2.71,-2.39,-2.16,-2.43,3.0,0.4,18.0,1.0,0.5,0.8,1005.54,1006.5,1008.41,1006.97,3.0,2.14,18.0,1.0,0.5,0.8,1.6,3.0,3.0,2.3,3.0,1.2,18.0,1.0,0.5,0.8,-108.2,-46.0,-33.8,-70.4,3.0,58.4,18.0,1.0,0.5,0.8,-21.8,-16.8,-16.4,-19.1,3.0,4.4,18.0,1.0,0.5,0.8,0.06,0.2,2.25,1.13,3.0,1.79,18.0,1.0,0.5,0.8,0.4,1.1,15.7,7.8,3.0,12.6,18.0,1.0,0.5,0.8,4.41,4.58,4.74,4.58,2.0,0.34,16.0,1.0,0.4,0.8,29.8,40.8,51.8,40.8,2.0,22.7,16.0,1.0,0.4,0.8,-265.9,-163.1,-135.7,-199.9,3.0,100.6,18.0,1.0,0.5,0.8,-67.3,-59.4,-56.6,-61.9,3.0,8.1,18.0,1.0,0.5,0.8,-184.5,-141.0,-97.4,-141.0,2.0,90.3,16.0,1.0,0.4,0.8,-43.2,-40.3,-37.5,-40.3,2.0,6.0,16.0,1.0,0.4,0.8,-50.5,-38.7,-26.9,-38.7,2.0,24.5,16.0,1.0,0.4,0.8,-12.0,-11.1,-10.3,-11.1,2.0,1.8,16.0,1.0,0.4,0.8,235.5,343.0,1230.5,723.5,3.0,800.0,18.0,1.0,0.5,0.8,235.0,345.0,1230.0,725.0,3.0,800.0,18.0,1.0,0.5,0.8
1974,2,192.0,-2.0,26.1,26.1,26.1,26.1,1.0,0.0,18.0,0.0,0.8,0.5,25.6,25.6,25.6,25.6,1.0,0.0,18.0,0.0,0.8,0.5,17.88,17.88,17.88,17.88,1.0,0.0,18.0,0.0,0.8,0.5,87.1,87.1,87.1,87.1,1.0,0.0,18.0,0.0,0.5,7.7,7.7,7.7,7.7,1.0,0.0,18.0,0.0,0.8,0.5,-7.7,-7.7,-7.7,-7.7,1.0,0.0,18.0,0.0,0.8,0.5,0.0,0.0,0.0,0.0,1.0,0.0,18.0,0.0,0.8,0.5,1010.2,1010.2,1010.2,1010.2,1.0,0.0,18.0,0.0,0.8,0.5,1.0,1.0,1.0,1.0,1.0,0.0,18.0,0.0,0.8,0.5,-59.3,-59.3,-59.3,-59.3,1.0,0.0,18.0,0.0,0.8,0.5,0.0,0.0,0.0,0.0,1.0,0.0,18.0,0.0,0.8,0.5,0.5,0.5,0.5,0.5,1.0,0.0,18.0,0.0,0.8,0.5,3.9,3.9,3.9,3.9,1.0,0.0,18.0,0.0,0.8,0.5,3.3,3.3,3.3,3.3,1.0,0.0,18.0,0.0,0.8,0.5,25.4,25.4,25.4,25.4,1.0,0.0,18.0,0.0,0.8,0.5,-197.1,-197.1,-197.1,-197.1,1.0,0.0,18.0,0.0,0.8,0.5,0.0,0.0,0.0,0.0,1.0,0.0,18.0,0.0,0.8,0.5,-137.7,-137.7,-137.7,-137.7,1.0,0.0,18.0,0.0,0.8,0.5,0.0,0.0,0.0,0.0,1.0,0.0,18.0,0.0,0.8,0.5,-25.4,-25.4,-25.4,-25.4,1.0,0.0,18.0,0.0,0.8,0.5,0.0,0.0,0.0,0.0,1.0,0.0,18.0,0.0,0.8,0.5,456.5,456.5,456.5,456.5,1.0,0.0,18.0,0.0,0.8,0.5,455.0,455.0,455.0,455.0,1.0,0.0,18.0,0.0,0.8,0.5
1974,2,192.0,1.0,25.8,25.8,25.8,25.8,2.0,0.0,18.0,0.0,0.2,0.6,27.0,27.0,27.0,27.0,1.0,0.0,18.0,0.0,0.2,0.6,17.57,17.57,17.57,17.57,1.0,0.0,18.0,0.0,0.2,0.6,78.8,78.8,78.8,78.8,1.0,0.0,18.0,0.0,0.6,6.7,6.7,6.7,6.7,1.0,0.0,18.0,0.0,0.2,0.6,-6.6,-6.6,-6.6,-6.6,1.0,0.0,18.0,0.0,0.2,0.6,1.16,1.16,1.16,1.16,1.0,0.0,18.0,0.0,0.2,0.6,1009.8,1009.8,1009.8,1009.8,1.0,0.0,18.0,0.0,0.2,0.6,0.0,0.0,0.0,0.0,1.0,0.0,18.0,0.0,0.2,0.6,-44.2,-44.2,-44.2,-44.2,1.0,0.0,18.0,0.0,0.2,0.6,7.8,7.8,7.8,7.8,1.0,0.0,18.0,0.0,0.2,0.6,-1.2,-1.2,-1.2,-1.2,1.0,0.0,18.0,0.0,0.2,0.6,-8.0,-8.0,-8.0,-8.0,1.0,0.0,18.0,0.0,0.2,0.6,3.25,3.25,3.25,3.25,1.0,0.0,18.0,0.0,0.2,0.6,21.8,21.8,21.8,21.8,1.0,0.0,18.0,0.0,0.2,0.6,-178.2,-178.2,-178.2,-178.2,1.0,0.0,18.0,0.0,0.2,0.6,31.4,31.4,31.4,31.4,1.0,0.0,18.0,0.0,0.2,0.6,-115.9,-115.9,-115.9,-115.9,1.0,0.0,18.0,0.0,0.2,0.6,20.4,20.4,20.4,20.4,1.0,0.0,18.0,0.0,0.2,0.6,-21.5,-21.5,-21.5,-21.5,1.0,0.0,18.0,0.0,0.2,0.6,3.8,3.8,3.8,3.8,1.0,0.0,18.0,0.0,0.2,0.6,301.0,301.0,301.0,301.0,1.0,0.0,18.0,0.0,0.2,0.6,300.0,300.0,300.0,300.0,1.0,0.0,18.0,0.0,0.2,0.6
1974,2,192.0,2.0,26.1,26.1,26.1,26.1,4.0,0.0,16.0,0.3,0.6,0.6,26.6,26.6,26.6,26.6,1.0,0.0,18.0,0.0,0.6,0.6,14.52,14.52,14.52,14.52,1.0,0.0,18.0,0.0,0.6,0.6,66.7,66.7,66.7,66.7,1.0,0.0,18.0,0.0,0.6,5.7,5.7,5.7,5.7,1.0,0.0,18.0,0.0,0.6,0.6,-5.61,-5.61,-5.61,-5.61,1.0,0.0,18.0,0.0,0.6,0.6,0.99,0.99,0.99,0.99,1.0,0.0,18.0,0.0,0.6,0.6,1008.1,1008.1,1008.1,1008.1,1.0,0.0,18.0,0.0,0.6,0.6,1.0,1.0,1.0,1.0,1.0,0.0,18.0,0.0,0.6,0.6,-32.0,-32.0,-32.0,-32.0,1.0,0.0,18.0,0.0,0.6,0.6,5.6,5.6,5.6,5.6,1.0,0.0,18.0,0.0,0.6,0.6,-0.5,-0.5,-0.5,-0.5,1.0,0.0,18.0,0.0,0.6,0.6,-2.8,-2.8,-2.8,-2.8,1.0,0.0,18.0,0.0,0.6,0.6,6.71,6.71,6.71,6.71,1.0,0.0,18.0,0.0,0.6,0.6,38.2,38.2,38.2,38.2,1.0,0.0,18.0,0.0,0.6,0.6,-149.3,-149.3,-149.3,-149.3,1.0,0.0,18.0,0.0,0.6,0.6,26.3,26.3,26.3,26.3,1.0,0.0,18.0,0.0,0.6,0.6,-81.5,-81.5,-81.5,-81.5,1.0,0.0,18.0,0.0,0.6,0.6,14.4,14.4,14.4,14.4,1.0,0.0,18.0,0.0,0.6,0.6,-37.7,-37.7,-37.7,-37.7,1.0,0.0,18.0,0.0,0.6,0.6,6.6,6.6,6.6,6.6,1.0,0.0,18.0,0.0,0.6,0.6,185.0,185.0,185.0,185.0,1.0,0.0,18.0,0.0,0.6,0.6,185.0,185.0,185.0,185.0,1.0,0.0,18.0,0.0,0.6,0.6
1974,2,192.0,3.0,26.5,26.5,26.5,26.5,2.0,0.0,18.0,1.0,1.0,0.5,26.4,26.4,26.4,26.4,1.0,0.0,18.0,1.0,1.0,0.5,15.53,15.53,15.53,15.53,1.0,0.0,18.0,1.0,1.0,0.5,72.2,72.2,72.2,72.2,1.0,0.0,18.0,1.0,0.5,7.2,7.2,7.2,7.2,1.0,0.0,18.0,1.0,1.0,0.5,-6.77,-6.77,-6.77,-6.77,1.0,0.0,18.0,1.0,1.0,0.5,2.46,2.46,2.46,2.46,1.0,0.0,18.0,1.0,1.0,0.5,1009.7,1009.7,1009.7,1009.7,1.0,0.0,18.0,1.0,1.0,0.5,7.0,7.0,7.0,7.0,1.0,0.0,18.0,1.0,1.0,0.5,-48.7,-48.7,-48.7,-48.7,1.0,0.0,18.0,1.0,1.0,0.5,17.7,17.7,17.7,17.7,1.0,0.0,18.0,1.0,1.0,0.5,0.1,0.1,0.1,0.1,1.0,0.0,18.0,1.0,1.0,0.5,0.7,0.7,0.7,0.7,1.0,0.0,18.0,1.0,1.0,0.5,6.18,6.18,6.18,6.18,1.0,0.0,18.0,1.0,1.0,0.5,44.5,44.5,44.5,44.5,1.0,0.0,18.0,1.0,1.0,0.5,-178.6,-178.6,-178.6,-178.6,1.0,0.0,18.0,1.0,1.0,0.5,65.0,65.0,65.0,65.0,1.0,0.0,18.0,1.0,1.0,0.5,-105.1,-105.1,-105.1,-105.1,1.0,0.0,18.0,1.0,1.0,0.5,38.2,38.2,38.2,38.2,1.0,0.0,18.0,1.0,1.0,0.5,-41.8,-41.8,-41.8,-41.8,1.0,0.0,18.0,1.0,1.0,0.5,15.2,15.2,15.2,15.2,1.0,0.0,18.0,1.0,1.0,0.5,373.0,373.0,373.0,373.0,1.0,0.0,18.0,1.0,1.0,0.5,375.0,375.0,375.0,375.0,1.0,0.0,18.0,1.0,1.0,0.5
1974,2,192.0,4.0,26.7,26.7,26.7,26.7,1.0,0.0,26.0,0.0,0.9,0.1,26.7,26.7,26.7,26.7,1.0,0.0,26.0,0.0,0.9,0.1,21.0,21.0,21.0,21.0,1.0,0.0,26.0,0.0,0.9,0.1,95.4,95.4,95.4,95.4,1.0,0.0,26.0,0.0,0.1,8.2,8.2,8.2,8.2,1.0,0.0,26.0,0.0,0.9,0.1,-8.2,-8.2,-8.2,-8.2,1.0,0.0,26.0,0.0,0.9,0.1,0.0,0.0,0.0,0.0,1.0,0.0,26.0,0.0,0.9,0.1,1007.1,1007.1,1007.1,1007.1,1.0,0.0,26.0,0.0,0.9,0.1,2.0,2.0,2.0,2.0,1.0,0.0,26.0,0.0,0.9,0.1,-67.2,-67.2,-67.2,-67.2,1.0,0.0,26.0,0.0,0.9,0.1,0.0,0.0,0.0,0.0,1.0,0.0,26.0,0.0,0.9,0.1,0.0,0.0,0.0,0.0,1.0,0.0,26.0,0.0,0.9,0.1,0.0,0.0,0.0,0.0,1.0,0.0,26.0,0.0,0.9,0.1,1.03,1.03,1.03,1.03,1.0,0.0,26.0,0.0,0.9,0.1,8.5,8.5,8.5,8.5,1.0,0.0,26.0,0.0,0.9,0.1,-218.9,-218.9,-218.9,-218.9,1.0,0.0,26.0,0.0,0.9,0.1,0.0,0.0,0.0,0.0,1.0,0.0,26.0,0.0,0.9,0.1,-172.2,-172.2,-172.2,-172.2,1.0,0.0,26.0,0.0,0.9,0.1,0.0,0.0,0.0,0.0,1.0,0.0,26.0,0.0,0.9,0.1,-8.5,-8.5,-8.5,-8.5,1.0,0.0,26.0,0.0,0.9,0.1,0.0,0.0,0.0,0.0,1.0,0.0,26.0,0.0,0.9,0.1,551.5,551.5,551.5,551.5,1.0,0.0,26.0,0.0,0.9,0.1,550.0,550.0,550.0,550.0,1.0,0.0,26.0,0.0,0.9,0.1
1974,2,192.0,5.0,27.2,27.2,27.2,27.2,1.0,0.0,18.0,1.0,0.5,0.1,27.0,27.0,27.0,27.0,1.0,0.0,18.0,1.0,0.5,0.1,18.99,18.99,18.99,18.99,1.0,0.0,18.0,1.0,0.5,0.1,85.2,85.2,85.2,85.2,1.0,0.0,18.0,1.0,0.1,8.2,8.2,8.2,8.2,1.0,0.0,18.0,1.0,0.5,0.1,-6.28,-6.28,-6.28,-6.28,1.0,0.0,18.0,1.0,0.5,0.1,5.27,5.27,5.27,5.27,1.0,0.0,18.0,1.0,0.5,0.1,1010.9,1010.9,1010.9,1010.9,1.0,0.0,18.0,1.0,0.5,0.1,4.0,4.0,4.0,4.0,1.0,0.0,18.0,1.0,0.5,0.1,-51.5,-51.5,-51.5,-51.5,1.0,0.0,18.0,1.0,0.5,0.1,43.2,43.2,43.2,43.2,1.0,0.0,18.0,1.0,0.5,0.1,0.2,0.2,0.2,0.2,1.0,0.0,18.0,1.0,0.5,0.1,1.6,1.6,1.6,1.6,1.0,0.0,18.0,1.0,0.5,0.1,3.62,3.62,3.62,3.62,1.0,0.0,18.0,1.0,0.5,0.1,29.7,29.7,29.7,29.7,1.0,0.0,18.0,1.0,0.5,0.1,-169.6,-169.6,-169.6,-169.6,1.0,0.0,18.0,1.0,0.5,0.1,142.3,142.3,142.3,142.3,1.0,0.0,18.0,1.0,0.5,0.1,-119.3,-119.3,-119.3,-119.3,1.0,0.0,18.0,1.0,0.5,0.1,100.1,100.1,100.1,100.1,1.0,0.0,18.0,1.0,0.5,0.1,-22.7,-22.7,-22.7,-22.7,1.0,0.0,18.0,1.0,0.5,0.1,19.1,19.1,19.1,19.1,1.0,0.0,18.0,1.0,0.5,0.1,551.5,551.5,551.5,551.5,1.0,0.0,18.0,1.0,0.5,0.1,550.0,550.0,550.0,550.0,1.0,0.0,18.0,1.0,0.5,0.1
1974,2,192.0,10.0,27.5,27.5,27.5,27.5,1.0,0.0,26.0,1.0,0.8,0.8,25.8,25.8,25.8,25.8,1.0,0.0,26.0,1.0,0.8,0.8,17.88,17.88,17.88,17.88,1.0,0.0,26.0,1.0,0.8,0.8,86.1,86.1,86.1,86.1,1.0,0.0,26.0,1.0,0.8,7.7,7.7,7.7,7.7,1.0,0.0,26.0,1.0,0.8,0.8,-7.58,-7.58,-7.58,-7.58,1.0,0.0,26.0,1.0,0.8,0.8,1.34,1.34,1.34,1.34,1.0,0.0,26.0,1.0,0.8,0.8,1010.7,1010.7,1010.7,1010.7,1.0,0.0,26.0,1.0,0.8,0.8,7.0,7.0,7.0,7.0,1.0,0.0,26.0,1.0,0.8,0.8,-58.4,-58.4,-58.4,-58.4,1.0,0.0,26.0,1.0,0.8,0.8,10.3,10.3,10.3,10.3,1.0,0.0,26.0,1.0,0.8,0.8,1.7,1.7,1.7,1.7,1.0,0.0,26.0,1.0,0.8,0.8,13.1,13.1,13.1,13.1,1.0,0.0,26.0,1.0,0.8,0.8,5.15,5.15,5.15,5.15,1.0,0.0,26.0,1.0,0.8,0.8,39.6,39.6,39.6,39.6,1.0,0.0,26.0,1.0,0.8,0.8,-195.6,-195.6,-195.6,-195.6,1.0,0.0,26.0,1.0,0.8,0.8,34.5,34.5,34.5,34.5,1.0,0.0,26.0,1.0,0.8,0.8,-135.6,-135.6,-135.6,-135.6,1.0,0.0,26.0,1.0,0.8,0.8,23.9,23.9,23.9,23.9,1.0,0.0,26.0,1.0,0.8,0.8,-39.0,-39.0,-39.0,-39.0,1.0,0.0,26.0,1.0,0.8,0.8,6.9,6.9,6.9,6.9,1.0,0.0,26.0,1.0,0.8,0.8,456.5,456.5,456.5,456.5,1.0,0.0,26.0,1.0,0.8,0.8,455.0,455.0,455.0,455.0,1.0,0.0,26.0,1.0,0.8,0.8
1974,2,192.0,13.0,26.2,26.2,26.2,26.2,1.0,0.0,16.0,0.0,0.4,0.8,24.4,24.4,24.4,24.4,1.0,0.0,16.0,0.0,0.4,0.8,16.99,16.99,16.99,16.99,1.0,0.0,16.0,0.0,0.4,0.8,89.2,89.2,89.2,89.2,1.0,0.0,16.0,0.0,0.8,9.3,9.3,9.3,9.3,1.0,0.0,16.0,0.0,0.4,0.8,-9.3,-9.3,-9.3,-9.3,1.0,0.0,16.0,0.0,0.4,0.8,0.0,0.0,0.0,0.0,1.0,0.0,16.0,0.0,0.4,0.8,1012.5,1012.5,1012.5,1012.5,1.0,0.0,16.0,0.0,0.4,0.8,3.0,3.0,3.0,3.0,1.0,0.0,16.0,0.0,0.4,0.8,-86.5,-86.5,-86.5,-86.5,1.0,0.0,16.0,0.0,0.4,0.8,0.0,0.0,0.0,0.0,1.0,0.0,16.0,0.0,0.4,0.8,1.8,1.8,1.8,1.8,1.0,0.0,16.0,0.0,0.4,0.8,16.7,16.7,16.7,16.7,1.0,0.0,16.0,0.0,0.4,0.8,4.28,4.28,4.28,4.28,1.0,0.0,16.0,0.0,0.4,0.8,39.8,39.8,39.8,39.8,1.0,0.0,16.0,0.0,0.4,0.8,-226.9,-226.9,-226.9,-226.9,1.0,0.0,16.0,0.0,0.4,0.8,0.0,0.0,0.0,0.0,1.0,0.0,16.0,0.0,0.4,0.8,-158.0,-158.0,-158.0,-158.0,1.0,0.0,16.0,0.0,0.4,0.8,0.0,0.0,0.0,0.0,1.0,0.0,16.0,0.0,0.4,0.8,-39.8,-39.8,-39.8,-39.8,1.0,0.0,16.0,0.0,0.4,0.8,0.0,0.0,0.0,0.0,1.0,0.0,16.0,0.0,0.4,0.8,804.5,804.5,804.5,804.5,1.0,0.0,16.0,0.0,0.4,0.8,805.0,805.0,805.0,805.0,1.0,0.0,16.0,0.0,0.4,0.8
1974,2,192.0,14.0,26.0,26.0,26.0,26.0,1.0,0.0,16.0,0.0,1.0,0.0,25.32,26.0,26.68,26.0,2.0,1.41,22.0,0.5,0.9,0.1,17.42,17.42,17.42,17.42,1.0,0.0,16.0,0.0,1.0,0.0,88.1,88.1,88.1,88.1,1.0,0.0,16.0,0.0,0.0,2.99,4.9,6.81,4.9,2.0,3.96,22.0,0.5,0.9,0.1,-6.79,-4.84,-2.88,-4.84,2.0,4.05,22.0,0.5,0.9,0.1,-0.6,-0.36,-0.11,-0.36,2.0,0.51,22.0,0.5,0.9,0.1,1012.0,1012.0,1012.0,1012.0,1.0,0.0,16.0,0.0,1.0,0.0,4.2,4.5,4.8,4.5,2.0,0.7,22.0,0.5,0.9,0.1,-50.5,-31.7,-12.9,-31.7,2.0,39.0,22.0,0.5,0.9,0.1,-1.3,-0.8,-0.2,-0.8,2.0,1.1,22.0,0.5,0.9,0.1,1.0,1.0,1.0,1.0,1.0,0.0,16.0,0.0,1.0,0.0,7.7,7.7,7.7,7.7,1.0,0.0,16.0,0.0,1.0,0.0,3.6,3.6,3.6,3.6,1.0,0.0,16.0,0.0,1.0,0.0,27.7,27.7,27.7,27.7,1.0,0.0,16.0,0.0,1.0,0.0,-170.4,-122.9,-75.4,-122.9,2.0,98.4,22.0,0.5,0.9,0.1,-16.3,-9.7,-3.1,-9.7,2.0,13.7,22.0,0.5,0.9,0.1,-134.1,-134.1,-134.1,-134.1,1.0,0.0,16.0,0.0,1.0,0.0,0.0,0.0,0.0,0.0,1.0,0.0,16.0,0.0,1.0,0.0,-27.7,-27.7,-27.7,-27.7,1.0,0.0,16.0,0.0,1.0,0.0,0.0,0.0,0.0,0.0,1.0,0.0,16.0,0.0,1.0,0.0,80.0,233.0,385.5,233.0,2.0,316.5,22.0,0.5,0.9,0.1,80.0,235.0,385.0,235.0,2.0,315.0,22.0,0.5,0.9,0.1
1974,2,192.0,16.0,,,,,,,,,,,,,,,,,,,,,,,,,,,,,,,,,,,,,,,,5.1,5.1,5.1,5.1,1.0,0.0,4.0,0.0,1.0,0.2,-4.79,-4.79,-4.79,-4.79,1.0,0.0,4.0,0.0,1.0,0.2,-1.74,-1.74,-1.74,-1.74,1.0,0.0,4.0,0.0,1.0,0.2,1014.0,1014.0,1014.0,1014.0,1.0,0.0,4.0,0.0,1.0,0.2,,,,,,,,,,,,,,,,,,,,,,,,,,,,,,,,,,,,,,,,,,,,,,,,,,,,,,,,,,,,,,,,,,,,,,,,,,,,,,,,,,,,,,,,,,,,,,,,,,,,,,,,,,,,,,,,,,,,,,,,,,,,,,,,,,,,,,,,,,,,,,,,,,,,,,
1974,2,192.0,18.0,24.44,25.6,25.87,25.17,3.0,1.12,14.0,0.7,0.6,0.2,23.68,24.5,24.84,24.27,3.0,0.87,14.0,0.7,0.6,0.2,14.66,16.14,16.79,15.74,3.0,1.6,14.0,0.7,0.6,0.2,77.6,87.1,89.6,83.7,3.0,9.2,14.0,0.7,0.2,4.61,5.7,8.84,6.7,3.0,3.22,14.0,0.7,0.6,0.2,-8.49,-4.94,-3.99,-6.21,3.0,3.48,14.0,0.7,0.6,0.2,-1.38,1.79,1.97,0.33,3.0,2.76,14.0,0.7,0.6,0.2,1014.89,1015.5,1017.62,1016.23,3.0,2.1,14.0,0.7,0.6,0.2,1.0,1.0,4.4,2.7,3.0,2.9,14.0,0.7,0.6,0.2,-80.2,-28.1,-18.9,-49.1,3.0,48.5,14.0,0.7,0.6,0.2,-8.4,8.4,15.2,3.5,3.0,17.8,14.0,0.7,0.6,0.2,-0.27,1.5,2.05,0.9,3.0,1.78,14.0,0.7,0.6,0.2,-5.0,8.6,9.2,2.2,3.0,11.7,14.0,0.7,0.6,0.2,2.26,4.33,6.14,4.2,3.0,2.84,14.0,0.7,0.6,0.2,14.8,17.8,32.8,23.6,3.0,14.1,14.0,0.7,0.6,0.2,-211.5,-120.9,-94.9,-152.4,3.0,89.7,14.0,0.7,0.6,0.2,-33.5,44.7,46.8,7.6,3.0,67.0,14.0,0.7,0.6,0.2,-140.3,-69.0,-61.0,-99.9,3.0,63.9,14.0,0.7,0.6,0.2,-17.5,30.6,32.3,7.9,3.0,41.4,14.0,0.7,0.6,0.2,-28.4,-15.4,-13.9,-21.0,3.0,11.7,14.0,0.7,0.6,0.2,-12.8,2.3,6.8,-2.9,3.0,15.1,14.0,0.7,0.6,0.2,106.0,185.0,804.5,449.0,3.0,560.5,14.0,0.7,0.6,0.2,105.0,185.0,805.0,450.0,3.0,560.0,14.0,0.7,0.6,0.2
1974,2,192.0,19.0,24.7,24.8,25.68,25.14,5.0,0.59,18.0,0.2,0.6,0.2,24.82,25.0,25.0,24.9,5.0,0.22,18.0,0.2,0.6,0.2,14.87,16.37,16.8,15.8,5.0,1.6,18.0,0.2,0.6,0.2,77.2,83.4,85.4,80.8,5.0,8.2,18.0,0.2,0.2,7.83,8.2,9.67,8.64,5.0,1.19,18.0,0.2,0.6,0.2,-8.97,-8.08,-7.7,-8.34,5.0,1.18,18.0,0.2,0.6,0.2,-1.31,0.0,1.7,0.4,5.0,2.47,18.0,0.2,0.6,0.2,1015.53,1016.1,1017.67,1016.56,5.0,1.54,18.0,0.2,0.6,0.2,1.0,2.0,2.4,1.8,5.0,0.8,18.0,0.2,0.6,0.2,-86.3,-67.2,-60.7,-73.1,5.0,20.4,18.0,0.2,0.6,0.2,-10.0,0.0,15.8,4.5,5.0,22.3,18.0,0.2,0.6,0.2,-0.24,0.2,0.68,0.24,5.0,0.53,18.0,0.2,0.6,0.2,-1.8,1.6,6.7,2.5,5.0,4.8,18.0,0.2,0.6,0.2,2.64,3.45,5.52,4.09,5.0,1.96,18.0,0.2,0.6,0.2,20.7,28.3,54.0,37.1,5.0,23.1,18.0,0.2,0.6,0.2,-222.2,-201.4,-192.3,-207.8,5.0,29.7,18.0,0.2,0.6,0.2,-32.8,0.0,42.5,9.9,5.0,61.8,18.0,0.2,0.6,0.2,-134.4,-131.8,-126.8,-130.3,5.0,6.0,18.0,0.2,0.6,0.2,-22.1,0.0,27.8,6.2,5.0,40.7,18.0,0.2,0.6,0.2,-50.5,-28.3,-20.4,-35.8,5.0,23.0,18.0,0.2,0.6,0.2,-3.4,0.0,7.7,2.8,5.0,10.3,18.0,0.2,0.6,0.2,486.5,551.5,909.5,674.5,5.0,279.5,18.0,0.2,0.6,0.2,485.0,550.0,910.0,675.0,5.0,280.0,18.0,0.2,0.6,0.2
1974,2,192.0,20.0,24.55,25.6,26.58,25.51,11.0,0.99,18.0,0.7,0.5,0.5,23.87,24.45,25.5,24.72,12.0,1.34,16.0,0.8,0.5,0.5,14.21,14.84,15.73,15.13,12.0,1.26,16.0,0.8,0.5,0.5,74.2,78.0,81.2,78.1,12.0,4.1,16.0,0.8,0.5,4.09,7.45,8.33,6.46,12.0,2.3,16.0,0.8,0.5,0.5,-8.18,-6.67,-3.29,-6.05,12.0,2.26,16.0,0.8,0.5,0.5,-1.05,1.25,3.12,1.0,12.0,2.15,16.0,0.8,0.5,0.5,1012.87,1015.2,1017.61,1015.44,12.0,2.22,16.0,0.8,0.5,0.5,2.0,3.0,5.0,3.1,12.0,1.4,16.0,0.8,0.5,0.5,-68.2,-50.3,-13.8,-43.8,12.0,25.7,16.0,0.8,0.5,0.5,-5.1,7.0,21.7,6.5,12.0,16.5,16.0,0.8,0.5,0.5,0.06,1.2,2.12,1.11,11.0,1.16,18.0,0.7,0.5,0.5,0.3,4.3,15.8,7.0,11.0,8.4,18.0,0.7,0.5,0.5,4.54,5.75,6.29,5.55,11.0,1.12,18.0,0.7,0.5,0.5,21.6,34.0,45.3,33.5,11.0,11.5,18.0,0.7,0.5,0.5,-202.8,-161.2,-83.1,-149.5,12.0,57.2,16.0,0.8,0.5,0.5,-25.5,30.7,79.1,24.5,12.0,52.2,16.0,0.8,0.5,0.5,-128.8,-98.8,-47.6,-92.7,12.0,38.6,16.0,0.8,0.5,0.5,-15.5,19.0,46.2,14.9,12.0,32.2,16.0,0.8,0.5,0.5,-43.3,-31.6,-20.5,-31.0,11.0,10.7,18.0,0.7,0.5,0.5,-5.5,7.8,17.8,7.0,11.0,11.8,18.0,0.7,0.5,0.5,77.0,415.0,578.5,356.0,12.0,249.5,16.0,0.8,0.5,0.5,75.0,415.0,580.0,355.0,12.0,250.0,16.0,0.8,0.5,0.5
1974,2,192.0,21.0,24.06,24.2,24.34,24.2,2.0,0.28,2.0,0.5,0.6,0.5,23.82,24.1,24.62,24.2,5.0,0.55,10.0,0.4,0.5,0.5,13.81,14.45,15.04,14.42,4.0,0.93,6.0,0.5,0.5,0.4,74.0,79.3,81.9,78.0,4.0,5.7,6.0,0.5,0.4,4.0,6.2,7.88,5.86,5.0,2.43,10.0,0.4,0.5,0.5,-7.7,-6.2,-2.32,-4.88,5.0,4.02,10.0,0.4,0.5,0.5,-1.02,0.0,1.09,-0.07,5.0,1.69,10.0,0.4,0.5,0.5,1016.05,1016.15,1016.78,1016.4,4.0,0.61,6.0,0.5,0.5,0.4,2.0,4.0,5.7,4.0,5.0,2.1,10.0,0.4,0.5,0.5,-60.7,-38.4,-14.0,-36.2,5.0,27.5,10.0,0.4,0.5,0.5,-8.4,0.0,4.2,-2.5,5.0,12.0,10.0,0.4,0.5,0.5,0.08,0.25,0.42,0.25,2.0,0.35,2.0,0.5,0.6,0.5,0.6,1.9,3.2,1.9,2.0,2.7,2.0,0.5,0.6,0.5,4.4,4.94,5.48,4.94,2.0,1.12,2.0,0.5,0.6,0.5,15.2,22.0,28.8,22.0,2.0,14.1,2.0,0.5,0.6,0.5,-182.7,-148.8,-58.5,-117.4,5.0,96.3,10.0,0.4,0.5,0.5,-24.7,0.0,27.1,-1.3,5.0,41.1,10.0,0.4,0.5,0.5,-115.5,-100.4,-29.1,-73.6,4.0,67.7,6.0,0.5,0.5,0.4,-22.8,0.0,5.0,-8.5,4.0,23.8,6.0,0.5,0.5,0.4,-25.1,-10.3,4.4,-10.3,2.0,30.6,2.0,0.5,0.6,0.5,0.7,2.1,3.5,2.1,2.0,2.9,2.0,0.5,0.6,0.5,87.5,238.5,491.0,277.5,5.0,224.5,10.0,0.4,0.5,0.5,90.0,240.0,490.0,280.0,5.0,225.0,10.0,0.4,0.5,0.5
1974,2,192.0,22.0,23.9,24.4,25.6,24.67,19.0,0.86,14.0,0.5,0.5,0.5,22.79,23.7,24.64,23.91,19.0,1.28,14.0,0.5,0.6,0.4,13.6,15.48,17.43,15.48,17.0,1.99,14.0,0.5,0.6,0.5,77.1,83.6,92.8,83.5,17.0,8.9,14.0,0.5,0.5,5.1,7.2,8.19,6.4,20.0,2.53,14.0,0.5,0.5,0.5,-7.69,-4.32,-2.08,-4.26,20.0,3.79,14.0,0.5,0.5,0.5,-2.62,0.0,4.39,0.55,20.0,3.97,14.0,0.5,0.5,0.5,1013.5,1016.5,1017.66,1015.39,19.0,3.72,14.0,0.5,0.5,0.5,1.0,3.0,4.0,2.7,20.0,1.6,14.0,0.5,0.5,0.5,-59.2,-27.8,-4.4,-31.0,20.0,32.5,14.0,0.5,0.5,0.5,-19.7,0.0,22.5,4.3,20.0,32.5,14.0,0.5,0.5,0.5,-0.15,1.0,1.93,0.78,18.0,1.51,14.0,0.4,0.6,0.5,-0.8,4.9,11.1,3.5,18.0,10.0,14.0,0.4,0.6,0.5,1.26,4.17,6.48,3.92,17.0,2.37,14.0,0.5,0.6,0.5,7.5,19.3,31.1,19.2,17.0,11.6,14.0,0.5,0.6,0.5,-179.4,-90.1,-42.0,-96.0,19.0,94.2,14.0,0.5,0.6,0.4,-43.0,0.0,118.9,18.8,19.0,95.7,14.0,0.5,0.6,0.4,-119.2,-51.9,-17.5,-55.8,17.0,63.3,14.0,0.5,0.6,0.5,-16.8,0.0,81.5,19.0,17.0,58.1,14.0,0.5,0.6,0.5,-19.1,-13.1,-1.8,-13.0,17.0,10.8,14.0,0.5,0.6,0.5,-9.1,0.0,17.0,3.0,17.0,14.8,14.0,0.5,0.6,0.5,132.5,373.0,550.0,366.5,20.0,303.5,14.0,0.5,0.5,0.5,135.0,375.0,550.0,365.0,20.0,305.0,14.0,0.5,0.5,0.5
1974,2,192.0,23.0,22.55,24.0,25.25,23.95,11.0,1.22,16.0,0.5,0.5,0.2,21.04,22.8,23.01,22.28,11.0,1.62,16.0,0.5,0.5,0.2,12.42,14.31,15.59,14.21,8.0,1.57,16.0,0.8,0.5,0.2,74.6,79.4,90.1,81.9,8.0,9.3,16.0,0.8,0.2,6.49,8.7,12.01,8.99,11.0,2.83,16.0,0.5,0.5,0.2,-11.33,-8.2,-6.43,-8.44,11.0,2.63,16.0,0.5,0.5,0.2,-2.28,0.0,3.71,0.62,11.0,3.36,16.0,0.5,0.5,0.2,1014.77,1017.0,1019.2,1016.7,11.0,3.1,16.0,0.5,0.5,0.2,3.0,4.0,6.4,4.5,11.0,2.3,16.0,0.5,0.5,0.2,-140.4,-71.1,-41.8,-82.4,11.0,44.9,16.0,0.5,0.5,0.2,-21.5,0.0,31.1,6.0,11.0,38.0,16.0,0.5,0.5,0.2,-0.37,1.7,3.25,1.66,11.0,1.89,16.0,0.5,0.5,0.2,-4.1,14.8,29.6,15.2,11.0,17.4,16.0,0.5,0.5,0.2,3.08,4.48,5.13,4.17,8.0,1.91,16.0,0.8,0.5,0.2,20.5,39.1,65.2,42.9,8.0,27.5,16.0,0.8,0.5,0.2,-258.1,-187.0,-140.1,-188.6,11.0,62.0,16.0,0.5,0.5,0.2,-51.5,0.0,75.0,12.4,11.0,73.1,16.0,0.5,0.5,0.2,-142.0,-132.6,-97.2,-121.3,8.0,33.8,16.0,0.8,0.5,0.2,-41.4,0.0,26.3,0.0,8.0,44.9,16.0,0.8,0.5,0.2,-57.2,-37.9,-20.5,-40.7,8.0,25.3,16.0,0.8,0.5,0.2,-12.4,0.0,1.3,-1.9,8.0,18.0,16.0,0.8,0.5,0.2,275.0,658.5,1733.0,917.5,11.0,700.0,16.0,0.5,0.5,0.2,275.0,660.0,1735.0,915.0,11.0,700.0,16.0,0.5,0.5,0.2
1974,2,192.0,24.0,23.0,23.0,23.0,23.0,1.0,0.0,4.0,1.0,0.2,0.5,22.5,22.5,22.5,22.5,1.0,0.0,4.0,1.0,0.2,0.5,14.07,14.07,14.07,14.07,1.0,0.0,4.0,1.0,0.2,0.5,83.2,83.2,83.2,83.2,1.0,0.0,4.0,1.0,0.5,0.0,0.0,0.0,0.0,1.0,0.0,4.0,1.0,0.2,0.5,0.0,0.0,0.0,0.0,1.0,0.0,4.0,1.0,0.2,0.5,0.0,0.0,0.0,0.0,1.0,0.0,4.0,1.0,0.2,0.5,1015.0,1015.0,1015.0,1015.0,1.0,0.0,4.0,1.0,0.2,0.5,1.0,1.0,1.0,1.0,1.0,0.0,4.0,1.0,0.2,0.5,0.0,0.0,0.0,0.0,1.0,0.0,4.0,1.0,0.2,0.5,0.0,0.0,0.0,0.0,1.0,0.0,4.0,1.0,0.2,0.5,0.5,0.5,0.5,0.5,1.0,0.0,4.0,1.0,0.2,0.5,0.0,0.0,0.0,0.0,1.0,0.0,4.0,1.0,0.2,0.5,3.41,3.41,3.41,3.41,1.0,0.0,4.0,1.0,0.2,0.5,0.0,0.0,0.0,0.0,1.0,0.0,4.0,1.0,0.2,0.5,0.0,0.0,0.0,0.0,1.0,0.0,4.0,1.0,0.2,0.5,0.0,0.0,0.0,0.0,1.0,0.0,4.0,1.0,0.2,0.5,0.0,0.0,0.0,0.0,1.0,0.0,4.0,1.0,0.2,0.5,0.0,0.0,0.0,0.0,1.0,0.0,4.0,1.0,0.2,0.5,0.0,0.0,0.0,0.0,1.0,0.0,4.0,1.0,0.2,0.5,0.0,0.0,0.0,0.0,1.0,0.0,4.0,1.0,0.2,0.5,0.0,0.0,0.0,0.0,1.0,0.0,4.0,1.0,0.2,0.5,0.0,0.0,0.0,0.0,1.0,0.0,4.0,1.0,0.2,0.5
1974,2,192.0,25.0,21.69,22.7,23.68,22.58,6.0,1.26,16.0,0.8,0.7,0.6,22.67,24.0,24.6,23.65,6.0,1.29,16.0,0.8,0.7,0.6,13.62,14.12,15.68,14.59,6.0,1.22,16.0,0.8,0.7,0.6,74.4,77.4,88.2,80.9,6.0,8.6,16.0,0.8,0.6,4.58,6.45,7.63,6.18,6.0,2.24,16.0,0.8,0.7,0.6,-6.47,-3.97,0.41,-3.23,6.0,3.83,16.0,0.8,0.7,0.6,-3.05,0.84,5.29,0.9,6.0,4.77,16.0,0.8,0.7,0.6,1016.07,1019.7,1020.62,1018.6,6.0,2.58,16.0,0.8,0.7,0.6,3.5,5.0,7.4,5.2,5.0,2.7,14.0,0.8,0.7,0.6,-47.2,-23.7,1.1,-25.1,6.0,28.2,16.0,0.8,0.7,0.6,-23.7,2.2,30.1,1.6,6.0,36.4,16.0,0.8,0.7,0.6,-2.39,-1.5,0.45,-1.07,6.0,1.98,16.0,0.8,0.7,0.6,-15.8,-9.1,4.2,-6.0,6.0,15.6,16.0,0.8,0.7,0.6,0.8,2.69,3.4,2.42,6.0,1.44,16.0,0.8,0.7,0.6,5.0,16.0,23.5,16.7,6.0,13.9,16.0,0.8,0.7,0.6,-152.0,-97.4,9.5,-75.5,6.0,88.2,16.0,0.8,0.7,0.6,-70.1,19.2,130.8,24.7,6.0,110.8,16.0,0.8,0.7,0.6,-89.6,-56.4,6.9,-44.0,6.0,54.1,16.0,0.8,0.7,0.6,-41.5,13.9,79.6,15.1,6.0,67.4,16.0,0.8,0.7,0.6,-20.6,-10.7,0.3,-11.6,6.0,12.7,16.0,0.8,0.7,0.6,-10.6,0.6,7.7,-1.8,6.0,14.1,16.0,0.8,0.7,0.6,109.0,269.5,462.5,311.0,6.0,272.0,16.0,0.8,0.7,0.6,110.0,270.0,460.0,310.0,6.0,270.0,16.0,0.8,0.7,0.6
1974,2,192.0,26.0,23.0,23.0,23.11,23.06,5.0,0.13,16.0,0.4,0.7,0.6,20.63,21.2,22.11,21.36,5.0,1.09,16.0,0.4,0.7,0.6,12.22,13.28,15.16,13.67,4.0,1.98,16.0,0.5,0.6,0.6,79.1,84.6,90.3,84.7,4.0,7.7,16.0,0.5,0.6,3.55,9.3,10.03,7.32,5.0,3.75,16.0,0.4,0.7,0.6,-9.61,-5.98,2.41,-4.14,5.0,6.4,16.0,0.4,0.7,0.6,-4.62,-2.64,-0.64,-2.65,5.0,3.14,16.0,0.4,0.7,0.6,1015.22,1019.3,1021.17,1018.3,5.0,3.6,16.0,0.4,0.7,0.6,6.0,6.0,8.0,6.8,5.0,1.1,16.0,0.4,0.7,0.6,-97.5,-55.6,8.0,-48.9,5.0,58.6,16.0,0.4,0.7,0.6,-43.0,-22.2,-5.3,-24.9,5.0,26.4,16.0,0.4,0.7,0.6,1.08,1.8,2.37,1.7,5.0,1.08,16.0,0.4,0.7,0.6,4.7,15.8,24.5,14.7,5.0,11.3,16.0,0.4,0.7,0.6,2.45,4.33,5.19,3.84,4.0,2.0,16.0,0.5,0.6,0.6,12.5,30.3,45.3,29.0,4.0,21.2,16.0,0.5,0.6,0.6,-205.2,-119.6,53.4,-85.9,5.0,136.2,16.0,0.4,0.7,0.6,-95.6,-55.9,-12.1,-54.0,5.0,64.7,16.0,0.4,0.7,0.6,-131.7,-44.1,34.9,-48.2,4.0,96.2,16.0,0.5,0.6,0.6,-37.8,-28.0,2.4,-18.2,4.0,31.4,16.0,0.5,0.6,0.6,-43.8,-16.5,10.3,-16.7,4.0,32.2,16.0,0.5,0.6,0.6,-13.9,-10.9,-3.4,-8.8,4.0,7.4,16.0,0.5,0.6,0.6,50.0,804.5,1037.5,627.5,5.0,594.0,16.0,0.4,0.7,0.6,50.0,805.0,1040.0,630.0,5.0,595.0,16.0,0.4,0.7,0.6
1974,2,192.0,27.0,20.21,21.0,21.77,21.08,10.0,1.01,16.0,0.5,0.5,0.6,17.97,19.5,20.75,19.75,11.0,1.91,14.0,0.5,0.5,0.6,9.93,12.38,13.99,12.01,11.0,2.2,14.0,0.5,0.5,0.6,71.4,82.9,93.0,83.7,11.0,10.7,14.0,0.5,0.6,4.89,5.7,7.91,6.11,11.0,1.46,14.0,0.5,0.5,0.6,-5.22,-2.12,1.83,-1.46,11.0,4.38,14.0,0.5,0.5,0.6,-5.22,1.34,4.52,-0.35,11.0,4.64,14.0,0.5,0.5,0.6,1015.47,1017.3,1023.41,1018.86,11.0,4.1,14.0,0.5,0.5,0.6,5.2,7.0,8.0,6.5,11.0,2.2,14.0,0.5,0.5,0.6,-30.1,-13.1,9.8,-8.6,11.0,31.6,14.0,0.5,0.5,0.6,-29.3,8.9,21.8,-5.7,11.0,30.9,14.0,0.5,0.5,0.6,-0.17,1.8,3.24,1.4,10.0,2.09,16.0,0.5,0.5,0.6,-0.8,11.5,19.3,9.0,10.0,12.6,16.0,0.5,0.5,0.6,1.38,3.54,5.31,3.51,10.0,2.09,16.0,0.5,0.5,0.6,7.2,19.9,41.6,22.2,10.0,15.7,16.0,0.5,0.5,0.6,-99.9,-38.8,39.3,-24.9,11.0,85.3,14.0,0.5,0.5,0.6,-98.9,23.4,90.1,-3.0,11.0,92.8,14.0,0.5,0.5,0.6,-59.7,-24.6,25.4,-13.1,11.0,50.0,14.0,0.5,0.5,0.6,-59.6,11.2,62.0,0.3,11.0,56.7,14.0,0.5,0.5,0.6,-29.5,-7.4,2.7,-11.9,10.0,18.1,16.0,0.5,0.5,0.6,-20.3,3.0,9.0,-4.4,10.0,17.0,16.0,0.5,0.5,0.6,118.0,185.0,495.5,265.5,11.0,197.5,14.0,0.5,0.5,0.6,120.0,185.0,495.0,265.0,11.0,200.0,14.0,0.5,0.5,0.6
1974,2,192.0,28.0,20.27,21.1,22.37,21.22,5.0,1.48,12.0,0.6,0.5,0.3,19.69,20.0,20.52,19.98,6.0,0.83,10.0,0.7,0.5,0.3,10.16,12.36,13.66,12.12,6.0,1.7,10.0,0.7,0.5,0.3,75.7,85.3,89.8,83.6,6.0,8.9,10.0,0.7,0.3,4.15,6.45,8.44,6.25,6.0,3.53,10.0,0.7,0.5,0.3,-4.99,-4.33,0.41,-2.8,6.0,3.02,10.0,0.7,0.5,0.3,-4.64,1.89,5.46,1.45,6.0,6.19,10.0,0.7,0.5,0.3,1015.06,1016.25,1020.62,1017.53,6.0,3.32,10.0,0.7,0.5,0.3,0.0,6.0,8.0,4.7,6.0,3.8,10.0,0.7,0.5,0.3,-35.2,-24.7,4.6,-16.6,6.0,23.4,10.0,0.7,0.5,0.3,-32.3,8.5,45.6,15.5,6.0,60.3,10.0,0.7,0.5,0.3,0.82,1.1,2.0,1.32,5.0,0.66,12.0,0.6,0.5,0.3,5.7,10.2,12.4,9.1,5.0,3.8,12.0,0.6,0.5,0.3,3.21,3.51,4.68,3.95,5.0,1.31,12.0,0.6,0.5,0.3,23.6,26.7,31.2,27.3,5.0,3.9,12.0,0.6,0.5,0.3,-100.3,-84.9,8.1,-55.5,6.0,60.1,10.0,0.7,0.5,0.3,-90.9,37.9,112.4,31.1,6.0,122.0,10.0,0.7,0.5,0.3,-61.8,-44.9,5.2,-31.7,6.0,36.2,10.0,0.7,0.5,0.3,-53.1,20.2,72.2,20.9,6.0,74.7,10.0,0.7,0.5,0.3,-20.3,-18.0,-8.9,-14.4,5.0,11.4,12.0,0.6,0.5,0.3,-17.1,15.2,24.0,6.1,5.0,22.6,12.0,0.6,0.5,0.3,105.5,269.5,660.0,428.5,6.0,520.5,10.0,0.7,0.5,0.3,105.0,270.0,660.0,430.0,6.0,520.0,10.0,0.7,0.5,0.3
1974,2,192.0,29.0,20.0,20.0,20.0,20.0,2.0,0.0,12.0,1.0,0.9,0.7,19.06,19.2,20.16,19.6,3.0,0.87,14.0,1.0,0.9,0.6,13.15,13.21,13.27,13.21,2.0,0.12,12.0,1.0,0.9,0.7,90.0,92.3,94.6,92.3,2.0,4.8,12.0,1.0,0.7,4.08,5.1,6.87,5.47,3.0,2.07,14.0,1.0,0.9,0.6,-4.6,-1.8,2.7,-0.97,3.0,5.39,14.0,1.0,0.9,0.6,-2.82,1.74,2.68,-0.03,3.0,4.32,14.0,1.0,0.9,0.6,1018.95,1021.0,1021.2,1020.1,3.0,1.82,14.0,1.0,0.9,0.6,5.6,7.0,7.7,6.7,3.0,1.5,14.0,1.0,0.9,0.6,-33.1,-6.5,14.6,-9.2,3.0,35.0,14.0,1.0,0.9,0.6,-23.2,8.9,10.5,-6.0,3.0,27.8,14.0,1.0,0.9,0.6,-0.38,0.1,0.58,0.1,2.0,0.99,12.0,1.0,0.9,0.7,-2.1,-0.1,1.9,-0.1,2.0,4.2,12.0,1.0,0.9,0.7,1.16,1.21,1.27,1.21,2.0,0.12,12.0,1.0,0.9,0.7,4.8,5.2,5.6,5.2,2.0,0.8,12.0,1.0,0.9,0.7,-87.5,-34.6,56.4,-16.0,3.0,106.6,14.0,1.0,0.9,0.6,-52.8,35.9,52.3,0.6,3.0,82.8,14.0,1.0,0.9,0.6,-9.8,20.0,49.9,20.0,2.0,61.8,12.0,1.0,0.9,0.7,26.0,32.1,38.1,32.1,2.0,12.5,12.0,1.0,0.9,0.7,-1.1,1.5,4.2,1.5,2.0,5.5,12.0,1.0,0.9,0.7,2.3,3.0,3.7,3.0,2.0,1.5,12.0,1.0,0.9,0.7,74.0,132.5,353.5,212.0,3.0,216.0,14.0,1.0,0.9,0.6,75.0,135.0,355.0,210.0,3.0,215.0,14.0,1.0,0.9,0.6
1974,2,192.0,30.0,17.14,18.75,20.0,18.66,14.0,1.75,14.0,0.4,0.6,0.4,17.72,18.9,19.97,18.78,14.0,1.28,14.0,0.4,0.6,0.4,10.92,12.45,12.72,11.76,13.0,1.65,14.0,0.4,0.6,0.4,72.0,93.3,95.1,87.7,13.0,10.5,14.0,0.4,0.4,4.13,6.45,9.3,6.95,14.0,3.44,14.0,0.4,0.6,0.4,-6.21,0.44,4.75,-0.73,14.0,6.75,14.0,0.4,0.6,0.4,-2.27,2.87,5.83,2.01,14.0,3.66,14.0,0.4,0.6,0.4,1014.21,1019.95,1023.39,1019.31,14.0,4.38,14.0,0.4,0.6,0.4,3.9,7.0,8.0,6.0,13.0,2.2,14.0,0.4,0.7,0.4,-41.9,1.2,29.4,-16.4,14.0,79.1,14.0,0.4,0.6,0.4,-16.2,9.8,43.2,13.2,14.0,26.8,14.0,0.4,0.6,0.4,-1.09,-0.35,1.98,-0.12,14.0,2.19,14.0,0.4,0.6,0.4,-6.7,-1.6,18.1,-1.2,14.0,18.8,14.0,0.4,0.6,0.4,0.22,1.07,3.03,1.65,13.0,2.08,14.0,0.4,0.6,0.4,1.7,6.1,24.8,13.9,13.0,22.7,14.0,0.4,0.6,0.4,-112.5,8.4,89.1,-12.7,14.0,128.4,14.0,0.4,0.6,0.4,-41.4,55.5,108.3,38.9,14.0,68.3,14.0,0.4,0.6,0.4,-79.4,0.0,59.7,-7.7,13.0,74.8,14.0,0.4,0.6,0.4,-28.7,34.1,74.1,23.1,13.0,45.8,14.0,0.4,0.6,0.4,-6.6,1.3,13.7,-3.1,13.0,24.4,14.0,0.4,0.6,0.4,-2.7,0.2,10.4,2.5,13.0,10.4,14.0,0.4,0.6,0.4,70.5,269.5,804.5,599.0,14.0,950.0,14.0,0.4,0.6,0.4,70.0,270.0,805.0,600.0,14.0,950.0,14.0,0.4,0.6,0.4
1974,2,192.0,31.0,17.12,18.3,19.23,18.26,17.0,1.13,10.0,0.4,0.6,0.5,15.76,17.5,19.0,17.53,19.0,1.8,10.0,0.4,0.6,0.4,8.98,11.5,12.62,11.08,18.0,1.71,12.0,0.3,0.6,0.4,80.7,90.2,98.7,89.5,18.0,9.9,12.0,0.3,0.4,4.53,7.7,11.3,8.08,19.0,4.54,10.0,0.4,0.6,0.4,-3.41,1.67,6.21,1.35,19.0,7.29,10.0,0.4,0.6,0.4,-1.63,2.64,8.34,3.07,19.0,4.97,10.0,0.4,0.6,0.4,1012.93,1015.5,1021.46,1016.88,19.0,4.09,10.0,0.4,0.6,0.4,4.6,8.0,8.0,6.6,17.0,2.1,10.0,0.4,0.6,0.5,-25.7,4.3,48.4,12.0,19.0,112.8,10.0,0.4,0.6,0.4,-7.9,10.8,73.3,31.8,19.0,46.4,10.0,0.4,0.6,0.4,-1.0,0.5,3.23,0.91,17.0,2.33,10.0,0.4,0.6,0.5,-9.4,2.3,21.8,9.2,17.0,31.6,10.0,0.4,0.6,0.5,-0.09,1.78,4.46,2.03,17.0,1.92,10.0,0.4,0.6,0.5,-2.0,7.3,25.3,17.5,17.0,28.4,10.0,0.4,0.6,0.5,-57.9,28.4,115.1,28.5,19.0,113.7,10.0,0.4,0.6,0.4,-29.4,46.1,149.7,58.8,19.0,92.1,10.0,0.4,0.6,0.4,-40.9,9.9,77.2,15.3,18.0,73.1,12.0,0.3,0.6,0.4,-16.7,13.7,101.4,36.3,18.0,60.0,12.0,0.3,0.6,0.4,-7.2,0.7,17.4,2.6,17.0,32.7,10.0,0.4,0.6,0.5,-6.4,-2.6,6.2,-0.7,17.0,7.3,10.0,0.4,0.6,0.5,93.5,456.5,1443.0,1063.5,19.0,1736.5,10.0,0.4,0.6,0.4,95.0,455.0,1445.0,1065.0,19.0,1735.0,10.0,0.4,0.6,0.4
1974,2,192.0,32.0,16.89,17.0,17.42,17.14,5.0,0.41,18.0,0.6,0.4,0.3,15.63,16.8,18.55,17.06,5.0,1.75,18.0,0.6,0.4,0.3,5.87,8.65,10.6,8.34,5.0,2.43,18.0,0.6,0.4,0.3,54.2,68.4,83.4,69.0,5.0,17.2,18.0,0.6,0.3,4.25,6.4,8.65,6.48,6.0,3.76,16.0,0.7,0.5,0.4,-4.88,-2.1,3.59,-0.86,6.0,5.31,16.0,0.7,0.5,0.4,-3.97,-0.17,4.41,0.92,6.0,5.87,16.0,0.7,0.5,0.4,1017.82,1022.85,1024.54,1021.77,6.0,3.35,16.0,0.7,0.5,0.4,1.9,4.0,6.7,4.2,5.0,3.0,18.0,0.6,0.4,0.3,-51.4,-11.3,22.4,-9.0,6.0,42.2,16.0,0.7,0.5,0.4,-24.0,-4.6,39.7,15.6,6.0,63.9,16.0,0.7,0.5,0.4,-1.55,1.0,1.38,0.08,5.0,1.77,18.0,0.6,0.4,0.3,-14.8,5.1,8.9,-1.7,5.0,13.2,18.0,0.6,0.4,0.3,1.48,3.25,6.1,3.7,5.0,2.49,18.0,0.6,0.4,0.3,11.4,29.1,36.6,25.0,5.0,13.8,18.0,0.6,0.4,0.3,-87.0,-74.2,78.3,-14.1,5.0,106.0,18.0,0.6,0.4,0.3,-63.3,-26.1,103.2,19.4,5.0,114.1,18.0,0.6,0.4,0.3,-48.4,-25.3,40.0,-6.5,5.0,58.5,18.0,0.6,0.4,0.3,-31.3,-14.6,45.8,6.7,5.0,55.9,18.0,0.6,0.4,0.3,-19.6,-11.6,10.3,-6.6,5.0,17.9,18.0,0.6,0.4,0.3,-13.4,-1.4,24.7,4.3,5.0,24.0,18.0,0.6,0.4,0.3,105.5,294.5,746.5,506.5,6.0,689.0,16.0,0.7,0.5,0.4,105.0,295.0,745.0,505.0,6.0,690.0,16.0,0.7,0.5,0.4
1974,2,192.0,33.0,15.92,17.4,18.17,17.2,6.0,1.23,12.0,0.7,0.5,0.3,14.9,17.5,18.07,16.79,7.0,2.16,12.0,0.6,0.5,0.3,7.7,11.31,11.46,9.92,5.0,2.05,12.0,0.8,0.5,0.3,74.2,84.8,92.4,82.8,5.0,13.8,12.0,0.8,0.3,4.05,7.7,8.73,6.69,7.0,2.34,12.0,0.6,0.5,0.3,-2.9,0.0,7.15,0.82,7.0,5.58,12.0,0.6,0.5,0.3,-1.42,3.14,6.18,2.81,7.0,4.05,12.0,0.6,0.5,0.3,1016.79,1021.0,1024.24,1019.94,7.0,7.69,12.0,0.6,0.5,0.3,5.5,7.0,8.0,6.8,4.0,1.5,10.0,0.3,0.5,0.3,-13.7,0.0,58.8,6.4,7.0,46.2,12.0,0.6,0.5,0.3,-11.0,12.9,55.8,19.0,7.0,32.9,12.0,0.6,0.5,0.3,-2.23,0.0,1.91,0.12,6.0,2.97,12.0,0.7,0.5,0.3,-11.0,-1.6,16.4,4.5,6.0,20.9,12.0,0.7,0.5,0.3,0.67,2.15,4.5,2.45,5.0,2.14,12.0,0.8,0.5,0.3,2.8,20.0,36.4,19.9,5.0,18.3,12.0,0.8,0.5,0.3,-47.0,0.0,114.4,18.3,7.0,85.1,12.0,0.6,0.5,0.3,-20.9,52.5,108.4,52.3,7.0,68.1,12.0,0.6,0.5,0.3,-42.0,0.0,51.0,4.4,5.0,56.1,12.0,0.8,0.5,0.3,-0.7,35.5,62.3,30.4,5.0,37.0,12.0,0.8,0.5,0.3,-16.6,-0.8,5.6,-5.7,5.0,20.5,12.0,0.8,0.5,0.3,-5.5,3.8,20.2,7.0,5.0,17.6,12.0,0.8,0.5,0.3,67.0,456.5,665.5,387.5,7.0,291.0,12.0,0.6,0.5,0.3,65.0,455.0,665.0,390.0,7.0,290.0,12.0,0.6,0.5,0.3
1974,2,192.0,34.0,15.0,15.6,17.0,15.88,11.0,0.86,14.0,0.5,0.6,0.5,14.29,15.0,16.0,15.04,11.0,0.77,12.0,0.5,0.6,0.4,7.02,8.18,10.04,8.38,10.0,1.32,14.0,0.6,0.6,0.4,69.7,79.5,89.4,78.8,10.0,9.8,14.0,0.6,0.4,3.85,8.2,10.22,7.73,12.0,3.39,12.0,0.5,0.6,0.5,-4.05,1.72,7.17,1.12,12.0,5.63,12.0,0.5,0.6,0.5,-2.98,0.36,8.96,2.29,12.0,6.15,12.0,0.5,0.6,0.5,1015.86,1022.4,1025.25,1020.87,12.0,5.4,12.0,0.5,0.6,0.5,2.2,6.0,8.0,5.3,11.0,2.7,12.0,0.5,0.6,0.4,-33.1,5.3,76.3,12.4,12.0,53.1,12.0,0.5,0.6,0.5,-17.3,1.5,95.4,29.2,12.0,67.6,12.0,0.5,0.6,0.5,0.0,0.35,1.79,0.73,10.0,1.03,14.0,0.6,0.6,0.4,0.0,1.7,11.4,4.5,10.0,8.0,14.0,0.6,0.6,0.4,1.67,2.82,3.96,2.75,10.0,1.22,14.0,0.6,0.6,0.4,8.0,18.0,29.9,19.6,10.0,11.5,14.0,0.6,0.6,0.4,-62.4,34.4,112.1,23.1,11.0,84.7,12.0,0.5,0.6,0.4,-46.1,0.0,147.5,33.0,11.0,97.8,12.0,0.5,0.6,0.4,-24.0,25.7,62.7,20.4,10.0,41.8,14.0,0.6,0.6,0.4,-23.3,-3.7,83.5,23.3,10.0,58.1,14.0,0.6,0.6,0.4,-6.9,5.3,20.4,7.0,10.0,14.1,14.0,0.6,0.6,0.4,-10.3,-1.1,13.2,1.5,10.0,17.3,14.0,0.6,0.6,0.4,59.0,557.5,1145.5,711.5,12.0,787.0,12.0,0.5,0.6,0.5,60.0,560.0,1145.0,710.0,12.0,785.0,12.0,0.5,0.6,0.5
1974,2,192.0,35.0,13.55,14.8,16.14,14.73,6.0,1.59,18.0,0.3,0.4,0.5,14.3,14.9,15.1,14.77,6.0,0.55,18.0,0.3,0.4,0.5,8.36,9.78,10.29,9.31,6.0,1.31,18.0,0.3,0.4,0.5,80.8,92.6,98.5,89.6,6.0,10.8,18.0,0.3,0.5,4.05,5.7,9.51,6.68,5.0,3.41,18.0,0.2,0.4,0.4,-5.48,0.0,3.59,-1.2,5.0,6.35,18.0,0.2,0.4,0.4,0.7,2.05,6.39,3.39,5.0,3.3,18.0,0.2,0.4,0.4,1015.33,1020.15,1022.0,1018.37,6.0,5.04,18.0,0.3,0.4,0.5,4.4,7.5,8.0,6.3,4.0,2.9,18.0,0.0,0.4,0.5,-57.1,0.0,13.6,-23.6,5.0,64.6,18.0,0.2,0.4,0.4,2.9,24.2,43.9,25.5,5.0,26.5,18.0,0.2,0.4,0.4,-0.93,-0.45,1.37,-0.03,6.0,1.8,18.0,0.3,0.4,0.5,-8.1,-2.3,10.4,1.2,5.0,13.3,18.0,0.2,0.4,0.4,-0.12,0.16,2.36,1.07,6.0,1.94,18.0,0.3,0.4,0.5,-1.6,0.5,17.7,8.1,5.0,17.5,18.0,0.2,0.4,0.4,-79.7,0.0,53.6,-16.7,5.0,92.3,18.0,0.2,0.4,0.4,10.5,29.5,92.6,48.7,5.0,46.5,18.0,0.2,0.4,0.4,-55.6,0.0,32.8,-13.8,5.0,62.5,18.0,0.2,0.4,0.4,6.3,20.7,55.8,29.0,5.0,25.4,18.0,0.2,0.4,0.4,0.1,0.5,4.3,1.9,5.0,2.4,18.0,0.2,0.4,0.4,-0.5,0.1,14.8,7.8,5.0,17.4,18.0,0.2,0.4,0.4,72.5,185.0,950.0,501.5,5.0,669.0,18.0,0.2,0.4,0.4,75.0,185.0,950.0,500.0,5.0,670.0,18.0,0.2,0.4,0.4
1974,2,192.0,36.0,13.71,14.0,14.5,13.98,6.0,0.55,16.0,0.5,0.6,0.5,12.92,14.3,16.81,14.76,7.0,2.55,16.0,0.6,0.5,0.5,7.9,8.97,10.01,8.94,6.0,1.3,16.0,0.5,0.6,0.5,82.9,90.8,98.2,90.1,6.0,8.8,16.0,0.5,0.5,4.96,9.3,12.07,8.97,7.0,4.95,16.0,0.6,0.5,0.5,0.0,5.52,12.06,6.92,7.0,6.3,16.0,0.6,0.5,0.5,-0.22,3.04,5.24,2.43,7.0,4.0,16.0,0.6,0.5,0.5,1015.36,1020.75,1022.06,1019.35,6.0,3.33,16.0,0.5,0.6,0.5,2.8,5.0,5.6,4.7,6.0,2.1,16.0,0.7,0.5,0.5,0.0,43.2,147.0,87.7,7.0,106.5,16.0,0.6,0.5,0.5,-1.6,26.0,54.2,22.6,7.0,36.0,16.0,0.6,0.5,0.5,-1.35,-0.2,1.35,-0.07,6.0,1.83,16.0,0.5,0.6,0.5,-11.4,-1.0,6.9,-2.2,6.0,11.0,16.0,0.5,0.6,0.5,-0.12,0.86,2.04,0.91,6.0,1.15,16.0,0.5,0.6,0.5,-0.9,1.8,20.9,7.5,6.0,11.8,16.0,0.5,0.6,0.5,0.0,92.1,167.3,110.1,7.0,112.4,16.0,0.6,0.5,0.5,-3.7,43.6,75.4,35.1,7.0,63.3,16.0,0.6,0.5,0.5,0.0,51.7,72.6,44.2,6.0,37.8,16.0,0.5,0.6,0.5,-9.4,20.7,57.2,21.7,6.0,44.3,16.0,0.5,0.6,0.5,-0.3,0.0,19.9,7.0,6.0,11.6,16.0,0.5,0.6,0.5,-0.8,0.0,4.3,1.2,6.0,3.4,16.0,0.5,0.6,0.5,127.0,804.5,1820.5,1323.5,7.0,1864.5,16.0,0.6,0.5,0.5,125.0,805.0,1820.0,1325.0,7.0,1865.0,16.0,0.6,0.5,0.5
1974,2,192.0,37.0,13.5,15.0,16.41,15.17,6.0,1.81,14.0,0.7,0.5,0.3,12.79,15.1,16.0,14.53,6.0,1.66,10.0,0.8,0.5,0.3,6.97,8.7,10.16,8.57,4.0,1.92,12.0,1.0,0.5,0.3,78.0,89.5,95.3,86.8,4.0,13.3,12.0,1.0,0.3,7.13,9.8,10.87,9.3,7.0,2.23,12.0,0.7,0.5,0.4,-3.11,-1.25,7.98,1.12,7.0,5.44,12.0,0.7,0.5,0.4,4.16,7.09,10.72,7.07,7.0,4.07,12.0,0.7,0.5,0.4,1007.4,1016.0,1022.5,1015.13,7.0,7.27,12.0,0.7,0.5,0.4,4.6,8.0,8.0,6.6,5.0,1.9,12.0,0.8,0.6,0.4,-21.2,-9.0,82.0,14.2,7.0,51.8,12.0,0.7,0.5,0.4,23.7,68.2,116.6,69.5,7.0,51.6,12.0,0.7,0.5,0.4,-1.81,1.0,4.37,1.26,5.0,3.2,12.0,0.8,0.4,0.3,-19.1,7.2,44.6,12.3,5.0,33.6,12.0,0.8,0.4,0.3,0.3,2.13,5.1,2.68,4.0,2.99,12.0,1.0,0.5,0.3,2.0,20.0,53.4,27.3,4.0,32.6,12.0,1.0,0.5,0.3,-29.5,-9.4,119.4,25.2,6.0,76.6,10.0,0.8,0.5,0.3,84.1,120.8,148.3,112.1,6.0,62.4,10.0,0.8,0.5,0.3,-12.6,-5.9,39.4,12.5,4.0,42.2,12.0,1.0,0.5,0.3,32.1,71.1,98.3,65.5,4.0,49.4,12.0,1.0,0.5,0.3,-6.8,-0.4,18.3,5.4,4.0,20.4,12.0,1.0,0.5,0.3,-0.4,2.5,38.6,18.3,4.0,34.0,12.0,1.0,0.5,0.3,364.5,941.0,1288.5,920.5,7.0,563.5,12.0,0.7,0.5,0.4,365.0,940.0,1290.0,920.0,7.0,565.0,12.0,0.7,0.5,0.4
1974,2,192.0,38.0,12.48,13.5,14.52,13.5,2.0,2.12,20.0,0.5,0.7,0.8,10.58,10.75,10.92,10.75,2.0,0.35,20.0,0.5,0.7,0.8,7.25,7.29,7.34,7.29,2.0,0.09,20.0,0.5,0.7,0.8,89.0,91.1,93.2,91.1,2.0,4.3,20.0,0.5,0.8,9.91,13.6,17.29,13.6,2.0,7.64,20.0,0.5,0.7,0.8,-14.99,-6.36,2.27,-6.36,2.0,17.88,20.0,0.5,0.7,0.8,0.84,2.64,4.43,2.64,2.0,3.73,20.0,0.5,0.7,0.8,1005.41,1010.8,1016.19,1010.8,2.0,11.17,20.0,0.5,0.7,0.8,7.2,7.5,7.8,7.5,2.0,0.7,20.0,0.5,0.7,0.8,-295.5,-154.7,-14.0,-154.7,2.0,291.7,20.0,0.5,0.7,0.8,6.9,21.6,36.4,21.6,2.0,30.6,20.0,0.5,0.7,0.8,1.56,2.75,3.94,2.75,2.0,2.47,20.0,0.5,0.7,0.8,20.5,46.9,73.2,46.9,2.0,54.7,20.0,0.5,0.7,0.8,1.81,2.35,2.9,2.35,2.0,1.14,20.0,0.5,0.7,0.8,20.2,36.4,52.5,36.4,2.0,33.5,20.0,0.5,0.7,0.8,-156.9,-65.2,26.5,-65.2,2.0,189.9,20.0,0.5,0.7,0.8,9.2,29.0,48.8,29.0,2.0,41.0,20.0,0.5,0.7,0.8,-110.5,-47.2,16.0,-47.2,2.0,131.0,20.0,0.5,0.7,0.8,6.0,19.0,32.1,19.0,2.0,26.9,20.0,0.5,0.7,0.8,-48.9,-25.1,-1.3,-25.1,2.0,49.3,20.0,0.5,0.7,0.8,1.3,4.1,6.9,4.1,2.0,5.8,20.0,0.5,0.7,0.8,1552.5,3705.0,5858.0,3705.0,2.0,4460.0,20.0,0.5,0.7,0.8,1550.0,3705.0,5860.0,3705.0,2.0,4460.0,20.0,0.5,0.7,0.8
1974,2,192.0,39.0,13.58,13.75,13.92,13.75,2.0,0.35,10.0,0.5,0.5,0.4,10.95,13.0,14.26,12.63,4.0,2.06,16.0,0.5,0.7,0.4,6.89,7.42,7.94,7.42,2.0,1.09,10.0,0.5,0.5,0.4,77.0,78.0,79.0,78.0,2.0,2.1,10.0,0.5,0.4,7.15,9.75,12.14,9.65,4.0,3.02,16.0,0.5,0.7,0.4,-2.62,6.78,9.47,3.58,4.0,9.23,16.0,0.5,0.7,0.4,-4.34,1.55,3.5,-0.33,4.0,5.56,16.0,0.5,0.7,0.4,1005.71,1009.25,1021.95,1013.63,4.0,11.97,16.0,0.5,0.7,0.4,2.0,4.0,6.0,4.0,4.0,2.3,16.0,0.5,0.7,0.4,-50.9,50.3,94.9,23.3,4.0,106.6,16.0,0.5,0.7,0.4,-56.0,9.6,32.0,-11.0,4.0,66.4,16.0,0.5,0.7,0.4,-0.52,0.5,1.52,0.5,2.0,2.12,10.0,0.5,0.5,0.4,-4.9,2.1,9.1,2.1,2.0,14.6,10.0,0.5,0.5,0.4,1.76,2.37,2.99,2.37,2.0,1.28,10.0,0.5,0.5,0.4,13.4,16.2,19.0,16.2,2.0,5.8,10.0,0.5,0.5,0.4,-21.1,91.7,134.5,58.3,4.0,110.4,16.0,0.5,0.7,0.4,-43.4,18.6,46.1,2.1,4.0,61.0,16.0,0.5,0.7,0.4,40.7,51.4,62.1,51.4,2.0,22.2,10.0,0.5,0.5,0.4,3.3,10.3,17.3,10.3,2.0,14.6,10.0,0.5,0.5,0.4,12.9,14.8,16.7,14.8,2.0,3.9,10.0,0.5,0.5,0.4,1.6,5.1,8.5,5.1,2.0,7.2,10.0,0.5,0.5,0.4,387.5,997.0,1811.5,1095.0,4.0,867.5,16.0,0.5,0.7,0.4,385.0,995.0,1810.0,1095.0,4.0,865.0,16.0,0.5,0.7,0.4
1974,2,192.0,40.0,11.56,11.7,12.0,11.76,5.0,0.23,18.0,0.4,0.7,0.3,9.82,10.6,11.94,10.92,5.0,1.51,18.0,0.4,0.7,0.3,5.8,5.94,6.94,6.3,5.0,0.69,18.0,0.4,0.7,0.3,74.1,76.2,82.2,77.7,5.0,4.3,18.0,0.4,0.3,6.13,12.3,15.4,11.28,5.0,5.17,18.0,0.4,0.7,0.3,-9.39,5.83,11.73,1.42,5.0,12.63,18.0,0.4,0.7,0.3,-2.75,3.13,5.21,1.66,5.0,4.51,18.0,0.4,0.7,0.3,994.59,1011.1,1030.62,1012.04,5.0,19.61,18.0,0.4,0.7,0.3,0.0,3.0,7.4,3.6,5.0,3.8,18.0,0.4,0.7,0.3,-134.0,36.1,151.4,-0.2,5.0,195.0,18.0,0.4,0.7,0.3,-16.8,51.7,71.0,33.7,5.0,50.5,18.0,0.4,0.7,0.3,-0.13,1.0,1.87,0.84,5.0,1.44,18.0,0.4,0.7,0.3,-4.7,6.0,28.1,10.7,5.0,23.5,18.0,0.4,0.7,0.3,1.73,2.62,2.64,2.26,5.0,0.51,18.0,0.4,0.7,0.3,14.0,22.6,38.0,25.8,5.0,14.4,18.0,0.4,0.7,0.3,-92.4,64.7,132.3,24.9,5.0,133.4,18.0,0.4,0.7,0.3,-29.9,29.7,60.7,20.1,5.0,53.7,18.0,0.4,0.7,0.3,-55.0,39.3,75.1,12.7,5.0,78.8,18.0,0.4,0.7,0.3,-17.1,18.6,34.2,11.6,5.0,29.7,18.0,0.4,0.7,0.3,-24.6,10.4,23.6,0.4,5.0,30.6,18.0,0.4,0.7,0.3,-6.1,8.2,11.2,3.3,5.0,9.7,18.0,0.4,0.7,0.3,230.0,1861.0,3834.5,2166.5,5.0,2308.5,18.0,0.4,0.7,0.3,230.0,1860.0,3835.0,2165.0,5.0,2310.0,18.0,0.4,0.7,0.3
1974,2,192.0,41.0,11.0,12.55,13.0,12.03,4.0,1.42,18.0,0.8,0.7,0.5,9.69,12.0,12.35,11.37,6.0,1.83,14.0,0.8,0.7,0.5,6.17,7.12,8.03,7.1,4.0,1.12,18.0,0.8,0.7,0.5,85.4,87.0,88.1,86.8,4.0,1.9,18.0,0.8,0.5,5.66,7.95,9.51,7.55,6.0,2.43,14.0,0.8,0.7,0.5,-8.29,-1.06,3.68,-1.51,6.0,6.22,14.0,0.8,0.7,0.5,-4.65,1.16,3.56,-0.39,6.0,5.72,14.0,0.8,0.7,0.5,999.87,1014.0,1029.41,1014.18,6.0,14.15,14.0,0.8,0.7,0.5,2.8,3.5,7.0,4.3,6.0,2.2,14.0,0.8,0.7,0.5,-73.2,-6.6,18.6,-17.3,6.0,50.7,14.0,0.8,0.7,0.5,-45.4,4.2,28.0,-10.9,6.0,51.9,14.0,0.8,0.7,0.5,-1.81,0.7,3.79,0.98,4.0,3.27,18.0,0.8,0.7,0.5,-8.6,10.4,37.6,14.3,4.0,27.5,18.0,0.8,0.7,0.5,0.22,1.59,2.96,1.59,4.0,1.61,18.0,0.8,0.7,0.5,1.5,13.9,29.2,15.3,4.0,16.4,18.0,0.8,0.7,0.5,-89.6,-14.5,44.1,-15.8,6.0,70.9,14.0,0.8,0.7,0.5,-43.3,13.9,44.8,4.0,6.0,58.3,14.0,0.8,0.7,0.5,-38.3,-8.8,11.1,-13.4,4.0,33.2,18.0,0.8,0.7,0.5,-41.4,-1.5,33.9,-3.7,4.0,47.2,18.0,0.8,0.7,0.5,-12.5,-0.7,-0.1,-6.1,4.0,11.1,18.0,0.8,0.7,0.5,-21.6,-4.3,1.6,-9.7,4.0,16.7,18.0,0.8,0.7,0.5,198.5,516.0,864.0,535.5,6.0,387.5,14.0,0.8,0.7,0.5,200.0,515.0,865.0,535.0,6.0,390.0,14.0,0.8,0.7,0.5
1974,2,192.0,42.0,9.0,9.0,10.37,9.6,5.0,0.89,10.0,0.6,0.6,0.7,7.87,8.9,10.05,8.66,7.0,1.87,10.0,0.7,0.6,0.5,5.2,5.45,6.05,5.61,6.0,0.61,10.0,0.7,0.6,0.6,74.2,80.8,91.2,82.7,6.0,9.8,10.0,0.7,0.6,3.08,8.7,12.9,8.46,7.0,4.24,10.0,0.7,0.6,0.5,2.77,7.53,10.27,6.83,7.0,4.28,10.0,0.7,0.6,0.5,-2.26,1.42,4.68,2.41,7.0,4.69,10.0,0.7,0.6,0.5,996.33,1001.0,1012.08,1006.17,7.0,13.6,10.0,0.7,0.6,0.5,0.0,3.0,7.0,3.6,7.0,3.1,10.0,0.7,0.6,0.5,8.6,66.2,112.2,71.1,7.0,56.6,10.0,0.7,0.6,0.5,-7.8,11.7,44.9,28.7,7.0,56.3,10.0,0.7,0.6,0.5,0.06,1.0,2.75,1.58,5.0,2.41,10.0,0.6,0.6,0.7,0.2,8.2,35.5,19.2,5.0,31.5,10.0,0.6,0.6,0.7,1.13,1.87,2.45,1.81,5.0,0.81,10.0,0.6,0.6,0.7,4.4,17.3,25.1,16.1,5.0,13.8,10.0,0.6,0.6,0.7,24.7,64.6,83.5,55.4,7.0,33.1,10.0,0.7,0.6,0.5,-12.3,11.4,49.8,22.2,7.0,38.9,10.0,0.7,0.6,0.5,12.2,38.9,58.5,36.3,6.0,25.3,10.0,0.7,0.6,0.6,-13.2,6.3,29.7,11.5,6.0,29.9,10.0,0.7,0.6,0.6,3.5,8.7,24.7,13.7,5.0,14.4,10.0,0.6,0.6,0.7,-3.6,2.0,7.5,2.3,5.0,8.0,10.0,0.6,0.6,0.7,29.0,658.5,2146.5,973.0,7.0,905.0,10.0,0.7,0.6,0.5,30.0,660.0,2145.0,975.0,7.0,905.0,10.0,0.7,0.6,0.5
1974,2,192.0,43.0,7.82,9.0,9.37,8.7,5.0,0.97,16.0,0.2,0.6,0.4,5.98,8.0,9.05,7.64,7.0,1.68,14.0,0.1,0.6,0.3,4.22,4.48,4.67,4.45,3.0,0.33,14.0,0.3,0.7,0.6,68.4,70.7,76.6,72.5,3.0,6.1,14.0,0.3,0.6,17.5,21.6,23.22,21.16,7.0,2.96,14.0,0.1,0.6,0.3,15.14,20.01,20.93,15.48,7.0,11.85,14.0,0.1,0.6,0.3,-8.09,0.0,8.92,-0.5,7.0,10.52,14.0,0.1,0.6,0.3,989.0,996.5,1002.62,999.07,7.0,12.27,14.0,0.1,0.6,0.3,2.9,5.0,7.0,4.7,7.0,2.2,14.0,0.1,0.6,0.3,262.9,417.9,469.7,331.5,7.0,272.6,14.0,0.1,0.6,0.3,-178.4,0.0,227.9,-6.8,7.0,234.3,14.0,0.1,0.6,0.3,0.82,1.0,3.05,1.8,5.0,1.44,16.0,0.2,0.6,0.4,14.3,20.6,66.6,37.7,5.0,32.5,16.0,0.2,0.6,0.4,2.3,2.42,2.45,2.37,3.0,0.12,14.0,0.3,0.7,0.6,45.1,49.5,49.8,47.5,3.0,3.8,14.0,0.3,0.7,0.6,105.7,131.9,200.9,125.6,7.0,92.2,14.0,0.1,0.6,0.3,-45.0,0.0,80.8,9.3,7.0,77.6,14.0,0.1,0.6,0.3,79.9,83.2,89.9,84.9,3.0,7.5,14.0,0.3,0.7,0.6,-27.8,-14.7,14.8,-6.7,3.0,31.9,14.0,0.3,0.7,0.6,42.4,46.5,48.3,45.4,3.0,4.5,14.0,0.3,0.7,0.6,-14.3,-8.7,7.3,-3.6,3.0,16.4,14.0,0.3,0.7,0.6,5359.5,10077.5,12548.5,9947.5,7.0,4068.5,14.0,0.1,0.6,0.3,5360.0,10080.0,12550.0,9950.0,7.0,4070.0,14.0,0.1,0.6,0.3
1974,2,192.0,44.0,5.77,7.0,8.41,7.1,6.0,1.84,12.0,0.2,0.4,0.6,4.55,5.75,8.21,6.05,6.0,2.26,12.0,0.2,0.4,0.6,4.3,4.97,6.41,5.1,6.0,1.35,12.0,0.2,0.4,0.6,80.9,85.8,90.4,84.9,6.0,11.2,12.0,0.2,0.6,6.51,14.65,17.74,12.52,6.0,7.36,12.0,0.2,0.4,0.6,-1.44,11.68,17.74,9.0,6.0,10.7,12.0,0.2,0.4,0.6,-0.55,0.0,2.49,1.56,6.0,5.24,12.0,0.2,0.4,0.6,996.17,1000.0,1007.2,1003.82,6.0,14.2,12.0,0.2,0.4,0.6,5.2,7.5,8.0,6.5,6.0,2.3,12.0,0.2,0.4,0.6,-19.9,150.4,317.0,152.9,6.0,195.8,12.0,0.2,0.4,0.6,-8.5,0.0,34.6,21.0,6.0,73.5,12.0,0.2,0.4,0.6,-1.21,0.5,3.65,1.05,6.0,2.8,12.0,0.2,0.4,0.6,-19.5,-4.1,42.9,8.0,6.0,41.6,12.0,0.2,0.4,0.6,-0.03,1.02,2.82,1.24,6.0,1.46,12.0,0.2,0.4,0.6,-1.3,2.4,31.6,12.2,6.0,20.5,12.0,0.2,0.4,0.6,-11.5,74.8,95.1,52.2,6.0,68.0,12.0,0.2,0.4,0.6,-2.8,0.0,19.9,13.8,6.0,40.8,12.0,0.2,0.4,0.6,-9.6,61.5,85.0,43.9,6.0,57.1,12.0,0.2,0.4,0.6,-2.6,0.0,16.7,11.4,6.0,34.4,12.0,0.2,0.4,0.6,1.2,3.2,31.5,13.6,6.0,18.9,12.0,0.2,0.4,0.6,-5.9,0.0,0.0,-2.2,6.0,3.6,12.0,0.2,0.4,0.6,437.5,3169.0,5703.5,3424.0,6.0,3196.0,12.0,0.2,0.4,0.6,440.0,3170.0,5705.0,3425.0,6.0,3195.0,12.0,0.2,0.4,0.6
1974,2,192.0,45.0,6.7,6.7,6.9,6.8,3.0,0.17,8.0,0.3,0.8,0.3,5.0,6.4,7.38,6.2,4.0,1.67,12.0,0.3,0.8,0.4,5.25,5.6,6.04,5.64,3.0,0.58,8.0,0.3,0.8,0.3,87.4,92.0,92.5,90.0,3.0,4.2,8.0,0.3,0.3,7.79,11.05,14.21,10.97,6.0,3.43,16.0,0.3,0.7,0.4,-8.76,0.42,8.14,-0.1,6.0,8.97,16.0,0.3,0.7,0.4,-5.92,-0.86,10.08,1.51,6.0,8.54,16.0,0.3,0.7,0.4,997.52,1007.0,1021.68,1008.83,6.0,15.41,16.0,0.3,0.7,0.4,8.0,8.0,8.0,8.0,2.0,0.0,14.0,0.0,0.8,0.3,-101.5,-21.6,73.0,-17.8,6.0,102.2,16.0,0.3,0.7,0.4,-66.1,-8.2,144.6,32.0,6.0,117.7,16.0,0.3,0.7,0.4,-0.68,0.0,0.41,-0.13,3.0,0.81,8.0,0.3,0.8,0.3,-10.5,0.0,4.6,-2.9,3.0,11.4,8.0,0.3,0.8,0.3,0.18,0.49,0.93,0.56,3.0,0.55,8.0,0.3,0.8,0.3,2.6,6.8,10.9,6.8,3.0,6.1,8.0,0.3,0.8,0.3,-57.4,-37.6,15.5,-21.7,4.0,56.7,12.0,0.3,0.8,0.4,-31.3,16.0,89.2,28.3,4.0,72.4,12.0,0.3,0.8,0.4,-51.1,-32.9,23.5,-14.2,3.0,57.0,8.0,0.3,0.8,0.3,-3.7,50.0,77.5,37.2,3.0,60.5,8.0,0.3,0.8,0.3,-3.6,-0.2,7.5,1.9,3.0,8.4,8.0,0.3,0.8,0.3,-4.2,0.6,3.2,-0.5,3.0,5.5,8.0,0.3,0.8,0.3,486.5,1351.5,2885.0,1638.5,6.0,1302.0,16.0,0.3,0.7,0.4,485.0,1350.0,2885.0,1640.0,6.0,1300.0,16.0,0.3,0.7,0.4
1974,2,192.0,46.0,5.48,6.5,6.84,6.17,3.0,1.04,6.0,0.0,0.7,0.5,4.24,4.75,5.58,4.9,4.0,0.9,10.0,0.3,0.6,0.6,3.8,4.2,4.78,4.28,4.0,0.59,10.0,0.3,0.6,0.6,71.1,74.1,89.1,79.8,4.0,13.8,10.0,0.3,0.6,6.34,7.7,9.59,7.95,4.0,2.55,10.0,0.3,0.6,0.6,1.53,4.72,9.59,5.52,4.0,4.83,10.0,0.3,0.6,0.6,0.0,2.4,6.25,3.09,4.0,3.75,10.0,0.3,0.6,0.6,999.95,1005.0,1015.6,1007.65,4.0,10.25,10.0,0.3,0.6,0.6,4.4,7.0,7.5,6.0,4.0,2.7,10.0,0.3,0.6,0.6,9.6,34.8,95.1,51.5,4.0,55.9,10.0,0.3,0.6,0.6,0.0,12.2,42.2,20.7,4.0,27.6,10.0,0.3,0.6,0.6,-0.27,1.5,2.18,0.97,3.0,1.86,6.0,0.0,0.7,0.5,-6.1,7.7,15.6,4.8,3.0,16.0,6.0,0.0,0.7,0.5,1.31,2.16,2.42,1.87,3.0,0.85,6.0,0.0,0.7,0.5,10.6,11.0,16.8,13.6,3.0,5.1,6.0,0.0,0.7,0.5,7.0,21.7,52.6,29.4,4.0,29.4,10.0,0.3,0.6,0.6,0.0,12.0,27.3,13.6,4.0,15.9,10.0,0.3,0.6,0.6,6.7,17.8,40.7,23.4,4.0,21.4,10.0,0.3,0.6,0.6,0.0,9.2,28.6,14.1,4.0,18.1,10.0,0.3,0.6,0.6,5.9,10.4,16.6,11.2,3.0,7.9,6.0,0.0,0.7,0.5,0.0,0.0,7.1,3.5,3.0,6.0,6.0,0.0,0.7,0.5,287.0,456.5,973.5,622.0,4.0,568.0,10.0,0.3,0.6,0.6,285.0,455.0,975.0,620.0,4.0,570.0,10.0,0.3,0.6,0.6
1974,2,192.0,47.0,5.29,6.0,7.1,6.08,6.0,1.07,18.0,0.3,0.7,0.2,2.38,4.0,5.5,3.67,6.0,2.07,18.0,0.3,0.7,0.2,3.18,4.42,4.83,4.14,6.0,0.96,18.0,0.3,0.7,0.2,72.5,85.3,92.1,83.0,6.0,9.7,18.0,0.3,0.2,5.37,6.7,12.15,8.32,6.0,4.23,18.0,0.3,0.7,0.2,-6.01,0.57,3.45,-1.1,6.0,7.1,18.0,0.3,0.7,0.2,-7.16,-2.91,6.04,-1.32,6.0,6.86,18.0,0.3,0.7,0.2,998.95,1017.75,1034.15,1015.82,6.0,20.39,18.0,0.3,0.7,0.2,4.4,8.0,8.0,6.5,6.0,2.5,18.0,0.3,0.7,0.2,-55.8,3.8,31.0,-19.1,6.0,97.5,18.0,0.3,0.7,0.2,-58.9,-18.1,49.9,-5.3,6.0,75.0,18.0,0.3,0.7,0.2,1.29,2.25,3.71,2.42,6.0,1.43,18.0,0.3,0.7,0.2,11.7,21.1,28.5,19.5,6.0,10.7,18.0,0.3,0.7,0.2,1.08,1.41,2.48,1.68,6.0,0.74,18.0,0.3,0.7,0.2,8.0,12.9,19.5,13.1,6.0,6.1,18.0,0.3,0.7,0.2,-33.0,-1.5,13.6,-9.6,6.0,36.0,18.0,0.3,0.7,0.2,-26.8,0.0,22.1,-0.6,6.0,28.8,18.0,0.3,0.7,0.2,-29.8,0.8,13.5,-7.6,6.0,35.1,18.0,0.3,0.7,0.2,-26.1,-7.9,26.9,-2.5,6.0,30.1,18.0,0.3,0.7,0.2,-7.1,1.8,6.9,-0.6,6.0,9.2,18.0,0.3,0.7,0.2,-15.0,-4.2,9.0,-3.8,6.0,11.9,18.0,0.3,0.7,0.2,161.0,306.0,1899.0,993.5,6.0,1395.5,18.0,0.3,0.7,0.2,160.0,305.0,1900.0,995.0,6.0,1395.0,18.0,0.3,0.7,0.2
1974,2,192.0,48.0,2.79,5.0,5.1,4.25,6.0,1.41,18.0,0.5,0.6,0.4,1.57,2.75,6.21,3.17,6.0,3.17,18.0,0.5,0.6,0.4,3.33,4.08,5.63,4.34,6.0,1.21,18.0,0.5,0.6,0.4,82.8,88.6,93.5,88.5,6.0,7.5,18.0,0.5,0.4,5.16,7.2,10.51,7.47,6.0,3.0,18.0,0.5,0.6,0.4,-1.95,1.81,5.48,1.48,6.0,4.45,18.0,0.5,0.6,0.4,-7.47,2.23,6.48,0.64,6.0,7.28,18.0,0.5,0.6,0.4,984.69,1003.5,1030.43,1006.5,6.0,23.56,18.0,0.5,0.6,0.4,7.4,8.0,8.0,7.5,6.0,1.2,18.0,0.5,0.6,0.4,-17.7,8.2,49.6,8.1,6.0,42.5,18.0,0.5,0.6,0.4,-59.5,12.0,48.2,3.9,6.0,70.1,18.0,0.5,0.6,0.4,-2.41,1.5,3.43,1.08,6.0,3.87,18.0,0.5,0.6,0.4,-20.8,5.7,26.2,6.4,6.0,38.7,18.0,0.5,0.6,0.4,-0.3,1.23,1.75,0.84,6.0,1.37,18.0,0.5,0.6,0.4,-3.4,6.2,11.8,4.9,6.0,13.5,18.0,0.5,0.6,0.4,-15.2,0.1,14.5,1.5,6.0,26.6,18.0,0.5,0.6,0.4,0.3,17.0,26.3,16.3,6.0,24.9,18.0,0.5,0.6,0.4,-10.4,6.6,19.7,4.6,6.0,23.5,18.0,0.5,0.6,0.4,-24.7,10.6,31.7,9.0,6.0,31.8,18.0,0.5,0.6,0.4,-0.3,2.6,9.2,4.1,6.0,5.3,18.0,0.5,0.6,0.4,-15.9,-4.1,4.0,-5.6,6.0,11.1,18.0,0.5,0.6,0.4,153.0,373.0,1165.0,583.0,6.0,557.0,18.0,0.5,0.6,0.4,155.0,375.0,1165.0,585.0,6.0,555.0,18.0,0.5,0.6,0.4
1974,2,192.0,49.0,3.38,5.75,6.29,4.93,6.0,2.16,18.0,0.5,0.4,0.3,3.98,5.5,7.6,5.73,6.0,1.75,18.0,0.5,0.4,0.3,3.72,4.79,6.08,4.86,6.0,1.25,18.0,0.5,0.4,0.3,74.9,85.4,91.4,83.3,6.0,10.7,18.0,0.5,0.3,6.35,9.25,13.11,9.27,6.0,3.98,18.0,0.5,0.4,0.3,1.1,6.43,9.59,5.95,6.0,4.52,18.0,0.5,0.4,0.3,-9.28,2.93,4.97,-0.37,6.0,7.47,18.0,0.5,0.4,0.3,984.92,1007.35,1024.33,1005.88,6.0,20.27,18.0,0.5,0.4,0.3,1.6,6.5,8.0,5.2,6.0,3.4,18.0,0.5,0.4,0.3,7.5,58.1,130.8,67.9,6.0,61.8,18.0,0.5,0.4,0.3,-103.5,16.2,52.3,-16.6,6.0,83.9,18.0,0.5,0.4,0.3,-2.41,-1.0,1.25,-0.8,6.0,2.28,18.0,0.5,0.4,0.3,-18.2,-3.1,14.9,-3.0,6.0,19.7,18.0,0.5,0.4,0.3,-0.54,0.46,1.53,0.6,6.0,1.25,18.0,0.5,0.4,0.3,-2.4,7.1,18.3,8.4,6.0,12.6,18.0,0.5,0.4,0.3,8.3,27.9,45.6,30.1,6.0,25.0,18.0,0.5,0.4,0.3,-36.4,19.2,32.0,6.8,6.0,37.6,18.0,0.5,0.4,0.3,6.6,25.5,40.3,26.4,6.0,21.6,18.0,0.5,0.4,0.3,-31.4,16.4,26.4,4.6,6.0,32.3,18.0,0.5,0.4,0.3,-1.1,4.9,13.6,5.7,6.0,8.2,18.0,0.5,0.4,0.3,-14.2,-1.6,0.0,-5.6,6.0,10.1,18.0,0.5,0.4,0.3,302.5,822.0,2258.0,1146.5,6.0,1055.5,18.0,0.5,0.4,0.3,300.0,820.0,2260.0,1145.0,6.0,1055.0,18.0,0.5,0.4,0.3
1974,2,192.0,50.0,2.98,4.1,4.37,3.65,6.0,1.39,12.0,0.5,0.6,0.4,3.4,4.25,6.04,4.53,6.0,1.39,12.0,0.5,0.6,0.4,4.21,4.59,5.15,4.56,6.0,0.78,12.0,0.5,0.6,0.4,80.7,88.4,91.5,85.5,6.0,9.0,12.0,0.5,0.4,4.1,6.0,8.63,6.45,6.0,2.42,12.0,0.5,0.6,0.4,-2.74,0.0,2.87,-0.56,6.0,4.0,12.0,0.5,0.6,0.4,-6.0,0.61,6.84,0.59,6.0,6.24,12.0,0.5,0.6,0.4,985.28,988.65,1024.12,999.63,6.0,19.84,12.0,0.5,0.6,0.4,2.8,8.0,8.0,6.2,6.0,2.9,12.0,0.5,0.6,0.4,-21.3,0.0,15.0,-8.5,6.0,37.1,12.0,0.5,0.6,0.4,-36.0,2.5,64.2,10.7,6.0,46.7,12.0,0.5,0.6,0.4,-2.04,-1.25,0.7,-0.88,6.0,1.3,12.0,0.5,0.6,0.4,-16.0,-6.1,4.2,-6.2,6.0,9.5,12.0,0.5,0.6,0.4,0.09,0.43,0.78,0.44,6.0,0.37,12.0,0.5,0.6,0.4,0.7,2.6,4.2,2.5,6.0,1.8,12.0,0.5,0.6,0.4,-14.8,0.0,11.1,-3.5,6.0,19.7,12.0,0.5,0.6,0.4,-21.0,7.6,36.1,9.0,6.0,29.6,12.0,0.5,0.6,0.4,-13.6,0.0,10.8,-3.3,6.0,18.0,12.0,0.5,0.6,0.4,-27.0,6.4,32.4,4.7,6.0,29.4,12.0,0.5,0.6,0.4,-0.3,0.0,0.8,0.3,6.0,1.3,12.0,0.5,0.6,0.4,-4.2,-1.1,0.9,-1.5,6.0,2.5,12.0,0.5,0.6,0.4,69.0,216.0,663.0,369.0,6.0,396.0,12.0,0.5,0.6,0.4,70.0,215.0,665.0,370.0,6.0,395.0,12.0,0.5,0.6,0.4
1974,2,192.0,51.0,2.93,3.8,6.02,4.04,7.0,1.77,12.0,0.7,0.5,0.4,3.06,4.25,5.0,3.56,8.0,2.86,12.0,0.6,0.6,0.4,3.75,4.15,4.61,4.1,6.0,0.59,12.0,0.5,0.6,0.4,75.7,84.6,88.6,83.2,6.0,10.9,12.0,0.5,0.4,8.13,10.3,15.0,11.78,9.0,5.03,12.0,0.7,0.6,0.5,-6.65,0.0,8.49,0.64,9.0,8.21,12.0,0.7,0.6,0.5,-8.88,-5.98,11.52,-1.04,9.0,10.6,12.0,0.7,0.6,0.5,985.08,993.0,1009.23,997.36,9.0,14.47,12.0,0.7,0.6,0.5,6.0,8.0,8.0,7.3,7.0,1.0,14.0,0.7,0.6,0.5,-56.6,0.0,94.7,28.3,9.0,134.9,12.0,0.7,0.6,0.5,-112.6,-55.6,172.6,20.4,9.0,176.1,12.0,0.7,0.6,0.5,-1.37,-0.5,0.72,-0.12,6.0,1.9,12.0,0.7,0.5,0.3,-11.6,-5.4,16.3,7.4,6.0,35.4,12.0,0.7,0.5,0.3,0.51,0.81,1.9,1.1,5.0,0.82,12.0,0.6,0.6,0.3,5.1,12.4,25.9,16.3,5.0,18.0,12.0,0.6,0.6,0.3,-25.2,19.2,41.4,9.7,8.0,31.8,12.0,0.6,0.6,0.4,-34.5,3.9,48.2,3.7,8.0,41.3,12.0,0.6,0.6,0.4,-22.6,17.2,44.9,14.5,6.0,33.7,12.0,0.5,0.6,0.4,-20.4,2.9,66.8,15.8,6.0,42.9,12.0,0.5,0.6,0.4,2.6,4.7,15.7,9.2,5.0,12.1,12.0,0.6,0.6,0.3,-4.8,2.7,20.6,7.5,5.0,18.3,12.0,0.6,0.6,0.3,550.5,1092.5,3391.5,2541.0,9.0,3555.5,12.0,0.7,0.6,0.5,550.0,1095.0,3390.0,2540.0,9.0,3555.0,12.0,0.7,0.6,0.5
1974,2,192.0,52.0,3.08,4.5,5.0,4.17,9.0,0.88,8.0,0.6,0.5,0.5,-0.61,3.0,4.41,2.15,11.0,2.86,8.0,0.5,0.5,0.5,2.23,3.96,4.75,3.78,7.0,1.15,6.0,0.4,0.6,0.4,58.8,84.2,86.0,77.4,7.0,15.7,6.0,0.4,0.4,5.91,9.3,16.31,11.11,10.0,6.09,8.0,0.5,0.5,0.5,-1.31,4.03,8.53,3.35,10.0,6.12,8.0,0.5,0.5,0.5,-11.61,-3.01,2.8,-3.3,10.0,10.59,8.0,0.5,0.5,0.5,984.11,991.9,1010.17,996.33,11.0,12.77,8.0,0.5,0.5,0.5,4.6,8.0,8.0,6.7,11.0,1.7,8.0,0.5,0.5,0.5,-6.0,24.5,104.3,25.5,10.0,94.4,8.0,0.5,0.5,0.5,-154.5,-22.8,14.1,-60.0,10.0,205.7,8.0,0.5,0.5,0.5,-0.1,1.2,3.1,1.54,9.0,1.6,8.0,0.6,0.5,0.5,-1.8,15.0,32.4,17.7,8.0,18.2,6.0,0.5,0.5,0.4,0.59,1.41,2.47,1.42,7.0,0.88,6.0,0.4,0.6,0.4,3.7,22.4,31.8,19.6,7.0,12.4,6.0,0.4,0.6,0.4,-8.6,11.6,29.3,11.8,10.0,20.9,8.0,0.5,0.5,0.5,-26.7,3.4,19.1,1.6,10.0,31.8,8.0,0.5,0.5,0.5,-1.5,26.9,31.3,14.6,7.0,26.2,6.0,0.4,0.6,0.4,-54.3,-9.8,8.4,-13.7,7.0,49.8,6.0,0.4,0.6,0.4,-0.5,2.0,12.1,5.0,7.0,12.8,6.0,0.4,0.6,0.4,-24.6,-10.9,1.6,-9.4,7.0,17.5,6.0,0.4,0.6,0.4,208.0,804.5,4373.0,2649.5,10.0,4090.5,8.0,0.5,0.5,0.5,210.0,805.0,4375.0,2650.0,10.0,4090.0,8.0,0.5,0.5,0.5
1974,2,192.0,53.0,2.9,4.0,4.4,3.56,5.0,1.44,16.0,0.0,0.4,0.2,1.76,3.0,3.3,2.1,6.0,2.5,18.0,0.2,0.5,0.2,2.09,2.87,3.65,2.87,2.0,1.61,26.0,0.5,0.7,0.0,62.6,72.4,82.1,72.4,2.0,20.3,26.0,0.5,0.0,4.86,10.3,12.14,9.09,7.0,5.63,18.0,0.1,0.5,0.2,-8.92,1.61,5.34,0.49,7.0,7.18,18.0,0.1,0.5,0.2,-6.53,-5.15,-1.29,-5.58,7.0,6.31,18.0,0.1,0.5,0.2,983.4,1021.8,1027.52,1013.07,7.0,20.5,18.0,0.1,0.5,0.2,1.6,5.0,5.7,4.0,5.0,2.4,26.0,0.2,0.6,0.0,-91.9,3.4,30.5,-1.7,7.0,73.7,18.0,0.1,0.5,0.2,-83.5,-53.0,-2.7,-78.9,7.0,127.4,18.0,0.1,0.5,0.2,,,,,,,,,,,,,,,,,,,,,,,,,,,,,,,,,,,,,,,,,-29.4,6.5,18.5,0.0,6.0,24.8,18.0,0.2,0.5,0.2,-17.1,-12.2,11.8,-0.4,6.0,29.0,18.0,0.2,0.5,0.2,3.2,10.2,17.2,10.2,2.0,14.5,26.0,0.5,0.7,0.0,-27.7,-16.5,-5.2,-16.5,2.0,23.3,26.0,0.5,0.7,0.0,,,,,,,,,,,,,,,,,,,,,,,,,,,,,,,,,,,,,,,,
1974,2,192.0,54.0,1.94,3.5,4.0,3.09,25.0,1.22,14.0,0.2,0.6,0.3,-9.0,-5.5,2.22,-3.81,28.0,5.1,16.0,0.2,0.6,0.3,1.8,3.46,4.36,3.22,9.0,1.3,12.0,0.3,0.6,0.3,82.2,85.0,90.7,83.1,9.0,13.7,12.0,0.3,0.3,8.75,11.8,13.9,10.94,25.0,3.37,14.0,0.2,0.5,0.3,-10.65,-6.89,0.33,-4.95,25.0,6.08,14.0,0.2,0.5,0.3,-10.21,-8.29,1.05,-5.62,25.0,6.38,14.0,0.2,0.5,0.3,994.89,1018.6,1029.29,1014.8,26.0,17.38,16.0,0.2,0.6,0.3,6.1,7.5,8.0,6.7,14.0,2.1,16.0,0.3,0.7,0.4,-148.0,-68.2,1.7,-59.9,25.0,79.2,14.0,0.2,0.5,0.3,-135.0,-100.0,9.8,-72.2,25.0,80.2,14.0,0.2,0.5,0.3,0.44,7.5,12.5,6.62,25.0,5.41,14.0,0.2,0.6,0.3,2.8,89.3,153.6,82.7,24.0,73.1,14.0,0.1,0.6,0.3,0.81,1.94,3.26,1.85,9.0,1.3,12.0,0.3,0.6,0.3,4.2,25.1,46.3,24.2,9.0,19.8,12.0,0.3,0.6,0.3,-9.8,17.3,70.2,28.8,25.0,43.3,14.0,0.2,0.5,0.3,-1.0,44.7,74.4,42.1,25.0,41.9,14.0,0.2,0.5,0.3,-27.5,-11.8,10.8,-8.0,9.0,24.0,12.0,0.3,0.6,0.3,-29.8,-14.5,22.0,-9.7,9.0,27.0,12.0,0.3,0.6,0.3,-27.9,-5.2,6.2,-9.7,9.0,16.9,12.0,0.3,0.6,0.3,-29.8,-19.7,-0.4,-16.8,9.0,18.5,12.0,0.3,0.6,0.3,677.0,1643.0,2685.5,1632.5,25.0,1042.0,14.0,0.2,0.5,0.3,675.0,1645.0,2685.0,1635.0,25.0,1040.0,14.0,0.2,0.5,0.3
1974,2,192.0,55.0,1.01,1.6,3.2,1.93,8.0,1.41,18.0,0.0,0.5,0.2,-8.64,0.0,2.11,-2.36,10.0,5.5,20.0,0.0,0.5,0.3,4.21,4.29,4.38,4.29,2.0,0.18,16.0,0.0,0.3,0.4,93.1,95.9,98.7,95.9,2.0,5.8,16.0,0.0,0.4,7.16,9.6,14.33,10.55,6.0,3.75,22.0,0.0,0.4,0.3,-7.47,3.29,9.22,1.49,6.0,9.33,22.0,0.0,0.4,0.3,-7.1,-6.11,0.22,-3.1,6.0,6.81,22.0,0.0,0.4,0.3,995.12,1022.6,1031.72,1016.17,9.0,17.93,20.0,0.0,0.5,0.3,2.1,7.0,8.0,5.4,8.0,3.2,20.0,0.0,0.5,0.3,-75.4,23.0,114.0,19.3,6.0,124.6,22.0,0.0,0.4,0.3,-81.7,-47.5,20.7,-20.3,6.0,94.7,22.0,0.0,0.4,0.3,0.24,2.55,6.66,3.63,8.0,4.76,18.0,0.0,0.5,0.2,-12.0,6.6,77.4,34.3,5.0,84.2,22.0,0.0,0.5,0.2,1.14,1.14,1.14,1.14,1.0,0.0,8.0,0.0,0.6,0.0,9.4,9.4,9.4,9.4,1.0,0.0,8.0,0.0,0.6,0.0,-2.9,5.4,58.5,28.1,6.0,54.0,22.0,0.0,0.4,0.3,-12.2,-3.0,41.9,12.9,6.0,35.5,22.0,0.0,0.4,0.3,-22.0,-13.1,-4.2,-13.1,2.0,18.5,16.0,0.0,0.3,0.4,-30.3,-26.9,-23.5,-26.9,2.0,7.0,16.0,0.0,0.3,0.4,-7.2,-7.2,-7.2,-7.2,1.0,0.0,8.0,0.0,0.6,0.0,-6.0,-6.0,-6.0,-6.0,1.0,0.0,8.0,0.0,0.6,0.0,367.0,941.0,2977.0,1563.5,6.0,1527.0,22.0,0.0,0.4,0.3,365.0,940.0,2975.0,1565.0,6.0,1525.0,22.0,0.0,0.4,0.3
1974,2,192.0,56.0,2.0,2.5,2.5,2.28,32.0,0.4,10.0,0.3,0.5,0.2,-5.96,-1.5,1.5,-2.19,33.0,4.27,10.0,0.2,0.5,0.2,2.08,2.79,3.96,2.94,32.0,0.93,10.0,0.3,0.5,0.2,79.2,88.2,91.9,86.2,32.0,9.0,10.0,0.3,0.2,6.57,10.3,14.48,10.08,32.0,3.88,10.0,0.3,0.5,0.2,-10.18,-3.52,2.72,-3.34,32.0,6.46,10.0,0.3,0.5,0.2,-11.63,-6.64,0.04,-5.79,32.0,5.65,10.0,0.3,0.5,0.2,990.3,997.9,1014.36,1000.59,32.0,11.47,10.0,0.3,0.5,0.2,6.0,8.0,8.0,7.3,24.0,1.2,10.0,0.3,0.5,0.2,-148.4,-27.8,18.4,-37.4,32.0,88.2,10.0,0.3,0.5,0.2,-138.7,-54.7,0.1,-69.3,32.0,75.4,10.0,0.3,0.5,0.2,0.5,3.75,8.04,4.45,32.0,4.04,10.0,0.3,0.5,0.2,4.9,37.2,92.7,51.9,32.0,51.1,10.0,0.3,0.5,0.2,0.67,1.68,2.41,1.58,32.0,0.81,10.0,0.3,0.5,0.2,5.0,14.1,28.7,17.5,32.0,12.1,10.0,0.3,0.5,0.2,-11.9,0.0,44.4,8.9,32.0,30.8,10.0,0.3,0.5,0.2,-6.5,11.0,48.6,24.8,32.0,40.7,10.0,0.3,0.5,0.2,-28.6,-12.7,7.4,-10.0,32.0,17.2,10.0,0.3,0.5,0.2,-31.9,-16.9,0.2,-15.4,32.0,16.1,10.0,0.3,0.5,0.2,-23.9,-3.3,5.4,-5.0,32.0,13.3,10.0,0.3,0.5,0.2,-22.9,-9.6,0.0,-10.6,32.0,12.1,10.0,0.3,0.5,0.2,287.5,1092.5,3039.5,1454.5,32.0,1282.5,10.0,0.3,0.5,0.2,285.0,1095.0,3040.0,1455.0,32.0,1280.0,10.0,0.3,0.5,0.2
1974,2,192.0,57.0,,,,,,,,,,,,,,,,,,,,,,,,,,,,,,,,,,,,,,,,7.16,9.8,13.15,9.78,12.0,3.88,12.0,0.0,0.6,0.5,-10.33,-5.6,0.0,-5.36,12.0,4.7,12.0,0.0,0.6,0.5,-9.94,-8.34,0.8,-6.02,12.0,5.13,12.0,0.0,0.6,0.5,989.54,999.8,1003.34,999.03,16.0,8.51,10.0,0.2,0.6,0.5,,,,,,,,,,,,,,,,,,,,,,,,,,,,,,,,,,,,,,,,,,,,,,,,,,,,,,,,,,,,,,,,,,,,,,,,,,,,,,,,,,,,,,,,,,,,,,,,,,,,,,,,,,,,,,,,,,,,,,,,,,,,,,,,,,,,,,,,,,,,,,,,,,,,,,
1974,2,192.0,59.0,,,,,,,,,,,,,,,,,,,,,,,,,,,,,,,,,,,,,,,,15.4,15.4,15.4,15.4,1.0,0.0,24.0,0.0,0.3,0.2,-2.67,-2.67,-2.67,-2.67,1.0,0.0,24.0,0.0,0.3,0.2,15.17,15.17,15.17,15.17,1.0,0.0,24.0,0.0,0.3,0.2,1025.5,1025.5,1025.5,1025.5,1.0,0.0,24.0,0.0,0.3,0.2,,,,,,,,,,,,,,,,,,,,,,,,,,,,,,,,,,,,,,,,,,,,,,,,,,,,,,,,,,,,,,,,,,,,,,,,,,,,,,,,,,,,,,,,,,,,,,,,,,,,,,,,,,,,,,,,,,,,,,,,,,,,,,,,,,,,,,,,,,,,,,,,,,,,,,
1974,2,193.0,-73.0,0.2,0.2,0.2,0.2,1.0,0.0,18.0,0.0,0.5,0.6,-3.3,-3.3,-3.3,-3.3,1.0,0.0,18.0,0.0,0.5,0.6,2.24,2.24,2.24,2.24,1.0,0.0,18.0,0.0,0.5,0.6,72.7,72.7,72.7,72.7,1.0,0.0,18.0,0.0,0.6,5.7,5.7,5.7,5.7,1.0,0.0,18.0,0.0,0.5,0.6,0.99,0.99,0.99,0.99,1.0,0.0,18.0,0.0,0.5,0.6,5.61,5.61,5.61,5.61,1.0,0.0,18.0,0.0,0.5,0.6,975.6,975.6,975.6,975.6,1.0,0.0,18.0,0.0,0.5,0.6,7.0,7.0,7.0,7.0,1.0,0.0,18.0,0.0,0.5,0.6,5.6,5.6,5.6,5.6,1.0,0.0,18.0,0.0,0.5,0.6,32.0,32.0,32.0,32.0,1.0,0.0,18.0,0.0,0.5,0.6,3.5,3.5,3.5,3.5,1.0,0.0,18.0,0.0,0.5,0.6,20.0,20.0,20.0,20.0,1.0,0.0,18.0,0.0,0.5,0.6,1.75,1.75,1.75,1.75,1.0,0.0,18.0,0.0,0.5,0.6,9.9,9.9,9.9,9.9,1.0,0.0,18.0,0.0,0.5,0.6,-3.3,-3.3,-3.3,-3.3,1.0,0.0,18.0,0.0,0.5,0.6,-18.5,-18.5,-18.5,-18.5,1.0,0.0,18.0,0.0,0.5,0.6,2.2,2.2,2.2,2.2,1.0,0.0,18.0,0.0,0.5,0.6,12.5,12.5,12.5,12.5,1.0,0.0,18.0,0.0,0.5,0.6,1.7,1.7,1.7,1.7,1.0,0.0,18.0,0.0,0.5,0.6,9.8,9.8,9.8,9.8,1.0,0.0,18.0,0.0,0.5,0.6,185.0,185.0,185.0,185.0,1.0,0.0,18.0,0.0,0.5,0.6,185.0,185.0,185.0,185.0,1.0,0.0,18.0,0.0,0.5,0.6
1974,2,193.0,-68.0,-1.1,-1.1,-1.1,-1.1,1.0,0.0,20.0,1.0,0.8,0.9,0.5,0.5,0.5,0.5,1.0,0.0,20.0,1.0,0.8,0.9,4.05,4.05,4.05,4.05,1.0,0.0,20.0,1.0,0.8,0.9,100.0,100.0,100.0,100.0,1.0,0.0,20.0,1.0,0.9,10.3,10.3,10.3,10.3,1.0,0.0,20.0,1.0,0.8,0.9,8.92,8.92,8.92,8.92,1.0,0.0,20.0,1.0,0.8,0.9,-5.15,-5.15,-5.15,-5.15,1.0,0.0,20.0,1.0,0.8,0.9,981.0,981.0,981.0,981.0,1.0,0.0,20.0,1.0,0.8,0.9,4.0,4.0,4.0,4.0,1.0,0.0,20.0,1.0,0.8,0.9,91.9,91.9,91.9,91.9,1.0,0.0,20.0,1.0,0.8,0.9,-53.0,-53.0,-53.0,-53.0,1.0,0.0,20.0,1.0,0.8,0.9,-1.6,-1.6,-1.6,-1.6,1.0,0.0,20.0,1.0,0.8,0.9,-16.5,-16.5,-16.5,-16.5,1.0,0.0,20.0,1.0,0.8,0.9,-0.45,-0.45,-0.45,-0.45,1.0,0.0,20.0,1.0,0.8,0.9,-4.6,-4.6,-4.6,-4.6,1.0,0.0,20.0,1.0,0.8,0.9,4.5,4.5,4.5,4.5,1.0,0.0,20.0,1.0,0.8,0.9,-2.6,-2.6,-2.6,-2.6,1.0,0.0,20.0,1.0,0.8,0.9,36.1,36.1,36.1,36.1,1.0,0.0,20.0,1.0,0.8,0.9,-20.8,-20.8,-20.8,-20.8,1.0,0.0,20.0,1.0,0.8,0.9,-4.0,-4.0,-4.0,-4.0,1.0,0.0,20.0,1.0,0.8,0.9,2.3,2.3,2.3,2.3,1.0,0.0,20.0,1.0,0.8,0.9,1092.5,1092.5,1092.5,1092.5,1.0,0.0,20.0,1.0,0.8,0.9,1095.0,1095.0,1095.0,1095.0,1.0,0.0,20.0,1.0,0.8,0.9
1974,2,193.0,-58.0,6.0,6.0,6.0,6.0,1.0,0.0,18.0,1.0,1.0,0.7,6.0,6.0,6.0,6.0,1.0,0.0,18.0,1.0,1.0,0.7,4.97,4.97,4.97,4.97,1.0,0.0,18.0,1.0,1.0,0.7,85.8,85.8,85.8,85.8,1.0,0.0,18.0,1.0,0.7,7.2,7.2,7.2,7.2,1.0,0.0,18.0,1.0,1.0,0.7,6.24,6.24,6.24,6.24,1.0,0.0,18.0,1.0,1.0,0.7,-3.6,-3.6,-3.6,-3.6,1.0,0.0,18.0,1.0,1.0,0.7,1011.2,1011.2,1011.2,1011.2,1.0,0.0,18.0,1.0,1.0,0.7,8.0,8.0,8.0,8.0,1.0,0.0,18.0,1.0,1.0,0.7,44.9,44.9,44.9,44.9,1.0,0.0,18.0,1.0,1.0,0.7,-25.9,-25.9,-25.9,-25.9,1.0,0.0,18.0,1.0,1.0,0.7,0.0,0.0,0.0,0.0,1.0,0.0,18.0,1.0,1.0,0.7,0.0,0.0,0.0,0.0,1.0,0.0,18.0,1.0,1.0,0.7,0.83,0.83,0.83,0.83,1.0,0.0,18.0,1.0,1.0,0.7,6.0,6.0,6.0,6.0,1.0,0.0,18.0,1.0,1.0,0.7,37.4,37.4,37.4,37.4,1.0,0.0,18.0,1.0,1.0,0.7,-21.6,-21.6,-21.6,-21.6,1.0,0.0,18.0,1.0,1.0,0.7,31.0,31.0,31.0,31.0,1.0,0.0,18.0,1.0,1.0,0.7,-17.9,-17.9,-17.9,-17.9,1.0,0.0,18.0,1.0,1.0,0.7,5.2,5.2,5.2,5.2,1.0,0.0,18.0,1.0,1.0,0.7,-3.0,-3.0,-3.0,-3.0,1.0,0.0,18.0,1.0,1.0,0.7,373.0,373.0,373.0,373.0,1.0,0.0,18.0,1.0,1.0,0.7,375.0,375.0,375.0,375.0,1.0,0.0,18.0,1.0,1.0,0.7
1974,2,193.0,-47.0,,,,,,,,,,,,,,,,,,,,,,,,,,,,,,,,,,,,,,,,8.0,8.0,8.0,8.0,1.0,0.0,4.0,1.0,0.1,0.2,4.0,4.0,4.0,4.0,1.0,0.0,4.0,1.0,0.1,0.2,6.93,6.93,6.93,6.93,1.0,0.0,4.0,1.0,0.1,0.2,1017.8,1017.8,1017.8,1017.8,1.0,0.0,4.0,1.0,0.1,0.2,,,,,,,,,,,,,,,,,,,,,,,,,,,,,,,,,,,,,,,,,,,,,,,,,,,,,,,,,,,,,,,,,,,,,,,,,,,,,,,,,,,,,,,,,,,,,,,,,,,,,,,,,,,,,,,,,,,,,,,,,,,,,,,,,,,,,,,,,,,,,,,,,,,,,,
1974,2,193.0,-43.0,16.3,16.3,16.3,16.3,1.0,0.0,8.0,1.0,0.1,1.0,17.8,17.8,17.8,17.8,1.0,0.0,8.0,1.0,0.1,1.0,11.21,11.21,11.21,11.21,1.0,0.0,8.0,1.0,0.1,1.0,89.8,89.8,89.8,89.8,1.0,0.0,8.0,1.0,1.0,5.1,5.1,5.1,5.1,1.0,0.0,8.0,1.0,0.1,1.0,-3.28,-3.28,-3.28,-3.28,1.0,0.0,8.0,1.0,0.1,1.0,-3.91,-3.91,-3.91,-3.91,1.0,0.0,8.0,1.0,0.1,1.0,1026.6,1026.6,1026.6,1026.6,1.0,0.0,8.0,1.0,0.1,1.0,7.0,7.0,7.0,7.0,1.0,0.0,8.0,1.0,0.1,1.0,-16.7,-16.7,-16.7,-16.7,1.0,0.0,8.0,1.0,0.1,1.0,-19.9,-19.9,-19.9,-19.9,1.0,0.0,8.0,1.0,0.1,1.0,-1.5,-1.5,-1.5,-1.5,1.0,0.0,8.0,1.0,0.1,1.0,-7.6,-7.6,-7.6,-7.6,1.0,0.0,8.0,1.0,0.1,1.0,0.14,0.14,0.14,0.14,1.0,0.0,8.0,1.0,0.1,1.0,0.7,0.7,0.7,0.7,1.0,0.0,8.0,1.0,0.1,1.0,-58.4,-58.4,-58.4,-58.4,1.0,0.0,8.0,1.0,0.1,1.0,-69.5,-69.5,-69.5,-69.5,1.0,0.0,8.0,1.0,0.1,1.0,-36.7,-36.7,-36.7,-36.7,1.0,0.0,8.0,1.0,0.1,1.0,-43.8,-43.8,-43.8,-43.8,1.0,0.0,8.0,1.0,0.1,1.0,-0.5,-0.5,-0.5,-0.5,1.0,0.0,8.0,1.0,0.1,1.0,-0.6,-0.6,-0.6,-0.6,1.0,0.0,8.0,1.0,0.1,1.0,132.5,132.5,132.5,132.5,1.0,0.0,8.0,1.0,0.1,1.0,135.0,135.0,135.0,135.0,1.0,0.0,8.0,1.0,0.1,1.0
1974,2,193.0,-42.0,17.36,17.5,17.64,17.5,2.0,0.28,18.0,0.0,0.7,0.8,13.83,15.6,17.37,15.6,2.0,3.68,18.0,0.0,0.7,0.8,8.87,9.39,9.91,9.39,2.0,1.07,18.0,0.0,0.7,0.8,81.7,86.3,90.9,86.3,2.0,9.6,18.0,0.0,0.8,10.38,10.55,10.72,10.55,2.0,0.35,18.0,0.0,0.7,0.8,-5.28,-1.71,1.86,-1.71,2.0,7.4,18.0,0.0,0.7,0.8,-5.42,0.7,6.83,0.7,2.0,12.69,18.0,0.0,0.7,0.8,1015.79,1021.15,1026.51,1021.15,2.0,11.1,18.0,0.0,0.7,0.8,7.2,7.5,7.8,7.5,2.0,0.7,18.0,0.0,0.7,0.8,-57.3,-19.3,18.6,-19.3,2.0,78.7,18.0,0.0,0.7,0.8,-59.4,5.2,69.7,5.2,2.0,133.7,18.0,0.0,0.7,0.8,0.26,1.9,3.54,1.9,2.0,3.39,18.0,0.0,0.7,0.8,2.5,19.4,36.4,19.4,2.0,35.1,18.0,0.0,0.7,0.8,2.46,2.93,3.41,2.93,2.0,0.98,18.0,0.0,0.7,0.8,26.3,30.8,35.3,30.8,2.0,9.4,18.0,0.0,0.7,0.8,-99.0,-40.3,18.5,-40.3,2.0,121.7,18.0,0.0,0.7,0.8,-106.7,-12.4,82.0,-12.4,2.0,195.4,18.0,0.0,0.7,0.8,-54.4,-20.0,14.4,-20.0,2.0,71.3,18.0,0.0,0.7,0.8,-57.4,-0.2,57.0,-0.2,2.0,118.4,18.0,0.0,0.7,0.8,-11.0,-1.4,8.3,-1.4,2.0,20.0,18.0,0.0,0.7,0.8,-10.0,8.3,26.6,8.3,2.0,37.9,18.0,0.0,0.7,0.8,1119.0,1176.0,1233.0,1176.0,2.0,118.0,18.0,0.0,0.7,0.8,1120.0,1175.0,1235.0,1175.0,2.0,120.0,18.0,0.0,0.7,0.8
1974,2,193.0,-40.0,18.9,18.9,18.9,18.9,1.0,0.0,26.0,0.0,0.2,0.9,16.5,16.5,16.5,16.5,1.0,0.0,26.0,0.0,0.2,0.9,8.65,8.65,8.65,8.65,1.0,0.0,26.0,0.0,0.2,0.9,75.2,75.2,75.2,75.2,1.0,0.0,26.0,0.0,0.9,6.2,6.2,6.2,6.2,1.0,0.0,26.0,0.0,0.2,0.9,-6.11,-6.11,-6.11,-6.11,1.0,0.0,26.0,0.0,0.2,0.9,1.08,1.08,1.08,1.08,1.0,0.0,26.0,0.0,0.2,0.9,1024.0,1024.0,1024.0,1024.0,1.0,0.0,26.0,0.0,0.2,0.9,8.0,8.0,8.0,8.0,1.0,0.0,26.0,0.0,0.2,0.9,-37.9,-37.9,-37.9,-37.9,1.0,0.0,26.0,0.0,0.2,0.9,6.7,6.7,6.7,6.7,1.0,0.0,26.0,0.0,0.2,0.9,2.4,2.4,2.4,2.4,1.0,0.0,26.0,0.0,0.2,0.9,14.9,14.9,14.9,14.9,1.0,0.0,26.0,0.0,0.2,0.9,4.77,4.77,4.77,4.77,1.0,0.0,26.0,0.0,0.2,0.9,29.6,29.6,29.6,29.6,1.0,0.0,26.0,0.0,0.2,0.9,-100.7,-100.7,-100.7,-100.7,1.0,0.0,26.0,0.0,0.2,0.9,17.8,17.8,17.8,17.8,1.0,0.0,26.0,0.0,0.2,0.9,-52.8,-52.8,-52.8,-52.8,1.0,0.0,26.0,0.0,0.2,0.9,9.3,9.3,9.3,9.3,1.0,0.0,26.0,0.0,0.2,0.9,-29.1,-29.1,-29.1,-29.1,1.0,0.0,26.0,0.0,0.2,0.9,5.1,5.1,5.1,5.1,1.0,0.0,26.0,0.0,0.2,0.9,238.5,238.5,238.5,238.5,1.0,0.0,26.0,0.0,0.2,0.9,240.0,240.0,240.0,240.0,1.0,0.0,26.0,0.0,0.2,0.9
1974,2,193.0,-38.0,20.17,20.55,20.93,20.55,2.0,0.78,18.0,0.5,0.4,0.6,21.69,22.1,22.51,22.1,2.0,0.85,18.0,0.5,0.4,0.6,13.21,13.7,14.2,13.7,2.0,1.02,18.0,0.5,0.4,0.6,78.6,83.7,88.8,83.7,2.0,10.6,18.0,0.5,0.6,2.76,3.1,3.44,3.1,2.0,0.71,18.0,0.5,0.4,0.6,2.33,2.38,2.42,2.38,2.0,0.09,18.0,0.5,0.4,0.6,-2.18,-0.93,0.31,-0.93,2.0,2.58,18.0,0.5,0.4,0.6,1019.79,1020.4,1021.01,1020.4,2.0,1.27,18.0,0.5,0.4,0.6,6.2,6.5,6.8,6.5,2.0,0.7,18.0,0.5,0.4,0.6,6.7,7.3,8.0,7.3,2.0,1.4,18.0,0.5,0.4,0.6,-8.0,-3.8,0.4,-3.8,2.0,8.7,18.0,0.5,0.4,0.6,-2.33,-1.55,-0.77,-1.55,2.0,1.63,18.0,0.5,0.4,0.6,-6.1,-4.2,-2.3,-4.2,2.0,3.9,18.0,0.5,0.4,0.6,1.09,1.24,1.4,1.24,2.0,0.31,18.0,0.5,0.4,0.6,3.7,3.7,3.8,3.7,2.0,0.1,18.0,0.5,0.4,0.6,50.7,52.6,54.6,52.6,2.0,4.0,18.0,0.5,0.4,0.6,-46.7,-19.6,7.6,-19.6,2.0,56.2,18.0,0.5,0.4,0.6,32.0,32.6,33.1,32.6,2.0,1.2,18.0,0.5,0.4,0.6,-31.6,-14.1,3.4,-14.1,2.0,36.3,18.0,0.5,0.4,0.6,2.6,3.0,3.4,3.0,2.0,0.9,18.0,0.5,0.4,0.6,-2.2,-0.8,0.6,-0.8,2.0,2.9,18.0,0.5,0.4,0.6,22.0,32.0,42.0,32.0,2.0,20.5,18.0,0.5,0.4,0.6,20.0,30.0,40.0,30.0,2.0,20.0,18.0,0.5,0.4,0.6
1974,2,193.0,-37.0,20.61,20.85,21.09,20.85,2.0,0.49,18.0,0.0,0.7,0.5,20.7,20.9,21.1,20.9,2.0,0.42,18.0,0.0,0.7,0.5,12.42,13.56,14.7,13.56,2.0,2.36,18.0,0.0,0.7,0.5,82.4,87.8,93.3,87.8,2.0,11.3,18.0,0.0,0.5,6.08,9.25,12.42,9.25,2.0,6.58,18.0,0.0,0.7,0.5,-4.73,-4.68,-4.62,-4.68,2.0,0.11,18.0,0.0,0.7,0.5,-10.99,-6.53,-2.07,-6.53,2.0,9.24,18.0,0.0,0.7,0.5,1002.4,1011.65,1020.9,1011.65,2.0,19.16,18.0,0.0,0.7,0.5,7.0,7.0,7.0,7.0,2.0,0.0,18.0,0.0,0.7,0.5,-59.0,-43.6,-28.3,-43.6,2.0,31.8,18.0,0.0,0.7,0.5,-152.7,-90.8,-28.8,-90.8,2.0,128.4,18.0,0.0,0.7,0.5,-0.08,-0.05,-0.02,-0.05,2.0,0.07,18.0,0.0,0.7,0.5,-0.4,-0.2,-0.1,-0.2,2.0,0.3,18.0,0.0,0.7,0.5,1.04,1.81,2.58,1.81,2.0,1.6,18.0,0.0,0.7,0.5,10.1,11.5,12.9,11.5,2.0,2.9,18.0,0.0,0.7,0.5,-99.8,-97.8,-95.7,-97.8,2.0,4.3,18.0,0.0,0.7,0.5,-233.0,-138.5,-43.9,-138.5,2.0,195.8,18.0,0.0,0.7,0.5,-69.6,-63.5,-57.5,-63.5,2.0,12.5,18.0,0.0,0.7,0.5,-167.4,-99.5,-31.6,-99.5,2.0,140.7,18.0,0.0,0.7,0.5,-11.9,-8.4,-4.9,-8.4,2.0,7.3,18.0,0.0,0.7,0.5,-7.4,-4.4,-1.4,-4.4,2.0,6.3,18.0,0.0,0.7,0.5,508.0,1391.5,2275.0,1391.5,2.0,1830.0,18.0,0.0,0.7,0.5,510.0,1390.0,2275.0,1390.0,2.0,1830.0,18.0,0.0,0.7,0.5
1974,2,193.0,-35.0,21.04,22.0,22.68,21.87,3.0,1.21,16.0,0.3,0.9,0.9,21.2,21.4,22.49,21.83,4.0,1.0,16.0,0.3,0.7,0.9,10.34,12.93,14.29,12.34,4.0,2.52,16.0,0.3,0.7,0.9,63.1,83.2,90.6,77.2,4.0,18.7,16.0,0.3,0.9,4.34,4.85,9.45,6.8,4.0,4.42,16.0,0.3,0.7,0.9,-8.99,-4.81,-3.84,-6.34,4.0,4.25,16.0,0.3,0.7,0.9,-1.8,-0.44,2.4,0.27,4.0,3.08,16.0,0.3,0.7,0.9,1017.32,1019.6,1022.82,1020.05,4.0,3.37,16.0,0.3,0.7,0.9,5.0,6.5,7.0,6.0,4.0,1.4,16.0,0.3,0.7,0.9,-100.6,-23.4,-16.8,-57.1,4.0,74.6,16.0,0.3,0.7,0.9,-7.8,-2.3,32.2,11.5,4.0,33.6,16.0,0.3,0.7,0.9,-1.59,0.8,1.21,-0.17,3.0,2.21,16.0,0.3,0.9,0.9,-23.5,3.7,6.0,-8.5,3.0,24.1,16.0,0.3,0.9,0.9,3.36,4.46,5.53,4.45,3.0,1.59,16.0,0.3,0.9,0.9,16.4,20.5,61.6,38.6,3.0,36.6,16.0,0.3,0.9,0.9,-205.4,-103.0,-81.3,-141.5,4.0,102.8,16.0,0.3,0.7,0.9,-38.4,-9.6,55.9,7.9,4.0,69.9,16.0,0.3,0.7,0.9,-94.1,-63.6,-49.0,-71.2,4.0,30.5,16.0,0.3,0.7,0.9,-25.5,-6.4,21.6,-2.2,4.0,32.7,16.0,0.3,0.7,0.9,-58.3,-20.5,-16.3,-36.9,3.0,33.9,16.0,0.3,0.9,0.9,-1.7,0.0,18.9,8.4,3.0,16.7,16.0,0.3,0.9,0.9,82.5,115.0,1323.5,676.5,4.0,1153.5,16.0,0.3,0.7,0.9,80.0,115.0,1325.0,675.0,4.0,1155.0,16.0,0.3,0.7,0.9
1974,2,193.0,-33.0,,,,,,,,,,,,,,,,,,,,,,,,,,,,,,,,,,,,,,,,6.2,6.2,6.2,6.2,1.0,0.0,10.0,0.0,0.4,0.9,-3.1,-3.1,-3.1,-3.1,1.0,0.0,10.0,0.0,0.4,0.9,5.37,5.37,5.37,5.37,1.0,0.0,10.0,0.0,0.4,0.9,1016.9,1016.9,1016.9,1016.9,1.0,0.0,10.0,0.0,0.4,0.9,8.0,8.0,8.0,8.0,1.0,0.0,10.0,0.0,0.4,0.9,-19.2,-19.2,-19.2,-19.2,1.0,0.0,10.0,0.0,0.4,0.9,33.3,33.3,33.3,33.3,1.0,0.0,10.0,0.0,0.4,0.9,,,,,,,,,,,,,,,,,,,,,,,,,,,,,,,,,,,,,,,,,-71.9,-71.9,-71.9,-71.9,1.0,0.0,10.0,0.0,0.4,0.9,124.6,124.6,124.6,124.6,1.0,0.0,10.0,0.0,0.4,0.9,-48.7,-48.7,-48.7,-48.7,1.0,0.0,10.0,0.0,0.4,0.9,84.3,84.3,84.3,84.3,1.0,0.0,10.0,0.0,0.4,0.9,,,,,,,,,,,,,,,,,,,,,,,,,,,,,,,,,,,,,,,,
1974,2,193.0,-29.0,25.0,25.0,25.0,25.0,1.0,0.0,10.0,1.0,0.5,0.3,24.0,24.0,24.0,24.0,1.0,0.0,10.0,1.0,0.5,0.3,14.24,14.24,14.24,14.24,1.0,0.0,10.0,1.0,0.5,0.3,76.9,76.9,76.9,76.9,1.0,0.0,10.0,1.0,0.3,12.9,12.9,12.9,12.9,1.0,0.0,10.0,1.0,0.5,0.3,-8.29,-8.29,-8.29,-8.29,1.0,0.0,10.0,1.0,0.5,0.3,9.88,9.88,9.88,9.88,1.0,0.0,10.0,1.0,0.5,0.3,1015.6,1015.6,1015.6,1015.6,1.0,0.0,10.0,1.0,0.5,0.3,8.0,8.0,8.0,8.0,1.0,0.0,10.0,1.0,0.5,0.3,-107.0,-107.0,-107.0,-107.0,1.0,0.0,10.0,1.0,0.5,0.3,127.5,127.5,127.5,127.5,1.0,0.0,10.0,1.0,0.5,0.3,1.0,1.0,1.0,1.0,1.0,0.0,10.0,1.0,0.5,0.3,12.9,12.9,12.9,12.9,1.0,0.0,10.0,1.0,0.5,0.3,5.49,5.49,5.49,5.49,1.0,0.0,10.0,1.0,0.5,0.3,70.8,70.8,70.8,70.8,1.0,0.0,10.0,1.0,0.5,0.3,-199.0,-199.0,-199.0,-199.0,1.0,0.0,10.0,1.0,0.5,0.3,237.2,237.2,237.2,237.2,1.0,0.0,10.0,1.0,0.5,0.3,-118.0,-118.0,-118.0,-118.0,1.0,0.0,10.0,1.0,0.5,0.3,140.7,140.7,140.7,140.7,1.0,0.0,10.0,1.0,0.5,0.3,-45.5,-45.5,-45.5,-45.5,1.0,0.0,10.0,1.0,0.5,0.3,54.2,54.2,54.2,54.2,1.0,0.0,10.0,1.0,0.5,0.3,2146.5,2146.5,2146.5,2146.5,1.0,0.0,10.0,1.0,0.5,0.3,2145.0,2145.0,2145.0,2145.0,1.0,0.0,10.0,1.0,0.5,0.3
1974,2,193.0,-28.0,27.8,27.8,27.8,27.8,1.0,0.0,24.0,0.0,0.2,0.9,25.0,25.0,25.0,25.0,1.0,0.0,24.0,0.0,0.2,0.9,16.34,16.34,16.34,16.34,1.0,0.0,24.0,0.0,0.2,0.9,82.4,82.4,82.4,82.4,1.0,0.0,24.0,0.0,0.9,2.6,2.6,2.6,2.6,1.0,0.0,24.0,0.0,0.2,0.9,-1.67,-1.67,-1.67,-1.67,1.0,0.0,24.0,0.0,0.2,0.9,1.99,1.99,1.99,1.99,1.0,0.0,24.0,0.0,0.2,0.9,1008.3,1008.3,1008.3,1008.3,1.0,0.0,24.0,0.0,0.2,0.9,6.0,6.0,6.0,6.0,1.0,0.0,24.0,0.0,0.2,0.9,-4.3,-4.3,-4.3,-4.3,1.0,0.0,24.0,0.0,0.2,0.9,5.2,5.2,5.2,5.2,1.0,0.0,24.0,0.0,0.2,0.9,2.8,2.8,2.8,2.8,1.0,0.0,24.0,0.0,0.2,0.9,7.3,7.3,7.3,7.3,1.0,0.0,24.0,0.0,0.2,0.9,7.15,7.15,7.15,7.15,1.0,0.0,24.0,0.0,0.2,0.9,18.6,18.6,18.6,18.6,1.0,0.0,24.0,0.0,0.2,0.9,-41.8,-41.8,-41.8,-41.8,1.0,0.0,24.0,0.0,0.2,0.9,49.8,49.8,49.8,49.8,1.0,0.0,24.0,0.0,0.2,0.9,-27.3,-27.3,-27.3,-27.3,1.0,0.0,24.0,0.0,0.2,0.9,32.5,32.5,32.5,32.5,1.0,0.0,24.0,0.0,0.2,0.9,-12.0,-12.0,-12.0,-12.0,1.0,0.0,24.0,0.0,0.2,0.9,14.2,14.2,14.2,14.2,1.0,0.0,24.0,0.0,0.2,0.9,17.5,17.5,17.5,17.5,1.0,0.0,24.0,0.0,0.2,0.9,20.0,20.0,20.0,20.0,1.0,0.0,24.0,0.0,0.2,0.9
1974,2,193.0,-26.0,,,,,,,,,,,,,,,,,,,,,,,,,,,,,,,,,,,,,,,,10.3,10.3,10.3,10.3,1.0,0.0,16.0,1.0,1.0,0.3,-9.68,-9.68,-9.68,-9.68,1.0,0.0,16.0,1.0,1.0,0.3,-3.52,-3.52,-3.52,-3.52,1.0,0.0,16.0,1.0,1.0,0.3,1016.3,1016.3,1016.3,1016.3,1.0,0.0,16.0,1.0,1.0,0.3,,,,,,,,,,,,,,,,,,,,,,,,,,,,,,,,,,,,,,,,,,,,,,,,,,,,,,,,,,,,,,,,,,,,,,,,,,,,,,,,,,,,,,,,,,,,,,,,,,,,,,,,,,,,,,,,,,,,,,,,,,,,,,,,,,,,,,,,,,,,,,,,,,,,,,
1974,2,193.0,-25.0,,,,,,,,,,,,,,,,,,,,,,,,,,,,,,,,,,,,,,,,4.6,4.6,4.6,4.6,1.0,0.0,20.0,1.0,0.2,0.4,-4.53,-4.53,-4.53,-4.53,1.0,0.0,20.0,1.0,0.2,0.4,0.8,0.8,0.8,0.8,1.0,0.0,20.0,1.0,0.2,0.4,1012.5,1012.5,1012.5,1012.5,1.0,0.0,20.0,1.0,0.2,0.4,,,,,,,,,,,,,,,,,,,,,,,,,,,,,,,,,,,,,,,,,,,,,,,,,,,,,,,,,,,,,,,,,,,,,,,,,,,,,,,,,,,,,,,,,,,,,,,,,,,,,,,,,,,,,,,,,,,,,,,,,,,,,,,,,,,,,,,,,,,,,,,,,,,,,,
1974,2,193.0,-24.0,27.8,27.8,27.8,27.8,1.0,0.0,4.0,1.0,0.5,0.8,24.5,24.5,24.5,24.5,1.0,0.0,4.0,1.0,0.5,0.8,15.42,15.42,15.42,15.42,1.0,0.0,4.0,1.0,0.5,0.8,80.4,80.4,80.4,80.4,1.0,0.0,4.0,1.0,0.8,9.3,9.3,9.3,9.3,1.0,0.0,4.0,1.0,0.5,0.8,-4.65,-4.65,-4.65,-4.65,1.0,0.0,4.0,1.0,0.5,0.8,8.05,8.05,8.05,8.05,1.0,0.0,4.0,1.0,0.5,0.8,1010.5,1010.5,1010.5,1010.5,1.0,0.0,4.0,1.0,0.5,0.8,7.0,7.0,7.0,7.0,1.0,0.0,4.0,1.0,0.5,0.8,-43.2,-43.2,-43.2,-43.2,1.0,0.0,4.0,1.0,0.5,0.8,74.9,74.9,74.9,74.9,1.0,0.0,4.0,1.0,0.5,0.8,3.3,3.3,3.3,3.3,1.0,0.0,4.0,1.0,0.5,0.8,30.7,30.7,30.7,30.7,1.0,0.0,4.0,1.0,0.5,0.8,8.02,8.02,8.02,8.02,1.0,0.0,4.0,1.0,0.5,0.8,74.6,74.6,74.6,74.6,1.0,0.0,4.0,1.0,0.5,0.8,-113.9,-113.9,-113.9,-113.9,1.0,0.0,4.0,1.0,0.5,0.8,197.3,197.3,197.3,197.3,1.0,0.0,4.0,1.0,0.5,0.8,-71.7,-71.7,-71.7,-71.7,1.0,0.0,4.0,1.0,0.5,0.8,124.2,124.2,124.2,124.2,1.0,0.0,4.0,1.0,0.5,0.8,-37.3,-37.3,-37.3,-37.3,1.0,0.0,4.0,1.0,0.5,0.8,64.6,64.6,64.6,64.6,1.0,0.0,4.0,1.0,0.5,0.8,804.5,804.5,804.5,804.5,1.0,0.0,4.0,1.0,0.5,0.8,805.0,805.0,805.0,805.0,1.0,0.0,4.0,1.0,0.5,0.8
1974,2,193.0,-21.0,28.0,28.0,28.0,28.0,2.0,0.0,22.0,0.0,0.6,0.8,26.41,27.3,28.19,27.3,2.0,1.84,22.0,0.0,0.6,0.8,17.02,17.05,17.09,17.05,2.0,0.08,22.0,0.0,0.6,0.8,71.5,75.6,79.6,75.6,2.0,8.5,22.0,0.0,0.8,4.67,5.9,7.13,5.9,2.0,2.55,22.0,0.0,0.6,0.8,-4.8,-4.49,-4.18,-4.49,2.0,0.64,22.0,0.0,0.6,0.8,-5.08,-3.31,-1.54,-3.31,2.0,3.67,22.0,0.0,0.6,0.8,1011.66,1011.8,1011.94,1011.8,2.0,0.28,22.0,0.0,0.6,0.8,5.3,6.0,6.7,6.0,2.0,1.4,22.0,0.0,0.6,0.8,-34.7,-27.3,-20.0,-27.3,2.0,15.2,22.0,0.0,0.6,0.8,-38.7,-24.2,-9.7,-24.2,2.0,30.1,22.0,0.0,0.6,0.8,-0.19,0.7,1.59,0.7,2.0,1.84,22.0,0.0,0.6,0.8,0.4,6.5,12.6,6.5,2.0,12.6,22.0,0.0,0.6,0.8,6.6,6.64,6.67,6.64,2.0,0.07,22.0,0.0,0.6,0.8,31.1,39.1,47.0,39.1,2.0,16.5,22.0,0.0,0.6,0.8,-126.6,-122.1,-117.6,-122.1,2.0,9.3,22.0,0.0,0.6,0.8,-132.3,-86.9,-41.5,-86.9,2.0,94.0,22.0,0.0,0.6,0.8,-82.1,-76.7,-71.2,-76.7,2.0,11.3,22.0,0.0,0.6,0.8,-86.8,-56.5,-26.2,-56.5,2.0,62.8,22.0,0.0,0.6,0.8,-31.7,-29.8,-27.9,-29.8,2.0,4.0,22.0,0.0,0.6,0.8,-33.4,-21.8,-10.2,-21.8,2.0,24.1,22.0,0.0,0.6,0.8,130.5,262.5,395.0,262.5,2.0,274.0,22.0,0.0,0.6,0.8,130.0,265.0,395.0,265.0,2.0,275.0,22.0,0.0,0.6,0.8
1974,2,193.0,-19.0,27.16,27.5,27.7,27.43,3.0,0.4,18.0,0.0,0.2,0.4,26.32,27.0,27.34,26.83,3.0,0.76,18.0,0.0,0.2,0.4,17.64,18.43,20.31,18.96,3.0,2.01,18.0,0.0,0.2,0.4,82.2,82.7,89.1,85.6,3.0,5.6,18.0,0.0,0.4,5.61,6.7,7.04,6.33,3.0,1.1,18.0,0.0,0.2,0.4,-5.85,-5.02,-0.03,-2.99,3.0,4.61,18.0,0.0,0.2,0.4,-5.44,-3.6,-1.75,-3.59,3.0,2.71,18.0,0.0,0.2,0.4,1009.0,1010.5,1010.64,1009.83,3.0,1.33,18.0,0.0,0.2,0.4,7.0,7.0,7.7,7.3,3.0,0.6,18.0,0.0,0.2,0.4,-38.8,-25.6,2.4,-18.4,3.0,30.8,18.0,0.0,0.2,0.4,-37.0,-25.9,-11.3,-24.2,3.0,18.9,18.0,0.0,0.2,0.4,-0.09,0.8,1.28,0.6,3.0,1.01,18.0,0.0,0.2,0.4,-1.2,4.1,8.2,3.5,3.0,6.8,18.0,0.0,0.2,0.4,2.39,5.01,5.55,4.0,3.0,2.48,18.0,0.0,0.2,0.4,13.9,25.6,34.7,24.3,3.0,15.3,18.0,0.0,0.2,0.4,-160.1,-135.6,-2.4,-82.5,3.0,124.3,18.0,0.0,0.2,0.4,-143.2,-99.0,-47.7,-95.5,3.0,70.0,18.0,0.0,0.2,0.4,-119.5,-92.6,-2.4,-61.7,3.0,89.9,18.0,0.0,0.2,0.4,-98.4,-76.2,-35.3,-67.1,3.0,46.9,18.0,0.0,0.2,0.4,-19.5,-7.3,6.8,-6.4,3.0,19.3,18.0,0.0,0.2,0.4,-26.4,-4.4,-4.3,-15.1,3.0,18.6,18.0,0.0,0.2,0.4,186.0,301.0,350.0,269.0,3.0,123.5,18.0,0.0,0.2,0.4,185.0,300.0,350.0,270.0,3.0,125.0,18.0,0.0,0.2,0.4
1974,2,193.0,-17.0,27.66,28.0,28.34,28.0,2.0,0.71,20.0,0.5,0.5,0.8,27.05,27.15,27.25,27.15,2.0,0.21,20.0,0.5,0.5,0.8,17.78,17.91,18.05,17.91,2.0,0.28,20.0,0.5,0.5,0.8,79.3,79.5,79.7,79.5,2.0,0.4,20.0,0.5,0.8,5.67,6.9,8.13,6.9,2.0,2.55,20.0,0.5,0.5,0.8,-3.96,-2.96,-1.97,-2.96,2.0,2.05,20.0,0.5,0.5,0.8,-7.61,-5.56,-3.51,-5.56,2.0,4.26,20.0,0.5,0.5,0.8,1007.87,1008.65,1009.44,1008.65,2.0,1.63,20.0,0.5,0.5,0.8,2.8,4.5,6.2,4.5,2.0,3.5,20.0,0.5,0.5,0.8,-21.0,-17.8,-14.6,-17.8,2.0,6.6,20.0,0.5,0.5,0.8,-64.8,-43.8,-22.8,-43.8,2.0,43.5,20.0,0.5,0.5,0.8,0.41,0.85,1.29,0.85,2.0,0.92,20.0,0.5,0.5,0.8,2.9,7.0,11.1,7.0,2.0,8.5,20.0,0.5,0.5,0.8,5.23,5.86,6.5,5.86,2.0,1.31,20.0,0.5,0.5,0.8,30.5,42.1,53.7,42.1,2.0,24.0,20.0,0.5,0.5,0.8,-107.9,-80.7,-53.5,-80.7,2.0,56.4,20.0,0.5,0.5,0.8,-205.7,-150.5,-95.3,-150.5,2.0,114.4,20.0,0.5,0.5,0.8,-71.5,-53.4,-35.2,-53.4,2.0,37.6,20.0,0.5,0.5,0.8,-135.0,-99.0,-62.9,-99.0,2.0,74.7,20.0,0.5,0.5,0.8,-20.0,-16.0,-12.1,-16.0,2.0,8.2,20.0,0.5,0.5,0.8,-51.0,-35.4,-19.8,-35.4,2.0,32.3,20.0,0.5,0.5,0.8,216.0,395.5,575.0,395.5,2.0,372.0,20.0,0.5,0.5,0.8,215.0,395.0,575.0,395.0,2.0,370.0,20.0,0.5,0.5,0.8
1974,2,193.0,-16.0,27.82,28.3,28.78,28.3,2.0,0.99,16.0,1.0,0.7,0.9,27.98,28.8,29.62,28.8,2.0,1.7,16.0,1.0,0.7,0.9,17.1,17.66,18.22,17.66,2.0,1.16,16.0,1.0,0.7,0.9,66.1,71.8,77.6,71.8,2.0,11.9,16.0,1.0,0.9,4.93,5.65,6.37,5.65,2.0,1.48,16.0,1.0,0.7,0.9,-4.0,-2.85,-1.7,-2.85,2.0,2.38,16.0,1.0,0.7,0.9,-5.68,-3.7,-1.72,-3.7,2.0,4.1,16.0,1.0,0.7,0.9,1009.79,1011.5,1013.21,1011.5,2.0,3.54,16.0,1.0,0.7,0.9,5.2,5.5,5.8,5.5,2.0,0.7,16.0,1.0,0.7,0.9,-18.8,-14.3,-9.9,-14.3,2.0,9.2,16.0,1.0,0.7,0.9,-37.8,-23.9,-10.1,-23.9,2.0,28.7,16.0,1.0,0.7,0.9,-0.84,-0.5,-0.16,-0.5,2.0,0.71,16.0,1.0,0.7,0.9,-5.6,-3.3,-1.1,-3.3,2.0,4.7,16.0,1.0,0.7,0.9,5.2,6.48,7.77,6.48,2.0,2.66,16.0,1.0,0.7,0.9,26.7,38.6,50.5,38.6,2.0,24.6,16.0,1.0,0.7,0.9,-110.7,-80.0,-49.2,-80.0,2.0,63.7,16.0,1.0,0.7,0.9,-170.0,-110.0,-50.0,-110.0,2.0,124.4,16.0,1.0,0.7,0.9,-73.5,-51.7,-29.8,-51.7,2.0,45.3,16.0,1.0,0.7,0.9,-95.8,-62.9,-30.1,-62.9,2.0,68.1,16.0,1.0,0.7,0.9,-19.1,-15.3,-11.5,-15.3,2.0,7.9,16.0,1.0,0.7,0.9,-47.0,-29.4,-11.9,-29.4,2.0,36.4,16.0,1.0,0.7,0.9,129.5,199.0,268.5,199.0,2.0,144.0,16.0,1.0,0.7,0.9,130.0,200.0,270.0,200.0,2.0,145.0,16.0,1.0,0.7,0.9
1974,2,193.0,-14.0,30.2,30.2,30.2,30.2,1.0,0.0,10.0,1.0,0.8,0.8,28.33,28.4,28.47,28.4,2.0,0.14,6.0,1.0,0.9,0.7,19.6,20.16,20.72,20.16,2.0,1.16,6.0,1.0,0.9,0.7,80.6,83.1,85.7,83.1,2.0,5.2,6.0,1.0,0.7,3.25,4.65,6.05,4.65,2.0,2.9,6.0,1.0,0.9,0.7,-5.61,-4.14,-2.67,-4.14,2.0,3.04,6.0,1.0,0.9,0.7,-2.19,-1.98,-1.77,-1.98,2.0,0.44,6.0,1.0,0.9,0.7,1008.73,1009.65,1010.57,1009.65,2.0,1.91,6.0,1.0,0.9,0.7,3.0,3.0,3.0,3.0,2.0,0.0,6.0,1.0,0.9,0.7,-36.3,-23.7,-11.1,-23.7,2.0,26.2,6.0,1.0,0.9,0.7,-13.6,-9.8,-6.1,-9.8,2.0,7.8,6.0,1.0,0.9,0.7,1.9,1.9,1.9,1.9,1.0,0.0,10.0,1.0,0.8,0.8,4.9,4.9,4.9,4.9,1.0,0.0,10.0,1.0,0.8,0.8,6.08,6.08,6.08,6.08,1.0,0.0,10.0,1.0,0.8,0.8,15.8,15.8,15.8,15.8,1.0,0.0,10.0,1.0,0.8,0.8,-159.9,-117.9,-75.9,-117.9,2.0,87.0,6.0,1.0,0.9,0.7,-62.5,-56.3,-50.2,-56.3,2.0,12.7,6.0,1.0,0.9,0.7,-109.1,-81.8,-54.5,-81.8,2.0,56.6,6.0,1.0,0.9,0.7,-42.9,-39.7,-36.5,-39.7,2.0,6.6,6.0,1.0,0.9,0.7,-12.1,-12.1,-12.1,-12.1,1.0,0.0,10.0,1.0,0.8,0.8,-10.2,-10.2,-10.2,-10.2,1.0,0.0,10.0,1.0,0.8,0.8,62.5,159.0,256.0,159.0,2.0,200.0,6.0,1.0,0.9,0.7,65.0,160.0,255.0,160.0,2.0,200.0,6.0,1.0,0.9,0.7
1974,2,193.0,-10.0,29.0,29.0,29.0,29.0,1.0,0.0,26.0,1.0,0.3,1.0,26.5,26.5,26.5,26.5,1.0,0.0,26.0,1.0,0.3,1.0,17.64,17.64,17.64,17.64,1.0,0.0,26.0,1.0,0.3,1.0,81.1,81.1,81.1,81.1,1.0,0.0,26.0,1.0,1.0,5.1,5.1,5.1,5.1,1.0,0.0,26.0,1.0,0.3,1.0,-3.91,-3.91,-3.91,-3.91,1.0,0.0,26.0,1.0,0.3,1.0,-3.28,-3.28,-3.28,-3.28,1.0,0.0,26.0,1.0,0.3,1.0,1005.4,1005.4,1005.4,1005.4,1.0,0.0,26.0,1.0,0.3,1.0,7.0,7.0,7.0,7.0,1.0,0.0,26.0,1.0,0.3,1.0,-19.9,-19.9,-19.9,-19.9,1.0,0.0,26.0,1.0,0.3,1.0,-16.7,-16.7,-16.7,-16.7,1.0,0.0,26.0,1.0,0.3,1.0,2.5,2.5,2.5,2.5,1.0,0.0,26.0,1.0,0.3,1.0,12.8,12.8,12.8,12.8,1.0,0.0,26.0,1.0,0.3,1.0,7.65,7.65,7.65,7.65,1.0,0.0,26.0,1.0,0.3,1.0,39.0,39.0,39.0,39.0,1.0,0.0,26.0,1.0,0.3,1.0,-103.5,-103.5,-103.5,-103.5,1.0,0.0,26.0,1.0,0.3,1.0,-86.9,-86.9,-86.9,-86.9,1.0,0.0,26.0,1.0,0.3,1.0,-68.9,-68.9,-68.9,-68.9,1.0,0.0,26.0,1.0,0.3,1.0,-57.8,-57.8,-57.8,-57.8,1.0,0.0,26.0,1.0,0.3,1.0,-29.9,-29.9,-29.9,-29.9,1.0,0.0,26.0,1.0,0.3,1.0,-25.1,-25.1,-25.1,-25.1,1.0,0.0,26.0,1.0,0.3,1.0,132.5,132.5,132.5,132.5,1.0,0.0,26.0,1.0,0.3,1.0,135.0,135.0,135.0,135.0,1.0,0.0,26.0,1.0,0.3,1.0
1974,2,193.0,-8.0,26.91,27.35,27.79,27.35,2.0,0.92,26.0,0.0,0.8,0.7,26.8,27.0,27.2,27.0,2.0,0.42,26.0,0.0,0.8,0.7,18.12,18.19,18.25,18.19,2.0,0.14,26.0,0.0,0.8,0.7,79.9,81.2,82.5,81.2,2.0,2.7,26.0,0.0,0.7,5.59,6.65,7.71,6.65,2.0,2.19,26.0,0.0,0.8,0.7,-6.68,-5.76,-4.84,-5.76,2.0,1.9,26.0,0.0,0.8,0.7,-3.85,-3.32,-2.8,-3.32,2.0,1.1,26.0,0.0,0.8,0.7,1005.31,1005.75,1006.19,1005.75,2.0,0.92,26.0,0.0,0.8,0.7,6.0,6.0,6.0,6.0,2.0,0.0,26.0,0.0,0.8,0.7,-52.6,-40.4,-28.2,-40.4,2.0,25.2,26.0,0.0,0.8,0.7,-30.3,-23.3,-16.3,-23.3,2.0,14.6,26.0,0.0,0.8,0.7,0.11,0.35,0.59,0.35,2.0,0.49,26.0,0.0,0.8,0.7,0.6,1.8,3.0,1.8,2.0,2.5,26.0,0.0,0.8,0.7,4.08,4.76,5.45,4.76,2.0,1.42,26.0,0.0,0.8,0.7,29.6,30.1,30.6,30.1,2.0,1.0,26.0,0.0,0.8,0.7,-178.7,-155.1,-131.5,-155.1,2.0,48.8,26.0,0.0,0.8,0.7,-103.1,-89.5,-75.9,-89.5,2.0,28.2,26.0,0.0,0.8,0.7,-121.9,-104.9,-87.8,-104.9,2.0,35.3,26.0,0.0,0.8,0.7,-70.4,-60.5,-50.7,-60.5,2.0,20.4,26.0,0.0,0.8,0.7,-26.5,-26.1,-25.7,-26.1,2.0,0.9,26.0,0.0,0.8,0.7,-15.3,-15.1,-14.8,-15.1,2.0,0.5,26.0,0.0,0.8,0.7,199.0,342.0,485.0,342.0,2.0,296.0,26.0,0.0,0.8,0.7,200.0,340.0,485.0,340.0,2.0,295.0,26.0,0.0,0.8,0.7
1974,2,193.0,-7.0,26.7,26.7,26.7,26.7,1.0,0.0,2.0,1.0,1.0,0.2,27.7,27.7,27.7,27.7,1.0,0.0,2.0,1.0,1.0,0.2,18.02,18.02,18.02,18.02,1.0,0.0,2.0,1.0,1.0,0.2,77.4,77.4,77.4,77.4,1.0,0.0,2.0,1.0,0.2,11.8,11.8,11.8,11.8,1.0,0.0,2.0,1.0,1.0,0.2,-11.09,-11.09,-11.09,-11.09,1.0,0.0,2.0,1.0,1.0,0.2,-4.04,-4.04,-4.04,-4.04,1.0,0.0,2.0,1.0,1.0,0.2,1008.8,1008.8,1008.8,1008.8,1.0,0.0,2.0,1.0,1.0,0.2,3.0,3.0,3.0,3.0,1.0,0.0,2.0,1.0,1.0,0.2,-130.8,-130.8,-130.8,-130.8,1.0,0.0,2.0,1.0,1.0,0.2,-47.6,-47.6,-47.6,-47.6,1.0,0.0,2.0,1.0,1.0,0.2,-1.0,-1.0,-1.0,-1.0,1.0,0.0,2.0,1.0,1.0,0.2,-11.8,-11.8,-11.8,-11.8,1.0,0.0,2.0,1.0,1.0,0.2,3.98,3.98,3.98,3.98,1.0,0.0,2.0,1.0,1.0,0.2,46.9,46.9,46.9,46.9,1.0,0.0,2.0,1.0,1.0,0.2,-307.1,-307.1,-307.1,-307.1,1.0,0.0,2.0,1.0,1.0,0.2,-111.8,-111.8,-111.8,-111.8,1.0,0.0,2.0,1.0,1.0,0.2,-199.8,-199.8,-199.8,-199.8,1.0,0.0,2.0,1.0,1.0,0.2,-72.7,-72.7,-72.7,-72.7,1.0,0.0,2.0,1.0,1.0,0.2,-44.1,-44.1,-44.1,-44.1,1.0,0.0,2.0,1.0,1.0,0.2,-16.0,-16.0,-16.0,-16.0,1.0,0.0,2.0,1.0,1.0,0.2,1643.0,1643.0,1643.0,1643.0,1.0,0.0,2.0,1.0,1.0,0.2,1645.0,1645.0,1645.0,1645.0,1.0,0.0,2.0,1.0,1.0,0.2
1974,2,193.0,-6.0,27.0,27.0,27.0,27.0,1.0,0.0,20.0,0.0,0.3,1.0,26.7,26.7,26.7,26.7,1.0,0.0,20.0,0.0,0.3,1.0,16.36,16.36,16.36,16.36,1.0,0.0,20.0,0.0,0.3,1.0,74.5,74.5,74.5,74.5,1.0,0.0,20.0,0.0,1.0,7.2,7.2,7.2,7.2,1.0,0.0,20.0,0.0,0.3,1.0,-6.77,-6.77,-6.77,-6.77,1.0,0.0,20.0,0.0,0.3,1.0,-2.46,-2.46,-2.46,-2.46,1.0,0.0,20.0,0.0,0.3,1.0,1007.0,1007.0,1007.0,1007.0,1.0,0.0,20.0,0.0,0.3,1.0,1.0,1.0,1.0,1.0,1.0,0.0,20.0,0.0,0.3,1.0,-48.7,-48.7,-48.7,-48.7,1.0,0.0,20.0,0.0,0.3,1.0,-17.7,-17.7,-17.7,-17.7,1.0,0.0,20.0,0.0,0.3,1.0,0.3,0.3,0.3,0.3,1.0,0.0,20.0,0.0,0.3,1.0,2.2,2.2,2.2,2.2,1.0,0.0,20.0,0.0,0.3,1.0,6.07,6.07,6.07,6.07,1.0,0.0,20.0,0.0,0.3,1.0,43.7,43.7,43.7,43.7,1.0,0.0,20.0,0.0,0.3,1.0,-180.6,-180.6,-180.6,-180.6,1.0,0.0,20.0,0.0,0.3,1.0,-65.7,-65.7,-65.7,-65.7,1.0,0.0,20.0,0.0,0.3,1.0,-110.7,-110.7,-110.7,-110.7,1.0,0.0,20.0,0.0,0.3,1.0,-40.3,-40.3,-40.3,-40.3,1.0,0.0,20.0,0.0,0.3,1.0,-41.1,-41.1,-41.1,-41.1,1.0,0.0,20.0,0.0,0.3,1.0,-14.9,-14.9,-14.9,-14.9,1.0,0.0,20.0,0.0,0.3,1.0,373.0,373.0,373.0,373.0,1.0,0.0,20.0,0.0,0.3,1.0,375.0,375.0,375.0,375.0,1.0,0.0,20.0,0.0,0.3,1.0
1974,2,193.0,-4.0,26.32,27.5,29.05,27.68,4.0,1.81,16.0,0.3,0.7,0.7,24.9,25.1,25.36,25.13,4.0,0.3,16.0,0.3,0.7,0.7,15.35,15.35,16.19,15.76,3.0,0.71,14.0,0.3,0.7,0.7,77.8,78.5,80.2,79.0,3.0,1.8,14.0,0.3,0.7,4.84,6.6,8.47,6.65,4.0,2.55,16.0,0.3,0.7,0.7,-8.47,-6.18,-4.33,-6.39,4.0,2.71,16.0,0.3,0.7,0.7,-2.21,-0.62,0.0,-1.08,4.0,1.46,16.0,0.3,0.7,0.7,1005.53,1007.3,1008.97,1007.25,4.0,2.02,16.0,0.3,0.7,0.7,1.5,2.5,4.0,2.8,4.0,1.7,16.0,0.3,0.7,0.7,-73.6,-41.1,-22.2,-47.6,4.0,35.6,16.0,0.3,0.7,0.7,-12.2,-2.2,0.0,-5.9,4.0,9.1,16.0,0.3,0.7,0.7,1.19,2.25,3.94,2.55,4.0,1.74,16.0,0.3,0.7,0.7,8.1,12.8,24.6,16.2,4.0,12.2,16.0,0.3,0.7,0.7,5.52,5.87,7.61,6.55,3.0,1.63,14.0,0.3,0.7,0.7,31.2,33.2,49.8,40.4,3.0,15.0,14.0,0.3,0.7,0.7,-214.9,-154.8,-107.7,-161.0,4.0,70.1,16.0,0.3,0.7,0.7,-54.9,-15.4,0.0,-26.9,4.0,36.3,16.0,0.3,0.7,0.7,-137.1,-82.4,-61.6,-98.9,3.0,57.1,14.0,0.3,0.7,0.7,-38.5,-18.9,-6.0,-22.2,3.0,23.9,14.0,0.3,0.7,0.7,-48.4,-28.8,-28.6,-38.3,3.0,16.7,14.0,0.3,0.7,0.7,-14.6,-10.4,-3.3,-9.0,3.0,8.4,14.0,0.3,0.7,0.7,138.0,290.5,656.5,392.5,4.0,386.0,16.0,0.3,0.7,0.7,140.0,290.0,655.0,390.0,4.0,385.0,16.0,0.3,0.7,0.7
1974,2,193.0,-3.0,26.1,26.1,26.1,26.1,1.0,0.0,12.0,1.0,0.6,0.7,25.5,25.5,25.5,25.5,1.0,0.0,12.0,1.0,0.6,0.7,16.95,16.95,16.95,16.95,1.0,0.0,12.0,1.0,0.6,0.7,83.0,83.0,83.0,83.0,1.0,0.0,12.0,1.0,0.7,5.1,5.1,5.1,5.1,1.0,0.0,12.0,1.0,0.6,0.7,-5.1,-5.1,-5.1,-5.1,1.0,0.0,12.0,1.0,0.6,0.7,0.0,0.0,0.0,0.0,1.0,0.0,12.0,1.0,0.6,0.7,1008.5,1008.5,1008.5,1008.5,1.0,0.0,12.0,1.0,0.6,0.7,7.0,7.0,7.0,7.0,1.0,0.0,12.0,1.0,0.6,0.7,-26.0,-26.0,-26.0,-26.0,1.0,0.0,12.0,1.0,0.6,0.7,0.0,0.0,0.0,0.0,1.0,0.0,12.0,1.0,0.6,0.7,0.6,0.6,0.6,0.6,1.0,0.0,12.0,1.0,0.6,0.7,3.1,3.1,3.1,3.1,1.0,0.0,12.0,1.0,0.6,0.7,4.27,4.27,4.27,4.27,1.0,0.0,12.0,1.0,0.6,0.7,21.8,21.8,21.8,21.8,1.0,0.0,12.0,1.0,0.6,0.7,-130.0,-130.0,-130.0,-130.0,1.0,0.0,12.0,1.0,0.6,0.7,0.0,0.0,0.0,0.0,1.0,0.0,12.0,1.0,0.6,0.7,-86.5,-86.5,-86.5,-86.5,1.0,0.0,12.0,1.0,0.6,0.7,0.0,0.0,0.0,0.0,1.0,0.0,12.0,1.0,0.6,0.7,-21.8,-21.8,-21.8,-21.8,1.0,0.0,12.0,1.0,0.6,0.7,0.0,0.0,0.0,0.0,1.0,0.0,12.0,1.0,0.6,0.7,132.5,132.5,132.5,132.5,1.0,0.0,12.0,1.0,0.6,0.7,135.0,135.0,135.0,135.0,1.0,0.0,12.0,1.0,0.6,0.7
1974,2,193.0,-2.0,26.0,26.0,26.0,26.0,1.0,0.0,12.0,1.0,1.0,0.4,27.0,27.0,27.0,27.0,1.0,0.0,12.0,1.0,1.0,0.4,16.65,16.65,16.65,16.65,1.0,0.0,12.0,1.0,1.0,0.4,74.6,74.6,74.6,74.6,1.0,0.0,12.0,1.0,0.4,4.1,4.1,4.1,4.1,1.0,0.0,12.0,1.0,1.0,0.4,-3.85,-3.85,-3.85,-3.85,1.0,0.0,12.0,1.0,1.0,0.4,-1.4,-1.4,-1.4,-1.4,1.0,0.0,12.0,1.0,1.0,0.4,1008.0,1008.0,1008.0,1008.0,1.0,0.0,12.0,1.0,1.0,0.4,3.0,3.0,3.0,3.0,1.0,0.0,12.0,1.0,1.0,0.4,-15.8,-15.8,-15.8,-15.8,1.0,0.0,12.0,1.0,1.0,0.4,-5.7,-5.7,-5.7,-5.7,1.0,0.0,12.0,1.0,1.0,0.4,-1.0,-1.0,-1.0,-1.0,1.0,0.0,12.0,1.0,1.0,0.4,-4.1,-4.1,-4.1,-4.1,1.0,0.0,12.0,1.0,1.0,0.4,4.46,4.46,4.46,4.46,1.0,0.0,12.0,1.0,1.0,0.4,18.3,18.3,18.3,18.3,1.0,0.0,12.0,1.0,1.0,0.4,-104.0,-104.0,-104.0,-104.0,1.0,0.0,12.0,1.0,1.0,0.4,-37.9,-37.9,-37.9,-37.9,1.0,0.0,12.0,1.0,1.0,0.4,-64.2,-64.2,-64.2,-64.2,1.0,0.0,12.0,1.0,1.0,0.4,-23.3,-23.3,-23.3,-23.3,1.0,0.0,12.0,1.0,1.0,0.4,-17.2,-17.2,-17.2,-17.2,1.0,0.0,12.0,1.0,1.0,0.4,-6.3,-6.3,-6.3,-6.3,1.0,0.0,12.0,1.0,1.0,0.4,69.0,69.0,69.0,69.0,1.0,0.0,12.0,1.0,1.0,0.4,70.0,70.0,70.0,70.0,1.0,0.0,12.0,1.0,1.0,0.4
1974,2,193.0,1.0,,,,,,,,,,,,,,,,,,,,,,,,,,,,,,,,,,,,,,,,7.7,7.7,7.7,7.7,1.0,0.0,18.0,0.0,0.3,0.2,-7.58,-7.58,-7.58,-7.58,1.0,0.0,18.0,0.0,0.3,0.2,-1.34,-1.34,-1.34,-1.34,1.0,0.0,18.0,0.0,0.3,0.2,1008.1,1008.1,1008.1,1008.1,1.0,0.0,18.0,0.0,0.3,0.2,0.0,0.0,0.0,0.0,1.0,0.0,18.0,0.0,0.3,0.2,-58.4,-58.4,-58.4,-58.4,1.0,0.0,18.0,0.0,0.3,0.2,-10.3,-10.3,-10.3,-10.3,1.0,0.0,18.0,0.0,0.3,0.2,,,,,,,,,,,,,,,,,,,,,,,,,,,,,,,,,,,,,,,,,-189.6,-189.6,-189.6,-189.6,1.0,0.0,18.0,0.0,0.3,0.2,-33.4,-33.4,-33.4,-33.4,1.0,0.0,18.0,0.0,0.3,0.2,-124.7,-124.7,-124.7,-124.7,1.0,0.0,18.0,0.0,0.3,0.2,-22.0,-22.0,-22.0,-22.0,1.0,0.0,18.0,0.0,0.3,0.2,,,,,,,,,,,,,,,,,,,,,,,,,,,,,,,,,,,,,,,,
1974,2,193.0,4.0,27.0,27.0,27.0,27.0,2.0,0.0,18.0,1.0,0.4,0.2,26.9,26.9,26.9,26.9,1.0,0.0,18.0,1.0,0.4,0.2,15.52,15.52,15.52,15.52,1.0,0.0,18.0,1.0,0.4,0.2,70.1,70.1,70.1,70.1,1.0,0.0,18.0,1.0,0.2,8.7,8.7,8.7,8.7,1.0,0.0,18.0,1.0,0.4,0.2,-4.35,-4.35,-4.35,-4.35,1.0,0.0,18.0,1.0,0.4,0.2,7.53,7.53,7.53,7.53,1.0,0.0,18.0,1.0,0.4,0.2,1010.4,1010.4,1010.4,1010.4,1.0,0.0,18.0,1.0,0.4,0.2,7.0,7.0,7.0,7.0,1.0,0.0,18.0,1.0,0.4,0.2,-37.8,-37.8,-37.8,-37.8,1.0,0.0,18.0,1.0,0.4,0.2,65.5,65.5,65.5,65.5,1.0,0.0,18.0,1.0,0.4,0.2,0.1,0.1,0.1,0.1,1.0,0.0,18.0,1.0,0.4,0.2,0.9,0.9,0.9,0.9,1.0,0.0,18.0,1.0,0.4,0.2,6.84,6.84,6.84,6.84,1.0,0.0,18.0,1.0,0.4,0.2,59.5,59.5,59.5,59.5,1.0,0.0,18.0,1.0,0.4,0.2,-117.0,-117.0,-117.0,-117.0,1.0,0.0,18.0,1.0,0.4,0.2,202.7,202.7,202.7,202.7,1.0,0.0,18.0,1.0,0.4,0.2,-67.5,-67.5,-67.5,-67.5,1.0,0.0,18.0,1.0,0.4,0.2,116.9,116.9,116.9,116.9,1.0,0.0,18.0,1.0,0.4,0.2,-29.7,-29.7,-29.7,-29.7,1.0,0.0,18.0,1.0,0.4,0.2,51.5,51.5,51.5,51.5,1.0,0.0,18.0,1.0,0.4,0.2,658.5,658.5,658.5,658.5,1.0,0.0,18.0,1.0,0.4,0.2,660.0,660.0,660.0,660.0,1.0,0.0,18.0,1.0,0.4,0.2
1974,2,193.0,5.0,26.9,26.9,26.9,26.9,2.0,0.0,20.0,1.0,0.9,0.1,26.2,26.2,26.2,26.2,1.0,0.0,20.0,1.0,0.9,0.1,17.59,17.59,17.59,17.59,1.0,0.0,20.0,1.0,0.9,0.1,82.6,82.6,82.6,82.6,1.0,0.0,20.0,1.0,0.1,6.7,6.7,6.7,6.7,1.0,0.0,20.0,1.0,0.9,0.1,-3.35,-3.35,-3.35,-3.35,1.0,0.0,20.0,1.0,0.9,0.1,5.8,5.8,5.8,5.8,1.0,0.0,20.0,1.0,0.9,0.1,1008.5,1008.5,1008.5,1008.5,1.0,0.0,20.0,1.0,0.9,0.1,8.0,8.0,8.0,8.0,1.0,0.0,20.0,1.0,0.9,0.1,-22.4,-22.4,-22.4,-22.4,1.0,0.0,20.0,1.0,0.9,0.1,38.9,38.9,38.9,38.9,1.0,0.0,20.0,1.0,0.9,0.1,0.7,0.7,0.7,0.7,1.0,0.0,20.0,1.0,0.9,0.1,4.7,4.7,4.7,4.7,1.0,0.0,20.0,1.0,0.9,0.1,4.68,4.68,4.68,4.68,1.0,0.0,20.0,1.0,0.9,0.1,31.3,31.3,31.3,31.3,1.0,0.0,20.0,1.0,0.9,0.1,-87.8,-87.8,-87.8,-87.8,1.0,0.0,20.0,1.0,0.9,0.1,152.0,152.0,152.0,152.0,1.0,0.0,20.0,1.0,0.9,0.1,-58.9,-58.9,-58.9,-58.9,1.0,0.0,20.0,1.0,0.9,0.1,102.1,102.1,102.1,102.1,1.0,0.0,20.0,1.0,0.9,0.1,-15.7,-15.7,-15.7,-15.7,1.0,0.0,20.0,1.0,0.9,0.1,27.1,27.1,27.1,27.1,1.0,0.0,20.0,1.0,0.9,0.1,301.0,301.0,301.0,301.0,1.0,0.0,20.0,1.0,0.9,0.1,300.0,300.0,300.0,300.0,1.0,0.0,20.0,1.0,0.9,0.1
1974,2,193.0,6.0,27.2,27.2,27.2,27.2,1.0,0.0,18.0,1.0,0.3,0.4,25.4,25.4,25.4,25.4,1.0,0.0,18.0,1.0,0.3,0.4,18.64,18.64,18.64,18.64,1.0,0.0,18.0,1.0,0.3,0.4,92.0,92.0,92.0,92.0,1.0,0.0,18.0,1.0,0.4,10.3,10.3,10.3,10.3,1.0,0.0,18.0,1.0,0.3,0.4,-10.14,-10.14,-10.14,-10.14,1.0,0.0,18.0,1.0,0.3,0.4,-1.79,-1.79,-1.79,-1.79,1.0,0.0,18.0,1.0,0.3,0.4,1011.3,1011.3,1011.3,1011.3,1.0,0.0,18.0,1.0,0.3,0.4,6.0,6.0,6.0,6.0,1.0,0.0,18.0,1.0,0.3,0.4,-104.5,-104.5,-104.5,-104.5,1.0,0.0,18.0,1.0,0.3,0.4,-18.4,-18.4,-18.4,-18.4,1.0,0.0,18.0,1.0,0.3,0.4,1.8,1.8,1.8,1.8,1.0,0.0,18.0,1.0,0.3,0.4,18.5,18.5,18.5,18.5,1.0,0.0,18.0,1.0,0.3,0.4,3.96,3.96,3.96,3.96,1.0,0.0,18.0,1.0,0.3,0.4,40.8,40.8,40.8,40.8,1.0,0.0,18.0,1.0,0.3,0.4,-257.6,-257.6,-257.6,-257.6,1.0,0.0,18.0,1.0,0.3,0.4,-45.4,-45.4,-45.4,-45.4,1.0,0.0,18.0,1.0,0.3,0.4,-189.1,-189.1,-189.1,-189.1,1.0,0.0,18.0,1.0,0.3,0.4,-33.3,-33.3,-33.3,-33.3,1.0,0.0,18.0,1.0,0.3,0.4,-40.2,-40.2,-40.2,-40.2,1.0,0.0,18.0,1.0,0.3,0.4,-7.1,-7.1,-7.1,-7.1,1.0,0.0,18.0,1.0,0.3,0.4,1092.5,1092.5,1092.5,1092.5,1.0,0.0,18.0,1.0,0.3,0.4,1095.0,1095.0,1095.0,1095.0,1.0,0.0,18.0,1.0,0.3,0.4
1974,2,193.0,7.0,,,,,,,,,,,,,,,,,,,,,,,,,,,,,,,,,,,,,,,,8.0,8.0,8.0,8.0,1.0,0.0,22.0,1.0,0.7,0.8,-6.13,-6.13,-6.13,-6.13,1.0,0.0,22.0,1.0,0.7,0.8,-5.14,-5.14,-5.14,-5.14,1.0,0.0,22.0,1.0,0.7,0.8,1008.0,1008.0,1008.0,1008.0,1.0,0.0,22.0,1.0,0.7,0.8,,,,,,,,,,,,,,,,,,,,,,,,,,,,,,,,,,,,,,,,,,,,,,,,,,,,,,,,,,,,,,,,,,,,,,,,,,,,,,,,,,,,,,,,,,,,,,,,,,,,,,,,,,,,,,,,,,,,,,,,,,,,,,,,,,,,,,,,,,,,,,,,,,,,,,
1974,2,193.0,12.0,26.5,26.5,26.5,26.5,1.0,0.0,26.0,0.0,0.8,0.1,25.2,25.2,25.2,25.2,1.0,0.0,26.0,0.0,0.8,0.1,16.59,16.59,16.59,16.59,1.0,0.0,26.0,0.0,0.8,0.1,83.0,83.0,83.0,83.0,1.0,0.0,26.0,0.0,0.1,5.93,7.7,9.47,7.7,2.0,3.68,18.0,0.5,0.7,0.4,-9.46,-7.66,-5.86,-7.66,2.0,3.73,18.0,0.5,0.7,0.4,-0.75,-0.44,-0.14,-0.44,2.0,0.63,18.0,0.5,0.7,0.4,1011.4,1011.4,1011.4,1011.4,1.0,0.0,26.0,0.0,0.8,0.1,3.5,4.5,5.5,4.5,2.0,2.1,18.0,0.5,0.7,0.4,-93.3,-65.9,-38.4,-65.9,2.0,56.9,18.0,0.5,0.7,0.4,-3.8,-2.3,-0.7,-2.3,2.0,3.2,18.0,0.5,0.7,0.4,1.3,1.3,1.3,1.3,1.0,0.0,26.0,0.0,0.8,0.1,6.6,6.6,6.6,6.6,1.0,0.0,26.0,0.0,0.8,0.1,5.08,5.08,5.08,5.08,1.0,0.0,26.0,0.0,0.8,0.1,25.9,25.9,25.9,25.9,1.0,0.0,26.0,0.0,0.8,0.1,-126.6,-126.6,-126.6,-126.6,1.0,0.0,26.0,0.0,0.8,0.1,-22.3,-22.3,-22.3,-22.3,1.0,0.0,26.0,0.0,0.8,0.1,-83.3,-83.3,-83.3,-83.3,1.0,0.0,26.0,0.0,0.8,0.1,-14.7,-14.7,-14.7,-14.7,1.0,0.0,26.0,0.0,0.8,0.1,-25.5,-25.5,-25.5,-25.5,1.0,0.0,26.0,0.0,0.8,0.1,-4.5,-4.5,-4.5,-4.5,1.0,0.0,26.0,0.0,0.8,0.1,285.0,612.5,940.5,612.5,2.0,679.0,18.0,0.5,0.7,0.4,285.0,615.0,940.0,615.0,2.0,680.0,18.0,0.5,0.7,0.4
1974,2,193.0,14.0,26.0,26.0,26.0,26.0,2.0,0.0,16.0,0.5,0.8,0.4,25.08,25.25,25.42,25.25,2.0,0.35,16.0,0.5,0.8,0.4,18.19,18.22,18.24,18.22,2.0,0.05,16.0,0.5,0.8,0.4,90.1,90.9,91.6,90.9,2.0,1.5,16.0,0.5,0.4,9.3,9.3,9.3,9.3,2.0,0.0,16.0,0.5,0.8,0.4,-9.28,-9.23,-9.18,-9.23,2.0,0.1,16.0,0.5,0.8,0.4,0.26,0.81,1.36,0.81,2.0,1.14,16.0,0.5,0.8,0.4,1012.38,1013.2,1014.02,1013.2,2.0,1.7,16.0,0.5,0.8,0.4,5.3,6.0,6.7,6.0,2.0,1.4,16.0,0.5,0.8,0.4,-86.3,-85.8,-85.4,-85.8,2.0,0.9,16.0,0.5,0.8,0.4,2.4,7.5,12.6,7.5,2.0,10.6,16.0,0.5,0.8,0.4,0.58,0.75,0.92,0.75,2.0,0.35,16.0,0.5,0.8,0.4,5.4,7.0,8.6,7.0,2.0,3.3,16.0,0.5,0.8,0.4,2.74,2.78,2.82,2.78,2.0,0.08,16.0,0.5,0.8,0.4,25.5,25.9,26.3,25.9,2.0,0.8,16.0,0.5,0.8,0.4,-233.4,-233.0,-232.7,-233.0,2.0,0.7,16.0,0.5,0.8,0.4,6.5,20.6,34.6,20.6,2.0,29.1,16.0,0.5,0.8,0.4,-168.8,-168.1,-167.5,-168.1,2.0,1.4,16.0,0.5,0.8,0.4,4.7,14.7,24.8,14.7,2.0,20.8,16.0,0.5,0.8,0.4,-26.2,-25.7,-25.2,-25.7,2.0,1.0,16.0,0.5,0.8,0.4,0.7,2.2,3.7,2.2,2.0,3.1,16.0,0.5,0.8,0.4,804.5,804.5,804.5,804.5,2.0,0.0,16.0,0.5,0.8,0.4,805.0,805.0,805.0,805.0,2.0,0.0,16.0,0.5,0.8,0.4
1974,2,193.0,17.0,24.07,24.65,25.23,24.65,2.0,1.2,12.0,1.0,0.4,0.3,23.23,24.15,25.07,24.15,2.0,1.91,12.0,1.0,0.4,0.3,15.11,15.36,15.6,15.36,2.0,0.51,12.0,1.0,0.4,0.3,79.1,82.2,85.4,82.2,2.0,6.6,12.0,1.0,0.3,7.66,10.8,12.23,9.97,3.0,3.43,12.0,0.7,0.4,0.5,-11.65,-10.64,-7.54,-9.62,3.0,3.13,12.0,0.7,0.4,0.5,-3.61,-1.88,-1.33,-2.45,3.0,1.74,12.0,0.7,0.4,0.5,1013.94,1014.9,1015.86,1014.9,2.0,1.98,12.0,1.0,0.4,0.3,2.6,6.0,7.4,5.0,3.0,3.6,12.0,0.7,0.4,0.5,-143.2,-114.9,-62.3,-103.0,3.0,60.1,12.0,0.7,0.4,0.5,-45.3,-20.3,-11.0,-27.9,3.0,26.0,12.0,0.7,0.4,0.5,0.16,0.5,0.84,0.5,2.0,0.71,12.0,1.0,0.4,0.3,2.0,6.5,10.9,6.5,2.0,9.1,12.0,1.0,0.4,0.3,3.57,3.99,4.4,3.99,2.0,0.86,12.0,1.0,0.4,0.3,44.6,46.6,48.7,46.6,2.0,4.3,12.0,1.0,0.4,0.3,-275.6,-273.8,-272.0,-273.8,2.0,3.7,12.0,1.0,0.4,0.3,-92.2,-74.2,-56.2,-74.2,2.0,37.3,12.0,1.0,0.4,0.3,-179.5,-174.5,-169.5,-174.5,2.0,10.3,12.0,1.0,0.4,0.3,-60.3,-47.8,-35.3,-47.8,2.0,25.9,12.0,1.0,0.4,0.3,-47.6,-44.9,-42.2,-44.9,2.0,5.6,12.0,1.0,0.4,0.3,-13.9,-11.8,-9.6,-11.8,2.0,4.5,12.0,1.0,0.4,0.3,562.5,1259.5,1865.0,1215.0,3.0,955.0,12.0,0.7,0.4,0.5,565.0,1260.0,1865.0,1215.0,3.0,955.0,12.0,0.7,0.4,0.5
1974,2,193.0,18.0,25.53,25.6,25.87,25.7,3.0,0.26,16.0,0.7,0.4,0.3,23.48,24.5,25.66,24.57,3.0,1.6,16.0,0.7,0.4,0.3,14.13,15.92,16.76,15.46,3.0,1.97,16.0,0.7,0.4,0.3,75.6,76.3,85.4,80.4,3.0,8.0,16.0,0.7,0.3,5.93,7.7,9.13,7.53,3.0,2.35,16.0,0.7,0.4,0.3,-8.4,-6.67,-5.39,-6.89,3.0,2.22,16.0,0.7,0.4,0.3,-2.84,-1.74,2.07,-0.42,3.0,3.78,16.0,0.7,0.4,0.3,1014.85,1015.6,1015.6,1015.23,3.0,0.64,16.0,0.7,0.4,0.3,1.3,2.0,6.1,3.7,3.0,3.8,16.0,0.7,0.4,0.3,-77.9,-51.3,-33.0,-55.3,3.0,33.1,16.0,0.7,0.4,0.3,-25.2,-8.9,17.4,-4.0,3.0,31.5,16.0,0.7,0.4,0.3,-0.09,1.0,2.37,1.13,3.0,1.8,16.0,0.7,0.4,0.3,-1.6,7.7,12.9,5.7,3.0,10.7,16.0,0.7,0.4,0.3,3.61,4.53,6.67,5.13,3.0,2.31,16.0,0.7,0.4,0.3,29.1,39.1,42.7,36.0,3.0,10.3,16.0,0.7,0.4,0.3,-216.5,-163.4,-127.1,-171.6,3.0,65.9,16.0,0.7,0.4,0.3,-72.7,-40.1,51.7,-11.2,3.0,94.5,16.0,0.7,0.4,0.3,-136.4,-114.3,-79.8,-108.2,3.0,41.8,16.0,0.7,0.4,0.3,-43.8,-23.2,37.7,-3.5,3.0,62.1,16.0,0.7,0.4,0.3,-40.1,-36.8,-26.2,-33.2,3.0,10.7,16.0,0.7,0.4,0.3,-14.6,-13.4,4.1,-5.4,3.0,15.3,16.0,0.7,0.4,0.3,235.5,456.5,787.5,510.0,3.0,407.0,16.0,0.7,0.4,0.3,235.0,455.0,785.0,510.0,3.0,405.0,16.0,0.7,0.4,0.3
1974,2,193.0,19.0,24.93,25.4,25.57,25.24,9.0,0.35,20.0,0.7,0.6,0.4,23.43,24.8,25.58,24.44,9.0,1.19,20.0,0.7,0.6,0.4,13.73,15.41,17.67,15.61,9.0,2.18,20.0,0.7,0.6,0.4,75.4,86.0,87.9,81.7,9.0,7.8,20.0,0.7,0.4,7.33,8.2,10.17,8.28,9.0,1.88,20.0,0.7,0.6,0.4,-9.34,-7.58,-5.22,-7.38,9.0,2.04,20.0,0.7,0.6,0.4,-0.98,1.25,5.55,1.64,9.0,3.47,20.0,0.7,0.6,0.4,1014.07,1015.2,1017.38,1015.7,9.0,1.61,20.0,0.7,0.6,0.4,1.0,2.0,3.7,2.3,9.0,1.2,20.0,0.7,0.6,0.4,-92.1,-58.4,-38.3,-63.6,9.0,28.4,20.0,0.7,0.6,0.4,-7.5,9.0,48.0,13.4,9.0,33.1,20.0,0.7,0.6,0.4,-0.56,0.4,2.07,0.8,9.0,1.4,20.0,0.7,0.6,0.4,-4.4,3.3,20.4,8.2,9.0,13.2,20.0,0.7,0.6,0.4,2.05,4.92,6.46,4.41,9.0,2.34,20.0,0.7,0.6,0.4,16.0,23.4,55.3,38.3,9.0,26.3,20.0,0.7,0.6,0.4,-222.6,-189.6,-130.3,-180.1,9.0,47.9,20.0,0.7,0.6,0.4,-24.4,32.3,128.4,39.2,9.0,81.1,20.0,0.7,0.6,0.4,-138.6,-126.0,-81.4,-115.0,9.0,31.6,20.0,0.7,0.6,0.4,-16.6,22.2,83.0,26.5,9.0,49.2,20.0,0.7,0.6,0.4,-48.6,-23.0,-15.3,-33.0,9.0,23.5,20.0,0.7,0.6,0.4,-3.0,3.9,25.4,6.8,9.0,22.7,20.0,0.7,0.6,0.4,395.5,551.5,1052.0,642.0,9.0,375.5,20.0,0.7,0.6,0.4,395.0,550.0,1050.0,640.0,9.0,375.0,20.0,0.7,0.6,0.4
1974,2,193.0,20.0,25.0,25.5,26.37,25.68,4.0,0.83,8.0,1.0,0.8,0.5,23.01,24.45,25.26,24.15,4.0,1.46,8.0,1.0,0.8,0.5,13.69,14.53,15.9,14.78,4.0,1.36,8.0,1.0,0.8,0.5,76.2,79.5,81.8,79.0,4.0,3.4,8.0,1.0,0.5,5.55,8.2,9.54,7.58,4.0,2.86,8.0,1.0,0.8,0.5,-8.96,-7.88,-5.24,-7.14,4.0,2.82,8.0,1.0,0.8,0.5,-2.7,-0.23,2.2,-0.25,4.0,2.95,8.0,1.0,0.8,0.5,1014.81,1016.85,1018.68,1016.75,4.0,2.36,8.0,1.0,0.8,0.5,3.0,3.5,6.1,4.5,4.0,2.4,8.0,1.0,0.8,0.5,-86.1,-64.8,-33.7,-60.1,4.0,36.9,8.0,1.0,0.8,0.5,-22.1,1.9,18.5,-1.6,4.0,26.6,8.0,1.0,0.8,0.5,0.24,1.65,2.8,1.53,4.0,1.49,8.0,1.0,0.8,0.5,2.1,7.2,16.1,9.0,4.0,9.3,8.0,1.0,0.8,0.5,4.44,5.28,7.12,5.76,4.0,1.72,8.0,1.0,0.8,0.5,33.5,42.2,46.5,40.1,4.0,8.3,8.0,1.0,0.8,0.5,-226.0,-188.4,-119.2,-173.3,4.0,72.4,8.0,1.0,0.8,0.5,-66.6,-6.7,53.9,-6.4,4.0,73.2,8.0,1.0,0.8,0.5,-141.5,-118.9,-71.6,-107.1,4.0,46.6,8.0,1.0,0.8,0.5,-40.0,-3.4,34.3,-2.8,4.0,45.5,8.0,1.0,0.8,0.5,-44.8,-39.7,-30.3,-37.7,4.0,9.4,8.0,1.0,0.8,0.5,-15.2,-3.2,10.7,-2.3,4.0,15.0,8.0,1.0,0.8,0.5,242.0,557.5,886.0,563.5,4.0,435.0,8.0,1.0,0.8,0.5,240.0,560.0,885.0,565.0,4.0,435.0,8.0,1.0,0.8,0.5
1974,2,193.0,21.0,24.0,24.45,25.29,24.73,10.0,0.96,18.0,0.3,0.6,0.4,23.56,24.0,25.0,24.12,11.0,1.09,18.0,0.4,0.5,0.4,14.63,15.05,15.39,14.99,10.0,0.85,20.0,0.4,0.5,0.4,75.5,82.3,84.3,80.9,11.0,5.3,18.0,0.4,0.4,5.99,6.7,9.36,7.39,11.0,1.91,18.0,0.4,0.5,0.4,-7.19,-5.9,-4.43,-5.87,11.0,2.07,18.0,0.4,0.5,0.4,-5.88,-3.69,3.0,-1.9,11.0,4.19,18.0,0.4,0.5,0.4,1014.64,1015.95,1017.37,1016.01,10.0,1.72,20.0,0.4,0.5,0.4,2.0,3.0,4.8,3.5,11.0,2.0,18.0,0.4,0.5,0.4,-67.6,-44.9,-24.9,-46.3,11.0,28.1,18.0,0.4,0.5,0.4,-44.9,-24.7,16.4,-17.6,11.0,33.5,18.0,0.4,0.5,0.4,-0.37,0.35,1.51,0.7,10.0,1.84,18.0,0.3,0.6,0.4,-2.5,2.6,10.6,4.6,10.0,11.9,18.0,0.3,0.6,0.4,3.2,3.88,6.56,4.56,9.0,1.77,20.0,0.3,0.5,0.3,26.0,31.2,46.6,34.5,9.0,10.7,20.0,0.3,0.5,0.3,-176.5,-138.6,-101.9,-141.6,11.0,49.9,18.0,0.4,0.5,0.4,-140.7,-88.3,69.6,-45.1,11.0,101.3,18.0,0.4,0.5,0.4,-110.9,-88.8,-66.9,-89.4,10.0,31.9,20.0,0.4,0.5,0.4,-92.3,-34.1,49.1,-25.5,10.0,65.9,20.0,0.4,0.5,0.4,-38.1,-26.0,-20.0,-27.9,9.0,11.3,20.0,0.3,0.5,0.3,-18.9,-13.7,14.7,-6.1,9.0,20.2,20.0,0.3,0.5,0.3,216.5,301.0,838.0,480.5,11.0,378.5,18.0,0.4,0.5,0.4,215.0,300.0,840.0,480.0,11.0,380.0,18.0,0.4,0.5,0.4
1974,2,193.0,22.0,23.41,25.25,25.97,24.89,14.0,1.29,16.0,0.4,0.7,0.4,23.0,24.0,25.24,23.86,16.0,1.35,18.0,0.4,0.7,0.4,12.79,14.11,15.63,14.17,13.0,1.34,16.0,0.5,0.7,0.4,76.3,78.2,83.9,78.8,13.0,6.1,16.0,0.5,0.4,3.79,5.65,9.07,6.21,16.0,2.66,18.0,0.4,0.7,0.4,-8.19,-5.02,-2.24,-5.08,16.0,2.71,18.0,0.4,0.7,0.4,-2.91,1.09,3.39,0.51,16.0,3.62,18.0,0.4,0.7,0.4,1013.18,1016.2,1019.01,1016.29,15.0,2.71,16.0,0.4,0.7,0.4,2.0,5.0,7.0,4.6,16.0,2.6,18.0,0.4,0.7,0.4,-69.6,-27.5,-7.3,-37.5,16.0,29.5,18.0,0.4,0.7,0.4,-22.1,4.5,20.3,-0.6,16.0,30.4,18.0,0.4,0.7,0.4,-0.56,1.45,2.99,1.2,14.0,2.07,16.0,0.4,0.7,0.4,-2.9,8.2,15.1,6.1,14.0,14.4,16.0,0.4,0.7,0.4,3.89,5.94,7.02,5.62,13.0,1.69,16.0,0.5,0.7,0.4,18.9,27.3,57.0,34.7,13.0,17.0,16.0,0.5,0.7,0.4,-190.8,-120.5,-52.0,-120.3,16.0,63.5,18.0,0.4,0.7,0.4,-64.6,27.5,79.1,12.3,16.0,89.6,18.0,0.4,0.7,0.4,-105.5,-70.9,-36.4,-71.9,13.0,37.8,16.0,0.5,0.7,0.4,-44.1,12.5,43.3,0.4,13.0,50.7,16.0,0.5,0.7,0.4,-42.2,-23.7,-13.5,-28.4,13.0,16.5,16.0,0.5,0.7,0.4,-13.9,3.3,14.5,-0.7,13.0,21.2,16.0,0.5,0.7,0.4,55.0,185.5,749.0,362.5,16.0,354.5,18.0,0.4,0.7,0.4,55.0,185.0,750.0,365.0,16.0,355.0,18.0,0.4,0.7,0.4
1974,2,193.0,23.0,22.23,23.75,24.96,23.53,14.0,1.08,18.0,0.4,0.6,0.4,22.8,24.0,25.0,24.07,15.0,1.31,18.0,0.4,0.6,0.4,13.59,14.42,16.27,14.99,14.0,2.18,18.0,0.4,0.6,0.4,72.3,79.5,90.5,81.6,14.0,10.1,18.0,0.4,0.4,5.14,7.45,10.2,7.27,14.0,3.54,18.0,0.4,0.6,0.4,-8.51,-6.55,-2.07,-6.07,14.0,3.6,18.0,0.4,0.6,0.4,-1.42,0.0,1.94,-0.16,14.0,4.11,18.0,0.4,0.6,0.4,1016.24,1017.5,1019.62,1016.69,15.0,4.64,18.0,0.4,0.6,0.4,1.0,2.5,4.9,3.0,14.0,2.1,18.0,0.4,0.6,0.4,-73.6,-48.6,-8.8,-53.7,14.0,48.0,18.0,0.4,0.6,0.4,-12.3,0.0,11.0,-7.5,14.0,41.4,18.0,0.4,0.6,0.4,-2.5,-0.6,1.0,-0.61,14.0,1.84,18.0,0.4,0.6,0.4,-16.8,-1.5,9.1,-1.6,13.0,15.5,16.0,0.4,0.6,0.4,1.16,2.61,3.93,2.78,13.0,2.02,16.0,0.5,0.6,0.4,5.7,21.8,37.6,25.2,12.0,25.0,16.0,0.4,0.6,0.4,-208.3,-155.2,-51.3,-145.2,14.0,85.1,18.0,0.4,0.6,0.4,-34.7,0.0,51.9,-2.4,14.0,98.2,18.0,0.4,0.6,0.4,-142.8,-92.4,-37.0,-89.1,13.0,54.3,16.0,0.4,0.6,0.4,-29.4,0.0,28.8,-3.7,13.0,64.8,16.0,0.4,0.6,0.4,-28.2,-17.1,-1.0,-20.9,12.0,23.8,16.0,0.4,0.6,0.4,-7.0,0.0,5.8,-3.7,12.0,16.2,16.0,0.4,0.6,0.4,136.0,415.0,1065.5,630.5,14.0,735.0,18.0,0.4,0.6,0.4,135.0,415.0,1065.0,630.0,14.0,735.0,18.0,0.4,0.6,0.4
1974,2,193.0,24.0,22.58,23.45,24.16,23.38,4.0,0.97,12.0,0.3,0.5,0.5,22.07,23.05,23.56,22.83,4.0,1.03,12.0,0.3,0.5,0.5,14.24,14.47,14.95,14.59,4.0,0.55,12.0,0.3,0.5,0.5,80.7,84.5,89.1,84.9,4.0,5.2,12.0,0.3,0.5,3.24,8.2,9.28,6.46,5.0,4.07,12.0,0.2,0.6,0.5,-9.23,-8.2,1.2,-4.75,5.0,5.99,12.0,0.2,0.6,0.5,-0.65,0.0,1.43,0.42,5.0,2.1,12.0,0.2,0.6,0.5,1015.1,1017.0,1020.98,1017.8,5.0,3.11,12.0,0.2,0.6,0.5,2.3,3.0,7.4,4.4,5.0,3.0,12.0,0.2,0.6,0.5,-86.2,-67.2,6.1,-46.1,5.0,52.0,12.0,0.2,0.6,0.5,-6.7,0.0,7.3,0.3,5.0,13.6,12.0,0.2,0.6,0.5,-0.03,0.6,1.12,0.55,4.0,0.9,12.0,0.3,0.5,0.5,-2.6,2.6,5.7,1.6,4.0,5.1,12.0,0.3,0.5,0.5,2.72,3.03,3.82,3.26,4.0,0.88,12.0,0.3,0.5,0.5,9.6,23.2,36.8,23.2,4.0,19.1,12.0,0.3,0.5,0.5,-223.0,-194.8,-89.0,-157.8,4.0,107.6,12.0,0.3,0.5,0.5,-22.3,0.0,0.0,-10.6,4.0,21.3,12.0,0.3,0.5,0.5,-140.7,-124.5,-54.9,-99.0,4.0,67.3,12.0,0.3,0.5,0.5,-13.6,0.0,0.0,-6.5,4.0,13.0,12.0,0.3,0.5,0.5,-36.4,-23.2,-9.6,-23.0,4.0,18.9,12.0,0.3,0.5,0.5,-4.2,0.0,0.0,-2.0,4.0,4.0,12.0,0.3,0.5,0.5,84.0,551.5,817.0,487.0,5.0,437.0,12.0,0.2,0.6,0.5,85.0,550.0,815.0,485.0,5.0,435.0,12.0,0.2,0.6,0.5
1974,2,193.0,25.0,21.44,22.5,23.0,22.24,5.0,0.87,20.0,0.8,0.5,0.3,20.95,21.7,22.37,21.64,5.0,1.08,20.0,0.8,0.5,0.3,14.03,14.93,15.81,14.92,5.0,1.28,20.0,0.8,0.5,0.3,91.1,91.2,95.1,92.8,5.0,2.3,20.0,0.8,0.3,4.69,5.65,8.97,6.37,6.0,2.55,20.0,0.8,0.5,0.3,-4.9,-0.71,1.58,-1.06,6.0,5.37,20.0,0.8,0.5,0.3,-0.68,4.04,6.25,2.9,6.0,3.86,20.0,0.8,0.5,0.3,1011.74,1015.5,1018.1,1014.57,6.0,4.35,20.0,0.8,0.5,0.3,8.0,8.0,8.0,8.0,6.0,0.0,20.0,0.8,0.5,0.3,-31.4,-3.1,15.8,-4.2,6.0,48.8,20.0,0.8,0.5,0.3,-3.5,17.5,43.8,20.2,6.0,29.0,20.0,0.8,0.5,0.3,0.0,0.5,1.18,0.6,5.0,0.65,20.0,0.8,0.5,0.3,0.0,1.6,8.0,3.9,5.0,5.5,20.0,0.8,0.5,0.3,0.82,1.97,2.5,1.75,5.0,0.94,20.0,0.8,0.5,0.3,4.8,6.1,16.6,10.5,5.0,9.0,20.0,0.8,0.5,0.3,-117.9,-20.4,-7.5,-59.5,5.0,77.4,20.0,0.8,0.5,0.3,-23.9,67.2,122.5,50.3,5.0,83.0,20.0,0.8,0.5,0.3,-78.8,-14.8,-5.1,-40.1,5.0,52.1,20.0,0.8,0.5,0.3,-15.8,45.6,87.9,36.2,5.0,57.9,20.0,0.8,0.5,0.3,-15.0,-1.1,-0.4,-7.2,5.0,11.0,20.0,0.8,0.5,0.3,-2.7,3.7,5.6,1.6,5.0,5.5,20.0,0.8,0.5,0.3,111.5,185.5,729.0,365.5,6.0,381.0,20.0,0.8,0.5,0.3,110.0,185.0,730.0,365.0,6.0,380.0,20.0,0.8,0.5,0.3
1974,2,193.0,26.0,22.49,23.1,23.71,23.1,2.0,1.27,20.0,0.5,0.9,0.6,20.16,20.5,20.84,20.5,2.0,0.71,20.0,0.5,0.9,0.6,10.97,10.97,10.97,10.97,1.0,0.0,20.0,0.0,0.7,0.9,76.3,76.3,76.3,76.3,1.0,0.0,20.0,0.0,0.9,4.21,8.75,13.29,8.75,2.0,9.4,20.0,0.5,0.9,0.6,-13.28,-8.73,-4.18,-8.73,2.0,9.43,20.0,0.5,0.9,0.6,-0.31,-0.18,-0.06,-0.18,2.0,0.26,20.0,0.5,0.9,0.6,1020.32,1021.0,1021.68,1021.0,2.0,1.41,20.0,0.5,0.9,0.6,3.8,5.5,7.2,5.5,2.0,3.5,20.0,0.5,0.9,0.6,-200.2,-120.8,-41.3,-120.8,2.0,164.6,20.0,0.5,0.9,0.6,-0.6,-0.4,-0.1,-0.4,2.0,0.5,20.0,0.5,0.9,0.6,2.33,2.6,2.87,2.6,2.0,0.57,20.0,0.5,0.9,0.6,10.7,20.1,29.5,20.1,2.0,19.5,20.0,0.5,0.9,0.6,5.55,5.55,5.55,5.55,1.0,0.0,20.0,0.0,0.7,0.9,85.5,85.5,85.5,85.5,1.0,0.0,20.0,0.0,0.7,0.9,-266.0,-175.7,-85.4,-175.7,2.0,187.1,20.0,0.5,0.9,0.6,-6.4,-3.8,-1.2,-3.8,2.0,5.4,20.0,0.5,0.9,0.6,-168.9,-168.9,-168.9,-168.9,1.0,0.0,20.0,0.0,0.7,0.9,0.0,0.0,0.0,0.0,1.0,0.0,20.0,0.0,0.7,0.9,-85.5,-85.5,-85.5,-85.5,1.0,0.0,20.0,0.0,0.7,0.9,0.0,0.0,0.0,0.0,1.0,0.0,20.0,0.0,0.7,0.9,587.5,1831.0,3074.0,1831.0,2.0,2576.0,20.0,0.5,0.9,0.6,585.0,1830.0,3075.0,1830.0,2.0,2575.0,20.0,0.5,0.9,0.6
1974,2,193.0,27.0,19.93,21.1,22.01,20.8,7.0,1.36,16.0,0.3,0.5,0.6,20.51,20.9,21.62,20.76,8.0,1.29,14.0,0.4,0.5,0.6,10.53,12.05,14.0,12.17,7.0,2.1,16.0,0.3,0.5,0.6,71.0,79.4,91.1,81.1,7.0,10.0,16.0,0.3,0.6,5.22,7.7,13.39,8.74,8.0,3.97,14.0,0.4,0.5,0.6,-7.54,-6.04,0.83,-4.68,8.0,5.31,14.0,0.4,0.5,0.6,-8.95,-0.54,4.14,-1.41,8.0,6.89,14.0,0.4,0.5,0.6,1017.07,1019.6,1022.0,1019.58,8.0,2.58,14.0,0.4,0.5,0.6,3.0,6.0,7.0,5.4,7.0,2.1,14.0,0.4,0.6,0.6,-58.1,-46.7,3.6,-42.7,8.0,70.2,14.0,0.4,0.5,0.6,-136.7,-3.3,20.2,-30.6,8.0,87.9,14.0,0.4,0.5,0.6,-1.74,1.0,1.62,0.29,7.0,1.71,16.0,0.3,0.5,0.6,-9.0,5.6,24.8,6.6,7.0,15.8,16.0,0.3,0.5,0.6,-0.21,4.14,5.75,3.06,7.0,2.79,16.0,0.3,0.5,0.6,-1.1,22.1,80.4,33.7,7.0,37.7,16.0,0.3,0.5,0.6,-168.4,-125.4,17.1,-100.9,8.0,107.9,14.0,0.4,0.5,0.6,-184.6,-11.3,86.8,-25.0,8.0,134.1,14.0,0.4,0.5,0.6,-89.0,-81.4,19.4,-56.3,7.0,61.4,16.0,0.3,0.5,0.6,-105.5,0.0,52.4,-7.8,7.0,78.1,16.0,0.3,0.5,0.6,-31.8,0.9,8.5,-10.0,7.0,31.6,16.0,0.3,0.5,0.6,-59.2,0.9,13.9,-12.5,7.0,38.0,16.0,0.3,0.5,0.6,144.5,456.5,2477.0,1065.5,8.0,1342.5,14.0,0.4,0.5,0.6,145.0,455.0,2475.0,1065.0,8.0,1345.0,14.0,0.4,0.5,0.6
1974,2,193.0,28.0,20.0,21.1,22.22,21.14,9.0,1.14,12.0,0.7,0.6,0.4,19.4,20.55,22.33,20.87,12.0,1.9,10.0,0.7,0.6,0.4,11.17,12.07,13.62,12.21,10.0,1.71,12.0,0.7,0.6,0.4,73.7,80.0,92.2,81.5,10.0,10.2,12.0,0.7,0.4,4.59,6.45,8.48,6.3,12.0,2.32,10.0,0.7,0.6,0.4,-5.86,-2.58,3.77,-1.72,12.0,4.88,10.0,0.7,0.6,0.4,-3.73,0.27,4.79,0.45,12.0,4.63,10.0,0.7,0.6,0.4,1013.89,1017.9,1023.35,1018.66,11.0,4.9,12.0,0.6,0.6,0.4,1.7,5.0,7.3,4.8,12.0,2.7,10.0,0.7,0.6,0.4,-36.2,-10.3,32.2,-9.0,12.0,39.2,10.0,0.7,0.6,0.4,-29.8,0.8,35.8,0.8,12.0,36.5,10.0,0.7,0.6,0.4,-0.58,1.5,1.65,0.49,9.0,1.86,12.0,0.7,0.6,0.4,-3.3,7.7,12.2,3.8,9.0,10.9,12.0,0.7,0.6,0.4,2.04,3.31,5.06,3.35,9.0,1.62,12.0,0.7,0.6,0.4,8.8,20.3,33.9,22.7,9.0,15.3,12.0,0.7,0.6,0.4,-132.0,-52.6,74.9,-37.9,12.0,99.0,10.0,0.7,0.6,0.4,-73.6,5.4,97.2,10.1,12.0,93.1,10.0,0.7,0.6,0.4,-72.6,-25.8,58.8,-12.8,10.0,62.4,12.0,0.7,0.6,0.4,-47.7,0.0,65.3,5.7,10.0,61.1,12.0,0.7,0.6,0.4,-31.8,-6.9,6.8,-11.2,9.0,20.9,12.0,0.7,0.6,0.4,-18.9,0.0,12.9,-2.8,9.0,15.1,12.0,0.7,0.6,0.4,106.5,279.0,615.5,340.0,12.0,283.0,10.0,0.7,0.6,0.4,105.0,280.0,615.0,340.0,12.0,285.0,10.0,0.7,0.6,0.4
1974,2,193.0,29.0,19.72,20.4,20.47,20.1,3.0,0.61,10.0,1.0,0.5,0.6,19.68,20.5,20.98,20.33,3.0,0.96,10.0,1.0,0.5,0.6,10.92,12.47,12.86,11.9,3.0,1.5,10.0,1.0,0.5,0.6,76.2,80.4,85.4,80.8,3.0,6.8,10.0,1.0,0.6,4.76,5.1,8.31,6.5,3.0,2.87,10.0,1.0,0.5,0.6,-4.28,-3.98,1.02,-1.68,3.0,4.37,10.0,1.0,0.5,0.6,2.38,2.55,7.1,4.69,3.0,3.92,10.0,1.0,0.5,0.6,1021.9,1022.1,1022.92,1022.4,3.0,0.79,10.0,1.0,0.5,0.6,3.3,6.0,6.7,5.0,3.0,2.6,10.0,1.0,0.5,0.6,-21.2,-18.3,16.6,-2.7,3.0,30.8,10.0,1.0,0.5,0.6,11.3,13.0,65.7,37.9,3.0,45.3,10.0,1.0,0.5,0.6,-0.51,-0.1,0.04,-0.23,3.0,0.42,10.0,1.0,0.5,0.6,-4.8,-0.5,0.2,-2.3,3.0,4.0,10.0,1.0,0.5,0.6,1.95,2.4,3.26,2.6,3.0,0.97,10.0,1.0,0.5,0.6,11.4,18.7,22.0,16.7,3.0,7.9,10.0,1.0,0.5,0.6,-84.1,-81.7,22.6,-32.0,3.0,89.2,10.0,1.0,0.5,0.6,47.8,49.2,148.9,97.2,3.0,84.9,10.0,1.0,0.5,0.6,-49.7,-45.1,14.2,-18.4,3.0,52.2,10.0,1.0,0.5,0.6,27.3,30.0,87.9,56.9,3.0,50.2,10.0,1.0,0.5,0.6,-13.2,-6.9,3.3,-5.0,3.0,12.2,10.0,1.0,0.5,0.6,5.7,9.3,18.1,11.8,3.0,9.3,10.0,1.0,0.5,0.6,108.5,132.5,684.5,390.5,3.0,477.5,10.0,1.0,0.5,0.6,110.0,135.0,685.0,390.0,3.0,475.0,10.0,1.0,0.5,0.6
1974,2,193.0,30.0,17.92,18.9,20.1,19.03,13.0,1.37,14.0,0.5,0.5,0.4,17.81,18.7,19.5,18.77,14.0,1.29,12.0,0.4,0.5,0.3,10.22,12.29,12.85,11.71,13.0,1.53,14.0,0.5,0.5,0.4,82.2,87.1,95.1,87.2,13.0,7.9,14.0,0.5,0.4,6.73,7.7,10.24,7.96,14.0,2.35,12.0,0.4,0.5,0.3,-5.84,-2.78,4.48,-1.18,14.0,5.66,12.0,0.4,0.5,0.3,-2.31,5.23,7.94,3.5,14.0,5.2,12.0,0.4,0.5,0.3,1013.98,1016.85,1024.0,1018.55,14.0,4.69,12.0,0.4,0.5,0.3,3.8,6.0,8.0,5.9,13.0,2.4,14.0,0.4,0.5,0.4,-45.0,-16.0,41.3,-9.2,14.0,53.4,12.0,0.4,0.5,0.3,-10.1,38.9,69.4,33.2,14.0,48.5,12.0,0.4,0.5,0.3,-0.47,0.5,1.75,0.28,13.0,1.85,14.0,0.5,0.5,0.4,-3.3,3.9,16.0,2.5,13.0,14.2,14.0,0.5,0.5,0.4,0.36,2.28,3.52,1.95,13.0,1.69,14.0,0.5,0.5,0.4,2.8,21.2,26.3,16.6,13.0,15.6,14.0,0.5,0.5,0.4,-110.2,-51.8,87.3,-22.1,14.0,103.7,12.0,0.4,0.5,0.3,-42.8,92.8,154.7,65.5,14.0,102.3,12.0,0.4,0.5,0.3,-73.1,-40.7,59.2,-15.0,13.0,63.3,14.0,0.5,0.5,0.4,-29.9,54.1,99.4,38.4,13.0,68.3,14.0,0.5,0.5,0.4,-16.3,0.8,11.7,2.4,13.0,18.5,14.0,0.5,0.5,0.4,-2.6,13.9,19.4,9.3,13.0,10.2,14.0,0.5,0.5,0.4,305.5,456.5,1074.5,626.5,14.0,501.5,12.0,0.4,0.5,0.3,305.0,455.0,1075.0,625.0,14.0,500.0,12.0,0.4,0.5,0.3
1974,2,193.0,31.0,16.33,16.9,18.37,17.34,10.0,1.32,8.0,0.8,0.6,0.5,17.42,18.3,19.12,18.31,11.0,1.6,8.0,0.8,0.6,0.4,10.99,11.78,12.46,11.94,10.0,1.46,8.0,0.8,0.6,0.5,87.7,92.5,95.1,91.4,10.0,4.5,8.0,0.8,0.5,4.1,7.45,9.87,6.97,10.0,3.2,8.0,0.8,0.6,0.4,-3.68,0.0,2.3,-0.11,10.0,4.59,8.0,0.8,0.6,0.4,-2.92,3.69,8.21,2.59,10.0,5.98,8.0,0.8,0.6,0.4,1014.3,1016.75,1019.37,1017.01,10.0,3.08,8.0,0.8,0.6,0.5,3.9,7.0,8.0,6.2,10.0,1.9,8.0,0.8,0.6,0.4,-23.4,0.0,17.3,2.7,10.0,40.9,8.0,0.8,0.6,0.4,-14.0,19.5,70.3,24.1,10.0,55.7,8.0,0.8,0.6,0.4,-1.66,-0.65,0.19,-0.6,10.0,1.15,8.0,0.8,0.6,0.5,-9.1,-4.6,1.6,-4.6,9.0,9.2,8.0,0.8,0.6,0.5,-0.31,0.24,1.3,0.46,9.0,0.75,8.0,0.8,0.5,0.5,-2.7,0.7,6.4,1.5,8.0,4.3,8.0,0.8,0.6,0.5,-68.1,0.0,41.4,2.1,10.0,91.5,8.0,0.8,0.6,0.4,-46.2,72.9,146.7,50.1,10.0,105.6,8.0,0.8,0.6,0.4,-24.1,0.0,30.2,9.1,9.0,62.0,8.0,0.8,0.6,0.5,-33.3,46.3,103.0,31.7,9.0,74.0,8.0,0.8,0.6,0.5,-0.4,0.0,0.9,-0.5,8.0,2.6,8.0,0.8,0.6,0.5,-4.0,-1.3,0.6,-1.3,8.0,3.6,8.0,0.8,0.6,0.5,69.0,415.0,969.0,518.5,10.0,480.0,8.0,0.8,0.6,0.4,70.0,415.0,970.0,520.0,10.0,480.0,8.0,0.8,0.6,0.4
1974,2,193.0,32.0,16.29,17.1,19.0,17.42,11.0,1.24,16.0,0.5,0.4,0.5,15.88,16.8,18.0,16.83,11.0,1.18,16.0,0.5,0.4,0.5,6.93,10.72,11.48,9.72,10.0,2.3,16.0,0.5,0.4,0.5,66.2,89.7,93.6,82.1,10.0,16.0,16.0,0.5,0.5,5.75,7.7,10.8,8.06,11.0,2.71,16.0,0.5,0.4,0.5,-1.59,4.1,6.54,2.62,11.0,5.39,16.0,0.5,0.4,0.5,-4.81,1.88,6.85,1.63,11.0,6.28,16.0,0.5,0.4,0.5,1016.42,1018.0,1023.18,1018.81,11.0,4.31,16.0,0.5,0.4,0.5,4.4,7.5,8.0,6.4,10.0,2.1,16.0,0.5,0.4,0.5,-12.2,28.9,54.7,21.1,11.0,52.3,16.0,0.5,0.4,0.5,-38.8,13.0,54.2,15.1,11.0,65.3,16.0,0.5,0.4,0.5,-0.7,0.6,1.91,0.59,11.0,1.49,16.0,0.5,0.4,0.5,-5.8,6.5,17.5,4.0,11.0,14.0,16.0,0.5,0.4,0.5,0.23,1.43,4.48,2.47,10.0,2.71,16.0,0.5,0.4,0.5,0.4,9.5,43.4,19.4,10.0,23.4,16.0,0.5,0.4,0.5,-26.6,76.7,112.8,42.9,11.0,87.3,16.0,0.5,0.4,0.5,-76.7,28.1,120.2,29.7,11.0,109.9,16.0,0.5,0.4,0.5,-12.5,34.1,62.5,20.0,10.0,51.0,16.0,0.5,0.4,0.5,-22.0,25.2,77.6,25.6,10.0,64.6,16.0,0.5,0.4,0.5,-4.3,0.0,25.5,6.9,10.0,23.0,16.0,0.5,0.4,0.5,-5.4,-1.6,9.8,4.6,10.0,19.0,16.0,0.5,0.4,0.5,194.5,456.5,1259.5,689.0,11.0,631.0,16.0,0.5,0.4,0.5,195.0,455.0,1260.0,690.0,11.0,630.0,16.0,0.5,0.4,0.5
1974,2,193.0,33.0,15.45,16.5,17.34,16.54,13.0,1.01,16.0,0.5,0.4,0.4,14.0,15.75,17.29,15.79,14.0,1.89,16.0,0.5,0.5,0.3,6.47,8.8,11.17,8.85,13.0,2.05,16.0,0.5,0.5,0.3,66.3,78.0,92.3,79.0,13.0,12.4,16.0,0.5,0.3,5.34,7.7,11.58,8.61,15.0,4.04,16.0,0.5,0.5,0.4,-9.27,2.44,6.51,-0.07,15.0,7.87,16.0,0.5,0.5,0.4,-7.75,-1.08,5.01,-1.19,15.0,5.68,16.0,0.5,0.5,0.4,1010.62,1021.0,1024.95,1018.47,15.0,7.49,16.0,0.5,0.5,0.4,2.1,7.5,8.0,5.9,14.0,3.0,16.0,0.6,0.5,0.3,-89.8,6.4,61.7,-11.2,15.0,101.9,16.0,0.5,0.5,0.4,-75.6,-6.7,49.9,-16.7,15.0,66.4,16.0,0.5,0.5,0.4,-1.41,0.7,2.08,0.4,12.0,1.93,14.0,0.5,0.5,0.3,-13.6,4.6,16.2,1.8,12.0,15.4,14.0,0.5,0.5,0.3,0.72,2.13,4.94,2.46,12.0,2.14,14.0,0.5,0.5,0.3,4.6,18.1,40.0,19.5,12.0,20.3,14.0,0.5,0.5,0.3,-103.2,42.5,118.2,13.3,14.0,121.0,16.0,0.5,0.5,0.3,-93.8,-7.5,97.4,-7.9,14.0,88.2,16.0,0.5,0.5,0.3,-72.3,22.6,64.0,7.0,13.0,72.8,16.0,0.5,0.5,0.3,-47.7,-9.5,65.0,-3.1,13.0,54.1,16.0,0.5,0.5,0.3,-21.5,-2.1,14.5,-0.9,12.0,25.4,14.0,0.5,0.5,0.3,-17.2,-3.5,3.4,-3.6,12.0,13.0,14.0,0.5,0.5,0.3,156.0,456.5,1558.0,1066.5,15.0,1480.5,16.0,0.5,0.5,0.4,155.0,455.0,1560.0,1065.0,15.0,1480.0,16.0,0.5,0.5,0.4
1974,2,193.0,34.0,14.4,15.25,17.21,15.67,6.0,1.54,16.0,0.5,0.6,0.4,13.0,15.0,15.78,14.51,8.0,1.77,12.0,0.4,0.5,0.4,6.96,8.21,10.8,8.49,7.0,1.86,14.0,0.4,0.6,0.5,73.1,87.8,90.1,83.1,7.0,11.2,14.0,0.4,0.5,5.97,7.2,9.87,7.94,9.0,2.41,14.0,0.4,0.6,0.4,-4.15,0.0,5.66,0.7,9.0,4.66,14.0,0.4,0.6,0.4,-0.87,4.94,9.41,4.61,9.0,5.53,14.0,0.4,0.6,0.4,1015.54,1023.2,1027.16,1021.22,9.0,5.96,14.0,0.4,0.6,0.4,2.1,6.5,7.9,5.3,8.0,2.8,14.0,0.5,0.6,0.4,-28.7,0.0,50.5,10.5,9.0,41.3,14.0,0.4,0.6,0.4,-9.4,33.3,93.2,42.8,9.0,57.2,14.0,0.4,0.6,0.4,0.86,2.0,2.53,1.65,6.0,1.78,16.0,0.5,0.6,0.4,4.7,11.7,19.5,10.3,6.0,14.6,16.0,0.5,0.6,0.4,2.22,2.65,3.4,2.86,6.0,0.96,16.0,0.5,0.6,0.4,11.5,22.9,28.0,21.3,6.0,8.8,16.0,0.5,0.6,0.4,-53.1,21.3,102.6,18.1,8.0,71.8,12.0,0.4,0.5,0.4,-29.5,69.1,148.7,69.5,8.0,88.8,12.0,0.4,0.5,0.4,-31.3,0.0,29.0,3.4,7.0,39.6,14.0,0.4,0.6,0.5,28.9,53.7,81.8,50.7,7.0,48.2,14.0,0.4,0.6,0.5,-17.9,-2.6,7.9,-4.5,6.0,12.6,16.0,0.5,0.6,0.4,1.8,11.7,23.9,9.3,6.0,18.3,16.0,0.5,0.6,0.4,216.5,373.0,975.5,635.5,9.0,635.5,14.0,0.4,0.6,0.4,215.0,375.0,975.0,635.0,9.0,635.0,14.0,0.4,0.6,0.4
1974,2,193.0,35.0,14.69,15.0,15.21,14.95,4.0,0.41,12.0,0.5,0.6,0.5,15.0,15.5,16.37,15.68,4.0,0.83,12.0,0.5,0.6,0.5,8.81,9.58,10.37,9.59,4.0,0.9,12.0,0.5,0.6,0.5,80.4,85.4,93.7,87.0,4.0,9.6,12.0,0.5,0.5,5.94,6.95,9.06,7.48,4.0,2.07,12.0,0.5,0.6,0.5,1.43,5.63,6.7,4.14,4.0,4.15,12.0,0.5,0.6,0.5,0.69,3.99,7.22,3.96,4.0,4.23,12.0,0.5,0.6,0.5,1008.54,1010.5,1018.33,1013.3,4.0,7.83,12.0,0.5,0.6,0.5,6.4,8.0,8.0,7.3,4.0,1.5,12.0,0.5,0.6,0.5,12.2,45.5,54.4,33.9,4.0,31.0,12.0,0.5,0.6,0.5,6.2,25.4,62.7,34.0,4.0,41.7,12.0,0.5,0.6,0.5,-1.16,-0.8,-0.29,-0.72,4.0,0.56,12.0,0.5,0.6,0.5,-9.2,-5.7,-1.6,-5.4,4.0,4.6,12.0,0.5,0.6,0.5,0.08,1.17,1.81,0.96,4.0,1.07,12.0,0.5,0.6,0.5,0.6,8.5,16.5,8.6,4.0,9.7,12.0,0.5,0.6,0.5,23.9,92.2,105.4,65.9,4.0,64.4,12.0,0.5,0.6,0.5,9.4,59.9,113.0,61.1,4.0,67.7,12.0,0.5,0.6,0.5,10.7,53.9,63.5,37.9,4.0,39.8,12.0,0.5,0.6,0.5,5.3,39.7,67.5,36.6,4.0,38.9,12.0,0.5,0.6,0.5,2.2,6.8,11.2,6.7,4.0,5.4,12.0,0.5,0.6,0.5,-1.4,1.9,11.0,4.7,4.0,8.7,12.0,0.5,0.6,0.5,210.5,347.5,790.0,493.0,4.0,416.5,12.0,0.5,0.6,0.5,210.0,345.0,790.0,495.0,4.0,415.0,12.0,0.5,0.6,0.5
1974,2,193.0,36.0,12.99,13.75,15.93,14.28,6.0,1.81,18.0,0.7,0.6,0.5,13.98,14.6,15.45,14.88,6.0,1.23,18.0,0.7,0.6,0.5,7.41,8.14,8.8,8.15,6.0,0.94,18.0,0.7,0.6,0.5,68.4,78.7,85.1,78.3,6.0,11.1,18.0,0.7,0.5,6.85,8.5,10.4,8.23,6.0,2.61,18.0,0.7,0.6,0.5,3.05,5.42,7.88,5.59,6.0,3.26,18.0,0.7,0.6,0.5,2.68,5.42,6.74,4.98,6.0,3.2,18.0,0.7,0.6,0.5,1012.03,1017.0,1022.13,1016.98,6.0,5.52,18.0,0.7,0.6,0.5,2.6,3.0,5.5,4.0,5.0,2.3,18.0,0.8,0.5,0.5,29.7,41.8,76.7,51.2,6.0,37.7,18.0,0.7,0.6,0.5,9.7,41.8,64.7,41.8,6.0,35.2,18.0,0.7,0.6,0.5,-1.85,-1.25,0.68,-0.6,6.0,2.12,18.0,0.7,0.6,0.5,-15.5,-8.0,7.0,-2.9,6.0,19.6,18.0,0.7,0.6,0.5,0.04,2.09,3.47,1.96,6.0,1.92,18.0,0.7,0.6,0.5,0.5,17.6,35.8,19.1,6.0,18.9,18.0,0.7,0.6,0.5,42.5,86.8,116.0,83.0,6.0,46.3,18.0,0.7,0.6,0.5,38.1,82.0,108.3,74.7,6.0,46.5,18.0,0.7,0.6,0.5,23.5,44.8,63.1,43.7,6.0,22.8,18.0,0.7,0.6,0.5,25.7,44.4,55.2,40.8,6.0,24.1,18.0,0.7,0.6,0.5,0.5,11.9,19.5,12.2,6.0,12.3,18.0,0.7,0.6,0.5,-0.2,3.7,24.0,11.6,6.0,17.5,18.0,0.7,0.6,0.5,372.0,630.5,1127.0,686.0,6.0,452.5,18.0,0.7,0.6,0.5,370.0,630.0,1125.0,685.0,6.0,450.0,18.0,0.7,0.6,0.5
1974,2,193.0,37.0,13.27,14.0,15.05,14.1,5.0,1.43,14.0,0.4,0.6,0.4,11.38,15.2,17.0,14.17,7.0,2.96,14.0,0.6,0.7,0.4,6.49,7.78,9.33,7.87,7.0,1.92,14.0,0.6,0.7,0.4,63.8,78.9,90.7,77.8,7.0,14.3,14.0,0.6,0.4,6.08,10.3,15.6,10.74,7.0,5.81,14.0,0.6,0.7,0.4,-6.96,5.37,9.91,2.82,7.0,9.22,14.0,0.6,0.7,0.4,-5.35,1.8,4.23,1.51,7.0,8.46,14.0,0.6,0.7,0.4,1012.18,1013.5,1021.02,1015.0,7.0,5.51,14.0,0.6,0.7,0.4,2.9,6.0,8.0,5.4,7.0,2.6,14.0,0.6,0.7,0.4,-133.1,33.3,105.6,14.9,7.0,132.8,14.0,0.6,0.7,0.4,-81.9,6.5,51.8,31.4,7.0,153.4,14.0,0.6,0.7,0.4,-1.73,0.0,3.55,0.7,5.0,3.03,14.0,0.4,0.6,0.4,-10.5,0.0,52.2,17.5,5.0,34.4,14.0,0.4,0.6,0.4,0.93,2.09,3.83,2.34,5.0,1.51,14.0,0.4,0.6,0.4,7.4,13.0,55.5,28.1,5.0,27.2,14.0,0.4,0.6,0.4,-103.6,81.6,131.2,38.0,7.0,113.1,14.0,0.6,0.7,0.4,-54.0,29.7,65.4,30.7,7.0,121.1,14.0,0.6,0.7,0.4,-70.2,35.4,67.1,15.0,7.0,68.3,14.0,0.6,0.7,0.4,-25.4,16.3,40.2,22.7,7.0,79.4,14.0,0.6,0.7,0.4,-14.3,9.3,29.6,8.0,5.0,36.9,14.0,0.4,0.6,0.4,-23.1,1.6,3.8,-7.6,5.0,14.7,14.0,0.4,0.6,0.4,229.0,1092.5,3837.5,2212.0,7.0,2717.5,14.0,0.6,0.7,0.4,230.0,1095.0,3840.0,2210.0,7.0,2715.0,14.0,0.6,0.7,0.4
1974,2,193.0,38.0,11.84,12.5,13.79,12.8,4.0,1.26,12.0,0.5,0.7,0.6,9.86,12.5,12.7,11.28,5.0,2.44,10.0,0.4,0.6,0.7,5.22,6.54,8.14,6.67,4.0,1.97,8.0,0.3,0.6,0.7,72.7,75.1,89.1,80.6,4.0,13.1,8.0,0.3,0.7,4.92,8.2,12.48,9.04,5.0,5.39,10.0,0.4,0.6,0.7,-1.74,0.0,5.27,1.66,5.0,4.49,10.0,0.4,0.6,0.7,0.59,3.98,11.7,5.87,5.0,8.04,10.0,0.4,0.6,0.7,1009.63,1014.2,1023.11,1016.34,5.0,9.86,10.0,0.4,0.6,0.7,3.6,5.0,6.7,5.2,5.0,1.9,10.0,0.4,0.6,0.7,-11.0,0.0,40.3,15.1,5.0,38.7,10.0,0.4,0.6,0.7,4.4,29.6,160.4,83.6,5.0,137.8,10.0,0.4,0.6,0.7,-0.29,1.15,3.48,1.58,4.0,2.55,12.0,0.5,0.7,0.6,-8.2,8.7,19.1,5.6,4.0,17.8,12.0,0.5,0.7,0.6,0.62,3.22,3.82,2.24,3.0,2.49,8.0,0.3,0.7,0.6,-1.2,18.8,24.0,11.6,3.0,19.5,8.0,0.3,0.7,0.6,-16.8,0.0,62.7,21.5,5.0,50.2,10.0,0.4,0.6,0.7,-0.1,36.6,148.6,69.4,5.0,104.0,10.0,0.4,0.6,0.7,-10.1,-5.0,27.8,8.2,4.0,30.3,8.0,0.3,0.6,0.7,18.5,37.9,113.4,64.7,4.0,69.3,8.0,0.3,0.6,0.7,-7.9,-4.6,-1.5,-4.7,3.0,4.7,8.0,0.3,0.7,0.6,-2.0,16.3,22.9,10.6,3.0,19.0,8.0,0.3,0.7,0.6,120.0,551.5,2640.5,1483.5,5.0,2449.0,10.0,0.4,0.6,0.7,120.0,550.0,2640.0,1485.0,5.0,2450.0,10.0,0.4,0.6,0.7
1974,2,193.0,39.0,11.63,11.7,11.9,11.77,3.0,0.21,18.0,1.0,0.7,0.2,8.85,11.0,12.68,10.78,4.0,2.4,20.0,1.0,0.7,0.3,4.8,6.21,6.64,5.73,3.0,1.41,18.0,1.0,0.7,0.2,64.8,65.6,74.1,69.4,3.0,7.6,18.0,1.0,0.2,8.96,11.35,15.57,12.23,4.0,4.32,20.0,1.0,0.7,0.3,-5.0,1.96,6.97,1.03,4.0,7.17,20.0,1.0,0.7,0.3,-9.65,-1.75,10.2,0.18,4.0,12.84,20.0,1.0,0.7,0.3,1007.33,1017.0,1025.67,1016.53,4.0,11.0,20.0,1.0,0.7,0.3,2.5,5.0,7.0,4.8,4.0,2.6,20.0,1.0,0.7,0.3,-52.3,17.1,88.1,17.9,4.0,84.1,20.0,1.0,0.7,0.3,-115.2,-19.4,170.5,25.5,4.0,201.1,20.0,1.0,0.7,0.3,-1.16,0.0,2.66,0.73,3.0,2.87,18.0,1.0,0.7,0.2,-20.9,0.0,34.3,6.6,3.0,40.9,18.0,1.0,0.7,0.2,2.04,2.27,3.62,2.81,3.0,1.25,18.0,1.0,0.7,0.2,23.8,40.8,50.3,37.1,3.0,19.7,18.0,1.0,0.7,0.2,-47.6,32.2,87.4,20.5,4.0,80.7,20.0,1.0,0.7,0.3,-81.9,-14.7,133.9,24.1,4.0,145.1,20.0,1.0,0.7,0.3,5.8,38.2,48.1,27.2,3.0,32.4,18.0,1.0,0.7,0.2,-29.9,19.2,77.8,23.8,3.0,79.0,18.0,1.0,0.7,0.2,-2.1,14.0,14.6,6.4,3.0,13.8,18.0,1.0,0.7,0.2,-35.1,5.4,27.9,-3.4,3.0,46.8,18.0,1.0,0.7,0.2,737.0,1544.0,4077.5,2368.0,4.0,2407.0,20.0,1.0,0.7,0.3,735.0,1545.0,4075.0,2370.0,4.0,2405.0,20.0,1.0,0.7,0.3
1974,2,193.0,40.0,11.05,11.15,12.14,11.58,4.0,0.95,16.0,0.5,0.7,0.3,7.31,9.5,10.75,8.88,5.0,3.14,14.0,0.4,0.6,0.2,5.01,5.68,6.47,5.65,5.0,1.09,14.0,0.4,0.6,0.2,74.3,76.1,82.4,78.5,5.0,6.9,14.0,0.4,0.2,8.61,11.3,13.11,10.94,5.0,3.32,14.0,0.4,0.6,0.2,-1.32,7.26,11.77,5.83,5.0,7.09,14.0,0.4,0.6,0.2,-7.47,5.27,6.91,0.77,5.0,8.2,14.0,0.4,0.6,0.2,990.45,999.5,1013.06,1002.78,5.0,17.67,14.0,0.4,0.6,0.2,1.6,7.0,7.4,5.0,5.0,3.2,14.0,0.4,0.6,0.2,-10.6,82.1,157.9,80.3,5.0,98.8,14.0,0.4,0.6,0.2,-60.0,69.6,87.2,22.4,5.0,86.0,14.0,0.4,0.6,0.2,0.16,1.25,2.55,1.35,4.0,1.69,16.0,0.5,0.7,0.3,-0.1,13.9,29.1,14.5,4.0,20.2,16.0,0.5,0.7,0.3,2.21,2.49,2.63,2.42,4.0,0.28,16.0,0.5,0.7,0.3,27.0,30.3,30.8,29.0,4.0,3.3,16.0,0.5,0.7,0.3,-8.9,69.0,123.5,62.8,5.0,76.6,14.0,0.4,0.6,0.2,-50.3,56.1,69.2,15.6,5.0,75.9,14.0,0.4,0.6,0.2,-6.2,48.8,70.2,36.9,5.0,43.2,14.0,0.4,0.6,0.2,-35.4,33.4,42.4,9.1,5.0,47.1,14.0,0.4,0.6,0.2,7.1,22.9,27.9,17.7,4.0,15.2,16.0,0.5,0.7,0.3,-7.3,12.9,19.4,6.3,4.0,20.7,16.0,0.5,0.7,0.3,722.0,1443.0,2377.0,1595.5,5.0,1270.0,14.0,0.4,0.6,0.2,720.0,1445.0,2375.0,1595.0,5.0,1270.0,14.0,0.4,0.6,0.2
1974,2,193.0,41.0,10.48,11.5,12.52,11.5,2.0,2.12,26.0,0.0,0.9,0.5,6.62,9.75,10.52,8.63,4.0,3.15,24.0,0.3,0.9,0.6,3.37,4.65,5.93,4.65,2.0,2.65,28.0,0.5,0.9,0.6,61.4,73.2,84.9,73.2,2.0,24.3,28.0,0.5,0.6,8.44,11.3,16.83,12.58,4.0,5.29,24.0,0.3,0.9,0.6,-9.56,-4.63,3.26,-3.21,4.0,9.02,24.0,0.3,0.9,0.6,-9.47,-6.72,5.32,-2.29,4.0,11.69,24.0,0.3,0.9,0.6,1012.4,1027.75,1030.26,1021.63,4.0,14.26,24.0,0.3,0.9,0.6,1.3,2.0,5.4,3.3,3.0,3.2,24.0,0.3,0.9,0.6,-152.6,-38.7,52.7,-49.4,4.0,151.4,24.0,0.3,0.9,0.6,-111.4,-57.2,132.0,7.2,4.0,194.5,24.0,0.3,0.9,0.6,0.9,1.75,2.6,1.75,2.0,1.77,26.0,0.0,0.9,0.5,7.6,14.5,21.4,14.5,2.0,14.3,26.0,0.0,0.9,0.5,0.95,0.95,0.95,0.95,1.0,0.0,28.0,0.0,1.0,0.5,8.2,8.2,8.2,8.2,1.0,0.0,28.0,0.0,1.0,0.5,-102.1,-45.5,5.3,-48.3,4.0,72.3,24.0,0.3,0.9,0.6,-65.8,-47.7,65.8,-2.2,4.0,112.0,24.0,0.3,0.9,0.6,-12.4,2.7,17.8,2.7,2.0,31.3,28.0,0.5,0.9,0.6,-49.6,-41.5,-33.3,-41.5,2.0,16.8,28.0,0.5,0.9,0.6,-2.8,-2.8,-2.8,-2.8,1.0,0.0,28.0,0.0,1.0,0.5,-7.7,-7.7,-7.7,-7.7,1.0,0.0,28.0,0.0,1.0,0.5,602.5,1672.0,5163.5,2827.5,4.0,3212.0,24.0,0.3,0.9,0.6,600.0,1670.0,5165.0,2830.0,4.0,3210.0,24.0,0.3,0.9,0.6
1974,2,193.0,42.0,7.95,10.0,10.0,9.0,3.0,1.73,14.0,0.3,0.5,0.3,6.43,8.25,10.07,8.25,4.0,2.66,12.0,0.3,0.4,0.3,4.09,5.11,6.79,5.43,3.0,1.99,14.0,0.3,0.5,0.3,70.4,75.4,85.7,78.0,3.0,11.4,14.0,0.3,0.3,9.37,13.9,16.29,12.88,4.0,5.18,12.0,0.3,0.4,0.3,-7.96,0.52,9.9,0.95,4.0,10.97,12.0,0.3,0.4,0.3,-5.32,5.29,12.11,3.48,4.0,10.5,12.0,0.3,0.4,0.3,1004.38,1022.25,1027.02,1016.0,4.0,16.56,12.0,0.3,0.4,0.3,3.0,6.0,8.0,5.5,4.0,3.0,12.0,0.3,0.4,0.3,-112.5,-14.7,145.3,15.0,4.0,173.9,12.0,0.3,0.4,0.3,-72.5,81.5,189.4,59.5,4.0,158.6,12.0,0.3,0.4,0.3,-1.5,-1.5,2.94,0.67,3.0,3.75,14.0,0.3,0.5,0.3,-16.4,-8.5,46.4,14.5,3.0,50.2,14.0,0.3,0.5,0.3,0.32,1.01,2.97,1.63,3.0,2.01,14.0,0.3,0.5,0.3,1.8,5.8,40.0,20.5,3.0,30.7,14.0,0.3,0.5,0.3,-54.0,-2.5,80.5,12.5,4.0,80.9,12.0,0.3,0.4,0.3,-28.3,42.1,119.9,45.7,4.0,88.3,12.0,0.3,0.4,0.3,-38.3,-34.7,8.6,-15.3,3.0,38.2,14.0,0.3,0.5,0.3,-24.5,-5.1,63.4,18.9,3.0,67.6,14.0,0.3,0.5,0.3,-29.2,0.0,3.9,-12.4,3.0,26.5,14.0,0.3,0.5,0.3,-24.8,-1.0,-0.3,-12.3,3.0,20.4,14.0,0.3,0.5,0.3,1242.5,2696.0,4477.0,2852.5,4.0,2324.5,12.0,0.3,0.4,0.3,1245.0,2695.0,4475.0,2850.0,4.0,2325.0,12.0,0.3,0.4,0.3
1974,2,193.0,43.0,,,,,,,,,,,,,,,,,,,,,,,,,,,,,,,,,,,,,,,,7.87,9.3,19.13,13.4,3.0,8.98,16.0,0.3,0.4,0.0,-4.08,0.0,1.68,-1.17,3.0,4.34,16.0,0.3,0.4,0.0,-2.36,7.12,18.44,8.02,3.0,15.25,16.0,0.3,0.4,0.0,1000.92,1011.5,1022.08,1011.5,2.0,21.92,18.0,0.0,0.4,0.0,,,,,,,,,,,,,,,,,,,,,,,,,,,,,,,,,,,,,,,,,,,,,,,,,,,,,,,,,,,,,,,,,,,,,,,,,,,,,,,,,,,,,,,,,,,,,,,,,,,,,,,,,,,,,,,,,,,,,,,,,,,,,,,,,,,,,,,,,,,,,,,,,,,,,,
1974,2,193.0,44.0,,,,,,,,,,,,,,,,,,,,,,,,,,,,,,,,,,,,,,,,12.9,12.9,12.9,12.9,1.0,0.0,10.0,1.0,0.7,0.1,12.9,12.9,12.9,12.9,1.0,0.0,10.0,1.0,0.7,0.1,0.0,0.0,0.0,0.0,1.0,0.0,10.0,1.0,0.7,0.1,1022.2,1022.2,1022.2,1022.2,1.0,0.0,10.0,1.0,0.7,0.1,7.0,7.0,7.0,7.0,1.0,0.0,10.0,1.0,0.7,0.1,166.4,166.4,166.4,166.4,1.0,0.0,10.0,1.0,0.7,0.1,0.0,0.0,0.0,0.0,1.0,0.0,10.0,1.0,0.7,0.1,,,,,,,,,,,,,,,,,,,,,,,,,,,,,,,,,,,,,,,,,51.6,51.6,51.6,51.6,1.0,0.0,10.0,1.0,0.7,0.1,0.0,0.0,0.0,0.0,1.0,0.0,10.0,1.0,0.7,0.1,59.1,59.1,59.1,59.1,1.0,0.0,10.0,1.0,0.7,0.1,0.0,0.0,0.0,0.0,1.0,0.0,10.0,1.0,0.7,0.1,,,,,,,,,,,,,,,,,,,,,,,,,,,,,,,,,,,,,,,,
1974,2,193.0,45.0,6.2,6.7,9.05,7.52,5.0,1.68,10.0,0.4,0.4,0.7,4.37,6.5,9.3,6.62,5.0,3.53,10.0,0.4,0.4,0.7,4.2,5.22,6.34,5.16,5.0,1.68,10.0,0.4,0.4,0.7,69.5,85.1,91.0,81.1,5.0,15.1,10.0,0.4,0.7,8.61,12.35,15.14,11.58,6.0,5.34,8.0,0.3,0.5,0.7,-4.27,2.01,4.06,0.29,6.0,8.09,8.0,0.3,0.5,0.7,-10.67,4.99,11.58,1.72,6.0,10.97,8.0,0.3,0.5,0.7,990.44,994.1,1006.5,998.12,6.0,10.17,8.0,0.3,0.5,0.7,2.0,2.0,6.1,3.8,5.0,2.7,6.0,0.4,0.5,0.7,-65.9,14.2,55.7,-8.4,6.0,132.8,8.0,0.3,0.5,0.7,-116.7,67.4,151.8,35.3,6.0,148.5,8.0,0.3,0.5,0.7,-1.64,0.5,4.05,0.9,5.0,3.66,10.0,0.4,0.4,0.7,-19.4,9.0,55.5,14.2,5.0,46.4,10.0,0.4,0.4,0.7,-0.21,1.71,2.84,1.38,5.0,1.75,10.0,0.4,0.4,0.7,-1.7,3.8,39.0,15.3,5.0,23.6,10.0,0.4,0.4,0.7,-29.5,16.8,40.1,5.5,5.0,57.2,10.0,0.4,0.4,0.7,-1.7,60.2,90.9,49.4,5.0,55.4,10.0,0.4,0.4,0.7,-26.8,10.3,30.0,1.0,5.0,51.2,10.0,0.4,0.4,0.7,-8.9,48.3,73.5,34.2,5.0,46.8,10.0,0.4,0.4,0.7,-2.3,3.4,15.0,6.8,5.0,12.4,10.0,0.4,0.4,0.7,-22.8,1.2,10.0,-5.5,5.0,24.5,10.0,0.4,0.4,0.7,869.0,1895.0,3573.5,2285.0,6.0,2005.0,8.0,0.3,0.5,0.7,870.0,1895.0,3575.0,2285.0,6.0,2005.0,8.0,0.3,0.5,0.7
1974,2,193.0,46.0,5.0,5.5,6.05,5.53,4.0,0.61,12.0,0.3,0.6,0.1,3.45,4.5,5.08,4.28,4.0,1.29,12.0,0.3,0.6,0.1,3.7,5.16,5.29,4.51,3.0,1.3,12.0,0.3,0.5,0.1,77.1,96.6,98.9,88.2,3.0,17.5,12.0,0.3,0.1,10.54,10.9,16.03,13.18,4.0,4.96,12.0,0.3,0.6,0.1,4.13,10.73,13.42,8.87,4.0,7.49,12.0,0.3,0.6,0.1,-4.42,1.89,7.85,1.72,4.0,9.55,12.0,0.3,0.6,0.1,983.22,987.1,1011.41,996.85,4.0,24.68,12.0,0.3,0.6,0.1,6.0,6.5,7.5,6.8,4.0,1.0,12.0,0.3,0.6,0.1,45.0,117.0,227.0,135.2,4.0,141.8,12.0,0.3,0.6,0.1,-45.1,20.6,152.9,52.4,4.0,158.3,12.0,0.3,0.6,0.1,0.5,0.5,2.07,1.25,4.0,1.5,12.0,0.3,0.6,0.1,5.4,7.9,23.8,14.3,4.0,14.7,12.0,0.3,0.6,0.1,0.25,0.38,1.93,1.07,3.0,1.37,12.0,0.3,0.5,0.1,2.7,4.1,20.0,11.2,3.0,14.1,12.0,0.3,0.5,0.1,20.4,48.3,69.5,45.1,4.0,38.1,12.0,0.3,0.6,0.1,-9.3,8.5,42.9,16.5,4.0,41.6,12.0,0.3,0.6,0.1,14.1,55.9,56.6,35.8,3.0,35.7,12.0,0.3,0.5,0.1,-17.7,9.9,10.0,-3.6,3.0,23.4,12.0,0.3,0.5,0.1,-2.6,2.0,3.4,0.4,3.0,4.6,12.0,0.3,0.5,0.1,-18.3,0.4,0.6,-8.6,3.0,15.9,12.0,0.3,0.5,0.1,1172.0,1295.5,5213.5,3106.5,4.0,3758.5,12.0,0.3,0.6,0.1,1170.0,1295.0,5215.0,3105.0,4.0,3760.0,12.0,0.3,0.6,0.1
1974,2,193.0,47.0,5.44,6.0,7.0,5.98,10.0,0.84,16.0,0.3,0.4,0.4,4.0,4.8,7.46,5.26,9.0,2.24,18.0,0.2,0.4,0.4,3.45,4.19,5.78,4.6,9.0,1.27,18.0,0.2,0.4,0.4,68.7,81.5,95.7,81.6,9.0,13.1,18.0,0.2,0.4,7.63,13.4,15.89,12.3,10.0,4.78,16.0,0.3,0.4,0.4,-10.5,3.76,12.22,1.75,10.0,10.69,16.0,0.3,0.4,0.4,-10.59,-2.29,2.6,-2.66,10.0,8.09,16.0,0.3,0.4,0.4,989.88,1006.0,1029.86,1009.3,10.0,19.14,16.0,0.3,0.4,0.4,3.3,7.0,8.0,6.1,8.0,2.4,18.0,0.4,0.3,0.3,-123.5,24.8,181.9,14.5,10.0,170.7,16.0,0.3,0.4,0.4,-131.0,-25.5,27.7,-36.2,10.0,134.3,16.0,0.3,0.4,0.4,-0.87,0.6,2.79,0.72,9.0,2.15,18.0,0.2,0.4,0.4,-13.3,6.7,39.5,11.6,9.0,25.6,18.0,0.2,0.4,0.4,0.0,1.89,2.15,1.21,9.0,1.2,18.0,0.2,0.4,0.4,0.0,13.7,36.4,16.1,9.0,18.2,18.0,0.2,0.4,0.4,-62.5,6.0,62.9,3.2,9.0,57.6,18.0,0.2,0.4,0.4,-33.6,-18.7,21.9,-1.2,9.0,46.9,18.0,0.2,0.4,0.4,-44.4,6.0,60.4,7.5,9.0,48.5,18.0,0.2,0.4,0.4,-37.7,-15.7,15.5,-4.7,9.0,40.4,18.0,0.2,0.4,0.4,-26.2,1.5,2.7,-5.5,9.0,18.1,18.0,0.2,0.4,0.4,-21.9,-13.5,0.0,-10.8,9.0,11.5,18.0,0.2,0.4,0.4,449.5,2406.0,4087.5,2650.5,10.0,2801.5,16.0,0.3,0.4,0.4,450.0,2405.0,4090.0,2650.0,10.0,2800.0,16.0,0.3,0.4,0.4
1974,2,193.0,48.0,2.43,4.5,5.0,3.75,4.0,1.89,18.0,0.0,0.7,0.7,3.27,4.0,4.87,4.0,5.0,1.27,14.0,0.0,0.6,0.7,3.38,3.93,4.71,4.04,4.0,0.98,18.0,0.0,0.7,0.7,72.2,77.7,85.7,78.9,4.0,10.4,18.0,0.0,0.7,5.07,10.3,11.57,8.66,5.0,3.94,14.0,0.0,0.6,0.7,1.14,3.1,6.9,3.86,5.0,3.33,14.0,0.0,0.6,0.7,-4.29,0.0,10.38,2.0,5.0,8.64,14.0,0.0,0.6,0.7,980.62,1003.0,1023.69,1002.34,5.0,22.52,14.0,0.0,0.6,0.7,6.0,7.0,8.0,7.0,4.0,1.2,14.0,0.0,0.6,0.7,6.1,18.4,63.1,34.6,5.0,42.8,14.0,0.0,0.6,0.7,-50.8,0.0,108.9,17.4,5.0,99.1,14.0,0.0,0.6,0.7,-2.12,0.75,1.52,-0.25,4.0,2.9,18.0,0.0,0.7,0.7,-24.0,3.1,15.0,-4.1,4.0,31.5,18.0,0.0,0.7,0.7,0.03,1.4,1.81,0.94,4.0,1.43,18.0,0.0,0.7,0.7,-4.3,6.4,18.2,6.9,4.0,16.3,18.0,0.0,0.7,0.7,4.5,12.4,20.6,12.7,5.0,10.3,14.0,0.0,0.6,0.7,-10.3,0.0,47.4,15.1,5.0,33.4,14.0,0.0,0.6,0.7,5.7,18.2,24.6,15.3,4.0,11.8,18.0,0.0,0.7,0.7,-17.4,-2.2,30.2,6.0,4.0,36.8,18.0,0.0,0.7,0.7,2.2,6.3,13.0,7.5,4.0,7.4,18.0,0.0,0.7,0.7,-16.8,-6.9,-0.7,-8.7,4.0,9.8,18.0,0.0,0.7,0.7,162.0,1092.5,1583.5,953.5,5.0,851.5,14.0,0.0,0.6,0.7,160.0,1095.0,1585.0,955.0,5.0,850.0,14.0,0.0,0.6,0.7
1974,2,193.0,49.0,4.95,5.0,7.0,5.5,7.0,1.12,16.0,0.3,0.6,0.5,1.86,5.5,6.33,4.04,7.0,2.85,18.0,0.4,0.6,0.5,3.36,4.81,5.43,4.54,6.0,1.09,16.0,0.5,0.6,0.4,77.4,89.2,94.2,86.7,6.0,10.9,16.0,0.5,0.4,7.26,10.3,12.13,10.74,8.0,4.45,18.0,0.4,0.7,0.4,2.56,8.52,10.6,5.62,8.0,6.9,18.0,0.4,0.7,0.4,-5.37,0.94,6.31,-0.79,8.0,8.19,18.0,0.4,0.7,0.4,993.72,1001.2,1028.94,1007.46,8.0,17.11,18.0,0.4,0.7,0.4,4.0,7.0,8.0,5.8,6.0,3.1,18.0,0.2,0.7,0.4,18.3,75.9,114.9,64.7,8.0,96.0,18.0,0.4,0.7,0.4,-36.8,10.1,45.6,-30.0,8.0,142.6,18.0,0.4,0.7,0.4,-0.81,1.25,4.02,1.58,6.0,2.85,16.0,0.3,0.6,0.6,-6.9,13.5,46.8,19.4,6.0,32.7,16.0,0.3,0.6,0.6,0.02,1.44,2.11,1.14,5.0,1.19,14.0,0.4,0.6,0.5,-0.2,12.4,29.0,15.7,5.0,21.9,14.0,0.4,0.6,0.5,12.7,31.9,59.0,33.6,7.0,25.6,18.0,0.4,0.6,0.5,-7.1,5.8,17.6,4.1,7.0,22.3,18.0,0.4,0.6,0.5,12.8,32.6,53.0,33.2,6.0,19.0,16.0,0.5,0.6,0.4,-27.0,4.6,17.3,-2.7,6.0,30.9,16.0,0.5,0.6,0.4,-0.9,6.2,19.3,9.0,5.0,11.9,14.0,0.4,0.6,0.5,-23.4,0.0,2.0,-10.4,5.0,20.3,14.0,0.4,0.6,0.5,382.5,1100.5,1794.0,1899.0,8.0,2816.5,18.0,0.4,0.7,0.4,380.0,1100.0,1795.0,1900.0,8.0,2815.0,18.0,0.4,0.7,0.4
1974,2,193.0,50.0,4.36,4.65,7.6,5.57,6.0,1.71,12.0,0.0,0.4,0.4,2.86,3.5,4.22,3.7,7.0,2.5,10.0,0.1,0.4,0.5,3.28,3.87,4.76,4.0,6.0,0.81,12.0,0.0,0.4,0.4,76.1,80.2,100.0,84.6,6.0,12.7,12.0,0.0,0.4,6.19,7.7,10.54,8.64,7.0,3.37,10.0,0.1,0.4,0.5,-1.49,1.04,7.7,1.12,7.0,5.92,10.0,0.1,0.4,0.5,-5.92,-3.52,8.92,0.1,7.0,7.87,10.0,0.1,0.4,0.5,987.57,998.3,1023.02,1003.31,7.0,19.39,10.0,0.1,0.4,0.5,8.0,8.0,8.0,7.9,7.0,0.4,10.0,0.1,0.4,0.5,-11.1,6.3,62.1,13.0,7.0,66.6,10.0,0.1,0.4,0.5,-36.4,-35.5,81.9,19.3,7.0,91.8,10.0,0.1,0.4,0.5,0.88,1.4,4.72,2.67,6.0,2.64,12.0,0.0,0.4,0.4,5.4,9.8,64.8,28.1,6.0,32.4,12.0,0.0,0.4,0.4,1.18,1.63,2.1,1.7,6.0,0.9,12.0,0.0,0.4,0.4,7.3,10.5,27.4,15.4,6.0,11.7,12.0,0.0,0.4,0.4,-0.2,3.5,23.5,8.7,7.0,13.1,10.0,0.1,0.4,0.5,-20.4,0.0,54.3,9.3,7.0,38.7,10.0,0.1,0.4,0.5,-9.4,5.5,36.6,8.9,6.0,26.0,12.0,0.0,0.4,0.4,-23.0,-15.1,14.4,-1.2,6.0,35.8,12.0,0.0,0.4,0.4,-7.9,2.6,5.8,-1.9,6.0,15.4,12.0,0.0,0.4,0.4,-10.7,-8.8,4.6,-2.9,6.0,13.0,12.0,0.0,0.4,0.4,237.5,456.5,1215.0,936.0,7.0,1238.5,10.0,0.1,0.4,0.5,235.0,455.0,1215.0,935.0,7.0,1240.0,10.0,0.1,0.4,0.5
1974,2,193.0,51.0,3.24,4.0,4.21,3.88,6.0,0.69,18.0,0.2,0.7,0.4,3.0,3.5,4.87,3.85,8.0,1.09,16.0,0.3,0.7,0.4,3.74,4.5,4.95,4.35,4.0,0.78,16.0,0.3,0.7,0.4,75.9,84.4,85.7,81.0,4.0,7.9,16.0,0.3,0.4,2.5,8.7,11.46,7.48,9.0,4.06,16.0,0.3,0.7,0.4,-2.58,-1.51,4.62,0.66,9.0,5.28,16.0,0.3,0.7,0.4,-8.05,0.0,1.88,-1.53,9.0,6.96,16.0,0.3,0.7,0.4,983.05,986.0,1017.93,995.6,9.0,18.18,16.0,0.3,0.7,0.4,6.1,7.5,8.0,6.9,8.0,1.7,16.0,0.3,0.8,0.4,-16.2,-4.4,36.7,12.5,9.0,54.6,16.0,0.3,0.7,0.4,-70.1,0.0,6.5,-9.8,9.0,76.3,16.0,0.3,0.7,0.4,-1.21,-0.25,1.1,-0.17,6.0,1.29,18.0,0.2,0.7,0.4,-8.4,-1.8,4.4,-1.4,6.0,8.9,18.0,0.2,0.7,0.4,0.24,0.55,1.38,0.8,4.0,0.85,16.0,0.3,0.7,0.4,2.5,5.2,11.8,7.0,4.0,7.3,16.0,0.3,0.7,0.4,-15.4,-3.0,18.1,1.5,8.0,18.8,16.0,0.3,0.7,0.4,-22.7,0.0,12.6,0.6,8.0,30.2,16.0,0.3,0.7,0.4,-18.9,-7.0,9.7,-4.7,4.0,18.2,16.0,0.3,0.7,0.4,-20.9,-3.9,38.0,8.0,4.0,39.0,16.0,0.3,0.7,0.4,-2.1,-0.1,5.9,1.8,4.0,6.5,16.0,0.3,0.7,0.4,-8.5,-1.5,2.9,-2.7,4.0,7.9,16.0,0.3,0.7,0.4,19.5,658.5,1531.5,736.5,9.0,768.0,16.0,0.3,0.7,0.4,20.0,660.0,1530.0,735.0,9.0,770.0,16.0,0.3,0.7,0.4
1974,2,193.0,52.0,3.48,4.5,5.52,4.5,3.0,1.5,16.0,0.7,0.5,0.3,-0.31,3.55,5.26,2.53,4.0,3.67,14.0,0.5,0.6,0.4,3.53,4.24,4.96,4.24,2.0,1.48,12.0,1.0,0.6,0.3,93.8,96.3,98.8,96.3,2.0,5.2,12.0,1.0,0.3,5.36,7.45,13.57,9.38,4.0,5.99,14.0,0.5,0.6,0.4,-5.98,-2.71,1.39,-2.31,4.0,5.47,14.0,0.5,0.6,0.4,-11.18,-1.24,2.81,-4.05,4.0,9.7,14.0,0.5,0.6,0.4,990.57,993.1,1009.15,999.55,4.0,15.12,14.0,0.5,0.6,0.4,5.4,8.0,8.0,6.8,4.0,2.5,14.0,0.5,0.6,0.4,-65.8,-33.4,10.4,-28.0,4.0,46.8,14.0,0.5,0.6,0.4,-178.9,-5.8,15.9,-78.1,4.0,161.8,14.0,0.5,0.6,0.4,0.56,3.9,4.99,2.8,3.0,3.39,16.0,0.7,0.5,0.3,1.7,24.2,75.3,38.2,3.0,55.2,16.0,0.7,0.5,0.3,0.28,0.8,1.33,0.8,2.0,1.08,12.0,1.0,0.6,0.3,4.8,14.3,23.8,14.3,2.0,19.8,12.0,1.0,0.6,0.3,-30.2,-1.8,8.9,-10.2,4.0,26.4,14.0,0.5,0.6,0.4,-0.4,14.1,32.7,16.0,4.0,22.1,14.0,0.5,0.6,0.4,-39.7,-27.7,-15.6,-27.7,2.0,25.0,12.0,1.0,0.6,0.3,-46.5,-24.4,-2.3,-24.4,2.0,45.8,12.0,1.0,0.6,0.3,-4.2,-2.6,-1.0,-2.6,2.0,3.2,12.0,1.0,0.6,0.3,-23.4,-13.9,-4.4,-13.9,2.0,19.7,12.0,1.0,0.6,0.3,164.5,448.5,3369.0,1706.5,4.0,2760.5,14.0,0.5,0.6,0.4,165.0,450.0,3370.0,1705.0,4.0,2760.0,14.0,0.5,0.6,0.4
1974,2,193.0,53.0,1.48,2.5,3.65,2.65,6.0,1.44,18.0,0.0,0.5,0.3,0.9,1.6,4.52,2.35,6.0,1.89,18.0,0.0,0.5,0.3,3.33,4.32,4.92,4.15,5.0,0.9,16.0,0.0,0.4,0.3,83.6,91.0,95.3,89.1,5.0,10.6,16.0,0.0,0.3,7.16,9.75,13.42,10.1,6.0,3.79,18.0,0.0,0.5,0.3,-6.59,3.53,5.77,0.36,6.0,7.84,18.0,0.0,0.5,0.3,-11.58,-3.14,1.22,-4.14,6.0,7.39,18.0,0.0,0.5,0.3,988.21,1016.7,1023.12,1009.5,6.0,17.3,18.0,0.0,0.5,0.3,3.3,7.0,8.0,5.8,5.0,2.7,20.0,0.0,0.5,0.4,-64.6,24.1,58.8,0.9,6.0,96.2,18.0,0.0,0.5,0.3,-142.2,-25.8,9.4,-56.2,6.0,93.6,18.0,0.0,0.5,0.3,-1.49,0.2,1.72,0.3,6.0,2.49,18.0,0.0,0.5,0.3,-16.0,1.0,20.8,7.0,6.0,32.6,18.0,0.0,0.5,0.3,-0.17,0.32,1.49,0.58,5.0,0.98,16.0,0.0,0.4,0.3,-1.0,2.6,14.5,6.8,5.0,12.7,16.0,0.0,0.4,0.3,-31.4,2.9,7.0,-9.8,6.0,26.2,18.0,0.0,0.5,0.3,-11.4,-3.3,6.1,-0.1,6.0,15.5,18.0,0.0,0.5,0.3,-38.7,14.9,24.5,-4.5,5.0,38.4,16.0,0.0,0.4,0.3,-34.6,0.0,11.0,-8.9,5.0,29.6,16.0,0.0,0.4,0.3,0.6,3.2,9.3,4.8,5.0,5.9,16.0,0.0,0.4,0.3,-11.3,-2.0,0.0,-6.1,5.0,10.4,16.0,0.0,0.4,0.3,389.5,997.0,2457.5,1397.0,6.0,1330.5,18.0,0.0,0.5,0.3,390.0,995.0,2460.0,1395.0,6.0,1330.0,18.0,0.0,0.5,0.3
1974,2,193.0,54.0,1.0,2.0,3.5,2.25,21.0,1.15,20.0,0.2,0.5,0.6,-6.65,-4.0,0.49,-3.27,21.0,4.19,18.0,0.2,0.6,0.6,1.58,2.46,3.47,2.52,4.0,1.09,14.0,0.0,0.6,0.4,80.2,92.4,100.0,90.2,4.0,11.9,14.0,0.0,0.4,7.03,10.3,16.3,11.25,22.0,4.84,18.0,0.2,0.5,0.6,-6.05,0.0,4.64,-1.24,22.0,7.22,18.0,0.2,0.5,0.6,-14.59,-8.29,2.74,-6.49,22.0,7.63,18.0,0.2,0.5,0.6,1010.83,1030.1,1041.28,1026.26,21.0,16.16,20.0,0.2,0.5,0.6,0.8,5.5,7.0,4.6,16.0,3.0,20.0,0.3,0.5,0.6,-47.8,0.0,58.8,-18.2,22.0,118.9,18.0,0.2,0.5,0.6,-222.5,-81.0,11.2,-96.2,22.0,117.7,18.0,0.2,0.5,0.6,0.22,7.1,9.49,5.52,20.0,4.62,20.0,0.3,0.6,0.6,1.9,65.7,134.7,71.7,20.0,60.0,20.0,0.3,0.6,0.6,1.52,2.35,2.48,2.01,3.0,0.76,14.0,0.0,0.6,0.4,13.5,26.2,34.7,24.2,3.0,15.6,14.0,0.0,0.6,0.4,-9.8,0.0,35.3,7.5,21.0,30.0,18.0,0.2,0.6,0.6,-2.0,20.6,87.6,37.9,21.0,49.3,18.0,0.2,0.6,0.6,-11.9,-5.9,0.0,-5.9,4.0,6.9,14.0,0.0,0.6,0.4,-29.2,-21.2,3.1,-13.4,4.0,23.8,14.0,0.0,0.6,0.4,-2.6,0.0,0.0,-1.3,3.0,2.2,14.0,0.0,0.6,0.4,-34.7,-26.2,-3.8,-19.4,3.0,23.4,14.0,0.0,0.6,0.4,352.5,1092.5,4335.0,2224.5,22.0,2634.5,18.0,0.2,0.5,0.6,355.0,1095.0,4335.0,2225.0,22.0,2635.0,18.0,0.2,0.5,0.6
1974,2,193.0,55.0,1.0,1.0,2.06,1.34,25.0,0.76,20.0,0.2,0.6,0.6,-10.0,-6.75,0.02,-5.33,26.0,4.39,22.0,0.2,0.5,0.6,1.46,2.05,3.25,2.32,20.0,0.97,22.0,0.2,0.6,0.6,83.9,84.4,92.7,87.7,20.0,6.3,22.0,0.2,0.6,7.18,14.9,17.67,12.68,24.0,4.99,20.0,0.2,0.6,0.6,-2.1,2.43,5.27,1.78,24.0,5.34,20.0,0.2,0.6,0.6,-17.58,-12.73,-3.42,-10.38,24.0,6.95,20.0,0.2,0.6,0.6,997.53,1027.0,1030.54,1018.5,25.0,15.17,20.0,0.2,0.6,0.6,2.0,5.0,8.0,5.1,19.0,2.7,20.0,0.3,0.5,0.6,-25.2,32.6,81.1,29.7,24.0,73.0,20.0,0.2,0.6,0.6,-310.7,-180.9,-38.0,-161.7,24.0,114.5,20.0,0.2,0.6,0.6,1.98,8.3,11.0,7.09,23.0,4.02,20.0,0.2,0.6,0.6,9.4,102.9,166.8,94.1,22.0,70.8,20.0,0.2,0.6,0.6,0.8,2.22,2.53,1.81,20.0,0.81,22.0,0.2,0.6,0.6,5.2,24.8,40.7,23.8,20.0,16.1,22.0,0.2,0.6,0.6,-39.8,-1.7,12.3,-12.4,22.0,23.0,20.0,0.2,0.6,0.6,-2.8,82.2,142.3,74.5,22.0,67.4,20.0,0.2,0.6,0.6,-1.9,5.6,12.3,5.8,20.0,17.3,22.0,0.2,0.6,0.6,-29.5,-22.0,-0.2,-18.3,20.0,15.0,22.0,0.2,0.6,0.6,-1.3,5.0,11.5,4.2,20.0,7.3,22.0,0.2,0.6,0.6,-40.0,-23.9,-0.1,-21.1,20.0,17.7,22.0,0.2,0.6,0.6,380.0,3319.0,5524.5,2828.5,24.0,2004.0,20.0,0.2,0.6,0.6,380.0,3320.0,5525.0,2830.0,24.0,2005.0,20.0,0.2,0.6,0.6
1974,2,193.0,56.0,2.0,2.0,2.5,1.99,17.0,0.98,8.0,0.1,0.6,0.2,-8.48,-5.0,-0.53,-4.8,20.0,4.49,12.0,0.2,0.6,0.2,1.78,1.87,3.31,2.47,11.0,0.9,6.0,0.2,0.8,0.1,83.4,85.6,94.2,88.2,11.0,6.5,6.0,0.2,0.1,9.3,12.35,17.91,12.51,14.0,4.61,8.0,0.1,0.7,0.1,-9.8,-3.72,4.49,-3.38,14.0,6.28,8.0,0.1,0.7,0.1,-13.23,-8.17,2.55,-5.39,14.0,10.34,8.0,0.1,0.7,0.1,990.2,998.4,1005.8,999.0,16.0,10.59,8.0,0.1,0.6,0.2,6.1,8.0,8.0,6.6,14.0,2.5,10.0,0.2,0.7,0.2,-120.5,-49.8,41.3,-53.6,14.0,90.2,8.0,0.1,0.7,0.1,-208.1,-84.3,8.2,-68.8,14.0,172.3,8.0,0.1,0.7,0.1,3.05,9.25,11.43,7.33,16.0,4.63,8.0,0.1,0.6,0.2,22.1,88.4,162.6,86.8,13.0,73.4,6.0,0.2,0.7,0.1,1.25,2.55,2.7,2.01,11.0,0.88,6.0,0.2,0.8,0.1,7.3,22.2,43.3,23.8,11.0,15.1,6.0,0.2,0.8,0.1,-16.8,11.9,65.0,20.8,13.0,39.6,6.0,0.2,0.7,0.1,20.5,59.0,114.7,63.6,13.0,51.5,6.0,0.2,0.7,0.1,-18.2,-4.7,5.9,-5.6,11.0,14.0,6.0,0.2,0.8,0.1,-24.3,-16.8,25.8,-2.6,11.0,35.6,6.0,0.2,0.8,0.1,-16.4,-3.2,3.8,-6.1,11.0,11.2,6.0,0.2,0.8,0.1,-38.9,-14.9,5.7,-17.5,11.0,18.7,6.0,0.2,0.8,0.1,804.5,1895.0,5747.5,2677.0,14.0,2273.5,8.0,0.1,0.7,0.1,805.0,1895.0,5745.0,2675.0,14.0,2275.0,8.0,0.1,0.7,0.1
1974,2,193.0,57.0,,,,,,,,,,,,,,,,,,,,,,,,,,,,,,,,,,,,,,,,4.42,5.1,6.53,5.47,3.0,1.58,8.0,0.0,0.3,0.7,-3.81,-3.6,-3.29,-3.55,3.0,0.39,8.0,0.0,0.3,0.7,-3.42,2.64,3.07,-0.11,3.0,5.32,8.0,0.0,0.3,0.7,984.8,991.4,992.34,988.36,5.0,7.99,8.0,0.0,0.2,0.8,,,,,,,,,,,,,,,,,,,,,,,,,,,,,,,,,,,,,,,,,,,,,,,,,,,,,,,,,,,,,,,,,,,,,,,,,,,,,,,,,,,,,,,,,,,,,,,,,,,,,,,,,,,,,,,,,,,,,,,,,,,,,,,,,,,,,,,,,,,,,,,,,,,,,,
1974,2,193.0,60.0,,,,,,,,,,,,,,,,,,,,,,,,,,,,,,,,,,,,,,,,7.2,7.2,7.2,7.2,1.0,0.0,8.0,0.0,0.3,0.4,-6.24,-6.24,-6.24,-6.24,1.0,0.0,8.0,0.0,0.3,0.4,-3.6,-3.6,-3.6,-3.6,1.0,0.0,8.0,0.0,0.3,0.4,1018.4,1018.4,1018.4,1018.4,1.0,0.0,8.0,0.0,0.3,0.4,,,,,,,,,,,,,,,,,,,,,,,,,,,,,,,,,,,,,,,,,,,,,,,,,,,,,,,,,,,,,,,,,,,,,,,,,,,,,,,,,,,,,,,,,,,,,,,,,,,,,,,,,,,,,,,,,,,,,,,,,,,,,,,,,,,,,,,,,,,,,,,,,,,,,,
1974,2,194.0,-58.0,6.0,6.0,6.0,6.0,2.0,0.0,10.0,1.0,0.7,0.7,5.5,5.5,5.5,5.5,2.0,0.0,10.0,1.0,0.7,0.7,4.04,4.04,4.04,4.04,1.0,0.0,18.0,1.0,1.0,0.4,72.2,72.2,72.2,72.2,1.0,0.0,18.0,1.0,0.4,8.33,8.6,8.87,8.6,2.0,0.57,10.0,1.0,0.7,0.7,3.89,5.64,7.39,5.64,2.0,3.62,10.0,1.0,0.7,0.7,1.34,4.23,7.12,4.23,2.0,5.98,10.0,1.0,0.7,0.7,995.68,1002.1,1008.52,1002.1,2.0,13.29,10.0,1.0,0.7,0.7,6.3,7.0,7.7,7.0,2.0,1.4,10.0,1.0,0.7,0.7,34.0,47.5,61.0,47.5,2.0,28.0,10.0,1.0,0.7,0.7,12.1,38.1,64.0,38.1,2.0,53.8,10.0,1.0,0.7,0.7,0.5,0.5,0.5,0.5,2.0,0.0,10.0,1.0,0.7,0.7,4.2,4.3,4.4,4.3,2.0,0.3,10.0,1.0,0.7,0.7,1.76,1.76,1.76,1.76,1.0,0.0,18.0,1.0,1.0,0.4,14.4,14.4,14.4,14.4,1.0,0.0,18.0,1.0,1.0,0.4,21.4,31.0,40.6,31.0,2.0,19.9,10.0,1.0,0.7,0.7,7.4,23.3,39.1,23.3,2.0,32.9,10.0,1.0,0.7,0.7,33.1,33.1,33.1,33.1,1.0,0.0,18.0,1.0,1.0,0.4,0.0,0.0,0.0,0.0,1.0,0.0,18.0,1.0,1.0,0.4,14.4,14.4,14.4,14.4,1.0,0.0,18.0,1.0,1.0,0.4,0.0,0.0,0.0,0.0,1.0,0.0,18.0,1.0,1.0,0.4,579.5,640.0,701.0,640.0,2.0,125.5,10.0,1.0,0.7,0.7,580.0,640.0,700.0,640.0,2.0,125.0,10.0,1.0,0.7,0.7
1974,2,194.0,-54.0,,,,,,,,,,,,,,,,,,,,,,,,,,,,,,,,,,,,,,,,13.0,13.0,13.0,13.0,1.0,0.0,20.0,0.0,0.3,0.7,9.96,9.96,9.96,9.96,1.0,0.0,20.0,0.0,0.3,0.7,-8.36,-8.36,-8.36,-8.36,1.0,0.0,20.0,0.0,0.3,0.7,1013.7,1013.7,1013.7,1013.7,1.0,0.0,20.0,0.0,0.3,0.7,,,,,,,,,,,,,,,,,,,,,,,,,,,,,,,,,,,,,,,,,,,,,,,,,,,,,,,,,,,,,,,,,,,,,,,,,,,,,,,,,,,,,,,,,,,,,,,,,,,,,,,,,,,,,,,,,,,,,,,,,,,,,,,,,,,,,,,,,,,,,,,,,,,,,,
1974,2,194.0,-46.0,14.0,14.0,14.0,14.0,1.0,0.0,18.0,1.0,0.1,0.2,12.0,12.0,12.0,12.0,1.0,0.0,18.0,1.0,0.1,0.2,6.2,6.2,6.2,6.2,1.0,0.0,18.0,1.0,0.1,0.2,72.4,72.4,72.4,72.4,1.0,0.0,18.0,1.0,0.2,0.0,0.0,0.0,0.0,1.0,0.0,18.0,1.0,0.1,0.2,0.0,0.0,0.0,0.0,1.0,0.0,18.0,1.0,0.1,0.2,0.0,0.0,0.0,0.0,1.0,0.0,18.0,1.0,0.1,0.2,1027.8,1027.8,1027.8,1027.8,1.0,0.0,18.0,1.0,0.1,0.2,8.0,8.0,8.0,8.0,1.0,0.0,18.0,1.0,0.1,0.2,0.0,0.0,0.0,0.0,1.0,0.0,18.0,1.0,0.1,0.2,0.0,0.0,0.0,0.0,1.0,0.0,18.0,1.0,0.1,0.2,2.0,2.0,2.0,2.0,1.0,0.0,18.0,1.0,0.1,0.2,0.0,0.0,0.0,0.0,1.0,0.0,18.0,1.0,0.1,0.2,3.57,3.57,3.57,3.57,1.0,0.0,18.0,1.0,0.1,0.2,0.0,0.0,0.0,0.0,1.0,0.0,18.0,1.0,0.1,0.2,0.0,0.0,0.0,0.0,1.0,0.0,18.0,1.0,0.1,0.2,0.0,0.0,0.0,0.0,1.0,0.0,18.0,1.0,0.1,0.2,0.0,0.0,0.0,0.0,1.0,0.0,18.0,1.0,0.1,0.2,0.0,0.0,0.0,0.0,1.0,0.0,18.0,1.0,0.1,0.2,0.0,0.0,0.0,0.0,1.0,0.0,18.0,1.0,0.1,0.2,0.0,0.0,0.0,0.0,1.0,0.0,18.0,1.0,0.1,0.2,0.0,0.0,0.0,0.0,1.0,0.0,18.0,1.0,0.1,0.2,0.0,0.0,0.0,0.0,1.0,0.0,18.0,1.0,0.1,0.2
1974,2,194.0,-45.0,16.02,16.05,16.08,16.05,2.0,0.07,18.0,1.0,0.5,0.8,14.14,15.3,16.46,15.3,2.0,2.4,18.0,1.0,0.5,0.8,8.65,8.7,8.75,8.7,2.0,0.1,18.0,1.0,0.5,0.8,75.5,82.1,88.8,82.1,2.0,13.8,18.0,1.0,0.8,3.91,5.65,7.39,5.65,2.0,3.61,18.0,1.0,0.5,0.8,-5.28,-3.14,-1.0,-3.14,2.0,4.44,18.0,1.0,0.5,0.8,-3.94,-1.09,1.77,-1.09,2.0,5.92,18.0,1.0,0.5,0.8,1021.29,1022.35,1023.41,1022.35,2.0,2.19,18.0,1.0,0.5,0.8,6.3,7.0,7.7,7.0,2.0,1.4,18.0,1.0,0.5,0.8,-43.3,-25.8,-8.2,-25.8,2.0,36.4,18.0,1.0,0.5,0.8,-34.8,-16.8,1.2,-16.8,2.0,37.4,18.0,1.0,0.5,0.8,-0.44,0.75,1.94,0.75,2.0,2.47,18.0,1.0,0.5,0.8,-5.7,-0.2,5.2,-0.2,2.0,11.3,18.0,1.0,0.5,0.8,2.48,2.52,2.56,2.52,2.0,0.08,18.0,1.0,0.5,0.8,9.8,14.4,19.0,14.4,2.0,9.5,18.0,1.0,0.5,0.8,-89.8,-53.4,-16.9,-53.4,2.0,75.5,18.0,1.0,0.5,0.8,-68.7,-23.7,21.2,-23.7,2.0,93.2,18.0,1.0,0.5,0.8,-45.6,-27.1,-8.6,-27.1,2.0,38.3,18.0,1.0,0.5,0.8,-33.9,-9.1,15.7,-9.1,2.0,51.4,18.0,1.0,0.5,0.8,-13.6,-8.1,-2.6,-8.1,2.0,11.4,18.0,1.0,0.5,0.8,-10.2,-3.0,4.3,-3.0,2.0,15.0,18.0,1.0,0.5,0.8,112.5,290.5,468.5,290.5,2.0,369.0,18.0,1.0,0.5,0.8,115.0,290.0,470.0,290.0,2.0,370.0,18.0,1.0,0.5,0.8
1974,2,194.0,-43.0,16.1,16.1,16.1,16.1,1.0,0.0,16.0,1.0,0.8,0.2,16.9,16.9,16.9,16.9,1.0,0.0,16.0,1.0,0.8,0.2,11.89,11.89,11.89,11.89,1.0,0.0,16.0,1.0,0.8,0.2,100.0,100.0,100.0,100.0,1.0,0.0,16.0,1.0,0.2,5.1,5.1,5.1,5.1,1.0,0.0,16.0,1.0,0.8,0.2,2.55,2.55,2.55,2.55,1.0,0.0,16.0,1.0,0.8,0.2,-4.42,-4.42,-4.42,-4.42,1.0,0.0,16.0,1.0,0.8,0.2,1018.7,1018.7,1018.7,1018.7,1.0,0.0,16.0,1.0,0.8,0.2,8.0,8.0,8.0,8.0,1.0,0.0,16.0,1.0,0.8,0.2,13.0,13.0,13.0,13.0,1.0,0.0,16.0,1.0,0.8,0.2,-22.5,-22.5,-22.5,-22.5,1.0,0.0,16.0,1.0,0.8,0.2,-0.8,-0.8,-0.8,-0.8,1.0,0.0,16.0,1.0,0.8,0.2,-4.1,-4.1,-4.1,-4.1,1.0,0.0,16.0,1.0,0.8,0.2,-0.59,-0.59,-0.59,-0.59,1.0,0.0,16.0,1.0,0.8,0.2,-3.0,-3.0,-3.0,-3.0,1.0,0.0,16.0,1.0,0.8,0.2,43.1,43.1,43.1,43.1,1.0,0.0,16.0,1.0,0.8,0.2,-74.6,-74.6,-74.6,-74.6,1.0,0.0,16.0,1.0,0.8,0.2,30.3,30.3,30.3,30.3,1.0,0.0,16.0,1.0,0.8,0.2,-52.5,-52.5,-52.5,-52.5,1.0,0.0,16.0,1.0,0.8,0.2,-1.5,-1.5,-1.5,-1.5,1.0,0.0,16.0,1.0,0.8,0.2,2.6,2.6,2.6,2.6,1.0,0.0,16.0,1.0,0.8,0.2,132.5,132.5,132.5,132.5,1.0,0.0,16.0,1.0,0.8,0.2,135.0,135.0,135.0,135.0,1.0,0.0,16.0,1.0,0.8,0.2
1974,2,194.0,-42.0,15.17,15.55,15.93,15.55,2.0,0.78,14.0,0.5,0.7,0.6,14.19,14.8,15.41,14.8,2.0,1.27,14.0,0.5,0.7,0.6,6.83,6.94,7.04,6.94,2.0,0.22,14.0,0.5,0.7,0.6,63.8,67.3,70.7,67.3,2.0,7.1,14.0,0.5,0.6,5.09,6.15,7.21,6.15,2.0,2.19,14.0,0.5,0.7,0.6,-2.18,0.71,3.6,0.71,2.0,5.99,14.0,0.5,0.7,0.6,-1.55,1.47,4.49,1.47,2.0,6.26,14.0,0.5,0.7,0.6,1016.78,1020.6,1024.42,1020.6,2.0,7.92,14.0,0.5,0.7,0.6,8.0,8.0,8.0,8.0,2.0,0.0,14.0,0.5,0.7,0.6,-7.6,11.0,29.5,11.0,2.0,38.4,14.0,0.5,0.7,0.6,-4.2,15.9,36.1,15.9,2.0,41.7,14.0,0.5,0.7,0.6,0.51,0.75,0.99,0.75,2.0,0.49,14.0,0.5,0.7,0.6,2.9,5.2,7.4,5.2,2.0,4.7,14.0,0.5,0.7,0.6,3.62,3.95,4.28,3.95,2.0,0.68,14.0,0.5,0.7,0.6,21.4,23.5,25.7,23.5,2.0,4.5,14.0,0.5,0.7,0.6,-35.6,6.7,49.1,6.7,2.0,87.8,14.0,0.5,0.7,0.6,-26.0,17.8,61.6,17.8,2.0,90.8,14.0,0.5,0.7,0.6,-14.5,5.6,25.7,5.6,2.0,41.7,14.0,0.5,0.7,0.6,-10.2,10.9,32.0,10.9,2.0,43.8,14.0,0.5,0.7,0.6,-10.4,0.8,11.9,0.8,2.0,23.2,14.0,0.5,0.7,0.6,-7.8,3.7,15.1,3.7,2.0,23.7,14.0,0.5,0.7,0.6,154.5,277.0,399.5,277.0,2.0,254.0,14.0,0.5,0.7,0.6,155.0,275.0,400.0,275.0,2.0,255.0,14.0,0.5,0.7,0.6
1974,2,194.0,-39.0,18.6,18.6,18.6,18.6,1.0,0.0,6.0,1.0,0.3,0.2,18.95,19.05,19.15,19.05,2.0,0.21,10.0,0.5,0.4,0.5,11.37,11.57,11.78,11.57,2.0,0.42,10.0,0.5,0.4,0.5,83.3,85.5,87.7,85.5,2.0,4.6,10.0,0.5,0.5,4.93,5.65,6.37,5.65,2.0,1.48,10.0,0.5,0.4,0.5,-3.63,-0.4,2.82,-0.4,2.0,6.69,10.0,0.5,0.4,0.5,-3.37,-1.37,0.64,-1.37,2.0,4.16,10.0,0.5,0.4,0.5,1021.3,1023.45,1025.6,1023.45,2.0,4.45,10.0,0.5,0.4,0.5,4.5,5.5,6.5,5.5,2.0,2.1,10.0,0.5,0.4,0.5,-25.8,-7.3,11.3,-7.3,2.0,38.4,10.0,0.5,0.4,0.5,-23.1,-10.8,1.5,-10.8,2.0,25.5,10.0,0.5,0.4,0.5,-0.6,-0.6,-0.6,-0.6,1.0,0.0,6.0,1.0,0.3,0.2,-2.8,-2.8,-2.8,-2.8,1.0,0.0,6.0,1.0,0.3,0.2,1.95,1.95,1.95,1.95,1.0,0.0,6.0,1.0,0.3,0.2,9.0,9.0,9.0,9.0,1.0,0.0,6.0,1.0,0.3,0.2,-68.4,-7.0,54.4,-7.0,2.0,127.3,10.0,0.5,0.4,0.5,-63.7,-25.6,12.5,-25.6,2.0,78.9,10.0,0.5,0.4,0.5,-43.5,-6.1,31.3,-6.1,2.0,77.5,10.0,0.5,0.4,0.5,-40.2,-16.7,6.8,-16.7,2.0,48.7,10.0,0.5,0.4,0.5,8.4,8.4,8.4,8.4,1.0,0.0,6.0,1.0,0.3,0.2,3.1,3.1,3.1,3.1,1.0,0.0,6.0,1.0,0.3,0.2,129.5,199.0,268.5,199.0,2.0,144.0,10.0,0.5,0.4,0.5,130.0,200.0,270.0,200.0,2.0,145.0,10.0,0.5,0.4,0.5
1974,2,194.0,-37.0,20.5,20.5,20.5,20.5,1.0,0.0,24.0,1.0,1.0,0.6,18.0,18.0,18.0,18.0,1.0,0.0,24.0,1.0,1.0,0.6,8.08,8.08,8.08,8.08,1.0,0.0,24.0,1.0,1.0,0.6,63.6,63.6,63.6,63.6,1.0,0.0,24.0,1.0,0.6,5.1,5.1,5.1,5.1,1.0,0.0,24.0,1.0,1.0,0.6,-3.28,-3.28,-3.28,-3.28,1.0,0.0,24.0,1.0,1.0,0.6,3.91,3.91,3.91,3.91,1.0,0.0,24.0,1.0,1.0,0.6,1019.5,1019.5,1019.5,1019.5,1.0,0.0,24.0,1.0,1.0,0.6,8.0,8.0,8.0,8.0,1.0,0.0,24.0,1.0,1.0,0.6,-16.7,-16.7,-16.7,-16.7,1.0,0.0,24.0,1.0,1.0,0.6,19.9,19.9,19.9,19.9,1.0,0.0,24.0,1.0,1.0,0.6,2.5,2.5,2.5,2.5,1.0,0.0,24.0,1.0,1.0,0.6,12.8,12.8,12.8,12.8,1.0,0.0,24.0,1.0,1.0,0.6,6.83,6.83,6.83,6.83,1.0,0.0,24.0,1.0,1.0,0.6,34.8,34.8,34.8,34.8,1.0,0.0,24.0,1.0,1.0,0.6,-59.0,-59.0,-59.0,-59.0,1.0,0.0,24.0,1.0,1.0,0.6,70.3,70.3,70.3,70.3,1.0,0.0,24.0,1.0,1.0,0.6,-26.5,-26.5,-26.5,-26.5,1.0,0.0,24.0,1.0,1.0,0.6,31.6,31.6,31.6,31.6,1.0,0.0,24.0,1.0,1.0,0.6,-22.4,-22.4,-22.4,-22.4,1.0,0.0,24.0,1.0,1.0,0.6,26.7,26.7,26.7,26.7,1.0,0.0,24.0,1.0,1.0,0.6,132.5,132.5,132.5,132.5,1.0,0.0,24.0,1.0,1.0,0.6,135.0,135.0,135.0,135.0,1.0,0.0,24.0,1.0,1.0,0.6
1974,2,194.0,-36.0,20.74,21.05,21.36,21.05,2.0,0.64,10.0,0.5,0.2,0.5,21.06,21.2,21.34,21.2,2.0,0.28,10.0,0.5,0.2,0.5,10.34,11.17,12.01,11.17,2.0,1.73,10.0,0.5,0.2,0.5,66.4,72.5,78.6,72.5,2.0,12.7,10.0,0.5,0.5,3.25,4.65,6.05,4.65,2.0,2.9,10.0,0.5,0.2,0.5,-5.56,-3.98,-2.41,-3.98,2.0,3.27,10.0,0.5,0.2,0.5,-1.31,0.15,1.61,0.15,2.0,3.03,10.0,0.5,0.2,0.5,1023.54,1025.35,1027.16,1025.35,2.0,3.75,10.0,0.5,0.2,0.5,3.6,5.0,6.4,5.0,2.0,2.8,10.0,0.5,0.2,0.5,-36.2,-23.3,-10.3,-23.3,2.0,26.8,10.0,0.5,0.2,0.5,-1.9,5.1,12.1,5.1,2.0,14.5,10.0,0.5,0.2,0.5,-0.59,-0.15,0.29,-0.15,2.0,0.92,10.0,0.5,0.2,0.5,-1.2,0.6,2.5,0.6,2.0,3.8,10.0,0.5,0.2,0.5,3.6,4.17,4.74,4.17,2.0,1.18,10.0,0.5,0.2,0.5,14.5,17.7,20.9,17.7,2.0,6.6,10.0,0.5,0.2,0.5,-116.9,-84.0,-51.1,-84.0,2.0,68.2,10.0,0.5,0.2,0.5,-28.2,2.7,33.7,2.7,2.0,64.2,10.0,0.5,0.2,0.5,-68.3,-47.3,-26.4,-47.3,2.0,43.4,10.0,0.5,0.2,0.5,-12.2,4.3,20.8,4.3,2.0,34.1,10.0,0.5,0.2,0.5,-19.0,-14.7,-10.4,-14.7,2.0,8.9,10.0,0.5,0.2,0.5,-7.2,-1.2,4.8,-1.2,2.0,12.5,10.0,0.5,0.2,0.5,62.5,159.0,256.0,159.0,2.0,200.0,10.0,0.5,0.2,0.5,65.0,160.0,255.0,160.0,2.0,200.0,10.0,0.5,0.2,0.5
1974,2,194.0,-33.0,,,,,,,,,,,,,,,,,,,,,,,,,,,,,,,,,,,,,,,,2.1,2.1,2.1,2.1,1.0,0.0,22.0,1.0,0.5,0.5,-2.1,-2.1,-2.1,-2.1,1.0,0.0,22.0,1.0,0.5,0.5,0.0,0.0,0.0,0.0,1.0,0.0,22.0,1.0,0.5,0.5,1015.4,1015.4,1015.4,1015.4,1.0,0.0,22.0,1.0,0.5,0.5,3.0,3.0,3.0,3.0,1.0,0.0,22.0,1.0,0.5,0.5,-4.4,-4.4,-4.4,-4.4,1.0,0.0,22.0,1.0,0.5,0.5,0.0,0.0,0.0,0.0,1.0,0.0,22.0,1.0,0.5,0.5,,,,,,,,,,,,,,,,,,,,,,,,,,,,,,,,,,,,,,,,,-53.1,-53.1,-53.1,-53.1,1.0,0.0,22.0,1.0,0.5,0.5,0.0,0.0,0.0,0.0,1.0,0.0,22.0,1.0,0.5,0.5,-32.4,-32.4,-32.4,-32.4,1.0,0.0,22.0,1.0,0.5,0.5,0.0,0.0,0.0,0.0,1.0,0.0,22.0,1.0,0.5,0.5,,,,,,,,,,,,,,,,,,,,,,,,,,,,,,,,,,,,,,,,
1974,2,194.0,-32.0,,,,,,,,,,,,,,,,,,,,,,,,,,,,,,,,,,,,,,,,11.3,11.3,11.3,11.3,1.0,0.0,10.0,0.0,0.9,0.1,-7.26,-7.26,-7.26,-7.26,1.0,0.0,10.0,0.0,0.9,0.1,8.66,8.66,8.66,8.66,1.0,0.0,10.0,0.0,0.9,0.1,1016.9,1016.9,1016.9,1016.9,1.0,0.0,10.0,0.0,0.9,0.1,8.0,8.0,8.0,8.0,1.0,0.0,10.0,0.0,0.9,0.1,-82.1,-82.1,-82.1,-82.1,1.0,0.0,10.0,0.0,0.9,0.1,97.8,97.8,97.8,97.8,1.0,0.0,10.0,0.0,0.9,0.1,,,,,,,,,,,,,,,,,,,,,,,,,,,,,,,,,,,,,,,,,-170.7,-170.7,-170.7,-170.7,1.0,0.0,10.0,0.0,0.9,0.1,203.4,203.4,203.4,203.4,1.0,0.0,10.0,0.0,0.9,0.1,-114.8,-114.8,-114.8,-114.8,1.0,0.0,10.0,0.0,0.9,0.1,136.8,136.8,136.8,136.8,1.0,0.0,10.0,0.0,0.9,0.1,,,,,,,,,,,,,,,,,,,,,,,,,,,,,,,,,,,,,,,,
1974,2,194.0,-27.0,26.9,26.9,26.9,26.9,1.0,0.0,24.0,0.0,0.1,1.0,25.3,25.3,25.3,25.3,1.0,0.0,24.0,0.0,0.1,1.0,16.43,16.43,16.43,16.43,1.0,0.0,24.0,0.0,0.1,1.0,81.5,81.5,81.5,81.5,1.0,0.0,24.0,0.0,1.0,3.6,3.6,3.6,3.6,1.0,0.0,24.0,0.0,0.1,1.0,3.12,3.12,3.12,3.12,1.0,0.0,24.0,0.0,0.1,1.0,1.8,1.8,1.8,1.8,1.0,0.0,24.0,0.0,0.1,1.0,1009.1,1009.1,1009.1,1009.1,1.0,0.0,24.0,0.0,0.1,1.0,4.0,4.0,4.0,4.0,1.0,0.0,24.0,0.0,0.1,1.0,11.2,11.2,11.2,11.2,1.0,0.0,24.0,0.0,0.1,1.0,6.5,6.5,6.5,6.5,1.0,0.0,24.0,0.0,0.1,1.0,1.6,1.6,1.6,1.6,1.0,0.0,24.0,0.0,0.1,1.0,5.8,5.8,5.8,5.8,1.0,0.0,24.0,0.0,0.1,1.0,5.82,5.82,5.82,5.82,1.0,0.0,24.0,0.0,0.1,1.0,21.0,21.0,21.0,21.0,1.0,0.0,24.0,0.0,0.1,1.0,78.9,78.9,78.9,78.9,1.0,0.0,24.0,0.0,0.1,1.0,45.5,45.5,45.5,45.5,1.0,0.0,24.0,0.0,0.1,1.0,51.2,51.2,51.2,51.2,1.0,0.0,24.0,0.0,0.1,1.0,29.6,29.6,29.6,29.6,1.0,0.0,24.0,0.0,0.1,1.0,18.2,18.2,18.2,18.2,1.0,0.0,24.0,0.0,0.1,1.0,10.5,10.5,10.5,10.5,1.0,0.0,24.0,0.0,0.1,1.0,46.5,46.5,46.5,46.5,1.0,0.0,24.0,0.0,0.1,1.0,45.0,45.0,45.0,45.0,1.0,0.0,24.0,0.0,0.1,1.0
1974,2,194.0,-25.0,26.24,26.55,26.86,26.55,2.0,0.64,14.0,0.5,0.4,0.7,26.28,26.45,26.62,26.45,2.0,0.35,14.0,0.5,0.4,0.7,14.04,14.92,15.79,14.92,2.0,1.81,14.0,0.5,0.4,0.7,64.8,69.5,74.1,69.5,2.0,9.6,14.0,0.5,0.7,7.34,9.8,12.26,9.8,2.0,5.09,14.0,0.5,0.4,0.7,-8.17,-7.22,-6.27,-7.22,2.0,1.97,14.0,0.5,0.4,0.7,3.41,6.19,8.97,6.19,2.0,5.76,14.0,0.5,0.4,0.7,1011.74,1012.9,1014.06,1012.9,2.0,2.4,14.0,0.5,0.4,0.7,3.0,3.0,3.0,3.0,2.0,0.0,14.0,0.5,0.4,0.7,-102.8,-75.8,-48.7,-75.8,2.0,56.1,14.0,0.5,0.4,0.7,32.9,75.3,117.8,75.3,2.0,88.0,14.0,0.5,0.4,0.7,-0.38,0.1,0.58,0.1,2.0,0.99,14.0,0.5,0.4,0.7,-6.0,-1.5,2.9,-1.5,2.0,9.2,14.0,0.5,0.4,0.7,6.35,6.8,7.25,6.8,2.0,0.93,14.0,0.5,0.4,0.7,47.9,69.0,90.1,69.0,2.0,43.7,14.0,0.5,0.4,0.7,-217.7,-191.3,-164.9,-191.3,2.0,54.7,14.0,0.5,0.4,0.7,90.2,164.8,239.4,164.8,2.0,154.5,14.0,0.5,0.4,0.7,-113.8,-105.9,-98.0,-105.9,2.0,16.3,14.0,0.5,0.4,0.7,51.1,87.2,123.2,87.2,2.0,74.7,14.0,0.5,0.4,0.7,-59.7,-50.0,-40.3,-50.0,2.0,20.1,14.0,0.5,0.4,0.7,23.1,44.8,66.5,44.8,2.0,44.9,14.0,0.5,0.4,0.7,582.5,1322.0,2062.0,1322.0,2.0,1533.0,14.0,0.5,0.4,0.7,580.0,1320.0,2060.0,1320.0,2.0,1535.0,14.0,0.5,0.4,0.7
1974,2,194.0,-24.0,28.5,28.5,28.5,28.5,1.0,0.0,26.0,0.0,0.1,1.0,25.9,25.9,25.9,25.9,1.0,0.0,26.0,0.0,0.1,1.0,16.23,16.23,16.23,16.23,1.0,0.0,26.0,0.0,0.1,1.0,78.1,78.1,78.1,78.1,1.0,0.0,26.0,0.0,1.0,3.6,3.6,3.6,3.6,1.0,0.0,26.0,0.0,0.1,1.0,-2.76,-2.76,-2.76,-2.76,1.0,0.0,26.0,0.0,0.1,1.0,-2.31,-2.31,-2.31,-2.31,1.0,0.0,26.0,0.0,0.1,1.0,1015.2,1015.2,1015.2,1015.2,1.0,0.0,26.0,0.0,0.1,1.0,8.0,8.0,8.0,8.0,1.0,0.0,26.0,0.0,0.1,1.0,-9.9,-9.9,-9.9,-9.9,1.0,0.0,26.0,0.0,0.1,1.0,-8.3,-8.3,-8.3,-8.3,1.0,0.0,26.0,0.0,0.1,1.0,2.6,2.6,2.6,2.6,1.0,0.0,26.0,0.0,0.1,1.0,9.4,9.4,9.4,9.4,1.0,0.0,26.0,0.0,0.1,1.0,8.09,8.09,8.09,8.09,1.0,0.0,26.0,0.0,0.1,1.0,29.1,29.1,29.1,29.1,1.0,0.0,26.0,0.0,0.1,1.0,-71.4,-71.4,-71.4,-71.4,1.0,0.0,26.0,0.0,0.1,1.0,-59.9,-59.9,-59.9,-59.9,1.0,0.0,26.0,0.0,0.1,1.0,-44.8,-44.8,-44.8,-44.8,1.0,0.0,26.0,0.0,0.1,1.0,-37.6,-37.6,-37.6,-37.6,1.0,0.0,26.0,0.0,0.1,1.0,-22.3,-22.3,-22.3,-22.3,1.0,0.0,26.0,0.0,0.1,1.0,-18.7,-18.7,-18.7,-18.7,1.0,0.0,26.0,0.0,0.1,1.0,46.5,46.5,46.5,46.5,1.0,0.0,26.0,0.0,0.1,1.0,45.0,45.0,45.0,45.0,1.0,0.0,26.0,0.0,0.1,1.0
1974,2,194.0,-23.0,27.33,27.6,27.87,27.6,2.0,0.57,16.0,0.5,0.6,0.6,26.13,26.4,26.67,26.4,2.0,0.57,16.0,0.5,0.6,0.6,17.26,17.77,18.28,17.77,2.0,1.05,16.0,0.5,0.6,0.6,81.5,82.6,83.7,82.6,2.0,2.2,16.0,0.5,0.6,3.25,4.65,6.05,4.65,2.0,2.9,16.0,0.5,0.6,0.6,0.0,0.0,0.0,0.0,2.0,0.0,16.0,0.5,0.6,0.6,-1.12,2.05,5.22,2.05,2.0,6.58,16.0,0.5,0.6,0.6,1010.87,1011.45,1012.03,1011.45,2.0,1.2,16.0,0.5,0.6,0.6,3.5,4.5,5.5,4.5,2.0,2.1,16.0,0.5,0.6,0.6,0.0,0.0,0.0,0.0,2.0,0.0,16.0,0.5,0.6,0.6,1.4,19.1,36.7,19.1,2.0,36.5,16.0,0.5,0.6,0.6,1.2,1.2,1.2,1.2,2.0,0.0,16.0,0.5,0.6,0.6,3.9,5.6,7.3,5.6,2.0,3.5,16.0,0.5,0.6,0.6,5.24,5.38,5.53,5.38,2.0,0.3,16.0,0.5,0.6,0.6,17.3,25.5,33.7,25.5,2.0,17.0,16.0,0.5,0.6,0.6,0.0,0.0,0.0,0.0,2.0,0.0,16.0,0.5,0.6,0.6,-31.0,52.3,135.5,52.3,2.0,172.4,16.0,0.5,0.6,0.6,0.0,0.0,0.0,0.0,2.0,0.0,16.0,0.5,0.6,0.6,-22.4,33.0,88.3,33.0,2.0,114.7,16.0,0.5,0.6,0.6,0.0,0.0,0.0,0.0,2.0,0.0,16.0,0.5,0.6,0.6,-5.4,12.0,29.4,12.0,2.0,36.0,16.0,0.5,0.6,0.6,62.5,159.0,256.0,159.0,2.0,200.0,16.0,0.5,0.6,0.6,65.0,160.0,255.0,160.0,2.0,200.0,16.0,0.5,0.6,0.6
1974,2,194.0,-22.0,27.2,27.2,27.2,27.2,1.0,0.0,12.0,1.0,0.4,0.8,27.7,27.7,27.7,27.7,1.0,0.0,12.0,1.0,0.4,0.8,17.51,17.51,17.51,17.51,1.0,0.0,12.0,1.0,0.4,0.8,75.6,75.6,75.6,75.6,1.0,0.0,12.0,1.0,0.8,9.3,9.3,9.3,9.3,1.0,0.0,12.0,1.0,0.4,0.8,-8.05,-8.05,-8.05,-8.05,1.0,0.0,12.0,1.0,0.4,0.8,4.65,4.65,4.65,4.65,1.0,0.0,12.0,1.0,0.4,0.8,1013.2,1013.2,1013.2,1013.2,1.0,0.0,12.0,1.0,0.4,0.8,4.0,4.0,4.0,4.0,1.0,0.0,12.0,1.0,0.4,0.8,-74.9,-74.9,-74.9,-74.9,1.0,0.0,12.0,1.0,0.4,0.8,43.2,43.2,43.2,43.2,1.0,0.0,12.0,1.0,0.4,0.8,-0.5,-0.5,-0.5,-0.5,1.0,0.0,12.0,1.0,0.4,0.8,-4.6,-4.6,-4.6,-4.6,1.0,0.0,12.0,1.0,0.4,0.8,5.05,5.05,5.05,5.05,1.0,0.0,12.0,1.0,0.4,0.8,47.0,47.0,47.0,47.0,1.0,0.0,12.0,1.0,0.4,0.8,-223.1,-223.1,-223.1,-223.1,1.0,0.0,12.0,1.0,0.4,0.8,128.8,128.8,128.8,128.8,1.0,0.0,12.0,1.0,0.4,0.8,-141.0,-141.0,-141.0,-141.0,1.0,0.0,12.0,1.0,0.4,0.8,81.4,81.4,81.4,81.4,1.0,0.0,12.0,1.0,0.4,0.8,-40.7,-40.7,-40.7,-40.7,1.0,0.0,12.0,1.0,0.4,0.8,23.5,23.5,23.5,23.5,1.0,0.0,12.0,1.0,0.4,0.8,804.5,804.5,804.5,804.5,1.0,0.0,12.0,1.0,0.4,0.8,805.0,805.0,805.0,805.0,1.0,0.0,12.0,1.0,0.4,0.8
1974,2,194.0,-19.0,27.0,27.0,27.34,27.17,3.0,0.29,18.0,0.3,0.5,0.7,26.38,27.2,28.43,27.4,3.0,1.51,18.0,0.3,0.5,0.7,16.97,18.21,21.88,19.4,3.0,3.74,18.0,0.3,0.5,0.7,79.0,80.7,89.6,84.2,3.0,8.4,18.0,0.3,0.7,4.76,5.1,6.53,5.63,3.0,1.38,18.0,0.3,0.5,0.7,-4.9,-4.63,-4.42,-4.66,3.0,0.35,18.0,0.3,0.5,0.7,-4.26,-1.57,-1.1,-2.66,3.0,2.5,18.0,0.3,0.5,0.7,1010.5,1010.5,1010.84,1010.67,3.0,0.29,18.0,0.3,0.5,0.7,6.0,6.0,7.4,6.7,3.0,1.2,18.0,0.3,0.5,0.7,-30.9,-25.6,-21.7,-26.3,3.0,6.7,18.0,0.3,0.5,0.7,-29.4,-7.2,-5.4,-17.2,3.0,19.6,18.0,0.3,0.5,0.7,-1.43,-0.2,0.96,-0.23,3.0,1.75,18.0,0.3,0.5,0.7,-10.2,-1.0,4.4,-2.8,3.0,10.8,18.0,0.3,0.5,0.7,0.48,4.14,5.83,3.18,3.0,4.01,18.0,0.3,0.5,0.7,0.7,21.1,27.5,14.2,3.0,20.5,18.0,0.3,0.5,0.7,-135.9,-134.2,-119.3,-127.7,3.0,13.3,18.0,0.3,0.5,0.7,-122.2,-40.9,-29.4,-75.0,3.0,74.1,18.0,0.3,0.5,0.7,-103.5,-91.5,-77.4,-90.5,3.0,19.1,18.0,0.3,0.5,0.7,-97.0,-25.8,-19.2,-57.3,3.0,63.2,18.0,0.3,0.5,0.7,-26.1,-20.8,-2.7,-14.6,3.0,18.0,18.0,0.3,0.5,0.7,-8.3,-3.7,3.5,-2.4,3.0,8.7,18.0,0.3,0.5,0.7,108.5,132.5,297.0,201.0,3.0,150.0,18.0,0.3,0.5,0.7,110.0,135.0,295.0,200.0,3.0,150.0,18.0,0.3,0.5,0.7
1974,2,194.0,-18.0,27.5,27.5,27.5,27.5,1.0,0.0,4.0,1.0,0.4,0.2,26.4,26.4,26.4,26.4,1.0,0.0,4.0,1.0,0.4,0.2,21.59,21.59,21.59,21.59,1.0,0.0,4.0,1.0,0.4,0.2,100.0,100.0,100.0,100.0,1.0,0.0,4.0,1.0,0.2,6.7,6.7,6.7,6.7,1.0,0.0,4.0,1.0,0.4,0.2,4.31,4.31,4.31,4.31,1.0,0.0,4.0,1.0,0.4,0.2,-5.13,-5.13,-5.13,-5.13,1.0,0.0,4.0,1.0,0.4,0.2,1009.3,1009.3,1009.3,1009.3,1.0,0.0,4.0,1.0,0.4,0.2,,,,,,,,,,,,,,,,,,,,,,,,,,,,,,,1.1,1.1,1.1,1.1,1.0,0.0,4.0,1.0,0.4,0.2,7.4,7.4,7.4,7.4,1.0,0.0,4.0,1.0,0.4,0.2,1.46,1.46,1.46,1.46,1.0,0.0,4.0,1.0,0.4,0.2,9.8,9.8,9.8,9.8,1.0,0.0,4.0,1.0,0.4,0.2,113.7,113.7,113.7,113.7,1.0,0.0,4.0,1.0,0.4,0.2,-135.5,-135.5,-135.5,-135.5,1.0,0.0,4.0,1.0,0.4,0.2,93.0,93.0,93.0,93.0,1.0,0.0,4.0,1.0,0.4,0.2,-110.8,-110.8,-110.8,-110.8,1.0,0.0,4.0,1.0,0.4,0.2,6.3,6.3,6.3,6.3,1.0,0.0,4.0,1.0,0.4,0.2,-7.5,-7.5,-7.5,-7.5,1.0,0.0,4.0,1.0,0.4,0.2,301.0,301.0,301.0,301.0,1.0,0.0,4.0,1.0,0.4,0.2,300.0,300.0,300.0,300.0,1.0,0.0,4.0,1.0,0.4,0.2
1974,2,194.0,-17.0,30.0,30.0,30.0,30.0,1.0,0.0,22.0,1.0,0.4,0.3,27.0,27.0,27.0,27.0,1.0,0.0,22.0,1.0,0.4,0.3,18.78,18.78,18.78,18.78,1.0,0.0,22.0,1.0,0.4,0.3,84.2,84.2,84.2,84.2,1.0,0.0,22.0,1.0,0.3,3.6,3.6,3.6,3.6,1.0,0.0,22.0,1.0,0.4,0.3,-3.38,-3.38,-3.38,-3.38,1.0,0.0,22.0,1.0,0.4,0.3,-1.23,-1.23,-1.23,-1.23,1.0,0.0,22.0,1.0,0.4,0.3,1010.1,1010.1,1010.1,1010.1,1.0,0.0,22.0,1.0,0.4,0.3,6.0,6.0,6.0,6.0,1.0,0.0,22.0,1.0,0.4,0.3,-12.2,-12.2,-12.2,-12.2,1.0,0.0,22.0,1.0,0.4,0.3,-4.4,-4.4,-4.4,-4.4,1.0,0.0,22.0,1.0,0.4,0.3,3.0,3.0,3.0,3.0,1.0,0.0,22.0,1.0,0.4,0.3,10.8,10.8,10.8,10.8,1.0,0.0,22.0,1.0,0.4,0.3,7.92,7.92,7.92,7.92,1.0,0.0,22.0,1.0,0.4,0.3,28.5,28.5,28.5,28.5,1.0,0.0,22.0,1.0,0.4,0.3,-91.3,-91.3,-91.3,-91.3,1.0,0.0,22.0,1.0,0.4,0.3,-33.2,-33.2,-33.2,-33.2,1.0,0.0,22.0,1.0,0.4,0.3,-63.5,-63.5,-63.5,-63.5,1.0,0.0,22.0,1.0,0.4,0.3,-23.1,-23.1,-23.1,-23.1,1.0,0.0,22.0,1.0,0.4,0.3,-26.8,-26.8,-26.8,-26.8,1.0,0.0,22.0,1.0,0.4,0.3,-9.7,-9.7,-9.7,-9.7,1.0,0.0,22.0,1.0,0.4,0.3,46.5,46.5,46.5,46.5,1.0,0.0,22.0,1.0,0.4,0.3,45.0,45.0,45.0,45.0,1.0,0.0,22.0,1.0,0.4,0.3
1974,2,194.0,-16.0,27.47,28.05,28.63,28.05,2.0,1.2,6.0,0.0,0.6,0.8,26.4,26.6,26.8,26.6,2.0,0.42,6.0,0.0,0.6,0.8,16.72,17.15,17.59,17.15,2.0,0.9,6.0,0.0,0.6,0.8,75.9,78.8,81.7,78.8,2.0,6.0,6.0,0.0,0.8,5.43,6.15,6.87,6.15,2.0,1.48,6.0,0.0,0.6,0.8,-3.65,-0.71,2.23,-0.71,2.0,6.1,6.0,0.0,0.6,0.8,-5.11,-2.67,-0.24,-2.67,2.0,5.04,6.0,0.0,0.6,0.8,1009.5,1009.7,1009.9,1009.7,2.0,0.42,6.0,0.0,0.6,0.8,4.3,5.0,5.7,5.0,2.0,1.4,6.0,0.0,0.6,0.8,-17.4,0.2,17.7,0.2,2.0,36.4,6.0,0.0,0.6,0.8,-37.1,-20.2,-3.3,-20.2,2.0,34.9,6.0,0.0,0.6,0.8,1.07,1.45,1.83,1.45,2.0,0.78,6.0,0.0,0.6,0.8,7.1,8.3,9.6,8.3,2.0,2.6,6.0,0.0,0.6,0.8,5.44,6.69,7.93,6.69,2.0,2.59,6.0,0.0,0.6,0.8,36.3,39.2,42.1,39.2,2.0,6.0,6.0,0.0,0.6,0.8,-98.6,-20.2,58.2,-20.2,2.0,162.5,6.0,0.0,0.6,0.8,-134.2,-70.1,-6.0,-70.1,2.0,132.8,6.0,0.0,0.6,0.8,-59.6,-9.5,40.7,-9.5,2.0,103.9,6.0,0.0,0.6,0.8,-91.0,-48.1,-5.3,-48.1,2.0,88.8,6.0,0.0,0.6,0.8,-33.2,-12.6,7.9,-12.6,2.0,42.6,6.0,0.0,0.6,0.8,-24.3,-11.4,1.5,-11.4,2.0,26.7,6.0,0.0,0.6,0.8,171.0,253.0,335.0,253.0,2.0,170.0,6.0,0.0,0.6,0.8,170.0,255.0,335.0,255.0,2.0,170.0,6.0,0.0,0.6,0.8
1974,2,194.0,-15.0,30.0,30.0,30.0,30.0,1.0,0.0,16.0,1.0,0.1,0.2,27.8,27.8,27.8,27.8,1.0,0.0,16.0,1.0,0.1,0.2,17.11,17.11,17.11,17.11,1.0,0.0,16.0,1.0,0.1,0.2,73.4,73.4,73.4,73.4,1.0,0.0,16.0,1.0,0.2,7.7,7.7,7.7,7.7,1.0,0.0,16.0,1.0,0.1,0.2,-4.95,-4.95,-4.95,-4.95,1.0,0.0,16.0,1.0,0.1,0.2,-5.9,-5.9,-5.9,-5.9,1.0,0.0,16.0,1.0,0.1,0.2,1011.8,1011.8,1011.8,1011.8,1.0,0.0,16.0,1.0,0.1,0.2,7.0,7.0,7.0,7.0,1.0,0.0,16.0,1.0,0.1,0.2,-38.1,-38.1,-38.1,-38.1,1.0,0.0,16.0,1.0,0.1,0.2,-45.4,-45.4,-45.4,-45.4,1.0,0.0,16.0,1.0,0.1,0.2,2.2,2.2,2.2,2.2,1.0,0.0,16.0,1.0,0.1,0.2,16.9,16.9,16.9,16.9,1.0,0.0,16.0,1.0,0.1,0.2,9.54,9.54,9.54,9.54,1.0,0.0,16.0,1.0,0.1,0.2,73.5,73.5,73.5,73.5,1.0,0.0,16.0,1.0,0.1,0.2,-137.6,-137.6,-137.6,-137.6,1.0,0.0,16.0,1.0,0.1,0.2,-164.0,-164.0,-164.0,-164.0,1.0,0.0,16.0,1.0,0.1,0.2,-84.7,-84.7,-84.7,-84.7,1.0,0.0,16.0,1.0,0.1,0.2,-100.9,-100.9,-100.9,-100.9,1.0,0.0,16.0,1.0,0.1,0.2,-47.2,-47.2,-47.2,-47.2,1.0,0.0,16.0,1.0,0.1,0.2,-56.3,-56.3,-56.3,-56.3,1.0,0.0,16.0,1.0,0.1,0.2,456.5,456.5,456.5,456.5,1.0,0.0,16.0,1.0,0.1,0.2,455.0,455.0,455.0,455.0,1.0,0.0,16.0,1.0,0.1,0.2
1974,2,194.0,-11.0,,,,,,,,,,,,,,,,,,,,,,,,,,,,,,,,,,,,,,,,3.1,3.1,3.1,3.1,1.0,0.0,20.0,0.0,0.6,0.8,1.06,1.06,1.06,1.06,1.0,0.0,20.0,0.0,0.6,0.8,-2.91,-2.91,-2.91,-2.91,1.0,0.0,20.0,0.0,0.6,0.8,1007.7,1007.7,1007.7,1007.7,1.0,0.0,20.0,0.0,0.6,0.8,6.0,6.0,6.0,6.0,1.0,0.0,20.0,0.0,0.6,0.8,3.3,3.3,3.3,3.3,1.0,0.0,20.0,0.0,0.6,0.8,-9.0,-9.0,-9.0,-9.0,1.0,0.0,20.0,0.0,0.6,0.8,,,,,,,,,,,,,,,,,,,,,,,,,,,,,,,,,,,,,,,,,29.4,29.4,29.4,29.4,1.0,0.0,20.0,0.0,0.6,0.8,-80.7,-80.7,-80.7,-80.7,1.0,0.0,20.0,0.0,0.6,0.8,21.1,21.1,21.1,21.1,1.0,0.0,20.0,0.0,0.6,0.8,-57.9,-57.9,-57.9,-57.9,1.0,0.0,20.0,0.0,0.6,0.8,,,,,,,,,,,,,,,,,,,,,,,,,,,,,,,,,,,,,,,,
1974,2,194.0,-10.0,28.4,28.6,28.8,28.6,2.0,0.42,10.0,0.5,0.5,0.3,25.17,25.55,25.93,25.55,2.0,0.78,10.0,0.5,0.5,0.3,15.67,17.13,18.59,17.13,2.0,3.03,10.0,0.5,0.5,0.3,78.1,83.3,88.5,83.3,2.0,10.8,10.0,0.5,0.3,5.27,5.65,6.03,5.65,2.0,0.78,10.0,0.5,0.5,0.3,-3.72,-2.21,-0.7,-2.21,2.0,3.12,10.0,0.5,0.5,0.3,-5.62,-4.37,-3.13,-4.37,2.0,2.58,10.0,0.5,0.5,0.3,1008.0,1008.2,1008.4,1008.2,2.0,0.42,10.0,0.5,0.5,0.3,7.2,7.5,7.8,7.5,2.0,0.7,10.0,0.5,0.5,0.3,-19.0,-11.3,-3.6,-11.3,2.0,15.9,10.0,0.5,0.5,0.3,-34.4,-25.7,-17.0,-25.7,2.0,18.0,10.0,0.5,0.5,0.3,2.88,3.05,3.22,3.05,2.0,0.35,10.0,0.5,0.5,0.3,15.3,17.4,19.5,17.4,2.0,4.4,10.0,0.5,0.5,0.3,6.34,7.51,8.68,7.51,2.0,2.42,10.0,0.5,0.5,0.3,33.9,43.4,52.8,43.4,2.0,19.5,10.0,0.5,0.5,0.3,-97.0,-57.6,-18.3,-57.6,2.0,81.5,10.0,0.5,0.5,0.3,-141.0,-110.8,-80.6,-110.8,2.0,62.5,10.0,0.5,0.5,0.3,-71.6,-42.6,-13.5,-42.6,2.0,60.2,10.0,0.5,0.5,0.3,-86.0,-71.0,-56.1,-71.0,2.0,31.0,10.0,0.5,0.5,0.3,-21.5,-12.8,-4.1,-12.8,2.0,18.1,10.0,0.5,0.5,0.3,-50.5,-36.0,-21.5,-36.0,2.0,30.0,10.0,0.5,0.5,0.3,149.5,185.5,221.5,185.5,2.0,74.5,10.0,0.5,0.5,0.3,150.0,185.0,220.0,185.0,2.0,75.0,10.0,0.5,0.5,0.3
1974,2,194.0,-7.0,28.5,28.5,28.5,28.5,1.0,0.0,26.0,0.0,0.2,0.8,26.5,26.5,26.5,26.5,1.0,0.0,26.0,0.0,0.2,0.8,18.51,18.51,18.51,18.51,1.0,0.0,26.0,0.0,0.2,0.8,85.1,85.1,85.1,85.1,1.0,0.0,26.0,0.0,0.8,4.1,4.1,4.1,4.1,1.0,0.0,26.0,0.0,0.2,0.8,-3.14,-3.14,-3.14,-3.14,1.0,0.0,26.0,0.0,0.2,0.8,-2.64,-2.64,-2.64,-2.64,1.0,0.0,26.0,0.0,0.2,0.8,1006.4,1006.4,1006.4,1006.4,1.0,0.0,26.0,0.0,0.2,0.8,2.0,2.0,2.0,2.0,1.0,0.0,26.0,0.0,0.2,0.8,-12.9,-12.9,-12.9,-12.9,1.0,0.0,26.0,0.0,0.2,0.8,-10.8,-10.8,-10.8,-10.8,1.0,0.0,26.0,0.0,0.2,0.8,2.0,2.0,2.0,2.0,1.0,0.0,26.0,0.0,0.2,0.8,8.2,8.2,8.2,8.2,1.0,0.0,26.0,0.0,0.2,0.8,6.03,6.03,6.03,6.03,1.0,0.0,26.0,0.0,0.2,0.8,24.7,24.7,24.7,24.7,1.0,0.0,26.0,0.0,0.2,0.8,-83.2,-83.2,-83.2,-83.2,1.0,0.0,26.0,0.0,0.2,0.8,-69.8,-69.8,-69.8,-69.8,1.0,0.0,26.0,0.0,0.2,0.8,-58.1,-58.1,-58.1,-58.1,1.0,0.0,26.0,0.0,0.2,0.8,-48.8,-48.8,-48.8,-48.8,1.0,0.0,26.0,0.0,0.2,0.8,-18.9,-18.9,-18.9,-18.9,1.0,0.0,26.0,0.0,0.2,0.8,-15.9,-15.9,-15.9,-15.9,1.0,0.0,26.0,0.0,0.2,0.8,69.0,69.0,69.0,69.0,1.0,0.0,26.0,0.0,0.2,0.8,70.0,70.0,70.0,70.0,1.0,0.0,26.0,0.0,0.2,0.8
1974,2,194.0,-6.0,26.7,26.7,26.7,26.7,1.0,0.0,2.0,0.0,0.9,0.9,25.6,25.6,25.6,25.6,2.0,0.0,14.0,0.0,0.8,0.6,17.17,17.8,18.42,17.8,2.0,1.29,14.0,0.0,0.8,0.6,83.4,86.4,89.5,86.4,2.0,6.3,14.0,0.0,0.6,8.61,9.5,10.39,9.5,2.0,1.84,14.0,0.0,0.8,0.6,-9.67,-8.63,-7.59,-8.63,2.0,2.15,14.0,0.0,0.8,0.6,-4.04,-3.9,-3.76,-3.9,2.0,0.29,14.0,0.0,0.8,0.6,1006.62,1007.1,1007.58,1007.1,2.0,0.99,14.0,0.0,0.8,0.6,2.3,3.0,3.7,3.0,2.0,1.4,14.0,0.0,0.8,0.6,-101.5,-83.9,-66.4,-83.9,2.0,36.3,14.0,0.0,0.8,0.6,-38.9,-36.8,-34.6,-36.8,2.0,4.4,14.0,0.0,0.8,0.6,1.1,1.1,1.1,1.1,1.0,0.0,2.0,0.0,0.9,0.9,11.9,11.9,11.9,11.9,1.0,0.0,2.0,0.0,0.9,0.9,3.31,3.31,3.31,3.31,1.0,0.0,2.0,0.0,0.9,0.9,35.7,35.7,35.7,35.7,1.0,0.0,2.0,0.0,0.9,0.9,-247.4,-220.8,-194.2,-220.8,2.0,55.2,14.0,0.0,0.8,0.6,-103.3,-99.8,-96.2,-99.8,2.0,7.4,14.0,0.0,0.8,0.6,-178.8,-154.9,-131.0,-154.9,2.0,49.5,14.0,0.0,0.8,0.6,-69.2,-69.2,-69.1,-69.2,2.0,0.1,14.0,0.0,0.8,0.6,-33.6,-33.6,-33.6,-33.6,1.0,0.0,2.0,0.0,0.9,0.9,-12.2,-12.2,-12.2,-12.2,1.0,0.0,2.0,0.0,0.9,0.9,664.0,905.5,1147.5,905.5,2.0,501.0,14.0,0.0,0.8,0.6,665.0,905.0,1145.0,905.0,2.0,500.0,14.0,0.0,0.8,0.6
1974,2,194.0,-5.0,25.69,26.1,26.51,26.1,2.0,0.85,16.0,0.5,0.5,0.6,25.52,26.2,26.88,26.2,2.0,1.41,16.0,0.5,0.5,0.6,15.82,16.41,17.01,16.41,2.0,1.23,16.0,0.5,0.5,0.6,76.6,77.0,77.4,77.0,2.0,0.8,16.0,0.5,0.6,3.84,4.35,4.86,4.35,2.0,1.06,16.0,0.5,0.5,0.6,-3.72,-3.33,-2.94,-3.33,2.0,0.81,16.0,0.5,0.5,0.6,-3.13,-2.8,-2.47,-2.8,2.0,0.68,16.0,0.5,0.5,0.6,1007.79,1008.2,1008.61,1008.2,2.0,0.85,16.0,0.5,0.5,0.6,2.2,2.5,2.8,2.5,2.0,0.7,16.0,0.5,0.5,0.6,-18.3,-14.9,-11.5,-14.9,2.0,7.1,16.0,0.5,0.5,0.6,-15.4,-12.5,-9.7,-12.5,2.0,5.9,16.0,0.5,0.5,0.6,-0.37,-0.1,0.17,-0.1,2.0,0.57,16.0,0.5,0.5,0.6,-2.0,-0.7,0.5,-0.7,2.0,2.6,16.0,0.5,0.5,0.6,4.77,4.83,4.89,4.83,2.0,0.13,16.0,0.5,0.5,0.6,18.7,20.9,23.1,20.9,2.0,4.5,16.0,0.5,0.5,0.6,-100.4,-87.9,-75.3,-87.9,2.0,26.0,16.0,0.5,0.5,0.6,-84.3,-73.7,-63.2,-73.7,2.0,21.8,16.0,0.5,0.5,0.6,-63.6,-55.2,-46.8,-55.2,2.0,17.4,16.0,0.5,0.5,0.6,-53.4,-46.3,-39.3,-46.3,2.0,14.6,16.0,0.5,0.5,0.6,-17.7,-16.0,-14.4,-16.0,2.0,3.5,16.0,0.5,0.5,0.6,-14.9,-13.5,-12.0,-13.5,2.0,2.9,16.0,0.5,0.5,0.6,60.5,89.5,119.0,89.5,2.0,61.0,16.0,0.5,0.5,0.6,60.0,90.0,120.0,90.0,2.0,60.0,16.0,0.5,0.5,0.6
1974,2,194.0,-4.0,26.63,26.9,28.33,27.47,3.0,1.34,22.0,0.7,0.6,0.3,26.59,27.0,27.34,26.97,3.0,0.55,22.0,0.7,0.6,0.3,16.66,16.66,16.67,16.66,2.0,0.02,22.0,1.0,0.6,0.4,72.8,73.5,74.2,73.5,2.0,1.5,22.0,1.0,0.4,7.2,7.2,7.2,7.2,3.0,0.0,22.0,0.7,0.6,0.3,-6.77,-6.77,-6.77,-6.77,3.0,0.0,22.0,0.7,0.6,0.3,-2.46,-2.46,-2.46,-2.46,3.0,0.0,22.0,0.7,0.6,0.3,1004.59,1006.5,1007.46,1006.03,3.0,2.14,22.0,0.7,0.6,0.3,1.6,3.0,3.7,2.7,3.0,1.5,22.0,0.7,0.6,0.3,-48.7,-48.7,-48.7,-48.7,3.0,0.0,22.0,0.7,0.6,0.3,-17.7,-17.7,-17.7,-17.7,3.0,0.0,22.0,0.7,0.6,0.3,-0.57,-0.5,1.62,0.5,3.0,1.82,22.0,0.7,0.6,0.3,-4.1,-3.6,11.6,3.6,3.0,13.1,22.0,0.7,0.6,0.3,5.19,5.37,5.54,5.37,2.0,0.37,22.0,1.0,0.6,0.4,37.4,38.6,39.9,38.6,2.0,2.6,22.0,1.0,0.6,0.4,-185.0,-182.7,-179.9,-182.5,3.0,3.7,22.0,0.7,0.6,0.3,-67.3,-66.5,-65.5,-66.4,3.0,1.4,22.0,0.7,0.6,0.3,-112.8,-112.7,-112.7,-112.7,2.0,0.1,22.0,1.0,0.6,0.4,-41.1,-41.0,-41.0,-41.0,2.0,0.0,22.0,1.0,0.6,0.4,-37.5,-36.3,-35.1,-36.3,2.0,2.5,22.0,1.0,0.6,0.4,-13.7,-13.2,-12.8,-13.2,2.0,0.9,22.0,1.0,0.6,0.4,373.0,373.0,373.0,373.0,3.0,0.0,22.0,0.7,0.6,0.3,375.0,375.0,375.0,375.0,3.0,0.0,22.0,0.7,0.6,0.3
1974,2,194.0,-2.0,,,,,,,,,,,,,,,,,,,,,,,,,,,,,,,,,,,,,,,,10.3,10.3,10.3,10.3,1.0,0.0,18.0,1.0,0.3,0.6,-8.92,-8.92,-8.92,-8.92,1.0,0.0,18.0,1.0,0.3,0.6,-5.15,-5.15,-5.15,-5.15,1.0,0.0,18.0,1.0,0.3,0.6,1006.8,1006.8,1006.8,1006.8,1.0,0.0,18.0,1.0,0.3,0.6,3.0,3.0,3.0,3.0,1.0,0.0,18.0,1.0,0.3,0.6,-91.9,-91.9,-91.9,-91.9,1.0,0.0,18.0,1.0,0.3,0.6,-53.0,-53.0,-53.0,-53.0,1.0,0.0,18.0,1.0,0.3,0.6,,,,,,,,,,,,,,,,,,,,,,,,,,,,,,,,,,,,,,,,,-265.8,-265.8,-265.8,-265.8,1.0,0.0,18.0,1.0,0.3,0.6,-153.5,-153.5,-153.5,-153.5,1.0,0.0,18.0,1.0,0.3,0.6,-157.2,-157.2,-157.2,-157.2,1.0,0.0,18.0,1.0,0.3,0.6,-90.7,-90.7,-90.7,-90.7,1.0,0.0,18.0,1.0,0.3,0.6,,,,,,,,,,,,,,,,,,,,,,,,,,,,,,,,,,,,,,,,
1974,2,194.0,-1.0,26.11,27.2,27.61,26.87,3.0,1.14,12.0,0.7,0.5,0.6,25.19,25.6,26.35,25.77,3.0,0.86,12.0,0.7,0.5,0.6,16.99,17.37,17.79,17.39,3.0,0.59,12.0,0.7,0.5,0.6,80.1,82.0,88.0,84.0,3.0,6.1,12.0,0.7,0.6,7.69,8.75,9.81,8.75,2.0,2.19,16.0,1.0,0.4,0.5,-9.29,-8.44,-7.59,-8.44,2.0,1.75,16.0,1.0,0.4,0.5,-2.96,-1.76,-0.56,-1.76,2.0,2.49,16.0,1.0,0.4,0.5,1009.23,1010.8,1010.94,1010.1,3.0,1.39,12.0,0.7,0.5,0.6,5.0,7.0,7.7,6.3,3.0,2.1,12.0,0.7,0.5,0.6,-92.1,-75.8,-59.4,-75.8,2.0,33.8,16.0,1.0,0.4,0.5,-30.5,-18.1,-5.8,-18.1,2.0,25.7,16.0,1.0,0.4,0.5,0.53,0.6,1.69,1.1,3.0,0.95,12.0,0.7,0.5,0.6,4.5,4.7,5.0,4.7,2.0,0.6,16.0,1.0,0.4,0.5,3.43,5.29,6.2,4.83,3.0,2.07,12.0,0.7,0.5,0.6,24.2,36.5,48.8,36.5,2.0,25.5,16.0,1.0,0.4,0.5,-246.0,-219.2,-192.4,-219.2,2.0,55.5,16.0,1.0,0.4,0.5,-79.1,-47.0,-14.9,-47.0,2.0,66.5,16.0,1.0,0.4,0.5,-162.0,-148.8,-135.6,-148.8,2.0,27.4,16.0,1.0,0.4,0.5,-51.5,-30.6,-9.7,-30.6,2.0,43.3,16.0,1.0,0.4,0.5,-46.0,-34.8,-23.7,-34.8,2.0,23.2,16.0,1.0,0.4,0.5,-15.7,-9.3,-3.0,-9.3,2.0,13.2,16.0,1.0,0.4,0.5,487.5,733.0,978.5,733.0,2.0,508.5,16.0,1.0,0.4,0.5,485.0,735.0,980.0,735.0,2.0,510.0,16.0,1.0,0.4,0.5
1974,2,194.0,0.0,26.0,26.0,26.0,26.0,1.0,0.0,12.0,0.0,0.6,0.1,24.5,24.5,24.5,24.5,1.0,0.0,12.0,0.0,0.6,0.1,15.45,15.45,15.45,15.45,1.0,0.0,12.0,0.0,0.6,0.1,80.4,80.4,80.4,80.4,1.0,0.0,12.0,0.0,0.1,3.6,3.6,3.6,3.6,1.0,0.0,12.0,0.0,0.6,0.1,-3.55,-3.55,-3.55,-3.55,1.0,0.0,12.0,0.0,0.6,0.1,-0.63,-0.63,-0.63,-0.63,1.0,0.0,12.0,0.0,0.6,0.1,1008.6,1008.6,1008.6,1008.6,1.0,0.0,12.0,0.0,0.6,0.1,2.0,2.0,2.0,2.0,1.0,0.0,12.0,0.0,0.6,0.1,-12.8,-12.8,-12.8,-12.8,1.0,0.0,12.0,0.0,0.6,0.1,-2.3,-2.3,-2.3,-2.3,1.0,0.0,12.0,0.0,0.6,0.1,1.5,1.5,1.5,1.5,1.0,0.0,12.0,0.0,0.6,0.1,5.4,5.4,5.4,5.4,1.0,0.0,12.0,0.0,0.6,0.1,5.65,5.65,5.65,5.65,1.0,0.0,12.0,0.0,0.6,0.1,20.3,20.3,20.3,20.3,1.0,0.0,12.0,0.0,0.6,0.1,-86.9,-86.9,-86.9,-86.9,1.0,0.0,12.0,0.0,0.6,0.1,-15.3,-15.3,-15.3,-15.3,1.0,0.0,12.0,0.0,0.6,0.1,-54.8,-54.8,-54.8,-54.8,1.0,0.0,12.0,0.0,0.6,0.1,-9.7,-9.7,-9.7,-9.7,1.0,0.0,12.0,0.0,0.6,0.1,-20.0,-20.0,-20.0,-20.0,1.0,0.0,12.0,0.0,0.6,0.1,-3.5,-3.5,-3.5,-3.5,1.0,0.0,12.0,0.0,0.6,0.1,46.5,46.5,46.5,46.5,1.0,0.0,12.0,0.0,0.6,0.1,45.0,45.0,45.0,45.0,1.0,0.0,12.0,0.0,0.6,0.1
1974,2,194.0,2.0,25.87,26.65,27.43,26.65,2.0,1.63,20.0,0.0,0.6,0.4,25.06,25.2,25.34,25.2,2.0,0.28,22.0,0.5,0.5,0.4,15.8,16.76,17.72,16.76,2.0,1.99,22.0,0.5,0.5,0.4,79.4,83.4,87.4,83.4,2.0,8.3,22.0,0.5,0.4,7.7,7.7,9.47,8.57,3.0,1.5,18.0,0.3,0.6,0.3,-9.05,-7.7,-7.38,-8.2,3.0,1.3,18.0,0.3,0.6,0.3,0.84,2.63,3.24,2.05,3.0,1.83,18.0,0.3,0.6,0.3,1007.09,1007.7,1008.31,1007.7,2.0,1.27,22.0,0.5,0.5,0.4,3.3,4.0,4.7,4.0,3.0,1.0,18.0,0.3,0.6,0.3,-86.9,-59.3,-56.8,-71.6,3.0,24.4,18.0,0.3,0.6,0.3,6.4,20.3,31.2,18.9,3.0,18.2,18.0,0.3,0.6,0.3,2.4,2.4,2.4,2.4,1.0,0.0,26.0,0.0,0.3,0.5,18.5,18.5,18.5,18.5,1.0,0.0,26.0,0.0,0.3,0.5,5.36,5.36,5.36,5.36,1.0,0.0,26.0,0.0,0.3,0.5,41.3,41.3,41.3,41.3,1.0,0.0,26.0,0.0,0.3,0.5,-232.7,-212.9,-193.0,-212.9,2.0,41.1,22.0,0.5,0.5,0.4,70.3,77.5,84.7,77.5,2.0,15.0,22.0,0.5,0.5,0.4,-145.9,-140.0,-134.2,-140.0,2.0,12.1,22.0,0.5,0.5,0.4,48.8,51.0,53.1,51.0,2.0,4.4,22.0,0.5,0.5,0.4,-38.8,-38.8,-38.8,-38.8,1.0,0.0,26.0,0.0,0.3,0.5,14.1,14.1,14.1,14.1,1.0,0.0,26.0,0.0,0.3,0.5,456.5,456.5,891.0,668.5,3.0,367.5,18.0,0.3,0.6,0.3,455.0,455.0,890.0,670.0,3.0,365.0,18.0,0.3,0.6,0.3
1974,2,194.0,3.0,26.87,27.25,27.63,27.25,2.0,0.78,26.0,1.0,0.4,0.4,25.6,25.6,25.6,25.6,1.0,0.0,26.0,1.0,0.7,0.1,18.7,18.7,18.7,18.7,1.0,0.0,26.0,1.0,0.7,0.1,90.9,90.9,90.9,90.9,1.0,0.0,26.0,1.0,0.1,9.96,10.3,10.64,10.3,2.0,0.71,26.0,1.0,0.4,0.4,-10.09,-9.97,-9.86,-9.97,2.0,0.25,26.0,1.0,0.4,0.4,-3.11,-1.85,-0.59,-1.85,2.0,2.61,26.0,1.0,0.4,0.4,1007.66,1008.0,1008.34,1008.0,2.0,0.71,26.0,1.0,0.4,0.4,4.3,5.0,5.7,5.0,2.0,1.4,26.0,1.0,0.4,0.4,-107.5,-102.8,-98.2,-102.8,2.0,9.6,26.0,1.0,0.4,0.4,-33.6,-19.9,-6.3,-19.9,2.0,28.2,26.0,1.0,0.4,0.4,1.1,1.1,1.1,1.1,1.0,0.0,26.0,1.0,0.7,0.1,11.9,11.9,11.9,11.9,1.0,0.0,26.0,1.0,0.7,0.1,3.3,3.3,3.3,3.3,1.0,0.0,26.0,1.0,0.7,0.1,35.7,35.7,35.7,35.7,1.0,0.0,26.0,1.0,0.7,0.1,-259.8,-259.8,-259.8,-259.8,1.0,0.0,26.0,1.0,0.7,0.1,-94.6,-94.6,-94.6,-94.6,1.0,0.0,26.0,1.0,0.7,0.1,-189.7,-189.7,-189.7,-189.7,1.0,0.0,26.0,1.0,0.7,0.1,-69.1,-69.1,-69.1,-69.1,1.0,0.0,26.0,1.0,0.7,0.1,-33.5,-33.5,-33.5,-33.5,1.0,0.0,26.0,1.0,0.7,0.1,-12.2,-12.2,-12.2,-12.2,1.0,0.0,26.0,1.0,0.7,0.1,991.5,1100.5,1209.0,1100.5,2.0,225.0,26.0,1.0,0.4,0.4,990.0,1100.0,1210.0,1100.0,2.0,225.0,26.0,1.0,0.4,0.4
1974,2,194.0,5.0,,,,,,,,,,,,,,,,,,,,,,,,,,,,,,,,,,,,,,,,9.3,9.3,9.3,9.3,1.0,0.0,20.0,1.0,0.3,0.7,-4.65,-4.65,-4.65,-4.65,1.0,0.0,20.0,1.0,0.3,0.7,8.05,8.05,8.05,8.05,1.0,0.0,20.0,1.0,0.3,0.7,1007.2,1007.2,1007.2,1007.2,1.0,0.0,20.0,1.0,0.3,0.7,,,,,,,,,,,,,,,,,,,,,,,,,,,,,,,,,,,,,,,,,,,,,,,,,,,,,,,,,,,,,,,,,,,,,,,,,,,,,,,,,,,,,,,,,,,,,,,,,,,,,,,,,,,,,,,,,,,,,,,,,,,,,,,,,,,,,,,,,,,,,,,,,,,,,,
1974,2,194.0,6.0,,,,,,,,,,,,,,,,,,,,,,,,,,,,,,,,,,,,,,,,10.8,10.8,10.8,10.8,1.0,0.0,20.0,0.0,0.3,0.7,-9.35,-9.35,-9.35,-9.35,1.0,0.0,20.0,0.0,0.3,0.7,-5.4,-5.4,-5.4,-5.4,1.0,0.0,20.0,0.0,0.3,0.7,1008.5,1008.5,1008.5,1008.5,1.0,0.0,20.0,0.0,0.3,0.7,,,,,,,,,,,,,,,,,,,,,,,,,,,,,,,,,,,,,,,,,,,,,,,,,,,,,,,,,,,,,,,,,,,,,,,,,,,,,,,,,,,,,,,,,,,,,,,,,,,,,,,,,,,,,,,,,,,,,,,,,,,,,,,,,,,,,,,,,,,,,,,,,,,,,,
1974,2,194.0,8.0,26.7,26.7,26.7,26.7,1.0,0.0,18.0,0.0,0.2,0.2,26.0,26.0,26.0,26.0,1.0,0.0,18.0,0.0,0.2,0.2,18.64,18.64,18.64,18.64,1.0,0.0,18.0,0.0,0.2,0.2,88.7,88.7,88.7,88.7,1.0,0.0,18.0,0.0,0.2,9.3,9.3,9.3,9.3,1.0,0.0,18.0,0.0,0.2,0.2,-8.74,-8.74,-8.74,-8.74,1.0,0.0,18.0,0.0,0.2,0.2,-3.18,-3.18,-3.18,-3.18,1.0,0.0,18.0,0.0,0.2,0.2,1011.6,1011.6,1011.6,1011.6,1.0,0.0,18.0,0.0,0.2,0.2,4.0,4.0,4.0,4.0,1.0,0.0,18.0,0.0,0.2,0.2,-81.3,-81.3,-81.3,-81.3,1.0,0.0,18.0,0.0,0.2,0.2,-29.6,-29.6,-29.6,-29.6,1.0,0.0,18.0,0.0,0.2,0.2,0.7,0.7,0.7,0.7,1.0,0.0,18.0,0.0,0.2,0.2,6.5,6.5,6.5,6.5,1.0,0.0,18.0,0.0,0.2,0.2,3.29,3.29,3.29,3.29,1.0,0.0,18.0,0.0,0.2,0.2,30.6,30.6,30.6,30.6,1.0,0.0,18.0,0.0,0.2,0.2,-227.2,-227.2,-227.2,-227.2,1.0,0.0,18.0,0.0,0.2,0.2,-82.7,-82.7,-82.7,-82.7,1.0,0.0,18.0,0.0,0.2,0.2,-162.9,-162.9,-162.9,-162.9,1.0,0.0,18.0,0.0,0.2,0.2,-59.3,-59.3,-59.3,-59.3,1.0,0.0,18.0,0.0,0.2,0.2,-28.8,-28.8,-28.8,-28.8,1.0,0.0,18.0,0.0,0.2,0.2,-10.5,-10.5,-10.5,-10.5,1.0,0.0,18.0,0.0,0.2,0.2,804.5,804.5,804.5,804.5,1.0,0.0,18.0,0.0,0.2,0.2,805.0,805.0,805.0,805.0,1.0,0.0,18.0,0.0,0.2,0.2
1974,2,194.0,13.0,26.5,26.5,26.5,26.5,1.0,0.0,26.0,0.0,0.6,0.0,25.1,25.1,25.1,25.1,1.0,0.0,26.0,0.0,0.6,0.0,16.7,16.7,16.7,16.7,1.0,0.0,26.0,0.0,0.6,0.0,84.0,84.0,84.0,84.0,1.0,0.0,26.0,0.0,0.0,7.2,7.2,7.2,7.2,1.0,0.0,26.0,0.0,0.6,0.0,-7.09,-7.09,-7.09,-7.09,1.0,0.0,26.0,0.0,0.6,0.0,-1.25,-1.25,-1.25,-1.25,1.0,0.0,26.0,0.0,0.6,0.0,1011.1,1011.1,1011.1,1011.1,1.0,0.0,26.0,0.0,0.6,0.0,3.0,3.0,3.0,3.0,1.0,0.0,26.0,0.0,0.6,0.0,-51.1,-51.1,-51.1,-51.1,1.0,0.0,26.0,0.0,0.6,0.0,-9.0,-9.0,-9.0,-9.0,1.0,0.0,26.0,0.0,0.6,0.0,1.4,1.4,1.4,1.4,1.0,0.0,26.0,0.0,0.6,0.0,10.1,10.1,10.1,10.1,1.0,0.0,26.0,0.0,0.6,0.0,4.98,4.98,4.98,4.98,1.0,0.0,26.0,0.0,0.6,0.0,35.9,35.9,35.9,35.9,1.0,0.0,26.0,0.0,0.6,0.0,-178.0,-178.0,-178.0,-178.0,1.0,0.0,26.0,0.0,0.6,0.0,-31.4,-31.4,-31.4,-31.4,1.0,0.0,26.0,0.0,0.6,0.0,-118.4,-118.4,-118.4,-118.4,1.0,0.0,26.0,0.0,0.6,0.0,-20.9,-20.9,-20.9,-20.9,1.0,0.0,26.0,0.0,0.6,0.0,-35.3,-35.3,-35.3,-35.3,1.0,0.0,26.0,0.0,0.6,0.0,-6.2,-6.2,-6.2,-6.2,1.0,0.0,26.0,0.0,0.6,0.0,373.0,373.0,373.0,373.0,1.0,0.0,26.0,0.0,0.6,0.0,375.0,375.0,375.0,375.0,1.0,0.0,26.0,0.0,0.6,0.0
1974,2,194.0,14.0,26.03,26.1,26.17,26.1,2.0,0.14,16.0,1.0,0.7,0.7,25.16,25.5,25.84,25.5,2.0,0.71,16.0,1.0,0.7,0.7,18.58,18.59,18.61,18.59,2.0,0.03,16.0,1.0,0.7,0.7,89.6,91.5,93.3,91.5,2.0,3.8,16.0,1.0,0.7,11.04,11.55,12.06,11.55,2.0,1.06,16.0,1.0,0.7,0.7,-12.06,-11.55,-11.04,-11.55,2.0,1.06,16.0,1.0,0.7,0.7,0.0,0.0,0.0,0.0,2.0,0.0,16.0,1.0,0.7,0.7,1013.32,1014.0,1014.68,1014.0,2.0,1.41,16.0,1.0,0.7,0.7,6.3,7.0,7.7,7.0,2.0,1.4,16.0,1.0,0.7,0.7,-145.8,-134.0,-122.1,-134.0,2.0,24.5,16.0,1.0,0.7,0.7,0.0,0.0,0.0,0.0,2.0,0.0,16.0,1.0,0.7,0.7,0.33,0.6,0.87,0.6,2.0,0.57,16.0,1.0,0.7,0.7,3.8,6.6,9.5,6.6,2.0,5.9,16.0,1.0,0.7,0.7,2.43,2.51,2.6,2.51,2.0,0.18,16.0,1.0,0.7,0.7,26.9,29.1,31.4,29.1,2.0,4.7,16.0,1.0,0.7,0.7,-311.9,-294.9,-277.9,-294.9,2.0,35.2,16.0,1.0,0.7,0.7,0.0,0.0,0.0,0.0,2.0,0.0,16.0,1.0,0.7,0.7,-224.1,-214.7,-205.4,-214.7,2.0,19.4,16.0,1.0,0.7,0.7,0.0,0.0,0.0,0.0,2.0,0.0,16.0,1.0,0.7,0.7,-31.4,-29.1,-26.9,-29.1,2.0,4.7,16.0,1.0,0.7,0.7,0.0,0.0,0.0,0.0,2.0,0.0,16.0,1.0,0.7,0.7,1355.0,1560.5,1765.5,1560.5,2.0,425.0,16.0,1.0,0.7,0.7,1355.0,1560.0,1765.0,1560.0,2.0,425.0,16.0,1.0,0.7,0.7
1974,2,194.0,16.0,26.02,27.15,28.28,27.15,2.0,2.33,10.0,1.0,0.6,0.7,24.43,25.35,26.27,25.35,2.0,1.91,10.0,1.0,0.6,0.7,15.93,16.6,17.26,16.6,2.0,1.37,10.0,1.0,0.6,0.7,80.8,82.3,83.7,82.3,2.0,3.0,10.0,1.0,0.7,10.62,11.3,11.98,11.3,2.0,1.41,10.0,1.0,0.6,0.7,-11.76,-10.61,-9.46,-10.61,2.0,2.39,10.0,1.0,0.6,0.7,-4.33,-2.57,-0.82,-2.57,2.0,3.64,10.0,1.0,0.6,0.7,1010.78,1012.9,1015.02,1012.9,2.0,4.38,10.0,1.0,0.6,0.7,2.6,4.0,5.4,4.0,2.0,2.8,10.0,1.0,0.6,0.7,-141.9,-121.6,-101.3,-121.6,2.0,42.0,10.0,1.0,0.6,0.7,-44.6,-26.5,-8.4,-26.5,2.0,37.5,10.0,1.0,0.6,0.7,1.6,1.8,2.0,1.8,2.0,0.42,10.0,1.0,0.6,0.7,19.0,20.0,21.1,20.0,2.0,2.2,10.0,1.0,0.6,0.7,5.11,6.01,6.91,6.01,2.0,1.86,10.0,1.0,0.6,0.7,60.6,66.6,72.6,66.6,2.0,12.5,10.0,1.0,0.6,0.7,-286.1,-266.7,-247.2,-266.7,2.0,40.3,10.0,1.0,0.6,0.7,-115.7,-68.8,-21.8,-68.8,2.0,97.2,10.0,1.0,0.6,0.7,-186.6,-174.4,-162.3,-174.4,2.0,25.1,10.0,1.0,0.6,0.7,-76.1,-45.2,-14.4,-45.2,2.0,64.0,10.0,1.0,0.6,0.7,-64.1,-61.5,-59.0,-61.5,2.0,5.3,10.0,1.0,0.6,0.7,-31.7,-18.9,-6.0,-18.9,2.0,26.7,10.0,1.0,0.6,0.7,1214.5,1477.0,1739.0,1477.0,2.0,543.0,10.0,1.0,0.6,0.7,1215.0,1475.0,1740.0,1475.0,2.0,545.0,10.0,1.0,0.6,0.7
1974,2,194.0,18.0,23.73,24.65,25.57,24.65,2.0,1.91,10.0,0.0,0.6,0.5,23.59,24.85,26.11,24.85,2.0,2.62,10.0,0.0,0.6,0.5,14.87,15.21,15.55,15.21,2.0,0.7,10.0,0.0,0.6,0.5,74.2,78.3,82.3,78.3,2.0,8.5,10.0,0.0,0.5,4.66,6.95,9.24,6.95,2.0,4.74,10.0,0.0,0.6,0.5,-9.07,-6.76,-4.46,-6.76,2.0,4.78,10.0,0.0,0.6,0.5,-0.75,0.28,1.31,0.28,2.0,2.14,10.0,0.0,0.6,0.5,1014.52,1015.65,1016.78,1015.65,2.0,2.33,10.0,0.0,0.6,0.5,2.3,3.0,3.7,3.0,2.0,1.4,10.0,0.0,0.6,0.5,-89.8,-58.3,-26.8,-58.3,2.0,65.3,10.0,0.0,0.6,0.5,-0.8,7.0,14.8,7.0,2.0,16.2,10.0,0.0,0.6,0.5,-2.38,-0.2,1.98,-0.2,2.0,4.53,10.0,0.0,0.6,0.5,-27.7,-12.1,3.5,-12.1,2.0,32.4,10.0,0.0,0.6,0.5,2.73,4.16,5.6,4.16,2.0,2.98,10.0,0.0,0.6,0.5,21.4,21.9,22.4,21.9,2.0,1.0,10.0,0.0,0.6,0.5,-240.2,-174.3,-108.4,-174.3,2.0,136.5,10.0,0.0,0.6,0.5,-16.2,9.7,35.7,9.7,2.0,53.8,10.0,0.0,0.6,0.5,-141.9,-104.5,-67.1,-104.5,2.0,77.4,10.0,0.0,0.6,0.5,-10.8,5.0,20.8,5.0,2.0,32.7,10.0,0.0,0.6,0.5,-21.2,-21.0,-20.9,-21.0,2.0,0.2,10.0,0.0,0.6,0.5,-5.9,-2.0,1.9,-2.0,2.0,8.1,10.0,0.0,0.6,0.5,212.5,569.5,926.5,569.5,2.0,739.5,10.0,0.0,0.6,0.5,215.0,570.0,925.0,570.0,2.0,740.0,10.0,0.0,0.6,0.5
1974,2,194.0,19.0,24.12,24.7,25.21,24.6,11.0,0.72,22.0,0.4,0.7,0.5,24.32,24.7,25.0,24.64,11.0,0.3,22.0,0.4,0.7,0.5,14.57,16.26,16.64,15.86,10.0,1.24,20.0,0.3,0.6,0.5,76.9,83.2,88.2,82.5,10.0,6.3,20.0,0.3,0.5,4.19,6.7,8.95,6.55,11.0,2.23,22.0,0.4,0.7,0.5,-7.81,-6.3,-3.93,-6.1,11.0,1.98,22.0,0.4,0.7,0.5,0.32,1.23,3.24,1.85,11.0,1.86,22.0,0.4,0.7,0.5,1013.98,1015.0,1017.2,1015.15,11.0,1.64,22.0,0.4,0.7,0.5,1.0,3.0,4.0,2.7,11.0,1.6,22.0,0.4,0.7,0.5,-66.7,-42.2,-16.7,-43.8,11.0,25.5,22.0,0.4,0.7,0.5,1.0,6.7,26.0,13.7,11.0,17.7,22.0,0.4,0.7,0.5,-0.58,-0.2,0.71,-0.04,11.0,0.89,22.0,0.4,0.7,0.5,-3.3,-0.9,6.6,0.0,11.0,7.4,22.0,0.4,0.7,0.5,2.38,3.54,5.37,3.59,10.0,1.64,20.0,0.3,0.6,0.5,9.1,22.0,44.5,25.0,10.0,18.3,20.0,0.3,0.6,0.5,-193.2,-152.4,-97.9,-150.3,11.0,48.6,22.0,0.4,0.7,0.5,7.6,30.8,81.1,45.8,11.0,45.7,22.0,0.4,0.7,0.5,-121.2,-97.4,-61.6,-93.3,10.0,28.9,20.0,0.3,0.6,0.5,3.9,19.7,35.8,24.7,10.0,25.4,20.0,0.3,0.6,0.5,-37.2,-20.7,-8.8,-23.2,10.0,16.4,20.0,0.3,0.6,0.5,0.3,3.0,10.9,6.8,10.0,10.5,20.0,0.3,0.6,0.5,76.5,301.0,718.5,367.0,11.0,294.5,22.0,0.4,0.7,0.5,75.0,300.0,720.0,365.0,11.0,295.0,22.0,0.4,0.7,0.5
1974,2,194.0,20.0,23.16,25.5,26.26,24.78,5.0,1.99,14.0,0.6,0.6,0.5,23.9,26.25,27.43,25.92,6.0,1.85,14.0,0.7,0.6,0.5,12.88,14.53,15.57,14.24,4.0,1.75,12.0,0.8,0.5,0.5,58.9,65.6,75.9,67.3,4.0,12.7,12.0,0.8,0.5,3.02,5.1,5.8,4.54,7.0,2.01,12.0,0.6,0.7,0.4,-5.63,-3.91,-2.63,-3.92,7.0,1.68,12.0,0.6,0.7,0.4,-2.36,-0.99,0.24,-0.49,7.0,2.66,12.0,0.6,0.7,0.4,1013.4,1016.5,1017.52,1016.1,6.0,2.64,12.0,0.5,0.6,0.4,1.9,2.0,3.2,2.7,7.0,2.5,12.0,0.6,0.7,0.4,-32.6,-19.9,-8.0,-20.5,7.0,15.2,12.0,0.6,0.7,0.4,-8.7,-4.8,1.8,0.3,7.0,17.6,12.0,0.6,0.7,0.4,-3.02,-1.0,0.91,-1.12,5.0,2.91,14.0,0.6,0.6,0.5,-14.6,-3.6,7.0,-4.1,5.0,18.1,14.0,0.6,0.6,0.5,4.91,5.86,6.21,5.57,4.0,1.02,12.0,0.8,0.5,0.5,20.7,23.3,34.5,27.4,4.0,11.7,12.0,0.8,0.5,0.5,-141.5,-113.2,-75.4,-111.1,6.0,34.4,14.0,0.7,0.6,0.5,-64.9,-35.4,24.0,-15.7,6.0,70.2,14.0,0.7,0.6,0.5,-78.7,-55.0,-40.5,-59.4,4.0,23.6,12.0,0.8,0.5,0.5,-28.6,-18.3,33.6,1.5,4.0,49.6,12.0,0.8,0.5,0.5,-28.9,-20.4,-16.8,-22.7,4.0,8.2,12.0,0.8,0.5,0.5,-12.2,-6.6,13.1,0.1,4.0,19.5,12.0,0.8,0.5,0.5,28.5,132.5,198.0,141.0,7.0,154.0,12.0,0.6,0.7,0.4,30.0,135.0,200.0,140.0,7.0,155.0,12.0,0.6,0.7,0.4
1974,2,194.0,21.0,23.72,24.1,25.23,24.62,12.0,1.33,18.0,0.6,0.5,0.4,22.97,24.0,24.53,23.75,11.0,0.88,18.0,0.5,0.6,0.4,12.26,15.14,15.64,14.06,11.0,1.9,18.0,0.5,0.6,0.4,70.0,82.3,84.3,77.1,11.0,10.2,18.0,0.5,0.4,2.97,4.35,7.2,4.89,12.0,2.27,18.0,0.6,0.5,0.4,-5.94,-2.93,-2.17,-3.87,12.0,2.38,18.0,0.6,0.5,0.4,-3.52,0.0,2.95,-0.07,12.0,3.04,18.0,0.6,0.5,0.4,1013.92,1015.5,1017.64,1015.73,13.0,1.68,18.0,0.5,0.5,0.4,2.0,4.5,7.0,4.6,12.0,2.3,18.0,0.6,0.5,0.4,-42.8,-11.2,-7.7,-23.3,12.0,24.9,18.0,0.6,0.5,0.4,-17.4,0.0,11.5,-1.6,12.0,17.1,18.0,0.6,0.5,0.4,0.0,0.0,1.7,0.84,11.0,1.88,18.0,0.5,0.6,0.4,0.0,0.0,13.3,6.4,11.0,11.2,18.0,0.5,0.6,0.4,2.9,3.63,8.83,5.23,11.0,3.08,18.0,0.5,0.6,0.4,7.0,13.6,59.4,29.5,11.0,24.6,18.0,0.5,0.6,0.4,-147.6,-73.9,-55.5,-94.7,11.0,53.4,18.0,0.5,0.6,0.4,-45.8,0.0,74.4,9.6,11.0,63.8,18.0,0.5,0.6,0.4,-80.2,-44.2,-33.1,-54.5,11.0,28.1,18.0,0.5,0.6,0.4,-29.2,0.0,38.4,5.4,11.0,35.6,18.0,0.5,0.6,0.4,-47.1,-9.1,-6.7,-24.4,11.0,21.4,18.0,0.5,0.6,0.4,-6.1,0.0,19.8,3.6,11.0,21.0,18.0,0.5,0.6,0.4,26.5,83.0,373.0,190.5,12.0,234.0,18.0,0.6,0.5,0.4,25.0,85.0,375.0,190.0,12.0,235.0,18.0,0.6,0.5,0.4
1974,2,194.0,22.0,23.64,24.75,25.72,24.63,18.0,1.19,16.0,0.7,0.5,0.3,22.41,23.25,24.0,23.33,18.0,1.03,16.0,0.7,0.5,0.3,13.23,14.41,16.14,14.69,17.0,1.46,16.0,0.7,0.6,0.3,76.3,79.5,88.5,82.1,17.0,6.5,16.0,0.7,0.3,3.53,8.2,8.93,7.44,19.0,3.09,16.0,0.7,0.5,0.3,-8.25,-5.59,0.2,-3.75,19.0,5.76,16.0,0.7,0.5,0.3,-5.37,-1.16,3.17,-0.71,19.0,4.41,16.0,0.7,0.5,0.3,1014.41,1016.45,1017.36,1016.18,18.0,1.99,16.0,0.7,0.5,0.3,2.0,3.0,6.0,3.8,18.0,2.1,16.0,0.7,0.6,0.3,-71.8,-42.2,1.6,-28.1,19.0,66.5,16.0,0.7,0.5,0.3,-53.8,-6.5,26.9,-9.5,19.0,36.6,16.0,0.7,0.5,0.3,0.11,1.25,2.5,1.3,18.0,1.41,16.0,0.7,0.5,0.3,1.8,6.6,25.9,9.7,18.0,11.9,16.0,0.7,0.5,0.3,3.05,5.41,6.39,4.68,17.0,1.94,16.0,0.7,0.6,0.3,17.9,30.4,51.9,33.6,17.0,19.8,16.0,0.7,0.6,0.3,-194.1,-134.7,-16.9,-109.9,18.0,92.7,16.0,0.7,0.5,0.3,-124.6,-13.9,82.4,-13.0,18.0,104.5,16.0,0.7,0.5,0.3,-120.9,-71.5,-7.6,-66.0,17.0,57.5,16.0,0.7,0.6,0.3,-76.4,-19.1,55.9,-7.9,17.0,66.6,16.0,0.7,0.6,0.3,-33.8,-21.5,0.2,-21.2,17.0,22.6,16.0,0.7,0.6,0.3,-26.4,-2.7,16.8,-3.3,17.0,24.4,16.0,0.7,0.6,0.3,44.0,551.5,721.0,615.0,19.0,674.5,16.0,0.7,0.5,0.3,45.0,550.0,720.0,615.0,19.0,675.0,16.0,0.7,0.5,0.3
1974,2,194.0,23.0,24.18,25.0,25.68,24.93,3.0,1.1,14.0,0.7,0.5,0.1,22.1,22.3,22.5,22.3,2.0,0.42,14.0,0.5,0.3,0.1,13.35,14.0,14.64,14.0,2.0,1.34,14.0,0.5,0.3,0.1,79.4,84.2,89.0,84.2,2.0,9.9,14.0,0.5,0.1,7.86,8.2,11.41,9.6,3.0,2.87,14.0,0.7,0.5,0.1,-11.27,-8.2,-7.86,-9.53,3.0,2.76,14.0,0.7,0.5,0.1,-1.53,0.0,0.0,-0.75,3.0,1.29,14.0,0.7,0.5,0.1,1017.95,1020.0,1020.68,1019.33,3.0,2.08,14.0,0.7,0.5,0.1,1.3,4.0,6.7,4.0,3.0,4.0,14.0,0.7,0.5,0.1,-133.2,-67.2,-61.8,-96.8,3.0,58.2,14.0,0.7,0.5,0.1,-19.7,0.0,0.0,-9.6,3.0,16.7,14.0,0.7,0.5,0.1,2.65,3.2,3.75,3.2,2.0,1.13,14.0,0.5,0.3,0.1,30.8,30.9,30.9,30.9,2.0,0.1,14.0,0.5,0.3,0.1,6.07,6.27,6.48,6.27,2.0,0.42,14.0,0.5,0.3,0.1,52.2,65.4,78.6,65.4,2.0,27.4,14.0,0.5,0.3,0.1,-268.4,-228.3,-188.1,-228.3,2.0,83.2,14.0,0.5,0.3,0.1,-42.6,-25.3,-8.0,-25.3,2.0,35.8,14.0,0.5,0.3,0.1,-157.7,-140.4,-123.1,-140.4,2.0,35.8,14.0,0.5,0.3,0.1,-24.6,-14.6,-4.6,-14.6,2.0,20.7,14.0,0.5,0.3,0.1,-77.5,-64.7,-52.0,-64.7,2.0,26.5,14.0,0.5,0.3,0.1,-12.4,-7.4,-2.3,-7.4,2.0,10.4,14.0,0.5,0.3,0.1,486.5,551.5,1640.5,1051.5,3.0,949.5,14.0,0.7,0.5,0.1,485.0,550.0,1640.0,1050.0,3.0,950.0,14.0,0.7,0.5,0.1
1974,2,194.0,24.0,22.66,23.0,23.2,22.93,3.0,0.4,10.0,0.3,0.9,0.2,22.12,22.8,22.94,22.53,3.0,0.64,10.0,0.3,0.9,0.2,12.04,13.82,16.28,14.15,3.0,3.12,10.0,0.3,0.9,0.2,71.7,85.2,95.3,83.6,3.0,17.3,10.0,0.3,0.2,2.71,7.2,12.21,7.45,4.0,6.41,8.0,0.5,0.8,0.4,-3.96,-0.49,8.07,1.94,4.0,9.44,8.0,0.5,0.8,0.4,0.0,2.8,5.6,2.8,4.0,3.23,8.0,0.5,0.8,0.4,1010.86,1016.0,1018.68,1014.83,4.0,5.08,8.0,0.5,0.8,0.4,2.4,4.5,6.6,4.5,4.0,2.9,8.0,0.5,0.8,0.4,-33.1,-2.8,124.2,43.4,4.0,131.8,8.0,0.5,0.8,0.4,0.0,16.0,40.7,20.2,4.0,24.3,8.0,0.5,0.8,0.4,-0.18,0.5,0.98,0.4,3.0,0.85,10.0,0.3,0.9,0.2,-1.9,0.0,3.0,0.5,3.0,3.6,10.0,0.3,0.9,0.2,0.81,3.67,5.61,3.22,3.0,3.54,10.0,0.3,0.9,0.2,-2.0,0.0,38.7,17.9,3.0,33.6,10.0,0.3,0.9,0.2,-110.9,-22.8,-7.2,-58.2,3.0,82.0,10.0,0.3,0.9,0.2,40.5,127.5,128.6,85.5,3.0,74.1,10.0,0.3,0.9,0.2,-56.5,-17.2,-5.5,-30.7,3.0,39.1,10.0,0.3,0.9,0.2,19.9,62.7,86.7,53.5,3.0,49.5,10.0,0.3,0.9,0.2,-29.6,0.0,0.4,-14.3,3.0,25.2,10.0,0.3,0.9,0.2,-2.0,0.0,24.8,11.1,3.0,21.9,10.0,0.3,0.9,0.2,88.0,422.0,2227.0,1124.0,4.0,1708.0,8.0,0.5,0.8,0.4,90.0,420.0,2225.0,1125.0,4.0,1710.0,8.0,0.5,0.8,0.4
1974,2,194.0,25.0,21.63,22.6,23.2,22.46,5.0,1.07,14.0,0.8,0.5,0.4,20.01,21.1,22.07,20.92,5.0,1.56,14.0,0.8,0.5,0.4,12.13,12.26,12.6,12.33,5.0,0.28,14.0,0.8,0.5,0.4,74.8,77.9,87.1,81.1,5.0,9.3,14.0,0.8,0.4,4.23,6.2,11.61,7.72,5.0,4.3,14.0,0.8,0.5,0.4,-7.58,-2.76,-0.12,-3.63,5.0,4.75,14.0,0.8,0.5,0.4,-7.74,-1.79,1.53,-3.28,5.0,6.36,14.0,0.8,0.5,0.4,1017.76,1019.3,1020.99,1019.5,5.0,2.04,14.0,0.8,0.5,0.4,3.6,6.0,7.4,5.6,5.0,2.1,14.0,0.8,0.5,0.4,-62.2,-9.9,7.7,-25.2,5.0,51.1,14.0,0.8,0.5,0.4,-82.1,-18.4,7.3,-42.7,5.0,83.6,14.0,0.8,0.5,0.4,0.02,1.6,3.13,1.54,5.0,1.84,14.0,0.8,0.5,0.4,1.0,7.4,37.1,17.6,5.0,22.5,14.0,0.8,0.5,0.4,3.54,4.91,5.31,4.53,5.0,1.07,14.0,0.8,0.5,0.4,18.8,30.4,55.3,35.5,5.0,20.4,14.0,0.8,0.5,0.4,-164.2,-60.7,-4.8,-79.8,5.0,98.8,14.0,0.8,0.5,0.4,-149.1,-37.7,33.8,-60.8,5.0,119.4,14.0,0.8,0.5,0.4,-94.1,-33.8,-0.8,-44.9,5.0,59.7,14.0,0.8,0.5,0.4,-95.8,-22.5,18.7,-41.0,5.0,79.8,14.0,0.8,0.5,0.4,-40.5,-8.6,-1.7,-19.3,5.0,26.2,14.0,0.8,0.5,0.4,-32.7,-10.4,6.0,-14.3,5.0,24.1,14.0,0.8,0.5,0.4,79.0,238.5,1674.5,832.0,5.0,1119.5,14.0,0.8,0.5,0.4,80.0,240.0,1675.0,830.0,5.0,1120.0,14.0,0.8,0.5,0.4
1974,2,194.0,26.0,22.58,23.15,23.4,23.0,4.0,0.57,18.0,0.5,0.4,0.5,20.99,21.85,23.02,22.0,4.0,1.24,18.0,0.5,0.4,0.5,11.68,12.59,14.61,13.12,4.0,1.95,18.0,0.5,0.4,0.5,73.1,81.7,86.6,80.0,4.0,8.7,18.0,0.5,0.5,4.58,6.4,9.06,6.8,4.0,2.78,18.0,0.5,0.4,0.5,-8.52,-4.49,0.81,-3.88,4.0,5.74,18.0,0.5,0.4,0.5,-3.1,-2.63,1.26,-1.0,4.0,3.88,18.0,0.5,0.4,0.5,1016.19,1016.75,1019.36,1017.73,4.0,2.56,18.0,0.5,0.4,0.5,6.5,7.0,7.0,6.8,4.0,0.5,18.0,0.5,0.4,0.5,-78.8,-32.3,2.5,-37.9,4.0,50.2,18.0,0.5,0.4,0.5,-28.7,-15.5,7.7,-10.7,4.0,25.7,18.0,0.5,0.4,0.5,-0.2,1.55,2.15,1.0,4.0,1.63,18.0,0.5,0.4,0.5,0.8,9.7,13.4,7.2,4.0,9.7,18.0,0.5,0.4,0.5,2.56,5.02,6.0,4.31,4.0,2.47,18.0,0.5,0.4,0.5,12.9,28.7,51.2,31.9,4.0,26.1,18.0,0.5,0.4,0.5,-187.1,-97.2,14.7,-86.7,4.0,124.9,18.0,0.5,0.4,0.5,-68.1,-55.3,32.9,-19.3,4.0,88.7,18.0,0.5,0.4,0.5,-104.0,-61.8,6.5,-49.4,4.0,68.3,18.0,0.5,0.4,0.5,-37.8,-33.2,24.8,-7.8,4.0,55.8,18.0,0.5,0.4,0.5,-48.1,-17.0,8.4,-19.7,4.0,35.0,18.0,0.5,0.4,0.5,-18.8,-13.2,-3.6,-11.3,4.0,11.1,18.0,0.5,0.4,0.5,99.5,294.5,790.0,437.5,4.0,468.5,18.0,0.5,0.4,0.5,100.0,295.0,790.0,440.0,4.0,470.0,18.0,0.5,0.4,0.5
1974,2,194.0,27.0,19.19,20.8,21.45,20.5,6.0,1.62,16.0,0.3,0.7,0.4,19.5,20.3,21.12,20.66,7.0,1.4,14.0,0.3,0.6,0.4,11.11,13.78,14.34,12.78,7.0,2.18,14.0,0.3,0.6,0.4,79.3,87.7,92.1,84.5,7.0,12.2,14.0,0.3,0.4,4.43,6.7,7.78,6.01,7.0,2.74,14.0,0.3,0.6,0.4,-6.72,-2.63,0.06,-3.37,7.0,3.63,14.0,0.3,0.6,0.4,-1.19,2.3,7.25,2.82,7.0,3.74,14.0,0.3,0.6,0.4,1016.79,1017.2,1021.99,1018.41,7.0,3.22,14.0,0.3,0.6,0.4,3.9,7.0,8.0,6.0,7.0,2.2,14.0,0.3,0.6,0.4,-46.2,-18.3,0.5,-24.4,7.0,31.8,14.0,0.3,0.6,0.4,-8.1,10.6,55.8,17.9,7.0,29.4,14.0,0.3,0.6,0.4,-1.45,0.35,1.93,-0.12,6.0,2.88,16.0,0.3,0.7,0.4,-7.3,2.3,14.8,1.6,6.0,16.9,16.0,0.3,0.7,0.4,0.39,2.62,4.51,2.37,6.0,2.49,16.0,0.3,0.7,0.4,1.6,18.9,36.5,19.5,6.0,20.7,16.0,0.3,0.7,0.4,-136.1,-59.9,1.2,-69.0,7.0,71.4,14.0,0.3,0.6,0.4,-24.0,48.3,144.8,58.5,7.0,74.9,14.0,0.3,0.6,0.4,-78.6,-38.2,0.7,-39.9,7.0,37.5,14.0,0.3,0.6,0.4,-13.9,32.5,86.2,38.7,7.0,47.4,14.0,0.3,0.6,0.4,-23.2,-5.4,4.5,-11.1,6.0,20.4,16.0,0.3,0.7,0.4,-7.5,-0.4,22.5,5.9,6.0,16.6,16.0,0.3,0.7,0.4,92.5,301.0,473.0,321.5,7.0,276.5,14.0,0.3,0.6,0.4,95.0,300.0,475.0,320.0,7.0,275.0,14.0,0.3,0.6,0.4
1974,2,194.0,28.0,19.83,20.6,21.71,20.75,11.0,1.1,12.0,0.5,0.5,0.5,18.48,20.3,21.66,20.29,13.0,1.69,12.0,0.5,0.5,0.5,10.0,12.87,14.26,12.32,13.0,2.2,12.0,0.5,0.5,0.5,72.0,86.2,90.2,83.2,13.0,9.6,12.0,0.5,0.5,2.6,4.1,6.75,4.91,13.0,2.16,12.0,0.5,0.5,0.5,-5.54,-3.85,2.29,-2.55,13.0,3.81,12.0,0.5,0.5,0.5,-1.59,1.5,3.26,0.78,13.0,2.93,12.0,0.5,0.5,0.5,1015.81,1021.7,1024.6,1020.73,13.0,4.21,12.0,0.5,0.5,0.5,3.6,6.0,8.0,5.5,13.0,2.8,12.0,0.5,0.5,0.5,-39.0,-15.8,6.3,-17.4,13.0,26.8,12.0,0.5,0.5,0.5,-7.3,2.3,25.2,4.8,13.0,18.7,12.0,0.5,0.5,0.5,0.0,0.6,1.82,0.79,11.0,0.94,12.0,0.5,0.5,0.5,0.0,3.1,9.8,4.4,11.0,5.6,12.0,0.5,0.5,0.5,1.61,2.8,4.87,3.21,11.0,1.6,12.0,0.5,0.5,0.5,7.1,11.2,32.1,17.1,11.0,13.3,12.0,0.5,0.5,0.5,-113.2,-77.7,42.7,-51.8,13.0,76.2,12.0,0.5,0.5,0.5,-33.9,30.5,70.4,18.0,13.0,59.8,12.0,0.5,0.5,0.5,-73.5,-43.7,27.2,-29.5,13.0,45.8,12.0,0.5,0.5,0.5,-21.3,20.3,45.1,12.7,13.0,36.4,12.0,0.5,0.5,0.5,-24.3,-10.7,5.1,-10.7,11.0,15.1,12.0,0.5,0.5,0.5,-8.1,0.0,6.0,-1.5,11.0,11.9,12.0,0.5,0.5,0.5,17.5,69.0,307.5,185.0,13.0,220.5,12.0,0.5,0.5,0.5,20.0,70.0,310.0,185.0,13.0,220.0,12.0,0.5,0.5,0.5
1974,2,194.0,29.0,20.19,20.6,20.87,20.53,3.0,0.5,8.0,0.3,0.6,0.5,17.95,19.5,20.26,19.13,4.0,1.55,10.0,0.3,0.7,0.4,9.22,10.55,12.57,10.89,3.0,2.47,8.0,0.3,0.6,0.5,72.6,72.9,85.3,78.8,3.0,10.7,8.0,0.3,0.5,6.49,8.2,9.63,8.07,3.0,2.3,14.0,0.3,0.8,0.6,-4.98,1.95,6.71,0.89,3.0,8.61,14.0,0.3,0.8,0.6,-3.52,0.0,3.66,0.07,3.0,5.25,14.0,0.3,0.8,0.6,1016.76,1020.35,1023.84,1020.3,4.0,4.16,10.0,0.3,0.7,0.4,5.0,6.5,7.5,6.3,4.0,1.7,10.0,0.3,0.7,0.4,-42.4,11.1,66.2,11.9,3.0,79.6,14.0,0.3,0.8,0.6,-36.2,0.0,20.8,-7.5,3.0,42.3,14.0,0.3,0.8,0.6,-0.15,0.6,2.92,1.37,3.0,2.35,8.0,0.3,0.6,0.5,4.1,19.2,34.2,19.2,2.0,31.1,10.0,0.5,0.9,0.7,2.03,4.51,6.02,4.03,3.0,2.95,8.0,0.3,0.6,0.5,15.2,37.1,59.0,37.1,2.0,45.4,10.0,0.5,0.9,0.7,-93.7,40.0,116.2,11.9,3.0,155.6,14.0,0.3,0.8,0.6,-59.8,0.0,75.0,7.4,3.0,98.9,14.0,0.3,0.8,0.6,34.3,51.5,68.8,51.5,2.0,35.7,10.0,0.5,0.9,0.7,-25.8,14.0,53.8,14.0,2.0,82.5,10.0,0.5,0.9,0.7,10.9,30.8,50.7,30.8,2.0,41.2,10.0,0.5,0.9,0.7,-28.4,-15.0,-1.6,-15.0,2.0,27.8,10.0,0.5,0.9,0.7,301.5,551.5,921.0,610.0,3.0,456.5,14.0,0.3,0.8,0.6,300.0,550.0,920.0,610.0,3.0,455.0,14.0,0.3,0.8,0.6
1974,2,194.0,30.0,16.79,18.0,20.0,18.35,11.0,1.58,12.0,0.5,0.6,0.3,17.95,19.65,20.85,19.45,12.0,1.35,12.0,0.6,0.7,0.3,9.16,12.38,13.65,11.67,11.0,2.44,12.0,0.6,0.7,0.3,69.9,87.1,93.7,82.8,11.0,15.5,12.0,0.6,0.3,2.1,5.1,9.99,6.25,13.0,4.11,14.0,0.5,0.6,0.3,-3.5,-1.48,2.11,-1.5,13.0,4.89,14.0,0.5,0.6,0.3,-1.56,3.38,7.36,2.65,13.0,5.02,14.0,0.5,0.6,0.3,1015.92,1017.6,1023.1,1019.18,13.0,3.6,14.0,0.5,0.6,0.3,2.7,6.5,8.0,5.6,12.0,2.7,12.0,0.5,0.7,0.3,-24.9,-2.2,9.5,-20.1,13.0,67.9,14.0,0.5,0.6,0.3,-4.0,12.2,58.3,24.1,13.0,46.5,14.0,0.5,0.6,0.3,-2.41,-1.3,0.08,-1.09,11.0,1.32,12.0,0.5,0.6,0.3,-16.2,-3.1,0.7,-6.8,11.0,10.0,12.0,0.5,0.6,0.3,0.28,1.31,2.98,1.7,10.0,2.33,12.0,0.6,0.7,0.3,1.0,3.1,23.3,15.7,10.0,34.5,12.0,0.6,0.7,0.3,-69.9,-27.0,30.9,-34.7,12.0,99.9,12.0,0.6,0.7,0.3,-9.5,76.9,148.4,64.6,12.0,96.4,12.0,0.6,0.7,0.3,-43.9,-16.8,24.3,-13.6,11.0,46.3,12.0,0.6,0.7,0.3,-7.6,42.4,106.9,43.9,11.0,63.2,12.0,0.6,0.7,0.3,-8.7,-0.9,1.9,-11.8,10.0,34.5,12.0,0.6,0.7,0.3,-7.7,0.0,5.1,-0.9,10.0,11.0,12.0,0.6,0.7,0.3,9.5,132.5,1008.5,589.5,13.0,1034.0,14.0,0.5,0.6,0.3,10.0,135.0,1010.0,590.0,13.0,1035.0,14.0,0.5,0.6,0.3
1974,2,194.0,31.0,17.0,17.8,19.14,17.98,19.0,1.18,12.0,0.4,0.5,0.5,15.99,18.0,19.24,17.72,18.0,1.82,12.0,0.4,0.5,0.5,9.73,11.21,12.31,11.02,18.0,1.74,12.0,0.4,0.5,0.5,78.0,90.9,95.1,87.5,18.0,9.5,12.0,0.4,0.5,4.03,6.2,11.1,7.07,19.0,3.53,12.0,0.4,0.5,0.5,-3.14,0.0,5.51,0.59,19.0,5.54,12.0,0.4,0.5,0.5,-2.65,3.91,7.41,2.39,19.0,5.3,12.0,0.4,0.5,0.5,1014.43,1017.2,1021.15,1018.22,19.0,4.03,12.0,0.4,0.5,0.5,5.7,8.0,8.0,6.7,19.0,2.3,12.0,0.4,0.5,0.5,-17.1,0.0,35.7,9.0,19.0,67.5,12.0,0.4,0.5,0.5,-16.1,18.3,60.0,23.8,19.0,49.4,12.0,0.4,0.5,0.5,-1.21,0.0,1.8,0.16,18.0,2.07,12.0,0.4,0.5,0.5,-6.6,0.0,8.0,1.2,18.0,23.8,12.0,0.4,0.5,0.5,0.45,1.23,2.78,1.66,18.0,1.86,12.0,0.4,0.5,0.5,2.7,5.6,16.3,13.2,18.0,24.9,12.0,0.4,0.5,0.5,-53.8,9.5,107.7,14.0,18.0,92.0,12.0,0.4,0.5,0.5,-44.2,36.5,122.4,41.5,18.0,98.4,12.0,0.4,0.5,0.5,-34.2,6.4,63.0,10.3,18.0,52.7,12.0,0.4,0.5,0.5,-28.7,21.9,79.8,26.1,18.0,62.0,12.0,0.4,0.5,0.5,-8.5,0.0,6.6,-0.6,18.0,26.9,12.0,0.4,0.5,0.5,-9.7,-0.3,5.9,-1.6,18.0,8.9,12.0,0.4,0.5,0.5,65.5,238.5,1387.0,636.0,19.0,874.0,12.0,0.4,0.5,0.5,65.0,240.0,1385.0,635.0,19.0,875.0,12.0,0.4,0.5,0.5
1974,2,194.0,32.0,17.0,17.1,18.0,17.43,9.0,0.59,18.0,0.4,0.7,0.3,16.43,17.4,18.57,17.5,10.0,1.35,18.0,0.4,0.7,0.3,9.89,11.47,12.23,11.09,10.0,1.44,18.0,0.4,0.7,0.3,83.8,91.8,97.2,89.6,10.0,9.6,18.0,0.4,0.3,1.54,9.0,11.87,7.92,10.0,5.64,18.0,0.4,0.7,0.3,-7.86,0.0,1.39,-2.81,10.0,6.64,18.0,0.4,0.7,0.3,-5.04,0.0,9.72,2.05,10.0,6.63,18.0,0.4,0.7,0.3,1014.83,1020.25,1022.61,1018.22,10.0,6.66,18.0,0.4,0.7,0.3,6.0,7.5,8.0,6.8,10.0,1.9,18.0,0.4,0.7,0.3,-75.5,0.0,13.6,-39.2,10.0,103.8,18.0,0.4,0.7,0.3,-34.9,0.0,107.5,20.3,10.0,76.3,18.0,0.4,0.7,0.3,-0.51,0.0,0.92,0.21,9.0,1.2,18.0,0.4,0.7,0.3,-6.3,0.0,1.8,1.6,9.0,17.4,18.0,0.4,0.7,0.3,0.1,1.04,2.77,1.32,9.0,1.43,18.0,0.4,0.7,0.3,0.0,2.4,30.8,12.1,9.0,21.1,18.0,0.4,0.7,0.3,-152.7,0.0,25.6,-47.8,10.0,112.0,18.0,0.4,0.7,0.3,-78.5,0.0,170.2,38.6,10.0,116.7,18.0,0.4,0.7,0.3,-95.3,0.0,16.8,-28.3,10.0,69.8,18.0,0.4,0.7,0.3,-50.8,0.0,99.8,21.4,10.0,74.4,18.0,0.4,0.7,0.3,-14.2,0.0,0.3,-7.9,9.0,18.3,18.0,0.4,0.7,0.3,-3.8,0.0,8.8,2.4,9.0,14.0,18.0,0.4,0.7,0.3,20.0,746.5,1682.0,1185.5,10.0,1752.5,18.0,0.4,0.7,0.3,20.0,745.0,1680.0,1185.0,10.0,1750.0,18.0,0.4,0.7,0.3
1974,2,194.0,33.0,15.83,16.7,18.62,17.03,11.0,1.41,12.0,0.6,0.6,0.4,15.59,16.8,17.87,16.83,13.0,1.16,14.0,0.6,0.6,0.4,7.29,9.94,11.66,9.64,11.0,2.08,12.0,0.5,0.6,0.4,68.3,81.0,96.3,81.9,11.0,14.4,12.0,0.5,0.4,2.6,6.7,10.8,6.82,13.0,3.51,14.0,0.6,0.6,0.4,-1.44,2.85,7.11,2.3,13.0,5.42,14.0,0.6,0.6,0.4,-3.33,0.89,7.65,1.56,13.0,4.99,14.0,0.6,0.6,0.4,1014.38,1022.0,1025.04,1020.33,13.0,6.12,14.0,0.6,0.6,0.4,3.0,8.0,8.0,6.3,12.0,2.4,14.0,0.7,0.6,0.4,-6.7,15.8,75.6,21.8,13.0,54.1,14.0,0.6,0.6,0.4,-28.3,2.3,61.3,15.8,13.0,46.1,14.0,0.6,0.6,0.4,-1.1,0.0,2.24,0.18,11.0,1.8,12.0,0.6,0.6,0.4,-8.3,0.0,17.6,4.7,11.0,14.7,12.0,0.6,0.6,0.4,-0.24,3.32,4.69,2.62,10.0,2.33,12.0,0.6,0.6,0.4,-0.3,23.8,45.7,22.7,10.0,21.6,12.0,0.6,0.6,0.4,-24.1,42.8,118.1,36.3,13.0,89.3,14.0,0.6,0.6,0.4,-52.5,15.8,126.4,29.0,13.0,83.5,14.0,0.6,0.6,0.4,-20.5,21.7,68.7,20.5,11.0,53.6,12.0,0.5,0.6,0.4,-25.0,0.0,89.2,21.2,11.0,53.6,12.0,0.5,0.6,0.4,-3.2,5.0,32.7,11.1,10.0,22.5,12.0,0.6,0.6,0.4,-19.3,-1.9,4.9,-1.7,10.0,19.8,12.0,0.6,0.6,0.4,17.5,301.0,1259.5,543.0,13.0,557.5,14.0,0.6,0.6,0.4,20.0,300.0,1260.0,545.0,13.0,560.0,14.0,0.6,0.6,0.4
1974,2,194.0,34.0,15.21,16.2,17.5,16.29,10.0,1.55,12.0,0.7,0.6,0.5,13.84,16.0,17.0,15.42,13.0,1.94,10.0,0.6,0.6,0.5,7.39,10.38,10.89,9.51,10.0,1.78,12.0,0.7,0.6,0.5,80.0,88.6,96.6,87.7,10.0,8.5,12.0,0.7,0.5,4.55,7.7,10.85,7.9,13.0,3.5,10.0,0.6,0.6,0.5,-4.14,0.0,10.14,2.14,13.0,7.03,10.0,0.6,0.6,0.5,-0.25,3.28,5.21,2.83,13.0,4.1,10.0,0.6,0.6,0.5,1009.81,1024.0,1026.0,1020.07,13.0,7.22,10.0,0.6,0.6,0.5,2.0,8.0,8.0,5.5,11.0,3.0,10.0,0.6,0.5,0.6,-43.8,0.0,105.0,29.9,13.0,81.9,10.0,0.6,0.6,0.5,-1.9,16.6,30.7,20.9,13.0,41.9,10.0,0.6,0.6,0.5,-1.2,0.6,2.87,0.95,10.0,3.14,12.0,0.7,0.6,0.5,-6.8,4.1,37.6,10.5,10.0,23.3,12.0,0.7,0.6,0.5,-0.28,1.29,3.91,1.94,10.0,2.27,12.0,0.7,0.6,0.5,-1.1,7.8,44.2,18.7,10.0,21.9,12.0,0.7,0.6,0.5,-65.7,0.0,149.6,32.8,13.0,99.2,10.0,0.6,0.6,0.5,-4.0,52.4,86.4,46.4,13.0,65.0,10.0,0.6,0.6,0.5,-31.1,-4.2,63.6,12.8,10.0,51.9,12.0,0.7,0.6,0.5,0.0,42.2,61.4,37.1,10.0,39.8,12.0,0.7,0.6,0.5,-3.3,-0.1,29.6,5.7,10.0,26.1,12.0,0.7,0.6,0.5,-2.5,0.3,7.8,3.0,10.0,11.7,12.0,0.7,0.6,0.5,94.5,456.5,1277.0,782.5,13.0,990.5,10.0,0.6,0.6,0.5,95.0,455.0,1275.0,785.0,13.0,990.0,10.0,0.6,0.6,0.5
1974,2,194.0,35.0,14.03,14.75,15.33,14.58,6.0,1.32,14.0,0.5,0.5,0.4,12.19,15.0,15.56,14.13,6.0,1.93,14.0,0.5,0.5,0.4,6.57,8.19,9.9,8.22,6.0,1.78,14.0,0.5,0.5,0.4,72.6,79.9,94.0,81.6,6.0,11.1,14.0,0.5,0.4,4.19,9.3,10.71,8.07,6.0,3.68,14.0,0.5,0.5,0.4,-0.41,0.81,6.08,2.64,6.0,4.9,14.0,0.5,0.5,0.4,-2.19,6.33,9.39,4.37,6.0,6.03,14.0,0.5,0.5,0.4,1009.22,1016.55,1021.45,1016.2,6.0,6.79,14.0,0.5,0.5,0.4,2.8,7.0,8.0,5.8,6.0,2.7,14.0,0.5,0.5,0.4,-1.1,7.5,63.7,32.5,6.0,56.5,14.0,0.5,0.5,0.4,-14.1,48.0,89.5,38.5,6.0,60.6,14.0,0.5,0.5,0.4,-1.54,0.65,2.71,0.45,6.0,2.56,14.0,0.5,0.5,0.4,-15.0,1.8,27.3,3.9,6.0,27.5,14.0,0.5,0.5,0.4,-0.2,2.34,4.09,2.07,6.0,2.26,14.0,0.5,0.5,0.4,-2.0,7.3,39.4,15.8,6.0,22.3,14.0,0.5,0.5,0.4,-6.2,10.1,83.4,31.6,6.0,57.7,14.0,0.5,0.5,0.4,-29.4,91.7,132.7,66.6,6.0,84.9,14.0,0.5,0.5,0.4,-2.9,5.4,52.8,19.4,6.0,33.1,14.0,0.5,0.5,0.4,-14.7,53.0,85.6,41.2,6.0,50.0,14.0,0.5,0.5,0.4,-2.3,0.0,14.7,7.3,6.0,19.9,14.0,0.5,0.5,0.4,-9.2,-3.0,10.1,1.6,6.0,18.3,14.0,0.5,0.5,0.4,81.0,804.5,1251.5,779.5,6.0,680.5,14.0,0.5,0.5,0.4,80.0,805.0,1250.0,780.0,6.0,680.0,14.0,0.5,0.5,0.4
1974,2,194.0,36.0,13.17,14.0,14.79,13.97,10.0,0.75,14.0,0.6,0.6,0.4,12.42,14.25,16.16,14.09,12.0,2.55,14.0,0.6,0.6,0.4,7.35,8.12,9.62,8.12,12.0,1.76,14.0,0.6,0.6,0.4,65.8,84.3,91.1,80.9,12.0,13.5,14.0,0.6,0.4,4.22,5.9,10.55,7.44,12.0,4.34,14.0,0.6,0.6,0.4,-0.73,3.52,6.38,2.75,12.0,3.6,14.0,0.6,0.6,0.4,-2.01,2.7,8.92,2.61,12.0,7.12,14.0,0.6,0.6,0.4,1013.06,1016.45,1022.73,1017.23,12.0,4.91,14.0,0.6,0.6,0.4,2.0,4.5,8.0,4.4,12.0,2.7,14.0,0.6,0.6,0.4,-4.1,26.0,48.8,21.5,12.0,35.8,14.0,0.6,0.6,0.4,-20.7,12.5,98.3,29.2,12.0,94.8,14.0,0.6,0.6,0.4,-1.39,-0.1,0.5,-0.24,10.0,1.81,14.0,0.6,0.6,0.4,-11.6,-0.1,4.3,-2.0,10.0,18.2,14.0,0.6,0.6,0.4,0.22,1.28,2.16,1.3,10.0,1.22,14.0,0.6,0.6,0.4,-1.1,6.9,15.4,9.3,10.0,11.9,14.0,0.6,0.6,0.4,-6.6,46.3,90.2,40.7,12.0,54.0,14.0,0.6,0.6,0.4,-26.3,36.4,130.8,32.7,12.0,90.1,14.0,0.6,0.6,0.4,-2.7,29.1,52.0,24.8,12.0,29.2,14.0,0.6,0.6,0.4,-15.3,21.7,66.1,19.9,12.0,49.9,14.0,0.6,0.6,0.4,-0.3,6.5,11.3,5.7,10.0,5.5,14.0,0.6,0.6,0.4,-8.4,0.0,4.4,-3.2,10.0,12.7,14.0,0.6,0.6,0.4,80.0,216.5,1182.0,836.0,12.0,1265.0,14.0,0.6,0.6,0.4,80.0,215.0,1180.0,835.0,12.0,1265.0,14.0,0.6,0.6,0.4
1974,2,194.0,37.0,12.84,14.75,15.44,14.28,8.0,1.37,12.0,0.4,0.5,0.6,9.27,14.0,15.0,12.96,9.0,3.06,12.0,0.3,0.5,0.6,6.41,7.55,9.37,7.78,7.0,2.03,12.0,0.3,0.5,0.6,63.4,85.0,94.0,80.6,7.0,14.6,12.0,0.3,0.6,8.33,10.8,14.29,10.84,9.0,2.94,12.0,0.3,0.5,0.6,-3.63,-1.25,9.45,1.2,9.0,8.24,12.0,0.3,0.5,0.6,-10.42,0.0,7.88,-0.61,9.0,8.42,12.0,0.3,0.5,0.6,1010.82,1020.0,1025.32,1018.6,9.0,7.04,12.0,0.3,0.5,0.6,4.0,8.0,8.0,6.4,7.0,2.0,12.0,0.4,0.5,0.6,-38.9,-9.0,101.5,14.8,9.0,115.8,12.0,0.3,0.5,0.6,-119.1,0.0,65.7,-20.2,9.0,91.0,12.0,0.3,0.5,0.6,-0.48,0.5,2.07,0.83,8.0,1.92,12.0,0.4,0.5,0.6,-4.5,5.8,31.0,10.0,8.0,22.8,12.0,0.4,0.5,0.6,0.91,2.07,2.48,1.85,6.0,0.86,10.0,0.3,0.5,0.6,12.8,18.9,33.4,20.8,6.0,11.2,10.0,0.3,0.5,0.6,-40.2,-18.8,157.3,28.5,9.0,110.9,12.0,0.3,0.5,0.6,-94.8,0.0,115.3,8.9,9.0,98.9,12.0,0.3,0.5,0.6,-16.2,0.0,83.2,25.5,7.0,72.8,12.0,0.3,0.5,0.6,-48.9,0.0,65.2,6.5,7.0,56.4,12.0,0.3,0.5,0.6,-8.3,5.7,18.2,4.7,6.0,19.5,10.0,0.3,0.5,0.6,-13.5,2.5,12.6,0.6,6.0,15.4,10.0,0.3,0.5,0.6,580.5,1259.5,3056.5,1537.5,9.0,1259.0,12.0,0.3,0.5,0.6,580.0,1260.0,3055.0,1540.0,9.0,1260.0,12.0,0.3,0.5,0.6
1974,2,194.0,38.0,12.0,13.25,14.4,13.22,6.0,1.09,16.0,0.5,0.5,0.5,9.38,10.45,12.1,10.4,6.0,1.95,16.0,0.5,0.5,0.5,5.87,6.74,7.76,6.64,6.0,1.28,16.0,0.5,0.5,0.5,78.6,85.5,90.8,84.7,6.0,7.7,16.0,0.5,0.5,7.99,9.5,12.89,10.78,6.0,4.29,16.0,0.5,0.5,0.5,-9.21,0.84,5.85,-1.95,6.0,9.99,16.0,0.5,0.5,0.5,-7.01,-3.12,6.07,-1.47,6.0,7.14,16.0,0.5,0.5,0.5,1014.69,1022.15,1026.05,1021.55,6.0,6.73,16.0,0.5,0.5,0.5,5.2,8.0,8.0,6.7,6.0,2.4,16.0,0.5,0.5,0.5,-120.6,8.7,64.7,-44.9,6.0,163.0,16.0,0.5,0.5,0.5,-63.7,-22.4,55.4,-12.8,6.0,70.5,16.0,0.5,0.5,0.5,1.42,2.45,4.52,2.82,6.0,1.6,16.0,0.5,0.5,0.5,13.9,26.3,56.6,31.6,6.0,21.6,16.0,0.5,0.5,0.5,2.04,2.16,3.96,2.72,6.0,1.01,16.0,0.5,0.5,0.5,17.6,25.8,41.3,28.6,6.0,12.7,16.0,0.5,0.5,0.5,-105.3,0.2,58.2,-23.5,6.0,101.9,16.0,0.5,0.5,0.5,-68.1,-31.4,75.0,-5.8,6.0,73.4,16.0,0.5,0.5,0.5,-70.2,1.0,36.6,-17.0,6.0,69.4,16.0,0.5,0.5,0.5,-40.6,-19.6,48.0,-2.8,6.0,46.2,16.0,0.5,0.5,0.5,-19.3,2.3,21.2,-0.9,6.0,24.4,16.0,0.5,0.5,0.5,-27.9,-6.9,12.3,-8.7,6.0,21.5,16.0,0.5,0.5,0.5,514.5,875.5,2561.5,1829.5,6.0,2494.5,16.0,0.5,0.5,0.5,515.0,875.0,2560.0,1830.0,6.0,2495.0,16.0,0.5,0.5,0.5
1974,2,194.0,39.0,11.83,12.1,12.71,12.27,3.0,0.67,16.0,1.0,0.2,0.5,8.94,13.0,14.0,11.69,7.0,2.48,16.0,0.6,0.5,0.5,5.1,6.62,7.61,6.37,4.0,1.77,12.0,0.8,0.3,0.4,65.6,73.4,82.8,74.2,4.0,11.0,12.0,0.8,0.4,8.18,11.3,13.02,10.83,7.0,2.41,16.0,0.6,0.5,0.5,-7.3,6.45,8.66,1.92,7.0,7.73,16.0,0.6,0.5,0.5,-10.39,2.8,7.45,-0.18,7.0,8.86,16.0,0.6,0.5,0.5,1005.66,1008.0,1028.29,1014.77,7.0,12.95,16.0,0.6,0.5,0.5,1.6,4.5,8.0,4.5,6.0,3.3,16.0,0.7,0.5,0.5,-58.6,63.2,83.9,17.9,7.0,83.8,16.0,0.6,0.5,0.5,-138.9,23.0,85.0,-6.5,7.0,112.3,16.0,0.6,0.5,0.5,-0.97,-0.9,2.38,0.67,3.0,2.8,16.0,1.0,0.2,0.5,-10.5,-8.2,32.0,10.3,3.0,35.0,16.0,1.0,0.2,0.5,1.2,2.43,3.77,2.48,3.0,1.88,16.0,1.0,0.2,0.5,11.8,19.9,45.3,28.4,3.0,25.6,16.0,1.0,0.2,0.5,-78.7,83.9,108.1,29.1,7.0,92.4,16.0,0.6,0.5,0.5,-92.7,35.0,96.9,12.1,7.0,92.7,16.0,0.6,0.5,0.5,20.6,53.2,54.3,38.2,4.0,31.5,12.0,0.8,0.3,0.4,-17.6,19.7,57.8,20.1,4.0,58.5,12.0,0.8,0.3,0.4,-5.5,4.0,14.1,4.3,3.0,14.3,16.0,1.0,0.2,0.5,-36.2,6.8,6.9,-14.1,3.0,36.4,16.0,1.0,0.2,0.5,547.0,1443.0,2207.0,1429.5,7.0,833.5,16.0,0.6,0.5,0.5,545.0,1445.0,2205.0,1430.0,7.0,835.0,16.0,0.6,0.5,0.5
1974,2,194.0,40.0,9.94,10.3,11.1,10.42,6.0,0.6,20.0,0.2,0.9,0.4,4.55,9.3,10.5,8.56,8.0,3.33,18.0,0.1,0.8,0.4,4.7,5.39,6.03,5.35,8.0,0.95,18.0,0.1,0.8,0.4,72.6,75.8,83.4,77.2,8.0,8.5,18.0,0.1,0.4,8.7,9.0,10.63,9.64,8.0,1.93,18.0,0.1,0.8,0.4,1.73,4.02,8.42,5.24,8.0,3.95,18.0,0.1,0.8,0.4,-8.83,-8.0,2.3,-5.02,8.0,5.84,18.0,0.1,0.8,0.4,994.52,1020.1,1031.96,1015.28,8.0,17.75,18.0,0.1,0.8,0.4,2.0,3.5,7.7,4.1,8.0,2.7,18.0,0.1,0.8,0.4,15.6,38.9,77.3,55.1,8.0,55.4,18.0,0.1,0.8,0.4,-79.4,-70.3,19.0,-50.5,8.0,53.9,18.0,0.1,0.8,0.4,-0.06,0.55,0.92,0.22,6.0,1.2,20.0,0.2,0.9,0.4,-2.9,5.0,7.8,-0.1,6.0,15.0,20.0,0.2,0.9,0.4,1.74,2.06,2.29,2.03,6.0,0.32,20.0,0.2,0.9,0.4,15.3,17.7,23.7,19.5,6.0,5.5,20.0,0.2,0.9,0.4,14.4,21.6,88.2,50.8,8.0,56.8,18.0,0.1,0.8,0.4,-80.9,-51.9,27.2,-36.8,8.0,51.4,18.0,0.1,0.8,0.4,9.4,16.7,56.2,29.6,8.0,26.1,18.0,0.1,0.8,0.4,-47.0,-36.8,16.1,-24.3,8.0,31.2,18.0,0.1,0.8,0.4,3.6,9.7,16.6,11.2,6.0,9.3,20.0,0.2,0.9,0.4,-18.1,-12.7,6.3,-8.0,6.0,13.2,20.0,0.2,0.9,0.4,658.5,729.0,1209.0,997.5,8.0,719.5,18.0,0.1,0.8,0.4,660.0,730.0,1210.0,1000.0,8.0,720.0,18.0,0.1,0.8,0.4
1974,2,194.0,41.0,10.74,11.0,11.52,11.13,4.0,0.63,16.0,0.8,0.7,0.4,7.89,9.0,10.18,9.04,5.0,1.22,18.0,0.8,0.6,0.5,4.94,5.31,6.59,5.66,5.0,0.9,18.0,0.8,0.6,0.5,74.3,78.0,84.1,79.1,5.0,5.7,18.0,0.8,0.5,5.39,9.3,14.02,9.68,5.0,5.31,18.0,0.8,0.6,0.5,-6.51,3.05,9.37,1.89,5.0,10.72,18.0,0.8,0.6,0.5,-5.07,0.0,1.91,-1.37,5.0,4.86,18.0,0.8,0.6,0.5,1005.24,1015.0,1029.81,1016.7,5.0,12.95,18.0,0.8,0.6,0.5,5.3,7.0,8.0,6.6,5.0,1.7,18.0,0.8,0.6,0.5,-74.0,9.5,125.8,29.5,5.0,159.4,18.0,0.8,0.6,0.5,-61.5,0.0,11.6,-20.2,5.0,44.5,18.0,0.8,0.6,0.5,1.24,1.5,2.29,1.75,4.0,0.87,16.0,0.8,0.7,0.4,6.4,17.8,31.5,18.9,4.0,15.2,16.0,0.8,0.7,0.4,1.86,2.4,2.73,2.3,4.0,0.6,16.0,0.8,0.7,0.4,9.6,25.4,39.6,24.7,4.0,17.8,16.0,0.8,0.7,0.4,-51.5,30.5,89.2,22.4,5.0,92.6,18.0,0.8,0.6,0.5,-41.4,0.0,19.9,-8.7,5.0,41.6,18.0,0.8,0.6,0.5,-32.3,20.4,53.8,13.1,5.0,56.4,18.0,0.8,0.6,0.5,-24.9,0.0,12.6,-5.0,5.0,25.5,18.0,0.8,0.6,0.5,-16.6,8.1,27.8,5.7,4.0,32.2,16.0,0.8,0.7,0.4,-3.9,0.4,5.5,0.8,4.0,7.0,16.0,0.8,0.7,0.4,202.0,804.5,2975.5,1582.0,5.0,1989.5,18.0,0.8,0.6,0.5,200.0,805.0,2975.0,1580.0,5.0,1990.0,18.0,0.8,0.6,0.5
1974,2,194.0,42.0,8.72,9.4,10.0,9.33,6.0,0.69,18.0,0.8,0.8,0.5,8.34,10.0,10.37,9.51,9.0,1.04,14.0,0.7,0.8,0.4,5.27,5.66,6.18,5.67,7.0,0.72,18.0,0.9,0.8,0.5,70.6,81.3,86.7,78.9,7.0,10.7,18.0,0.9,0.5,7.33,10.0,12.33,9.86,9.0,4.04,14.0,0.7,0.8,0.4,5.44,7.09,9.07,7.88,9.0,4.24,14.0,0.7,0.8,0.4,-8.45,1.25,4.03,-1.06,9.0,6.05,14.0,0.7,0.8,0.4,1001.01,1014.0,1030.38,1013.88,9.0,13.75,14.0,0.7,0.8,0.4,4.3,5.0,8.0,6.0,9.0,1.7,14.0,0.7,0.8,0.4,50.3,58.2,105.4,91.2,9.0,92.0,14.0,0.7,0.8,0.4,-85.2,8.3,32.5,-17.4,9.0,64.4,14.0,0.7,0.8,0.4,-0.21,0.55,0.84,0.32,6.0,0.74,18.0,0.8,0.8,0.5,-1.6,3.7,8.0,2.7,6.0,5.9,18.0,0.8,0.8,0.5,1.17,1.42,1.93,1.58,6.0,0.91,18.0,0.8,0.8,0.5,4.8,15.0,26.4,19.1,6.0,20.0,18.0,0.8,0.8,0.5,45.3,67.2,92.8,76.2,9.0,44.3,14.0,0.7,0.8,0.4,-70.5,12.5,43.3,-5.2,9.0,54.0,14.0,0.7,0.8,0.4,26.1,44.0,54.3,43.7,7.0,20.5,18.0,0.9,0.8,0.5,-47.7,0.0,26.1,-10.7,7.0,36.8,18.0,0.9,0.8,0.5,3.7,8.5,21.2,15.6,6.0,21.1,18.0,0.8,0.8,0.5,-13.8,-5.4,2.0,-5.6,6.0,8.1,18.0,0.8,0.8,0.5,395.5,1000.0,1907.5,1417.5,9.0,1766.5,14.0,0.7,0.8,0.4,395.0,1000.0,1910.0,1420.0,9.0,1765.0,14.0,0.7,0.8,0.4
1974,2,194.0,43.0,7.83,8.1,9.41,8.57,6.0,1.32,16.0,0.7,0.8,0.6,5.9,7.2,11.02,7.69,7.0,2.65,14.0,0.7,0.7,0.6,4.62,5.13,5.86,5.32,6.0,0.98,16.0,0.7,0.8,0.6,78.7,85.0,88.1,83.7,6.0,6.4,16.0,0.7,0.6,11.86,12.9,17.37,14.49,7.0,5.07,14.0,0.7,0.7,0.6,9.08,12.12,17.1,13.22,7.0,5.75,14.0,0.7,0.7,0.6,-5.88,-4.29,4.51,-2.04,7.0,5.35,14.0,0.7,0.7,0.6,989.9,997.0,1028.72,1004.31,7.0,17.93,14.0,0.7,0.7,0.6,3.0,6.0,8.0,5.3,7.0,2.6,14.0,0.7,0.7,0.6,108.0,156.4,299.7,216.4,7.0,182.5,14.0,0.7,0.7,0.6,-93.2,-52.1,58.2,-31.1,7.0,72.6,14.0,0.7,0.7,0.6,-0.5,1.0,3.03,1.43,6.0,3.11,16.0,0.7,0.8,0.6,-6.4,16.9,45.6,21.2,6.0,40.7,16.0,0.7,0.8,0.6,1.0,1.29,2.67,1.65,6.0,1.19,16.0,0.7,0.8,0.6,9.6,23.2,42.4,24.5,6.0,17.9,16.0,0.7,0.8,0.6,49.6,100.5,135.1,99.4,7.0,46.8,14.0,0.7,0.7,0.6,-42.3,-17.7,49.7,-5.8,7.0,48.1,14.0,0.7,0.7,0.6,43.7,64.6,90.8,70.9,6.0,35.1,16.0,0.7,0.8,0.6,-32.2,-22.2,-0.6,-13.4,6.0,30.3,16.0,0.7,0.8,0.6,7.4,21.2,41.4,22.8,6.0,17.9,16.0,0.7,0.8,0.6,-10.8,-7.4,-4.2,-7.5,6.0,5.3,16.0,0.7,0.8,0.6,1680.0,2146.5,5398.5,4125.5,7.0,4990.5,14.0,0.7,0.7,0.6,1680.0,2145.0,5400.0,4125.0,7.0,4990.0,14.0,0.7,0.7,0.6
1974,2,194.0,44.0,5.71,6.75,8.83,7.25,4.0,2.33,22.0,0.5,0.5,0.3,3.9,6.0,6.37,5.18,4.0,2.14,22.0,0.5,0.5,0.3,4.05,5.0,5.16,4.63,4.0,0.94,22.0,0.5,0.5,0.3,78.9,84.3,89.4,84.2,4.0,7.2,22.0,0.5,0.3,9.46,12.65,17.36,13.38,4.0,4.88,22.0,0.5,0.5,0.3,6.08,10.36,16.93,11.45,4.0,6.57,22.0,0.5,0.5,0.3,-7.31,-5.9,-2.44,-4.92,4.0,3.47,22.0,0.5,0.5,0.3,1010.78,1028.8,1031.05,1021.28,4.0,17.28,22.0,0.5,0.5,0.3,6.4,8.0,8.0,7.3,4.0,1.5,22.0,0.5,0.5,0.3,58.0,139.8,299.9,177.1,4.0,153.6,22.0,0.5,0.5,0.3,-79.2,-67.5,-27.6,-54.1,4.0,37.4,22.0,0.5,0.5,0.3,-0.62,2.15,4.76,2.08,4.0,3.11,22.0,0.5,0.5,0.3,-11.6,18.1,45.6,17.0,4.0,33.7,22.0,0.5,0.5,0.3,0.68,1.7,2.67,1.68,4.0,1.16,22.0,0.5,0.5,0.3,11.3,17.8,25.6,18.4,4.0,9.0,22.0,0.5,0.5,0.3,22.9,64.0,106.3,64.6,4.0,49.1,22.0,0.5,0.5,0.3,-37.3,-25.1,-7.5,-22.5,4.0,18.2,22.0,0.5,0.5,0.3,25.2,49.7,84.9,54.8,4.0,36.0,22.0,0.5,0.5,0.3,-30.5,-25.5,-12.1,-21.5,4.0,15.0,22.0,0.5,0.5,0.3,10.9,13.5,16.5,13.7,4.0,4.2,22.0,0.5,0.5,0.3,-19.6,-10.6,-2.3,-11.0,4.0,10.4,22.0,0.5,0.5,0.3,865.0,2234.0,5491.5,3135.5,4.0,3092.0,22.0,0.5,0.5,0.3,865.0,2235.0,5490.0,3135.0,4.0,3090.0,22.0,0.5,0.5,0.3
1974,2,194.0,45.0,6.4,6.9,8.25,7.35,6.0,1.43,16.0,0.5,0.8,0.4,5.79,6.35,7.6,6.53,6.0,1.09,16.0,0.5,0.8,0.4,4.68,4.98,5.48,5.07,6.0,1.0,16.0,0.5,0.8,0.4,77.6,84.6,89.2,84.0,6.0,10.3,16.0,0.5,0.4,10.1,13.0,15.48,12.24,7.0,3.56,18.0,0.6,0.7,0.4,1.74,10.3,13.1,8.25,7.0,7.46,18.0,0.6,0.7,0.4,-2.72,0.0,6.31,1.88,7.0,6.95,18.0,0.6,0.7,0.4,1002.64,1010.0,1028.63,1014.29,7.0,13.96,18.0,0.6,0.7,0.4,4.9,8.0,8.0,6.7,7.0,2.0,18.0,0.6,0.7,0.4,7.8,109.6,172.1,99.9,7.0,111.2,18.0,0.6,0.7,0.4,-40.0,0.0,47.4,28.2,7.0,110.8,18.0,0.6,0.7,0.4,-1.0,0.05,3.05,0.82,6.0,2.09,16.0,0.5,0.8,0.4,-8.4,0.7,35.6,11.4,6.0,28.9,16.0,0.5,0.8,0.4,0.5,0.96,2.7,1.29,6.0,1.25,16.0,0.5,0.8,0.4,2.6,11.8,31.7,15.3,6.0,17.4,16.0,0.5,0.8,0.4,3.0,65.4,85.8,45.9,6.0,53.1,16.0,0.5,0.8,0.4,-15.1,0.0,61.1,23.4,6.0,55.5,16.0,0.5,0.8,0.4,0.6,50.3,66.8,35.5,6.0,43.5,16.0,0.5,0.8,0.4,-11.6,0.0,46.1,18.9,6.0,46.2,16.0,0.5,0.8,0.4,2.4,11.7,31.5,16.2,6.0,15.5,16.0,0.5,0.8,0.4,-7.1,-1.2,1.0,-2.0,6.0,4.7,16.0,0.5,0.8,0.4,1052.0,2197.0,3712.5,2221.5,7.0,1603.5,18.0,0.6,0.7,0.4,1050.0,2195.0,3715.0,2220.0,7.0,1605.0,18.0,0.6,0.7,0.4
1974,2,194.0,46.0,5.49,6.0,6.37,5.98,5.0,0.64,16.0,0.6,0.6,0.6,3.28,5.0,5.75,4.54,5.0,1.53,16.0,0.6,0.6,0.6,3.09,3.86,4.68,3.88,4.0,0.98,14.0,0.8,0.4,0.7,61.4,75.7,90.1,75.8,4.0,16.7,14.0,0.8,0.7,10.62,12.0,12.52,11.66,5.0,1.08,16.0,0.6,0.6,0.6,5.57,11.28,12.4,8.71,5.0,6.89,16.0,0.6,0.6,0.6,-6.14,0.0,0.78,-2.33,5.0,4.69,16.0,0.6,0.6,0.6,1007.89,1029.1,1030.15,1021.16,5.0,12.2,16.0,0.6,0.6,0.6,4.6,7.0,8.0,6.4,5.0,1.8,16.0,0.6,0.6,0.6,60.8,135.3,155.4,106.2,5.0,81.7,16.0,0.6,0.6,0.6,-67.7,0.0,9.6,-24.5,5.0,50.1,16.0,0.6,0.6,0.6,0.0,1.4,2.66,1.44,5.0,1.58,16.0,0.6,0.6,0.6,0.0,16.8,28.0,15.5,5.0,16.4,16.0,0.6,0.6,0.6,1.17,1.8,2.66,1.91,4.0,0.88,14.0,0.8,0.4,0.7,13.3,21.5,29.6,21.5,4.0,9.4,14.0,0.8,0.4,0.7,25.1,54.0,72.4,47.0,5.0,33.0,16.0,0.6,0.6,0.6,-17.9,0.0,4.7,-4.9,5.0,13.7,16.0,0.6,0.6,0.6,14.6,45.0,51.5,33.6,4.0,29.4,14.0,0.8,0.4,0.7,-22.5,-8.8,3.8,-9.3,4.0,15.7,14.0,0.8,0.4,0.7,0.7,12.9,21.4,11.1,4.0,16.1,14.0,0.8,0.4,0.7,-16.9,-2.3,2.7,-6.9,4.0,14.7,14.0,0.8,0.4,0.7,1198.5,1728.0,1965.0,1617.5,5.0,434.5,16.0,0.6,0.6,0.6,1200.0,1730.0,1965.0,1620.0,5.0,435.0,16.0,0.6,0.6,0.6
1974,2,194.0,47.0,5.16,6.0,6.21,5.87,6.0,0.71,24.0,0.7,0.6,0.3,1.9,3.0,5.52,3.46,7.0,2.11,24.0,0.6,0.6,0.3,3.04,4.01,4.54,3.85,6.0,0.8,24.0,0.7,0.6,0.3,70.9,76.1,87.3,78.5,6.0,9.5,24.0,0.7,0.3,8.68,12.3,14.57,12.03,7.0,3.42,24.0,0.6,0.6,0.3,-11.35,5.27,11.58,1.75,7.0,11.61,24.0,0.6,0.6,0.3,-9.28,-4.21,2.18,-3.67,7.0,5.15,24.0,0.6,0.6,0.3,1025.28,1029.0,1030.68,1026.29,7.0,8.86,24.0,0.6,0.6,0.3,6.9,8.0,8.0,7.3,7.0,1.1,24.0,0.6,0.6,0.3,-166.5,43.2,142.5,-4.7,7.0,172.3,24.0,0.6,0.6,0.3,-101.3,-51.5,27.7,-38.1,7.0,66.9,24.0,0.6,0.6,0.3,0.4,1.75,4.21,2.17,6.0,2.11,24.0,0.7,0.6,0.3,3.5,23.6,41.6,22.7,6.0,21.1,24.0,0.7,0.6,0.3,1.16,1.53,2.66,1.8,6.0,0.79,24.0,0.7,0.6,0.3,14.0,17.5,23.1,18.9,6.0,6.6,24.0,0.7,0.6,0.3,-33.2,10.6,66.8,16.9,7.0,43.5,24.0,0.6,0.6,0.3,-27.8,-7.1,6.5,-10.2,7.0,17.1,24.0,0.6,0.6,0.3,-1.1,23.1,53.0,19.8,6.0,38.0,24.0,0.7,0.6,0.3,-32.2,-18.0,-2.4,-16.9,6.0,17.7,24.0,0.7,0.6,0.3,5.0,12.8,14.1,8.1,6.0,11.6,24.0,0.7,0.6,0.3,-18.8,-9.0,-1.6,-10.5,6.0,11.1,24.0,0.7,0.6,0.3,653.5,1861.0,3122.0,2120.5,7.0,1840.0,24.0,0.6,0.6,0.3,655.0,1860.0,3120.0,2120.0,7.0,1840.0,24.0,0.6,0.6,0.3
1974,2,194.0,48.0,4.48,5.0,6.02,5.17,7.0,0.85,20.0,0.3,0.5,0.5,2.24,3.0,4.12,2.71,7.0,2.87,20.0,0.3,0.5,0.5,3.34,3.53,3.91,3.68,7.0,0.8,20.0,0.3,0.5,0.5,76.0,77.4,86.0,79.5,7.0,5.4,20.0,0.3,0.5,7.05,11.0,12.47,10.14,7.0,3.84,20.0,0.3,0.5,0.5,3.91,7.2,8.1,6.14,7.0,4.13,20.0,0.3,0.5,0.5,-11.66,-4.35,3.57,-4.36,7.0,7.18,20.0,0.3,0.5,0.5,1007.36,1025.7,1029.55,1018.63,7.0,16.05,20.0,0.3,0.5,0.5,5.8,7.0,8.0,6.6,7.0,2.1,20.0,0.3,0.5,0.5,48.9,65.5,126.6,70.8,7.0,47.9,20.0,0.3,0.5,0.5,-145.8,-37.8,16.1,-61.4,7.0,95.1,20.0,0.3,0.5,0.5,0.88,1.7,3.76,2.46,7.0,3.25,20.0,0.3,0.5,0.5,6.0,17.4,24.6,28.8,7.0,52.0,20.0,0.3,0.5,0.5,1.43,1.67,2.52,1.76,7.0,0.88,20.0,0.3,0.5,0.5,9.9,15.2,20.7,18.0,7.0,14.7,20.0,0.3,0.5,0.5,-7.0,18.8,30.9,17.9,7.0,30.2,20.0,0.3,0.5,0.5,-28.9,0.0,27.0,1.3,7.0,26.8,20.0,0.3,0.5,0.5,13.2,25.5,29.1,23.7,7.0,19.5,20.0,0.3,0.5,0.5,-36.8,-14.7,12.9,-12.6,7.0,24.4,20.0,0.3,0.5,0.5,2.6,10.7,13.7,9.2,7.0,9.2,20.0,0.3,0.5,0.5,-19.3,-7.6,1.4,-10.3,7.0,16.9,20.0,0.3,0.5,0.5,358.5,1331.0,1964.0,1422.0,7.0,1323.5,20.0,0.3,0.5,0.5,360.0,1330.0,1965.0,1420.0,7.0,1325.0,20.0,0.3,0.5,0.5
1974,2,194.0,49.0,2.67,4.75,5.0,3.88,4.0,1.93,16.0,0.3,0.4,0.5,0.38,4.5,6.52,3.5,4.0,4.04,16.0,0.3,0.4,0.5,3.5,3.85,4.73,4.1,4.0,0.98,16.0,0.3,0.4,0.5,72.1,88.4,96.5,84.5,4.0,16.9,16.0,0.3,0.5,8.96,10.05,10.82,9.9,4.0,1.29,16.0,0.3,0.4,0.5,3.63,6.58,7.61,5.66,4.0,2.74,16.0,0.3,0.4,0.5,-6.65,1.75,8.13,0.78,4.0,9.01,16.0,0.3,0.4,0.5,993.17,1014.8,1030.1,1011.78,4.0,21.88,16.0,0.3,0.4,0.5,5.4,7.5,8.0,6.8,4.0,1.9,16.0,0.3,0.4,0.5,39.7,63.5,68.9,54.8,4.0,24.7,16.0,0.3,0.4,0.5,-65.7,19.4,87.3,11.2,4.0,94.8,16.0,0.3,0.4,0.5,-2.0,-1.5,2.93,0.38,4.0,4.11,16.0,0.3,0.4,0.5,-18.1,-13.8,29.7,4.9,4.0,41.5,16.0,0.3,0.4,0.5,0.07,0.88,1.78,0.93,4.0,0.99,16.0,0.3,0.4,0.5,0.7,8.5,18.0,9.3,4.0,10.1,16.0,0.3,0.4,0.5,9.1,28.5,43.7,26.5,4.0,23.4,16.0,0.3,0.4,0.5,5.3,32.2,51.8,28.7,4.0,29.4,16.0,0.3,0.4,0.5,16.7,29.3,30.5,23.9,4.0,12.1,16.0,0.3,0.4,0.5,-22.2,6.6,39.7,8.6,4.0,38.1,16.0,0.3,0.4,0.5,0.5,2.2,8.1,4.2,4.0,5.6,16.0,0.3,0.4,0.5,-10.3,0.0,5.6,-2.3,4.0,12.4,16.0,0.3,0.4,0.5,737.0,1017.0,1276.0,1007.0,4.0,369.5,16.0,0.3,0.4,0.5,735.0,1015.0,1275.0,1005.0,4.0,370.0,16.0,0.3,0.4,0.5
1974,2,194.0,50.0,3.38,4.2,5.62,4.4,6.0,2.24,10.0,0.2,0.6,0.4,3.3,4.0,4.0,3.77,6.0,0.36,10.0,0.2,0.6,0.4,3.46,3.58,4.34,3.8,6.0,0.49,10.0,0.2,0.6,0.4,69.9,71.9,86.4,76.5,6.0,9.6,10.0,0.2,0.4,5.61,9.75,14.21,9.82,6.0,4.41,10.0,0.2,0.6,0.4,0.18,4.19,6.96,2.57,6.0,8.21,10.0,0.2,0.6,0.4,-8.07,-0.36,7.95,-0.29,6.0,7.73,10.0,0.2,0.6,0.4,995.28,1006.0,1025.12,1008.85,6.0,14.57,10.0,0.2,0.6,0.4,5.0,8.0,8.0,7.0,6.0,1.5,10.0,0.2,0.6,0.4,-29.3,36.9,62.2,12.2,6.0,116.4,10.0,0.2,0.6,0.4,-74.6,-1.5,119.7,10.8,6.0,95.0,10.0,0.2,0.6,0.4,-0.62,0.85,1.7,0.63,6.0,2.25,10.0,0.2,0.6,0.4,-2.5,6.3,23.7,11.9,6.0,23.3,10.0,0.2,0.6,0.4,0.49,1.34,2.19,1.45,6.0,1.02,10.0,0.2,0.6,0.4,3.9,12.6,22.8,15.4,6.0,14.9,10.0,0.2,0.6,0.4,0.4,15.5,24.5,9.1,6.0,32.4,10.0,0.2,0.6,0.4,-28.1,-1.4,31.8,-0.3,6.0,30.0,10.0,0.2,0.6,0.4,-0.6,16.2,23.7,7.9,6.0,33.1,10.0,0.2,0.6,0.4,-31.0,-1.2,32.2,-1.8,6.0,31.5,10.0,0.2,0.6,0.4,-1.9,4.4,16.2,6.7,6.0,15.9,10.0,0.2,0.6,0.4,-5.7,-0.2,12.7,3.4,6.0,13.7,10.0,0.2,0.6,0.4,185.5,959.0,2885.0,1423.5,6.0,1446.5,10.0,0.2,0.6,0.4,185.0,960.0,2885.0,1425.0,6.0,1445.0,10.0,0.2,0.6,0.4
1974,2,194.0,51.0,3.13,3.7,4.73,3.86,9.0,0.74,16.0,0.3,0.6,0.3,3.77,5.0,6.07,4.84,9.0,1.49,14.0,0.3,0.7,0.3,3.58,4.53,5.06,4.49,7.0,0.72,16.0,0.3,0.7,0.4,81.9,85.7,87.3,82.9,7.0,9.6,16.0,0.3,0.4,4.66,7.45,9.3,7.14,8.0,2.88,16.0,0.4,0.6,0.3,0.36,4.08,5.76,4.03,8.0,3.7,16.0,0.4,0.6,0.3,-3.26,2.7,7.77,2.67,8.0,5.11,16.0,0.4,0.6,0.3,988.71,1000.6,1024.89,1005.53,10.0,17.25,16.0,0.3,0.6,0.3,4.1,7.0,8.0,6.6,9.0,2.1,16.0,0.2,0.7,0.4,1.8,25.0,45.2,34.8,8.0,40.9,16.0,0.4,0.6,0.3,-17.0,17.9,71.0,23.1,8.0,43.0,16.0,0.4,0.6,0.3,-1.92,-1.05,0.33,-0.74,8.0,1.8,16.0,0.4,0.7,0.3,-12.5,-4.6,6.5,-2.5,7.0,14.1,18.0,0.4,0.7,0.3,0.17,0.5,1.76,0.74,6.0,0.85,18.0,0.3,0.7,0.3,1.0,4.7,9.9,5.2,6.0,5.7,18.0,0.3,0.7,0.3,1.3,17.9,31.9,17.9,8.0,15.1,16.0,0.4,0.6,0.3,-8.0,12.2,45.6,16.4,8.0,26.3,16.0,0.4,0.6,0.3,11.2,21.1,26.8,21.0,7.0,15.1,16.0,0.3,0.7,0.4,-14.2,13.4,40.7,15.1,7.0,24.8,16.0,0.3,0.7,0.4,-0.4,3.7,7.1,3.7,6.0,4.5,18.0,0.3,0.7,0.3,-7.3,-0.5,1.6,-2.1,6.0,4.8,18.0,0.3,0.7,0.3,101.5,415.0,804.5,516.0,8.0,481.0,16.0,0.4,0.6,0.3,100.0,415.0,805.0,515.0,8.0,480.0,16.0,0.4,0.6,0.3
1974,2,194.0,52.0,2.43,4.0,4.7,3.55,10.0,1.51,10.0,0.5,0.5,0.3,-2.33,2.9,4.25,1.58,12.0,3.26,10.0,0.4,0.5,0.3,3.17,3.58,4.38,3.82,9.0,0.83,8.0,0.4,0.5,0.3,72.2,91.7,99.2,87.3,9.0,13.0,8.0,0.4,0.3,10.05,12.6,14.44,12.35,12.0,3.59,10.0,0.4,0.5,0.3,-9.87,0.7,7.45,-0.22,12.0,8.26,10.0,0.4,0.5,0.3,-12.27,-4.39,8.36,-3.04,12.0,10.04,10.0,0.4,0.5,0.3,986.97,994.75,1004.16,996.72,12.0,12.15,10.0,0.4,0.5,0.3,8.0,8.0,8.0,7.9,11.0,0.3,10.0,0.5,0.5,0.3,-123.1,2.9,94.9,-1.2,12.0,113.4,10.0,0.4,0.5,0.3,-158.3,-57.2,97.9,-43.7,12.0,146.9,10.0,0.4,0.5,0.3,0.0,0.9,6.29,2.41,10.0,3.03,10.0,0.5,0.5,0.3,0.0,11.1,74.6,31.5,10.0,41.6,10.0,0.5,0.5,0.3,0.38,1.6,1.76,1.21,8.0,0.77,8.0,0.5,0.5,0.3,4.9,17.7,21.7,15.9,8.0,11.9,8.0,0.5,0.5,0.3,-33.1,0.1,16.9,-5.1,12.0,31.2,10.0,0.4,0.5,0.3,-11.0,16.8,43.1,15.6,12.0,27.4,10.0,0.4,0.5,0.3,-34.5,0.0,38.3,0.8,9.0,32.3,8.0,0.4,0.5,0.3,-44.4,-23.1,47.6,-5.3,9.0,42.6,8.0,0.4,0.5,0.3,-6.4,0.0,9.8,0.4,8.0,11.4,8.0,0.5,0.5,0.3,-18.5,-7.2,0.0,-10.1,8.0,13.5,8.0,0.5,0.5,0.3,1019.5,2004.0,3157.0,2299.0,12.0,1683.5,10.0,0.4,0.5,0.3,1020.0,2005.0,3155.0,2300.0,12.0,1685.0,10.0,0.4,0.5,0.3
1974,2,194.0,53.0,1.0,3.0,3.81,2.75,6.0,1.54,18.0,0.2,0.5,0.4,-1.28,1.5,2.37,0.6,5.0,2.53,18.0,0.2,0.4,0.4,2.92,3.01,3.42,3.16,3.0,0.39,16.0,0.3,0.6,0.4,67.1,80.2,82.0,74.7,3.0,12.0,16.0,0.3,0.4,7.93,13.9,14.62,11.61,7.0,5.34,20.0,0.1,0.6,0.5,2.33,4.93,7.99,5.56,7.0,4.46,20.0,0.1,0.6,0.5,-13.79,-8.74,-2.34,-8.49,7.0,6.78,20.0,0.1,0.6,0.5,1006.95,1017.5,1023.67,1015.93,8.0,9.59,18.0,0.1,0.6,0.5,3.9,7.0,8.0,6.0,7.0,2.2,20.0,0.1,0.6,0.5,6.0,63.2,101.1,65.3,7.0,65.4,20.0,0.1,0.6,0.5,-202.8,-81.3,-22.0,-123.3,7.0,127.9,20.0,0.1,0.6,0.5,0.63,2.0,4.28,2.5,5.0,2.5,18.0,0.2,0.4,0.4,6.9,15.4,29.7,18.1,4.0,17.3,18.0,0.3,0.5,0.4,1.26,1.78,1.82,1.55,3.0,0.46,16.0,0.3,0.6,0.4,17.9,24.7,25.4,21.7,3.0,6.0,16.0,0.3,0.6,0.4,5.5,12.7,28.1,16.6,4.0,17.4,18.0,0.3,0.5,0.4,-16.1,-5.7,-2.0,-8.9,4.0,10.6,18.0,0.3,0.5,0.4,18.1,25.1,34.8,26.4,3.0,12.3,16.0,0.3,0.6,0.4,-42.6,-40.7,-17.6,-30.4,3.0,20.3,16.0,0.3,0.6,0.4,7.4,12.4,21.2,14.2,3.0,10.2,16.0,0.3,0.6,0.4,-19.0,-13.9,-7.4,-13.2,3.0,8.5,16.0,0.3,0.6,0.4,526.0,2685.5,3171.0,2370.0,7.0,2310.0,20.0,0.1,0.6,0.5,525.0,2685.0,3170.0,2370.0,7.0,2310.0,20.0,0.1,0.6,0.5
1974,2,194.0,54.0,1.8,3.3,4.83,3.25,22.0,1.35,12.0,0.1,0.5,0.4,-5.93,-0.5,3.77,-0.97,22.0,4.55,12.0,0.1,0.5,0.4,3.29,3.69,4.51,3.75,12.0,0.94,10.0,0.3,0.5,0.3,79.2,85.0,91.2,83.7,12.0,8.9,10.0,0.3,0.3,5.87,9.8,12.9,9.48,22.0,4.35,12.0,0.1,0.5,0.4,-3.32,0.75,7.64,1.49,22.0,5.92,12.0,0.1,0.5,0.4,-11.13,-4.58,3.05,-4.54,22.0,7.35,12.0,0.1,0.5,0.4,987.17,1004.5,1018.23,1003.23,22.0,15.01,12.0,0.1,0.5,0.4,3.0,7.0,8.0,5.8,21.0,2.7,12.0,0.1,0.5,0.4,-24.5,1.1,78.7,11.8,22.0,69.8,12.0,0.1,0.5,0.4,-129.6,-42.1,17.1,-62.8,22.0,108.6,12.0,0.1,0.5,0.4,-0.33,3.9,8.97,4.22,22.0,4.16,12.0,0.1,0.5,0.4,-1.7,29.7,85.5,42.1,22.0,54.1,12.0,0.1,0.5,0.4,0.42,0.98,2.12,1.25,12.0,0.97,10.0,0.3,0.5,0.3,2.4,6.7,17.2,9.0,12.0,6.8,10.0,0.3,0.5,0.3,-22.5,0.0,14.9,-2.7,22.0,17.9,12.0,0.1,0.5,0.4,-5.9,16.0,53.7,22.4,22.0,46.5,12.0,0.1,0.5,0.4,-14.6,6.7,29.4,6.0,12.0,26.5,10.0,0.3,0.5,0.3,-18.1,-3.1,18.3,-0.6,12.0,22.5,10.0,0.3,0.5,0.3,-2.8,2.6,12.3,2.5,12.0,9.6,10.0,0.3,0.5,0.3,-6.6,-0.8,4.1,-1.1,12.0,5.8,10.0,0.3,0.5,0.3,203.0,941.0,2146.5,1393.5,22.0,1885.5,12.0,0.1,0.5,0.4,205.0,940.0,2145.0,1395.0,22.0,1885.0,12.0,0.1,0.5,0.4
1974,2,194.0,55.0,1.0,1.5,2.0,1.44,28.0,0.6,16.0,0.3,0.6,0.7,-11.0,-2.1,1.44,-4.32,27.0,5.61,16.0,0.3,0.6,0.7,1.37,2.52,3.73,2.53,26.0,1.12,16.0,0.3,0.6,0.7,72.3,86.3,93.4,85.3,26.0,10.5,16.0,0.3,0.7,6.76,12.9,15.4,11.61,27.0,4.2,16.0,0.2,0.6,0.7,-9.84,0.0,5.26,-1.1,27.0,7.19,16.0,0.2,0.6,0.7,-12.63,-6.66,8.47,-3.32,27.0,9.65,16.0,0.2,0.6,0.7,987.71,1004.45,1018.24,1004.33,28.0,13.27,16.0,0.3,0.6,0.7,6.0,8.0,8.0,7.1,19.0,1.4,14.0,0.4,0.6,0.7,-116.8,0.0,47.4,-15.9,27.0,105.2,16.0,0.2,0.6,0.7,-163.6,-58.0,76.6,-45.5,27.0,136.2,16.0,0.2,0.6,0.7,0.0,4.9,12.44,5.79,27.0,5.62,16.0,0.3,0.6,0.7,-0.3,43.3,153.8,64.1,26.0,72.2,16.0,0.2,0.6,0.7,0.42,2.13,2.82,1.71,26.0,1.15,16.0,0.3,0.6,0.7,2.6,17.1,36.3,19.8,25.0,14.7,16.0,0.2,0.6,0.7,-9.6,0.0,88.8,18.4,26.0,45.6,16.0,0.2,0.6,0.7,0.0,23.1,118.9,45.0,26.0,53.2,16.0,0.2,0.6,0.7,-14.9,0.0,17.7,-1.4,25.0,21.9,16.0,0.2,0.6,0.7,-22.4,-11.4,26.8,-1.3,25.0,28.0,16.0,0.2,0.6,0.7,-21.8,0.0,5.2,-4.8,25.0,13.4,16.0,0.2,0.6,0.7,-33.4,-8.1,3.3,-11.4,25.0,16.8,16.0,0.2,0.6,0.7,310.0,2146.5,3652.5,2118.5,27.0,1651.0,16.0,0.2,0.6,0.7,310.0,2145.0,3650.0,2120.0,27.0,1650.0,16.0,0.2,0.6,0.7
1974,2,194.0,56.0,1.37,1.5,2.0,1.58,12.0,0.36,14.0,0.3,0.6,0.0,-11.63,-10.25,-1.37,-7.71,12.0,5.06,14.0,0.3,0.6,0.0,1.33,1.5,3.1,2.07,11.0,1.01,12.0,0.3,0.6,0.0,82.5,83.9,89.8,86.3,11.0,5.6,12.0,0.3,0.0,10.92,14.9,16.06,13.49,12.0,4.43,14.0,0.3,0.6,0.0,-9.35,-7.07,0.44,-5.77,12.0,6.24,14.0,0.3,0.6,0.0,-13.61,-13.27,0.36,-9.25,12.0,7.05,14.0,0.3,0.6,0.0,999.36,1003.15,1016.26,1006.46,12.0,10.87,14.0,0.3,0.6,0.0,4.9,7.0,8.0,6.4,7.0,1.9,12.0,0.6,0.5,0.0,-140.4,-100.9,2.3,-88.5,12.0,103.2,14.0,0.3,0.6,0.0,-205.9,-191.1,1.5,-138.0,12.0,113.6,14.0,0.3,0.6,0.0,3.37,11.5,12.75,9.29,12.0,4.76,14.0,0.3,0.6,0.0,25.3,178.6,197.5,133.1,12.0,80.6,14.0,0.3,0.6,0.0,1.3,2.74,2.84,2.19,11.0,0.89,12.0,0.3,0.6,0.0,7.8,39.4,43.8,30.2,11.0,16.8,12.0,0.3,0.6,0.0,-4.9,10.0,81.8,31.4,12.0,44.5,14.0,0.3,0.6,0.0,-0.5,136.7,167.1,101.9,12.0,76.9,14.0,0.3,0.6,0.0,-25.5,-10.6,1.1,-14.9,11.0,23.2,12.0,0.3,0.6,0.0,-19.6,-16.8,1.8,-12.2,11.0,11.0,12.0,0.3,0.6,0.0,-21.4,-8.2,1.0,-9.5,11.0,11.0,12.0,0.3,0.6,0.0,-40.0,-36.8,0.8,-24.8,11.0,19.8,12.0,0.3,0.6,0.0,1634.5,3319.0,4206.5,3083.5,12.0,1798.0,14.0,0.3,0.6,0.0,1635.0,3320.0,4205.0,3085.0,12.0,1800.0,14.0,0.3,0.6,0.0
1974,2,194.0,57.0,,,,,,,,,,,,,,,,,,,,,,,,,,,,,,,,,,,,,,,,8.12,10.1,12.08,10.1,2.0,4.1,8.0,0.5,0.3,0.1,-9.37,-8.1,-6.83,-8.1,2.0,2.63,8.0,0.5,0.3,0.1,-1.7,2.38,6.46,2.38,2.0,8.45,8.0,0.5,0.3,0.1,989.51,989.75,989.99,989.75,2.0,0.49,8.0,0.5,0.3,0.1,,,,,,,,,,,,,,,,,,,,,,,,,,,,,,,,,,,,,,,,,,,,,,,,,,,,,,,,,,,,,,,,,,,,,,,,,,,,,,,,,,,,,,,,,,,,,,,,,,,,,,,,,,,,,,,,,,,,,,,,,,,,,,,,,,,,,,,,,,,,,,,,,,,,,,
1974,2,195.0,-73.0,0.0,0.0,0.0,0.0,1.0,0.0,18.0,0.0,0.4,0.8,-3.3,-3.3,-3.3,-3.3,1.0,0.0,18.0,0.0,0.4,0.8,2.75,2.75,2.75,2.75,1.0,0.0,18.0,0.0,0.4,0.8,89.4,89.4,89.4,89.4,1.0,0.0,18.0,0.0,0.8,6.2,6.2,6.2,6.2,1.0,0.0,18.0,0.0,0.4,0.8,0.0,0.0,0.0,0.0,1.0,0.0,18.0,0.0,0.4,0.8,6.2,6.2,6.2,6.2,1.0,0.0,18.0,0.0,0.4,0.8,976.1,976.1,976.1,976.1,1.0,0.0,18.0,0.0,0.4,0.8,8.0,8.0,8.0,8.0,1.0,0.0,18.0,0.0,0.4,0.8,0.0,0.0,0.0,0.0,1.0,0.0,18.0,0.0,0.4,0.8,38.4,38.4,38.4,38.4,1.0,0.0,18.0,0.0,0.4,0.8,3.3,3.3,3.3,3.3,1.0,0.0,18.0,0.0,0.4,0.8,20.5,20.5,20.5,20.5,1.0,0.0,18.0,0.0,0.4,0.8,1.17,1.17,1.17,1.17,1.0,0.0,18.0,0.0,0.4,0.8,7.3,7.3,7.3,7.3,1.0,0.0,18.0,0.0,0.4,0.8,0.0,0.0,0.0,0.0,1.0,0.0,18.0,0.0,0.4,0.8,-20.5,-20.5,-20.5,-20.5,1.0,0.0,18.0,0.0,0.4,0.8,0.0,0.0,0.0,0.0,1.0,0.0,18.0,0.0,0.4,0.8,17.0,17.0,17.0,17.0,1.0,0.0,18.0,0.0,0.4,0.8,0.0,0.0,0.0,0.0,1.0,0.0,18.0,0.0,0.4,0.8,7.3,7.3,7.3,7.3,1.0,0.0,18.0,0.0,0.4,0.8,238.5,238.5,238.5,238.5,1.0,0.0,18.0,0.0,0.4,0.8,240.0,240.0,240.0,240.0,1.0,0.0,18.0,0.0,0.4,0.8
1974,2,195.0,-58.0,5.0,5.0,5.0,5.0,1.0,0.0,18.0,0.0,0.6,0.2,5.0,5.0,5.0,5.0,1.0,0.0,18.0,0.0,0.6,0.2,5.03,5.03,5.03,5.03,1.0,0.0,18.0,0.0,0.6,0.2,92.6,92.6,92.6,92.6,1.0,0.0,18.0,0.0,0.2,,,,,,,,,,,,,,,,,,,,,,,,,,,,,,,,,,,,,,,,,,,,,,,,,,,,,,,,,,,,,,,,,,,,,,,,,,,,,,,,,,,,,,,,,,,,,,,,,,,,,,,,,,,,,,,,,,,,,,,,,,,,,,,,,,,,,,,,,,,,,,,,,,,,,,,,,,,,,,,,,,,,,,,,,,,,,,,,,,,,,,,,,,,,,,
1974,2,195.0,-54.0,,,,,,,,,,,,,,,,,,,,,,,,,,,,,,,,,,,,,,,,8.0,8.0,8.0,8.0,1.0,0.0,20.0,1.0,1.0,0.4,6.13,6.13,6.13,6.13,1.0,0.0,20.0,1.0,1.0,0.4,-5.14,-5.14,-5.14,-5.14,1.0,0.0,20.0,1.0,1.0,0.4,1015.1,1015.1,1015.1,1015.1,1.0,0.0,20.0,1.0,1.0,0.4,,,,,,,,,,,,,,,,,,,,,,,,,,,,,,,,,,,,,,,,,,,,,,,,,,,,,,,,,,,,,,,,,,,,,,,,,,,,,,,,,,,,,,,,,,,,,,,,,,,,,,,,,,,,,,,,,,,,,,,,,,,,,,,,,,,,,,,,,,,,,,,,,,,,,,
1974,2,195.0,-47.0,,,,,,,,,,,,,,,,,,,,,,,,,,,,,,,,,,,,,,,,8.0,8.0,8.0,8.0,1.0,0.0,4.0,0.0,0.9,0.5,7.88,7.88,7.88,7.88,1.0,0.0,4.0,0.0,0.9,0.5,1.39,1.39,1.39,1.39,1.0,0.0,4.0,0.0,0.9,0.5,1017.9,1017.9,1017.9,1017.9,1.0,0.0,4.0,0.0,0.9,0.5,,,,,,,,,,,,,,,,,,,,,,,,,,,,,,,,,,,,,,,,,,,,,,,,,,,,,,,,,,,,,,,,,,,,,,,,,,,,,,,,,,,,,,,,,,,,,,,,,,,,,,,,,,,,,,,,,,,,,,,,,,,,,,,,,,,,,,,,,,,,,,,,,,,,,,
1974,2,195.0,-42.0,16.4,16.4,16.4,16.4,1.0,0.0,8.0,0.0,0.8,0.2,16.6,16.6,16.6,16.6,1.0,0.0,8.0,0.0,0.8,0.2,10.65,10.65,10.65,10.65,1.0,0.0,8.0,0.0,0.8,0.2,92.0,92.0,92.0,92.0,1.0,0.0,8.0,0.0,0.2,3.6,3.6,3.6,3.6,1.0,0.0,8.0,0.0,0.8,0.2,-0.63,-0.63,-0.63,-0.63,1.0,0.0,8.0,0.0,0.8,0.2,-3.55,-3.55,-3.55,-3.55,1.0,0.0,8.0,0.0,0.8,0.2,1026.4,1026.4,1026.4,1026.4,1.0,0.0,8.0,0.0,0.8,0.2,8.0,8.0,8.0,8.0,1.0,0.0,8.0,0.0,0.8,0.2,-2.3,-2.3,-2.3,-2.3,1.0,0.0,8.0,0.0,0.8,0.2,-12.8,-12.8,-12.8,-12.8,1.0,0.0,8.0,0.0,0.8,0.2,-0.2,-0.2,-0.2,-0.2,1.0,0.0,8.0,0.0,0.8,0.2,-0.7,-0.7,-0.7,-0.7,1.0,0.0,8.0,0.0,0.8,0.2,0.78,0.78,0.78,0.78,1.0,0.0,8.0,0.0,0.8,0.2,2.8,2.8,2.8,2.8,1.0,0.0,8.0,0.0,0.8,0.2,-10.4,-10.4,-10.4,-10.4,1.0,0.0,8.0,0.0,0.8,0.2,-58.9,-58.9,-58.9,-58.9,1.0,0.0,8.0,0.0,0.8,0.2,-6.7,-6.7,-6.7,-6.7,1.0,0.0,8.0,0.0,0.8,0.2,-37.7,-37.7,-37.7,-37.7,1.0,0.0,8.0,0.0,0.8,0.2,-0.5,-0.5,-0.5,-0.5,1.0,0.0,8.0,0.0,0.8,0.2,-2.8,-2.8,-2.8,-2.8,1.0,0.0,8.0,0.0,0.8,0.2,46.5,46.5,46.5,46.5,1.0,0.0,8.0,0.0,0.8,0.2,45.0,45.0,45.0,45.0,1.0,0.0,8.0,0.0,0.8,0.2
1974,2,195.0,-40.0,19.4,19.4,19.4,19.4,1.0,0.0,26.0,0.0,0.9,1.0,16.3,16.3,16.3,16.3,1.0,0.0,26.0,0.0,0.9,1.0,9.11,9.11,9.11,9.11,1.0,0.0,26.0,0.0,0.9,1.0,80.3,80.3,80.3,80.3,1.0,0.0,26.0,0.0,1.0,6.2,6.2,6.2,6.2,1.0,0.0,26.0,0.0,0.9,1.0,-6.11,-6.11,-6.11,-6.11,1.0,0.0,26.0,0.0,0.9,1.0,1.08,1.08,1.08,1.08,1.0,0.0,26.0,0.0,0.9,1.0,1025.6,1025.6,1025.6,1025.6,1.0,0.0,26.0,0.0,0.9,1.0,8.0,8.0,8.0,8.0,1.0,0.0,26.0,0.0,0.9,1.0,-37.9,-37.9,-37.9,-37.9,1.0,0.0,26.0,0.0,0.9,1.0,6.7,6.7,6.7,6.7,1.0,0.0,26.0,0.0,0.9,1.0,3.1,3.1,3.1,3.1,1.0,0.0,26.0,0.0,0.9,1.0,19.2,19.2,19.2,19.2,1.0,0.0,26.0,0.0,0.9,1.0,4.72,4.72,4.72,4.72,1.0,0.0,26.0,0.0,0.9,1.0,29.3,29.3,29.3,29.3,1.0,0.0,26.0,0.0,0.9,1.0,-99.5,-99.5,-99.5,-99.5,1.0,0.0,26.0,0.0,0.9,1.0,17.5,17.5,17.5,17.5,1.0,0.0,26.0,0.0,0.9,1.0,-55.6,-55.6,-55.6,-55.6,1.0,0.0,26.0,0.0,0.9,1.0,9.8,9.8,9.8,9.8,1.0,0.0,26.0,0.0,0.9,1.0,-28.8,-28.8,-28.8,-28.8,1.0,0.0,26.0,0.0,0.9,1.0,5.1,5.1,5.1,5.1,1.0,0.0,26.0,0.0,0.9,1.0,238.5,238.5,238.5,238.5,1.0,0.0,26.0,0.0,0.9,1.0,240.0,240.0,240.0,240.0,1.0,0.0,26.0,0.0,0.9,1.0
1974,2,195.0,-38.0,,,,,,,,,,,,,,,,,,,,,,,,,,,,,,,,,,,,,,,,2.6,2.6,2.6,2.6,1.0,0.0,18.0,1.0,0.9,0.7,2.25,2.25,2.25,2.25,1.0,0.0,18.0,1.0,0.9,0.7,-1.3,-1.3,-1.3,-1.3,1.0,0.0,18.0,1.0,0.9,0.7,1022.9,1022.9,1022.9,1022.9,1.0,0.0,18.0,1.0,0.9,0.7,,,,,,,,,,,,,,,,,,,,,,,,,,,,,,,,,,,,,,,,,,,,,,,,,,,,,,,,,,,,,,,,,,,,,,,,,,,,,,,,,,,,,,,,,,,,,,,,,,,,,,,,,,,,,,,,,,,,,,,,,,,,,,,,,,,,,,,,,,,,,,,,,,,,,,
1974,2,195.0,-37.0,21.0,21.0,21.0,21.0,1.0,0.0,18.0,1.0,0.9,0.7,23.1,23.1,23.1,23.1,1.0,0.0,18.0,1.0,0.9,0.7,12.48,12.48,12.48,12.48,1.0,0.0,18.0,1.0,0.9,0.7,71.6,71.6,71.6,71.6,1.0,0.0,18.0,1.0,0.7,3.1,3.1,3.1,3.1,1.0,0.0,18.0,1.0,0.9,0.7,3.1,3.1,3.1,3.1,1.0,0.0,18.0,1.0,0.9,0.7,0.0,0.0,0.0,0.0,1.0,0.0,18.0,1.0,0.9,0.7,1020.9,1020.9,1020.9,1020.9,1.0,0.0,18.0,1.0,0.9,0.7,6.0,6.0,6.0,6.0,1.0,0.0,18.0,1.0,0.9,0.7,9.6,9.6,9.6,9.6,1.0,0.0,18.0,1.0,0.9,0.7,0.0,0.0,0.0,0.0,1.0,0.0,18.0,1.0,0.9,0.7,-2.1,-2.1,-2.1,-2.1,1.0,0.0,18.0,1.0,0.9,0.7,-6.5,-6.5,-6.5,-6.5,1.0,0.0,18.0,1.0,0.9,0.7,2.88,2.88,2.88,2.88,1.0,0.0,18.0,1.0,0.9,0.7,8.9,8.9,8.9,8.9,1.0,0.0,18.0,1.0,0.9,0.7,71.6,71.6,71.6,71.6,1.0,0.0,18.0,1.0,0.9,0.7,0.0,0.0,0.0,0.0,1.0,0.0,18.0,1.0,0.9,0.7,38.7,38.7,38.7,38.7,1.0,0.0,18.0,1.0,0.9,0.7,0.0,0.0,0.0,0.0,1.0,0.0,18.0,1.0,0.9,0.7,8.9,8.9,8.9,8.9,1.0,0.0,18.0,1.0,0.9,0.7,0.0,0.0,0.0,0.0,1.0,0.0,18.0,1.0,0.9,0.7,30.0,30.0,30.0,30.0,1.0,0.0,18.0,1.0,0.9,0.7,30.0,30.0,30.0,30.0,1.0,0.0,18.0,1.0,0.9,0.7
1974,2,195.0,-36.0,22.0,22.0,22.0,22.0,1.0,0.0,18.0,1.0,0.1,0.9,22.0,22.0,22.0,22.0,1.0,0.0,18.0,1.0,0.1,0.9,11.12,11.12,11.12,11.12,1.0,0.0,18.0,1.0,0.1,0.9,68.3,68.3,68.3,68.3,1.0,0.0,18.0,1.0,0.9,1.0,1.0,1.0,1.0,1.0,0.0,18.0,1.0,0.1,0.9,0.0,0.0,0.0,0.0,1.0,0.0,18.0,1.0,0.1,0.9,1.0,1.0,1.0,1.0,1.0,0.0,18.0,1.0,0.1,0.9,1021.5,1021.5,1021.5,1021.5,1.0,0.0,18.0,1.0,0.1,0.9,1.0,1.0,1.0,1.0,1.0,0.0,18.0,1.0,0.1,0.9,0.0,0.0,0.0,0.0,1.0,0.0,18.0,1.0,0.1,0.9,1.0,1.0,1.0,1.0,1.0,0.0,18.0,1.0,0.1,0.9,0.0,0.0,0.0,0.0,1.0,0.0,18.0,1.0,0.1,0.9,0.0,0.0,0.0,0.0,1.0,0.0,18.0,1.0,0.1,0.9,5.21,5.21,5.21,5.21,1.0,0.0,18.0,1.0,0.1,0.9,5.2,5.2,5.2,5.2,1.0,0.0,18.0,1.0,0.1,0.9,0.0,0.0,0.0,0.0,1.0,0.0,18.0,1.0,0.1,0.9,22.0,22.0,22.0,22.0,1.0,0.0,18.0,1.0,0.1,0.9,0.0,0.0,0.0,0.0,1.0,0.0,18.0,1.0,0.1,0.9,11.1,11.1,11.1,11.1,1.0,0.0,18.0,1.0,0.1,0.9,0.0,0.0,0.0,0.0,1.0,0.0,18.0,1.0,0.1,0.9,5.2,5.2,5.2,5.2,1.0,0.0,18.0,1.0,0.1,0.9,1.0,1.0,1.0,1.0,1.0,0.0,18.0,1.0,0.1,0.9,0.0,0.0,0.0,0.0,1.0,0.0,18.0,1.0,0.1,0.9
1974,2,195.0,-35.0,21.78,21.95,22.12,21.95,2.0,0.35,26.0,0.5,0.9,0.6,20.02,21.35,22.68,21.35,2.0,2.76,26.0,0.5,0.9,0.6,11.2,13.63,16.06,13.63,2.0,5.04,26.0,0.5,0.9,0.6,76.1,84.1,92.1,84.1,2.0,16.6,26.0,0.5,0.6,6.84,9.3,11.76,9.3,2.0,5.09,26.0,0.5,0.9,0.6,0.0,0.0,0.0,0.0,2.0,0.0,26.0,0.5,0.9,0.6,-9.95,-3.6,2.75,-3.6,2.0,13.15,26.0,0.5,0.9,0.6,1008.39,1011.8,1015.21,1011.8,2.0,7.07,26.0,0.5,0.9,0.6,5.5,6.5,7.5,6.5,2.0,2.1,26.0,0.5,0.9,0.6,0.0,0.0,0.0,0.0,2.0,0.0,26.0,0.5,0.9,0.6,-134.8,-67.0,0.9,-67.0,2.0,140.6,26.0,0.5,0.9,0.6,-0.56,0.6,1.76,0.6,2.0,2.4,26.0,0.5,0.9,0.6,-9.9,-0.5,8.8,-0.5,2.0,19.3,26.0,0.5,0.9,0.6,0.61,2.81,5.01,2.81,2.0,4.56,26.0,0.5,0.9,0.6,0.9,14.5,28.1,14.5,2.0,28.1,26.0,0.5,0.9,0.6,0.0,0.0,0.0,0.0,2.0,0.0,26.0,0.5,0.9,0.6,-235.3,-95.0,45.3,-95.0,2.0,290.7,26.0,0.5,0.9,0.6,0.0,0.0,0.0,0.0,2.0,0.0,26.0,0.5,0.9,0.6,-177.5,-82.2,13.1,-82.2,2.0,197.4,26.0,0.5,0.9,0.6,0.0,0.0,0.0,0.0,2.0,0.0,26.0,0.5,0.9,0.6,10.0,19.9,29.8,19.9,2.0,20.5,26.0,0.5,0.9,0.6,496.5,1166.0,1835.5,1166.0,2.0,1387.0,26.0,0.5,0.9,0.6,495.0,1165.0,1835.0,1165.0,2.0,1385.0,26.0,0.5,0.9,0.6
1974,2,195.0,-34.0,24.4,24.4,24.4,24.4,1.0,0.0,20.0,0.0,0.8,0.2,20.0,20.0,20.0,20.0,1.0,0.0,20.0,0.0,0.8,0.2,13.02,13.02,13.02,13.02,1.0,0.0,20.0,0.0,0.8,0.2,89.9,89.9,89.9,89.9,1.0,0.0,20.0,0.0,0.2,4.1,4.1,4.1,4.1,1.0,0.0,20.0,0.0,0.8,0.2,-3.14,-3.14,-3.14,-3.14,1.0,0.0,20.0,0.0,0.8,0.2,-2.64,-2.64,-2.64,-2.64,1.0,0.0,20.0,0.0,0.8,0.2,1017.0,1017.0,1017.0,1017.0,1.0,0.0,20.0,0.0,0.8,0.2,1.0,1.0,1.0,1.0,1.0,0.0,20.0,0.0,0.8,0.2,-12.9,-12.9,-12.9,-12.9,1.0,0.0,20.0,0.0,0.8,0.2,-10.8,-10.8,-10.8,-10.8,1.0,0.0,20.0,0.0,0.8,0.2,4.4,4.4,4.4,4.4,1.0,0.0,20.0,0.0,0.8,0.2,18.0,18.0,18.0,18.0,1.0,0.0,20.0,0.0,0.8,0.2,5.98,5.98,5.98,5.98,1.0,0.0,20.0,0.0,0.8,0.2,24.5,24.5,24.5,24.5,1.0,0.0,20.0,0.0,0.8,0.2,-62.8,-62.8,-62.8,-62.8,1.0,0.0,20.0,0.0,0.8,0.2,-52.7,-52.7,-52.7,-52.7,1.0,0.0,20.0,0.0,0.8,0.2,-40.9,-40.9,-40.9,-40.9,1.0,0.0,20.0,0.0,0.8,0.2,-34.3,-34.3,-34.3,-34.3,1.0,0.0,20.0,0.0,0.8,0.2,-18.8,-18.8,-18.8,-18.8,1.0,0.0,20.0,0.0,0.8,0.2,-15.8,-15.8,-15.8,-15.8,1.0,0.0,20.0,0.0,0.8,0.2,69.0,69.0,69.0,69.0,1.0,0.0,20.0,0.0,0.8,0.2,70.0,70.0,70.0,70.0,1.0,0.0,20.0,0.0,0.8,0.2
1974,2,195.0,-27.0,27.7,27.7,27.7,27.7,1.0,0.0,20.0,0.0,0.2,1.0,25.2,25.2,25.2,25.2,1.0,0.0,20.0,0.0,0.2,1.0,18.39,18.39,18.39,18.39,1.0,0.0,20.0,0.0,0.2,1.0,92.0,92.0,92.0,92.0,1.0,0.0,20.0,0.0,1.0,5.7,5.7,5.7,5.7,1.0,0.0,20.0,0.0,0.2,1.0,-5.61,-5.61,-5.61,-5.61,1.0,0.0,20.0,0.0,0.2,1.0,0.99,0.99,0.99,0.99,1.0,0.0,20.0,0.0,0.2,1.0,1012.6,1012.6,1012.6,1012.6,1.0,0.0,20.0,0.0,0.2,1.0,3.0,3.0,3.0,3.0,1.0,0.0,20.0,0.0,0.2,1.0,-32.0,-32.0,-32.0,-32.0,1.0,0.0,20.0,0.0,0.2,1.0,5.6,5.6,5.6,5.6,1.0,0.0,20.0,0.0,0.2,1.0,2.5,2.5,2.5,2.5,1.0,0.0,20.0,0.0,0.2,1.0,14.3,14.3,14.3,14.3,1.0,0.0,20.0,0.0,0.2,1.0,4.86,4.86,4.86,4.86,1.0,0.0,20.0,0.0,0.2,1.0,27.7,27.7,27.7,27.7,1.0,0.0,20.0,0.0,0.2,1.0,-141.5,-141.5,-141.5,-141.5,1.0,0.0,20.0,0.0,0.2,1.0,24.9,24.9,24.9,24.9,1.0,0.0,20.0,0.0,0.2,1.0,-103.3,-103.3,-103.3,-103.3,1.0,0.0,20.0,0.0,0.2,1.0,18.2,18.2,18.2,18.2,1.0,0.0,20.0,0.0,0.2,1.0,-27.3,-27.3,-27.3,-27.3,1.0,0.0,20.0,0.0,0.2,1.0,4.8,4.8,4.8,4.8,1.0,0.0,20.0,0.0,0.2,1.0,185.0,185.0,185.0,185.0,1.0,0.0,20.0,0.0,0.2,1.0,185.0,185.0,185.0,185.0,1.0,0.0,20.0,0.0,0.2,1.0
1974,2,195.0,-25.0,27.13,27.2,27.61,27.37,3.0,0.38,22.0,1.0,0.5,0.5,25.53,25.6,26.35,25.93,3.0,0.67,22.0,1.0,0.5,0.5,16.78,17.13,17.58,17.18,3.0,0.58,22.0,1.0,0.5,0.5,79.3,81.5,85.3,82.3,3.0,4.5,22.0,1.0,0.5,5.4,8.2,8.95,7.2,3.0,2.74,22.0,1.0,0.5,0.5,-5.74,0.71,1.2,-2.2,3.0,5.67,22.0,1.0,0.5,0.5,-6.79,-4.04,-3.45,-5.1,3.0,2.61,22.0,1.0,0.5,0.5,1009.88,1010.7,1014.04,1011.93,3.0,3.23,22.0,1.0,0.5,0.5,6.0,6.0,6.7,6.3,3.0,0.6,22.0,1.0,0.5,0.5,-54.6,2.9,8.9,-22.2,3.0,51.3,22.0,1.0,0.5,0.5,-54.6,-29.6,-20.7,-37.5,3.0,25.8,22.0,1.0,0.5,0.5,0.85,1.6,2.01,1.43,3.0,0.86,22.0,1.0,0.5,0.5,4.9,6.6,16.0,10.4,3.0,8.8,22.0,1.0,0.5,0.5,5.51,5.54,5.77,5.64,3.0,0.21,22.0,1.0,0.5,0.5,30.8,45.0,49.4,40.2,3.0,14.3,22.0,1.0,0.5,0.5,-147.0,18.2,31.7,-55.8,3.0,145.7,22.0,1.0,0.5,0.5,-179.9,-103.0,-88.3,-133.3,3.0,72.1,22.0,1.0,0.5,0.5,-102.4,11.8,20.4,-39.7,3.0,100.4,22.0,1.0,0.5,0.5,-115.7,-67.1,-59.9,-87.3,3.0,44.4,22.0,1.0,0.5,0.5,-31.7,4.2,6.7,-12.1,3.0,31.4,22.0,1.0,0.5,0.5,-37.8,-23.8,-19.6,-28.6,3.0,14.0,22.0,1.0,0.5,0.5,222.0,551.5,724.0,475.0,3.0,373.5,22.0,1.0,0.5,0.5,220.0,550.0,725.0,475.0,3.0,375.0,22.0,1.0,0.5,0.5
1974,2,195.0,-24.0,,,,,,,,,,,,,,,,,,,,,,,,,,,,,,,,,,,,,,,,4.6,4.6,4.6,4.6,1.0,0.0,20.0,0.0,0.5,0.5,-4.32,-4.32,-4.32,-4.32,1.0,0.0,20.0,0.0,0.5,0.5,1.57,1.57,1.57,1.57,1.0,0.0,20.0,0.0,0.5,0.5,1011.9,1011.9,1011.9,1011.9,1.0,0.0,20.0,0.0,0.5,0.5,,,,,,,,,,,,,,,,,,,,,,,,,,,,,,,,,,,,,,,,,,,,,,,,,,,,,,,,,,,,,,,,,,,,,,,,,,,,,,,,,,,,,,,,,,,,,,,,,,,,,,,,,,,,,,,,,,,,,,,,,,,,,,,,,,,,,,,,,,,,,,,,,,,,,,
1974,2,195.0,-23.0,27.8,27.8,27.8,27.8,1.0,0.0,4.0,0.0,0.2,0.8,26.0,26.0,26.0,26.0,1.0,0.0,4.0,0.0,0.2,0.8,16.98,16.98,16.98,16.98,1.0,0.0,4.0,0.0,0.2,0.8,81.1,81.1,81.1,81.1,1.0,0.0,4.0,0.0,0.8,6.7,6.7,6.7,6.7,1.0,0.0,4.0,0.0,0.2,0.8,-3.35,-3.35,-3.35,-3.35,1.0,0.0,4.0,0.0,0.2,0.8,5.8,5.8,5.8,5.8,1.0,0.0,4.0,0.0,0.2,0.8,1013.3,1013.3,1013.3,1013.3,1.0,0.0,4.0,0.0,0.2,0.8,3.0,3.0,3.0,3.0,1.0,0.0,4.0,0.0,0.2,0.8,-22.4,-22.4,-22.4,-22.4,1.0,0.0,4.0,0.0,0.2,0.8,38.9,38.9,38.9,38.9,1.0,0.0,4.0,0.0,0.2,0.8,1.8,1.8,1.8,1.8,1.0,0.0,4.0,0.0,0.2,0.8,12.1,12.1,12.1,12.1,1.0,0.0,4.0,0.0,0.2,0.8,6.4,6.4,6.4,6.4,1.0,0.0,4.0,0.0,0.2,0.8,42.9,42.9,42.9,42.9,1.0,0.0,4.0,0.0,0.2,0.8,-87.1,-87.1,-87.1,-87.1,1.0,0.0,4.0,0.0,0.2,0.8,150.9,150.9,150.9,150.9,1.0,0.0,4.0,0.0,0.2,0.8,-56.9,-56.9,-56.9,-56.9,1.0,0.0,4.0,0.0,0.2,0.8,98.5,98.5,98.5,98.5,1.0,0.0,4.0,0.0,0.2,0.8,-21.4,-21.4,-21.4,-21.4,1.0,0.0,4.0,0.0,0.2,0.8,37.1,37.1,37.1,37.1,1.0,0.0,4.0,0.0,0.2,0.8,301.0,301.0,301.0,301.0,1.0,0.0,4.0,0.0,0.2,0.8,300.0,300.0,300.0,300.0,1.0,0.0,4.0,0.0,0.2,0.8
1974,2,195.0,-22.0,27.83,27.9,27.97,27.9,2.0,0.14,16.0,0.0,0.6,0.2,26.16,26.5,26.84,26.5,2.0,0.71,16.0,0.0,0.6,0.2,17.94,17.99,18.04,17.99,2.0,0.11,16.0,0.0,0.6,0.2,81.8,83.1,84.5,83.1,2.0,2.8,16.0,0.0,0.2,1.48,4.65,7.82,4.65,2.0,6.58,16.0,0.0,0.6,0.2,-5.03,-2.99,-0.95,-2.99,2.0,4.23,16.0,0.0,0.6,0.2,1.13,3.56,5.99,3.56,2.0,5.04,16.0,0.0,0.6,0.2,1009.19,1010.45,1011.71,1010.45,2.0,2.62,16.0,0.0,0.6,0.2,1.8,3.5,5.2,3.5,2.0,3.5,16.0,0.0,0.6,0.2,-46.8,-27.8,-8.8,-27.8,2.0,39.3,16.0,0.0,0.6,0.2,10.5,33.1,55.7,33.1,2.0,46.8,16.0,0.0,0.6,0.2,1.13,1.4,1.67,1.4,2.0,0.57,16.0,0.0,0.6,0.2,2.7,8.4,14.1,8.4,2.0,11.8,16.0,0.0,0.6,0.2,5.58,5.59,5.61,5.59,2.0,0.03,16.0,0.0,0.6,0.2,8.2,25.9,43.6,25.9,2.0,36.7,16.0,0.0,0.6,0.2,-130.8,-77.7,-24.7,-77.7,2.0,109.9,16.0,0.0,0.6,0.2,29.4,92.6,155.8,92.6,2.0,131.0,16.0,0.0,0.6,0.2,-90.1,-53.5,-17.0,-53.5,2.0,75.7,16.0,0.0,0.6,0.2,20.3,63.8,107.4,63.8,2.0,90.2,16.0,0.0,0.6,0.2,-28.0,-16.7,-5.3,-16.7,2.0,23.6,16.0,0.0,0.6,0.2,6.3,19.9,33.4,19.9,2.0,28.1,16.0,0.0,0.6,0.2,127.5,402.0,676.5,402.0,2.0,569.0,16.0,0.0,0.6,0.2,130.0,400.0,675.0,400.0,2.0,570.0,16.0,0.0,0.6,0.2
1974,2,195.0,-21.0,27.58,27.75,27.92,27.75,2.0,0.35,12.0,0.5,0.6,0.8,26.14,26.65,27.16,26.65,2.0,1.06,12.0,0.5,0.6,0.8,17.27,17.67,18.07,17.67,2.0,0.83,12.0,0.5,0.6,0.8,80.5,81.1,81.8,81.1,2.0,1.3,12.0,0.5,0.8,7.69,8.75,9.81,8.75,2.0,2.19,12.0,0.5,0.6,0.8,-6.45,-6.07,-5.69,-6.07,2.0,0.78,12.0,0.5,0.6,0.8,-5.9,-1.63,2.64,-1.63,2.0,8.85,12.0,0.5,0.6,0.8,1013.14,1013.45,1013.76,1013.45,2.0,0.64,12.0,0.5,0.6,0.8,4.6,6.0,7.4,6.0,2.0,2.8,12.0,0.5,0.6,0.8,-63.7,-54.0,-44.2,-54.0,2.0,20.1,12.0,0.5,0.6,0.8,-63.1,-24.0,15.1,-24.0,2.0,81.0,12.0,0.5,0.6,0.8,0.42,1.1,1.78,1.1,2.0,1.41,12.0,0.5,0.6,0.8,4.0,11.2,18.3,11.2,2.0,14.8,12.0,0.5,0.6,0.8,4.99,5.63,6.28,5.63,2.0,1.33,12.0,0.5,0.6,0.8,39.2,50.8,62.4,50.8,2.0,24.0,12.0,0.5,0.6,0.8,-168.2,-161.3,-154.4,-161.3,2.0,14.4,12.0,0.5,0.6,0.8,-151.8,-38.8,74.3,-38.8,2.0,234.2,12.0,0.5,0.6,0.8,-111.2,-106.9,-102.7,-106.9,2.0,8.8,12.0,0.5,0.6,0.8,-100.0,-25.2,49.7,-25.2,2.0,155.1,12.0,0.5,0.6,0.8,-40.7,-34.7,-28.7,-34.7,2.0,12.5,12.0,0.5,0.6,0.8,-40.2,-15.1,10.0,-15.1,2.0,52.1,12.0,0.5,0.6,0.8,487.5,733.0,978.5,733.0,2.0,508.5,12.0,0.5,0.6,0.8,485.0,735.0,980.0,735.0,2.0,510.0,12.0,0.5,0.6,0.8
1974,2,195.0,-20.0,27.81,28.7,29.59,28.7,2.0,1.84,18.0,1.0,1.0,0.4,28.56,28.7,28.84,28.7,2.0,0.28,18.0,1.0,1.0,0.4,17.15,17.22,17.29,17.22,2.0,0.14,18.0,1.0,1.0,0.4,69.8,70.0,70.3,70.0,2.0,0.5,18.0,1.0,0.4,4.93,5.65,6.37,5.65,2.0,1.48,18.0,1.0,1.0,0.4,-6.27,-5.56,-4.86,-5.56,2.0,1.46,18.0,1.0,1.0,0.4,-0.85,-0.18,0.49,-0.18,2.0,1.39,18.0,1.0,1.0,0.4,1011.38,1011.55,1011.72,1011.55,2.0,0.35,18.0,1.0,1.0,0.4,5.0,5.0,5.0,5.0,2.0,0.0,18.0,1.0,1.0,0.4,-40.5,-32.5,-24.5,-32.5,2.0,16.5,18.0,1.0,1.0,0.4,-6.0,-2.1,1.9,-2.1,2.0,8.1,18.0,1.0,1.0,0.4,-1.02,0.0,1.02,0.0,2.0,2.12,18.0,1.0,1.0,0.4,-4.2,1.6,7.4,1.6,2.0,12.0,18.0,1.0,1.0,0.4,6.18,7.55,8.91,7.55,2.0,2.83,18.0,1.0,1.0,0.4,31.6,44.7,57.9,44.7,2.0,27.2,18.0,1.0,1.0,0.4,-179.0,-159.5,-140.0,-159.5,2.0,40.4,18.0,1.0,1.0,0.4,-24.2,-5.0,14.2,-5.0,2.0,39.8,18.0,1.0,1.0,0.4,-107.5,-95.7,-83.9,-95.7,2.0,24.4,18.0,1.0,1.0,0.4,-14.6,-3.0,8.5,-3.0,2.0,23.9,18.0,1.0,1.0,0.4,-57.0,-44.1,-31.1,-44.1,2.0,26.8,18.0,1.0,1.0,0.4,-8.6,-3.3,2.0,-3.3,2.0,11.0,18.0,1.0,1.0,0.4,129.5,199.0,268.5,199.0,2.0,144.0,18.0,1.0,1.0,0.4,130.0,200.0,270.0,200.0,2.0,145.0,18.0,1.0,1.0,0.4
1974,2,195.0,-19.0,27.8,27.8,27.8,27.8,1.0,0.0,26.0,0.0,0.2,0.3,27.3,27.3,27.3,27.3,1.0,0.0,26.0,0.0,0.2,0.3,18.45,18.45,18.45,18.45,1.0,0.0,26.0,0.0,0.2,0.3,81.2,81.2,81.2,81.2,1.0,0.0,26.0,0.0,0.3,4.6,4.6,4.6,4.6,1.0,0.0,26.0,0.0,0.2,0.3,-4.32,-4.32,-4.32,-4.32,1.0,0.0,26.0,0.0,0.2,0.3,-1.57,-1.57,-1.57,-1.57,1.0,0.0,26.0,0.0,0.2,0.3,1009.8,1009.8,1009.8,1009.8,1.0,0.0,26.0,0.0,0.2,0.3,7.0,7.0,7.0,7.0,1.0,0.0,26.0,0.0,0.2,0.3,-19.9,-19.9,-19.9,-19.9,1.0,0.0,26.0,0.0,0.2,0.3,-7.2,-7.2,-7.2,-7.2,1.0,0.0,26.0,0.0,0.2,0.3,0.5,0.5,0.5,0.5,1.0,0.0,26.0,0.0,0.2,0.3,2.3,2.3,2.3,2.3,1.0,0.0,26.0,0.0,0.2,0.3,5.01,5.01,5.01,5.01,1.0,0.0,26.0,0.0,0.2,0.3,23.1,23.1,23.1,23.1,1.0,0.0,26.0,0.0,0.2,0.3,-118.0,-118.0,-118.0,-118.0,1.0,0.0,26.0,0.0,0.2,0.3,-43.0,-43.0,-43.0,-43.0,1.0,0.0,26.0,0.0,0.2,0.3,-79.7,-79.7,-79.7,-79.7,1.0,0.0,26.0,0.0,0.2,0.3,-29.0,-29.0,-29.0,-29.0,1.0,0.0,26.0,0.0,0.2,0.3,-21.7,-21.7,-21.7,-21.7,1.0,0.0,26.0,0.0,0.2,0.3,-7.9,-7.9,-7.9,-7.9,1.0,0.0,26.0,0.0,0.2,0.3,97.5,97.5,97.5,97.5,1.0,0.0,26.0,0.0,0.2,0.3,95.0,95.0,95.0,95.0,1.0,0.0,26.0,0.0,0.2,0.3
1974,2,195.0,-18.0,28.16,28.5,28.84,28.5,2.0,0.71,14.0,1.0,0.8,0.6,27.72,28.2,28.68,28.2,2.0,0.99,14.0,1.0,0.8,0.6,18.83,19.15,19.47,19.15,2.0,0.67,14.0,1.0,0.8,0.6,76.5,80.1,83.6,80.1,2.0,7.3,14.0,1.0,0.6,5.01,5.9,6.79,5.9,2.0,1.84,14.0,1.0,0.8,0.6,-3.42,-1.03,1.35,-1.03,2.0,4.94,14.0,1.0,0.8,0.6,-5.82,-3.78,-1.75,-3.78,2.0,4.22,14.0,1.0,0.8,0.6,1008.81,1009.05,1009.29,1009.05,2.0,0.49,14.0,1.0,0.8,0.6,5.3,6.0,6.7,6.0,2.0,1.4,14.0,1.0,0.8,0.6,-14.7,-1.6,11.6,-1.6,2.0,27.3,14.0,1.0,0.8,0.6,-41.6,-26.2,-10.8,-26.2,2.0,31.8,14.0,1.0,0.8,0.6,0.16,0.3,0.44,0.3,2.0,0.28,14.0,1.0,0.8,0.6,1.0,2.0,3.1,2.0,2.0,2.2,14.0,1.0,0.8,0.6,4.52,5.33,6.14,5.33,2.0,1.68,14.0,1.0,0.8,0.6,29.9,29.9,29.9,29.9,2.0,0.1,14.0,1.0,0.8,0.6,-99.4,-31.6,36.2,-31.6,2.0,140.5,14.0,1.0,0.8,0.6,-160.2,-104.6,-48.9,-104.6,2.0,115.2,14.0,1.0,0.8,0.6,-63.5,-18.1,27.2,-18.1,2.0,94.0,14.0,1.0,0.8,0.6,-114.1,-73.8,-33.6,-73.8,2.0,83.3,14.0,1.0,0.8,0.6,-23.2,-9.7,3.9,-9.7,2.0,28.1,14.0,1.0,0.8,0.6,-24.4,-16.6,-8.8,-16.6,2.0,16.1,14.0,1.0,0.8,0.6,141.0,235.5,329.5,235.5,2.0,195.0,14.0,1.0,0.8,0.6,140.0,235.0,330.0,235.0,2.0,195.0,14.0,1.0,0.8,0.6
1974,2,195.0,-17.0,28.5,28.5,28.5,28.5,1.0,0.0,14.0,1.0,0.1,0.6,27.8,27.8,27.8,27.8,1.0,0.0,14.0,1.0,0.1,0.6,18.6,18.6,18.6,18.6,1.0,0.0,14.0,1.0,0.1,0.6,79.3,79.3,79.3,79.3,1.0,0.0,14.0,1.0,0.6,7.7,7.7,7.7,7.7,1.0,0.0,14.0,1.0,0.1,0.6,-4.95,-4.95,-4.95,-4.95,1.0,0.0,14.0,1.0,0.1,0.6,-5.9,-5.9,-5.9,-5.9,1.0,0.0,14.0,1.0,0.1,0.6,1007.5,1007.5,1007.5,1007.5,1.0,0.0,14.0,1.0,0.1,0.6,7.0,7.0,7.0,7.0,1.0,0.0,14.0,1.0,0.1,0.6,-38.1,-38.1,-38.1,-38.1,1.0,0.0,14.0,1.0,0.1,0.6,-45.4,-45.4,-45.4,-45.4,1.0,0.0,14.0,1.0,0.1,0.6,0.7,0.7,0.7,0.7,1.0,0.0,14.0,1.0,0.1,0.6,5.4,5.4,5.4,5.4,1.0,0.0,14.0,1.0,0.1,0.6,5.91,5.91,5.91,5.91,1.0,0.0,14.0,1.0,0.1,0.6,45.5,45.5,45.5,45.5,1.0,0.0,14.0,1.0,0.1,0.6,-137.6,-137.6,-137.6,-137.6,1.0,0.0,14.0,1.0,0.1,0.6,-164.0,-164.0,-164.0,-164.0,1.0,0.0,14.0,1.0,0.1,0.6,-92.1,-92.1,-92.1,-92.1,1.0,0.0,14.0,1.0,0.1,0.6,-109.7,-109.7,-109.7,-109.7,1.0,0.0,14.0,1.0,0.1,0.6,-29.2,-29.2,-29.2,-29.2,1.0,0.0,14.0,1.0,0.1,0.6,-34.8,-34.8,-34.8,-34.8,1.0,0.0,14.0,1.0,0.1,0.6,456.5,456.5,456.5,456.5,1.0,0.0,14.0,1.0,0.1,0.6,455.0,455.0,455.0,455.0,1.0,0.0,14.0,1.0,0.1,0.6
1974,2,195.0,-16.0,27.1,28.05,29.21,28.15,4.0,1.24,16.0,0.8,0.6,0.5,26.1,27.3,28.19,27.15,4.0,1.56,16.0,0.8,0.6,0.5,16.99,17.57,18.95,17.95,4.0,1.29,16.0,0.8,0.6,0.5,73.6,75.1,87.7,80.4,4.0,12.3,16.0,0.8,0.5,4.84,5.65,6.2,5.53,4.0,0.81,16.0,0.8,0.6,0.5,-6.16,-5.6,-2.01,-4.15,4.0,3.34,16.0,0.8,0.6,0.5,-2.89,-0.54,0.0,-1.4,4.0,2.15,16.0,0.8,0.6,0.5,1010.0,1010.0,1012.36,1011.13,4.0,2.25,16.0,0.8,0.6,0.5,1.4,3.0,4.6,3.0,4.0,2.4,16.0,0.8,0.6,0.5,-38.2,-31.9,-10.5,-24.7,4.0,19.7,16.0,0.8,0.6,0.5,-14.1,-3.3,0.0,-6.9,4.0,9.8,16.0,0.8,0.6,0.5,-0.21,0.0,2.31,1.0,4.0,2.27,16.0,0.8,0.6,0.5,-1.1,0.0,10.6,4.6,4.0,10.5,16.0,0.8,0.6,0.5,5.45,5.89,6.58,6.01,4.0,0.71,16.0,0.8,0.6,0.5,27.9,31.6,38.9,33.3,4.0,7.2,16.0,0.8,0.6,0.5,-172.9,-152.9,-56.0,-116.2,4.0,92.3,16.0,0.8,0.6,0.5,-73.5,-14.6,0.0,-35.7,4.0,53.8,16.0,0.8,0.6,0.5,-108.1,-95.2,-33.1,-71.7,4.0,59.3,16.0,0.8,0.6,0.5,-55.5,-9.1,0.0,-26.9,4.0,42.5,16.0,0.8,0.6,0.5,-38.7,-30.6,-10.3,-24.8,4.0,20.9,16.0,0.8,0.6,0.5,-17.6,-3.0,0.0,-8.5,4.0,13.4,16.0,0.8,0.6,0.5,114.0,185.5,238.5,176.5,4.0,72.5,16.0,0.8,0.6,0.5,115.0,185.0,240.0,175.0,4.0,75.0,16.0,0.8,0.6,0.5
1974,2,195.0,-14.0,27.7,27.7,27.7,27.7,1.0,0.0,10.0,1.0,0.3,0.9,26.8,26.8,26.8,26.8,1.0,0.0,10.0,1.0,0.3,0.9,20.09,20.09,20.09,20.09,1.0,0.0,10.0,1.0,0.3,0.9,91.0,91.0,91.0,91.0,1.0,0.0,10.0,1.0,0.9,5.7,5.7,5.7,5.7,1.0,0.0,10.0,1.0,0.3,0.9,-2.85,-2.85,-2.85,-2.85,1.0,0.0,10.0,1.0,0.3,0.9,-4.94,-4.94,-4.94,-4.94,1.0,0.0,10.0,1.0,0.3,0.9,1009.5,1009.5,1009.5,1009.5,1.0,0.0,10.0,1.0,0.3,0.9,8.0,8.0,8.0,8.0,1.0,0.0,10.0,1.0,0.3,0.9,-16.2,-16.2,-16.2,-16.2,1.0,0.0,10.0,1.0,0.3,0.9,-28.1,-28.1,-28.1,-28.1,1.0,0.0,10.0,1.0,0.3,0.9,0.9,0.9,0.9,0.9,1.0,0.0,10.0,1.0,0.3,0.9,5.1,5.1,5.1,5.1,1.0,0.0,10.0,1.0,0.3,0.9,3.24,3.24,3.24,3.24,1.0,0.0,10.0,1.0,0.3,0.9,18.5,18.5,18.5,18.5,1.0,0.0,10.0,1.0,0.3,0.9,-76.4,-76.4,-76.4,-76.4,1.0,0.0,10.0,1.0,0.3,0.9,-132.3,-132.3,-132.3,-132.3,1.0,0.0,10.0,1.0,0.3,0.9,-57.2,-57.2,-57.2,-57.2,1.0,0.0,10.0,1.0,0.3,0.9,-99.2,-99.2,-99.2,-99.2,1.0,0.0,10.0,1.0,0.3,0.9,-9.2,-9.2,-9.2,-9.2,1.0,0.0,10.0,1.0,0.3,0.9,-16.0,-16.0,-16.0,-16.0,1.0,0.0,10.0,1.0,0.3,0.9,185.0,185.0,185.0,185.0,1.0,0.0,10.0,1.0,0.3,0.9,185.0,185.0,185.0,185.0,1.0,0.0,10.0,1.0,0.3,0.9
1974,2,195.0,-13.0,,,,,,,,,,,,,,,,,,,,,,,,,,,,,,,,,,,,,,,,4.6,4.6,4.6,4.6,1.0,0.0,2.0,0.0,0.3,0.8,-2.96,-2.96,-2.96,-2.96,1.0,0.0,2.0,0.0,0.3,0.8,-3.52,-3.52,-3.52,-3.52,1.0,0.0,2.0,0.0,0.3,0.8,1013.8,1013.8,1013.8,1013.8,1.0,0.0,2.0,0.0,0.3,0.8,,,,,,,,,,,,,,,,,,,,,,,,,,,,,,,,,,,,,,,,,,,,,,,,,,,,,,,,,,,,,,,,,,,,,,,,,,,,,,,,,,,,,,,,,,,,,,,,,,,,,,,,,,,,,,,,,,,,,,,,,,,,,,,,,,,,,,,,,,,,,,,,,,,,,,
1974,2,195.0,-9.0,28.3,28.3,28.3,28.3,1.0,0.0,10.0,0.0,0.2,0.5,25.4,25.4,25.4,25.4,1.0,0.0,10.0,0.0,0.2,0.5,17.5,17.5,17.5,17.5,1.0,0.0,10.0,0.0,0.2,0.5,86.1,86.1,86.1,86.1,1.0,0.0,10.0,0.0,0.5,6.2,6.2,6.2,6.2,1.0,0.0,10.0,0.0,0.2,0.5,-2.12,-2.12,-2.12,-2.12,1.0,0.0,10.0,0.0,0.2,0.5,-5.83,-5.83,-5.83,-5.83,1.0,0.0,10.0,0.0,0.2,0.5,1007.3,1007.3,1007.3,1007.3,1.0,0.0,10.0,0.0,0.2,0.5,8.0,8.0,8.0,8.0,1.0,0.0,10.0,0.0,0.2,0.5,-13.1,-13.1,-13.1,-13.1,1.0,0.0,10.0,0.0,0.2,0.5,-36.1,-36.1,-36.1,-36.1,1.0,0.0,10.0,0.0,0.2,0.5,2.9,2.9,2.9,2.9,1.0,0.0,10.0,0.0,0.2,0.5,18.0,18.0,18.0,18.0,1.0,0.0,10.0,0.0,0.2,0.5,6.72,6.72,6.72,6.72,1.0,0.0,10.0,0.0,0.2,0.5,41.7,41.7,41.7,41.7,1.0,0.0,10.0,0.0,0.2,0.5,-53.9,-53.9,-53.9,-53.9,1.0,0.0,10.0,0.0,0.2,0.5,-148.0,-148.0,-148.0,-148.0,1.0,0.0,10.0,0.0,0.2,0.5,-37.1,-37.1,-37.1,-37.1,1.0,0.0,10.0,0.0,0.2,0.5,-102.0,-102.0,-102.0,-102.0,1.0,0.0,10.0,0.0,0.2,0.5,-14.3,-14.3,-14.3,-14.3,1.0,0.0,10.0,0.0,0.2,0.5,-39.2,-39.2,-39.2,-39.2,1.0,0.0,10.0,0.0,0.2,0.5,238.5,238.5,238.5,238.5,1.0,0.0,10.0,0.0,0.2,0.5,240.0,240.0,240.0,240.0,1.0,0.0,10.0,0.0,0.2,0.5
1974,2,195.0,-8.0,28.3,28.3,28.3,28.3,1.0,0.0,10.0,1.0,1.0,0.8,26.7,26.7,26.7,26.7,1.0,0.0,10.0,1.0,1.0,0.8,15.84,15.84,15.84,15.84,1.0,0.0,10.0,1.0,1.0,0.8,72.3,72.3,72.3,72.3,1.0,0.0,10.0,1.0,0.8,5.1,5.1,5.1,5.1,1.0,0.0,10.0,1.0,1.0,0.8,-4.79,-4.79,-4.79,-4.79,1.0,0.0,10.0,1.0,1.0,0.8,-1.74,-1.74,-1.74,-1.74,1.0,0.0,10.0,1.0,1.0,0.8,1008.8,1008.8,1008.8,1008.8,1.0,0.0,10.0,1.0,1.0,0.8,6.0,6.0,6.0,6.0,1.0,0.0,10.0,1.0,1.0,0.8,-24.4,-24.4,-24.4,-24.4,1.0,0.0,10.0,1.0,1.0,0.8,-8.9,-8.9,-8.9,-8.9,1.0,0.0,10.0,1.0,1.0,0.8,1.6,1.6,1.6,1.6,1.0,0.0,10.0,1.0,1.0,0.8,8.2,8.2,8.2,8.2,1.0,0.0,10.0,1.0,1.0,0.8,8.35,8.35,8.35,8.35,1.0,0.0,10.0,1.0,1.0,0.8,42.6,42.6,42.6,42.6,1.0,0.0,10.0,1.0,1.0,0.8,-128.0,-128.0,-128.0,-128.0,1.0,0.0,10.0,1.0,1.0,0.8,-46.6,-46.6,-46.6,-46.6,1.0,0.0,10.0,1.0,1.0,0.8,-75.9,-75.9,-75.9,-75.9,1.0,0.0,10.0,1.0,1.0,0.8,-27.6,-27.6,-27.6,-27.6,1.0,0.0,10.0,1.0,1.0,0.8,-40.0,-40.0,-40.0,-40.0,1.0,0.0,10.0,1.0,1.0,0.8,-14.6,-14.6,-14.6,-14.6,1.0,0.0,10.0,1.0,1.0,0.8,132.5,132.5,132.5,132.5,1.0,0.0,10.0,1.0,1.0,0.8,135.0,135.0,135.0,135.0,1.0,0.0,10.0,1.0,1.0,0.8
1974,2,195.0,-5.0,26.8,28.1,29.4,28.1,2.0,2.69,14.0,0.5,0.3,0.2,25.51,27.25,28.99,27.25,2.0,3.61,14.0,0.5,0.3,0.2,15.57,15.57,15.57,15.57,1.0,0.0,8.0,0.0,0.1,0.2,79.9,79.9,79.9,79.9,1.0,0.0,8.0,0.0,0.2,7.07,7.85,8.63,7.85,2.0,1.63,14.0,0.5,0.3,0.2,-8.49,-7.4,-6.31,-7.4,2.0,2.26,14.0,0.5,0.3,0.2,-2.82,-1.67,-0.53,-1.67,2.0,2.37,14.0,0.5,0.3,0.2,1004.19,1005.25,1006.31,1005.25,2.0,2.19,14.0,0.5,0.3,0.2,2.6,4.0,5.4,4.0,2.0,2.8,14.0,0.5,0.3,0.2,-74.3,-59.9,-45.6,-59.9,2.0,29.8,14.0,0.5,0.3,0.2,-18.9,-11.2,-3.6,-11.2,2.0,15.9,14.0,0.5,0.3,0.2,0.41,0.85,1.29,0.85,2.0,0.92,14.0,0.5,0.3,0.2,3.1,5.9,8.7,5.9,2.0,5.8,14.0,0.5,0.3,0.2,5.81,5.81,5.81,5.81,1.0,0.0,8.0,0.0,0.1,0.2,39.0,39.0,39.0,39.0,1.0,0.0,8.0,0.0,0.1,0.2,-248.4,-205.8,-163.1,-205.8,2.0,88.3,14.0,0.5,0.3,0.2,-69.6,-41.4,-13.1,-41.4,2.0,58.5,14.0,0.5,0.3,0.2,-90.4,-90.4,-90.4,-90.4,1.0,0.0,8.0,0.0,0.1,0.2,-52.2,-52.2,-52.2,-52.2,1.0,0.0,8.0,0.0,0.1,0.2,-33.7,-33.7,-33.7,-33.7,1.0,0.0,8.0,0.0,0.1,0.2,-19.5,-19.5,-19.5,-19.5,1.0,0.0,8.0,0.0,0.1,0.2,368.5,515.0,661.0,515.0,2.0,303.0,14.0,0.5,0.3,0.2,370.0,515.0,660.0,515.0,2.0,305.0,14.0,0.5,0.3,0.2
1974,2,195.0,-4.0,24.41,24.65,24.89,24.65,2.0,0.49,14.0,0.5,0.7,0.6,25.52,25.55,25.58,25.55,2.0,0.07,14.0,0.5,0.7,0.6,17.12,17.41,17.71,17.41,2.0,0.62,14.0,0.5,0.7,0.6,83.6,85.1,86.5,85.1,2.0,2.9,14.0,0.5,0.6,10.46,10.8,11.14,10.8,2.0,0.71,14.0,0.5,0.7,0.6,-10.47,-10.15,-9.83,-10.15,2.0,0.66,14.0,0.5,0.7,0.6,-3.81,-3.69,-3.58,-3.69,2.0,0.24,14.0,0.5,0.7,0.6,1007.91,1009.65,1011.39,1009.65,2.0,3.61,14.0,0.5,0.7,0.6,0.8,2.5,4.2,2.5,2.0,3.5,14.0,0.5,0.7,0.6,-116.8,-109.8,-102.9,-109.8,2.0,14.4,14.0,0.5,0.7,0.6,-42.5,-40.0,-37.5,-40.0,2.0,5.2,14.0,0.5,0.7,0.6,-1.1,-0.9,-0.7,-0.9,2.0,0.42,14.0,0.5,0.7,0.6,-11.5,-9.6,-7.7,-9.6,2.0,3.9,14.0,0.5,0.7,0.6,1.97,2.02,2.07,2.02,2.0,0.1,14.0,0.5,0.7,0.6,21.6,21.7,21.9,21.7,2.0,0.3,14.0,0.5,0.7,0.6,-267.9,-259.3,-250.8,-259.3,2.0,17.7,14.0,0.5,0.7,0.6,-97.5,-94.4,-91.3,-94.4,2.0,6.4,14.0,0.5,0.7,0.6,-185.5,-176.9,-168.3,-176.9,2.0,17.8,14.0,0.5,0.7,0.6,-67.5,-64.4,-61.3,-64.4,2.0,6.5,14.0,0.5,0.7,0.6,-20.6,-20.4,-20.3,-20.4,2.0,0.3,14.0,0.5,0.7,0.6,-7.5,-7.4,-7.4,-7.4,2.0,0.1,14.0,0.5,0.7,0.6,1148.5,1268.0,1387.5,1268.0,2.0,247.5,14.0,0.5,0.7,0.6,1150.0,1270.0,1385.0,1270.0,2.0,250.0,14.0,0.5,0.7,0.6
1974,2,195.0,-3.0,25.25,25.35,25.45,25.35,2.0,0.21,22.0,0.5,0.4,0.6,25.23,25.3,25.37,25.3,2.0,0.14,22.0,0.5,0.4,0.6,16.7,16.86,17.02,16.86,2.0,0.33,22.0,0.5,0.4,0.6,83.1,83.5,83.8,83.5,2.0,0.7,22.0,0.5,0.6,6.28,6.45,6.62,6.45,2.0,0.35,22.0,0.5,0.4,0.6,-6.56,-6.26,-5.96,-6.26,2.0,0.62,22.0,0.5,0.4,0.6,-1.78,-1.06,-0.34,-1.06,2.0,1.5,22.0,0.5,0.4,0.6,1007.08,1008.1,1009.12,1008.1,2.0,2.12,22.0,0.5,0.4,0.6,1.2,1.5,1.8,1.5,2.0,0.7,22.0,0.5,0.4,0.6,-43.5,-40.5,-37.5,-40.5,2.0,6.2,22.0,0.5,0.4,0.6,-11.1,-6.6,-2.1,-6.6,2.0,9.3,22.0,0.5,0.4,0.6,-0.12,0.05,0.22,0.05,2.0,0.35,22.0,0.5,0.4,0.6,-0.7,0.4,1.5,0.4,2.0,2.3,22.0,0.5,0.4,0.6,3.18,3.44,3.7,3.44,2.0,0.55,22.0,0.5,0.4,0.6,20.0,22.3,24.6,22.3,2.0,4.7,22.0,0.5,0.4,0.6,-165.5,-158.4,-151.3,-158.4,2.0,14.7,22.0,0.5,0.4,0.6,-45.3,-26.9,-8.5,-26.9,2.0,38.1,22.0,0.5,0.4,0.6,-109.5,-105.5,-101.4,-105.5,2.0,8.4,22.0,0.5,0.4,0.6,-30.5,-18.1,-5.8,-18.1,2.0,25.6,22.0,0.5,0.4,0.6,-24.4,-21.7,-19.0,-21.7,2.0,5.5,22.0,0.5,0.4,0.6,-5.4,-3.2,-1.0,-3.2,2.0,4.6,22.0,0.5,0.4,0.6,248.0,269.5,291.0,269.5,2.0,44.0,22.0,0.5,0.4,0.6,250.0,270.0,290.0,270.0,2.0,45.0,22.0,0.5,0.4,0.6
1974,2,195.0,-1.0,26.0,26.0,26.0,26.0,1.0,0.0,26.0,0.0,0.9,0.2,25.0,25.0,25.0,25.0,1.0,0.0,26.0,0.0,0.9,0.2,17.5,17.5,17.5,17.5,1.0,0.0,26.0,0.0,0.9,0.2,88.1,88.1,88.1,88.1,1.0,0.0,26.0,0.0,0.2,4.6,4.6,4.6,4.6,1.0,0.0,26.0,0.0,0.9,0.2,-4.32,-4.32,-4.32,-4.32,1.0,0.0,26.0,0.0,0.9,0.2,-1.57,-1.57,-1.57,-1.57,1.0,0.0,26.0,0.0,0.9,0.2,1007.2,1007.2,1007.2,1007.2,1.0,0.0,26.0,0.0,0.9,0.2,4.0,4.0,4.0,4.0,1.0,0.0,26.0,0.0,0.9,0.2,-19.9,-19.9,-19.9,-19.9,1.0,0.0,26.0,0.0,0.9,0.2,-7.2,-7.2,-7.2,-7.2,1.0,0.0,26.0,0.0,0.9,0.2,1.0,1.0,1.0,1.0,1.0,0.0,26.0,0.0,0.9,0.2,4.6,4.6,4.6,4.6,1.0,0.0,26.0,0.0,0.9,0.2,3.62,3.62,3.62,3.62,1.0,0.0,26.0,0.0,0.9,0.2,16.7,16.7,16.7,16.7,1.0,0.0,26.0,0.0,0.9,0.2,-108.1,-108.1,-108.1,-108.1,1.0,0.0,26.0,0.0,0.9,0.2,-39.3,-39.3,-39.3,-39.3,1.0,0.0,26.0,0.0,0.9,0.2,-75.7,-75.7,-75.7,-75.7,1.0,0.0,26.0,0.0,0.9,0.2,-27.5,-27.5,-27.5,-27.5,1.0,0.0,26.0,0.0,0.9,0.2,-15.7,-15.7,-15.7,-15.7,1.0,0.0,26.0,0.0,0.9,0.2,-5.7,-5.7,-5.7,-5.7,1.0,0.0,26.0,0.0,0.9,0.2,97.5,97.5,97.5,97.5,1.0,0.0,26.0,0.0,0.9,0.2,95.0,95.0,95.0,95.0,1.0,0.0,26.0,0.0,0.9,0.2
1974,2,195.0,1.0,25.73,26.0,26.82,26.27,3.0,0.83,14.0,0.7,0.4,0.5,24.85,25.6,27.1,25.97,3.0,1.68,14.0,0.7,0.4,0.5,15.35,17.15,18.76,17.06,3.0,2.5,14.0,0.7,0.4,0.5,74.0,75.5,88.7,81.2,3.0,11.8,14.0,0.7,0.5,4.9,7.7,8.04,6.5,3.0,2.52,14.0,0.7,0.4,0.5,-8.04,-7.7,-4.86,-6.48,3.0,2.56,14.0,0.7,0.4,0.5,-0.43,0.0,0.0,-0.21,3.0,0.36,14.0,0.7,0.4,0.5,1008.36,1008.5,1008.91,1008.63,3.0,0.42,14.0,0.7,0.4,0.5,2.6,4.0,6.0,4.3,3.0,2.5,14.0,0.7,0.4,0.5,-64.7,-59.3,-27.5,-46.4,3.0,29.4,14.0,0.7,0.4,0.5,-1.5,0.0,0.0,-0.8,3.0,1.3,14.0,0.7,0.4,0.5,-1.03,1.5,1.57,0.3,3.0,2.17,14.0,0.7,0.4,0.5,-9.8,5.4,10.7,0.5,3.0,15.6,14.0,0.7,0.4,0.5,3.25,3.43,5.58,4.39,3.0,1.9,14.0,0.7,0.4,0.5,24.4,25.9,26.3,25.3,3.0,1.5,14.0,0.7,0.4,0.5,-212.7,-209.9,-125.9,-170.3,3.0,72.3,14.0,0.7,0.4,0.5,-10.5,0.0,0.0,-5.1,3.0,8.8,14.0,0.7,0.4,0.5,-151.1,-132.1,-77.1,-114.5,3.0,56.4,14.0,0.7,0.4,0.5,-6.2,0.0,0.0,-3.0,3.0,5.2,14.0,0.7,0.4,0.5,-26.3,-25.9,-24.1,-25.2,3.0,1.7,14.0,0.7,0.4,0.5,-2.8,0.0,0.0,-1.4,3.0,2.4,14.0,0.7,0.4,0.5,177.0,456.5,521.5,351.5,3.0,268.0,14.0,0.7,0.4,0.5,175.0,455.0,520.0,350.0,3.0,270.0,14.0,0.7,0.4,0.5
1974,2,195.0,3.0,25.73,26.0,26.48,26.1,3.0,0.56,16.0,0.3,0.7,0.3,24.41,25.3,25.5,24.97,3.0,0.85,16.0,0.3,0.7,0.3,17.14,18.69,18.72,17.95,3.0,1.33,16.0,0.3,0.7,0.3,88.9,90.9,92.0,90.5,3.0,2.3,16.0,0.3,0.3,5.86,6.2,7.57,6.7,3.0,1.32,16.0,0.3,0.7,0.3,-7.45,-6.11,-5.83,-6.63,3.0,1.27,16.0,0.3,0.7,0.3,0.34,1.08,1.31,0.83,3.0,0.74,16.0,0.3,0.7,0.3,1006.96,1008.8,1009.35,1008.17,3.0,1.83,16.0,0.3,0.7,0.3,5.0,7.0,7.0,6.0,3.0,1.7,16.0,0.3,0.7,0.3,-57.2,-37.9,-34.2,-45.5,3.0,18.1,16.0,0.3,0.7,0.3,2.1,6.7,10.1,6.1,3.0,5.9,16.0,0.3,0.7,0.3,0.55,1.1,1.71,1.13,3.0,0.85,16.0,0.3,0.7,0.3,4.0,9.0,11.3,7.7,3.0,5.5,16.0,0.3,0.7,0.3,2.35,3.3,4.23,3.29,3.0,1.37,16.0,0.3,0.7,0.3,16.0,27.1,28.3,22.3,3.0,9.9,16.0,0.3,0.7,0.3,-187.6,-146.5,-144.9,-165.8,3.0,35.4,16.0,0.3,0.7,0.3,8.2,25.8,33.1,20.8,3.0,18.7,16.0,0.3,0.7,0.3,-136.9,-106.8,-102.3,-119.3,3.0,27.6,16.0,0.3,0.7,0.3,5.6,17.7,23.8,14.8,3.0,13.5,16.0,0.3,0.7,0.3,-27.9,-26.7,-15.9,-22.0,3.0,9.7,16.0,0.3,0.7,0.3,1.5,4.7,4.9,3.2,3.0,2.8,16.0,0.3,0.7,0.3,202.0,238.5,452.0,325.0,3.0,198.0,16.0,0.3,0.7,0.3,200.0,240.0,450.0,325.0,3.0,200.0,16.0,0.3,0.7,0.3
1974,2,195.0,7.0,27.0,27.0,27.0,27.0,2.0,0.0,20.0,0.0,0.2,0.7,26.4,26.4,26.4,26.4,1.0,0.0,20.0,0.0,0.2,0.7,15.52,15.52,15.52,15.52,1.0,0.0,20.0,0.0,0.2,0.7,72.2,72.2,72.2,72.2,1.0,0.0,20.0,0.0,0.7,1.38,4.35,7.32,4.35,2.0,6.15,22.0,0.0,0.5,0.3,-6.88,-4.09,-1.3,-4.09,2.0,5.78,22.0,0.0,0.5,0.3,-2.5,-1.49,-0.47,-1.49,2.0,2.1,22.0,0.0,0.5,0.3,1010.6,1010.6,1010.6,1010.6,1.0,0.0,20.0,0.0,0.2,0.7,4.6,6.0,7.4,6.0,2.0,2.8,22.0,0.0,0.5,0.3,-59.8,-35.6,-11.3,-35.6,2.0,50.3,22.0,0.0,0.5,0.3,-21.8,-12.9,-4.1,-12.9,2.0,18.3,22.0,0.0,0.5,0.3,0.6,0.6,0.6,0.6,1.0,0.0,20.0,0.0,0.2,0.7,5.2,5.2,5.2,5.2,1.0,0.0,20.0,0.0,0.2,0.7,6.84,6.84,6.84,6.84,1.0,0.0,20.0,0.0,0.2,0.7,59.5,59.5,59.5,59.5,1.0,0.0,20.0,0.0,0.2,0.7,-215.8,-215.8,-215.8,-215.8,1.0,0.0,20.0,0.0,0.2,0.7,-78.6,-78.6,-78.6,-78.6,1.0,0.0,20.0,0.0,0.2,0.7,-126.8,-126.8,-126.8,-126.8,1.0,0.0,20.0,0.0,0.2,0.7,-46.2,-46.2,-46.2,-46.2,1.0,0.0,20.0,0.0,0.2,0.7,-55.9,-55.9,-55.9,-55.9,1.0,0.0,20.0,0.0,0.2,0.7,-20.3,-20.3,-20.3,-20.3,1.0,0.0,20.0,0.0,0.2,0.7,104.5,329.5,554.0,329.5,2.0,465.5,22.0,0.0,0.5,0.3,105.0,330.0,555.0,330.0,2.0,465.0,22.0,0.0,0.5,0.3
1974,2,195.0,8.0,26.8,26.8,26.8,26.8,2.0,0.0,20.0,0.0,0.4,0.1,26.1,26.1,26.1,26.1,1.0,0.0,20.0,0.0,0.4,0.1,14.59,14.59,14.59,14.59,1.0,0.0,20.0,0.0,0.4,0.1,69.1,69.1,69.1,69.1,1.0,0.0,20.0,0.0,0.1,8.2,8.2,8.2,8.2,1.0,0.0,20.0,0.0,0.4,0.1,-7.1,-7.1,-7.1,-7.1,1.0,0.0,20.0,0.0,0.4,0.1,-4.1,-4.1,-4.1,-4.1,1.0,0.0,20.0,0.0,0.4,0.1,1009.7,1009.7,1009.7,1009.7,1.0,0.0,20.0,0.0,0.4,0.1,4.0,4.0,4.0,4.0,1.0,0.0,20.0,0.0,0.4,0.1,-58.2,-58.2,-58.2,-58.2,1.0,0.0,20.0,0.0,0.4,0.1,-33.6,-33.6,-33.6,-33.6,1.0,0.0,20.0,0.0,0.4,0.1,0.7,0.7,0.7,0.7,1.0,0.0,20.0,0.0,0.4,0.1,5.7,5.7,5.7,5.7,1.0,0.0,20.0,0.0,0.4,0.1,7.52,7.52,7.52,7.52,1.0,0.0,20.0,0.0,0.4,0.1,61.6,61.6,61.6,61.6,1.0,0.0,20.0,0.0,0.4,0.1,-185.3,-185.3,-185.3,-185.3,1.0,0.0,20.0,0.0,0.4,0.1,-107.0,-107.0,-107.0,-107.0,1.0,0.0,20.0,0.0,0.4,0.1,-103.6,-103.6,-103.6,-103.6,1.0,0.0,20.0,0.0,0.4,0.1,-59.8,-59.8,-59.8,-59.8,1.0,0.0,20.0,0.0,0.4,0.1,-53.4,-53.4,-53.4,-53.4,1.0,0.0,20.0,0.0,0.4,0.1,-30.8,-30.8,-30.8,-30.8,1.0,0.0,20.0,0.0,0.4,0.1,551.5,551.5,551.5,551.5,1.0,0.0,20.0,0.0,0.4,0.1,550.0,550.0,550.0,550.0,1.0,0.0,20.0,0.0,0.4,0.1
1974,2,195.0,9.0,26.6,26.6,26.67,26.63,3.0,0.06,18.0,0.0,0.6,0.3,26.12,26.15,26.18,26.15,2.0,0.07,18.0,0.0,0.5,0.4,16.05,17.13,18.22,17.13,2.0,2.25,18.0,0.0,0.5,0.4,75.6,80.9,86.3,80.9,2.0,11.1,18.0,0.0,0.4,8.45,9.0,9.55,9.0,2.0,1.13,18.0,0.0,0.5,0.4,-8.87,-8.16,-7.44,-8.16,2.0,1.49,18.0,0.0,0.5,0.4,-3.98,-3.73,-3.47,-3.73,2.0,0.53,18.0,0.0,0.5,0.4,1009.43,1011.0,1012.57,1011.0,2.0,3.25,18.0,0.0,0.5,0.4,2.3,3.0,3.7,3.0,2.0,1.4,18.0,0.0,0.5,0.4,-85.2,-74.2,-63.3,-74.2,2.0,22.6,18.0,0.0,0.5,0.4,-33.5,-33.2,-33.0,-33.2,2.0,0.5,18.0,0.0,0.5,0.4,0.43,0.5,0.57,0.5,2.0,0.14,18.0,0.0,0.5,0.4,3.7,4.6,5.5,4.6,2.0,1.8,18.0,0.0,0.5,0.4,3.67,4.75,5.82,4.75,2.0,2.22,18.0,0.0,0.5,0.4,34.4,41.5,48.5,41.5,2.0,14.6,18.0,0.0,0.5,0.4,-231.7,-213.2,-194.7,-213.2,2.0,38.4,18.0,0.0,0.5,0.4,-104.3,-97.5,-90.6,-97.5,2.0,14.1,18.0,0.0,0.5,0.4,-162.6,-141.4,-120.2,-141.4,2.0,43.8,18.0,0.0,0.5,0.4,-63.6,-63.2,-62.9,-63.2,2.0,0.7,18.0,0.0,0.5,0.4,-42.4,-37.1,-31.7,-37.1,2.0,11.1,18.0,0.0,0.5,0.4,-23.5,-18.3,-13.1,-18.3,2.0,10.8,18.0,0.0,0.5,0.4,613.0,746.5,879.5,746.5,2.0,275.5,18.0,0.0,0.5,0.4,615.0,745.0,880.0,745.0,2.0,275.0,18.0,0.0,0.5,0.4
1974,2,195.0,11.0,26.0,26.0,26.0,26.0,1.0,0.0,18.0,1.0,1.0,0.3,27.3,27.3,27.3,27.3,1.0,0.0,18.0,1.0,1.0,0.3,18.83,18.83,18.83,18.83,1.0,0.0,18.0,1.0,1.0,0.3,83.2,83.2,83.2,83.2,1.0,0.0,18.0,1.0,0.3,10.3,10.3,10.3,10.3,1.0,0.0,18.0,1.0,1.0,0.3,-10.14,-10.14,-10.14,-10.14,1.0,0.0,18.0,1.0,1.0,0.3,-1.79,-1.79,-1.79,-1.79,1.0,0.0,18.0,1.0,1.0,0.3,1013.4,1013.4,1013.4,1013.4,1.0,0.0,18.0,1.0,1.0,0.3,7.0,7.0,7.0,7.0,1.0,0.0,18.0,1.0,1.0,0.3,-104.5,-104.5,-104.5,-104.5,1.0,0.0,18.0,1.0,1.0,0.3,-18.4,-18.4,-18.4,-18.4,1.0,0.0,18.0,1.0,1.0,0.3,-1.3,-1.3,-1.3,-1.3,1.0,0.0,18.0,1.0,1.0,0.3,-13.4,-13.4,-13.4,-13.4,1.0,0.0,18.0,1.0,1.0,0.3,2.16,2.16,2.16,2.16,1.0,0.0,18.0,1.0,1.0,0.3,22.3,22.3,22.3,22.3,1.0,0.0,18.0,1.0,1.0,0.3,-276.9,-276.9,-276.9,-276.9,1.0,0.0,18.0,1.0,1.0,0.3,-48.8,-48.8,-48.8,-48.8,1.0,0.0,18.0,1.0,1.0,0.3,-191.0,-191.0,-191.0,-191.0,1.0,0.0,18.0,1.0,1.0,0.3,-33.7,-33.7,-33.7,-33.7,1.0,0.0,18.0,1.0,1.0,0.3,-21.9,-21.9,-21.9,-21.9,1.0,0.0,18.0,1.0,1.0,0.3,-3.9,-3.9,-3.9,-3.9,1.0,0.0,18.0,1.0,1.0,0.3,1092.5,1092.5,1092.5,1092.5,1.0,0.0,18.0,1.0,1.0,0.3,1095.0,1095.0,1095.0,1095.0,1.0,0.0,18.0,1.0,1.0,0.3
1974,2,195.0,14.0,26.08,26.25,26.42,26.25,2.0,0.35,22.0,1.0,0.5,0.4,25.08,25.25,25.42,25.25,2.0,0.35,22.0,1.0,0.5,0.4,16.83,17.36,17.9,17.36,2.0,1.11,22.0,1.0,0.5,0.4,83.1,86.7,90.3,86.7,2.0,7.4,22.0,1.0,0.4,7.86,8.2,8.54,8.2,2.0,0.71,22.0,1.0,0.5,0.4,-8.43,-8.13,-7.84,-8.13,2.0,0.61,22.0,1.0,0.5,0.4,-1.27,-0.76,-0.24,-0.76,2.0,1.07,22.0,1.0,0.5,0.4,1012.4,1013.05,1013.7,1013.05,2.0,1.34,22.0,1.0,0.5,0.4,5.5,6.5,7.5,6.5,2.0,2.1,22.0,1.0,0.5,0.4,-72.1,-66.9,-61.7,-66.9,2.0,10.8,22.0,1.0,0.5,0.4,-11.1,-6.6,-2.1,-6.6,2.0,9.3,22.0,1.0,0.5,0.4,1.0,1.0,1.0,1.0,2.0,0.0,22.0,1.0,0.5,0.4,7.9,8.2,8.5,8.2,2.0,0.7,22.0,1.0,0.5,0.4,3.19,3.96,4.72,3.96,2.0,1.59,22.0,1.0,0.5,0.4,25.4,33.0,40.6,33.0,2.0,15.8,22.0,1.0,0.5,0.4,-214.4,-205.5,-196.6,-205.5,2.0,18.4,22.0,1.0,0.5,0.4,-32.4,-19.3,-6.1,-19.3,2.0,27.2,22.0,1.0,0.5,0.4,-141.7,-140.9,-140.1,-140.9,2.0,1.7,22.0,1.0,0.5,0.4,-21.1,-12.5,-4.0,-12.5,2.0,17.7,22.0,1.0,0.5,0.4,-40.1,-32.7,-25.3,-32.7,2.0,15.3,22.0,1.0,0.5,0.4,-6.5,-3.8,-1.2,-3.8,2.0,5.4,22.0,1.0,0.5,0.4,488.5,557.5,626.5,557.5,2.0,143.0,22.0,1.0,0.5,0.4,490.0,560.0,625.0,560.0,2.0,145.0,22.0,1.0,0.5,0.4
1974,2,195.0,15.0,25.11,25.35,25.59,25.35,2.0,0.49,14.0,0.0,1.0,0.4,24.24,24.75,25.26,24.75,2.0,1.06,14.0,0.0,1.0,0.4,15.4,16.55,17.7,16.55,2.0,2.38,14.0,0.0,1.0,0.4,81.8,85.0,88.3,85.0,2.0,6.7,14.0,0.0,0.4,8.53,10.3,11.67,10.1,3.0,2.31,14.0,0.3,0.9,0.4,-11.16,-10.3,-8.53,-9.85,3.0,1.97,14.0,0.3,0.9,0.4,-2.87,0.0,0.0,-1.4,3.0,2.43,14.0,0.3,0.9,0.4,1015.16,1015.5,1015.84,1015.5,2.0,0.71,14.0,0.0,1.0,0.4,3.6,7.0,7.7,5.7,3.0,3.2,14.0,0.3,0.9,0.4,-130.7,-106.1,-74.1,-102.5,3.0,41.6,14.0,0.3,0.9,0.4,-35.3,0.0,0.0,-17.2,3.0,29.9,14.0,0.3,0.9,0.4,0.33,0.6,0.87,0.6,2.0,0.57,14.0,0.0,1.0,0.4,3.2,6.9,10.6,6.9,2.0,7.6,14.0,0.0,1.0,0.4,2.74,3.6,4.45,3.6,2.0,1.77,14.0,0.0,1.0,0.4,24.7,38.9,53.1,38.9,2.0,29.4,14.0,0.0,1.0,0.4,-264.5,-236.9,-209.2,-236.9,2.0,57.3,14.0,0.0,1.0,0.4,-84.9,-50.5,-16.0,-50.5,2.0,71.4,14.0,0.0,1.0,0.4,-166.9,-156.1,-145.4,-156.1,2.0,22.2,14.0,0.0,1.0,0.4,-52.6,-31.3,-9.9,-31.3,2.0,44.2,14.0,0.0,1.0,0.4,-50.0,-37.1,-24.1,-37.1,2.0,26.9,14.0,0.0,1.0,0.4,-17.2,-10.2,-3.2,-10.2,2.0,14.4,14.0,0.0,1.0,0.4,658.5,1092.5,1617.0,1136.5,3.0,703.0,14.0,0.3,0.9,0.4,660.0,1095.0,1615.0,1135.0,3.0,705.0,14.0,0.3,0.9,0.4
1974,2,195.0,16.0,28.8,28.8,28.8,28.8,1.0,0.0,8.0,1.0,0.8,0.5,28.3,28.3,28.3,28.3,1.0,0.0,8.0,1.0,0.8,0.5,18.63,18.63,18.63,18.63,1.0,0.0,8.0,1.0,0.8,0.5,77.5,77.5,77.5,77.5,1.0,0.0,8.0,1.0,0.5,8.7,8.7,8.7,8.7,1.0,0.0,8.0,1.0,0.8,0.5,-8.7,-8.7,-8.7,-8.7,1.0,0.0,8.0,1.0,0.8,0.5,0.0,0.0,0.0,0.0,1.0,0.0,8.0,1.0,0.8,0.5,1011.9,1011.9,1011.9,1011.9,1.0,0.0,8.0,1.0,0.8,0.5,2.0,2.0,2.0,2.0,1.0,0.0,8.0,1.0,0.8,0.5,-75.7,-75.7,-75.7,-75.7,1.0,0.0,8.0,1.0,0.8,0.5,0.0,0.0,0.0,0.0,1.0,0.0,8.0,1.0,0.8,0.5,0.5,0.5,0.5,0.5,1.0,0.0,8.0,1.0,0.8,0.5,4.4,4.4,4.4,4.4,1.0,0.0,8.0,1.0,0.8,0.5,6.2,6.2,6.2,6.2,1.0,0.0,8.0,1.0,0.8,0.5,54.0,54.0,54.0,54.0,1.0,0.0,8.0,1.0,0.8,0.5,-246.2,-246.2,-246.2,-246.2,1.0,0.0,8.0,1.0,0.8,0.5,0.0,0.0,0.0,0.0,1.0,0.0,8.0,1.0,0.8,0.5,-162.1,-162.1,-162.1,-162.1,1.0,0.0,8.0,1.0,0.8,0.5,0.0,0.0,0.0,0.0,1.0,0.0,8.0,1.0,0.8,0.5,-54.0,-54.0,-54.0,-54.0,1.0,0.0,8.0,1.0,0.8,0.5,0.0,0.0,0.0,0.0,1.0,0.0,8.0,1.0,0.8,0.5,658.5,658.5,658.5,658.5,1.0,0.0,8.0,1.0,0.8,0.5,660.0,660.0,660.0,660.0,1.0,0.0,8.0,1.0,0.8,0.5
1974,2,195.0,17.0,23.47,23.85,24.23,23.85,2.0,0.78,8.0,0.5,0.7,0.6,23.82,24.3,24.78,24.3,2.0,0.99,8.0,0.5,0.7,0.6,13.29,13.29,13.29,13.29,1.0,0.0,12.0,0.0,0.4,0.4,70.4,76.5,82.5,76.5,2.0,12.5,8.0,0.5,0.6,3.31,7.2,11.09,7.2,2.0,8.06,8.0,0.5,0.7,0.6,-10.44,-6.81,-3.19,-6.81,2.0,7.51,8.0,0.5,0.7,0.6,-3.71,-2.21,-0.7,-2.21,2.0,3.12,8.0,0.5,0.7,0.6,1014.9,1014.9,1014.9,1014.9,1.0,0.0,12.0,0.0,0.4,0.4,3.5,4.5,5.5,4.5,2.0,2.1,8.0,0.5,0.7,0.6,-131.9,-79.3,-26.7,-79.3,2.0,109.0,8.0,0.5,0.7,0.6,-47.9,-28.5,-9.0,-28.5,2.0,40.2,8.0,0.5,0.7,0.6,-1.3,-0.45,0.4,-0.45,2.0,1.77,8.0,0.5,0.7,0.6,-18.3,-10.4,-2.5,-10.4,2.0,16.4,8.0,0.5,0.7,0.6,4.51,4.51,4.51,4.51,1.0,0.0,12.0,0.0,0.4,0.4,58.1,58.1,58.1,58.1,1.0,0.0,12.0,0.0,0.4,0.4,-260.6,-169.2,-77.9,-169.2,2.0,189.3,8.0,0.5,0.7,0.6,-92.8,-55.2,-17.5,-55.2,2.0,78.0,8.0,0.5,0.7,0.6,-161.1,-161.1,-161.1,-161.1,1.0,0.0,12.0,0.0,0.4,0.4,-58.7,-58.7,-58.7,-58.7,1.0,0.0,12.0,0.0,0.4,0.4,-54.6,-54.6,-54.6,-54.6,1.0,0.0,12.0,0.0,0.4,0.4,-19.9,-19.9,-19.9,-19.9,1.0,0.0,12.0,0.0,0.4,0.4,343.5,1075.0,1806.5,1075.0,2.0,1515.5,8.0,0.5,0.7,0.6,345.0,1075.0,1805.0,1075.0,2.0,1515.0,8.0,0.5,0.7,0.6
1974,2,195.0,18.0,25.6,25.6,25.87,25.73,3.0,0.23,16.0,0.3,0.5,0.2,23.6,23.8,23.87,23.73,3.0,0.21,16.0,0.3,0.5,0.2,14.44,14.49,16.53,15.46,3.0,1.75,16.0,0.3,0.5,0.2,79.6,80.2,90.1,84.7,3.0,8.6,16.0,0.3,0.2,4.22,7.7,8.04,6.17,3.0,3.1,16.0,0.3,0.5,0.2,-7.67,-7.58,-4.07,-5.91,3.0,3.0,16.0,0.3,0.5,0.2,-0.18,1.34,2.34,1.08,3.0,1.86,16.0,0.3,0.5,0.2,1015.09,1015.5,1016.25,1015.67,3.0,0.86,16.0,0.3,0.5,0.2,3.0,5.0,7.0,5.0,3.0,3.0,16.0,0.3,0.5,0.2,-61.7,-58.4,-22.9,-42.6,3.0,31.5,16.0,0.3,0.5,0.2,1.7,10.3,19.0,10.3,3.0,12.7,16.0,0.3,0.5,0.2,1.73,1.8,2.28,2.0,3.0,0.44,16.0,0.3,0.5,0.2,8.6,13.1,14.2,11.5,3.0,4.4,16.0,0.3,0.5,0.2,3.93,5.94,6.35,5.15,3.0,1.9,16.0,0.3,0.5,0.2,18.9,23.0,40.5,29.6,3.0,16.8,16.0,0.3,0.5,0.2,-182.7,-181.2,-96.7,-140.7,3.0,72.1,16.0,0.3,0.5,0.2,-4.1,32.0,55.7,25.9,3.0,44.1,16.0,0.3,0.5,0.2,-125.9,-111.7,-59.5,-93.1,3.0,51.2,16.0,0.3,0.5,0.2,-1.3,23.4,35.2,17.1,3.0,27.3,16.0,0.3,0.5,0.2,-38.4,-22.7,-18.1,-28.1,3.0,15.6,16.0,0.3,0.5,0.2,-2.7,4.0,12.6,4.9,3.0,11.3,16.0,0.3,0.5,0.2,157.0,456.5,521.5,342.0,3.0,285.0,16.0,0.3,0.5,0.2,155.0,455.0,520.0,340.0,3.0,285.0,16.0,0.3,0.5,0.2
1974,2,195.0,19.0,24.6,25.0,25.5,25.03,6.0,0.4,16.0,0.7,0.6,0.6,23.79,24.55,25.39,24.57,6.0,1.05,16.0,0.7,0.6,0.6,12.53,14.78,16.24,14.49,6.0,1.87,16.0,0.7,0.6,0.6,68.1,76.9,81.6,75.4,6.0,6.7,16.0,0.7,0.6,6.49,7.2,8.43,7.38,6.0,1.28,16.0,0.7,0.6,0.6,-7.61,-6.6,-5.76,-6.57,6.0,1.03,16.0,0.7,0.6,0.6,-3.73,-2.07,1.16,-1.96,6.0,3.1,16.0,0.7,0.6,0.6,1014.79,1017.05,1018.48,1016.95,6.0,2.37,16.0,0.7,0.6,0.6,0.8,1.0,2.0,1.2,6.0,0.8,16.0,0.7,0.6,0.6,-59.4,-49.9,-40.9,-49.0,6.0,12.8,16.0,0.7,0.6,0.6,-31.9,-13.3,7.8,-16.7,6.0,27.3,16.0,0.7,0.6,0.6,-0.7,0.5,1.31,0.47,6.0,1.27,16.0,0.7,0.6,0.6,-5.4,3.7,10.3,3.1,6.0,8.2,16.0,0.7,0.6,0.6,3.08,4.7,7.77,5.25,6.0,2.32,16.0,0.7,0.6,0.6,23.9,33.5,52.7,38.5,6.0,18.4,16.0,0.7,0.6,0.6,-184.5,-167.3,-139.7,-161.8,6.0,28.7,16.0,0.7,0.6,0.6,-92.1,-48.8,29.0,-47.3,6.0,76.3,16.0,0.7,0.6,0.6,-117.3,-102.1,-72.3,-96.5,6.0,25.1,16.0,0.7,0.6,0.6,-54.6,-27.2,17.2,-25.7,6.0,41.2,16.0,0.7,0.6,0.6,-42.4,-33.0,-22.7,-32.8,6.0,10.0,16.0,0.7,0.6,0.6,-30.2,-6.9,4.2,-13.7,6.0,22.5,16.0,0.7,0.6,0.6,277.0,378.5,603.5,433.0,6.0,223.0,16.0,0.7,0.6,0.6,275.0,380.0,605.0,435.0,6.0,225.0,16.0,0.7,0.6,0.6
1974,2,195.0,20.0,23.79,25.0,25.97,24.75,11.0,1.57,16.0,0.4,0.6,0.5,22.4,24.5,26.0,24.09,13.0,2.06,14.0,0.3,0.5,0.5,13.54,14.66,15.5,14.58,13.0,1.14,14.0,0.3,0.5,0.5,72.1,76.4,87.2,78.6,13.0,8.8,14.0,0.3,0.5,4.0,7.2,10.49,7.22,13.0,3.38,14.0,0.3,0.5,0.5,-8.5,-6.11,-2.16,-5.53,13.0,4.4,14.0,0.3,0.5,0.5,-1.56,0.0,3.45,1.01,13.0,3.76,14.0,0.3,0.5,0.5,1014.9,1016.6,1017.69,1016.21,13.0,2.08,14.0,0.3,0.5,0.5,2.0,4.0,6.2,4.4,13.0,2.5,14.0,0.3,0.5,0.5,-77.9,-37.9,-5.6,-48.9,13.0,55.3,14.0,0.3,0.5,0.5,-6.1,0.0,30.7,11.0,13.0,35.2,14.0,0.3,0.5,0.5,-0.71,0.5,1.21,0.28,11.0,1.21,16.0,0.4,0.6,0.5,-4.7,1.6,9.2,2.5,11.0,7.5,16.0,0.4,0.6,0.5,2.95,4.98,6.83,4.76,11.0,1.99,16.0,0.4,0.6,0.5,12.3,31.5,63.2,33.3,11.0,23.6,16.0,0.4,0.6,0.5,-217.0,-137.4,-57.7,-136.2,13.0,105.5,14.0,0.3,0.5,0.5,-40.3,0.0,83.0,22.1,13.0,87.3,14.0,0.3,0.5,0.5,-129.4,-78.5,-34.1,-81.1,13.0,62.9,14.0,0.3,0.5,0.5,-23.0,0.0,49.1,12.7,13.0,51.7,14.0,0.3,0.5,0.5,-50.7,-29.6,-6.8,-28.5,11.0,22.3,16.0,0.4,0.6,0.5,-5.4,0.0,15.1,6.4,11.0,18.5,16.0,0.4,0.6,0.5,65.0,373.0,1166.0,612.5,13.0,700.0,14.0,0.3,0.5,0.5,65.0,375.0,1165.0,610.0,13.0,700.0,14.0,0.3,0.5,0.5
1974,2,195.0,21.0,23.5,24.4,25.5,24.33,20.0,1.06,16.0,0.6,0.5,0.5,23.3,24.0,24.47,24.05,21.0,1.06,16.0,0.6,0.6,0.5,13.63,15.14,16.41,15.09,19.0,1.42,16.0,0.6,0.5,0.5,74.6,81.5,88.5,81.4,20.0,7.3,16.0,0.6,0.5,2.69,5.7,7.61,5.64,21.0,2.22,16.0,0.6,0.6,0.5,-7.06,-5.02,-2.39,-4.83,21.0,2.29,16.0,0.6,0.6,0.5,-3.48,0.89,3.2,0.23,21.0,2.92,16.0,0.6,0.6,0.5,1015.16,1016.5,1018.1,1016.59,19.0,2.21,16.0,0.6,0.5,0.5,2.0,2.0,3.8,2.8,21.0,1.4,16.0,0.6,0.6,0.5,-57.4,-25.6,-6.5,-31.9,21.0,24.2,16.0,0.6,0.6,0.5,-16.2,4.5,20.3,1.2,21.0,20.2,16.0,0.6,0.6,0.5,-1.0,0.3,1.5,0.28,20.0,1.42,16.0,0.6,0.5,0.5,-4.9,1.7,8.0,1.0,20.0,10.6,16.0,0.6,0.5,0.5,2.08,3.28,5.62,3.82,19.0,1.93,16.0,0.6,0.5,0.5,6.9,19.1,38.0,22.2,19.0,17.0,16.0,0.6,0.5,0.5,-163.6,-117.0,-57.2,-117.2,21.0,59.2,16.0,0.6,0.6,0.5,-80.5,20.6,81.7,6.9,21.0,69.8,16.0,0.6,0.6,0.5,-103.5,-68.5,-35.8,-70.6,19.0,36.8,16.0,0.6,0.5,0.5,-46.3,12.0,58.9,6.9,19.0,42.6,16.0,0.6,0.5,0.5,-30.4,-16.2,-4.5,-19.2,19.0,14.9,16.0,0.6,0.5,0.5,-9.1,3.4,7.7,-1.2,19.0,14.1,16.0,0.6,0.5,0.5,19.5,185.0,442.0,259.5,21.0,256.0,16.0,0.6,0.6,0.5,20.0,185.0,440.0,260.0,21.0,255.0,16.0,0.6,0.6,0.5
1974,2,195.0,22.0,22.8,24.2,25.6,24.12,18.0,1.19,16.0,0.5,0.5,0.4,22.87,23.95,26.22,24.36,18.0,1.99,16.0,0.5,0.5,0.4,13.14,14.37,15.6,14.4,14.0,1.93,16.0,0.5,0.5,0.5,67.6,76.6,83.3,75.5,14.0,7.7,16.0,0.5,0.5,5.1,7.7,10.76,7.8,17.0,2.74,18.0,0.5,0.5,0.5,-8.98,-6.6,-3.98,-6.32,17.0,3.18,18.0,0.5,0.5,0.5,-4.28,0.0,2.26,-0.88,17.0,4.34,18.0,0.5,0.5,0.5,1014.9,1016.8,1019.86,1016.9,18.0,2.22,16.0,0.5,0.5,0.4,2.0,3.0,5.9,3.6,17.0,2.1,16.0,0.5,0.5,0.5,-83.7,-47.6,-23.0,-55.7,17.0,38.5,18.0,0.5,0.5,0.5,-31.3,0.0,12.6,-9.2,17.0,44.9,18.0,0.5,0.5,0.5,-1.76,-0.4,1.79,-0.24,18.0,2.05,16.0,0.5,0.5,0.4,-15.6,-3.5,17.0,-0.2,17.0,16.9,18.0,0.5,0.5,0.5,2.36,3.46,5.43,4.06,14.0,2.11,16.0,0.5,0.5,0.5,11.7,21.8,51.2,34.4,13.0,26.1,16.0,0.5,0.5,0.5,-225.5,-159.4,-90.9,-152.8,17.0,79.2,18.0,0.5,0.5,0.5,-102.5,0.0,57.6,-17.4,17.0,103.0,18.0,0.5,0.5,0.5,-126.9,-74.1,-51.5,-83.7,13.0,51.6,16.0,0.5,0.5,0.5,-59.5,0.0,31.4,-12.4,13.0,61.5,16.0,0.5,0.5,0.5,-44.0,-17.0,-11.3,-28.6,13.0,26.9,16.0,0.5,0.5,0.5,-19.3,0.0,6.8,-6.2,13.0,17.6,16.0,0.5,0.5,0.5,132.5,456.5,1254.0,642.5,17.0,604.5,18.0,0.5,0.5,0.5,135.0,455.0,1255.0,640.0,17.0,605.0,18.0,0.5,0.5,0.5
1974,2,195.0,23.0,22.1,22.3,22.98,22.53,3.0,0.68,16.0,0.3,0.8,0.4,23.52,24.0,24.68,24.1,3.0,0.85,16.0,0.3,0.8,0.4,13.06,13.67,14.27,13.67,2.0,1.26,20.0,0.5,0.8,0.4,71.5,75.6,79.8,75.6,2.0,8.6,20.0,0.5,0.4,4.9,7.7,8.79,6.87,3.0,2.94,16.0,0.3,0.8,0.4,-5.97,0.0,0.91,-2.47,3.0,5.47,16.0,0.3,0.8,0.4,-1.03,3.6,6.32,2.67,3.0,5.44,16.0,0.3,0.8,0.4,1013.13,1014.9,1020.43,1016.73,3.0,5.58,16.0,0.3,0.8,0.4,2.3,5.0,5.7,4.0,3.0,2.6,16.0,0.3,0.8,0.4,-55.5,0.0,7.0,-23.7,3.0,50.2,16.0,0.3,0.8,0.4,-16.1,13.0,44.0,13.9,3.0,44.0,16.0,0.3,0.8,0.4,-1.9,-1.7,-1.22,-1.57,3.0,0.51,16.0,0.3,0.8,0.4,-16.9,-13.1,-6.6,-11.8,3.0,7.6,16.0,0.3,0.8,0.4,2.44,2.88,3.32,2.88,2.0,0.92,20.0,0.5,0.8,0.4,12.0,20.4,28.9,20.4,2.0,17.5,20.0,0.5,0.8,0.4,-143.2,0.0,22.8,-58.8,3.0,131.8,16.0,0.3,0.8,0.4,-25.5,83.9,156.0,65.7,3.0,133.9,16.0,0.3,0.8,0.4,-93.9,-55.8,-17.7,-55.8,2.0,79.0,20.0,0.5,0.8,0.4,-25.9,5.9,37.6,5.9,2.0,65.8,20.0,0.5,0.8,0.4,-25.9,-15.4,-4.9,-15.4,2.0,21.8,20.0,0.5,0.8,0.4,-8.2,-1.6,5.0,-1.6,2.0,13.6,20.0,0.5,0.8,0.4,177.0,456.5,694.0,436.0,3.0,379.5,16.0,0.3,0.8,0.4,175.0,455.0,695.0,435.0,3.0,380.0,16.0,0.3,0.8,0.4
1974,2,195.0,24.0,22.23,23.15,23.98,23.16,8.0,1.11,14.0,0.4,0.5,0.4,21.11,22.4,22.98,22.19,8.0,1.23,14.0,0.4,0.5,0.4,12.98,13.63,14.24,13.58,8.0,1.52,14.0,0.4,0.5,0.4,73.9,83.1,87.8,81.9,8.0,7.1,14.0,0.4,0.4,6.03,9.8,11.3,9.06,8.0,3.01,14.0,0.4,0.5,0.4,-10.03,-7.17,-3.63,-6.9,8.0,3.61,14.0,0.4,0.5,0.4,-1.77,0.62,5.46,0.96,8.0,5.86,14.0,0.4,0.5,0.4,1017.36,1018.3,1019.94,1018.08,8.0,2.33,14.0,0.4,0.5,0.4,2.9,6.0,7.0,5.0,7.0,2.6,14.0,0.3,0.4,0.3,-102.3,-69.8,-17.9,-69.1,8.0,45.1,14.0,0.4,0.5,0.4,-18.0,2.2,49.6,6.8,8.0,63.7,14.0,0.4,0.5,0.4,-0.5,1.0,2.79,0.98,8.0,1.53,14.0,0.4,0.5,0.4,-2.7,10.3,31.4,12.1,8.0,16.9,14.0,0.4,0.5,0.4,2.33,3.91,6.54,4.05,8.0,2.19,14.0,0.4,0.5,0.4,9.8,42.2,62.0,40.8,8.0,28.6,14.0,0.4,0.5,0.4,-229.8,-161.3,-79.3,-152.5,8.0,79.1,14.0,0.4,0.5,0.4,-40.5,13.5,124.1,21.3,8.0,126.8,14.0,0.4,0.5,0.4,-122.6,-97.5,-49.6,-90.4,8.0,44.1,14.0,0.4,0.5,0.4,-25.0,8.4,84.5,13.0,8.0,80.5,14.0,0.4,0.5,0.4,-59.4,-24.8,-9.3,-33.2,8.0,27.7,14.0,0.4,0.5,0.4,-10.5,1.4,27.6,1.2,8.0,26.3,14.0,0.4,0.5,0.4,237.5,948.5,1443.0,942.0,8.0,637.0,14.0,0.4,0.5,0.4,240.0,950.0,1445.0,940.0,8.0,635.0,14.0,0.4,0.5,0.4
1974,2,195.0,25.0,20.5,20.5,20.5,20.5,1.0,0.0,2.0,0.0,0.5,0.1,22.0,22.0,22.0,22.0,1.0,0.0,2.0,0.0,0.5,0.1,12.87,12.87,12.87,12.87,1.0,0.0,2.0,0.0,0.5,0.1,79.0,79.0,79.0,79.0,1.0,0.0,2.0,0.0,0.1,3.6,3.6,3.6,3.6,1.0,0.0,2.0,0.0,0.5,0.1,-2.76,-2.76,-2.76,-2.76,1.0,0.0,2.0,0.0,0.5,0.1,2.31,2.31,2.31,2.31,1.0,0.0,2.0,0.0,0.5,0.1,1022.1,1022.1,1022.1,1022.1,1.0,0.0,2.0,0.0,0.5,0.1,6.0,6.0,6.0,6.0,1.0,0.0,2.0,0.0,0.5,0.1,-9.9,-9.9,-9.9,-9.9,1.0,0.0,2.0,0.0,0.5,0.1,8.3,8.3,8.3,8.3,1.0,0.0,2.0,0.0,0.5,0.1,-1.5,-1.5,-1.5,-1.5,1.0,0.0,2.0,0.0,0.5,0.1,-5.4,-5.4,-5.4,-5.4,1.0,0.0,2.0,0.0,0.5,0.1,2.0,2.0,2.0,2.0,1.0,0.0,2.0,0.0,0.5,0.1,7.2,7.2,7.2,7.2,1.0,0.0,2.0,0.0,0.5,0.1,-60.7,-60.7,-60.7,-60.7,1.0,0.0,2.0,0.0,0.5,0.1,50.9,50.9,50.9,50.9,1.0,0.0,2.0,0.0,0.5,0.1,-35.5,-35.5,-35.5,-35.5,1.0,0.0,2.0,0.0,0.5,0.1,29.8,29.8,29.8,29.8,1.0,0.0,2.0,0.0,0.5,0.1,-5.5,-5.5,-5.5,-5.5,1.0,0.0,2.0,0.0,0.5,0.1,4.6,4.6,4.6,4.6,1.0,0.0,2.0,0.0,0.5,0.1,46.5,46.5,46.5,46.5,1.0,0.0,2.0,0.0,0.5,0.1,45.0,45.0,45.0,45.0,1.0,0.0,2.0,0.0,0.5,0.1
1974,2,195.0,26.0,21.94,22.5,23.43,22.68,4.0,0.99,12.0,0.8,0.5,0.2,16.88,20.5,21.38,19.22,5.0,2.99,14.0,0.8,0.4,0.2,8.05,11.17,12.27,10.18,3.0,3.21,10.0,0.7,0.5,0.3,67.6,72.2,89.9,78.6,3.0,17.3,10.0,0.7,0.3,2.71,5.95,11.86,7.23,4.0,7.1,12.0,0.8,0.5,0.2,-11.86,-3.1,1.92,-4.88,4.0,9.05,12.0,0.8,0.5,0.2,0.0,0.0,2.29,1.09,4.0,2.18,12.0,0.8,0.5,0.2,1018.87,1020.3,1022.05,1020.34,5.0,2.26,14.0,0.8,0.4,0.2,2.6,6.0,7.4,5.2,5.0,2.6,14.0,0.8,0.4,0.2,-169.7,-19.2,10.9,-76.6,4.0,143.7,12.0,0.8,0.5,0.2,0.0,0.0,13.0,6.2,4.0,12.4,12.0,0.8,0.5,0.2,0.76,2.55,3.71,2.25,4.0,1.8,12.0,0.8,0.5,0.2,0.0,5.0,16.4,8.0,4.0,10.6,12.0,0.8,0.5,0.2,4.17,4.89,5.62,4.89,2.0,1.5,6.0,0.5,0.7,0.4,24.2,29.4,34.5,29.4,2.0,10.6,6.0,0.5,0.7,0.4,-255.8,-65.7,35.1,-108.3,4.0,192.3,12.0,0.8,0.5,0.2,0.0,0.0,41.9,20.0,4.0,40.0,12.0,0.8,0.5,0.2,-50.9,-11.2,28.4,-11.2,2.0,82.1,6.0,0.5,0.7,0.4,8.9,27.9,46.9,27.9,2.0,39.4,6.0,0.5,0.7,0.4,-28.8,-11.4,6.0,-11.4,2.0,36.0,6.0,0.5,0.7,0.4,2.7,8.4,14.1,8.4,2.0,11.8,6.0,0.5,0.7,0.4,88.0,212.0,2687.5,1334.0,4.0,2388.0,12.0,0.8,0.5,0.2,90.0,210.0,2685.0,1335.0,4.0,2390.0,12.0,0.8,0.5,0.2
1974,2,195.0,27.0,20.32,21.0,21.68,21.0,5.0,0.79,8.0,0.6,0.6,0.7,17.59,21.2,22.57,20.14,5.0,3.02,8.0,0.6,0.6,0.7,9.03,11.67,12.88,11.11,5.0,2.33,8.0,0.6,0.6,0.7,64.3,74.5,90.4,76.2,5.0,14.5,8.0,0.6,0.7,3.42,4.6,11.66,7.2,5.0,5.06,8.0,0.6,0.6,0.7,-4.83,-2.91,6.46,0.49,5.0,7.7,8.0,0.6,0.6,0.7,-7.47,-1.06,2.31,-2.28,5.0,4.94,8.0,0.6,0.6,0.7,1017.17,1018.0,1021.23,1019.36,5.0,4.04,8.0,0.6,0.6,0.7,5.3,8.0,8.0,6.8,5.0,1.8,8.0,0.6,0.6,0.7,-34.2,-9.0,76.5,22.6,5.0,98.4,8.0,0.6,0.6,0.7,-87.2,-3.3,9.2,-33.8,5.0,55.3,8.0,0.6,0.6,0.7,-0.94,0.3,2.72,0.86,5.0,2.38,8.0,0.6,0.6,0.7,-10.2,1.4,20.0,4.9,5.0,25.0,8.0,0.6,0.6,0.7,2.41,3.73,6.49,4.29,5.0,2.18,8.0,0.6,0.6,0.7,9.4,21.0,57.9,31.4,5.0,25.6,8.0,0.6,0.6,0.7,-89.3,-65.5,139.9,19.4,5.0,164.0,8.0,0.6,0.6,0.7,-135.6,-23.9,45.4,-43.4,5.0,96.9,8.0,0.6,0.6,0.7,-52.5,-28.0,76.4,10.0,5.0,86.3,8.0,0.6,0.6,0.7,-70.0,-10.2,29.7,-19.4,5.0,53.0,8.0,0.6,0.6,0.7,-27.1,-7.4,22.4,-2.3,5.0,33.1,8.0,0.6,0.6,0.7,-35.0,-7.2,5.0,-14.4,5.0,22.9,8.0,0.6,0.6,0.7,40.5,97.5,1805.5,884.5,5.0,1408.0,8.0,0.6,0.6,0.7,40.0,95.0,1805.0,885.0,5.0,1410.0,8.0,0.6,0.6,0.7
1974,2,195.0,28.0,19.63,21.0,21.98,20.76,9.0,1.37,20.0,0.7,0.6,0.3,20.0,21.5,22.58,21.12,11.0,1.38,18.0,0.5,0.5,0.3,12.22,13.07,14.62,13.24,9.0,1.25,18.0,0.6,0.6,0.3,80.2,85.7,88.3,84.1,9.0,4.6,18.0,0.6,0.3,3.39,5.1,9.3,5.98,11.0,3.25,18.0,0.5,0.5,0.3,-5.64,-3.05,1.09,-2.46,11.0,4.18,18.0,0.5,0.5,0.3,-1.78,0.54,5.37,0.95,11.0,4.97,18.0,0.5,0.5,0.3,1014.92,1018.0,1023.33,1019.02,11.0,4.31,18.0,0.5,0.5,0.3,1.0,7.0,8.0,5.5,11.0,3.1,18.0,0.5,0.5,0.3,-39.8,-19.9,8.4,-16.4,11.0,35.1,18.0,0.5,0.5,0.3,-14.4,1.7,45.3,2.8,11.0,47.0,18.0,0.5,0.5,0.3,-2.42,-0.5,1.78,-0.44,9.0,2.05,20.0,0.7,0.6,0.3,-9.8,0.0,17.1,0.4,9.0,15.9,20.0,0.7,0.6,0.3,-0.06,1.92,4.18,2.15,8.0,2.1,20.0,0.6,0.6,0.3,0.5,12.0,34.3,16.0,8.0,17.9,20.0,0.6,0.6,0.3,-125.4,-61.1,23.4,-53.0,11.0,87.7,18.0,0.5,0.5,0.3,-36.4,10.8,114.2,23.4,11.0,100.7,18.0,0.5,0.5,0.3,-92.9,-55.5,24.3,-33.4,9.0,62.2,18.0,0.6,0.6,0.3,-32.6,0.0,81.4,13.5,9.0,67.6,18.0,0.6,0.6,0.3,-22.0,-5.8,4.0,-7.6,8.0,14.8,20.0,0.6,0.6,0.3,-11.3,-0.7,2.7,-6.2,8.0,16.9,20.0,0.6,0.6,0.3,39.5,132.5,804.5,380.5,11.0,417.5,18.0,0.5,0.5,0.3,40.0,135.0,805.0,380.0,11.0,420.0,18.0,0.5,0.5,0.3
1974,2,195.0,29.0,18.71,19.75,20.41,19.73,6.0,1.34,14.0,0.3,0.8,0.4,19.4,20.0,21.67,20.51,7.0,2.33,16.0,0.3,0.8,0.4,11.08,12.81,13.4,12.62,7.0,1.32,16.0,0.3,0.8,0.4,78.0,88.8,89.8,84.5,7.0,6.8,16.0,0.3,0.4,5.08,8.7,9.35,7.86,7.0,2.2,16.0,0.3,0.8,0.4,-8.23,-4.53,0.13,-3.72,7.0,4.32,16.0,0.3,0.8,0.4,-1.28,0.8,7.38,1.61,7.0,6.25,16.0,0.3,0.8,0.4,1016.91,1019.3,1022.1,1017.99,7.0,6.11,16.0,0.3,0.8,0.4,5.0,7.0,8.0,6.3,7.0,1.6,16.0,0.3,0.8,0.4,-71.9,-20.8,1.0,-28.4,7.0,37.9,16.0,0.3,0.8,0.4,-8.4,3.7,58.1,14.5,7.0,58.9,16.0,0.3,0.8,0.4,-0.35,0.25,0.5,-0.03,6.0,0.85,14.0,0.3,0.8,0.4,-3.6,1.3,4.0,-1.1,6.0,8.3,14.0,0.3,0.8,0.4,1.07,1.63,3.51,1.96,6.0,1.32,14.0,0.3,0.8,0.4,6.1,13.8,19.9,13.6,6.0,8.8,14.0,0.3,0.8,0.4,-186.9,-88.3,2.5,-80.5,7.0,94.8,16.0,0.3,0.8,0.4,-25.8,15.6,144.5,37.7,7.0,120.3,16.0,0.3,0.8,0.4,-120.0,-56.1,1.4,-50.3,7.0,57.8,16.0,0.3,0.8,0.4,-15.7,9.9,81.5,22.4,7.0,75.3,16.0,0.3,0.8,0.4,-13.3,-4.9,1.9,-5.1,6.0,9.5,14.0,0.3,0.8,0.4,-5.7,0.6,6.6,1.7,6.0,13.2,14.0,0.3,0.8,0.4,131.0,658.5,818.0,578.0,7.0,369.0,16.0,0.3,0.8,0.4,130.0,660.0,820.0,580.0,7.0,370.0,16.0,0.3,0.8,0.4
1974,2,195.0,30.0,16.73,18.0,19.81,18.15,16.0,1.33,10.0,0.6,0.6,0.5,17.05,18.9,20.0,18.58,17.0,1.45,10.0,0.5,0.6,0.4,9.39,10.83,12.75,10.94,16.0,1.73,10.0,0.6,0.6,0.4,71.0,83.9,91.1,83.1,16.0,10.5,10.0,0.6,0.4,5.1,8.2,10.26,8.07,17.0,2.8,10.0,0.5,0.6,0.4,-7.22,-4.63,2.23,-2.92,17.0,5.86,10.0,0.5,0.6,0.4,-3.59,4.79,7.92,2.82,17.0,5.02,10.0,0.5,0.6,0.4,1017.27,1021.6,1024.59,1020.71,17.0,4.42,10.0,0.5,0.6,0.4,3.0,7.0,8.0,6.0,17.0,2.4,10.0,0.5,0.6,0.4,-69.9,-33.3,15.4,-24.8,17.0,67.5,10.0,0.5,0.6,0.4,-21.4,28.9,66.8,25.4,17.0,42.1,10.0,0.5,0.6,0.4,-2.39,0.0,0.5,-0.48,16.0,1.62,10.0,0.6,0.6,0.5,-19.9,0.0,4.3,-2.7,16.0,15.5,10.0,0.6,0.6,0.5,0.83,1.72,3.76,2.05,15.0,1.57,10.0,0.6,0.6,0.4,4.2,14.1,38.6,18.8,15.0,18.2,10.0,0.6,0.6,0.4,-147.1,-79.1,43.0,-55.6,17.0,108.6,10.0,0.5,0.6,0.4,-60.6,90.6,147.3,56.5,17.0,93.0,10.0,0.5,0.6,0.4,-80.7,-49.0,30.7,-31.9,16.0,64.2,10.0,0.6,0.6,0.4,-33.1,58.7,93.0,33.7,16.0,57.3,10.0,0.6,0.6,0.4,-23.9,-2.8,5.1,-4.5,15.0,22.5,10.0,0.6,0.6,0.4,-6.8,3.3,13.9,3.6,15.0,13.0,10.0,0.6,0.6,0.4,132.5,551.5,1088.0,702.5,17.0,635.5,10.0,0.5,0.6,0.4,135.0,550.0,1090.0,705.0,17.0,635.0,10.0,0.5,0.6,0.4
1974,2,195.0,31.0,17.12,18.0,20.0,18.47,11.0,1.35,10.0,0.6,0.6,0.4,17.49,18.45,19.5,18.41,12.0,1.52,10.0,0.7,0.6,0.4,9.97,11.91,12.8,11.33,10.0,1.67,10.0,0.7,0.6,0.4,75.5,91.0,93.9,86.5,10.0,9.3,10.0,0.7,0.4,4.85,7.2,9.55,7.43,12.0,2.82,10.0,0.7,0.6,0.4,-3.77,0.63,7.77,1.21,12.0,5.89,10.0,0.7,0.6,0.4,-2.01,4.75,7.34,3.68,12.0,4.13,10.0,0.7,0.6,0.4,1015.97,1019.25,1025.16,1020.22,12.0,4.29,10.0,0.7,0.6,0.4,3.6,6.0,7.0,5.4,11.0,2.2,10.0,0.6,0.6,0.4,-24.3,2.2,74.8,19.1,12.0,60.8,10.0,0.7,0.6,0.4,-6.0,37.4,58.3,29.9,12.0,33.8,10.0,0.7,0.6,0.4,-1.97,-0.3,2.83,0.12,11.0,2.58,10.0,0.6,0.6,0.4,-14.5,-1.9,9.8,0.9,11.0,20.0,10.0,0.6,0.6,0.4,0.46,1.14,3.25,1.7,10.0,2.13,10.0,0.7,0.6,0.4,3.3,8.7,15.7,14.9,10.0,25.0,10.0,0.7,0.6,0.4,-71.4,11.5,147.2,18.8,12.0,105.6,10.0,0.7,0.6,0.4,-32.0,90.0,137.9,71.2,12.0,76.4,10.0,0.7,0.6,0.4,-46.4,7.5,57.9,6.0,10.0,55.8,10.0,0.7,0.6,0.4,-5.0,73.8,85.5,51.9,10.0,46.5,10.0,0.7,0.6,0.4,-4.5,0.6,7.6,8.7,10.0,26.5,10.0,0.7,0.6,0.4,-5.8,3.3,8.2,2.3,10.0,9.2,10.0,0.7,0.6,0.4,116.5,373.0,877.5,575.5,12.0,593.5,10.0,0.7,0.6,0.4,115.0,375.0,880.0,575.0,12.0,595.0,10.0,0.7,0.6,0.4
1974,2,195.0,32.0,17.07,18.0,18.01,17.63,7.0,0.64,18.0,0.7,0.5,0.6,17.64,18.0,18.2,17.93,8.0,0.49,16.0,0.6,0.5,0.6,10.77,11.73,12.4,11.49,6.0,1.11,18.0,0.5,0.4,0.6,88.3,93.8,95.2,90.7,6.0,8.5,18.0,0.5,0.6,2.77,4.6,7.97,6.2,8.0,5.43,16.0,0.6,0.5,0.6,-4.02,0.0,3.47,-1.71,8.0,7.19,16.0,0.6,0.5,0.6,-1.25,1.66,3.21,1.21,8.0,4.09,16.0,0.6,0.5,0.6,1016.22,1018.75,1022.57,1017.93,8.0,7.25,16.0,0.6,0.5,0.6,2.9,5.0,8.0,4.9,7.0,2.9,14.0,0.6,0.5,0.6,-16.5,0.0,17.7,-32.6,8.0,112.2,16.0,0.6,0.5,0.6,-5.1,4.8,19.9,-0.7,8.0,49.5,16.0,0.6,0.5,0.6,-0.76,-0.2,0.01,-0.44,7.0,0.76,18.0,0.7,0.5,0.6,-5.6,0.0,0.3,-1.6,7.0,4.9,18.0,0.7,0.5,0.6,-0.34,0.38,1.9,0.8,5.0,1.75,18.0,0.6,0.4,0.5,-1.7,0.0,26.6,13.1,5.0,30.1,18.0,0.6,0.4,0.5,-72.4,0.0,64.3,-30.4,8.0,129.9,16.0,0.6,0.5,0.6,-22.7,28.4,59.2,21.6,8.0,73.7,16.0,0.6,0.5,0.6,-69.6,0.0,57.4,-11.4,6.0,86.7,18.0,0.5,0.4,0.6,-25.3,14.4,34.3,4.6,6.0,37.8,18.0,0.5,0.4,0.6,-25.2,-3.3,0.0,-13.9,5.0,27.3,18.0,0.6,0.4,0.5,-10.2,-1.2,0.0,-5.4,5.0,9.8,18.0,0.6,0.4,0.5,23.5,101.0,506.0,886.0,8.0,2008.0,16.0,0.6,0.5,0.6,25.0,100.0,505.0,885.0,8.0,2010.0,16.0,0.6,0.5,0.6
1974,2,195.0,33.0,16.0,17.1,18.8,17.26,8.0,1.65,14.0,0.6,0.8,0.5,15.0,16.65,17.0,16.14,10.0,1.01,16.0,0.7,0.8,0.5,7.37,8.58,11.68,8.93,9.0,2.32,16.0,0.7,0.8,0.4,68.0,72.4,98.7,77.7,9.0,16.9,16.0,0.7,0.4,5.0,8.2,11.79,8.24,10.0,3.24,16.0,0.7,0.8,0.5,-4.55,-1.38,1.92,-1.29,10.0,4.34,16.0,0.7,0.8,0.5,-3.61,4.06,11.34,3.46,10.0,7.21,16.0,0.7,0.8,0.5,1014.13,1022.95,1025.11,1020.41,10.0,6.08,16.0,0.7,0.8,0.5,6.0,7.0,8.0,6.4,9.0,2.2,14.0,0.7,0.8,0.4,-51.1,-5.0,12.8,-11.4,10.0,36.7,16.0,0.7,0.8,0.5,-30.3,23.4,134.8,38.1,10.0,81.2,16.0,0.7,0.8,0.5,-0.71,1.5,1.69,0.84,8.0,1.57,14.0,0.6,0.8,0.5,-5.8,8.8,19.0,9.8,8.0,15.3,14.0,0.6,0.8,0.5,1.27,3.15,5.67,3.09,8.0,2.47,14.0,0.6,0.8,0.5,13.6,22.5,46.3,27.3,8.0,24.3,14.0,0.6,0.8,0.5,-72.8,-23.2,32.9,-21.1,10.0,69.0,16.0,0.7,0.8,0.5,-58.7,69.3,186.6,59.0,10.0,116.8,16.0,0.7,0.8,0.5,-37.0,-21.2,0.0,-16.6,9.0,29.5,16.0,0.7,0.8,0.4,-25.9,53.2,96.4,42.5,9.0,67.1,16.0,0.7,0.8,0.4,-24.4,0.0,3.2,-7.8,8.0,13.8,14.0,0.6,0.8,0.5,-2.7,13.4,45.7,18.8,8.0,27.9,14.0,0.6,0.8,0.5,141.5,557.5,1695.5,796.0,10.0,783.0,16.0,0.7,0.8,0.5,140.0,560.0,1695.0,795.0,10.0,785.0,16.0,0.7,0.8,0.5
1974,2,195.0,34.0,14.9,15.6,16.31,15.7,6.0,1.03,10.0,0.5,0.4,0.6,13.38,14.5,16.62,14.83,6.0,2.64,10.0,0.5,0.4,0.6,7.49,8.79,10.0,8.54,6.0,1.8,10.0,0.5,0.4,0.6,70.3,80.8,91.2,81.4,6.0,13.1,10.0,0.5,0.6,3.5,7.45,9.82,7.12,6.0,3.33,10.0,0.5,0.4,0.6,-3.12,1.21,7.43,1.5,6.0,5.99,10.0,0.5,0.4,0.6,0.17,2.91,5.21,3.38,6.0,4.43,10.0,0.5,0.4,0.6,1012.57,1015.5,1028.05,1018.43,6.0,8.21,10.0,0.5,0.4,0.6,3.9,7.0,8.0,6.0,4.0,2.8,10.0,0.5,0.4,0.6,-30.7,3.6,57.3,9.9,6.0,49.8,10.0,0.5,0.4,0.6,-0.5,16.5,51.8,32.1,6.0,53.2,10.0,0.5,0.4,0.6,-0.68,0.75,2.91,0.87,6.0,2.61,10.0,0.5,0.4,0.6,-8.0,4.4,14.3,2.2,6.0,23.8,10.0,0.5,0.4,0.6,1.37,1.79,3.72,2.48,6.0,1.62,10.0,0.5,0.4,0.6,6.1,13.2,32.8,18.3,6.0,14.7,10.0,0.5,0.4,0.6,-47.3,16.7,107.6,25.7,6.0,83.9,10.0,0.5,0.4,0.6,2.4,39.9,87.8,57.3,6.0,84.5,10.0,0.5,0.4,0.6,-24.0,10.1,64.1,15.7,6.0,44.8,10.0,0.5,0.4,0.6,1.5,19.8,53.1,30.9,6.0,44.4,10.0,0.5,0.4,0.6,-10.0,1.6,15.9,0.4,6.0,22.6,10.0,0.5,0.4,0.6,0.2,8.4,13.6,7.2,6.0,6.8,10.0,0.5,0.4,0.6,43.0,415.0,977.5,559.0,6.0,604.0,10.0,0.5,0.4,0.6,45.0,415.0,980.0,560.0,6.0,605.0,10.0,0.5,0.4,0.6
1974,2,195.0,35.0,13.96,14.9,15.53,15.11,8.0,2.23,16.0,0.5,0.7,0.3,13.39,14.75,17.74,15.01,10.0,2.58,18.0,0.6,0.6,0.3,7.22,9.0,9.64,8.65,9.0,1.62,18.0,0.6,0.7,0.4,71.2,85.9,92.1,83.2,9.0,11.2,18.0,0.6,0.4,4.1,5.1,9.7,6.55,10.0,2.96,18.0,0.6,0.6,0.3,-6.99,1.78,7.47,0.9,10.0,6.85,18.0,0.6,0.6,0.3,-1.55,1.3,3.58,1.31,10.0,2.6,18.0,0.6,0.6,0.3,1012.19,1023.75,1025.94,1020.84,10.0,6.9,18.0,0.6,0.6,0.3,1.9,7.0,8.0,5.6,7.0,3.3,16.0,0.6,0.7,0.5,-58.0,7.3,60.4,5.0,10.0,64.1,18.0,0.6,0.6,0.3,-6.7,3.4,30.7,10.2,10.0,17.9,18.0,0.6,0.6,0.3,-0.53,1.0,1.94,0.48,8.0,3.14,16.0,0.5,0.7,0.3,-1.4,4.7,8.1,-1.0,8.0,24.0,16.0,0.5,0.7,0.3,0.39,1.65,3.53,2.06,8.0,1.62,16.0,0.5,0.7,0.3,3.0,10.7,15.9,10.6,8.0,7.7,16.0,0.5,0.7,0.3,-104.9,23.1,128.5,15.9,10.0,110.9,18.0,0.6,0.6,0.3,-20.7,19.5,58.1,20.0,10.0,37.1,18.0,0.6,0.6,0.3,-69.9,0.0,41.8,-3.2,9.0,56.5,18.0,0.6,0.7,0.4,-12.3,0.0,30.8,9.1,9.0,21.5,18.0,0.6,0.7,0.4,-9.9,1.3,9.5,0.8,8.0,9.0,16.0,0.5,0.7,0.3,-2.5,0.0,9.2,2.9,8.0,9.9,16.0,0.5,0.7,0.3,69.0,132.5,916.0,442.0,10.0,470.0,18.0,0.6,0.6,0.3,70.0,135.0,915.0,440.0,10.0,470.0,18.0,0.6,0.6,0.3
1974,2,195.0,36.0,13.04,14.0,15.43,14.23,3.0,1.76,18.0,1.0,0.9,0.6,13.84,15.0,15.41,14.63,3.0,1.19,18.0,1.0,0.9,0.6,7.58,8.08,9.04,8.31,3.0,1.09,18.0,1.0,0.9,0.6,73.3,85.9,88.8,81.2,3.0,12.1,18.0,1.0,0.6,8.84,11.3,12.73,10.8,3.0,2.88,18.0,1.0,0.9,0.6,2.82,3.86,6.17,4.48,3.0,2.51,18.0,1.0,0.9,0.6,1.57,10.62,12.38,7.06,3.0,8.49,18.0,1.0,0.9,0.6,1017.59,1019.3,1019.78,1018.7,3.0,1.68,18.0,1.0,0.9,0.6,3.0,3.0,6.4,4.7,3.0,2.9,18.0,1.0,0.9,0.6,35.1,43.7,51.9,43.5,3.0,12.3,18.0,1.0,0.9,0.6,24.2,120.0,158.8,92.2,3.0,101.5,18.0,1.0,0.9,0.6,-0.9,-0.7,0.12,-0.4,3.0,0.79,18.0,1.0,0.9,0.6,-10.9,-5.4,2.1,-4.4,3.0,9.6,18.0,1.0,0.9,0.6,0.55,0.9,2.97,1.74,3.0,1.92,18.0,1.0,0.9,0.6,5.7,7.0,32.5,18.8,3.0,22.2,18.0,1.0,0.9,0.6,43.0,60.3,84.8,63.8,3.0,30.8,18.0,1.0,0.9,0.6,28.7,165.6,187.7,109.5,3.0,126.2,18.0,1.0,0.9,0.6,24.1,28.4,48.9,36.3,3.0,19.4,18.0,1.0,0.9,0.6,10.3,78.1,110.3,60.7,3.0,74.8,18.0,1.0,0.9,0.6,2.7,6.5,12.4,7.5,3.0,7.2,18.0,1.0,0.9,0.6,0.0,5.0,30.1,14.8,3.0,23.6,18.0,1.0,0.9,0.6,769.5,1443.0,2100.5,1435.0,3.0,975.0,18.0,1.0,0.9,0.6,770.0,1445.0,2100.0,1435.0,3.0,975.0,18.0,1.0,0.9,0.6
1974,2,195.0,37.0,14.17,15.6,15.87,15.03,3.0,1.34,10.0,1.0,0.5,0.5,14.25,15.0,15.0,14.63,3.0,0.64,10.0,1.0,0.5,0.5,8.11,9.18,10.07,9.09,3.0,1.44,10.0,1.0,0.5,0.5,79.2,93.7,97.1,88.3,3.0,13.9,10.0,1.0,0.5,5.93,7.7,8.79,7.37,3.0,2.12,10.0,1.0,0.5,0.5,1.52,4.79,4.9,3.25,3.0,2.81,10.0,1.0,0.5,0.5,3.06,5.9,8.22,5.65,3.0,3.78,10.0,1.0,0.5,0.5,1011.56,1017.5,1018.87,1015.27,3.0,5.69,10.0,1.0,0.5,0.5,4.0,6.0,7.4,5.7,3.0,2.5,10.0,1.0,0.5,0.5,7.8,24.4,33.8,20.9,3.0,19.3,10.0,1.0,0.5,0.5,20.5,45.4,73.5,46.9,3.0,38.8,10.0,1.0,0.5,0.5,-0.71,1.0,1.48,0.4,3.0,1.68,10.0,1.0,0.5,0.5,-2.3,9.3,11.9,4.9,3.0,11.0,10.0,1.0,0.5,0.5,1.14,1.77,1.88,1.51,3.0,0.58,10.0,1.0,0.5,0.5,8.5,9.8,12.4,10.4,3.0,2.9,10.0,1.0,0.5,0.5,21.8,68.8,70.9,46.9,3.0,40.6,10.0,1.0,0.5,0.5,43.9,82.0,121.2,82.6,3.0,56.7,10.0,1.0,0.5,0.5,11.6,36.5,42.6,27.3,3.0,24.1,10.0,1.0,0.5,0.5,26.2,54.2,83.8,55.0,3.0,42.1,10.0,1.0,0.5,0.5,2.8,8.7,9.1,6.0,3.0,5.2,10.0,1.0,0.5,0.5,4.8,7.9,9.6,7.2,3.0,3.6,10.0,1.0,0.5,0.5,235.5,456.5,694.0,464.5,3.0,336.0,10.0,1.0,0.5,0.5,235.0,455.0,695.0,465.0,3.0,335.0,10.0,1.0,0.5,0.5
1974,2,195.0,38.0,11.0,13.0,15.05,13.09,7.0,1.88,16.0,0.7,0.6,0.5,12.38,14.0,14.57,13.7,7.0,1.37,16.0,0.7,0.6,0.5,6.64,8.5,10.05,8.41,6.0,1.8,16.0,0.7,0.6,0.5,73.0,83.2,100.0,84.5,6.0,14.3,16.0,0.7,0.5,4.6,9.8,18.5,10.43,7.0,5.95,16.0,0.7,0.6,0.5,-2.36,3.35,6.47,2.37,7.0,4.6,16.0,0.7,0.6,0.5,-3.09,3.98,17.44,6.31,7.0,9.39,16.0,0.7,0.6,0.5,1003.41,1012.0,1018.17,1012.37,7.0,10.51,16.0,0.7,0.6,0.5,5.9,8.0,8.0,7.0,5.0,1.7,16.0,0.8,0.6,0.6,-10.8,22.4,91.5,34.2,7.0,51.4,16.0,0.7,0.6,0.5,-14.8,32.8,322.6,108.9,7.0,158.4,16.0,0.7,0.6,0.5,-3.02,-1.0,1.14,-0.61,7.0,2.6,16.0,0.7,0.6,0.5,-31.2,-18.5,10.2,-11.5,7.0,21.3,16.0,0.7,0.6,0.5,-0.68,0.84,1.61,0.66,6.0,1.22,16.0,0.7,0.6,0.5,-9.2,8.0,12.5,4.2,6.0,11.9,16.0,0.7,0.6,0.5,-29.2,48.6,84.5,35.0,7.0,61.8,16.0,0.7,0.6,0.5,-37.8,49.4,227.6,88.1,7.0,129.6,16.0,0.7,0.6,0.5,-3.2,29.0,54.4,29.8,6.0,37.5,16.0,0.7,0.6,0.5,13.2,66.0,136.0,71.4,6.0,79.8,16.0,0.7,0.6,0.5,-3.4,2.4,6.2,1.5,6.0,5.0,16.0,0.7,0.6,0.5,-9.0,-2.9,11.1,0.2,6.0,11.6,16.0,0.7,0.6,0.5,97.5,941.0,6331.5,2170.5,7.0,2869.0,16.0,0.7,0.6,0.5,95.0,940.0,6330.0,2170.0,7.0,2870.0,16.0,0.7,0.6,0.5
1974,2,195.0,39.0,11.56,12.75,13.21,12.53,6.0,1.06,12.0,0.8,0.4,0.4,10.9,13.0,14.02,12.54,7.0,1.92,12.0,0.7,0.6,0.3,6.88,8.1,8.99,7.94,4.0,1.37,6.0,0.8,0.5,0.4,79.0,85.4,89.8,84.5,4.0,6.6,6.0,0.8,0.4,6.81,8.45,12.13,10.01,8.0,4.34,12.0,0.8,0.6,0.4,-3.8,2.7,6.66,1.87,8.0,5.25,12.0,0.8,0.6,0.4,-0.72,5.9,11.31,5.86,8.0,7.92,12.0,0.8,0.6,0.4,1004.37,1008.25,1018.0,1011.83,8.0,9.67,12.0,0.8,0.6,0.4,3.3,6.0,7.9,5.8,8.0,2.2,12.0,0.8,0.6,0.4,-49.3,22.1,58.3,9.5,8.0,53.3,12.0,0.8,0.6,0.4,-4.4,43.5,137.6,83.6,8.0,131.9,12.0,0.8,0.6,0.4,-2.0,-1.1,0.46,-0.62,5.0,2.08,10.0,0.8,0.4,0.3,-22.7,-21.4,2.5,-11.1,5.0,18.0,10.0,0.8,0.4,0.3,-0.04,0.53,2.7,1.31,3.0,2.12,8.0,0.7,0.4,0.6,-0.2,6.5,17.8,8.7,3.0,13.3,8.0,0.7,0.4,0.6,-43.9,0.0,90.1,18.3,7.0,66.4,12.0,0.7,0.6,0.3,-18.4,75.5,154.8,85.6,7.0,103.6,12.0,0.7,0.6,0.3,-16.8,25.3,54.0,18.9,4.0,42.5,6.0,0.8,0.5,0.4,42.9,67.8,87.9,65.6,4.0,26.1,6.0,0.8,0.5,0.4,-2.0,-1.6,-0.5,-1.3,3.0,1.2,8.0,0.7,0.4,0.6,0.0,6.1,17.6,8.8,3.0,13.1,8.0,0.7,0.4,0.6,318.0,605.0,1794.0,1592.5,8.0,2415.0,12.0,0.8,0.6,0.4,320.0,605.0,1795.0,1595.0,8.0,2415.0,12.0,0.8,0.6,0.4
1974,2,195.0,41.0,9.74,11.0,12.37,11.06,5.0,1.49,26.0,0.6,0.5,0.5,8.0,9.25,10.41,9.42,6.0,1.5,24.0,0.7,0.6,0.6,5.29,5.5,6.04,5.66,4.0,0.51,26.0,0.8,0.4,0.5,78.3,84.0,87.6,83.0,4.0,5.6,26.0,0.8,0.5,6.77,7.95,14.49,10.28,6.0,5.67,24.0,0.7,0.6,0.6,-7.08,-5.93,2.36,-3.52,6.0,4.74,24.0,0.7,0.6,0.6,-8.74,-2.55,4.0,-1.02,6.0,10.97,24.0,0.7,0.6,0.6,1022.59,1029.5,1031.0,1024.9,6.0,12.29,24.0,0.7,0.6,0.6,7.4,8.0,8.0,7.5,6.0,1.2,24.0,0.7,0.6,0.6,-74.2,-37.4,24.2,-37.3,6.0,63.6,24.0,0.7,0.6,0.6,-84.0,-19.0,82.3,22.3,6.0,193.7,24.0,0.7,0.6,0.6,1.38,2.0,3.18,2.16,5.0,1.23,26.0,0.6,0.5,0.5,10.0,15.3,26.3,18.5,5.0,15.8,26.0,0.6,0.5,0.5,2.01,2.26,2.55,2.28,4.0,0.39,26.0,0.8,0.4,0.5,13.3,15.4,26.4,19.6,4.0,11.0,26.0,0.8,0.4,0.5,-74.9,-47.5,22.1,-34.2,6.0,47.0,24.0,0.7,0.6,0.6,-80.0,-23.0,48.0,-0.6,6.0,122.0,24.0,0.7,0.6,0.6,-32.5,-7.4,14.6,-8.9,4.0,27.2,26.0,0.8,0.4,0.5,-61.8,-26.9,-6.2,-33.7,4.0,35.8,26.0,0.8,0.4,0.5,-13.4,-3.3,5.7,-3.8,4.0,11.1,26.0,0.8,0.4,0.5,-25.2,-9.7,-2.6,-13.7,4.0,15.5,26.0,0.8,0.4,0.5,323.5,504.0,3508.5,2067.0,6.0,3348.5,24.0,0.7,0.6,0.6,325.0,505.0,3510.0,2065.0,6.0,3350.0,24.0,0.7,0.6,0.6
1974,2,195.0,42.0,10.0,10.0,10.0,10.0,1.0,0.0,4.0,0.0,0.8,0.5,7.63,9.0,9.0,8.33,3.0,1.15,6.0,0.3,0.5,0.5,6.14,6.16,6.18,6.16,2.0,0.05,8.0,0.5,0.8,0.3,87.3,87.3,87.3,87.3,2.0,0.0,8.0,0.5,0.3,5.22,8.7,15.05,10.1,3.0,7.3,6.0,0.3,0.5,0.5,-1.16,2.76,8.77,3.78,3.0,7.33,6.0,0.3,0.5,0.5,4.17,8.18,12.01,8.09,3.0,5.74,6.0,0.3,0.5,0.5,1001.03,1014.0,1021.85,1011.5,3.0,15.4,6.0,0.3,0.5,0.5,5.3,6.0,7.4,6.3,3.0,1.5,6.0,0.3,0.5,0.5,-14.5,9.9,145.3,64.1,3.0,126.1,6.0,0.3,0.5,0.5,28.3,71.1,192.0,109.2,3.0,124.4,6.0,0.3,0.5,0.5,1.0,1.0,1.0,1.0,1.0,0.0,4.0,0.0,0.8,0.5,3.6,3.6,3.6,3.6,1.0,0.0,4.0,0.0,0.8,0.5,1.4,1.4,1.4,1.4,1.0,0.0,4.0,0.0,0.8,0.5,5.0,5.0,5.0,5.0,1.0,0.0,4.0,0.0,0.8,0.5,-10.4,24.8,63.2,26.3,3.0,53.9,6.0,0.3,0.5,0.5,37.6,73.6,89.2,63.6,3.0,38.8,6.0,0.3,0.5,0.5,-12.6,-0.6,11.5,-0.6,2.0,25.0,8.0,0.5,0.8,0.3,20.0,32.2,44.4,32.2,2.0,25.3,8.0,0.5,0.8,0.3,3.9,3.9,3.9,3.9,1.0,0.0,4.0,0.0,0.8,0.5,3.2,3.2,3.2,3.2,1.0,0.0,4.0,0.0,0.8,0.5,241.0,658.5,4190.0,2179.0,3.0,3178.5,6.0,0.3,0.5,0.5,240.0,660.0,4190.0,2180.0,3.0,3180.0,6.0,0.3,0.5,0.5
1974,2,195.0,43.0,7.63,8.5,9.0,8.3,5.0,0.84,12.0,1.0,0.8,0.3,6.78,9.4,9.64,8.49,7.0,3.09,14.0,0.7,0.8,0.3,3.76,5.78,6.22,5.09,5.0,1.57,12.0,1.0,0.8,0.3,55.8,78.8,86.2,72.6,5.0,18.0,12.0,1.0,0.3,7.1,8.2,19.27,12.54,7.0,7.3,14.0,0.7,0.8,0.3,-4.28,7.71,12.13,2.8,7.0,13.89,14.0,0.7,0.8,0.3,-7.22,-2.8,3.35,-2.7,7.0,5.12,14.0,0.7,0.8,0.3,1013.8,1025.0,1027.15,1020.59,7.0,8.45,14.0,0.7,0.8,0.3,4.0,4.5,6.4,5.2,6.0,1.6,14.0,0.8,0.8,0.3,-44.6,63.2,190.0,7.9,7.0,296.7,14.0,0.7,0.8,0.3,-55.9,-23.0,64.8,-14.4,7.0,82.7,14.0,0.7,0.8,0.3,-2.73,-0.5,1.69,-0.3,5.0,3.55,12.0,1.0,0.8,0.3,-34.2,-4.1,28.3,-1.9,5.0,57.2,12.0,1.0,0.8,0.3,0.52,1.32,3.02,1.67,5.0,1.62,12.0,1.0,0.8,0.3,4.8,10.8,52.2,25.0,5.0,27.1,12.0,1.0,0.8,0.3,-39.0,29.5,80.9,22.9,7.0,139.0,14.0,0.7,0.8,0.3,-35.9,-26.6,40.4,-11.6,7.0,36.8,14.0,0.7,0.8,0.3,12.1,44.5,59.5,36.6,5.0,37.5,12.0,1.0,0.8,0.3,-25.9,-16.9,-5.0,-14.1,5.0,16.7,12.0,1.0,0.8,0.3,5.8,10.2,46.3,22.6,5.0,22.1,12.0,1.0,0.8,0.3,-16.4,-3.0,4.1,-7.0,5.0,18.2,12.0,1.0,0.8,0.3,361.5,551.5,7251.5,3884.0,7.0,5517.0,14.0,0.7,0.8,0.3,360.0,550.0,7250.0,3885.0,7.0,5515.0,14.0,0.7,0.8,0.3
1974,2,195.0,44.0,5.45,7.75,9.0,7.25,4.0,2.18,12.0,1.0,0.5,0.5,5.82,7.0,8.18,7.0,5.0,1.27,12.0,1.0,0.5,0.5,4.37,4.48,4.93,4.65,5.0,0.48,12.0,1.0,0.5,0.5,63.1,78.8,82.1,74.3,5.0,10.7,12.0,1.0,0.5,9.3,10.8,18.95,13.6,5.0,5.32,12.0,1.0,0.5,0.5,2.34,9.3,18.78,10.26,5.0,8.83,12.0,1.0,0.5,0.5,-1.14,0.0,9.61,3.26,5.0,6.04,12.0,1.0,0.5,0.5,992.9,996.5,1002.34,997.24,5.0,5.06,12.0,1.0,0.5,0.5,4.3,6.0,8.0,6.0,5.0,2.1,12.0,1.0,0.5,0.5,25.3,86.5,357.5,174.0,5.0,186.8,12.0,1.0,0.5,0.5,-20.5,0.0,94.9,28.0,5.0,68.5,12.0,1.0,0.5,0.5,-1.07,0.75,1.0,0.0,4.0,1.68,12.0,1.0,0.5,0.5,-24.4,7.4,13.9,-4.7,4.0,31.6,12.0,1.0,0.5,0.5,0.65,2.21,2.91,1.8,4.0,1.47,12.0,1.0,0.5,0.5,11.2,28.1,29.6,20.7,4.0,16.5,12.0,1.0,0.5,0.5,19.9,55.8,114.6,65.8,5.0,56.5,12.0,1.0,0.5,0.5,-6.3,0.0,78.7,28.7,5.0,47.8,12.0,1.0,0.5,0.5,10.4,42.8,91.6,50.3,5.0,46.1,12.0,1.0,0.5,0.5,-5.1,0.0,41.6,14.1,5.0,26.4,12.0,1.0,0.5,0.5,-2.0,5.2,19.6,8.6,4.0,14.3,12.0,1.0,0.5,0.5,-2.6,13.9,28.3,12.9,4.0,17.9,12.0,1.0,0.5,0.5,804.5,1259.5,6894.5,3488.5,5.0,3621.5,12.0,1.0,0.5,0.5,805.0,1260.0,6895.0,3490.0,5.0,3620.0,12.0,1.0,0.5,0.5
1974,2,195.0,45.0,6.57,7.6,8.52,7.55,4.0,1.27,12.0,0.0,0.6,0.5,4.95,7.5,8.65,6.88,5.0,2.08,14.0,0.2,0.6,0.6,6.02,6.04,6.35,6.18,3.0,0.27,6.0,0.0,0.5,0.4,88.2,91.6,92.4,90.3,3.0,3.2,6.0,0.0,0.4,9.22,10.3,11.93,10.6,5.0,2.09,14.0,0.2,0.6,0.6,-10.33,3.35,7.05,-0.4,5.0,9.45,14.0,0.2,0.6,0.6,-5.71,1.79,7.25,0.82,5.0,7.38,14.0,0.2,0.6,0.6,1000.54,1003.1,1016.72,1008.52,5.0,13.11,14.0,0.2,0.6,0.6,1.9,8.0,8.0,5.4,5.0,3.7,14.0,0.2,0.6,0.6,-120.4,32.8,67.5,-13.4,5.0,108.3,14.0,0.2,0.6,0.6,-58.3,18.4,78.1,12.8,5.0,82.7,14.0,0.2,0.6,0.6,-0.65,0.5,0.5,-0.05,4.0,1.1,12.0,0.0,0.6,0.5,-10.4,4.6,5.3,-2.2,4.0,14.3,12.0,0.0,0.6,0.5,0.1,0.7,1.02,0.57,3.0,0.68,6.0,0.0,0.5,0.4,0.2,5.8,10.1,5.1,3.0,7.3,6.0,0.0,0.5,0.4,-89.3,13.4,45.5,-14.4,5.0,71.1,14.0,0.2,0.6,0.6,-26.3,15.2,58.9,16.9,5.0,47.7,14.0,0.2,0.6,0.6,-66.5,-61.0,2.4,-32.8,3.0,56.1,6.0,0.0,0.5,0.4,19.4,37.9,51.6,35.6,3.0,23.7,6.0,0.0,0.5,0.4,-7.5,1.9,3.1,-2.1,3.0,8.5,6.0,0.0,0.5,0.4,-0.4,2.1,3.7,1.6,3.0,3.0,6.0,0.0,0.5,0.4,799.0,1092.5,1780.5,1306.0,5.0,814.5,14.0,0.2,0.6,0.6,800.0,1095.0,1780.0,1305.0,5.0,815.0,14.0,0.2,0.6,0.6
1974,2,195.0,46.0,5.85,6.1,7.73,6.74,5.0,1.36,6.0,0.6,0.6,0.5,4.48,5.55,6.99,5.73,4.0,1.63,6.0,0.8,0.6,0.5,4.12,4.48,4.85,4.48,4.0,0.47,6.0,0.8,0.6,0.5,71.1,81.2,85.1,78.2,4.0,9.4,6.0,0.8,0.5,8.02,11.3,11.67,10.16,5.0,2.07,6.0,0.6,0.6,0.5,6.52,11.3,11.6,9.44,5.0,3.01,6.0,0.6,0.6,0.5,-2.32,0.0,2.29,0.3,5.0,3.55,6.0,0.6,0.6,0.5,993.45,1000.3,1003.68,998.52,5.0,6.39,6.0,0.6,0.6,0.5,2.6,4.0,6.7,4.6,5.0,2.4,6.0,0.6,0.6,0.5,51.2,127.7,135.5,100.7,5.0,47.7,6.0,0.6,0.6,0.5,-22.5,0.0,18.8,1.0,5.0,30.6,6.0,0.6,0.6,0.5,-1.15,1.0,2.0,0.45,4.0,2.0,6.0,0.8,0.6,0.5,-13.0,7.7,20.2,3.8,4.0,21.6,6.0,0.8,0.6,0.5,1.11,1.5,1.78,1.45,4.0,0.44,6.0,0.8,0.6,0.5,9.7,14.0,19.7,14.7,4.0,6.8,6.0,0.8,0.6,0.5,34.1,42.3,69.2,51.2,4.0,25.6,6.0,0.8,0.6,0.5,-11.0,-4.3,20.1,4.2,4.0,23.4,6.0,0.8,0.6,0.5,29.9,40.5,48.2,39.1,4.0,10.9,6.0,0.8,0.6,0.5,-10.4,-4.2,16.6,2.8,4.0,19.9,6.0,0.8,0.6,0.5,8.0,13.6,19.5,13.8,4.0,7.7,6.0,0.8,0.6,0.5,-4.2,-2.0,2.9,-0.7,4.0,4.6,6.0,0.8,0.6,0.5,516.5,1443.0,1595.5,1151.0,5.0,615.5,6.0,0.6,0.6,0.5,515.0,1445.0,1595.0,1150.0,5.0,615.0,6.0,0.6,0.6,0.5
1974,2,195.0,47.0,5.29,5.5,6.53,5.86,7.0,0.77,14.0,0.7,0.7,0.5,4.81,5.0,6.03,4.89,7.0,1.83,14.0,0.7,0.7,0.5,3.88,4.5,4.75,4.39,6.0,0.64,16.0,0.7,0.6,0.5,76.2,83.9,94.2,84.0,6.0,12.2,16.0,0.7,0.5,8.18,10.3,14.22,11.84,7.0,4.5,14.0,0.7,0.7,0.5,6.19,9.16,13.79,9.55,7.0,4.06,14.0,0.7,0.7,0.5,-5.6,1.61,3.14,0.36,7.0,7.79,14.0,0.7,0.7,0.5,995.85,1008.0,1027.38,1010.77,7.0,16.32,14.0,0.7,0.7,0.5,4.0,5.0,6.0,5.0,6.0,0.9,12.0,0.7,0.7,0.5,55.5,85.2,196.7,124.4,7.0,100.9,14.0,0.7,0.7,0.5,-48.6,15.0,45.0,20.3,7.0,128.8,14.0,0.7,0.7,0.5,0.29,0.5,1.14,0.97,7.0,1.37,14.0,0.7,0.7,0.5,2.3,5.2,12.3,11.7,7.0,17.9,14.0,0.7,0.7,0.5,0.88,1.23,1.67,1.25,6.0,0.54,16.0,0.7,0.6,0.5,8.6,12.0,16.6,12.1,6.0,4.2,16.0,0.7,0.6,0.5,30.1,45.8,83.3,51.5,7.0,33.3,14.0,0.7,0.7,0.5,-12.8,8.1,18.0,12.5,7.0,36.8,14.0,0.7,0.7,0.5,20.6,37.3,52.1,38.8,6.0,20.0,16.0,0.7,0.6,0.5,-24.3,3.7,12.0,-5.8,6.0,23.8,16.0,0.7,0.6,0.5,5.8,10.3,12.0,9.4,6.0,3.1,16.0,0.7,0.6,0.5,-11.7,0.5,2.1,-3.3,6.0,8.0,16.0,0.7,0.6,0.5,547.0,1092.5,2975.0,2354.0,7.0,2938.0,14.0,0.7,0.7,0.5,545.0,1095.0,2975.0,2355.0,7.0,2940.0,14.0,0.7,0.7,0.5
1974,2,195.0,48.0,4.21,5.25,7.29,5.61,10.0,1.46,16.0,0.4,0.4,0.4,1.5,3.8,6.07,3.71,10.0,2.31,16.0,0.4,0.4,0.4,3.3,3.6,5.55,4.17,10.0,1.16,16.0,0.4,0.4,0.4,73.3,79.1,93.0,82.1,10.0,10.0,16.0,0.4,0.4,8.53,13.1,16.31,12.44,10.0,4.16,16.0,0.4,0.4,0.4,-2.84,5.01,10.44,4.21,10.0,6.22,16.0,0.4,0.4,0.4,-13.87,1.76,11.59,0.14,10.0,11.44,16.0,0.4,0.4,0.4,991.6,1011.2,1026.22,1008.86,10.0,17.2,16.0,0.4,0.4,0.4,6.0,7.0,8.0,7.1,9.0,0.9,18.0,0.4,0.5,0.4,-29.4,59.0,132.5,52.7,10.0,86.8,16.0,0.4,0.4,0.4,-205.2,8.1,169.3,-6.8,10.0,174.6,16.0,0.4,0.4,0.4,0.71,1.25,4.07,1.9,10.0,1.65,16.0,0.4,0.4,0.4,6.3,16.9,44.9,23.6,10.0,22.9,16.0,0.4,0.4,0.4,1.06,1.47,2.07,1.52,10.0,0.63,16.0,0.4,0.4,0.4,11.1,14.8,28.8,18.0,10.0,9.2,16.0,0.4,0.4,0.4,-6.9,15.6,59.0,21.0,10.0,31.6,16.0,0.4,0.4,0.4,-18.7,6.3,65.0,18.0,10.0,45.9,16.0,0.4,0.4,0.4,-13.3,15.6,54.7,19.4,10.0,30.3,16.0,0.4,0.4,0.4,-43.1,5.6,57.3,8.5,10.0,49.7,16.0,0.4,0.4,0.4,-4.9,9.3,12.1,5.2,10.0,8.8,16.0,0.4,0.4,0.4,-27.1,3.3,12.0,-3.5,10.0,18.0,16.0,0.4,0.4,0.4,681.5,2273.0,4373.0,2468.5,10.0,1768.0,16.0,0.4,0.4,0.4,680.0,2275.0,4375.0,2470.0,10.0,1770.0,16.0,0.4,0.4,0.4
1974,2,195.0,49.0,1.0,4.35,5.41,3.78,6.0,2.38,14.0,0.5,0.7,0.4,4.0,4.8,5.5,4.77,6.0,0.68,14.0,0.5,0.7,0.4,3.87,4.95,5.24,4.65,6.0,0.76,14.0,0.5,0.7,0.4,75.1,89.1,94.1,86.3,6.0,11.1,14.0,0.5,0.4,7.68,10.05,11.65,9.95,6.0,3.05,14.0,0.5,0.7,0.4,2.91,6.65,8.48,5.79,6.0,3.54,14.0,0.5,0.7,0.4,-5.82,3.31,9.45,1.67,6.0,8.49,14.0,0.5,0.7,0.4,986.61,997.75,1022.95,1002.7,6.0,18.63,14.0,0.5,0.7,0.4,5.0,7.0,8.0,6.7,6.0,1.5,14.0,0.5,0.7,0.4,16.6,62.8,94.0,61.7,6.0,49.9,14.0,0.5,0.7,0.4,-54.9,34.1,97.1,11.7,6.0,102.8,14.0,0.5,0.7,0.4,-3.0,-1.15,0.73,-0.98,6.0,1.96,14.0,0.5,0.7,0.4,-32.6,-10.5,6.1,-12.0,6.0,23.0,14.0,0.5,0.7,0.4,-0.32,0.31,1.43,0.41,6.0,0.98,14.0,0.5,0.7,0.4,-3.0,4.5,9.7,3.7,6.0,9.1,14.0,0.5,0.7,0.4,13.4,34.0,40.6,28.2,6.0,17.0,14.0,0.5,0.7,0.4,-25.4,16.6,41.7,9.7,6.0,38.0,14.0,0.5,0.7,0.4,11.5,31.0,38.4,26.1,6.0,16.0,14.0,0.5,0.7,0.4,-22.0,15.6,49.9,12.4,6.0,37.4,14.0,0.5,0.7,0.4,-0.2,2.8,6.6,3.7,6.0,5.1,14.0,0.5,0.7,0.4,-6.8,-2.9,3.0,-1.7,6.0,7.3,14.0,0.5,0.7,0.4,476.0,1017.0,1682.5,1223.0,6.0,1093.0,14.0,0.5,0.7,0.4,475.0,1015.0,1685.0,1225.0,6.0,1095.0,14.0,0.5,0.7,0.4
1974,2,195.0,50.0,3.5,4.0,5.37,4.4,5.0,1.08,12.0,0.0,0.7,0.6,-3.18,3.3,5.23,1.56,5.0,4.54,12.0,0.0,0.7,0.6,2.83,4.04,4.7,3.88,5.0,1.22,12.0,0.0,0.7,0.6,82.4,88.7,95.4,88.8,5.0,8.3,12.0,0.0,0.6,4.7,11.3,11.8,8.64,5.0,4.35,12.0,0.0,0.7,0.6,-1.61,2.05,3.53,1.05,5.0,4.26,12.0,0.0,0.7,0.6,-11.62,1.08,4.83,-2.08,5.0,9.34,12.0,0.0,0.7,0.6,993.55,1019.5,1026.58,1011.4,5.0,18.5,12.0,0.0,0.7,0.6,4.9,7.5,8.0,6.5,4.0,2.4,14.0,0.0,0.7,0.6,-22.4,24.2,29.2,4.8,5.0,40.5,12.0,0.0,0.7,0.6,-137.1,4.1,44.6,-30.6,5.0,106.3,12.0,0.0,0.7,0.6,-0.1,1.5,6.68,2.84,5.0,3.74,12.0,0.0,0.7,0.6,-4.2,4.3,78.9,30.0,5.0,46.2,12.0,0.0,0.7,0.6,0.57,1.71,1.96,1.32,5.0,0.94,12.0,0.0,0.7,0.6,1.6,6.1,23.1,11.1,5.0,12.1,12.0,0.0,0.7,0.6,-18.0,-6.1,9.4,-5.3,5.0,20.7,12.0,0.0,0.7,0.6,6.9,34.9,49.0,30.3,5.0,24.6,12.0,0.0,0.7,0.6,-9.9,5.2,13.1,1.4,5.0,20.8,12.0,0.0,0.7,0.6,-31.5,4.4,25.4,0.8,5.0,36.3,12.0,0.0,0.7,0.6,1.1,3.7,5.1,3.3,5.0,2.2,12.0,0.0,0.7,0.6,-22.8,-1.5,1.9,-8.8,5.0,13.6,12.0,0.0,0.7,0.6,154.5,1443.0,1643.0,995.5,5.0,804.0,12.0,0.0,0.7,0.6,155.0,1445.0,1645.0,995.0,5.0,805.0,12.0,0.0,0.7,0.6
1974,2,195.0,51.0,3.74,4.0,4.52,4.13,4.0,0.63,16.0,0.8,0.8,0.6,2.21,4.0,5.26,3.75,4.0,1.85,16.0,0.8,0.8,0.6,3.88,4.81,5.31,4.6,3.0,1.06,16.0,0.7,0.9,0.5,88.3,100.0,100.0,94.3,3.0,9.9,16.0,0.7,0.5,4.34,5.9,12.86,8.48,4.0,6.49,16.0,0.8,0.8,0.6,-9.61,1.26,4.38,-2.44,4.0,10.05,16.0,0.8,0.8,0.6,-3.23,2.16,4.95,0.92,4.0,5.28,16.0,0.8,0.8,0.6,987.24,988.0,1008.09,997.23,4.0,19.13,16.0,0.8,0.8,0.6,0.6,2.0,5.4,3.0,3.0,3.6,18.0,0.7,0.7,0.6,-163.0,4.8,25.5,-65.4,4.0,160.2,16.0,0.8,0.8,0.6,-58.1,9.9,30.3,-12.8,4.0,67.3,16.0,0.8,0.8,0.6,-1.52,0.0,2.31,0.38,4.0,2.43,16.0,0.8,0.8,0.6,-8.2,3.6,16.3,4.0,4.0,14.2,16.0,0.8,0.8,0.6,-0.14,0.35,1.4,0.62,3.0,1.15,16.0,0.7,0.9,0.5,0.2,6.3,7.3,3.8,3.0,5.7,16.0,0.7,0.9,0.5,-30.7,-1.3,15.1,-7.5,4.0,31.6,16.0,0.8,0.8,0.6,-9.7,11.9,25.8,8.2,4.0,21.6,16.0,0.8,0.8,0.6,-51.1,14.1,22.0,-13.9,3.0,58.7,16.0,0.7,0.9,0.5,-20.2,0.0,20.8,0.3,3.0,30.1,16.0,0.7,0.9,0.5,-4.6,-1.7,4.7,0.0,3.0,7.0,16.0,0.7,0.9,0.5,-2.1,-2.1,-0.7,-1.4,3.0,1.2,16.0,0.7,0.9,0.5,82.5,235.5,3233.0,1593.0,4.0,2829.5,16.0,0.8,0.8,0.6,80.0,235.0,3235.0,1595.0,4.0,2830.0,16.0,0.8,0.8,0.6
1974,2,195.0,52.0,2.11,3.65,4.44,3.48,8.0,1.1,16.0,0.4,0.6,0.4,-1.46,3.75,5.4,2.41,10.0,3.55,14.0,0.4,0.6,0.5,4.07,4.42,5.12,4.34,7.0,1.05,12.0,0.4,0.7,0.4,81.8,86.8,93.0,87.8,7.0,7.7,12.0,0.4,0.4,9.89,15.4,17.0,14.02,11.0,4.35,14.0,0.4,0.6,0.4,-11.06,-3.66,9.26,-1.12,11.0,10.24,14.0,0.4,0.6,0.4,-12.39,-5.47,8.07,-3.63,11.0,10.7,14.0,0.4,0.6,0.4,988.38,991.5,1011.77,998.81,11.0,13.5,14.0,0.4,0.6,0.4,7.0,8.0,8.0,7.6,9.0,0.7,14.0,0.3,0.6,0.4,-161.0,-20.9,144.8,-12.6,11.0,160.2,14.0,0.4,0.6,0.4,-201.1,-85.2,99.4,-60.9,11.0,182.9,14.0,0.4,0.6,0.4,-1.61,0.0,3.17,0.56,7.0,3.36,14.0,0.4,0.6,0.5,-13.3,0.0,55.1,16.2,7.0,61.9,14.0,0.4,0.6,0.5,-0.21,0.33,0.62,0.25,5.0,0.52,12.0,0.4,0.7,0.4,-2.4,3.6,10.2,4.2,5.0,8.4,12.0,0.4,0.7,0.4,-32.6,-17.5,38.9,-0.5,10.0,41.0,14.0,0.4,0.6,0.5,-13.9,7.6,63.0,17.4,10.0,37.9,14.0,0.4,0.6,0.5,-40.0,3.6,46.8,6.1,7.0,46.6,12.0,0.4,0.7,0.4,-26.5,-16.6,63.7,6.8,7.0,45.3,12.0,0.4,0.7,0.4,-7.8,-3.2,1.6,-3.4,5.0,6.2,12.0,0.4,0.7,0.4,-4.7,-0.7,3.1,-1.1,5.0,6.1,12.0,0.4,0.7,0.4,973.5,3652.5,4913.0,3443.0,11.0,2481.5,14.0,0.4,0.6,0.4,975.0,3650.0,4915.0,3445.0,11.0,2480.0,14.0,0.4,0.6,0.4
1974,2,195.0,53.0,3.06,4.1,4.92,3.75,8.0,1.3,12.0,0.3,0.5,0.5,1.5,4.05,5.44,3.03,8.0,3.1,10.0,0.4,0.6,0.5,3.94,4.18,4.42,4.18,2.0,0.5,8.0,0.5,0.6,0.6,81.2,85.2,89.2,85.2,2.0,8.3,8.0,0.5,0.6,5.93,8.2,14.72,10.84,7.0,5.87,12.0,0.3,0.5,0.4,-2.32,4.6,10.67,4.94,7.0,5.96,12.0,0.3,0.5,0.4,-12.75,3.86,7.11,-1.9,7.0,10.17,12.0,0.3,0.5,0.4,990.28,1009.3,1016.68,1005.31,8.0,13.02,12.0,0.3,0.5,0.4,3.2,7.0,8.0,6.0,8.0,2.4,12.0,0.4,0.6,0.5,-11.0,33.6,183.5,76.9,7.0,95.1,12.0,0.3,0.5,0.4,-189.4,18.3,55.8,-68.0,7.0,163.5,12.0,0.3,0.5,0.4,-0.41,0.6,3.64,1.11,7.0,3.4,12.0,0.3,0.6,0.5,-12.7,4.9,36.1,9.7,5.0,31.9,12.0,0.2,0.5,0.4,-0.07,0.59,1.25,0.59,2.0,1.37,8.0,0.5,0.6,0.6,1.1,9.8,18.4,9.8,2.0,17.9,8.0,0.5,0.6,0.6,-13.9,12.8,20.3,6.6,6.0,16.6,10.0,0.3,0.5,0.4,-9.5,21.6,28.5,13.8,6.0,22.1,10.0,0.3,0.5,0.4,-5.7,7.8,21.3,7.8,2.0,27.9,8.0,0.5,0.6,0.6,-34.9,-7.4,20.0,-7.4,2.0,56.9,8.0,0.5,0.6,0.6,2.6,6.1,9.6,6.1,2.0,7.2,8.0,0.5,0.6,0.6,-16.8,-11.1,-5.4,-11.1,2.0,11.8,8.0,0.5,0.6,0.6,210.5,551.5,3292.5,2341.0,7.0,3331.0,12.0,0.3,0.5,0.4,210.0,550.0,3290.0,2340.0,7.0,3330.0,12.0,0.3,0.5,0.4
1974,2,195.0,54.0,1.57,2.85,4.0,2.67,22.0,1.18,14.0,0.4,0.7,0.2,-8.6,-2.5,3.0,-2.42,22.0,5.23,14.0,0.3,0.7,0.3,1.89,3.2,4.38,3.21,9.0,1.27,10.0,0.3,0.7,0.2,77.1,88.7,92.4,86.4,9.0,10.1,10.0,0.3,0.2,5.63,12.9,18.0,12.76,22.0,6.82,14.0,0.4,0.7,0.2,-4.98,0.67,9.84,1.68,22.0,8.29,14.0,0.4,0.7,0.2,-15.26,-8.45,0.87,-6.82,22.0,9.83,14.0,0.4,0.7,0.2,990.33,1008.2,1023.33,1006.75,22.0,16.74,14.0,0.3,0.7,0.3,1.0,4.5,6.0,4.1,20.0,2.6,16.0,0.4,0.7,0.3,-73.1,1.4,196.5,49.0,22.0,161.7,14.0,0.4,0.7,0.2,-243.3,-92.7,1.5,-125.9,22.0,207.1,14.0,0.4,0.7,0.2,-1.0,5.5,10.0,5.14,21.0,5.09,14.0,0.3,0.7,0.2,-14.0,34.3,159.7,71.2,20.0,100.2,12.0,0.4,0.6,0.2,0.77,1.79,2.64,1.69,9.0,1.09,10.0,0.3,0.7,0.2,3.7,13.2,25.5,16.4,9.0,16.1,10.0,0.3,0.7,0.2,-21.0,0.0,28.3,-6.8,21.0,48.1,14.0,0.3,0.7,0.2,-13.9,24.9,119.2,46.4,21.0,75.5,14.0,0.3,0.7,0.2,-25.6,-8.7,1.7,-13.4,9.0,19.6,10.0,0.3,0.7,0.2,-20.8,-11.3,23.7,-1.7,9.0,24.9,10.0,0.3,0.7,0.2,-17.1,-1.3,1.8,-6.3,9.0,9.3,10.0,0.3,0.7,0.2,-22.0,-5.3,2.2,-9.7,9.0,18.0,10.0,0.3,0.7,0.2,188.5,2146.5,5940.0,3943.0,22.0,5795.5,14.0,0.4,0.7,0.2,190.0,2145.0,5940.0,3945.0,22.0,5795.0,14.0,0.4,0.7,0.2
1974,2,195.0,57.0,,,,,,,,,,,,,,,,,,,,,,,,,,,,,,,,,,,,,,,,5.1,5.1,5.1,5.1,1.0,0.0,12.0,0.0,0.5,0.4,-3.28,-3.28,-3.28,-3.28,1.0,0.0,12.0,0.0,0.5,0.4,-3.91,-3.91,-3.91,-3.91,1.0,0.0,12.0,0.0,0.5,0.4,991.65,995.4,999.15,995.4,2.0,7.78,10.0,0.5,0.3,0.5,,,,,,,,,,,,,,,,,,,,,,,,,,,,,,,,,,,,,,,,,,,,,,,,,,,,,,,,,,,,,,,,,,,,,,,,,,,,,,,,,,,,,,,,,,,,,,,,,,,,,,,,,,,,,,,,,,,,,,,,,,,,,,,,,,,,,,,,,,,,,,,,,,,,,,
1974,2,196.0,-73.0,0.0,0.0,0.0,0.0,1.0,0.0,18.0,1.0,0.8,0.9,-2.8,-2.8,-2.8,-2.8,1.0,0.0,18.0,1.0,0.8,0.9,2.47,2.47,2.47,2.47,1.0,0.0,18.0,1.0,0.8,0.9,77.4,77.4,77.4,77.4,1.0,0.0,18.0,1.0,0.9,7.7,7.7,7.7,7.7,1.0,0.0,18.0,1.0,0.8,0.9,1.34,1.34,1.34,1.34,1.0,0.0,18.0,1.0,0.8,0.9,7.58,7.58,7.58,7.58,1.0,0.0,18.0,1.0,0.8,0.9,976.2,976.2,976.2,976.2,1.0,0.0,18.0,1.0,0.8,0.9,8.0,8.0,8.0,8.0,1.0,0.0,18.0,1.0,0.8,0.9,10.3,10.3,10.3,10.3,1.0,0.0,18.0,1.0,0.8,0.9,58.4,58.4,58.4,58.4,1.0,0.0,18.0,1.0,0.8,0.9,2.8,2.8,2.8,2.8,1.0,0.0,18.0,1.0,0.8,0.9,21.6,21.6,21.6,21.6,1.0,0.0,18.0,1.0,0.8,0.9,1.45,1.45,1.45,1.45,1.0,0.0,18.0,1.0,0.8,0.9,11.2,11.2,11.2,11.2,1.0,0.0,18.0,1.0,0.8,0.9,-3.7,-3.7,-3.7,-3.7,1.0,0.0,18.0,1.0,0.8,0.9,-21.2,-21.2,-21.2,-21.2,1.0,0.0,18.0,1.0,0.8,0.9,3.3,3.3,3.3,3.3,1.0,0.0,18.0,1.0,0.8,0.9,18.7,18.7,18.7,18.7,1.0,0.0,18.0,1.0,0.8,0.9,1.9,1.9,1.9,1.9,1.0,0.0,18.0,1.0,0.8,0.9,11.0,11.0,11.0,11.0,1.0,0.0,18.0,1.0,0.8,0.9,456.5,456.5,456.5,456.5,1.0,0.0,18.0,1.0,0.8,0.9,455.0,455.0,455.0,455.0,1.0,0.0,18.0,1.0,0.8,0.9
1974,2,196.0,-59.0,4.24,4.75,5.26,4.75,2.0,1.06,18.0,0.5,0.3,0.9,5.1,5.3,5.5,5.3,2.0,0.42,18.0,0.5,0.3,0.9,4.78,4.97,5.15,4.97,2.0,0.39,18.0,0.5,0.3,0.9,86.6,88.5,90.4,88.5,2.0,4.0,18.0,0.5,0.9,,,,,,,,,,,,,,,,,,,,,,,,,,,,,,,,,,,,,,,,,,,,,,,,,,,,,,,,,,,,,,,,,,,,,,,,,,,,,,,,,,,,,,,,,,,,,,,,,,,,,,,,,,,,,,,,,,,,,,,,,,,,,,,,,,,,,,,,,,,,,,,,,,,,,,,,,,,,,,,,,,,,,,,,,,,,,,,,,,,,,,,,,,,,,,
1974,2,196.0,-46.0,14.7,14.7,14.7,14.7,1.0,0.0,20.0,1.0,0.9,0.5,13.1,13.1,13.1,13.1,1.0,0.0,20.0,1.0,0.9,0.5,6.19,6.19,6.19,6.19,1.0,0.0,20.0,1.0,0.9,0.5,67.4,67.4,67.4,67.4,1.0,0.0,20.0,1.0,0.5,0.0,0.0,0.0,0.0,1.0,0.0,20.0,1.0,0.9,0.5,0.0,0.0,0.0,0.0,1.0,0.0,20.0,1.0,0.9,0.5,0.0,0.0,0.0,0.0,1.0,0.0,20.0,1.0,0.9,0.5,1028.1,1028.1,1028.1,1028.1,1.0,0.0,20.0,1.0,0.9,0.5,8.0,8.0,8.0,8.0,1.0,0.0,20.0,1.0,0.9,0.5,0.0,0.0,0.0,0.0,1.0,0.0,20.0,1.0,0.9,0.5,0.0,0.0,0.0,0.0,1.0,0.0,20.0,1.0,0.9,0.5,1.6,1.6,1.6,1.6,1.0,0.0,20.0,1.0,0.9,0.5,0.0,0.0,0.0,0.0,1.0,0.0,20.0,1.0,0.9,0.5,4.03,4.03,4.03,4.03,1.0,0.0,20.0,1.0,0.9,0.5,0.0,0.0,0.0,0.0,1.0,0.0,20.0,1.0,0.9,0.5,0.0,0.0,0.0,0.0,1.0,0.0,20.0,1.0,0.9,0.5,0.0,0.0,0.0,0.0,1.0,0.0,20.0,1.0,0.9,0.5,0.0,0.0,0.0,0.0,1.0,0.0,20.0,1.0,0.9,0.5,0.0,0.0,0.0,0.0,1.0,0.0,20.0,1.0,0.9,0.5,0.0,0.0,0.0,0.0,1.0,0.0,20.0,1.0,0.9,0.5,0.0,0.0,0.0,0.0,1.0,0.0,20.0,1.0,0.9,0.5,0.0,0.0,0.0,0.0,1.0,0.0,20.0,1.0,0.9,0.5,0.0,0.0,0.0,0.0,1.0,0.0,20.0,1.0,0.9,0.5
1974,2,196.0,-42.0,16.75,16.85,16.95,16.85,2.0,0.21,20.0,0.5,0.4,0.7,16.96,17.1,17.24,17.1,2.0,0.28,20.0,0.5,0.4,0.7,7.95,8.45,8.96,8.45,2.0,1.05,20.0,0.5,0.4,0.7,67.2,70.9,74.6,70.9,2.0,7.7,20.0,0.5,0.7,6.44,6.95,7.46,6.95,2.0,1.06,20.0,0.5,0.4,0.7,-5.69,-5.39,-5.09,-5.39,2.0,0.62,20.0,0.5,0.4,0.7,-5.3,-4.01,-2.72,-4.01,2.0,2.67,20.0,0.5,0.4,0.7,1026.47,1027.7,1028.93,1027.7,2.0,2.55,20.0,0.5,0.4,0.7,7.2,7.5,7.8,7.5,2.0,0.7,20.0,0.5,0.4,0.7,-37.8,-37.1,-36.4,-37.1,2.0,1.4,20.0,0.5,0.4,0.7,-40.3,-29.3,-18.3,-29.3,2.0,22.8,20.0,0.5,0.4,0.7,-0.28,-0.25,-0.22,-0.25,2.0,0.07,20.0,0.5,0.4,0.7,-2.1,-1.8,-1.4,-1.8,2.0,0.8,20.0,0.5,0.4,0.7,2.85,3.29,3.74,3.29,2.0,0.92,20.0,0.5,0.4,0.7,21.0,22.4,23.8,22.4,2.0,2.9,20.0,0.5,0.4,0.7,-96.4,-92.0,-87.7,-92.0,2.0,9.1,20.0,0.5,0.4,0.7,-91.5,-68.9,-46.3,-68.9,2.0,46.8,20.0,0.5,0.4,0.7,-45.4,-45.2,-45.0,-45.2,2.0,0.4,20.0,0.5,0.4,0.7,-48.2,-35.3,-22.4,-35.3,2.0,26.8,20.0,0.5,0.4,0.7,-21.4,-18.0,-14.7,-18.0,2.0,7.0,20.0,0.5,0.4,0.7,-14.4,-12.0,-9.5,-12.0,2.0,5.1,20.0,0.5,0.4,0.7,273.0,347.5,422.0,347.5,2.0,154.5,20.0,0.5,0.4,0.7,275.0,345.0,420.0,345.0,2.0,155.0,20.0,0.5,0.4,0.7
1974,2,196.0,-41.0,17.2,17.2,17.2,17.2,1.0,0.0,24.0,1.0,0.3,0.2,13.6,13.6,13.6,13.6,1.0,0.0,24.0,1.0,0.3,0.2,7.87,7.87,7.87,7.87,1.0,0.0,24.0,1.0,0.3,0.2,81.5,81.5,81.5,81.5,1.0,0.0,24.0,1.0,0.2,15.4,15.4,15.4,15.4,1.0,0.0,24.0,1.0,0.3,0.2,5.27,5.27,5.27,5.27,1.0,0.0,24.0,1.0,0.3,0.2,14.47,14.47,14.47,14.47,1.0,0.0,24.0,1.0,0.3,0.2,1012.1,1012.1,1012.1,1012.1,1.0,0.0,24.0,1.0,0.3,0.2,8.0,8.0,8.0,8.0,1.0,0.0,24.0,1.0,0.3,0.2,81.1,81.1,81.1,81.1,1.0,0.0,24.0,1.0,0.3,0.2,222.9,222.9,222.9,222.9,1.0,0.0,24.0,1.0,0.3,0.2,3.6,3.6,3.6,3.6,1.0,0.0,24.0,1.0,0.3,0.2,55.4,55.4,55.4,55.4,1.0,0.0,24.0,1.0,0.3,0.2,4.33,4.33,4.33,4.33,1.0,0.0,24.0,1.0,0.3,0.2,66.6,66.6,66.6,66.6,1.0,0.0,24.0,1.0,0.3,0.2,71.6,71.6,71.6,71.6,1.0,0.0,24.0,1.0,0.3,0.2,196.8,196.8,196.8,196.8,1.0,0.0,24.0,1.0,0.3,0.2,41.5,41.5,41.5,41.5,1.0,0.0,24.0,1.0,0.3,0.2,113.9,113.9,113.9,113.9,1.0,0.0,24.0,1.0,0.3,0.2,22.8,22.8,22.8,22.8,1.0,0.0,24.0,1.0,0.3,0.2,62.6,62.6,62.6,62.6,1.0,0.0,24.0,1.0,0.3,0.2,3652.5,3652.5,3652.5,3652.5,1.0,0.0,24.0,1.0,0.3,0.2,3650.0,3650.0,3650.0,3650.0,1.0,0.0,24.0,1.0,0.3,0.2
1974,2,196.0,-39.0,18.6,18.6,18.6,18.6,1.0,0.0,6.0,0.0,0.5,0.2,18.9,18.9,18.9,18.9,1.0,0.0,6.0,0.0,0.5,0.2,11.45,11.45,11.45,11.45,1.0,0.0,6.0,0.0,0.5,0.2,84.9,84.9,84.9,84.9,1.0,0.0,6.0,0.0,0.2,4.6,4.6,4.6,4.6,1.0,0.0,6.0,0.0,0.5,0.2,4.32,4.32,4.32,4.32,1.0,0.0,6.0,0.0,0.5,0.2,-1.57,-1.57,-1.57,-1.57,1.0,0.0,6.0,0.0,0.5,0.2,1017.5,1017.5,1017.5,1017.5,1.0,0.0,6.0,0.0,0.5,0.2,6.0,6.0,6.0,6.0,1.0,0.0,6.0,0.0,0.5,0.2,19.9,19.9,19.9,19.9,1.0,0.0,6.0,0.0,0.5,0.2,-7.2,-7.2,-7.2,-7.2,1.0,0.0,6.0,0.0,0.5,0.2,-0.3,-0.3,-0.3,-0.3,1.0,0.0,6.0,0.0,0.5,0.2,-1.4,-1.4,-1.4,-1.4,1.0,0.0,6.0,0.0,0.5,0.2,1.81,1.81,1.81,1.81,1.0,0.0,6.0,0.0,0.5,0.2,8.3,8.3,8.3,8.3,1.0,0.0,6.0,0.0,0.5,0.2,81.7,81.7,81.7,81.7,1.0,0.0,6.0,0.0,0.5,0.2,-29.7,-29.7,-29.7,-29.7,1.0,0.0,6.0,0.0,0.5,0.2,49.5,49.5,49.5,49.5,1.0,0.0,6.0,0.0,0.5,0.2,-18.0,-18.0,-18.0,-18.0,1.0,0.0,6.0,0.0,0.5,0.2,7.8,7.8,7.8,7.8,1.0,0.0,6.0,0.0,0.5,0.2,-2.8,-2.8,-2.8,-2.8,1.0,0.0,6.0,0.0,0.5,0.2,97.5,97.5,97.5,97.5,1.0,0.0,6.0,0.0,0.5,0.2,95.0,95.0,95.0,95.0,1.0,0.0,6.0,0.0,0.5,0.2
1974,2,196.0,-37.0,22.2,22.2,22.2,22.2,1.0,0.0,28.0,0.0,0.5,1.0,21.5,21.5,21.5,21.5,1.0,0.0,28.0,0.0,0.5,1.0,15.84,15.84,15.84,15.84,1.0,0.0,28.0,0.0,0.5,1.0,98.2,98.2,98.2,98.2,1.0,0.0,28.0,0.0,1.0,13.9,13.9,13.9,13.9,1.0,0.0,28.0,0.0,0.5,1.0,0.0,0.0,0.0,0.0,1.0,0.0,28.0,0.0,0.5,1.0,-13.9,-13.9,-13.9,-13.9,1.0,0.0,28.0,0.0,0.5,1.0,1002.6,1002.6,1002.6,1002.6,1.0,0.0,28.0,0.0,0.5,1.0,8.0,8.0,8.0,8.0,1.0,0.0,28.0,0.0,0.5,1.0,0.0,0.0,0.0,0.0,1.0,0.0,28.0,0.0,0.5,1.0,-193.2,-193.2,-193.2,-193.2,1.0,0.0,28.0,0.0,0.5,1.0,0.7,0.7,0.7,0.7,1.0,0.0,28.0,0.0,0.5,1.0,9.7,9.7,9.7,9.7,1.0,0.0,28.0,0.0,0.5,1.0,1.01,1.01,1.01,1.01,1.0,0.0,28.0,0.0,0.5,1.0,14.0,14.0,14.0,14.0,1.0,0.0,28.0,0.0,0.5,1.0,0.0,0.0,0.0,0.0,1.0,0.0,28.0,0.0,0.5,1.0,-298.8,-298.8,-298.8,-298.8,1.0,0.0,28.0,0.0,0.5,1.0,0.0,0.0,0.0,0.0,1.0,0.0,28.0,0.0,0.5,1.0,-220.1,-220.1,-220.1,-220.1,1.0,0.0,28.0,0.0,0.5,1.0,0.0,0.0,0.0,0.0,1.0,0.0,28.0,0.0,0.5,1.0,-14.0,-14.0,-14.0,-14.0,1.0,0.0,28.0,0.0,0.5,1.0,2685.5,2685.5,2685.5,2685.5,1.0,0.0,28.0,0.0,0.5,1.0,2685.0,2685.0,2685.0,2685.0,1.0,0.0,28.0,0.0,0.5,1.0
1974,2,196.0,-36.0,20.68,21.3,22.02,21.35,4.0,0.91,14.0,0.8,0.6,0.6,18.87,20.3,22.05,20.45,4.0,2.05,14.0,0.8,0.6,0.6,9.35,10.3,10.81,10.09,4.0,1.05,14.0,0.8,0.6,0.6,65.8,67.8,70.6,68.2,4.0,3.2,14.0,0.8,0.6,5.61,6.7,12.3,8.9,3.0,5.26,16.0,0.7,0.6,0.5,-12.01,-6.3,-3.19,-7.57,3.0,6.56,16.0,0.7,0.6,0.5,2.39,2.59,4.09,3.22,3.0,1.37,16.0,0.7,0.6,0.5,1020.37,1023.8,1026.18,1023.3,4.0,4.15,14.0,0.8,0.6,0.6,2.0,4.5,6.0,4.0,4.0,2.4,14.0,0.8,0.6,0.6,-162.6,-42.2,-19.5,-89.9,3.0,112.7,16.0,0.7,0.6,0.5,18.2,24.4,34.1,26.1,3.0,11.7,16.0,0.7,0.6,0.5,-0.02,0.6,1.85,0.9,4.0,1.43,14.0,0.8,0.6,0.6,0.1,7.5,12.5,6.3,3.0,9.1,16.0,0.7,0.6,0.5,4.91,5.47,6.26,5.58,4.0,0.96,14.0,0.8,0.6,0.6,35.8,37.6,66.2,50.7,3.0,25.0,16.0,0.7,0.6,0.5,-256.3,-144.8,-67.6,-161.6,3.0,139.0,16.0,0.7,0.6,0.5,53.2,54.3,76.8,64.8,3.0,19.5,16.0,0.7,0.6,0.5,-127.1,-70.0,-32.5,-79.6,3.0,69.8,16.0,0.7,0.6,0.5,26.0,27.1,36.9,31.3,3.0,8.8,16.0,0.7,0.6,0.5,-64.6,-35.3,-19.4,-41.8,3.0,33.6,16.0,0.7,0.6,0.5,13.2,13.8,26.8,19.8,3.0,11.3,16.0,0.7,0.6,0.5,186.0,301.0,2353.5,1247.0,3.0,1786.5,16.0,0.7,0.6,0.5,185.0,300.0,2355.0,1245.0,3.0,1785.0,16.0,0.7,0.6,0.5
1974,2,196.0,-35.0,20.79,21.4,22.01,21.4,2.0,1.27,20.0,0.5,0.6,0.2,20.24,20.75,21.26,20.75,2.0,1.06,20.0,0.5,0.6,0.2,11.33,11.51,11.69,11.51,2.0,0.38,20.0,0.5,0.6,0.2,75.1,76.2,77.2,76.2,2.0,2.2,20.0,0.5,0.2,1.83,3.6,5.37,3.6,2.0,3.68,20.0,0.5,0.6,0.2,-0.67,0.04,0.75,0.04,2.0,1.47,20.0,0.5,0.6,0.2,0.97,3.05,5.14,3.05,2.0,4.32,20.0,0.5,0.6,0.2,1017.54,1019.35,1021.16,1019.35,2.0,3.75,20.0,0.5,0.6,0.2,3.6,5.0,6.4,5.0,2.0,2.8,20.0,0.5,0.6,0.2,0.2,2.8,5.5,2.8,2.0,5.4,20.0,0.5,0.6,0.2,6.0,18.9,31.8,18.9,2.0,26.8,20.0,0.5,0.6,0.2,0.55,0.65,0.75,0.65,2.0,0.21,20.0,0.5,0.6,0.2,1.2,2.0,2.7,2.0,2.0,1.6,20.0,0.5,0.6,0.2,3.89,4.28,4.67,4.28,2.0,0.81,20.0,0.5,0.6,0.2,7.7,13.9,20.1,13.9,2.0,12.8,20.0,0.5,0.6,0.2,-14.7,0.0,14.7,0.0,2.0,30.4,20.0,0.5,0.6,0.2,19.4,61.1,102.7,61.1,2.0,86.3,20.0,0.5,0.6,0.2,-8.0,0.2,8.3,0.2,2.0,16.9,20.0,0.5,0.6,0.2,10.9,34.3,57.8,34.3,2.0,48.5,20.0,0.5,0.6,0.2,-3.4,-0.4,2.6,-0.4,2.0,6.3,20.0,0.5,0.6,0.2,3.6,11.3,19.0,11.3,2.0,16.0,20.0,0.5,0.6,0.2,38.5,119.5,200.5,119.5,2.0,168.0,20.0,0.5,0.6,0.2,40.0,120.0,200.0,120.0,2.0,170.0,20.0,0.5,0.6,0.2
1974,2,196.0,-34.0,22.1,22.1,22.1,22.1,1.0,0.0,12.0,1.0,0.2,0.2,22.16,23.35,24.54,23.35,2.0,2.47,12.0,0.5,0.6,0.2,12.89,13.86,14.83,13.86,2.0,2.01,12.0,0.5,0.6,0.2,77.7,78.0,78.3,78.0,2.0,0.7,12.0,0.5,0.2,5.51,6.4,7.29,6.4,2.0,1.84,12.0,0.5,0.6,0.2,-7.18,-6.3,-5.43,-6.3,2.0,1.81,12.0,0.5,0.6,0.2,-0.53,0.23,0.98,0.23,2.0,1.57,12.0,0.5,0.6,0.2,1020.41,1021.95,1023.49,1021.95,2.0,3.18,12.0,0.5,0.6,0.2,6.2,6.5,6.8,6.5,2.0,0.7,12.0,0.5,0.6,0.2,-53.2,-42.0,-30.8,-42.0,2.0,23.2,12.0,0.5,0.6,0.2,-2.2,2.9,7.9,2.9,2.0,10.5,12.0,0.5,0.6,0.2,0.5,0.5,0.5,0.5,1.0,0.0,12.0,1.0,0.2,0.2,3.9,3.9,3.9,3.9,1.0,0.0,12.0,1.0,0.2,0.2,3.94,3.94,3.94,3.94,1.0,0.0,12.0,1.0,0.2,0.2,30.4,30.4,30.4,30.4,1.0,0.0,12.0,1.0,0.2,0.2,-157.8,-144.9,-132.1,-144.9,2.0,26.7,12.0,0.5,0.6,0.2,-14.1,3.3,20.8,3.3,2.0,36.1,12.0,0.5,0.6,0.2,-91.6,-85.6,-79.5,-85.6,2.0,12.4,12.0,0.5,0.6,0.2,-8.7,1.6,11.8,1.6,2.0,21.3,12.0,0.5,0.6,0.2,-29.9,-29.9,-29.9,-29.9,1.0,0.0,12.0,1.0,0.2,0.2,5.3,5.3,5.3,5.3,1.0,0.0,12.0,1.0,0.2,0.2,184.0,294.5,405.0,294.5,2.0,229.0,12.0,0.5,0.6,0.2,185.0,295.0,405.0,295.0,2.0,230.0,12.0,0.5,0.6,0.2
1974,2,196.0,-33.0,21.8,21.8,21.8,21.8,1.0,0.0,22.0,0.0,0.3,0.7,23.5,23.5,23.5,23.5,1.0,0.0,22.0,0.0,0.3,0.7,14.97,14.97,14.97,14.97,1.0,0.0,22.0,0.0,0.3,0.7,83.3,83.3,83.3,83.3,1.0,0.0,22.0,0.0,0.7,1.5,1.5,1.5,1.5,1.0,0.0,22.0,0.0,0.3,0.7,-1.5,-1.5,-1.5,-1.5,1.0,0.0,22.0,0.0,0.3,0.7,0.0,0.0,0.0,0.0,1.0,0.0,22.0,0.0,0.3,0.7,1015.1,1015.1,1015.1,1015.1,1.0,0.0,22.0,0.0,0.3,0.7,3.0,3.0,3.0,3.0,1.0,0.0,22.0,0.0,0.3,0.7,-2.2,-2.2,-2.2,-2.2,1.0,0.0,22.0,0.0,0.3,0.7,0.0,0.0,0.0,0.0,1.0,0.0,22.0,0.0,0.3,0.7,-1.7,-1.7,-1.7,-1.7,1.0,0.0,22.0,0.0,0.3,0.7,-2.5,-2.5,-2.5,-2.5,1.0,0.0,22.0,0.0,0.3,0.7,1.26,1.26,1.26,1.26,1.0,0.0,22.0,0.0,0.3,0.7,1.9,1.9,1.9,1.9,1.0,0.0,22.0,0.0,0.3,0.7,-35.2,-35.2,-35.2,-35.2,1.0,0.0,22.0,0.0,0.3,0.7,0.0,0.0,0.0,0.0,1.0,0.0,22.0,0.0,0.3,0.7,-22.5,-22.5,-22.5,-22.5,1.0,0.0,22.0,0.0,0.3,0.7,0.0,0.0,0.0,0.0,1.0,0.0,22.0,0.0,0.3,0.7,-1.9,-1.9,-1.9,-1.9,1.0,0.0,22.0,0.0,0.3,0.7,0.0,0.0,0.0,0.0,1.0,0.0,22.0,0.0,0.3,0.7,3.5,3.5,3.5,3.5,1.0,0.0,22.0,0.0,0.3,0.7,5.0,5.0,5.0,5.0,1.0,0.0,22.0,0.0,0.3,0.7
1974,2,196.0,-32.0,,,,,,,,,,,,,,,,,,,,,,,,,,,,,,,,,,,,,,,,12.3,12.3,12.3,12.3,1.0,0.0,10.0,1.0,0.5,0.3,-4.21,-4.21,-4.21,-4.21,1.0,0.0,10.0,1.0,0.5,0.3,11.56,11.56,11.56,11.56,1.0,0.0,10.0,1.0,0.5,0.3,1017.6,1017.6,1017.6,1017.6,1.0,0.0,10.0,1.0,0.5,0.3,8.0,8.0,8.0,8.0,1.0,0.0,10.0,1.0,0.5,0.3,-51.7,-51.7,-51.7,-51.7,1.0,0.0,10.0,1.0,0.5,0.3,142.2,142.2,142.2,142.2,1.0,0.0,10.0,1.0,0.5,0.3,,,,,,,,,,,,,,,,,,,,,,,,,,,,,,,,,,,,,,,,,-98.4,-98.4,-98.4,-98.4,1.0,0.0,10.0,1.0,0.5,0.3,270.5,270.5,270.5,270.5,1.0,0.0,10.0,1.0,0.5,0.3,-65.2,-65.2,-65.2,-65.2,1.0,0.0,10.0,1.0,0.5,0.3,179.2,179.2,179.2,179.2,1.0,0.0,10.0,1.0,0.5,0.3,,,,,,,,,,,,,,,,,,,,,,,,,,,,,,,,,,,,,,,,
1974,2,196.0,-28.0,26.0,26.0,26.0,26.0,1.0,0.0,8.0,1.0,0.2,0.6,24.0,24.0,24.0,24.0,1.0,0.0,8.0,1.0,0.2,0.6,15.67,15.67,15.67,15.67,1.0,0.0,8.0,1.0,0.2,0.6,84.4,84.4,84.4,84.4,1.0,0.0,8.0,1.0,0.6,10.3,10.3,10.3,10.3,1.0,0.0,8.0,1.0,0.2,0.6,-5.15,-5.15,-5.15,-5.15,1.0,0.0,8.0,1.0,0.2,0.6,8.92,8.92,8.92,8.92,1.0,0.0,8.0,1.0,0.2,0.6,1013.0,1013.0,1013.0,1013.0,1.0,0.0,8.0,1.0,0.2,0.6,6.0,6.0,6.0,6.0,1.0,0.0,8.0,1.0,0.2,0.6,-53.0,-53.0,-53.0,-53.0,1.0,0.0,8.0,1.0,0.2,0.6,91.9,91.9,91.9,91.9,1.0,0.0,8.0,1.0,0.2,0.6,2.0,2.0,2.0,2.0,1.0,0.0,8.0,1.0,0.2,0.6,20.6,20.6,20.6,20.6,1.0,0.0,8.0,1.0,0.2,0.6,5.33,5.33,5.33,5.33,1.0,0.0,8.0,1.0,0.2,0.6,54.9,54.9,54.9,54.9,1.0,0.0,8.0,1.0,0.2,0.6,-123.6,-123.6,-123.6,-123.6,1.0,0.0,8.0,1.0,0.2,0.6,214.1,214.1,214.1,214.1,1.0,0.0,8.0,1.0,0.2,0.6,-80.7,-80.7,-80.7,-80.7,1.0,0.0,8.0,1.0,0.2,0.6,139.8,139.8,139.8,139.8,1.0,0.0,8.0,1.0,0.2,0.6,-27.5,-27.5,-27.5,-27.5,1.0,0.0,8.0,1.0,0.2,0.6,47.6,47.6,47.6,47.6,1.0,0.0,8.0,1.0,0.2,0.6,1092.5,1092.5,1092.5,1092.5,1.0,0.0,8.0,1.0,0.2,0.6,1095.0,1095.0,1095.0,1095.0,1.0,0.0,8.0,1.0,0.2,0.6
1974,2,196.0,-24.0,26.3,26.5,26.7,26.5,3.0,0.3,18.0,0.7,0.5,0.6,24.64,25.6,26.01,25.33,3.0,1.03,18.0,0.7,0.5,0.6,14.9,16.28,16.75,15.83,3.0,1.41,18.0,0.7,0.5,0.6,71.3,79.5,86.8,79.1,3.0,11.4,18.0,0.7,0.6,3.26,3.6,10.29,6.7,3.0,5.81,18.0,0.7,0.5,0.6,-8.08,-3.38,0.55,-3.76,3.0,6.33,18.0,0.7,0.5,0.6,1.47,1.99,6.51,3.95,3.0,4.06,18.0,0.7,0.5,0.6,1012.6,1014.1,1014.44,1013.53,3.0,1.44,18.0,0.7,0.5,0.6,3.3,4.0,6.7,5.0,3.0,2.6,18.0,0.7,0.5,0.6,-97.8,-12.2,1.2,-47.5,3.0,78.6,18.0,0.7,0.5,0.6,5.0,6.2,80.7,42.0,3.0,63.6,18.0,0.7,0.5,0.6,0.38,1.2,1.95,1.17,3.0,1.15,18.0,0.7,0.5,0.6,1.2,3.7,6.8,4.0,3.0,4.1,18.0,0.7,0.5,0.6,5.01,5.78,6.59,5.8,3.0,1.16,18.0,0.7,0.5,0.6,17.1,17.9,69.5,42.7,3.0,43.9,18.0,0.7,0.5,0.6,-209.6,-81.9,15.5,-96.7,3.0,165.4,18.0,0.7,0.5,0.6,36.5,51.0,170.2,102.2,3.0,107.5,18.0,0.7,0.5,0.6,-118.1,-57.4,8.2,-55.0,3.0,92.5,18.0,0.7,0.5,0.6,24.6,32.4,94.1,58.7,3.0,55.8,18.0,0.7,0.5,0.6,-53.9,-15.7,4.4,-24.5,3.0,43.3,18.0,0.7,0.5,0.6,7.6,11.5,44.6,25.8,3.0,29.8,18.0,0.7,0.5,0.6,35.0,46.5,1657.0,827.5,3.0,1367.0,18.0,0.7,0.5,0.6,35.0,45.0,1655.0,830.0,3.0,1365.0,18.0,0.7,0.5,0.6
1974,2,196.0,-23.0,28.5,28.5,28.5,28.5,1.0,0.0,26.0,1.0,0.1,0.5,26.5,26.5,26.5,26.5,1.0,0.0,26.0,1.0,0.1,0.5,18.35,18.35,18.35,18.35,1.0,0.0,26.0,1.0,0.1,0.5,85.1,85.1,85.1,85.1,1.0,0.0,26.0,1.0,0.5,4.1,4.1,4.1,4.1,1.0,0.0,26.0,1.0,0.1,0.5,-4.04,-4.04,-4.04,-4.04,1.0,0.0,26.0,1.0,0.1,0.5,-0.71,-0.71,-0.71,-0.71,1.0,0.0,26.0,1.0,0.1,0.5,1015.2,1015.2,1015.2,1015.2,1.0,0.0,26.0,1.0,0.1,0.5,8.0,8.0,8.0,8.0,1.0,0.0,26.0,1.0,0.1,0.5,-16.6,-16.6,-16.6,-16.6,1.0,0.0,26.0,1.0,0.1,0.5,-2.9,-2.9,-2.9,-2.9,1.0,0.0,26.0,1.0,0.1,0.5,2.0,2.0,2.0,2.0,1.0,0.0,26.0,1.0,0.1,0.5,8.2,8.2,8.2,8.2,1.0,0.0,26.0,1.0,0.1,0.5,5.97,5.97,5.97,5.97,1.0,0.0,26.0,1.0,0.1,0.5,24.5,24.5,24.5,24.5,1.0,0.0,26.0,1.0,0.1,0.5,-107.0,-107.0,-107.0,-107.0,1.0,0.0,26.0,1.0,0.1,0.5,-18.9,-18.9,-18.9,-18.9,1.0,0.0,26.0,1.0,0.1,0.5,-74.1,-74.1,-74.1,-74.1,1.0,0.0,26.0,1.0,0.1,0.5,-13.1,-13.1,-13.1,-13.1,1.0,0.0,26.0,1.0,0.1,0.5,-24.1,-24.1,-24.1,-24.1,1.0,0.0,26.0,1.0,0.1,0.5,-4.3,-4.3,-4.3,-4.3,1.0,0.0,26.0,1.0,0.1,0.5,69.0,69.0,69.0,69.0,1.0,0.0,26.0,1.0,0.1,0.5,70.0,70.0,70.0,70.0,1.0,0.0,26.0,1.0,0.1,0.5
1974,2,196.0,-22.0,28.5,28.5,28.5,28.5,1.0,0.0,28.0,0.0,0.3,0.8,27.5,27.5,27.5,27.5,1.0,0.0,28.0,0.0,0.3,0.8,18.18,18.18,18.18,18.18,1.0,0.0,28.0,0.0,0.3,0.8,79.3,79.3,79.3,79.3,1.0,0.0,28.0,0.0,0.8,0.0,0.0,0.0,0.0,1.0,0.0,28.0,0.0,0.3,0.8,0.0,0.0,0.0,0.0,1.0,0.0,28.0,0.0,0.3,0.8,0.0,0.0,0.0,0.0,1.0,0.0,28.0,0.0,0.3,0.8,1012.3,1012.3,1012.3,1012.3,1.0,0.0,28.0,0.0,0.3,0.8,7.0,7.0,7.0,7.0,1.0,0.0,28.0,0.0,0.3,0.8,0.0,0.0,0.0,0.0,1.0,0.0,28.0,0.0,0.3,0.8,0.0,0.0,0.0,0.0,1.0,0.0,28.0,0.0,0.3,0.8,1.0,1.0,1.0,1.0,1.0,0.0,28.0,0.0,0.3,0.8,0.0,0.0,0.0,0.0,1.0,0.0,28.0,0.0,0.3,0.8,6.21,6.21,6.21,6.21,1.0,0.0,28.0,0.0,0.3,0.8,0.0,0.0,0.0,0.0,1.0,0.0,28.0,0.0,0.3,0.8,0.0,0.0,0.0,0.0,1.0,0.0,28.0,0.0,0.3,0.8,0.0,0.0,0.0,0.0,1.0,0.0,28.0,0.0,0.3,0.8,0.0,0.0,0.0,0.0,1.0,0.0,28.0,0.0,0.3,0.8,0.0,0.0,0.0,0.0,1.0,0.0,28.0,0.0,0.3,0.8,0.0,0.0,0.0,0.0,1.0,0.0,28.0,0.0,0.3,0.8,0.0,0.0,0.0,0.0,1.0,0.0,28.0,0.0,0.3,0.8,0.0,0.0,0.0,0.0,1.0,0.0,28.0,0.0,0.3,0.8,0.0,0.0,0.0,0.0,1.0,0.0,28.0,0.0,0.3,0.8
1974,2,196.0,-19.0,27.16,27.5,27.84,27.5,3.0,0.5,16.0,0.3,0.3,0.6,25.93,27.5,27.84,26.9,3.0,1.49,16.0,0.3,0.3,0.6,17.65,18.07,18.71,18.18,3.0,0.78,16.0,0.3,0.3,0.6,79.3,80.3,84.9,82.1,3.0,4.4,16.0,0.3,0.6,1.98,4.1,6.22,4.1,3.0,3.1,16.0,0.3,0.3,0.6,-5.84,-3.14,-1.67,-3.74,3.0,3.1,16.0,0.3,0.3,0.6,-2.2,-1.25,-0.28,-1.24,3.0,1.4,16.0,0.3,0.3,0.6,1010.26,1010.4,1011.42,1010.83,3.0,0.93,16.0,0.3,0.3,0.6,2.0,2.0,3.4,2.7,3.0,1.2,16.0,0.3,0.3,0.6,-38.9,-12.9,-4.8,-21.6,3.0,26.2,16.0,0.3,0.3,0.6,-10.2,-9.0,-2.7,-6.5,3.0,5.9,16.0,0.3,0.3,0.6,-0.5,-0.5,1.75,0.6,3.0,1.91,16.0,0.3,0.3,0.6,-3.1,-2.0,1.3,-0.9,3.0,3.3,16.0,0.3,0.3,0.6,4.1,4.25,5.63,4.85,3.0,1.24,16.0,0.3,0.3,0.6,9.5,16.5,26.1,17.8,3.0,12.2,16.0,0.3,0.3,0.6,-161.0,-87.9,-44.9,-102.6,3.0,86.0,16.0,0.3,0.3,0.6,-61.3,-34.4,-7.9,-34.6,3.0,39.1,16.0,0.3,0.3,0.6,-106.4,-59.7,-30.7,-68.3,3.0,56.0,16.0,0.3,0.3,0.6,-41.4,-22.6,-5.1,-23.2,3.0,26.6,16.0,0.3,0.3,0.6,-24.6,-12.7,-8.2,-16.3,3.0,12.4,16.0,0.3,0.3,0.6,-8.9,-5.3,-0.9,-4.9,3.0,5.9,16.0,0.3,0.3,0.6,22.5,69.0,276.5,147.5,3.0,198.0,16.0,0.3,0.3,0.6,25.0,70.0,275.0,150.0,3.0,200.0,16.0,0.3,0.3,0.6
1974,2,196.0,-18.0,27.5,27.5,27.5,27.5,1.0,0.0,24.0,1.0,0.7,0.3,26.7,26.7,26.7,26.7,1.0,0.0,24.0,1.0,0.7,0.3,20.79,20.79,20.79,20.79,1.0,0.0,24.0,1.0,0.7,0.3,94.8,94.8,94.8,94.8,1.0,0.0,24.0,1.0,0.3,3.1,3.1,3.1,3.1,1.0,0.0,24.0,1.0,0.7,0.3,0.0,0.0,0.0,0.0,1.0,0.0,24.0,1.0,0.7,0.3,-3.1,-3.1,-3.1,-3.1,1.0,0.0,24.0,1.0,0.7,0.3,1011.1,1011.1,1011.1,1011.1,1.0,0.0,24.0,1.0,0.7,0.3,8.0,8.0,8.0,8.0,1.0,0.0,24.0,1.0,0.7,0.3,0.0,0.0,0.0,0.0,1.0,0.0,24.0,1.0,0.7,0.3,-9.6,-9.6,-9.6,-9.6,1.0,0.0,24.0,1.0,0.7,0.3,0.8,0.8,0.8,0.8,1.0,0.0,24.0,1.0,0.7,0.3,2.5,2.5,2.5,2.5,1.0,0.0,24.0,1.0,0.7,0.3,2.22,2.22,2.22,2.22,1.0,0.0,24.0,1.0,0.7,0.3,6.9,6.9,6.9,6.9,1.0,0.0,24.0,1.0,0.7,0.3,0.0,0.0,0.0,0.0,1.0,0.0,24.0,1.0,0.7,0.3,-82.8,-82.8,-82.8,-82.8,1.0,0.0,24.0,1.0,0.7,0.3,0.0,0.0,0.0,0.0,1.0,0.0,24.0,1.0,0.7,0.3,-64.5,-64.5,-64.5,-64.5,1.0,0.0,24.0,1.0,0.7,0.3,0.0,0.0,0.0,0.0,1.0,0.0,24.0,1.0,0.7,0.3,-6.9,-6.9,-6.9,-6.9,1.0,0.0,24.0,1.0,0.7,0.3,30.0,30.0,30.0,30.0,1.0,0.0,24.0,1.0,0.7,0.3,30.0,30.0,30.0,30.0,1.0,0.0,24.0,1.0,0.7,0.3
1974,2,196.0,-17.0,28.53,28.6,29.56,29.03,3.0,0.84,20.0,0.3,0.6,0.5,25.7,27.45,28.58,27.15,4.0,1.92,22.0,0.5,0.7,0.6,17.84,19.12,19.61,18.73,3.0,1.34,20.0,0.3,0.6,0.5,81.0,86.2,88.2,84.7,3.0,5.5,20.0,0.3,0.5,3.55,4.6,6.75,5.13,4.0,2.56,22.0,0.5,0.7,0.6,-5.68,-4.6,-3.53,-4.61,4.0,1.68,22.0,0.5,0.7,0.6,-3.14,-0.23,0.0,-1.51,4.0,2.73,22.0,0.5,0.7,0.6,1010.2,1010.25,1012.24,1011.18,4.0,1.88,22.0,0.5,0.7,0.6,2.4,5.0,7.0,4.8,4.0,3.0,22.0,0.5,0.7,0.6,-40.5,-21.2,-13.6,-26.7,4.0,21.9,22.0,0.5,0.7,0.6,-26.0,-0.6,0.0,-12.5,4.0,24.1,22.0,0.5,0.7,0.6,0.64,3.1,3.65,2.17,3.0,2.34,20.0,0.3,0.6,0.5,3.6,14.3,27.7,15.6,3.0,17.7,20.0,0.3,0.6,0.5,5.53,7.2,7.45,6.51,3.0,1.53,20.0,0.3,0.6,0.5,19.5,34.8,53.8,36.6,3.0,25.2,20.0,0.3,0.6,0.5,-147.2,-126.3,-97.9,-122.7,4.0,36.8,22.0,0.5,0.7,0.6,-78.3,-6.6,0.0,-37.7,4.0,66.9,22.0,0.5,0.7,0.6,-106.3,-88.0,-62.6,-84.5,3.0,32.2,20.0,0.3,0.6,0.5,-68.6,-9.0,-2.8,-35.1,3.0,53.3,20.0,0.3,0.6,0.5,-43.8,-34.8,-19.4,-31.7,3.0,18.1,20.0,0.3,0.6,0.5,-28.2,-2.1,-0.7,-14.1,3.0,22.7,20.0,0.3,0.6,0.5,55.5,97.5,391.5,217.5,4.0,296.5,22.0,0.5,0.7,0.6,55.0,95.0,390.0,220.0,4.0,295.0,22.0,0.5,0.7,0.6
1974,2,196.0,-16.0,27.07,27.45,27.83,27.45,2.0,0.78,16.0,0.5,0.6,0.6,27.74,28.25,28.76,28.25,2.0,1.06,16.0,0.5,0.6,0.6,18.48,18.57,18.66,18.57,2.0,0.18,16.0,0.5,0.6,0.6,75.4,77.4,79.3,77.4,2.0,4.1,16.0,0.5,0.6,4.17,5.4,6.63,5.4,2.0,2.55,16.0,0.5,0.6,0.6,-5.47,-1.99,1.5,-1.99,2.0,7.22,16.0,0.5,0.6,0.6,-1.32,-0.27,0.77,-0.27,2.0,2.16,16.0,0.5,0.6,0.6,1008.59,1009.2,1009.81,1009.2,2.0,1.27,16.0,0.5,0.6,0.6,4.6,6.0,7.4,6.0,2.0,2.8,16.0,0.5,0.6,0.6,-41.2,-19.9,1.3,-19.9,2.0,44.0,16.0,0.5,0.6,0.6,-4.0,1.3,6.5,1.3,2.0,10.9,16.0,0.5,0.6,0.6,-0.94,-0.8,-0.66,-0.8,2.0,0.28,16.0,0.5,0.6,0.6,-6.4,-4.7,-3.0,-4.7,2.0,3.6,16.0,0.5,0.6,0.6,3.99,4.43,4.87,4.43,2.0,0.91,16.0,0.5,0.6,0.6,17.3,25.1,32.9,25.1,2.0,16.2,16.0,0.5,0.6,0.6,-159.4,-59.9,39.5,-59.9,2.0,206.0,16.0,0.5,0.6,0.6,-35.9,-6.6,22.6,-6.6,2.0,60.6,16.0,0.5,0.6,0.6,-102.4,-37.6,27.3,-37.6,2.0,134.4,16.0,0.5,0.6,0.6,-24.2,-4.9,14.4,-4.9,2.0,40.0,16.0,0.5,0.6,0.6,-28.4,-12.1,4.2,-12.1,2.0,33.8,16.0,0.5,0.6,0.6,-4.7,-0.2,4.3,-0.2,2.0,9.3,16.0,0.5,0.6,0.6,98.5,210.0,321.5,210.0,2.0,231.0,16.0,0.5,0.6,0.6,100.0,210.0,320.0,210.0,2.0,230.0,16.0,0.5,0.6,0.6
1974,2,196.0,-14.0,,,,,,,,,,,,,,,,,,,,,,,,,,,,,,,,,,,,,,,,,,,,,,,,,,,,,,,,,,,,,,,,,,,,,,,,,,,,,,,,8.0,8.0,8.0,8.0,1.0,0.0,2.0,1.0,0.9,0.5,55.7,55.7,55.7,55.7,1.0,0.0,2.0,1.0,0.9,0.5,20.3,20.3,20.3,20.3,1.0,0.0,2.0,1.0,0.9,0.5,,,,,,,,,,,,,,,,,,,,,,,,,,,,,,,,,,,,,,,,,,,,,,,,,,,,,,,,,,,,,,,,,,,,,,,,,,,,,,,,,,,,,,,,,,,,,,,,,,,,,,,,,,,,,,,,,,,,,,,,
1974,2,196.0,-13.0,27.55,28.3,28.3,27.93,3.0,0.64,12.0,0.7,0.5,0.5,25.84,27.0,28.3,27.07,3.0,1.8,12.0,0.7,0.5,0.5,18.36,18.97,19.58,18.97,2.0,1.26,18.0,0.5,0.5,0.3,83.9,89.7,95.5,89.7,2.0,12.1,18.0,0.5,0.3,4.6,4.6,6.24,5.4,3.0,1.39,12.0,0.7,0.5,0.5,-4.26,-3.52,-1.12,-2.71,3.0,2.41,12.0,0.7,0.5,0.5,-5.72,-2.96,-0.94,-3.32,3.0,3.51,12.0,0.7,0.5,0.5,1009.48,1011.6,1011.87,1010.7,3.0,1.92,12.0,0.7,0.5,0.5,4.3,5.0,7.0,5.7,3.0,2.1,12.0,0.7,0.5,0.5,-19.6,-16.2,-5.1,-12.5,3.0,11.1,12.0,0.7,0.5,0.5,-37.8,-13.6,-4.3,-20.9,3.0,25.3,12.0,0.7,0.5,0.5,0.0,1.3,1.71,0.87,3.0,1.31,12.0,0.7,0.5,0.5,-1.0,6.0,7.9,3.5,3.0,6.8,12.0,0.7,0.5,0.5,3.32,4.42,5.53,4.42,2.0,2.29,18.0,0.5,0.5,0.3,15.3,20.3,25.4,20.3,2.0,10.5,18.0,0.5,0.5,0.3,-113.1,-89.2,-28.3,-71.1,3.0,64.0,12.0,0.7,0.5,0.5,-161.8,-74.8,-23.7,-92.4,3.0,102.3,12.0,0.7,0.5,0.5,-81.1,-76.6,-72.1,-76.6,2.0,9.3,18.0,0.5,0.5,0.3,-49.4,-29.4,-9.3,-29.4,2.0,41.5,18.0,0.5,0.5,0.3,-24.9,-18.8,-12.7,-18.8,2.0,12.7,18.0,0.5,0.5,0.3,-7.0,-4.1,-1.3,-4.1,2.0,5.9,18.0,0.5,0.5,0.3,97.5,97.5,265.0,179.0,3.0,142.0,12.0,0.7,0.5,0.5,95.0,95.0,265.0,180.0,3.0,140.0,12.0,0.7,0.5,0.5
1974,2,196.0,-10.0,,,,,,,,,,,,,,,,,,,,,,,,,,,,,,,,,,,,,,,,4.6,4.6,4.6,4.6,1.0,0.0,2.0,0.0,0.3,0.3,-4.32,-4.32,-4.32,-4.32,1.0,0.0,2.0,0.0,0.3,0.3,-1.57,-1.57,-1.57,-1.57,1.0,0.0,2.0,0.0,0.3,0.3,1009.5,1009.5,1009.5,1009.5,1.0,0.0,2.0,0.0,0.3,0.3,1.0,1.0,1.0,1.0,1.0,0.0,2.0,0.0,0.3,0.3,-19.9,-19.9,-19.9,-19.9,1.0,0.0,2.0,0.0,0.3,0.3,-7.2,-7.2,-7.2,-7.2,1.0,0.0,2.0,0.0,0.3,0.3,,,,,,,,,,,,,,,,,,,,,,,,,,,,,,,,,,,,,,,,,-116.7,-116.7,-116.7,-116.7,1.0,0.0,2.0,0.0,0.3,0.3,-42.5,-42.5,-42.5,-42.5,1.0,0.0,2.0,0.0,0.3,0.3,-84.2,-84.2,-84.2,-84.2,1.0,0.0,2.0,0.0,0.3,0.3,-30.7,-30.7,-30.7,-30.7,1.0,0.0,2.0,0.0,0.3,0.3,,,,,,,,,,,,,,,,,,,,,,,,,,,,,,,,,,,,,,,,
1974,2,196.0,-8.0,27.5,27.5,27.5,27.5,1.0,0.0,24.0,1.0,0.7,0.3,26.7,26.7,26.7,26.7,1.0,0.0,24.0,1.0,0.7,0.3,21.04,21.04,21.04,21.04,1.0,0.0,24.0,1.0,0.7,0.3,95.9,95.9,95.9,95.9,1.0,0.0,24.0,1.0,0.3,3.1,3.1,3.1,3.1,1.0,0.0,24.0,1.0,0.7,0.3,0.0,0.0,0.0,0.0,1.0,0.0,24.0,1.0,0.7,0.3,-3.1,-3.1,-3.1,-3.1,1.0,0.0,24.0,1.0,0.7,0.3,1011.1,1011.1,1011.1,1011.1,1.0,0.0,24.0,1.0,0.7,0.3,8.0,8.0,8.0,8.0,1.0,0.0,24.0,1.0,0.7,0.3,0.0,0.0,0.0,0.0,1.0,0.0,24.0,1.0,0.7,0.3,-9.6,-9.6,-9.6,-9.6,1.0,0.0,24.0,1.0,0.7,0.3,0.8,0.8,0.8,0.8,1.0,0.0,24.0,1.0,0.7,0.3,2.5,2.5,2.5,2.5,1.0,0.0,24.0,1.0,0.7,0.3,1.97,1.97,1.97,1.97,1.0,0.0,24.0,1.0,0.7,0.3,6.1,6.1,6.1,6.1,1.0,0.0,24.0,1.0,0.7,0.3,0.0,0.0,0.0,0.0,1.0,0.0,24.0,1.0,0.7,0.3,-82.8,-82.8,-82.8,-82.8,1.0,0.0,24.0,1.0,0.7,0.3,0.0,0.0,0.0,0.0,1.0,0.0,24.0,1.0,0.7,0.3,-65.2,-65.2,-65.2,-65.2,1.0,0.0,24.0,1.0,0.7,0.3,0.0,0.0,0.0,0.0,1.0,0.0,24.0,1.0,0.7,0.3,-6.1,-6.1,-6.1,-6.1,1.0,0.0,24.0,1.0,0.7,0.3,30.0,30.0,30.0,30.0,1.0,0.0,24.0,1.0,0.7,0.3,30.0,30.0,30.0,30.0,1.0,0.0,24.0,1.0,0.7,0.3
1974,2,196.0,-7.0,27.04,27.35,27.66,27.35,2.0,0.64,10.0,1.0,0.9,0.8,27.1,27.3,27.5,27.3,2.0,0.42,10.0,1.0,0.9,0.8,16.07,16.09,16.11,16.09,2.0,0.04,10.0,1.0,0.9,0.8,69.9,70.9,71.9,70.9,2.0,2.1,10.0,1.0,0.8,5.59,6.65,7.71,6.65,2.0,2.19,10.0,1.0,0.9,0.8,-6.11,-3.99,-1.87,-3.99,2.0,4.4,10.0,1.0,0.9,0.8,-4.88,-4.56,-4.25,-4.56,2.0,0.65,10.0,1.0,0.9,0.8,1007.54,1008.5,1009.46,1008.5,2.0,1.98,10.0,1.0,0.9,0.8,2.5,3.5,4.5,3.5,2.0,2.1,10.0,1.0,0.9,0.8,-49.7,-31.4,-13.0,-31.4,2.0,38.0,10.0,1.0,0.9,0.8,-32.3,-29.6,-26.9,-29.6,2.0,5.7,10.0,1.0,0.9,0.8,-0.05,0.05,0.15,0.05,2.0,0.21,10.0,1.0,0.9,0.8,-0.5,0.1,0.7,0.1,2.0,1.3,10.0,1.0,0.9,0.8,6.33,6.79,7.25,6.79,2.0,0.95,10.0,1.0,0.9,0.8,40.0,44.1,48.3,44.1,2.0,8.6,10.0,1.0,0.9,0.8,-165.2,-108.1,-51.0,-108.1,2.0,118.3,10.0,1.0,0.9,0.8,-134.2,-124.7,-115.1,-124.7,2.0,19.7,10.0,1.0,0.9,0.8,-98.5,-64.3,-30.1,-64.3,2.0,70.9,10.0,1.0,0.9,0.8,-78.3,-73.4,-68.4,-73.4,2.0,10.3,10.0,1.0,0.9,0.8,-37.6,-25.0,-12.5,-25.0,2.0,26.1,10.0,1.0,0.9,0.8,-35.5,-31.3,-27.1,-31.3,2.0,8.8,10.0,1.0,0.9,0.8,199.0,342.0,485.0,342.0,2.0,296.0,10.0,1.0,0.9,0.8,200.0,340.0,485.0,340.0,2.0,295.0,10.0,1.0,0.9,0.8
1974,2,196.0,-6.0,,,,,,,,,,,,,,,,,,,,,,,,,,,,,,,,,,,,,,,,4.0,4.0,4.0,4.0,1.0,0.0,20.0,1.0,0.5,0.3,-3.76,-3.76,-3.76,-3.76,1.0,0.0,20.0,1.0,0.5,0.3,-1.37,-1.37,-1.37,-1.37,1.0,0.0,20.0,1.0,0.5,0.3,1004.8,1004.8,1004.8,1004.8,1.0,0.0,20.0,1.0,0.5,0.3,,,,,,,,,,,,,,,,,,,,,,,,,,,,,,,,,,,,,,,,,,,,,,,,,,,,,,,,,,,,,,,,,,,,,,,,,,,,,,,,,,,,,,,,,,,,,,,,,,,,,,,,,,,,,,,,,,,,,,,,,,,,,,,,,,,,,,,,,,,,,,,,,,,,,,
1974,2,196.0,-3.0,24.4,24.4,24.4,24.4,1.0,0.0,26.0,1.0,0.4,1.0,26.1,26.1,26.1,26.1,1.0,0.0,26.0,1.0,0.4,1.0,16.8,16.8,16.8,16.8,1.0,0.0,26.0,1.0,0.4,1.0,79.1,79.1,79.1,79.1,1.0,0.0,26.0,1.0,1.0,8.2,8.2,8.2,8.2,1.0,0.0,26.0,1.0,0.4,1.0,-8.08,-8.08,-8.08,-8.08,1.0,0.0,26.0,1.0,0.4,1.0,-1.42,-1.42,-1.42,-1.42,1.0,0.0,26.0,1.0,0.4,1.0,1005.1,1005.1,1005.1,1005.1,1.0,0.0,26.0,1.0,0.4,1.0,5.0,5.0,5.0,5.0,1.0,0.0,26.0,1.0,0.4,1.0,-66.2,-66.2,-66.2,-66.2,1.0,0.0,26.0,1.0,0.4,1.0,-11.7,-11.7,-11.7,-11.7,1.0,0.0,26.0,1.0,0.4,1.0,-1.7,-1.7,-1.7,-1.7,1.0,0.0,26.0,1.0,0.4,1.0,-13.9,-13.9,-13.9,-13.9,1.0,0.0,26.0,1.0,0.4,1.0,2.42,2.42,2.42,2.42,1.0,0.0,26.0,1.0,0.4,1.0,19.8,19.8,19.8,19.8,1.0,0.0,26.0,1.0,0.4,1.0,-210.8,-210.8,-210.8,-210.8,1.0,0.0,26.0,1.0,0.4,1.0,-37.2,-37.2,-37.2,-37.2,1.0,0.0,26.0,1.0,0.4,1.0,-135.7,-135.7,-135.7,-135.7,1.0,0.0,26.0,1.0,0.4,1.0,-23.9,-23.9,-23.9,-23.9,1.0,0.0,26.0,1.0,0.4,1.0,-19.5,-19.5,-19.5,-19.5,1.0,0.0,26.0,1.0,0.4,1.0,-3.4,-3.4,-3.4,-3.4,1.0,0.0,26.0,1.0,0.4,1.0,551.5,551.5,551.5,551.5,1.0,0.0,26.0,1.0,0.4,1.0,550.0,550.0,550.0,550.0,1.0,0.0,26.0,1.0,0.4,1.0
1974,2,196.0,-2.0,24.51,24.75,24.99,24.75,2.0,0.49,10.0,0.5,0.6,0.3,25.02,25.05,25.08,25.05,2.0,0.07,10.0,0.5,0.6,0.3,16.37,16.52,16.68,16.52,2.0,0.32,10.0,0.5,0.6,0.3,82.7,83.2,83.7,83.2,2.0,1.1,10.0,0.5,0.3,7.35,8.75,10.15,8.75,2.0,2.9,10.0,0.5,0.6,0.3,-9.59,-8.37,-7.16,-8.37,2.0,2.51,10.0,0.5,0.6,0.3,-2.92,-1.27,0.39,-1.27,2.0,3.43,10.0,0.5,0.6,0.3,1008.84,1009.8,1010.76,1009.8,2.0,1.98,10.0,0.5,0.6,0.3,1.5,2.5,3.5,2.5,2.0,2.1,10.0,0.5,0.6,0.3,-99.2,-76.9,-54.6,-76.9,2.0,46.2,10.0,0.5,0.6,0.3,-32.3,-16.0,0.2,-16.0,2.0,33.7,10.0,0.5,0.6,0.3,-0.5,-0.3,-0.1,-0.3,2.0,0.42,10.0,0.5,0.6,0.3,-5.5,-3.2,-1.0,-3.2,2.0,4.6,10.0,0.5,0.6,0.3,2.88,3.03,3.17,3.03,2.0,0.3,10.0,0.5,0.6,0.3,23.1,26.0,29.0,26.0,2.0,6.1,10.0,0.5,0.6,0.3,-239.7,-209.7,-179.6,-209.7,2.0,62.3,10.0,0.5,0.6,0.3,-73.1,-31.6,9.9,-31.6,2.0,85.9,10.0,0.5,0.6,0.3,-156.7,-137.9,-119.2,-137.9,2.0,38.8,10.0,0.5,0.6,0.3,-47.5,-20.4,6.8,-20.4,2.0,56.3,10.0,0.5,0.6,0.3,-27.4,-25.0,-22.5,-25.0,2.0,5.1,10.0,0.5,0.6,0.3,-8.1,-3.3,1.5,-3.3,2.0,10.0,10.0,0.5,0.6,0.3,453.0,780.0,1107.5,780.0,2.0,678.0,10.0,0.5,0.6,0.3,455.0,780.0,1110.0,780.0,2.0,680.0,10.0,0.5,0.6,0.3
1974,2,196.0,0.0,26.3,26.3,26.3,26.3,1.0,0.0,26.0,1.0,0.2,0.7,24.9,24.9,24.9,24.9,1.0,0.0,26.0,1.0,0.2,0.7,17.16,17.16,17.16,17.16,1.0,0.0,26.0,1.0,0.2,0.7,87.1,87.1,87.1,87.1,1.0,0.0,26.0,1.0,0.7,6.7,6.7,6.7,6.7,1.0,0.0,26.0,1.0,0.2,0.7,-6.3,-6.3,-6.3,-6.3,1.0,0.0,26.0,1.0,0.2,0.7,-2.29,-2.29,-2.29,-2.29,1.0,0.0,26.0,1.0,0.2,0.7,1008.8,1008.8,1008.8,1008.8,1.0,0.0,26.0,1.0,0.2,0.7,2.0,2.0,2.0,2.0,1.0,0.0,26.0,1.0,0.2,0.7,-42.2,-42.2,-42.2,-42.2,1.0,0.0,26.0,1.0,0.2,0.7,-15.4,-15.4,-15.4,-15.4,1.0,0.0,26.0,1.0,0.2,0.7,1.4,1.4,1.4,1.4,1.0,0.0,26.0,1.0,0.2,0.7,9.4,9.4,9.4,9.4,1.0,0.0,26.0,1.0,0.2,0.7,4.32,4.32,4.32,4.32,1.0,0.0,26.0,1.0,0.2,0.7,28.9,28.9,28.9,28.9,1.0,0.0,26.0,1.0,0.2,0.7,-156.8,-156.8,-156.8,-156.8,1.0,0.0,26.0,1.0,0.2,0.7,-57.1,-57.1,-57.1,-57.1,1.0,0.0,26.0,1.0,0.2,0.7,-108.0,-108.0,-108.0,-108.0,1.0,0.0,26.0,1.0,0.2,0.7,-39.3,-39.3,-39.3,-39.3,1.0,0.0,26.0,1.0,0.2,0.7,-27.2,-27.2,-27.2,-27.2,1.0,0.0,26.0,1.0,0.2,0.7,-9.9,-9.9,-9.9,-9.9,1.0,0.0,26.0,1.0,0.2,0.7,301.0,301.0,301.0,301.0,1.0,0.0,26.0,1.0,0.2,0.7,300.0,300.0,300.0,300.0,1.0,0.0,26.0,1.0,0.2,0.7
1974,2,196.0,2.0,24.5,24.5,24.5,24.5,1.0,0.0,28.0,1.0,0.7,0.2,26.5,26.5,26.5,26.5,1.0,0.0,28.0,1.0,0.7,0.2,17.62,17.62,17.62,17.62,1.0,0.0,28.0,1.0,0.7,0.2,81.1,81.1,81.1,81.1,1.0,0.0,28.0,1.0,0.2,6.7,6.7,6.7,6.7,1.0,0.0,28.0,1.0,0.7,0.2,-6.6,-6.6,-6.6,-6.6,1.0,0.0,28.0,1.0,0.7,0.2,-1.16,-1.16,-1.16,-1.16,1.0,0.0,28.0,1.0,0.7,0.2,1007.0,1007.0,1007.0,1007.0,1.0,0.0,28.0,1.0,0.7,0.2,2.0,2.0,2.0,2.0,1.0,0.0,28.0,1.0,0.7,0.2,-44.2,-44.2,-44.2,-44.2,1.0,0.0,28.0,1.0,0.7,0.2,-7.8,-7.8,-7.8,-7.8,1.0,0.0,28.0,1.0,0.7,0.2,-2.0,-2.0,-2.0,-2.0,1.0,0.0,28.0,1.0,0.7,0.2,-13.4,-13.4,-13.4,-13.4,1.0,0.0,28.0,1.0,0.7,0.2,1.69,1.69,1.69,1.69,1.0,0.0,28.0,1.0,0.7,0.2,11.3,11.3,11.3,11.3,1.0,0.0,28.0,1.0,0.7,0.2,-174.9,-174.9,-174.9,-174.9,1.0,0.0,28.0,1.0,0.7,0.2,-30.8,-30.8,-30.8,-30.8,1.0,0.0,28.0,1.0,0.7,0.2,-116.2,-116.2,-116.2,-116.2,1.0,0.0,28.0,1.0,0.7,0.2,-20.5,-20.5,-20.5,-20.5,1.0,0.0,28.0,1.0,0.7,0.2,-11.1,-11.1,-11.1,-11.1,1.0,0.0,28.0,1.0,0.7,0.2,-2.0,-2.0,-2.0,-2.0,1.0,0.0,28.0,1.0,0.7,0.2,301.0,301.0,301.0,301.0,1.0,0.0,28.0,1.0,0.7,0.2,300.0,300.0,300.0,300.0,1.0,0.0,28.0,1.0,0.7,0.2
1974,2,196.0,3.0,,,,,,,,,,,,,,,,,,,,,,,,,,,,,,,,,,,,,,,,8.2,8.2,8.2,8.2,1.0,0.0,20.0,1.0,0.1,0.5,-7.1,-7.1,-7.1,-7.1,1.0,0.0,20.0,1.0,0.1,0.5,4.1,4.1,4.1,4.1,1.0,0.0,20.0,1.0,0.1,0.5,1006.3,1006.3,1006.3,1006.3,1.0,0.0,20.0,1.0,0.1,0.5,7.0,7.0,7.0,7.0,1.0,0.0,20.0,1.0,0.1,0.5,-58.2,-58.2,-58.2,-58.2,1.0,0.0,20.0,1.0,0.1,0.5,33.6,33.6,33.6,33.6,1.0,0.0,20.0,1.0,0.1,0.5,,,,,,,,,,,,,,,,,,,,,,,,,,,,,,,,,,,,,,,,,-186.1,-186.1,-186.1,-186.1,1.0,0.0,20.0,1.0,0.1,0.5,107.4,107.4,107.4,107.4,1.0,0.0,20.0,1.0,0.1,0.5,-115.6,-115.6,-115.6,-115.6,1.0,0.0,20.0,1.0,0.1,0.5,66.7,66.7,66.7,66.7,1.0,0.0,20.0,1.0,0.1,0.5,,,,,,,,,,,,,,,,,,,,,,,,,,,,,,,,,,,,,,,,
1974,2,196.0,4.0,26.24,26.55,26.86,26.55,2.0,0.64,18.0,1.0,0.6,0.4,26.32,26.8,27.28,26.8,2.0,0.99,18.0,1.0,0.6,0.4,17.56,17.95,18.33,17.95,2.0,0.8,18.0,1.0,0.6,0.4,77.4,81.4,85.3,81.4,2.0,8.2,18.0,1.0,0.4,5.01,5.9,6.79,5.9,2.0,1.84,18.0,1.0,0.6,0.4,-6.79,-5.9,-5.01,-5.9,2.0,1.84,18.0,1.0,0.6,0.4,0.0,0.0,0.0,0.0,2.0,0.0,18.0,1.0,0.6,0.4,1006.4,1007.05,1007.7,1007.05,2.0,1.34,18.0,1.0,0.6,0.4,4.2,4.5,4.8,4.5,2.0,0.7,18.0,1.0,0.6,0.4,-47.0,-36.5,-26.0,-36.5,2.0,21.7,18.0,1.0,0.6,0.4,0.0,0.0,0.0,0.0,2.0,0.0,18.0,1.0,0.6,0.4,-0.42,-0.25,-0.08,-0.25,2.0,0.35,18.0,1.0,0.6,0.4,-3.0,-1.8,-0.6,-1.8,2.0,2.5,18.0,1.0,0.6,0.4,3.12,3.89,4.67,3.89,2.0,1.6,18.0,1.0,0.6,0.4,16.4,24.4,32.5,24.4,2.0,16.6,18.0,1.0,0.6,0.4,-185.6,-159.0,-132.4,-159.0,2.0,55.1,18.0,1.0,0.6,0.4,0.0,0.0,0.0,0.0,2.0,0.0,18.0,1.0,0.6,0.4,-118.8,-105.2,-91.5,-105.2,2.0,28.3,18.0,1.0,0.6,0.4,0.0,0.0,0.0,0.0,2.0,0.0,18.0,1.0,0.6,0.4,-32.5,-24.4,-16.4,-24.4,2.0,16.6,18.0,1.0,0.6,0.4,0.0,0.0,0.0,0.0,2.0,0.0,18.0,1.0,0.6,0.4,141.0,235.5,329.5,235.5,2.0,195.0,18.0,1.0,0.6,0.4,140.0,235.0,330.0,235.0,2.0,195.0,18.0,1.0,0.6,0.4
1974,2,196.0,5.0,26.75,26.85,26.95,26.85,2.0,0.21,12.0,0.5,0.6,0.4,23.92,23.95,23.98,23.95,2.0,0.07,12.0,0.5,0.6,0.4,16.04,16.24,16.44,16.24,2.0,0.42,12.0,0.5,0.6,0.4,86.3,87.2,88.2,87.2,2.0,1.9,12.0,0.5,0.4,8.69,9.75,10.81,9.75,2.0,2.19,12.0,0.5,0.6,0.4,-10.81,-9.75,-8.69,-9.75,2.0,2.19,12.0,0.5,0.6,0.4,0.0,0.0,0.0,0.0,2.0,0.0,12.0,0.5,0.6,0.4,1008.35,1008.45,1008.55,1008.45,2.0,0.21,12.0,0.5,0.6,0.4,5.3,8.0,8.0,6.7,3.0,2.3,10.0,0.7,0.6,0.4,-118.1,-97.5,-76.8,-97.5,2.0,42.7,12.0,0.5,0.6,0.4,0.0,0.0,0.0,0.0,2.0,0.0,12.0,0.5,0.6,0.4,2.83,2.9,2.97,2.9,2.0,0.14,12.0,0.5,0.6,0.4,25.7,28.1,30.5,28.1,2.0,5.0,12.0,0.5,0.6,0.4,5.89,5.96,6.03,5.96,2.0,0.15,12.0,0.5,0.6,0.4,51.3,58.3,65.3,58.3,2.0,14.5,12.0,0.5,0.6,0.4,-258.4,-233.4,-208.4,-233.4,2.0,51.8,12.0,0.5,0.6,0.4,0.0,0.0,0.0,0.0,2.0,0.0,12.0,0.5,0.6,0.4,-173.1,-157.9,-142.7,-157.9,2.0,31.5,12.0,0.5,0.6,0.4,0.0,0.0,0.0,0.0,2.0,0.0,12.0,0.5,0.6,0.4,-65.3,-58.3,-51.3,-58.3,2.0,14.5,12.0,0.5,0.6,0.4,0.0,0.0,0.0,0.0,2.0,0.0,12.0,0.5,0.6,0.4,693.0,997.0,1301.5,997.0,2.0,630.5,12.0,0.5,0.6,0.4,695.0,995.0,1300.0,995.0,2.0,630.0,12.0,0.5,0.6,0.4
1974,2,196.0,6.0,27.0,27.0,27.0,27.0,1.0,0.0,12.0,0.0,0.8,0.3,24.0,24.0,24.0,24.0,1.0,0.0,12.0,0.0,0.8,0.3,15.74,15.74,15.74,15.74,1.0,0.0,12.0,0.0,0.8,0.3,84.4,84.4,84.4,84.4,1.0,0.0,12.0,0.0,0.3,8.2,8.2,8.2,8.2,1.0,0.0,12.0,0.0,0.8,0.3,-8.2,-8.2,-8.2,-8.2,1.0,0.0,12.0,0.0,0.8,0.3,0.0,0.0,0.0,0.0,1.0,0.0,12.0,0.0,0.8,0.3,1008.6,1008.6,1008.6,1008.6,1.0,0.0,12.0,0.0,0.8,0.3,8.0,8.0,8.0,8.0,1.0,0.0,12.0,0.0,0.8,0.3,-67.2,-67.2,-67.2,-67.2,1.0,0.0,12.0,0.0,0.8,0.3,0.0,0.0,0.0,0.0,1.0,0.0,12.0,0.0,0.8,0.3,3.0,3.0,3.0,3.0,1.0,0.0,12.0,0.0,0.8,0.3,24.6,24.6,24.6,24.6,1.0,0.0,12.0,0.0,0.8,0.3,6.66,6.66,6.66,6.66,1.0,0.0,12.0,0.0,0.8,0.3,54.6,54.6,54.6,54.6,1.0,0.0,12.0,0.0,0.8,0.3,-196.8,-196.8,-196.8,-196.8,1.0,0.0,12.0,0.0,0.8,0.3,0.0,0.0,0.0,0.0,1.0,0.0,12.0,0.0,0.8,0.3,-129.1,-129.1,-129.1,-129.1,1.0,0.0,12.0,0.0,0.8,0.3,0.0,0.0,0.0,0.0,1.0,0.0,12.0,0.0,0.8,0.3,-54.6,-54.6,-54.6,-54.6,1.0,0.0,12.0,0.0,0.8,0.3,0.0,0.0,0.0,0.0,1.0,0.0,12.0,0.0,0.8,0.3,551.5,551.5,551.5,551.5,1.0,0.0,12.0,0.0,0.8,0.3,550.0,550.0,550.0,550.0,1.0,0.0,12.0,0.0,0.8,0.3
1974,2,196.0,7.0,27.8,27.8,27.8,27.8,1.0,0.0,14.0,1.0,1.0,0.1,26.1,26.1,26.1,26.1,1.0,0.0,14.0,1.0,1.0,0.1,16.75,16.75,16.75,16.75,1.0,0.0,14.0,1.0,1.0,0.1,79.1,79.1,79.1,79.1,1.0,0.0,14.0,1.0,0.1,,,,,,,,,,,,,,,,,,,,,,,,,,,,,,,,,,,,,,,,,,,,,,,,,,,,,,,,,,,,,,,,,,,,,,,,,,,,,,,,,,,,,,,,,,,,,,,,,,,,,,,,,,,,,,,,,,,,,,,,,,,,,,,,,,,,,,,,,,,,,,,,,,,,,,,,,,,,,,,,,,,,,,,,,,,,,,,,,,,,,,,,,,,,,,
1974,2,196.0,10.0,26.2,26.25,26.3,26.25,4.0,0.06,20.0,1.0,0.6,0.4,26.45,26.55,26.65,26.55,2.0,0.21,20.0,1.0,0.6,0.4,13.89,14.31,14.73,14.31,2.0,0.87,20.0,1.0,0.6,0.4,64.5,66.1,67.7,66.1,2.0,3.2,20.0,1.0,0.4,8.8,9.0,9.2,9.0,2.0,0.42,20.0,1.0,0.6,0.4,-7.83,-7.36,-6.89,-7.36,2.0,0.98,20.0,1.0,0.6,0.4,-5.44,-5.12,-4.8,-5.12,2.0,0.67,20.0,1.0,0.6,0.4,1010.7,1011.35,1012.0,1011.35,2.0,1.34,20.0,1.0,0.6,0.4,3.3,4.0,4.7,4.0,2.0,1.4,20.0,1.0,0.6,0.4,-72.2,-66.4,-60.7,-66.4,2.0,12.0,20.0,1.0,0.6,0.4,-47.8,-45.9,-44.1,-45.9,2.0,3.8,20.0,1.0,0.6,0.4,-0.44,-0.3,-0.16,-0.3,2.0,0.28,20.0,1.0,0.6,0.4,-3.8,-2.6,-1.5,-2.6,2.0,2.4,20.0,1.0,0.6,0.4,6.57,7.05,7.52,7.05,2.0,0.99,20.0,1.0,0.6,0.4,57.9,63.6,69.4,63.6,2.0,11.9,20.0,1.0,0.6,0.4,-207.1,-195.3,-183.4,-195.3,2.0,24.5,20.0,1.0,0.6,0.4,-145.1,-136.0,-127.0,-136.0,2.0,18.8,20.0,1.0,0.6,0.4,-108.6,-104.9,-101.2,-104.9,2.0,7.7,20.0,1.0,0.6,0.4,-80.3,-73.6,-66.8,-73.6,2.0,14.0,20.0,1.0,0.6,0.4,-59.2,-52.4,-45.5,-52.4,2.0,14.2,20.0,1.0,0.6,0.4,-35.9,-35.8,-35.6,-35.8,2.0,0.4,20.0,1.0,0.6,0.4,681.5,731.5,781.0,731.5,2.0,103.0,20.0,1.0,0.6,0.4,680.0,730.0,780.0,730.0,2.0,105.0,20.0,1.0,0.6,0.4
1974,2,196.0,12.0,25.0,25.0,25.0,25.0,1.0,0.0,16.0,1.0,1.0,0.9,25.1,25.1,25.1,25.1,1.0,0.0,16.0,1.0,1.0,0.9,16.62,16.62,16.62,16.62,1.0,0.0,16.0,1.0,1.0,0.9,84.0,84.0,84.0,84.0,1.0,0.0,16.0,1.0,0.9,12.3,12.3,12.3,12.3,1.0,0.0,16.0,1.0,1.0,0.9,-12.11,-12.11,-12.11,-12.11,1.0,0.0,16.0,1.0,1.0,0.9,-2.14,-2.14,-2.14,-2.14,1.0,0.0,16.0,1.0,1.0,0.9,1016.1,1016.1,1016.1,1016.1,1.0,0.0,16.0,1.0,1.0,0.9,6.0,6.0,6.0,6.0,1.0,0.0,16.0,1.0,1.0,0.9,-149.0,-149.0,-149.0,-149.0,1.0,0.0,16.0,1.0,1.0,0.9,-26.3,-26.3,-26.3,-26.3,1.0,0.0,16.0,1.0,1.0,0.9,-0.1,-0.1,-0.1,-0.1,1.0,0.0,16.0,1.0,1.0,0.9,-1.2,-1.2,-1.2,-1.2,1.0,0.0,16.0,1.0,1.0,0.9,3.1,3.1,3.1,3.1,1.0,0.0,16.0,1.0,1.0,0.9,38.1,38.1,38.1,38.1,1.0,0.0,16.0,1.0,1.0,0.9,-304.0,-304.0,-304.0,-304.0,1.0,0.0,16.0,1.0,1.0,0.9,-53.6,-53.6,-53.6,-53.6,1.0,0.0,16.0,1.0,1.0,0.9,-201.3,-201.3,-201.3,-201.3,1.0,0.0,16.0,1.0,1.0,0.9,-35.5,-35.5,-35.5,-35.5,1.0,0.0,16.0,1.0,1.0,0.9,-37.5,-37.5,-37.5,-37.5,1.0,0.0,16.0,1.0,1.0,0.9,-6.6,-6.6,-6.6,-6.6,1.0,0.0,16.0,1.0,1.0,0.9,1861.0,1861.0,1861.0,1861.0,1.0,0.0,16.0,1.0,1.0,0.9,1860.0,1860.0,1860.0,1860.0,1.0,0.0,16.0,1.0,1.0,0.9
1974,2,196.0,15.0,26.0,26.0,26.34,26.17,3.0,0.29,20.0,0.3,0.6,0.4,24.5,24.7,24.9,24.7,3.0,0.3,20.0,0.3,0.6,0.4,15.94,16.52,16.59,16.27,3.0,0.52,20.0,0.3,0.6,0.4,82.9,83.9,85.3,84.1,3.0,1.8,20.0,0.3,0.4,6.84,9.3,9.3,8.1,3.0,2.08,20.0,0.3,0.6,0.4,-9.16,-9.16,-6.74,-7.98,3.0,2.05,20.0,0.3,0.6,0.4,-0.16,1.61,1.61,0.75,3.0,1.5,20.0,0.3,0.6,0.4,1013.88,1016.0,1016.0,1014.97,3.0,1.79,20.0,0.3,0.6,0.4,2.3,5.0,5.7,4.0,3.0,2.6,20.0,0.3,0.6,0.4,-85.2,-85.2,-48.9,-67.4,3.0,30.7,20.0,0.3,0.6,0.4,0.9,15.0,15.0,8.1,3.0,11.9,20.0,0.3,0.6,0.4,1.1,1.3,1.85,1.47,3.0,0.57,20.0,0.3,0.6,0.4,10.1,12.0,12.1,11.1,3.0,1.6,20.0,0.3,0.6,0.4,4.35,4.42,5.48,4.9,3.0,0.93,20.0,0.3,0.6,0.4,36.0,40.2,40.8,38.4,3.0,3.8,20.0,0.3,0.6,0.4,-228.1,-226.2,-165.3,-197.4,3.0,52.3,20.0,0.3,0.6,0.4,-3.8,39.9,40.2,18.7,3.0,37.1,20.0,0.3,0.6,0.4,-151.9,-151.3,-108.1,-130.5,3.0,36.8,20.0,0.3,0.6,0.4,-2.1,26.7,26.8,12.7,3.0,24.4,20.0,0.3,0.6,0.4,-40.2,-39.6,-35.4,-37.9,3.0,3.8,20.0,0.3,0.6,0.4,-1.8,7.0,7.1,2.7,3.0,7.5,20.0,0.3,0.6,0.4,381.5,804.5,804.5,598.0,3.0,357.5,20.0,0.3,0.6,0.4,380.0,805.0,805.0,600.0,3.0,355.0,20.0,0.3,0.6,0.4
1974,2,196.0,17.0,26.0,26.0,26.0,26.0,1.0,0.0,4.0,0.0,0.5,0.9,24.8,24.8,24.8,24.8,1.0,0.0,4.0,0.0,0.5,0.9,15.26,15.26,15.26,15.26,1.0,0.0,4.0,0.0,0.5,0.9,78.5,78.5,78.5,78.5,1.0,0.0,4.0,0.0,0.9,3.1,3.1,3.1,3.1,1.0,0.0,4.0,0.0,0.5,0.9,-3.05,-3.05,-3.05,-3.05,1.0,0.0,4.0,0.0,0.5,0.9,-0.54,-0.54,-0.54,-0.54,1.0,0.0,4.0,0.0,0.5,0.9,1015.0,1015.0,1015.0,1015.0,1.0,0.0,4.0,0.0,0.5,0.9,2.0,2.0,2.0,2.0,1.0,0.0,4.0,0.0,0.5,0.9,-9.5,-9.5,-9.5,-9.5,1.0,0.0,4.0,0.0,0.5,0.9,-1.7,-1.7,-1.7,-1.7,1.0,0.0,4.0,0.0,0.5,0.9,1.2,1.2,1.2,1.2,1.0,0.0,4.0,0.0,0.5,0.9,3.7,3.7,3.7,3.7,1.0,0.0,4.0,0.0,0.5,0.9,5.7,5.7,5.7,5.7,1.0,0.0,4.0,0.0,0.5,0.9,17.7,17.7,17.7,17.7,1.0,0.0,4.0,0.0,0.5,0.9,-75.7,-75.7,-75.7,-75.7,1.0,0.0,4.0,0.0,0.5,0.9,-13.3,-13.3,-13.3,-13.3,1.0,0.0,4.0,0.0,0.5,0.9,-46.6,-46.6,-46.6,-46.6,1.0,0.0,4.0,0.0,0.5,0.9,-8.2,-8.2,-8.2,-8.2,1.0,0.0,4.0,0.0,0.5,0.9,-17.4,-17.4,-17.4,-17.4,1.0,0.0,4.0,0.0,0.5,0.9,-3.1,-3.1,-3.1,-3.1,1.0,0.0,4.0,0.0,0.5,0.9,30.0,30.0,30.0,30.0,1.0,0.0,4.0,0.0,0.5,0.9,30.0,30.0,30.0,30.0,1.0,0.0,4.0,0.0,0.5,0.9
1974,2,196.0,18.0,25.0,25.0,25.34,25.17,3.0,0.29,22.0,0.7,0.4,0.4,24.18,25.0,25.0,24.6,3.0,0.69,22.0,0.7,0.4,0.4,13.48,14.48,15.03,14.26,3.0,1.15,22.0,0.7,0.4,0.4,69.9,77.5,78.7,74.4,3.0,7.0,22.0,0.7,0.4,8.36,8.7,9.79,9.07,3.0,1.1,22.0,0.7,0.4,0.4,-9.42,-7.53,-7.24,-8.31,3.0,1.74,22.0,0.7,0.4,0.4,1.3,4.1,4.27,2.82,3.0,2.44,22.0,0.7,0.4,0.4,1014.0,1017.0,1017.41,1015.73,3.0,2.73,22.0,0.7,0.4,0.4,1.3,2.0,2.0,1.7,3.0,0.6,22.0,0.7,0.4,0.4,-93.2,-65.5,-60.6,-76.6,3.0,25.8,22.0,0.7,0.4,0.4,10.7,33.6,36.5,23.8,3.0,20.7,22.0,0.7,0.4,0.4,0.16,0.5,0.98,0.57,3.0,0.6,22.0,0.7,0.4,0.4,1.4,4.4,8.1,4.7,3.0,4.9,22.0,0.7,0.4,0.4,5.13,5.21,6.21,5.66,3.0,0.88,22.0,0.7,0.4,0.4,43.2,44.3,61.0,52.0,3.0,14.6,22.0,0.7,0.4,0.4,-235.6,-188.4,-175.2,-205.0,3.0,46.5,22.0,0.7,0.4,0.4,31.0,97.6,105.2,68.8,3.0,59.8,22.0,0.7,0.4,0.4,-128.1,-115.2,-106.8,-117.4,3.0,15.7,22.0,0.7,0.4,0.4,18.8,59.4,64.3,42.0,3.0,36.5,22.0,0.7,0.4,0.4,-59.2,-38.4,-37.4,-48.1,3.0,18.0,22.0,0.7,0.4,0.4,6.8,21.4,21.9,14.5,3.0,12.6,22.0,0.7,0.4,0.4,585.5,658.5,955.0,767.5,3.0,286.5,22.0,0.7,0.4,0.4,585.0,660.0,955.0,770.0,3.0,285.0,22.0,0.7,0.4,0.4
1974,2,196.0,19.0,23.69,25.0,25.54,24.62,5.0,1.16,20.0,0.2,0.6,0.3,23.95,25.05,25.36,24.68,4.0,1.15,20.0,0.0,0.6,0.3,14.37,14.62,15.52,14.93,4.0,0.91,20.0,0.0,0.6,0.3,72.9,76.4,82.0,77.4,4.0,5.6,20.0,0.0,0.3,5.57,6.7,8.15,6.8,5.0,2.2,20.0,0.2,0.6,0.3,-7.66,-6.6,-5.2,-6.39,5.0,2.31,20.0,0.2,0.6,0.3,-0.11,1.16,2.79,1.17,5.0,2.15,20.0,0.2,0.6,0.3,1013.67,1014.2,1016.97,1015.16,5.0,2.09,20.0,0.2,0.6,0.3,1.0,2.0,3.4,2.2,5.0,1.3,20.0,0.2,0.6,0.3,-63.9,-44.2,-31.7,-47.5,5.0,28.6,20.0,0.2,0.6,0.3,1.9,7.8,23.3,11.6,5.0,15.1,20.0,0.2,0.6,0.3,-0.47,-0.05,1.31,0.4,4.0,1.44,20.0,0.0,0.6,0.3,-3.1,-0.3,4.7,0.7,4.0,6.0,20.0,0.0,0.6,0.3,4.39,4.89,5.45,4.92,4.0,0.64,20.0,0.0,0.6,0.3,25.2,30.5,32.9,29.1,4.0,6.2,20.0,0.0,0.6,0.3,-169.6,-165.3,-111.8,-141.8,4.0,52.4,20.0,0.0,0.6,0.3,-14.0,29.1,46.9,17.0,4.0,49.5,20.0,0.0,0.6,0.3,-103.3,-94.9,-66.0,-85.1,4.0,30.5,20.0,0.0,0.6,0.3,-10.0,16.7,29.0,9.9,4.0,31.3,20.0,0.0,0.6,0.3,-32.4,-29.4,-21.8,-27.2,4.0,8.1,20.0,0.0,0.6,0.3,-4.3,5.7,8.4,2.2,4.0,10.4,20.0,0.0,0.6,0.3,208.0,301.0,580.5,392.5,5.0,331.0,20.0,0.2,0.6,0.3,210.0,300.0,580.0,395.0,5.0,330.0,20.0,0.2,0.6,0.3
1974,2,196.0,20.0,24.35,25.35,26.0,25.22,12.0,0.83,14.0,0.3,0.7,0.3,23.45,24.0,24.91,24.01,13.0,1.01,14.0,0.3,0.7,0.3,14.39,15.31,15.91,15.2,11.0,0.7,14.0,0.3,0.7,0.3,78.4,80.4,84.0,81.5,12.0,4.0,14.0,0.3,0.3,3.55,7.2,9.35,6.7,13.0,2.69,14.0,0.3,0.7,0.3,-7.73,-5.9,-3.12,-5.99,13.0,2.6,14.0,0.3,0.7,0.3,-2.7,-1.61,1.1,-0.95,13.0,3.03,14.0,0.3,0.7,0.3,1015.32,1017.8,1019.93,1017.67,12.0,2.02,16.0,0.3,0.7,0.3,1.0,2.0,6.0,3.1,12.0,2.3,14.0,0.3,0.7,0.3,-74.7,-38.1,-11.1,-46.2,13.0,33.8,14.0,0.3,0.7,0.3,-23.7,-5.6,7.0,-7.9,13.0,25.5,14.0,0.3,0.7,0.3,0.2,1.3,2.25,1.33,12.0,1.21,14.0,0.3,0.7,0.3,1.1,6.6,15.6,9.5,12.0,11.0,14.0,0.3,0.7,0.3,3.55,4.52,6.12,4.82,10.0,1.22,16.0,0.2,0.7,0.3,13.0,30.3,38.2,27.9,10.0,12.7,16.0,0.2,0.7,0.3,-178.3,-144.5,-77.1,-143.2,13.0,63.2,14.0,0.3,0.7,0.3,-65.0,-38.0,26.3,-22.3,13.0,70.7,14.0,0.3,0.7,0.3,-125.5,-86.3,-48.7,-89.2,11.0,44.5,14.0,0.3,0.7,0.3,-29.9,-15.2,18.2,-2.3,11.0,35.6,14.0,0.3,0.7,0.3,-37.1,-26.9,-11.4,-25.2,10.0,11.7,16.0,0.2,0.7,0.3,-7.8,-1.8,6.5,2.0,10.0,13.4,16.0,0.2,0.7,0.3,45.0,373.0,817.5,432.5,13.0,415.5,14.0,0.3,0.7,0.3,45.0,375.0,815.0,435.0,13.0,415.0,14.0,0.3,0.7,0.3
1974,2,196.0,21.0,23.8,25.0,26.0,24.75,20.0,1.43,18.0,0.4,0.6,0.5,23.3,24.4,25.0,24.26,20.0,1.16,18.0,0.4,0.6,0.5,14.32,15.4,16.44,15.24,19.0,1.52,16.0,0.3,0.6,0.5,77.9,81.2,84.7,80.5,19.0,8.4,16.0,0.3,0.5,3.27,5.1,8.17,5.61,21.0,2.21,18.0,0.3,0.6,0.5,-7.1,-4.53,-2.56,-4.7,21.0,2.24,18.0,0.3,0.6,0.5,-3.86,0.0,3.55,0.22,21.0,3.12,18.0,0.3,0.6,0.5,1014.43,1016.5,1019.31,1016.68,21.0,2.23,18.0,0.3,0.6,0.5,2.0,4.0,6.8,4.2,21.0,2.0,18.0,0.3,0.6,0.5,-58.2,-20.8,-8.6,-30.8,21.0,22.8,18.0,0.3,0.6,0.5,-22.4,0.0,16.2,-0.1,21.0,21.5,18.0,0.3,0.6,0.5,-1.09,0.0,1.99,0.49,20.0,1.99,18.0,0.4,0.6,0.5,-4.2,0.0,14.4,3.7,20.0,12.7,18.0,0.4,0.6,0.5,2.36,3.3,6.32,4.15,19.0,2.58,16.0,0.3,0.6,0.5,8.3,19.5,40.4,22.5,19.0,16.2,16.0,0.3,0.6,0.5,-173.2,-117.5,-58.7,-115.4,20.0,53.3,18.0,0.4,0.6,0.5,-99.4,-8.5,86.6,2.6,20.0,75.4,18.0,0.4,0.6,0.5,-111.4,-69.8,-32.1,-71.9,19.0,37.1,16.0,0.3,0.6,0.5,-56.2,0.0,53.1,2.6,19.0,47.8,16.0,0.3,0.6,0.5,-31.6,-16.9,-5.8,-17.8,19.0,12.7,16.0,0.3,0.6,0.5,-8.4,1.1,18.7,2.6,19.0,17.0,16.0,0.3,0.6,0.5,36.5,132.5,544.5,254.0,21.0,228.0,18.0,0.3,0.6,0.5,35.0,135.0,545.0,255.0,21.0,230.0,18.0,0.3,0.6,0.5
1974,2,196.0,22.0,23.19,24.5,25.37,24.27,13.0,1.44,18.0,0.7,0.6,0.4,23.14,23.4,25.27,23.78,13.0,1.59,18.0,0.7,0.6,0.4,12.88,13.68,14.07,13.51,10.0,0.69,16.0,0.6,0.6,0.4,67.2,74.2,76.4,74.0,10.0,7.4,16.0,0.6,0.4,5.0,7.7,9.85,7.32,13.0,2.63,18.0,0.7,0.6,0.4,-9.83,-6.3,-2.05,-6.24,13.0,3.19,18.0,0.7,0.6,0.4,-3.87,0.0,2.4,-0.16,13.0,3.54,18.0,0.7,0.6,0.4,1014.68,1015.5,1019.64,1016.55,13.0,2.42,18.0,0.7,0.6,0.4,1.0,3.0,6.0,3.5,13.0,2.4,18.0,0.7,0.6,0.4,-96.8,-51.3,-12.4,-52.7,13.0,39.0,18.0,0.7,0.6,0.4,-20.1,0.0,8.9,-0.8,13.0,29.9,18.0,0.7,0.6,0.4,-1.73,0.8,2.5,0.48,13.0,2.31,18.0,0.7,0.6,0.4,-6.8,4.9,23.5,5.2,13.0,16.6,18.0,0.7,0.6,0.4,3.85,5.42,7.28,5.43,10.0,1.71,16.0,0.6,0.6,0.4,20.8,39.7,66.5,42.5,10.0,26.6,16.0,0.6,0.6,0.4,-215.9,-158.1,-48.0,-148.1,13.0,75.1,18.0,0.7,0.6,0.4,-90.2,0.0,58.6,-2.2,13.0,85.2,18.0,0.7,0.6,0.4,-120.1,-91.9,-22.8,-79.4,10.0,44.2,16.0,0.6,0.6,0.4,-51.2,0.0,45.3,0.2,10.0,54.3,16.0,0.6,0.6,0.4,-65.8,-30.0,-10.5,-35.3,10.0,28.8,16.0,0.6,0.6,0.4,-27.2,0.0,14.2,-4.6,10.0,21.8,16.0,0.6,0.6,0.4,126.5,456.5,955.5,532.5,13.0,483.0,18.0,0.7,0.6,0.4,125.0,455.0,955.0,530.0,13.0,485.0,18.0,0.7,0.6,0.4
1974,2,196.0,23.0,23.06,23.5,25.22,24.04,5.0,1.18,16.0,0.6,0.5,0.4,21.67,22.5,22.61,22.18,5.0,0.67,16.0,0.6,0.5,0.4,11.92,13.73,15.07,13.51,4.0,1.94,12.0,0.5,0.6,0.4,75.0,82.4,89.4,82.2,4.0,8.8,12.0,0.5,0.4,2.6,5.7,8.2,5.46,5.0,2.8,16.0,0.6,0.5,0.4,-8.2,-1.67,-0.3,-3.63,5.0,4.27,16.0,0.6,0.5,0.4,-0.73,0.0,3.6,1.21,5.0,2.92,16.0,0.6,0.5,0.4,1014.55,1019.0,1020.62,1017.88,5.0,3.41,16.0,0.6,0.5,0.4,0.6,2.0,4.0,2.2,5.0,1.8,16.0,0.6,0.5,0.4,-67.2,-5.6,-1.9,-28.4,5.0,35.6,16.0,0.6,0.5,0.4,-1.9,0.0,15.7,6.6,5.0,14.8,16.0,0.6,0.5,0.4,0.82,1.1,3.2,1.86,5.0,1.43,16.0,0.6,0.5,0.4,2.3,5.7,26.3,13.0,5.0,13.7,16.0,0.6,0.5,0.4,2.61,3.78,6.73,4.63,4.0,2.77,12.0,0.5,0.6,0.4,9.7,13.2,43.2,25.8,4.0,29.3,12.0,0.5,0.6,0.4,-178.1,-36.8,-6.8,-79.8,5.0,93.9,16.0,0.6,0.5,0.4,-16.0,0.0,81.0,27.5,5.0,65.4,16.0,0.6,0.5,0.4,-58.0,-18.4,-0.5,-28.7,4.0,44.2,12.0,0.5,0.6,0.4,-13.4,17.9,62.5,24.3,4.0,48.7,12.0,0.5,0.6,0.4,-40.3,-5.2,0.1,-19.4,4.0,33.7,12.0,0.5,0.6,0.4,-5.0,3.4,10.5,2.8,4.0,10.0,12.0,0.5,0.6,0.4,17.5,185.0,551.5,264.5,5.0,270.5,16.0,0.6,0.5,0.4,20.0,185.0,550.0,265.0,5.0,270.0,16.0,0.6,0.5,0.4
1974,2,196.0,24.0,21.53,22.0,22.94,22.23,4.0,1.13,12.0,0.5,0.8,0.5,19.43,22.5,24.13,21.86,5.0,3.43,14.0,0.4,0.7,0.4,11.33,13.3,14.3,12.83,5.0,1.7,14.0,0.4,0.7,0.4,68.6,79.1,89.9,79.3,5.0,10.8,14.0,0.4,0.4,4.1,8.2,11.53,8.22,5.0,4.65,14.0,0.4,0.7,0.4,-11.1,-8.08,-3.59,-7.74,5.0,4.57,14.0,0.4,0.7,0.4,-3.6,-1.61,-1.42,-2.47,5.0,1.64,14.0,0.4,0.7,0.4,1012.5,1019.0,1023.1,1017.48,5.0,9.35,14.0,0.4,0.7,0.4,2.0,4.0,6.1,4.2,5.0,2.5,14.0,0.4,0.7,0.4,-135.5,-66.2,-14.7,-80.6,5.0,85.5,14.0,0.4,0.7,0.4,-39.2,-11.7,-9.0,-24.9,5.0,31.6,14.0,0.4,0.7,0.4,-3.1,0.0,1.16,-0.92,4.0,2.9,12.0,0.5,0.8,0.5,-23.4,0.0,12.4,-5.2,4.0,25.9,12.0,0.5,0.8,0.5,1.73,3.44,4.73,3.24,4.0,1.8,12.0,0.5,0.8,0.5,9.5,14.1,48.7,28.4,4.0,32.1,12.0,0.5,0.8,0.5,-252.7,-153.0,-77.7,-168.5,5.0,104.5,14.0,0.4,0.7,0.4,-81.8,-37.2,-28.5,-54.5,5.0,38.1,14.0,0.4,0.7,0.4,-144.0,-94.9,-48.5,-99.1,5.0,60.8,14.0,0.4,0.7,0.4,-45.5,-20.5,-18.8,-31.7,5.0,22.1,14.0,0.4,0.7,0.4,-44.2,-11.7,-9.1,-26.0,4.0,30.5,12.0,0.5,0.8,0.5,-19.3,-7.6,-2.4,-10.7,4.0,11.2,12.0,0.5,0.8,0.5,69.0,551.5,1844.5,1029.0,5.0,1500.5,14.0,0.4,0.7,0.4,70.0,550.0,1845.0,1030.0,5.0,1500.0,14.0,0.4,0.7,0.4
1974,2,196.0,25.0,22.29,22.9,23.17,22.73,3.0,0.67,22.0,0.3,0.7,0.3,19.3,21.2,24.05,21.65,4.0,2.83,18.0,0.5,0.6,0.5,12.77,15.31,16.04,14.43,3.0,2.52,22.0,0.3,0.7,0.3,83.4,83.4,86.5,84.9,3.0,2.7,22.0,0.3,0.3,1.71,5.9,10.66,6.18,4.0,5.6,18.0,0.5,0.6,0.5,-7.13,-2.95,-0.86,-3.95,4.0,4.3,18.0,0.5,0.6,0.5,-4.34,1.56,5.2,0.48,4.0,6.53,18.0,0.5,0.6,0.5,1008.33,1018.0,1018.76,1013.75,4.0,9.19,18.0,0.5,0.6,0.5,2.5,3.5,5.6,4.0,4.0,2.2,18.0,0.5,0.6,0.5,-82.8,-20.0,-3.1,-41.9,4.0,58.9,18.0,0.5,0.6,0.5,-56.0,5.6,35.9,-9.4,4.0,69.8,18.0,0.5,0.6,0.5,-1.75,-1.0,2.34,0.27,3.0,3.19,22.0,0.3,0.7,0.3,-8.0,-7.6,31.9,11.5,3.0,33.6,22.0,0.3,0.7,0.3,0.98,1.08,4.54,2.72,3.0,2.97,22.0,0.3,0.7,0.3,5.1,8.8,56.9,30.5,3.0,42.3,22.0,0.3,0.7,0.3,-145.3,-69.6,-21.4,-82.8,4.0,82.2,18.0,0.5,0.6,0.5,-84.3,39.0,122.7,20.1,4.0,137.9,18.0,0.5,0.6,0.5,-98.1,-62.8,-40.1,-68.9,3.0,42.8,22.0,0.3,0.7,0.3,-49.4,51.1,90.4,21.3,3.0,105.6,22.0,0.3,0.7,0.3,-42.9,-4.4,-2.5,-22.3,3.0,33.3,22.0,0.3,0.7,0.3,-33.9,2.9,6.2,-13.5,3.0,32.6,22.0,0.3,0.7,0.3,22.0,299.0,1387.0,686.0,4.0,1005.0,18.0,0.5,0.6,0.5,20.0,300.0,1385.0,685.0,4.0,1005.0,18.0,0.5,0.6,0.5
1974,2,196.0,26.0,21.84,22.75,24.29,23.05,4.0,1.52,16.0,0.5,0.6,0.5,20.55,20.8,21.31,20.93,4.0,0.5,16.0,0.5,0.6,0.5,11.54,12.61,13.42,12.48,3.0,1.38,16.0,0.7,0.5,0.7,77.5,84.0,85.5,81.5,3.0,6.3,16.0,0.7,0.7,2.95,6.2,10.23,6.58,4.0,5.69,16.0,0.5,0.6,0.5,-9.43,-2.37,3.2,-3.08,4.0,8.35,16.0,0.5,0.6,0.5,-1.26,0.54,2.6,0.66,4.0,2.65,16.0,0.5,0.6,0.5,1016.38,1018.4,1020.79,1018.58,4.0,2.61,16.0,0.5,0.6,0.5,2.9,5.5,7.0,5.0,4.0,2.9,16.0,0.5,0.6,0.5,-113.7,-14.7,19.8,-45.5,4.0,100.4,16.0,0.5,0.6,0.5,-17.6,3.3,16.1,-0.5,4.0,24.4,16.0,0.5,0.6,0.5,0.72,2.2,3.52,2.13,4.0,1.72,16.0,0.5,0.6,0.5,0.3,12.7,33.7,16.8,4.0,20.2,16.0,0.5,0.6,0.5,2.79,3.79,5.88,4.32,3.0,2.31,16.0,0.7,0.5,0.7,4.6,14.4,69.6,36.6,3.0,51.4,16.0,0.7,0.5,0.7,-195.9,-51.3,67.2,-63.7,4.0,172.7,16.0,0.5,0.6,0.5,-25.9,11.3,55.9,14.8,4.0,56.3,16.0,0.5,0.6,0.5,-124.0,-65.5,-20.8,-72.2,3.0,75.8,16.0,0.7,0.5,0.7,-18.2,0.0,37.5,9.4,3.0,41.6,16.0,0.7,0.5,0.7,-67.6,-11.0,-3.5,-35.0,3.0,51.3,16.0,0.7,0.5,0.7,-11.3,0.0,6.3,-2.4,3.0,13.1,16.0,0.7,0.5,0.7,113.5,238.5,1520.5,790.5,4.0,1268.5,16.0,0.5,0.6,0.5,115.0,240.0,1520.0,790.0,4.0,1270.0,16.0,0.5,0.6,0.5
1974,2,196.0,27.0,19.0,20.5,21.81,20.44,5.0,1.43,14.0,0.2,0.3,0.4,20.45,21.0,23.0,21.23,7.0,1.32,10.0,0.3,0.4,0.4,10.16,13.34,13.58,12.18,6.0,2.14,12.0,0.3,0.3,0.4,68.8,76.7,89.4,77.6,6.0,11.1,12.0,0.3,0.4,3.08,5.1,6.9,5.43,7.0,2.73,10.0,0.3,0.4,0.4,-6.77,-3.91,-0.79,-3.36,7.0,4.68,10.0,0.3,0.4,0.4,-3.3,-0.8,1.22,-0.91,7.0,2.41,10.0,0.3,0.4,0.4,1016.68,1018.0,1023.06,1019.13,7.0,4.17,10.0,0.3,0.4,0.4,6.0,6.0,7.0,6.4,7.0,1.0,10.0,0.3,0.4,0.4,-47.3,-19.9,-2.1,-26.5,7.0,42.0,10.0,0.3,0.4,0.4,-17.8,-3.7,5.9,-7.3,7.0,16.9,10.0,0.3,0.4,0.4,-1.5,-1.0,0.75,-0.48,5.0,1.19,14.0,0.2,0.3,0.4,-8.1,-5.1,5.1,-1.9,5.0,8.3,14.0,0.2,0.3,0.4,1.48,3.08,4.29,2.97,5.0,2.26,14.0,0.2,0.3,0.4,4.6,14.2,35.0,21.1,5.0,27.0,14.0,0.2,0.3,0.4,-138.3,-82.0,-16.9,-70.0,7.0,94.2,10.0,0.3,0.4,0.4,-69.0,-16.4,25.2,-17.5,7.0,50.8,10.0,0.3,0.4,0.4,-87.2,-42.0,-1.7,-37.8,6.0,53.2,12.0,0.3,0.3,0.4,-33.3,1.6,18.7,-3.7,6.0,27.9,12.0,0.3,0.3,0.4,-33.3,-2.5,5.1,-13.6,5.0,30.0,14.0,0.2,0.3,0.4,-12.8,-2.5,1.0,-5.9,5.0,10.3,14.0,0.2,0.3,0.4,29.0,132.5,346.5,281.5,7.0,441.5,10.0,0.3,0.4,0.4,30.0,135.0,345.0,280.0,7.0,440.0,10.0,0.3,0.4,0.4
1974,2,196.0,28.0,19.0,20.0,21.74,20.34,11.0,1.51,10.0,0.6,0.5,0.6,18.72,21.0,22.05,20.68,12.0,1.59,10.0,0.6,0.6,0.6,10.09,13.6,14.16,12.38,11.0,2.37,10.0,0.5,0.6,0.6,69.4,86.7,91.1,82.0,11.0,11.5,10.0,0.5,0.6,3.22,5.1,6.58,4.88,12.0,1.99,10.0,0.6,0.6,0.6,-4.82,-3.69,-0.11,-2.56,12.0,3.4,10.0,0.6,0.6,0.6,-1.0,1.8,4.25,1.81,12.0,2.75,10.0,0.6,0.6,0.6,1016.35,1018.05,1026.25,1019.78,12.0,4.9,10.0,0.6,0.6,0.6,2.7,7.0,8.0,5.9,12.0,2.8,10.0,0.6,0.6,0.6,-26.6,-16.8,0.4,-13.8,12.0,23.1,10.0,0.6,0.6,0.6,-5.9,7.6,24.9,10.6,12.0,17.1,10.0,0.6,0.6,0.6,-1.41,-0.2,0.54,-0.27,11.0,1.53,10.0,0.6,0.5,0.6,-6.9,-1.0,2.5,-1.3,11.0,7.8,10.0,0.6,0.5,0.6,0.68,2.6,4.35,2.62,10.0,1.76,10.0,0.6,0.5,0.6,3.7,13.1,28.3,15.4,10.0,13.3,10.0,0.6,0.5,0.6,-96.0,-79.4,-2.1,-51.2,12.0,68.8,10.0,0.6,0.6,0.6,-20.8,34.9,94.0,37.3,12.0,57.0,10.0,0.6,0.6,0.6,-57.4,-40.0,4.0,-26.5,11.0,37.2,10.0,0.5,0.6,0.6,-4.1,23.1,59.4,25.5,11.0,34.0,10.0,0.5,0.6,0.6,-16.2,-3.6,-1.0,-7.4,10.0,15.5,10.0,0.6,0.5,0.6,-2.2,2.7,15.9,6.0,10.0,10.2,10.0,0.6,0.5,0.6,37.0,132.5,294.0,166.0,12.0,152.0,10.0,0.6,0.6,0.6,35.0,135.0,295.0,165.0,12.0,150.0,10.0,0.6,0.6,0.6
1974,2,196.0,29.0,18.63,19.4,20.22,19.4,5.0,0.99,12.0,0.4,0.4,0.2,17.79,18.45,19.44,18.53,6.0,1.08,12.0,0.3,0.5,0.2,10.95,11.64,12.14,11.52,6.0,0.71,12.0,0.3,0.5,0.2,82.3,86.9,93.3,87.7,6.0,5.9,12.0,0.3,0.2,3.0,5.65,9.38,6.52,6.0,4.16,12.0,0.3,0.5,0.2,-7.68,-4.19,-1.36,-4.59,6.0,5.22,12.0,0.3,0.5,0.2,-4.86,-0.77,2.59,-0.84,6.0,3.86,12.0,0.3,0.5,0.2,1018.16,1019.3,1023.59,1020.42,6.0,2.73,12.0,0.3,0.5,0.2,7.4,8.0,8.0,7.5,6.0,1.2,12.0,0.3,0.5,0.2,-78.4,-21.7,-2.6,-45.0,6.0,70.7,12.0,0.3,0.5,0.2,-47.9,-2.5,15.1,-13.1,6.0,34.4,12.0,0.3,0.5,0.2,0.67,1.0,1.65,1.16,5.0,0.9,12.0,0.4,0.4,0.2,2.2,6.8,18.4,11.0,5.0,14.4,12.0,0.4,0.4,0.2,1.57,2.33,3.35,2.51,5.0,1.21,12.0,0.4,0.4,0.2,10.3,13.8,31.9,21.7,5.0,23.0,12.0,0.4,0.4,0.2,-135.9,-79.0,-23.8,-82.8,6.0,94.4,12.0,0.3,0.5,0.2,-86.4,-13.4,49.4,-12.8,6.0,70.2,12.0,0.3,0.5,0.2,-84.0,-50.3,-17.1,-51.3,6.0,55.3,12.0,0.3,0.5,0.2,-51.5,-9.4,30.5,-8.6,6.0,42.8,12.0,0.3,0.5,0.2,-29.9,-10.5,0.4,-15.8,5.0,25.1,12.0,0.4,0.4,0.2,-13.4,-2.8,7.5,-3.2,5.0,12.8,12.0,0.4,0.4,0.2,27.5,185.5,992.0,609.0,6.0,1036.0,12.0,0.3,0.5,0.2,25.0,185.0,990.0,610.0,6.0,1035.0,12.0,0.3,0.5,0.2
1974,2,196.0,30.0,17.8,18.8,20.57,19.04,10.0,1.41,14.0,0.6,0.7,0.4,17.33,19.4,20.53,18.85,11.0,1.9,14.0,0.5,0.7,0.4,10.5,12.72,13.56,11.94,11.0,2.24,14.0,0.5,0.7,0.4,84.2,90.0,97.0,88.0,11.0,11.1,14.0,0.5,0.4,3.39,7.7,9.71,6.97,11.0,3.31,14.0,0.5,0.7,0.4,-5.54,-1.74,3.1,-1.81,11.0,5.71,14.0,0.5,0.7,0.4,-3.22,2.63,6.46,1.61,11.0,5.05,14.0,0.5,0.7,0.4,1016.86,1020.0,1023.41,1019.74,11.0,3.51,14.0,0.5,0.7,0.4,5.2,7.0,8.0,6.5,11.0,1.7,14.0,0.5,0.7,0.4,-49.3,-4.8,24.3,-17.2,11.0,62.0,14.0,0.5,0.7,0.4,-15.1,12.8,53.0,11.5,11.0,43.0,14.0,0.5,0.7,0.4,-1.43,-0.25,2.53,0.4,10.0,2.63,14.0,0.6,0.7,0.4,-6.5,-1.3,26.3,6.6,10.0,26.1,14.0,0.6,0.7,0.4,0.28,1.34,4.28,1.98,10.0,2.53,14.0,0.6,0.7,0.4,1.8,4.1,38.3,17.7,10.0,31.8,14.0,0.6,0.7,0.4,-105.5,-33.8,48.0,-33.3,11.0,98.0,14.0,0.5,0.7,0.4,-60.7,51.4,126.9,35.9,11.0,93.1,14.0,0.5,0.7,0.4,-66.2,-20.9,31.0,-15.9,11.0,58.0,14.0,0.5,0.7,0.4,-41.0,37.1,79.9,23.1,11.0,61.8,14.0,0.5,0.7,0.4,-7.8,-0.9,4.2,-6.7,10.0,32.8,14.0,0.6,0.7,0.4,-7.8,0.0,3.9,-4.2,10.0,14.7,14.0,0.6,0.7,0.4,39.5,456.5,923.5,552.0,11.0,634.5,14.0,0.5,0.7,0.4,40.0,455.0,925.0,550.0,11.0,635.0,14.0,0.5,0.7,0.4
1974,2,196.0,31.0,17.17,17.9,18.7,17.96,19.0,1.08,10.0,0.4,0.7,0.5,16.29,18.0,19.06,17.84,19.0,1.62,10.0,0.4,0.7,0.4,10.59,10.96,12.49,11.26,18.0,1.29,10.0,0.4,0.7,0.5,76.9,92.9,95.3,89.6,18.0,9.0,10.0,0.4,0.5,2.62,5.1,8.19,5.81,20.0,2.89,10.0,0.4,0.7,0.5,-1.98,1.28,3.14,1.09,20.0,3.18,10.0,0.4,0.7,0.5,-3.54,3.91,7.1,2.21,20.0,5.22,10.0,0.4,0.7,0.5,1016.51,1019.2,1020.69,1019.23,20.0,3.37,10.0,0.4,0.7,0.5,2.0,7.5,8.0,5.9,18.0,2.8,10.0,0.4,0.7,0.4,-8.9,6.8,19.1,10.7,20.0,28.5,10.0,0.4,0.7,0.5,-14.5,19.9,58.1,22.2,20.0,43.8,10.0,0.4,0.7,0.5,-0.86,0.55,1.38,0.17,18.0,1.56,10.0,0.4,0.7,0.5,-5.7,1.6,7.6,-1.6,18.0,13.1,10.0,0.4,0.7,0.5,0.5,1.54,2.64,1.47,18.0,1.32,10.0,0.4,0.7,0.5,1.7,6.2,13.9,6.9,18.0,10.2,10.0,0.4,0.7,0.5,-36.1,23.3,58.0,21.5,19.0,60.1,10.0,0.4,0.7,0.4,-60.3,75.8,135.5,49.6,19.0,95.5,10.0,0.4,0.7,0.4,-24.1,13.7,32.9,9.9,18.0,32.3,10.0,0.4,0.7,0.5,-39.4,43.1,91.5,29.4,18.0,62.8,10.0,0.4,0.7,0.5,-5.9,0.5,3.5,-0.7,18.0,6.3,10.0,0.4,0.7,0.5,-8.8,1.3,12.5,0.4,18.0,10.7,10.0,0.4,0.7,0.5,18.5,132.5,550.0,345.5,20.0,494.0,10.0,0.4,0.7,0.5,20.0,135.0,550.0,345.0,20.0,495.0,10.0,0.4,0.7,0.5
1974,2,196.0,32.0,17.0,18.0,18.51,17.7,10.0,0.9,12.0,0.8,0.5,0.4,16.59,17.8,19.82,17.81,11.0,1.74,12.0,0.7,0.5,0.4,9.23,10.46,11.88,10.28,11.0,1.77,12.0,0.7,0.5,0.4,67.3,86.0,91.4,81.5,11.0,12.0,12.0,0.7,0.4,4.1,6.7,12.43,7.93,10.0,3.94,12.0,0.8,0.6,0.4,-11.08,-4.75,-1.83,-5.3,10.0,5.67,12.0,0.8,0.6,0.4,0.0,1.7,6.19,2.44,10.0,3.92,12.0,0.8,0.6,0.4,1018.09,1022.1,1025.41,1021.6,11.0,4.21,12.0,0.7,0.5,0.4,6.0,7.5,8.0,6.9,10.0,1.6,10.0,0.7,0.6,0.4,-137.0,-32.2,-6.1,-57.5,10.0,69.8,12.0,0.8,0.6,0.4,0.0,6.2,59.5,21.7,10.0,41.8,12.0,0.8,0.6,0.4,-2.79,0.05,1.61,-0.18,10.0,2.2,12.0,0.8,0.5,0.4,-19.3,0.0,5.7,-2.6,9.0,22.4,12.0,0.9,0.6,0.4,0.26,1.73,4.17,2.24,10.0,2.16,12.0,0.8,0.5,0.4,2.1,8.6,47.9,22.3,9.0,29.4,12.0,0.9,0.6,0.4,-176.6,-93.1,-32.0,-94.0,10.0,94.4,12.0,0.8,0.6,0.4,0.0,30.8,114.7,45.3,10.0,76.7,12.0,0.8,0.6,0.4,-77.7,-56.1,-20.4,-49.1,10.0,53.8,12.0,0.8,0.6,0.4,0.0,18.9,55.5,23.8,10.0,40.0,12.0,0.8,0.6,0.4,-36.0,-6.4,0.1,-17.1,9.0,29.5,12.0,0.9,0.6,0.4,-0.1,1.5,14.8,8.0,9.0,12.5,12.0,0.9,0.6,0.4,69.0,306.0,1931.0,838.5,10.0,896.5,12.0,0.8,0.6,0.4,70.0,305.0,1930.0,840.0,10.0,895.0,12.0,0.8,0.6,0.4
1974,2,196.0,33.0,16.01,16.85,17.62,16.76,8.0,0.84,12.0,0.5,0.6,0.4,15.26,17.0,18.0,16.7,10.0,1.5,14.0,0.6,0.6,0.4,8.63,10.17,11.84,9.84,7.0,1.99,12.0,0.4,0.7,0.4,72.7,88.9,93.9,83.8,7.0,13.7,12.0,0.4,0.4,4.73,6.2,10.56,7.08,9.0,3.6,14.0,0.6,0.6,0.4,-0.33,1.25,4.11,1.47,9.0,4.37,14.0,0.6,0.6,0.4,-1.86,3.52,9.69,3.93,9.0,5.51,14.0,0.6,0.6,0.4,1012.79,1023.0,1025.73,1020.73,9.0,7.36,14.0,0.6,0.6,0.4,6.4,7.0,8.0,6.8,10.0,1.5,14.0,0.6,0.6,0.4,-0.9,9.0,21.0,14.8,9.0,46.4,14.0,0.6,0.6,0.4,-9.5,16.2,115.5,40.7,9.0,62.6,14.0,0.6,0.6,0.4,-0.98,-0.05,0.5,0.01,8.0,1.5,12.0,0.5,0.6,0.4,-6.9,0.2,6.8,0.6,8.0,8.9,12.0,0.5,0.6,0.4,0.38,1.86,3.29,1.96,7.0,1.69,12.0,0.4,0.7,0.4,2.8,12.1,25.7,13.9,7.0,9.9,12.0,0.4,0.7,0.4,-5.8,20.3,59.0,20.3,9.0,75.0,14.0,0.6,0.6,0.4,-26.1,52.9,159.3,67.7,9.0,92.0,14.0,0.6,0.6,0.4,-4.1,13.2,41.2,11.0,7.0,53.1,12.0,0.4,0.7,0.4,-22.4,57.8,109.8,47.7,7.0,65.0,12.0,0.4,0.7,0.4,-0.1,0.3,16.5,6.5,7.0,9.0,12.0,0.4,0.7,0.4,-8.7,2.0,12.5,2.6,7.0,13.6,12.0,0.4,0.7,0.4,107.0,238.5,1300.5,632.5,9.0,914.5,14.0,0.6,0.6,0.4,105.0,240.0,1300.0,635.0,9.0,915.0,14.0,0.6,0.6,0.4
1974,2,196.0,34.0,14.21,15.85,17.29,15.85,10.0,1.39,12.0,0.6,0.5,0.5,13.12,16.0,17.88,15.52,11.0,2.45,12.0,0.6,0.5,0.5,6.82,9.84,11.15,9.09,10.0,2.27,12.0,0.6,0.5,0.5,66.7,82.8,93.3,81.7,10.0,13.4,12.0,0.6,0.5,3.48,5.1,9.48,6.72,11.0,3.88,12.0,0.6,0.5,0.5,-5.41,-1.4,4.56,0.07,11.0,6.86,12.0,0.6,0.5,0.5,-1.99,1.74,5.03,1.48,11.0,3.9,12.0,0.6,0.5,0.5,1012.43,1023.7,1027.35,1021.36,11.0,6.92,12.0,0.6,0.5,0.5,2.6,7.0,8.0,5.8,11.0,2.6,12.0,0.6,0.5,0.5,-35.6,-5.2,47.0,17.1,11.0,85.0,12.0,0.6,0.5,0.5,-8.0,8.9,33.8,10.7,11.0,29.5,12.0,0.6,0.5,0.5,-1.67,-0.4,2.06,0.18,10.0,2.28,12.0,0.6,0.5,0.5,-8.8,-2.0,17.2,3.0,10.0,17.7,12.0,0.6,0.5,0.5,0.31,1.29,4.21,2.03,10.0,1.94,12.0,0.6,0.5,0.5,1.0,7.3,41.8,19.1,10.0,21.7,12.0,0.6,0.5,0.5,-78.7,-23.8,81.1,5.1,11.0,100.4,12.0,0.6,0.5,0.5,-29.9,31.0,87.9,29.8,11.0,62.4,12.0,0.6,0.5,0.5,-42.7,-7.5,45.9,-0.9,10.0,51.9,12.0,0.6,0.5,0.5,-15.9,30.7,48.0,20.7,10.0,36.2,12.0,0.6,0.5,0.5,-18.2,0.0,22.2,3.0,10.0,27.0,12.0,0.6,0.5,0.5,-4.0,0.3,7.4,0.4,10.0,11.8,12.0,0.6,0.5,0.5,47.5,132.5,919.5,631.0,11.0,1083.5,12.0,0.6,0.5,0.5,50.0,135.0,920.0,630.0,11.0,1085.0,12.0,0.6,0.5,0.5
1974,2,196.0,35.0,18.0,18.0,18.0,18.0,1.0,0.0,14.0,1.0,0.6,0.0,17.0,17.0,17.0,17.0,2.0,0.0,20.0,1.0,0.7,0.4,8.96,9.7,10.44,9.7,2.0,1.54,20.0,1.0,0.7,0.4,75.1,81.0,87.0,81.0,2.0,12.3,20.0,1.0,0.4,6.86,7.2,7.54,7.2,2.0,0.71,20.0,1.0,0.7,0.4,-4.35,0.49,5.33,0.49,2.0,10.03,20.0,1.0,0.7,0.4,1.19,1.25,1.31,1.25,2.0,0.12,20.0,1.0,0.7,0.4,1014.43,1017.5,1020.57,1017.5,2.0,6.36,20.0,1.0,0.7,0.4,6.2,6.5,6.8,6.5,2.0,0.7,20.0,1.0,0.7,0.4,-27.9,7.1,42.1,7.1,2.0,72.5,20.0,1.0,0.7,0.4,8.2,9.0,9.9,9.0,2.0,1.8,20.0,1.0,0.7,0.4,1.0,1.0,1.0,1.0,1.0,0.0,14.0,1.0,0.6,0.0,7.7,7.7,7.7,7.7,1.0,0.0,14.0,1.0,0.6,0.0,2.04,2.04,2.04,2.04,1.0,0.0,14.0,1.0,0.6,0.0,15.7,15.7,15.7,15.7,1.0,0.0,14.0,1.0,0.6,0.0,-73.9,8.4,90.7,8.4,2.0,170.5,20.0,1.0,0.7,0.4,20.2,21.3,22.3,21.3,2.0,2.1,20.0,1.0,0.7,0.4,-34.8,12.5,59.8,12.5,2.0,98.0,20.0,1.0,0.7,0.4,10.7,12.2,13.7,12.2,2.0,3.1,20.0,1.0,0.7,0.4,15.4,15.4,15.4,15.4,1.0,0.0,14.0,1.0,0.6,0.0,2.7,2.7,2.7,2.7,1.0,0.0,14.0,1.0,0.6,0.0,325.5,378.5,432.0,378.5,2.0,110.0,20.0,1.0,0.7,0.4,325.0,380.0,430.0,380.0,2.0,110.0,20.0,1.0,0.7,0.4
1974,2,196.0,36.0,13.48,14.1,15.0,14.13,6.0,0.79,14.0,0.5,0.6,0.5,14.31,15.05,16.21,15.15,6.0,1.29,14.0,0.5,0.6,0.5,8.57,9.82,10.29,9.39,5.0,1.55,14.0,0.4,0.6,0.4,83.3,89.7,94.2,88.0,5.0,9.2,14.0,0.4,0.4,3.5,4.6,7.55,5.57,6.0,2.85,14.0,0.5,0.6,0.5,-0.16,1.96,4.53,2.14,6.0,2.5,14.0,0.5,0.6,0.5,2.09,4.53,6.0,4.14,6.0,3.6,14.0,0.5,0.6,0.5,1017.31,1021.65,1024.8,1020.83,6.0,5.38,14.0,0.5,0.6,0.5,1.3,5.0,6.7,4.2,5.0,3.2,16.0,0.4,0.5,0.5,-0.8,7.4,34.9,16.4,6.0,23.6,14.0,0.5,0.6,0.5,6.3,20.8,48.1,30.0,6.0,37.4,14.0,0.5,0.6,0.5,-2.0,-0.95,-0.39,-1.02,6.0,0.91,14.0,0.5,0.6,0.5,-11.8,-4.6,-1.9,-6.9,6.0,8.0,14.0,0.5,0.6,0.5,-0.36,0.13,1.34,0.52,5.0,1.36,14.0,0.4,0.6,0.4,-2.5,0.6,4.7,1.4,5.0,5.3,14.0,0.4,0.6,0.4,-2.4,26.6,70.6,33.1,6.0,40.2,14.0,0.5,0.6,0.5,34.5,67.0,94.3,66.1,6.0,58.5,14.0,0.5,0.6,0.5,-2.8,7.8,34.4,15.8,5.0,25.8,14.0,0.4,0.6,0.4,15.3,43.7,64.9,41.5,5.0,40.2,14.0,0.4,0.6,0.4,-0.7,-0.1,3.2,1.4,5.0,4.2,14.0,0.4,0.6,0.4,-3.7,-1.9,0.9,-1.6,5.0,2.6,14.0,0.4,0.6,0.4,43.0,97.5,499.0,305.5,6.0,477.5,14.0,0.5,0.6,0.5,45.0,95.0,500.0,305.0,6.0,480.0,14.0,0.5,0.6,0.5
1974,2,196.0,37.0,12.13,13.5,14.0,13.14,5.0,0.97,12.0,0.0,0.4,0.2,9.43,13.0,13.55,11.64,5.0,3.03,12.0,0.0,0.4,0.2,3.7,7.79,8.47,6.39,5.0,2.85,12.0,0.0,0.4,0.2,49.8,79.0,90.0,71.8,5.0,23.7,12.0,0.0,0.2,6.97,11.8,13.81,10.7,5.0,3.94,12.0,0.0,0.4,0.2,0.42,5.9,12.11,6.25,5.0,6.9,12.0,0.0,0.4,0.2,-4.64,4.95,5.55,0.7,5.0,7.86,12.0,0.0,0.4,0.2,1014.59,1018.0,1025.79,1020.02,5.0,7.19,12.0,0.0,0.4,0.2,0.6,3.0,6.1,3.4,5.0,3.2,12.0,0.0,0.4,0.2,-3.5,45.4,163.2,77.1,5.0,105.0,12.0,0.0,0.4,0.2,-59.8,30.5,49.6,-5.1,5.0,92.1,12.0,0.0,0.4,0.2,0.13,1.0,2.64,1.5,5.0,2.32,12.0,0.0,0.4,0.2,2.7,7.7,35.7,19.4,5.0,29.5,12.0,0.0,0.4,0.2,1.36,1.82,4.95,2.93,5.0,2.26,12.0,0.0,0.4,0.2,8.3,21.0,70.5,36.3,5.0,34.1,12.0,0.0,0.4,0.2,12.5,76.7,146.2,78.4,5.0,75.0,12.0,0.0,0.4,0.2,-31.1,64.3,77.1,26.7,5.0,70.2,12.0,0.0,0.4,0.2,7.9,54.8,72.5,42.6,5.0,36.1,12.0,0.0,0.4,0.2,-11.3,42.8,46.0,20.8,5.0,34.8,12.0,0.0,0.4,0.2,-2.8,3.7,35.2,15.3,5.0,30.0,12.0,0.0,0.4,0.2,-28.9,3.1,10.0,-11.1,5.0,38.2,12.0,0.0,0.4,0.2,357.5,1643.0,2696.5,1616.5,5.0,1398.0,12.0,0.0,0.4,0.2,355.0,1645.0,2695.0,1615.0,5.0,1400.0,12.0,0.0,0.4,0.2
1974,2,196.0,38.0,12.63,13.4,14.05,13.38,5.0,1.08,16.0,0.6,0.4,0.5,7.9,11.1,13.67,10.8,4.0,3.8,16.0,0.5,0.3,0.7,5.32,6.91,7.59,6.47,4.0,1.66,16.0,0.5,0.3,0.7,73.8,78.7,85.1,79.4,4.0,7.0,16.0,0.5,0.7,11.3,13.9,16.71,14.18,5.0,3.22,16.0,0.6,0.4,0.5,-6.94,4.75,5.41,-0.67,5.0,10.5,16.0,0.6,0.4,0.5,-3.57,11.3,13.58,5.81,5.0,10.43,16.0,0.6,0.4,0.5,1015.28,1021.5,1027.4,1021.4,5.0,6.19,16.0,0.6,0.4,0.5,5.4,7.0,7.5,6.5,4.0,1.7,16.0,0.5,0.3,0.7,-131.8,63.8,71.6,-30.0,5.0,187.6,16.0,0.6,0.4,0.5,-40.4,127.7,196.6,84.3,5.0,137.5,16.0,0.6,0.4,0.5,-0.21,2.1,4.57,2.18,4.0,3.15,16.0,0.5,0.3,0.7,-5.6,35.3,62.7,28.8,4.0,41.8,16.0,0.5,0.3,0.7,1.95,2.45,3.56,2.74,4.0,1.21,16.0,0.5,0.3,0.7,25.6,37.6,49.6,37.6,4.0,13.9,16.0,0.5,0.3,0.7,-99.5,17.0,57.5,-19.3,4.0,118.3,16.0,0.5,0.3,0.7,-30.8,68.9,179.4,74.1,4.0,126.0,16.0,0.5,0.3,0.7,-66.0,11.7,33.0,-15.2,4.0,75.8,16.0,0.5,0.3,0.7,-21.1,40.6,99.0,39.0,4.0,71.6,16.0,0.5,0.3,0.7,-25.6,4.3,17.2,-3.8,4.0,31.8,16.0,0.5,0.3,0.7,-22.8,11.7,24.9,1.5,4.0,32.3,16.0,0.5,0.3,0.7,1443.0,2685.5,4823.5,3216.5,5.0,2238.0,16.0,0.6,0.4,0.5,1445.0,2685.0,4825.0,3215.0,5.0,2240.0,16.0,0.6,0.4,0.5
1974,2,196.0,39.0,10.92,11.7,12.92,11.82,6.0,0.97,16.0,0.7,0.5,0.5,10.34,12.4,13.05,11.73,6.0,2.17,16.0,0.7,0.5,0.5,5.84,7.06,8.18,6.96,5.0,1.84,14.0,0.8,0.5,0.6,71.8,76.3,86.1,79.0,5.0,13.0,14.0,0.8,0.6,8.39,13.4,19.73,13.8,6.0,5.46,16.0,0.7,0.5,0.5,-2.48,6.4,11.04,5.23,6.0,6.93,16.0,0.7,0.5,0.5,-7.0,1.49,18.12,3.63,6.0,12.72,16.0,0.7,0.5,0.5,1003.15,1009.45,1020.83,1011.8,6.0,10.98,16.0,0.7,0.5,0.5,3.8,7.0,8.0,6.2,6.0,2.1,16.0,0.7,0.5,0.5,-36.6,52.2,197.1,69.2,6.0,114.0,16.0,0.7,0.5,0.5,-65.4,12.9,368.9,94.0,6.0,224.2,16.0,0.7,0.5,0.5,-1.57,-0.45,2.39,0.08,6.0,2.57,16.0,0.7,0.5,0.5,-31.5,-3.7,21.8,-5.7,6.0,40.0,16.0,0.7,0.5,0.5,-0.01,1.36,3.0,1.52,5.0,1.87,14.0,0.8,0.5,0.6,0.1,11.8,40.2,18.6,5.0,25.6,14.0,0.8,0.5,0.6,-22.8,74.5,151.2,68.4,6.0,88.1,16.0,0.7,0.5,0.5,-68.6,17.9,246.6,61.9,6.0,151.4,16.0,0.7,0.5,0.5,-17.3,55.7,85.3,38.2,5.0,56.0,14.0,0.8,0.5,0.6,-19.2,20.3,150.5,56.0,5.0,96.4,14.0,0.8,0.5,0.6,-2.1,3.7,18.7,7.9,5.0,15.3,14.0,0.8,0.5,0.6,-27.6,0.0,4.9,-11.1,5.0,25.0,14.0,0.8,0.5,0.6,599.5,2416.0,7689.0,3670.0,6.0,3549.0,16.0,0.7,0.5,0.5,600.0,2415.0,7690.0,3670.0,6.0,3550.0,16.0,0.7,0.5,0.5
1974,2,196.0,40.0,10.0,11.0,11.73,11.0,5.0,1.22,16.0,0.0,0.7,0.3,7.95,9.5,11.57,9.91,7.0,2.16,18.0,0.1,0.7,0.2,5.55,5.98,6.67,6.16,5.0,0.88,16.0,0.0,0.7,0.3,74.7,86.1,88.3,82.4,5.0,7.8,16.0,0.0,0.3,4.96,7.7,9.44,7.56,7.0,3.23,18.0,0.1,0.7,0.2,-1.88,2.1,7.92,1.83,7.0,5.63,18.0,0.1,0.7,0.2,-2.87,0.0,9.17,1.37,7.0,6.27,18.0,0.1,0.7,0.2,1003.4,1009.0,1027.12,1012.09,7.0,12.49,18.0,0.1,0.7,0.2,3.8,4.0,8.0,5.1,7.0,3.0,18.0,0.1,0.7,0.2,-17.0,4.4,72.4,16.6,7.0,52.7,18.0,0.1,0.7,0.2,-22.1,0.0,86.6,19.9,7.0,61.2,18.0,0.1,0.7,0.2,0.13,1.1,2.41,1.32,5.0,1.68,16.0,0.0,0.7,0.3,0.0,8.4,12.1,6.7,5.0,8.4,16.0,0.0,0.7,0.3,1.63,2.01,2.33,2.01,5.0,0.49,16.0,0.0,0.7,0.3,8.6,11.6,19.0,13.3,5.0,6.1,16.0,0.0,0.7,0.3,-22.8,14.7,91.1,22.1,7.0,57.6,18.0,0.1,0.7,0.2,-23.3,0.0,108.9,22.4,7.0,69.4,18.0,0.1,0.7,0.2,4.4,26.7,53.8,28.2,5.0,27.9,16.0,0.0,0.7,0.3,-22.7,0.0,37.9,7.1,5.0,43.2,16.0,0.0,0.7,0.3,3.0,9.6,14.7,8.8,5.0,7.3,16.0,0.0,0.7,0.3,-6.4,0.0,9.7,1.4,5.0,10.3,16.0,0.0,0.7,0.3,127.0,456.5,855.0,625.5,7.0,611.0,18.0,0.1,0.7,0.2,125.0,455.0,855.0,625.0,7.0,610.0,18.0,0.1,0.7,0.2
1974,2,196.0,41.0,10.13,10.4,10.67,10.4,2.0,0.57,24.0,0.0,0.6,0.6,7.77,9.7,10.95,9.38,4.0,1.91,22.0,0.3,0.6,0.5,4.79,6.05,6.77,5.79,4.0,1.44,22.0,0.3,0.6,0.5,69.5,82.0,87.4,78.6,4.0,11.8,22.0,0.3,0.5,8.99,11.6,14.69,11.83,4.0,3.33,22.0,0.3,0.6,0.5,0.0,1.59,8.69,4.22,4.0,6.49,22.0,0.3,0.6,0.5,-12.21,-5.56,3.43,-4.44,4.0,10.26,22.0,0.3,0.6,0.5,1005.69,1024.25,1029.81,1018.05,4.0,17.08,22.0,0.3,0.6,0.5,1.0,2.0,4.6,2.8,4.0,2.4,22.0,0.3,0.6,0.5,0.0,14.8,113.8,55.0,4.0,91.3,22.0,0.3,0.6,0.5,-160.3,-54.6,26.6,-66.3,4.0,131.8,22.0,0.3,0.6,0.5,-0.48,0.65,1.78,0.65,2.0,2.33,24.0,0.0,0.6,0.6,-8.5,3.1,14.6,3.1,2.0,24.0,24.0,0.0,0.6,0.6,1.43,1.68,1.93,1.68,2.0,0.52,24.0,0.0,0.6,0.6,17.8,18.0,18.1,18.0,2.0,0.3,24.0,0.0,0.6,0.6,0.0,17.3,95.4,46.3,4.0,71.4,22.0,0.3,0.6,0.5,-92.5,-50.3,37.3,-28.6,4.0,89.3,22.0,0.3,0.6,0.5,0.0,11.5,55.8,27.1,4.0,40.4,22.0,0.3,0.6,0.5,-55.1,-33.0,26.0,-15.4,4.0,55.8,22.0,0.3,0.6,0.5,2.8,9.0,15.1,9.0,2.0,12.7,24.0,0.0,0.6,0.6,-15.4,-10.5,-5.5,-10.5,2.0,10.3,24.0,0.0,0.6,0.6,728.0,1745.0,3192.0,1950.0,4.0,1463.0,22.0,0.3,0.6,0.5,730.0,1745.0,3190.0,1950.0,4.0,1465.0,22.0,0.3,0.6,0.5
1974,2,196.0,42.0,9.51,10.0,10.22,9.88,5.0,0.58,20.0,0.6,0.6,0.4,6.9,8.0,9.51,8.01,7.0,1.66,16.0,0.4,0.6,0.5,4.64,5.4,6.29,5.35,6.0,1.16,20.0,0.5,0.6,0.4,72.0,81.8,87.6,79.8,6.0,9.8,20.0,0.5,0.4,5.03,7.2,10.92,8.16,7.0,3.39,16.0,0.4,0.6,0.5,-0.08,3.69,6.93,3.73,7.0,4.05,16.0,0.4,0.6,0.5,-9.67,1.74,3.04,-1.63,7.0,7.31,16.0,0.4,0.6,0.5,1003.53,1013.0,1028.22,1015.94,7.0,13.15,16.0,0.4,0.6,0.5,0.0,6.0,8.0,4.3,7.0,3.5,16.0,0.4,0.6,0.5,-0.8,24.4,53.0,34.6,7.0,50.7,16.0,0.4,0.6,0.5,-95.3,8.9,22.4,-14.9,7.0,77.4,16.0,0.4,0.6,0.5,0.63,2.0,3.6,2.16,5.0,1.9,20.0,0.6,0.6,0.4,2.3,14.4,37.1,19.4,5.0,20.3,20.0,0.6,0.6,0.4,1.2,1.68,3.3,2.17,5.0,1.31,20.0,0.6,0.6,0.4,4.8,12.1,34.1,18.4,5.0,16.1,20.0,0.6,0.6,0.4,-0.4,28.8,56.2,34.2,7.0,36.0,16.0,0.4,0.6,0.5,-51.8,17.1,27.5,-4.9,7.0,56.2,16.0,0.4,0.6,0.5,-1.2,16.3,37.5,19.3,6.0,22.8,20.0,0.5,0.6,0.4,-40.7,-10.5,23.3,-7.5,6.0,38.5,20.0,0.5,0.6,0.4,-2.5,3.3,6.2,2.1,5.0,6.3,20.0,0.6,0.6,0.4,-32.7,-12.1,2.3,-15.0,5.0,18.9,20.0,0.6,0.6,0.4,128.5,373.0,1314.5,790.5,7.0,835.5,16.0,0.4,0.6,0.5,130.0,375.0,1315.0,790.0,7.0,835.0,16.0,0.4,0.6,0.5
1974,2,196.0,43.0,6.66,7.0,8.37,7.5,3.0,1.32,10.0,0.7,0.5,0.6,6.86,9.2,9.76,8.35,4.0,2.28,8.0,0.8,0.4,0.6,5.76,6.01,6.27,6.01,2.0,0.52,8.0,0.5,0.7,0.5,78.3,82.9,87.5,82.9,2.0,9.6,8.0,0.5,0.5,8.96,10.05,13.55,11.2,4.0,3.65,8.0,0.8,0.4,0.6,4.84,7.25,12.55,8.63,4.0,5.59,8.0,0.8,0.4,0.6,0.0,3.75,8.64,4.3,4.0,5.04,8.0,0.8,0.4,0.6,995.33,1000.75,1003.55,999.5,4.0,5.49,8.0,0.8,0.4,0.6,1.0,2.5,4.6,2.8,4.0,2.5,8.0,0.8,0.4,0.6,48.4,64.5,174.6,109.4,4.0,109.4,8.0,0.8,0.4,0.6,0.0,36.8,87.3,43.3,4.0,51.1,8.0,0.8,0.4,0.6,-1.8,-0.5,1.21,-0.3,3.0,2.21,10.0,0.7,0.5,0.6,-15.1,-5.1,20.9,2.7,3.0,27.2,10.0,0.7,0.5,0.6,-0.04,0.6,1.24,0.6,2.0,1.33,8.0,0.5,0.7,0.5,0.1,6.5,12.9,6.5,2.0,13.2,8.0,0.5,0.7,0.5,47.5,68.0,78.0,63.0,4.0,21.2,8.0,0.8,0.4,0.6,0.0,37.5,83.9,41.8,4.0,48.7,8.0,0.8,0.4,0.6,25.0,36.1,47.2,36.1,2.0,22.9,8.0,0.5,0.7,0.5,8.7,27.3,46.0,27.3,2.0,38.6,8.0,0.5,0.7,0.5,-1.5,1.3,4.1,1.3,2.0,5.8,8.0,0.5,0.7,0.5,2.4,7.4,12.5,7.4,2.0,10.5,8.0,0.5,0.7,0.5,737.0,1017.0,2873.5,1769.5,4.0,1829.5,8.0,0.8,0.4,0.6,735.0,1015.0,2875.0,1770.0,4.0,1830.0,8.0,0.8,0.4,0.6
1974,2,196.0,44.0,7.16,7.5,7.84,7.5,2.0,0.71,10.0,1.0,0.4,0.5,6.4,7.25,8.1,7.25,2.0,1.77,10.0,1.0,0.4,0.5,4.73,5.49,6.25,5.49,2.0,1.58,10.0,1.0,0.4,0.5,78.4,84.8,91.1,84.8,2.0,13.1,10.0,1.0,0.5,12.79,13.85,14.91,13.85,2.0,2.19,10.0,1.0,0.4,0.5,11.08,11.99,12.91,11.99,2.0,1.9,10.0,1.0,0.4,0.5,6.4,6.93,7.45,6.93,2.0,1.1,10.0,1.0,0.4,0.5,993.52,1000.0,1006.48,1000.0,2.0,13.44,10.0,1.0,0.4,0.5,5.5,6.5,7.5,6.5,2.0,2.1,10.0,1.0,0.4,0.5,142.8,168.2,193.6,168.2,2.0,52.6,10.0,1.0,0.4,0.5,82.5,97.1,111.8,97.1,2.0,30.4,10.0,1.0,0.4,0.5,-0.26,0.25,0.76,0.25,2.0,1.06,10.0,1.0,0.4,0.5,-4.5,2.3,9.1,2.3,2.0,14.1,10.0,1.0,0.4,0.5,0.45,1.01,1.58,1.01,2.0,1.17,10.0,1.0,0.4,0.5,6.0,12.7,19.5,12.7,2.0,14.0,10.0,1.0,0.4,0.5,71.8,88.6,105.5,88.6,2.0,35.0,10.0,1.0,0.4,0.5,41.4,51.2,60.9,51.2,2.0,20.2,10.0,1.0,0.4,0.5,53.2,67.4,81.5,67.4,2.0,29.3,10.0,1.0,0.4,0.5,30.7,38.9,47.1,38.9,2.0,16.9,10.0,1.0,0.4,0.5,5.2,11.0,16.9,11.0,2.0,12.1,10.0,1.0,0.4,0.5,3.0,6.4,9.8,6.4,2.0,7.0,10.0,1.0,0.4,0.5,2145.0,2756.5,3368.0,2756.5,2.0,1266.5,10.0,1.0,0.4,0.5,2145.0,2755.0,3370.0,2755.0,2.0,1265.0,10.0,1.0,0.4,0.5
1974,2,196.0,45.0,5.63,7.0,8.22,7.04,5.0,1.87,12.0,0.8,0.6,0.3,7.27,8.0,9.18,8.1,5.0,1.34,12.0,0.8,0.6,0.3,5.51,5.91,6.35,5.89,5.0,0.57,12.0,0.8,0.6,0.3,83.9,85.8,89.7,86.8,5.0,4.5,12.0,0.8,0.3,8.99,10.3,12.63,11.27,6.0,5.46,10.0,0.7,0.6,0.4,-0.36,5.28,12.51,6.76,6.0,8.86,10.0,0.7,0.6,0.4,-6.02,0.89,4.92,0.12,6.0,6.98,10.0,0.7,0.6,0.4,989.14,1001.8,1008.02,999.02,6.0,10.8,10.0,0.7,0.6,0.4,3.3,5.0,8.0,5.4,5.0,2.6,10.0,0.6,0.6,0.3,-3.6,52.1,179.2,109.6,6.0,182.6,10.0,0.7,0.6,0.4,-40.7,9.2,50.7,6.1,6.0,67.9,10.0,0.7,0.6,0.4,-2.92,-2.0,0.83,-1.06,5.0,3.03,12.0,0.8,0.6,0.3,-46.6,-20.6,0.9,-24.1,5.0,38.9,12.0,0.8,0.6,0.3,-0.19,0.0,1.0,0.44,5.0,1.25,12.0,0.8,0.6,0.3,-3.7,0.0,5.2,0.8,5.0,8.2,12.0,0.8,0.6,0.3,3.4,77.4,122.5,71.7,5.0,78.6,12.0,0.8,0.6,0.3,-11.0,14.3,53.6,22.0,5.0,47.6,12.0,0.8,0.6,0.3,2.8,59.0,86.2,50.7,5.0,52.1,12.0,0.8,0.6,0.3,-9.1,10.4,38.1,14.6,5.0,33.1,12.0,0.8,0.6,0.3,-3.7,0.0,0.9,-1.5,5.0,4.6,12.0,0.8,0.6,0.3,-5.0,0.0,0.2,-2.6,5.0,6.0,12.0,0.8,0.6,0.3,821.0,1092.5,2948.0,2415.0,6.0,3773.0,10.0,0.7,0.6,0.4,820.0,1095.0,2950.0,2415.0,6.0,3775.0,10.0,0.7,0.6,0.4
1974,2,196.0,46.0,6.05,6.55,7.26,6.65,4.0,0.72,18.0,0.5,0.7,0.4,2.74,4.6,7.67,5.18,4.0,3.03,18.0,0.5,0.7,0.4,2.79,4.41,6.03,4.41,4.0,1.88,18.0,0.5,0.7,0.4,61.6,77.7,92.2,76.9,4.0,18.5,18.0,0.5,0.4,11.73,14.9,17.02,14.4,4.0,3.82,18.0,0.5,0.7,0.4,-5.91,4.05,5.1,-0.2,4.0,9.36,18.0,0.5,0.7,0.4,-14.02,-2.4,10.39,-1.84,4.0,14.1,18.0,0.5,0.7,0.4,996.99,1016.0,1028.99,1013.13,4.0,19.61,18.0,0.5,0.7,0.4,6.0,6.0,7.4,6.7,3.0,1.2,18.0,0.3,0.5,0.6,-123.3,50.3,76.3,-20.1,4.0,162.9,18.0,0.5,0.7,0.4,-209.5,-56.8,153.9,-29.1,4.0,215.4,18.0,0.5,0.7,0.4,-0.83,1.45,3.79,1.48,4.0,2.76,18.0,0.5,0.7,0.4,-15.0,22.6,55.9,20.6,4.0,42.5,18.0,0.5,0.7,0.4,0.19,1.64,3.11,1.65,4.0,1.68,18.0,0.5,0.7,0.4,2.7,24.1,46.4,24.5,4.0,25.2,18.0,0.5,0.7,0.4,-61.0,14.1,17.9,-19.9,4.0,71.8,18.0,0.5,0.7,0.4,-38.9,10.2,81.9,21.0,4.0,72.2,18.0,0.5,0.7,0.4,-39.9,14.2,16.8,-10.4,4.0,52.1,18.0,0.5,0.7,0.4,-39.1,6.7,63.1,11.7,4.0,59.4,18.0,0.5,0.7,0.4,-1.4,7.8,15.9,7.3,4.0,10.0,18.0,0.5,0.7,0.4,-43.6,-20.0,2.0,-20.7,4.0,26.3,18.0,0.5,0.7,0.4,1843.0,3319.0,5056.0,3443.5,4.0,2277.5,18.0,0.5,0.7,0.4,1845.0,3320.0,5055.0,3445.0,4.0,2275.0,18.0,0.5,0.7,0.4
1974,2,196.0,47.0,5.0,5.5,7.05,6.0,4.0,1.41,12.0,1.0,0.4,0.5,2.9,5.0,7.62,5.25,4.0,3.69,12.0,1.0,0.4,0.5,3.6,4.82,5.0,4.32,4.0,1.15,12.0,1.0,0.4,0.5,65.3,75.5,89.3,77.2,4.0,14.1,12.0,1.0,0.5,8.21,9.3,12.44,10.3,3.0,3.22,16.0,1.0,0.5,0.5,5.29,6.67,11.03,8.13,3.0,4.39,16.0,1.0,0.5,0.5,-7.01,-4.75,1.12,-2.99,3.0,6.15,16.0,1.0,0.5,0.5,995.43,1011.0,1026.83,1011.13,4.0,18.14,12.0,1.0,0.4,0.5,6.0,7.0,7.5,6.8,4.0,1.3,12.0,1.0,0.4,0.5,45.8,51.3,140.2,92.0,3.0,77.6,16.0,1.0,0.5,0.5,-72.1,-66.1,-0.7,-37.1,3.0,58.0,16.0,1.0,0.5,0.5,-1.05,0.5,2.57,0.75,4.0,2.5,12.0,1.0,0.4,0.5,4.4,13.9,29.8,17.0,3.0,18.8,16.0,1.0,0.5,0.5,0.78,1.25,2.23,1.5,4.0,0.92,12.0,1.0,0.4,0.5,7.6,10.9,20.6,14.0,3.0,10.0,16.0,1.0,0.5,0.5,13.8,33.3,55.2,34.4,3.0,30.3,16.0,1.0,0.5,0.5,-18.8,-8.1,10.6,-4.2,3.0,21.8,16.0,1.0,0.5,0.5,18.2,31.3,54.0,36.0,3.0,26.5,16.0,1.0,0.5,0.5,-22.7,-21.0,5.7,-8.8,3.0,23.3,16.0,1.0,0.5,0.5,6.8,10.2,11.8,9.4,3.0,3.7,16.0,1.0,0.5,0.5,-16.1,-3.7,0.9,-7.5,3.0,12.8,16.0,1.0,0.5,0.5,567.0,804.5,2088.5,1315.5,3.0,1199.0,16.0,1.0,0.5,0.5,565.0,805.0,2090.0,1315.0,3.0,1200.0,16.0,1.0,0.5,0.5
1974,2,196.0,48.0,4.56,5.25,6.0,5.48,8.0,1.03,16.0,0.6,0.6,0.5,1.76,4.5,6.52,3.5,7.0,3.37,16.0,0.6,0.5,0.4,3.56,4.16,4.83,4.25,7.0,1.14,16.0,0.6,0.5,0.4,80.0,85.0,92.3,85.3,7.0,10.0,16.0,0.6,0.4,10.41,12.15,15.68,12.61,8.0,3.37,16.0,0.6,0.6,0.5,-1.65,6.68,9.58,5.09,8.0,5.39,16.0,0.6,0.6,0.5,-13.6,-4.84,5.24,-3.91,8.0,10.82,16.0,0.6,0.6,0.5,991.5,1018.75,1021.89,1009.95,8.0,15.68,16.0,0.6,0.6,0.5,5.0,5.0,8.0,5.9,7.0,1.6,18.0,0.6,0.6,0.5,-24.1,84.2,124.1,64.2,8.0,67.4,16.0,0.6,0.6,0.5,-212.3,-49.8,59.2,-63.2,8.0,162.4,16.0,0.6,0.6,0.5,-0.02,1.0,3.29,2.04,7.0,3.27,16.0,0.6,0.5,0.4,-0.3,11.3,36.3,29.1,7.0,51.7,16.0,0.6,0.5,0.4,0.41,1.34,1.84,1.4,7.0,0.96,16.0,0.6,0.5,0.4,3.1,17.5,21.3,17.7,7.0,15.4,16.0,0.6,0.5,0.4,-17.2,13.3,45.4,16.3,7.0,35.2,16.0,0.6,0.5,0.4,-20.2,12.8,43.9,17.0,7.0,43.6,16.0,0.6,0.5,0.4,-12.8,21.2,44.4,19.2,7.0,25.2,16.0,0.6,0.5,0.4,-37.2,0.0,28.5,0.5,7.0,46.3,16.0,0.6,0.5,0.4,-0.8,6.0,19.9,8.3,7.0,11.0,16.0,0.6,0.5,0.4,-18.4,0.0,3.6,-9.0,7.0,17.6,16.0,0.6,0.5,0.4,1131.5,1820.0,3871.5,2386.0,8.0,1779.5,16.0,0.6,0.6,0.5,1130.0,1820.0,3870.0,2385.0,8.0,1780.0,16.0,0.6,0.6,0.5
1974,2,196.0,49.0,4.0,4.0,4.55,4.27,3.0,0.46,14.0,0.3,0.8,0.4,0.63,4.0,5.0,3.0,5.0,2.35,14.0,0.4,0.7,0.4,3.52,4.2,4.88,4.2,4.0,0.82,16.0,0.5,0.7,0.5,83.5,88.8,96.5,90.0,4.0,8.0,16.0,0.5,0.5,8.4,12.9,18.18,12.96,5.0,5.59,14.0,0.4,0.7,0.4,-8.0,3.91,9.35,0.69,5.0,11.68,14.0,0.4,0.7,0.4,-7.26,0.0,8.84,0.37,5.0,10.2,14.0,0.4,0.7,0.4,988.56,1005.0,1019.07,1004.72,5.0,16.7,14.0,0.4,0.7,0.4,3.5,8.0,8.0,6.0,5.0,3.1,14.0,0.4,0.7,0.4,-136.7,19.9,131.9,-6.3,5.0,200.6,14.0,0.4,0.7,0.4,-106.4,0.0,103.1,-9.4,5.0,158.2,14.0,0.4,0.7,0.4,-0.75,-0.2,1.98,0.6,3.0,2.12,14.0,0.3,0.8,0.4,-4.1,-2.1,37.2,16.1,3.0,34.1,14.0,0.3,0.8,0.4,0.37,0.45,1.28,0.82,3.0,0.74,14.0,0.3,0.8,0.4,2.6,3.4,22.2,12.2,3.0,16.2,14.0,0.3,0.8,0.4,-3.3,11.9,26.8,12.4,5.0,18.7,14.0,0.4,0.7,0.4,-15.0,0.0,39.6,10.7,5.0,29.9,14.0,0.4,0.7,0.4,-27.0,28.6,39.8,7.4,4.0,51.3,16.0,0.5,0.7,0.5,-31.7,-7.6,17.8,-7.0,4.0,33.5,16.0,0.5,0.7,0.5,2.0,2.6,14.4,8.1,3.0,10.2,14.0,0.3,0.8,0.4,-16.6,-1.5,1.0,-7.6,3.0,14.0,14.0,0.3,0.8,0.4,742.0,2146.5,6014.5,3107.0,5.0,2813.0,14.0,0.4,0.7,0.4,740.0,2145.0,6015.0,3105.0,5.0,2815.0,14.0,0.4,0.7,0.4
1974,2,196.0,50.0,4.14,4.35,6.29,5.18,4.0,1.89,10.0,0.8,0.4,0.4,3.15,3.6,5.05,4.08,4.0,1.35,10.0,0.8,0.4,0.4,3.64,3.83,4.65,4.14,3.0,0.78,4.0,1.0,0.4,0.5,75.9,80.1,84.0,79.9,3.0,5.9,4.0,1.0,0.5,5.53,8.9,15.83,10.6,4.0,6.63,10.0,0.8,0.4,0.4,5.0,8.36,14.88,9.87,4.0,6.34,10.0,0.8,0.4,0.4,-3.33,-0.25,4.47,0.53,4.0,4.84,10.0,0.8,0.4,0.4,999.74,1000.45,1015.52,1007.3,4.0,14.35,10.0,0.8,0.4,0.4,2.4,5.0,7.0,4.8,4.0,3.0,10.0,0.8,0.4,0.4,27.9,82.3,249.5,136.1,4.0,155.3,10.0,0.8,0.4,0.4,-31.1,-0.3,74.0,20.4,4.0,77.1,10.0,0.8,0.4,0.4,0.57,1.2,1.62,1.1,4.0,0.82,10.0,0.8,0.4,0.4,2.9,6.7,23.9,13.1,4.0,17.6,10.0,0.8,0.4,0.4,1.47,1.68,1.7,1.59,3.0,0.18,4.0,1.0,0.4,0.5,8.4,8.6,25.4,16.7,3.0,14.3,4.0,1.0,0.4,0.5,15.7,30.9,78.7,46.5,4.0,44.4,10.0,0.8,0.4,0.4,-12.3,-0.9,24.0,5.5,4.0,24.8,10.0,0.8,0.4,0.4,17.6,21.6,69.7,43.1,3.0,42.5,4.0,1.0,0.4,0.5,-3.7,7.9,25.4,10.8,3.0,21.4,4.0,1.0,0.4,0.5,7.5,7.8,23.7,15.5,3.0,13.6,4.0,1.0,0.4,0.5,-2.0,2.8,8.6,3.3,3.0,7.8,4.0,1.0,0.4,0.5,172.5,929.5,4667.0,2351.5,4.0,3446.0,10.0,0.8,0.4,0.4,170.0,930.0,4665.0,2350.0,4.0,3445.0,10.0,0.8,0.4,0.4
1974,2,196.0,51.0,3.08,3.5,4.0,3.64,9.0,0.62,14.0,0.6,0.7,0.3,2.4,4.5,5.87,3.7,9.0,2.89,10.0,0.4,0.6,0.4,4.67,4.92,5.05,4.86,4.0,0.24,6.0,0.8,0.6,0.6,85.4,85.8,86.4,85.9,4.0,0.8,6.0,0.8,0.6,8.41,10.05,18.5,13.0,10.0,5.88,10.0,0.5,0.6,0.4,-2.33,5.09,8.0,3.5,10.0,6.48,10.0,0.5,0.6,0.4,-15.84,-0.35,9.03,-1.97,10.0,12.74,10.0,0.5,0.6,0.4,986.59,997.5,1023.33,1003.55,11.0,16.84,12.0,0.5,0.6,0.3,6.3,8.0,8.0,6.7,9.0,2.6,12.0,0.3,0.7,0.3,-24.2,37.1,154.5,47.7,10.0,110.5,10.0,0.5,0.6,0.4,-290.2,-0.7,87.5,-61.4,10.0,233.7,10.0,0.5,0.6,0.4,-1.05,-1.0,2.22,0.36,7.0,2.98,12.0,0.6,0.7,0.3,-16.8,-10.0,24.1,14.4,6.0,66.6,10.0,0.7,0.7,0.4,0.38,0.44,0.44,0.41,3.0,0.05,4.0,1.0,0.7,0.5,3.8,4.3,7.0,5.4,3.0,2.5,4.0,1.0,0.7,0.5,-28.0,14.8,25.5,1.4,8.0,33.9,8.0,0.5,0.6,0.4,-5.7,39.0,67.1,32.3,8.0,42.1,8.0,0.5,0.6,0.4,-38.1,-5.9,19.5,-9.1,4.0,33.9,6.0,0.8,0.6,0.6,0.2,42.3,64.6,32.8,4.0,48.4,6.0,0.8,0.6,0.6,-3.7,-2.8,0.0,-1.9,3.0,2.8,4.0,1.0,0.7,0.5,-1.2,3.4,5.9,2.4,3.0,5.3,4.0,1.0,0.7,0.5,597.5,1017.0,6331.5,3496.0,10.0,4044.0,10.0,0.5,0.6,0.4,595.0,1015.0,6330.0,3495.0,10.0,4045.0,10.0,0.5,0.6,0.4
1974,2,196.0,52.0,2.42,4.25,5.0,4.07,12.0,1.29,12.0,0.3,0.5,0.3,-0.83,2.75,4.94,1.93,14.0,3.17,12.0,0.3,0.5,0.3,3.09,4.0,4.73,3.88,12.0,0.93,12.0,0.3,0.5,0.4,76.9,91.8,100.0,88.2,12.0,10.3,12.0,0.3,0.4,5.83,10.3,12.99,10.19,14.0,3.61,12.0,0.3,0.5,0.3,-8.97,0.27,5.63,-0.85,14.0,7.68,12.0,0.3,0.5,0.3,-8.7,-3.26,10.15,-1.22,14.0,7.97,12.0,0.3,0.5,0.3,989.41,1000.0,1020.64,1001.58,14.0,13.55,12.0,0.3,0.5,0.3,6.7,8.0,8.0,7.5,12.0,1.0,10.0,0.3,0.5,0.4,-84.6,3.0,43.6,-20.5,14.0,97.8,12.0,0.3,0.5,0.3,-80.9,-24.8,113.4,-9.4,14.0,97.6,12.0,0.3,0.5,0.3,-0.08,1.25,4.73,1.82,12.0,2.63,12.0,0.3,0.5,0.3,-0.7,10.3,48.7,16.8,12.0,29.5,12.0,0.3,0.5,0.3,0.2,0.8,1.95,1.07,11.0,0.92,10.0,0.3,0.6,0.4,2.5,9.0,15.9,9.5,11.0,8.7,10.0,0.3,0.6,0.4,-22.8,-9.9,15.8,-8.2,14.0,25.2,12.0,0.3,0.5,0.3,-13.5,3.9,44.3,12.8,14.0,29.7,12.0,0.3,0.5,0.3,-44.3,-0.3,18.9,-10.3,12.0,31.8,12.0,0.3,0.5,0.4,-24.9,-12.8,48.7,0.0,12.0,35.3,12.0,0.3,0.5,0.4,-3.6,3.1,8.9,2.3,11.0,6.7,10.0,0.3,0.6,0.4,-11.7,-0.2,4.5,-4.3,11.0,10.1,10.0,0.3,0.6,0.4,202.5,1123.5,2194.0,1418.0,14.0,1190.0,12.0,0.3,0.5,0.3,200.0,1125.0,2195.0,1420.0,14.0,1190.0,12.0,0.3,0.5,0.3
1974,2,196.0,53.0,2.82,3.0,3.56,3.16,5.0,0.55,18.0,0.2,0.6,0.5,2.61,3.5,5.21,3.9,3.0,1.93,16.0,0.3,0.6,0.3,3.67,3.9,4.27,3.97,3.0,0.44,16.0,0.3,0.6,0.3,70.7,79.9,88.1,79.4,3.0,12.8,16.0,0.3,0.3,14.67,15.9,16.67,15.72,5.0,1.64,18.0,0.2,0.6,0.5,2.91,7.95,10.16,6.74,5.0,4.64,18.0,0.2,0.6,0.5,-15.47,-13.77,-4.26,-9.43,5.0,11.05,18.0,0.2,0.6,0.5,1001.35,1013.0,1019.74,1010.9,5.0,11.34,18.0,0.2,0.6,0.5,6.5,7.5,8.0,7.3,4.0,1.0,14.0,0.3,0.7,0.4,39.0,126.4,173.6,108.7,5.0,78.1,18.0,0.2,0.6,0.5,-253.0,-218.9,-47.8,-148.6,5.0,178.5,18.0,0.2,0.6,0.5,-2.21,-0.5,0.59,-0.8,3.0,2.07,16.0,0.3,0.6,0.3,-34.7,-6.7,9.4,-12.5,3.0,32.7,16.0,0.3,0.6,0.3,0.43,0.87,1.14,0.79,3.0,0.52,16.0,0.3,0.6,0.3,6.5,13.8,17.6,12.1,3.0,8.3,16.0,0.3,0.6,0.3,5.1,16.0,55.0,29.7,3.0,38.4,16.0,0.3,0.6,0.3,-40.8,-33.9,31.1,-5.5,3.0,58.1,16.0,0.3,0.6,0.3,6.5,20.4,38.9,22.6,3.0,23.9,16.0,0.3,0.6,0.3,-55.6,-54.9,9.8,-23.7,3.0,55.0,16.0,0.3,0.6,0.3,0.3,1.0,7.6,3.9,3.0,5.8,16.0,0.3,0.6,0.3,-14.2,-2.9,5.2,-4.5,3.0,14.2,16.0,0.3,0.6,0.3,3197.0,4019.5,4681.5,3986.0,5.0,1226.5,18.0,0.2,0.6,0.5,3195.0,4020.0,4680.0,3985.0,5.0,1225.0,18.0,0.2,0.6,0.5
1974,2,196.0,54.0,1.0,3.0,4.57,2.79,19.0,1.51,16.0,0.3,0.6,0.2,-7.06,-1.6,3.65,-1.69,18.0,4.75,16.0,0.3,0.6,0.2,2.35,3.03,4.35,3.37,9.0,1.29,16.0,0.2,0.5,0.2,74.1,82.0,98.3,84.4,9.0,11.6,16.0,0.2,0.2,7.7,11.3,14.97,11.19,19.0,4.13,16.0,0.3,0.6,0.2,-6.16,2.67,9.82,2.54,19.0,7.1,16.0,0.3,0.6,0.2,-14.94,-7.26,-1.38,-6.95,19.0,6.41,16.0,0.3,0.6,0.2,990.09,1011.45,1021.74,1008.01,18.0,16.92,16.0,0.3,0.6,0.2,2.4,4.0,8.0,4.9,16.0,2.7,18.0,0.3,0.6,0.2,-47.4,41.2,119.4,35.3,19.0,81.7,16.0,0.3,0.6,0.2,-223.7,-69.6,-12.9,-99.3,19.0,119.4,16.0,0.3,0.6,0.2,-0.32,5.95,8.15,4.53,18.0,4.59,16.0,0.3,0.6,0.2,-3.2,50.3,121.0,60.6,18.0,69.3,16.0,0.3,0.6,0.2,0.41,1.91,2.41,1.36,9.0,1.52,16.0,0.2,0.5,0.2,4.2,17.7,28.8,18.4,9.0,16.9,16.0,0.2,0.5,0.2,-30.0,0.0,11.0,-8.5,18.0,28.4,16.0,0.3,0.6,0.2,-11.5,0.0,100.6,27.6,18.0,60.5,16.0,0.3,0.6,0.2,-23.7,25.4,29.8,8.9,9.0,27.8,16.0,0.2,0.5,0.2,-21.8,-17.9,-1.6,-14.9,9.0,11.0,16.0,0.2,0.5,0.2,0.9,15.0,22.7,11.3,9.0,15.0,16.0,0.2,0.5,0.2,-16.8,-5.2,0.0,-9.4,9.0,14.2,16.0,0.2,0.5,0.2,456.5,1443.0,3357.5,1994.5,19.0,2342.5,16.0,0.3,0.6,0.2,455.0,1445.0,3355.0,1995.0,19.0,2345.0,16.0,0.3,0.6,0.2
1974,2,196.0,56.0,,,,,,,,,,,,,,,,,,,,,,,,,,,,,,,,,,,,,,,,8.7,8.7,8.7,8.7,1.0,0.0,24.0,1.0,0.4,0.1,1.51,1.51,1.51,1.51,1.0,0.0,24.0,1.0,0.4,0.1,-8.57,-8.57,-8.57,-8.57,1.0,0.0,24.0,1.0,0.4,0.1,1036.8,1036.8,1036.8,1036.8,1.0,0.0,24.0,1.0,0.4,0.1,,,,,,,,,,,,,,,,,,,,,,,,,,,,,,,,,,,,,,,,,,,,,,,,,,,,,,,,,,,,,,,,,,,,,,,,,,,,,,,,,,,,,,,,,,,,,,,,,,,,,,,,,,,,,,,,,,,,,,,,,,,,,,,,,,,,,,,,,,,,,,,,,,,,,,
1974,2,197.0,-59.0,5.0,5.0,5.0,5.0,2.0,0.0,18.0,1.0,0.8,0.5,2.29,4.0,4.68,3.5,3.0,1.8,18.0,1.0,0.8,0.6,4.46,4.72,4.97,4.72,2.0,0.53,18.0,1.0,0.8,0.5,86.2,88.8,91.4,88.8,2.0,5.4,18.0,1.0,0.5,5.0,5.0,5.0,5.0,1.0,0.0,20.0,1.0,1.0,0.9,4.7,4.7,4.7,4.7,1.0,0.0,20.0,1.0,1.0,0.9,-1.71,-1.71,-1.71,-1.71,1.0,0.0,20.0,1.0,1.0,0.9,994.86,996.7,1006.26,1000.47,3.0,8.96,18.0,1.0,0.8,0.6,8.0,8.0,8.0,8.0,3.0,0.0,18.0,1.0,0.8,0.6,23.5,23.5,23.5,23.5,1.0,0.0,20.0,1.0,1.0,0.9,-8.6,-8.6,-8.6,-8.6,1.0,0.0,20.0,1.0,1.0,0.9,,,,,,,,,,,,,,,,,,,,,,,,,,,,,,,,,,,,,,,,,,,,,,,,,,,,,,,,,,,,,,,,,,,,,,,,,,,,,,,,,,,,,,,,,,,,,,,,,,,,,,,,,,,,,,,,,,,,,,,,
1974,2,197.0,-58.0,,,,,,,,,,,,,,,,,,,,,,,,,,,,,,,,,,,,,,,,8.0,8.0,8.0,8.0,1.0,0.0,20.0,0.0,1.0,1.0,6.13,6.13,6.13,6.13,1.0,0.0,20.0,0.0,1.0,1.0,-5.14,-5.14,-5.14,-5.14,1.0,0.0,20.0,0.0,1.0,1.0,1010.1,1010.1,1010.1,1010.1,1.0,0.0,20.0,0.0,1.0,1.0,,,,,,,,,,,,,,,,,,,,,,,,,,,,,,,,,,,,,,,,,,,,,,,,,,,,,,,,,,,,,,,,,,,,,,,,,,,,,,,,,,,,,,,,,,,,,,,,,,,,,,,,,,,,,,,,,,,,,,,,,,,,,,,,,,,,,,,,,,,,,,,,,,,,,,
1974,2,197.0,-56.0,,,,,,,,,,,,,,,,,,,,,,,,,,,,,,,,,,,,,,,,9.0,9.0,9.0,9.0,1.0,0.0,20.0,1.0,1.0,0.4,8.86,8.86,8.86,8.86,1.0,0.0,20.0,1.0,1.0,0.4,-1.56,-1.56,-1.56,-1.56,1.0,0.0,20.0,1.0,1.0,0.4,1011.7,1011.7,1011.7,1011.7,1.0,0.0,20.0,1.0,1.0,0.4,,,,,,,,,,,,,,,,,,,,,,,,,,,,,,,,,,,,,,,,,,,,,,,,,,,,,,,,,,,,,,,,,,,,,,,,,,,,,,,,,,,,,,,,,,,,,,,,,,,,,,,,,,,,,,,,,,,,,,,,,,,,,,,,,,,,,,,,,,,,,,,,,,,,,,
1974,2,197.0,-55.0,,,,,,,,,,,,,,,,,,,,,,,,,,,,,,,,,,,,,,,,8.0,8.0,8.0,8.0,1.0,0.0,20.0,1.0,0.5,0.4,6.13,6.13,6.13,6.13,1.0,0.0,20.0,1.0,0.5,0.4,-5.14,-5.14,-5.14,-5.14,1.0,0.0,20.0,1.0,0.5,0.4,1015.1,1015.1,1015.1,1015.1,1.0,0.0,20.0,1.0,0.5,0.4,,,,,,,,,,,,,,,,,,,,,,,,,,,,,,,,,,,,,,,,,,,,,,,,,,,,,,,,,,,,,,,,,,,,,,,,,,,,,,,,,,,,,,,,,,,,,,,,,,,,,,,,,,,,,,,,,,,,,,,,,,,,,,,,,,,,,,,,,,,,,,,,,,,,,,
1974,2,197.0,-45.0,15.66,15.8,15.94,15.8,2.0,0.28,20.0,0.5,0.4,0.8,14.75,14.85,14.95,14.85,2.0,0.21,20.0,0.5,0.4,0.8,8.43,8.47,8.51,8.47,2.0,0.09,20.0,0.5,0.4,0.8,80.6,81.7,82.8,81.7,2.0,2.3,20.0,0.5,0.8,3.59,4.65,5.71,4.65,2.0,2.19,20.0,0.5,0.4,0.8,-3.35,-1.99,-0.63,-1.99,2.0,2.82,20.0,0.5,0.4,0.8,-3.5,-0.82,1.85,-0.82,2.0,5.55,20.0,0.5,0.4,0.8,1020.78,1022.45,1024.12,1022.45,2.0,3.46,20.0,0.5,0.4,0.8,6.2,6.5,6.8,6.5,2.0,0.7,20.0,0.5,0.4,0.8,-20.8,-12.4,-3.9,-12.4,2.0,17.5,20.0,0.5,0.4,0.8,-23.2,-9.9,3.4,-9.9,2.0,27.6,20.0,0.5,0.4,0.8,0.92,0.95,0.98,0.95,2.0,0.07,20.0,0.5,0.4,0.8,3.3,4.5,5.7,4.5,2.0,2.4,20.0,0.5,0.4,0.8,2.41,2.57,2.73,2.57,2.0,0.33,20.0,0.5,0.4,0.8,8.9,12.3,15.8,12.3,2.0,7.2,20.0,0.5,0.4,0.8,-50.3,-29.9,-9.5,-29.9,2.0,42.3,20.0,0.5,0.4,0.8,-52.7,-12.8,27.0,-12.8,2.0,82.6,20.0,0.5,0.4,0.8,-28.2,-16.7,-5.3,-16.7,2.0,23.7,20.0,0.5,0.4,0.8,-29.4,-6.7,15.9,-6.7,2.0,46.9,20.0,0.5,0.4,0.8,-9.4,-5.6,-1.8,-5.6,2.0,7.9,20.0,0.5,0.4,0.8,-10.0,-3.0,4.0,-3.0,2.0,14.5,20.0,0.5,0.4,0.8,63.0,134.0,205.0,134.0,2.0,147.5,20.0,0.5,0.4,0.8,65.0,135.0,205.0,135.0,2.0,145.0,20.0,0.5,0.4,0.8
1974,2,197.0,-43.0,16.5,16.5,16.5,16.5,1.0,0.0,16.0,1.0,0.2,0.7,17.0,17.0,17.0,17.0,1.0,0.0,16.0,1.0,0.2,0.7,11.94,11.94,11.94,11.94,1.0,0.0,16.0,1.0,0.2,0.7,100.0,100.0,100.0,100.0,1.0,0.0,16.0,1.0,0.7,4.6,4.6,4.6,4.6,1.0,0.0,16.0,1.0,0.2,0.7,2.3,2.3,2.3,2.3,1.0,0.0,16.0,1.0,0.2,0.7,-3.98,-3.98,-3.98,-3.98,1.0,0.0,16.0,1.0,0.2,0.7,1020.6,1020.6,1020.6,1020.6,1.0,0.0,16.0,1.0,0.2,0.7,,,,,,,,,,,,,,,,,,,,,,,,,,,,,,,-0.5,-0.5,-0.5,-0.5,1.0,0.0,16.0,1.0,0.2,0.7,-2.3,-2.3,-2.3,-2.3,1.0,0.0,16.0,1.0,0.2,0.7,-0.38,-0.38,-0.38,-0.38,1.0,0.0,16.0,1.0,0.2,0.7,-1.7,-1.7,-1.7,-1.7,1.0,0.0,16.0,1.0,0.2,0.7,39.1,39.1,39.1,39.1,1.0,0.0,16.0,1.0,0.2,0.7,-67.7,-67.7,-67.7,-67.7,1.0,0.0,16.0,1.0,0.2,0.7,27.5,27.5,27.5,27.5,1.0,0.0,16.0,1.0,0.2,0.7,-47.6,-47.6,-47.6,-47.6,1.0,0.0,16.0,1.0,0.2,0.7,-0.9,-0.9,-0.9,-0.9,1.0,0.0,16.0,1.0,0.2,0.7,1.5,1.5,1.5,1.5,1.0,0.0,16.0,1.0,0.2,0.7,97.5,97.5,97.5,97.5,1.0,0.0,16.0,1.0,0.2,0.7,95.0,95.0,95.0,95.0,1.0,0.0,16.0,1.0,0.2,0.7
1974,2,197.0,-42.0,16.13,16.2,16.27,16.2,2.0,0.14,18.0,0.0,0.7,0.5,16.0,16.0,16.0,16.0,2.0,0.0,18.0,0.0,0.7,0.5,8.19,8.76,9.34,8.76,2.0,1.18,18.0,0.0,0.7,0.5,73.6,78.7,83.8,78.7,2.0,10.6,18.0,0.0,0.5,3.0,3.85,4.7,3.85,2.0,1.77,18.0,0.0,0.7,0.5,-4.23,-2.51,-0.8,-2.51,2.0,3.55,18.0,0.0,0.7,0.5,-2.33,-1.74,-1.16,-1.74,2.0,1.21,18.0,0.0,0.7,0.5,1025.5,1025.5,1025.5,1025.5,2.0,0.0,18.0,0.0,0.7,0.5,7.2,7.5,7.8,7.5,2.0,0.7,18.0,0.0,0.7,0.5,-21.5,-12.8,-4.1,-12.8,2.0,18.1,18.0,0.0,0.7,0.5,-6.4,-5.6,-4.9,-5.6,2.0,1.6,18.0,0.0,0.7,0.5,0.13,0.2,0.27,0.2,2.0,0.14,18.0,0.0,0.7,0.5,0.6,0.6,0.7,0.6,2.0,0.2,18.0,0.0,0.7,0.5,2.01,2.53,3.05,2.53,2.0,1.08,18.0,0.0,0.7,0.5,6.5,10.7,14.9,10.7,2.0,8.6,18.0,0.0,0.7,0.5,-67.6,-40.2,-12.8,-40.2,2.0,56.8,18.0,0.0,0.7,0.5,-37.2,-27.9,-18.5,-27.9,2.0,19.4,18.0,0.0,0.7,0.5,-33.5,-19.9,-6.3,-19.9,2.0,28.1,18.0,0.0,0.7,0.5,-22.1,-16.0,-9.9,-16.0,2.0,12.7,18.0,0.0,0.7,0.5,-13.9,-8.3,-2.6,-8.3,2.0,11.7,18.0,0.0,0.7,0.5,-4.3,-3.7,-3.2,-3.7,2.0,1.2,18.0,0.0,0.7,0.5,36.0,75.0,114.5,75.0,2.0,81.5,18.0,0.0,0.7,0.5,35.0,75.0,115.0,75.0,2.0,80.0,18.0,0.0,0.7,0.5
1974,2,197.0,-41.0,15.79,16.2,16.61,16.2,2.0,0.85,8.0,0.5,0.9,0.3,13.01,14.75,16.49,14.75,2.0,3.61,8.0,0.5,0.9,0.3,7.69,7.71,7.74,7.71,2.0,0.05,8.0,0.5,0.9,0.3,67.7,76.0,84.3,76.0,2.0,17.2,8.0,0.5,0.3,4.25,5.65,7.05,5.65,2.0,2.9,8.0,0.5,0.9,0.3,-0.8,2.46,5.72,2.46,2.0,6.75,8.0,0.5,0.9,0.3,-2.74,-2.7,-2.65,-2.7,2.0,0.09,8.0,0.5,0.9,0.3,1017.2,1022.8,1028.4,1022.8,2.0,11.6,8.0,0.5,0.9,0.3,8.0,8.0,8.0,8.0,1.0,0.0,14.0,1.0,0.9,0.3,1.8,23.7,45.6,23.7,2.0,45.3,8.0,0.5,0.9,0.3,-18.6,-15.1,-11.6,-15.1,2.0,7.3,8.0,0.5,0.9,0.3,0.12,1.45,2.78,1.45,2.0,2.76,8.0,0.5,0.9,0.3,2.6,12.2,21.7,12.2,2.0,19.8,8.0,0.5,0.9,0.3,3.35,3.61,3.87,3.61,2.0,0.54,8.0,0.5,0.9,0.3,16.1,19.6,23.2,19.6,2.0,7.4,8.0,0.5,0.9,0.3,-19.7,24.1,67.9,24.1,2.0,90.7,8.0,0.5,0.9,0.3,-45.2,-39.9,-34.6,-39.9,2.0,11.0,8.0,0.5,0.9,0.3,-6.0,19.1,44.3,19.1,2.0,52.2,8.0,0.5,0.9,0.3,-21.0,-20.8,-20.5,-20.8,2.0,0.5,8.0,0.5,0.9,0.3,-4.1,7.1,18.2,7.1,2.0,23.1,8.0,0.5,0.9,0.3,-10.6,-9.8,-8.9,-9.8,2.0,1.8,8.0,0.5,0.9,0.3,111.5,251.5,391.5,251.5,2.0,290.0,8.0,0.5,0.9,0.3,110.0,250.0,390.0,250.0,2.0,290.0,8.0,0.5,0.9,0.3
1974,2,197.0,-39.0,18.3,18.3,18.3,18.3,1.0,0.0,26.0,1.0,0.4,0.4,16.9,16.9,16.9,16.9,1.0,0.0,26.0,1.0,0.4,0.4,9.8,9.8,9.8,9.8,1.0,0.0,26.0,1.0,0.4,0.4,83.0,83.0,83.0,83.0,1.0,0.0,26.0,1.0,0.4,6.2,6.2,6.2,6.2,1.0,0.0,26.0,1.0,0.4,0.4,-5.83,-5.83,-5.83,-5.83,1.0,0.0,26.0,1.0,0.4,0.4,2.12,2.12,2.12,2.12,1.0,0.0,26.0,1.0,0.4,0.4,1024.8,1024.8,1024.8,1024.8,1.0,0.0,26.0,1.0,0.4,0.4,7.0,7.0,7.0,7.0,1.0,0.0,26.0,1.0,0.4,0.4,-36.1,-36.1,-36.1,-36.1,1.0,0.0,26.0,1.0,0.4,0.4,13.1,13.1,13.1,13.1,1.0,0.0,26.0,1.0,0.4,0.4,1.4,1.4,1.4,1.4,1.0,0.0,26.0,1.0,0.4,0.4,8.7,8.7,8.7,8.7,1.0,0.0,26.0,1.0,0.4,0.4,3.12,3.12,3.12,3.12,1.0,0.0,26.0,1.0,0.4,0.4,19.3,19.3,19.3,19.3,1.0,0.0,26.0,1.0,0.4,0.4,-98.5,-98.5,-98.5,-98.5,1.0,0.0,26.0,1.0,0.4,0.4,35.8,35.8,35.8,35.8,1.0,0.0,26.0,1.0,0.4,0.4,-57.1,-57.1,-57.1,-57.1,1.0,0.0,26.0,1.0,0.4,0.4,20.8,20.8,20.8,20.8,1.0,0.0,26.0,1.0,0.4,0.4,-18.2,-18.2,-18.2,-18.2,1.0,0.0,26.0,1.0,0.4,0.4,6.6,6.6,6.6,6.6,1.0,0.0,26.0,1.0,0.4,0.4,238.5,238.5,238.5,238.5,1.0,0.0,26.0,1.0,0.4,0.4,240.0,240.0,240.0,240.0,1.0,0.0,26.0,1.0,0.4,0.4
1974,2,197.0,-38.0,,,,,,,,,,,,,,,,,,,,,,,,,,,,,,,,,,,,,,,,6.7,6.7,6.7,6.7,1.0,0.0,14.0,0.0,0.2,0.1,-5.13,-5.13,-5.13,-5.13,1.0,0.0,14.0,0.0,0.2,0.1,-4.31,-4.31,-4.31,-4.31,1.0,0.0,14.0,0.0,0.2,0.1,1027.7,1027.7,1027.7,1027.7,1.0,0.0,14.0,0.0,0.2,0.1,8.0,8.0,8.0,8.0,1.0,0.0,14.0,0.0,0.2,0.1,-34.4,-34.4,-34.4,-34.4,1.0,0.0,14.0,0.0,0.2,0.1,-28.9,-28.9,-28.9,-28.9,1.0,0.0,14.0,0.0,0.2,0.1,,,,,,,,,,,,,,,,,,,,,,,,,,,,,,,,,,,,,,,,,-96.5,-96.5,-96.5,-96.5,1.0,0.0,14.0,0.0,0.2,0.1,-81.0,-81.0,-81.0,-81.0,1.0,0.0,14.0,0.0,0.2,0.1,-54.6,-54.6,-54.6,-54.6,1.0,0.0,14.0,0.0,0.2,0.1,-45.8,-45.8,-45.8,-45.8,1.0,0.0,14.0,0.0,0.2,0.1,,,,,,,,,,,,,,,,,,,,,,,,,,,,,,,,,,,,,,,,
1974,2,197.0,-37.0,21.8,21.8,21.8,21.8,1.0,0.0,16.0,1.0,1.0,0.5,20.5,20.5,20.5,20.5,1.0,0.0,16.0,1.0,1.0,0.5,13.59,13.59,13.59,13.59,1.0,0.0,16.0,1.0,1.0,0.5,91.7,91.7,91.7,91.7,1.0,0.0,16.0,1.0,0.5,4.6,4.6,4.6,4.6,1.0,0.0,16.0,1.0,1.0,0.5,1.57,1.57,1.57,1.57,1.0,0.0,16.0,1.0,1.0,0.5,-4.32,-4.32,-4.32,-4.32,1.0,0.0,16.0,1.0,1.0,0.5,1024.3,1024.3,1024.3,1024.3,1.0,0.0,16.0,1.0,1.0,0.5,8.0,8.0,8.0,8.0,1.0,0.0,16.0,1.0,1.0,0.5,7.2,7.2,7.2,7.2,1.0,0.0,16.0,1.0,1.0,0.5,-19.9,-19.9,-19.9,-19.9,1.0,0.0,16.0,1.0,1.0,0.5,1.3,1.3,1.3,1.3,1.0,0.0,16.0,1.0,1.0,0.5,6.0,6.0,6.0,6.0,1.0,0.0,16.0,1.0,1.0,0.5,2.49,2.49,2.49,2.49,1.0,0.0,16.0,1.0,1.0,0.5,11.5,11.5,11.5,11.5,1.0,0.0,16.0,1.0,1.0,0.5,32.3,32.3,32.3,32.3,1.0,0.0,16.0,1.0,1.0,0.5,-88.6,-88.6,-88.6,-88.6,1.0,0.0,16.0,1.0,1.0,0.5,21.4,21.4,21.4,21.4,1.0,0.0,16.0,1.0,1.0,0.5,-58.8,-58.8,-58.8,-58.8,1.0,0.0,16.0,1.0,1.0,0.5,3.9,3.9,3.9,3.9,1.0,0.0,16.0,1.0,1.0,0.5,-10.8,-10.8,-10.8,-10.8,1.0,0.0,16.0,1.0,1.0,0.5,97.5,97.5,97.5,97.5,1.0,0.0,16.0,1.0,1.0,0.5,95.0,95.0,95.0,95.0,1.0,0.0,16.0,1.0,1.0,0.5
1974,2,197.0,-35.0,22.2,22.2,22.2,22.2,1.0,0.0,28.0,1.0,0.9,0.9,23.3,23.3,23.3,23.3,1.0,0.0,28.0,1.0,0.9,0.9,14.7,14.7,14.7,14.7,1.0,0.0,28.0,1.0,0.9,0.9,82.2,82.2,82.2,82.2,1.0,0.0,28.0,1.0,0.9,11.3,11.3,11.3,11.3,1.0,0.0,28.0,1.0,0.9,0.9,3.86,3.86,3.86,3.86,1.0,0.0,28.0,1.0,0.9,0.9,-10.62,-10.62,-10.62,-10.62,1.0,0.0,28.0,1.0,0.9,0.9,1008.5,1008.5,1008.5,1008.5,1.0,0.0,28.0,1.0,0.9,0.9,6.0,6.0,6.0,6.0,1.0,0.0,28.0,1.0,0.9,0.9,43.7,43.7,43.7,43.7,1.0,0.0,28.0,1.0,0.9,0.9,-120.0,-120.0,-120.0,-120.0,1.0,0.0,28.0,1.0,0.9,0.9,-1.1,-1.1,-1.1,-1.1,1.0,0.0,28.0,1.0,0.9,0.9,-12.4,-12.4,-12.4,-12.4,1.0,0.0,28.0,1.0,0.9,0.9,2.05,2.05,2.05,2.05,1.0,0.0,28.0,1.0,0.9,0.9,23.1,23.1,23.1,23.1,1.0,0.0,28.0,1.0,0.9,0.9,90.1,90.1,90.1,90.1,1.0,0.0,28.0,1.0,0.9,0.9,-247.4,-247.4,-247.4,-247.4,1.0,0.0,28.0,1.0,0.9,0.9,56.8,56.8,56.8,56.8,1.0,0.0,28.0,1.0,0.9,0.9,-156.1,-156.1,-156.1,-156.1,1.0,0.0,28.0,1.0,0.9,0.9,7.9,7.9,7.9,7.9,1.0,0.0,28.0,1.0,0.9,0.9,-21.7,-21.7,-21.7,-21.7,1.0,0.0,28.0,1.0,0.9,0.9,1443.0,1443.0,1443.0,1443.0,1.0,0.0,28.0,1.0,0.9,0.9,1445.0,1445.0,1445.0,1445.0,1.0,0.0,28.0,1.0,0.9,0.9
1974,2,197.0,-33.0,,,,,,,,,,,,,,,,,,,,,,,,,,,,,,,,,,,,,,,,3.1,3.1,3.1,3.1,1.0,0.0,22.0,0.0,0.9,1.0,2.37,2.37,2.37,2.37,1.0,0.0,22.0,0.0,0.9,1.0,-1.99,-1.99,-1.99,-1.99,1.0,0.0,22.0,0.0,0.9,1.0,1012.2,1012.2,1012.2,1012.2,1.0,0.0,22.0,0.0,0.9,1.0,2.0,2.0,2.0,2.0,1.0,0.0,22.0,0.0,0.9,1.0,7.4,7.4,7.4,7.4,1.0,0.0,22.0,0.0,0.9,1.0,-6.2,-6.2,-6.2,-6.2,1.0,0.0,22.0,0.0,0.9,1.0,,,,,,,,,,,,,,,,,,,,,,,,,,,,,,,,,,,,,,,,,55.3,55.3,55.3,55.3,1.0,0.0,22.0,0.0,0.9,1.0,-46.4,-46.4,-46.4,-46.4,1.0,0.0,22.0,0.0,0.9,1.0,37.2,37.2,37.2,37.2,1.0,0.0,22.0,0.0,0.9,1.0,-31.3,-31.3,-31.3,-31.3,1.0,0.0,22.0,0.0,0.9,1.0,,,,,,,,,,,,,,,,,,,,,,,,,,,,,,,,,,,,,,,,
1974,2,197.0,-32.0,,,,,,,,,,,,,,,,,,,,,,,,,,,,,,,,,,,,,,,,11.8,11.8,11.8,11.8,1.0,0.0,8.0,1.0,0.8,0.7,-7.58,-7.58,-7.58,-7.58,1.0,0.0,8.0,1.0,0.8,0.7,9.04,9.04,9.04,9.04,1.0,0.0,8.0,1.0,0.8,0.7,1016.9,1016.9,1016.9,1016.9,1.0,0.0,8.0,1.0,0.8,0.7,7.0,7.0,7.0,7.0,1.0,0.0,8.0,1.0,0.8,0.7,-89.5,-89.5,-89.5,-89.5,1.0,0.0,8.0,1.0,0.8,0.7,106.7,106.7,106.7,106.7,1.0,0.0,8.0,1.0,0.8,0.7,,,,,,,,,,,,,,,,,,,,,,,,,,,,,,,,,,,,,,,,,-174.5,-174.5,-174.5,-174.5,1.0,0.0,8.0,1.0,0.8,0.7,207.9,207.9,207.9,207.9,1.0,0.0,8.0,1.0,0.8,0.7,-121.4,-121.4,-121.4,-121.4,1.0,0.0,8.0,1.0,0.8,0.7,144.7,144.7,144.7,144.7,1.0,0.0,8.0,1.0,0.8,0.7,,,,,,,,,,,,,,,,,,,,,,,,,,,,,,,,,,,,,,,,
1974,2,197.0,-29.0,25.0,25.0,25.0,25.0,1.0,0.0,28.0,1.0,1.0,0.1,26.0,26.0,26.0,26.0,1.0,0.0,28.0,1.0,1.0,0.1,18.58,18.58,18.58,18.58,1.0,0.0,28.0,1.0,1.0,0.1,88.7,88.7,88.7,88.7,1.0,0.0,28.0,1.0,0.1,2.6,2.6,2.6,2.6,1.0,0.0,28.0,1.0,1.0,0.1,1.67,1.67,1.67,1.67,1.0,0.0,28.0,1.0,1.0,0.1,-1.99,-1.99,-1.99,-1.99,1.0,0.0,28.0,1.0,1.0,0.1,1014.5,1014.5,1014.5,1014.5,1.0,0.0,28.0,1.0,1.0,0.1,6.0,6.0,6.0,6.0,1.0,0.0,28.0,1.0,1.0,0.1,4.3,4.3,4.3,4.3,1.0,0.0,28.0,1.0,1.0,0.1,-5.2,-5.2,-5.2,-5.2,1.0,0.0,28.0,1.0,1.0,0.1,-1.0,-1.0,-1.0,-1.0,1.0,0.0,28.0,1.0,1.0,0.1,-2.6,-2.6,-2.6,-2.6,1.0,0.0,28.0,1.0,1.0,0.1,1.16,1.16,1.16,1.16,1.0,0.0,28.0,1.0,1.0,0.1,3.0,3.0,3.0,3.0,1.0,0.0,28.0,1.0,1.0,0.1,43.5,43.5,43.5,43.5,1.0,0.0,28.0,1.0,1.0,0.1,-51.8,-51.8,-51.8,-51.8,1.0,0.0,28.0,1.0,1.0,0.1,31.1,31.1,31.1,31.1,1.0,0.0,28.0,1.0,1.0,0.1,-37.0,-37.0,-37.0,-37.0,1.0,0.0,28.0,1.0,1.0,0.1,1.9,1.9,1.9,1.9,1.0,0.0,28.0,1.0,1.0,0.1,-2.3,-2.3,-2.3,-2.3,1.0,0.0,28.0,1.0,1.0,0.1,17.5,17.5,17.5,17.5,1.0,0.0,28.0,1.0,1.0,0.1,20.0,20.0,20.0,20.0,1.0,0.0,28.0,1.0,1.0,0.1
1974,2,197.0,-24.0,27.8,27.8,27.8,27.8,1.0,0.0,14.0,0.0,0.1,0.4,25.5,25.5,25.5,25.5,1.0,0.0,14.0,0.0,0.1,0.4,16.52,16.52,16.52,16.52,1.0,0.0,14.0,0.0,0.1,0.4,81.5,81.5,81.5,81.5,1.0,0.0,14.0,0.0,0.4,8.2,8.2,8.2,8.2,1.0,0.0,14.0,0.0,0.1,0.4,-7.71,-7.71,-7.71,-7.71,1.0,0.0,14.0,0.0,0.1,0.4,-2.8,-2.8,-2.8,-2.8,1.0,0.0,14.0,0.0,0.1,0.4,1015.9,1015.9,1015.9,1015.9,1.0,0.0,14.0,0.0,0.1,0.4,6.0,6.0,6.0,6.0,1.0,0.0,14.0,0.0,0.1,0.4,-63.2,-63.2,-63.2,-63.2,1.0,0.0,14.0,0.0,0.1,0.4,-23.0,-23.0,-23.0,-23.0,1.0,0.0,14.0,0.0,0.1,0.4,2.3,2.3,2.3,2.3,1.0,0.0,14.0,0.0,0.1,0.4,18.9,18.9,18.9,18.9,1.0,0.0,14.0,0.0,0.1,0.4,6.8,6.8,6.8,6.8,1.0,0.0,14.0,0.0,0.1,0.4,55.7,55.7,55.7,55.7,1.0,0.0,14.0,0.0,0.1,0.4,-196.5,-196.5,-196.5,-196.5,1.0,0.0,14.0,0.0,0.1,0.4,-71.5,-71.5,-71.5,-71.5,1.0,0.0,14.0,0.0,0.1,0.4,-127.3,-127.3,-127.3,-127.3,1.0,0.0,14.0,0.0,0.1,0.4,-46.3,-46.3,-46.3,-46.3,1.0,0.0,14.0,0.0,0.1,0.4,-52.4,-52.4,-52.4,-52.4,1.0,0.0,14.0,0.0,0.1,0.4,-19.1,-19.1,-19.1,-19.1,1.0,0.0,14.0,0.0,0.1,0.4,551.5,551.5,551.5,551.5,1.0,0.0,14.0,0.0,0.1,0.4,550.0,550.0,550.0,550.0,1.0,0.0,14.0,0.0,0.1,0.4
1974,2,197.0,-23.0,26.7,26.7,26.7,26.7,1.0,0.0,26.0,0.0,0.4,0.7,26.93,27.0,27.07,27.0,2.0,0.14,22.0,0.5,0.5,0.7,18.4,18.4,18.4,18.4,1.0,0.0,26.0,0.0,0.4,0.7,83.1,83.1,83.1,83.1,1.0,0.0,26.0,0.0,0.7,2.84,3.35,3.86,3.35,2.0,1.06,22.0,0.5,0.5,0.7,-3.39,-3.06,-2.72,-3.06,2.0,0.7,22.0,0.5,0.5,0.7,-1.65,-0.8,0.05,-0.8,2.0,1.77,22.0,0.5,0.5,0.7,1010.37,1011.15,1011.94,1011.15,2.0,1.63,22.0,0.5,0.5,0.7,2.2,2.5,2.8,2.5,2.0,0.7,22.0,0.5,0.5,0.7,-13.3,-10.6,-7.9,-10.6,2.0,5.6,22.0,0.5,0.5,0.7,-6.9,-3.6,-0.3,-3.6,2.0,6.8,22.0,0.5,0.5,0.7,-0.2,-0.2,-0.2,-0.2,1.0,0.0,26.0,0.0,0.4,0.7,-0.8,-0.8,-0.8,-0.8,1.0,0.0,26.0,0.0,0.4,0.7,3.52,3.52,3.52,3.52,1.0,0.0,26.0,0.0,0.4,0.7,14.4,14.4,14.4,14.4,1.0,0.0,26.0,0.0,0.4,0.7,-91.4,-82.5,-73.5,-82.5,2.0,18.5,22.0,0.5,0.5,0.7,-44.5,-21.5,1.5,-21.5,2.0,47.6,22.0,0.5,0.5,0.7,-65.3,-65.3,-65.3,-65.3,1.0,0.0,26.0,0.0,0.4,0.7,-37.7,-37.7,-37.7,-37.7,1.0,0.0,26.0,0.0,0.4,0.7,-12.5,-12.5,-12.5,-12.5,1.0,0.0,26.0,0.0,0.4,0.7,-7.2,-7.2,-7.2,-7.2,1.0,0.0,26.0,0.0,0.4,0.7,25.5,43.0,61.0,43.0,2.0,36.5,22.0,0.5,0.5,0.7,25.0,45.0,60.0,45.0,2.0,35.0,22.0,0.5,0.5,0.7
1974,2,197.0,-22.0,27.3,27.5,27.7,27.5,2.0,0.42,14.0,1.0,0.5,0.7,26.32,27.0,27.68,27.0,2.0,1.41,14.0,1.0,0.5,0.7,14.79,16.05,17.32,16.05,2.0,2.62,14.0,1.0,0.5,0.7,64.2,72.7,81.1,72.7,2.0,17.5,14.0,1.0,0.7,5.77,7.2,8.63,7.2,2.0,2.97,14.0,1.0,0.5,0.7,-3.46,-1.4,0.66,-1.4,2.0,4.27,14.0,1.0,0.5,0.7,-0.69,3.3,7.3,3.3,2.0,8.28,14.0,1.0,0.5,0.7,1009.54,1010.5,1011.46,1010.5,2.0,1.98,14.0,1.0,0.5,0.7,3.5,4.5,5.5,4.5,2.0,2.1,14.0,1.0,0.5,0.7,-16.6,-3.8,9.1,-3.8,2.0,26.5,14.0,1.0,0.5,0.7,2.6,36.1,69.6,36.1,2.0,69.4,14.0,1.0,0.5,0.7,-0.39,0.5,1.39,0.5,2.0,1.84,14.0,1.0,0.5,0.7,-0.8,6.3,13.4,6.3,2.0,14.7,14.0,1.0,0.5,0.7,6.02,6.98,7.94,6.98,2.0,1.99,14.0,1.0,0.5,0.7,44.2,47.3,50.4,47.3,2.0,6.4,14.0,1.0,0.5,0.7,-97.4,-40.8,15.7,-40.8,2.0,117.1,14.0,1.0,0.5,0.7,-22.3,83.4,189.0,83.4,2.0,218.9,14.0,1.0,0.5,0.7,-48.2,-16.9,14.4,-16.9,2.0,64.8,14.0,1.0,0.5,0.7,-4.4,63.9,132.2,63.9,2.0,141.6,14.0,1.0,0.5,0.7,-29.8,-14.0,1.7,-14.0,2.0,32.6,14.0,1.0,0.5,0.7,-9.9,14.8,39.5,14.8,2.0,51.2,14.0,1.0,0.5,0.7,239.5,468.5,698.0,468.5,2.0,475.0,14.0,1.0,0.5,0.7,240.0,470.0,700.0,470.0,2.0,475.0,14.0,1.0,0.5,0.7
1974,2,197.0,-21.0,27.5,27.5,27.5,27.5,1.0,0.0,14.0,1.0,0.2,1.0,27.3,27.3,27.3,27.3,1.0,0.0,14.0,1.0,0.2,1.0,18.06,18.06,18.06,18.06,1.0,0.0,14.0,1.0,0.2,1.0,79.8,79.8,79.8,79.8,1.0,0.0,14.0,1.0,1.0,2.06,4.35,6.64,4.35,2.0,4.74,20.0,1.0,0.3,0.8,-4.32,-2.97,-1.63,-2.97,2.0,2.79,20.0,1.0,0.3,0.8,-4.96,-2.95,-0.94,-2.95,2.0,4.17,20.0,1.0,0.3,0.8,1011.77,1012.15,1012.53,1012.15,2.0,0.78,20.0,1.0,0.3,0.8,3.6,5.0,6.4,5.0,2.0,2.8,20.0,1.0,0.3,0.8,-32.2,-19.6,-6.9,-19.6,2.0,26.2,20.0,1.0,0.3,0.8,-38.2,-22.7,-7.2,-22.7,2.0,32.1,20.0,1.0,0.3,0.8,0.2,0.2,0.2,0.2,1.0,0.0,14.0,1.0,0.2,1.0,1.5,1.5,1.5,1.5,1.0,0.0,14.0,1.0,0.2,1.0,4.92,4.92,4.92,4.92,1.0,0.0,14.0,1.0,0.2,1.0,37.9,37.9,37.9,37.9,1.0,0.0,14.0,1.0,0.2,1.0,-135.1,-135.1,-135.1,-135.1,1.0,0.0,14.0,1.0,0.2,1.0,-161.0,-161.0,-161.0,-161.0,1.0,0.0,14.0,1.0,0.2,1.0,-89.4,-89.4,-89.4,-89.4,1.0,0.0,14.0,1.0,0.2,1.0,-106.5,-106.5,-106.5,-106.5,1.0,0.0,14.0,1.0,0.2,1.0,-24.3,-24.3,-24.3,-24.3,1.0,0.0,14.0,1.0,0.2,1.0,-29.0,-29.0,-29.0,-29.0,1.0,0.0,14.0,1.0,0.2,1.0,73.5,229.0,384.0,229.0,2.0,322.0,20.0,1.0,0.3,0.8,75.0,230.0,385.0,230.0,2.0,320.0,20.0,1.0,0.3,0.8
1974,2,197.0,-20.0,27.66,27.8,29.3,28.47,3.0,1.33,16.0,0.3,0.6,0.5,26.8,27.0,27.89,27.33,3.0,0.85,16.0,0.3,0.6,0.5,16.96,17.13,17.76,17.36,3.0,0.62,16.0,0.3,0.6,0.5,72.9,78.2,80.2,76.6,3.0,5.6,16.0,0.3,0.5,3.76,4.1,5.87,4.8,3.0,1.66,16.0,0.3,0.6,0.5,-5.26,-4.1,-2.88,-4.07,3.0,1.74,16.0,0.3,0.6,0.5,0.88,2.76,3.16,2.04,3.0,1.79,16.0,0.3,0.6,0.5,1011.14,1012.3,1012.57,1011.87,3.0,1.12,16.0,0.3,0.6,0.5,4.6,6.0,6.7,5.7,3.0,1.5,16.0,0.3,0.6,0.5,-31.9,-16.8,-11.0,-21.3,3.0,15.8,16.0,0.3,0.6,0.5,3.2,9.9,18.5,10.8,3.0,11.2,16.0,0.3,0.6,0.5,-0.22,0.8,2.51,1.13,3.0,2.02,16.0,0.3,0.6,0.5,-0.3,5.4,9.8,4.8,3.0,7.4,16.0,0.3,0.6,0.5,5.62,6.24,8.5,7.04,3.0,2.22,16.0,0.3,0.6,0.5,28.4,34.4,35.3,31.9,3.0,5.5,16.0,0.3,0.6,0.5,-143.8,-116.0,-79.0,-111.5,3.0,47.6,16.0,0.3,0.6,0.5,23.4,73.6,85.1,54.7,3.0,48.1,16.0,0.3,0.6,0.5,-93.5,-69.2,-49.0,-71.2,3.0,32.6,16.0,0.3,0.6,0.5,15.0,47.2,56.3,35.9,3.0,31.8,16.0,0.3,0.6,0.5,-29.2,-25.6,-23.2,-26.2,3.0,4.4,16.0,0.3,0.6,0.5,5.7,17.9,23.7,14.7,3.0,13.5,16.0,0.3,0.6,0.5,53.5,69.0,227.0,139.0,3.0,140.5,16.0,0.3,0.6,0.5,55.0,70.0,225.0,140.0,3.0,140.0,16.0,0.3,0.6,0.5
1974,2,197.0,-19.0,28.0,28.0,28.0,28.0,1.0,0.0,26.0,1.0,0.1,0.4,29.5,29.5,29.5,29.5,1.0,0.0,26.0,1.0,0.1,0.4,19.83,19.83,19.83,19.83,1.0,0.0,26.0,1.0,0.1,0.4,76.8,76.8,76.8,76.8,1.0,0.0,26.0,1.0,0.4,3.1,3.1,3.1,3.1,1.0,0.0,26.0,1.0,0.1,0.4,-2.37,-2.37,-2.37,-2.37,1.0,0.0,26.0,1.0,0.1,0.4,-1.99,-1.99,-1.99,-1.99,1.0,0.0,26.0,1.0,0.1,0.4,1010.0,1010.0,1010.0,1010.0,1.0,0.0,26.0,1.0,0.1,0.4,6.0,6.0,6.0,6.0,1.0,0.0,26.0,1.0,0.1,0.4,-7.4,-7.4,-7.4,-7.4,1.0,0.0,26.0,1.0,0.1,0.4,-6.2,-6.2,-6.2,-6.2,1.0,0.0,26.0,1.0,0.1,0.4,-1.5,-1.5,-1.5,-1.5,1.0,0.0,26.0,1.0,0.1,0.4,-4.6,-4.6,-4.6,-4.6,1.0,0.0,26.0,1.0,0.1,0.4,3.9,3.9,3.9,3.9,1.0,0.0,26.0,1.0,0.1,0.4,12.1,12.1,12.1,12.1,1.0,0.0,26.0,1.0,0.1,0.4,-70.1,-70.1,-70.1,-70.1,1.0,0.0,26.0,1.0,0.1,0.4,-58.8,-58.8,-58.8,-58.8,1.0,0.0,26.0,1.0,0.1,0.4,-47.1,-47.1,-47.1,-47.1,1.0,0.0,26.0,1.0,0.1,0.4,-39.5,-39.5,-39.5,-39.5,1.0,0.0,26.0,1.0,0.1,0.4,-9.3,-9.3,-9.3,-9.3,1.0,0.0,26.0,1.0,0.1,0.4,-7.8,-7.8,-7.8,-7.8,1.0,0.0,26.0,1.0,0.1,0.4,30.0,30.0,30.0,30.0,1.0,0.0,26.0,1.0,0.1,0.4,30.0,30.0,30.0,30.0,1.0,0.0,26.0,1.0,0.1,0.4
1974,2,197.0,-18.0,27.08,27.25,27.42,27.25,2.0,0.35,14.0,0.5,0.5,0.5,26.77,27.35,27.93,27.35,2.0,1.2,14.0,0.5,0.5,0.5,17.04,17.37,17.69,17.37,2.0,0.68,14.0,0.5,0.5,0.5,75.3,76.5,77.7,76.5,2.0,2.4,14.0,0.5,0.5,3.84,4.35,4.86,4.35,2.0,1.06,14.0,0.5,0.5,0.5,-3.66,-1.24,1.19,-1.24,2.0,5.03,14.0,0.5,0.5,0.5,-2.6,-2.25,-1.91,-2.25,2.0,0.72,14.0,0.5,0.5,0.5,1012.42,1012.45,1012.48,1012.45,2.0,0.07,14.0,0.5,0.5,0.5,3.8,5.5,7.2,5.5,2.0,3.5,14.0,0.5,0.5,0.5,-19.2,-8.1,3.1,-8.1,2.0,23.2,14.0,0.5,0.5,0.5,-9.8,-9.4,-9.1,-9.4,2.0,0.7,14.0,0.5,0.5,0.5,-0.85,-0.1,0.65,-0.1,2.0,1.56,14.0,0.5,0.5,0.5,-4.6,-1.3,2.1,-1.3,2.0,6.9,14.0,0.5,0.5,0.5,4.72,5.28,5.84,5.28,2.0,1.15,14.0,0.5,0.5,0.5,22.1,22.4,22.6,22.4,2.0,0.6,14.0,0.5,0.5,0.5,-104.0,-36.9,30.1,-36.9,2.0,138.9,14.0,0.5,0.5,0.5,-69.3,-61.1,-53.0,-61.1,2.0,16.9,14.0,0.5,0.5,0.5,-65.7,-23.2,19.3,-23.2,2.0,88.1,14.0,0.5,0.5,0.5,-44.1,-38.8,-33.6,-38.8,2.0,10.9,14.0,0.5,0.5,0.5,-15.8,-3.6,8.5,-3.6,2.0,25.1,14.0,0.5,0.5,0.5,-15.4,-12.3,-9.2,-12.3,2.0,6.4,14.0,0.5,0.5,0.5,60.5,89.5,119.0,89.5,2.0,61.0,14.0,0.5,0.5,0.5,60.0,90.0,120.0,90.0,2.0,60.0,14.0,0.5,0.5,0.5
1974,2,197.0,-17.0,29.0,29.0,29.0,29.0,1.0,0.0,2.0,1.0,1.0,0.2,28.0,28.0,28.0,28.0,1.0,0.0,2.0,1.0,1.0,0.2,16.95,16.95,16.95,16.95,1.0,0.0,2.0,1.0,1.0,0.2,72.1,72.1,72.1,72.1,1.0,0.0,2.0,1.0,0.2,3.6,3.6,3.6,3.6,1.0,0.0,2.0,1.0,1.0,0.2,0.0,0.0,0.0,0.0,1.0,0.0,2.0,1.0,1.0,0.2,-3.6,-3.6,-3.6,-3.6,1.0,0.0,2.0,1.0,1.0,0.2,1015.0,1015.0,1015.0,1015.0,1.0,0.0,2.0,1.0,1.0,0.2,7.0,7.0,7.0,7.0,1.0,0.0,2.0,1.0,1.0,0.2,0.0,0.0,0.0,0.0,1.0,0.0,2.0,1.0,1.0,0.2,-13.0,-13.0,-13.0,-13.0,1.0,0.0,2.0,1.0,1.0,0.2,1.0,1.0,1.0,1.0,1.0,0.0,2.0,1.0,1.0,0.2,3.6,3.6,3.6,3.6,1.0,0.0,2.0,1.0,1.0,0.2,8.1,8.1,8.1,8.1,1.0,0.0,2.0,1.0,1.0,0.2,29.2,29.2,29.2,29.2,1.0,0.0,2.0,1.0,1.0,0.2,0.0,0.0,0.0,0.0,1.0,0.0,2.0,1.0,1.0,0.2,-100.8,-100.8,-100.8,-100.8,1.0,0.0,2.0,1.0,1.0,0.2,0.0,0.0,0.0,0.0,1.0,0.0,2.0,1.0,1.0,0.2,-61.0,-61.0,-61.0,-61.0,1.0,0.0,2.0,1.0,1.0,0.2,0.0,0.0,0.0,0.0,1.0,0.0,2.0,1.0,1.0,0.2,-29.2,-29.2,-29.2,-29.2,1.0,0.0,2.0,1.0,1.0,0.2,46.5,46.5,46.5,46.5,1.0,0.0,2.0,1.0,1.0,0.2,45.0,45.0,45.0,45.0,1.0,0.0,2.0,1.0,1.0,0.2
1974,2,197.0,-16.0,27.83,28.6,29.21,28.53,4.0,0.85,10.0,0.5,0.5,0.3,26.2,27.55,27.85,27.05,4.0,1.26,10.0,0.5,0.5,0.3,16.7,17.18,17.59,17.15,4.0,0.54,10.0,0.5,0.5,0.3,73.3,76.3,80.5,76.9,4.0,4.5,10.0,0.5,0.3,4.34,4.85,6.2,5.25,4.0,1.36,10.0,0.5,0.5,0.3,-4.59,-3.17,-0.44,-2.55,4.0,2.78,10.0,0.5,0.5,0.3,-5.61,-2.35,-0.34,-2.95,4.0,3.26,10.0,0.5,0.5,0.3,1010.1,1010.65,1012.57,1011.3,4.0,1.8,10.0,0.5,0.5,0.3,3.5,4.5,6.6,5.0,4.0,2.2,10.0,0.5,0.5,0.3,-21.5,-13.6,-0.3,-11.0,4.0,14.8,10.0,0.5,0.5,0.3,-35.5,-10.6,-1.4,-18.1,4.0,23.4,10.0,0.5,0.5,0.3,0.22,1.25,2.75,1.48,4.0,1.76,10.0,0.5,0.5,0.3,0.2,5.9,13.0,6.6,4.0,8.5,10.0,0.5,0.5,0.3,5.88,7.44,8.76,7.32,4.0,1.67,10.0,0.5,0.5,0.3,32.3,40.0,42.8,37.7,4.0,8.5,10.0,0.5,0.5,0.3,-126.8,-84.1,-9.3,-68.8,4.0,77.3,10.0,0.5,0.5,0.3,-151.4,-59.9,-9.3,-79.4,4.0,90.1,10.0,0.5,0.5,0.3,-79.2,-54.7,-6.7,-43.5,4.0,48.0,10.0,0.5,0.5,0.3,-96.2,-39.2,-6.0,-50.5,4.0,56.5,10.0,0.5,0.5,0.3,-35.6,-22.5,-5.8,-20.8,4.0,21.5,10.0,0.5,0.5,0.3,-37.2,-19.5,-2.1,-19.6,4.0,20.3,10.0,0.5,0.5,0.3,82.5,115.0,258.5,168.0,4.0,139.5,10.0,0.5,0.5,0.3,80.0,115.0,260.0,170.0,4.0,140.0,10.0,0.5,0.5,0.3
1974,2,197.0,-8.0,,,,,,,,,,,,,,,,,,,,,,,,,,,,,,,,,,,,,,,,4.6,4.6,4.6,4.6,1.0,0.0,2.0,0.0,0.4,0.1,-4.6,-4.6,-4.6,-4.6,1.0,0.0,2.0,0.0,0.4,0.1,0.0,0.0,0.0,0.0,1.0,0.0,2.0,0.0,0.4,0.1,1009.5,1009.5,1009.5,1009.5,1.0,0.0,2.0,0.0,0.4,0.1,1.0,1.0,1.0,1.0,1.0,0.0,2.0,0.0,0.4,0.1,-21.2,-21.2,-21.2,-21.2,1.0,0.0,2.0,0.0,0.4,0.1,0.0,0.0,0.0,0.0,1.0,0.0,2.0,0.0,0.4,0.1,,,,,,,,,,,,,,,,,,,,,,,,,,,,,,,,,,,,,,,,,-123.3,-123.3,-123.3,-123.3,1.0,0.0,2.0,0.0,0.4,0.1,0.0,0.0,0.0,0.0,1.0,0.0,2.0,0.0,0.4,0.1,-90.2,-90.2,-90.2,-90.2,1.0,0.0,2.0,0.0,0.4,0.1,0.0,0.0,0.0,0.0,1.0,0.0,2.0,0.0,0.4,0.1,,,,,,,,,,,,,,,,,,,,,,,,,,,,,,,,,,,,,,,,
1974,2,197.0,-7.0,27.48,28.5,29.52,28.5,2.0,2.12,22.0,0.5,0.4,0.5,26.81,27.7,28.59,27.7,2.0,1.84,22.0,0.5,0.4,0.5,18.7,18.7,18.7,18.7,1.0,0.0,26.0,1.0,0.2,0.5,74.4,74.4,74.4,74.4,1.0,0.0,26.0,1.0,0.5,4.75,6.35,7.95,6.35,2.0,3.32,22.0,0.5,0.4,0.5,-7.53,-5.28,-3.04,-5.28,2.0,4.64,22.0,0.5,0.4,0.5,-3.15,-2.49,-1.82,-2.49,2.0,1.38,22.0,0.5,0.4,0.5,1005.81,1006.9,1007.99,1006.9,2.0,2.26,22.0,0.5,0.4,0.5,2.0,2.0,2.0,2.0,2.0,0.0,22.0,0.5,0.4,0.5,-64.0,-41.3,-18.6,-41.3,2.0,47.1,22.0,0.5,0.4,0.5,-13.7,-13.5,-13.3,-13.5,2.0,0.5,22.0,0.5,0.4,0.5,-1.11,0.8,2.71,0.8,2.0,3.96,22.0,0.5,0.4,0.5,-12.4,-1.5,9.4,-1.5,2.0,22.5,22.0,0.5,0.4,0.5,3.7,3.7,3.7,3.7,1.0,0.0,26.0,1.0,0.2,0.5,32.2,32.2,32.2,32.2,1.0,0.0,26.0,1.0,0.2,0.5,-217.4,-150.6,-83.9,-150.6,2.0,138.4,22.0,0.5,0.4,0.5,-83.9,-67.6,-51.4,-67.6,2.0,33.7,22.0,0.5,0.4,0.5,-160.2,-160.2,-160.2,-160.2,1.0,0.0,26.0,1.0,0.2,0.5,-28.2,-28.2,-28.2,-28.2,1.0,0.0,26.0,1.0,0.2,0.5,-31.7,-31.7,-31.7,-31.7,1.0,0.0,26.0,1.0,0.2,0.5,-5.6,-5.6,-5.6,-5.6,1.0,0.0,26.0,1.0,0.2,0.5,158.5,361.5,564.0,361.5,2.0,420.5,22.0,0.5,0.4,0.5,160.0,360.0,565.0,360.0,2.0,420.0,22.0,0.5,0.4,0.5
1974,2,197.0,-6.0,26.7,26.7,26.7,26.7,1.0,0.0,12.0,0.0,1.0,0.8,27.3,27.3,27.3,27.3,1.0,0.0,12.0,0.0,1.0,0.8,15.75,15.75,15.75,15.75,1.0,0.0,12.0,0.0,1.0,0.8,69.3,69.3,69.3,69.3,1.0,0.0,12.0,0.0,0.8,4.1,4.1,4.1,4.1,1.0,0.0,12.0,0.0,1.0,0.8,-3.14,-3.14,-3.14,-3.14,1.0,0.0,12.0,0.0,1.0,0.8,-2.64,-2.64,-2.64,-2.64,1.0,0.0,12.0,0.0,1.0,0.8,1008.3,1008.3,1008.3,1008.3,1.0,0.0,12.0,0.0,1.0,0.8,2.0,2.0,2.0,2.0,1.0,0.0,12.0,0.0,1.0,0.8,-12.9,-12.9,-12.9,-12.9,1.0,0.0,12.0,0.0,1.0,0.8,-10.8,-10.8,-10.8,-10.8,1.0,0.0,12.0,0.0,1.0,0.8,-0.6,-0.6,-0.6,-0.6,1.0,0.0,12.0,0.0,1.0,0.8,-2.5,-2.5,-2.5,-2.5,1.0,0.0,12.0,0.0,1.0,0.8,6.26,6.26,6.26,6.26,1.0,0.0,12.0,0.0,1.0,0.8,25.7,25.7,25.7,25.7,1.0,0.0,12.0,0.0,1.0,0.8,-85.7,-85.7,-85.7,-85.7,1.0,0.0,12.0,0.0,1.0,0.8,-71.9,-71.9,-71.9,-71.9,1.0,0.0,12.0,0.0,1.0,0.8,-49.5,-49.5,-49.5,-49.5,1.0,0.0,12.0,0.0,1.0,0.8,-41.5,-41.5,-41.5,-41.5,1.0,0.0,12.0,0.0,1.0,0.8,-19.7,-19.7,-19.7,-19.7,1.0,0.0,12.0,0.0,1.0,0.8,-16.5,-16.5,-16.5,-16.5,1.0,0.0,12.0,0.0,1.0,0.8,69.0,69.0,69.0,69.0,1.0,0.0,12.0,0.0,1.0,0.8,70.0,70.0,70.0,70.0,1.0,0.0,12.0,0.0,1.0,0.8
1974,2,197.0,-1.0,25.0,25.0,25.0,25.0,1.0,0.0,18.0,0.0,0.5,0.4,24.59,25.0,25.41,25.0,3.0,0.6,16.0,0.3,0.5,0.7,16.88,17.41,18.27,17.57,3.0,1.03,16.0,0.3,0.5,0.7,86.1,90.8,90.9,88.5,3.0,4.0,16.0,0.3,0.7,6.68,7.7,9.13,7.9,3.0,1.81,16.0,0.3,0.5,0.7,-8.99,-7.58,-6.57,-7.78,3.0,1.78,16.0,0.3,0.5,0.7,-1.5,-1.08,0.57,-0.48,3.0,1.6,16.0,0.3,0.5,0.7,1007.29,1009.2,1009.88,1008.6,3.0,1.97,16.0,0.3,0.5,0.7,0.0,0.0,1.4,0.7,3.0,1.2,16.0,0.3,0.5,0.7,-83.1,-58.4,-44.4,-63.6,3.0,28.7,16.0,0.3,0.5,0.7,-13.5,-6.7,4.9,-4.4,3.0,13.6,16.0,0.3,0.5,0.7,0.0,0.0,0.0,0.0,1.0,0.0,18.0,0.0,0.5,0.4,0.0,0.0,0.0,0.0,1.0,0.0,18.0,0.0,0.5,0.4,3.22,3.22,3.22,3.22,1.0,0.0,18.0,0.0,0.5,0.4,24.8,24.8,24.8,24.8,1.0,0.0,18.0,0.0,0.5,0.4,-228.8,-189.6,-161.9,-195.2,3.0,49.3,16.0,0.3,0.5,0.7,-38.1,-26.3,14.5,-12.1,3.0,40.4,16.0,0.3,0.5,0.7,-163.0,-126.1,-112.6,-137.5,3.0,38.2,16.0,0.3,0.5,0.7,-27.6,-18.7,9.2,-9.4,3.0,28.2,16.0,0.3,0.5,0.7,-24.4,-24.4,-24.4,-24.4,1.0,0.0,18.0,0.0,0.5,0.4,4.3,4.3,4.3,4.3,1.0,0.0,18.0,0.0,0.5,0.4,307.5,456.5,787.5,545.5,3.0,360.0,16.0,0.3,0.5,0.7,310.0,455.0,785.0,545.0,3.0,360.0,16.0,0.3,0.5,0.7
1974,2,197.0,0.0,,,,,,,,,,,,,,,,,,,,,,,,,,,,,,,,,,,,,,,,8.2,8.2,8.2,8.2,1.0,0.0,26.0,0.0,0.6,0.3,-8.2,-8.2,-8.2,-8.2,1.0,0.0,26.0,0.0,0.6,0.3,0.0,0.0,0.0,0.0,1.0,0.0,26.0,0.0,0.6,0.3,1006.4,1006.4,1006.4,1006.4,1.0,0.0,26.0,0.0,0.6,0.3,0.0,0.0,0.0,0.0,1.0,0.0,26.0,0.0,0.6,0.3,-67.2,-67.2,-67.2,-67.2,1.0,0.0,26.0,0.0,0.6,0.3,0.0,0.0,0.0,0.0,1.0,0.0,26.0,0.0,0.6,0.3,,,,,,,,,,,,,,,,,,,,,,,,,,,,,,,,,,,,,,,,,-200.1,-200.1,-200.1,-200.1,1.0,0.0,26.0,0.0,0.6,0.3,0.0,0.0,0.0,0.0,1.0,0.0,26.0,0.0,0.6,0.3,-142.8,-142.8,-142.8,-142.8,1.0,0.0,26.0,0.0,0.6,0.3,0.0,0.0,0.0,0.0,1.0,0.0,26.0,0.0,0.6,0.3,,,,,,,,,,,,,,,,,,,,,,,,,,,,,,,,,,,,,,,,
1974,2,197.0,1.0,25.0,25.0,25.0,25.0,1.0,0.0,20.0,0.0,0.2,0.9,25.6,25.6,25.6,25.6,1.0,0.0,20.0,0.0,0.2,0.9,17.88,17.88,17.88,17.88,1.0,0.0,20.0,0.0,0.2,0.9,87.1,87.1,87.1,87.1,1.0,0.0,20.0,0.0,0.9,7.7,7.7,7.7,7.7,1.0,0.0,20.0,0.0,0.2,0.9,-7.7,-7.7,-7.7,-7.7,1.0,0.0,20.0,0.0,0.2,0.9,0.0,0.0,0.0,0.0,1.0,0.0,20.0,0.0,0.2,0.9,1010.5,1010.5,1010.5,1010.5,1.0,0.0,20.0,0.0,0.2,0.9,4.0,4.0,4.0,4.0,1.0,0.0,20.0,0.0,0.2,0.9,-59.3,-59.3,-59.3,-59.3,1.0,0.0,20.0,0.0,0.2,0.9,0.0,0.0,0.0,0.0,1.0,0.0,20.0,0.0,0.2,0.9,-0.6,-0.6,-0.6,-0.6,1.0,0.0,20.0,0.0,0.2,0.9,-4.6,-4.6,-4.6,-4.6,1.0,0.0,20.0,0.0,0.2,0.9,1.95,1.95,1.95,1.95,1.0,0.0,20.0,0.0,0.2,0.9,15.0,15.0,15.0,15.0,1.0,0.0,20.0,0.0,0.2,0.9,-197.1,-197.1,-197.1,-197.1,1.0,0.0,20.0,0.0,0.2,0.9,0.0,0.0,0.0,0.0,1.0,0.0,20.0,0.0,0.2,0.9,-137.7,-137.7,-137.7,-137.7,1.0,0.0,20.0,0.0,0.2,0.9,0.0,0.0,0.0,0.0,1.0,0.0,20.0,0.0,0.2,0.9,-15.0,-15.0,-15.0,-15.0,1.0,0.0,20.0,0.0,0.2,0.9,0.0,0.0,0.0,0.0,1.0,0.0,20.0,0.0,0.2,0.9,456.5,456.5,456.5,456.5,1.0,0.0,20.0,0.0,0.2,0.9,455.0,455.0,455.0,455.0,1.0,0.0,20.0,0.0,0.2,0.9
1974,2,197.0,3.0,25.3,25.3,25.3,25.3,1.0,0.0,28.0,0.0,0.2,0.5,25.4,25.4,25.4,25.4,1.0,0.0,28.0,0.0,0.2,0.5,18.16,18.16,18.16,18.16,1.0,0.0,28.0,0.0,0.2,0.5,89.2,89.2,89.2,89.2,1.0,0.0,28.0,0.0,0.5,6.2,6.2,6.2,6.2,1.0,0.0,28.0,0.0,0.2,0.5,-6.11,-6.11,-6.11,-6.11,1.0,0.0,28.0,0.0,0.2,0.5,-1.08,-1.08,-1.08,-1.08,1.0,0.0,28.0,0.0,0.2,0.5,1007.2,1007.2,1007.2,1007.2,1.0,0.0,28.0,0.0,0.2,0.5,1.0,1.0,1.0,1.0,1.0,0.0,28.0,0.0,0.2,0.5,-37.9,-37.9,-37.9,-37.9,1.0,0.0,28.0,0.0,0.2,0.5,-6.7,-6.7,-6.7,-6.7,1.0,0.0,28.0,0.0,0.2,0.5,-0.1,-0.1,-0.1,-0.1,1.0,0.0,28.0,0.0,0.2,0.5,-0.6,-0.6,-0.6,-0.6,1.0,0.0,28.0,0.0,0.2,0.5,2.1,2.1,2.1,2.1,1.0,0.0,28.0,0.0,0.2,0.5,13.0,13.0,13.0,13.0,1.0,0.0,28.0,0.0,0.2,0.5,-155.1,-155.1,-155.1,-155.1,1.0,0.0,28.0,0.0,0.2,0.5,-27.3,-27.3,-27.3,-27.3,1.0,0.0,28.0,0.0,0.2,0.5,-110.9,-110.9,-110.9,-110.9,1.0,0.0,28.0,0.0,0.2,0.5,-19.5,-19.5,-19.5,-19.5,1.0,0.0,28.0,0.0,0.2,0.5,-12.8,-12.8,-12.8,-12.8,1.0,0.0,28.0,0.0,0.2,0.5,-2.3,-2.3,-2.3,-2.3,1.0,0.0,28.0,0.0,0.2,0.5,238.5,238.5,238.5,238.5,1.0,0.0,28.0,0.0,0.2,0.5,240.0,240.0,240.0,240.0,1.0,0.0,28.0,0.0,0.2,0.5
1974,2,197.0,4.0,26.1,26.1,26.1,26.1,1.0,0.0,26.0,1.0,0.1,0.0,25.01,25.45,25.89,25.45,2.0,0.92,22.0,0.5,0.3,0.3,17.99,18.3,18.6,18.3,2.0,0.63,22.0,0.5,0.3,0.3,88.6,89.5,90.4,89.5,2.0,1.8,22.0,0.5,0.3,6.31,10.0,13.69,10.0,2.0,7.64,22.0,0.5,0.3,0.3,-13.49,-9.88,-6.28,-9.88,2.0,7.47,22.0,0.5,0.3,0.3,0.42,1.34,2.25,1.34,2.0,1.89,22.0,0.5,0.3,0.3,1005.93,1006.0,1006.07,1006.0,2.0,0.14,22.0,0.5,0.3,0.3,5.0,5.0,7.0,6.0,3.0,1.7,18.0,0.3,0.4,0.5,-199.8,-127.4,-54.9,-127.4,2.0,150.2,22.0,0.5,0.3,0.3,6.5,20.6,34.6,20.6,2.0,29.1,22.0,0.5,0.3,0.3,0.0,0.0,0.0,0.0,1.0,0.0,26.0,1.0,0.1,0.0,0.0,0.0,0.0,0.0,1.0,0.0,26.0,1.0,0.1,0.0,2.53,2.53,2.53,2.53,1.0,0.0,26.0,1.0,0.1,0.0,11.7,11.7,11.7,11.7,1.0,0.0,26.0,1.0,0.1,0.0,-335.5,-248.1,-160.7,-248.1,2.0,181.1,22.0,0.5,0.3,0.3,10.5,33.2,55.8,33.2,2.0,46.9,22.0,0.5,0.3,0.3,-241.5,-178.5,-115.5,-178.5,2.0,130.5,22.0,0.5,0.3,0.3,7.6,23.9,40.2,23.9,2.0,33.8,22.0,0.5,0.3,0.3,-11.7,-11.7,-11.7,-11.7,1.0,0.0,26.0,1.0,0.1,0.0,0.0,0.0,0.0,0.0,1.0,0.0,26.0,1.0,0.1,0.0,661.5,1875.0,3088.0,1875.0,2.0,2513.5,22.0,0.5,0.3,0.3,660.0,1875.0,3090.0,1875.0,2.0,2515.0,22.0,0.5,0.3,0.3
1974,2,197.0,5.0,27.2,27.2,27.2,27.2,1.0,0.0,28.0,0.0,0.7,0.0,25.6,25.6,25.6,25.6,1.0,0.0,28.0,0.0,0.7,0.0,18.38,18.38,18.38,18.38,1.0,0.0,28.0,0.0,0.7,0.0,89.3,89.3,89.3,89.3,1.0,0.0,28.0,0.0,0.0,5.7,5.7,5.7,5.7,1.0,0.0,28.0,0.0,0.7,0.0,-5.61,-5.61,-5.61,-5.61,1.0,0.0,28.0,0.0,0.7,0.0,-0.99,-0.99,-0.99,-0.99,1.0,0.0,28.0,0.0,0.7,0.0,1007.2,1007.2,1007.2,1007.2,1.0,0.0,28.0,0.0,0.7,0.0,1.0,1.0,1.0,1.0,1.0,0.0,28.0,0.0,0.7,0.0,-32.0,-32.0,-32.0,-32.0,1.0,0.0,28.0,0.0,0.7,0.0,-5.6,-5.6,-5.6,-5.6,1.0,0.0,28.0,0.0,0.7,0.0,1.6,1.6,1.6,1.6,1.0,0.0,28.0,0.0,0.7,0.0,9.1,9.1,9.1,9.1,1.0,0.0,28.0,0.0,0.7,0.0,4.32,4.32,4.32,4.32,1.0,0.0,28.0,0.0,0.7,0.0,24.6,24.6,24.6,24.6,1.0,0.0,28.0,0.0,0.7,0.0,-143.7,-143.7,-143.7,-143.7,1.0,0.0,28.0,0.0,0.7,0.0,-25.3,-25.3,-25.3,-25.3,1.0,0.0,28.0,0.0,0.7,0.0,-103.2,-103.2,-103.2,-103.2,1.0,0.0,28.0,0.0,0.7,0.0,-18.2,-18.2,-18.2,-18.2,1.0,0.0,28.0,0.0,0.7,0.0,-24.2,-24.2,-24.2,-24.2,1.0,0.0,28.0,0.0,0.7,0.0,-4.3,-4.3,-4.3,-4.3,1.0,0.0,28.0,0.0,0.7,0.0,185.0,185.0,185.0,185.0,1.0,0.0,28.0,0.0,0.7,0.0,185.0,185.0,185.0,185.0,1.0,0.0,28.0,0.0,0.7,0.0
1974,2,197.0,7.0,27.16,27.5,27.84,27.5,2.0,0.71,12.0,0.0,0.4,0.9,26.0,26.0,26.0,26.0,2.0,0.0,12.0,0.0,0.4,0.9,17.66,17.77,17.88,17.77,2.0,0.23,12.0,0.0,0.4,0.9,83.8,84.3,84.8,84.3,2.0,1.1,12.0,0.0,0.9,7.78,7.95,8.12,7.95,2.0,0.35,12.0,0.0,0.4,0.9,-8.12,-7.95,-7.78,-7.95,2.0,0.35,12.0,0.0,0.4,0.9,0.0,0.0,0.0,0.0,2.0,0.0,12.0,0.0,0.4,0.9,1007.5,1007.5,1007.5,1007.5,2.0,0.0,12.0,0.0,0.4,0.9,8.0,8.0,8.0,8.0,2.0,0.0,12.0,0.0,0.4,0.9,-66.0,-63.3,-60.6,-63.3,2.0,5.6,12.0,0.0,0.4,0.9,0.0,0.0,0.0,0.0,2.0,0.0,12.0,0.0,0.4,0.9,1.16,1.5,1.84,1.5,2.0,0.71,12.0,0.0,0.4,0.9,9.3,11.8,14.3,11.8,2.0,5.1,12.0,0.0,0.4,0.9,4.76,5.34,5.92,5.34,2.0,1.2,12.0,0.0,0.4,0.9,38.5,42.2,45.9,42.2,2.0,7.7,12.0,0.0,0.4,0.9,-211.1,-206.7,-202.3,-206.7,2.0,9.2,12.0,0.0,0.4,0.9,0.0,0.0,0.0,0.0,2.0,0.0,12.0,0.0,0.4,0.9,-145.2,-141.3,-137.4,-141.3,2.0,8.1,12.0,0.0,0.4,0.9,0.0,0.0,0.0,0.0,2.0,0.0,12.0,0.0,0.4,0.9,-45.9,-42.2,-38.5,-42.2,2.0,7.7,12.0,0.0,0.4,0.9,0.0,0.0,0.0,0.0,2.0,0.0,12.0,0.0,0.4,0.9,471.5,504.0,536.5,504.0,2.0,67.0,12.0,0.0,0.4,0.9,470.0,505.0,535.0,505.0,2.0,65.0,12.0,0.0,0.4,0.9
1974,2,197.0,9.0,27.0,27.0,27.0,27.0,1.0,0.0,12.0,1.0,0.9,0.4,25.0,25.0,25.0,25.0,1.0,0.0,12.0,1.0,0.9,0.4,16.12,16.12,16.12,16.12,1.0,0.0,12.0,1.0,0.9,0.4,81.4,81.4,81.4,81.4,1.0,0.0,12.0,1.0,0.4,11.3,11.3,11.3,11.3,1.0,0.0,12.0,1.0,0.9,0.4,-10.62,-10.62,-10.62,-10.62,1.0,0.0,12.0,1.0,0.9,0.4,-3.86,-3.86,-3.86,-3.86,1.0,0.0,12.0,1.0,0.9,0.4,1009.6,1009.6,1009.6,1009.6,1.0,0.0,12.0,1.0,0.9,0.4,8.0,8.0,8.0,8.0,1.0,0.0,12.0,1.0,0.9,0.4,-120.0,-120.0,-120.0,-120.0,1.0,0.0,12.0,1.0,0.9,0.4,-43.7,-43.7,-43.7,-43.7,1.0,0.0,12.0,1.0,0.9,0.4,2.0,2.0,2.0,2.0,1.0,0.0,12.0,1.0,0.9,0.4,22.6,22.6,22.6,22.6,1.0,0.0,12.0,1.0,0.9,0.4,6.25,6.25,6.25,6.25,1.0,0.0,12.0,1.0,0.9,0.4,70.7,70.7,70.7,70.7,1.0,0.0,12.0,1.0,0.9,0.4,-265.5,-265.5,-265.5,-265.5,1.0,0.0,12.0,1.0,0.9,0.4,-96.6,-96.6,-96.6,-96.6,1.0,0.0,12.0,1.0,0.9,0.4,-171.2,-171.2,-171.2,-171.2,1.0,0.0,12.0,1.0,0.9,0.4,-62.3,-62.3,-62.3,-62.3,1.0,0.0,12.0,1.0,0.9,0.4,-66.4,-66.4,-66.4,-66.4,1.0,0.0,12.0,1.0,0.9,0.4,-24.2,-24.2,-24.2,-24.2,1.0,0.0,12.0,1.0,0.9,0.4,1443.0,1443.0,1443.0,1443.0,1.0,0.0,12.0,1.0,0.9,0.4,1445.0,1445.0,1445.0,1445.0,1.0,0.0,12.0,1.0,0.9,0.4
1974,2,197.0,10.0,27.3,27.5,27.7,27.5,2.0,0.42,18.0,0.5,0.9,0.5,25.45,27.7,27.9,26.7,3.0,2.0,18.0,0.7,0.8,0.6,18.34,19.99,21.63,19.99,2.0,3.41,18.0,0.5,0.9,0.5,92.6,93.9,95.3,93.9,2.0,2.9,18.0,0.5,0.5,4.1,4.1,4.1,4.1,1.0,0.0,18.0,1.0,0.6,0.8,-4.1,-4.1,-4.1,-4.1,1.0,0.0,18.0,1.0,0.6,0.8,0.0,0.0,0.0,0.0,1.0,0.0,18.0,1.0,0.6,0.8,1008.68,1008.85,1009.02,1008.85,2.0,0.35,18.0,0.5,0.9,0.5,0.8,2.5,4.2,2.5,2.0,3.5,20.0,1.0,0.7,0.5,-16.8,-16.8,-16.8,-16.8,1.0,0.0,18.0,1.0,0.6,0.8,0.0,0.0,0.0,0.0,1.0,0.0,18.0,1.0,0.6,0.8,,,,,,,,,,,,,,,,,,,,,,,,,,,,,,,,,,,,,,,,,,,,,,,,,,,,,,,,,,,,,,,,,,,,,,,,,,,,,,,,,,,,,,,,,,,,,,,,,,,,,,,,,,,,,,,,,,,,,,,,
1974,2,197.0,11.0,26.0,26.0,26.0,26.0,2.0,0.0,20.0,1.0,0.1,0.3,26.4,26.4,26.4,26.4,1.0,0.0,20.0,1.0,0.1,0.3,13.69,13.69,13.69,13.69,1.0,0.0,20.0,1.0,0.1,0.3,63.8,63.8,63.8,63.8,1.0,0.0,20.0,1.0,0.3,10.8,10.8,10.8,10.8,1.0,0.0,20.0,1.0,0.1,0.3,-10.64,-10.64,-10.64,-10.64,1.0,0.0,20.0,1.0,0.1,0.3,-1.88,-1.88,-1.88,-1.88,1.0,0.0,20.0,1.0,0.1,0.3,1010.6,1010.6,1010.6,1010.6,1.0,0.0,20.0,1.0,0.1,0.3,2.0,2.0,2.0,2.0,1.0,0.0,20.0,1.0,0.1,0.3,-114.9,-114.9,-114.9,-114.9,1.0,0.0,20.0,1.0,0.1,0.3,-20.3,-20.3,-20.3,-20.3,1.0,0.0,20.0,1.0,0.1,0.3,-0.4,-0.4,-0.4,-0.4,1.0,0.0,20.0,1.0,0.1,0.3,-4.3,-4.3,-4.3,-4.3,1.0,0.0,20.0,1.0,0.1,0.3,7.36,7.36,7.36,7.36,1.0,0.0,20.0,1.0,0.1,0.3,79.5,79.5,79.5,79.5,1.0,0.0,20.0,1.0,0.1,0.3,-280.8,-280.8,-280.8,-280.8,1.0,0.0,20.0,1.0,0.1,0.3,-49.5,-49.5,-49.5,-49.5,1.0,0.0,20.0,1.0,0.1,0.3,-145.6,-145.6,-145.6,-145.6,1.0,0.0,20.0,1.0,0.1,0.3,-25.7,-25.7,-25.7,-25.7,1.0,0.0,20.0,1.0,0.1,0.3,-78.3,-78.3,-78.3,-78.3,1.0,0.0,20.0,1.0,0.1,0.3,-13.8,-13.8,-13.8,-13.8,1.0,0.0,20.0,1.0,0.1,0.3,1259.5,1259.5,1259.5,1259.5,1.0,0.0,20.0,1.0,0.1,0.3,1260.0,1260.0,1260.0,1260.0,1.0,0.0,20.0,1.0,0.1,0.3
1974,2,197.0,12.0,25.8,25.9,26.78,26.34,5.0,1.1,22.0,0.4,0.7,0.5,26.4,26.45,26.76,26.58,4.0,0.29,24.0,0.5,0.6,0.6,14.58,14.6,18.17,16.33,3.0,3.03,22.0,0.3,0.7,0.5,67.9,67.9,84.0,75.8,3.0,13.6,22.0,0.3,0.5,5.55,8.5,10.09,7.85,4.0,3.1,24.0,0.5,0.6,0.6,-9.74,-8.44,-5.38,-7.6,4.0,3.01,24.0,0.5,0.6,0.6,-2.57,-1.28,-0.59,-1.57,4.0,1.54,24.0,0.5,0.6,0.6,1009.62,1010.3,1010.85,1010.23,3.0,0.9,22.0,0.3,0.7,0.5,2.0,2.5,4.0,3.0,4.0,1.4,24.0,0.5,0.6,0.6,-98.6,-72.4,-34.2,-66.7,4.0,41.9,24.0,0.5,0.6,0.6,-25.8,-7.4,-2.1,-13.7,4.0,18.0,24.0,0.5,0.6,0.6,-0.57,-0.5,1.07,0.23,3.0,1.36,22.0,0.3,0.7,0.5,-5.9,-4.6,8.0,0.9,3.0,11.3,22.0,0.3,0.7,0.5,4.93,6.22,6.31,5.63,3.0,1.14,22.0,0.3,0.7,0.5,41.5,59.1,64.6,53.2,3.0,17.7,22.0,0.3,0.7,0.5,-257.3,-223.2,-143.5,-201.4,4.0,78.5,24.0,0.5,0.6,0.6,-68.0,-34.3,-15.8,-41.5,4.0,40.7,24.0,0.5,0.6,0.6,-149.6,-147.9,-139.6,-144.7,3.0,7.8,22.0,0.3,0.7,0.5,-45.2,-26.5,-8.4,-26.8,3.0,26.9,22.0,0.3,0.7,0.5,-61.9,-59.1,-41.1,-51.7,3.0,16.5,22.0,0.3,0.7,0.5,-17.5,-5.8,-1.8,-9.6,3.0,12.0,22.0,0.3,0.7,0.5,242.0,630.5,1043.0,642.0,4.0,515.5,24.0,0.5,0.6,0.6,240.0,630.0,1045.0,640.0,4.0,515.0,24.0,0.5,0.6,0.6
1974,2,197.0,14.0,25.6,25.6,25.6,25.6,1.0,0.0,16.0,0.0,0.9,0.4,24.8,24.8,24.8,24.8,1.0,0.0,16.0,0.0,0.9,0.4,16.92,16.92,16.92,16.92,1.0,0.0,16.0,0.0,0.9,0.4,87.1,87.1,87.1,87.1,1.0,0.0,16.0,0.0,0.4,10.3,10.3,10.3,10.3,1.0,0.0,16.0,0.0,0.9,0.4,-10.14,-10.14,-10.14,-10.14,1.0,0.0,16.0,0.0,0.9,0.4,-1.79,-1.79,-1.79,-1.79,1.0,0.0,16.0,0.0,0.9,0.4,1016.4,1016.4,1016.4,1016.4,1.0,0.0,16.0,0.0,0.9,0.4,0.0,0.0,0.0,0.0,1.0,0.0,16.0,0.0,0.9,0.4,-104.5,-104.5,-104.5,-104.5,1.0,0.0,16.0,0.0,0.9,0.4,-18.4,-18.4,-18.4,-18.4,1.0,0.0,16.0,0.0,0.9,0.4,0.8,0.8,0.8,0.8,1.0,0.0,16.0,0.0,0.9,0.4,8.2,8.2,8.2,8.2,1.0,0.0,16.0,0.0,0.9,0.4,3.51,3.51,3.51,3.51,1.0,0.0,16.0,0.0,0.9,0.4,36.2,36.2,36.2,36.2,1.0,0.0,16.0,0.0,0.9,0.4,-251.6,-251.6,-251.6,-251.6,1.0,0.0,16.0,0.0,0.9,0.4,-44.4,-44.4,-44.4,-44.4,1.0,0.0,16.0,0.0,0.9,0.4,-171.7,-171.7,-171.7,-171.7,1.0,0.0,16.0,0.0,0.9,0.4,-30.3,-30.3,-30.3,-30.3,1.0,0.0,16.0,0.0,0.9,0.4,-35.6,-35.6,-35.6,-35.6,1.0,0.0,16.0,0.0,0.9,0.4,-6.3,-6.3,-6.3,-6.3,1.0,0.0,16.0,0.0,0.9,0.4,1092.5,1092.5,1092.5,1092.5,1.0,0.0,16.0,0.0,0.9,0.4,1095.0,1095.0,1095.0,1095.0,1.0,0.0,16.0,0.0,0.9,0.4
1974,2,197.0,15.0,25.16,25.5,25.84,25.5,3.0,0.5,14.0,0.3,0.5,0.5,23.08,23.75,24.52,23.8,4.0,0.96,16.0,0.5,0.4,0.4,14.63,15.04,16.06,15.34,3.0,1.08,14.0,0.3,0.5,0.5,81.4,83.9,86.7,84.0,3.0,3.9,14.0,0.3,0.5,6.58,9.8,11.35,9.0,4.0,3.5,16.0,0.5,0.4,0.4,-11.27,-9.72,-6.58,-8.96,4.0,3.48,16.0,0.5,0.4,0.4,-0.94,0.0,0.0,-0.45,4.0,0.89,16.0,0.5,0.4,0.4,1014.32,1015.0,1016.37,1015.33,3.0,1.53,14.0,0.3,0.5,0.5,2.0,4.0,7.0,4.5,4.0,3.0,16.0,0.5,0.4,0.4,-129.0,-95.5,-50.0,-89.8,4.0,55.8,16.0,0.5,0.4,0.4,-9.7,0.0,0.0,-4.6,4.0,9.2,16.0,0.5,0.4,0.4,1.16,1.5,2.39,1.77,3.0,0.93,14.0,0.3,0.5,0.5,11.3,15.5,28.4,19.7,3.0,13.1,14.0,0.3,0.5,0.5,4.69,5.26,5.3,5.0,3.0,0.5,14.0,0.3,0.5,0.5,45.5,54.8,61.6,53.6,3.0,11.8,14.0,0.3,0.5,0.5,-259.8,-235.4,-162.2,-212.1,4.0,78.6,16.0,0.5,0.4,0.4,-22.0,0.0,0.0,-10.5,4.0,21.0,16.0,0.5,0.4,0.4,-175.1,-153.8,-148.8,-161.7,3.0,20.5,14.0,0.3,0.5,0.5,-17.6,0.0,0.0,-8.6,3.0,14.9,14.0,0.3,0.5,0.5,-61.3,-53.9,-45.2,-53.3,3.0,11.8,14.0,0.3,0.5,0.5,-6.5,0.0,0.0,-3.2,3.0,5.5,14.0,0.3,0.5,0.5,419.0,948.5,1495.0,956.5,4.0,741.0,16.0,0.5,0.4,0.4,420.0,950.0,1495.0,955.0,4.0,740.0,16.0,0.5,0.4,0.4
1974,2,197.0,16.0,26.0,26.0,26.0,26.0,1.0,0.0,26.0,0.0,0.9,0.5,24.4,24.4,24.4,24.4,1.0,0.0,26.0,0.0,0.9,0.5,16.16,16.16,16.16,16.16,1.0,0.0,26.0,0.0,0.9,0.5,84.9,84.9,84.9,84.9,1.0,0.0,26.0,0.0,0.5,7.7,7.7,7.7,7.7,1.0,0.0,26.0,0.0,0.9,0.5,-5.9,-5.9,-5.9,-5.9,1.0,0.0,26.0,0.0,0.9,0.5,4.95,4.95,4.95,4.95,1.0,0.0,26.0,0.0,0.9,0.5,1013.2,1013.2,1013.2,1013.2,1.0,0.0,26.0,0.0,0.9,0.5,1.0,1.0,1.0,1.0,1.0,0.0,26.0,0.0,0.9,0.5,-45.4,-45.4,-45.4,-45.4,1.0,0.0,26.0,0.0,0.9,0.5,38.1,38.1,38.1,38.1,1.0,0.0,26.0,0.0,0.9,0.5,1.6,1.6,1.6,1.6,1.0,0.0,26.0,0.0,0.9,0.5,12.3,12.3,12.3,12.3,1.0,0.0,26.0,0.0,0.9,0.5,4.84,4.84,4.84,4.84,1.0,0.0,26.0,0.0,0.9,0.5,37.3,37.3,37.3,37.3,1.0,0.0,26.0,0.0,0.9,0.5,-143.9,-143.9,-143.9,-143.9,1.0,0.0,26.0,0.0,0.9,0.5,120.8,120.8,120.8,120.8,1.0,0.0,26.0,0.0,0.9,0.5,-95.3,-95.3,-95.3,-95.3,1.0,0.0,26.0,0.0,0.9,0.5,80.0,80.0,80.0,80.0,1.0,0.0,26.0,0.0,0.9,0.5,-28.5,-28.5,-28.5,-28.5,1.0,0.0,26.0,0.0,0.9,0.5,23.9,23.9,23.9,23.9,1.0,0.0,26.0,0.0,0.9,0.5,456.5,456.5,456.5,456.5,1.0,0.0,26.0,0.0,0.9,0.5,455.0,455.0,455.0,455.0,1.0,0.0,26.0,0.0,0.9,0.5
1974,2,197.0,17.0,23.62,25.0,25.62,24.7,5.0,1.12,14.0,0.6,0.5,0.6,23.19,24.6,25.91,24.68,5.0,1.79,14.0,0.6,0.5,0.6,13.25,13.94,14.91,14.17,5.0,1.28,14.0,0.6,0.5,0.6,70.1,73.3,76.5,73.4,5.0,4.6,14.0,0.6,0.6,7.72,10.3,12.2,9.78,5.0,3.4,14.0,0.6,0.5,0.6,-11.13,-10.14,-7.63,-9.34,5.0,3.28,14.0,0.6,0.5,0.6,-1.95,-1.4,2.15,0.09,5.0,3.35,14.0,0.6,0.5,0.6,1013.63,1015.4,1016.59,1015.26,5.0,1.76,14.0,0.6,0.5,0.6,0.6,2.0,6.4,3.2,5.0,3.1,14.0,0.6,0.5,0.6,-136.4,-104.5,-66.7,-100.2,5.0,53.9,14.0,0.6,0.5,0.6,-22.2,-5.7,25.4,3.3,5.0,38.7,14.0,0.6,0.5,0.6,-1.31,0.0,1.24,0.02,5.0,1.44,14.0,0.6,0.5,0.6,-9.6,0.0,13.2,1.5,5.0,13.6,14.0,0.6,0.5,0.6,4.62,5.05,5.89,5.24,5.0,0.69,14.0,0.6,0.5,0.6,36.9,56.3,67.9,52.1,5.0,20.8,14.0,0.6,0.5,0.6,-275.6,-236.3,-181.8,-227.3,5.0,76.7,14.0,0.6,0.5,0.6,-46.9,-38.6,53.0,1.8,5.0,82.8,14.0,0.6,0.5,0.6,-153.0,-136.6,-108.0,-129.2,5.0,39.5,14.0,0.6,0.5,0.6,-25.9,-22.9,30.3,1.4,5.0,47.1,14.0,0.6,0.5,0.6,-63.4,-56.3,-36.1,-49.6,5.0,19.1,14.0,0.6,0.5,0.6,-9.3,-6.5,13.3,2.1,5.0,19.6,14.0,0.6,0.5,0.6,622.5,1092.5,1827.0,1178.5,5.0,782.5,14.0,0.6,0.5,0.6,625.0,1095.0,1825.0,1180.0,5.0,780.0,14.0,0.6,0.5,0.6
1974,2,197.0,18.0,25.5,25.5,25.5,25.5,2.0,0.0,14.0,0.5,0.6,0.3,25.0,25.0,25.0,25.0,2.0,0.0,14.0,0.5,0.6,0.3,15.72,16.69,17.67,16.69,2.0,2.01,14.0,0.5,0.6,0.3,79.8,84.7,89.7,84.7,2.0,10.2,14.0,0.5,0.3,5.09,6.15,7.21,6.15,2.0,2.19,14.0,0.5,0.6,0.3,-6.94,-5.55,-4.17,-5.55,2.0,2.87,14.0,0.5,0.6,0.3,-2.28,-0.81,0.66,-0.81,2.0,3.04,14.0,0.5,0.6,0.3,1014.25,1014.8,1015.35,1014.8,2.0,1.13,14.0,0.5,0.6,0.3,2.0,4.0,6.0,4.0,2.0,4.2,14.0,0.5,0.6,0.3,-51.7,-37.3,-22.9,-37.3,2.0,29.8,14.0,0.5,0.6,0.3,-9.8,-1.7,6.5,-1.7,2.0,16.9,14.0,0.5,0.6,0.3,0.5,0.5,0.5,0.5,2.0,0.0,14.0,0.5,0.6,0.3,2.5,3.1,3.6,3.1,2.0,1.1,14.0,0.5,0.6,0.3,2.67,3.65,4.63,3.65,2.0,2.03,14.0,0.5,0.6,0.3,18.0,20.2,22.4,20.2,2.0,4.5,14.0,0.5,0.6,0.3,-173.5,-138.8,-104.2,-138.8,2.0,71.8,14.0,0.5,0.6,0.3,-56.9,-20.2,16.4,-20.2,2.0,75.9,14.0,0.5,0.6,0.3,-124.1,-95.6,-67.1,-95.6,2.0,59.1,14.0,0.5,0.6,0.3,-34.1,-10.5,13.2,-10.5,2.0,49.1,14.0,0.5,0.6,0.3,-17.7,-17.3,-17.0,-17.3,2.0,0.8,14.0,0.5,0.6,0.3,-12.2,-6.0,0.1,-6.0,2.0,12.7,14.0,0.5,0.6,0.3,154.5,277.0,399.5,277.0,2.0,254.0,14.0,0.5,0.6,0.3,155.0,275.0,400.0,275.0,2.0,255.0,14.0,0.5,0.6,0.3
1974,2,197.0,19.0,25.03,25.55,26.0,25.54,8.0,0.65,20.0,0.6,0.7,0.6,24.91,25.85,27.5,25.71,8.0,2.22,20.0,0.6,0.7,0.6,13.95,15.45,15.84,15.52,7.0,2.02,20.0,0.6,0.6,0.6,64.5,68.5,77.3,73.0,7.0,12.7,20.0,0.6,0.6,4.21,5.7,9.18,6.24,8.0,3.11,20.0,0.6,0.7,0.6,-8.21,-5.7,-1.12,-4.84,8.0,3.69,20.0,0.6,0.7,0.6,0.0,0.81,4.78,1.6,8.0,3.29,20.0,0.6,0.7,0.6,1014.01,1014.75,1015.89,1014.71,8.0,1.13,20.0,0.6,0.7,0.6,2.1,3.5,4.0,3.1,8.0,1.1,20.0,0.6,0.7,0.6,-82.7,-32.5,-1.8,-38.4,8.0,37.0,20.0,0.6,0.7,0.6,0.0,7.5,25.3,15.5,8.0,27.6,20.0,0.6,0.7,0.6,-1.5,-0.9,0.62,-0.17,8.0,1.94,20.0,0.6,0.7,0.6,-8.5,-3.8,2.6,-1.6,8.0,10.6,20.0,0.6,0.7,0.6,3.42,5.51,6.72,4.93,7.0,2.45,20.0,0.6,0.6,0.6,3.4,30.3,56.8,30.1,7.0,23.7,20.0,0.6,0.6,0.6,-214.8,-156.7,-28.3,-129.2,8.0,97.1,20.0,0.6,0.7,0.6,0.0,21.2,102.9,39.0,8.0,80.1,20.0,0.6,0.7,0.6,-126.8,-89.2,-28.0,-89.0,7.0,52.4,20.0,0.6,0.6,0.6,-2.4,0.0,45.8,21.5,7.0,58.0,20.0,0.6,0.6,0.6,-53.5,-30.3,-3.4,-27.6,7.0,23.7,20.0,0.6,0.6,0.6,-1.1,0.0,11.3,1.0,7.0,13.0,20.0,0.6,0.6,0.6,76.0,185.0,776.5,398.5,8.0,440.5,20.0,0.6,0.7,0.6,75.0,185.0,775.0,400.0,8.0,440.0,20.0,0.6,0.7,0.6
1974,2,197.0,20.0,24.0,24.2,25.21,24.62,11.0,0.88,16.0,0.5,0.6,0.4,23.68,23.9,25.07,24.21,11.0,0.94,16.0,0.5,0.6,0.4,14.62,15.46,16.07,15.25,11.0,1.04,16.0,0.5,0.6,0.4,76.4,82.3,86.8,81.5,11.0,5.0,16.0,0.5,0.4,2.47,4.1,5.1,3.93,12.0,1.82,14.0,0.6,0.6,0.4,-4.28,-3.7,-1.99,-3.5,12.0,1.76,14.0,0.6,0.6,0.4,-1.3,0.7,2.11,0.41,12.0,1.88,14.0,0.6,0.6,0.4,1016.76,1019.2,1020.35,1018.43,12.0,2.6,14.0,0.6,0.6,0.4,1.0,2.0,6.3,3.1,12.0,2.3,14.0,0.6,0.6,0.4,-21.1,-15.2,-4.4,-16.7,12.0,16.3,14.0,0.6,0.6,0.4,-3.8,2.4,9.3,3.0,12.0,9.8,14.0,0.6,0.6,0.4,-0.98,0.4,1.63,0.41,11.0,1.41,16.0,0.5,0.6,0.4,-4.5,1.6,4.1,1.2,11.0,5.8,16.0,0.5,0.6,0.4,2.71,3.24,5.31,3.98,11.0,1.72,16.0,0.5,0.6,0.4,9.4,13.0,25.0,17.0,11.0,10.9,16.0,0.5,0.6,0.4,-110.1,-91.7,-58.3,-91.0,11.0,39.3,16.0,0.5,0.6,0.4,-34.3,33.4,54.1,13.0,11.0,46.5,16.0,0.5,0.6,0.4,-69.9,-57.1,-38.2,-56.7,11.0,22.7,16.0,0.5,0.6,0.4,-22.4,21.0,34.6,8.5,11.0,28.3,16.0,0.5,0.6,0.4,-21.1,-11.1,-8.4,-14.7,11.0,9.0,16.0,0.5,0.6,0.4,-7.1,4.7,6.2,-0.2,11.0,10.7,16.0,0.5,0.6,0.4,15.5,69.0,132.5,100.5,12.0,149.0,14.0,0.6,0.6,0.4,15.0,70.0,135.0,100.0,12.0,150.0,14.0,0.6,0.6,0.4
1974,2,197.0,21.0,23.5,24.45,26.0,24.78,20.0,1.29,14.0,0.5,0.5,0.5,22.71,23.8,24.31,23.56,19.0,1.48,14.0,0.5,0.6,0.5,13.63,14.56,15.78,14.78,17.0,1.25,14.0,0.5,0.6,0.5,75.1,81.2,86.1,81.8,17.0,6.8,14.0,0.5,0.5,3.6,5.1,8.18,5.56,20.0,2.62,16.0,0.5,0.6,0.5,-6.09,-3.33,-0.87,-3.03,20.0,3.74,16.0,0.5,0.6,0.5,-3.9,1.23,3.9,0.81,20.0,3.88,16.0,0.5,0.6,0.5,1014.62,1016.4,1019.53,1016.71,21.0,2.57,14.0,0.5,0.5,0.6,1.0,3.5,6.0,3.5,22.0,2.0,16.0,0.5,0.5,0.5,-37.8,-12.5,-0.9,-20.5,20.0,33.4,16.0,0.5,0.6,0.5,-29.4,4.4,19.9,5.0,20.0,30.5,16.0,0.5,0.6,0.5,-0.35,0.5,3.05,0.94,17.0,2.04,14.0,0.4,0.6,0.5,-1.9,5.4,13.1,6.3,16.0,12.0,16.0,0.4,0.6,0.5,2.34,4.27,6.89,4.5,16.0,2.56,16.0,0.4,0.6,0.5,9.4,18.4,52.6,26.3,15.0,19.9,16.0,0.4,0.6,0.5,-128.6,-76.3,-22.9,-78.9,18.0,68.2,16.0,0.4,0.6,0.5,-81.1,28.7,80.0,18.2,18.0,84.7,16.0,0.4,0.6,0.5,-74.5,-47.5,-15.8,-49.5,16.0,43.5,16.0,0.4,0.6,0.5,-52.2,27.7,51.3,13.7,16.0,55.0,16.0,0.4,0.6,0.5,-38.0,-9.7,-5.4,-15.6,15.0,17.4,16.0,0.4,0.6,0.5,-21.9,5.3,13.6,-2.0,15.0,23.9,16.0,0.4,0.6,0.5,46.5,132.5,548.5,286.0,20.0,343.5,16.0,0.5,0.6,0.5,45.0,135.0,550.0,285.0,20.0,345.0,16.0,0.5,0.6,0.5
1974,2,197.0,22.0,22.8,23.7,25.0,23.76,10.0,1.0,16.0,0.3,0.6,0.4,21.59,23.0,23.98,23.17,11.0,1.97,16.0,0.3,0.5,0.4,13.43,13.92,14.64,14.27,11.0,1.49,16.0,0.3,0.5,0.4,78.1,80.2,84.0,81.0,11.0,4.5,16.0,0.3,0.4,6.2,7.2,7.91,7.25,11.0,1.01,16.0,0.3,0.5,0.4,-7.86,-5.9,-3.66,-5.68,11.0,2.67,16.0,0.3,0.5,0.4,-4.38,0.0,3.41,-0.59,11.0,3.99,16.0,0.3,0.5,0.4,1015.5,1017.5,1019.25,1017.4,11.0,1.86,16.0,0.3,0.5,0.4,0.0,2.0,5.4,3.0,11.0,2.6,16.0,0.3,0.5,0.4,-62.2,-45.4,-22.7,-42.7,11.0,24.2,16.0,0.3,0.5,0.4,-30.2,0.0,23.5,-4.4,11.0,27.8,16.0,0.3,0.5,0.4,-0.67,0.5,2.27,0.66,10.0,1.97,16.0,0.3,0.6,0.4,-5.1,3.6,15.2,5.2,10.0,13.9,16.0,0.3,0.6,0.4,3.34,4.11,4.98,4.03,10.0,1.22,16.0,0.3,0.6,0.4,25.7,30.3,36.8,29.8,10.0,9.5,16.0,0.3,0.6,0.4,-168.3,-141.0,-86.0,-130.1,11.0,58.5,16.0,0.3,0.5,0.4,-114.4,0.0,74.5,-16.1,11.0,94.6,16.0,0.3,0.5,0.4,-108.8,-87.5,-53.0,-80.4,11.0,36.3,16.0,0.3,0.5,0.4,-70.2,0.0,46.8,-9.5,11.0,57.8,16.0,0.3,0.5,0.4,-33.8,-26.5,-7.0,-22.9,10.0,14.0,16.0,0.3,0.6,0.4,-14.1,0.0,17.5,-0.2,10.0,17.3,16.0,0.3,0.6,0.4,238.5,373.0,495.5,402.5,11.0,174.0,16.0,0.3,0.5,0.4,240.0,375.0,495.0,400.0,11.0,175.0,16.0,0.3,0.5,0.4
1974,2,197.0,23.0,23.35,23.9,23.97,23.67,3.0,0.49,10.0,0.7,0.4,0.5,21.27,22.7,22.9,22.1,3.0,1.31,10.0,0.7,0.4,0.5,11.91,14.7,15.09,13.53,3.0,2.54,10.0,0.7,0.4,0.5,75.8,85.8,87.3,81.6,3.0,9.1,10.0,0.7,0.5,2.89,4.6,4.94,3.93,3.0,1.61,10.0,0.7,0.4,0.5,-3.29,-1.97,-1.7,-2.48,3.0,1.25,10.0,0.7,0.4,0.5,-3.99,-3.28,-0.55,-2.29,3.0,2.66,10.0,0.7,0.4,0.5,1016.55,1020.3,1022.42,1019.5,3.0,4.36,10.0,0.7,0.4,0.5,1.3,2.0,4.7,3.0,3.0,2.6,10.0,0.7,0.4,0.5,-15.9,-7.2,-5.1,-10.4,3.0,8.4,10.0,0.7,0.4,0.5,-18.9,-16.7,-4.3,-11.7,3.0,11.5,10.0,0.7,0.4,0.5,0.59,1.0,2.57,1.57,3.0,1.53,10.0,0.7,0.4,0.5,1.9,2.1,12.2,6.9,3.0,8.6,10.0,0.7,0.4,0.5,2.99,3.21,6.28,4.6,3.0,2.69,10.0,0.7,0.4,0.5,8.8,13.3,31.0,19.8,3.0,17.2,10.0,0.7,0.4,0.5,-69.3,-45.4,-38.8,-53.9,3.0,23.6,10.0,0.7,0.4,0.5,-88.4,-67.5,-10.2,-49.7,3.0,59.4,10.0,0.7,0.4,0.5,-37.9,-30.1,-25.4,-31.6,3.0,9.2,10.0,0.7,0.4,0.5,-54.4,-34.8,-3.5,-29.1,3.0,37.6,10.0,0.7,0.4,0.5,-22.6,-6.3,-5.1,-13.7,3.0,14.3,10.0,0.7,0.4,0.5,-21.2,-12.5,-2.4,-11.8,3.0,13.8,10.0,0.7,0.4,0.5,37.0,97.5,121.5,79.5,3.0,63.5,10.0,0.7,0.4,0.5,35.0,95.0,120.0,80.0,3.0,65.0,10.0,0.7,0.4,0.5
1974,2,197.0,24.0,22.0,22.0,22.0,22.0,2.0,0.0,6.0,0.5,0.6,0.4,22.5,22.5,22.5,22.5,1.0,0.0,12.0,0.0,0.3,0.6,12.62,12.62,12.62,12.62,1.0,0.0,12.0,0.0,0.3,0.6,75.2,75.2,75.2,75.2,1.0,0.0,12.0,0.0,0.6,3.66,5.95,8.24,5.95,2.0,4.74,6.0,0.5,0.6,0.4,-7.62,-5.21,-2.79,-5.21,2.0,5.0,6.0,0.5,0.6,0.4,-2.99,-2.59,-2.18,-2.59,2.0,0.84,6.0,0.5,0.6,0.4,1020.98,1021.8,1022.62,1021.8,2.0,1.7,6.0,0.5,0.6,0.4,2.1,4.5,6.9,4.5,2.0,4.9,6.0,0.5,0.6,0.4,-69.1,-42.8,-16.6,-42.8,2.0,54.4,6.0,0.5,0.6,0.4,-25.7,-17.4,-9.1,-17.4,2.0,17.3,6.0,0.5,0.6,0.4,-0.5,-0.5,-0.5,-0.5,1.0,0.0,12.0,0.0,0.3,0.6,-4.6,-4.6,-4.6,-4.6,1.0,0.0,12.0,0.0,0.3,0.6,3.69,3.69,3.69,3.69,1.0,0.0,12.0,0.0,0.3,0.6,34.3,34.3,34.3,34.3,1.0,0.0,12.0,0.0,0.3,0.6,-196.6,-196.6,-196.6,-196.6,1.0,0.0,12.0,0.0,0.3,0.6,-71.6,-71.6,-71.6,-71.6,1.0,0.0,12.0,0.0,0.3,0.6,-110.3,-110.3,-110.3,-110.3,1.0,0.0,12.0,0.0,0.3,0.6,-40.1,-40.1,-40.1,-40.1,1.0,0.0,12.0,0.0,0.3,0.6,-32.2,-32.2,-32.2,-32.2,1.0,0.0,12.0,0.0,0.3,0.6,-11.7,-11.7,-11.7,-11.7,1.0,0.0,12.0,0.0,0.3,0.6,142.5,411.0,679.5,411.0,2.0,556.5,6.0,0.5,0.6,0.4,140.0,410.0,680.0,410.0,2.0,555.0,6.0,0.5,0.6,0.4
1974,2,197.0,25.0,21.12,22.1,24.52,22.37,6.0,2.18,16.0,0.5,0.5,0.4,21.0,21.45,23.77,22.15,6.0,1.47,16.0,0.5,0.5,0.4,10.82,13.29,14.62,12.56,6.0,2.7,16.0,0.5,0.5,0.4,68.3,79.8,83.8,75.3,6.0,13.5,16.0,0.5,0.4,2.89,6.95,11.68,7.73,6.0,5.44,16.0,0.5,0.5,0.4,-11.56,-6.17,-1.21,-6.61,6.0,6.59,16.0,0.5,0.5,0.4,-1.43,0.53,2.71,0.71,6.0,2.22,16.0,0.5,0.5,0.4,1011.5,1016.3,1018.86,1014.63,6.0,6.67,16.0,0.5,0.5,0.4,3.2,6.5,7.0,5.2,6.0,2.8,16.0,0.5,0.5,0.4,-142.6,-43.9,-4.1,-80.6,6.0,109.3,16.0,0.5,0.5,0.4,-12.0,1.1,10.9,0.9,6.0,14.9,16.0,0.5,0.5,0.4,-2.12,0.55,1.75,0.22,6.0,2.08,16.0,0.5,0.5,0.4,-8.7,1.9,15.4,2.3,6.0,13.3,16.0,0.5,0.5,0.4,3.25,4.82,5.51,4.37,6.0,1.59,16.0,0.5,0.5,0.4,11.1,25.9,58.2,33.4,6.0,26.4,16.0,0.5,0.5,0.4,-265.8,-143.1,-25.3,-149.4,6.0,145.5,16.0,0.5,0.5,0.4,-34.6,11.0,57.1,13.7,6.0,48.8,16.0,0.5,0.5,0.4,-157.9,-89.1,-7.1,-85.9,6.0,83.2,16.0,0.5,0.5,0.4,-21.3,6.8,25.5,6.6,6.0,29.2,16.0,0.5,0.5,0.4,-57.6,-18.7,-8.0,-28.4,6.0,30.2,16.0,0.5,0.5,0.4,-3.6,1.9,15.7,4.7,6.0,11.3,16.0,0.5,0.5,0.4,25.5,347.5,1881.5,1123.5,6.0,1899.0,16.0,0.5,0.5,0.4,25.0,345.0,1880.0,1125.0,6.0,1900.0,16.0,0.5,0.5,0.4
1974,2,197.0,26.0,22.03,22.1,22.17,22.1,2.0,0.14,10.0,0.5,0.8,0.8,21.12,21.15,21.18,21.15,2.0,0.07,10.0,0.5,0.8,0.8,12.79,13.36,13.94,13.36,2.0,1.2,10.0,0.5,0.8,0.8,83.0,86.3,89.6,86.3,2.0,6.9,10.0,0.5,0.8,2.91,4.65,6.39,4.65,2.0,3.61,10.0,0.5,0.8,0.8,-5.89,-3.07,-0.26,-3.07,2.0,5.83,10.0,0.5,0.8,0.8,-1.53,-0.91,-0.29,-0.91,2.0,1.29,10.0,0.5,0.8,0.8,1018.6,1020.95,1023.31,1020.95,2.0,4.88,10.0,0.5,0.8,0.8,6.0,6.0,6.0,6.0,2.0,0.0,10.0,0.5,0.8,0.8,-43.3,-24.8,-6.4,-24.8,2.0,38.2,10.0,0.5,0.8,0.8,-3.2,-1.9,-0.6,-1.9,2.0,2.7,10.0,0.5,0.8,0.8,0.85,0.95,1.05,0.95,2.0,0.21,10.0,0.5,0.8,0.8,2.7,4.8,6.9,4.8,2.0,4.4,10.0,0.5,0.8,0.8,2.47,3.07,3.68,3.07,2.0,1.26,10.0,0.5,0.8,0.8,8.4,16.6,24.7,16.6,2.0,16.9,10.0,0.5,0.8,0.8,-124.3,-64.8,-5.4,-64.8,2.0,123.2,10.0,0.5,0.8,0.8,-32.4,-19.3,-6.1,-19.3,2.0,27.3,10.0,0.5,0.8,0.8,-73.5,-37.6,-1.8,-37.6,2.0,74.3,10.0,0.5,0.8,0.8,-21.7,-12.9,-4.1,-12.9,2.0,18.3,10.0,0.5,0.8,0.8,-23.7,-13.1,-2.6,-13.1,2.0,21.8,10.0,0.5,0.8,0.8,-3.3,-2.0,-0.6,-2.0,2.0,2.8,10.0,0.5,0.8,0.8,67.0,191.5,315.5,191.5,2.0,257.5,10.0,0.5,0.8,0.8,65.0,190.0,315.0,190.0,2.0,255.0,10.0,0.5,0.8,0.8
1974,2,197.0,27.0,19.71,20.75,21.6,20.66,10.0,1.22,10.0,0.3,0.7,0.6,20.21,20.65,22.61,20.99,10.0,1.79,10.0,0.3,0.7,0.6,10.47,12.77,14.01,12.31,10.0,1.86,10.0,0.3,0.7,0.6,74.8,82.6,85.0,79.9,10.0,8.3,10.0,0.3,0.6,4.31,6.2,8.2,6.48,10.0,2.36,10.0,0.3,0.7,0.6,-6.25,-4.37,-3.01,-4.0,10.0,4.76,10.0,0.3,0.7,0.6,-2.06,1.15,4.42,1.08,10.0,3.24,10.0,0.3,0.7,0.6,1017.3,1018.1,1023.67,1019.71,10.0,3.28,10.0,0.3,0.7,0.6,3.0,6.0,8.0,5.5,10.0,2.2,10.0,0.3,0.7,0.6,-45.9,-27.1,-10.7,-28.3,10.0,46.7,10.0,0.3,0.7,0.6,-14.6,5.3,27.4,6.4,10.0,22.5,10.0,0.3,0.7,0.6,-1.66,-0.4,0.87,-0.33,10.0,1.41,10.0,0.3,0.7,0.6,-7.6,-1.6,8.9,-0.2,10.0,8.5,10.0,0.3,0.7,0.6,1.81,2.74,4.43,2.78,10.0,1.57,10.0,0.3,0.7,0.6,7.8,15.0,30.2,19.2,10.0,15.5,10.0,0.3,0.7,0.6,-128.1,-93.0,-65.7,-83.0,10.0,96.4,10.0,0.3,0.7,0.6,-43.1,26.1,97.3,25.6,10.0,66.9,10.0,0.3,0.7,0.6,-82.3,-58.6,-34.6,-49.1,10.0,54.9,10.0,0.3,0.7,0.6,-23.2,16.5,60.3,17.4,10.0,39.7,10.0,0.3,0.7,0.6,-21.6,-10.4,-0.8,-11.2,10.0,19.9,10.0,0.3,0.7,0.6,-7.4,2.2,10.5,1.0,10.0,10.5,10.0,0.3,0.7,0.6,81.0,238.5,551.5,375.5,10.0,415.5,10.0,0.3,0.7,0.6,80.0,240.0,550.0,375.0,10.0,415.0,10.0,0.3,0.7,0.6
1974,2,197.0,28.0,19.79,20.0,21.43,20.46,11.0,1.01,14.0,0.6,0.6,0.4,17.97,20.5,21.04,19.95,11.0,1.79,14.0,0.6,0.6,0.5,10.16,13.34,14.43,12.39,10.0,2.4,14.0,0.6,0.6,0.4,69.4,89.5,97.9,84.3,10.0,14.9,14.0,0.6,0.4,3.85,7.45,9.3,6.73,12.0,2.56,14.0,0.7,0.6,0.4,-7.53,-3.97,0.67,-3.38,12.0,4.28,14.0,0.7,0.6,0.4,-1.4,2.02,6.3,2.22,12.0,4.45,14.0,0.7,0.6,0.4,1017.12,1018.8,1025.51,1020.68,12.0,4.33,14.0,0.7,0.6,0.4,2.7,7.0,7.3,5.8,12.0,2.2,14.0,0.7,0.6,0.4,-70.1,-18.8,5.2,-25.7,12.0,38.9,14.0,0.7,0.6,0.4,-10.3,7.6,55.6,17.2,12.0,37.2,14.0,0.7,0.6,0.4,-1.39,0.3,1.8,0.26,10.0,1.65,14.0,0.6,0.6,0.4,-7.0,2.2,15.5,4.3,10.0,12.8,14.0,0.6,0.6,0.4,0.39,1.61,5.0,2.54,10.0,2.62,14.0,0.6,0.6,0.4,1.4,13.8,43.4,20.7,10.0,21.1,14.0,0.6,0.6,0.4,-153.6,-73.1,19.9,-66.1,11.0,89.5,14.0,0.6,0.6,0.5,-34.9,49.9,128.7,48.8,11.0,90.3,14.0,0.6,0.6,0.5,-92.8,-29.3,19.6,-37.2,10.0,60.9,14.0,0.6,0.6,0.4,-21.5,41.6,89.0,37.0,10.0,53.9,14.0,0.6,0.6,0.4,-31.4,-1.1,3.0,-11.2,10.0,17.9,14.0,0.6,0.6,0.4,-4.2,3.6,18.9,2.3,10.0,21.4,14.0,0.6,0.6,0.4,59.0,415.0,804.5,421.0,12.0,347.0,14.0,0.7,0.6,0.4,60.0,415.0,805.0,420.0,12.0,345.0,14.0,0.7,0.6,0.4
1974,2,197.0,29.0,19.32,19.75,21.21,20.15,6.0,1.14,18.0,0.2,0.6,0.5,18.87,19.5,20.0,19.25,6.0,1.04,18.0,0.2,0.6,0.5,10.46,12.83,13.75,12.16,6.0,1.91,18.0,0.2,0.6,0.5,77.4,92.5,95.1,88.0,6.0,9.3,18.0,0.2,0.5,4.79,6.65,9.51,6.93,6.0,2.7,18.0,0.2,0.6,0.5,-5.22,-2.43,-1.13,-2.88,6.0,2.28,18.0,0.2,0.6,0.5,-2.17,3.3,8.53,2.83,6.0,6.34,18.0,0.2,0.6,0.5,1018.77,1021.85,1025.37,1021.97,6.0,3.5,18.0,0.2,0.6,0.5,5.3,7.0,8.0,6.6,5.0,1.7,16.0,0.2,0.7,0.5,-31.8,-11.4,-7.1,-18.8,6.0,19.8,18.0,0.2,0.6,0.5,-17.3,15.5,74.5,22.1,6.0,59.6,18.0,0.2,0.6,0.5,-0.36,0.5,2.56,0.9,6.0,1.46,18.0,0.2,0.6,0.5,-2.1,2.6,15.5,6.1,6.0,11.7,18.0,0.2,0.6,0.5,0.82,2.35,3.67,2.42,6.0,1.89,18.0,0.2,0.6,0.5,3.2,12.4,30.3,17.6,6.0,18.3,18.0,0.2,0.6,0.5,-98.9,-47.5,-22.0,-53.9,6.0,40.8,18.0,0.2,0.6,0.5,-39.0,65.3,167.5,59.0,6.0,120.0,18.0,0.2,0.6,0.5,-56.1,-31.5,-12.3,-33.0,6.0,24.6,18.0,0.2,0.6,0.5,-22.4,44.2,98.9,40.4,6.0,73.5,18.0,0.2,0.6,0.5,-19.5,-3.7,-2.3,-9.8,6.0,12.5,18.0,0.2,0.6,0.5,-10.3,1.8,11.3,-0.9,6.0,20.9,18.0,0.2,0.6,0.5,115.0,342.0,864.0,460.0,6.0,427.0,18.0,0.2,0.6,0.5,115.0,340.0,865.0,460.0,6.0,425.0,18.0,0.2,0.6,0.5
1974,2,197.0,30.0,17.5,18.45,19.97,18.44,14.0,1.78,12.0,0.6,0.7,0.5,16.72,18.15,19.47,18.49,14.0,2.13,12.0,0.6,0.7,0.5,7.3,11.08,12.39,10.41,12.0,2.41,12.0,0.6,0.7,0.4,63.9,87.6,94.3,81.8,12.0,15.8,12.0,0.6,0.4,5.73,7.7,11.24,8.26,14.0,3.12,12.0,0.6,0.7,0.5,-7.64,-4.87,6.97,-2.35,14.0,7.83,12.0,0.6,0.7,0.5,0.0,1.37,5.73,1.69,14.0,3.6,12.0,0.6,0.7,0.5,1018.33,1021.6,1024.87,1021.16,14.0,4.09,12.0,0.6,0.7,0.5,2.8,8.0,8.0,6.2,13.0,2.9,10.0,0.7,0.7,0.5,-67.9,-28.2,53.4,-26.2,14.0,90.3,12.0,0.6,0.7,0.5,0.0,7.3,44.4,13.8,14.0,29.7,12.0,0.6,0.7,0.5,-0.97,0.35,2.74,-0.06,14.0,3.24,12.0,0.6,0.7,0.5,-6.1,1.9,29.3,1.9,14.0,27.0,12.0,0.6,0.7,0.5,0.94,2.66,4.5,2.84,12.0,2.18,12.0,0.6,0.7,0.4,5.9,19.5,49.8,28.6,12.0,31.6,12.0,0.6,0.7,0.4,-145.1,-88.4,135.7,-39.8,14.0,137.8,12.0,0.6,0.7,0.5,0.0,24.6,105.2,34.7,14.0,71.8,12.0,0.6,0.7,0.5,-82.8,-58.1,49.9,-24.5,12.0,76.6,12.0,0.6,0.7,0.4,-5.1,6.0,50.5,16.3,12.0,38.0,12.0,0.6,0.7,0.4,-37.9,-5.5,8.1,-14.2,12.0,39.4,12.0,0.6,0.7,0.4,-2.9,0.5,8.8,2.2,12.0,10.8,12.0,0.6,0.7,0.4,188.5,456.5,1421.0,808.0,14.0,954.5,12.0,0.6,0.7,0.5,190.0,455.0,1420.0,810.0,14.0,955.0,12.0,0.6,0.7,0.5
1974,2,197.0,31.0,17.52,18.9,19.05,18.48,12.0,1.12,14.0,0.6,0.5,0.3,16.77,18.15,19.28,18.12,12.0,1.66,14.0,0.6,0.5,0.3,8.75,10.82,12.08,10.48,10.0,1.85,14.0,0.6,0.5,0.3,72.3,85.8,90.5,82.4,10.0,10.0,14.0,0.6,0.3,4.55,7.2,8.5,7.25,13.0,2.98,14.0,0.5,0.5,0.3,-6.6,-2.63,3.62,-1.57,13.0,6.28,14.0,0.5,0.5,0.3,-4.96,1.23,5.64,0.2,13.0,4.87,14.0,0.5,0.5,0.3,1017.64,1020.6,1022.81,1019.11,12.0,5.67,14.0,0.6,0.5,0.3,2.9,7.0,8.0,6.0,13.0,2.5,14.0,0.5,0.5,0.3,-49.0,-16.2,15.4,-17.3,13.0,69.5,14.0,0.5,0.5,0.3,-45.2,4.4,38.8,-1.6,13.0,41.0,14.0,0.5,0.5,0.3,-0.53,0.35,1.48,0.36,12.0,1.26,14.0,0.6,0.5,0.3,-4.2,1.8,9.7,3.2,12.0,11.9,14.0,0.6,0.5,0.3,1.39,1.91,4.51,2.5,10.0,1.53,14.0,0.6,0.5,0.3,8.3,11.8,36.5,20.6,10.0,20.7,14.0,0.6,0.5,0.3,-116.1,-13.9,79.7,-20.5,12.0,110.2,14.0,0.6,0.5,0.3,-85.5,-13.1,109.7,5.6,12.0,91.2,14.0,0.6,0.5,0.3,-55.1,14.9,56.4,-3.0,10.0,61.0,14.0,0.6,0.5,0.3,-50.9,-30.7,63.7,-3.9,10.0,53.6,14.0,0.6,0.5,0.3,-8.4,1.8,12.2,-1.0,10.0,26.2,14.0,0.6,0.5,0.3,-20.5,-6.9,9.3,-5.7,10.0,13.2,14.0,0.6,0.5,0.3,94.5,373.0,636.5,584.5,13.0,807.0,14.0,0.5,0.5,0.3,95.0,375.0,635.0,585.0,13.0,805.0,14.0,0.5,0.5,0.3
1974,2,197.0,32.0,16.0,17.0,18.78,17.14,8.0,1.42,16.0,0.1,0.7,0.4,16.14,17.2,20.5,17.94,10.0,2.41,16.0,0.2,0.7,0.4,9.76,11.09,11.94,10.77,9.0,2.08,16.0,0.2,0.8,0.4,74.7,81.6,97.0,83.7,9.0,12.9,16.0,0.2,0.4,6.56,7.7,9.87,7.75,10.0,2.14,16.0,0.2,0.7,0.4,-9.78,-3.79,2.52,-3.3,10.0,6.23,16.0,0.2,0.7,0.4,-1.6,0.0,6.54,1.93,10.0,4.02,16.0,0.2,0.7,0.4,1017.83,1018.55,1022.86,1019.48,10.0,3.27,16.0,0.2,0.7,0.4,3.0,7.0,7.0,5.1,9.0,2.7,16.0,0.2,0.7,0.4,-96.8,-29.2,14.7,-33.5,10.0,55.6,16.0,0.2,0.7,0.4,-10.3,0.0,48.2,14.5,10.0,30.1,16.0,0.2,0.7,0.4,-4.24,-0.2,1.91,-0.69,8.0,2.82,16.0,0.1,0.7,0.4,-32.7,-1.1,14.6,-4.9,8.0,22.9,16.0,0.1,0.7,0.4,-0.04,0.14,1.27,0.86,7.0,1.8,14.0,0.1,0.8,0.4,-0.3,1.1,7.8,7.4,7.0,18.3,14.0,0.1,0.8,0.4,-164.3,-73.5,41.7,-63.2,10.0,114.0,16.0,0.2,0.7,0.4,-27.4,0.0,112.2,33.3,10.0,69.2,16.0,0.2,0.7,0.4,-93.3,-61.7,30.0,-35.0,9.0,69.8,16.0,0.2,0.8,0.4,-15.0,0.0,60.4,16.0,9.0,40.9,16.0,0.2,0.8,0.4,-7.2,0.0,1.1,-7.2,7.0,18.1,14.0,0.1,0.8,0.4,-2.3,0.0,0.3,-0.1,7.0,3.1,14.0,0.1,0.8,0.4,301.5,456.5,969.0,554.5,10.0,348.5,16.0,0.2,0.7,0.4,300.0,455.0,970.0,555.0,10.0,350.0,16.0,0.2,0.7,0.4
1974,2,197.0,33.0,15.71,17.8,18.66,17.31,9.0,1.34,10.0,0.3,0.6,0.3,14.24,16.0,17.16,15.75,15.0,1.65,10.0,0.3,0.7,0.3,6.96,9.9,10.87,9.24,12.0,1.91,10.0,0.3,0.7,0.3,66.0,85.2,89.3,81.3,12.0,11.2,10.0,0.3,0.3,4.21,6.7,8.95,6.72,15.0,2.68,10.0,0.3,0.7,0.3,-4.88,0.0,4.66,0.3,15.0,5.09,10.0,0.3,0.7,0.3,-4.39,2.46,5.9,1.73,15.0,5.13,10.0,0.3,0.7,0.3,1017.79,1024.7,1026.56,1021.89,15.0,7.02,10.0,0.3,0.7,0.3,4.2,8.0,8.0,6.5,15.0,2.2,10.0,0.3,0.7,0.3,-37.0,0.0,24.5,4.9,15.0,50.1,10.0,0.3,0.7,0.3,-30.3,15.8,45.2,11.3,15.0,44.2,10.0,0.3,0.7,0.3,-0.37,1.7,2.78,1.19,9.0,1.94,10.0,0.3,0.6,0.3,-1.9,11.4,21.0,10.4,9.0,14.1,10.0,0.3,0.6,0.3,0.78,2.86,5.04,2.82,9.0,2.16,10.0,0.3,0.6,0.3,3.4,17.8,38.8,21.4,9.0,21.2,10.0,0.3,0.6,0.3,-70.1,0.0,74.2,2.8,15.0,71.8,10.0,0.3,0.7,0.3,-68.9,36.9,87.3,28.9,15.0,78.6,10.0,0.3,0.7,0.3,-36.6,-8.3,26.8,-4.2,12.0,31.2,10.0,0.3,0.7,0.3,-43.7,27.0,53.2,16.5,12.0,44.4,10.0,0.3,0.7,0.3,-13.7,-0.1,3.9,-4.1,9.0,11.5,10.0,0.3,0.6,0.3,-0.2,13.8,29.8,15.1,9.0,23.6,10.0,0.3,0.6,0.3,75.0,301.0,727.0,450.5,15.0,554.0,10.0,0.3,0.7,0.3,75.0,300.0,725.0,450.0,15.0,555.0,10.0,0.3,0.7,0.3
1974,2,197.0,34.0,15.32,17.0,18.9,17.06,5.0,1.83,20.0,0.4,0.6,0.5,13.59,15.0,16.05,14.99,7.0,1.4,14.0,0.6,0.5,0.5,7.43,8.62,10.19,8.8,4.0,1.81,18.0,0.5,0.7,0.4,73.7,89.4,98.2,86.1,4.0,15.6,18.0,0.5,0.4,2.6,8.2,8.35,6.31,7.0,3.5,14.0,0.6,0.5,0.5,-8.28,-1.06,0.39,-2.72,7.0,6.36,14.0,0.6,0.5,0.5,-2.75,-1.42,0.14,-1.54,7.0,2.63,14.0,0.6,0.5,0.5,1018.76,1020.5,1025.79,1021.33,7.0,4.54,14.0,0.6,0.5,0.5,5.2,7.0,8.0,6.3,6.0,2.3,14.0,0.5,0.6,0.4,-69.3,-3.3,3.2,-25.9,7.0,58.9,14.0,0.6,0.5,0.5,-14.2,-6.8,0.4,-13.1,7.0,23.5,14.0,0.6,0.5,0.5,0.83,2.0,5.11,2.68,5.0,2.45,20.0,0.4,0.6,0.5,3.5,13.1,47.9,23.8,5.0,25.7,20.0,0.4,0.6,0.5,0.49,3.24,5.24,2.88,4.0,2.81,18.0,0.5,0.7,0.4,5.0,13.6,30.7,17.7,4.0,19.1,18.0,0.5,0.7,0.4,-131.3,-15.9,5.2,-40.6,7.0,89.4,14.0,0.6,0.5,0.5,-45.8,-19.8,2.1,-22.5,7.0,38.1,14.0,0.6,0.5,0.5,-37.6,-3.6,38.7,0.4,4.0,57.1,18.0,0.5,0.7,0.4,-21.4,-12.3,5.0,-8.4,4.0,20.5,18.0,0.5,0.7,0.4,-25.4,-2.7,6.0,-9.4,4.0,23.9,18.0,0.5,0.7,0.4,-5.0,-0.5,8.2,1.5,4.0,9.5,18.0,0.5,0.7,0.4,17.5,551.5,594.0,451.5,7.0,511.0,14.0,0.6,0.5,0.5,20.0,550.0,595.0,450.0,7.0,510.0,14.0,0.6,0.5,0.5
1974,2,197.0,35.0,14.04,14.75,15.53,14.65,8.0,1.51,16.0,0.5,0.5,0.4,11.12,13.6,14.48,13.01,8.0,1.61,16.0,0.5,0.5,0.4,6.26,7.29,8.06,7.31,8.0,1.0,16.0,0.5,0.5,0.4,77.3,79.0,84.2,79.0,8.0,6.7,16.0,0.5,0.4,4.21,7.45,9.12,7.0,8.0,2.43,16.0,0.5,0.5,0.4,-5.59,3.69,9.07,2.18,8.0,6.9,16.0,0.5,0.5,0.4,-3.58,-0.67,0.0,-1.09,8.0,2.74,16.0,0.5,0.5,0.4,1014.26,1021.15,1024.23,1020.01,8.0,5.62,16.0,0.5,0.5,0.4,2.2,6.5,7.9,5.5,8.0,2.5,16.0,0.5,0.5,0.4,-41.8,16.8,82.6,20.6,8.0,59.7,16.0,0.5,0.5,0.4,-35.1,-5.1,0.0,-9.9,8.0,20.3,16.0,0.5,0.5,0.4,0.5,1.4,3.5,1.64,8.0,2.34,16.0,0.5,0.5,0.4,3.6,6.3,37.2,14.7,8.0,18.6,16.0,0.5,0.5,0.4,2.08,2.96,4.32,3.0,8.0,1.42,16.0,0.5,0.5,0.4,11.1,19.3,36.3,22.1,8.0,13.1,16.0,0.5,0.5,0.4,-68.1,53.1,104.2,25.1,8.0,85.6,16.0,0.5,0.5,0.4,-38.4,-9.3,0.0,-12.0,8.0,35.3,16.0,0.5,0.5,0.4,-39.1,31.3,57.7,15.8,8.0,48.4,16.0,0.5,0.5,0.4,-23.6,-5.0,0.0,-6.3,8.0,21.0,16.0,0.5,0.5,0.4,-18.7,4.1,31.6,4.4,8.0,24.0,16.0,0.5,0.5,0.4,-12.0,-1.7,0.0,-5.4,8.0,9.9,16.0,0.5,0.5,0.4,76.0,415.0,766.0,452.5,8.0,410.5,16.0,0.5,0.5,0.4,75.0,415.0,765.0,455.0,8.0,410.0,16.0,0.5,0.5,0.4
1974,2,197.0,36.0,13.48,13.95,14.76,14.08,6.0,0.64,16.0,0.7,0.5,0.5,13.23,14.35,15.31,14.32,6.0,1.44,16.0,0.7,0.5,0.5,7.47,9.45,10.75,9.3,6.0,1.73,16.0,0.7,0.5,0.5,81.4,93.7,100.0,91.4,6.0,8.9,16.0,0.7,0.5,7.06,10.8,15.73,11.05,6.0,4.64,16.0,0.7,0.5,0.5,-3.07,0.0,10.12,2.5,6.0,6.58,16.0,0.7,0.5,0.5,1.62,8.8,12.42,7.51,6.0,7.04,16.0,0.7,0.5,0.5,1009.7,1019.25,1021.55,1017.52,6.0,6.91,16.0,0.7,0.5,0.5,8.0,8.0,8.0,8.0,5.0,0.0,16.0,0.6,0.4,0.4,-23.2,0.0,116.6,35.8,6.0,87.2,16.0,0.7,0.5,0.5,3.3,93.5,179.7,100.2,6.0,114.3,16.0,0.7,0.5,0.5,-1.79,0.25,0.75,-0.23,6.0,1.54,16.0,0.7,0.5,0.5,-17.7,1.2,10.4,-3.8,6.0,19.7,16.0,0.7,0.5,0.5,-1.19,0.97,2.11,0.63,6.0,1.7,16.0,0.7,0.5,0.5,-11.9,9.8,23.3,5.7,6.0,20.3,16.0,0.7,0.5,0.5,-44.3,0.0,133.9,36.6,6.0,98.1,16.0,0.7,0.5,0.5,24.4,134.0,179.7,112.2,6.0,100.3,16.0,0.7,0.5,0.5,-29.5,0.0,83.5,24.4,6.0,66.5,16.0,0.7,0.5,0.5,16.3,83.1,125.5,74.5,6.0,66.2,16.0,0.7,0.5,0.5,-7.3,-1.3,5.3,-0.2,6.0,14.8,16.0,0.7,0.5,0.5,-10.9,-2.4,16.1,0.9,6.0,15.2,16.0,0.7,0.5,0.5,382.5,1268.0,3912.5,1942.5,6.0,1915.0,16.0,0.7,0.5,0.5,380.0,1270.0,3915.0,1940.0,6.0,1915.0,16.0,0.7,0.5,0.5
1974,2,197.0,37.0,12.99,13.9,16.0,14.16,7.0,1.36,18.0,0.3,0.5,0.3,11.52,12.8,15.0,13.13,8.0,2.57,18.0,0.4,0.5,0.3,7.34,8.0,9.08,8.0,8.0,1.54,18.0,0.4,0.5,0.3,74.5,85.1,96.6,85.2,8.0,12.2,18.0,0.4,0.3,8.82,10.3,12.61,10.55,8.0,2.16,18.0,0.4,0.5,0.3,-10.36,2.61,6.51,-0.42,8.0,8.1,18.0,0.4,0.5,0.3,-7.98,6.26,7.75,2.51,8.0,7.68,18.0,0.4,0.5,0.3,1012.09,1019.15,1023.14,1017.5,8.0,6.6,18.0,0.4,0.5,0.3,1.5,6.0,8.0,5.1,9.0,3.1,18.0,0.3,0.5,0.4,-145.5,26.5,66.0,-13.7,8.0,98.0,18.0,0.4,0.5,0.3,-80.9,51.7,79.8,19.2,8.0,85.5,18.0,0.4,0.5,0.3,-1.11,1.0,1.64,0.44,7.0,2.4,18.0,0.3,0.5,0.3,-9.9,7.7,20.6,5.6,7.0,25.1,18.0,0.3,0.5,0.3,0.81,1.18,2.01,1.56,7.0,0.94,18.0,0.3,0.5,0.3,9.0,14.7,19.3,16.0,7.0,9.4,18.0,0.3,0.5,0.3,-127.9,28.3,88.2,1.2,8.0,107.0,18.0,0.4,0.5,0.3,-74.4,94.2,112.4,43.4,8.0,93.1,18.0,0.4,0.5,0.3,-91.5,18.0,47.8,-6.1,8.0,68.0,18.0,0.4,0.5,0.3,-39.8,55.2,60.3,24.6,8.0,57.8,18.0,0.4,0.5,0.3,-7.6,6.4,11.9,1.9,7.0,10.9,18.0,0.3,0.5,0.3,2.1,6.9,15.0,9.8,7.0,12.3,18.0,0.3,0.5,0.3,690.0,1092.5,2030.0,1308.5,8.0,840.0,18.0,0.4,0.5,0.3,690.0,1095.0,2030.0,1310.0,8.0,840.0,18.0,0.4,0.5,0.3
1974,2,197.0,38.0,12.79,14.25,15.0,13.92,6.0,1.2,18.0,0.7,0.5,0.5,10.43,14.0,15.05,13.29,7.0,2.58,16.0,0.7,0.5,0.5,5.85,8.03,9.94,7.87,6.0,2.05,18.0,0.7,0.5,0.5,74.8,81.2,90.4,83.2,6.0,9.9,18.0,0.7,0.5,10.28,10.8,16.55,12.94,7.0,3.36,16.0,0.7,0.5,0.5,2.1,7.7,9.73,3.93,7.0,9.39,16.0,0.7,0.5,0.5,-3.76,0.0,13.52,3.6,7.0,9.24,16.0,0.7,0.5,0.5,1008.38,1011.0,1023.06,1014.9,7.0,7.84,16.0,0.7,0.5,0.5,2.9,7.0,8.0,5.9,7.0,2.7,16.0,0.7,0.5,0.5,32.7,81.3,116.7,35.0,7.0,138.4,16.0,0.7,0.5,0.5,-38.5,0.0,210.0,65.1,7.0,139.3,16.0,0.7,0.5,0.5,-0.6,0.75,2.6,0.92,6.0,1.66,18.0,0.7,0.5,0.5,-7.7,8.1,33.0,11.0,6.0,22.5,18.0,0.7,0.5,0.5,0.53,2.22,3.36,1.98,6.0,1.52,18.0,0.7,0.5,0.5,9.3,23.7,40.3,24.8,6.0,19.6,18.0,0.7,0.5,0.5,38.0,87.1,119.7,58.7,7.0,107.4,16.0,0.7,0.5,0.5,-35.9,0.0,203.7,60.7,7.0,138.6,16.0,0.7,0.5,0.5,3.6,49.8,72.1,29.7,6.0,65.2,18.0,0.7,0.5,0.5,-32.1,0.0,82.9,21.5,6.0,87.0,18.0,0.7,0.5,0.5,-10.8,6.0,33.3,4.8,6.0,32.0,18.0,0.7,0.5,0.5,-2.4,0.0,9.0,1.4,6.0,8.1,18.0,0.7,0.5,0.5,1085.5,1259.5,4533.5,2555.5,7.0,1887.5,16.0,0.7,0.5,0.5,1085.0,1260.0,4535.0,2555.0,7.0,1890.0,16.0,0.7,0.5,0.5
1974,2,197.0,39.0,12.66,13.0,13.0,12.83,3.0,0.29,14.0,0.7,0.3,0.0,10.43,12.2,13.24,11.85,4.0,2.09,18.0,0.8,0.4,0.2,7.14,7.79,8.44,7.79,2.0,1.35,10.0,0.5,0.4,0.0,80.7,88.5,96.4,88.5,2.0,16.2,10.0,0.5,0.0,6.18,6.7,8.59,7.35,4.0,2.02,18.0,0.8,0.4,0.2,2.29,4.44,6.01,4.16,4.0,2.36,18.0,0.8,0.4,0.2,-4.01,0.39,6.0,0.97,4.0,6.8,18.0,0.8,0.4,0.2,1012.33,1018.35,1024.52,1018.43,4.0,9.39,18.0,0.8,0.4,0.2,6.0,6.0,7.4,6.7,3.0,1.2,14.0,0.7,0.3,0.0,18.6,33.4,40.4,29.7,4.0,15.6,18.0,0.8,0.4,0.2,-26.9,1.7,57.5,14.7,4.0,61.1,18.0,0.8,0.4,0.2,-0.65,0.1,0.71,0.03,3.0,1.0,14.0,0.7,0.3,0.0,-4.4,0.6,7.2,1.4,3.0,8.5,14.0,0.7,0.3,0.0,0.84,1.35,1.86,1.35,2.0,1.06,10.0,0.5,0.4,0.0,7.1,9.1,11.1,9.1,2.0,4.1,10.0,0.5,0.4,0.0,25.6,54.3,80.0,52.9,4.0,34.9,18.0,0.8,0.4,0.2,-38.9,3.9,72.4,16.2,4.0,74.9,18.0,0.8,0.4,0.2,31.7,33.7,35.7,33.7,2.0,4.1,10.0,0.5,0.4,0.0,24.6,49.0,73.3,49.0,2.0,50.4,10.0,0.5,0.4,0.0,3.6,6.7,9.8,6.7,2.0,6.5,10.0,0.5,0.4,0.0,4.4,4.9,5.5,4.9,2.0,1.2,10.0,0.5,0.4,0.0,240.0,301.0,715.5,470.0,4.0,419.0,18.0,0.8,0.4,0.2,240.0,300.0,715.0,470.0,4.0,420.0,18.0,0.8,0.4,0.2
1974,2,197.0,40.0,10.0,10.5,11.43,10.72,5.0,0.85,14.0,0.8,0.8,0.3,8.71,9.75,14.62,11.23,6.0,3.53,16.0,0.7,0.8,0.3,5.78,6.38,6.95,6.34,5.0,0.66,14.0,0.8,0.8,0.3,61.5,86.1,87.9,75.7,5.0,18.2,14.0,0.8,0.3,6.1,7.45,10.51,8.07,6.0,2.25,16.0,0.7,0.8,0.3,-3.2,2.2,6.75,2.09,6.0,6.05,16.0,0.7,0.8,0.3,-7.12,-0.97,3.7,-0.73,6.0,6.38,16.0,0.7,0.8,0.3,1006.12,1019.1,1028.0,1016.0,6.0,14.56,16.0,0.7,0.8,0.3,0.0,4.0,7.2,3.8,6.0,3.6,16.0,0.7,0.8,0.3,-22.4,13.6,72.6,24.4,6.0,53.8,16.0,0.7,0.8,0.3,-52.0,-5.6,33.3,1.0,6.0,60.4,16.0,0.7,0.8,0.3,-4.4,1.1,1.5,-1.16,5.0,3.75,14.0,0.8,0.8,0.3,-37.4,8.5,12.1,-9.1,5.0,29.4,14.0,0.8,0.8,0.3,1.41,1.66,1.88,1.65,5.0,0.31,14.0,0.8,0.8,0.3,11.4,12.6,16.3,13.8,5.0,3.1,14.0,0.8,0.8,0.3,-27.4,14.8,78.3,28.1,6.0,71.0,16.0,0.7,0.8,0.3,-76.0,-7.8,35.9,-15.0,6.0,71.9,16.0,0.7,0.8,0.3,-10.1,36.0,51.9,25.2,5.0,36.2,14.0,0.8,0.8,0.3,-40.3,0.0,32.1,-0.9,5.0,43.2,14.0,0.8,0.8,0.3,-3.1,9.4,11.2,5.2,5.0,7.8,14.0,0.8,0.8,0.3,-12.3,0.0,8.3,-1.1,5.0,12.3,14.0,0.8,0.8,0.3,227.5,415.0,1165.0,631.5,6.0,514.0,16.0,0.7,0.8,0.3,225.0,415.0,1165.0,630.0,6.0,515.0,16.0,0.7,0.8,0.3
1974,2,197.0,41.0,8.53,9.9,10.37,9.52,5.0,1.24,16.0,0.2,0.5,0.7,7.6,10.0,10.68,9.28,5.0,1.75,16.0,0.2,0.5,0.7,5.31,5.71,7.64,6.33,5.0,1.45,16.0,0.2,0.5,0.7,76.1,87.2,93.9,85.8,5.0,10.4,16.0,0.2,0.7,6.12,6.7,11.16,8.44,5.0,3.66,16.0,0.2,0.5,0.7,-4.89,-1.61,4.77,0.01,5.0,6.79,16.0,0.2,0.5,0.7,-5.43,1.16,7.57,0.92,5.0,7.43,16.0,0.2,0.5,0.7,992.1,998.8,1030.72,1008.92,5.0,20.81,16.0,0.2,0.5,0.7,4.9,7.0,7.4,6.2,5.0,1.9,16.0,0.2,0.5,0.7,-28.8,-15.0,63.0,17.5,5.0,81.1,16.0,0.2,0.5,0.7,-41.7,7.8,76.7,16.7,5.0,80.5,16.0,0.2,0.5,0.7,-1.22,0.0,1.77,0.24,5.0,2.0,16.0,0.2,0.5,0.7,-14.6,0.0,11.7,-2.4,5.0,18.8,16.0,0.2,0.5,0.7,0.29,0.89,1.85,1.09,5.0,1.07,16.0,0.2,0.5,0.7,1.9,12.0,13.4,8.4,5.0,6.5,16.0,0.2,0.5,0.7,-43.6,-12.9,48.0,2.0,5.0,67.9,16.0,0.2,0.5,0.7,-41.1,12.8,77.8,15.8,5.0,67.4,16.0,0.2,0.5,0.7,-31.7,-9.2,28.3,-2.2,5.0,43.1,16.0,0.2,0.5,0.7,-28.7,9.7,49.6,8.6,5.0,44.0,16.0,0.2,0.5,0.7,-5.3,0.0,3.9,-0.5,5.0,7.4,16.0,0.2,0.5,0.7,-10.2,0.0,4.9,-2.0,5.0,8.4,16.0,0.2,0.5,0.7,239.5,301.0,1601.0,905.0,5.0,1190.5,16.0,0.2,0.5,0.7,240.0,300.0,1600.0,905.0,5.0,1190.0,16.0,0.2,0.5,0.7
1974,2,197.0,42.0,,,,,,,,,,,,,,,,,,,,,,,,,,,,,,,,,,,,,,,,13.4,13.4,13.4,13.4,1.0,0.0,16.0,1.0,0.7,0.2,6.7,6.7,6.7,6.7,1.0,0.0,16.0,1.0,0.7,0.2,11.6,11.6,11.6,11.6,1.0,0.0,16.0,1.0,0.7,0.2,999.9,999.9,999.9,999.9,1.0,0.0,16.0,1.0,0.7,0.2,,,,,,,,,,,,,,,,,,,,,,,,,,,,,,,,,,,,,,,,,,,,,,,,,,,,,,,,,,,,,,,,,,,,,,,,,,,,,,,,,,,,,,,,,,,,,,,,,,,,,,,,,,,,,,,,,,,,,,,,,,,,,,,,,,,,,,,,,,,,,,,,,,,,,,
1974,2,197.0,43.0,8.27,9.0,10.1,9.2,5.0,1.79,10.0,0.4,0.4,0.4,7.27,9.5,10.0,8.62,9.0,2.01,10.0,0.4,0.5,0.3,4.84,6.79,7.17,6.14,5.0,1.36,10.0,0.4,0.4,0.4,78.5,88.0,94.1,86.0,5.0,9.8,10.0,0.4,0.4,7.2,12.3,14.63,11.77,9.0,4.95,10.0,0.4,0.5,0.3,-3.81,2.05,7.1,2.14,9.0,6.74,10.0,0.4,0.5,0.3,-3.89,10.65,13.13,5.74,9.0,9.62,10.0,0.4,0.5,0.3,995.28,1001.5,1012.85,1003.71,8.0,11.16,10.0,0.5,0.5,0.3,4.0,7.5,8.0,6.3,8.0,2.2,10.0,0.5,0.5,0.3,-29.9,24.2,131.6,30.0,9.0,93.7,10.0,0.4,0.5,0.3,-42.1,131.0,184.8,101.5,9.0,153.9,10.0,0.4,0.5,0.3,-1.91,-0.5,3.38,0.48,5.0,3.26,10.0,0.4,0.4,0.4,-34.5,-3.6,42.6,0.9,5.0,51.3,10.0,0.4,0.4,0.4,-0.17,1.79,2.3,1.17,5.0,1.61,10.0,0.4,0.4,0.4,-6.2,13.9,27.8,10.6,5.0,23.6,10.0,0.4,0.4,0.4,-36.1,20.5,62.7,14.7,9.0,54.7,10.0,0.4,0.5,0.3,-22.0,95.8,112.6,56.7,9.0,88.2,10.0,0.4,0.5,0.3,27.3,43.0,52.5,39.5,5.0,16.2,10.0,0.4,0.4,0.4,-14.9,74.5,104.3,54.0,5.0,70.2,10.0,0.4,0.4,0.4,-2.6,11.0,21.3,10.3,5.0,16.6,10.0,0.4,0.4,0.4,-17.0,-4.8,10.1,-3.5,5.0,16.6,10.0,0.4,0.4,0.4,373.0,1861.0,3140.0,2431.5,9.0,2834.0,10.0,0.4,0.5,0.3,375.0,1860.0,3140.0,2430.0,9.0,2835.0,10.0,0.4,0.5,0.3
1974,2,197.0,44.0,9.0,9.0,9.0,9.0,2.0,0.0,16.0,0.5,0.4,0.4,4.58,4.75,4.92,4.75,2.0,0.35,16.0,0.5,0.4,0.4,5.24,5.24,5.24,5.24,1.0,0.0,6.0,0.0,0.8,0.9,96.6,96.6,96.6,96.6,1.0,0.0,6.0,0.0,0.9,13.09,16.95,20.81,16.95,2.0,7.99,16.0,0.5,0.4,0.4,8.42,10.9,13.37,10.9,2.0,5.14,16.0,0.5,0.4,0.4,-4.54,4.33,13.19,4.33,2.0,18.36,16.0,0.5,0.4,0.4,980.97,1000.25,1019.53,1000.25,2.0,39.95,16.0,0.5,0.4,0.4,7.2,7.5,7.8,7.5,2.0,0.7,16.0,0.5,0.4,0.4,121.2,205.2,289.2,205.2,2.0,174.1,16.0,0.5,0.4,0.4,-20.2,146.7,313.6,146.7,2.0,345.8,16.0,0.5,0.4,0.4,4.08,4.25,4.42,4.25,2.0,0.35,16.0,0.5,0.4,0.4,54.2,73.5,92.7,73.5,2.0,40.0,16.0,0.5,0.4,0.4,2.16,2.16,2.16,2.16,1.0,0.0,6.0,0.0,0.8,0.9,48.9,48.9,48.9,48.9,1.0,0.0,6.0,0.0,0.8,0.9,40.9,50.8,60.8,50.8,2.0,20.5,16.0,0.5,0.4,0.4,-24.0,17.3,58.7,17.3,2.0,85.7,16.0,0.5,0.4,0.4,76.2,76.2,76.2,76.2,1.0,0.0,6.0,0.0,0.8,0.9,90.8,90.8,90.8,90.8,1.0,0.0,6.0,0.0,0.8,0.9,31.4,31.4,31.4,31.4,1.0,0.0,6.0,0.0,0.8,0.9,37.5,37.5,37.5,37.5,1.0,0.0,6.0,0.0,0.8,0.9,3046.0,6493.0,9940.5,6493.0,2.0,7142.0,16.0,0.5,0.4,0.4,3045.0,6495.0,9940.0,6495.0,2.0,7140.0,16.0,0.5,0.4,0.4
1974,2,197.0,45.0,7.0,7.2,8.18,7.54,5.0,0.68,6.0,0.6,0.6,0.5,5.9,7.5,8.95,7.27,7.0,1.94,10.0,0.7,0.6,0.5,5.06,6.04,6.55,5.79,5.0,0.91,6.0,0.6,0.6,0.5,82.9,91.6,95.4,89.4,5.0,9.0,6.0,0.6,0.5,7.58,11.3,17.07,11.74,7.0,4.77,10.0,0.7,0.6,0.5,0.85,6.33,7.88,2.77,7.0,9.37,10.0,0.7,0.6,0.5,-0.83,4.21,8.73,1.49,7.0,9.18,10.0,0.7,0.6,0.5,997.15,1003.0,1028.0,1008.2,7.0,14.68,10.0,0.7,0.6,0.5,3.9,8.0,8.0,6.1,7.0,2.7,10.0,0.7,0.6,0.5,-5.3,59.3,118.3,19.8,7.0,144.5,10.0,0.7,0.6,0.5,-15.4,24.4,98.1,-6.2,7.0,145.4,10.0,0.7,0.6,0.5,-0.62,0.5,1.0,0.16,5.0,1.12,6.0,0.6,0.6,0.5,-6.4,2.6,13.4,2.7,5.0,13.2,6.0,0.6,0.6,0.5,0.23,0.7,1.19,0.73,5.0,0.73,6.0,0.6,0.6,0.5,1.6,7.9,13.9,8.1,5.0,8.4,6.0,0.6,0.6,0.5,6.4,25.3,77.2,18.3,7.0,69.9,10.0,0.7,0.6,0.5,-3.3,29.4,53.8,19.7,7.0,50.2,10.0,0.7,0.6,0.5,-34.1,11.7,43.2,1.1,5.0,66.5,6.0,0.6,0.6,0.5,14.6,29.0,48.3,31.2,5.0,24.1,6.0,0.6,0.6,0.5,-3.1,1.2,10.8,3.2,5.0,8.4,6.0,0.6,0.6,0.5,-0.7,3.4,8.0,4.2,5.0,6.9,6.0,0.6,0.6,0.5,441.0,1443.0,4981.0,2318.5,7.0,2365.0,10.0,0.7,0.6,0.5,440.0,1445.0,4980.0,2320.0,7.0,2365.0,10.0,0.7,0.6,0.5
1974,2,197.0,46.0,5.63,6.1,7.22,6.17,9.0,1.9,16.0,0.3,0.6,0.6,0.54,5.0,6.51,3.93,9.0,2.66,16.0,0.3,0.6,0.6,3.02,4.62,4.85,4.14,7.0,0.92,16.0,0.3,0.6,0.6,70.0,78.8,91.1,80.6,7.0,11.4,16.0,0.3,0.6,8.33,12.3,17.3,13.01,9.0,4.29,16.0,0.3,0.6,0.6,-1.29,4.75,11.05,3.42,9.0,10.15,16.0,0.3,0.6,0.6,-12.66,2.14,6.57,-2.31,9.0,9.31,16.0,0.3,0.6,0.6,994.17,1013.0,1024.0,1009.91,9.0,14.82,16.0,0.3,0.6,0.6,6.0,7.5,8.0,6.4,8.0,2.7,16.0,0.4,0.6,0.6,-10.6,66.1,138.7,31.6,9.0,177.3,16.0,0.3,0.6,0.6,-170.9,26.3,63.2,-43.3,9.0,134.6,16.0,0.3,0.6,0.6,0.16,1.1,5.0,2.23,9.0,2.28,16.0,0.3,0.6,0.6,1.3,13.9,72.8,33.8,9.0,37.1,16.0,0.3,0.6,0.6,1.23,1.99,2.59,1.96,7.0,0.78,16.0,0.3,0.6,0.6,13.3,27.6,39.8,26.1,7.0,14.3,16.0,0.3,0.6,0.6,0.0,18.8,55.3,22.9,9.0,30.1,16.0,0.3,0.6,0.6,-20.9,0.0,41.2,2.6,9.0,36.3,16.0,0.3,0.6,0.6,13.2,18.7,57.0,33.7,7.0,25.4,16.0,0.3,0.6,0.6,-48.9,-14.4,14.9,-12.5,7.0,33.8,16.0,0.3,0.6,0.6,7.4,13.5,16.5,14.0,7.0,9.0,16.0,0.3,0.6,0.6,-37.4,-2.8,6.0,-12.6,7.0,22.5,16.0,0.3,0.6,0.6,580.5,1861.0,5244.5,2863.5,9.0,2614.0,16.0,0.3,0.6,0.6,580.0,1860.0,5245.0,2865.0,9.0,2615.0,16.0,0.3,0.6,0.6
1974,2,197.0,47.0,5.89,6.5,6.5,6.2,3.0,0.52,12.0,0.3,0.6,0.5,2.27,5.0,5.68,4.0,3.0,2.65,12.0,0.3,0.6,0.5,4.07,4.21,4.76,4.41,3.0,0.54,12.0,0.3,0.6,0.5,78.1,90.7,97.0,87.7,3.0,14.1,12.0,0.3,0.5,5.45,6.2,11.8,8.57,3.0,5.08,12.0,0.3,0.6,0.5,1.24,5.83,6.76,4.05,3.0,4.33,12.0,0.3,0.6,0.5,-7.84,2.12,4.1,-1.78,3.0,9.37,12.0,0.3,0.6,0.5,993.26,1006.5,1021.38,1007.3,3.0,20.61,12.0,0.3,0.6,0.5,4.3,7.0,7.7,6.0,3.0,2.6,12.0,0.3,0.6,0.5,8.4,36.1,82.2,45.1,3.0,54.7,12.0,0.3,0.6,0.5,-118.4,13.1,21.7,-46.9,3.0,115.0,12.0,0.3,0.6,0.5,0.53,0.6,3.94,2.2,3.0,2.86,12.0,0.3,0.6,0.5,3.1,3.1,55.0,28.5,3.0,43.9,12.0,0.3,0.6,0.5,1.09,1.82,1.87,1.49,3.0,0.64,12.0,0.3,0.6,0.5,6.2,11.3,22.2,14.2,3.0,12.0,12.0,0.3,0.6,0.5,-0.7,7.2,26.1,12.6,3.0,20.2,12.0,0.3,0.6,0.5,-4.5,12.7,21.2,8.5,3.0,19.2,12.0,0.3,0.6,0.5,4.7,24.5,27.5,16.3,3.0,18.1,12.0,0.3,0.6,0.5,-31.2,8.9,20.0,-5.3,3.0,39.5,12.0,0.3,0.6,0.5,2.9,10.6,12.7,7.9,3.0,7.6,12.0,0.3,0.6,0.5,-15.0,3.8,3.8,-5.3,3.0,15.9,12.0,0.3,0.6,0.5,166.0,238.5,2114.0,1119.0,3.0,1617.5,12.0,0.3,0.6,0.5,165.0,240.0,2115.0,1120.0,3.0,1620.0,12.0,0.3,0.6,0.5
1974,2,197.0,48.0,4.47,5.6,7.05,5.55,13.0,1.32,16.0,0.5,0.5,0.4,-0.47,4.65,6.47,3.43,14.0,3.28,16.0,0.4,0.5,0.3,3.23,3.69,5.06,4.03,12.0,1.01,16.0,0.4,0.5,0.4,66.1,78.6,94.5,78.5,12.0,15.5,16.0,0.4,0.4,9.43,13.4,15.9,13.26,14.0,3.17,16.0,0.4,0.5,0.3,-2.3,6.3,12.51,5.71,14.0,7.17,16.0,0.4,0.5,0.3,-14.35,-3.95,4.29,-4.78,14.0,9.4,16.0,0.4,0.5,0.3,993.45,1012.7,1024.37,1009.71,14.0,14.5,16.0,0.4,0.5,0.3,5.9,7.0,8.0,6.7,13.0,1.4,18.0,0.5,0.5,0.3,-37.9,96.7,168.5,83.9,14.0,89.3,16.0,0.4,0.5,0.3,-221.2,-37.2,40.5,-72.5,14.0,149.3,16.0,0.4,0.5,0.3,-0.55,1.0,4.73,1.78,13.0,2.93,16.0,0.5,0.5,0.4,-6.0,16.0,44.7,25.7,13.0,43.3,16.0,0.5,0.5,0.4,0.85,1.82,2.47,1.68,12.0,0.78,16.0,0.4,0.5,0.4,11.6,19.6,29.0,20.9,12.0,10.5,16.0,0.4,0.5,0.4,-10.6,15.1,67.9,22.6,14.0,40.9,16.0,0.4,0.5,0.3,-24.4,0.0,27.4,2.8,14.0,41.0,16.0,0.4,0.5,0.3,-18.9,23.6,52.8,21.9,12.0,35.0,16.0,0.4,0.5,0.4,-37.0,-9.0,21.3,-4.5,12.0,39.0,16.0,0.4,0.5,0.4,-1.8,14.0,18.1,10.9,12.0,13.3,16.0,0.4,0.5,0.4,-21.3,-6.3,2.7,-9.4,12.0,13.5,16.0,0.4,0.5,0.4,844.5,2406.0,4019.5,2694.5,14.0,1641.0,16.0,0.4,0.5,0.3,845.0,2405.0,4020.0,2695.0,14.0,1640.0,16.0,0.4,0.5,0.3
1974,2,197.0,49.0,2.9,5.5,6.52,4.75,4.0,2.63,18.0,0.8,0.6,0.3,0.48,4.25,5.6,3.25,6.0,2.91,18.0,0.7,0.5,0.3,4.64,5.11,5.23,4.94,4.0,0.48,18.0,1.0,0.4,0.3,84.6,85.8,93.8,88.6,5.0,5.3,18.0,0.8,0.3,7.16,10.8,15.73,11.13,6.0,4.51,18.0,0.7,0.5,0.3,-2.26,4.3,10.48,3.27,6.0,8.39,18.0,0.7,0.5,0.3,-10.54,-1.66,7.8,-1.67,6.0,9.08,18.0,0.7,0.5,0.3,987.13,991.0,1017.01,999.8,5.0,16.77,20.0,0.8,0.4,0.4,2.0,4.0,8.0,4.8,5.0,3.0,20.0,0.8,0.4,0.4,-38.4,46.2,120.4,32.1,6.0,125.8,18.0,0.7,0.5,0.3,-166.7,-3.8,66.5,-37.5,6.0,124.7,18.0,0.7,0.5,0.3,-1.81,0.25,3.1,0.63,4.0,3.35,18.0,0.8,0.6,0.3,-26.9,2.3,18.3,-4.0,4.0,30.9,18.0,0.8,0.6,0.3,-0.07,0.23,0.94,0.43,3.0,0.76,20.0,1.0,0.4,0.4,-1.4,2.6,9.7,4.1,3.0,8.2,20.0,1.0,0.4,0.4,4.8,28.2,50.0,28.4,6.0,24.5,18.0,0.7,0.5,0.3,-12.2,15.1,36.9,11.2,6.0,30.9,18.0,0.7,0.5,0.3,21.9,44.3,50.8,36.7,4.0,20.7,18.0,1.0,0.4,0.3,-17.7,24.1,42.6,13.0,4.0,40.0,18.0,1.0,0.4,0.3,-1.2,1.7,9.3,4.0,3.0,7.9,20.0,1.0,0.4,0.4,2.0,2.1,2.2,2.1,3.0,0.2,20.0,1.0,0.4,0.4,389.5,1268.0,3912.5,1948.5,6.0,1908.0,18.0,0.7,0.5,0.3,390.0,1270.0,3915.0,1950.0,6.0,1910.0,18.0,0.7,0.5,0.3
1974,2,197.0,50.0,3.3,4.2,7.1,4.78,9.0,2.18,10.0,0.6,0.7,0.7,1.19,3.0,5.15,3.22,9.0,2.35,8.0,0.6,0.7,0.7,3.24,3.8,4.23,3.8,9.0,0.62,8.0,0.6,0.7,0.7,70.4,78.1,88.1,79.3,9.0,8.6,8.0,0.6,0.7,4.1,7.7,19.99,10.93,9.0,7.67,10.0,0.6,0.7,0.7,-1.9,3.85,12.24,4.61,9.0,7.03,10.0,0.6,0.7,0.7,-16.11,-1.5,5.68,-4.41,9.0,9.9,10.0,0.6,0.7,0.7,1000.3,1014.4,1022.0,1011.13,10.0,12.67,10.0,0.6,0.7,0.7,4.0,7.0,8.0,6.0,10.0,2.3,10.0,0.6,0.7,0.7,-5.7,15.8,235.4,77.0,9.0,145.0,10.0,0.6,0.7,0.7,-322.3,-8.5,44.9,-100.2,9.0,186.2,10.0,0.6,0.7,0.7,-0.07,1.85,3.18,2.15,8.0,3.1,8.0,0.5,0.8,0.7,6.7,13.1,40.9,35.9,7.0,64.5,8.0,0.4,0.7,0.8,1.25,1.71,2.41,1.81,8.0,0.76,8.0,0.5,0.8,0.7,4.7,12.8,34.6,22.2,7.0,23.4,8.0,0.4,0.7,0.8,-12.5,1.0,19.1,3.7,8.0,21.9,8.0,0.5,0.7,0.8,-3.5,0.8,34.1,1.9,8.0,38.3,8.0,0.5,0.7,0.8,-8.1,10.1,35.4,11.4,8.0,22.1,8.0,0.5,0.7,0.8,-46.2,-4.6,28.1,-7.4,8.0,34.8,8.0,0.5,0.7,0.8,-4.5,3.1,22.4,9.8,7.0,18.4,8.0,0.4,0.7,0.8,-31.9,-2.4,1.9,-10.5,7.0,23.4,8.0,0.4,0.7,0.8,69.0,456.5,8186.0,3226.5,9.0,4650.5,10.0,0.6,0.7,0.7,70.0,455.0,8185.0,3225.0,9.0,4650.0,10.0,0.6,0.7,0.7
1974,2,197.0,51.0,2.95,4.0,4.81,3.83,7.0,1.08,14.0,0.6,0.5,0.7,4.19,5.35,6.0,5.03,6.0,1.14,12.0,0.5,0.5,0.7,4.84,5.08,5.54,5.18,4.0,0.44,12.0,0.5,0.4,0.7,92.6,96.3,100.0,96.3,4.0,4.3,12.0,0.5,0.7,7.93,12.35,15.4,11.38,8.0,5.0,14.0,0.6,0.5,0.7,-6.74,5.46,8.07,2.35,8.0,8.13,14.0,0.6,0.5,0.7,-13.96,0.0,6.8,-2.66,8.0,9.61,14.0,0.6,0.5,0.7,988.5,998.75,1015.84,1001.64,8.0,12.89,14.0,0.6,0.5,0.7,6.8,8.0,8.0,7.0,6.0,2.4,12.0,0.7,0.6,0.7,-52.6,71.4,105.4,30.3,8.0,106.3,14.0,0.6,0.5,0.7,-212.3,0.0,65.6,-47.3,8.0,142.5,14.0,0.6,0.5,0.7,-1.05,-0.4,0.18,-0.48,5.0,0.94,12.0,0.4,0.6,0.7,-14.3,-3.9,2.2,-6.3,5.0,12.0,12.0,0.4,0.6,0.7,-0.31,0.2,0.31,0.01,4.0,0.52,12.0,0.5,0.4,0.7,-4.1,2.5,3.3,-0.3,4.0,6.3,12.0,0.5,0.4,0.7,-40.9,19.3,38.4,4.0,6.0,45.1,12.0,0.5,0.5,0.7,-12.2,3.4,42.2,6.8,6.0,39.4,12.0,0.5,0.5,0.7,-50.5,5.2,52.5,1.2,4.0,60.0,12.0,0.5,0.4,0.7,-29.9,0.0,27.4,-1.2,4.0,44.6,12.0,0.5,0.4,0.7,-4.7,-2.8,-0.2,-2.5,4.0,3.4,12.0,0.5,0.4,0.7,0.0,1.1,5.0,2.4,4.0,3.5,12.0,0.5,0.4,0.7,510.5,1895.0,3652.5,2123.5,8.0,1655.5,14.0,0.6,0.5,0.7,510.0,1895.0,3650.0,2125.0,8.0,1655.0,14.0,0.6,0.5,0.7
1974,2,197.0,52.0,2.27,3.3,3.84,3.0,9.0,1.19,14.0,0.0,0.7,0.5,-4.01,2.35,4.7,0.69,10.0,4.21,14.0,0.0,0.7,0.5,2.88,3.7,4.8,3.8,6.0,0.97,14.0,0.0,0.6,0.3,81.9,94.0,100.0,91.5,6.0,9.6,14.0,0.0,0.3,7.79,10.0,17.25,12.04,11.0,5.26,14.0,0.0,0.6,0.5,-6.77,0.0,6.57,-0.17,11.0,7.3,14.0,0.0,0.6,0.5,-13.41,1.08,6.85,-2.17,11.0,11.34,14.0,0.0,0.6,0.5,995.38,1001.5,1012.91,1003.64,11.0,10.55,14.0,0.0,0.6,0.5,7.4,8.0,8.0,7.8,10.0,0.4,14.0,0.0,0.7,0.6,-64.4,0.0,68.2,-2.8,11.0,105.1,14.0,0.0,0.6,0.5,-186.4,6.7,61.9,-36.9,11.0,201.1,14.0,0.0,0.6,0.5,-1.98,0.6,6.06,1.26,8.0,4.32,14.0,0.0,0.7,0.4,-41.6,3.6,82.3,21.4,8.0,70.9,14.0,0.0,0.7,0.4,-0.08,1.05,1.66,0.84,5.0,0.91,14.0,0.0,0.7,0.2,-1.6,8.6,16.3,8.1,5.0,11.4,14.0,0.0,0.7,0.2,-22.5,-0.2,28.4,-0.8,10.0,31.2,14.0,0.0,0.7,0.5,-9.5,24.2,70.6,29.5,10.0,42.6,14.0,0.0,0.7,0.5,-34.4,-3.3,31.8,-0.8,6.0,40.8,14.0,0.0,0.6,0.3,-35.9,-5.7,27.7,3.2,6.0,48.9,14.0,0.0,0.6,0.3,-8.2,0.0,5.3,-0.7,5.0,8.0,14.0,0.0,0.7,0.2,-11.0,0.0,3.3,-4.1,5.0,11.2,14.0,0.0,0.7,0.2,478.0,1000.0,5552.0,2734.5,11.0,3315.0,14.0,0.0,0.6,0.5,480.0,1000.0,5550.0,2735.0,11.0,3315.0,14.0,0.0,0.6,0.5
1974,2,197.0,53.0,2.53,3.5,4.1,3.35,6.0,0.93,18.0,0.3,0.5,0.8,1.06,2.35,3.42,2.71,8.0,2.01,16.0,0.4,0.5,0.6,2.68,3.15,3.35,3.02,3.0,0.5,18.0,0.3,0.6,0.6,62.0,75.3,80.4,71.3,3.0,13.9,18.0,0.3,0.6,6.65,11.05,15.82,11.2,8.0,4.85,16.0,0.4,0.5,0.6,-9.19,0.01,8.54,-1.22,8.0,9.52,16.0,0.4,0.5,0.6,-7.12,-4.42,5.75,-2.13,8.0,8.33,16.0,0.4,0.5,0.6,990.56,1004.85,1017.49,1004.16,8.0,12.8,16.0,0.4,0.5,0.6,4.3,8.0,8.0,6.5,8.0,2.6,16.0,0.4,0.5,0.6,-129.4,1.7,91.4,-28.3,8.0,137.3,16.0,0.4,0.5,0.6,-102.2,-46.5,34.7,-39.3,8.0,116.1,16.0,0.4,0.5,0.6,-0.7,0.85,1.31,0.07,6.0,2.72,18.0,0.3,0.5,0.8,-15.1,6.4,15.9,-6.0,6.0,39.0,18.0,0.3,0.5,0.8,1.89,1.98,2.07,1.98,2.0,0.18,28.0,0.0,0.5,0.8,13.1,16.6,20.1,16.6,2.0,7.2,28.0,0.0,0.5,0.8,-9.2,-1.0,27.4,3.3,8.0,25.4,16.0,0.4,0.5,0.6,-14.6,-8.8,10.1,-15.2,8.0,39.1,16.0,0.4,0.5,0.6,-20.7,3.4,16.1,-2.2,3.0,27.3,18.0,0.3,0.6,0.6,-2.5,19.2,32.0,14.8,3.0,25.6,18.0,0.3,0.6,0.6,4.7,10.4,16.1,10.4,2.0,11.9,28.0,0.0,0.5,0.8,-7.3,0.2,7.8,0.2,2.0,15.7,28.0,0.0,0.5,0.8,333.0,1351.5,3973.0,2063.0,8.0,1900.5,16.0,0.4,0.5,0.6,335.0,1350.0,3975.0,2065.0,8.0,1900.0,16.0,0.4,0.5,0.6
1974,2,197.0,54.0,2.0,3.1,4.83,3.27,21.0,1.35,12.0,0.4,0.5,0.3,-7.2,1.0,3.51,-0.97,23.0,5.04,14.0,0.3,0.5,0.3,2.34,3.44,4.49,3.36,9.0,1.05,14.0,0.6,0.5,0.1,70.7,86.1,91.9,84.1,9.0,11.8,14.0,0.6,0.1,8.2,12.9,21.3,13.39,24.0,6.12,12.0,0.3,0.5,0.3,-4.77,2.9,11.6,3.16,24.0,8.04,12.0,0.3,0.5,0.3,-18.01,-4.58,9.65,-5.31,24.0,10.95,12.0,0.3,0.5,0.3,993.78,1003.65,1017.94,1005.4,24.0,13.09,14.0,0.3,0.5,0.2,4.0,7.0,8.0,6.4,22.0,1.9,14.0,0.3,0.6,0.2,-57.0,38.3,182.0,66.9,24.0,134.7,12.0,0.3,0.5,0.3,-362.2,-61.5,101.9,-104.8,24.0,213.6,12.0,0.3,0.5,0.3,-0.98,2.6,8.38,3.21,20.0,4.68,12.0,0.4,0.5,0.3,-6.4,40.0,125.3,55.1,19.0,79.0,12.0,0.4,0.5,0.3,1.05,1.43,2.47,1.62,7.0,0.69,12.0,0.7,0.5,0.2,9.8,21.2,30.1,21.8,7.0,13.4,12.0,0.7,0.5,0.2,-35.6,0.0,26.6,-7.5,22.0,40.2,14.0,0.4,0.5,0.3,-13.1,23.1,118.3,41.9,22.0,61.5,14.0,0.4,0.5,0.3,-29.0,21.7,31.9,5.0,9.0,36.5,14.0,0.6,0.5,0.1,-40.3,-19.5,28.1,-11.9,9.0,34.8,14.0,0.6,0.5,0.1,-9.1,-3.5,22.3,1.8,7.0,16.2,12.0,0.7,0.5,0.2,-19.9,-4.9,10.0,-7.2,7.0,20.2,12.0,0.7,0.5,0.2,551.5,2146.5,9722.0,3897.0,24.0,4456.5,12.0,0.3,0.5,0.3,550.0,2145.0,9720.0,3895.0,24.0,4455.0,12.0,0.3,0.5,0.3
1974,2,197.0,56.0,,,,,,,,,,,,,,,,,,,,,,,,,,,,,,,,,,,,,,,,2.83,4.6,6.37,4.6,2.0,3.68,24.0,0.5,0.8,0.4,-0.35,1.67,3.69,1.67,2.0,4.18,24.0,0.5,0.8,0.4,-4.88,-3.52,-2.16,-3.52,2.0,2.82,24.0,0.5,0.8,0.4,1041.6,1041.6,1041.6,1041.6,1.0,0.0,24.0,0.0,0.8,0.6,,,,,,,,,,,,,,,,,,,,,,,,,,,,,,,,,,,,,,,,,,,,,,,,,,,,,,,,,,,,,,,,,,,,,,,,,,,,,,,,,,,,,,,,,,,,,,,,,,,,,,,,,,,,,,,,,,,,,,,,,,,,,,,,,,,,,,,,,,,,,,,,,,,,,,
1974,2,198.0,-73.0,0.0,0.0,0.0,0.0,1.0,0.0,18.0,1.0,0.5,0.9,-2.3,-2.3,-2.3,-2.3,1.0,0.0,18.0,1.0,0.5,0.9,2.51,2.51,2.51,2.51,1.0,0.0,18.0,1.0,0.5,0.9,75.7,75.7,75.7,75.7,1.0,0.0,18.0,1.0,0.9,7.2,7.2,7.2,7.2,1.0,0.0,18.0,1.0,0.5,0.9,1.25,1.25,1.25,1.25,1.0,0.0,18.0,1.0,0.5,0.9,7.09,7.09,7.09,7.09,1.0,0.0,18.0,1.0,0.5,0.9,976.4,976.4,976.4,976.4,1.0,0.0,18.0,1.0,0.5,0.9,8.0,8.0,8.0,8.0,1.0,0.0,18.0,1.0,0.5,0.9,9.0,9.0,9.0,9.0,1.0,0.0,18.0,1.0,0.5,0.9,51.1,51.1,51.1,51.1,1.0,0.0,18.0,1.0,0.5,0.9,2.3,2.3,2.3,2.3,1.0,0.0,18.0,1.0,0.5,0.9,16.6,16.6,16.6,16.6,1.0,0.0,18.0,1.0,0.5,0.9,1.41,1.41,1.41,1.41,1.0,0.0,18.0,1.0,0.5,0.9,10.2,10.2,10.2,10.2,1.0,0.0,18.0,1.0,0.5,0.9,-2.9,-2.9,-2.9,-2.9,1.0,0.0,18.0,1.0,0.5,0.9,-16.3,-16.3,-16.3,-16.3,1.0,0.0,18.0,1.0,0.5,0.9,3.1,3.1,3.1,3.1,1.0,0.0,18.0,1.0,0.5,0.9,17.8,17.8,17.8,17.8,1.0,0.0,18.0,1.0,0.5,0.9,1.8,1.8,1.8,1.8,1.0,0.0,18.0,1.0,0.5,0.9,10.0,10.0,10.0,10.0,1.0,0.0,18.0,1.0,0.5,0.9,373.0,373.0,373.0,373.0,1.0,0.0,18.0,1.0,0.5,0.9,375.0,375.0,375.0,375.0,1.0,0.0,18.0,1.0,0.5,0.9
1974,2,198.0,-67.0,,,,,,,,,,,,,,,,,,,,,,,,,,,,,,,,,,,,,,,,15.4,15.4,15.4,15.4,1.0,0.0,20.0,0.0,1.0,0.1,15.4,15.4,15.4,15.4,1.0,0.0,20.0,0.0,1.0,0.1,0.0,0.0,0.0,0.0,1.0,0.0,20.0,0.0,1.0,0.1,980.4,980.4,980.4,980.4,1.0,0.0,20.0,0.0,1.0,0.1,,,,,,,,,,,,,,,,,,,,,,,,,,,,,,,,,,,,,,,,,,,,,,,,,,,,,,,,,,,,,,,,,,,,,,,,,,,,,,,,,,,,,,,,,,,,,,,,,,,,,,,,,,,,,,,,,,,,,,,,,,,,,,,,,,,,,,,,,,,,,,,,,,,,,,
1974,2,198.0,-60.0,,,,,,,,,,,,,,,,,,,,,,,,,,,,,,,,,,,,,,,,6.75,10.5,14.25,10.5,2.0,7.78,18.0,1.0,0.6,0.9,5.42,8.84,12.27,8.84,2.0,7.09,18.0,1.0,0.6,0.9,3.97,5.61,7.24,5.61,2.0,3.38,18.0,1.0,0.6,0.9,1002.65,1005.35,1008.05,1005.35,2.0,5.59,18.0,1.0,0.6,0.9,,,,,,,,,,,,,,,,,,,,,,,,,,,,,,,,,,,,,,,,,,,,,,,,,,,,,,,,,,,,,,,,,,,,,,,,,,,,,,,,,,,,,,,,,,,,,,,,,,,,,,,,,,,,,,,,,,,,,,,,,,,,,,,,,,,,,,,,,,,,,,,,,,,,,,
1974,2,198.0,-45.0,16.0,16.0,16.0,16.0,1.0,0.0,20.0,1.0,1.0,0.4,15.2,15.2,15.2,15.2,1.0,0.0,20.0,1.0,1.0,0.4,9.35,9.35,9.35,9.35,1.0,0.0,20.0,1.0,1.0,0.4,87.8,87.8,87.8,87.8,1.0,0.0,20.0,1.0,0.4,8.7,8.7,8.7,8.7,1.0,0.0,20.0,1.0,1.0,0.4,-5.59,-5.59,-5.59,-5.59,1.0,0.0,20.0,1.0,1.0,0.4,-6.66,-6.66,-6.66,-6.66,1.0,0.0,20.0,1.0,1.0,0.4,1019.0,1019.0,1019.0,1019.0,1.0,0.0,20.0,1.0,1.0,0.4,3.0,3.0,3.0,3.0,1.0,0.0,20.0,1.0,1.0,0.4,-48.7,-48.7,-48.7,-48.7,1.0,0.0,20.0,1.0,1.0,0.4,-58.0,-58.0,-58.0,-58.0,1.0,0.0,20.0,1.0,1.0,0.4,0.8,0.8,0.8,0.8,1.0,0.0,20.0,1.0,1.0,0.4,7.0,7.0,7.0,7.0,1.0,0.0,20.0,1.0,1.0,0.4,1.87,1.87,1.87,1.87,1.0,0.0,20.0,1.0,1.0,0.4,16.2,16.2,16.2,16.2,1.0,0.0,20.0,1.0,1.0,0.4,-85.0,-85.0,-85.0,-85.0,1.0,0.0,20.0,1.0,1.0,0.4,-101.3,-101.3,-101.3,-101.3,1.0,0.0,20.0,1.0,1.0,0.4,-52.3,-52.3,-52.3,-52.3,1.0,0.0,20.0,1.0,1.0,0.4,-62.3,-62.3,-62.3,-62.3,1.0,0.0,20.0,1.0,1.0,0.4,-10.4,-10.4,-10.4,-10.4,1.0,0.0,20.0,1.0,1.0,0.4,-12.4,-12.4,-12.4,-12.4,1.0,0.0,20.0,1.0,1.0,0.4,658.5,658.5,658.5,658.5,1.0,0.0,20.0,1.0,1.0,0.4,660.0,660.0,660.0,660.0,1.0,0.0,20.0,1.0,1.0,0.4
1974,2,198.0,-41.0,16.7,16.7,16.7,16.7,1.0,0.0,24.0,1.0,0.8,0.2,16.8,16.8,16.8,16.8,1.0,0.0,24.0,1.0,0.8,0.2,8.8,8.8,8.8,8.8,1.0,0.0,24.0,1.0,0.8,0.2,74.3,74.3,74.3,74.3,1.0,0.0,24.0,1.0,0.2,15.4,15.4,15.4,15.4,1.0,0.0,24.0,1.0,0.8,0.2,5.27,5.27,5.27,5.27,1.0,0.0,24.0,1.0,0.8,0.2,14.47,14.47,14.47,14.47,1.0,0.0,24.0,1.0,0.8,0.2,1013.3,1013.3,1013.3,1013.3,1.0,0.0,24.0,1.0,0.8,0.2,6.0,6.0,6.0,6.0,1.0,0.0,24.0,1.0,0.8,0.2,81.1,81.1,81.1,81.1,1.0,0.0,24.0,1.0,0.8,0.2,222.9,222.9,222.9,222.9,1.0,0.0,24.0,1.0,0.8,0.2,-0.1,-0.1,-0.1,-0.1,1.0,0.0,24.0,1.0,0.8,0.2,-1.5,-1.5,-1.5,-1.5,1.0,0.0,24.0,1.0,0.8,0.2,3.0,3.0,3.0,3.0,1.0,0.0,24.0,1.0,0.8,0.2,46.1,46.1,46.1,46.1,1.0,0.0,24.0,1.0,0.8,0.2,88.5,88.5,88.5,88.5,1.0,0.0,24.0,1.0,0.8,0.2,243.1,243.1,243.1,243.1,1.0,0.0,24.0,1.0,0.8,0.2,46.4,46.4,46.4,46.4,1.0,0.0,24.0,1.0,0.8,0.2,127.4,127.4,127.4,127.4,1.0,0.0,24.0,1.0,0.8,0.2,15.8,15.8,15.8,15.8,1.0,0.0,24.0,1.0,0.8,0.2,43.4,43.4,43.4,43.4,1.0,0.0,24.0,1.0,0.8,0.2,3652.5,3652.5,3652.5,3652.5,1.0,0.0,24.0,1.0,0.8,0.2,3650.0,3650.0,3650.0,3650.0,1.0,0.0,24.0,1.0,0.8,0.2
1974,2,198.0,-39.0,19.0,19.0,19.0,19.0,1.0,0.0,6.0,0.0,0.6,0.1,20.0,20.0,20.0,20.0,1.0,0.0,6.0,0.0,0.6,0.1,11.75,11.75,11.75,11.75,1.0,0.0,6.0,0.0,0.6,0.1,81.3,81.3,81.3,81.3,1.0,0.0,6.0,0.0,0.1,4.6,4.6,4.6,4.6,1.0,0.0,6.0,0.0,0.6,0.1,3.52,3.52,3.52,3.52,1.0,0.0,6.0,0.0,0.6,0.1,-2.96,-2.96,-2.96,-2.96,1.0,0.0,6.0,0.0,0.6,0.1,1017.3,1017.3,1017.3,1017.3,1.0,0.0,6.0,0.0,0.6,0.1,1.0,1.0,1.0,1.0,1.0,0.0,6.0,0.0,0.6,0.1,16.2,16.2,16.2,16.2,1.0,0.0,6.0,0.0,0.6,0.1,-13.6,-13.6,-13.6,-13.6,1.0,0.0,6.0,0.0,0.6,0.1,-1.0,-1.0,-1.0,-1.0,1.0,0.0,6.0,0.0,0.6,0.1,-4.6,-4.6,-4.6,-4.6,1.0,0.0,6.0,0.0,0.6,0.1,1.85,1.85,1.85,1.85,1.0,0.0,6.0,0.0,0.6,0.1,8.5,8.5,8.5,8.5,1.0,0.0,6.0,0.0,0.6,0.1,70.5,70.5,70.5,70.5,1.0,0.0,6.0,0.0,0.6,0.1,-59.1,-59.1,-59.1,-59.1,1.0,0.0,6.0,0.0,0.6,0.1,41.4,41.4,41.4,41.4,1.0,0.0,6.0,0.0,0.6,0.1,-34.8,-34.8,-34.8,-34.8,1.0,0.0,6.0,0.0,0.6,0.1,6.5,6.5,6.5,6.5,1.0,0.0,6.0,0.0,0.6,0.1,-5.5,-5.5,-5.5,-5.5,1.0,0.0,6.0,0.0,0.6,0.1,97.5,97.5,97.5,97.5,1.0,0.0,6.0,0.0,0.6,0.1,95.0,95.0,95.0,95.0,1.0,0.0,6.0,0.0,0.6,0.1
1974,2,198.0,-36.0,21.13,21.4,21.67,21.4,3.0,0.4,20.0,0.7,0.5,0.5,21.06,21.2,21.54,21.3,3.0,0.36,20.0,0.7,0.5,0.5,11.84,13.37,14.33,13.09,3.0,1.84,20.0,0.7,0.5,0.5,77.0,87.2,89.9,83.5,3.0,10.0,20.0,0.7,0.5,6.2,6.2,8.32,7.23,3.0,1.79,20.0,0.7,0.5,0.5,-2.23,3.18,4.99,1.42,3.0,5.5,20.0,0.7,0.5,0.5,-6.64,-2.12,2.05,-2.29,3.0,6.36,20.0,0.7,0.5,0.5,1013.67,1022.0,1025.75,1019.77,3.0,9.06,20.0,0.7,0.5,0.5,6.3,7.0,7.0,6.7,3.0,0.6,20.0,0.7,0.5,0.5,-10.7,29.6,34.0,12.1,3.0,36.1,20.0,0.7,0.5,0.5,-59.7,-13.1,12.7,-23.2,3.0,53.7,20.0,0.7,0.5,0.5,-0.2,0.0,0.41,0.1,3.0,0.46,20.0,0.7,0.5,0.5,-1.9,0.0,2.5,0.3,3.0,3.3,20.0,0.7,0.5,0.5,1.41,1.97,3.98,2.68,3.0,1.98,20.0,0.7,0.5,0.5,11.1,12.2,24.7,17.8,3.0,11.0,20.0,0.7,0.5,0.5,-46.8,69.0,105.4,30.2,3.0,116.5,20.0,0.7,0.5,0.5,-143.6,-44.5,43.5,-49.9,3.0,137.1,20.0,0.7,0.5,0.5,-21.2,47.0,68.1,24.0,3.0,68.3,20.0,0.7,0.5,0.5,-97.1,-28.3,21.3,-37.7,3.0,87.1,20.0,0.7,0.5,0.5,-14.8,3.6,9.0,-2.7,3.0,18.3,20.0,0.7,0.5,0.5,-8.2,-4.2,12.0,1.8,3.0,15.7,20.0,0.7,0.5,0.5,238.5,238.5,624.5,427.0,3.0,327.0,20.0,0.7,0.5,0.5,240.0,240.0,625.0,425.0,3.0,325.0,20.0,0.7,0.5,0.5
1974,2,198.0,-35.0,20.17,20.55,20.93,20.55,2.0,0.78,16.0,1.0,0.1,0.6,20.91,21.35,21.79,21.35,2.0,0.92,16.0,1.0,0.1,0.6,11.45,11.99,12.53,11.99,2.0,1.12,16.0,1.0,0.1,0.6,75.0,76.3,77.5,76.3,2.0,2.5,16.0,1.0,0.6,8.2,8.2,8.2,8.2,1.0,0.0,10.0,1.0,0.1,0.1,-5.27,-5.27,-5.27,-5.27,1.0,0.0,10.0,1.0,0.1,0.1,6.28,6.28,6.28,6.28,1.0,0.0,10.0,1.0,0.1,0.1,1016.89,1018.6,1020.31,1018.6,2.0,3.54,16.0,1.0,0.1,0.6,6.3,7.0,7.7,7.0,2.0,1.4,16.0,1.0,0.1,0.6,-43.2,-43.2,-43.2,-43.2,1.0,0.0,10.0,1.0,0.1,0.1,51.5,51.5,51.5,51.5,1.0,0.0,10.0,1.0,0.1,0.1,-1.62,-0.8,0.02,-0.8,2.0,1.7,16.0,1.0,0.1,0.6,3.3,3.3,3.3,3.3,1.0,0.0,10.0,1.0,0.1,0.1,2.12,2.99,3.85,2.99,2.0,1.8,16.0,1.0,0.1,0.6,34.9,34.9,34.9,34.9,1.0,0.0,10.0,1.0,0.1,0.1,-109.1,-109.1,-109.1,-109.1,1.0,0.0,10.0,1.0,0.1,0.1,130.0,130.0,130.0,130.0,1.0,0.0,10.0,1.0,0.1,0.1,-59.0,-59.0,-59.0,-59.0,1.0,0.0,10.0,1.0,0.1,0.1,70.3,70.3,70.3,70.3,1.0,0.0,10.0,1.0,0.1,0.1,-22.4,-22.4,-22.4,-22.4,1.0,0.0,10.0,1.0,0.1,0.1,26.7,26.7,26.7,26.7,1.0,0.0,10.0,1.0,0.1,0.1,551.5,551.5,551.5,551.5,1.0,0.0,10.0,1.0,0.1,0.1,550.0,550.0,550.0,550.0,1.0,0.0,10.0,1.0,0.1,0.1
1974,2,198.0,-34.0,21.37,21.75,22.13,21.75,2.0,0.78,18.0,0.5,0.6,0.3,20.2,21.7,22.72,21.47,3.0,1.86,20.0,0.7,0.6,0.3,9.86,12.28,12.78,11.34,3.0,2.29,20.0,0.7,0.6,0.3,66.1,74.4,75.9,71.1,3.0,7.7,20.0,0.7,0.3,8.55,9.3,9.3,8.93,3.0,0.64,20.0,0.7,0.6,0.3,-8.53,-8.08,-0.39,-4.54,3.0,6.7,20.0,0.7,0.6,0.3,-1.72,1.42,6.42,2.33,3.0,6.01,20.0,0.7,0.6,0.3,1016.09,1018.0,1022.1,1019.07,3.0,4.5,20.0,0.7,0.6,0.3,4.6,6.0,6.7,5.7,3.0,1.5,20.0,0.7,0.6,0.3,-76.5,-66.2,-0.8,-39.3,3.0,60.1,20.0,0.7,0.6,0.3,-16.5,11.7,59.2,21.1,3.0,56.0,20.0,0.7,0.6,0.3,-0.49,0.4,1.29,0.4,2.0,1.84,18.0,0.5,0.6,0.3,-3.7,4.2,12.1,4.2,2.0,16.4,18.0,0.5,0.6,0.3,4.11,5.25,6.38,5.25,2.0,2.35,18.0,0.5,0.6,0.3,34.9,46.8,58.7,46.8,2.0,24.7,18.0,0.5,0.6,0.3,-188.9,-187.3,-17.1,-105.0,3.0,144.6,20.0,0.7,0.6,0.3,-36.6,33.0,126.8,44.8,3.0,120.2,20.0,0.7,0.6,0.3,-106.6,-105.1,-14.4,-61.5,3.0,77.4,20.0,0.7,0.6,0.3,-20.8,18.5,58.0,18.6,3.0,57.7,20.0,0.7,0.6,0.3,-20.9,-3.5,13.9,-3.5,2.0,36.0,18.0,0.5,0.6,0.3,13.9,32.7,51.6,32.7,2.0,39.1,18.0,0.5,0.6,0.3,631.5,804.5,804.5,720.0,3.0,146.0,20.0,0.7,0.6,0.3,630.0,805.0,805.0,720.0,3.0,145.0,20.0,0.7,0.6,0.3
1974,2,198.0,-29.0,,,,,,,,,,,,,,,,,,,,,,,,,,,,,,,,,,,,,,,,4.1,4.1,4.1,4.1,1.0,0.0,22.0,1.0,0.5,0.5,1.4,1.4,1.4,1.4,1.0,0.0,22.0,1.0,0.5,0.5,-3.85,-3.85,-3.85,-3.85,1.0,0.0,22.0,1.0,0.5,0.5,1009.0,1009.0,1009.0,1009.0,1.0,0.0,22.0,1.0,0.5,0.5,,,,,,,,,,,,,,,,,,,,,,,,,,,,,,,,,,,,,,,,,,,,,,,,,,,,,,,,,,,,,,,,,,,,,,,,,,,,,,,,,,,,,,,,,,,,,,,,,,,,,,,,,,,,,,,,,,,,,,,,,,,,,,,,,,,,,,,,,,,,,,,,,,,,,,
1974,2,198.0,-23.0,27.05,27.8,28.55,27.8,2.0,1.56,10.0,0.0,0.5,0.7,25.0,25.0,25.0,25.0,2.0,0.0,10.0,0.0,0.5,0.7,15.46,15.46,15.47,15.46,2.0,0.02,10.0,0.0,0.5,0.7,78.5,78.5,78.5,78.5,2.0,0.0,10.0,0.0,0.7,5.77,7.2,8.63,7.2,2.0,2.97,10.0,0.0,0.5,0.7,-8.41,-6.79,-5.17,-6.79,2.0,3.35,10.0,0.0,0.5,0.7,1.76,2.08,2.4,2.08,2.0,0.66,10.0,0.0,0.5,0.7,1013.42,1013.9,1014.38,1013.9,2.0,0.99,10.0,0.0,0.5,0.7,3.8,5.5,7.2,5.5,2.0,3.5,10.0,0.0,0.5,0.7,-75.2,-53.9,-32.5,-53.9,2.0,44.3,10.0,0.0,0.5,0.7,13.3,14.0,14.7,14.0,2.0,1.4,10.0,0.0,0.5,0.7,2.05,2.8,3.55,2.8,2.0,1.56,10.0,0.0,0.5,0.7,13.1,22.5,31.9,22.5,2.0,19.5,10.0,0.0,0.5,0.7,6.9,7.94,8.98,7.94,2.0,2.15,10.0,0.0,0.5,0.7,41.5,60.4,79.2,60.4,2.0,39.1,10.0,0.0,0.5,0.7,-210.2,-169.7,-129.2,-169.7,2.0,83.8,10.0,0.0,0.5,0.7,44.1,52.1,60.0,52.1,2.0,16.5,10.0,0.0,0.5,0.7,-129.9,-104.9,-80.0,-104.9,2.0,51.8,10.0,0.0,0.5,0.7,27.3,32.2,37.2,32.2,2.0,10.3,10.0,0.0,0.5,0.7,-77.4,-57.5,-37.6,-57.5,2.0,41.2,10.0,0.0,0.5,0.7,15.5,15.8,16.2,15.8,2.0,0.8,10.0,0.0,0.5,0.7,239.5,468.5,698.0,468.5,2.0,475.0,10.0,0.0,0.5,0.7,240.0,470.0,700.0,470.0,2.0,475.0,10.0,0.0,0.5,0.7
1974,2,198.0,-22.0,30.0,30.0,30.0,30.0,1.0,0.0,28.0,1.0,0.3,0.2,27.5,27.5,27.5,27.5,1.0,0.0,28.0,1.0,0.3,0.2,18.35,18.35,18.35,18.35,1.0,0.0,28.0,1.0,0.3,0.2,80.3,80.3,80.3,80.3,1.0,0.0,28.0,1.0,0.2,2.1,2.1,2.1,2.1,1.0,0.0,28.0,1.0,0.3,0.2,-1.61,-1.61,-1.61,-1.61,1.0,0.0,28.0,1.0,0.3,0.2,-1.35,-1.35,-1.35,-1.35,1.0,0.0,28.0,1.0,0.3,0.2,1014.9,1014.9,1014.9,1014.9,1.0,0.0,28.0,1.0,0.3,0.2,7.0,7.0,7.0,7.0,1.0,0.0,28.0,1.0,0.3,0.2,-3.4,-3.4,-3.4,-3.4,1.0,0.0,28.0,1.0,0.3,0.2,-2.8,-2.8,-2.8,-2.8,1.0,0.0,28.0,1.0,0.3,0.2,2.5,2.5,2.5,2.5,1.0,0.0,28.0,1.0,0.3,0.2,5.3,5.3,5.3,5.3,1.0,0.0,28.0,1.0,0.3,0.2,8.22,8.22,8.22,8.22,1.0,0.0,28.0,1.0,0.3,0.2,17.3,17.3,17.3,17.3,1.0,0.0,28.0,1.0,0.3,0.2,-44.2,-44.2,-44.2,-44.2,1.0,0.0,28.0,1.0,0.3,0.2,-37.1,-37.1,-37.1,-37.1,1.0,0.0,28.0,1.0,0.3,0.2,-29.5,-29.5,-29.5,-29.5,1.0,0.0,28.0,1.0,0.3,0.2,-24.8,-24.8,-24.8,-24.8,1.0,0.0,28.0,1.0,0.3,0.2,-13.2,-13.2,-13.2,-13.2,1.0,0.0,28.0,1.0,0.3,0.2,-11.1,-11.1,-11.1,-11.1,1.0,0.0,28.0,1.0,0.3,0.2,9.5,9.5,9.5,9.5,1.0,0.0,28.0,1.0,0.3,0.2,10.0,10.0,10.0,10.0,1.0,0.0,28.0,1.0,0.3,0.2
1974,2,198.0,-21.0,27.82,27.85,27.88,27.85,2.0,0.07,14.0,1.0,0.3,0.6,26.51,27.6,28.69,27.6,2.0,2.26,14.0,1.0,0.3,0.6,18.01,18.27,18.53,18.27,2.0,0.54,14.0,1.0,0.3,0.6,75.4,79.3,83.3,79.3,2.0,8.1,14.0,1.0,0.6,4.68,4.85,5.02,4.85,2.0,0.35,14.0,1.0,0.3,0.6,-3.47,-0.63,2.2,-0.63,2.0,5.88,14.0,1.0,0.3,0.6,-2.76,-2.35,-1.94,-2.35,2.0,0.86,14.0,1.0,0.3,0.6,1010.13,1010.4,1010.67,1010.4,2.0,0.57,14.0,1.0,0.3,0.6,4.6,6.0,7.4,6.0,2.0,2.8,14.0,1.0,0.3,0.6,-18.0,-4.1,9.8,-4.1,2.0,28.7,14.0,1.0,0.3,0.6,-12.9,-11.2,-9.6,-11.2,2.0,3.3,14.0,1.0,0.3,0.6,-0.81,0.25,1.31,0.25,2.0,2.19,14.0,1.0,0.3,0.6,-4.3,0.8,5.9,0.8,2.0,10.5,14.0,1.0,0.3,0.6,5.02,5.24,5.46,5.24,2.0,0.46,14.0,1.0,0.3,0.6,25.2,25.4,25.5,25.4,2.0,0.4,14.0,1.0,0.3,0.6,-103.2,-24.2,54.9,-24.2,2.0,163.7,14.0,1.0,0.3,0.6,-72.8,-63.9,-55.1,-63.9,2.0,18.3,14.0,1.0,0.3,0.6,-65.2,-13.2,38.8,-13.2,2.0,107.8,14.0,1.0,0.3,0.6,-49.7,-42.7,-35.8,-42.7,2.0,14.4,14.0,1.0,0.3,0.6,-16.7,-2.0,12.8,-2.0,2.0,30.6,14.0,1.0,0.3,0.6,-15.2,-12.5,-9.8,-12.5,2.0,5.6,14.0,1.0,0.3,0.6,103.0,115.0,127.0,115.0,2.0,25.0,14.0,1.0,0.3,0.6,105.0,115.0,125.0,115.0,2.0,25.0,14.0,1.0,0.3,0.6
1974,2,198.0,-20.0,28.16,28.5,29.52,28.83,3.0,1.04,16.0,0.7,0.8,0.5,25.75,26.3,26.78,26.27,3.0,0.75,16.0,0.7,0.8,0.5,16.61,17.27,17.66,17.13,3.0,0.78,16.0,0.7,0.8,0.5,77.5,80.2,83.5,80.5,3.0,4.4,16.0,0.7,0.5,3.6,3.6,6.74,5.13,3.0,2.66,16.0,0.7,0.8,0.5,-4.74,-3.6,-3.03,-3.88,3.0,1.28,16.0,0.7,0.8,0.5,-4.29,0.0,1.58,-1.32,3.0,4.45,16.0,0.7,0.8,0.5,1011.57,1013.0,1014.02,1012.8,3.0,1.81,16.0,0.7,0.8,0.5,6.0,6.0,7.4,6.7,3.0,1.2,16.0,0.7,0.8,0.5,-33.6,-13.0,-10.9,-22.0,3.0,18.4,16.0,0.7,0.8,0.5,-35.2,0.0,5.7,-14.4,3.0,32.4,16.0,0.7,0.8,0.5,1.82,2.5,3.32,2.57,3.0,1.1,16.0,0.7,0.8,0.5,7.9,13.3,18.2,13.1,3.0,7.6,16.0,0.7,0.8,0.5,6.41,6.54,9.16,7.76,3.0,2.27,16.0,0.7,0.8,0.5,27.9,37.4,47.4,37.7,3.0,14.3,16.0,0.7,0.8,0.5,-122.6,-97.2,-80.4,-101.4,3.0,31.1,16.0,0.7,0.8,0.5,-109.3,0.0,41.5,-33.1,3.0,114.2,16.0,0.7,0.8,0.5,-82.5,-64.2,-51.1,-66.7,3.0,23.1,16.0,0.7,0.8,0.5,-74.1,0.0,25.7,-23.6,3.0,75.9,16.0,0.7,0.8,0.5,-32.0,-28.6,-25.2,-28.6,3.0,5.0,16.0,0.7,0.8,0.5,-27.3,0.0,16.4,-5.3,3.0,32.3,16.0,0.7,0.8,0.5,46.5,46.5,391.0,215.0,3.0,291.5,16.0,0.7,0.8,0.5,45.0,45.0,390.0,215.0,3.0,290.0,16.0,0.7,0.8,0.5
1974,2,198.0,-19.0,27.32,28.0,28.0,27.67,3.0,0.58,16.0,1.0,0.4,0.5,24.95,27.0,29.05,27.0,3.0,3.0,16.0,1.0,0.4,0.5,17.37,17.45,17.81,17.59,3.0,0.34,16.0,1.0,0.4,0.5,70.5,80.7,89.1,79.8,3.0,13.6,16.0,1.0,0.5,3.08,4.1,4.78,3.93,3.0,1.26,16.0,1.0,0.4,0.5,-3.16,-1.67,-0.53,-1.84,3.0,1.93,16.0,1.0,0.4,0.5,-3.93,-1.4,0.91,-1.5,3.0,3.55,16.0,1.0,0.4,0.5,1010.45,1011.0,1011.0,1010.73,3.0,0.46,16.0,1.0,0.4,0.5,1.6,3.0,3.0,2.3,3.0,1.2,16.0,1.0,0.4,0.5,-12.2,-4.3,-1.4,-6.7,3.0,8.2,16.0,1.0,0.4,0.5,-19.6,-5.7,1.7,-8.9,3.0,15.8,16.0,1.0,0.4,0.5,-1.73,1.0,3.05,0.67,3.0,3.51,16.0,1.0,0.4,0.5,-9.1,4.1,8.4,-0.3,3.0,13.4,16.0,1.0,0.4,0.5,5.17,5.73,6.17,5.67,3.0,0.74,16.0,1.0,0.4,0.5,18.8,23.5,24.5,21.7,3.0,4.5,16.0,1.0,0.4,0.5,-83.7,-40.1,-12.7,-48.0,3.0,52.5,16.0,1.0,0.4,0.5,-116.5,-37.9,20.6,-47.7,3.0,100.8,16.0,1.0,0.4,0.5,-56.5,-29.0,-9.2,-32.7,3.0,34.8,16.0,1.0,0.4,0.5,-68.8,-25.2,15.6,-26.6,3.0,61.8,16.0,1.0,0.4,0.5,-18.5,-10.7,-3.4,-10.9,3.0,11.0,16.0,1.0,0.4,0.5,-19.6,-8.0,6.1,-6.8,3.0,18.9,16.0,1.0,0.4,0.5,34.0,69.0,112.5,73.0,3.0,57.5,16.0,1.0,0.4,0.5,35.0,70.0,110.0,75.0,3.0,60.0,16.0,1.0,0.4,0.5
1974,2,198.0,-18.0,28.0,28.0,28.0,28.0,1.0,0.0,24.0,0.0,0.2,0.7,27.0,27.0,27.0,27.0,1.0,0.0,24.0,0.0,0.2,0.7,21.44,21.44,21.44,21.44,1.0,0.0,24.0,0.0,0.2,0.7,96.0,96.0,96.0,96.0,1.0,0.0,24.0,0.0,0.7,7.7,7.7,7.7,7.7,1.0,0.0,24.0,0.0,0.2,0.7,-5.9,-5.9,-5.9,-5.9,1.0,0.0,24.0,0.0,0.2,0.7,-4.95,-4.95,-4.95,-4.95,1.0,0.0,24.0,0.0,0.2,0.7,1010.6,1010.6,1010.6,1010.6,1.0,0.0,24.0,0.0,0.2,0.7,3.0,3.0,3.0,3.0,1.0,0.0,24.0,0.0,0.2,0.7,-45.4,-45.4,-45.4,-45.4,1.0,0.0,24.0,0.0,0.2,0.7,-38.1,-38.1,-38.1,-38.1,1.0,0.0,24.0,0.0,0.2,0.7,1.0,1.0,1.0,1.0,1.0,0.0,24.0,0.0,0.2,0.7,7.7,7.7,7.7,7.7,1.0,0.0,24.0,0.0,0.2,0.7,2.28,2.28,2.28,2.28,1.0,0.0,24.0,0.0,0.2,0.7,17.6,17.6,17.6,17.6,1.0,0.0,24.0,0.0,0.2,0.7,-159.3,-159.3,-159.3,-159.3,1.0,0.0,24.0,0.0,0.2,0.7,-133.6,-133.6,-133.6,-133.6,1.0,0.0,24.0,0.0,0.2,0.7,-126.4,-126.4,-126.4,-126.4,1.0,0.0,24.0,0.0,0.2,0.7,-106.1,-106.1,-106.1,-106.1,1.0,0.0,24.0,0.0,0.2,0.7,-13.5,-13.5,-13.5,-13.5,1.0,0.0,24.0,0.0,0.2,0.7,-11.3,-11.3,-11.3,-11.3,1.0,0.0,24.0,0.0,0.2,0.7,456.5,456.5,456.5,456.5,1.0,0.0,24.0,0.0,0.2,0.7,455.0,455.0,455.0,455.0,1.0,0.0,24.0,0.0,0.2,0.7
1974,2,198.0,-17.0,28.16,28.5,28.5,28.33,3.0,0.29,10.0,0.3,0.7,0.4,26.66,27.0,27.82,27.23,3.0,0.87,10.0,0.3,0.7,0.4,17.17,17.71,18.59,17.88,3.0,1.05,10.0,0.3,0.7,0.4,75.6,78.2,83.0,79.2,3.0,5.5,10.0,0.3,0.4,1.85,2.6,6.08,3.93,3.0,3.31,10.0,0.3,0.7,0.4,-5.65,-1.5,0.13,-2.73,3.0,4.37,10.0,0.3,0.7,0.4,-2.09,-1.34,-0.42,-1.26,3.0,1.22,10.0,0.3,0.7,0.4,1010.53,1010.6,1012.92,1011.7,3.0,1.99,10.0,0.3,0.7,0.4,4.0,6.0,6.7,5.3,3.0,2.1,10.0,0.3,0.7,0.4,-40.6,-2.2,0.9,-19.4,3.0,33.8,10.0,0.3,0.7,0.4,-9.0,-6.4,-2.0,-5.5,3.0,5.2,10.0,0.3,0.7,0.4,0.34,1.5,1.84,1.1,3.0,1.15,10.0,0.3,0.7,0.4,-0.1,3.0,3.6,1.8,3.0,2.9,10.0,0.3,0.7,0.4,5.59,5.93,7.01,6.29,3.0,1.09,10.0,0.3,0.7,0.4,12.2,14.1,35.7,23.7,3.0,19.1,10.0,0.3,0.7,0.4,-158.6,-39.7,3.8,-76.5,3.0,123.1,10.0,0.3,0.7,0.4,-57.0,-37.7,-12.0,-34.6,3.0,33.1,10.0,0.3,0.7,0.4,-99.7,-25.4,3.5,-47.6,3.0,78.0,10.0,0.3,0.7,0.4,-39.2,-23.7,-7.5,-23.4,3.0,23.2,10.0,0.3,0.7,0.4,-34.3,-11.3,-0.3,-17.1,3.0,25.4,10.0,0.3,0.7,0.4,-11.6,-7.9,-2.5,-7.1,3.0,6.7,10.0,0.3,0.7,0.4,8.0,17.5,317.0,159.0,3.0,257.5,10.0,0.3,0.7,0.4,10.0,20.0,315.0,160.0,3.0,260.0,10.0,0.3,0.7,0.4
1974,2,198.0,-16.0,27.94,28.9,28.97,28.47,3.0,0.84,22.0,0.0,0.5,0.5,26.1,27.6,28.01,27.07,3.0,1.47,22.0,0.0,0.6,0.5,17.01,18.05,18.86,17.94,3.0,1.36,22.0,0.0,0.6,0.5,74.3,80.4,86.4,80.4,3.0,8.8,22.0,0.0,0.5,6.7,7.2,8.54,7.6,4.0,1.23,20.0,0.0,0.6,0.4,-6.6,-6.29,-5.44,-6.03,4.0,0.78,20.0,0.0,0.6,0.4,-6.54,-3.53,0.06,-3.26,4.0,3.91,20.0,0.0,0.6,0.4,1009.93,1010.8,1012.2,1011.05,4.0,1.53,20.0,0.0,0.6,0.4,7.0,8.0,8.0,7.5,4.0,1.0,20.0,0.0,0.6,0.4,-50.2,-44.2,-41.0,-45.5,4.0,7.3,20.0,0.0,0.6,0.4,-56.3,-26.6,0.4,-27.9,4.0,33.9,20.0,0.0,0.6,0.4,0.03,0.3,0.57,0.3,2.0,0.57,26.0,0.0,0.4,0.6,0.2,2.0,3.8,2.0,2.0,3.8,26.0,0.0,0.4,0.6,5.9,6.16,6.41,6.16,2.0,0.53,26.0,0.0,0.4,0.6,39.5,41.2,42.9,41.2,2.0,3.5,26.0,0.0,0.4,0.6,-184.8,-182.1,-143.6,-164.6,3.0,33.8,22.0,0.0,0.6,0.5,-112.7,-32.8,11.5,-50.2,3.0,92.2,22.0,0.0,0.6,0.5,-121.2,-109.0,-95.6,-108.4,3.0,18.8,22.0,0.0,0.6,0.5,-79.8,-22.4,6.0,-36.5,3.0,64.0,22.0,0.0,0.6,0.5,-42.3,-40.6,-38.9,-40.6,2.0,3.5,26.0,0.0,0.4,0.6,-4.5,0.4,5.3,0.4,2.0,10.1,26.0,0.0,0.4,0.6,301.0,378.5,639.0,465.5,4.0,237.5,20.0,0.0,0.6,0.4,300.0,380.0,640.0,465.0,4.0,235.0,20.0,0.0,0.6,0.4
1974,2,198.0,-13.0,27.92,27.95,27.98,27.95,2.0,0.07,18.0,0.0,0.4,0.5,26.14,26.65,27.16,26.65,2.0,1.06,18.0,0.0,0.4,0.5,18.13,18.68,19.24,18.68,2.0,1.15,18.0,0.0,0.4,0.5,80.7,85.7,90.8,85.7,2.0,10.4,18.0,0.0,0.5,3.41,5.15,6.89,5.15,2.0,3.61,18.0,0.0,0.4,0.5,-6.79,-4.85,-2.9,-4.85,2.0,4.04,18.0,0.0,0.4,0.5,0.27,0.84,1.41,0.84,2.0,1.18,18.0,0.0,0.4,0.5,1009.49,1010.1,1010.71,1010.1,2.0,1.27,18.0,0.0,0.4,0.5,3.8,5.5,7.2,5.5,2.0,3.5,18.0,0.0,0.4,0.5,-50.7,-32.2,-13.8,-32.2,2.0,38.3,18.0,0.0,0.4,0.5,0.7,2.2,3.7,2.2,2.0,3.1,18.0,0.0,0.4,0.5,0.82,1.3,1.78,1.3,2.0,0.99,18.0,0.0,0.4,0.5,3.8,8.5,13.2,8.5,2.0,9.8,18.0,0.0,0.4,0.5,4.39,4.98,5.57,4.98,2.0,1.22,18.0,0.0,0.4,0.5,17.8,23.5,29.1,23.5,2.0,11.7,18.0,0.0,0.4,0.5,-176.4,-127.0,-77.6,-127.0,2.0,102.4,18.0,0.0,0.4,0.5,7.3,22.9,38.5,22.9,2.0,32.4,18.0,0.0,0.4,0.5,-131.9,-92.8,-53.8,-92.8,2.0,81.0,18.0,0.0,0.4,0.5,4.7,14.9,25.1,14.9,2.0,21.1,18.0,0.0,0.4,0.5,-28.5,-21.7,-14.8,-21.7,2.0,14.2,18.0,0.0,0.4,0.5,1.5,4.9,8.2,4.9,2.0,6.9,18.0,0.0,0.4,0.5,87.0,237.0,387.0,237.0,2.0,310.5,18.0,0.0,0.4,0.5,85.0,235.0,385.0,235.0,2.0,310.0,18.0,0.0,0.4,0.5
1974,2,198.0,-8.0,27.77,29.0,29.68,28.73,3.0,1.42,18.0,0.3,0.4,0.5,26.16,26.5,26.84,26.5,3.0,0.5,18.0,0.3,0.4,0.5,16.08,16.69,17.3,16.69,2.0,1.27,16.0,0.5,0.4,0.6,76.2,78.2,80.2,78.2,2.0,4.1,16.0,0.5,0.6,5.36,7.0,7.82,6.6,3.0,1.83,18.0,0.3,0.4,0.5,-7.3,-5.36,-4.11,-5.7,3.0,2.36,18.0,0.3,0.4,0.5,-4.01,-2.96,-0.94,-2.49,3.0,2.29,18.0,0.3,0.4,0.5,1005.56,1008.5,1010.34,1007.97,3.0,3.53,18.0,0.3,0.4,0.5,2.0,2.0,3.4,2.7,3.0,1.2,18.0,0.3,0.4,0.5,-57.8,-37.5,-23.0,-40.3,3.0,25.6,18.0,0.3,0.4,0.5,-25.8,-13.6,-4.3,-15.0,3.0,15.8,18.0,0.3,0.4,0.5,1.61,2.5,2.84,2.23,3.0,0.93,18.0,0.3,0.4,0.5,10.3,20.5,20.8,15.7,3.0,8.8,18.0,0.3,0.4,0.5,6.94,7.22,7.5,7.22,2.0,0.58,16.0,0.5,0.4,0.6,36.3,46.9,57.6,46.9,2.0,22.1,16.0,0.5,0.4,0.6,-194.3,-144.8,-108.5,-151.2,3.0,63.1,18.0,0.3,0.4,0.5,-107.3,-76.9,-24.4,-66.1,3.0,61.5,18.0,0.3,0.4,0.5,-130.2,-99.9,-69.7,-99.9,2.0,62.6,16.0,0.5,0.4,0.6,-39.3,-23.4,-7.4,-23.4,2.0,33.0,16.0,0.5,0.4,0.6,-56.4,-43.3,-30.1,-43.3,2.0,27.3,16.0,0.5,0.4,0.6,-16.9,-10.1,-3.2,-10.1,2.0,14.2,16.0,0.5,0.4,0.6,175.5,343.0,485.0,330.5,3.0,227.5,18.0,0.3,0.4,0.5,175.0,345.0,485.0,330.0,3.0,225.0,18.0,0.3,0.4,0.5
1974,2,198.0,-7.0,,,,,,,,,,,,,,,,,,,,,,,,,,,,,,,,,,,,,,,,9.8,9.8,9.8,9.8,1.0,0.0,2.0,1.0,0.7,1.0,-9.8,-9.8,-9.8,-9.8,1.0,0.0,2.0,1.0,0.7,1.0,0.0,0.0,0.0,0.0,1.0,0.0,2.0,1.0,0.7,1.0,1009.0,1009.0,1009.0,1009.0,1.0,0.0,2.0,1.0,0.7,1.0,2.0,2.0,2.0,2.0,1.0,0.0,2.0,1.0,0.7,1.0,-96.0,-96.0,-96.0,-96.0,1.0,0.0,2.0,1.0,0.7,1.0,0.0,0.0,0.0,0.0,1.0,0.0,2.0,1.0,0.7,1.0,,,,,,,,,,,,,,,,,,,,,,,,,,,,,,,,,,,,,,,,,-274.4,-274.4,-274.4,-274.4,1.0,0.0,2.0,1.0,0.7,1.0,0.0,0.0,0.0,0.0,1.0,0.0,2.0,1.0,0.7,1.0,-206.7,-206.7,-206.7,-206.7,1.0,0.0,2.0,1.0,0.7,1.0,0.0,0.0,0.0,0.0,1.0,0.0,2.0,1.0,0.7,1.0,,,,,,,,,,,,,,,,,,,,,,,,,,,,,,,,,,,,,,,,
1974,2,198.0,0.0,24.8,24.8,24.8,24.8,1.0,0.0,18.0,1.0,0.7,0.4,25.2,25.2,25.2,25.2,1.0,0.0,18.0,1.0,0.7,0.4,16.33,16.33,16.33,16.33,1.0,0.0,18.0,1.0,0.7,0.4,81.4,81.4,81.4,81.4,1.0,0.0,18.0,1.0,0.4,8.2,8.2,8.2,8.2,1.0,0.0,18.0,1.0,0.7,0.4,-8.08,-8.08,-8.08,-8.08,1.0,0.0,18.0,1.0,0.7,0.4,-1.42,-1.42,-1.42,-1.42,1.0,0.0,18.0,1.0,0.7,0.4,1009.2,1009.2,1009.2,1009.2,1.0,0.0,18.0,1.0,0.7,0.4,2.0,2.0,2.0,2.0,1.0,0.0,18.0,1.0,0.7,0.4,-66.2,-66.2,-66.2,-66.2,1.0,0.0,18.0,1.0,0.7,0.4,-11.7,-11.7,-11.7,-11.7,1.0,0.0,18.0,1.0,0.7,0.4,-0.4,-0.4,-0.4,-0.4,1.0,0.0,18.0,1.0,0.7,0.4,-3.3,-3.3,-3.3,-3.3,1.0,0.0,18.0,1.0,0.7,0.4,3.29,3.29,3.29,3.29,1.0,0.0,18.0,1.0,0.7,0.4,26.9,26.9,26.9,26.9,1.0,0.0,18.0,1.0,0.7,0.4,-203.5,-203.5,-203.5,-203.5,1.0,0.0,18.0,1.0,0.7,0.4,-35.9,-35.9,-35.9,-35.9,1.0,0.0,18.0,1.0,0.7,0.4,-131.8,-131.8,-131.8,-131.8,1.0,0.0,18.0,1.0,0.7,0.4,-23.2,-23.2,-23.2,-23.2,1.0,0.0,18.0,1.0,0.7,0.4,-26.5,-26.5,-26.5,-26.5,1.0,0.0,18.0,1.0,0.7,0.4,-4.7,-4.7,-4.7,-4.7,1.0,0.0,18.0,1.0,0.7,0.4,551.5,551.5,551.5,551.5,1.0,0.0,18.0,1.0,0.7,0.4,550.0,550.0,550.0,550.0,1.0,0.0,18.0,1.0,0.7,0.4
1974,2,198.0,1.0,,,,,,,,,,,,,,,,,,,,,,,,,,,,,,,,,,,,,,,,10.3,10.3,10.3,10.3,1.0,0.0,2.0,0.0,0.5,0.7,-9.68,-9.68,-9.68,-9.68,1.0,0.0,2.0,0.0,0.5,0.7,-3.52,-3.52,-3.52,-3.52,1.0,0.0,2.0,0.0,0.5,0.7,1009.1,1009.1,1009.1,1009.1,1.0,0.0,2.0,0.0,0.5,0.7,1.0,1.0,1.0,1.0,1.0,0.0,2.0,0.0,0.5,0.7,-99.7,-99.7,-99.7,-99.7,1.0,0.0,2.0,0.0,0.5,0.7,-36.3,-36.3,-36.3,-36.3,1.0,0.0,2.0,0.0,0.5,0.7,,,,,,,,,,,,,,,,,,,,,,,,,,,,,,,,,,,,,,,,,-236.2,-236.2,-236.2,-236.2,1.0,0.0,2.0,0.0,0.5,0.7,-86.0,-86.0,-86.0,-86.0,1.0,0.0,2.0,0.0,0.5,0.7,-155.1,-155.1,-155.1,-155.1,1.0,0.0,2.0,0.0,0.5,0.7,-56.5,-56.5,-56.5,-56.5,1.0,0.0,2.0,0.0,0.5,0.7,,,,,,,,,,,,,,,,,,,,,,,,,,,,,,,,,,,,,,,,
1974,2,198.0,3.0,25.6,25.6,25.6,25.6,1.0,0.0,20.0,0.0,0.7,0.2,25.0,25.0,25.0,25.0,1.0,0.0,20.0,0.0,0.7,0.2,17.99,17.99,17.99,17.99,1.0,0.0,20.0,0.0,0.7,0.2,90.8,90.8,90.8,90.8,1.0,0.0,20.0,0.0,0.2,7.7,7.7,7.7,7.7,1.0,0.0,20.0,0.0,0.7,0.2,-7.7,-7.7,-7.7,-7.7,1.0,0.0,20.0,0.0,0.7,0.2,0.0,0.0,0.0,0.0,1.0,0.0,20.0,0.0,0.7,0.2,1010.5,1010.5,1010.5,1010.5,1.0,0.0,20.0,0.0,0.7,0.2,1.0,1.0,1.0,1.0,1.0,0.0,20.0,0.0,0.7,0.2,-59.3,-59.3,-59.3,-59.3,1.0,0.0,20.0,0.0,0.7,0.2,0.0,0.0,0.0,0.0,1.0,0.0,20.0,0.0,0.7,0.2,0.6,0.6,0.6,0.6,1.0,0.0,20.0,0.0,0.7,0.2,4.6,4.6,4.6,4.6,1.0,0.0,20.0,0.0,0.7,0.2,2.57,2.57,2.57,2.57,1.0,0.0,20.0,0.0,0.7,0.2,19.8,19.8,19.8,19.8,1.0,0.0,20.0,0.0,0.7,0.2,-192.5,-192.5,-192.5,-192.5,1.0,0.0,20.0,0.0,0.7,0.2,0.0,0.0,0.0,0.0,1.0,0.0,20.0,0.0,0.7,0.2,-138.5,-138.5,-138.5,-138.5,1.0,0.0,20.0,0.0,0.7,0.2,0.0,0.0,0.0,0.0,1.0,0.0,20.0,0.0,0.7,0.2,-19.8,-19.8,-19.8,-19.8,1.0,0.0,20.0,0.0,0.7,0.2,0.0,0.0,0.0,0.0,1.0,0.0,20.0,0.0,0.7,0.2,456.5,456.5,456.5,456.5,1.0,0.0,20.0,0.0,0.7,0.2,455.0,455.0,455.0,455.0,1.0,0.0,20.0,0.0,0.7,0.2
1974,2,198.0,4.0,27.2,27.2,27.2,27.2,1.0,0.0,24.0,1.0,0.5,0.7,25.0,25.0,25.0,25.0,1.0,0.0,24.0,1.0,0.5,0.7,18.14,18.14,18.14,18.14,1.0,0.0,24.0,1.0,0.5,0.7,91.4,91.4,91.4,91.4,1.0,0.0,24.0,1.0,0.7,6.7,6.7,6.7,6.7,1.0,0.0,24.0,1.0,0.5,0.7,-6.7,-6.7,-6.7,-6.7,1.0,0.0,24.0,1.0,0.5,0.7,0.0,0.0,0.0,0.0,1.0,0.0,24.0,1.0,0.5,0.7,1008.1,1008.1,1008.1,1008.1,1.0,0.0,24.0,1.0,0.5,0.7,6.0,6.0,6.0,6.0,1.0,0.0,24.0,1.0,0.5,0.7,-44.9,-44.9,-44.9,-44.9,1.0,0.0,24.0,1.0,0.5,0.7,0.0,0.0,0.0,0.0,1.0,0.0,24.0,1.0,0.5,0.7,2.2,2.2,2.2,2.2,1.0,0.0,24.0,1.0,0.5,0.7,14.7,14.7,14.7,14.7,1.0,0.0,24.0,1.0,0.5,0.7,4.53,4.53,4.53,4.53,1.0,0.0,24.0,1.0,0.5,0.7,30.4,30.4,30.4,30.4,1.0,0.0,24.0,1.0,0.5,0.7,-167.5,-167.5,-167.5,-167.5,1.0,0.0,24.0,1.0,0.5,0.7,0.0,0.0,0.0,0.0,1.0,0.0,24.0,1.0,0.5,0.7,-121.6,-121.6,-121.6,-121.6,1.0,0.0,24.0,1.0,0.5,0.7,0.0,0.0,0.0,0.0,1.0,0.0,24.0,1.0,0.5,0.7,-30.4,-30.4,-30.4,-30.4,1.0,0.0,24.0,1.0,0.5,0.7,0.0,0.0,0.0,0.0,1.0,0.0,24.0,1.0,0.5,0.7,301.0,301.0,301.0,301.0,1.0,0.0,24.0,1.0,0.5,0.7,300.0,300.0,300.0,300.0,1.0,0.0,24.0,1.0,0.5,0.7
1974,2,198.0,6.0,26.4,26.4,26.4,26.4,1.0,0.0,28.0,1.0,0.6,0.1,25.83,26.1,26.37,26.1,2.0,0.57,24.0,0.5,0.6,0.0,17.69,17.82,17.96,17.82,2.0,0.28,24.0,0.5,0.6,0.0,83.4,84.1,84.7,84.1,2.0,1.4,24.0,0.5,0.0,9.37,10.8,12.23,10.8,2.0,2.97,24.0,0.5,0.6,0.0,-10.78,-9.94,-9.09,-9.94,2.0,1.75,24.0,0.5,0.6,0.0,-5.43,-3.22,-1.02,-3.22,2.0,4.56,24.0,0.5,0.6,0.0,1006.75,1007.5,1008.25,1007.5,2.0,1.56,24.0,0.5,0.6,0.0,6.2,6.5,6.8,6.5,2.0,0.7,24.0,0.5,0.6,0.0,-133.3,-109.9,-86.5,-109.9,2.0,48.4,24.0,0.5,0.6,0.0,-70.0,-41.6,-13.2,-41.6,2.0,58.8,24.0,0.5,0.6,0.0,-0.1,-0.1,-0.1,-0.1,1.0,0.0,28.0,1.0,0.6,0.1,-0.9,-0.9,-0.9,-0.9,1.0,0.0,28.0,1.0,0.6,0.1,3.58,3.58,3.58,3.58,1.0,0.0,28.0,1.0,0.6,0.1,31.2,31.2,31.2,31.2,1.0,0.0,28.0,1.0,0.6,0.1,-278.1,-258.8,-239.5,-258.8,2.0,40.0,24.0,0.5,0.6,0.0,-139.5,-82.9,-26.3,-82.9,2.0,117.2,24.0,0.5,0.6,0.0,-190.5,-176.9,-163.2,-176.9,2.0,28.4,24.0,0.5,0.6,0.0,-95.6,-56.8,-18.0,-56.8,2.0,80.4,24.0,0.5,0.6,0.0,-31.2,-31.2,-31.2,-31.2,1.0,0.0,28.0,1.0,0.6,0.1,0.0,0.0,0.0,0.0,1.0,0.0,28.0,1.0,0.6,0.1,894.5,1402.5,1910.5,1402.5,2.0,1052.5,24.0,0.5,0.6,0.0,895.0,1405.0,1910.0,1405.0,2.0,1050.0,24.0,0.5,0.6,0.0
1974,2,198.0,7.0,27.0,27.0,27.0,27.0,1.0,0.0,28.0,1.0,1.0,0.4,27.24,27.55,27.86,27.55,2.0,0.64,16.0,1.0,0.8,0.5,18.26,18.26,18.26,18.26,1.0,0.0,28.0,1.0,1.0,0.4,81.2,81.2,81.2,81.2,1.0,0.0,28.0,1.0,0.4,3.66,5.95,8.24,5.95,2.0,4.74,16.0,1.0,0.8,0.5,-8.11,-5.86,-3.61,-5.86,2.0,4.67,16.0,1.0,0.8,0.5,-1.29,-0.58,0.12,-0.58,2.0,1.46,16.0,1.0,0.8,0.5,1007.5,1007.5,1007.5,1007.5,1.0,0.0,28.0,1.0,1.0,0.4,4.2,4.5,4.8,4.5,2.0,0.7,16.0,1.0,0.8,0.5,-72.7,-45.9,-19.1,-45.9,2.0,55.5,16.0,1.0,0.8,0.5,-12.4,-6.9,-1.4,-6.9,2.0,11.4,16.0,1.0,0.8,0.5,-0.1,-0.1,-0.1,-0.1,1.0,0.0,28.0,1.0,1.0,0.4,-0.9,-0.9,-0.9,-0.9,1.0,0.0,28.0,1.0,1.0,0.4,4.16,4.16,4.16,4.16,1.0,0.0,28.0,1.0,1.0,0.4,38.7,38.7,38.7,38.7,1.0,0.0,28.0,1.0,1.0,0.4,-220.2,-159.9,-99.7,-159.9,2.0,124.8,16.0,1.0,0.8,0.5,-34.8,-15.6,3.7,-15.6,2.0,39.9,16.0,1.0,0.8,0.5,-167.3,-167.3,-167.3,-167.3,1.0,0.0,28.0,1.0,1.0,0.4,-29.5,-29.5,-29.5,-29.5,1.0,0.0,28.0,1.0,1.0,0.4,-38.1,-38.1,-38.1,-38.1,1.0,0.0,28.0,1.0,1.0,0.4,-6.7,-6.7,-6.7,-6.7,1.0,0.0,28.0,1.0,1.0,0.4,142.5,411.0,679.5,411.0,2.0,556.5,16.0,1.0,0.8,0.5,140.0,410.0,680.0,410.0,2.0,555.0,16.0,1.0,0.8,0.5
1974,2,198.0,10.0,26.0,26.0,26.0,26.0,1.0,0.0,14.0,1.0,0.2,0.6,27.0,27.0,27.0,27.0,1.0,0.0,14.0,1.0,0.2,0.6,19.01,19.01,19.01,19.01,1.0,0.0,14.0,1.0,0.2,0.6,85.2,85.2,85.2,85.2,1.0,0.0,14.0,1.0,0.6,12.9,12.9,12.9,12.9,1.0,0.0,14.0,1.0,0.2,0.6,-12.12,-12.12,-12.12,-12.12,1.0,0.0,14.0,1.0,0.2,0.6,-4.41,-4.41,-4.41,-4.41,1.0,0.0,14.0,1.0,0.2,0.6,1010.0,1010.0,1010.0,1010.0,1.0,0.0,14.0,1.0,0.2,0.6,8.0,8.0,8.0,8.0,1.0,0.0,14.0,1.0,0.2,0.6,-156.4,-156.4,-156.4,-156.4,1.0,0.0,14.0,1.0,0.2,0.6,-56.9,-56.9,-56.9,-56.9,1.0,0.0,14.0,1.0,0.2,0.6,-1.0,-1.0,-1.0,-1.0,1.0,0.0,14.0,1.0,0.2,0.6,-12.9,-12.9,-12.9,-12.9,1.0,0.0,14.0,1.0,0.2,0.6,2.05,2.05,2.05,2.05,1.0,0.0,14.0,1.0,0.2,0.6,26.5,26.5,26.5,26.5,1.0,0.0,14.0,1.0,0.2,0.6,-327.3,-327.3,-327.3,-327.3,1.0,0.0,14.0,1.0,0.2,0.6,-119.1,-119.1,-119.1,-119.1,1.0,0.0,14.0,1.0,0.2,0.6,-230.5,-230.5,-230.5,-230.5,1.0,0.0,14.0,1.0,0.2,0.6,-83.9,-83.9,-83.9,-83.9,1.0,0.0,14.0,1.0,0.2,0.6,-24.9,-24.9,-24.9,-24.9,1.0,0.0,14.0,1.0,0.2,0.6,-9.1,-9.1,-9.1,-9.1,1.0,0.0,14.0,1.0,0.2,0.6,2146.5,2146.5,2146.5,2146.5,1.0,0.0,14.0,1.0,0.2,0.6,2145.0,2145.0,2145.0,2145.0,1.0,0.0,14.0,1.0,0.2,0.6
1974,2,198.0,11.0,,,,,,,,,,,,,,,,,,,,,,,,,,,,,,,,,,,,,,,,7.2,7.2,7.2,7.2,1.0,0.0,6.0,0.0,1.0,0.5,-7.09,-7.09,-7.09,-7.09,1.0,0.0,6.0,0.0,1.0,0.5,1.25,1.25,1.25,1.25,1.0,0.0,6.0,0.0,1.0,0.5,1012.2,1012.2,1012.2,1012.2,1.0,0.0,6.0,0.0,1.0,0.5,,,,,,,,,,,,,,,,,,,,,,,,,,,,,,,,,,,,,,,,,,,,,,,,,,,,,,,,,,,,,,,,,,,,,,,,,,,,,,,,,,,,,,,,,,,,,,,,,,,,,,,,,,,,,,,,,,,,,,,,,,,,,,,,,,,,,,,,,,,,,,,,,,,,,,
1974,2,198.0,12.0,26.0,26.0,26.0,26.0,1.0,0.0,14.0,0.0,0.9,0.3,23.0,23.0,23.0,23.0,1.0,0.0,14.0,0.0,0.9,0.3,16.13,16.13,16.13,16.13,1.0,0.0,14.0,0.0,0.9,0.3,91.8,91.8,91.8,91.8,1.0,0.0,14.0,0.0,0.3,13.9,13.9,13.9,13.9,1.0,0.0,14.0,0.0,0.9,0.3,-12.04,-12.04,-12.04,-12.04,1.0,0.0,14.0,0.0,0.9,0.3,-6.95,-6.95,-6.95,-6.95,1.0,0.0,14.0,0.0,0.9,0.3,1009.0,1009.0,1009.0,1009.0,1.0,0.0,14.0,0.0,0.9,0.3,8.0,8.0,8.0,8.0,1.0,0.0,14.0,0.0,0.9,0.3,-167.3,-167.3,-167.3,-167.3,1.0,0.0,14.0,0.0,0.9,0.3,-96.6,-96.6,-96.6,-96.6,1.0,0.0,14.0,0.0,0.9,0.3,3.0,3.0,3.0,3.0,1.0,0.0,14.0,0.0,0.9,0.3,41.7,41.7,41.7,41.7,1.0,0.0,14.0,0.0,0.9,0.3,4.96,4.96,4.96,4.96,1.0,0.0,14.0,0.0,0.9,0.3,68.9,68.9,68.9,68.9,1.0,0.0,14.0,0.0,0.9,0.3,-276.9,-276.9,-276.9,-276.9,1.0,0.0,14.0,0.0,0.9,0.3,-159.8,-159.8,-159.8,-159.8,1.0,0.0,14.0,0.0,0.9,0.3,-194.2,-194.2,-194.2,-194.2,1.0,0.0,14.0,0.0,0.9,0.3,-112.1,-112.1,-112.1,-112.1,1.0,0.0,14.0,0.0,0.9,0.3,-59.7,-59.7,-59.7,-59.7,1.0,0.0,14.0,0.0,0.9,0.3,-34.5,-34.5,-34.5,-34.5,1.0,0.0,14.0,0.0,0.9,0.3,2685.5,2685.5,2685.5,2685.5,1.0,0.0,14.0,0.0,0.9,0.3,2685.0,2685.0,2685.0,2685.0,1.0,0.0,14.0,0.0,0.9,0.3
1974,2,198.0,13.0,25.6,25.6,25.94,25.77,3.0,0.29,18.0,0.3,0.4,0.6,25.0,25.0,25.14,25.07,3.0,0.12,16.0,0.7,0.4,0.6,14.83,15.47,16.11,15.47,2.0,1.32,16.0,0.5,0.5,0.6,74.5,77.9,81.3,77.9,2.0,7.1,16.0,0.5,0.6,6.33,7.7,9.82,8.07,3.0,2.57,16.0,0.7,0.4,0.6,-9.37,-7.7,-6.33,-7.85,3.0,2.23,16.0,0.7,0.4,0.6,-2.52,0.0,0.0,-1.23,3.0,2.13,16.0,0.7,0.4,0.6,1010.99,1012.05,1013.11,1012.05,2.0,2.19,16.0,0.5,0.5,0.6,2.6,6.0,7.4,5.0,3.0,3.6,16.0,0.7,0.4,0.6,-93.6,-59.3,-41.0,-67.1,3.0,39.2,16.0,0.7,0.4,0.6,-27.2,0.0,0.0,-13.3,3.0,23.0,16.0,0.7,0.4,0.6,0.51,0.75,0.99,0.75,2.0,0.49,16.0,0.5,0.5,0.6,5.0,6.4,7.8,6.4,2.0,2.9,16.0,0.5,0.5,0.6,4.96,5.37,5.77,5.37,2.0,0.84,16.0,0.5,0.5,0.6,41.2,50.6,60.0,50.6,2.0,19.5,16.0,0.5,0.5,0.6,-235.7,-192.5,-158.4,-196.9,3.0,56.8,16.0,0.7,0.4,0.6,-63.5,0.0,0.0,-31.0,3.0,53.7,16.0,0.7,0.4,0.6,-144.1,-136.9,-129.7,-136.9,2.0,15.0,16.0,0.5,0.5,0.6,-45.2,-26.8,-8.5,-26.8,2.0,38.0,16.0,0.5,0.5,0.6,-56.7,-48.6,-40.5,-48.6,2.0,16.7,16.0,0.5,0.5,0.6,-18.5,-11.0,-3.5,-11.0,2.0,15.6,16.0,0.5,0.5,0.6,271.5,456.5,1005.0,634.0,3.0,559.0,16.0,0.7,0.4,0.6,270.0,455.0,1005.0,635.0,3.0,560.0,16.0,0.7,0.4,0.6
1974,2,198.0,14.0,25.2,25.4,26.37,25.83,6.0,1.01,20.0,0.2,0.7,0.5,24.79,25.0,25.0,24.9,5.0,0.17,20.0,0.4,0.7,0.5,14.08,15.3,18.02,16.02,4.0,2.72,20.0,0.3,0.7,0.4,72.5,78.5,91.2,81.7,4.0,13.1,20.0,0.3,0.4,5.75,9.3,10.71,8.44,5.0,3.14,20.0,0.4,0.7,0.5,-10.35,-8.74,-5.18,-7.97,5.0,3.0,20.0,0.4,0.7,0.5,-3.66,-3.18,-1.08,-2.49,5.0,1.66,20.0,0.4,0.7,0.5,1011.76,1012.8,1013.48,1012.63,4.0,1.28,20.0,0.3,0.7,0.4,2.3,3.0,5.1,3.6,5.0,2.2,20.0,0.4,0.7,0.5,-112.0,-81.3,-30.8,-74.7,5.0,49.1,20.0,0.4,0.7,0.5,-37.7,-22.4,-10.6,-24.1,5.0,18.9,20.0,0.4,0.7,0.5,0.54,0.9,1.94,1.23,4.0,1.09,20.0,0.3,0.7,0.4,5.2,10.1,15.7,10.4,4.0,6.8,20.0,0.3,0.7,0.4,4.24,5.32,6.05,5.16,4.0,1.18,20.0,0.3,0.7,0.4,39.4,57.6,59.9,50.0,4.0,17.3,20.0,0.3,0.7,0.4,-256.2,-217.6,-129.5,-198.3,5.0,74.4,20.0,0.4,0.7,0.5,-91.6,-79.2,-26.6,-62.0,5.0,41.5,20.0,0.4,0.7,0.5,-164.0,-129.9,-117.1,-140.1,4.0,32.2,20.0,0.3,0.7,0.4,-67.0,-54.9,-33.7,-50.5,4.0,20.4,20.0,0.3,0.7,0.4,-56.3,-55.4,-37.3,-47.2,4.0,17.5,20.0,0.3,0.7,0.4,-20.5,-16.2,-10.9,-15.7,4.0,5.6,20.0,0.3,0.7,0.4,216.0,804.5,1277.0,795.0,5.0,694.5,20.0,0.4,0.7,0.5,215.0,805.0,1275.0,795.0,5.0,695.0,20.0,0.4,0.7,0.5
1974,2,198.0,16.0,24.63,25.4,25.54,25.1,5.0,0.66,18.0,0.4,0.7,0.5,23.89,24.9,25.0,24.52,5.0,0.62,18.0,0.4,0.7,0.5,14.21,15.99,16.86,15.63,5.0,1.51,18.0,0.4,0.7,0.5,77.3,81.4,85.9,81.7,5.0,5.3,18.0,0.4,0.5,8.67,10.8,12.3,10.38,5.0,2.31,18.0,0.4,0.7,0.5,-11.35,-10.65,-8.57,-10.02,5.0,2.08,18.0,0.4,0.7,0.5,-3.33,0.0,0.0,-1.57,5.0,2.66,18.0,0.4,0.7,0.5,1015.17,1017.0,1017.48,1016.44,5.0,1.34,18.0,0.4,0.7,0.5,1.6,2.0,3.8,2.8,5.0,2.4,18.0,0.4,0.7,0.5,-138.4,-116.6,-76.4,-107.7,5.0,40.7,18.0,0.4,0.7,0.5,-38.2,0.0,0.0,-18.5,5.0,32.8,18.0,0.4,0.7,0.5,0.0,0.5,1.07,0.58,5.0,0.7,18.0,0.4,0.7,0.5,0.0,6.2,11.1,6.3,5.0,7.5,18.0,0.4,0.7,0.5,3.12,4.05,5.1,4.21,5.0,1.4,18.0,0.4,0.7,0.5,28.5,39.4,59.2,43.8,5.0,18.0,18.0,0.4,0.7,0.5,-281.3,-256.0,-211.3,-246.2,5.0,53.8,18.0,0.4,0.7,0.5,-83.0,0.0,0.0,-39.2,5.0,66.6,18.0,0.4,0.7,0.5,-182.4,-168.3,-129.5,-157.4,5.0,39.1,18.0,0.4,0.7,0.5,-54.7,0.0,0.0,-25.6,5.0,42.6,18.0,0.4,0.7,0.5,-54.7,-39.4,-28.2,-42.3,5.0,17.4,18.0,0.4,0.7,0.5,-12.9,0.0,0.0,-6.3,5.0,11.5,18.0,0.4,0.7,0.5,707.5,1259.5,1861.0,1244.5,5.0,660.0,18.0,0.4,0.7,0.5,705.0,1260.0,1860.0,1245.0,5.0,660.0,18.0,0.4,0.7,0.5
1974,2,198.0,17.0,23.99,24.4,24.81,24.4,2.0,0.85,16.0,0.5,0.5,0.4,23.41,24.3,25.19,24.3,2.0,1.84,16.0,0.5,0.5,0.4,13.88,14.19,14.5,14.19,2.0,0.64,16.0,0.5,0.5,0.4,70.0,75.8,81.6,75.8,2.0,12.0,16.0,0.5,0.4,11.13,11.85,12.57,11.85,2.0,1.48,16.0,0.5,0.5,0.4,-12.4,-11.75,-11.1,-11.75,2.0,1.35,16.0,0.5,0.5,0.4,-1.88,-1.12,-0.36,-1.12,2.0,1.58,16.0,0.5,0.5,0.4,1014.29,1016.0,1017.71,1016.0,2.0,3.54,16.0,0.5,0.5,0.4,3.0,5.0,7.0,5.0,2.0,4.2,16.0,0.5,0.5,0.4,-156.4,-140.3,-124.1,-140.3,2.0,33.4,16.0,0.5,0.5,0.4,-24.3,-14.4,-4.6,-14.4,2.0,20.4,16.0,0.5,0.5,0.4,-1.2,0.1,1.4,0.1,2.0,2.69,16.0,0.5,0.5,0.4,-16.1,-0.8,14.5,-0.8,2.0,31.7,16.0,0.5,0.5,0.4,4.7,4.83,4.96,4.83,2.0,0.27,16.0,0.5,0.5,0.4,55.1,57.0,59.0,57.0,2.0,4.0,16.0,0.5,0.5,0.4,-313.0,-286.8,-260.6,-286.8,2.0,54.3,16.0,0.5,0.5,0.4,-48.2,-28.7,-9.1,-28.7,2.0,40.5,16.0,0.5,0.5,0.4,-171.9,-166.4,-160.8,-166.4,2.0,11.6,16.0,0.5,0.5,0.4,-25.9,-15.4,-4.9,-15.4,2.0,21.8,16.0,0.5,0.5,0.4,-58.2,-56.6,-55.0,-56.6,2.0,3.3,16.0,0.5,0.5,0.4,-8.7,-5.2,-1.6,-5.2,2.0,7.3,16.0,0.5,0.5,0.4,1400.5,1703.0,2006.0,1703.0,2.0,627.0,16.0,0.5,0.5,0.4,1400.0,1705.0,2005.0,1705.0,2.0,625.0,16.0,0.5,0.5,0.4
1974,2,198.0,18.0,25.05,25.6,25.6,25.33,3.0,0.46,22.0,0.7,0.5,0.5,24.06,24.4,26.17,25.1,3.0,1.66,22.0,0.7,0.5,0.5,13.8,14.14,15.28,14.53,3.0,1.13,22.0,0.7,0.5,0.5,65.7,74.6,82.3,74.0,3.0,12.2,22.0,0.7,0.5,7.18,9.3,11.76,9.47,3.0,3.35,22.0,0.7,0.5,0.5,-10.58,-9.3,-7.12,-8.86,3.0,2.56,22.0,0.7,0.5,0.5,0.34,1.08,4.74,2.51,3.0,3.46,22.0,0.7,0.5,0.5,1014.94,1015.9,1016.58,1015.77,3.0,1.21,22.0,0.7,0.5,0.5,0.3,1.0,3.0,1.7,3.0,2.1,22.0,0.7,0.5,0.5,-125.8,-86.5,-53.3,-89.5,3.0,53.2,22.0,0.7,0.5,0.5,2.1,6.7,58.9,30.0,3.0,46.2,22.0,0.7,0.5,0.5,-1.12,1.2,1.54,0.23,3.0,2.12,22.0,0.7,0.5,0.5,-10.6,10.5,13.9,1.9,3.0,19.5,22.0,0.7,0.5,0.5,5.02,5.87,6.17,5.6,3.0,0.87,22.0,0.7,0.5,0.5,36.9,54.6,72.8,54.8,3.0,26.3,22.0,0.7,0.5,0.5,-265.8,-251.1,-179.3,-223.2,3.0,67.8,22.0,0.7,0.5,0.5,8.2,25.7,115.6,61.0,3.0,84.4,22.0,0.7,0.5,0.5,-148.1,-126.8,-106.1,-127.1,3.0,30.7,22.0,0.7,0.5,0.5,5.4,17.0,67.7,36.1,3.0,48.5,22.0,0.7,0.5,0.5,-65.4,-54.6,-36.6,-51.1,3.0,21.3,22.0,0.7,0.5,0.5,1.6,5.0,29.3,15.2,3.0,22.2,22.0,0.7,0.5,0.5,418.0,804.5,1720.5,1063.0,3.0,980.0,22.0,0.7,0.5,0.5,420.0,805.0,1720.0,1065.0,3.0,980.0,22.0,0.7,0.5,0.5
1974,2,198.0,19.0,25.0,25.0,25.75,25.32,5.0,0.46,16.0,0.6,0.7,0.6,24.0,25.5,26.04,25.2,6.0,1.02,14.0,0.7,0.7,0.5,14.37,15.54,16.57,15.55,5.0,1.38,16.0,0.6,0.7,0.6,75.7,78.3,82.0,78.7,5.0,3.5,16.0,0.6,0.6,4.57,7.2,9.85,7.12,5.0,3.19,16.0,0.8,0.7,0.5,-9.06,-7.09,-4.35,-6.78,5.0,3.06,16.0,0.8,0.7,0.5,-0.46,0.0,2.94,1.07,5.0,2.31,16.0,0.8,0.7,0.5,1013.33,1015.5,1019.0,1015.96,5.0,2.97,16.0,0.6,0.7,0.6,1.6,3.5,6.4,3.8,6.0,3.0,14.0,0.7,0.7,0.5,-90.1,-51.1,-21.8,-56.0,5.0,42.2,16.0,0.8,0.7,0.5,-3.3,0.0,22.8,9.1,5.0,20.4,16.0,0.8,0.7,0.5,-0.75,1.0,1.0,0.28,5.0,1.0,16.0,0.6,0.7,0.6,-6.9,-0.4,7.6,0.3,4.0,8.4,18.0,0.8,0.6,0.5,3.71,4.91,5.35,4.55,5.0,1.06,16.0,0.6,0.7,0.6,30.7,31.4,39.0,34.7,4.0,7.3,18.0,0.8,0.6,0.5,-231.2,-184.4,-106.3,-173.0,5.0,80.8,16.0,0.8,0.7,0.5,-11.9,0.0,72.2,26.1,5.0,57.8,16.0,0.8,0.7,0.5,-161.0,-119.4,-92.0,-126.2,4.0,48.1,18.0,0.8,0.6,0.5,-10.2,13.7,52.0,20.6,4.0,40.6,18.0,0.8,0.6,0.5,-35.6,-30.5,-29.7,-32.6,4.0,4.7,18.0,0.8,0.6,0.5,-2.7,5.4,17.1,7.1,4.0,12.4,18.0,0.8,0.6,0.5,124.0,373.0,970.5,528.0,5.0,503.5,16.0,0.8,0.7,0.5,125.0,375.0,970.0,530.0,5.0,505.0,16.0,0.8,0.7,0.5
1974,2,198.0,20.0,24.5,24.6,26.0,24.85,10.0,0.98,18.0,0.5,0.4,0.5,23.06,23.3,24.24,23.55,11.0,0.95,18.0,0.5,0.5,0.4,13.83,14.35,16.4,14.77,9.0,1.71,16.0,0.6,0.5,0.3,78.2,80.2,94.0,83.0,9.0,9.7,16.0,0.6,0.3,5.1,6.45,8.2,6.47,12.0,1.72,18.0,0.5,0.5,0.4,-7.02,-5.56,-4.66,-5.59,12.0,1.83,18.0,0.5,0.5,0.4,-1.72,1.42,3.14,1.01,12.0,3.16,18.0,0.5,0.5,0.4,1015.25,1018.5,1020.0,1017.86,11.0,2.48,18.0,0.5,0.5,0.4,2.0,2.0,5.3,3.3,12.0,2.0,18.0,0.5,0.5,0.4,-60.1,-38.0,-24.8,-38.7,12.0,18.7,18.0,0.5,0.5,0.4,-11.6,9.7,18.4,5.0,12.0,23.9,18.0,0.5,0.5,0.4,-0.1,1.5,2.57,1.39,9.0,1.35,18.0,0.4,0.4,0.4,-1.9,11.7,19.3,9.9,9.0,10.1,18.0,0.4,0.4,0.4,2.67,4.27,6.36,4.59,8.0,2.41,18.0,0.5,0.4,0.4,14.0,32.2,52.1,34.5,8.0,24.3,18.0,0.5,0.4,0.4,-173.5,-141.0,-104.6,-133.1,11.0,44.9,18.0,0.5,0.5,0.4,-49.2,32.8,71.7,19.8,11.0,75.3,18.0,0.5,0.5,0.4,-107.3,-83.0,-70.5,-81.8,9.0,27.3,16.0,0.6,0.5,0.3,-40.7,19.9,57.3,12.0,9.0,48.9,16.0,0.6,0.5,0.3,-51.3,-23.4,-13.3,-29.0,8.0,20.6,18.0,0.5,0.4,0.4,-10.5,5.6,12.1,0.4,8.0,23.9,18.0,0.5,0.4,0.4,132.5,269.5,551.5,319.5,12.0,199.0,18.0,0.5,0.5,0.4,135.0,270.0,550.0,320.0,12.0,200.0,18.0,0.5,0.5,0.4
1974,2,198.0,21.0,23.73,25.0,26.1,24.93,19.0,1.44,14.0,0.6,0.6,0.6,22.8,23.4,25.18,23.94,17.0,1.61,14.0,0.6,0.5,0.6,12.8,13.94,15.44,13.88,16.0,1.76,14.0,0.6,0.5,0.5,66.9,76.8,83.4,75.2,16.0,8.6,14.0,0.6,0.5,3.95,5.7,8.53,5.97,18.0,2.79,14.0,0.6,0.6,0.6,-7.34,-4.07,-0.86,-4.46,18.0,3.13,14.0,0.6,0.6,0.6,-4.5,-1.7,1.57,-1.68,18.0,3.41,14.0,0.6,0.6,0.6,1013.47,1014.6,1018.4,1015.56,19.0,2.25,14.0,0.6,0.6,0.6,2.0,3.0,5.1,3.4,19.0,1.7,14.0,0.6,0.6,0.6,-58.3,-22.7,-3.1,-33.2,18.0,30.6,14.0,0.6,0.6,0.6,-30.0,-13.6,9.3,-12.9,18.0,26.5,14.0,0.6,0.6,0.6,-0.46,1.2,2.48,0.95,17.0,1.74,14.0,0.6,0.5,0.6,0.0,5.1,12.4,5.7,16.0,11.2,14.0,0.6,0.5,0.6,3.07,5.58,9.41,5.86,16.0,2.76,14.0,0.6,0.5,0.5,15.5,26.8,43.8,33.0,15.0,25.9,14.0,0.6,0.6,0.6,-186.9,-99.8,-10.9,-104.0,16.0,78.1,14.0,0.6,0.5,0.6,-106.9,-19.7,37.8,-33.2,16.0,84.5,14.0,0.6,0.5,0.6,-108.7,-56.6,-3.5,-60.4,15.0,47.7,14.0,0.6,0.6,0.6,-56.3,0.0,24.5,-11.9,15.0,41.7,14.0,0.6,0.6,0.6,-37.8,-22.5,-1.2,-26.5,15.0,27.1,14.0,0.6,0.6,0.6,-26.8,0.0,7.6,-5.9,15.0,17.7,14.0,0.6,0.6,0.6,62.0,185.0,628.0,337.5,18.0,335.5,14.0,0.6,0.6,0.6,60.0,185.0,630.0,340.0,18.0,335.0,14.0,0.6,0.6,0.6
1974,2,198.0,22.0,23.43,24.5,26.0,24.43,7.0,1.43,20.0,0.6,0.6,0.5,23.0,24.0,26.0,24.36,7.0,1.31,20.0,0.6,0.6,0.5,13.92,15.43,16.13,15.17,7.0,1.16,20.0,0.6,0.6,0.5,76.0,78.5,85.0,80.4,7.0,8.6,20.0,0.6,0.5,5.03,6.2,7.72,6.09,7.0,1.61,20.0,0.6,0.6,0.5,-7.7,-5.02,-2.51,-5.18,7.0,2.37,20.0,0.6,0.6,0.5,-2.86,0.0,3.18,0.23,7.0,2.98,20.0,0.6,0.6,0.5,1013.92,1017.5,1018.61,1016.59,7.0,2.55,20.0,0.6,0.6,0.5,0.0,3.0,5.1,3.0,7.0,2.6,20.0,0.6,0.6,0.5,-59.5,-29.4,-12.7,-34.6,7.0,22.0,20.0,0.6,0.6,0.5,-23.1,0.0,11.8,-1.3,7.0,17.2,20.0,0.6,0.6,0.5,-1.62,0.5,1.57,0.07,7.0,2.26,20.0,0.6,0.6,0.5,-8.5,3.4,6.3,0.9,7.0,14.9,20.0,0.6,0.6,0.5,1.91,3.5,6.07,3.92,7.0,2.07,20.0,0.6,0.6,0.5,11.8,21.7,38.0,24.6,7.0,17.2,20.0,0.6,0.6,0.5,-178.3,-123.5,-62.7,-126.2,7.0,58.2,20.0,0.6,0.6,0.5,-66.4,0.0,75.0,5.1,7.0,73.8,20.0,0.6,0.6,0.5,-108.1,-84.8,-38.6,-79.1,7.0,36.8,20.0,0.6,0.6,0.5,-40.0,0.0,44.0,4.1,7.0,43.7,20.0,0.6,0.6,0.5,-37.9,-10.8,-8.1,-21.3,7.0,18.0,20.0,0.6,0.6,0.5,-8.2,0.0,11.7,0.6,7.0,12.4,20.0,0.6,0.6,0.5,128.5,238.5,461.0,265.5,7.0,184.0,20.0,0.6,0.6,0.5,130.0,240.0,460.0,265.0,7.0,185.0,20.0,0.6,0.6,0.5
1974,2,198.0,23.0,23.74,24.0,24.52,24.13,4.0,0.63,14.0,0.8,0.6,0.2,23.42,24.25,24.5,23.98,4.0,0.75,14.0,0.8,0.6,0.2,14.01,14.69,15.63,14.81,4.0,0.97,14.0,0.8,0.6,0.2,74.8,78.4,86.4,80.5,4.0,8.1,14.0,0.8,0.2,2.1,3.35,5.96,4.0,4.0,2.44,14.0,0.8,0.6,0.2,-4.79,-2.98,-1.97,-3.36,4.0,1.72,14.0,0.8,0.6,0.2,0.72,1.51,3.52,2.09,4.0,1.85,14.0,0.8,0.6,0.2,1016.23,1018.9,1019.68,1018.0,4.0,2.81,14.0,0.8,0.6,0.2,1.0,1.0,3.1,2.0,4.0,2.0,14.0,0.8,0.6,0.2,-29.5,-11.2,-4.1,-16.6,4.0,16.8,14.0,0.8,0.6,0.2,1.5,6.0,22.5,11.7,4.0,15.0,14.0,0.8,0.6,0.2,-0.5,0.05,0.81,0.15,4.0,0.77,14.0,0.8,0.6,0.2,-1.0,0.9,5.1,2.0,4.0,3.9,14.0,0.8,0.6,0.2,2.62,3.89,5.09,3.86,4.0,1.53,14.0,0.8,0.6,0.2,8.1,9.6,25.5,16.5,4.0,15.7,14.0,0.8,0.6,0.2,-112.8,-69.8,-48.3,-80.1,4.0,40.3,14.0,0.8,0.6,0.2,17.6,35.1,83.3,49.7,4.0,44.1,14.0,0.8,0.6,0.2,-71.0,-46.8,-28.7,-49.7,4.0,24.9,14.0,0.8,0.6,0.2,10.5,23.8,51.7,30.7,4.0,26.1,14.0,0.8,0.6,0.2,-20.4,-8.7,-7.3,-13.6,4.0,11.4,14.0,0.8,0.6,0.2,2.8,4.0,15.8,9.0,4.0,11.2,14.0,0.8,0.6,0.2,9.5,53.5,242.0,122.5,4.0,172.5,14.0,0.8,0.6,0.2,10.0,55.0,240.0,120.0,4.0,170.0,14.0,0.8,0.6,0.2
1974,2,198.0,24.0,21.96,23.8,25.03,23.5,3.0,2.26,8.0,0.7,0.5,0.6,21.23,21.5,24.91,23.03,3.0,3.01,8.0,0.7,0.5,0.6,11.75,12.18,14.39,13.05,3.0,2.08,8.0,0.7,0.5,0.6,62.1,73.2,91.1,76.5,3.0,21.4,8.0,0.7,0.6,8.68,10.8,13.94,11.3,3.0,3.87,8.0,0.7,0.5,0.6,-13.78,-10.8,-6.81,-10.31,3.0,5.13,8.0,0.7,0.5,0.6,-4.03,0.0,1.83,-1.07,3.0,4.39,8.0,0.7,0.5,0.6,1017.77,1020.3,1021.46,1019.63,3.0,2.76,8.0,0.7,0.5,0.6,2.0,2.0,6.1,4.0,3.0,3.5,8.0,0.7,0.5,0.6,-196.4,-116.6,-63.0,-129.4,3.0,98.3,8.0,0.7,0.5,0.6,-31.0,0.0,28.1,-1.4,3.0,43.3,8.0,0.7,0.5,0.6,-2.96,2.3,3.8,0.47,3.0,5.2,8.0,0.7,0.5,0.6,-28.8,34.7,35.2,3.9,3.0,53.9,8.0,0.7,0.5,0.6,3.83,5.01,6.15,4.99,3.0,1.69,8.0,0.7,0.5,0.6,36.5,38.6,82.4,58.9,3.0,38.0,8.0,0.7,0.5,0.6,-313.4,-286.2,-162.1,-238.9,3.0,118.1,8.0,0.7,0.5,0.6,-85.0,0.0,39.2,-22.3,3.0,93.0,8.0,0.7,0.5,0.6,-161.3,-131.5,-93.8,-127.7,3.0,49.5,8.0,0.7,0.5,0.6,-62.1,0.0,21.1,-20.0,3.0,63.4,8.0,0.7,0.5,0.6,-80.4,-35.5,-28.2,-53.8,3.0,41.4,8.0,0.7,0.5,0.6,-20.2,0.0,12.2,-3.9,3.0,23.9,8.0,0.7,0.5,0.6,711.5,1259.5,2893.0,1789.5,3.0,1662.5,8.0,0.7,0.5,0.6,710.0,1260.0,2895.0,1790.0,3.0,1660.0,8.0,0.7,0.5,0.6
1974,2,198.0,25.0,21.48,22.95,24.48,22.98,4.0,1.81,18.0,0.3,0.3,0.6,21.11,23.0,23.79,22.48,4.0,2.17,18.0,0.3,0.3,0.6,11.87,11.96,14.98,13.39,3.0,2.59,18.0,0.3,0.3,0.6,74.1,86.0,86.0,80.2,3.0,10.1,18.0,0.3,0.6,7.15,8.2,10.66,8.88,4.0,2.84,18.0,0.3,0.3,0.6,-8.85,-5.9,-1.95,-5.42,4.0,4.33,18.0,0.3,0.3,0.6,-5.68,1.7,6.67,0.55,4.0,7.4,18.0,0.3,0.3,0.6,1018.48,1019.5,1022.1,1020.25,4.0,2.63,18.0,0.3,0.3,0.6,0.0,3.0,7.0,3.5,4.0,4.1,18.0,0.3,0.3,0.6,-96.9,-48.4,-16.0,-56.1,4.0,54.2,18.0,0.3,0.3,0.6,-67.0,7.7,48.8,-8.3,4.0,74.3,18.0,0.3,0.3,0.6,-2.31,0.5,3.31,0.5,4.0,3.49,18.0,0.3,0.3,0.6,-18.9,2.1,36.3,8.4,4.0,37.1,18.0,0.3,0.3,0.6,0.75,4.46,5.81,3.3,3.0,3.84,18.0,0.3,0.3,0.6,6.1,36.6,68.2,37.2,3.0,45.5,18.0,0.3,0.3,0.6,-184.8,-138.8,-47.8,-117.3,4.0,87.9,18.0,0.3,0.3,0.6,-115.0,39.0,159.0,22.8,4.0,161.8,18.0,0.3,0.3,0.6,-109.6,-91.1,-74.8,-92.2,3.0,25.5,18.0,0.3,0.3,0.6,-78.2,-33.2,68.9,-5.3,3.0,110.4,18.0,0.3,0.3,0.6,-54.3,-34.4,-8.2,-31.3,3.0,33.9,18.0,0.3,0.3,0.6,-40.4,-12.5,-8.7,-24.3,3.0,25.3,18.0,0.3,0.3,0.6,387.5,551.5,1387.0,872.0,4.0,862.5,18.0,0.3,0.3,0.6,385.0,550.0,1385.0,870.0,4.0,865.0,18.0,0.3,0.3,0.6
1974,2,198.0,26.0,21.6,21.6,21.6,21.6,1.0,0.0,24.0,1.0,0.7,0.9,24.4,24.4,24.4,24.4,1.0,0.0,24.0,1.0,0.7,0.9,14.12,14.12,14.12,14.12,1.0,0.0,24.0,1.0,0.7,0.9,74.6,74.6,74.6,74.6,1.0,0.0,24.0,1.0,0.9,4.6,4.6,4.6,4.6,1.0,0.0,24.0,1.0,0.7,0.9,-3.52,-3.52,-3.52,-3.52,1.0,0.0,24.0,1.0,0.7,0.9,-2.96,-2.96,-2.96,-2.96,1.0,0.0,24.0,1.0,0.7,0.9,1017.9,1017.9,1017.9,1017.9,1.0,0.0,24.0,1.0,0.7,0.9,8.0,8.0,8.0,8.0,1.0,0.0,24.0,1.0,0.7,0.9,-16.2,-16.2,-16.2,-16.2,1.0,0.0,24.0,1.0,0.7,0.9,-13.6,-13.6,-13.6,-13.6,1.0,0.0,24.0,1.0,0.7,0.9,-2.8,-2.8,-2.8,-2.8,1.0,0.0,24.0,1.0,0.7,0.9,-12.9,-12.9,-12.9,-12.9,1.0,0.0,24.0,1.0,0.7,0.9,1.87,1.87,1.87,1.87,1.0,0.0,24.0,1.0,0.7,0.9,8.6,8.6,8.6,8.6,1.0,0.0,24.0,1.0,0.7,0.9,-86.0,-86.0,-86.0,-86.0,1.0,0.0,24.0,1.0,0.7,0.9,-72.1,-72.1,-72.1,-72.1,1.0,0.0,24.0,1.0,0.7,0.9,-49.7,-49.7,-49.7,-49.7,1.0,0.0,24.0,1.0,0.7,0.9,-41.7,-41.7,-41.7,-41.7,1.0,0.0,24.0,1.0,0.7,0.9,-6.6,-6.6,-6.6,-6.6,1.0,0.0,24.0,1.0,0.7,0.9,-5.5,-5.5,-5.5,-5.5,1.0,0.0,24.0,1.0,0.7,0.9,97.5,97.5,97.5,97.5,1.0,0.0,24.0,1.0,0.7,0.9,95.0,95.0,95.0,95.0,1.0,0.0,24.0,1.0,0.7,0.9
1974,2,198.0,27.0,19.9,20.35,20.64,20.32,6.0,0.57,6.0,0.7,0.7,0.2,20.44,21.25,24.13,21.89,8.0,1.86,4.0,0.8,0.7,0.4,11.15,12.8,13.45,12.4,7.0,1.3,4.0,0.7,0.7,0.3,71.1,81.3,85.2,78.6,7.0,8.1,4.0,0.7,0.3,4.1,6.45,7.59,5.79,8.0,3.16,4.0,0.6,0.6,0.3,-6.29,-4.62,-0.35,-3.78,8.0,3.22,4.0,0.6,0.6,0.3,-2.34,0.0,2.6,-0.5,8.0,4.61,4.0,0.6,0.6,0.3,1015.72,1019.35,1021.0,1019.05,8.0,3.18,4.0,0.6,0.6,0.3,2.0,3.0,5.7,3.8,9.0,2.4,4.0,0.7,0.6,0.4,-41.8,-25.6,-1.4,-22.5,8.0,24.9,4.0,0.6,0.6,0.3,-9.6,0.0,19.7,-7.6,8.0,45.2,4.0,0.6,0.6,0.3,-2.41,-1.15,-0.37,-1.3,6.0,1.3,6.0,0.7,0.7,0.2,-13.3,-7.2,-2.1,-7.4,6.0,8.4,6.0,0.7,0.7,0.2,1.45,1.9,3.69,2.29,6.0,1.14,6.0,0.7,0.7,0.2,9.9,12.2,20.3,16.3,6.0,11.8,6.0,0.7,0.7,0.2,-151.7,-106.8,-63.1,-97.3,7.0,67.1,4.0,0.7,0.7,0.3,-64.6,0.0,59.5,-10.7,7.0,101.1,4.0,0.7,0.7,0.3,-86.9,-74.1,-21.4,-57.3,6.0,44.8,6.0,0.7,0.7,0.2,-46.2,15.0,40.5,-4.1,6.0,63.4,6.0,0.7,0.7,0.2,-11.9,-9.4,-4.3,-7.2,6.0,7.2,6.0,0.7,0.7,0.2,-15.8,1.3,4.4,-5.9,6.0,17.3,6.0,0.7,0.7,0.2,69.0,269.5,439.5,336.5,8.0,402.5,4.0,0.6,0.6,0.3,70.0,270.0,440.0,335.0,8.0,405.0,4.0,0.6,0.6,0.3
1974,2,198.0,28.0,20.11,21.05,21.4,21.01,8.0,0.73,16.0,0.8,0.6,0.5,20.07,21.0,22.8,21.39,8.0,1.59,16.0,0.8,0.6,0.5,10.68,13.52,14.81,13.18,8.0,1.99,16.0,0.8,0.6,0.5,72.7,86.3,90.7,83.4,8.0,9.5,16.0,0.8,0.5,4.1,4.1,5.1,4.68,8.0,1.62,16.0,0.8,0.6,0.5,-4.99,-3.7,-2.11,-3.53,8.0,1.32,16.0,0.8,0.6,0.5,0.0,1.73,4.65,2.26,8.0,2.4,16.0,0.8,0.6,0.5,1015.58,1018.1,1021.23,1018.75,8.0,3.87,16.0,0.8,0.6,0.5,6.0,6.0,6.0,5.6,8.0,1.5,16.0,0.8,0.6,0.5,-25.0,-15.2,-8.5,-17.6,8.0,12.1,16.0,0.8,0.6,0.5,0.0,7.1,23.3,13.1,8.0,17.7,16.0,0.8,0.6,0.5,-1.53,0.0,0.47,-0.37,8.0,1.16,16.0,0.8,0.6,0.5,-6.3,0.0,1.3,-1.5,8.0,5.0,16.0,0.8,0.6,0.5,0.98,1.64,3.95,2.23,8.0,1.59,16.0,0.8,0.6,0.5,3.7,9.4,16.4,10.5,8.0,8.0,16.0,0.8,0.6,0.5,-100.9,-77.7,-47.9,-75.0,8.0,26.6,16.0,0.8,0.6,0.5,0.0,36.2,99.4,47.7,8.0,49.7,16.0,0.8,0.6,0.5,-62.7,-43.8,-31.2,-45.5,8.0,15.9,16.0,0.8,0.6,0.5,0.0,21.0,63.9,30.4,8.0,32.7,16.0,0.8,0.6,0.5,-15.0,-5.4,-3.2,-8.6,8.0,8.4,16.0,0.8,0.6,0.5,0.0,3.7,7.9,4.0,8.0,4.0,16.0,0.8,0.6,0.5,69.0,69.0,132.5,138.5,8.0,171.0,16.0,0.8,0.6,0.5,70.0,70.0,135.0,140.0,8.0,170.0,16.0,0.8,0.6,0.5
1974,2,198.0,29.0,18.6,19.7,20.18,19.68,8.0,1.16,10.0,0.5,0.4,0.4,19.5,20.3,22.94,20.77,11.0,2.0,10.0,0.6,0.4,0.4,12.48,12.87,13.46,12.95,10.0,1.66,10.0,0.6,0.4,0.4,77.7,89.8,91.4,86.8,10.0,6.5,10.0,0.6,0.4,3.27,6.7,8.2,5.74,11.0,2.66,10.0,0.6,0.4,0.4,-7.6,-4.79,-2.08,-4.63,11.0,2.52,10.0,0.6,0.4,0.4,0.0,1.74,4.32,2.04,11.0,2.95,10.0,0.6,0.4,0.4,1017.36,1018.6,1020.94,1018.96,11.0,2.13,10.0,0.6,0.4,0.4,6.6,7.0,8.0,7.3,11.0,0.8,10.0,0.6,0.4,0.4,-61.9,-33.6,-6.8,-32.0,11.0,23.8,10.0,0.6,0.4,0.4,0.0,8.9,32.6,14.6,11.0,21.7,10.0,0.6,0.4,0.4,-0.9,-0.75,-0.3,-0.2,8.0,1.99,10.0,0.5,0.4,0.4,-7.6,-3.8,-0.4,-2.1,8.0,11.4,10.0,0.5,0.4,0.4,0.49,0.87,1.55,1.59,8.0,2.17,10.0,0.5,0.4,0.4,1.0,3.8,11.5,8.3,8.0,11.3,10.0,0.5,0.4,0.4,-156.8,-98.4,-43.9,-97.5,11.0,57.2,10.0,0.6,0.4,0.4,0.0,35.4,84.3,43.8,11.0,62.6,10.0,0.6,0.4,0.4,-85.5,-63.6,-26.7,-55.3,10.0,31.3,10.0,0.6,0.4,0.4,0.0,35.4,56.3,32.8,10.0,42.1,10.0,0.6,0.4,0.4,-11.4,-2.5,-0.8,-6.8,8.0,8.9,10.0,0.5,0.4,0.4,0.0,1.2,2.6,-1.4,8.0,8.6,10.0,0.5,0.4,0.4,44.5,301.0,551.5,287.5,11.0,237.0,10.0,0.6,0.4,0.4,45.0,300.0,550.0,290.0,11.0,235.0,10.0,0.6,0.4,0.4
1974,2,198.0,30.0,18.0,19.5,20.0,19.11,11.0,1.1,12.0,0.5,0.6,0.3,17.95,19.5,21.4,19.46,12.0,1.75,12.0,0.4,0.6,0.3,10.3,11.6,13.29,11.77,12.0,1.58,12.0,0.4,0.6,0.3,74.1,89.4,91.9,84.4,12.0,9.3,12.0,0.4,0.3,4.46,8.2,10.96,8.18,12.0,4.33,12.0,0.4,0.6,0.3,-7.11,0.0,5.25,-1.39,12.0,7.33,12.0,0.4,0.6,0.3,-1.28,2.68,7.83,2.94,12.0,5.16,12.0,0.4,0.6,0.3,1018.27,1020.0,1024.0,1020.64,12.0,3.08,12.0,0.4,0.6,0.3,3.2,6.0,8.0,5.6,11.0,2.4,10.0,0.4,0.6,0.3,-60.3,0.0,58.5,-21.8,12.0,105.9,12.0,0.4,0.6,0.3,-6.5,14.8,61.3,27.4,12.0,53.8,12.0,0.4,0.6,0.3,-2.0,-0.5,2.15,-0.25,11.0,2.12,12.0,0.5,0.6,0.3,-7.9,-4.1,21.0,2.5,11.0,15.9,12.0,0.5,0.6,0.3,1.09,2.01,3.25,2.07,11.0,1.23,12.0,0.5,0.6,0.3,4.8,16.8,31.7,17.5,11.0,15.6,12.0,0.5,0.6,0.3,-129.7,0.0,106.6,-23.5,12.0,136.9,12.0,0.4,0.6,0.3,-21.3,59.0,152.0,59.9,12.0,98.0,12.0,0.4,0.6,0.3,-73.9,0.0,70.5,-12.1,12.0,87.4,12.0,0.4,0.6,0.3,-13.3,35.2,86.4,35.8,12.0,62.5,12.0,0.4,0.6,0.3,-14.8,-3.4,4.2,-4.8,11.0,19.4,12.0,0.5,0.6,0.3,-8.0,3.2,17.0,2.9,11.0,13.1,12.0,0.5,0.6,0.3,103.5,551.5,1360.5,1024.0,12.0,1624.5,12.0,0.4,0.6,0.3,105.0,550.0,1360.0,1025.0,12.0,1625.0,12.0,0.4,0.6,0.3
1974,2,198.0,31.0,17.0,17.8,19.46,17.98,9.0,1.42,16.0,0.7,0.7,0.4,17.17,18.65,20.11,18.63,10.0,1.66,16.0,0.6,0.7,0.4,8.76,12.62,13.47,11.61,10.0,2.24,16.0,0.6,0.7,0.4,72.2,91.4,96.8,86.8,10.0,11.5,16.0,0.6,0.4,4.03,5.95,7.99,6.48,10.0,2.85,16.0,0.6,0.7,0.4,-4.23,-0.54,5.05,0.09,10.0,4.33,16.0,0.6,0.7,0.4,-0.2,4.77,6.21,3.68,10.0,4.57,16.0,0.6,0.7,0.4,1017.09,1020.6,1022.57,1020.49,10.0,3.21,16.0,0.6,0.7,0.4,2.9,6.5,8.0,5.7,10.0,2.6,16.0,0.6,0.7,0.4,-31.7,-3.2,34.5,3.5,10.0,38.8,16.0,0.6,0.7,0.4,0.0,24.6,45.8,30.2,10.0,47.5,16.0,0.6,0.7,0.4,-2.88,-1.2,1.53,-0.5,9.0,2.61,16.0,0.7,0.7,0.4,-21.2,-6.0,4.8,-5.3,9.0,22.0,16.0,0.7,0.7,0.4,-0.88,0.08,4.5,1.36,9.0,3.02,16.0,0.7,0.7,0.4,-4.1,0.6,18.0,6.5,9.0,21.8,16.0,0.7,0.7,0.4,-74.9,-9.8,97.2,3.5,10.0,81.1,16.0,0.6,0.7,0.4,-0.6,93.5,120.1,73.7,10.0,84.1,16.0,0.6,0.7,0.4,-37.6,-6.8,66.8,5.7,10.0,51.1,16.0,0.6,0.7,0.4,4.3,54.2,76.1,49.7,10.0,52.7,16.0,0.6,0.7,0.4,-11.8,0.0,1.5,-6.0,9.0,14.5,16.0,0.7,0.7,0.4,-19.6,-3.0,1.9,-6.4,9.0,15.0,16.0,0.7,0.7,0.4,68.5,212.0,511.0,434.0,10.0,629.5,16.0,0.6,0.7,0.4,70.0,210.0,510.0,435.0,10.0,630.0,16.0,0.6,0.7,0.4
1974,2,198.0,32.0,17.0,17.2,17.97,17.76,8.0,1.58,12.0,0.5,0.6,0.4,17.09,17.95,18.44,18.04,8.0,1.46,12.0,0.5,0.6,0.4,9.49,11.18,11.6,10.79,7.0,1.38,12.0,0.6,0.6,0.4,76.0,89.2,91.0,84.7,7.0,7.7,12.0,0.6,0.4,2.88,6.45,9.23,6.44,8.0,2.92,12.0,0.5,0.6,0.4,-5.6,-1.23,-0.12,-2.45,8.0,2.81,12.0,0.5,0.6,0.4,-0.15,4.73,7.07,3.65,8.0,5.09,12.0,0.5,0.6,0.4,1019.24,1025.85,1028.23,1023.73,8.0,5.38,12.0,0.5,0.6,0.4,2.3,6.0,8.0,5.5,8.0,2.7,12.0,0.5,0.6,0.4,-50.3,-6.7,-0.4,-18.2,8.0,26.4,12.0,0.5,0.6,0.4,-0.4,31.9,63.8,30.9,8.0,44.0,12.0,0.5,0.6,0.4,-1.89,-0.65,0.0,-0.27,8.0,2.59,12.0,0.5,0.6,0.4,-16.6,-3.1,0.0,-2.1,8.0,16.3,12.0,0.5,0.6,0.4,0.35,0.82,2.23,1.73,7.0,2.53,12.0,0.6,0.6,0.4,2.0,3.9,18.5,10.8,7.0,16.2,12.0,0.6,0.6,0.4,-100.5,-22.0,-1.9,-44.0,8.0,51.7,12.0,0.5,0.6,0.4,-2.4,94.0,127.1,69.3,8.0,89.1,12.0,0.5,0.6,0.4,-30.0,-13.0,0.0,-19.5,7.0,25.0,12.0,0.6,0.6,0.4,-7.2,41.5,76.1,38.2,7.0,55.7,12.0,0.6,0.6,0.4,-8.2,-1.1,0.0,-3.9,7.0,5.6,12.0,0.6,0.6,0.4,-2.5,1.8,5.5,-3.7,7.0,18.3,12.0,0.6,0.6,0.4,30.5,269.5,788.0,408.0,8.0,398.0,12.0,0.5,0.6,0.4,30.0,270.0,790.0,410.0,8.0,400.0,12.0,0.5,0.6,0.4
1974,2,198.0,33.0,17.59,18.0,18.44,17.88,6.0,1.0,10.0,0.8,0.8,0.5,14.48,16.0,18.21,16.32,6.0,1.96,12.0,0.7,0.8,0.5,8.76,10.46,11.82,10.3,4.0,2.16,12.0,0.8,0.6,0.4,81.7,91.8,97.1,89.5,4.0,10.9,12.0,0.8,0.4,6.6,8.25,10.15,8.68,6.0,2.66,12.0,0.7,0.9,0.6,-4.65,-1.8,3.07,-0.68,6.0,4.53,12.0,0.7,0.9,0.6,-1.2,7.14,9.16,4.99,6.0,6.83,12.0,0.7,0.9,0.6,1015.78,1018.0,1024.02,1018.46,7.0,4.67,10.0,0.7,0.8,0.6,6.8,8.0,8.0,6.9,7.0,2.2,10.0,0.7,0.8,0.6,-43.2,-13.0,19.7,-9.1,6.0,34.9,12.0,0.7,0.9,0.6,-7.5,59.9,96.5,56.4,6.0,74.5,12.0,0.7,0.9,0.6,0.0,1.0,2.38,1.28,5.0,1.6,10.0,0.8,0.7,0.5,5.1,12.1,19.0,12.1,4.0,9.9,12.0,0.8,0.8,0.5,1.41,2.46,3.28,2.35,4.0,1.2,12.0,0.8,0.6,0.4,20.5,26.2,27.0,23.8,3.0,5.2,14.0,0.7,0.7,0.4,-63.7,0.0,56.1,-1.0,5.0,72.0,14.0,0.6,0.8,0.6,-30.6,90.4,175.2,75.9,5.0,121.8,14.0,0.6,0.8,0.6,-18.5,0.0,14.7,-1.9,3.0,24.3,14.0,0.7,0.7,0.4,-25.4,46.9,113.7,44.2,3.0,101.9,14.0,0.7,0.7,0.4,-8.9,0.0,4.2,-2.3,3.0,9.8,14.0,0.7,0.7,0.4,-4.2,22.7,25.9,11.1,3.0,24.2,14.0,0.7,0.7,0.4,288.0,589.0,1135.0,821.0,6.0,815.5,12.0,0.7,0.9,0.6,290.0,590.0,1135.0,820.0,6.0,815.0,12.0,0.7,0.9,0.6
1974,2,198.0,34.0,13.9,16.3,17.18,15.78,6.0,1.71,16.0,0.2,0.6,0.5,14.83,15.1,16.74,15.23,7.0,1.9,14.0,0.1,0.6,0.5,7.13,9.32,10.82,9.01,6.0,1.85,16.0,0.2,0.6,0.5,75.5,84.0,91.2,83.6,6.0,9.4,16.0,0.2,0.5,3.0,5.65,9.3,5.93,6.0,2.92,16.0,0.2,0.5,0.5,-4.07,-2.59,-0.2,-2.26,6.0,3.34,16.0,0.2,0.5,0.5,-6.07,0.62,4.33,-0.5,6.0,5.76,16.0,0.2,0.5,0.5,1018.72,1022.5,1028.04,1022.54,7.0,5.61,14.0,0.1,0.6,0.5,0.0,7.0,8.0,4.4,7.0,3.9,14.0,0.1,0.6,0.5,-37.2,-10.9,1.4,-17.0,6.0,29.1,16.0,0.2,0.5,0.5,-43.2,2.3,27.3,-5.7,6.0,47.1,16.0,0.2,0.5,0.5,-1.2,0.65,2.1,0.52,6.0,1.68,16.0,0.2,0.6,0.5,-10.0,0.0,12.4,1.9,5.0,13.8,18.0,0.2,0.5,0.5,1.06,1.29,3.65,2.05,6.0,1.57,16.0,0.2,0.6,0.5,5.3,11.1,20.6,13.4,5.0,11.0,18.0,0.2,0.5,0.5,-70.1,-33.2,-3.0,-35.3,6.0,54.1,16.0,0.2,0.5,0.5,-85.1,9.3,74.9,0.9,6.0,82.3,16.0,0.2,0.5,0.5,-48.0,-20.3,5.2,-21.0,5.0,35.6,18.0,0.2,0.5,0.5,-50.9,21.4,48.3,3.6,5.0,52.4,18.0,0.2,0.5,0.5,-9.4,-4.9,-2.0,-5.3,5.0,4.8,18.0,0.2,0.5,0.5,-12.7,4.9,9.4,-1.4,5.0,16.8,18.0,0.2,0.5,0.5,27.5,185.5,804.5,338.0,6.0,370.0,16.0,0.2,0.5,0.5,25.0,185.0,805.0,340.0,6.0,370.0,16.0,0.2,0.5,0.5
1974,2,198.0,35.0,14.0,15.0,15.59,14.99,8.0,1.53,14.0,0.5,0.7,0.2,11.27,13.3,15.47,13.59,9.0,2.41,16.0,0.4,0.7,0.2,6.21,7.82,8.49,7.6,9.0,1.65,16.0,0.4,0.7,0.2,72.2,78.9,86.5,78.4,9.0,7.8,16.0,0.4,0.2,4.23,6.7,10.1,7.13,9.0,3.68,16.0,0.4,0.7,0.2,-4.21,3.52,9.81,3.09,9.0,7.05,16.0,0.4,0.7,0.2,-2.83,-1.34,2.21,-0.64,9.0,3.13,16.0,0.4,0.7,0.2,1014.65,1019.0,1028.73,1020.6,9.0,6.85,16.0,0.4,0.7,0.2,3.0,4.5,6.0,4.3,8.0,2.3,14.0,0.4,0.6,0.2,-20.8,16.2,99.6,39.2,9.0,78.3,16.0,0.4,0.7,0.2,-31.8,-10.3,11.8,-9.9,9.0,23.1,16.0,0.4,0.7,0.2,-2.2,1.55,3.44,1.45,8.0,3.2,14.0,0.5,0.7,0.2,-5.6,10.1,42.6,17.6,8.0,25.4,14.0,0.5,0.7,0.2,1.21,3.45,4.23,3.06,8.0,1.97,14.0,0.5,0.7,0.2,6.4,21.1,48.2,27.1,8.0,21.5,14.0,0.5,0.7,0.2,-52.3,54.6,108.8,38.8,9.0,86.4,16.0,0.4,0.7,0.2,-41.6,-17.8,35.7,-5.0,9.0,40.6,16.0,0.4,0.7,0.2,-26.5,28.6,64.1,20.8,9.0,47.3,16.0,0.4,0.7,0.2,-21.7,-10.5,21.0,-2.9,9.0,23.4,16.0,0.4,0.7,0.2,-16.7,11.9,37.3,11.8,8.0,30.0,14.0,0.5,0.7,0.2,-10.3,-3.3,6.0,-6.1,8.0,14.2,14.0,0.5,0.7,0.2,76.5,301.0,1068.5,652.5,9.0,956.0,16.0,0.4,0.7,0.2,75.0,300.0,1070.0,650.0,9.0,955.0,16.0,0.4,0.7,0.2
1974,2,198.0,36.0,13.07,13.5,14.26,13.53,6.0,0.8,14.0,0.2,0.6,0.5,13.17,14.75,15.89,14.56,8.0,1.89,16.0,0.3,0.7,0.5,7.29,9.22,10.02,8.76,8.0,1.51,16.0,0.3,0.7,0.5,76.1,80.9,98.9,85.2,8.0,10.3,16.0,0.3,0.5,5.1,7.7,10.12,7.64,8.0,3.05,16.0,0.3,0.7,0.5,-1.59,1.49,6.46,2.13,8.0,3.65,16.0,0.3,0.7,0.5,-2.26,4.48,9.93,4.41,8.0,5.94,16.0,0.3,0.7,0.5,1015.57,1020.0,1024.69,1019.58,8.0,6.22,16.0,0.3,0.7,0.5,7.0,8.0,8.0,7.4,8.0,1.1,16.0,0.3,0.7,0.5,-7.4,12.2,48.5,15.8,8.0,26.6,16.0,0.3,0.7,0.5,-7.8,27.8,100.8,45.9,8.0,64.9,16.0,0.3,0.7,0.5,-2.15,-0.4,0.62,-0.8,6.0,1.79,14.0,0.2,0.6,0.5,-14.5,-1.8,5.8,-3.8,6.0,10.8,14.0,0.2,0.6,0.5,-0.39,0.51,2.37,0.77,6.0,1.44,14.0,0.2,0.6,0.5,-2.3,2.6,20.8,6.6,6.0,12.6,14.0,0.2,0.6,0.5,-20.7,21.6,82.3,30.5,8.0,51.5,16.0,0.3,0.7,0.5,-32.2,67.1,130.4,67.3,8.0,85.6,16.0,0.3,0.7,0.5,-11.4,12.0,44.0,18.0,8.0,32.5,16.0,0.3,0.7,0.5,-19.3,44.6,72.2,38.9,8.0,49.6,16.0,0.3,0.7,0.5,-4.8,0.2,4.7,1.3,6.0,8.5,14.0,0.2,0.6,0.5,-5.5,0.5,7.7,2.3,6.0,11.4,14.0,0.2,0.6,0.5,132.5,456.5,1044.5,640.5,8.0,698.0,16.0,0.3,0.7,0.5,135.0,455.0,1045.0,640.0,8.0,700.0,16.0,0.3,0.7,0.5
1974,2,198.0,37.0,12.79,13.5,13.76,13.28,6.0,0.71,10.0,0.7,0.4,0.2,11.5,12.5,13.1,12.42,6.0,0.8,10.0,0.7,0.4,0.2,6.33,7.29,8.67,7.41,6.0,1.27,10.0,0.7,0.4,0.2,72.2,82.0,97.0,83.5,6.0,12.1,10.0,0.7,0.2,4.92,7.45,8.93,6.6,6.0,3.49,10.0,0.7,0.4,0.2,-6.37,0.0,4.35,-0.47,6.0,6.07,10.0,0.7,0.4,0.2,0.0,2.43,6.82,3.38,6.0,3.7,10.0,0.7,0.4,0.2,1019.24,1022.15,1025.43,1021.88,6.0,5.41,10.0,0.7,0.4,0.2,2.4,6.0,7.2,5.0,6.0,3.0,10.0,0.7,0.4,0.2,-46.2,0.0,39.9,-2.2,6.0,50.3,10.0,0.7,0.4,0.2,0.0,17.8,49.1,27.4,6.0,34.1,10.0,0.7,0.4,0.2,0.0,0.75,1.47,0.87,6.0,0.94,10.0,0.7,0.4,0.2,0.0,6.1,12.3,7.3,6.0,8.2,10.0,0.7,0.4,0.2,0.84,2.37,2.91,1.97,6.0,1.16,10.0,0.7,0.4,0.2,0.9,15.2,25.2,14.2,6.0,13.0,10.0,0.7,0.4,0.2,-77.9,0.0,52.7,-5.8,6.0,71.3,10.0,0.7,0.4,0.2,0.0,29.6,87.7,42.5,6.0,46.8,10.0,0.7,0.4,0.2,-51.8,0.0,27.0,-6.8,6.0,41.2,10.0,0.7,0.4,0.2,0.0,19.6,57.1,25.9,6.0,27.1,10.0,0.7,0.4,0.2,-9.6,0.0,12.9,0.7,6.0,15.8,10.0,0.7,0.4,0.2,0.0,2.3,9.1,6.1,6.0,10.8,10.0,0.7,0.4,0.2,189.0,426.0,717.0,448.5,6.0,336.0,10.0,0.7,0.4,0.2,190.0,425.0,715.0,450.0,6.0,335.0,10.0,0.7,0.4,0.2
1974,2,198.0,38.0,12.9,13.75,14.52,13.73,6.0,0.92,16.0,0.5,0.9,0.5,10.27,13.5,14.62,12.93,6.0,2.82,16.0,0.5,0.9,0.5,6.82,7.88,8.87,7.82,5.0,1.21,16.0,0.4,0.9,0.6,76.1,86.7,94.8,85.8,5.0,10.9,16.0,0.4,0.6,5.37,8.5,11.84,8.67,6.0,3.76,16.0,0.5,0.9,0.5,3.51,5.31,10.38,6.49,6.0,3.55,16.0,0.5,0.9,0.5,-2.32,1.03,7.09,2.29,6.0,5.89,16.0,0.5,0.9,0.5,1011.35,1017.65,1019.7,1015.78,6.0,6.09,16.0,0.5,0.9,0.5,1.9,3.0,6.7,4.0,5.0,3.1,16.0,0.4,0.9,0.6,19.6,59.5,109.3,64.4,6.0,50.6,16.0,0.5,0.9,0.5,-19.8,4.2,65.4,28.5,6.0,71.6,16.0,0.5,0.9,0.5,-1.81,0.75,3.84,0.8,6.0,2.8,16.0,0.5,0.9,0.5,-11.5,9.8,20.9,8.2,6.0,20.8,16.0,0.5,0.9,0.5,0.73,2.25,2.61,1.76,5.0,1.25,16.0,0.4,0.9,0.6,4.1,9.2,28.4,14.7,5.0,13.8,16.0,0.4,0.9,0.6,45.0,76.8,107.5,80.4,6.0,40.3,16.0,0.5,0.9,0.5,-28.1,10.9,99.3,30.2,6.0,84.6,16.0,0.5,0.9,0.5,29.7,31.8,69.2,46.8,5.0,23.8,16.0,0.4,0.9,0.6,-20.8,0.0,29.7,4.1,5.0,33.8,16.0,0.4,0.9,0.6,2.7,8.0,28.2,14.0,5.0,14.1,16.0,0.4,0.9,0.6,-5.4,-0.7,1.7,-1.4,5.0,4.2,16.0,0.4,0.9,0.6,161.0,696.5,1699.5,962.5,6.0,1005.5,16.0,0.5,0.9,0.5,160.0,695.0,1700.0,965.0,6.0,1005.0,16.0,0.5,0.9,0.5
1974,2,198.0,39.0,10.73,12.8,14.05,12.54,5.0,1.86,12.0,0.8,0.7,0.3,11.36,13.0,13.62,12.63,7.0,1.28,10.0,0.7,0.7,0.4,6.64,7.53,8.82,7.58,6.0,1.29,10.0,0.7,0.7,0.4,78.2,85.0,93.9,84.5,6.0,10.1,10.0,0.7,0.4,9.63,15.9,17.17,14.2,7.0,4.91,10.0,0.7,0.7,0.4,-0.14,6.11,9.02,5.75,7.0,7.2,10.0,0.7,0.7,0.4,6.76,11.17,15.71,10.89,7.0,5.54,10.0,0.7,0.7,0.4,1008.81,1015.0,1015.65,1012.46,7.0,4.84,10.0,0.7,0.7,0.4,1.8,7.5,8.0,5.7,6.0,3.3,10.0,0.7,0.7,0.4,-2.4,43.9,156.7,94.0,7.0,147.7,10.0,0.7,0.7,0.4,91.8,145.1,251.9,168.0,7.0,99.3,10.0,0.7,0.7,0.4,-0.67,0.1,1.25,0.26,5.0,1.02,12.0,0.8,0.7,0.3,-7.3,2.1,15.6,3.9,5.0,14.3,12.0,0.8,0.7,0.3,1.22,1.49,2.32,1.7,5.0,0.61,12.0,0.8,0.7,0.3,18.5,22.4,23.1,20.9,5.0,3.6,12.0,0.8,0.7,0.3,-2.0,69.6,119.8,66.9,7.0,79.9,10.0,0.7,0.7,0.4,71.0,145.2,212.5,142.7,7.0,80.2,10.0,0.7,0.7,0.4,20.1,45.3,80.0,52.6,6.0,46.1,10.0,0.7,0.7,0.4,39.8,84.4,120.4,80.3,6.0,49.1,10.0,0.7,0.7,0.4,2.6,11.4,16.3,9.9,5.0,7.8,12.0,0.8,0.7,0.3,5.4,19.8,22.7,15.0,5.0,9.5,12.0,0.8,0.7,0.3,907.5,4019.5,5096.0,3702.0,7.0,2900.5,10.0,0.7,0.7,0.4,910.0,4020.0,5095.0,3700.0,7.0,2900.0,10.0,0.7,0.7,0.4
1974,2,198.0,40.0,10.48,11.0,11.26,10.88,4.0,0.63,14.0,0.8,0.8,0.6,8.5,11.0,13.0,10.8,5.0,2.25,14.0,0.8,0.8,0.7,5.62,5.95,6.99,6.29,4.0,1.07,14.0,0.8,0.8,0.6,74.9,85.4,86.6,81.0,4.0,9.7,14.0,0.8,0.6,8.85,10.3,17.05,12.36,5.0,4.65,14.0,0.8,0.8,0.7,-2.06,6.77,11.96,5.52,5.0,8.96,14.0,0.8,0.8,0.7,-3.76,2.46,8.77,2.51,5.0,9.29,14.0,0.8,0.8,0.7,1002.97,1007.5,1016.95,1010.0,5.0,11.36,14.0,0.8,0.8,0.7,2.0,7.0,7.4,5.2,5.0,2.9,14.0,0.8,0.8,0.7,-34.0,48.7,171.1,72.6,5.0,155.4,14.0,0.8,0.8,0.7,-38.7,17.7,123.9,43.1,5.0,132.3,14.0,0.8,0.8,0.7,-0.81,1.0,2.02,0.63,4.0,1.93,14.0,0.8,0.8,0.6,-15.6,14.7,26.4,5.8,4.0,28.0,14.0,0.8,0.8,0.6,0.97,1.92,2.6,1.79,4.0,1.13,14.0,0.8,0.8,0.6,13.1,21.9,26.4,19.9,4.0,10.5,14.0,0.8,0.8,0.6,-26.8,74.4,125.9,52.9,5.0,90.2,14.0,0.8,0.8,0.7,-32.0,27.1,114.0,41.0,5.0,105.7,14.0,0.8,0.8,0.7,-23.2,18.3,74.4,25.3,4.0,64.7,14.0,0.8,0.8,0.6,-31.6,6.7,70.1,18.7,4.0,75.8,14.0,0.8,0.8,0.6,-1.0,10.2,25.6,12.2,4.0,15.7,14.0,0.8,0.8,0.6,-11.6,2.5,6.3,-2.4,4.0,13.5,14.0,0.8,0.8,0.6,734.0,1092.5,4981.5,2546.5,5.0,2449.0,14.0,0.8,0.8,0.7,735.0,1095.0,4980.0,2545.0,5.0,2450.0,14.0,0.8,0.8,0.7
1974,2,198.0,41.0,9.5,9.7,9.9,9.7,2.0,0.42,16.0,0.5,0.9,0.3,8.5,10.0,10.27,9.4,3.0,1.4,20.0,0.7,0.6,0.5,4.53,6.27,6.94,5.75,3.0,1.82,20.0,0.7,0.6,0.5,65.7,82.7,88.4,77.2,3.0,17.3,20.0,0.7,0.5,4.93,6.7,12.64,8.73,3.0,5.92,20.0,0.7,0.6,0.5,-1.43,1.16,2.19,0.4,3.0,2.74,20.0,0.7,0.6,0.5,-9.36,3.14,5.5,-1.81,3.0,11.7,20.0,0.7,0.6,0.5,1000.05,1015.2,1024.14,1012.17,3.0,17.84,20.0,0.7,0.6,0.5,2.5,8.0,8.0,5.3,3.0,4.6,20.0,0.7,0.6,0.5,-4.9,7.8,30.6,12.7,3.0,26.3,20.0,0.7,0.6,0.5,-155.3,12.9,34.3,-58.8,3.0,152.1,20.0,0.7,0.6,0.5,-0.84,-0.5,-0.16,-0.5,2.0,0.71,16.0,0.5,0.9,0.3,-5.6,-3.3,-1.1,-3.3,2.0,4.7,16.0,0.5,0.9,0.3,0.38,0.76,1.14,0.76,2.0,0.79,16.0,0.5,0.9,0.3,2.0,3.4,4.7,3.4,2.0,2.9,16.0,0.5,0.9,0.3,-14.1,12.1,18.1,2.2,3.0,25.1,20.0,0.7,0.6,0.5,-70.8,31.4,56.8,-6.1,3.0,98.9,20.0,0.7,0.6,0.5,-8.6,8.4,9.5,0.6,3.0,14.9,20.0,0.7,0.6,0.5,-32.3,19.7,38.9,3.7,3.0,54.0,20.0,0.7,0.6,0.5,-2.9,-1.6,-0.4,-1.6,2.0,2.6,16.0,0.5,0.9,0.3,1.8,2.7,3.7,2.7,2.0,2.0,16.0,0.5,0.9,0.3,142.5,301.0,2588.5,1340.5,3.0,2005.5,20.0,0.7,0.6,0.5,145.0,300.0,2590.0,1340.0,3.0,2005.0,20.0,0.7,0.6,0.5
1974,2,198.0,42.0,9.24,9.75,10.52,9.88,4.0,0.85,24.0,0.5,0.8,0.2,6.63,8.9,9.18,8.08,5.0,1.5,20.0,0.6,0.8,0.4,4.47,5.4,6.23,5.35,4.0,1.08,24.0,0.5,0.8,0.2,75.5,85.3,86.9,81.4,4.0,9.7,24.0,0.5,0.2,6.25,10.3,12.38,9.46,5.0,3.55,20.0,0.6,0.8,0.4,-0.64,4.04,7.44,3.01,5.0,6.43,20.0,0.6,0.8,0.4,-10.57,-6.62,2.64,-4.51,5.0,6.8,20.0,0.6,0.8,0.4,1007.88,1025.3,1027.91,1019.2,5.0,11.33,20.0,0.6,0.8,0.4,2.3,6.0,6.7,4.8,5.0,2.8,20.0,0.6,0.8,0.4,-19.4,47.6,73.1,29.3,5.0,71.6,20.0,0.6,0.8,0.4,-133.3,-68.2,15.1,-61.1,5.0,75.1,20.0,0.6,0.8,0.4,0.74,2.3,3.29,2.03,4.0,1.87,24.0,0.5,0.8,0.2,10.6,29.1,37.5,24.3,4.0,19.0,24.0,0.5,0.8,0.2,1.35,2.36,2.89,2.13,4.0,1.07,24.0,0.5,0.8,0.2,13.5,25.9,34.9,24.3,4.0,16.2,24.0,0.5,0.8,0.2,4.0,35.9,60.5,28.6,5.0,44.4,20.0,0.6,0.8,0.4,-81.7,-39.7,24.3,-32.0,5.0,56.2,20.0,0.6,0.8,0.4,-9.2,23.4,29.8,10.9,4.0,33.4,24.0,0.5,0.8,0.2,-54.4,-37.2,-5.3,-30.2,4.0,35.8,24.0,0.5,0.8,0.2,-9.7,5.4,18.3,4.4,4.0,19.7,24.0,0.5,0.8,0.2,-28.1,-20.3,-7.2,-17.8,4.0,14.5,24.0,0.5,0.8,0.2,272.5,1092.5,1921.5,1122.5,5.0,939.5,20.0,0.6,0.8,0.4,270.0,1095.0,1920.0,1120.0,5.0,940.0,20.0,0.6,0.8,0.4
1974,2,198.0,43.0,8.0,8.5,9.0,8.5,4.0,0.58,8.0,0.5,0.8,0.6,7.51,8.0,8.49,8.0,5.0,0.72,10.0,0.4,0.7,0.5,5.15,5.77,6.01,5.59,4.0,0.66,10.0,0.3,0.7,0.4,76.7,86.3,86.9,82.0,4.0,9.2,10.0,0.3,0.4,8.72,11.8,14.21,11.64,5.0,3.4,10.0,0.4,0.7,0.5,-0.13,7.58,13.72,6.7,5.0,8.62,10.0,0.4,0.7,0.5,2.8,4.95,8.85,5.43,5.0,3.7,10.0,0.4,0.7,0.5,1000.33,1003.0,1007.19,1003.92,5.0,4.43,10.0,0.4,0.7,0.5,1.0,5.0,8.0,4.6,5.0,3.5,10.0,0.4,0.7,0.5,2.2,89.5,198.7,100.5,5.0,121.5,10.0,0.4,0.7,0.5,24.2,56.9,90.5,56.6,5.0,40.8,10.0,0.4,0.7,0.5,-0.1,0.5,1.0,0.45,4.0,0.64,8.0,0.5,0.8,0.6,-1.4,4.7,13.1,5.8,4.0,8.8,8.0,0.5,0.8,0.6,1.07,1.33,1.84,1.45,3.0,0.57,6.0,0.3,0.7,0.5,8.9,12.4,22.2,15.5,3.0,10.1,6.0,0.3,0.7,0.5,-3.2,59.2,105.3,49.3,5.0,67.2,10.0,0.4,0.7,0.5,23.0,44.5,70.1,44.2,5.0,29.0,10.0,0.4,0.7,0.5,-10.2,30.9,50.1,20.4,4.0,41.0,10.0,0.3,0.7,0.4,25.3,40.8,51.3,38.4,4.0,15.4,10.0,0.3,0.7,0.4,-2.5,4.2,18.5,7.9,3.0,15.7,6.0,0.3,0.7,0.5,6.1,9.2,10.9,8.5,3.0,3.5,6.0,0.3,0.7,0.5,677.5,1643.0,3003.0,1908.5,5.0,1591.5,10.0,0.4,0.7,0.5,675.0,1645.0,3005.0,1910.0,5.0,1590.0,10.0,0.4,0.7,0.5
1974,2,198.0,44.0,7.4,8.25,9.1,8.25,2.0,1.77,20.0,0.0,0.5,0.6,6.32,7.0,7.68,7.0,2.0,1.41,20.0,0.0,0.5,0.6,4.98,5.16,5.33,5.16,2.0,0.37,20.0,0.0,0.5,0.6,81.6,83.3,85.0,83.3,2.0,3.5,20.0,0.0,0.6,3.44,8.7,9.79,6.67,3.0,4.97,14.0,0.0,0.4,0.7,-0.11,1.51,5.87,2.84,3.0,4.53,14.0,0.0,0.4,0.7,-4.68,-0.5,5.69,0.48,3.0,7.64,14.0,0.0,0.4,0.7,1003.11,1005.5,1020.18,1011.5,3.0,13.54,14.0,0.0,0.4,0.7,1.9,6.0,7.4,4.7,3.0,4.2,14.0,0.0,0.4,0.7,3.6,13.1,59.6,31.2,3.0,43.9,14.0,0.0,0.4,0.7,-46.7,-0.5,50.7,1.9,3.0,71.4,14.0,0.0,0.4,0.7,-0.29,1.25,2.79,1.25,2.0,3.18,20.0,0.0,0.5,0.6,-1.6,13.7,28.9,13.7,2.0,31.6,20.0,0.0,0.5,0.6,1.09,1.6,2.12,1.6,2.0,1.07,20.0,0.0,0.5,0.6,10.1,15.8,21.6,15.8,2.0,12.0,20.0,0.0,0.5,0.6,17.7,29.7,41.7,29.7,2.0,24.9,20.0,0.0,0.5,0.6,-22.5,14.4,51.4,14.4,2.0,76.6,20.0,0.0,0.5,0.6,13.0,23.4,33.8,23.4,2.0,21.5,20.0,0.0,0.5,0.6,-19.9,7.0,33.9,7.0,2.0,55.7,20.0,0.0,0.5,0.6,4.0,9.9,15.9,9.9,2.0,12.3,20.0,0.0,0.5,0.6,-12.0,-4.2,3.6,-4.2,2.0,16.2,20.0,0.0,0.5,0.6,209.5,658.5,955.0,584.0,3.0,549.5,14.0,0.0,0.4,0.7,210.0,660.0,955.0,585.0,3.0,550.0,14.0,0.0,0.4,0.7
1974,2,198.0,45.0,5.95,6.0,7.62,6.79,7.0,1.63,14.0,0.3,0.6,0.5,4.9,6.0,6.62,5.93,7.0,1.79,14.0,0.3,0.6,0.5,4.84,5.03,5.39,5.14,6.0,0.62,14.0,0.2,0.5,0.5,83.1,86.4,88.4,85.2,6.0,6.5,14.0,0.2,0.5,13.96,18.0,20.72,16.59,7.0,5.88,14.0,0.3,0.6,0.5,-0.6,15.17,20.72,9.16,7.0,13.19,14.0,0.3,0.6,0.5,-5.08,0.0,14.43,2.21,7.0,8.82,14.0,0.3,0.6,0.5,998.16,1007.0,1014.21,1004.54,7.0,11.92,14.0,0.3,0.6,0.5,2.3,4.0,8.0,4.8,5.0,3.1,14.0,0.2,0.4,0.5,-11.7,233.6,429.6,179.4,7.0,272.8,14.0,0.3,0.6,0.5,-44.5,0.0,211.4,45.9,7.0,145.9,14.0,0.3,0.6,0.5,-1.02,0.0,4.0,0.86,7.0,2.29,14.0,0.3,0.6,0.5,-21.0,0.0,25.4,8.3,7.0,34.1,14.0,0.3,0.6,0.5,0.39,0.79,1.68,1.05,6.0,0.88,14.0,0.2,0.5,0.5,8.1,12.2,19.5,13.1,6.0,6.5,14.0,0.2,0.5,0.5,-5.4,50.7,115.9,40.1,7.0,84.1,14.0,0.3,0.6,0.5,-19.0,0.0,88.7,22.1,7.0,62.8,14.0,0.3,0.6,0.5,-16.3,35.6,106.2,35.7,6.0,74.5,14.0,0.2,0.5,0.5,-14.5,0.0,77.2,21.7,6.0,49.1,14.0,0.2,0.5,0.5,-0.6,5.7,19.4,8.2,6.0,10.2,14.0,0.2,0.5,0.5,-5.8,0.0,4.9,-0.5,6.0,8.0,14.0,0.2,0.5,0.5,2849.5,5832.0,8913.0,5869.5,7.0,4051.0,14.0,0.3,0.6,0.5,2850.0,5830.0,8915.0,5870.0,7.0,4050.0,14.0,0.3,0.6,0.5
1974,2,198.0,46.0,5.48,6.5,6.84,6.17,3.0,1.04,10.0,0.7,1.0,0.4,6.29,8.0,8.0,7.17,3.0,1.44,10.0,0.7,1.0,0.4,5.59,5.88,6.2,5.89,3.0,0.45,10.0,0.7,1.0,0.4,89.4,94.0,95.8,92.6,3.0,4.9,10.0,0.7,0.4,11.08,14.9,19.13,15.1,3.0,5.9,10.0,0.7,1.0,0.4,5.79,11.41,14.66,10.25,3.0,6.57,10.0,0.7,1.0,0.4,-6.48,8.74,9.31,1.58,3.0,13.12,10.0,0.7,1.0,0.4,996.16,996.5,1000.94,998.5,3.0,3.91,10.0,0.7,1.0,0.4,5.6,7.0,7.0,6.3,3.0,1.2,10.0,0.7,1.0,0.4,74.2,170.1,286.8,180.2,3.0,156.0,10.0,0.7,1.0,0.4,-169.5,81.3,123.2,-20.7,3.0,231.9,10.0,0.7,1.0,0.4,-1.34,-1.0,-0.66,-1.0,3.0,0.5,10.0,0.7,1.0,0.4,-18.6,-10.5,-9.7,-14.1,3.0,7.2,10.0,0.7,1.0,0.4,-0.03,0.0,0.14,0.05,3.0,0.13,10.0,0.7,1.0,0.4,-0.3,0.0,2.1,0.9,3.0,1.9,10.0,0.7,1.0,0.4,45.6,88.9,90.5,68.6,3.0,37.4,10.0,0.7,1.0,0.4,-28.7,69.9,74.5,24.0,3.0,85.4,10.0,0.7,1.0,0.4,35.1,67.1,81.4,58.5,3.0,34.8,10.0,0.7,1.0,0.4,-32.9,55.5,56.1,12.6,3.0,75.0,10.0,0.7,1.0,0.4,-0.1,0.0,1.6,0.7,3.0,1.4,10.0,0.7,1.0,0.4,-0.3,0.0,1.4,0.5,3.0,1.3,10.0,0.7,1.0,0.4,1599.0,3308.0,7462.0,4502.0,3.0,4417.5,10.0,0.7,1.0,0.4,1600.0,3310.0,7460.0,4500.0,3.0,4420.0,10.0,0.7,1.0,0.4
1974,2,198.0,47.0,5.07,6.0,6.9,6.09,8.0,1.01,10.0,0.1,0.6,0.3,0.43,5.5,6.61,4.41,10.0,2.96,12.0,0.2,0.6,0.3,3.78,4.8,5.89,4.76,8.0,1.4,10.0,0.1,0.6,0.3,72.7,89.9,100.0,86.5,8.0,14.2,10.0,0.1,0.3,7.41,10.3,19.06,12.65,10.0,6.41,12.0,0.2,0.6,0.3,-2.62,2.63,8.25,1.27,10.0,9.53,12.0,0.2,0.6,0.3,-4.71,7.64,11.38,4.49,10.0,10.19,12.0,0.2,0.6,0.3,993.77,996.55,1018.22,1003.32,10.0,13.01,12.0,0.2,0.6,0.3,2.0,7.5,8.0,5.5,8.0,3.2,10.0,0.3,0.6,0.3,-46.5,20.4,113.5,-19.7,10.0,205.1,12.0,0.2,0.6,0.3,-37.3,60.8,238.4,76.0,10.0,188.5,12.0,0.2,0.6,0.3,-1.78,0.8,4.67,1.33,8.0,2.94,10.0,0.1,0.6,0.3,-21.9,7.0,33.8,12.8,8.0,43.2,10.0,0.1,0.6,0.3,0.0,1.42,2.02,1.12,8.0,1.29,10.0,0.1,0.6,0.3,0.0,12.6,20.8,10.0,8.0,15.8,10.0,0.1,0.6,0.3,-16.2,0.0,49.9,11.1,10.0,30.5,12.0,0.2,0.6,0.3,0.0,29.5,57.6,37.8,10.0,50.7,12.0,0.2,0.6,0.3,-6.4,22.5,42.2,17.5,8.0,25.0,10.0,0.1,0.6,0.3,-15.3,23.4,51.1,25.2,8.0,58.0,10.0,0.1,0.6,0.3,0.3,5.4,16.6,7.8,8.0,7.3,10.0,0.1,0.6,0.3,-19.7,-1.5,2.3,-7.2,8.0,13.4,10.0,0.1,0.6,0.3,409.0,1123.5,7102.0,3649.0,10.0,5400.5,12.0,0.2,0.6,0.3,410.0,1125.0,7100.0,3650.0,10.0,5400.0,12.0,0.2,0.6,0.3
1974,2,198.0,48.0,4.5,5.25,6.0,5.19,8.0,1.28,22.0,0.6,0.4,0.5,-0.73,3.5,5.0,2.51,9.0,2.85,24.0,0.7,0.5,0.5,3.15,3.73,4.87,3.87,9.0,0.93,24.0,0.7,0.5,0.5,77.3,85.8,92.2,84.3,9.0,10.9,24.0,0.7,0.5,9.13,15.4,17.23,13.99,9.0,4.17,24.0,0.7,0.5,0.5,6.81,7.7,14.47,9.91,9.0,3.78,24.0,0.7,0.5,0.5,-13.39,-5.59,0.0,-7.07,9.0,7.51,24.0,0.7,0.5,0.5,1016.77,1020.0,1023.73,1018.34,9.0,8.02,24.0,0.7,0.5,0.5,7.0,7.0,8.0,7.1,7.0,0.7,24.0,0.7,0.5,0.6,71.0,118.6,234.9,143.4,9.0,77.7,24.0,0.7,0.5,0.5,-226.7,-48.7,0.0,-115.2,9.0,133.0,24.0,0.7,0.5,0.5,0.02,3.0,5.94,3.11,8.0,2.9,22.0,0.6,0.4,0.5,-0.4,41.1,95.8,50.9,8.0,52.2,22.0,0.6,0.4,0.5,1.18,1.62,2.18,1.73,8.0,0.96,22.0,0.6,0.4,0.5,13.0,21.8,37.6,26.4,8.0,20.2,22.0,0.6,0.4,0.5,-4.7,23.3,66.5,30.2,9.0,37.3,24.0,0.7,0.5,0.5,-14.4,0.0,13.2,0.0,9.0,13.1,24.0,0.7,0.5,0.5,23.6,35.8,59.2,39.8,9.0,21.1,24.0,0.7,0.5,0.5,-45.4,-20.8,0.0,-22.2,9.0,22.8,24.0,0.7,0.5,0.5,10.0,15.9,22.6,15.2,8.0,7.4,22.0,0.6,0.4,0.5,-29.2,-15.0,0.0,-18.3,8.0,22.4,22.0,0.6,0.4,0.5,775.5,3652.5,5125.5,3351.0,9.0,2221.5,24.0,0.7,0.5,0.5,775.0,3650.0,5125.0,3350.0,9.0,2220.0,24.0,0.7,0.5,0.5
1974,2,198.0,49.0,4.43,5.75,6.0,5.22,6.0,1.18,20.0,1.0,0.8,0.6,-2.0,1.75,7.31,2.5,6.0,4.45,20.0,1.0,0.8,0.6,2.84,3.24,5.72,4.09,5.0,1.58,18.0,1.0,0.7,0.6,79.2,87.1,93.7,86.0,5.0,12.3,18.0,1.0,0.6,9.06,12.1,19.33,13.3,6.0,5.56,20.0,1.0,0.8,0.6,5.52,9.82,10.94,8.12,6.0,5.36,20.0,1.0,0.8,0.6,-16.74,-1.85,5.92,-4.31,6.0,10.63,20.0,1.0,0.8,0.6,991.59,1014.65,1022.24,1009.88,6.0,15.57,20.0,1.0,0.8,0.6,6.0,7.0,7.2,6.3,6.0,2.2,20.0,1.0,0.8,0.6,55.7,144.6,187.0,123.7,6.0,84.4,20.0,1.0,0.8,0.6,-324.0,-19.9,41.4,-103.7,6.0,187.1,20.0,1.0,0.8,0.6,-1.56,2.75,7.6,2.72,6.0,4.81,20.0,1.0,0.8,0.6,-18.1,18.2,152.5,48.9,6.0,83.8,20.0,1.0,0.8,0.6,0.02,2.5,2.81,1.6,5.0,1.63,18.0,1.0,0.7,0.6,1.1,19.3,50.0,24.0,5.0,26.3,18.0,1.0,0.7,0.6,-19.3,11.6,70.0,23.5,6.0,46.9,20.0,1.0,0.8,0.6,-1.9,19.4,39.4,19.8,6.0,24.5,20.0,1.0,0.8,0.6,17.0,30.8,56.0,35.0,5.0,28.9,18.0,1.0,0.7,0.6,-52.6,0.0,23.9,-10.3,5.0,41.0,18.0,1.0,0.7,0.6,-5.5,5.3,25.0,9.0,5.0,15.8,18.0,1.0,0.7,0.6,-43.3,-4.0,6.6,-14.8,5.0,28.1,18.0,1.0,0.7,0.6,796.0,1833.0,7248.0,3407.5,6.0,3524.5,20.0,1.0,0.8,0.6,795.0,1835.0,7250.0,3410.0,6.0,3525.0,20.0,1.0,0.8,0.6
1974,2,198.0,50.0,4.16,4.5,4.84,4.5,2.0,0.71,26.0,1.0,1.0,0.6,-0.41,3.0,3.68,1.67,3.0,3.21,26.0,1.0,1.0,0.6,2.6,3.27,3.95,3.27,2.0,1.4,26.0,1.0,1.0,0.6,73.6,81.0,88.4,81.0,2.0,15.3,26.0,1.0,0.6,7.86,8.2,16.66,12.17,3.0,7.31,26.0,1.0,1.0,0.6,3.79,6.28,9.02,6.41,3.0,3.83,26.0,1.0,1.0,0.6,-14.47,-7.24,-5.89,-10.12,3.0,6.76,26.0,1.0,1.0,0.6,1018.93,1023.5,1025.21,1022.1,3.0,4.76,26.0,1.0,1.0,0.6,3.6,7.0,7.0,5.3,3.0,2.9,26.0,1.0,1.0,0.6,30.2,51.5,161.2,94.7,3.0,103.0,26.0,1.0,1.0,0.6,-268.5,-55.7,-47.2,-155.5,3.0,183.7,26.0,1.0,1.0,0.6,1.95,4.0,6.05,4.0,2.0,4.24,26.0,1.0,1.0,0.6,29.8,76.2,122.6,76.2,2.0,96.2,26.0,1.0,1.0,0.6,1.1,1.91,2.72,1.91,2.0,1.68,26.0,1.0,1.0,0.6,15.1,34.8,54.6,34.8,2.0,40.9,26.0,1.0,1.0,0.6,-10.7,10.5,16.2,2.9,3.0,20.8,26.0,1.0,1.0,0.6,-24.8,-15.8,19.3,-3.0,3.0,34.2,26.0,1.0,1.0,0.6,24.0,25.1,26.2,25.1,2.0,2.3,26.0,1.0,1.0,0.6,-37.8,-31.6,-25.3,-31.6,2.0,12.9,26.0,1.0,1.0,0.6,8.9,18.2,27.5,18.2,2.0,19.3,26.0,1.0,1.0,0.6,-47.1,-29.5,-12.0,-29.5,2.0,36.4,26.0,1.0,1.0,0.6,486.5,551.5,6142.0,3250.0,3.0,4756.5,26.0,1.0,1.0,0.6,485.0,550.0,6140.0,3250.0,3.0,4755.0,26.0,1.0,1.0,0.6
1974,2,198.0,51.0,2.45,3.0,3.72,3.02,5.0,0.96,10.0,0.4,0.7,0.4,1.66,3.0,5.33,3.18,6.0,2.74,8.0,0.2,0.6,0.4,3.93,4.81,5.26,4.6,3.0,0.99,8.0,0.0,0.5,0.5,81.1,87.1,95.9,88.4,3.0,10.9,8.0,0.0,0.5,4.0,10.8,13.04,8.97,7.0,5.21,8.0,0.3,0.5,0.5,-4.11,6.0,11.04,4.68,7.0,7.45,8.0,0.3,0.5,0.5,-0.12,0.0,10.43,2.78,7.0,5.56,8.0,0.3,0.5,0.5,987.93,999.0,1009.04,998.34,7.0,10.43,8.0,0.3,0.5,0.5,6.9,8.0,8.0,7.4,5.0,1.3,6.0,0.2,0.5,0.5,-17.0,72.0,123.1,70.1,7.0,96.6,8.0,0.3,0.5,0.5,-0.6,0.0,125.6,36.7,7.0,67.1,8.0,0.3,0.5,0.5,-0.76,1.1,2.22,0.75,4.0,1.98,10.0,0.3,0.7,0.3,-8.2,8.2,9.8,1.2,4.0,16.0,10.0,0.3,0.7,0.3,0.39,0.87,1.34,0.87,2.0,0.98,8.0,0.0,0.6,0.3,3.6,5.3,7.0,5.3,2.0,3.6,8.0,0.0,0.6,0.3,1.8,30.9,45.7,24.9,6.0,23.0,8.0,0.2,0.6,0.4,-1.2,0.0,56.6,20.5,6.0,35.3,8.0,0.2,0.6,0.4,0.8,35.3,63.4,32.2,3.0,46.0,8.0,0.0,0.5,0.5,-6.0,0.0,41.7,17.4,3.0,38.1,8.0,0.0,0.5,0.5,-5.2,-2.0,1.3,-2.0,2.0,6.7,8.0,0.0,0.6,0.3,-3.3,-1.9,-0.6,-1.9,2.0,2.8,8.0,0.0,0.6,0.3,66.0,1259.5,2236.0,1337.0,7.0,1463.5,8.0,0.3,0.5,0.5,65.0,1260.0,2235.0,1335.0,7.0,1465.0,8.0,0.3,0.5,0.5
1974,2,198.0,52.0,3.21,4.0,4.29,3.65,10.0,1.08,14.0,0.4,0.6,0.4,-2.76,2.0,4.85,1.4,12.0,3.56,14.0,0.4,0.6,0.4,2.85,4.44,4.75,3.98,10.0,0.96,14.0,0.3,0.6,0.4,86.6,89.9,97.9,91.1,10.0,5.8,14.0,0.3,0.4,6.57,8.2,14.03,10.03,12.0,3.99,14.0,0.4,0.6,0.4,-4.46,4.39,7.67,2.6,12.0,5.95,14.0,0.4,0.6,0.4,-11.35,-3.83,5.79,-2.39,12.0,8.75,14.0,0.4,0.6,0.4,985.59,991.5,1009.83,997.0,12.0,12.43,14.0,0.4,0.6,0.4,8.0,8.0,8.0,7.9,11.0,0.3,14.0,0.5,0.7,0.5,-35.7,38.5,73.1,32.6,12.0,74.7,14.0,0.4,0.6,0.4,-159.9,-22.9,51.7,-31.9,12.0,120.2,14.0,0.4,0.6,0.4,-0.46,1.25,2.29,1.27,10.0,3.14,14.0,0.4,0.6,0.4,-2.3,8.8,19.0,16.5,10.0,51.3,14.0,0.4,0.6,0.4,0.44,0.75,1.38,0.94,9.0,0.71,14.0,0.3,0.7,0.4,4.0,5.3,11.7,10.9,9.0,13.2,14.0,0.3,0.7,0.4,-17.9,-5.8,13.7,-4.7,12.0,24.9,14.0,0.4,0.6,0.4,-21.3,5.1,46.0,8.8,12.0,36.8,14.0,0.4,0.6,0.4,-19.2,6.4,23.0,3.0,10.0,21.4,14.0,0.3,0.6,0.4,-27.9,-13.6,36.3,-1.6,10.0,37.1,14.0,0.3,0.6,0.4,-3.9,0.0,6.4,3.2,9.0,10.4,14.0,0.3,0.7,0.4,-9.4,-1.8,5.9,-3.4,9.0,13.3,14.0,0.3,0.7,0.4,285.0,557.5,2762.0,1474.5,12.0,1606.5,14.0,0.4,0.6,0.4,285.0,560.0,2760.0,1475.0,12.0,1605.0,14.0,0.4,0.6,0.4
1974,2,198.0,53.0,2.67,3.5,4.44,3.45,11.0,1.03,12.0,0.5,0.5,0.6,-0.12,2.5,4.0,1.94,11.0,2.53,10.0,0.4,0.5,0.6,3.05,3.62,4.92,3.94,10.0,0.96,10.0,0.4,0.5,0.5,75.8,96.5,100.0,89.9,10.0,13.7,10.0,0.4,0.5,7.0,13.4,15.6,12.02,13.0,5.37,12.0,0.5,0.6,0.5,-11.1,-2.59,4.37,-2.7,13.0,7.2,12.0,0.5,0.6,0.5,-12.79,-5.99,6.98,-4.28,13.0,10.28,12.0,0.5,0.6,0.5,991.4,1005.5,1012.79,1002.54,13.0,10.0,12.0,0.5,0.6,0.5,6.4,8.0,8.0,7.2,10.0,1.6,10.0,0.4,0.5,0.5,-161.0,-16.8,45.4,-38.7,13.0,109.2,12.0,0.5,0.6,0.5,-173.5,-65.5,61.0,-74.4,13.0,179.4,12.0,0.5,0.6,0.5,-0.17,1.7,4.22,1.73,10.0,2.5,10.0,0.4,0.5,0.5,-1.5,18.9,59.6,25.3,10.0,33.9,10.0,0.4,0.5,0.5,0.08,1.29,1.75,0.97,10.0,0.99,10.0,0.4,0.5,0.5,1.7,12.8,24.1,12.2,10.0,11.3,10.0,0.4,0.5,0.5,-25.6,2.3,12.3,-4.0,11.0,20.2,10.0,0.4,0.5,0.6,-13.7,-2.5,35.0,6.6,11.0,27.6,10.0,0.4,0.5,0.6,-39.4,-3.8,15.7,-11.5,10.0,32.1,10.0,0.4,0.5,0.5,-42.9,-30.5,33.6,-10.1,10.0,38.9,10.0,0.4,0.5,0.5,-13.4,-0.3,5.5,-2.4,10.0,10.5,10.0,0.4,0.5,0.5,-16.3,-3.8,3.4,-5.4,10.0,12.0,10.0,0.4,0.5,0.5,350.0,2406.0,3815.5,2736.5,13.0,3303.5,12.0,0.5,0.6,0.5,350.0,2405.0,3815.0,2735.0,13.0,3305.0,12.0,0.5,0.6,0.5
1974,2,198.0,54.0,3.0,3.4,4.81,3.79,16.0,1.44,16.0,0.4,0.5,0.3,-6.26,0.25,4.81,-0.49,16.0,5.1,16.0,0.3,0.5,0.3,2.86,3.39,5.09,3.79,11.0,1.2,14.0,0.4,0.5,0.3,79.2,85.8,96.9,86.6,11.0,10.6,14.0,0.4,0.3,7.63,12.3,18.0,13.49,17.0,6.45,16.0,0.4,0.5,0.3,-6.07,3.1,10.57,2.91,17.0,8.62,16.0,0.4,0.5,0.3,-14.03,-8.0,-3.21,-7.72,17.0,9.39,16.0,0.4,0.5,0.3,991.74,1008.6,1015.0,1005.18,18.0,11.45,16.0,0.3,0.5,0.3,4.0,7.0,8.0,5.8,16.0,2.1,16.0,0.3,0.5,0.3,-65.1,19.2,204.3,61.7,17.0,153.9,16.0,0.4,0.5,0.3,-252.6,-107.0,-22.1,-134.6,17.0,215.5,16.0,0.4,0.5,0.3,-0.94,3.4,9.79,3.52,14.0,4.71,14.0,0.4,0.5,0.3,-9.4,17.4,79.2,47.3,13.0,77.9,14.0,0.4,0.5,0.3,0.26,1.11,1.57,0.91,9.0,0.97,12.0,0.4,0.5,0.4,2.0,9.6,21.9,11.3,9.0,10.1,12.0,0.4,0.5,0.4,-57.4,0.0,8.9,-14.2,15.0,40.2,16.0,0.3,0.5,0.3,-19.7,3.6,81.3,32.9,15.0,59.0,16.0,0.3,0.5,0.3,-22.6,7.5,32.6,2.9,11.0,27.4,14.0,0.4,0.5,0.3,-41.6,-20.5,8.3,-15.7,11.0,33.2,14.0,0.4,0.5,0.3,-6.9,-0.1,12.3,1.8,9.0,10.8,12.0,0.4,0.5,0.4,-11.7,-6.0,2.7,-4.0,9.0,10.5,12.0,0.4,0.5,0.4,448.0,1861.0,5832.0,4183.5,17.0,5634.0,16.0,0.4,0.5,0.3,450.0,1860.0,5830.0,4185.0,17.0,5635.0,16.0,0.4,0.5,0.3
1974,2,198.0,55.0,,,,,,,,,,,,,,,,,,,,,,,,,,,,,,,,,,,,,,,,15.4,15.4,15.4,15.4,1.0,0.0,10.0,0.0,0.9,0.4,13.34,13.34,13.34,13.34,1.0,0.0,10.0,0.0,0.9,0.4,-7.7,-7.7,-7.7,-7.7,1.0,0.0,10.0,0.0,0.9,0.4,1011.1,1011.1,1011.1,1011.1,1.0,0.0,10.0,0.0,0.9,0.4,,,,,,,,,,,,,,,,,,,,,,,,,,,,,,,,,,,,,,,,,,,,,,,,,,,,,,,,,,,,,,,,,,,,,,,,,,,,,,,,,,,,,,,,,,,,,,,,,,,,,,,,,,,,,,,,,,,,,,,,,,,,,,,,,,,,,,,,,,,,,,,,,,,,,,
1974,2,198.0,58.0,,,,,,,,,,,,,,,,,,,,,,,,,,,,,,,,,,,,,,,,8.7,8.7,8.7,8.7,1.0,0.0,28.0,0.0,0.3,0.9,6.66,6.66,6.66,6.66,1.0,0.0,28.0,0.0,0.3,0.9,-5.59,-5.59,-5.59,-5.59,1.0,0.0,28.0,0.0,0.3,0.9,1024.0,1024.0,1024.0,1024.0,1.0,0.0,28.0,0.0,0.3,0.9,,,,,,,,,,,,,,,,,,,,,,,,,,,,,,,,,,,,,,,,,,,,,,,,,,,,,,,,,,,,,,,,,,,,,,,,,,,,,,,,,,,,,,,,,,,,,,,,,,,,,,,,,,,,,,,,,,,,,,,,,,,,,,,,,,,,,,,,,,,,,,,,,,,,,,
1974,2,198.0,75.0,,,,,,,,,,,,,,,,,,,,,,,,,,,,,,,,,,,,,,,,5.1,5.1,5.1,5.1,1.0,0.0,22.0,1.0,0.7,0.1,-4.79,-4.79,-4.79,-4.79,1.0,0.0,22.0,1.0,0.7,0.1,1.74,1.74,1.74,1.74,1.0,0.0,22.0,1.0,0.7,0.1,1030.2,1030.2,1030.2,1030.2,1.0,0.0,22.0,1.0,0.7,0.1,,,,,,,,,,,,,,,,,,,,,,,,,,,,,,,,,,,,,,,,,,,,,,,,,,,,,,,,,,,,,,,,,,,,,,,,,,,,,,,,,,,,,,,,,,,,,,,,,,,,,,,,,,,,,,,,,,,,,,,,,,,,,,,,,,,,,,,,,,,,,,,,,,,,,,
1974,2,199.0,-59.0,4.0,4.0,4.0,4.0,1.0,0.0,18.0,1.0,0.2,0.1,3.0,3.0,3.0,3.0,1.0,0.0,18.0,1.0,0.2,0.1,3.66,3.66,3.66,3.66,1.0,0.0,18.0,1.0,0.2,0.1,76.6,76.6,76.6,76.6,1.0,0.0,18.0,1.0,0.1,,,,,,,,,,,,,,,,,,,,,,,,,,,,,,,,,,,,,,,,,,,,,,,,,,,,,,,,,,,,,,,,,,,,,,,,,,,,,,,,,,,,,,,,,,,,,,,,,,,,,,,,,,,,,,,,,,,,,,,,,,,,,,,,,,,,,,,,,,,,,,,,,,,,,,,,,,,,,,,,,,,,,,,,,,,,,,,,,,,,,,,,,,,,,,
1974,2,199.0,-46.0,13.4,13.4,13.4,13.4,1.0,0.0,20.0,0.0,0.7,0.8,12.1,12.1,12.1,12.1,1.0,0.0,20.0,0.0,0.7,0.8,5.62,5.62,5.62,5.62,1.0,0.0,20.0,0.0,0.7,0.8,65.4,65.4,65.4,65.4,1.0,0.0,20.0,0.0,0.8,0.0,0.0,0.0,0.0,1.0,0.0,20.0,0.0,0.7,0.8,0.0,0.0,0.0,0.0,1.0,0.0,20.0,0.0,0.7,0.8,0.0,0.0,0.0,0.0,1.0,0.0,20.0,0.0,0.7,0.8,1028.2,1028.2,1028.2,1028.2,1.0,0.0,20.0,0.0,0.7,0.8,8.0,8.0,8.0,8.0,1.0,0.0,20.0,0.0,0.7,0.8,0.0,0.0,0.0,0.0,1.0,0.0,20.0,0.0,0.7,0.8,0.0,0.0,0.0,0.0,1.0,0.0,20.0,0.0,0.7,0.8,1.3,1.3,1.3,1.3,1.0,0.0,20.0,0.0,0.7,0.8,0.0,0.0,0.0,0.0,1.0,0.0,20.0,0.0,0.7,0.8,3.77,3.77,3.77,3.77,1.0,0.0,20.0,0.0,0.7,0.8,0.0,0.0,0.0,0.0,1.0,0.0,20.0,0.0,0.7,0.8,0.0,0.0,0.0,0.0,1.0,0.0,20.0,0.0,0.7,0.8,0.0,0.0,0.0,0.0,1.0,0.0,20.0,0.0,0.7,0.8,0.0,0.0,0.0,0.0,1.0,0.0,20.0,0.0,0.7,0.8,0.0,0.0,0.0,0.0,1.0,0.0,20.0,0.0,0.7,0.8,0.0,0.0,0.0,0.0,1.0,0.0,20.0,0.0,0.7,0.8,0.0,0.0,0.0,0.0,1.0,0.0,20.0,0.0,0.7,0.8,0.0,0.0,0.0,0.0,1.0,0.0,20.0,0.0,0.7,0.8,0.0,0.0,0.0,0.0,1.0,0.0,20.0,0.0,0.7,0.8
1974,2,199.0,-42.0,16.56,16.7,16.77,16.67,3.0,0.15,16.0,0.3,0.6,0.6,16.03,16.3,16.91,16.47,3.0,0.67,16.0,0.3,0.6,0.6,8.41,9.99,11.26,9.84,3.0,2.1,16.0,0.3,0.6,0.6,75.3,87.9,94.9,85.1,3.0,14.6,16.0,0.3,0.6,3.26,3.6,5.37,4.3,3.0,1.66,16.0,0.3,0.6,0.6,-1.54,1.8,4.74,1.6,3.0,4.61,16.0,0.3,0.6,0.6,-2.47,-1.08,-0.34,-1.4,3.0,1.58,16.0,0.3,0.6,0.6,1022.52,1024.5,1024.64,1023.6,3.0,1.73,16.0,0.3,0.6,0.6,8.0,8.0,8.0,8.0,2.0,0.0,18.0,0.5,0.7,0.7,-4.5,6.5,27.9,11.6,3.0,24.1,16.0,0.3,0.6,0.6,-9.8,-6.7,-2.1,-6.0,3.0,5.6,16.0,0.3,0.6,0.6,-0.21,0.2,0.61,0.2,3.0,0.6,16.0,0.3,0.6,0.6,-0.6,1.2,2.1,0.8,3.0,2.0,16.0,0.3,0.6,0.6,0.43,1.53,3.21,1.82,3.0,2.05,16.0,0.3,0.6,0.6,2.8,9.5,11.5,7.2,3.0,6.6,16.0,0.3,0.6,0.6,-23.8,31.0,77.8,27.1,3.0,74.5,16.0,0.3,0.6,0.6,-42.2,-17.5,-5.6,-23.7,3.0,27.3,16.0,0.3,0.6,0.6,-9.5,21.3,48.4,19.5,3.0,42.4,16.0,0.3,0.6,0.6,-28.6,-10.8,-3.4,-15.9,3.0,19.0,16.0,0.3,0.6,0.6,-8.5,-0.1,6.3,-1.1,3.0,10.9,16.0,0.3,0.6,0.6,-1.1,0.0,0.2,-0.5,3.0,1.0,16.0,0.3,0.6,0.6,35.0,46.5,177.5,105.0,3.0,116.0,16.0,0.3,0.6,0.6,35.0,45.0,175.0,105.0,3.0,115.0,16.0,0.3,0.6,0.6
1974,2,199.0,-39.0,19.4,19.4,19.4,19.4,1.0,0.0,26.0,1.0,0.3,0.7,17.1,17.1,17.1,17.1,1.0,0.0,26.0,1.0,0.3,0.7,9.12,9.12,9.12,9.12,1.0,0.0,26.0,1.0,0.3,0.7,76.3,76.3,76.3,76.3,1.0,0.0,26.0,1.0,0.7,10.3,10.3,10.3,10.3,1.0,0.0,26.0,1.0,0.3,0.7,-10.14,-10.14,-10.14,-10.14,1.0,0.0,26.0,1.0,0.3,0.7,1.79,1.79,1.79,1.79,1.0,0.0,26.0,1.0,0.3,0.7,1024.3,1024.3,1024.3,1024.3,1.0,0.0,26.0,1.0,0.3,0.7,6.0,6.0,6.0,6.0,1.0,0.0,26.0,1.0,0.3,0.7,-104.5,-104.5,-104.5,-104.5,1.0,0.0,26.0,1.0,0.3,0.7,18.4,18.4,18.4,18.4,1.0,0.0,26.0,1.0,0.3,0.7,2.3,2.3,2.3,2.3,1.0,0.0,26.0,1.0,0.3,0.7,23.7,23.7,23.7,23.7,1.0,0.0,26.0,1.0,0.3,0.7,4.73,4.73,4.73,4.73,1.0,0.0,26.0,1.0,0.3,0.7,48.7,48.7,48.7,48.7,1.0,0.0,26.0,1.0,0.3,0.7,-173.5,-173.5,-173.5,-173.5,1.0,0.0,26.0,1.0,0.3,0.7,30.6,30.6,30.6,30.6,1.0,0.0,26.0,1.0,0.3,0.7,-92.5,-92.5,-92.5,-92.5,1.0,0.0,26.0,1.0,0.3,0.7,16.3,16.3,16.3,16.3,1.0,0.0,26.0,1.0,0.3,0.7,-48.0,-48.0,-48.0,-48.0,1.0,0.0,26.0,1.0,0.3,0.7,8.5,8.5,8.5,8.5,1.0,0.0,26.0,1.0,0.3,0.7,1092.5,1092.5,1092.5,1092.5,1.0,0.0,26.0,1.0,0.3,0.7,1095.0,1095.0,1095.0,1095.0,1.0,0.0,26.0,1.0,0.3,0.7
1974,2,199.0,-38.0,20.9,20.9,20.9,20.9,1.0,0.0,14.0,1.0,0.5,0.4,19.2,19.2,19.2,19.2,1.0,0.0,14.0,1.0,0.5,0.4,10.91,10.91,10.91,10.91,1.0,0.0,14.0,1.0,0.5,0.4,80.2,80.2,80.2,80.2,1.0,0.0,14.0,1.0,0.4,4.6,4.6,4.6,4.6,1.0,0.0,14.0,1.0,0.5,0.4,-4.6,-4.6,-4.6,-4.6,1.0,0.0,14.0,1.0,0.5,0.4,0.0,0.0,0.0,0.0,1.0,0.0,14.0,1.0,0.5,0.4,1028.0,1028.0,1028.0,1028.0,1.0,0.0,14.0,1.0,0.5,0.4,8.0,8.0,8.0,8.0,1.0,0.0,14.0,1.0,0.5,0.4,-21.2,-21.2,-21.2,-21.2,1.0,0.0,14.0,1.0,0.5,0.4,0.0,0.0,0.0,0.0,1.0,0.0,14.0,1.0,0.5,0.4,1.7,1.7,1.7,1.7,1.0,0.0,14.0,1.0,0.5,0.4,7.8,7.8,7.8,7.8,1.0,0.0,14.0,1.0,0.5,0.4,4.25,4.25,4.25,4.25,1.0,0.0,14.0,1.0,0.5,0.4,19.6,19.6,19.6,19.6,1.0,0.0,14.0,1.0,0.5,0.4,-88.3,-88.3,-88.3,-88.3,1.0,0.0,14.0,1.0,0.5,0.4,0.0,0.0,0.0,0.0,1.0,0.0,14.0,1.0,0.5,0.4,-50.2,-50.2,-50.2,-50.2,1.0,0.0,14.0,1.0,0.5,0.4,0.0,0.0,0.0,0.0,1.0,0.0,14.0,1.0,0.5,0.4,-19.6,-19.6,-19.6,-19.6,1.0,0.0,14.0,1.0,0.5,0.4,0.0,0.0,0.0,0.0,1.0,0.0,14.0,1.0,0.5,0.4,97.5,97.5,97.5,97.5,1.0,0.0,14.0,1.0,0.5,0.4,95.0,95.0,95.0,95.0,1.0,0.0,14.0,1.0,0.5,0.4
1974,2,199.0,-35.0,21.03,21.1,21.92,21.47,3.0,0.72,16.0,0.7,0.5,0.5,20.09,20.7,21.04,20.57,3.0,0.71,16.0,0.7,0.5,0.5,6.67,8.68,10.18,8.43,3.0,2.58,16.0,0.7,0.5,0.5,45.4,60.7,67.3,56.5,3.0,16.5,16.0,0.7,0.5,1.63,3.0,9.35,5.43,3.0,6.03,16.0,0.7,0.5,0.5,-1.63,-1.0,2.55,0.43,3.0,3.31,16.0,0.7,0.5,0.5,0.73,2.3,8.62,4.62,3.0,6.12,16.0,0.7,0.5,0.5,1016.39,1021.1,1022.74,1019.6,3.0,4.83,16.0,0.7,0.5,0.5,3.6,5.0,7.0,5.3,3.0,2.5,16.0,0.7,0.5,0.5,-4.3,-1.0,35.0,15.0,3.0,31.9,16.0,0.7,0.5,0.5,2.2,6.9,99.2,49.7,3.0,80.2,16.0,0.7,0.5,0.5,0.55,1.1,1.24,0.9,3.0,0.53,16.0,0.7,0.5,0.5,1.0,1.1,11.3,6.0,3.0,8.7,16.0,0.7,0.5,0.5,6.08,6.88,8.75,7.4,3.0,2.0,16.0,0.7,0.5,0.5,13.1,28.8,66.9,39.7,3.0,40.5,16.0,0.7,0.5,0.5,-34.0,-21.2,50.1,7.4,3.0,66.4,16.0,0.7,0.5,0.5,15.1,47.6,171.3,92.1,3.0,120.8,16.0,0.7,0.5,0.5,-11.0,-10.9,21.5,4.9,3.0,27.4,16.0,0.7,0.5,0.5,4.2,13.2,72.7,37.8,3.0,54.5,16.0,0.7,0.5,0.5,-14.5,-5.7,17.9,1.6,3.0,24.6,16.0,0.7,0.5,0.5,7.0,22.1,61.3,33.9,3.0,41.0,16.0,0.7,0.5,0.5,9.5,27.0,1279.0,629.5,3.0,1066.5,16.0,0.7,0.5,0.5,10.0,25.0,1280.0,630.0,3.0,1065.0,16.0,0.7,0.5,0.5
1974,2,199.0,-34.0,22.99,23.4,23.81,23.4,2.0,0.85,20.0,1.0,0.5,0.4,23.57,24.15,24.73,24.15,2.0,1.2,20.0,1.0,0.5,0.4,15.23,15.33,15.43,15.33,2.0,0.2,20.0,1.0,0.5,0.4,79.0,82.2,85.4,82.2,2.0,6.6,20.0,1.0,0.4,6.07,10.3,11.67,8.9,3.0,4.28,18.0,1.0,0.4,0.4,-9.1,-2.64,-0.84,-4.92,3.0,6.37,18.0,1.0,0.4,0.4,-6.35,2.14,2.82,-1.67,3.0,7.49,18.0,1.0,0.4,0.4,1014.53,1016.75,1018.97,1016.75,2.0,4.6,20.0,1.0,0.5,0.4,6.0,6.0,7.4,6.7,3.0,1.2,18.0,1.0,0.4,0.4,-105.1,-10.8,-3.4,-53.3,3.0,83.1,18.0,1.0,0.4,0.4,-68.3,12.9,22.0,-22.3,3.0,72.9,18.0,1.0,0.4,0.4,-0.92,-0.75,-0.58,-0.75,2.0,0.35,20.0,1.0,0.5,0.4,-5.0,-4.6,-4.3,-4.6,2.0,0.7,20.0,1.0,0.5,0.4,2.05,2.56,3.07,2.56,2.0,1.05,20.0,1.0,0.5,0.4,14.4,16.1,17.9,16.1,2.0,3.7,20.0,1.0,0.5,0.4,-55.4,-32.9,-10.5,-32.9,2.0,46.6,20.0,1.0,0.5,0.4,-189.4,-80.7,28.0,-80.7,2.0,225.2,20.0,1.0,0.5,0.4,-33.7,-20.0,-6.3,-20.0,2.0,28.3,20.0,1.0,0.5,0.4,-126.5,-55.8,14.8,-55.8,2.0,146.4,20.0,1.0,0.5,0.4,-7.3,-4.4,-1.4,-4.4,2.0,6.2,20.0,1.0,0.5,0.4,-14.1,-4.2,5.8,-4.2,2.0,20.6,20.0,1.0,0.5,0.4,394.0,1092.5,1617.0,1007.5,3.0,899.0,18.0,1.0,0.4,0.4,395.0,1095.0,1615.0,1010.0,3.0,900.0,18.0,1.0,0.4,0.4
1974,2,199.0,-32.0,,,,,,,,,,,,,,,,,,,,,,,,,,,,,,,,,,,,,,,,4.16,6.45,8.74,6.45,2.0,4.74,16.0,0.5,0.5,0.6,-3.64,-0.92,1.79,-0.92,2.0,5.62,16.0,0.5,0.5,0.6,0.89,3.97,7.05,3.97,2.0,6.38,16.0,0.5,0.5,0.6,1013.71,1014.6,1015.49,1014.6,2.0,1.84,16.0,0.5,0.5,0.6,5.5,6.5,7.5,6.5,2.0,2.1,16.0,0.5,0.5,0.6,-38.9,-19.3,0.3,-19.3,2.0,40.6,16.0,0.5,0.5,0.6,11.8,40.8,69.7,40.8,2.0,60.0,16.0,0.5,0.5,0.6,,,,,,,,,,,,,,,,,,,,,,,,,,,,,,,,,,,,,,,,,-85.6,-20.9,43.8,-20.9,2.0,134.0,16.0,0.5,0.5,0.6,20.8,93.6,166.4,93.6,2.0,150.8,16.0,0.5,0.5,0.6,-58.0,-15.1,27.9,-15.1,2.0,89.0,16.0,0.5,0.5,0.6,14.3,63.3,112.3,63.3,2.0,101.5,16.0,0.5,0.5,0.6,,,,,,,,,,,,,,,,,,,,,,,,,,,,,,,,,,,,,,,,
1974,2,199.0,-22.0,30.0,30.0,30.0,30.0,1.0,0.0,28.0,0.0,0.8,0.7,27.6,27.6,27.6,27.6,1.0,0.0,28.0,0.0,0.8,0.7,15.92,15.92,15.92,15.92,1.0,0.0,28.0,0.0,0.8,0.7,69.4,69.4,69.4,69.4,1.0,0.0,28.0,0.0,0.7,2.1,2.1,2.1,2.1,1.0,0.0,28.0,0.0,0.8,0.7,-1.61,-1.61,-1.61,-1.61,1.0,0.0,28.0,0.0,0.8,0.7,-1.35,-1.35,-1.35,-1.35,1.0,0.0,28.0,0.0,0.8,0.7,1015.6,1015.6,1015.6,1015.6,1.0,0.0,28.0,0.0,0.8,0.7,8.0,8.0,8.0,8.0,1.0,0.0,28.0,0.0,0.8,0.7,-3.4,-3.4,-3.4,-3.4,1.0,0.0,28.0,0.0,0.8,0.7,-2.8,-2.8,-2.8,-2.8,1.0,0.0,28.0,0.0,0.8,0.7,2.4,2.4,2.4,2.4,1.0,0.0,28.0,0.0,0.8,0.7,5.0,5.0,5.0,5.0,1.0,0.0,28.0,0.0,0.8,0.7,10.63,10.63,10.63,10.63,1.0,0.0,28.0,0.0,0.8,0.7,22.3,22.3,22.3,22.3,1.0,0.0,28.0,0.0,0.8,0.7,-44.4,-44.4,-44.4,-44.4,1.0,0.0,28.0,0.0,0.8,0.7,-37.3,-37.3,-37.3,-37.3,1.0,0.0,28.0,0.0,0.8,0.7,-25.6,-25.6,-25.6,-25.6,1.0,0.0,28.0,0.0,0.8,0.7,-21.5,-21.5,-21.5,-21.5,1.0,0.0,28.0,0.0,0.8,0.7,-17.1,-17.1,-17.1,-17.1,1.0,0.0,28.0,0.0,0.8,0.7,-14.3,-14.3,-14.3,-14.3,1.0,0.0,28.0,0.0,0.8,0.7,9.5,9.5,9.5,9.5,1.0,0.0,28.0,0.0,0.8,0.7,10.0,10.0,10.0,10.0,1.0,0.0,28.0,0.0,0.8,0.7
1974,2,199.0,-21.0,,,,,,,,,,,,,,,,,,,,,,,,,,,,,,,,,,,,,,,,7.0,7.0,7.0,7.0,1.0,0.0,28.0,1.0,0.4,0.5,-4.5,-4.5,-4.5,-4.5,1.0,0.0,28.0,1.0,0.4,0.5,5.36,5.36,5.36,5.36,1.0,0.0,28.0,1.0,0.4,0.5,1016.7,1016.7,1016.7,1016.7,1.0,0.0,28.0,1.0,0.4,0.5,7.0,7.0,7.0,7.0,1.0,0.0,28.0,1.0,0.4,0.5,-31.5,-31.5,-31.5,-31.5,1.0,0.0,28.0,1.0,0.4,0.5,37.5,37.5,37.5,37.5,1.0,0.0,28.0,1.0,0.4,0.5,,,,,,,,,,,,,,,,,,,,,,,,,,,,,,,,,,,,,,,,,-117.0,-117.0,-117.0,-117.0,1.0,0.0,28.0,1.0,0.4,0.5,139.4,139.4,139.4,139.4,1.0,0.0,28.0,1.0,0.4,0.5,-73.8,-73.8,-73.8,-73.8,1.0,0.0,28.0,1.0,0.4,0.5,88.0,88.0,88.0,88.0,1.0,0.0,28.0,1.0,0.4,0.5,,,,,,,,,,,,,,,,,,,,,,,,,,,,,,,,,,,,,,,,
1974,2,199.0,-20.0,27.45,28.0,28.07,27.77,3.0,0.49,26.0,0.0,0.7,0.7,27.26,27.4,27.74,27.5,3.0,0.36,26.0,0.0,0.7,0.7,17.27,17.86,18.24,17.76,3.0,0.71,26.0,0.0,0.7,0.7,75.8,78.4,79.0,77.4,3.0,2.5,26.0,0.0,0.7,2.58,3.6,3.94,3.27,3.0,1.04,26.0,0.0,0.7,0.7,-3.88,-3.55,-2.56,-3.23,3.0,1.01,26.0,0.0,0.7,0.7,0.2,0.63,0.68,0.45,3.0,0.39,26.0,0.0,0.7,0.7,1011.56,1011.7,1011.9,1011.73,3.0,0.25,26.0,0.0,0.7,0.7,3.0,3.0,4.4,3.7,3.0,1.2,26.0,0.0,0.7,0.7,-15.4,-12.8,-7.1,-11.2,3.0,6.2,26.0,0.0,0.7,0.7,0.7,2.3,2.7,1.7,3.0,1.5,26.0,0.0,0.7,0.7,-0.1,0.1,0.65,0.27,3.0,0.57,26.0,0.0,0.7,0.7,-0.2,0.4,2.3,1.1,3.0,1.9,26.0,0.0,0.7,0.7,5.38,5.59,5.85,5.62,3.0,0.35,26.0,0.0,0.7,0.7,14.8,21.5,21.6,18.3,3.0,5.7,26.0,0.0,0.7,0.7,-107.5,-96.4,-69.9,-88.9,3.0,28.3,26.0,0.0,0.7,0.7,5.4,17.0,19.0,12.3,3.0,10.7,26.0,0.0,0.7,0.7,-70.8,-63.3,-44.5,-57.8,3.0,19.9,26.0,0.0,0.7,0.7,3.5,11.2,12.5,8.1,3.0,7.1,26.0,0.0,0.7,0.7,-21.3,-21.2,-14.7,-18.1,3.0,5.5,26.0,0.0,0.7,0.7,1.2,3.7,3.8,2.5,3.0,2.2,26.0,0.0,0.7,0.7,21.0,46.5,62.0,41.5,3.0,30.0,26.0,0.0,0.7,0.7,20.0,45.0,60.0,40.0,3.0,30.0,26.0,0.0,0.7,0.7
1974,2,199.0,-19.0,27.92,27.95,27.98,27.95,2.0,0.07,16.0,0.0,0.4,0.4,25.82,26.5,27.18,26.5,2.0,1.41,16.0,0.0,0.4,0.4,16.97,17.73,18.49,17.73,2.0,1.58,16.0,0.0,0.4,0.4,81.6,81.9,82.1,81.9,2.0,0.5,16.0,0.0,0.4,2.22,4.85,7.48,4.85,2.0,5.44,16.0,0.0,0.4,0.4,-6.18,-3.27,-0.37,-3.27,2.0,6.02,16.0,0.0,0.4,0.4,0.54,2.09,3.63,2.09,2.0,3.2,16.0,0.0,0.4,0.4,1010.41,1011.3,1012.19,1011.3,2.0,1.84,16.0,0.0,0.4,0.4,0.6,2.0,3.4,2.0,2.0,2.8,16.0,0.0,0.4,0.4,-55.0,-32.3,-9.6,-32.3,2.0,47.0,16.0,0.0,0.4,0.4,5.9,18.8,31.8,18.8,2.0,26.9,16.0,0.0,0.4,0.4,0.73,1.45,2.17,1.45,2.0,1.48,16.0,0.0,0.4,0.4,2.7,3.0,3.3,3.0,2.0,0.7,16.0,0.0,0.4,0.4,5.07,5.9,6.73,5.9,2.0,1.72,16.0,0.0,0.4,0.4,12.5,23.9,35.4,23.9,2.0,23.8,16.0,0.0,0.4,0.4,-170.3,-91.0,-11.8,-91.0,2.0,164.3,16.0,0.0,0.4,0.4,15.3,57.6,99.9,57.6,2.0,87.7,16.0,0.0,0.4,0.4,-116.9,-62.8,-8.8,-62.8,2.0,112.0,16.0,0.0,0.4,0.4,10.6,39.6,68.5,39.6,2.0,60.0,16.0,0.0,0.4,0.4,-28.6,-14.1,0.3,-14.1,2.0,29.9,16.0,0.0,0.4,0.4,2.2,9.6,17.0,9.6,2.0,15.3,16.0,0.0,0.4,0.4,105.5,330.0,554.0,330.0,2.0,465.0,16.0,0.0,0.4,0.4,105.0,330.0,555.0,330.0,2.0,465.0,16.0,0.0,0.4,0.4
1974,2,199.0,-18.0,27.66,27.8,27.94,27.8,2.0,0.28,16.0,1.0,0.6,0.6,28.34,28.65,28.96,28.65,2.0,0.64,16.0,1.0,0.6,0.6,16.79,17.4,18.02,17.4,2.0,1.27,16.0,1.0,0.6,0.6,69.7,70.9,72.1,70.9,2.0,2.5,16.0,1.0,0.6,2.75,4.15,5.55,4.15,2.0,2.9,16.0,1.0,0.6,0.6,-5.02,-3.27,-1.53,-3.27,2.0,3.61,16.0,1.0,0.6,0.6,-2.1,-2.05,-2.0,-2.05,2.0,0.1,16.0,1.0,0.6,0.6,1011.0,1011.2,1011.4,1011.2,2.0,0.42,16.0,1.0,0.6,0.6,2.6,4.0,5.4,4.0,2.0,2.8,16.0,1.0,0.6,0.6,-30.6,-18.8,-7.0,-18.8,2.0,24.5,16.0,1.0,0.6,0.6,-11.7,-8.6,-5.6,-8.6,2.0,6.4,16.0,1.0,0.6,0.6,-1.02,-0.85,-0.68,-0.85,2.0,0.35,16.0,1.0,0.6,0.6,-5.9,-4.0,-2.1,-4.0,2.0,3.9,16.0,1.0,0.6,0.6,5.6,6.03,6.46,6.03,2.0,0.89,16.0,1.0,0.6,0.6,17.1,23.7,30.4,23.7,2.0,13.8,16.0,1.0,0.6,0.6,-145.8,-94.9,-43.9,-94.9,2.0,105.6,16.0,1.0,0.6,0.6,-60.7,-58.7,-56.6,-58.7,2.0,4.3,16.0,1.0,0.6,0.6,-91.6,-59.2,-26.9,-59.2,2.0,67.0,16.0,1.0,0.6,0.6,-37.8,-35.7,-33.6,-35.7,2.0,4.4,16.0,1.0,0.6,0.6,-27.2,-18.1,-9.0,-18.1,2.0,18.8,16.0,1.0,0.6,0.6,-12.9,-12.3,-11.7,-12.3,2.0,1.2,16.0,1.0,0.6,0.6,45.5,124.0,202.0,124.0,2.0,162.0,16.0,1.0,0.6,0.6,45.0,125.0,200.0,125.0,2.0,160.0,16.0,1.0,0.6,0.6
1974,2,199.0,-17.0,27.46,27.6,27.87,27.67,3.0,0.31,10.0,0.7,0.8,0.5,27.23,27.3,27.71,27.47,3.0,0.38,10.0,0.7,0.8,0.5,18.4,18.61,21.06,19.7,3.0,2.17,10.0,0.7,0.8,0.5,79.9,81.2,92.4,86.1,3.0,10.1,10.0,0.7,0.5,3.08,4.1,5.87,4.47,3.0,2.07,10.0,0.7,0.8,0.5,-4.19,-0.71,0.38,-1.88,3.0,3.49,10.0,0.7,0.8,0.5,-3.82,-3.35,-2.73,-3.28,3.0,0.8,10.0,0.7,0.8,0.5,1011.46,1011.8,1012.55,1012.0,3.0,0.82,10.0,0.7,0.8,0.5,3.3,4.0,5.4,4.3,3.0,1.5,10.0,0.7,0.8,0.5,-27.5,-2.9,0.7,-13.2,3.0,22.4,10.0,0.7,0.8,0.5,-20.6,-16.6,-9.6,-15.1,3.0,8.1,10.0,0.7,0.8,0.5,-0.14,0.2,0.54,0.2,3.0,0.5,10.0,0.7,0.8,0.5,-0.3,0.8,3.5,1.6,3.0,2.8,10.0,0.7,0.8,0.5,2.45,4.5,4.54,3.52,3.0,1.75,10.0,0.7,0.8,0.5,10.6,11.7,16.5,13.5,3.0,4.6,10.0,0.7,0.8,0.5,-114.3,-19.4,10.8,-51.0,3.0,95.6,10.0,0.7,0.8,0.5,-104.0,-91.5,-75.6,-89.8,3.0,20.9,10.0,0.7,0.8,0.5,-92.1,-13.0,7.2,-41.8,3.0,76.8,10.0,0.7,0.8,0.5,-74.2,-73.9,-54.5,-64.6,3.0,16.5,10.0,0.7,0.8,0.5,-7.0,-3.3,1.7,-2.7,3.0,6.4,10.0,0.7,0.8,0.5,-16.1,-11.0,-6.9,-11.5,3.0,6.7,10.0,0.7,0.8,0.5,34.0,69.0,227.0,129.0,3.0,151.0,10.0,0.7,0.8,0.5,35.0,70.0,225.0,130.0,3.0,150.0,10.0,0.7,0.8,0.5
1974,2,199.0,-16.0,29.4,29.4,29.4,29.4,1.0,0.0,6.0,0.0,0.2,0.1,27.7,27.7,27.7,27.7,1.0,0.0,6.0,0.0,0.2,0.1,17.55,17.55,17.55,17.55,1.0,0.0,6.0,0.0,0.2,0.1,75.6,75.6,75.6,75.6,1.0,0.0,6.0,0.0,0.1,7.7,7.7,7.7,7.7,1.0,0.0,6.0,0.0,0.2,0.1,-7.7,-7.7,-7.7,-7.7,1.0,0.0,6.0,0.0,0.2,0.1,0.0,0.0,0.0,0.0,1.0,0.0,6.0,0.0,0.2,0.1,1010.7,1010.7,1010.7,1010.7,1.0,0.0,6.0,0.0,0.2,0.1,2.0,2.0,2.0,2.0,1.0,0.0,6.0,0.0,0.2,0.1,-59.3,-59.3,-59.3,-59.3,1.0,0.0,6.0,0.0,0.2,0.1,0.0,0.0,0.0,0.0,1.0,0.0,6.0,0.0,0.2,0.1,1.7,1.7,1.7,1.7,1.0,0.0,6.0,0.0,0.2,0.1,13.1,13.1,13.1,13.1,1.0,0.0,6.0,0.0,0.2,0.1,8.21,8.21,8.21,8.21,1.0,0.0,6.0,0.0,0.2,0.1,63.2,63.2,63.2,63.2,1.0,0.0,6.0,0.0,0.2,0.1,-213.3,-213.3,-213.3,-213.3,1.0,0.0,6.0,0.0,0.2,0.1,0.0,0.0,0.0,0.0,1.0,0.0,6.0,0.0,0.2,0.1,-135.1,-135.1,-135.1,-135.1,1.0,0.0,6.0,0.0,0.2,0.1,0.0,0.0,0.0,0.0,1.0,0.0,6.0,0.0,0.2,0.1,-63.2,-63.2,-63.2,-63.2,1.0,0.0,6.0,0.0,0.2,0.1,0.0,0.0,0.0,0.0,1.0,0.0,6.0,0.0,0.2,0.1,456.5,456.5,456.5,456.5,1.0,0.0,6.0,0.0,0.2,0.1,455.0,455.0,455.0,455.0,1.0,0.0,6.0,0.0,0.2,0.1
1974,2,199.0,-13.0,27.98,28.15,28.32,28.15,2.0,0.35,18.0,0.5,0.9,0.7,25.43,26.35,27.27,26.35,2.0,1.91,18.0,0.5,0.9,0.7,18.04,18.63,19.22,18.63,2.0,1.22,18.0,0.5,0.9,0.7,80.0,87.4,94.8,87.4,2.0,15.4,18.0,0.5,0.7,5.09,6.15,7.21,6.15,2.0,2.19,18.0,0.5,0.9,0.7,-6.77,-5.78,-4.78,-5.78,2.0,2.06,18.0,0.5,0.9,0.7,-1.97,-0.53,0.91,-0.53,2.0,2.97,18.0,0.5,0.9,0.7,1009.59,1010.0,1010.41,1010.0,2.0,0.85,18.0,0.5,0.9,0.7,3.8,5.5,7.2,5.5,2.0,3.5,18.0,0.5,0.9,0.7,-50.0,-37.8,-25.6,-37.8,2.0,25.3,18.0,0.5,0.9,0.7,-15.9,-6.5,2.9,-6.5,2.0,19.5,18.0,0.5,0.9,0.7,1.05,1.8,2.55,1.8,2.0,1.56,18.0,0.5,0.9,0.7,6.3,12.8,19.3,12.8,2.0,13.5,18.0,0.5,0.9,0.7,4.5,5.32,6.14,5.32,2.0,1.7,18.0,0.5,0.9,0.7,30.3,30.9,31.4,30.9,2.0,1.2,18.0,0.5,0.9,0.7,-171.2,-150.3,-129.4,-150.3,2.0,43.2,18.0,0.5,0.9,0.7,-48.5,-11.1,26.2,-11.1,2.0,77.4,18.0,0.5,0.9,0.7,-130.8,-108.9,-87.0,-108.9,2.0,45.4,18.0,0.5,0.9,0.7,-38.7,-11.7,15.4,-11.7,2.0,56.1,18.0,0.5,0.9,0.7,-29.5,-29.0,-28.4,-29.0,2.0,1.1,18.0,0.5,0.9,0.7,-7.5,-0.3,6.9,-0.3,2.0,14.9,18.0,0.5,0.9,0.7,154.5,277.0,399.5,277.0,2.0,254.0,18.0,0.5,0.9,0.7,155.0,275.0,400.0,275.0,2.0,255.0,18.0,0.5,0.9,0.7
1974,2,199.0,-9.0,,,,,,,,,,,,,,,,,,,,,,,,,,,,,,,,,,,,,,,,6.2,6.2,6.2,6.2,1.0,0.0,20.0,1.0,0.4,0.6,-3.1,-3.1,-3.1,-3.1,1.0,0.0,20.0,1.0,0.4,0.6,-5.37,-5.37,-5.37,-5.37,1.0,0.0,20.0,1.0,0.4,0.6,1003.9,1003.9,1003.9,1003.9,1.0,0.0,20.0,1.0,0.4,0.6,,,,,,,,,,,,,,,,,,,,,,,,,,,,,,,,,,,,,,,,,,,,,,,,,,,,,,,,,,,,,,,,,,,,,,,,,,,,,,,,,,,,,,,,,,,,,,,,,,,,,,,,,,,,,,,,,,,,,,,,,,,,,,,,,,,,,,,,,,,,,,,,,,,,,,
1974,2,199.0,-5.0,26.7,26.7,26.7,26.7,1.0,0.0,12.0,0.0,0.1,0.8,26.3,26.3,26.3,26.3,1.0,0.0,12.0,0.0,0.1,0.8,16.15,16.15,16.15,16.15,1.0,0.0,12.0,0.0,0.1,0.8,75.4,75.4,75.4,75.4,1.0,0.0,12.0,0.0,0.8,9.3,9.3,9.3,9.3,1.0,0.0,12.0,0.0,0.1,0.8,-9.16,-9.16,-9.16,-9.16,1.0,0.0,12.0,0.0,0.1,0.8,-1.61,-1.61,-1.61,-1.61,1.0,0.0,12.0,0.0,0.1,0.8,1008.0,1008.0,1008.0,1008.0,1.0,0.0,12.0,0.0,0.1,0.8,1.0,1.0,1.0,1.0,1.0,0.0,12.0,0.0,0.1,0.8,-85.2,-85.2,-85.2,-85.2,1.0,0.0,12.0,0.0,0.1,0.8,-15.0,-15.0,-15.0,-15.0,1.0,0.0,12.0,0.0,0.1,0.8,0.4,0.4,0.4,0.4,1.0,0.0,12.0,0.0,0.1,0.8,3.7,3.7,3.7,3.7,1.0,0.0,12.0,0.0,0.1,0.8,5.87,5.87,5.87,5.87,1.0,0.0,12.0,0.0,0.1,0.8,54.6,54.6,54.6,54.6,1.0,0.0,12.0,0.0,0.1,0.8,-240.9,-240.9,-240.9,-240.9,1.0,0.0,12.0,0.0,0.1,0.8,-42.5,-42.5,-42.5,-42.5,1.0,0.0,12.0,0.0,0.1,0.8,-147.9,-147.9,-147.9,-147.9,1.0,0.0,12.0,0.0,0.1,0.8,-26.1,-26.1,-26.1,-26.1,1.0,0.0,12.0,0.0,0.1,0.8,-53.7,-53.7,-53.7,-53.7,1.0,0.0,12.0,0.0,0.1,0.8,-9.5,-9.5,-9.5,-9.5,1.0,0.0,12.0,0.0,0.1,0.8,804.5,804.5,804.5,804.5,1.0,0.0,12.0,0.0,0.1,0.8,805.0,805.0,805.0,805.0,1.0,0.0,12.0,0.0,0.1,0.8
1974,2,199.0,-4.0,26.1,26.1,26.1,26.1,1.0,0.0,12.0,1.0,1.0,1.0,24.4,24.4,24.4,24.4,1.0,0.0,12.0,1.0,1.0,1.0,15.16,15.16,15.16,15.16,1.0,0.0,12.0,1.0,1.0,1.0,79.4,79.4,79.4,79.4,1.0,0.0,12.0,1.0,1.0,7.7,7.7,7.7,7.7,1.0,0.0,12.0,1.0,1.0,1.0,-7.24,-7.24,-7.24,-7.24,1.0,0.0,12.0,1.0,1.0,1.0,-2.63,-2.63,-2.63,-2.63,1.0,0.0,12.0,1.0,1.0,1.0,1009.2,1009.2,1009.2,1009.2,1.0,0.0,12.0,1.0,1.0,1.0,3.0,3.0,3.0,3.0,1.0,0.0,12.0,1.0,1.0,1.0,-55.7,-55.7,-55.7,-55.7,1.0,0.0,12.0,1.0,1.0,1.0,-20.3,-20.3,-20.3,-20.3,1.0,0.0,12.0,1.0,1.0,1.0,1.7,1.7,1.7,1.7,1.0,0.0,12.0,1.0,1.0,1.0,13.1,13.1,13.1,13.1,1.0,0.0,12.0,1.0,1.0,1.0,6.05,6.05,6.05,6.05,1.0,0.0,12.0,1.0,1.0,1.0,46.6,46.6,46.6,46.6,1.0,0.0,12.0,1.0,1.0,1.0,-176.5,-176.5,-176.5,-176.5,1.0,0.0,12.0,1.0,1.0,1.0,-64.3,-64.3,-64.3,-64.3,1.0,0.0,12.0,1.0,1.0,1.0,-109.7,-109.7,-109.7,-109.7,1.0,0.0,12.0,1.0,1.0,1.0,-39.9,-39.9,-39.9,-39.9,1.0,0.0,12.0,1.0,1.0,1.0,-43.8,-43.8,-43.8,-43.8,1.0,0.0,12.0,1.0,1.0,1.0,-15.9,-15.9,-15.9,-15.9,1.0,0.0,12.0,1.0,1.0,1.0,456.5,456.5,456.5,456.5,1.0,0.0,12.0,1.0,1.0,1.0,455.0,455.0,455.0,455.0,1.0,0.0,12.0,1.0,1.0,1.0
1974,2,199.0,0.0,,,,,,,,,,,,,,,,,,,,,,,,,,,,,,,,,,,,,,,,8.7,8.7,8.7,8.7,1.0,0.0,26.0,1.0,0.1,0.3,-8.57,-8.57,-8.57,-8.57,1.0,0.0,26.0,1.0,0.1,0.3,-1.51,-1.51,-1.51,-1.51,1.0,0.0,26.0,1.0,0.1,0.3,1007.1,1007.1,1007.1,1007.1,1.0,0.0,26.0,1.0,0.1,0.3,5.0,5.0,5.0,5.0,1.0,0.0,26.0,1.0,0.1,0.3,-74.5,-74.5,-74.5,-74.5,1.0,0.0,26.0,1.0,0.1,0.3,-13.1,-13.1,-13.1,-13.1,1.0,0.0,26.0,1.0,0.1,0.3,,,,,,,,,,,,,,,,,,,,,,,,,,,,,,,,,,,,,,,,,-221.0,-221.0,-221.0,-221.0,1.0,0.0,26.0,1.0,0.1,0.3,-39.0,-39.0,-39.0,-39.0,1.0,0.0,26.0,1.0,0.1,0.3,-144.6,-144.6,-144.6,-144.6,1.0,0.0,26.0,1.0,0.1,0.3,-25.5,-25.5,-25.5,-25.5,1.0,0.0,26.0,1.0,0.1,0.3,,,,,,,,,,,,,,,,,,,,,,,,,,,,,,,,,,,,,,,,
1974,2,199.0,1.0,24.8,24.8,24.8,24.8,1.0,0.0,18.0,1.0,0.8,0.4,25.0,25.0,25.0,25.0,1.0,0.0,18.0,1.0,0.8,0.4,15.5,15.5,15.5,15.5,1.0,0.0,18.0,1.0,0.8,0.4,78.5,78.5,78.5,78.5,1.0,0.0,18.0,1.0,0.4,7.7,7.7,7.7,7.7,1.0,0.0,18.0,1.0,0.8,0.4,-7.58,-7.58,-7.58,-7.58,1.0,0.0,18.0,1.0,0.8,0.4,1.34,1.34,1.34,1.34,1.0,0.0,18.0,1.0,0.8,0.4,1011.3,1011.3,1011.3,1011.3,1.0,0.0,18.0,1.0,0.8,0.4,1.0,1.0,1.0,1.0,1.0,0.0,18.0,1.0,0.8,0.4,-58.4,-58.4,-58.4,-58.4,1.0,0.0,18.0,1.0,0.8,0.4,10.3,10.3,10.3,10.3,1.0,0.0,18.0,1.0,0.8,0.4,-0.2,-0.2,-0.2,-0.2,1.0,0.0,18.0,1.0,0.8,0.4,-1.5,-1.5,-1.5,-1.5,1.0,0.0,18.0,1.0,0.8,0.4,4.07,4.07,4.07,4.07,1.0,0.0,18.0,1.0,0.8,0.4,31.3,31.3,31.3,31.3,1.0,0.0,18.0,1.0,0.8,0.4,-189.6,-189.6,-189.6,-189.6,1.0,0.0,18.0,1.0,0.8,0.4,33.4,33.4,33.4,33.4,1.0,0.0,18.0,1.0,0.8,0.4,-117.6,-117.6,-117.6,-117.6,1.0,0.0,18.0,1.0,0.8,0.4,20.7,20.7,20.7,20.7,1.0,0.0,18.0,1.0,0.8,0.4,-30.8,-30.8,-30.8,-30.8,1.0,0.0,18.0,1.0,0.8,0.4,5.4,5.4,5.4,5.4,1.0,0.0,18.0,1.0,0.8,0.4,456.5,456.5,456.5,456.5,1.0,0.0,18.0,1.0,0.8,0.4,455.0,455.0,455.0,455.0,1.0,0.0,18.0,1.0,0.8,0.4
1974,2,199.0,3.0,,,,,,,,,,,,,,,,,,,,,,,,,,,,,,,,,,,,,,,,10.3,10.3,10.3,10.3,1.0,0.0,2.0,0.0,0.3,0.3,-10.14,-10.14,-10.14,-10.14,1.0,0.0,2.0,0.0,0.3,0.3,-1.79,-1.79,-1.79,-1.79,1.0,0.0,2.0,0.0,0.3,0.3,1010.8,1010.8,1010.8,1010.8,1.0,0.0,2.0,0.0,0.3,0.3,2.0,2.0,2.0,2.0,1.0,0.0,2.0,0.0,0.3,0.3,-104.5,-104.5,-104.5,-104.5,1.0,0.0,2.0,0.0,0.3,0.3,-18.4,-18.4,-18.4,-18.4,1.0,0.0,2.0,0.0,0.3,0.3,,,,,,,,,,,,,,,,,,,,,,,,,,,,,,,,,,,,,,,,,-247.5,-247.5,-247.5,-247.5,1.0,0.0,2.0,0.0,0.3,0.3,-43.6,-43.6,-43.6,-43.6,1.0,0.0,2.0,0.0,0.3,0.3,-175.8,-175.8,-175.8,-175.8,1.0,0.0,2.0,0.0,0.3,0.3,-31.0,-31.0,-31.0,-31.0,1.0,0.0,2.0,0.0,0.3,0.3,,,,,,,,,,,,,,,,,,,,,,,,,,,,,,,,,,,,,,,,
1974,2,199.0,4.0,,,,,,,,,,,,,,,,,,,,,,,,,,,,,,,,,,,,,,,,8.2,8.2,8.2,8.2,1.0,0.0,28.0,1.0,1.0,0.6,-7.71,-7.71,-7.71,-7.71,1.0,0.0,28.0,1.0,1.0,0.6,2.8,2.8,2.8,2.8,1.0,0.0,28.0,1.0,1.0,0.6,1006.1,1006.1,1006.1,1006.1,1.0,0.0,28.0,1.0,1.0,0.6,3.0,3.0,3.0,3.0,1.0,0.0,28.0,1.0,1.0,0.6,-63.2,-63.2,-63.2,-63.2,1.0,0.0,28.0,1.0,1.0,0.6,23.0,23.0,23.0,23.0,1.0,0.0,28.0,1.0,1.0,0.6,,,,,,,,,,,,,,,,,,,,,,,,,,,,,,,,,,,,,,,,,-205.7,-205.7,-205.7,-205.7,1.0,0.0,28.0,1.0,1.0,0.6,74.9,74.9,74.9,74.9,1.0,0.0,28.0,1.0,1.0,0.6,-134.2,-134.2,-134.2,-134.2,1.0,0.0,28.0,1.0,1.0,0.6,48.8,48.8,48.8,48.8,1.0,0.0,28.0,1.0,1.0,0.6,,,,,,,,,,,,,,,,,,,,,,,,,,,,,,,,,,,,,,,,
1974,2,199.0,6.0,26.7,26.7,26.7,26.7,1.0,0.0,24.0,0.0,0.5,0.0,25.1,25.1,25.1,25.1,1.0,0.0,24.0,0.0,0.5,0.0,18.26,18.26,18.26,18.26,1.0,0.0,24.0,0.0,0.5,0.0,91.4,91.4,91.4,91.4,1.0,0.0,24.0,0.0,0.0,7.2,7.2,7.2,7.2,1.0,0.0,24.0,0.0,0.5,0.0,-6.24,-6.24,-6.24,-6.24,1.0,0.0,24.0,0.0,0.5,0.0,3.6,3.6,3.6,3.6,1.0,0.0,24.0,0.0,0.5,0.0,1007.8,1007.8,1007.8,1007.8,1.0,0.0,24.0,0.0,0.5,0.0,2.0,2.0,2.0,2.0,1.0,0.0,24.0,0.0,0.5,0.0,-44.9,-44.9,-44.9,-44.9,1.0,0.0,24.0,0.0,0.5,0.0,25.9,25.9,25.9,25.9,1.0,0.0,24.0,0.0,0.5,0.0,1.6,1.6,1.6,1.6,1.0,0.0,24.0,0.0,0.5,0.0,11.5,11.5,11.5,11.5,1.0,0.0,24.0,0.0,0.5,0.0,3.76,3.76,3.76,3.76,1.0,0.0,24.0,0.0,0.5,0.0,27.1,27.1,27.1,27.1,1.0,0.0,24.0,0.0,0.5,0.0,-156.5,-156.5,-156.5,-156.5,1.0,0.0,24.0,0.0,0.5,0.0,90.4,90.4,90.4,90.4,1.0,0.0,24.0,0.0,0.5,0.0,-113.9,-113.9,-113.9,-113.9,1.0,0.0,24.0,0.0,0.5,0.0,65.7,65.7,65.7,65.7,1.0,0.0,24.0,0.0,0.5,0.0,-23.4,-23.4,-23.4,-23.4,1.0,0.0,24.0,0.0,0.5,0.0,13.5,13.5,13.5,13.5,1.0,0.0,24.0,0.0,0.5,0.0,373.0,373.0,373.0,373.0,1.0,0.0,24.0,0.0,0.5,0.0,375.0,375.0,375.0,375.0,1.0,0.0,24.0,0.0,0.5,0.0
1974,2,199.0,8.0,26.0,26.0,26.0,26.0,1.0,0.0,28.0,0.0,0.3,0.8,26.0,26.0,26.0,26.0,1.0,0.0,28.0,0.0,0.3,0.8,17.9,17.9,17.9,17.9,1.0,0.0,28.0,0.0,0.3,0.8,85.1,85.1,85.1,85.1,1.0,0.0,28.0,0.0,0.8,7.7,7.7,7.7,7.7,1.0,0.0,28.0,0.0,0.3,0.8,-7.7,-7.7,-7.7,-7.7,1.0,0.0,28.0,0.0,0.3,0.8,0.0,0.0,0.0,0.0,1.0,0.0,28.0,0.0,0.3,0.8,1009.2,1009.2,1009.2,1009.2,1.0,0.0,28.0,0.0,0.3,0.8,1.0,1.0,1.0,1.0,1.0,0.0,28.0,0.0,0.3,0.8,-59.3,-59.3,-59.3,-59.3,1.0,0.0,28.0,0.0,0.3,0.8,0.0,0.0,0.0,0.0,1.0,0.0,28.0,0.0,0.3,0.8,0.0,0.0,0.0,0.0,1.0,0.0,28.0,0.0,0.3,0.8,0.0,0.0,0.0,0.0,1.0,0.0,28.0,0.0,0.3,0.8,3.18,3.18,3.18,3.18,1.0,0.0,28.0,0.0,0.3,0.8,24.5,24.5,24.5,24.5,1.0,0.0,28.0,0.0,0.3,0.8,-200.2,-200.2,-200.2,-200.2,1.0,0.0,28.0,0.0,0.3,0.8,0.0,0.0,0.0,0.0,1.0,0.0,28.0,0.0,0.3,0.8,-137.8,-137.8,-137.8,-137.8,1.0,0.0,28.0,0.0,0.3,0.8,0.0,0.0,0.0,0.0,1.0,0.0,28.0,0.0,0.3,0.8,-24.5,-24.5,-24.5,-24.5,1.0,0.0,28.0,0.0,0.3,0.8,0.0,0.0,0.0,0.0,1.0,0.0,28.0,0.0,0.3,0.8,456.5,456.5,456.5,456.5,1.0,0.0,28.0,0.0,0.3,0.8,455.0,455.0,455.0,455.0,1.0,0.0,28.0,0.0,0.3,0.8
1974,2,199.0,10.0,26.5,26.5,26.5,26.5,1.0,0.0,28.0,0.0,0.7,0.2,25.0,25.0,25.0,25.0,1.0,0.0,28.0,0.0,0.7,0.2,16.61,16.61,16.61,16.61,1.0,0.0,28.0,0.0,0.7,0.2,83.9,83.9,83.9,83.9,1.0,0.0,28.0,0.0,0.2,6.7,6.7,6.7,6.7,1.0,0.0,28.0,0.0,0.7,0.2,-6.6,-6.6,-6.6,-6.6,1.0,0.0,28.0,0.0,0.7,0.2,-1.16,-1.16,-1.16,-1.16,1.0,0.0,28.0,0.0,0.7,0.2,1010.5,1010.5,1010.5,1010.5,1.0,0.0,28.0,0.0,0.7,0.2,1.0,1.0,1.0,1.0,1.0,0.0,28.0,0.0,0.7,0.2,-44.2,-44.2,-44.2,-44.2,1.0,0.0,28.0,0.0,0.7,0.2,-7.8,-7.8,-7.8,-7.8,1.0,0.0,28.0,0.0,0.7,0.2,1.5,1.5,1.5,1.5,1.0,0.0,28.0,0.0,0.7,0.2,10.1,10.1,10.1,10.1,1.0,0.0,28.0,0.0,0.7,0.2,5.09,5.09,5.09,5.09,1.0,0.0,28.0,0.0,0.7,0.2,34.1,34.1,34.1,34.1,1.0,0.0,28.0,0.0,0.7,0.2,-165.0,-165.0,-165.0,-165.0,1.0,0.0,28.0,0.0,0.7,0.2,-29.1,-29.1,-29.1,-29.1,1.0,0.0,28.0,0.0,0.7,0.2,-109.6,-109.6,-109.6,-109.6,1.0,0.0,28.0,0.0,0.7,0.2,-19.3,-19.3,-19.3,-19.3,1.0,0.0,28.0,0.0,0.7,0.2,-33.6,-33.6,-33.6,-33.6,1.0,0.0,28.0,0.0,0.7,0.2,-5.9,-5.9,-5.9,-5.9,1.0,0.0,28.0,0.0,0.7,0.2,301.0,301.0,301.0,301.0,1.0,0.0,28.0,0.0,0.7,0.2,300.0,300.0,300.0,300.0,1.0,0.0,28.0,0.0,0.7,0.2
1974,2,199.0,11.0,24.7,24.7,24.7,24.7,1.0,0.0,28.0,1.0,1.0,0.6,25.0,25.0,25.0,25.0,1.0,0.0,28.0,1.0,1.0,0.6,16.09,16.09,16.09,16.09,1.0,0.0,28.0,1.0,1.0,0.6,81.4,81.4,81.4,81.4,1.0,0.0,28.0,1.0,0.6,7.7,7.7,7.7,7.7,1.0,0.0,28.0,1.0,1.0,0.6,-7.58,-7.58,-7.58,-7.58,1.0,0.0,28.0,1.0,1.0,0.6,-1.34,-1.34,-1.34,-1.34,1.0,0.0,28.0,1.0,1.0,0.6,1011.5,1011.5,1011.5,1011.5,1.0,0.0,28.0,1.0,1.0,0.6,1.0,1.0,1.0,1.0,1.0,0.0,28.0,1.0,1.0,0.6,-58.4,-58.4,-58.4,-58.4,1.0,0.0,28.0,1.0,1.0,0.6,-10.3,-10.3,-10.3,-10.3,1.0,0.0,28.0,1.0,1.0,0.6,-0.3,-0.3,-0.3,-0.3,1.0,0.0,28.0,1.0,1.0,0.6,-2.3,-2.3,-2.3,-2.3,1.0,0.0,28.0,1.0,1.0,0.6,3.36,3.36,3.36,3.36,1.0,0.0,28.0,1.0,1.0,0.6,25.9,25.9,25.9,25.9,1.0,0.0,28.0,1.0,1.0,0.6,-189.6,-189.6,-189.6,-189.6,1.0,0.0,28.0,1.0,1.0,0.6,-33.4,-33.4,-33.4,-33.4,1.0,0.0,28.0,1.0,1.0,0.6,-122.0,-122.0,-122.0,-122.0,1.0,0.0,28.0,1.0,1.0,0.6,-21.5,-21.5,-21.5,-21.5,1.0,0.0,28.0,1.0,1.0,0.6,-25.5,-25.5,-25.5,-25.5,1.0,0.0,28.0,1.0,1.0,0.6,-4.5,-4.5,-4.5,-4.5,1.0,0.0,28.0,1.0,1.0,0.6,456.5,456.5,456.5,456.5,1.0,0.0,28.0,1.0,1.0,0.6,455.0,455.0,455.0,455.0,1.0,0.0,28.0,1.0,1.0,0.6
1974,2,199.0,13.0,25.0,25.0,25.0,25.0,1.0,0.0,14.0,0.0,0.1,0.1,25.0,25.0,25.0,25.0,1.0,0.0,14.0,0.0,0.1,0.1,14.47,14.47,14.47,14.47,1.0,0.0,14.0,0.0,0.1,0.1,73.3,73.3,73.3,73.3,1.0,0.0,14.0,0.0,0.1,11.3,11.3,11.3,11.3,1.0,0.0,14.0,0.0,0.1,0.1,-10.62,-10.62,-10.62,-10.62,1.0,0.0,14.0,0.0,0.1,0.1,-3.86,-3.86,-3.86,-3.86,1.0,0.0,14.0,0.0,0.1,0.1,1012.0,1012.0,1012.0,1012.0,1.0,0.0,14.0,0.0,0.1,0.1,5.0,5.0,5.0,5.0,1.0,0.0,14.0,0.0,0.1,0.1,-120.0,-120.0,-120.0,-120.0,1.0,0.0,14.0,0.0,0.1,0.1,-43.7,-43.7,-43.7,-43.7,1.0,0.0,14.0,0.0,0.1,0.1,0.0,0.0,0.0,0.0,1.0,0.0,14.0,0.0,0.1,0.1,0.0,0.0,0.0,0.0,1.0,0.0,14.0,0.0,0.1,0.1,5.33,5.33,5.33,5.33,1.0,0.0,14.0,0.0,0.1,0.1,60.2,60.2,60.2,60.2,1.0,0.0,14.0,0.0,0.1,0.1,-265.5,-265.5,-265.5,-265.5,1.0,0.0,14.0,0.0,0.1,0.1,-96.6,-96.6,-96.6,-96.6,1.0,0.0,14.0,0.0,0.1,0.1,-153.6,-153.6,-153.6,-153.6,1.0,0.0,14.0,0.0,0.1,0.1,-55.9,-55.9,-55.9,-55.9,1.0,0.0,14.0,0.0,0.1,0.1,-56.6,-56.6,-56.6,-56.6,1.0,0.0,14.0,0.0,0.1,0.1,-20.6,-20.6,-20.6,-20.6,1.0,0.0,14.0,0.0,0.1,0.1,1443.0,1443.0,1443.0,1443.0,1.0,0.0,14.0,0.0,0.1,0.1,1445.0,1445.0,1445.0,1445.0,1.0,0.0,14.0,0.0,0.1,0.1
1974,2,199.0,14.0,26.1,26.1,26.1,26.1,1.0,0.0,14.0,1.0,0.6,0.5,22.8,22.8,22.8,22.8,1.0,0.0,14.0,1.0,0.6,0.5,15.68,15.68,15.68,15.68,1.0,0.0,14.0,1.0,0.6,0.5,90.7,90.7,90.7,90.7,1.0,0.0,14.0,1.0,0.5,12.9,12.9,12.9,12.9,1.0,0.0,14.0,1.0,0.6,0.5,-12.12,-12.12,-12.12,-12.12,1.0,0.0,14.0,1.0,0.6,0.5,-4.41,-4.41,-4.41,-4.41,1.0,0.0,14.0,1.0,0.6,0.5,1012.5,1012.5,1012.5,1012.5,1.0,0.0,14.0,1.0,0.6,0.5,8.0,8.0,8.0,8.0,1.0,0.0,14.0,1.0,0.6,0.5,-156.4,-156.4,-156.4,-156.4,1.0,0.0,14.0,1.0,0.6,0.5,-56.9,-56.9,-56.9,-56.9,1.0,0.0,14.0,1.0,0.6,0.5,3.3,3.3,3.3,3.3,1.0,0.0,14.0,1.0,0.6,0.5,42.6,42.6,42.6,42.6,1.0,0.0,14.0,1.0,0.6,0.5,5.46,5.46,5.46,5.46,1.0,0.0,14.0,1.0,0.6,0.5,70.4,70.4,70.4,70.4,1.0,0.0,14.0,1.0,0.6,0.5,-276.4,-276.4,-276.4,-276.4,1.0,0.0,14.0,1.0,0.6,0.5,-100.6,-100.6,-100.6,-100.6,1.0,0.0,14.0,1.0,0.6,0.5,-190.1,-190.1,-190.1,-190.1,1.0,0.0,14.0,1.0,0.6,0.5,-69.2,-69.2,-69.2,-69.2,1.0,0.0,14.0,1.0,0.6,0.5,-66.2,-66.2,-66.2,-66.2,1.0,0.0,14.0,1.0,0.6,0.5,-24.1,-24.1,-24.1,-24.1,1.0,0.0,14.0,1.0,0.6,0.5,2146.5,2146.5,2146.5,2146.5,1.0,0.0,14.0,1.0,0.6,0.5,2145.0,2145.0,2145.0,2145.0,1.0,0.0,14.0,1.0,0.6,0.5
1974,2,199.0,15.0,25.3,25.3,26.6,25.93,3.0,1.1,22.0,1.0,0.4,0.8,24.52,24.55,24.58,24.55,2.0,0.07,24.0,1.0,0.5,0.7,14.09,15.05,16.0,15.05,2.0,1.99,24.0,1.0,0.5,0.7,73.4,78.5,83.6,78.5,2.0,10.6,24.0,1.0,0.7,8.8,9.0,9.2,9.0,2.0,0.42,24.0,1.0,0.5,0.7,-8.71,-8.65,-8.6,-8.65,2.0,0.12,24.0,1.0,0.5,0.7,-2.92,-2.35,-1.78,-2.35,2.0,1.18,24.0,1.0,0.5,0.7,1014.06,1014.2,1014.34,1014.2,2.0,0.28,24.0,1.0,0.5,0.7,4.3,5.0,5.7,5.0,2.0,1.4,24.0,1.0,0.5,0.7,-80.2,-77.9,-75.6,-77.9,2.0,4.8,24.0,1.0,0.5,0.7,-27.0,-21.4,-15.8,-21.4,2.0,11.6,24.0,1.0,0.5,0.7,1.02,1.7,2.38,1.7,2.0,1.41,24.0,1.0,0.5,0.7,9.2,15.0,20.8,15.0,2.0,12.0,24.0,1.0,0.5,0.7,6.15,6.28,6.41,6.28,2.0,0.27,24.0,1.0,0.5,0.7,54.1,56.6,59.0,56.6,2.0,5.1,24.0,1.0,0.5,0.7,-214.2,-212.4,-210.7,-212.4,2.0,3.6,24.0,1.0,0.5,0.7,-71.7,-57.6,-43.6,-57.6,2.0,29.2,24.0,1.0,0.5,0.7,-137.5,-130.1,-122.7,-130.1,2.0,15.4,24.0,1.0,0.5,0.7,-40.4,-34.1,-27.8,-34.1,2.0,13.1,24.0,1.0,0.5,0.7,-55.8,-54.4,-52.9,-54.4,2.0,3.1,24.0,1.0,0.5,0.7,-18.8,-14.9,-11.0,-14.9,2.0,8.0,24.0,1.0,0.5,0.7,681.5,731.5,781.0,731.5,2.0,103.0,24.0,1.0,0.5,0.7,680.0,730.0,780.0,730.0,2.0,105.0,24.0,1.0,0.5,0.7
1974,2,199.0,16.0,25.0,25.0,25.3,25.12,5.0,0.16,18.0,0.6,0.6,0.7,24.24,24.75,25.1,24.68,4.0,0.54,18.0,0.5,0.5,0.7,13.43,15.33,16.85,15.15,4.0,2.04,18.0,0.5,0.5,0.7,70.1,80.2,87.0,78.6,4.0,11.0,18.0,0.5,0.7,8.46,10.55,11.8,10.15,4.0,2.01,18.0,0.5,0.5,0.7,-11.05,-9.76,-8.4,-9.73,4.0,1.76,18.0,0.5,0.5,0.7,-3.73,-0.67,0.0,-1.81,4.0,2.8,18.0,0.5,0.5,0.7,1015.38,1016.15,1016.76,1016.08,4.0,0.87,18.0,0.5,0.5,0.7,2.0,3.5,5.5,3.8,4.0,2.1,18.0,0.5,0.5,0.7,-130.4,-103.5,-71.8,-101.2,4.0,35.9,18.0,0.5,0.5,0.7,-41.4,-5.1,0.0,-20.0,4.0,33.4,18.0,0.5,0.5,0.7,0.05,0.3,0.76,0.4,4.0,0.45,18.0,0.5,0.5,0.7,0.6,2.5,8.0,4.2,4.0,5.3,18.0,0.5,0.5,0.7,2.87,4.39,6.47,4.66,4.0,2.18,18.0,0.5,0.5,0.7,24.6,47.7,76.4,50.3,4.0,30.9,18.0,0.5,0.5,0.7,-271.0,-245.0,-208.0,-239.8,4.0,41.5,18.0,0.5,0.5,0.7,-93.5,-16.4,0.0,-45.4,4.0,70.6,18.0,0.5,0.5,0.7,-160.6,-142.2,-130.3,-145.3,4.0,18.1,18.0,0.5,0.5,0.7,-50.4,-11.5,0.0,-24.6,4.0,35.6,18.0,0.5,0.5,0.7,-70.3,-47.7,-24.4,-47.4,4.0,26.8,18.0,0.5,0.5,0.7,-24.2,-1.7,0.0,-11.6,4.0,21.0,18.0,0.5,0.5,0.7,622.0,1223.5,1643.0,1136.5,4.0,601.5,18.0,0.5,0.5,0.7,620.0,1225.0,1645.0,1135.0,4.0,600.0,18.0,0.5,0.5,0.7
1974,2,199.0,17.0,25.0,25.2,25.6,25.32,6.0,0.38,18.0,0.7,0.6,0.6,23.82,25.2,26.11,25.06,5.0,1.38,16.0,0.6,0.6,0.6,13.73,15.3,15.92,14.87,5.0,1.35,16.0,0.6,0.6,0.6,64.3,79.5,85.0,75.7,5.0,10.6,16.0,0.6,0.6,5.77,7.35,10.3,7.6,6.0,2.44,16.0,0.5,0.5,0.6,-10.18,-6.81,-4.62,-6.97,6.0,2.98,16.0,0.5,0.5,0.6,-2.82,-0.54,2.31,-0.14,6.0,2.83,16.0,0.5,0.5,0.6,1013.59,1014.0,1017.5,1015.28,5.0,2.21,16.0,0.6,0.6,0.6,0.8,1.0,2.0,1.2,6.0,0.8,16.0,0.5,0.5,0.6,-104.8,-49.0,-29.5,-59.0,6.0,39.1,16.0,0.5,0.5,0.6,-14.7,-3.3,20.6,1.0,6.0,19.3,16.0,0.5,0.5,0.6,-0.93,0.0,1.68,0.28,5.0,1.45,16.0,0.6,0.6,0.6,-6.2,0.0,14.1,3.3,5.0,10.5,16.0,0.6,0.6,0.6,4.05,5.23,6.5,5.28,5.0,1.44,16.0,0.6,0.6,0.6,31.4,36.0,44.7,37.1,5.0,8.2,16.0,0.6,0.6,0.6,-247.6,-153.9,-104.2,-170.1,5.0,80.1,16.0,0.6,0.6,0.6,-48.2,0.0,64.4,6.7,5.0,71.0,16.0,0.6,0.6,0.6,-159.5,-80.9,-63.4,-103.8,5.0,55.2,16.0,0.6,0.6,0.6,-25.1,0.0,42.2,7.3,5.0,42.7,16.0,0.6,0.6,0.6,-44.1,-36.0,-22.9,-33.4,5.0,12.0,16.0,0.6,0.6,0.6,-11.9,0.0,13.2,0.7,5.0,15.8,16.0,0.6,0.6,0.6,203.5,406.5,1092.5,551.0,6.0,443.0,16.0,0.5,0.5,0.6,205.0,405.0,1095.0,550.0,6.0,445.0,16.0,0.5,0.5,0.6
1974,2,199.0,18.0,25.0,25.0,25.0,25.0,2.0,0.0,26.0,0.5,0.3,0.6,26.1,26.1,26.1,26.1,2.0,0.0,26.0,0.5,0.3,0.6,13.67,13.79,13.91,13.79,2.0,0.25,26.0,0.5,0.3,0.6,65.2,65.8,66.3,65.8,2.0,1.2,26.0,0.5,0.6,9.3,9.3,9.3,9.3,2.0,0.0,26.0,0.5,0.3,0.6,-9.16,-9.16,-9.16,-9.16,2.0,0.0,26.0,0.5,0.3,0.6,1.61,1.61,1.61,1.61,2.0,0.0,26.0,0.5,0.3,0.6,1015.9,1015.9,1015.9,1015.9,2.0,0.0,26.0,0.5,0.3,0.6,3.0,3.0,3.0,3.0,2.0,0.0,26.0,0.5,0.3,0.6,-85.2,-85.2,-85.2,-85.2,2.0,0.0,26.0,0.5,0.3,0.6,15.0,15.0,15.0,15.0,2.0,0.0,26.0,0.5,0.3,0.6,-1.1,-1.1,-1.1,-1.1,2.0,0.0,26.0,0.5,0.3,0.6,-10.2,-10.2,-10.2,-10.2,2.0,0.0,26.0,0.5,0.3,0.6,5.81,5.93,6.04,5.93,2.0,0.25,26.0,0.5,0.3,0.6,54.0,55.1,56.2,55.1,2.0,2.3,26.0,0.5,0.3,0.6,-239.0,-239.0,-239.0,-239.0,2.0,0.0,26.0,0.5,0.3,0.6,42.1,42.1,42.1,42.1,2.0,0.0,26.0,0.5,0.3,0.6,-127.4,-126.3,-125.2,-126.3,2.0,2.2,26.0,0.5,0.3,0.6,22.1,22.3,22.5,22.3,2.0,0.4,26.0,0.5,0.3,0.6,-55.4,-54.3,-53.2,-54.3,2.0,2.2,26.0,0.5,0.3,0.6,9.4,9.6,9.8,9.6,2.0,0.4,26.0,0.5,0.3,0.6,804.5,804.5,804.5,804.5,2.0,0.0,26.0,0.5,0.3,0.6,805.0,805.0,805.0,805.0,2.0,0.0,26.0,0.5,0.3,0.6
1974,2,199.0,19.0,24.71,25.5,26.18,25.44,5.0,0.89,16.0,1.0,0.6,0.4,23.07,24.2,25.64,24.37,7.0,1.42,14.0,0.9,0.5,0.5,14.01,14.81,16.77,15.55,6.0,2.2,12.0,0.8,0.5,0.5,73.7,81.2,86.8,81.4,6.0,9.0,12.0,0.8,0.5,4.25,6.4,8.3,5.97,6.0,2.89,12.0,0.8,0.5,0.5,-7.68,-6.28,-2.5,-5.17,6.0,3.33,12.0,0.8,0.5,0.5,-1.51,1.1,2.03,0.53,6.0,2.75,12.0,0.8,0.5,0.5,1014.44,1016.2,1017.05,1015.97,7.0,1.62,14.0,0.9,0.5,0.5,2.0,3.0,6.1,3.7,7.0,2.5,14.0,0.9,0.5,0.5,-65.7,-42.0,-13.2,-38.7,6.0,28.5,12.0,0.8,0.5,0.5,-7.7,5.6,17.1,6.0,6.0,19.4,12.0,0.8,0.5,0.5,0.32,1.1,2.1,1.28,5.0,1.34,16.0,1.0,0.6,0.4,1.2,5.5,19.1,9.9,4.0,13.0,14.0,1.0,0.6,0.4,4.74,6.0,6.67,5.72,4.0,1.27,14.0,1.0,0.6,0.4,31.8,40.6,52.6,42.1,4.0,12.3,14.0,1.0,0.6,0.4,-185.4,-148.4,-62.4,-124.5,6.0,80.2,12.0,0.8,0.5,0.5,-37.2,26.5,49.2,13.5,6.0,70.2,12.0,0.8,0.5,0.5,-114.9,-93.3,-34.1,-76.0,6.0,50.9,12.0,0.8,0.5,0.5,-21.6,18.4,30.2,9.8,6.0,41.1,12.0,0.8,0.5,0.5,-49.0,-36.1,-25.5,-37.2,4.0,14.9,14.0,1.0,0.6,0.4,-10.6,7.6,17.3,3.5,4.0,20.7,14.0,1.0,0.6,0.4,105.5,294.5,573.5,322.0,6.0,268.0,12.0,0.8,0.5,0.5,105.0,295.0,575.0,320.0,6.0,270.0,12.0,0.8,0.5,0.5
1974,2,199.0,20.0,24.38,24.5,25.02,24.64,7.0,0.48,16.0,0.6,0.6,0.5,23.49,24.0,25.52,24.3,7.0,1.03,16.0,0.6,0.6,0.5,12.74,15.57,16.44,14.72,6.0,2.19,14.0,0.7,0.6,0.5,68.7,81.8,89.4,79.3,6.0,11.9,14.0,0.7,0.5,1.5,3.6,7.72,4.39,7.0,2.74,16.0,0.6,0.6,0.5,-6.34,-3.55,-1.41,-3.7,7.0,2.74,16.0,0.6,0.6,0.5,-1.68,0.63,1.39,-0.18,7.0,2.53,16.0,0.6,0.6,0.5,1014.49,1019.3,1020.74,1018.27,7.0,2.94,16.0,0.6,0.6,0.5,1.0,2.0,5.1,3.0,7.0,2.6,16.0,0.6,0.6,0.5,-51.8,-12.8,-2.1,-22.4,7.0,23.9,16.0,0.6,0.6,0.5,-4.2,2.3,7.5,-3.0,7.0,18.2,16.0,0.6,0.6,0.5,-0.57,0.5,1.24,0.34,7.0,1.29,16.0,0.6,0.6,0.5,-2.6,2.9,4.4,3.1,7.0,6.5,16.0,0.6,0.6,0.5,2.57,3.3,6.58,4.45,6.0,2.63,14.0,0.7,0.6,0.5,5.4,14.1,31.3,22.1,6.0,26.7,14.0,0.7,0.6,0.5,-149.3,-84.4,-33.8,-89.1,7.0,66.1,16.0,0.6,0.6,0.5,-43.1,14.9,33.2,-4.5,7.0,60.0,16.0,0.6,0.6,0.5,-81.4,-42.3,-19.3,-50.6,6.0,44.2,14.0,0.7,0.6,0.5,-29.7,7.3,23.9,-2.2,6.0,33.2,14.0,0.7,0.6,0.5,-27.5,-10.7,-2.9,-17.0,6.0,20.9,14.0,0.7,0.6,0.5,-14.6,1.2,5.7,-5.7,6.0,21.8,14.0,0.7,0.6,0.5,3.5,46.5,461.0,175.0,7.0,230.5,16.0,0.6,0.6,0.5,5.0,45.0,460.0,175.0,7.0,230.0,16.0,0.6,0.6,0.5
1974,2,199.0,21.0,23.53,24.6,26.0,24.61,16.0,1.33,16.0,0.4,0.5,0.4,23.8,24.0,24.81,24.37,16.0,1.19,16.0,0.4,0.5,0.4,13.55,14.69,16.65,15.0,14.0,2.06,14.0,0.5,0.5,0.4,68.6,79.2,88.0,80.3,14.0,11.4,14.0,0.5,0.4,4.79,7.7,11.3,7.66,16.0,3.47,16.0,0.4,0.5,0.4,-11.13,-7.64,-2.47,-6.61,16.0,4.64,16.0,0.4,0.5,0.4,-1.97,0.0,1.69,-0.39,16.0,2.5,16.0,0.4,0.5,0.4,1014.31,1015.95,1019.19,1016.46,16.0,3.36,16.0,0.4,0.5,0.4,2.0,4.0,6.6,3.9,15.0,2.3,16.0,0.5,0.6,0.3,-125.7,-58.8,-11.1,-64.1,16.0,56.9,16.0,0.4,0.5,0.4,-22.2,0.0,8.3,-5.7,16.0,22.3,16.0,0.4,0.5,0.4,-1.7,0.0,1.99,0.24,16.0,1.78,16.0,0.4,0.5,0.4,-11.4,0.0,15.2,1.0,16.0,13.2,16.0,0.4,0.5,0.4,2.29,4.69,6.65,4.41,14.0,2.43,14.0,0.5,0.5,0.4,8.8,28.7,48.9,30.9,14.0,20.4,14.0,0.5,0.5,0.4,-271.5,-182.2,-58.4,-160.4,16.0,110.9,16.0,0.4,0.5,0.4,-48.8,0.0,40.2,-8.9,16.0,60.3,16.0,0.4,0.5,0.4,-137.7,-107.0,-23.5,-94.1,14.0,70.1,14.0,0.5,0.5,0.4,-36.1,-10.7,25.9,-6.7,14.0,38.1,14.0,0.5,0.5,0.4,-48.3,-25.9,-5.3,-23.2,14.0,25.7,14.0,0.5,0.5,0.4,-15.1,-0.5,8.3,-3.7,14.0,13.6,14.0,0.5,0.5,0.4,111.0,456.5,1443.0,707.0,16.0,731.0,16.0,0.4,0.5,0.4,110.0,455.0,1445.0,705.0,16.0,730.0,16.0,0.4,0.5,0.4
1974,2,199.0,22.0,23.28,24.0,24.4,23.77,7.0,0.62,16.0,0.4,0.5,0.7,23.19,24.0,25.0,23.71,7.0,1.39,16.0,0.4,0.5,0.7,13.15,13.31,14.18,13.55,7.0,0.59,16.0,0.4,0.5,0.7,70.6,74.4,76.7,74.7,7.0,4.2,16.0,0.4,0.7,4.96,7.2,9.4,7.06,7.0,2.99,16.0,0.4,0.5,0.7,-8.06,-7.2,-1.9,-5.1,7.0,3.83,16.0,0.4,0.5,0.7,-4.84,0.0,1.63,-0.87,7.0,4.61,16.0,0.4,0.5,0.7,1015.14,1018.0,1018.1,1017.27,7.0,2.01,16.0,0.4,0.5,0.7,1.0,3.0,6.0,3.1,7.0,2.3,16.0,0.4,0.5,0.7,-75.2,-51.8,-3.6,-41.8,7.0,36.7,16.0,0.4,0.5,0.7,-45.9,0.0,12.8,-13.3,7.0,44.0,16.0,0.4,0.5,0.7,-1.03,0.0,1.16,0.06,7.0,1.34,16.0,0.4,0.5,0.7,-5.4,0.0,12.8,2.1,7.0,10.6,16.0,0.4,0.5,0.7,4.4,4.67,5.13,4.74,7.0,0.6,16.0,0.4,0.5,0.7,23.2,28.4,42.9,34.1,7.0,17.7,16.0,0.4,0.5,0.7,-176.5,-169.2,-47.6,-119.8,7.0,88.2,16.0,0.4,0.5,0.7,-115.9,0.0,35.0,-21.1,7.0,107.5,16.0,0.4,0.5,0.7,-103.6,-95.8,-27.4,-68.8,7.0,50.9,16.0,0.4,0.5,0.7,-68.2,0.0,21.0,-12.2,7.0,61.4,16.0,0.4,0.5,0.7,-41.2,-27.8,-9.0,-24.4,7.0,18.8,16.0,0.4,0.5,0.7,-22.0,0.0,8.2,-5.3,7.0,24.3,16.0,0.4,0.5,0.7,127.0,373.0,835.0,507.5,7.0,490.5,16.0,0.4,0.5,0.7,125.0,375.0,835.0,505.0,7.0,490.0,16.0,0.4,0.5,0.7
1974,2,199.0,23.0,22.1,23.55,24.74,23.43,4.0,1.89,6.0,0.5,0.7,0.4,21.27,22.5,23.26,22.28,4.0,1.28,6.0,0.5,0.7,0.4,13.6,13.65,14.12,13.85,4.0,0.45,6.0,0.5,0.7,0.4,79.3,83.2,87.1,83.2,4.0,6.0,6.0,0.5,0.4,6.58,8.45,9.01,7.83,4.0,1.87,6.0,0.5,0.7,0.4,-8.66,-6.92,-4.82,-6.75,4.0,2.23,6.0,0.5,0.7,0.4,-2.57,2.03,2.88,0.24,4.0,4.4,6.0,0.5,0.7,0.4,1012.88,1015.2,1017.1,1015.0,4.0,2.78,6.0,0.5,0.7,0.4,6.3,7.0,7.7,7.0,2.0,1.4,2.0,0.5,0.6,0.4,-78.1,-58.9,-32.4,-55.4,4.0,27.5,6.0,0.5,0.7,0.4,-20.8,13.1,21.8,1.1,4.0,35.9,6.0,0.5,0.7,0.4,-0.38,0.3,2.76,1.15,4.0,2.64,6.0,0.5,0.7,0.4,-3.6,2.2,24.1,9.9,4.0,22.9,6.0,0.5,0.7,0.4,2.52,4.0,5.83,4.17,4.0,2.15,6.0,0.5,0.7,0.4,15.8,30.3,52.1,33.8,4.0,21.7,6.0,0.5,0.7,0.4,-191.6,-146.2,-108.4,-149.9,4.0,49.2,6.0,0.5,0.7,0.4,-57.6,44.9,67.1,6.6,4.0,98.2,6.0,0.5,0.7,0.4,-118.0,-94.5,-67.8,-93.0,4.0,29.1,6.0,0.5,0.7,0.4,-35.0,28.9,40.3,3.8,4.0,60.3,6.0,0.5,0.7,0.4,-50.3,-27.8,-11.9,-31.0,4.0,23.1,6.0,0.5,0.7,0.4,-2.0,9.4,12.8,5.6,4.0,11.6,6.0,0.5,0.7,0.4,332.0,605.0,735.0,536.5,4.0,288.5,6.0,0.5,0.7,0.4,330.0,605.0,735.0,535.0,4.0,290.0,6.0,0.5,0.7,0.4
1974,2,199.0,25.0,22.48,23.5,24.52,23.5,2.0,2.12,18.0,1.0,0.8,0.5,22.05,23.65,25.25,23.65,2.0,3.32,18.0,1.0,0.8,0.5,14.51,14.51,14.51,14.51,1.0,0.0,18.0,1.0,0.8,0.8,92.9,92.9,92.9,92.9,1.0,0.0,18.0,1.0,0.8,6.02,6.7,7.38,6.7,2.0,1.41,18.0,1.0,0.8,0.5,-4.32,-2.97,-1.62,-2.97,2.0,2.8,18.0,1.0,0.8,0.5,5.66,5.76,5.85,5.76,2.0,0.2,18.0,1.0,0.8,0.5,1020.24,1020.75,1021.26,1020.75,2.0,1.06,18.0,1.0,0.8,0.5,0.8,2.5,4.2,2.5,2.0,3.5,18.0,1.0,0.8,0.5,-33.0,-21.9,-10.8,-21.9,2.0,23.0,18.0,1.0,0.8,0.5,34.1,38.7,43.3,38.7,2.0,9.5,18.0,1.0,0.8,0.5,-0.73,-0.15,0.43,-0.15,2.0,1.2,18.0,1.0,0.8,0.5,-3.9,-0.2,3.6,-0.2,2.0,7.8,18.0,1.0,0.8,0.5,1.82,1.82,1.82,1.82,1.0,0.0,18.0,1.0,0.8,0.8,14.0,14.0,14.0,14.0,1.0,0.0,18.0,1.0,0.8,0.8,-92.8,-65.6,-38.4,-65.6,2.0,56.3,18.0,1.0,0.8,0.5,128.9,135.8,142.7,135.8,2.0,14.4,18.0,1.0,0.8,0.5,-71.8,-71.8,-71.8,-71.8,1.0,0.0,18.0,1.0,0.8,0.8,85.6,85.6,85.6,85.6,1.0,0.0,18.0,1.0,0.8,0.8,-9.0,-9.0,-9.0,-9.0,1.0,0.0,18.0,1.0,0.8,0.8,10.7,10.7,10.7,10.7,1.0,0.0,18.0,1.0,0.8,0.8,228.5,321.0,413.5,321.0,2.0,192.0,18.0,1.0,0.8,0.5,230.0,320.0,415.0,320.0,2.0,190.0,18.0,1.0,0.8,0.5
1974,2,199.0,26.0,20.92,21.75,22.37,21.82,6.0,1.12,12.0,0.5,0.8,0.5,20.96,22.0,22.37,21.68,5.0,0.93,10.0,0.4,0.8,0.6,13.61,14.73,15.18,14.43,5.0,0.86,10.0,0.4,0.8,0.6,85.8,90.7,92.2,89.4,5.0,3.9,10.0,0.4,0.6,1.98,3.35,5.78,4.2,6.0,3.21,12.0,0.5,0.8,0.5,-3.72,-2.02,2.05,-1.63,6.0,3.85,12.0,0.5,0.8,0.5,-4.16,0.1,1.48,-0.96,6.0,3.52,12.0,0.5,0.8,0.5,1010.73,1014.1,1018.02,1013.27,6.0,5.97,12.0,0.5,0.8,0.5,4.8,7.0,8.0,6.5,6.0,1.6,12.0,0.5,0.8,0.5,-25.4,-4.4,5.8,-13.9,6.0,34.1,12.0,0.5,0.8,0.5,-26.9,0.4,4.4,-11.4,6.0,29.3,12.0,0.5,0.8,0.5,-1.06,0.0,0.47,-0.26,5.0,0.88,10.0,0.4,0.8,0.6,-3.5,0.0,1.4,-0.8,5.0,2.8,10.0,0.4,0.8,0.6,0.77,1.26,2.08,1.48,5.0,0.98,10.0,0.4,0.8,0.6,1.9,3.1,7.3,4.9,5.0,5.3,10.0,0.4,0.8,0.6,-58.0,-29.8,48.5,-8.6,5.0,56.8,10.0,0.4,0.8,0.6,-30.9,10.2,40.2,4.5,5.0,52.8,10.0,0.4,0.8,0.6,-38.6,-20.4,31.8,-6.3,5.0,37.2,10.0,0.4,0.8,0.6,-19.3,6.6,27.5,4.0,5.0,34.2,10.0,0.4,0.8,0.6,-2.0,-1.9,5.1,1.2,5.0,4.9,10.0,0.4,0.8,0.6,-4.2,0.3,1.9,-1.4,5.0,5.5,10.0,0.4,0.8,0.6,8.0,43.0,303.0,215.0,6.0,431.5,12.0,0.5,0.8,0.5,10.0,45.0,305.0,215.0,6.0,430.0,12.0,0.5,0.8,0.5
1974,2,199.0,27.0,20.0,20.8,21.77,20.85,11.0,1.14,10.0,0.6,0.5,0.4,20.12,22.0,24.0,22.04,11.0,1.99,10.0,0.6,0.5,0.4,12.57,13.9,14.59,13.81,11.0,1.19,10.0,0.6,0.5,0.4,78.3,82.9,92.6,84.4,11.0,7.8,10.0,0.6,0.4,2.89,5.1,7.03,5.1,11.0,2.06,10.0,0.6,0.5,0.4,-6.57,-4.42,-2.56,-4.05,11.0,2.81,10.0,0.6,0.5,0.4,-3.29,-0.45,1.05,-0.81,11.0,2.49,10.0,0.6,0.5,0.4,1014.7,1017.0,1022.15,1018.08,11.0,3.71,10.0,0.6,0.5,0.4,3.9,7.0,8.0,5.9,10.0,2.4,8.0,0.6,0.5,0.4,-46.6,-22.5,-6.7,-25.0,11.0,22.1,10.0,0.6,0.5,0.4,-23.7,-1.2,5.4,-5.6,11.0,16.0,10.0,0.6,0.5,0.4,-3.32,-1.0,0.44,-1.19,11.0,1.72,10.0,0.6,0.5,0.4,-9.8,-5.1,1.9,-4.2,11.0,6.4,10.0,0.6,0.5,0.4,0.63,1.37,2.12,1.47,11.0,0.73,10.0,0.6,0.5,0.4,2.8,6.3,13.2,8.0,11.0,5.8,10.0,0.6,0.5,0.4,-138.7,-95.9,-61.5,-87.1,11.0,55.9,10.0,0.6,0.5,0.4,-65.3,-10.8,23.4,-14.7,11.0,55.1,10.0,0.6,0.5,0.4,-85.9,-60.1,-35.6,-54.4,11.0,37.0,10.0,0.6,0.5,0.4,-41.0,-6.5,14.3,-9.3,11.0,34.7,10.0,0.6,0.5,0.4,-11.4,-5.4,-1.6,-6.4,11.0,6.0,10.0,0.6,0.5,0.4,-5.3,-0.3,1.8,-1.5,11.0,4.6,10.0,0.6,0.5,0.4,24.5,132.5,367.5,193.0,11.0,195.5,10.0,0.6,0.5,0.4,25.0,135.0,370.0,195.0,11.0,195.0,10.0,0.6,0.5,0.4
1974,2,199.0,28.0,20.0,20.05,22.35,20.78,12.0,1.57,14.0,0.3,0.5,0.5,18.15,19.6,21.05,19.68,12.0,1.36,14.0,0.3,0.5,0.5,9.6,13.02,13.89,11.98,11.0,2.22,14.0,0.3,0.5,0.5,70.4,86.8,91.1,83.4,11.0,11.5,14.0,0.3,0.5,4.46,5.1,9.3,6.13,13.0,2.42,14.0,0.2,0.5,0.5,-6.36,-4.42,0.17,-3.3,13.0,3.75,14.0,0.2,0.5,0.5,-1.26,2.3,5.91,1.87,13.0,4.11,14.0,0.2,0.5,0.5,1019.03,1021.0,1025.02,1021.53,13.0,3.49,14.0,0.2,0.5,0.5,3.0,6.0,7.0,5.1,13.0,2.0,14.0,0.2,0.5,0.5,-52.9,-21.2,0.9,-21.7,13.0,31.6,14.0,0.2,0.5,0.5,-6.4,10.6,46.4,15.3,13.0,34.0,14.0,0.2,0.5,0.5,-0.08,0.6,1.51,0.8,11.0,1.76,14.0,0.3,0.5,0.5,-0.3,1.3,9.9,5.3,11.0,14.5,14.0,0.3,0.5,0.5,0.63,2.78,5.79,3.08,11.0,2.54,14.0,0.3,0.5,0.5,2.2,11.0,37.0,18.9,11.0,19.3,14.0,0.3,0.5,0.5,-124.3,-84.6,8.0,-61.5,12.0,76.8,14.0,0.3,0.5,0.5,-33.8,48.8,121.0,44.3,12.0,86.7,14.0,0.3,0.5,0.5,-76.0,-54.0,5.7,-36.8,11.0,49.1,14.0,0.3,0.5,0.5,-9.9,31.4,81.6,34.0,11.0,54.5,14.0,0.3,0.5,0.5,-24.0,-6.1,4.7,-8.6,11.0,18.9,14.0,0.3,0.5,0.5,-13.0,3.5,12.4,-0.9,11.0,18.0,14.0,0.3,0.5,0.5,91.0,132.5,804.5,330.0,13.0,312.0,14.0,0.2,0.5,0.5,90.0,135.0,805.0,330.0,13.0,310.0,14.0,0.2,0.5,0.5
1974,2,199.0,29.0,19.59,20.0,21.37,20.42,5.0,1.07,16.0,0.6,0.3,0.6,20.0,20.6,21.24,20.68,5.0,0.82,16.0,0.6,0.3,0.6,10.51,12.72,14.23,12.43,5.0,2.09,16.0,0.6,0.3,0.6,73.4,85.0,91.2,82.4,5.0,9.9,16.0,0.6,0.6,4.37,5.7,8.01,6.18,5.0,2.65,16.0,0.6,0.3,0.6,-5.6,-3.05,-1.24,-3.32,5.0,2.58,16.0,0.6,0.3,0.6,0.02,1.16,7.16,3.29,5.0,4.55,16.0,0.6,0.3,0.6,1019.44,1021.0,1026.17,1022.48,5.0,3.63,16.0,0.6,0.3,0.6,2.0,2.0,7.4,4.2,5.0,3.0,16.0,0.6,0.3,0.6,-32.4,-11.1,-6.0,-18.1,5.0,17.2,16.0,0.6,0.3,0.6,-0.6,7.8,58.1,28.3,5.0,45.5,16.0,0.6,0.3,0.6,-1.07,-0.3,0.44,-0.26,5.0,0.95,16.0,0.6,0.3,0.6,-8.1,-2.0,1.4,-3.3,5.0,6.1,16.0,0.6,0.3,0.6,0.92,2.53,3.68,2.38,5.0,1.62,16.0,0.6,0.3,0.6,6.0,12.1,22.0,13.4,5.0,8.7,16.0,0.6,0.3,0.6,-112.0,-63.5,-27.2,-67.8,5.0,51.0,16.0,0.6,0.3,0.6,0.6,23.3,152.3,69.4,5.0,94.7,16.0,0.6,0.3,0.6,-57.5,-42.2,-18.4,-38.5,5.0,26.6,16.0,0.6,0.3,0.6,1.6,12.7,98.5,44.5,5.0,59.0,16.0,0.6,0.3,0.6,-21.6,-7.7,-0.6,-10.5,5.0,10.9,16.0,0.6,0.3,0.6,-0.6,2.5,6.8,3.1,5.0,5.8,16.0,0.6,0.3,0.6,95.0,185.0,590.0,348.0,5.0,427.5,16.0,0.6,0.3,0.6,95.0,185.0,590.0,350.0,5.0,425.0,16.0,0.6,0.3,0.6
1974,2,199.0,30.0,18.54,19.25,21.89,19.8,8.0,1.75,12.0,0.6,0.4,0.6,16.78,18.9,20.15,18.73,9.0,1.91,14.0,0.7,0.4,0.6,9.58,12.19,14.1,11.99,7.0,2.25,12.0,0.6,0.4,0.6,80.6,88.8,91.4,86.8,7.0,7.2,12.0,0.6,0.6,4.73,7.2,9.3,7.09,9.0,2.81,14.0,0.7,0.4,0.6,-4.09,1.35,8.32,1.79,9.0,5.98,14.0,0.7,0.4,0.6,-4.2,1.61,5.6,0.85,9.0,4.93,14.0,0.7,0.4,0.6,1016.81,1020.5,1024.65,1021.03,9.0,3.74,14.0,0.7,0.4,0.6,3.3,7.0,8.0,6.3,9.0,2.5,14.0,0.7,0.4,0.6,-30.2,2.8,73.3,18.2,9.0,56.7,14.0,0.7,0.4,0.6,-37.3,3.4,41.1,6.3,9.0,39.1,14.0,0.7,0.4,0.6,-0.44,0.7,2.18,0.73,8.0,1.36,12.0,0.6,0.4,0.6,-0.9,4.4,16.1,5.6,8.0,11.8,12.0,0.6,0.4,0.6,1.31,1.5,3.94,2.39,7.0,1.74,12.0,0.6,0.4,0.6,3.0,13.6,29.9,18.2,7.0,18.5,12.0,0.6,0.4,0.6,-81.2,25.6,168.7,34.3,9.0,114.8,14.0,0.7,0.4,0.6,-71.1,30.6,110.6,21.9,9.0,88.7,14.0,0.7,0.4,0.6,-63.7,15.7,102.6,27.0,7.0,82.2,12.0,0.6,0.4,0.6,-33.9,18.8,75.9,21.9,7.0,50.5,12.0,0.6,0.4,0.6,-6.7,2.0,14.6,7.3,7.0,21.8,12.0,0.6,0.4,0.6,-16.9,0.0,5.5,-0.9,7.0,13.7,12.0,0.6,0.4,0.6,107.0,373.0,804.5,499.5,9.0,453.5,14.0,0.7,0.4,0.6,105.0,375.0,805.0,500.0,9.0,455.0,14.0,0.7,0.4,0.6
1974,2,199.0,31.0,17.91,18.85,19.96,18.9,8.0,0.98,16.0,0.4,0.5,0.4,15.71,17.8,18.0,17.0,9.0,1.19,14.0,0.4,0.6,0.4,6.54,9.5,10.51,8.55,8.0,2.47,16.0,0.4,0.6,0.5,62.2,77.2,83.5,71.4,8.0,17.3,16.0,0.4,0.5,5.1,7.7,8.57,7.4,9.0,3.27,14.0,0.4,0.6,0.4,-6.66,-2.55,1.9,-2.26,9.0,5.37,14.0,0.4,0.6,0.4,-3.48,0.0,8.33,1.73,9.0,5.87,14.0,0.4,0.6,0.4,1019.54,1023.5,1024.57,1020.69,9.0,7.08,14.0,0.4,0.6,0.4,3.2,7.5,8.0,6.3,8.0,2.3,16.0,0.4,0.6,0.4,-47.7,-13.0,11.9,-23.5,9.0,62.4,14.0,0.4,0.6,0.4,-19.3,0.0,70.4,22.7,9.0,59.2,14.0,0.4,0.6,0.4,0.09,1.45,3.78,1.78,8.0,1.91,16.0,0.4,0.5,0.4,0.7,7.6,19.3,11.1,8.0,14.1,16.0,0.4,0.5,0.4,2.03,3.85,6.47,4.13,7.0,2.35,16.0,0.3,0.6,0.4,12.7,22.3,34.2,27.4,7.0,19.0,16.0,0.3,0.6,0.4,-119.9,-45.4,32.4,-39.5,9.0,87.5,14.0,0.4,0.6,0.4,-57.4,0.0,148.8,31.7,9.0,98.6,14.0,0.4,0.6,0.4,-41.2,-13.3,19.1,-11.5,8.0,36.5,16.0,0.4,0.6,0.5,-32.7,5.4,77.1,17.2,8.0,52.9,16.0,0.4,0.6,0.5,-25.3,0.0,9.9,0.0,7.0,26.4,16.0,0.3,0.6,0.4,-22.0,-11.1,13.0,-6.3,7.0,22.3,16.0,0.3,0.6,0.4,132.5,456.5,629.5,655.5,9.0,1018.0,14.0,0.4,0.6,0.4,135.0,455.0,630.0,655.0,9.0,1020.0,14.0,0.4,0.6,0.4
1974,2,199.0,32.0,16.61,18.0,18.94,17.83,8.0,1.28,20.0,0.3,0.7,0.5,16.31,18.0,18.35,17.32,9.0,1.5,22.0,0.3,0.7,0.4,9.24,11.37,12.55,10.86,7.0,2.14,20.0,0.3,0.8,0.5,79.8,95.7,98.2,89.1,7.0,11.3,20.0,0.3,0.5,3.27,7.2,9.6,6.67,9.0,2.82,22.0,0.3,0.7,0.4,-8.75,-2.6,-1.36,-3.64,9.0,4.92,22.0,0.3,0.7,0.4,-1.94,3.6,4.91,1.96,9.0,3.81,22.0,0.3,0.7,0.4,1016.56,1018.0,1024.49,1020.28,9.0,4.24,22.0,0.3,0.7,0.4,3.1,5.5,8.0,5.4,8.0,2.7,22.0,0.4,0.7,0.5,-84.9,-9.0,-5.0,-30.0,9.0,48.0,22.0,0.3,0.7,0.4,-14.9,24.4,36.3,12.3,9.0,28.8,22.0,0.3,0.7,0.4,-0.67,0.0,2.69,0.59,8.0,2.0,20.0,0.3,0.7,0.5,-4.7,-0.1,27.3,7.5,8.0,18.3,20.0,0.3,0.7,0.5,-0.37,0.58,4.72,1.63,7.0,2.69,20.0,0.3,0.8,0.5,-2.5,1.5,48.7,16.4,7.0,26.9,20.0,0.3,0.8,0.5,-134.0,-42.1,-24.9,-58.6,9.0,81.8,22.0,0.3,0.7,0.4,-33.5,64.8,90.8,37.0,9.0,67.4,22.0,0.3,0.7,0.4,-69.9,-21.6,-11.9,-25.6,7.0,49.7,20.0,0.3,0.8,0.5,-25.4,0.0,60.8,19.4,7.0,48.4,20.0,0.3,0.8,0.5,-45.9,-0.4,2.9,-13.3,7.0,27.3,20.0,0.3,0.8,0.5,-10.8,-2.3,0.4,-3.9,7.0,8.2,20.0,0.3,0.8,0.5,48.5,373.0,921.0,433.5,9.0,406.5,22.0,0.3,0.7,0.4,50.0,375.0,920.0,435.0,9.0,405.0,22.0,0.3,0.7,0.4
1974,2,199.0,33.0,16.41,17.7,18.37,17.55,11.0,1.09,12.0,0.6,0.7,0.4,15.62,16.85,18.36,16.91,12.0,2.04,14.0,0.6,0.7,0.4,7.75,9.97,11.01,9.54,11.0,1.92,12.0,0.6,0.7,0.4,65.3,84.1,89.7,79.8,11.0,13.1,12.0,0.6,0.4,2.69,7.45,9.23,6.5,12.0,3.53,14.0,0.6,0.7,0.4,-6.05,-1.81,4.34,-1.32,12.0,4.96,14.0,0.6,0.7,0.4,-2.34,2.02,8.03,2.97,12.0,4.74,14.0,0.6,0.7,0.4,1020.12,1025.85,1029.5,1024.52,12.0,5.63,14.0,0.6,0.7,0.4,6.6,8.0,8.0,7.3,11.0,1.3,12.0,0.5,0.7,0.4,-57.8,-5.2,26.1,-11.0,12.0,42.0,14.0,0.6,0.7,0.4,-12.4,11.2,74.6,28.2,12.0,46.0,14.0,0.6,0.7,0.4,-1.68,0.0,2.61,0.56,11.0,2.38,12.0,0.6,0.7,0.4,-4.4,0.0,20.1,8.0,11.0,19.7,12.0,0.6,0.7,0.4,0.86,2.44,4.84,2.81,11.0,2.26,12.0,0.6,0.7,0.4,0.4,10.1,34.9,20.1,11.0,24.8,12.0,0.6,0.7,0.4,-85.6,-35.6,85.3,-17.6,12.0,80.5,14.0,0.6,0.7,0.4,-41.4,30.1,133.3,47.5,12.0,78.3,14.0,0.6,0.7,0.4,-43.6,-29.9,23.8,-14.5,11.0,42.6,12.0,0.6,0.7,0.4,-8.8,16.0,78.1,33.1,11.0,47.1,12.0,0.6,0.7,0.4,-27.3,-5.0,1.5,-9.7,11.0,17.8,12.0,0.6,0.7,0.4,-1.4,0.6,20.7,11.5,11.0,22.1,12.0,0.6,0.7,0.4,23.0,415.0,811.5,478.0,12.0,472.0,14.0,0.6,0.7,0.4,25.0,415.0,810.0,480.0,12.0,470.0,14.0,0.6,0.7,0.4
1974,2,199.0,34.0,14.9,15.6,17.31,15.71,7.0,1.51,18.0,0.7,0.5,0.5,13.63,15.0,17.31,15.18,9.0,1.89,14.0,0.6,0.5,0.5,8.01,10.53,10.77,9.74,7.0,1.66,18.0,0.7,0.5,0.5,84.0,88.8,95.3,89.5,7.0,7.1,18.0,0.7,0.5,6.21,8.2,12.29,9.14,10.0,3.11,16.0,0.6,0.5,0.5,-7.7,-3.49,4.5,-1.38,10.0,6.78,16.0,0.6,0.5,0.5,-2.8,0.0,8.14,1.7,10.0,7.16,16.0,0.6,0.5,0.5,1015.27,1018.0,1023.06,1018.81,9.0,3.93,14.0,0.6,0.5,0.5,8.0,8.0,8.0,7.6,10.0,1.3,16.0,0.6,0.5,0.5,-61.5,-23.1,29.7,-5.8,10.0,70.9,16.0,0.6,0.5,0.5,-23.0,0.0,78.8,24.9,10.0,86.1,16.0,0.6,0.5,0.5,-2.01,0.0,2.26,0.34,7.0,2.12,18.0,0.7,0.5,0.5,-23.0,0.0,19.4,2.7,7.0,25.4,18.0,0.7,0.5,0.5,0.29,1.68,2.16,1.33,7.0,1.31,18.0,0.7,0.5,0.5,2.8,12.9,15.3,12.1,7.0,16.5,18.0,0.7,0.5,0.5,-103.5,-25.3,70.2,-14.1,9.0,94.4,14.0,0.6,0.5,0.5,-38.0,0.0,146.6,41.7,9.0,120.3,14.0,0.6,0.5,0.5,-55.5,0.0,46.4,4.5,7.0,61.6,18.0,0.7,0.5,0.5,-32.2,35.7,97.8,35.9,7.0,87.5,18.0,0.7,0.5,0.5,-2.8,0.0,11.5,5.7,7.0,16.8,18.0,0.7,0.5,0.5,-12.7,-3.7,12.2,-0.6,7.0,11.0,18.0,0.7,0.5,0.5,271.5,551.5,1915.0,1012.0,10.0,966.0,16.0,0.6,0.5,0.5,270.0,550.0,1915.0,1010.0,10.0,965.0,16.0,0.6,0.5,0.5
1974,2,199.0,35.0,14.74,15.25,15.5,15.13,4.0,0.48,16.0,0.3,0.5,0.0,13.17,15.0,15.0,14.13,4.0,1.75,16.0,0.3,0.5,0.0,7.11,8.91,9.98,8.56,4.0,1.93,16.0,0.3,0.5,0.0,76.0,85.1,95.3,85.7,4.0,12.0,16.0,0.3,0.0,3.1,4.1,6.2,4.63,4.0,1.96,16.0,0.3,0.5,0.0,-4.35,-2.8,0.68,-1.88,4.0,3.54,16.0,0.3,0.5,0.0,0.42,1.63,4.4,2.37,4.0,2.75,16.0,0.3,0.5,0.0,1022.9,1025.5,1028.1,1025.5,4.0,3.7,16.0,0.3,0.5,0.0,3.5,6.0,8.0,5.8,4.0,2.6,16.0,0.3,0.5,0.0,-25.8,-15.9,2.1,-12.0,4.0,17.1,16.0,0.3,0.5,0.0,2.2,5.9,27.0,14.2,4.0,20.7,16.0,0.3,0.5,0.0,0.24,0.5,1.81,1.0,4.0,1.35,16.0,0.3,0.5,0.0,0.7,2.1,12.5,6.4,4.0,10.2,16.0,0.3,0.5,0.0,0.68,1.74,3.31,1.98,4.0,1.66,16.0,0.3,0.5,0.0,2.1,7.8,21.4,11.6,4.0,12.9,16.0,0.3,0.5,0.0,-59.2,-35.6,10.1,-25.0,4.0,51.4,16.0,0.3,0.5,0.0,6.3,24.5,54.5,30.2,4.0,31.4,16.0,0.3,0.5,0.0,-32.2,-21.2,5.4,-13.7,4.0,30.3,16.0,0.3,0.5,0.0,3.5,16.1,31.3,17.4,4.0,16.8,16.0,0.3,0.5,0.0,-13.5,-6.5,1.4,-6.1,4.0,8.7,16.0,0.3,0.5,0.0,0.4,1.5,14.4,7.1,4.0,12.3,16.0,0.3,0.5,0.0,30.0,81.0,258.5,141.5,4.0,162.0,16.0,0.3,0.5,0.0,30.0,80.0,260.0,140.0,4.0,160.0,16.0,0.3,0.5,0.0
1974,2,199.0,36.0,14.0,14.5,15.37,14.64,5.0,0.98,16.0,0.6,0.6,0.5,12.46,14.2,14.54,13.52,5.0,1.5,16.0,0.6,0.6,0.5,6.05,8.24,9.75,7.94,5.0,1.9,16.0,0.6,0.6,0.5,70.4,87.7,95.4,82.9,5.0,15.7,16.0,0.6,0.5,4.55,12.3,13.81,9.86,5.0,5.19,16.0,0.6,0.6,0.5,-7.31,-3.91,1.86,-2.74,5.0,8.1,16.0,0.6,0.6,0.5,-2.67,2.24,11.65,4.0,5.0,7.31,16.0,0.6,0.6,0.5,1016.27,1023.0,1027.04,1021.6,5.0,6.86,16.0,0.6,0.6,0.5,8.0,8.0,8.0,8.0,5.0,0.0,16.0,0.6,0.6,0.5,-92.7,-19.9,49.4,-18.6,5.0,113.5,16.0,0.6,0.6,0.5,-11.4,28.9,156.6,65.5,5.0,90.7,16.0,0.6,0.6,0.5,-0.07,0.5,2.42,1.12,5.0,1.54,16.0,0.6,0.6,0.5,-0.3,7.7,21.5,11.8,5.0,18.0,16.0,0.6,0.6,0.5,0.64,1.17,4.45,2.32,5.0,2.22,16.0,0.6,0.6,0.5,8.8,15.0,35.0,21.0,5.0,17.8,16.0,0.6,0.6,0.5,-96.9,-46.3,26.9,-33.5,5.0,112.2,16.0,0.6,0.6,0.5,-38.4,29.8,143.2,49.5,5.0,96.6,16.0,0.6,0.6,0.5,-55.3,-26.1,20.9,-16.8,5.0,72.1,16.0,0.6,0.6,0.5,-20.3,18.5,87.5,32.7,5.0,59.6,16.0,0.6,0.6,0.5,-18.1,-14.8,2.7,-8.9,5.0,12.4,16.0,0.6,0.6,0.5,-6.8,2.6,22.9,7.9,5.0,23.2,16.0,0.6,0.6,0.5,101.0,1861.0,2696.5,1568.0,5.0,1511.5,16.0,0.6,0.6,0.5,100.0,1860.0,2695.0,1570.0,5.0,1510.0,16.0,0.6,0.6,0.5
1974,2,199.0,37.0,12.28,14.0,15.37,13.67,9.0,1.58,14.0,0.7,0.4,0.5,10.79,13.5,14.88,12.56,11.0,2.87,14.0,0.6,0.5,0.4,5.79,8.42,9.58,7.55,11.0,2.46,14.0,0.6,0.5,0.4,68.3,85.5,94.9,80.9,11.0,18.3,14.0,0.6,0.4,6.04,8.7,10.51,9.06,11.0,3.57,14.0,0.6,0.5,0.4,-4.44,3.28,8.72,1.27,11.0,8.4,14.0,0.6,0.5,0.4,-4.7,0.0,5.07,0.4,11.0,5.53,14.0,0.6,0.5,0.4,1012.09,1020.0,1024.88,1018.36,11.0,8.28,14.0,0.6,0.5,0.4,4.3,8.0,8.0,6.5,10.0,2.3,14.0,0.7,0.5,0.4,-33.6,16.7,78.0,-2.0,11.0,118.3,14.0,0.6,0.5,0.4,-44.0,0.0,31.6,-2.8,11.0,49.9,14.0,0.6,0.5,0.4,-1.0,0.5,4.5,1.46,9.0,2.98,14.0,0.7,0.4,0.5,-7.3,3.6,62.1,19.8,9.0,35.5,14.0,0.7,0.4,0.5,0.23,1.44,4.53,2.22,9.0,2.35,14.0,0.7,0.4,0.5,1.7,11.6,62.8,25.4,9.0,28.4,14.0,0.7,0.4,0.5,-54.5,44.3,118.4,24.6,11.0,102.8,14.0,0.6,0.5,0.4,-38.6,0.0,72.9,17.5,11.0,61.4,14.0,0.6,0.5,0.4,-35.3,29.9,59.0,11.9,11.0,61.6,14.0,0.6,0.5,0.4,-18.0,0.0,48.7,14.3,11.0,37.6,14.0,0.6,0.5,0.4,-11.5,-0.4,14.3,-3.1,9.0,27.8,14.0,0.7,0.4,0.5,-28.8,-0.5,2.9,-11.3,9.0,24.5,14.0,0.7,0.4,0.5,231.5,658.5,1161.5,1112.0,11.0,1613.5,14.0,0.6,0.5,0.4,230.0,660.0,1160.0,1110.0,11.0,1615.0,14.0,0.6,0.5,0.4
1974,2,199.0,38.0,13.24,13.75,14.26,13.75,2.0,1.06,14.0,0.5,0.4,0.3,11.37,13.25,15.13,13.25,2.0,3.89,14.0,0.5,0.4,0.3,6.65,8.04,9.43,8.04,2.0,2.88,14.0,0.5,0.4,0.3,79.3,83.5,87.7,83.5,2.0,8.7,14.0,0.5,0.3,6.24,8.7,11.16,8.7,2.0,5.09,14.0,0.5,0.4,0.3,-9.73,-4.2,1.33,-4.2,2.0,11.46,14.0,0.5,0.4,0.3,-2.76,-1.64,-0.52,-1.64,2.0,2.32,14.0,0.5,0.4,0.3,1017.43,1020.5,1023.57,1020.5,2.0,6.36,14.0,0.5,0.4,0.3,5.5,6.5,7.5,6.5,2.0,2.1,14.0,0.5,0.4,0.3,-124.1,-65.7,-7.2,-65.7,2.0,121.1,14.0,0.5,0.4,0.3,-14.1,-8.4,-2.7,-8.4,2.0,11.8,14.0,0.5,0.4,0.3,-0.87,0.5,1.87,0.5,2.0,2.83,14.0,0.5,0.4,0.3,-1.6,11.6,24.7,11.6,2.0,27.2,14.0,0.5,0.4,0.3,0.61,1.65,2.69,1.65,2.0,2.15,14.0,0.5,0.4,0.3,6.8,19.8,32.9,19.8,2.0,27.1,14.0,0.5,0.4,0.3,-98.7,-33.3,32.1,-33.3,2.0,135.5,14.0,0.5,0.4,0.3,-44.1,-26.2,-8.3,-26.2,2.0,37.1,14.0,0.5,0.4,0.3,-55.9,-17.2,21.4,-17.2,2.0,80.0,14.0,0.5,0.4,0.3,-27.8,-16.5,-5.2,-16.5,2.0,23.4,14.0,0.5,0.4,0.3,-32.7,-19.3,-5.8,-19.3,2.0,28.0,14.0,0.5,0.4,0.3,-0.4,-0.2,-0.1,-0.2,2.0,0.3,14.0,0.5,0.4,0.3,407.0,997.0,1586.5,997.0,2.0,1222.0,14.0,0.5,0.4,0.3,405.0,995.0,1585.0,995.0,2.0,1220.0,14.0,0.5,0.4,0.3
1974,2,199.0,39.0,10.63,11.2,12.91,11.78,5.0,1.9,12.0,0.2,0.4,0.4,10.91,12.35,13.21,11.73,6.0,2.57,10.0,0.2,0.5,0.5,6.0,8.19,8.95,7.46,6.0,2.17,10.0,0.2,0.5,0.5,72.9,89.2,95.9,84.8,6.0,15.1,10.0,0.2,0.5,10.77,14.65,15.73,12.87,6.0,5.2,10.0,0.2,0.5,0.5,1.57,4.02,8.7,5.01,6.0,5.61,10.0,0.2,0.5,0.5,-2.27,8.87,14.57,6.04,6.0,10.98,10.0,0.2,0.5,0.5,1008.48,1011.65,1022.42,1014.85,6.0,8.76,10.0,0.2,0.5,0.5,2.6,4.0,8.0,5.0,5.0,2.8,12.0,0.2,0.4,0.4,-0.7,63.1,128.3,71.7,6.0,88.0,10.0,0.2,0.5,0.5,-32.9,130.3,224.3,98.5,6.0,162.5,10.0,0.2,0.5,0.5,-1.68,-1.0,2.46,0.3,5.0,2.86,12.0,0.2,0.4,0.4,-22.0,-3.9,33.0,5.5,5.0,37.0,12.0,0.2,0.4,0.4,0.12,0.96,2.6,1.41,5.0,2.04,12.0,0.2,0.4,0.4,-2.7,14.8,35.2,17.7,5.0,27.6,12.0,0.2,0.4,0.4,22.3,53.7,110.1,65.3,6.0,64.8,10.0,0.2,0.5,0.5,-13.1,112.7,197.7,91.0,6.0,116.6,10.0,0.2,0.5,0.5,13.7,36.8,70.4,40.8,6.0,36.5,10.0,0.2,0.5,0.5,-6.6,72.6,134.3,63.7,6.0,77.5,10.0,0.2,0.5,0.5,-5.0,1.3,9.3,1.9,5.0,9.3,12.0,0.2,0.4,0.4,-28.5,0.2,9.9,-9.5,5.0,30.8,12.0,0.2,0.4,0.4,1707.0,3147.0,3912.5,2837.0,6.0,1652.0,10.0,0.2,0.5,0.5,1705.0,3145.0,3915.0,2835.0,6.0,1650.0,10.0,0.2,0.5,0.5
1974,2,199.0,40.0,10.5,10.8,10.87,10.72,5.0,0.22,18.0,0.6,0.8,0.4,5.76,9.0,11.52,8.67,7.0,2.82,20.0,0.7,0.7,0.4,3.63,5.33,7.08,5.38,5.0,1.82,18.0,0.6,0.8,0.4,65.2,70.6,82.0,73.3,5.0,10.5,18.0,0.6,0.4,7.37,10.15,13.4,10.84,8.0,3.96,22.0,0.8,0.7,0.4,0.74,6.73,12.07,7.19,8.0,5.71,22.0,0.8,0.7,0.4,-6.57,-5.65,1.68,-3.07,8.0,6.88,22.0,0.8,0.7,0.4,1004.33,1025.0,1028.0,1017.17,7.0,13.05,20.0,0.7,0.7,0.4,1.4,7.0,8.0,5.5,8.0,3.3,22.0,0.8,0.7,0.4,5.4,69.6,160.0,93.9,8.0,100.8,22.0,0.8,0.7,0.4,-96.5,-55.0,12.2,-31.0,8.0,85.3,22.0,0.8,0.7,0.4,-1.0,0.3,5.22,1.78,5.0,3.26,18.0,0.6,0.8,0.4,-9.5,5.4,49.2,16.7,5.0,30.6,18.0,0.6,0.8,0.4,1.01,2.76,4.18,2.6,5.0,1.72,18.0,0.6,0.8,0.4,8.3,35.0,46.4,28.9,5.0,20.1,18.0,0.6,0.8,0.4,0.0,77.1,116.4,68.8,7.0,64.3,20.0,0.7,0.7,0.4,-58.3,-39.9,34.5,-9.7,7.0,70.2,20.0,0.7,0.7,0.4,15.8,46.0,65.1,42.3,5.0,33.4,18.0,0.6,0.8,0.4,-33.5,-20.8,42.7,3.3,5.0,51.6,18.0,0.6,0.8,0.4,1.8,9.2,34.1,17.1,5.0,19.6,18.0,0.6,0.8,0.4,-30.5,-17.0,3.9,-15.2,5.0,20.4,18.0,0.6,0.8,0.4,405.0,1046.5,2406.0,1744.0,8.0,1853.5,22.0,0.8,0.7,0.4,405.0,1045.0,2405.0,1745.0,8.0,1855.0,22.0,0.8,0.7,0.4
1974,2,199.0,41.0,8.65,9.4,9.81,9.23,3.0,0.86,16.0,0.3,0.7,0.8,6.34,6.85,9.87,8.05,4.0,2.86,18.0,0.3,0.6,0.8,3.53,4.05,5.94,4.71,4.0,1.76,18.0,0.3,0.6,0.8,60.6,66.2,75.9,68.1,4.0,9.5,18.0,0.3,0.8,11.01,12.9,13.42,12.25,4.0,2.02,18.0,0.3,0.6,0.8,4.79,9.47,11.73,8.31,4.0,4.82,18.0,0.3,0.6,0.8,-9.54,-5.7,3.61,-3.09,4.0,8.72,18.0,0.3,0.6,0.8,998.96,1016.9,1028.4,1013.83,4.0,17.76,18.0,0.3,0.6,0.8,3.4,6.5,8.0,5.8,4.0,2.9,18.0,0.3,0.6,0.8,58.8,127.5,156.3,108.5,4.0,66.8,18.0,0.3,0.6,0.8,-107.3,-57.0,51.3,-29.3,4.0,110.0,18.0,0.3,0.6,0.8,-1.22,1.1,2.53,0.67,3.0,2.78,16.0,0.3,0.7,0.8,-17.3,14.2,32.7,7.8,3.0,37.0,16.0,0.3,0.7,0.8,1.09,2.33,3.29,2.19,3.0,1.62,16.0,0.3,0.7,0.8,14.4,30.1,42.5,28.5,3.0,20.6,16.0,0.3,0.7,0.8,30.0,71.4,112.2,71.1,4.0,51.8,18.0,0.3,0.6,0.8,-60.4,-37.8,49.9,-6.8,4.0,80.5,18.0,0.3,0.6,0.8,16.7,42.9,67.6,42.2,4.0,31.4,18.0,0.3,0.6,0.8,-33.7,-21.6,29.2,-3.1,4.0,46.7,18.0,0.3,0.6,0.8,13.1,29.6,30.6,22.0,3.0,14.4,16.0,0.3,0.7,0.8,-26.9,-5.2,1.4,-12.5,3.0,21.7,16.0,0.3,0.7,0.8,1443.5,2146.5,2429.0,1946.0,4.0,802.5,18.0,0.3,0.6,0.8,1445.0,2145.0,2430.0,1945.0,4.0,800.0,18.0,0.3,0.6,0.8
1974,2,199.0,42.0,8.35,8.7,9.1,8.73,4.0,0.44,24.0,0.3,0.9,0.5,4.6,6.95,9.41,7.18,6.0,2.67,20.0,0.3,0.8,0.6,3.33,3.59,5.19,4.23,4.0,1.54,24.0,0.3,0.9,0.5,64.5,67.3,81.2,72.6,4.0,14.1,24.0,0.3,0.5,8.08,10.4,13.72,10.78,6.0,3.71,20.0,0.3,0.8,0.6,-5.65,4.64,7.67,1.89,6.0,7.85,20.0,0.3,0.8,0.6,-8.37,-5.59,9.1,-1.19,6.0,9.26,20.0,0.3,0.8,0.6,1022.79,1029.1,1030.13,1024.65,6.0,12.06,20.0,0.3,0.8,0.6,5.0,8.0,8.0,6.8,5.0,1.6,22.0,0.2,0.9,0.5,-55.9,43.8,88.5,15.8,6.0,106.8,20.0,0.3,0.8,0.6,-96.0,-47.2,99.5,-2.7,6.0,122.3,20.0,0.3,0.8,0.6,1.76,3.7,3.75,2.8,4.0,1.87,24.0,0.3,0.9,0.5,17.7,39.0,44.6,31.5,4.0,21.5,24.0,0.3,0.9,0.5,1.77,3.29,3.44,2.64,4.0,1.46,24.0,0.3,0.9,0.5,17.7,35.7,39.6,29.0,4.0,17.8,24.0,0.3,0.9,0.5,-49.6,30.9,40.3,3.0,6.0,54.7,20.0,0.3,0.8,0.6,-40.1,-33.8,93.3,7.3,6.0,70.6,20.0,0.3,0.8,0.6,-5.3,23.3,30.6,13.1,4.0,28.3,24.0,0.3,0.9,0.5,-30.2,-26.5,-24.0,-27.1,4.0,3.7,24.0,0.3,0.9,0.5,9.5,23.0,28.1,19.0,4.0,14.6,24.0,0.3,0.9,0.5,-27.7,-26.6,-13.4,-20.8,4.0,12.8,24.0,0.3,0.9,0.5,561.0,1136.0,2671.0,1634.0,6.0,1556.0,20.0,0.3,0.8,0.6,560.0,1135.0,2670.0,1635.0,6.0,1555.0,20.0,0.3,0.8,0.6
1974,2,199.0,43.0,7.29,8.15,9.1,8.13,6.0,1.09,12.0,0.2,0.8,0.5,6.4,8.5,10.0,8.21,9.0,2.05,10.0,0.2,0.8,0.4,4.69,5.45,5.89,5.27,6.0,1.16,12.0,0.2,0.8,0.5,72.3,78.5,84.9,78.0,6.0,8.3,12.0,0.2,0.5,1.97,7.2,13.33,8.11,9.0,5.58,10.0,0.2,0.8,0.4,-1.53,1.08,10.55,4.37,9.0,6.39,10.0,0.2,0.8,0.4,-1.15,0.0,8.35,2.62,9.0,5.92,10.0,0.2,0.8,0.4,1001.17,1008.0,1017.0,1009.81,9.0,9.33,10.0,0.2,0.8,0.4,1.3,7.0,8.0,5.4,9.0,3.2,10.0,0.2,0.8,0.4,-12.7,6.7,136.9,61.5,9.0,86.8,10.0,0.2,0.8,0.4,-5.3,0.0,103.8,33.3,9.0,80.5,10.0,0.2,0.8,0.4,-0.77,-0.25,0.76,0.15,6.0,1.86,12.0,0.2,0.8,0.5,-10.6,-1.5,9.0,2.3,6.0,21.5,12.0,0.2,0.8,0.5,0.91,1.17,1.89,1.46,6.0,0.92,12.0,0.2,0.8,0.5,1.3,9.7,17.0,11.9,6.0,13.7,12.0,0.2,0.8,0.5,-16.0,10.2,79.7,30.6,9.0,54.8,10.0,0.2,0.8,0.4,-11.5,0.0,65.1,26.9,9.0,46.7,10.0,0.2,0.8,0.4,5.5,17.6,59.6,31.1,6.0,33.6,12.0,0.2,0.8,0.5,-5.0,0.0,42.7,14.0,6.0,34.9,12.0,0.2,0.8,0.5,1.3,5.2,13.9,8.7,6.0,10.8,12.0,0.2,0.8,0.5,-5.1,0.0,7.8,-1.3,6.0,12.1,12.0,0.2,0.8,0.5,27.0,373.0,2404.5,1227.5,9.0,1654.5,10.0,0.2,0.8,0.4,25.0,375.0,2405.0,1225.0,9.0,1655.0,10.0,0.2,0.8,0.4
1974,2,199.0,44.0,7.3,7.3,8.0,7.58,5.0,0.38,20.0,1.0,1.0,0.1,2.41,3.8,4.73,3.52,5.0,2.18,20.0,1.0,1.0,0.1,3.21,3.22,3.67,3.43,4.0,0.43,20.0,1.0,0.9,0.2,65.4,65.8,68.2,66.7,4.0,2.4,20.0,1.0,0.2,12.57,13.0,16.01,14.28,5.0,3.0,20.0,1.0,1.0,0.1,3.66,9.96,11.52,7.58,5.0,6.41,20.0,1.0,1.0,0.1,-9.07,-8.36,7.01,-1.47,5.0,12.18,20.0,1.0,1.0,0.1,1007.31,1026.6,1028.27,1019.24,5.0,11.84,20.0,1.0,1.0,0.1,5.2,8.0,8.0,6.6,5.0,2.6,20.0,1.0,1.0,0.1,34.6,129.5,156.1,94.5,5.0,93.9,20.0,1.0,1.0,0.1,-116.0,-108.6,136.8,5.9,5.0,212.1,20.0,1.0,1.0,0.1,2.83,3.5,5.14,4.06,5.0,2.29,20.0,1.0,1.0,0.1,36.1,42.9,88.1,63.1,5.0,52.6,20.0,1.0,1.0,0.1,2.79,3.02,3.02,2.91,4.0,0.22,20.0,1.0,0.9,0.2,34.7,37.8,40.9,37.8,4.0,3.9,20.0,1.0,0.9,0.2,18.6,39.8,54.1,37.5,5.0,27.8,20.0,1.0,1.0,0.1,-34.5,-33.4,0.0,-20.5,5.0,18.7,20.0,1.0,1.0,0.1,28.3,33.3,44.0,36.0,4.0,11.8,20.0,1.0,0.9,0.2,-29.3,-27.9,-12.8,-21.3,4.0,14.3,20.0,1.0,0.9,0.2,26.6,31.3,32.9,29.8,4.0,4.5,20.0,1.0,0.9,0.2,-27.5,-26.2,-12.0,-20.1,4.0,13.4,20.0,1.0,0.9,0.2,1994.0,2197.0,4450.0,3246.0,5.0,2358.0,20.0,1.0,1.0,0.1,1995.0,2195.0,4450.0,3245.0,5.0,2360.0,20.0,1.0,1.0,0.1
1974,2,199.0,45.0,6.19,7.0,9.54,7.83,4.0,2.47,12.0,0.0,0.6,0.3,4.03,6.9,8.67,6.38,4.0,2.88,12.0,0.0,0.6,0.3,4.11,5.63,6.24,5.2,4.0,1.43,12.0,0.0,0.6,0.3,79.1,88.8,91.2,85.3,4.0,9.6,12.0,0.0,0.3,7.94,8.2,12.29,10.03,4.0,3.99,12.0,0.0,0.6,0.3,6.96,7.95,9.29,8.12,4.0,1.66,12.0,0.0,0.6,0.3,-6.42,0.0,2.76,-1.75,4.0,7.43,12.0,0.0,0.6,0.3,1000.24,1014.05,1027.7,1013.98,4.0,15.85,12.0,0.0,0.6,0.3,7.3,8.0,8.0,7.7,3.0,0.6,12.0,0.0,0.6,0.1,55.2,63.3,118.2,85.6,4.0,53.0,12.0,0.0,0.6,0.3,-102.7,0.0,22.6,-38.2,4.0,107.2,12.0,0.0,0.6,0.3,-1.69,1.2,4.61,1.45,4.0,3.81,12.0,0.0,0.6,0.3,-13.7,21.1,49.9,18.2,4.0,36.9,12.0,0.0,0.6,0.3,0.03,1.4,2.81,1.42,4.0,1.63,12.0,0.0,0.6,0.3,0.2,14.2,32.7,16.4,4.0,19.4,12.0,0.0,0.6,0.3,36.0,50.8,60.4,48.3,4.0,15.7,12.0,0.0,0.6,0.3,-17.3,0.0,24.9,3.6,4.0,33.1,12.0,0.0,0.6,0.3,36.2,40.8,44.7,40.5,4.0,5.9,12.0,0.0,0.6,0.3,-20.7,0.0,17.5,-1.5,4.0,29.8,12.0,0.0,0.6,0.3,0.4,13.9,25.4,13.0,4.0,14.5,12.0,0.0,0.6,0.3,-16.4,-0.7,0.0,-7.8,4.0,14.8,12.0,0.0,0.6,0.3,501.5,551.5,2408.5,1414.0,4.0,1788.5,12.0,0.0,0.6,0.3,500.0,550.0,2410.0,1415.0,4.0,1790.0,12.0,0.0,0.6,0.3
1974,2,199.0,46.0,5.8,6.1,6.5,6.13,6.0,0.32,20.0,0.3,0.9,0.3,2.9,3.2,6.57,4.34,7.0,2.07,20.0,0.3,0.8,0.3,3.06,3.51,5.89,4.25,5.0,1.51,18.0,0.4,0.9,0.4,66.3,70.7,90.6,76.8,5.0,14.9,18.0,0.4,0.4,11.93,14.15,14.9,14.21,8.0,2.3,20.0,0.3,0.8,0.3,9.17,11.09,11.4,10.53,8.0,1.95,20.0,0.3,0.8,0.3,-10.49,-6.97,3.14,-5.27,8.0,8.6,20.0,0.3,0.8,0.3,998.25,1024.25,1026.89,1016.56,8.0,13.74,20.0,0.3,0.8,0.3,5.0,7.0,8.0,6.1,8.0,2.4,20.0,0.3,0.8,0.3,124.9,138.6,168.8,147.1,8.0,24.8,20.0,0.3,0.8,0.3,-146.4,-97.8,37.1,-84.2,8.0,142.6,20.0,0.3,0.8,0.3,-0.31,2.3,3.0,1.57,6.0,1.91,20.0,0.3,0.9,0.3,-4.6,29.2,43.4,20.6,6.0,26.4,20.0,0.3,0.9,0.3,0.21,2.23,2.67,1.61,5.0,1.3,18.0,0.4,0.9,0.4,2.9,31.0,33.5,20.7,5.0,16.4,18.0,0.4,0.9,0.4,30.9,35.7,73.0,46.1,7.0,25.6,20.0,0.3,0.8,0.3,-43.1,-18.2,28.6,-6.6,7.0,44.5,20.0,0.3,0.8,0.3,31.1,36.2,66.0,46.2,5.0,18.5,18.0,0.4,0.9,0.4,-26.9,-11.2,35.7,2.1,5.0,37.7,18.0,0.4,0.9,0.4,2.3,19.9,29.9,17.0,5.0,14.1,18.0,0.4,0.9,0.4,-19.3,-11.5,1.3,-9.8,5.0,11.1,18.0,0.4,0.9,0.4,1704.5,2836.0,3308.0,3078.5,8.0,1667.5,20.0,0.3,0.8,0.3,1705.0,2835.0,3310.0,3080.0,8.0,1665.0,20.0,0.3,0.8,0.3
1974,2,199.0,47.0,5.0,6.0,7.52,6.25,4.0,1.5,10.0,0.5,0.5,0.4,4.06,5.0,5.16,4.63,4.0,0.96,10.0,0.5,0.5,0.4,4.01,4.61,4.85,4.44,4.0,0.68,10.0,0.5,0.5,0.4,77.8,83.6,89.0,83.4,4.0,7.7,10.0,0.5,0.4,9.49,12.15,16.65,13.03,4.0,5.56,10.0,0.5,0.5,0.4,9.34,11.97,16.56,12.91,4.0,5.62,10.0,0.5,0.5,0.4,-1.09,0.63,1.71,0.33,4.0,1.83,10.0,0.5,0.5,0.4,995.64,1004.25,1018.57,1006.98,4.0,14.52,10.0,0.5,0.5,0.4,3.9,7.0,8.0,6.0,4.0,2.8,10.0,0.5,0.5,0.4,94.3,145.4,293.3,191.6,4.0,161.5,10.0,0.5,0.5,0.4,-13.1,4.5,18.0,2.6,4.0,21.4,10.0,0.5,0.5,0.4,0.86,1.9,2.37,1.63,4.0,1.15,10.0,0.5,0.5,0.4,6.9,18.0,39.4,22.9,4.0,23.6,10.0,0.5,0.5,0.4,0.98,1.74,2.02,1.51,4.0,0.77,10.0,0.5,0.5,0.4,8.2,17.0,33.9,20.9,4.0,17.3,10.0,0.5,0.5,0.4,36.6,49.2,86.0,60.8,4.0,34.2,10.0,0.5,0.5,0.4,-3.5,3.1,8.6,2.6,4.0,7.6,10.0,0.5,0.5,0.4,36.6,51.2,79.0,57.5,4.0,27.8,10.0,0.5,0.5,0.4,-3.8,2.9,8.4,2.3,4.0,7.8,10.0,0.5,0.5,0.4,8.0,16.7,33.8,20.7,4.0,17.3,10.0,0.5,0.5,0.4,-2.0,0.4,1.5,-0.2,4.0,2.6,10.0,0.5,0.5,0.4,1018.0,1794.5,5466.0,3176.0,4.0,3771.0,10.0,0.5,0.5,0.4,1020.0,1795.0,5465.0,3175.0,4.0,3770.0,10.0,0.5,0.5,0.4
1974,2,199.0,48.0,4.29,5.0,6.0,5.25,11.0,1.03,20.0,0.7,0.4,0.4,-0.5,3.35,4.5,2.66,10.0,2.89,20.0,0.7,0.4,0.4,2.65,3.89,4.61,3.74,10.0,0.93,20.0,0.7,0.4,0.4,71.9,81.5,86.9,79.7,10.0,8.0,20.0,0.7,0.4,7.41,11.3,17.44,12.03,10.0,5.2,20.0,0.7,0.5,0.4,5.44,10.53,13.96,9.47,10.0,6.13,20.0,0.7,0.5,0.4,-7.9,-3.17,4.25,-2.65,10.0,6.54,20.0,0.7,0.5,0.4,997.81,1016.0,1022.62,1011.04,11.0,13.03,20.0,0.7,0.4,0.4,6.0,7.5,8.0,6.9,10.0,1.6,20.0,0.7,0.5,0.4,38.0,126.9,248.6,139.2,10.0,132.9,20.0,0.7,0.5,0.4,-107.4,-24.9,36.3,-35.0,10.0,109.3,20.0,0.7,0.5,0.4,0.5,1.3,5.14,2.56,10.0,2.62,20.0,0.7,0.4,0.4,5.8,16.5,32.2,32.0,9.0,49.5,20.0,0.7,0.5,0.4,0.94,1.47,2.76,1.76,10.0,0.94,20.0,0.7,0.4,0.4,8.9,20.0,24.2,22.0,9.0,19.1,20.0,0.7,0.5,0.4,0.6,28.3,66.5,29.6,9.0,34.6,20.0,0.7,0.5,0.4,-21.0,0.0,25.9,0.3,9.0,22.2,20.0,0.7,0.5,0.4,23.9,35.5,55.5,38.3,9.0,24.2,20.0,0.7,0.5,0.4,-29.7,-20.1,21.4,-8.2,9.0,24.6,20.0,0.7,0.5,0.4,5.1,15.7,22.9,15.6,9.0,17.0,20.0,0.7,0.5,0.4,-17.7,-3.9,6.4,-7.4,9.0,16.8,20.0,0.7,0.5,0.4,409.0,1451.5,5793.0,2699.5,10.0,3280.0,20.0,0.7,0.5,0.4,410.0,1450.0,5795.0,2700.0,10.0,3280.0,20.0,0.7,0.5,0.4
1974,2,199.0,49.0,4.63,6.0,6.0,5.4,5.0,0.89,14.0,0.8,0.8,0.3,2.86,4.5,6.24,4.84,7.0,3.35,16.0,0.7,0.7,0.3,3.64,4.5,5.47,4.81,7.0,1.47,16.0,0.7,0.7,0.3,81.8,85.0,93.6,86.1,7.0,6.0,16.0,0.7,0.3,9.57,10.55,14.16,11.92,6.0,3.74,18.0,0.7,0.7,0.3,3.89,9.03,11.23,7.78,6.0,4.64,18.0,0.7,0.7,0.3,-3.4,0.76,8.86,0.64,6.0,9.47,18.0,0.7,0.7,0.3,989.71,995.8,1009.1,998.69,7.0,12.46,16.0,0.7,0.7,0.3,7.0,8.0,8.0,7.4,7.0,0.8,16.0,0.7,0.7,0.3,38.1,95.6,169.3,97.7,6.0,70.0,18.0,0.7,0.7,0.3,-64.6,6.6,87.9,-18.4,6.0,151.0,18.0,0.7,0.7,0.3,0.32,2.0,3.37,1.9,5.0,1.67,14.0,0.8,0.8,0.3,3.1,14.0,50.1,26.0,4.0,34.5,14.0,0.8,0.8,0.4,0.93,1.55,2.02,1.5,5.0,0.58,14.0,0.8,0.8,0.3,10.4,14.7,27.1,18.5,4.0,12.4,14.0,0.8,0.8,0.4,0.0,36.3,48.7,29.5,6.0,24.6,18.0,0.7,0.7,0.3,0.0,4.1,63.8,28.7,6.0,45.9,18.0,0.7,0.7,0.3,19.7,37.6,49.5,34.2,6.0,20.8,18.0,0.7,0.7,0.3,-10.4,4.1,50.3,13.2,6.0,43.9,18.0,0.7,0.7,0.3,8.2,14.7,17.5,12.9,4.0,6.3,14.0,0.8,0.8,0.4,-16.5,0.0,3.7,-6.1,4.0,17.3,14.0,0.8,0.8,0.4,883.0,1176.0,3120.0,2159.5,6.0,2356.5,18.0,0.7,0.7,0.3,885.0,1175.0,3120.0,2160.0,6.0,2355.0,18.0,0.7,0.7,0.3
1974,2,199.0,50.0,4.0,4.75,6.29,5.13,4.0,1.44,20.0,0.5,0.7,0.5,-2.0,-1.5,3.83,0.7,5.0,3.9,18.0,0.6,0.7,0.6,2.42,2.92,4.16,3.25,5.0,1.18,18.0,0.6,0.7,0.6,72.2,80.1,85.5,78.4,5.0,11.7,18.0,0.6,0.6,13.9,17.0,18.37,16.36,5.0,2.35,18.0,0.6,0.7,0.6,-4.8,6.5,9.7,3.02,5.0,8.41,18.0,0.6,0.7,0.6,-16.42,-13.02,11.76,-4.43,5.0,15.28,18.0,0.6,0.7,0.6,1001.98,1012.0,1016.69,1009.6,5.0,9.68,18.0,0.6,0.7,0.6,4.8,7.0,8.0,6.2,5.0,2.9,18.0,0.6,0.7,0.6,-66.7,123.5,170.7,62.7,5.0,135.0,18.0,0.6,0.7,0.6,-302.0,-221.4,163.4,-100.6,5.0,250.2,18.0,0.6,0.7,0.6,4.45,5.75,7.57,6.0,4.0,2.27,20.0,0.5,0.7,0.5,72.6,106.5,134.4,103.7,4.0,43.2,20.0,0.5,0.7,0.5,2.14,2.72,3.18,2.66,4.0,0.61,20.0,0.5,0.7,0.5,34.3,48.4,57.2,45.9,4.0,14.3,20.0,0.5,0.7,0.5,-19.3,-16.9,-13.3,-16.6,5.0,3.6,18.0,0.6,0.7,0.6,22.6,26.0,57.7,40.5,5.0,31.4,18.0,0.6,0.7,0.6,-19.6,12.5,27.1,4.8,5.0,26.7,18.0,0.6,0.7,0.6,-39.5,-34.2,49.9,-1.3,5.0,51.6,18.0,0.6,0.7,0.6,0.4,20.6,28.5,14.7,4.0,22.7,20.0,0.5,0.7,0.5,-49.2,-39.2,-6.1,-28.2,4.0,33.9,20.0,0.5,0.7,0.5,2685.5,4913.0,6207.0,4595.0,5.0,1874.0,18.0,0.6,0.7,0.6,2685.0,4915.0,6205.0,4595.0,5.0,1875.0,18.0,0.6,0.7,0.6
1974,2,199.0,51.0,3.7,4.0,4.71,4.08,11.0,0.89,12.0,0.2,0.6,0.3,1.34,3.5,4.79,3.02,10.0,2.85,10.0,0.3,0.6,0.3,3.1,3.97,5.09,4.04,9.0,0.99,8.0,0.3,0.6,0.4,78.3,84.2,88.4,82.5,9.0,11.9,8.0,0.3,0.4,6.15,10.55,20.85,12.7,12.0,6.42,12.0,0.3,0.7,0.4,-7.62,5.07,13.97,3.95,12.0,9.33,12.0,0.3,0.7,0.4,-16.48,3.53,7.32,-0.95,12.0,10.59,12.0,0.3,0.7,0.4,988.86,1009.05,1013.48,1002.8,12.0,11.73,12.0,0.3,0.7,0.4,6.6,7.0,8.0,7.3,11.0,0.8,10.0,0.3,0.6,0.4,-68.2,43.9,303.5,92.3,12.0,156.2,12.0,0.3,0.7,0.4,-324.0,23.6,76.5,-47.8,12.0,199.5,12.0,0.3,0.7,0.4,-0.37,0.8,2.87,1.69,9.0,2.9,10.0,0.2,0.6,0.3,-3.8,7.2,34.3,25.5,9.0,53.0,10.0,0.2,0.6,0.3,0.82,1.16,2.18,1.35,8.0,0.91,8.0,0.3,0.5,0.3,4.9,8.6,42.8,17.5,8.0,20.5,8.0,0.3,0.5,0.3,-29.5,0.2,31.8,2.1,10.0,33.0,10.0,0.3,0.6,0.3,3.8,19.9,55.6,26.1,10.0,24.9,10.0,0.3,0.6,0.3,-31.5,10.6,28.5,0.4,9.0,32.2,8.0,0.3,0.6,0.4,3.1,17.4,37.1,16.4,9.0,27.0,8.0,0.3,0.6,0.4,-9.4,2.2,24.1,5.2,8.0,17.2,8.0,0.3,0.5,0.3,-1.1,3.3,7.0,0.2,8.0,21.1,8.0,0.3,0.5,0.3,232.5,1176.0,9081.5,3583.0,12.0,4223.0,12.0,0.3,0.7,0.4,235.0,1175.0,9080.0,3585.0,12.0,4225.0,12.0,0.3,0.7,0.4
1974,2,199.0,52.0,2.93,4.5,6.0,4.16,7.0,1.65,16.0,0.7,0.6,0.4,-1.03,2.25,4.6,1.5,6.0,3.92,14.0,0.7,0.6,0.4,3.2,4.54,4.84,4.08,5.0,0.99,12.0,0.6,0.6,0.5,85.4,92.6,95.5,91.2,5.0,6.2,12.0,0.6,0.5,8.93,10.8,13.84,11.46,7.0,6.25,16.0,0.7,0.6,0.4,4.44,9.16,10.2,7.32,7.0,3.6,16.0,0.7,0.6,0.4,-12.93,-3.69,0.43,-5.21,7.0,9.22,16.0,0.7,0.6,0.4,982.98,1004.5,1013.05,999.61,7.0,14.6,16.0,0.7,0.6,0.4,4.3,6.0,8.0,6.0,5.0,2.1,16.0,0.6,0.6,0.4,50.6,85.2,122.6,97.5,7.0,79.5,16.0,0.7,0.6,0.4,-181.8,-39.9,4.4,-95.9,7.0,172.9,16.0,0.7,0.6,0.4,-0.41,1.5,6.8,2.77,6.0,4.24,14.0,0.7,0.6,0.4,-5.1,8.1,96.6,45.4,6.0,88.2,14.0,0.7,0.6,0.4,0.28,0.7,1.83,1.03,5.0,1.0,12.0,0.6,0.6,0.5,1.6,4.1,25.7,14.5,5.0,24.9,12.0,0.6,0.6,0.5,-11.7,3.4,28.1,3.4,6.0,34.4,14.0,0.7,0.6,0.4,-8.2,0.0,52.1,16.4,6.0,47.2,14.0,0.7,0.6,0.4,18.7,29.5,37.0,27.8,5.0,13.8,12.0,0.6,0.6,0.5,-42.6,-5.7,16.2,-10.0,5.0,37.1,12.0,0.6,0.6,0.5,1.5,2.1,14.8,8.1,5.0,12.1,12.0,0.6,0.6,0.5,-19.3,-0.5,1.3,-9.8,5.0,23.1,12.0,0.6,0.6,0.5,766.0,1259.5,2843.0,2710.0,7.0,3969.0,16.0,0.7,0.6,0.4,765.0,1260.0,2845.0,2710.0,7.0,3970.0,16.0,0.7,0.6,0.4
1974,2,199.0,53.0,2.49,3.5,4.57,3.67,7.0,1.31,20.0,0.4,0.7,0.7,-0.37,1.0,2.49,1.04,5.0,1.61,20.0,0.4,0.7,0.7,2.91,3.35,4.2,3.52,5.0,0.83,20.0,0.4,0.7,0.7,73.4,89.5,100.0,85.9,5.0,17.6,20.0,0.4,0.7,11.03,13.65,14.4,14.6,8.0,4.9,20.0,0.4,0.7,0.6,0.77,10.66,13.07,7.82,8.0,9.49,20.0,0.4,0.7,0.6,-9.15,-6.7,-2.48,-4.92,8.0,8.95,20.0,0.4,0.7,0.6,1003.78,1010.85,1017.0,1008.88,8.0,11.0,20.0,0.4,0.7,0.6,7.0,8.0,8.0,7.0,8.0,2.1,20.0,0.4,0.7,0.6,8.3,126.9,175.8,130.0,8.0,194.3,20.0,0.4,0.7,0.6,-129.2,-86.3,-32.1,-88.4,8.0,177.2,20.0,0.4,0.7,0.6,0.32,1.5,4.68,2.3,5.0,2.31,20.0,0.4,0.7,0.7,4.6,16.2,66.5,31.5,5.0,33.1,20.0,0.4,0.7,0.7,0.8,1.47,1.88,1.32,5.0,0.71,20.0,0.4,0.7,0.7,8.8,21.2,25.1,17.3,5.0,9.8,20.0,0.4,0.7,0.7,-4.4,0.0,13.4,3.9,5.0,13.4,20.0,0.4,0.7,0.7,-10.4,0.0,20.2,5.5,5.0,22.5,20.0,0.4,0.7,0.7,-15.7,23.2,31.7,9.2,5.0,32.3,20.0,0.4,0.7,0.7,-30.7,-21.7,14.5,-6.7,5.0,42.5,20.0,0.4,0.7,0.7,-5.9,8.0,21.7,7.1,5.0,16.1,20.0,0.4,0.7,0.7,-13.2,-12.3,-5.2,-9.2,5.0,6.7,20.0,0.4,0.7,0.7,1358.0,2546.0,2986.0,4214.5,8.0,5606.0,20.0,0.4,0.7,0.6,1360.0,2545.0,2985.0,4215.0,8.0,5605.0,20.0,0.4,0.7,0.6
1974,2,199.0,54.0,1.8,3.0,4.0,2.86,26.0,1.08,18.0,0.4,0.6,0.2,-7.11,-2.0,3.2,-1.63,23.0,4.95,18.0,0.4,0.6,0.2,2.31,4.25,5.34,3.93,10.0,1.42,14.0,0.6,0.5,0.2,80.9,86.4,100.0,88.4,10.0,9.6,14.0,0.6,0.2,7.68,11.05,18.08,12.56,26.0,5.58,20.0,0.3,0.6,0.2,-3.93,6.64,11.09,5.11,26.0,7.38,20.0,0.3,0.6,0.2,-12.79,-5.65,0.1,-5.29,26.0,9.18,20.0,0.3,0.6,0.2,995.86,1010.0,1015.03,1006.95,28.0,11.07,18.0,0.4,0.6,0.2,3.5,6.0,8.0,5.9,23.0,2.1,20.0,0.3,0.6,0.2,-43.7,59.9,195.3,78.1,26.0,130.7,20.0,0.3,0.6,0.2,-212.0,-61.2,0.8,-82.3,26.0,177.5,20.0,0.3,0.6,0.2,0.17,4.0,8.11,4.01,21.0,4.03,18.0,0.4,0.6,0.2,-1.9,28.1,95.6,46.0,19.0,68.6,18.0,0.4,0.6,0.2,-0.41,0.68,2.14,0.87,9.0,1.18,12.0,0.7,0.5,0.2,-5.7,5.7,21.5,7.9,8.0,18.3,14.0,0.6,0.5,0.2,-51.9,-13.2,5.9,-22.9,21.0,35.2,18.0,0.3,0.6,0.2,-2.7,25.6,106.9,46.6,21.0,54.0,18.0,0.3,0.6,0.2,-34.7,0.0,24.4,-4.0,9.0,29.3,14.0,0.6,0.5,0.2,-31.5,-4.4,54.9,13.5,9.0,52.6,14.0,0.6,0.5,0.2,-3.7,4.0,18.7,7.6,8.0,12.9,14.0,0.6,0.5,0.2,-15.4,-5.7,-0.2,-8.3,8.0,9.7,14.0,0.6,0.5,0.2,454.0,1351.5,5926.5,3195.0,26.0,3823.5,20.0,0.3,0.6,0.2,455.0,1350.0,5925.0,3195.0,26.0,3825.0,20.0,0.3,0.6,0.2
1974,2,199.0,55.0,1.7,2.7,3.17,2.53,15.0,0.58,14.0,0.4,0.7,0.2,-7.57,-6.0,1.1,-4.12,10.0,4.5,12.0,0.4,0.7,0.2,3.34,3.34,3.34,3.34,1.0,0.0,6.0,0.0,1.0,0.3,65.0,65.0,65.0,65.0,1.0,0.0,6.0,0.0,0.3,9.52,18.0,20.6,15.23,15.0,5.74,14.0,0.4,0.7,0.2,0.2,9.9,13.24,7.32,15.0,7.06,14.0,0.4,0.7,0.2,-15.78,-13.79,-6.57,-11.48,15.0,5.74,14.0,0.4,0.7,0.2,997.73,1006.0,1011.59,1004.59,15.0,7.44,14.0,0.4,0.7,0.2,3.2,6.0,8.0,5.7,15.0,2.4,14.0,0.4,0.7,0.2,1.0,152.4,272.8,140.7,15.0,132.0,14.0,0.4,0.7,0.2,-325.1,-248.2,-47.9,-201.2,15.0,135.5,14.0,0.4,0.7,0.2,1.63,7.7,10.14,6.56,10.0,4.2,12.0,0.4,0.7,0.2,15.7,88.1,153.8,85.8,10.0,64.1,12.0,0.4,0.7,0.2,1.49,1.49,1.49,1.49,1.0,0.0,6.0,0.0,1.0,0.3,13.8,13.8,13.8,13.8,1.0,0.0,6.0,0.0,1.0,0.3,-66.6,-3.3,34.2,-10.9,10.0,46.4,12.0,0.4,0.7,0.2,1.8,57.1,91.5,52.0,10.0,44.7,12.0,0.4,0.7,0.2,29.2,29.2,29.2,29.2,1.0,0.0,6.0,0.0,1.0,0.3,10.6,10.6,10.6,10.6,1.0,0.0,6.0,0.0,1.0,0.3,13.0,13.0,13.0,13.0,1.0,0.0,6.0,0.0,1.0,0.3,4.7,4.7,4.7,4.7,1.0,0.0,6.0,0.0,1.0,0.3,868.5,5832.0,8742.0,4859.0,15.0,3839.0,14.0,0.4,0.7,0.2,870.0,5830.0,8740.0,4860.0,15.0,3840.0,14.0,0.4,0.7,0.2
1974,2,199.0,56.0,,,,,,,,,,,,,,,,,,,,,,,,,,,,,,,,,,,,,,,,7.37,8.15,8.93,8.15,2.0,1.63,22.0,1.0,0.5,0.2,0.0,0.0,0.0,0.0,2.0,0.0,22.0,1.0,0.5,0.2,-8.93,-8.15,-7.37,-8.15,2.0,1.63,22.0,1.0,0.5,0.2,1034.85,1035.4,1035.95,1035.4,2.0,1.13,22.0,1.0,0.5,0.2,,,,,,,,,,,,,,,,,,,,,,,,,,,,,,,,,,,,,,,,,,,,,,,,,,,,,,,,,,,,,,,,,,,,,,,,,,,,,,,,,,,,,,,,,,,,,,,,,,,,,,,,,,,,,,,,,,,,,,,,,,,,,,,,,,,,,,,,,,,,,,,,,,,,,,
1974,2,200.0,-60.0,3.0,3.0,3.0,3.0,1.0,0.0,18.0,0.0,0.9,0.6,2.5,2.5,2.5,2.5,1.0,0.0,18.0,0.0,0.9,0.6,3.67,3.67,3.67,3.67,1.0,0.0,18.0,0.0,0.9,0.6,79.4,79.4,79.4,79.4,1.0,0.0,18.0,0.0,0.6,14.4,14.4,14.4,14.4,1.0,0.0,18.0,0.0,0.9,0.6,14.18,14.18,14.18,14.18,1.0,0.0,18.0,0.0,0.9,0.6,2.5,2.5,2.5,2.5,1.0,0.0,18.0,0.0,0.9,0.6,991.7,991.7,991.7,991.7,1.0,0.0,18.0,0.0,0.9,0.6,8.0,8.0,8.0,8.0,1.0,0.0,18.0,0.0,0.9,0.6,204.2,204.2,204.2,204.2,1.0,0.0,18.0,0.0,0.9,0.6,36.0,36.0,36.0,36.0,1.0,0.0,18.0,0.0,0.9,0.6,0.5,0.5,0.5,0.5,1.0,0.0,18.0,0.0,0.9,0.6,7.2,7.2,7.2,7.2,1.0,0.0,18.0,0.0,0.9,0.6,1.12,1.12,1.12,1.12,1.0,0.0,18.0,0.0,0.9,0.6,16.1,16.1,16.1,16.1,1.0,0.0,18.0,0.0,0.9,0.6,35.5,35.5,35.5,35.5,1.0,0.0,18.0,0.0,0.9,0.6,6.3,6.3,6.3,6.3,1.0,0.0,18.0,0.0,0.9,0.6,52.0,52.0,52.0,52.0,1.0,0.0,18.0,0.0,0.9,0.6,9.2,9.2,9.2,9.2,1.0,0.0,18.0,0.0,0.9,0.6,15.9,15.9,15.9,15.9,1.0,0.0,18.0,0.0,0.9,0.6,2.8,2.8,2.8,2.8,1.0,0.0,18.0,0.0,0.9,0.6,2986.0,2986.0,2986.0,2986.0,1.0,0.0,18.0,0.0,0.9,0.6,2985.0,2985.0,2985.0,2985.0,1.0,0.0,18.0,0.0,0.9,0.6
1974,2,200.0,-45.0,16.0,16.0,16.0,16.0,1.0,0.0,22.0,1.0,0.5,0.3,15.24,15.75,16.26,15.75,2.0,1.06,12.0,0.5,0.5,0.5,10.03,10.18,10.33,10.18,2.0,0.31,12.0,0.5,0.5,0.5,90.3,91.7,93.1,91.7,2.0,2.9,12.0,0.5,0.5,7.19,8.25,9.31,8.25,2.0,2.19,12.0,0.5,0.5,0.5,-0.75,1.3,3.35,1.3,2.0,4.25,12.0,0.5,0.5,0.5,-8.93,-7.39,-5.85,-7.39,2.0,3.2,12.0,0.5,0.5,0.5,1009.68,1012.85,1016.02,1012.85,2.0,6.58,12.0,0.5,0.5,0.5,5.0,5.0,5.0,5.0,1.0,0.0,4.0,0.0,0.5,0.7,-9.5,6.1,21.6,6.1,2.0,32.2,12.0,0.5,0.5,0.5,-85.0,-64.5,-43.9,-64.5,2.0,42.6,12.0,0.5,0.5,0.5,-0.5,-0.5,-0.5,-0.5,1.0,0.0,22.0,1.0,0.5,0.3,-4.9,-4.9,-4.9,-4.9,1.0,0.0,22.0,1.0,0.5,0.3,0.84,0.84,0.84,0.84,1.0,0.0,22.0,1.0,0.5,0.3,8.2,8.2,8.2,8.2,1.0,0.0,22.0,1.0,0.5,0.3,-13.4,18.3,49.9,18.3,2.0,65.5,12.0,0.5,0.5,0.5,-146.2,-118.1,-90.0,-118.1,2.0,58.2,12.0,0.5,0.5,0.5,-8.1,12.6,33.3,12.6,2.0,42.8,12.0,0.5,0.5,0.5,-92.5,-75.7,-58.9,-75.7,2.0,34.8,12.0,0.5,0.5,0.5,-1.4,-1.4,-1.4,-1.4,1.0,0.0,22.0,1.0,0.5,0.3,-8.1,-8.1,-8.1,-8.1,1.0,0.0,22.0,1.0,0.5,0.3,402.5,621.0,839.5,621.0,2.0,453.0,12.0,0.5,0.5,0.5,400.0,620.0,840.0,620.0,2.0,455.0,12.0,0.5,0.5,0.5
1974,2,200.0,-42.0,17.3,17.3,17.3,17.3,1.0,0.0,16.0,0.0,1.0,0.9,15.9,15.9,15.9,15.9,1.0,0.0,16.0,0.0,1.0,0.9,10.88,10.88,10.88,10.88,1.0,0.0,16.0,0.0,1.0,0.9,98.1,98.1,98.1,98.1,1.0,0.0,16.0,0.0,0.9,4.1,4.1,4.1,4.1,1.0,0.0,16.0,0.0,1.0,0.9,2.05,2.05,2.05,2.05,1.0,0.0,16.0,0.0,1.0,0.9,-3.55,-3.55,-3.55,-3.55,1.0,0.0,16.0,0.0,1.0,0.9,1024.1,1024.1,1024.1,1024.1,1.0,0.0,16.0,0.0,1.0,0.9,,,,,,,,,,,,,,,,,,,,,,,,,,,,,,,1.4,1.4,1.4,1.4,1.0,0.0,16.0,0.0,1.0,0.9,5.7,5.7,5.7,5.7,1.0,0.0,16.0,0.0,1.0,0.9,1.25,1.25,1.25,1.25,1.0,0.0,16.0,0.0,1.0,0.9,5.1,5.1,5.1,5.1,1.0,0.0,16.0,0.0,1.0,0.9,32.6,32.6,32.6,32.6,1.0,0.0,16.0,0.0,1.0,0.9,-56.5,-56.5,-56.5,-56.5,1.0,0.0,16.0,0.0,1.0,0.9,22.3,22.3,22.3,22.3,1.0,0.0,16.0,0.0,1.0,0.9,-38.6,-38.6,-38.6,-38.6,1.0,0.0,16.0,0.0,1.0,0.9,2.6,2.6,2.6,2.6,1.0,0.0,16.0,0.0,1.0,0.9,-4.4,-4.4,-4.4,-4.4,1.0,0.0,16.0,0.0,1.0,0.9,69.0,69.0,69.0,69.0,1.0,0.0,16.0,0.0,1.0,0.9,70.0,70.0,70.0,70.0,1.0,0.0,16.0,0.0,1.0,0.9
1974,2,200.0,-41.0,16.8,17.0,17.2,17.0,2.0,0.42,8.0,1.0,0.5,0.6,15.82,16.3,16.78,16.3,2.0,0.99,8.0,1.0,0.5,0.6,8.18,8.33,8.49,8.33,2.0,0.33,8.0,1.0,0.5,0.6,70.2,73.4,76.6,73.4,2.0,6.7,8.0,1.0,0.6,6.43,8.0,9.57,8.0,2.0,3.25,8.0,1.0,0.5,0.6,-2.04,2.97,7.97,2.97,2.0,10.37,8.0,1.0,0.5,0.6,-3.08,-1.83,-0.58,-1.83,2.0,2.59,8.0,1.0,0.5,0.6,1016.76,1022.25,1027.75,1022.25,2.0,11.38,8.0,1.0,0.5,0.6,6.2,6.5,6.8,6.5,2.0,0.7,8.0,1.0,0.5,0.6,-4.1,40.6,85.3,40.6,2.0,92.6,8.0,1.0,0.5,0.6,-17.6,-10.4,-3.3,-10.4,2.0,14.8,8.0,1.0,0.5,0.6,0.43,0.7,0.97,0.7,2.0,0.57,8.0,1.0,0.5,0.6,3.2,6.5,9.8,6.5,2.0,6.8,8.0,1.0,0.5,0.6,3.34,3.59,3.84,3.59,2.0,0.52,8.0,1.0,0.5,0.6,24.2,27.9,31.5,27.9,2.0,7.5,8.0,1.0,0.5,0.6,-36.9,43.2,123.4,43.2,2.0,166.1,8.0,1.0,0.5,0.6,-52.4,-31.1,-9.9,-31.1,2.0,44.0,8.0,1.0,0.5,0.6,-15.8,26.4,68.6,26.4,2.0,87.4,8.0,1.0,0.5,0.6,-25.0,-14.8,-4.7,-14.8,2.0,21.0,8.0,1.0,0.5,0.6,-9.3,8.0,25.2,8.0,2.0,35.7,8.0,1.0,0.5,0.6,-12.2,-7.2,-2.3,-7.2,2.0,10.2,8.0,1.0,0.5,0.6,329.0,639.0,948.5,639.0,2.0,641.5,8.0,1.0,0.5,0.6,330.0,640.0,950.0,640.0,2.0,640.0,8.0,1.0,0.5,0.6
1974,2,200.0,-39.0,19.1,19.1,19.1,19.1,1.0,0.0,6.0,1.0,0.8,0.1,19.8,19.8,19.8,19.8,1.0,0.0,6.0,1.0,0.8,0.1,11.6,11.6,11.6,11.6,1.0,0.0,6.0,1.0,0.8,0.1,81.3,81.3,81.3,81.3,1.0,0.0,6.0,1.0,0.1,8.2,8.2,8.2,8.2,1.0,0.0,6.0,1.0,0.8,0.1,5.27,5.27,5.27,5.27,1.0,0.0,6.0,1.0,0.8,0.1,-6.28,-6.28,-6.28,-6.28,1.0,0.0,6.0,1.0,0.8,0.1,1017.5,1017.5,1017.5,1017.5,1.0,0.0,6.0,1.0,0.8,0.1,1.0,1.0,1.0,1.0,1.0,0.0,6.0,1.0,0.8,0.1,43.2,43.2,43.2,43.2,1.0,0.0,6.0,1.0,0.8,0.1,-51.5,-51.5,-51.5,-51.5,1.0,0.0,6.0,1.0,0.8,0.1,-0.7,-0.7,-0.7,-0.7,1.0,0.0,6.0,1.0,0.8,0.1,-5.7,-5.7,-5.7,-5.7,1.0,0.0,6.0,1.0,0.8,0.1,2.08,2.08,2.08,2.08,1.0,0.0,6.0,1.0,0.8,0.1,17.1,17.1,17.1,17.1,1.0,0.0,6.0,1.0,0.8,0.1,104.4,104.4,104.4,104.4,1.0,0.0,6.0,1.0,0.8,0.1,-124.4,-124.4,-124.4,-124.4,1.0,0.0,6.0,1.0,0.8,0.1,61.1,61.1,61.1,61.1,1.0,0.0,6.0,1.0,0.8,0.1,-72.9,-72.9,-72.9,-72.9,1.0,0.0,6.0,1.0,0.8,0.1,11.0,11.0,11.0,11.0,1.0,0.0,6.0,1.0,0.8,0.1,-13.1,-13.1,-13.1,-13.1,1.0,0.0,6.0,1.0,0.8,0.1,551.5,551.5,551.5,551.5,1.0,0.0,6.0,1.0,0.8,0.1,550.0,550.0,550.0,550.0,1.0,0.0,6.0,1.0,0.8,0.1
1974,2,200.0,-36.0,22.0,22.0,22.0,22.0,1.0,0.0,16.0,0.0,0.1,0.2,20.5,20.5,20.5,20.5,1.0,0.0,16.0,0.0,0.1,0.2,12.27,12.27,12.27,12.27,1.0,0.0,16.0,0.0,0.1,0.2,82.9,82.9,82.9,82.9,1.0,0.0,16.0,0.0,0.2,4.6,4.6,4.6,4.6,1.0,0.0,16.0,0.0,0.1,0.2,-2.3,-2.3,-2.3,-2.3,1.0,0.0,16.0,0.0,0.1,0.2,3.98,3.98,3.98,3.98,1.0,0.0,16.0,0.0,0.1,0.2,1025.1,1025.1,1025.1,1025.1,1.0,0.0,16.0,0.0,0.1,0.2,1.0,1.0,1.0,1.0,1.0,0.0,16.0,0.0,0.1,0.2,-10.6,-10.6,-10.6,-10.6,1.0,0.0,16.0,0.0,0.1,0.2,18.3,18.3,18.3,18.3,1.0,0.0,16.0,0.0,0.1,0.2,1.5,1.5,1.5,1.5,1.0,0.0,16.0,0.0,0.1,0.2,6.9,6.9,6.9,6.9,1.0,0.0,16.0,0.0,0.1,0.2,4.0,4.0,4.0,4.0,1.0,0.0,16.0,0.0,0.1,0.2,18.4,18.4,18.4,18.4,1.0,0.0,16.0,0.0,0.1,0.2,-47.1,-47.1,-47.1,-47.1,1.0,0.0,16.0,0.0,0.1,0.2,81.7,81.7,81.7,81.7,1.0,0.0,16.0,0.0,0.1,0.2,-28.2,-28.2,-28.2,-28.2,1.0,0.0,16.0,0.0,0.1,0.2,48.9,48.9,48.9,48.9,1.0,0.0,16.0,0.0,0.1,0.2,-9.2,-9.2,-9.2,-9.2,1.0,0.0,16.0,0.0,0.1,0.2,15.9,15.9,15.9,15.9,1.0,0.0,16.0,0.0,0.1,0.2,97.5,97.5,97.5,97.5,1.0,0.0,16.0,0.0,0.1,0.2,95.0,95.0,95.0,95.0,1.0,0.0,16.0,0.0,0.1,0.2
1974,2,200.0,-35.0,19.47,22.0,22.14,20.83,3.0,2.2,12.0,0.0,0.6,0.2,19.03,20.8,21.69,20.37,3.0,1.99,12.0,0.0,0.6,0.2,9.72,11.0,11.91,10.82,3.0,1.61,12.0,0.0,0.6,0.2,68.6,71.2,78.5,73.5,3.0,7.5,12.0,0.0,0.2,6.2,6.2,6.2,6.2,1.0,0.0,12.0,0.0,0.7,0.2,-3.99,-3.99,-3.99,-3.99,1.0,0.0,12.0,0.0,0.7,0.2,4.75,4.75,4.75,4.75,1.0,0.0,12.0,0.0,0.7,0.2,1024.07,1025.5,1026.25,1025.17,3.0,1.63,12.0,0.0,0.6,0.2,2.6,6.0,6.0,4.3,3.0,2.9,12.0,0.0,0.6,0.2,-24.7,-24.7,-24.7,-24.7,1.0,0.0,12.0,0.0,0.7,0.2,29.4,29.4,29.4,29.4,1.0,0.0,12.0,0.0,0.7,0.2,-0.04,0.1,0.99,0.47,3.0,0.81,12.0,0.0,0.6,0.2,8.7,8.7,8.7,8.7,1.0,0.0,12.0,0.0,0.7,0.2,3.9,4.11,4.9,4.39,3.0,0.77,12.0,0.0,0.6,0.2,25.5,25.5,25.5,25.5,1.0,0.0,12.0,0.0,0.7,0.2,-82.9,-82.9,-82.9,-82.9,1.0,0.0,12.0,0.0,0.7,0.2,98.8,98.8,98.8,98.8,1.0,0.0,12.0,0.0,0.7,0.2,-49.2,-49.2,-49.2,-49.2,1.0,0.0,12.0,0.0,0.7,0.2,58.6,58.6,58.6,58.6,1.0,0.0,12.0,0.0,0.7,0.2,-16.4,-16.4,-16.4,-16.4,1.0,0.0,12.0,0.0,0.7,0.2,19.5,19.5,19.5,19.5,1.0,0.0,12.0,0.0,0.7,0.2,238.5,238.5,238.5,238.5,1.0,0.0,12.0,0.0,0.7,0.2,240.0,240.0,240.0,240.0,1.0,0.0,12.0,0.0,0.7,0.2
1974,2,200.0,-34.0,21.79,22.2,22.95,22.37,3.0,0.86,20.0,0.3,0.6,0.6,20.16,20.5,21.52,20.83,3.0,1.04,20.0,0.3,0.6,0.6,9.9,9.9,10.86,10.37,3.0,0.81,20.0,0.3,0.6,0.6,66.9,68.4,69.2,68.1,3.0,1.7,20.0,0.3,0.6,5.11,6.2,8.32,6.7,3.0,2.39,20.0,0.3,0.6,0.6,-1.62,4.65,5.14,1.83,3.0,5.52,20.0,0.3,0.6,0.6,1.53,3.1,6.48,3.98,3.0,3.71,20.0,0.3,0.6,0.6,1014.5,1014.7,1021.05,1017.7,3.0,5.46,20.0,0.3,0.6,0.6,3.6,5.0,5.7,4.7,3.0,1.5,20.0,0.3,0.6,0.6,-3.7,33.3,40.1,18.6,3.0,34.5,20.0,0.3,0.6,0.6,8.6,19.2,57.2,32.6,3.0,37.5,20.0,0.3,0.6,0.6,0.43,2.2,2.61,1.53,3.0,1.7,20.0,0.3,0.6,0.6,4.3,17.4,19.5,12.0,3.0,12.1,20.0,0.3,0.6,0.6,5.27,6.75,7.54,6.41,3.0,1.69,20.0,0.3,0.6,0.6,30.0,49.0,58.4,44.3,3.0,21.2,20.0,0.3,0.6,0.6,-38.5,93.0,104.7,34.5,3.0,116.5,20.0,0.3,0.6,0.6,32.2,63.6,130.1,80.7,3.0,73.3,20.0,0.3,0.6,0.6,-20.4,46.0,50.9,16.0,3.0,58.3,20.0,0.3,0.6,0.6,15.9,30.7,64.2,39.8,3.0,36.2,20.0,0.3,0.6,0.6,-4.2,31.4,38.9,17.7,3.0,33.8,20.0,0.3,0.6,0.6,10.3,24.5,44.9,27.5,3.0,25.5,20.0,0.3,0.6,0.6,142.0,238.5,624.5,380.0,3.0,374.0,20.0,0.3,0.6,0.6,140.0,240.0,625.0,380.0,3.0,375.0,20.0,0.3,0.6,0.6
1974,2,200.0,-28.0,26.0,26.0,26.0,26.0,1.0,0.0,28.0,0.0,0.5,0.1,25.8,25.8,25.8,25.8,1.0,0.0,28.0,0.0,0.5,0.1,18.82,18.82,18.82,18.82,1.0,0.0,28.0,0.0,0.5,0.1,90.9,90.9,90.9,90.9,1.0,0.0,28.0,0.0,0.1,4.6,4.6,4.6,4.6,1.0,0.0,28.0,0.0,0.5,0.1,-3.98,-3.98,-3.98,-3.98,1.0,0.0,28.0,0.0,0.5,0.1,-2.3,-2.3,-2.3,-2.3,1.0,0.0,28.0,0.0,0.5,0.1,1014.0,1014.0,1014.0,1014.0,1.0,0.0,28.0,0.0,0.5,0.1,6.0,6.0,6.0,6.0,1.0,0.0,28.0,0.0,0.5,0.1,-18.3,-18.3,-18.3,-18.3,1.0,0.0,28.0,0.0,0.5,0.1,-10.6,-10.6,-10.6,-10.6,1.0,0.0,28.0,0.0,0.5,0.1,0.2,0.2,0.2,0.2,1.0,0.0,28.0,0.0,0.5,0.1,0.9,0.9,0.9,0.9,1.0,0.0,28.0,0.0,0.5,0.1,2.16,2.16,2.16,2.16,1.0,0.0,28.0,0.0,0.5,0.1,9.9,9.9,9.9,9.9,1.0,0.0,28.0,0.0,0.5,0.1,-102.8,-102.8,-102.8,-102.8,1.0,0.0,28.0,0.0,0.5,0.1,-59.3,-59.3,-59.3,-59.3,1.0,0.0,28.0,0.0,0.5,0.1,-75.0,-75.0,-75.0,-75.0,1.0,0.0,28.0,0.0,0.5,0.1,-43.3,-43.3,-43.3,-43.3,1.0,0.0,28.0,0.0,0.5,0.1,-8.6,-8.6,-8.6,-8.6,1.0,0.0,28.0,0.0,0.5,0.1,-5.0,-5.0,-5.0,-5.0,1.0,0.0,28.0,0.0,0.5,0.1,97.5,97.5,97.5,97.5,1.0,0.0,28.0,0.0,0.5,0.1,95.0,95.0,95.0,95.0,1.0,0.0,28.0,0.0,0.5,0.1
1974,2,200.0,-26.0,27.8,27.8,27.8,27.8,1.0,0.0,20.0,1.0,0.7,0.1,26.4,26.4,26.4,26.4,1.0,0.0,20.0,1.0,0.7,0.1,19.33,19.33,19.33,19.33,1.0,0.0,20.0,1.0,0.7,0.1,89.8,89.8,89.8,89.8,1.0,0.0,20.0,1.0,0.1,5.7,5.7,5.7,5.7,1.0,0.0,20.0,1.0,0.7,0.1,-5.7,-5.7,-5.7,-5.7,1.0,0.0,20.0,1.0,0.7,0.1,0.0,0.0,0.0,0.0,1.0,0.0,20.0,1.0,0.7,0.1,1011.8,1011.8,1011.8,1011.8,1.0,0.0,20.0,1.0,0.7,0.1,4.0,4.0,4.0,4.0,1.0,0.0,20.0,1.0,0.7,0.1,-32.5,-32.5,-32.5,-32.5,1.0,0.0,20.0,1.0,0.7,0.1,0.0,0.0,0.0,0.0,1.0,0.0,20.0,1.0,0.7,0.1,1.4,1.4,1.4,1.4,1.0,0.0,20.0,1.0,0.7,0.1,8.0,8.0,8.0,8.0,1.0,0.0,20.0,1.0,0.7,0.1,4.09,4.09,4.09,4.09,1.0,0.0,20.0,1.0,0.7,0.1,23.3,23.3,23.3,23.3,1.0,0.0,20.0,1.0,0.7,0.1,-150.5,-150.5,-150.5,-150.5,1.0,0.0,20.0,1.0,0.7,0.1,0.0,0.0,0.0,0.0,1.0,0.0,20.0,1.0,0.7,0.1,-110.2,-110.2,-110.2,-110.2,1.0,0.0,20.0,1.0,0.7,0.1,0.0,0.0,0.0,0.0,1.0,0.0,20.0,1.0,0.7,0.1,-23.3,-23.3,-23.3,-23.3,1.0,0.0,20.0,1.0,0.7,0.1,0.0,0.0,0.0,0.0,1.0,0.0,20.0,1.0,0.7,0.1,185.0,185.0,185.0,185.0,1.0,0.0,20.0,1.0,0.7,0.1,185.0,185.0,185.0,185.0,1.0,0.0,20.0,1.0,0.7,0.1
1974,2,200.0,-20.0,28.0,28.0,28.0,28.0,1.0,0.0,14.0,0.0,0.7,0.7,26.0,26.0,26.0,26.0,1.0,0.0,14.0,0.0,0.7,0.7,17.05,17.05,17.05,17.05,1.0,0.0,14.0,0.0,0.7,0.7,81.5,81.5,81.5,81.5,1.0,0.0,14.0,0.0,0.7,10.8,10.8,10.8,10.8,1.0,0.0,14.0,0.0,0.7,0.7,-10.64,-10.64,-10.64,-10.64,1.0,0.0,14.0,0.0,0.7,0.7,-1.88,-1.88,-1.88,-1.88,1.0,0.0,14.0,0.0,0.7,0.7,1015.0,1015.0,1015.0,1015.0,1.0,0.0,14.0,0.0,0.7,0.7,8.0,8.0,8.0,8.0,1.0,0.0,14.0,0.0,0.7,0.7,-114.9,-114.9,-114.9,-114.9,1.0,0.0,14.0,0.0,0.7,0.7,-20.3,-20.3,-20.3,-20.3,1.0,0.0,14.0,0.0,0.7,0.7,2.0,2.0,2.0,2.0,1.0,0.0,14.0,0.0,0.7,0.7,21.6,21.6,21.6,21.6,1.0,0.0,14.0,0.0,0.7,0.7,6.56,6.56,6.56,6.56,1.0,0.0,14.0,0.0,0.7,0.7,70.9,70.9,70.9,70.9,1.0,0.0,14.0,0.0,0.7,0.7,-276.5,-276.5,-276.5,-276.5,1.0,0.0,14.0,0.0,0.7,0.7,-48.8,-48.8,-48.8,-48.8,1.0,0.0,14.0,0.0,0.7,0.7,-181.4,-181.4,-181.4,-181.4,1.0,0.0,14.0,0.0,0.7,0.7,-32.0,-32.0,-32.0,-32.0,1.0,0.0,14.0,0.0,0.7,0.7,-69.8,-69.8,-69.8,-69.8,1.0,0.0,14.0,0.0,0.7,0.7,-12.3,-12.3,-12.3,-12.3,1.0,0.0,14.0,0.0,0.7,0.7,1259.5,1259.5,1259.5,1259.5,1.0,0.0,14.0,0.0,0.7,0.7,1260.0,1260.0,1260.0,1260.0,1.0,0.0,14.0,0.0,0.7,0.7
1974,2,200.0,-19.0,27.16,27.5,27.84,27.5,3.0,0.5,18.0,0.7,0.6,0.8,27.16,27.5,27.7,27.43,3.0,0.4,18.0,0.7,0.6,0.8,17.3,17.46,18.26,17.77,3.0,0.75,18.0,0.7,0.6,0.8,75.2,78.3,80.3,77.8,3.0,3.7,18.0,0.7,0.8,4.76,5.1,6.53,5.63,3.0,1.38,18.0,0.7,0.6,0.8,-6.28,-4.53,-2.63,-4.46,3.0,2.67,18.0,0.7,0.6,0.8,-3.67,-1.25,0.15,-1.75,3.0,2.83,18.0,0.7,0.6,0.8,1010.35,1011.1,1011.78,1011.07,3.0,1.05,18.0,0.7,0.6,0.8,2.3,3.0,3.0,2.7,3.0,0.6,18.0,0.7,0.6,0.8,-41.5,-20.8,-12.7,-26.9,3.0,21.7,18.0,0.7,0.6,0.8,-19.5,-9.0,-0.3,-9.9,3.0,14.1,18.0,0.7,0.6,0.8,-0.39,0.5,0.5,0.07,3.0,0.75,18.0,0.7,0.6,0.8,-2.1,2.3,3.2,0.6,3.0,4.1,18.0,0.7,0.6,0.8,5.07,5.12,5.44,5.25,3.0,0.29,18.0,0.7,0.6,0.8,24.2,26.1,35.7,29.9,3.0,9.1,18.0,0.7,0.6,0.8,-170.2,-124.6,-72.6,-121.5,3.0,71.5,18.0,0.7,0.6,0.8,-101.7,-33.8,4.3,-48.3,3.0,78.6,18.0,0.7,0.6,0.8,-111.3,-84.4,-47.3,-79.4,3.0,47.1,18.0,0.7,0.6,0.8,-63.3,-21.8,3.2,-29.8,3.0,49.2,18.0,0.7,0.6,0.8,-34.3,-22.9,-13.4,-23.8,3.0,15.4,18.0,0.7,0.6,0.8,-19.0,-7.0,0.5,-9.2,3.0,14.4,18.0,0.7,0.6,0.8,108.5,132.5,297.0,201.0,3.0,150.0,18.0,0.7,0.6,0.8,110.0,135.0,295.0,200.0,3.0,150.0,18.0,0.7,0.6,0.8
1974,2,200.0,-18.0,28.0,28.0,28.0,28.0,1.0,0.0,12.0,1.0,1.0,0.4,28.5,28.5,28.5,28.5,1.0,0.0,12.0,1.0,1.0,0.4,18.31,18.31,18.31,18.31,1.0,0.0,12.0,1.0,1.0,0.4,75.3,75.3,75.3,75.3,1.0,0.0,12.0,1.0,0.4,9.3,9.3,9.3,9.3,1.0,0.0,12.0,1.0,1.0,0.4,-8.05,-8.05,-8.05,-8.05,1.0,0.0,12.0,1.0,1.0,0.4,4.65,4.65,4.65,4.65,1.0,0.0,12.0,1.0,1.0,0.4,1010.9,1010.9,1010.9,1010.9,1.0,0.0,12.0,1.0,1.0,0.4,6.0,6.0,6.0,6.0,1.0,0.0,12.0,1.0,1.0,0.4,-74.9,-74.9,-74.9,-74.9,1.0,0.0,12.0,1.0,1.0,0.4,43.2,43.2,43.2,43.2,1.0,0.0,12.0,1.0,1.0,0.4,-0.5,-0.5,-0.5,-0.5,1.0,0.0,12.0,1.0,1.0,0.4,-4.6,-4.6,-4.6,-4.6,1.0,0.0,12.0,1.0,1.0,0.4,5.4,5.4,5.4,5.4,1.0,0.0,12.0,1.0,1.0,0.4,50.2,50.2,50.2,50.2,1.0,0.0,12.0,1.0,1.0,0.4,-229.5,-229.5,-229.5,-229.5,1.0,0.0,12.0,1.0,1.0,0.4,132.5,132.5,132.5,132.5,1.0,0.0,12.0,1.0,1.0,0.4,-147.5,-147.5,-147.5,-147.5,1.0,0.0,12.0,1.0,1.0,0.4,85.2,85.2,85.2,85.2,1.0,0.0,12.0,1.0,1.0,0.4,-43.5,-43.5,-43.5,-43.5,1.0,0.0,12.0,1.0,1.0,0.4,25.1,25.1,25.1,25.1,1.0,0.0,12.0,1.0,1.0,0.4,804.5,804.5,804.5,804.5,1.0,0.0,12.0,1.0,1.0,0.4,805.0,805.0,805.0,805.0,1.0,0.0,12.0,1.0,1.0,0.4
1974,2,200.0,-17.0,27.93,29.0,29.62,28.84,5.0,0.93,12.0,0.8,0.7,0.7,26.78,27.6,28.2,27.48,5.0,1.15,12.0,0.8,0.7,0.7,17.39,17.79,17.91,17.68,5.0,0.29,12.0,0.8,0.7,0.7,72.9,77.4,81.6,77.4,5.0,6.4,12.0,0.8,0.7,6.07,9.3,9.67,8.04,5.0,2.48,12.0,0.8,0.7,0.7,-9.52,-7.09,-5.27,-7.28,5.0,2.45,12.0,0.8,0.7,0.7,-3.74,-1.61,-0.53,-2.21,5.0,2.92,12.0,0.8,0.7,0.7,1011.03,1011.9,1013.28,1012.22,5.0,1.97,12.0,0.8,0.7,0.7,3.3,4.0,7.0,4.8,5.0,2.2,12.0,0.8,0.7,0.7,-92.2,-55.6,-38.5,-62.6,5.0,33.8,12.0,0.8,0.7,0.7,-35.9,-15.0,-4.6,-21.2,5.0,26.5,12.0,0.8,0.7,0.7,0.33,0.5,2.73,1.36,5.0,1.4,12.0,0.8,0.7,0.7,2.0,2.9,26.9,12.4,5.0,14.1,12.0,0.8,0.7,0.7,6.0,7.18,8.55,7.24,5.0,1.38,12.0,0.8,0.7,0.7,37.9,58.3,75.5,58.0,5.0,22.5,12.0,0.8,0.7,0.7,-263.9,-194.3,-140.1,-199.8,5.0,68.0,12.0,0.8,0.7,0.7,-98.2,-44.9,-14.2,-58.2,5.0,75.2,12.0,0.8,0.7,0.7,-167.5,-126.1,-93.8,-128.9,5.0,43.6,12.0,0.8,0.7,0.7,-67.1,-28.1,-9.6,-39.6,5.0,52.5,12.0,0.8,0.7,0.7,-69.0,-42.9,-37.3,-52.6,5.0,22.3,12.0,0.8,0.7,0.7,-28.7,-10.1,-2.2,-15.6,5.0,21.4,12.0,0.8,0.7,0.7,262.0,804.5,909.5,628.5,5.0,405.0,12.0,0.8,0.7,0.7,260.0,805.0,910.0,630.0,5.0,405.0,12.0,0.8,0.7,0.7
1974,2,200.0,-16.0,28.92,28.95,28.98,28.95,2.0,0.07,12.0,1.0,0.5,0.4,28.32,29.0,29.68,29.0,2.0,1.41,12.0,1.0,0.5,0.4,17.21,17.8,18.4,17.8,2.0,1.23,12.0,1.0,0.5,0.4,70.6,71.2,71.8,71.2,2.0,1.3,12.0,1.0,0.4,4.66,6.95,9.24,6.95,2.0,4.74,12.0,1.0,0.5,0.4,-8.67,-5.15,-1.63,-5.15,2.0,7.28,12.0,1.0,0.5,0.4,-3.03,-1.8,-0.57,-1.8,2.0,2.55,12.0,1.0,0.5,0.4,1010.7,1012.85,1015.0,1012.85,2.0,4.45,12.0,1.0,0.5,0.4,3.3,4.0,4.7,4.0,2.0,1.4,12.0,1.0,0.5,0.4,-89.3,-53.0,-16.8,-53.0,2.0,75.0,12.0,1.0,0.5,0.4,-10.9,-6.5,-2.1,-6.5,2.0,9.2,12.0,1.0,0.5,0.4,-0.77,-0.05,0.67,-0.05,2.0,1.48,12.0,1.0,0.5,0.4,-9.0,-3.9,1.2,-3.9,2.0,10.6,12.0,1.0,0.5,0.4,6.64,7.23,7.82,7.23,2.0,1.23,12.0,1.0,0.5,0.4,34.9,47.3,59.8,47.3,2.0,25.7,12.0,1.0,0.5,0.4,-260.0,-154.5,-49.0,-154.5,2.0,218.5,12.0,1.0,0.5,0.4,-84.8,-50.4,-16.0,-50.4,2.0,71.3,12.0,1.0,0.5,0.4,-161.8,-96.2,-30.5,-96.2,2.0,136.0,12.0,1.0,0.5,0.4,-51.3,-30.5,-9.7,-30.5,2.0,43.1,12.0,1.0,0.5,0.4,-55.1,-32.8,-10.4,-32.8,2.0,46.4,12.0,1.0,0.5,0.4,-24.5,-14.6,-4.6,-14.6,2.0,20.6,12.0,1.0,0.5,0.4,212.5,569.5,926.5,569.5,2.0,739.5,12.0,1.0,0.5,0.4,215.0,570.0,925.0,570.0,2.0,740.0,12.0,1.0,0.5,0.4
1974,2,200.0,-15.0,27.5,27.5,27.5,27.5,1.0,0.0,28.0,0.0,0.2,0.5,26.9,26.9,26.9,26.9,1.0,0.0,28.0,0.0,0.2,0.5,16.31,16.31,16.31,16.31,1.0,0.0,28.0,0.0,0.2,0.5,73.6,73.6,73.6,73.6,1.0,0.0,28.0,0.0,0.5,5.1,5.1,5.1,5.1,1.0,0.0,28.0,0.0,0.2,0.5,-5.02,-5.02,-5.02,-5.02,1.0,0.0,28.0,0.0,0.2,0.5,0.89,0.89,0.89,0.89,1.0,0.0,28.0,0.0,0.2,0.5,1010.0,1010.0,1010.0,1010.0,1.0,0.0,28.0,0.0,0.2,0.5,1.0,1.0,1.0,1.0,1.0,0.0,28.0,0.0,0.2,0.5,-25.6,-25.6,-25.6,-25.6,1.0,0.0,28.0,0.0,0.2,0.5,4.5,4.5,4.5,4.5,1.0,0.0,28.0,0.0,0.2,0.5,0.6,0.6,0.6,0.6,1.0,0.0,28.0,0.0,0.2,0.5,3.1,3.1,3.1,3.1,1.0,0.0,28.0,0.0,0.2,0.5,6.73,6.73,6.73,6.73,1.0,0.0,28.0,0.0,0.2,0.5,34.3,34.3,34.3,34.3,1.0,0.0,28.0,0.0,0.2,0.5,-135.1,-135.1,-135.1,-135.1,1.0,0.0,28.0,0.0,0.2,0.5,23.8,23.8,23.8,23.8,1.0,0.0,28.0,0.0,0.2,0.5,-81.9,-81.9,-81.9,-81.9,1.0,0.0,28.0,0.0,0.2,0.5,14.4,14.4,14.4,14.4,1.0,0.0,28.0,0.0,0.2,0.5,-33.8,-33.8,-33.8,-33.8,1.0,0.0,28.0,0.0,0.2,0.5,6.0,6.0,6.0,6.0,1.0,0.0,28.0,0.0,0.2,0.5,132.5,132.5,132.5,132.5,1.0,0.0,28.0,0.0,0.2,0.5,135.0,135.0,135.0,135.0,1.0,0.0,28.0,0.0,0.2,0.5
1974,2,200.0,-12.0,29.2,29.2,29.2,29.2,1.0,0.0,24.0,1.0,0.6,0.2,28.0,28.0,28.0,28.0,1.0,0.0,24.0,1.0,0.6,0.2,18.71,18.71,18.71,18.71,1.0,0.0,24.0,1.0,0.6,0.2,78.9,78.9,78.9,78.9,1.0,0.0,24.0,1.0,0.2,4.6,4.6,4.6,4.6,1.0,0.0,24.0,1.0,0.6,0.2,-4.53,-4.53,-4.53,-4.53,1.0,0.0,24.0,1.0,0.6,0.2,-0.8,-0.8,-0.8,-0.8,1.0,0.0,24.0,1.0,0.6,0.2,1007.6,1007.6,1007.6,1007.6,1.0,0.0,24.0,1.0,0.6,0.2,5.0,5.0,5.0,5.0,1.0,0.0,24.0,1.0,0.6,0.2,-20.8,-20.8,-20.8,-20.8,1.0,0.0,24.0,1.0,0.6,0.2,-3.7,-3.7,-3.7,-3.7,1.0,0.0,24.0,1.0,0.6,0.2,1.2,1.2,1.2,1.2,1.0,0.0,24.0,1.0,0.6,0.2,5.5,5.5,5.5,5.5,1.0,0.0,24.0,1.0,0.6,0.2,6.82,6.82,6.82,6.82,1.0,0.0,24.0,1.0,0.6,0.2,31.4,31.4,31.4,31.4,1.0,0.0,24.0,1.0,0.6,0.2,-126.8,-126.8,-126.8,-126.8,1.0,0.0,24.0,1.0,0.6,0.2,-22.4,-22.4,-22.4,-22.4,1.0,0.0,24.0,1.0,0.6,0.2,-84.8,-84.8,-84.8,-84.8,1.0,0.0,24.0,1.0,0.6,0.2,-14.9,-14.9,-14.9,-14.9,1.0,0.0,24.0,1.0,0.6,0.2,-30.9,-30.9,-30.9,-30.9,1.0,0.0,24.0,1.0,0.6,0.2,-5.5,-5.5,-5.5,-5.5,1.0,0.0,24.0,1.0,0.6,0.2,97.5,97.5,97.5,97.5,1.0,0.0,24.0,1.0,0.6,0.2,95.0,95.0,95.0,95.0,1.0,0.0,24.0,1.0,0.6,0.2
1974,2,200.0,-10.0,27.3,27.3,27.3,27.3,1.0,0.0,8.0,0.0,0.9,0.5,25.2,25.2,25.2,25.2,1.0,0.0,8.0,0.0,0.9,0.5,16.51,16.51,16.51,16.51,1.0,0.0,8.0,0.0,0.9,0.5,82.4,82.4,82.4,82.4,1.0,0.0,8.0,0.0,0.5,3.02,3.05,3.08,3.05,2.0,0.07,12.0,0.5,0.6,0.7,-2.36,-2.34,-2.31,-2.34,2.0,0.05,12.0,0.5,0.6,0.7,-1.98,-1.96,-1.94,-1.96,2.0,0.05,12.0,0.5,0.6,0.7,1006.06,1007.7,1009.34,1007.7,2.0,3.39,12.0,0.5,0.6,0.7,3.6,5.0,6.4,5.0,2.0,2.8,12.0,0.5,0.6,0.7,-7.3,-7.1,-7.0,-7.1,2.0,0.3,12.0,0.5,0.6,0.7,-6.1,-6.0,-5.8,-6.0,2.0,0.3,12.0,0.5,0.6,0.7,2.1,2.1,2.1,2.1,1.0,0.0,8.0,0.0,0.9,0.5,6.5,6.5,6.5,6.5,1.0,0.0,8.0,0.0,0.9,0.5,6.25,6.25,6.25,6.25,1.0,0.0,8.0,0.0,0.9,0.5,19.4,19.4,19.4,19.4,1.0,0.0,8.0,0.0,0.9,0.5,-59.8,-59.8,-59.8,-59.8,1.0,0.0,8.0,0.0,0.9,0.5,-50.2,-50.2,-50.2,-50.2,1.0,0.0,8.0,0.0,0.9,0.5,-39.2,-39.2,-39.2,-39.2,1.0,0.0,8.0,0.0,0.9,0.5,-32.9,-32.9,-32.9,-32.9,1.0,0.0,8.0,0.0,0.9,0.5,-14.8,-14.8,-14.8,-14.8,1.0,0.0,8.0,0.0,0.9,0.5,-12.5,-12.5,-12.5,-12.5,1.0,0.0,8.0,0.0,0.9,0.5,27.5,28.5,29.5,28.5,2.0,2.0,12.0,0.5,0.6,0.7,25.0,30.0,30.0,30.0,2.0,0.0,12.0,0.5,0.6,0.7
1974,2,200.0,-9.0,27.1,27.1,27.1,27.1,1.0,0.0,8.0,0.0,0.1,0.2,26.2,26.2,26.2,26.2,1.0,0.0,8.0,0.0,0.1,0.2,16.01,16.01,16.01,16.01,1.0,0.0,8.0,0.0,0.1,0.2,75.4,75.4,75.4,75.4,1.0,0.0,8.0,0.0,0.2,3.6,3.6,3.6,3.6,1.0,0.0,8.0,0.0,0.1,0.2,-2.76,-2.76,-2.76,-2.76,1.0,0.0,8.0,0.0,0.1,0.2,-2.31,-2.31,-2.31,-2.31,1.0,0.0,8.0,0.0,0.1,0.2,1010.5,1010.5,1010.5,1010.5,1.0,0.0,8.0,0.0,0.1,0.2,4.0,4.0,4.0,4.0,1.0,0.0,8.0,0.0,0.1,0.2,-9.9,-9.9,-9.9,-9.9,1.0,0.0,8.0,0.0,0.1,0.2,-8.3,-8.3,-8.3,-8.3,1.0,0.0,8.0,0.0,0.1,0.2,0.9,0.9,0.9,0.9,1.0,0.0,8.0,0.0,0.1,0.2,3.2,3.2,3.2,3.2,1.0,0.0,8.0,0.0,0.1,0.2,6.48,6.48,6.48,6.48,1.0,0.0,8.0,0.0,0.1,0.2,23.3,23.3,23.3,23.3,1.0,0.0,8.0,0.0,0.1,0.2,-72.3,-72.3,-72.3,-72.3,1.0,0.0,8.0,0.0,0.1,0.2,-60.6,-60.6,-60.6,-60.6,1.0,0.0,8.0,0.0,0.1,0.2,-44.1,-44.1,-44.1,-44.1,1.0,0.0,8.0,0.0,0.1,0.2,-37.0,-37.0,-37.0,-37.0,1.0,0.0,8.0,0.0,0.1,0.2,-17.9,-17.9,-17.9,-17.9,1.0,0.0,8.0,0.0,0.1,0.2,-15.0,-15.0,-15.0,-15.0,1.0,0.0,8.0,0.0,0.1,0.2,46.5,46.5,46.5,46.5,1.0,0.0,8.0,0.0,0.1,0.2,45.0,45.0,45.0,45.0,1.0,0.0,8.0,0.0,0.1,0.2
1974,2,200.0,-3.0,26.7,26.7,26.7,26.7,1.0,0.0,12.0,1.0,0.9,1.0,26.1,26.1,26.1,26.1,1.0,0.0,12.0,1.0,0.9,1.0,16.55,16.55,16.55,16.55,1.0,0.0,12.0,1.0,0.9,1.0,78.2,78.2,78.2,78.2,1.0,0.0,12.0,1.0,1.0,10.3,10.3,10.3,10.3,1.0,0.0,12.0,1.0,0.9,1.0,-8.92,-8.92,-8.92,-8.92,1.0,0.0,12.0,1.0,0.9,1.0,-5.15,-5.15,-5.15,-5.15,1.0,0.0,12.0,1.0,0.9,1.0,1007.8,1007.8,1007.8,1007.8,1.0,0.0,12.0,1.0,0.9,1.0,2.0,2.0,2.0,2.0,1.0,0.0,12.0,1.0,0.9,1.0,-91.9,-91.9,-91.9,-91.9,1.0,0.0,12.0,1.0,0.9,1.0,-53.0,-53.0,-53.0,-53.0,1.0,0.0,12.0,1.0,0.9,1.0,0.6,0.6,0.6,0.6,1.0,0.0,12.0,1.0,0.9,1.0,6.2,6.2,6.2,6.2,1.0,0.0,12.0,1.0,0.9,1.0,5.46,5.46,5.46,5.46,1.0,0.0,12.0,1.0,0.9,1.0,56.3,56.3,56.3,56.3,1.0,0.0,12.0,1.0,0.9,1.0,-232.8,-232.8,-232.8,-232.8,1.0,0.0,12.0,1.0,0.9,1.0,-134.4,-134.4,-134.4,-134.4,1.0,0.0,12.0,1.0,0.9,1.0,-147.6,-147.6,-147.6,-147.6,1.0,0.0,12.0,1.0,0.9,1.0,-85.2,-85.2,-85.2,-85.2,1.0,0.0,12.0,1.0,0.9,1.0,-48.7,-48.7,-48.7,-48.7,1.0,0.0,12.0,1.0,0.9,1.0,-28.1,-28.1,-28.1,-28.1,1.0,0.0,12.0,1.0,0.9,1.0,1092.5,1092.5,1092.5,1092.5,1.0,0.0,12.0,1.0,0.9,1.0,1095.0,1095.0,1095.0,1095.0,1.0,0.0,12.0,1.0,0.9,1.0
1974,2,200.0,4.0,25.0,25.0,25.0,25.0,2.0,0.0,10.0,1.0,0.1,0.6,25.1,25.3,25.5,25.3,2.0,0.42,10.0,1.0,0.1,0.6,17.29,17.89,18.49,17.89,2.0,1.24,10.0,1.0,0.1,0.6,84.9,88.9,92.9,88.9,2.0,8.3,10.0,1.0,0.6,7.36,7.7,8.04,7.7,2.0,0.71,10.0,1.0,0.1,0.6,-8.04,-7.7,-7.36,-7.7,2.0,0.71,10.0,1.0,0.1,0.6,0.0,0.0,0.0,0.0,2.0,0.0,10.0,1.0,0.1,0.6,1010.86,1011.0,1011.14,1011.0,2.0,0.28,10.0,1.0,0.1,0.6,4.5,5.5,6.5,5.5,2.0,2.1,10.0,1.0,0.1,0.6,-64.8,-59.5,-54.3,-59.5,2.0,10.9,10.0,1.0,0.1,0.6,0.0,0.0,0.0,0.0,2.0,0.0,10.0,1.0,0.1,0.6,-0.5,-0.3,-0.1,-0.3,2.0,0.42,10.0,1.0,0.1,0.6,-4.1,-2.5,-0.8,-2.5,2.0,3.5,10.0,1.0,0.1,0.6,1.33,1.93,2.52,1.93,2.0,1.24,10.0,1.0,0.1,0.6,10.0,15.3,20.5,15.3,2.0,10.9,10.0,1.0,0.1,0.6,-205.2,-195.0,-184.7,-195.0,2.0,21.2,10.0,1.0,0.1,0.6,0.0,0.0,0.0,0.0,2.0,0.0,10.0,1.0,0.1,0.6,-138.8,-137.3,-135.8,-137.3,2.0,3.1,10.0,1.0,0.1,0.6,0.0,0.0,0.0,0.0,2.0,0.0,10.0,1.0,0.1,0.6,-20.5,-15.3,-10.0,-15.3,2.0,10.9,10.0,1.0,0.1,0.6,0.0,0.0,0.0,0.0,2.0,0.0,10.0,1.0,0.1,0.6,401.5,462.5,523.0,462.5,2.0,126.0,10.0,1.0,0.1,0.6,400.0,460.0,525.0,460.0,2.0,125.0,10.0,1.0,0.1,0.6
1974,2,200.0,6.0,27.2,27.2,27.2,27.2,1.0,0.0,24.0,0.0,0.2,0.9,23.9,23.9,23.9,23.9,1.0,0.0,24.0,0.0,0.2,0.9,16.84,16.84,16.84,16.84,1.0,0.0,24.0,0.0,0.2,0.9,90.8,90.8,90.8,90.8,1.0,0.0,24.0,0.0,0.9,12.9,12.9,12.9,12.9,1.0,0.0,24.0,0.0,0.2,0.9,-11.17,-11.17,-11.17,-11.17,1.0,0.0,24.0,0.0,0.2,0.9,-6.45,-6.45,-6.45,-6.45,1.0,0.0,24.0,0.0,0.2,0.9,1008.8,1008.8,1008.8,1008.8,1.0,0.0,24.0,0.0,0.2,0.9,,,,,,,,,,,,,,,,,,,,,,,,,,,,,,,3.3,3.3,3.3,3.3,1.0,0.0,24.0,0.0,0.2,0.9,42.6,42.6,42.6,42.6,1.0,0.0,24.0,0.0,0.2,0.9,5.82,5.82,5.82,5.82,1.0,0.0,24.0,0.0,0.2,0.9,75.0,75.0,75.0,75.0,1.0,0.0,24.0,0.0,0.2,0.9,-267.0,-267.0,-267.0,-267.0,1.0,0.0,24.0,0.0,0.2,0.9,-154.2,-154.2,-154.2,-154.2,1.0,0.0,24.0,0.0,0.2,0.9,-188.2,-188.2,-188.2,-188.2,1.0,0.0,24.0,0.0,0.2,0.9,-108.6,-108.6,-108.6,-108.6,1.0,0.0,24.0,0.0,0.2,0.9,-65.0,-65.0,-65.0,-65.0,1.0,0.0,24.0,0.0,0.2,0.9,-37.5,-37.5,-37.5,-37.5,1.0,0.0,24.0,0.0,0.2,0.9,2146.5,2146.5,2146.5,2146.5,1.0,0.0,24.0,0.0,0.2,0.9,2145.0,2145.0,2145.0,2145.0,1.0,0.0,24.0,0.0,0.2,0.9
1974,2,200.0,7.0,,,,,,,,,,,,,,,,,,,,,,,,,,,,,,,,,,,,,,,,12.9,12.9,12.9,12.9,1.0,0.0,20.0,1.0,0.1,0.2,-9.88,-9.88,-9.88,-9.88,1.0,0.0,20.0,1.0,0.1,0.2,-8.29,-8.29,-8.29,-8.29,1.0,0.0,20.0,1.0,0.1,0.2,1007.4,1007.4,1007.4,1007.4,1.0,0.0,20.0,1.0,0.1,0.2,8.0,8.0,8.0,8.0,1.0,0.0,20.0,1.0,0.1,0.2,-127.5,-127.5,-127.5,-127.5,1.0,0.0,20.0,1.0,0.1,0.2,-107.0,-107.0,-107.0,-107.0,1.0,0.0,20.0,1.0,0.1,0.2,,,,,,,,,,,,,,,,,,,,,,,,,,,,,,,,,,,,,,,,,-258.9,-258.9,-258.9,-258.9,1.0,0.0,20.0,1.0,0.1,0.2,-217.2,-217.2,-217.2,-217.2,1.0,0.0,20.0,1.0,0.1,0.2,-164.6,-164.6,-164.6,-164.6,1.0,0.0,20.0,1.0,0.1,0.2,-138.2,-138.2,-138.2,-138.2,1.0,0.0,20.0,1.0,0.1,0.2,,,,,,,,,,,,,,,,,,,,,,,,,,,,,,,,,,,,,,,,
1974,2,200.0,13.0,25.5,25.5,25.5,25.5,1.0,0.0,12.0,1.0,0.4,0.4,25.5,25.5,25.5,25.5,1.0,0.0,12.0,1.0,0.4,0.4,15.07,15.07,15.07,15.07,1.0,0.0,12.0,1.0,0.4,0.4,74.3,74.3,74.3,74.3,1.0,0.0,12.0,1.0,0.4,11.3,11.3,11.3,11.3,1.0,0.0,12.0,1.0,0.4,0.4,-11.3,-11.3,-11.3,-11.3,1.0,0.0,12.0,1.0,0.4,0.4,0.0,0.0,0.0,0.0,1.0,0.0,12.0,1.0,0.4,0.4,1015.0,1015.0,1015.0,1015.0,1.0,0.0,12.0,1.0,0.4,0.4,4.0,4.0,4.0,4.0,1.0,0.0,12.0,1.0,0.4,0.4,-127.7,-127.7,-127.7,-127.7,1.0,0.0,12.0,1.0,0.4,0.4,0.0,0.0,0.0,0.0,1.0,0.0,12.0,1.0,0.4,0.4,0.0,0.0,0.0,0.0,1.0,0.0,12.0,1.0,0.4,0.4,0.0,0.0,0.0,0.0,1.0,0.0,12.0,1.0,0.4,0.4,5.27,5.27,5.27,5.27,1.0,0.0,12.0,1.0,0.4,0.4,59.6,59.6,59.6,59.6,1.0,0.0,12.0,1.0,0.4,0.4,-288.1,-288.1,-288.1,-288.1,1.0,0.0,12.0,1.0,0.4,0.4,0.0,0.0,0.0,0.0,1.0,0.0,12.0,1.0,0.4,0.4,-170.3,-170.3,-170.3,-170.3,1.0,0.0,12.0,1.0,0.4,0.4,0.0,0.0,0.0,0.0,1.0,0.0,12.0,1.0,0.4,0.4,-59.6,-59.6,-59.6,-59.6,1.0,0.0,12.0,1.0,0.4,0.4,0.0,0.0,0.0,0.0,1.0,0.0,12.0,1.0,0.4,0.4,1443.0,1443.0,1443.0,1443.0,1.0,0.0,12.0,1.0,0.4,0.4,1445.0,1445.0,1445.0,1445.0,1.0,0.0,12.0,1.0,0.4,0.4
1974,2,200.0,15.0,25.33,25.6,25.87,25.6,2.0,0.57,20.0,1.0,0.1,0.9,24.16,24.5,24.84,24.5,2.0,0.71,20.0,1.0,0.1,0.9,14.58,14.86,15.15,14.86,2.0,0.59,20.0,1.0,0.1,0.9,74.7,77.8,80.9,77.8,2.0,6.3,20.0,1.0,0.9,11.38,11.55,11.72,11.55,2.0,0.35,20.0,1.0,0.1,0.9,-11.27,-11.19,-11.12,-11.19,2.0,0.15,20.0,1.0,0.1,0.9,-3.4,-2.02,-0.64,-2.02,2.0,2.85,20.0,1.0,0.1,0.9,1013.6,1013.6,1013.6,1013.6,2.0,0.0,20.0,1.0,0.1,0.9,3.6,5.0,6.4,5.0,2.0,2.8,20.0,1.0,0.1,0.9,-130.3,-129.3,-128.2,-129.3,2.0,2.2,20.0,1.0,0.1,0.9,-40.1,-23.8,-7.6,-23.8,2.0,33.7,20.0,1.0,0.1,0.9,1.03,1.1,1.17,1.1,2.0,0.14,20.0,1.0,0.1,0.9,11.8,12.7,13.7,12.7,2.0,2.0,20.0,1.0,0.1,0.9,5.01,5.64,6.26,5.64,2.0,1.29,20.0,1.0,0.1,0.9,58.7,64.9,71.1,64.9,2.0,12.9,20.0,1.0,0.1,0.9,-279.9,-274.3,-268.7,-274.3,2.0,11.6,20.0,1.0,0.1,0.9,-81.5,-48.4,-15.4,-48.4,2.0,68.5,20.0,1.0,0.1,0.9,-168.4,-166.3,-164.2,-166.3,2.0,4.4,20.0,1.0,0.1,0.9,-51.9,-30.8,-9.8,-30.8,2.0,43.6,20.0,1.0,0.1,0.9,-70.6,-63.2,-55.8,-63.2,2.0,15.3,20.0,1.0,0.1,0.9,-16.0,-9.5,-3.0,-9.5,2.0,13.5,20.0,1.0,0.1,0.9,1474.5,1543.0,1611.5,1543.0,2.0,141.5,20.0,1.0,0.1,0.9,1475.0,1545.0,1610.0,1545.0,2.0,140.0,20.0,1.0,0.1,0.9
1974,2,200.0,16.0,26.4,27.05,27.7,27.05,2.0,1.34,18.0,0.0,0.4,0.6,24.65,25.2,25.75,25.2,2.0,1.13,18.0,0.0,0.4,0.6,15.87,15.87,15.87,15.87,1.0,0.0,14.0,0.0,0.3,0.7,83.4,83.4,83.4,83.4,1.0,0.0,14.0,0.0,0.7,11.13,11.85,12.57,11.85,2.0,1.48,18.0,0.0,0.4,0.6,-12.38,-11.67,-10.96,-11.67,2.0,1.46,18.0,0.0,0.4,0.6,-1.22,0.18,1.59,0.18,2.0,2.91,18.0,0.0,0.4,0.6,1010.48,1011.5,1012.52,1011.5,2.0,2.12,18.0,0.0,0.4,0.6,3.8,5.5,7.2,5.5,2.0,3.5,18.0,0.0,0.4,0.6,-156.1,-139.4,-122.6,-139.4,2.0,34.7,18.0,0.0,0.4,0.6,-12.5,4.3,21.1,4.3,2.0,34.8,18.0,0.0,0.4,0.6,1.75,1.85,1.95,1.85,2.0,0.21,18.0,0.0,0.4,0.6,21.7,21.8,21.9,21.8,2.0,0.2,18.0,0.0,0.4,0.6,5.26,5.26,5.26,5.26,1.0,0.0,14.0,0.0,0.3,0.7,67.9,67.9,67.9,67.9,1.0,0.0,14.0,0.0,0.3,0.7,-304.7,-293.3,-281.8,-293.3,2.0,23.6,18.0,0.0,0.4,0.6,-32.3,2.9,38.2,2.9,2.0,73.1,18.0,0.0,0.4,0.6,-201.6,-201.6,-201.6,-201.6,1.0,0.0,14.0,0.0,0.3,0.7,35.5,35.5,35.5,35.5,1.0,0.0,14.0,0.0,0.3,0.7,-66.9,-66.9,-66.9,-66.9,1.0,0.0,14.0,0.0,0.3,0.7,11.8,11.8,11.8,11.8,1.0,0.0,14.0,0.0,0.3,0.7,1400.5,1703.0,2006.0,1703.0,2.0,627.0,18.0,0.0,0.4,0.6,1400.0,1705.0,2005.0,1705.0,2.0,625.0,18.0,0.0,0.4,0.6
1974,2,200.0,17.0,25.0,25.0,25.94,25.39,8.0,1.15,16.0,0.6,0.4,0.5,23.74,24.0,24.67,24.2,7.0,1.05,16.0,0.6,0.4,0.5,12.68,14.89,15.47,14.23,7.0,1.47,16.0,0.6,0.4,0.5,64.4,80.3,84.7,76.3,7.0,11.5,16.0,0.6,0.5,6.6,7.7,9.37,7.87,7.0,2.09,16.0,0.6,0.4,0.5,-9.36,-7.7,-5.72,-7.57,7.0,2.35,16.0,0.6,0.4,0.5,-2.35,-1.88,0.0,-1.4,7.0,1.39,16.0,0.6,0.4,0.5,1013.66,1014.5,1017.0,1014.86,7.0,1.64,16.0,0.6,0.4,0.5,3.9,6.0,6.0,5.0,7.0,1.7,16.0,0.6,0.4,0.5,-87.8,-59.3,-37.9,-63.8,7.0,33.7,16.0,0.6,0.4,0.5,-20.4,-10.6,0.0,-9.8,7.0,9.9,16.0,0.6,0.4,0.5,-0.03,1.0,1.68,1.24,7.0,1.94,16.0,0.6,0.4,0.5,-0.4,6.9,12.3,8.1,7.0,13.6,16.0,0.6,0.4,0.5,4.27,5.63,7.75,6.09,7.0,1.63,16.0,0.6,0.4,0.5,31.2,51.9,61.3,47.4,7.0,16.0,16.0,0.6,0.4,0.5,-242.7,-184.8,-128.9,-184.2,7.0,60.7,16.0,0.6,0.4,0.5,-57.3,-45.9,0.0,-33.3,7.0,32.3,16.0,0.6,0.4,0.5,-135.6,-120.2,-75.0,-107.0,7.0,32.1,16.0,0.6,0.4,0.5,-35.1,-23.8,0.0,-19.6,7.0,20.4,16.0,0.6,0.4,0.5,-60.4,-45.8,-31.0,-45.3,7.0,16.3,16.0,0.6,0.4,0.5,-18.2,-10.6,0.0,-9.6,7.0,10.3,16.0,0.6,0.4,0.5,291.0,456.5,826.0,575.0,7.0,401.5,16.0,0.6,0.4,0.5,290.0,455.0,825.0,575.0,7.0,400.0,16.0,0.6,0.4,0.5
1974,2,200.0,18.0,23.99,25.0,25.49,24.77,9.0,0.99,20.0,0.3,0.4,0.5,23.91,24.4,25.14,24.41,8.0,1.32,20.0,0.4,0.4,0.5,12.85,13.63,15.87,14.27,7.0,1.79,20.0,0.4,0.5,0.5,67.3,69.6,86.1,75.4,7.0,11.0,20.0,0.4,0.5,5.22,8.0,11.69,8.43,8.0,3.19,20.0,0.4,0.4,0.5,-10.6,-7.17,-4.77,-7.78,8.0,3.01,20.0,0.4,0.4,0.5,0.0,0.54,4.42,1.7,8.0,3.14,20.0,0.4,0.4,0.5,1013.63,1015.05,1017.49,1015.4,8.0,1.81,20.0,0.4,0.4,0.5,0.2,2.0,5.9,3.0,8.0,2.7,20.0,0.4,0.4,0.5,-115.5,-58.5,-24.2,-73.5,8.0,52.4,20.0,0.4,0.4,0.5,0.0,3.3,39.9,17.1,8.0,33.8,20.0,0.4,0.4,0.5,-1.48,0.75,1.7,0.3,8.0,1.84,20.0,0.4,0.4,0.5,-15.7,5.8,12.5,0.2,8.0,18.2,20.0,0.4,0.4,0.5,3.82,5.5,6.92,5.45,7.0,1.58,20.0,0.4,0.5,0.5,28.6,38.5,50.0,41.2,7.0,12.5,20.0,0.4,0.5,0.5,-261.1,-176.0,-117.2,-191.0,8.0,76.5,20.0,0.4,0.4,0.5,0.0,12.9,105.4,42.3,8.0,81.3,20.0,0.4,0.4,0.5,-136.9,-96.4,-59.8,-108.1,7.0,57.0,20.0,0.4,0.5,0.5,-1.5,17.0,62.4,27.4,7.0,46.9,20.0,0.4,0.5,0.5,-49.6,-36.2,-28.0,-37.6,7.0,11.1,20.0,0.4,0.5,0.5,-0.6,5.0,27.9,9.3,7.0,16.2,20.0,0.4,0.5,0.5,144.5,552.5,1600.5,828.0,8.0,777.5,20.0,0.4,0.4,0.5,145.0,555.0,1600.0,830.0,8.0,780.0,20.0,0.4,0.4,0.5
1974,2,200.0,19.0,24.71,25.15,26.0,25.26,10.0,0.75,20.0,0.5,0.7,0.3,22.96,24.4,25.15,24.3,9.0,1.32,20.0,0.6,0.6,0.3,14.15,15.13,16.27,15.08,8.0,1.27,20.0,0.6,0.6,0.2,76.5,80.8,87.5,80.2,8.0,8.1,20.0,0.6,0.2,6.6,8.2,10.03,8.22,9.0,1.93,20.0,0.6,0.6,0.3,-9.04,-8.05,-6.56,-7.7,9.0,1.54,20.0,0.6,0.6,0.3,0.0,1.34,4.13,1.26,9.0,2.99,20.0,0.6,0.6,0.3,1014.21,1016.1,1019.08,1016.47,9.0,2.28,20.0,0.6,0.6,0.3,1.3,3.0,5.7,3.2,9.0,2.0,20.0,0.6,0.6,0.3,-93.0,-66.2,-43.8,-65.8,9.0,25.7,20.0,0.6,0.6,0.3,0.0,10.3,37.4,12.4,9.0,29.3,20.0,0.6,0.6,0.3,0.0,0.1,2.53,0.96,9.0,1.41,20.0,0.6,0.6,0.3,0.0,0.6,23.0,7.9,9.0,11.8,20.0,0.6,0.6,0.3,4.29,4.91,6.8,5.14,8.0,1.61,20.0,0.6,0.6,0.2,35.9,45.6,52.7,42.3,8.0,14.3,20.0,0.6,0.6,0.2,-230.2,-183.8,-160.1,-187.3,9.0,41.4,20.0,0.6,0.6,0.3,0.0,30.1,101.3,33.2,9.0,72.7,20.0,0.6,0.6,0.3,-144.7,-120.9,-82.4,-116.4,8.0,27.8,20.0,0.6,0.6,0.2,0.0,9.4,49.9,14.0,8.0,46.0,20.0,0.6,0.6,0.2,-49.0,-44.2,-35.3,-40.1,8.0,13.3,20.0,0.6,0.6,0.2,0.0,4.3,15.0,5.0,8.0,14.4,20.0,0.6,0.6,0.2,297.0,551.5,1015.0,634.5,9.0,374.5,20.0,0.6,0.6,0.3,295.0,550.0,1015.0,635.0,9.0,375.0,20.0,0.6,0.6,0.3
1974,2,200.0,20.0,23.09,25.0,25.14,24.13,3.0,1.68,18.0,0.7,0.5,0.5,23.1,23.3,24.8,23.93,3.0,1.37,18.0,0.7,0.5,0.5,13.75,15.01,15.97,14.86,3.0,1.63,18.0,0.7,0.5,0.5,74.4,74.4,87.9,80.9,3.0,11.4,18.0,0.7,0.5,5.39,6.0,7.16,6.27,3.0,1.32,18.0,0.7,0.5,0.5,-5.82,-5.64,-5.22,-5.52,3.0,0.45,18.0,0.7,0.5,0.5,-3.1,0.89,1.68,-0.67,3.0,3.75,18.0,0.7,0.5,0.5,1016.96,1018.6,1018.87,1017.93,3.0,1.51,18.0,0.7,0.5,0.5,1.3,2.0,2.7,2.0,3.0,1.0,18.0,0.7,0.5,0.5,-41.7,-33.8,-28.2,-35.0,3.0,9.9,18.0,0.7,0.5,0.5,-24.6,4.5,9.8,-7.1,3.0,27.1,18.0,0.7,0.5,0.5,-0.91,-0.5,1.34,0.2,3.0,1.76,18.0,0.7,0.5,0.5,-6.6,-2.5,8.2,0.7,3.0,11.2,18.0,0.7,0.5,0.5,3.46,3.54,4.3,3.87,3.0,0.68,18.0,0.7,0.5,0.5,22.0,23.7,25.5,23.8,3.0,2.5,18.0,0.7,0.5,0.5,-135.0,-129.7,-128.6,-131.7,3.0,5.0,18.0,0.7,0.5,0.5,-71.6,22.6,39.4,-15.2,3.0,87.6,18.0,0.7,0.5,0.5,-87.8,-77.6,-76.1,-81.9,3.0,9.3,18.0,0.7,0.5,0.5,-40.2,13.3,27.2,-6.1,3.0,52.2,18.0,0.7,0.5,0.5,-22.3,-20.2,-20.0,-21.2,3.0,1.9,18.0,0.7,0.5,0.5,-10.2,4.1,6.3,-1.8,3.0,13.1,18.0,0.7,0.5,0.5,159.0,216.0,380.0,268.5,3.0,168.0,18.0,0.7,0.5,0.5,160.0,215.0,380.0,270.0,3.0,170.0,18.0,0.7,0.5,0.5
1974,2,200.0,21.0,23.62,25.0,26.1,24.89,17.0,1.75,10.0,0.5,0.5,0.4,22.99,23.3,24.9,23.76,19.0,1.26,12.0,0.5,0.5,0.4,13.04,14.08,15.75,14.34,19.0,1.38,12.0,0.5,0.5,0.4,73.6,80.2,84.7,78.7,19.0,8.7,12.0,0.5,0.4,2.6,6.45,9.8,6.24,18.0,3.0,10.0,0.6,0.5,0.4,-7.35,-4.25,2.59,-3.2,18.0,5.09,10.0,0.6,0.5,0.4,-4.2,-1.08,1.32,-1.34,18.0,3.4,10.0,0.6,0.5,0.4,1013.46,1014.3,1018.07,1015.49,19.0,2.56,12.0,0.5,0.5,0.4,0.0,3.0,6.0,3.2,18.0,2.3,12.0,0.6,0.5,0.4,-63.6,-25.7,11.1,-27.6,18.0,43.7,10.0,0.6,0.5,0.4,-29.6,-3.5,5.4,-12.3,18.0,27.4,10.0,0.6,0.5,0.4,-0.5,1.7,3.09,1.25,17.0,2.53,10.0,0.5,0.5,0.4,-2.4,7.8,24.9,7.1,16.0,21.3,10.0,0.5,0.5,0.4,2.87,5.34,8.0,5.22,17.0,2.57,10.0,0.5,0.5,0.4,20.1,29.9,50.7,33.5,16.0,19.9,10.0,0.5,0.5,0.4,-178.4,-102.4,58.5,-78.0,18.0,123.1,10.0,0.6,0.5,0.4,-102.3,-25.5,30.1,-31.8,18.0,78.5,10.0,0.6,0.5,0.4,-111.9,-63.2,35.1,-45.9,18.0,74.3,10.0,0.6,0.5,0.4,-64.6,-13.6,18.0,-20.4,18.0,50.4,10.0,0.6,0.5,0.4,-33.4,-19.3,19.9,-15.1,16.0,29.3,10.0,0.5,0.5,0.4,-23.4,-4.5,7.2,-5.6,16.0,21.4,10.0,0.5,0.5,0.4,17.5,269.5,941.0,392.0,18.0,378.5,10.0,0.6,0.5,0.4,20.0,270.0,940.0,390.0,18.0,380.0,10.0,0.6,0.5,0.4
1974,2,200.0,22.0,23.68,24.5,26.04,24.75,11.0,1.32,16.0,0.6,0.4,0.4,22.85,23.8,25.53,23.89,9.0,1.59,14.0,0.6,0.4,0.4,13.74,14.66,17.2,15.34,9.0,1.86,14.0,0.6,0.4,0.4,72.2,88.2,90.6,83.7,9.0,11.6,14.0,0.6,0.4,7.45,8.5,11.18,8.79,12.0,2.66,16.0,0.7,0.4,0.4,-9.87,-7.7,-4.59,-7.26,12.0,3.29,16.0,0.7,0.4,0.4,-3.87,0.0,4.64,0.74,12.0,4.73,16.0,0.7,0.4,0.4,1014.61,1017.8,1019.65,1017.94,11.0,4.1,16.0,0.6,0.4,0.4,1.0,2.0,2.3,2.3,12.0,1.6,16.0,0.7,0.4,0.4,-102.8,-59.3,-37.6,-70.2,12.0,46.0,16.0,0.7,0.4,0.4,-33.6,0.0,47.0,7.1,12.0,46.3,16.0,0.7,0.4,0.4,-1.11,1.5,3.08,0.99,9.0,2.45,14.0,0.6,0.4,0.4,-12.5,11.6,17.3,6.0,9.0,21.9,14.0,0.6,0.4,0.4,1.75,4.44,6.57,4.25,9.0,2.44,14.0,0.6,0.4,0.4,14.7,34.2,56.1,32.4,9.0,20.8,14.0,0.6,0.4,0.4,-212.1,-159.5,-87.6,-148.9,9.0,71.4,14.0,0.6,0.4,0.4,-122.3,0.0,121.3,2.6,9.0,125.7,14.0,0.6,0.4,0.4,-145.0,-111.3,-54.6,-95.3,9.0,47.2,14.0,0.6,0.4,0.4,-77.2,0.0,67.7,-0.9,9.0,82.5,14.0,0.6,0.4,0.4,-34.3,-21.0,-8.0,-22.1,9.0,13.1,14.0,0.6,0.4,0.4,-4.5,0.0,36.6,7.8,9.0,28.8,14.0,0.6,0.4,0.4,417.0,630.5,1412.5,844.0,12.0,641.5,16.0,0.7,0.4,0.4,415.0,630.0,1415.0,845.0,12.0,640.0,16.0,0.7,0.4,0.4
1974,2,200.0,23.0,21.85,22.6,23.35,22.6,2.0,1.56,2.0,0.5,0.5,0.3,22.33,23.05,23.77,23.05,2.0,1.48,2.0,0.5,0.5,0.3,13.99,14.83,15.67,14.83,2.0,1.74,2.0,0.5,0.5,0.3,83.5,84.5,85.5,84.5,2.0,2.0,2.0,0.5,0.3,8.77,10.0,11.23,10.0,2.0,2.55,2.0,0.5,0.5,0.3,-9.72,-8.66,-7.6,-8.66,2.0,2.2,2.0,0.5,0.5,0.3,-4.31,-0.9,2.51,-0.9,2.0,7.07,2.0,0.5,0.5,0.3,1014.15,1015.55,1016.95,1015.55,2.0,2.9,2.0,0.5,0.5,0.3,1.0,3.0,5.0,3.0,2.0,4.2,2.0,0.5,0.5,0.3,-110.7,-89.4,-68.1,-89.4,2.0,44.1,2.0,0.5,0.5,0.3,-53.2,-18.0,17.2,-18.0,2.0,73.0,2.0,0.5,0.5,0.3,-0.48,-0.45,-0.42,-0.45,2.0,0.07,2.0,0.5,0.5,0.3,-5.5,-4.6,-3.7,-4.6,2.0,1.9,2.0,0.5,0.5,0.3,2.22,2.25,2.28,2.25,2.0,0.06,2.0,0.5,0.5,0.3,19.5,22.6,25.7,22.6,2.0,6.3,2.0,0.5,0.5,0.3,-216.3,-198.0,-179.7,-198.0,2.0,38.0,2.0,0.5,0.5,0.3,-93.5,-15.5,62.5,-15.5,2.0,161.7,2.0,0.5,0.5,0.3,-135.0,-126.5,-118.0,-126.5,2.0,17.6,2.0,0.5,0.5,0.3,-57.0,-7.2,42.7,-7.2,2.0,103.3,2.0,0.5,0.5,0.3,-22.2,-19.6,-16.9,-19.6,2.0,5.5,2.0,0.5,0.5,0.3,-10.0,-2.2,5.5,-2.2,2.0,16.0,2.0,0.5,0.5,0.3,724.5,1097.0,1470.0,1097.0,2.0,772.0,2.0,0.5,0.5,0.3,725.0,1095.0,1470.0,1095.0,2.0,770.0,2.0,0.5,0.5,0.3
1974,2,200.0,24.0,23.9,23.9,23.9,23.9,1.0,0.0,12.0,0.0,0.1,0.0,20.65,20.75,20.85,20.75,2.0,0.21,6.0,0.0,0.4,0.3,10.71,10.92,11.14,10.92,2.0,0.45,6.0,0.0,0.4,0.3,71.5,72.4,73.2,72.4,2.0,1.7,6.0,0.0,0.3,5.77,7.2,8.63,7.2,2.0,2.97,6.0,0.0,0.4,0.3,-8.11,-6.77,-5.42,-6.77,2.0,2.79,6.0,0.0,0.4,0.3,-2.4,-0.72,0.96,-0.72,2.0,3.48,6.0,0.0,0.4,0.3,1018.18,1020.3,1022.42,1020.3,2.0,4.38,6.0,0.0,0.4,0.3,3.5,4.5,5.5,4.5,2.0,2.1,6.0,0.0,0.4,0.3,-72.3,-52.9,-33.5,-52.9,2.0,40.2,6.0,0.0,0.4,0.3,-23.5,-10.3,2.8,-10.3,2.0,27.2,6.0,0.0,0.4,0.3,3.3,3.3,3.3,3.3,1.0,0.0,12.0,0.0,0.1,0.0,30.7,30.7,30.7,30.7,1.0,0.0,12.0,0.0,0.1,0.0,7.7,7.7,7.7,7.7,1.0,0.0,12.0,0.0,0.1,0.0,71.6,71.6,71.6,71.6,1.0,0.0,12.0,0.0,0.1,0.0,-167.4,-140.1,-112.8,-140.1,2.0,56.5,6.0,0.0,0.4,0.3,-49.3,-14.5,20.3,-14.5,2.0,72.1,6.0,0.0,0.4,0.3,-86.5,-73.3,-60.0,-73.3,2.0,27.5,6.0,0.0,0.4,0.3,-25.3,-7.1,11.1,-7.1,2.0,37.7,6.0,0.0,0.4,0.3,-67.3,-67.3,-67.3,-67.3,1.0,0.0,12.0,0.0,0.1,0.0,-24.5,-24.5,-24.5,-24.5,1.0,0.0,12.0,0.0,0.1,0.0,239.5,468.5,698.0,468.5,2.0,475.0,6.0,0.0,0.4,0.3,240.0,470.0,700.0,470.0,2.0,475.0,6.0,0.0,0.4,0.3
1974,2,200.0,25.0,21.27,23.0,23.47,22.53,9.0,1.22,8.0,0.7,0.5,0.5,20.59,23.0,23.57,22.63,9.0,2.06,8.0,0.7,0.5,0.5,11.53,13.65,15.66,13.7,9.0,1.98,8.0,0.7,0.5,0.5,66.6,88.0,90.8,80.8,9.0,12.9,8.0,0.7,0.5,3.23,7.2,9.73,6.92,9.0,3.68,8.0,0.7,0.5,0.5,-9.73,-6.77,-1.84,-6.07,9.0,4.16,8.0,0.7,0.5,0.5,-3.97,-1.99,0.0,-1.74,9.0,2.3,8.0,0.7,0.5,0.5,1012.97,1015.5,1021.9,1017.17,9.0,4.55,8.0,0.7,0.5,0.5,2.3,5.0,5.0,4.3,9.0,1.9,8.0,0.7,0.5,0.5,-95.6,-48.7,-5.4,-55.4,9.0,58.5,8.0,0.7,0.5,0.5,-21.0,-9.0,0.0,-12.0,9.0,23.3,8.0,0.7,0.5,0.5,-1.15,0.0,0.97,-0.1,9.0,1.23,8.0,0.7,0.5,0.5,-9.1,0.0,7.4,0.3,9.0,9.4,8.0,0.7,0.5,0.5,1.89,2.18,5.27,3.28,9.0,1.86,8.0,0.7,0.5,0.5,7.0,15.1,42.8,27.1,9.0,28.9,8.0,0.7,0.5,0.5,-219.0,-131.9,-43.2,-134.6,9.0,91.3,8.0,0.7,0.5,0.5,-95.8,-47.0,0.0,-42.0,9.0,53.1,8.0,0.7,0.5,0.5,-129.9,-86.4,-29.3,-77.0,9.0,47.1,8.0,0.7,0.5,0.5,-50.7,-32.2,0.0,-24.7,9.0,30.6,8.0,0.7,0.5,0.5,-42.8,-14.2,-3.5,-24.4,9.0,28.4,8.0,0.7,0.5,0.5,-14.2,-3.5,0.0,-7.0,9.0,11.4,8.0,0.7,0.5,0.5,34.5,373.0,947.0,604.5,9.0,852.0,8.0,0.7,0.5,0.5,35.0,375.0,945.0,605.0,9.0,850.0,8.0,0.7,0.5,0.5
1974,2,200.0,26.0,20.88,21.2,22.83,21.64,7.0,1.11,10.0,0.3,0.5,0.5,18.96,20.5,21.72,20.37,7.0,1.42,10.0,0.3,0.5,0.5,11.91,13.58,14.5,13.24,7.0,1.92,10.0,0.3,0.5,0.5,81.7,92.7,94.3,89.0,7.0,9.0,10.0,0.3,0.5,5.0,6.2,11.14,7.86,7.0,5.06,10.0,0.3,0.5,0.5,-10.32,-4.75,2.1,-4.35,7.0,6.32,10.0,0.3,0.5,0.5,-5.44,-3.91,1.84,-3.08,7.0,4.96,10.0,0.3,0.5,0.5,1014.96,1018.0,1019.17,1017.56,7.0,2.95,10.0,0.3,0.5,0.5,2.0,5.0,8.0,5.0,7.0,2.7,10.0,0.3,0.5,0.5,-116.2,-24.4,7.3,-56.2,7.0,95.0,10.0,0.3,0.5,0.5,-42.7,-19.9,10.4,-35.1,7.0,80.3,10.0,0.3,0.5,0.5,-0.53,1.1,3.02,1.27,7.0,1.7,10.0,0.3,0.5,0.5,-2.7,11.9,24.3,13.8,7.0,20.3,10.0,0.3,0.5,0.5,1.09,1.9,4.99,2.82,7.0,2.03,10.0,0.3,0.5,0.5,4.9,12.1,37.7,25.8,7.0,30.4,10.0,0.3,0.5,0.5,-223.2,-90.2,41.9,-92.8,7.0,129.1,10.0,0.3,0.5,0.5,-100.3,-75.7,40.7,-59.5,7.0,102.3,10.0,0.3,0.5,0.5,-163.3,-47.3,28.5,-60.3,7.0,86.8,10.0,0.3,0.5,0.5,-65.9,-39.5,25.4,-36.8,7.0,66.8,10.0,0.3,0.5,0.5,-28.9,-9.1,3.9,-13.8,7.0,27.7,10.0,0.3,0.5,0.5,-24.2,-3.9,3.4,-14.1,7.0,21.9,10.0,0.3,0.5,0.5,127.5,238.5,1478.5,1132.5,7.0,2114.0,10.0,0.3,0.5,0.5,130.0,240.0,1480.0,1130.0,7.0,2115.0,10.0,0.3,0.5,0.5
1974,2,200.0,27.0,21.39,22.0,23.37,22.37,3.0,1.48,8.0,1.0,0.8,0.7,20.36,23.5,23.84,22.13,3.0,2.81,8.0,1.0,0.8,0.7,11.36,12.73,13.92,12.64,3.0,1.88,8.0,1.0,0.8,0.7,72.6,80.1,80.5,76.7,3.0,6.5,8.0,1.0,0.7,4.26,4.6,5.69,4.97,3.0,1.1,8.0,1.0,0.8,0.7,-5.53,-4.1,0.72,-2.45,3.0,4.8,8.0,1.0,0.8,0.7,0.0,0.0,2.41,1.17,3.0,2.03,8.0,1.0,0.8,0.7,1018.98,1020.0,1024.16,1021.53,3.0,4.03,8.0,1.0,0.8,0.7,5.3,6.0,6.0,5.7,3.0,0.6,8.0,1.0,0.8,0.7,-31.6,-16.8,3.9,-13.9,3.0,26.1,8.0,1.0,0.8,0.7,0.0,0.0,11.1,5.4,3.0,9.4,8.0,1.0,0.8,0.7,-1.02,0.0,1.5,0.23,3.0,1.86,8.0,1.0,0.8,0.7,-4.7,0.0,9.3,2.2,3.0,10.5,8.0,1.0,0.8,0.7,2.78,4.66,5.4,4.11,3.0,1.98,8.0,1.0,0.8,0.7,13.5,23.6,27.2,20.4,3.0,10.4,8.0,1.0,0.8,0.7,-111.2,-98.4,16.2,-48.7,3.0,102.8,8.0,1.0,0.8,0.7,0.0,0.0,56.5,27.6,3.0,47.8,8.0,1.0,0.8,0.7,-61.9,-52.2,12.6,-25.3,3.0,59.4,8.0,1.0,0.8,0.7,0.0,0.0,34.8,17.0,3.0,29.4,8.0,1.0,0.8,0.7,-27.2,-23.6,-3.6,-15.6,3.0,18.6,8.0,1.0,0.8,0.7,0.0,0.0,4.6,2.2,3.0,3.9,8.0,1.0,0.8,0.7,78.0,97.5,193.5,135.0,3.0,90.5,8.0,1.0,0.8,0.7,80.0,95.0,195.0,135.0,3.0,90.0,8.0,1.0,0.8,0.7
1974,2,200.0,28.0,20.48,21.0,21.53,21.04,7.0,0.7,18.0,0.7,0.5,0.5,20.0,20.4,21.17,20.49,9.0,0.83,16.0,0.7,0.6,0.5,11.52,12.81,13.87,12.82,9.0,1.22,16.0,0.7,0.6,0.5,79.2,87.2,91.1,86.1,9.0,6.4,16.0,0.7,0.5,1.0,2.6,6.63,3.24,9.0,2.81,16.0,0.7,0.6,0.5,-4.51,-0.94,0.65,-1.74,9.0,2.79,16.0,0.7,0.6,0.5,-0.47,0.0,2.07,1.05,9.0,2.71,16.0,0.7,0.6,0.5,1017.12,1020.0,1021.27,1019.68,9.0,3.42,16.0,0.7,0.6,0.5,1.5,6.0,7.0,4.9,9.0,2.6,16.0,0.7,0.6,0.5,-21.4,-0.9,0.7,-9.5,9.0,17.9,16.0,0.7,0.6,0.5,-0.7,0.0,5.5,6.6,9.0,20.2,16.0,0.7,0.6,0.5,-0.22,0.1,1.1,0.27,7.0,0.67,18.0,0.7,0.5,0.5,-1.2,0.0,1.2,-0.3,7.0,2.5,18.0,0.7,0.5,0.5,1.85,2.02,2.68,2.28,7.0,0.53,18.0,0.7,0.5,0.5,1.7,6.9,14.9,9.4,7.0,8.0,18.0,0.7,0.5,0.5,-95.0,-17.9,13.0,-35.3,9.0,56.9,16.0,0.7,0.6,0.5,-9.2,0.0,41.5,22.6,9.0,58.1,16.0,0.7,0.6,0.5,-57.7,-11.6,8.3,-20.5,9.0,33.4,16.0,0.7,0.6,0.5,-5.3,0.0,26.6,14.4,9.0,35.9,16.0,0.7,0.6,0.5,-13.9,0.0,1.7,-5.4,7.0,9.3,18.0,0.7,0.5,0.5,-0.2,0.6,6.9,2.8,7.0,6.0,18.0,0.7,0.5,0.5,1.0,17.5,308.5,113.0,9.0,177.5,16.0,0.7,0.6,0.5,0.0,20.0,310.0,115.0,9.0,175.0,16.0,0.7,0.6,0.5
1974,2,200.0,29.0,20.0,20.45,20.96,20.56,8.0,0.68,18.0,0.3,0.6,0.4,17.33,19.25,21.24,19.5,10.0,2.29,16.0,0.3,0.6,0.4,8.79,11.28,13.29,10.93,9.0,2.15,16.0,0.3,0.6,0.5,64.9,81.0,88.0,77.5,9.0,11.2,16.0,0.3,0.5,4.89,6.2,9.07,6.5,11.0,2.59,14.0,0.4,0.7,0.4,-6.68,-4.75,-3.22,-4.74,11.0,2.23,14.0,0.4,0.7,0.4,-4.69,1.57,5.19,0.75,11.0,4.77,14.0,0.4,0.7,0.4,1020.0,1023.0,1024.83,1022.68,11.0,3.21,14.0,0.4,0.7,0.4,1.6,7.0,8.0,5.5,11.0,3.0,14.0,0.4,0.7,0.4,-54.8,-29.4,-17.1,-35.2,11.0,26.8,14.0,0.4,0.7,0.4,-35.3,7.2,32.2,2.2,11.0,41.2,14.0,0.4,0.7,0.4,-1.54,1.15,3.36,1.0,8.0,3.01,18.0,0.3,0.6,0.4,-9.6,9.6,30.7,9.4,8.0,21.4,18.0,0.3,0.6,0.4,1.9,4.03,7.02,4.2,8.0,2.53,18.0,0.3,0.6,0.4,11.8,28.8,52.4,31.2,8.0,20.4,18.0,0.3,0.6,0.4,-143.7,-88.0,-56.6,-91.3,10.0,44.3,16.0,0.3,0.6,0.4,-92.0,29.2,111.7,14.4,10.0,91.7,16.0,0.3,0.6,0.4,-78.5,-46.2,-29.8,-49.7,9.0,26.7,16.0,0.3,0.6,0.5,-47.3,17.5,72.0,14.0,9.0,54.8,16.0,0.3,0.6,0.5,-39.4,-24.2,-8.1,-23.0,8.0,14.5,18.0,0.3,0.6,0.4,-32.9,4.8,8.6,-7.7,8.0,25.4,18.0,0.3,0.6,0.4,118.0,238.5,775.0,393.5,11.0,411.5,14.0,0.4,0.7,0.4,120.0,240.0,775.0,395.0,11.0,410.0,14.0,0.4,0.7,0.4
1974,2,200.0,30.0,18.91,19.45,20.97,19.61,14.0,1.25,12.0,0.4,0.6,0.4,17.84,19.0,20.78,19.02,15.0,1.53,12.0,0.4,0.6,0.5,9.84,11.69,13.13,11.45,14.0,2.02,12.0,0.4,0.5,0.4,76.3,85.8,91.1,83.4,14.0,10.2,12.0,0.4,0.4,2.71,5.7,8.09,5.56,15.0,2.98,12.0,0.4,0.6,0.5,-6.9,-2.44,2.09,-2.37,15.0,4.27,12.0,0.4,0.6,0.5,-1.4,0.0,5.56,1.75,15.0,3.81,12.0,0.4,0.6,0.5,1018.07,1021.5,1026.31,1021.89,15.0,3.96,12.0,0.4,0.6,0.5,1.1,3.0,8.0,4.4,14.0,3.2,12.0,0.4,0.5,0.5,-52.2,-6.4,6.5,-19.6,15.0,31.9,12.0,0.4,0.6,0.5,-4.3,0.0,41.9,16.1,15.0,32.9,12.0,0.4,0.6,0.5,-0.94,0.5,1.98,0.59,14.0,1.37,12.0,0.4,0.6,0.4,-7.2,1.4,7.9,1.3,14.0,9.2,12.0,0.4,0.6,0.4,0.75,2.77,4.23,2.72,13.0,1.71,12.0,0.5,0.5,0.4,3.7,11.7,27.5,14.7,13.0,13.1,12.0,0.5,0.5,0.4,-125.4,-43.5,39.7,-43.7,15.0,81.9,12.0,0.4,0.6,0.5,-26.4,0.0,104.7,36.4,15.0,76.4,12.0,0.4,0.6,0.5,-82.5,-34.1,31.1,-24.7,14.0,53.2,12.0,0.4,0.5,0.4,-18.6,0.0,48.5,22.1,14.0,46.5,12.0,0.4,0.5,0.4,-26.0,-4.9,0.4,-8.8,13.0,13.1,12.0,0.5,0.5,0.4,-2.2,0.0,13.2,3.8,13.0,11.6,12.0,0.5,0.5,0.4,20.5,185.0,530.5,308.5,15.0,356.0,12.0,0.4,0.6,0.5,20.0,185.0,530.0,310.0,15.0,355.0,12.0,0.4,0.6,0.5
1974,2,200.0,31.0,17.41,18.8,20.0,18.7,11.0,1.31,16.0,0.7,0.7,0.3,15.59,19.0,20.41,18.4,11.0,2.51,16.0,0.8,0.6,0.3,9.09,12.71,13.22,11.47,9.0,2.44,16.0,0.8,0.6,0.3,75.7,89.9,97.0,86.3,9.0,11.5,16.0,0.8,0.3,4.97,8.2,10.2,7.86,12.0,2.71,16.0,0.8,0.6,0.3,-6.22,-3.95,1.7,-2.78,12.0,4.46,16.0,0.8,0.6,0.3,-4.26,2.99,7.07,2.59,12.0,6.25,16.0,0.8,0.6,0.3,1019.3,1022.0,1027.83,1023.38,11.0,4.11,16.0,0.7,0.6,0.3,3.5,6.0,8.0,5.7,12.0,2.7,16.0,0.8,0.6,0.3,-60.5,-19.1,17.1,-21.3,12.0,40.6,16.0,0.8,0.6,0.3,-29.3,21.4,70.7,26.0,12.0,65.1,16.0,0.8,0.6,0.3,-2.26,0.25,3.57,0.53,10.0,2.94,16.0,0.8,0.7,0.3,-21.6,2.5,25.8,3.4,10.0,22.4,16.0,0.8,0.7,0.3,-0.75,0.21,3.94,1.38,8.0,2.79,16.0,0.8,0.7,0.3,-4.4,1.0,35.8,10.9,8.0,25.2,16.0,0.8,0.7,0.3,-120.1,-79.7,30.3,-47.0,11.0,91.2,16.0,0.8,0.6,0.3,-75.9,57.9,143.2,58.7,11.0,114.0,16.0,0.8,0.6,0.3,-69.4,-51.2,24.4,-24.2,9.0,57.6,16.0,0.8,0.6,0.3,-33.1,35.1,105.4,46.4,9.0,74.3,16.0,0.8,0.6,0.3,-15.2,-0.8,2.5,-4.1,8.0,11.1,16.0,0.8,0.7,0.3,-27.9,-3.8,0.9,-12.6,8.0,21.2,16.0,0.8,0.7,0.3,123.5,557.5,1066.0,647.5,12.0,606.5,16.0,0.8,0.6,0.3,125.0,560.0,1065.0,645.0,12.0,605.0,16.0,0.8,0.6,0.3
1974,2,200.0,32.0,16.21,17.4,18.59,17.42,10.0,1.13,14.0,0.7,0.5,0.3,16.89,17.9,18.17,17.61,10.0,1.28,14.0,0.7,0.5,0.3,8.07,10.91,11.52,10.03,8.0,1.9,14.0,0.6,0.5,0.3,66.7,89.5,90.8,81.3,8.0,13.1,14.0,0.6,0.3,4.53,8.45,9.87,7.88,10.0,3.39,14.0,0.7,0.5,0.3,-7.9,-2.03,3.54,-2.44,10.0,6.9,14.0,0.7,0.5,0.3,-0.74,3.61,6.66,3.07,10.0,3.97,14.0,0.7,0.5,0.3,1019.28,1025.0,1028.14,1024.22,10.0,4.47,14.0,0.7,0.5,0.3,3.4,6.5,8.0,5.8,10.0,2.3,14.0,0.7,0.5,0.3,-69.9,-13.1,28.3,-25.0,10.0,77.2,14.0,0.7,0.5,0.3,-6.7,22.8,71.3,29.3,10.0,34.9,14.0,0.7,0.5,0.3,-1.0,0.0,1.0,-0.19,10.0,1.38,14.0,0.7,0.5,0.3,-9.2,0.0,6.4,-2.1,10.0,12.8,14.0,0.7,0.5,0.3,0.8,1.87,3.02,2.0,8.0,1.34,14.0,0.6,0.5,0.3,4.4,14.9,18.7,13.2,8.0,7.9,14.0,0.6,0.5,0.3,-150.8,-35.5,61.8,-44.7,10.0,124.8,14.0,0.7,0.5,0.3,-12.1,62.9,124.1,57.2,10.0,69.8,14.0,0.7,0.5,0.3,-74.6,-19.5,49.7,-9.4,8.0,69.4,14.0,0.6,0.5,0.3,-16.2,26.1,46.9,26.8,8.0,38.0,14.0,0.6,0.5,0.3,-16.2,-2.7,5.9,-5.1,8.0,11.9,14.0,0.6,0.5,0.3,-7.3,3.6,9.0,1.4,8.0,9.4,14.0,0.6,0.5,0.3,96.0,605.0,969.0,732.5,10.0,790.5,14.0,0.7,0.5,0.3,95.0,605.0,970.0,730.0,10.0,790.0,14.0,0.7,0.5,0.3
1974,2,200.0,33.0,15.82,18.0,18.37,17.3,5.0,1.48,8.0,0.6,0.5,0.6,14.06,16.05,17.94,15.76,8.0,2.57,12.0,0.8,0.5,0.6,7.09,8.89,9.56,8.46,6.0,1.88,8.0,0.7,0.5,0.5,67.3,77.5,85.6,77.0,6.0,9.3,8.0,0.7,0.5,6.7,7.2,9.82,7.94,7.0,1.49,14.0,0.9,0.4,0.6,-1.81,0.0,4.13,1.37,7.0,4.21,14.0,0.9,0.4,0.6,-6.69,6.3,7.34,2.35,7.0,7.03,14.0,0.9,0.4,0.6,1019.56,1022.5,1027.64,1023.34,8.0,4.31,12.0,0.8,0.5,0.6,3.3,7.5,8.0,6.3,8.0,2.4,12.0,0.8,0.5,0.6,-15.5,0.0,32.8,13.1,7.0,39.7,14.0,0.9,0.4,0.6,-51.4,42.2,54.4,20.0,7.0,57.6,14.0,0.9,0.4,0.6,0.32,1.5,3.55,1.9,5.0,1.85,8.0,0.6,0.5,0.6,1.6,7.1,22.1,11.6,4.0,14.6,10.0,0.8,0.4,0.6,2.31,3.52,4.74,3.55,5.0,1.41,8.0,0.6,0.5,0.6,15.4,27.3,37.8,26.6,4.0,13.1,10.0,0.8,0.4,0.6,-32.4,0.0,60.2,24.4,7.0,77.2,14.0,0.9,0.4,0.6,-79.9,101.4,120.4,47.6,7.0,106.0,14.0,0.9,0.4,0.6,-16.8,0.0,0.0,-6.8,5.0,9.3,10.0,0.8,0.4,0.6,16.2,61.7,80.4,47.5,5.0,50.8,10.0,0.8,0.4,0.6,-3.3,0.0,0.0,-1.6,4.0,3.1,10.0,0.8,0.4,0.6,-14.5,15.5,27.4,6.9,4.0,32.2,10.0,0.8,0.4,0.6,301.0,373.0,948.5,548.5,7.0,327.5,14.0,0.9,0.4,0.6,300.0,375.0,950.0,550.0,7.0,325.0,14.0,0.9,0.4,0.6
1974,2,200.0,34.0,15.38,17.0,17.0,16.23,4.0,1.55,12.0,0.8,0.5,0.4,14.0,16.0,16.02,15.41,7.0,1.04,12.0,0.7,0.6,0.5,8.65,9.96,11.07,9.89,6.0,1.13,12.0,0.8,0.5,0.5,86.2,88.8,96.0,90.1,6.0,6.8,12.0,0.8,0.5,3.5,6.15,8.05,6.25,6.0,3.02,12.0,0.7,0.6,0.4,-7.2,-3.89,-0.98,-3.75,6.0,3.27,12.0,0.7,0.6,0.4,0.0,2.98,4.88,3.33,6.0,3.89,12.0,0.7,0.6,0.4,1015.98,1020.5,1026.59,1021.1,7.0,4.86,12.0,0.7,0.6,0.5,7.7,8.0,8.0,7.1,7.0,2.3,12.0,0.7,0.6,0.5,-51.8,-31.8,-2.9,-27.9,6.0,24.6,12.0,0.7,0.6,0.4,0.0,10.3,38.0,26.2,6.0,46.4,12.0,0.7,0.6,0.4,0.24,0.75,1.26,0.75,4.0,0.65,12.0,0.8,0.5,0.4,1.2,3.6,8.1,4.6,4.0,4.8,12.0,0.8,0.5,0.4,1.07,1.56,2.62,1.83,4.0,1.03,12.0,0.8,0.5,0.4,4.6,7.5,16.2,10.2,4.0,8.0,12.0,0.8,0.5,0.4,-103.8,-63.1,-15.5,-58.2,6.0,48.9,12.0,0.7,0.6,0.4,0.0,44.3,78.0,52.1,6.0,62.4,12.0,0.7,0.6,0.4,-56.8,-39.0,-4.7,-33.1,5.0,34.2,16.0,0.8,0.5,0.5,14.8,28.8,62.1,39.1,5.0,40.3,16.0,0.8,0.5,0.5,-6.3,-4.4,-1.0,-3.7,4.0,3.8,12.0,0.8,0.5,0.4,3.6,6.4,14.8,9.1,4.0,7.9,12.0,0.8,0.5,0.4,43.0,253.0,594.0,399.5,6.0,533.5,12.0,0.7,0.6,0.4,45.0,255.0,595.0,400.0,6.0,535.0,12.0,0.7,0.6,0.4
1974,2,200.0,35.0,14.9,15.1,15.26,15.07,6.0,0.33,12.0,0.7,0.6,0.3,12.19,15.0,16.81,14.47,7.0,2.2,14.0,0.7,0.6,0.3,7.41,7.59,8.92,8.1,6.0,1.09,12.0,0.7,0.6,0.3,71.0,84.1,89.7,82.2,6.0,12.1,12.0,0.7,0.3,5.05,7.7,10.95,8.37,7.0,3.35,14.0,0.7,0.6,0.3,2.51,7.12,10.33,6.54,7.0,4.68,14.0,0.7,0.6,0.3,-3.28,0.0,3.89,0.5,7.0,4.57,14.0,0.7,0.6,0.3,1012.44,1017.5,1023.0,1017.14,7.0,4.89,14.0,0.7,0.6,0.3,3.0,8.0,8.0,6.6,7.0,2.4,14.0,0.7,0.6,0.3,10.3,58.4,113.6,65.8,7.0,67.6,14.0,0.7,0.6,0.3,-14.9,0.0,40.8,4.8,7.0,37.6,14.0,0.7,0.6,0.3,-0.81,1.15,3.0,1.02,6.0,2.0,12.0,0.7,0.6,0.3,-5.0,4.7,30.7,10.6,6.0,20.5,12.0,0.7,0.6,0.3,1.61,2.73,3.47,2.48,6.0,1.1,12.0,0.7,0.6,0.3,9.3,17.5,27.7,20.1,6.0,15.1,12.0,0.7,0.6,0.3,30.6,85.5,172.6,92.5,7.0,66.1,14.0,0.7,0.6,0.3,-39.9,0.0,66.0,14.6,7.0,68.1,14.0,0.7,0.6,0.3,15.9,44.9,70.0,45.8,6.0,36.5,12.0,0.7,0.6,0.3,-29.5,-5.1,30.8,1.8,6.0,44.1,12.0,0.7,0.6,0.3,5.4,14.3,27.4,17.6,6.0,16.8,12.0,0.7,0.6,0.3,-8.7,-1.9,5.5,-1.6,6.0,7.6,12.0,0.7,0.6,0.3,129.5,456.5,1328.0,838.0,7.0,910.5,14.0,0.7,0.6,0.3,130.0,455.0,1330.0,840.0,7.0,910.0,14.0,0.7,0.6,0.3
1974,2,200.0,36.0,13.93,14.5,15.05,14.69,7.0,1.65,16.0,0.3,0.5,0.5,12.67,14.0,14.94,13.89,8.0,1.11,16.0,0.4,0.5,0.5,7.1,8.29,9.66,8.31,8.0,1.1,16.0,0.4,0.5,0.5,72.9,88.2,93.6,85.3,8.0,11.5,16.0,0.4,0.5,2.82,6.4,8.7,6.23,8.0,3.05,16.0,0.4,0.5,0.5,-1.34,1.25,3.21,1.78,8.0,3.38,16.0,0.4,0.5,0.5,1.47,4.53,8.42,4.13,8.0,4.36,16.0,0.4,0.5,0.5,1020.1,1021.65,1024.89,1022.13,8.0,2.95,16.0,0.4,0.5,0.5,2.6,8.0,8.0,6.4,8.0,2.7,16.0,0.4,0.5,0.5,-6.4,2.8,19.9,14.3,8.0,33.3,16.0,0.4,0.5,0.5,3.2,36.5,72.5,33.5,8.0,36.0,16.0,0.4,0.5,0.5,-0.62,0.0,1.14,0.81,7.0,2.38,16.0,0.3,0.5,0.5,-3.2,0.0,6.2,7.2,7.0,20.1,16.0,0.3,0.5,0.5,0.56,1.42,2.94,1.83,7.0,1.72,16.0,0.3,0.5,0.5,1.5,10.9,21.1,13.3,7.0,15.6,16.0,0.3,0.5,0.5,-18.8,16.3,47.8,25.4,8.0,49.2,16.0,0.4,0.5,0.5,18.8,66.6,104.1,55.6,8.0,60.4,16.0,0.4,0.5,0.5,-9.5,11.1,31.1,16.1,8.0,27.7,16.0,0.4,0.5,0.5,12.7,40.3,62.7,34.3,8.0,32.4,16.0,0.4,0.5,0.5,-0.2,0.9,4.4,2.7,7.0,6.8,16.0,0.3,0.5,0.5,0.2,1.4,11.9,8.0,7.0,17.9,16.0,0.3,0.5,0.5,26.5,294.5,658.5,390.5,8.0,392.5,16.0,0.4,0.5,0.5,25.0,295.0,660.0,390.0,8.0,390.0,16.0,0.4,0.5,0.5
1974,2,200.0,37.0,12.99,13.7,14.52,13.77,7.0,0.81,18.0,0.7,0.4,0.4,11.26,12.0,14.12,12.34,7.0,2.47,18.0,0.7,0.4,0.4,5.64,7.23,8.47,7.25,7.0,1.84,18.0,0.7,0.4,0.4,66.5,84.6,88.4,80.7,7.0,11.3,18.0,0.7,0.4,7.55,8.7,10.85,8.94,7.0,2.38,18.0,0.7,0.4,0.4,-8.27,6.66,7.67,1.33,7.0,8.33,18.0,0.7,0.4,0.4,-5.57,-1.79,3.1,-1.33,7.0,5.04,18.0,0.7,0.4,0.4,1014.48,1024.0,1027.14,1022.34,7.0,6.17,18.0,0.7,0.4,0.4,4.0,5.0,8.0,5.6,7.0,2.1,18.0,0.7,0.4,0.4,-72.7,58.0,90.1,16.4,7.0,81.0,18.0,0.7,0.4,0.4,-60.6,-13.6,27.0,-16.0,7.0,52.7,18.0,0.7,0.4,0.4,0.31,2.3,2.58,1.43,7.0,2.45,18.0,0.7,0.4,0.4,3.7,13.1,26.9,13.3,7.0,24.1,18.0,0.7,0.4,0.4,1.82,2.33,3.8,2.44,7.0,1.67,18.0,0.7,0.4,0.4,9.9,21.0,33.8,22.8,7.0,19.1,18.0,0.7,0.4,0.4,-99.0,64.5,111.0,20.7,7.0,103.5,18.0,0.7,0.4,0.4,-75.7,-20.6,38.4,-8.9,7.0,61.5,18.0,0.7,0.4,0.4,-47.8,32.5,66.1,13.7,7.0,60.5,18.0,0.7,0.4,0.4,-39.0,-12.6,18.8,-4.9,7.0,35.1,18.0,0.7,0.4,0.4,-28.2,-4.2,19.0,-0.1,7.0,24.8,18.0,0.7,0.4,0.4,-12.0,-5.0,3.3,-7.8,7.0,16.9,18.0,0.7,0.4,0.4,439.5,658.5,1278.0,838.0,7.0,524.5,18.0,0.7,0.4,0.4,440.0,660.0,1280.0,840.0,7.0,525.0,18.0,0.7,0.4,0.4
1974,2,200.0,38.0,12.66,13.0,13.61,13.13,3.0,0.71,16.0,0.7,0.4,0.8,12.48,13.2,13.92,13.2,4.0,0.99,16.0,0.5,0.3,0.8,7.43,8.5,8.78,8.12,4.0,0.97,16.0,0.5,0.3,0.8,81.6,87.2,91.0,86.4,4.0,6.3,16.0,0.5,0.8,6.81,10.0,16.17,11.43,4.0,6.62,16.0,0.5,0.3,0.8,5.33,8.36,12.24,8.77,4.0,4.05,16.0,0.5,0.3,0.8,0.93,4.31,11.44,6.1,4.0,7.03,16.0,0.5,0.3,0.8,1008.93,1019.0,1022.52,1015.88,4.0,9.44,16.0,0.5,0.3,0.8,3.8,8.0,8.0,6.0,4.0,4.0,16.0,0.5,0.3,0.8,36.8,87.2,202.8,118.3,4.0,111.5,16.0,0.5,0.3,0.8,10.6,40.1,197.9,101.3,4.0,151.1,16.0,0.5,0.3,0.8,-1.3,0.0,0.34,-0.47,3.0,1.27,16.0,0.7,0.4,0.8,-14.7,0.0,3.0,-5.7,3.0,13.8,16.0,0.7,0.4,0.8,0.51,0.97,1.02,0.77,3.0,0.41,16.0,0.7,0.4,0.8,5.0,8.5,17.3,11.1,3.0,9.3,16.0,0.7,0.4,0.8,67.7,117.6,166.5,117.1,4.0,57.1,16.0,0.5,0.3,0.8,13.5,58.8,150.0,80.7,4.0,91.0,16.0,0.5,0.3,0.8,41.3,73.4,103.5,72.5,4.0,36.3,16.0,0.5,0.3,0.8,8.2,37.9,95.8,51.3,4.0,57.7,16.0,0.5,0.3,0.8,4.0,5.4,11.1,7.5,3.0,5.5,16.0,0.7,0.4,0.8,2.5,6.5,13.3,7.8,3.0,8.0,16.0,0.7,0.4,0.8,383.0,1050.5,5267.0,2744.0,4.0,4034.5,16.0,0.5,0.3,0.8,385.0,1050.0,5265.0,2745.0,4.0,4035.0,16.0,0.5,0.3,0.8
1974,2,200.0,39.0,12.29,12.8,13.52,12.9,4.0,0.84,12.0,0.5,0.9,0.5,12.06,14.0,15.41,13.86,5.0,2.16,10.0,0.6,0.9,0.5,7.58,8.09,9.08,8.28,5.0,1.06,10.0,0.6,0.9,0.5,78.6,82.9,91.0,84.2,5.0,8.4,10.0,0.6,0.5,9.93,12.9,17.66,13.9,5.0,4.92,10.0,0.6,0.9,0.5,5.66,9.3,10.58,7.98,5.0,4.6,10.0,0.6,0.9,0.5,3.27,8.29,14.17,8.99,5.0,8.0,10.0,0.6,0.9,0.5,1010.08,1012.0,1016.73,1013.14,5.0,3.75,10.0,0.6,0.9,0.5,3.9,8.0,8.0,6.2,5.0,2.7,10.0,0.6,0.9,0.5,54.9,91.9,147.3,97.5,5.0,66.4,10.0,0.6,0.9,0.5,33.7,107.0,267.2,155.8,5.0,182.9,10.0,0.6,0.9,0.5,-2.52,-1.75,-0.03,-1.3,4.0,1.84,12.0,0.5,0.9,0.5,-31.7,-24.7,1.6,-15.5,4.0,24.5,12.0,0.5,0.9,0.5,0.04,0.89,1.72,0.88,4.0,1.1,12.0,0.5,0.9,0.5,-2.5,8.9,23.5,10.4,4.0,17.8,12.0,0.5,0.9,0.5,78.4,130.2,140.0,107.7,5.0,61.1,10.0,0.6,0.9,0.5,55.6,103.6,185.4,123.3,5.0,115.2,10.0,0.6,0.9,0.5,47.8,77.6,79.7,62.5,5.0,35.0,10.0,0.6,0.9,0.5,28.4,66.3,119.9,77.9,5.0,79.0,10.0,0.6,0.9,0.5,2.5,8.0,18.6,10.4,4.0,11.0,12.0,0.5,0.9,0.5,-4.9,3.1,14.2,4.6,4.0,13.0,12.0,0.5,0.9,0.5,987.5,2146.5,5999.0,3554.5,5.0,3813.5,10.0,0.6,0.9,0.5,985.0,2145.0,6000.0,3555.0,5.0,3815.0,10.0,0.6,0.9,0.5
1974,2,200.0,40.0,10.53,11.0,12.73,11.5,9.0,1.15,16.0,0.7,0.5,0.3,8.03,10.0,11.01,9.64,9.0,1.95,16.0,0.7,0.5,0.3,4.74,6.05,6.32,5.58,8.0,1.06,14.0,0.6,0.4,0.3,69.6,75.8,81.3,74.5,8.0,7.1,14.0,0.6,0.3,8.2,11.3,14.63,10.84,9.0,3.98,16.0,0.7,0.5,0.3,-1.38,2.76,11.67,5.18,9.0,6.54,16.0,0.7,0.5,0.3,-9.25,0.0,2.47,-1.27,9.0,8.57,16.0,0.7,0.5,0.3,1005.41,1011.2,1025.61,1014.83,9.0,10.24,16.0,0.7,0.5,0.3,2.0,6.0,7.0,5.0,9.0,2.6,16.0,0.7,0.5,0.3,-22.3,43.9,136.1,60.7,9.0,86.9,16.0,0.7,0.5,0.3,-90.7,0.0,18.1,-8.8,9.0,118.5,16.0,0.7,0.5,0.3,-0.38,2.0,3.34,1.86,9.0,2.24,16.0,0.7,0.5,0.3,-0.5,16.4,49.0,23.6,9.0,26.0,16.0,0.7,0.5,0.3,1.92,2.77,3.39,2.81,8.0,1.1,14.0,0.6,0.4,0.3,21.1,32.1,50.8,33.0,8.0,17.6,14.0,0.6,0.4,0.3,-9.0,30.1,128.4,57.3,9.0,64.4,16.0,0.7,0.5,0.3,-73.6,0.0,26.2,-2.6,9.0,77.1,16.0,0.7,0.5,0.3,-8.0,30.2,73.7,36.1,8.0,39.7,14.0,0.6,0.4,0.3,-29.1,0.0,15.1,3.3,8.0,45.8,14.0,0.6,0.4,0.3,-6.0,14.1,22.7,13.0,8.0,21.1,14.0,0.6,0.4,0.3,-36.3,0.0,6.6,-4.0,8.0,29.9,14.0,0.6,0.4,0.3,551.5,1443.0,3140.0,1702.5,9.0,1360.5,16.0,0.7,0.5,0.3,550.0,1445.0,3140.0,1705.0,9.0,1360.0,16.0,0.7,0.5,0.3
1974,2,200.0,41.0,9.48,10.0,11.26,10.35,4.0,1.45,20.0,0.8,0.6,0.3,6.44,8.5,11.47,8.95,6.0,2.63,22.0,0.7,0.7,0.4,3.9,4.87,7.43,5.6,5.0,2.08,22.0,0.6,0.6,0.4,66.7,69.4,86.7,75.7,5.0,12.4,22.0,0.6,0.4,7.49,11.35,13.13,10.67,6.0,3.05,22.0,0.7,0.7,0.4,-0.46,2.99,5.36,2.86,6.0,3.86,22.0,0.7,0.7,0.4,-9.52,-6.97,12.24,-1.51,6.0,10.88,22.0,0.7,0.7,0.4,1015.88,1025.2,1027.37,1022.83,6.0,5.66,22.0,0.7,0.7,0.4,4.8,7.5,8.0,6.2,6.0,3.1,22.0,0.7,0.7,0.4,-6.0,26.6,71.2,34.5,6.0,53.5,22.0,0.7,0.7,0.4,-102.6,-50.3,157.9,-3.5,6.0,131.9,22.0,0.7,0.7,0.4,-0.81,-0.25,1.99,0.55,4.0,2.21,20.0,0.8,0.6,0.3,-10.5,-3.2,27.9,8.1,4.0,30.6,20.0,0.8,0.6,0.3,0.54,1.51,3.0,1.76,4.0,1.56,20.0,0.8,0.6,0.3,6.9,16.2,37.7,22.0,4.0,21.8,20.0,0.8,0.6,0.3,-5.1,25.6,56.0,23.2,6.0,31.9,22.0,0.7,0.7,0.4,-69.9,-50.7,144.2,7.8,6.0,110.0,22.0,0.7,0.7,0.4,-5.5,16.3,35.2,14.6,5.0,22.4,22.0,0.6,0.6,0.4,-41.8,-26.8,92.5,15.7,5.0,73.1,22.0,0.6,0.6,0.4,-0.5,4.1,21.2,10.1,4.0,16.4,20.0,0.8,0.6,0.3,-30.7,-8.5,7.1,-11.6,4.0,23.3,20.0,0.8,0.6,0.3,424.5,1544.0,2270.0,1456.0,6.0,1021.0,22.0,0.7,0.7,0.4,425.0,1545.0,2270.0,1455.0,6.0,1020.0,22.0,0.7,0.7,0.4
1974,2,200.0,42.0,7.95,9.3,10.86,9.4,4.0,2.06,18.0,0.8,0.9,0.6,6.16,8.5,10.52,8.35,4.0,2.6,18.0,0.8,0.9,0.6,5.37,7.55,8.01,6.71,3.0,2.07,16.0,1.0,1.0,0.5,85.6,98.0,99.4,92.6,3.0,11.1,16.0,1.0,0.5,5.53,6.35,8.06,6.78,4.0,1.81,18.0,0.8,0.9,0.6,-4.28,-1.9,-1.68,-2.93,4.0,2.25,18.0,0.8,0.9,0.6,-3.6,1.67,7.48,1.93,4.0,6.56,18.0,0.8,0.9,0.6,1000.98,1015.75,1030.0,1015.5,4.0,16.75,18.0,0.8,0.9,0.6,7.0,8.0,8.0,7.5,4.0,1.0,18.0,0.8,0.9,0.6,-29.2,-13.7,-10.5,-19.6,4.0,15.3,18.0,0.8,0.9,0.6,-20.1,9.2,60.7,19.8,4.0,50.5,18.0,0.8,0.9,0.6,-0.21,0.5,2.36,1.05,4.0,1.8,18.0,0.8,0.9,0.6,-1.9,3.0,12.5,5.2,4.0,9.7,18.0,0.8,0.9,0.6,0.14,0.57,1.98,1.05,3.0,1.41,16.0,1.0,1.0,0.5,0.8,3.4,10.3,5.5,3.0,7.2,16.0,1.0,1.0,0.5,-33.8,-19.4,-12.6,-23.1,4.0,15.0,18.0,0.8,0.9,0.6,-21.2,23.0,77.5,27.9,4.0,57.9,18.0,0.8,0.9,0.6,-15.4,-12.2,-9.1,-12.2,3.0,4.6,16.0,1.0,1.0,0.5,0.5,46.4,61.9,31.5,3.0,46.8,16.0,1.0,1.0,0.5,-3.5,-1.2,-0.3,-1.9,3.0,2.4,16.0,1.0,1.0,0.5,-8.8,-0.5,2.0,-3.3,3.0,8.3,16.0,1.0,1.0,0.5,172.5,258.5,564.5,363.5,4.0,302.0,18.0,0.8,0.9,0.6,170.0,260.0,565.0,365.0,4.0,300.0,18.0,0.8,0.9,0.6
1974,2,200.0,43.0,7.45,8.0,8.55,8.0,2.0,1.13,14.0,1.0,0.4,0.2,7.3,10.25,11.05,9.23,4.0,2.72,12.0,1.0,0.6,0.2,6.19,6.83,7.46,6.83,2.0,1.31,10.0,1.0,0.6,0.2,81.6,86.4,91.3,86.4,2.0,10.1,10.0,1.0,0.2,10.78,11.8,12.61,11.7,4.0,1.14,12.0,1.0,0.6,0.2,7.75,8.86,9.88,8.82,4.0,1.32,12.0,1.0,0.6,0.2,-4.14,4.33,9.3,2.66,4.0,8.3,12.0,1.0,0.6,0.2,1000.4,1006.75,1020.86,1010.45,4.0,13.12,12.0,1.0,0.6,0.2,2.5,5.5,8.0,5.3,4.0,3.2,12.0,1.0,0.6,0.2,93.5,106.5,111.6,102.8,4.0,14.5,12.0,1.0,0.6,0.2,-50.9,48.9,113.4,32.0,4.0,101.9,12.0,1.0,0.6,0.2,-2.73,-0.2,2.33,-0.2,2.0,5.23,14.0,1.0,0.4,0.2,-35.5,-3.6,28.2,-3.6,2.0,66.0,14.0,1.0,0.4,0.2,-1.39,-1.39,-1.39,-1.39,1.0,0.0,2.0,1.0,0.6,0.1,-17.9,-17.9,-17.9,-17.9,1.0,0.0,2.0,1.0,0.6,0.1,59.0,80.5,103.2,81.1,4.0,27.5,12.0,1.0,0.6,0.2,-22.0,41.1,96.6,37.5,4.0,70.5,12.0,1.0,0.6,0.2,46.3,53.6,60.9,53.6,2.0,15.1,10.0,1.0,0.6,0.2,55.1,63.8,72.5,63.8,2.0,18.0,10.0,1.0,0.6,0.2,-11.5,-11.5,-11.5,-11.5,1.0,0.0,2.0,1.0,0.6,0.1,-13.7,-13.7,-13.7,-13.7,1.0,0.0,2.0,1.0,0.6,0.1,1259.5,1652.0,2010.5,1636.0,4.0,463.5,12.0,1.0,0.6,0.2,1260.0,1650.0,2010.0,1635.0,4.0,465.0,12.0,1.0,0.6,0.2
1974,2,200.0,44.0,7.32,8.0,8.68,8.0,3.0,1.0,8.0,0.7,0.7,0.1,6.79,8.5,8.84,7.83,3.0,1.61,8.0,0.7,0.7,0.1,5.29,5.78,6.55,5.91,3.0,0.93,8.0,0.7,0.7,0.1,82.8,87.0,95.9,89.3,3.0,9.8,8.0,0.7,0.1,10.62,11.3,14.1,12.33,3.0,2.7,8.0,0.7,0.7,0.1,-3.15,6.62,7.06,2.06,3.0,8.46,8.0,0.7,0.7,0.1,-3.4,7.89,11.61,4.19,3.0,11.45,8.0,0.7,0.7,0.1,1007.32,1008.0,1008.34,1007.83,3.0,0.76,8.0,0.7,0.7,0.1,2.6,4.0,6.7,4.7,3.0,3.1,8.0,0.7,0.7,0.1,-59.3,68.2,77.7,10.6,3.0,112.1,8.0,0.7,0.7,0.1,-41.0,81.3,166.0,62.9,3.0,152.4,8.0,0.7,0.7,0.1,-0.52,0.5,0.84,0.17,3.0,1.04,8.0,0.7,0.7,0.1,-4.6,7.7,10.2,2.9,3.0,11.6,8.0,0.7,0.7,0.1,0.45,0.9,1.09,0.77,3.0,0.48,8.0,0.7,0.7,0.1,5.4,9.3,12.0,8.7,3.0,4.8,8.0,0.7,0.7,0.1,-30.8,43.6,54.5,12.6,3.0,68.0,8.0,0.7,0.7,0.1,-12.9,71.0,99.9,44.1,3.0,85.9,8.0,0.7,0.7,0.1,-24.6,36.7,37.8,7.3,3.0,52.3,8.0,0.7,0.7,0.1,-15.4,45.6,77.3,31.3,3.0,69.0,8.0,0.7,0.7,0.1,0.6,6.0,7.7,4.2,3.0,5.4,8.0,0.7,0.7,0.1,-5.9,3.2,5.9,0.0,3.0,9.1,8.0,0.7,0.7,0.1,1204.0,1443.0,2951.0,2062.5,3.0,1388.0,8.0,0.7,0.7,0.1,1205.0,1445.0,2950.0,2065.0,3.0,1390.0,8.0,0.7,0.7,0.1
1974,2,200.0,45.0,3.82,4.5,5.93,4.87,3.0,1.58,18.0,0.0,0.3,0.3,4.04,5.0,7.73,5.87,3.0,2.8,18.0,0.0,0.3,0.3,3.96,5.01,5.89,4.92,3.0,1.42,18.0,0.0,0.3,0.3,76.8,87.3,90.9,83.9,3.0,10.8,18.0,0.0,0.3,10.44,12.9,15.7,13.07,3.0,3.85,18.0,0.0,0.3,0.3,-7.76,-3.18,7.88,-0.01,3.0,11.78,18.0,0.0,0.3,0.3,-10.23,-8.74,2.89,-3.79,3.0,10.52,18.0,0.0,0.3,0.3,1001.65,1009.5,1020.97,1011.27,3.0,14.23,18.0,0.0,0.3,0.3,8.0,8.0,8.0,8.0,1.0,0.0,26.0,0.0,0.1,0.0,-96.4,-29.6,141.7,21.4,3.0,179.9,18.0,0.0,0.3,0.3,-152.6,-81.3,47.2,-53.4,3.0,148.3,18.0,0.0,0.3,0.3,-3.91,-0.5,1.89,-1.0,3.0,4.27,18.0,0.0,0.3,0.3,-49.9,-4.6,33.3,-8.2,3.0,61.1,18.0,0.0,0.3,0.3,-0.86,0.22,1.77,0.45,3.0,1.94,18.0,0.0,0.3,0.3,-11.4,2.0,29.5,8.9,3.0,30.5,18.0,0.0,0.3,0.3,-65.8,-15.9,27.0,-19.3,3.0,68.0,18.0,0.0,0.3,0.3,-42.3,-39.3,38.5,-2.8,3.0,67.1,18.0,0.0,0.3,0.3,-47.5,-15.9,25.8,-11.0,3.0,53.8,18.0,0.0,0.3,0.3,-41.9,-37.9,23.6,-9.8,3.0,53.8,18.0,0.0,0.3,0.3,3.8,13.5,26.4,15.1,3.0,16.6,18.0,0.0,0.3,0.3,-22.1,-11.3,-4.9,-13.5,3.0,12.8,18.0,0.0,0.3,0.3,1230.5,2146.5,4035.0,2621.5,3.0,2095.0,18.0,0.0,0.3,0.3,1230.0,2145.0,4035.0,2620.0,3.0,2095.0,18.0,0.0,0.3,0.3
1974,2,200.0,46.0,6.29,6.75,8.57,7.4,4.0,1.77,12.0,0.8,0.7,0.5,4.49,6.9,8.79,6.65,4.0,2.7,12.0,0.8,0.7,0.5,3.77,5.17,6.24,5.02,4.0,1.52,12.0,0.8,0.7,0.5,71.9,82.7,87.6,79.9,4.0,10.1,12.0,0.8,0.5,8.39,12.35,16.05,12.23,4.0,4.98,12.0,0.8,0.7,0.5,0.13,7.17,13.93,7.04,4.0,8.65,12.0,0.8,0.7,0.5,-0.67,7.15,9.57,4.57,4.0,7.44,12.0,0.8,0.7,0.5,996.24,1004.4,1016.18,1006.13,4.0,11.8,12.0,0.8,0.7,0.5,2.3,3.0,6.4,4.3,3.0,3.2,14.0,0.7,0.7,0.4,8.9,94.0,230.0,118.3,4.0,142.1,12.0,0.8,0.7,0.5,-42.2,71.4,117.2,39.1,4.0,107.6,12.0,0.8,0.7,0.5,-2.02,0.65,3.53,0.75,4.0,3.25,12.0,0.8,0.7,0.5,-24.1,2.6,38.8,7.1,4.0,37.3,12.0,0.8,0.7,0.5,-0.04,1.42,2.91,1.43,4.0,1.71,12.0,0.8,0.7,0.5,-0.1,11.2,34.2,16.8,4.0,22.6,12.0,0.8,0.7,0.5,7.3,45.5,71.2,39.5,4.0,43.5,12.0,0.8,0.7,0.5,4.2,51.3,84.5,44.7,4.0,51.0,12.0,0.8,0.7,0.5,4.3,38.8,58.2,31.6,4.0,34.4,12.0,0.8,0.7,0.5,1.3,38.3,60.0,31.0,4.0,38.0,12.0,0.8,0.7,0.5,-5.6,0.6,24.5,9.0,4.0,24.3,12.0,0.8,0.7,0.5,-9.8,-0.4,9.7,-0.1,4.0,13.7,12.0,0.8,0.7,0.5,724.5,1972.5,4334.0,2504.0,4.0,2435.0,12.0,0.8,0.7,0.5,725.0,1975.0,4335.0,2505.0,4.0,2435.0,12.0,0.8,0.7,0.5
1974,2,200.0,47.0,5.48,6.0,6.76,6.05,6.0,0.73,12.0,0.2,0.6,0.4,3.33,5.5,6.03,4.47,7.0,2.27,12.0,0.1,0.6,0.4,3.5,5.01,5.67,4.65,6.0,1.2,12.0,0.2,0.6,0.4,76.5,88.2,93.7,86.5,6.0,9.9,12.0,0.2,0.4,7.15,10.3,13.42,10.07,7.0,3.0,12.0,0.1,0.6,0.4,-0.12,6.28,9.71,5.43,7.0,4.89,12.0,0.1,0.6,0.4,-5.43,4.63,7.57,3.06,7.0,7.63,12.0,0.1,0.6,0.4,990.95,1006.7,1024.65,1008.13,7.0,14.68,12.0,0.1,0.6,0.4,2.6,6.5,8.0,5.5,6.0,2.9,10.0,0.2,0.6,0.3,-1.6,51.5,101.5,56.1,7.0,60.2,12.0,0.1,0.6,0.4,-46.7,36.3,87.2,31.7,7.0,95.8,12.0,0.1,0.6,0.4,-0.23,1.3,3.02,1.5,6.0,2.12,12.0,0.2,0.6,0.4,-1.4,11.1,35.0,15.0,6.0,18.7,12.0,0.2,0.6,0.4,0.03,1.2,2.13,1.18,6.0,1.05,12.0,0.2,0.6,0.4,0.2,10.2,22.5,11.5,6.0,10.9,12.0,0.2,0.6,0.4,-0.7,30.3,36.8,20.1,7.0,24.9,12.0,0.1,0.6,0.4,-1.4,25.5,43.5,24.0,7.0,34.7,12.0,0.1,0.6,0.4,-2.9,21.8,40.6,19.7,6.0,23.9,12.0,0.2,0.6,0.4,-18.0,20.3,44.1,18.2,6.0,39.1,12.0,0.2,0.6,0.4,0.0,8.7,17.2,9.1,6.0,8.4,12.0,0.2,0.6,0.4,-14.4,0.1,4.1,-3.4,6.0,9.7,12.0,0.2,0.6,0.4,367.0,1092.5,2419.5,1256.0,7.0,978.0,12.0,0.1,0.6,0.4,365.0,1095.0,2420.0,1255.0,7.0,980.0,12.0,0.1,0.6,0.4
1974,2,200.0,48.0,3.32,4.0,4.68,4.0,2.0,1.41,24.0,0.0,0.5,0.2,-0.75,3.0,3.89,1.6,3.0,3.61,24.0,0.3,0.6,0.4,2.71,3.21,4.26,3.48,3.0,1.15,24.0,0.3,0.6,0.4,72.4,79.2,87.4,79.9,3.0,11.1,24.0,0.3,0.4,8.21,9.3,19.13,13.57,3.0,8.81,24.0,0.3,0.6,0.4,7.71,8.74,13.17,10.4,3.0,4.25,24.0,0.3,0.6,0.4,-13.4,-3.18,0.79,-6.23,3.0,10.73,24.0,0.3,0.6,0.4,1007.01,1018.0,1020.05,1013.63,3.0,10.27,24.0,0.3,0.6,0.4,3.8,5.5,7.2,5.5,2.0,3.5,24.0,0.0,0.5,0.2,63.8,81.3,272.2,166.0,3.0,169.4,24.0,0.3,0.6,0.4,-303.1,-29.6,4.5,-146.5,3.0,247.0,24.0,0.3,0.6,0.4,1.19,3.75,6.31,3.75,2.0,5.3,24.0,0.0,0.5,0.2,28.2,88.9,149.5,88.9,2.0,125.7,24.0,0.0,0.5,0.2,1.67,2.16,2.66,2.16,2.0,1.03,24.0,0.0,0.5,0.2,22.1,41.0,59.8,41.0,2.0,39.0,24.0,0.0,0.5,0.2,-17.7,26.2,29.6,6.4,3.0,38.6,24.0,0.3,0.6,0.4,-2.9,11.3,34.6,15.7,3.0,27.7,24.0,0.3,0.6,0.4,30.1,34.3,36.7,33.4,3.0,4.9,24.0,0.3,0.6,0.4,-34.0,-10.2,5.3,-14.2,3.0,29.0,24.0,0.3,0.6,0.4,17.6,28.3,39.1,28.3,2.0,22.3,24.0,0.0,0.5,0.2,-44.9,-28.5,-12.2,-28.5,2.0,33.9,24.0,0.0,0.5,0.2,567.0,804.5,9342.0,4857.5,3.0,7324.0,24.0,0.3,0.6,0.4,565.0,805.0,9340.0,4860.0,3.0,7325.0,24.0,0.3,0.6,0.4
1974,2,200.0,49.0,4.4,5.0,6.21,5.25,6.0,1.08,14.0,0.5,0.9,0.3,3.79,4.9,5.1,4.55,6.0,0.9,14.0,0.5,0.9,0.3,4.5,4.75,5.33,4.82,6.0,0.56,14.0,0.5,0.9,0.3,84.9,90.0,94.1,90.3,6.0,5.8,14.0,0.5,0.3,10.59,11.8,13.61,12.0,6.0,1.71,14.0,0.5,0.9,0.3,9.09,11.11,12.59,10.89,6.0,2.51,14.0,0.5,0.9,0.3,-4.45,-1.92,1.71,-1.02,6.0,5.09,14.0,0.5,0.9,0.3,989.63,993.35,1003.07,996.77,6.0,10.22,14.0,0.5,0.9,0.3,2.0,3.0,4.0,3.5,6.0,2.3,14.0,0.5,0.9,0.3,90.5,134.5,166.2,133.6,6.0,47.5,14.0,0.5,0.9,0.3,-53.2,-21.5,18.5,-14.5,6.0,59.4,14.0,0.5,0.9,0.3,-0.6,0.6,1.81,0.7,6.0,1.48,14.0,0.5,0.9,0.3,-6.3,7.4,24.9,10.5,6.0,19.8,14.0,0.5,0.9,0.3,0.1,0.97,1.33,0.78,6.0,0.73,14.0,0.5,0.9,0.3,1.2,11.5,18.2,10.3,6.0,9.8,14.0,0.5,0.9,0.3,37.5,50.7,57.7,48.3,6.0,9.9,14.0,0.5,0.9,0.3,-19.5,-9.4,9.4,-2.1,6.0,24.5,14.0,0.5,0.9,0.3,43.8,51.4,60.0,51.8,6.0,10.7,14.0,0.5,0.9,0.3,-19.7,-9.8,9.0,-3.4,6.0,24.7,14.0,0.5,0.9,0.3,0.5,11.1,16.4,9.7,6.0,9.7,14.0,0.5,0.9,0.3,-4.3,-1.2,0.9,-1.9,6.0,3.7,14.0,0.5,0.9,0.3,1194.0,1652.0,2526.0,1816.0,6.0,766.0,14.0,0.5,0.9,0.3,1195.0,1650.0,2525.0,1815.0,6.0,765.0,14.0,0.5,0.9,0.3
1974,2,200.0,50.0,5.32,6.0,6.68,6.0,2.0,1.41,16.0,0.5,0.8,0.8,-0.41,3.0,3.68,1.67,3.0,3.21,20.0,0.3,0.7,0.8,3.09,3.44,3.79,3.44,2.0,0.72,16.0,0.5,0.8,0.8,80.8,84.6,88.4,84.6,2.0,7.8,16.0,0.5,0.8,7.84,10.3,21.56,14.6,3.0,10.72,20.0,0.3,0.7,0.8,3.35,6.7,13.89,8.57,3.0,7.89,20.0,0.3,0.7,0.8,-17.23,-10.14,-3.22,-10.22,3.0,10.27,20.0,0.3,0.7,0.8,1017.17,1019.7,1020.59,1018.9,3.0,2.59,20.0,0.3,0.7,0.8,3.3,6.0,7.4,5.3,3.0,3.1,20.0,0.3,0.7,0.8,26.8,44.9,329.4,175.0,3.0,248.6,20.0,0.3,0.7,0.8,-408.7,-104.5,-33.2,-218.2,3.0,292.2,20.0,0.3,0.7,0.8,2.27,5.0,7.73,5.0,2.0,5.66,16.0,0.5,0.8,0.8,43.9,124.0,204.0,124.0,2.0,165.8,16.0,0.5,0.8,0.8,1.7,2.33,2.96,2.33,2.0,1.3,16.0,0.5,0.8,0.8,21.8,48.3,74.8,48.3,2.0,54.9,16.0,0.5,0.8,0.8,-21.8,5.4,20.0,-0.8,3.0,31.1,20.0,0.3,0.7,0.8,-20.8,0.0,28.0,3.5,3.0,35.9,20.0,0.3,0.7,0.8,30.3,38.5,46.7,38.5,2.0,17.0,16.0,0.5,0.8,0.8,-50.6,-30.1,-9.6,-30.1,2.0,42.6,16.0,0.5,0.8,0.8,16.8,32.7,48.6,32.7,2.0,32.9,16.0,0.5,0.8,0.8,-56.1,-33.4,-10.6,-33.4,2.0,47.2,16.0,0.5,0.8,0.8,552.0,1092.5,13486.0,6881.0,3.0,10718.5,20.0,0.3,0.7,0.8,550.0,1095.0,13485.0,6880.0,3.0,10720.0,20.0,0.3,0.7,0.8
1974,2,200.0,51.0,1.95,3.6,4.02,3.17,7.0,1.23,8.0,0.4,0.7,0.5,3.57,4.2,5.5,4.37,7.0,0.95,8.0,0.4,0.7,0.5,4.03,4.34,4.54,4.26,7.0,0.59,8.0,0.4,0.7,0.5,78.8,82.1,85.3,81.5,7.0,7.1,8.0,0.4,0.5,5.08,12.0,14.07,10.24,7.0,4.39,8.0,0.4,0.7,0.5,-7.98,-4.79,0.95,-3.94,7.0,5.9,8.0,0.4,0.7,0.5,4.47,7.7,11.27,8.1,7.0,3.48,8.0,0.4,0.7,0.5,996.41,1008.5,1010.5,1005.77,7.0,7.8,8.0,0.4,0.7,0.5,8.0,8.0,8.0,8.0,7.0,0.0,8.0,0.4,0.7,0.5,-98.0,-67.0,4.5,-60.7,7.0,78.3,8.0,0.4,0.7,0.5,20.6,110.3,146.0,93.4,7.0,63.3,8.0,0.4,0.7,0.5,-2.07,-1.0,-0.29,-1.2,7.0,1.2,8.0,0.4,0.7,0.5,-14.6,-7.7,-3.4,-9.6,7.0,8.9,8.0,0.4,0.7,0.5,0.03,0.73,0.82,0.53,7.0,0.38,8.0,0.4,0.7,0.5,0.1,8.4,10.8,6.2,7.0,5.0,8.0,0.4,0.7,0.5,-29.0,-23.0,4.7,-16.4,7.0,22.9,8.0,0.4,0.7,0.5,24.2,33.1,47.7,35.9,7.0,17.0,8.0,0.4,0.7,0.5,-32.7,-21.1,4.6,-17.1,7.0,24.5,8.0,0.4,0.7,0.5,22.9,34.7,46.1,34.7,7.0,15.1,8.0,0.4,0.7,0.5,-5.8,-2.9,0.2,-3.0,7.0,4.5,8.0,0.4,0.7,0.5,0.1,5.9,8.0,4.6,7.0,3.8,8.0,0.4,0.7,0.5,131.0,1728.0,2787.5,1565.5,7.0,1387.0,8.0,0.4,0.7,0.5,130.0,1730.0,2785.0,1565.0,7.0,1385.0,8.0,0.4,0.7,0.5
1974,2,200.0,52.0,2.0,3.8,5.0,3.6,6.0,1.36,18.0,0.3,0.7,0.5,1.81,3.25,4.52,3.17,6.0,1.53,18.0,0.3,0.7,0.5,2.91,3.75,5.1,3.91,6.0,1.03,18.0,0.3,0.7,0.5,68.5,77.3,94.1,80.6,6.0,13.1,18.0,0.3,0.5,6.99,9.0,12.03,9.35,6.0,2.59,18.0,0.3,0.7,0.5,0.62,6.25,9.49,4.67,6.0,6.1,18.0,0.3,0.7,0.5,-6.08,1.06,6.74,1.04,6.0,6.85,18.0,0.3,0.7,0.5,997.14,1012.35,1016.41,1007.95,6.0,11.21,18.0,0.3,0.7,0.5,3.0,6.5,8.0,5.8,6.0,2.5,18.0,0.3,0.7,0.5,-3.1,47.1,93.5,39.3,6.0,70.2,18.0,0.3,0.7,0.5,-53.0,6.6,68.4,14.6,6.0,76.5,18.0,0.3,0.7,0.5,-0.17,0.0,1.23,0.43,6.0,1.15,18.0,0.3,0.7,0.5,-2.1,0.0,11.2,4.3,6.0,13.5,18.0,0.3,0.7,0.5,0.33,1.13,1.63,1.03,6.0,0.74,18.0,0.3,0.7,0.5,2.8,9.8,13.6,9.5,6.0,7.9,18.0,0.3,0.7,0.5,-3.7,18.6,34.1,13.7,6.0,24.4,18.0,0.3,0.7,0.5,-9.0,2.1,32.3,9.9,6.0,24.1,18.0,0.3,0.7,0.5,0.0,25.6,37.5,19.0,6.0,26.4,18.0,0.3,0.7,0.5,-19.2,3.1,32.1,6.9,6.0,26.1,18.0,0.3,0.7,0.5,-1.1,3.3,10.7,4.9,6.0,8.6,18.0,0.3,0.7,0.5,-10.7,1.1,4.3,-1.2,6.0,8.2,18.0,0.3,0.7,0.5,345.5,731.5,1747.0,977.5,6.0,755.5,18.0,0.3,0.7,0.5,345.0,730.0,1745.0,975.0,6.0,755.0,18.0,0.3,0.7,0.5
1974,2,200.0,53.0,2.79,3.0,4.0,3.3,11.0,0.72,14.0,0.5,0.6,0.6,-0.88,1.2,4.33,1.54,12.0,2.74,14.0,0.4,0.6,0.5,2.94,3.15,3.26,3.22,7.0,0.5,14.0,0.4,0.7,0.5,64.7,80.7,82.9,76.6,7.0,14.0,14.0,0.4,0.5,4.79,12.1,17.01,11.28,16.0,6.47,14.0,0.4,0.6,0.5,-2.97,4.74,13.2,3.63,16.0,9.46,14.0,0.4,0.6,0.5,-11.03,-3.22,-0.66,-4.41,16.0,7.3,14.0,0.4,0.6,0.5,992.0,1005.0,1010.89,1002.74,15.0,9.35,14.0,0.4,0.6,0.5,7.1,8.0,8.0,7.3,14.0,2.1,12.0,0.4,0.5,0.5,-15.1,42.2,176.8,55.9,16.0,166.8,14.0,0.4,0.6,0.5,-136.2,-31.2,-3.4,-63.3,16.0,138.4,14.0,0.4,0.6,0.5,-1.41,2.0,3.07,1.09,9.0,2.57,14.0,0.4,0.7,0.5,-21.5,10.2,22.5,3.7,9.0,25.6,14.0,0.4,0.7,0.5,1.27,1.62,2.11,1.62,7.0,0.54,14.0,0.4,0.7,0.5,9.3,14.7,23.5,15.1,7.0,7.5,14.0,0.4,0.7,0.5,-18.3,0.0,11.9,-2.5,12.0,35.2,14.0,0.4,0.6,0.5,-9.9,-1.3,3.5,1.9,12.0,25.3,14.0,0.4,0.6,0.5,7.1,13.5,17.1,10.0,7.0,15.0,14.0,0.4,0.7,0.5,-23.9,-13.0,-4.9,-9.0,7.0,27.1,14.0,0.4,0.7,0.5,3.9,8.0,11.4,6.9,7.0,5.3,14.0,0.4,0.7,0.5,-11.3,-9.5,0.1,-5.3,7.0,14.4,14.0,0.4,0.7,0.5,111.0,1795.0,5002.5,2797.0,16.0,3627.0,14.0,0.4,0.6,0.5,110.0,1795.0,5005.0,2795.0,16.0,3625.0,14.0,0.4,0.6,0.5
1974,2,200.0,54.0,2.2,3.1,5.0,3.45,12.0,1.14,14.0,0.8,0.6,0.4,-5.05,1.5,3.1,-0.11,13.0,3.84,16.0,0.8,0.5,0.3,2.47,3.27,4.22,3.3,10.0,0.82,14.0,0.8,0.5,0.3,72.8,85.0,98.2,85.6,11.0,11.4,14.0,0.8,0.3,6.25,11.3,18.28,12.21,15.0,5.76,16.0,0.7,0.6,0.3,-2.58,6.62,10.87,5.1,15.0,6.97,16.0,0.7,0.6,0.3,-16.15,-7.89,-2.04,-6.76,15.0,8.22,16.0,0.7,0.6,0.3,997.06,1009.25,1014.89,1005.77,14.0,10.45,18.0,0.7,0.6,0.3,3.5,6.0,8.0,5.6,12.0,2.3,18.0,0.8,0.6,0.4,-19.3,82.1,197.6,88.6,15.0,101.8,16.0,0.7,0.6,0.3,-290.6,-81.3,-8.2,-106.5,15.0,155.1,16.0,0.7,0.6,0.3,0.29,2.0,5.39,2.62,11.0,2.86,14.0,0.9,0.5,0.3,2.4,17.1,66.4,33.5,11.0,48.8,14.0,0.9,0.5,0.3,1.04,1.43,2.09,1.55,8.0,0.48,12.0,0.9,0.5,0.3,7.8,15.5,21.8,15.7,8.0,9.3,12.0,0.9,0.5,0.3,-32.1,-11.2,24.0,-8.2,13.0,31.4,16.0,0.8,0.5,0.3,-15.6,20.1,81.8,24.9,13.0,43.7,16.0,0.8,0.5,0.3,-17.7,13.7,31.1,7.7,10.0,26.3,14.0,0.8,0.5,0.3,-37.1,-20.0,-9.1,-18.4,10.0,22.0,14.0,0.8,0.5,0.3,-7.0,4.2,19.6,6.0,8.0,12.6,12.0,0.9,0.5,0.3,-18.6,-6.0,-2.9,-8.3,8.0,9.4,12.0,0.9,0.5,0.3,266.5,1443.0,6116.0,2947.5,15.0,3043.5,16.0,0.7,0.6,0.3,265.0,1445.0,6115.0,2950.0,15.0,3045.0,16.0,0.7,0.6,0.3
1974,2,200.0,55.0,1.62,2.8,3.53,2.72,6.0,1.16,14.0,0.2,0.5,0.4,-5.56,-2.5,2.61,-1.65,6.0,4.36,14.0,0.2,0.5,0.4,1.86,2.29,3.86,2.77,5.0,1.16,14.0,0.2,0.4,0.4,72.3,83.8,90.6,81.6,5.0,10.7,14.0,0.2,0.4,6.89,7.45,8.55,7.88,6.0,2.05,14.0,0.2,0.5,0.4,-2.35,3.73,8.13,2.95,6.0,6.08,14.0,0.2,0.5,0.4,-6.25,-4.99,-0.32,-3.53,6.0,4.06,14.0,0.2,0.5,0.4,988.71,999.9,1008.03,998.57,6.0,9.84,14.0,0.2,0.5,0.4,1.8,3.5,4.6,3.5,6.0,2.1,14.0,0.2,0.5,0.4,-17.4,25.4,71.2,29.1,6.0,57.8,14.0,0.2,0.5,0.4,-60.7,-31.9,-2.8,-29.4,6.0,34.4,14.0,0.2,0.5,0.4,1.56,4.8,7.56,4.37,6.0,3.43,14.0,0.2,0.5,0.4,12.1,29.8,65.9,36.4,6.0,33.6,14.0,0.2,0.5,0.4,1.01,2.19,2.41,1.79,5.0,0.86,14.0,0.2,0.4,0.4,7.3,12.5,22.6,14.9,5.0,10.5,14.0,0.2,0.4,0.4,-33.0,-4.9,9.3,-11.9,6.0,27.5,14.0,0.2,0.5,0.4,-0.6,21.0,35.8,19.1,6.0,18.2,14.0,0.2,0.5,0.4,-12.0,3.9,17.7,1.9,5.0,18.8,14.0,0.2,0.4,0.4,-16.8,-10.6,-0.3,-7.7,5.0,13.6,14.0,0.2,0.4,0.4,-3.1,4.3,14.4,6.4,5.0,12.4,14.0,0.2,0.4,0.4,-16.3,-11.7,-3.1,-9.7,5.0,7.8,14.0,0.2,0.4,0.4,334.5,415.0,701.5,581.5,6.0,529.5,14.0,0.2,0.5,0.4,335.0,415.0,700.0,580.0,6.0,530.0,14.0,0.2,0.5,0.4
1974,2,200.0,56.0,1.6,1.6,1.6,1.6,1.0,0.0,24.0,1.0,0.6,0.5,-6.7,-6.7,-6.7,-6.7,1.0,0.0,24.0,1.0,0.6,0.5,1.71,1.71,1.71,1.71,1.0,0.0,24.0,1.0,0.6,0.5,74.4,74.4,74.4,74.4,1.0,0.0,24.0,1.0,0.5,12.9,12.9,12.9,12.9,1.0,0.0,24.0,1.0,0.6,0.5,11.17,11.17,11.17,11.17,1.0,0.0,24.0,1.0,0.6,0.5,-6.45,-6.45,-6.45,-6.45,1.0,0.0,24.0,1.0,0.6,0.5,1009.4,1009.4,1009.4,1009.4,1.0,0.0,24.0,1.0,0.6,0.5,3.0,3.0,3.0,3.0,1.0,0.0,24.0,1.0,0.6,0.5,144.1,144.1,144.1,144.1,1.0,0.0,24.0,1.0,0.6,0.5,-83.2,-83.2,-83.2,-83.2,1.0,0.0,24.0,1.0,0.6,0.5,8.3,8.3,8.3,8.3,1.0,0.0,24.0,1.0,0.6,0.5,107.1,107.1,107.1,107.1,1.0,0.0,24.0,1.0,0.6,0.5,2.55,2.55,2.55,2.55,1.0,0.0,24.0,1.0,0.6,0.5,32.9,32.9,32.9,32.9,1.0,0.0,24.0,1.0,0.6,0.5,-74.9,-74.9,-74.9,-74.9,1.0,0.0,24.0,1.0,0.6,0.5,43.2,43.2,43.2,43.2,1.0,0.0,24.0,1.0,0.6,0.5,19.1,19.1,19.1,19.1,1.0,0.0,24.0,1.0,0.6,0.5,-11.0,-11.0,-11.0,-11.0,1.0,0.0,24.0,1.0,0.6,0.5,28.5,28.5,28.5,28.5,1.0,0.0,24.0,1.0,0.6,0.5,-16.4,-16.4,-16.4,-16.4,1.0,0.0,24.0,1.0,0.6,0.5,2146.5,2146.5,2146.5,2146.5,1.0,0.0,24.0,1.0,0.6,0.5,2145.0,2145.0,2145.0,2145.0,1.0,0.0,24.0,1.0,0.6,0.5
1974,2,201.0,-60.0,3.0,3.0,3.0,3.0,1.0,0.0,18.0,0.0,0.6,0.5,1.5,1.5,1.5,1.5,1.0,0.0,18.0,0.0,0.6,0.5,3.95,3.95,3.95,3.95,1.0,0.0,18.0,0.0,0.6,0.5,91.7,91.7,91.7,91.7,1.0,0.0,18.0,0.0,0.5,11.8,11.8,11.8,11.8,1.0,0.0,18.0,0.0,0.6,0.5,10.22,10.22,10.22,10.22,1.0,0.0,18.0,0.0,0.6,0.5,5.9,5.9,5.9,5.9,1.0,0.0,18.0,0.0,0.6,0.5,990.3,990.3,990.3,990.3,1.0,0.0,18.0,0.0,0.6,0.5,,,,,,,,,,,,,,,,,,,,,,,,,,,,,,,1.5,1.5,1.5,1.5,1.0,0.0,18.0,0.0,0.6,0.5,17.7,17.7,17.7,17.7,1.0,0.0,18.0,0.0,0.6,0.5,0.84,0.84,0.84,0.84,1.0,0.0,18.0,0.0,0.6,0.5,10.0,10.0,10.0,10.0,1.0,0.0,18.0,0.0,0.6,0.5,15.3,15.3,15.3,15.3,1.0,0.0,18.0,0.0,0.6,0.5,8.9,8.9,8.9,8.9,1.0,0.0,18.0,0.0,0.6,0.5,40.4,40.4,40.4,40.4,1.0,0.0,18.0,0.0,0.6,0.5,23.3,23.3,23.3,23.3,1.0,0.0,18.0,0.0,0.6,0.5,8.6,8.6,8.6,8.6,1.0,0.0,18.0,0.0,0.6,0.5,5.0,5.0,5.0,5.0,1.0,0.0,18.0,0.0,0.6,0.5,1643.0,1643.0,1643.0,1643.0,1.0,0.0,18.0,0.0,0.6,0.5,1645.0,1645.0,1645.0,1645.0,1.0,0.0,18.0,0.0,0.6,0.5
1974,2,201.0,-45.0,16.5,16.5,16.5,16.5,1.0,0.0,22.0,0.0,1.0,0.3,16.0,16.0,16.0,16.0,1.0,0.0,22.0,0.0,1.0,0.3,10.09,10.09,10.09,10.09,1.0,0.0,22.0,0.0,1.0,0.3,89.6,89.6,89.6,89.6,1.0,0.0,22.0,0.0,0.3,7.7,7.7,7.7,7.7,1.0,0.0,22.0,0.0,1.0,0.3,0.0,0.0,0.0,0.0,1.0,0.0,22.0,0.0,1.0,0.3,-7.7,-7.7,-7.7,-7.7,1.0,0.0,22.0,0.0,1.0,0.3,1015.0,1015.0,1015.0,1015.0,1.0,0.0,22.0,0.0,1.0,0.3,8.0,8.0,8.0,8.0,1.0,0.0,22.0,0.0,1.0,0.3,0.0,0.0,0.0,0.0,1.0,0.0,22.0,0.0,1.0,0.3,-59.3,-59.3,-59.3,-59.3,1.0,0.0,22.0,0.0,1.0,0.3,0.5,0.5,0.5,0.5,1.0,0.0,22.0,0.0,1.0,0.3,3.9,3.9,3.9,3.9,1.0,0.0,22.0,0.0,1.0,0.3,1.54,1.54,1.54,1.54,1.0,0.0,22.0,0.0,1.0,0.3,11.9,11.9,11.9,11.9,1.0,0.0,22.0,0.0,1.0,0.3,0.0,0.0,0.0,0.0,1.0,0.0,22.0,0.0,1.0,0.3,-123.2,-123.2,-123.2,-123.2,1.0,0.0,22.0,0.0,1.0,0.3,0.0,0.0,0.0,0.0,1.0,0.0,22.0,0.0,1.0,0.3,-77.7,-77.7,-77.7,-77.7,1.0,0.0,22.0,0.0,1.0,0.3,0.0,0.0,0.0,0.0,1.0,0.0,22.0,0.0,1.0,0.3,-11.9,-11.9,-11.9,-11.9,1.0,0.0,22.0,0.0,1.0,0.3,456.5,456.5,456.5,456.5,1.0,0.0,22.0,0.0,1.0,0.3,455.0,455.0,455.0,455.0,1.0,0.0,22.0,0.0,1.0,0.3
1974,2,201.0,-42.0,16.2,16.4,16.6,16.4,2.0,0.42,18.0,1.0,0.8,0.9,15.48,16.5,17.52,16.5,2.0,2.12,18.0,1.0,0.8,0.9,8.38,9.23,10.08,9.23,2.0,1.76,18.0,1.0,0.8,0.9,77.4,79.5,81.6,79.5,2.0,4.3,18.0,1.0,0.9,2.92,3.6,4.28,3.6,2.0,1.41,18.0,1.0,0.8,0.9,-1.42,1.02,3.46,1.02,2.0,5.06,18.0,1.0,0.8,0.9,-0.38,-0.23,-0.07,-0.23,2.0,0.32,18.0,1.0,0.8,0.9,1023.59,1024.0,1024.41,1024.0,2.0,0.85,18.0,1.0,0.8,0.9,8.0,8.0,8.0,8.0,2.0,0.0,18.0,1.0,0.8,0.9,-2.2,7.3,16.7,7.3,2.0,19.7,18.0,1.0,0.8,0.9,-1.0,-0.6,-0.2,-0.6,2.0,0.8,18.0,1.0,0.8,0.9,-0.92,-0.1,0.72,-0.1,2.0,1.7,18.0,1.0,0.8,0.9,-4.6,-1.6,1.5,-1.6,2.0,6.3,18.0,1.0,0.8,0.9,1.53,2.23,2.92,2.23,2.0,1.44,18.0,1.0,0.8,0.9,6.0,7.0,8.0,7.0,2.0,2.0,18.0,1.0,0.8,0.9,-19.2,22.2,63.6,22.2,2.0,85.7,18.0,1.0,0.8,0.9,-5.7,-3.4,-1.1,-3.4,2.0,4.8,18.0,1.0,0.8,0.9,-9.6,13.9,37.3,13.9,2.0,48.5,18.0,1.0,0.8,0.9,-3.0,-1.8,-0.6,-1.8,2.0,2.5,18.0,1.0,0.8,0.9,-6.1,-1.4,3.4,-1.4,2.0,9.8,18.0,1.0,0.8,0.9,-1.2,-0.7,-0.2,-0.7,2.0,1.0,18.0,1.0,0.8,0.9,30.0,57.5,84.5,57.5,2.0,56.5,18.0,1.0,0.8,0.9,30.0,55.0,85.0,55.0,2.0,55.0,18.0,1.0,0.8,0.9
1974,2,201.0,-41.0,17.8,17.8,17.8,17.8,1.0,0.0,24.0,0.0,0.1,0.7,14.8,14.8,14.8,14.8,1.0,0.0,24.0,0.0,0.1,0.7,10.44,10.44,10.44,10.44,1.0,0.0,24.0,0.0,0.1,0.7,100.0,100.0,100.0,100.0,1.0,0.0,24.0,0.0,0.7,15.4,15.4,15.4,15.4,1.0,0.0,24.0,0.0,0.1,0.7,0.0,0.0,0.0,0.0,1.0,0.0,24.0,0.0,0.1,0.7,15.4,15.4,15.4,15.4,1.0,0.0,24.0,0.0,0.1,0.7,1012.9,1012.9,1012.9,1012.9,1.0,0.0,24.0,0.0,0.1,0.7,7.0,7.0,7.0,7.0,1.0,0.0,24.0,0.0,0.1,0.7,0.0,0.0,0.0,0.0,1.0,0.0,24.0,0.0,0.1,0.7,237.2,237.2,237.2,237.2,1.0,0.0,24.0,0.0,0.1,0.7,3.0,3.0,3.0,3.0,1.0,0.0,24.0,0.0,0.1,0.7,46.2,46.2,46.2,46.2,1.0,0.0,24.0,0.0,0.1,0.7,2.22,2.22,2.22,2.22,1.0,0.0,24.0,0.0,0.1,0.7,34.2,34.2,34.2,34.2,1.0,0.0,24.0,0.0,0.1,0.7,0.0,0.0,0.0,0.0,1.0,0.0,24.0,0.0,0.1,0.7,227.9,227.9,227.9,227.9,1.0,0.0,24.0,0.0,0.1,0.7,0.0,0.0,0.0,0.0,1.0,0.0,24.0,0.0,0.1,0.7,160.8,160.8,160.8,160.8,1.0,0.0,24.0,0.0,0.1,0.7,0.0,0.0,0.0,0.0,1.0,0.0,24.0,0.0,0.1,0.7,34.2,34.2,34.2,34.2,1.0,0.0,24.0,0.0,0.1,0.7,3652.5,3652.5,3652.5,3652.5,1.0,0.0,24.0,0.0,0.1,0.7,3650.0,3650.0,3650.0,3650.0,1.0,0.0,24.0,0.0,0.1,0.7
1974,2,201.0,-38.0,19.73,20.45,21.17,20.45,2.0,1.48,20.0,0.5,0.8,0.5,17.87,18.65,19.43,18.65,2.0,1.63,20.0,0.5,0.8,0.5,10.63,10.83,11.03,10.83,2.0,0.41,20.0,0.5,0.8,0.5,79.8,82.3,84.7,82.3,2.0,5.0,20.0,0.5,0.5,6.69,7.75,8.81,7.75,2.0,2.19,20.0,0.5,0.8,0.5,-8.32,-7.42,-6.52,-7.42,2.0,1.86,20.0,0.5,0.8,0.5,1.41,2.13,2.85,2.13,2.0,1.49,20.0,0.5,0.8,0.5,1024.25,1025.65,1027.05,1025.65,2.0,2.9,20.0,0.5,0.8,0.5,3.0,5.0,7.0,5.0,2.0,4.2,20.0,0.5,0.8,0.5,-74.4,-59.6,-44.7,-59.6,2.0,30.7,20.0,0.5,0.8,0.5,10.3,18.1,25.9,18.1,2.0,16.2,20.0,0.5,0.8,0.5,1.73,1.8,1.87,1.8,2.0,0.14,20.0,0.5,0.8,0.5,11.7,14.1,16.5,14.1,2.0,5.0,20.0,0.5,0.8,0.5,3.53,3.97,4.41,3.97,2.0,0.91,20.0,0.5,0.8,0.5,29.0,29.8,30.5,29.8,2.0,1.6,20.0,0.5,0.8,0.5,-147.9,-136.9,-126.0,-136.9,2.0,22.7,20.0,0.5,0.8,0.5,26.8,38.5,50.2,38.5,2.0,24.3,20.0,0.5,0.8,0.5,-88.2,-80.0,-71.7,-80.0,2.0,17.1,20.0,0.5,0.8,0.5,15.4,22.7,30.1,22.7,2.0,15.2,20.0,0.5,0.8,0.5,-28.9,-28.6,-28.3,-28.6,2.0,0.6,20.0,0.5,0.8,0.5,5.9,7.8,9.7,7.8,2.0,4.0,20.0,0.5,0.8,0.5,328.0,521.5,714.5,521.5,2.0,400.0,20.0,0.5,0.8,0.5,330.0,520.0,715.0,520.0,2.0,400.0,20.0,0.5,0.8,0.5
1974,2,201.0,-36.0,22.5,22.5,22.5,22.5,1.0,0.0,16.0,0.0,0.9,1.0,21.9,21.9,21.9,21.9,1.0,0.0,16.0,0.0,0.9,1.0,12.36,12.36,12.36,12.36,1.0,0.0,16.0,0.0,0.9,1.0,76.6,76.6,76.6,76.6,1.0,0.0,16.0,0.0,1.0,4.6,4.6,4.6,4.6,1.0,0.0,16.0,0.0,0.9,1.0,-2.96,-2.96,-2.96,-2.96,1.0,0.0,16.0,0.0,0.9,1.0,3.52,3.52,3.52,3.52,1.0,0.0,16.0,0.0,0.9,1.0,1024.2,1024.2,1024.2,1024.2,1.0,0.0,16.0,0.0,0.9,1.0,1.0,1.0,1.0,1.0,1.0,0.0,16.0,0.0,0.9,1.0,-13.6,-13.6,-13.6,-13.6,1.0,0.0,16.0,0.0,0.9,1.0,16.2,16.2,16.2,16.2,1.0,0.0,16.0,0.0,0.9,1.0,0.6,0.6,0.6,0.6,1.0,0.0,16.0,0.0,0.9,1.0,2.8,2.8,2.8,2.8,1.0,0.0,16.0,0.0,0.9,1.0,4.43,4.43,4.43,4.43,1.0,0.0,16.0,0.0,0.9,1.0,20.4,20.4,20.4,20.4,1.0,0.0,16.0,0.0,0.9,1.0,-64.8,-64.8,-64.8,-64.8,1.0,0.0,16.0,0.0,0.9,1.0,77.2,77.2,77.2,77.2,1.0,0.0,16.0,0.0,0.9,1.0,-36.6,-36.6,-36.6,-36.6,1.0,0.0,16.0,0.0,0.9,1.0,43.6,43.6,43.6,43.6,1.0,0.0,16.0,0.0,0.9,1.0,-13.1,-13.1,-13.1,-13.1,1.0,0.0,16.0,0.0,0.9,1.0,15.6,15.6,15.6,15.6,1.0,0.0,16.0,0.0,0.9,1.0,97.5,97.5,97.5,97.5,1.0,0.0,16.0,0.0,0.9,1.0,95.0,95.0,95.0,95.0,1.0,0.0,16.0,0.0,0.9,1.0
1974,2,201.0,-35.0,22.2,22.2,22.2,22.2,1.0,0.0,18.0,1.0,1.0,1.0,23.5,23.5,23.5,23.5,1.0,0.0,18.0,1.0,1.0,1.0,11.1,11.1,11.1,11.1,1.0,0.0,18.0,1.0,1.0,1.0,62.4,62.4,62.4,62.4,1.0,0.0,18.0,1.0,1.0,1.0,1.0,1.0,1.0,1.0,0.0,18.0,1.0,1.0,1.0,-0.94,-0.94,-0.94,-0.94,1.0,0.0,18.0,1.0,1.0,1.0,0.34,0.34,0.34,0.34,1.0,0.0,18.0,1.0,1.0,1.0,1023.0,1023.0,1023.0,1023.0,1.0,0.0,18.0,1.0,1.0,1.0,4.0,4.0,4.0,4.0,1.0,0.0,18.0,1.0,1.0,1.0,-0.9,-0.9,-0.9,-0.9,1.0,0.0,18.0,1.0,1.0,1.0,0.3,0.3,0.3,0.3,1.0,0.0,18.0,1.0,1.0,1.0,-1.3,-1.3,-1.3,-1.3,1.0,0.0,18.0,1.0,1.0,1.0,-1.3,-1.3,-1.3,-1.3,1.0,0.0,18.0,1.0,1.0,1.0,5.4,5.4,5.4,5.4,1.0,0.0,18.0,1.0,1.0,1.0,5.4,5.4,5.4,5.4,1.0,0.0,18.0,1.0,1.0,1.0,-22.1,-22.1,-22.1,-22.1,1.0,0.0,18.0,1.0,1.0,1.0,8.0,8.0,8.0,8.0,1.0,0.0,18.0,1.0,1.0,1.0,-10.4,-10.4,-10.4,-10.4,1.0,0.0,18.0,1.0,1.0,1.0,3.8,3.8,3.8,3.8,1.0,0.0,18.0,1.0,1.0,1.0,-5.1,-5.1,-5.1,-5.1,1.0,0.0,18.0,1.0,1.0,1.0,1.8,1.8,1.8,1.8,1.0,0.0,18.0,1.0,1.0,1.0,1.0,1.0,1.0,1.0,1.0,0.0,18.0,1.0,1.0,1.0,0.0,0.0,0.0,0.0,1.0,0.0,18.0,1.0,1.0,1.0
1974,2,201.0,-34.0,23.8,23.8,23.8,23.8,1.0,0.0,22.0,1.0,0.1,0.7,22.99,23.4,23.81,23.4,2.0,0.85,16.0,1.0,0.4,0.8,12.08,13.9,15.73,13.9,2.0,3.77,16.0,1.0,0.4,0.8,69.3,77.6,85.8,77.6,2.0,17.1,16.0,1.0,0.8,0.98,3.1,5.22,3.1,2.0,4.38,16.0,1.0,0.4,0.8,-4.9,-2.91,-0.92,-2.91,2.0,4.12,16.0,1.0,0.4,0.8,0.34,1.06,1.78,1.06,2.0,1.5,16.0,1.0,0.4,0.8,1017.57,1018.15,1018.73,1018.15,2.0,1.2,16.0,1.0,0.4,0.8,3.0,5.0,7.0,5.0,2.0,4.2,16.0,1.0,0.4,0.8,-30.4,-18.1,-5.7,-18.1,2.0,25.5,16.0,1.0,0.4,0.8,2.1,6.6,11.1,6.6,2.0,9.3,16.0,1.0,0.4,0.8,1.0,1.0,1.0,1.0,1.0,0.0,22.0,1.0,0.1,0.7,6.2,6.2,6.2,6.2,1.0,0.0,22.0,1.0,0.1,0.7,7.07,7.07,7.07,7.07,1.0,0.0,22.0,1.0,0.1,0.7,43.8,43.8,43.8,43.8,1.0,0.0,22.0,1.0,0.1,0.7,-111.8,-66.4,-21.1,-66.4,2.0,93.9,16.0,1.0,0.4,0.8,7.7,24.2,40.7,24.2,2.0,34.2,16.0,1.0,0.4,0.8,-55.1,-32.7,-10.4,-32.7,2.0,46.3,16.0,1.0,0.4,0.8,3.8,11.9,20.0,11.9,2.0,16.8,16.0,1.0,0.4,0.8,-41.2,-41.2,-41.2,-41.2,1.0,0.0,22.0,1.0,0.1,0.7,15.0,15.0,15.0,15.0,1.0,0.0,22.0,1.0,0.1,0.7,38.0,119.0,200.5,119.0,2.0,168.5,16.0,1.0,0.4,0.8,40.0,120.0,200.0,120.0,2.0,170.0,16.0,1.0,0.4,0.8
1974,2,201.0,-33.0,22.5,22.5,22.5,22.5,1.0,0.0,14.0,0.0,0.3,0.4,23.0,23.0,23.0,23.0,1.0,0.0,14.0,0.0,0.3,0.4,12.69,12.69,12.69,12.69,1.0,0.0,14.0,0.0,0.3,0.4,73.4,73.4,73.4,73.4,1.0,0.0,14.0,0.0,0.4,12.3,12.3,12.3,12.3,1.0,0.0,14.0,0.0,0.3,0.4,-11.56,-11.56,-11.56,-11.56,1.0,0.0,14.0,0.0,0.3,0.4,-4.21,-4.21,-4.21,-4.21,1.0,0.0,14.0,0.0,0.3,0.4,1023.9,1023.9,1023.9,1023.9,1.0,0.0,14.0,0.0,0.3,0.4,7.0,7.0,7.0,7.0,1.0,0.0,14.0,0.0,0.3,0.4,-142.2,-142.2,-142.2,-142.2,1.0,0.0,14.0,0.0,0.3,0.4,-51.7,-51.7,-51.7,-51.7,1.0,0.0,14.0,0.0,0.3,0.4,-0.5,-0.5,-0.5,-0.5,1.0,0.0,14.0,0.0,0.3,0.4,-6.1,-6.1,-6.1,-6.1,1.0,0.0,14.0,0.0,0.3,0.4,4.11,4.11,4.11,4.11,1.0,0.0,14.0,0.0,0.3,0.4,50.6,50.6,50.6,50.6,1.0,0.0,14.0,0.0,0.3,0.4,-265.8,-265.8,-265.8,-265.8,1.0,0.0,14.0,0.0,0.3,0.4,-96.8,-96.8,-96.8,-96.8,1.0,0.0,14.0,0.0,0.3,0.4,-146.6,-146.6,-146.6,-146.6,1.0,0.0,14.0,0.0,0.3,0.4,-53.4,-53.4,-53.4,-53.4,1.0,0.0,14.0,0.0,0.3,0.4,-47.6,-47.6,-47.6,-47.6,1.0,0.0,14.0,0.0,0.3,0.4,-17.3,-17.3,-17.3,-17.3,1.0,0.0,14.0,0.0,0.3,0.4,1861.0,1861.0,1861.0,1861.0,1.0,0.0,14.0,0.0,0.3,0.4,1860.0,1860.0,1860.0,1860.0,1.0,0.0,14.0,0.0,0.3,0.4
1974,2,201.0,-32.0,,,,,,,,,,,,,,,,,,,,,,,,,,,,,,,,,,,,,,,,3.6,3.6,3.6,3.6,1.0,0.0,24.0,1.0,0.7,1.0,3.12,3.12,3.12,3.12,1.0,0.0,24.0,1.0,0.7,1.0,1.8,1.8,1.8,1.8,1.0,0.0,24.0,1.0,0.7,1.0,1012.3,1012.3,1012.3,1012.3,1.0,0.0,24.0,1.0,0.7,1.0,6.0,6.0,6.0,6.0,1.0,0.0,24.0,1.0,0.7,1.0,11.2,11.2,11.2,11.2,1.0,0.0,24.0,1.0,0.7,1.0,6.5,6.5,6.5,6.5,1.0,0.0,24.0,1.0,0.7,1.0,,,,,,,,,,,,,,,,,,,,,,,,,,,,,,,,,,,,,,,,,81.4,81.4,81.4,81.4,1.0,0.0,24.0,1.0,0.7,1.0,47.0,47.0,47.0,47.0,1.0,0.0,24.0,1.0,0.7,1.0,50.1,50.1,50.1,50.1,1.0,0.0,24.0,1.0,0.7,1.0,28.9,28.9,28.9,28.9,1.0,0.0,24.0,1.0,0.7,1.0,,,,,,,,,,,,,,,,,,,,,,,,,,,,,,,,,,,,,,,,
1974,2,201.0,-31.0,,,,,,,,,,,,,,,,,,,,,,,,,,,,,,,,,,,,,,,,13.4,13.4,13.4,13.4,1.0,0.0,8.0,0.0,0.2,0.1,-6.7,-6.7,-6.7,-6.7,1.0,0.0,8.0,0.0,0.2,0.1,11.6,11.6,11.6,11.6,1.0,0.0,8.0,0.0,0.2,0.1,1015.6,1015.6,1015.6,1015.6,1.0,0.0,8.0,0.0,0.2,0.1,8.0,8.0,8.0,8.0,1.0,0.0,8.0,0.0,0.2,0.1,-89.8,-89.8,-89.8,-89.8,1.0,0.0,8.0,0.0,0.2,0.1,155.5,155.5,155.5,155.5,1.0,0.0,8.0,0.0,0.2,0.1,,,,,,,,,,,,,,,,,,,,,,,,,,,,,,,,,,,,,,,,,-155.4,-155.4,-155.4,-155.4,1.0,0.0,8.0,0.0,0.2,0.1,269.2,269.2,269.2,269.2,1.0,0.0,8.0,0.0,0.2,0.1,-107.4,-107.4,-107.4,-107.4,1.0,0.0,8.0,0.0,0.2,0.1,185.9,185.9,185.9,185.9,1.0,0.0,8.0,0.0,0.2,0.1,,,,,,,,,,,,,,,,,,,,,,,,,,,,,,,,,,,,,,,,
1974,2,201.0,-26.0,27.8,27.8,27.8,27.8,1.0,0.0,20.0,0.0,0.9,0.2,25.6,25.6,25.6,25.6,1.0,0.0,20.0,0.0,0.9,0.2,20.17,20.17,20.17,20.17,1.0,0.0,20.0,0.0,0.9,0.2,98.2,98.2,98.2,98.2,1.0,0.0,20.0,0.0,0.2,5.7,5.7,5.7,5.7,1.0,0.0,20.0,0.0,0.9,0.2,-5.36,-5.36,-5.36,-5.36,1.0,0.0,20.0,0.0,0.9,0.2,1.95,1.95,1.95,1.95,1.0,0.0,20.0,0.0,0.9,0.2,1011.3,1011.3,1011.3,1011.3,1.0,0.0,20.0,0.0,0.9,0.2,3.0,3.0,3.0,3.0,1.0,0.0,20.0,0.0,0.9,0.2,-30.5,-30.5,-30.5,-30.5,1.0,0.0,20.0,0.0,0.9,0.2,11.1,11.1,11.1,11.1,1.0,0.0,20.0,0.0,0.9,0.2,2.2,2.2,2.2,2.2,1.0,0.0,20.0,0.0,0.9,0.2,12.5,12.5,12.5,12.5,1.0,0.0,20.0,0.0,0.9,0.2,3.25,3.25,3.25,3.25,1.0,0.0,20.0,0.0,0.9,0.2,18.5,18.5,18.5,18.5,1.0,0.0,20.0,0.0,0.9,0.2,-137.1,-137.1,-137.1,-137.1,1.0,0.0,20.0,0.0,0.9,0.2,49.9,49.9,49.9,49.9,1.0,0.0,20.0,0.0,0.9,0.2,-108.0,-108.0,-108.0,-108.0,1.0,0.0,20.0,0.0,0.9,0.2,39.3,39.3,39.3,39.3,1.0,0.0,20.0,0.0,0.9,0.2,-17.4,-17.4,-17.4,-17.4,1.0,0.0,20.0,0.0,0.9,0.2,6.3,6.3,6.3,6.3,1.0,0.0,20.0,0.0,0.9,0.2,185.0,185.0,185.0,185.0,1.0,0.0,20.0,0.0,0.9,0.2,185.0,185.0,185.0,185.0,1.0,0.0,20.0,0.0,0.9,0.2
1974,2,201.0,-21.0,28.57,29.15,29.73,29.15,2.0,1.2,20.0,0.5,0.8,0.5,26.11,26.35,26.59,26.35,2.0,0.49,20.0,0.5,0.8,0.5,17.28,17.32,17.35,17.32,2.0,0.08,20.0,0.5,0.8,0.5,79.8,81.1,82.4,81.1,2.0,2.7,20.0,0.5,0.5,2.9,5.9,8.9,5.9,2.0,6.22,20.0,0.5,0.8,0.5,-8.38,-5.59,-2.8,-5.59,2.0,5.78,20.0,0.5,0.8,0.5,-2.96,-1.76,-0.56,-1.76,2.0,2.49,20.0,0.5,0.8,0.5,1014.95,1015.05,1015.15,1015.05,2.0,0.21,20.0,0.5,0.8,0.5,6.3,7.0,7.7,7.0,2.0,1.4,20.0,0.5,0.8,0.5,-84.2,-51.0,-17.7,-51.0,2.0,68.9,20.0,0.5,0.8,0.5,-30.5,-18.1,-5.8,-18.1,2.0,25.7,20.0,0.5,0.8,0.5,1.98,2.8,3.62,2.8,2.0,1.7,20.0,0.5,0.8,0.5,7.7,11.2,14.8,11.2,2.0,7.4,20.0,0.5,0.8,0.5,7.16,7.99,8.81,7.99,2.0,1.71,20.0,0.5,0.8,0.5,22.7,41.8,60.9,41.8,2.0,39.6,20.0,0.5,0.8,0.5,-223.6,-148.7,-73.8,-148.7,2.0,155.2,20.0,0.5,0.8,0.5,-79.1,-47.0,-14.9,-47.0,2.0,66.5,20.0,0.5,0.8,0.5,-144.7,-96.6,-48.4,-96.6,2.0,99.7,20.0,0.5,0.8,0.5,-51.2,-30.4,-9.6,-30.4,2.0,43.0,20.0,0.5,0.8,0.5,-57.4,-39.7,-22.0,-39.7,2.0,36.6,20.0,0.5,0.8,0.5,-20.1,-11.9,-3.8,-11.9,2.0,16.9,20.0,0.5,0.8,0.5,176.5,548.0,920.0,548.0,2.0,770.5,20.0,0.5,0.8,0.5,175.0,550.0,920.0,550.0,2.0,770.0,20.0,0.5,0.8,0.5
1974,2,201.0,-19.0,27.66,28.0,28.68,28.17,3.0,0.76,14.0,0.3,0.7,0.5,26.45,27.2,27.47,26.97,3.0,0.78,14.0,0.3,0.7,0.5,16.94,17.02,17.15,17.04,3.0,0.15,14.0,0.3,0.7,0.5,74.9,75.5,78.6,76.8,3.0,2.9,14.0,0.3,0.5,4.67,5.9,7.13,5.9,2.0,2.55,6.0,0.5,0.6,0.6,-3.66,-3.24,-2.83,-3.24,2.0,0.86,6.0,0.5,0.6,0.6,-6.11,-4.9,-3.7,-4.9,2.0,2.49,6.0,0.5,0.6,0.6,1010.91,1011.8,1012.07,1011.5,3.0,0.89,14.0,0.3,0.7,0.5,6.3,7.0,7.7,7.0,3.0,1.0,14.0,0.3,0.7,0.5,-26.7,-20.2,-13.8,-20.2,2.0,13.3,6.0,0.5,0.6,0.6,-45.2,-32.1,-19.0,-32.1,2.0,27.2,6.0,0.5,0.6,0.6,0.33,0.4,2.11,1.2,3.0,1.47,14.0,0.3,0.7,0.5,4.6,11.8,19.0,11.8,2.0,14.9,6.0,0.5,0.6,0.6,6.16,6.48,7.68,6.91,3.0,1.18,14.0,0.3,0.7,0.5,30.8,44.0,57.3,44.0,2.0,27.4,6.0,0.5,0.6,0.6,-95.9,-86.1,-76.3,-86.1,2.0,20.4,6.0,0.5,0.6,0.6,-160.0,-129.7,-99.5,-129.7,2.0,62.7,6.0,0.5,0.6,0.6,-61.9,-55.0,-48.1,-55.0,2.0,14.3,6.0,0.5,0.6,0.6,-103.3,-83.1,-62.9,-83.1,2.0,41.9,6.0,0.5,0.6,0.6,-29.2,-23.8,-18.3,-23.8,2.0,11.2,6.0,0.5,0.6,0.6,-49.2,-36.9,-24.6,-36.9,2.0,25.5,6.0,0.5,0.6,0.6,130.5,262.5,395.0,262.5,2.0,274.0,6.0,0.5,0.6,0.6,130.0,265.0,395.0,265.0,2.0,275.0,6.0,0.5,0.6,0.6
1974,2,201.0,-18.0,28.8,28.8,28.8,28.8,1.0,0.0,28.0,1.0,0.1,1.0,29.2,29.2,29.2,29.2,1.0,0.0,28.0,1.0,0.1,1.0,18.44,18.44,18.44,18.44,1.0,0.0,28.0,1.0,0.1,1.0,72.7,72.7,72.7,72.7,1.0,0.0,28.0,1.0,1.0,3.6,3.6,3.6,3.6,1.0,0.0,28.0,1.0,0.1,1.0,-3.38,-3.38,-3.38,-3.38,1.0,0.0,28.0,1.0,0.1,1.0,1.23,1.23,1.23,1.23,1.0,0.0,28.0,1.0,0.1,1.0,1010.2,1010.2,1010.2,1010.2,1.0,0.0,28.0,1.0,0.1,1.0,3.0,3.0,3.0,3.0,1.0,0.0,28.0,1.0,0.1,1.0,-12.2,-12.2,-12.2,-12.2,1.0,0.0,28.0,1.0,0.1,1.0,4.4,4.4,4.4,4.4,1.0,0.0,28.0,1.0,0.1,1.0,-0.4,-0.4,-0.4,-0.4,1.0,0.0,28.0,1.0,0.1,1.0,-1.4,-1.4,-1.4,-1.4,1.0,0.0,28.0,1.0,0.1,1.0,6.44,6.44,6.44,6.44,1.0,0.0,28.0,1.0,0.1,1.0,23.2,23.2,23.2,23.2,1.0,0.0,28.0,1.0,0.1,1.0,-98.8,-98.8,-98.8,-98.8,1.0,0.0,28.0,1.0,0.1,1.0,36.0,36.0,36.0,36.0,1.0,0.0,28.0,1.0,0.1,1.0,-62.4,-62.4,-62.4,-62.4,1.0,0.0,28.0,1.0,0.1,1.0,22.7,22.7,22.7,22.7,1.0,0.0,28.0,1.0,0.1,1.0,-21.8,-21.8,-21.8,-21.8,1.0,0.0,28.0,1.0,0.1,1.0,7.9,7.9,7.9,7.9,1.0,0.0,28.0,1.0,0.1,1.0,46.5,46.5,46.5,46.5,1.0,0.0,28.0,1.0,0.1,1.0,45.0,45.0,45.0,45.0,1.0,0.0,28.0,1.0,0.1,1.0
1974,2,201.0,-17.0,27.25,28.4,28.5,27.96,5.0,0.71,14.0,0.6,0.7,0.6,26.9,27.6,28.88,27.8,5.0,1.19,14.0,0.6,0.7,0.6,17.6,18.07,20.35,19.08,5.0,2.61,14.0,0.6,0.7,0.6,75.7,78.4,87.8,81.5,5.0,8.9,14.0,0.6,0.6,2.6,4.1,6.75,4.64,5.0,2.26,14.0,0.6,0.7,0.6,-6.51,-4.04,-0.99,-3.86,5.0,3.03,14.0,0.6,0.7,0.6,-2.36,-2.12,0.26,-1.24,5.0,1.49,14.0,0.6,0.7,0.6,1010.75,1011.7,1011.94,1011.4,5.0,0.66,14.0,0.6,0.7,0.6,3.6,5.0,5.7,4.8,5.0,1.5,14.0,0.6,0.7,0.6,-44.6,-16.6,-2.6,-23.3,5.0,24.5,14.0,0.6,0.7,0.6,-9.0,-5.9,1.1,-4.5,5.0,6.3,14.0,0.6,0.7,0.6,-1.07,0.9,1.14,0.16,5.0,1.3,14.0,0.6,0.7,0.6,-7.3,2.3,3.6,-1.2,5.0,6.5,14.0,0.6,0.7,0.6,2.82,6.0,6.48,4.58,5.0,3.37,14.0,0.6,0.7,0.6,5.5,16.4,34.4,19.1,5.0,20.0,14.0,0.6,0.7,0.6,-188.3,-110.2,-27.1,-110.0,5.0,88.9,14.0,0.6,0.7,0.6,-63.9,-60.9,7.1,-34.1,5.0,40.7,14.0,0.6,0.7,0.6,-139.5,-70.8,-17.8,-76.5,5.0,62.5,14.0,0.6,0.7,0.6,-47.0,-40.7,4.6,-24.7,5.0,28.8,14.0,0.6,0.7,0.6,-34.1,-8.2,1.4,-15.2,5.0,21.5,14.0,0.6,0.7,0.6,-13.7,0.0,3.6,-4.0,5.0,9.1,14.0,0.6,0.7,0.6,17.5,69.0,318.0,160.0,5.0,189.0,14.0,0.6,0.7,0.6,20.0,70.0,320.0,160.0,5.0,190.0,14.0,0.6,0.7,0.6
1974,2,201.0,-15.0,27.0,27.0,27.0,27.0,1.0,0.0,28.0,1.0,1.0,0.9,27.2,27.2,27.2,27.2,1.0,0.0,28.0,1.0,1.0,0.9,17.02,17.02,17.02,17.02,1.0,0.0,28.0,1.0,1.0,0.9,75.5,75.5,75.5,75.5,1.0,0.0,28.0,1.0,0.9,6.7,6.7,6.7,6.7,1.0,0.0,28.0,1.0,1.0,0.9,-4.31,-4.31,-4.31,-4.31,1.0,0.0,28.0,1.0,1.0,0.9,5.13,5.13,5.13,5.13,1.0,0.0,28.0,1.0,1.0,0.9,1010.9,1010.9,1010.9,1010.9,1.0,0.0,28.0,1.0,1.0,0.9,4.0,4.0,4.0,4.0,1.0,0.0,28.0,1.0,1.0,0.9,-28.9,-28.9,-28.9,-28.9,1.0,0.0,28.0,1.0,1.0,0.9,34.4,34.4,34.4,34.4,1.0,0.0,28.0,1.0,1.0,0.9,-0.2,-0.2,-0.2,-0.2,1.0,0.0,28.0,1.0,1.0,0.9,-1.3,-1.3,-1.3,-1.3,1.0,0.0,28.0,1.0,1.0,0.9,5.33,5.33,5.33,5.33,1.0,0.0,28.0,1.0,1.0,0.9,35.7,35.7,35.7,35.7,1.0,0.0,28.0,1.0,1.0,0.9,-117.1,-117.1,-117.1,-117.1,1.0,0.0,28.0,1.0,1.0,0.9,139.6,139.6,139.6,139.6,1.0,0.0,28.0,1.0,1.0,0.9,-73.3,-73.3,-73.3,-73.3,1.0,0.0,28.0,1.0,1.0,0.9,87.3,87.3,87.3,87.3,1.0,0.0,28.0,1.0,1.0,0.9,-22.9,-22.9,-22.9,-22.9,1.0,0.0,28.0,1.0,1.0,0.9,27.3,27.3,27.3,27.3,1.0,0.0,28.0,1.0,1.0,0.9,301.0,301.0,301.0,301.0,1.0,0.0,28.0,1.0,1.0,0.9,300.0,300.0,300.0,300.0,1.0,0.0,28.0,1.0,1.0,0.9
1974,2,201.0,-13.0,27.9,27.9,27.9,27.9,1.0,0.0,8.0,1.0,0.6,0.6,27.6,27.6,27.6,27.6,1.0,0.0,8.0,1.0,0.6,0.6,20.17,20.17,20.17,20.17,1.0,0.0,8.0,1.0,0.6,0.6,87.3,87.3,87.3,87.3,1.0,0.0,8.0,1.0,0.6,7.7,7.7,7.7,7.7,1.0,0.0,8.0,1.0,0.6,0.6,-3.85,-3.85,-3.85,-3.85,1.0,0.0,8.0,1.0,0.6,0.6,-6.67,-6.67,-6.67,-6.67,1.0,0.0,8.0,1.0,0.6,0.6,1011.3,1011.3,1011.3,1011.3,1.0,0.0,8.0,1.0,0.6,0.6,8.0,8.0,8.0,8.0,1.0,0.0,8.0,1.0,0.6,0.6,-29.6,-29.6,-29.6,-29.6,1.0,0.0,8.0,1.0,0.6,0.6,-51.3,-51.3,-51.3,-51.3,1.0,0.0,8.0,1.0,0.6,0.6,0.3,0.3,0.3,0.3,1.0,0.0,8.0,1.0,0.6,0.6,2.3,2.3,2.3,2.3,1.0,0.0,8.0,1.0,0.6,0.6,3.39,3.39,3.39,3.39,1.0,0.0,8.0,1.0,0.6,0.6,26.1,26.1,26.1,26.1,1.0,0.0,8.0,1.0,0.6,0.6,-106.3,-106.3,-106.3,-106.3,1.0,0.0,8.0,1.0,0.6,0.6,-184.0,-184.0,-184.0,-184.0,1.0,0.0,8.0,1.0,0.6,0.6,-77.7,-77.7,-77.7,-77.7,1.0,0.0,8.0,1.0,0.6,0.6,-134.5,-134.5,-134.5,-134.5,1.0,0.0,8.0,1.0,0.6,0.6,-13.1,-13.1,-13.1,-13.1,1.0,0.0,8.0,1.0,0.6,0.6,-22.6,-22.6,-22.6,-22.6,1.0,0.0,8.0,1.0,0.6,0.6,456.5,456.5,456.5,456.5,1.0,0.0,8.0,1.0,0.6,0.6,455.0,455.0,455.0,455.0,1.0,0.0,8.0,1.0,0.6,0.6
1974,2,201.0,-12.0,27.6,27.6,27.6,27.6,1.0,0.0,28.0,1.0,0.4,0.1,29.6,29.6,29.6,29.6,1.0,0.0,28.0,1.0,0.4,0.1,17.23,17.23,17.23,17.23,1.0,0.0,28.0,1.0,0.4,0.1,66.5,66.5,66.5,66.5,1.0,0.0,28.0,1.0,0.1,4.6,4.6,4.6,4.6,1.0,0.0,28.0,1.0,0.4,0.1,-4.32,-4.32,-4.32,-4.32,1.0,0.0,28.0,1.0,0.4,0.1,1.57,1.57,1.57,1.57,1.0,0.0,28.0,1.0,0.4,0.1,1010.8,1010.8,1010.8,1010.8,1.0,0.0,28.0,1.0,0.4,0.1,3.0,3.0,3.0,3.0,1.0,0.0,28.0,1.0,0.4,0.1,-19.9,-19.9,-19.9,-19.9,1.0,0.0,28.0,1.0,0.4,0.1,7.2,7.2,7.2,7.2,1.0,0.0,28.0,1.0,0.4,0.1,-2.0,-2.0,-2.0,-2.0,1.0,0.0,28.0,1.0,0.4,0.1,-9.2,-9.2,-9.2,-9.2,1.0,0.0,28.0,1.0,0.4,0.1,5.93,5.93,5.93,5.93,1.0,0.0,28.0,1.0,0.4,0.1,27.3,27.3,27.3,27.3,1.0,0.0,28.0,1.0,0.4,0.1,-127.9,-127.9,-127.9,-127.9,1.0,0.0,28.0,1.0,0.4,0.1,46.6,46.6,46.6,46.6,1.0,0.0,28.0,1.0,0.4,0.1,-74.5,-74.5,-74.5,-74.5,1.0,0.0,28.0,1.0,0.4,0.1,27.1,27.1,27.1,27.1,1.0,0.0,28.0,1.0,0.4,0.1,-25.6,-25.6,-25.6,-25.6,1.0,0.0,28.0,1.0,0.4,0.1,9.3,9.3,9.3,9.3,1.0,0.0,28.0,1.0,0.4,0.1,97.5,97.5,97.5,97.5,1.0,0.0,28.0,1.0,0.4,0.1,95.0,95.0,95.0,95.0,1.0,0.0,28.0,1.0,0.4,0.1
1974,2,201.0,-11.0,28.15,28.9,29.65,28.9,2.0,1.56,12.0,0.0,0.5,0.9,25.12,25.8,26.48,25.8,2.0,1.41,12.0,0.0,0.5,0.9,16.4,16.4,16.4,16.4,1.0,0.0,8.0,0.0,0.6,0.8,83.9,83.9,83.9,83.9,1.0,0.0,8.0,0.0,0.8,3.17,3.55,3.93,3.55,2.0,0.78,12.0,0.0,0.5,0.9,-3.12,-3.07,-3.02,-3.07,2.0,0.1,12.0,0.0,0.5,0.9,-2.22,-1.32,-0.42,-1.32,2.0,1.86,12.0,0.0,0.5,0.9,1006.27,1008.15,1010.03,1008.15,2.0,3.89,12.0,0.0,0.5,0.9,2.0,4.0,6.0,4.0,2.0,4.2,12.0,0.0,0.5,0.9,-12.3,-10.9,-9.6,-10.9,2.0,2.7,12.0,0.0,0.5,0.9,-9.1,-5.4,-1.7,-5.4,2.0,7.6,12.0,0.0,0.5,0.9,3.03,3.1,3.17,3.1,2.0,0.14,12.0,0.0,0.5,0.9,10.0,11.0,11.9,11.0,2.0,1.9,12.0,0.0,0.5,0.9,7.03,7.03,7.03,7.03,1.0,0.0,8.0,0.0,0.6,0.8,28.8,28.8,28.8,28.8,1.0,0.0,8.0,0.0,0.6,0.8,-80.0,-79.1,-78.3,-79.1,2.0,1.8,12.0,0.0,0.5,0.9,-55.0,-32.7,-10.4,-32.7,2.0,46.2,12.0,0.0,0.5,0.9,-51.5,-51.5,-51.5,-51.5,1.0,0.0,8.0,0.0,0.6,0.8,-43.2,-43.2,-43.2,-43.2,1.0,0.0,8.0,0.0,0.6,0.8,-22.1,-22.1,-22.1,-22.1,1.0,0.0,8.0,0.0,0.6,0.8,-18.5,-18.5,-18.5,-18.5,1.0,0.0,8.0,0.0,0.6,0.8,33.5,48.0,62.5,48.0,2.0,29.5,12.0,0.0,0.5,0.9,35.0,50.0,60.0,50.0,2.0,30.0,12.0,0.0,0.5,0.9
1974,2,201.0,-2.0,25.0,25.0,25.0,25.0,1.0,0.0,12.0,0.0,0.9,1.0,24.4,24.4,24.4,24.4,1.0,0.0,12.0,0.0,0.9,1.0,14.25,14.25,14.25,14.25,1.0,0.0,12.0,0.0,0.9,1.0,74.6,74.6,74.6,74.6,1.0,0.0,12.0,0.0,1.0,7.7,7.7,7.7,7.7,1.0,0.0,12.0,0.0,0.9,1.0,-7.7,-7.7,-7.7,-7.7,1.0,0.0,12.0,0.0,0.9,1.0,0.0,0.0,0.0,0.0,1.0,0.0,12.0,0.0,0.9,1.0,1008.1,1008.1,1008.1,1008.1,1.0,0.0,12.0,0.0,0.9,1.0,,,,,,,,,,,,,,,,,,,,,,,,,,,,,,,0.6,0.6,0.6,0.6,1.0,0.0,12.0,0.0,0.9,1.0,4.6,4.6,4.6,4.6,1.0,0.0,12.0,0.0,0.9,1.0,5.62,5.62,5.62,5.62,1.0,0.0,12.0,0.0,0.9,1.0,43.3,43.3,43.3,43.3,1.0,0.0,12.0,0.0,0.9,1.0,-187.9,-187.9,-187.9,-187.9,1.0,0.0,12.0,0.0,0.9,1.0,0.0,0.0,0.0,0.0,1.0,0.0,12.0,0.0,0.9,1.0,-109.7,-109.7,-109.7,-109.7,1.0,0.0,12.0,0.0,0.9,1.0,0.0,0.0,0.0,0.0,1.0,0.0,12.0,0.0,0.9,1.0,-43.3,-43.3,-43.3,-43.3,1.0,0.0,12.0,0.0,0.9,1.0,0.0,0.0,0.0,0.0,1.0,0.0,12.0,0.0,0.9,1.0,456.5,456.5,456.5,456.5,1.0,0.0,12.0,0.0,0.9,1.0,455.0,455.0,455.0,455.0,1.0,0.0,12.0,0.0,0.9,1.0
1974,2,201.0,2.0,25.0,25.0,25.0,25.0,1.0,0.0,18.0,0.0,0.1,0.4,24.7,24.7,24.7,24.7,1.0,0.0,18.0,0.0,0.1,0.4,16.33,16.33,16.33,16.33,1.0,0.0,18.0,0.0,0.1,0.4,83.9,83.9,83.9,83.9,1.0,0.0,18.0,0.0,0.4,6.7,6.7,6.7,6.7,1.0,0.0,18.0,0.0,0.1,0.4,-5.13,-5.13,-5.13,-5.13,1.0,0.0,18.0,0.0,0.1,0.4,4.31,4.31,4.31,4.31,1.0,0.0,18.0,0.0,0.1,0.4,1008.9,1008.9,1008.9,1008.9,1.0,0.0,18.0,0.0,0.1,0.4,0.0,0.0,0.0,0.0,1.0,0.0,18.0,0.0,0.1,0.4,-34.4,-34.4,-34.4,-34.4,1.0,0.0,18.0,0.0,0.1,0.4,28.9,28.9,28.9,28.9,1.0,0.0,18.0,0.0,0.1,0.4,0.3,0.3,0.3,0.3,1.0,0.0,18.0,0.0,0.1,0.4,2.0,2.0,2.0,2.0,1.0,0.0,18.0,0.0,0.1,0.4,3.53,3.53,3.53,3.53,1.0,0.0,18.0,0.0,0.1,0.4,23.6,23.6,23.6,23.6,1.0,0.0,18.0,0.0,0.1,0.4,-126.8,-126.8,-126.8,-126.8,1.0,0.0,18.0,0.0,0.1,0.4,106.4,106.4,106.4,106.4,1.0,0.0,18.0,0.0,0.1,0.4,-83.8,-83.8,-83.8,-83.8,1.0,0.0,18.0,0.0,0.1,0.4,70.3,70.3,70.3,70.3,1.0,0.0,18.0,0.0,0.1,0.4,-18.1,-18.1,-18.1,-18.1,1.0,0.0,18.0,0.0,0.1,0.4,15.2,15.2,15.2,15.2,1.0,0.0,18.0,0.0,0.1,0.4,301.0,301.0,301.0,301.0,1.0,0.0,18.0,0.0,0.1,0.4,300.0,300.0,300.0,300.0,1.0,0.0,18.0,0.0,0.1,0.4
1974,2,201.0,3.0,25.6,25.6,25.6,25.6,1.0,0.0,16.0,1.0,0.3,0.9,27.5,27.5,27.5,27.5,1.0,0.0,16.0,1.0,0.3,0.9,16.43,16.43,16.43,16.43,1.0,0.0,16.0,1.0,0.3,0.9,71.5,71.5,71.5,71.5,1.0,0.0,16.0,1.0,0.9,9.3,9.3,9.3,9.3,1.0,0.0,16.0,1.0,0.3,0.9,-9.3,-9.3,-9.3,-9.3,1.0,0.0,16.0,1.0,0.3,0.9,0.0,0.0,0.0,0.0,1.0,0.0,16.0,1.0,0.3,0.9,1009.1,1009.1,1009.1,1009.1,1.0,0.0,16.0,1.0,0.3,0.9,6.0,6.0,6.0,6.0,1.0,0.0,16.0,1.0,0.3,0.9,-86.5,-86.5,-86.5,-86.5,1.0,0.0,16.0,1.0,0.3,0.9,0.0,0.0,0.0,0.0,1.0,0.0,16.0,1.0,0.3,0.9,-1.9,-1.9,-1.9,-1.9,1.0,0.0,16.0,1.0,0.3,0.9,-17.7,-17.7,-17.7,-17.7,1.0,0.0,16.0,1.0,0.3,0.9,4.16,4.16,4.16,4.16,1.0,0.0,16.0,1.0,0.3,0.9,38.6,38.6,38.6,38.6,1.0,0.0,16.0,1.0,0.3,0.9,-255.7,-255.7,-255.7,-255.7,1.0,0.0,16.0,1.0,0.3,0.9,0.0,0.0,0.0,0.0,1.0,0.0,16.0,1.0,0.3,0.9,-152.8,-152.8,-152.8,-152.8,1.0,0.0,16.0,1.0,0.3,0.9,0.0,0.0,0.0,0.0,1.0,0.0,16.0,1.0,0.3,0.9,-38.6,-38.6,-38.6,-38.6,1.0,0.0,16.0,1.0,0.3,0.9,0.0,0.0,0.0,0.0,1.0,0.0,16.0,1.0,0.3,0.9,804.5,804.5,804.5,804.5,1.0,0.0,16.0,1.0,0.3,0.9,805.0,805.0,805.0,805.0,1.0,0.0,16.0,1.0,0.3,0.9
1974,2,201.0,5.0,26.1,26.1,26.1,26.1,1.0,0.0,20.0,1.0,0.4,0.7,25.6,25.6,25.6,25.6,1.0,0.0,20.0,1.0,0.4,0.7,19.5,19.5,19.5,19.5,1.0,0.0,20.0,1.0,0.4,0.7,94.8,94.8,94.8,94.8,1.0,0.0,20.0,1.0,0.7,10.8,10.8,10.8,10.8,1.0,0.0,20.0,1.0,0.4,0.7,-10.8,-10.8,-10.8,-10.8,1.0,0.0,20.0,1.0,0.4,0.7,0.0,0.0,0.0,0.0,1.0,0.0,20.0,1.0,0.4,0.7,1009.1,1009.1,1009.1,1009.1,1.0,0.0,20.0,1.0,0.4,0.7,8.0,8.0,8.0,8.0,1.0,0.0,20.0,1.0,0.4,0.7,-116.6,-116.6,-116.6,-116.6,1.0,0.0,20.0,1.0,0.4,0.7,0.0,0.0,0.0,0.0,1.0,0.0,20.0,1.0,0.4,0.7,0.5,0.5,0.5,0.5,1.0,0.0,20.0,1.0,0.4,0.7,5.4,5.4,5.4,5.4,1.0,0.0,20.0,1.0,0.4,0.7,1.72,1.72,1.72,1.72,1.0,0.0,20.0,1.0,0.4,0.7,18.5,18.5,18.5,18.5,1.0,0.0,20.0,1.0,0.4,0.7,-276.5,-276.5,-276.5,-276.5,1.0,0.0,20.0,1.0,0.4,0.7,0.0,0.0,0.0,0.0,1.0,0.0,20.0,1.0,0.4,0.7,-210.6,-210.6,-210.6,-210.6,1.0,0.0,20.0,1.0,0.4,0.7,0.0,0.0,0.0,0.0,1.0,0.0,20.0,1.0,0.4,0.7,-18.5,-18.5,-18.5,-18.5,1.0,0.0,20.0,1.0,0.4,0.7,0.0,0.0,0.0,0.0,1.0,0.0,20.0,1.0,0.4,0.7,1259.5,1259.5,1259.5,1259.5,1.0,0.0,20.0,1.0,0.4,0.7,1260.0,1260.0,1260.0,1260.0,1.0,0.0,20.0,1.0,0.4,0.7
1974,2,201.0,6.0,25.6,25.6,25.6,25.6,1.0,0.0,4.0,1.0,0.2,0.9,25.7,25.9,26.1,25.9,2.0,0.42,16.0,0.5,0.1,0.6,17.44,17.96,18.47,17.96,2.0,1.06,16.0,0.5,0.1,0.6,82.6,86.0,89.3,86.0,2.0,6.9,16.0,0.5,0.6,8.37,8.75,9.13,8.75,2.0,0.78,16.0,0.5,0.1,0.6,-9.05,-8.5,-7.96,-8.5,2.0,1.13,16.0,0.5,0.1,0.6,-2.36,-1.4,-0.45,-1.4,2.0,1.98,16.0,0.5,0.1,0.6,1008.5,1010.0,1011.5,1010.0,2.0,3.11,16.0,0.5,0.1,0.6,4.5,5.5,6.5,5.5,2.0,2.1,16.0,0.5,0.1,0.6,-82.8,-74.8,-66.9,-74.8,2.0,16.5,16.0,0.5,0.1,0.6,-19.3,-11.5,-3.6,-11.5,2.0,16.3,16.0,0.5,0.1,0.6,-0.6,-0.6,-0.6,-0.6,1.0,0.0,4.0,1.0,0.2,0.9,-5.6,-5.6,-5.6,-5.6,1.0,0.0,4.0,1.0,0.2,0.9,3.32,3.32,3.32,3.32,1.0,0.0,4.0,1.0,0.2,0.9,30.8,30.8,30.8,30.8,1.0,0.0,4.0,1.0,0.2,0.9,-236.3,-220.5,-204.6,-220.5,2.0,32.8,16.0,0.5,0.1,0.6,-60.4,-35.9,-11.4,-35.9,2.0,50.8,16.0,0.5,0.1,0.6,-157.5,-152.1,-146.7,-152.1,2.0,11.2,16.0,0.5,0.1,0.6,-44.1,-26.2,-8.3,-26.2,2.0,37.1,16.0,0.5,0.1,0.6,-30.8,-30.8,-30.8,-30.8,1.0,0.0,4.0,1.0,0.2,0.9,0.0,0.0,0.0,0.0,1.0,0.0,4.0,1.0,0.2,0.9,591.5,678.0,764.0,678.0,2.0,179.0,16.0,0.5,0.1,0.6,590.0,680.0,765.0,680.0,2.0,180.0,16.0,0.5,0.1,0.6
1974,2,201.0,7.0,,,,,,,,,,,,,,,,,,,,,,,,,,,,,,,,,,,,,,,,13.9,13.9,13.9,13.9,2.0,0.0,24.0,1.0,0.3,0.9,-13.69,-13.69,-13.69,-13.69,2.0,0.0,24.0,1.0,0.3,0.9,-2.41,-2.41,-2.41,-2.41,2.0,0.0,24.0,1.0,0.3,0.9,1008.1,1008.1,1008.1,1008.1,2.0,0.0,24.0,1.0,0.3,0.9,,,,,,,,,,,,,,,,,,,,,,,,,,,,,,,,,,,,,,,,,,,,,,,,,,,,,,,,,,,,,,,,,,,,,,,,,,,,,,,,,,,,,,,,,,,,,,,,,,,,,,,,,,,,,,,,,,,,,,,,,,,,,,,,,,,,,,,,,,,,,,,,,,,,,,
1974,2,201.0,8.0,,,,,,,,,,,,,,,,,,,,,,,,,,,,,,,,,,,,,,,,12.9,12.9,12.9,12.9,1.0,0.0,20.0,1.0,0.5,0.5,-12.7,-12.7,-12.7,-12.7,1.0,0.0,20.0,1.0,0.5,0.5,-2.24,-2.24,-2.24,-2.24,1.0,0.0,20.0,1.0,0.5,0.5,1013.2,1013.2,1013.2,1013.2,1.0,0.0,20.0,1.0,0.5,0.5,2.0,2.0,2.0,2.0,1.0,0.0,20.0,1.0,0.5,0.5,-163.9,-163.9,-163.9,-163.9,1.0,0.0,20.0,1.0,0.5,0.5,-28.9,-28.9,-28.9,-28.9,1.0,0.0,20.0,1.0,0.5,0.5,,,,,,,,,,,,,,,,,,,,,,,,,,,,,,,,,,,,,,,,,-353.2,-353.2,-353.2,-353.2,1.0,0.0,20.0,1.0,0.5,0.5,-62.3,-62.3,-62.3,-62.3,1.0,0.0,20.0,1.0,0.5,0.5,-209.2,-209.2,-209.2,-209.2,1.0,0.0,20.0,1.0,0.5,0.5,-36.9,-36.9,-36.9,-36.9,1.0,0.0,20.0,1.0,0.5,0.5,,,,,,,,,,,,,,,,,,,,,,,,,,,,,,,,,,,,,,,,
1974,2,201.0,12.0,25.0,25.0,25.0,25.0,1.0,0.0,12.0,0.0,0.7,0.5,24.5,24.5,24.5,24.5,1.0,0.0,12.0,0.0,0.7,0.5,15.37,15.37,15.37,15.37,1.0,0.0,12.0,0.0,0.7,0.5,80.4,80.4,80.4,80.4,1.0,0.0,12.0,0.0,0.5,10.8,10.8,10.8,10.8,1.0,0.0,12.0,0.0,0.7,0.5,-10.64,-10.64,-10.64,-10.64,1.0,0.0,12.0,0.0,0.7,0.5,-1.88,-1.88,-1.88,-1.88,1.0,0.0,12.0,0.0,0.7,0.5,1013.8,1013.8,1013.8,1013.8,1.0,0.0,12.0,0.0,0.7,0.5,8.0,8.0,8.0,8.0,1.0,0.0,12.0,0.0,0.7,0.5,-114.9,-114.9,-114.9,-114.9,1.0,0.0,12.0,0.0,0.7,0.5,-20.3,-20.3,-20.3,-20.3,1.0,0.0,12.0,0.0,0.7,0.5,0.5,0.5,0.5,0.5,1.0,0.0,12.0,0.0,0.7,0.5,5.4,5.4,5.4,5.4,1.0,0.0,12.0,0.0,0.7,0.5,4.39,4.39,4.39,4.39,1.0,0.0,12.0,0.0,0.7,0.5,47.4,47.4,47.4,47.4,1.0,0.0,12.0,0.0,0.7,0.5,-260.6,-260.6,-260.6,-260.6,1.0,0.0,12.0,0.0,0.7,0.5,-45.9,-45.9,-45.9,-45.9,1.0,0.0,12.0,0.0,0.7,0.5,-163.5,-163.5,-163.5,-163.5,1.0,0.0,12.0,0.0,0.7,0.5,-28.8,-28.8,-28.8,-28.8,1.0,0.0,12.0,0.0,0.7,0.5,-46.7,-46.7,-46.7,-46.7,1.0,0.0,12.0,0.0,0.7,0.5,-8.2,-8.2,-8.2,-8.2,1.0,0.0,12.0,0.0,0.7,0.5,1259.5,1259.5,1259.5,1259.5,1.0,0.0,12.0,0.0,0.7,0.5,1260.0,1260.0,1260.0,1260.0,1.0,0.0,12.0,0.0,0.7,0.5
1974,2,201.0,15.0,24.4,24.4,24.95,24.67,3.0,0.46,10.0,0.7,0.7,0.3,24.4,24.4,24.4,24.4,1.0,0.0,28.0,1.0,0.5,0.1,15.5,15.5,15.5,15.5,1.0,0.0,28.0,1.0,0.5,0.1,81.3,81.3,81.3,81.3,1.0,0.0,28.0,1.0,0.1,3.26,3.6,8.86,6.0,3.0,4.6,10.0,0.7,0.7,0.3,-8.37,-3.55,-3.21,-5.74,3.0,4.23,10.0,0.7,0.7,0.3,-0.6,-0.54,2.47,0.9,3.0,2.57,10.0,0.7,0.7,0.3,1010.48,1011.5,1013.0,1011.73,3.0,1.86,10.0,0.7,0.7,0.3,1.3,2.0,2.7,2.0,3.0,1.0,10.0,0.7,0.7,0.3,-86.0,-12.8,-10.5,-47.4,3.0,62.9,10.0,0.7,0.7,0.3,-2.1,-1.7,29.3,13.3,3.0,26.3,10.0,0.7,0.7,0.3,0.8,0.8,0.8,0.8,1.0,0.0,28.0,1.0,0.5,0.1,9.0,9.0,9.0,9.0,1.0,0.0,28.0,1.0,0.5,0.1,4.54,4.54,4.54,4.54,1.0,0.0,28.0,1.0,0.5,0.1,51.4,51.4,51.4,51.4,1.0,0.0,28.0,1.0,0.5,0.1,-259.1,-259.1,-259.1,-259.1,1.0,0.0,28.0,1.0,0.5,0.1,94.3,94.3,94.3,94.3,1.0,0.0,28.0,1.0,0.5,0.1,-164.6,-164.6,-164.6,-164.6,1.0,0.0,28.0,1.0,0.5,0.1,59.9,59.9,59.9,59.9,1.0,0.0,28.0,1.0,0.5,0.1,-48.3,-48.3,-48.3,-48.3,1.0,0.0,28.0,1.0,0.5,0.1,17.6,17.6,17.6,17.6,1.0,0.0,28.0,1.0,0.5,0.1,35.0,46.5,999.5,506.5,3.0,811.0,10.0,0.7,0.7,0.3,35.0,45.0,1000.0,505.0,3.0,810.0,10.0,0.7,0.7,0.3
1974,2,201.0,16.0,25.08,25.25,25.42,25.25,2.0,0.35,10.0,0.5,0.4,0.6,24.48,25.5,26.52,25.5,2.0,2.12,10.0,0.5,0.4,0.6,14.31,14.64,14.97,14.64,2.0,0.68,10.0,0.5,0.4,0.6,69.7,72.4,75.1,72.4,2.0,5.6,10.0,0.5,0.6,6.84,9.3,11.76,9.3,2.0,5.09,10.0,0.5,0.4,0.6,-11.59,-9.2,-6.81,-9.2,2.0,4.95,10.0,0.5,0.4,0.6,-1.88,-1.12,-0.36,-1.12,2.0,1.58,10.0,0.5,0.4,0.6,1015.06,1016.25,1017.44,1016.25,2.0,2.47,10.0,0.5,0.4,0.6,2.2,2.5,2.8,2.5,2.0,0.7,10.0,0.5,0.4,0.6,-143.0,-98.2,-53.3,-98.2,2.0,92.9,10.0,0.5,0.4,0.6,-24.3,-14.4,-4.6,-14.4,2.0,20.4,10.0,0.5,0.4,0.6,-1.44,-0.25,0.94,-0.25,2.0,2.47,10.0,0.5,0.4,0.6,-20.3,-8.6,3.1,-8.6,2.0,24.3,10.0,0.5,0.4,0.6,4.82,5.37,5.93,5.37,2.0,1.15,10.0,0.5,0.4,0.6,39.0,47.1,55.1,47.1,2.0,16.7,10.0,0.5,0.4,0.6,-310.3,-239.9,-169.5,-239.9,2.0,145.8,10.0,0.5,0.4,0.6,-50.9,-30.2,-9.6,-30.2,2.0,42.8,10.0,0.5,0.4,0.6,-174.4,-136.4,-98.4,-136.4,2.0,78.7,10.0,0.5,0.4,0.6,-28.5,-16.9,-5.4,-16.9,2.0,23.9,10.0,0.5,0.4,0.6,-54.3,-46.6,-38.9,-46.6,2.0,16.0,10.0,0.5,0.4,0.6,-8.6,-5.1,-1.6,-5.1,2.0,7.2,10.0,0.5,0.4,0.6,496.5,1166.0,1835.5,1166.0,2.0,1387.0,10.0,0.5,0.4,0.6,495.0,1165.0,1835.0,1165.0,2.0,1385.0,10.0,0.5,0.4,0.6
1974,2,201.0,17.0,23.38,24.4,25.0,24.2,4.0,0.98,18.0,0.8,0.7,0.6,23.9,24.1,25.06,24.47,3.0,0.91,16.0,0.7,0.6,0.6,12.37,12.43,15.13,13.72,3.0,2.31,16.0,0.7,0.6,0.6,63.5,67.4,81.5,72.4,3.0,13.9,16.0,0.7,0.6,8.7,11.85,13.9,11.33,4.0,3.09,18.0,0.8,0.7,0.6,-13.8,-11.74,-8.7,-11.27,4.0,3.04,18.0,0.8,0.7,0.6,-1.26,0.0,0.0,-0.6,4.0,1.21,18.0,0.8,0.7,0.6,1013.45,1015.75,1018.31,1015.88,4.0,2.81,18.0,0.8,0.7,0.6,1.5,3.0,5.6,3.5,4.0,2.6,18.0,0.8,0.7,0.6,-191.8,-143.2,-76.8,-134.7,4.0,67.6,18.0,0.8,0.7,0.6,-17.6,0.0,0.0,-8.4,4.0,16.8,18.0,0.8,0.7,0.6,-0.34,0.0,0.61,0.13,3.0,0.71,16.0,0.7,0.6,0.6,-4.7,0.0,4.7,0.0,3.0,6.9,16.0,0.7,0.6,0.6,4.17,6.04,6.86,5.52,3.0,2.02,16.0,0.7,0.6,0.6,44.0,84.0,95.3,70.0,3.0,39.5,16.0,0.7,0.6,0.6,-345.4,-325.8,-230.1,-288.6,3.0,90.4,16.0,0.7,0.6,0.6,-39.2,0.0,0.0,-19.1,3.0,33.2,16.0,0.7,0.6,0.6,-171.6,-168.9,-139.7,-155.9,3.0,25.9,16.0,0.7,0.6,0.6,-20.3,0.0,0.0,-9.9,3.0,17.2,16.0,0.7,0.6,0.6,-94.9,-82.7,-43.6,-69.5,3.0,39.3,16.0,0.7,0.6,0.6,-10.0,0.0,0.0,-4.9,3.0,8.4,16.0,0.7,0.6,0.6,687.5,1813.5,2685.5,1692.0,4.0,1164.0,18.0,0.8,0.7,0.6,685.0,1815.0,2685.0,1690.0,4.0,1165.0,18.0,0.8,0.7,0.6
1974,2,201.0,18.0,24.44,24.8,25.52,24.98,4.0,0.74,22.0,0.5,0.6,0.5,23.7,23.9,24.26,23.98,4.0,0.39,22.0,0.5,0.6,0.5,13.37,14.04,14.89,14.13,4.0,0.94,22.0,0.5,0.6,0.5,73.1,76.4,79.9,76.5,4.0,3.9,22.0,0.5,0.5,7.94,9.8,11.66,9.8,4.0,2.56,22.0,0.5,0.6,0.5,-11.26,-9.21,-7.46,-9.35,4.0,2.65,22.0,0.5,0.6,0.5,-2.76,-2.27,0.78,-1.05,4.0,3.08,22.0,0.5,0.6,0.5,1014.49,1017.05,1019.56,1017.03,4.0,2.93,22.0,0.5,0.6,0.5,1.0,1.5,2.0,1.5,4.0,0.6,22.0,0.5,0.6,0.5,-133.3,-90.5,-60.8,-96.8,4.0,50.8,22.0,0.5,0.6,0.5,-29.3,-22.1,11.7,-9.4,4.0,31.1,22.0,0.5,0.6,0.5,0.65,0.95,1.36,1.0,4.0,0.42,22.0,0.5,0.6,0.5,5.2,11.0,15.5,10.4,4.0,6.0,22.0,0.5,0.6,0.5,5.38,5.61,5.72,5.55,4.0,0.25,22.0,0.5,0.6,0.5,45.4,55.7,62.5,54.1,4.0,12.2,22.0,0.5,0.6,0.5,-271.3,-221.7,-177.4,-224.2,4.0,63.1,22.0,0.5,0.6,0.5,-65.5,-54.2,19.8,-24.3,4.0,74.4,22.0,0.5,0.6,0.5,-166.6,-131.3,-99.6,-133.0,4.0,42.2,22.0,0.5,0.6,0.5,-37.3,-31.8,13.3,-12.9,4.0,44.7,22.0,0.5,0.6,0.5,-60.3,-52.3,-42.7,-51.6,4.0,12.6,22.0,0.5,0.6,0.5,-15.8,-12.3,4.8,-5.8,4.0,17.3,22.0,0.5,0.6,0.5,540.5,948.5,1645.0,1086.0,4.0,779.0,22.0,0.5,0.6,0.5,540.0,950.0,1645.0,1085.0,4.0,780.0,22.0,0.5,0.6,0.5
1974,2,201.0,19.0,25.0,25.6,26.1,25.68,15.0,0.94,12.0,0.5,0.3,0.5,23.0,25.0,26.03,24.68,18.0,1.6,12.0,0.6,0.4,0.5,13.28,15.44,16.44,15.42,14.0,2.41,10.0,0.6,0.4,0.5,71.8,80.0,83.2,79.6,14.0,9.1,10.0,0.6,0.5,2.95,4.1,7.99,5.18,18.0,3.02,12.0,0.7,0.3,0.5,-6.19,-3.01,-0.9,-3.75,18.0,3.48,12.0,0.7,0.3,0.5,-3.14,-1.43,2.5,-0.96,18.0,3.1,12.0,0.7,0.3,0.5,1014.2,1015.1,1016.36,1015.24,18.0,1.38,12.0,0.6,0.4,0.5,2.0,4.0,7.0,4.1,19.0,2.3,12.0,0.6,0.4,0.5,-48.9,-11.5,-2.0,-28.2,18.0,41.6,12.0,0.7,0.3,0.5,-12.9,-4.1,20.2,-3.0,18.0,24.8,12.0,0.7,0.3,0.5,0.0,0.95,2.94,1.11,14.0,1.99,12.0,0.6,0.3,0.5,0.0,4.0,12.8,4.8,13.0,9.3,12.0,0.6,0.3,0.5,2.44,5.38,7.7,5.32,12.0,2.5,10.0,0.6,0.3,0.5,9.5,15.6,36.0,23.3,11.0,22.8,10.0,0.6,0.3,0.5,-134.0,-68.5,-20.9,-79.5,17.0,66.9,12.0,0.6,0.3,0.5,-81.7,-42.0,52.4,-28.0,17.0,74.1,12.0,0.6,0.3,0.5,-75.6,-34.8,-10.2,-38.3,13.0,38.4,10.0,0.7,0.3,0.5,-58.5,-26.4,13.7,-27.5,13.0,39.1,10.0,0.7,0.3,0.5,-29.3,-10.2,-0.3,-13.2,11.0,15.3,10.0,0.6,0.3,0.5,-21.5,-7.8,-0.9,-14.1,11.0,21.7,10.0,0.6,0.3,0.5,26.0,69.0,545.0,304.5,18.0,544.0,12.0,0.7,0.3,0.5,25.0,70.0,545.0,305.0,18.0,545.0,12.0,0.7,0.3,0.5
1974,2,201.0,20.0,24.4,25.0,25.6,25.01,30.0,0.59,10.0,0.4,0.9,0.5,23.39,24.7,25.6,24.56,29.0,1.14,10.0,0.4,0.9,0.5,12.85,13.67,15.4,13.95,29.0,1.19,10.0,0.4,0.9,0.5,65.8,73.8,79.3,72.9,29.0,6.6,10.0,0.4,0.5,0.94,4.1,9.3,4.7,29.0,3.74,10.0,0.4,0.9,0.5,-7.09,-1.34,1.36,-2.13,29.0,4.04,10.0,0.4,0.9,0.5,-3.55,0.0,3.17,-0.15,29.0,3.98,10.0,0.4,0.9,0.5,1013.03,1014.9,1017.82,1015.49,29.0,2.76,10.0,0.4,0.9,0.5,2.0,3.0,6.0,3.4,27.0,2.2,10.0,0.4,0.9,0.5,-53.6,-2.1,5.4,-20.1,29.0,41.2,10.0,0.4,0.9,0.5,-15.2,0.0,19.2,-2.5,29.0,35.6,10.0,0.4,0.9,0.5,-0.82,0.0,1.76,0.44,29.0,1.31,10.0,0.4,0.9,0.5,-4.1,0.0,6.2,1.1,29.0,6.4,10.0,0.4,0.9,0.5,4.33,5.9,6.91,5.79,29.0,1.46,10.0,0.4,0.9,0.5,5.1,18.9,44.8,25.3,29.0,20.8,10.0,0.4,0.9,0.5,-168.1,-32.9,35.2,-51.0,29.0,98.1,10.0,0.4,0.9,0.5,-89.4,0.0,82.7,-2.6,29.0,99.2,10.0,0.4,0.9,0.5,-88.2,-18.0,18.7,-29.9,29.0,58.8,10.0,0.4,0.9,0.5,-50.2,0.0,44.5,-0.3,29.0,56.2,10.0,0.4,0.9,0.5,-37.8,-6.0,8.3,-11.3,29.0,21.3,10.0,0.4,0.9,0.5,-17.8,0.0,13.9,-1.7,29.0,22.5,10.0,0.4,0.9,0.5,1.5,69.0,804.5,324.0,29.0,552.5,10.0,0.4,0.9,0.5,0.0,70.0,805.0,325.0,29.0,550.0,10.0,0.4,0.9,0.5
1974,2,201.0,21.0,24.5,25.0,26.1,24.98,18.0,1.25,12.0,0.4,0.6,0.4,22.14,22.9,24.65,23.32,18.0,1.7,12.0,0.4,0.6,0.4,12.37,14.46,15.4,14.07,17.0,1.67,12.0,0.4,0.6,0.5,66.7,78.5,89.6,79.2,17.0,9.8,12.0,0.4,0.5,3.95,6.7,9.45,6.6,18.0,3.06,12.0,0.4,0.6,0.4,-7.62,-5.42,0.0,-4.39,18.0,3.87,12.0,0.4,0.6,0.4,-4.28,0.0,2.87,-0.01,18.0,4.48,12.0,0.4,0.6,0.4,1014.27,1016.95,1019.3,1017.07,18.0,2.53,12.0,0.4,0.6,0.4,1.0,2.0,4.4,2.9,17.0,2.1,12.0,0.4,0.6,0.5,-63.1,-32.9,0.0,-35.4,18.0,35.8,12.0,0.4,0.6,0.4,-24.4,0.0,15.6,-0.1,18.0,43.3,12.0,0.4,0.6,0.4,-0.6,2.2,3.44,1.49,17.0,1.91,12.0,0.4,0.6,0.4,-3.3,8.5,26.0,10.1,17.0,15.5,12.0,0.4,0.6,0.4,4.27,5.32,7.09,5.38,16.0,1.92,12.0,0.4,0.6,0.4,11.4,38.6,43.5,31.9,16.0,19.4,12.0,0.4,0.6,0.4,-179.7,-127.2,0.0,-102.7,18.0,89.6,12.0,0.4,0.6,0.4,-97.6,0.0,68.4,-0.8,18.0,103.7,12.0,0.4,0.6,0.4,-109.6,-77.3,0.0,-63.3,17.0,54.6,12.0,0.4,0.6,0.5,-70.1,0.0,23.2,-11.2,17.0,53.5,12.0,0.4,0.6,0.5,-40.3,-21.6,0.0,-22.1,16.0,24.3,12.0,0.4,0.6,0.4,-18.7,0.0,12.9,-1.5,16.0,18.8,12.0,0.4,0.6,0.4,62.0,306.0,845.5,455.5,18.0,476.5,12.0,0.4,0.6,0.4,60.0,305.0,845.0,455.0,18.0,475.0,12.0,0.4,0.6,0.4
1974,2,201.0,22.0,23.56,24.4,24.61,24.1,5.0,0.78,16.0,0.4,0.8,0.3,23.07,23.4,26.09,24.22,6.0,1.88,18.0,0.3,0.8,0.4,13.5,15.26,16.75,15.33,6.0,1.98,18.0,0.3,0.8,0.4,73.6,82.1,90.7,81.8,6.0,8.3,18.0,0.3,0.4,5.0,8.2,9.92,7.95,6.0,2.85,18.0,0.3,0.8,0.4,-8.89,-4.66,-1.34,-4.59,6.0,5.7,18.0,0.3,0.8,0.4,-2.32,1.94,4.91,0.91,6.0,5.03,18.0,0.3,0.8,0.4,1017.17,1018.55,1020.06,1018.42,6.0,1.75,18.0,0.3,0.8,0.4,1.0,5.0,6.0,4.0,6.0,2.4,18.0,0.3,0.8,0.4,-90.2,-25.2,-8.7,-42.8,6.0,63.2,18.0,0.3,0.8,0.4,-17.6,17.6,43.7,8.2,6.0,43.3,18.0,0.3,0.8,0.4,-2.02,-0.5,1.04,-0.52,5.0,1.59,16.0,0.4,0.8,0.3,-16.0,-4.6,6.4,-5.8,5.0,14.9,16.0,0.4,0.8,0.3,1.09,2.81,4.68,2.96,5.0,2.02,16.0,0.4,0.8,0.3,11.9,18.6,24.5,18.6,5.0,7.6,16.0,0.4,0.8,0.3,-216.9,-114.3,-28.4,-115.9,6.0,146.4,18.0,0.3,0.8,0.4,-53.8,49.4,114.6,23.9,6.0,114.8,18.0,0.3,0.8,0.4,-148.6,-64.2,-15.4,-73.4,6.0,100.5,18.0,0.3,0.8,0.4,-32.1,31.1,79.1,18.4,6.0,74.0,18.0,0.3,0.8,0.4,-21.8,-12.5,-0.7,-10.7,5.0,15.5,16.0,0.4,0.8,0.3,0.2,5.2,12.5,6.2,5.0,7.6,16.0,0.4,0.8,0.3,125.5,557.5,1022.5,668.5,6.0,648.0,18.0,0.3,0.8,0.4,125.0,560.0,1025.0,670.0,6.0,650.0,18.0,0.3,0.8,0.4
1974,2,201.0,23.0,22.79,23.2,23.65,23.28,6.0,0.97,8.0,0.5,0.7,0.5,21.2,22.2,23.01,22.11,9.0,0.88,8.0,0.6,0.7,0.5,12.77,13.65,14.72,13.67,9.0,1.28,8.0,0.6,0.7,0.5,78.0,83.1,87.3,82.7,9.0,5.0,8.0,0.6,0.5,6.0,7.7,11.49,7.82,9.0,3.22,8.0,0.6,0.7,0.5,-8.01,-6.0,-0.25,-5.31,9.0,4.59,8.0,0.6,0.7,0.5,-6.32,0.0,3.98,-0.95,9.0,5.04,8.0,0.6,0.7,0.5,1014.05,1017.3,1019.06,1016.86,9.0,2.69,8.0,0.6,0.7,0.5,0.8,6.0,6.7,4.6,9.0,2.8,8.0,0.6,0.7,0.5,-91.2,-38.9,-5.4,-50.7,9.0,50.1,8.0,0.6,0.7,0.5,-46.9,0.0,37.6,-7.7,9.0,52.1,8.0,0.6,0.7,0.5,0.0,0.5,1.31,0.75,6.0,0.99,8.0,0.5,0.7,0.5,0.0,1.1,12.5,6.8,6.0,12.1,8.0,0.5,0.7,0.5,2.69,3.04,3.82,3.41,6.0,1.36,8.0,0.5,0.7,0.5,13.3,25.9,42.8,30.5,6.0,23.8,8.0,0.5,0.7,0.5,-184.0,-134.6,-5.8,-117.6,9.0,102.3,8.0,0.6,0.7,0.5,-140.4,0.0,90.1,-19.9,9.0,112.6,8.0,0.6,0.7,0.5,-114.5,-89.5,-1.8,-71.1,9.0,63.7,8.0,0.6,0.7,0.5,-91.5,0.0,55.6,-12.7,9.0,71.0,8.0,0.6,0.7,0.5,-34.8,-17.6,5.0,-19.8,6.0,28.2,8.0,0.5,0.7,0.5,-22.1,1.1,17.0,-0.8,6.0,20.4,8.0,0.5,0.7,0.5,216.0,456.5,1576.0,693.0,9.0,698.5,8.0,0.6,0.7,0.5,215.0,455.0,1575.0,695.0,9.0,700.0,8.0,0.6,0.7,0.5
1974,2,201.0,24.0,21.3,22.25,22.99,22.24,8.0,0.73,8.0,0.3,0.6,0.5,21.51,22.0,22.15,22.07,9.0,0.96,6.0,0.3,0.6,0.5,11.57,14.06,14.66,13.4,9.0,1.81,6.0,0.3,0.6,0.5,69.1,86.2,87.5,81.3,9.0,9.7,6.0,0.3,0.5,2.1,4.1,8.07,4.91,9.0,3.11,6.0,0.3,0.6,0.5,-6.23,-1.05,1.12,-2.05,9.0,4.08,6.0,0.3,0.6,0.5,-4.31,-1.82,0.64,-2.01,9.0,3.31,6.0,0.3,0.6,0.5,1014.13,1015.2,1019.94,1016.59,9.0,3.64,6.0,0.3,0.6,0.5,1.3,3.0,6.0,3.6,9.0,2.3,6.0,0.3,0.6,0.5,-46.8,-2.2,2.3,-17.4,9.0,37.6,6.0,0.3,0.6,0.5,-32.2,-3.8,3.6,-10.6,9.0,25.5,6.0,0.3,0.6,0.5,-0.71,0.6,1.0,0.03,8.0,1.45,8.0,0.3,0.6,0.5,-1.5,1.2,4.5,-1.2,8.0,10.5,8.0,0.3,0.6,0.5,1.54,2.79,3.32,2.83,8.0,1.52,8.0,0.3,0.6,0.5,4.2,7.8,24.3,15.9,8.0,19.0,8.0,0.3,0.6,0.5,-148.3,-22.5,24.7,-46.6,9.0,92.7,6.0,0.3,0.6,0.5,-95.0,-38.9,13.1,-43.1,9.0,74.9,6.0,0.3,0.6,0.5,-86.2,-14.6,16.0,-24.2,9.0,50.8,6.0,0.3,0.6,0.5,-61.0,-25.3,4.9,-27.5,9.0,46.4,6.0,0.3,0.6,0.5,-4.0,-1.5,1.8,-6.8,8.0,20.2,8.0,0.3,0.6,0.5,-19.7,-7.1,-2.4,-9.7,8.0,9.3,8.0,0.3,0.6,0.5,9.5,69.0,526.0,259.5,9.0,373.5,6.0,0.3,0.6,0.5,10.0,70.0,525.0,260.0,9.0,375.0,6.0,0.3,0.6,0.5
1974,2,201.0,25.0,21.26,22.0,23.45,22.37,9.0,1.29,10.0,0.6,0.5,0.3,21.2,21.7,21.95,21.62,9.0,0.68,10.0,0.6,0.5,0.3,13.76,14.3,14.57,13.73,8.0,1.86,10.0,0.5,0.6,0.4,85.8,90.0,92.7,86.6,8.0,10.1,10.0,0.5,0.4,3.37,5.7,8.2,6.33,9.0,3.43,10.0,0.6,0.5,0.3,-7.81,-3.28,-1.86,-5.2,9.0,3.82,10.0,0.6,0.5,0.3,-2.53,-1.06,4.05,0.21,9.0,3.45,10.0,0.6,0.5,0.3,1013.27,1021.3,1023.37,1018.63,9.0,4.86,10.0,0.6,0.5,0.3,1.3,3.0,5.7,3.3,9.0,2.0,10.0,0.6,0.5,0.3,-64.1,-16.7,-6.6,-43.7,9.0,51.7,10.0,0.6,0.5,0.3,-24.3,-3.3,28.7,-0.3,9.0,24.4,10.0,0.6,0.5,0.3,-0.15,0.5,1.68,0.74,9.0,1.21,10.0,0.6,0.5,0.3,-0.7,1.6,8.9,6.1,9.0,14.3,10.0,0.6,0.5,0.3,1.39,1.93,2.75,2.71,8.0,2.6,10.0,0.5,0.6,0.4,4.1,11.3,14.1,22.4,8.0,37.8,10.0,0.5,0.6,0.4,-169.7,-69.5,-39.8,-111.1,9.0,79.2,10.0,0.6,0.5,0.3,-54.7,-22.8,87.3,5.4,9.0,76.0,10.0,0.6,0.5,0.3,-110.4,-75.1,-42.6,-74.2,8.0,38.8,10.0,0.5,0.6,0.4,-35.5,-17.5,50.2,-5.3,8.0,42.8,10.0,0.5,0.6,0.4,-13.7,-9.3,-3.8,-21.2,8.0,37.6,10.0,0.5,0.6,0.4,-7.2,-2.4,2.5,-3.6,8.0,8.0,10.0,0.5,0.6,0.4,40.5,185.0,551.5,469.0,9.0,670.5,10.0,0.6,0.5,0.3,40.0,185.0,550.0,470.0,9.0,670.0,10.0,0.6,0.5,0.3
1974,2,201.0,26.0,21.44,22.0,23.51,22.42,5.0,1.32,20.0,0.6,0.7,0.7,20.11,21.0,22.16,21.16,5.0,1.83,20.0,0.6,0.7,0.7,12.13,13.05,14.03,13.15,5.0,1.57,20.0,0.6,0.7,0.7,78.1,84.3,90.5,84.4,5.0,10.8,20.0,0.6,0.7,1.83,4.6,9.28,5.34,5.0,4.1,20.0,0.6,0.7,0.7,-6.43,0.0,0.82,-2.31,5.0,4.17,20.0,0.6,0.7,0.7,-5.16,0.32,4.08,-0.27,5.0,5.33,20.0,0.6,0.7,0.7,1001.9,1019.2,1021.69,1013.42,5.0,10.62,20.0,0.6,0.7,0.7,2.5,4.0,7.4,4.6,5.0,3.1,20.0,0.6,0.7,0.7,-60.6,0.0,2.8,-24.5,5.0,38.8,20.0,0.6,0.7,0.7,-37.5,0.2,25.5,-4.6,5.0,45.7,20.0,0.6,0.7,0.7,-0.73,0.6,3.41,1.26,5.0,2.81,20.0,0.6,0.7,0.7,-0.4,5.2,27.1,14.2,5.0,24.1,20.0,0.6,0.7,0.7,1.84,3.6,5.83,3.78,5.0,2.77,20.0,0.6,0.7,0.7,1.1,22.2,44.5,25.5,5.0,31.6,20.0,0.6,0.7,0.7,-129.4,0.0,17.8,-45.0,5.0,82.4,20.0,0.6,0.7,0.7,-102.8,7.7,86.0,-2.4,5.0,107.9,20.0,0.6,0.7,0.7,-79.2,0.0,10.4,-27.6,5.0,50.0,20.0,0.6,0.7,0.7,-62.0,4.2,57.7,0.5,5.0,66.9,20.0,0.6,0.7,0.7,-32.1,0.0,3.6,-13.4,5.0,27.4,20.0,0.6,0.7,0.7,-31.6,0.0,7.8,-10.1,5.0,26.5,20.0,0.6,0.7,0.7,11.0,97.5,817.0,373.5,5.0,485.0,20.0,0.6,0.7,0.7,10.0,95.0,815.0,375.0,5.0,485.0,20.0,0.6,0.7,0.7
1974,2,201.0,27.0,21.11,21.5,22.17,21.53,6.0,0.92,16.0,0.7,0.5,0.3,20.79,21.3,22.18,21.65,6.0,1.63,16.0,0.7,0.5,0.3,11.44,12.94,13.57,12.56,6.0,1.24,16.0,0.7,0.5,0.3,68.5,78.0,87.6,79.0,6.0,10.4,16.0,0.7,0.3,6.37,7.95,9.9,7.97,6.0,1.99,16.0,0.7,0.5,0.3,-9.87,-5.35,-2.43,-5.9,6.0,3.43,16.0,0.7,0.5,0.3,0.0,4.04,6.69,3.59,6.0,3.34,16.0,0.7,0.5,0.3,1019.0,1020.9,1022.57,1020.9,6.0,1.72,16.0,0.7,0.5,0.3,0.8,1.5,6.2,2.8,6.0,2.9,16.0,0.7,0.5,0.3,-97.8,-37.3,-17.2,-51.4,6.0,39.7,16.0,0.7,0.5,0.3,0.0,30.3,50.6,27.9,6.0,25.3,16.0,0.7,0.5,0.3,-1.37,0.0,0.82,-0.12,6.0,1.83,16.0,0.7,0.5,0.3,-11.1,0.0,6.7,0.3,6.0,13.5,16.0,0.7,0.5,0.3,2.94,3.28,3.98,3.34,6.0,0.66,16.0,0.7,0.5,0.3,19.8,26.0,32.1,26.6,6.0,8.7,16.0,0.7,0.5,0.3,-211.2,-119.2,-51.6,-127.2,6.0,72.5,16.0,0.7,0.5,0.3,0.0,85.4,136.5,74.8,6.0,69.7,16.0,0.7,0.5,0.3,-112.0,-72.1,-29.0,-73.5,6.0,41.5,16.0,0.7,0.5,0.3,0.0,48.9,82.2,44.8,6.0,43.0,16.0,0.7,0.5,0.3,-26.0,-17.6,-9.5,-19.1,6.0,11.7,16.0,0.7,0.5,0.3,0.0,13.3,23.9,12.9,6.0,12.1,16.0,0.7,0.5,0.3,266.0,516.0,972.5,583.0,6.0,379.5,16.0,0.7,0.5,0.3,265.0,515.0,970.0,585.0,6.0,380.0,16.0,0.7,0.5,0.3
1974,2,201.0,28.0,20.0,20.5,20.97,20.39,9.0,1.23,12.0,0.3,0.5,0.4,20.0,20.8,21.76,21.04,9.0,1.71,12.0,0.3,0.5,0.4,10.93,13.03,14.59,13.01,9.0,1.99,12.0,0.3,0.5,0.4,75.7,85.0,90.9,84.0,9.0,7.2,12.0,0.3,0.4,5.26,7.7,9.14,7.26,9.0,1.91,12.0,0.3,0.5,0.4,-7.0,-3.98,2.85,-2.69,9.0,4.8,12.0,0.3,0.5,0.4,-6.04,0.0,5.19,-0.66,9.0,5.58,12.0,0.3,0.5,0.4,1017.95,1020.7,1023.43,1020.72,9.0,2.76,12.0,0.3,0.5,0.4,1.5,7.0,7.0,5.1,9.0,2.9,12.0,0.3,0.5,0.4,-64.0,-18.3,14.6,-22.1,9.0,37.5,12.0,0.3,0.5,0.4,-45.9,0.0,37.7,-7.2,9.0,47.4,12.0,0.3,0.5,0.4,-1.98,-0.2,0.8,-0.66,9.0,1.71,12.0,0.3,0.5,0.4,-19.2,-0.9,6.2,-6.2,9.0,14.5,12.0,0.3,0.5,0.4,0.64,1.7,3.79,1.81,9.0,2.13,12.0,0.3,0.5,0.4,5.0,9.7,29.7,12.1,9.0,16.0,12.0,0.3,0.5,0.4,-149.3,-82.9,58.5,-57.7,9.0,99.1,12.0,0.3,0.5,0.4,-121.6,0.0,104.3,-18.2,9.0,123.8,12.0,0.3,0.5,0.4,-95.3,-55.4,37.2,-35.8,9.0,61.3,12.0,0.3,0.5,0.4,-77.1,0.0,64.5,-10.5,9.0,78.7,12.0,0.3,0.5,0.4,-7.8,-1.6,12.5,-1.5,9.0,14.5,12.0,0.3,0.5,0.4,-7.4,2.5,10.5,-0.1,9.0,14.3,12.0,0.3,0.5,0.4,147.0,456.5,765.0,451.5,9.0,308.5,12.0,0.3,0.5,0.4,145.0,455.0,765.0,450.0,9.0,310.0,12.0,0.3,0.5,0.4
1974,2,201.0,29.0,18.89,19.5,20.22,19.5,5.0,0.96,16.0,0.6,0.5,0.4,18.14,21.0,22.01,20.16,7.0,1.99,16.0,0.6,0.6,0.4,10.6,11.68,13.27,11.83,5.0,1.57,16.0,0.6,0.5,0.4,69.3,81.6,87.2,79.2,5.0,9.7,16.0,0.6,0.4,5.0,8.7,11.35,8.14,7.0,3.28,16.0,0.6,0.6,0.4,-8.9,-5.02,0.0,-5.28,7.0,4.63,16.0,0.6,0.6,0.4,-2.18,1.06,7.4,2.39,7.0,5.24,16.0,0.6,0.6,0.4,1021.45,1024.0,1027.0,1024.04,7.0,2.59,16.0,0.6,0.6,0.4,3.0,3.0,7.0,4.3,7.0,2.3,16.0,0.6,0.6,0.4,-84.5,-25.6,0.0,-48.0,7.0,55.5,16.0,0.6,0.6,0.4,-25.9,3.3,55.5,22.2,7.0,54.5,16.0,0.6,0.6,0.4,-1.99,-1.7,0.06,-1.12,5.0,1.23,16.0,0.6,0.5,0.4,-20.1,-12.2,1.3,-9.8,5.0,11.5,16.0,0.6,0.5,0.4,0.92,1.43,3.48,2.14,5.0,1.63,16.0,0.6,0.5,0.4,6.6,10.3,31.3,18.0,5.0,16.3,16.0,0.6,0.5,0.4,-181.1,-105.5,0.0,-102.1,7.0,86.4,16.0,0.6,0.6,0.4,-37.7,19.3,164.3,51.4,7.0,111.3,16.0,0.6,0.6,0.4,-86.8,-34.0,0.0,-41.9,5.0,44.1,16.0,0.6,0.5,0.4,-4.2,30.7,116.1,51.1,5.0,71.7,16.0,0.6,0.5,0.4,-29.4,-2.9,0.0,-13.3,5.0,18.2,16.0,0.6,0.5,0.4,-2.3,8.6,12.0,5.3,5.0,9.1,16.0,0.6,0.5,0.4,127.5,658.5,1463.0,757.5,7.0,679.0,16.0,0.6,0.6,0.4,130.0,660.0,1465.0,755.0,7.0,680.0,16.0,0.6,0.6,0.4
1974,2,201.0,30.0,18.13,19.4,20.0,19.13,24.0,1.11,20.0,0.5,0.6,0.5,17.74,19.4,21.06,19.33,27.0,1.74,18.0,0.5,0.7,0.5,10.01,12.57,12.96,11.93,26.0,1.37,18.0,0.5,0.7,0.5,78.2,89.5,95.1,85.8,26.0,10.2,18.0,0.5,0.5,5.1,6.2,10.3,7.58,27.0,4.06,18.0,0.5,0.7,0.5,-9.12,-5.02,0.0,-4.62,27.0,5.08,18.0,0.5,0.7,0.5,-1.41,0.89,5.56,1.13,27.0,5.18,18.0,0.5,0.7,0.5,1019.5,1021.8,1024.17,1021.61,27.0,2.8,18.0,0.5,0.7,0.5,3.0,7.0,8.0,5.8,26.0,2.2,18.0,0.5,0.7,0.5,-85.8,-26.0,0.0,-47.4,27.0,84.8,18.0,0.5,0.7,0.5,-3.0,4.5,43.5,6.9,27.0,55.5,18.0,0.5,0.7,0.5,-1.77,0.0,1.0,-0.39,24.0,1.78,20.0,0.5,0.6,0.5,-11.6,0.0,8.3,-2.8,24.0,16.1,20.0,0.5,0.6,0.5,0.55,1.42,3.11,1.77,24.0,1.35,20.0,0.5,0.6,0.5,3.1,8.5,32.0,16.2,24.0,20.2,20.0,0.5,0.6,0.5,-172.7,-96.9,0.0,-90.4,27.0,102.6,18.0,0.5,0.7,0.5,-25.3,19.2,114.9,25.8,27.0,93.0,18.0,0.5,0.7,0.5,-100.2,-64.1,0.0,-57.3,26.0,53.1,18.0,0.5,0.7,0.5,-0.6,11.7,73.8,19.8,26.0,55.1,18.0,0.5,0.7,0.5,-11.9,-5.5,0.0,-8.3,24.0,19.2,20.0,0.5,0.6,0.5,0.0,0.5,6.5,2.0,24.0,15.3,20.0,0.5,0.6,0.5,132.5,238.5,1092.5,865.5,27.0,1689.5,18.0,0.5,0.7,0.5,135.0,240.0,1095.0,865.0,27.0,1690.0,18.0,0.5,0.7,0.5
1974,2,201.0,31.0,18.24,19.0,19.55,19.02,9.0,1.07,20.0,0.4,0.6,0.4,15.69,18.55,19.29,17.89,10.0,1.77,20.0,0.5,0.6,0.4,7.5,11.23,11.92,10.31,9.0,2.37,20.0,0.4,0.6,0.4,68.5,82.7,88.5,80.3,9.0,10.1,20.0,0.4,0.4,4.1,5.65,7.7,6.16,10.0,2.15,20.0,0.5,0.6,0.4,-5.45,-2.89,3.33,-2.03,10.0,4.95,20.0,0.5,0.6,0.4,-1.63,1.77,5.49,1.77,10.0,3.77,20.0,0.5,0.6,0.4,1018.99,1022.0,1024.79,1020.49,10.0,6.73,20.0,0.5,0.6,0.4,1.0,6.0,7.7,4.8,9.0,3.1,20.0,0.4,0.6,0.4,-37.3,-12.7,18.4,-15.2,10.0,40.9,20.0,0.5,0.6,0.4,-5.7,11.0,42.3,15.2,10.0,25.2,20.0,0.5,0.6,0.4,0.13,0.6,3.07,1.14,9.0,1.95,20.0,0.4,0.6,0.4,0.6,4.6,17.9,7.5,9.0,12.0,20.0,0.4,0.6,0.4,1.67,2.48,5.81,3.3,9.0,2.23,20.0,0.4,0.6,0.4,7.6,18.2,30.8,20.8,9.0,17.6,20.0,0.4,0.6,0.4,-104.0,-51.6,63.3,-33.7,10.0,87.3,20.0,0.5,0.6,0.4,-24.8,31.1,102.0,34.7,10.0,65.3,20.0,0.5,0.6,0.4,-66.2,-48.5,30.3,-23.8,9.0,50.3,20.0,0.4,0.6,0.4,-17.5,16.4,47.1,15.7,9.0,32.4,20.0,0.4,0.6,0.4,-14.3,-7.8,-1.0,-11.8,9.0,19.8,20.0,0.4,0.6,0.4,-14.0,2.8,11.4,-0.3,9.0,15.7,20.0,0.4,0.6,0.4,69.0,185.5,456.5,315.0,10.0,321.5,20.0,0.5,0.6,0.4,70.0,185.0,455.0,315.0,10.0,320.0,20.0,0.5,0.6,0.4
1974,2,201.0,32.0,17.1,17.95,20.02,18.55,6.0,1.98,14.0,0.7,0.6,0.5,16.7,17.6,18.38,17.64,5.0,1.11,12.0,0.6,0.6,0.6,10.11,11.05,11.42,10.73,5.0,1.24,12.0,0.6,0.6,0.6,77.7,89.2,94.5,86.4,5.0,9.5,12.0,0.6,0.6,4.1,5.1,7.46,6.15,6.0,3.11,14.0,0.7,0.6,0.5,-2.33,-1.57,2.5,0.62,6.0,5.72,14.0,0.7,0.6,0.5,-4.86,2.39,4.26,0.76,6.0,4.6,14.0,0.7,0.6,0.5,1016.98,1022.25,1027.29,1021.97,6.0,5.28,14.0,0.7,0.6,0.5,2.9,6.0,6.7,5.0,5.0,2.6,12.0,0.6,0.5,0.5,-12.9,-7.3,30.8,18.1,6.0,64.3,14.0,0.7,0.6,0.5,-24.8,13.3,28.3,6.4,6.0,26.0,14.0,0.7,0.6,0.5,-1.02,0.0,1.53,0.22,5.0,1.79,12.0,0.6,0.6,0.6,-5.0,0.0,7.3,1.0,5.0,9.0,12.0,0.6,0.6,0.6,0.84,1.04,2.9,1.89,5.0,2.01,12.0,0.6,0.6,0.6,3.8,5.3,13.9,9.3,5.0,10.4,12.0,0.6,0.6,0.6,-42.7,-33.8,-15.8,-29.9,5.0,20.1,12.0,0.6,0.6,0.6,-88.0,46.4,79.1,6.8,5.0,89.4,12.0,0.6,0.6,0.6,-27.6,-19.3,-10.6,-18.8,5.0,12.5,12.0,0.6,0.6,0.6,-47.2,29.0,52.8,8.6,5.0,53.7,12.0,0.6,0.6,0.6,-2.5,-1.8,-0.7,-1.6,5.0,1.2,12.0,0.6,0.6,0.6,-13.3,2.7,3.9,-4.3,5.0,13.7,12.0,0.6,0.6,0.6,69.0,132.5,573.5,417.0,6.0,710.0,14.0,0.7,0.6,0.5,70.0,135.0,575.0,415.0,6.0,710.0,14.0,0.7,0.6,0.5
1974,2,201.0,33.0,17.8,17.8,18.95,18.22,9.0,0.89,12.0,0.2,0.6,0.4,13.9,16.0,17.57,15.69,13.0,1.87,14.0,0.4,0.6,0.4,6.55,9.21,12.03,9.19,11.0,2.53,14.0,0.5,0.6,0.4,64.9,82.4,98.2,80.6,11.0,15.9,14.0,0.5,0.4,4.05,7.7,9.8,7.0,13.0,2.72,14.0,0.4,0.6,0.4,-3.58,-1.88,3.16,-0.81,13.0,3.31,14.0,0.4,0.6,0.4,-2.48,3.91,8.75,3.24,13.0,6.12,14.0,0.4,0.6,0.4,1016.54,1021.0,1028.21,1021.98,13.0,5.7,14.0,0.4,0.6,0.4,3.6,7.0,8.0,6.1,11.0,2.2,14.0,0.5,0.6,0.5,-23.5,-16.2,14.8,-7.1,13.0,25.6,14.0,0.4,0.6,0.4,-11.0,19.9,77.1,25.0,13.0,58.0,14.0,0.4,0.6,0.4,0.71,2.0,3.4,2.2,9.0,1.89,12.0,0.2,0.6,0.4,3.5,12.2,15.0,10.8,9.0,8.9,12.0,0.2,0.6,0.4,0.69,3.01,5.19,3.42,8.0,2.73,12.0,0.3,0.6,0.4,5.2,16.2,27.0,17.6,8.0,13.0,12.0,0.3,0.6,0.4,-55.8,-34.1,43.7,-12.9,13.0,49.5,14.0,0.4,0.6,0.4,-37.4,64.5,158.3,59.9,13.0,95.8,14.0,0.4,0.6,0.4,-30.0,-23.4,20.4,-10.3,11.0,27.8,14.0,0.5,0.6,0.4,3.9,40.6,107.2,50.3,11.0,54.3,14.0,0.5,0.6,0.4,-16.5,-4.7,6.9,-6.3,8.0,13.1,12.0,0.3,0.6,0.4,1.2,12.2,24.7,11.5,8.0,12.6,12.0,0.3,0.6,0.4,67.0,456.5,941.0,483.0,13.0,413.0,14.0,0.4,0.6,0.4,65.0,455.0,940.0,485.0,13.0,415.0,14.0,0.4,0.6,0.4
1974,2,201.0,34.0,14.36,16.15,17.91,16.3,10.0,1.88,16.0,0.8,0.5,0.4,12.65,15.5,17.41,15.38,12.0,2.54,14.0,0.8,0.5,0.4,6.71,9.32,11.29,9.04,10.0,2.32,16.0,0.8,0.5,0.4,72.3,83.9,91.1,81.8,10.0,9.7,16.0,0.8,0.4,5.28,8.5,10.93,8.24,12.0,3.49,14.0,0.8,0.5,0.4,-5.0,0.0,6.44,0.21,12.0,6.55,14.0,0.8,0.5,0.4,-6.16,2.89,5.61,0.71,12.0,6.54,14.0,0.8,0.5,0.4,1015.64,1021.0,1027.76,1021.32,12.0,5.65,14.0,0.8,0.5,0.4,5.8,8.0,8.0,7.1,11.0,1.6,14.0,0.8,0.5,0.4,-41.9,0.0,51.3,6.8,12.0,72.4,14.0,0.8,0.5,0.4,-54.1,22.2,50.7,4.1,12.0,67.0,14.0,0.8,0.5,0.4,-0.29,0.95,1.74,0.85,10.0,1.81,16.0,0.8,0.5,0.4,-2.2,6.0,12.9,5.0,10.0,15.0,16.0,0.8,0.5,0.4,1.44,2.18,3.64,2.43,10.0,1.52,16.0,0.8,0.5,0.4,3.4,19.2,31.3,18.4,10.0,13.5,16.0,0.8,0.5,0.4,-85.7,0.0,84.6,-0.8,12.0,102.0,14.0,0.8,0.5,0.4,-71.8,45.1,93.5,21.9,12.0,94.7,14.0,0.8,0.5,0.4,-45.9,0.0,23.0,-3.5,10.0,44.7,16.0,0.8,0.5,0.4,-50.0,20.6,54.7,8.6,10.0,59.0,16.0,0.8,0.5,0.4,-10.1,0.0,16.8,2.4,10.0,15.2,16.0,0.8,0.5,0.4,-22.9,1.8,12.1,-2.6,10.0,17.7,16.0,0.8,0.5,0.4,182.0,630.5,1306.5,820.5,12.0,761.5,14.0,0.8,0.5,0.4,180.0,630.0,1305.0,820.0,12.0,760.0,14.0,0.8,0.5,0.4
1974,2,201.0,35.0,14.51,15.0,16.6,15.21,9.0,1.62,14.0,0.6,0.7,0.3,12.44,15.5,19.46,16.06,9.0,3.4,16.0,0.4,0.7,0.3,6.52,8.22,11.84,9.13,9.0,3.09,16.0,0.4,0.7,0.3,70.2,77.4,96.0,79.2,9.0,14.6,16.0,0.4,0.3,4.81,6.95,8.49,6.51,10.0,1.96,16.0,0.5,0.6,0.4,-3.89,0.0,5.01,0.35,10.0,4.37,16.0,0.5,0.6,0.4,-2.34,3.5,7.63,2.53,10.0,4.96,16.0,0.5,0.6,0.4,1020.27,1023.5,1028.19,1022.87,9.0,6.18,16.0,0.4,0.7,0.3,3.9,7.0,8.0,6.1,10.0,2.5,16.0,0.5,0.6,0.4,-28.8,0.0,28.0,1.5,10.0,31.4,16.0,0.5,0.6,0.4,-15.4,14.8,62.9,17.4,10.0,40.1,16.0,0.5,0.6,0.4,-3.37,-0.35,3.28,0.15,8.0,3.85,16.0,0.5,0.7,0.3,-17.6,-3.0,27.6,2.3,8.0,29.7,16.0,0.5,0.7,0.3,1.31,2.7,4.44,2.56,8.0,2.63,16.0,0.5,0.7,0.3,8.5,19.6,37.8,19.6,8.0,20.2,16.0,0.5,0.7,0.3,-55.8,0.0,65.1,3.7,9.0,73.0,16.0,0.4,0.7,0.3,-41.2,79.5,119.0,46.4,9.0,75.8,16.0,0.4,0.7,0.3,-32.6,0.0,32.2,-3.3,9.0,36.0,16.0,0.4,0.7,0.3,-19.5,43.8,67.6,28.9,9.0,42.6,16.0,0.4,0.7,0.3,-17.8,1.7,15.8,-0.8,8.0,18.2,16.0,0.5,0.7,0.3,-11.3,2.4,18.3,0.8,8.0,22.7,16.0,0.5,0.7,0.3,112.5,347.5,612.5,341.0,10.0,242.0,16.0,0.5,0.6,0.4,110.0,345.0,615.0,340.0,10.0,240.0,16.0,0.5,0.6,0.4
1974,2,201.0,36.0,13.63,14.2,14.5,13.93,6.0,0.88,16.0,0.5,0.5,0.6,11.33,12.9,13.94,12.38,6.0,2.29,16.0,0.5,0.5,0.6,6.9,7.7,8.79,7.68,6.0,1.4,16.0,0.5,0.5,0.6,80.2,84.5,93.2,85.7,6.0,6.8,16.0,0.5,0.6,5.46,7.2,10.04,7.57,6.0,3.43,16.0,0.5,0.5,0.6,-3.58,1.11,4.31,1.46,6.0,6.2,16.0,0.5,0.5,0.6,-7.82,0.1,4.62,-1.0,6.0,6.19,16.0,0.5,0.5,0.6,1015.56,1022.7,1026.14,1019.67,6.0,10.78,16.0,0.5,0.5,0.6,5.4,7.5,8.0,6.7,6.0,2.0,16.0,0.5,0.5,0.6,-30.6,6.3,44.3,20.9,6.0,72.9,16.0,0.5,0.5,0.6,-63.1,-11.3,30.4,-16.2,6.0,47.9,16.0,0.5,0.5,0.6,-0.1,0.85,2.61,1.55,6.0,2.54,16.0,0.5,0.5,0.6,-0.3,8.4,20.8,12.3,6.0,16.4,16.0,0.5,0.5,0.6,0.9,1.94,3.17,2.14,6.0,1.61,16.0,0.5,0.5,0.6,5.3,17.4,32.7,18.2,6.0,14.3,16.0,0.5,0.5,0.6,-40.8,15.1,56.7,24.9,6.0,79.4,16.0,0.5,0.5,0.6,-101.3,1.8,42.8,-16.7,6.0,76.2,16.0,0.5,0.5,0.6,-24.1,10.0,33.2,14.0,6.0,45.1,16.0,0.5,0.5,0.6,-64.3,2.7,27.5,-9.4,6.0,47.3,16.0,0.5,0.5,0.6,-12.0,1.0,8.8,0.8,6.0,19.2,16.0,0.5,0.5,0.6,-12.3,-2.5,9.1,-1.9,6.0,15.1,16.0,0.5,0.5,0.6,192.5,378.5,1081.5,660.5,6.0,773.5,16.0,0.5,0.5,0.6,195.0,380.0,1080.0,660.0,6.0,775.0,16.0,0.5,0.5,0.6
1974,2,201.0,37.0,12.38,13.15,14.6,13.48,4.0,1.54,8.0,0.8,0.6,0.3,11.98,14.0,14.81,13.45,6.0,1.97,10.0,0.7,0.7,0.3,5.9,7.64,8.82,7.39,6.0,1.64,10.0,0.7,0.7,0.3,68.7,73.3,88.9,76.8,6.0,10.0,10.0,0.7,0.3,6.56,11.1,14.85,10.98,6.0,5.16,10.0,0.7,0.7,0.3,-0.17,3.41,6.83,2.84,6.0,5.18,10.0,0.7,0.7,0.3,-5.03,3.73,14.45,3.87,6.0,10.81,10.0,0.7,0.7,0.3,1014.6,1019.75,1025.62,1019.72,6.0,6.44,10.0,0.7,0.7,0.3,1.8,7.0,8.0,5.5,6.0,3.2,10.0,0.7,0.7,0.3,-4.7,45.2,88.7,41.6,6.0,57.2,10.0,0.7,0.7,0.3,-55.8,20.9,217.4,61.3,6.0,169.3,10.0,0.7,0.7,0.3,-2.42,-1.25,2.7,0.08,4.0,3.8,8.0,0.8,0.6,0.3,-29.2,-11.1,36.1,2.8,4.0,48.5,8.0,0.8,0.6,0.3,0.74,1.29,3.93,2.29,4.0,2.43,8.0,0.8,0.6,0.3,7.6,13.2,47.6,26.9,4.0,32.8,8.0,0.8,0.6,0.3,-4.1,40.9,98.6,37.8,6.0,72.4,10.0,0.7,0.7,0.3,-60.4,49.3,221.9,66.7,6.0,144.8,10.0,0.7,0.7,0.3,-4.5,21.4,58.1,19.0,6.0,41.6,10.0,0.7,0.7,0.3,-29.8,27.5,125.0,41.2,6.0,82.9,10.0,0.7,0.7,0.3,-1.7,8.7,21.0,9.6,4.0,13.8,8.0,0.8,0.6,0.3,-39.9,-1.5,6.4,-16.1,4.0,37.2,8.0,0.8,0.6,0.3,310.5,1475.5,3438.5,2068.5,6.0,2325.0,10.0,0.7,0.7,0.3,310.0,1475.0,3440.0,2070.0,6.0,2325.0,10.0,0.7,0.7,0.3
1974,2,201.0,38.0,12.63,13.5,13.94,13.28,5.0,0.82,18.0,0.4,0.7,0.5,11.4,14.0,14.37,13.04,5.0,1.98,18.0,0.4,0.7,0.5,6.38,7.16,8.28,7.32,4.0,1.16,20.0,0.5,0.7,0.5,74.5,83.1,88.2,81.4,4.0,8.5,20.0,0.5,0.5,8.72,9.8,16.3,11.94,5.0,4.21,18.0,0.4,0.7,0.5,6.82,7.24,9.84,8.27,5.0,2.32,18.0,0.4,0.7,0.5,-3.85,7.51,11.86,4.77,5.0,8.75,18.0,0.4,0.7,0.5,1015.89,1020.0,1022.45,1019.12,5.0,5.85,18.0,0.4,0.7,0.5,2.4,5.5,7.0,4.8,4.0,3.4,20.0,0.5,0.7,0.5,59.5,66.3,162.5,104.4,5.0,61.7,18.0,0.4,0.7,0.5,-33.2,73.6,194.6,82.1,5.0,126.8,18.0,0.4,0.7,0.5,-1.0,-0.5,1.81,0.24,5.0,1.49,18.0,0.4,0.7,0.5,-16.3,-4.9,15.1,-1.2,5.0,16.4,18.0,0.4,0.7,0.5,1.11,1.74,2.88,1.98,4.0,1.23,20.0,0.5,0.7,0.5,13.0,21.8,26.6,19.9,4.0,9.0,20.0,0.5,0.7,0.5,82.0,88.3,142.3,109.9,5.0,44.2,18.0,0.4,0.7,0.5,-42.2,105.1,172.6,74.5,5.0,116.0,18.0,0.4,0.7,0.5,45.8,50.9,60.8,53.2,4.0,9.6,20.0,0.5,0.7,0.5,-28.3,24.7,91.1,31.1,4.0,71.4,20.0,0.5,0.7,0.5,8.5,13.4,20.7,14.6,4.0,8.9,20.0,0.5,0.7,0.5,-10.9,-1.9,14.1,1.4,4.0,15.6,20.0,0.5,0.7,0.5,677.5,941.0,4346.0,2227.0,5.0,2076.0,18.0,0.4,0.7,0.5,675.0,940.0,4345.0,2225.0,5.0,2075.0,18.0,0.4,0.7,0.5
1974,2,201.0,39.0,11.14,12.3,13.46,12.3,2.0,2.4,4.0,0.5,0.8,0.5,11.78,11.95,12.12,11.95,2.0,0.35,4.0,0.5,0.8,0.5,8.27,8.37,8.48,8.37,2.0,0.21,4.0,0.5,0.8,0.5,94.6,96.8,99.0,96.8,2.0,4.5,4.0,0.5,0.5,9.62,10.3,10.98,10.3,2.0,1.41,4.0,0.5,0.8,0.5,-3.25,-1.93,-0.61,-1.93,2.0,2.73,4.0,0.5,0.8,0.5,9.51,9.96,10.41,9.96,2.0,0.93,4.0,0.5,0.8,0.5,1012.88,1013.7,1014.52,1013.7,2.0,1.7,4.0,0.5,0.8,0.5,8.0,8.0,8.0,8.0,2.0,0.0,4.0,0.5,0.8,0.5,-36.7,-21.8,-6.9,-21.8,2.0,30.9,4.0,0.5,0.8,0.5,91.8,103.2,114.7,103.2,2.0,23.7,4.0,0.5,0.8,0.5,-0.64,0.35,1.34,0.35,2.0,2.05,4.0,0.5,0.8,0.5,-5.4,5.1,15.5,5.1,2.0,21.6,4.0,0.5,0.8,0.5,-0.24,0.53,1.31,0.53,2.0,1.61,4.0,0.5,0.8,0.5,-1.7,6.6,15.0,6.6,2.0,17.3,4.0,0.5,0.8,0.5,-39.7,-23.6,-7.5,-23.6,2.0,33.3,4.0,0.5,0.8,0.5,112.1,119.2,126.3,119.2,2.0,14.7,4.0,0.5,0.8,0.5,-26.7,-15.9,-5.0,-15.9,2.0,22.5,4.0,0.5,0.8,0.5,80.5,83.3,86.1,83.3,2.0,5.7,4.0,0.5,0.8,0.5,-5.4,-3.2,-1.0,-3.2,2.0,4.6,4.0,0.5,0.8,0.5,-1.9,6.1,14.0,6.1,2.0,16.5,4.0,0.5,0.8,0.5,905.5,1123.5,1341.5,1123.5,2.0,451.5,4.0,0.5,0.8,0.5,905.0,1125.0,1340.0,1125.0,2.0,450.0,4.0,0.5,0.8,0.5
1974,2,201.0,40.0,10.24,10.75,11.62,10.9,6.0,0.79,14.0,0.2,0.5,0.4,8.82,9.9,12.18,10.35,8.0,1.84,16.0,0.1,0.4,0.4,5.26,5.91,7.91,6.35,6.0,1.35,14.0,0.2,0.5,0.4,74.9,80.7,89.8,81.7,6.0,8.4,14.0,0.2,0.4,8.77,11.3,15.59,11.7,8.0,4.01,16.0,0.1,0.4,0.4,-4.87,8.86,10.06,4.63,8.0,7.38,16.0,0.1,0.4,0.4,-7.5,-1.56,5.71,-0.61,8.0,9.65,16.0,0.1,0.4,0.4,1007.67,1013.0,1020.96,1013.36,8.0,7.11,16.0,0.1,0.4,0.4,3.0,5.0,8.0,5.3,7.0,2.4,14.0,0.1,0.4,0.5,-77.8,79.9,114.6,39.7,8.0,97.2,16.0,0.1,0.4,0.4,-92.2,-14.1,36.2,-4.9,8.0,158.3,16.0,0.1,0.4,0.4,-0.64,0.5,2.27,0.77,6.0,1.68,14.0,0.2,0.5,0.4,-7.8,4.7,33.8,10.9,6.0,20.9,14.0,0.2,0.5,0.4,0.31,1.87,2.61,1.74,6.0,1.34,14.0,0.2,0.5,0.4,4.5,17.4,37.5,20.7,6.0,17.5,14.0,0.2,0.5,0.4,-38.9,85.9,100.2,46.7,8.0,76.1,16.0,0.1,0.4,0.4,-67.4,-15.5,69.8,6.0,8.0,100.6,16.0,0.1,0.4,0.4,-33.9,25.9,53.6,13.4,6.0,47.2,14.0,0.2,0.5,0.4,-33.0,-9.2,67.9,11.8,6.0,75.7,14.0,0.2,0.5,0.4,-3.9,6.6,25.8,10.8,6.0,20.1,14.0,0.2,0.5,0.4,-19.5,-3.0,2.6,-8.0,6.0,14.1,14.0,0.2,0.5,0.4,674.5,1477.0,3848.0,2118.0,8.0,2078.5,16.0,0.1,0.4,0.4,675.0,1475.0,3850.0,2120.0,8.0,2080.0,16.0,0.1,0.4,0.4
1974,2,201.0,41.0,11.0,11.0,11.0,11.0,1.0,0.0,18.0,1.0,0.4,0.1,7.62,9.8,11.98,9.8,2.0,4.53,22.0,0.5,0.7,0.4,3.86,4.49,5.11,4.49,2.0,1.3,22.0,0.5,0.7,0.4,58.6,59.2,59.8,59.2,2.0,1.3,22.0,0.5,0.4,8.37,8.75,9.13,8.75,2.0,0.78,22.0,0.5,0.7,0.4,3.9,5.44,6.99,5.44,2.0,3.2,22.0,0.5,0.7,0.4,-6.91,-2.97,0.97,-2.97,2.0,8.16,22.0,0.5,0.7,0.4,1013.8,1018.75,1023.7,1018.75,2.0,10.25,22.0,0.5,0.7,0.4,4.3,5.0,5.7,5.0,2.0,1.4,22.0,0.5,0.7,0.4,34.9,46.4,57.9,46.4,2.0,23.8,22.0,0.5,0.7,0.4,-64.7,-29.1,6.4,-29.1,2.0,73.7,22.0,0.5,0.7,0.4,-2.0,-2.0,-2.0,-2.0,1.0,0.0,18.0,1.0,0.4,0.1,-16.4,-16.4,-16.4,-16.4,1.0,0.0,18.0,1.0,0.4,0.1,2.74,2.74,2.74,2.74,1.0,0.0,18.0,1.0,0.4,0.1,22.5,22.5,22.5,22.5,1.0,0.0,18.0,1.0,0.4,0.1,33.6,60.6,87.6,60.6,2.0,56.0,22.0,0.5,0.7,0.4,-42.7,-10.6,21.5,-10.6,2.0,66.6,22.0,0.5,0.7,0.4,16.2,26.5,36.8,26.5,2.0,21.4,22.0,0.5,0.7,0.4,-23.9,-8.0,7.8,-8.0,2.0,32.8,22.0,0.5,0.7,0.4,21.1,21.1,21.1,21.1,1.0,0.0,18.0,1.0,0.4,0.1,7.7,7.7,7.7,7.7,1.0,0.0,18.0,1.0,0.4,0.1,591.5,678.0,764.0,678.0,2.0,179.0,22.0,0.5,0.7,0.4,590.0,680.0,765.0,680.0,2.0,180.0,22.0,0.5,0.7,0.4
1974,2,201.0,42.0,9.92,9.95,9.98,9.95,2.0,0.07,20.0,0.5,0.4,0.0,7.38,10.5,11.31,9.4,4.0,3.01,18.0,0.5,0.5,0.4,4.33,5.51,6.69,5.51,2.0,2.45,20.0,0.5,0.4,0.0,73.2,77.6,82.0,77.6,2.0,9.2,20.0,0.5,0.0,9.54,10.3,14.05,11.73,4.0,3.57,18.0,0.5,0.5,0.4,-3.97,5.87,8.28,2.33,4.0,9.1,18.0,0.5,0.5,0.4,-3.1,4.78,9.16,3.11,4.0,9.65,18.0,0.5,0.5,0.4,996.09,1000.6,1017.94,1006.87,3.0,16.9,20.0,0.3,0.5,0.2,2.9,7.0,7.7,5.3,3.0,3.8,20.0,0.3,0.5,0.2,-78.3,57.4,79.2,3.1,4.0,127.3,18.0,0.5,0.5,0.4,-36.8,45.6,138.8,50.8,4.0,135.3,18.0,0.5,0.5,0.4,-0.64,1.65,3.94,1.65,2.0,4.74,20.0,0.5,0.4,0.0,-4.7,19.1,42.9,19.1,2.0,49.4,20.0,0.5,0.4,0.0,0.97,2.09,3.2,2.09,2.0,2.31,20.0,0.5,0.4,0.0,9.9,22.2,34.5,22.2,2.0,25.4,20.0,0.5,0.4,0.0,-48.5,55.9,93.4,24.0,4.0,95.6,18.0,0.5,0.5,0.4,-0.9,53.9,93.9,46.8,4.0,74.3,18.0,0.5,0.5,0.4,21.0,36.2,51.3,36.2,2.0,31.4,20.0,0.5,0.4,0.0,-27.0,-2.4,22.2,-2.4,2.0,51.0,20.0,0.5,0.4,0.0,5.3,8.7,12.1,8.7,2.0,7.1,20.0,0.5,0.4,0.0,-31.4,-17.8,-4.2,-17.8,2.0,28.2,20.0,0.5,0.4,0.0,869.5,1100.5,3173.5,1979.5,4.0,1965.0,18.0,0.5,0.5,0.4,870.0,1100.0,3175.0,1980.0,4.0,1965.0,18.0,0.5,0.5,0.4
1974,2,201.0,43.0,8.58,8.75,8.92,8.75,2.0,0.35,12.0,1.0,0.6,0.8,8.98,9.75,10.0,9.5,4.0,0.71,8.0,1.0,0.7,0.6,6.0,6.2,6.4,6.2,2.0,0.41,12.0,1.0,0.6,0.8,86.8,87.3,87.7,87.3,2.0,0.9,12.0,1.0,0.8,4.84,6.65,11.71,8.2,4.0,4.74,8.0,1.0,0.7,0.6,1.23,3.45,4.37,2.83,4.0,2.07,8.0,1.0,0.7,0.6,2.04,5.38,11.59,6.75,4.0,6.04,8.0,1.0,0.7,0.6,1005.95,1007.75,1014.11,1009.93,4.0,6.35,8.0,1.0,0.7,0.6,5.4,8.0,8.0,6.8,4.0,2.5,8.0,1.0,0.7,0.6,9.5,21.2,30.9,20.2,4.0,15.8,8.0,1.0,0.7,0.6,10.0,40.1,146.6,76.5,4.0,98.5,8.0,1.0,0.7,0.6,-0.42,-0.25,-0.08,-0.25,2.0,0.35,12.0,1.0,0.6,0.8,-6.3,-3.7,-1.2,-3.7,2.0,5.3,12.0,1.0,0.6,0.8,0.69,0.78,0.87,0.78,2.0,0.19,12.0,1.0,0.6,0.8,5.5,7.2,8.9,7.2,2.0,3.5,12.0,1.0,0.6,0.8,11.7,31.1,40.5,26.3,4.0,19.2,8.0,1.0,0.7,0.6,18.6,51.8,112.1,64.7,4.0,58.1,8.0,1.0,0.7,0.6,18.3,21.5,24.6,21.5,2.0,6.6,12.0,1.0,0.6,0.8,27.8,55.2,82.5,55.2,2.0,56.7,12.0,1.0,0.6,0.8,2.1,2.9,3.7,2.9,2.0,1.7,12.0,1.0,0.6,0.8,3.5,5.9,8.4,5.9,2.0,5.1,12.0,1.0,0.6,0.8,114.0,342.0,1995.5,1022.5,4.0,1537.5,8.0,1.0,0.7,0.6,115.0,340.0,1995.0,1020.0,4.0,1540.0,8.0,1.0,0.7,0.6
1974,2,201.0,44.0,6.63,7.0,8.18,7.3,5.0,0.97,10.0,0.6,0.7,0.3,6.27,7.8,8.73,7.56,5.0,1.81,10.0,0.6,0.7,0.3,3.78,4.93,6.34,5.07,5.0,1.35,10.0,0.6,0.7,0.3,66.8,74.3,89.5,77.1,5.0,12.8,10.0,0.6,0.3,7.97,11.3,14.4,11.32,5.0,3.97,10.0,0.6,0.7,0.3,1.62,8.7,14.3,7.98,5.0,7.48,10.0,0.6,0.7,0.3,-3.88,0.0,4.17,-0.27,5.0,6.34,10.0,0.6,0.7,0.3,1002.72,1011.5,1012.91,1008.5,5.0,5.95,10.0,0.6,0.7,0.3,3.6,5.0,7.4,5.4,5.0,2.1,10.0,0.6,0.7,0.3,22.1,75.7,209.6,111.0,5.0,117.2,10.0,0.6,0.7,0.3,-43.8,0.0,45.1,-5.5,5.0,68.1,10.0,0.6,0.7,0.3,-1.61,-1.0,1.37,-0.26,5.0,1.67,10.0,0.6,0.7,0.3,-16.1,-10.0,16.4,-1.4,5.0,18.0,10.0,0.6,0.7,0.3,0.03,1.28,2.58,1.3,5.0,1.35,10.0,0.6,0.7,0.3,0.0,21.7,30.8,17.0,5.0,16.9,10.0,0.6,0.7,0.3,3.9,67.9,106.2,57.7,5.0,61.1,10.0,0.6,0.7,0.3,-19.4,0.0,38.0,6.7,5.0,42.2,10.0,0.6,0.7,0.3,3.6,48.7,63.8,36.7,5.0,37.8,10.0,0.6,0.7,0.3,-14.7,0.0,24.8,3.4,5.0,29.9,10.0,0.6,0.7,0.3,-1.1,9.4,27.0,13.0,5.0,16.3,10.0,0.6,0.7,0.3,-9.4,0.0,2.1,-4.2,5.0,12.2,10.0,0.6,0.7,0.3,528.0,1443.0,3157.0,1892.5,5.0,1833.5,10.0,0.6,0.7,0.3,530.0,1445.0,3155.0,1890.0,5.0,1835.0,10.0,0.6,0.7,0.3
1974,2,201.0,45.0,4.95,7.0,10.62,7.77,3.0,4.2,10.0,0.3,0.1,0.3,5.16,5.5,7.55,6.33,3.0,1.89,10.0,0.3,0.1,0.3,4.71,5.32,6.16,5.43,3.0,1.07,10.0,0.3,0.1,0.3,84.0,94.1,98.1,91.1,3.0,10.7,10.0,0.3,0.3,4.06,7.2,9.66,6.87,3.0,4.11,10.0,0.3,0.1,0.3,3.51,6.77,6.89,5.23,3.0,2.81,10.0,0.3,0.1,0.3,-2.21,-1.67,5.12,1.38,3.0,5.98,10.0,0.3,0.1,0.3,1003.76,1014.0,1023.42,1013.6,3.0,14.4,10.0,0.3,0.1,0.3,3.3,4.0,4.7,4.0,2.0,1.4,6.0,0.5,0.1,0.2,19.0,48.7,66.6,43.0,3.0,35.3,10.0,0.3,0.1,0.3,-13.5,-4.3,59.6,22.4,3.0,58.3,10.0,0.3,0.1,0.3,-1.5,-1.5,4.51,1.43,3.0,5.08,10.0,0.3,0.1,0.3,-12.3,-3.9,34.6,10.8,3.0,36.7,10.0,0.3,0.1,0.3,0.01,0.6,2.52,1.25,3.0,1.93,10.0,0.3,0.1,0.3,-1.5,1.6,17.3,7.8,3.0,14.7,10.0,0.3,0.1,0.3,18.2,33.8,51.0,34.6,3.0,24.0,10.0,0.3,0.1,0.3,-11.3,-9.2,45.1,16.3,3.0,46.8,10.0,0.3,0.1,0.3,17.4,36.0,42.5,30.1,3.0,19.0,10.0,0.3,0.1,0.3,-11.3,-7.4,34.7,11.2,3.0,37.3,10.0,0.3,0.1,0.3,-0.9,1.2,16.2,7.5,3.0,13.6,10.0,0.3,0.1,0.3,-6.4,-2.2,-1.4,-3.9,3.0,4.0,10.0,0.3,0.1,0.3,130.5,373.0,978.5,550.0,3.0,639.5,10.0,0.3,0.1,0.3,130.0,375.0,980.0,550.0,3.0,640.0,10.0,0.3,0.1,0.3
1974,2,201.0,46.0,5.7,7.2,7.75,6.73,3.0,1.55,14.0,0.3,0.2,0.3,3.51,8.9,9.31,6.47,3.0,4.74,14.0,0.3,0.2,0.3,3.94,5.23,6.46,5.2,3.0,1.85,14.0,0.3,0.2,0.3,76.4,82.8,90.5,83.4,3.0,10.4,14.0,0.3,0.3,8.02,8.7,11.57,9.77,3.0,2.76,14.0,0.3,0.2,0.3,2.43,4.41,6.58,4.5,3.0,3.04,14.0,0.3,0.2,0.3,-8.7,-1.34,5.42,-1.63,3.0,10.35,14.0,0.3,0.2,0.3,997.71,1001.4,1015.46,1006.47,3.0,13.72,14.0,0.3,0.2,0.3,5.5,6.5,7.5,6.5,2.0,2.1,16.0,0.5,0.2,0.4,27.0,56.9,57.9,42.8,3.0,25.7,14.0,0.3,0.2,0.3,-110.0,-10.3,47.6,-30.7,3.0,116.8,14.0,0.3,0.2,0.3,-1.64,-1.5,2.25,0.27,3.0,3.23,14.0,0.3,0.2,0.3,-13.1,-13.0,31.1,8.5,3.0,37.3,14.0,0.3,0.2,0.3,0.16,1.12,1.73,0.95,3.0,1.16,14.0,0.3,0.2,0.3,1.1,8.7,20.5,10.7,3.0,14.4,14.0,0.3,0.2,0.3,7.6,14.4,50.6,28.8,3.0,33.9,14.0,0.3,0.2,0.3,-12.1,-11.9,51.8,19.1,3.0,53.9,14.0,0.3,0.2,0.3,11.9,14.7,31.8,21.7,3.0,15.7,14.0,0.3,0.2,0.3,-29.8,-7.0,38.9,4.3,3.0,51.3,14.0,0.3,0.2,0.3,2.4,8.5,8.8,5.7,3.0,5.3,14.0,0.3,0.2,0.3,-17.5,-2.4,-1.8,-9.5,3.0,13.0,14.0,0.3,0.2,0.3,520.5,658.5,1674.5,1087.0,3.0,923.0,14.0,0.3,0.2,0.3,520.0,660.0,1675.0,1085.0,3.0,925.0,14.0,0.3,0.2,0.3
1974,2,201.0,47.0,5.57,6.0,7.14,6.51,7.0,1.65,14.0,0.1,0.5,0.6,2.25,4.95,6.1,4.27,6.0,2.29,14.0,0.2,0.5,0.5,4.16,4.97,5.29,4.77,5.0,0.73,14.0,0.2,0.6,0.5,83.3,85.8,91.0,86.9,5.0,4.3,14.0,0.2,0.5,7.2,15.4,19.17,14.31,7.0,5.95,14.0,0.1,0.5,0.6,6.5,10.62,17.3,11.29,7.0,6.12,14.0,0.1,0.5,0.6,-12.06,-3.86,3.05,-4.47,7.0,8.07,14.0,0.1,0.5,0.6,996.17,1011.2,1018.74,1008.23,7.0,11.2,14.0,0.1,0.5,0.6,3.8,7.0,8.0,6.2,6.0,2.1,14.0,0.2,0.5,0.5,46.8,152.4,329.6,187.9,7.0,140.2,14.0,0.1,0.5,0.6,-191.7,-43.7,53.6,-76.3,7.0,161.7,14.0,0.1,0.5,0.6,0.69,2.25,4.71,2.5,6.0,2.31,14.0,0.2,0.5,0.5,3.9,26.6,58.0,31.3,6.0,34.3,14.0,0.2,0.5,0.5,0.88,1.32,2.21,1.48,5.0,0.88,14.0,0.2,0.6,0.5,7.2,14.9,37.5,21.6,5.0,18.4,14.0,0.2,0.6,0.5,21.3,43.7,104.8,54.9,6.0,43.8,14.0,0.2,0.5,0.5,-20.1,5.6,18.5,0.0,6.0,21.2,14.0,0.2,0.5,0.5,35.8,46.8,96.0,62.0,5.0,31.7,14.0,0.2,0.6,0.5,-26.9,12.2,16.9,-3.0,5.0,27.0,14.0,0.2,0.6,0.5,6.8,14.0,30.3,19.0,5.0,17.6,14.0,0.2,0.6,0.5,-11.8,0.7,5.1,-3.2,5.0,12.3,14.0,0.2,0.6,0.5,373.0,3652.5,7083.0,4229.0,7.0,4072.5,14.0,0.1,0.5,0.6,375.0,3650.0,7085.0,4230.0,7.0,4075.0,14.0,0.1,0.5,0.6
1974,2,201.0,48.0,3.74,5.3,6.05,5.02,5.0,1.43,18.0,0.2,0.5,0.5,0.2,3.6,6.18,3.18,5.0,3.28,18.0,0.2,0.5,0.5,3.55,4.09,5.14,4.33,4.0,1.07,16.0,0.3,0.5,0.5,75.3,80.3,91.8,83.4,4.0,11.8,16.0,0.3,0.5,9.35,13.4,15.4,12.66,5.0,3.9,18.0,0.2,0.5,0.5,-6.45,5.9,9.23,2.34,5.0,8.27,18.0,0.2,0.5,0.5,-10.91,-4.95,6.18,-2.07,5.0,11.61,18.0,0.2,0.5,0.5,1007.72,1009.4,1018.97,1012.48,5.0,6.41,18.0,0.2,0.5,0.5,7.6,8.0,8.0,7.8,5.0,0.4,18.0,0.2,0.5,0.5,-101.8,45.4,109.5,11.9,5.0,109.0,18.0,0.2,0.5,0.5,-148.4,-38.1,111.2,-7.7,5.0,187.6,18.0,0.2,0.5,0.5,0.13,1.7,3.55,1.84,5.0,1.98,18.0,0.2,0.5,0.5,0.0,13.1,48.4,22.4,5.0,28.7,18.0,0.2,0.5,0.5,0.69,1.68,1.78,1.25,4.0,0.97,16.0,0.3,0.5,0.5,4.3,16.1,20.7,12.7,4.0,11.5,16.0,0.3,0.5,0.5,-8.2,8.6,37.9,13.6,5.0,37.1,18.0,0.2,0.5,0.5,-13.0,0.0,46.2,17.6,5.0,48.4,18.0,0.2,0.5,0.5,-8.1,25.5,37.4,15.2,4.0,35.3,16.0,0.3,0.5,0.5,-26.9,-9.4,51.5,11.3,4.0,59.6,16.0,0.3,0.5,0.5,5.4,12.1,16.8,11.1,4.0,7.6,16.0,0.3,0.5,0.5,-12.9,-5.9,-1.6,-7.2,4.0,7.4,16.0,0.3,0.5,0.5,860.5,2406.0,3834.5,2494.5,5.0,2080.0,18.0,0.2,0.5,0.5,860.0,2405.0,3835.0,2495.0,5.0,2080.0,18.0,0.2,0.5,0.5
1974,2,201.0,49.0,3.19,4.75,5.0,4.13,4.0,1.44,18.0,0.3,0.9,0.3,1.48,3.25,4.5,3.0,4.0,1.78,18.0,0.3,0.9,0.3,3.82,4.11,4.66,4.24,3.0,0.63,16.0,0.3,0.8,0.3,82.1,91.0,92.1,87.2,3.0,8.0,16.0,0.3,0.3,8.65,10.8,12.16,10.43,4.0,2.77,18.0,0.3,0.9,0.3,3.38,6.43,8.84,6.13,4.0,3.27,18.0,0.3,0.9,0.3,-9.9,-6.17,0.73,-4.66,4.0,7.93,18.0,0.3,0.9,0.3,996.88,1008.85,1016.1,1006.6,4.0,11.6,18.0,0.3,0.9,0.3,4.9,7.0,7.5,6.3,4.0,2.2,18.0,0.3,0.9,0.3,37.3,75.4,95.5,66.8,4.0,38.1,18.0,0.3,0.9,0.3,-124.1,-66.6,-5.7,-65.0,4.0,86.4,18.0,0.3,0.9,0.3,0.24,0.5,2.07,1.13,4.0,1.6,18.0,0.3,0.9,0.3,1.6,4.4,27.1,13.9,4.0,22.1,18.0,0.3,0.9,0.3,0.83,1.35,1.46,1.15,3.0,0.49,16.0,0.3,0.8,0.3,7.3,14.6,18.4,12.9,3.0,8.3,16.0,0.3,0.8,0.3,7.3,13.4,29.9,18.4,4.0,16.5,18.0,0.3,0.9,0.3,-19.3,-13.2,8.8,-5.6,4.0,23.2,18.0,0.3,0.9,0.3,13.1,16.9,31.6,22.2,3.0,14.3,16.0,0.3,0.8,0.3,-38.7,-22.2,14.1,-12.5,3.0,39.6,16.0,0.3,0.8,0.3,3.1,6.9,10.8,7.0,3.0,5.6,16.0,0.3,0.8,0.3,-15.3,-7.3,0.2,-7.5,3.0,11.4,16.0,0.3,0.8,0.3,757.5,1259.5,1860.5,1306.5,4.0,861.0,18.0,0.3,0.9,0.3,755.0,1260.0,1860.0,1305.0,4.0,860.0,18.0,0.3,0.9,0.3
1974,2,201.0,50.0,5.0,5.0,5.0,5.0,1.0,0.0,16.0,0.0,1.0,0.7,2.69,5.0,6.0,4.38,4.0,2.14,14.0,0.0,0.9,0.5,4.27,5.01,5.03,4.66,3.0,0.64,10.0,0.0,0.8,0.4,85.8,85.8,89.8,87.8,3.0,3.4,10.0,0.0,0.4,9.22,13.4,18.05,13.63,4.0,5.14,14.0,0.0,0.9,0.5,-11.67,-7.15,0.72,-5.55,4.0,8.93,14.0,0.0,0.9,0.5,-6.04,5.25,9.06,1.68,4.0,12.22,14.0,0.0,0.9,0.5,997.74,1000.5,1008.24,1002.88,4.0,7.19,14.0,0.0,0.9,0.5,8.0,8.0,8.0,8.0,4.0,0.0,14.0,0.0,0.9,0.5,-191.9,-91.0,-9.2,-100.1,4.0,137.1,14.0,0.0,0.9,0.5,-119.4,48.3,144.7,14.3,4.0,209.3,14.0,0.0,0.9,0.5,3.5,3.5,3.5,3.5,1.0,0.0,16.0,0.0,1.0,0.7,66.5,66.5,66.5,66.5,1.0,0.0,16.0,0.0,1.0,0.7,1.56,1.56,1.56,1.56,1.0,0.0,16.0,0.0,1.0,0.7,29.6,29.6,29.6,29.6,1.0,0.0,16.0,0.0,1.0,0.7,-37.8,-22.5,10.6,-14.0,4.0,38.4,14.0,0.0,0.9,0.5,-24.8,23.9,31.6,4.3,4.0,45.9,14.0,0.0,0.9,0.5,-52.5,-42.8,9.2,-22.1,3.0,48.6,10.0,0.0,0.8,0.4,25.7,28.0,41.6,33.5,3.0,12.5,10.0,0.0,0.8,0.4,-22.7,-22.7,-22.7,-22.7,1.0,0.0,16.0,0.0,1.0,0.7,19.0,19.0,19.0,19.0,1.0,0.0,16.0,0.0,1.0,0.7,793.0,2927.0,5932.5,3343.0,4.0,3044.0,14.0,0.0,0.9,0.5,795.0,2925.0,5935.0,3345.0,4.0,3045.0,14.0,0.0,0.9,0.5
1974,2,201.0,51.0,,,,,,,,,,,,,,,,,,,,,,,,,,,,,,,,,,,,,,,,7.16,11.8,12.55,9.9,3.0,4.28,6.0,1.0,0.5,0.4,-4.47,2.24,3.33,-0.5,3.0,6.18,6.0,1.0,0.5,0.4,-5.15,3.21,9.69,2.29,3.0,10.9,6.0,1.0,0.5,0.4,998.79,999.4,1006.16,1002.4,3.0,5.99,6.0,1.0,0.5,0.4,,,,,,,,,,,,,,,,,,,,,,,,,,,,,,,,,,,,,,,,,,,,,,,,,,,,,,,,,,,,,,,,,,,,,,,,,,,,,,,,,,,,,,,,,,,,,,,,,,,,,,,,,,,,,,,,,,,,,,,,,,,,,,,,,,,,,,,,,,,,,,,,,,,,,,
1974,2,201.0,52.0,3.5,3.6,4.55,4.0,7.0,0.77,10.0,0.3,0.5,0.4,2.91,4.9,5.14,4.41,7.0,2.11,8.0,0.4,0.6,0.3,4.28,5.08,5.52,4.91,7.0,0.71,8.0,0.4,0.6,0.3,86.8,93.9,100.0,92.7,7.0,8.0,8.0,0.4,0.3,9.3,11.6,17.83,12.69,8.0,5.13,8.0,0.4,0.6,0.4,-2.9,7.59,11.21,5.6,8.0,7.27,8.0,0.4,0.6,0.4,-8.59,3.76,9.68,2.69,8.0,10.65,8.0,0.4,0.6,0.4,986.64,990.65,1003.44,995.46,8.0,11.41,8.0,0.4,0.6,0.4,7.0,8.0,8.0,7.7,7.0,0.5,8.0,0.4,0.6,0.3,-19.7,70.6,197.0,81.0,8.0,113.4,8.0,0.4,0.6,0.4,-112.4,45.3,99.1,35.2,8.0,186.9,8.0,0.4,0.6,0.4,-1.34,0.3,1.67,0.27,6.0,1.56,8.0,0.3,0.5,0.4,-25.0,0.5,19.6,0.9,6.0,25.5,8.0,0.3,0.5,0.4,-0.14,0.61,0.76,0.42,6.0,0.44,8.0,0.3,0.5,0.4,-1.8,4.6,11.7,5.0,6.0,6.8,8.0,0.3,0.5,0.4,-14.5,12.7,65.2,23.5,7.0,37.5,8.0,0.4,0.6,0.3,4.3,23.9,52.0,30.3,7.0,36.2,8.0,0.4,0.6,0.3,-17.9,36.7,49.0,24.5,7.0,34.9,8.0,0.4,0.6,0.3,4.7,27.7,58.0,25.7,7.0,47.5,8.0,0.4,0.6,0.3,-1.0,2.3,9.7,3.5,6.0,5.7,8.0,0.3,0.5,0.4,-4.5,-0.1,2.2,-1.5,6.0,5.3,8.0,0.3,0.5,0.4,804.5,1619.5,5683.5,2928.0,8.0,2894.5,8.0,0.4,0.6,0.4,805.0,1620.0,5685.0,2930.0,8.0,2895.0,8.0,0.4,0.6,0.4
1974,2,201.0,53.0,2.56,3.5,4.21,3.45,11.0,0.9,16.0,0.5,0.5,0.6,-0.37,1.0,2.45,0.73,9.0,2.44,16.0,0.3,0.6,0.6,3.12,3.48,3.82,3.58,8.0,0.72,14.0,0.4,0.5,0.6,81.3,82.5,90.6,83.7,8.0,8.9,14.0,0.4,0.6,6.95,11.6,13.65,10.86,12.0,3.33,16.0,0.5,0.5,0.6,-6.18,5.38,8.94,2.4,12.0,7.95,16.0,0.5,0.5,0.6,-12.08,-4.63,-2.12,-5.64,12.0,5.96,16.0,0.5,0.5,0.6,990.9,1006.6,1011.38,1002.19,12.0,10.19,16.0,0.5,0.5,0.6,8.0,8.0,8.0,7.8,11.0,0.6,18.0,0.5,0.5,0.6,-41.1,52.2,124.8,35.6,12.0,96.2,16.0,0.5,0.5,0.6,-170.3,-49.7,-13.1,-74.0,12.0,78.7,16.0,0.5,0.5,0.6,0.39,2.3,4.73,2.7,9.0,2.72,16.0,0.3,0.6,0.6,2.2,20.6,58.8,31.5,9.0,34.6,16.0,0.3,0.6,0.6,0.87,1.35,1.95,1.34,8.0,0.83,14.0,0.4,0.5,0.6,6.5,11.1,24.6,14.1,8.0,11.6,14.0,0.4,0.5,0.6,-10.0,0.0,6.0,-1.6,9.0,9.5,16.0,0.3,0.6,0.6,-6.3,-2.5,22.5,6.5,9.0,22.5,16.0,0.3,0.6,0.6,-27.1,0.3,20.7,-3.2,8.0,26.3,14.0,0.4,0.5,0.6,-24.2,-9.0,-7.6,-10.1,8.0,20.8,14.0,0.4,0.5,0.6,-7.2,4.5,11.4,0.7,8.0,12.9,14.0,0.4,0.5,0.6,-14.6,-3.7,-2.4,-8.8,8.0,10.3,14.0,0.4,0.5,0.6,339.0,1619.5,2553.5,1603.0,12.0,1170.5,16.0,0.5,0.5,0.6,340.0,1620.0,2555.0,1605.0,12.0,1170.0,16.0,0.5,0.5,0.6
1974,2,201.0,54.0,2.0,3.1,5.0,3.32,19.0,1.54,18.0,0.5,0.6,0.4,-4.2,0.0,3.98,0.16,20.0,3.9,16.0,0.5,0.7,0.4,2.51,3.26,4.39,3.49,9.0,1.19,14.0,0.4,0.8,0.3,72.1,85.0,90.2,82.1,9.0,8.5,14.0,0.4,0.3,6.2,9.8,13.31,9.78,21.0,3.56,18.0,0.5,0.7,0.4,2.59,7.0,10.31,5.8,21.0,5.07,18.0,0.5,0.7,0.4,-9.02,-3.83,3.94,-3.58,21.0,6.21,18.0,0.5,0.7,0.4,997.17,1007.0,1011.98,1005.0,21.0,9.13,16.0,0.5,0.7,0.4,2.2,7.0,8.0,5.7,21.0,2.8,18.0,0.5,0.6,0.4,13.5,63.8,127.3,65.7,21.0,65.5,18.0,0.5,0.7,0.4,-110.0,-20.3,21.5,-44.6,21.0,78.7,18.0,0.5,0.7,0.4,0.38,2.45,5.99,2.64,16.0,3.44,16.0,0.6,0.7,0.4,2.2,14.1,42.4,21.0,15.0,30.4,16.0,0.6,0.7,0.4,1.15,1.3,2.07,1.32,8.0,0.73,12.0,0.5,0.9,0.2,7.0,13.1,19.0,13.3,8.0,8.8,12.0,0.5,0.9,0.2,-23.9,0.0,29.4,0.8,18.0,29.1,16.0,0.6,0.7,0.4,0.0,3.7,44.9,14.5,18.0,22.7,16.0,0.6,0.7,0.4,11.7,16.0,32.8,14.6,9.0,24.0,14.0,0.4,0.8,0.3,-27.5,-8.4,23.0,-1.6,9.0,26.1,14.0,0.4,0.8,0.3,0.0,9.4,16.3,7.6,8.0,10.4,12.0,0.5,0.9,0.2,-12.7,-3.9,5.2,-4.4,8.0,9.0,12.0,0.5,0.9,0.2,238.5,941.0,2361.0,1287.5,21.0,1152.5,18.0,0.5,0.7,0.4,240.0,940.0,2360.0,1285.0,21.0,1155.0,18.0,0.5,0.7,0.4
1974,2,201.0,55.0,3.0,3.0,3.0,3.06,59.0,0.47,20.0,0.5,0.7,0.4,-5.1,-2.5,0.9,-2.05,42.0,2.86,20.0,0.4,0.7,0.4,1.97,3.24,4.41,3.14,6.0,1.23,12.0,0.5,0.5,0.5,68.2,80.9,84.0,76.8,6.0,9.8,12.0,0.5,0.5,6.0,11.5,16.64,11.2,60.0,4.89,20.0,0.5,0.7,0.4,-4.45,2.17,7.1,1.88,60.0,6.41,20.0,0.5,0.7,0.4,-13.92,-7.94,-3.57,-7.77,60.0,6.73,20.0,0.5,0.7,0.4,999.62,1011.25,1016.38,1009.05,60.0,9.21,20.0,0.5,0.7,0.4,2.0,4.5,8.0,4.8,50.0,2.5,22.0,0.5,0.7,0.5,-53.0,21.3,106.1,31.0,60.0,104.1,20.0,0.5,0.7,0.4,-224.6,-77.9,-18.4,-103.1,60.0,121.3,20.0,0.5,0.7,0.4,2.72,5.5,7.93,5.11,41.0,2.64,20.0,0.4,0.7,0.4,16.5,45.9,83.0,48.6,40.0,36.4,20.0,0.4,0.8,0.4,0.72,1.54,2.53,1.6,6.0,0.92,12.0,0.5,0.5,0.5,7.3,26.6,26.8,18.9,5.0,10.8,12.0,0.6,0.6,0.4,-14.1,-2.6,12.0,0.2,41.0,18.8,20.0,0.4,0.8,0.4,1.5,21.1,43.8,23.6,41.0,23.4,20.0,0.4,0.8,0.4,-17.0,6.6,28.7,6.7,5.0,29.5,12.0,0.6,0.6,0.4,-24.1,34.7,47.0,15.0,5.0,42.6,12.0,0.6,0.6,0.4,-2.6,9.1,16.1,7.4,5.0,10.6,12.0,0.6,0.6,0.4,-23.7,5.9,10.3,-3.7,5.0,19.1,12.0,0.6,0.6,0.4,216.0,1529.5,4616.0,2237.5,60.0,2650.0,20.0,0.5,0.7,0.4,215.0,1530.0,4615.0,2235.0,60.0,2650.0,20.0,0.5,0.7,0.4
1974,2,201.0,56.0,,,,,,,,,,,,,,,,,,,,,,,,,,,,,,,,,,,,,,,,10.3,10.3,10.3,10.3,1.0,0.0,24.0,1.0,0.8,0.1,10.3,10.3,10.3,10.3,1.0,0.0,24.0,1.0,0.8,0.1,0.0,0.0,0.0,0.0,1.0,0.0,24.0,1.0,0.8,0.1,1005.1,1005.1,1005.1,1005.1,1.0,0.0,24.0,1.0,0.8,0.1,,,,,,,,,,,,,,,,,,,,,,,,,,,,,,,,,,,,,,,,,,,,,,,,,,,,,,,,,,,,,,,,,,,,,,,,,,,,,,,,,,,,,,,,,,,,,,,,,,,,,,,,,,,,,,,,,,,,,,,,,,,,,,,,,,,,,,,,,,,,,,,,,,,,,,
1974,2,201.0,57.0,,,,,,,,,,,,,,,,,,,,,,,,,,,,,,,,,,,,,,,,7.2,7.2,7.2,7.2,1.0,0.0,16.0,0.0,0.4,0.9,1.25,1.25,1.25,1.25,1.0,0.0,16.0,0.0,0.4,0.9,-7.09,-7.09,-7.09,-7.09,1.0,0.0,16.0,0.0,0.4,0.9,1011.2,1011.2,1011.2,1011.2,1.0,0.0,16.0,0.0,0.4,0.9,,,,,,,,,,,,,,,,,,,,,,,,,,,,,,,,,,,,,,,,,,,,,,,,,,,,,,,,,,,,,,,,,,,,,,,,,,,,,,,,,,,,,,,,,,,,,,,,,,,,,,,,,,,,,,,,,,,,,,,,,,,,,,,,,,,,,,,,,,,,,,,,,,,,,,
1974,2,202.0,-72.0,-0.2,-0.2,-0.2,-0.2,1.0,0.0,18.0,1.0,0.1,0.2,-2.3,-2.3,-2.3,-2.3,1.0,0.0,18.0,1.0,0.1,0.2,2.58,2.58,2.58,2.58,1.0,0.0,18.0,1.0,0.1,0.2,78.1,78.1,78.1,78.1,1.0,0.0,18.0,1.0,0.2,4.1,4.1,4.1,4.1,1.0,0.0,18.0,1.0,0.1,0.2,2.05,2.05,2.05,2.05,1.0,0.0,18.0,1.0,0.1,0.2,3.55,3.55,3.55,3.55,1.0,0.0,18.0,1.0,0.1,0.2,977.1,977.1,977.1,977.1,1.0,0.0,18.0,1.0,0.1,0.2,7.0,7.0,7.0,7.0,1.0,0.0,18.0,1.0,0.1,0.2,8.4,8.4,8.4,8.4,1.0,0.0,18.0,1.0,0.1,0.2,14.6,14.6,14.6,14.6,1.0,0.0,18.0,1.0,0.1,0.2,2.1,2.1,2.1,2.1,1.0,0.0,18.0,1.0,0.1,0.2,8.6,8.6,8.6,8.6,1.0,0.0,18.0,1.0,0.1,0.2,1.28,1.28,1.28,1.28,1.0,0.0,18.0,1.0,0.1,0.2,5.2,5.2,5.2,5.2,1.0,0.0,18.0,1.0,0.1,0.2,-4.7,-4.7,-4.7,-4.7,1.0,0.0,18.0,1.0,0.1,0.2,-8.2,-8.2,-8.2,-8.2,1.0,0.0,18.0,1.0,0.1,0.2,5.3,5.3,5.3,5.3,1.0,0.0,18.0,1.0,0.1,0.2,9.2,9.2,9.2,9.2,1.0,0.0,18.0,1.0,0.1,0.2,2.6,2.6,2.6,2.6,1.0,0.0,18.0,1.0,0.1,0.2,4.5,4.5,4.5,4.5,1.0,0.0,18.0,1.0,0.1,0.2,69.0,69.0,69.0,69.0,1.0,0.0,18.0,1.0,0.1,0.2,70.0,70.0,70.0,70.0,1.0,0.0,18.0,1.0,0.1,0.2
1974,2,202.0,-68.0,-1.2,-1.2,-1.2,-1.2,1.0,0.0,20.0,1.0,0.1,0.9,-1.2,-1.2,-1.2,-1.2,1.0,0.0,20.0,1.0,0.1,0.9,3.58,3.58,3.58,3.58,1.0,0.0,20.0,1.0,0.1,0.9,100.0,100.0,100.0,100.0,1.0,0.0,20.0,1.0,0.9,15.4,15.4,15.4,15.4,1.0,0.0,20.0,1.0,0.1,0.9,14.47,14.47,14.47,14.47,1.0,0.0,20.0,1.0,0.1,0.9,-5.27,-5.27,-5.27,-5.27,1.0,0.0,20.0,1.0,0.1,0.9,979.0,979.0,979.0,979.0,1.0,0.0,20.0,1.0,0.1,0.9,8.0,8.0,8.0,8.0,1.0,0.0,20.0,1.0,0.1,0.9,222.9,222.9,222.9,222.9,1.0,0.0,20.0,1.0,0.1,0.9,-81.1,-81.1,-81.1,-81.1,1.0,0.0,20.0,1.0,0.1,0.9,0.0,0.0,0.0,0.0,1.0,0.0,20.0,1.0,0.1,0.9,0.0,0.0,0.0,0.0,1.0,0.0,20.0,1.0,0.1,0.9,0.0,0.0,0.0,0.0,1.0,0.0,20.0,1.0,0.1,0.9,0.0,0.0,0.0,0.0,1.0,0.0,20.0,1.0,0.1,0.9,-17.4,-17.4,-17.4,-17.4,1.0,0.0,20.0,1.0,0.1,0.9,6.3,6.3,6.3,6.3,1.0,0.0,20.0,1.0,0.1,0.9,51.8,51.8,51.8,51.8,1.0,0.0,20.0,1.0,0.1,0.9,-18.9,-18.9,-18.9,-18.9,1.0,0.0,20.0,1.0,0.1,0.9,0.0,0.0,0.0,0.0,1.0,0.0,20.0,1.0,0.1,0.9,0.0,0.0,0.0,0.0,1.0,0.0,20.0,1.0,0.1,0.9,3652.5,3652.5,3652.5,3652.5,1.0,0.0,20.0,1.0,0.1,0.9,3650.0,3650.0,3650.0,3650.0,1.0,0.0,20.0,1.0,0.1,0.9
1974,2,202.0,-60.0,3.0,3.0,3.0,3.0,1.0,0.0,18.0,1.0,0.5,0.7,1.0,1.0,1.0,1.0,1.0,0.0,18.0,1.0,0.5,0.7,3.8,3.8,3.8,3.8,1.0,0.0,18.0,1.0,0.5,0.7,91.0,91.0,91.0,91.0,1.0,0.0,18.0,1.0,0.7,6.2,6.2,6.2,6.2,1.0,0.0,18.0,1.0,0.5,0.7,5.37,5.37,5.37,5.37,1.0,0.0,18.0,1.0,0.5,0.7,3.1,3.1,3.1,3.1,1.0,0.0,18.0,1.0,0.5,0.7,986.0,986.0,986.0,986.0,1.0,0.0,18.0,1.0,0.5,0.7,8.0,8.0,8.0,8.0,1.0,0.0,18.0,1.0,0.5,0.7,33.3,33.3,33.3,33.3,1.0,0.0,18.0,1.0,0.5,0.7,19.2,19.2,19.2,19.2,1.0,0.0,18.0,1.0,0.5,0.7,2.0,2.0,2.0,2.0,1.0,0.0,18.0,1.0,0.5,0.7,12.4,12.4,12.4,12.4,1.0,0.0,18.0,1.0,0.5,0.7,1.02,1.02,1.02,1.02,1.0,0.0,18.0,1.0,0.5,0.7,6.3,6.3,6.3,6.3,1.0,0.0,18.0,1.0,0.5,0.7,5.4,5.4,5.4,5.4,1.0,0.0,18.0,1.0,0.5,0.7,3.1,3.1,3.1,3.1,1.0,0.0,18.0,1.0,0.5,0.7,20.4,20.4,20.4,20.4,1.0,0.0,18.0,1.0,0.5,0.7,11.8,11.8,11.8,11.8,1.0,0.0,18.0,1.0,0.5,0.7,5.5,5.5,5.5,5.5,1.0,0.0,18.0,1.0,0.5,0.7,3.2,3.2,3.2,3.2,1.0,0.0,18.0,1.0,0.5,0.7,238.5,238.5,238.5,238.5,1.0,0.0,18.0,1.0,0.5,0.7,240.0,240.0,240.0,240.0,1.0,0.0,18.0,1.0,0.5,0.7
1974,2,202.0,-57.0,,,,,,,,,,,,,,,,,,,,,,,,,,,,,,,,,,,,,,,,6.0,6.0,6.0,6.0,1.0,0.0,2.0,0.0,0.9,0.7,5.91,5.91,5.91,5.91,1.0,0.0,2.0,0.0,0.9,0.7,-1.04,-1.04,-1.04,-1.04,1.0,0.0,2.0,0.0,0.9,0.7,997.3,997.3,997.3,997.3,1.0,0.0,2.0,0.0,0.9,0.7,,,,,,,,,,,,,,,,,,,,,,,,,,,,,,,,,,,,,,,,,,,,,,,,,,,,,,,,,,,,,,,,,,,,,,,,,,,,,,,,,,,,,,,,,,,,,,,,,,,,,,,,,,,,,,,,,,,,,,,,,,,,,,,,,,,,,,,,,,,,,,,,,,,,,,
1974,2,202.0,-45.0,12.8,12.8,12.8,12.8,1.0,0.0,20.0,0.0,0.5,0.2,12.3,12.3,12.3,12.3,1.0,0.0,20.0,0.0,0.5,0.2,6.11,6.11,6.11,6.11,1.0,0.0,20.0,0.0,0.5,0.2,70.1,70.1,70.1,70.1,1.0,0.0,20.0,0.0,0.2,1.5,1.5,1.5,1.5,1.0,0.0,20.0,0.0,0.5,0.2,-0.96,-0.96,-0.96,-0.96,1.0,0.0,20.0,0.0,0.5,0.2,1.15,1.15,1.15,1.15,1.0,0.0,20.0,0.0,0.5,0.2,1028.4,1028.4,1028.4,1028.4,1.0,0.0,20.0,0.0,0.5,0.2,8.0,8.0,8.0,8.0,1.0,0.0,20.0,0.0,0.5,0.2,-1.4,-1.4,-1.4,-1.4,1.0,0.0,20.0,0.0,0.5,0.2,1.7,1.7,1.7,1.7,1.0,0.0,20.0,0.0,0.5,0.2,0.5,0.5,0.5,0.5,1.0,0.0,20.0,0.0,0.5,0.2,0.8,0.8,0.8,0.8,1.0,0.0,20.0,0.0,0.5,0.2,2.92,2.92,2.92,2.92,1.0,0.0,20.0,0.0,0.5,0.2,4.4,4.4,4.4,4.4,1.0,0.0,20.0,0.0,0.5,0.2,-11.9,-11.9,-11.9,-11.9,1.0,0.0,20.0,0.0,0.5,0.2,14.1,14.1,14.1,14.1,1.0,0.0,20.0,0.0,0.5,0.2,-5.9,-5.9,-5.9,-5.9,1.0,0.0,20.0,0.0,0.5,0.2,7.0,7.0,7.0,7.0,1.0,0.0,20.0,0.0,0.5,0.2,-2.8,-2.8,-2.8,-2.8,1.0,0.0,20.0,0.0,0.5,0.2,3.4,3.4,3.4,3.4,1.0,0.0,20.0,0.0,0.5,0.2,3.5,3.5,3.5,3.5,1.0,0.0,20.0,0.0,0.5,0.2,5.0,5.0,5.0,5.0,1.0,0.0,20.0,0.0,0.5,0.2
1974,2,202.0,-41.0,18.4,18.4,18.4,18.4,1.0,0.0,16.0,0.0,0.4,1.0,17.3,17.3,17.3,17.3,1.0,0.0,16.0,0.0,0.4,1.0,7.48,7.48,7.48,7.48,1.0,0.0,16.0,0.0,0.4,1.0,62.2,62.2,62.2,62.2,1.0,0.0,16.0,0.0,1.0,6.7,6.7,6.7,6.7,1.0,0.0,16.0,0.0,0.4,1.0,-5.13,-5.13,-5.13,-5.13,1.0,0.0,16.0,0.0,0.4,1.0,-4.31,-4.31,-4.31,-4.31,1.0,0.0,16.0,0.0,0.4,1.0,1030.5,1030.5,1030.5,1030.5,1.0,0.0,16.0,0.0,0.4,1.0,7.0,7.0,7.0,7.0,1.0,0.0,16.0,0.0,0.4,1.0,-34.4,-34.4,-34.4,-34.4,1.0,0.0,16.0,0.0,0.4,1.0,-28.9,-28.9,-28.9,-28.9,1.0,0.0,16.0,0.0,0.4,1.0,1.1,1.1,1.1,1.1,1.0,0.0,16.0,0.0,0.4,1.0,7.4,7.4,7.4,7.4,1.0,0.0,16.0,0.0,0.4,1.0,5.45,5.45,5.45,5.45,1.0,0.0,16.0,0.0,0.4,1.0,36.5,36.5,36.5,36.5,1.0,0.0,16.0,0.0,0.4,1.0,-88.8,-88.8,-88.8,-88.8,1.0,0.0,16.0,0.0,0.4,1.0,-74.5,-74.5,-74.5,-74.5,1.0,0.0,16.0,0.0,0.4,1.0,-38.4,-38.4,-38.4,-38.4,1.0,0.0,16.0,0.0,0.4,1.0,-32.2,-32.2,-32.2,-32.2,1.0,0.0,16.0,0.0,0.4,1.0,-28.0,-28.0,-28.0,-28.0,1.0,0.0,16.0,0.0,0.4,1.0,-23.5,-23.5,-23.5,-23.5,1.0,0.0,16.0,0.0,0.4,1.0,301.0,301.0,301.0,301.0,1.0,0.0,16.0,0.0,0.4,1.0,300.0,300.0,300.0,300.0,1.0,0.0,16.0,0.0,0.4,1.0
1974,2,202.0,-39.0,18.8,18.8,18.8,18.8,1.0,0.0,6.0,1.0,0.9,0.1,20.4,20.4,20.4,20.4,1.0,0.0,6.0,1.0,0.9,0.1,10.86,10.86,10.86,10.86,1.0,0.0,6.0,1.0,0.9,0.1,73.5,73.5,73.5,73.5,1.0,0.0,6.0,1.0,0.1,6.2,6.2,6.2,6.2,1.0,0.0,6.0,1.0,0.9,0.1,3.99,3.99,3.99,3.99,1.0,0.0,6.0,1.0,0.9,0.1,-4.75,-4.75,-4.75,-4.75,1.0,0.0,6.0,1.0,0.9,0.1,1019.0,1019.0,1019.0,1019.0,1.0,0.0,6.0,1.0,0.9,0.1,3.0,3.0,3.0,3.0,1.0,0.0,6.0,1.0,0.9,0.1,24.7,24.7,24.7,24.7,1.0,0.0,6.0,1.0,0.9,0.1,-29.4,-29.4,-29.4,-29.4,1.0,0.0,6.0,1.0,0.9,0.1,-1.6,-1.6,-1.6,-1.6,1.0,0.0,6.0,1.0,0.9,0.1,-9.9,-9.9,-9.9,-9.9,1.0,0.0,6.0,1.0,0.9,0.1,2.55,2.55,2.55,2.55,1.0,0.0,6.0,1.0,0.9,0.1,15.8,15.8,15.8,15.8,1.0,0.0,6.0,1.0,0.9,0.1,81.3,81.3,81.3,81.3,1.0,0.0,6.0,1.0,0.9,0.1,-96.9,-96.9,-96.9,-96.9,1.0,0.0,6.0,1.0,0.9,0.1,43.3,43.3,43.3,43.3,1.0,0.0,6.0,1.0,0.9,0.1,-51.6,-51.6,-51.6,-51.6,1.0,0.0,6.0,1.0,0.9,0.1,10.1,10.1,10.1,10.1,1.0,0.0,6.0,1.0,0.9,0.1,-12.1,-12.1,-12.1,-12.1,1.0,0.0,6.0,1.0,0.9,0.1,238.5,238.5,238.5,238.5,1.0,0.0,6.0,1.0,0.9,0.1,240.0,240.0,240.0,240.0,1.0,0.0,6.0,1.0,0.9,0.1
1974,2,202.0,-35.0,21.87,22.25,22.63,22.25,2.0,0.78,10.0,0.5,0.6,0.8,20.18,21.0,21.82,21.0,2.0,1.7,10.0,0.5,0.6,0.8,9.49,10.47,11.44,10.47,2.0,2.02,10.0,0.5,0.6,0.8,65.0,68.0,71.0,68.0,2.0,6.2,10.0,0.5,0.8,3.25,4.65,6.05,4.65,2.0,2.9,10.0,0.5,0.6,0.8,-1.24,1.34,3.93,1.34,2.0,5.36,10.0,0.5,0.6,0.8,1.43,2.6,3.76,2.6,2.0,2.42,10.0,0.5,0.6,0.8,1020.93,1022.5,1024.07,1022.5,2.0,3.25,10.0,0.5,0.6,0.8,6.3,7.0,7.7,7.0,2.0,1.4,10.0,0.5,0.6,0.8,0.1,14.0,27.9,14.0,2.0,28.8,10.0,0.5,0.6,0.8,6.5,15.6,24.6,15.6,2.0,18.8,10.0,0.5,0.6,0.8,0.81,1.25,1.69,1.25,2.0,0.92,10.0,0.5,0.6,0.8,3.3,7.1,11.0,7.1,2.0,7.9,10.0,0.5,0.6,0.8,5.49,6.11,6.73,6.11,2.0,1.28,10.0,0.5,0.6,0.8,18.8,30.3,41.7,30.3,2.0,23.7,10.0,0.5,0.6,0.8,-29.5,23.7,76.9,23.7,2.0,110.2,10.0,0.5,0.6,0.8,30.1,52.5,74.9,52.5,2.0,46.3,10.0,0.5,0.6,0.8,-17.1,8.7,34.4,8.7,2.0,53.3,10.0,0.5,0.6,0.8,15.1,24.7,34.4,24.7,2.0,20.0,10.0,0.5,0.6,0.8,-5.0,11.6,28.3,11.6,2.0,34.4,10.0,0.5,0.6,0.8,8.7,17.4,26.1,17.4,2.0,18.1,10.0,0.5,0.6,0.8,62.5,159.0,256.0,159.0,2.0,200.0,10.0,0.5,0.6,0.8,65.0,160.0,255.0,160.0,2.0,200.0,10.0,0.5,0.6,0.8
1974,2,202.0,-34.0,23.2,23.2,23.2,23.2,1.0,0.0,14.0,0.0,0.6,1.0,22.2,22.2,22.2,22.2,1.0,0.0,14.0,0.0,0.6,1.0,12.22,12.22,12.22,12.22,1.0,0.0,14.0,0.0,0.6,1.0,74.2,74.2,74.2,74.2,1.0,0.0,14.0,0.0,1.0,5.1,5.1,5.1,5.1,1.0,0.0,14.0,0.0,0.6,1.0,-5.02,-5.02,-5.02,-5.02,1.0,0.0,14.0,0.0,0.6,1.0,0.89,0.89,0.89,0.89,1.0,0.0,14.0,0.0,0.6,1.0,1023.5,1023.5,1023.5,1023.5,1.0,0.0,14.0,0.0,0.6,1.0,5.0,5.0,5.0,5.0,1.0,0.0,14.0,0.0,0.6,1.0,-25.6,-25.6,-25.6,-25.6,1.0,0.0,14.0,0.0,0.6,1.0,4.5,4.5,4.5,4.5,1.0,0.0,14.0,0.0,0.6,1.0,1.0,1.0,1.0,1.0,1.0,0.0,14.0,0.0,0.6,1.0,5.1,5.1,5.1,5.1,1.0,0.0,14.0,0.0,0.6,1.0,5.33,5.33,5.33,5.33,1.0,0.0,14.0,0.0,0.6,1.0,27.2,27.2,27.2,27.2,1.0,0.0,14.0,0.0,0.6,1.0,-111.5,-111.5,-111.5,-111.5,1.0,0.0,14.0,0.0,0.6,1.0,19.7,19.7,19.7,19.7,1.0,0.0,14.0,0.0,0.6,1.0,-61.4,-61.4,-61.4,-61.4,1.0,0.0,14.0,0.0,0.6,1.0,10.8,10.8,10.8,10.8,1.0,0.0,14.0,0.0,0.6,1.0,-26.8,-26.8,-26.8,-26.8,1.0,0.0,14.0,0.0,0.6,1.0,4.7,4.7,4.7,4.7,1.0,0.0,14.0,0.0,0.6,1.0,132.5,132.5,132.5,132.5,1.0,0.0,14.0,0.0,0.6,1.0,135.0,135.0,135.0,135.0,1.0,0.0,14.0,0.0,0.6,1.0
1974,2,202.0,-33.0,23.9,23.9,23.9,23.9,1.0,0.0,24.0,0.0,0.4,0.1,21.0,21.0,21.0,21.0,1.0,0.0,24.0,0.0,0.4,0.1,11.28,11.28,11.28,11.28,1.0,0.0,24.0,0.0,0.4,0.1,73.1,73.1,73.1,73.1,1.0,0.0,24.0,0.0,0.1,8.2,8.2,8.2,8.2,1.0,0.0,24.0,0.0,0.4,0.1,7.71,7.71,7.71,7.71,1.0,0.0,24.0,0.0,0.4,0.1,2.8,2.8,2.8,2.8,1.0,0.0,24.0,0.0,0.4,0.1,1013.8,1013.8,1013.8,1013.8,1.0,0.0,24.0,0.0,0.4,0.1,5.0,5.0,5.0,5.0,1.0,0.0,24.0,0.0,0.4,0.1,63.2,63.2,63.2,63.2,1.0,0.0,24.0,0.0,0.4,0.1,23.0,23.0,23.0,23.0,1.0,0.0,24.0,0.0,0.4,0.1,2.9,2.9,2.9,2.9,1.0,0.0,24.0,0.0,0.4,0.1,23.8,23.8,23.8,23.8,1.0,0.0,24.0,0.0,0.4,0.1,7.21,7.21,7.21,7.21,1.0,0.0,24.0,0.0,0.4,0.1,59.1,59.1,59.1,59.1,1.0,0.0,24.0,0.0,0.4,0.1,161.8,161.8,161.8,161.8,1.0,0.0,24.0,0.0,0.4,0.1,58.9,58.9,58.9,58.9,1.0,0.0,24.0,0.0,0.4,0.1,86.9,86.9,86.9,86.9,1.0,0.0,24.0,0.0,0.4,0.1,31.6,31.6,31.6,31.6,1.0,0.0,24.0,0.0,0.4,0.1,55.6,55.6,55.6,55.6,1.0,0.0,24.0,0.0,0.4,0.1,20.2,20.2,20.2,20.2,1.0,0.0,24.0,0.0,0.4,0.1,551.5,551.5,551.5,551.5,1.0,0.0,24.0,0.0,0.4,0.1,550.0,550.0,550.0,550.0,1.0,0.0,24.0,0.0,0.4,0.1
1974,2,202.0,-31.0,,,,,,,,,,,,,,,,,,,,,,,,,,,,,,,,,,,,,,,,10.3,10.3,10.3,10.3,1.0,0.0,8.0,1.0,0.8,0.2,-1.79,-1.79,-1.79,-1.79,1.0,0.0,8.0,1.0,0.8,0.2,10.14,10.14,10.14,10.14,1.0,0.0,8.0,1.0,0.8,0.2,1014.6,1014.6,1014.6,1014.6,1.0,0.0,8.0,1.0,0.8,0.2,8.0,8.0,8.0,8.0,1.0,0.0,8.0,1.0,0.8,0.2,-18.4,-18.4,-18.4,-18.4,1.0,0.0,8.0,1.0,0.8,0.2,104.5,104.5,104.5,104.5,1.0,0.0,8.0,1.0,0.8,0.2,,,,,,,,,,,,,,,,,,,,,,,,,,,,,,,,,,,,,,,,,-41.0,-41.0,-41.0,-41.0,1.0,0.0,8.0,1.0,0.8,0.2,232.3,232.3,232.3,232.3,1.0,0.0,8.0,1.0,0.8,0.2,-28.5,-28.5,-28.5,-28.5,1.0,0.0,8.0,1.0,0.8,0.2,161.7,161.7,161.7,161.7,1.0,0.0,8.0,1.0,0.8,0.2,,,,,,,,,,,,,,,,,,,,,,,,,,,,,,,,,,,,,,,,
1974,2,202.0,-28.0,26.0,26.0,26.0,26.0,1.0,0.0,28.0,0.0,0.9,0.8,25.6,25.6,25.6,25.6,1.0,0.0,28.0,0.0,0.9,0.8,17.15,17.15,17.15,17.15,1.0,0.0,28.0,0.0,0.9,0.8,84.0,84.0,84.0,84.0,1.0,0.0,28.0,0.0,0.8,4.6,4.6,4.6,4.6,1.0,0.0,28.0,0.0,0.9,0.8,-3.98,-3.98,-3.98,-3.98,1.0,0.0,28.0,0.0,0.9,0.8,-2.3,-2.3,-2.3,-2.3,1.0,0.0,28.0,0.0,0.9,0.8,1015.2,1015.2,1015.2,1015.2,1.0,0.0,28.0,0.0,0.9,0.8,2.0,2.0,2.0,2.0,1.0,0.0,28.0,0.0,0.9,0.8,-18.3,-18.3,-18.3,-18.3,1.0,0.0,28.0,0.0,0.9,0.8,-10.6,-10.6,-10.6,-10.6,1.0,0.0,28.0,0.0,0.9,0.8,0.4,0.4,0.4,0.4,1.0,0.0,28.0,0.0,0.9,0.8,1.8,1.8,1.8,1.8,1.0,0.0,28.0,0.0,0.9,0.8,3.8,3.8,3.8,3.8,1.0,0.0,28.0,0.0,0.9,0.8,17.5,17.5,17.5,17.5,1.0,0.0,28.0,0.0,0.9,0.8,-102.0,-102.0,-102.0,-102.0,1.0,0.0,28.0,0.0,0.9,0.8,-58.9,-58.9,-58.9,-58.9,1.0,0.0,28.0,0.0,0.9,0.8,-68.3,-68.3,-68.3,-68.3,1.0,0.0,28.0,0.0,0.9,0.8,-39.5,-39.5,-39.5,-39.5,1.0,0.0,28.0,0.0,0.9,0.8,-15.2,-15.2,-15.2,-15.2,1.0,0.0,28.0,0.0,0.9,0.8,-8.7,-8.7,-8.7,-8.7,1.0,0.0,28.0,0.0,0.9,0.8,97.5,97.5,97.5,97.5,1.0,0.0,28.0,0.0,0.9,0.8,95.0,95.0,95.0,95.0,1.0,0.0,28.0,0.0,0.9,0.8
1974,2,202.0,-21.0,26.7,26.7,26.7,26.7,1.0,0.0,8.0,1.0,0.1,0.5,27.2,27.2,27.2,27.2,1.0,0.0,8.0,1.0,0.1,0.5,16.28,16.28,16.28,16.28,1.0,0.0,8.0,1.0,0.1,0.5,72.4,72.4,72.4,72.4,1.0,0.0,8.0,1.0,0.5,1.5,1.5,1.5,1.5,1.0,0.0,8.0,1.0,0.1,0.5,0.0,0.0,0.0,0.0,1.0,0.0,8.0,1.0,0.1,0.5,1.5,1.5,1.5,1.5,1.0,0.0,8.0,1.0,0.1,0.5,1011.9,1011.9,1011.9,1011.9,1.0,0.0,8.0,1.0,0.1,0.5,4.0,4.0,4.0,4.0,1.0,0.0,8.0,1.0,0.1,0.5,0.0,0.0,0.0,0.0,1.0,0.0,8.0,1.0,0.1,0.5,2.3,2.3,2.3,2.3,1.0,0.0,8.0,1.0,0.1,0.5,-0.5,-0.5,-0.5,-0.5,1.0,0.0,8.0,1.0,0.1,0.5,-0.7,-0.7,-0.7,-0.7,1.0,0.0,8.0,1.0,0.1,0.5,5.64,5.64,5.64,5.64,1.0,0.0,8.0,1.0,0.1,0.5,8.5,8.5,8.5,8.5,1.0,0.0,8.0,1.0,0.1,0.5,0.0,0.0,0.0,0.0,1.0,0.0,8.0,1.0,0.1,0.5,40.8,40.8,40.8,40.8,1.0,0.0,8.0,1.0,0.1,0.5,0.0,0.0,0.0,0.0,1.0,0.0,8.0,1.0,0.1,0.5,24.4,24.4,24.4,24.4,1.0,0.0,8.0,1.0,0.1,0.5,0.0,0.0,0.0,0.0,1.0,0.0,8.0,1.0,0.1,0.5,8.5,8.5,8.5,8.5,1.0,0.0,8.0,1.0,0.1,0.5,3.5,3.5,3.5,3.5,1.0,0.0,8.0,1.0,0.1,0.5,5.0,5.0,5.0,5.0,1.0,0.0,8.0,1.0,0.1,0.5
1974,2,202.0,-19.0,28.07,28.45,28.83,28.45,2.0,0.78,12.0,0.0,0.8,0.3,26.04,26.55,27.06,26.55,2.0,1.06,12.0,0.0,0.8,0.3,15.89,16.46,17.03,16.46,2.0,1.18,12.0,0.0,0.8,0.3,75.9,76.1,76.3,76.1,2.0,0.5,12.0,0.0,0.3,7.27,8.5,9.73,8.5,2.0,2.55,12.0,0.0,0.8,0.3,-9.53,-8.22,-6.91,-8.22,2.0,2.72,12.0,0.0,0.8,0.3,-2.21,-2.04,-1.87,-2.04,2.0,0.36,12.0,0.0,0.8,0.3,1013.41,1014.5,1015.59,1014.5,2.0,2.26,12.0,0.0,0.8,0.3,8.0,8.0,8.0,8.0,2.0,0.0,12.0,0.0,0.8,0.3,-94.6,-73.3,-52.1,-73.3,2.0,44.0,12.0,0.0,0.8,0.3,-17.9,-16.9,-15.8,-16.9,2.0,2.2,12.0,0.0,0.8,0.3,1.76,1.9,2.04,1.9,2.0,0.28,12.0,0.0,0.8,0.3,13.0,16.5,20.0,16.5,2.0,7.2,12.0,0.0,0.8,0.3,7.81,7.82,7.82,7.82,2.0,0.01,12.0,0.0,0.8,0.3,56.8,66.5,76.1,66.5,2.0,20.0,12.0,0.0,0.8,0.3,-247.4,-216.8,-186.1,-216.8,2.0,63.5,12.0,0.0,0.8,0.3,-60.0,-54.4,-48.8,-54.4,2.0,11.6,12.0,0.0,0.8,0.3,-150.6,-133.7,-116.8,-133.7,2.0,35.0,12.0,0.0,0.8,0.3,-37.8,-33.8,-29.8,-33.8,2.0,8.3,12.0,0.0,0.8,0.3,-74.6,-64.3,-53.9,-64.3,2.0,21.4,12.0,0.0,0.8,0.3,-17.3,-15.9,-14.6,-15.9,2.0,2.7,12.0,0.0,0.8,0.3,426.5,696.5,967.0,696.5,2.0,560.0,12.0,0.0,0.8,0.3,425.0,695.0,965.0,695.0,2.0,560.0,12.0,0.0,0.8,0.3
1974,2,202.0,-18.0,27.0,27.0,27.0,27.0,1.0,0.0,26.0,0.0,0.8,0.3,27.1,27.1,27.1,27.1,1.0,0.0,26.0,0.0,0.8,0.3,17.52,17.52,17.52,17.52,1.0,0.0,26.0,0.0,0.8,0.3,78.3,78.3,78.3,78.3,1.0,0.0,26.0,0.0,0.3,3.6,3.6,3.6,3.6,1.0,0.0,26.0,0.0,0.8,0.3,-3.6,-3.6,-3.6,-3.6,1.0,0.0,26.0,0.0,0.8,0.3,0.0,0.0,0.0,0.0,1.0,0.0,26.0,0.0,0.8,0.3,1012.4,1012.4,1012.4,1012.4,1.0,0.0,26.0,0.0,0.8,0.3,3.0,3.0,3.0,3.0,1.0,0.0,26.0,0.0,0.8,0.3,-13.0,-13.0,-13.0,-13.0,1.0,0.0,26.0,0.0,0.8,0.3,0.0,0.0,0.0,0.0,1.0,0.0,26.0,0.0,0.8,0.3,-0.1,-0.1,-0.1,-0.1,1.0,0.0,26.0,0.0,0.8,0.3,-0.4,-0.4,-0.4,-0.4,1.0,0.0,26.0,0.0,0.8,0.3,4.79,4.79,4.79,4.79,1.0,0.0,26.0,0.0,0.8,0.3,17.2,17.2,17.2,17.2,1.0,0.0,26.0,0.0,0.8,0.3,-97.6,-97.6,-97.6,-97.6,1.0,0.0,26.0,0.0,0.8,0.3,0.0,0.0,0.0,0.0,1.0,0.0,26.0,0.0,0.8,0.3,-63.1,-63.1,-63.1,-63.1,1.0,0.0,26.0,0.0,0.8,0.3,0.0,0.0,0.0,0.0,1.0,0.0,26.0,0.0,0.8,0.3,-17.2,-17.2,-17.2,-17.2,1.0,0.0,26.0,0.0,0.8,0.3,0.0,0.0,0.0,0.0,1.0,0.0,26.0,0.0,0.8,0.3,46.5,46.5,46.5,46.5,1.0,0.0,26.0,0.0,0.8,0.3,45.0,45.0,45.0,45.0,1.0,0.0,26.0,0.0,0.8,0.3
1974,2,202.0,-17.0,27.78,28.0,28.94,28.26,5.0,0.68,14.0,0.8,0.7,0.5,25.71,27.8,28.57,27.28,5.0,1.64,14.0,0.8,0.7,0.5,16.8,17.81,18.81,17.81,4.0,1.52,10.0,0.8,0.6,0.4,72.3,75.3,87.8,79.8,4.0,12.5,10.0,0.8,0.4,4.55,6.2,7.97,6.28,5.0,2.15,14.0,0.8,0.7,0.5,-6.17,-5.02,-4.25,-5.16,5.0,1.22,14.0,0.8,0.7,0.5,-4.5,-0.89,1.17,-1.73,5.0,3.92,14.0,0.8,0.7,0.5,1011.19,1011.3,1013.41,1012.22,5.0,1.66,14.0,0.8,0.7,0.5,3.0,4.0,6.0,4.4,5.0,1.5,14.0,0.8,0.7,0.5,-45.2,-36.1,-20.9,-33.3,5.0,14.4,14.0,0.8,0.7,0.5,-38.6,-4.5,6.2,-16.4,5.0,34.6,14.0,0.8,0.7,0.5,-0.24,0.2,2.28,0.98,5.0,1.72,14.0,0.8,0.7,0.5,-1.3,0.7,19.3,8.7,5.0,15.6,14.0,0.8,0.7,0.5,5.69,6.4,7.0,6.35,4.0,0.78,10.0,0.8,0.6,0.4,36.6,43.1,50.1,43.3,4.0,7.7,10.0,0.8,0.6,0.4,-168.5,-146.7,-110.4,-140.5,5.0,32.3,14.0,0.8,0.7,0.5,-114.8,-25.9,32.9,-43.1,5.0,100.7,14.0,0.8,0.7,0.5,-105.7,-97.4,-90.6,-98.1,4.0,8.9,10.0,0.8,0.6,0.4,-101.7,-27.5,12.2,-44.0,4.0,82.8,10.0,0.8,0.6,0.4,-41.4,-35.2,-29.8,-35.6,4.0,8.6,10.0,0.8,0.6,0.4,-31.0,-11.6,3.6,-13.6,4.0,23.6,10.0,0.8,0.6,0.4,101.0,238.5,530.5,319.0,5.0,297.5,14.0,0.8,0.7,0.5,100.0,240.0,530.0,320.0,5.0,295.0,14.0,0.8,0.7,0.5
1974,2,202.0,-16.0,28.0,28.2,29.43,28.7,3.0,1.14,20.0,0.3,0.5,0.4,26.85,27.55,28.46,27.65,4.0,0.95,16.0,0.3,0.5,0.3,16.14,17.71,19.06,17.61,4.0,1.81,16.0,0.3,0.5,0.3,73.3,77.0,78.5,76.0,4.0,3.8,16.0,0.3,0.3,7.84,10.3,10.64,9.27,3.0,2.24,20.0,0.3,0.5,0.4,-10.48,-10.14,-7.72,-9.13,3.0,2.2,20.0,0.3,0.5,0.4,-1.85,-1.79,-1.36,-1.61,3.0,0.39,20.0,0.3,0.5,0.4,1010.72,1012.25,1014.72,1012.7,4.0,2.58,16.0,0.3,0.5,0.3,2.0,3.5,6.6,4.3,4.0,2.9,16.0,0.3,0.5,0.3,-111.6,-104.5,-63.3,-87.9,3.0,38.2,20.0,0.3,0.5,0.4,-19.7,-18.4,-11.2,-15.5,3.0,6.7,20.0,0.3,0.5,0.4,1.16,1.3,1.3,1.23,3.0,0.12,20.0,0.3,0.5,0.4,9.5,11.3,13.2,11.4,3.0,2.7,20.0,0.3,0.5,0.4,7.09,7.09,7.73,7.4,3.0,0.54,20.0,0.3,0.5,0.4,56.7,76.6,80.7,68.9,3.0,18.8,20.0,0.3,0.5,0.4,-294.6,-271.8,-207.4,-251.5,3.0,66.3,20.0,0.3,0.5,0.4,-52.0,-47.9,-36.6,-44.4,3.0,11.7,20.0,0.3,0.5,0.4,-191.8,-156.5,-125.9,-158.8,3.0,48.3,20.0,0.3,0.5,0.4,-33.8,-27.6,-22.2,-28.0,3.0,8.5,20.0,0.3,0.5,0.4,-79.5,-75.4,-55.9,-67.9,3.0,18.5,20.0,0.3,0.5,0.4,-14.0,-13.3,-9.9,-12.0,3.0,3.3,20.0,0.3,0.5,0.4,552.0,1092.5,1206.5,884.5,3.0,512.5,20.0,0.3,0.5,0.4,550.0,1095.0,1205.0,885.0,3.0,510.0,20.0,0.3,0.5,0.4
1974,2,202.0,-15.0,29.5,29.5,29.5,29.5,1.0,0.0,4.0,0.0,1.0,0.5,28.0,28.0,28.0,28.0,1.0,0.0,4.0,0.0,1.0,0.5,16.95,16.95,16.95,16.95,1.0,0.0,4.0,0.0,1.0,0.5,72.1,72.1,72.1,72.1,1.0,0.0,4.0,0.0,0.5,4.1,4.1,4.1,4.1,1.0,0.0,4.0,0.0,1.0,0.5,-0.71,-0.71,-0.71,-0.71,1.0,0.0,4.0,0.0,1.0,0.5,-4.04,-4.04,-4.04,-4.04,1.0,0.0,4.0,0.0,1.0,0.5,1015.0,1015.0,1015.0,1015.0,1.0,0.0,4.0,0.0,1.0,0.5,4.0,4.0,4.0,4.0,1.0,0.0,4.0,0.0,1.0,0.5,-2.9,-2.9,-2.9,-2.9,1.0,0.0,4.0,0.0,1.0,0.5,-16.6,-16.6,-16.6,-16.6,1.0,0.0,4.0,0.0,1.0,0.5,1.5,1.5,1.5,1.5,1.0,0.0,4.0,0.0,1.0,0.5,6.2,6.2,6.2,6.2,1.0,0.0,4.0,0.0,1.0,0.5,8.85,8.85,8.85,8.85,1.0,0.0,4.0,0.0,1.0,0.5,36.3,36.3,36.3,36.3,1.0,0.0,4.0,0.0,1.0,0.5,-19.9,-19.9,-19.9,-19.9,1.0,0.0,4.0,0.0,1.0,0.5,-113.1,-113.1,-113.1,-113.1,1.0,0.0,4.0,0.0,1.0,0.5,-12.1,-12.1,-12.1,-12.1,1.0,0.0,4.0,0.0,1.0,0.5,-68.4,-68.4,-68.4,-68.4,1.0,0.0,4.0,0.0,1.0,0.5,-6.3,-6.3,-6.3,-6.3,1.0,0.0,4.0,0.0,1.0,0.5,-35.7,-35.7,-35.7,-35.7,1.0,0.0,4.0,0.0,1.0,0.5,69.0,69.0,69.0,69.0,1.0,0.0,4.0,0.0,1.0,0.5,70.0,70.0,70.0,70.0,1.0,0.0,4.0,0.0,1.0,0.5
1974,2,202.0,-12.0,28.15,28.9,29.65,28.9,2.0,1.56,22.0,0.5,0.7,0.8,27.15,27.25,27.35,27.25,2.0,0.21,22.0,0.5,0.7,0.8,17.54,17.54,17.54,17.54,1.0,0.0,28.0,1.0,1.0,0.7,78.3,78.3,78.3,78.3,1.0,0.0,28.0,1.0,0.7,3.34,3.85,4.36,3.85,2.0,1.06,22.0,0.5,0.7,0.8,-4.13,-3.71,-3.29,-3.71,2.0,0.86,22.0,0.5,0.7,0.8,0.25,0.79,1.32,0.79,2.0,1.11,22.0,0.5,0.7,0.8,1007.09,1008.8,1010.51,1008.8,2.0,3.54,22.0,0.5,0.7,0.8,1.2,1.5,1.8,1.5,2.0,0.7,22.0,0.5,0.7,0.8,-18.3,-14.7,-11.2,-14.7,2.0,7.3,22.0,0.5,0.7,0.8,1.1,3.6,6.1,3.6,2.0,5.1,22.0,0.5,0.7,0.8,1.0,1.65,2.3,1.65,2.0,1.34,22.0,0.5,0.7,0.8,4.0,5.6,7.3,5.6,2.0,3.4,22.0,0.5,0.7,0.8,5.88,5.88,5.88,5.88,1.0,0.0,28.0,1.0,1.0,0.7,27.1,27.1,27.1,27.1,1.0,0.0,28.0,1.0,1.0,0.7,-112.0,-101.0,-90.1,-101.0,2.0,22.8,22.0,0.5,0.7,0.8,6.8,21.3,35.9,21.3,2.0,30.1,22.0,0.5,0.7,0.8,-75.8,-75.8,-75.8,-75.8,1.0,0.0,28.0,1.0,1.0,0.7,27.6,27.6,27.6,27.6,1.0,0.0,28.0,1.0,1.0,0.7,-25.4,-25.4,-25.4,-25.4,1.0,0.0,28.0,1.0,1.0,0.7,9.3,9.3,9.3,9.3,1.0,0.0,28.0,1.0,1.0,0.7,40.5,63.5,86.5,63.5,2.0,48.0,22.0,0.5,0.7,0.8,40.0,65.0,85.0,65.0,2.0,50.0,22.0,0.5,0.7,0.8
1974,2,202.0,-1.0,24.4,24.4,24.4,24.4,1.0,0.0,12.0,0.0,0.9,1.0,24.2,24.2,24.2,24.2,1.0,0.0,12.0,0.0,0.9,1.0,15.74,15.74,15.74,15.74,1.0,0.0,12.0,0.0,0.9,1.0,83.3,83.3,83.3,83.3,1.0,0.0,12.0,0.0,1.0,10.3,10.3,10.3,10.3,1.0,0.0,12.0,0.0,0.9,1.0,-10.14,-10.14,-10.14,-10.14,1.0,0.0,12.0,0.0,0.9,1.0,1.79,1.79,1.79,1.79,1.0,0.0,12.0,0.0,0.9,1.0,1008.7,1008.7,1008.7,1008.7,1.0,0.0,12.0,0.0,0.9,1.0,6.0,6.0,6.0,6.0,1.0,0.0,12.0,0.0,0.9,1.0,-104.5,-104.5,-104.5,-104.5,1.0,0.0,12.0,0.0,0.9,1.0,18.4,18.4,18.4,18.4,1.0,0.0,12.0,0.0,0.9,1.0,0.2,0.2,0.2,0.2,1.0,0.0,12.0,0.0,0.9,1.0,2.1,2.1,2.1,2.1,1.0,0.0,12.0,0.0,0.9,1.0,3.41,3.41,3.41,3.41,1.0,0.0,12.0,0.0,0.9,1.0,35.2,35.2,35.2,35.2,1.0,0.0,12.0,0.0,0.9,1.0,-245.5,-245.5,-245.5,-245.5,1.0,0.0,12.0,0.0,0.9,1.0,43.3,43.3,43.3,43.3,1.0,0.0,12.0,0.0,0.9,1.0,-159.6,-159.6,-159.6,-159.6,1.0,0.0,12.0,0.0,0.9,1.0,28.2,28.2,28.2,28.2,1.0,0.0,12.0,0.0,0.9,1.0,-34.6,-34.6,-34.6,-34.6,1.0,0.0,12.0,0.0,0.9,1.0,6.1,6.1,6.1,6.1,1.0,0.0,12.0,0.0,0.9,1.0,1092.5,1092.5,1092.5,1092.5,1.0,0.0,12.0,0.0,0.9,1.0,1095.0,1095.0,1095.0,1095.0,1.0,0.0,12.0,0.0,0.9,1.0
1974,2,202.0,0.0,24.4,24.4,24.4,24.4,1.0,0.0,12.0,0.0,0.9,0.0,24.2,24.2,24.2,24.2,1.0,0.0,12.0,0.0,0.9,0.0,15.45,15.45,15.45,15.45,1.0,0.0,12.0,0.0,0.9,0.0,81.8,81.8,81.8,81.8,1.0,0.0,12.0,0.0,0.0,10.3,10.3,10.3,10.3,1.0,0.0,12.0,0.0,0.9,0.0,-10.14,-10.14,-10.14,-10.14,1.0,0.0,12.0,0.0,0.9,0.0,1.79,1.79,1.79,1.79,1.0,0.0,12.0,0.0,0.9,0.0,1008.7,1008.7,1008.7,1008.7,1.0,0.0,12.0,0.0,0.9,0.0,6.0,6.0,6.0,6.0,1.0,0.0,12.0,0.0,0.9,0.0,-104.5,-104.5,-104.5,-104.5,1.0,0.0,12.0,0.0,0.9,0.0,18.4,18.4,18.4,18.4,1.0,0.0,12.0,0.0,0.9,0.0,0.2,0.2,0.2,0.2,1.0,0.0,12.0,0.0,0.9,0.0,2.1,2.1,2.1,2.1,1.0,0.0,12.0,0.0,0.9,0.0,3.7,3.7,3.7,3.7,1.0,0.0,12.0,0.0,0.9,0.0,38.1,38.1,38.1,38.1,1.0,0.0,12.0,0.0,0.9,0.0,-245.5,-245.5,-245.5,-245.5,1.0,0.0,12.0,0.0,0.9,0.0,43.3,43.3,43.3,43.3,1.0,0.0,12.0,0.0,0.9,0.0,-156.7,-156.7,-156.7,-156.7,1.0,0.0,12.0,0.0,0.9,0.0,27.6,27.6,27.6,27.6,1.0,0.0,12.0,0.0,0.9,0.0,-37.6,-37.6,-37.6,-37.6,1.0,0.0,12.0,0.0,0.9,0.0,6.6,6.6,6.6,6.6,1.0,0.0,12.0,0.0,0.9,0.0,1092.5,1092.5,1092.5,1092.5,1.0,0.0,12.0,0.0,0.9,0.0,1095.0,1095.0,1095.0,1095.0,1.0,0.0,12.0,0.0,0.9,0.0
1974,2,202.0,3.0,25.6,25.6,25.6,25.6,1.0,0.0,18.0,0.0,0.2,0.6,25.4,25.4,25.4,25.4,1.0,0.0,18.0,0.0,0.2,0.6,16.1,16.1,16.1,16.1,1.0,0.0,18.0,0.0,0.2,0.6,79.5,79.5,79.5,79.5,1.0,0.0,18.0,0.0,0.6,6.7,6.7,6.7,6.7,1.0,0.0,18.0,0.0,0.2,0.6,-5.13,-5.13,-5.13,-5.13,1.0,0.0,18.0,0.0,0.2,0.6,4.31,4.31,4.31,4.31,1.0,0.0,18.0,0.0,0.2,0.6,1011.0,1011.0,1011.0,1011.0,1.0,0.0,18.0,0.0,0.2,0.6,7.0,7.0,7.0,7.0,1.0,0.0,18.0,0.0,0.2,0.6,-34.4,-34.4,-34.4,-34.4,1.0,0.0,18.0,0.0,0.2,0.6,28.9,28.9,28.9,28.9,1.0,0.0,18.0,0.0,0.2,0.6,0.2,0.2,0.2,0.2,1.0,0.0,18.0,0.0,0.2,0.6,1.3,1.3,1.3,1.3,1.0,0.0,18.0,0.0,0.2,0.6,4.45,4.45,4.45,4.45,1.0,0.0,18.0,0.0,0.2,0.6,29.8,29.8,29.8,29.8,1.0,0.0,18.0,0.0,0.2,0.6,-130.4,-130.4,-130.4,-130.4,1.0,0.0,18.0,0.0,0.2,0.6,109.4,109.4,109.4,109.4,1.0,0.0,18.0,0.0,0.2,0.6,-82.6,-82.6,-82.6,-82.6,1.0,0.0,18.0,0.0,0.2,0.6,69.3,69.3,69.3,69.3,1.0,0.0,18.0,0.0,0.2,0.6,-22.8,-22.8,-22.8,-22.8,1.0,0.0,18.0,0.0,0.2,0.6,19.2,19.2,19.2,19.2,1.0,0.0,18.0,0.0,0.2,0.6,301.0,301.0,301.0,301.0,1.0,0.0,18.0,0.0,0.2,0.6,300.0,300.0,300.0,300.0,1.0,0.0,18.0,0.0,0.2,0.6
1974,2,202.0,4.0,25.66,25.8,25.94,25.8,2.0,0.28,16.0,0.5,0.7,0.4,26.5,26.7,26.9,26.7,2.0,0.42,16.0,0.5,0.7,0.4,16.99,17.36,17.72,17.36,2.0,0.75,16.0,0.5,0.7,0.4,78.5,79.2,79.9,79.2,2.0,1.4,16.0,0.5,0.4,7.78,7.95,8.12,7.95,2.0,0.35,16.0,0.5,0.7,0.4,-7.6,-7.4,-7.2,-7.4,2.0,0.42,16.0,0.5,0.7,0.4,0.65,2.05,3.45,2.05,2.0,2.9,16.0,0.5,0.7,0.4,1010.02,1010.05,1010.08,1010.05,2.0,0.07,16.0,0.5,0.7,0.4,8.0,8.0,8.0,8.0,2.0,0.0,16.0,0.5,0.7,0.4,-59.1,-58.8,-58.4,-58.8,2.0,0.7,16.0,0.5,0.7,0.4,5.3,16.8,28.3,16.8,2.0,23.8,16.0,0.5,0.7,0.4,-1.24,-0.9,-0.56,-0.9,2.0,0.71,16.0,0.5,0.7,0.4,-9.6,-7.0,-4.5,-7.0,2.0,5.3,16.0,0.5,0.7,0.4,2.93,3.46,3.99,3.46,2.0,1.11,16.0,0.5,0.7,0.4,22.9,27.7,32.5,27.7,2.0,10.0,16.0,0.5,0.7,0.4,-204.7,-197.7,-190.7,-197.7,2.0,14.4,16.0,0.5,0.7,0.4,17.2,54.1,91.1,54.1,2.0,76.5,16.0,0.5,0.7,0.4,-134.8,-128.6,-122.4,-128.6,2.0,12.9,16.0,0.5,0.7,0.4,10.9,34.5,58.0,34.5,2.0,48.8,16.0,0.5,0.7,0.4,-28.6,-25.4,-22.1,-25.4,2.0,6.7,16.0,0.5,0.7,0.4,2.8,8.7,14.6,8.7,2.0,12.3,16.0,0.5,0.7,0.4,471.5,504.0,536.5,504.0,2.0,67.0,16.0,0.5,0.7,0.4,470.0,505.0,535.0,505.0,2.0,65.0,16.0,0.5,0.7,0.4
1974,2,202.0,7.0,27.2,27.2,27.2,27.2,1.0,0.0,20.0,0.0,0.8,0.1,26.1,26.1,26.1,26.1,1.0,0.0,20.0,0.0,0.8,0.1,18.45,18.45,18.45,18.45,1.0,0.0,20.0,0.0,0.8,0.1,87.2,87.2,87.2,87.2,1.0,0.0,20.0,0.0,0.1,10.3,10.3,10.3,10.3,1.0,0.0,20.0,0.0,0.8,0.1,-10.14,-10.14,-10.14,-10.14,1.0,0.0,20.0,0.0,0.8,0.1,-1.79,-1.79,-1.79,-1.79,1.0,0.0,20.0,0.0,0.8,0.1,1009.8,1009.8,1009.8,1009.8,1.0,0.0,20.0,0.0,0.8,0.1,7.0,7.0,7.0,7.0,1.0,0.0,20.0,0.0,0.8,0.1,-104.5,-104.5,-104.5,-104.5,1.0,0.0,20.0,0.0,0.8,0.1,-18.4,-18.4,-18.4,-18.4,1.0,0.0,20.0,0.0,0.8,0.1,1.1,1.1,1.1,1.1,1.0,0.0,20.0,0.0,0.8,0.1,11.3,11.3,11.3,11.3,1.0,0.0,20.0,0.0,0.8,0.1,4.19,4.19,4.19,4.19,1.0,0.0,20.0,0.0,0.8,0.1,43.2,43.2,43.2,43.2,1.0,0.0,20.0,0.0,0.8,0.1,-264.7,-264.7,-264.7,-264.7,1.0,0.0,20.0,0.0,0.8,0.1,-46.7,-46.7,-46.7,-46.7,1.0,0.0,20.0,0.0,0.8,0.1,-187.1,-187.1,-187.1,-187.1,1.0,0.0,20.0,0.0,0.8,0.1,-33.0,-33.0,-33.0,-33.0,1.0,0.0,20.0,0.0,0.8,0.1,-42.5,-42.5,-42.5,-42.5,1.0,0.0,20.0,0.0,0.8,0.1,-7.5,-7.5,-7.5,-7.5,1.0,0.0,20.0,0.0,0.8,0.1,1092.5,1092.5,1092.5,1092.5,1.0,0.0,20.0,0.0,0.8,0.1,1095.0,1095.0,1095.0,1095.0,1.0,0.0,20.0,0.0,0.8,0.1
1974,2,202.0,8.0,,,,,,,,,,,,,,,,,,,,,,,,,,,,,,,,,,,,,,,,12.3,12.3,12.3,12.3,1.0,0.0,28.0,0.0,0.1,0.1,-10.65,-10.65,-10.65,-10.65,1.0,0.0,28.0,0.0,0.1,0.1,-6.15,-6.15,-6.15,-6.15,1.0,0.0,28.0,0.0,0.1,0.1,1007.8,1007.8,1007.8,1007.8,1.0,0.0,28.0,0.0,0.1,0.1,2.0,2.0,2.0,2.0,1.0,0.0,28.0,0.0,0.1,0.1,-131.0,-131.0,-131.0,-131.0,1.0,0.0,28.0,0.0,0.1,0.1,-75.6,-75.6,-75.6,-75.6,1.0,0.0,28.0,0.0,0.1,0.1,,,,,,,,,,,,,,,,,,,,,,,,,,,,,,,,,,,,,,,,,-266.3,-266.3,-266.3,-266.3,1.0,0.0,28.0,0.0,0.1,0.1,-153.7,-153.7,-153.7,-153.7,1.0,0.0,28.0,0.0,0.1,0.1,-192.1,-192.1,-192.1,-192.1,1.0,0.0,28.0,0.0,0.1,0.1,-110.9,-110.9,-110.9,-110.9,1.0,0.0,28.0,0.0,0.1,0.1,,,,,,,,,,,,,,,,,,,,,,,,,,,,,,,,,,,,,,,,
1974,2,202.0,9.0,26.7,26.7,26.7,26.7,1.0,0.0,24.0,1.0,0.4,0.0,23.67,24.45,25.23,24.45,2.0,1.63,22.0,0.5,0.6,0.3,15.31,16.23,17.14,16.23,2.0,1.9,22.0,0.5,0.6,0.3,76.6,85.4,94.1,85.4,2.0,18.2,22.0,0.5,0.3,8.11,9.0,9.89,9.0,2.0,1.84,22.0,0.5,0.6,0.3,-9.36,-8.69,-8.01,-8.69,2.0,1.4,22.0,0.5,0.6,0.3,-2.96,-1.76,-0.56,-1.76,2.0,2.49,22.0,0.5,0.6,0.3,1008.74,1009.05,1009.36,1009.05,2.0,0.64,22.0,0.5,0.6,0.3,2.6,4.0,5.4,4.0,2.0,2.8,22.0,0.5,0.6,0.3,-93.3,-79.5,-65.7,-79.5,2.0,28.6,22.0,0.5,0.6,0.3,-30.5,-18.1,-5.8,-18.1,2.0,25.7,22.0,0.5,0.6,0.3,3.4,3.4,3.4,3.4,1.0,0.0,24.0,1.0,0.4,0.0,26.2,26.2,26.2,26.2,1.0,0.0,24.0,1.0,0.4,0.0,4.41,4.41,4.41,4.41,1.0,0.0,24.0,1.0,0.4,0.0,33.9,33.9,33.9,33.9,1.0,0.0,24.0,1.0,0.4,0.0,-236.9,-213.6,-190.3,-213.6,2.0,48.3,22.0,0.5,0.6,0.3,-75.9,-45.1,-14.3,-45.1,2.0,63.8,22.0,0.5,0.6,0.3,-142.7,-139.7,-136.7,-139.7,2.0,6.2,22.0,0.5,0.6,0.3,-44.1,-26.2,-8.3,-26.2,2.0,37.1,22.0,0.5,0.6,0.3,-33.9,-33.9,-33.9,-33.9,1.0,0.0,24.0,1.0,0.4,0.0,0.0,0.0,0.0,0.0,1.0,0.0,24.0,1.0,0.4,0.0,557.5,774.5,992.0,774.5,2.0,450.0,22.0,0.5,0.6,0.3,555.0,775.0,990.0,775.0,2.0,450.0,22.0,0.5,0.6,0.3
1974,2,202.0,10.0,24.4,24.4,24.4,24.4,1.0,0.0,28.0,1.0,1.0,0.2,26.1,26.1,26.1,26.1,1.0,0.0,28.0,1.0,1.0,0.2,17.55,17.55,17.55,17.55,1.0,0.0,28.0,1.0,1.0,0.2,83.1,83.1,83.1,83.1,1.0,0.0,28.0,1.0,0.2,,,,,,,,,,,,,,,,,,,,,,,,,,,,,,,,,,,,,,,,,,,,,,,,,,,,,,,,,,,,,,,,,,,,,,,,,,,,,,,,,,,,,,,,,,,,,,,,,,,,,,,,,,,,,,,,,,,,,,,,,,,,,,,,,,,,,,,,,,,,,,,,,,,,,,,,,,,,,,,,,,,,,,,,,,,,,,,,,,,,,,,,,,,,,,
1974,2,202.0,14.0,25.3,25.3,25.3,25.3,1.0,0.0,28.0,0.0,0.7,0.4,24.6,24.6,24.6,24.6,1.0,0.0,28.0,0.0,0.7,0.4,15.87,15.87,15.87,15.87,1.0,0.0,28.0,0.0,0.7,0.4,82.4,82.4,82.4,82.4,1.0,0.0,28.0,0.0,0.4,7.7,7.7,7.7,7.7,1.0,0.0,28.0,0.0,0.7,0.4,-7.7,-7.7,-7.7,-7.7,1.0,0.0,28.0,0.0,0.7,0.4,0.0,0.0,0.0,0.0,1.0,0.0,28.0,0.0,0.7,0.4,1012.8,1012.8,1012.8,1012.8,1.0,0.0,28.0,0.0,0.7,0.4,3.0,3.0,3.0,3.0,1.0,0.0,28.0,0.0,0.7,0.4,-59.3,-59.3,-59.3,-59.3,1.0,0.0,28.0,0.0,0.7,0.4,0.0,0.0,0.0,0.0,1.0,0.0,28.0,0.0,0.7,0.4,0.7,0.7,0.7,0.7,1.0,0.0,28.0,0.0,0.7,0.4,5.4,5.4,5.4,5.4,1.0,0.0,28.0,0.0,0.7,0.4,4.27,4.27,4.27,4.27,1.0,0.0,28.0,0.0,0.7,0.4,32.9,32.9,32.9,32.9,1.0,0.0,28.0,0.0,0.7,0.4,-189.4,-189.4,-189.4,-189.4,1.0,0.0,28.0,0.0,0.7,0.4,0.0,0.0,0.0,0.0,1.0,0.0,28.0,0.0,0.7,0.4,-122.2,-122.2,-122.2,-122.2,1.0,0.0,28.0,0.0,0.7,0.4,0.0,0.0,0.0,0.0,1.0,0.0,28.0,0.0,0.7,0.4,-32.9,-32.9,-32.9,-32.9,1.0,0.0,28.0,0.0,0.7,0.4,0.0,0.0,0.0,0.0,1.0,0.0,28.0,0.0,0.7,0.4,456.5,456.5,456.5,456.5,1.0,0.0,28.0,0.0,0.7,0.4,455.0,455.0,455.0,455.0,1.0,0.0,28.0,0.0,0.7,0.4
1974,2,202.0,15.0,25.0,25.0,25.0,25.0,2.0,0.0,10.0,1.0,0.3,0.6,23.9,24.75,25.6,24.75,2.0,1.77,10.0,1.0,0.3,0.6,14.64,14.83,15.03,14.83,2.0,0.41,10.0,1.0,0.3,0.6,71.9,76.9,82.0,76.9,2.0,10.5,10.0,1.0,0.6,7.77,9.0,10.23,9.0,2.0,2.55,10.0,1.0,0.3,0.6,-9.96,-8.16,-6.35,-8.16,2.0,3.74,10.0,1.0,0.3,0.6,0.73,2.31,3.89,2.31,2.0,3.27,10.0,1.0,0.3,0.6,1013.75,1015.35,1016.95,1015.35,2.0,3.32,10.0,1.0,0.3,0.6,2.0,2.0,2.0,2.0,2.0,0.0,10.0,1.0,0.3,0.6,-104.4,-78.2,-51.9,-78.2,2.0,54.4,10.0,1.0,0.3,0.6,5.3,16.7,28.0,16.7,2.0,23.6,10.0,1.0,0.3,0.6,-0.6,0.25,1.1,0.25,2.0,1.77,10.0,1.0,0.3,0.6,-3.5,4.5,12.5,4.5,2.0,16.5,10.0,1.0,0.3,0.6,4.67,4.9,5.13,4.9,2.0,0.47,10.0,1.0,0.3,0.6,39.5,43.5,47.4,43.5,2.0,8.2,10.0,1.0,0.3,0.6,-236.3,-198.6,-160.9,-198.6,2.0,78.1,10.0,1.0,0.3,0.6,19.1,60.2,101.2,60.2,2.0,85.1,10.0,1.0,0.3,0.6,-150.1,-121.8,-93.4,-121.8,2.0,58.8,10.0,1.0,0.3,0.6,10.7,33.7,56.6,33.7,2.0,47.6,10.0,1.0,0.3,0.6,-46.0,-39.1,-32.1,-39.1,2.0,14.4,10.0,1.0,0.3,0.6,3.8,12.1,20.4,12.1,2.0,17.1,10.0,1.0,0.3,0.6,514.0,816.5,1119.0,816.5,2.0,627.0,10.0,1.0,0.3,0.6,515.0,815.0,1120.0,815.0,2.0,625.0,10.0,1.0,0.3,0.6
1974,2,202.0,16.0,24.91,25.15,25.39,25.15,2.0,0.49,4.0,0.0,1.0,0.3,24.66,24.8,24.94,24.8,2.0,0.28,4.0,0.0,1.0,0.3,15.3,15.81,16.31,15.81,2.0,1.04,4.0,0.0,1.0,0.3,79.3,81.2,83.1,81.2,2.0,3.9,4.0,0.0,0.3,4.85,5.4,5.95,5.4,2.0,1.13,4.0,0.0,1.0,0.3,-5.82,-5.21,-4.61,-5.21,2.0,1.26,4.0,0.0,1.0,0.3,-0.66,0.25,1.15,0.25,2.0,1.87,4.0,0.0,1.0,0.3,1014.6,1014.8,1015.0,1014.8,2.0,0.42,4.0,0.0,1.0,0.3,1.5,2.5,3.5,2.5,2.0,2.1,4.0,0.0,1.0,0.3,-35.0,-28.9,-22.7,-28.9,2.0,12.7,4.0,0.0,1.0,0.3,-4.5,0.3,5.0,0.3,2.0,9.8,4.0,0.0,1.0,0.3,0.25,0.35,0.45,0.35,2.0,0.21,4.0,0.0,1.0,0.3,1.4,1.8,2.1,1.8,2.0,0.7,4.0,0.0,1.0,0.3,3.91,4.12,4.33,4.12,2.0,0.44,4.0,0.0,1.0,0.3,19.1,22.5,25.9,22.5,2.0,7.0,4.0,0.0,1.0,0.3,-143.5,-129.1,-114.8,-129.1,2.0,29.8,4.0,0.0,1.0,0.3,-16.0,6.4,28.9,6.4,2.0,46.5,4.0,0.0,1.0,0.3,-88.7,-81.8,-74.8,-81.8,2.0,14.5,4.0,0.0,1.0,0.3,-9.5,4.9,19.3,4.9,2.0,29.9,4.0,0.0,1.0,0.3,-25.4,-21.8,-18.1,-21.8,2.0,7.5,4.0,0.0,1.0,0.3,-3.1,0.6,4.3,0.6,2.0,7.6,4.0,0.0,1.0,0.3,119.5,168.0,216.0,168.0,2.0,99.5,4.0,0.0,1.0,0.3,120.0,170.0,215.0,170.0,2.0,100.0,4.0,0.0,1.0,0.3
1974,2,202.0,17.0,23.86,24.0,24.0,23.93,3.0,0.12,18.0,0.3,0.6,0.7,23.93,24.0,24.61,24.27,3.0,0.55,18.0,0.3,0.6,0.7,12.96,12.96,14.76,13.84,3.0,1.53,18.0,0.3,0.6,0.7,67.6,70.4,79.9,73.7,3.0,9.4,18.0,0.3,0.7,10.09,11.8,12.14,11.13,3.0,1.61,18.0,0.3,0.6,0.7,-12.01,-11.8,-9.71,-10.88,3.0,1.86,18.0,0.3,0.6,0.7,-2.85,-2.14,-0.68,-1.77,3.0,1.62,18.0,0.3,0.6,0.7,1015.06,1015.2,1016.77,1015.9,3.0,1.39,18.0,0.3,0.6,0.7,1.3,4.0,6.7,4.0,3.0,4.0,18.0,0.3,0.6,0.7,-145.9,-139.2,-99.7,-123.2,3.0,36.6,18.0,0.3,0.6,0.7,-28.5,-26.3,-8.3,-18.6,3.0,16.2,18.0,0.3,0.6,0.7,-0.65,-0.1,-0.03,-0.33,3.0,0.49,18.0,0.3,0.6,0.7,-6.1,-1.2,-0.4,-3.2,3.0,4.5,18.0,0.3,0.6,0.7,3.71,5.39,5.54,4.64,3.0,1.49,18.0,0.3,0.6,0.7,41.2,52.2,60.0,50.6,3.0,13.9,18.0,0.3,0.6,0.7,-288.0,-282.0,-238.0,-263.4,3.0,39.9,18.0,0.3,0.6,0.7,-70.3,-51.3,-16.3,-43.5,3.0,40.2,18.0,0.3,0.6,0.7,-177.5,-152.9,-125.8,-151.7,3.0,37.9,18.0,0.3,0.6,0.7,-38.7,-33.3,-10.6,-24.8,3.0,21.9,18.0,0.3,0.6,0.7,-59.0,-49.1,-39.8,-49.4,3.0,14.1,18.0,0.3,0.6,0.7,-14.2,-6.3,-2.0,-8.0,3.0,9.1,18.0,0.3,0.6,0.7,1070.5,1643.0,1791.5,1436.0,3.0,558.0,18.0,0.3,0.6,0.7,1070.0,1645.0,1790.0,1435.0,3.0,560.0,18.0,0.3,0.6,0.7
1974,2,202.0,18.0,24.41,25.0,25.97,25.06,8.0,0.82,16.0,0.6,0.6,0.3,23.91,24.45,25.47,24.81,8.0,1.41,16.0,0.6,0.6,0.3,13.61,14.61,15.2,14.53,7.0,0.82,16.0,0.7,0.6,0.3,66.9,76.4,82.3,74.1,7.0,8.8,16.0,0.7,0.3,5.22,10.05,10.8,8.3,8.0,3.4,16.0,0.6,0.6,0.3,-10.78,-9.75,-5.06,-8.01,8.0,3.54,16.0,0.6,0.6,0.3,-1.82,0.0,1.84,-0.02,8.0,2.1,16.0,0.6,0.6,0.3,1014.71,1015.05,1016.0,1015.34,8.0,0.89,16.0,0.6,0.6,0.3,0.0,0.5,3.8,1.8,8.0,2.5,16.0,0.6,0.6,0.3,-116.4,-98.2,-26.5,-77.0,8.0,48.4,16.0,0.6,0.6,0.3,-17.4,0.0,20.2,2.2,8.0,18.3,16.0,0.6,0.6,0.3,-0.44,0.5,1.77,0.25,8.0,1.95,16.0,0.6,0.6,0.3,-4.8,3.9,15.7,0.1,8.0,18.5,16.0,0.6,0.6,0.3,4.73,5.93,6.1,5.31,7.0,1.08,16.0,0.7,0.6,0.3,16.1,49.5,66.1,43.5,7.0,22.6,16.0,0.7,0.6,0.3,-275.1,-234.5,-124.0,-199.9,8.0,91.0,16.0,0.6,0.6,0.3,-43.6,0.0,45.1,-1.0,8.0,50.7,16.0,0.6,0.6,0.3,-151.1,-139.5,-75.9,-112.0,7.0,51.8,16.0,0.7,0.6,0.3,-27.4,0.0,14.7,-7.0,7.0,25.4,16.0,0.7,0.6,0.3,-66.0,-49.5,-15.7,-42.1,7.0,23.4,16.0,0.7,0.6,0.3,-9.8,0.0,3.3,-3.0,7.0,9.9,16.0,0.7,0.6,0.3,144.5,1017.0,1259.5,797.0,8.0,576.5,16.0,0.6,0.6,0.3,145.0,1015.0,1260.0,795.0,8.0,575.0,16.0,0.6,0.6,0.3
1974,2,202.0,19.0,24.0,24.6,25.05,24.69,7.0,0.72,14.0,0.4,0.6,0.4,23.33,24.0,26.0,24.39,9.0,1.45,14.0,0.4,0.7,0.3,13.59,15.32,17.28,15.24,8.0,1.95,12.0,0.4,0.7,0.3,72.6,80.3,83.3,79.6,8.0,8.1,12.0,0.4,0.3,2.66,5.65,10.12,5.85,8.0,3.91,14.0,0.4,0.6,0.3,-8.26,-4.83,-1.49,-5.1,8.0,3.62,14.0,0.4,0.6,0.3,-2.9,-0.4,0.48,-0.36,8.0,3.39,14.0,0.4,0.6,0.3,1014.43,1016.4,1017.85,1016.13,9.0,1.83,14.0,0.4,0.7,0.3,1.1,2.5,4.0,2.8,8.0,1.9,12.0,0.5,0.7,0.4,-87.3,-27.6,-4.1,-41.8,8.0,41.4,14.0,0.4,0.6,0.3,-23.7,-1.8,1.5,1.5,8.0,32.0,14.0,0.4,0.6,0.3,-0.71,0.5,1.6,0.19,7.0,1.63,14.0,0.4,0.6,0.4,-0.2,1.3,14.9,5.8,7.0,8.4,14.0,0.4,0.6,0.4,1.19,4.44,6.16,4.1,6.0,2.56,12.0,0.3,0.6,0.4,2.7,23.1,48.3,26.5,6.0,25.4,12.0,0.3,0.6,0.4,-193.0,-122.9,-36.0,-121.5,8.0,83.9,14.0,0.4,0.6,0.3,-66.9,-9.6,11.5,-10.2,8.0,81.9,14.0,0.4,0.6,0.3,-98.7,-69.2,-16.6,-67.5,7.0,50.9,12.0,0.3,0.6,0.4,-36.6,-12.2,0.4,-19.8,7.0,27.7,12.0,0.3,0.6,0.4,-47.5,-15.7,-2.7,-23.4,6.0,24.9,12.0,0.3,0.6,0.4,-20.5,-6.5,0.1,-9.2,6.0,10.7,12.0,0.3,0.6,0.4,19.0,199.0,1044.5,432.0,8.0,510.0,14.0,0.4,0.6,0.3,20.0,200.0,1045.0,430.0,8.0,510.0,14.0,0.4,0.6,0.3
1974,2,202.0,20.0,25.0,25.0,25.6,25.24,5.0,0.33,12.0,0.4,0.3,0.4,22.55,24.3,25.0,23.5,6.0,2.32,10.0,0.3,0.3,0.3,12.62,13.63,13.72,13.19,6.0,1.02,10.0,0.3,0.3,0.3,69.3,72.2,76.4,73.5,6.0,5.2,10.0,0.3,0.3,1.19,3.3,11.15,5.47,6.0,5.74,10.0,0.3,0.3,0.3,-9.65,-2.51,0.89,-4.04,6.0,5.74,10.0,0.3,0.3,0.3,-5.57,-0.91,0.18,-2.21,6.0,3.22,10.0,0.3,0.3,0.3,1013.61,1015.25,1019.13,1015.97,6.0,2.98,10.0,0.3,0.3,0.3,2.0,2.0,3.0,2.4,5.0,0.5,12.0,0.4,0.3,0.4,-110.0,-12.8,1.3,-49.0,6.0,73.4,10.0,0.3,0.3,0.3,-63.5,-1.4,0.9,-25.8,6.0,43.8,10.0,0.3,0.3,0.3,0.38,0.8,1.31,0.82,5.0,0.58,12.0,0.4,0.3,0.4,1.1,7.7,8.4,5.3,5.0,4.1,12.0,0.4,0.3,0.4,5.99,6.66,6.83,6.44,5.0,0.48,12.0,0.4,0.3,0.4,9.9,34.0,73.6,42.2,5.0,37.5,12.0,0.4,0.3,0.4,-235.7,-59.0,22.0,-98.8,6.0,142.0,10.0,0.3,0.3,0.3,-136.1,-22.5,4.3,-54.8,6.0,79.4,10.0,0.3,0.3,0.3,-134.2,-32.6,12.1,-55.1,6.0,78.7,10.0,0.3,0.3,0.3,-77.5,-12.4,2.4,-30.6,6.0,44.1,10.0,0.3,0.3,0.3,-63.8,-33.5,6.4,-31.2,5.0,39.6,12.0,0.4,0.3,0.4,-36.8,-7.9,-0.1,-16.9,5.0,22.3,12.0,0.4,0.3,0.4,2.5,68.0,1483.5,703.0,6.0,1197.0,10.0,0.3,0.3,0.3,5.0,70.0,1485.0,705.0,6.0,1195.0,10.0,0.3,0.3,0.3
1974,2,202.0,21.0,23.04,24.4,25.0,24.33,16.0,1.21,12.0,0.8,0.5,0.3,23.31,24.2,26.4,24.69,14.0,1.43,10.0,0.7,0.5,0.3,13.28,14.6,15.44,14.7,14.0,1.64,10.0,0.7,0.5,0.3,65.7,79.2,84.2,76.4,14.0,9.8,10.0,0.7,0.3,4.8,9.0,12.48,8.21,18.0,3.81,12.0,0.7,0.5,0.2,-11.81,-7.89,-3.47,-7.47,18.0,3.9,12.0,0.7,0.5,0.2,-4.21,-0.54,2.11,-1.15,18.0,3.18,12.0,0.7,0.5,0.2,1014.57,1015.9,1018.8,1016.66,19.0,2.62,12.0,0.7,0.5,0.2,1.0,4.0,6.0,3.7,19.0,2.3,12.0,0.7,0.5,0.2,-152.6,-64.7,-16.1,-74.9,18.0,57.2,12.0,0.7,0.5,0.2,-37.4,-3.3,12.8,-12.2,18.0,31.6,12.0,0.7,0.5,0.2,-2.3,-0.4,1.16,-0.36,13.0,1.85,12.0,0.7,0.5,0.3,-23.6,-5.3,6.8,-7.0,12.0,16.8,12.0,0.7,0.5,0.3,2.14,4.52,6.27,4.32,13.0,2.05,12.0,0.7,0.5,0.3,8.4,34.2,57.9,31.3,12.0,21.5,12.0,0.7,0.5,0.3,-268.8,-150.6,-82.9,-164.8,13.0,100.7,12.0,0.7,0.5,0.3,-133.7,0.0,58.4,-29.0,13.0,91.0,12.0,0.7,0.5,0.3,-164.2,-85.9,-42.7,-96.7,13.0,60.0,12.0,0.7,0.5,0.3,-89.7,0.0,30.1,-19.1,13.0,53.9,12.0,0.7,0.5,0.3,-45.4,-27.3,-6.8,-27.3,12.0,19.7,12.0,0.7,0.5,0.3,-14.0,-2.2,10.0,-4.1,12.0,17.6,12.0,0.7,0.5,0.3,113.5,746.5,1947.0,868.0,18.0,807.5,12.0,0.7,0.5,0.2,115.0,745.0,1945.0,870.0,18.0,805.0,12.0,0.7,0.5,0.2
1974,2,202.0,22.0,22.9,23.5,24.81,23.73,16.0,0.93,14.0,0.4,0.4,0.5,22.0,23.0,24.13,23.11,12.0,1.18,16.0,0.5,0.4,0.6,12.07,13.73,15.26,13.86,12.0,1.4,16.0,0.5,0.4,0.6,73.3,80.4,85.3,79.1,12.0,6.0,16.0,0.5,0.6,2.6,8.2,12.13,7.66,18.0,4.03,16.0,0.4,0.4,0.5,-11.38,-7.89,-1.69,-6.69,18.0,4.59,16.0,0.4,0.4,0.5,-2.49,-0.63,0.39,-0.64,18.0,3.09,16.0,0.4,0.4,0.5,1015.4,1017.8,1019.35,1017.43,16.0,1.92,16.0,0.4,0.4,0.5,1.7,3.0,5.3,3.3,18.0,1.8,16.0,0.4,0.4,0.5,-141.6,-62.8,-3.9,-65.4,18.0,60.2,16.0,0.4,0.4,0.5,-17.3,-2.2,1.0,-7.5,18.0,32.3,16.0,0.4,0.4,0.5,-0.71,0.5,2.71,0.77,11.0,1.76,14.0,0.5,0.4,0.6,-5.8,1.6,24.9,4.4,11.0,17.3,14.0,0.5,0.4,0.6,2.73,4.97,6.22,4.63,11.0,2.02,14.0,0.5,0.4,0.6,7.2,25.9,47.0,31.7,11.0,27.2,14.0,0.5,0.4,0.6,-195.9,-140.1,-16.4,-114.1,12.0,107.3,16.0,0.5,0.4,0.6,-84.8,-13.8,38.6,-13.0,12.0,92.2,16.0,0.5,0.4,0.6,-117.7,-80.2,-8.9,-66.6,12.0,63.4,16.0,0.5,0.4,0.6,-47.0,-8.5,25.1,-6.2,12.0,57.1,16.0,0.5,0.4,0.6,-45.3,-24.3,-3.8,-27.3,11.0,28.1,14.0,0.5,0.4,0.6,-13.5,0.0,9.5,-3.3,11.0,15.1,14.0,0.5,0.4,0.6,17.5,551.5,1795.0,781.0,18.0,819.5,16.0,0.4,0.4,0.5,20.0,550.0,1795.0,780.0,18.0,820.0,16.0,0.4,0.4,0.5
1974,2,202.0,23.0,22.29,23.6,24.2,23.39,7.0,0.89,10.0,0.7,0.4,0.3,21.6,23.0,24.05,23.04,7.0,1.22,10.0,0.9,0.4,0.3,13.9,15.35,15.52,14.58,7.0,1.58,10.0,0.9,0.4,0.3,71.2,88.0,93.1,83.8,7.0,11.7,10.0,0.9,0.3,2.47,6.2,11.93,6.74,9.0,4.23,10.0,0.7,0.5,0.3,-11.89,-1.3,1.74,-3.68,9.0,6.71,10.0,0.7,0.5,0.3,-4.57,-1.61,0.0,-1.98,9.0,2.11,10.0,0.7,0.5,0.3,1015.33,1015.8,1017.47,1016.24,9.0,1.22,10.0,0.7,0.5,0.3,3.0,4.0,4.7,4.0,9.0,1.3,10.0,0.7,0.5,0.3,-144.5,-1.9,8.9,-45.3,9.0,76.2,10.0,0.7,0.5,0.3,-24.4,-13.1,0.0,-11.4,9.0,11.4,10.0,0.7,0.5,0.3,-0.32,0.95,2.0,0.58,6.0,1.75,10.0,0.8,0.3,0.3,-3.1,3.1,10.2,1.7,6.0,9.9,10.0,0.8,0.3,0.3,2.68,2.97,3.31,3.0,6.0,0.36,10.0,0.8,0.3,0.3,5.1,15.1,16.6,12.3,6.0,5.7,10.0,0.8,0.3,0.3,-148.8,17.3,41.1,-26.7,7.0,113.3,10.0,0.9,0.4,0.3,-103.5,-53.0,-27.6,-57.3,7.0,45.3,10.0,0.9,0.4,0.3,-82.8,11.5,29.2,-9.5,7.0,63.2,10.0,0.9,0.4,0.3,-71.4,-29.8,-16.7,-37.6,7.0,32.2,10.0,0.9,0.4,0.3,-6.6,3.6,7.1,1.0,6.0,9.8,10.0,0.8,0.3,0.3,-13.4,-8.2,-3.0,-7.8,6.0,6.6,10.0,0.8,0.3,0.3,38.0,238.5,1785.0,649.5,9.0,881.5,10.0,0.7,0.5,0.3,40.0,240.0,1785.0,650.0,9.0,880.0,10.0,0.7,0.5,0.3
1974,2,202.0,24.0,21.99,23.9,24.65,23.33,3.0,2.01,20.0,0.3,0.6,0.5,22.0,22.0,23.64,22.8,3.0,1.39,20.0,0.3,0.6,0.5,12.69,13.25,13.82,13.25,2.0,1.16,22.0,0.5,0.4,0.4,74.8,75.4,75.9,75.4,2.0,1.1,22.0,0.5,0.4,1.98,4.1,5.19,3.6,3.0,2.39,20.0,0.3,0.6,0.5,-3.97,-1.0,-0.8,-2.36,3.0,2.6,20.0,0.3,0.6,0.5,0.62,1.95,3.37,2.0,3.0,2.02,20.0,0.3,0.6,0.5,1019.2,1020.7,1022.27,1020.73,3.0,2.25,20.0,0.3,0.6,0.5,0.3,1.0,3.0,1.7,3.0,2.1,20.0,0.3,0.6,0.5,-21.8,-2.9,-1.6,-11.5,3.0,16.5,20.0,0.3,0.6,0.5,3.5,11.1,14.8,9.2,3.0,8.4,20.0,0.3,0.6,0.5,-1.65,1.9,2.65,0.53,3.0,3.37,20.0,0.3,0.6,0.5,-12.2,1.9,9.0,-1.5,3.0,15.8,20.0,0.3,0.6,0.5,2.11,3.67,5.24,3.67,2.0,3.24,22.0,0.5,0.4,0.4,6.3,6.9,7.6,6.9,2.0,1.3,22.0,0.5,0.4,0.4,-96.2,-22.0,-17.7,-56.1,3.0,64.7,20.0,0.3,0.6,0.5,15.1,47.6,75.7,45.5,3.0,44.5,20.0,0.3,0.6,0.5,-65.4,-43.9,-22.4,-43.9,2.0,44.5,22.0,0.5,0.4,0.4,4.4,13.7,23.1,13.7,2.0,19.4,22.0,0.5,0.4,0.4,-7.2,-6.7,-6.2,-6.7,2.0,1.0,22.0,0.5,0.4,0.4,0.4,1.3,2.3,1.3,2.0,1.9,22.0,0.5,0.4,0.4,22.5,69.0,148.5,85.0,3.0,93.0,20.0,0.3,0.6,0.5,25.0,70.0,150.0,85.0,3.0,95.0,20.0,0.3,0.6,0.5
1974,2,202.0,25.0,21.29,21.6,22.38,21.83,4.0,0.82,16.0,0.8,0.7,0.5,21.44,22.7,24.38,22.9,4.0,1.77,16.0,0.8,0.7,0.5,12.71,13.3,13.92,13.31,4.0,0.74,16.0,0.8,0.7,0.5,73.8,77.9,80.7,77.3,4.0,4.1,16.0,0.8,0.5,5.86,7.2,8.22,7.05,4.0,1.54,16.0,0.8,0.7,0.5,-8.1,-5.94,-2.51,-5.34,4.0,3.48,16.0,0.8,0.7,0.5,-0.15,3.18,5.08,2.5,4.0,3.2,16.0,0.8,0.7,0.5,1019.5,1020.1,1022.01,1020.73,4.0,1.74,16.0,0.8,0.7,0.5,3.0,3.0,4.4,3.7,3.0,1.2,18.0,0.7,0.7,0.6,-66.9,-43.6,-16.1,-41.6,4.0,31.1,16.0,0.8,0.7,0.5,-2.0,18.0,30.2,14.3,4.0,20.8,16.0,0.8,0.7,0.5,-2.38,-0.45,0.17,-1.07,4.0,1.95,16.0,0.8,0.7,0.5,-18.6,-3.7,0.7,-8.7,4.0,14.6,16.0,0.8,0.7,0.5,2.04,3.21,3.66,2.87,4.0,1.11,16.0,0.8,0.7,0.5,13.9,18.7,26.2,20.0,4.0,9.4,16.0,0.8,0.7,0.5,-196.6,-141.5,-54.3,-126.2,4.0,86.7,16.0,0.8,0.7,0.5,-2.8,70.0,109.0,53.9,4.0,69.6,16.0,0.8,0.7,0.5,-112.4,-81.6,-32.3,-72.8,4.0,49.2,16.0,0.8,0.7,0.5,-1.8,40.9,64.7,31.9,4.0,41.1,16.0,0.8,0.7,0.5,-22.7,-11.1,-6.3,-14.3,4.0,12.4,16.0,0.8,0.7,0.5,-2.1,8.2,16.4,7.2,4.0,11.0,16.0,0.8,0.7,0.5,212.5,378.5,562.5,387.0,4.0,224.0,16.0,0.8,0.7,0.5,215.0,380.0,560.0,385.0,4.0,225.0,16.0,0.8,0.7,0.5
1974,2,202.0,26.0,20.0,21.4,22.84,21.43,6.0,1.31,16.0,0.5,0.7,0.4,20.63,21.1,21.99,21.26,5.0,0.92,16.0,0.4,0.6,0.4,11.32,13.32,14.13,12.86,5.0,1.56,16.0,0.4,0.6,0.4,76.0,86.2,86.5,82.2,5.0,5.8,16.0,0.4,0.4,4.48,6.95,8.3,6.33,6.0,2.47,16.0,0.5,0.7,0.4,-5.39,-2.96,0.0,-3.07,6.0,3.0,16.0,0.5,0.7,0.4,-0.87,3.97,7.09,3.36,6.0,4.52,16.0,0.5,0.7,0.4,1018.78,1020.25,1022.06,1020.48,6.0,2.69,16.0,0.5,0.7,0.4,2.0,3.5,5.6,4.0,6.0,2.3,16.0,0.5,0.7,0.4,-36.6,-14.4,0.0,-20.3,6.0,24.6,16.0,0.5,0.7,0.4,-5.4,23.7,56.4,25.1,6.0,36.5,16.0,0.5,0.7,0.4,-0.37,0.5,0.78,0.24,5.0,0.8,16.0,0.4,0.6,0.4,-3.0,3.7,4.8,1.1,5.0,5.6,16.0,0.4,0.6,0.4,2.76,2.86,3.39,3.04,5.0,0.34,16.0,0.4,0.6,0.4,17.1,23.4,25.0,21.6,5.0,4.4,16.0,0.4,0.6,0.4,-125.1,-77.0,0.0,-68.6,5.0,69.7,16.0,0.4,0.6,0.4,2.5,130.8,156.1,87.8,5.0,99.5,16.0,0.4,0.6,0.4,-74.4,-42.3,0.0,-39.5,5.0,39.6,16.0,0.4,0.6,0.4,3.5,73.3,99.0,55.1,5.0,61.1,16.0,0.4,0.6,0.4,-18.2,-13.3,0.0,-10.3,5.0,9.9,16.0,0.4,0.6,0.4,0.8,17.0,23.4,12.4,5.0,13.5,16.0,0.4,0.6,0.4,107.0,347.5,573.5,341.0,6.0,254.0,16.0,0.5,0.7,0.4,105.0,345.0,575.0,340.0,6.0,255.0,16.0,0.5,0.7,0.4
1974,2,202.0,27.0,21.1,21.55,22.59,21.59,8.0,1.43,16.0,0.6,0.7,0.3,19.61,20.65,22.08,20.78,8.0,1.53,16.0,0.6,0.7,0.3,12.27,12.96,13.57,12.91,8.0,1.63,16.0,0.6,0.7,0.3,75.9,87.5,91.1,85.1,8.0,7.7,16.0,0.6,0.3,4.21,6.45,10.07,6.68,8.0,3.45,16.0,0.6,0.7,0.3,-9.59,-2.34,-0.95,-4.02,8.0,4.12,16.0,0.6,0.7,0.3,-5.44,1.76,4.26,0.24,8.0,5.22,16.0,0.6,0.7,0.3,1018.93,1021.65,1024.56,1021.69,8.0,3.09,16.0,0.6,0.7,0.3,1.1,3.5,7.8,4.1,8.0,2.9,16.0,0.6,0.7,0.3,-96.7,-11.7,-1.5,-36.2,8.0,48.6,16.0,0.6,0.7,0.3,-61.8,7.7,27.9,-6.6,8.0,41.9,16.0,0.6,0.7,0.3,-0.44,0.65,2.6,0.81,8.0,1.67,16.0,0.6,0.7,0.3,-5.2,3.8,5.0,3.0,8.0,9.7,16.0,0.6,0.7,0.3,1.51,3.02,4.72,3.06,8.0,1.63,16.0,0.6,0.7,0.3,10.0,13.7,21.1,17.5,8.0,12.8,16.0,0.6,0.7,0.3,-189.2,-48.5,-19.9,-84.3,8.0,86.0,16.0,0.6,0.7,0.3,-106.7,36.0,89.8,10.2,8.0,105.5,16.0,0.6,0.7,0.3,-121.9,-31.2,-12.9,-54.9,8.0,58.8,16.0,0.6,0.7,0.3,-69.5,22.3,53.0,6.0,8.0,62.1,16.0,0.6,0.7,0.3,-13.6,-6.2,-3.3,-7.4,8.0,5.6,16.0,0.6,0.7,0.3,-4.6,3.8,13.6,-0.3,8.0,20.5,16.0,0.6,0.7,0.3,76.0,269.5,1032.5,503.5,8.0,578.0,16.0,0.6,0.7,0.3,75.0,270.0,1035.0,505.0,8.0,580.0,16.0,0.6,0.7,0.3
1974,2,202.0,28.0,20.56,21.1,22.14,21.31,11.0,0.94,18.0,0.5,0.5,0.5,20.0,21.0,21.75,21.01,12.0,1.49,16.0,0.4,0.5,0.5,11.11,13.09,13.99,12.79,11.0,1.6,16.0,0.5,0.5,0.5,76.1,83.0,91.0,83.1,11.0,7.7,16.0,0.5,0.5,3.59,5.95,6.7,5.2,12.0,1.93,16.0,0.4,0.5,0.5,-5.83,-1.22,1.03,-2.04,12.0,3.21,16.0,0.4,0.5,0.5,-2.12,1.03,5.61,1.37,12.0,4.04,16.0,0.4,0.5,0.5,1018.46,1020.35,1022.51,1020.51,12.0,3.01,16.0,0.4,0.5,0.5,3.5,5.5,7.0,5.2,12.0,1.9,16.0,0.4,0.5,0.5,-36.7,-4.1,5.6,-12.4,12.0,19.5,16.0,0.4,0.5,0.5,-13.1,4.2,32.0,7.9,12.0,25.7,16.0,0.4,0.5,0.5,-1.32,0.5,1.01,0.03,11.0,1.72,18.0,0.5,0.5,0.5,-6.4,1.3,6.7,0.4,11.0,9.9,18.0,0.5,0.5,0.5,1.78,2.0,4.94,2.79,10.0,2.16,18.0,0.5,0.5,0.5,5.6,11.4,33.1,16.3,10.0,14.8,18.0,0.5,0.5,0.5,-117.9,-24.3,24.2,-41.2,12.0,67.0,16.0,0.4,0.5,0.5,-42.4,21.5,127.8,31.5,12.0,86.8,16.0,0.4,0.5,0.5,-65.5,-10.1,14.2,-19.4,11.0,38.2,16.0,0.5,0.5,0.5,-24.2,24.9,80.5,23.3,11.0,53.4,16.0,0.5,0.5,0.5,-15.7,-2.2,3.2,-6.8,10.0,14.0,18.0,0.5,0.5,0.5,-9.9,1.5,11.3,-1.0,10.0,16.3,18.0,0.5,0.5,0.5,53.5,212.0,301.0,186.5,12.0,119.5,16.0,0.4,0.5,0.5,55.0,210.0,300.0,185.0,12.0,120.0,16.0,0.4,0.5,0.5
1974,2,202.0,29.0,18.93,20.0,20.98,19.99,8.0,1.23,24.0,0.4,0.5,0.3,17.84,18.75,20.36,18.83,8.0,1.51,24.0,0.4,0.5,0.3,9.06,11.39,12.58,10.77,8.0,2.12,24.0,0.4,0.5,0.3,69.8,83.1,87.7,79.6,8.0,10.0,24.0,0.4,0.3,3.16,6.95,10.01,6.3,8.0,3.48,24.0,0.4,0.5,0.3,-9.34,-2.55,0.93,-3.44,8.0,4.63,24.0,0.4,0.5,0.3,-6.21,0.17,3.13,-0.55,8.0,4.71,24.0,0.4,0.5,0.3,1020.11,1022.15,1023.86,1022.04,8.0,1.84,24.0,0.4,0.5,0.3,3.1,4.5,6.9,4.9,8.0,2.0,24.0,0.4,0.5,0.3,-95.1,-13.4,3.8,-32.1,8.0,49.5,24.0,0.4,0.5,0.3,-45.4,0.2,11.2,-7.9,8.0,32.6,24.0,0.4,0.5,0.3,-0.18,0.85,3.63,1.16,8.0,2.04,24.0,0.4,0.5,0.3,-0.6,2.0,26.2,7.8,8.0,15.2,24.0,0.4,0.5,0.3,1.1,2.89,7.03,3.67,8.0,2.64,24.0,0.4,0.5,0.3,5.3,14.1,50.8,23.3,8.0,21.8,24.0,0.4,0.5,0.3,-186.3,-43.3,19.4,-64.5,8.0,91.1,24.0,0.4,0.5,0.3,-100.8,3.2,63.5,-5.4,8.0,87.1,24.0,0.4,0.5,0.3,-110.5,-20.7,12.1,-37.6,8.0,55.9,24.0,0.4,0.5,0.3,-45.1,1.5,40.4,0.8,8.0,48.0,24.0,0.4,0.5,0.3,-19.1,-11.5,0.5,-11.9,8.0,13.2,24.0,0.4,0.5,0.3,-44.4,0.5,5.0,-11.1,8.0,24.9,24.0,0.4,0.5,0.3,31.5,337.0,1022.0,445.0,8.0,483.5,24.0,0.4,0.5,0.3,30.0,335.0,1020.0,445.0,8.0,485.0,24.0,0.4,0.5,0.3
1974,2,202.0,30.0,18.62,19.4,20.19,19.36,25.0,0.97,14.0,0.5,0.5,0.4,17.43,18.95,20.2,18.8,24.0,1.67,14.0,0.5,0.5,0.4,9.53,10.69,12.69,10.89,23.0,1.72,14.0,0.5,0.5,0.4,72.6,78.4,91.0,80.9,23.0,8.1,14.0,0.5,0.4,4.62,7.7,11.4,7.86,25.0,4.52,14.0,0.5,0.5,0.4,-10.33,-3.35,2.06,-4.06,25.0,6.46,14.0,0.5,0.5,0.4,-1.98,1.3,7.3,1.44,25.0,4.87,14.0,0.5,0.5,0.4,1019.0,1023.4,1025.35,1022.56,25.0,3.38,14.0,0.5,0.5,0.4,3.0,7.0,8.0,6.0,23.0,2.4,14.0,0.5,0.4,0.5,-110.6,-23.0,11.5,-50.0,25.0,99.3,14.0,0.5,0.5,0.4,-22.6,3.4,56.2,3.6,25.0,49.0,14.0,0.5,0.5,0.4,-1.03,0.5,2.13,0.6,24.0,1.73,14.0,0.5,0.5,0.4,-6.6,0.5,23.3,6.9,24.0,18.3,14.0,0.5,0.5,0.4,1.68,3.09,4.61,3.01,23.0,1.6,14.0,0.5,0.5,0.4,4.9,19.0,51.5,24.6,23.0,22.3,14.0,0.5,0.5,0.4,-155.8,-60.8,43.1,-66.8,24.0,112.2,14.0,0.5,0.5,0.4,-31.4,30.0,140.8,38.7,24.0,82.1,14.0,0.5,0.5,0.4,-96.9,-26.9,23.5,-38.5,23.0,66.5,14.0,0.5,0.5,0.4,-17.3,22.1,79.1,24.8,23.0,47.8,14.0,0.5,0.5,0.4,-45.6,-4.2,5.6,-10.3,23.0,24.9,14.0,0.5,0.5,0.4,-8.2,2.6,16.7,1.8,23.0,19.8,14.0,0.5,0.5,0.4,110.5,456.5,1481.0,1000.0,25.0,1779.0,14.0,0.5,0.5,0.4,110.0,455.0,1480.0,1000.0,25.0,1780.0,14.0,0.5,0.5,0.4
1974,2,202.0,31.0,16.99,17.5,19.47,18.12,11.0,1.31,14.0,0.3,0.6,0.4,16.5,18.65,19.4,18.22,12.0,1.55,14.0,0.3,0.6,0.3,8.81,11.89,12.39,10.92,11.0,2.1,14.0,0.3,0.6,0.3,74.1,88.0,93.2,84.2,11.0,12.2,14.0,0.3,0.3,5.05,7.2,9.1,7.62,13.0,2.96,14.0,0.3,0.6,0.3,-6.77,-4.6,-0.85,-3.99,13.0,5.1,14.0,0.3,0.6,0.3,0.0,3.35,5.71,3.54,13.0,3.87,14.0,0.3,0.6,0.3,1018.65,1020.9,1025.11,1021.01,13.0,4.2,14.0,0.3,0.6,0.3,4.0,5.5,8.0,5.8,12.0,1.9,14.0,0.3,0.5,0.3,-52.6,-33.3,-1.2,-33.4,13.0,59.4,14.0,0.3,0.6,0.3,0.0,22.4,45.4,31.4,13.0,43.3,14.0,0.3,0.6,0.3,-1.81,0.0,1.91,-0.03,11.0,1.93,14.0,0.3,0.6,0.4,-18.9,0.0,12.5,-2.1,11.0,15.8,14.0,0.3,0.6,0.4,0.06,0.88,4.29,1.88,10.0,2.55,14.0,0.3,0.5,0.4,0.5,5.0,30.1,10.4,10.0,17.4,14.0,0.3,0.5,0.4,-116.1,-82.3,3.3,-55.7,12.0,81.3,14.0,0.3,0.6,0.3,34.2,63.9,114.1,71.5,12.0,72.8,14.0,0.3,0.6,0.3,-65.7,-46.5,15.8,-27.6,11.0,50.8,14.0,0.3,0.6,0.3,16.1,40.5,75.3,47.0,11.0,48.9,14.0,0.3,0.6,0.3,-21.9,-4.6,-0.2,-6.9,10.0,12.2,14.0,0.3,0.5,0.4,-11.8,2.3,9.8,0.5,10.0,14.9,14.0,0.3,0.5,0.4,129.5,373.0,801.0,650.5,13.0,813.5,14.0,0.3,0.6,0.3,130.0,375.0,800.0,650.0,13.0,815.0,14.0,0.3,0.6,0.3
1974,2,202.0,32.0,16.56,17.35,19.0,17.57,6.0,1.24,14.0,0.5,0.5,0.4,15.79,17.7,20.1,17.99,7.0,2.43,12.0,0.4,0.5,0.3,9.63,10.56,11.89,10.85,7.0,1.13,12.0,0.4,0.5,0.3,75.0,87.9,92.2,85.5,7.0,8.4,12.0,0.4,0.3,4.55,7.7,8.78,7.26,7.0,2.35,12.0,0.4,0.5,0.3,-7.71,-2.98,-1.31,-3.34,7.0,4.1,12.0,0.4,0.5,0.3,-6.3,3.12,6.7,1.33,7.0,5.93,12.0,0.4,0.5,0.3,1015.95,1019.3,1026.52,1020.76,7.0,5.18,12.0,0.4,0.5,0.3,6.9,7.0,8.0,7.1,7.0,1.1,12.0,0.4,0.5,0.3,-60.3,-25.9,-4.8,-27.7,7.0,37.1,12.0,0.4,0.5,0.3,-51.4,11.2,68.3,9.7,7.0,49.8,12.0,0.4,0.5,0.3,-3.62,0.65,2.01,-0.47,6.0,3.41,14.0,0.5,0.5,0.4,-25.2,3.9,13.5,-0.5,6.0,22.6,14.0,0.5,0.5,0.4,0.93,1.95,2.89,1.74,6.0,1.54,14.0,0.5,0.5,0.4,6.9,13.6,20.3,14.0,6.0,12.8,14.0,0.5,0.5,0.4,-125.2,-55.9,-24.6,-60.8,7.0,68.4,12.0,0.4,0.5,0.3,-105.1,49.9,107.0,24.8,7.0,106.8,12.0,0.4,0.5,0.3,-80.8,-35.1,-14.7,-37.5,7.0,43.5,12.0,0.4,0.5,0.3,-64.1,30.0,68.8,16.7,7.0,63.4,12.0,0.4,0.5,0.3,-11.6,-5.1,3.0,-5.8,6.0,11.8,14.0,0.5,0.5,0.4,-10.2,2.0,16.1,2.9,6.0,14.4,14.0,0.5,0.5,0.4,95.0,456.5,679.5,480.0,7.0,353.0,12.0,0.4,0.5,0.3,95.0,455.0,680.0,480.0,7.0,355.0,12.0,0.4,0.5,0.3
1974,2,202.0,33.0,16.04,17.1,19.14,17.46,10.0,1.52,12.0,0.7,0.5,0.5,16.14,17.35,17.63,17.08,12.0,1.39,12.0,0.8,0.5,0.5,7.45,10.96,11.73,10.18,10.0,2.34,12.0,0.7,0.5,0.5,65.3,90.4,95.1,83.8,10.0,14.2,12.0,0.7,0.5,3.6,5.4,7.83,5.69,12.0,1.77,12.0,0.8,0.5,0.5,-5.29,-3.81,-1.34,-3.31,12.0,2.28,12.0,0.8,0.5,0.5,1.45,3.62,6.39,3.55,12.0,2.75,12.0,0.8,0.5,0.5,1020.24,1025.95,1027.76,1024.27,12.0,4.6,12.0,0.8,0.5,0.5,5.2,7.0,8.0,6.7,11.0,1.7,12.0,0.8,0.5,0.5,-36.1,-18.7,-4.8,-20.8,12.0,17.1,12.0,0.8,0.5,0.5,8.3,18.1,46.6,23.4,12.0,20.7,12.0,0.8,0.5,0.5,-1.46,0.0,0.83,0.17,10.0,2.13,12.0,0.7,0.5,0.5,-9.0,0.0,6.4,0.1,10.0,9.5,12.0,0.7,0.5,0.5,-0.06,1.07,2.73,1.85,9.0,2.63,12.0,0.7,0.6,0.5,0.1,8.3,16.9,9.6,9.0,10.2,12.0,0.7,0.6,0.5,-93.3,-60.4,-22.4,-56.0,12.0,40.3,12.0,0.8,0.5,0.5,26.2,63.3,111.8,62.6,12.0,48.3,12.0,0.8,0.5,0.5,-54.8,-35.9,-7.1,-32.7,10.0,27.7,12.0,0.7,0.5,0.5,17.9,47.8,73.9,44.7,10.0,30.9,12.0,0.7,0.5,0.5,-13.9,-4.3,-0.2,-6.3,9.0,8.2,12.0,0.7,0.6,0.5,-1.7,5.1,8.1,2.5,9.0,9.4,12.0,0.7,0.6,0.5,46.5,159.0,480.5,234.5,12.0,194.5,12.0,0.8,0.5,0.5,45.0,160.0,480.0,235.0,12.0,195.0,12.0,0.8,0.5,0.5
1974,2,202.0,34.0,14.0,16.0,17.05,15.8,7.0,1.48,16.0,0.3,0.6,0.3,12.6,14.7,16.5,14.68,10.0,1.87,14.0,0.5,0.7,0.4,7.73,8.79,10.42,8.97,8.0,1.26,16.0,0.4,0.7,0.4,77.4,88.8,94.5,86.3,8.0,9.9,16.0,0.4,0.4,3.1,6.7,11.03,6.98,9.0,3.81,14.0,0.4,0.7,0.4,-3.86,-0.8,7.36,0.57,9.0,6.73,14.0,0.4,0.7,0.4,-3.02,2.68,6.67,1.7,9.0,4.52,14.0,0.4,0.7,0.4,1013.28,1018.85,1026.57,1019.83,10.0,6.17,14.0,0.5,0.7,0.4,7.3,8.0,8.0,7.2,9.0,2.0,16.0,0.6,0.7,0.5,-26.5,-3.7,73.7,12.5,9.0,76.7,14.0,0.4,0.7,0.4,-9.3,8.3,50.5,19.7,9.0,34.5,14.0,0.4,0.7,0.4,-0.63,-0.1,3.21,0.54,7.0,2.34,16.0,0.3,0.6,0.3,-3.9,-0.8,11.5,5.4,7.0,18.6,16.0,0.3,0.6,0.3,0.15,2.39,3.24,1.91,7.0,2.02,16.0,0.3,0.6,0.3,0.4,9.8,17.1,11.5,7.0,14.4,16.0,0.3,0.6,0.3,-63.3,-13.7,96.6,1.8,9.0,90.6,14.0,0.4,0.7,0.4,-47.0,37.0,102.4,24.8,9.0,71.5,14.0,0.4,0.7,0.4,-29.1,-8.4,12.7,2.4,7.0,46.5,16.0,0.3,0.6,0.3,-29.9,0.0,46.5,6.9,7.0,44.9,16.0,0.3,0.6,0.3,-5.1,-0.1,6.9,4.2,7.0,16.4,16.0,0.3,0.6,0.3,-1.2,2.1,8.6,1.5,7.0,8.4,16.0,0.3,0.6,0.3,30.0,301.0,1348.5,625.0,9.0,764.5,14.0,0.4,0.7,0.4,30.0,300.0,1350.0,625.0,9.0,765.0,14.0,0.4,0.7,0.4
1974,2,202.0,35.0,13.94,15.25,16.7,15.4,10.0,1.47,16.0,0.3,0.7,0.2,12.27,14.5,17.31,14.41,10.0,3.17,16.0,0.3,0.7,0.2,7.26,8.74,9.7,8.6,10.0,1.74,16.0,0.3,0.7,0.2,79.4,83.3,90.0,84.3,10.0,8.5,16.0,0.3,0.2,3.81,5.65,9.87,6.89,10.0,3.97,16.0,0.3,0.7,0.2,-3.99,-2.26,2.57,-0.51,10.0,4.57,16.0,0.3,0.7,0.2,-3.41,1.83,6.92,0.73,10.0,6.84,16.0,0.3,0.7,0.2,1017.7,1022.5,1028.14,1022.35,10.0,5.99,16.0,0.3,0.7,0.2,8.0,8.0,8.0,7.7,8.0,0.7,14.0,0.4,0.7,0.3,-19.6,-11.9,20.7,-1.8,10.0,45.6,16.0,0.3,0.7,0.2,-17.1,5.9,53.4,-3.0,10.0,84.2,16.0,0.3,0.7,0.2,-1.06,0.0,3.79,0.99,10.0,2.71,16.0,0.3,0.7,0.2,-5.4,0.0,22.4,10.5,10.0,28.7,16.0,0.3,0.7,0.2,0.44,2.0,4.05,2.19,10.0,1.79,16.0,0.3,0.7,0.2,0.9,11.9,24.4,17.0,10.0,23.0,16.0,0.3,0.7,0.2,-55.9,-30.3,39.0,-5.2,10.0,63.2,16.0,0.3,0.7,0.2,-46.5,26.4,114.4,20.4,10.0,94.3,16.0,0.3,0.7,0.2,-29.4,-19.7,25.0,-1.9,10.0,37.1,16.0,0.3,0.7,0.2,-30.6,15.5,68.6,12.1,10.0,58.0,16.0,0.3,0.7,0.2,-16.1,-2.1,3.1,-4.0,10.0,14.3,16.0,0.3,0.7,0.2,-5.9,0.8,8.5,-5.0,10.0,24.5,16.0,0.3,0.7,0.2,56.0,185.5,969.0,669.5,10.0,1110.5,16.0,0.3,0.7,0.2,55.0,185.0,970.0,670.0,10.0,1110.0,16.0,0.3,0.7,0.2
1974,2,202.0,36.0,13.39,14.0,14.18,13.78,5.0,0.75,16.0,1.0,0.6,0.7,12.62,13.0,16.08,14.3,5.0,2.74,16.0,1.0,0.6,0.7,7.67,8.46,9.01,8.32,5.0,0.91,16.0,1.0,0.6,0.7,72.2,81.1,97.9,83.9,5.0,14.4,16.0,1.0,0.7,5.62,8.7,10.3,8.02,5.0,2.54,16.0,1.0,0.6,0.7,-3.39,3.99,9.28,2.86,5.0,7.41,16.0,1.0,0.6,0.7,0.0,4.53,5.43,3.18,5.0,3.01,16.0,1.0,0.6,0.7,1017.97,1025.2,1026.55,1022.7,5.0,4.86,16.0,1.0,0.6,0.7,6.0,7.5,8.0,7.0,4.0,1.4,12.0,1.0,0.6,0.8,-32.0,24.7,86.8,24.3,5.0,72.9,16.0,1.0,0.6,0.7,0.0,20.8,43.6,23.7,5.0,28.0,16.0,1.0,0.6,0.7,-1.96,-0.4,1.32,-0.52,5.0,2.42,16.0,1.0,0.6,0.7,-19.7,-1.8,10.8,-6.1,5.0,23.6,16.0,1.0,0.6,0.7,0.72,1.32,2.09,1.37,5.0,1.12,16.0,1.0,0.6,0.7,3.9,8.2,19.3,11.2,5.0,11.7,16.0,1.0,0.6,0.7,-44.2,49.0,143.3,49.1,5.0,113.8,16.0,1.0,0.6,0.7,0.0,58.4,72.4,41.7,5.0,39.3,16.0,1.0,0.6,0.7,-24.0,33.7,84.5,29.0,5.0,60.8,16.0,1.0,0.6,0.7,0.0,36.8,42.2,24.5,5.0,22.6,16.0,1.0,0.6,0.7,-9.9,-1.3,8.3,-1.5,5.0,13.3,16.0,1.0,0.6,0.7,0.0,6.3,11.6,6.5,5.0,7.7,16.0,1.0,0.6,0.7,187.0,658.5,1092.5,636.0,5.0,465.5,16.0,1.0,0.6,0.7,185.0,660.0,1095.0,635.0,5.0,465.0,16.0,1.0,0.6,0.7
1974,2,202.0,37.0,13.43,13.95,14.0,13.73,4.0,0.49,10.0,0.5,0.5,0.4,10.48,14.25,16.43,14.1,6.0,3.66,12.0,0.3,0.5,0.5,6.51,8.61,9.17,7.87,5.0,1.78,12.0,0.4,0.6,0.5,76.4,85.1,94.8,84.7,5.0,11.7,12.0,0.4,0.5,5.0,7.45,11.99,8.9,6.0,5.13,12.0,0.3,0.5,0.5,-2.27,3.99,8.72,3.54,6.0,6.28,12.0,0.3,0.5,0.5,-4.8,4.2,7.61,2.92,6.0,7.52,12.0,0.3,0.5,0.5,1012.88,1022.65,1025.43,1020.7,6.0,6.62,12.0,0.3,0.5,0.5,4.6,8.0,8.0,6.7,6.0,2.2,12.0,0.3,0.5,0.5,-13.6,26.9,109.9,51.6,6.0,92.3,12.0,0.3,0.5,0.5,-29.9,25.2,90.2,45.0,6.0,114.0,12.0,0.3,0.5,0.5,-1.26,-0.75,1.49,0.08,4.0,2.19,10.0,0.5,0.5,0.4,-17.0,-4.3,6.2,-5.3,4.0,17.6,10.0,0.5,0.5,0.4,0.39,0.92,1.79,1.08,4.0,0.92,10.0,0.5,0.5,0.4,3.6,8.4,11.2,7.4,4.0,4.7,10.0,0.5,0.5,0.4,-33.7,52.5,104.9,43.0,6.0,96.9,12.0,0.3,0.5,0.5,-50.0,60.2,139.0,57.7,6.0,106.0,12.0,0.3,0.5,0.5,5.3,39.3,76.4,42.0,5.0,46.1,12.0,0.4,0.6,0.5,-32.3,32.8,74.2,28.2,5.0,67.5,12.0,0.4,0.6,0.5,-1.4,1.6,4.9,1.8,4.0,4.6,10.0,0.5,0.5,0.4,-4.9,3.2,7.4,1.3,4.0,8.3,10.0,0.5,0.5,0.4,125.5,415.0,2174.5,1414.0,6.0,2435.5,12.0,0.3,0.5,0.5,125.0,415.0,2175.0,1415.0,6.0,2435.0,12.0,0.3,0.5,0.5
1974,2,202.0,38.0,11.79,13.45,13.81,13.07,6.0,1.39,20.0,0.7,0.5,0.6,10.43,12.6,14.71,12.96,7.0,3.13,18.0,0.6,0.5,0.5,6.95,7.66,8.68,7.59,7.0,1.32,18.0,0.6,0.5,0.5,74.7,84.2,87.2,81.8,7.0,7.4,18.0,0.6,0.5,8.18,10.3,10.79,11.03,7.0,4.35,18.0,0.6,0.5,0.5,-0.49,3.85,9.25,4.01,7.0,8.05,18.0,0.6,0.5,0.5,-0.46,6.67,8.44,4.44,7.0,7.37,18.0,0.6,0.5,0.5,1018.07,1023.5,1024.14,1018.69,7.0,11.39,18.0,0.6,0.5,0.5,6.0,8.0,8.0,7.3,7.0,1.3,18.0,0.6,0.5,0.5,-5.1,36.3,103.0,62.6,7.0,131.6,18.0,0.6,0.5,0.5,-4.8,53.0,83.1,59.8,7.0,111.6,18.0,0.6,0.5,0.5,-1.0,0.65,3.07,1.08,6.0,2.16,20.0,0.7,0.5,0.6,-9.9,5.7,27.1,10.0,6.0,21.5,20.0,0.7,0.5,0.6,0.89,1.56,3.13,1.99,6.0,1.35,20.0,0.7,0.5,0.6,8.9,13.3,27.5,18.5,6.0,13.4,20.0,0.7,0.5,0.6,-4.4,48.5,124.6,71.0,7.0,120.3,18.0,0.6,0.5,0.5,-4.9,84.0,115.6,72.6,7.0,107.2,18.0,0.6,0.5,0.5,-2.6,28.2,72.8,38.8,7.0,63.0,18.0,0.6,0.5,0.5,-3.3,48.9,67.7,39.1,7.0,60.2,18.0,0.6,0.5,0.5,-9.0,4.6,7.8,-3.1,6.0,20.0,20.0,0.7,0.5,0.6,-2.0,5.6,16.0,6.5,6.0,11.4,20.0,0.7,0.5,0.6,547.0,1092.5,1458.5,1995.5,7.0,2986.5,18.0,0.6,0.5,0.5,545.0,1095.0,1460.0,1995.0,7.0,2985.0,18.0,0.6,0.5,0.5
1974,2,202.0,39.0,11.44,12.0,13.68,12.44,5.0,1.26,14.0,0.6,0.5,0.6,11.59,12.8,12.87,12.22,5.0,1.25,14.0,0.6,0.5,0.6,6.58,7.58,8.56,7.62,5.0,1.16,14.0,0.6,0.5,0.6,78.4,88.0,94.0,86.4,5.0,11.0,14.0,0.6,0.6,6.43,10.3,17.66,11.92,5.0,6.66,14.0,0.6,0.5,0.6,2.24,4.42,10.11,6.06,5.0,5.7,14.0,0.6,0.5,0.6,-0.93,2.67,14.03,6.28,5.0,9.7,14.0,0.6,0.5,0.6,1012.32,1013.0,1015.94,1013.88,5.0,1.92,14.0,0.6,0.5,0.6,2.0,7.0,8.0,5.4,5.0,3.1,14.0,0.6,0.5,0.6,14.3,36.3,118.2,68.8,5.0,94.0,14.0,0.6,0.5,0.6,-4.7,41.2,233.7,118.9,5.0,199.3,14.0,0.6,0.5,0.6,-1.36,0.5,1.68,0.22,5.0,1.64,14.0,0.6,0.5,0.6,-14.4,5.2,18.3,3.6,5.0,19.8,14.0,0.6,0.5,0.6,0.45,1.78,2.04,1.34,5.0,0.86,14.0,0.6,0.5,0.6,3.6,10.2,34.5,17.6,5.0,16.6,14.0,0.6,0.5,0.6,28.0,45.8,129.4,75.2,5.0,74.0,14.0,0.6,0.5,0.6,-9.3,34.2,178.5,80.9,5.0,120.2,14.0,0.6,0.5,0.6,18.8,32.7,70.1,42.8,5.0,36.0,14.0,0.6,0.5,0.6,-6.2,17.1,121.2,53.1,5.0,79.7,14.0,0.6,0.5,0.6,0.7,3.8,17.2,9.1,5.0,13.1,14.0,0.6,0.5,0.6,-1.9,3.0,17.6,8.4,5.0,17.3,14.0,0.6,0.5,0.6,285.5,1092.5,5999.0,3065.5,5.0,4161.0,14.0,0.6,0.5,0.6,285.0,1095.0,6000.0,3065.0,5.0,4160.0,14.0,0.6,0.5,0.6
1974,2,202.0,40.0,10.0,10.45,11.0,10.48,6.0,0.45,16.0,0.3,0.7,0.5,9.76,11.0,11.62,10.72,5.0,1.16,14.0,0.4,0.8,0.5,5.61,6.17,7.4,6.44,5.0,0.99,14.0,0.4,0.8,0.5,72.1,80.5,89.4,80.5,5.0,9.9,14.0,0.4,0.5,6.89,8.65,12.58,9.83,6.0,4.21,16.0,0.3,0.7,0.5,1.56,5.87,9.96,6.53,6.0,6.16,16.0,0.3,0.7,0.5,-8.69,0.0,2.17,-2.04,6.0,6.29,16.0,0.3,0.7,0.5,1004.36,1010.25,1019.76,1011.75,6.0,8.77,16.0,0.3,0.7,0.5,4.2,7.5,8.0,6.2,6.0,2.8,16.0,0.3,0.7,0.5,17.6,47.1,114.0,81.1,6.0,112.6,16.0,0.3,0.7,0.5,-85.4,0.0,13.9,-26.5,6.0,60.6,16.0,0.3,0.7,0.5,-1.37,-0.4,0.67,-0.34,5.0,1.31,14.0,0.4,0.8,0.5,-19.4,-2.3,5.0,-6.0,5.0,13.8,14.0,0.4,0.8,0.5,0.47,1.6,2.05,1.37,5.0,0.9,14.0,0.4,0.8,0.5,6.0,12.8,19.0,12.4,5.0,7.2,14.0,0.4,0.8,0.5,14.9,63.8,122.1,72.3,5.0,74.5,14.0,0.4,0.8,0.5,-48.8,0.0,30.9,-11.5,5.0,73.4,14.0,0.4,0.8,0.5,7.2,38.0,77.6,45.1,5.0,49.7,14.0,0.4,0.8,0.5,-23.4,0.0,20.3,-2.7,5.0,38.9,14.0,0.4,0.8,0.5,2.2,7.9,14.8,8.5,5.0,7.2,14.0,0.4,0.8,0.5,-7.1,0.0,2.9,-2.7,5.0,9.5,14.0,0.4,0.8,0.5,334.5,658.0,2251.5,1446.0,6.0,1966.5,16.0,0.3,0.7,0.5,335.0,660.0,2250.0,1445.0,6.0,1965.0,16.0,0.3,0.7,0.5
1974,2,202.0,41.0,8.97,10.0,12.0,10.31,7.0,1.57,18.0,1.0,0.6,0.5,6.95,10.0,11.0,9.04,7.0,1.98,20.0,0.9,0.6,0.4,4.31,4.94,6.81,5.42,6.0,1.31,18.0,1.0,0.6,0.4,57.3,77.5,86.9,74.3,6.0,14.7,18.0,1.0,0.4,7.76,13.65,16.38,12.54,8.0,5.31,18.0,0.9,0.6,0.5,0.0,3.03,9.64,3.89,8.0,5.33,18.0,0.9,0.6,0.5,-9.08,-0.86,15.59,1.49,8.0,12.64,18.0,0.9,0.6,0.5,1012.5,1020.0,1024.88,1020.05,8.0,6.79,18.0,0.9,0.6,0.5,4.1,6.5,8.0,6.1,8.0,2.1,18.0,0.9,0.6,0.5,0.0,33.4,122.3,45.1,8.0,76.8,18.0,0.9,0.6,0.5,-125.1,1.1,253.9,48.0,8.0,211.7,18.0,0.9,0.6,0.5,-0.21,1.35,2.25,1.15,6.0,1.5,18.0,1.0,0.6,0.4,-4.3,17.2,35.7,15.5,6.0,24.3,18.0,1.0,0.6,0.4,1.47,2.14,4.22,2.47,6.0,1.56,18.0,1.0,0.6,0.4,14.2,27.7,66.0,35.3,6.0,26.8,18.0,1.0,0.6,0.4,-1.9,52.7,82.2,35.2,7.0,48.2,20.0,0.9,0.6,0.4,-59.8,30.9,167.8,33.4,7.0,130.3,20.0,0.9,0.6,0.4,-5.5,35.5,51.9,25.0,6.0,32.9,18.0,1.0,0.6,0.4,-48.9,29.8,87.7,29.1,6.0,78.1,18.0,1.0,0.6,0.4,-0.1,16.8,22.7,13.3,6.0,11.0,18.0,1.0,0.6,0.4,-29.0,4.9,26.5,2.4,6.0,43.3,18.0,1.0,0.6,0.4,467.0,2566.5,4399.0,2890.5,8.0,2857.0,18.0,0.9,0.6,0.5,465.0,2565.0,4400.0,2890.0,8.0,2855.0,18.0,0.9,0.6,0.5
1974,2,202.0,42.0,7.8,9.1,9.71,8.77,3.0,1.43,18.0,0.7,0.4,0.3,8.68,9.5,9.77,9.23,3.0,0.83,18.0,0.7,0.4,0.3,5.26,5.94,6.45,5.86,3.0,0.87,18.0,0.7,0.4,0.3,75.4,82.1,86.1,80.8,3.0,7.9,18.0,0.7,0.3,5.61,6.7,7.38,6.5,3.0,1.31,18.0,0.7,0.4,0.3,0.44,5.13,6.81,3.66,3.0,4.84,18.0,0.7,0.4,0.3,-3.7,-1.34,2.52,-0.61,3.0,4.59,18.0,0.7,0.4,0.3,1003.33,1006.2,1021.08,1012.07,3.0,13.96,18.0,0.7,0.4,0.3,1.3,4.0,6.7,4.0,2.0,5.7,22.0,0.5,0.3,0.3,4.8,34.4,50.8,28.0,3.0,34.1,18.0,0.7,0.4,0.3,-20.0,-10.3,16.4,-2.0,3.0,27.6,18.0,0.7,0.4,0.3,-1.0,-0.8,0.09,-0.47,3.0,0.85,18.0,0.7,0.4,0.3,-7.5,-5.4,0.0,-3.8,3.0,5.7,18.0,0.7,0.4,0.3,0.8,1.41,1.51,1.16,3.0,0.56,18.0,0.7,0.4,0.3,4.9,7.9,9.9,7.4,3.0,3.7,18.0,0.7,0.4,0.3,4.8,50.8,59.1,32.4,3.0,42.8,18.0,0.7,0.4,0.3,-34.6,-11.1,25.6,-4.7,3.0,44.4,18.0,0.7,0.4,0.3,3.8,34.3,36.5,20.5,3.0,26.8,18.0,0.7,0.4,0.3,-21.5,-6.6,17.6,-2.1,3.0,28.9,18.0,0.7,0.4,0.3,-1.0,2.7,8.1,3.6,3.0,6.7,18.0,0.7,0.4,0.3,-5.7,-1.9,0.9,-2.4,3.0,4.8,18.0,0.7,0.4,0.3,186.0,301.0,407.0,296.5,3.0,162.0,18.0,0.7,0.4,0.3,185.0,300.0,405.0,295.0,3.0,160.0,18.0,0.7,0.4,0.3
1974,2,202.0,43.0,7.16,7.5,8.73,7.93,3.0,1.21,12.0,0.3,0.9,0.6,7.77,8.55,9.33,8.55,4.0,1.18,14.0,0.5,0.9,0.6,5.11,5.8,6.25,5.69,4.0,0.86,14.0,0.5,0.9,0.6,74.0,80.2,89.7,81.8,4.0,10.0,14.0,0.5,0.6,4.84,8.7,13.92,9.35,4.0,5.35,14.0,0.5,0.9,0.6,3.95,7.53,13.14,8.5,4.0,5.59,14.0,0.5,0.9,0.6,1.21,2.75,4.63,2.91,4.0,2.52,14.0,0.5,0.9,0.6,1001.98,1003.9,1012.06,1006.88,4.0,8.38,14.0,0.5,0.9,0.6,1.4,3.5,5.0,3.3,4.0,2.5,14.0,0.5,0.9,0.6,19.2,76.8,186.6,101.7,4.0,104.5,14.0,0.5,0.9,0.6,6.2,13.3,46.1,25.6,4.0,34.0,14.0,0.5,0.9,0.6,-0.71,-0.1,0.45,-0.13,3.0,0.85,12.0,0.3,0.9,0.6,-4.0,-1.5,1.7,-1.1,3.0,4.2,12.0,0.3,0.9,0.6,0.65,0.71,1.4,1.02,3.0,0.61,12.0,0.3,0.9,0.6,3.2,3.3,19.2,11.0,3.0,13.5,12.0,0.3,0.9,0.6,33.8,72.0,108.0,70.9,4.0,42.8,14.0,0.5,0.9,0.6,10.3,23.6,44.3,27.2,4.0,25.5,14.0,0.5,0.9,0.6,24.3,43.9,66.3,45.2,4.0,24.3,14.0,0.5,0.9,0.6,7.0,17.1,28.2,17.6,4.0,14.9,14.0,0.5,0.9,0.6,2.6,2.8,19.0,10.6,3.0,13.8,12.0,0.3,0.9,0.6,0.5,1.6,1.9,1.2,3.0,1.1,12.0,0.3,0.9,0.6,114.0,997.0,2799.5,1436.0,4.0,1691.5,14.0,0.5,0.9,0.6,115.0,995.0,2800.0,1435.0,4.0,1690.0,14.0,0.5,0.9,0.6
1974,2,202.0,44.0,7.32,8.0,8.68,8.0,2.0,1.41,10.0,0.0,0.5,0.4,5.32,6.0,7.71,6.5,3.0,1.8,8.0,0.0,0.7,0.3,6.9,6.9,6.9,6.9,1.0,0.0,4.0,0.0,0.1,0.3,100.0,100.0,100.0,100.0,1.0,0.0,4.0,0.0,0.3,10.46,10.8,13.94,12.17,3.0,2.81,8.0,0.0,0.7,0.3,-4.14,3.52,7.5,1.73,3.0,8.67,8.0,0.0,0.7,0.3,-4.89,5.4,10.82,3.02,3.0,11.69,8.0,0.0,0.7,0.3,1003.9,1008.0,1012.78,1008.33,3.0,6.51,8.0,0.0,0.7,0.3,5.6,7.0,7.7,6.7,3.0,1.5,8.0,0.0,0.7,0.3,-69.4,36.3,80.5,6.2,3.0,112.8,8.0,0.0,0.7,0.3,-49.5,58.3,158.7,54.7,3.0,152.6,8.0,0.0,0.7,0.3,0.58,0.75,0.92,0.75,2.0,0.35,10.0,0.0,0.5,0.4,8.1,9.0,9.9,9.0,2.0,1.8,10.0,0.0,0.5,0.4,0.24,0.24,0.24,0.24,1.0,0.0,4.0,0.0,0.1,0.3,3.7,3.7,3.7,3.7,1.0,0.0,4.0,0.0,0.1,0.3,-38.0,21.1,38.6,0.8,3.0,58.8,8.0,0.0,0.7,0.3,-31.1,27.0,86.0,27.4,3.0,85.7,8.0,0.0,0.7,0.3,-53.2,-53.2,-53.2,-53.2,1.0,0.0,4.0,0.0,0.1,0.3,92.1,92.1,92.1,92.1,1.0,0.0,4.0,0.0,0.1,0.3,-1.8,-1.8,-1.8,-1.8,1.0,0.0,4.0,0.0,0.1,0.3,3.2,3.2,3.2,3.2,1.0,0.0,4.0,0.0,0.1,0.3,1145.5,1259.5,2893.0,2001.5,3.0,1432.0,8.0,0.0,0.7,0.3,1145.0,1260.0,2895.0,2000.0,3.0,1430.0,8.0,0.0,0.7,0.3
1974,2,202.0,45.0,6.32,7.0,8.72,7.64,5.0,2.31,12.0,0.8,0.6,0.5,5.93,6.0,7.79,6.78,5.0,1.34,12.0,0.8,0.6,0.5,4.42,5.09,6.1,5.28,5.0,1.0,12.0,0.8,0.6,0.5,76.4,80.7,96.2,85.3,5.0,11.3,12.0,0.8,0.5,7.47,11.3,15.85,11.84,5.0,5.39,12.0,0.8,0.6,0.5,2.45,7.71,15.85,8.75,5.0,8.68,12.0,0.8,0.6,0.5,-1.02,0.0,6.98,2.47,5.0,5.05,12.0,0.8,0.6,0.5,997.26,1001.1,1015.3,1005.86,5.0,13.24,12.0,0.8,0.6,0.5,4.9,6.0,7.4,6.0,5.0,1.9,12.0,0.8,0.6,0.5,33.1,63.8,261.5,138.3,5.0,164.5,12.0,0.8,0.6,0.5,-8.4,0.0,61.5,24.2,5.0,52.3,12.0,0.8,0.6,0.5,-0.98,0.0,2.84,0.86,5.0,3.02,12.0,0.8,0.6,0.5,-11.6,0.0,21.8,4.8,5.0,27.1,12.0,0.8,0.6,0.5,0.49,1.58,2.09,1.3,5.0,1.25,12.0,0.8,0.6,0.5,4.0,21.1,22.7,14.0,5.0,13.3,12.0,0.8,0.6,0.5,22.8,50.9,103.2,60.4,5.0,58.3,12.0,0.8,0.6,0.5,-6.1,0.0,51.9,20.5,5.0,41.6,12.0,0.8,0.6,0.5,19.2,44.0,74.2,45.7,5.0,41.7,12.0,0.8,0.6,0.5,-5.8,0.0,39.5,14.9,5.0,32.1,12.0,0.8,0.6,0.5,-4.5,20.8,22.1,11.3,5.0,14.6,12.0,0.8,0.6,0.5,-7.1,0.0,3.4,-1.0,5.0,6.8,12.0,0.8,0.6,0.5,437.0,1443.0,4493.0,2552.0,5.0,3225.5,12.0,0.8,0.6,0.5,435.0,1445.0,4495.0,2550.0,5.0,3225.0,12.0,0.8,0.6,0.5
1974,2,202.0,46.0,6.5,6.5,6.5,6.5,1.0,0.0,2.0,1.0,0.6,0.2,7.0,7.0,7.0,7.0,1.0,0.0,2.0,1.0,0.6,0.2,6.28,6.28,6.28,6.28,1.0,0.0,2.0,1.0,0.6,0.2,100.0,100.0,100.0,100.0,1.0,0.0,2.0,1.0,0.2,9.3,9.3,9.3,9.3,1.0,0.0,2.0,1.0,0.6,0.2,8.74,8.74,8.74,8.74,1.0,0.0,2.0,1.0,0.6,0.2,3.18,3.18,3.18,3.18,1.0,0.0,2.0,1.0,0.6,0.2,1000.5,1000.5,1000.5,1000.5,1.0,0.0,2.0,1.0,0.6,0.2,7.0,7.0,7.0,7.0,1.0,0.0,2.0,1.0,0.6,0.2,81.3,81.3,81.3,81.3,1.0,0.0,2.0,1.0,0.6,0.2,29.6,29.6,29.6,29.6,1.0,0.0,2.0,1.0,0.6,0.2,-0.5,-0.5,-0.5,-0.5,1.0,0.0,2.0,1.0,0.6,0.2,-4.6,-4.6,-4.6,-4.6,1.0,0.0,2.0,1.0,0.6,0.2,-0.21,-0.21,-0.21,-0.21,1.0,0.0,2.0,1.0,0.6,0.2,-2.0,-2.0,-2.0,-2.0,1.0,0.0,2.0,1.0,0.6,0.2,61.2,61.2,61.2,61.2,1.0,0.0,2.0,1.0,0.6,0.2,22.3,22.3,22.3,22.3,1.0,0.0,2.0,1.0,0.6,0.2,54.9,54.9,54.9,54.9,1.0,0.0,2.0,1.0,0.6,0.2,20.0,20.0,20.0,20.0,1.0,0.0,2.0,1.0,0.6,0.2,-1.9,-1.9,-1.9,-1.9,1.0,0.0,2.0,1.0,0.6,0.2,-0.7,-0.7,-0.7,-0.7,1.0,0.0,2.0,1.0,0.6,0.2,804.5,804.5,804.5,804.5,1.0,0.0,2.0,1.0,0.6,0.2,805.0,805.0,805.0,805.0,1.0,0.0,2.0,1.0,0.6,0.2
1974,2,202.0,47.0,5.26,6.0,7.0,6.21,10.0,0.94,16.0,0.9,0.5,0.6,2.5,6.5,7.0,4.94,9.0,2.99,14.0,1.0,0.5,0.6,3.14,5.39,6.16,4.69,9.0,1.51,14.0,1.0,0.5,0.6,70.9,87.1,95.1,83.6,9.0,11.7,14.0,1.0,0.6,6.41,12.35,19.27,13.12,10.0,6.0,16.0,0.9,0.5,0.6,2.97,6.8,14.72,8.35,10.0,5.75,16.0,0.9,0.5,0.6,-12.08,-2.88,8.77,-1.73,10.0,10.65,16.0,0.9,0.5,0.6,1004.56,1011.75,1021.27,1011.92,10.0,10.0,16.0,0.9,0.5,0.6,6.0,6.5,7.0,6.0,8.0,1.7,16.0,1.0,0.5,0.6,20.8,95.1,294.4,138.4,10.0,140.4,16.0,0.9,0.5,0.6,-225.0,-47.2,86.7,-56.8,10.0,172.2,16.0,0.9,0.5,0.6,-1.37,1.0,4.37,1.4,9.0,3.0,14.0,1.0,0.5,0.6,-8.1,11.3,58.2,24.6,9.0,48.5,14.0,1.0,0.5,0.6,-0.35,0.8,2.85,1.26,9.0,1.47,14.0,1.0,0.5,0.6,-2.3,7.8,38.1,19.1,9.0,24.2,14.0,1.0,0.5,0.6,14.3,25.7,33.3,26.1,9.0,20.0,14.0,1.0,0.5,0.6,-23.7,18.5,66.2,23.9,9.0,52.9,14.0,1.0,0.5,0.6,15.1,27.7,44.9,29.5,9.0,14.3,14.0,1.0,0.5,0.6,-29.7,16.0,56.9,11.6,9.0,47.5,14.0,1.0,0.5,0.6,-0.9,2.7,27.2,13.6,9.0,19.3,14.0,1.0,0.5,0.6,-29.2,-6.4,3.3,-12.2,9.0,15.7,14.0,1.0,0.5,0.6,265.0,1924.5,7293.0,3568.0,10.0,3907.0,16.0,0.9,0.5,0.6,265.0,1925.0,7295.0,3570.0,10.0,3905.0,16.0,0.9,0.5,0.6
1974,2,202.0,48.0,3.0,5.0,6.07,5.01,7.0,1.61,16.0,0.3,0.7,0.4,-0.05,2.0,6.05,3.09,7.0,3.13,16.0,0.3,0.7,0.4,3.05,3.99,4.83,4.07,7.0,1.19,16.0,0.3,0.7,0.4,74.2,82.8,92.1,83.7,7.0,9.6,16.0,0.3,0.4,10.18,12.3,15.52,12.56,7.0,3.42,16.0,0.3,0.7,0.4,-0.29,6.7,10.17,4.99,7.0,6.28,16.0,0.3,0.7,0.4,-11.61,-6.15,8.14,-1.9,7.0,11.09,16.0,0.3,0.7,0.4,1007.18,1009.5,1021.52,1010.81,7.0,10.61,16.0,0.3,0.7,0.4,6.9,8.0,8.0,7.4,7.0,1.1,16.0,0.3,0.7,0.4,-5.3,89.8,132.0,58.1,7.0,90.9,16.0,0.3,0.7,0.4,-156.8,-75.6,71.0,-20.0,7.0,167.7,16.0,0.3,0.7,0.4,-0.05,1.5,4.05,1.93,7.0,2.17,16.0,0.3,0.7,0.4,-0.9,15.5,44.1,22.5,7.0,27.4,16.0,0.3,0.7,0.4,0.93,1.39,2.25,1.38,7.0,0.96,16.0,0.3,0.7,0.4,6.9,18.6,23.4,15.6,7.0,12.0,16.0,0.3,0.7,0.4,-5.6,0.0,21.8,6.8,7.0,31.2,16.0,0.3,0.7,0.4,-23.2,10.1,46.7,19.4,7.0,49.3,16.0,0.3,0.7,0.4,-1.8,26.8,35.8,15.6,7.0,28.1,16.0,0.3,0.7,0.4,-42.5,-18.9,39.9,2.2,7.0,54.0,16.0,0.3,0.7,0.4,2.4,9.3,22.9,11.0,7.0,9.3,16.0,0.3,0.7,0.4,-16.4,-12.5,4.2,-8.5,7.0,10.7,16.0,0.3,0.7,0.4,1062.5,1861.0,3756.5,2365.5,7.0,1844.5,16.0,0.3,0.7,0.4,1060.0,1860.0,3755.0,2365.0,7.0,1845.0,16.0,0.3,0.7,0.4
1974,2,202.0,49.0,4.9,5.5,7.0,5.75,6.0,1.08,12.0,0.8,0.5,0.4,4.48,5.5,6.03,5.31,7.0,1.0,14.0,0.7,0.5,0.5,4.4,4.92,5.49,4.93,7.0,0.69,14.0,0.7,0.5,0.5,79.2,87.7,93.0,87.8,7.0,8.0,14.0,0.7,0.5,5.1,8.7,12.97,9.24,7.0,3.64,14.0,0.7,0.5,0.5,1.54,8.57,12.77,7.07,7.0,6.08,14.0,0.7,0.5,0.5,-2.31,1.74,4.91,1.69,7.0,3.77,14.0,0.7,0.5,0.5,988.94,993.5,1013.5,999.83,7.0,11.6,14.0,0.7,0.5,0.5,4.0,7.0,8.0,6.0,7.0,2.0,14.0,0.7,0.5,0.5,7.5,74.5,165.8,80.8,7.0,83.2,14.0,0.7,0.5,0.5,-29.4,13.1,36.9,9.9,7.0,34.1,14.0,0.7,0.5,0.5,-0.75,0.75,1.1,0.3,6.0,1.19,12.0,0.8,0.5,0.4,-3.8,6.0,14.7,5.9,6.0,10.8,12.0,0.8,0.5,0.4,0.35,0.91,1.34,0.84,6.0,0.51,12.0,0.8,0.5,0.4,2.6,8.0,13.3,8.5,6.0,7.1,12.0,0.8,0.5,0.4,8.4,34.3,64.4,35.1,7.0,31.3,14.0,0.7,0.5,0.5,-13.6,11.3,27.2,9.8,7.0,21.1,14.0,0.7,0.5,0.5,6.6,33.3,64.6,33.7,7.0,30.6,14.0,0.7,0.5,0.5,-12.5,9.5,22.2,8.5,7.0,20.2,14.0,0.7,0.5,0.5,0.1,6.3,13.1,7.2,6.0,8.2,12.0,0.8,0.5,0.4,-0.3,2.5,3.7,1.9,6.0,2.4,12.0,0.8,0.5,0.4,132.5,658.5,2187.0,1110.5,7.0,1092.0,14.0,0.7,0.5,0.5,135.0,660.0,2185.0,1110.0,7.0,1090.0,14.0,0.7,0.5,0.5
1974,2,202.0,51.0,2.64,4.0,4.57,3.63,10.0,1.24,14.0,0.6,0.5,0.4,0.17,3.0,4.71,2.49,11.0,2.34,12.0,0.6,0.5,0.4,2.94,3.74,4.28,3.75,7.0,0.8,12.0,0.6,0.5,0.4,70.8,79.9,91.8,80.7,7.0,9.6,12.0,0.6,0.4,4.85,8.45,13.94,9.34,12.0,5.03,14.0,0.6,0.5,0.4,-1.68,4.5,10.04,4.56,12.0,6.82,14.0,0.6,0.5,0.4,-2.51,2.63,4.27,-0.1,12.0,7.16,14.0,0.6,0.5,0.4,991.72,1005.85,1011.58,1003.42,12.0,9.03,14.0,0.6,0.5,0.4,7.0,8.0,8.0,7.5,11.0,0.7,14.0,0.5,0.5,0.4,-7.9,47.6,113.0,60.3,12.0,91.5,14.0,0.6,0.5,0.4,-32.4,10.8,39.2,-23.7,12.0,114.1,14.0,0.6,0.5,0.4,-1.15,1.0,2.73,1.1,9.0,2.46,14.0,0.7,0.5,0.4,-7.5,5.1,41.9,15.3,9.0,29.9,14.0,0.7,0.5,0.4,0.11,1.64,2.12,1.25,7.0,0.96,12.0,0.6,0.5,0.4,0.5,9.4,18.9,11.1,7.0,11.3,12.0,0.6,0.5,0.4,-12.5,14.3,40.0,12.8,11.0,23.1,12.0,0.6,0.5,0.4,0.0,11.2,18.5,9.3,11.0,9.6,12.0,0.6,0.5,0.4,-19.7,14.3,22.2,7.2,7.0,20.5,12.0,0.6,0.5,0.4,-1.2,7.4,16.9,5.5,7.0,16.6,12.0,0.6,0.5,0.4,-4.0,0.1,14.4,3.8,7.0,11.6,12.0,0.6,0.5,0.4,-1.2,0.2,1.8,-1.5,7.0,10.8,12.0,0.6,0.5,0.4,116.5,605.0,2850.0,1540.0,12.0,2175.0,14.0,0.6,0.5,0.4,115.0,605.0,2850.0,1540.0,12.0,2175.0,14.0,0.6,0.5,0.4
1974,2,202.0,52.0,2.79,3.5,4.53,3.57,11.0,0.95,16.0,0.7,0.7,0.4,1.29,2.3,5.25,3.09,11.0,2.12,16.0,0.7,0.7,0.4,3.12,4.12,5.18,4.13,8.0,1.05,14.0,0.6,0.7,0.4,79.2,83.1,88.4,82.2,8.0,12.4,14.0,0.6,0.4,12.45,14.4,17.41,14.39,11.0,4.22,16.0,0.7,0.7,0.4,-3.49,6.7,13.42,5.7,11.0,9.16,16.0,0.7,0.7,0.4,-11.17,-7.58,9.9,-1.87,11.0,11.05,16.0,0.7,0.7,0.4,988.41,1013.8,1016.91,1005.44,11.0,13.12,16.0,0.7,0.7,0.4,6.0,7.0,8.0,6.9,10.0,1.1,18.0,0.7,0.6,0.4,-71.5,89.8,199.2,73.3,11.0,161.0,16.0,0.7,0.7,0.4,-153.7,-89.5,161.0,-3.8,11.0,191.7,16.0,0.7,0.7,0.4,-2.08,0.0,3.24,0.48,11.0,2.61,16.0,0.7,0.7,0.4,-32.4,0.0,40.0,1.2,11.0,37.2,16.0,0.7,0.7,0.4,-0.05,0.71,1.99,0.85,8.0,1.1,14.0,0.6,0.7,0.4,-0.6,11.1,30.2,12.6,8.0,16.0,14.0,0.6,0.7,0.4,-21.2,12.9,64.1,15.0,11.0,45.7,16.0,0.7,0.7,0.4,-22.5,-7.2,47.9,11.6,11.0,43.3,16.0,0.7,0.7,0.4,-43.7,31.5,67.7,21.0,8.0,49.1,14.0,0.6,0.7,0.4,-35.7,0.2,59.6,10.9,8.0,50.8,14.0,0.6,0.7,0.4,-2.5,6.0,15.2,6.8,8.0,12.2,14.0,0.6,0.7,0.4,-21.8,-8.6,2.3,-9.6,8.0,11.4,14.0,0.6,0.7,0.4,1938.5,2986.0,5292.5,3651.0,11.0,2797.0,16.0,0.7,0.7,0.4,1940.0,2985.0,5295.0,3650.0,11.0,2795.0,16.0,0.7,0.7,0.4
1974,2,202.0,53.0,2.93,4.0,4.5,3.75,13.0,0.93,12.0,0.5,0.5,0.6,-0.1,2.3,4.19,2.11,13.0,2.28,12.0,0.5,0.6,0.6,3.07,4.09,4.53,3.89,11.0,0.73,12.0,0.5,0.5,0.5,86.8,91.8,93.9,89.3,11.0,9.7,12.0,0.5,0.5,6.53,11.0,14.18,10.51,15.0,3.65,12.0,0.5,0.6,0.6,-8.2,0.0,12.73,1.29,15.0,9.33,12.0,0.5,0.6,0.6,-4.95,-1.08,5.37,-0.2,15.0,6.54,12.0,0.5,0.6,0.6,991.5,1000.7,1010.89,1000.28,14.0,9.76,14.0,0.6,0.6,0.6,5.8,8.0,8.0,7.1,13.0,1.7,14.0,0.5,0.6,0.6,-77.4,0.0,162.5,16.6,15.0,119.6,12.0,0.5,0.6,0.6,-71.1,-6.7,40.2,-1.8,15.0,81.3,12.0,0.5,0.6,0.6,-0.25,0.75,4.38,1.37,12.0,2.71,10.0,0.5,0.6,0.6,-3.8,4.7,55.7,15.0,12.0,36.4,10.0,0.5,0.6,0.6,0.48,0.86,1.86,1.09,10.0,0.72,10.0,0.5,0.5,0.6,2.2,7.3,24.6,12.4,10.0,11.1,10.0,0.5,0.5,0.6,-17.6,3.3,16.9,5.8,13.0,27.4,12.0,0.5,0.6,0.6,-3.0,5.3,22.6,11.0,13.0,22.2,12.0,0.5,0.6,0.6,-31.1,0.0,31.8,-0.2,11.0,31.2,12.0,0.5,0.5,0.5,-15.9,-3.6,29.8,6.5,11.0,29.5,12.0,0.5,0.5,0.5,-10.6,-0.9,15.3,0.3,10.0,15.2,10.0,0.5,0.5,0.6,-7.0,-0.3,2.9,-2.5,10.0,7.5,10.0,0.5,0.5,0.6,286.5,1331.0,2857.5,1528.0,15.0,1163.0,12.0,0.5,0.6,0.6,285.0,1330.0,2855.0,1530.0,15.0,1165.0,12.0,0.5,0.6,0.6
1974,2,202.0,54.0,2.06,4.0,4.97,3.66,14.0,1.32,14.0,0.6,0.6,0.4,-1.0,2.5,6.05,2.32,13.0,3.02,14.0,0.7,0.6,0.3,3.4,4.44,5.12,4.35,8.0,0.84,12.0,0.8,0.7,0.3,80.8,91.8,92.6,88.6,8.0,8.2,12.0,0.8,0.3,3.95,8.7,13.59,9.46,17.0,4.83,14.0,0.7,0.6,0.4,-0.77,2.24,8.02,2.06,17.0,5.15,14.0,0.7,0.6,0.4,-13.09,-2.63,4.82,-4.32,17.0,8.21,14.0,0.7,0.6,0.4,990.3,1003.5,1009.01,1000.94,17.0,9.9,14.0,0.7,0.6,0.4,5.8,7.0,8.0,6.5,13.0,2.3,16.0,0.8,0.6,0.3,-2.0,11.1,75.8,27.5,17.0,61.5,14.0,0.7,0.6,0.4,-178.2,-20.3,36.3,-67.1,17.0,115.8,14.0,0.7,0.6,0.4,-1.36,2.0,3.63,1.25,10.0,2.79,12.0,0.6,0.6,0.3,-12.3,14.7,34.2,13.3,10.0,27.8,12.0,0.6,0.6,0.3,0.1,0.58,1.28,0.67,7.0,0.56,10.0,0.7,0.7,0.3,0.7,4.7,10.3,5.9,7.0,6.8,10.0,0.7,0.7,0.3,-18.1,0.0,3.3,-2.8,13.0,20.6,14.0,0.7,0.6,0.3,-7.3,3.0,33.1,10.9,13.0,21.8,14.0,0.7,0.6,0.3,-8.2,7.5,29.0,7.9,8.0,22.8,12.0,0.8,0.7,0.3,-37.7,1.7,35.7,0.7,8.0,35.3,12.0,0.8,0.7,0.3,-0.8,0.0,4.3,0.3,7.0,4.9,10.0,0.7,0.7,0.3,-4.1,0.5,3.6,-1.8,7.0,7.7,10.0,0.7,0.7,0.3,79.5,658.5,2533.5,1484.0,17.0,1801.0,14.0,0.7,0.6,0.4,80.0,660.0,2535.0,1485.0,17.0,1800.0,14.0,0.7,0.6,0.4
1974,2,202.0,55.0,2.14,3.0,4.32,3.21,9.0,1.07,16.0,0.6,0.5,0.5,-1.18,1.7,2.65,0.98,5.0,2.16,12.0,0.6,0.4,0.5,3.67,4.0,4.31,3.99,3.0,0.47,8.0,0.3,0.5,0.6,90.0,90.6,97.0,93.4,3.0,5.7,8.0,0.3,0.6,6.64,11.9,14.23,11.13,8.0,4.27,16.0,0.6,0.5,0.4,-9.61,0.0,10.04,0.2,8.0,8.65,16.0,0.6,0.5,0.4,-11.8,-7.63,-1.72,-7.3,8.0,4.89,16.0,0.6,0.5,0.4,998.36,1008.2,1009.88,1005.23,9.0,6.8,16.0,0.6,0.5,0.5,3.9,8.0,8.0,6.4,7.0,2.8,16.0,0.6,0.6,0.4,-112.2,0.0,142.6,3.2,8.0,119.1,16.0,0.6,0.5,0.4,-139.2,-102.6,-7.7,-91.3,8.0,75.3,16.0,0.6,0.5,0.4,0.65,3.0,5.05,2.88,5.0,2.52,12.0,0.6,0.4,0.5,11.0,19.8,65.8,35.4,5.0,34.7,12.0,0.6,0.4,0.5,0.52,0.85,1.56,1.03,3.0,0.78,8.0,0.3,0.5,0.6,5.4,14.1,23.0,14.2,3.0,12.9,8.0,0.3,0.5,0.6,-15.9,-11.0,7.9,-5.3,5.0,14.8,12.0,0.6,0.4,0.5,-15.8,-4.4,9.1,-4.5,5.0,14.9,12.0,0.6,0.4,0.5,-33.7,-15.1,21.7,-6.2,3.0,41.3,8.0,0.3,0.5,0.6,-44.8,-32.5,-14.1,-29.5,3.0,22.7,8.0,0.3,0.5,0.6,-6.6,-1.2,13.8,3.5,3.0,15.5,8.0,0.3,0.5,0.6,-15.3,-10.8,-3.7,-9.6,3.0,8.6,8.0,0.3,0.5,0.6,374.5,1685.5,2893.0,1862.5,8.0,1433.5,16.0,0.6,0.5,0.4,375.0,1685.0,2895.0,1865.0,8.0,1435.0,16.0,0.6,0.5,0.4
1974,2,202.0,56.0,1.0,1.45,2.32,1.6,6.0,0.8,24.0,0.2,0.6,0.2,-3.05,-2.5,-1.95,-2.5,2.0,1.13,28.0,0.0,0.6,0.1,2.24,2.24,2.24,2.24,1.0,0.0,28.0,0.0,0.4,0.1,75.6,75.6,75.6,75.6,1.0,0.0,28.0,0.0,0.1,11.57,12.9,20.6,15.34,5.0,4.9,24.0,0.0,0.6,0.2,3.38,7.91,14.17,8.26,5.0,6.97,24.0,0.0,0.6,0.2,-14.17,-12.7,-8.86,-11.81,5.0,3.15,24.0,0.0,0.6,0.2,1005.51,1007.85,1009.55,1007.57,6.0,2.37,24.0,0.2,0.6,0.2,3.2,5.0,8.0,5.0,6.0,3.0,24.0,0.2,0.6,0.2,32.7,97.2,291.9,146.9,5.0,147.6,24.0,0.0,0.6,0.2,-291.9,-163.9,-103.2,-191.8,5.0,103.8,24.0,0.0,0.6,0.2,2.65,3.4,4.15,3.4,2.0,1.56,28.0,0.0,0.6,0.1,28.7,39.5,50.3,39.5,2.0,22.4,28.0,0.0,0.6,0.1,1.89,1.89,1.89,1.89,1.0,0.0,28.0,0.0,0.4,0.1,23.2,23.2,23.2,23.2,1.0,0.0,28.0,0.0,0.4,0.1,-23.7,-18.7,-13.6,-18.7,2.0,10.5,28.0,0.0,0.6,0.1,16.2,22.3,28.3,22.3,2.0,12.5,28.0,0.0,0.6,0.1,17.7,17.7,17.7,17.7,1.0,0.0,28.0,0.0,0.4,0.1,-21.1,-21.1,-21.1,-21.1,1.0,0.0,28.0,0.0,0.4,0.1,14.9,14.9,14.9,14.9,1.0,0.0,28.0,0.0,0.4,0.1,-17.8,-17.8,-17.8,-17.8,1.0,0.0,28.0,0.0,0.4,0.1,1580.5,2146.5,8742.0,4517.0,5.0,3876.0,24.0,0.0,0.6,0.2,1580.0,2145.0,8740.0,4515.0,5.0,3875.0,24.0,0.0,0.6,0.2
1974,2,202.0,57.0,4.4,4.4,4.4,4.4,1.0,0.0,14.0,1.0,0.4,0.6,2.3,2.3,2.3,2.3,1.0,0.0,14.0,1.0,0.4,0.6,2.73,2.73,2.73,2.73,1.0,0.0,14.0,1.0,0.4,0.6,58.5,58.5,58.5,58.5,1.0,0.0,14.0,1.0,0.6,15.4,15.4,15.4,15.4,1.0,0.0,14.0,1.0,0.4,0.6,9.9,9.9,9.9,9.9,1.0,0.0,14.0,1.0,0.4,0.6,11.8,11.8,11.8,11.8,1.0,0.0,14.0,1.0,0.4,0.6,966.5,966.5,966.5,966.5,1.0,0.0,14.0,1.0,0.4,0.6,6.0,6.0,6.0,6.0,1.0,0.0,14.0,1.0,0.4,0.6,152.4,152.4,152.4,152.4,1.0,0.0,14.0,1.0,0.4,0.6,181.7,181.7,181.7,181.7,1.0,0.0,14.0,1.0,0.4,0.6,2.1,2.1,2.1,2.1,1.0,0.0,14.0,1.0,0.4,0.6,32.3,32.3,32.3,32.3,1.0,0.0,14.0,1.0,0.4,0.6,2.69,2.69,2.69,2.69,1.0,0.0,14.0,1.0,0.4,0.6,41.4,41.4,41.4,41.4,1.0,0.0,14.0,1.0,0.4,0.6,22.8,22.8,22.8,22.8,1.0,0.0,14.0,1.0,0.4,0.6,27.1,27.1,27.1,27.1,1.0,0.0,14.0,1.0,0.4,0.6,27.0,27.0,27.0,27.0,1.0,0.0,14.0,1.0,0.4,0.6,32.2,32.2,32.2,32.2,1.0,0.0,14.0,1.0,0.4,0.6,26.6,26.6,26.6,26.6,1.0,0.0,14.0,1.0,0.4,0.6,31.7,31.7,31.7,31.7,1.0,0.0,14.0,1.0,0.4,0.6,3652.5,3652.5,3652.5,3652.5,1.0,0.0,14.0,1.0,0.4,0.6,3650.0,3650.0,3650.0,3650.0,1.0,0.0,14.0,1.0,0.4,0.6
1974,2,203.0,-63.0,1.0,1.0,1.0,1.0,1.0,0.0,16.0,1.0,0.7,1.0,1.9,1.9,1.9,1.9,1.0,0.0,16.0,1.0,0.7,1.0,3.89,3.89,3.89,3.89,1.0,0.0,16.0,1.0,0.7,1.0,86.6,86.6,86.6,86.6,1.0,0.0,16.0,1.0,1.0,10.3,10.3,10.3,10.3,1.0,0.0,16.0,1.0,0.7,1.0,10.14,10.14,10.14,10.14,1.0,0.0,16.0,1.0,0.7,1.0,1.79,1.79,1.79,1.79,1.0,0.0,16.0,1.0,0.7,1.0,975.9,975.9,975.9,975.9,1.0,0.0,16.0,1.0,0.7,1.0,7.0,7.0,7.0,7.0,1.0,0.0,16.0,1.0,0.7,1.0,104.5,104.5,104.5,104.5,1.0,0.0,16.0,1.0,0.7,1.0,18.4,18.4,18.4,18.4,1.0,0.0,16.0,1.0,0.7,1.0,-0.9,-0.9,-0.9,-0.9,1.0,0.0,16.0,1.0,0.7,1.0,-9.3,-9.3,-9.3,-9.3,1.0,0.0,16.0,1.0,0.7,1.0,0.32,0.32,0.32,0.32,1.0,0.0,16.0,1.0,0.7,1.0,3.3,3.3,3.3,3.3,1.0,0.0,16.0,1.0,0.7,1.0,19.3,19.3,19.3,19.3,1.0,0.0,16.0,1.0,0.7,1.0,3.4,3.4,3.4,3.4,1.0,0.0,16.0,1.0,0.7,1.0,39.5,39.5,39.5,39.5,1.0,0.0,16.0,1.0,0.7,1.0,7.0,7.0,7.0,7.0,1.0,0.0,16.0,1.0,0.7,1.0,3.3,3.3,3.3,3.3,1.0,0.0,16.0,1.0,0.7,1.0,0.6,0.6,0.6,0.6,1.0,0.0,16.0,1.0,0.7,1.0,1092.5,1092.5,1092.5,1092.5,1.0,0.0,16.0,1.0,0.7,1.0,1095.0,1095.0,1095.0,1095.0,1.0,0.0,16.0,1.0,0.7,1.0
1974,2,203.0,-61.0,3.0,3.0,3.0,3.0,1.0,0.0,18.0,1.0,0.8,1.0,2.0,2.0,2.0,2.0,1.0,0.0,18.0,1.0,0.8,1.0,3.41,3.41,3.41,3.41,1.0,0.0,18.0,1.0,0.8,1.0,75.9,75.9,75.9,75.9,1.0,0.0,18.0,1.0,1.0,9.3,9.3,9.3,9.3,1.0,0.0,18.0,1.0,0.8,1.0,8.05,8.05,8.05,8.05,1.0,0.0,18.0,1.0,0.8,1.0,4.65,4.65,4.65,4.65,1.0,0.0,18.0,1.0,0.8,1.0,982.4,982.4,982.4,982.4,1.0,0.0,18.0,1.0,0.8,1.0,8.0,8.0,8.0,8.0,1.0,0.0,18.0,1.0,0.8,1.0,74.9,74.9,74.9,74.9,1.0,0.0,18.0,1.0,0.8,1.0,43.2,43.2,43.2,43.2,1.0,0.0,18.0,1.0,0.8,1.0,1.0,1.0,1.0,1.0,1.0,0.0,18.0,1.0,0.8,1.0,9.3,9.3,9.3,9.3,1.0,0.0,18.0,1.0,0.8,1.0,1.42,1.42,1.42,1.42,1.0,0.0,18.0,1.0,0.8,1.0,13.2,13.2,13.2,13.2,1.0,0.0,18.0,1.0,0.8,1.0,16.1,16.1,16.1,16.1,1.0,0.0,18.0,1.0,0.8,1.0,9.3,9.3,9.3,9.3,1.0,0.0,18.0,1.0,0.8,1.0,27.5,27.5,27.5,27.5,1.0,0.0,18.0,1.0,0.8,1.0,15.9,15.9,15.9,15.9,1.0,0.0,18.0,1.0,0.8,1.0,11.4,11.4,11.4,11.4,1.0,0.0,18.0,1.0,0.8,1.0,6.6,6.6,6.6,6.6,1.0,0.0,18.0,1.0,0.8,1.0,804.5,804.5,804.5,804.5,1.0,0.0,18.0,1.0,0.8,1.0,805.0,805.0,805.0,805.0,1.0,0.0,18.0,1.0,0.8,1.0
1974,2,203.0,-59.0,,,,,,,,,,,,,,,,,,,,,,,,,,,,,,,,,,,,,,,,,,,,,,,,,,,,,,,,,,,,,,,,,,,,,,,,,,,,,,,,7.0,7.0,7.0,7.0,1.0,0.0,2.0,1.0,0.6,0.5,32.0,32.7,33.3,32.7,2.0,1.3,2.0,1.0,0.4,0.5,35.9,45.0,54.0,45.0,2.0,18.7,2.0,1.0,0.4,0.5,,,,,,,,,,,,,,,,,,,,,,,,,,,,,,,,,,,,,,,,,,,,,,,,,,,,,,,,,,,,,,,,,,,,,,,,,,,,,,,,,,,,,,,,,,,,,,,,,,,,,,,,,,,,,,,,,,,,,,,,
1974,2,203.0,-57.0,,,,,,,,,,,,,,,,,,,,,,,,,,,,,,,,,,,,,,,,,,,,,,,,,,,,,,,,,,,,,,,,,,,,,,,,,,,,,,,,8.0,8.0,8.0,8.0,1.0,0.0,2.0,0.0,0.7,0.4,53.0,53.0,53.0,53.0,1.0,0.0,2.0,0.0,0.7,0.4,91.9,91.9,91.9,91.9,1.0,0.0,2.0,0.0,0.7,0.4,,,,,,,,,,,,,,,,,,,,,,,,,,,,,,,,,,,,,,,,,,,,,,,,,,,,,,,,,,,,,,,,,,,,,,,,,,,,,,,,,,,,,,,,,,,,,,,,,,,,,,,,,,,,,,,,,,,,,,,,
1974,2,203.0,-46.0,,,,,,,,,,,,,,,,,,,,,,,,,,,,,,,,,,,,,,,,9.0,9.0,9.0,9.0,1.0,0.0,6.0,1.0,0.2,0.5,8.46,8.46,8.46,8.46,1.0,0.0,6.0,1.0,0.2,0.5,3.08,3.08,3.08,3.08,1.0,0.0,6.0,1.0,0.2,0.5,1017.9,1017.9,1017.9,1017.9,1.0,0.0,6.0,1.0,0.2,0.5,,,,,,,,,,,,,,,,,,,,,,,,,,,,,,,,,,,,,,,,,,,,,,,,,,,,,,,,,,,,,,,,,,,,,,,,,,,,,,,,,,,,,,,,,,,,,,,,,,,,,,,,,,,,,,,,,,,,,,,,,,,,,,,,,,,,,,,,,,,,,,,,,,,,,,
1974,2,203.0,-45.0,15.5,15.5,15.5,15.5,1.0,0.0,22.0,0.0,1.0,0.3,15.5,15.5,15.5,15.5,1.0,0.0,22.0,0.0,1.0,0.3,9.85,9.85,9.85,9.85,1.0,0.0,22.0,0.0,1.0,0.3,90.2,90.2,90.2,90.2,1.0,0.0,22.0,0.0,0.3,7.7,7.7,7.7,7.7,1.0,0.0,22.0,0.0,1.0,0.3,0.0,0.0,0.0,0.0,1.0,0.0,22.0,0.0,1.0,0.3,-7.7,-7.7,-7.7,-7.7,1.0,0.0,22.0,0.0,1.0,0.3,1013.0,1013.0,1013.0,1013.0,1.0,0.0,22.0,0.0,1.0,0.3,8.0,8.0,8.0,8.0,1.0,0.0,22.0,0.0,1.0,0.3,0.0,0.0,0.0,0.0,1.0,0.0,22.0,0.0,1.0,0.3,-59.3,-59.3,-59.3,-59.3,1.0,0.0,22.0,0.0,1.0,0.3,0.0,0.0,0.0,0.0,1.0,0.0,22.0,0.0,1.0,0.3,0.0,0.0,0.0,0.0,1.0,0.0,22.0,0.0,1.0,0.3,1.08,1.08,1.08,1.08,1.0,0.0,22.0,0.0,1.0,0.3,8.3,8.3,8.3,8.3,1.0,0.0,22.0,0.0,1.0,0.3,0.0,0.0,0.0,0.0,1.0,0.0,22.0,0.0,1.0,0.3,-119.3,-119.3,-119.3,-119.3,1.0,0.0,22.0,0.0,1.0,0.3,0.0,0.0,0.0,0.0,1.0,0.0,22.0,0.0,1.0,0.3,-75.8,-75.8,-75.8,-75.8,1.0,0.0,22.0,0.0,1.0,0.3,0.0,0.0,0.0,0.0,1.0,0.0,22.0,0.0,1.0,0.3,-8.3,-8.3,-8.3,-8.3,1.0,0.0,22.0,0.0,1.0,0.3,456.5,456.5,456.5,456.5,1.0,0.0,22.0,0.0,1.0,0.3,455.0,455.0,455.0,455.0,1.0,0.0,22.0,0.0,1.0,0.3
1974,2,203.0,-44.0,15.2,15.2,15.2,15.2,1.0,0.0,18.0,0.0,0.5,0.1,14.0,14.0,14.0,14.0,1.0,0.0,18.0,0.0,0.5,0.1,6.52,6.52,6.52,6.52,1.0,0.0,18.0,0.0,0.5,0.1,66.7,66.7,66.7,66.7,1.0,0.0,18.0,0.0,0.1,4.6,4.6,4.6,4.6,1.0,0.0,18.0,0.0,0.5,0.1,0.0,0.0,0.0,0.0,1.0,0.0,18.0,0.0,0.5,0.1,4.6,4.6,4.6,4.6,1.0,0.0,18.0,0.0,0.5,0.1,1025.4,1025.4,1025.4,1025.4,1.0,0.0,18.0,0.0,0.5,0.1,8.0,8.0,8.0,8.0,1.0,0.0,18.0,0.0,0.5,0.1,0.0,0.0,0.0,0.0,1.0,0.0,18.0,0.0,0.5,0.1,21.2,21.2,21.2,21.2,1.0,0.0,18.0,0.0,0.5,0.1,1.2,1.2,1.2,1.2,1.0,0.0,18.0,0.0,0.5,0.1,5.5,5.5,5.5,5.5,1.0,0.0,18.0,0.0,0.5,0.1,4.07,4.07,4.07,4.07,1.0,0.0,18.0,0.0,0.5,0.1,18.7,18.7,18.7,18.7,1.0,0.0,18.0,0.0,0.5,0.1,0.0,0.0,0.0,0.0,1.0,0.0,18.0,0.0,0.5,0.1,64.4,64.4,64.4,64.4,1.0,0.0,18.0,0.0,0.5,0.1,0.0,0.0,0.0,0.0,1.0,0.0,18.0,0.0,0.5,0.1,30.0,30.0,30.0,30.0,1.0,0.0,18.0,0.0,0.5,0.1,0.0,0.0,0.0,0.0,1.0,0.0,18.0,0.0,0.5,0.1,18.7,18.7,18.7,18.7,1.0,0.0,18.0,0.0,0.5,0.1,97.5,97.5,97.5,97.5,1.0,0.0,18.0,0.0,0.5,0.1,95.0,95.0,95.0,95.0,1.0,0.0,18.0,0.0,0.5,0.1
1974,2,203.0,-42.0,16.8,16.8,16.8,16.8,1.0,0.0,10.0,0.0,0.2,1.0,17.1,17.1,17.1,17.1,1.0,0.0,10.0,0.0,0.2,1.0,10.42,10.42,10.42,10.42,1.0,0.0,10.0,0.0,0.2,1.0,86.9,86.9,86.9,86.9,1.0,0.0,10.0,0.0,1.0,5.7,5.7,5.7,5.7,1.0,0.0,10.0,0.0,0.2,1.0,5.7,5.7,5.7,5.7,1.0,0.0,10.0,0.0,0.2,1.0,0.0,0.0,0.0,0.0,1.0,0.0,10.0,0.0,0.2,1.0,1021.5,1021.5,1021.5,1021.5,1.0,0.0,10.0,0.0,0.2,1.0,8.0,8.0,8.0,8.0,1.0,0.0,10.0,0.0,0.2,1.0,32.5,32.5,32.5,32.5,1.0,0.0,10.0,0.0,0.2,1.0,0.0,0.0,0.0,0.0,1.0,0.0,10.0,0.0,0.2,1.0,-0.3,-0.3,-0.3,-0.3,1.0,0.0,10.0,0.0,0.2,1.0,-1.7,-1.7,-1.7,-1.7,1.0,0.0,10.0,0.0,0.2,1.0,1.36,1.36,1.36,1.36,1.0,0.0,10.0,0.0,0.2,1.0,7.7,7.7,7.7,7.7,1.0,0.0,10.0,0.0,0.2,1.0,97.5,97.5,97.5,97.5,1.0,0.0,10.0,0.0,0.2,1.0,0.0,0.0,0.0,0.0,1.0,0.0,10.0,0.0,0.2,1.0,59.4,59.4,59.4,59.4,1.0,0.0,10.0,0.0,0.2,1.0,0.0,0.0,0.0,0.0,1.0,0.0,10.0,0.0,0.2,1.0,7.7,7.7,7.7,7.7,1.0,0.0,10.0,0.0,0.2,1.0,0.0,0.0,0.0,0.0,1.0,0.0,10.0,0.0,0.2,1.0,185.0,185.0,185.0,185.0,1.0,0.0,10.0,0.0,0.2,1.0,185.0,185.0,185.0,185.0,1.0,0.0,10.0,0.0,0.2,1.0
1974,2,203.0,-41.0,17.28,17.45,17.62,17.45,2.0,0.35,22.0,1.0,0.6,0.5,16.78,16.95,17.12,16.95,2.0,0.35,22.0,1.0,0.6,0.5,9.12,10.1,11.08,10.1,2.0,2.03,22.0,1.0,0.6,0.5,77.7,85.0,92.3,85.0,2.0,15.1,22.0,1.0,0.5,3.84,4.35,4.86,4.35,2.0,1.06,22.0,1.0,0.6,0.5,-0.93,0.82,2.57,0.82,2.0,3.63,22.0,1.0,0.6,0.5,-0.28,1.78,3.84,1.78,2.0,4.26,22.0,1.0,0.6,0.5,1022.65,1022.75,1022.85,1022.75,2.0,0.21,22.0,1.0,0.6,0.5,8.0,8.0,8.0,8.0,2.0,0.0,22.0,1.0,0.6,0.5,-5.6,1.6,8.8,1.6,2.0,14.9,22.0,1.0,0.6,0.5,0.1,10.0,19.9,10.0,2.0,20.4,22.0,1.0,0.6,0.5,0.5,0.5,0.5,0.5,2.0,0.0,22.0,1.0,0.6,0.5,1.9,2.2,2.4,2.2,2.0,0.5,22.0,1.0,0.6,0.5,1.31,2.16,3.01,2.16,2.0,1.76,22.0,1.0,0.6,0.5,5.5,10.3,15.1,10.3,2.0,9.9,22.0,1.0,0.6,0.5,-15.3,14.5,44.3,14.5,2.0,61.7,22.0,1.0,0.6,0.5,-5.1,29.4,64.0,29.4,2.0,71.6,22.0,1.0,0.6,0.5,-6.5,12.0,30.4,12.0,2.0,38.3,22.0,1.0,0.6,0.5,-5.4,13.7,32.7,13.7,2.0,39.4,22.0,1.0,0.6,0.5,-4.5,-1.4,1.7,-1.4,2.0,6.4,22.0,1.0,0.6,0.5,1.6,7.6,13.6,7.6,2.0,12.3,22.0,1.0,0.6,0.5,60.5,89.5,119.0,89.5,2.0,61.0,22.0,1.0,0.6,0.5,60.0,90.0,120.0,90.0,2.0,60.0,22.0,1.0,0.6,0.5
1974,2,203.0,-40.0,17.8,17.8,17.8,17.8,2.0,0.0,14.0,0.5,0.5,0.2,15.01,16.1,18.08,16.53,3.0,2.28,18.0,0.3,0.5,0.4,8.18,8.28,9.77,8.96,3.0,1.31,18.0,0.3,0.5,0.4,74.6,77.6,78.9,76.8,3.0,3.2,18.0,0.3,0.4,4.9,7.7,9.13,7.03,3.0,3.15,18.0,0.3,0.5,0.4,-2.31,0.0,3.38,0.52,3.0,4.19,18.0,0.3,0.5,0.4,-3.64,1.23,7.08,1.71,3.0,7.86,18.0,0.3,0.5,0.4,1013.92,1014.6,1020.81,1017.3,3.0,5.57,18.0,0.3,0.5,0.4,2.9,7.0,7.7,5.3,3.0,3.8,18.0,0.3,0.5,0.4,-8.3,0.0,26.0,8.6,3.0,26.2,18.0,0.3,0.5,0.4,-29.6,4.4,67.0,18.4,3.0,71.7,18.0,0.3,0.5,0.4,1.95,2.5,3.05,2.5,2.0,1.13,14.0,0.5,0.5,0.2,16.1,22.7,29.3,22.7,2.0,13.6,14.0,0.5,0.5,0.2,4.38,4.44,4.5,4.44,2.0,0.12,14.0,0.5,0.5,0.2,35.3,39.0,42.6,39.0,2.0,7.6,14.0,0.5,0.5,0.2,-43.9,0.0,54.4,5.1,3.0,72.1,18.0,0.3,0.5,0.4,-57.4,23.4,104.4,23.5,3.0,118.5,18.0,0.3,0.5,0.4,-24.2,0.0,28.0,1.9,3.0,38.2,18.0,0.3,0.5,0.4,-29.3,12.9,58.5,14.6,3.0,64.3,18.0,0.3,0.5,0.4,3.4,10.8,18.1,10.8,2.0,15.3,14.0,0.5,0.5,0.2,-14.6,9.3,33.2,9.3,2.0,49.5,14.0,0.5,0.5,0.2,177.0,456.5,787.5,481.5,3.0,448.0,18.0,0.3,0.5,0.4,175.0,455.0,785.0,480.0,3.0,450.0,18.0,0.3,0.5,0.4
1974,2,203.0,-38.0,20.0,20.0,20.0,20.0,1.0,0.0,26.0,0.0,1.0,0.5,17.0,17.0,17.0,17.0,1.0,0.0,26.0,0.0,1.0,0.5,9.07,9.07,9.07,9.07,1.0,0.0,26.0,0.0,1.0,0.5,76.3,76.3,76.3,76.3,1.0,0.0,26.0,0.0,0.5,6.2,6.2,6.2,6.2,1.0,0.0,26.0,0.0,1.0,0.5,-5.83,-5.83,-5.83,-5.83,1.0,0.0,26.0,0.0,1.0,0.5,2.12,2.12,2.12,2.12,1.0,0.0,26.0,0.0,1.0,0.5,1022.8,1022.8,1022.8,1022.8,1.0,0.0,26.0,0.0,1.0,0.5,8.0,8.0,8.0,8.0,1.0,0.0,26.0,0.0,1.0,0.5,-36.1,-36.1,-36.1,-36.1,1.0,0.0,26.0,0.0,1.0,0.5,13.1,13.1,13.1,13.1,1.0,0.0,26.0,0.0,1.0,0.5,3.0,3.0,3.0,3.0,1.0,0.0,26.0,0.0,1.0,0.5,18.6,18.6,18.6,18.6,1.0,0.0,26.0,0.0,1.0,0.5,5.33,5.33,5.33,5.33,1.0,0.0,26.0,0.0,1.0,0.5,33.0,33.0,33.0,33.0,1.0,0.0,26.0,0.0,1.0,0.5,-99.0,-99.0,-99.0,-99.0,1.0,0.0,26.0,0.0,1.0,0.5,36.0,36.0,36.0,36.0,1.0,0.0,26.0,0.0,1.0,0.5,-52.9,-52.9,-52.9,-52.9,1.0,0.0,26.0,0.0,1.0,0.5,19.2,19.2,19.2,19.2,1.0,0.0,26.0,0.0,1.0,0.5,-31.0,-31.0,-31.0,-31.0,1.0,0.0,26.0,0.0,1.0,0.5,11.3,11.3,11.3,11.3,1.0,0.0,26.0,0.0,1.0,0.5,238.5,238.5,238.5,238.5,1.0,0.0,26.0,0.0,1.0,0.5,240.0,240.0,240.0,240.0,1.0,0.0,26.0,0.0,1.0,0.5
1974,2,203.0,-35.0,23.06,23.2,23.34,23.2,2.0,0.28,16.0,1.0,0.5,0.8,21.58,21.75,21.92,21.75,2.0,0.35,16.0,1.0,0.5,0.8,11.32,11.81,12.3,11.81,2.0,1.02,16.0,1.0,0.5,0.8,70.1,73.9,77.7,73.9,2.0,7.9,16.0,1.0,0.8,4.93,5.65,6.37,5.65,2.0,1.48,16.0,1.0,0.5,0.8,-5.93,-5.14,-4.35,-5.14,2.0,1.63,16.0,1.0,0.5,0.8,2.29,2.3,2.3,2.3,2.0,0.01,16.0,1.0,0.5,0.8,1023.58,1023.75,1023.92,1023.75,2.0,0.35,16.0,1.0,0.5,0.8,2.8,4.5,6.2,4.5,2.0,3.5,16.0,1.0,0.5,0.8,-38.4,-30.3,-22.1,-30.3,2.0,16.9,16.0,1.0,0.5,0.8,11.3,13.0,14.6,13.0,2.0,3.4,16.0,1.0,0.5,0.8,1.14,1.45,1.76,1.45,2.0,0.64,16.0,1.0,0.5,0.8,5.9,8.7,11.4,8.7,2.0,5.7,16.0,1.0,0.5,0.8,5.39,5.73,6.07,5.73,2.0,0.71,16.0,1.0,0.5,0.8,29.7,31.8,34.0,31.8,2.0,4.5,16.0,1.0,0.5,0.8,-127.8,-111.5,-95.2,-111.5,2.0,33.7,16.0,1.0,0.5,0.8,49.5,49.9,50.4,49.9,2.0,0.9,16.0,1.0,0.5,0.8,-73.4,-61.5,-49.7,-61.5,2.0,24.5,16.0,1.0,0.5,0.8,26.0,27.1,28.2,27.1,2.0,2.3,16.0,1.0,0.5,0.8,-31.6,-28.9,-26.1,-28.9,2.0,5.7,16.0,1.0,0.5,0.8,12.4,13.2,14.0,13.2,2.0,1.7,16.0,1.0,0.5,0.8,129.5,199.0,268.5,199.0,2.0,144.0,16.0,1.0,0.5,0.8,130.0,200.0,270.0,200.0,2.0,145.0,16.0,1.0,0.5,0.8
1974,2,203.0,-34.0,22.2,22.2,22.2,22.2,1.0,0.0,24.0,1.0,0.4,0.9,23.3,23.3,23.3,23.3,1.0,0.0,24.0,1.0,0.4,0.9,9.78,9.78,9.78,9.78,1.0,0.0,24.0,1.0,0.4,0.9,55.1,55.1,55.1,55.1,1.0,0.0,24.0,1.0,0.9,7.7,7.7,7.7,7.7,1.0,0.0,24.0,1.0,0.4,0.9,7.58,7.58,7.58,7.58,1.0,0.0,24.0,1.0,0.4,0.9,1.34,1.34,1.34,1.34,1.0,0.0,24.0,1.0,0.4,0.9,1013.2,1013.2,1013.2,1013.2,1.0,0.0,24.0,1.0,0.4,0.9,7.0,7.0,7.0,7.0,1.0,0.0,24.0,1.0,0.4,0.9,58.4,58.4,58.4,58.4,1.0,0.0,24.0,1.0,0.4,0.9,10.3,10.3,10.3,10.3,1.0,0.0,24.0,1.0,0.4,0.9,-1.1,-1.1,-1.1,-1.1,1.0,0.0,24.0,1.0,0.4,0.9,-8.5,-8.5,-8.5,-8.5,1.0,0.0,24.0,1.0,0.4,0.9,6.89,6.89,6.89,6.89,1.0,0.0,24.0,1.0,0.4,0.9,53.0,53.0,53.0,53.0,1.0,0.0,24.0,1.0,0.4,0.9,176.7,176.7,176.7,176.7,1.0,0.0,24.0,1.0,0.4,0.9,31.2,31.2,31.2,31.2,1.0,0.0,24.0,1.0,0.4,0.9,74.2,74.2,74.2,74.2,1.0,0.0,24.0,1.0,0.4,0.9,13.1,13.1,13.1,13.1,1.0,0.0,24.0,1.0,0.4,0.9,52.2,52.2,52.2,52.2,1.0,0.0,24.0,1.0,0.4,0.9,9.2,9.2,9.2,9.2,1.0,0.0,24.0,1.0,0.4,0.9,456.5,456.5,456.5,456.5,1.0,0.0,24.0,1.0,0.4,0.9,455.0,455.0,455.0,455.0,1.0,0.0,24.0,1.0,0.4,0.9
1974,2,203.0,-33.0,23.6,23.6,23.6,23.6,1.0,0.0,10.0,1.0,0.5,0.1,21.8,23.3,24.8,23.3,2.0,3.11,16.0,0.5,0.6,0.1,14.51,15.68,16.86,15.68,2.0,2.43,16.0,0.5,0.6,0.1,86.7,88.0,89.4,88.0,2.0,2.8,16.0,0.5,0.1,10.3,10.3,10.3,10.3,1.0,0.0,22.0,0.0,0.7,0.1,-10.3,-10.3,-10.3,-10.3,1.0,0.0,22.0,0.0,0.7,0.1,0.0,0.0,0.0,0.0,1.0,0.0,22.0,0.0,0.7,0.1,1016.51,1017.6,1018.69,1017.6,2.0,2.26,16.0,0.5,0.6,0.1,6.2,6.5,6.8,6.5,2.0,0.7,16.0,0.5,0.6,0.1,-106.1,-106.1,-106.1,-106.1,1.0,0.0,22.0,0.0,0.7,0.1,0.0,0.0,0.0,0.0,1.0,0.0,22.0,0.0,0.7,0.1,,,,,,,,,,,,,,,,,,,,,,,,,,,,,,,,,,,,,,,,,-217.3,-217.3,-217.3,-217.3,1.0,0.0,22.0,0.0,0.7,0.1,0.0,0.0,0.0,0.0,1.0,0.0,22.0,0.0,0.7,0.1,-143.8,-143.8,-143.8,-143.8,1.0,0.0,22.0,0.0,0.7,0.1,0.0,0.0,0.0,0.0,1.0,0.0,22.0,0.0,0.7,0.1,,,,,,,,,,,,,,,,,,,,,,,,,,,,,,,,,,,,,,,,
1974,2,203.0,-31.0,,,,,,,,,,,,,,,,,,,,,,,,,,,,,,,,,,,,,,,,4.1,4.1,4.1,4.1,1.0,0.0,24.0,0.0,0.3,0.4,1.4,1.4,1.4,1.4,1.0,0.0,24.0,0.0,0.3,0.4,3.85,3.85,3.85,3.85,1.0,0.0,24.0,0.0,0.3,0.4,1012.9,1012.9,1012.9,1012.9,1.0,0.0,24.0,0.0,0.3,0.4,7.0,7.0,7.0,7.0,1.0,0.0,24.0,0.0,0.3,0.4,5.7,5.7,5.7,5.7,1.0,0.0,24.0,0.0,0.3,0.4,15.8,15.8,15.8,15.8,1.0,0.0,24.0,0.0,0.3,0.4,,,,,,,,,,,,,,,,,,,,,,,,,,,,,,,,,,,,,,,,,33.8,33.8,33.8,33.8,1.0,0.0,24.0,0.0,0.3,0.4,92.9,92.9,92.9,92.9,1.0,0.0,24.0,0.0,0.3,0.4,21.3,21.3,21.3,21.3,1.0,0.0,24.0,0.0,0.3,0.4,58.5,58.5,58.5,58.5,1.0,0.0,24.0,0.0,0.3,0.4,,,,,,,,,,,,,,,,,,,,,,,,,,,,,,,,,,,,,,,,
1974,2,203.0,-26.0,28.1,28.1,28.1,28.1,1.0,0.0,20.0,0.0,0.8,0.2,25.2,25.2,25.2,25.2,1.0,0.0,20.0,0.0,0.8,0.2,19.7,19.7,19.7,19.7,1.0,0.0,20.0,0.0,0.8,0.2,98.2,98.2,98.2,98.2,1.0,0.0,20.0,0.0,0.2,4.1,4.1,4.1,4.1,1.0,0.0,20.0,0.0,0.8,0.2,-3.85,-3.85,-3.85,-3.85,1.0,0.0,20.0,0.0,0.8,0.2,1.4,1.4,1.4,1.4,1.0,0.0,20.0,0.0,0.8,0.2,1010.7,1010.7,1010.7,1010.7,1.0,0.0,20.0,0.0,0.8,0.2,4.0,4.0,4.0,4.0,1.0,0.0,20.0,0.0,0.8,0.2,-15.8,-15.8,-15.8,-15.8,1.0,0.0,20.0,0.0,0.8,0.2,5.7,5.7,5.7,5.7,1.0,0.0,20.0,0.0,0.8,0.2,2.9,2.9,2.9,2.9,1.0,0.0,20.0,0.0,0.8,0.2,11.9,11.9,11.9,11.9,1.0,0.0,20.0,0.0,0.8,0.2,4.16,4.16,4.16,4.16,1.0,0.0,20.0,0.0,0.8,0.2,17.0,17.0,17.0,17.0,1.0,0.0,20.0,0.0,0.8,0.2,-97.1,-97.1,-97.1,-97.1,1.0,0.0,20.0,0.0,0.8,0.2,35.3,35.3,35.3,35.3,1.0,0.0,20.0,0.0,0.8,0.2,-75.9,-75.9,-75.9,-75.9,1.0,0.0,20.0,0.0,0.8,0.2,27.6,27.6,27.6,27.6,1.0,0.0,20.0,0.0,0.8,0.2,-16.0,-16.0,-16.0,-16.0,1.0,0.0,20.0,0.0,0.8,0.2,5.8,5.8,5.8,5.8,1.0,0.0,20.0,0.0,0.8,0.2,69.0,69.0,69.0,69.0,1.0,0.0,20.0,0.0,0.8,0.2,70.0,70.0,70.0,70.0,1.0,0.0,20.0,0.0,0.8,0.2
1974,2,203.0,-24.0,28.0,28.0,28.0,28.0,1.0,0.0,8.0,1.0,0.3,1.0,26.0,26.0,26.0,26.0,1.0,0.0,8.0,1.0,0.3,1.0,16.36,16.36,16.36,16.36,1.0,0.0,8.0,1.0,0.3,1.0,78.1,78.1,78.1,78.1,1.0,0.0,8.0,1.0,1.0,2.6,2.6,2.6,2.6,1.0,0.0,8.0,1.0,0.3,1.0,-1.99,-1.99,-1.99,-1.99,1.0,0.0,8.0,1.0,0.3,1.0,-1.67,-1.67,-1.67,-1.67,1.0,0.0,8.0,1.0,0.3,1.0,1013.5,1013.5,1013.5,1013.5,1.0,0.0,8.0,1.0,0.3,1.0,3.0,3.0,3.0,3.0,1.0,0.0,8.0,1.0,0.3,1.0,-5.2,-5.2,-5.2,-5.2,1.0,0.0,8.0,1.0,0.3,1.0,-4.3,-4.3,-4.3,-4.3,1.0,0.0,8.0,1.0,0.3,1.0,2.0,2.0,2.0,2.0,1.0,0.0,8.0,1.0,0.3,1.0,5.2,5.2,5.2,5.2,1.0,0.0,8.0,1.0,0.3,1.0,7.29,7.29,7.29,7.29,1.0,0.0,8.0,1.0,0.3,1.0,19.0,19.0,19.0,19.0,1.0,0.0,8.0,1.0,0.3,1.0,-51.8,-51.8,-51.8,-51.8,1.0,0.0,8.0,1.0,0.3,1.0,-43.5,-43.5,-43.5,-43.5,1.0,0.0,8.0,1.0,0.3,1.0,-32.6,-32.6,-32.6,-32.6,1.0,0.0,8.0,1.0,0.3,1.0,-27.3,-27.3,-27.3,-27.3,1.0,0.0,8.0,1.0,0.3,1.0,-14.5,-14.5,-14.5,-14.5,1.0,0.0,8.0,1.0,0.3,1.0,-12.2,-12.2,-12.2,-12.2,1.0,0.0,8.0,1.0,0.3,1.0,17.5,17.5,17.5,17.5,1.0,0.0,8.0,1.0,0.3,1.0,20.0,20.0,20.0,20.0,1.0,0.0,8.0,1.0,0.3,1.0
1974,2,203.0,-21.0,30.0,30.0,30.0,30.0,1.0,0.0,28.0,1.0,0.4,1.0,28.5,28.5,28.5,28.5,1.0,0.0,28.0,1.0,0.4,1.0,17.57,17.57,17.57,17.57,1.0,0.0,28.0,1.0,0.4,1.0,72.6,72.6,72.6,72.6,1.0,0.0,28.0,1.0,1.0,2.1,2.1,2.1,2.1,1.0,0.0,28.0,1.0,0.4,1.0,-2.07,-2.07,-2.07,-2.07,1.0,0.0,28.0,1.0,0.4,1.0,-0.36,-0.36,-0.36,-0.36,1.0,0.0,28.0,1.0,0.4,1.0,1015.9,1015.9,1015.9,1015.9,1.0,0.0,28.0,1.0,0.4,1.0,4.0,4.0,4.0,4.0,1.0,0.0,28.0,1.0,0.4,1.0,-4.3,-4.3,-4.3,-4.3,1.0,0.0,28.0,1.0,0.4,1.0,-0.8,-0.8,-0.8,-0.8,1.0,0.0,28.0,1.0,0.4,1.0,1.5,1.5,1.5,1.5,1.0,0.0,28.0,1.0,0.4,1.0,3.2,3.2,3.2,3.2,1.0,0.0,28.0,1.0,0.4,1.0,8.98,8.98,8.98,8.98,1.0,0.0,28.0,1.0,0.4,1.0,18.8,18.8,18.8,18.8,1.0,0.0,28.0,1.0,0.4,1.0,-58.9,-58.9,-58.9,-58.9,1.0,0.0,28.0,1.0,0.4,1.0,-10.4,-10.4,-10.4,-10.4,1.0,0.0,28.0,1.0,0.4,1.0,-36.3,-36.3,-36.3,-36.3,1.0,0.0,28.0,1.0,0.4,1.0,-6.4,-6.4,-6.4,-6.4,1.0,0.0,28.0,1.0,0.4,1.0,-18.6,-18.6,-18.6,-18.6,1.0,0.0,28.0,1.0,0.4,1.0,-3.3,-3.3,-3.3,-3.3,1.0,0.0,28.0,1.0,0.4,1.0,9.5,9.5,9.5,9.5,1.0,0.0,28.0,1.0,0.4,1.0,10.0,10.0,10.0,10.0,1.0,0.0,28.0,1.0,0.4,1.0
1974,2,203.0,-19.0,28.14,28.45,28.76,28.45,2.0,0.64,24.0,1.0,0.5,0.6,28.4,28.4,28.4,28.4,1.0,0.0,28.0,1.0,0.9,0.9,16.3,16.3,16.3,16.3,1.0,0.0,28.0,1.0,0.9,0.9,67.5,67.5,67.5,67.5,1.0,0.0,28.0,1.0,0.9,2.6,2.6,2.6,2.6,2.0,0.0,24.0,1.0,0.5,0.6,-1.74,0.02,1.78,0.02,2.0,3.65,24.0,1.0,0.5,0.6,0.07,0.23,0.38,0.23,2.0,0.32,24.0,1.0,0.5,0.6,1010.99,1011.4,1011.81,1011.4,2.0,0.85,24.0,1.0,0.5,0.6,4.0,4.0,4.0,4.0,1.0,0.0,28.0,1.0,0.9,0.9,-4.5,0.1,4.6,0.1,2.0,9.5,24.0,1.0,0.5,0.6,0.2,0.6,1.0,0.6,2.0,0.8,24.0,1.0,0.5,0.6,0.5,0.5,0.5,0.5,1.0,0.0,28.0,1.0,0.9,0.9,1.3,1.3,1.3,1.3,1.0,0.0,28.0,1.0,0.9,0.9,8.71,8.71,8.71,8.71,1.0,0.0,28.0,1.0,0.9,0.9,22.6,22.6,22.6,22.6,1.0,0.0,28.0,1.0,0.9,0.9,-72.7,-72.7,-72.7,-72.7,1.0,0.0,28.0,1.0,0.9,0.9,12.8,12.8,12.8,12.8,1.0,0.0,28.0,1.0,0.9,0.9,-41.7,-41.7,-41.7,-41.7,1.0,0.0,28.0,1.0,0.9,0.9,7.4,7.4,7.4,7.4,1.0,0.0,28.0,1.0,0.9,0.9,-22.3,-22.3,-22.3,-22.3,1.0,0.0,28.0,1.0,0.9,0.9,3.9,3.9,3.9,3.9,1.0,0.0,28.0,1.0,0.9,0.9,17.5,17.5,17.5,17.5,2.0,0.0,24.0,1.0,0.5,0.6,20.0,20.0,20.0,20.0,2.0,0.0,24.0,1.0,0.5,0.6
1974,2,203.0,-18.0,27.5,27.5,27.5,27.5,1.0,0.0,4.0,0.0,0.6,0.1,28.0,28.0,28.0,28.0,1.0,0.0,4.0,0.0,0.6,0.1,17.02,17.02,17.02,17.02,1.0,0.0,4.0,0.0,0.6,0.1,72.1,72.1,72.1,72.1,1.0,0.0,4.0,0.0,0.1,5.1,5.1,5.1,5.1,1.0,0.0,4.0,0.0,0.6,0.1,-3.28,-3.28,-3.28,-3.28,1.0,0.0,4.0,0.0,0.6,0.1,-3.91,-3.91,-3.91,-3.91,1.0,0.0,4.0,0.0,0.6,0.1,1010.7,1010.7,1010.7,1010.7,1.0,0.0,4.0,0.0,0.6,0.1,3.0,3.0,3.0,3.0,1.0,0.0,4.0,0.0,0.6,0.1,-16.7,-16.7,-16.7,-16.7,1.0,0.0,4.0,0.0,0.6,0.1,-19.9,-19.9,-19.9,-19.9,1.0,0.0,4.0,0.0,0.6,0.1,-0.5,-0.5,-0.5,-0.5,1.0,0.0,4.0,0.0,0.6,0.1,-2.5,-2.5,-2.5,-2.5,1.0,0.0,4.0,0.0,0.6,0.1,6.0,6.0,6.0,6.0,1.0,0.0,4.0,0.0,0.6,0.1,30.6,30.6,30.6,30.6,1.0,0.0,4.0,0.0,0.6,0.1,-91.8,-91.8,-91.8,-91.8,1.0,0.0,4.0,0.0,0.6,0.1,-109.4,-109.4,-109.4,-109.4,1.0,0.0,4.0,0.0,0.6,0.1,-55.8,-55.8,-55.8,-55.8,1.0,0.0,4.0,0.0,0.6,0.1,-66.5,-66.5,-66.5,-66.5,1.0,0.0,4.0,0.0,0.6,0.1,-19.7,-19.7,-19.7,-19.7,1.0,0.0,4.0,0.0,0.6,0.1,-23.5,-23.5,-23.5,-23.5,1.0,0.0,4.0,0.0,0.6,0.1,132.5,132.5,132.5,132.5,1.0,0.0,4.0,0.0,0.6,0.1,135.0,135.0,135.0,135.0,1.0,0.0,4.0,0.0,0.6,0.1
1974,2,203.0,-17.0,27.83,27.9,27.97,27.9,3.0,0.1,8.0,0.3,0.5,0.3,27.29,27.7,28.11,27.7,4.0,0.52,8.0,0.3,0.6,0.3,17.12,17.69,17.9,17.52,4.0,0.54,8.0,0.3,0.6,0.3,73.8,75.4,77.5,75.6,4.0,2.2,8.0,0.3,0.3,3.84,6.4,9.54,6.68,4.0,3.33,8.0,0.3,0.6,0.3,-9.15,-6.3,-2.25,-5.73,4.0,4.19,8.0,0.3,0.6,0.3,-3.53,-2.52,-0.35,-1.97,4.0,2.02,8.0,0.3,0.6,0.3,1012.25,1012.5,1013.22,1012.73,4.0,0.68,8.0,0.3,0.6,0.3,3.4,5.5,6.5,5.0,4.0,2.2,8.0,0.3,0.6,0.3,-87.7,-45.5,-9.1,-48.3,4.0,46.4,8.0,0.3,0.6,0.3,-25.3,-13.0,-4.5,-14.8,4.0,16.1,8.0,0.3,0.6,0.3,-0.34,0.0,0.61,0.13,3.0,0.71,8.0,0.3,0.5,0.3,-1.4,0.0,5.3,1.9,3.0,5.2,8.0,0.3,0.5,0.3,5.56,5.58,5.97,5.76,3.0,0.34,8.0,0.3,0.5,0.3,20.9,22.8,43.8,32.1,3.0,18.6,8.0,0.3,0.5,0.3,-250.0,-173.2,-63.5,-157.5,4.0,113.8,8.0,0.3,0.6,0.3,-97.9,-68.9,-8.9,-54.1,4.0,56.3,8.0,0.3,0.6,0.3,-156.5,-111.1,-40.2,-98.9,4.0,70.8,8.0,0.3,0.6,0.3,-61.5,-42.8,-5.9,-34.1,4.0,35.3,8.0,0.3,0.6,0.3,-43.1,-22.4,-9.5,-26.2,3.0,24.9,8.0,0.3,0.5,0.3,-16.5,-9.3,-0.3,-8.4,3.0,11.9,8.0,0.3,0.5,0.3,57.5,363.5,886.0,466.5,4.0,504.5,8.0,0.3,0.6,0.3,55.0,365.0,885.0,465.0,4.0,505.0,8.0,0.3,0.6,0.3
1974,2,203.0,-16.0,27.0,27.0,27.0,27.0,1.0,0.0,22.0,1.0,0.3,0.3,28.8,28.8,28.8,28.8,1.0,0.0,22.0,1.0,0.3,0.3,23.27,23.27,23.27,23.27,1.0,0.0,22.0,1.0,0.3,0.3,93.8,93.8,93.8,93.8,1.0,0.0,22.0,1.0,0.3,5.1,5.1,5.1,5.1,1.0,0.0,22.0,1.0,0.3,0.3,-5.02,-5.02,-5.02,-5.02,1.0,0.0,22.0,1.0,0.3,0.3,-0.89,-0.89,-0.89,-0.89,1.0,0.0,22.0,1.0,0.3,0.3,1012.0,1012.0,1012.0,1012.0,1.0,0.0,22.0,1.0,0.3,0.3,5.0,5.0,5.0,5.0,1.0,0.0,22.0,1.0,0.3,0.3,-25.6,-25.6,-25.6,-25.6,1.0,0.0,22.0,1.0,0.3,0.3,-4.5,-4.5,-4.5,-4.5,1.0,0.0,22.0,1.0,0.3,0.3,-1.8,-1.8,-1.8,-1.8,1.0,0.0,22.0,1.0,0.3,0.3,-9.2,-9.2,-9.2,-9.2,1.0,0.0,22.0,1.0,0.3,0.3,-0.95,-0.95,-0.95,-0.95,1.0,0.0,22.0,1.0,0.3,0.3,-4.8,-4.8,-4.8,-4.8,1.0,0.0,22.0,1.0,0.3,0.3,-144.6,-144.6,-144.6,-144.6,1.0,0.0,22.0,1.0,0.3,0.3,-25.5,-25.5,-25.5,-25.5,1.0,0.0,22.0,1.0,0.3,0.3,-116.9,-116.9,-116.9,-116.9,1.0,0.0,22.0,1.0,0.3,0.3,-20.6,-20.6,-20.6,-20.6,1.0,0.0,22.0,1.0,0.3,0.3,4.8,4.8,4.8,4.8,1.0,0.0,22.0,1.0,0.3,0.3,0.8,0.8,0.8,0.8,1.0,0.0,22.0,1.0,0.3,0.3,132.5,132.5,132.5,132.5,1.0,0.0,22.0,1.0,0.3,0.3,135.0,135.0,135.0,135.0,1.0,0.0,22.0,1.0,0.3,0.3
1974,2,203.0,-15.0,28.82,29.3,29.78,29.3,2.0,0.99,24.0,0.5,0.9,0.7,27.02,28.35,29.68,28.35,2.0,2.76,24.0,0.5,0.9,0.7,17.71,18.24,18.77,18.24,2.0,1.1,24.0,0.5,0.9,0.7,68.4,76.4,84.5,76.4,2.0,16.7,24.0,0.5,0.7,3.34,3.85,4.36,3.85,2.0,1.06,24.0,0.5,0.9,0.7,-4.06,-3.04,-2.02,-3.04,2.0,2.11,24.0,0.5,0.9,0.7,-0.25,0.94,2.13,0.94,2.0,2.46,24.0,0.5,0.9,0.7,1009.82,1009.85,1009.88,1009.85,2.0,0.07,24.0,0.5,0.9,0.7,2.2,2.5,2.8,2.5,2.0,0.7,24.0,0.5,0.9,0.7,-18.3,-12.8,-7.3,-12.8,2.0,11.3,24.0,0.5,0.9,0.7,-1.8,2.3,6.4,2.3,2.0,8.5,24.0,0.5,0.9,0.7,-0.86,0.95,2.76,0.95,2.0,3.75,24.0,0.5,0.9,0.7,-1.8,5.6,13.1,5.6,2.0,15.4,24.0,0.5,0.9,0.7,7.22,7.41,7.6,7.41,2.0,0.39,24.0,0.5,0.9,0.7,24.2,28.7,33.3,28.7,2.0,9.4,24.0,0.5,0.9,0.7,-108.1,-83.3,-58.5,-83.3,2.0,51.4,24.0,0.5,0.9,0.7,-4.8,30.1,65.1,30.1,2.0,72.4,24.0,0.5,0.9,0.7,-76.8,-56.6,-36.4,-56.6,2.0,41.8,24.0,0.5,0.9,0.7,-5.3,15.8,37.0,15.8,2.0,43.9,24.0,0.5,0.9,0.7,-31.1,-22.9,-14.8,-22.9,2.0,16.8,24.0,0.5,0.9,0.7,-2.1,6.5,15.1,6.5,2.0,17.9,24.0,0.5,0.9,0.7,40.5,63.5,86.5,63.5,2.0,48.0,24.0,0.5,0.9,0.7,40.0,65.0,85.0,65.0,2.0,50.0,24.0,0.5,0.9,0.7
1974,2,203.0,-13.0,27.5,27.5,27.5,27.5,1.0,0.0,8.0,0.0,0.2,0.6,26.5,26.5,26.5,26.5,1.0,0.0,8.0,0.0,0.2,0.6,18.65,18.65,18.65,18.65,1.0,0.0,8.0,0.0,0.2,0.6,86.2,86.2,86.2,86.2,1.0,0.0,8.0,0.0,0.6,3.6,3.6,3.6,3.6,1.0,0.0,8.0,0.0,0.2,0.6,-2.31,-2.31,-2.31,-2.31,1.0,0.0,8.0,0.0,0.2,0.6,-2.76,-2.76,-2.76,-2.76,1.0,0.0,8.0,0.0,0.2,0.6,1010.8,1010.8,1010.8,1010.8,1.0,0.0,8.0,0.0,0.2,0.6,6.0,6.0,6.0,6.0,1.0,0.0,8.0,0.0,0.2,0.6,-8.3,-8.3,-8.3,-8.3,1.0,0.0,8.0,0.0,0.2,0.6,-9.9,-9.9,-9.9,-9.9,1.0,0.0,8.0,0.0,0.2,0.6,1.0,1.0,1.0,1.0,1.0,0.0,8.0,0.0,0.2,0.6,3.6,3.6,3.6,3.6,1.0,0.0,8.0,0.0,0.2,0.6,4.37,4.37,4.37,4.37,1.0,0.0,8.0,0.0,0.2,0.6,15.7,15.7,15.7,15.7,1.0,0.0,8.0,0.0,0.2,0.6,-61.3,-61.3,-61.3,-61.3,1.0,0.0,8.0,0.0,0.2,0.6,-73.1,-73.1,-73.1,-73.1,1.0,0.0,8.0,0.0,0.2,0.6,-43.2,-43.2,-43.2,-43.2,1.0,0.0,8.0,0.0,0.2,0.6,-51.4,-51.4,-51.4,-51.4,1.0,0.0,8.0,0.0,0.2,0.6,-10.1,-10.1,-10.1,-10.1,1.0,0.0,8.0,0.0,0.2,0.6,-12.0,-12.0,-12.0,-12.0,1.0,0.0,8.0,0.0,0.2,0.6,46.5,46.5,46.5,46.5,1.0,0.0,8.0,0.0,0.2,0.6,45.0,45.0,45.0,45.0,1.0,0.0,8.0,0.0,0.2,0.6
1974,2,203.0,-12.0,28.32,29.0,29.68,29.0,2.0,1.41,12.0,1.0,0.3,0.3,28.49,29.1,29.71,29.1,2.0,1.27,12.0,1.0,0.3,0.3,17.12,17.12,17.12,17.12,1.0,0.0,8.0,1.0,0.2,0.5,71.7,71.7,71.7,71.7,1.0,0.0,8.0,1.0,0.5,3.26,3.6,3.94,3.6,2.0,0.71,12.0,1.0,0.3,0.3,-2.72,-1.91,-1.09,-1.91,2.0,1.69,12.0,1.0,0.3,0.3,-3.4,-2.02,-0.64,-2.02,2.0,2.86,12.0,1.0,0.3,0.3,1007.08,1008.75,1010.42,1008.75,2.0,3.46,12.0,1.0,0.3,0.3,3.5,4.5,5.5,4.5,2.0,2.1,12.0,1.0,0.3,0.3,-8.5,-6.3,-4.0,-6.3,2.0,4.7,12.0,1.0,0.3,0.3,-13.9,-8.3,-2.6,-8.3,2.0,11.7,12.0,1.0,0.3,0.3,-0.17,-0.1,-0.03,-0.1,2.0,0.14,12.0,1.0,0.3,0.3,-0.7,-0.4,-0.1,-0.4,2.0,0.6,12.0,1.0,0.3,0.3,6.59,6.59,6.59,6.59,1.0,0.0,8.0,1.0,0.2,0.5,27.0,27.0,27.0,27.0,1.0,0.0,8.0,1.0,0.2,0.5,-81.4,-56.5,-31.6,-56.5,2.0,51.6,12.0,1.0,0.3,0.3,-95.8,-56.9,-18.1,-56.9,2.0,80.5,12.0,1.0,0.3,0.3,-12.2,-12.2,-12.2,-12.2,1.0,0.0,8.0,1.0,0.2,0.5,-69.1,-69.1,-69.1,-69.1,1.0,0.0,8.0,1.0,0.2,0.5,-4.7,-4.7,-4.7,-4.7,1.0,0.0,8.0,1.0,0.2,0.5,-26.6,-26.6,-26.6,-26.6,1.0,0.0,8.0,1.0,0.2,0.5,36.0,49.5,62.5,49.5,2.0,27.5,12.0,1.0,0.3,0.3,35.0,50.0,65.0,50.0,2.0,30.0,12.0,1.0,0.3,0.3
1974,2,203.0,1.0,25.0,25.0,25.0,25.0,1.0,0.0,12.0,1.0,0.7,0.1,23.9,23.9,23.9,23.9,1.0,0.0,12.0,1.0,0.7,0.1,13.8,13.8,13.8,13.8,1.0,0.0,12.0,1.0,0.7,0.1,74.5,74.5,74.5,74.5,1.0,0.0,12.0,1.0,0.1,10.3,10.3,10.3,10.3,1.0,0.0,12.0,1.0,0.7,0.1,-10.3,-10.3,-10.3,-10.3,1.0,0.0,12.0,1.0,0.7,0.1,0.0,0.0,0.0,0.0,1.0,0.0,12.0,1.0,0.7,0.1,1009.1,1009.1,1009.1,1009.1,1.0,0.0,12.0,1.0,0.7,0.1,5.0,5.0,5.0,5.0,1.0,0.0,12.0,1.0,0.7,0.1,-106.1,-106.1,-106.1,-106.1,1.0,0.0,12.0,1.0,0.7,0.1,0.0,0.0,0.0,0.0,1.0,0.0,12.0,1.0,0.7,0.1,1.1,1.1,1.1,1.1,1.0,0.0,12.0,1.0,0.7,0.1,11.3,11.3,11.3,11.3,1.0,0.0,12.0,1.0,0.7,0.1,6.05,6.05,6.05,6.05,1.0,0.0,12.0,1.0,0.7,0.1,62.4,62.4,62.4,62.4,1.0,0.0,12.0,1.0,0.7,0.1,-246.2,-246.2,-246.2,-246.2,1.0,0.0,12.0,1.0,0.7,0.1,0.0,0.0,0.0,0.0,1.0,0.0,12.0,1.0,0.7,0.1,-142.1,-142.1,-142.1,-142.1,1.0,0.0,12.0,1.0,0.7,0.1,0.0,0.0,0.0,0.0,1.0,0.0,12.0,1.0,0.7,0.1,-62.4,-62.4,-62.4,-62.4,1.0,0.0,12.0,1.0,0.7,0.1,0.0,0.0,0.0,0.0,1.0,0.0,12.0,1.0,0.7,0.1,1092.5,1092.5,1092.5,1092.5,1.0,0.0,12.0,1.0,0.7,0.1,1095.0,1095.0,1095.0,1095.0,1.0,0.0,12.0,1.0,0.7,0.1
1974,2,203.0,4.0,25.66,25.8,25.94,25.8,2.0,0.28,16.0,0.5,0.7,0.8,25.62,26.1,26.58,26.1,2.0,0.99,16.0,0.5,0.7,0.8,16.76,17.36,17.95,17.36,2.0,1.23,16.0,0.5,0.7,0.8,81.7,82.1,82.5,82.1,2.0,0.8,16.0,0.5,0.8,7.11,8.0,8.89,8.0,2.0,1.84,16.0,0.5,0.7,0.8,-8.89,-8.0,-7.11,-8.0,2.0,1.84,16.0,0.5,0.7,0.8,0.0,0.0,0.0,0.0,2.0,0.0,16.0,0.5,0.7,0.8,1009.9,1010.75,1011.6,1010.75,2.0,1.77,16.0,0.5,0.7,0.8,4.5,5.5,6.5,5.5,2.0,2.1,16.0,0.5,0.7,0.8,-79.9,-65.7,-51.5,-65.7,2.0,29.4,16.0,0.5,0.7,0.8,0.0,0.0,0.0,0.0,2.0,0.0,16.0,0.5,0.7,0.8,-0.91,-0.3,0.31,-0.3,2.0,1.27,16.0,0.5,0.7,0.8,-8.8,-3.6,1.6,-3.6,2.0,10.7,16.0,0.5,0.7,0.8,2.7,3.44,4.19,3.44,2.0,1.55,16.0,0.5,0.7,0.8,23.2,26.1,29.1,26.1,2.0,6.1,16.0,0.5,0.7,0.8,-236.7,-209.7,-182.7,-209.7,2.0,55.9,16.0,0.5,0.7,0.8,0.0,0.0,0.0,0.0,2.0,0.0,16.0,0.5,0.7,0.8,-160.1,-140.0,-119.8,-140.0,2.0,41.8,16.0,0.5,0.7,0.8,0.0,0.0,0.0,0.0,2.0,0.0,16.0,0.5,0.7,0.8,-29.1,-26.1,-23.2,-26.1,2.0,6.1,16.0,0.5,0.7,0.8,0.0,0.0,0.0,0.0,2.0,0.0,16.0,0.5,0.7,0.8,380.5,552.5,724.5,552.5,2.0,356.0,16.0,0.5,0.7,0.8,380.0,555.0,725.0,555.0,2.0,355.0,16.0,0.5,0.7,0.8
1974,2,203.0,10.0,25.27,25.85,26.43,25.85,2.0,1.2,14.0,0.0,0.4,0.2,24.5,24.7,24.9,24.7,2.0,0.42,14.0,0.0,0.4,0.2,16.35,17.29,18.24,17.29,2.0,1.96,14.0,0.0,0.4,0.2,85.1,88.8,92.5,88.8,2.0,7.6,14.0,0.0,0.2,9.8,9.8,9.8,9.8,2.0,0.0,14.0,0.0,0.4,0.2,-9.09,-8.85,-8.6,-8.85,2.0,0.51,14.0,0.0,0.4,0.2,-4.65,-4.13,-3.6,-4.13,2.0,1.09,14.0,0.0,0.4,0.2,1009.66,1010.0,1010.34,1010.0,2.0,0.71,14.0,0.0,0.4,0.2,2.2,2.5,2.8,2.5,2.0,0.7,14.0,0.0,0.4,0.2,-89.1,-86.7,-84.3,-86.7,2.0,5.0,14.0,0.0,0.4,0.2,-45.6,-40.4,-35.3,-40.4,2.0,10.7,14.0,0.0,0.4,0.2,0.77,1.15,1.53,1.15,2.0,0.78,14.0,0.0,0.4,0.2,7.6,11.3,14.9,11.3,2.0,7.6,14.0,0.0,0.4,0.2,3.4,3.61,3.82,3.61,2.0,0.44,14.0,0.0,0.4,0.2,33.3,35.4,37.4,35.4,2.0,4.3,14.0,0.0,0.4,0.2,-222.7,-218.4,-214.2,-218.4,2.0,8.9,14.0,0.0,0.4,0.2,-116.0,-102.1,-88.2,-102.1,2.0,28.8,14.0,0.0,0.4,0.2,-156.6,-152.5,-148.4,-152.5,2.0,8.5,14.0,0.0,0.4,0.2,-85.5,-72.4,-59.4,-72.4,2.0,27.0,14.0,0.0,0.4,0.2,-34.8,-32.1,-29.3,-32.1,2.0,5.7,14.0,0.0,0.4,0.2,-15.7,-14.7,-13.6,-14.7,2.0,2.2,14.0,0.0,0.4,0.2,941.0,941.0,941.0,941.0,2.0,0.0,14.0,0.0,0.4,0.2,940.0,940.0,940.0,940.0,2.0,0.0,14.0,0.0,0.4,0.2
1974,2,203.0,11.0,25.0,25.0,25.0,25.0,1.0,0.0,12.0,0.0,0.3,0.7,23.83,24.55,25.27,24.55,2.0,1.48,20.0,0.5,0.6,0.6,16.01,16.34,16.66,16.34,2.0,0.67,20.0,0.5,0.6,0.6,82.9,85.0,87.1,85.0,2.0,4.3,20.0,0.5,0.6,9.62,10.3,10.98,10.3,2.0,1.41,20.0,0.5,0.6,0.6,-10.82,-10.14,-9.47,-10.14,2.0,1.39,20.0,0.5,0.6,0.6,-1.91,-1.79,-1.67,-1.79,2.0,0.25,20.0,0.5,0.6,0.6,1010.96,1011.95,1012.94,1011.95,2.0,2.05,20.0,0.5,0.6,0.6,4.6,6.0,7.4,6.0,2.0,2.8,20.0,0.5,0.6,0.6,-119.3,-105.5,-91.6,-105.5,2.0,28.7,20.0,0.5,0.6,0.6,-21.0,-18.6,-16.2,-18.6,2.0,5.1,20.0,0.5,0.6,0.6,1.5,1.5,1.5,1.5,1.0,0.0,12.0,0.0,0.3,0.7,14.0,14.0,14.0,14.0,1.0,0.0,12.0,0.0,0.3,0.7,3.91,3.91,3.91,3.91,1.0,0.0,12.0,0.0,0.3,0.7,36.3,36.3,36.3,36.3,1.0,0.0,12.0,0.0,0.3,0.7,-273.8,-250.1,-226.3,-250.1,2.0,49.3,20.0,0.5,0.6,0.6,-48.3,-44.1,-39.9,-44.1,2.0,8.7,20.0,0.5,0.6,0.6,-180.5,-166.2,-151.9,-166.2,2.0,29.6,20.0,0.5,0.6,0.6,-31.8,-29.3,-26.8,-29.3,2.0,5.2,20.0,0.5,0.6,0.6,-35.8,-35.8,-35.8,-35.8,1.0,0.0,12.0,0.0,0.3,0.7,-6.3,-6.3,-6.3,-6.3,1.0,0.0,12.0,0.0,0.3,0.7,905.5,1123.5,1341.5,1123.5,2.0,451.5,20.0,0.5,0.6,0.6,905.0,1125.0,1340.0,1125.0,2.0,450.0,20.0,0.5,0.6,0.6
1974,2,203.0,12.0,,,,,,,,,,,,,,,,,,,,,,,,,,,,,,,,,,,,,,,,2.6,2.6,2.6,2.6,1.0,0.0,20.0,0.0,0.3,0.3,-1.67,-1.67,-1.67,-1.67,1.0,0.0,20.0,0.0,0.3,0.3,-1.99,-1.99,-1.99,-1.99,1.0,0.0,20.0,0.0,0.3,0.3,1012.2,1012.2,1012.2,1012.2,1.0,0.0,20.0,0.0,0.3,0.3,,,,,,,,,,,,,,,,,,,,,,,,,,,,,,,,,,,,,,,,,,,,,,,,,,,,,,,,,,,,,,,,,,,,,,,,,,,,,,,,,,,,,,,,,,,,,,,,,,,,,,,,,,,,,,,,,,,,,,,,,,,,,,,,,,,,,,,,,,,,,,,,,,,,,,
1974,2,203.0,13.0,24.86,25.2,25.75,25.3,3.0,0.66,14.0,0.3,0.8,0.3,24.02,24.5,24.98,24.5,3.0,0.7,14.0,0.3,0.8,0.3,14.53,15.11,15.29,14.91,3.0,0.58,14.0,0.3,0.8,0.3,74.4,80.4,81.7,78.1,3.0,5.7,14.0,0.3,0.3,5.93,7.7,8.79,7.37,3.0,2.12,14.0,0.3,0.8,0.3,-8.26,-7.24,-5.78,-7.02,3.0,1.83,14.0,0.3,0.8,0.3,-3.01,-2.63,-0.84,-1.94,3.0,1.7,14.0,0.3,0.8,0.3,1012.57,1013.8,1013.94,1013.27,3.0,1.1,14.0,0.3,0.8,0.3,1.6,3.0,3.0,2.3,3.0,1.2,14.0,0.3,0.8,0.3,-73.2,-55.7,-35.4,-54.3,3.0,27.7,14.0,0.3,0.8,0.3,-26.6,-20.3,-6.4,-16.6,3.0,15.1,14.0,0.3,0.8,0.3,0.1,1.4,1.47,0.8,3.0,1.13,14.0,0.3,0.8,0.3,-0.2,7.7,11.3,5.6,3.0,8.6,14.0,0.3,0.8,0.3,4.99,5.14,5.47,5.23,3.0,0.35,14.0,0.3,0.8,0.3,32.1,39.6,43.8,38.0,3.0,8.7,14.0,0.3,0.8,0.3,-199.8,-182.3,-143.2,-171.8,3.0,42.5,14.0,0.3,0.8,0.3,-72.7,-66.4,-21.1,-47.4,3.0,41.3,14.0,0.3,0.8,0.3,-122.9,-103.2,-86.3,-104.5,3.0,26.9,14.0,0.3,0.8,0.3,-44.7,-37.6,-11.9,-28.5,3.0,25.3,14.0,0.3,0.8,0.3,-41.2,-37.2,-31.4,-36.3,3.0,7.2,14.0,0.3,0.8,0.3,-15.0,-13.5,-4.3,-9.7,3.0,8.5,14.0,0.3,0.8,0.3,235.5,456.5,694.0,464.5,3.0,336.0,14.0,0.3,0.8,0.3,235.0,455.0,695.0,465.0,3.0,335.0,14.0,0.3,0.8,0.3
1974,2,203.0,14.0,25.0,25.0,26.16,25.57,3.0,0.98,10.0,0.0,0.4,0.7,23.16,23.5,23.84,23.5,2.0,0.71,12.0,0.0,0.4,0.8,14.74,14.87,15.01,14.87,2.0,0.28,12.0,0.0,0.4,0.8,81.8,82.8,83.8,82.8,2.0,2.1,12.0,0.0,0.8,7.52,8.2,11.0,9.23,3.0,2.7,10.0,0.0,0.4,0.7,-10.83,-8.08,-7.4,-9.09,3.0,2.66,10.0,0.0,0.4,0.7,-1.91,-1.42,-1.31,-1.6,3.0,0.47,10.0,0.0,0.4,0.7,1013.09,1015.0,1016.02,1014.57,3.0,2.18,10.0,0.0,0.4,0.7,1.3,2.0,3.4,2.3,3.0,1.5,10.0,0.0,0.4,0.7,-122.7,-66.2,-55.9,-88.8,3.0,52.7,10.0,0.0,0.4,0.7,-21.6,-11.7,-9.9,-15.6,3.0,9.3,10.0,0.0,0.4,0.7,1.16,1.5,1.84,1.5,2.0,0.71,12.0,0.0,0.4,0.8,10.0,15.9,21.8,15.9,2.0,12.3,12.0,0.0,0.4,0.8,4.73,4.85,4.97,4.85,2.0,0.26,12.0,0.0,0.4,0.8,38.1,47.8,57.4,47.8,2.0,20.0,12.0,0.0,0.4,0.8,-261.4,-224.4,-187.4,-224.4,2.0,76.7,12.0,0.0,0.4,0.8,-46.1,-39.6,-33.0,-39.6,2.0,13.5,12.0,0.0,0.4,0.8,-166.5,-142.3,-118.1,-142.3,2.0,50.1,12.0,0.0,0.4,0.8,-29.4,-25.1,-20.8,-25.1,2.0,8.8,12.0,0.0,0.4,0.8,-56.5,-47.0,-37.5,-47.0,2.0,19.7,12.0,0.0,0.4,0.8,-10.0,-8.3,-6.6,-8.3,2.0,3.5,12.0,0.0,0.4,0.8,430.0,551.5,1445.0,928.5,3.0,812.5,10.0,0.0,0.4,0.7,430.0,550.0,1445.0,930.0,3.0,810.0,10.0,0.0,0.4,0.7
1974,2,203.0,16.0,26.5,26.5,26.5,26.5,1.0,0.0,6.0,1.0,0.1,0.4,27.2,27.2,27.2,27.2,1.0,0.0,6.0,1.0,0.1,0.4,17.83,17.83,17.83,17.83,1.0,0.0,6.0,1.0,0.1,0.4,79.3,79.3,79.3,79.3,1.0,0.0,6.0,1.0,0.4,8.2,8.2,8.2,8.2,1.0,0.0,6.0,1.0,0.1,0.4,-7.71,-7.71,-7.71,-7.71,1.0,0.0,6.0,1.0,0.1,0.4,-2.8,-2.8,-2.8,-2.8,1.0,0.0,6.0,1.0,0.1,0.4,1013.5,1013.5,1013.5,1013.5,1.0,0.0,6.0,1.0,0.1,0.4,2.0,2.0,2.0,2.0,1.0,0.0,6.0,1.0,0.1,0.4,-63.2,-63.2,-63.2,-63.2,1.0,0.0,6.0,1.0,0.1,0.4,-23.0,-23.0,-23.0,-23.0,1.0,0.0,6.0,1.0,0.1,0.4,-0.7,-0.7,-0.7,-0.7,1.0,0.0,6.0,1.0,0.1,0.4,-5.7,-5.7,-5.7,-5.7,1.0,0.0,6.0,1.0,0.1,0.4,3.81,3.81,3.81,3.81,1.0,0.0,6.0,1.0,0.1,0.4,31.2,31.2,31.2,31.2,1.0,0.0,6.0,1.0,0.1,0.4,-209.6,-209.6,-209.6,-209.6,1.0,0.0,6.0,1.0,0.1,0.4,-76.3,-76.3,-76.3,-76.3,1.0,0.0,6.0,1.0,0.1,0.4,-137.4,-137.4,-137.4,-137.4,1.0,0.0,6.0,1.0,0.1,0.4,-50.0,-50.0,-50.0,-50.0,1.0,0.0,6.0,1.0,0.1,0.4,-29.3,-29.3,-29.3,-29.3,1.0,0.0,6.0,1.0,0.1,0.4,-10.7,-10.7,-10.7,-10.7,1.0,0.0,6.0,1.0,0.1,0.4,551.5,551.5,551.5,551.5,1.0,0.0,6.0,1.0,0.1,0.4,550.0,550.0,550.0,550.0,1.0,0.0,6.0,1.0,0.1,0.4
1974,2,203.0,17.0,24.41,24.65,24.89,24.65,2.0,0.49,22.0,0.5,0.6,0.4,22.87,23.65,24.43,23.65,2.0,1.63,22.0,0.5,0.6,0.4,13.53,14.0,14.47,14.0,2.0,0.97,22.0,0.5,0.6,0.4,71.4,77.6,83.9,77.6,2.0,13.0,22.0,0.5,0.4,9.7,10.55,11.4,10.55,2.0,1.77,22.0,0.5,0.6,0.4,-11.16,-10.18,-9.2,-10.18,2.0,2.04,22.0,0.5,0.6,0.4,-3.0,-2.61,-2.23,-2.61,2.0,0.8,22.0,0.5,0.6,0.4,1013.9,1014.75,1015.6,1014.75,2.0,1.77,22.0,0.5,0.6,0.4,1.1,3.5,5.9,3.5,2.0,4.9,22.0,0.5,0.6,0.4,-128.3,-109.2,-90.1,-109.2,2.0,39.5,22.0,0.5,0.6,0.4,-28.7,-26.9,-25.0,-26.9,2.0,3.8,22.0,0.5,0.6,0.4,-0.02,1.0,2.02,1.0,2.0,2.12,22.0,0.5,0.6,0.4,0.8,12.4,24.1,12.4,2.0,24.1,22.0,0.5,0.6,0.4,5.13,5.33,5.54,5.33,2.0,0.42,22.0,0.5,0.6,0.4,53.5,55.9,58.3,55.9,2.0,5.0,22.0,0.5,0.6,0.4,-254.4,-239.1,-223.8,-239.1,2.0,31.6,22.0,0.5,0.6,0.4,-73.7,-62.5,-51.3,-62.5,2.0,23.2,22.0,0.5,0.6,0.4,-162.0,-143.5,-125.0,-143.5,2.0,38.4,22.0,0.5,0.6,0.4,-40.4,-36.2,-32.0,-36.2,2.0,8.7,22.0,0.5,0.6,0.4,-57.0,-53.9,-50.7,-53.9,2.0,6.6,22.0,0.5,0.6,0.4,-16.7,-14.1,-11.5,-14.1,2.0,5.4,22.0,0.5,0.6,0.4,937.5,1223.5,1510.0,1223.5,2.0,593.0,22.0,0.5,0.6,0.4,935.0,1225.0,1510.0,1225.0,2.0,595.0,22.0,0.5,0.6,0.4
1974,2,203.0,18.0,24.4,25.0,25.0,24.8,7.0,0.28,18.0,0.1,0.7,0.6,23.37,23.7,23.73,23.63,7.0,0.48,18.0,0.3,0.7,0.6,13.69,14.13,14.93,14.36,6.0,1.16,18.0,0.3,0.6,0.6,75.8,77.8,81.3,78.7,6.0,4.6,18.0,0.3,0.6,7.88,9.9,10.8,9.24,8.0,3.06,18.0,0.3,0.7,0.6,-10.78,-8.16,-6.31,-8.25,8.0,3.24,18.0,0.3,0.7,0.6,-7.03,-0.94,0.0,-2.36,8.0,3.5,18.0,0.3,0.7,0.6,1015.09,1016.3,1018.27,1016.88,8.0,1.85,18.0,0.3,0.7,0.6,1.0,1.0,6.4,2.5,8.0,2.8,18.0,0.3,0.7,0.6,-116.4,-72.8,-58.8,-83.8,8.0,48.3,18.0,0.3,0.7,0.6,-68.7,-10.1,0.0,-23.7,8.0,34.2,18.0,0.3,0.7,0.6,0.79,1.2,1.49,1.15,6.0,0.71,18.0,0.2,0.6,0.5,2.7,12.4,15.7,10.7,6.0,7.9,18.0,0.2,0.6,0.5,4.24,5.66,5.85,5.02,5.0,1.43,16.0,0.2,0.6,0.5,17.6,56.6,67.6,45.8,5.0,27.3,16.0,0.2,0.6,0.5,-258.2,-207.1,-142.5,-201.5,7.0,80.1,18.0,0.3,0.7,0.6,-80.1,0.0,1.6,-37.4,7.0,70.0,18.0,0.3,0.7,0.6,-156.5,-137.1,-106.9,-126.3,6.0,46.9,18.0,0.3,0.6,0.6,-30.1,0.0,4.6,-8.3,6.0,24.0,18.0,0.3,0.6,0.6,-67.0,-56.6,-17.4,-45.6,5.0,27.2,16.0,0.2,0.6,0.5,-4.0,0.0,1.2,-1.5,5.0,5.5,16.0,0.2,0.6,0.5,495.0,970.5,1259.5,985.5,8.0,627.0,18.0,0.3,0.7,0.6,495.0,970.0,1260.0,985.0,8.0,625.0,18.0,0.3,0.7,0.6
1974,2,203.0,19.0,24.66,25.0,25.0,24.83,3.0,0.29,16.0,0.0,0.5,0.2,23.5,24.5,25.29,24.4,4.0,1.39,12.0,0.0,0.5,0.4,13.61,14.63,18.35,15.92,4.0,3.49,12.0,0.0,0.5,0.4,75.6,80.0,90.9,83.1,4.0,11.9,12.0,0.0,0.4,3.79,7.45,11.11,7.45,4.0,4.4,12.0,0.3,0.5,0.3,-10.48,-6.64,-3.46,-6.96,4.0,4.39,12.0,0.3,0.5,0.3,-0.91,0.65,3.19,1.11,4.0,2.82,12.0,0.3,0.5,0.3,1014.08,1014.5,1016.21,1015.16,5.0,1.82,12.0,0.2,0.5,0.3,2.6,3.0,5.5,4.0,5.0,2.3,12.0,0.2,0.5,0.3,-118.9,-53.8,-14.7,-66.2,4.0,65.6,12.0,0.3,0.5,0.3,-4.7,1.7,26.8,10.6,4.0,25.5,12.0,0.3,0.5,0.3,0.16,0.5,1.8,0.97,3.0,1.27,16.0,0.0,0.5,0.2,4.7,14.8,24.8,14.8,2.0,20.9,18.0,0.0,0.5,0.1,4.41,5.94,6.15,5.3,3.0,1.39,16.0,0.0,0.5,0.2,42.7,56.6,70.5,56.6,2.0,28.8,18.0,0.0,0.5,0.1,-255.7,-207.9,-106.0,-181.5,3.0,112.1,12.0,0.0,0.5,0.4,10.7,33.8,92.7,51.3,3.0,61.9,12.0,0.0,0.5,0.4,-154.3,-131.1,-73.9,-114.5,3.0,60.6,12.0,0.0,0.5,0.4,8.7,27.3,60.3,34.3,3.0,38.3,12.0,0.0,0.5,0.4,-69.7,-54.2,-38.6,-54.2,2.0,32.2,18.0,0.0,0.5,0.1,2.9,9.1,15.3,9.1,2.0,12.8,18.0,0.0,0.5,0.1,72.5,537.0,1423.0,738.0,4.0,854.0,12.0,0.3,0.5,0.3,70.0,535.0,1425.0,740.0,4.0,855.0,12.0,0.3,0.5,0.3
1974,2,203.0,20.0,24.58,24.75,24.92,24.75,2.0,0.35,16.0,0.0,0.5,0.3,22.63,22.9,23.17,22.9,2.0,0.57,16.0,0.0,0.5,0.3,14.72,14.9,15.08,14.9,2.0,0.37,16.0,0.0,0.5,0.3,86.0,86.3,86.7,86.3,2.0,0.7,16.0,0.0,0.3,6.43,8.0,9.57,8.0,2.0,3.25,16.0,0.0,0.5,0.3,-9.56,-7.96,-6.36,-7.96,2.0,3.31,16.0,0.0,0.5,0.3,-0.83,-0.49,-0.16,-0.49,2.0,0.7,16.0,0.0,0.5,0.3,1019.4,1020.25,1021.1,1020.25,2.0,1.77,16.0,0.0,0.5,0.3,3.2,3.5,3.8,3.5,2.0,0.7,16.0,0.0,0.5,0.3,-94.3,-69.0,-43.8,-69.0,2.0,52.4,16.0,0.0,0.5,0.3,-4.7,-2.8,-0.9,-2.8,2.0,4.0,16.0,0.0,0.5,0.3,1.41,1.85,2.29,1.85,2.0,0.92,16.0,0.0,0.5,0.3,12.7,13.3,14.0,13.3,2.0,1.3,16.0,0.0,0.5,0.3,4.05,4.44,4.84,4.44,2.0,0.82,16.0,0.0,0.5,0.3,30.4,34.2,38.0,34.2,2.0,7.9,16.0,0.0,0.5,0.3,-221.9,-183.1,-144.3,-183.1,2.0,80.4,16.0,0.0,0.5,0.3,-18.7,-11.1,-3.5,-11.1,2.0,15.7,16.0,0.0,0.5,0.3,-144.4,-119.2,-93.9,-119.2,2.0,52.3,16.0,0.0,0.5,0.3,-12.2,-7.2,-2.3,-7.2,2.0,10.2,16.0,0.0,0.5,0.3,-38.0,-34.0,-30.0,-34.0,2.0,8.2,16.0,0.0,0.5,0.3,-4.2,-2.5,-0.8,-2.5,2.0,3.5,16.0,0.0,0.5,0.3,329.0,639.0,948.5,639.0,2.0,641.5,16.0,0.0,0.5,0.3,330.0,640.0,950.0,640.0,2.0,640.0,16.0,0.0,0.5,0.3
1974,2,203.0,21.0,23.35,25.0,25.6,24.52,17.0,1.46,14.0,0.5,0.6,0.6,20.57,23.3,24.4,22.7,25.0,2.04,10.0,0.5,0.4,0.5,12.57,13.92,14.78,13.91,24.0,1.26,10.0,0.5,0.4,0.6,70.0,83.3,93.8,82.7,24.0,10.2,10.0,0.5,0.6,1.5,2.6,10.26,5.01,33.0,4.15,8.0,0.5,0.3,0.6,-9.62,-1.8,-0.18,-3.64,33.0,4.39,8.0,0.5,0.3,0.6,0.0,1.35,3.07,1.66,33.0,2.7,8.0,0.5,0.3,0.6,1013.92,1015.2,1018.08,1015.97,33.0,2.38,8.0,0.5,0.3,0.6,1.1,2.0,4.0,2.4,33.0,1.5,8.0,0.5,0.3,0.6,-93.9,-5.9,-0.1,-34.1,33.0,50.3,8.0,0.5,0.3,0.6,0.0,2.8,13.0,10.4,33.0,32.4,8.0,0.5,0.3,0.6,-1.1,0.0,2.43,0.69,17.0,1.98,14.0,0.5,0.6,0.6,-4.7,0.0,22.3,6.3,17.0,16.3,14.0,0.5,0.6,0.6,1.57,5.43,7.9,5.13,16.0,2.67,14.0,0.4,0.6,0.6,11.8,38.5,86.5,43.6,16.0,33.3,14.0,0.4,0.6,0.6,-240.2,-58.5,-9.6,-109.7,25.0,110.0,10.0,0.5,0.4,0.5,-6.1,32.9,69.6,39.2,25.0,71.6,10.0,0.5,0.4,0.5,-134.0,-51.9,-8.7,-70.3,24.0,59.0,10.0,0.5,0.4,0.6,-6.6,19.8,45.5,24.2,24.0,41.2,10.0,0.5,0.4,0.6,-72.4,-31.8,-10.2,-38.2,16.0,30.4,14.0,0.4,0.6,0.6,-5.3,0.5,14.0,6.8,16.0,24.5,14.0,0.4,0.6,0.6,3.5,17.5,1081.0,426.0,33.0,712.0,8.0,0.5,0.3,0.6,5.0,20.0,1080.0,425.0,33.0,710.0,8.0,0.5,0.3,0.6
1974,2,203.0,22.0,23.4,24.0,25.0,24.13,26.0,0.84,14.0,0.5,0.7,0.3,22.29,23.5,24.84,23.63,26.0,1.47,14.0,0.5,0.7,0.3,13.27,14.33,15.33,14.29,26.0,1.46,14.0,0.5,0.7,0.3,69.4,81.7,86.2,79.2,26.0,9.0,14.0,0.5,0.3,5.1,8.1,10.35,7.81,26.0,3.27,14.0,0.5,0.7,0.3,-10.34,-7.89,-2.11,-7.04,26.0,3.94,14.0,0.5,0.7,0.3,-2.26,0.0,2.51,0.26,26.0,2.64,14.0,0.5,0.7,0.3,1014.6,1018.0,1021.36,1018.13,26.0,3.58,14.0,0.5,0.7,0.3,2.0,3.0,6.0,3.4,26.0,1.9,14.0,0.5,0.7,0.3,-107.1,-63.7,-12.9,-66.8,26.0,53.2,14.0,0.5,0.7,0.3,-22.0,0.0,18.5,-1.0,26.0,20.8,14.0,0.5,0.7,0.3,-0.92,0.0,2.2,0.48,25.0,1.61,14.0,0.5,0.7,0.3,-6.2,0.0,11.3,3.1,25.0,10.9,14.0,0.5,0.7,0.3,3.01,4.83,5.69,4.39,25.0,1.56,14.0,0.5,0.7,0.3,18.7,36.5,49.4,33.9,25.0,18.4,14.0,0.5,0.7,0.3,-256.2,-180.8,-48.2,-166.4,26.0,94.3,14.0,0.5,0.7,0.3,-54.3,0.0,57.2,6.5,26.0,62.1,14.0,0.5,0.7,0.3,-163.0,-102.5,-36.3,-99.6,26.0,56.9,14.0,0.5,0.7,0.3,-30.7,0.0,35.0,5.0,26.0,39.7,14.0,0.5,0.7,0.3,-49.4,-36.0,-4.8,-31.2,25.0,20.4,14.0,0.5,0.7,0.3,-11.5,0.0,7.3,-0.2,25.0,10.4,14.0,0.5,0.7,0.3,132.5,531.5,1110.5,711.0,26.0,721.5,14.0,0.5,0.7,0.3,135.0,530.0,1110.0,710.0,26.0,720.0,14.0,0.5,0.7,0.3
1974,2,203.0,23.0,23.5,23.5,24.18,23.83,3.0,0.58,14.0,0.7,0.4,0.3,22.65,22.95,23.72,23.18,4.0,0.73,18.0,0.5,0.5,0.3,12.85,13.54,14.83,13.83,4.0,1.27,18.0,0.5,0.5,0.3,72.3,78.7,85.2,78.7,4.0,8.0,18.0,0.5,0.3,3.55,6.2,10.4,6.9,5.0,3.93,16.0,0.6,0.4,0.4,-10.24,-6.11,-3.17,-6.64,5.0,4.06,16.0,0.6,0.4,0.4,-1.84,-1.4,-0.09,-0.93,5.0,1.48,16.0,0.6,0.4,0.4,1015.91,1017.2,1019.3,1017.6,5.0,2.77,16.0,0.6,0.4,0.4,2.3,5.0,5.7,4.2,5.0,2.3,16.0,0.6,0.4,0.4,-108.5,-37.9,-11.9,-58.6,5.0,59.1,16.0,0.6,0.4,0.4,-13.8,-5.7,2.7,-5.6,5.0,14.6,16.0,0.6,0.4,0.4,0.46,0.8,1.55,1.0,3.0,0.82,14.0,0.7,0.4,0.3,2.4,5.0,13.6,8.0,3.0,8.6,14.0,0.7,0.4,0.3,2.94,3.95,5.56,4.24,3.0,1.94,14.0,0.7,0.4,0.3,14.7,24.5,47.8,31.1,3.0,24.9,14.0,0.7,0.4,0.3,-174.4,-114.0,-67.8,-120.8,4.0,68.3,18.0,0.5,0.5,0.3,-36.7,-28.5,7.5,-15.2,4.0,35.1,18.0,0.5,0.5,0.3,-101.9,-72.9,-42.0,-72.0,4.0,38.5,18.0,0.5,0.5,0.3,-21.7,-18.4,3.5,-9.5,4.0,20.3,18.0,0.5,0.5,0.3,-47.1,-24.1,-14.2,-30.5,3.0,24.7,14.0,0.7,0.4,0.3,-4.0,-3.5,5.9,0.8,3.0,8.1,14.0,0.7,0.4,0.3,50.0,238.5,1190.0,598.0,5.0,772.0,16.0,0.6,0.4,0.4,50.0,240.0,1190.0,600.0,5.0,770.0,16.0,0.6,0.4,0.4
1974,2,203.0,24.0,21.1,21.55,23.83,22.43,4.0,2.09,12.0,0.5,0.4,0.4,22.97,24.4,25.83,24.4,2.0,2.97,8.0,0.5,0.7,0.4,11.79,11.79,11.79,11.79,1.0,0.0,14.0,1.0,0.9,0.4,55.2,55.2,55.2,55.2,1.0,0.0,14.0,1.0,0.4,4.05,6.7,8.82,6.45,4.0,3.38,12.0,0.5,0.4,0.4,-6.0,-4.12,-2.56,-4.27,4.0,2.1,12.0,0.5,0.4,0.4,-4.85,1.05,3.99,-0.36,4.0,6.17,12.0,0.5,0.4,0.4,1017.74,1019.85,1021.01,1019.4,4.0,2.11,12.0,0.5,0.4,0.4,5.0,5.5,6.5,5.8,4.0,1.0,12.0,0.5,0.4,0.4,-51.0,-34.0,-11.4,-31.3,4.0,23.4,12.0,0.5,0.4,0.4,-48.5,8.5,25.9,-10.4,4.0,56.1,12.0,0.5,0.4,0.4,-3.28,-0.65,1.98,-0.65,2.0,5.44,8.0,0.5,0.7,0.4,-35.8,-13.3,9.3,-13.3,2.0,46.8,8.0,0.5,0.7,0.4,4.55,4.55,4.55,4.55,1.0,0.0,14.0,1.0,0.9,0.4,46.9,46.9,46.9,46.9,1.0,0.0,14.0,1.0,0.9,0.4,-125.8,-102.8,-79.8,-102.8,2.0,47.6,8.0,0.5,0.7,0.4,-179.9,-58.3,63.2,-58.3,2.0,251.8,8.0,0.5,0.7,0.4,-60.7,-60.7,-60.7,-60.7,1.0,0.0,14.0,1.0,0.9,0.4,-105.2,-105.2,-105.2,-105.2,1.0,0.0,14.0,1.0,0.9,0.4,-23.4,-23.4,-23.4,-23.4,1.0,0.0,14.0,1.0,0.9,0.4,-40.6,-40.6,-40.6,-40.6,1.0,0.0,14.0,1.0,0.9,0.4,118.5,306.0,750.0,428.5,4.0,467.5,12.0,0.5,0.4,0.4,120.0,305.0,750.0,430.0,4.0,470.0,12.0,0.5,0.4,0.4
1974,2,203.0,25.0,21.1,21.1,22.87,21.57,10.0,1.11,14.0,0.5,0.5,0.4,19.95,21.7,23.3,21.59,7.0,1.63,14.0,0.6,0.6,0.5,9.54,13.7,14.29,12.26,5.0,2.75,14.0,0.6,0.6,0.5,69.7,78.2,88.7,78.7,5.0,12.6,14.0,0.6,0.5,3.86,7.7,9.8,7.01,10.0,2.88,14.0,0.5,0.5,0.4,-9.65,-7.41,-2.89,-6.59,10.0,2.95,14.0,0.5,0.5,0.4,-2.23,-1.52,1.15,-0.56,10.0,2.36,14.0,0.5,0.5,0.4,1018.6,1021.3,1023.41,1021.02,10.0,2.72,14.0,0.5,0.5,0.4,3.3,6.5,8.0,5.8,10.0,2.6,14.0,0.5,0.5,0.4,-94.6,-57.1,-13.1,-53.7,10.0,34.9,14.0,0.5,0.5,0.4,-18.7,-13.5,8.4,-6.0,10.0,17.1,14.0,0.5,0.5,0.4,-1.72,-1.0,3.54,0.19,7.0,2.64,14.0,0.6,0.6,0.5,-10.6,-4.6,27.4,3.7,7.0,19.4,14.0,0.6,0.6,0.5,0.86,2.84,8.17,4.14,5.0,4.12,14.0,0.6,0.6,0.5,7.0,19.1,65.3,32.3,5.0,32.5,14.0,0.6,0.6,0.5,-166.9,-145.6,-84.7,-135.8,7.0,53.8,14.0,0.6,0.6,0.5,-52.7,-29.0,55.8,-3.5,7.0,59.6,14.0,0.6,0.6,0.5,-93.3,-77.5,-61.7,-78.2,5.0,18.1,14.0,0.6,0.6,0.5,-24.8,-18.3,46.2,6.8,5.0,43.4,14.0,0.6,0.6,0.5,-61.4,-17.9,-7.4,-30.7,5.0,30.1,14.0,0.6,0.6,0.5,-22.3,-3.1,0.9,-8.9,5.0,13.3,14.0,0.6,0.6,0.5,107.5,456.5,941.0,484.5,10.0,362.0,14.0,0.5,0.5,0.4,105.0,455.0,940.0,485.0,10.0,360.0,14.0,0.5,0.5,0.4
1974,2,203.0,26.0,21.1,21.55,23.26,22.15,4.0,1.56,8.0,0.3,0.3,0.4,20.31,21.2,21.88,21.1,3.0,1.15,6.0,0.3,0.4,0.4,11.63,11.63,11.63,11.63,1.0,0.0,8.0,0.0,0.3,0.9,81.3,81.3,81.3,81.3,1.0,0.0,8.0,0.0,0.9,6.89,9.0,9.8,8.38,4.0,1.94,8.0,0.3,0.3,0.4,-9.65,-7.5,-2.55,-6.16,4.0,4.58,8.0,0.3,0.3,0.4,-5.22,-1.83,-1.7,-3.39,4.0,3.21,8.0,0.3,0.3,0.4,1018.6,1018.6,1020.01,1019.28,4.0,1.35,8.0,0.3,0.3,0.4,4.4,7.0,8.0,6.3,4.0,2.4,8.0,0.3,0.3,0.4,-94.6,-62.6,-14.5,-54.9,4.0,47.5,8.0,0.3,0.3,0.4,-43.2,-16.7,-13.8,-27.9,4.0,26.3,8.0,0.3,0.3,0.4,-0.08,2.1,2.85,1.4,3.0,2.23,6.0,0.3,0.4,0.4,-1.9,17.2,17.9,8.2,3.0,16.5,6.0,0.3,0.4,0.4,4.7,4.7,4.7,4.7,1.0,0.0,8.0,0.0,0.3,0.9,38.5,38.5,38.5,38.5,1.0,0.0,8.0,0.0,0.3,0.9,-182.3,-113.6,-36.0,-109.3,3.0,107.2,6.0,0.3,0.4,0.4,-124.5,-41.3,-38.9,-80.8,3.0,71.4,6.0,0.3,0.4,0.4,0.0,0.0,0.0,0.0,1.0,0.0,8.0,0.0,0.3,0.9,-95.4,-95.4,-95.4,-95.4,1.0,0.0,8.0,0.0,0.3,0.9,0.0,0.0,0.0,0.0,1.0,0.0,8.0,0.0,0.3,0.9,-38.5,-38.5,-38.5,-38.5,1.0,0.0,8.0,0.0,0.3,0.9,359.5,746.5,941.0,654.5,4.0,363.0,8.0,0.3,0.3,0.4,360.0,745.0,940.0,655.0,4.0,365.0,8.0,0.3,0.3,0.4
1974,2,203.0,27.0,20.98,21.1,22.82,21.73,7.0,1.06,14.0,0.4,0.5,0.3,19.87,20.5,22.2,20.56,7.0,1.67,18.0,0.4,0.6,0.4,10.63,13.27,14.43,12.67,6.0,2.03,20.0,0.3,0.6,0.3,79.5,87.4,90.5,84.9,6.0,9.9,20.0,0.3,0.3,4.27,6.2,9.07,6.55,11.0,2.61,14.0,0.5,0.5,0.3,-9.0,-3.1,-1.08,-4.31,11.0,3.83,14.0,0.5,0.5,0.3,-1.79,0.0,6.11,0.88,11.0,4.24,14.0,0.5,0.5,0.3,1014.7,1020.7,1020.9,1018.08,11.0,6.11,14.0,0.5,0.5,0.3,1.0,2.5,7.0,3.4,10.0,2.7,14.0,0.6,0.5,0.3,-82.6,-11.7,-6.7,-34.7,11.0,39.5,14.0,0.5,0.5,0.3,-18.4,0.0,37.9,1.8,11.0,30.6,14.0,0.5,0.5,0.3,0.63,1.1,3.65,2.08,5.0,2.34,16.0,0.2,0.6,0.3,1.3,6.8,25.4,14.0,5.0,20.2,16.0,0.2,0.6,0.3,2.73,4.4,6.4,4.55,4.0,2.15,20.0,0.0,0.7,0.2,13.5,17.9,39.5,26.1,4.0,20.4,20.0,0.0,0.7,0.2,-133.2,-24.6,-22.8,-67.8,7.0,65.4,18.0,0.4,0.6,0.4,-6.7,18.2,135.5,27.4,7.0,94.1,18.0,0.4,0.6,0.4,-77.6,-15.5,-12.3,-36.5,6.0,40.0,20.0,0.3,0.6,0.3,-18.1,16.6,88.1,20.3,6.0,65.3,20.0,0.3,0.6,0.3,-17.9,-12.2,-4.7,-11.3,4.0,8.8,20.0,0.0,0.7,0.2,-29.0,1.3,7.7,-10.1,4.0,30.7,20.0,0.0,0.7,0.2,90.0,238.5,775.0,401.0,11.0,383.5,14.0,0.5,0.5,0.3,90.0,240.0,775.0,400.0,11.0,385.0,14.0,0.5,0.5,0.3
1974,2,203.0,28.0,18.97,20.5,22.05,20.52,12.0,1.29,14.0,0.7,0.5,0.4,18.89,20.5,21.58,20.53,13.0,1.35,14.0,0.5,0.6,0.4,11.81,12.52,13.56,12.56,13.0,1.53,14.0,0.5,0.6,0.4,80.9,82.3,90.1,84.2,13.0,7.9,14.0,0.5,0.4,4.32,5.1,6.2,5.41,15.0,1.66,14.0,0.5,0.6,0.4,-5.83,-4.42,-1.0,-4.09,15.0,2.55,14.0,0.5,0.6,0.4,-0.89,0.0,4.47,0.61,15.0,3.04,14.0,0.5,0.6,0.4,1020.11,1022.0,1024.89,1022.04,15.0,2.82,14.0,0.5,0.6,0.4,2.0,6.0,7.0,5.3,15.0,2.2,14.0,0.5,0.6,0.4,-36.1,-25.6,-2.6,-24.4,15.0,21.6,14.0,0.5,0.6,0.4,-4.5,0.0,22.8,3.3,15.0,17.8,14.0,0.5,0.6,0.4,-1.74,0.5,2.12,0.22,11.0,2.36,14.0,0.6,0.5,0.5,-10.8,2.6,16.2,2.3,11.0,14.3,14.0,0.6,0.5,0.5,1.2,3.01,4.13,2.67,11.0,2.09,14.0,0.6,0.5,0.5,6.4,15.4,31.5,16.2,11.0,13.6,14.0,0.6,0.5,0.5,-124.6,-95.0,-28.3,-88.7,13.0,48.4,14.0,0.5,0.6,0.4,-22.5,0.0,59.6,9.4,13.0,59.7,14.0,0.5,0.6,0.4,-77.1,-52.0,-17.2,-53.1,13.0,30.1,14.0,0.5,0.6,0.4,-14.1,0.0,34.9,5.5,13.0,38.9,14.0,0.5,0.6,0.4,-25.0,-13.2,-1.8,-13.0,11.0,13.0,14.0,0.6,0.5,0.5,-6.8,0.0,4.7,0.2,11.0,10.9,14.0,0.6,0.5,0.5,83.0,132.5,238.5,199.5,15.0,185.5,14.0,0.5,0.6,0.4,85.0,135.0,240.0,200.0,15.0,185.0,14.0,0.5,0.6,0.4
1974,2,203.0,29.0,20.37,20.95,21.0,20.79,8.0,0.41,8.0,0.5,0.6,0.3,18.79,19.75,20.39,19.63,6.0,1.07,10.0,0.7,0.5,0.3,12.6,12.71,13.19,12.89,4.0,0.48,12.0,0.8,0.6,0.3,84.4,90.8,95.5,90.0,4.0,6.9,12.0,0.8,0.3,5.1,5.1,6.2,5.53,9.0,1.49,10.0,0.6,0.5,0.3,-6.1,-4.42,-2.72,-4.58,9.0,2.15,10.0,0.6,0.5,0.3,-2.1,0.0,4.04,0.8,9.0,2.78,10.0,0.6,0.5,0.3,1019.44,1025.0,1033.55,1026.07,9.0,7.2,10.0,0.6,0.5,0.3,1.3,3.0,5.5,3.1,9.0,2.3,10.0,0.6,0.5,0.3,-37.8,-24.7,-10.3,-27.5,9.0,18.8,10.0,0.6,0.5,0.3,-10.7,0.0,22.3,4.6,9.0,15.3,10.0,0.6,0.5,0.3,0.22,1.2,1.68,0.94,5.0,1.07,10.0,0.6,0.6,0.4,0.7,4.1,9.3,4.6,5.0,6.3,10.0,0.6,0.6,0.4,1.97,2.34,2.59,2.28,4.0,0.38,12.0,0.8,0.6,0.3,8.6,13.1,14.8,11.8,4.0,5.0,12.0,0.8,0.6,0.3,-113.4,-87.2,-38.5,-78.5,6.0,40.4,10.0,0.7,0.5,0.3,-3.3,32.8,100.5,41.9,6.0,49.6,10.0,0.7,0.5,0.3,-62.5,-40.3,-20.5,-41.4,4.0,26.8,12.0,0.8,0.6,0.3,22.0,43.2,61.9,42.0,4.0,23.2,12.0,0.8,0.6,0.3,-12.1,-6.3,-3.1,-7.5,4.0,5.8,12.0,0.8,0.6,0.3,3.9,7.9,11.5,7.7,4.0,4.6,12.0,0.8,0.6,0.3,132.5,132.5,238.5,201.5,9.0,149.5,10.0,0.6,0.5,0.3,135.0,135.0,240.0,200.0,9.0,150.0,10.0,0.6,0.5,0.3
1974,2,203.0,30.0,17.9,19.0,20.1,19.01,13.0,1.25,14.0,0.5,0.7,0.4,17.5,19.4,20.0,18.88,13.0,1.28,16.0,0.5,0.7,0.5,10.24,11.38,12.81,11.49,12.0,1.49,16.0,0.5,0.7,0.4,76.6,83.3,91.8,84.0,12.0,7.5,16.0,0.5,0.4,4.6,7.2,8.59,6.95,15.0,2.6,16.0,0.5,0.7,0.4,-6.77,-0.71,1.71,-2.52,15.0,4.72,16.0,0.5,0.7,0.4,-0.87,4.04,6.96,3.05,15.0,4.41,16.0,0.5,0.7,0.4,1018.34,1023.1,1025.97,1021.85,15.0,4.65,16.0,0.5,0.7,0.4,4.2,7.0,8.0,6.3,15.0,2.2,16.0,0.5,0.7,0.4,-48.7,-2.9,10.0,-21.2,15.0,49.0,16.0,0.5,0.7,0.4,-4.3,19.9,53.8,23.9,15.0,39.0,16.0,0.5,0.7,0.4,-1.04,-0.2,1.18,-0.03,11.0,1.58,16.0,0.5,0.7,0.5,-5.2,-0.9,12.2,1.1,11.0,13.5,16.0,0.5,0.7,0.5,0.71,2.36,3.43,2.14,11.0,1.67,16.0,0.5,0.7,0.5,3.2,13.0,33.8,16.7,11.0,18.6,16.0,0.5,0.7,0.5,-130.1,0.0,34.5,-40.1,13.0,93.7,16.0,0.5,0.7,0.5,38.8,80.8,139.4,73.8,13.0,75.5,16.0,0.5,0.7,0.5,-82.2,-4.5,17.5,-28.0,12.0,54.9,16.0,0.5,0.7,0.4,27.0,50.5,92.7,54.4,12.0,33.5,16.0,0.5,0.7,0.4,-13.9,0.0,6.4,-3.4,11.0,16.2,16.0,0.5,0.7,0.5,-0.2,7.7,17.9,11.0,11.0,15.6,16.0,0.5,0.7,0.5,97.5,373.0,634.5,481.0,15.0,580.0,16.0,0.5,0.7,0.4,95.0,375.0,635.0,480.0,15.0,580.0,16.0,0.5,0.7,0.4
1974,2,203.0,31.0,17.47,18.0,20.29,18.54,11.0,1.77,16.0,0.6,0.5,0.4,16.86,18.3,21.0,18.4,13.0,2.06,16.0,0.7,0.5,0.5,7.62,10.66,12.23,10.06,10.0,2.21,18.0,0.8,0.5,0.5,63.6,74.4,91.0,76.9,10.0,13.0,18.0,0.8,0.5,4.32,7.7,10.08,7.64,15.0,3.24,16.0,0.7,0.6,0.5,-7.77,-3.85,3.97,-3.18,15.0,6.14,16.0,0.7,0.6,0.5,-2.43,1.74,6.72,1.74,15.0,4.61,16.0,0.7,0.6,0.5,1021.22,1024.7,1025.68,1023.79,15.0,2.63,16.0,0.7,0.6,0.5,3.0,6.0,7.0,5.5,15.0,1.7,16.0,0.7,0.6,0.5,-69.1,-19.2,33.6,-32.3,15.0,72.1,16.0,0.7,0.6,0.5,-15.6,8.9,58.2,18.8,15.0,41.8,16.0,0.7,0.6,0.5,-1.73,1.7,3.29,0.92,9.0,2.29,18.0,0.7,0.5,0.4,-6.9,11.2,28.4,8.5,9.0,19.4,18.0,0.7,0.5,0.4,-0.06,2.79,6.31,3.31,8.0,2.91,20.0,0.8,0.5,0.5,0.2,13.7,57.9,28.2,8.0,31.4,20.0,0.8,0.5,0.5,-131.1,-70.5,86.1,-50.1,13.0,122.6,16.0,0.7,0.5,0.5,-42.5,33.6,149.1,47.1,13.0,90.2,16.0,0.7,0.5,0.5,-71.3,-42.0,37.6,-34.4,10.0,63.2,18.0,0.8,0.5,0.5,-29.7,17.7,75.8,24.6,10.0,54.7,18.0,0.8,0.5,0.5,-49.6,-11.8,-2.0,-25.4,8.0,28.6,20.0,0.8,0.5,0.5,-26.6,-1.5,11.1,-5.1,8.0,17.6,20.0,0.8,0.5,0.5,83.0,456.5,1029.0,695.5,15.0,902.5,16.0,0.7,0.6,0.5,85.0,455.0,1030.0,695.0,15.0,905.0,16.0,0.7,0.6,0.5
1974,2,203.0,32.0,17.42,19.4,20.0,18.72,9.0,1.41,14.0,0.8,0.5,0.6,16.41,17.8,18.59,17.66,11.0,1.92,16.0,0.8,0.5,0.6,7.1,10.67,12.31,10.26,8.0,2.56,18.0,0.9,0.5,0.6,70.9,85.3,90.5,81.0,8.0,13.9,18.0,0.9,0.6,4.63,6.2,9.3,7.24,11.0,3.56,16.0,0.8,0.5,0.6,-7.12,-3.83,-0.52,-2.91,11.0,5.68,16.0,0.8,0.5,0.6,-3.99,1.74,6.84,1.5,11.0,5.12,16.0,0.8,0.5,0.6,1017.13,1020.3,1026.71,1021.71,11.0,5.1,16.0,0.8,0.5,0.6,5.3,8.0,8.0,6.9,9.0,1.5,16.0,0.8,0.5,0.5,-66.3,-19.2,-1.4,-13.3,11.0,70.8,16.0,0.8,0.5,0.6,-20.2,6.4,60.0,18.4,11.0,55.9,16.0,0.8,0.5,0.6,-0.17,1.5,2.0,1.1,9.0,1.18,14.0,0.8,0.5,0.6,0.7,10.0,15.0,8.5,9.0,7.3,14.0,0.8,0.5,0.6,1.43,2.3,3.74,2.9,6.0,2.37,16.0,0.8,0.5,0.6,4.0,19.1,33.8,19.5,6.0,14.8,16.0,0.8,0.5,0.6,-116.0,-68.9,-8.7,-50.9,11.0,107.6,16.0,0.8,0.5,0.6,-68.5,31.0,112.3,27.8,11.0,87.8,16.0,0.8,0.5,0.6,-71.4,-41.5,-0.9,-25.4,8.0,79.7,18.0,0.9,0.5,0.6,-29.3,22.1,57.9,23.0,8.0,52.2,18.0,0.9,0.5,0.6,-13.5,-2.2,5.1,-1.8,6.0,15.1,16.0,0.8,0.5,0.6,-5.9,4.1,17.4,1.6,6.0,21.0,16.0,0.8,0.5,0.6,102.0,238.5,804.5,666.5,11.0,1039.5,16.0,0.8,0.5,0.6,100.0,240.0,805.0,665.0,11.0,1040.0,16.0,0.8,0.5,0.6
1974,2,203.0,33.0,16.73,17.9,18.39,17.7,8.0,0.9,8.0,0.6,0.5,0.5,15.77,16.75,17.51,16.62,10.0,0.94,8.0,0.6,0.6,0.6,8.77,10.16,11.55,10.02,9.0,1.7,10.0,0.6,0.6,0.5,76.8,89.7,93.8,86.0,9.0,10.9,10.0,0.6,0.5,5.22,7.45,8.14,6.93,8.0,1.48,10.0,0.5,0.6,0.6,-7.04,-2.64,2.73,-2.04,8.0,5.19,10.0,0.5,0.6,0.6,1.4,3.69,6.14,4.04,8.0,2.58,10.0,0.5,0.6,0.6,1014.97,1021.05,1026.37,1020.77,10.0,5.66,8.0,0.6,0.6,0.6,0.8,7.0,8.0,5.3,9.0,3.4,8.0,0.6,0.6,0.6,-51.3,-21.6,12.6,-18.2,8.0,36.3,10.0,0.5,0.6,0.6,9.8,22.9,49.1,29.3,8.0,23.4,10.0,0.5,0.6,0.6,0.12,1.1,1.48,1.1,8.0,1.14,8.0,0.6,0.5,0.5,-0.2,6.0,11.5,7.3,7.0,9.6,8.0,0.6,0.5,0.6,1.42,2.28,3.1,2.55,7.0,1.86,10.0,0.6,0.5,0.5,8.8,14.0,24.5,18.0,6.0,16.0,10.0,0.5,0.5,0.6,-112.0,-46.4,46.4,-33.1,8.0,85.6,10.0,0.5,0.6,0.6,22.8,58.8,108.2,69.0,8.0,45.8,10.0,0.5,0.6,0.6,-61.8,0.0,32.8,-11.7,7.0,47.8,10.0,0.4,0.6,0.6,12.5,37.9,74.5,45.4,7.0,34.4,10.0,0.4,0.6,0.6,-21.7,0.2,9.1,-5.6,6.0,21.1,10.0,0.5,0.5,0.6,2.7,5.6,13.8,8.6,6.0,8.5,10.0,0.5,0.5,0.6,144.5,415.0,541.0,370.5,8.0,199.5,10.0,0.5,0.6,0.6,145.0,415.0,540.0,370.0,8.0,200.0,10.0,0.5,0.6,0.6
1974,2,203.0,34.0,15.5,15.7,17.31,15.96,9.0,1.33,14.0,0.4,0.6,0.7,12.59,15.0,17.5,15.4,11.0,2.53,16.0,0.5,0.6,0.6,5.96,9.45,10.76,8.99,10.0,2.37,16.0,0.5,0.6,0.6,67.7,88.0,92.4,82.5,10.0,11.4,16.0,0.5,0.6,2.39,6.7,11.99,7.16,11.0,4.93,16.0,0.5,0.6,0.6,-0.69,1.41,5.62,2.59,11.0,5.11,16.0,0.5,0.6,0.6,-5.69,0.72,6.36,1.42,11.0,6.71,16.0,0.5,0.6,0.6,1013.96,1021.0,1029.3,1021.44,11.0,7.17,16.0,0.5,0.6,0.6,2.4,8.0,8.0,6.2,10.0,2.9,16.0,0.4,0.6,0.6,-1.8,4.1,52.1,33.9,11.0,76.7,16.0,0.5,0.6,0.6,-42.6,1.5,64.4,19.4,11.0,79.4,16.0,0.5,0.6,0.6,-0.49,1.1,2.6,0.69,9.0,2.2,14.0,0.4,0.6,0.7,-2.9,4.5,15.7,4.4,9.0,15.5,14.0,0.4,0.6,0.7,0.97,1.59,4.56,2.21,9.0,2.09,14.0,0.4,0.6,0.7,3.8,7.0,33.3,13.0,9.0,17.0,14.0,0.4,0.6,0.7,-12.6,23.3,67.4,38.6,11.0,83.2,16.0,0.5,0.6,0.6,-76.1,10.8,113.1,32.5,11.0,104.2,16.0,0.5,0.6,0.6,-9.5,11.8,26.1,7.8,10.0,21.4,16.0,0.5,0.6,0.6,-42.3,5.0,74.7,19.8,10.0,67.3,16.0,0.5,0.6,0.6,-3.7,0.0,15.9,5.5,9.0,12.2,14.0,0.4,0.6,0.7,-22.0,1.1,5.3,-4.0,9.0,16.6,14.0,0.4,0.6,0.7,14.0,301.0,1874.5,912.5,11.0,1472.0,16.0,0.5,0.6,0.6,15.0,300.0,1875.0,915.0,11.0,1470.0,16.0,0.5,0.6,0.6
1974,2,203.0,35.0,14.0,15.1,15.97,15.11,14.0,1.52,14.0,0.5,0.6,0.4,13.56,14.5,15.97,14.49,14.0,2.11,14.0,0.5,0.6,0.4,7.23,9.2,10.08,8.73,14.0,1.75,14.0,0.5,0.6,0.4,72.6,88.4,94.6,84.8,14.0,10.2,14.0,0.5,0.4,5.17,7.2,8.67,7.27,14.0,3.28,14.0,0.5,0.6,0.4,-5.5,-1.75,0.0,-1.85,14.0,3.74,14.0,0.5,0.6,0.4,-6.94,1.15,6.64,0.22,14.0,7.07,14.0,0.5,0.6,0.4,1013.29,1017.6,1027.27,1019.26,15.0,6.16,14.0,0.5,0.6,0.4,4.1,6.5,8.0,6.1,14.0,2.3,14.0,0.4,0.6,0.4,-43.2,-10.9,0.0,-15.8,14.0,30.3,14.0,0.5,0.6,0.4,-49.9,7.7,51.8,-7.9,14.0,73.2,14.0,0.5,0.6,0.4,-1.53,0.35,2.97,0.61,14.0,2.4,14.0,0.5,0.6,0.4,-4.8,1.3,30.2,7.5,13.0,17.7,14.0,0.5,0.6,0.3,0.22,1.92,3.4,1.9,14.0,1.6,14.0,0.5,0.6,0.4,-0.3,7.2,30.5,14.5,13.0,15.7,14.0,0.5,0.6,0.3,-80.0,-19.2,2.5,-24.8,13.0,55.5,14.0,0.5,0.6,0.3,-64.1,33.0,109.9,22.8,13.0,91.3,14.0,0.5,0.6,0.3,-46.4,-12.1,1.6,-15.8,13.0,31.3,14.0,0.5,0.6,0.3,-37.9,16.7,69.1,14.3,13.0,57.7,14.0,0.5,0.6,0.3,-17.5,-1.1,1.0,-4.5,13.0,11.4,14.0,0.5,0.6,0.3,-7.3,-0.9,8.1,-1.9,13.0,17.8,14.0,0.5,0.6,0.3,139.5,373.0,651.5,596.5,14.0,683.5,14.0,0.5,0.6,0.4,140.0,375.0,650.0,595.0,14.0,685.0,14.0,0.5,0.6,0.4
1974,2,203.0,36.0,13.48,14.2,15.02,14.23,6.0,0.73,14.0,0.8,0.6,0.6,14.16,14.45,14.97,14.53,6.0,0.66,14.0,0.8,0.6,0.6,7.78,8.46,9.08,8.49,6.0,0.82,14.0,0.8,0.6,0.6,72.4,84.5,93.5,83.6,6.0,10.2,14.0,0.8,0.6,4.5,9.3,9.9,7.9,6.0,2.78,14.0,0.8,0.6,0.6,-0.97,5.69,9.07,4.59,6.0,5.16,14.0,0.8,0.6,0.6,-3.24,3.16,4.66,0.86,6.0,5.47,14.0,0.8,0.6,0.6,1011.83,1022.45,1024.18,1019.63,6.0,6.7,14.0,0.8,0.6,0.6,5.8,7.0,8.0,6.8,6.0,1.2,14.0,0.8,0.6,0.6,-6.0,46.0,92.4,43.3,6.0,51.2,14.0,0.8,0.6,0.6,-30.8,16.9,34.4,2.4,6.0,48.6,14.0,0.8,0.6,0.6,-1.25,-0.15,0.53,-0.3,6.0,1.23,14.0,0.8,0.6,0.6,-12.5,-0.7,4.9,-3.0,6.0,12.1,14.0,0.8,0.6,0.6,0.91,1.59,2.03,1.52,6.0,1.04,14.0,0.8,0.6,0.6,3.6,11.4,19.0,11.9,6.0,10.5,14.0,0.8,0.6,0.6,-13.7,83.5,139.3,68.8,6.0,76.6,14.0,0.8,0.6,0.6,-45.3,46.0,68.4,14.7,6.0,77.2,14.0,0.8,0.6,0.6,-8.1,44.8,74.8,38.8,6.0,44.4,14.0,0.8,0.6,0.6,-30.0,26.0,37.2,5.1,6.0,47.1,14.0,0.8,0.6,0.6,-1.6,0.9,16.9,6.5,6.0,11.8,14.0,0.8,0.6,0.6,-2.8,5.8,8.6,2.6,6.0,9.1,14.0,0.8,0.6,0.6,91.5,804.5,972.5,635.0,6.0,440.5,14.0,0.8,0.6,0.6,90.0,805.0,970.0,635.0,6.0,440.0,14.0,0.8,0.6,0.6
1974,2,203.0,37.0,12.32,13.0,14.27,13.32,5.0,1.39,10.0,0.2,0.8,0.4,12.4,13.4,14.69,13.53,6.0,1.31,10.0,0.3,0.8,0.4,7.88,8.65,9.72,8.63,6.0,1.13,10.0,0.3,0.8,0.4,85.7,91.0,95.3,89.9,6.0,6.6,10.0,0.3,0.4,5.1,6.95,9.82,7.53,6.0,2.64,10.0,0.3,0.8,0.4,-2.9,1.68,3.49,1.22,6.0,5.36,10.0,0.3,0.8,0.4,-5.84,4.79,5.82,1.99,6.0,6.31,10.0,0.3,0.8,0.4,1015.96,1018.4,1023.62,1019.55,6.0,5.04,10.0,0.3,0.8,0.4,8.0,8.0,8.0,8.0,6.0,0.0,10.0,0.3,0.8,0.4,-19.8,8.9,36.8,15.8,6.0,56.0,10.0,0.3,0.8,0.4,-43.0,24.4,47.8,11.1,6.0,55.4,10.0,0.3,0.8,0.4,-0.61,0.0,1.04,0.16,5.0,0.86,10.0,0.2,0.8,0.4,-3.4,0.0,9.7,2.6,5.0,7.2,10.0,0.2,0.8,0.4,0.35,0.89,1.72,1.07,5.0,0.89,10.0,0.2,0.8,0.4,2.1,4.6,17.0,9.5,5.0,11.6,10.0,0.2,0.8,0.4,-39.2,23.1,45.1,13.5,6.0,68.8,10.0,0.3,0.8,0.4,-71.6,63.5,86.1,32.4,6.0,86.5,10.0,0.3,0.8,0.4,-25.6,15.1,26.9,6.7,6.0,41.8,10.0,0.3,0.8,0.4,-41.4,41.4,56.7,22.3,6.0,54.3,10.0,0.3,0.8,0.4,-3.3,0.5,10.3,3.8,5.0,12.6,10.0,0.2,0.8,0.4,-6.8,1.4,5.0,-1.0,5.0,8.3,10.0,0.2,0.8,0.4,132.5,347.5,977.5,568.0,6.0,585.0,10.0,0.3,0.8,0.4,135.0,345.0,980.0,570.0,6.0,585.0,10.0,0.3,0.8,0.4
1974,2,203.0,38.0,12.88,13.5,15.62,13.84,7.0,1.89,14.0,0.7,0.4,0.5,10.42,12.8,13.43,12.09,7.0,1.8,14.0,0.7,0.4,0.5,5.08,6.69,8.69,6.88,7.0,1.97,14.0,0.7,0.4,0.5,69.1,78.1,93.1,77.7,7.0,16.0,14.0,0.7,0.5,9.25,10.3,14.45,11.54,7.0,2.71,14.0,0.7,0.4,0.5,4.12,5.15,8.38,6.19,7.0,4.86,14.0,0.7,0.4,0.5,-9.07,5.27,9.37,2.14,7.0,9.44,14.0,0.7,0.4,0.5,1014.24,1016.6,1024.07,1017.84,7.0,5.67,14.0,0.7,0.4,0.5,4.0,8.0,8.0,6.9,7.0,2.0,14.0,0.7,0.4,0.5,49.8,66.2,88.0,76.6,7.0,71.8,14.0,0.7,0.4,0.5,-95.0,68.2,90.4,27.5,7.0,118.4,14.0,0.7,0.4,0.5,-0.05,0.5,4.13,1.76,7.0,2.69,14.0,0.7,0.4,0.5,-0.7,7.7,35.4,18.9,7.0,33.0,14.0,0.7,0.4,0.5,0.89,3.06,4.52,2.93,7.0,1.95,14.0,0.7,0.4,0.5,9.2,36.5,48.5,33.4,7.0,24.1,14.0,0.7,0.4,0.5,36.4,69.0,106.5,75.1,7.0,63.9,14.0,0.7,0.4,0.5,-94.3,67.4,125.9,40.2,7.0,109.8,14.0,0.7,0.4,0.5,17.6,42.7,69.6,40.9,7.0,35.4,14.0,0.7,0.4,0.5,-34.7,33.9,82.6,29.1,7.0,63.2,14.0,0.7,0.4,0.5,2.6,20.8,36.3,19.1,7.0,17.6,14.0,0.7,0.4,0.5,-37.7,6.3,15.7,-7.7,7.0,32.8,14.0,0.7,0.4,0.5,792.5,1092.5,3018.0,1761.0,7.0,1190.0,14.0,0.7,0.4,0.5,790.0,1095.0,3020.0,1760.0,7.0,1190.0,14.0,0.7,0.4,0.5
1974,2,203.0,39.0,11.7,11.9,12.52,12.1,4.0,0.62,20.0,0.8,0.5,0.8,11.38,12.05,12.67,12.03,4.0,0.84,20.0,0.8,0.5,0.8,6.38,6.86,7.95,7.15,4.0,1.11,20.0,0.8,0.5,0.8,73.6,81.5,91.0,82.3,4.0,10.2,20.0,0.8,0.8,10.54,11.4,12.0,11.28,4.0,0.86,20.0,0.8,0.5,0.8,2.77,9.85,11.91,7.46,4.0,6.5,20.0,0.8,0.5,0.8,-1.09,3.31,8.72,3.79,4.0,5.88,20.0,0.8,0.5,0.8,1012.81,1017.3,1019.38,1016.15,4.0,5.08,20.0,0.8,0.5,0.8,6.0,7.5,8.0,7.0,4.0,1.4,20.0,0.8,0.5,0.8,28.1,111.5,143.0,86.7,4.0,77.0,20.0,0.8,0.5,0.8,-13.1,34.1,92.6,39.5,4.0,63.8,20.0,0.8,0.5,0.8,-0.37,0.0,0.52,0.08,4.0,0.7,20.0,0.8,0.5,0.8,-4.4,0.0,5.7,0.6,4.0,7.9,20.0,0.8,0.5,0.8,1.04,1.67,2.1,1.57,4.0,0.74,20.0,0.8,0.5,0.8,11.0,19.1,25.2,18.2,4.0,9.4,20.0,0.8,0.5,0.8,38.0,121.0,143.7,92.2,4.0,77.8,20.0,0.8,0.5,0.8,-12.9,43.0,102.3,44.6,4.0,67.7,20.0,0.8,0.5,0.8,25.8,70.9,76.3,52.0,4.0,43.7,20.0,0.8,0.5,0.8,-6.7,28.9,67.1,30.1,4.0,43.1,20.0,0.8,0.5,0.8,0.7,13.2,25.0,12.9,4.0,14.4,20.0,0.8,0.5,0.8,-2.6,2.0,10.4,3.8,4.0,9.0,20.0,0.8,0.5,0.8,1172.0,1494.0,1728.0,1452.0,4.0,326.0,20.0,0.8,0.5,0.8,1170.0,1495.0,1730.0,1450.0,4.0,325.0,20.0,0.8,0.5,0.8
1974,2,203.0,40.0,9.97,11.8,13.21,11.6,4.0,1.92,16.0,0.5,0.4,0.4,7.83,9.8,12.06,9.85,6.0,2.11,18.0,0.3,0.4,0.3,4.7,5.8,7.36,5.99,5.0,1.45,16.0,0.4,0.4,0.3,70.4,73.2,84.2,76.7,5.0,8.0,16.0,0.4,0.3,10.89,13.65,17.64,14.17,6.0,3.89,18.0,0.3,0.4,0.3,-0.72,7.82,12.48,6.74,6.0,7.5,18.0,0.3,0.4,0.3,-13.3,-5.32,1.92,-5.46,6.0,10.47,18.0,0.3,0.4,0.3,1012.77,1017.5,1024.09,1018.43,6.0,6.54,18.0,0.3,0.4,0.3,4.3,6.0,6.4,5.4,5.0,1.5,20.0,0.2,0.4,0.4,-14.5,107.0,161.0,93.4,6.0,123.2,18.0,0.3,0.4,0.3,-205.6,-74.0,17.9,-102.5,6.0,172.5,18.0,0.3,0.4,0.3,0.52,1.65,3.14,1.83,4.0,1.71,16.0,0.5,0.4,0.4,4.9,20.4,56.7,30.3,4.0,35.7,16.0,0.5,0.4,0.4,1.92,2.47,3.59,2.74,4.0,1.14,16.0,0.5,0.4,0.4,19.9,31.5,64.0,41.4,4.0,31.7,16.0,0.5,0.4,0.4,-6.5,59.0,137.2,68.4,6.0,84.7,18.0,0.3,0.4,0.3,-110.5,-38.3,23.6,-38.9,6.0,100.3,18.0,0.3,0.4,0.3,-6.2,39.3,85.6,41.7,5.0,54.7,16.0,0.4,0.4,0.3,-65.0,0.0,26.5,-14.1,5.0,62.8,16.0,0.4,0.4,0.3,-7.9,12.1,24.6,8.5,4.0,19.5,16.0,0.5,0.4,0.4,-58.9,-14.9,8.4,-24.8,4.0,44.6,16.0,0.5,0.4,0.4,1311.0,2546.0,5575.5,3395.5,6.0,2707.0,18.0,0.3,0.4,0.3,1310.0,2545.0,5575.0,3395.0,6.0,2705.0,18.0,0.3,0.4,0.3
1974,2,203.0,41.0,10.37,11.15,11.93,11.15,2.0,1.63,12.0,0.5,0.4,0.6,11.0,11.2,12.73,11.84,5.0,1.28,10.0,0.4,0.6,0.3,7.1,7.57,8.04,7.57,2.0,0.97,12.0,0.5,0.4,0.6,74.3,84.7,95.2,84.7,2.0,21.6,12.0,0.5,0.6,8.9,9.3,9.48,9.18,5.0,0.59,10.0,0.4,0.6,0.3,4.18,7.71,9.16,6.38,5.0,4.54,10.0,0.4,0.6,0.3,-1.61,2.8,7.34,3.01,5.0,4.78,10.0,0.4,0.6,0.3,1010.38,1011.15,1017.0,1013.58,4.0,5.65,10.0,0.3,0.5,0.3,1.0,2.0,2.0,1.5,4.0,1.0,10.0,0.5,0.6,0.1,34.6,73.6,85.2,58.4,5.0,42.1,10.0,0.4,0.6,0.3,-15.0,23.0,70.3,28.0,5.0,45.1,10.0,0.4,0.6,0.3,-3.19,-1.45,0.29,-1.45,2.0,3.61,12.0,0.5,0.4,0.6,-26.0,-11.3,3.4,-11.3,2.0,30.4,12.0,0.5,0.4,0.6,0.64,0.68,0.72,0.68,2.0,0.08,12.0,0.5,0.4,0.6,5.9,5.9,6.0,5.9,2.0,0.1,12.0,0.5,0.4,0.6,50.6,100.7,103.4,76.3,5.0,53.1,10.0,0.4,0.6,0.3,-17.8,39.3,85.4,36.4,5.0,54.3,10.0,0.4,0.6,0.3,-2.8,19.8,42.5,19.8,2.0,46.9,12.0,0.5,0.4,0.6,28.2,47.5,66.7,47.5,2.0,39.8,12.0,0.5,0.4,0.6,0.0,2.3,4.6,2.3,2.0,4.7,12.0,0.5,0.4,0.6,2.6,3.9,5.1,3.9,2.0,2.6,12.0,0.5,0.4,0.6,712.0,804.5,854.5,781.0,5.0,141.5,10.0,0.4,0.6,0.3,710.0,805.0,855.0,780.0,5.0,140.0,10.0,0.4,0.6,0.3
1974,2,203.0,42.0,9.14,9.45,9.76,9.45,2.0,0.64,18.0,0.5,0.1,0.4,10.15,10.9,11.65,10.9,2.0,1.56,18.0,0.5,0.1,0.4,6.74,6.74,6.74,6.74,2.0,0.01,18.0,0.5,0.1,0.4,79.7,83.3,86.9,83.3,2.0,7.4,18.0,0.5,0.4,8.67,12.9,15.7,12.2,3.0,5.19,16.0,0.3,0.3,0.4,-6.06,4.41,4.9,-0.46,3.0,9.07,16.0,0.3,0.3,0.4,6.79,12.12,12.74,9.82,3.0,4.79,16.0,0.3,0.3,0.4,1004.12,1019.0,1026.37,1015.33,3.0,16.61,16.0,0.3,0.3,0.4,1.0,3.0,5.0,3.0,2.0,4.2,18.0,0.5,0.1,0.4,-115.9,34.4,49.8,-31.5,3.0,134.1,16.0,0.3,0.3,0.4,69.3,156.4,200.8,135.5,3.0,97.9,16.0,0.3,0.3,0.4,-2.51,-1.45,-0.39,-1.45,2.0,2.19,18.0,0.5,0.1,0.4,-32.5,-19.0,-5.6,-19.0,2.0,27.8,18.0,0.5,0.1,0.4,0.42,0.63,0.83,0.63,2.0,0.42,18.0,0.5,0.1,0.4,4.5,5.2,5.9,5.2,2.0,1.4,18.0,0.5,0.1,0.4,50.7,51.6,52.5,51.6,2.0,1.9,18.0,0.5,0.1,0.4,58.6,93.8,129.1,93.8,2.0,73.0,18.0,0.5,0.1,0.4,30.5,32.2,33.8,32.2,2.0,3.5,18.0,0.5,0.1,0.4,37.4,55.4,73.3,55.4,2.0,37.2,18.0,0.5,0.1,0.4,2.0,3.1,4.2,3.1,2.0,2.3,18.0,0.5,0.1,0.4,4.0,4.0,4.0,4.0,2.0,0.0,18.0,0.5,0.1,0.4,886.5,2146.5,4035.0,2453.5,3.0,2321.5,16.0,0.3,0.3,0.4,885.0,2145.0,4035.0,2455.0,3.0,2320.0,16.0,0.3,0.3,0.4
1974,2,203.0,43.0,7.06,7.2,9.93,8.47,3.0,2.37,10.0,0.0,0.6,0.2,6.95,10.0,10.03,9.09,7.0,1.8,12.0,0.4,0.5,0.4,7.23,7.31,7.38,7.31,2.0,0.15,4.0,0.0,0.8,0.1,93.1,93.5,93.9,93.5,2.0,0.9,4.0,0.0,0.1,6.15,9.3,10.54,9.34,7.0,3.31,12.0,0.4,0.5,0.4,-1.94,0.0,3.22,-0.02,7.0,3.49,12.0,0.4,0.5,0.4,-6.55,7.89,9.32,2.48,7.0,9.66,12.0,0.4,0.5,0.4,1004.51,1006.8,1025.05,1011.03,7.0,10.2,12.0,0.4,0.5,0.4,6.0,8.0,8.0,6.8,6.0,2.4,12.0,0.5,0.5,0.4,-19.1,0.0,20.4,-4.1,7.0,32.0,12.0,0.4,0.5,0.4,-47.4,81.3,86.9,12.2,7.0,120.1,12.0,0.4,0.5,0.4,-2.32,0.0,0.82,-0.73,3.0,2.39,10.0,0.0,0.6,0.2,-21.6,0.0,8.4,-6.4,3.0,22.7,10.0,0.0,0.6,0.2,-0.73,0.01,0.75,0.01,2.0,1.53,4.0,0.0,0.8,0.1,-6.6,0.6,7.9,0.6,2.0,15.0,4.0,0.0,0.8,0.1,-19.4,0.0,34.0,-0.4,7.0,35.1,12.0,0.4,0.5,0.4,-45.1,78.9,93.2,37.0,7.0,76.0,12.0,0.4,0.5,0.4,-36.4,-12.0,12.3,-12.0,2.0,50.4,4.0,0.0,0.8,0.1,58.1,60.8,63.5,60.8,2.0,5.6,4.0,0.0,0.8,0.1,-6.6,-5.3,-4.0,-5.3,2.0,2.7,4.0,0.0,0.8,0.1,-6.5,-0.4,5.8,-0.4,2.0,12.7,4.0,0.0,0.8,0.1,233.5,804.5,1215.0,1095.0,7.0,1182.5,12.0,0.4,0.5,0.4,235.0,805.0,1215.0,1095.0,7.0,1185.0,12.0,0.4,0.5,0.4
1974,2,203.0,44.0,7.59,8.5,9.08,8.23,6.0,1.24,10.0,0.7,0.8,0.7,5.0,8.0,10.0,7.69,9.0,2.5,12.0,0.7,0.8,0.5,5.45,6.66,6.95,6.26,5.0,0.92,6.0,0.6,0.7,0.7,80.4,84.8,95.5,87.2,5.0,9.7,6.0,0.6,0.7,9.43,11.3,18.6,13.04,9.0,4.9,12.0,0.7,0.8,0.5,-3.05,6.11,10.48,4.54,9.0,7.43,12.0,0.7,0.8,0.5,-7.66,1.96,11.76,1.27,9.0,11.63,12.0,0.7,0.8,0.5,1003.79,1011.0,1021.0,1012.88,9.0,8.08,12.0,0.7,0.8,0.5,6.0,7.0,8.0,6.5,8.0,2.0,12.0,0.6,0.9,0.5,-31.8,73.7,113.8,55.1,9.0,115.9,12.0,0.7,0.8,0.5,-100.6,22.2,144.0,4.4,9.0,207.6,12.0,0.7,0.8,0.5,-2.37,-0.3,1.83,0.03,6.0,2.84,10.0,0.7,0.8,0.7,-16.6,-3.9,33.1,9.5,6.0,41.2,10.0,0.7,0.8,0.7,-0.02,0.25,0.92,0.46,5.0,0.73,6.0,0.6,0.7,0.7,-0.3,3.2,12.7,6.0,5.0,8.4,6.0,0.6,0.7,0.7,-30.5,34.7,82.8,27.3,9.0,53.8,12.0,0.7,0.8,0.5,-36.7,15.7,117.6,28.3,9.0,80.6,12.0,0.7,0.8,0.5,-26.0,35.2,56.5,18.1,5.0,45.5,6.0,0.6,0.7,0.7,8.4,21.8,101.0,49.4,5.0,51.8,6.0,0.6,0.7,0.7,-2.1,-0.6,7.2,2.9,5.0,9.1,6.0,0.6,0.7,0.7,-0.2,3.1,5.2,2.9,5.0,3.5,6.0,0.6,0.7,0.7,841.0,1443.0,6454.5,3088.0,9.0,3087.0,12.0,0.7,0.8,0.5,840.0,1445.0,6455.0,3090.0,9.0,3085.0,12.0,0.7,0.8,0.5
1974,2,203.0,45.0,4.0,4.0,4.0,4.0,1.0,0.0,16.0,1.0,0.5,0.6,5.5,5.5,5.5,5.5,1.0,0.0,16.0,1.0,0.5,0.6,4.41,4.41,4.41,4.41,1.0,0.0,16.0,1.0,0.5,0.6,79.3,79.3,79.3,79.3,1.0,0.0,16.0,1.0,0.6,2.6,2.6,2.6,2.6,1.0,0.0,16.0,1.0,0.5,0.6,1.3,1.3,1.3,1.3,1.0,0.0,16.0,1.0,0.5,0.6,2.25,2.25,2.25,2.25,1.0,0.0,16.0,1.0,0.5,0.6,1016.5,1016.5,1016.5,1016.5,1.0,0.0,16.0,1.0,0.5,0.6,8.0,8.0,8.0,8.0,1.0,0.0,16.0,1.0,0.5,0.6,3.4,3.4,3.4,3.4,1.0,0.0,16.0,1.0,0.5,0.6,5.9,5.9,5.9,5.9,1.0,0.0,16.0,1.0,0.5,0.6,-1.5,-1.5,-1.5,-1.5,1.0,0.0,16.0,1.0,0.5,0.6,-3.9,-3.9,-3.9,-3.9,1.0,0.0,16.0,1.0,0.5,0.6,0.6,0.6,0.6,0.6,1.0,0.0,16.0,1.0,0.5,0.6,1.6,1.6,1.6,1.6,1.0,0.0,16.0,1.0,0.5,0.6,7.2,7.2,7.2,7.2,1.0,0.0,16.0,1.0,0.5,0.6,12.4,12.4,12.4,12.4,1.0,0.0,16.0,1.0,0.5,0.6,5.7,5.7,5.7,5.7,1.0,0.0,16.0,1.0,0.5,0.6,9.9,9.9,9.9,9.9,1.0,0.0,16.0,1.0,0.5,0.6,0.8,0.8,0.8,0.8,1.0,0.0,16.0,1.0,0.5,0.6,1.4,1.4,1.4,1.4,1.0,0.0,16.0,1.0,0.5,0.6,17.5,17.5,17.5,17.5,1.0,0.0,16.0,1.0,0.5,0.6,20.0,20.0,20.0,20.0,1.0,0.0,16.0,1.0,0.5,0.6
1974,2,203.0,46.0,5.79,7.1,7.84,6.83,6.0,1.14,12.0,0.8,0.5,0.3,3.9,8.0,9.43,6.77,7.0,3.09,14.0,0.9,0.5,0.4,3.66,5.3,6.39,5.1,6.0,1.49,12.0,0.8,0.5,0.3,67.4,73.6,93.0,78.1,6.0,12.3,12.0,0.8,0.3,7.68,12.9,16.7,12.94,7.0,4.77,14.0,0.9,0.5,0.4,0.0,7.05,9.59,6.56,7.0,5.62,14.0,0.9,0.5,0.4,-9.85,0.0,13.21,2.25,7.0,11.42,14.0,0.9,0.5,0.4,999.97,1007.5,1018.29,1008.29,7.0,9.56,14.0,0.9,0.5,0.4,5.4,7.5,8.0,6.7,6.0,2.0,16.0,0.8,0.4,0.4,0.0,63.8,151.0,95.7,7.0,95.1,14.0,0.9,0.5,0.4,-112.9,0.0,177.5,42.9,7.0,189.8,14.0,0.9,0.5,0.4,-2.17,-0.8,1.41,-0.4,6.0,2.17,12.0,0.8,0.5,0.3,-25.6,-10.3,22.0,-3.9,6.0,30.4,12.0,0.8,0.5,0.3,0.32,1.0,2.06,1.1,6.0,1.0,12.0,0.8,0.5,0.3,1.9,12.9,32.9,15.5,6.0,15.8,12.0,0.8,0.5,0.3,0.0,22.6,77.2,37.5,7.0,35.5,14.0,0.9,0.5,0.4,-22.9,0.0,123.8,39.6,7.0,81.2,14.0,0.9,0.5,0.4,0.0,32.7,44.5,27.9,6.0,24.5,12.0,0.8,0.5,0.3,-15.4,22.5,93.0,32.7,6.0,56.3,12.0,0.8,0.5,0.3,0.0,7.5,24.5,11.6,6.0,13.0,12.0,0.8,0.5,0.3,-10.0,-2.1,6.0,-2.9,6.0,14.0,12.0,0.8,0.5,0.3,452.5,2146.5,4695.5,2948.5,7.0,2935.5,14.0,0.9,0.5,0.4,455.0,2145.0,4695.0,2950.0,7.0,2935.0,14.0,0.9,0.5,0.4
1974,2,203.0,47.0,5.16,6.0,7.58,6.16,9.0,1.7,14.0,0.6,0.5,0.5,2.82,5.85,7.24,5.2,8.0,2.33,14.0,0.6,0.5,0.5,3.26,5.33,5.86,4.75,8.0,1.27,14.0,0.6,0.5,0.5,70.7,89.6,92.7,84.5,8.0,11.4,14.0,0.6,0.5,6.6,13.4,17.87,13.28,9.0,6.4,14.0,0.6,0.5,0.5,3.1,8.25,12.23,7.37,9.0,5.32,14.0,0.6,0.5,0.5,-15.24,4.58,7.07,-3.38,9.0,11.71,14.0,0.6,0.5,0.5,1002.58,1014.5,1018.54,1011.73,9.0,7.98,14.0,0.6,0.5,0.5,3.8,6.0,8.0,5.4,7.0,2.8,14.0,0.7,0.5,0.5,19.2,136.1,189.3,124.9,9.0,126.0,14.0,0.6,0.5,0.5,-268.5,33.3,60.8,-105.5,9.0,201.1,14.0,0.6,0.5,0.5,-0.98,0.25,3.87,0.98,8.0,2.3,14.0,0.6,0.5,0.5,-7.3,1.9,53.2,19.2,8.0,32.9,14.0,0.6,0.5,0.5,0.05,1.09,2.15,1.15,8.0,1.08,14.0,0.6,0.5,0.5,0.3,14.7,36.7,17.9,8.0,18.7,14.0,0.6,0.5,0.5,20.9,23.6,25.2,25.3,8.0,17.3,14.0,0.6,0.5,0.5,-41.1,29.4,54.7,13.0,8.0,43.9,14.0,0.6,0.5,0.5,17.5,22.6,38.9,26.4,8.0,18.7,14.0,0.6,0.5,0.5,-46.6,26.6,43.9,5.0,8.0,43.9,14.0,0.6,0.5,0.5,0.0,6.6,24.2,10.9,8.0,12.3,14.0,0.6,0.5,0.5,-28.0,-0.6,5.3,-9.2,8.0,18.4,14.0,0.6,0.5,0.5,297.0,2406.0,5704.5,3877.5,9.0,4762.5,14.0,0.6,0.5,0.5,295.0,2405.0,5705.0,3875.0,9.0,4760.0,14.0,0.6,0.5,0.5
1974,2,203.0,48.0,4.49,5.0,6.29,5.2,6.0,1.26,20.0,0.7,0.6,0.6,0.92,3.5,7.04,3.57,6.0,3.39,20.0,0.7,0.6,0.6,3.7,3.99,5.6,4.53,5.0,1.08,20.0,0.8,0.7,0.5,78.5,87.1,92.1,85.1,5.0,8.8,20.0,0.8,0.5,7.48,9.3,13.47,9.93,7.0,3.93,22.0,0.7,0.6,0.6,-3.29,7.12,8.66,3.13,7.0,6.85,22.0,0.7,0.6,0.6,-10.32,-0.54,6.26,-1.3,7.0,8.37,22.0,0.7,0.6,0.6,999.78,1013.3,1015.76,1009.83,7.0,9.41,22.0,0.7,0.6,0.6,6.6,8.0,8.0,7.3,6.0,1.2,22.0,0.7,0.6,0.7,-12.6,59.3,116.7,42.8,7.0,75.8,22.0,0.7,0.6,0.6,-139.1,-1.7,59.6,-22.5,7.0,107.0,22.0,0.7,0.6,0.6,-0.39,1.5,3.73,1.63,6.0,2.35,20.0,0.7,0.6,0.6,-3.3,7.1,45.2,15.7,6.0,24.6,20.0,0.7,0.6,0.6,0.51,1.39,1.64,1.12,5.0,0.74,20.0,0.8,0.7,0.5,6.0,11.5,22.4,13.4,5.0,10.0,20.0,0.8,0.7,0.5,3.1,16.0,41.1,21.0,6.0,20.1,20.0,0.7,0.6,0.6,-16.9,0.3,51.2,14.7,6.0,40.3,20.0,0.7,0.6,0.6,18.7,29.9,39.7,28.0,5.0,16.6,20.0,0.8,0.7,0.5,-39.2,0.0,45.8,3.6,5.0,46.4,20.0,0.8,0.7,0.5,0.0,11.5,14.4,8.2,5.0,7.7,20.0,0.8,0.7,0.5,-17.2,0.0,3.5,-5.2,5.0,12.1,20.0,0.8,0.7,0.5,436.0,804.5,2449.0,1350.5,7.0,1167.0,22.0,0.7,0.6,0.6,435.0,805.0,2450.0,1350.0,7.0,1165.0,22.0,0.7,0.6,0.6
1974,2,203.0,49.0,5.06,6.7,7.37,6.36,5.0,1.29,8.0,0.4,0.5,0.5,2.57,5.3,7.72,5.1,6.0,3.82,12.0,0.5,0.6,0.5,4.36,5.25,5.96,5.2,6.0,1.13,12.0,0.5,0.6,0.5,87.8,92.2,100.0,93.3,6.0,5.6,12.0,0.5,0.5,6.99,8.45,11.18,9.43,6.0,3.68,12.0,0.5,0.6,0.5,1.53,5.13,7.79,5.26,6.0,6.35,12.0,0.5,0.6,0.5,0.9,4.31,8.02,3.62,6.0,5.58,12.0,0.5,0.6,0.5,991.57,1002.15,1012.22,1001.88,6.0,10.72,12.0,0.5,0.6,0.5,7.0,7.0,8.0,7.4,5.0,0.5,12.0,0.6,0.5,0.6,11.5,34.6,94.0,62.7,6.0,104.6,12.0,0.5,0.6,0.5,7.6,40.3,68.8,33.5,6.0,50.5,12.0,0.5,0.6,0.5,-2.18,0.1,1.98,0.04,5.0,2.43,8.0,0.4,0.5,0.5,-16.8,0.7,26.8,6.1,5.0,31.6,8.0,0.4,0.5,0.5,-0.1,0.45,0.94,0.48,5.0,0.79,8.0,0.4,0.5,0.5,-1.0,3.2,13.1,6.7,5.0,13.0,8.0,0.4,0.5,0.5,-11.7,21.6,38.1,15.4,6.0,32.2,12.0,0.5,0.6,0.5,9.3,25.5,54.2,34.6,6.0,33.1,12.0,0.5,0.6,0.5,7.9,22.7,37.7,23.5,6.0,31.2,12.0,0.5,0.6,0.5,5.5,22.6,48.0,23.7,6.0,29.5,12.0,0.5,0.6,0.5,0.6,1.3,12.2,6.7,5.0,12.5,8.0,0.4,0.5,0.5,-0.9,2.1,4.1,1.6,5.0,3.0,8.0,0.4,0.5,0.5,345.5,605.0,1674.5,1209.0,6.0,1626.5,12.0,0.5,0.6,0.5,345.0,605.0,1675.0,1210.0,6.0,1625.0,12.0,0.5,0.6,0.5
1974,2,203.0,50.0,6.19,6.6,6.87,6.53,3.0,0.5,10.0,0.3,0.5,0.5,2.95,4.2,4.71,3.85,4.0,1.3,14.0,0.5,0.6,0.6,3.06,4.0,4.58,3.83,3.0,1.13,10.0,0.3,0.5,0.5,65.5,77.9,87.9,76.8,3.0,16.4,10.0,0.3,0.5,8.94,10.55,13.79,11.33,4.0,3.71,14.0,0.5,0.6,0.6,2.87,9.53,10.39,6.76,4.0,6.3,14.0,0.5,0.6,0.6,-9.07,-0.73,5.55,-1.72,4.0,8.95,14.0,0.5,0.6,0.6,995.74,1000.65,1004.36,1000.08,4.0,5.86,14.0,0.5,0.6,0.6,4.3,7.0,7.7,6.0,3.0,2.6,16.0,0.3,0.5,0.5,33.1,100.7,143.9,89.1,4.0,81.2,14.0,0.5,0.6,0.6,-134.5,-6.6,48.2,-41.5,4.0,121.3,14.0,0.5,0.6,0.6,2.06,2.2,4.11,3.07,3.0,1.68,10.0,0.3,0.5,0.5,18.4,21.6,63.2,40.3,3.0,36.6,10.0,0.3,0.5,0.5,1.47,1.91,3.07,2.26,3.0,1.22,10.0,0.3,0.5,0.5,13.2,20.6,47.3,30.0,3.0,26.3,10.0,0.3,0.5,0.5,4.0,30.9,42.7,23.7,4.0,25.6,14.0,0.5,0.6,0.6,-25.5,-5.3,23.7,-1.1,4.0,29.0,14.0,0.5,0.6,0.6,0.1,27.8,36.5,18.5,3.0,27.9,10.0,0.3,0.5,0.5,-18.0,14.8,28.7,5.6,3.0,35.1,10.0,0.3,0.5,0.5,3.9,19.3,32.3,18.1,3.0,20.9,10.0,0.3,0.5,0.5,-29.0,7.0,8.5,-9.8,3.0,31.1,10.0,0.3,0.5,0.5,759.5,1176.0,2953.0,1825.5,4.0,1811.5,14.0,0.5,0.6,0.6,760.0,1175.0,2955.0,1825.0,4.0,1810.0,14.0,0.5,0.6,0.6
1974,2,203.0,51.0,3.9,4.0,5.0,4.25,6.0,0.61,14.0,0.7,0.6,0.2,-0.37,3.0,4.91,2.5,5.0,3.04,14.0,0.6,0.6,0.2,3.69,4.04,4.97,4.27,5.0,0.71,14.0,0.6,0.6,0.2,82.7,100.0,100.0,92.8,5.0,9.9,14.0,0.6,0.2,4.48,8.2,14.5,8.82,6.0,5.42,14.0,0.7,0.6,0.2,-1.98,4.79,7.41,3.31,6.0,7.81,14.0,0.7,0.6,0.2,-4.0,-1.74,4.02,-0.38,6.0,6.96,14.0,0.7,0.6,0.2,990.19,1001.35,1011.71,1001.03,6.0,10.34,14.0,0.7,0.6,0.2,5.8,7.5,8.0,7.0,6.0,1.3,14.0,0.7,0.6,0.2,-29.5,24.4,92.8,29.0,6.0,111.6,14.0,0.7,0.6,0.2,-51.4,-8.9,38.6,1.7,6.0,92.3,14.0,0.7,0.6,0.2,-0.23,1.0,4.37,1.8,5.0,2.66,14.0,0.6,0.6,0.2,-7.2,14.9,22.3,8.1,5.0,18.9,14.0,0.6,0.6,0.2,0.53,0.93,1.35,0.94,5.0,0.46,14.0,0.6,0.6,0.2,4.3,6.4,8.2,6.1,5.0,2.7,14.0,0.6,0.6,0.2,-17.0,0.0,33.7,9.8,5.0,48.7,14.0,0.6,0.6,0.2,-5.9,1.7,20.7,7.5,5.0,23.0,14.0,0.6,0.6,0.2,-18.0,16.8,36.7,10.9,5.0,42.5,14.0,0.6,0.6,0.2,-8.6,-6.1,26.9,8.5,5.0,29.2,14.0,0.6,0.6,0.2,-1.3,6.0,7.8,3.7,5.0,5.3,14.0,0.6,0.6,0.2,-2.4,-1.5,2.8,0.0,5.0,3.0,14.0,0.6,0.6,0.2,107.0,788.0,3052.5,1335.0,6.0,1502.0,14.0,0.7,0.6,0.2,105.0,790.0,3050.0,1335.0,6.0,1500.0,14.0,0.7,0.6,0.2
1974,2,203.0,52.0,3.24,4.0,5.29,4.16,10.0,0.98,8.0,0.5,0.7,0.5,2.12,4.0,5.07,3.73,11.0,2.34,8.0,0.5,0.7,0.5,3.43,4.11,4.99,4.22,11.0,0.93,8.0,0.5,0.7,0.5,70.4,87.2,91.3,83.2,11.0,10.5,8.0,0.5,0.5,9.02,13.2,16.82,13.11,12.0,4.62,10.0,0.5,0.7,0.4,-6.3,2.45,12.23,2.47,12.0,8.3,10.0,0.5,0.7,0.4,-3.36,6.76,11.58,4.68,12.0,10.46,10.0,0.5,0.7,0.4,990.37,996.6,1001.31,996.77,12.0,7.47,10.0,0.5,0.7,0.4,5.8,8.0,8.0,7.1,11.0,1.8,10.0,0.5,0.7,0.5,-64.7,15.9,154.0,41.8,12.0,121.0,10.0,0.5,0.7,0.4,-45.0,73.3,171.3,74.0,12.0,185.2,10.0,0.5,0.7,0.4,-1.17,0.95,3.07,0.86,10.0,2.25,8.0,0.5,0.7,0.5,-15.6,13.9,43.9,9.7,10.0,35.3,8.0,0.5,0.7,0.5,0.27,1.16,1.83,1.12,10.0,0.89,8.0,0.5,0.7,0.5,3.3,13.7,31.1,15.6,10.0,15.1,8.0,0.5,0.7,0.5,-28.4,5.4,41.4,5.7,11.0,38.2,8.0,0.5,0.7,0.5,3.6,29.4,50.8,32.5,11.0,36.9,8.0,0.5,0.7,0.5,-33.2,7.6,48.8,6.7,11.0,37.7,8.0,0.5,0.7,0.5,-16.6,39.3,45.6,24.9,11.0,43.7,8.0,0.5,0.7,0.5,-2.3,3.2,15.5,6.0,10.0,11.1,8.0,0.5,0.7,0.5,-16.4,3.8,13.2,-0.4,10.0,18.3,8.0,0.5,0.7,0.5,740.0,2301.5,4883.0,3047.5,12.0,3063.0,10.0,0.5,0.7,0.4,740.0,2300.0,4885.0,3045.0,12.0,3065.0,10.0,0.5,0.7,0.4
1974,2,203.0,53.0,3.0,4.0,5.0,4.11,10.0,0.92,10.0,0.3,0.6,0.6,0.13,3.4,5.46,2.71,9.0,2.9,10.0,0.2,0.7,0.5,3.29,3.82,4.69,4.05,9.0,0.76,10.0,0.2,0.7,0.5,74.1,88.6,98.7,86.6,9.0,11.3,10.0,0.2,0.5,8.15,12.9,18.25,13.31,13.0,6.04,12.0,0.4,0.6,0.6,-1.79,7.24,12.76,5.87,13.0,8.02,12.0,0.4,0.6,0.6,-8.54,1.35,15.29,2.5,13.0,10.95,12.0,0.4,0.6,0.6,996.42,1001.5,1005.62,1000.86,13.0,6.97,12.0,0.4,0.6,0.6,8.0,8.0,8.0,8.0,10.0,0.0,12.0,0.3,0.6,0.6,-14.0,55.7,214.4,111.4,13.0,144.5,12.0,0.4,0.6,0.6,-75.8,2.8,288.5,58.7,13.0,192.3,12.0,0.4,0.6,0.6,-1.19,1.5,3.6,1.52,9.0,3.08,10.0,0.2,0.7,0.5,-8.0,22.7,29.8,10.8,9.0,30.2,10.0,0.2,0.7,0.5,0.34,1.37,1.94,1.14,9.0,0.86,10.0,0.2,0.7,0.5,4.7,12.9,26.1,14.1,9.0,13.0,10.0,0.2,0.7,0.5,-8.7,6.3,49.6,13.6,9.0,31.9,10.0,0.2,0.7,0.5,-1.7,32.9,59.1,35.3,9.0,36.6,10.0,0.2,0.7,0.5,-12.5,22.7,47.4,22.5,9.0,38.4,10.0,0.2,0.7,0.5,-4.9,41.7,68.3,33.3,9.0,34.5,10.0,0.2,0.7,0.5,-2.2,6.3,18.0,8.0,9.0,10.3,10.0,0.2,0.7,0.5,-3.6,5.3,20.4,7.7,9.0,12.2,10.0,0.2,0.7,0.5,542.5,2146.5,6110.0,3691.5,13.0,3933.0,12.0,0.4,0.6,0.6,540.0,2145.0,6110.0,3690.0,13.0,3935.0,12.0,0.4,0.6,0.6
1974,2,203.0,54.0,2.22,3.0,5.0,3.42,9.0,1.58,12.0,0.4,0.7,0.4,-3.23,3.25,4.07,0.98,10.0,3.82,14.0,0.5,0.7,0.4,2.67,4.16,4.64,3.91,9.0,1.08,12.0,0.6,0.7,0.4,84.0,87.9,99.1,90.2,9.0,7.3,12.0,0.6,0.4,9.59,10.8,16.24,12.12,11.0,3.32,14.0,0.5,0.7,0.4,-6.04,4.35,10.44,3.24,11.0,7.54,14.0,0.5,0.7,0.4,-11.52,-7.26,8.72,-1.68,11.0,10.05,14.0,0.5,0.7,0.4,992.21,1003.8,1010.88,1001.4,11.0,9.95,14.0,0.5,0.7,0.4,5.9,8.0,8.0,7.0,7.0,1.5,14.0,0.6,0.7,0.4,-65.2,37.8,170.9,54.9,11.0,111.4,14.0,0.5,0.7,0.4,-187.2,-82.1,92.1,-40.5,11.0,133.6,14.0,0.5,0.7,0.4,-2.19,1.5,5.0,1.89,9.0,3.68,12.0,0.4,0.7,0.4,-23.7,16.2,55.8,17.7,9.0,40.0,12.0,0.4,0.7,0.4,-0.6,1.15,2.0,0.89,8.0,1.24,10.0,0.5,0.7,0.4,-9.3,11.7,21.6,8.5,8.0,13.6,10.0,0.5,0.7,0.4,-25.8,-16.3,11.2,-11.0,10.0,25.4,14.0,0.5,0.7,0.4,16.1,29.2,46.4,25.3,10.0,25.7,14.0,0.5,0.7,0.4,-29.5,0.0,34.8,4.1,9.0,29.6,12.0,0.6,0.7,0.4,-29.9,33.6,39.6,7.7,9.0,39.2,12.0,0.6,0.7,0.4,-7.3,0.0,5.4,0.5,8.0,8.9,10.0,0.5,0.7,0.4,-14.5,6.9,11.0,0.0,8.0,13.7,10.0,0.5,0.7,0.4,884.5,1259.5,4389.5,2175.0,11.0,1943.5,14.0,0.5,0.7,0.4,885.0,1260.0,4390.0,2175.0,11.0,1945.0,14.0,0.5,0.7,0.4
1974,2,203.0,55.0,1.46,3.6,5.0,3.66,13.0,1.81,16.0,0.2,0.6,0.4,-1.41,3.0,4.54,1.95,11.0,3.38,16.0,0.2,0.6,0.3,3.06,4.36,4.58,3.87,5.0,1.13,12.0,0.2,0.8,0.5,83.0,91.8,97.8,89.8,5.0,11.7,12.0,0.2,0.5,7.67,10.3,17.0,11.73,13.0,5.0,16.0,0.2,0.6,0.4,-0.15,6.43,11.16,5.18,13.0,6.02,16.0,0.2,0.6,0.4,-14.53,0.0,6.74,-2.53,13.0,10.09,16.0,0.2,0.6,0.4,996.64,1005.3,1012.01,1005.02,13.0,7.48,16.0,0.2,0.6,0.4,2.6,6.0,8.0,5.4,11.0,2.7,18.0,0.3,0.5,0.3,-0.7,64.0,150.6,72.3,13.0,94.8,16.0,0.2,0.6,0.4,-215.2,0.0,69.4,-52.1,13.0,160.7,16.0,0.2,0.6,0.4,-1.15,2.0,5.21,1.95,11.0,3.64,16.0,0.2,0.6,0.3,-9.3,17.5,64.3,28.4,11.0,45.8,16.0,0.2,0.6,0.3,0.66,1.11,1.87,1.19,5.0,0.82,12.0,0.2,0.8,0.5,3.1,11.1,21.6,12.9,5.0,13.2,12.0,0.2,0.8,0.5,-14.0,0.0,29.4,6.0,11.0,29.0,16.0,0.2,0.6,0.3,-6.1,13.0,29.3,8.9,11.0,22.9,16.0,0.2,0.6,0.3,-15.0,7.8,23.9,4.1,5.0,22.6,12.0,0.2,0.8,0.5,-20.1,18.8,26.2,6.8,5.0,25.5,12.0,0.2,0.8,0.5,-3.7,-0.1,16.6,5.6,5.0,13.2,12.0,0.2,0.8,0.5,-13.9,-0.3,6.1,-3.6,5.0,12.2,12.0,0.2,0.8,0.5,472.5,1092.5,4913.0,2447.5,13.0,2608.5,16.0,0.2,0.6,0.4,470.0,1095.0,4915.0,2450.0,13.0,2610.0,16.0,0.2,0.6,0.4
1974,2,203.0,56.0,1.49,2.8,4.0,2.76,7.0,1.09,14.0,0.6,0.4,0.5,-1.4,3.15,3.67,1.23,4.0,4.44,8.0,0.5,0.4,0.5,2.86,3.48,4.09,3.47,4.0,0.87,8.0,0.5,0.4,0.5,69.7,81.1,93.8,81.7,4.0,13.9,8.0,0.5,0.5,13.68,16.5,20.72,16.69,7.0,4.51,14.0,0.6,0.4,0.5,-7.26,10.3,13.28,5.24,7.0,10.85,14.0,0.6,0.4,0.5,-15.0,-4.75,12.09,-1.8,7.0,13.84,14.0,0.6,0.4,0.5,985.19,1002.0,1004.81,997.4,7.0,10.93,14.0,0.6,0.4,0.5,4.9,8.0,8.0,6.6,5.0,2.2,14.0,0.4,0.5,0.5,-70.4,181.6,221.6,113.2,7.0,194.3,14.0,0.6,0.4,0.5,-324.9,-66.1,190.6,-43.3,7.0,263.2,14.0,0.6,0.4,0.5,-0.26,0.5,3.93,1.78,4.0,3.28,8.0,0.5,0.4,0.5,-2.4,7.7,64.4,29.9,4.0,53.4,8.0,0.5,0.4,0.5,0.85,1.62,1.78,1.33,4.0,0.74,8.0,0.5,0.4,0.5,14.5,28.3,30.0,22.5,4.0,13.7,8.0,0.5,0.4,0.5,-49.9,-26.6,10.4,-20.1,4.0,45.4,8.0,0.5,0.4,0.5,27.2,46.3,64.7,45.9,4.0,22.9,8.0,0.5,0.4,0.5,-32.6,-0.8,34.0,0.6,4.0,38.5,8.0,0.5,0.4,0.5,-0.6,33.2,52.5,26.3,4.0,38.0,8.0,0.5,0.4,0.5,-10.4,7.0,18.8,4.3,4.0,18.0,8.0,0.5,0.4,0.5,-8.8,11.6,24.6,8.1,4.0,20.7,8.0,0.5,0.4,0.5,2595.5,4492.0,8913.0,5505.0,7.0,3907.5,14.0,0.6,0.4,0.5,2595.0,4490.0,8915.0,5505.0,7.0,3910.0,14.0,0.6,0.4,0.5
1974,2,203.0,57.0,,,,,,,,,,,,,,,,,,,,,,,,,,,,,,,,,,,,,,,,8.59,12.0,19.58,14.03,3.0,8.24,10.0,0.7,0.6,0.6,-1.37,4.5,13.51,6.03,3.0,10.98,10.0,0.7,0.6,0.6,-11.84,-5.36,6.0,-2.98,3.0,13.22,10.0,0.7,0.6,0.6,1004.2,1008.5,1009.39,1006.83,3.0,4.06,10.0,0.7,0.6,0.6,,,,,,,,,,,,,,,,,,,,,,,,,,,,,,,,,,,,,,,,,,,,,,,,,,,,,,,,,,,,,,,,,,,,,,,,,,,,,,,,,,,,,,,,,,,,,,,,,,,,,,,,,,,,,,,,,,,,,,,,,,,,,,,,,,,,,,,,,,,,,,,,,,,,,,
1974,2,204.0,-72.0,0.1,0.1,0.1,0.1,1.0,0.0,20.0,1.0,0.6,0.2,-2.5,-2.5,-2.5,-2.5,1.0,0.0,20.0,1.0,0.6,0.2,2.66,2.66,2.66,2.66,1.0,0.0,20.0,1.0,0.6,0.2,81.7,81.7,81.7,81.7,1.0,0.0,20.0,1.0,0.2,7.2,7.2,7.2,7.2,1.0,0.0,20.0,1.0,0.6,0.2,1.25,1.25,1.25,1.25,1.0,0.0,20.0,1.0,0.6,0.2,7.09,7.09,7.09,7.09,1.0,0.0,20.0,1.0,0.6,0.2,977.1,977.1,977.1,977.1,1.0,0.0,20.0,1.0,0.6,0.2,8.0,8.0,8.0,8.0,1.0,0.0,20.0,1.0,0.6,0.2,9.0,9.0,9.0,9.0,1.0,0.0,20.0,1.0,0.6,0.2,51.1,51.1,51.1,51.1,1.0,0.0,20.0,1.0,0.6,0.2,2.6,2.6,2.6,2.6,1.0,0.0,20.0,1.0,0.6,0.2,18.7,18.7,18.7,18.7,1.0,0.0,20.0,1.0,0.6,0.2,1.28,1.28,1.28,1.28,1.0,0.0,20.0,1.0,0.6,0.2,9.2,9.2,9.2,9.2,1.0,0.0,20.0,1.0,0.6,0.2,-3.1,-3.1,-3.1,-3.1,1.0,0.0,20.0,1.0,0.6,0.2,-17.7,-17.7,-17.7,-17.7,1.0,0.0,20.0,1.0,0.6,0.2,3.3,3.3,3.3,3.3,1.0,0.0,20.0,1.0,0.6,0.2,18.9,18.9,18.9,18.9,1.0,0.0,20.0,1.0,0.6,0.2,1.6,1.6,1.6,1.6,1.0,0.0,20.0,1.0,0.6,0.2,9.1,9.1,9.1,9.1,1.0,0.0,20.0,1.0,0.6,0.2,373.0,373.0,373.0,373.0,1.0,0.0,20.0,1.0,0.6,0.2,375.0,375.0,375.0,375.0,1.0,0.0,20.0,1.0,0.6,0.2
1974,2,204.0,-62.0,1.0,1.0,1.05,1.03,4.0,0.05,14.0,0.8,0.4,0.3,1.44,1.8,2.0,1.73,4.0,0.39,14.0,0.8,0.4,0.3,3.9,4.04,4.11,4.01,3.0,0.16,14.0,0.7,0.5,0.4,87.6,89.8,94.3,90.9,3.0,5.1,14.0,0.7,0.4,10.54,11.55,13.14,11.83,4.0,1.62,14.0,0.8,0.4,0.3,10.21,11.1,12.27,11.24,4.0,1.41,14.0,0.8,0.4,0.3,-1.85,2.3,4.68,1.46,4.0,3.99,14.0,0.8,0.4,0.3,972.1,975.1,975.65,973.9,3.0,2.8,14.0,0.7,0.5,0.4,7.3,8.0,8.0,7.7,3.0,0.6,14.0,0.7,0.5,0.4,107.8,128.5,161.9,134.5,4.0,35.5,14.0,0.8,0.4,0.3,-19.0,28.3,61.6,21.6,4.0,48.4,14.0,0.8,0.4,0.3,-0.96,-0.75,-0.44,-0.7,4.0,0.37,14.0,0.8,0.4,0.3,-11.0,-7.9,-5.1,-8.0,4.0,4.4,14.0,0.8,0.4,0.3,0.13,0.21,0.33,0.23,3.0,0.15,14.0,0.7,0.5,0.4,1.5,2.2,3.5,2.5,3.0,1.5,14.0,0.7,0.5,0.4,17.0,18.4,21.3,19.1,4.0,3.5,14.0,0.8,0.4,0.3,-3.5,2.9,7.8,2.2,4.0,7.1,14.0,0.8,0.4,0.3,39.8,41.5,50.1,44.9,3.0,8.1,14.0,0.7,0.5,0.4,-9.7,0.0,13.5,1.8,3.0,17.0,14.0,0.7,0.5,0.4,1.5,2.0,3.4,2.4,3.0,1.5,14.0,0.7,0.5,0.4,-0.5,0.0,0.3,-0.1,3.0,0.6,14.0,0.7,0.5,0.4,1172.0,1560.5,2293.0,1724.5,4.0,720.5,14.0,0.8,0.4,0.3,1170.0,1560.0,2295.0,1725.0,4.0,720.0,14.0,0.8,0.4,0.3
1974,2,204.0,-61.0,1.2,1.2,1.2,1.2,1.0,0.0,16.0,1.0,1.0,0.5,2.0,2.0,2.0,2.0,1.0,0.0,16.0,1.0,1.0,0.5,4.22,4.22,4.22,4.22,1.0,0.0,16.0,1.0,1.0,0.5,93.1,93.1,93.1,93.1,1.0,0.0,16.0,1.0,0.5,9.3,9.3,9.3,9.3,1.0,0.0,16.0,1.0,1.0,0.5,8.74,8.74,8.74,8.74,1.0,0.0,16.0,1.0,1.0,0.5,-3.18,-3.18,-3.18,-3.18,1.0,0.0,16.0,1.0,1.0,0.5,974.2,974.2,974.2,974.2,1.0,0.0,16.0,1.0,1.0,0.5,8.0,8.0,8.0,8.0,1.0,0.0,16.0,1.0,1.0,0.5,81.3,81.3,81.3,81.3,1.0,0.0,16.0,1.0,1.0,0.5,-29.6,-29.6,-29.6,-29.6,1.0,0.0,16.0,1.0,1.0,0.5,-0.8,-0.8,-0.8,-0.8,1.0,0.0,16.0,1.0,1.0,0.5,-7.4,-7.4,-7.4,-7.4,1.0,0.0,16.0,1.0,1.0,0.5,0.06,0.06,0.06,0.06,1.0,0.0,16.0,1.0,1.0,0.5,0.6,0.6,0.6,0.6,1.0,0.0,16.0,1.0,1.0,0.5,17.5,17.5,17.5,17.5,1.0,0.0,16.0,1.0,1.0,0.5,-6.4,-6.4,-6.4,-6.4,1.0,0.0,16.0,1.0,1.0,0.5,36.9,36.9,36.9,36.9,1.0,0.0,16.0,1.0,1.0,0.5,-13.4,-13.4,-13.4,-13.4,1.0,0.0,16.0,1.0,1.0,0.5,0.5,0.5,0.5,0.5,1.0,0.0,16.0,1.0,1.0,0.5,-0.2,-0.2,-0.2,-0.2,1.0,0.0,16.0,1.0,1.0,0.5,804.5,804.5,804.5,804.5,1.0,0.0,16.0,1.0,1.0,0.5,805.0,805.0,805.0,805.0,1.0,0.0,16.0,1.0,1.0,0.5
1974,2,204.0,-59.0,2.0,2.0,2.0,2.0,1.0,0.0,2.0,0.0,0.7,0.1,2.4,2.4,2.4,2.4,1.0,0.0,2.0,0.0,0.7,0.1,4.27,4.27,4.27,4.27,1.0,0.0,2.0,0.0,0.7,0.1,91.8,91.8,91.8,91.8,1.0,0.0,2.0,0.0,0.1,9.3,9.3,9.3,9.3,1.0,0.0,2.0,0.0,0.7,0.1,3.18,3.18,3.18,3.18,1.0,0.0,2.0,0.0,0.7,0.1,8.74,8.74,8.74,8.74,1.0,0.0,2.0,0.0,0.7,0.1,976.9,976.9,976.9,976.9,1.0,0.0,2.0,0.0,0.7,0.1,8.0,8.0,8.0,8.0,1.0,0.0,2.0,0.0,0.7,0.1,29.6,29.6,29.6,29.6,1.0,0.0,2.0,0.0,0.7,0.1,81.3,81.3,81.3,81.3,1.0,0.0,2.0,0.0,0.7,0.1,-0.4,-0.4,-0.4,-0.4,1.0,0.0,2.0,0.0,0.7,0.1,-3.7,-3.7,-3.7,-3.7,1.0,0.0,2.0,0.0,0.7,0.1,0.25,0.25,0.25,0.25,1.0,0.0,2.0,0.0,0.7,0.1,2.4,2.4,2.4,2.4,1.0,0.0,2.0,0.0,0.7,0.1,7.6,7.6,7.6,7.6,1.0,0.0,2.0,0.0,0.7,0.1,21.0,21.0,21.0,21.0,1.0,0.0,2.0,0.0,0.7,0.1,13.6,13.6,13.6,13.6,1.0,0.0,2.0,0.0,0.7,0.1,37.3,37.3,37.3,37.3,1.0,0.0,2.0,0.0,0.7,0.1,0.8,0.8,0.8,0.8,1.0,0.0,2.0,0.0,0.7,0.1,2.2,2.2,2.2,2.2,1.0,0.0,2.0,0.0,0.7,0.1,804.5,804.5,804.5,804.5,1.0,0.0,2.0,0.0,0.7,0.1,805.0,805.0,805.0,805.0,1.0,0.0,2.0,0.0,0.7,0.1
1974,2,204.0,-46.0,,,,,,,,,,,,,,,,,,,,,,,,,,,,,,,,,,,,,,,,10.0,10.0,10.0,10.0,1.0,0.0,6.0,0.0,1.0,0.8,9.85,9.85,9.85,9.85,1.0,0.0,6.0,0.0,1.0,0.8,-1.74,-1.74,-1.74,-1.74,1.0,0.0,6.0,0.0,1.0,0.8,1019.2,1019.2,1019.2,1019.2,1.0,0.0,6.0,0.0,1.0,0.8,,,,,,,,,,,,,,,,,,,,,,,,,,,,,,,,,,,,,,,,,,,,,,,,,,,,,,,,,,,,,,,,,,,,,,,,,,,,,,,,,,,,,,,,,,,,,,,,,,,,,,,,,,,,,,,,,,,,,,,,,,,,,,,,,,,,,,,,,,,,,,,,,,,,,,
1974,2,204.0,-41.0,17.8,17.8,17.8,17.8,1.0,0.0,28.0,0.0,1.0,0.5,14.5,14.5,14.5,14.5,1.0,0.0,28.0,0.0,1.0,0.5,8.0,8.0,8.0,8.0,1.0,0.0,28.0,0.0,1.0,0.5,79.0,79.0,79.0,79.0,1.0,0.0,28.0,0.0,0.5,0.0,0.0,0.0,0.0,1.0,0.0,28.0,0.0,1.0,0.5,0.0,0.0,0.0,0.0,1.0,0.0,28.0,0.0,1.0,0.5,0.0,0.0,0.0,0.0,1.0,0.0,28.0,0.0,1.0,0.5,1022.5,1022.5,1022.5,1022.5,1.0,0.0,28.0,0.0,1.0,0.5,8.0,8.0,8.0,8.0,1.0,0.0,28.0,0.0,1.0,0.5,0.0,0.0,0.0,0.0,1.0,0.0,28.0,0.0,1.0,0.5,0.0,0.0,0.0,0.0,1.0,0.0,28.0,0.0,1.0,0.5,3.3,3.3,3.3,3.3,1.0,0.0,28.0,0.0,1.0,0.5,0.0,0.0,0.0,0.0,1.0,0.0,28.0,0.0,1.0,0.5,4.54,4.54,4.54,4.54,1.0,0.0,28.0,0.0,1.0,0.5,0.0,0.0,0.0,0.0,1.0,0.0,28.0,0.0,1.0,0.5,0.0,0.0,0.0,0.0,1.0,0.0,28.0,0.0,1.0,0.5,0.0,0.0,0.0,0.0,1.0,0.0,28.0,0.0,1.0,0.5,0.0,0.0,0.0,0.0,1.0,0.0,28.0,0.0,1.0,0.5,0.0,0.0,0.0,0.0,1.0,0.0,28.0,0.0,1.0,0.5,0.0,0.0,0.0,0.0,1.0,0.0,28.0,0.0,1.0,0.5,0.0,0.0,0.0,0.0,1.0,0.0,28.0,0.0,1.0,0.5,0.0,0.0,0.0,0.0,1.0,0.0,28.0,0.0,1.0,0.5,0.0,0.0,0.0,0.0,1.0,0.0,28.0,0.0,1.0,0.5
1974,2,204.0,-40.0,17.97,18.35,18.73,18.35,2.0,0.78,20.0,0.5,0.8,0.4,16.13,16.4,16.67,16.4,2.0,0.57,20.0,0.5,0.8,0.4,7.59,9.1,10.6,9.1,2.0,3.11,20.0,0.5,0.8,0.4,65.7,79.6,93.5,79.6,2.0,28.8,20.0,0.5,0.4,5.0,6.95,8.9,6.95,2.0,4.03,20.0,0.5,0.8,0.4,-2.64,-1.57,-0.5,-1.57,2.0,2.22,20.0,0.5,0.8,0.4,-0.66,3.58,7.83,3.58,2.0,8.79,20.0,0.5,0.8,0.4,1014.77,1020.95,1027.13,1020.95,2.0,12.8,20.0,0.5,0.8,0.4,5.3,6.0,6.7,6.0,2.0,1.4,20.0,0.5,0.8,0.4,-10.8,-6.4,-2.0,-6.4,2.0,9.1,20.0,0.5,0.8,0.4,6.2,42.6,79.1,42.6,2.0,75.6,20.0,0.5,0.8,0.4,1.3,1.95,2.6,1.95,2.0,1.34,20.0,0.5,0.8,0.4,8.0,16.3,24.6,16.3,2.0,17.2,20.0,0.5,0.8,0.4,2.81,3.92,5.04,3.92,2.0,2.31,20.0,0.5,0.8,0.4,22.5,22.6,22.7,22.6,2.0,0.2,20.0,0.5,0.8,0.4,-44.4,-26.4,-8.4,-26.4,2.0,37.3,20.0,0.5,0.8,0.4,-12.4,56.3,124.9,56.3,2.0,142.2,20.0,0.5,0.8,0.4,-18.2,-10.8,-3.4,-10.8,2.0,15.3,20.0,0.5,0.8,0.4,2.3,46.3,90.3,46.3,2.0,91.1,20.0,0.5,0.8,0.4,-14.7,-8.7,-2.8,-8.7,2.0,12.3,20.0,0.5,0.8,0.4,-8.8,3.9,16.6,3.9,2.0,26.2,20.0,0.5,0.8,0.4,207.5,505.0,803.0,505.0,2.0,617.0,20.0,0.5,0.8,0.4,205.0,505.0,805.0,505.0,2.0,615.0,20.0,0.5,0.8,0.4
1974,2,204.0,-37.0,,,,,,,,,,,,,,,,,,,,,,,,,,,,,,,,,,,,,,,,3.6,3.6,3.6,3.6,1.0,0.0,16.0,0.0,0.4,0.1,-3.12,-3.12,-3.12,-3.12,1.0,0.0,16.0,0.0,0.4,0.1,1.8,1.8,1.8,1.8,1.0,0.0,16.0,0.0,0.4,0.1,1026.9,1026.9,1026.9,1026.9,1.0,0.0,16.0,0.0,0.4,0.1,5.0,5.0,5.0,5.0,1.0,0.0,16.0,0.0,0.4,0.1,-11.2,-11.2,-11.2,-11.2,1.0,0.0,16.0,0.0,0.4,0.1,6.5,6.5,6.5,6.5,1.0,0.0,16.0,0.0,0.4,0.1,,,,,,,,,,,,,,,,,,,,,,,,,,,,,,,,,,,,,,,,,-58.3,-58.3,-58.3,-58.3,1.0,0.0,16.0,0.0,0.4,0.1,33.7,33.7,33.7,33.7,1.0,0.0,16.0,0.0,0.4,0.1,-34.9,-34.9,-34.9,-34.9,1.0,0.0,16.0,0.0,0.4,0.1,20.2,20.2,20.2,20.2,1.0,0.0,16.0,0.0,0.4,0.1,,,,,,,,,,,,,,,,,,,,,,,,,,,,,,,,,,,,,,,,
1974,2,204.0,-35.0,,,,,,,,,,,,,,,,,,,,,,,,,,,,,,,,,,,,,,,,1.0,1.0,1.0,1.0,1.0,0.0,12.0,1.0,1.0,0.9,-0.98,-0.98,-0.98,-0.98,1.0,0.0,12.0,1.0,1.0,0.9,0.17,0.17,0.17,0.17,1.0,0.0,12.0,1.0,1.0,0.9,1024.4,1024.4,1024.4,1024.4,1.0,0.0,12.0,1.0,1.0,0.9,,,,,,,,,,,,,,,,,,,,,,,,,,,,,,,,,,,,,,,,,,,,,,,,,,,,,,,,,,,,,,,,,,,,,,,,,,,,,,,,,,,,,,,,,,,,,,,,,,,,,,,,,,,,,,,,,,,,,,,,,,,,,,,,,,,,,,,,,,,,,,,,,,,,,,
1974,2,204.0,-34.0,21.2,21.2,21.2,21.2,1.0,0.0,16.0,1.0,0.2,0.5,21.8,21.8,21.8,21.8,1.0,0.0,16.0,1.0,0.2,0.5,12.44,12.44,12.44,12.44,1.0,0.0,16.0,1.0,0.2,0.5,77.5,77.5,77.5,77.5,1.0,0.0,16.0,1.0,0.5,4.6,4.6,4.6,4.6,1.0,0.0,16.0,1.0,0.2,0.5,-4.32,-4.32,-4.32,-4.32,1.0,0.0,16.0,1.0,0.2,0.5,1.57,1.57,1.57,1.57,1.0,0.0,16.0,1.0,0.2,0.5,1024.5,1024.5,1024.5,1024.5,1.0,0.0,16.0,1.0,0.2,0.5,2.0,2.0,2.0,2.0,1.0,0.0,16.0,1.0,0.2,0.5,-19.9,-19.9,-19.9,-19.9,1.0,0.0,16.0,1.0,0.2,0.5,7.2,7.2,7.2,7.2,1.0,0.0,16.0,1.0,0.2,0.5,-0.6,-0.6,-0.6,-0.6,1.0,0.0,16.0,1.0,0.2,0.5,-2.8,-2.8,-2.8,-2.8,1.0,0.0,16.0,1.0,0.2,0.5,3.06,3.06,3.06,3.06,1.0,0.0,16.0,1.0,0.2,0.5,14.1,14.1,14.1,14.1,1.0,0.0,16.0,1.0,0.2,0.5,-94.2,-94.2,-94.2,-94.2,1.0,0.0,16.0,1.0,0.2,0.5,34.3,34.3,34.3,34.3,1.0,0.0,16.0,1.0,0.2,0.5,-53.8,-53.8,-53.8,-53.8,1.0,0.0,16.0,1.0,0.2,0.5,19.6,19.6,19.6,19.6,1.0,0.0,16.0,1.0,0.2,0.5,-13.2,-13.2,-13.2,-13.2,1.0,0.0,16.0,1.0,0.2,0.5,4.8,4.8,4.8,4.8,1.0,0.0,16.0,1.0,0.2,0.5,97.5,97.5,97.5,97.5,1.0,0.0,16.0,1.0,0.2,0.5,95.0,95.0,95.0,95.0,1.0,0.0,16.0,1.0,0.2,0.5
1974,2,204.0,-33.0,22.0,22.0,22.0,22.0,1.0,0.0,14.0,1.0,0.6,0.3,21.65,22.2,22.75,22.2,2.0,1.13,12.0,0.5,0.4,0.3,13.26,14.65,16.04,14.65,2.0,2.88,12.0,0.5,0.4,0.3,82.9,88.1,93.4,88.1,2.0,10.9,12.0,0.5,0.3,1.3,4.1,6.9,4.1,2.0,5.8,12.0,0.5,0.4,0.3,-6.48,-3.85,-1.22,-3.85,2.0,5.45,12.0,0.5,0.4,0.3,0.45,1.4,2.36,1.4,2.0,1.98,12.0,0.5,0.4,0.3,1019.35,1020.95,1022.55,1020.95,2.0,3.32,12.0,0.5,0.4,0.3,8.0,8.0,8.0,8.0,2.0,0.0,12.0,0.5,0.4,0.3,-53.2,-31.6,-10.0,-31.6,2.0,44.7,12.0,0.5,0.4,0.3,3.6,11.5,19.3,11.5,2.0,16.3,12.0,0.5,0.4,0.3,0.6,0.6,0.6,0.6,1.0,0.0,14.0,1.0,0.6,0.3,4.9,4.9,4.9,4.9,1.0,0.0,14.0,1.0,0.6,0.3,3.69,3.69,3.69,3.69,1.0,0.0,14.0,1.0,0.6,0.3,30.2,30.2,30.2,30.2,1.0,0.0,14.0,1.0,0.6,0.3,-138.7,-82.4,-26.2,-82.4,2.0,116.6,12.0,0.5,0.4,0.3,9.5,30.0,50.5,30.0,2.0,42.4,12.0,0.5,0.4,0.3,-81.8,-48.6,-15.4,-48.6,2.0,68.7,12.0,0.5,0.4,0.3,5.6,17.7,29.8,17.7,2.0,25.0,12.0,0.5,0.4,0.3,-28.4,-28.4,-28.4,-28.4,1.0,0.0,14.0,1.0,0.6,0.3,10.3,10.3,10.3,10.3,1.0,0.0,14.0,1.0,0.6,0.3,87.5,275.5,464.0,275.5,2.0,390.0,12.0,0.5,0.4,0.3,90.0,275.0,465.0,275.0,2.0,390.0,12.0,0.5,0.4,0.3
1974,2,204.0,-31.0,,,,,,,,,,,,,,,,,,,,,,,,,,,,,,,,,,,,,,,,11.3,11.3,11.3,11.3,1.0,0.0,8.0,1.0,0.5,0.5,-9.79,-9.79,-9.79,-9.79,1.0,0.0,8.0,1.0,0.5,0.5,5.65,5.65,5.65,5.65,1.0,0.0,8.0,1.0,0.5,0.5,1015.6,1015.6,1015.6,1015.6,1.0,0.0,8.0,1.0,0.5,0.5,8.0,8.0,8.0,8.0,1.0,0.0,8.0,1.0,0.5,0.5,-110.6,-110.6,-110.6,-110.6,1.0,0.0,8.0,1.0,0.5,0.5,63.8,63.8,63.8,63.8,1.0,0.0,8.0,1.0,0.5,0.5,,,,,,,,,,,,,,,,,,,,,,,,,,,,,,,,,,,,,,,,,-223.1,-223.1,-223.1,-223.1,1.0,0.0,8.0,1.0,0.5,0.5,128.8,128.8,128.8,128.8,1.0,0.0,8.0,1.0,0.5,0.5,-160.7,-160.7,-160.7,-160.7,1.0,0.0,8.0,1.0,0.5,0.5,92.8,92.8,92.8,92.8,1.0,0.0,8.0,1.0,0.5,0.5,,,,,,,,,,,,,,,,,,,,,,,,,,,,,,,,,,,,,,,,
1974,2,204.0,-26.0,28.0,28.0,28.0,28.0,1.0,0.0,20.0,0.0,0.8,0.2,25.2,25.2,25.2,25.2,1.0,0.0,20.0,0.0,0.8,0.2,19.82,19.82,19.82,19.82,1.0,0.0,20.0,0.0,0.8,0.2,98.8,98.8,98.8,98.8,1.0,0.0,20.0,0.0,0.2,0.5,0.5,0.5,0.5,1.0,0.0,20.0,0.0,0.8,0.2,-0.38,-0.38,-0.38,-0.38,1.0,0.0,20.0,0.0,0.8,0.2,0.32,0.32,0.32,0.32,1.0,0.0,20.0,0.0,0.8,0.2,1010.7,1010.7,1010.7,1010.7,1.0,0.0,20.0,0.0,0.8,0.2,4.0,4.0,4.0,4.0,1.0,0.0,20.0,0.0,0.8,0.2,-0.2,-0.2,-0.2,-0.2,1.0,0.0,20.0,0.0,0.8,0.2,0.2,0.2,0.2,0.2,1.0,0.0,20.0,0.0,0.8,0.2,2.8,2.8,2.8,2.8,1.0,0.0,20.0,0.0,0.8,0.2,1.4,1.4,1.4,1.4,1.0,0.0,20.0,0.0,0.8,0.2,3.9,3.9,3.9,3.9,1.0,0.0,20.0,0.0,0.8,0.2,1.9,1.9,1.9,1.9,1.0,0.0,20.0,0.0,0.8,0.2,-9.7,-9.7,-9.7,-9.7,1.0,0.0,20.0,0.0,0.8,0.2,8.1,8.1,8.1,8.1,1.0,0.0,20.0,0.0,0.8,0.2,-7.6,-7.6,-7.6,-7.6,1.0,0.0,20.0,0.0,0.8,0.2,6.4,6.4,6.4,6.4,1.0,0.0,20.0,0.0,0.8,0.2,-1.5,-1.5,-1.5,-1.5,1.0,0.0,20.0,0.0,0.8,0.2,1.3,1.3,1.3,1.3,1.0,0.0,20.0,0.0,0.8,0.2,0.0,0.0,0.0,0.0,1.0,0.0,20.0,0.0,0.8,0.2,0.0,0.0,0.0,0.0,1.0,0.0,20.0,0.0,0.8,0.2
1974,2,204.0,-20.0,27.57,28.15,28.73,28.15,2.0,1.2,10.0,0.5,0.2,0.3,24.15,24.9,25.65,24.9,2.0,1.56,10.0,0.5,0.2,0.3,15.7,16.55,17.4,16.55,2.0,1.76,10.0,0.5,0.2,0.3,83.6,84.2,84.8,84.2,2.0,1.3,10.0,0.5,0.3,7.78,7.95,8.12,7.95,2.0,0.35,10.0,0.5,0.2,0.3,-6.18,-2.11,1.96,-2.11,2.0,8.43,10.0,0.5,0.2,0.3,-0.14,2.62,5.38,2.62,2.0,5.72,10.0,0.5,0.2,0.3,1012.39,1013.45,1014.51,1013.45,2.0,2.19,10.0,0.5,0.2,0.3,3.8,5.5,7.2,5.5,2.0,3.5,10.0,0.5,0.2,0.3,-51.0,-18.3,14.4,-18.3,2.0,67.8,10.0,0.5,0.2,0.3,-1.7,19.8,41.3,19.8,2.0,44.6,10.0,0.5,0.2,0.3,3.08,3.25,3.42,3.25,2.0,0.35,10.0,0.5,0.2,0.3,25.0,25.8,26.6,25.8,2.0,1.7,10.0,0.5,0.2,0.3,7.28,7.34,7.39,7.34,2.0,0.12,10.0,0.5,0.2,0.3,57.5,58.3,59.1,58.3,2.0,1.7,10.0,0.5,0.2,0.3,-162.1,-59.2,43.8,-59.2,2.0,213.3,10.0,0.5,0.2,0.3,-6.0,60.8,127.6,60.8,2.0,138.4,10.0,0.5,0.2,0.3,-111.6,-42.4,26.8,-42.4,2.0,143.3,10.0,0.5,0.2,0.3,-5.1,38.4,81.8,38.4,2.0,90.1,10.0,0.5,0.2,0.3,-44.7,-15.0,14.7,-15.0,2.0,61.6,10.0,0.5,0.2,0.3,-0.8,19.6,40.0,19.6,2.0,42.3,10.0,0.5,0.2,0.3,471.5,504.0,536.5,504.0,2.0,67.0,10.0,0.5,0.2,0.3,470.0,505.0,535.0,505.0,2.0,65.0,10.0,0.5,0.2,0.3
1974,2,204.0,-19.0,28.0,28.0,29.37,28.67,3.0,1.15,14.0,0.7,0.6,0.6,25.89,27.8,27.8,26.87,3.0,1.62,14.0,0.7,0.6,0.6,17.59,18.08,18.16,17.88,3.0,0.45,14.0,0.7,0.6,0.6,75.6,77.5,87.3,81.4,3.0,9.3,14.0,0.7,0.6,5.61,6.7,9.16,7.37,3.0,2.66,14.0,0.7,0.6,0.6,-9.05,-6.7,0.11,-4.52,3.0,6.97,14.0,0.7,0.6,0.6,-3.23,-1.79,-0.57,-1.9,3.0,1.96,14.0,0.7,0.6,0.6,1011.1,1011.3,1013.89,1012.47,3.0,2.29,14.0,0.7,0.6,0.6,1.9,6.0,7.4,4.7,3.0,4.2,14.0,0.7,0.6,0.6,-85.6,-44.9,-2.8,-44.2,3.0,60.6,14.0,0.7,0.6,0.6,-19.4,-18.4,-5.8,-12.8,3.0,11.1,14.0,0.7,0.6,0.6,0.83,2.2,2.75,1.8,3.0,1.44,14.0,0.7,0.6,0.6,6.1,14.7,15.1,10.7,3.0,7.5,14.0,0.7,0.6,0.6,5.74,6.25,7.84,6.78,3.0,1.6,14.0,0.7,0.6,0.6,37.4,57.5,62.2,50.0,3.0,19.3,14.0,0.7,0.6,0.6,-251.6,-186.3,-3.2,-128.8,3.0,188.7,14.0,0.7,0.6,0.6,-82.5,-49.7,-15.8,-49.1,3.0,48.8,14.0,0.7,0.6,0.6,-158.7,-121.2,2.3,-79.2,3.0,123.4,14.0,0.7,0.6,0.6,-58.4,-31.1,-9.9,-34.1,3.0,35.6,14.0,0.7,0.6,0.6,-61.5,-57.5,-5.9,-34.3,3.0,45.4,14.0,0.7,0.6,0.6,-18.2,-11.2,-3.5,-10.9,3.0,10.8,14.0,0.7,0.6,0.6,186.0,301.0,841.5,508.5,3.0,512.5,14.0,0.7,0.6,0.6,185.0,300.0,840.0,510.0,3.0,515.0,14.0,0.7,0.6,0.6
1974,2,204.0,-18.0,27.13,27.4,27.67,27.4,2.0,0.57,20.0,0.5,0.5,0.6,27.0,27.2,27.4,27.2,2.0,0.42,20.0,0.5,0.5,0.6,16.07,16.35,16.63,16.35,2.0,0.58,20.0,0.5,0.5,0.6,72.5,72.8,73.1,72.8,2.0,0.7,20.0,0.5,0.6,5.43,6.15,6.87,6.15,2.0,1.48,20.0,0.5,0.5,0.6,-6.77,-6.1,-5.42,-6.1,2.0,1.41,20.0,0.5,0.5,0.6,-1.05,-0.63,-0.2,-0.63,2.0,0.88,20.0,0.5,0.5,0.6,1013.99,1014.4,1014.81,1014.4,2.0,0.85,20.0,0.5,0.5,0.6,3.5,4.5,5.5,4.5,2.0,2.1,20.0,0.5,0.5,0.6,-47.1,-38.5,-30.0,-38.5,2.0,17.7,20.0,0.5,0.5,0.6,-7.6,-4.5,-1.4,-4.5,2.0,6.4,20.0,0.5,0.5,0.6,-0.28,0.2,0.68,0.2,2.0,0.99,20.0,0.5,0.5,0.6,-1.1,2.0,5.0,2.0,2.0,6.4,20.0,0.5,0.5,0.6,5.82,6.46,7.1,6.46,2.0,1.33,20.0,0.5,0.5,0.6,32.1,40.7,49.3,40.7,2.0,17.8,20.0,0.5,0.5,0.6,-182.7,-165.5,-148.3,-165.5,2.0,35.7,20.0,0.5,0.5,0.6,-28.3,-16.8,-5.3,-16.8,2.0,23.8,20.0,0.5,0.5,0.6,-108.6,-99.2,-89.8,-99.2,2.0,19.4,20.0,0.5,0.5,0.6,-16.8,-10.0,-3.2,-10.0,2.0,14.1,20.0,0.5,0.5,0.6,-48.6,-40.3,-32.0,-40.3,2.0,17.2,20.0,0.5,0.5,0.6,-7.8,-4.6,-1.5,-4.6,2.0,6.5,20.0,0.5,0.5,0.6,171.0,253.0,335.0,253.0,2.0,170.0,20.0,0.5,0.5,0.6,170.0,255.0,335.0,255.0,2.0,170.0,20.0,0.5,0.5,0.6
1974,2,204.0,-17.0,27.23,27.95,28.67,27.95,2.0,1.48,8.0,0.5,0.8,0.1,26.54,27.05,27.56,27.05,2.0,1.06,8.0,0.5,0.8,0.1,16.32,16.85,17.38,16.85,2.0,1.1,8.0,0.5,0.8,0.1,75.4,75.5,75.6,75.5,2.0,0.2,8.0,0.5,0.1,8.37,8.75,9.13,8.75,2.0,0.78,8.0,0.5,0.8,0.1,-5.26,-3.7,-2.15,-3.7,2.0,3.22,8.0,0.5,0.8,0.1,-7.92,-7.6,-7.28,-7.6,2.0,0.67,8.0,0.5,0.8,0.1,1012.22,1012.25,1012.28,1012.25,2.0,0.07,8.0,0.5,0.8,0.1,3.5,4.5,5.5,4.5,2.0,2.1,8.0,0.5,0.8,0.1,-48.6,-33.6,-18.6,-33.6,2.0,31.1,8.0,0.5,0.8,0.1,-66.2,-66.2,-66.2,-66.2,2.0,0.0,8.0,0.5,0.8,0.1,-0.33,0.9,2.13,0.9,2.0,2.55,8.0,0.5,0.8,0.1,-2.2,8.9,20.0,8.9,2.0,23.0,8.0,0.5,0.8,0.1,5.26,6.8,8.33,6.8,2.0,3.18,8.0,0.5,0.8,0.1,44.7,60.7,76.7,60.7,2.0,33.1,8.0,0.5,0.8,0.1,-138.6,-98.4,-58.3,-98.4,2.0,83.2,8.0,0.5,0.8,0.1,-218.6,-205.9,-193.3,-205.9,2.0,26.3,8.0,0.5,0.8,0.1,-84.8,-60.6,-36.4,-60.6,2.0,50.2,8.0,0.5,0.8,0.1,-138.0,-128.5,-119.0,-128.5,2.0,19.7,8.0,0.5,0.8,0.1,-46.5,-30.3,-14.0,-30.3,2.0,33.7,8.0,0.5,0.8,0.1,-60.0,-50.6,-41.1,-50.6,2.0,19.6,8.0,0.5,0.8,0.1,591.5,678.0,764.0,678.0,2.0,179.0,8.0,0.5,0.8,0.1,590.0,680.0,765.0,680.0,2.0,180.0,8.0,0.5,0.8,0.1
1974,2,204.0,-16.0,27.02,27.05,27.08,27.05,2.0,0.07,16.0,0.0,0.4,0.5,26.73,27.0,27.68,27.2,3.0,0.72,20.0,0.0,0.4,0.7,18.07,19.38,20.69,19.38,2.0,2.71,16.0,0.0,0.4,0.5,81.4,88.0,94.6,88.0,2.0,13.7,16.0,0.0,0.5,2.48,4.6,6.72,4.6,3.0,3.1,20.0,0.0,0.4,0.7,-6.55,-4.32,-2.4,-4.47,3.0,3.04,20.0,0.0,0.4,0.7,0.42,1.34,1.5,0.97,3.0,0.85,20.0,0.0,0.4,0.7,1009.98,1011.0,1012.37,1011.17,3.0,1.76,20.0,0.0,0.4,0.7,1.3,2.0,3.4,2.3,3.0,1.5,20.0,0.0,0.4,0.7,-46.2,-19.9,-7.8,-26.8,3.0,28.7,20.0,0.0,0.4,0.7,2.3,7.2,9.3,5.8,3.0,5.3,20.0,0.0,0.4,0.7,0.15,0.25,0.35,0.25,2.0,0.21,16.0,0.0,0.4,0.5,0.9,1.8,2.7,1.8,2.0,1.9,16.0,0.0,0.4,0.5,1.68,3.04,4.41,3.04,2.0,2.83,16.0,0.0,0.4,0.5,10.4,15.6,20.8,15.6,2.0,10.7,16.0,0.0,0.4,0.5,-174.7,-116.7,-65.7,-120.1,3.0,79.9,20.0,0.0,0.4,0.7,11.3,35.6,40.3,26.0,3.0,22.8,20.0,0.0,0.4,0.7,-147.9,-118.5,-89.1,-118.5,2.0,60.8,16.0,0.0,0.4,0.5,27.6,28.0,28.3,28.0,2.0,0.7,16.0,0.0,0.4,0.5,-19.6,-14.9,-10.1,-14.9,2.0,9.8,16.0,0.0,0.4,0.5,2.4,4.7,6.9,4.7,2.0,4.6,16.0,0.0,0.4,0.5,33.0,97.5,342.5,185.5,3.0,239.0,20.0,0.0,0.4,0.7,35.0,95.0,345.0,185.0,3.0,240.0,20.0,0.0,0.4,0.7
1974,2,204.0,-13.0,27.7,28.0,29.14,28.4,4.0,1.1,14.0,0.5,0.7,0.5,25.95,26.75,27.55,26.75,4.0,0.93,14.0,0.5,0.7,0.5,16.54,16.92,17.95,17.24,3.0,1.06,14.0,0.3,0.8,0.6,74.8,78.1,85.0,79.9,3.0,7.6,14.0,0.3,0.6,2.79,3.3,3.86,3.33,4.0,0.66,14.0,0.5,0.7,0.5,-3.58,-3.28,-2.3,-2.96,4.0,0.9,14.0,0.5,0.7,0.5,-2.02,-1.0,0.0,-1.01,4.0,1.17,14.0,0.5,0.7,0.5,1009.34,1010.75,1011.84,1010.6,4.0,1.85,14.0,0.5,0.7,0.5,3.0,5.0,7.0,5.0,4.0,2.6,14.0,0.5,0.7,0.5,-13.8,-11.0,-6.6,-10.2,4.0,4.6,14.0,0.5,0.7,0.5,-6.9,-2.6,0.0,-3.4,4.0,4.1,14.0,0.5,0.7,0.5,1.12,1.75,2.17,1.65,4.0,0.79,14.0,0.5,0.7,0.5,3.2,5.9,7.4,5.4,4.0,2.6,14.0,0.5,0.7,0.5,5.46,7.02,7.06,6.28,3.0,1.34,14.0,0.3,0.8,0.6,16.5,25.5,27.7,22.2,3.0,8.7,14.0,0.3,0.8,0.6,-96.0,-87.4,-62.0,-79.4,4.0,25.0,14.0,0.5,0.7,0.5,-52.5,-25.8,0.0,-26.2,4.0,30.3,14.0,0.5,0.7,0.5,-60.0,-58.1,-39.5,-49.9,3.0,16.6,14.0,0.3,0.8,0.6,-35.7,-33.6,-10.7,-23.4,3.0,20.3,14.0,0.3,0.8,0.6,-25.3,-24.9,-13.3,-19.4,3.0,10.0,14.0,0.3,0.8,0.6,-12.8,-9.4,-3.0,-7.9,3.0,7.3,14.0,0.3,0.8,0.6,22.0,37.0,58.5,40.0,4.0,22.5,14.0,0.5,0.7,0.5,20.0,35.0,60.0,40.0,4.0,25.0,14.0,0.5,0.7,0.5
1974,2,204.0,-12.0,27.5,27.5,27.5,27.5,1.0,0.0,28.0,0.0,0.4,0.7,26.9,26.9,26.9,26.9,1.0,0.0,28.0,0.0,0.4,0.7,16.92,16.92,16.92,16.92,1.0,0.0,28.0,0.0,0.4,0.7,76.4,76.4,76.4,76.4,1.0,0.0,28.0,0.0,0.7,4.6,4.6,4.6,4.6,1.0,0.0,28.0,0.0,0.4,0.7,-4.6,-4.6,-4.6,-4.6,1.0,0.0,28.0,0.0,0.4,0.7,0.0,0.0,0.0,0.0,1.0,0.0,28.0,0.0,0.4,0.7,1010.5,1010.5,1010.5,1010.5,1.0,0.0,28.0,0.0,0.4,0.7,2.0,2.0,2.0,2.0,1.0,0.0,28.0,0.0,0.4,0.7,-21.2,-21.2,-21.2,-21.2,1.0,0.0,28.0,0.0,0.4,0.7,0.0,0.0,0.0,0.0,1.0,0.0,28.0,0.0,0.4,0.7,0.6,0.6,0.6,0.6,1.0,0.0,28.0,0.0,0.4,0.7,2.8,2.8,2.8,2.8,1.0,0.0,28.0,0.0,0.4,0.7,6.11,6.11,6.11,6.11,1.0,0.0,28.0,0.0,0.4,0.7,28.1,28.1,28.1,28.1,1.0,0.0,28.0,0.0,0.4,0.7,-123.7,-123.7,-123.7,-123.7,1.0,0.0,28.0,0.0,0.4,0.7,0.0,0.0,0.0,0.0,1.0,0.0,28.0,0.0,0.4,0.7,-77.8,-77.8,-77.8,-77.8,1.0,0.0,28.0,0.0,0.4,0.7,0.0,0.0,0.0,0.0,1.0,0.0,28.0,0.0,0.4,0.7,-28.1,-28.1,-28.1,-28.1,1.0,0.0,28.0,0.0,0.4,0.7,0.0,0.0,0.0,0.0,1.0,0.0,28.0,0.0,0.4,0.7,97.5,97.5,97.5,97.5,1.0,0.0,28.0,0.0,0.4,0.7,95.0,95.0,95.0,95.0,1.0,0.0,28.0,0.0,0.4,0.7
1974,2,204.0,2.0,25.0,25.0,25.0,25.0,1.0,0.0,14.0,1.0,0.5,0.1,24.6,24.6,24.6,24.6,1.0,0.0,14.0,1.0,0.5,0.1,15.54,15.54,15.54,15.54,1.0,0.0,14.0,1.0,0.5,0.1,80.4,80.4,80.4,80.4,1.0,0.0,14.0,1.0,0.1,10.3,10.3,10.3,10.3,1.0,0.0,14.0,1.0,0.5,0.1,-10.14,-10.14,-10.14,-10.14,1.0,0.0,14.0,1.0,0.5,0.1,1.79,1.79,1.79,1.79,1.0,0.0,14.0,1.0,0.5,0.1,1009.0,1009.0,1009.0,1009.0,1.0,0.0,14.0,1.0,0.5,0.1,3.0,3.0,3.0,3.0,1.0,0.0,14.0,1.0,0.5,0.1,-104.5,-104.5,-104.5,-104.5,1.0,0.0,14.0,1.0,0.5,0.1,18.4,18.4,18.4,18.4,1.0,0.0,14.0,1.0,0.5,0.1,0.4,0.4,0.4,0.4,1.0,0.0,14.0,1.0,0.5,0.1,4.1,4.1,4.1,4.1,1.0,0.0,14.0,1.0,0.5,0.1,4.31,4.31,4.31,4.31,1.0,0.0,14.0,1.0,0.5,0.1,44.4,44.4,44.4,44.4,1.0,0.0,14.0,1.0,0.5,0.1,-249.5,-249.5,-249.5,-249.5,1.0,0.0,14.0,1.0,0.5,0.1,44.0,44.0,44.0,44.0,1.0,0.0,14.0,1.0,0.5,0.1,-157.6,-157.6,-157.6,-157.6,1.0,0.0,14.0,1.0,0.5,0.1,27.8,27.8,27.8,27.8,1.0,0.0,14.0,1.0,0.5,0.1,-43.8,-43.8,-43.8,-43.8,1.0,0.0,14.0,1.0,0.5,0.1,7.7,7.7,7.7,7.7,1.0,0.0,14.0,1.0,0.5,0.1,1092.5,1092.5,1092.5,1092.5,1.0,0.0,14.0,1.0,0.5,0.1,1095.0,1095.0,1095.0,1095.0,1.0,0.0,14.0,1.0,0.5,0.1
1974,2,204.0,5.0,25.63,25.7,25.77,25.7,2.0,0.14,16.0,0.5,0.8,0.6,25.04,26.2,27.36,26.2,2.0,2.4,16.0,0.5,0.8,0.6,17.21,17.22,17.23,17.22,2.0,0.01,16.0,0.5,0.8,0.6,76.0,81.5,87.1,81.5,2.0,11.6,16.0,0.5,0.6,7.11,8.0,8.89,8.0,2.0,1.84,16.0,0.5,0.8,0.6,-8.64,-7.22,-5.79,-7.22,2.0,2.95,16.0,0.5,0.8,0.6,-3.62,-2.15,-0.68,-2.15,2.0,3.05,16.0,0.5,0.8,0.6,1010.96,1011.3,1011.64,1011.3,2.0,0.71,16.0,0.5,0.8,0.6,7.2,7.5,7.8,7.5,2.0,0.7,16.0,0.5,0.8,0.6,-78.2,-60.4,-42.7,-60.4,2.0,36.8,16.0,0.5,0.8,0.6,-24.3,-14.4,-4.6,-14.4,2.0,20.4,16.0,0.5,0.8,0.6,-1.73,-0.5,0.73,-0.5,2.0,2.55,16.0,0.5,0.8,0.6,-16.6,-6.3,3.9,-6.3,2.0,21.3,16.0,0.5,0.8,0.6,3.36,3.44,3.53,3.44,2.0,0.18,16.0,0.5,0.8,0.6,25.0,27.4,29.7,27.4,2.0,4.9,16.0,0.5,0.8,0.6,-238.2,-192.6,-147.0,-192.6,2.0,94.6,16.0,0.5,0.8,0.6,-88.8,-52.8,-16.7,-52.8,2.0,74.6,16.0,0.5,0.8,0.6,-148.7,-124.2,-99.8,-124.2,2.0,50.7,16.0,0.5,0.8,0.6,-62.4,-37.1,-11.8,-37.1,2.0,52.5,16.0,0.5,0.8,0.6,-28.9,-24.6,-20.3,-24.6,2.0,8.9,16.0,0.5,0.8,0.6,-12.9,-7.7,-2.4,-7.7,2.0,10.9,16.0,0.5,0.8,0.6,380.5,552.5,724.5,552.5,2.0,356.0,16.0,0.5,0.8,0.6,380.0,555.0,725.0,555.0,2.0,355.0,16.0,0.5,0.8,0.6
1974,2,204.0,6.0,26.2,26.2,26.2,26.2,1.0,0.0,8.0,1.0,1.0,0.8,26.2,26.2,26.2,26.2,1.0,0.0,8.0,1.0,1.0,0.8,16.21,16.21,16.21,16.21,1.0,0.0,8.0,1.0,1.0,0.8,76.3,76.3,76.3,76.3,1.0,0.0,8.0,1.0,0.8,10.3,10.3,10.3,10.3,1.0,0.0,8.0,1.0,1.0,0.8,-10.14,-10.14,-10.14,-10.14,1.0,0.0,8.0,1.0,1.0,0.8,-1.79,-1.79,-1.79,-1.79,1.0,0.0,8.0,1.0,1.0,0.8,1010.0,1010.0,1010.0,1010.0,1.0,0.0,8.0,1.0,1.0,0.8,6.0,6.0,6.0,6.0,1.0,0.0,8.0,1.0,1.0,0.8,-104.5,-104.5,-104.5,-104.5,1.0,0.0,8.0,1.0,1.0,0.8,-18.4,-18.4,-18.4,-18.4,1.0,0.0,8.0,1.0,1.0,0.8,0.0,0.0,0.0,0.0,1.0,0.0,8.0,1.0,1.0,0.8,0.0,0.0,0.0,0.0,1.0,0.0,8.0,1.0,1.0,0.8,5.11,5.11,5.11,5.11,1.0,0.0,8.0,1.0,1.0,0.8,52.6,52.6,52.6,52.6,1.0,0.0,8.0,1.0,1.0,0.8,-265.8,-265.8,-265.8,-265.8,1.0,0.0,8.0,1.0,1.0,0.8,-46.9,-46.9,-46.9,-46.9,1.0,0.0,8.0,1.0,1.0,0.8,-164.5,-164.5,-164.5,-164.5,1.0,0.0,8.0,1.0,1.0,0.8,-29.0,-29.0,-29.0,-29.0,1.0,0.0,8.0,1.0,1.0,0.8,-51.8,-51.8,-51.8,-51.8,1.0,0.0,8.0,1.0,1.0,0.8,-9.1,-9.1,-9.1,-9.1,1.0,0.0,8.0,1.0,1.0,0.8,1092.5,1092.5,1092.5,1092.5,1.0,0.0,8.0,1.0,1.0,0.8,1095.0,1095.0,1095.0,1095.0,1.0,0.0,8.0,1.0,1.0,0.8
1974,2,204.0,7.0,27.8,27.8,27.8,27.8,1.0,0.0,8.0,0.0,0.9,0.1,25.6,25.6,25.6,25.6,1.0,0.0,8.0,0.0,0.9,0.1,17.9,17.9,17.9,17.9,1.0,0.0,8.0,0.0,0.9,0.1,87.1,87.1,87.1,87.1,1.0,0.0,8.0,0.0,0.1,9.3,9.3,9.3,9.3,1.0,0.0,8.0,0.0,0.9,0.1,-7.12,-7.12,-7.12,-7.12,1.0,0.0,8.0,0.0,0.9,0.1,-5.98,-5.98,-5.98,-5.98,1.0,0.0,8.0,0.0,0.9,0.1,1009.1,1009.1,1009.1,1009.1,1.0,0.0,8.0,0.0,0.9,0.1,7.0,7.0,7.0,7.0,1.0,0.0,8.0,0.0,0.9,0.1,-66.3,-66.3,-66.3,-66.3,1.0,0.0,8.0,0.0,0.9,0.1,-55.6,-55.6,-55.6,-55.6,1.0,0.0,8.0,0.0,0.9,0.1,2.2,2.2,2.2,2.2,1.0,0.0,8.0,0.0,0.9,0.1,20.5,20.5,20.5,20.5,1.0,0.0,8.0,0.0,0.9,0.1,5.57,5.57,5.57,5.57,1.0,0.0,8.0,0.0,0.9,0.1,51.8,51.8,51.8,51.8,1.0,0.0,8.0,0.0,0.9,0.1,-182.4,-182.4,-182.4,-182.4,1.0,0.0,8.0,0.0,0.9,0.1,-153.0,-153.0,-153.0,-153.0,1.0,0.0,8.0,0.0,0.9,0.1,-127.6,-127.6,-127.6,-127.6,1.0,0.0,8.0,0.0,0.9,0.1,-107.0,-107.0,-107.0,-107.0,1.0,0.0,8.0,0.0,0.9,0.1,-39.7,-39.7,-39.7,-39.7,1.0,0.0,8.0,0.0,0.9,0.1,-33.3,-33.3,-33.3,-33.3,1.0,0.0,8.0,0.0,0.9,0.1,804.5,804.5,804.5,804.5,1.0,0.0,8.0,0.0,0.9,0.1,805.0,805.0,805.0,805.0,1.0,0.0,8.0,0.0,0.9,0.1
1974,2,204.0,8.0,25.94,26.25,26.56,26.25,2.0,0.64,14.0,0.0,0.6,0.2,25.26,25.4,25.54,25.4,2.0,0.28,14.0,0.0,0.6,0.2,15.53,16.05,16.56,16.05,2.0,1.07,14.0,0.0,0.6,0.2,77.5,79.3,81.1,79.3,2.0,3.8,14.0,0.0,0.2,8.28,8.45,8.62,8.45,2.0,0.35,14.0,0.0,0.6,0.2,-8.2,-7.42,-6.64,-7.42,2.0,1.62,14.0,0.0,0.6,0.2,-4.67,-3.39,-2.11,-3.39,2.0,2.66,14.0,0.0,0.6,0.2,1011.41,1011.85,1012.29,1011.85,2.0,0.92,14.0,0.0,0.6,0.2,1.5,2.5,3.5,2.5,2.0,2.1,14.0,0.0,0.6,0.2,-70.9,-63.0,-55.2,-63.0,2.0,16.3,14.0,0.0,0.6,0.2,-38.4,-28.2,-17.9,-28.2,2.0,21.3,14.0,0.0,0.6,0.2,0.68,0.85,1.02,0.85,2.0,0.35,14.0,0.0,0.6,0.2,5.8,7.1,8.4,7.1,2.0,2.7,14.0,0.0,0.6,0.2,5.19,5.3,5.42,5.3,2.0,0.23,14.0,0.0,0.6,0.2,43.0,44.9,46.7,44.9,2.0,3.8,14.0,0.0,0.6,0.2,-207.2,-188.4,-169.6,-188.4,2.0,39.0,14.0,0.0,0.6,0.2,-119.6,-86.5,-53.4,-86.5,2.0,68.5,14.0,0.0,0.6,0.2,-127.0,-118.3,-109.6,-118.3,2.0,18.0,14.0,0.0,0.6,0.2,-78.2,-55.8,-33.5,-55.8,2.0,46.3,14.0,0.0,0.6,0.2,-44.5,-39.6,-34.6,-39.6,2.0,10.3,14.0,0.0,0.6,0.2,-24.1,-17.7,-11.2,-17.7,2.0,13.3,14.0,0.0,0.6,0.2,568.5,605.0,641.5,605.0,2.0,76.0,14.0,0.0,0.6,0.2,570.0,605.0,640.0,605.0,2.0,75.0,14.0,0.0,0.6,0.2
1974,2,204.0,9.0,25.69,26.1,26.51,26.1,2.0,0.85,8.0,0.5,0.5,0.4,25.98,26.8,27.62,26.8,2.0,1.7,8.0,0.5,0.5,0.4,16.79,17.85,18.92,17.85,2.0,2.2,8.0,0.5,0.5,0.4,80.0,80.9,81.8,80.9,2.0,1.9,8.0,0.5,0.4,7.28,7.45,7.62,7.45,2.0,0.35,8.0,0.5,0.5,0.4,-7.52,-7.39,-7.26,-7.39,2.0,0.27,8.0,0.5,0.5,0.4,-1.12,-0.67,-0.21,-0.67,2.0,0.95,8.0,0.5,0.5,0.4,1011.48,1012.3,1013.12,1012.3,2.0,1.7,8.0,0.5,0.5,0.4,1.6,3.0,4.4,3.0,2.0,2.8,8.0,0.5,0.5,0.4,-57.3,-55.1,-52.9,-55.1,2.0,4.6,8.0,0.5,0.5,0.4,-8.7,-5.1,-1.6,-5.1,2.0,7.3,8.0,0.5,0.5,0.4,-1.11,-0.7,-0.29,-0.7,2.0,0.85,8.0,0.5,0.5,0.4,-8.0,-5.1,-2.1,-5.1,2.0,6.1,8.0,0.5,0.5,0.4,2.74,3.3,3.86,3.3,2.0,1.16,8.0,0.5,0.5,0.4,20.1,24.8,29.6,24.8,2.0,9.8,8.0,0.5,0.5,0.4,-200.4,-197.9,-195.3,-197.9,2.0,5.3,8.0,0.5,0.5,0.4,-28.8,-17.1,-5.4,-17.1,2.0,24.2,8.0,0.5,0.5,0.4,-137.2,-131.7,-126.1,-131.7,2.0,11.4,8.0,0.5,0.5,0.4,-18.3,-10.9,-3.5,-10.9,2.0,15.4,8.0,0.5,0.5,0.4,-29.1,-24.6,-20.0,-24.6,2.0,9.5,8.0,0.5,0.5,0.4,-4.6,-2.8,-0.9,-2.8,2.0,3.9,8.0,0.5,0.5,0.4,386.5,415.0,443.5,415.0,2.0,59.0,8.0,0.5,0.5,0.4,385.0,415.0,445.0,415.0,2.0,60.0,8.0,0.5,0.5,0.4
1974,2,204.0,10.0,26.7,26.7,26.7,26.7,1.0,0.0,6.0,1.0,0.1,0.8,24.5,24.7,24.9,24.7,2.0,0.42,14.0,0.5,0.2,0.8,14.39,15.29,16.19,15.29,2.0,1.86,14.0,0.5,0.2,0.8,73.2,78.8,84.4,78.8,2.0,11.6,14.0,0.5,0.8,5.93,7.7,9.47,7.7,2.0,3.68,14.0,0.5,0.2,0.8,-8.3,-6.97,-5.64,-6.97,2.0,2.76,14.0,0.5,0.2,0.8,-4.47,-3.02,-1.56,-3.02,2.0,3.02,14.0,0.5,0.2,0.8,1009.12,1009.8,1010.48,1009.8,2.0,1.41,14.0,0.5,0.2,0.8,0.3,1.0,1.7,1.0,2.0,1.4,14.0,0.5,0.2,0.8,-81.4,-58.7,-36.1,-58.7,2.0,46.9,14.0,0.5,0.2,0.8,-45.3,-28.8,-12.2,-28.8,2.0,34.3,14.0,0.5,0.2,0.8,2.3,2.3,2.3,2.3,1.0,0.0,6.0,1.0,0.1,0.8,11.7,11.7,11.7,11.7,1.0,0.0,6.0,1.0,0.1,0.8,5.35,5.35,5.35,5.35,1.0,0.0,6.0,1.0,0.1,0.8,27.3,27.3,27.3,27.3,1.0,0.0,6.0,1.0,0.1,0.8,-207.1,-172.8,-138.5,-172.8,2.0,71.0,14.0,0.5,0.2,0.8,-111.7,-75.2,-38.6,-75.2,2.0,75.8,14.0,0.5,0.2,0.8,-118.1,-104.0,-89.9,-104.0,2.0,29.2,14.0,0.5,0.2,0.8,-62.9,-43.3,-23.8,-43.3,2.0,40.5,14.0,0.5,0.2,0.8,-26.8,-26.8,-26.8,-26.8,1.0,0.0,6.0,1.0,0.1,0.8,-4.7,-4.7,-4.7,-4.7,1.0,0.0,6.0,1.0,0.1,0.8,285.0,612.5,940.5,612.5,2.0,679.0,14.0,0.5,0.2,0.8,285.0,615.0,940.0,615.0,2.0,680.0,14.0,0.5,0.2,0.8
1974,2,204.0,11.0,26.03,26.1,26.1,26.07,3.0,0.06,14.0,0.7,0.4,0.3,25.41,26.3,26.44,25.93,3.0,0.81,14.0,0.7,0.4,0.3,15.48,16.09,17.08,16.27,3.0,1.18,14.0,0.7,0.4,0.3,72.3,74.5,84.2,78.2,3.0,9.2,14.0,0.7,0.3,9.62,10.3,10.64,10.13,3.0,0.76,14.0,0.7,0.4,0.3,-10.15,-10.14,-9.47,-9.82,3.0,0.57,14.0,0.7,0.4,0.3,-3.09,-1.79,-1.67,-2.37,3.0,1.15,14.0,0.7,0.4,0.3,1011.33,1011.6,1012.42,1011.87,3.0,0.83,14.0,0.7,0.4,0.3,3.3,4.0,5.4,4.3,3.0,1.5,14.0,0.7,0.4,0.3,-108.0,-104.5,-91.3,-99.8,3.0,12.9,14.0,0.7,0.4,0.3,-33.1,-18.4,-16.1,-24.4,3.0,13.5,14.0,0.7,0.4,0.3,-0.4,-0.2,0.69,0.13,3.0,0.85,14.0,0.7,0.4,0.3,-4.3,-2.1,6.3,0.9,3.0,8.2,14.0,0.7,0.4,0.3,4.04,4.95,5.62,4.84,3.0,1.16,14.0,0.7,0.4,0.3,40.0,53.4,58.7,49.4,3.0,14.1,14.0,0.7,0.4,0.3,-268.3,-266.8,-241.0,-254.9,3.0,22.5,14.0,0.7,0.4,0.3,-81.7,-47.0,-42.5,-61.8,3.0,31.5,14.0,0.7,0.4,0.3,-162.4,-160.7,-156.2,-159.4,3.0,4.7,14.0,0.7,0.4,0.3,-49.6,-28.3,-27.5,-38.3,3.0,18.3,14.0,0.7,0.4,0.3,-57.0,-50.2,-38.6,-47.9,3.0,13.7,14.0,0.7,0.4,0.3,-15.8,-10.6,-7.4,-11.6,3.0,6.3,14.0,0.7,0.4,0.3,896.0,1092.5,1206.5,1052.5,3.0,230.5,14.0,0.7,0.4,0.3,895.0,1095.0,1205.0,1050.0,3.0,230.0,14.0,0.7,0.4,0.3
1974,2,204.0,12.0,24.4,24.4,24.4,24.4,1.0,0.0,4.0,1.0,0.1,0.1,24.4,24.4,24.4,24.4,1.0,0.0,4.0,1.0,0.1,0.1,15.88,15.88,15.88,15.88,1.0,0.0,4.0,1.0,0.1,0.1,83.4,83.4,83.4,83.4,1.0,0.0,4.0,1.0,0.1,8.2,8.2,8.2,8.2,1.0,0.0,4.0,1.0,0.1,0.1,-7.71,-7.71,-7.71,-7.71,1.0,0.0,4.0,1.0,0.1,0.1,-2.8,-2.8,-2.8,-2.8,1.0,0.0,4.0,1.0,0.1,0.1,1011.9,1011.9,1011.9,1011.9,1.0,0.0,4.0,1.0,0.1,0.1,2.0,2.0,2.0,2.0,1.0,0.0,4.0,1.0,0.1,0.1,-63.2,-63.2,-63.2,-63.2,1.0,0.0,4.0,1.0,0.1,0.1,-23.0,-23.0,-23.0,-23.0,1.0,0.0,4.0,1.0,0.1,0.1,0.0,0.0,0.0,0.0,1.0,0.0,4.0,1.0,0.1,0.1,0.0,0.0,0.0,0.0,1.0,0.0,4.0,1.0,0.1,0.1,3.21,3.21,3.21,3.21,1.0,0.0,4.0,1.0,0.1,0.1,26.3,26.3,26.3,26.3,1.0,0.0,4.0,1.0,0.1,0.1,-188.0,-188.0,-188.0,-188.0,1.0,0.0,4.0,1.0,0.1,0.1,-68.4,-68.4,-68.4,-68.4,1.0,0.0,4.0,1.0,0.1,0.1,-122.4,-122.4,-122.4,-122.4,1.0,0.0,4.0,1.0,0.1,0.1,-44.5,-44.5,-44.5,-44.5,1.0,0.0,4.0,1.0,0.1,0.1,-24.7,-24.7,-24.7,-24.7,1.0,0.0,4.0,1.0,0.1,0.1,-9.0,-9.0,-9.0,-9.0,1.0,0.0,4.0,1.0,0.1,0.1,551.5,551.5,551.5,551.5,1.0,0.0,4.0,1.0,0.1,0.1,550.0,550.0,550.0,550.0,1.0,0.0,4.0,1.0,0.1,0.1
1974,2,204.0,13.0,23.3,23.3,23.3,23.3,1.0,0.0,28.0,0.0,0.8,0.2,24.4,24.4,24.4,24.4,1.0,0.0,28.0,0.0,0.8,0.2,15.88,15.88,15.88,15.88,1.0,0.0,28.0,0.0,0.8,0.2,83.4,83.4,83.4,83.4,1.0,0.0,28.0,0.0,0.2,11.3,11.3,11.3,11.3,1.0,0.0,28.0,0.0,0.8,0.2,-8.66,-8.66,-8.66,-8.66,1.0,0.0,28.0,0.0,0.8,0.2,-7.26,-7.26,-7.26,-7.26,1.0,0.0,28.0,0.0,0.8,0.2,1011.9,1011.9,1011.9,1011.9,1.0,0.0,28.0,0.0,0.8,0.2,2.0,2.0,2.0,2.0,1.0,0.0,28.0,0.0,0.8,0.2,-97.8,-97.8,-97.8,-97.8,1.0,0.0,28.0,0.0,0.8,0.2,-82.1,-82.1,-82.1,-82.1,1.0,0.0,28.0,0.0,0.8,0.2,-1.1,-1.1,-1.1,-1.1,1.0,0.0,28.0,0.0,0.8,0.2,-12.4,-12.4,-12.4,-12.4,1.0,0.0,28.0,0.0,0.8,0.2,1.97,1.97,1.97,1.97,1.0,0.0,28.0,0.0,0.8,0.2,22.3,22.3,22.3,22.3,1.0,0.0,28.0,0.0,0.8,0.2,-211.2,-211.2,-211.2,-211.2,1.0,0.0,28.0,0.0,0.8,0.2,-177.2,-177.2,-177.2,-177.2,1.0,0.0,28.0,0.0,0.8,0.2,-137.5,-137.5,-137.5,-137.5,1.0,0.0,28.0,0.0,0.8,0.2,-115.4,-115.4,-115.4,-115.4,1.0,0.0,28.0,0.0,0.8,0.2,-17.0,-17.0,-17.0,-17.0,1.0,0.0,28.0,0.0,0.8,0.2,-14.3,-14.3,-14.3,-14.3,1.0,0.0,28.0,0.0,0.8,0.2,1443.0,1443.0,1443.0,1443.0,1.0,0.0,28.0,0.0,0.8,0.2,1445.0,1445.0,1445.0,1445.0,1.0,0.0,28.0,0.0,0.8,0.2
1974,2,204.0,14.0,25.0,25.0,25.0,25.0,2.0,0.0,8.0,0.5,0.6,0.5,24.32,25.0,25.68,25.0,2.0,1.41,8.0,0.5,0.6,0.5,15.27,16.17,17.07,16.17,2.0,1.86,8.0,0.5,0.6,0.5,80.8,81.9,83.0,81.9,2.0,2.3,8.0,0.5,0.5,7.1,9.45,11.8,9.45,2.0,4.88,8.0,0.5,0.6,0.5,-11.63,-9.31,-6.99,-9.31,2.0,4.8,8.0,0.5,0.6,0.5,-1.72,-0.6,0.52,-0.6,2.0,2.32,8.0,0.5,0.6,0.5,1014.85,1015.6,1016.35,1015.6,2.0,1.56,8.0,0.5,0.6,0.5,1.3,2.0,2.7,2.0,2.0,1.4,8.0,0.5,0.6,0.5,-143.5,-99.7,-55.8,-99.7,2.0,90.8,8.0,0.5,0.6,0.5,-23.3,-11.3,0.7,-11.3,2.0,24.9,8.0,0.5,0.6,0.5,-0.68,0.0,0.68,0.0,2.0,1.41,8.0,0.5,0.6,0.5,-3.0,3.5,9.9,3.5,2.0,13.4,8.0,0.5,0.6,0.5,2.67,3.55,4.44,3.55,2.0,1.83,8.0,0.5,0.6,0.5,21.3,38.0,54.8,38.0,2.0,34.6,8.0,0.5,0.6,0.5,-280.9,-229.3,-177.6,-229.3,2.0,107.0,8.0,0.5,0.6,0.5,-40.9,-13.3,14.3,-13.3,2.0,57.2,8.0,0.5,0.6,0.5,-175.2,-146.0,-116.9,-146.0,2.0,60.4,8.0,0.5,0.6,0.5,-25.1,-7.5,10.0,-7.5,2.0,36.4,8.0,0.5,0.6,0.5,-53.9,-37.5,-21.0,-37.5,2.0,34.1,8.0,0.5,0.6,0.5,-8.8,-4.2,0.3,-4.2,2.0,9.3,8.0,0.5,0.6,0.5,522.5,1181.5,1840.5,1181.5,2.0,1365.0,8.0,0.5,0.6,0.5,520.0,1180.0,1840.0,1180.0,2.0,1365.0,8.0,0.5,0.6,0.5
1974,2,204.0,15.0,25.0,25.0,25.0,25.0,1.0,0.0,2.0,1.0,0.2,0.5,26.0,26.0,26.0,26.0,1.0,0.0,2.0,1.0,0.2,0.5,14.73,14.73,14.73,14.73,1.0,0.0,2.0,1.0,0.2,0.5,70.4,70.4,70.4,70.4,1.0,0.0,2.0,1.0,0.5,7.2,7.2,7.2,7.2,1.0,0.0,2.0,1.0,0.2,0.5,-5.52,-5.52,-5.52,-5.52,1.0,0.0,2.0,1.0,0.2,0.5,4.63,4.63,4.63,4.63,1.0,0.0,2.0,1.0,0.2,0.5,1013.0,1013.0,1013.0,1013.0,1.0,0.0,2.0,1.0,0.2,0.5,2.0,2.0,2.0,2.0,1.0,0.0,2.0,1.0,0.2,0.5,-39.7,-39.7,-39.7,-39.7,1.0,0.0,2.0,1.0,0.2,0.5,33.3,33.3,33.3,33.3,1.0,0.0,2.0,1.0,0.2,0.5,-1.0,-1.0,-1.0,-1.0,1.0,0.0,2.0,1.0,0.2,0.5,-7.2,-7.2,-7.2,-7.2,1.0,0.0,2.0,1.0,0.2,0.5,5.05,5.05,5.05,5.05,1.0,0.0,2.0,1.0,0.2,0.5,36.4,36.4,36.4,36.4,1.0,0.0,2.0,1.0,0.2,0.5,-143.4,-143.4,-143.4,-143.4,1.0,0.0,2.0,1.0,0.2,0.5,120.3,120.3,120.3,120.3,1.0,0.0,2.0,1.0,0.2,0.5,-81.2,-81.2,-81.2,-81.2,1.0,0.0,2.0,1.0,0.2,0.5,68.2,68.2,68.2,68.2,1.0,0.0,2.0,1.0,0.2,0.5,-27.9,-27.9,-27.9,-27.9,1.0,0.0,2.0,1.0,0.2,0.5,23.4,23.4,23.4,23.4,1.0,0.0,2.0,1.0,0.2,0.5,373.0,373.0,373.0,373.0,1.0,0.0,2.0,1.0,0.2,0.5,375.0,375.0,375.0,375.0,1.0,0.0,2.0,1.0,0.2,0.5
1974,2,204.0,16.0,24.5,24.5,24.5,24.5,1.0,0.0,18.0,1.0,0.7,0.5,24.0,24.0,24.0,24.0,1.0,0.0,18.0,1.0,0.7,0.5,14.83,14.83,14.83,14.83,1.0,0.0,18.0,1.0,0.7,0.5,80.3,80.3,80.3,80.3,1.0,0.0,18.0,1.0,0.5,9.3,9.3,9.3,9.3,1.0,0.0,18.0,1.0,0.7,0.5,-8.05,-8.05,-8.05,-8.05,1.0,0.0,18.0,1.0,0.7,0.5,-4.65,-4.65,-4.65,-4.65,1.0,0.0,18.0,1.0,0.7,0.5,1018.5,1018.5,1018.5,1018.5,1.0,0.0,18.0,1.0,0.7,0.5,2.0,2.0,2.0,2.0,1.0,0.0,18.0,1.0,0.7,0.5,-74.9,-74.9,-74.9,-74.9,1.0,0.0,18.0,1.0,0.7,0.5,-43.2,-43.2,-43.2,-43.2,1.0,0.0,18.0,1.0,0.7,0.5,0.5,0.5,0.5,0.5,1.0,0.0,18.0,1.0,0.7,0.5,4.7,4.7,4.7,4.7,1.0,0.0,18.0,1.0,0.7,0.5,4.25,4.25,4.25,4.25,1.0,0.0,18.0,1.0,0.7,0.5,39.5,39.5,39.5,39.5,1.0,0.0,18.0,1.0,0.7,0.5,-193.3,-193.3,-193.3,-193.3,1.0,0.0,18.0,1.0,0.7,0.5,-111.6,-111.6,-111.6,-111.6,1.0,0.0,18.0,1.0,0.7,0.5,-119.4,-119.4,-119.4,-119.4,1.0,0.0,18.0,1.0,0.7,0.5,-69.0,-69.0,-69.0,-69.0,1.0,0.0,18.0,1.0,0.7,0.5,-34.2,-34.2,-34.2,-34.2,1.0,0.0,18.0,1.0,0.7,0.5,-19.8,-19.8,-19.8,-19.8,1.0,0.0,18.0,1.0,0.7,0.5,804.5,804.5,804.5,804.5,1.0,0.0,18.0,1.0,0.7,0.5,805.0,805.0,805.0,805.0,1.0,0.0,18.0,1.0,0.7,0.5
1974,2,204.0,17.0,24.3,24.5,25.59,24.93,3.0,1.02,22.0,1.0,0.7,0.5,24.2,24.2,25.16,24.67,3.0,0.81,22.0,1.0,0.7,0.5,14.69,15.0,15.3,15.0,2.0,0.63,24.0,1.0,0.5,0.7,78.2,79.9,81.5,79.9,2.0,3.5,24.0,1.0,0.7,3.9,6.7,10.52,7.2,3.0,4.87,22.0,1.0,0.7,0.5,-10.36,-6.6,-3.45,-6.9,3.0,5.07,22.0,1.0,0.7,0.5,-1.99,-1.67,0.26,-0.88,3.0,1.79,22.0,1.0,0.7,0.5,1010.66,1012.5,1014.55,1012.6,3.0,2.85,22.0,1.0,0.7,0.5,3.5,4.5,5.5,4.5,2.0,2.1,24.0,1.0,0.5,0.7,-115.7,-44.2,-17.6,-66.1,3.0,74.4,22.0,1.0,0.7,0.5,-19.3,-4.3,3.9,-7.6,3.0,17.3,22.0,1.0,0.7,0.5,0.1,0.3,0.44,0.27,3.0,0.25,22.0,1.0,0.7,0.5,0.4,1.3,1.8,1.1,3.0,1.0,22.0,1.0,0.7,0.5,3.79,4.0,4.2,4.0,2.0,0.42,24.0,1.0,0.5,0.7,29.2,38.8,48.4,38.8,2.0,19.9,24.0,1.0,0.5,0.7,-250.8,-159.7,-85.5,-167.9,3.0,121.3,22.0,1.0,0.7,0.5,-48.9,-42.8,5.6,-22.1,3.0,43.8,22.0,1.0,0.7,0.5,-164.5,-139.1,-113.7,-139.1,2.0,52.6,24.0,1.0,0.5,0.7,-23.3,-6.6,10.2,-6.6,2.0,34.7,24.0,1.0,0.5,0.7,-47.7,-38.2,-28.8,-38.2,2.0,19.6,24.0,1.0,0.5,0.7,-7.0,-2.4,2.2,-2.4,2.0,9.5,24.0,1.0,0.5,0.7,107.5,301.0,1365.5,726.5,3.0,992.5,22.0,1.0,0.7,0.5,105.0,300.0,1365.0,725.0,3.0,995.0,22.0,1.0,0.7,0.5
1974,2,204.0,18.0,24.0,25.0,25.76,24.56,9.0,1.34,18.0,0.4,0.6,0.6,22.77,23.4,25.0,23.73,10.0,1.06,18.0,0.4,0.6,0.6,13.34,14.33,15.33,14.49,8.0,1.32,18.0,0.4,0.6,0.6,76.2,78.2,85.6,80.1,8.0,7.4,18.0,0.4,0.6,8.1,10.8,13.21,10.6,10.0,3.26,18.0,0.4,0.6,0.6,-12.09,-9.79,-6.47,-9.53,10.0,2.96,18.0,0.4,0.6,0.6,-4.98,-0.4,0.0,-1.91,10.0,4.67,18.0,0.4,0.6,0.6,1014.02,1015.0,1017.37,1015.54,9.0,2.35,18.0,0.4,0.6,0.6,1.4,3.0,4.6,3.1,10.0,1.7,18.0,0.4,0.6,0.6,-158.9,-109.8,-55.5,-108.2,10.0,54.0,18.0,0.4,0.6,0.6,-60.5,-1.8,0.0,-29.4,10.0,65.7,18.0,0.4,0.6,0.6,0.63,1.7,2.0,0.97,9.0,1.89,18.0,0.4,0.6,0.6,4.9,15.8,25.4,13.1,9.0,17.3,18.0,0.4,0.6,0.6,1.82,5.33,6.81,4.68,8.0,2.44,18.0,0.4,0.6,0.6,10.6,61.3,78.2,52.7,8.0,33.6,18.0,0.4,0.6,0.6,-278.0,-234.3,-153.2,-225.6,10.0,70.4,18.0,0.4,0.6,0.6,-117.6,-9.4,0.0,-43.9,10.0,111.3,18.0,0.4,0.6,0.6,-167.1,-149.8,-81.4,-134.6,8.0,42.6,18.0,0.4,0.6,0.6,-60.3,0.0,0.0,-7.6,8.0,47.4,18.0,0.4,0.6,0.6,-77.9,-57.7,-10.5,-50.6,8.0,32.3,18.0,0.4,0.6,0.6,-30.0,0.0,0.0,-8.3,8.0,16.2,18.0,0.4,0.6,0.6,558.0,1268.0,2332.5,1490.0,10.0,1186.5,18.0,0.4,0.6,0.6,560.0,1270.0,2330.0,1490.0,10.0,1185.0,18.0,0.4,0.6,0.6
1974,2,204.0,19.0,24.4,24.4,24.4,24.4,1.0,0.0,24.0,0.0,0.5,0.0,23.3,23.3,23.3,23.3,1.0,0.0,24.0,0.0,0.5,0.0,16.13,16.13,16.13,16.13,1.0,0.0,24.0,0.0,0.5,0.0,90.7,90.7,90.7,90.7,1.0,0.0,24.0,0.0,0.0,10.3,10.3,10.3,10.3,1.0,0.0,24.0,0.0,0.5,0.0,-10.3,-10.3,-10.3,-10.3,1.0,0.0,24.0,0.0,0.5,0.0,0.0,0.0,0.0,0.0,1.0,0.0,24.0,0.0,0.5,0.0,1015.2,1015.2,1015.2,1015.2,1.0,0.0,24.0,0.0,0.5,0.0,6.0,6.0,6.0,6.0,1.0,0.0,24.0,0.0,0.5,0.0,-106.1,-106.1,-106.1,-106.1,1.0,0.0,24.0,0.0,0.5,0.0,0.0,0.0,0.0,0.0,1.0,0.0,24.0,0.0,0.5,0.0,1.1,1.1,1.1,1.1,1.0,0.0,24.0,0.0,0.5,0.0,11.3,11.3,11.3,11.3,1.0,0.0,24.0,0.0,0.5,0.0,2.9,2.9,2.9,2.9,1.0,0.0,24.0,0.0,0.5,0.0,29.9,29.9,29.9,29.9,1.0,0.0,24.0,0.0,0.5,0.0,-240.0,-240.0,-240.0,-240.0,1.0,0.0,24.0,0.0,0.5,0.0,0.0,0.0,0.0,0.0,1.0,0.0,24.0,0.0,0.5,0.0,-166.1,-166.1,-166.1,-166.1,1.0,0.0,24.0,0.0,0.5,0.0,0.0,0.0,0.0,0.0,1.0,0.0,24.0,0.0,0.5,0.0,-29.9,-29.9,-29.9,-29.9,1.0,0.0,24.0,0.0,0.5,0.0,0.0,0.0,0.0,0.0,1.0,0.0,24.0,0.0,0.5,0.0,1092.5,1092.5,1092.5,1092.5,1.0,0.0,24.0,0.0,0.5,0.0,1095.0,1095.0,1095.0,1095.0,1.0,0.0,24.0,0.0,0.5,0.0
1974,2,204.0,20.0,24.58,24.75,24.92,24.75,2.0,0.35,12.0,1.0,0.9,0.5,23.51,25.25,26.99,25.25,2.0,3.61,12.0,1.0,0.9,0.5,13.22,14.37,15.51,14.37,2.0,2.37,12.0,1.0,0.9,0.5,70.2,71.9,73.5,71.9,2.0,3.5,12.0,1.0,0.5,6.52,7.2,7.88,7.2,2.0,1.41,12.0,1.0,0.9,0.5,-7.47,-6.95,-6.44,-6.95,2.0,1.06,12.0,1.0,0.9,0.5,-2.36,-1.4,-0.45,-1.4,2.0,1.98,12.0,1.0,0.9,0.5,1017.59,1018.85,1020.11,1018.85,2.0,2.62,12.0,1.0,0.9,0.5,3.3,4.0,4.7,4.0,2.0,1.4,12.0,1.0,0.9,0.5,-59.3,-50.8,-42.4,-50.8,2.0,17.5,12.0,1.0,0.9,0.5,-19.3,-11.5,-3.6,-11.5,2.0,16.3,12.0,1.0,0.9,0.5,-2.41,-0.5,1.41,-0.5,2.0,3.96,12.0,1.0,0.9,0.5,-14.2,-0.8,12.6,-0.8,2.0,27.8,12.0,1.0,0.9,0.5,3.63,5.0,6.37,5.0,2.0,2.83,12.0,1.0,0.9,0.5,24.8,38.0,51.3,38.0,2.0,27.5,12.0,1.0,0.9,0.5,-174.5,-173.6,-172.8,-173.6,2.0,1.8,12.0,1.0,0.9,0.5,-53.6,-31.8,-10.1,-31.8,2.0,45.0,12.0,1.0,0.9,0.5,-99.2,-98.6,-98.1,-98.6,2.0,1.2,12.0,1.0,0.9,0.5,-29.9,-17.8,-5.6,-17.8,2.0,25.2,12.0,1.0,0.9,0.5,-48.4,-36.3,-24.2,-36.3,2.0,25.0,12.0,1.0,0.9,0.5,-16.5,-9.8,-3.1,-9.8,2.0,13.9,12.0,1.0,0.9,0.5,288.0,395.0,501.5,395.0,2.0,221.5,12.0,1.0,0.9,0.5,290.0,395.0,500.0,395.0,2.0,220.0,12.0,1.0,0.9,0.5
1974,2,204.0,21.0,22.2,24.0,24.18,23.38,5.0,1.1,16.0,0.2,0.4,0.6,20.7,23.0,23.75,22.34,5.0,1.72,16.0,0.2,0.4,0.6,11.86,12.85,13.91,12.88,4.0,1.56,16.0,0.3,0.2,0.7,71.9,75.3,86.5,79.0,4.0,11.5,16.0,0.3,0.7,7.7,7.7,9.48,8.44,5.0,1.03,16.0,0.2,0.4,0.6,-9.13,-7.7,-6.67,-7.92,5.0,1.36,16.0,0.2,0.4,0.6,-1.41,0.0,3.43,0.64,5.0,3.07,16.0,0.2,0.4,0.6,1018.93,1019.0,1019.95,1019.48,5.0,1.19,16.0,0.2,0.4,0.6,1.6,3.0,6.7,4.0,5.0,2.9,16.0,0.2,0.4,0.6,-86.7,-59.3,-51.3,-67.9,5.0,20.0,16.0,0.2,0.4,0.6,-10.8,0.0,29.6,5.9,5.0,24.8,16.0,0.2,0.4,0.6,-0.29,0.4,2.64,1.04,5.0,1.72,16.0,0.2,0.4,0.6,-2.7,3.9,20.3,7.9,5.0,13.5,16.0,0.2,0.4,0.6,3.94,4.91,5.62,4.79,4.0,0.99,16.0,0.3,0.2,0.7,33.4,38.5,43.2,38.3,4.0,5.7,16.0,0.3,0.2,0.7,-212.1,-162.5,-150.3,-177.6,5.0,38.5,16.0,0.2,0.4,0.6,-28.1,0.0,80.2,17.7,5.0,67.5,16.0,0.2,0.4,0.6,-113.5,-99.1,-79.1,-96.4,4.0,20.3,16.0,0.3,0.2,0.7,-22.2,20.5,45.4,12.0,4.0,42.2,16.0,0.3,0.2,0.7,-37.5,-34.9,-32.3,-34.9,4.0,3.0,16.0,0.3,0.2,0.7,-11.2,5.8,17.0,3.0,4.0,18.6,16.0,0.3,0.2,0.7,456.5,456.5,854.5,623.0,5.0,233.0,16.0,0.2,0.4,0.6,455.0,455.0,855.0,625.0,5.0,235.0,16.0,0.2,0.4,0.6
1974,2,204.0,22.0,22.68,23.8,24.62,23.68,31.0,1.23,14.0,0.4,0.5,0.4,21.27,22.7,23.74,22.63,28.0,1.18,14.0,0.4,0.5,0.4,12.27,13.57,14.93,13.57,28.0,1.26,14.0,0.4,0.5,0.4,73.3,79.1,86.7,79.8,28.0,6.7,14.0,0.4,0.4,4.02,8.75,11.89,7.99,32.0,3.79,14.0,0.4,0.5,0.4,-10.37,-8.06,-2.53,-7.04,32.0,3.91,14.0,0.4,0.5,0.4,-4.44,0.0,3.23,-0.03,32.0,3.72,14.0,0.4,0.5,0.4,1016.0,1018.3,1020.8,1018.57,31.0,2.94,14.0,0.5,0.5,0.4,1.0,3.5,6.0,3.4,32.0,2.2,14.0,0.4,0.5,0.4,-125.9,-66.7,-8.8,-69.7,32.0,56.7,14.0,0.4,0.5,0.4,-37.8,0.0,22.2,-4.2,32.0,39.0,14.0,0.4,0.5,0.4,0.0,1.0,2.97,1.29,27.0,1.69,14.0,0.4,0.5,0.4,0.0,8.2,23.6,12.3,27.0,18.1,14.0,0.4,0.5,0.4,2.96,5.1,6.67,4.84,27.0,1.83,14.0,0.4,0.5,0.4,17.2,36.7,71.7,43.1,27.0,28.1,14.0,0.4,0.5,0.4,-242.3,-188.1,-62.9,-163.1,28.0,81.3,14.0,0.4,0.5,0.4,-68.0,0.0,81.3,7.7,28.0,82.7,14.0,0.4,0.5,0.4,-140.7,-111.0,-39.3,-97.3,28.0,49.1,14.0,0.4,0.5,0.4,-39.1,0.0,52.0,4.9,28.0,47.1,14.0,0.4,0.5,0.4,-70.7,-27.0,-10.9,-37.4,27.0,26.6,14.0,0.4,0.5,0.4,-12.4,0.0,14.8,0.5,27.0,23.7,14.0,0.4,0.5,0.4,66.0,678.0,1683.5,834.0,32.0,824.0,14.0,0.4,0.5,0.4,65.0,680.0,1685.0,835.0,32.0,825.0,14.0,0.4,0.5,0.4
1974,2,204.0,23.0,22.76,23.6,24.65,23.81,11.0,1.31,18.0,0.5,0.8,0.4,21.96,23.0,23.3,22.78,10.0,0.83,16.0,0.5,0.8,0.3,13.22,13.98,16.14,14.54,10.0,1.48,16.0,0.5,0.8,0.3,78.6,83.7,91.4,84.8,10.0,6.4,16.0,0.5,0.3,6.2,9.8,12.09,9.06,10.0,3.23,16.0,0.5,0.8,0.3,-11.06,-9.08,-5.95,-8.56,10.0,3.17,16.0,0.5,0.8,0.3,-1.17,0.54,2.73,1.19,10.0,2.94,16.0,0.5,0.8,0.3,1019.44,1020.65,1023.39,1021.06,10.0,2.24,16.0,0.5,0.8,0.3,0.4,3.0,4.1,2.7,10.0,1.9,16.0,0.5,0.8,0.3,-128.0,-93.7,-36.9,-86.4,10.0,51.9,16.0,0.5,0.8,0.3,-13.8,3.1,22.5,9.7,10.0,35.3,16.0,0.5,0.8,0.3,-0.87,1.2,2.2,1.05,10.0,1.72,16.0,0.5,0.8,0.3,-4.5,12.2,21.9,10.7,10.0,15.7,16.0,0.5,0.8,0.3,1.71,3.81,5.04,3.79,10.0,2.18,16.0,0.5,0.8,0.3,14.9,33.9,51.1,35.1,10.0,21.8,16.0,0.5,0.8,0.3,-253.4,-206.6,-132.4,-194.4,10.0,72.5,16.0,0.5,0.8,0.3,-26.9,12.4,61.0,27.3,10.0,68.1,16.0,0.5,0.8,0.3,-173.2,-127.1,-77.7,-124.1,10.0,49.0,16.0,0.5,0.8,0.3,-17.9,7.1,39.1,18.1,10.0,45.8,16.0,0.5,0.8,0.3,-50.6,-32.6,-14.7,-33.2,10.0,20.7,16.0,0.5,0.8,0.3,-1.1,0.7,20.0,6.0,10.0,12.4,16.0,0.5,0.8,0.3,238.5,948.5,1767.5,986.5,10.0,787.5,16.0,0.5,0.8,0.3,240.0,950.0,1770.0,985.0,10.0,790.0,16.0,0.5,0.8,0.3
1974,2,204.0,24.0,,,,,,,,,,,,,,,,,,,,,,,,,,,,,,,,,,,,,,,,4.1,4.1,4.1,4.1,1.0,0.0,16.0,0.0,0.3,0.6,-0.71,-0.71,-0.71,-0.71,1.0,0.0,16.0,0.0,0.3,0.6,4.04,4.04,4.04,4.04,1.0,0.0,16.0,0.0,0.3,0.6,1023.0,1023.0,1023.0,1023.0,1.0,0.0,16.0,0.0,0.3,0.6,,,,,,,,,,,,,,,,,,,,,,,,,,,,,,,,,,,,,,,,,,,,,,,,,,,,,,,,,,,,,,,,,,,,,,,,,,,,,,,,,,,,,,,,,,,,,,,,,,,,,,,,,,,,,,,,,,,,,,,,,,,,,,,,,,,,,,,,,,,,,,,,,,,,,,
1974,2,204.0,25.0,21.48,22.5,23.18,22.33,3.0,1.26,22.0,1.0,0.6,0.9,20.48,21.5,22.94,21.7,4.0,1.62,16.0,1.0,0.6,0.8,11.8,13.57,14.76,13.29,3.0,2.18,22.0,1.0,0.6,0.9,78.4,83.1,83.9,81.2,3.0,4.3,22.0,1.0,0.9,8.18,8.7,9.54,8.85,4.0,1.08,16.0,1.0,0.6,0.8,-6.8,-4.97,-2.07,-4.46,4.0,3.31,16.0,1.0,0.6,0.8,-7.62,-0.46,6.64,-0.49,4.0,8.23,16.0,1.0,0.6,0.8,1019.43,1020.3,1022.27,1020.83,4.0,2.04,16.0,1.0,0.6,0.8,5.5,6.5,7.0,6.3,4.0,1.0,16.0,1.0,0.6,0.8,-65.7,-43.2,-18.0,-41.9,4.0,33.5,16.0,1.0,0.6,0.8,-62.6,-0.7,63.3,0.3,4.0,72.6,16.0,1.0,0.6,0.8,-1.44,1.5,2.18,0.4,3.0,2.82,22.0,1.0,0.6,0.9,-11.7,15.5,19.8,4.3,3.0,25.0,22.0,1.0,0.6,0.9,1.39,4.36,5.39,3.41,3.0,3.05,22.0,1.0,0.6,0.9,14.3,45.0,49.1,32.0,3.0,27.9,22.0,1.0,0.6,0.9,-154.3,-110.0,-41.4,-98.4,4.0,74.5,16.0,1.0,0.6,0.8,-156.5,-2.5,152.4,-2.0,4.0,178.2,16.0,1.0,0.6,0.8,-100.3,-85.7,-59.8,-80.2,3.0,30.0,22.0,1.0,0.6,0.9,-28.0,89.8,98.2,36.4,3.0,103.4,22.0,1.0,0.6,0.9,-31.6,-25.5,-8.1,-20.0,3.0,17.9,22.0,1.0,0.6,0.9,-30.2,0.0,19.7,-5.1,3.0,36.8,22.0,1.0,0.6,0.9,552.5,658.5,886.0,716.5,4.0,268.0,16.0,1.0,0.6,0.8,555.0,660.0,885.0,715.0,4.0,270.0,16.0,1.0,0.6,0.8
1974,2,204.0,26.0,21.8,22.0,22.34,22.07,3.0,0.4,18.0,0.7,0.5,0.4,21.22,21.7,21.7,21.47,3.0,0.4,18.0,0.7,0.5,0.4,12.79,12.96,12.99,12.89,3.0,0.16,18.0,0.7,0.5,0.4,81.0,81.0,82.3,81.7,3.0,1.1,18.0,0.7,0.4,5.45,6.2,7.57,6.5,3.0,1.57,18.0,0.7,0.5,0.4,-5.83,-5.02,-1.59,-3.74,3.0,3.29,18.0,0.7,0.5,0.4,-5.6,0.0,0.6,-2.44,3.0,5.01,18.0,0.7,0.5,0.4,1019.45,1021.5,1021.91,1020.7,3.0,1.93,18.0,0.7,0.5,0.4,5.3,6.0,6.7,6.0,3.0,1.0,18.0,0.7,0.5,0.4,-34.4,-25.6,-8.1,-21.4,3.0,19.6,18.0,0.7,0.5,0.4,-45.9,0.0,3.1,-20.9,3.0,40.2,18.0,0.7,0.5,0.4,0.1,0.3,1.12,0.6,3.0,0.79,18.0,0.7,0.5,0.4,0.6,1.9,9.0,4.7,3.0,6.6,18.0,0.7,0.5,0.4,3.17,3.38,3.89,3.52,3.0,0.54,18.0,0.7,0.5,0.4,17.3,21.0,29.7,23.5,3.0,9.3,18.0,0.7,0.5,0.4,-126.4,-109.0,-34.6,-81.2,3.0,71.5,18.0,0.7,0.5,0.4,-117.5,0.0,13.1,-51.0,3.0,105.4,18.0,0.7,0.5,0.4,-75.7,-65.1,-20.7,-48.6,3.0,42.8,18.0,0.7,0.5,0.4,-71.1,0.0,7.8,-30.9,3.0,63.7,18.0,0.7,0.5,0.4,-19.2,-15.4,-4.9,-12.1,3.0,10.9,18.0,0.7,0.5,0.4,-23.1,0.0,1.9,-10.4,3.0,20.3,18.0,0.7,0.5,0.4,166.0,238.5,452.0,307.5,3.0,217.5,18.0,0.7,0.5,0.4,165.0,240.0,450.0,305.0,3.0,220.0,18.0,0.7,0.5,0.4
1974,2,204.0,27.0,19.9,21.1,21.62,20.69,7.0,1.33,18.0,0.4,0.6,0.4,19.89,20.5,22.11,20.8,7.0,2.03,18.0,0.4,0.6,0.4,10.85,13.05,14.32,12.83,7.0,1.87,18.0,0.4,0.6,0.4,82.0,83.4,86.6,84.3,7.0,6.1,18.0,0.4,0.4,4.08,7.7,9.42,7.19,7.0,3.03,18.0,0.4,0.6,0.4,-8.72,-5.1,-3.22,-5.33,7.0,3.25,18.0,0.4,0.6,0.4,-7.67,0.0,1.24,-2.41,7.0,4.35,18.0,0.4,0.6,0.4,1020.7,1021.0,1025.07,1022.61,7.0,2.4,18.0,0.4,0.6,0.4,3.0,5.0,8.0,5.4,7.0,2.2,18.0,0.4,0.6,0.4,-77.2,-26.0,-11.6,-41.7,7.0,38.9,18.0,0.4,0.6,0.4,-86.6,0.0,4.5,-26.6,7.0,42.8,18.0,0.4,0.6,0.4,-2.06,0.0,1.21,-0.11,7.0,2.12,18.0,0.4,0.6,0.4,-23.8,0.0,6.8,-2.3,7.0,19.7,18.0,0.4,0.6,0.4,0.8,2.31,3.57,2.25,7.0,1.71,18.0,0.4,0.6,0.4,7.8,10.1,27.9,15.5,7.0,15.8,18.0,0.4,0.6,0.4,-182.3,-104.5,-67.0,-114.0,7.0,71.8,18.0,0.4,0.6,0.4,-152.4,0.0,25.9,-44.8,7.0,82.4,18.0,0.4,0.6,0.4,-108.1,-72.7,-42.0,-70.1,7.0,44.2,18.0,0.4,0.6,0.4,-89.9,0.0,16.2,-25.9,7.0,49.0,18.0,0.4,0.6,0.4,-11.4,-7.8,0.1,-8.2,7.0,9.0,18.0,0.4,0.6,0.4,-11.0,0.0,2.9,-7.8,7.0,17.3,18.0,0.4,0.6,0.4,68.0,456.5,844.5,544.5,7.0,568.5,18.0,0.4,0.6,0.4,70.0,455.0,845.0,545.0,7.0,570.0,18.0,0.4,0.6,0.4
1974,2,204.0,28.0,20.5,21.4,21.67,21.13,22.0,0.63,22.0,0.5,0.8,0.3,19.83,20.55,22.37,20.79,24.0,1.77,22.0,0.5,0.8,0.3,11.49,12.79,13.68,12.64,22.0,1.0,22.0,0.5,0.8,0.3,78.9,82.2,89.6,83.0,22.0,6.4,22.0,0.5,0.3,2.6,4.85,8.26,5.2,24.0,3.21,22.0,0.5,0.8,0.3,-7.33,-2.4,0.69,-2.97,24.0,3.85,22.0,0.5,0.8,0.3,-2.38,1.05,3.64,0.76,24.0,3.73,22.0,0.5,0.8,0.3,1018.33,1020.75,1022.14,1020.74,24.0,2.32,22.0,0.5,0.8,0.3,3.0,5.5,8.0,5.3,24.0,2.3,22.0,0.5,0.8,0.3,-61.7,-12.9,1.5,-24.0,24.0,38.7,22.0,0.5,0.8,0.3,-10.1,3.5,25.1,0.8,24.0,36.2,22.0,0.5,0.8,0.3,-0.93,0.6,1.6,0.23,22.0,1.62,22.0,0.5,0.8,0.3,-6.2,1.8,5.7,1.3,22.0,10.1,22.0,0.5,0.8,0.3,2.06,3.08,3.65,2.85,22.0,0.99,22.0,0.5,0.8,0.3,6.2,10.0,21.7,13.8,22.0,10.3,22.0,0.5,0.8,0.3,-146.2,-48.2,13.8,-60.5,24.0,76.1,22.0,0.5,0.8,0.3,-50.3,22.4,75.1,18.8,24.0,73.0,22.0,0.5,0.8,0.3,-80.8,-28.7,17.1,-33.1,22.0,45.8,22.0,0.5,0.8,0.3,-15.8,13.6,38.1,13.3,22.0,36.9,22.0,0.5,0.8,0.3,-16.6,-6.8,2.8,-7.2,22.0,11.5,22.0,0.5,0.8,0.3,-4.0,3.0,10.2,2.3,22.0,10.6,22.0,0.5,0.8,0.3,17.5,115.0,578.0,324.0,24.0,584.5,22.0,0.5,0.8,0.3,20.0,115.0,580.0,325.0,24.0,585.0,22.0,0.5,0.8,0.3
1974,2,204.0,29.0,19.44,20.0,20.09,20.09,8.0,0.82,22.0,0.5,0.4,0.5,17.63,19.1,19.74,18.9,10.0,1.38,18.0,0.4,0.5,0.4,8.33,10.95,12.84,10.77,9.0,2.33,20.0,0.4,0.5,0.4,61.2,81.0,93.7,78.7,9.0,15.4,20.0,0.4,0.4,3.31,5.65,11.16,6.63,10.0,3.86,18.0,0.4,0.5,0.4,-8.58,-3.4,-0.06,-3.95,10.0,4.87,18.0,0.4,0.5,0.4,-4.44,-0.4,3.75,-0.46,10.0,4.74,18.0,0.4,0.5,0.4,1019.21,1020.95,1024.17,1021.68,10.0,2.86,18.0,0.4,0.5,0.4,0.4,4.0,7.1,3.8,10.0,3.0,18.0,0.4,0.5,0.4,-93.9,-18.8,0.7,-40.8,10.0,60.3,18.0,0.4,0.5,0.4,-36.0,-0.9,16.9,-9.9,10.0,38.7,18.0,0.4,0.5,0.4,0.08,0.8,2.4,1.09,8.0,1.69,22.0,0.5,0.4,0.5,0.2,6.2,27.4,10.2,8.0,14.8,22.0,0.5,0.4,0.5,1.54,4.46,6.17,4.12,8.0,2.27,22.0,0.5,0.4,0.5,10.0,24.7,43.2,29.7,8.0,21.1,22.0,0.5,0.4,0.5,-160.5,-63.2,-1.5,-72.4,10.0,88.9,18.0,0.4,0.5,0.4,-81.0,-6.8,72.2,-5.2,10.0,89.5,18.0,0.4,0.5,0.4,-103.9,-27.5,0.1,-44.8,9.0,59.6,20.0,0.4,0.5,0.4,-53.0,0.0,43.2,0.0,9.0,48.4,20.0,0.4,0.5,0.4,-26.8,-13.2,3.1,-13.0,8.0,17.9,22.0,0.5,0.4,0.5,-34.3,2.8,10.7,-8.0,8.0,29.4,22.0,0.5,0.4,0.5,37.0,185.5,1407.5,580.5,10.0,771.5,18.0,0.4,0.5,0.4,35.0,185.0,1405.0,580.0,10.0,770.0,18.0,0.4,0.5,0.4
1974,2,204.0,30.0,17.81,18.9,20.98,18.76,20.0,1.76,12.0,0.6,0.5,0.4,17.77,19.0,20.57,19.29,19.0,1.54,12.0,0.5,0.6,0.3,8.27,10.65,13.24,10.85,18.0,2.33,12.0,0.6,0.6,0.3,63.9,79.6,91.9,78.5,18.0,13.3,12.0,0.6,0.3,4.34,6.2,8.7,6.63,23.0,3.4,12.0,0.6,0.5,0.4,-6.88,-0.89,2.12,-2.6,23.0,4.97,12.0,0.6,0.5,0.4,-1.08,0.63,5.48,1.76,23.0,4.75,12.0,0.6,0.5,0.4,1020.0,1022.0,1026.0,1022.72,23.0,3.35,12.0,0.6,0.5,0.4,2.0,3.0,5.8,3.7,21.0,1.9,12.0,0.6,0.5,0.4,-54.6,-4.5,13.0,-24.9,23.0,54.6,12.0,0.6,0.5,0.4,-6.7,1.0,41.1,13.4,23.0,47.5,12.0,0.6,0.5,0.4,-2.26,0.05,1.33,-0.49,18.0,2.36,12.0,0.6,0.6,0.3,-11.8,0.0,9.9,-3.8,18.0,18.9,12.0,0.6,0.6,0.3,0.85,2.56,4.97,2.64,17.0,2.55,12.0,0.6,0.6,0.3,1.4,11.2,37.7,16.6,17.0,18.6,12.0,0.6,0.6,0.3,-135.4,-25.4,47.8,-51.2,19.0,98.0,12.0,0.5,0.6,0.3,-43.5,0.0,112.0,25.5,19.0,93.1,12.0,0.5,0.6,0.3,-77.9,-29.9,25.6,-30.6,18.0,56.6,12.0,0.6,0.6,0.3,-25.2,0.0,72.1,10.3,18.0,44.3,12.0,0.6,0.6,0.3,-33.1,-1.1,4.9,-9.9,17.0,18.1,12.0,0.6,0.6,0.3,-8.9,0.0,6.7,-2.8,17.0,14.1,12.0,0.6,0.6,0.3,89.0,238.5,658.5,530.5,23.0,822.5,12.0,0.6,0.5,0.4,90.0,240.0,660.0,530.0,23.0,820.0,12.0,0.6,0.5,0.4
1974,2,204.0,31.0,16.09,17.5,19.0,17.62,15.0,1.41,12.0,0.1,0.6,0.5,17.45,18.6,19.46,18.61,16.0,1.3,12.0,0.3,0.6,0.5,10.85,11.36,12.28,11.27,11.0,1.42,14.0,0.2,0.6,0.6,82.6,89.8,95.1,87.6,11.0,9.3,14.0,0.2,0.6,4.45,7.95,11.09,7.57,18.0,3.4,14.0,0.3,0.6,0.5,-8.29,-1.72,3.79,-1.67,18.0,5.56,14.0,0.3,0.6,0.5,0.0,3.06,10.08,4.18,18.0,4.46,14.0,0.3,0.6,0.5,1017.0,1022.2,1023.21,1021.36,18.0,3.1,14.0,0.3,0.6,0.5,3.0,5.0,8.0,5.4,17.0,2.7,12.0,0.3,0.6,0.6,-72.2,-5.6,25.8,-11.4,18.0,53.5,14.0,0.3,0.6,0.5,0.0,20.1,106.1,40.6,18.0,55.1,14.0,0.3,0.6,0.5,-2.19,-0.55,0.49,-0.75,14.0,1.6,12.0,0.1,0.5,0.5,-22.0,-1.9,2.6,-6.6,14.0,13.7,12.0,0.1,0.5,0.5,-0.78,1.3,2.39,1.25,10.0,2.09,14.0,0.1,0.6,0.6,-4.6,4.3,16.0,7.9,10.0,17.8,14.0,0.1,0.6,0.6,-156.8,-48.7,74.5,-37.6,16.0,107.3,12.0,0.3,0.6,0.5,0.0,49.1,139.9,68.8,16.0,81.6,12.0,0.3,0.6,0.5,-46.3,-9.9,55.3,-0.1,11.0,64.3,14.0,0.2,0.6,0.6,0.0,29.1,52.7,35.1,11.0,47.8,14.0,0.2,0.6,0.6,-12.4,-4.0,3.3,-6.4,10.0,16.5,14.0,0.1,0.6,0.6,-3.4,0.0,7.2,1.0,10.0,8.1,14.0,0.1,0.6,0.6,89.0,516.0,1365.0,685.0,18.0,708.5,14.0,0.3,0.6,0.5,90.0,515.0,1365.0,685.0,18.0,710.0,14.0,0.3,0.6,0.5
1974,2,204.0,32.0,16.1,16.9,18.93,17.26,16.0,1.39,14.0,0.7,0.6,0.5,14.44,17.5,18.73,16.84,16.0,2.26,14.0,0.6,0.7,0.6,8.64,9.7,11.79,9.66,15.0,2.03,14.0,0.5,0.7,0.6,69.3,82.9,90.4,81.0,15.0,10.8,14.0,0.5,0.6,5.1,6.7,8.98,6.78,17.0,2.22,14.0,0.6,0.7,0.5,-2.19,-1.16,3.57,-0.25,17.0,3.73,14.0,0.6,0.7,0.5,-1.8,5.02,7.28,3.22,17.0,5.36,14.0,0.6,0.7,0.5,1019.3,1022.0,1027.04,1022.65,19.0,3.78,14.0,0.6,0.7,0.5,2.0,6.0,8.0,5.1,18.0,2.5,12.0,0.6,0.6,0.5,-14.2,-6.7,18.2,-1.5,17.0,30.6,14.0,0.6,0.7,0.5,-9.2,33.3,54.4,20.6,17.0,46.3,14.0,0.6,0.7,0.5,-1.2,0.0,2.36,0.43,13.0,2.17,14.0,0.7,0.7,0.5,-8.0,0.0,15.9,3.7,13.0,18.7,14.0,0.7,0.7,0.5,0.63,2.07,4.44,2.73,12.0,2.2,12.0,0.7,0.7,0.5,3.1,15.8,33.8,20.5,12.0,22.5,12.0,0.7,0.7,0.5,-40.1,-19.0,73.3,5.2,14.0,71.5,14.0,0.6,0.7,0.5,-62.2,73.5,113.4,46.8,14.0,92.7,14.0,0.6,0.7,0.5,-21.9,-10.0,51.1,6.0,13.0,43.6,12.0,0.6,0.7,0.5,-31.5,41.9,57.0,27.1,13.0,50.1,12.0,0.6,0.7,0.5,-5.4,-2.8,0.0,-4.4,12.0,13.9,12.0,0.7,0.7,0.5,-9.3,5.1,17.6,-0.7,12.0,27.4,12.0,0.7,0.7,0.5,132.5,301.0,725.5,401.5,17.0,309.5,14.0,0.6,0.7,0.5,135.0,300.0,725.0,400.0,17.0,310.0,14.0,0.6,0.7,0.5
1974,2,204.0,33.0,15.72,16.2,17.67,16.64,15.0,1.17,10.0,0.4,0.6,0.4,14.0,15.7,18.41,16.29,17.0,2.49,10.0,0.4,0.6,0.5,9.07,9.99,10.82,9.66,14.0,1.56,12.0,0.4,0.6,0.5,78.1,85.0,99.9,86.4,14.0,11.7,12.0,0.4,0.5,3.65,5.65,8.2,5.5,18.0,2.64,10.0,0.4,0.6,0.5,-6.41,-0.91,2.34,-1.2,18.0,4.13,10.0,0.4,0.6,0.5,-0.46,3.0,6.11,2.54,18.0,3.68,10.0,0.4,0.6,0.5,1018.7,1022.0,1027.94,1022.71,18.0,5.42,10.0,0.4,0.6,0.5,5.4,7.0,8.0,6.1,18.0,2.3,10.0,0.4,0.6,0.5,-49.3,-1.6,10.1,-10.2,18.0,32.6,10.0,0.4,0.6,0.5,-4.0,12.4,40.3,17.5,18.0,25.2,10.0,0.4,0.6,0.5,-2.62,0.45,2.29,0.03,14.0,3.17,10.0,0.4,0.6,0.5,-11.5,1.0,10.4,-0.1,14.0,22.2,10.0,0.4,0.6,0.5,0.59,1.38,2.95,1.59,12.0,1.27,10.0,0.4,0.6,0.5,1.3,6.7,13.3,8.4,12.0,10.3,10.0,0.4,0.6,0.5,-109.7,-12.4,40.6,-20.2,17.0,67.1,10.0,0.4,0.6,0.5,-11.8,34.2,111.8,41.5,17.0,64.9,10.0,0.4,0.6,0.5,-61.3,0.0,34.1,-8.4,14.0,42.0,12.0,0.4,0.6,0.5,0.0,25.7,53.2,24.0,14.0,39.7,12.0,0.4,0.6,0.5,-8.7,-0.9,2.6,-4.2,12.0,11.7,10.0,0.4,0.6,0.5,-2.5,1.5,5.9,1.4,12.0,4.8,10.0,0.4,0.6,0.5,53.5,185.5,551.5,266.0,18.0,241.0,10.0,0.4,0.6,0.5,55.0,185.0,550.0,265.0,18.0,240.0,10.0,0.4,0.6,0.5
1974,2,204.0,34.0,14.83,15.3,15.97,15.26,21.0,0.79,8.0,0.5,0.7,0.6,14.33,15.6,16.37,15.42,24.0,1.54,10.0,0.5,0.7,0.6,7.2,9.63,10.26,9.02,21.0,1.54,8.0,0.5,0.7,0.6,71.7,87.9,93.7,83.2,21.0,12.2,8.0,0.5,0.6,2.6,5.1,8.91,6.05,25.0,3.42,10.0,0.5,0.7,0.6,-2.04,0.0,5.03,0.82,25.0,3.53,10.0,0.5,0.7,0.6,-3.21,2.44,6.32,1.97,25.0,5.71,10.0,0.5,0.7,0.6,1017.2,1023.0,1028.02,1022.34,25.0,5.36,10.0,0.5,0.7,0.6,6.4,8.0,8.0,7.1,25.0,1.8,10.0,0.5,0.7,0.6,-9.7,0.0,48.1,11.1,25.0,34.2,10.0,0.5,0.7,0.6,-13.3,6.4,44.9,14.1,25.0,64.7,10.0,0.5,0.7,0.6,-1.2,-0.35,0.59,-0.33,20.0,1.14,8.0,0.5,0.6,0.6,-6.2,-1.1,4.0,-0.6,20.0,9.2,8.0,0.5,0.6,0.6,0.41,1.07,2.51,1.45,20.0,1.33,8.0,0.5,0.6,0.6,1.2,5.8,14.1,9.1,20.0,9.8,8.0,0.5,0.6,0.6,-36.0,0.0,80.2,11.3,24.0,56.6,10.0,0.5,0.7,0.6,-47.0,41.5,105.6,37.6,24.0,85.8,10.0,0.5,0.7,0.6,-30.1,-5.2,34.9,0.8,21.0,30.5,8.0,0.5,0.7,0.6,-19.3,26.2,55.5,21.6,21.0,43.0,8.0,0.5,0.7,0.6,-3.8,0.0,5.2,1.3,20.0,8.3,8.0,0.5,0.6,0.6,-0.3,3.0,9.1,1.5,20.0,10.4,8.0,0.5,0.6,0.6,17.5,132.5,712.5,470.0,25.0,914.0,10.0,0.5,0.7,0.6,20.0,135.0,715.0,470.0,25.0,915.0,10.0,0.5,0.7,0.6
1974,2,204.0,35.0,14.39,15.0,15.52,15.11,26.0,0.87,10.0,0.6,0.6,0.4,13.32,15.8,16.7,15.05,34.0,2.17,10.0,0.6,0.6,0.3,6.04,9.13,10.58,8.73,31.0,2.08,12.0,0.6,0.6,0.3,67.6,84.9,90.9,81.6,31.0,11.7,12.0,0.6,0.3,2.6,6.7,10.11,6.6,40.0,3.65,10.0,0.6,0.6,0.3,-3.14,0.23,8.51,1.53,40.0,5.35,10.0,0.6,0.6,0.3,0.0,3.33,8.04,2.75,40.0,4.37,10.0,0.6,0.6,0.3,1016.0,1019.3,1027.67,1020.98,40.0,5.32,10.0,0.6,0.6,0.3,3.0,8.0,8.0,6.5,39.0,2.2,10.0,0.5,0.6,0.3,-18.1,0.6,73.9,20.7,40.0,55.0,10.0,0.6,0.6,0.3,0.0,14.9,66.2,23.4,40.0,44.6,10.0,0.6,0.6,0.3,-1.52,0.5,2.27,0.43,25.0,2.31,10.0,0.6,0.6,0.4,-9.3,1.6,17.8,3.3,25.0,17.3,10.0,0.6,0.6,0.4,0.05,1.81,4.41,2.24,25.0,1.94,10.0,0.6,0.6,0.4,0.1,11.2,24.4,13.8,25.0,14.0,10.0,0.6,0.6,0.4,-57.3,11.2,149.7,27.9,34.0,89.1,10.0,0.6,0.6,0.3,0.0,54.8,132.5,53.3,34.0,66.7,10.0,0.6,0.6,0.3,-29.1,7.5,85.2,20.6,31.0,54.1,12.0,0.6,0.6,0.3,-3.9,26.3,81.5,30.6,31.0,40.4,12.0,0.6,0.6,0.3,-8.9,1.3,14.2,1.6,25.0,11.5,10.0,0.6,0.6,0.4,-9.2,0.3,11.1,-0.8,25.0,16.1,10.0,0.6,0.6,0.4,17.5,301.0,1038.0,551.5,40.0,692.5,10.0,0.6,0.6,0.3,20.0,300.0,1040.0,550.0,40.0,695.0,10.0,0.6,0.6,0.3
1974,2,204.0,36.0,12.88,14.2,14.49,13.86,8.0,1.06,12.0,0.3,0.6,0.4,11.14,13.9,14.0,12.94,10.0,2.18,14.0,0.2,0.6,0.4,5.92,7.7,8.35,7.4,9.0,1.32,14.0,0.2,0.6,0.5,68.5,76.1,85.3,77.9,9.0,10.5,14.0,0.2,0.5,3.31,5.1,7.27,5.28,10.0,2.82,14.0,0.2,0.6,0.4,-3.97,-0.91,5.5,0.8,10.0,5.3,14.0,0.2,0.6,0.4,-0.97,0.0,3.96,1.31,10.0,2.86,14.0,0.2,0.6,0.4,1019.2,1024.1,1028.0,1023.94,10.0,4.52,14.0,0.2,0.6,0.4,2.0,3.5,7.6,4.4,10.0,2.6,14.0,0.2,0.6,0.4,-21.6,-2.7,32.4,11.3,10.0,46.0,14.0,0.2,0.6,0.4,-3.8,0.0,20.2,8.8,10.0,19.2,14.0,0.2,0.6,0.4,-0.44,0.2,0.5,0.04,8.0,0.99,12.0,0.3,0.6,0.4,-2.3,1.3,3.3,-1.3,8.0,9.0,12.0,0.3,0.6,0.4,1.15,2.08,3.53,2.12,8.0,1.22,12.0,0.3,0.6,0.4,6.1,10.6,15.0,11.5,8.0,6.8,12.0,0.3,0.6,0.4,-48.1,-10.1,76.5,15.0,10.0,77.4,14.0,0.2,0.6,0.4,-11.6,0.0,54.2,18.7,10.0,39.3,14.0,0.2,0.6,0.4,-32.6,-6.8,38.7,6.7,9.0,43.9,14.0,0.2,0.6,0.5,-6.5,0.0,33.7,13.7,9.0,26.3,14.0,0.2,0.6,0.5,-4.6,4.0,14.9,5.5,8.0,12.0,12.0,0.3,0.6,0.4,-2.3,0.9,4.1,1.4,8.0,4.1,12.0,0.3,0.6,0.4,37.0,132.5,390.0,274.5,10.0,433.0,14.0,0.2,0.6,0.4,35.0,135.0,390.0,275.0,10.0,435.0,14.0,0.2,0.6,0.4
1974,2,204.0,37.0,13.58,13.75,13.92,13.75,2.0,0.35,18.0,0.0,0.5,0.5,11.1,11.95,12.8,11.95,2.0,1.77,18.0,0.0,0.5,0.5,6.2,7.33,8.46,7.33,2.0,2.33,18.0,0.0,0.5,0.5,76.1,84.5,92.9,84.5,2.0,17.4,18.0,0.0,0.5,5.5,7.45,9.4,7.45,2.0,4.03,18.0,0.0,0.5,0.5,-6.39,-3.16,0.07,-3.16,2.0,6.69,18.0,0.0,0.5,0.5,-4.88,-1.15,2.59,-1.15,2.0,7.74,18.0,0.0,0.5,0.5,1025.05,1025.8,1026.55,1025.8,2.0,1.56,18.0,0.0,0.5,0.5,7.2,7.5,7.8,7.5,2.0,0.7,18.0,0.0,0.5,0.5,-67.2,-37.0,-6.8,-37.0,2.0,62.6,18.0,0.0,0.5,0.5,-54.2,-24.2,5.9,-24.2,2.0,62.3,18.0,0.0,0.5,0.5,0.78,1.8,2.82,1.8,2.0,2.12,18.0,0.0,0.5,0.5,6.6,17.7,28.8,17.7,2.0,23.1,18.0,0.0,0.5,0.5,1.06,2.3,3.54,2.3,2.0,2.57,18.0,0.0,0.5,0.5,8.6,22.3,36.0,22.3,2.0,28.4,18.0,0.0,0.5,0.5,-67.7,-31.8,4.1,-31.8,2.0,74.4,18.0,0.0,0.5,0.5,-50.5,-6.9,36.8,-6.9,2.0,90.4,18.0,0.0,0.5,0.5,-35.5,-15.3,4.8,-15.3,2.0,41.7,18.0,0.0,0.5,0.5,-25.5,0.6,26.7,0.6,2.0,54.0,18.0,0.0,0.5,0.5,-27.2,-15.9,-4.5,-15.9,2.0,23.5,18.0,0.0,0.5,0.5,-22.6,-12.6,-2.6,-12.6,2.0,20.8,18.0,0.0,0.5,0.5,255.5,595.0,935.0,595.0,2.0,704.0,18.0,0.0,0.5,0.5,255.0,595.0,935.0,595.0,2.0,705.0,18.0,0.0,0.5,0.5
1974,2,204.0,38.0,12.43,14.0,15.09,13.77,3.0,1.96,18.0,0.3,0.6,0.5,6.45,7.2,12.18,9.27,3.0,4.57,18.0,0.3,0.6,0.5,4.93,4.93,4.93,4.93,1.0,0.0,20.0,0.0,0.9,0.8,85.2,85.2,85.2,85.2,1.0,0.0,20.0,0.0,0.8,11.79,15.0,15.27,13.57,3.0,2.84,18.0,0.3,0.6,0.5,4.08,5.27,8.25,6.14,3.0,3.15,18.0,0.3,0.6,0.5,-12.95,-9.68,4.77,-4.22,3.0,13.82,18.0,0.3,0.6,0.5,1018.18,1020.3,1026.92,1022.5,3.0,6.68,18.0,0.3,0.6,0.5,4.3,5.0,7.0,5.7,3.0,2.1,18.0,0.3,0.6,0.5,50.5,81.1,124.5,87.3,3.0,54.4,18.0,0.3,0.6,0.5,-183.8,-99.7,86.0,-50.1,3.0,202.2,18.0,0.3,0.6,0.5,1.09,4.5,7.91,4.5,3.0,5.0,18.0,0.3,0.6,0.5,9.6,46.4,114.6,61.7,3.0,78.0,18.0,0.3,0.6,0.5,5.99,5.99,5.99,5.99,1.0,0.0,20.0,0.0,0.9,0.8,92.3,92.3,92.3,92.3,1.0,0.0,20.0,0.0,0.9,0.8,27.5,32.1,105.6,65.8,3.0,64.2,18.0,0.3,0.6,0.5,-82.4,-69.7,91.6,2.9,3.0,142.1,18.0,0.3,0.6,0.5,25.9,25.9,25.9,25.9,1.0,0.0,20.0,0.0,0.9,0.8,-71.3,-71.3,-71.3,-71.3,1.0,0.0,20.0,0.0,0.9,0.8,31.6,31.6,31.6,31.6,1.0,0.0,20.0,0.0,0.9,0.8,-86.7,-86.7,-86.7,-86.7,1.0,0.0,20.0,0.0,0.9,0.8,1817.0,3375.0,3564.5,2706.5,3.0,1404.5,18.0,0.3,0.6,0.5,1815.0,3375.0,3565.0,2705.0,3.0,1405.0,18.0,0.3,0.6,0.5
1974,2,204.0,39.0,10.75,12.25,13.0,11.83,6.0,1.39,10.0,0.3,0.4,0.3,11.48,11.75,12.5,11.85,6.0,0.58,10.0,0.3,0.4,0.3,7.02,7.98,8.8,7.92,6.0,0.94,10.0,0.3,0.4,0.3,85.9,92.7,100.0,91.8,6.0,8.8,10.0,0.3,0.3,7.4,9.3,10.42,8.46,7.0,3.54,8.0,0.3,0.5,0.3,-1.59,1.61,5.28,2.05,7.0,6.12,8.0,0.3,0.5,0.3,-1.53,6.67,7.92,2.9,7.0,6.61,8.0,0.3,0.5,0.3,1005.76,1016.0,1018.19,1013.36,7.0,7.42,8.0,0.3,0.5,0.3,3.8,7.0,8.0,6.0,7.0,3.0,8.0,0.3,0.5,0.3,-13.1,15.0,53.7,25.6,7.0,72.2,8.0,0.3,0.5,0.3,-5.7,51.3,81.4,26.8,7.0,60.3,8.0,0.3,0.5,0.3,-0.87,-0.25,1.37,-0.02,6.0,1.5,10.0,0.3,0.4,0.3,-7.7,-2.4,14.2,1.5,6.0,15.1,10.0,0.3,0.4,0.3,-0.48,0.49,2.23,0.71,6.0,1.46,10.0,0.3,0.4,0.3,-4.2,4.6,25.4,8.2,6.0,14.9,10.0,0.3,0.4,0.3,-28.3,33.6,77.9,29.6,6.0,74.1,10.0,0.3,0.4,0.3,-22.3,86.0,94.5,43.6,6.0,83.3,10.0,0.3,0.4,0.3,-19.2,22.3,53.8,19.9,6.0,48.5,10.0,0.3,0.4,0.3,-12.7,58.7,66.8,32.7,6.0,53.3,10.0,0.3,0.4,0.3,-2.1,1.4,9.0,4.7,6.0,11.4,10.0,0.3,0.4,0.3,-12.3,-1.2,2.7,-4.8,6.0,10.8,10.0,0.3,0.4,0.3,435.0,804.5,1143.0,843.0,7.0,680.5,8.0,0.3,0.5,0.3,435.0,805.0,1145.0,845.0,7.0,680.0,8.0,0.3,0.5,0.3
1974,2,204.0,40.0,10.71,11.3,12.56,11.39,9.0,1.1,16.0,0.8,0.6,0.3,8.64,10.6,11.57,10.23,10.0,1.62,18.0,0.8,0.6,0.4,6.13,6.62,6.98,6.39,9.0,0.75,16.0,0.8,0.6,0.3,75.8,82.1,85.1,81.2,9.0,4.8,16.0,0.8,0.3,10.01,12.95,14.97,12.74,10.0,3.17,18.0,0.8,0.6,0.4,1.05,8.22,11.22,6.64,10.0,5.06,18.0,0.8,0.6,0.4,-12.79,6.48,7.81,1.56,10.0,10.64,18.0,0.8,0.6,0.4,1008.34,1015.45,1022.12,1015.42,10.0,7.33,18.0,0.8,0.6,0.4,6.0,7.0,8.0,6.7,10.0,1.8,18.0,0.8,0.6,0.4,7.6,91.9,145.4,86.3,10.0,78.7,18.0,0.8,0.6,0.4,-181.9,71.5,89.1,12.5,10.0,157.1,18.0,0.8,0.6,0.4,-0.4,1.5,2.15,0.91,9.0,1.36,16.0,0.8,0.6,0.3,-4.9,10.8,27.9,11.1,9.0,18.4,16.0,0.8,0.6,0.3,1.61,1.99,2.46,1.96,9.0,0.53,16.0,0.8,0.6,0.3,16.9,22.7,34.1,24.8,9.0,10.0,16.0,0.8,0.6,0.3,10.0,79.2,130.3,71.3,10.0,56.9,18.0,0.8,0.6,0.4,-98.7,73.9,84.0,26.8,10.0,102.0,18.0,0.8,0.6,0.4,22.0,53.3,74.3,47.3,9.0,31.0,16.0,0.8,0.6,0.3,-24.8,43.0,55.2,25.0,9.0,58.4,16.0,0.8,0.6,0.3,5.9,18.3,19.5,13.1,9.0,9.7,16.0,0.8,0.6,0.3,-18.3,11.4,16.4,3.2,9.0,22.2,16.0,0.8,0.6,0.3,1006.0,2172.0,3367.0,2413.5,10.0,1698.0,18.0,0.8,0.6,0.4,1005.0,2170.0,3365.0,2415.0,10.0,1700.0,18.0,0.8,0.6,0.4
1974,2,204.0,41.0,8.38,9.5,10.89,9.91,8.0,2.37,16.0,0.4,0.7,0.6,8.28,10.5,12.03,10.38,10.0,2.95,18.0,0.4,0.8,0.7,5.49,5.89,8.02,6.39,9.0,1.48,16.0,0.4,0.7,0.6,64.7,74.7,94.5,78.6,9.0,15.6,16.0,0.4,0.6,6.84,12.6,18.0,12.29,10.0,5.61,18.0,0.4,0.8,0.7,0.0,2.17,8.06,3.8,10.0,4.12,18.0,0.4,0.8,0.7,-5.85,6.83,18.0,6.56,10.0,10.88,18.0,0.4,0.8,0.7,1010.5,1016.8,1024.0,1017.54,10.0,7.18,18.0,0.4,0.8,0.7,3.7,7.5,8.0,6.3,10.0,2.4,18.0,0.4,0.8,0.7,0.0,11.8,109.4,43.8,10.0,53.8,18.0,0.4,0.8,0.7,-39.1,70.1,324.0,123.6,10.0,180.4,18.0,0.4,0.8,0.7,-5.4,-0.9,0.27,-1.56,8.0,3.5,16.0,0.4,0.7,0.6,-28.0,-16.2,5.4,-18.1,8.0,33.8,16.0,0.4,0.7,0.6,0.55,1.02,2.13,0.91,8.0,1.44,16.0,0.4,0.7,0.6,4.7,12.9,18.8,8.5,8.0,18.5,16.0,0.4,0.7,0.6,0.0,26.9,91.4,39.3,10.0,42.6,18.0,0.4,0.8,0.7,-47.4,73.1,187.5,77.7,10.0,108.4,18.0,0.4,0.8,0.7,0.0,25.3,53.5,25.4,9.0,25.5,16.0,0.4,0.7,0.6,-10.2,47.8,117.4,60.0,9.0,65.9,16.0,0.4,0.7,0.6,0.0,0.7,9.1,2.4,8.0,10.1,16.0,0.4,0.7,0.6,-2.6,9.2,13.6,5.7,8.0,16.7,16.0,0.4,0.7,0.6,332.0,2004.0,5832.0,2884.5,10.0,2845.5,18.0,0.4,0.8,0.7,330.0,2005.0,5830.0,2885.0,10.0,2845.0,18.0,0.4,0.8,0.7
1974,2,204.0,42.0,9.46,9.8,10.14,9.8,2.0,0.71,22.0,1.0,0.5,0.1,7.63,9.2,11.59,9.6,3.0,2.92,14.0,0.7,0.7,0.1,4.35,4.99,7.08,5.7,3.0,2.09,14.0,0.7,0.7,0.1,67.3,69.9,82.4,74.7,3.0,11.8,14.0,0.7,0.1,14.61,17.2,19.26,16.95,4.0,2.73,16.0,0.5,0.7,0.3,3.31,9.37,13.44,8.42,4.0,6.5,16.0,0.5,0.7,0.3,-11.28,1.07,15.69,2.15,4.0,15.73,16.0,0.5,0.7,0.3,1012.73,1017.1,1019.74,1016.28,4.0,5.06,16.0,0.5,0.7,0.3,5.0,7.0,8.0,6.5,4.0,1.9,16.0,0.5,0.7,0.3,46.0,139.1,239.1,142.4,4.0,123.9,16.0,0.5,0.7,0.3,-200.6,7.4,268.8,32.9,4.0,281.1,16.0,0.5,0.7,0.3,0.62,1.75,2.88,1.75,2.0,2.33,22.0,1.0,0.5,0.1,9.9,27.1,44.4,27.1,2.0,35.7,22.0,1.0,0.5,0.1,2.44,2.94,3.45,2.94,2.0,1.05,22.0,1.0,0.5,0.1,44.2,49.3,54.4,49.3,2.0,10.5,22.0,1.0,0.5,0.1,25.8,81.4,86.1,56.6,3.0,49.1,14.0,0.7,0.7,0.1,1.9,152.9,167.8,86.5,3.0,134.5,14.0,0.7,0.7,0.1,15.2,47.8,53.4,34.6,3.0,30.2,14.0,0.7,0.7,0.1,2.7,94.8,96.3,50.5,3.0,78.5,14.0,0.7,0.7,0.1,6.9,21.7,36.6,21.7,2.0,30.7,22.0,1.0,0.5,0.1,-24.0,2.7,29.4,2.7,2.0,55.4,22.0,1.0,0.5,0.1,3146.0,5255.5,7150.0,5153.0,4.0,2335.5,16.0,0.5,0.7,0.3,3145.0,5255.0,7150.0,5155.0,4.0,2335.0,16.0,0.5,0.7,0.3
1974,2,204.0,43.0,7.32,8.0,8.55,7.93,3.0,0.9,16.0,0.7,0.8,0.5,3.9,6.0,9.75,6.64,5.0,3.6,18.0,0.4,0.7,0.5,4.31,4.85,5.88,5.13,5.0,1.37,18.0,0.4,0.7,0.5,79.9,86.9,87.6,83.5,5.0,8.5,18.0,0.4,0.5,7.47,13.4,15.4,11.72,5.0,4.27,18.0,0.4,0.7,0.5,2.49,9.9,13.25,8.19,5.0,5.62,18.0,0.4,0.7,0.5,-9.43,-5.37,4.29,-3.04,5.0,7.93,18.0,0.4,0.7,0.5,1005.02,1015.5,1025.05,1014.84,5.0,10.86,18.0,0.4,0.7,0.5,3.9,7.0,8.0,6.0,4.0,2.8,16.0,0.3,0.7,0.5,16.5,152.4,187.3,113.1,5.0,91.1,18.0,0.4,0.7,0.5,-108.4,-33.3,63.1,-26.3,5.0,111.9,18.0,0.4,0.7,0.5,-1.14,2.0,4.73,1.8,3.0,4.3,16.0,0.7,0.8,0.5,-22.1,16.4,68.3,22.9,3.0,66.5,16.0,0.7,0.8,0.5,0.21,1.49,2.42,1.32,3.0,1.63,16.0,0.7,0.8,0.5,-0.2,12.2,33.9,16.7,3.0,25.3,16.0,0.7,0.8,0.5,14.4,19.8,129.2,62.7,5.0,66.5,18.0,0.4,0.7,0.5,-35.2,-23.6,45.1,2.4,5.0,53.2,18.0,0.4,0.7,0.5,12.2,37.3,76.9,44.5,5.0,37.8,18.0,0.4,0.7,0.5,-40.0,-26.7,28.1,-8.0,5.0,42.4,18.0,0.4,0.7,0.5,-2.9,2.1,20.0,8.4,3.0,17.6,16.0,0.7,0.8,0.5,-26.8,-12.1,-5.9,-16.3,3.0,15.8,16.0,0.7,0.8,0.5,437.0,2406.0,3652.5,2100.0,5.0,1641.5,18.0,0.4,0.7,0.5,435.0,2405.0,3650.0,2100.0,5.0,1640.0,18.0,0.4,0.7,0.5
1974,2,204.0,44.0,7.0,7.75,8.81,7.9,4.0,1.07,14.0,0.8,0.8,0.4,5.79,7.0,9.6,7.42,6.0,1.96,12.0,0.8,0.8,0.5,3.63,5.17,6.4,5.02,4.0,1.69,14.0,0.8,0.8,0.4,65.4,78.8,85.2,75.4,4.0,13.8,14.0,0.8,0.4,5.35,7.45,11.75,8.23,6.0,4.5,12.0,0.8,0.8,0.5,-1.47,4.33,10.81,4.81,6.0,6.2,12.0,0.8,0.8,0.5,-0.15,5.23,7.61,4.17,6.0,3.8,12.0,0.8,0.8,0.5,1005.63,1018.6,1022.15,1014.8,5.0,9.85,12.0,0.8,0.8,0.5,3.4,5.5,7.2,5.2,6.0,2.6,12.0,0.8,0.8,0.5,-5.4,28.1,129.4,59.5,6.0,83.6,12.0,0.8,0.8,0.5,-0.3,44.3,70.8,44.0,6.0,44.3,12.0,0.8,0.8,0.5,-2.05,0.0,2.62,0.28,4.0,3.03,14.0,0.8,0.8,0.4,-27.9,-2.8,14.3,-6.6,4.0,29.8,14.0,0.8,0.8,0.4,0.14,1.33,3.0,1.56,4.0,1.93,14.0,0.8,0.8,0.4,-2.1,5.1,16.3,7.0,4.0,13.6,14.0,0.8,0.8,0.4,-12.0,24.1,83.9,38.0,6.0,56.1,12.0,0.8,0.8,0.5,-0.9,36.6,73.1,36.3,6.0,35.0,12.0,0.8,0.8,0.5,-8.3,5.3,56.1,23.0,4.0,46.5,14.0,0.8,0.8,0.4,-1.6,22.7,48.9,23.6,4.0,29.2,14.0,0.8,0.8,0.4,-5.1,-2.4,12.7,3.5,4.0,14.7,14.0,0.8,0.8,0.4,-2.6,-0.7,3.3,0.3,4.0,4.3,14.0,0.8,0.8,0.4,191.0,415.0,1754.0,998.0,6.0,1367.5,12.0,0.8,0.8,0.5,190.0,415.0,1755.0,1000.0,6.0,1370.0,12.0,0.8,0.8,0.5
1974,2,204.0,45.0,5.59,7.15,8.37,7.25,6.0,2.53,14.0,0.5,0.6,0.6,2.6,6.0,6.91,5.37,6.0,2.33,14.0,0.5,0.6,0.6,3.18,4.65,5.88,4.63,6.0,1.37,14.0,0.5,0.6,0.6,70.6,78.6,95.3,81.6,6.0,12.9,14.0,0.5,0.6,6.56,9.0,14.39,9.87,6.0,4.37,14.0,0.5,0.6,0.6,3.16,6.37,13.52,7.3,6.0,5.99,14.0,0.5,0.6,0.6,-5.79,-3.63,4.61,-1.4,6.0,5.82,14.0,0.5,0.6,0.6,1000.95,1019.85,1025.01,1014.68,6.0,12.91,14.0,0.5,0.6,0.6,5.6,6.5,8.0,6.5,6.0,1.5,14.0,0.5,0.6,0.6,28.8,52.2,195.2,93.0,6.0,95.3,14.0,0.5,0.6,0.6,-71.0,-42.0,26.1,-26.0,6.0,58.6,14.0,0.5,0.6,0.6,-1.71,2.45,4.91,1.88,6.0,3.33,14.0,0.5,0.6,0.6,-10.8,27.5,53.2,25.7,6.0,34.8,14.0,0.5,0.6,0.6,0.22,2.19,2.82,1.74,6.0,1.4,14.0,0.5,0.6,0.6,0.6,18.5,38.4,20.5,6.0,20.5,14.0,0.5,0.6,0.6,25.3,36.4,39.2,29.6,6.0,19.1,14.0,0.5,0.6,0.6,-20.6,-13.3,33.1,0.8,6.0,37.7,14.0,0.5,0.6,0.6,20.7,33.5,42.9,29.3,6.0,18.9,14.0,0.5,0.6,0.6,-19.8,-14.8,24.4,-2.0,6.0,30.1,14.0,0.5,0.6,0.6,-0.6,14.8,36.1,18.3,6.0,19.6,14.0,0.5,0.6,0.6,-14.4,-9.3,-1.3,-8.4,6.0,7.3,14.0,0.5,0.6,0.6,310.5,731.5,3007.5,1445.0,6.0,1574.0,14.0,0.5,0.6,0.6,310.0,730.0,3005.0,1445.0,6.0,1575.0,14.0,0.5,0.6,0.6
1974,2,204.0,46.0,4.86,6.5,6.6,5.64,5.0,2.04,14.0,0.6,0.6,0.3,0.06,2.2,7.73,3.66,5.0,4.12,14.0,0.6,0.6,0.3,2.41,3.01,5.96,3.97,5.0,1.89,14.0,0.6,0.6,0.3,63.8,68.5,89.3,75.2,5.0,13.8,14.0,0.6,0.3,14.82,20.1,22.17,18.52,5.0,5.62,14.0,0.6,0.6,0.3,8.06,9.0,15.75,11.25,5.0,4.26,14.0,0.6,0.6,0.3,-16.67,-13.5,8.92,-5.11,5.0,15.85,14.0,0.6,0.6,0.3,1006.76,1016.2,1018.78,1013.14,5.0,7.36,14.0,0.6,0.6,0.3,4.3,6.0,7.4,5.8,5.0,1.9,14.0,0.6,0.6,0.3,117.4,162.0,351.9,219.1,5.0,130.1,14.0,0.6,0.6,0.3,-343.8,-280.6,157.4,-120.7,5.0,328.8,14.0,0.6,0.6,0.3,-2.87,4.4,6.5,1.98,5.0,5.78,14.0,0.6,0.6,0.3,-54.3,79.2,144.1,45.5,5.0,121.6,14.0,0.6,0.6,0.3,-0.52,2.98,3.58,1.71,5.0,2.42,14.0,0.6,0.6,0.3,-12.1,53.7,79.4,36.1,5.0,52.1,14.0,0.6,0.6,0.3,1.0,19.8,61.4,28.9,5.0,30.8,14.0,0.6,0.6,0.3,-13.4,0.0,76.2,31.3,5.0,80.1,14.0,0.6,0.6,0.3,33.7,38.7,45.7,39.4,5.0,8.6,14.0,0.6,0.6,0.3,-45.5,-32.4,54.6,2.4,5.0,69.6,14.0,0.6,0.6,0.3,-3.3,26.8,56.3,25.9,5.0,31.4,14.0,0.6,0.6,0.3,-54.9,-46.5,-21.8,-39.0,5.0,24.9,14.0,0.6,0.6,0.3,3996.0,8120.5,11054.5,7638.0,5.0,4887.0,14.0,0.6,0.6,0.3,3995.0,8120.0,11055.0,7640.0,5.0,4885.0,14.0,0.6,0.6,0.3
1974,2,204.0,47.0,4.9,6.0,7.02,5.93,7.0,1.54,16.0,0.7,0.6,0.4,3.0,5.0,6.55,4.93,7.0,1.72,16.0,0.7,0.7,0.5,3.79,5.19,5.54,4.81,6.0,1.0,16.0,0.7,0.6,0.4,77.9,88.4,97.3,87.1,6.0,11.5,16.0,0.7,0.4,6.4,13.1,20.02,13.15,8.0,6.78,16.0,0.8,0.6,0.5,-6.68,5.78,10.26,3.97,8.0,8.49,16.0,0.8,0.6,0.5,-17.17,3.32,6.86,-1.83,8.0,12.23,16.0,0.8,0.6,0.5,1000.11,1009.0,1016.28,1008.5,8.0,7.94,16.0,0.8,0.6,0.5,5.0,7.0,8.0,6.9,7.0,1.3,16.0,0.7,0.6,0.5,-53.5,53.0,205.6,81.6,8.0,156.4,16.0,0.8,0.6,0.5,-346.9,20.9,70.9,-77.4,8.0,225.4,16.0,0.8,0.6,0.5,-0.71,0.75,2.6,0.83,6.0,1.78,16.0,0.7,0.6,0.4,-4.0,10.0,27.9,13.1,6.0,20.5,16.0,0.7,0.6,0.4,0.51,1.04,1.36,1.0,6.0,0.93,16.0,0.7,0.6,0.4,4.8,11.8,20.7,13.8,6.0,14.0,16.0,0.7,0.6,0.4,-37.8,21.3,31.0,5.0,7.0,32.7,16.0,0.7,0.7,0.5,-36.3,25.4,47.8,14.0,7.0,44.5,16.0,0.7,0.7,0.5,-40.5,9.6,33.7,1.7,6.0,35.6,16.0,0.7,0.6,0.4,-44.7,18.9,39.7,5.2,6.0,50.7,16.0,0.7,0.6,0.4,-7.8,-0.6,11.2,2.6,6.0,12.4,16.0,0.7,0.6,0.4,-16.6,0.6,8.1,-3.6,6.0,15.7,16.0,0.7,0.6,0.4,268.5,2456.0,8177.5,3937.5,8.0,4754.0,16.0,0.8,0.6,0.5,270.0,2455.0,8175.0,3940.0,8.0,4755.0,16.0,0.8,0.6,0.5
1974,2,204.0,48.0,5.0,5.45,6.0,5.45,10.0,1.24,16.0,0.8,0.8,0.4,0.0,3.75,6.51,3.27,10.0,3.33,16.0,0.8,0.8,0.4,2.8,4.02,5.78,4.35,10.0,1.47,16.0,0.8,0.8,0.4,68.6,92.2,100.0,86.9,10.0,14.2,16.0,0.8,0.4,6.84,10.3,15.69,10.8,10.0,5.08,16.0,0.8,0.8,0.4,1.84,8.41,13.51,7.79,10.0,6.13,16.0,0.8,0.8,0.4,-9.07,-2.05,5.28,-2.08,10.0,6.75,16.0,0.8,0.8,0.4,995.63,1007.25,1013.84,1004.57,10.0,12.71,16.0,0.8,0.8,0.4,4.2,7.0,8.0,6.5,8.0,1.7,18.0,0.9,0.8,0.3,22.4,86.6,202.8,109.0,10.0,96.7,16.0,0.8,0.8,0.4,-140.9,-16.8,44.6,-43.6,10.0,99.0,16.0,0.8,0.8,0.4,-1.23,2.75,4.8,2.18,10.0,3.02,16.0,0.8,0.8,0.4,-10.4,17.5,65.6,29.6,10.0,48.4,16.0,0.8,0.8,0.4,0.03,1.44,2.47,1.29,10.0,1.22,16.0,0.8,0.8,0.4,-0.3,15.6,35.7,16.6,10.0,19.0,16.0,0.8,0.8,0.4,-17.8,3.9,51.6,14.3,10.0,32.9,16.0,0.8,0.8,0.4,-14.1,0.0,35.6,8.2,10.0,25.8,16.0,0.8,0.8,0.4,0.7,40.1,47.1,28.1,10.0,25.3,16.0,0.8,0.8,0.4,-28.6,-5.0,32.3,-2.5,10.0,29.6,16.0,0.8,0.8,0.4,0.0,12.3,30.0,14.4,10.0,16.0,16.0,0.8,0.8,0.4,-15.5,-5.8,0.0,-8.3,10.0,10.3,16.0,0.8,0.8,0.4,332.0,1092.5,3862.5,2012.0,10.0,2202.0,16.0,0.8,0.8,0.4,330.0,1095.0,3860.0,2010.0,10.0,2200.0,16.0,0.8,0.8,0.4
1974,2,204.0,49.0,4.21,5.65,7.0,5.48,10.0,1.37,12.0,0.5,0.6,0.3,0.86,5.0,6.06,3.83,10.0,2.83,12.0,0.5,0.6,0.3,3.51,4.73,5.37,4.53,9.0,1.06,10.0,0.6,0.6,0.3,78.5,85.8,93.1,86.9,9.0,8.6,10.0,0.6,0.3,7.63,11.8,12.9,10.62,10.0,2.88,12.0,0.5,0.6,0.3,-1.66,6.8,11.47,5.18,10.0,7.17,12.0,0.5,0.6,0.3,-5.45,1.6,8.54,1.76,10.0,6.99,12.0,0.5,0.6,0.3,995.57,1006.5,1012.29,1005.38,10.0,9.3,12.0,0.5,0.6,0.3,3.3,6.0,7.7,5.6,9.0,1.9,14.0,0.6,0.7,0.3,-18.5,56.9,141.1,61.5,10.0,85.9,12.0,0.5,0.6,0.3,-68.7,7.0,97.5,14.0,10.0,85.8,12.0,0.5,0.6,0.3,-0.07,1.0,3.43,1.65,10.0,2.73,12.0,0.5,0.6,0.3,-1.8,11.1,43.3,20.2,10.0,36.6,12.0,0.5,0.6,0.3,0.65,1.15,1.99,1.23,9.0,1.06,10.0,0.6,0.6,0.3,4.2,13.6,25.2,14.6,9.0,15.2,10.0,0.6,0.6,0.3,-18.2,11.3,31.5,7.0,10.0,33.3,12.0,0.5,0.6,0.3,-7.1,18.9,53.0,21.6,10.0,30.7,12.0,0.5,0.6,0.3,-9.4,29.1,37.2,15.5,9.0,32.0,10.0,0.6,0.6,0.3,-15.1,24.4,44.6,15.6,9.0,30.3,10.0,0.6,0.6,0.3,0.4,4.6,22.4,10.8,9.0,13.9,10.0,0.6,0.6,0.3,-10.9,-1.0,10.4,-0.9,9.0,12.1,10.0,0.6,0.6,0.3,449.5,1643.0,2146.5,1420.0,10.0,857.5,12.0,0.5,0.6,0.3,450.0,1645.0,2145.0,1420.0,10.0,860.0,12.0,0.5,0.6,0.3
1974,2,204.0,50.0,4.32,4.5,6.18,5.1,5.0,1.08,14.0,0.6,0.9,0.3,-0.67,4.2,6.0,2.86,5.0,3.63,14.0,0.6,0.9,0.3,3.06,5.01,5.05,4.21,5.0,1.16,14.0,0.6,0.9,0.3,83.6,85.8,89.7,86.8,5.0,6.0,14.0,0.6,0.3,7.07,14.9,19.54,13.98,5.0,7.98,14.0,0.6,0.9,0.3,5.72,8.2,16.5,10.46,5.0,6.89,14.0,0.6,0.9,0.3,-14.83,0.0,3.39,-4.6,5.0,9.86,14.0,0.6,0.9,0.3,994.05,996.8,1000.02,996.88,5.0,4.74,14.0,0.6,0.9,0.3,6.6,7.0,8.0,7.2,5.0,0.8,14.0,0.6,0.9,0.3,45.9,128.0,323.6,185.7,5.0,195.1,14.0,0.6,0.9,0.3,-295.8,0.0,29.6,-116.7,5.0,202.1,14.0,0.6,0.9,0.3,-0.67,0.0,5.9,2.24,5.0,4.15,14.0,0.6,0.9,0.3,-3.8,0.0,124.5,55.9,5.0,96.3,14.0,0.6,0.9,0.3,0.2,0.84,2.5,1.32,5.0,1.38,14.0,0.6,0.9,0.3,1.1,12.6,52.1,26.8,5.0,36.3,14.0,0.6,0.9,0.3,-13.9,10.5,54.0,18.9,5.0,46.9,14.0,0.6,0.9,0.3,-0.5,15.5,30.3,15.2,5.0,15.9,14.0,0.6,0.9,0.3,20.0,41.1,60.1,40.5,5.0,24.9,14.0,0.6,0.9,0.3,-44.4,0.0,17.2,-10.4,5.0,32.4,14.0,0.6,0.9,0.3,0.7,12.4,34.6,19.4,5.0,27.6,14.0,0.6,0.9,0.3,-38.0,0.0,1.6,-16.1,5.0,25.7,14.0,0.6,0.9,0.3,398.5,3308.0,8799.5,5012.5,5.0,6902.0,14.0,0.6,0.9,0.3,400.0,3310.0,8800.0,5015.0,5.0,6900.0,14.0,0.6,0.9,0.3
1974,2,204.0,51.0,2.32,3.0,3.68,3.0,3.0,1.0,16.0,1.0,0.5,0.5,2.43,5.5,6.87,4.67,3.0,3.33,12.0,1.0,0.4,0.4,5.17,5.17,5.17,5.17,1.0,0.0,6.0,1.0,0.6,0.1,80.1,80.1,80.1,80.1,1.0,0.0,6.0,1.0,0.1,8.96,13.5,15.47,12.28,4.0,4.38,14.0,1.0,0.5,0.4,2.5,9.93,10.77,6.79,4.0,7.21,14.0,1.0,0.5,0.4,-8.64,-4.43,4.07,-2.39,4.0,9.95,14.0,1.0,0.5,0.4,1003.38,1006.55,1011.03,1007.18,4.0,5.62,14.0,1.0,0.5,0.4,7.5,8.0,8.0,7.8,4.0,0.5,14.0,1.0,0.5,0.4,51.5,140.0,154.0,104.4,4.0,86.8,14.0,1.0,0.5,0.4,-124.9,-39.3,76.3,-25.0,4.0,150.6,14.0,1.0,0.5,0.4,,,,,,,,,,,,,,,,,,,,,,,,,,,,,,,,,,,,,,,,,-16.8,11.3,39.8,11.5,3.0,41.5,12.0,1.0,0.4,0.4,-25.6,-4.1,41.8,7.8,3.0,50.5,12.0,1.0,0.4,0.4,-20.6,-20.6,-20.6,-20.6,1.0,0.0,6.0,1.0,0.6,0.1,-24.6,-24.6,-24.6,-24.6,1.0,0.0,6.0,1.0,0.6,0.1,,,,,,,,,,,,,,,,,,,,,,,,,,,,,,,,,,,,,,,,
1974,2,204.0,52.0,2.37,3.7,4.63,3.56,12.0,1.31,14.0,0.7,0.6,0.4,0.9,3.0,4.64,2.63,13.0,2.59,14.0,0.6,0.6,0.4,3.54,4.27,4.88,4.22,8.0,0.65,14.0,0.8,0.6,0.5,77.6,84.5,98.7,86.0,8.0,9.7,14.0,0.8,0.5,9.3,11.0,14.5,11.88,13.0,3.02,14.0,0.6,0.6,0.4,3.34,7.07,10.13,6.22,13.0,5.54,14.0,0.6,0.6,0.4,-7.72,6.62,9.41,2.34,13.0,9.14,14.0,0.6,0.6,0.4,993.31,1008.5,1012.82,1004.44,13.0,10.29,14.0,0.6,0.6,0.4,7.0,8.0,8.0,7.0,9.0,1.9,12.0,0.8,0.5,0.4,29.2,77.8,132.5,82.6,13.0,82.9,14.0,0.6,0.6,0.4,-109.9,68.2,109.7,22.0,13.0,124.9,14.0,0.6,0.6,0.4,-1.15,0.05,1.51,0.38,12.0,1.87,14.0,0.7,0.6,0.4,-14.5,0.7,17.1,5.5,12.0,24.7,14.0,0.7,0.6,0.4,0.29,0.84,1.35,0.79,8.0,0.54,14.0,0.8,0.6,0.5,3.7,8.5,21.5,11.1,8.0,9.2,14.0,0.8,0.6,0.5,-1.4,18.9,41.9,17.9,13.0,24.4,14.0,0.6,0.6,0.4,-19.4,19.9,51.9,14.5,13.0,30.3,14.0,0.6,0.6,0.4,15.0,23.6,46.7,22.6,8.0,29.0,14.0,0.8,0.6,0.5,-38.6,36.0,48.6,12.9,8.0,42.6,14.0,0.8,0.6,0.5,1.5,4.3,10.7,6.4,8.0,6.4,14.0,0.8,0.6,0.5,-14.6,1.2,6.8,-1.3,8.0,11.7,14.0,0.8,0.6,0.5,804.5,1331.0,3049.5,1994.5,13.0,1609.0,14.0,0.6,0.6,0.4,805.0,1330.0,3050.0,1995.0,13.0,1610.0,14.0,0.6,0.6,0.4
1974,2,204.0,53.0,3.0,3.2,4.0,3.37,12.0,0.67,10.0,0.4,0.6,0.4,1.86,4.0,5.05,3.33,12.0,2.33,10.0,0.4,0.6,0.4,3.67,4.38,4.79,4.27,12.0,0.63,10.0,0.4,0.6,0.4,81.5,88.4,92.6,87.5,12.0,7.2,10.0,0.4,0.4,3.47,7.85,9.8,7.4,12.0,3.51,10.0,0.4,0.6,0.4,-1.45,0.0,2.55,0.46,12.0,3.38,10.0,0.4,0.6,0.4,2.31,7.1,9.69,6.1,12.0,4.45,10.0,0.4,0.6,0.4,994.74,1004.0,1008.88,1001.25,12.0,8.44,10.0,0.4,0.6,0.4,7.0,8.0,8.0,7.1,9.0,1.6,10.0,0.4,0.6,0.4,-5.3,0.0,28.1,7.6,12.0,32.7,10.0,0.4,0.6,0.4,10.4,54.0,95.0,57.8,12.0,55.9,10.0,0.4,0.6,0.4,-2.0,-0.75,1.39,0.04,12.0,2.78,10.0,0.4,0.6,0.4,-17.4,-7.3,4.5,-6.4,12.0,13.0,10.0,0.4,0.6,0.4,-0.02,0.39,1.16,0.6,12.0,0.76,10.0,0.4,0.6,0.4,0.0,3.1,5.7,2.5,12.0,3.1,10.0,0.4,0.6,0.4,-1.9,0.0,11.6,2.9,12.0,13.2,10.0,0.4,0.6,0.4,6.7,33.6,43.9,27.1,12.0,19.6,10.0,0.4,0.6,0.4,-5.2,0.0,12.1,2.7,12.0,15.1,10.0,0.4,0.6,0.4,9.2,33.0,43.2,28.0,12.0,20.3,10.0,0.4,0.6,0.4,-1.8,0.0,0.9,-0.5,12.0,2.1,10.0,0.4,0.6,0.4,-2.5,2.0,3.1,1.1,12.0,3.3,10.0,0.4,0.6,0.4,42.5,484.5,941.0,663.0,12.0,815.5,10.0,0.4,0.6,0.4,40.0,485.0,940.0,665.0,12.0,815.0,10.0,0.4,0.6,0.4
1974,2,204.0,54.0,3.64,4.25,5.44,4.33,8.0,1.24,16.0,0.6,0.6,0.5,-0.12,2.0,2.6,1.26,7.0,2.27,16.0,0.6,0.6,0.4,3.73,4.05,4.6,4.16,4.0,0.57,12.0,0.3,0.9,0.5,87.1,92.2,96.5,91.8,4.0,7.0,12.0,0.3,0.5,7.76,10.8,14.06,10.04,8.0,4.11,16.0,0.6,0.6,0.5,-10.96,-2.95,3.43,-3.51,8.0,7.71,16.0,0.6,0.6,0.5,-9.57,-3.35,-0.18,-3.86,8.0,6.44,16.0,0.6,0.6,0.5,989.9,993.2,1010.57,998.16,7.0,9.91,16.0,0.6,0.7,0.5,7.0,8.0,8.0,7.6,7.0,0.5,18.0,0.6,0.6,0.5,-123.4,-22.7,35.8,-47.9,8.0,94.2,16.0,0.6,0.6,0.5,-101.8,-35.9,-0.4,-44.5,8.0,83.6,16.0,0.6,0.6,0.5,1.29,2.0,4.6,2.83,7.0,1.98,16.0,0.6,0.6,0.4,18.9,21.6,38.5,29.7,7.0,19.6,16.0,0.6,0.6,0.4,1.02,1.35,1.44,1.23,4.0,0.31,12.0,0.3,0.9,0.5,9.3,10.9,13.7,11.5,4.0,2.9,12.0,0.3,0.9,0.5,-34.8,-14.7,0.0,-17.9,7.0,18.6,16.0,0.6,0.6,0.4,-6.3,0.0,14.4,3.0,7.0,12.7,16.0,0.6,0.6,0.4,-43.4,-27.5,2.4,-20.8,4.0,34.8,12.0,0.3,0.9,0.5,-18.5,-7.9,13.2,-2.9,4.0,20.7,12.0,0.3,0.9,0.5,-10.3,-8.2,1.9,-4.4,4.0,10.0,12.0,0.3,0.9,0.5,-6.2,-3.0,5.1,-0.6,4.0,7.5,12.0,0.3,0.9,0.5,467.0,1259.5,2815.0,1417.5,8.0,1195.0,16.0,0.6,0.6,0.5,465.0,1260.0,2815.0,1420.0,8.0,1195.0,16.0,0.6,0.6,0.5
1974,2,204.0,55.0,1.6,3.1,4.41,2.92,19.0,1.16,18.0,0.5,0.6,0.6,-2.6,-0.6,2.06,-0.5,9.0,2.36,16.0,0.6,0.6,0.4,3.42,3.66,3.79,3.6,3.0,0.27,14.0,0.7,0.6,0.3,83.9,90.9,97.1,90.5,3.0,9.7,14.0,0.7,0.3,10.07,16.5,18.64,14.82,19.0,4.57,18.0,0.5,0.6,0.6,1.9,10.61,17.38,8.77,19.0,7.87,18.0,0.5,0.6,0.6,-13.4,-8.25,-1.16,-6.66,19.0,7.93,18.0,0.5,0.6,0.6,996.53,1000.7,1009.11,1001.78,19.0,6.32,18.0,0.5,0.6,0.6,5.7,8.0,8.0,6.9,18.0,1.7,18.0,0.5,0.6,0.5,18.7,175.0,321.6,154.3,19.0,144.3,18.0,0.5,0.6,0.6,-217.3,-136.1,-4.1,-117.3,19.0,125.1,18.0,0.5,0.6,0.6,1.9,4.5,6.16,4.18,9.0,2.5,16.0,0.6,0.6,0.4,19.7,54.0,63.6,44.2,9.0,23.9,16.0,0.6,0.6,0.4,1.4,1.46,1.66,1.53,3.0,0.2,14.0,0.7,0.6,0.3,11.6,15.0,21.2,16.4,3.0,7.1,14.0,0.7,0.6,0.3,-19.5,-6.7,12.5,-4.2,9.0,15.7,16.0,0.6,0.6,0.4,2.6,9.2,24.6,12.3,9.0,11.9,16.0,0.6,0.6,0.4,-15.0,18.1,36.0,10.7,3.0,37.9,14.0,0.7,0.6,0.3,-28.7,-10.4,14.1,-7.4,3.0,31.4,14.0,0.7,0.6,0.3,-5.1,8.7,15.3,5.2,3.0,15.3,14.0,0.7,0.6,0.3,-12.1,-5.0,5.0,-3.6,3.0,12.6,14.0,0.7,0.6,0.3,1030.5,4492.0,6487.0,4084.0,19.0,2772.5,18.0,0.5,0.6,0.6,1030.0,4490.0,6485.0,4085.0,19.0,2775.0,18.0,0.5,0.6,0.6
1974,2,204.0,56.0,1.95,2.5,3.05,2.5,2.0,1.13,12.0,1.0,0.6,0.0,-2.39,0.0,2.46,0.03,3.0,3.55,12.0,1.0,0.4,0.0,4.06,4.06,4.06,4.06,1.0,0.0,6.0,1.0,0.3,0.0,81.9,81.9,81.9,81.9,1.0,0.0,6.0,1.0,0.0,5.2,10.8,11.14,8.23,3.0,4.89,12.0,1.0,0.4,0.0,-6.93,0.0,2.64,-2.09,3.0,7.24,12.0,1.0,0.4,0.0,-6.42,2.6,3.35,-1.44,3.0,7.97,12.0,1.0,0.4,0.0,991.59,999.1,999.71,995.73,3.0,6.63,12.0,1.0,0.4,0.0,7.3,8.0,8.0,7.7,3.0,0.6,12.0,1.0,0.4,0.0,-74.8,0.0,29.8,-22.0,3.0,79.0,12.0,1.0,0.4,0.0,-79.8,6.8,29.4,-24.4,3.0,84.4,12.0,1.0,0.4,0.0,0.57,2.45,4.33,2.45,2.0,3.89,12.0,1.0,0.6,0.0,8.7,29.0,49.3,29.0,2.0,42.1,12.0,1.0,0.6,0.0,0.8,0.8,0.8,0.8,1.0,0.0,6.0,1.0,0.3,0.0,2.1,2.1,2.1,2.1,1.0,0.0,6.0,1.0,0.3,0.0,-9.2,0.0,0.0,-4.5,3.0,7.8,12.0,1.0,0.4,0.0,3.0,9.4,28.3,15.5,3.0,19.3,12.0,1.0,0.4,0.0,0.0,0.0,0.0,0.0,1.0,0.0,6.0,1.0,0.3,0.0,10.6,10.6,10.6,10.6,1.0,0.0,6.0,1.0,0.3,0.0,0.0,0.0,0.0,0.0,1.0,0.0,6.0,1.0,0.3,0.0,2.1,2.1,2.1,2.1,1.0,0.0,6.0,1.0,0.3,0.0,412.0,1259.5,1385.0,906.5,3.0,775.5,12.0,1.0,0.4,0.0,410.0,1260.0,1385.0,905.0,3.0,775.0,12.0,1.0,0.4,0.0
1974,2,204.0,57.0,2.8,4.15,4.94,4.22,6.0,1.54,16.0,0.7,0.6,0.3,3.94,5.1,6.74,5.33,3.0,2.06,12.0,1.0,0.7,0.3,4.14,4.5,4.86,4.5,2.0,0.75,6.0,1.0,0.6,0.3,78.9,79.9,80.8,79.9,2.0,2.0,6.0,1.0,0.3,8.61,10.3,11.25,9.94,5.0,2.4,16.0,0.6,0.7,0.3,-1.88,5.0,8.91,3.87,5.0,6.83,16.0,0.6,0.7,0.3,-8.76,-7.89,2.26,-3.85,5.0,6.73,16.0,0.6,0.7,0.3,997.58,1001.0,1004.8,1001.58,6.0,7.11,16.0,0.7,0.6,0.3,2.3,5.0,8.0,5.0,5.0,3.1,16.0,0.8,0.7,0.4,-19.4,50.0,104.1,46.3,5.0,82.1,16.0,0.6,0.7,0.3,-88.5,-81.3,14.0,-44.3,5.0,59.6,16.0,0.6,0.7,0.3,-0.7,-0.5,0.52,-0.1,3.0,0.96,12.0,1.0,0.7,0.3,-6.4,-3.1,6.0,-0.3,3.0,9.5,12.0,1.0,0.7,0.3,1.18,1.22,1.26,1.22,2.0,0.07,6.0,1.0,0.6,0.3,8.2,10.2,12.2,10.2,2.0,4.1,6.0,1.0,0.6,0.3,-12.0,0.0,17.4,2.7,3.0,21.6,12.0,1.0,0.7,0.3,-39.8,-30.3,22.1,-9.3,3.0,48.8,12.0,1.0,0.7,0.3,-17.2,-10.2,-3.2,-10.2,2.0,14.4,6.0,1.0,0.6,0.3,-24.8,-2.1,20.6,-2.1,2.0,47.1,6.0,1.0,0.6,0.3,-5.5,-3.3,-1.0,-3.3,2.0,4.6,6.0,1.0,0.6,0.3,-8.4,-2.1,4.3,-2.1,2.0,13.1,6.0,1.0,0.6,0.3,722.0,1092.5,1477.5,1114.0,5.0,679.5,16.0,0.6,0.7,0.3,720.0,1095.0,1480.0,1115.0,5.0,680.0,16.0,0.6,0.7,0.3
1974,2,205.0,-62.0,1.2,1.2,1.2,1.2,1.0,0.0,14.0,0.0,0.5,0.5,1.9,1.9,1.9,1.9,1.0,0.0,14.0,0.0,0.5,0.5,4.26,4.26,4.26,4.26,1.0,0.0,14.0,0.0,0.5,0.5,95.1,95.1,95.1,95.1,1.0,0.0,14.0,0.0,0.5,12.9,12.9,12.9,12.9,1.0,0.0,14.0,0.0,0.5,0.5,-4.41,-4.41,-4.41,-4.41,1.0,0.0,14.0,0.0,0.5,0.5,-12.12,-12.12,-12.12,-12.12,1.0,0.0,14.0,0.0,0.5,0.5,980.1,980.1,980.1,980.1,1.0,0.0,14.0,0.0,0.5,0.5,8.0,8.0,8.0,8.0,1.0,0.0,14.0,0.0,0.5,0.5,-56.9,-56.9,-56.9,-56.9,1.0,0.0,14.0,0.0,0.5,0.5,-156.4,-156.4,-156.4,-156.4,1.0,0.0,14.0,0.0,0.5,0.5,-0.7,-0.7,-0.7,-0.7,1.0,0.0,14.0,0.0,0.5,0.5,-9.0,-9.0,-9.0,-9.0,1.0,0.0,14.0,0.0,0.5,0.5,0.0,0.0,0.0,0.0,1.0,0.0,14.0,0.0,0.5,0.5,0.0,0.0,0.0,0.0,1.0,0.0,14.0,0.0,0.5,0.5,-8.4,-8.4,-8.4,-8.4,1.0,0.0,14.0,0.0,0.5,0.5,-23.0,-23.0,-23.0,-23.0,1.0,0.0,14.0,0.0,0.5,0.5,-18.8,-18.8,-18.8,-18.8,1.0,0.0,14.0,0.0,0.5,0.5,-51.6,-51.6,-51.6,-51.6,1.0,0.0,14.0,0.0,0.5,0.5,0.0,0.0,0.0,0.0,1.0,0.0,14.0,0.0,0.5,0.5,0.0,0.0,0.0,0.0,1.0,0.0,14.0,0.0,0.5,0.5,2146.5,2146.5,2146.5,2146.5,1.0,0.0,14.0,0.0,0.5,0.5,2145.0,2145.0,2145.0,2145.0,1.0,0.0,14.0,0.0,0.5,0.5
1974,2,205.0,-61.0,1.2,1.2,1.75,1.47,3.0,0.46,16.0,1.0,0.6,0.8,2.06,2.2,2.4,2.23,3.0,0.25,16.0,1.0,0.6,0.8,4.03,4.08,4.13,4.08,2.0,0.1,16.0,1.0,0.5,0.8,86.4,88.6,90.7,88.6,2.0,4.5,16.0,1.0,0.8,8.36,8.7,9.11,8.73,3.0,0.55,16.0,1.0,0.6,0.8,7.71,8.08,8.91,8.3,3.0,0.9,16.0,1.0,0.6,0.8,-0.97,0.0,2.97,0.98,3.0,3.01,16.0,1.0,0.6,0.8,975.74,976.25,976.76,976.25,2.0,1.06,16.0,1.0,0.5,0.8,6.3,7.0,7.7,7.0,2.0,1.4,16.0,1.0,0.5,0.8,65.8,66.2,80.1,72.8,3.0,11.9,16.0,1.0,0.6,0.8,-8.0,0.0,25.8,8.7,3.0,25.9,16.0,1.0,0.6,0.8,-1.2,-1.0,-0.32,-0.77,3.0,0.68,16.0,1.0,0.6,0.8,-10.2,-9.3,-3.0,-6.7,3.0,5.8,16.0,1.0,0.6,0.8,0.29,0.32,0.36,0.32,2.0,0.07,16.0,1.0,0.5,0.8,2.4,2.7,3.1,2.7,2.0,0.7,16.0,1.0,0.5,0.8,16.7,20.2,20.4,18.6,3.0,3.0,16.0,1.0,0.6,0.8,-2.4,0.0,5.9,1.7,3.0,6.3,16.0,1.0,0.6,0.8,31.5,31.8,32.2,31.8,2.0,0.8,16.0,1.0,0.5,0.8,-1.9,6.2,14.3,6.2,2.0,16.8,16.0,1.0,0.5,0.8,2.3,2.5,2.7,2.5,2.0,0.5,16.0,1.0,0.5,0.8,-0.1,0.6,1.3,0.6,2.0,1.4,16.0,1.0,0.5,0.8,585.5,658.5,758.0,671.5,3.0,127.0,16.0,1.0,0.6,0.8,585.0,660.0,760.0,670.0,3.0,125.0,16.0,1.0,0.6,0.8
1974,2,205.0,-60.0,1.28,1.45,1.62,1.45,2.0,0.35,10.0,0.5,0.6,0.5,1.12,1.15,1.18,1.15,2.0,0.07,10.0,0.5,0.6,0.5,3.44,3.44,3.44,3.44,1.0,0.0,2.0,0.0,0.7,0.5,81.6,81.6,81.6,81.6,1.0,0.0,2.0,0.0,0.5,9.99,10.4,10.81,10.4,2.0,0.85,10.0,0.5,0.6,0.5,8.04,9.17,10.31,9.17,2.0,2.35,10.0,0.5,0.6,0.5,2.61,4.1,5.6,4.1,2.0,3.1,10.0,0.5,0.6,0.5,983.57,985.65,987.73,985.65,2.0,4.31,10.0,0.5,0.6,0.5,8.0,8.0,8.0,8.0,2.0,0.0,10.0,0.5,0.6,0.5,80.8,96.4,111.9,96.4,2.0,32.2,10.0,0.5,0.6,0.5,27.5,41.4,55.3,41.4,2.0,28.8,10.0,0.5,0.6,0.5,0.1,0.3,0.5,0.3,2.0,0.42,10.0,0.5,0.6,0.5,0.9,2.9,4.9,2.9,2.0,4.2,10.0,0.5,0.6,0.5,0.96,0.96,0.96,0.96,1.0,0.0,2.0,0.0,0.7,0.5,9.5,9.5,9.5,9.5,1.0,0.0,2.0,0.0,0.7,0.5,9.0,10.6,12.2,10.6,2.0,3.4,10.0,0.5,0.6,0.5,3.0,4.6,6.2,4.6,2.0,3.3,10.0,0.5,0.6,0.5,25.8,25.8,25.8,25.8,1.0,0.0,2.0,0.0,0.7,0.5,21.7,21.7,21.7,21.7,1.0,0.0,2.0,0.0,0.7,0.5,7.2,7.2,7.2,7.2,1.0,0.0,2.0,0.0,0.7,0.5,6.1,6.1,6.1,6.1,1.0,0.0,2.0,0.0,0.7,0.5,1003.0,1136.0,1269.0,1136.0,2.0,275.5,10.0,0.5,0.6,0.5,1005.0,1135.0,1270.0,1135.0,2.0,275.0,10.0,0.5,0.6,0.5
1974,2,205.0,-58.0,,,,,,,,,,,,,,,,,,,,,,,,,,,,,,,,,,,,,,,,,,,,,,,,,,,,,,,,,,,,,,,,,,,,,,,,,,,,,,,,8.0,8.0,8.0,8.0,1.0,0.0,2.0,0.0,0.5,0.6,66.3,66.3,66.3,66.3,1.0,0.0,2.0,0.0,0.5,0.6,55.6,55.6,55.6,55.6,1.0,0.0,2.0,0.0,0.5,0.6,,,,,,,,,,,,,,,,,,,,,,,,,,,,,,,,,,,,,,,,,,,,,,,,,,,,,,,,,,,,,,,,,,,,,,,,,,,,,,,,,,,,,,,,,,,,,,,,,,,,,,,,,,,,,,,,,,,,,,,,
1974,2,205.0,-45.0,13.74,14.25,14.76,14.25,2.0,1.06,20.0,1.0,0.7,0.5,13.06,14.05,15.04,14.05,2.0,2.05,20.0,1.0,0.7,0.5,6.27,7.5,8.73,7.5,2.0,2.55,20.0,1.0,0.7,0.5,67.4,74.6,81.7,74.6,2.0,14.8,20.0,1.0,0.5,4.5,6.45,8.4,6.45,2.0,4.03,20.0,1.0,0.7,0.5,-2.48,-0.18,2.11,-0.18,2.0,4.76,20.0,1.0,0.7,0.5,-7.45,-4.68,-1.91,-4.68,2.0,5.74,20.0,1.0,0.7,0.5,1014.03,1019.9,1025.77,1019.9,2.0,12.16,20.0,1.0,0.7,0.5,6.3,7.0,7.7,7.0,2.0,1.4,20.0,1.0,0.7,0.5,-6.0,8.4,22.9,8.4,2.0,29.9,20.0,1.0,0.7,0.5,-68.7,-41.8,-14.8,-41.8,2.0,55.9,20.0,1.0,0.7,0.5,-0.28,0.2,0.68,0.2,2.0,0.99,20.0,1.0,0.7,0.5,-3.4,-0.7,2.0,-0.7,2.0,5.6,20.0,1.0,0.7,0.5,1.69,2.52,3.36,2.52,2.0,1.73,20.0,1.0,0.7,0.5,12.3,12.8,13.3,12.8,2.0,1.0,20.0,1.0,0.7,0.5,-29.8,2.3,34.4,2.3,2.0,66.4,20.0,1.0,0.7,0.5,-115.2,-71.7,-28.1,-71.7,2.0,90.2,20.0,1.0,0.7,0.5,-12.3,4.7,21.7,4.7,2.0,35.2,20.0,1.0,0.7,0.5,-68.9,-42.4,-15.9,-42.4,2.0,54.9,20.0,1.0,0.7,0.5,-10.5,-4.6,1.4,-4.6,2.0,12.3,20.0,1.0,0.7,0.5,-9.9,-6.8,-3.8,-6.8,2.0,6.4,20.0,1.0,0.7,0.5,167.0,425.5,684.0,425.5,2.0,536.0,20.0,1.0,0.7,0.5,165.0,425.0,685.0,425.0,2.0,535.0,20.0,1.0,0.7,0.5
1974,2,205.0,-44.0,16.1,16.1,16.1,16.1,1.0,0.0,18.0,1.0,0.2,0.9,13.2,13.2,13.2,13.2,1.0,0.0,18.0,1.0,0.2,0.9,6.79,6.79,6.79,6.79,1.0,0.0,18.0,1.0,0.2,0.9,73.2,73.2,73.2,73.2,1.0,0.0,18.0,1.0,0.9,3.6,3.6,3.6,3.6,1.0,0.0,18.0,1.0,0.2,0.9,-0.63,-0.63,-0.63,-0.63,1.0,0.0,18.0,1.0,0.2,0.9,3.55,3.55,3.55,3.55,1.0,0.0,18.0,1.0,0.2,0.9,1025.7,1025.7,1025.7,1025.7,1.0,0.0,18.0,1.0,0.2,0.9,8.0,8.0,8.0,8.0,1.0,0.0,18.0,1.0,0.2,0.9,-2.3,-2.3,-2.3,-2.3,1.0,0.0,18.0,1.0,0.2,0.9,12.8,12.8,12.8,12.8,1.0,0.0,18.0,1.0,0.2,0.9,2.9,2.9,2.9,2.9,1.0,0.0,18.0,1.0,0.2,0.9,10.4,10.4,10.4,10.4,1.0,0.0,18.0,1.0,0.2,0.9,4.43,4.43,4.43,4.43,1.0,0.0,18.0,1.0,0.2,0.9,16.0,16.0,16.0,16.0,1.0,0.0,18.0,1.0,0.2,0.9,-8.3,-8.3,-8.3,-8.3,1.0,0.0,18.0,1.0,0.2,0.9,46.8,46.8,46.8,46.8,1.0,0.0,18.0,1.0,0.2,0.9,-4.2,-4.2,-4.2,-4.2,1.0,0.0,18.0,1.0,0.2,0.9,24.1,24.1,24.1,24.1,1.0,0.0,18.0,1.0,0.2,0.9,-2.8,-2.8,-2.8,-2.8,1.0,0.0,18.0,1.0,0.2,0.9,15.7,15.7,15.7,15.7,1.0,0.0,18.0,1.0,0.2,0.9,46.5,46.5,46.5,46.5,1.0,0.0,18.0,1.0,0.2,0.9,45.0,45.0,45.0,45.0,1.0,0.0,18.0,1.0,0.2,0.9
1974,2,205.0,-41.0,17.8,17.8,17.8,17.8,1.0,0.0,10.0,0.0,1.0,0.6,16.6,16.6,16.6,16.6,1.0,0.0,10.0,0.0,1.0,0.6,10.92,10.92,10.92,10.92,1.0,0.0,10.0,0.0,1.0,0.6,93.8,93.8,93.8,93.8,1.0,0.0,10.0,0.0,0.6,5.1,5.1,5.1,5.1,1.0,0.0,10.0,0.0,1.0,0.6,4.79,4.79,4.79,4.79,1.0,0.0,10.0,0.0,1.0,0.6,1.74,1.74,1.74,1.74,1.0,0.0,10.0,0.0,1.0,0.6,1019.7,1019.7,1019.7,1019.7,1.0,0.0,10.0,0.0,1.0,0.6,8.0,8.0,8.0,8.0,1.0,0.0,10.0,0.0,1.0,0.6,24.4,24.4,24.4,24.4,1.0,0.0,10.0,0.0,1.0,0.6,8.9,8.9,8.9,8.9,1.0,0.0,10.0,0.0,1.0,0.6,1.2,1.2,1.2,1.2,1.0,0.0,10.0,0.0,1.0,0.6,6.1,6.1,6.1,6.1,1.0,0.0,10.0,0.0,1.0,0.6,1.65,1.65,1.65,1.65,1.0,0.0,10.0,0.0,1.0,0.6,8.4,8.4,8.4,8.4,1.0,0.0,10.0,0.0,1.0,0.6,79.6,79.6,79.6,79.6,1.0,0.0,10.0,0.0,1.0,0.6,29.0,29.0,29.0,29.0,1.0,0.0,10.0,0.0,1.0,0.6,52.4,52.4,52.4,52.4,1.0,0.0,10.0,0.0,1.0,0.6,19.1,19.1,19.1,19.1,1.0,0.0,10.0,0.0,1.0,0.6,7.9,7.9,7.9,7.9,1.0,0.0,10.0,0.0,1.0,0.6,2.9,2.9,2.9,2.9,1.0,0.0,10.0,0.0,1.0,0.6,132.5,132.5,132.5,132.5,1.0,0.0,10.0,0.0,1.0,0.6,135.0,135.0,135.0,135.0,1.0,0.0,10.0,0.0,1.0,0.6
1974,2,205.0,-40.0,19.0,19.0,19.0,19.0,1.0,0.0,18.0,1.0,0.7,0.5,19.7,19.7,19.7,19.7,1.0,0.0,18.0,1.0,0.7,0.5,12.3,12.3,12.3,12.3,1.0,0.0,18.0,1.0,0.7,0.5,87.1,87.1,87.1,87.1,1.0,0.0,18.0,1.0,0.5,5.7,5.7,5.7,5.7,1.0,0.0,18.0,1.0,0.7,0.5,4.94,4.94,4.94,4.94,1.0,0.0,18.0,1.0,0.7,0.5,-2.85,-2.85,-2.85,-2.85,1.0,0.0,18.0,1.0,0.7,0.5,1023.1,1023.1,1023.1,1023.1,1.0,0.0,18.0,1.0,0.7,0.5,8.0,8.0,8.0,8.0,1.0,0.0,18.0,1.0,0.7,0.5,28.1,28.1,28.1,28.1,1.0,0.0,18.0,1.0,0.7,0.5,-16.2,-16.2,-16.2,-16.2,1.0,0.0,18.0,1.0,0.7,0.5,-0.7,-0.7,-0.7,-0.7,1.0,0.0,18.0,1.0,0.7,0.5,-4.0,-4.0,-4.0,-4.0,1.0,0.0,18.0,1.0,0.7,0.5,1.23,1.23,1.23,1.23,1.0,0.0,18.0,1.0,0.7,0.5,7.0,7.0,7.0,7.0,1.0,0.0,18.0,1.0,0.7,0.5,97.2,97.2,97.2,97.2,1.0,0.0,18.0,1.0,0.7,0.5,-56.1,-56.1,-56.1,-56.1,1.0,0.0,18.0,1.0,0.7,0.5,60.7,60.7,60.7,60.7,1.0,0.0,18.0,1.0,0.7,0.5,-35.1,-35.1,-35.1,-35.1,1.0,0.0,18.0,1.0,0.7,0.5,6.0,6.0,6.0,6.0,1.0,0.0,18.0,1.0,0.7,0.5,-3.5,-3.5,-3.5,-3.5,1.0,0.0,18.0,1.0,0.7,0.5,185.0,185.0,185.0,185.0,1.0,0.0,18.0,1.0,0.7,0.5,185.0,185.0,185.0,185.0,1.0,0.0,18.0,1.0,0.7,0.5
1974,2,205.0,-39.0,17.7,17.7,17.7,17.7,1.0,0.0,6.0,0.0,0.1,0.1,17.8,17.8,17.8,17.8,1.0,0.0,6.0,0.0,0.1,0.1,9.35,9.35,9.35,9.35,1.0,0.0,6.0,0.0,0.1,0.1,74.4,74.4,74.4,74.4,1.0,0.0,6.0,0.0,0.1,3.6,3.6,3.6,3.6,1.0,0.0,6.0,0.0,0.1,0.1,-0.63,-0.63,-0.63,-0.63,1.0,0.0,6.0,0.0,0.1,0.1,-3.55,-3.55,-3.55,-3.55,1.0,0.0,6.0,0.0,0.1,0.1,1019.6,1019.6,1019.6,1019.6,1.0,0.0,6.0,0.0,0.1,0.1,6.0,6.0,6.0,6.0,1.0,0.0,6.0,0.0,0.1,0.1,-2.3,-2.3,-2.3,-2.3,1.0,0.0,6.0,0.0,0.1,0.1,-12.8,-12.8,-12.8,-12.8,1.0,0.0,6.0,0.0,0.1,0.1,-0.1,-0.1,-0.1,-0.1,1.0,0.0,6.0,0.0,0.1,0.1,-0.4,-0.4,-0.4,-0.4,1.0,0.0,6.0,0.0,0.1,0.1,3.15,3.15,3.15,3.15,1.0,0.0,6.0,0.0,0.1,0.1,11.4,11.4,11.4,11.4,1.0,0.0,6.0,0.0,0.1,0.1,-11.1,-11.1,-11.1,-11.1,1.0,0.0,6.0,0.0,0.1,0.1,-63.1,-63.1,-63.1,-63.1,1.0,0.0,6.0,0.0,0.1,0.1,-5.8,-5.8,-5.8,-5.8,1.0,0.0,6.0,0.0,0.1,0.1,-33.1,-33.1,-33.1,-33.1,1.0,0.0,6.0,0.0,0.1,0.1,-2.0,-2.0,-2.0,-2.0,1.0,0.0,6.0,0.0,0.1,0.1,-11.2,-11.2,-11.2,-11.2,1.0,0.0,6.0,0.0,0.1,0.1,46.5,46.5,46.5,46.5,1.0,0.0,6.0,0.0,0.1,0.1,45.0,45.0,45.0,45.0,1.0,0.0,6.0,0.0,0.1,0.1
1974,2,205.0,-37.0,20.0,20.0,20.0,20.0,1.0,0.0,26.0,1.0,0.8,0.1,17.1,17.1,17.1,17.1,1.0,0.0,26.0,1.0,0.8,0.1,8.45,8.45,8.45,8.45,1.0,0.0,26.0,1.0,0.8,0.1,70.5,70.5,70.5,70.5,1.0,0.0,26.0,1.0,0.1,8.7,8.7,8.7,8.7,1.0,0.0,26.0,1.0,0.8,0.1,-1.51,-1.51,-1.51,-1.51,1.0,0.0,26.0,1.0,0.8,0.1,8.57,8.57,8.57,8.57,1.0,0.0,26.0,1.0,0.8,0.1,1021.9,1021.9,1021.9,1021.9,1.0,0.0,26.0,1.0,0.8,0.1,8.0,8.0,8.0,8.0,1.0,0.0,26.0,1.0,0.8,0.1,-13.1,-13.1,-13.1,-13.1,1.0,0.0,26.0,1.0,0.8,0.1,74.5,74.5,74.5,74.5,1.0,0.0,26.0,1.0,0.8,0.1,2.9,2.9,2.9,2.9,1.0,0.0,26.0,1.0,0.8,0.1,25.2,25.2,25.2,25.2,1.0,0.0,26.0,1.0,0.8,0.1,5.97,5.97,5.97,5.97,1.0,0.0,26.0,1.0,0.8,0.1,51.9,51.9,51.9,51.9,1.0,0.0,26.0,1.0,0.8,0.1,-25.8,-25.8,-25.8,-25.8,1.0,0.0,26.0,1.0,0.8,0.1,146.5,146.5,146.5,146.5,1.0,0.0,26.0,1.0,0.8,0.1,-12.8,-12.8,-12.8,-12.8,1.0,0.0,26.0,1.0,0.8,0.1,72.4,72.4,72.4,72.4,1.0,0.0,26.0,1.0,0.8,0.1,-9.0,-9.0,-9.0,-9.0,1.0,0.0,26.0,1.0,0.8,0.1,51.2,51.2,51.2,51.2,1.0,0.0,26.0,1.0,0.8,0.1,658.5,658.5,658.5,658.5,1.0,0.0,26.0,1.0,0.8,0.1,660.0,660.0,660.0,660.0,1.0,0.0,26.0,1.0,0.8,0.1
1974,2,205.0,-34.0,20.73,21.0,22.02,21.37,3.0,1.0,12.0,1.0,0.5,0.5,20.98,22.0,22.14,21.57,3.0,0.93,12.0,1.0,0.5,0.5,10.88,12.21,12.32,11.61,3.0,1.17,12.0,1.0,0.5,0.5,66.5,75.1,80.5,73.5,3.0,10.3,12.0,1.0,0.5,5.58,7.7,8.38,7.0,3.0,2.14,12.0,1.0,0.5,0.5,-6.7,-3.52,4.14,-1.33,3.0,8.16,12.0,1.0,0.5,0.5,0.94,2.96,2.97,1.98,3.0,1.71,12.0,1.0,0.5,0.5,1019.57,1023.8,1023.87,1021.77,3.0,3.61,12.0,1.0,0.5,0.5,2.0,4.0,4.7,3.3,3.0,2.1,12.0,1.0,0.5,0.5,-53.7,-16.2,35.3,-9.3,3.0,65.5,12.0,1.0,0.5,0.5,4.3,13.6,22.0,13.2,3.0,12.9,12.0,1.0,0.5,0.5,-0.79,0.1,0.37,-0.2,3.0,0.89,12.0,1.0,0.5,0.5,-3.5,0.8,3.2,-0.1,3.0,5.0,12.0,1.0,0.5,0.5,3.28,4.59,4.9,4.1,3.0,1.26,12.0,1.0,0.5,0.5,21.4,23.2,34.6,27.9,3.0,10.5,12.0,1.0,0.5,0.5,-147.6,-78.2,82.9,-33.4,3.0,173.3,12.0,1.0,0.5,0.5,20.8,65.5,65.6,43.7,3.0,37.8,12.0,1.0,0.5,0.5,-79.6,-36.2,53.5,-13.6,3.0,99.5,12.0,1.0,0.5,0.5,9.6,30.4,34.4,22.2,3.0,19.5,12.0,1.0,0.5,0.5,-31.3,-17.8,8.4,-11.6,3.0,29.5,12.0,1.0,0.5,0.5,4.3,13.7,14.5,9.5,3.0,8.3,12.0,1.0,0.5,0.5,211.5,456.5,594.5,404.0,3.0,284.0,12.0,1.0,0.5,0.5,210.0,455.0,595.0,405.0,3.0,285.0,12.0,1.0,0.5,0.5
1974,2,205.0,-33.0,22.2,22.2,22.2,22.2,1.0,0.0,24.0,1.0,0.5,0.3,22.64,23.6,24.56,23.6,2.0,1.98,16.0,1.0,0.4,0.6,11.98,12.99,14.0,12.99,2.0,2.09,16.0,1.0,0.4,0.6,70.0,71.5,73.1,71.5,2.0,3.2,16.0,1.0,0.6,1.79,5.65,9.51,5.65,2.0,7.99,16.0,1.0,0.4,0.6,1.37,4.33,7.28,4.33,2.0,6.12,16.0,1.0,0.4,0.6,1.15,3.63,6.11,3.63,2.0,5.14,16.0,1.0,0.4,0.6,1013.77,1015.65,1017.53,1015.65,2.0,3.89,16.0,1.0,0.4,0.6,7.0,7.0,7.0,7.0,2.0,0.0,16.0,1.0,0.4,0.6,15.5,48.9,82.3,48.9,2.0,69.2,16.0,1.0,0.4,0.6,13.0,41.0,69.1,41.0,2.0,58.0,16.0,1.0,0.4,0.6,0.0,0.0,0.0,0.0,1.0,0.0,24.0,1.0,0.5,0.3,0.0,0.0,0.0,0.0,1.0,0.0,24.0,1.0,0.5,0.3,5.17,5.17,5.17,5.17,1.0,0.0,24.0,1.0,0.5,0.3,58.4,58.4,58.4,58.4,1.0,0.0,24.0,1.0,0.5,0.3,30.5,96.1,161.7,96.1,2.0,135.9,16.0,1.0,0.4,0.6,25.6,80.6,135.7,80.6,2.0,114.0,16.0,1.0,0.4,0.6,15.8,49.8,83.8,49.8,2.0,70.4,16.0,1.0,0.4,0.6,13.3,41.8,70.3,41.8,2.0,59.1,16.0,1.0,0.4,0.6,44.7,44.7,44.7,44.7,1.0,0.0,24.0,1.0,0.5,0.3,37.5,37.5,37.5,37.5,1.0,0.0,24.0,1.0,0.5,0.3,229.0,721.5,1214.0,721.5,2.0,1020.5,16.0,1.0,0.4,0.6,230.0,720.0,1215.0,720.0,2.0,1020.0,16.0,1.0,0.4,0.6
1974,2,205.0,-32.0,20.56,21.75,22.94,21.75,2.0,2.47,18.0,1.0,0.8,0.7,21.32,22.0,22.68,22.0,2.0,1.41,18.0,1.0,0.8,0.7,14.58,14.95,15.31,14.95,2.0,0.76,18.0,1.0,0.8,0.7,85.9,91.6,97.3,91.6,2.0,11.9,18.0,1.0,0.7,7.02,7.7,8.38,7.7,2.0,1.41,18.0,1.0,0.8,0.7,-5.57,-5.08,-4.58,-5.08,2.0,1.03,18.0,1.0,0.8,0.7,4.01,5.44,6.87,5.44,2.0,2.96,18.0,1.0,0.8,0.7,1014.29,1017.5,1020.71,1017.5,2.0,6.65,18.0,1.0,0.8,0.7,6.3,7.0,7.7,7.0,2.0,1.4,18.0,1.0,0.8,0.7,-38.7,-38.4,-38.0,-38.4,2.0,0.7,18.0,1.0,0.8,0.7,29.3,44.0,58.7,44.0,2.0,30.5,18.0,1.0,0.8,0.7,-0.76,-0.25,0.26,-0.25,2.0,1.06,18.0,1.0,0.8,0.7,-6.8,-2.7,1.4,-2.7,2.0,8.5,18.0,1.0,0.8,0.7,-0.23,1.27,2.78,1.27,2.0,3.12,18.0,1.0,0.8,0.7,-3.1,7.6,18.3,7.6,2.0,22.2,18.0,1.0,0.8,0.7,-126.8,-112.4,-98.0,-112.4,2.0,29.8,18.0,1.0,0.8,0.7,89.9,117.6,145.3,117.6,2.0,57.4,18.0,1.0,0.8,0.7,-81.0,-75.5,-69.9,-75.5,2.0,11.5,18.0,1.0,0.8,0.7,59.1,82.5,105.8,82.5,2.0,48.3,18.0,1.0,0.8,0.7,-16.3,-8.1,0.2,-8.1,2.0,17.1,18.0,1.0,0.8,0.7,-4.1,2.3,8.7,2.3,2.0,13.2,18.0,1.0,0.8,0.7,357.5,479.5,601.5,479.5,2.0,253.0,18.0,1.0,0.8,0.7,360.0,480.0,600.0,480.0,2.0,255.0,18.0,1.0,0.8,0.7
1974,2,205.0,-31.0,,,,,,,,,,,,,,,,,,,,,,,,,,,,,,,,,,,,,,,,3.1,3.1,3.1,3.1,1.0,0.0,24.0,0.0,0.4,1.0,2.68,2.68,2.68,2.68,1.0,0.0,24.0,0.0,0.4,1.0,1.55,1.55,1.55,1.55,1.0,0.0,24.0,0.0,0.4,1.0,1014.3,1014.3,1014.3,1014.3,1.0,0.0,24.0,0.0,0.4,1.0,8.0,8.0,8.0,8.0,1.0,0.0,24.0,0.0,0.4,1.0,8.3,8.3,8.3,8.3,1.0,0.0,24.0,0.0,0.4,1.0,4.8,4.8,4.8,4.8,1.0,0.0,24.0,0.0,0.4,1.0,,,,,,,,,,,,,,,,,,,,,,,,,,,,,,,,,,,,,,,,,65.0,65.0,65.0,65.0,1.0,0.0,24.0,0.0,0.4,1.0,37.5,37.5,37.5,37.5,1.0,0.0,24.0,0.0,0.4,1.0,43.3,43.3,43.3,43.3,1.0,0.0,24.0,0.0,0.4,1.0,25.0,25.0,25.0,25.0,1.0,0.0,24.0,0.0,0.4,1.0,,,,,,,,,,,,,,,,,,,,,,,,,,,,,,,,,,,,,,,,
1974,2,205.0,-27.0,26.0,26.0,26.0,26.0,1.0,0.0,28.0,1.0,0.4,0.3,28.8,28.8,28.8,28.8,1.0,0.0,28.0,1.0,0.4,0.3,20.1,20.1,20.1,20.1,1.0,0.0,28.0,1.0,0.4,0.3,81.4,81.4,81.4,81.4,1.0,0.0,28.0,1.0,0.3,4.6,4.6,4.6,4.6,1.0,0.0,28.0,1.0,0.4,0.3,-4.32,-4.32,-4.32,-4.32,1.0,0.0,28.0,1.0,0.4,0.3,-1.57,-1.57,-1.57,-1.57,1.0,0.0,28.0,1.0,0.4,0.3,1014.8,1014.8,1014.8,1014.8,1.0,0.0,28.0,1.0,0.4,0.3,3.0,3.0,3.0,3.0,1.0,0.0,28.0,1.0,0.4,0.3,-19.9,-19.9,-19.9,-19.9,1.0,0.0,28.0,1.0,0.4,0.3,-7.2,-7.2,-7.2,-7.2,1.0,0.0,28.0,1.0,0.4,0.3,-2.8,-2.8,-2.8,-2.8,1.0,0.0,28.0,1.0,0.4,0.3,-12.9,-12.9,-12.9,-12.9,1.0,0.0,28.0,1.0,0.4,0.3,0.86,0.86,0.86,0.86,1.0,0.0,28.0,1.0,0.4,0.3,4.0,4.0,4.0,4.0,1.0,0.0,28.0,1.0,0.4,0.3,-124.5,-124.5,-124.5,-124.5,1.0,0.0,28.0,1.0,0.4,0.3,-45.3,-45.3,-45.3,-45.3,1.0,0.0,28.0,1.0,0.4,0.3,-86.9,-86.9,-86.9,-86.9,1.0,0.0,28.0,1.0,0.4,0.3,-31.6,-31.6,-31.6,-31.6,1.0,0.0,28.0,1.0,0.4,0.3,-3.7,-3.7,-3.7,-3.7,1.0,0.0,28.0,1.0,0.4,0.3,-1.4,-1.4,-1.4,-1.4,1.0,0.0,28.0,1.0,0.4,0.3,97.5,97.5,97.5,97.5,1.0,0.0,28.0,1.0,0.4,0.3,95.0,95.0,95.0,95.0,1.0,0.0,28.0,1.0,0.4,0.3
1974,2,205.0,-22.0,27.92,27.95,27.98,27.95,2.0,0.07,18.0,0.5,0.4,0.7,24.49,25.55,26.61,25.55,2.0,2.19,18.0,0.5,0.4,0.7,15.79,16.09,16.38,16.09,2.0,0.62,18.0,0.5,0.4,0.7,75.4,79.0,82.7,79.0,2.0,7.5,18.0,0.5,0.7,5.35,5.9,6.45,5.9,2.0,1.13,18.0,0.5,0.4,0.7,-5.69,-3.74,-1.79,-3.74,2.0,4.04,18.0,0.5,0.4,0.7,-4.04,-1.93,0.18,-1.93,2.0,4.37,18.0,0.5,0.4,0.7,1010.38,1012.05,1013.72,1012.05,2.0,3.46,18.0,0.5,0.4,0.7,2.1,4.5,6.9,4.5,2.0,4.9,18.0,0.5,0.4,0.7,-37.9,-24.4,-10.8,-24.4,2.0,28.1,18.0,0.5,0.4,0.7,-20.3,-8.9,2.5,-8.9,2.0,23.6,18.0,0.5,0.4,0.7,1.31,2.4,3.49,2.4,2.0,2.26,18.0,0.5,0.4,0.7,7.7,12.9,18.0,12.9,2.0,10.6,18.0,0.5,0.4,0.7,7.22,7.53,7.84,7.53,2.0,0.64,18.0,0.5,0.4,0.7,41.8,44.1,46.4,44.1,2.0,4.8,18.0,0.5,0.4,0.7,-153.8,-100.0,-46.3,-100.0,2.0,111.4,18.0,0.5,0.4,0.7,-96.4,-44.5,7.4,-44.5,2.0,107.5,18.0,0.5,0.4,0.7,-93.9,-61.4,-29.0,-61.4,2.0,67.3,18.0,0.5,0.4,0.7,-63.1,-29.7,3.7,-29.7,2.0,69.2,18.0,0.5,0.4,0.7,-40.4,-26.9,-13.4,-26.9,2.0,28.0,18.0,0.5,0.4,0.7,-32.4,-15.9,0.6,-15.9,2.0,34.2,18.0,0.5,0.4,0.7,159.5,216.5,274.0,216.5,2.0,119.0,18.0,0.5,0.4,0.7,160.0,215.0,275.0,215.0,2.0,120.0,18.0,0.5,0.4,0.7
1974,2,205.0,-20.0,28.57,29.15,29.73,29.15,2.0,1.2,20.0,0.5,0.6,0.7,26.22,27.55,28.88,27.55,2.0,2.76,20.0,0.5,0.6,0.7,16.41,16.54,16.68,16.54,2.0,0.27,20.0,0.5,0.6,0.7,66.6,72.8,79.1,72.8,2.0,13.0,20.0,0.5,0.7,4.24,6.7,9.16,6.7,2.0,5.09,20.0,0.5,0.6,0.7,-7.99,-5.99,-3.98,-5.99,2.0,4.15,20.0,0.5,0.6,0.7,-4.42,-2.84,-1.27,-2.84,2.0,3.26,20.0,0.5,0.6,0.7,1014.11,1014.55,1014.99,1014.55,2.0,0.92,20.0,0.5,0.6,0.7,5.5,6.5,7.5,6.5,2.0,2.1,20.0,0.5,0.6,0.7,-78.8,-50.7,-22.5,-50.7,2.0,58.3,20.0,0.5,0.6,0.7,-44.9,-27.4,-9.8,-27.4,2.0,36.3,20.0,0.5,0.6,0.7,0.85,1.6,2.35,1.6,2.0,1.56,20.0,0.5,0.6,0.7,5.7,14.7,23.6,14.7,2.0,18.6,20.0,0.5,0.6,0.7,7.77,8.77,9.78,8.77,2.0,2.08,20.0,0.5,0.6,0.7,38.6,53.5,68.3,53.5,2.0,30.7,20.0,0.5,0.6,0.7,-206.4,-159.2,-112.0,-159.2,2.0,97.8,20.0,0.5,0.6,0.7,-113.4,-73.9,-34.3,-73.9,2.0,82.0,20.0,0.5,0.6,0.7,-133.5,-99.6,-65.7,-99.6,2.0,70.3,20.0,0.5,0.6,0.7,-73.9,-47.5,-21.1,-47.5,2.0,54.7,20.0,0.5,0.6,0.7,-59.7,-48.2,-36.6,-48.2,2.0,23.9,20.0,0.5,0.6,0.7,-32.5,-21.5,-10.6,-21.5,2.0,22.7,20.0,0.5,0.6,0.7,198.5,561.5,924.0,561.5,2.0,751.5,20.0,0.5,0.6,0.7,200.0,560.0,925.0,560.0,2.0,750.0,20.0,0.5,0.6,0.7
1974,2,205.0,-18.0,27.13,27.4,27.81,27.47,3.0,0.5,16.0,0.7,0.4,0.4,27.06,27.2,29.11,28.07,3.0,1.68,16.0,0.7,0.4,0.4,16.36,17.4,17.44,16.91,3.0,0.9,16.0,0.7,0.4,0.4,67.3,70.6,75.8,71.5,3.0,6.3,16.0,0.7,0.4,4.08,5.1,5.1,4.6,3.0,0.87,16.0,0.7,0.4,0.4,-3.27,-2.55,-2.55,-2.9,3.0,0.61,16.0,0.7,0.4,0.4,-4.42,-4.42,-1.4,-2.94,3.0,2.55,16.0,0.7,0.4,0.4,1010.82,1012.8,1012.94,1011.9,3.0,1.73,16.0,0.7,0.4,0.4,3.0,3.0,4.4,3.7,3.0,1.2,16.0,0.7,0.4,0.4,-13.0,-13.0,-13.0,-13.0,3.0,0.0,16.0,0.7,0.4,0.4,-22.5,-22.5,-7.1,-15.0,3.0,13.0,16.0,0.7,0.4,0.4,-1.98,0.2,0.75,-0.6,3.0,2.12,16.0,0.7,0.4,0.4,-10.2,0.7,3.7,-3.2,3.0,10.7,16.0,0.7,0.4,0.4,5.34,6.26,6.74,6.05,3.0,1.05,16.0,0.7,0.4,0.4,25.1,25.1,29.8,27.4,3.0,4.0,16.0,0.7,0.4,0.4,-91.1,-76.5,-71.3,-81.1,3.0,15.1,16.0,0.7,0.4,0.4,-128.3,-119.3,-37.9,-83.9,3.0,73.0,16.0,0.7,0.4,0.4,-53.1,-44.5,-44.4,-48.7,3.0,7.3,16.0,0.7,0.4,0.4,-77.0,-76.9,-24.4,-51.3,3.0,44.4,16.0,0.7,0.4,0.4,-22.2,-16.0,-13.6,-17.9,3.0,6.5,16.0,0.7,0.4,0.4,-25.8,-21.7,-6.9,-16.4,3.0,14.6,16.0,0.7,0.4,0.4,74.0,132.5,132.5,104.0,3.0,49.5,16.0,0.7,0.4,0.4,75.0,135.0,135.0,105.0,3.0,50.0,16.0,0.7,0.4,0.4
1974,2,205.0,-17.0,28.9,28.9,28.9,28.9,1.0,0.0,6.0,0.0,0.4,0.1,27.0,27.0,27.0,27.0,1.0,0.0,6.0,0.0,0.4,0.1,17.65,17.65,17.65,17.65,1.0,0.0,6.0,0.0,0.4,0.1,79.2,79.2,79.2,79.2,1.0,0.0,6.0,0.0,0.1,3.6,3.6,3.6,3.6,1.0,0.0,6.0,0.0,0.4,0.1,-3.6,-3.6,-3.6,-3.6,1.0,0.0,6.0,0.0,0.4,0.1,0.0,0.0,0.0,0.0,1.0,0.0,6.0,0.0,0.4,0.1,1011.3,1011.3,1011.3,1011.3,1.0,0.0,6.0,0.0,0.4,0.1,3.0,3.0,3.0,3.0,1.0,0.0,6.0,0.0,0.4,0.1,-13.0,-13.0,-13.0,-13.0,1.0,0.0,6.0,0.0,0.4,0.1,0.0,0.0,0.0,0.0,1.0,0.0,6.0,0.0,0.4,0.1,1.9,1.9,1.9,1.9,1.0,0.0,6.0,0.0,0.4,0.1,6.8,6.8,6.8,6.8,1.0,0.0,6.0,0.0,0.4,0.1,7.35,7.35,7.35,7.35,1.0,0.0,6.0,0.0,0.4,0.1,26.5,26.5,26.5,26.5,1.0,0.0,6.0,0.0,0.4,0.1,-97.2,-97.2,-97.2,-97.2,1.0,0.0,6.0,0.0,0.4,0.1,0.0,0.0,0.0,0.0,1.0,0.0,6.0,0.0,0.4,0.1,-63.5,-63.5,-63.5,-63.5,1.0,0.0,6.0,0.0,0.4,0.1,0.0,0.0,0.0,0.0,1.0,0.0,6.0,0.0,0.4,0.1,-26.5,-26.5,-26.5,-26.5,1.0,0.0,6.0,0.0,0.4,0.1,0.0,0.0,0.0,0.0,1.0,0.0,6.0,0.0,0.4,0.1,46.5,46.5,46.5,46.5,1.0,0.0,6.0,0.0,0.4,0.1,45.0,45.0,45.0,45.0,1.0,0.0,6.0,0.0,0.4,0.1
1974,2,205.0,-16.0,27.21,27.45,27.69,27.45,2.0,0.49,6.0,0.5,0.6,0.9,27.49,28.1,28.71,28.1,2.0,1.27,6.0,0.5,0.6,0.9,17.17,17.44,17.7,17.44,2.0,0.56,6.0,0.5,0.6,0.9,72.0,73.4,74.9,73.4,2.0,2.9,6.0,0.5,0.9,5.43,6.15,6.87,6.15,2.0,1.48,6.0,0.5,0.6,0.9,-6.49,-5.89,-5.3,-5.89,2.0,1.23,6.0,0.5,0.6,0.9,1.14,1.67,2.21,1.67,2.0,1.12,6.0,0.5,0.6,0.9,1010.1,1011.4,1012.7,1011.4,2.0,2.69,6.0,0.5,0.6,0.9,4.0,4.0,4.0,4.0,2.0,0.0,6.0,0.5,0.6,0.9,-45.0,-37.2,-29.3,-37.2,2.0,16.3,6.0,0.5,0.6,0.9,6.6,11.1,15.6,11.1,2.0,9.3,6.0,0.5,0.6,0.9,-1.03,-0.65,-0.27,-0.65,2.0,0.78,6.0,0.5,0.6,0.9,-5.3,-3.4,-1.6,-3.4,2.0,3.8,6.0,0.5,0.6,0.9,5.48,5.51,5.54,5.51,2.0,0.06,6.0,0.5,0.6,0.9,30.1,33.8,37.6,33.8,2.0,7.8,6.0,0.5,0.6,0.9,-177.9,-164.8,-151.7,-164.8,2.0,27.1,6.0,0.5,0.6,0.9,32.2,46.3,60.4,46.3,2.0,29.2,6.0,0.5,0.6,0.9,-111.2,-102.4,-93.6,-102.4,2.0,18.2,6.0,0.5,0.6,0.9,19.9,28.9,37.8,28.9,2.0,18.5,6.0,0.5,0.6,0.9,-35.6,-32.4,-29.3,-32.4,2.0,6.5,6.0,0.5,0.6,0.9,6.3,9.2,12.1,9.2,2.0,6.0,6.0,0.5,0.6,0.9,171.0,253.0,335.0,253.0,2.0,170.0,6.0,0.5,0.6,0.9,170.0,255.0,335.0,255.0,2.0,170.0,6.0,0.5,0.6,0.9
1974,2,205.0,-15.0,29.4,29.4,29.4,29.4,1.0,0.0,22.0,0.0,0.9,0.9,27.1,27.1,27.1,27.1,1.0,0.0,22.0,0.0,0.9,0.9,18.65,18.65,18.65,18.65,1.0,0.0,22.0,0.0,0.9,0.9,83.2,83.2,83.2,83.2,1.0,0.0,22.0,0.0,0.9,4.6,4.6,4.6,4.6,1.0,0.0,22.0,0.0,0.9,0.9,-4.53,-4.53,-4.53,-4.53,1.0,0.0,22.0,0.0,0.9,0.9,-0.8,-0.8,-0.8,-0.8,1.0,0.0,22.0,0.0,0.9,0.9,1011.0,1011.0,1011.0,1011.0,1.0,0.0,22.0,0.0,0.9,0.9,3.0,3.0,3.0,3.0,1.0,0.0,22.0,0.0,0.9,0.9,-20.8,-20.8,-20.8,-20.8,1.0,0.0,22.0,0.0,0.9,0.9,-3.7,-3.7,-3.7,-3.7,1.0,0.0,22.0,0.0,0.9,0.9,2.3,2.3,2.3,2.3,1.0,0.0,22.0,0.0,0.9,0.9,10.6,10.6,10.6,10.6,1.0,0.0,22.0,0.0,0.9,0.9,7.1,7.1,7.1,7.1,1.0,0.0,22.0,0.0,0.9,0.9,32.7,32.7,32.7,32.7,1.0,0.0,22.0,0.0,0.9,0.9,-122.8,-122.8,-122.8,-122.8,1.0,0.0,22.0,0.0,0.9,0.9,-21.6,-21.6,-21.6,-21.6,1.0,0.0,22.0,0.0,0.9,0.9,-84.5,-84.5,-84.5,-84.5,1.0,0.0,22.0,0.0,0.9,0.9,-14.9,-14.9,-14.9,-14.9,1.0,0.0,22.0,0.0,0.9,0.9,-32.2,-32.2,-32.2,-32.2,1.0,0.0,22.0,0.0,0.9,0.9,-5.7,-5.7,-5.7,-5.7,1.0,0.0,22.0,0.0,0.9,0.9,97.5,97.5,97.5,97.5,1.0,0.0,22.0,0.0,0.9,0.9,95.0,95.0,95.0,95.0,1.0,0.0,22.0,0.0,0.9,0.9
1974,2,205.0,-14.0,,,,,,,,,,,,,,,,,,,,,,,,,,,,,,,,,,,,,,,,7.0,7.0,7.0,7.0,1.0,0.0,18.0,0.0,0.5,0.3,-7.0,-7.0,-7.0,-7.0,1.0,0.0,18.0,0.0,0.5,0.3,0.0,0.0,0.0,0.0,1.0,0.0,18.0,0.0,0.5,0.3,1008.2,1008.2,1008.2,1008.2,1.0,0.0,18.0,0.0,0.5,0.3,,,,,,,,,,,,,,,,,,,,,,,,,,,,,,,,,,,,,,,,,,,,,,,,,,,,,,,,,,,,,,,,,,,,,,,,,,,,,,,,,,,,,,,,,,,,,,,,,,,,,,,,,,,,,,,,,,,,,,,,,,,,,,,,,,,,,,,,,,,,,,,,,,,,,,
1974,2,205.0,-13.0,27.9,27.9,27.9,27.9,1.0,0.0,28.0,0.0,0.3,0.6,27.1,27.1,27.1,27.1,1.0,0.0,28.0,0.0,0.3,0.6,17.14,17.14,17.14,17.14,1.0,0.0,28.0,0.0,0.3,0.6,76.4,76.4,76.4,76.4,1.0,0.0,28.0,0.0,0.6,6.7,6.7,6.7,6.7,1.0,0.0,28.0,0.0,0.3,0.6,-6.6,-6.6,-6.6,-6.6,1.0,0.0,28.0,0.0,0.3,0.6,1.16,1.16,1.16,1.16,1.0,0.0,28.0,0.0,0.3,0.6,1009.6,1009.6,1009.6,1009.6,1.0,0.0,28.0,0.0,0.3,0.6,1.0,1.0,1.0,1.0,1.0,0.0,28.0,0.0,0.3,0.6,-44.2,-44.2,-44.2,-44.2,1.0,0.0,28.0,0.0,0.3,0.6,7.8,7.8,7.8,7.8,1.0,0.0,28.0,0.0,0.3,0.6,0.8,0.8,0.8,0.8,1.0,0.0,28.0,0.0,0.3,0.6,5.4,5.4,5.4,5.4,1.0,0.0,28.0,0.0,0.3,0.6,6.46,6.46,6.46,6.46,1.0,0.0,28.0,0.0,0.3,0.6,43.3,43.3,43.3,43.3,1.0,0.0,28.0,0.0,0.3,0.6,-178.8,-178.8,-178.8,-178.8,1.0,0.0,28.0,0.0,0.3,0.6,31.5,31.5,31.5,31.5,1.0,0.0,28.0,0.0,0.3,0.6,-113.1,-113.1,-113.1,-113.1,1.0,0.0,28.0,0.0,0.3,0.6,19.9,19.9,19.9,19.9,1.0,0.0,28.0,0.0,0.3,0.6,-42.6,-42.6,-42.6,-42.6,1.0,0.0,28.0,0.0,0.3,0.6,7.5,7.5,7.5,7.5,1.0,0.0,28.0,0.0,0.3,0.6,301.0,301.0,301.0,301.0,1.0,0.0,28.0,0.0,0.3,0.6,300.0,300.0,300.0,300.0,1.0,0.0,28.0,0.0,0.3,0.6
1974,2,205.0,-12.0,,,,,,,,,,,,,,,,,,,,,,,,,,,,,,,,,,,,,,,,4.6,4.6,4.6,4.6,1.0,0.0,28.0,1.0,1.0,0.5,-4.53,-4.53,-4.53,-4.53,1.0,0.0,28.0,1.0,1.0,0.5,-0.8,-0.8,-0.8,-0.8,1.0,0.0,28.0,1.0,1.0,0.5,1011.2,1011.2,1011.2,1011.2,1.0,0.0,28.0,1.0,1.0,0.5,,,,,,,,,,,,,,,,,,,,,,,,,,,,,,,,,,,,,,,,,,,,,,,,,,,,,,,,,,,,,,,,,,,,,,,,,,,,,,,,,,,,,,,,,,,,,,,,,,,,,,,,,,,,,,,,,,,,,,,,,,,,,,,,,,,,,,,,,,,,,,,,,,,,,,
1974,2,205.0,-7.0,,,,,,,,,,,,,,,,,,,,,,,,,,,,,,,,,,,,,,,,6.7,6.7,6.7,6.7,1.0,0.0,24.0,1.0,0.2,1.0,-6.3,-6.3,-6.3,-6.3,1.0,0.0,24.0,1.0,0.2,1.0,-2.29,-2.29,-2.29,-2.29,1.0,0.0,24.0,1.0,0.2,1.0,1007.0,1007.0,1007.0,1007.0,1.0,0.0,24.0,1.0,0.2,1.0,,,,,,,,,,,,,,,,,,,,,,,,,,,,,,,,,,,,,,,,,,,,,,,,,,,,,,,,,,,,,,,,,,,,,,,,,,,,,,,,,,,,,,,,,,,,,,,,,,,,,,,,,,,,,,,,,,,,,,,,,,,,,,,,,,,,,,,,,,,,,,,,,,,,,,
1974,2,205.0,-6.0,27.3,27.3,27.3,27.3,1.0,0.0,22.0,1.0,1.0,0.8,27.0,27.0,27.0,27.0,1.0,0.0,22.0,1.0,1.0,0.8,16.52,16.52,16.52,16.52,1.0,0.0,22.0,1.0,1.0,0.8,74.1,74.1,74.1,74.1,1.0,0.0,22.0,1.0,0.8,6.7,6.7,6.7,6.7,1.0,0.0,22.0,1.0,1.0,0.8,-6.6,-6.6,-6.6,-6.6,1.0,0.0,22.0,1.0,1.0,0.8,-1.16,-1.16,-1.16,-1.16,1.0,0.0,22.0,1.0,1.0,0.8,1009.7,1009.7,1009.7,1009.7,1.0,0.0,22.0,1.0,1.0,0.8,1.0,1.0,1.0,1.0,1.0,0.0,22.0,1.0,1.0,0.8,-44.2,-44.2,-44.2,-44.2,1.0,0.0,22.0,1.0,1.0,0.8,-7.8,-7.8,-7.8,-7.8,1.0,0.0,22.0,1.0,1.0,0.8,0.3,0.3,0.3,0.3,1.0,0.0,22.0,1.0,1.0,0.8,2.0,2.0,2.0,2.0,1.0,0.0,22.0,1.0,1.0,0.8,6.25,6.25,6.25,6.25,1.0,0.0,22.0,1.0,1.0,0.8,41.9,41.9,41.9,41.9,1.0,0.0,22.0,1.0,1.0,0.8,-178.2,-178.2,-178.2,-178.2,1.0,0.0,22.0,1.0,1.0,0.8,-31.4,-31.4,-31.4,-31.4,1.0,0.0,22.0,1.0,1.0,0.8,-109.0,-109.0,-109.0,-109.0,1.0,0.0,22.0,1.0,1.0,0.8,-19.2,-19.2,-19.2,-19.2,1.0,0.0,22.0,1.0,1.0,0.8,-41.3,-41.3,-41.3,-41.3,1.0,0.0,22.0,1.0,1.0,0.8,-7.3,-7.3,-7.3,-7.3,1.0,0.0,22.0,1.0,1.0,0.8,301.0,301.0,301.0,301.0,1.0,0.0,22.0,1.0,1.0,0.8,300.0,300.0,300.0,300.0,1.0,0.0,22.0,1.0,1.0,0.8
1974,2,205.0,-1.0,25.3,25.35,25.5,25.4,4.0,0.14,6.0,0.5,0.2,0.7,24.15,24.3,24.71,24.43,4.0,0.4,6.0,0.5,0.2,0.7,14.58,14.59,14.6,14.59,4.0,0.01,6.0,0.5,0.2,0.7,75.1,76.9,77.6,76.4,4.0,1.8,6.0,0.5,0.7,5.1,5.65,6.72,5.9,4.0,1.01,6.0,0.5,0.2,0.7,-6.72,-5.65,-5.1,-5.9,4.0,1.01,6.0,0.5,0.2,0.7,0.0,0.0,0.0,0.0,4.0,0.0,6.0,0.5,0.2,0.7,1009.39,1009.9,1010.36,1009.88,4.0,0.63,6.0,0.5,0.2,0.7,1.5,2.0,3.0,2.3,4.0,1.3,6.0,0.5,0.2,0.7,-45.5,-32.2,-26.0,-35.6,4.0,12.3,6.0,0.5,0.2,0.7,0.0,0.0,0.0,0.0,4.0,0.0,6.0,0.5,0.2,0.7,0.73,1.15,1.2,0.98,4.0,0.39,6.0,0.5,0.2,0.7,4.2,5.9,6.8,5.5,4.0,1.9,6.0,0.5,0.2,0.7,5.61,5.67,5.87,5.73,4.0,0.18,6.0,0.5,0.2,0.7,29.5,32.7,38.2,33.8,4.0,5.6,6.0,0.5,0.2,0.7,-165.4,-136.9,-123.9,-144.3,4.0,26.7,6.0,0.5,0.2,0.7,0.0,0.0,0.0,0.0,4.0,0.0,6.0,0.5,0.2,0.7,-98.1,-82.4,-74.4,-86.1,4.0,14.7,6.0,0.5,0.2,0.7,0.0,0.0,0.0,0.0,4.0,0.0,6.0,0.5,0.2,0.7,-38.2,-32.7,-29.5,-33.8,4.0,5.6,6.0,0.5,0.2,0.7,0.0,0.0,0.0,0.0,4.0,0.0,6.0,0.5,0.2,0.7,132.5,185.5,309.0,219.0,4.0,114.0,6.0,0.5,0.2,0.7,135.0,185.0,310.0,220.0,4.0,115.0,6.0,0.5,0.2,0.7
1974,2,205.0,1.0,26.7,26.7,26.7,26.7,1.0,0.0,8.0,1.0,1.0,0.3,27.2,27.2,27.2,27.2,1.0,0.0,8.0,1.0,1.0,0.3,17.93,17.93,17.93,17.93,1.0,0.0,8.0,1.0,1.0,0.3,79.3,79.3,79.3,79.3,1.0,0.0,8.0,1.0,0.3,10.3,10.3,10.3,10.3,1.0,0.0,8.0,1.0,1.0,0.3,-10.3,-10.3,-10.3,-10.3,1.0,0.0,8.0,1.0,1.0,0.3,0.0,0.0,0.0,0.0,1.0,0.0,8.0,1.0,1.0,0.3,1007.8,1007.8,1007.8,1007.8,1.0,0.0,8.0,1.0,1.0,0.3,2.0,2.0,2.0,2.0,1.0,0.0,8.0,1.0,1.0,0.3,-106.1,-106.1,-106.1,-106.1,1.0,0.0,8.0,1.0,1.0,0.3,0.0,0.0,0.0,0.0,1.0,0.0,8.0,1.0,1.0,0.3,-0.5,-0.5,-0.5,-0.5,1.0,0.0,8.0,1.0,1.0,0.3,-5.1,-5.1,-5.1,-5.1,1.0,0.0,8.0,1.0,1.0,0.3,4.09,4.09,4.09,4.09,1.0,0.0,8.0,1.0,1.0,0.3,42.1,42.1,42.1,42.1,1.0,0.0,8.0,1.0,1.0,0.3,-280.2,-280.2,-280.2,-280.2,1.0,0.0,8.0,1.0,1.0,0.3,0.0,0.0,0.0,0.0,1.0,0.0,8.0,1.0,1.0,0.3,-184.7,-184.7,-184.7,-184.7,1.0,0.0,8.0,1.0,1.0,0.3,0.0,0.0,0.0,0.0,1.0,0.0,8.0,1.0,1.0,0.3,-42.1,-42.1,-42.1,-42.1,1.0,0.0,8.0,1.0,1.0,0.3,0.0,0.0,0.0,0.0,1.0,0.0,8.0,1.0,1.0,0.3,1092.5,1092.5,1092.5,1092.5,1.0,0.0,8.0,1.0,1.0,0.3,1095.0,1095.0,1095.0,1095.0,1.0,0.0,8.0,1.0,1.0,0.3
1974,2,205.0,2.0,25.28,26.3,27.32,26.3,2.0,2.12,18.0,0.0,0.6,0.3,24.75,24.85,24.95,24.85,2.0,0.21,18.0,0.0,0.6,0.3,16.89,17.19,17.49,17.19,2.0,0.62,18.0,0.0,0.6,0.3,86.4,87.3,88.2,87.3,2.0,1.9,18.0,0.0,0.3,7.7,7.7,7.7,7.7,2.0,0.0,18.0,0.0,0.6,0.3,-7.53,-7.41,-7.29,-7.41,2.0,0.25,18.0,0.0,0.6,0.3,-0.71,0.65,2.0,0.65,2.0,2.81,18.0,0.0,0.6,0.3,1006.6,1007.25,1007.9,1007.25,2.0,1.34,18.0,0.0,0.6,0.3,2.3,3.0,3.7,3.0,2.0,1.4,18.0,0.0,0.6,0.3,-58.0,-57.1,-56.1,-57.1,2.0,1.9,18.0,0.0,0.6,0.3,-5.4,5.0,15.4,5.0,2.0,21.6,18.0,0.0,0.6,0.3,0.53,1.45,2.37,1.45,2.0,1.91,18.0,0.0,0.6,0.3,4.1,11.2,18.3,11.2,2.0,14.7,18.0,0.0,0.6,0.3,3.36,4.4,5.43,4.4,2.0,2.14,18.0,0.0,0.6,0.3,25.9,33.9,41.8,33.9,2.0,16.5,18.0,0.0,0.6,0.3,-186.3,-184.1,-181.9,-184.1,2.0,4.5,18.0,0.0,0.6,0.3,-17.3,16.4,50.1,16.4,2.0,69.9,18.0,0.0,0.6,0.3,-127.5,-127.3,-127.1,-127.3,2.0,0.4,18.0,0.0,0.6,0.3,-11.5,12.0,35.5,12.0,2.0,48.7,18.0,0.0,0.6,0.3,-39.5,-32.3,-25.2,-32.3,2.0,14.8,18.0,0.0,0.6,0.3,-0.8,5.9,12.5,5.9,2.0,13.7,18.0,0.0,0.6,0.3,456.5,456.5,456.5,456.5,2.0,0.0,18.0,0.0,0.6,0.3,455.0,455.0,455.0,455.0,2.0,0.0,18.0,0.0,0.6,0.3
1974,2,205.0,3.0,25.19,25.6,26.35,25.77,3.0,0.86,10.0,0.3,0.6,0.4,24.4,24.4,24.81,24.6,3.0,0.35,10.0,0.3,0.6,0.4,14.99,16.63,16.64,15.83,3.0,1.39,10.0,0.3,0.6,0.4,77.6,83.9,86.0,81.9,3.0,6.5,10.0,0.3,0.4,7.02,7.7,8.04,7.53,3.0,0.76,10.0,0.3,0.6,0.4,-8.0,-7.58,-6.7,-7.36,3.0,0.97,10.0,0.3,0.6,0.4,-0.91,0.0,1.56,0.32,3.0,1.84,10.0,0.3,0.6,0.4,1008.82,1009.5,1009.84,1009.33,3.0,0.76,10.0,0.3,0.6,0.4,3.3,4.0,4.0,3.7,3.0,0.6,10.0,0.3,0.6,0.4,-64.4,-58.4,-47.3,-55.9,3.0,12.7,10.0,0.3,0.6,0.4,-7.0,0.0,10.5,1.7,3.0,12.9,10.0,0.3,0.6,0.4,0.6,0.6,1.76,1.17,3.0,0.98,10.0,0.3,0.6,0.4,4.2,4.6,14.3,9.2,3.0,8.4,10.0,0.3,0.6,0.4,4.4,5.35,5.53,4.97,3.0,0.89,10.0,0.3,0.6,0.4,32.7,37.6,41.9,37.3,3.0,6.7,10.0,0.3,0.6,0.4,-196.7,-189.6,-165.0,-181.1,3.0,24.4,10.0,0.3,0.6,0.4,-22.8,0.0,38.2,7.5,3.0,45.1,10.0,0.3,0.6,0.4,-133.1,-126.2,-101.2,-117.4,3.0,24.6,10.0,0.3,0.6,0.4,-15.2,0.0,22.3,3.4,3.0,27.6,10.0,0.3,0.6,0.4,-41.2,-35.3,-31.7,-36.4,3.0,7.0,10.0,0.3,0.6,0.4,-3.6,0.0,8.8,2.5,3.0,9.3,10.0,0.3,0.6,0.4,350.0,456.5,521.5,436.0,3.0,126.5,10.0,0.3,0.6,0.4,350.0,455.0,520.0,435.0,3.0,125.0,10.0,0.3,0.6,0.4
1974,2,205.0,5.0,25.89,26.5,26.98,26.43,3.0,0.8,10.0,0.7,0.5,0.4,25.13,25.4,25.95,25.53,3.0,0.61,10.0,0.7,0.5,0.4,17.27,17.28,17.62,17.44,3.0,0.29,10.0,0.7,0.5,0.4,83.0,87.1,87.5,85.3,3.0,3.6,10.0,0.7,0.4,7.5,10.3,12.07,9.8,3.0,3.38,10.0,0.7,0.5,0.4,-12.03,-10.14,-7.2,-9.62,3.0,3.57,10.0,0.7,0.5,0.4,-1.22,0.0,1.45,0.11,3.0,1.96,10.0,0.7,0.5,0.4,1008.25,1008.8,1009.55,1008.9,3.0,0.95,10.0,0.7,0.5,0.4,2.3,3.0,6.4,4.3,3.0,3.2,10.0,0.7,0.5,0.4,-146.8,-104.5,-57.8,-102.3,3.0,65.2,10.0,0.7,0.5,0.4,-12.6,0.0,9.0,-1.8,3.0,15.9,10.0,0.7,0.5,0.4,0.23,0.3,1.6,0.9,3.0,1.13,10.0,0.7,0.5,0.4,2.7,3.1,10.3,6.4,3.0,6.2,10.0,0.7,0.5,0.4,3.32,4.47,5.1,4.22,3.0,1.32,10.0,0.7,0.5,0.4,34.3,36.0,42.9,38.5,3.0,6.7,10.0,0.7,0.5,0.4,-308.0,-265.8,-183.8,-246.4,3.0,92.5,10.0,0.7,0.5,0.4,-32.0,0.0,36.2,2.1,3.0,50.0,10.0,0.7,0.5,0.4,-212.2,-175.3,-124.3,-168.4,3.0,64.7,10.0,0.7,0.5,0.4,-21.1,0.0,25.0,1.9,3.0,33.8,10.0,0.7,0.5,0.4,-42.4,-36.0,-32.9,-37.6,3.0,7.1,10.0,0.7,0.5,0.4,-5.5,0.0,7.8,1.1,3.0,9.8,10.0,0.7,0.5,0.4,509.5,1092.5,1812.0,1159.0,3.0,956.0,10.0,0.7,0.5,0.4,510.0,1095.0,1810.0,1160.0,3.0,955.0,10.0,0.7,0.5,0.4
1974,2,205.0,7.0,26.2,26.2,26.2,26.2,1.0,0.0,16.0,0.0,1.0,0.0,24.0,24.0,24.0,24.0,1.0,0.0,16.0,0.0,1.0,0.0,17.11,17.11,17.11,17.11,1.0,0.0,16.0,0.0,1.0,0.0,91.9,91.9,91.9,91.9,1.0,0.0,16.0,0.0,0.0,8.43,10.0,11.57,10.0,2.0,3.25,12.0,0.0,0.9,0.3,-8.86,-7.66,-6.46,-7.66,2.0,2.49,12.0,0.0,0.9,0.3,-7.44,-6.43,-5.42,-6.43,2.0,2.09,12.0,0.0,0.9,0.3,1011.8,1011.8,1011.8,1011.8,1.0,0.0,16.0,0.0,1.0,0.0,8.0,8.0,8.0,8.0,2.0,0.0,12.0,0.0,0.9,0.3,-104.7,-80.7,-56.6,-80.7,2.0,49.8,12.0,0.0,0.9,0.3,-87.9,-67.7,-47.5,-67.7,2.0,41.8,12.0,0.0,0.9,0.3,2.2,2.2,2.2,2.2,1.0,0.0,16.0,0.0,1.0,0.0,16.9,16.9,16.9,16.9,1.0,0.0,16.0,0.0,1.0,0.0,4.18,4.18,4.18,4.18,1.0,0.0,16.0,0.0,1.0,0.0,32.2,32.2,32.2,32.2,1.0,0.0,16.0,0.0,1.0,0.0,-141.6,-141.6,-141.6,-141.6,1.0,0.0,16.0,0.0,1.0,0.0,-118.8,-118.8,-118.8,-118.8,1.0,0.0,16.0,0.0,1.0,0.0,-100.9,-100.9,-100.9,-100.9,1.0,0.0,16.0,0.0,1.0,0.0,-84.7,-84.7,-84.7,-84.7,1.0,0.0,16.0,0.0,1.0,0.0,-24.6,-24.6,-24.6,-24.6,1.0,0.0,16.0,0.0,1.0,0.0,-20.7,-20.7,-20.7,-20.7,1.0,0.0,16.0,0.0,1.0,0.0,679.5,1158.5,1638.0,1158.5,2.0,993.0,12.0,0.0,0.9,0.3,680.0,1160.0,1640.0,1160.0,2.0,995.0,12.0,0.0,0.9,0.3
1974,2,205.0,9.0,26.7,26.7,26.7,26.7,1.0,0.0,20.0,1.0,0.4,0.4,25.6,25.6,25.6,25.6,1.0,0.0,20.0,1.0,0.4,0.4,18.63,18.63,18.63,18.63,1.0,0.0,20.0,1.0,0.4,0.4,90.9,90.9,90.9,90.9,1.0,0.0,20.0,1.0,0.4,8.2,8.2,8.2,8.2,1.0,0.0,20.0,1.0,0.4,0.4,-6.28,-6.28,-6.28,-6.28,1.0,0.0,20.0,1.0,0.4,0.4,-5.27,-5.27,-5.27,-5.27,1.0,0.0,20.0,1.0,0.4,0.4,1011.9,1011.9,1011.9,1011.9,1.0,0.0,20.0,1.0,0.4,0.4,1.0,1.0,1.0,1.0,1.0,0.0,20.0,1.0,0.4,0.4,-51.5,-51.5,-51.5,-51.5,1.0,0.0,20.0,1.0,0.4,0.4,-43.2,-43.2,-43.2,-43.2,1.0,0.0,20.0,1.0,0.4,0.4,1.1,1.1,1.1,1.1,1.0,0.0,20.0,1.0,0.4,0.4,9.0,9.0,9.0,9.0,1.0,0.0,20.0,1.0,0.4,0.4,3.29,3.29,3.29,3.29,1.0,0.0,20.0,1.0,0.4,0.4,27.0,27.0,27.0,27.0,1.0,0.0,20.0,1.0,0.4,0.4,-160.8,-160.8,-160.8,-160.8,1.0,0.0,20.0,1.0,0.4,0.4,-134.9,-134.9,-134.9,-134.9,1.0,0.0,20.0,1.0,0.4,0.4,-117.0,-117.0,-117.0,-117.0,1.0,0.0,20.0,1.0,0.4,0.4,-98.2,-98.2,-98.2,-98.2,1.0,0.0,20.0,1.0,0.4,0.4,-20.7,-20.7,-20.7,-20.7,1.0,0.0,20.0,1.0,0.4,0.4,-17.4,-17.4,-17.4,-17.4,1.0,0.0,20.0,1.0,0.4,0.4,551.5,551.5,551.5,551.5,1.0,0.0,20.0,1.0,0.4,0.4,550.0,550.0,550.0,550.0,1.0,0.0,20.0,1.0,0.4,0.4
1974,2,205.0,10.0,25.5,25.5,25.5,25.5,1.0,0.0,10.0,1.0,1.0,0.2,25.5,25.5,25.5,25.5,1.0,0.0,10.0,1.0,1.0,0.2,16.57,16.57,16.57,16.57,1.0,0.0,10.0,1.0,1.0,0.2,81.5,81.5,81.5,81.5,1.0,0.0,10.0,1.0,0.2,11.8,11.8,11.8,11.8,1.0,0.0,10.0,1.0,1.0,0.2,-11.09,-11.09,-11.09,-11.09,1.0,0.0,10.0,1.0,1.0,0.2,-4.04,-4.04,-4.04,-4.04,1.0,0.0,10.0,1.0,1.0,0.2,1012.8,1012.8,1012.8,1012.8,1.0,0.0,10.0,1.0,1.0,0.2,2.0,2.0,2.0,2.0,1.0,0.0,10.0,1.0,1.0,0.2,-130.8,-130.8,-130.8,-130.8,1.0,0.0,10.0,1.0,1.0,0.2,-47.6,-47.6,-47.6,-47.6,1.0,0.0,10.0,1.0,1.0,0.2,0.0,0.0,0.0,0.0,1.0,0.0,10.0,1.0,1.0,0.2,0.0,0.0,0.0,0.0,1.0,0.0,10.0,1.0,1.0,0.2,3.81,3.81,3.81,3.81,1.0,0.0,10.0,1.0,1.0,0.2,45.0,45.0,45.0,45.0,1.0,0.0,10.0,1.0,1.0,0.2,-282.8,-282.8,-282.8,-282.8,1.0,0.0,10.0,1.0,1.0,0.2,-102.9,-102.9,-102.9,-102.9,1.0,0.0,10.0,1.0,1.0,0.2,-183.8,-183.8,-183.8,-183.8,1.0,0.0,10.0,1.0,1.0,0.2,-66.9,-66.9,-66.9,-66.9,1.0,0.0,10.0,1.0,1.0,0.2,-42.3,-42.3,-42.3,-42.3,1.0,0.0,10.0,1.0,1.0,0.2,-15.4,-15.4,-15.4,-15.4,1.0,0.0,10.0,1.0,1.0,0.2,1643.0,1643.0,1643.0,1643.0,1.0,0.0,10.0,1.0,1.0,0.2,1645.0,1645.0,1645.0,1645.0,1.0,0.0,10.0,1.0,1.0,0.2
1974,2,205.0,11.0,,,,,,,,,,,,,,,,,,,,,,,,,,,,,,,,,,,,,,,,10.3,10.3,10.3,10.3,1.0,0.0,20.0,1.0,0.6,0.1,-10.14,-10.14,-10.14,-10.14,1.0,0.0,20.0,1.0,0.6,0.1,-1.79,-1.79,-1.79,-1.79,1.0,0.0,20.0,1.0,0.6,0.1,1010.7,1010.7,1010.7,1010.7,1.0,0.0,20.0,1.0,0.6,0.1,1.0,1.0,1.0,1.0,1.0,0.0,20.0,1.0,0.6,0.1,-104.5,-104.5,-104.5,-104.5,1.0,0.0,20.0,1.0,0.6,0.1,-18.4,-18.4,-18.4,-18.4,1.0,0.0,20.0,1.0,0.6,0.1,,,,,,,,,,,,,,,,,,,,,,,,,,,,,,,,,,,,,,,,,-258.7,-258.7,-258.7,-258.7,1.0,0.0,20.0,1.0,0.6,0.1,-45.6,-45.6,-45.6,-45.6,1.0,0.0,20.0,1.0,0.6,0.1,-138.9,-138.9,-138.9,-138.9,1.0,0.0,20.0,1.0,0.6,0.1,-24.5,-24.5,-24.5,-24.5,1.0,0.0,20.0,1.0,0.6,0.1,,,,,,,,,,,,,,,,,,,,,,,,,,,,,,,,,,,,,,,,
1974,2,205.0,12.0,25.6,25.6,25.6,25.6,1.0,0.0,24.0,1.0,0.5,0.3,25.52,25.55,25.58,25.55,2.0,0.07,22.0,1.0,0.5,0.2,13.85,14.94,16.03,14.94,2.0,2.25,22.0,1.0,0.5,0.2,68.0,73.1,78.1,73.1,2.0,10.5,22.0,1.0,0.2,8.11,9.0,9.89,9.0,2.0,1.84,22.0,1.0,0.5,0.2,-9.68,-8.69,-7.7,-8.69,2.0,2.06,22.0,1.0,0.5,0.2,-2.5,-2.21,-1.92,-2.21,2.0,0.6,22.0,1.0,0.5,0.2,1009.35,1009.9,1010.45,1009.9,2.0,1.13,22.0,1.0,0.5,0.2,1.3,2.0,2.7,2.0,2.0,1.4,22.0,1.0,0.5,0.2,-96.7,-80.1,-63.5,-80.1,2.0,34.5,22.0,1.0,0.5,0.2,-20.0,-19.4,-18.7,-19.4,2.0,1.3,22.0,1.0,0.5,0.2,0.0,0.0,0.0,0.0,1.0,0.0,24.0,1.0,0.5,0.3,0.0,0.0,0.0,0.0,1.0,0.0,24.0,1.0,0.5,0.3,4.05,4.05,4.05,4.05,1.0,0.0,24.0,1.0,0.5,0.3,31.2,31.2,31.2,31.2,1.0,0.0,24.0,1.0,0.5,0.3,-247.0,-221.9,-196.9,-221.9,2.0,51.9,22.0,1.0,0.5,0.2,-64.0,-56.5,-49.1,-56.5,2.0,15.4,22.0,1.0,0.5,0.2,-132.9,-127.5,-122.1,-127.5,2.0,11.2,22.0,1.0,0.5,0.2,-40.4,-33.7,-27.0,-33.7,2.0,13.9,22.0,1.0,0.5,0.2,-29.3,-29.3,-29.3,-29.3,1.0,0.0,24.0,1.0,0.5,0.3,-10.7,-10.7,-10.7,-10.7,1.0,0.0,24.0,1.0,0.5,0.3,557.5,774.5,992.0,774.5,2.0,450.0,22.0,1.0,0.5,0.2,555.0,775.0,990.0,775.0,2.0,450.0,22.0,1.0,0.5,0.2
1974,2,205.0,13.0,24.59,25.0,25.41,25.0,3.0,0.6,16.0,1.0,0.4,0.5,25.02,25.05,25.08,25.05,2.0,0.07,22.0,1.0,0.6,0.3,14.78,15.54,16.3,15.54,2.0,1.58,22.0,1.0,0.6,0.3,75.0,78.6,82.3,78.6,2.0,7.5,22.0,1.0,0.3,8.2,8.2,10.32,9.23,3.0,1.79,16.0,1.0,0.4,0.5,-10.2,-8.2,-6.89,-8.54,3.0,2.44,16.0,1.0,0.4,0.5,-4.22,-1.96,-0.62,-2.41,3.0,2.66,16.0,1.0,0.4,0.5,1011.34,1013.8,1014.62,1013.0,3.0,2.5,16.0,1.0,0.4,0.5,1.0,3.0,3.7,2.3,3.0,2.1,16.0,1.0,0.4,0.5,-107.2,-67.2,-56.5,-81.5,3.0,39.1,16.0,1.0,0.4,0.5,-36.5,-22.2,-7.0,-21.8,3.0,21.6,16.0,1.0,0.4,0.5,0.08,0.25,0.42,0.25,2.0,0.35,22.0,1.0,0.6,0.3,0.7,2.1,3.4,2.1,2.0,2.9,22.0,1.0,0.6,0.3,4.07,4.57,5.08,4.57,2.0,1.05,22.0,1.0,0.6,0.3,36.0,45.7,55.5,45.7,2.0,20.2,22.0,1.0,0.6,0.3,-266.7,-242.0,-217.3,-242.0,2.0,51.2,22.0,1.0,0.6,0.3,-41.3,-24.5,-7.8,-24.5,2.0,34.7,22.0,1.0,0.6,0.3,-156.7,-148.6,-140.4,-148.6,2.0,16.9,22.0,1.0,0.6,0.3,-23.8,-14.2,-4.5,-14.2,2.0,20.0,22.0,1.0,0.6,0.3,-54.7,-45.3,-35.8,-45.3,2.0,19.6,22.0,1.0,0.6,0.3,-8.8,-5.2,-1.7,-5.2,2.0,7.4,22.0,1.0,0.6,0.3,551.5,551.5,1160.0,848.5,3.0,514.5,16.0,1.0,0.4,0.5,550.0,550.0,1160.0,850.0,3.0,515.0,16.0,1.0,0.4,0.5
1974,2,205.0,14.0,23.57,24.15,24.73,24.15,2.0,1.2,14.0,0.5,0.5,0.9,24.65,25.2,25.75,25.2,2.0,1.13,14.0,0.5,0.5,0.9,14.77,16.0,17.24,16.0,2.0,2.55,14.0,0.5,0.5,0.9,76.3,79.8,83.4,79.8,2.0,7.4,14.0,0.5,0.9,6.59,8.5,10.41,8.5,2.0,3.96,14.0,0.5,0.5,0.9,-9.82,-8.12,-6.41,-8.12,2.0,3.54,14.0,0.5,0.5,0.9,-3.09,-1.44,0.22,-1.44,2.0,3.43,14.0,0.5,0.5,0.9,1012.31,1013.2,1014.09,1013.2,2.0,1.84,14.0,0.5,0.5,0.9,1.2,1.5,1.8,1.5,2.0,0.7,14.0,0.5,0.5,0.9,-106.0,-76.0,-46.0,-76.0,2.0,62.2,14.0,0.5,0.5,0.9,-35.8,-19.0,-2.2,-19.0,2.0,34.9,14.0,0.5,0.5,0.9,-1.08,-1.05,-1.02,-1.05,2.0,0.07,14.0,0.5,0.5,0.9,-11.4,-9.1,-6.8,-9.1,2.0,4.8,14.0,0.5,0.5,0.9,2.21,2.8,3.38,2.8,2.0,1.21,14.0,0.5,0.5,0.9,15.8,26.2,36.5,26.2,2.0,21.4,14.0,0.5,0.5,0.9,-241.1,-202.5,-163.9,-202.5,2.0,80.0,14.0,0.5,0.5,0.9,-75.3,-34.3,6.7,-34.3,2.0,84.9,14.0,0.5,0.5,0.9,-142.7,-125.4,-108.0,-125.4,2.0,35.9,14.0,0.5,0.5,0.9,-43.4,-18.6,6.1,-18.6,2.0,51.3,14.0,0.5,0.5,0.9,-34.4,-24.8,-15.3,-24.8,2.0,19.8,14.0,0.5,0.5,0.9,-11.6,-6.1,-0.6,-6.1,2.0,11.3,14.0,0.5,0.5,0.9,385.0,814.0,1243.5,814.0,2.0,889.5,14.0,0.5,0.5,0.9,385.0,815.0,1245.0,815.0,2.0,890.0,14.0,0.5,0.5,0.9
1974,2,205.0,15.0,25.6,25.6,25.6,25.6,1.0,0.0,4.0,0.0,1.0,0.7,24.4,24.4,24.4,24.4,1.0,0.0,4.0,0.0,1.0,0.7,14.2,14.2,14.2,14.2,1.0,0.0,4.0,0.0,1.0,0.7,74.6,74.6,74.6,74.6,1.0,0.0,4.0,0.0,0.7,8.2,8.2,8.2,8.2,1.0,0.0,4.0,0.0,1.0,0.7,-7.71,-7.71,-7.71,-7.71,1.0,0.0,4.0,0.0,1.0,0.7,-2.8,-2.8,-2.8,-2.8,1.0,0.0,4.0,0.0,1.0,0.7,1011.9,1011.9,1011.9,1011.9,1.0,0.0,4.0,0.0,1.0,0.7,1.0,1.0,1.0,1.0,1.0,0.0,4.0,0.0,1.0,0.7,-63.2,-63.2,-63.2,-63.2,1.0,0.0,4.0,0.0,1.0,0.7,-23.0,-23.0,-23.0,-23.0,1.0,0.0,4.0,0.0,1.0,0.7,1.2,1.2,1.2,1.2,1.0,0.0,4.0,0.0,1.0,0.7,9.8,9.8,9.8,9.8,1.0,0.0,4.0,0.0,1.0,0.7,6.33,6.33,6.33,6.33,1.0,0.0,4.0,0.0,1.0,0.7,51.9,51.9,51.9,51.9,1.0,0.0,4.0,0.0,1.0,0.7,-188.0,-188.0,-188.0,-188.0,1.0,0.0,4.0,0.0,1.0,0.7,-68.4,-68.4,-68.4,-68.4,1.0,0.0,4.0,0.0,1.0,0.7,-109.4,-109.4,-109.4,-109.4,1.0,0.0,4.0,0.0,1.0,0.7,-39.8,-39.8,-39.8,-39.8,1.0,0.0,4.0,0.0,1.0,0.7,-48.8,-48.8,-48.8,-48.8,1.0,0.0,4.0,0.0,1.0,0.7,-17.7,-17.7,-17.7,-17.7,1.0,0.0,4.0,0.0,1.0,0.7,551.5,551.5,551.5,551.5,1.0,0.0,4.0,0.0,1.0,0.7,550.0,550.0,550.0,550.0,1.0,0.0,4.0,0.0,1.0,0.7
1974,2,205.0,17.0,24.4,25.5,26.0,25.25,6.0,0.88,22.0,0.8,0.7,0.6,23.28,24.3,24.76,24.08,6.0,0.85,22.0,0.8,0.7,0.6,13.96,14.34,14.76,14.37,5.0,0.56,22.0,0.8,0.7,0.6,73.6,76.4,79.6,76.6,5.0,4.4,22.0,0.8,0.6,5.81,10.3,12.3,9.38,6.0,3.18,22.0,0.8,0.7,0.6,-11.67,-10.21,-3.9,-8.64,6.0,3.81,22.0,0.8,0.7,0.6,-4.29,-2.71,-1.56,-2.7,6.0,1.69,22.0,0.8,0.7,0.6,1012.74,1015.1,1017.11,1015.15,6.0,2.37,22.0,0.8,0.7,0.6,2.0,3.0,4.4,3.3,6.0,1.5,22.0,0.8,0.7,0.6,-143.6,-106.1,-22.5,-91.1,6.0,58.1,22.0,0.8,0.7,0.6,-32.6,-24.2,-13.3,-24.1,6.0,16.9,22.0,0.8,0.7,0.6,-0.28,1.3,2.25,1.17,6.0,1.42,22.0,0.8,0.7,0.6,-3.5,9.5,17.6,8.0,6.0,11.2,22.0,0.8,0.7,0.6,4.84,5.68,6.69,5.74,5.0,0.97,22.0,0.8,0.7,0.6,45.9,57.0,66.7,56.3,5.0,15.5,22.0,0.8,0.7,0.6,-288.1,-249.8,-90.0,-210.4,6.0,96.1,22.0,0.8,0.7,0.6,-104.7,-63.6,-37.4,-64.3,6.0,40.3,22.0,0.8,0.7,0.6,-166.3,-157.3,-110.2,-137.6,5.0,46.7,22.0,0.8,0.7,0.6,-52.1,-29.2,-17.6,-33.0,5.0,23.0,22.0,0.8,0.7,0.6,-65.7,-53.5,-43.0,-53.6,5.0,18.0,22.0,0.8,0.7,0.6,-20.3,-13.3,-6.7,-13.0,5.0,8.6,22.0,0.8,0.7,0.6,199.0,1123.5,1861.0,1053.0,6.0,783.0,22.0,0.8,0.7,0.6,200.0,1125.0,1860.0,1055.0,6.0,785.0,22.0,0.8,0.7,0.6
1974,2,205.0,18.0,24.4,24.4,24.87,24.6,5.0,0.28,16.0,0.4,0.3,0.6,22.68,23.25,23.93,23.38,6.0,1.01,14.0,0.5,0.3,0.6,12.69,14.06,15.17,13.97,5.0,1.28,12.0,0.6,0.3,0.6,71.9,73.4,88.3,78.8,5.0,9.2,12.0,0.6,0.6,4.03,10.3,14.05,9.27,7.0,5.25,12.0,0.6,0.3,0.6,-13.25,-8.27,-4.01,-8.71,7.0,5.16,12.0,0.6,0.3,0.6,-4.86,0.0,1.32,-1.38,7.0,3.25,12.0,0.6,0.3,0.6,1015.17,1017.1,1018.4,1016.64,7.0,2.48,12.0,0.6,0.3,0.6,2.0,4.0,5.0,3.9,7.0,1.3,12.0,0.6,0.3,0.6,-186.7,-89.4,-16.3,-103.6,7.0,101.7,12.0,0.6,0.3,0.6,-66.5,0.0,4.1,-18.0,7.0,36.8,12.0,0.6,0.3,0.6,0.41,1.4,1.6,0.98,5.0,1.02,16.0,0.4,0.3,0.6,2.1,17.3,22.8,13.2,5.0,11.4,16.0,0.4,0.3,0.6,4.24,5.66,6.53,5.4,4.0,1.43,14.0,0.5,0.3,0.6,13.7,43.4,80.7,47.1,4.0,39.0,14.0,0.5,0.3,0.6,-319.2,-163.7,-87.5,-196.5,6.0,130.9,14.0,0.5,0.3,0.6,-119.3,-12.0,6.8,-43.4,6.0,74.9,14.0,0.5,0.3,0.6,-127.0,-91.8,-51.6,-91.3,5.0,49.7,12.0,0.6,0.3,0.6,-70.3,-16.2,6.7,-29.3,5.0,44.0,12.0,0.6,0.3,0.6,-69.9,-35.0,-12.8,-41.1,4.0,34.5,14.0,0.5,0.3,0.6,-38.7,-15.1,3.4,-17.6,4.0,25.0,14.0,0.5,0.3,0.6,66.5,1092.5,2792.0,1468.0,7.0,1784.5,12.0,0.6,0.3,0.6,65.0,1095.0,2790.0,1470.0,7.0,1785.0,12.0,0.6,0.3,0.6
1974,2,205.0,19.0,24.33,24.4,24.47,24.4,2.0,0.14,18.0,1.0,0.7,0.2,23.16,23.5,23.84,23.5,2.0,0.71,18.0,1.0,0.7,0.2,13.8,14.25,14.71,14.25,2.0,0.95,18.0,1.0,0.7,0.2,75.5,79.7,83.9,79.7,2.0,8.6,18.0,1.0,0.2,7.59,9.5,11.41,9.5,2.0,3.96,18.0,1.0,0.7,0.2,-11.11,-8.96,-6.8,-8.96,2.0,4.46,18.0,1.0,0.7,0.2,-3.16,-2.74,-2.33,-2.74,2.0,0.86,18.0,1.0,0.7,0.2,1018.52,1018.55,1018.58,1018.55,2.0,0.07,18.0,1.0,0.7,0.2,6.2,6.5,6.8,6.5,2.0,0.7,18.0,1.0,0.7,0.2,-131.5,-93.9,-56.4,-93.9,2.0,77.9,18.0,1.0,0.7,0.2,-25.7,-24.4,-23.1,-24.4,2.0,2.7,18.0,1.0,0.7,0.2,0.49,0.9,1.31,0.9,2.0,0.85,18.0,1.0,0.7,0.2,4.7,6.9,9.0,6.9,2.0,4.5,18.0,1.0,0.7,0.2,4.33,4.71,5.09,4.71,2.0,0.78,18.0,1.0,0.7,0.2,33.7,46.3,58.9,46.3,2.0,26.1,18.0,1.0,0.7,0.2,-265.8,-212.1,-158.4,-212.1,2.0,111.2,18.0,1.0,0.7,0.2,-73.0,-64.2,-55.4,-64.2,2.0,18.2,18.0,1.0,0.7,0.2,-152.2,-125.6,-99.0,-125.6,2.0,55.1,18.0,1.0,0.7,0.2,-46.7,-39.5,-32.3,-39.5,2.0,14.8,18.0,1.0,0.7,0.2,-57.5,-44.0,-30.4,-44.0,2.0,28.0,18.0,1.0,0.7,0.2,-13.5,-12.6,-11.7,-12.6,2.0,1.9,18.0,1.0,0.7,0.2,548.5,1081.0,1613.5,1081.0,2.0,1103.0,18.0,1.0,0.7,0.2,550.0,1080.0,1615.0,1080.0,2.0,1105.0,18.0,1.0,0.7,0.2
1974,2,205.0,20.0,24.75,25.5,25.5,25.13,3.0,0.64,10.0,0.0,0.6,0.6,22.39,22.8,22.94,22.67,3.0,0.42,10.0,0.0,0.6,0.6,13.04,13.27,14.2,13.61,3.0,0.89,10.0,0.0,0.6,0.6,77.5,78.1,82.3,79.8,3.0,3.8,10.0,0.0,0.6,7.52,8.2,9.63,8.57,3.0,1.58,10.0,0.0,0.6,0.6,-9.05,-7.71,-7.29,-8.16,3.0,1.35,10.0,0.0,0.6,0.6,-3.29,-2.8,-1.74,-2.53,3.0,1.16,10.0,0.0,0.6,0.6,1016.66,1017.0,1019.05,1017.83,3.0,1.89,10.0,0.0,0.6,0.6,2.3,3.0,3.7,3.0,3.0,1.0,10.0,0.0,0.6,0.6,-88.1,-63.2,-54.9,-71.3,3.0,25.3,10.0,0.0,0.6,0.6,-32.1,-23.0,-13.4,-22.8,3.0,13.6,10.0,0.0,0.6,0.6,1.89,2.5,3.05,2.47,3.0,0.85,10.0,0.0,0.6,0.6,14.7,18.0,28.9,21.7,3.0,10.9,10.0,0.0,0.6,0.6,5.65,5.73,6.85,6.24,3.0,0.98,10.0,0.0,0.6,0.6,42.5,47.0,66.7,54.4,3.0,18.9,10.0,0.0,0.6,0.6,-202.4,-175.7,-167.1,-184.5,3.0,27.0,10.0,0.0,0.6,0.6,-73.7,-63.9,-39.9,-57.0,3.0,25.5,10.0,0.0,0.6,0.6,-118.4,-103.7,-102.7,-110.4,3.0,12.8,10.0,0.0,0.6,0.6,-42.9,-37.2,-24.3,-33.7,3.0,14.0,10.0,0.0,0.6,0.6,-62.7,-44.2,-41.2,-51.8,3.0,17.1,10.0,0.0,0.6,0.6,-22.8,-16.1,-9.9,-16.3,3.0,9.5,10.0,0.0,0.6,0.6,430.0,551.5,921.0,672.5,3.0,374.5,10.0,0.0,0.6,0.6,430.0,550.0,920.0,670.0,3.0,375.0,10.0,0.0,0.6,0.6
1974,2,205.0,21.0,23.84,25.25,26.14,24.88,6.0,1.75,12.0,0.5,0.4,0.3,22.82,23.75,26.72,24.36,8.0,2.01,14.0,0.6,0.4,0.3,12.56,14.27,15.53,14.63,8.0,2.83,14.0,0.6,0.4,0.3,63.8,80.9,86.9,77.5,8.0,13.3,14.0,0.6,0.3,4.66,6.4,10.01,7.5,8.0,3.81,14.0,0.6,0.4,0.3,-9.86,-5.54,-2.99,-6.62,8.0,4.47,14.0,0.6,0.4,0.3,0.15,2.02,3.86,1.93,8.0,2.11,14.0,0.6,0.4,0.3,1016.21,1018.25,1021.04,1018.49,8.0,2.47,14.0,0.6,0.4,0.3,2.0,3.0,4.2,3.6,7.0,2.2,14.0,0.7,0.4,0.3,-99.4,-36.2,-13.8,-64.4,8.0,76.9,14.0,0.6,0.4,0.3,0.6,13.3,20.2,9.6,8.0,13.8,14.0,0.6,0.4,0.3,0.03,1.55,3.29,1.53,6.0,2.12,12.0,0.5,0.4,0.3,4.4,7.9,19.1,9.4,6.0,10.8,12.0,0.5,0.4,0.3,4.91,6.26,7.5,5.71,6.0,2.65,12.0,0.5,0.4,0.3,24.6,31.9,61.7,43.8,6.0,39.8,12.0,0.5,0.4,0.3,-272.4,-130.2,-70.5,-165.2,8.0,115.9,14.0,0.6,0.4,0.3,3.4,51.2,92.5,45.1,8.0,52.1,14.0,0.6,0.4,0.3,-148.8,-84.0,-46.2,-94.5,8.0,56.8,14.0,0.6,0.4,0.3,2.2,37.6,55.2,29.7,8.0,30.3,14.0,0.6,0.4,0.3,-61.1,-24.4,-13.1,-38.6,6.0,42.2,12.0,0.5,0.4,0.3,1.4,9.3,24.9,12.1,6.0,11.6,12.0,0.5,0.4,0.3,101.5,294.5,1022.0,761.0,8.0,1217.0,14.0,0.6,0.4,0.3,100.0,295.0,1020.0,760.0,8.0,1215.0,14.0,0.6,0.4,0.3
1974,2,205.0,22.0,22.2,23.9,25.0,23.6,23.0,1.57,16.0,0.4,0.4,0.5,21.15,22.3,23.7,22.44,23.0,1.34,16.0,0.4,0.4,0.5,12.82,13.63,14.56,13.56,22.0,1.37,16.0,0.4,0.4,0.5,74.4,82.1,88.9,81.0,23.0,7.9,16.0,0.4,0.5,4.1,7.2,9.3,6.96,23.0,2.67,16.0,0.4,0.4,0.5,-9.23,-7.09,-3.85,-6.33,23.0,2.62,16.0,0.4,0.4,0.5,-1.4,0.0,2.41,0.13,23.0,2.98,16.0,0.4,0.4,0.5,1015.8,1019.25,1020.77,1018.58,22.0,2.55,16.0,0.4,0.4,0.5,2.0,3.0,5.0,3.3,23.0,1.6,16.0,0.4,0.4,0.5,-86.5,-51.1,-15.8,-50.2,23.0,32.8,16.0,0.4,0.4,0.5,-7.5,0.0,15.4,0.6,23.0,30.0,16.0,0.4,0.4,0.5,-0.55,1.6,2.75,1.16,23.0,1.87,16.0,0.4,0.4,0.5,-5.2,9.0,23.2,8.0,23.0,13.6,16.0,0.4,0.4,0.5,3.07,4.84,6.59,4.65,22.0,2.19,16.0,0.4,0.4,0.5,13.4,28.5,40.6,30.7,22.0,20.7,16.0,0.4,0.4,0.5,-199.5,-145.3,-92.1,-140.5,23.0,55.3,16.0,0.4,0.4,0.5,-33.5,0.0,53.4,4.5,23.0,64.9,16.0,0.4,0.4,0.5,-116.3,-84.4,-52.6,-83.5,22.0,34.8,16.0,0.4,0.4,0.5,-19.1,0.0,21.1,-1.3,22.0,34.1,16.0,0.4,0.4,0.5,-39.3,-27.0,-8.7,-28.2,22.0,20.5,16.0,0.4,0.4,0.5,-9.6,0.0,8.4,-1.9,22.0,12.6,16.0,0.4,0.4,0.5,69.0,373.0,804.5,479.0,23.0,443.0,16.0,0.4,0.4,0.5,70.0,375.0,805.0,480.0,23.0,445.0,16.0,0.4,0.4,0.5
1974,2,205.0,23.0,23.49,23.9,24.46,23.94,16.0,0.73,14.0,0.6,0.6,0.3,21.86,22.7,22.8,22.47,17.0,0.98,14.0,0.6,0.5,0.3,13.2,14.44,14.94,14.11,17.0,1.16,14.0,0.6,0.5,0.3,77.1,84.7,92.0,84.0,17.0,8.3,14.0,0.6,0.3,5.1,6.2,9.3,6.84,17.0,2.24,14.0,0.6,0.5,0.3,-9.3,-5.02,-2.55,-5.67,17.0,3.05,14.0,0.6,0.5,0.3,-2.3,0.89,3.91,0.84,17.0,3.24,14.0,0.6,0.5,0.3,1015.44,1017.3,1021.95,1018.22,17.0,3.08,14.0,0.6,0.5,0.3,1.0,3.0,6.0,3.5,17.0,2.2,14.0,0.6,0.5,0.3,-86.5,-25.6,-15.1,-44.3,17.0,35.6,14.0,0.6,0.5,0.3,-15.8,2.3,21.1,4.8,17.0,20.9,14.0,0.6,0.5,0.3,0.79,1.6,2.2,1.49,16.0,1.14,14.0,0.6,0.6,0.3,3.9,10.2,16.7,9.7,16.0,9.1,14.0,0.6,0.6,0.3,3.33,3.97,5.83,4.39,16.0,1.39,14.0,0.6,0.6,0.3,18.6,27.0,49.3,31.0,16.0,15.5,14.0,0.6,0.6,0.3,-207.5,-116.5,-57.0,-128.3,17.0,71.4,14.0,0.6,0.5,0.3,-52.0,19.6,82.1,17.9,17.0,72.7,14.0,0.6,0.5,0.3,-121.8,-71.5,-37.6,-80.0,17.0,43.6,14.0,0.6,0.5,0.3,-30.6,13.2,56.1,13.8,17.0,44.3,14.0,0.6,0.5,0.3,-49.3,-17.4,-11.2,-25.2,16.0,17.6,14.0,0.6,0.6,0.3,-10.3,1.5,15.5,1.2,16.0,16.6,14.0,0.6,0.6,0.3,132.5,238.5,804.5,418.0,17.0,361.5,14.0,0.6,0.5,0.3,135.0,240.0,805.0,420.0,17.0,360.0,14.0,0.6,0.5,0.3
1974,2,205.0,24.0,22.06,23.0,24.36,23.11,8.0,1.34,16.0,0.5,0.6,0.2,22.8,23.25,23.99,23.06,8.0,1.38,18.0,0.8,0.6,0.2,12.73,14.39,15.36,14.07,7.0,1.34,20.0,0.7,0.6,0.2,73.4,78.3,84.1,78.4,7.0,5.7,20.0,0.7,0.2,2.6,4.65,11.59,6.64,10.0,4.7,18.0,0.7,0.7,0.2,-10.35,-3.62,-2.02,-5.34,10.0,5.14,18.0,0.7,0.7,0.2,-1.89,0.18,2.31,0.26,10.0,3.59,18.0,0.7,0.7,0.2,1016.64,1018.6,1023.66,1019.76,9.0,3.44,18.0,0.7,0.6,0.3,1.4,3.5,6.1,3.6,10.0,2.3,18.0,0.7,0.7,0.2,-120.3,-20.9,-4.7,-55.6,10.0,78.8,18.0,0.7,0.7,0.2,-15.7,0.4,8.8,2.4,10.0,33.5,18.0,0.7,0.7,0.2,-0.68,-0.3,0.9,0.06,5.0,1.02,18.0,0.6,0.5,0.1,-2.4,-1.0,9.8,3.9,5.0,11.7,18.0,0.6,0.5,0.1,2.6,4.13,5.83,4.12,5.0,2.04,18.0,0.6,0.5,0.1,6.0,14.3,50.8,29.4,5.0,39.1,18.0,0.6,0.5,0.1,-198.1,-69.0,-48.9,-110.1,8.0,120.5,18.0,0.8,0.6,0.2,-36.4,4.4,66.3,12.8,8.0,87.8,18.0,0.8,0.6,0.2,-127.9,-33.8,-27.0,-65.4,7.0,73.1,20.0,0.7,0.6,0.2,-1.3,5.2,50.5,20.5,7.0,43.2,20.0,0.7,0.6,0.2,-50.6,-14.3,-3.8,-28.2,5.0,40.2,18.0,0.6,0.5,0.1,0.0,1.3,3.6,1.7,5.0,1.9,18.0,0.6,0.5,0.1,17.5,116.0,1557.5,752.0,10.0,1188.5,18.0,0.7,0.7,0.2,20.0,115.0,1555.0,750.0,10.0,1190.0,18.0,0.7,0.7,0.2
1974,2,205.0,25.0,21.27,21.65,22.03,21.65,2.0,0.78,10.0,0.0,0.3,0.7,19.25,20.0,20.75,20.0,2.0,1.56,10.0,0.0,0.3,0.7,9.61,11.19,12.78,11.19,2.0,3.29,10.0,0.0,0.3,0.7,69.8,77.1,84.4,77.1,2.0,15.2,10.0,0.0,0.7,8.37,8.75,9.13,8.75,2.0,0.78,10.0,0.0,0.3,0.7,-8.0,-7.88,-7.76,-7.88,2.0,0.25,10.0,0.0,0.3,0.7,-4.36,-3.73,-3.1,-3.73,2.0,1.3,10.0,0.0,0.3,0.7,1023.83,1024.75,1025.67,1024.75,2.0,1.91,10.0,0.0,0.3,0.7,3.0,3.0,3.0,3.0,2.0,0.0,10.0,0.0,0.3,0.7,-73.0,-69.0,-65.0,-69.0,2.0,8.3,10.0,0.0,0.3,0.7,-40.0,-33.1,-26.2,-33.1,2.0,14.3,10.0,0.0,0.3,0.7,0.52,1.65,2.78,1.65,2.0,2.33,10.0,0.0,0.3,0.7,4.3,13.5,22.8,13.5,2.0,19.1,10.0,0.0,0.3,0.7,2.8,4.74,6.69,4.74,2.0,4.03,10.0,0.0,0.3,0.7,24.7,39.9,55.2,39.9,2.0,31.5,10.0,0.0,0.3,0.7,-166.1,-157.8,-149.5,-157.8,2.0,17.2,10.0,0.0,0.3,0.7,-91.0,-75.6,-60.2,-75.6,2.0,31.9,10.0,0.0,0.3,0.7,-102.5,-88.6,-74.8,-88.6,2.0,28.7,10.0,0.0,0.3,0.7,-56.8,-43.9,-30.9,-43.9,2.0,26.9,10.0,0.0,0.3,0.7,-51.6,-36.9,-22.1,-36.9,2.0,30.5,10.0,0.0,0.3,0.7,-19.3,-15.1,-10.8,-15.1,2.0,8.8,10.0,0.0,0.3,0.7,591.5,678.0,764.0,678.0,2.0,179.0,10.0,0.0,0.3,0.7,590.0,680.0,765.0,680.0,2.0,180.0,10.0,0.0,0.3,0.7
1974,2,205.0,26.0,22.79,23.4,23.81,23.3,3.0,0.75,14.0,0.3,0.5,0.4,19.32,20.0,21.37,20.33,3.0,1.53,14.0,0.3,0.5,0.4,9.64,12.35,13.18,11.43,3.0,2.71,14.0,0.3,0.5,0.4,66.2,83.1,88.5,77.5,3.0,17.0,14.0,0.3,0.4,3.56,6.7,7.72,5.67,3.0,3.18,14.0,0.3,0.5,0.4,-5.26,-4.1,-2.4,-3.84,3.0,2.11,14.0,0.3,0.5,0.4,-5.91,-3.35,-1.98,-3.93,3.0,2.92,14.0,0.3,0.5,0.4,1019.13,1020.5,1022.41,1020.77,3.0,2.41,14.0,0.3,0.5,0.4,4.6,6.0,7.4,6.0,2.0,2.8,16.0,0.0,0.6,0.5,-37.2,-33.6,-13.0,-25.3,3.0,19.2,14.0,0.3,0.5,0.4,-46.9,-22.4,-9.1,-27.8,3.0,28.1,14.0,0.3,0.5,0.4,2.44,3.4,3.47,2.97,3.0,0.84,14.0,0.3,0.5,0.4,10.1,22.8,26.8,18.6,3.0,12.8,14.0,0.3,0.5,0.4,4.66,4.92,7.97,6.28,3.0,2.7,14.0,0.3,0.5,0.4,18.9,37.2,54.7,36.8,3.0,26.3,14.0,0.3,0.5,0.4,-103.9,-77.9,-48.9,-76.4,3.0,40.3,14.0,0.3,0.5,0.4,-113.4,-67.0,-41.5,-77.2,3.0,53.4,14.0,0.3,0.5,0.4,-50.0,-48.6,-30.3,-40.4,3.0,16.1,14.0,0.3,0.5,0.4,-68.8,-28.1,-21.4,-44.7,3.0,37.6,14.0,0.3,0.5,0.4,-43.1,-18.6,-11.3,-27.0,3.0,24.4,14.0,0.3,0.5,0.4,-32.0,-31.4,-14.5,-23.4,3.0,14.5,14.0,0.3,0.5,0.4,102.0,301.0,472.0,287.0,3.0,271.5,14.0,0.3,0.5,0.4,100.0,300.0,470.0,285.0,3.0,270.0,14.0,0.3,0.5,0.4
1974,2,205.0,27.0,20.5,21.0,21.68,20.99,12.0,1.21,20.0,0.4,0.5,0.6,17.8,19.5,20.58,19.37,12.0,1.15,20.0,0.4,0.5,0.6,9.39,11.83,12.79,11.13,11.0,1.85,18.0,0.4,0.5,0.7,66.6,82.3,91.1,80.5,11.0,10.2,18.0,0.4,0.7,3.35,5.95,10.43,6.83,12.0,3.47,20.0,0.4,0.5,0.6,-9.61,-1.74,0.0,-3.66,12.0,4.21,20.0,0.4,0.5,0.6,-7.95,-2.06,1.87,-2.72,12.0,4.74,20.0,0.4,0.5,0.6,1018.37,1020.4,1024.01,1019.73,12.0,6.24,20.0,0.4,0.5,0.6,2.6,6.0,8.0,5.3,11.0,2.9,20.0,0.5,0.5,0.6,-107.1,-10.0,0.0,-33.6,12.0,48.1,20.0,0.4,0.5,0.6,-74.1,-13.1,7.9,-26.6,12.0,42.9,20.0,0.4,0.5,0.6,0.12,1.25,3.43,1.63,12.0,1.63,20.0,0.4,0.5,0.6,0.4,8.8,23.9,10.3,12.0,13.4,20.0,0.4,0.5,0.6,2.29,5.09,5.95,4.28,11.0,2.13,18.0,0.4,0.5,0.7,9.4,32.6,42.9,27.5,11.0,17.0,18.0,0.4,0.5,0.7,-185.1,-34.8,0.0,-72.7,12.0,83.3,20.0,0.4,0.5,0.6,-150.8,-38.8,37.4,-48.7,12.0,89.2,20.0,0.4,0.5,0.6,-118.0,-17.3,0.0,-45.2,11.0,53.4,18.0,0.4,0.5,0.7,-97.4,-22.5,20.9,-30.9,11.0,53.5,18.0,0.4,0.5,0.7,-25.1,-3.7,0.0,-9.8,11.0,13.1,18.0,0.4,0.5,0.7,-42.6,-5.7,5.2,-15.6,11.0,24.1,18.0,0.4,0.5,0.7,39.5,212.0,1135.0,550.5,12.0,620.5,20.0,0.4,0.5,0.6,40.0,210.0,1135.0,550.0,12.0,620.0,20.0,0.4,0.5,0.6
1974,2,205.0,28.0,20.79,21.15,21.72,21.25,4.0,0.7,10.0,0.8,0.6,0.7,18.79,20.0,22.31,20.34,5.0,2.44,8.0,0.8,0.7,0.7,11.02,12.82,13.65,12.29,5.0,1.82,8.0,0.8,0.7,0.7,76.1,79.3,91.1,82.9,5.0,8.7,8.0,0.8,0.7,5.07,6.2,7.07,5.98,5.0,1.72,8.0,0.8,0.7,0.7,-6.18,-3.05,2.09,-2.11,5.0,4.47,8.0,0.8,0.7,0.7,-1.52,0.54,6.31,1.99,5.0,4.14,8.0,0.8,0.7,0.7,1016.6,1018.9,1019.86,1018.18,5.0,2.48,8.0,0.8,0.7,0.7,3.3,4.0,6.4,4.6,5.0,1.9,8.0,0.8,0.7,0.7,-39.4,-9.5,15.1,-10.6,5.0,30.2,8.0,0.8,0.7,0.7,-9.8,1.7,42.8,13.8,5.0,29.2,8.0,0.8,0.7,0.7,-0.11,1.7,3.35,1.63,4.0,2.36,10.0,0.8,0.6,0.7,2.3,11.4,20.8,11.5,4.0,12.9,10.0,0.8,0.6,0.7,2.79,2.9,4.65,3.68,4.0,1.67,10.0,0.8,0.6,0.7,13.2,19.3,30.2,21.6,4.0,12.3,10.0,0.8,0.6,0.7,-118.1,-66.6,41.8,-43.2,5.0,91.1,8.0,0.8,0.7,0.7,-30.8,11.7,126.2,39.2,5.0,84.1,8.0,0.8,0.7,0.7,-67.2,-36.7,27.4,-22.9,5.0,54.5,8.0,0.8,0.7,0.7,-17.7,6.5,84.6,27.0,5.0,54.4,8.0,0.8,0.7,0.7,-24.1,-3.0,7.0,-8.3,4.0,21.2,10.0,0.8,0.6,0.7,-2.7,9.4,17.8,7.6,4.0,12.2,10.0,0.8,0.6,0.7,162.0,238.5,357.5,252.5,5.0,153.5,8.0,0.8,0.7,0.7,160.0,240.0,360.0,255.0,5.0,155.0,8.0,0.8,0.7,0.7
1974,2,205.0,29.0,19.3,20.1,21.21,20.25,6.0,1.12,16.0,0.7,0.7,0.6,19.0,19.7,20.1,19.65,6.0,0.61,12.0,0.7,0.8,0.5,10.38,12.42,13.65,11.94,5.0,2.18,14.0,0.8,0.8,0.5,75.2,89.9,92.6,83.9,5.0,14.7,14.0,0.8,0.5,4.16,5.9,8.14,6.15,8.0,2.99,14.0,0.6,0.7,0.5,-3.95,-1.06,3.35,-0.84,8.0,4.21,14.0,0.6,0.7,0.5,-1.1,2.88,6.3,2.45,8.0,5.18,14.0,0.6,0.7,0.5,1018.16,1020.75,1025.51,1021.53,8.0,3.76,14.0,0.6,0.7,0.5,1.4,5.0,7.8,4.8,8.0,2.9,14.0,0.6,0.7,0.5,-16.7,-4.6,21.5,-3.7,8.0,31.0,14.0,0.6,0.7,0.5,-2.8,16.8,41.9,22.1,8.0,49.4,14.0,0.6,0.7,0.5,-0.26,0.1,1.67,0.68,4.0,1.58,16.0,0.8,0.8,0.5,-1.8,0.5,12.5,5.2,4.0,12.1,16.0,0.8,0.8,0.5,1.13,3.14,5.58,3.34,4.0,2.61,16.0,0.8,0.8,0.5,8.6,20.1,33.3,20.9,4.0,14.7,16.0,0.8,0.8,0.5,-91.7,-21.6,75.3,-17.5,6.0,90.7,12.0,0.7,0.8,0.5,-41.4,20.4,74.9,16.7,6.0,85.3,12.0,0.7,0.8,0.5,-45.0,-13.3,39.6,-7.6,5.0,57.9,14.0,0.8,0.8,0.5,-34.9,24.9,54.8,13.1,5.0,58.9,14.0,0.8,0.8,0.5,-6.2,10.5,23.1,8.5,4.0,17.2,16.0,0.8,0.8,0.5,-13.2,4.9,12.4,-0.1,4.0,20.1,16.0,0.8,0.8,0.5,72.0,216.5,541.0,381.5,8.0,470.5,14.0,0.6,0.7,0.5,70.0,215.0,540.0,380.0,8.0,470.0,14.0,0.6,0.7,0.5
1974,2,205.0,30.0,17.47,18.5,19.21,18.61,11.0,1.37,14.0,0.6,0.6,0.6,17.53,18.55,19.97,18.71,14.0,1.66,14.0,0.6,0.6,0.6,8.9,11.55,12.67,11.08,14.0,2.06,14.0,0.6,0.6,0.6,72.8,84.1,88.7,82.5,14.0,7.5,14.0,0.6,0.6,2.63,5.4,11.17,6.76,14.0,4.31,14.0,0.6,0.6,0.6,-6.56,-2.71,1.59,-3.3,14.0,4.59,14.0,0.6,0.6,0.6,1.37,2.9,8.01,4.18,14.0,4.01,14.0,0.6,0.6,0.6,1016.53,1021.9,1026.42,1021.35,14.0,4.26,14.0,0.6,0.6,0.6,4.1,7.0,8.0,6.1,14.0,2.5,14.0,0.6,0.6,0.6,-56.2,-11.3,5.7,-31.1,14.0,58.5,14.0,0.6,0.6,0.6,2.6,20.3,69.7,39.3,14.0,54.3,14.0,0.6,0.6,0.6,-1.58,0.6,1.21,0.05,11.0,1.5,14.0,0.6,0.6,0.6,-13.5,1.6,12.7,0.3,11.0,14.1,14.0,0.6,0.6,0.6,0.41,2.99,4.26,2.38,11.0,1.89,14.0,0.6,0.6,0.6,2.6,8.0,44.4,19.1,11.0,21.4,14.0,0.6,0.6,0.6,-119.7,-47.6,30.9,-60.0,14.0,84.2,14.0,0.6,0.6,0.6,26.4,56.2,133.4,78.8,14.0,76.5,14.0,0.6,0.6,0.6,-75.4,-29.9,18.2,-33.7,14.0,46.2,14.0,0.6,0.6,0.6,16.0,37.1,65.1,47.2,14.0,47.8,14.0,0.6,0.6,0.6,-28.3,-5.1,0.6,-13.0,11.0,20.0,14.0,0.6,0.6,0.6,0.5,5.8,12.9,8.8,11.0,13.5,14.0,0.6,0.6,0.6,18.5,159.0,1402.5,696.5,14.0,1000.0,14.0,0.6,0.6,0.6,20.0,160.0,1405.0,695.0,14.0,1000.0,14.0,0.6,0.6,0.6
1974,2,205.0,31.0,18.14,19.0,20.0,19.02,5.0,1.01,16.0,0.6,0.5,0.2,16.0,16.45,17.04,16.52,6.0,0.52,18.0,0.7,0.5,0.2,7.71,8.43,9.25,8.48,4.0,0.92,16.0,0.5,0.4,0.3,67.1,75.2,79.3,73.3,4.0,7.6,16.0,0.5,0.3,6.77,7.7,8.74,7.78,6.0,1.83,18.0,0.7,0.5,0.2,-8.21,-6.57,-2.59,-5.41,6.0,4.37,18.0,0.7,0.5,0.2,-5.32,-3.04,-1.33,-2.79,6.0,3.54,18.0,0.7,0.5,0.2,1022.79,1024.9,1027.42,1024.95,6.0,2.43,18.0,0.7,0.5,0.2,6.0,6.5,8.0,6.8,6.0,1.0,18.0,0.7,0.5,0.2,-72.8,-50.6,-12.1,-46.0,6.0,42.8,18.0,0.7,0.5,0.2,-40.3,-21.6,-5.0,-17.8,6.0,30.8,18.0,0.7,0.5,0.2,1.26,3.0,3.29,2.4,5.0,1.3,16.0,0.6,0.5,0.2,7.0,23.1,30.4,19.5,5.0,12.5,16.0,0.6,0.5,0.2,4.1,5.5,6.24,5.19,4.0,1.67,16.0,0.5,0.4,0.3,32.3,42.4,59.2,45.6,4.0,21.0,16.0,0.5,0.4,0.3,-140.8,-105.7,-43.6,-90.4,6.0,73.0,18.0,0.7,0.5,0.2,-86.0,-51.5,-20.5,-45.1,6.0,58.3,18.0,0.7,0.5,0.2,-75.0,-65.3,-54.9,-65.0,4.0,11.7,16.0,0.5,0.4,0.3,-35.9,-23.8,4.7,-16.0,4.0,30.9,16.0,0.5,0.4,0.3,-55.7,-36.2,-26.9,-41.1,4.0,20.5,16.0,0.5,0.4,0.3,-21.1,-11.4,9.4,-6.1,4.0,22.4,16.0,0.5,0.4,0.3,323.5,456.5,697.5,538.5,6.0,381.0,18.0,0.7,0.5,0.2,325.0,455.0,700.0,540.0,6.0,380.0,18.0,0.7,0.5,0.2
1974,2,205.0,32.0,16.7,17.0,18.16,17.5,5.0,1.41,16.0,0.4,0.8,0.6,13.33,16.7,18.19,16.5,7.0,3.25,16.0,0.4,0.8,0.6,7.5,8.57,9.9,9.04,6.0,2.8,14.0,0.5,0.8,0.7,65.2,76.0,90.8,78.5,6.0,13.7,14.0,0.5,0.7,2.48,3.1,9.5,5.81,7.0,4.85,16.0,0.4,0.8,0.6,-7.41,-2.68,-1.24,-4.25,7.0,4.52,16.0,0.4,0.8,0.6,-6.11,-1.93,0.11,-2.61,7.0,3.67,16.0,0.4,0.8,0.6,1025.49,1027.1,1028.14,1026.74,7.0,1.9,16.0,0.4,0.8,0.6,4.0,5.0,7.0,5.3,7.0,1.8,16.0,0.4,0.8,0.6,-71.5,-8.3,-3.2,-41.6,7.0,64.0,16.0,0.4,0.8,0.6,-56.8,-5.8,0.3,-24.7,7.0,32.9,16.0,0.4,0.8,0.6,-0.07,0.6,3.1,1.48,5.0,2.15,16.0,0.4,0.8,0.6,-0.2,0.0,20.8,10.4,5.0,20.4,16.0,0.4,0.8,0.6,2.98,3.18,3.7,3.33,4.0,0.52,14.0,0.5,0.9,0.7,3.8,10.3,22.1,12.8,4.0,13.0,14.0,0.5,0.9,0.7,-104.8,-41.4,-20.7,-76.2,7.0,98.8,16.0,0.4,0.8,0.6,-81.3,-34.7,1.8,-37.2,7.0,47.8,16.0,0.4,0.8,0.6,-73.8,-24.2,-8.9,-48.8,6.0,70.7,14.0,0.5,0.8,0.7,-44.5,-22.8,4.0,-23.0,6.0,32.9,14.0,0.5,0.8,0.7,-10.7,-7.2,-1.9,-6.4,4.0,5.3,14.0,0.5,0.9,0.7,-18.1,-3.2,3.6,-7.0,4.0,15.5,14.0,0.5,0.9,0.7,16.5,30.0,881.0,584.0,7.0,884.5,16.0,0.4,0.8,0.6,15.0,30.0,880.0,585.0,7.0,885.0,16.0,0.4,0.8,0.6
1974,2,205.0,33.0,15.9,17.7,18.1,17.1,12.0,1.95,12.0,0.5,0.6,0.6,14.5,16.2,17.19,15.7,15.0,1.69,14.0,0.4,0.5,0.6,6.58,10.5,11.62,9.52,14.0,2.26,12.0,0.4,0.5,0.6,69.6,92.0,96.7,85.5,14.0,13.9,12.0,0.4,0.6,4.1,7.7,9.4,7.35,13.0,2.68,12.0,0.5,0.5,0.6,-5.11,0.0,3.56,0.09,13.0,4.6,12.0,0.5,0.5,0.6,-4.14,3.85,8.25,2.42,13.0,6.18,12.0,0.5,0.5,0.6,1015.55,1020.5,1025.82,1020.96,15.0,4.86,14.0,0.4,0.5,0.6,2.4,7.0,8.0,5.9,15.0,3.0,14.0,0.4,0.5,0.6,-39.4,0.0,32.3,4.4,13.0,42.2,12.0,0.5,0.5,0.6,-22.1,16.8,68.6,18.8,13.0,58.2,12.0,0.5,0.5,0.6,0.5,1.1,3.43,1.73,12.0,1.61,12.0,0.5,0.6,0.6,1.8,9.9,31.3,14.0,10.0,16.7,12.0,0.6,0.6,0.6,0.91,2.33,5.7,2.95,12.0,2.5,12.0,0.5,0.6,0.6,2.4,17.6,51.3,23.7,10.0,25.9,12.0,0.6,0.6,0.6,-85.0,0.0,57.3,0.2,13.0,70.6,12.0,0.5,0.5,0.6,-61.3,61.6,143.6,45.0,13.0,99.0,12.0,0.5,0.5,0.6,-16.0,2.9,36.9,3.2,12.0,36.0,12.0,0.5,0.5,0.6,-32.8,37.9,97.8,32.8,12.0,62.8,12.0,0.5,0.5,0.6,-10.0,0.1,26.8,7.1,10.0,25.3,12.0,0.6,0.6,0.6,-31.1,1.6,12.3,-6.9,10.0,23.3,12.0,0.6,0.6,0.6,69.0,456.5,832.0,542.0,13.0,503.5,12.0,0.5,0.5,0.6,70.0,455.0,830.0,540.0,13.0,505.0,12.0,0.5,0.5,0.6
1974,2,205.0,34.0,15.6,15.8,17.33,16.2,8.0,1.11,12.0,0.5,0.6,0.6,14.46,15.0,16.47,15.45,11.0,1.21,12.0,0.5,0.6,0.6,6.32,8.75,9.4,8.12,10.0,1.68,12.0,0.5,0.5,0.6,60.9,77.3,89.6,76.0,10.0,14.8,12.0,0.5,0.6,3.89,8.2,10.3,7.62,11.0,3.6,12.0,0.6,0.5,0.6,2.41,7.24,9.07,5.32,11.0,5.79,12.0,0.6,0.5,0.6,-2.14,0.0,4.47,1.08,11.0,3.3,12.0,0.6,0.5,0.6,1017.05,1022.0,1025.51,1021.33,12.0,5.45,12.0,0.6,0.5,0.6,6.6,8.0,8.0,7.2,11.0,1.5,12.0,0.5,0.5,0.5,8.2,55.7,83.3,47.1,11.0,70.6,12.0,0.6,0.5,0.6,-9.1,0.0,36.4,15.7,11.0,37.3,12.0,0.6,0.5,0.6,0.07,0.95,1.93,0.8,8.0,1.29,12.0,0.5,0.6,0.6,0.5,6.9,11.0,6.8,8.0,9.0,12.0,0.5,0.6,0.6,1.88,2.27,3.7,2.58,8.0,1.03,12.0,0.5,0.6,0.6,8.2,16.8,29.2,17.7,8.0,10.4,12.0,0.5,0.6,0.6,38.1,88.5,141.1,78.3,10.0,96.4,12.0,0.6,0.5,0.6,-34.5,0.0,71.7,16.6,10.0,57.1,12.0,0.6,0.5,0.6,21.1,42.5,57.8,30.0,9.0,51.2,12.0,0.6,0.5,0.6,-17.7,0.0,28.3,3.8,9.0,26.4,12.0,0.6,0.5,0.6,2.5,10.6,27.0,10.6,8.0,16.7,12.0,0.5,0.6,0.6,-6.4,0.0,7.4,-0.2,8.0,7.7,12.0,0.5,0.6,0.6,59.5,551.5,1092.5,724.5,11.0,935.0,12.0,0.6,0.5,0.6,60.0,550.0,1095.0,725.0,11.0,935.0,12.0,0.6,0.5,0.6
1974,2,205.0,35.0,14.5,15.3,15.68,15.12,21.0,0.83,10.0,0.5,0.4,0.4,13.83,15.0,16.8,15.25,24.0,2.04,10.0,0.5,0.5,0.3,7.38,9.52,10.31,9.1,23.0,1.52,10.0,0.5,0.4,0.3,71.7,82.1,100.0,84.1,23.0,11.9,10.0,0.5,0.3,4.1,6.2,9.9,6.66,25.0,2.65,10.0,0.5,0.4,0.4,-2.21,0.0,4.86,1.22,25.0,4.12,10.0,0.5,0.4,0.4,-0.5,3.99,6.93,3.23,25.0,4.89,10.0,0.5,0.4,0.4,1014.16,1017.6,1023.81,1018.34,25.0,4.99,10.0,0.5,0.4,0.4,6.0,8.0,8.0,7.1,24.0,1.5,10.0,0.5,0.4,0.4,-12.9,0.0,31.9,12.7,25.0,38.8,10.0,0.5,0.4,0.4,-2.1,24.7,69.6,25.6,25.0,43.3,10.0,0.5,0.4,0.4,-1.25,0.0,1.38,-0.23,21.0,2.22,10.0,0.5,0.4,0.4,-7.8,0.0,7.0,-1.8,21.0,18.1,10.0,0.5,0.4,0.4,0.36,1.11,3.11,1.48,21.0,1.46,10.0,0.5,0.4,0.4,2.0,5.0,15.9,9.4,21.0,12.6,10.0,0.5,0.4,0.4,-36.4,0.0,71.4,14.8,24.0,59.5,10.0,0.5,0.5,0.3,-11.8,64.4,100.8,49.2,24.0,77.5,10.0,0.5,0.5,0.3,-20.6,0.0,44.5,7.6,23.0,32.6,10.0,0.5,0.4,0.3,-8.5,37.9,64.3,29.2,23.0,44.8,10.0,0.5,0.4,0.3,-4.1,0.6,6.4,1.0,21.0,7.0,10.0,0.5,0.4,0.4,-8.3,1.9,6.9,1.1,21.0,14.1,10.0,0.5,0.4,0.4,69.0,238.5,970.0,437.5,25.0,482.0,10.0,0.5,0.4,0.4,70.0,240.0,970.0,435.0,25.0,480.0,10.0,0.5,0.4,0.4
1974,2,205.0,36.0,14.02,14.5,15.0,14.56,8.0,0.8,10.0,0.0,0.6,0.6,11.83,14.2,15.29,13.83,9.0,1.68,10.0,0.0,0.6,0.6,6.47,7.48,9.79,8.05,9.0,1.67,10.0,0.0,0.6,0.6,68.8,82.2,96.4,82.4,9.0,12.8,10.0,0.0,0.6,5.1,8.2,9.3,7.32,9.0,3.67,10.0,0.0,0.6,0.6,-2.67,0.0,3.69,0.91,9.0,3.83,10.0,0.0,0.6,0.6,0.86,5.1,8.46,4.31,9.0,6.11,10.0,0.0,0.6,0.6,1017.47,1022.5,1030.0,1023.53,9.0,6.12,10.0,0.0,0.6,0.6,6.0,7.0,8.0,6.5,8.0,2.0,10.0,0.0,0.6,0.6,-20.9,0.0,45.6,10.5,9.0,36.7,10.0,0.0,0.6,0.6,6.6,29.6,76.4,37.5,9.0,64.8,10.0,0.0,0.6,0.6,-0.27,0.6,2.69,0.93,8.0,1.53,10.0,0.0,0.6,0.6,-1.4,2.3,9.0,5.9,8.0,11.7,10.0,0.0,0.6,0.6,1.45,2.44,3.68,2.46,8.0,1.21,10.0,0.0,0.6,0.6,6.3,13.9,28.1,16.2,8.0,12.0,10.0,0.0,0.6,0.6,-40.1,0.0,56.8,13.7,9.0,57.0,10.0,0.0,0.6,0.6,12.9,72.4,121.4,67.2,9.0,82.0,10.0,0.0,0.6,0.6,-25.7,0.0,35.5,6.1,9.0,31.0,10.0,0.0,0.6,0.6,6.0,39.5,84.4,40.1,9.0,53.6,10.0,0.0,0.6,0.6,-1.9,1.4,6.2,4.3,8.0,11.8,10.0,0.0,0.6,0.6,0.6,8.6,16.7,5.9,8.0,15.5,10.0,0.0,0.6,0.6,132.5,551.5,804.5,631.0,9.0,651.5,10.0,0.0,0.6,0.6,135.0,550.0,805.0,630.0,9.0,650.0,10.0,0.0,0.6,0.6
1974,2,205.0,37.0,11.99,12.5,13.02,12.54,7.0,0.61,16.0,0.6,0.8,0.4,10.6,12.5,14.01,12.34,7.0,1.64,16.0,0.6,0.8,0.4,5.76,7.93,8.42,7.33,7.0,1.37,16.0,0.6,0.8,0.4,73.1,81.7,93.7,82.2,7.0,9.2,16.0,0.6,0.4,5.1,7.7,11.97,8.5,7.0,3.82,16.0,0.6,0.8,0.4,3.49,7.58,8.25,5.6,7.0,5.21,16.0,0.6,0.8,0.4,-9.08,-1.42,1.43,-2.95,7.0,5.0,16.0,0.6,0.8,0.4,1015.28,1017.5,1026.86,1019.74,7.0,5.52,16.0,0.6,0.8,0.4,3.0,7.0,8.0,6.0,7.0,2.3,16.0,0.6,0.8,0.4,17.6,58.4,93.9,58.8,7.0,66.5,16.0,0.6,0.8,0.4,-108.9,-11.7,10.6,-39.0,7.0,64.7,16.0,0.6,0.8,0.4,-1.52,1.0,1.55,0.2,7.0,1.74,16.0,0.6,0.8,0.4,-10.3,8.2,17.0,4.4,7.0,13.2,16.0,0.6,0.8,0.4,0.83,1.18,2.77,1.63,7.0,1.36,16.0,0.6,0.8,0.4,4.2,9.7,28.1,15.5,7.0,15.8,16.0,0.6,0.8,0.4,50.8,83.4,103.5,69.7,7.0,57.4,16.0,0.6,0.8,0.4,-99.7,-17.8,19.4,-30.2,7.0,56.6,16.0,0.6,0.8,0.4,28.3,50.0,68.1,42.8,7.0,33.9,16.0,0.6,0.8,0.4,-57.2,-11.9,12.8,-17.1,7.0,32.3,16.0,0.6,0.8,0.4,-3.8,5.1,18.3,6.8,7.0,15.6,16.0,0.6,0.8,0.4,-21.3,-1.7,-0.4,-9.0,7.0,11.8,16.0,0.6,0.8,0.4,132.5,456.5,1739.0,972.5,7.0,1292.5,16.0,0.6,0.8,0.4,135.0,455.0,1740.0,970.0,7.0,1295.0,16.0,0.6,0.8,0.4
1974,2,205.0,38.0,13.05,13.15,13.25,13.15,2.0,0.21,12.0,1.0,0.6,0.4,7.97,12.2,12.88,10.47,3.0,3.9,16.0,0.7,0.6,0.3,5.2,6.7,7.64,6.42,3.0,1.8,16.0,0.7,0.6,0.3,76.9,78.8,84.5,80.6,3.0,5.8,16.0,0.7,0.3,6.89,11.8,12.55,9.77,3.0,4.51,16.0,0.7,0.6,0.3,4.06,11.09,12.19,8.2,3.0,6.46,16.0,0.7,0.6,0.3,-2.04,2.24,3.8,0.91,3.0,4.43,16.0,0.7,0.6,0.3,1015.47,1025.5,1026.66,1021.17,3.0,9.02,16.0,0.7,0.6,0.3,4.0,4.0,6.0,5.0,3.0,1.7,16.0,0.7,0.6,0.3,44.0,130.8,153.4,99.5,3.0,84.6,16.0,0.7,0.6,0.3,-25.9,20.8,26.3,0.7,3.0,42.0,16.0,0.7,0.6,0.3,0.01,0.45,0.89,0.45,2.0,0.92,12.0,1.0,0.6,0.4,1.5,6.6,11.8,6.6,2.0,10.7,12.0,1.0,0.6,0.4,1.35,1.94,2.52,1.94,2.0,1.21,12.0,1.0,0.6,0.4,9.9,20.5,31.1,20.5,2.0,21.9,12.0,1.0,0.6,0.4,28.3,66.5,126.9,77.4,3.0,72.8,16.0,0.7,0.6,0.3,-7.9,27.3,49.5,21.0,3.0,42.4,16.0,0.7,0.6,0.3,20.2,49.9,73.9,47.2,3.0,39.4,16.0,0.7,0.6,0.3,-7.6,15.0,29.7,11.1,3.0,27.6,16.0,0.7,0.6,0.3,6.4,18.1,29.9,18.1,2.0,24.4,12.0,1.0,0.6,0.4,5.1,5.6,6.0,5.6,2.0,0.9,12.0,1.0,0.6,0.4,588.0,1643.0,1987.0,1295.5,3.0,1068.0,16.0,0.7,0.6,0.3,590.0,1645.0,1985.0,1295.0,3.0,1070.0,16.0,0.7,0.6,0.3
1974,2,205.0,39.0,11.56,12.75,13.89,12.44,8.0,1.47,16.0,0.6,0.6,0.5,11.73,13.5,14.0,13.34,8.0,2.35,16.0,0.6,0.6,0.5,5.93,8.41,8.71,7.81,8.0,1.58,16.0,0.6,0.6,0.5,65.8,85.4,93.0,82.0,8.0,13.2,16.0,0.6,0.5,10.36,12.85,17.27,13.36,8.0,3.75,16.0,0.6,0.6,0.5,2.86,8.51,10.02,7.18,8.0,4.86,16.0,0.6,0.6,0.5,-2.18,7.32,15.02,6.74,8.0,9.14,16.0,0.6,0.6,0.5,1010.28,1014.75,1018.61,1015.13,8.0,4.82,16.0,0.6,0.6,0.5,2.0,8.0,8.0,6.0,6.0,3.1,16.0,0.7,0.6,0.3,27.4,96.9,148.0,96.6,8.0,73.7,16.0,0.6,0.6,0.5,-34.6,69.1,257.2,105.0,8.0,153.8,16.0,0.6,0.6,0.5,-2.47,-1.5,1.0,-0.9,8.0,2.2,16.0,0.6,0.6,0.5,-34.7,-21.8,18.0,-11.1,8.0,27.1,16.0,0.6,0.6,0.5,-0.19,1.44,2.05,1.15,8.0,1.41,16.0,0.6,0.6,0.5,-2.8,17.4,29.3,13.3,8.0,19.2,16.0,0.6,0.6,0.5,43.7,103.1,122.4,90.2,8.0,56.4,16.0,0.6,0.6,0.5,-25.4,117.9,210.2,100.0,8.0,118.3,16.0,0.6,0.6,0.5,23.5,62.2,80.7,52.1,8.0,31.7,16.0,0.6,0.6,0.5,-11.4,61.6,147.4,64.0,8.0,76.4,16.0,0.6,0.6,0.5,0.4,4.8,28.0,10.3,8.0,14.5,16.0,0.6,0.6,0.5,-17.1,-0.1,11.8,-1.1,8.0,15.5,16.0,0.6,0.6,0.5,1111.0,2164.5,5170.0,2888.0,8.0,2248.5,16.0,0.6,0.6,0.5,1110.0,2165.0,5170.0,2890.0,8.0,2250.0,16.0,0.6,0.6,0.5
1974,2,205.0,40.0,10.1,11.0,12.37,11.18,5.0,1.38,16.0,0.4,0.8,0.2,8.34,10.0,12.83,10.42,5.0,2.54,16.0,0.4,0.8,0.2,5.19,5.72,6.68,5.88,5.0,1.09,16.0,0.4,0.8,0.2,68.2,77.2,81.4,74.9,5.0,7.8,16.0,0.4,0.2,12.9,12.9,15.03,13.92,5.0,1.78,16.0,0.4,0.8,0.2,6.34,8.93,11.52,8.69,5.0,3.57,16.0,0.4,0.8,0.2,-12.39,-4.41,7.98,-2.79,5.0,11.33,16.0,0.4,0.8,0.2,1008.86,1016.0,1021.89,1015.8,5.0,8.46,16.0,0.4,0.8,0.2,2.3,6.0,6.4,4.6,5.0,2.5,16.0,0.4,0.8,0.2,86.2,124.2,148.6,116.4,5.0,41.5,16.0,0.4,0.8,0.2,-184.9,-56.9,106.9,-47.6,5.0,171.8,16.0,0.4,0.8,0.2,-0.19,0.5,2.07,0.76,5.0,1.45,16.0,0.4,0.8,0.2,-3.0,8.5,26.7,9.9,5.0,19.2,16.0,0.4,0.8,0.2,1.52,2.37,3.09,2.35,5.0,0.91,16.0,0.4,0.8,0.2,20.1,30.6,45.3,33.5,5.0,17.1,16.0,0.4,0.8,0.2,51.4,109.1,114.6,87.4,5.0,36.8,16.0,0.4,0.8,0.2,-121.6,-39.7,93.1,-22.6,5.0,134.5,16.0,0.4,0.8,0.2,29.2,66.1,69.5,51.7,5.0,24.0,16.0,0.4,0.8,0.2,-62.1,-25.2,54.4,-8.8,5.0,68.8,16.0,0.4,0.8,0.2,11.5,18.2,25.2,18.6,5.0,7.6,16.0,0.4,0.8,0.2,-39.6,-10.5,11.9,-14.7,5.0,30.6,16.0,0.4,0.8,0.2,2146.5,2146.5,3499.0,2807.5,5.0,1200.0,16.0,0.4,0.8,0.2,2145.0,2145.0,3500.0,2810.0,5.0,1200.0,16.0,0.4,0.8,0.2
1974,2,205.0,41.0,,,,,,,,,,,,,,,,,,,,,,,,,,,,,,,,,,,,,,,,8.37,9.8,10.14,9.27,3.0,1.38,14.0,1.0,0.4,0.3,5.22,5.9,8.48,6.83,3.0,2.52,14.0,1.0,0.4,0.3,-4.68,3.52,4.5,0.0,3.0,7.38,14.0,1.0,0.4,0.3,1013.32,1014.0,1022.19,1017.67,3.0,7.23,14.0,1.0,0.4,0.3,,,,,,,,,,,,,,,,,,,,,,,,,,,,,,,,,,,,,,,,,,,,,,,,,,,,,,,,,,,,,,,,,,,,,,,,,,,,,,,,,,,,,,,,,,,,,,,,,,,,,,,,,,,,,,,,,,,,,,,,,,,,,,,,,,,,,,,,,,,,,,,,,,,,,,
1974,2,205.0,42.0,8.9,9.45,10.0,9.45,4.0,0.64,18.0,0.3,0.4,0.4,7.19,8.05,9.23,8.12,6.0,1.41,18.0,0.3,0.5,0.3,4.52,4.96,5.99,5.24,4.0,1.06,18.0,0.3,0.4,0.4,70.8,74.8,81.4,76.0,4.0,8.0,18.0,0.3,0.4,9.07,9.55,12.65,10.72,6.0,2.8,18.0,0.3,0.5,0.3,-2.75,5.53,8.28,3.46,6.0,6.02,18.0,0.3,0.5,0.3,-0.62,3.73,12.31,4.4,6.0,8.47,18.0,0.3,0.5,0.3,1008.36,1015.1,1023.62,1014.98,5.0,10.42,20.0,0.4,0.5,0.3,0.6,1.0,8.0,3.6,5.0,4.0,20.0,0.4,0.5,0.3,-37.0,48.0,77.0,24.2,6.0,67.0,18.0,0.3,0.5,0.3,-6.7,33.1,157.9,61.0,6.0,112.9,18.0,0.3,0.5,0.3,-0.01,1.4,2.02,1.03,4.0,1.57,18.0,0.3,0.4,0.4,0.0,13.8,19.5,9.9,4.0,14.8,18.0,0.3,0.4,0.4,1.38,2.55,2.76,2.09,4.0,1.12,18.0,0.3,0.4,0.4,11.5,23.2,29.1,20.4,4.0,12.0,18.0,0.3,0.4,0.4,-22.5,42.8,71.3,28.5,6.0,52.5,18.0,0.3,0.5,0.3,-1.8,35.4,97.8,41.7,6.0,65.4,18.0,0.3,0.5,0.3,14.3,41.6,49.1,32.2,4.0,28.0,18.0,0.3,0.4,0.4,10.9,22.9,41.2,25.9,4.0,19.0,18.0,0.3,0.4,0.4,-1.2,11.1,22.5,10.7,4.0,14.3,18.0,0.3,0.4,0.4,3.2,5.7,19.5,11.1,4.0,13.4,18.0,0.3,0.4,0.4,752.0,873.0,2134.0,1460.5,6.0,1307.0,18.0,0.3,0.5,0.3,750.0,875.0,2135.0,1460.0,6.0,1305.0,18.0,0.3,0.5,0.3
1974,2,205.0,43.0,8.59,9.2,9.4,9.0,3.0,0.62,18.0,0.3,0.4,0.6,7.34,8.0,10.95,9.08,5.0,2.95,16.0,0.4,0.4,0.6,4.31,5.77,8.06,6.17,4.0,2.45,18.0,0.5,0.4,0.5,69.1,82.6,92.4,80.8,4.0,13.9,18.0,0.5,0.5,5.49,8.7,11.85,8.9,5.0,4.18,16.0,0.4,0.4,0.6,0.66,3.52,8.58,4.56,5.0,6.42,16.0,0.4,0.4,0.6,2.98,5.27,8.55,5.72,5.0,2.89,16.0,0.4,0.4,0.6,1003.94,1008.5,1017.97,1010.92,5.0,9.83,16.0,0.4,0.4,0.6,2.3,8.0,8.0,5.6,5.0,3.4,16.0,0.4,0.4,0.6,-1.7,25.9,101.2,52.7,5.0,98.5,16.0,0.4,0.4,0.6,16.4,71.1,84.4,54.8,5.0,36.3,16.0,0.4,0.4,0.6,0.48,1.5,1.91,1.2,3.0,1.08,18.0,0.3,0.4,0.6,4.0,12.6,19.8,11.9,3.0,11.6,18.0,0.3,0.4,0.6,1.22,2.44,2.79,2.02,3.0,1.21,18.0,0.3,0.4,0.6,7.7,17.8,31.3,19.4,3.0,17.3,18.0,0.3,0.4,0.6,10.7,32.4,68.7,39.0,5.0,50.8,16.0,0.4,0.4,0.6,24.1,42.1,88.6,55.2,5.0,39.2,16.0,0.4,0.4,0.6,21.2,25.6,50.8,35.5,4.0,24.3,18.0,0.5,0.4,0.5,15.1,22.8,52.7,33.4,4.0,29.6,18.0,0.5,0.4,0.5,6.5,15.4,29.0,17.7,3.0,16.6,18.0,0.3,0.4,0.6,4.1,8.9,11.6,7.9,3.0,5.5,18.0,0.3,0.4,0.6,172.5,658.5,1931.5,1113.0,5.0,1459.5,16.0,0.4,0.4,0.6,175.0,660.0,1930.0,1115.0,5.0,1460.0,16.0,0.4,0.4,0.6
1974,2,205.0,44.0,7.79,8.35,9.1,8.37,6.0,0.86,12.0,0.3,0.5,0.6,5.15,8.0,9.89,7.94,8.0,2.66,10.0,0.4,0.5,0.5,3.06,5.74,6.66,5.01,5.0,1.88,12.0,0.4,0.3,0.6,59.8,80.9,100.0,79.9,5.0,20.4,12.0,0.4,0.6,8.13,10.3,13.2,9.91,9.0,4.08,10.0,0.3,0.6,0.5,-3.67,7.7,10.06,5.03,9.0,7.07,10.0,0.3,0.6,0.5,-3.94,0.77,7.37,1.9,9.0,6.68,10.0,0.3,0.6,0.5,1008.75,1016.0,1023.92,1016.44,9.0,7.26,10.0,0.3,0.6,0.5,2.0,7.0,8.0,5.6,7.0,3.0,10.0,0.1,0.5,0.4,-49.6,66.3,102.9,51.0,9.0,85.8,10.0,0.3,0.6,0.5,-52.9,0.8,74.3,23.7,9.0,90.9,10.0,0.3,0.6,0.5,-0.05,1.0,4.57,1.94,5.0,2.54,12.0,0.4,0.3,0.6,-0.5,15.4,52.7,24.0,5.0,30.1,12.0,0.4,0.3,0.6,0.38,0.89,3.93,1.9,5.0,1.89,12.0,0.4,0.3,0.6,5.4,9.2,45.3,22.6,5.0,23.0,12.0,0.4,0.3,0.6,-36.6,47.8,70.2,29.0,8.0,53.0,10.0,0.4,0.5,0.5,-7.4,12.6,62.8,29.8,8.0,45.7,10.0,0.4,0.5,0.5,-38.4,31.7,44.3,9.4,5.0,46.0,12.0,0.4,0.3,0.6,-8.4,10.3,68.6,28.1,5.0,45.8,12.0,0.4,0.3,0.6,-1.9,9.1,43.7,19.1,5.0,24.5,12.0,0.4,0.3,0.6,-11.2,1.6,3.6,-3.0,5.0,9.9,12.0,0.4,0.3,0.6,550.5,1092.5,2350.5,1358.5,9.0,1132.5,10.0,0.3,0.6,0.5,550.0,1095.0,2350.0,1360.0,9.0,1135.0,10.0,0.3,0.6,0.5
1974,2,205.0,45.0,8.0,8.0,8.0,8.0,1.0,0.0,8.0,0.0,1.0,0.0,7.65,8.2,8.75,8.2,2.0,1.13,6.0,0.5,0.9,0.1,4.56,4.56,4.56,4.56,1.0,0.0,8.0,0.0,1.0,0.0,72.1,72.1,72.1,72.1,1.0,0.0,8.0,0.0,0.0,9.45,11.05,12.65,11.05,2.0,3.32,6.0,0.5,0.9,0.1,-3.17,-0.12,2.93,-0.12,2.0,6.32,6.0,0.5,0.9,0.1,8.34,10.06,11.79,10.06,2.0,3.58,6.0,0.5,0.9,0.1,1015.79,1017.5,1019.21,1017.5,2.0,3.54,6.0,0.5,0.9,0.1,3.0,5.0,7.0,5.0,2.0,4.2,6.0,0.5,0.9,0.1,-45.7,-11.8,22.1,-11.8,2.0,70.2,6.0,0.5,0.9,0.1,81.9,117.1,152.4,117.1,2.0,73.0,6.0,0.5,0.9,0.1,0.6,0.6,0.6,0.6,1.0,0.0,8.0,0.0,1.0,0.0,5.2,5.2,5.2,5.2,1.0,0.0,8.0,0.0,1.0,0.0,2.04,2.04,2.04,2.04,1.0,0.0,8.0,0.0,1.0,0.0,17.7,17.7,17.7,17.7,1.0,0.0,8.0,0.0,1.0,0.0,-29.6,-4.5,20.5,-4.5,2.0,51.9,6.0,0.5,0.9,0.1,64.9,84.5,104.2,84.5,2.0,40.7,6.0,0.5,0.9,0.1,19.8,19.8,19.8,19.8,1.0,0.0,8.0,0.0,1.0,0.0,34.3,34.3,34.3,34.3,1.0,0.0,8.0,0.0,1.0,0.0,8.9,8.9,8.9,8.9,1.0,0.0,8.0,0.0,1.0,0.0,15.4,15.4,15.4,15.4,1.0,0.0,8.0,0.0,1.0,0.0,936.0,1532.5,2129.0,1532.5,2.0,1235.5,6.0,0.5,0.9,0.1,935.0,1530.0,2130.0,1530.0,2.0,1235.0,6.0,0.5,0.9,0.1
1974,2,205.0,46.0,6.38,7.0,7.52,7.0,7.0,0.66,16.0,0.3,0.4,0.3,-0.05,1.0,9.04,3.74,7.0,4.76,16.0,0.3,0.4,0.3,3.02,3.35,6.46,4.31,7.0,1.66,16.0,0.3,0.4,0.3,73.8,82.8,94.4,83.5,7.0,13.7,16.0,0.3,0.3,7.58,15.4,21.05,15.04,7.0,6.65,16.0,0.3,0.4,0.3,7.37,8.93,16.99,10.82,7.0,6.25,16.0,0.3,0.4,0.3,-12.98,-10.5,5.42,-4.27,7.0,10.55,16.0,0.3,0.4,0.3,1001.16,1011.9,1015.16,1008.87,7.0,7.61,16.0,0.3,0.4,0.3,6.0,7.0,8.0,7.0,6.0,0.9,18.0,0.3,0.4,0.4,56.7,124.2,374.5,196.0,7.0,155.8,16.0,0.3,0.4,0.3,-262.3,-148.0,34.2,-101.6,7.0,185.8,16.0,0.3,0.4,0.3,-2.03,6.4,7.0,3.26,7.0,4.45,16.0,0.3,0.4,0.3,-21.3,90.4,141.4,67.4,7.0,81.2,16.0,0.3,0.4,0.3,0.23,2.53,3.07,1.92,7.0,1.49,16.0,0.3,0.4,0.3,1.0,42.4,61.9,33.8,7.0,31.5,16.0,0.3,0.4,0.3,-0.7,6.6,69.6,20.7,7.0,36.2,16.0,0.3,0.4,0.3,-0.5,0.0,41.1,22.8,7.0,45.5,16.0,0.3,0.4,0.3,28.8,47.3,52.2,39.4,7.0,17.5,16.0,0.3,0.4,0.3,-39.8,-31.8,35.1,-3.8,7.0,49.5,16.0,0.3,0.4,0.3,0.0,27.2,53.2,26.6,7.0,24.4,16.0,0.3,0.4,0.3,-33.4,-30.6,0.1,-21.3,7.0,19.3,16.0,0.3,0.4,0.3,441.0,3652.5,9334.5,5014.5,7.0,4339.0,16.0,0.3,0.4,0.3,440.0,3650.0,9335.0,5015.0,7.0,4340.0,16.0,0.3,0.4,0.3
1974,2,205.0,47.0,5.5,6.0,7.25,6.26,12.0,1.0,14.0,0.4,0.5,0.6,-1.0,3.0,6.73,3.27,13.0,3.46,14.0,0.5,0.5,0.6,3.01,3.94,5.72,4.34,11.0,1.31,14.0,0.5,0.5,0.6,78.1,87.1,94.3,87.1,11.0,8.2,14.0,0.5,0.6,5.7,15.4,19.05,12.54,13.0,6.64,14.0,0.5,0.5,0.6,-0.24,5.27,13.59,4.01,13.0,8.98,14.0,0.5,0.5,0.6,-14.63,1.5,6.86,-1.19,13.0,10.72,14.0,0.5,0.5,0.6,1008.34,1013.0,1016.19,1011.62,13.0,5.76,14.0,0.5,0.5,0.6,6.0,6.5,8.0,6.5,12.0,2.0,14.0,0.4,0.5,0.6,-1.7,51.5,227.9,61.7,13.0,166.2,14.0,0.5,0.5,0.6,-234.2,2.3,59.6,-45.7,13.0,184.7,14.0,0.5,0.5,0.6,-0.5,2.75,6.55,3.3,12.0,3.45,14.0,0.4,0.5,0.6,-2.0,38.2,118.7,57.9,12.0,63.0,14.0,0.4,0.5,0.6,0.14,1.47,3.0,1.6,11.0,1.35,14.0,0.5,0.5,0.6,0.8,22.3,48.8,25.4,11.0,24.3,14.0,0.5,0.5,0.6,-16.7,8.6,18.8,5.6,13.0,18.5,14.0,0.5,0.5,0.6,-7.1,10.1,47.6,15.9,13.0,39.7,14.0,0.5,0.5,0.6,0.0,17.9,38.8,18.7,11.0,18.9,14.0,0.5,0.5,0.6,-53.3,0.0,40.0,-0.5,11.0,49.5,14.0,0.5,0.5,0.6,0.0,7.6,43.8,16.0,11.0,19.7,14.0,0.5,0.5,0.6,-27.9,-0.7,3.0,-10.9,11.0,22.4,14.0,0.5,0.5,0.6,185.0,3652.5,6912.0,3449.0,13.0,3348.0,14.0,0.5,0.5,0.6,185.0,3650.0,6910.0,3450.0,13.0,3350.0,14.0,0.5,0.5,0.6
1974,2,205.0,48.0,6.13,6.2,6.4,6.27,3.0,0.21,22.0,0.0,0.7,0.3,0.13,3.0,5.18,2.67,3.0,3.71,22.0,0.0,0.7,0.3,3.18,3.92,5.31,4.24,3.0,1.58,22.0,0.0,0.7,0.3,82.2,84.2,95.0,88.5,3.0,10.1,22.0,0.0,0.3,10.76,13.9,16.7,13.73,3.0,4.35,22.0,0.0,0.7,0.3,5.55,10.65,12.79,9.21,3.0,5.45,22.0,0.0,0.7,0.3,-10.73,-8.93,3.13,-3.92,3.0,11.04,22.0,0.0,0.7,0.3,999.81,1003.5,1014.56,1007.1,3.0,11.24,22.0,0.0,0.7,0.3,8.0,8.0,8.0,8.0,1.0,0.0,26.0,0.0,1.0,0.2,67.2,148.0,216.4,141.9,3.0,109.4,22.0,0.0,0.7,0.3,-181.6,-124.2,16.1,-83.7,3.0,148.9,22.0,0.0,0.7,0.3,1.11,3.5,6.09,3.6,3.0,3.65,22.0,0.0,0.7,0.3,15.4,48.7,105.1,60.0,3.0,66.4,22.0,0.0,0.7,0.3,0.64,2.03,2.72,1.69,3.0,1.55,22.0,0.0,0.7,0.3,9.0,28.2,46.4,27.7,3.0,27.4,22.0,0.0,0.7,0.3,-5.0,19.7,28.1,11.7,3.0,25.2,22.0,0.0,0.7,0.3,-13.9,13.9,41.4,13.8,3.0,40.5,22.0,0.0,0.7,0.3,25.3,39.1,40.9,33.3,3.0,12.5,22.0,0.0,0.7,0.3,-34.3,-32.8,25.1,-5.3,3.0,49.6,22.0,0.0,0.7,0.3,6.9,21.6,35.5,21.2,3.0,21.0,22.0,0.0,0.7,0.3,-29.8,-18.1,-5.8,-17.8,3.0,17.6,22.0,0.0,0.7,0.3,1401.5,2685.5,4833.5,3107.5,3.0,2540.0,22.0,0.0,0.7,0.3,1400.0,2685.0,4835.0,3105.0,3.0,2540.0,22.0,0.0,0.7,0.3
1974,2,205.0,49.0,4.08,5.0,7.0,5.53,8.0,1.61,10.0,0.6,0.5,0.4,0.0,5.0,6.51,3.52,9.0,3.22,12.0,0.6,0.5,0.4,3.4,3.96,4.96,4.09,8.0,0.9,10.0,0.6,0.5,0.4,71.4,79.1,90.6,79.2,8.0,11.5,10.0,0.6,0.4,7.81,10.8,15.62,11.05,8.0,4.31,10.0,0.6,0.5,0.4,4.01,9.85,12.97,7.94,8.0,7.79,10.0,0.6,0.5,0.4,-1.91,0.0,4.3,-0.33,8.0,5.02,10.0,0.6,0.5,0.4,992.67,1009.2,1015.56,1005.01,9.0,11.81,12.0,0.6,0.5,0.4,3.0,7.0,8.0,5.8,9.0,2.5,12.0,0.6,0.5,0.4,19.5,100.1,215.5,103.1,8.0,113.3,10.0,0.6,0.5,0.4,-21.2,0.0,48.1,-12.3,8.0,76.2,10.0,0.6,0.5,0.4,-0.89,1.75,3.33,1.38,8.0,2.18,10.0,0.6,0.5,0.4,-6.2,14.2,52.5,21.7,8.0,31.6,10.0,0.6,0.5,0.4,0.22,1.53,2.49,1.58,8.0,1.13,10.0,0.6,0.5,0.4,1.6,20.6,30.9,19.1,8.0,14.7,10.0,0.6,0.5,0.4,0.0,26.9,61.1,24.5,8.0,39.3,10.0,0.6,0.5,0.4,-4.7,0.0,21.9,5.4,8.0,13.9,10.0,0.6,0.5,0.4,20.2,36.0,51.8,28.5,8.0,32.0,10.0,0.6,0.5,0.4,-8.9,0.0,16.9,1.0,8.0,17.7,10.0,0.6,0.5,0.4,1.5,20.4,29.2,17.4,8.0,12.6,10.0,0.6,0.5,0.4,-3.1,0.0,0.2,-2.7,8.0,10.9,10.0,0.6,0.5,0.4,479.0,1268.0,3840.5,1882.5,8.0,1759.0,10.0,0.6,0.5,0.4,480.0,1270.0,3840.0,1880.0,8.0,1760.0,10.0,0.6,0.5,0.4
1974,2,205.0,50.0,4.22,4.7,6.95,5.57,3.0,2.14,10.0,0.7,0.7,0.4,1.43,4.0,5.52,3.5,4.0,2.65,14.0,0.8,0.7,0.4,4.04,5.05,5.35,4.7,3.0,1.0,10.0,0.7,0.7,0.4,88.1,93.0,97.8,92.9,3.0,7.1,10.0,0.7,0.4,7.58,10.55,12.42,10.03,4.0,3.65,14.0,0.8,0.7,0.4,3.37,5.28,6.21,4.81,4.0,2.19,14.0,0.8,0.7,0.4,-10.55,-2.06,7.18,-1.7,4.0,10.38,14.0,0.8,0.7,0.4,996.24,996.75,1003.81,999.88,4.0,6.76,14.0,0.8,0.7,0.4,3.4,7.0,8.0,5.8,4.0,3.3,14.0,0.8,0.7,0.4,29.9,55.7,78.4,54.2,4.0,35.9,14.0,0.8,0.7,0.4,-131.4,-33.7,64.6,-33.4,4.0,119.4,14.0,0.8,0.7,0.4,-0.05,2.0,3.84,1.9,3.0,2.85,10.0,0.7,0.7,0.4,3.4,21.6,51.5,27.3,3.0,35.6,10.0,0.7,0.7,0.4,0.29,1.71,1.77,1.05,3.0,1.23,10.0,0.7,0.7,0.4,4.6,18.4,22.9,13.9,3.0,14.0,10.0,0.7,0.7,0.4,4.2,12.1,24.3,14.1,4.0,13.7,14.0,0.8,0.7,0.4,-14.0,12.0,40.8,13.3,4.0,35.3,14.0,0.8,0.7,0.4,14.4,24.8,26.5,20.5,3.0,9.6,10.0,0.7,0.7,0.4,-21.0,26.3,40.6,10.2,3.0,47.2,10.0,0.7,0.7,0.4,2.5,9.2,11.5,7.0,3.0,6.9,10.0,0.7,0.7,0.4,-15.4,-1.8,10.3,-2.5,3.0,18.8,10.0,0.7,0.7,0.4,589.5,1176.0,2006.5,1292.5,4.0,1053.0,14.0,0.8,0.7,0.4,590.0,1175.0,2005.0,1295.0,4.0,1055.0,14.0,0.8,0.7,0.4
1974,2,205.0,51.0,1.63,3.0,3.34,2.5,3.0,1.32,16.0,0.7,0.5,0.7,-1.37,1.0,3.0,0.8,5.0,2.28,12.0,0.8,0.6,0.6,4.04,4.06,4.08,4.06,2.0,0.05,14.0,0.5,0.5,0.6,86.7,92.1,97.5,92.1,2.0,11.2,14.0,0.5,0.6,2.58,3.6,5.37,3.97,3.0,2.07,16.0,0.7,0.5,0.7,-0.57,2.07,4.63,2.03,3.0,3.81,16.0,0.7,0.5,0.7,0.42,2.12,2.8,1.62,3.0,1.79,16.0,0.7,0.5,0.7,995.55,1005.0,1010.37,1003.16,5.0,8.06,12.0,0.8,0.6,0.6,7.0,8.0,8.0,7.5,4.0,1.0,12.0,0.8,0.5,0.5,-3.0,4.3,26.0,11.3,3.0,22.1,16.0,0.7,0.5,0.7,3.0,11.2,12.5,7.9,3.0,7.5,16.0,0.7,0.5,0.7,0.16,0.5,2.89,1.5,3.0,2.18,16.0,0.7,0.5,0.7,1.0,3.1,6.7,3.8,3.0,4.2,16.0,0.7,0.5,0.7,0.15,0.46,0.78,0.46,2.0,0.66,14.0,0.5,0.5,0.6,0.9,2.9,4.8,2.9,2.0,4.1,14.0,0.5,0.5,0.6,-2.0,-1.8,11.4,4.5,3.0,11.2,16.0,0.7,0.5,0.7,1.2,3.1,5.3,3.3,3.0,3.0,16.0,0.7,0.5,0.7,-2.5,8.0,18.6,8.0,2.0,21.8,14.0,0.5,0.5,0.6,9.2,10.7,12.1,10.7,2.0,3.0,14.0,0.5,0.5,0.6,0.9,2.7,4.6,2.7,2.0,3.8,14.0,0.5,0.5,0.6,0.3,1.0,1.7,1.0,2.0,1.4,14.0,0.5,0.5,0.6,21.0,46.5,177.5,98.0,3.0,123.0,16.0,0.7,0.5,0.7,20.0,45.0,175.0,100.0,3.0,125.0,16.0,0.7,0.5,0.7
1974,2,205.0,52.0,3.63,4.5,5.0,4.3,9.0,0.71,12.0,0.4,0.6,0.5,1.21,3.5,4.0,2.84,10.0,1.52,12.0,0.5,0.6,0.5,3.63,3.89,4.6,4.14,9.0,0.6,10.0,0.6,0.6,0.5,78.8,85.0,97.8,86.5,9.0,9.4,10.0,0.6,0.5,6.0,9.75,13.97,9.92,10.0,4.31,12.0,0.5,0.6,0.5,-2.68,3.82,9.26,3.12,10.0,7.55,12.0,0.5,0.6,0.5,-9.01,0.44,5.94,-1.2,10.0,7.65,12.0,0.5,0.6,0.5,989.19,1000.55,1010.09,999.63,10.0,10.18,12.0,0.5,0.6,0.5,7.0,7.5,8.0,7.4,8.0,0.7,10.0,0.5,0.6,0.4,-25.2,25.8,126.4,36.0,10.0,98.8,12.0,0.5,0.6,0.5,-94.0,2.3,64.9,-16.5,10.0,101.8,12.0,0.5,0.6,0.5,0.13,1.0,2.67,1.14,9.0,1.42,12.0,0.4,0.6,0.5,1.0,5.1,34.0,12.8,9.0,20.0,12.0,0.4,0.6,0.5,0.45,0.91,1.72,1.05,8.0,0.65,10.0,0.5,0.7,0.5,5.1,5.7,21.2,10.0,8.0,8.8,10.0,0.5,0.7,0.5,-15.2,8.5,32.5,7.1,10.0,28.6,12.0,0.5,0.6,0.5,-15.2,1.1,22.5,4.9,10.0,17.8,12.0,0.5,0.6,0.5,-18.0,14.1,40.6,10.0,9.0,33.7,10.0,0.6,0.6,0.5,-22.2,3.4,28.1,3.4,9.0,26.1,10.0,0.6,0.6,0.5,-4.5,5.1,7.5,4.3,8.0,9.5,10.0,0.5,0.7,0.5,-2.6,1.2,4.2,-0.9,8.0,8.9,10.0,0.5,0.7,0.5,235.5,1050.0,2737.5,1465.0,10.0,1386.0,12.0,0.5,0.6,0.5,235.0,1050.0,2740.0,1465.0,10.0,1385.0,12.0,0.5,0.6,0.5
1974,2,205.0,53.0,2.8,3.2,4.5,3.5,12.0,0.75,14.0,0.3,0.5,0.5,-3.1,1.6,5.01,1.57,13.0,3.69,14.0,0.4,0.4,0.5,3.41,4.29,4.93,4.17,10.0,0.8,14.0,0.4,0.4,0.6,82.6,92.2,100.0,91.2,10.0,8.8,14.0,0.4,0.6,6.5,11.3,14.82,11.45,17.0,6.03,14.0,0.4,0.4,0.6,-2.09,4.95,10.93,4.44,17.0,8.02,14.0,0.4,0.4,0.6,-8.59,-0.54,7.19,-1.09,17.0,9.44,14.0,0.4,0.4,0.6,990.93,1002.0,1009.17,1000.65,15.0,8.27,16.0,0.4,0.4,0.6,6.5,8.0,8.0,7.1,12.0,1.8,16.0,0.5,0.4,0.6,-16.4,38.1,127.6,68.8,17.0,147.3,14.0,0.4,0.4,0.6,-114.9,-1.7,69.6,-33.2,17.0,185.6,14.0,0.4,0.4,0.6,-0.6,0.6,3.07,1.03,10.0,3.28,12.0,0.3,0.5,0.6,-6.4,1.9,35.5,5.5,10.0,38.9,12.0,0.3,0.5,0.6,0.1,0.6,1.39,0.81,9.0,0.85,14.0,0.3,0.4,0.5,0.4,8.0,12.7,7.2,9.0,8.0,14.0,0.3,0.4,0.5,-26.6,-4.8,5.1,-10.2,13.0,25.2,14.0,0.4,0.4,0.5,-1.9,3.5,68.0,26.8,13.0,43.7,14.0,0.4,0.4,0.5,-26.8,4.5,19.4,1.8,10.0,26.9,14.0,0.4,0.4,0.6,-16.6,8.8,54.1,16.6,10.0,38.2,14.0,0.4,0.4,0.6,-7.7,0.0,5.8,0.8,9.0,9.4,14.0,0.3,0.4,0.5,-7.6,-0.3,2.6,-1.7,9.0,5.5,14.0,0.3,0.4,0.5,307.5,1443.0,3300.5,2869.0,17.0,5285.5,14.0,0.4,0.4,0.6,305.0,1445.0,3300.0,2870.0,17.0,5285.0,14.0,0.4,0.4,0.6
1974,2,205.0,54.0,1.95,3.3,4.02,3.04,7.0,1.2,16.0,0.7,0.6,0.2,-3.0,0.0,3.95,-0.13,9.0,3.53,18.0,0.8,0.5,0.3,2.88,3.06,4.49,3.49,8.0,0.8,18.0,0.9,0.6,0.3,80.2,91.0,92.8,87.3,8.0,9.5,18.0,0.9,0.3,7.7,13.9,16.27,12.85,11.0,3.79,18.0,0.7,0.5,0.2,-1.09,4.04,12.11,5.22,11.0,7.38,18.0,0.7,0.5,0.2,-12.46,-7.45,3.96,-5.34,11.0,8.95,18.0,0.7,0.5,0.2,993.67,1001.5,1007.68,1000.11,11.0,9.07,18.0,0.7,0.5,0.2,7.0,7.0,8.0,7.1,7.0,0.7,18.0,0.6,0.6,0.2,-8.4,53.2,168.9,85.2,11.0,104.9,18.0,0.7,0.5,0.2,-180.7,-111.0,30.5,-81.2,11.0,132.3,18.0,0.7,0.5,0.2,-1.12,1.0,3.62,1.17,6.0,3.27,16.0,0.8,0.5,0.2,-8.6,14.4,47.5,16.1,6.0,31.3,16.0,0.8,0.5,0.2,0.03,1.43,1.74,1.01,6.0,1.06,16.0,0.8,0.5,0.2,0.2,17.5,24.5,13.9,6.0,13.3,16.0,0.8,0.5,0.2,-37.5,0.0,4.8,-10.2,9.0,28.1,18.0,0.8,0.5,0.3,1.6,22.4,41.6,22.3,9.0,17.9,18.0,0.8,0.5,0.3,-6.7,4.6,33.0,6.2,8.0,23.8,18.0,0.9,0.6,0.3,-42.7,-21.0,32.2,-11.0,8.0,35.5,18.0,0.9,0.6,0.3,-1.1,2.5,7.7,3.4,6.0,7.0,16.0,0.8,0.5,0.2,-21.2,-7.9,5.1,-7.4,6.0,16.8,16.0,0.8,0.5,0.2,456.5,2685.5,4357.5,2609.0,11.0,1872.5,18.0,0.7,0.5,0.2,455.0,2685.0,4355.0,2610.0,11.0,1875.0,18.0,0.7,0.5,0.2
1974,2,205.0,55.0,2.26,3.5,4.21,3.4,6.0,1.13,18.0,0.7,0.6,0.4,-1.51,4.0,6.47,2.76,5.0,4.25,18.0,0.8,0.7,0.4,3.14,3.76,4.39,3.76,2.0,1.29,18.0,1.0,0.4,0.2,83.0,86.6,90.2,86.6,2.0,7.5,18.0,1.0,0.2,2.87,9.0,17.1,9.6,6.0,7.58,18.0,0.7,0.6,0.4,-1.64,3.19,14.09,5.5,6.0,8.27,18.0,0.7,0.6,0.4,-11.59,-2.82,0.6,-4.48,6.0,6.28,18.0,0.7,0.6,0.4,1000.92,1003.05,1006.17,1003.9,6.0,4.73,18.0,0.7,0.6,0.4,6.0,6.0,6.4,6.3,6.0,0.8,18.0,0.7,0.6,0.4,-4.2,53.9,244.9,103.0,6.0,130.2,18.0,0.7,0.6,0.4,-193.2,-29.3,1.9,-73.1,6.0,96.3,18.0,0.7,0.6,0.4,-2.47,1.0,4.26,0.9,5.0,3.5,18.0,0.8,0.7,0.4,-17.0,3.1,70.0,20.2,5.0,47.6,18.0,0.8,0.7,0.4,0.95,1.31,1.67,1.31,2.0,0.74,18.0,1.0,0.4,0.2,7.1,17.3,27.4,17.3,2.0,21.0,18.0,1.0,0.4,0.2,-15.5,-13.4,34.6,10.5,5.0,51.5,18.0,0.8,0.7,0.4,-6.6,11.2,18.7,7.2,5.0,17.9,18.0,0.8,0.7,0.4,1.9,16.7,31.4,16.7,2.0,30.6,18.0,1.0,0.4,0.2,-24.9,-9.2,6.4,-9.2,2.0,32.3,18.0,1.0,0.4,0.2,3.2,11.9,20.6,11.9,2.0,18.0,18.0,1.0,0.4,0.2,-17.0,-9.2,-1.4,-9.2,2.0,16.2,18.0,1.0,0.4,0.2,25.5,1669.0,5005.0,2274.5,6.0,2559.5,18.0,0.7,0.6,0.4,25.0,1670.0,5005.0,2275.0,6.0,2560.0,18.0,0.7,0.6,0.4
1974,2,205.0,56.0,1.1,2.3,2.98,2.12,5.0,1.0,14.0,0.4,0.9,0.3,-4.46,-0.9,3.17,-0.68,6.0,3.98,16.0,0.5,0.9,0.3,2.24,2.65,3.32,2.85,6.0,0.83,16.0,0.5,0.9,0.3,64.0,77.1,90.0,77.6,6.0,14.2,16.0,0.5,0.3,0.0,5.9,11.58,6.43,6.0,6.9,16.0,0.5,0.9,0.3,0.0,4.68,8.45,4.64,6.0,4.69,16.0,0.5,0.9,0.3,-2.61,0.13,6.62,0.14,6.0,7.03,16.0,0.5,0.9,0.3,998.94,1004.2,1007.44,1002.95,6.0,6.27,16.0,0.5,0.9,0.3,1.0,4.5,7.2,4.3,6.0,2.9,16.0,0.5,0.9,0.3,0.0,41.7,100.6,56.6,6.0,70.1,16.0,0.5,0.9,0.3,-43.1,0.2,68.2,-12.0,6.0,101.9,16.0,0.5,0.9,0.3,0.52,4.8,6.13,3.54,5.0,3.24,14.0,0.4,0.9,0.3,0.0,2.1,53.2,22.3,5.0,29.8,14.0,0.4,0.9,0.3,1.04,2.03,2.2,1.64,5.0,0.83,14.0,0.4,0.9,0.3,0.0,3.3,17.4,7.9,5.0,9.6,14.0,0.4,0.9,0.3,-30.8,0.0,8.8,-5.3,6.0,24.8,16.0,0.5,0.9,0.3,-32.5,-12.2,0.1,-15.5,6.0,17.7,16.0,0.5,0.9,0.3,0.0,10.2,23.1,12.2,6.0,13.1,16.0,0.5,0.9,0.3,-7.9,0.3,14.5,-1.1,6.0,19.8,16.0,0.5,0.9,0.3,0.0,3.2,13.3,6.2,5.0,7.3,14.0,0.4,0.9,0.3,0.0,0.6,11.2,4.8,5.0,6.4,14.0,0.4,0.9,0.3,0.0,548.0,1794.5,1113.5,6.0,1739.5,16.0,0.5,0.9,0.3,0.0,550.0,1795.0,1115.0,6.0,1740.0,16.0,0.5,0.9,0.3
1974,2,205.0,57.0,2.8,2.9,3.52,3.15,4.0,0.57,16.0,0.5,0.4,0.8,3.0,3.0,3.0,3.0,1.0,0.0,2.0,1.0,0.6,0.8,3.33,3.33,3.33,3.33,1.0,0.0,2.0,1.0,0.6,0.8,69.2,69.2,69.2,69.2,1.0,0.0,2.0,1.0,0.8,11.54,14.15,18.12,14.8,4.0,4.39,16.0,0.5,0.4,0.8,-3.03,9.76,16.28,6.77,4.0,13.43,16.0,0.5,0.4,0.8,-8.94,-7.47,-3.35,-6.21,4.0,4.31,16.0,0.5,0.4,0.8,989.0,997.7,1000.9,995.08,4.0,7.98,16.0,0.5,0.4,0.8,2.2,7.0,7.7,5.0,3.0,4.4,16.0,0.7,0.4,0.8,-62.7,117.3,288.1,112.9,4.0,240.4,16.0,0.5,0.4,0.8,-149.0,-113.2,-38.7,-94.7,4.0,70.8,16.0,0.5,0.4,0.8,1.0,1.0,1.0,1.0,1.0,0.0,2.0,1.0,0.6,0.8,15.4,15.4,15.4,15.4,1.0,0.0,2.0,1.0,0.6,0.8,1.84,1.84,1.84,1.84,1.0,0.0,2.0,1.0,0.6,0.8,28.4,28.4,28.4,28.4,1.0,0.0,2.0,1.0,0.6,0.8,-35.4,-35.4,-35.4,-35.4,1.0,0.0,2.0,1.0,0.6,0.8,-29.7,-29.7,-29.7,-29.7,1.0,0.0,2.0,1.0,0.6,0.8,-39.3,-39.3,-39.3,-39.3,1.0,0.0,2.0,1.0,0.6,0.8,-33.0,-33.0,-33.0,-33.0,1.0,0.0,2.0,1.0,0.6,0.8,-21.8,-21.8,-21.8,-21.8,1.0,0.0,2.0,1.0,0.6,0.8,-18.3,-18.3,-18.3,-18.3,1.0,0.0,2.0,1.0,0.6,0.8,1594.5,2899.5,6318.5,3908.5,4.0,3389.0,16.0,0.5,0.4,0.8,1595.0,2900.0,6320.0,3910.0,4.0,3390.0,16.0,0.5,0.4,0.8
1974,2,205.0,58.0,1.14,2.3,3.46,2.3,2.0,2.4,14.0,0.5,0.8,0.0,-5.68,-5.0,-4.32,-5.0,2.0,1.41,14.0,0.5,0.8,0.0,2.19,2.19,2.19,2.19,1.0,0.0,4.0,0.0,0.9,0.0,77.8,77.8,77.8,77.8,1.0,0.0,4.0,0.0,0.0,5.27,5.65,6.03,5.65,2.0,0.78,14.0,0.5,0.8,0.0,0.62,1.95,3.29,1.95,2.0,2.76,14.0,0.5,0.8,0.0,-4.7,-1.46,1.77,-1.46,2.0,6.7,14.0,0.5,0.8,0.0,1002.4,1006.7,1011.0,1006.7,2.0,8.91,14.0,0.5,0.8,0.0,3.5,4.5,5.5,4.5,2.0,2.1,14.0,0.5,0.8,0.0,3.2,10.0,16.8,10.0,2.0,14.1,14.0,0.5,0.8,0.0,-29.7,-10.9,8.0,-10.9,2.0,39.0,14.0,0.5,0.8,0.0,6.82,7.3,7.78,7.3,2.0,0.99,14.0,0.5,0.8,0.0,40.8,40.9,40.9,40.9,2.0,0.1,14.0,0.5,0.8,0.0,2.84,2.84,2.84,2.84,1.0,0.0,4.0,0.0,0.9,0.0,14.5,14.5,14.5,14.5,1.0,0.0,4.0,0.0,0.9,0.0,-13.1,-7.8,-2.5,-7.8,2.0,11.1,14.0,0.5,0.8,0.0,-5.1,12.0,29.2,12.0,2.0,35.6,14.0,0.5,0.8,0.0,8.5,8.5,8.5,8.5,1.0,0.0,4.0,0.0,0.9,0.0,7.2,7.2,7.2,7.2,1.0,0.0,4.0,0.0,0.9,0.0,11.1,11.1,11.1,11.1,1.0,0.0,4.0,0.0,0.9,0.0,9.3,9.3,9.3,9.3,1.0,0.0,4.0,0.0,0.9,0.0,149.5,185.5,221.5,185.5,2.0,74.5,14.0,0.5,0.8,0.0,150.0,185.0,220.0,185.0,2.0,75.0,14.0,0.5,0.8,0.0
1974,2,206.0,-72.0,,,,,,,,,,,,,,,,,,,,,,,,,,,,,,,,,,,,,,,,6.2,6.2,6.2,6.2,1.0,0.0,20.0,1.0,0.3,0.4,3.1,3.1,3.1,3.1,1.0,0.0,20.0,1.0,0.3,0.4,5.37,5.37,5.37,5.37,1.0,0.0,20.0,1.0,0.3,0.4,977.1,977.1,977.1,977.1,1.0,0.0,20.0,1.0,0.3,0.4,8.0,8.0,8.0,8.0,1.0,0.0,20.0,1.0,0.3,0.4,19.2,19.2,19.2,19.2,1.0,0.0,20.0,1.0,0.3,0.4,33.3,33.3,33.3,33.3,1.0,0.0,20.0,1.0,0.3,0.4,,,,,,,,,,,,,,,,,,,,,,,,,,,,,,,,,,,,,,,,,-6.5,-6.5,-6.5,-6.5,1.0,0.0,20.0,1.0,0.3,0.4,-11.3,-11.3,-11.3,-11.3,1.0,0.0,20.0,1.0,0.3,0.4,8.8,8.8,8.8,8.8,1.0,0.0,20.0,1.0,0.3,0.4,15.2,15.2,15.2,15.2,1.0,0.0,20.0,1.0,0.3,0.4,,,,,,,,,,,,,,,,,,,,,,,,,,,,,,,,,,,,,,,,
1974,2,206.0,-61.0,1.16,1.3,1.44,1.3,3.0,0.2,6.0,0.0,0.9,0.8,1.03,1.3,1.44,1.23,3.0,0.31,6.0,0.0,0.9,0.8,3.39,3.86,3.88,3.64,3.0,0.41,6.0,0.0,0.9,0.8,79.1,88.5,92.5,85.8,3.0,10.1,6.0,0.0,0.8,7.52,8.2,11.41,9.43,3.0,3.04,6.0,0.0,0.9,0.8,6.82,8.08,11.23,9.0,3.0,3.33,6.0,0.0,0.9,0.8,-2.01,1.42,1.98,0.02,3.0,3.16,6.0,0.0,0.9,0.8,981.46,990.2,990.54,986.1,3.0,7.54,6.0,0.0,0.9,0.8,7.0,7.0,7.7,7.3,3.0,0.6,6.0,0.0,0.9,0.8,51.7,66.2,132.9,91.7,3.0,63.4,6.0,0.0,0.9,0.8,-14.0,11.7,23.4,4.9,3.0,28.0,6.0,0.0,0.9,0.8,-0.21,0.2,0.34,0.07,3.0,0.42,6.0,0.0,0.9,0.8,-3.0,1.6,2.5,-0.2,3.0,4.3,6.0,0.0,0.9,0.8,0.36,0.38,0.9,0.62,3.0,0.45,6.0,0.0,0.9,0.8,3.3,4.9,7.9,5.6,3.0,3.4,6.0,0.0,0.9,0.8,7.2,10.5,16.3,11.7,3.0,6.8,6.0,0.0,0.9,0.8,-1.6,1.9,2.9,0.7,3.0,3.5,6.0,0.0,0.9,0.8,24.7,25.6,41.6,33.0,3.0,13.9,6.0,0.0,0.9,0.8,-8.1,4.5,7.3,-0.3,3.0,12.1,6.0,0.0,0.9,0.8,3.0,4.8,7.8,5.4,3.0,3.5,6.0,0.0,0.9,0.8,-0.6,0.9,1.4,0.4,3.0,1.5,6.0,0.0,0.9,0.8,430.0,551.5,1640.5,1024.0,3.0,976.5,6.0,0.0,0.9,0.8,430.0,550.0,1640.0,1025.0,3.0,975.0,6.0,0.0,0.9,0.8
1974,2,206.0,-60.0,1.6,1.6,1.6,1.6,1.0,0.0,2.0,1.0,0.5,0.4,2.3,2.3,2.3,2.3,1.0,0.0,2.0,1.0,0.5,0.4,3.63,3.63,3.63,3.63,1.0,0.0,2.0,1.0,0.5,0.4,79.4,79.4,79.4,79.4,1.0,0.0,2.0,1.0,0.4,11.3,11.3,11.3,11.3,1.0,0.0,2.0,1.0,0.5,0.4,9.79,9.79,9.79,9.79,1.0,0.0,2.0,1.0,0.5,0.4,5.65,5.65,5.65,5.65,1.0,0.0,2.0,1.0,0.5,0.4,986.7,986.7,986.7,986.7,1.0,0.0,2.0,1.0,0.5,0.4,2.0,2.0,2.0,2.0,1.0,0.0,2.0,1.0,0.5,0.4,110.6,110.6,110.6,110.6,1.0,0.0,2.0,1.0,0.5,0.4,63.8,63.8,63.8,63.8,1.0,0.0,2.0,1.0,0.5,0.4,-0.7,-0.7,-0.7,-0.7,1.0,0.0,2.0,1.0,0.5,0.4,-7.9,-7.9,-7.9,-7.9,1.0,0.0,2.0,1.0,0.5,0.4,0.72,0.72,0.72,0.72,1.0,0.0,2.0,1.0,0.5,0.4,8.2,8.2,8.2,8.2,1.0,0.0,2.0,1.0,0.5,0.4,22.5,22.5,22.5,22.5,1.0,0.0,2.0,1.0,0.5,0.4,13.0,13.0,13.0,13.0,1.0,0.0,2.0,1.0,0.5,0.4,35.5,35.5,35.5,35.5,1.0,0.0,2.0,1.0,0.5,0.4,20.5,20.5,20.5,20.5,1.0,0.0,2.0,1.0,0.5,0.4,7.1,7.1,7.1,7.1,1.0,0.0,2.0,1.0,0.5,0.4,4.1,4.1,4.1,4.1,1.0,0.0,2.0,1.0,0.5,0.4,1443.0,1443.0,1443.0,1443.0,1.0,0.0,2.0,1.0,0.5,0.4,1445.0,1445.0,1445.0,1445.0,1.0,0.0,2.0,1.0,0.5,0.4
1974,2,206.0,-43.0,15.6,15.6,15.6,15.6,1.0,0.0,20.0,1.0,1.0,0.5,15.0,15.0,15.0,15.0,1.0,0.0,20.0,1.0,1.0,0.5,6.92,6.92,6.92,6.92,1.0,0.0,20.0,1.0,1.0,0.5,66.4,66.4,66.4,66.4,1.0,0.0,20.0,1.0,0.5,3.1,3.1,3.1,3.1,1.0,0.0,20.0,1.0,1.0,0.5,-2.37,-2.37,-2.37,-2.37,1.0,0.0,20.0,1.0,1.0,0.5,1.99,1.99,1.99,1.99,1.0,0.0,20.0,1.0,1.0,0.5,1026.2,1026.2,1026.2,1026.2,1.0,0.0,20.0,1.0,1.0,0.5,5.0,5.0,5.0,5.0,1.0,0.0,20.0,1.0,1.0,0.5,-7.4,-7.4,-7.4,-7.4,1.0,0.0,20.0,1.0,1.0,0.5,6.2,6.2,6.2,6.2,1.0,0.0,20.0,1.0,1.0,0.5,0.6,0.6,0.6,0.6,1.0,0.0,20.0,1.0,1.0,0.5,1.9,1.9,1.9,1.9,1.0,0.0,20.0,1.0,1.0,0.5,3.93,3.93,3.93,3.93,1.0,0.0,20.0,1.0,1.0,0.5,12.2,12.2,12.2,12.2,1.0,0.0,20.0,1.0,1.0,0.5,-35.6,-35.6,-35.6,-35.6,1.0,0.0,20.0,1.0,1.0,0.5,29.9,29.9,29.9,29.9,1.0,0.0,20.0,1.0,1.0,0.5,-16.4,-16.4,-16.4,-16.4,1.0,0.0,20.0,1.0,1.0,0.5,13.8,13.8,13.8,13.8,1.0,0.0,20.0,1.0,1.0,0.5,-9.3,-9.3,-9.3,-9.3,1.0,0.0,20.0,1.0,1.0,0.5,7.8,7.8,7.8,7.8,1.0,0.0,20.0,1.0,1.0,0.5,30.0,30.0,30.0,30.0,1.0,0.0,20.0,1.0,1.0,0.5,30.0,30.0,30.0,30.0,1.0,0.0,20.0,1.0,1.0,0.5
1974,2,206.0,-41.0,17.55,17.65,17.75,17.65,2.0,0.21,22.0,0.5,0.6,0.6,14.98,15.8,16.62,15.8,2.0,1.7,22.0,0.5,0.6,0.6,8.04,8.13,8.23,8.13,2.0,0.2,22.0,0.5,0.6,0.6,69.9,74.4,79.0,74.4,2.0,9.5,22.0,0.5,0.6,3.93,4.65,5.37,4.65,2.0,1.48,22.0,0.5,0.6,0.6,-3.57,-1.87,-0.17,-1.87,2.0,3.53,22.0,0.5,0.6,0.6,-2.52,-0.06,2.4,-0.06,2.0,5.1,22.0,0.5,0.6,0.6,1023.5,1026.5,1029.5,1026.5,2.0,6.22,22.0,0.5,0.6,0.6,7.2,7.5,7.8,7.5,2.0,0.7,22.0,0.5,0.6,0.6,-20.6,-11.3,-2.1,-11.3,2.0,19.2,22.0,0.5,0.6,0.6,-15.5,-4.1,7.4,-4.1,2.0,23.8,22.0,0.5,0.6,0.6,0.93,1.85,2.77,1.85,2.0,1.91,22.0,0.5,0.6,0.6,4.2,7.2,10.1,7.2,2.0,6.1,22.0,0.5,0.6,0.6,4.22,4.24,4.26,4.24,2.0,0.04,22.0,0.5,0.6,0.6,16.7,19.7,22.7,19.7,2.0,6.1,22.0,0.5,0.6,0.6,-61.0,-32.6,-4.1,-32.6,2.0,58.9,22.0,0.5,0.6,0.6,-44.2,-5.3,33.7,-5.3,2.0,80.6,22.0,0.5,0.6,0.6,-28.5,-14.9,-1.2,-14.9,2.0,28.3,22.0,0.5,0.6,0.6,-20.0,0.0,20.0,0.0,2.0,41.4,22.0,0.5,0.6,0.6,-15.1,-7.9,-0.7,-7.9,2.0,14.9,22.0,0.5,0.6,0.6,-10.6,-0.2,10.3,-0.2,2.0,21.6,22.0,0.5,0.6,0.6,68.5,116.0,163.0,116.0,2.0,98.0,22.0,0.5,0.6,0.6,70.0,115.0,165.0,115.0,2.0,100.0,22.0,0.5,0.6,0.6
1974,2,206.0,-40.0,18.32,18.35,18.38,18.35,2.0,0.07,10.0,0.5,0.5,0.9,16.03,16.95,17.87,16.95,2.0,1.91,10.0,0.5,0.5,0.9,7.03,7.22,7.4,7.22,2.0,0.39,10.0,0.5,0.5,0.9,56.5,61.3,66.1,61.3,2.0,10.0,10.0,0.5,0.9,3.41,5.15,6.89,5.15,2.0,3.61,10.0,0.5,0.5,0.9,3.21,4.61,6.02,4.61,2.0,2.9,10.0,0.5,0.5,0.9,-3.17,-1.7,-0.23,-1.7,2.0,3.04,10.0,0.5,0.5,0.9,1016.97,1022.5,1028.03,1022.5,2.0,11.46,10.0,0.5,0.5,0.9,7.0,7.0,7.0,7.0,2.0,0.0,10.0,0.5,0.5,0.9,13.7,29.0,44.3,29.0,2.0,31.6,10.0,0.5,0.5,0.9,-24.8,-14.2,-3.7,-14.2,2.0,21.8,10.0,0.5,0.5,0.9,0.51,1.4,2.29,1.4,2.0,1.84,10.0,0.5,0.5,0.9,3.5,10.5,17.5,10.5,2.0,14.5,10.0,0.5,0.5,0.9,5.63,5.77,5.92,5.77,2.0,0.3,10.0,0.5,0.5,0.9,19.9,29.2,38.5,29.2,2.0,19.3,10.0,0.5,0.5,0.9,55.9,75.4,95.0,75.4,2.0,40.4,10.0,0.5,0.5,0.9,-49.2,-25.9,-2.6,-25.9,2.0,48.3,10.0,0.5,0.5,0.9,22.9,33.9,44.9,33.9,2.0,22.8,10.0,0.5,0.5,0.9,-23.8,-12.9,-1.9,-12.9,2.0,22.6,10.0,0.5,0.5,0.9,18.8,26.2,33.6,26.2,2.0,15.4,10.0,0.5,0.5,0.9,-17.6,-9.3,-1.1,-9.3,2.0,17.0,10.0,0.5,0.5,0.9,87.0,237.0,387.0,237.0,2.0,310.5,10.0,0.5,0.5,0.9,85.0,235.0,385.0,235.0,2.0,310.0,10.0,0.5,0.5,0.9
1974,2,206.0,-37.0,,,,,,,,,,,,,,,,,,,,,,,,,,,,,,,,,,,,,,,,2.6,2.6,2.6,2.6,1.0,0.0,16.0,0.0,0.9,0.5,0.0,0.0,0.0,0.0,1.0,0.0,16.0,0.0,0.9,0.5,-2.6,-2.6,-2.6,-2.6,1.0,0.0,16.0,0.0,0.9,0.5,1026.2,1026.2,1026.2,1026.2,1.0,0.0,16.0,0.0,0.9,0.5,2.0,2.0,2.0,2.0,1.0,0.0,16.0,0.0,0.9,0.5,0.0,0.0,0.0,0.0,1.0,0.0,16.0,0.0,0.9,0.5,-6.8,-6.8,-6.8,-6.8,1.0,0.0,16.0,0.0,0.9,0.5,,,,,,,,,,,,,,,,,,,,,,,,,,,,,,,,,,,,,,,,,0.0,0.0,0.0,0.0,1.0,0.0,16.0,0.0,0.9,0.5,-49.9,-49.9,-49.9,-49.9,1.0,0.0,16.0,0.0,0.9,0.5,0.0,0.0,0.0,0.0,1.0,0.0,16.0,0.0,0.9,0.5,-31.5,-31.5,-31.5,-31.5,1.0,0.0,16.0,0.0,0.9,0.5,,,,,,,,,,,,,,,,,,,,,,,,,,,,,,,,,,,,,,,,
1974,2,206.0,-34.0,22.66,22.8,22.94,22.8,2.0,0.28,14.0,0.5,0.8,0.7,17.93,21.0,21.34,19.67,3.0,2.75,16.0,0.7,0.6,0.6,9.32,11.9,12.08,10.73,3.0,2.26,16.0,0.7,0.6,0.6,71.7,75.5,78.2,75.0,3.0,4.8,16.0,0.7,0.6,5.61,6.7,15.1,10.27,3.0,7.61,16.0,0.7,0.6,0.6,-5.54,-3.91,7.1,0.67,3.0,10.07,16.0,0.7,0.6,0.6,-9.21,2.29,2.97,-3.0,3.0,10.02,16.0,0.7,0.6,0.6,1016.33,1022.0,1023.37,1019.9,3.0,5.46,16.0,0.7,0.6,0.6,4.3,5.0,6.4,5.3,3.0,1.5,16.0,0.7,0.6,0.6,-35.1,-19.9,152.1,56.6,3.0,152.3,16.0,0.7,0.6,0.6,-183.9,15.4,16.3,-81.5,3.0,168.9,16.0,0.7,0.6,0.6,1.52,1.55,1.58,1.55,2.0,0.07,14.0,0.5,0.8,0.7,8.1,9.2,10.2,9.2,2.0,2.2,14.0,0.5,0.8,0.7,4.88,5.1,5.32,5.1,2.0,0.45,14.0,0.5,0.8,0.7,28.3,29.8,31.3,29.8,2.0,3.1,14.0,0.5,0.8,0.7,-116.9,-84.0,110.9,-4.9,3.0,180.4,16.0,0.7,0.6,0.6,-148.7,48.1,63.4,-40.5,3.0,173.3,16.0,0.7,0.6,0.6,-67.0,-46.5,53.0,-7.9,3.0,94.0,16.0,0.7,0.6,0.6,-71.9,27.9,35.5,-17.1,3.0,87.8,16.0,0.7,0.6,0.6,-28.7,-25.6,-22.6,-25.6,2.0,6.3,14.0,0.5,0.8,0.7,12.0,14.4,16.7,14.4,2.0,4.8,14.0,0.5,0.8,0.7,186.0,301.0,4777.5,2431.0,3.0,3836.0,16.0,0.7,0.6,0.6,185.0,300.0,4775.0,2430.0,3.0,3835.0,16.0,0.7,0.6,0.6
1974,2,206.0,-33.0,23.49,24.1,24.71,24.1,2.0,1.27,18.0,0.5,0.6,0.6,21.08,21.25,21.42,21.25,2.0,0.35,18.0,0.5,0.6,0.6,12.79,13.31,13.82,13.31,2.0,1.07,18.0,0.5,0.6,0.6,81.3,85.3,89.3,85.3,2.0,8.3,18.0,0.5,0.6,4.7,10.3,11.67,8.23,3.0,5.4,14.0,0.3,0.8,0.7,-10.54,-10.3,-3.76,-7.22,3.0,5.64,14.0,0.3,0.8,0.7,-1.35,0.0,4.2,1.39,3.0,4.24,14.0,0.3,0.8,0.7,1016.44,1018.9,1021.02,1018.73,3.0,3.35,14.0,0.3,0.8,0.7,6.3,7.0,7.7,7.0,3.0,1.0,14.0,0.3,0.8,0.7,-123.1,-106.1,-34.7,-79.5,3.0,68.7,14.0,0.3,0.8,0.7,-2.8,0.0,51.6,23.8,3.0,44.9,14.0,0.3,0.8,0.7,2.07,2.85,3.63,2.85,2.0,1.63,18.0,0.5,0.6,0.6,24.1,31.1,38.0,31.1,2.0,14.3,18.0,0.5,0.6,0.6,5.12,5.34,5.57,5.34,2.0,0.46,18.0,0.5,0.6,0.6,58.9,60.1,61.2,60.1,2.0,2.4,18.0,0.5,0.6,0.6,-227.0,-222.7,-218.3,-222.7,2.0,9.0,18.0,0.5,0.6,0.6,21.0,66.1,111.2,66.1,2.0,93.5,18.0,0.5,0.6,0.6,-143.1,-139.3,-135.4,-139.3,2.0,7.9,18.0,0.5,0.6,0.6,12.2,38.6,64.9,38.6,2.0,54.6,18.0,0.5,0.6,0.6,-57.6,-55.9,-54.3,-55.9,2.0,3.5,18.0,0.5,0.6,0.6,4.9,15.4,26.0,15.4,2.0,21.8,18.0,0.5,0.6,0.6,353.0,1092.5,1617.0,987.5,3.0,930.5,14.0,0.3,0.8,0.7,355.0,1095.0,1615.0,990.0,3.0,930.0,14.0,0.3,0.8,0.7
1974,2,206.0,-32.0,24.7,24.7,24.7,24.7,1.0,0.0,10.0,0.0,1.0,0.4,24.4,24.4,24.4,24.4,1.0,0.0,10.0,0.0,1.0,0.4,15.4,15.4,15.4,15.4,1.0,0.0,10.0,0.0,1.0,0.4,81.3,81.3,81.3,81.3,1.0,0.0,10.0,0.0,0.4,5.1,5.1,5.1,5.1,1.0,0.0,10.0,0.0,1.0,0.4,-4.79,-4.79,-4.79,-4.79,1.0,0.0,10.0,0.0,1.0,0.4,1.74,1.74,1.74,1.74,1.0,0.0,10.0,0.0,1.0,0.4,1018.0,1018.0,1018.0,1018.0,1.0,0.0,10.0,0.0,1.0,0.4,8.0,8.0,8.0,8.0,1.0,0.0,10.0,0.0,1.0,0.4,-24.4,-24.4,-24.4,-24.4,1.0,0.0,10.0,0.0,1.0,0.4,8.9,8.9,8.9,8.9,1.0,0.0,10.0,0.0,1.0,0.4,0.3,0.3,0.3,0.3,1.0,0.0,10.0,0.0,1.0,0.4,1.5,1.5,1.5,1.5,1.0,0.0,10.0,0.0,1.0,0.4,3.92,3.92,3.92,3.92,1.0,0.0,10.0,0.0,1.0,0.4,20.0,20.0,20.0,20.0,1.0,0.0,10.0,0.0,1.0,0.4,-116.9,-116.9,-116.9,-116.9,1.0,0.0,10.0,0.0,1.0,0.4,42.6,42.6,42.6,42.6,1.0,0.0,10.0,0.0,1.0,0.4,-73.8,-73.8,-73.8,-73.8,1.0,0.0,10.0,0.0,1.0,0.4,26.9,26.9,26.9,26.9,1.0,0.0,10.0,0.0,1.0,0.4,-18.8,-18.8,-18.8,-18.8,1.0,0.0,10.0,0.0,1.0,0.4,6.8,6.8,6.8,6.8,1.0,0.0,10.0,0.0,1.0,0.4,132.5,132.5,132.5,132.5,1.0,0.0,10.0,0.0,1.0,0.4,135.0,135.0,135.0,135.0,1.0,0.0,10.0,0.0,1.0,0.4
1974,2,206.0,-31.0,,,,,,,,,,,,,,,,,,,,,,,,,,,,,,,,,,,,,,,,7.2,7.2,7.2,7.2,1.0,0.0,8.0,0.0,0.4,0.5,-7.09,-7.09,-7.09,-7.09,1.0,0.0,8.0,0.0,0.4,0.5,1.25,1.25,1.25,1.25,1.0,0.0,8.0,0.0,0.4,0.5,1014.6,1014.6,1014.6,1014.6,1.0,0.0,8.0,0.0,0.4,0.5,8.0,8.0,8.0,8.0,1.0,0.0,8.0,0.0,0.4,0.5,-51.1,-51.1,-51.1,-51.1,1.0,0.0,8.0,0.0,0.4,0.5,9.0,9.0,9.0,9.0,1.0,0.0,8.0,0.0,0.4,0.5,,,,,,,,,,,,,,,,,,,,,,,,,,,,,,,,,,,,,,,,,-167.3,-167.3,-167.3,-167.3,1.0,0.0,8.0,0.0,0.4,0.5,29.5,29.5,29.5,29.5,1.0,0.0,8.0,0.0,0.4,0.5,-109.6,-109.6,-109.6,-109.6,1.0,0.0,8.0,0.0,0.4,0.5,19.3,19.3,19.3,19.3,1.0,0.0,8.0,0.0,0.4,0.5,,,,,,,,,,,,,,,,,,,,,,,,,,,,,,,,,,,,,,,,
1974,2,206.0,-30.0,26.7,26.7,26.7,26.7,1.0,0.0,24.0,1.0,0.8,0.3,25.3,25.3,25.3,25.3,1.0,0.0,24.0,1.0,0.8,0.3,18.01,18.01,18.01,18.01,1.0,0.0,24.0,1.0,0.8,0.3,89.8,89.8,89.8,89.8,1.0,0.0,24.0,1.0,0.3,4.6,4.6,4.6,4.6,1.0,0.0,24.0,1.0,0.8,0.3,2.96,2.96,2.96,2.96,1.0,0.0,24.0,1.0,0.8,0.3,-3.52,-3.52,-3.52,-3.52,1.0,0.0,24.0,1.0,0.8,0.3,1015.5,1015.5,1015.5,1015.5,1.0,0.0,24.0,1.0,0.8,0.3,3.0,3.0,3.0,3.0,1.0,0.0,24.0,1.0,0.8,0.3,13.6,13.6,13.6,13.6,1.0,0.0,24.0,1.0,0.8,0.3,-16.2,-16.2,-16.2,-16.2,1.0,0.0,24.0,1.0,0.8,0.3,1.4,1.4,1.4,1.4,1.0,0.0,24.0,1.0,0.8,0.3,6.4,6.4,6.4,6.4,1.0,0.0,24.0,1.0,0.8,0.3,3.84,3.84,3.84,3.84,1.0,0.0,24.0,1.0,0.8,0.3,17.7,17.7,17.7,17.7,1.0,0.0,24.0,1.0,0.8,0.3,74.8,74.8,74.8,74.8,1.0,0.0,24.0,1.0,0.8,0.3,-89.2,-89.2,-89.2,-89.2,1.0,0.0,24.0,1.0,0.8,0.3,53.3,53.3,53.3,53.3,1.0,0.0,24.0,1.0,0.8,0.3,-63.5,-63.5,-63.5,-63.5,1.0,0.0,24.0,1.0,0.8,0.3,11.4,11.4,11.4,11.4,1.0,0.0,24.0,1.0,0.8,0.3,-13.5,-13.5,-13.5,-13.5,1.0,0.0,24.0,1.0,0.8,0.3,97.5,97.5,97.5,97.5,1.0,0.0,24.0,1.0,0.8,0.3,95.0,95.0,95.0,95.0,1.0,0.0,24.0,1.0,0.8,0.3
1974,2,206.0,-20.0,27.8,27.8,27.8,27.8,1.0,0.0,6.0,0.0,0.4,0.9,26.1,26.1,26.1,26.1,1.0,0.0,6.0,0.0,0.4,0.9,15.89,15.89,15.89,15.89,1.0,0.0,6.0,0.0,0.4,0.9,75.3,75.3,75.3,75.3,1.0,0.0,6.0,0.0,0.9,0.0,0.0,0.0,0.0,1.0,0.0,6.0,0.0,0.4,0.9,0.0,0.0,0.0,0.0,1.0,0.0,6.0,0.0,0.4,0.9,0.0,0.0,0.0,0.0,1.0,0.0,6.0,0.0,0.4,0.9,1011.5,1011.5,1011.5,1011.5,1.0,0.0,6.0,0.0,0.4,0.9,8.0,8.0,8.0,8.0,1.0,0.0,6.0,0.0,0.4,0.9,0.0,0.0,0.0,0.0,1.0,0.0,6.0,0.0,0.4,0.9,0.0,0.0,0.0,0.0,1.0,0.0,6.0,0.0,0.4,0.9,1.7,1.7,1.7,1.7,1.0,0.0,6.0,0.0,0.4,0.9,0.0,0.0,0.0,0.0,1.0,0.0,6.0,0.0,0.4,0.9,7.53,7.53,7.53,7.53,1.0,0.0,6.0,0.0,0.4,0.9,0.0,0.0,0.0,0.0,1.0,0.0,6.0,0.0,0.4,0.9,0.0,0.0,0.0,0.0,1.0,0.0,6.0,0.0,0.4,0.9,0.0,0.0,0.0,0.0,1.0,0.0,6.0,0.0,0.4,0.9,0.0,0.0,0.0,0.0,1.0,0.0,6.0,0.0,0.4,0.9,0.0,0.0,0.0,0.0,1.0,0.0,6.0,0.0,0.4,0.9,0.0,0.0,0.0,0.0,1.0,0.0,6.0,0.0,0.4,0.9,0.0,0.0,0.0,0.0,1.0,0.0,6.0,0.0,0.4,0.9,0.0,0.0,0.0,0.0,1.0,0.0,6.0,0.0,0.4,0.9,0.0,0.0,0.0,0.0,1.0,0.0,6.0,0.0,0.4,0.9
1974,2,206.0,-19.0,27.9,29.0,30.0,28.95,4.0,1.22,18.0,0.8,0.5,0.7,26.74,27.5,28.05,27.4,4.0,0.78,18.0,0.8,0.5,0.7,16.39,17.59,17.67,17.06,4.0,1.13,18.0,0.8,0.5,0.7,72.7,74.3,77.1,74.9,4.0,3.5,18.0,0.8,0.7,4.58,7.2,10.87,7.7,4.0,3.81,18.0,0.8,0.5,0.7,-9.45,-6.07,-4.51,-6.94,4.0,3.34,18.0,0.8,0.5,0.7,-2.79,0.8,2.63,-0.04,4.0,4.27,18.0,0.8,0.5,0.7,1011.41,1013.2,1014.88,1013.15,4.0,2.12,18.0,0.8,0.5,0.7,3.0,5.0,6.5,4.8,4.0,2.2,18.0,0.8,0.5,0.7,-106.0,-45.9,-20.9,-62.6,4.0,57.2,18.0,0.8,0.5,0.7,-27.7,3.7,29.3,0.9,4.0,43.9,18.0,0.8,0.5,0.7,0.37,1.45,2.74,1.55,4.0,1.56,18.0,0.8,0.5,0.7,3.9,11.8,19.1,11.5,4.0,10.2,18.0,0.8,0.5,0.7,5.9,7.47,10.18,8.01,4.0,2.6,18.0,0.8,0.5,0.7,37.6,50.5,84.4,60.5,4.0,35.2,18.0,0.8,0.5,0.7,-261.7,-166.5,-123.0,-191.2,4.0,95.7,18.0,0.8,0.5,0.7,-75.6,21.8,73.7,0.1,4.0,116.9,18.0,0.8,0.5,0.7,-166.9,-107.0,-74.4,-120.0,4.0,61.9,18.0,0.8,0.5,0.7,-50.2,13.2,46.3,-1.2,4.0,75.4,18.0,0.8,0.5,0.7,-76.2,-43.8,-35.6,-55.3,4.0,33.3,18.0,0.8,0.5,0.7,-16.1,6.6,23.7,3.9,4.0,30.1,18.0,0.8,0.5,0.7,99.5,468.5,1358.0,716.5,4.0,832.0,18.0,0.8,0.5,0.7,100.0,470.0,1360.0,715.0,4.0,830.0,18.0,0.8,0.5,0.7
1974,2,206.0,-18.0,27.14,27.55,27.85,27.5,4.0,0.42,12.0,0.8,0.5,0.7,27.83,28.25,28.3,28.08,4.0,0.39,12.0,0.8,0.5,0.7,16.16,16.72,17.03,16.6,4.0,0.67,12.0,0.8,0.5,0.7,67.4,69.9,73.1,70.2,4.0,4.2,12.0,0.8,0.7,3.79,5.65,6.72,5.28,4.0,1.98,12.0,0.8,0.5,0.7,-6.27,-4.89,-3.46,-4.87,4.0,1.87,12.0,0.8,0.5,0.7,-2.22,-0.63,1.34,-0.45,4.0,2.37,12.0,0.8,0.5,0.7,1012.3,1013.1,1013.9,1013.1,4.0,0.93,12.0,0.8,0.5,0.7,2.5,3.5,5.0,3.8,4.0,1.7,12.0,0.8,0.5,0.7,-42.6,-27.9,-14.3,-28.4,4.0,18.6,12.0,0.8,0.5,0.7,-14.4,-4.5,6.8,-3.8,4.0,13.7,12.0,0.8,0.5,0.7,-0.92,-0.4,-0.25,-0.57,4.0,0.5,12.0,0.8,0.5,0.7,-3.0,-2.4,-1.7,-2.3,4.0,0.9,12.0,0.8,0.5,0.7,5.51,6.19,7.25,6.37,4.0,1.07,12.0,0.8,0.5,0.7,23.6,36.4,44.2,34.0,4.0,14.3,12.0,0.8,0.5,0.7,-175.1,-136.3,-98.1,-136.5,4.0,52.4,12.0,0.8,0.5,0.7,-61.4,-17.6,37.8,-12.1,4.0,66.2,12.0,0.8,0.5,0.7,-106.4,-81.0,-55.7,-81.1,4.0,32.3,12.0,0.8,0.5,0.7,-38.0,-10.5,21.0,-8.6,4.0,39.2,12.0,0.8,0.5,0.7,-41.3,-31.5,-21.5,-31.4,4.0,13.7,12.0,0.8,0.5,0.7,-12.8,-4.2,10.3,-1.4,4.0,15.6,12.0,0.8,0.5,0.7,72.5,185.5,309.0,190.5,4.0,151.5,12.0,0.8,0.5,0.7,70.0,185.0,310.0,190.0,4.0,150.0,12.0,0.8,0.5,0.7
1974,2,206.0,-15.0,27.38,28.9,30.0,28.7,4.0,1.54,18.0,0.3,0.4,0.6,26.52,27.15,29.19,27.83,4.0,2.19,18.0,0.3,0.4,0.6,16.69,18.66,20.46,18.58,3.0,2.76,18.0,0.3,0.3,0.7,69.2,75.3,88.6,78.8,3.0,14.6,18.0,0.3,0.7,2.71,5.8,7.37,5.08,4.0,3.02,18.0,0.3,0.4,0.6,-7.31,-5.77,-2.56,-4.97,4.0,3.1,18.0,0.3,0.4,0.6,-0.72,-0.32,0.7,-0.03,4.0,0.97,18.0,0.3,0.4,0.6,1009.87,1010.85,1012.04,1010.95,4.0,1.46,18.0,0.3,0.4,0.6,2.0,2.5,4.0,3.0,4.0,1.4,18.0,0.3,0.4,0.6,-53.9,-34.9,-10.3,-32.2,4.0,26.4,18.0,0.3,0.4,0.6,-2.2,-0.3,5.4,1.5,4.0,6.1,18.0,0.3,0.4,0.6,-0.57,0.85,2.32,0.88,4.0,1.73,18.0,0.3,0.4,0.6,-2.8,0.5,11.1,4.0,4.0,10.7,18.0,0.3,0.4,0.6,3.13,7.62,7.9,5.56,3.0,3.92,18.0,0.3,0.3,0.7,7.7,8.0,27.8,17.5,3.0,16.8,18.0,0.3,0.3,0.7,-198.3,-165.4,-77.3,-139.1,4.0,84.2,18.0,0.3,0.4,0.6,-20.9,-8.4,19.0,-1.3,4.0,27.1,18.0,0.3,0.4,0.6,-137.1,-84.5,-35.1,-86.0,3.0,74.7,18.0,0.3,0.3,0.7,-13.4,-10.1,16.2,1.1,3.0,23.8,18.0,0.3,0.3,0.7,-27.3,-7.9,-6.5,-16.7,3.0,17.1,18.0,0.3,0.3,0.7,-5.9,-4.9,-0.6,-3.3,3.0,4.1,18.0,0.3,0.3,0.7,47.0,220.0,402.5,224.5,4.0,211.5,18.0,0.3,0.4,0.6,45.0,220.0,400.0,225.0,4.0,210.0,18.0,0.3,0.4,0.6
1974,2,206.0,-13.0,28.8,28.8,28.8,28.8,1.0,0.0,8.0,1.0,0.8,0.8,28.5,28.5,28.5,28.5,1.0,0.0,8.0,1.0,0.8,0.8,19.36,19.36,19.36,19.36,1.0,0.0,8.0,1.0,0.8,0.8,79.4,79.4,79.4,79.4,1.0,0.0,8.0,1.0,0.8,6.2,6.2,6.2,6.2,1.0,0.0,8.0,1.0,0.8,0.8,-5.83,-5.83,-5.83,-5.83,1.0,0.0,8.0,1.0,0.8,0.8,-2.12,-2.12,-2.12,-2.12,1.0,0.0,8.0,1.0,0.8,0.8,1010.2,1010.2,1010.2,1010.2,1.0,0.0,8.0,1.0,0.8,0.8,5.0,5.0,5.0,5.0,1.0,0.0,8.0,1.0,0.8,0.8,-36.1,-36.1,-36.1,-36.1,1.0,0.0,8.0,1.0,0.8,0.8,-13.1,-13.1,-13.1,-13.1,1.0,0.0,8.0,1.0,0.8,0.8,0.3,0.3,0.3,0.3,1.0,0.0,8.0,1.0,0.8,0.8,1.9,1.9,1.9,1.9,1.0,0.0,8.0,1.0,0.8,0.8,5.52,5.52,5.52,5.52,1.0,0.0,8.0,1.0,0.8,0.8,34.2,34.2,34.2,34.2,1.0,0.0,8.0,1.0,0.8,0.8,-166.0,-166.0,-166.0,-166.0,1.0,0.0,8.0,1.0,0.8,0.8,-60.4,-60.4,-60.4,-60.4,1.0,0.0,8.0,1.0,0.8,0.8,-112.8,-112.8,-112.8,-112.8,1.0,0.0,8.0,1.0,0.8,0.8,-41.0,-41.0,-41.0,-41.0,1.0,0.0,8.0,1.0,0.8,0.8,-32.2,-32.2,-32.2,-32.2,1.0,0.0,8.0,1.0,0.8,0.8,-11.7,-11.7,-11.7,-11.7,1.0,0.0,8.0,1.0,0.8,0.8,238.5,238.5,238.5,238.5,1.0,0.0,8.0,1.0,0.8,0.8,240.0,240.0,240.0,240.0,1.0,0.0,8.0,1.0,0.8,0.8
1974,2,206.0,-12.0,27.5,27.5,27.5,27.5,1.0,0.0,28.0,0.0,0.3,0.9,27.2,27.2,27.2,27.2,1.0,0.0,28.0,0.0,0.3,0.9,17.65,17.65,17.65,17.65,1.0,0.0,28.0,0.0,0.3,0.9,78.3,78.3,78.3,78.3,1.0,0.0,28.0,0.0,0.9,4.6,4.6,4.6,4.6,1.0,0.0,28.0,0.0,0.3,0.9,-3.52,-3.52,-3.52,-3.52,1.0,0.0,28.0,0.0,0.3,0.9,2.96,2.96,2.96,2.96,1.0,0.0,28.0,0.0,0.3,0.9,1010.9,1010.9,1010.9,1010.9,1.0,0.0,28.0,0.0,0.3,0.9,3.0,3.0,3.0,3.0,1.0,0.0,28.0,0.0,0.3,0.9,-16.2,-16.2,-16.2,-16.2,1.0,0.0,28.0,0.0,0.3,0.9,13.6,13.6,13.6,13.6,1.0,0.0,28.0,0.0,0.3,0.9,0.3,0.3,0.3,0.3,1.0,0.0,28.0,0.0,0.3,0.9,1.4,1.4,1.4,1.4,1.0,0.0,28.0,0.0,0.3,0.9,5.37,5.37,5.37,5.37,1.0,0.0,28.0,0.0,0.3,0.9,24.7,24.7,24.7,24.7,1.0,0.0,28.0,0.0,0.3,0.9,-95.8,-95.8,-95.8,-95.8,1.0,0.0,28.0,0.0,0.3,0.9,80.4,80.4,80.4,80.4,1.0,0.0,28.0,0.0,0.3,0.9,-62.2,-62.2,-62.2,-62.2,1.0,0.0,28.0,0.0,0.3,0.9,52.2,52.2,52.2,52.2,1.0,0.0,28.0,0.0,0.3,0.9,-18.9,-18.9,-18.9,-18.9,1.0,0.0,28.0,0.0,0.3,0.9,15.9,15.9,15.9,15.9,1.0,0.0,28.0,0.0,0.3,0.9,97.5,97.5,97.5,97.5,1.0,0.0,28.0,0.0,0.3,0.9,95.0,95.0,95.0,95.0,1.0,0.0,28.0,0.0,0.3,0.9
1974,2,206.0,-8.0,26.3,26.3,26.3,26.3,1.0,0.0,2.0,1.0,1.0,0.3,26.1,26.1,26.1,26.1,1.0,0.0,2.0,1.0,1.0,0.3,15.86,15.86,15.86,15.86,1.0,0.0,2.0,1.0,1.0,0.3,75.3,75.3,75.3,75.3,1.0,0.0,2.0,1.0,0.3,6.2,6.2,6.2,6.2,1.0,0.0,2.0,1.0,1.0,0.3,-6.2,-6.2,-6.2,-6.2,1.0,0.0,2.0,1.0,1.0,0.3,0.0,0.0,0.0,0.0,1.0,0.0,2.0,1.0,1.0,0.3,1013.6,1013.6,1013.6,1013.6,1.0,0.0,2.0,1.0,1.0,0.3,3.0,3.0,3.0,3.0,1.0,0.0,2.0,1.0,1.0,0.3,-38.4,-38.4,-38.4,-38.4,1.0,0.0,2.0,1.0,1.0,0.3,0.0,0.0,0.0,0.0,1.0,0.0,2.0,1.0,1.0,0.3,0.2,0.2,0.2,0.2,1.0,0.0,2.0,1.0,1.0,0.3,1.2,1.2,1.2,1.2,1.0,0.0,2.0,1.0,1.0,0.3,5.51,5.51,5.51,5.51,1.0,0.0,2.0,1.0,1.0,0.3,34.2,34.2,34.2,34.2,1.0,0.0,2.0,1.0,1.0,0.3,-161.8,-161.8,-161.8,-161.8,1.0,0.0,2.0,1.0,1.0,0.3,0.0,0.0,0.0,0.0,1.0,0.0,2.0,1.0,1.0,0.3,-98.3,-98.3,-98.3,-98.3,1.0,0.0,2.0,1.0,1.0,0.3,0.0,0.0,0.0,0.0,1.0,0.0,2.0,1.0,1.0,0.3,-34.2,-34.2,-34.2,-34.2,1.0,0.0,2.0,1.0,1.0,0.3,0.0,0.0,0.0,0.0,1.0,0.0,2.0,1.0,1.0,0.3,238.5,238.5,238.5,238.5,1.0,0.0,2.0,1.0,1.0,0.3,240.0,240.0,240.0,240.0,1.0,0.0,2.0,1.0,1.0,0.3
1974,2,206.0,-7.0,27.2,27.2,27.2,27.2,1.0,0.0,2.0,0.0,0.9,0.7,26.0,26.0,26.0,26.0,1.0,0.0,2.0,0.0,0.9,0.7,16.21,16.21,16.21,16.21,1.0,0.0,2.0,0.0,0.9,0.7,77.2,77.2,77.2,77.2,1.0,0.0,2.0,0.0,0.7,7.7,7.7,7.7,7.7,1.0,0.0,2.0,0.0,0.9,0.7,-7.24,-7.24,-7.24,-7.24,1.0,0.0,2.0,0.0,0.9,0.7,2.63,2.63,2.63,2.63,1.0,0.0,2.0,0.0,0.9,0.7,1010.3,1010.3,1010.3,1010.3,1.0,0.0,2.0,0.0,0.9,0.7,1.0,1.0,1.0,1.0,1.0,0.0,2.0,0.0,0.9,0.7,-55.7,-55.7,-55.7,-55.7,1.0,0.0,2.0,0.0,0.9,0.7,20.3,20.3,20.3,20.3,1.0,0.0,2.0,0.0,0.9,0.7,1.2,1.2,1.2,1.2,1.0,0.0,2.0,0.0,0.9,0.7,9.2,9.2,9.2,9.2,1.0,0.0,2.0,0.0,0.9,0.7,6.42,6.42,6.42,6.42,1.0,0.0,2.0,0.0,0.9,0.7,49.4,49.4,49.4,49.4,1.0,0.0,2.0,0.0,0.9,0.7,-188.1,-188.1,-188.1,-188.1,1.0,0.0,2.0,0.0,0.9,0.7,68.5,68.5,68.5,68.5,1.0,0.0,2.0,0.0,0.9,0.7,-117.3,-117.3,-117.3,-117.3,1.0,0.0,2.0,0.0,0.9,0.7,42.7,42.7,42.7,42.7,1.0,0.0,2.0,0.0,0.9,0.7,-46.4,-46.4,-46.4,-46.4,1.0,0.0,2.0,0.0,0.9,0.7,16.9,16.9,16.9,16.9,1.0,0.0,2.0,0.0,0.9,0.7,456.5,456.5,456.5,456.5,1.0,0.0,2.0,0.0,0.9,0.7,455.0,455.0,455.0,455.0,1.0,0.0,2.0,0.0,0.9,0.7
1974,2,206.0,-5.0,,,,,,,,,,,,,,,,,,,,,,,,,,,,,,,,,,,,,,,,9.3,9.3,9.3,9.3,1.0,0.0,2.0,0.0,0.7,0.1,-8.74,-8.74,-8.74,-8.74,1.0,0.0,2.0,0.0,0.7,0.1,3.18,3.18,3.18,3.18,1.0,0.0,2.0,0.0,0.7,0.1,1010.9,1010.9,1010.9,1010.9,1.0,0.0,2.0,0.0,0.7,0.1,4.0,4.0,4.0,4.0,1.0,0.0,2.0,0.0,0.7,0.1,-81.3,-81.3,-81.3,-81.3,1.0,0.0,2.0,0.0,0.7,0.1,29.6,29.6,29.6,29.6,1.0,0.0,2.0,0.0,0.7,0.1,,,,,,,,,,,,,,,,,,,,,,,,,,,,,,,,,,,,,,,,,-228.1,-228.1,-228.1,-228.1,1.0,0.0,2.0,0.0,0.7,0.1,83.0,83.0,83.0,83.0,1.0,0.0,2.0,0.0,0.7,0.1,-131.4,-131.4,-131.4,-131.4,1.0,0.0,2.0,0.0,0.7,0.1,47.8,47.8,47.8,47.8,1.0,0.0,2.0,0.0,0.7,0.1,,,,,,,,,,,,,,,,,,,,,,,,,,,,,,,,,,,,,,,,
1974,2,206.0,-4.0,25.6,25.6,25.6,25.6,1.0,0.0,2.0,1.0,0.5,0.5,26.3,26.3,26.3,26.3,1.0,0.0,2.0,1.0,0.5,0.5,16.11,16.11,16.11,16.11,1.0,0.0,2.0,1.0,0.5,0.5,75.4,75.4,75.4,75.4,1.0,0.0,2.0,1.0,0.5,9.3,9.3,9.3,9.3,1.0,0.0,2.0,1.0,0.5,0.5,-9.3,-9.3,-9.3,-9.3,1.0,0.0,2.0,1.0,0.5,0.5,0.0,0.0,0.0,0.0,1.0,0.0,2.0,1.0,0.5,0.5,1009.9,1009.9,1009.9,1009.9,1.0,0.0,2.0,1.0,0.5,0.5,3.0,3.0,3.0,3.0,1.0,0.0,2.0,1.0,0.5,0.5,-86.5,-86.5,-86.5,-86.5,1.0,0.0,2.0,1.0,0.5,0.5,0.0,0.0,0.0,0.0,1.0,0.0,2.0,1.0,0.5,0.5,-0.7,-0.7,-0.7,-0.7,1.0,0.0,2.0,1.0,0.5,0.5,-6.5,-6.5,-6.5,-6.5,1.0,0.0,2.0,1.0,0.5,0.5,4.45,4.45,4.45,4.45,1.0,0.0,2.0,1.0,0.5,0.5,41.4,41.4,41.4,41.4,1.0,0.0,2.0,1.0,0.5,0.5,-244.6,-244.6,-244.6,-244.6,1.0,0.0,2.0,1.0,0.5,0.5,0.0,0.0,0.0,0.0,1.0,0.0,2.0,1.0,0.5,0.5,-149.9,-149.9,-149.9,-149.9,1.0,0.0,2.0,1.0,0.5,0.5,0.0,0.0,0.0,0.0,1.0,0.0,2.0,1.0,0.5,0.5,-41.4,-41.4,-41.4,-41.4,1.0,0.0,2.0,1.0,0.5,0.5,0.0,0.0,0.0,0.0,1.0,0.0,2.0,1.0,0.5,0.5,804.5,804.5,804.5,804.5,1.0,0.0,2.0,1.0,0.5,0.5,805.0,805.0,805.0,805.0,1.0,0.0,2.0,1.0,0.5,0.5
1974,2,206.0,-3.0,25.26,25.4,25.54,25.4,2.0,0.28,10.0,0.0,0.9,0.5,24.92,24.95,24.98,24.95,2.0,0.07,10.0,0.0,0.9,0.5,15.64,16.04,16.44,16.04,2.0,0.84,10.0,0.0,0.9,0.5,79.3,81.2,83.1,81.2,2.0,3.9,10.0,0.0,0.5,7.36,7.7,8.79,8.07,3.0,1.1,10.0,0.0,0.8,0.5,-8.76,-7.58,-7.32,-8.03,3.0,1.12,10.0,0.0,0.8,0.5,-0.91,0.0,0.0,-0.45,3.0,0.77,10.0,0.0,0.8,0.5,1008.9,1009.1,1010.4,1009.63,3.0,1.19,10.0,0.0,0.8,0.5,1.6,3.0,5.7,3.7,3.0,3.1,10.0,0.0,0.8,0.5,-77.6,-58.4,-53.9,-65.6,3.0,18.4,10.0,0.0,0.8,0.5,-7.0,0.0,0.0,-3.4,3.0,5.9,10.0,0.0,0.8,0.5,0.35,0.45,0.55,0.45,2.0,0.21,10.0,0.0,0.9,0.5,2.8,3.9,5.1,3.9,2.0,2.3,10.0,0.0,0.9,0.5,4.06,4.3,4.54,4.3,2.0,0.5,10.0,0.0,0.9,0.5,36.0,36.3,36.6,36.3,2.0,0.7,10.0,0.0,0.9,0.5,-225.6,-210.7,-195.7,-210.7,2.0,30.9,10.0,0.0,0.9,0.5,-28.0,-16.6,-5.3,-16.6,2.0,23.5,10.0,0.0,0.9,0.5,-148.7,-135.9,-123.1,-135.9,2.0,26.6,10.0,0.0,0.9,0.5,-17.4,-10.3,-3.3,-10.3,2.0,14.6,10.0,0.0,0.9,0.5,-36.5,-36.0,-35.5,-36.0,2.0,1.0,10.0,0.0,0.9,0.5,-5.2,-3.1,-1.0,-3.1,2.0,4.4,10.0,0.0,0.9,0.5,399.5,456.5,694.0,544.5,3.0,228.5,10.0,0.0,0.8,0.5,400.0,455.0,695.0,545.0,3.0,230.0,10.0,0.0,0.8,0.5
1974,2,206.0,-2.0,25.2,25.2,25.2,25.2,1.0,0.0,10.0,1.0,0.6,0.8,25.4,25.4,25.4,25.4,1.0,0.0,10.0,1.0,0.6,0.8,15.48,15.48,15.48,15.48,1.0,0.0,10.0,1.0,0.6,0.8,76.2,76.2,76.2,76.2,1.0,0.0,10.0,1.0,0.8,7.7,7.7,7.7,7.7,1.0,0.0,10.0,1.0,0.6,0.8,-7.58,-7.58,-7.58,-7.58,1.0,0.0,10.0,1.0,0.6,0.8,-1.34,-1.34,-1.34,-1.34,1.0,0.0,10.0,1.0,0.6,0.8,1006.8,1006.8,1006.8,1006.8,1.0,0.0,10.0,1.0,0.6,0.8,4.0,4.0,4.0,4.0,1.0,0.0,10.0,1.0,0.6,0.8,-58.4,-58.4,-58.4,-58.4,1.0,0.0,10.0,1.0,0.6,0.8,-10.3,-10.3,-10.3,-10.3,1.0,0.0,10.0,1.0,0.6,0.8,-0.2,-0.2,-0.2,-0.2,1.0,0.0,10.0,1.0,0.6,0.8,-1.5,-1.5,-1.5,-1.5,1.0,0.0,10.0,1.0,0.6,0.8,4.66,4.66,4.66,4.66,1.0,0.0,10.0,1.0,0.6,0.8,35.9,35.9,35.9,35.9,1.0,0.0,10.0,1.0,0.6,0.8,-192.6,-192.6,-192.6,-192.6,1.0,0.0,10.0,1.0,0.6,0.8,-34.0,-34.0,-34.0,-34.0,1.0,0.0,10.0,1.0,0.6,0.8,-117.4,-117.4,-117.4,-117.4,1.0,0.0,10.0,1.0,0.6,0.8,-20.7,-20.7,-20.7,-20.7,1.0,0.0,10.0,1.0,0.6,0.8,-35.4,-35.4,-35.4,-35.4,1.0,0.0,10.0,1.0,0.6,0.8,-6.2,-6.2,-6.2,-6.2,1.0,0.0,10.0,1.0,0.6,0.8,456.5,456.5,456.5,456.5,1.0,0.0,10.0,1.0,0.6,0.8,455.0,455.0,455.0,455.0,1.0,0.0,10.0,1.0,0.6,0.8
1974,2,206.0,-1.0,24.4,24.4,24.4,24.4,1.0,0.0,8.0,0.0,0.4,0.7,25.0,25.0,25.0,25.0,1.0,0.0,8.0,0.0,0.4,0.7,17.28,17.28,17.28,17.28,1.0,0.0,8.0,0.0,0.4,0.7,87.1,87.1,87.1,87.1,1.0,0.0,8.0,0.0,0.7,9.3,9.3,9.3,9.3,1.0,0.0,8.0,0.0,0.4,0.7,-9.3,-9.3,-9.3,-9.3,1.0,0.0,8.0,0.0,0.4,0.7,0.0,0.0,0.0,0.0,1.0,0.0,8.0,0.0,0.4,0.7,1008.1,1008.1,1008.1,1008.1,1.0,0.0,8.0,0.0,0.4,0.7,5.0,5.0,5.0,5.0,1.0,0.0,8.0,0.0,0.4,0.7,-86.5,-86.5,-86.5,-86.5,1.0,0.0,8.0,0.0,0.4,0.7,0.0,0.0,0.0,0.0,1.0,0.0,8.0,0.0,0.4,0.7,-0.6,-0.6,-0.6,-0.6,1.0,0.0,8.0,0.0,0.4,0.7,-5.6,-5.6,-5.6,-5.6,1.0,0.0,8.0,0.0,0.4,0.7,1.89,1.89,1.89,1.89,1.0,0.0,8.0,0.0,0.4,0.7,17.6,17.6,17.6,17.6,1.0,0.0,8.0,0.0,0.4,0.7,-232.5,-232.5,-232.5,-232.5,1.0,0.0,8.0,0.0,0.4,0.7,0.0,0.0,0.0,0.0,1.0,0.0,8.0,0.0,0.4,0.7,-160.7,-160.7,-160.7,-160.7,1.0,0.0,8.0,0.0,0.4,0.7,0.0,0.0,0.0,0.0,1.0,0.0,8.0,0.0,0.4,0.7,-17.6,-17.6,-17.6,-17.6,1.0,0.0,8.0,0.0,0.4,0.7,0.0,0.0,0.0,0.0,1.0,0.0,8.0,0.0,0.4,0.7,804.5,804.5,804.5,804.5,1.0,0.0,8.0,0.0,0.4,0.7,805.0,805.0,805.0,805.0,1.0,0.0,8.0,0.0,0.4,0.7
1974,2,206.0,0.0,24.2,24.2,24.2,24.2,1.0,0.0,10.0,1.0,0.2,0.4,24.6,24.6,24.6,24.6,1.0,0.0,10.0,1.0,0.2,0.4,16.54,16.54,16.54,16.54,1.0,0.0,10.0,1.0,0.2,0.4,85.5,85.5,85.5,85.5,1.0,0.0,10.0,1.0,0.4,7.7,7.7,7.7,7.7,1.0,0.0,10.0,1.0,0.2,0.4,-7.58,-7.58,-7.58,-7.58,1.0,0.0,10.0,1.0,0.2,0.4,-1.34,-1.34,-1.34,-1.34,1.0,0.0,10.0,1.0,0.2,0.4,1008.4,1008.4,1008.4,1008.4,1.0,0.0,10.0,1.0,0.2,0.4,3.0,3.0,3.0,3.0,1.0,0.0,10.0,1.0,0.2,0.4,-58.4,-58.4,-58.4,-58.4,1.0,0.0,10.0,1.0,0.2,0.4,-10.3,-10.3,-10.3,-10.3,1.0,0.0,10.0,1.0,0.2,0.4,-0.4,-0.4,-0.4,-0.4,1.0,0.0,10.0,1.0,0.2,0.4,-3.1,-3.1,-3.1,-3.1,1.0,0.0,10.0,1.0,0.2,0.4,2.38,2.38,2.38,2.38,1.0,0.0,10.0,1.0,0.2,0.4,18.4,18.4,18.4,18.4,1.0,0.0,10.0,1.0,0.2,0.4,-186.5,-186.5,-186.5,-186.5,1.0,0.0,10.0,1.0,0.2,0.4,-32.9,-32.9,-32.9,-32.9,1.0,0.0,10.0,1.0,0.2,0.4,-125.4,-125.4,-125.4,-125.4,1.0,0.0,10.0,1.0,0.2,0.4,-22.1,-22.1,-22.1,-22.1,1.0,0.0,10.0,1.0,0.2,0.4,-18.1,-18.1,-18.1,-18.1,1.0,0.0,10.0,1.0,0.2,0.4,-3.2,-3.2,-3.2,-3.2,1.0,0.0,10.0,1.0,0.2,0.4,456.5,456.5,456.5,456.5,1.0,0.0,10.0,1.0,0.2,0.4,455.0,455.0,455.0,455.0,1.0,0.0,10.0,1.0,0.2,0.4
1974,2,206.0,4.0,25.0,25.0,25.0,25.0,1.0,0.0,14.0,0.0,0.5,0.1,24.3,24.3,24.3,24.3,1.0,0.0,14.0,0.0,0.5,0.1,16.94,16.94,16.94,16.94,1.0,0.0,14.0,0.0,0.5,0.1,89.2,89.2,89.2,89.2,1.0,0.0,14.0,0.0,0.1,5.1,5.1,5.1,5.1,1.0,0.0,14.0,0.0,0.5,0.1,-5.02,-5.02,-5.02,-5.02,1.0,0.0,14.0,0.0,0.5,0.1,0.89,0.89,0.89,0.89,1.0,0.0,14.0,0.0,0.5,0.1,1009.2,1009.2,1009.2,1009.2,1.0,0.0,14.0,0.0,0.5,0.1,5.0,5.0,5.0,5.0,1.0,0.0,14.0,0.0,0.5,0.1,-25.6,-25.6,-25.6,-25.6,1.0,0.0,14.0,0.0,0.5,0.1,4.5,4.5,4.5,4.5,1.0,0.0,14.0,0.0,0.5,0.1,0.7,0.7,0.7,0.7,1.0,0.0,14.0,0.0,0.5,0.1,3.6,3.6,3.6,3.6,1.0,0.0,14.0,0.0,0.5,0.1,2.91,2.91,2.91,2.91,1.0,0.0,14.0,0.0,0.5,0.1,14.8,14.8,14.8,14.8,1.0,0.0,14.0,0.0,0.5,0.1,-122.0,-122.0,-122.0,-122.0,1.0,0.0,14.0,0.0,0.5,0.1,21.5,21.5,21.5,21.5,1.0,0.0,14.0,0.0,0.5,0.1,-85.1,-85.1,-85.1,-85.1,1.0,0.0,14.0,0.0,0.5,0.1,15.0,15.0,15.0,15.0,1.0,0.0,14.0,0.0,0.5,0.1,-14.6,-14.6,-14.6,-14.6,1.0,0.0,14.0,0.0,0.5,0.1,2.6,2.6,2.6,2.6,1.0,0.0,14.0,0.0,0.5,0.1,132.5,132.5,132.5,132.5,1.0,0.0,14.0,0.0,0.5,0.1,135.0,135.0,135.0,135.0,1.0,0.0,14.0,0.0,0.5,0.1
1974,2,206.0,6.0,25.0,25.0,25.0,25.0,1.0,0.0,16.0,0.0,0.8,0.0,24.7,24.7,24.7,24.7,1.0,0.0,16.0,0.0,0.8,0.0,18.63,18.63,18.63,18.63,1.0,0.0,16.0,0.0,0.8,0.0,95.9,95.9,95.9,95.9,1.0,0.0,16.0,0.0,0.0,7.7,7.7,7.7,7.7,1.0,0.0,16.0,0.0,0.8,0.0,-7.7,-7.7,-7.7,-7.7,1.0,0.0,16.0,0.0,0.8,0.0,0.0,0.0,0.0,0.0,1.0,0.0,16.0,0.0,0.8,0.0,1011.8,1011.8,1011.8,1011.8,1.0,0.0,16.0,0.0,0.8,0.0,8.0,8.0,8.0,8.0,1.0,0.0,16.0,0.0,0.8,0.0,-59.3,-59.3,-59.3,-59.3,1.0,0.0,16.0,0.0,0.8,0.0,0.0,0.0,0.0,0.0,1.0,0.0,16.0,0.0,0.8,0.0,0.3,0.3,0.3,0.3,1.0,0.0,16.0,0.0,0.8,0.0,2.3,2.3,2.3,2.3,1.0,0.0,16.0,0.0,0.8,0.0,1.16,1.16,1.16,1.16,1.0,0.0,16.0,0.0,0.8,0.0,9.0,9.0,9.0,9.0,1.0,0.0,16.0,0.0,0.8,0.0,-190.2,-190.2,-190.2,-190.2,1.0,0.0,16.0,0.0,0.8,0.0,0.0,0.0,0.0,0.0,1.0,0.0,16.0,0.0,0.8,0.0,-143.5,-143.5,-143.5,-143.5,1.0,0.0,16.0,0.0,0.8,0.0,0.0,0.0,0.0,0.0,1.0,0.0,16.0,0.0,0.8,0.0,-9.0,-9.0,-9.0,-9.0,1.0,0.0,16.0,0.0,0.8,0.0,0.0,0.0,0.0,0.0,1.0,0.0,16.0,0.0,0.8,0.0,456.5,456.5,456.5,456.5,1.0,0.0,16.0,0.0,0.8,0.0,455.0,455.0,455.0,455.0,1.0,0.0,16.0,0.0,0.8,0.0
1974,2,206.0,8.0,26.4,26.4,26.4,26.4,1.0,0.0,16.0,1.0,1.0,0.1,27.5,27.5,27.5,27.5,1.0,0.0,16.0,1.0,1.0,0.1,16.6,16.6,16.6,16.6,1.0,0.0,16.0,1.0,1.0,0.1,72.4,72.4,72.4,72.4,1.0,0.0,16.0,1.0,0.1,10.8,10.8,10.8,10.8,1.0,0.0,16.0,1.0,1.0,0.1,-8.27,-8.27,-8.27,-8.27,1.0,0.0,16.0,1.0,1.0,0.1,-6.94,-6.94,-6.94,-6.94,1.0,0.0,16.0,1.0,1.0,0.1,1010.8,1010.8,1010.8,1010.8,1.0,0.0,16.0,1.0,1.0,0.1,7.0,7.0,7.0,7.0,1.0,0.0,16.0,1.0,1.0,0.1,-89.4,-89.4,-89.4,-89.4,1.0,0.0,16.0,1.0,1.0,0.1,-75.0,-75.0,-75.0,-75.0,1.0,0.0,16.0,1.0,1.0,0.1,-1.1,-1.1,-1.1,-1.1,1.0,0.0,16.0,1.0,1.0,0.1,-11.9,-11.9,-11.9,-11.9,1.0,0.0,16.0,1.0,1.0,0.1,4.96,4.96,4.96,4.96,1.0,0.0,16.0,1.0,1.0,0.1,53.5,53.5,53.5,53.5,1.0,0.0,16.0,1.0,1.0,0.1,-227.5,-227.5,-227.5,-227.5,1.0,0.0,16.0,1.0,1.0,0.1,-190.9,-190.9,-190.9,-190.9,1.0,0.0,16.0,1.0,1.0,0.1,-137.4,-137.4,-137.4,-137.4,1.0,0.0,16.0,1.0,1.0,0.1,-115.3,-115.3,-115.3,-115.3,1.0,0.0,16.0,1.0,1.0,0.1,-41.0,-41.0,-41.0,-41.0,1.0,0.0,16.0,1.0,1.0,0.1,-34.4,-34.4,-34.4,-34.4,1.0,0.0,16.0,1.0,1.0,0.1,1259.5,1259.5,1259.5,1259.5,1.0,0.0,16.0,1.0,1.0,0.1,1260.0,1260.0,1260.0,1260.0,1.0,0.0,16.0,1.0,1.0,0.1
1974,2,206.0,10.0,26.7,26.7,26.7,26.7,1.0,0.0,22.0,1.0,0.9,0.6,27.2,27.2,27.2,27.2,1.0,0.0,22.0,1.0,0.9,0.6,17.87,17.87,17.87,17.87,1.0,0.0,22.0,1.0,0.9,0.6,79.3,79.3,79.3,79.3,1.0,0.0,22.0,1.0,0.6,8.2,8.2,8.2,8.2,1.0,0.0,22.0,1.0,0.9,0.6,-7.1,-7.1,-7.1,-7.1,1.0,0.0,22.0,1.0,0.9,0.6,-4.1,-4.1,-4.1,-4.1,1.0,0.0,22.0,1.0,0.9,0.6,1011.2,1011.2,1011.2,1011.2,1.0,0.0,22.0,1.0,0.9,0.6,1.0,1.0,1.0,1.0,1.0,0.0,22.0,1.0,0.9,0.6,-58.2,-58.2,-58.2,-58.2,1.0,0.0,22.0,1.0,0.9,0.6,-33.6,-33.6,-33.6,-33.6,1.0,0.0,22.0,1.0,0.9,0.6,-0.5,-0.5,-0.5,-0.5,1.0,0.0,22.0,1.0,0.9,0.6,-4.1,-4.1,-4.1,-4.1,1.0,0.0,22.0,1.0,0.9,0.6,4.08,4.08,4.08,4.08,1.0,0.0,22.0,1.0,0.9,0.6,33.4,33.4,33.4,33.4,1.0,0.0,22.0,1.0,0.9,0.6,-193.2,-193.2,-193.2,-193.2,1.0,0.0,22.0,1.0,0.9,0.6,-111.5,-111.5,-111.5,-111.5,1.0,0.0,22.0,1.0,0.9,0.6,-126.9,-126.9,-126.9,-126.9,1.0,0.0,22.0,1.0,0.9,0.6,-73.3,-73.3,-73.3,-73.3,1.0,0.0,22.0,1.0,0.9,0.6,-28.9,-28.9,-28.9,-28.9,1.0,0.0,22.0,1.0,0.9,0.6,-16.7,-16.7,-16.7,-16.7,1.0,0.0,22.0,1.0,0.9,0.6,551.5,551.5,551.5,551.5,1.0,0.0,22.0,1.0,0.9,0.6,550.0,550.0,550.0,550.0,1.0,0.0,22.0,1.0,0.9,0.6
1974,2,206.0,12.0,24.6,24.8,25.0,24.8,2.0,0.42,22.0,1.0,0.9,0.5,24.64,24.95,25.26,24.95,2.0,0.64,22.0,1.0,0.9,0.5,15.34,15.37,15.41,15.37,2.0,0.06,22.0,1.0,0.9,0.5,76.8,78.3,79.7,78.3,2.0,3.0,22.0,1.0,0.5,9.88,10.05,10.22,10.05,2.0,0.35,22.0,1.0,0.9,0.5,-10.22,-10.05,-9.88,-10.05,2.0,0.35,22.0,1.0,0.9,0.5,0.0,0.0,0.0,0.0,2.0,0.0,22.0,1.0,0.9,0.5,1011.54,1013.55,1015.56,1013.55,2.0,4.17,22.0,1.0,0.9,0.5,3.0,3.0,3.0,3.0,2.0,0.0,22.0,1.0,0.9,0.5,-104.5,-101.1,-97.6,-101.1,2.0,7.1,22.0,1.0,0.9,0.5,0.0,0.0,0.0,0.0,2.0,0.0,22.0,1.0,0.9,0.5,-0.25,-0.15,-0.05,-0.15,2.0,0.21,22.0,1.0,0.9,0.5,-2.6,-1.5,-0.5,-1.5,2.0,2.2,22.0,1.0,0.9,0.5,3.91,4.16,4.41,4.16,2.0,0.52,22.0,1.0,0.9,0.5,38.6,41.9,45.1,41.9,2.0,6.7,22.0,1.0,0.9,0.5,-258.2,-250.9,-243.5,-250.9,2.0,15.2,22.0,1.0,0.9,0.5,0.0,0.0,0.0,0.0,2.0,0.0,22.0,1.0,0.9,0.5,-157.5,-154.5,-151.6,-154.5,2.0,6.1,22.0,1.0,0.9,0.5,0.0,0.0,0.0,0.0,2.0,0.0,22.0,1.0,0.9,0.5,-45.1,-41.9,-38.6,-41.9,2.0,6.7,22.0,1.0,0.9,0.5,0.0,0.0,0.0,0.0,2.0,0.0,22.0,1.0,0.9,0.5,965.0,1017.0,1068.5,1017.0,2.0,107.0,22.0,1.0,0.9,0.5,965.0,1015.0,1070.0,1015.0,2.0,105.0,22.0,1.0,0.9,0.5
1974,2,206.0,13.0,25.6,25.6,25.6,25.6,2.0,0.0,22.0,1.0,0.6,0.4,24.6,24.6,25.83,25.2,3.0,1.04,22.0,1.0,0.6,0.3,14.51,15.49,16.09,15.31,3.0,1.17,22.0,1.0,0.6,0.3,70.2,80.4,83.5,76.9,3.0,10.2,22.0,1.0,0.3,6.7,6.7,9.16,7.9,3.0,2.08,22.0,1.0,0.6,0.3,-9.05,-6.7,-6.7,-7.85,3.0,1.99,22.0,1.0,0.6,0.3,-1.22,0.0,0.0,-0.6,3.0,1.03,22.0,1.0,0.6,0.3,1010.32,1012.5,1012.5,1011.43,3.0,1.85,22.0,1.0,0.6,0.3,2.0,2.0,2.0,2.0,3.0,0.0,22.0,1.0,0.6,0.3,-85.6,-44.9,-44.9,-64.8,3.0,34.4,22.0,1.0,0.6,0.3,-12.6,0.0,0.0,-6.1,3.0,10.6,22.0,1.0,0.6,0.3,1.0,1.0,1.0,1.0,2.0,0.0,22.0,1.0,0.6,0.4,6.7,6.7,6.7,6.7,2.0,0.0,22.0,1.0,0.6,0.4,4.28,4.58,4.89,4.58,2.0,0.63,22.0,1.0,0.6,0.4,28.7,30.7,32.7,30.7,2.0,4.2,22.0,1.0,0.6,0.4,-235.1,-164.8,-164.8,-199.1,3.0,59.4,22.0,1.0,0.6,0.3,-32.2,0.0,0.0,-15.7,3.0,27.3,22.0,1.0,0.6,0.3,-132.2,-109.7,-105.6,-118.7,3.0,20.9,22.0,1.0,0.6,0.3,-17.2,0.0,0.0,-8.4,3.0,14.5,22.0,1.0,0.6,0.3,-32.7,-30.7,-28.7,-30.7,2.0,4.2,22.0,1.0,0.6,0.4,0.0,0.0,0.0,0.0,2.0,0.0,22.0,1.0,0.6,0.4,301.0,301.0,841.5,565.0,3.0,457.0,22.0,1.0,0.6,0.3,300.0,300.0,840.0,565.0,3.0,455.0,22.0,1.0,0.6,0.3
1974,2,206.0,14.0,25.5,25.5,25.5,25.5,1.0,0.0,2.0,0.0,0.5,0.2,24.51,25.6,26.69,25.6,2.0,2.26,10.0,0.0,0.5,0.4,16.36,16.36,16.36,16.36,1.0,0.0,2.0,0.0,0.5,0.2,88.0,88.0,88.0,88.0,1.0,0.0,2.0,0.0,0.2,7.53,8.25,8.97,8.25,2.0,1.48,10.0,0.0,0.5,0.4,-8.97,-8.25,-7.53,-8.25,2.0,1.48,10.0,0.0,0.5,0.4,0.0,0.0,0.0,0.0,2.0,0.0,10.0,0.0,0.5,0.4,1009.97,1011.4,1012.83,1011.4,2.0,2.97,10.0,0.0,0.5,0.4,3.3,4.0,4.7,4.0,2.0,1.4,10.0,0.0,0.5,0.4,-81.0,-69.2,-57.3,-69.2,2.0,24.5,10.0,0.0,0.5,0.4,0.0,0.0,0.0,0.0,2.0,0.0,10.0,0.0,0.5,0.4,1.5,1.5,1.5,1.5,1.0,0.0,2.0,0.0,0.5,0.2,14.0,14.0,14.0,14.0,1.0,0.0,2.0,0.0,0.5,0.2,4.01,4.01,4.01,4.01,1.0,0.0,2.0,0.0,0.5,0.2,37.3,37.3,37.3,37.3,1.0,0.0,2.0,0.0,0.5,0.2,-218.9,-209.5,-200.2,-209.5,2.0,19.3,10.0,0.0,0.5,0.4,0.0,0.0,0.0,0.0,2.0,0.0,10.0,0.0,0.5,0.4,-152.1,-152.1,-152.1,-152.1,1.0,0.0,2.0,0.0,0.5,0.2,0.0,0.0,0.0,0.0,1.0,0.0,2.0,0.0,0.5,0.2,-37.3,-37.3,-37.3,-37.3,1.0,0.0,2.0,0.0,0.5,0.2,0.0,0.0,0.0,0.0,1.0,0.0,2.0,0.0,0.5,0.2,441.5,589.0,736.0,589.0,2.0,305.0,10.0,0.0,0.5,0.4,440.0,590.0,735.0,590.0,2.0,305.0,10.0,0.0,0.5,0.4
1974,2,206.0,16.0,22.2,22.2,22.2,22.2,1.0,0.0,28.0,1.0,1.0,0.5,22.7,22.7,22.7,22.7,1.0,0.0,28.0,1.0,1.0,0.5,14.26,14.26,14.26,14.26,1.0,0.0,28.0,1.0,1.0,0.5,83.2,83.2,83.2,83.2,1.0,0.0,28.0,1.0,0.5,10.3,10.3,10.3,10.3,1.0,0.0,28.0,1.0,1.0,0.5,-7.89,-7.89,-7.89,-7.89,1.0,0.0,28.0,1.0,1.0,0.5,-6.62,-6.62,-6.62,-6.62,1.0,0.0,28.0,1.0,1.0,0.5,1013.9,1013.9,1013.9,1013.9,1.0,0.0,28.0,1.0,1.0,0.5,7.0,7.0,7.0,7.0,1.0,0.0,28.0,1.0,1.0,0.5,-81.3,-81.3,-81.3,-81.3,1.0,0.0,28.0,1.0,1.0,0.5,-68.2,-68.2,-68.2,-68.2,1.0,0.0,28.0,1.0,1.0,0.5,-0.5,-0.5,-0.5,-0.5,1.0,0.0,28.0,1.0,1.0,0.5,-5.1,-5.1,-5.1,-5.1,1.0,0.0,28.0,1.0,1.0,0.5,2.4,2.4,2.4,2.4,1.0,0.0,28.0,1.0,1.0,0.5,24.7,24.7,24.7,24.7,1.0,0.0,28.0,1.0,1.0,0.5,-179.1,-179.1,-179.1,-179.1,1.0,0.0,28.0,1.0,1.0,0.5,-150.3,-150.3,-150.3,-150.3,1.0,0.0,28.0,1.0,1.0,0.5,-112.5,-112.5,-112.5,-112.5,1.0,0.0,28.0,1.0,1.0,0.5,-94.4,-94.4,-94.4,-94.4,1.0,0.0,28.0,1.0,1.0,0.5,-18.9,-18.9,-18.9,-18.9,1.0,0.0,28.0,1.0,1.0,0.5,-15.9,-15.9,-15.9,-15.9,1.0,0.0,28.0,1.0,1.0,0.5,1092.5,1092.5,1092.5,1092.5,1.0,0.0,28.0,1.0,1.0,0.5,1095.0,1095.0,1095.0,1095.0,1.0,0.0,28.0,1.0,1.0,0.5
1974,2,206.0,17.0,24.02,24.05,24.08,24.05,2.0,0.07,22.0,0.5,0.6,0.5,22.36,24.0,26.32,24.33,3.0,2.91,16.0,0.3,0.6,0.5,13.63,13.63,13.63,13.63,1.0,0.0,24.0,1.0,0.8,0.1,74.1,75.3,76.4,75.3,2.0,2.3,14.0,0.5,0.4,5.75,9.3,9.64,7.73,3.0,3.16,16.0,0.3,0.6,0.5,-9.06,-8.74,-0.35,-4.8,3.0,7.23,16.0,0.3,0.6,0.5,-3.3,-3.18,0.39,-1.49,3.0,3.07,16.0,0.3,0.6,0.5,1015.44,1016.4,1017.36,1016.4,2.0,1.98,22.0,0.5,0.6,0.5,1.6,3.0,3.0,2.3,3.0,1.2,16.0,0.3,0.6,0.5,-87.4,-81.3,-15.9,-52.3,3.0,58.1,16.0,0.3,0.6,0.5,-31.8,-29.6,-3.7,-18.0,3.0,22.9,16.0,0.3,0.6,0.5,0.47,1.25,2.03,1.25,2.0,1.63,22.0,0.5,0.6,0.5,4.5,12.2,19.9,12.2,2.0,16.0,22.0,0.5,0.6,0.5,5.06,5.06,5.06,5.06,1.0,0.0,24.0,1.0,0.8,0.1,47.0,47.0,47.0,47.0,1.0,0.0,24.0,1.0,0.8,0.1,-206.3,-198.9,3.3,-103.8,3.0,174.2,16.0,0.3,0.6,0.5,-75.1,-72.4,15.4,-30.9,3.0,75.4,16.0,0.3,0.6,0.5,-119.1,-119.1,-119.1,-119.1,1.0,0.0,24.0,1.0,0.8,0.1,-43.4,-43.4,-43.4,-43.4,1.0,0.0,24.0,1.0,0.8,0.1,-44.2,-44.2,-44.2,-44.2,1.0,0.0,24.0,1.0,0.8,0.1,-16.1,-16.1,-16.1,-16.1,1.0,0.0,24.0,1.0,0.8,0.1,302.5,804.5,898.0,605.0,3.0,469.0,16.0,0.3,0.6,0.5,300.0,805.0,900.0,605.0,3.0,470.0,16.0,0.3,0.6,0.5
1974,2,206.0,18.0,23.4,24.15,25.0,24.13,6.0,0.8,14.0,0.7,0.8,0.5,21.95,23.0,23.55,22.93,7.0,1.13,14.0,0.7,0.8,0.5,13.4,14.42,15.35,14.3,6.0,1.17,12.0,0.8,0.7,0.5,75.5,81.7,87.5,82.8,6.0,9.5,12.0,0.8,0.5,6.15,7.7,9.82,7.93,7.0,1.86,14.0,0.7,0.8,0.5,-8.75,-7.7,-6.14,-7.54,7.0,1.53,14.0,0.7,0.8,0.5,-1.94,-0.89,0.0,-1.51,7.0,2.36,14.0,0.7,0.8,0.5,1016.0,1017.0,1018.84,1017.36,7.0,1.37,14.0,0.7,0.8,0.5,1.0,4.0,5.0,3.3,7.0,2.3,14.0,0.7,0.8,0.5,-81.9,-59.3,-37.8,-61.9,7.0,24.2,14.0,0.7,0.8,0.5,-19.1,-4.5,0.0,-14.2,7.0,24.6,14.0,0.7,0.8,0.5,-0.21,1.75,2.44,1.3,6.0,1.51,14.0,0.7,0.8,0.5,-1.8,10.5,21.1,9.3,6.0,12.1,14.0,0.7,0.8,0.5,2.95,4.56,5.93,4.54,5.0,1.77,14.0,0.8,0.7,0.5,23.7,26.9,44.5,35.0,5.0,21.2,14.0,0.8,0.7,0.5,-213.6,-178.2,-144.0,-173.2,7.0,38.5,14.0,0.7,0.8,0.5,-44.5,-19.5,0.0,-34.6,7.0,54.3,14.0,0.7,0.8,0.5,-121.8,-101.6,-88.5,-102.9,6.0,22.2,12.0,0.8,0.7,0.5,-31.7,-6.0,0.0,-18.9,6.0,32.4,12.0,0.8,0.7,0.5,-38.3,-26.5,-23.7,-31.6,5.0,13.7,14.0,0.8,0.7,0.5,-20.1,0.0,0.0,-10.3,5.0,20.5,14.0,0.8,0.7,0.5,233.5,456.5,948.5,568.0,7.0,352.5,14.0,0.7,0.8,0.5,235.0,455.0,950.0,570.0,7.0,355.0,14.0,0.7,0.8,0.5
1974,2,206.0,19.0,23.96,24.0,24.37,24.14,5.0,0.25,18.0,1.0,0.7,0.3,22.82,24.0,26.02,24.46,5.0,2.1,18.0,1.0,0.7,0.3,12.92,13.58,15.6,14.18,5.0,1.75,18.0,1.0,0.7,0.3,72.5,73.6,75.9,74.1,5.0,1.8,18.0,1.0,0.3,7.22,9.3,11.03,8.96,5.0,3.24,18.0,1.0,0.7,0.3,-10.96,-9.16,-6.86,-8.78,5.0,3.18,18.0,1.0,0.7,0.3,-2.52,-1.61,0.0,-1.39,5.0,1.39,18.0,1.0,0.7,0.3,1012.92,1015.4,1016.95,1014.92,5.0,3.13,18.0,1.0,0.7,0.3,3.0,4.0,5.7,4.4,5.0,1.7,18.0,1.0,0.7,0.3,-121.8,-85.2,-56.3,-86.9,5.0,49.3,18.0,1.0,0.7,0.3,-27.5,-15.0,0.0,-14.2,5.0,14.0,18.0,1.0,0.7,0.3,-1.74,0.3,1.18,-0.32,5.0,2.14,18.0,1.0,0.7,0.3,-15.8,3.7,11.0,-3.0,5.0,21.6,18.0,1.0,0.7,0.3,3.3,5.27,5.68,4.56,5.0,1.8,18.0,1.0,0.7,0.3,16.2,49.1,61.2,41.0,5.0,23.5,18.0,1.0,0.7,0.3,-287.9,-210.7,-157.7,-214.9,5.0,81.9,18.0,1.0,0.7,0.3,-58.7,-37.1,0.0,-32.0,5.0,31.7,18.0,1.0,0.7,0.3,-167.8,-121.6,-87.8,-124.2,5.0,48.3,18.0,1.0,0.7,0.3,-32.7,-21.4,0.0,-17.9,5.0,17.5,18.0,1.0,0.7,0.3,-58.6,-48.3,-16.2,-40.0,5.0,22.5,18.0,1.0,0.7,0.3,-14.5,-8.5,0.0,-8.0,5.0,8.5,18.0,1.0,0.7,0.3,527.5,804.5,1373.5,922.0,5.0,653.0,18.0,1.0,0.7,0.3,530.0,805.0,1375.0,920.0,5.0,655.0,18.0,1.0,0.7,0.3
1974,2,206.0,20.0,23.12,24.5,25.22,24.24,5.0,1.17,12.0,0.8,0.6,0.6,22.71,23.3,24.84,23.7,5.0,1.32,12.0,0.8,0.6,0.6,12.96,13.61,15.47,14.0,5.0,1.52,12.0,0.8,0.6,0.6,70.9,77.3,84.4,77.2,5.0,9.6,12.0,0.8,0.6,5.03,7.7,10.11,7.58,4.0,3.96,12.0,1.0,0.6,0.7,-9.72,-7.7,-4.35,-7.06,4.0,4.25,12.0,1.0,0.6,0.7,-3.28,-1.13,0.0,-1.61,4.0,2.03,12.0,1.0,0.6,0.7,1013.83,1015.9,1019.01,1016.66,5.0,3.86,12.0,0.8,0.6,0.6,2.0,3.0,3.4,2.8,5.0,0.8,12.0,0.8,0.6,0.6,-102.7,-59.3,-30.0,-66.0,4.0,57.2,12.0,1.0,0.6,0.7,-29.9,-2.9,0.0,-14.4,4.0,25.0,12.0,1.0,0.6,0.7,-0.07,0.6,1.14,0.54,5.0,0.63,12.0,0.8,0.6,0.6,3.5,7.9,8.9,6.3,4.0,4.3,12.0,1.0,0.6,0.7,3.31,5.02,6.29,4.85,5.0,2.19,12.0,0.8,0.6,0.6,22.1,36.8,70.5,45.9,4.0,36.0,12.0,1.0,0.6,0.7,-233.2,-175.2,-98.8,-166.4,4.0,102.1,12.0,1.0,0.6,0.7,-81.2,-28.8,0.0,-40.1,4.0,49.8,12.0,1.0,0.6,0.7,-121.6,-104.8,-60.4,-91.6,4.0,50.0,12.0,1.0,0.6,0.7,-42.7,-17.4,0.0,-21.2,4.0,25.2,12.0,1.0,0.6,0.7,-67.4,-36.8,-18.7,-42.8,4.0,35.4,12.0,1.0,0.6,0.7,-22.7,-5.7,0.0,-11.1,4.0,15.6,12.0,1.0,0.6,0.7,226.5,456.5,1192.5,698.0,4.0,802.5,12.0,1.0,0.6,0.7,225.0,455.0,1190.0,700.0,4.0,800.0,12.0,1.0,0.6,0.7
1974,2,206.0,21.0,23.02,24.4,25.0,24.19,14.0,1.11,14.0,0.5,0.7,0.4,20.71,22.8,23.49,22.44,14.0,1.31,14.0,0.5,0.7,0.4,12.24,13.2,13.8,12.91,13.0,1.13,14.0,0.5,0.7,0.4,72.6,74.3,81.7,76.1,13.0,7.1,14.0,0.5,0.4,5.17,8.75,10.3,8.2,14.0,2.94,14.0,0.5,0.7,0.4,-10.26,-7.47,-3.42,-7.37,14.0,3.24,14.0,0.5,0.7,0.4,-2.59,0.0,4.36,0.87,14.0,3.35,14.0,0.5,0.7,0.4,1015.92,1019.4,1020.69,1018.46,14.0,3.2,14.0,0.5,0.7,0.4,2.1,4.0,7.0,4.5,14.0,2.3,14.0,0.5,0.7,0.4,-105.7,-65.7,-13.7,-68.7,14.0,45.8,14.0,0.5,0.7,0.4,-20.3,0.0,29.0,6.0,14.0,30.0,14.0,0.5,0.7,0.4,0.53,2.05,2.98,1.76,14.0,1.46,14.0,0.5,0.7,0.4,6.5,14.5,22.5,14.1,14.0,11.8,14.0,0.5,0.7,0.4,5.05,5.75,7.64,5.95,13.0,1.79,14.0,0.5,0.7,0.4,27.3,53.4,71.7,49.4,13.0,22.6,14.0,0.5,0.7,0.4,-236.6,-174.7,-79.9,-165.9,14.0,74.2,14.0,0.5,0.7,0.4,-61.9,0.0,90.5,18.3,14.0,72.3,14.0,0.5,0.7,0.4,-131.7,-95.6,-48.0,-91.5,13.0,41.1,14.0,0.5,0.7,0.4,-30.1,0.0,59.4,13.4,13.0,41.1,14.0,0.5,0.7,0.4,-66.4,-50.2,-14.3,-43.7,13.0,22.2,14.0,0.5,0.7,0.4,-16.2,0.0,25.1,6.1,13.0,23.6,14.0,0.5,0.7,0.4,139.5,678.0,1092.5,738.0,14.0,587.5,14.0,0.5,0.7,0.4,140.0,680.0,1095.0,740.0,14.0,585.0,14.0,0.5,0.7,0.4
1974,2,206.0,22.0,22.98,23.5,24.55,23.69,13.0,1.06,16.0,0.5,0.5,0.4,21.73,23.0,25.87,23.33,14.0,1.81,18.0,0.6,0.5,0.4,11.86,12.73,14.47,13.04,13.0,1.8,16.0,0.5,0.5,0.4,68.3,77.1,82.3,74.6,13.0,8.7,16.0,0.5,0.4,3.19,7.95,9.3,7.31,14.0,2.78,18.0,0.6,0.5,0.4,-9.26,-7.64,-2.95,-6.41,14.0,3.47,18.0,0.6,0.5,0.4,-1.71,0.0,3.11,-0.01,14.0,3.02,18.0,0.6,0.5,0.4,1018.83,1020.0,1021.01,1019.48,13.0,1.84,16.0,0.5,0.5,0.4,1.1,2.0,4.9,2.6,14.0,1.6,18.0,0.6,0.5,0.4,-86.2,-58.8,-9.3,-55.2,14.0,36.4,18.0,0.6,0.5,0.4,-17.4,0.0,15.8,-2.2,14.0,25.2,18.0,0.6,0.5,0.4,-1.22,1.0,2.37,0.57,13.0,2.18,16.0,0.5,0.5,0.4,-9.9,3.3,21.6,3.3,13.0,19.9,16.0,0.5,0.5,0.4,3.06,5.13,6.58,5.14,13.0,2.48,16.0,0.5,0.5,0.4,13.2,39.5,63.1,37.0,13.0,25.6,16.0,0.5,0.5,0.4,-228.0,-173.1,-66.4,-151.0,14.0,85.6,18.0,0.6,0.5,0.4,-45.3,0.0,80.4,1.9,14.0,69.2,18.0,0.6,0.5,0.4,-120.8,-94.3,-35.3,-81.1,13.0,49.9,16.0,0.5,0.5,0.4,-24.5,0.0,31.0,0.5,13.0,37.4,16.0,0.5,0.5,0.4,-53.2,-39.5,-7.7,-31.6,13.0,22.7,16.0,0.5,0.5,0.4,-14.1,0.0,7.7,-7.0,13.0,22.2,16.0,0.5,0.5,0.4,34.0,504.0,804.5,535.5,14.0,382.5,18.0,0.6,0.5,0.4,35.0,505.0,805.0,535.0,14.0,385.0,18.0,0.6,0.5,0.4
1974,2,206.0,23.0,22.78,23.85,25.0,23.67,26.0,1.2,12.0,0.7,0.6,0.4,21.2,22.2,24.53,22.7,26.0,1.85,12.0,0.7,0.6,0.4,11.27,13.15,14.74,13.14,25.0,1.7,12.0,0.7,0.6,0.4,68.3,77.1,87.8,76.8,25.0,9.3,12.0,0.7,0.4,3.1,7.2,10.38,7.13,26.0,3.75,12.0,0.7,0.6,0.4,-9.76,-5.56,-2.91,-6.29,26.0,3.74,12.0,0.7,0.6,0.4,-3.55,1.06,4.37,0.53,26.0,3.39,12.0,0.7,0.6,0.4,1016.29,1019.25,1022.5,1019.18,26.0,3.27,12.0,0.7,0.6,0.4,2.0,3.0,6.0,3.7,26.0,2.2,12.0,0.7,0.6,0.4,-101.5,-45.0,-9.0,-57.9,26.0,56.3,12.0,0.7,0.6,0.4,-29.1,3.3,33.6,1.9,26.0,33.0,12.0,0.7,0.6,0.4,-1.1,1.15,2.62,0.97,26.0,1.87,12.0,0.7,0.6,0.4,-6.2,5.8,18.1,6.8,26.0,13.9,12.0,0.7,0.6,0.4,3.75,5.12,6.12,4.98,25.0,1.76,12.0,0.7,0.6,0.4,15.2,32.8,62.7,37.2,25.0,26.2,12.0,0.7,0.6,0.4,-209.9,-123.8,-64.7,-142.4,26.0,86.4,12.0,0.7,0.6,0.4,-75.0,24.7,99.4,13.4,26.0,74.0,12.0,0.7,0.6,0.4,-117.3,-72.5,-38.8,-81.2,25.0,48.6,12.0,0.7,0.6,0.4,-41.7,12.8,57.9,8.3,25.0,42.6,12.0,0.7,0.6,0.4,-59.9,-25.9,-15.1,-33.2,25.0,25.5,12.0,0.7,0.6,0.4,-18.3,4.6,21.8,1.9,25.0,18.1,12.0,0.7,0.6,0.4,30.0,378.5,1127.0,665.0,26.0,813.5,12.0,0.7,0.6,0.4,30.0,380.0,1125.0,665.0,26.0,815.0,12.0,0.7,0.6,0.4
1974,2,206.0,24.0,22.3,23.0,23.9,23.11,15.0,0.84,16.0,0.5,0.5,0.3,21.5,21.7,22.43,21.73,15.0,0.96,14.0,0.5,0.5,0.3,12.49,13.46,14.55,13.42,15.0,1.14,14.0,0.5,0.5,0.3,76.2,83.0,91.1,83.6,15.0,8.0,14.0,0.5,0.3,3.1,6.2,7.7,5.77,15.0,2.38,14.0,0.5,0.5,0.3,-7.02,-5.52,-2.94,-5.11,15.0,2.4,14.0,0.5,0.5,0.3,-2.23,0.0,2.49,0.07,15.0,2.74,14.0,0.5,0.5,0.3,1016.97,1020.0,1023.02,1019.83,15.0,2.78,14.0,0.5,0.5,0.3,1.0,4.5,7.0,4.3,14.0,2.9,14.0,0.4,0.5,0.3,-51.3,-36.1,-9.1,-34.5,15.0,25.7,14.0,0.5,0.5,0.3,-15.1,0.0,12.2,-0.8,15.0,20.6,14.0,0.5,0.5,0.3,0.25,1.4,2.67,1.44,14.0,1.03,14.0,0.5,0.5,0.3,1.5,6.3,16.6,8.5,14.0,8.8,14.0,0.5,0.5,0.3,2.97,3.73,5.39,4.2,14.0,1.46,14.0,0.5,0.5,0.3,13.9,23.3,25.7,23.8,14.0,14.0,14.0,0.5,0.5,0.3,-151.6,-124.1,-61.4,-110.6,15.0,51.2,14.0,0.5,0.5,0.3,-49.1,0.0,55.0,2.7,15.0,58.3,14.0,0.5,0.5,0.3,-102.9,-70.7,-35.2,-68.6,15.0,32.0,14.0,0.5,0.5,0.3,-28.7,0.0,33.7,0.9,15.0,37.7,14.0,0.5,0.5,0.3,-25.5,-18.9,-13.6,-21.2,14.0,15.2,14.0,0.5,0.5,0.3,-9.2,0.0,12.0,1.5,14.0,9.5,14.0,0.5,0.5,0.3,30.0,238.5,456.5,283.0,15.0,269.0,14.0,0.5,0.5,0.3,30.0,240.0,455.0,285.0,15.0,270.0,14.0,0.5,0.5,0.3
1974,2,206.0,25.0,21.01,21.35,23.16,22.03,8.0,1.28,12.0,0.6,0.4,0.4,19.85,22.2,22.77,21.57,9.0,1.74,16.0,0.7,0.4,0.4,11.83,13.05,13.59,12.78,8.0,1.5,14.0,0.6,0.4,0.4,73.3,77.2,89.6,80.1,8.0,8.6,14.0,0.6,0.4,5.07,7.45,10.3,7.15,10.0,3.41,16.0,0.7,0.4,0.4,-9.62,-4.02,-1.2,-5.16,10.0,4.1,16.0,0.7,0.4,0.4,-6.61,-0.89,3.6,-1.16,10.0,4.54,16.0,0.7,0.4,0.4,1017.97,1020.2,1027.62,1022.0,10.0,4.79,16.0,0.7,0.4,0.4,2.0,2.5,7.0,3.7,10.0,2.6,16.0,0.7,0.4,0.4,-99.1,-23.9,-5.8,-46.7,10.0,48.0,16.0,0.7,0.4,0.4,-56.6,-9.2,18.9,-14.7,10.0,34.1,16.0,0.7,0.4,0.4,-1.61,1.2,2.1,0.54,7.0,1.64,12.0,0.6,0.3,0.4,-9.7,6.8,15.9,3.5,7.0,14.2,12.0,0.6,0.3,0.4,1.8,3.85,4.98,3.65,7.0,1.44,12.0,0.6,0.3,0.4,20.2,22.8,40.0,26.9,7.0,12.1,12.0,0.6,0.3,0.4,-172.7,-86.5,-14.4,-99.7,9.0,86.8,16.0,0.7,0.4,0.4,-134.7,0.0,78.0,-19.0,9.0,100.6,16.0,0.7,0.4,0.4,-105.9,-54.4,-28.9,-67.6,8.0,51.0,14.0,0.6,0.4,0.4,-56.9,9.4,48.9,1.0,8.0,51.5,14.0,0.6,0.4,0.4,-28.2,-15.6,-13.0,-19.2,7.0,9.2,12.0,0.6,0.3,0.4,-20.9,4.9,15.9,-3.1,7.0,21.6,12.0,0.6,0.3,0.4,135.0,415.0,1092.5,567.5,10.0,537.0,16.0,0.7,0.4,0.4,135.0,415.0,1095.0,570.0,10.0,535.0,16.0,0.7,0.4,0.4
1974,2,206.0,26.0,21.21,22.2,23.23,22.24,9.0,1.01,10.0,0.6,0.7,0.4,20.63,21.3,22.65,21.42,9.0,1.67,10.0,0.6,0.7,0.4,9.78,13.01,13.92,12.21,9.0,2.29,10.0,0.6,0.7,0.4,63.9,79.5,85.8,76.8,9.0,10.8,10.0,0.6,0.4,6.83,8.2,9.3,8.01,9.0,2.0,10.0,0.6,0.7,0.4,-8.59,-7.09,-2.91,-5.95,9.0,2.73,10.0,0.6,0.7,0.4,-5.27,-1.25,4.6,-0.5,9.0,5.35,10.0,0.6,0.7,0.4,1017.71,1021.0,1022.51,1018.76,9.0,7.15,10.0,0.6,0.7,0.4,2.5,5.0,6.0,4.6,9.0,1.7,10.0,0.6,0.7,0.4,-80.1,-51.1,-24.8,-50.6,9.0,28.7,10.0,0.6,0.7,0.4,-46.8,-9.0,42.8,-5.4,9.0,47.0,10.0,0.6,0.7,0.4,0.0,0.5,2.15,0.82,9.0,1.7,10.0,0.6,0.7,0.4,0.0,4.7,15.2,6.0,9.0,14.2,10.0,0.6,0.7,0.4,3.13,3.59,7.36,4.44,9.0,2.52,10.0,0.6,0.7,0.4,17.1,33.2,52.5,34.9,9.0,19.3,10.0,0.6,0.7,0.4,-180.4,-141.0,-65.4,-127.2,9.0,61.0,10.0,0.6,0.7,0.4,-108.5,-26.4,99.1,-6.9,9.0,115.8,10.0,0.6,0.7,0.4,-108.4,-60.6,-41.5,-71.0,9.0,34.8,10.0,0.6,0.7,0.4,-59.2,-17.5,58.1,-2.5,9.0,70.6,10.0,0.6,0.7,0.4,-45.2,-26.6,-10.5,-26.7,9.0,20.4,10.0,0.6,0.7,0.4,-28.0,-1.8,15.3,-4.8,9.0,22.4,10.0,0.6,0.7,0.4,320.5,551.5,804.5,592.0,9.0,320.0,10.0,0.6,0.7,0.4,320.0,550.0,805.0,590.0,9.0,320.0,10.0,0.6,0.7,0.4
1974,2,206.0,27.0,20.48,21.3,21.72,21.1,7.0,0.79,16.0,0.3,0.4,0.4,17.98,21.0,21.24,20.06,7.0,1.75,16.0,0.3,0.4,0.4,8.89,11.87,12.65,11.14,7.0,2.04,16.0,0.3,0.4,0.4,72.1,76.5,82.0,76.2,7.0,6.5,16.0,0.3,0.4,3.05,4.6,7.75,5.36,7.0,2.63,16.0,0.3,0.4,0.4,-4.14,-1.05,0.0,-2.01,7.0,2.72,16.0,0.3,0.4,0.4,-7.75,1.82,3.1,-1.24,7.0,5.15,16.0,0.3,0.4,0.4,1017.76,1018.7,1020.48,1019.74,7.0,2.98,16.0,0.3,0.4,0.4,1.0,2.0,7.0,3.7,7.0,3.2,16.0,0.3,0.4,0.4,-20.1,-2.2,0.0,-11.8,7.0,20.4,16.0,0.3,0.4,0.4,-60.1,3.8,10.6,-17.1,7.0,36.4,16.0,0.3,0.4,0.4,0.07,0.5,2.52,1.04,7.0,1.28,16.0,0.3,0.4,0.4,0.4,3.7,19.6,7.7,7.0,10.5,16.0,0.3,0.4,0.4,3.51,3.99,6.02,4.34,7.0,1.51,16.0,0.3,0.4,0.4,12.0,17.4,51.8,26.1,7.0,19.4,16.0,0.3,0.4,0.4,-87.2,-23.1,0.0,-41.0,7.0,53.7,16.0,0.3,0.4,0.4,-139.3,40.0,65.1,-17.5,7.0,96.2,16.0,0.3,0.4,0.4,-48.6,-14.3,0.0,-22.7,7.0,28.6,16.0,0.3,0.4,0.4,-63.8,24.7,39.1,-5.4,7.0,49.9,16.0,0.3,0.4,0.4,-15.8,-2.4,0.0,-7.6,7.0,11.0,16.0,0.3,0.4,0.4,-51.8,4.2,11.2,-11.2,7.0,28.9,16.0,0.3,0.4,0.4,29.0,97.5,466.0,250.5,7.0,265.5,16.0,0.3,0.4,0.4,30.0,95.0,465.0,250.0,7.0,265.0,16.0,0.3,0.4,0.4
1974,2,206.0,28.0,20.0,20.75,21.69,20.95,8.0,1.23,18.0,0.6,0.5,0.3,19.47,20.25,21.4,20.18,8.0,1.52,18.0,0.6,0.5,0.3,12.43,12.66,12.98,12.69,6.0,0.3,18.0,0.5,0.5,0.3,78.4,82.9,90.1,84.5,7.0,6.3,18.0,0.6,0.3,3.71,5.1,7.86,5.89,8.0,3.0,18.0,0.6,0.5,0.3,-7.82,-4.37,-3.44,-4.81,8.0,2.91,18.0,0.6,0.5,0.3,0.14,1.66,3.04,1.85,8.0,3.14,18.0,0.6,0.5,0.3,1017.78,1020.95,1022.86,1020.49,8.0,2.72,18.0,0.6,0.4,0.3,2.3,6.0,7.5,4.9,9.0,2.7,18.0,0.7,0.5,0.3,-62.5,-21.2,-13.0,-35.3,8.0,37.9,18.0,0.6,0.5,0.3,0.5,8.1,12.6,15.5,8.0,34.3,18.0,0.6,0.5,0.3,-0.54,0.0,1.91,0.46,7.0,1.3,18.0,0.6,0.5,0.3,-2.7,0.0,11.8,4.6,7.0,9.9,18.0,0.6,0.5,0.3,1.62,2.6,3.06,2.42,6.0,0.92,18.0,0.5,0.5,0.3,6.2,11.5,13.7,10.5,6.0,3.9,18.0,0.5,0.5,0.3,-100.9,-88.3,-68.9,-88.9,7.0,59.3,18.0,0.6,0.5,0.3,22.0,34.9,72.1,45.3,7.0,68.8,18.0,0.6,0.5,0.3,-57.4,-52.2,-33.8,-44.2,6.0,22.6,18.0,0.5,0.5,0.3,3.5,21.0,33.7,14.3,6.0,29.3,18.0,0.5,0.5,0.3,-11.4,-8.5,-3.9,-7.5,6.0,4.7,18.0,0.5,0.5,0.3,-0.6,3.1,7.7,2.8,6.0,7.0,18.0,0.5,0.5,0.3,52.5,132.5,505.0,373.0,8.0,623.5,18.0,0.6,0.5,0.3,50.0,135.0,505.0,375.0,8.0,625.0,18.0,0.6,0.5,0.3
1974,2,206.0,29.0,18.3,20.25,21.0,19.98,12.0,1.18,18.0,0.8,0.5,0.5,17.55,18.8,20.7,19.15,11.0,1.96,18.0,0.7,0.5,0.5,8.63,10.86,11.44,10.39,11.0,1.7,18.0,0.7,0.5,0.5,68.3,77.3,81.2,75.6,11.0,6.2,18.0,0.7,0.5,2.32,6.45,10.59,6.56,12.0,4.21,18.0,0.8,0.5,0.5,-9.2,-2.68,0.0,-4.15,12.0,4.75,18.0,0.8,0.5,0.5,-4.5,0.44,2.35,-0.77,12.0,4.76,18.0,0.8,0.5,0.5,1019.56,1022.5,1026.85,1022.59,12.0,3.83,18.0,0.8,0.5,0.5,1.0,5.0,8.0,4.5,12.0,2.9,18.0,0.8,0.5,0.5,-89.9,-7.7,0.0,-40.8,12.0,63.5,18.0,0.8,0.5,0.5,-59.2,0.5,9.1,-14.4,12.0,42.4,18.0,0.8,0.5,0.5,-1.41,1.1,2.58,0.84,11.0,1.96,18.0,0.7,0.5,0.5,-6.0,1.8,29.5,9.0,11.0,17.7,18.0,0.7,0.5,0.5,1.9,4.42,5.6,4.03,11.0,1.8,18.0,0.7,0.5,0.5,4.7,11.5,64.6,28.9,11.0,27.2,18.0,0.7,0.5,0.5,-146.2,-53.0,0.0,-68.7,11.0,86.0,18.0,0.7,0.5,0.5,-82.0,18.8,65.4,-9.2,11.0,94.3,18.0,0.7,0.5,0.5,-72.4,-26.5,0.0,-35.8,11.0,45.5,18.0,0.7,0.5,0.5,-42.5,9.7,38.2,-2.3,11.0,51.5,18.0,0.7,0.5,0.5,-42.1,-4.2,0.0,-18.3,11.0,25.3,18.0,0.7,0.5,0.5,-23.3,1.5,6.7,-10.6,11.0,23.0,18.0,0.7,0.5,0.5,14.0,269.5,1248.0,625.5,12.0,889.0,18.0,0.8,0.5,0.5,15.0,270.0,1250.0,625.0,12.0,890.0,18.0,0.8,0.5,0.5
1974,2,206.0,30.0,18.9,20.0,20.14,19.71,19.0,0.94,12.0,0.7,0.6,0.3,16.96,18.3,20.06,18.57,19.0,1.78,12.0,0.7,0.6,0.3,9.04,11.0,13.15,10.91,19.0,1.73,12.0,0.7,0.6,0.3,73.1,83.1,91.2,82.5,19.0,9.5,12.0,0.7,0.3,1.5,5.1,8.2,5.77,20.0,4.49,12.0,0.6,0.6,0.3,-7.68,-0.76,1.99,-2.15,20.0,4.8,12.0,0.6,0.6,0.3,-3.28,0.0,2.37,-0.25,20.0,5.21,12.0,0.6,0.6,0.3,1018.02,1020.75,1025.38,1021.23,20.0,3.59,12.0,0.6,0.6,0.3,2.0,6.0,8.0,5.2,20.0,2.5,12.0,0.6,0.6,0.3,-59.1,-1.1,6.2,-25.2,20.0,56.8,12.0,0.6,0.6,0.3,-16.6,0.0,28.6,-10.2,20.0,62.9,12.0,0.6,0.6,0.3,0.0,1.05,1.99,1.06,18.0,1.66,12.0,0.7,0.6,0.3,0.0,2.6,19.7,7.7,18.0,14.7,12.0,0.7,0.6,0.3,2.19,2.95,4.71,3.28,18.0,1.55,12.0,0.7,0.6,0.3,3.5,11.4,37.7,20.0,18.0,21.5,12.0,0.7,0.6,0.3,-136.7,-3.1,45.1,-35.2,19.0,89.4,12.0,0.7,0.6,0.3,-59.5,0.0,57.9,2.7,19.0,98.0,12.0,0.7,0.6,0.3,-72.6,-1.5,22.5,-21.4,19.0,52.8,12.0,0.7,0.6,0.3,-34.6,0.0,33.8,3.6,19.0,57.2,12.0,0.7,0.6,0.3,-32.4,0.0,6.5,-7.7,18.0,17.1,12.0,0.7,0.6,0.3,-17.0,0.0,6.5,-6.0,18.0,22.2,12.0,0.7,0.6,0.3,3.5,132.5,551.0,587.0,20.0,1154.0,12.0,0.6,0.6,0.3,5.0,135.0,550.0,585.0,20.0,1155.0,12.0,0.6,0.6,0.3
1974,2,206.0,31.0,16.7,19.0,19.77,18.44,11.0,1.41,16.0,0.7,0.4,0.3,17.47,18.2,19.52,18.38,11.0,1.5,16.0,0.7,0.4,0.3,9.42,11.26,12.27,10.83,9.0,1.46,18.0,0.7,0.4,0.4,74.6,84.9,90.7,84.1,9.0,10.1,18.0,0.7,0.4,2.32,7.7,10.3,6.82,12.0,3.9,16.0,0.8,0.4,0.3,-8.0,-2.28,1.9,-2.94,12.0,5.06,16.0,0.8,0.4,0.3,-3.54,0.89,5.08,1.55,12.0,5.32,16.0,0.8,0.4,0.3,1020.45,1022.2,1027.53,1023.44,12.0,4.32,16.0,0.8,0.4,0.3,3.5,6.5,7.3,5.5,12.0,2.3,16.0,0.8,0.4,0.3,-66.5,-6.4,21.1,-23.7,12.0,46.7,16.0,0.8,0.4,0.3,-33.0,4.3,43.3,18.5,12.0,59.0,16.0,0.8,0.4,0.3,-1.71,0.0,1.41,0.05,11.0,2.02,16.0,0.7,0.4,0.3,-19.9,0.0,10.7,-1.1,11.0,17.6,16.0,0.7,0.4,0.3,0.08,2.2,4.28,2.11,9.0,2.04,18.0,0.7,0.4,0.4,-2.2,4.8,32.8,12.5,9.0,18.8,18.0,0.7,0.4,0.4,-145.8,-36.9,35.7,-46.8,11.0,94.5,16.0,0.7,0.4,0.3,-67.5,9.6,110.8,29.9,11.0,99.6,16.0,0.7,0.4,0.3,-59.9,-16.0,26.7,-15.9,9.0,49.8,18.0,0.7,0.4,0.4,-27.5,5.7,95.0,26.8,9.0,70.0,18.0,0.7,0.4,0.4,-26.6,-2.6,1.1,-8.4,9.0,16.9,18.0,0.7,0.4,0.4,-18.6,-1.4,3.3,-5.3,9.0,11.5,18.0,0.7,0.4,0.4,14.0,456.5,1092.5,591.0,12.0,640.0,16.0,0.8,0.4,0.3,15.0,455.0,1095.0,590.0,12.0,640.0,16.0,0.8,0.4,0.3
1974,2,206.0,32.0,16.7,17.5,19.52,17.87,7.0,1.38,10.0,0.4,0.5,0.6,15.83,17.0,20.1,17.53,7.0,2.6,12.0,0.4,0.6,0.6,9.63,10.89,11.35,9.97,7.0,2.51,12.0,0.4,0.6,0.6,71.9,87.9,90.0,80.0,7.0,17.1,12.0,0.4,0.6,4.6,5.1,8.48,6.15,8.0,2.24,10.0,0.5,0.5,0.6,-6.43,-4.43,-3.92,-4.4,8.0,2.08,10.0,0.5,0.5,0.6,-5.34,-1.37,0.63,-2.55,8.0,3.8,10.0,0.5,0.5,0.6,1017.22,1025.3,1028.71,1023.56,8.0,5.42,10.0,0.5,0.5,0.6,7.0,8.0,8.0,7.4,7.0,0.8,10.0,0.6,0.5,0.6,-42.2,-20.4,-16.9,-25.7,8.0,17.8,10.0,0.5,0.5,0.6,-45.1,-7.5,2.6,-22.5,8.0,37.8,10.0,0.5,0.5,0.6,-0.1,0.5,1.69,1.07,6.0,2.03,12.0,0.3,0.5,0.6,-0.5,2.9,13.5,9.9,6.0,21.0,12.0,0.3,0.5,0.6,0.96,1.74,4.32,2.96,6.0,3.26,12.0,0.3,0.5,0.6,4.8,9.4,40.7,25.2,6.0,36.2,12.0,0.3,0.5,0.6,-108.2,-86.0,-61.1,-78.8,7.0,41.5,12.0,0.4,0.6,0.6,-113.6,-27.1,0.5,-52.4,7.0,60.1,12.0,0.4,0.6,0.6,-66.5,-47.1,-38.0,-47.5,7.0,24.3,12.0,0.4,0.6,0.6,-47.2,-17.1,0.3,-24.3,7.0,25.8,12.0,0.4,0.6,0.6,-13.3,-6.0,-3.0,-7.9,6.0,7.0,12.0,0.3,0.5,0.6,-33.3,-1.7,0.3,-19.3,6.0,38.7,12.0,0.3,0.5,0.6,97.5,132.5,619.0,322.5,8.0,367.5,10.0,0.5,0.5,0.6,95.0,135.0,620.0,325.0,8.0,365.0,10.0,0.5,0.5,0.6
1974,2,206.0,33.0,16.04,16.7,17.38,16.73,16.0,1.12,14.0,0.6,0.6,0.4,14.77,15.5,17.98,16.13,17.0,1.85,14.0,0.6,0.6,0.4,8.13,9.5,10.79,9.41,13.0,1.49,16.0,0.8,0.6,0.4,70.8,79.4,93.6,80.7,13.0,12.3,16.0,0.8,0.4,2.91,6.2,9.44,6.32,17.0,3.54,14.0,0.6,0.6,0.4,-5.04,0.0,3.74,-0.53,17.0,4.26,14.0,0.6,0.6,0.4,-8.34,-2.12,3.46,-2.57,17.0,5.44,14.0,0.6,0.6,0.4,1019.73,1026.1,1028.03,1024.68,17.0,3.96,14.0,0.6,0.6,0.4,3.4,7.0,8.0,6.1,16.0,2.2,14.0,0.6,0.6,0.4,-30.1,0.0,30.0,0.5,17.0,35.9,14.0,0.6,0.6,0.4,-73.9,-11.2,18.6,-27.8,17.0,55.8,14.0,0.6,0.6,0.4,-2.2,1.05,2.38,0.47,16.0,2.1,14.0,0.6,0.6,0.4,-8.1,3.3,22.7,5.8,16.0,15.2,14.0,0.6,0.6,0.4,0.83,2.37,3.72,2.39,13.0,1.76,16.0,0.8,0.6,0.4,2.1,13.2,32.4,17.2,13.0,16.7,16.0,0.8,0.6,0.4,-90.9,0.0,55.1,-8.9,17.0,67.4,14.0,0.6,0.6,0.4,-127.2,-36.5,61.6,-35.5,17.0,84.9,14.0,0.6,0.6,0.4,-46.5,0.0,35.3,-2.9,13.0,40.4,16.0,0.8,0.6,0.4,-60.8,-20.4,39.5,-14.2,13.0,50.8,16.0,0.8,0.6,0.4,-8.1,0.0,17.7,4.2,13.0,14.7,16.0,0.8,0.6,0.4,-30.2,-2.8,2.9,-10.5,13.0,15.6,16.0,0.8,0.6,0.4,29.5,238.5,858.5,481.5,17.0,637.0,14.0,0.6,0.6,0.4,30.0,240.0,860.0,480.0,17.0,635.0,14.0,0.6,0.6,0.4
1974,2,206.0,34.0,13.96,14.75,16.89,15.48,8.0,2.2,10.0,0.8,0.4,0.5,14.36,14.9,17.73,15.64,13.0,2.71,10.0,0.5,0.5,0.4,7.22,8.63,9.43,8.21,12.0,1.43,10.0,0.6,0.5,0.4,65.0,77.9,86.1,75.8,12.0,12.1,10.0,0.6,0.4,2.6,6.2,8.2,5.94,13.0,2.6,10.0,0.5,0.5,0.4,-4.79,-2.25,2.2,-1.09,13.0,3.89,10.0,0.5,0.5,0.4,-4.33,0.89,5.85,-0.08,13.0,5.34,10.0,0.5,0.5,0.4,1020.02,1022.0,1027.41,1023.54,13.0,3.57,10.0,0.5,0.5,0.4,2.0,6.0,7.0,4.8,13.0,2.4,10.0,0.5,0.5,0.4,-29.9,-5.9,21.5,-5.1,13.0,28.5,10.0,0.5,0.5,0.4,-23.6,2.3,40.1,-2.1,13.0,45.4,10.0,0.5,0.5,0.4,-1.97,0.05,2.23,-0.25,8.0,2.77,10.0,0.8,0.4,0.5,-12.2,0.3,22.1,2.6,8.0,15.5,10.0,0.8,0.4,0.5,1.23,2.43,3.6,2.6,8.0,1.6,10.0,0.8,0.4,0.5,7.0,16.1,32.1,17.6,8.0,13.2,10.0,0.8,0.4,0.5,-74.1,-32.4,25.5,-17.8,13.0,60.0,10.0,0.5,0.5,0.4,-62.2,18.7,104.7,7.7,13.0,78.9,10.0,0.5,0.5,0.4,-40.7,-19.4,10.7,-13.2,12.0,29.8,10.0,0.6,0.5,0.4,-32.6,-7.1,39.3,-0.3,12.0,40.5,10.0,0.6,0.5,0.4,-17.5,-8.2,5.3,-7.4,8.0,11.4,10.0,0.8,0.4,0.5,-9.5,-2.0,13.2,-2.5,8.0,18.1,10.0,0.8,0.4,0.5,17.5,238.5,551.5,322.0,13.0,348.5,10.0,0.5,0.5,0.4,20.0,240.0,550.0,320.0,13.0,350.0,10.0,0.5,0.5,0.4
1974,2,206.0,35.0,14.21,15.15,16.86,15.53,10.0,1.37,18.0,0.4,0.6,0.2,9.75,16.0,16.78,14.31,12.0,3.31,18.0,0.4,0.5,0.3,5.03,8.95,10.88,8.33,11.0,2.72,18.0,0.4,0.5,0.3,69.8,80.2,97.1,81.6,11.0,14.7,18.0,0.4,0.3,6.57,10.05,11.3,9.3,12.0,2.19,18.0,0.4,0.5,0.3,-3.7,0.98,8.66,2.02,12.0,5.97,18.0,0.4,0.5,0.3,-3.01,7.26,8.78,3.32,12.0,6.85,18.0,0.4,0.5,0.3,1016.11,1024.0,1027.53,1022.56,12.0,5.67,18.0,0.4,0.5,0.3,5.6,8.0,8.0,6.8,11.0,1.7,18.0,0.5,0.5,0.3,-28.5,11.1,97.8,23.7,12.0,59.9,18.0,0.4,0.5,0.3,-20.4,76.2,87.6,35.1,12.0,69.6,18.0,0.4,0.5,0.3,-1.74,0.5,4.57,1.06,10.0,2.96,18.0,0.4,0.6,0.2,-16.7,4.7,40.1,10.3,10.0,29.8,18.0,0.4,0.6,0.2,0.21,1.64,4.34,2.09,10.0,2.05,18.0,0.4,0.6,0.2,1.4,14.7,44.0,20.1,10.0,22.2,18.0,0.4,0.6,0.2,-56.2,8.3,125.7,29.6,12.0,91.0,18.0,0.4,0.5,0.3,-40.7,121.2,137.5,63.9,12.0,90.6,18.0,0.4,0.5,0.3,-38.5,0.0,73.0,12.5,11.0,54.5,18.0,0.4,0.5,0.3,-21.2,69.5,87.0,36.3,11.0,54.3,18.0,0.4,0.5,0.3,-5.6,-3.1,7.4,2.8,10.0,18.9,18.0,0.4,0.6,0.2,-6.9,3.1,14.9,-0.2,10.0,24.0,18.0,0.4,0.6,0.2,285.0,1017.0,1443.0,919.5,12.0,496.0,18.0,0.4,0.5,0.3,285.0,1015.0,1445.0,920.0,12.0,495.0,18.0,0.4,0.5,0.3
1974,2,206.0,36.0,12.44,14.25,16.02,14.45,6.0,2.13,16.0,0.8,0.8,0.6,11.38,12.95,15.25,13.02,6.0,2.52,16.0,0.8,0.8,0.6,6.13,6.55,7.43,6.74,5.0,0.96,16.0,0.8,0.7,0.5,60.9,69.3,79.4,70.0,5.0,10.0,16.0,0.8,0.5,2.5,7.2,10.51,6.78,6.0,3.82,16.0,0.8,0.8,0.6,-4.39,0.36,6.1,0.43,6.0,5.61,16.0,0.8,0.8,0.6,-4.45,0.99,4.06,0.37,6.0,6.16,16.0,0.8,0.8,0.6,1025.79,1026.95,1029.91,1027.65,6.0,2.42,16.0,0.8,0.8,0.6,2.0,5.5,7.2,5.0,6.0,2.5,16.0,0.8,0.8,0.6,-41.0,0.8,47.8,4.5,6.0,50.9,16.0,0.8,0.8,0.6,-38.0,2.1,26.0,-1.6,6.0,63.3,16.0,0.8,0.8,0.6,-2.32,0.55,4.64,1.43,6.0,4.35,16.0,0.8,0.8,0.6,-10.5,3.7,42.4,16.9,6.0,45.3,16.0,0.8,0.8,0.6,2.25,3.33,3.66,2.9,5.0,1.32,16.0,0.8,0.7,0.5,6.5,8.4,25.9,14.9,5.0,10.9,16.0,0.8,0.7,0.5,-61.0,4.5,67.9,1.1,6.0,65.9,16.0,0.8,0.8,0.6,-51.7,12.3,63.4,14.9,6.0,77.7,16.0,0.8,0.8,0.6,-37.9,0.0,16.3,-8.2,5.0,34.8,16.0,0.8,0.7,0.5,-8.0,10.8,39.6,17.0,5.0,37.6,16.0,0.8,0.7,0.5,-11.9,0.0,9.1,-1.5,5.0,17.9,16.0,0.8,0.7,0.5,-4.4,5.4,7.2,1.7,5.0,8.3,16.0,0.8,0.7,0.5,16.0,378.5,1165.0,553.5,6.0,589.5,16.0,0.8,0.8,0.6,15.0,380.0,1165.0,555.0,6.0,590.0,16.0,0.8,0.8,0.6
1974,2,206.0,37.0,12.0,13.0,14.52,13.25,4.0,1.5,14.0,1.0,0.5,0.5,11.48,12.5,13.0,12.25,4.0,0.96,14.0,1.0,0.5,0.5,6.99,7.9,8.36,7.68,4.0,1.02,14.0,1.0,0.5,0.5,80.6,85.9,94.1,87.3,4.0,9.5,14.0,1.0,0.5,2.6,4.9,10.45,6.45,4.0,5.12,14.0,1.0,0.5,0.5,2.26,4.4,7.48,4.85,4.0,3.14,14.0,1.0,0.5,0.5,-5.16,1.06,2.68,-1.14,4.0,6.22,14.0,1.0,0.5,0.5,1015.83,1016.85,1022.48,1019.05,4.0,5.36,14.0,1.0,0.5,0.5,5.5,6.5,7.5,6.5,4.0,1.3,14.0,1.0,0.5,0.5,5.9,25.8,81.8,43.0,4.0,51.6,14.0,1.0,0.5,0.5,-71.5,2.8,15.6,-26.5,4.0,74.8,14.0,1.0,0.5,0.5,-1.0,1.0,3.0,1.0,4.0,2.31,14.0,1.0,0.5,0.5,-5.0,2.6,24.8,9.6,4.0,21.4,14.0,1.0,0.5,0.5,0.71,1.38,2.79,1.73,4.0,1.38,14.0,1.0,0.5,0.5,3.1,4.4,27.7,14.9,4.0,22.4,14.0,1.0,0.5,0.5,28.2,55.9,88.2,58.1,4.0,34.9,14.0,1.0,0.5,0.5,-56.6,13.6,34.9,-9.7,4.0,70.9,14.0,1.0,0.5,0.5,18.7,36.1,52.1,35.4,4.0,19.4,14.0,1.0,0.5,0.5,-31.8,8.5,21.3,-4.6,4.0,41.1,14.0,1.0,0.5,0.5,2.6,4.1,18.6,10.3,4.0,13.9,14.0,1.0,0.5,0.5,-19.0,1.2,1.7,-8.2,4.0,19.3,14.0,1.0,0.5,0.5,17.5,195.5,1438.5,703.5,4.0,1147.5,14.0,1.0,0.5,0.5,20.0,195.0,1440.0,705.0,4.0,1145.0,14.0,1.0,0.5,0.5
1974,2,206.0,38.0,,,,,,,,,,,,,,,,,,,,,,,,,,,,,,,,,,,,,,,,12.9,12.9,12.9,12.9,1.0,0.0,12.0,1.0,0.6,0.6,6.45,6.45,6.45,6.45,1.0,0.0,12.0,1.0,0.6,0.6,11.17,11.17,11.17,11.17,1.0,0.0,12.0,1.0,0.6,0.6,1013.9,1013.9,1013.9,1013.9,1.0,0.0,12.0,1.0,0.6,0.6,,,,,,,,,,,,,,,,,,,,,,,,,,,,,,,,,,,,,,,,,,,,,,,,,,,,,,,,,,,,,,,,,,,,,,,,,,,,,,,,,,,,,,,,,,,,,,,,,,,,,,,,,,,,,,,,,,,,,,,,,,,,,,,,,,,,,,,,,,,,,,,,,,,,,,
1974,2,206.0,39.0,11.99,13.9,13.9,12.97,3.0,1.62,12.0,0.7,0.8,0.4,6.72,11.7,12.25,9.53,3.0,4.46,12.0,0.7,0.8,0.4,5.33,8.38,8.45,6.93,3.0,2.61,12.0,0.7,0.8,0.4,81.8,93.6,98.0,90.0,3.0,12.3,12.0,0.7,0.4,8.37,9.8,17.17,12.7,3.0,6.92,12.0,0.7,0.8,0.4,-0.24,4.9,6.36,3.1,3.0,5.08,12.0,0.7,0.8,0.4,-10.92,7.24,8.09,-1.21,3.0,15.73,12.0,0.7,0.8,0.4,1016.51,1017.6,1020.13,1018.3,3.0,2.72,12.0,0.7,0.8,0.4,6.3,7.0,7.7,7.0,2.0,1.4,16.0,0.5,0.6,0.3,1.4,48.0,114.3,57.6,3.0,83.1,12.0,0.7,0.8,0.4,-254.5,55.7,74.5,-86.6,3.0,270.7,12.0,0.7,0.8,0.4,0.03,1.4,6.93,3.43,3.0,5.35,12.0,0.7,0.8,0.4,1.2,13.7,137.9,68.3,3.0,110.7,12.0,0.7,0.8,0.4,0.23,1.44,4.45,2.32,3.0,3.19,12.0,0.7,0.8,0.4,2.7,14.1,86.8,44.0,3.0,66.8,12.0,0.7,0.8,0.4,-11.2,31.0,51.6,20.5,3.0,46.9,12.0,0.7,0.8,0.4,-31.3,84.7,99.3,35.2,3.0,104.8,12.0,0.7,0.8,0.4,-6.5,27.6,36.8,15.4,3.0,33.4,12.0,0.7,0.8,0.4,-32.3,61.4,68.0,18.9,3.0,82.1,12.0,0.7,0.8,0.4,2.8,7.0,30.4,16.4,3.0,21.7,12.0,0.7,0.8,0.4,-78.1,-2.4,7.6,-34.5,3.0,68.6,12.0,0.7,0.8,0.4,610.5,941.0,6266.0,3380.0,3.0,4650.0,12.0,0.7,0.8,0.4,610.0,940.0,6265.0,3380.0,3.0,4650.0,12.0,0.7,0.8,0.4
1974,2,206.0,40.0,11.6,12.0,13.0,12.15,6.0,0.72,8.0,0.8,0.6,0.4,11.44,12.0,13.0,12.12,6.0,0.75,8.0,0.8,0.6,0.4,5.7,7.22,7.68,6.82,6.0,1.04,8.0,0.8,0.6,0.4,65.8,81.8,86.4,77.8,6.0,10.9,8.0,0.8,0.4,9.7,10.55,16.58,12.78,6.0,4.63,8.0,0.8,0.6,0.4,-3.89,1.68,13.72,4.41,6.0,10.32,8.0,0.8,0.6,0.4,6.26,8.97,10.09,7.76,6.0,3.93,8.0,0.8,0.6,0.4,1005.98,1013.1,1020.0,1012.78,6.0,7.82,8.0,0.8,0.6,0.4,3.9,7.0,8.0,6.0,5.0,2.5,8.0,0.8,0.7,0.3,-37.6,16.4,236.1,93.7,6.0,192.5,8.0,0.8,0.6,0.4,64.5,85.8,124.0,87.0,6.0,50.6,8.0,0.8,0.6,0.4,-1.0,0.1,1.0,0.03,6.0,0.93,8.0,0.8,0.6,0.4,-10.0,-0.8,11.4,0.6,6.0,11.1,8.0,0.8,0.6,0.4,1.25,1.51,3.15,1.97,6.0,1.06,8.0,0.8,0.6,0.4,12.5,15.4,56.3,28.5,6.0,24.1,8.0,0.8,0.6,0.4,-44.7,21.8,162.4,52.1,6.0,120.1,8.0,0.8,0.6,0.4,75.1,108.3,124.0,95.2,6.0,49.5,8.0,0.8,0.6,0.4,-28.2,13.0,77.4,22.1,6.0,59.6,8.0,0.8,0.6,0.4,45.7,60.8,73.2,55.1,6.0,28.3,8.0,0.8,0.6,0.4,-5.8,1.5,46.2,15.6,6.0,30.1,8.0,0.8,0.6,0.4,6.4,12.5,18.8,13.7,6.0,11.6,8.0,0.8,0.6,0.4,913.0,1176.0,4838.0,2857.5,6.0,3374.0,8.0,0.8,0.6,0.4,915.0,1175.0,4840.0,2855.0,6.0,3375.0,8.0,0.8,0.6,0.4
1974,2,206.0,41.0,8.57,9.15,9.73,9.15,2.0,1.2,12.0,0.0,1.0,0.4,7.9,8.25,9.29,8.58,4.0,0.99,20.0,0.5,0.7,0.5,4.61,4.92,5.88,5.23,4.0,0.89,20.0,0.5,0.7,0.5,70.4,73.5,81.4,75.8,4.0,7.8,20.0,0.5,0.5,10.15,13.85,16.5,13.35,4.0,4.04,20.0,0.5,0.7,0.5,6.21,8.09,13.74,9.89,4.0,5.19,20.0,0.5,0.7,0.5,-11.25,-6.85,1.31,-5.05,4.0,7.91,20.0,0.5,0.7,0.5,1013.0,1018.15,1023.88,1018.43,4.0,7.27,20.0,0.5,0.7,0.5,2.4,5.5,6.5,4.5,4.0,3.1,20.0,0.5,0.7,0.5,63.0,114.0,230.6,145.3,4.0,112.7,20.0,0.5,0.7,0.5,-157.6,-92.1,-2.7,-80.7,4.0,98.1,20.0,0.5,0.7,0.5,-1.19,-0.1,0.99,-0.1,2.0,2.26,12.0,0.0,1.0,0.4,-7.6,6.2,19.9,6.2,2.0,28.4,12.0,0.0,1.0,0.4,0.54,1.31,2.08,1.31,2.0,1.6,12.0,0.0,1.0,0.4,8.0,22.1,36.1,22.1,2.0,29.1,12.0,0.0,1.0,0.4,55.0,71.0,114.4,84.1,4.0,43.5,20.0,0.5,0.7,0.5,-89.0,-54.5,15.3,-37.6,4.0,67.3,20.0,0.5,0.7,0.5,34.4,43.1,68.4,51.1,4.0,26.5,20.0,0.5,0.7,0.5,-51.9,-32.7,10.4,-21.3,4.0,40.8,20.0,0.5,0.7,0.5,7.6,21.6,35.5,21.6,2.0,28.9,12.0,0.0,1.0,0.4,-6.1,-3.2,-0.4,-3.2,2.0,5.9,12.0,0.0,1.0,0.4,1175.0,2756.5,4546.5,2856.0,4.0,2098.0,20.0,0.5,0.7,0.5,1175.0,2755.0,4545.0,2855.0,4.0,2100.0,20.0,0.5,0.7,0.5
1974,2,206.0,42.0,7.94,8.25,8.56,8.25,2.0,0.64,10.0,0.5,0.6,0.6,10.03,10.1,10.17,10.1,2.0,0.14,10.0,0.5,0.6,0.6,6.88,7.18,7.49,7.18,2.0,0.64,10.0,0.5,0.6,0.6,88.4,93.1,97.8,93.1,2.0,9.7,10.0,0.5,0.6,7.27,8.5,9.73,8.5,2.0,2.55,10.0,0.5,0.6,0.6,3.78,4.33,4.88,4.33,2.0,1.14,10.0,0.5,0.6,0.6,5.16,6.99,8.83,6.99,2.0,3.8,10.0,0.5,0.6,0.6,1000.42,1003.9,1007.38,1003.9,2.0,7.21,10.0,0.5,0.6,0.6,5.5,6.5,7.5,6.5,2.0,2.1,10.0,0.5,0.6,0.6,34.7,35.3,36.0,35.3,2.0,1.3,10.0,0.5,0.6,0.6,40.1,64.3,88.5,64.3,2.0,50.1,10.0,0.5,0.6,0.6,-2.09,-1.85,-1.61,-1.85,2.0,0.49,10.0,0.5,0.6,0.6,-20.7,-16.4,-12.1,-16.4,2.0,8.9,10.0,0.5,0.6,0.6,-0.84,-0.36,0.11,-0.36,2.0,0.98,10.0,0.5,0.6,0.6,-8.8,-4.3,0.1,-4.3,2.0,9.3,10.0,0.5,0.6,0.6,37.9,43.8,49.6,43.8,2.0,12.1,10.0,0.5,0.6,0.6,52.3,70.4,88.4,70.4,2.0,37.4,10.0,0.5,0.6,0.6,28.1,30.7,33.3,30.7,2.0,5.4,10.0,0.5,0.6,0.6,36.1,51.4,66.8,51.4,2.0,31.7,10.0,0.5,0.6,0.6,-2.9,-1.0,0.8,-1.0,2.0,3.8,10.0,0.5,0.6,0.6,-8.4,-4.4,-0.4,-4.4,2.0,8.2,10.0,0.5,0.6,0.6,426.5,696.5,967.0,696.5,2.0,560.0,10.0,0.5,0.6,0.6,425.0,695.0,965.0,695.0,2.0,560.0,10.0,0.5,0.6,0.6
1974,2,206.0,43.0,7.84,8.8,8.94,8.4,3.0,0.87,16.0,0.3,0.2,0.7,4.23,6.0,8.87,6.53,3.0,3.43,16.0,0.3,0.2,0.7,4.03,4.94,6.14,5.08,3.0,1.55,16.0,0.3,0.2,0.7,78.5,85.8,86.5,82.5,3.0,6.5,16.0,0.3,0.7,6.68,7.7,15.41,10.97,3.0,7.0,16.0,0.3,0.2,0.7,3.89,3.99,11.2,7.46,3.0,6.14,16.0,0.3,0.2,0.7,-9.84,-4.75,3.04,-3.43,3.0,9.51,16.0,0.3,0.2,0.7,1012.74,1016.9,1017.65,1015.23,3.0,3.88,16.0,0.3,0.2,0.7,5.6,7.0,7.7,6.7,3.0,1.5,16.0,0.3,0.2,0.7,26.3,29.6,198.2,110.3,3.0,144.0,16.0,0.3,0.2,0.7,-167.7,-29.4,25.7,-70.0,3.0,146.0,16.0,0.3,0.2,0.7,0.0,3.0,3.68,1.87,3.0,2.87,16.0,0.3,0.2,0.7,-1.5,18.6,57.8,27.9,3.0,44.1,16.0,0.3,0.2,0.7,0.9,2.14,2.55,1.74,3.0,1.26,16.0,0.3,0.2,0.7,5.9,13.2,39.8,22.6,3.0,26.1,16.0,0.3,0.2,0.7,28.8,39.3,46.2,37.6,3.0,12.9,16.0,0.3,0.2,0.7,-37.4,-28.5,37.4,-0.7,3.0,59.8,16.0,0.3,0.2,0.7,21.6,25.8,44.0,32.6,3.0,17.4,16.0,0.3,0.2,0.7,-37.5,-23.4,23.1,-7.6,3.0,46.4,16.0,0.3,0.2,0.7,3.6,8.5,30.0,16.6,3.0,20.6,16.0,0.3,0.2,0.7,-26.1,-10.1,-1.7,-13.8,3.0,18.1,16.0,0.3,0.2,0.7,307.5,456.5,4827.0,2518.0,3.0,3761.0,16.0,0.3,0.2,0.7,310.0,455.0,4825.0,2520.0,3.0,3760.0,16.0,0.3,0.2,0.7
1974,2,206.0,44.0,7.79,8.0,8.52,8.07,6.0,0.65,12.0,0.5,0.8,0.3,6.56,8.65,9.18,7.81,8.0,2.32,16.0,0.4,0.8,0.3,5.18,5.72,6.54,5.73,7.0,1.28,14.0,0.4,0.8,0.3,73.6,89.7,94.1,82.5,7.0,14.2,14.0,0.4,0.3,6.81,9.75,16.03,11.11,8.0,5.39,16.0,0.4,0.8,0.3,1.52,7.24,12.6,8.17,8.0,6.77,16.0,0.4,0.8,0.3,-4.95,0.58,8.2,1.38,8.0,6.77,16.0,0.4,0.8,0.3,1007.38,1011.0,1018.04,1012.16,8.0,7.36,16.0,0.4,0.8,0.3,5.2,7.5,8.0,6.8,8.0,1.8,16.0,0.4,0.8,0.3,8.9,70.3,202.2,119.6,8.0,140.9,16.0,0.4,0.8,0.3,-36.5,3.9,85.9,14.4,8.0,96.9,16.0,0.4,0.8,0.3,-0.99,-0.35,0.6,-0.38,6.0,1.21,12.0,0.5,0.8,0.3,-12.1,-3.0,3.8,-5.0,6.0,12.3,12.0,0.5,0.8,0.3,-0.01,0.75,1.76,0.86,6.0,1.2,12.0,0.5,0.8,0.3,0.7,5.9,12.1,5.4,6.0,7.9,12.0,0.5,0.8,0.3,11.0,60.1,103.6,56.9,8.0,42.8,16.0,0.4,0.8,0.3,-29.5,5.4,84.8,21.4,8.0,52.4,16.0,0.4,0.8,0.3,2.5,43.1,65.7,40.0,7.0,31.9,14.0,0.4,0.8,0.3,-17.4,7.6,61.6,19.4,7.0,37.5,14.0,0.4,0.8,0.3,-2.7,2.4,4.7,1.4,6.0,4.3,12.0,0.5,0.8,0.3,-7.9,-1.5,3.9,-1.7,6.0,8.5,12.0,0.5,0.8,0.3,318.0,959.0,4200.5,2319.5,8.0,3189.0,16.0,0.4,0.8,0.3,320.0,960.0,4200.0,2320.0,8.0,3190.0,16.0,0.4,0.8,0.3
1974,2,206.0,45.0,5.48,6.0,8.78,7.08,4.0,2.86,10.0,0.3,0.1,0.5,4.95,7.05,8.83,6.9,4.0,2.41,10.0,0.3,0.1,0.5,4.6,5.74,6.4,5.51,4.0,1.42,10.0,0.3,0.1,0.5,77.3,89.5,97.2,87.3,4.0,12.9,10.0,0.3,0.5,7.15,8.2,8.78,7.98,4.0,1.29,10.0,0.3,0.1,0.5,5.54,6.05,6.72,6.13,4.0,0.78,10.0,0.3,0.1,0.5,-4.3,1.58,5.64,0.71,4.0,5.93,10.0,0.3,0.1,0.5,998.9,1002.0,1013.9,1006.2,4.0,12.0,10.0,0.3,0.1,0.5,7.0,8.0,8.0,7.5,4.0,1.0,10.0,0.3,0.1,0.5,39.5,47.4,59.2,49.3,4.0,12.9,10.0,0.3,0.1,0.5,-33.2,15.0,49.7,8.5,4.0,50.0,10.0,0.3,0.1,0.5,-3.31,-0.55,3.73,0.18,4.0,4.24,10.0,0.3,0.1,0.5,-29.2,-4.5,25.0,-2.2,4.0,31.8,10.0,0.3,0.1,0.5,-0.73,1.0,2.38,0.84,4.0,1.82,10.0,0.3,0.1,0.5,-6.6,6.6,17.1,5.3,4.0,14.0,10.0,0.3,0.1,0.5,27.7,42.9,59.7,43.7,4.0,20.1,10.0,0.3,0.1,0.5,-19.2,15.0,50.1,15.4,4.0,40.4,10.0,0.3,0.1,0.5,25.8,34.8,43.3,34.5,4.0,12.7,10.0,0.3,0.1,0.5,-17.6,9.1,36.3,9.4,4.0,31.5,10.0,0.3,0.1,0.5,-5.1,5.1,13.3,4.1,4.0,10.9,10.0,0.3,0.1,0.5,-10.7,-6.0,-3.3,-7.0,4.0,5.4,10.0,0.3,0.1,0.5,387.5,551.5,684.0,536.5,4.0,231.5,10.0,0.3,0.1,0.5,385.0,550.0,685.0,535.0,4.0,230.0,10.0,0.3,0.1,0.5
1974,2,206.0,46.0,4.85,5.6,6.35,5.6,2.0,1.56,14.0,0.5,0.3,0.3,6.19,6.6,7.01,6.6,2.0,0.85,14.0,0.5,0.3,0.3,4.6,4.77,4.94,4.77,2.0,0.35,14.0,0.5,0.3,0.3,73.6,79.0,84.5,79.0,2.0,11.3,14.0,0.5,0.3,8.35,9.75,11.15,9.75,2.0,2.9,14.0,0.5,0.3,0.3,-2.17,1.83,5.84,1.83,2.0,8.3,14.0,0.5,0.3,0.3,1.76,5.54,9.33,5.54,2.0,7.84,14.0,0.5,0.3,0.3,1002.03,1007.9,1013.77,1007.9,2.0,12.16,14.0,0.5,0.3,0.3,2.8,4.5,6.2,4.5,2.0,3.5,14.0,0.5,0.3,0.3,-30.7,5.8,42.3,5.8,2.0,75.6,14.0,0.5,0.3,0.3,20.8,65.4,110.1,65.4,2.0,92.5,14.0,0.5,0.3,0.3,-1.34,-1.0,-0.66,-1.0,2.0,0.71,14.0,0.5,0.3,0.3,-15.5,-10.8,-6.0,-10.8,2.0,9.8,14.0,0.5,0.3,0.3,0.41,0.91,1.4,0.91,2.0,1.03,14.0,0.5,0.3,0.3,3.8,7.4,10.9,7.4,2.0,7.4,14.0,0.5,0.3,0.3,-11.6,15.6,42.8,15.6,2.0,56.3,14.0,0.5,0.3,0.3,10.6,33.3,56.0,33.3,2.0,47.0,14.0,0.5,0.3,0.3,-11.5,7.3,26.1,7.3,2.0,38.9,14.0,0.5,0.3,0.3,8.8,27.8,46.8,27.8,2.0,39.3,14.0,0.5,0.3,0.3,1.4,5.9,10.5,5.9,2.0,9.4,14.0,0.5,0.3,0.3,0.3,1.0,1.7,1.0,2.0,1.4,14.0,0.5,0.3,0.3,645.0,1050.0,1454.5,1050.0,2.0,839.0,14.0,0.5,0.3,0.3,645.0,1050.0,1455.0,1050.0,2.0,840.0,14.0,0.5,0.3,0.3
1974,2,206.0,47.0,5.0,6.0,7.0,5.86,9.0,1.51,18.0,0.6,0.7,0.4,2.13,4.0,6.73,4.14,9.0,2.49,18.0,0.6,0.7,0.4,3.3,3.67,5.3,3.99,8.0,1.08,20.0,0.5,0.7,0.4,70.7,77.1,86.8,77.5,8.0,8.3,20.0,0.5,0.4,8.77,14.9,17.3,13.82,9.0,4.75,18.0,0.6,0.7,0.4,0.28,8.92,13.69,7.27,9.0,8.1,18.0,0.6,0.7,0.4,-11.93,-5.27,6.6,-3.68,9.0,9.86,18.0,0.6,0.7,0.4,1004.18,1012.9,1014.88,1009.9,9.0,6.41,18.0,0.6,0.7,0.4,5.0,6.5,7.9,6.1,8.0,1.7,20.0,0.5,0.7,0.4,7.3,91.9,218.9,118.8,9.0,155.6,18.0,0.6,0.7,0.4,-224.2,-53.0,73.0,-64.2,9.0,155.6,18.0,0.6,0.7,0.4,-1.0,0.0,4.34,1.71,9.0,3.28,18.0,0.6,0.7,0.4,-14.0,0.0,66.9,33.4,9.0,63.4,18.0,0.6,0.7,0.4,0.81,1.63,2.65,1.82,8.0,1.27,20.0,0.5,0.7,0.4,6.7,21.9,46.5,30.1,8.0,29.5,20.0,0.5,0.7,0.4,-6.4,19.2,37.1,17.8,9.0,38.6,18.0,0.6,0.7,0.4,-31.3,-20.6,44.8,3.4,9.0,45.3,18.0,0.6,0.7,0.4,-4.1,31.6,45.4,22.8,8.0,33.8,20.0,0.5,0.7,0.4,-45.1,-22.5,36.7,-5.0,8.0,44.6,20.0,0.5,0.7,0.4,0.2,11.4,29.9,20.1,8.0,26.8,20.0,0.5,0.7,0.4,-36.2,-15.0,5.2,-15.9,8.0,20.9,20.0,0.5,0.7,0.4,697.5,3308.0,5244.5,3489.0,9.0,3256.0,18.0,0.6,0.7,0.4,695.0,3310.0,5245.0,3490.0,9.0,3255.0,18.0,0.6,0.7,0.4
1974,2,206.0,48.0,5.0,6.0,7.37,6.2,5.0,1.3,14.0,0.8,0.6,0.4,4.65,6.0,7.73,6.12,5.0,2.18,14.0,0.8,0.6,0.4,3.92,5.15,6.18,5.07,5.0,1.13,14.0,0.8,0.6,0.4,78.4,84.9,91.7,84.9,5.0,11.3,14.0,0.8,0.4,4.57,12.0,13.27,9.42,5.0,4.98,14.0,0.8,0.6,0.4,2.26,9.88,12.58,8.0,5.0,5.49,14.0,0.8,0.6,0.4,-3.03,0.89,3.28,0.01,5.0,5.06,14.0,0.8,0.6,0.4,990.02,992.9,1014.9,1000.74,5.0,13.76,14.0,0.8,0.6,0.4,6.3,7.0,7.4,6.8,5.0,1.1,14.0,0.8,0.6,0.4,9.4,127.5,160.6,96.0,5.0,83.3,14.0,0.8,0.6,0.4,-39.1,2.3,27.0,-9.8,5.0,56.0,14.0,0.8,0.6,0.4,-1.0,-0.6,1.37,0.08,5.0,1.35,14.0,0.8,0.6,0.4,-6.7,-2.6,17.0,4.2,5.0,14.4,14.0,0.8,0.6,0.4,0.24,1.2,1.5,0.89,5.0,0.82,14.0,0.8,0.6,0.4,0.2,14.4,19.9,10.9,5.0,10.7,14.0,0.8,0.6,0.4,18.9,29.6,73.4,42.8,5.0,29.5,14.0,0.8,0.6,0.4,-9.1,8.0,21.6,6.6,5.0,22.5,14.0,0.8,0.6,0.4,14.0,38.8,56.8,36.2,5.0,22.2,14.0,0.8,0.6,0.4,-11.9,5.5,18.9,3.4,5.0,23.7,14.0,0.8,0.6,0.4,0.7,14.1,17.1,10.3,5.0,9.6,14.0,0.8,0.6,0.4,-5.8,0.0,1.3,-2.2,5.0,5.7,14.0,0.8,0.6,0.4,124.0,1728.0,2343.5,1352.5,5.0,1193.0,14.0,0.8,0.6,0.4,125.0,1730.0,2345.0,1355.0,5.0,1195.0,14.0,0.8,0.6,0.4
1974,2,206.0,49.0,4.69,5.0,7.0,5.49,7.0,1.06,14.0,0.6,0.5,0.3,3.5,5.6,6.0,4.71,8.0,1.88,16.0,0.6,0.6,0.2,3.82,4.56,5.28,4.59,7.0,0.72,14.0,0.6,0.5,0.3,76.8,83.7,92.6,82.6,7.0,9.2,14.0,0.6,0.3,6.76,9.75,13.4,10.55,8.0,4.25,16.0,0.6,0.6,0.2,-1.44,7.0,12.48,6.7,8.0,7.3,16.0,0.6,0.6,0.2,-5.82,2.26,4.37,1.1,8.0,6.26,16.0,0.6,0.6,0.2,995.6,1004.75,1012.8,1004.14,8.0,9.06,16.0,0.6,0.6,0.2,4.0,6.0,8.0,5.9,7.0,2.0,14.0,0.6,0.5,0.3,-10.0,52.2,165.2,83.9,8.0,116.0,16.0,0.6,0.6,0.2,-39.6,19.0,57.3,15.0,8.0,81.2,16.0,0.6,0.6,0.2,-1.02,1.0,1.02,0.24,7.0,1.17,14.0,0.6,0.5,0.3,-6.9,6.7,11.9,2.1,7.0,12.3,14.0,0.6,0.5,0.3,0.28,1.27,1.51,1.05,7.0,0.83,14.0,0.6,0.5,0.3,2.0,9.9,15.8,10.2,7.0,11.0,14.0,0.6,0.5,0.3,-5.3,28.0,66.1,27.2,8.0,35.6,16.0,0.6,0.6,0.2,-16.4,10.8,26.0,12.3,8.0,32.7,16.0,0.6,0.6,0.2,-9.5,29.4,48.7,23.2,7.0,30.2,14.0,0.6,0.5,0.3,-14.6,10.7,20.0,11.9,7.0,29.9,14.0,0.6,0.5,0.3,0.5,4.1,15.5,8.2,7.0,11.2,14.0,0.6,0.5,0.3,-2.7,0.7,3.9,0.6,7.0,6.2,14.0,0.6,0.5,0.3,309.0,1050.0,2406.0,1707.0,8.0,1907.5,16.0,0.6,0.6,0.2,310.0,1050.0,2405.0,1705.0,8.0,1910.0,16.0,0.6,0.6,0.2
1974,2,206.0,50.0,4.13,4.7,5.73,4.94,5.0,1.28,20.0,0.6,0.7,0.2,0.41,2.0,2.81,1.5,5.0,2.02,20.0,0.6,0.7,0.2,3.18,3.64,4.06,3.62,4.0,0.62,20.0,0.5,0.6,0.1,71.0,82.9,88.1,79.7,4.0,13.0,20.0,0.5,0.1,11.43,15.9,20.6,15.7,5.0,5.31,20.0,0.6,0.7,0.2,5.7,13.4,16.46,11.48,5.0,6.02,20.0,0.6,0.7,0.2,-13.95,-4.0,1.01,-6.37,5.0,9.2,20.0,0.6,0.7,0.2,998.7,1000.3,1005.66,1002.3,5.0,6.12,20.0,0.6,0.7,0.2,7.0,8.0,8.0,7.6,5.0,0.5,20.0,0.6,0.7,0.2,67.0,179.6,292.3,185.0,5.0,129.0,20.0,0.6,0.7,0.2,-287.3,-32.0,16.0,-123.6,5.0,191.2,20.0,0.6,0.7,0.2,2.01,2.9,5.18,3.44,5.0,1.73,20.0,0.6,0.7,0.2,22.1,36.6,106.8,59.2,5.0,45.2,20.0,0.6,0.7,0.2,1.34,2.18,2.59,1.98,4.0,0.8,20.0,0.5,0.6,0.1,13.3,28.0,47.5,30.3,4.0,20.1,20.0,0.5,0.6,0.1,-8.5,12.5,41.0,13.3,5.0,31.6,20.0,0.6,0.7,0.2,-19.4,0.0,12.3,-3.9,5.0,22.9,20.0,0.6,0.7,0.2,18.7,34.6,51.8,35.2,4.0,20.1,20.0,0.5,0.6,0.1,-46.4,-7.1,4.1,-20.5,4.0,37.9,20.0,0.5,0.6,0.1,10.7,12.4,27.4,18.7,4.0,14.9,20.0,0.5,0.6,0.1,-30.7,-3.6,3.8,-13.0,4.0,26.7,20.0,0.5,0.6,0.1,1714.5,4019.5,8742.0,4884.5,5.0,3734.0,20.0,0.6,0.7,0.2,1715.0,4020.0,8740.0,4885.0,5.0,3735.0,20.0,0.6,0.7,0.2
1974,2,206.0,51.0,3.0,4.0,5.0,3.94,8.0,1.21,14.0,0.3,0.5,0.6,-0.89,1.5,4.44,1.5,8.0,2.76,14.0,0.3,0.5,0.6,3.53,3.68,4.57,4.02,6.0,0.73,16.0,0.2,0.4,0.6,84.5,92.0,100.0,92.0,6.0,7.2,16.0,0.2,0.6,8.1,12.35,14.29,11.64,8.0,5.38,14.0,0.3,0.5,0.6,-2.18,9.98,13.35,6.39,8.0,8.32,14.0,0.3,0.5,0.6,-4.38,1.12,8.5,0.86,8.0,8.19,14.0,0.3,0.5,0.6,993.13,1005.9,1009.18,1002.34,8.0,11.04,14.0,0.3,0.5,0.6,8.0,8.0,8.0,8.0,7.0,0.0,14.0,0.1,0.6,0.6,-17.8,123.0,193.2,96.6,8.0,122.5,14.0,0.3,0.5,0.6,-63.1,14.4,93.1,-11.4,8.0,133.4,14.0,0.3,0.5,0.6,-0.83,3.75,4.89,2.44,8.0,2.68,14.0,0.3,0.5,0.6,-10.8,19.2,56.4,27.3,8.0,40.0,14.0,0.3,0.5,0.6,0.38,1.52,1.77,1.23,6.0,0.74,16.0,0.2,0.4,0.6,2.3,9.3,22.9,12.0,6.0,10.5,16.0,0.2,0.4,0.6,-30.6,-0.7,32.0,4.2,8.0,31.4,14.0,0.3,0.5,0.6,0.0,8.1,40.5,17.8,8.0,20.4,14.0,0.3,0.5,0.6,2.2,43.3,50.3,31.1,6.0,26.8,16.0,0.2,0.4,0.6,-3.6,4.9,30.9,10.9,6.0,22.6,16.0,0.2,0.4,0.6,0.2,3.8,21.9,8.6,6.0,12.2,16.0,0.2,0.4,0.6,-1.6,0.5,3.9,1.2,6.0,6.4,16.0,0.2,0.4,0.6,566.0,1895.0,2921.5,2400.5,8.0,2511.0,14.0,0.3,0.5,0.6,565.0,1895.0,2920.0,2400.0,8.0,2510.0,14.0,0.3,0.5,0.6
1974,2,206.0,52.0,3.13,3.5,4.79,3.82,10.0,0.87,10.0,0.8,0.6,0.4,0.88,3.9,5.83,3.65,11.0,2.74,10.0,0.7,0.5,0.4,3.55,3.82,5.58,4.33,11.0,0.97,10.0,0.7,0.5,0.4,75.1,85.7,100.0,86.1,11.0,10.9,10.0,0.7,0.4,7.7,10.8,15.4,11.65,11.0,3.81,10.0,0.7,0.5,0.4,4.55,8.61,10.0,8.0,11.0,3.83,10.0,0.7,0.5,0.4,-2.02,7.24,11.12,4.99,11.0,7.16,10.0,0.7,0.5,0.4,997.11,1002.0,1007.33,1001.36,11.0,7.41,10.0,0.7,0.5,0.4,4.5,7.0,8.0,6.4,9.0,1.9,10.0,0.8,0.5,0.4,30.9,109.6,152.4,103.5,11.0,77.0,10.0,0.7,0.5,0.4,-19.8,55.7,170.1,72.9,11.0,95.9,10.0,0.7,0.5,0.4,-1.36,-0.25,3.43,0.61,10.0,2.51,10.0,0.8,0.6,0.4,-22.4,-1.9,30.5,2.7,10.0,27.9,10.0,0.8,0.6,0.4,0.18,0.89,1.53,0.86,10.0,0.74,10.0,0.8,0.6,0.4,2.3,12.9,15.6,9.9,10.0,8.3,10.0,0.8,0.6,0.4,5.5,34.6,54.0,30.9,11.0,25.4,10.0,0.7,0.5,0.4,2.9,36.2,48.6,30.6,11.0,23.7,10.0,0.7,0.5,0.4,17.5,34.5,48.0,33.8,11.0,15.7,10.0,0.7,0.5,0.4,-7.3,33.6,49.3,23.6,11.0,30.5,10.0,0.7,0.5,0.4,0.9,8.6,12.0,6.9,10.0,5.9,10.0,0.8,0.6,0.4,-6.2,1.3,10.4,1.6,10.0,9.4,10.0,0.8,0.6,0.4,456.5,1259.5,3652.5,2047.5,11.0,1772.5,10.0,0.7,0.5,0.4,455.0,1260.0,3650.0,2045.0,11.0,1770.0,10.0,0.7,0.5,0.4
1974,2,206.0,53.0,3.0,3.5,4.29,3.55,10.0,0.69,12.0,0.4,0.6,0.5,1.13,3.0,6.0,2.94,9.0,3.08,10.0,0.4,0.5,0.5,3.51,3.97,4.97,4.2,9.0,0.8,10.0,0.4,0.5,0.5,83.2,91.7,98.0,88.4,9.0,10.3,10.0,0.4,0.5,5.42,10.8,15.32,10.77,12.0,5.36,12.0,0.3,0.6,0.5,-5.05,1.55,10.89,2.73,12.0,7.55,12.0,0.3,0.6,0.5,-3.35,3.64,13.57,4.02,12.0,8.52,12.0,0.3,0.6,0.5,998.72,1004.75,1007.51,1003.58,12.0,6.3,12.0,0.3,0.6,0.5,7.0,8.0,8.0,7.6,10.0,0.7,14.0,0.3,0.7,0.5,-39.8,8.1,123.6,41.9,12.0,121.1,12.0,0.3,0.6,0.5,-32.6,16.7,191.4,47.2,12.0,140.3,12.0,0.3,0.6,0.5,-2.6,0.5,2.23,0.5,9.0,2.96,10.0,0.4,0.5,0.5,-36.3,2.3,13.1,-1.8,9.0,36.0,10.0,0.4,0.5,0.5,0.07,0.86,1.19,0.69,9.0,0.73,10.0,0.4,0.5,0.5,0.9,4.2,13.5,5.7,9.0,8.4,10.0,0.4,0.5,0.5,-26.7,-8.5,4.6,-10.8,9.0,16.1,10.0,0.4,0.5,0.5,0.0,13.0,81.9,36.0,9.0,42.9,10.0,0.4,0.5,0.5,-24.1,-6.2,19.7,-2.7,9.0,21.4,10.0,0.4,0.5,0.5,0.0,17.2,69.2,31.1,9.0,33.3,10.0,0.4,0.5,0.5,-1.4,0.0,6.1,2.4,9.0,7.4,10.0,0.4,0.5,0.5,-2.0,0.0,3.8,1.5,9.0,6.6,10.0,0.4,0.5,0.5,163.0,1259.5,3709.5,2152.5,12.0,2679.0,12.0,0.3,0.6,0.5,165.0,1260.0,3710.0,2155.0,12.0,2680.0,12.0,0.3,0.6,0.5
1974,2,206.0,54.0,3.13,4.0,7.0,4.88,9.0,1.93,16.0,0.6,0.6,0.5,-3.71,1.0,3.41,0.38,11.0,3.09,14.0,0.5,0.6,0.5,2.84,3.51,4.08,3.53,8.0,0.76,14.0,0.5,0.7,0.5,73.7,85.7,92.8,84.7,8.0,10.4,14.0,0.5,0.5,3.57,7.2,13.52,8.28,11.0,4.7,14.0,0.5,0.6,0.5,-2.9,2.46,8.56,2.44,11.0,5.86,14.0,0.5,0.6,0.5,-7.92,-1.61,5.95,-1.19,11.0,7.42,14.0,0.5,0.6,0.5,997.49,1007.5,1013.21,1005.38,11.0,7.98,14.0,0.5,0.6,0.5,7.0,8.0,8.0,7.4,9.0,0.7,14.0,0.3,0.6,0.4,-14.3,17.7,107.2,30.6,11.0,68.4,14.0,0.5,0.6,0.5,-112.8,-3.4,39.7,-26.2,11.0,93.9,14.0,0.5,0.6,0.5,1.63,3.5,9.38,4.47,9.0,4.2,16.0,0.6,0.6,0.5,15.5,23.1,49.0,26.1,9.0,20.8,16.0,0.6,0.6,0.5,0.79,1.76,2.0,1.54,7.0,0.61,14.0,0.6,0.7,0.5,8.7,10.3,24.1,15.2,7.0,9.1,14.0,0.6,0.7,0.5,-13.2,-0.8,11.0,-2.5,11.0,16.2,14.0,0.5,0.6,0.5,-5.2,6.3,23.6,6.5,11.0,13.6,14.0,0.5,0.6,0.5,-15.6,9.8,26.3,8.1,8.0,26.7,14.0,0.5,0.7,0.5,-37.7,-5.4,20.7,-4.8,8.0,29.6,14.0,0.5,0.7,0.5,-8.7,1.8,9.8,0.3,7.0,9.6,14.0,0.6,0.7,0.5,-21.0,-3.1,9.8,-3.5,7.0,15.7,14.0,0.6,0.7,0.5,61.0,373.0,2493.5,1076.0,11.0,1234.0,14.0,0.5,0.6,0.5,60.0,375.0,2495.0,1075.0,11.0,1235.0,14.0,0.5,0.6,0.5
1974,2,206.0,55.0,3.18,4.3,5.0,4.21,11.0,1.31,16.0,0.6,0.4,0.7,-1.44,0.25,6.46,1.8,8.0,3.88,16.0,0.8,0.3,0.6,2.87,3.45,4.24,3.55,4.0,1.01,18.0,0.8,0.3,0.4,80.7,91.7,96.5,88.7,4.0,12.2,18.0,0.8,0.4,9.5,13.95,16.06,13.28,12.0,4.99,18.0,0.7,0.4,0.7,6.68,10.7,12.62,9.37,12.0,4.52,18.0,0.7,0.4,0.7,-12.9,-7.79,-1.9,-7.4,12.0,6.44,18.0,0.7,0.4,0.7,989.58,1000.75,1007.83,998.63,12.0,9.84,18.0,0.7,0.4,0.7,5.0,6.5,8.0,6.5,10.0,1.3,16.0,0.7,0.3,0.7,88.5,130.0,189.9,140.8,12.0,91.7,18.0,0.7,0.4,0.7,-196.3,-107.4,-9.7,-124.5,12.0,122.0,18.0,0.7,0.4,0.7,-2.44,4.3,6.0,2.24,7.0,3.91,16.0,0.7,0.3,0.7,-29.1,30.6,67.6,25.5,7.0,46.8,16.0,0.7,0.3,0.7,1.0,1.89,2.16,1.58,3.0,0.89,16.0,0.7,0.3,0.6,5.1,9.7,26.2,15.5,3.0,16.3,16.0,0.7,0.3,0.6,-16.1,-4.1,63.3,14.3,8.0,39.4,16.0,0.8,0.3,0.6,-4.0,4.5,20.8,3.7,8.0,21.1,16.0,0.8,0.3,0.6,3.0,20.3,26.4,15.0,4.0,16.5,18.0,0.8,0.3,0.4,-33.8,-16.1,8.0,-13.1,4.0,28.1,18.0,0.8,0.3,0.4,2.0,8.4,20.4,11.1,3.0,13.7,16.0,0.7,0.3,0.6,-16.4,-4.8,0.4,-8.0,3.0,12.6,16.0,0.7,0.3,0.6,1026.5,2752.5,4206.5,3248.5,12.0,3276.5,18.0,0.7,0.4,0.7,1025.0,2750.0,4205.0,3250.0,12.0,3275.0,18.0,0.7,0.4,0.7
1974,2,206.0,56.0,3.26,3.5,4.82,3.86,25.0,0.94,20.0,0.4,0.6,0.2,-2.2,1.0,2.97,0.36,21.0,2.54,20.0,0.5,0.6,0.2,3.06,3.55,4.04,3.55,2.0,1.02,10.0,0.0,0.6,0.4,68.9,75.4,81.9,75.4,2.0,13.5,10.0,0.0,0.4,4.69,10.0,18.35,11.33,24.0,6.97,20.0,0.5,0.6,0.2,1.13,5.81,16.38,7.9,24.0,8.53,20.0,0.5,0.6,0.2,-8.06,-5.75,-1.18,-4.28,24.0,5.05,20.0,0.5,0.6,0.2,980.76,1002.2,1006.03,996.82,25.0,12.09,20.0,0.4,0.6,0.2,3.0,6.0,8.0,5.4,23.0,2.3,18.0,0.5,0.6,0.2,2.8,52.7,301.1,136.4,24.0,189.4,20.0,0.5,0.6,0.2,-130.8,-43.3,-2.5,-57.2,24.0,85.2,20.0,0.5,0.6,0.2,1.1,2.5,5.7,3.44,21.0,2.49,20.0,0.5,0.6,0.2,10.4,21.8,48.3,29.3,20.0,23.0,20.0,0.5,0.6,0.2,0.64,1.19,1.74,1.19,2.0,1.14,10.0,0.0,0.6,0.4,4.9,13.8,22.6,13.8,2.0,18.3,10.0,0.0,0.6,0.4,-13.5,0.0,22.9,3.1,20.0,25.7,20.0,0.5,0.6,0.2,-11.3,0.0,16.1,4.3,20.0,17.7,20.0,0.5,0.6,0.2,1.4,14.2,27.0,14.2,2.0,26.4,10.0,0.0,0.6,0.4,-17.2,-13.4,-9.5,-13.4,2.0,7.9,10.0,0.0,0.6,0.4,3.3,11.4,19.4,11.4,2.0,16.6,10.0,0.0,0.6,0.4,-11.3,-7.0,-2.7,-7.0,2.0,9.0,10.0,0.0,0.6,0.4,105.5,1000.0,6191.5,3180.0,24.0,4440.5,20.0,0.5,0.6,0.2,105.0,1000.0,6190.0,3180.0,24.0,4440.0,20.0,0.5,0.6,0.2
1974,2,206.0,58.0,3.04,3.65,4.21,3.63,4.0,0.71,18.0,1.0,0.6,0.4,-7.46,-3.3,0.86,-3.3,3.0,6.1,16.0,1.0,0.6,0.4,2.02,2.95,3.89,2.95,2.0,1.94,10.0,1.0,0.4,0.3,83.6,86.9,90.2,86.9,2.0,6.9,10.0,1.0,0.3,8.53,12.6,16.93,12.73,4.0,6.33,18.0,1.0,0.6,0.4,-5.38,7.79,12.61,3.81,4.0,12.19,18.0,1.0,0.6,0.4,-10.13,-1.95,0.0,-4.92,4.0,7.47,18.0,1.0,0.6,0.4,982.43,996.45,1002.25,992.53,4.0,14.44,18.0,1.0,0.6,0.4,4.6,6.0,7.4,6.0,2.0,2.8,20.0,1.0,0.8,0.4,-134.9,84.0,159.2,15.4,4.0,203.6,18.0,1.0,0.6,0.4,-179.8,-10.0,0.0,-86.3,4.0,159.5,18.0,1.0,0.6,0.4,3.03,6.1,10.61,6.8,3.0,5.58,16.0,1.0,0.6,0.4,31.7,33.0,117.1,73.4,3.0,71.7,16.0,1.0,0.6,0.4,1.34,2.18,3.01,2.18,2.0,1.73,10.0,1.0,0.4,0.3,23.1,30.7,38.3,30.7,2.0,15.8,10.0,1.0,0.4,0.3,-90.7,-37.1,-19.2,-54.5,3.0,54.5,16.0,1.0,0.6,0.4,-30.2,0.0,8.8,-10.4,3.0,29.9,16.0,1.0,0.6,0.4,-45.1,-18.9,7.3,-18.9,2.0,54.3,10.0,1.0,0.4,0.3,-57.4,-34.1,-10.8,-34.1,2.0,48.2,10.0,1.0,0.4,0.3,-4.0,14.6,33.2,14.6,2.0,38.5,10.0,1.0,0.4,0.3,-12.6,-7.5,-2.4,-7.5,2.0,10.6,10.0,1.0,0.4,0.3,955.5,2004.0,5602.0,3220.5,4.0,3787.0,18.0,1.0,0.6,0.4,955.0,2005.0,5600.0,3220.0,4.0,3785.0,18.0,1.0,0.6,0.4
1974,2,207.0,-67.0,0.0,0.0,0.0,0.0,1.0,0.0,22.0,1.0,0.4,0.1,0.5,0.5,0.5,0.5,1.0,0.0,22.0,1.0,0.4,0.1,4.06,4.06,4.06,4.06,1.0,0.0,22.0,1.0,0.4,0.1,100.0,100.0,100.0,100.0,1.0,0.0,22.0,1.0,0.1,9.3,9.3,9.3,9.3,1.0,0.0,22.0,1.0,0.4,0.1,9.16,9.16,9.16,9.16,1.0,0.0,22.0,1.0,0.4,0.1,-1.61,-1.61,-1.61,-1.61,1.0,0.0,22.0,1.0,0.4,0.1,977.7,977.7,977.7,977.7,1.0,0.0,22.0,1.0,0.4,0.1,,,,,,,,,,,,,,,,,,,,,,,,,,,,,,,-0.5,-0.5,-0.5,-0.5,1.0,0.0,22.0,1.0,0.4,0.1,-4.6,-4.6,-4.6,-4.6,1.0,0.0,22.0,1.0,0.4,0.1,-0.14,-0.14,-0.14,-0.14,1.0,0.0,22.0,1.0,0.4,0.1,-1.3,-1.3,-1.3,-1.3,1.0,0.0,22.0,1.0,0.4,0.1,4.6,4.6,4.6,4.6,1.0,0.0,22.0,1.0,0.4,0.1,-0.8,-0.8,-0.8,-0.8,1.0,0.0,22.0,1.0,0.4,0.1,37.2,37.2,37.2,37.2,1.0,0.0,22.0,1.0,0.4,0.1,-6.6,-6.6,-6.6,-6.6,1.0,0.0,22.0,1.0,0.4,0.1,-1.3,-1.3,-1.3,-1.3,1.0,0.0,22.0,1.0,0.4,0.1,0.2,0.2,0.2,0.2,1.0,0.0,22.0,1.0,0.4,0.1,804.5,804.5,804.5,804.5,1.0,0.0,22.0,1.0,0.4,0.1,805.0,805.0,805.0,805.0,1.0,0.0,22.0,1.0,0.4,0.1
1974,2,207.0,-61.0,1.06,1.2,1.27,1.17,3.0,0.15,10.0,0.3,0.7,0.4,0.89,1.3,1.44,1.17,3.0,0.42,10.0,0.3,0.7,0.4,3.38,3.64,3.67,3.52,3.0,0.24,10.0,0.3,0.7,0.4,78.2,84.6,89.0,83.6,3.0,7.9,10.0,0.3,0.4,5.86,6.2,8.66,7.23,3.0,2.24,10.0,0.3,0.7,0.4,3.5,4.37,8.08,5.76,3.0,3.56,10.0,0.3,0.7,0.4,-4.83,-3.66,-1.16,-3.01,3.0,2.74,10.0,0.3,0.7,0.4,979.62,987.2,993.75,986.7,3.0,10.36,10.0,0.3,0.7,0.4,7.3,8.0,8.0,7.7,3.0,0.6,10.0,0.3,0.7,0.4,21.0,24.9,73.5,46.7,3.0,42.8,10.0,0.3,0.7,0.4,-29.4,-20.9,-6.6,-18.1,3.0,16.8,10.0,0.3,0.7,0.4,-0.17,-0.1,0.17,0.0,3.0,0.26,10.0,0.3,0.7,0.4,-1.2,-1.0,0.9,-0.2,3.0,1.6,10.0,0.3,0.7,0.4,0.51,0.63,0.89,0.7,3.0,0.28,10.0,0.3,0.7,0.4,3.7,6.2,6.2,5.0,3.0,2.1,10.0,0.3,0.7,0.4,3.6,4.7,10.2,6.8,3.0,5.2,10.0,0.3,0.7,0.4,-6.3,-2.6,-0.8,-3.5,3.0,4.1,10.0,0.3,0.7,0.4,12.0,16.0,29.5,20.6,3.0,13.4,10.0,0.3,0.7,0.4,-16.2,-13.5,-4.3,-10.3,3.0,9.1,10.0,0.3,0.7,0.4,2.3,3.1,5.2,3.8,3.0,2.2,10.0,0.3,0.7,0.4,-4.2,-1.7,-0.5,-2.4,3.0,2.8,10.0,0.3,0.7,0.4,202.0,238.5,718.0,455.0,3.0,422.0,10.0,0.3,0.7,0.4,200.0,240.0,720.0,455.0,3.0,420.0,10.0,0.3,0.7,0.4
1974,2,207.0,-60.0,1.33,1.6,1.6,1.47,3.0,0.23,8.0,0.7,0.3,0.5,0.99,2.7,2.77,1.9,3.0,1.47,8.0,0.7,0.3,0.5,3.65,3.65,3.65,3.65,1.0,0.0,2.0,1.0,0.2,0.4,77.7,77.7,77.7,77.7,1.0,0.0,2.0,1.0,0.4,4.32,9.3,9.64,7.03,3.0,4.37,8.0,0.7,0.3,0.5,3.98,8.49,8.58,6.33,3.0,3.85,8.0,0.7,0.3,0.5,1.57,3.48,4.45,3.02,3.0,2.15,8.0,0.7,0.3,0.5,988.41,988.85,989.29,988.85,2.0,0.92,10.0,0.5,0.4,0.5,6.3,7.0,7.7,7.0,2.0,1.4,10.0,0.5,0.4,0.5,28.0,80.2,82.2,55.7,3.0,45.0,8.0,0.7,0.3,0.5,11.2,32.4,43.1,27.3,3.0,23.7,8.0,0.7,0.3,0.5,-1.17,-1.1,0.33,-0.43,3.0,1.24,8.0,0.7,0.3,0.5,-11.0,-10.8,-2.1,-6.6,3.0,7.5,8.0,0.7,0.3,0.5,0.69,0.69,0.69,0.69,1.0,0.0,2.0,1.0,0.2,0.4,6.8,6.8,6.8,6.8,1.0,0.0,2.0,1.0,0.2,0.4,7.5,22.9,23.8,15.8,3.0,13.4,8.0,0.7,0.3,0.5,3.2,9.8,12.1,7.7,3.0,6.8,8.0,0.7,0.3,0.5,31.0,31.0,31.0,31.0,1.0,0.0,2.0,1.0,0.2,0.4,17.9,17.9,17.9,17.9,1.0,0.0,2.0,1.0,0.2,0.4,5.9,5.9,5.9,5.9,1.0,0.0,2.0,1.0,0.2,0.4,3.4,3.4,3.4,3.4,1.0,0.0,2.0,1.0,0.2,0.4,261.0,804.5,898.0,584.5,3.0,504.0,8.0,0.7,0.3,0.5,260.0,805.0,900.0,585.0,3.0,505.0,8.0,0.7,0.3,0.5
1974,2,207.0,-59.0,3.0,3.0,3.0,3.0,1.0,0.0,2.0,1.0,0.2,0.8,1.2,1.2,1.2,1.2,1.0,0.0,2.0,1.0,0.2,0.8,3.7,3.7,3.7,3.7,1.0,0.0,2.0,1.0,0.2,0.8,87.8,87.8,87.8,87.8,1.0,0.0,2.0,1.0,0.8,7.7,7.7,7.7,7.7,1.0,0.0,2.0,1.0,0.2,0.8,4.95,4.95,4.95,4.95,1.0,0.0,2.0,1.0,0.2,0.8,5.9,5.9,5.9,5.9,1.0,0.0,2.0,1.0,0.2,0.8,989.2,989.2,989.2,989.2,1.0,0.0,2.0,1.0,0.2,0.8,8.0,8.0,8.0,8.0,1.0,0.0,2.0,1.0,0.2,0.8,38.1,38.1,38.1,38.1,1.0,0.0,2.0,1.0,0.2,0.8,45.4,45.4,45.4,45.4,1.0,0.0,2.0,1.0,0.2,0.8,1.8,1.8,1.8,1.8,1.0,0.0,2.0,1.0,0.2,0.8,13.9,13.9,13.9,13.9,1.0,0.0,2.0,1.0,0.2,0.8,1.1,1.1,1.1,1.1,1.0,0.0,2.0,1.0,0.2,0.8,8.4,8.4,8.4,8.4,1.0,0.0,2.0,1.0,0.2,0.8,5.9,5.9,5.9,5.9,1.0,0.0,2.0,1.0,0.2,0.8,7.1,7.1,7.1,7.1,1.0,0.0,2.0,1.0,0.2,0.8,18.3,18.3,18.3,18.3,1.0,0.0,2.0,1.0,0.2,0.8,21.8,21.8,21.8,21.8,1.0,0.0,2.0,1.0,0.2,0.8,5.4,5.4,5.4,5.4,1.0,0.0,2.0,1.0,0.2,0.8,6.5,6.5,6.5,6.5,1.0,0.0,2.0,1.0,0.2,0.8,456.5,456.5,456.5,456.5,1.0,0.0,2.0,1.0,0.2,0.8,455.0,455.0,455.0,455.0,1.0,0.0,2.0,1.0,0.2,0.8
1974,2,207.0,-45.0,15.0,15.0,15.0,15.0,1.0,0.0,22.0,1.0,0.2,0.6,16.5,16.5,16.5,16.5,1.0,0.0,22.0,1.0,0.2,0.6,9.5,9.5,9.5,9.5,1.0,0.0,22.0,1.0,0.2,0.6,81.4,81.4,81.4,81.4,1.0,0.0,22.0,1.0,0.6,9.3,9.3,9.3,9.3,1.0,0.0,22.0,1.0,0.2,0.6,0.0,0.0,0.0,0.0,1.0,0.0,22.0,1.0,0.2,0.6,-9.3,-9.3,-9.3,-9.3,1.0,0.0,22.0,1.0,0.2,0.6,1009.8,1009.8,1009.8,1009.8,1.0,0.0,22.0,1.0,0.2,0.6,5.0,5.0,5.0,5.0,1.0,0.0,22.0,1.0,0.2,0.6,0.0,0.0,0.0,0.0,1.0,0.0,22.0,1.0,0.2,0.6,-86.5,-86.5,-86.5,-86.5,1.0,0.0,22.0,1.0,0.2,0.6,-1.5,-1.5,-1.5,-1.5,1.0,0.0,22.0,1.0,0.2,0.6,-13.9,-13.9,-13.9,-13.9,1.0,0.0,22.0,1.0,0.2,0.6,1.11,1.11,1.11,1.11,1.0,0.0,22.0,1.0,0.2,0.6,10.4,10.4,10.4,10.4,1.0,0.0,22.0,1.0,0.2,0.6,0.0,0.0,0.0,0.0,1.0,0.0,22.0,1.0,0.2,0.6,-153.4,-153.4,-153.4,-153.4,1.0,0.0,22.0,1.0,0.2,0.6,0.0,0.0,0.0,0.0,1.0,0.0,22.0,1.0,0.2,0.6,-88.3,-88.3,-88.3,-88.3,1.0,0.0,22.0,1.0,0.2,0.6,0.0,0.0,0.0,0.0,1.0,0.0,22.0,1.0,0.2,0.6,-10.4,-10.4,-10.4,-10.4,1.0,0.0,22.0,1.0,0.2,0.6,804.5,804.5,804.5,804.5,1.0,0.0,22.0,1.0,0.2,0.6,805.0,805.0,805.0,805.0,1.0,0.0,22.0,1.0,0.2,0.6
1974,2,207.0,-43.0,15.6,15.6,15.6,15.6,1.0,0.0,20.0,1.0,1.0,0.5,16.0,16.0,16.0,16.0,1.0,0.0,20.0,1.0,1.0,0.5,7.02,7.02,7.02,7.02,1.0,0.0,20.0,1.0,1.0,0.5,63.1,63.1,63.1,63.1,1.0,0.0,20.0,1.0,0.5,3.1,3.1,3.1,3.1,1.0,0.0,20.0,1.0,1.0,0.5,-2.37,-2.37,-2.37,-2.37,1.0,0.0,20.0,1.0,1.0,0.5,1.99,1.99,1.99,1.99,1.0,0.0,20.0,1.0,1.0,0.5,1026.2,1026.2,1026.2,1026.2,1.0,0.0,20.0,1.0,1.0,0.5,5.0,5.0,5.0,5.0,1.0,0.0,20.0,1.0,1.0,0.5,-7.4,-7.4,-7.4,-7.4,1.0,0.0,20.0,1.0,1.0,0.5,6.2,6.2,6.2,6.2,1.0,0.0,20.0,1.0,1.0,0.5,-0.4,-0.4,-0.4,-0.4,1.0,0.0,20.0,1.0,1.0,0.5,-1.2,-1.2,-1.2,-1.2,1.0,0.0,20.0,1.0,1.0,0.5,3.84,3.84,3.84,3.84,1.0,0.0,20.0,1.0,1.0,0.5,11.9,11.9,11.9,11.9,1.0,0.0,20.0,1.0,1.0,0.5,-38.0,-38.0,-38.0,-38.0,1.0,0.0,20.0,1.0,1.0,0.5,31.9,31.9,31.9,31.9,1.0,0.0,20.0,1.0,1.0,0.5,-16.7,-16.7,-16.7,-16.7,1.0,0.0,20.0,1.0,1.0,0.5,14.0,14.0,14.0,14.0,1.0,0.0,20.0,1.0,1.0,0.5,-9.1,-9.1,-9.1,-9.1,1.0,0.0,20.0,1.0,1.0,0.5,7.7,7.7,7.7,7.7,1.0,0.0,20.0,1.0,1.0,0.5,30.0,30.0,30.0,30.0,1.0,0.0,20.0,1.0,1.0,0.5,30.0,30.0,30.0,30.0,1.0,0.0,20.0,1.0,1.0,0.5
1974,2,207.0,-40.0,19.4,19.4,19.4,19.4,1.0,0.0,26.0,1.0,1.0,1.0,17.9,17.9,17.9,17.9,1.0,0.0,26.0,1.0,1.0,1.0,12.73,12.73,12.73,12.73,1.0,0.0,26.0,1.0,1.0,1.0,100.0,100.0,100.0,100.0,1.0,0.0,26.0,1.0,1.0,9.8,9.8,9.8,9.8,1.0,0.0,26.0,1.0,1.0,1.0,0.0,0.0,0.0,0.0,1.0,0.0,26.0,1.0,1.0,1.0,9.8,9.8,9.8,9.8,1.0,0.0,26.0,1.0,1.0,1.0,1013.8,1013.8,1013.8,1013.8,1.0,0.0,26.0,1.0,1.0,1.0,5.0,5.0,5.0,5.0,1.0,0.0,26.0,1.0,1.0,1.0,0.0,0.0,0.0,0.0,1.0,0.0,26.0,1.0,1.0,1.0,96.0,96.0,96.0,96.0,1.0,0.0,26.0,1.0,1.0,1.0,1.5,1.5,1.5,1.5,1.0,0.0,26.0,1.0,1.0,1.0,14.7,14.7,14.7,14.7,1.0,0.0,26.0,1.0,1.0,1.0,1.26,1.26,1.26,1.26,1.0,0.0,26.0,1.0,1.0,1.0,12.4,12.4,12.4,12.4,1.0,0.0,26.0,1.0,1.0,1.0,0.0,0.0,0.0,0.0,1.0,0.0,26.0,1.0,1.0,1.0,175.4,175.4,175.4,175.4,1.0,0.0,26.0,1.0,1.0,1.0,0.0,0.0,0.0,0.0,1.0,0.0,26.0,1.0,1.0,1.0,124.8,124.8,124.8,124.8,1.0,0.0,26.0,1.0,1.0,1.0,0.0,0.0,0.0,0.0,1.0,0.0,26.0,1.0,1.0,1.0,12.4,12.4,12.4,12.4,1.0,0.0,26.0,1.0,1.0,1.0,941.0,941.0,941.0,941.0,1.0,0.0,26.0,1.0,1.0,1.0,940.0,940.0,940.0,940.0,1.0,0.0,26.0,1.0,1.0,1.0
1974,2,207.0,-39.0,17.65,18.2,18.75,18.2,2.0,1.13,12.0,0.0,0.6,0.3,17.29,17.9,18.51,17.9,2.0,1.27,12.0,0.0,0.6,0.3,7.3,8.62,9.93,8.62,2.0,2.73,12.0,0.0,0.6,0.3,59.8,67.6,75.4,67.6,2.0,16.2,12.0,0.0,0.3,3.34,3.85,4.36,3.85,2.0,1.06,12.0,0.0,0.6,0.3,-3.39,-0.77,1.84,-0.77,2.0,5.41,12.0,0.0,0.6,0.3,0.09,0.27,0.45,0.27,2.0,0.38,12.0,0.0,0.6,0.3,1020.41,1021.3,1022.19,1021.3,2.0,1.84,12.0,0.0,0.6,0.3,2.8,4.5,6.2,4.5,2.0,3.5,12.0,0.0,0.6,0.3,-16.3,-5.8,4.6,-5.8,2.0,21.7,12.0,0.0,0.6,0.3,0.3,0.8,1.4,0.8,2.0,1.2,12.0,0.0,0.6,0.3,0.23,0.3,0.37,0.3,2.0,0.14,12.0,0.0,0.6,0.3,0.8,1.2,1.6,1.2,2.0,0.9,12.0,0.0,0.6,0.3,3.39,4.28,5.16,4.28,2.0,1.83,12.0,0.0,0.6,0.3,11.8,17.4,23.0,17.4,2.0,11.6,12.0,0.0,0.6,0.3,-56.7,-10.4,35.9,-10.4,2.0,95.9,12.0,0.0,0.6,0.3,1.6,5.1,8.5,5.1,2.0,7.2,12.0,0.0,0.6,0.3,-20.8,0.7,22.2,0.7,2.0,44.5,12.0,0.0,0.6,0.3,0.9,2.8,4.8,2.8,2.0,4.0,12.0,0.0,0.6,0.3,-20.1,-8.3,3.6,-8.3,2.0,24.6,12.0,0.0,0.6,0.3,0.3,0.8,1.4,0.8,2.0,1.1,12.0,0.0,0.6,0.3,40.5,63.5,86.5,63.5,2.0,48.0,12.0,0.0,0.6,0.3,40.0,65.0,85.0,65.0,2.0,50.0,12.0,0.0,0.6,0.3
1974,2,207.0,-37.0,21.1,21.1,21.1,21.1,1.0,0.0,28.0,1.0,0.3,0.6,17.5,17.5,17.5,17.5,1.0,0.0,28.0,1.0,0.3,0.6,9.4,9.4,9.4,9.4,1.0,0.0,28.0,1.0,0.3,0.6,76.4,76.4,76.4,76.4,1.0,0.0,28.0,1.0,0.6,8.7,8.7,8.7,8.7,1.0,0.0,28.0,1.0,0.3,0.6,-2.98,-2.98,-2.98,-2.98,1.0,0.0,28.0,1.0,0.3,0.6,8.18,8.18,8.18,8.18,1.0,0.0,28.0,1.0,0.3,0.6,1020.4,1020.4,1020.4,1020.4,1.0,0.0,28.0,1.0,0.3,0.6,7.0,7.0,7.0,7.0,1.0,0.0,28.0,1.0,0.3,0.6,-25.9,-25.9,-25.9,-25.9,1.0,0.0,28.0,1.0,0.3,0.6,71.1,71.1,71.1,71.1,1.0,0.0,28.0,1.0,0.3,0.6,3.6,3.6,3.6,3.6,1.0,0.0,28.0,1.0,0.3,0.6,31.3,31.3,31.3,31.3,1.0,0.0,28.0,1.0,0.3,0.6,6.06,6.06,6.06,6.06,1.0,0.0,28.0,1.0,0.3,0.6,52.7,52.7,52.7,52.7,1.0,0.0,28.0,1.0,0.3,0.6,-52.1,-52.1,-52.1,-52.1,1.0,0.0,28.0,1.0,0.3,0.6,143.1,143.1,143.1,143.1,1.0,0.0,28.0,1.0,0.3,0.6,-28.0,-28.0,-28.0,-28.0,1.0,0.0,28.0,1.0,0.3,0.6,76.8,76.8,76.8,76.8,1.0,0.0,28.0,1.0,0.3,0.6,-18.0,-18.0,-18.0,-18.0,1.0,0.0,28.0,1.0,0.3,0.6,49.6,49.6,49.6,49.6,1.0,0.0,28.0,1.0,0.3,0.6,658.5,658.5,658.5,658.5,1.0,0.0,28.0,1.0,0.3,0.6,660.0,660.0,660.0,660.0,1.0,0.0,28.0,1.0,0.3,0.6
1974,2,207.0,-33.0,24.0,24.0,24.0,24.0,1.0,0.0,16.0,0.0,1.0,0.4,22.0,22.0,22.0,22.0,1.0,0.0,16.0,0.0,1.0,0.4,12.54,12.54,12.54,12.54,1.0,0.0,16.0,0.0,1.0,0.4,77.1,77.1,77.1,77.1,1.0,0.0,16.0,0.0,0.4,4.6,4.6,4.6,4.6,1.0,0.0,16.0,0.0,1.0,0.4,-1.57,-1.57,-1.57,-1.57,1.0,0.0,16.0,0.0,1.0,0.4,4.32,4.32,4.32,4.32,1.0,0.0,16.0,0.0,1.0,0.4,1022.5,1022.5,1022.5,1022.5,1.0,0.0,16.0,0.0,1.0,0.4,1.0,1.0,1.0,1.0,1.0,0.0,16.0,0.0,1.0,0.4,-7.2,-7.2,-7.2,-7.2,1.0,0.0,16.0,0.0,1.0,0.4,19.9,19.9,19.9,19.9,1.0,0.0,16.0,0.0,1.0,0.4,2.0,2.0,2.0,2.0,1.0,0.0,16.0,0.0,1.0,0.4,9.2,9.2,9.2,9.2,1.0,0.0,16.0,0.0,1.0,0.4,5.9,5.9,5.9,5.9,1.0,0.0,16.0,0.0,1.0,0.4,27.1,27.1,27.1,27.1,1.0,0.0,16.0,0.0,1.0,0.4,-34.6,-34.6,-34.6,-34.6,1.0,0.0,16.0,0.0,1.0,0.4,95.1,95.1,95.1,95.1,1.0,0.0,16.0,0.0,1.0,0.4,-19.7,-19.7,-19.7,-19.7,1.0,0.0,16.0,0.0,1.0,0.4,54.2,54.2,54.2,54.2,1.0,0.0,16.0,0.0,1.0,0.4,-9.3,-9.3,-9.3,-9.3,1.0,0.0,16.0,0.0,1.0,0.4,25.5,25.5,25.5,25.5,1.0,0.0,16.0,0.0,1.0,0.4,97.5,97.5,97.5,97.5,1.0,0.0,16.0,0.0,1.0,0.4,95.0,95.0,95.0,95.0,1.0,0.0,16.0,0.0,1.0,0.4
1974,2,207.0,-31.0,,,,,,,,,,,,,,,,,,,,,,,,,,,,,,,,,,,,,,,,7.33,7.6,7.87,7.6,2.0,0.57,16.0,0.5,0.8,0.7,-6.19,-4.24,-2.29,-4.24,2.0,4.03,16.0,0.5,0.8,0.7,2.3,4.56,6.83,4.56,2.0,4.69,16.0,0.5,0.8,0.7,1012.63,1013.55,1014.47,1013.55,2.0,1.91,16.0,0.5,0.8,0.7,8.0,8.0,8.0,8.0,2.0,0.0,16.0,0.5,0.8,0.7,-44.7,-31.1,-17.5,-31.1,2.0,28.2,16.0,0.5,0.8,0.7,17.6,36.0,54.5,36.0,2.0,38.2,16.0,0.5,0.8,0.7,,,,,,,,,,,,,,,,,,,,,,,,,,,,,,,,,,,,,,,,,-146.2,-99.3,-52.4,-99.3,2.0,97.2,16.0,0.5,0.8,0.7,52.4,101.5,150.5,101.5,2.0,101.6,16.0,0.5,0.8,0.7,-97.9,-66.9,-35.9,-66.9,2.0,64.2,16.0,0.5,0.8,0.7,36.0,70.9,105.8,70.9,2.0,72.3,16.0,0.5,0.8,0.7,,,,,,,,,,,,,,,,,,,,,,,,,,,,,,,,,,,,,,,,
1974,2,207.0,-28.0,,,,,,,,,,,,,,,,,,,,,,,,,,,,,,,,,,,,,,,,4.1,4.1,4.1,4.1,1.0,0.0,22.0,1.0,0.5,0.4,1.4,1.4,1.4,1.4,1.0,0.0,22.0,1.0,0.5,0.4,-3.85,-3.85,-3.85,-3.85,1.0,0.0,22.0,1.0,0.5,0.4,1011.0,1011.0,1011.0,1011.0,1.0,0.0,22.0,1.0,0.5,0.4,,,,,,,,,,,,,,,,,,,,,,,,,,,,,,,,,,,,,,,,,,,,,,,,,,,,,,,,,,,,,,,,,,,,,,,,,,,,,,,,,,,,,,,,,,,,,,,,,,,,,,,,,,,,,,,,,,,,,,,,,,,,,,,,,,,,,,,,,,,,,,,,,,,,,,
1974,2,207.0,-26.0,26.0,26.0,26.0,26.0,1.0,0.0,28.0,1.0,0.5,0.5,26.1,26.1,26.1,26.1,1.0,0.0,28.0,1.0,0.5,0.5,19.37,19.37,19.37,19.37,1.0,0.0,28.0,1.0,0.5,0.5,92.0,92.0,92.0,92.0,1.0,0.0,28.0,1.0,0.5,7.7,7.7,7.7,7.7,1.0,0.0,28.0,1.0,0.5,0.5,-7.24,-7.24,-7.24,-7.24,1.0,0.0,28.0,1.0,0.5,0.5,-2.63,-2.63,-2.63,-2.63,1.0,0.0,28.0,1.0,0.5,0.5,1015.8,1015.8,1015.8,1015.8,1.0,0.0,28.0,1.0,0.5,0.5,7.0,7.0,7.0,7.0,1.0,0.0,28.0,1.0,0.5,0.5,-55.7,-55.7,-55.7,-55.7,1.0,0.0,28.0,1.0,0.5,0.5,-20.3,-20.3,-20.3,-20.3,1.0,0.0,28.0,1.0,0.5,0.5,-0.1,-0.1,-0.1,-0.1,1.0,0.0,28.0,1.0,0.5,0.5,-0.8,-0.8,-0.8,-0.8,1.0,0.0,28.0,1.0,0.5,0.5,1.58,1.58,1.58,1.58,1.0,0.0,28.0,1.0,0.5,0.5,12.2,12.2,12.2,12.2,1.0,0.0,28.0,1.0,0.5,0.5,-188.8,-188.8,-188.8,-188.8,1.0,0.0,28.0,1.0,0.5,0.5,-68.7,-68.7,-68.7,-68.7,1.0,0.0,28.0,1.0,0.5,0.5,-140.1,-140.1,-140.1,-140.1,1.0,0.0,28.0,1.0,0.5,0.5,-51.0,-51.0,-51.0,-51.0,1.0,0.0,28.0,1.0,0.5,0.5,-11.4,-11.4,-11.4,-11.4,1.0,0.0,28.0,1.0,0.5,0.5,-4.2,-4.2,-4.2,-4.2,1.0,0.0,28.0,1.0,0.5,0.5,456.5,456.5,456.5,456.5,1.0,0.0,28.0,1.0,0.5,0.5,455.0,455.0,455.0,455.0,1.0,0.0,28.0,1.0,0.5,0.5
1974,2,207.0,-23.0,27.08,27.25,27.42,27.25,2.0,0.35,22.0,0.5,0.6,0.4,25.37,26.8,28.23,26.8,2.0,2.97,22.0,0.5,0.6,0.4,18.81,19.96,21.11,19.96,2.0,2.39,22.0,0.5,0.6,0.4,88.1,90.5,93.0,90.5,2.0,5.1,22.0,0.5,0.4,4.26,4.6,4.94,4.6,2.0,0.71,22.0,0.5,0.6,0.4,-4.62,-3.57,-2.53,-3.57,2.0,2.16,22.0,0.5,0.6,0.4,-2.99,-1.78,-0.56,-1.78,2.0,2.51,22.0,0.5,0.6,0.4,1012.7,1012.9,1013.1,1012.9,2.0,0.42,22.0,0.5,0.6,0.4,5.3,6.0,6.7,6.0,2.0,1.4,22.0,0.5,0.6,0.4,-23.2,-17.2,-11.2,-17.2,2.0,12.4,22.0,0.5,0.6,0.4,-12.2,-7.3,-2.3,-7.3,2.0,10.3,22.0,0.5,0.6,0.4,-0.81,0.45,1.71,0.45,2.0,2.62,22.0,0.5,0.6,0.4,-3.0,3.0,9.0,3.0,2.0,12.4,22.0,0.5,0.6,0.4,1.76,2.68,3.59,2.68,2.0,1.9,22.0,0.5,0.6,0.4,7.8,13.0,18.1,13.0,2.0,10.6,22.0,0.5,0.6,0.4,-115.4,-92.6,-69.8,-92.6,2.0,47.2,22.0,0.5,0.6,0.4,-86.3,-51.3,-16.3,-51.3,2.0,72.6,22.0,0.5,0.6,0.4,-85.4,-68.8,-52.1,-68.8,2.0,34.5,22.0,0.5,0.6,0.4,-64.7,-38.4,-12.2,-38.4,2.0,54.4,22.0,0.5,0.6,0.4,-17.7,-11.6,-5.5,-11.6,2.0,12.6,22.0,0.5,0.6,0.4,-4.0,-2.4,-0.7,-2.4,2.0,3.3,22.0,0.5,0.6,0.4,79.0,101.0,122.5,101.0,2.0,45.0,22.0,0.5,0.6,0.4,80.0,100.0,125.0,100.0,2.0,45.0,22.0,0.5,0.6,0.4
1974,2,207.0,-22.0,28.0,28.0,28.0,28.0,1.0,0.0,22.0,1.0,0.7,0.1,28.4,28.4,28.4,28.4,1.0,0.0,22.0,1.0,0.7,0.1,17.95,17.95,17.95,17.95,1.0,0.0,22.0,1.0,0.7,0.1,74.3,74.3,74.3,74.3,1.0,0.0,22.0,1.0,0.1,11.3,11.3,11.3,11.3,1.0,0.0,22.0,1.0,0.7,0.1,-10.62,-10.62,-10.62,-10.62,1.0,0.0,22.0,1.0,0.7,0.1,-3.86,-3.86,-3.86,-3.86,1.0,0.0,22.0,1.0,0.7,0.1,1012.5,1012.5,1012.5,1012.5,1.0,0.0,22.0,1.0,0.7,0.1,5.0,5.0,5.0,5.0,1.0,0.0,22.0,1.0,0.7,0.1,-120.0,-120.0,-120.0,-120.0,1.0,0.0,22.0,1.0,0.7,0.1,-43.7,-43.7,-43.7,-43.7,1.0,0.0,22.0,1.0,0.7,0.1,-0.4,-0.4,-0.4,-0.4,1.0,0.0,22.0,1.0,0.7,0.1,-4.5,-4.5,-4.5,-4.5,1.0,0.0,22.0,1.0,0.7,0.1,5.72,5.72,5.72,5.72,1.0,0.0,22.0,1.0,0.7,0.1,64.7,64.7,64.7,64.7,1.0,0.0,22.0,1.0,0.7,0.1,-301.6,-301.6,-301.6,-301.6,1.0,0.0,22.0,1.0,0.7,0.1,-109.8,-109.8,-109.8,-109.8,1.0,0.0,22.0,1.0,0.7,0.1,-190.6,-190.6,-190.6,-190.6,1.0,0.0,22.0,1.0,0.7,0.1,-69.4,-69.4,-69.4,-69.4,1.0,0.0,22.0,1.0,0.7,0.1,-60.8,-60.8,-60.8,-60.8,1.0,0.0,22.0,1.0,0.7,0.1,-22.1,-22.1,-22.1,-22.1,1.0,0.0,22.0,1.0,0.7,0.1,1443.0,1443.0,1443.0,1443.0,1.0,0.0,22.0,1.0,0.7,0.1,1445.0,1445.0,1445.0,1445.0,1.0,0.0,22.0,1.0,0.7,0.1
1974,2,207.0,-20.0,,,,,,,,,,,,,,,,,,,,,,,,,,,,,,,,,,,,,,,,13.4,13.4,13.4,13.4,1.0,0.0,8.0,0.0,0.8,0.2,-10.26,-10.26,-10.26,-10.26,1.0,0.0,8.0,0.0,0.8,0.2,-8.61,-8.61,-8.61,-8.61,1.0,0.0,8.0,0.0,0.8,0.2,1013.8,1013.8,1013.8,1013.8,1.0,0.0,8.0,0.0,0.8,0.2,,,,,,,,,,,,,,,,,,,,,,,,,,,,,,,,,,,,,,,,,,,,,,,,,,,,,,,,,,,,,,,,,,,,,,,,,,,,,,,,,,,,,,,,,,,,,,,,,,,,,,,,,,,,,,,,,,,,,,,,,,,,,,,,,,,,,,,,,,,,,,,,,,,,,,
1974,2,207.0,-19.0,,,,,,,,,,,,,,,,,,,,,,,,,,,,,,,,,,,,,,,,10.3,10.3,10.3,10.3,1.0,0.0,14.0,1.0,1.0,0.5,-10.14,-10.14,-10.14,-10.14,1.0,0.0,14.0,1.0,1.0,0.5,-1.79,-1.79,-1.79,-1.79,1.0,0.0,14.0,1.0,1.0,0.5,1015.0,1015.0,1015.0,1015.0,1.0,0.0,14.0,1.0,1.0,0.5,,,,,,,,,,,,,,,,,,,,,,,,,,,,,,,,,,,,,,,,,,,,,,,,,,,,,,,,,,,,,,,,,,,,,,,,,,,,,,,,,,,,,,,,,,,,,,,,,,,,,,,,,,,,,,,,,,,,,,,,,,,,,,,,,,,,,,,,,,,,,,,,,,,,,,
1974,2,207.0,-18.0,26.84,27.0,27.1,26.98,4.0,0.21,18.0,0.5,0.7,0.4,26.2,26.5,26.9,26.55,4.0,0.41,18.0,0.5,0.7,0.4,15.86,16.49,16.56,16.22,3.0,0.56,18.0,0.3,0.6,0.3,72.5,76.1,81.8,77.1,4.0,6.1,18.0,0.5,0.4,1.71,4.9,6.99,4.38,4.0,3.37,18.0,0.5,0.7,0.4,-6.23,-4.17,-1.71,-3.98,4.0,3.14,18.0,0.5,0.7,0.4,-2.72,-0.67,0.0,-1.33,4.0,1.88,18.0,0.5,0.7,0.4,1011.66,1011.8,1012.89,1012.27,3.0,0.99,18.0,0.3,0.6,0.3,2.5,3.5,4.0,3.3,4.0,1.0,18.0,0.5,0.7,0.4,-44.6,-21.2,-6.2,-25.2,4.0,25.2,18.0,0.5,0.7,0.4,-17.8,-5.1,0.0,-8.8,4.0,11.7,18.0,0.5,0.7,0.4,0.1,0.35,0.76,0.43,4.0,0.43,18.0,0.5,0.7,0.4,0.0,0.4,4.4,2.1,4.0,3.7,18.0,0.5,0.7,0.4,5.5,5.84,6.44,5.97,3.0,0.7,18.0,0.3,0.6,0.3,7.7,24.2,32.4,20.1,3.0,18.4,18.0,0.3,0.6,0.3,-165.1,-112.4,-45.9,-105.8,4.0,82.5,18.0,0.5,0.7,0.4,-73.1,-17.5,0.0,-35.7,4.0,50.7,18.0,0.5,0.7,0.4,-71.2,-56.0,-17.8,-44.8,3.0,40.4,18.0,0.3,0.6,0.3,-44.9,0.0,0.0,-21.9,3.0,37.9,18.0,0.3,0.6,0.3,-26.6,-24.2,-7.7,-17.3,3.0,15.1,18.0,0.3,0.6,0.3,-15.9,0.0,0.0,-7.8,3.0,13.4,18.0,0.3,0.6,0.3,22.0,142.5,352.5,185.5,4.0,208.0,18.0,0.5,0.7,0.4,20.0,140.0,355.0,185.0,4.0,210.0,18.0,0.5,0.7,0.4
1974,2,207.0,-16.0,27.91,28.35,28.79,28.35,2.0,0.92,12.0,0.5,0.7,0.5,27.35,28.1,28.85,28.1,2.0,1.56,12.0,0.5,0.7,0.5,16.76,16.76,16.76,16.76,1.0,0.0,6.0,0.0,0.9,0.5,75.5,75.5,75.5,75.5,1.0,0.0,6.0,0.0,0.5,4.33,5.9,7.47,5.9,2.0,3.25,12.0,0.5,0.7,0.5,-7.44,-5.79,-4.15,-5.79,2.0,3.41,12.0,0.5,0.7,0.5,-1.04,-0.62,-0.2,-0.62,2.0,0.87,12.0,0.5,0.7,0.5,1009.71,1011.45,1013.19,1011.45,2.0,3.61,12.0,0.5,0.7,0.5,2.8,4.5,6.2,4.5,2.0,3.5,12.0,0.5,0.7,0.5,-58.5,-39.7,-20.9,-39.7,2.0,38.9,12.0,0.5,0.7,0.5,-3.7,-2.2,-0.7,-2.2,2.0,3.1,12.0,0.5,0.7,0.5,-0.06,0.25,0.56,0.25,2.0,0.64,12.0,0.5,0.7,0.5,-1.0,0.4,1.9,0.4,2.0,2.9,12.0,0.5,0.7,0.5,6.47,6.47,6.47,6.47,1.0,0.0,6.0,0.0,0.9,0.5,23.3,23.3,23.3,23.3,1.0,0.0,6.0,0.0,0.9,0.5,-215.9,-165.4,-114.8,-165.4,2.0,104.7,12.0,0.5,0.7,0.5,-28.0,-16.6,-5.3,-16.6,2.0,23.5,12.0,0.5,0.7,0.5,-56.7,-56.7,-56.7,-56.7,1.0,0.0,6.0,0.0,0.9,0.5,-20.6,-20.6,-20.6,-20.6,1.0,0.0,6.0,0.0,0.9,0.5,-21.9,-21.9,-21.9,-21.9,1.0,0.0,6.0,0.0,0.9,0.5,-8.0,-8.0,-8.0,-8.0,1.0,0.0,6.0,0.0,0.9,0.5,127.0,299.0,471.5,299.0,2.0,357.0,12.0,0.5,0.7,0.5,125.0,300.0,470.0,300.0,2.0,355.0,12.0,0.5,0.7,0.5
1974,2,207.0,-15.0,27.3,27.3,27.3,27.3,1.0,0.0,10.0,1.0,0.7,0.4,28.0,28.0,28.0,28.0,1.0,0.0,10.0,1.0,0.7,0.4,17.38,17.38,17.38,17.38,1.0,0.0,10.0,1.0,0.7,0.4,73.4,73.4,73.4,73.4,1.0,0.0,10.0,1.0,0.4,8.7,8.7,8.7,8.7,1.0,0.0,10.0,1.0,0.7,0.4,-7.53,-7.53,-7.53,-7.53,1.0,0.0,10.0,1.0,0.7,0.4,4.35,4.35,4.35,4.35,1.0,0.0,10.0,1.0,0.7,0.4,1008.4,1008.4,1008.4,1008.4,1.0,0.0,10.0,1.0,0.7,0.4,6.0,6.0,6.0,6.0,1.0,0.0,10.0,1.0,0.7,0.4,-65.5,-65.5,-65.5,-65.5,1.0,0.0,10.0,1.0,0.7,0.4,37.8,37.8,37.8,37.8,1.0,0.0,10.0,1.0,0.7,0.4,-0.7,-0.7,-0.7,-0.7,1.0,0.0,10.0,1.0,0.7,0.4,-6.1,-6.1,-6.1,-6.1,1.0,0.0,10.0,1.0,0.7,0.4,5.43,5.43,5.43,5.43,1.0,0.0,10.0,1.0,0.7,0.4,47.2,47.2,47.2,47.2,1.0,0.0,10.0,1.0,0.7,0.4,-211.0,-211.0,-211.0,-211.0,1.0,0.0,10.0,1.0,0.7,0.4,121.8,121.8,121.8,121.8,1.0,0.0,10.0,1.0,0.7,0.4,-130.9,-130.9,-130.9,-130.9,1.0,0.0,10.0,1.0,0.7,0.4,75.6,75.6,75.6,75.6,1.0,0.0,10.0,1.0,0.7,0.4,-40.9,-40.9,-40.9,-40.9,1.0,0.0,10.0,1.0,0.7,0.4,23.6,23.6,23.6,23.6,1.0,0.0,10.0,1.0,0.7,0.4,658.5,658.5,658.5,658.5,1.0,0.0,10.0,1.0,0.7,0.4,660.0,660.0,660.0,660.0,1.0,0.0,10.0,1.0,0.7,0.4
1974,2,207.0,-14.0,28.44,29.4,29.4,28.93,3.0,0.81,14.0,0.7,0.6,0.5,27.74,28.7,29.5,28.63,4.0,1.03,16.0,0.5,0.6,0.5,17.28,17.56,18.63,17.95,3.0,1.05,14.0,0.7,0.6,0.5,70.1,73.7,74.6,72.4,3.0,3.5,14.0,0.7,0.5,3.55,4.6,5.96,4.75,4.0,1.89,16.0,0.5,0.6,0.5,-5.96,-4.46,-2.52,-4.25,4.0,2.59,16.0,0.5,0.6,0.5,0.0,0.79,2.03,1.0,4.0,1.21,16.0,0.5,0.6,0.5,1009.89,1012.1,1014.52,1012.2,4.0,2.7,16.0,0.5,0.6,0.5,3.5,5.0,6.5,5.0,4.0,1.8,16.0,0.5,0.6,0.5,-37.2,-20.5,-10.7,-23.8,4.0,20.6,16.0,0.5,0.6,0.5,0.0,3.2,6.8,3.4,4.0,3.9,16.0,0.5,0.6,0.5,-0.14,0.0,0.34,0.1,3.0,0.36,14.0,0.7,0.6,0.5,-0.4,0.0,2.5,1.0,3.0,2.2,14.0,0.7,0.6,0.5,6.52,6.65,7.72,7.11,3.0,0.96,14.0,0.7,0.6,0.5,23.8,37.8,43.7,33.9,3.0,15.0,14.0,0.7,0.6,0.5,-168.1,-128.1,-71.4,-120.1,4.0,70.9,16.0,0.5,0.6,0.5,0.0,22.0,58.9,29.1,4.0,35.5,16.0,0.5,0.6,0.5,-110.0,-80.8,-37.3,-73.8,3.0,53.6,14.0,0.7,0.6,0.5,0.0,0.0,31.9,15.6,3.0,27.0,14.0,0.7,0.6,0.5,-43.7,-37.8,-16.0,-30.1,3.0,21.4,14.0,0.7,0.6,0.5,0.0,0.0,11.1,5.4,3.0,9.4,14.0,0.7,0.6,0.5,55.5,97.5,242.0,146.5,4.0,156.0,16.0,0.5,0.6,0.5,55.0,95.0,240.0,145.0,4.0,155.0,16.0,0.5,0.6,0.5
1974,2,207.0,-11.0,27.99,28.4,28.81,28.4,2.0,0.85,14.0,0.5,0.8,0.3,27.83,27.9,27.97,27.9,2.0,0.14,14.0,0.5,0.8,0.3,16.26,16.79,17.32,16.79,2.0,1.1,14.0,0.5,0.8,0.3,69.5,71.4,73.4,71.4,2.0,4.0,14.0,0.5,0.3,3.0,3.85,4.7,3.85,2.0,1.77,14.0,0.5,0.8,0.3,-4.58,-3.64,-2.69,-3.64,2.0,1.96,14.0,0.5,0.8,0.3,0.95,1.09,1.23,1.09,2.0,0.29,14.0,0.5,0.8,0.3,1009.76,1009.9,1010.04,1009.9,2.0,0.28,14.0,0.5,0.8,0.3,3.0,3.0,3.0,3.0,2.0,0.0,14.0,0.5,0.8,0.3,-22.5,-15.7,-9.0,-15.7,2.0,14.0,14.0,0.5,0.8,0.3,3.6,3.9,4.3,3.9,2.0,0.8,14.0,0.5,0.8,0.3,0.16,0.5,0.84,0.5,2.0,0.71,14.0,0.5,0.8,0.3,0.4,1.3,2.2,1.3,2.0,1.8,14.0,0.5,0.8,0.3,7.47,7.53,7.59,7.53,2.0,0.13,14.0,0.5,0.8,0.3,22.7,28.9,35.1,28.9,2.0,12.8,14.0,0.5,0.8,0.3,-127.5,-101.3,-75.2,-101.3,2.0,54.1,14.0,0.5,0.8,0.3,26.5,30.5,34.5,30.5,2.0,8.3,14.0,0.5,0.8,0.3,-73.9,-60.0,-46.0,-60.0,2.0,28.9,14.0,0.5,0.8,0.3,15.6,18.5,21.5,18.5,2.0,6.1,14.0,0.5,0.8,0.3,-34.2,-27.3,-20.4,-27.3,2.0,14.3,14.0,0.5,0.8,0.3,7.1,8.2,9.4,8.2,2.0,2.3,14.0,0.5,0.8,0.3,36.0,75.0,114.5,75.0,2.0,81.5,14.0,0.5,0.8,0.3,35.0,75.0,115.0,75.0,2.0,80.0,14.0,0.5,0.8,0.3
1974,2,207.0,-10.0,27.8,27.8,27.8,27.8,1.0,0.0,2.0,1.0,0.3,0.8,27.6,27.6,27.6,27.6,1.0,0.0,2.0,1.0,0.3,0.8,17.87,17.87,17.87,17.87,1.0,0.0,2.0,1.0,0.3,0.8,77.4,77.4,77.4,77.4,1.0,0.0,2.0,1.0,0.8,3.6,3.6,3.6,3.6,1.0,0.0,2.0,1.0,0.3,0.8,-3.38,-3.38,-3.38,-3.38,1.0,0.0,2.0,1.0,0.3,0.8,-1.23,-1.23,-1.23,-1.23,1.0,0.0,2.0,1.0,0.3,0.8,1010.8,1010.8,1010.8,1010.8,1.0,0.0,2.0,1.0,0.3,0.8,3.0,3.0,3.0,3.0,1.0,0.0,2.0,1.0,0.3,0.8,-12.2,-12.2,-12.2,-12.2,1.0,0.0,2.0,1.0,0.3,0.8,-4.4,-4.4,-4.4,-4.4,1.0,0.0,2.0,1.0,0.3,0.8,0.2,0.2,0.2,0.2,1.0,0.0,2.0,1.0,0.3,0.8,0.7,0.7,0.7,0.7,1.0,0.0,2.0,1.0,0.3,0.8,5.56,5.56,5.56,5.56,1.0,0.0,2.0,1.0,0.3,0.8,20.0,20.0,20.0,20.0,1.0,0.0,2.0,1.0,0.3,0.8,-93.4,-93.4,-93.4,-93.4,1.0,0.0,2.0,1.0,0.3,0.8,-34.0,-34.0,-34.0,-34.0,1.0,0.0,2.0,1.0,0.3,0.8,-60.5,-60.5,-60.5,-60.5,1.0,0.0,2.0,1.0,0.3,0.8,-22.0,-22.0,-22.0,-22.0,1.0,0.0,2.0,1.0,0.3,0.8,-18.8,-18.8,-18.8,-18.8,1.0,0.0,2.0,1.0,0.3,0.8,-6.8,-6.8,-6.8,-6.8,1.0,0.0,2.0,1.0,0.3,0.8,46.5,46.5,46.5,46.5,1.0,0.0,2.0,1.0,0.3,0.8,45.0,45.0,45.0,45.0,1.0,0.0,2.0,1.0,0.3,0.8
1974,2,207.0,-8.0,27.21,27.45,27.69,27.45,2.0,0.49,10.0,0.5,0.9,0.2,26.72,26.75,26.78,26.75,2.0,0.07,10.0,0.5,0.9,0.2,16.0,16.56,17.12,16.56,2.0,1.17,10.0,0.5,0.9,0.2,72.6,75.3,78.0,75.3,2.0,5.5,10.0,0.5,0.2,5.27,5.65,6.03,5.65,2.0,0.78,10.0,0.5,0.9,0.2,-5.7,-5.42,-5.15,-5.42,2.0,0.57,10.0,0.5,0.9,0.2,-1.92,-1.5,-1.08,-1.5,2.0,0.87,10.0,0.5,0.9,0.2,1008.01,1008.45,1008.89,1008.45,2.0,0.92,10.0,0.5,0.9,0.2,3.5,4.5,5.5,4.5,2.0,2.1,10.0,0.5,0.9,0.2,-34.5,-30.9,-27.3,-30.9,2.0,7.4,10.0,0.5,0.9,0.2,-11.8,-8.8,-5.9,-8.8,2.0,6.1,10.0,0.5,0.9,0.2,0.43,0.7,0.97,0.7,2.0,0.57,10.0,0.5,0.9,0.2,2.4,4.2,6.0,4.2,2.0,3.7,10.0,0.5,0.9,0.2,6.23,6.45,6.68,6.45,2.0,0.47,10.0,0.5,0.9,0.2,35.1,36.3,37.4,36.3,2.0,2.4,10.0,0.5,0.9,0.2,-152.2,-145.1,-137.9,-145.1,2.0,14.8,10.0,0.5,0.9,0.2,-51.4,-40.2,-29.0,-40.2,2.0,23.3,10.0,0.5,0.9,0.2,-97.8,-90.2,-82.6,-90.2,2.0,15.8,10.0,0.5,0.9,0.2,-33.2,-25.4,-17.6,-25.4,2.0,16.2,10.0,0.5,0.9,0.2,-35.4,-34.9,-34.3,-34.9,2.0,1.1,10.0,0.5,0.9,0.2,-11.9,-9.5,-7.1,-9.5,2.0,4.9,10.0,0.5,0.9,0.2,149.5,185.5,221.5,185.5,2.0,74.5,10.0,0.5,0.9,0.2,150.0,185.0,220.0,185.0,2.0,75.0,10.0,0.5,0.9,0.2
1974,2,207.0,-7.0,26.27,26.65,27.03,26.65,2.0,0.78,10.0,1.0,0.5,0.8,26.49,27.1,27.71,27.1,2.0,1.27,10.0,1.0,0.5,0.8,15.77,16.52,17.26,16.52,2.0,1.54,10.0,1.0,0.5,0.8,72.9,73.5,74.0,73.5,2.0,1.2,10.0,1.0,0.8,8.27,9.5,10.73,9.5,2.0,2.55,10.0,1.0,0.5,0.8,-9.99,-8.64,-7.3,-8.64,2.0,2.79,10.0,1.0,0.5,0.8,-3.86,-3.86,-3.85,-3.86,2.0,0.01,10.0,1.0,0.5,0.8,1007.9,1008.75,1009.6,1008.75,2.0,1.77,10.0,1.0,0.5,0.8,4.2,4.5,4.8,4.5,2.0,0.7,10.0,1.0,0.5,0.8,-109.1,-85.7,-62.2,-85.7,2.0,48.5,10.0,1.0,0.5,0.8,-41.4,-36.7,-31.9,-36.7,2.0,9.9,10.0,1.0,0.5,0.8,-0.69,-0.45,-0.21,-0.45,2.0,0.49,10.0,1.0,0.5,0.8,-7.7,-4.9,-2.1,-4.9,2.0,5.8,10.0,1.0,0.5,0.8,5.19,5.42,5.66,5.42,2.0,0.48,10.0,1.0,0.5,0.8,46.5,50.9,55.4,50.9,2.0,9.2,10.0,1.0,0.5,0.8,-277.9,-236.0,-194.2,-236.0,2.0,86.7,10.0,1.0,0.5,0.8,-107.0,-104.5,-102.0,-104.5,2.0,5.2,10.0,1.0,0.5,0.8,-173.6,-144.9,-116.2,-144.9,2.0,59.4,10.0,1.0,0.5,0.8,-66.7,-63.7,-60.8,-63.7,2.0,6.1,10.0,1.0,0.5,0.8,-51.5,-46.2,-40.9,-46.2,2.0,11.0,10.0,1.0,0.5,0.8,-21.8,-20.9,-20.0,-20.9,2.0,1.8,10.0,1.0,0.5,0.8,613.0,949.5,1286.5,949.5,2.0,697.5,10.0,1.0,0.5,0.8,615.0,950.0,1285.0,950.0,2.0,695.0,10.0,1.0,0.5,0.8
1974,2,207.0,-5.0,26.1,26.1,26.1,26.1,1.0,0.0,8.0,1.0,0.1,0.8,24.5,24.7,24.9,24.7,2.0,0.42,10.0,0.5,0.1,0.6,15.65,16.3,16.96,16.3,2.0,1.35,10.0,0.5,0.1,0.6,81.4,83.7,86.0,83.7,2.0,4.8,10.0,0.5,0.6,7.53,8.25,8.97,8.25,2.0,1.48,10.0,0.5,0.1,0.6,-8.83,-8.12,-7.42,-8.12,2.0,1.46,10.0,0.5,0.1,0.6,-1.56,-1.43,-1.31,-1.43,2.0,0.26,10.0,0.5,0.1,0.6,1009.02,1009.05,1009.08,1009.05,2.0,0.07,10.0,0.5,0.1,0.6,3.5,4.5,5.5,4.5,2.0,2.1,10.0,0.5,0.1,0.6,-79.8,-68.1,-56.5,-68.1,2.0,24.1,10.0,0.5,0.1,0.6,-14.1,-12.0,-10.0,-12.0,2.0,4.3,10.0,0.5,0.1,0.6,1.1,1.1,1.1,1.1,1.0,0.0,8.0,1.0,0.1,0.8,10.2,10.2,10.2,10.2,1.0,0.0,8.0,1.0,0.1,0.8,3.95,3.95,3.95,3.95,1.0,0.0,8.0,1.0,0.1,0.8,36.8,36.8,36.8,36.8,1.0,0.0,8.0,1.0,0.1,0.8,-220.1,-201.0,-181.9,-201.0,2.0,39.6,10.0,0.5,0.1,0.6,-38.8,-35.4,-32.1,-35.4,2.0,7.0,10.0,0.5,0.1,0.6,-150.2,-133.4,-116.6,-133.4,2.0,34.8,10.0,0.5,0.1,0.6,-26.5,-23.5,-20.6,-23.5,2.0,6.1,10.0,0.5,0.1,0.6,-36.2,-36.2,-36.2,-36.2,1.0,0.0,8.0,1.0,0.1,0.8,-6.4,-6.4,-6.4,-6.4,1.0,0.0,8.0,1.0,0.1,0.8,441.5,589.0,736.0,589.0,2.0,305.0,10.0,0.5,0.1,0.6,440.0,590.0,735.0,590.0,2.0,305.0,10.0,0.5,0.1,0.6
1974,2,207.0,5.0,24.4,24.4,24.4,24.4,1.0,0.0,14.0,1.0,0.3,0.5,24.4,24.4,24.4,24.4,1.0,0.0,14.0,1.0,0.3,0.5,15.9,15.9,15.9,15.9,1.0,0.0,14.0,1.0,0.3,0.5,83.4,83.4,83.4,83.4,1.0,0.0,14.0,1.0,0.5,6.2,6.2,6.2,6.2,1.0,0.0,14.0,1.0,0.3,0.5,-6.2,-6.2,-6.2,-6.2,1.0,0.0,14.0,1.0,0.3,0.5,0.0,0.0,0.0,0.0,1.0,0.0,14.0,1.0,0.3,0.5,1011.0,1011.0,1011.0,1011.0,1.0,0.0,14.0,1.0,0.3,0.5,4.0,4.0,4.0,4.0,1.0,0.0,14.0,1.0,0.3,0.5,-38.4,-38.4,-38.4,-38.4,1.0,0.0,14.0,1.0,0.3,0.5,0.0,0.0,0.0,0.0,1.0,0.0,14.0,1.0,0.3,0.5,0.0,0.0,0.0,0.0,1.0,0.0,14.0,1.0,0.3,0.5,0.0,0.0,0.0,0.0,1.0,0.0,14.0,1.0,0.3,0.5,3.21,3.21,3.21,3.21,1.0,0.0,14.0,1.0,0.3,0.5,19.9,19.9,19.9,19.9,1.0,0.0,14.0,1.0,0.3,0.5,-151.3,-151.3,-151.3,-151.3,1.0,0.0,14.0,1.0,0.3,0.5,0.0,0.0,0.0,0.0,1.0,0.0,14.0,1.0,0.3,0.5,-98.6,-98.6,-98.6,-98.6,1.0,0.0,14.0,1.0,0.3,0.5,0.0,0.0,0.0,0.0,1.0,0.0,14.0,1.0,0.3,0.5,-19.9,-19.9,-19.9,-19.9,1.0,0.0,14.0,1.0,0.3,0.5,0.0,0.0,0.0,0.0,1.0,0.0,14.0,1.0,0.3,0.5,238.5,238.5,238.5,238.5,1.0,0.0,14.0,1.0,0.3,0.5,240.0,240.0,240.0,240.0,1.0,0.0,14.0,1.0,0.3,0.5
1974,2,207.0,8.0,26.1,26.1,26.1,26.1,1.0,0.0,16.0,1.0,0.9,0.9,25.8,25.8,25.8,25.8,1.0,0.0,16.0,1.0,0.9,0.9,15.96,15.96,15.96,15.96,1.0,0.0,16.0,1.0,0.9,0.9,77.2,77.2,77.2,77.2,1.0,0.0,16.0,1.0,0.9,8.7,8.7,8.7,8.7,1.0,0.0,16.0,1.0,0.9,0.9,-8.18,-8.18,-8.18,-8.18,1.0,0.0,16.0,1.0,0.9,0.9,-2.98,-2.98,-2.98,-2.98,1.0,0.0,16.0,1.0,0.9,0.9,1013.4,1013.4,1013.4,1013.4,1.0,0.0,16.0,1.0,0.9,0.9,7.0,7.0,7.0,7.0,1.0,0.0,16.0,1.0,0.9,0.9,-71.1,-71.1,-71.1,-71.1,1.0,0.0,16.0,1.0,0.9,0.9,-25.9,-25.9,-25.9,-25.9,1.0,0.0,16.0,1.0,0.9,0.9,0.3,0.3,0.3,0.3,1.0,0.0,16.0,1.0,0.9,0.9,2.6,2.6,2.6,2.6,1.0,0.0,16.0,1.0,0.9,0.9,5.16,5.16,5.16,5.16,1.0,0.0,16.0,1.0,0.9,0.9,44.9,44.9,44.9,44.9,1.0,0.0,16.0,1.0,0.9,0.9,-210.9,-210.9,-210.9,-210.9,1.0,0.0,16.0,1.0,0.9,0.9,-76.8,-76.8,-76.8,-76.8,1.0,0.0,16.0,1.0,0.9,0.9,-130.5,-130.5,-130.5,-130.5,1.0,0.0,16.0,1.0,0.9,0.9,-47.5,-47.5,-47.5,-47.5,1.0,0.0,16.0,1.0,0.9,0.9,-42.2,-42.2,-42.2,-42.2,1.0,0.0,16.0,1.0,0.9,0.9,-15.4,-15.4,-15.4,-15.4,1.0,0.0,16.0,1.0,0.9,0.9,658.5,658.5,658.5,658.5,1.0,0.0,16.0,1.0,0.9,0.9,660.0,660.0,660.0,660.0,1.0,0.0,16.0,1.0,0.9,0.9
1974,2,207.0,9.0,26.0,26.0,26.0,26.0,1.0,0.0,10.0,0.0,0.2,0.3,24.5,24.5,24.5,24.5,1.0,0.0,10.0,0.0,0.2,0.3,16.11,16.11,16.11,16.11,1.0,0.0,10.0,0.0,0.2,0.3,83.9,83.9,83.9,83.9,1.0,0.0,10.0,0.0,0.3,10.3,10.3,10.3,10.3,1.0,0.0,10.0,0.0,0.2,0.3,-8.92,-8.92,-8.92,-8.92,1.0,0.0,10.0,0.0,0.2,0.3,-5.15,-5.15,-5.15,-5.15,1.0,0.0,10.0,0.0,0.2,0.3,1009.9,1009.9,1009.9,1009.9,1.0,0.0,10.0,0.0,0.2,0.3,2.0,2.0,2.0,2.0,1.0,0.0,10.0,0.0,0.2,0.3,-91.9,-91.9,-91.9,-91.9,1.0,0.0,10.0,0.0,0.2,0.3,-53.0,-53.0,-53.0,-53.0,1.0,0.0,10.0,0.0,0.2,0.3,1.5,1.5,1.5,1.5,1.0,0.0,10.0,0.0,0.2,0.3,15.5,15.5,15.5,15.5,1.0,0.0,10.0,0.0,0.2,0.3,4.95,4.95,4.95,4.95,1.0,0.0,10.0,0.0,0.2,0.3,51.0,51.0,51.0,51.0,1.0,0.0,10.0,0.0,0.2,0.3,-218.5,-218.5,-218.5,-218.5,1.0,0.0,10.0,0.0,0.2,0.3,-126.2,-126.2,-126.2,-126.2,1.0,0.0,10.0,0.0,0.2,0.3,-143.7,-143.7,-143.7,-143.7,1.0,0.0,10.0,0.0,0.2,0.3,-83.0,-83.0,-83.0,-83.0,1.0,0.0,10.0,0.0,0.2,0.3,-44.2,-44.2,-44.2,-44.2,1.0,0.0,10.0,0.0,0.2,0.3,-25.5,-25.5,-25.5,-25.5,1.0,0.0,10.0,0.0,0.2,0.3,1092.5,1092.5,1092.5,1092.5,1.0,0.0,10.0,0.0,0.2,0.3,1095.0,1095.0,1095.0,1095.0,1.0,0.0,10.0,0.0,0.2,0.3
1974,2,207.0,10.0,26.0,26.0,26.0,26.0,1.0,0.0,16.0,1.0,0.2,0.1,26.0,26.0,26.0,26.0,1.0,0.0,16.0,1.0,0.2,0.1,17.53,17.53,17.53,17.53,1.0,0.0,16.0,1.0,0.2,0.1,83.6,83.6,83.6,83.6,1.0,0.0,16.0,1.0,0.1,11.8,11.8,11.8,11.8,1.0,0.0,16.0,1.0,0.2,0.1,-10.22,-10.22,-10.22,-10.22,1.0,0.0,16.0,1.0,0.2,0.1,-5.9,-5.9,-5.9,-5.9,1.0,0.0,16.0,1.0,0.2,0.1,1012.0,1012.0,1012.0,1012.0,1.0,0.0,16.0,1.0,0.2,0.1,7.0,7.0,7.0,7.0,2.0,0.0,10.0,1.0,0.6,0.4,-120.6,-120.6,-120.6,-120.6,1.0,0.0,16.0,1.0,0.2,0.1,-69.6,-69.6,-69.6,-69.6,1.0,0.0,16.0,1.0,0.2,0.1,0.0,0.0,0.0,0.0,1.0,0.0,16.0,1.0,0.2,0.1,0.0,0.0,0.0,0.0,1.0,0.0,16.0,1.0,0.2,0.1,3.5,3.5,3.5,3.5,1.0,0.0,16.0,1.0,0.2,0.1,41.3,41.3,41.3,41.3,1.0,0.0,16.0,1.0,0.2,0.1,-265.7,-265.7,-265.7,-265.7,1.0,0.0,16.0,1.0,0.2,0.1,-153.4,-153.4,-153.4,-153.4,1.0,0.0,16.0,1.0,0.2,0.1,-179.1,-179.1,-179.1,-179.1,1.0,0.0,16.0,1.0,0.2,0.1,-103.4,-103.4,-103.4,-103.4,1.0,0.0,16.0,1.0,0.2,0.1,-35.7,-35.7,-35.7,-35.7,1.0,0.0,16.0,1.0,0.2,0.1,-20.6,-20.6,-20.6,-20.6,1.0,0.0,16.0,1.0,0.2,0.1,1643.0,1643.0,1643.0,1643.0,1.0,0.0,16.0,1.0,0.2,0.1,1645.0,1645.0,1645.0,1645.0,1.0,0.0,16.0,1.0,0.2,0.1
1974,2,207.0,11.0,25.0,25.0,25.0,25.0,1.0,0.0,28.0,0.0,0.7,0.4,24.8,24.8,24.8,24.8,1.0,0.0,28.0,0.0,0.7,0.4,15.68,15.68,15.68,15.68,1.0,0.0,28.0,0.0,0.7,0.4,80.4,80.4,80.4,80.4,1.0,0.0,28.0,0.0,0.4,8.61,9.5,10.39,9.5,2.0,1.84,20.0,0.5,0.7,0.3,-10.39,-9.5,-8.61,-9.5,2.0,1.84,20.0,0.5,0.7,0.3,0.0,0.0,0.0,0.0,2.0,0.0,20.0,0.5,0.7,0.3,1013.3,1014.8,1016.3,1014.8,2.0,3.11,20.0,0.5,0.7,0.3,2.5,3.5,4.5,3.5,2.0,2.1,20.0,0.5,0.7,0.3,-108.8,-91.9,-75.1,-91.9,2.0,34.9,20.0,0.5,0.7,0.3,0.0,0.0,0.0,0.0,2.0,0.0,20.0,0.5,0.7,0.3,0.2,0.2,0.2,0.2,1.0,0.0,28.0,0.0,0.7,0.4,1.6,1.6,1.6,1.6,1.0,0.0,28.0,0.0,0.7,0.4,4.11,4.11,4.11,4.11,1.0,0.0,28.0,0.0,0.7,0.4,33.7,33.7,33.7,33.7,1.0,0.0,28.0,0.0,0.7,0.4,-203.4,-203.4,-203.4,-203.4,1.0,0.0,28.0,0.0,0.7,0.4,0.0,0.0,0.0,0.0,1.0,0.0,28.0,0.0,0.7,0.4,-128.6,-128.6,-128.6,-128.6,1.0,0.0,28.0,0.0,0.7,0.4,0.0,0.0,0.0,0.0,1.0,0.0,28.0,0.0,0.7,0.4,-33.7,-33.7,-33.7,-33.7,1.0,0.0,28.0,0.0,0.7,0.4,0.0,0.0,0.0,0.0,1.0,0.0,28.0,0.0,0.7,0.4,664.0,905.5,1147.5,905.5,2.0,501.0,20.0,0.5,0.7,0.3,665.0,905.0,1145.0,905.0,2.0,500.0,20.0,0.5,0.7,0.3
1974,2,207.0,13.0,25.5,25.5,25.5,25.5,1.0,0.0,2.0,0.0,1.0,0.4,25.4,26.25,27.1,26.25,2.0,1.77,2.0,0.0,1.0,0.2,16.06,16.06,16.06,16.06,1.0,0.0,2.0,0.0,1.0,0.4,77.3,79.0,80.6,79.0,2.0,3.5,2.0,0.0,0.2,5.7,5.7,5.7,5.7,1.0,0.0,2.0,0.0,1.0,0.4,-5.61,-5.61,-5.61,-5.61,1.0,0.0,2.0,0.0,1.0,0.4,0.99,0.99,0.99,0.99,1.0,0.0,2.0,0.0,1.0,0.4,1013.5,1013.5,1013.5,1013.5,1.0,0.0,2.0,0.0,1.0,0.4,4.6,6.0,7.4,6.0,2.0,2.8,2.0,0.0,1.0,0.2,-32.0,-32.0,-32.0,-32.0,1.0,0.0,2.0,0.0,1.0,0.4,5.6,5.6,5.6,5.6,1.0,0.0,2.0,0.0,1.0,0.4,0.5,0.5,0.5,0.5,1.0,0.0,2.0,0.0,1.0,0.4,2.9,2.9,2.9,2.9,1.0,0.0,2.0,0.0,1.0,0.4,4.31,4.31,4.31,4.31,1.0,0.0,2.0,0.0,1.0,0.4,24.6,24.6,24.6,24.6,1.0,0.0,2.0,0.0,1.0,0.4,-140.3,-140.3,-140.3,-140.3,1.0,0.0,2.0,0.0,1.0,0.4,24.7,24.7,24.7,24.7,1.0,0.0,2.0,0.0,1.0,0.4,-90.1,-90.1,-90.1,-90.1,1.0,0.0,2.0,0.0,1.0,0.4,15.9,15.9,15.9,15.9,1.0,0.0,2.0,0.0,1.0,0.4,-24.2,-24.2,-24.2,-24.2,1.0,0.0,2.0,0.0,1.0,0.4,4.3,4.3,4.3,4.3,1.0,0.0,2.0,0.0,1.0,0.4,185.0,185.0,185.0,185.0,1.0,0.0,2.0,0.0,1.0,0.4,185.0,185.0,185.0,185.0,1.0,0.0,2.0,0.0,1.0,0.4
1974,2,207.0,14.0,25.0,25.0,25.0,25.0,2.0,0.0,22.0,0.0,0.7,0.7,23.3,23.3,23.3,23.3,2.0,0.0,22.0,0.0,0.7,0.7,15.48,15.48,15.48,15.48,2.0,0.0,22.0,0.0,0.7,0.7,86.9,86.9,86.9,86.9,2.0,0.0,22.0,0.0,0.7,6.2,6.2,6.2,6.2,2.0,0.0,22.0,0.0,0.7,0.7,-6.11,-6.11,-6.11,-6.11,2.0,0.0,22.0,0.0,0.7,0.7,1.08,1.08,1.08,1.08,2.0,0.0,22.0,0.0,0.7,0.7,1012.9,1012.9,1012.9,1012.9,2.0,0.0,22.0,0.0,0.7,0.7,2.0,2.0,2.0,2.0,2.0,0.0,22.0,0.0,0.7,0.7,-37.9,-37.9,-37.9,-37.9,2.0,0.0,22.0,0.0,0.7,0.7,6.7,6.7,6.7,6.7,2.0,0.0,22.0,0.0,0.7,0.7,1.7,1.7,1.7,1.7,2.0,0.0,22.0,0.0,0.7,0.7,10.5,10.5,10.5,10.5,2.0,0.0,22.0,0.0,0.7,0.7,4.3,4.3,4.3,4.3,2.0,0.0,22.0,0.0,0.7,0.7,26.6,26.6,26.6,26.6,2.0,0.0,22.0,0.0,0.7,0.7,-142.3,-142.3,-142.3,-142.3,2.0,0.0,22.0,0.0,0.7,0.7,25.1,25.1,25.1,25.1,2.0,0.0,22.0,0.0,0.7,0.7,-94.5,-94.5,-94.5,-94.5,2.0,0.0,22.0,0.0,0.7,0.7,16.7,16.7,16.7,16.7,2.0,0.0,22.0,0.0,0.7,0.7,-26.2,-26.2,-26.2,-26.2,2.0,0.0,22.0,0.0,0.7,0.7,4.6,4.6,4.6,4.6,2.0,0.0,22.0,0.0,0.7,0.7,238.5,238.5,238.5,238.5,2.0,0.0,22.0,0.0,0.7,0.7,240.0,240.0,240.0,240.0,2.0,0.0,22.0,0.0,0.7,0.7
1974,2,207.0,16.0,26.0,26.0,26.0,26.0,1.0,0.0,22.0,0.0,0.3,0.8,23.4,23.4,23.4,23.4,1.0,0.0,22.0,0.0,0.3,0.8,15.08,15.08,15.08,15.08,1.0,0.0,22.0,0.0,0.3,0.8,84.3,84.3,84.3,84.3,1.0,0.0,22.0,0.0,0.8,5.1,5.1,5.1,5.1,1.0,0.0,22.0,0.0,0.3,0.8,-3.91,-3.91,-3.91,-3.91,1.0,0.0,22.0,0.0,0.3,0.8,-3.28,-3.28,-3.28,-3.28,1.0,0.0,22.0,0.0,0.3,0.8,1014.1,1014.1,1014.1,1014.1,1.0,0.0,22.0,0.0,0.3,0.8,2.0,2.0,2.0,2.0,1.0,0.0,22.0,0.0,0.3,0.8,-19.9,-19.9,-19.9,-19.9,1.0,0.0,22.0,0.0,0.3,0.8,-16.7,-16.7,-16.7,-16.7,1.0,0.0,22.0,0.0,0.3,0.8,2.6,2.6,2.6,2.6,1.0,0.0,22.0,0.0,0.3,0.8,13.3,13.3,13.3,13.3,1.0,0.0,22.0,0.0,0.3,0.8,5.9,5.9,5.9,5.9,1.0,0.0,22.0,0.0,0.3,0.8,30.1,30.1,30.1,30.1,1.0,0.0,22.0,0.0,0.3,0.8,-91.4,-91.4,-91.4,-91.4,1.0,0.0,22.0,0.0,0.3,0.8,-76.7,-76.7,-76.7,-76.7,1.0,0.0,22.0,0.0,0.3,0.8,-58.9,-58.9,-58.9,-58.9,1.0,0.0,22.0,0.0,0.3,0.8,-49.4,-49.4,-49.4,-49.4,1.0,0.0,22.0,0.0,0.3,0.8,-23.0,-23.0,-23.0,-23.0,1.0,0.0,22.0,0.0,0.3,0.8,-19.3,-19.3,-19.3,-19.3,1.0,0.0,22.0,0.0,0.3,0.8,132.5,132.5,132.5,132.5,1.0,0.0,22.0,0.0,0.3,0.8,135.0,135.0,135.0,135.0,1.0,0.0,22.0,0.0,0.3,0.8
1974,2,207.0,17.0,23.92,25.25,26.0,24.98,4.0,1.27,16.0,0.3,0.4,0.3,23.14,23.45,24.33,23.73,4.0,0.88,16.0,0.3,0.4,0.3,13.81,14.31,14.93,14.36,4.0,0.68,16.0,0.3,0.4,0.3,76.4,78.8,81.2,78.8,4.0,3.0,16.0,0.3,0.3,7.41,9.75,11.3,9.38,4.0,2.31,16.0,0.3,0.4,0.3,-10.98,-9.16,-6.71,-8.86,4.0,2.56,16.0,0.3,0.4,0.3,-3.62,-3.08,-1.34,-2.5,4.0,1.73,16.0,0.3,0.4,0.3,1012.82,1014.4,1017.76,1015.25,4.0,3.41,16.0,0.3,0.4,0.3,2.5,3.0,3.0,2.8,4.0,0.5,16.0,0.3,0.4,0.3,-124.0,-91.6,-50.4,-87.4,4.0,43.3,16.0,0.3,0.4,0.3,-33.8,-22.7,-10.7,-22.3,4.0,17.8,16.0,0.3,0.4,0.3,0.48,0.95,2.05,1.25,4.0,1.23,16.0,0.3,0.4,0.3,3.3,8.7,23.1,13.0,4.0,14.6,16.0,0.3,0.4,0.3,4.37,5.6,6.36,5.37,4.0,1.52,16.0,0.3,0.4,0.3,31.9,50.6,71.9,51.8,4.0,23.9,16.0,0.3,0.4,0.3,-264.3,-211.9,-157.2,-210.8,4.0,65.0,16.0,0.3,0.4,0.3,-84.2,-72.2,-31.1,-58.3,4.0,40.1,16.0,0.3,0.4,0.3,-160.5,-130.6,-95.2,-128.0,4.0,40.5,16.0,0.3,0.4,0.3,-50.1,-43.4,-19.6,-35.2,4.0,24.1,16.0,0.3,0.4,0.3,-69.4,-48.1,-28.6,-49.0,4.0,23.8,16.0,0.3,0.4,0.3,-22.9,-13.9,-4.4,-13.7,4.0,11.6,16.0,0.3,0.4,0.3,420.0,997.0,1443.0,934.5,4.0,596.0,16.0,0.3,0.4,0.3,420.0,995.0,1445.0,935.0,4.0,595.0,16.0,0.3,0.4,0.3
1974,2,207.0,18.0,24.3,24.55,24.86,24.58,4.0,0.35,14.0,0.5,0.5,0.4,22.78,24.4,27.42,24.96,5.0,2.44,12.0,0.6,0.5,0.5,12.67,13.1,18.07,15.27,4.0,4.69,10.0,0.5,0.6,0.4,69.9,76.3,88.1,78.9,4.0,12.2,10.0,0.5,0.4,4.89,7.2,10.28,7.62,5.0,4.1,12.0,0.6,0.5,0.5,-9.65,-6.28,-4.87,-7.23,5.0,4.13,12.0,0.6,0.5,0.5,-1.92,0.0,0.16,-0.96,5.0,2.42,12.0,0.6,0.5,0.5,1014.48,1015.7,1018.24,1016.26,5.0,2.08,12.0,0.6,0.5,0.5,1.0,4.0,4.7,3.2,5.0,2.2,12.0,0.6,0.5,0.5,-103.5,-51.5,-26.8,-68.3,5.0,72.2,12.0,0.6,0.5,0.5,-15.8,0.0,0.4,-8.4,5.0,19.5,12.0,0.6,0.5,0.5,-1.15,0.85,1.75,0.33,4.0,1.88,14.0,0.5,0.5,0.4,-8.3,5.6,12.6,2.3,4.0,13.5,14.0,0.5,0.5,0.4,5.61,6.21,6.56,6.09,3.0,0.7,12.0,0.3,0.6,0.4,40.1,55.2,76.4,58.2,3.0,26.7,12.0,0.3,0.6,0.4,-248.2,-144.5,-114.2,-177.9,5.0,100.4,12.0,0.6,0.5,0.5,-44.3,0.0,4.6,-21.7,5.0,55.9,12.0,0.6,0.5,0.5,-132.5,-81.3,-67.6,-99.2,4.0,53.3,10.0,0.5,0.6,0.4,-34.8,0.0,5.3,-14.1,4.0,35.2,10.0,0.5,0.6,0.4,-72.3,-42.3,-36.0,-53.9,3.0,28.5,12.0,0.3,0.6,0.4,-24.2,0.0,0.0,-11.8,3.0,20.5,12.0,0.3,0.6,0.4,157.5,373.0,1331.0,773.0,5.0,1086.5,12.0,0.6,0.5,0.5,160.0,375.0,1330.0,775.0,5.0,1085.0,12.0,0.6,0.5,0.5
1974,2,207.0,19.0,23.08,23.25,23.42,23.25,2.0,0.35,14.0,1.0,0.4,0.5,22.71,24.25,25.79,24.25,2.0,3.18,14.0,1.0,0.4,0.5,15.49,15.75,16.0,15.75,2.0,0.53,14.0,1.0,0.4,0.5,75.6,84.8,93.9,84.8,2.0,19.0,14.0,1.0,0.5,4.68,4.85,5.02,4.85,2.0,0.35,14.0,1.0,0.4,0.5,-4.59,-4.16,-3.73,-4.16,2.0,0.9,14.0,1.0,0.4,0.5,1.94,2.35,2.76,2.35,2.0,0.86,14.0,1.0,0.4,0.5,1014.25,1014.8,1015.35,1014.8,2.0,1.13,14.0,1.0,0.4,0.5,3.6,5.0,6.4,5.0,2.0,2.8,14.0,1.0,0.4,0.5,-23.1,-20.3,-17.5,-20.3,2.0,5.8,14.0,1.0,0.4,0.5,9.6,11.2,12.9,11.2,2.0,3.3,14.0,1.0,0.4,0.5,-2.71,-1.0,0.71,-1.0,2.0,3.54,14.0,1.0,0.4,0.5,-12.3,-4.2,3.9,-4.2,2.0,16.8,14.0,1.0,0.4,0.5,1.92,2.01,2.09,2.01,2.0,0.17,14.0,1.0,0.4,0.5,9.6,9.7,9.8,9.7,2.0,0.1,14.0,1.0,0.4,0.5,-103.5,-99.4,-95.3,-99.4,2.0,8.5,14.0,1.0,0.4,0.5,44.7,58.4,72.0,58.4,2.0,28.3,14.0,1.0,0.4,0.5,-73.6,-65.7,-57.8,-65.7,2.0,16.3,14.0,1.0,0.4,0.5,30.9,36.8,42.7,36.8,2.0,12.2,14.0,1.0,0.4,0.5,-8.8,-8.3,-7.7,-8.3,2.0,1.1,14.0,1.0,0.4,0.5,3.8,4.8,5.8,4.8,2.0,2.1,14.0,1.0,0.4,0.5,103.0,115.0,127.0,115.0,2.0,25.0,14.0,1.0,0.4,0.5,105.0,115.0,125.0,115.0,2.0,25.0,14.0,1.0,0.4,0.5
1974,2,207.0,20.0,23.9,24.0,24.6,24.17,6.0,0.52,16.0,0.3,0.6,0.2,22.48,22.75,24.0,23.07,6.0,0.75,16.0,0.3,0.6,0.2,12.59,13.83,14.83,13.83,6.0,1.22,16.0,0.3,0.6,0.2,73.9,78.7,84.9,79.2,6.0,5.6,16.0,0.3,0.2,4.89,7.2,9.92,7.53,6.0,2.98,16.0,0.3,0.6,0.2,-8.78,-6.94,-4.53,-6.86,6.0,3.02,16.0,0.3,0.6,0.2,-4.3,-1.59,1.71,-1.26,6.0,3.08,16.0,0.3,0.6,0.2,1017.4,1018.5,1021.41,1019.25,6.0,2.32,16.0,0.3,0.6,0.2,1.6,4.0,6.0,3.7,6.0,2.3,16.0,0.3,0.6,0.2,-88.8,-50.3,-22.6,-59.0,6.0,46.7,16.0,0.3,0.6,0.2,-45.0,-9.9,10.8,-15.3,6.0,27.1,16.0,0.3,0.6,0.2,0.4,1.0,1.79,1.1,6.0,0.93,16.0,0.3,0.6,0.2,1.6,8.1,12.4,7.2,6.0,5.4,16.0,0.3,0.6,0.2,4.25,5.14,5.5,4.86,6.0,1.06,16.0,0.3,0.6,0.2,24.2,33.7,45.8,36.4,6.0,16.9,16.0,0.3,0.6,0.2,-208.3,-155.8,-102.7,-157.8,6.0,69.7,16.0,0.3,0.6,0.2,-99.8,-35.7,39.3,-29.1,6.0,72.6,16.0,0.3,0.6,0.2,-129.5,-89.7,-66.2,-93.6,6.0,38.7,16.0,0.3,0.6,0.2,-57.0,-20.8,23.4,-17.3,6.0,43.8,16.0,0.3,0.6,0.2,-44.5,-31.5,-21.1,-33.4,6.0,17.3,16.0,0.3,0.6,0.2,-15.6,-9.0,8.6,-5.5,6.0,14.0,16.0,0.3,0.6,0.2,119.5,378.5,1022.5,604.0,6.0,669.5,16.0,0.3,0.6,0.2,120.0,380.0,1025.0,605.0,6.0,670.0,16.0,0.3,0.6,0.2
1974,2,207.0,21.0,22.42,23.6,24.87,23.76,9.0,1.31,14.0,0.8,0.7,0.5,22.19,23.8,25.17,23.73,9.0,1.47,14.0,0.8,0.7,0.5,12.77,13.71,15.26,13.97,9.0,1.15,14.0,0.8,0.7,0.5,69.8,74.3,86.2,77.2,9.0,8.8,14.0,0.8,0.5,4.73,6.2,9.6,6.8,9.0,2.46,14.0,0.8,0.7,0.5,-9.48,-6.2,-3.21,-6.0,9.0,3.11,14.0,0.8,0.7,0.5,0.0,1.79,3.46,1.49,9.0,2.32,14.0,0.8,0.7,0.5,1016.32,1018.8,1020.64,1018.79,9.0,2.41,14.0,0.8,0.7,0.5,2.0,3.0,4.7,3.3,9.0,2.2,14.0,0.8,0.7,0.5,-92.3,-38.4,-15.3,-47.5,9.0,37.4,14.0,0.8,0.7,0.5,0.0,8.3,18.0,7.6,9.0,14.6,14.0,0.8,0.7,0.5,-2.33,0.2,1.58,0.02,9.0,2.2,14.0,0.8,0.7,0.5,-16.4,0.9,12.9,-0.4,9.0,15.7,14.0,0.8,0.7,0.5,2.95,3.45,6.29,4.31,9.0,1.66,14.0,0.8,0.7,0.5,13.3,31.4,46.0,31.0,9.0,19.8,14.0,0.8,0.7,0.5,-229.1,-158.7,-74.2,-144.0,9.0,76.5,14.0,0.8,0.7,0.5,0.0,42.9,81.3,33.1,9.0,54.9,14.0,0.8,0.7,0.5,-121.1,-90.5,-49.5,-82.2,9.0,38.9,14.0,0.8,0.7,0.5,0.0,22.8,53.5,21.9,9.0,34.0,14.0,0.8,0.7,0.5,-44.8,-23.8,-9.1,-27.7,9.0,21.0,14.0,0.8,0.7,0.5,0.0,9.1,12.0,6.6,9.0,11.0,14.0,0.8,0.7,0.5,107.0,238.5,921.0,426.0,9.0,405.0,14.0,0.8,0.7,0.5,105.0,240.0,920.0,425.0,9.0,405.0,14.0,0.8,0.7,0.5
1974,2,207.0,22.0,23.66,24.6,25.4,24.48,5.0,1.42,18.0,0.6,0.5,0.5,21.67,23.0,24.62,23.23,6.0,2.21,18.0,0.8,0.4,0.3,11.83,13.74,14.65,13.26,4.0,1.97,18.0,0.8,0.4,0.4,64.4,72.3,81.8,73.0,4.0,11.2,18.0,0.8,0.4,8.65,9.3,10.35,9.56,7.0,1.19,18.0,0.7,0.4,0.4,-10.2,-9.16,-7.88,-9.17,7.0,1.26,18.0,0.7,0.4,0.4,-0.32,0.0,1.62,-0.46,7.0,2.83,18.0,0.7,0.4,0.4,1016.15,1019.0,1020.48,1018.46,7.0,2.91,18.0,0.7,0.4,0.4,2.0,3.0,5.0,3.4,7.0,1.9,18.0,0.7,0.4,0.4,-105.6,-85.2,-74.9,-88.6,7.0,21.9,18.0,0.7,0.4,0.4,-3.3,0.0,15.2,-5.0,7.0,29.0,18.0,0.7,0.4,0.4,-1.69,0.6,3.94,1.1,4.0,3.58,18.0,0.8,0.5,0.4,-18.7,6.2,37.6,9.3,4.0,35.4,18.0,0.8,0.5,0.4,4.62,6.06,6.32,5.48,3.0,1.33,18.0,0.7,0.6,0.5,50.3,62.4,65.0,57.8,3.0,11.5,18.0,0.7,0.6,0.5,-248.1,-189.1,-184.1,-213.8,6.0,48.6,18.0,0.8,0.4,0.3,-31.4,0.0,34.6,-13.0,6.0,70.6,18.0,0.8,0.4,0.3,-153.3,-129.1,-102.3,-127.8,4.0,35.9,18.0,0.8,0.4,0.4,-36.5,0.0,12.4,-11.5,4.0,40.4,18.0,0.8,0.4,0.4,-59.7,-47.8,-45.7,-52.6,3.0,11.1,18.0,0.7,0.6,0.5,-27.4,0.0,7.9,-9.5,3.0,27.1,18.0,0.7,0.6,0.5,649.0,804.5,1109.5,907.5,7.0,327.0,18.0,0.7,0.4,0.4,650.0,805.0,1110.0,905.0,7.0,325.0,18.0,0.7,0.4,0.4
1974,2,207.0,23.0,22.7,23.3,23.9,23.17,15.0,0.6,16.0,0.6,0.5,0.6,21.59,23.0,24.18,23.04,17.0,1.42,16.0,0.6,0.5,0.6,11.6,12.35,12.91,12.47,14.0,1.04,18.0,0.6,0.5,0.6,62.9,71.3,81.3,71.5,14.0,7.7,18.0,0.6,0.6,3.1,7.7,10.3,7.26,17.0,3.7,16.0,0.6,0.5,0.6,-9.96,-7.58,-0.46,-5.92,17.0,5.17,16.0,0.6,0.5,0.6,-0.21,1.34,3.7,1.25,17.0,2.04,16.0,0.6,0.5,0.6,1016.65,1017.9,1019.92,1018.31,16.0,2.02,16.0,0.6,0.5,0.6,1.5,3.0,5.0,3.2,17.0,1.8,16.0,0.6,0.5,0.6,-101.9,-58.4,-1.6,-60.2,17.0,60.9,16.0,0.6,0.5,0.6,-0.5,4.8,24.1,10.2,17.0,17.9,16.0,0.6,0.5,0.6,-1.78,0.5,1.7,0.05,15.0,1.81,16.0,0.6,0.5,0.6,-14.3,3.1,9.1,-0.2,15.0,12.6,16.0,0.6,0.5,0.6,3.85,5.22,6.03,5.14,14.0,1.11,18.0,0.6,0.5,0.6,14.5,25.6,63.7,36.4,14.0,23.8,18.0,0.6,0.5,0.6,-242.1,-174.4,-11.6,-136.6,17.0,116.8,16.0,0.6,0.5,0.6,-4.4,30.8,83.4,28.8,17.0,46.8,16.0,0.6,0.5,0.6,-122.9,-69.3,20.6,-66.2,14.0,66.8,18.0,0.6,0.5,0.6,-5.3,15.4,49.6,17.4,14.0,28.6,18.0,0.6,0.5,0.6,-60.1,-21.9,10.2,-28.0,14.0,31.5,18.0,0.6,0.5,0.6,-2.2,4.3,16.9,5.8,14.0,11.0,18.0,0.6,0.5,0.6,30.0,456.5,1092.5,675.5,17.0,821.0,16.0,0.6,0.5,0.6,30.0,455.0,1095.0,675.0,17.0,820.0,16.0,0.6,0.5,0.6
1974,2,207.0,24.0,22.58,23.15,23.9,23.16,16.0,0.84,14.0,0.6,0.6,0.6,20.59,22.2,22.75,21.71,17.0,1.2,12.0,0.6,0.6,0.6,11.9,13.1,14.71,13.21,16.0,1.57,12.0,0.6,0.6,0.6,71.2,83.0,90.4,81.5,16.0,9.9,12.0,0.6,0.6,3.87,7.7,9.53,7.08,17.0,3.1,12.0,0.6,0.6,0.6,-8.93,-6.62,-2.37,-5.98,17.0,3.27,12.0,0.6,0.6,0.6,-5.57,0.0,2.34,-0.66,17.0,3.68,12.0,0.6,0.6,0.6,1015.94,1017.6,1023.77,1018.78,16.0,3.91,12.0,0.6,0.6,0.6,1.5,4.0,6.0,4.1,17.0,2.2,12.0,0.6,0.6,0.6,-83.1,-58.4,-9.0,-50.9,17.0,37.9,12.0,0.6,0.6,0.6,-44.2,0.0,13.5,-8.7,17.0,31.0,12.0,0.6,0.6,0.6,0.42,1.1,2.2,1.28,15.0,1.17,14.0,0.6,0.6,0.5,2.7,9.0,11.1,8.7,15.0,9.7,14.0,0.6,0.6,0.5,2.91,4.95,5.59,4.44,15.0,1.56,14.0,0.6,0.6,0.5,16.6,38.1,56.4,34.7,15.0,19.4,14.0,0.6,0.6,0.5,-194.4,-151.0,-52.8,-131.0,17.0,74.3,12.0,0.6,0.6,0.6,-111.0,0.0,52.2,-12.5,17.0,78.8,12.0,0.6,0.6,0.6,-115.1,-85.1,-34.7,-78.9,16.0,43.0,12.0,0.6,0.6,0.6,-40.1,0.0,31.2,-1.2,16.0,44.5,12.0,0.6,0.6,0.6,-48.6,-29.2,-12.6,-31.0,15.0,19.2,14.0,0.6,0.6,0.5,-14.7,0.0,7.3,-2.4,15.0,16.1,14.0,0.6,0.6,0.5,58.5,456.5,867.5,528.0,17.0,451.5,12.0,0.6,0.6,0.6,60.0,455.0,865.0,530.0,17.0,450.0,12.0,0.6,0.6,0.6
1974,2,207.0,25.0,22.62,23.3,24.84,23.68,5.0,1.33,20.0,1.0,0.8,0.2,21.58,22.1,22.94,22.22,6.0,0.84,20.0,1.0,0.7,0.2,12.48,13.01,13.8,13.11,6.0,0.79,20.0,1.0,0.7,0.2,76.4,79.1,82.3,79.3,6.0,4.2,20.0,1.0,0.2,6.37,7.2,13.42,9.08,6.0,4.09,20.0,1.0,0.7,0.2,-13.42,-6.77,-6.03,-8.86,6.0,4.23,20.0,1.0,0.7,0.2,0.0,1.59,2.36,1.35,6.0,1.21,20.0,1.0,0.7,0.2,1017.99,1019.75,1024.7,1020.67,6.0,3.33,20.0,1.0,0.7,0.2,2.0,4.0,4.4,3.7,6.0,1.5,20.0,1.0,0.7,0.2,-181.0,-48.9,-38.8,-94.9,6.0,86.3,20.0,1.0,0.7,0.2,0.0,9.9,16.4,9.3,6.0,8.8,20.0,1.0,0.7,0.2,0.26,1.1,2.66,1.42,5.0,2.04,20.0,1.0,0.8,0.2,1.7,14.2,28.3,14.6,5.0,16.3,20.0,1.0,0.8,0.2,3.01,5.62,6.48,4.97,5.0,2.15,20.0,1.0,0.8,0.2,20.2,60.0,78.2,51.8,5.0,31.6,20.0,1.0,0.8,0.2,-299.7,-150.3,-131.2,-197.5,6.0,97.2,20.0,1.0,0.7,0.2,0.0,34.6,54.2,29.8,6.0,26.5,20.0,1.0,0.7,0.2,-166.3,-90.4,-81.5,-115.3,6.0,53.5,20.0,1.0,0.7,0.2,0.0,21.3,32.8,18.1,6.0,16.2,20.0,1.0,0.7,0.2,-78.2,-56.3,-19.0,-50.6,5.0,31.9,20.0,1.0,0.8,0.2,0.0,5.3,12.5,6.7,5.0,8.4,20.0,1.0,0.8,0.2,266.0,378.5,2457.5,1165.0,6.0,1429.0,20.0,1.0,0.7,0.2,265.0,380.0,2460.0,1165.0,6.0,1430.0,20.0,1.0,0.7,0.2
1974,2,207.0,26.0,21.59,22.8,22.9,22.28,6.0,1.19,20.0,0.2,0.7,0.3,19.96,21.0,22.12,21.34,7.0,1.69,22.0,0.1,0.7,0.4,11.68,13.31,15.36,13.39,7.0,1.86,22.0,0.1,0.7,0.4,81.0,86.0,87.7,85.1,7.0,6.3,22.0,0.1,0.4,3.58,5.1,8.32,6.23,7.0,2.77,22.0,0.1,0.7,0.4,-7.78,-3.28,-1.27,-4.24,7.0,3.37,22.0,0.1,0.7,0.4,-0.36,2.8,3.98,1.31,7.0,4.32,22.0,0.1,0.7,0.4,1018.95,1021.5,1023.83,1021.81,7.0,2.86,22.0,0.1,0.7,0.4,1.0,3.0,4.2,3.3,7.0,2.4,22.0,0.1,0.7,0.4,-65.0,-16.7,-8.6,-32.3,7.0,36.6,22.0,0.1,0.7,0.4,-2.8,13.0,24.7,8.4,7.0,35.2,22.0,0.1,0.7,0.4,-1.14,1.3,2.97,1.05,6.0,2.08,20.0,0.2,0.7,0.3,-5.8,9.7,16.1,7.8,6.0,13.2,20.0,0.2,0.7,0.3,1.0,3.55,5.28,3.27,6.0,2.13,20.0,0.2,0.7,0.3,5.1,18.0,42.6,22.9,6.0,19.1,20.0,0.2,0.7,0.3,-168.6,-68.8,-24.4,-91.6,7.0,73.2,22.0,0.1,0.7,0.4,-7.0,60.9,83.5,30.2,7.0,86.5,22.0,0.1,0.7,0.4,-108.6,-43.6,-15.2,-57.6,7.0,45.9,22.0,0.1,0.7,0.4,-4.3,43.0,52.5,18.3,7.0,53.0,22.0,0.1,0.7,0.4,-23.5,-11.4,-4.0,-15.5,6.0,15.5,20.0,0.2,0.7,0.3,-8.2,4.9,10.5,0.4,6.0,21.6,20.0,0.2,0.7,0.3,46.0,132.5,585.0,373.0,7.0,440.5,22.0,0.1,0.7,0.4,45.0,135.0,585.0,375.0,7.0,440.0,22.0,0.1,0.7,0.4
1974,2,207.0,27.0,19.98,21.2,21.6,20.73,6.0,1.43,12.0,0.5,0.4,0.3,19.13,20.6,22.46,20.92,5.0,2.48,16.0,0.4,0.5,0.3,10.79,12.16,14.14,12.36,5.0,1.81,16.0,0.4,0.5,0.3,75.7,80.2,84.9,80.6,5.0,6.7,16.0,0.4,0.3,5.13,6.7,9.51,6.7,6.0,3.25,12.0,0.5,0.4,0.3,-7.75,-6.11,-0.4,-5.0,6.0,3.97,12.0,0.5,0.4,0.3,-6.23,-1.43,-0.68,-2.71,6.0,3.16,12.0,0.5,0.4,0.3,1017.47,1020.05,1022.31,1019.93,6.0,2.89,12.0,0.5,0.4,0.3,2.0,5.5,7.2,5.0,6.0,2.7,12.0,0.5,0.4,0.3,-74.1,-37.9,-0.4,-41.2,6.0,40.0,12.0,0.5,0.4,0.3,-52.6,-12.5,-5.1,-23.1,6.0,24.6,12.0,0.5,0.4,0.3,-2.56,0.8,1.73,-0.44,5.0,3.83,16.0,0.4,0.5,0.3,-23.8,5.0,14.4,-5.6,5.0,34.2,16.0,0.4,0.5,0.3,0.28,3.57,4.44,2.56,5.0,2.8,16.0,0.4,0.5,0.3,-4.6,22.1,39.2,17.6,5.0,24.1,16.0,0.4,0.5,0.3,-185.3,-125.8,-6.7,-102.4,5.0,92.6,16.0,0.4,0.5,0.3,-139.1,-34.9,-7.4,-64.3,5.0,73.2,16.0,0.4,0.5,0.3,-106.2,-74.2,-4.5,-59.3,5.0,53.0,16.0,0.4,0.5,0.3,-77.5,-20.0,-3.9,-35.9,5.0,41.6,16.0,0.4,0.5,0.3,-27.5,-0.7,4.2,-9.7,5.0,19.6,16.0,0.4,0.5,0.3,-19.3,-3.8,4.3,-8.2,5.0,19.6,16.0,0.4,0.5,0.3,189.5,306.0,864.0,458.0,6.0,409.0,12.0,0.5,0.4,0.3,190.0,305.0,865.0,460.0,6.0,410.0,12.0,0.5,0.4,0.3
1974,2,207.0,28.0,19.95,20.2,20.53,20.19,7.0,0.65,12.0,0.4,0.5,0.6,18.47,19.8,21.41,19.78,11.0,1.76,12.0,0.4,0.6,0.6,10.13,11.88,12.37,11.29,10.0,1.3,12.0,0.4,0.6,0.6,70.8,81.2,87.8,79.9,10.0,8.1,12.0,0.4,0.6,3.89,5.7,9.69,6.59,11.0,3.38,12.0,0.4,0.6,0.6,-7.03,-4.32,-0.52,-3.96,11.0,3.88,12.0,0.4,0.6,0.6,-4.96,0.0,2.0,-1.57,11.0,4.92,12.0,0.4,0.6,0.6,1017.35,1020.1,1025.33,1019.73,11.0,6.85,12.0,0.4,0.6,0.6,1.6,4.0,8.0,4.6,11.0,2.9,12.0,0.4,0.6,0.6,-52.1,-31.2,-2.7,-32.3,11.0,36.5,12.0,0.4,0.6,0.6,-45.7,0.0,7.0,-23.7,11.0,56.5,12.0,0.4,0.6,0.6,-0.07,0.5,2.01,0.61,7.0,1.3,12.0,0.4,0.5,0.6,-0.2,2.1,13.7,5.0,7.0,8.2,12.0,0.4,0.5,0.6,2.55,3.44,3.74,3.46,7.0,1.14,12.0,0.4,0.5,0.6,10.1,16.7,38.9,22.6,7.0,14.1,12.0,0.4,0.5,0.6,-135.9,-83.0,-10.9,-77.7,11.0,72.0,12.0,0.4,0.6,0.6,-91.8,0.0,41.4,-32.9,11.0,108.2,12.0,0.4,0.6,0.6,-88.6,-49.3,-11.9,-47.6,10.0,42.7,12.0,0.4,0.6,0.6,-49.1,-8.6,12.7,-24.2,10.0,54.1,12.0,0.4,0.6,0.6,-30.0,-15.7,-9.7,-19.3,7.0,12.8,12.0,0.4,0.5,0.6,-21.6,0.0,5.8,-5.5,7.0,12.7,12.0,0.4,0.5,0.6,59.5,185.0,1002.0,523.0,11.0,777.0,12.0,0.4,0.6,0.6,60.0,185.0,1000.0,525.0,11.0,775.0,12.0,0.4,0.6,0.6
1974,2,207.0,29.0,19.18,20.6,21.47,20.47,11.0,1.16,16.0,0.5,0.5,0.6,19.25,20.0,20.96,20.13,12.0,1.32,14.0,0.6,0.5,0.5,9.79,12.51,13.84,12.12,11.0,2.32,14.0,0.5,0.5,0.5,70.0,86.8,92.7,82.7,11.0,12.0,14.0,0.5,0.5,3.1,6.2,7.78,5.73,12.0,2.86,14.0,0.6,0.5,0.5,-7.32,0.62,3.83,-1.0,12.0,5.01,14.0,0.6,0.5,0.5,-2.09,0.0,3.54,0.13,12.0,4.21,14.0,0.6,0.5,0.5,1018.12,1020.1,1024.43,1021.18,12.0,3.21,14.0,0.6,0.5,0.5,5.0,6.0,7.3,6.2,12.0,1.4,14.0,0.6,0.5,0.5,-56.4,2.2,26.9,-8.3,12.0,36.3,14.0,0.6,0.5,0.5,-10.5,0.0,21.4,-1.3,12.0,36.4,14.0,0.6,0.5,0.5,-0.53,0.7,1.65,0.6,11.0,1.15,16.0,0.5,0.5,0.6,-3.1,3.1,13.1,4.0,11.0,8.3,16.0,0.5,0.5,0.6,2.06,2.99,4.9,3.3,10.0,1.44,16.0,0.5,0.5,0.5,8.5,17.3,24.1,16.6,10.0,9.0,16.0,0.5,0.5,0.5,-145.6,12.5,75.1,-18.2,12.0,99.9,14.0,0.6,0.5,0.5,-40.6,0.0,71.5,4.3,12.0,85.5,14.0,0.6,0.5,0.5,-78.6,16.4,48.8,-3.4,11.0,59.7,14.0,0.5,0.5,0.5,-26.1,0.0,45.8,4.3,11.0,57.1,14.0,0.5,0.5,0.5,-16.3,1.2,14.0,-0.4,10.0,15.2,16.0,0.5,0.5,0.5,-7.2,1.7,11.9,1.1,10.0,12.4,16.0,0.5,0.5,0.5,30.0,238.5,470.5,307.5,12.0,313.5,14.0,0.6,0.5,0.5,30.0,240.0,470.0,305.0,12.0,315.0,14.0,0.6,0.5,0.5
1974,2,207.0,30.0,18.06,19.35,20.0,19.4,8.0,1.33,14.0,0.4,0.8,0.4,16.63,20.0,21.73,19.27,9.0,3.02,14.0,0.4,0.8,0.4,7.94,10.23,13.09,10.55,9.0,2.46,14.0,0.4,0.8,0.4,67.8,79.5,83.1,75.6,9.0,9.8,14.0,0.4,0.4,3.34,8.2,9.87,7.31,9.0,3.25,14.0,0.4,0.8,0.4,-6.64,-1.16,1.5,-1.43,9.0,5.02,14.0,0.4,0.8,0.4,-5.62,1.97,7.58,1.3,9.0,6.43,14.0,0.4,0.8,0.4,1018.13,1022.8,1027.22,1022.73,9.0,4.44,14.0,0.4,0.8,0.4,1.3,6.0,7.5,4.3,9.0,3.1,14.0,0.4,0.8,0.4,-62.2,-4.1,13.9,-12.5,9.0,46.5,14.0,0.4,0.8,0.4,-39.3,4.1,61.4,9.0,9.0,60.9,14.0,0.4,0.8,0.4,-1.94,0.85,2.16,0.33,8.0,2.54,14.0,0.4,0.8,0.4,-16.3,1.8,23.4,2.0,8.0,21.5,14.0,0.4,0.8,0.4,1.44,4.27,5.12,3.7,8.0,1.87,14.0,0.4,0.8,0.4,7.2,22.4,48.4,25.5,8.0,18.9,14.0,0.4,0.8,0.4,-125.9,-18.8,29.6,-35.0,9.0,90.2,14.0,0.4,0.8,0.4,-89.3,35.5,163.3,36.1,9.0,122.8,14.0,0.4,0.8,0.4,-66.2,-8.8,17.2,-20.3,9.0,50.2,14.0,0.4,0.8,0.4,-41.9,17.8,92.1,21.7,9.0,67.9,14.0,0.4,0.8,0.4,-18.7,-2.8,3.5,-1.2,8.0,23.5,14.0,0.4,0.8,0.4,-31.8,4.4,12.6,-4.2,8.0,22.9,14.0,0.4,0.8,0.4,88.0,551.5,975.5,575.5,9.0,469.5,14.0,0.4,0.8,0.4,90.0,550.0,975.0,575.0,9.0,470.0,14.0,0.4,0.8,0.4
1974,2,207.0,31.0,17.32,18.2,19.58,18.4,8.0,1.14,16.0,0.6,0.6,0.4,16.0,18.2,20.29,18.25,10.0,2.08,16.0,0.7,0.5,0.4,8.08,10.87,12.42,10.39,8.0,2.28,16.0,0.8,0.5,0.4,71.6,75.4,86.9,76.6,8.0,9.7,16.0,0.8,0.4,2.31,7.45,11.79,7.0,10.0,4.48,16.0,0.7,0.5,0.4,-10.8,-2.08,0.84,-4.42,10.0,5.77,16.0,0.7,0.5,0.4,-1.96,0.13,5.14,0.86,10.0,4.32,16.0,0.7,0.5,0.4,1018.57,1025.05,1027.8,1024.0,10.0,4.64,16.0,0.7,0.5,0.4,4.0,6.5,7.0,5.6,10.0,2.1,16.0,0.7,0.5,0.4,-127.8,-5.5,1.3,-49.3,10.0,72.8,16.0,0.7,0.5,0.4,-20.4,0.2,43.7,8.7,10.0,40.1,16.0,0.7,0.5,0.4,-2.94,-0.3,2.54,-0.41,8.0,2.5,16.0,0.6,0.6,0.4,-8.6,-2.2,5.4,1.0,8.0,17.2,16.0,0.6,0.6,0.4,-0.64,2.5,4.97,2.31,7.0,2.65,16.0,0.7,0.5,0.4,-1.0,9.0,51.9,23.9,7.0,29.1,16.0,0.7,0.5,0.4,-184.9,-39.4,16.9,-77.2,10.0,97.6,16.0,0.7,0.5,0.4,-31.1,2.6,90.4,19.7,10.0,78.2,16.0,0.7,0.5,0.4,-93.9,-54.0,-1.6,-48.4,8.0,47.3,16.0,0.8,0.5,0.4,-5.4,8.5,53.6,22.7,8.0,38.3,16.0,0.8,0.5,0.4,-51.5,-3.1,0.1,-20.5,7.0,27.6,16.0,0.7,0.5,0.4,0.0,4.8,10.3,8.5,7.0,13.3,16.0,0.7,0.5,0.4,13.0,415.0,1695.5,738.5,10.0,955.5,16.0,0.7,0.5,0.4,15.0,415.0,1695.0,740.0,10.0,955.0,16.0,0.7,0.5,0.4
1974,2,207.0,32.0,15.95,17.0,18.05,17.0,4.0,1.63,12.0,0.3,0.6,0.4,15.68,17.0,18.62,17.06,5.0,1.75,14.0,0.2,0.7,0.4,7.41,9.24,10.89,9.15,4.0,2.05,12.0,0.3,0.7,0.5,69.2,78.1,87.0,78.1,4.0,10.3,12.0,0.3,0.5,4.05,5.1,9.67,6.48,5.0,3.14,14.0,0.2,0.7,0.4,-5.64,-4.53,4.77,-1.03,5.0,6.6,14.0,0.2,0.7,0.4,-3.29,0.8,3.15,0.04,5.0,4.18,14.0,0.2,0.7,0.4,1018.97,1023.9,1027.68,1023.52,5.0,5.26,14.0,0.2,0.7,0.4,0.6,7.0,7.4,4.6,5.0,3.8,14.0,0.2,0.7,0.4,-39.7,-20.8,38.2,-2.5,5.0,58.9,14.0,0.2,0.7,0.4,-26.0,3.7,23.3,-0.3,5.0,38.8,14.0,0.2,0.7,0.4,-1.78,0.0,0.37,-0.67,4.0,1.85,12.0,0.3,0.6,0.4,-18.3,0.0,1.7,-7.9,4.0,18.1,12.0,0.3,0.6,0.4,-0.02,1.45,3.11,1.54,3.0,2.3,8.0,0.3,0.6,0.5,-2.6,7.4,14.5,6.0,3.0,12.6,8.0,0.3,0.6,0.5,-89.7,-73.8,88.6,-10.0,5.0,113.3,14.0,0.2,0.7,0.4,-50.7,13.0,58.6,5.7,5.0,68.8,14.0,0.2,0.7,0.4,-49.9,-42.6,35.2,-9.0,4.0,72.9,12.0,0.3,0.7,0.5,-30.4,-6.0,33.3,1.1,4.0,42.5,12.0,0.3,0.7,0.5,-14.2,-6.9,-6.5,-10.3,3.0,6.4,8.0,0.3,0.6,0.5,-3.3,-2.5,1.3,-1.0,3.0,3.6,8.0,0.3,0.6,0.5,72.5,132.5,909.5,431.5,5.0,484.5,14.0,0.2,0.7,0.4,75.0,135.0,910.0,430.0,5.0,485.0,14.0,0.2,0.7,0.4
1974,2,207.0,33.0,16.87,17.5,18.01,17.5,13.0,1.19,10.0,0.5,0.6,0.6,14.0,16.0,17.0,15.85,13.0,1.41,10.0,0.4,0.6,0.6,7.76,8.94,11.09,9.2,12.0,1.52,10.0,0.4,0.6,0.6,71.9,81.5,95.0,82.1,12.0,10.8,10.0,0.4,0.6,2.55,5.1,8.7,5.76,13.0,2.69,10.0,0.5,0.6,0.6,-6.15,-1.48,3.3,-1.63,13.0,4.51,10.0,0.5,0.6,0.6,-3.69,0.0,4.96,-0.07,13.0,4.47,10.0,0.5,0.6,0.6,1018.83,1022.35,1028.43,1023.09,14.0,4.92,10.0,0.4,0.6,0.5,3.1,7.0,8.0,6.1,14.0,2.6,10.0,0.4,0.6,0.5,-48.2,-2.3,17.5,-12.5,13.0,35.8,10.0,0.5,0.6,0.6,-20.0,0.0,27.2,-1.9,13.0,35.7,10.0,0.5,0.6,0.6,0.12,1.5,3.58,1.53,12.0,1.92,10.0,0.4,0.6,0.6,0.5,4.4,22.2,10.2,11.0,13.8,12.0,0.5,0.6,0.6,1.15,3.5,4.57,3.16,12.0,1.86,10.0,0.4,0.6,0.6,5.1,16.8,35.6,19.1,11.0,14.9,12.0,0.5,0.6,0.6,-99.1,-18.6,50.1,-21.3,12.0,71.7,10.0,0.4,0.6,0.6,-59.1,-2.0,66.2,-5.3,12.0,66.6,10.0,0.4,0.6,0.6,-41.5,-6.8,30.2,-7.5,11.0,37.8,12.0,0.5,0.6,0.6,-31.0,-2.0,38.7,-3.6,11.0,39.7,12.0,0.5,0.6,0.6,-18.2,0.0,12.9,-1.3,11.0,16.4,12.0,0.5,0.6,0.6,-16.9,-1.1,5.7,-6.2,11.0,17.5,12.0,0.5,0.6,0.6,17.0,132.5,658.5,306.5,13.0,328.0,10.0,0.5,0.6,0.6,15.0,135.0,660.0,305.0,13.0,330.0,10.0,0.5,0.6,0.6
1974,2,207.0,34.0,17.13,17.4,17.67,17.4,2.0,0.57,12.0,0.0,0.4,0.6,15.16,15.5,16.52,15.83,3.0,1.04,12.0,0.3,0.4,0.6,7.92,8.44,8.97,8.44,2.0,1.09,12.0,0.0,0.4,0.6,73.8,79.5,85.2,79.5,2.0,11.8,12.0,0.0,0.6,5.86,6.2,10.36,8.07,3.0,3.67,12.0,0.3,0.4,0.6,-1.43,6.11,7.33,3.03,3.0,6.95,12.0,0.3,0.4,0.6,-6.77,-1.08,1.6,-2.55,3.0,6.27,12.0,0.3,0.4,0.6,1021.95,1024.0,1024.2,1023.1,3.0,1.82,12.0,0.3,0.4,0.6,6.0,6.0,7.4,6.7,3.0,1.2,12.0,0.3,0.4,0.6,-7.2,37.9,78.4,35.7,3.0,62.7,12.0,0.3,0.4,0.6,-81.2,-6.7,9.0,-35.4,3.0,70.6,12.0,0.3,0.4,0.6,1.71,2.15,2.59,2.15,2.0,0.92,12.0,0.0,0.4,0.6,9.9,13.0,16.0,13.0,2.0,6.2,12.0,0.0,0.4,0.6,3.49,3.79,4.09,3.79,2.0,0.62,12.0,0.0,0.4,0.6,21.3,22.4,23.6,22.4,2.0,2.3,12.0,0.0,0.4,0.6,-23.2,91.6,120.8,49.8,3.0,111.5,12.0,0.3,0.4,0.6,-114.5,-16.1,25.0,-44.1,3.0,105.0,12.0,0.3,0.4,0.6,-22.9,9.2,41.3,9.2,2.0,66.6,12.0,0.0,0.4,0.6,-4.9,6.0,16.8,6.0,2.0,22.5,12.0,0.0,0.4,0.6,-14.3,-0.2,13.9,-0.2,2.0,29.2,12.0,0.0,0.4,0.6,-1.1,4.2,9.6,4.2,2.0,11.1,12.0,0.0,0.4,0.6,202.0,238.5,1346.0,761.5,3.0,952.5,12.0,0.3,0.4,0.6,200.0,240.0,1345.0,760.0,3.0,950.0,12.0,0.3,0.4,0.6
1974,2,207.0,35.0,15.0,16.0,17.41,15.95,11.0,1.5,18.0,0.4,0.6,0.3,11.38,14.0,15.0,13.37,14.0,2.13,16.0,0.5,0.6,0.3,5.51,7.73,9.26,7.68,13.0,1.89,16.0,0.5,0.6,0.3,71.6,78.9,94.1,80.5,13.0,13.7,16.0,0.5,0.3,5.0,7.7,10.3,7.44,13.0,2.58,16.0,0.5,0.6,0.3,-4.77,1.79,4.32,0.64,13.0,5.18,16.0,0.5,0.6,0.3,-10.14,-0.45,4.01,-1.48,13.0,6.08,16.0,0.5,0.6,0.3,1019.44,1024.65,1026.97,1023.99,14.0,3.91,16.0,0.5,0.6,0.3,4.7,7.0,8.0,6.1,13.0,2.2,16.0,0.5,0.5,0.3,-33.8,6.7,42.5,7.5,13.0,42.3,16.0,0.5,0.6,0.3,-104.6,-1.2,30.6,-16.3,13.0,57.5,16.0,0.5,0.6,0.3,1.0,1.5,5.03,2.56,11.0,2.36,18.0,0.4,0.6,0.3,5.2,13.1,41.0,21.3,11.0,21.7,18.0,0.4,0.6,0.3,2.45,3.44,4.6,3.37,11.0,1.35,18.0,0.4,0.6,0.3,15.3,19.5,43.6,26.2,11.0,17.7,18.0,0.4,0.6,0.3,-61.7,15.2,63.6,9.1,13.0,72.7,16.0,0.5,0.6,0.3,-87.8,-6.3,55.6,-10.9,13.0,72.2,16.0,0.5,0.6,0.3,-31.6,12.1,43.1,7.7,12.0,39.4,18.0,0.4,0.6,0.3,-44.0,-6.4,35.4,-5.3,12.0,41.1,18.0,0.4,0.6,0.3,-11.9,5.3,21.6,5.0,11.0,17.9,18.0,0.4,0.6,0.3,-31.0,-0.5,12.8,-8.9,11.0,25.2,18.0,0.4,0.6,0.3,126.5,456.5,1092.5,543.5,13.0,430.0,16.0,0.5,0.6,0.3,125.0,455.0,1095.0,545.0,13.0,430.0,16.0,0.5,0.6,0.3
1974,2,207.0,36.0,14.56,15.0,15.41,15.22,11.0,1.01,16.0,0.5,0.5,0.4,11.88,14.4,17.18,14.56,11.0,2.92,16.0,0.5,0.5,0.4,5.93,7.84,9.64,7.9,11.0,1.99,16.0,0.5,0.5,0.4,64.4,80.2,86.9,76.5,11.0,12.0,16.0,0.5,0.4,4.69,6.7,10.3,7.06,11.0,3.09,16.0,0.5,0.5,0.4,-2.65,1.61,6.62,1.5,11.0,5.59,16.0,0.5,0.5,0.4,-5.52,1.61,5.05,0.38,11.0,5.53,16.0,0.5,0.5,0.4,1019.28,1022.0,1028.25,1023.36,11.0,4.72,16.0,0.5,0.5,0.4,5.2,7.0,8.0,6.5,11.0,1.9,16.0,0.5,0.5,0.4,-13.2,15.0,68.2,16.9,11.0,51.6,16.0,0.5,0.5,0.4,-44.4,13.0,32.6,-0.4,11.0,49.1,16.0,0.5,0.5,0.4,-1.41,0.6,3.12,0.65,11.0,2.78,16.0,0.5,0.5,0.4,-6.4,3.4,30.7,9.0,11.0,22.8,16.0,0.5,0.5,0.4,1.63,2.57,4.33,2.74,11.0,1.68,16.0,0.5,0.5,0.4,6.1,17.9,33.8,19.7,11.0,16.8,16.0,0.5,0.5,0.4,-43.1,15.3,99.8,19.3,11.0,75.0,16.0,0.5,0.5,0.4,-76.6,20.2,85.6,13.8,11.0,79.8,16.0,0.5,0.5,0.4,-22.9,9.6,52.5,10.2,11.0,43.7,16.0,0.5,0.5,0.4,-41.9,12.7,50.0,8.7,11.0,46.7,16.0,0.5,0.5,0.4,-4.8,7.3,15.6,6.9,11.0,19.0,16.0,0.5,0.5,0.4,-14.7,2.1,10.2,-3.5,11.0,16.7,16.0,0.5,0.5,0.4,106.5,301.0,1092.5,523.5,11.0,452.5,16.0,0.5,0.5,0.4,105.0,300.0,1095.0,525.0,11.0,450.0,16.0,0.5,0.5,0.4
1974,2,207.0,37.0,13.4,13.6,13.8,13.6,2.0,0.42,16.0,0.5,0.6,0.4,10.84,15.0,15.0,12.97,3.0,3.52,14.0,0.7,0.5,0.5,5.17,7.29,9.4,7.29,2.0,4.38,16.0,0.5,0.6,0.4,66.5,80.1,93.7,80.1,2.0,28.2,16.0,0.5,0.4,5.03,5.1,5.85,5.43,3.0,0.67,14.0,0.7,0.5,0.5,-1.17,0.87,3.29,1.05,3.0,3.27,14.0,0.7,0.5,0.5,-3.17,2.55,4.17,0.55,3.0,5.65,14.0,0.7,0.5,0.5,1028.18,1032.0,1032.0,1030.13,3.0,3.23,14.0,0.7,0.5,0.5,4.3,5.0,5.7,5.0,3.0,1.0,14.0,0.7,0.5,0.5,-7.6,4.3,16.8,4.6,3.0,17.8,14.0,0.7,0.5,0.5,-20.5,13.0,20.9,0.5,3.0,32.2,14.0,0.7,0.5,0.5,-0.23,1.65,3.53,1.65,2.0,3.89,16.0,0.5,0.6,0.4,-0.4,10.8,22.1,10.8,2.0,23.3,16.0,0.5,0.6,0.4,0.22,2.22,4.23,2.22,2.0,4.15,16.0,0.5,0.6,0.4,2.0,14.2,26.3,14.2,2.0,25.2,16.0,0.5,0.6,0.4,-8.7,13.0,49.4,20.1,3.0,43.0,14.0,0.7,0.5,0.5,-23.3,38.3,62.6,20.1,3.0,64.8,14.0,0.7,0.5,0.5,-0.2,18.5,37.2,18.5,2.0,38.7,16.0,0.5,0.6,0.4,-16.3,1.0,18.4,1.0,2.0,36.0,16.0,0.5,0.6,0.4,-9.7,-7.1,-4.4,-7.1,2.0,5.5,16.0,0.5,0.6,0.4,-25.6,-15.9,-6.3,-15.9,2.0,20.0,16.0,0.5,0.6,0.4,127.5,132.5,205.0,165.5,3.0,63.5,14.0,0.7,0.5,0.5,125.0,135.0,205.0,165.0,3.0,65.0,14.0,0.7,0.5,0.5
1974,2,207.0,38.0,11.95,12.5,12.98,12.47,3.0,0.75,14.0,0.3,0.4,0.4,8.22,11.5,12.46,10.37,3.0,3.25,14.0,0.3,0.4,0.4,3.98,7.3,7.46,5.75,3.0,2.88,14.0,0.3,0.4,0.4,54.2,83.1,86.5,70.7,3.0,26.0,14.0,0.3,0.4,6.08,7.95,9.3,7.7,4.0,2.35,16.0,0.3,0.4,0.3,0.38,3.03,7.18,3.75,4.0,4.16,16.0,0.3,0.4,0.3,-0.54,5.41,7.02,3.34,4.0,5.81,16.0,0.3,0.4,0.3,1021.5,1028.5,1030.1,1025.93,4.0,6.45,16.0,0.3,0.4,0.3,5.4,7.0,7.5,6.5,4.0,1.7,16.0,0.3,0.4,0.3,1.7,23.4,68.7,34.7,4.0,42.9,16.0,0.3,0.4,0.3,-17.9,36.2,55.6,19.6,4.0,51.2,16.0,0.3,0.4,0.3,0.52,1.0,3.73,2.1,3.0,2.54,14.0,0.3,0.4,0.4,3.4,7.7,37.6,20.2,3.0,27.3,14.0,0.3,0.4,0.4,1.61,1.72,4.61,3.08,3.0,2.49,14.0,0.3,0.4,0.4,9.2,12.0,45.6,27.1,3.0,29.7,14.0,0.3,0.4,0.4,3.3,10.3,44.1,23.4,3.0,31.9,14.0,0.3,0.4,0.4,-5.0,58.4,79.0,37.5,3.0,64.1,14.0,0.3,0.4,0.4,1.9,6.0,16.7,9.2,3.0,11.2,14.0,0.3,0.4,0.4,2.3,34.1,49.2,25.9,3.0,35.1,14.0,0.3,0.4,0.4,0.4,1.4,36.6,18.1,3.0,30.2,14.0,0.3,0.4,0.4,-18.4,7.8,10.7,-3.6,3.0,23.5,14.0,0.3,0.4,0.4,268.5,504.0,835.0,549.5,4.0,411.5,16.0,0.3,0.4,0.3,270.0,505.0,835.0,550.0,4.0,410.0,16.0,0.3,0.4,0.3
1974,2,207.0,39.0,12.5,12.75,13.21,12.85,4.0,0.44,14.0,1.0,0.3,0.1,10.71,12.45,14.24,12.48,4.0,2.18,14.0,1.0,0.3,0.1,6.34,8.36,9.07,7.73,4.0,1.94,14.0,1.0,0.3,0.1,76.0,90.4,93.3,84.9,4.0,13.3,14.0,1.0,0.1,9.22,10.8,12.64,10.93,4.0,2.09,14.0,1.0,0.3,0.1,6.71,9.46,11.46,9.1,4.0,3.23,14.0,1.0,0.3,0.1,-5.27,-2.29,4.45,-0.5,4.0,6.5,14.0,1.0,0.3,0.1,1012.3,1013.7,1015.79,1014.03,4.0,2.09,14.0,1.0,0.3,0.1,4.4,7.0,8.0,6.3,4.0,2.4,14.0,1.0,0.3,0.1,61.2,98.1,145.8,103.3,4.0,52.9,14.0,1.0,0.3,0.1,-65.7,-30.7,43.6,-12.0,4.0,70.6,14.0,1.0,0.3,0.1,-1.31,0.75,2.02,0.38,4.0,2.17,14.0,1.0,0.3,0.1,-17.6,6.5,21.7,2.3,4.0,26.7,14.0,1.0,0.3,0.1,0.16,1.04,2.78,1.45,4.0,1.85,14.0,1.0,0.3,0.1,1.0,9.4,30.7,15.6,4.0,22.3,14.0,1.0,0.3,0.1,82.0,101.1,147.6,114.2,4.0,52.5,14.0,1.0,0.3,0.1,-64.1,-29.5,59.6,-3.5,4.0,83.8,14.0,1.0,0.3,0.1,46.9,59.5,93.5,69.7,4.0,32.9,14.0,1.0,0.3,0.1,-36.2,-14.6,39.4,0.9,4.0,52.7,14.0,1.0,0.3,0.1,-0.4,7.8,27.4,13.2,4.0,19.7,14.0,1.0,0.3,0.1,-12.4,0.7,3.6,-4.2,4.0,13.3,14.0,1.0,0.3,0.1,793.0,1292.0,2043.0,1412.0,4.0,781.0,14.0,1.0,0.3,0.1,795.0,1290.0,2045.0,1410.0,4.0,780.0,14.0,1.0,0.3,0.1
1974,2,207.0,40.0,10.0,10.5,11.37,10.7,5.0,0.84,12.0,0.6,0.5,0.3,10.7,12.3,14.14,12.58,5.0,2.67,12.0,0.6,0.5,0.3,5.85,6.23,7.42,6.65,5.0,1.2,12.0,0.6,0.5,0.3,62.1,72.3,91.2,75.1,5.0,18.6,12.0,0.6,0.3,9.17,10.8,13.27,11.02,5.0,2.6,12.0,0.6,0.5,0.3,4.55,8.29,11.44,7.75,5.0,5.53,12.0,0.6,0.5,0.3,-4.12,3.69,7.81,2.14,5.0,6.86,12.0,0.6,0.5,0.3,1007.82,1011.5,1019.11,1013.8,5.0,8.37,12.0,0.6,0.5,0.3,2.6,4.0,6.7,4.6,5.0,2.4,12.0,0.6,0.5,0.3,48.3,107.0,139.1,95.8,5.0,71.5,12.0,0.6,0.5,0.3,-39.9,39.9,89.8,30.2,5.0,73.6,12.0,0.6,0.5,0.3,-4.02,-0.5,0.12,-1.88,5.0,3.05,12.0,0.6,0.5,0.3,-37.2,-5.1,1.1,-16.2,5.0,23.2,12.0,0.6,0.5,0.3,0.75,1.41,1.95,1.32,5.0,0.84,12.0,0.6,0.5,0.3,8.1,12.9,22.9,15.0,5.0,11.2,12.0,0.6,0.5,0.3,54.8,101.5,120.2,86.6,5.0,64.2,12.0,0.6,0.5,0.3,-61.0,36.9,96.9,18.8,5.0,95.5,12.0,0.6,0.5,0.3,30.2,67.8,73.3,52.5,5.0,34.9,12.0,0.6,0.5,0.3,-23.9,24.7,59.1,17.8,5.0,44.6,12.0,0.6,0.5,0.3,-0.8,11.7,18.8,10.4,5.0,13.0,12.0,0.6,0.5,0.3,-8.1,0.0,7.9,0.0,5.0,10.0,12.0,0.6,0.5,0.3,830.0,1259.5,2343.5,1511.5,5.0,910.5,12.0,0.6,0.5,0.3,830.0,1260.0,2345.0,1510.0,5.0,910.0,12.0,0.6,0.5,0.3
1974,2,207.0,41.0,10.32,11.0,11.68,11.0,3.0,1.0,18.0,0.3,0.5,0.5,7.12,10.0,12.62,9.88,4.0,4.29,18.0,0.5,0.6,0.5,5.25,6.3,7.26,6.26,3.0,1.48,18.0,0.3,0.5,0.5,85.6,91.9,97.4,91.5,3.0,8.6,18.0,0.3,0.5,9.54,10.3,16.46,12.88,4.0,5.85,18.0,0.5,0.6,0.5,2.57,6.45,7.79,5.24,4.0,3.68,18.0,0.5,0.6,0.5,0.56,7.83,15.77,8.15,4.0,10.8,18.0,0.5,0.6,0.5,1004.71,1011.0,1015.19,1010.0,4.0,8.25,18.0,0.5,0.6,0.5,2.9,7.0,7.7,5.3,3.0,3.8,20.0,0.7,0.5,0.6,27.8,65.9,74.3,51.7,4.0,35.3,18.0,0.5,0.6,0.5,6.7,81.4,292.5,146.5,4.0,221.9,18.0,0.5,0.6,0.5,0.63,2.0,5.07,2.83,3.0,3.33,18.0,0.3,0.5,0.5,6.9,21.6,48.1,27.4,3.0,30.6,18.0,0.3,0.5,0.5,1.17,1.32,2.69,1.92,3.0,1.22,18.0,0.3,0.5,0.5,17.2,28.5,30.2,23.8,3.0,10.4,18.0,0.3,0.5,0.5,17.3,45.1,84.7,50.7,4.0,47.0,18.0,0.5,0.6,0.5,33.6,94.0,158.1,95.8,4.0,96.7,18.0,0.5,0.6,0.5,12.2,38.3,40.6,26.7,3.0,23.1,18.0,0.3,0.5,0.5,7.8,72.1,115.8,62.0,3.0,79.6,18.0,0.3,0.5,0.5,1.9,5.9,20.2,10.9,3.0,14.1,18.0,0.3,0.5,0.5,-7.3,10.3,22.7,7.8,3.0,22.1,18.0,0.3,0.5,0.5,869.5,1100.5,5879.5,3270.5,4.0,4542.0,18.0,0.5,0.6,0.5,870.0,1100.0,5880.0,3270.0,4.0,4540.0,18.0,0.5,0.6,0.5
1974,2,207.0,42.0,10.0,10.0,10.0,10.0,1.0,0.0,18.0,1.0,0.4,0.8,7.24,8.45,9.71,8.48,4.0,1.45,14.0,1.0,0.4,0.4,5.12,5.12,5.12,5.12,1.0,0.0,18.0,1.0,0.4,0.8,80.1,80.1,80.1,80.1,1.0,0.0,18.0,1.0,0.8,9.22,11.35,16.93,13.0,4.0,5.37,14.0,1.0,0.4,0.4,-3.69,4.35,10.8,3.59,4.0,8.85,14.0,1.0,0.4,0.4,-6.2,-1.12,10.14,1.83,4.0,12.41,14.0,1.0,0.4,0.4,1014.67,1020.3,1026.46,1020.55,4.0,7.52,14.0,1.0,0.4,0.4,5.0,7.0,7.7,6.3,3.0,2.1,16.0,1.0,0.4,0.6,-76.0,37.8,121.9,23.6,4.0,130.9,14.0,1.0,0.4,0.4,-64.1,-14.4,208.9,68.5,4.0,223.9,14.0,1.0,0.4,0.4,2.5,2.5,2.5,2.5,1.0,0.0,18.0,1.0,0.4,0.8,21.8,21.8,21.8,21.8,1.0,0.0,18.0,1.0,0.4,0.8,2.45,2.45,2.45,2.45,1.0,0.0,18.0,1.0,0.4,0.8,21.4,21.4,21.4,21.4,1.0,0.0,18.0,1.0,0.4,0.8,-34.7,32.6,97.6,31.5,4.0,83.3,14.0,1.0,0.4,0.4,-46.6,-11.2,95.3,22.7,4.0,109.9,14.0,1.0,0.4,0.4,44.5,44.5,44.5,44.5,1.0,0.0,18.0,1.0,0.4,0.8,0.0,0.0,0.0,0.0,1.0,0.0,18.0,1.0,0.4,0.8,21.4,21.4,21.4,21.4,1.0,0.0,18.0,1.0,0.4,0.8,0.0,0.0,0.0,0.0,1.0,0.0,18.0,1.0,0.4,0.8,793.0,1544.0,5602.0,3122.0,4.0,3801.5,14.0,1.0,0.4,0.4,795.0,1545.0,5600.0,3120.0,4.0,3800.0,14.0,1.0,0.4,0.4
1974,2,207.0,43.0,9.0,9.0,9.0,9.0,1.0,0.0,18.0,1.0,0.2,0.4,10.32,11.0,11.68,11.0,2.0,1.41,18.0,0.5,0.5,0.5,6.27,6.27,6.27,6.27,1.0,0.0,18.0,1.0,0.2,0.4,82.2,82.2,82.2,82.2,1.0,0.0,18.0,1.0,0.4,8.95,10.55,12.15,10.55,2.0,3.32,18.0,0.5,0.5,0.5,3.93,6.34,8.76,6.34,2.0,5.0,18.0,0.5,0.5,0.5,7.8,8.0,8.2,8.0,2.0,0.41,18.0,0.5,0.5,0.5,1001.69,1004.25,1006.81,1004.25,2.0,5.3,18.0,0.5,0.5,0.5,3.0,5.0,7.0,5.0,2.0,4.2,18.0,0.5,0.5,0.5,39.6,75.2,110.9,75.2,2.0,73.9,18.0,0.5,0.5,0.5,70.1,85.1,100.0,85.1,2.0,31.0,18.0,0.5,0.5,0.5,-1.0,-1.0,-1.0,-1.0,1.0,0.0,18.0,1.0,0.2,0.4,-12.9,-12.9,-12.9,-12.9,1.0,0.0,18.0,1.0,0.2,0.4,0.87,0.87,0.87,0.87,1.0,0.0,18.0,1.0,0.2,0.4,11.2,11.2,11.2,11.2,1.0,0.0,18.0,1.0,0.2,0.4,44.0,66.2,88.5,66.2,2.0,46.1,18.0,0.5,0.5,0.5,84.4,87.7,91.0,87.7,2.0,6.8,18.0,0.5,0.5,0.5,62.0,62.0,62.0,62.0,1.0,0.0,18.0,1.0,0.2,0.4,52.0,52.0,52.0,52.0,1.0,0.0,18.0,1.0,0.2,0.4,8.6,8.6,8.6,8.6,1.0,0.0,18.0,1.0,0.2,0.4,7.2,7.2,7.2,7.2,1.0,0.0,18.0,1.0,0.2,0.4,804.5,1349.0,1893.5,1349.0,2.0,1128.0,18.0,0.5,0.5,0.5,805.0,1350.0,1895.0,1350.0,2.0,1130.0,18.0,0.5,0.5,0.5
1974,2,207.0,44.0,8.0,8.0,8.0,8.0,1.0,0.0,26.0,0.0,0.4,0.0,4.64,8.0,9.0,6.88,4.0,3.07,14.0,0.5,0.3,0.2,3.55,3.55,3.55,3.55,1.0,0.0,20.0,1.0,0.1,0.5,78.8,78.8,78.8,78.8,1.0,0.0,20.0,1.0,0.5,6.65,8.75,14.62,10.55,4.0,5.88,14.0,0.5,0.3,0.2,-2.37,4.59,11.07,4.36,4.0,8.79,14.0,0.5,0.3,0.2,-8.95,-1.36,5.19,-1.86,4.0,8.71,14.0,0.5,0.3,0.2,1017.0,1019.5,1022.52,1019.75,4.0,3.2,14.0,0.5,0.3,0.2,3.6,7.0,7.0,5.3,3.0,2.9,10.0,0.7,0.3,0.3,-27.1,33.4,171.4,70.4,4.0,145.7,14.0,0.5,0.3,0.2,-136.1,-5.1,48.2,-42.2,4.0,133.5,14.0,0.5,0.3,0.2,,,,,,,,,,,,,,,,,,,,,,,,,,,,,,,,,,,,,,,,,-21.3,27.0,43.9,12.0,4.0,47.7,14.0,0.5,0.3,0.2,-39.8,-6.0,44.2,1.8,4.0,52.1,14.0,0.5,0.3,0.2,51.7,51.7,51.7,51.7,1.0,0.0,20.0,1.0,0.1,0.5,-43.4,-43.4,-43.4,-43.4,1.0,0.0,20.0,1.0,0.1,0.5,,,,,,,,,,,,,,,,,,,,,,,,,,,,,,,,,,,,,,,,
1974,2,207.0,45.0,7.0,7.0,8.21,7.5,6.0,0.84,6.0,0.7,0.5,0.2,7.0,8.0,9.1,8.43,7.0,1.4,6.0,0.7,0.4,0.3,4.98,6.05,6.75,5.83,6.0,1.21,6.0,0.7,0.5,0.2,80.8,87.5,90.5,85.0,6.0,12.8,6.0,0.7,0.2,8.05,12.9,13.5,10.87,7.0,3.71,6.0,0.7,0.4,0.3,-4.45,1.42,3.43,-0.04,7.0,4.54,6.0,0.7,0.4,0.3,6.58,11.17,13.26,8.89,7.0,6.23,6.0,0.7,0.4,0.3,1006.95,1015.2,1017.14,1012.6,7.0,5.76,6.0,0.7,0.4,0.3,3.5,7.0,8.0,5.8,5.0,2.9,8.0,0.8,0.4,0.2,-58.1,11.7,33.7,-4.1,7.0,56.5,6.0,0.7,0.4,0.3,54.5,144.1,179.0,115.0,7.0,83.5,6.0,0.7,0.4,0.3,-2.41,-0.5,1.0,-0.83,6.0,1.94,6.0,0.7,0.5,0.2,-31.5,-4.1,7.2,-11.2,6.0,25.0,6.0,0.7,0.5,0.2,-0.23,0.44,1.54,0.6,6.0,1.16,6.0,0.7,0.5,0.2,-3.1,5.1,9.8,3.9,6.0,10.7,6.0,0.7,0.5,0.2,-39.8,10.0,27.1,0.3,7.0,38.9,6.0,0.7,0.4,0.3,52.5,100.5,117.2,79.5,7.0,56.9,6.0,0.7,0.4,0.3,-26.1,11.1,22.2,3.5,6.0,28.2,6.0,0.7,0.5,0.2,19.8,55.7,95.3,52.0,6.0,44.7,6.0,0.7,0.5,0.2,-2.3,-1.0,3.6,0.2,6.0,3.0,6.0,0.7,0.5,0.2,-6.7,1.2,9.4,1.8,6.0,11.0,6.0,0.7,0.5,0.2,531.5,2146.5,2465.5,1655.5,7.0,1277.5,6.0,0.7,0.4,0.3,530.0,2145.0,2465.0,1655.0,7.0,1275.0,6.0,0.7,0.4,0.3
1974,2,207.0,46.0,6.0,6.0,6.0,6.0,1.0,0.0,26.0,0.0,0.9,0.2,2.95,5.0,7.05,5.0,2.0,4.24,18.0,0.5,1.0,0.1,4.09,5.1,6.12,5.1,2.0,2.1,18.0,0.5,1.0,0.1,85.6,91.4,97.3,91.4,2.0,12.1,18.0,0.5,0.1,7.26,9.55,11.84,9.55,2.0,4.74,18.0,0.5,1.0,0.1,6.53,7.25,7.96,7.25,2.0,1.48,18.0,0.5,1.0,0.1,-8.31,-4.94,-1.57,-4.94,2.0,6.99,18.0,0.5,1.0,0.1,1013.63,1016.7,1019.77,1016.7,2.0,6.36,18.0,0.5,1.0,0.1,8.0,8.0,8.0,8.0,1.0,0.0,26.0,0.0,0.9,0.2,49.3,72.7,96.1,72.7,2.0,48.5,18.0,0.5,1.0,0.1,-107.2,-63.7,-20.2,-63.7,2.0,90.1,18.0,0.5,1.0,0.1,4.0,4.0,4.0,4.0,1.0,0.0,26.0,0.0,0.9,0.2,51.6,51.6,51.6,51.6,1.0,0.0,26.0,0.0,0.9,0.2,2.17,2.17,2.17,2.17,1.0,0.0,26.0,0.0,0.9,0.2,28.0,28.0,28.0,28.0,1.0,0.0,26.0,0.0,0.9,0.2,21.8,33.1,44.4,33.1,2.0,23.3,18.0,0.5,1.0,0.1,-16.6,-9.9,-3.1,-9.9,2.0,14.0,18.0,0.5,1.0,0.1,31.7,35.4,39.1,35.4,2.0,7.7,18.0,0.5,1.0,0.1,-30.1,-17.9,-5.7,-17.9,2.0,25.3,18.0,0.5,1.0,0.1,18.0,18.0,18.0,18.0,1.0,0.0,26.0,0.0,0.9,0.2,-21.5,-21.5,-21.5,-21.5,1.0,0.0,26.0,0.0,0.9,0.2,541.0,1192.5,1844.0,1192.5,2.0,1349.5,18.0,0.5,1.0,0.1,540.0,1195.0,1845.0,1195.0,2.0,1350.0,18.0,0.5,1.0,0.1
1974,2,207.0,47.0,5.56,6.0,7.0,6.38,8.0,0.88,12.0,0.4,0.6,0.5,1.81,6.5,7.0,4.94,9.0,2.91,14.0,0.3,0.6,0.4,3.1,5.39,5.98,4.8,8.0,1.49,12.0,0.4,0.6,0.5,74.7,88.0,96.6,85.4,8.0,12.7,12.0,0.4,0.5,6.2,10.3,17.16,11.32,9.0,6.39,14.0,0.3,0.6,0.4,0.85,4.75,8.52,6.08,9.0,6.18,14.0,0.3,0.6,0.4,-10.04,3.99,8.73,1.17,9.0,10.19,14.0,0.3,0.6,0.4,1006.0,1012.7,1015.0,1011.8,9.0,6.49,14.0,0.3,0.6,0.4,6.0,7.0,8.0,6.7,9.0,1.9,14.0,0.3,0.6,0.4,3.5,29.4,105.8,90.5,9.0,153.5,14.0,0.3,0.6,0.4,-154.7,24.7,85.2,-0.5,9.0,172.5,14.0,0.3,0.6,0.4,-1.0,0.5,4.78,1.31,8.0,3.06,12.0,0.4,0.6,0.5,-6.2,6.2,68.2,26.1,8.0,55.5,12.0,0.4,0.6,0.5,-0.2,0.94,2.77,1.16,8.0,1.5,12.0,0.4,0.6,0.5,-1.2,10.9,38.2,16.2,8.0,24.2,12.0,0.4,0.6,0.5,0.0,12.6,34.4,17.9,9.0,17.4,14.0,0.3,0.6,0.4,-12.3,25.9,70.9,29.7,9.0,48.8,14.0,0.3,0.6,0.4,1.1,25.0,33.0,23.1,8.0,20.8,12.0,0.4,0.6,0.5,-33.5,23.2,56.3,21.2,8.0,49.5,12.0,0.4,0.6,0.5,-0.9,0.0,19.5,10.0,8.0,19.9,12.0,0.4,0.6,0.5,-29.1,-3.4,8.9,-7.7,8.0,17.6,12.0,0.4,0.6,0.5,238.5,1092.5,5151.5,2859.5,9.0,4350.0,14.0,0.3,0.6,0.4,240.0,1095.0,5150.0,2860.0,9.0,4350.0,14.0,0.3,0.6,0.4
1974,2,207.0,48.0,5.48,6.05,8.0,6.45,6.0,1.29,14.0,0.7,0.8,0.4,2.78,5.3,7.04,4.72,6.0,2.68,14.0,0.7,0.8,0.4,3.28,5.5,5.67,4.82,6.0,1.26,14.0,0.7,0.8,0.4,79.4,89.9,98.9,88.3,6.0,11.5,14.0,0.7,0.4,4.6,6.65,11.4,7.6,6.0,3.34,14.0,0.7,0.8,0.4,2.19,4.23,6.05,4.47,6.0,2.61,14.0,0.7,0.8,0.4,-1.57,4.39,7.18,3.02,6.0,6.23,14.0,0.7,0.8,0.4,994.99,1002.8,1017.33,1005.0,6.0,11.4,14.0,0.7,0.8,0.4,4.2,8.0,8.0,6.2,5.0,3.0,16.0,0.6,0.7,0.3,10.2,32.2,56.7,39.0,6.0,36.5,14.0,0.7,0.8,0.4,-18.5,21.4,65.7,20.8,6.0,68.4,14.0,0.7,0.8,0.4,0.15,1.7,3.41,1.73,6.0,2.27,14.0,0.7,0.8,0.4,-1.3,7.8,36.6,12.8,6.0,22.0,14.0,0.7,0.8,0.4,0.14,1.19,2.36,1.22,6.0,1.1,14.0,0.7,0.8,0.4,0.5,5.5,21.3,9.9,6.0,12.5,14.0,0.7,0.8,0.4,6.9,20.4,31.8,18.9,6.0,13.5,14.0,0.7,0.8,0.4,-5.5,11.2,34.8,16.0,6.0,34.9,14.0,0.7,0.8,0.4,12.2,19.5,26.4,19.5,6.0,7.9,14.0,0.7,0.8,0.4,-5.2,20.9,33.8,17.5,6.0,29.2,14.0,0.7,0.8,0.4,0.2,4.2,14.5,7.3,6.0,9.2,14.0,0.7,0.8,0.4,-5.8,0.6,6.5,-0.3,6.0,11.2,14.0,0.7,0.8,0.4,97.5,342.0,1484.0,661.0,6.0,707.5,14.0,0.7,0.8,0.4,95.0,340.0,1485.0,660.0,6.0,705.0,14.0,0.7,0.8,0.4
1974,2,207.0,49.0,4.46,5.6,7.0,5.58,5.0,1.64,16.0,0.8,0.5,0.3,4.68,6.5,7.0,5.76,5.0,2.03,16.0,0.8,0.5,0.3,4.06,4.54,5.2,4.62,4.0,0.78,12.0,0.8,0.5,0.3,67.2,74.5,84.3,75.7,4.0,13.0,12.0,0.8,0.3,7.15,7.7,13.15,9.6,5.0,3.35,16.0,0.8,0.5,0.3,3.98,6.67,11.83,7.57,5.0,4.21,16.0,0.8,0.5,0.3,0.82,3.99,6.9,3.46,5.0,4.68,16.0,0.8,0.5,0.3,993.4,1008.5,1014.25,1004.5,5.0,11.93,16.0,0.8,0.5,0.3,2.6,5.0,7.0,4.8,5.0,2.3,16.0,0.8,0.5,0.3,26.1,51.3,156.7,83.1,5.0,68.6,16.0,0.8,0.5,0.3,-5.4,29.6,68.2,28.4,5.0,54.7,16.0,0.8,0.5,0.3,-0.76,0.0,0.29,-0.18,5.0,0.74,16.0,0.8,0.5,0.3,-5.2,0.0,3.8,-0.2,5.0,6.7,16.0,0.8,0.5,0.3,0.58,1.46,2.05,1.32,4.0,1.03,12.0,0.8,0.5,0.3,4.5,11.2,23.0,13.6,4.0,13.6,12.0,0.8,0.5,0.3,22.9,30.9,59.3,40.3,5.0,25.4,16.0,0.8,0.5,0.3,12.9,27.0,45.1,26.8,5.0,22.6,16.0,0.8,0.5,0.3,18.8,29.1,37.8,28.4,4.0,13.3,12.0,0.8,0.5,0.3,20.2,23.9,28.6,24.4,4.0,5.7,12.0,0.8,0.5,0.3,1.5,7.2,19.9,10.5,4.0,12.5,12.0,0.8,0.5,0.3,2.9,7.8,12.8,7.9,4.0,6.8,12.0,0.8,0.5,0.3,377.0,456.5,2273.5,1151.0,5.0,1057.0,16.0,0.8,0.5,0.3,375.0,455.0,2275.0,1150.0,5.0,1055.0,16.0,0.8,0.5,0.3
1974,2,207.0,50.0,4.63,5.45,6.91,5.78,6.0,1.6,14.0,0.7,0.7,0.2,2.81,4.1,6.07,4.03,7.0,2.69,16.0,0.6,0.6,0.2,3.77,4.46,5.27,4.54,6.0,0.86,14.0,0.7,0.7,0.2,76.7,86.4,100.0,87.4,6.0,11.6,14.0,0.7,0.2,10.3,14.4,16.05,13.9,7.0,2.72,16.0,0.6,0.6,0.2,1.24,12.59,15.94,8.61,7.0,9.74,16.0,0.6,0.6,0.2,-4.85,2.78,3.95,1.0,7.0,7.09,16.0,0.6,0.6,0.2,998.43,1001.5,1009.05,1001.39,7.0,7.56,16.0,0.6,0.6,0.2,5.0,7.0,8.0,6.2,6.0,2.6,16.0,0.7,0.7,0.2,12.8,168.7,254.3,140.1,7.0,141.8,16.0,0.6,0.6,0.2,-63.5,36.3,56.4,20.7,7.0,91.1,16.0,0.6,0.6,0.2,0.74,1.0,1.98,1.58,6.0,1.69,14.0,0.7,0.7,0.2,11.9,15.2,29.1,22.5,6.0,22.3,14.0,0.7,0.7,0.2,0.69,1.43,1.68,1.26,6.0,0.67,14.0,0.7,0.7,0.2,10.7,21.5,26.2,19.0,6.0,10.1,14.0,0.7,0.7,0.2,-14.8,54.0,69.2,27.7,7.0,50.6,16.0,0.6,0.6,0.2,-1.5,10.0,24.6,15.8,7.0,37.9,16.0,0.6,0.6,0.2,15.9,52.5,71.5,39.0,6.0,49.5,14.0,0.7,0.7,0.2,-3.4,11.4,28.6,14.5,6.0,25.6,14.0,0.7,0.7,0.2,9.8,17.4,22.5,15.4,6.0,9.5,14.0,0.7,0.7,0.2,-1.5,2.3,9.0,4.8,6.0,11.5,14.0,0.7,0.7,0.2,1092.5,2986.0,4135.0,2943.5,7.0,1500.5,16.0,0.6,0.6,0.2,1095.0,2985.0,4135.0,2945.0,7.0,1500.0,16.0,0.6,0.6,0.2
1974,2,207.0,51.0,1.95,3.0,4.31,3.12,6.0,1.54,16.0,0.2,0.6,0.6,-0.46,2.0,4.68,1.9,5.0,3.21,14.0,0.2,0.6,0.6,4.35,4.46,4.48,4.42,3.0,0.11,10.0,0.3,0.7,0.6,80.3,85.0,95.2,87.7,3.0,11.2,10.0,0.3,0.6,11.38,14.4,17.41,13.63,6.0,5.34,16.0,0.2,0.6,0.6,-0.14,6.8,13.48,5.68,6.0,9.07,16.0,0.2,0.6,0.6,-13.15,-0.22,9.45,-1.51,6.0,11.3,16.0,0.2,0.6,0.6,992.9,996.5,1000.55,997.33,6.0,5.19,16.0,0.2,0.6,0.6,6.0,8.0,8.0,7.2,5.0,1.1,16.0,0.2,0.5,0.6,-22.9,99.1,197.4,86.2,6.0,147.0,16.0,0.2,0.6,0.6,-242.9,10.6,133.7,-33.5,6.0,186.3,16.0,0.2,0.6,0.6,-1.0,1.0,3.46,1.4,5.0,2.88,14.0,0.2,0.6,0.6,-13.9,13.9,26.1,8.2,5.0,21.7,14.0,0.2,0.6,0.6,0.05,0.84,1.07,0.57,3.0,0.78,10.0,0.3,0.7,0.6,0.4,11.2,14.7,7.7,3.0,10.9,10.0,0.3,0.7,0.6,-11.4,3.0,54.5,18.2,5.0,36.8,14.0,0.2,0.6,0.6,-0.9,11.6,29.2,13.2,5.0,20.9,14.0,0.2,0.6,0.6,-13.9,47.9,53.9,20.6,3.0,55.0,10.0,0.3,0.7,0.6,19.6,40.2,47.5,33.7,3.0,21.2,10.0,0.3,0.7,0.6,5.5,11.0,12.1,8.8,3.0,5.2,10.0,0.3,0.7,0.6,-1.8,1.9,7.8,3.0,3.0,7.1,10.0,0.3,0.7,0.6,1919.0,2997.0,5315.0,3369.5,6.0,2324.0,16.0,0.2,0.6,0.6,1920.0,2995.0,5315.0,3370.0,6.0,2325.0,16.0,0.2,0.6,0.6
1974,2,207.0,52.0,3.0,3.8,4.81,3.72,16.0,0.89,12.0,0.4,0.6,0.5,0.72,3.0,4.89,3.07,15.0,1.85,12.0,0.3,0.5,0.5,3.61,4.15,4.79,4.22,14.0,0.64,12.0,0.4,0.5,0.5,74.3,90.2,100.0,88.0,14.0,10.7,12.0,0.4,0.5,7.2,11.05,15.21,11.24,16.0,4.2,12.0,0.4,0.6,0.5,-8.06,4.13,8.64,1.19,16.0,7.9,12.0,0.4,0.6,0.5,-4.56,5.98,13.34,4.37,16.0,8.25,12.0,0.4,0.6,0.5,992.92,998.0,1005.93,998.79,16.0,7.33,12.0,0.4,0.6,0.5,7.0,8.0,8.0,7.5,15.0,0.7,12.0,0.4,0.6,0.5,-108.4,28.9,108.7,3.4,16.0,106.5,12.0,0.4,0.6,0.5,-42.7,42.3,205.4,70.7,16.0,128.4,12.0,0.4,0.6,0.5,-0.89,0.6,2.17,0.6,15.0,1.57,12.0,0.3,0.5,0.5,-12.1,4.4,23.5,4.5,15.0,21.4,12.0,0.3,0.5,0.5,0.21,0.89,1.37,0.77,14.0,0.58,12.0,0.4,0.5,0.5,1.6,8.6,14.0,7.5,14.0,5.9,12.0,0.4,0.5,0.5,-21.1,0.0,29.8,3.5,15.0,26.7,12.0,0.3,0.5,0.5,-4.8,16.5,48.8,20.1,15.0,36.4,12.0,0.3,0.5,0.5,-34.3,7.1,26.0,-2.8,14.0,31.2,12.0,0.4,0.5,0.5,-18.3,29.6,59.1,23.4,14.0,38.0,12.0,0.4,0.5,0.5,-4.8,2.9,7.3,1.7,14.0,6.0,12.0,0.4,0.5,0.5,-5.7,0.7,8.4,0.7,14.0,7.5,12.0,0.4,0.5,0.5,373.0,1351.5,3521.5,2018.5,16.0,2305.0,12.0,0.4,0.6,0.5,375.0,1350.0,3520.0,2020.0,16.0,2305.0,12.0,0.4,0.6,0.5
1974,2,207.0,53.0,2.91,4.0,4.73,3.89,17.0,1.36,16.0,0.5,0.5,0.5,-1.15,2.5,4.89,2.39,15.0,2.69,14.0,0.5,0.5,0.6,3.07,4.15,4.89,3.98,14.0,0.85,14.0,0.4,0.5,0.5,73.7,87.3,92.5,84.3,14.0,9.0,14.0,0.4,0.5,5.7,12.3,21.01,11.86,20.0,6.41,16.0,0.6,0.5,0.5,-1.52,6.81,18.23,6.63,20.0,9.57,16.0,0.6,0.5,0.5,-8.59,-2.18,3.94,-1.64,20.0,6.95,16.0,0.6,0.5,0.5,989.07,1001.75,1006.19,999.36,20.0,8.51,16.0,0.6,0.5,0.5,6.4,8.0,8.0,6.9,16.0,2.1,16.0,0.7,0.4,0.6,-4.7,55.7,383.2,116.2,20.0,185.0,16.0,0.6,0.5,0.5,-115.9,-10.7,30.4,-31.5,20.0,120.8,16.0,0.6,0.5,0.5,-1.05,0.5,2.87,0.77,13.0,2.04,14.0,0.4,0.4,0.5,-5.7,6.7,21.2,5.5,13.0,19.5,14.0,0.4,0.4,0.5,0.39,1.13,1.69,0.96,13.0,0.77,14.0,0.4,0.4,0.5,2.3,5.2,18.6,9.6,13.0,12.8,14.0,0.4,0.4,0.5,-29.3,3.0,18.5,2.7,15.0,38.5,14.0,0.5,0.5,0.6,-9.9,0.0,22.5,9.8,15.0,26.6,14.0,0.5,0.5,0.6,-19.1,17.1,28.0,10.3,14.0,33.8,14.0,0.4,0.5,0.5,-19.7,-2.5,23.5,5.0,14.0,28.5,14.0,0.4,0.5,0.5,-5.2,0.8,11.2,3.4,13.0,12.7,14.0,0.4,0.4,0.5,-11.8,-0.9,2.2,-2.3,13.0,9.2,14.0,0.4,0.4,0.5,185.0,1861.0,9306.0,3161.0,20.0,4111.0,16.0,0.6,0.5,0.5,185.0,1860.0,9305.0,3160.0,20.0,4110.0,16.0,0.6,0.5,0.5
1974,2,207.0,54.0,3.13,3.75,4.52,3.83,4.0,0.93,22.0,0.3,0.9,0.3,-2.62,-0.6,2.1,-0.47,7.0,2.92,18.0,0.1,0.8,0.3,2.63,3.24,3.32,2.99,4.0,0.56,20.0,0.3,0.9,0.3,77.3,83.6,94.1,85.6,4.0,10.9,20.0,0.3,0.3,7.55,10.3,13.97,10.31,7.0,3.64,18.0,0.1,0.8,0.3,2.99,6.62,9.22,4.68,7.0,6.0,18.0,0.1,0.8,0.3,-12.1,-3.76,-1.22,-4.99,7.0,6.84,18.0,0.1,0.8,0.3,979.36,1000.5,1006.81,996.4,7.0,14.24,18.0,0.1,0.8,0.3,4.0,8.0,8.0,6.4,5.0,2.2,18.0,0.2,0.8,0.4,9.8,68.2,97.4,41.6,7.0,78.8,18.0,0.1,0.8,0.3,-169.1,-41.4,-10.5,-67.5,7.0,91.0,18.0,0.1,0.8,0.3,2.4,3.8,7.24,4.78,4.0,3.66,22.0,0.3,0.9,0.3,21.1,29.1,74.3,46.9,4.0,42.6,22.0,0.3,0.9,0.3,1.66,1.8,2.93,2.28,3.0,1.02,22.0,0.3,1.0,0.3,13.4,24.5,33.7,23.6,3.0,14.9,22.0,0.3,1.0,0.3,-24.3,-6.9,0.1,-12.3,7.0,21.1,18.0,0.1,0.8,0.3,-0.7,4.7,19.2,5.7,7.0,17.0,18.0,0.1,0.8,0.3,-7.9,17.0,25.8,9.3,4.0,24.4,20.0,0.3,0.9,0.3,-27.9,-9.0,-6.5,-16.9,4.0,18.5,20.0,0.3,0.9,0.3,-6.3,6.3,26.4,9.9,3.0,24.2,22.0,0.3,1.0,0.3,-18.6,-13.0,-7.8,-13.2,3.0,7.9,22.0,0.3,1.0,0.3,439.5,1092.5,2732.0,1445.5,7.0,1275.0,18.0,0.1,0.8,0.3,440.0,1095.0,2730.0,1445.0,7.0,1275.0,18.0,0.1,0.8,0.3
1974,2,207.0,55.0,3.14,3.6,4.48,3.8,4.0,0.88,18.0,0.3,0.6,0.3,-3.33,1.25,5.73,1.2,4.0,5.5,18.0,0.3,0.6,0.3,3.04,3.73,4.42,3.73,2.0,1.43,18.0,0.5,0.3,0.3,82.1,86.6,91.1,86.6,2.0,9.3,18.0,0.5,0.3,3.0,7.65,17.96,10.35,4.0,9.56,18.0,0.3,0.6,0.3,0.38,4.91,9.82,5.09,4.0,5.69,18.0,0.3,0.6,0.3,-13.38,-3.25,0.38,-6.35,4.0,10.66,18.0,0.3,0.6,0.3,996.26,1003.25,1006.57,1001.5,4.0,7.18,18.0,0.3,0.6,0.3,5.3,6.0,6.0,5.7,3.0,0.6,18.0,0.3,0.5,0.4,1.1,74.0,163.3,81.8,4.0,94.5,18.0,0.3,0.6,0.3,-287.3,-29.3,1.1,-137.9,4.0,243.7,18.0,0.3,0.6,0.3,-1.31,2.75,6.49,2.6,4.0,4.99,18.0,0.3,0.6,0.3,-3.9,29.2,126.8,60.0,4.0,92.3,18.0,0.3,0.6,0.3,0.92,1.35,1.79,1.35,2.0,0.9,18.0,0.5,0.3,0.3,5.7,13.3,20.9,13.3,2.0,15.8,18.0,0.5,0.3,0.3,-29.0,-10.7,5.4,-11.7,4.0,22.6,18.0,0.3,0.6,0.3,-5.8,8.8,62.2,27.3,4.0,55.5,18.0,0.3,0.6,0.3,0.9,13.3,25.7,13.3,2.0,25.7,18.0,0.5,0.3,0.3,-7.5,1.0,9.4,1.0,2.0,17.5,18.0,0.5,0.3,0.3,3.0,11.1,19.2,11.1,2.0,16.8,18.0,0.5,0.3,0.3,-6.7,-3.2,0.4,-3.2,2.0,7.3,18.0,0.5,0.3,0.3,27.0,944.0,7344.0,3560.5,4.0,5907.5,18.0,0.3,0.6,0.3,25.0,945.0,7345.0,3560.0,4.0,5910.0,18.0,0.3,0.6,0.3
1974,2,207.0,56.0,2.9,4.0,4.7,3.88,133.0,0.87,16.0,0.5,0.6,0.5,-2.7,0.3,3.2,0.15,121.0,3.02,14.0,0.5,0.6,0.5,3.37,4.39,4.71,3.98,5.0,1.22,8.0,0.0,0.5,0.7,83.7,90.0,93.9,88.5,5.0,7.4,8.0,0.0,0.7,4.1,9.8,17.0,10.38,131.0,6.04,14.0,0.5,0.6,0.5,-4.64,3.06,14.04,3.61,131.0,8.76,14.0,0.5,0.6,0.5,-8.19,-2.07,5.69,-1.67,131.0,7.23,14.0,0.5,0.6,0.5,986.61,996.2,1006.2,996.05,134.0,10.13,16.0,0.5,0.6,0.5,4.0,8.0,8.0,6.5,132.0,2.2,16.0,0.5,0.6,0.5,-40.4,16.7,201.7,64.2,131.0,158.2,14.0,0.5,0.6,0.5,-121.6,-9.0,59.5,-28.2,131.0,112.6,14.0,0.5,0.6,0.5,1.3,3.25,7.1,3.89,118.0,2.85,14.0,0.5,0.6,0.5,7.0,25.2,84.0,41.1,113.0,45.9,14.0,0.5,0.6,0.5,0.11,0.31,1.32,0.75,5.0,1.24,8.0,0.0,0.5,0.7,0.0,1.0,11.5,6.2,5.0,12.7,8.0,0.0,0.5,0.7,-25.3,0.0,20.6,-4.3,116.0,29.4,14.0,0.5,0.6,0.5,-2.8,4.2,33.1,11.7,116.0,22.5,14.0,0.5,0.6,0.5,0.4,15.4,22.8,13.0,5.0,15.2,8.0,0.0,0.5,0.7,-0.7,18.3,23.5,12.6,5.0,15.2,8.0,0.0,0.5,0.7,-0.6,0.2,9.8,5.0,5.0,11.2,8.0,0.0,0.5,0.7,-5.7,0.4,1.1,-2.5,5.0,6.7,8.0,0.0,0.5,0.7,69.0,941.0,4913.0,2332.0,131.0,3516.0,14.0,0.5,0.6,0.5,70.0,940.0,4915.0,2330.0,131.0,3515.0,14.0,0.5,0.6,0.5
1974,2,207.0,57.0,2.68,3.3,4.42,3.47,7.0,0.96,14.0,0.3,0.7,0.5,-0.26,2.15,3.32,1.15,6.0,3.2,14.0,0.3,0.7,0.5,2.69,3.64,4.39,3.54,4.0,1.12,12.0,0.5,0.8,0.4,80.5,83.7,92.2,86.2,4.0,7.9,12.0,0.5,0.4,6.89,8.75,11.27,9.28,6.0,3.28,12.0,0.3,0.8,0.5,-5.91,-1.3,4.55,-0.86,6.0,6.54,12.0,0.3,0.8,0.5,-8.0,-5.78,-0.26,-3.89,6.0,7.24,12.0,0.3,0.8,0.5,985.55,997.5,998.41,994.5,7.0,8.64,14.0,0.3,0.7,0.5,6.8,8.0,8.0,7.0,7.0,2.2,14.0,0.3,0.7,0.5,-53.4,-9.6,46.0,-12.3,6.0,77.4,12.0,0.3,0.8,0.5,-76.3,-49.5,7.7,-39.9,6.0,87.1,12.0,0.3,0.8,0.5,0.73,1.3,4.27,2.43,6.0,3.17,14.0,0.3,0.7,0.5,0.9,10.0,29.3,15.7,5.0,26.5,12.0,0.4,0.8,0.4,0.45,1.14,2.02,1.23,4.0,1.17,12.0,0.5,0.8,0.4,2.1,7.7,14.8,8.4,4.0,8.8,12.0,0.5,0.8,0.4,-20.1,-6.4,1.8,-8.8,5.0,16.1,12.0,0.4,0.8,0.4,-19.0,-6.7,33.5,3.0,5.0,31.3,12.0,0.4,0.8,0.4,-33.4,-16.2,-4.7,-18.9,4.0,20.3,12.0,0.5,0.8,0.4,-39.2,-18.6,-13.1,-25.8,4.0,19.8,12.0,0.5,0.8,0.4,-5.0,-1.9,2.3,-1.4,4.0,4.3,12.0,0.5,0.8,0.4,-14.0,-5.6,-0.8,-7.3,4.0,8.9,12.0,0.5,0.8,0.4,334.5,699.0,1564.0,1070.5,6.0,1181.0,12.0,0.3,0.8,0.5,335.0,700.0,1565.0,1070.0,6.0,1180.0,12.0,0.3,0.8,0.5
1974,2,207.0,58.0,,,,,,,,,,,,,,,,,,,,,,,,,,,,,,,,,,,,,,,,23.1,23.1,23.1,23.1,1.0,0.0,14.0,1.0,0.5,0.8,22.75,22.75,22.75,22.75,1.0,0.0,14.0,1.0,0.5,0.8,-4.01,-4.01,-4.01,-4.01,1.0,0.0,14.0,1.0,0.5,0.8,965.9,965.9,965.9,965.9,1.0,0.0,14.0,1.0,0.5,0.8,,,,,,,,,,,,,,,,,,,,,,,,,,,,,,,,,,,,,,,,,,,,,,,,,,,,,,,,,,,,,,,,,,,,,,,,,,,,,,,,,,,,,,,,,,,,,,,,,,,,,,,,,,,,,,,,,,,,,,,,,,,,,,,,,,,,,,,,,,,,,,,,,,,,,,
1974,2,207.0,59.0,4.0,4.0,4.0,4.0,1.0,0.0,4.0,1.0,0.7,0.2,7.0,7.0,7.0,7.0,1.0,0.0,4.0,1.0,0.7,0.2,4.7,4.7,4.7,4.7,1.0,0.0,4.0,1.0,0.7,0.2,74.1,74.1,74.1,74.1,1.0,0.0,4.0,1.0,0.2,23.1,23.1,23.1,23.1,1.0,0.0,4.0,1.0,0.7,0.2,-17.7,-17.7,-17.7,-17.7,1.0,0.0,4.0,1.0,0.7,0.2,-14.85,-14.85,-14.85,-14.85,1.0,0.0,4.0,1.0,0.7,0.2,990.0,990.0,990.0,990.0,1.0,0.0,4.0,1.0,0.7,0.2,,,,,,,,,,,,,,,,,,,,,,,,,,,,,,,-3.0,-3.0,-3.0,-3.0,1.0,0.0,4.0,1.0,0.7,0.2,-69.3,-69.3,-69.3,-69.3,1.0,0.0,4.0,1.0,0.7,0.2,0.45,0.45,0.45,0.45,1.0,0.0,4.0,1.0,0.7,0.2,10.5,10.5,10.5,10.5,1.0,0.0,4.0,1.0,0.7,0.2,-123.9,-123.9,-123.9,-123.9,1.0,0.0,4.0,1.0,0.7,0.2,-103.9,-103.9,-103.9,-103.9,1.0,0.0,4.0,1.0,0.7,0.2,-83.1,-83.1,-83.1,-83.1,1.0,0.0,4.0,1.0,0.7,0.2,-69.7,-69.7,-69.7,-69.7,1.0,0.0,4.0,1.0,0.7,0.2,-8.0,-8.0,-8.0,-8.0,1.0,0.0,4.0,1.0,0.7,0.2,-6.7,-6.7,-6.7,-6.7,1.0,0.0,4.0,1.0,0.7,0.2,12326.5,12326.5,12326.5,12326.5,1.0,0.0,4.0,1.0,0.7,0.2,12325.0,12325.0,12325.0,12325.0,1.0,0.0,4.0,1.0,0.7,0.2
1974,2,208.0,-61.0,0.93,1.0,1.0,0.97,3.0,0.06,4.0,0.7,0.7,0.7,1.26,1.4,1.81,1.53,3.0,0.42,4.0,0.7,0.7,0.7,3.48,3.5,3.52,3.5,2.0,0.04,4.0,0.5,0.9,0.8,80.3,81.3,82.3,81.3,2.0,2.1,4.0,0.5,0.8,12.3,12.3,13.05,12.67,3.0,0.64,4.0,0.7,0.7,0.7,3.9,12.3,12.5,8.3,3.0,7.19,4.0,0.7,0.7,0.7,-8.4,0.0,3.13,-2.57,3.0,8.73,4.0,0.7,0.7,0.7,975.63,977.0,978.37,977.0,2.0,2.83,4.0,0.5,0.9,0.8,7.2,7.5,7.8,7.5,2.0,0.7,4.0,0.5,0.9,0.8,48.0,151.3,163.2,106.7,3.0,92.8,4.0,0.7,0.7,0.7,-103.3,0.0,41.9,-30.0,3.0,109.5,4.0,0.7,0.7,0.7,-0.84,-0.5,-0.3,-0.57,3.0,0.4,4.0,0.7,0.7,0.7,-10.5,-6.7,-3.8,-7.2,3.0,4.9,4.0,0.7,0.7,0.7,0.68,0.7,0.72,0.7,2.0,0.04,4.0,0.5,0.9,0.8,8.5,9.0,9.5,9.0,2.0,1.0,4.0,0.5,0.9,0.8,4.7,14.8,16.7,10.8,3.0,9.5,4.0,0.7,0.7,0.7,-16.8,0.0,4.4,-6.1,3.0,16.4,4.0,0.7,0.7,0.7,43.4,43.5,43.6,43.5,2.0,0.2,4.0,0.5,0.9,0.8,2.5,7.9,13.4,7.9,2.0,11.2,4.0,0.5,0.9,0.8,8.4,8.7,9.0,8.7,2.0,0.6,4.0,0.5,0.9,0.8,0.5,1.7,2.8,1.7,2.0,2.3,4.0,0.5,0.9,0.8,1861.0,1861.0,2233.0,2042.5,3.0,315.0,4.0,0.7,0.7,0.7,1860.0,1860.0,2235.0,2045.0,3.0,315.0,4.0,0.7,0.7,0.7
1974,2,208.0,-59.0,1.5,1.5,1.5,1.5,1.0,0.0,22.0,1.0,0.7,0.9,1.9,1.9,1.9,1.9,1.0,0.0,22.0,1.0,0.7,0.9,3.44,3.44,3.44,3.44,1.0,0.0,22.0,1.0,0.7,0.9,78.7,78.7,78.7,78.7,1.0,0.0,22.0,1.0,0.9,9.3,9.3,9.3,9.3,1.0,0.0,22.0,1.0,0.7,0.9,0.0,0.0,0.0,0.0,1.0,0.0,22.0,1.0,0.7,0.9,9.3,9.3,9.3,9.3,1.0,0.0,22.0,1.0,0.7,0.9,1003.2,1003.2,1003.2,1003.2,1.0,0.0,22.0,1.0,0.7,0.9,4.0,4.0,4.0,4.0,1.0,0.0,22.0,1.0,0.7,0.9,0.0,0.0,0.0,0.0,1.0,0.0,22.0,1.0,0.7,0.9,86.5,86.5,86.5,86.5,1.0,0.0,22.0,1.0,0.7,0.9,-0.4,-0.4,-0.4,-0.4,1.0,0.0,22.0,1.0,0.7,0.9,-3.7,-3.7,-3.7,-3.7,1.0,0.0,22.0,1.0,0.7,0.9,0.81,0.81,0.81,0.81,1.0,0.0,22.0,1.0,0.7,0.9,7.5,7.5,7.5,7.5,1.0,0.0,22.0,1.0,0.7,0.9,0.0,0.0,0.0,0.0,1.0,0.0,22.0,1.0,0.7,0.9,17.7,17.7,17.7,17.7,1.0,0.0,22.0,1.0,0.7,0.9,0.0,0.0,0.0,0.0,1.0,0.0,22.0,1.0,0.7,0.9,32.0,32.0,32.0,32.0,1.0,0.0,22.0,1.0,0.7,0.9,0.0,0.0,0.0,0.0,1.0,0.0,22.0,1.0,0.7,0.9,7.5,7.5,7.5,7.5,1.0,0.0,22.0,1.0,0.7,0.9,804.5,804.5,804.5,804.5,1.0,0.0,22.0,1.0,0.7,0.9,805.0,805.0,805.0,805.0,1.0,0.0,22.0,1.0,0.7,0.9
1974,2,208.0,-45.0,15.0,15.0,15.0,15.0,1.0,0.0,22.0,0.0,1.0,0.6,17.5,17.5,17.5,17.5,1.0,0.0,22.0,0.0,1.0,0.6,9.64,9.64,9.64,9.64,1.0,0.0,22.0,0.0,1.0,0.6,77.4,77.4,77.4,77.4,1.0,0.0,22.0,0.0,0.6,9.3,9.3,9.3,9.3,1.0,0.0,22.0,0.0,1.0,0.6,0.0,0.0,0.0,0.0,1.0,0.0,22.0,0.0,1.0,0.6,-9.3,-9.3,-9.3,-9.3,1.0,0.0,22.0,0.0,1.0,0.6,1008.3,1008.3,1008.3,1008.3,1.0,0.0,22.0,0.0,1.0,0.6,8.0,8.0,8.0,8.0,1.0,0.0,22.0,0.0,1.0,0.6,0.0,0.0,0.0,0.0,1.0,0.0,22.0,0.0,1.0,0.6,-86.5,-86.5,-86.5,-86.5,1.0,0.0,22.0,0.0,1.0,0.6,-2.5,-2.5,-2.5,-2.5,1.0,0.0,22.0,0.0,1.0,0.6,-23.2,-23.2,-23.2,-23.2,1.0,0.0,22.0,0.0,1.0,0.6,0.99,0.99,0.99,0.99,1.0,0.0,22.0,0.0,1.0,0.6,9.2,9.2,9.2,9.2,1.0,0.0,22.0,0.0,1.0,0.6,0.0,0.0,0.0,0.0,1.0,0.0,22.0,0.0,1.0,0.6,-162.7,-162.7,-162.7,-162.7,1.0,0.0,22.0,0.0,1.0,0.6,0.0,0.0,0.0,0.0,1.0,0.0,22.0,0.0,1.0,0.6,-89.6,-89.6,-89.6,-89.6,1.0,0.0,22.0,0.0,1.0,0.6,0.0,0.0,0.0,0.0,1.0,0.0,22.0,0.0,1.0,0.6,-9.2,-9.2,-9.2,-9.2,1.0,0.0,22.0,0.0,1.0,0.6,804.5,804.5,804.5,804.5,1.0,0.0,22.0,0.0,1.0,0.6,805.0,805.0,805.0,805.0,1.0,0.0,22.0,0.0,1.0,0.6
1974,2,208.0,-44.0,13.7,13.7,13.7,13.7,1.0,0.0,20.0,1.0,0.1,0.4,13.4,13.4,13.4,13.4,1.0,0.0,20.0,1.0,0.1,0.4,7.96,7.96,7.96,7.96,1.0,0.0,20.0,1.0,0.1,0.4,84.8,84.8,84.8,84.8,1.0,0.0,20.0,1.0,0.4,5.7,5.7,5.7,5.7,1.0,0.0,20.0,1.0,0.1,0.4,-4.94,-4.94,-4.94,-4.94,1.0,0.0,20.0,1.0,0.1,0.4,-2.85,-2.85,-2.85,-2.85,1.0,0.0,20.0,1.0,0.1,0.4,1027.6,1027.6,1027.6,1027.6,1.0,0.0,20.0,1.0,0.1,0.4,8.0,8.0,8.0,8.0,1.0,0.0,20.0,1.0,0.1,0.4,-28.1,-28.1,-28.1,-28.1,1.0,0.0,20.0,1.0,0.1,0.4,-16.2,-16.2,-16.2,-16.2,1.0,0.0,20.0,1.0,0.1,0.4,0.3,0.3,0.3,0.3,1.0,0.0,20.0,1.0,0.1,0.4,1.7,1.7,1.7,1.7,1.0,0.0,20.0,1.0,0.1,0.4,1.62,1.62,1.62,1.62,1.0,0.0,20.0,1.0,0.1,0.4,9.2,9.2,9.2,9.2,1.0,0.0,20.0,1.0,0.1,0.4,-66.1,-66.1,-66.1,-66.1,1.0,0.0,20.0,1.0,0.1,0.4,-38.2,-38.2,-38.2,-38.2,1.0,0.0,20.0,1.0,0.1,0.4,-39.3,-39.3,-39.3,-39.3,1.0,0.0,20.0,1.0,0.1,0.4,-22.7,-22.7,-22.7,-22.7,1.0,0.0,20.0,1.0,0.1,0.4,-8.0,-8.0,-8.0,-8.0,1.0,0.0,20.0,1.0,0.1,0.4,-4.6,-4.6,-4.6,-4.6,1.0,0.0,20.0,1.0,0.1,0.4,185.0,185.0,185.0,185.0,1.0,0.0,20.0,1.0,0.1,0.4,185.0,185.0,185.0,185.0,1.0,0.0,20.0,1.0,0.1,0.4
1974,2,208.0,-41.0,17.11,17.35,17.59,17.35,2.0,0.49,18.0,1.0,0.3,1.0,14.94,15.9,16.86,15.9,2.0,1.98,18.0,1.0,0.3,1.0,8.9,9.78,10.66,9.78,2.0,1.82,18.0,1.0,0.3,1.0,85.0,87.4,89.8,87.4,2.0,5.0,18.0,1.0,1.0,5.25,6.65,8.05,6.65,2.0,2.9,18.0,1.0,0.3,1.0,1.06,3.33,5.61,3.33,2.0,4.71,18.0,1.0,0.3,1.0,4.76,5.1,5.43,5.1,2.0,0.7,18.0,1.0,0.3,1.0,1019.96,1021.15,1022.34,1021.15,2.0,2.47,18.0,1.0,0.3,1.0,8.0,8.0,8.0,8.0,2.0,0.0,18.0,1.0,0.3,1.0,9.2,29.0,48.8,29.0,2.0,41.0,18.0,1.0,0.3,1.0,25.5,34.9,44.3,34.9,2.0,19.4,18.0,1.0,0.3,1.0,0.73,1.45,2.17,1.45,2.0,1.48,18.0,1.0,0.3,1.0,4.8,7.5,10.2,7.5,2.0,5.7,18.0,1.0,0.3,1.0,1.75,2.43,3.11,2.43,2.0,1.41,18.0,1.0,0.3,1.0,13.0,14.1,15.2,14.1,2.0,2.3,18.0,1.0,0.3,1.0,18.3,57.6,97.0,57.6,2.0,81.5,18.0,1.0,0.3,1.0,71.5,81.7,92.0,81.7,2.0,21.2,18.0,1.0,0.3,1.0,11.7,36.9,62.1,36.9,2.0,52.2,18.0,1.0,0.3,1.0,42.7,50.5,58.3,50.5,2.0,16.1,18.0,1.0,0.3,1.0,1.5,4.8,8.0,4.8,2.0,6.7,18.0,1.0,0.3,1.0,9.2,11.9,14.5,11.9,2.0,5.5,18.0,1.0,0.3,1.0,186.5,378.0,569.5,378.0,2.0,397.0,18.0,1.0,0.3,1.0,185.0,380.0,570.0,380.0,2.0,395.0,18.0,1.0,0.3,1.0
1974,2,208.0,-39.0,18.3,18.3,18.3,18.3,2.0,0.0,10.0,0.5,0.9,0.7,16.14,17.3,18.46,17.3,2.0,2.4,10.0,0.5,0.9,0.7,7.04,7.22,7.41,7.22,2.0,0.38,10.0,0.5,0.9,0.7,57.1,59.7,62.3,59.7,2.0,5.4,10.0,0.5,0.7,3.42,4.1,4.78,4.1,2.0,1.41,10.0,0.5,0.9,0.7,-1.98,-0.47,1.04,-0.47,2.0,3.13,10.0,0.5,0.9,0.7,-4.28,-3.17,-2.06,-3.17,2.0,2.29,10.0,0.5,0.9,0.7,1016.39,1021.1,1025.81,1021.1,2.0,9.76,10.0,0.5,0.9,0.7,4.5,5.5,6.5,5.5,2.0,2.1,10.0,0.5,0.9,0.7,-5.6,0.3,6.2,0.3,2.0,12.2,10.0,0.5,0.9,0.7,-21.3,-14.6,-7.9,-14.6,2.0,13.9,10.0,0.5,0.9,0.7,-0.16,1.0,2.16,1.0,2.0,2.4,10.0,0.5,0.9,0.7,0.4,5.8,11.2,5.8,2.0,11.3,10.0,0.5,0.9,0.7,5.5,5.74,5.98,5.74,2.0,0.5,10.0,0.5,0.9,0.7,19.0,23.9,28.8,23.9,2.0,10.2,10.0,0.5,0.9,0.7,-38.6,-11.9,14.8,-11.9,2.0,55.3,10.0,0.5,0.9,0.7,-67.6,-52.1,-36.6,-52.1,2.0,32.0,10.0,0.5,0.9,0.7,-15.0,-4.0,7.0,-4.0,2.0,22.8,10.0,0.5,0.9,0.7,-29.9,-22.5,-15.1,-22.5,2.0,15.4,10.0,0.5,0.9,0.7,-10.5,-1.9,6.7,-1.9,2.0,17.7,10.0,0.5,0.9,0.7,-25.9,-18.8,-11.7,-18.8,2.0,14.8,10.0,0.5,0.9,0.7,46.0,81.0,116.5,81.0,2.0,72.5,10.0,0.5,0.9,0.7,45.0,80.0,115.0,80.0,2.0,75.0,10.0,0.5,0.9,0.7
1974,2,208.0,-34.0,22.22,22.7,23.18,22.7,2.0,0.99,14.0,0.0,0.4,0.9,21.41,21.65,21.89,21.65,2.0,0.49,14.0,0.0,0.4,0.9,10.54,10.98,11.43,10.98,2.0,0.91,14.0,0.0,0.4,0.9,67.2,68.9,70.6,68.9,2.0,3.5,14.0,0.0,0.9,5.59,6.65,7.71,6.65,2.0,2.19,14.0,0.0,0.4,0.9,-5.23,-5.15,-5.06,-5.15,2.0,0.18,14.0,0.0,0.4,0.9,1.74,3.58,5.43,3.58,2.0,3.82,14.0,0.0,0.4,0.9,1021.74,1022.25,1022.76,1022.25,2.0,1.06,14.0,0.0,0.4,0.9,2.6,4.0,5.4,4.0,2.0,2.8,14.0,0.0,0.4,0.9,-40.4,-34.4,-28.4,-34.4,2.0,12.4,14.0,0.0,0.4,0.9,12.0,28.0,44.1,28.0,2.0,33.2,14.0,0.0,0.4,0.9,0.33,1.05,1.77,1.05,2.0,1.48,14.0,0.0,0.4,0.9,1.7,5.4,9.0,5.4,2.0,7.6,14.0,0.0,0.4,0.9,5.13,6.06,6.99,6.06,2.0,1.93,14.0,0.0,0.4,0.9,38.0,38.2,38.4,38.2,2.0,0.5,14.0,0.0,0.4,0.9,-114.5,-111.5,-108.4,-111.5,2.0,6.3,14.0,0.0,0.4,0.9,37.8,78.5,119.3,78.5,2.0,84.4,14.0,0.0,0.4,0.9,-59.8,-56.6,-53.4,-56.6,2.0,6.6,14.0,0.0,0.4,0.9,19.3,41.1,62.9,41.1,2.0,45.2,14.0,0.0,0.4,0.9,-35.3,-31.0,-26.8,-31.0,2.0,8.9,14.0,0.0,0.4,0.9,10.2,18.0,25.9,18.0,2.0,16.2,14.0,0.0,0.4,0.9,199.0,342.0,485.0,342.0,2.0,296.0,14.0,0.0,0.4,0.9,200.0,340.0,485.0,340.0,2.0,295.0,14.0,0.0,0.4,0.9
1974,2,208.0,-33.0,22.8,22.8,22.8,22.8,2.0,0.0,14.0,0.0,0.3,0.5,23.3,23.5,23.7,23.5,2.0,0.42,14.0,0.0,0.3,0.5,16.25,16.43,16.61,16.43,2.0,0.37,14.0,0.0,0.3,0.5,89.1,91.4,93.6,91.4,2.0,4.7,14.0,0.0,0.5,,,,,,,,,,,,,,,,,,,,,,,,,,,,,,,,,,,,,,,,,,,,,,,,,,,,,,,,,,,,,,,,,,,,,,,,,,,,,,,,,,,,,,,,,,,,,,,,,,,,,,,,,,,,,,,,,,,,,,,,,,,,,,,,,,,,,,,,,,,,,,,,,,,,,,,,,,,,,,,,,,,,,,,,,,,,,,,,,,,,,,,,,,,,,,
1974,2,208.0,-32.0,22.91,24.0,25.09,24.0,2.0,2.26,18.0,0.5,0.9,0.2,21.45,21.55,21.65,21.55,2.0,0.21,18.0,0.5,0.9,0.2,12.83,13.25,13.67,13.25,2.0,0.87,18.0,0.5,0.9,0.2,81.4,83.3,85.3,83.3,2.0,4.1,18.0,0.5,0.2,4.08,6.2,8.32,6.2,2.0,4.38,18.0,0.5,0.9,0.2,-6.78,-4.03,-1.28,-4.03,2.0,5.7,18.0,0.5,0.9,0.2,-1.87,0.78,3.42,0.78,2.0,5.48,18.0,0.5,0.9,0.2,1017.73,1019.3,1020.87,1019.3,2.0,3.25,18.0,0.5,0.9,0.2,4.2,4.5,4.8,4.5,2.0,0.7,18.0,0.5,0.9,0.2,-63.0,-37.5,-11.9,-37.5,2.0,53.0,18.0,0.5,0.9,0.2,-1.2,16.8,34.9,16.8,2.0,37.4,18.0,0.5,0.9,0.2,1.46,2.45,3.44,2.45,2.0,2.05,18.0,0.5,0.9,0.2,9.7,10.7,11.6,10.7,2.0,2.0,18.0,0.5,0.9,0.2,4.49,5.33,6.17,5.33,2.0,1.74,18.0,0.5,0.9,0.2,23.2,29.2,35.3,29.2,2.0,12.6,18.0,0.5,0.9,0.2,-145.0,-86.2,-27.4,-86.2,2.0,121.9,18.0,0.5,0.9,0.2,-40.8,16.1,73.0,16.1,2.0,117.9,18.0,0.5,0.9,0.2,-85.6,-50.9,-16.1,-50.9,2.0,71.9,18.0,0.5,0.9,0.2,-26.8,7.9,42.6,7.9,2.0,71.9,18.0,0.5,0.9,0.2,-27.8,-16.5,-5.2,-16.5,2.0,23.4,18.0,0.5,0.9,0.2,-14.1,-0.6,12.8,-0.6,2.0,27.9,18.0,0.5,0.9,0.2,152.5,417.0,681.5,417.0,2.0,547.5,18.0,0.5,0.9,0.2,155.0,415.0,680.0,415.0,2.0,550.0,18.0,0.5,0.9,0.2
1974,2,208.0,-30.0,24.4,24.4,24.4,24.4,1.0,0.0,22.0,0.0,0.4,0.6,24.8,24.8,24.8,24.8,1.0,0.0,22.0,0.0,0.4,0.6,18.53,18.53,18.53,18.53,1.0,0.0,22.0,0.0,0.4,0.6,95.3,95.3,95.3,95.3,1.0,0.0,22.0,0.0,0.6,5.1,5.1,5.1,5.1,1.0,0.0,22.0,0.0,0.4,0.6,-0.89,-0.89,-0.89,-0.89,1.0,0.0,22.0,0.0,0.4,0.6,-5.02,-5.02,-5.02,-5.02,1.0,0.0,22.0,0.0,0.4,0.6,1017.5,1017.5,1017.5,1017.5,1.0,0.0,22.0,0.0,0.4,0.6,4.0,4.0,4.0,4.0,1.0,0.0,22.0,0.0,0.4,0.6,-4.5,-4.5,-4.5,-4.5,1.0,0.0,22.0,0.0,0.4,0.6,-25.6,-25.6,-25.6,-25.6,1.0,0.0,22.0,0.0,0.4,0.6,-0.4,-0.4,-0.4,-0.4,1.0,0.0,22.0,0.0,0.4,0.6,-2.0,-2.0,-2.0,-2.0,1.0,0.0,22.0,0.0,0.4,0.6,0.46,0.46,0.46,0.46,1.0,0.0,22.0,0.0,0.4,0.6,2.3,2.3,2.3,2.3,1.0,0.0,22.0,0.0,0.4,0.6,-22.0,-22.0,-22.0,-22.0,1.0,0.0,22.0,0.0,0.4,0.6,-124.6,-124.6,-124.6,-124.6,1.0,0.0,22.0,0.0,0.4,0.6,-16.4,-16.4,-16.4,-16.4,1.0,0.0,22.0,0.0,0.4,0.6,-93.1,-93.1,-93.1,-93.1,1.0,0.0,22.0,0.0,0.4,0.6,-0.4,-0.4,-0.4,-0.4,1.0,0.0,22.0,0.0,0.4,0.6,-2.3,-2.3,-2.3,-2.3,1.0,0.0,22.0,0.0,0.4,0.6,132.5,132.5,132.5,132.5,1.0,0.0,22.0,0.0,0.4,0.6,135.0,135.0,135.0,135.0,1.0,0.0,22.0,0.0,0.4,0.6
1974,2,208.0,-21.0,27.0,27.0,27.0,27.0,1.0,0.0,22.0,0.0,0.5,0.5,25.2,25.2,25.2,25.2,1.0,0.0,22.0,0.0,0.5,0.5,17.22,17.22,17.22,17.22,1.0,0.0,22.0,0.0,0.5,0.5,86.0,86.0,86.0,86.0,1.0,0.0,22.0,0.0,0.5,12.3,12.3,12.3,12.3,1.0,0.0,22.0,0.0,0.5,0.5,-12.3,-12.3,-12.3,-12.3,1.0,0.0,22.0,0.0,0.5,0.5,0.0,0.0,0.0,0.0,1.0,0.0,22.0,0.0,0.5,0.5,1011.4,1011.4,1011.4,1011.4,1.0,0.0,22.0,0.0,0.5,0.5,2.0,2.0,2.0,2.0,1.0,0.0,22.0,0.0,0.5,0.5,-151.3,-151.3,-151.3,-151.3,1.0,0.0,22.0,0.0,0.5,0.5,0.0,0.0,0.0,0.0,1.0,0.0,22.0,0.0,0.5,0.5,1.8,1.8,1.8,1.8,1.0,0.0,22.0,0.0,0.5,0.5,22.1,22.1,22.1,22.1,1.0,0.0,22.0,0.0,0.5,0.5,5.12,5.12,5.12,5.12,1.0,0.0,22.0,0.0,0.5,0.5,62.9,62.9,62.9,62.9,1.0,0.0,22.0,0.0,0.5,0.5,-310.0,-310.0,-310.0,-310.0,1.0,0.0,22.0,0.0,0.5,0.5,0.0,0.0,0.0,0.0,1.0,0.0,22.0,0.0,0.5,0.5,-211.8,-211.8,-211.8,-211.8,1.0,0.0,22.0,0.0,0.5,0.5,0.0,0.0,0.0,0.0,1.0,0.0,22.0,0.0,0.5,0.5,-62.9,-62.9,-62.9,-62.9,1.0,0.0,22.0,0.0,0.5,0.5,0.0,0.0,0.0,0.0,1.0,0.0,22.0,0.0,0.5,0.5,1861.0,1861.0,1861.0,1861.0,1.0,0.0,22.0,0.0,0.5,0.5,1860.0,1860.0,1860.0,1860.0,1.0,0.0,22.0,0.0,0.5,0.5
1974,2,208.0,-19.0,28.15,28.9,29.65,28.9,2.0,1.56,18.0,0.0,0.4,0.7,25.77,26.15,26.53,26.15,2.0,0.78,18.0,0.0,0.4,0.7,16.12,16.26,16.39,16.26,2.0,0.28,18.0,0.0,0.4,0.7,75.9,77.0,78.1,77.0,2.0,2.2,18.0,0.0,0.7,4.26,4.6,4.94,4.6,2.0,0.71,18.0,0.0,0.4,0.7,-4.94,-4.6,-4.26,-4.6,2.0,0.71,18.0,0.0,0.4,0.7,0.0,0.0,0.0,0.0,2.0,0.0,18.0,0.0,0.4,0.7,1013.5,1013.5,1013.5,1013.5,2.0,0.0,18.0,0.0,0.4,0.7,5.5,6.5,7.5,6.5,2.0,2.1,18.0,0.0,0.4,0.7,-24.5,-21.4,-18.3,-21.4,2.0,6.5,18.0,0.0,0.4,0.7,0.0,0.0,0.0,0.0,2.0,0.0,18.0,0.0,0.4,0.7,1.62,2.75,3.88,2.75,2.0,2.33,18.0,0.0,0.4,0.7,7.4,13.5,19.6,13.5,2.0,12.7,18.0,0.0,0.4,0.7,7.49,8.73,9.97,8.73,2.0,2.57,18.0,0.0,0.4,0.7,32.4,41.1,49.8,41.1,2.0,18.0,18.0,0.0,0.4,0.7,-127.2,-120.0,-112.8,-120.0,2.0,14.9,18.0,0.0,0.4,0.7,0.0,0.0,0.0,0.0,2.0,0.0,18.0,0.0,0.4,0.7,-79.6,-74.7,-69.8,-74.7,2.0,10.2,18.0,0.0,0.4,0.7,0.0,0.0,0.0,0.0,2.0,0.0,18.0,0.0,0.4,0.7,-49.8,-41.1,-32.4,-41.1,2.0,18.0,18.0,0.0,0.4,0.7,0.0,0.0,0.0,0.0,2.0,0.0,18.0,0.0,0.4,0.7,79.0,101.0,122.5,101.0,2.0,45.0,18.0,0.0,0.4,0.7,80.0,100.0,125.0,100.0,2.0,45.0,18.0,0.0,0.4,0.7
1974,2,208.0,-18.0,27.17,28.0,28.06,27.62,6.0,0.88,12.0,0.5,0.5,0.5,26.27,27.6,28.34,27.37,6.0,1.3,12.0,0.5,0.5,0.5,16.61,17.63,17.84,17.39,6.0,0.65,12.0,0.5,0.5,0.5,72.7,75.6,82.7,76.8,6.0,6.9,12.0,0.5,0.5,3.17,4.35,6.61,4.7,6.0,2.29,12.0,0.5,0.5,0.5,-5.92,-3.92,-2.78,-4.09,6.0,1.77,12.0,0.5,0.5,0.5,-2.91,-1.96,0.5,-1.64,6.0,2.31,12.0,0.5,0.5,0.5,1011.5,1013.0,1014.37,1013.13,6.0,1.63,12.0,0.5,0.5,0.5,2.0,4.0,7.0,4.3,6.0,2.3,12.0,0.5,0.5,0.5,-39.3,-17.1,-9.4,-22.5,6.0,18.0,12.0,0.5,0.5,0.5,-19.4,-8.5,1.5,-11.2,6.0,17.2,12.0,0.5,0.5,0.5,-0.34,0.3,1.0,0.25,6.0,0.74,12.0,0.5,0.5,0.5,-1.4,1.6,4.9,1.8,6.0,4.3,12.0,0.5,0.5,0.5,4.93,5.93,7.0,5.76,6.0,1.42,12.0,0.5,0.5,0.5,17.7,21.1,37.7,26.9,6.0,16.5,12.0,0.5,0.5,0.5,-152.4,-108.6,-78.4,-110.7,6.0,45.3,12.0,0.5,0.5,0.5,-82.1,-52.3,13.5,-44.8,6.0,62.5,12.0,0.5,0.5,0.5,-103.0,-67.0,-50.3,-70.6,6.0,29.5,12.0,0.5,0.5,0.5,-48.3,-35.0,8.8,-27.7,6.0,39.0,12.0,0.5,0.5,0.5,-31.5,-19.8,-15.5,-23.0,6.0,11.8,12.0,0.5,0.5,0.5,-20.5,-8.4,2.9,-10.1,6.0,15.5,12.0,0.5,0.5,0.5,37.5,83.0,303.0,167.5,6.0,204.0,12.0,0.5,0.5,0.5,40.0,85.0,305.0,170.0,6.0,205.0,12.0,0.5,0.5,0.5
1974,2,208.0,-15.0,,,,,,,,,,,,,,,,,,,,,,,,,,,,,,,,,,,,,,,,7.7,7.7,7.7,7.7,1.0,0.0,22.0,1.0,0.2,0.8,-7.58,-7.58,-7.58,-7.58,1.0,0.0,22.0,1.0,0.2,0.8,1.34,1.34,1.34,1.34,1.0,0.0,22.0,1.0,0.2,0.8,1010.0,1010.0,1010.0,1010.0,1.0,0.0,22.0,1.0,0.2,0.8,,,,,,,,,,,,,,,,,,,,,,,,,,,,,,,,,,,,,,,,,,,,,,,,,,,,,,,,,,,,,,,,,,,,,,,,,,,,,,,,,,,,,,,,,,,,,,,,,,,,,,,,,,,,,,,,,,,,,,,,,,,,,,,,,,,,,,,,,,,,,,,,,,,,,,
1974,2,208.0,-14.0,27.8,27.8,27.8,27.8,1.0,0.0,2.0,1.0,0.7,0.7,27.8,27.8,27.8,27.8,1.0,0.0,2.0,1.0,0.7,0.7,15.97,15.97,15.97,15.97,1.0,0.0,2.0,1.0,0.7,0.7,68.6,68.6,68.6,68.6,1.0,0.0,2.0,1.0,0.7,3.59,4.65,5.71,4.65,2.0,2.19,12.0,1.0,0.7,0.4,-5.22,-3.1,-0.98,-3.1,2.0,4.38,12.0,1.0,0.7,0.4,-2.61,-1.55,-0.49,-1.55,2.0,2.19,12.0,1.0,0.7,0.4,1013.0,1013.0,1013.0,1013.0,1.0,0.0,2.0,1.0,0.7,0.7,4.0,4.0,4.0,4.0,1.0,0.0,22.0,1.0,0.7,0.1,-32.3,-19.2,-6.1,-19.2,2.0,27.2,12.0,1.0,0.7,0.4,-8.1,-4.8,-1.5,-4.8,2.0,6.8,12.0,1.0,0.7,0.4,0.0,0.0,0.0,0.0,1.0,0.0,2.0,1.0,0.7,0.7,0.0,0.0,0.0,0.0,1.0,0.0,2.0,1.0,0.7,0.7,7.42,7.42,7.42,7.42,1.0,0.0,2.0,1.0,0.7,0.7,46.0,46.0,46.0,46.0,1.0,0.0,2.0,1.0,0.7,0.7,-172.4,-172.4,-172.4,-172.4,1.0,0.0,2.0,1.0,0.7,0.7,0.0,0.0,0.0,0.0,1.0,0.0,2.0,1.0,0.7,0.7,-99.0,-99.0,-99.0,-99.0,1.0,0.0,2.0,1.0,0.7,0.7,0.0,0.0,0.0,0.0,1.0,0.0,2.0,1.0,0.7,0.7,-46.0,-46.0,-46.0,-46.0,1.0,0.0,2.0,1.0,0.7,0.7,0.0,0.0,0.0,0.0,1.0,0.0,2.0,1.0,0.7,0.7,63.0,134.0,205.0,134.0,2.0,147.5,12.0,1.0,0.7,0.4,65.0,135.0,205.0,135.0,2.0,145.0,12.0,1.0,0.7,0.4
1974,2,208.0,-13.0,28.05,28.15,28.25,28.15,2.0,0.21,4.0,0.5,0.3,1.0,27.37,28.6,29.83,28.6,2.0,2.55,4.0,0.5,0.3,1.0,17.18,18.0,18.82,18.0,2.0,1.69,4.0,0.5,0.3,1.0,71.7,73.6,75.5,73.6,2.0,4.0,4.0,0.5,1.0,3.25,4.65,6.05,4.65,2.0,2.9,4.0,0.5,0.3,1.0,-6.05,-4.65,-3.25,-4.65,2.0,2.9,4.0,0.5,0.3,1.0,0.0,0.0,0.0,0.0,2.0,0.0,4.0,0.5,0.3,1.0,1011.57,1011.95,1012.33,1011.95,2.0,0.78,4.0,0.5,0.3,1.0,3.3,4.0,4.7,4.0,2.0,1.4,4.0,0.5,0.3,1.0,-38.8,-25.8,-12.8,-25.8,2.0,27.0,4.0,0.5,0.3,1.0,0.0,0.0,0.0,0.0,2.0,0.0,4.0,0.5,0.3,1.0,-1.78,-0.45,0.88,-0.45,2.0,2.76,4.0,0.5,0.3,1.0,-12.9,-6.1,0.7,-6.1,2.0,14.1,4.0,0.5,0.3,1.0,4.93,5.9,6.87,5.9,2.0,2.01,4.0,0.5,0.3,1.0,20.8,24.5,28.3,24.5,2.0,7.8,4.0,0.5,0.3,1.0,-182.4,-136.7,-90.9,-136.7,2.0,94.8,4.0,0.5,0.3,1.0,0.0,0.0,0.0,0.0,2.0,0.0,4.0,0.5,0.3,1.0,-115.1,-86.1,-57.2,-86.1,2.0,60.1,4.0,0.5,0.3,1.0,0.0,0.0,0.0,0.0,2.0,0.0,4.0,0.5,0.3,1.0,-28.3,-24.5,-20.8,-24.5,2.0,7.8,4.0,0.5,0.3,1.0,0.0,0.0,0.0,0.0,2.0,0.0,4.0,0.5,0.3,1.0,62.5,159.0,256.0,159.0,2.0,200.0,4.0,0.5,0.3,1.0,65.0,160.0,255.0,160.0,2.0,200.0,4.0,0.5,0.3,1.0
1974,2,208.0,-12.0,,,,,,,,,,,,,,,,,,,,,,,,,,,,,,,,,,,,,,,,3.84,4.35,4.86,4.35,2.0,1.06,10.0,0.5,0.8,0.8,-4.29,-2.55,-0.81,-2.55,2.0,3.61,10.0,0.5,0.8,0.8,-3.03,-1.8,-0.57,-1.8,2.0,2.55,10.0,0.5,0.8,0.8,1008.15,1008.9,1009.65,1008.9,2.0,1.56,10.0,0.5,0.8,0.8,,,,,,,,,,,,,,,,,,,,,,,,,,,,,,,,,,,,,,,,,,,,,,,,,,,,,,,,,,,,,,,,,,,,,,,,,,,,,,,,,,,,,,,,,,,,,,,,,,,,,,,,,,,,,,,,,,,,,,,,,,,,,,,,,,,,,,,,,,,,,,,,,,,,,,
1974,2,208.0,-10.0,26.87,27.25,27.63,27.25,2.0,0.78,10.0,0.0,0.4,0.5,25.62,25.65,25.68,25.65,2.0,0.07,10.0,0.0,0.4,0.5,15.24,15.9,16.56,15.9,2.0,1.37,10.0,0.0,0.4,0.5,74.0,77.3,80.5,77.3,2.0,6.7,10.0,0.0,0.5,5.51,6.4,7.29,6.4,2.0,1.84,10.0,0.0,0.4,0.5,-6.42,-5.88,-5.35,-5.88,2.0,1.11,10.0,0.0,0.4,0.5,-3.24,-1.92,-0.61,-1.92,2.0,2.72,10.0,0.0,0.4,0.5,1008.13,1009.5,1010.87,1009.5,2.0,2.83,10.0,0.0,0.4,0.5,3.5,4.5,5.5,4.5,2.0,2.1,10.0,0.0,0.4,0.5,-47.3,-38.7,-30.0,-38.7,2.0,17.9,10.0,0.0,0.4,0.5,-24.9,-14.8,-4.7,-14.8,2.0,21.0,10.0,0.0,0.4,0.5,1.19,1.6,2.01,1.6,2.0,0.85,10.0,0.0,0.4,0.5,8.3,9.5,10.7,9.5,2.0,2.5,10.0,0.0,0.4,0.5,6.7,6.82,6.95,6.82,2.0,0.25,10.0,0.0,0.4,0.5,37.1,43.9,50.7,43.9,2.0,14.1,10.0,0.0,0.4,0.5,-164.9,-151.0,-137.0,-151.0,2.0,28.9,10.0,0.0,0.4,0.5,-83.2,-49.5,-15.7,-49.5,2.0,70.0,10.0,0.0,0.4,0.5,-97.4,-92.8,-88.2,-92.8,2.0,9.6,10.0,0.0,0.4,0.5,-48.4,-28.7,-9.1,-28.7,2.0,40.7,10.0,0.0,0.4,0.5,-44.7,-40.3,-35.9,-40.3,2.0,9.0,10.0,0.0,0.4,0.5,-22.7,-13.5,-4.3,-13.5,2.0,19.1,10.0,0.0,0.4,0.5,184.0,294.5,405.0,294.5,2.0,229.0,10.0,0.0,0.4,0.5,185.0,295.0,405.0,295.0,2.0,230.0,10.0,0.0,0.4,0.5
1974,2,208.0,6.0,25.68,25.85,26.02,25.85,2.0,0.35,16.0,0.5,0.3,0.4,24.0,24.0,25.57,24.77,3.0,1.33,20.0,0.3,0.4,0.3,17.3,17.58,17.86,17.58,2.0,0.58,16.0,0.5,0.3,0.4,82.7,88.3,93.9,88.3,2.0,11.6,16.0,0.5,0.4,8.37,8.75,9.13,8.75,2.0,0.78,16.0,0.5,0.3,0.4,-9.13,-8.75,-8.37,-8.75,2.0,0.78,16.0,0.5,0.3,0.4,0.0,0.0,0.0,0.0,2.0,0.0,16.0,0.5,0.3,0.4,1008.65,1009.4,1010.15,1009.4,2.0,1.56,16.0,0.5,0.3,0.4,5.5,6.5,7.5,6.5,2.0,2.1,16.0,0.5,0.3,0.4,-83.4,-76.9,-70.3,-76.9,2.0,13.6,16.0,0.5,0.3,0.4,0.0,0.0,0.0,0.0,2.0,0.0,16.0,0.5,0.3,0.4,0.09,0.7,1.31,0.7,2.0,1.27,16.0,0.5,0.3,0.4,0.5,5.6,10.7,5.6,2.0,10.6,16.0,0.5,0.3,0.4,2.8,3.31,3.83,3.31,2.0,1.06,16.0,0.5,0.3,0.4,23.7,29.4,35.1,29.4,2.0,11.8,16.0,0.5,0.3,0.4,-237.0,-220.7,-204.4,-220.7,2.0,33.8,16.0,0.5,0.3,0.4,0.0,0.0,0.0,0.0,2.0,0.0,16.0,0.5,0.3,0.4,-157.7,-153.6,-149.4,-153.6,2.0,8.6,16.0,0.5,0.3,0.4,0.0,0.0,0.0,0.0,2.0,0.0,16.0,0.5,0.3,0.4,-35.1,-29.4,-23.7,-29.4,2.0,11.8,16.0,0.5,0.3,0.4,0.0,0.0,0.0,0.0,2.0,0.0,16.0,0.5,0.3,0.4,591.5,678.0,764.0,678.0,2.0,179.0,16.0,0.5,0.3,0.4,590.0,680.0,765.0,680.0,2.0,180.0,16.0,0.5,0.3,0.4
1974,2,208.0,8.0,26.0,26.0,26.0,26.0,1.0,0.0,10.0,0.0,0.6,0.5,25.0,25.0,25.0,25.0,1.0,0.0,10.0,0.0,0.6,0.5,16.11,16.11,16.11,16.11,1.0,0.0,10.0,0.0,0.6,0.5,81.4,81.4,81.4,81.4,1.0,0.0,10.0,0.0,0.5,8.2,8.2,8.2,8.2,1.0,0.0,10.0,0.0,0.6,0.5,-7.1,-7.1,-7.1,-7.1,1.0,0.0,10.0,0.0,0.6,0.5,-4.1,-4.1,-4.1,-4.1,1.0,0.0,10.0,0.0,0.6,0.5,1010.0,1010.0,1010.0,1010.0,1.0,0.0,10.0,0.0,0.6,0.5,2.0,2.0,2.0,2.0,1.0,0.0,10.0,0.0,0.6,0.5,-58.2,-58.2,-58.2,-58.2,1.0,0.0,10.0,0.0,0.6,0.5,-33.6,-33.6,-33.6,-33.6,1.0,0.0,10.0,0.0,0.6,0.5,1.0,1.0,1.0,1.0,1.0,0.0,10.0,0.0,0.6,0.5,8.2,8.2,8.2,8.2,1.0,0.0,10.0,0.0,0.6,0.5,4.95,4.95,4.95,4.95,1.0,0.0,10.0,0.0,0.6,0.5,40.6,40.6,40.6,40.6,1.0,0.0,10.0,0.0,0.6,0.5,-177.5,-177.5,-177.5,-177.5,1.0,0.0,10.0,0.0,0.6,0.5,-102.5,-102.5,-102.5,-102.5,1.0,0.0,10.0,0.0,0.6,0.5,-114.4,-114.4,-114.4,-114.4,1.0,0.0,10.0,0.0,0.6,0.5,-66.1,-66.1,-66.1,-66.1,1.0,0.0,10.0,0.0,0.6,0.5,-35.2,-35.2,-35.2,-35.2,1.0,0.0,10.0,0.0,0.6,0.5,-20.3,-20.3,-20.3,-20.3,1.0,0.0,10.0,0.0,0.6,0.5,551.5,551.5,551.5,551.5,1.0,0.0,10.0,0.0,0.6,0.5,550.0,550.0,550.0,550.0,1.0,0.0,10.0,0.0,0.6,0.5
1974,2,208.0,10.0,24.7,24.7,24.7,24.7,1.0,0.0,16.0,0.0,1.0,0.0,25.5,25.5,25.5,25.5,1.0,0.0,16.0,0.0,1.0,0.0,16.16,16.16,16.16,16.16,1.0,0.0,16.0,0.0,1.0,0.0,79.5,79.5,79.5,79.5,1.0,0.0,16.0,0.0,0.0,6.7,6.7,6.7,6.7,1.0,0.0,16.0,0.0,1.0,0.0,-6.3,-6.3,-6.3,-6.3,1.0,0.0,16.0,0.0,1.0,0.0,-2.29,-2.29,-2.29,-2.29,1.0,0.0,16.0,0.0,1.0,0.0,1013.1,1013.1,1013.1,1013.1,1.0,0.0,16.0,0.0,1.0,0.0,8.0,8.0,8.0,8.0,1.0,0.0,16.0,0.0,1.0,0.0,-42.2,-42.2,-42.2,-42.2,1.0,0.0,16.0,0.0,1.0,0.0,-15.4,-15.4,-15.4,-15.4,1.0,0.0,16.0,0.0,1.0,0.0,-0.8,-0.8,-0.8,-0.8,1.0,0.0,16.0,0.0,1.0,0.0,-5.4,-5.4,-5.4,-5.4,1.0,0.0,16.0,0.0,1.0,0.0,3.26,3.26,3.26,3.26,1.0,0.0,16.0,0.0,1.0,0.0,21.8,21.8,21.8,21.8,1.0,0.0,16.0,0.0,1.0,0.0,-160.5,-160.5,-160.5,-160.5,1.0,0.0,16.0,0.0,1.0,0.0,-58.4,-58.4,-58.4,-58.4,1.0,0.0,16.0,0.0,1.0,0.0,-101.8,-101.8,-101.8,-101.8,1.0,0.0,16.0,0.0,1.0,0.0,-37.0,-37.0,-37.0,-37.0,1.0,0.0,16.0,0.0,1.0,0.0,-20.5,-20.5,-20.5,-20.5,1.0,0.0,16.0,0.0,1.0,0.0,-7.5,-7.5,-7.5,-7.5,1.0,0.0,16.0,0.0,1.0,0.0,301.0,301.0,301.0,301.0,1.0,0.0,16.0,0.0,1.0,0.0,300.0,300.0,300.0,300.0,1.0,0.0,16.0,0.0,1.0,0.0
1974,2,208.0,11.0,25.0,25.0,25.0,25.0,1.0,0.0,22.0,0.0,0.2,0.8,25.0,25.0,25.0,25.0,1.0,0.0,22.0,0.0,0.2,0.8,17.2,17.2,17.2,17.2,1.0,0.0,22.0,0.0,0.2,0.8,87.1,87.1,87.1,87.1,1.0,0.0,22.0,0.0,0.8,8.2,8.2,8.2,8.2,1.0,0.0,22.0,0.0,0.2,0.8,-7.1,-7.1,-7.1,-7.1,1.0,0.0,22.0,0.0,0.2,0.8,-4.1,-4.1,-4.1,-4.1,1.0,0.0,22.0,0.0,0.2,0.8,1012.2,1012.2,1012.2,1012.2,1.0,0.0,22.0,0.0,0.2,0.8,7.0,7.0,7.0,7.0,1.0,0.0,22.0,0.0,0.2,0.8,-58.2,-58.2,-58.2,-58.2,1.0,0.0,22.0,0.0,0.2,0.8,-33.6,-33.6,-33.6,-33.6,1.0,0.0,22.0,0.0,0.2,0.8,0.0,0.0,0.0,0.0,1.0,0.0,22.0,0.0,0.2,0.8,0.0,0.0,0.0,0.0,1.0,0.0,22.0,0.0,0.2,0.8,2.59,2.59,2.59,2.59,1.0,0.0,22.0,0.0,0.2,0.8,21.2,21.2,21.2,21.2,1.0,0.0,22.0,0.0,0.2,0.8,-177.5,-177.5,-177.5,-177.5,1.0,0.0,22.0,0.0,0.2,0.8,-102.5,-102.5,-102.5,-102.5,1.0,0.0,22.0,0.0,0.2,0.8,-122.2,-122.2,-122.2,-122.2,1.0,0.0,22.0,0.0,0.2,0.8,-70.5,-70.5,-70.5,-70.5,1.0,0.0,22.0,0.0,0.2,0.8,-18.4,-18.4,-18.4,-18.4,1.0,0.0,22.0,0.0,0.2,0.8,-10.6,-10.6,-10.6,-10.6,1.0,0.0,22.0,0.0,0.2,0.8,551.5,551.5,551.5,551.5,1.0,0.0,22.0,0.0,0.2,0.8,550.0,550.0,550.0,550.0,1.0,0.0,22.0,0.0,0.2,0.8
1974,2,208.0,12.0,24.5,24.5,24.5,24.5,1.0,0.0,16.0,0.0,0.2,0.2,24.0,24.0,24.0,24.0,1.0,0.0,16.0,0.0,0.2,0.2,16.36,16.36,16.36,16.36,1.0,0.0,16.0,0.0,0.2,0.2,88.0,88.0,88.0,88.0,1.0,0.0,16.0,0.0,0.2,9.3,9.3,9.3,9.3,1.0,0.0,16.0,0.0,0.2,0.2,-9.16,-9.16,-9.16,-9.16,1.0,0.0,16.0,0.0,0.2,0.2,-1.61,-1.61,-1.61,-1.61,1.0,0.0,16.0,0.0,0.2,0.2,1013.5,1013.5,1013.5,1013.5,1.0,0.0,16.0,0.0,0.2,0.2,2.0,2.0,2.0,2.0,1.0,0.0,16.0,0.0,0.2,0.2,-85.2,-85.2,-85.2,-85.2,1.0,0.0,16.0,0.0,0.2,0.2,-15.0,-15.0,-15.0,-15.0,1.0,0.0,16.0,0.0,0.2,0.2,0.5,0.5,0.5,0.5,1.0,0.0,16.0,0.0,0.2,0.2,4.7,4.7,4.7,4.7,1.0,0.0,16.0,0.0,0.2,0.2,2.82,2.82,2.82,2.82,1.0,0.0,16.0,0.0,0.2,0.2,26.2,26.2,26.2,26.2,1.0,0.0,16.0,0.0,0.2,0.2,-219.8,-219.8,-219.8,-219.8,1.0,0.0,16.0,0.0,0.2,0.2,-38.8,-38.8,-38.8,-38.8,1.0,0.0,16.0,0.0,0.2,0.2,-149.8,-149.8,-149.8,-149.8,1.0,0.0,16.0,0.0,0.2,0.2,-26.4,-26.4,-26.4,-26.4,1.0,0.0,16.0,0.0,0.2,0.2,-25.8,-25.8,-25.8,-25.8,1.0,0.0,16.0,0.0,0.2,0.2,-4.6,-4.6,-4.6,-4.6,1.0,0.0,16.0,0.0,0.2,0.2,804.5,804.5,804.5,804.5,1.0,0.0,16.0,0.0,0.2,0.2,805.0,805.0,805.0,805.0,1.0,0.0,16.0,0.0,0.2,0.2
1974,2,208.0,14.0,25.0,25.0,25.0,25.0,1.0,0.0,18.0,1.0,0.1,0.9,24.5,24.7,24.9,24.7,2.0,0.42,20.0,0.5,0.3,0.5,13.09,13.23,13.37,13.23,2.0,0.29,20.0,0.5,0.3,0.5,67.0,68.4,69.9,68.4,2.0,2.9,20.0,0.5,0.5,10.54,11.05,11.56,11.05,2.0,1.06,20.0,0.5,0.3,0.5,-11.41,-10.96,-10.51,-10.96,2.0,0.93,20.0,0.5,0.3,0.5,-1.72,-1.02,-0.33,-1.02,2.0,1.45,20.0,0.5,0.3,0.5,1011.46,1013.3,1015.14,1013.3,2.0,3.82,20.0,0.5,0.3,0.5,0.2,0.5,0.8,0.5,2.0,0.7,20.0,0.5,0.3,0.5,-132.2,-121.6,-111.0,-121.6,2.0,21.9,20.0,0.5,0.3,0.5,-20.3,-12.1,-3.8,-12.1,2.0,17.1,20.0,0.5,0.3,0.5,0.0,0.0,0.0,0.0,1.0,0.0,18.0,1.0,0.1,0.9,0.0,0.0,0.0,0.0,1.0,0.0,18.0,1.0,0.1,0.9,6.69,6.69,6.69,6.69,1.0,0.0,18.0,1.0,0.1,0.9,78.9,78.9,78.9,78.9,1.0,0.0,18.0,1.0,0.1,0.9,-284.3,-270.9,-257.5,-270.9,2.0,27.7,20.0,0.5,0.3,0.5,-43.1,-25.6,-8.1,-25.6,2.0,36.2,20.0,0.5,0.3,0.5,-149.3,-144.9,-140.4,-144.9,2.0,9.2,20.0,0.5,0.3,0.5,-22.5,-13.3,-4.2,-13.3,2.0,18.9,20.0,0.5,0.3,0.5,-77.7,-77.7,-77.7,-77.7,1.0,0.0,18.0,1.0,0.1,0.9,-13.7,-13.7,-13.7,-13.7,1.0,0.0,18.0,1.0,0.1,0.9,1180.0,1368.0,1555.5,1368.0,2.0,389.0,20.0,0.5,0.3,0.5,1180.0,1370.0,1555.0,1370.0,2.0,390.0,20.0,0.5,0.3,0.5
1974,2,208.0,15.0,25.0,25.0,25.0,25.0,2.0,0.0,22.0,0.0,0.6,0.6,23.45,23.55,23.65,23.55,2.0,0.21,22.0,0.0,0.6,0.6,16.11,16.25,16.39,16.25,2.0,0.28,22.0,0.0,0.6,0.6,88.6,89.9,91.2,89.9,2.0,2.7,22.0,0.0,0.6,8.2,8.2,8.2,8.2,2.0,0.0,22.0,0.0,0.6,0.6,-7.71,-7.71,-7.71,-7.71,2.0,0.0,22.0,0.0,0.6,0.6,-2.8,-2.8,-2.8,-2.8,2.0,0.0,22.0,0.0,0.6,0.6,1013.9,1013.9,1013.9,1013.9,2.0,0.0,22.0,0.0,0.6,0.6,3.0,3.0,3.0,3.0,2.0,0.0,22.0,0.0,0.6,0.6,-63.2,-63.2,-63.2,-63.2,2.0,0.0,22.0,0.0,0.6,0.6,-23.0,-23.0,-23.0,-23.0,2.0,0.0,22.0,0.0,0.6,0.6,1.35,1.45,1.55,1.45,2.0,0.21,22.0,0.0,0.6,0.6,11.1,11.9,12.7,11.9,2.0,1.7,22.0,0.0,0.6,0.6,3.37,3.51,3.64,3.51,2.0,0.28,22.0,0.0,0.6,0.6,27.6,28.8,29.9,28.8,2.0,2.3,22.0,0.0,0.6,0.6,-182.3,-181.5,-180.7,-181.5,2.0,1.6,22.0,0.0,0.6,0.6,-66.3,-66.0,-65.8,-66.0,2.0,0.6,22.0,0.0,0.6,0.6,-126.3,-125.2,-124.2,-125.2,2.0,2.2,22.0,0.0,0.6,0.6,-46.0,-45.6,-45.2,-45.6,2.0,0.8,22.0,0.0,0.6,0.6,-28.1,-27.0,-26.0,-27.0,2.0,2.2,22.0,0.0,0.6,0.6,-10.2,-9.8,-9.5,-9.8,2.0,0.8,22.0,0.0,0.6,0.6,551.5,551.5,551.5,551.5,2.0,0.0,22.0,0.0,0.6,0.6,550.0,550.0,550.0,550.0,2.0,0.0,22.0,0.0,0.6,0.6
1974,2,208.0,16.0,24.42,25.1,25.37,24.9,3.0,0.72,24.0,0.3,0.7,0.5,22.84,23.8,24.14,23.5,3.0,0.98,24.0,0.3,0.7,0.5,13.84,14.24,14.64,14.24,2.0,0.83,24.0,0.5,0.6,0.5,75.1,76.4,77.8,76.4,2.0,2.7,24.0,0.5,0.5,7.7,7.7,8.38,8.03,3.0,0.58,24.0,0.3,0.7,0.5,-7.96,-6.67,-6.67,-7.3,3.0,1.1,24.0,0.3,0.7,0.5,-3.85,-3.85,-2.25,-3.07,3.0,1.35,24.0,0.3,0.7,0.5,1012.68,1013.5,1013.5,1013.1,3.0,0.69,24.0,0.3,0.7,0.5,4.0,4.0,4.0,4.0,2.0,0.0,24.0,0.5,0.6,0.5,-67.2,-51.3,-51.3,-59.1,3.0,13.4,24.0,0.3,0.7,0.5,-29.6,-29.6,-18.4,-24.1,3.0,9.5,24.0,0.3,0.7,0.5,0.59,1.2,2.22,1.4,3.0,1.21,24.0,0.3,0.7,0.5,4.5,9.2,19.0,11.7,3.0,10.8,24.0,0.3,0.7,0.5,5.14,5.32,5.49,5.32,2.0,0.35,24.0,0.5,0.6,0.5,39.6,40.9,42.3,40.9,2.0,2.7,24.0,0.5,0.6,0.5,-182.4,-162.0,-159.8,-170.9,3.0,18.3,24.0,0.3,0.7,0.5,-92.9,-91.6,-52.2,-73.0,3.0,33.9,24.0,0.3,0.7,0.5,-97.6,-95.0,-92.3,-95.0,2.0,5.5,24.0,0.5,0.6,0.5,-56.4,-54.8,-53.3,-54.8,2.0,3.2,24.0,0.5,0.6,0.5,-36.6,-35.4,-34.3,-35.4,2.0,2.4,24.0,0.5,0.6,0.5,-21.1,-20.5,-19.8,-20.5,2.0,1.4,24.0,0.5,0.6,0.5,456.5,456.5,594.5,524.0,3.0,116.5,24.0,0.3,0.7,0.5,455.0,455.0,595.0,525.0,3.0,115.0,24.0,0.3,0.7,0.5
1974,2,208.0,17.0,24.32,25.0,25.68,25.0,2.0,1.41,22.0,0.5,0.6,0.3,23.98,25.0,26.02,25.0,2.0,2.12,22.0,0.5,0.6,0.3,14.44,14.48,14.52,14.48,2.0,0.08,22.0,0.5,0.6,0.3,69.5,73.9,78.2,73.9,2.0,9.0,22.0,0.5,0.3,7.85,9.25,10.65,9.25,2.0,2.9,22.0,0.5,0.6,0.3,-9.92,-8.43,-6.93,-8.43,2.0,3.1,22.0,0.5,0.6,0.3,-3.82,-3.73,-3.64,-3.73,2.0,0.19,22.0,0.5,0.6,0.3,1013.52,1014.2,1014.88,1014.2,2.0,1.41,22.0,0.5,0.6,0.3,2.6,4.0,5.4,4.0,2.0,2.8,22.0,0.5,0.6,0.3,-108.1,-82.4,-56.8,-82.4,2.0,53.1,22.0,0.5,0.6,0.3,-40.9,-34.8,-28.7,-34.8,2.0,12.6,22.0,0.5,0.6,0.3,-1.71,0.0,1.71,0.0,2.0,3.54,22.0,0.5,0.6,0.3,-10.7,5.1,20.9,5.1,2.0,32.7,22.0,0.5,0.6,0.3,4.46,5.3,6.14,5.3,2.0,1.75,22.0,0.5,0.6,0.3,36.4,51.6,66.8,51.6,2.0,31.5,22.0,0.5,0.6,0.3,-236.2,-207.4,-178.6,-207.4,2.0,59.6,22.0,0.5,0.6,0.3,-94.7,-93.1,-91.5,-93.1,2.0,3.2,22.0,0.5,0.6,0.3,-143.2,-121.9,-100.6,-121.9,2.0,44.2,22.0,0.5,0.6,0.3,-55.2,-54.0,-52.9,-54.0,2.0,2.4,22.0,0.5,0.6,0.3,-62.4,-47.4,-32.4,-47.4,2.0,31.1,22.0,0.5,0.6,0.3,-23.6,-20.0,-16.3,-20.0,2.0,7.5,22.0,0.5,0.6,0.3,543.0,908.0,1273.0,908.0,2.0,756.5,22.0,0.5,0.6,0.3,545.0,910.0,1275.0,910.0,2.0,755.0,22.0,0.5,0.6,0.3
1974,2,208.0,18.0,24.06,24.2,24.34,24.2,2.0,0.28,18.0,1.0,0.8,0.4,22.2,22.85,25.33,23.73,4.0,2.27,18.0,0.8,0.5,0.4,12.33,12.89,13.45,12.89,2.0,1.16,12.0,0.5,0.6,0.5,73.8,74.8,75.9,74.8,2.0,2.1,12.0,0.5,0.5,8.18,9.5,12.19,10.15,4.0,2.72,18.0,0.8,0.5,0.4,-11.75,-9.5,-8.11,-9.91,4.0,2.38,18.0,0.8,0.5,0.4,-3.13,-0.67,0.0,-1.52,4.0,2.24,18.0,0.8,0.5,0.4,1015.98,1016.8,1020.83,1018.37,3.0,3.8,14.0,0.7,0.7,0.5,2.4,4.5,5.5,4.0,4.0,2.2,18.0,0.8,0.5,0.4,-145.6,-90.9,-66.6,-105.4,4.0,54.4,18.0,0.8,0.5,0.4,-39.5,-5.1,0.0,-19.1,4.0,31.7,18.0,0.8,0.5,0.4,1.86,2.0,2.14,2.0,2.0,0.28,18.0,1.0,0.8,0.4,18.0,23.1,28.2,23.1,2.0,10.6,18.0,1.0,0.8,0.4,6.82,6.82,6.82,6.82,1.0,0.0,18.0,1.0,0.7,0.5,94.8,94.8,94.8,94.8,1.0,0.0,18.0,1.0,0.7,0.5,-284.3,-235.6,-185.3,-234.9,4.0,57.3,18.0,0.8,0.5,0.4,-70.3,-15.7,0.0,-34.2,4.0,49.8,18.0,0.8,0.5,0.4,-149.1,-130.8,-112.5,-130.8,2.0,38.0,12.0,0.5,0.6,0.5,-51.2,-37.9,-24.5,-37.9,2.0,27.6,12.0,0.5,0.6,0.5,-89.1,-89.1,-89.1,-89.1,1.0,0.0,18.0,1.0,0.7,0.5,-32.4,-32.4,-32.4,-32.4,1.0,0.0,18.0,1.0,0.7,0.5,552.5,875.5,1927.0,1223.5,4.0,1010.5,18.0,0.8,0.5,0.4,555.0,875.0,1925.0,1225.0,4.0,1010.0,18.0,0.8,0.5,0.4
1974,2,208.0,19.0,23.35,23.9,24.71,24.03,4.0,0.82,8.0,1.0,0.3,0.4,22.49,22.95,23.57,23.03,4.0,0.75,8.0,1.0,0.3,0.4,13.17,14.17,15.19,14.18,4.0,1.23,8.0,1.0,0.3,0.4,77.4,81.0,85.1,81.2,4.0,4.5,8.0,1.0,0.4,4.57,6.2,9.48,6.72,5.0,2.93,10.0,0.8,0.3,0.3,-9.13,-5.37,-4.01,-6.19,5.0,3.21,10.0,0.8,0.3,0.3,-2.43,0.0,2.37,-0.02,5.0,2.62,10.0,0.8,0.3,0.3,1015.2,1017.95,1019.7,1017.48,4.0,2.71,8.0,1.0,0.3,0.4,2.0,3.0,5.1,3.6,5.0,2.1,10.0,0.8,0.3,0.3,-86.7,-33.3,-21.0,-49.1,5.0,38.2,10.0,0.8,0.3,0.3,-14.1,0.0,14.1,-0.9,5.0,18.6,10.0,0.8,0.3,0.3,0.74,1.1,1.25,1.0,4.0,0.36,8.0,1.0,0.3,0.4,3.1,5.3,8.4,5.7,4.0,3.1,8.0,1.0,0.3,0.4,3.52,4.6,5.25,4.39,4.0,1.08,8.0,1.0,0.3,0.4,15.8,24.6,34.4,25.1,4.0,11.2,8.0,1.0,0.3,0.4,-168.8,-123.1,-77.7,-123.2,4.0,70.5,8.0,1.0,0.3,0.4,-61.0,0.4,58.5,-1.2,4.0,70.2,8.0,1.0,0.3,0.4,-109.0,-76.0,-45.8,-77.4,4.0,46.9,8.0,1.0,0.3,0.4,-38.1,0.5,36.6,-0.7,4.0,44.3,8.0,1.0,0.3,0.4,-32.4,-22.5,-12.2,-22.3,4.0,12.2,8.0,1.0,0.3,0.4,-11.6,-0.4,9.9,-0.8,4.0,12.5,8.0,1.0,0.3,0.4,124.0,238.5,854.5,437.5,5.0,408.5,10.0,0.8,0.3,0.3,125.0,240.0,855.0,435.0,5.0,410.0,10.0,0.8,0.3,0.3
1974,2,208.0,20.0,23.33,24.1,25.29,24.3,4.0,1.29,20.0,0.0,0.6,0.4,21.85,23.15,23.67,22.78,4.0,1.38,20.0,0.0,0.6,0.4,12.86,13.2,13.44,13.15,4.0,0.41,20.0,0.0,0.6,0.4,73.0,74.0,81.1,76.9,4.0,6.9,20.0,0.0,0.4,6.16,7.95,9.67,8.13,6.0,3.05,18.0,0.2,0.6,0.5,-7.71,-5.32,-0.6,-2.98,6.0,7.81,18.0,0.2,0.6,0.5,-0.95,1.02,3.37,1.22,6.0,3.91,18.0,0.2,0.6,0.5,1015.9,1017.0,1018.89,1017.36,5.0,2.6,20.0,0.2,0.6,0.5,2.0,7.0,8.0,5.4,5.0,3.1,20.0,0.2,0.6,0.5,-60.2,-40.0,21.7,-8.9,6.0,88.8,18.0,0.2,0.6,0.5,-12.7,6.6,25.7,5.5,6.0,40.6,18.0,0.2,0.6,0.5,0.57,1.6,2.47,1.53,4.0,1.23,20.0,0.0,0.6,0.4,2.3,10.7,18.0,10.2,4.0,9.2,20.0,0.0,0.6,0.4,4.88,5.42,6.64,5.75,4.0,1.15,20.0,0.0,0.6,0.4,28.4,35.1,49.1,38.6,4.0,15.2,20.0,0.0,0.6,0.4,-186.1,-152.7,-111.6,-149.1,4.0,45.7,20.0,0.0,0.6,0.4,7.9,23.7,39.6,23.8,4.0,20.3,20.0,0.0,0.6,0.4,-103.9,-89.6,-67.5,-85.9,4.0,24.8,20.0,0.0,0.6,0.4,4.4,13.1,24.0,14.2,4.0,12.8,20.0,0.0,0.6,0.4,-48.8,-33.9,-27.3,-37.9,4.0,15.6,20.0,0.0,0.6,0.4,2.0,5.3,9.0,5.5,4.0,4.7,20.0,0.0,0.6,0.4,253.0,504.0,1019.5,740.5,6.0,841.5,18.0,0.2,0.6,0.5,255.0,505.0,1020.0,740.0,6.0,840.0,18.0,0.2,0.6,0.5
1974,2,208.0,21.0,23.07,23.65,24.79,23.92,6.0,1.38,14.0,0.2,0.6,0.4,21.48,23.1,23.37,22.54,5.0,1.07,12.0,0.0,0.7,0.4,10.79,13.8,14.85,12.93,5.0,2.59,12.0,0.0,0.7,0.4,69.0,78.2,83.5,76.0,5.0,12.1,12.0,0.0,0.4,4.19,5.1,11.35,7.18,6.0,4.77,14.0,0.2,0.6,0.4,-11.35,-3.69,-2.56,-6.36,6.0,5.32,14.0,0.2,0.6,0.4,0.0,1.5,3.71,1.82,6.0,1.93,14.0,0.2,0.6,0.4,1016.58,1017.15,1020.03,1018.12,6.0,2.11,14.0,0.2,0.6,0.4,2.8,4.5,6.0,4.3,6.0,1.6,14.0,0.2,0.6,0.4,-133.2,-18.1,-11.7,-66.5,6.0,91.5,14.0,0.2,0.6,0.4,0.0,7.1,17.5,8.8,6.0,9.7,14.0,0.2,0.6,0.4,-0.28,1.1,2.2,0.9,5.0,1.47,12.0,0.0,0.7,0.4,-0.4,5.6,15.4,7.5,5.0,10.0,12.0,0.0,0.7,0.4,2.24,5.11,7.19,4.98,5.0,2.98,12.0,0.0,0.7,0.4,8.7,26.0,54.5,33.8,5.0,36.6,12.0,0.0,0.7,0.4,-140.8,-68.3,-59.9,-100.9,5.0,69.9,12.0,0.0,0.7,0.4,6.7,53.8,89.3,49.7,5.0,44.3,12.0,0.0,0.7,0.4,-66.9,-46.2,-36.3,-52.6,5.0,23.4,12.0,0.0,0.7,0.4,4.1,30.2,57.2,30.5,5.0,27.5,12.0,0.0,0.7,0.4,-52.0,-13.0,-6.3,-29.7,5.0,38.4,12.0,0.0,0.7,0.4,0.6,8.0,17.8,9.3,5.0,9.6,12.0,0.0,0.7,0.4,81.0,132.5,1621.5,854.0,6.0,1428.5,14.0,0.2,0.6,0.4,80.0,135.0,1620.0,855.0,6.0,1430.0,14.0,0.2,0.6,0.4
1974,2,208.0,22.0,23.24,23.65,25.21,24.1,6.0,1.17,22.0,0.5,0.6,0.4,20.87,22.25,23.05,22.07,6.0,1.39,20.0,0.3,0.6,0.4,11.79,12.65,14.1,12.81,6.0,1.18,20.0,0.3,0.6,0.4,74.3,77.8,82.2,78.0,6.0,3.9,20.0,0.3,0.4,5.5,7.2,9.3,6.77,7.0,2.72,22.0,0.4,0.6,0.3,-9.17,-7.09,-5.41,-6.68,7.0,2.77,22.0,0.4,0.6,0.3,-1.27,-0.99,0.0,-0.81,7.0,0.61,22.0,0.4,0.6,0.3,1017.97,1019.5,1020.31,1019.2,7.0,1.16,22.0,0.4,0.6,0.3,1.0,1.0,4.1,2.6,7.0,2.1,22.0,0.4,0.6,0.3,-85.2,-51.1,-30.6,-51.7,7.0,30.6,22.0,0.4,0.6,0.3,-9.3,-5.6,0.0,-5.4,7.0,5.5,22.0,0.4,0.6,0.3,0.82,1.9,3.65,2.34,5.0,2.17,20.0,0.4,0.6,0.5,4.0,5.7,24.8,14.1,5.0,16.8,20.0,0.4,0.6,0.5,4.85,6.32,7.36,6.18,5.0,1.92,20.0,0.4,0.6,0.5,23.6,33.8,48.5,35.8,5.0,19.7,20.0,0.4,0.6,0.5,-207.3,-138.3,-108.1,-142.0,6.0,66.5,20.0,0.3,0.6,0.4,-27.3,-23.2,-13.1,-20.7,6.0,12.0,20.0,0.3,0.6,0.4,-124.0,-81.6,-58.9,-83.7,6.0,41.5,20.0,0.3,0.6,0.4,-16.2,-13.2,-7.1,-11.9,6.0,7.2,20.0,0.3,0.6,0.4,-47.8,-33.8,-22.8,-35.1,5.0,19.8,20.0,0.4,0.6,0.5,-8.4,-5.5,-3.1,-5.7,5.0,4.0,20.0,0.4,0.6,0.5,176.5,373.0,804.5,423.0,7.0,310.0,22.0,0.4,0.6,0.3,175.0,375.0,805.0,425.0,7.0,310.0,22.0,0.4,0.6,0.3
1974,2,208.0,23.0,22.1,23.85,24.52,23.5,6.0,1.33,12.0,0.3,0.5,0.5,20.99,22.4,23.19,22.4,7.0,2.44,12.0,0.4,0.4,0.6,10.52,12.73,14.01,12.32,5.0,2.06,12.0,0.4,0.4,0.5,71.5,76.2,82.2,76.8,5.0,5.8,12.0,0.4,0.5,3.55,9.3,9.47,7.53,7.0,3.68,12.0,0.4,0.4,0.6,-9.17,-5.98,-1.72,-5.25,7.0,4.66,12.0,0.4,0.4,0.6,-7.26,0.0,1.62,-2.1,7.0,4.54,12.0,0.4,0.4,0.6,1017.3,1020.1,1021.18,1019.42,6.0,2.85,12.0,0.3,0.5,0.5,2.0,3.0,4.0,2.9,7.0,0.9,12.0,0.4,0.4,0.6,-87.5,-55.6,-4.3,-51.2,7.0,45.0,12.0,0.4,0.4,0.6,-69.2,0.0,4.9,-25.7,7.0,52.1,12.0,0.4,0.4,0.6,0.2,2.4,3.06,1.87,6.0,1.48,12.0,0.3,0.5,0.5,0.2,11.1,29.5,15.0,6.0,16.7,12.0,0.3,0.5,0.5,3.56,5.4,7.03,5.34,5.0,1.93,12.0,0.4,0.4,0.5,22.5,35.5,75.6,47.3,5.0,35.3,12.0,0.4,0.4,0.5,-207.4,-125.7,-39.8,-119.5,7.0,110.1,12.0,0.4,0.4,0.6,-138.2,0.0,36.3,-41.5,7.0,93.8,12.0,0.4,0.4,0.6,-101.2,-76.6,-46.6,-74.2,5.0,33.4,12.0,0.4,0.4,0.5,-83.0,-13.5,22.0,-29.2,5.0,58.3,12.0,0.4,0.4,0.5,-48.6,-35.0,-21.5,-35.1,5.0,20.9,12.0,0.4,0.4,0.5,-57.9,-5.3,5.5,-23.6,5.0,36.9,12.0,0.4,0.4,0.5,45.5,804.5,868.5,687.0,7.0,739.5,12.0,0.4,0.4,0.6,45.0,805.0,870.0,685.0,7.0,740.0,12.0,0.4,0.4,0.6
1974,2,208.0,24.0,22.55,23.05,23.9,23.06,18.0,1.04,14.0,0.4,0.6,0.3,21.1,21.7,22.89,21.75,17.0,1.18,14.0,0.4,0.6,0.4,10.69,12.26,13.22,12.0,17.0,1.32,14.0,0.4,0.6,0.4,67.6,76.3,82.2,74.7,17.0,7.7,14.0,0.4,0.4,2.27,5.65,10.39,6.43,18.0,4.08,14.0,0.4,0.6,0.3,-9.77,-4.72,-1.13,-5.29,18.0,4.06,14.0,0.4,0.6,0.3,-5.27,0.67,2.58,-0.39,18.0,3.75,14.0,0.4,0.6,0.3,1017.77,1019.6,1023.4,1020.34,17.0,2.83,14.0,0.4,0.6,0.4,1.5,5.0,6.0,4.0,17.0,2.2,14.0,0.4,0.6,0.4,-103.0,-24.6,-1.7,-48.8,18.0,56.8,14.0,0.4,0.6,0.3,-60.4,1.7,16.6,-8.1,18.0,37.6,14.0,0.4,0.6,0.3,0.46,1.5,2.28,1.36,17.0,0.9,14.0,0.4,0.6,0.4,1.8,5.5,15.3,8.6,17.0,9.7,14.0,0.4,0.6,0.4,4.47,5.24,6.71,5.52,17.0,1.27,14.0,0.4,0.6,0.4,16.0,27.5,68.8,37.3,17.0,23.7,14.0,0.4,0.6,0.4,-224.2,-101.1,-42.9,-124.3,17.0,86.3,14.0,0.4,0.6,0.4,-119.9,13.2,57.5,-8.1,17.0,80.0,14.0,0.4,0.6,0.4,-117.9,-53.7,-22.2,-67.7,17.0,47.3,14.0,0.4,0.6,0.4,-58.6,7.9,30.6,-4.0,17.0,44.8,14.0,0.4,0.6,0.4,-57.4,-21.2,-12.5,-31.8,17.0,22.7,14.0,0.4,0.6,0.4,-26.7,2.9,16.1,-2.8,17.0,21.0,14.0,0.4,0.6,0.4,13.5,185.5,1210.0,596.5,18.0,847.0,14.0,0.4,0.6,0.3,15.0,185.0,1210.0,595.0,18.0,845.0,14.0,0.4,0.6,0.3
1974,2,208.0,25.0,22.3,22.8,23.49,22.91,14.0,0.91,18.0,0.5,0.6,0.3,19.07,22.2,22.92,21.44,16.0,1.89,18.0,0.4,0.7,0.4,11.59,12.96,14.66,13.08,13.0,1.51,18.0,0.5,0.7,0.3,72.4,81.8,85.9,81.1,14.0,8.3,18.0,0.5,0.4,5.89,7.7,10.3,8.14,16.0,2.29,18.0,0.4,0.7,0.4,-8.07,-6.43,-3.87,-5.79,16.0,3.35,18.0,0.4,0.7,0.4,-6.95,1.02,3.52,-0.49,16.0,5.35,18.0,0.4,0.7,0.4,1019.08,1022.0,1023.15,1021.38,14.0,2.56,18.0,0.5,0.7,0.3,3.0,4.0,7.2,4.7,16.0,2.0,18.0,0.4,0.7,0.4,-77.1,-51.2,-26.7,-51.0,16.0,31.7,18.0,0.4,0.7,0.4,-60.6,6.3,19.9,-6.1,16.0,56.1,18.0,0.4,0.7,0.4,0.0,0.8,2.47,1.56,13.0,1.92,18.0,0.5,0.6,0.4,0.0,6.5,20.7,14.7,13.0,20.5,18.0,0.5,0.6,0.4,2.85,4.57,5.5,4.41,12.0,1.74,20.0,0.5,0.7,0.3,21.9,36.9,51.6,38.8,12.0,19.7,20.0,0.5,0.7,0.3,-182.2,-139.2,-78.5,-124.8,16.0,77.6,18.0,0.4,0.7,0.4,-133.9,23.1,79.7,-2.7,16.0,107.3,18.0,0.4,0.7,0.4,-116.2,-92.0,-53.1,-88.8,13.0,30.1,18.0,0.5,0.7,0.3,-27.4,18.4,45.4,9.6,13.0,66.0,18.0,0.5,0.7,0.3,-40.4,-31.8,-17.7,-29.4,12.0,11.1,20.0,0.5,0.7,0.3,-20.7,2.2,15.6,-5.1,12.0,30.5,20.0,0.5,0.7,0.3,205.5,456.5,1092.5,663.0,16.0,552.0,18.0,0.4,0.7,0.4,205.0,455.0,1095.0,665.0,16.0,550.0,18.0,0.4,0.7,0.4
1974,2,208.0,26.0,21.33,22.0,22.87,21.86,11.0,1.53,14.0,0.4,0.5,0.5,19.47,20.9,22.28,20.93,12.0,1.67,18.0,0.3,0.5,0.5,9.57,12.15,13.7,11.81,12.0,2.13,18.0,0.3,0.5,0.5,66.3,77.3,85.1,76.9,12.0,9.2,18.0,0.3,0.5,4.96,7.2,9.3,7.24,13.0,3.17,16.0,0.3,0.5,0.5,-6.91,-4.79,-2.46,-5.26,13.0,3.71,16.0,0.3,0.5,0.5,-6.8,-0.63,3.23,-1.13,13.0,4.66,16.0,0.3,0.5,0.5,1018.68,1021.2,1023.31,1021.68,13.0,3.26,16.0,0.3,0.5,0.5,3.0,5.0,7.1,4.8,13.0,2.3,16.0,0.3,0.5,0.5,-58.4,-29.6,-12.4,-47.2,13.0,61.3,16.0,0.3,0.5,0.5,-48.9,-2.3,19.5,-9.9,13.0,35.2,16.0,0.3,0.5,0.5,-0.9,1.4,3.2,1.07,10.0,2.24,16.0,0.3,0.5,0.5,-6.4,8.6,25.7,9.4,10.0,14.9,16.0,0.3,0.5,0.5,2.91,3.58,7.19,4.47,10.0,2.38,16.0,0.3,0.5,0.5,14.2,25.9,57.6,32.8,10.0,22.8,16.0,0.3,0.5,0.5,-147.3,-98.9,-50.8,-116.3,12.0,84.0,18.0,0.3,0.5,0.5,-131.4,-17.1,43.9,-28.4,12.0,92.3,18.0,0.3,0.5,0.5,-81.2,-59.0,-30.1,-64.1,12.0,43.0,18.0,0.3,0.5,0.5,-67.0,-10.3,26.3,-11.6,12.0,53.0,18.0,0.3,0.5,0.5,-38.7,-15.5,-7.4,-21.4,10.0,18.2,16.0,0.3,0.5,0.5,-39.7,-11.3,8.3,-14.7,10.0,25.2,16.0,0.3,0.5,0.5,124.5,373.0,804.5,611.0,13.0,947.5,16.0,0.3,0.5,0.5,125.0,375.0,805.0,610.0,13.0,950.0,16.0,0.3,0.5,0.5
1974,2,208.0,27.0,20.09,21.0,22.98,21.32,5.0,1.89,10.0,0.8,0.9,0.4,20.56,21.1,21.68,21.14,5.0,0.63,10.0,0.8,0.9,0.4,11.3,12.68,12.88,12.16,5.0,1.06,10.0,0.8,0.9,0.4,74.3,78.0,83.8,78.7,5.0,5.7,10.0,0.8,0.4,4.37,6.2,7.33,5.98,5.0,2.25,10.0,0.8,0.9,0.4,-7.13,-3.28,-1.11,-3.9,5.0,3.75,10.0,0.8,0.9,0.4,-1.16,1.99,4.71,1.76,5.0,3.57,10.0,0.8,0.9,0.4,1020.9,1022.6,1023.43,1022.2,5.0,2.06,10.0,0.8,0.9,0.4,3.0,4.0,7.4,5.0,5.0,2.3,10.0,0.8,0.9,0.4,-54.1,-16.7,-2.2,-27.4,5.0,34.3,10.0,0.8,0.9,0.4,-10.8,6.2,26.5,6.9,5.0,25.0,10.0,0.8,0.9,0.4,-1.73,0.5,2.07,0.18,5.0,2.25,10.0,0.8,0.9,0.4,-10.7,4.7,8.4,-0.2,5.0,12.5,10.0,0.8,0.9,0.4,1.68,4.85,5.1,3.56,5.0,2.26,10.0,0.8,0.9,0.4,10.4,16.6,32.5,20.7,5.0,16.4,10.0,0.8,0.9,0.4,-152.0,-67.5,-23.4,-82.0,5.0,78.6,10.0,0.8,0.9,0.4,-23.8,42.0,99.0,37.7,5.0,75.2,10.0,0.8,0.9,0.4,-83.6,-41.6,-12.6,-45.2,5.0,42.2,10.0,0.8,0.9,0.4,-12.2,23.4,60.7,23.9,5.0,43.8,10.0,0.8,0.9,0.4,-25.9,-16.2,-8.1,-17.6,5.0,15.4,10.0,0.8,0.9,0.4,-5.6,0.0,13.9,2.9,5.0,13.1,10.0,0.8,0.9,0.4,95.0,238.5,445.0,288.5,5.0,301.0,10.0,0.8,0.9,0.4,95.0,240.0,445.0,290.0,5.0,300.0,10.0,0.8,0.9,0.4
1974,2,208.0,28.0,19.56,20.0,21.07,20.18,8.0,0.67,18.0,0.8,0.6,0.5,19.13,20.0,21.73,20.37,9.0,1.2,18.0,0.7,0.6,0.4,11.67,12.0,13.24,12.25,9.0,1.3,18.0,0.7,0.6,0.4,78.2,86.0,88.3,82.9,9.0,6.7,18.0,0.7,0.4,4.16,7.7,9.18,6.81,8.0,2.34,18.0,0.6,0.6,0.5,-8.01,-4.92,-0.29,-4.67,8.0,3.63,18.0,0.6,0.6,0.5,-4.13,1.83,4.49,1.15,8.0,4.35,18.0,0.6,0.6,0.5,1019.16,1022.0,1025.07,1020.4,9.0,6.94,18.0,0.7,0.6,0.4,2.1,3.5,4.9,3.4,8.0,1.4,20.0,0.6,0.7,0.4,-73.2,-35.9,-1.6,-38.2,8.0,33.8,18.0,0.6,0.6,0.5,-38.4,10.7,20.5,3.3,8.0,33.1,18.0,0.6,0.6,0.5,-0.98,0.25,0.68,0.01,8.0,0.88,18.0,0.8,0.6,0.5,-6.3,0.0,4.9,0.5,7.0,6.2,18.0,0.7,0.6,0.5,1.38,2.01,3.51,2.44,8.0,1.2,18.0,0.8,0.6,0.5,8.2,14.4,26.5,17.1,7.0,11.8,18.0,0.7,0.6,0.5,-153.9,-98.5,-6.5,-92.1,8.0,69.2,18.0,0.6,0.6,0.5,-78.6,36.9,98.0,27.1,8.0,90.0,18.0,0.6,0.6,0.5,-96.2,-51.5,-4.2,-55.1,8.0,42.7,18.0,0.6,0.6,0.5,-45.3,21.9,58.1,18.8,8.0,53.8,18.0,0.6,0.6,0.5,-22.8,-14.4,-3.0,-13.5,7.0,10.7,18.0,0.7,0.6,0.5,-13.5,3.2,5.0,-2.4,7.0,12.0,18.0,0.7,0.6,0.5,72.0,456.5,776.5,411.0,8.0,312.0,18.0,0.6,0.6,0.5,70.0,455.0,775.0,410.0,8.0,310.0,18.0,0.6,0.6,0.5
1974,2,208.0,29.0,18.6,19.35,21.33,19.63,12.0,1.57,18.0,0.4,0.6,0.6,17.15,19.0,20.0,18.6,12.0,1.41,18.0,0.4,0.6,0.6,8.27,10.39,11.73,10.21,12.0,1.95,18.0,0.4,0.6,0.6,69.9,76.2,84.5,76.8,12.0,9.7,18.0,0.4,0.6,3.47,6.45,12.45,6.99,12.0,4.42,18.0,0.4,0.6,0.6,-9.3,-3.41,0.0,-4.18,12.0,4.33,18.0,0.4,0.6,0.6,-5.22,0.53,4.35,0.0,12.0,5.92,18.0,0.4,0.6,0.6,1021.47,1022.6,1026.08,1022.91,12.0,3.02,18.0,0.4,0.6,0.6,3.0,6.0,8.0,5.0,11.0,2.7,16.0,0.4,0.6,0.6,-120.3,-14.5,0.0,-42.9,12.0,59.8,18.0,0.4,0.6,0.6,-46.2,1.6,23.9,-11.1,12.0,63.8,18.0,0.4,0.6,0.6,-0.25,1.35,2.05,1.03,12.0,1.31,18.0,0.4,0.6,0.6,-0.9,5.0,21.8,8.4,12.0,13.0,18.0,0.4,0.6,0.6,2.19,3.98,5.98,3.93,12.0,1.7,18.0,0.4,0.6,0.6,7.7,18.9,58.1,28.5,12.0,23.5,18.0,0.4,0.6,0.6,-152.9,-67.0,0.0,-75.6,12.0,78.7,18.0,0.4,0.6,0.6,-89.0,10.2,87.0,6.4,12.0,108.2,18.0,0.4,0.6,0.6,-81.1,-36.1,0.0,-39.9,12.0,41.5,18.0,0.4,0.6,0.6,-44.6,6.0,58.3,6.6,12.0,59.5,18.0,0.4,0.6,0.6,-41.8,-8.0,0.0,-17.0,12.0,19.0,18.0,0.4,0.6,0.6,-29.2,0.8,12.8,-1.6,12.0,27.5,18.0,0.4,0.6,0.6,42.5,269.5,1933.5,741.0,12.0,1013.5,18.0,0.4,0.6,0.6,40.0,270.0,1935.0,740.0,12.0,1015.0,18.0,0.4,0.6,0.6
1974,2,208.0,30.0,18.08,18.9,19.84,19.01,9.0,0.87,14.0,0.2,0.5,0.4,17.34,17.9,19.49,18.12,10.0,1.23,14.0,0.3,0.5,0.4,8.49,10.77,12.03,10.39,10.0,1.72,14.0,0.3,0.5,0.4,68.3,81.7,90.5,80.9,10.0,11.7,14.0,0.3,0.4,5.8,8.7,10.03,7.59,9.0,3.25,14.0,0.3,0.5,0.3,-6.66,0.0,6.82,-0.29,9.0,6.07,14.0,0.3,0.5,0.3,-6.34,0.0,4.97,-0.5,9.0,6.17,14.0,0.3,0.5,0.3,1019.43,1021.85,1022.7,1021.22,10.0,2.79,14.0,0.3,0.5,0.4,3.9,6.0,8.0,5.9,10.0,2.2,14.0,0.3,0.5,0.4,-58.0,0.0,54.5,-2.4,9.0,52.4,14.0,0.3,0.5,0.3,-62.9,0.0,40.0,-8.0,9.0,58.7,14.0,0.3,0.5,0.3,-0.23,1.0,1.89,0.88,9.0,1.1,14.0,0.2,0.5,0.4,-3.9,5.8,15.8,5.3,8.0,9.5,14.0,0.3,0.5,0.4,1.53,3.16,4.72,3.17,9.0,1.57,14.0,0.2,0.5,0.4,7.7,21.9,41.0,22.6,8.0,16.0,14.0,0.3,0.5,0.4,-120.3,0.0,121.5,-2.9,9.0,110.9,14.0,0.3,0.5,0.3,-110.2,0.0,92.7,-3.9,9.0,112.1,14.0,0.3,0.5,0.3,-73.1,0.0,68.9,-2.1,9.0,66.1,14.0,0.3,0.5,0.3,-72.7,0.0,58.8,-0.6,9.0,65.5,14.0,0.3,0.5,0.3,-14.5,-2.4,9.4,-2.2,8.0,18.5,14.0,0.3,0.5,0.4,-25.6,0.0,4.0,-5.8,8.0,21.2,14.0,0.3,0.5,0.4,220.0,658.5,1015.0,605.5,9.0,376.5,14.0,0.3,0.5,0.3,220.0,660.0,1015.0,605.0,9.0,375.0,14.0,0.3,0.5,0.3
1974,2,208.0,31.0,18.0,18.5,20.73,19.0,9.0,1.39,14.0,0.7,0.4,0.3,17.38,19.4,20.15,18.96,9.0,1.55,14.0,0.7,0.4,0.3,9.04,10.28,12.44,10.5,8.0,1.88,16.0,0.6,0.5,0.3,68.6,75.7,89.1,76.5,8.0,10.9,16.0,0.6,0.3,5.1,7.7,10.95,8.19,9.0,3.29,14.0,0.7,0.4,0.3,-9.98,-3.1,5.0,-2.18,9.0,6.83,14.0,0.7,0.4,0.3,-3.58,0.0,4.81,1.49,9.0,5.64,14.0,0.7,0.4,0.3,1021.2,1023.75,1025.0,1023.45,8.0,2.43,16.0,0.6,0.5,0.3,3.3,6.0,7.7,5.6,9.0,2.1,14.0,0.7,0.4,0.3,-105.7,-9.6,41.0,-23.5,9.0,66.6,14.0,0.7,0.4,0.3,-33.6,0.0,35.8,15.2,9.0,64.4,14.0,0.7,0.4,0.3,-1.95,0.5,1.31,0.04,9.0,2.47,14.0,0.7,0.4,0.3,-21.3,2.5,13.5,-2.5,9.0,20.3,14.0,0.7,0.4,0.3,1.97,3.09,4.03,3.12,8.0,2.25,16.0,0.6,0.5,0.3,10.4,22.1,36.5,20.9,8.0,15.5,16.0,0.6,0.5,0.3,-180.8,-62.6,92.9,-39.9,9.0,129.9,14.0,0.7,0.4,0.3,-64.3,0.0,90.1,32.4,9.0,107.7,14.0,0.7,0.4,0.3,-87.2,-1.8,50.6,-8.8,8.0,67.8,16.0,0.6,0.5,0.3,-22.7,22.3,48.0,30.4,8.0,64.1,16.0,0.6,0.5,0.3,-29.4,-5.6,12.2,-7.8,8.0,21.9,16.0,0.6,0.5,0.3,-11.9,0.0,9.3,-0.7,8.0,13.9,16.0,0.6,0.5,0.3,132.5,456.5,1312.0,782.0,9.0,716.5,14.0,0.7,0.4,0.3,135.0,455.0,1310.0,780.0,9.0,715.0,14.0,0.7,0.4,0.3
1974,2,208.0,32.0,16.99,18.8,19.5,18.41,11.0,1.3,16.0,0.9,0.7,0.4,15.0,17.2,18.3,17.03,10.0,1.74,14.0,0.9,0.7,0.5,8.74,10.56,11.14,10.26,8.0,1.42,12.0,0.9,0.7,0.5,80.1,86.3,87.8,84.9,8.0,4.0,12.0,0.9,0.5,5.92,6.2,10.96,7.6,12.0,3.02,16.0,0.9,0.6,0.5,-5.04,-3.1,2.06,-1.63,12.0,4.38,16.0,0.9,0.6,0.5,-5.58,0.09,6.52,0.46,12.0,7.06,16.0,0.9,0.6,0.5,1021.75,1026.4,1029.83,1025.58,12.0,5.79,16.0,0.9,0.6,0.5,5.4,7.0,8.0,6.8,10.0,1.3,16.0,1.0,0.7,0.4,-33.5,-19.2,12.0,-6.3,12.0,43.0,16.0,0.9,0.6,0.5,-38.2,2.8,57.2,12.2,12.0,74.0,16.0,0.9,0.6,0.5,-0.2,1.0,3.88,1.19,9.0,2.62,14.0,0.9,0.7,0.4,-1.3,5.6,24.9,5.9,9.0,25.9,14.0,0.9,0.7,0.4,1.96,2.26,3.95,2.4,7.0,1.92,12.0,0.9,0.7,0.5,9.9,13.1,14.9,11.8,7.0,13.4,12.0,0.9,0.7,0.5,-72.9,-55.0,17.1,-25.3,10.0,82.1,14.0,0.9,0.7,0.5,-99.8,4.1,98.3,4.2,10.0,110.9,14.0,0.9,0.7,0.5,-40.4,-32.0,14.4,-8.5,8.0,49.9,12.0,0.9,0.7,0.5,-49.1,4.0,59.8,12.5,8.0,65.4,12.0,0.9,0.7,0.5,-10.4,-7.0,-5.9,-8.0,7.0,9.4,12.0,0.9,0.7,0.5,-11.8,-9.2,12.1,-3.1,7.0,13.0,12.0,0.9,0.7,0.5,211.5,238.5,1360.5,645.5,12.0,752.0,16.0,0.9,0.6,0.5,210.0,240.0,1360.0,645.0,12.0,750.0,16.0,0.9,0.6,0.5
1974,2,208.0,33.0,15.85,16.7,19.0,17.25,16.0,1.48,12.0,0.4,0.6,0.6,14.04,15.0,17.7,15.51,16.0,1.69,12.0,0.4,0.6,0.6,7.54,8.57,10.25,8.71,15.0,1.71,12.0,0.5,0.6,0.6,70.5,78.0,90.8,79.4,15.0,10.3,12.0,0.5,0.6,2.76,9.0,10.77,7.66,14.0,3.59,12.0,0.5,0.6,0.6,-4.28,0.8,5.85,0.74,14.0,5.51,12.0,0.5,0.6,0.6,-9.38,-1.81,0.0,-3.12,14.0,5.88,12.0,0.5,0.6,0.6,1019.11,1025.45,1027.35,1023.88,16.0,3.81,12.0,0.4,0.6,0.6,5.0,7.0,8.0,6.5,15.0,1.6,14.0,0.4,0.6,0.6,-22.1,1.7,67.4,12.0,14.0,52.2,12.0,0.5,0.6,0.6,-93.4,-8.7,0.0,-27.9,14.0,64.7,12.0,0.5,0.6,0.6,0.5,1.6,3.31,1.74,16.0,1.4,12.0,0.4,0.6,0.6,0.7,9.0,30.0,14.6,14.0,16.5,12.0,0.5,0.6,0.6,2.42,3.1,4.71,3.47,15.0,1.21,12.0,0.5,0.6,0.6,10.6,28.2,47.7,29.1,13.0,18.4,12.0,0.5,0.6,0.7,-66.3,11.9,102.1,11.7,14.0,84.1,12.0,0.5,0.6,0.6,-157.1,-25.7,0.0,-47.2,14.0,97.6,12.0,0.5,0.6,0.6,-37.4,14.9,60.2,7.1,13.0,52.1,12.0,0.5,0.6,0.7,-79.2,-13.8,2.7,-22.4,13.0,58.2,12.0,0.5,0.6,0.7,-17.8,1.9,17.4,2.7,13.0,21.0,12.0,0.5,0.6,0.7,-45.0,-5.4,0.8,-14.9,13.0,23.8,12.0,0.5,0.6,0.7,25.0,731.5,1249.0,706.0,14.0,616.5,12.0,0.5,0.6,0.6,25.0,730.0,1250.0,705.0,14.0,615.0,12.0,0.5,0.6,0.6
1974,2,208.0,34.0,13.96,16.1,19.37,16.6,5.0,2.81,14.0,0.8,0.6,0.6,10.48,13.0,15.02,12.7,7.0,2.63,16.0,0.6,0.6,0.6,6.06,6.86,7.61,6.84,5.0,1.3,14.0,0.8,0.6,0.6,72.7,76.1,82.2,77.0,5.0,6.7,14.0,0.8,0.6,3.95,7.7,9.82,6.76,7.0,3.47,16.0,0.6,0.6,0.6,-5.06,-2.64,1.86,-2.1,7.0,5.08,16.0,0.6,0.6,0.6,-8.13,-3.14,0.08,-3.57,7.0,4.41,16.0,0.6,0.6,0.6,1021.86,1025.5,1028.41,1025.04,7.0,3.49,16.0,0.6,0.6,0.6,1.8,5.5,7.2,4.8,6.0,2.8,18.0,0.5,0.6,0.6,-46.2,-10.8,17.7,-18.4,7.0,46.9,16.0,0.6,0.6,0.6,-75.8,-12.9,0.4,-31.3,7.0,40.9,16.0,0.6,0.6,0.6,1.1,3.4,6.87,4.22,5.0,4.07,14.0,0.8,0.6,0.6,3.3,23.0,51.0,29.0,5.0,33.6,14.0,0.8,0.6,0.6,3.0,4.19,6.76,4.88,5.0,2.35,14.0,0.8,0.6,0.6,11.9,28.7,42.6,28.8,5.0,23.4,14.0,0.8,0.6,0.6,-77.6,-39.5,23.0,-33.3,7.0,64.3,16.0,0.6,0.6,0.6,-87.3,-47.1,1.3,-39.7,7.0,53.5,16.0,0.6,0.6,0.6,-34.8,-18.5,13.4,-11.9,5.0,27.3,14.0,0.8,0.6,0.6,-38.3,-22.0,5.5,-18.0,5.0,26.7,14.0,0.8,0.6,0.6,-19.1,-11.0,17.3,-1.5,5.0,26.8,14.0,0.8,0.6,0.6,-34.2,-13.2,3.6,-15.7,5.0,23.5,14.0,0.8,0.6,0.6,65.5,456.5,948.5,499.5,7.0,449.0,16.0,0.6,0.6,0.6,65.0,455.0,950.0,500.0,7.0,450.0,16.0,0.6,0.6,0.6
1974,2,208.0,35.0,13.94,14.75,15.79,14.61,10.0,1.16,18.0,0.1,0.5,0.3,11.01,15.0,16.29,14.35,10.0,3.12,16.0,0.2,0.5,0.3,6.2,7.52,10.26,8.14,10.0,2.0,16.0,0.2,0.5,0.3,70.7,74.7,90.3,79.5,10.0,9.6,16.0,0.2,0.3,7.49,10.8,12.55,10.05,11.0,2.69,16.0,0.2,0.5,0.4,-6.5,-1.79,3.68,-1.34,11.0,5.47,16.0,0.2,0.5,0.4,-4.08,7.7,10.96,4.2,11.0,8.19,16.0,0.2,0.5,0.4,1016.5,1023.0,1026.71,1021.87,11.0,5.69,16.0,0.2,0.5,0.4,2.0,8.0,8.0,6.1,11.0,2.9,16.0,0.2,0.5,0.4,-61.2,-18.4,30.4,-12.2,11.0,59.0,16.0,0.2,0.5,0.4,-47.4,59.3,126.4,44.0,11.0,97.5,16.0,0.2,0.5,0.4,-1.73,0.5,4.66,0.71,9.0,3.62,18.0,0.1,0.5,0.3,-20.0,3.9,45.4,7.3,9.0,40.1,18.0,0.1,0.5,0.3,-0.01,2.94,4.77,2.53,9.0,2.16,18.0,0.1,0.5,0.3,0.3,25.7,54.1,26.1,9.0,25.2,18.0,0.1,0.5,0.3,-103.3,-32.8,11.6,-37.3,10.0,67.0,16.0,0.2,0.5,0.3,-50.8,126.8,187.7,79.9,10.0,116.7,16.0,0.2,0.5,0.3,-51.3,-16.8,6.0,-20.0,10.0,37.6,16.0,0.2,0.5,0.3,-29.8,74.2,96.2,46.7,10.0,66.5,16.0,0.2,0.5,0.3,-13.4,-3.0,7.8,-1.0,9.0,19.8,18.0,0.1,0.5,0.3,-38.0,0.0,18.4,-5.0,9.0,31.3,18.0,0.1,0.5,0.3,422.0,1259.5,1979.0,1202.5,11.0,753.0,16.0,0.2,0.5,0.4,420.0,1260.0,1980.0,1205.0,11.0,755.0,16.0,0.2,0.5,0.4
1974,2,208.0,36.0,13.61,14.7,16.31,14.95,4.0,1.92,12.0,1.0,0.5,0.5,14.81,16.5,16.81,15.76,5.0,1.9,12.0,1.0,0.5,0.4,5.78,7.54,9.34,7.56,4.0,2.11,12.0,1.0,0.5,0.5,57.4,69.6,81.8,69.6,4.0,14.5,12.0,1.0,0.5,2.02,5.7,6.88,4.64,5.0,2.71,12.0,1.0,0.5,0.4,-3.36,-0.98,3.66,-0.12,5.0,4.35,12.0,1.0,0.5,0.4,-1.96,0.17,3.82,0.56,5.0,3.87,12.0,1.0,0.5,0.4,1019.36,1027.4,1029.99,1025.26,5.0,6.81,12.0,1.0,0.5,0.4,4.0,6.0,8.0,6.0,4.0,2.3,12.0,1.0,0.5,0.5,-21.3,-1.0,18.8,-0.9,5.0,28.5,12.0,1.0,0.5,0.4,-11.1,0.2,26.4,5.1,5.0,24.6,12.0,1.0,0.5,0.4,-2.54,-0.35,1.52,-0.5,4.0,2.43,12.0,1.0,0.5,0.5,-12.0,-1.2,4.7,-3.5,4.0,11.3,12.0,1.0,0.5,0.5,1.34,3.32,4.41,2.89,4.0,1.96,12.0,1.0,0.5,0.5,3.1,7.7,14.5,8.8,4.0,7.2,12.0,1.0,0.5,0.5,-56.1,-12.2,60.8,-1.6,5.0,72.5,12.0,1.0,0.5,0.4,-31.7,2.2,64.0,9.7,5.0,63.5,12.0,1.0,0.5,0.4,-11.5,5.5,36.2,12.0,4.0,31.4,12.0,1.0,0.5,0.5,-24.7,0.5,24.3,-0.2,4.0,37.8,12.0,1.0,0.5,0.5,-2.7,5.1,12.3,4.8,4.0,8.8,12.0,1.0,0.5,0.5,-0.8,0.4,6.4,2.7,4.0,6.0,12.0,1.0,0.5,0.5,11.5,185.0,327.0,175.5,5.0,166.0,12.0,1.0,0.5,0.4,10.0,185.0,325.0,175.0,5.0,165.0,12.0,1.0,0.5,0.4
1974,2,208.0,37.0,12.57,13.75,14.21,13.5,6.0,1.14,16.0,0.2,0.5,0.4,10.95,12.0,12.52,11.73,7.0,1.06,14.0,0.1,0.6,0.4,5.71,6.47,7.56,6.6,7.0,1.07,14.0,0.1,0.6,0.4,70.9,76.2,82.9,78.2,7.0,11.2,14.0,0.1,0.4,4.1,6.2,12.1,8.44,7.0,5.01,14.0,0.1,0.6,0.4,-1.49,4.75,10.39,4.56,7.0,6.04,14.0,0.1,0.6,0.4,-2.79,3.99,6.9,3.34,7.0,5.87,14.0,0.1,0.6,0.4,1019.17,1025.5,1032.52,1024.79,7.0,7.15,14.0,0.1,0.6,0.4,2.0,4.0,8.0,5.0,7.0,2.9,14.0,0.1,0.6,0.4,-6.1,29.4,126.7,63.1,7.0,93.0,14.0,0.1,0.6,0.4,-13.6,24.7,65.2,37.5,7.0,85.7,14.0,0.1,0.6,0.4,0.76,1.75,2.81,1.9,6.0,1.25,16.0,0.2,0.5,0.4,9.2,11.6,20.1,16.4,6.0,15.3,16.0,0.2,0.5,0.4,1.66,3.13,3.83,2.76,6.0,1.35,16.0,0.2,0.5,0.4,12.8,23.6,38.1,24.9,6.0,16.1,16.0,0.2,0.5,0.4,-18.3,57.0,104.6,51.1,7.0,65.8,14.0,0.1,0.6,0.4,-30.4,48.2,85.5,42.2,7.0,65.4,14.0,0.1,0.6,0.4,-8.4,36.2,60.3,30.8,7.0,37.8,14.0,0.1,0.6,0.4,-16.0,34.0,45.3,24.2,7.0,37.5,14.0,0.1,0.6,0.4,-0.7,12.4,30.2,14.0,6.0,19.2,16.0,0.2,0.5,0.4,-12.9,9.5,22.3,5.0,6.0,19.2,16.0,0.2,0.5,0.4,69.0,238.5,1843.5,1249.5,7.0,2095.0,14.0,0.1,0.6,0.4,70.0,240.0,1845.0,1250.0,7.0,2095.0,14.0,0.1,0.6,0.4
1974,2,208.0,38.0,13.1,13.3,13.78,13.43,3.0,0.51,14.0,0.7,0.7,0.8,9.5,12.35,14.83,12.18,4.0,3.72,16.0,0.8,0.7,0.6,4.35,5.39,6.26,5.31,3.0,1.4,16.0,0.7,0.6,0.5,61.9,63.5,70.1,65.9,3.0,6.3,16.0,0.7,0.5,7.74,13.6,16.52,12.2,4.0,6.19,16.0,0.8,0.7,0.6,6.45,10.57,14.36,10.41,4.0,5.5,16.0,0.8,0.7,0.6,-5.23,-2.1,5.98,0.26,4.0,7.87,16.0,0.8,0.7,0.6,1012.01,1020.25,1027.6,1019.83,4.0,9.31,16.0,0.8,0.7,0.6,2.9,6.0,7.5,5.3,4.0,3.1,16.0,0.8,0.7,0.6,74.5,142.4,227.4,150.6,4.0,119.4,16.0,0.8,0.7,0.6,-82.7,-25.9,89.1,1.9,4.0,120.9,16.0,0.8,0.7,0.6,-1.71,0.0,1.09,-0.3,3.0,2.07,14.0,0.7,0.7,0.8,-25.4,0.0,19.7,-2.8,3.0,33.1,14.0,0.7,0.7,0.8,2.72,3.26,3.81,3.26,2.0,1.13,14.0,0.5,0.5,0.8,19.1,41.0,62.9,41.0,2.0,45.4,14.0,0.5,0.5,0.8,65.8,122.4,178.9,122.4,4.0,68.2,16.0,0.8,0.7,0.6,-52.8,-15.8,98.7,21.2,4.0,115.3,16.0,0.8,0.7,0.6,30.6,44.7,76.4,53.3,3.0,34.4,16.0,0.7,0.6,0.5,-27.8,-16.3,-5.2,-16.5,3.0,16.6,16.0,0.7,0.6,0.5,18.4,38.8,59.2,38.8,2.0,42.3,14.0,0.5,0.5,0.8,-21.0,-12.5,-4.0,-12.5,2.0,17.7,14.0,0.5,0.5,0.8,910.5,2584.5,4630.5,2762.0,4.0,2443.0,16.0,0.8,0.7,0.6,910.0,2585.0,4630.0,2760.0,4.0,2445.0,16.0,0.8,0.7,0.6
1974,2,208.0,39.0,11.49,12.5,13.0,12.22,5.0,1.0,14.0,0.8,0.5,0.3,11.27,12.5,13.18,12.2,5.0,1.35,14.0,0.8,0.5,0.3,6.67,7.63,8.7,7.6,5.0,1.52,14.0,0.8,0.5,0.3,75.3,88.7,96.0,86.0,5.0,12.5,14.0,0.8,0.3,7.83,8.7,11.25,9.46,5.0,2.23,14.0,0.8,0.5,0.3,1.01,6.77,9.44,5.31,5.0,6.12,14.0,0.8,0.5,0.3,-3.17,6.62,7.26,2.88,5.0,5.81,14.0,0.8,0.5,0.3,1013.71,1017.0,1022.68,1017.94,5.0,4.62,14.0,0.8,0.5,0.3,5.2,8.0,8.0,6.6,5.0,2.6,14.0,0.8,0.5,0.3,7.5,48.7,108.7,56.4,5.0,70.8,14.0,0.8,0.5,0.3,-32.0,58.2,66.5,23.5,5.0,57.3,14.0,0.8,0.5,0.3,-0.55,0.0,0.75,0.02,5.0,0.95,14.0,0.8,0.5,0.3,-5.6,0.0,7.9,0.1,5.0,9.6,14.0,0.8,0.5,0.3,0.36,1.08,1.99,1.19,5.0,1.04,14.0,0.8,0.5,0.3,2.6,11.1,21.0,12.7,5.0,13.7,14.0,0.8,0.5,0.3,10.6,84.6,111.9,61.0,5.0,71.1,14.0,0.8,0.5,0.3,-35.7,85.2,92.5,39.5,5.0,70.6,14.0,0.8,0.5,0.3,5.1,56.7,60.6,34.0,5.0,43.4,14.0,0.8,0.5,0.3,-21.4,49.9,59.9,26.1,5.0,44.3,14.0,0.8,0.5,0.3,2.5,6.4,17.5,10.4,5.0,13.1,14.0,0.8,0.5,0.3,-5.3,0.0,8.6,0.9,5.0,8.9,14.0,0.8,0.5,0.3,486.5,658.5,1477.5,964.5,5.0,712.0,14.0,0.8,0.5,0.3,485.0,660.0,1480.0,965.0,5.0,710.0,14.0,0.8,0.5,0.3
1974,2,208.0,40.0,10.48,11.0,12.05,11.25,4.0,1.26,14.0,0.8,0.7,0.2,7.43,9.5,11.57,9.5,4.0,2.89,14.0,0.8,0.7,0.2,5.17,6.68,7.77,6.48,4.0,2.02,14.0,0.8,0.7,0.2,76.6,90.8,93.9,85.5,4.0,13.1,14.0,0.8,0.2,11.78,12.85,14.71,13.23,4.0,1.98,14.0,0.8,0.7,0.2,7.63,9.44,11.21,9.42,4.0,2.3,14.0,0.8,0.7,0.2,-5.36,4.7,9.54,2.21,4.0,10.34,14.0,0.8,0.7,0.2,1008.24,1011.75,1016.1,1012.15,4.0,4.84,14.0,0.8,0.7,0.2,2.5,3.5,6.1,4.3,4.0,2.6,14.0,0.8,0.7,0.2,93.6,123.4,156.1,124.8,4.0,36.3,14.0,0.8,0.7,0.2,-89.0,54.2,120.5,17.5,4.0,150.4,14.0,0.8,0.7,0.2,0.48,1.5,3.05,1.75,4.0,1.71,14.0,0.8,0.7,0.2,5.4,18.0,45.0,24.9,4.0,27.7,14.0,0.8,0.7,0.2,1.0,1.44,2.66,1.81,4.0,1.36,14.0,0.8,0.7,0.2,11.9,17.0,39.9,25.5,4.0,23.3,14.0,0.8,0.7,0.2,73.3,86.8,98.6,86.0,4.0,19.5,14.0,0.8,0.7,0.2,-29.1,45.9,113.6,42.4,4.0,94.1,14.0,0.8,0.7,0.2,47.9,58.1,70.5,59.1,4.0,17.2,14.0,0.8,0.7,0.2,-17.6,31.3,76.2,29.4,4.0,62.1,14.0,0.8,0.7,0.2,8.0,15.0,28.5,18.1,4.0,14.7,14.0,0.8,0.7,0.2,-22.6,5.0,8.8,-6.4,4.0,26.5,14.0,0.8,0.7,0.2,1642.0,2133.5,3251.5,2432.5,4.0,1129.5,14.0,0.8,0.7,0.2,1640.0,2135.0,3250.0,2430.0,4.0,1130.0,14.0,0.8,0.7,0.2
1974,2,208.0,41.0,11.0,11.0,11.63,11.3,4.0,0.6,22.0,0.8,0.4,0.2,6.35,9.0,10.0,8.32,5.0,1.89,20.0,0.8,0.5,0.3,4.01,4.92,5.86,4.94,3.0,1.36,20.0,1.0,0.4,0.2,63.2,65.3,80.7,71.8,3.0,14.0,20.0,1.0,0.2,10.43,13.9,17.62,14.2,5.0,4.33,20.0,0.8,0.5,0.3,7.04,12.04,14.12,10.82,5.0,4.25,20.0,0.8,0.5,0.3,-11.15,-6.95,0.78,-5.41,5.0,8.35,20.0,0.8,0.5,0.3,1011.86,1021.75,1022.0,1017.15,4.0,9.37,22.0,0.8,0.4,0.2,3.5,5.0,7.0,5.3,4.0,2.2,22.0,0.8,0.4,0.2,74.3,167.3,257.7,165.3,5.0,97.6,20.0,0.8,0.5,0.3,-180.0,-83.2,-0.5,-94.8,5.0,145.4,20.0,0.8,0.5,0.3,1.48,3.25,5.34,3.4,4.0,2.33,22.0,0.8,0.4,0.2,22.4,38.0,86.8,53.9,4.0,49.4,22.0,0.8,0.4,0.2,2.3,3.14,4.51,3.4,3.0,1.63,20.0,1.0,0.4,0.2,34.6,43.7,86.2,60.0,3.0,40.4,20.0,1.0,0.4,0.2,62.9,82.7,127.9,91.3,5.0,41.9,20.0,0.8,0.5,0.3,-79.3,-55.2,9.6,-35.3,5.0,63.9,20.0,0.8,0.5,0.3,51.2,59.2,86.2,68.5,3.0,26.8,20.0,1.0,0.4,0.2,-49.5,-34.2,-22.7,-36.1,3.0,19.7,20.0,1.0,0.4,0.2,32.4,37.8,58.5,45.3,3.0,20.2,20.0,1.0,0.4,0.2,-62.3,-21.9,-10.5,-36.1,3.0,39.9,20.0,1.0,0.4,0.2,1143.5,2685.5,5744.0,3529.5,5.0,3161.0,20.0,0.8,0.5,0.3,1145.0,2685.0,5745.0,3530.0,5.0,3160.0,20.0,0.8,0.5,0.3
1974,2,208.0,42.0,10.0,10.0,10.0,10.0,2.0,0.0,12.0,1.0,0.6,0.3,8.7,10.2,11.7,10.2,2.0,3.11,12.0,1.0,0.6,0.3,7.02,7.8,8.58,7.8,2.0,1.62,12.0,1.0,0.6,0.3,100.0,100.0,100.0,100.0,2.0,0.0,12.0,1.0,0.3,4.56,7.7,10.84,7.7,2.0,6.51,12.0,1.0,0.6,0.3,0.32,1.0,1.68,1.0,2.0,1.41,12.0,1.0,0.6,0.3,3.95,7.34,10.72,7.34,2.0,7.02,12.0,1.0,0.6,0.3,1011.0,1011.0,1011.0,1011.0,2.0,0.0,12.0,1.0,0.6,0.3,8.0,8.0,8.0,8.0,1.0,0.0,16.0,1.0,1.0,0.0,1.0,3.1,5.2,3.1,2.0,4.4,12.0,1.0,0.6,0.3,30.2,79.3,128.4,79.3,2.0,101.8,12.0,1.0,0.6,0.3,-1.7,-0.2,1.3,-0.2,2.0,3.11,12.0,1.0,0.6,0.3,-23.9,-11.7,0.5,-11.7,2.0,25.3,12.0,1.0,0.6,0.3,-0.96,-0.18,0.6,-0.18,2.0,1.62,12.0,1.0,0.6,0.3,-13.2,-6.6,-0.1,-6.6,2.0,13.6,12.0,1.0,0.6,0.3,2.5,8.0,13.4,8.0,2.0,11.3,12.0,1.0,0.6,0.3,40.2,85.8,131.3,85.8,2.0,94.4,12.0,1.0,0.6,0.3,2.1,6.6,11.2,6.6,2.0,9.4,12.0,1.0,0.6,0.3,30.7,62.9,95.0,62.9,2.0,66.6,12.0,1.0,0.6,0.3,0.3,1.0,1.6,1.0,2.0,1.4,12.0,1.0,0.6,0.3,-13.3,-7.0,-0.7,-7.0,2.0,13.1,12.0,1.0,0.6,0.3,320.5,945.5,1570.5,945.5,2.0,1295.0,12.0,1.0,0.6,0.3,320.0,945.0,1570.0,945.0,2.0,1295.0,12.0,1.0,0.6,0.3
1974,2,208.0,43.0,8.32,9.0,9.14,8.73,3.0,0.64,20.0,1.0,0.6,0.3,6.95,9.0,10.0,8.5,4.0,1.91,18.0,0.8,0.6,0.3,4.83,4.9,6.16,5.48,3.0,1.1,20.0,1.0,0.6,0.3,77.0,82.8,85.9,81.5,3.0,6.7,20.0,1.0,0.3,9.46,11.85,16.33,12.85,4.0,4.54,18.0,0.8,0.6,0.3,6.54,9.19,13.23,9.85,4.0,4.92,18.0,0.8,0.6,0.3,-4.98,1.76,8.27,1.65,4.0,9.13,18.0,0.8,0.6,0.3,999.11,1005.75,1014.85,1006.93,4.0,9.65,18.0,0.8,0.6,0.3,2.3,3.0,5.7,4.0,3.0,2.6,20.0,1.0,0.6,0.3,68.2,87.7,211.3,137.4,4.0,117.9,18.0,0.8,0.6,0.3,-94.6,18.1,105.7,6.1,4.0,144.0,18.0,0.8,0.6,0.3,-0.23,1.0,1.68,0.73,3.0,1.42,20.0,1.0,0.6,0.3,-2.9,8.7,28.7,12.8,3.0,23.4,20.0,1.0,0.6,0.3,0.98,1.86,2.07,1.53,3.0,0.85,20.0,1.0,0.6,0.3,10.0,18.9,30.1,20.0,3.0,14.7,20.0,1.0,0.6,0.3,57.1,83.2,97.8,77.7,4.0,25.1,18.0,0.8,0.6,0.3,-29.9,17.6,82.7,26.0,4.0,76.7,18.0,0.8,0.6,0.3,49.8,65.3,74.6,62.3,3.0,18.4,20.0,1.0,0.6,0.3,-31.1,0.0,16.2,-7.3,3.0,35.2,20.0,1.0,0.6,0.3,9.8,18.9,26.8,18.3,3.0,12.5,20.0,1.0,0.6,0.3,-12.0,0.0,1.4,-5.2,3.0,10.8,20.0,1.0,0.6,0.3,865.0,1749.5,4739.0,2754.0,4.0,2835.5,18.0,0.8,0.6,0.3,865.0,1750.0,4740.0,2755.0,4.0,2835.0,18.0,0.8,0.6,0.3
1974,2,208.0,44.0,8.07,8.65,9.23,8.65,2.0,1.2,24.0,0.5,0.6,0.5,4.79,6.65,9.21,6.88,6.0,2.32,16.0,0.8,0.6,0.5,3.99,4.88,4.94,4.47,3.0,0.78,22.0,0.7,0.7,0.5,73.0,76.3,83.6,78.2,3.0,8.0,22.0,0.7,0.5,9.07,11.85,16.09,13.03,6.0,5.26,16.0,0.8,0.6,0.5,6.95,9.46,14.67,10.88,6.0,5.02,16.0,0.8,0.6,0.5,-7.59,-2.64,6.65,-1.33,6.0,7.88,16.0,0.8,0.6,0.5,1006.58,1011.5,1018.11,1012.48,6.0,8.78,16.0,0.8,0.6,0.5,1.9,5.0,8.0,4.8,5.0,3.4,20.0,0.8,0.5,0.5,63.2,120.1,233.8,163.3,6.0,146.1,16.0,0.8,0.6,0.5,-106.8,-21.6,71.6,-29.7,6.0,132.2,16.0,0.8,0.6,0.5,3.55,3.65,3.75,3.65,2.0,0.21,24.0,0.5,0.6,0.5,44.0,61.0,78.0,61.0,2.0,35.2,24.0,0.5,0.6,0.5,2.39,2.62,2.85,2.62,2.0,0.47,24.0,0.5,0.6,0.5,30.4,45.1,59.9,45.1,2.0,30.5,24.0,0.5,0.6,0.5,44.1,71.2,100.4,71.5,6.0,30.0,16.0,0.8,0.6,0.5,-40.9,-13.2,61.8,5.8,6.0,55.8,16.0,0.8,0.6,0.5,47.5,65.4,68.6,58.2,3.0,16.7,22.0,0.7,0.7,0.5,-38.0,-32.9,-10.4,-24.4,3.0,21.5,22.0,0.7,0.7,0.5,24.4,37.9,51.5,37.9,2.0,28.1,24.0,0.5,0.6,0.5,-30.5,-24.3,-18.0,-24.3,2.0,12.9,24.0,0.5,0.6,0.5,752.0,1749.5,4753.0,3230.5,6.0,4182.5,16.0,0.8,0.6,0.5,750.0,1750.0,4755.0,3230.0,6.0,4185.0,16.0,0.8,0.6,0.5
1974,2,208.0,45.0,6.59,7.75,8.1,7.33,6.0,1.25,10.0,0.5,0.6,0.3,7.9,8.0,9.51,8.39,7.0,1.31,12.0,0.4,0.5,0.3,5.71,6.09,6.23,5.93,6.0,0.66,10.0,0.5,0.6,0.3,78.0,83.0,94.3,84.9,6.0,10.3,10.0,0.5,0.3,8.32,9.8,12.78,10.3,8.0,2.02,10.0,0.4,0.5,0.3,-6.05,1.83,6.09,0.74,8.0,5.88,10.0,0.4,0.5,0.3,5.19,8.43,11.57,8.02,8.0,4.06,10.0,0.4,0.5,0.3,1016.26,1019.0,1022.72,1017.07,7.0,11.93,10.0,0.4,0.5,0.3,6.1,7.5,8.0,6.8,8.0,2.1,10.0,0.4,0.5,0.3,-55.3,19.6,61.2,9.4,8.0,59.8,10.0,0.4,0.5,0.3,49.7,79.4,143.3,88.4,8.0,54.0,10.0,0.4,0.5,0.3,-2.16,-1.0,-0.4,-1.45,6.0,1.67,10.0,0.5,0.6,0.3,-23.6,-10.0,-3.9,-16.6,6.0,22.1,10.0,0.5,0.6,0.3,-0.12,0.37,0.97,0.42,6.0,0.71,10.0,0.5,0.6,0.3,-1.5,3.5,9.1,4.0,6.0,8.3,10.0,0.5,0.6,0.3,-27.8,16.4,50.4,13.9,7.0,39.7,12.0,0.4,0.5,0.3,58.6,87.0,94.1,78.5,7.0,28.0,12.0,0.4,0.5,0.3,-22.1,9.7,29.3,4.2,6.0,29.6,10.0,0.5,0.6,0.3,46.1,55.0,73.7,58.3,6.0,12.7,10.0,0.5,0.6,0.3,-2.4,0.4,1.9,0.1,6.0,2.2,10.0,0.5,0.6,0.3,-1.4,3.2,8.7,3.9,6.0,8.1,10.0,0.5,0.6,0.3,579.5,941.0,2091.0,1204.0,8.0,681.5,10.0,0.4,0.5,0.3,580.0,940.0,2090.0,1205.0,8.0,680.0,10.0,0.4,0.5,0.3
1974,2,208.0,46.0,4.85,5.6,6.35,5.6,2.0,1.56,14.0,0.5,0.3,0.6,7.03,7.1,7.17,7.1,2.0,0.14,14.0,0.5,0.3,0.6,4.29,4.74,5.19,4.74,2.0,0.93,14.0,0.5,0.3,0.6,67.9,75.7,83.5,75.7,2.0,16.2,14.0,0.5,0.6,9.7,10.55,11.4,10.55,2.0,1.77,14.0,0.5,0.3,0.6,-1.92,2.63,7.18,2.63,2.0,9.43,14.0,0.5,0.3,0.6,1.76,5.54,9.33,5.54,2.0,7.84,14.0,0.5,0.3,0.6,1002.14,1006.75,1011.36,1006.75,2.0,9.55,14.0,0.5,0.3,0.6,2.0,2.0,2.0,2.0,1.0,0.0,14.0,1.0,0.1,0.7,-26.3,19.4,65.2,19.4,2.0,94.8,14.0,0.5,0.3,0.6,20.8,65.4,110.1,65.4,2.0,92.5,14.0,0.5,0.3,0.6,-2.18,-1.5,-0.82,-1.5,2.0,1.41,14.0,0.5,0.3,0.6,-25.6,-17.1,-8.6,-17.1,2.0,17.6,14.0,0.5,0.3,0.6,0.17,0.94,1.71,0.94,2.0,1.59,14.0,0.5,0.3,0.6,1.2,8.5,15.8,8.5,2.0,15.1,14.0,0.5,0.3,0.6,-13.1,19.4,51.9,19.4,2.0,67.3,14.0,0.5,0.3,0.6,12.3,38.8,65.3,38.8,2.0,54.9,14.0,0.5,0.3,0.6,-12.3,8.1,28.5,8.1,2.0,42.3,14.0,0.5,0.3,0.6,9.5,29.9,50.3,29.9,2.0,42.3,14.0,0.5,0.3,0.6,3.7,10.0,16.3,10.0,2.0,13.1,14.0,0.5,0.3,0.6,-1.7,-1.0,-0.3,-1.0,2.0,1.5,14.0,0.5,0.3,0.6,937.5,1223.5,1510.0,1223.5,2.0,593.0,14.0,0.5,0.3,0.6,935.0,1225.0,1510.0,1225.0,2.0,595.0,14.0,0.5,0.3,0.6
1974,2,208.0,47.0,5.0,5.5,6.0,5.39,9.0,1.11,14.0,0.2,0.7,0.4,2.0,5.0,7.07,4.38,9.0,2.93,14.0,0.2,0.7,0.4,3.33,4.73,5.77,4.6,8.0,1.18,16.0,0.3,0.7,0.4,81.0,87.2,95.6,87.3,8.0,7.6,16.0,0.3,0.4,8.2,10.3,12.47,10.68,9.0,3.91,14.0,0.2,0.7,0.4,1.69,6.45,9.74,6.8,9.0,5.55,14.0,0.2,0.7,0.4,-9.08,-5.27,5.68,-2.18,9.0,7.44,14.0,0.2,0.7,0.4,1003.85,1012.0,1016.1,1010.61,9.0,6.18,14.0,0.2,0.7,0.4,6.1,8.0,8.0,7.4,8.0,0.9,16.0,0.3,0.7,0.4,13.9,83.2,102.7,89.2,9.0,99.6,14.0,0.2,0.7,0.4,-127.4,-43.2,41.3,-41.8,9.0,89.8,14.0,0.2,0.7,0.4,-1.15,-0.5,3.87,1.01,9.0,3.05,14.0,0.2,0.7,0.4,-11.1,-4.1,45.2,20.0,9.0,49.5,14.0,0.2,0.7,0.4,-0.23,0.63,2.44,0.98,8.0,1.23,16.0,0.3,0.7,0.4,-2.2,5.8,28.0,14.1,8.0,19.2,16.0,0.3,0.7,0.4,-10.4,17.3,34.6,19.2,9.0,28.2,14.0,0.2,0.7,0.4,-25.3,9.8,36.3,7.1,9.0,33.0,14.0,0.2,0.7,0.4,2.6,30.6,51.2,28.1,8.0,24.9,16.0,0.3,0.7,0.4,-30.9,-6.4,33.2,-1.2,8.0,33.9,16.0,0.3,0.7,0.4,0.1,2.5,20.7,10.2,8.0,16.0,16.0,0.3,0.7,0.4,-21.6,-2.8,1.0,-8.0,8.0,12.1,16.0,0.3,0.7,0.4,551.5,1092.5,1957.0,1714.5,9.0,2220.5,14.0,0.2,0.7,0.4,550.0,1095.0,1955.0,1715.0,9.0,2220.0,14.0,0.2,0.7,0.4
1974,2,208.0,48.0,5.19,5.6,5.87,5.53,3.0,0.5,20.0,0.3,0.9,0.3,2.34,5.0,6.37,4.37,3.0,3.0,20.0,0.3,0.9,0.3,3.72,4.58,5.68,4.7,3.0,1.44,20.0,0.3,0.9,0.3,82.3,85.1,95.3,88.7,3.0,10.0,20.0,0.3,0.3,8.14,12.3,16.19,12.17,3.0,5.9,20.0,0.3,0.9,0.3,0.87,9.42,10.89,5.96,3.0,7.92,20.0,0.3,0.9,0.3,-11.92,-7.91,1.16,-5.44,3.0,9.81,20.0,0.3,0.9,0.3,1011.45,1015.0,1015.68,1013.6,3.0,3.33,20.0,0.3,0.9,0.3,4.6,6.0,7.4,6.0,2.0,2.8,26.0,0.5,0.9,0.1,23.7,115.9,178.9,101.6,3.0,114.4,20.0,0.3,0.9,0.3,-200.3,-97.2,-8.1,-104.1,3.0,140.9,20.0,0.3,0.9,0.3,-0.68,0.0,3.07,1.17,3.0,2.93,20.0,0.3,0.9,0.3,-4.2,0.0,55.3,24.9,3.0,48.7,20.0,0.3,0.9,0.3,-0.03,0.81,1.84,0.91,3.0,1.37,20.0,0.3,0.9,0.3,1.4,9.9,31.7,16.4,3.0,22.9,20.0,0.3,0.9,0.3,-10.8,12.7,36.2,12.7,3.0,34.4,20.0,0.3,0.9,0.3,-31.8,-15.2,20.8,-5.7,3.0,39.4,20.0,0.3,0.9,0.3,-0.9,38.4,41.6,20.8,3.0,34.7,20.0,0.3,0.9,0.3,-42.8,-36.2,11.2,-16.3,3.0,43.1,20.0,0.3,0.9,0.3,3.3,7.6,20.8,11.9,3.0,13.3,20.0,0.3,0.9,0.3,-23.9,-6.4,-3.5,-13.5,3.0,16.1,20.0,0.3,0.9,0.3,753.5,1861.0,4571.5,2643.5,3.0,2878.0,20.0,0.3,0.9,0.3,755.0,1860.0,4570.0,2645.0,3.0,2880.0,20.0,0.3,0.9,0.3
1974,2,208.0,49.0,4.63,6.0,7.0,5.83,4.0,1.39,16.0,0.3,0.7,0.3,2.85,3.95,5.52,4.18,4.0,1.58,16.0,0.3,0.7,0.3,3.58,4.29,5.01,4.3,4.0,1.02,16.0,0.3,0.7,0.3,68.6,82.1,96.1,82.3,4.0,16.3,16.0,0.3,0.3,7.31,11.6,14.21,10.8,4.0,4.63,16.0,0.3,0.7,0.3,-2.7,0.0,5.85,1.51,4.0,6.89,16.0,0.3,0.7,0.3,0.66,7.69,12.31,6.54,4.0,8.33,16.0,0.3,0.7,0.3,978.34,993.6,1010.95,994.6,4.0,19.93,16.0,0.3,0.7,0.3,5.4,8.0,8.0,6.8,4.0,2.5,16.0,0.3,0.7,0.3,-27.8,0.0,75.5,22.8,4.0,84.7,16.0,0.3,0.7,0.3,28.5,87.5,168.0,97.8,4.0,106.2,16.0,0.3,0.7,0.3,1.19,1.7,2.1,1.65,4.0,0.55,16.0,0.3,0.7,0.3,9.5,16.8,27.6,18.5,4.0,11.8,16.0,0.3,0.7,0.3,1.01,1.61,2.07,1.54,4.0,0.63,16.0,0.3,0.7,0.3,9.1,14.2,22.4,15.7,4.0,8.1,16.0,0.3,0.7,0.3,-13.5,0.0,35.1,10.3,4.0,39.7,16.0,0.3,0.7,0.3,11.4,40.9,43.9,28.3,4.0,27.9,16.0,0.3,0.7,0.3,-15.0,0.0,24.4,4.5,4.0,31.1,16.0,0.3,0.7,0.3,5.4,38.2,59.2,32.6,4.0,35.4,16.0,0.3,0.7,0.3,-2.2,0.0,11.8,4.5,4.0,12.1,16.0,0.3,0.7,0.3,-1.6,10.2,15.9,7.3,4.0,12.2,16.0,0.3,0.7,0.3,571.0,1619.5,2935.5,1747.5,4.0,1521.0,16.0,0.3,0.7,0.3,570.0,1620.0,2935.0,1745.0,4.0,1520.0,16.0,0.3,0.7,0.3
1974,2,208.0,50.0,4.0,4.0,4.81,4.34,5.0,0.48,14.0,0.2,0.5,0.4,-0.21,3.6,4.69,2.68,6.0,2.59,16.0,0.2,0.5,0.4,3.43,4.27,4.74,4.15,5.0,0.82,14.0,0.2,0.5,0.4,83.2,88.6,96.1,89.7,5.0,7.4,14.0,0.2,0.4,10.95,13.15,13.52,12.2,6.0,2.32,16.0,0.2,0.5,0.4,1.78,11.35,12.88,8.59,6.0,5.91,16.0,0.2,0.5,0.4,-7.94,-2.29,4.79,-2.04,6.0,7.45,16.0,0.2,0.5,0.4,991.97,997.9,1001.26,997.38,6.0,6.72,16.0,0.2,0.5,0.4,7.0,7.5,8.0,7.5,4.0,0.6,16.0,0.3,0.5,0.3,22.9,143.2,174.4,113.3,6.0,80.0,16.0,0.2,0.5,0.4,-105.1,-30.7,50.0,-34.7,6.0,86.3,16.0,0.2,0.5,0.4,-0.02,0.8,4.37,1.92,5.0,2.42,14.0,0.2,0.5,0.4,0.7,9.4,58.5,26.0,5.0,32.0,14.0,0.2,0.5,0.4,0.6,0.93,1.71,1.1,5.0,0.69,14.0,0.2,0.5,0.4,6.8,13.1,22.9,14.3,5.0,9.7,14.0,0.2,0.5,0.4,-2.6,4.5,41.2,15.8,6.0,28.2,16.0,0.2,0.5,0.4,-10.5,2.3,18.8,1.4,6.0,30.0,16.0,0.2,0.5,0.4,23.4,45.1,52.7,38.3,5.0,23.2,14.0,0.2,0.5,0.4,-18.2,0.0,25.8,4.1,5.0,25.5,14.0,0.2,0.5,0.4,5.8,13.1,20.8,13.0,5.0,9.0,14.0,0.2,0.5,0.4,-9.4,0.0,2.1,-3.1,5.0,6.9,14.0,0.2,0.5,0.4,1398.0,2276.5,2476.0,1967.0,6.0,825.5,16.0,0.2,0.5,0.4,1400.0,2275.0,2475.0,1965.0,6.0,825.0,16.0,0.2,0.5,0.4
1974,2,208.0,51.0,3.54,4.25,5.0,4.57,10.0,1.4,14.0,0.4,0.6,0.5,1.0,3.0,5.21,2.82,11.0,2.51,14.0,0.4,0.6,0.6,3.32,4.58,4.98,4.23,6.0,0.96,12.0,0.5,0.5,0.7,75.6,84.3,87.2,81.9,6.0,9.0,12.0,0.5,0.7,6.84,10.65,15.19,10.94,10.0,4.21,14.0,0.4,0.6,0.6,3.55,7.01,12.94,7.55,10.0,5.59,14.0,0.4,0.6,0.6,-6.03,-0.36,6.1,0.33,10.0,7.48,14.0,0.4,0.6,0.6,991.31,1002.85,1011.77,1001.42,10.0,11.32,12.0,0.4,0.5,0.6,7.4,8.0,8.0,7.7,10.0,0.7,14.0,0.4,0.6,0.5,22.1,61.3,179.0,90.2,10.0,95.8,14.0,0.4,0.6,0.6,-62.5,-1.5,63.0,7.6,10.0,101.4,14.0,0.4,0.6,0.6,-1.0,1.5,3.79,1.27,10.0,2.17,14.0,0.4,0.6,0.5,-14.1,14.9,27.1,8.6,9.0,22.1,14.0,0.4,0.6,0.6,0.21,0.73,2.08,1.06,6.0,1.04,12.0,0.5,0.5,0.7,3.1,9.8,17.8,10.4,6.0,8.3,12.0,0.5,0.5,0.7,-2.0,12.5,41.4,19.5,10.0,28.7,14.0,0.4,0.6,0.6,-7.2,0.5,30.8,11.8,10.0,32.5,14.0,0.4,0.6,0.6,9.5,26.7,45.4,27.6,6.0,28.4,12.0,0.5,0.5,0.7,-8.2,1.4,49.2,16.7,6.0,34.7,12.0,0.5,0.5,0.7,0.1,7.9,17.3,8.7,6.0,9.2,12.0,0.5,0.5,0.7,-1.6,1.5,4.1,0.8,6.0,4.5,12.0,0.5,0.5,0.7,332.0,1221.5,3505.0,1820.5,10.0,1593.0,14.0,0.4,0.6,0.6,330.0,1220.0,3505.0,1820.0,10.0,1595.0,14.0,0.4,0.6,0.6
1974,2,208.0,52.0,2.53,4.0,5.44,4.04,14.0,1.25,14.0,0.6,0.6,0.4,1.25,4.5,5.13,3.88,12.0,2.51,14.0,0.7,0.6,0.4,3.4,4.67,5.0,4.43,12.0,0.95,14.0,0.7,0.6,0.4,81.5,85.7,92.6,86.1,12.0,6.0,14.0,0.7,0.4,9.52,12.9,17.67,13.71,15.0,4.23,14.0,0.6,0.5,0.4,6.02,7.89,14.12,10.04,15.0,4.63,14.0,0.6,0.5,0.4,-6.78,6.28,11.39,2.93,15.0,8.98,14.0,0.6,0.5,0.4,993.11,1000.0,1004.89,999.72,15.0,6.83,14.0,0.6,0.5,0.4,6.2,8.0,8.0,7.1,15.0,1.6,14.0,0.6,0.5,0.4,61.9,93.1,239.6,152.0,15.0,117.3,14.0,0.6,0.5,0.4,-77.8,56.3,150.1,42.4,15.0,145.2,14.0,0.6,0.5,0.4,-1.0,0.5,2.24,0.77,11.0,2.09,14.0,0.6,0.6,0.4,-14.0,8.7,26.7,8.2,11.0,24.6,14.0,0.6,0.6,0.4,0.41,0.77,1.4,0.93,11.0,0.78,14.0,0.6,0.6,0.4,6.2,10.1,17.8,11.6,11.0,9.2,14.0,0.6,0.6,0.4,8.4,30.9,65.6,34.8,12.0,26.6,14.0,0.7,0.6,0.4,-5.5,37.3,63.0,31.5,12.0,33.7,14.0,0.7,0.6,0.4,22.1,30.3,60.0,39.2,12.0,20.7,14.0,0.7,0.6,0.4,-20.3,37.0,59.3,27.9,12.0,36.0,14.0,0.7,0.6,0.4,3.7,6.5,12.6,7.5,11.0,6.2,14.0,0.6,0.6,0.4,-7.3,3.3,11.1,1.2,11.0,11.4,14.0,0.6,0.6,0.4,868.5,2146.5,5535.0,3309.0,15.0,3189.0,14.0,0.6,0.5,0.4,870.0,2145.0,5535.0,3310.0,15.0,3190.0,14.0,0.6,0.5,0.4
1974,2,208.0,53.0,3.0,3.75,4.0,3.76,14.0,0.82,12.0,0.6,0.7,0.5,-0.81,3.9,5.0,2.88,14.0,2.89,10.0,0.7,0.7,0.5,4.03,4.37,4.74,4.33,12.0,0.55,10.0,0.7,0.7,0.4,81.5,87.4,94.5,87.3,12.0,9.2,10.0,0.7,0.4,5.92,9.3,17.78,11.61,15.0,6.15,12.0,0.7,0.7,0.5,-5.27,5.98,13.73,5.05,15.0,8.43,12.0,0.7,0.7,0.5,-10.87,1.25,6.64,-0.18,15.0,9.15,12.0,0.7,0.7,0.5,990.48,1004.0,1013.86,1001.65,15.0,10.57,12.0,0.7,0.7,0.5,6.0,7.0,8.0,7.2,13.0,0.8,12.0,0.6,0.7,0.5,-37.9,44.9,225.3,88.4,15.0,153.6,12.0,0.7,0.7,0.5,-153.1,9.0,61.2,-24.9,15.0,169.1,12.0,0.7,0.7,0.5,-2.0,-1.0,1.88,0.52,13.0,2.83,10.0,0.7,0.7,0.5,-12.7,-5.7,30.3,17.2,13.0,56.2,10.0,0.7,0.7,0.5,0.23,0.5,0.99,0.67,12.0,0.62,10.0,0.7,0.7,0.4,1.7,3.6,16.3,9.4,12.0,14.5,10.0,0.7,0.7,0.4,-37.0,6.0,21.5,-1.3,14.0,31.8,10.0,0.7,0.7,0.5,0.4,16.3,38.1,21.6,14.0,25.2,10.0,0.7,0.7,0.5,-31.0,21.3,35.4,10.6,12.0,30.7,10.0,0.7,0.7,0.4,-5.6,12.4,33.0,12.3,12.0,29.5,10.0,0.7,0.7,0.4,-0.7,2.4,8.0,5.0,12.0,9.9,10.0,0.7,0.7,0.4,-0.7,0.4,5.6,-0.4,12.0,13.4,10.0,0.7,0.7,0.4,211.0,804.5,5628.0,2958.0,15.0,4184.5,12.0,0.7,0.7,0.5,210.0,805.0,5630.0,2960.0,15.0,4185.0,12.0,0.7,0.7,0.5
1974,2,208.0,54.0,2.27,5.0,6.0,4.34,9.0,1.77,14.0,0.6,0.6,0.3,-3.38,1.0,5.63,0.61,12.0,4.05,16.0,0.6,0.6,0.3,2.42,3.94,4.75,3.7,7.0,1.17,12.0,0.7,0.5,0.3,83.4,92.2,100.0,91.8,8.0,8.2,12.0,0.8,0.3,3.47,7.2,12.25,8.44,12.0,5.99,16.0,0.6,0.6,0.3,0.0,3.08,8.73,4.38,12.0,6.74,16.0,0.6,0.6,0.3,-3.54,0.0,6.65,0.8,12.0,6.82,16.0,0.6,0.6,0.3,987.33,1002.0,1007.03,998.89,11.0,10.56,16.0,0.5,0.6,0.3,6.2,7.0,8.0,6.7,11.0,2.1,16.0,0.5,0.6,0.3,0.0,15.0,80.1,52.2,12.0,136.5,16.0,0.6,0.6,0.3,-35.8,0.0,46.5,-1.7,12.0,110.2,16.0,0.6,0.6,0.3,-0.78,1.0,7.52,2.26,9.0,4.22,14.0,0.6,0.6,0.3,-12.6,3.6,23.4,7.3,9.0,20.9,14.0,0.6,0.6,0.3,0.22,0.37,1.03,0.61,4.0,0.65,8.0,0.8,0.6,0.3,1.1,1.2,6.1,3.5,4.0,4.7,8.0,0.8,0.6,0.3,-30.6,-3.9,3.5,-10.4,12.0,34.2,16.0,0.6,0.6,0.3,-0.5,6.5,45.1,17.4,12.0,23.2,16.0,0.6,0.6,0.3,0.0,9.4,26.6,15.2,7.0,16.8,12.0,0.7,0.5,0.3,-17.8,11.2,25.4,5.7,7.0,23.0,12.0,0.7,0.5,0.3,0.0,0.3,2.2,1.1,4.0,1.7,8.0,0.8,0.6,0.3,0.9,1.2,5.8,3.3,4.0,4.4,8.0,0.8,0.6,0.3,42.5,378.5,2081.5,1666.0,12.0,3351.0,16.0,0.6,0.6,0.3,40.0,380.0,2080.0,1665.0,12.0,3350.0,16.0,0.6,0.6,0.3
1974,2,208.0,55.0,3.24,4.25,5.0,4.13,6.0,0.85,12.0,0.7,0.6,0.3,-0.35,0.5,1.52,0.63,6.0,1.72,12.0,0.7,0.6,0.3,3.1,3.39,3.8,3.5,5.0,0.59,10.0,0.6,0.6,0.4,82.0,82.8,86.1,84.3,5.0,4.2,10.0,0.6,0.4,9.06,10.3,14.53,12.0,6.0,5.8,12.0,0.7,0.6,0.3,5.95,9.43,12.83,9.18,6.0,4.4,12.0,0.7,0.6,0.3,-10.22,-2.53,1.2,-4.2,6.0,8.05,12.0,0.7,0.6,0.3,997.36,1003.55,1011.12,1003.05,6.0,9.23,12.0,0.7,0.6,0.3,5.5,7.0,8.0,6.8,4.0,1.5,12.0,0.8,0.6,0.4,62.2,92.4,190.9,127.9,6.0,114.3,12.0,0.7,0.6,0.3,-155.3,-24.8,7.5,-85.3,6.0,163.8,12.0,0.7,0.6,0.3,1.9,4.0,4.6,3.5,6.0,1.41,12.0,0.7,0.6,0.3,19.1,41.7,62.9,46.5,6.0,37.0,12.0,0.7,0.6,0.3,1.2,1.93,2.08,1.68,5.0,0.51,10.0,0.6,0.6,0.4,11.3,18.9,22.4,17.1,5.0,7.4,10.0,0.6,0.6,0.4,-5.2,3.5,8.4,0.2,6.0,13.4,12.0,0.7,0.6,0.3,-1.7,0.0,22.4,7.0,6.0,14.8,12.0,0.7,0.6,0.3,18.4,28.6,34.2,26.7,5.0,11.7,10.0,0.6,0.6,0.4,-16.9,-5.3,9.6,-3.5,5.0,19.7,10.0,0.6,0.6,0.4,6.6,18.6,21.6,15.0,5.0,9.2,10.0,0.6,0.6,0.4,-8.6,-3.3,2.0,-3.2,5.0,6.4,10.0,0.6,0.6,0.4,796.0,1100.5,4022.0,2928.0,6.0,4634.0,12.0,0.7,0.6,0.3,795.0,1100.0,4020.0,2930.0,6.0,4635.0,12.0,0.7,0.6,0.3
1974,2,208.0,56.0,3.91,4.4,4.6,4.3,36.0,0.65,18.0,0.5,0.3,0.6,-4.0,1.75,4.13,0.93,36.0,3.5,18.0,0.5,0.3,0.6,4.78,4.78,4.78,4.78,1.0,0.0,2.0,1.0,0.2,0.9,100.0,100.0,100.0,100.0,1.0,0.0,2.0,1.0,0.9,5.0,9.35,13.94,9.18,36.0,4.45,18.0,0.5,0.3,0.6,-2.08,2.42,7.27,2.8,36.0,5.64,18.0,0.5,0.3,0.6,-12.05,-4.81,2.54,-4.71,36.0,6.6,18.0,0.5,0.3,0.6,987.53,993.1,996.9,992.6,37.0,6.99,18.0,0.5,0.3,0.6,4.0,7.5,8.0,6.5,36.0,2.1,18.0,0.5,0.3,0.6,-10.5,17.6,75.6,37.5,36.0,85.0,18.0,0.5,0.3,0.6,-152.9,-25.3,12.6,-57.3,36.0,83.3,18.0,0.5,0.3,0.6,0.44,3.0,8.22,3.5,35.0,3.49,18.0,0.5,0.3,0.6,3.3,16.5,61.6,29.0,34.0,34.1,18.0,0.5,0.3,0.6,0.17,0.17,0.17,0.17,1.0,0.0,2.0,1.0,0.2,0.9,0.7,0.7,0.7,0.7,1.0,0.0,2.0,1.0,0.2,0.9,-14.7,0.0,16.6,2.9,35.0,23.3,18.0,0.5,0.3,0.6,-39.8,0.0,22.0,-4.3,35.0,30.9,18.0,0.5,0.3,0.6,-16.6,-16.6,-16.6,-16.6,1.0,0.0,2.0,1.0,0.2,0.9,9.6,9.6,9.6,9.6,1.0,0.0,2.0,1.0,0.2,0.9,-0.6,-0.6,-0.6,-0.6,1.0,0.0,2.0,1.0,0.2,0.9,0.3,0.3,0.3,0.3,1.0,0.0,2.0,1.0,0.2,0.9,125.0,829.5,2711.5,1324.5,36.0,1610.0,18.0,0.5,0.3,0.6,125.0,830.0,2710.0,1325.0,36.0,1610.0,18.0,0.5,0.3,0.6
1974,2,208.0,57.0,3.89,4.5,5.11,4.39,19.0,0.62,16.0,0.5,0.7,0.1,-1.47,1.5,3.28,1.14,21.0,2.7,16.0,0.5,0.7,0.2,2.75,2.99,3.22,2.99,2.0,0.49,12.0,0.5,0.6,0.4,77.5,78.4,79.4,78.4,2.0,1.9,12.0,0.5,0.4,6.02,8.45,14.95,9.63,20.0,4.24,16.0,0.6,0.7,0.2,-2.04,2.63,7.49,2.35,20.0,4.71,16.0,0.6,0.7,0.2,-12.98,-7.24,1.24,-5.99,20.0,7.07,16.0,0.6,0.7,0.2,988.8,994.9,1007.6,996.84,22.0,11.38,16.0,0.5,0.7,0.2,3.0,7.0,8.0,6.0,22.0,2.1,16.0,0.5,0.7,0.2,-11.6,19.4,76.9,28.6,20.0,56.1,16.0,0.6,0.7,0.2,-194.1,-57.3,8.9,-76.3,20.0,101.3,16.0,0.6,0.7,0.2,0.99,2.65,5.8,3.06,18.0,2.75,16.0,0.6,0.8,0.1,6.0,21.0,47.9,31.2,16.0,36.9,18.0,0.6,0.8,0.2,1.56,1.56,1.56,1.56,1.0,0.0,12.0,0.0,0.5,0.5,12.8,12.8,12.8,12.8,1.0,0.0,12.0,0.0,0.5,0.5,-18.7,0.0,8.7,-0.8,19.0,18.1,16.0,0.6,0.8,0.2,-31.4,0.0,17.7,-5.6,19.0,32.6,16.0,0.6,0.8,0.2,-1.8,4.6,10.9,4.6,2.0,13.2,12.0,0.5,0.6,0.4,-25.3,-21.8,-18.2,-21.8,2.0,7.3,12.0,0.5,0.6,0.4,-2.2,-2.2,-2.2,-2.2,1.0,0.0,12.0,0.0,0.5,0.5,-12.6,-12.6,-12.6,-12.6,1.0,0.0,12.0,0.0,0.5,0.5,218.5,605.0,3350.0,1402.0,20.0,1582.5,16.0,0.6,0.7,0.2,220.0,605.0,3350.0,1400.0,20.0,1580.0,16.0,0.6,0.7,0.2
1974,2,208.0,58.0,3.78,4.4,4.4,4.17,7.0,0.45,12.0,0.4,0.5,0.2,-3.49,-0.5,3.81,-0.3,7.0,4.27,12.0,0.4,0.5,0.2,1.96,2.62,3.39,2.67,6.0,0.75,12.0,0.5,0.5,0.2,57.6,78.9,91.2,74.4,6.0,22.8,12.0,0.5,0.2,5.53,10.3,18.02,10.89,7.0,6.52,12.0,0.4,0.5,0.2,-0.63,5.36,15.67,6.91,7.0,9.0,12.0,0.4,0.5,0.2,-6.46,-1.95,2.5,-1.17,7.0,6.51,12.0,0.4,0.5,0.2,968.53,977.4,1003.46,983.26,7.0,17.55,12.0,0.4,0.5,0.2,4.2,7.0,8.0,6.0,5.0,2.9,12.0,0.6,0.5,0.3,-2.5,30.5,282.6,119.6,7.0,149.6,12.0,0.4,0.5,0.2,-119.2,-11.1,17.5,-35.6,7.0,90.3,12.0,0.4,0.5,0.2,0.36,4.9,7.96,4.47,7.0,4.32,12.0,0.4,0.5,0.2,6.2,13.7,92.1,42.4,7.0,49.0,12.0,0.4,0.5,0.2,1.86,2.78,3.31,2.59,6.0,0.85,12.0,0.5,0.5,0.2,11.9,27.3,42.1,28.9,6.0,20.1,12.0,0.5,0.5,0.2,-39.5,-8.7,9.5,-6.4,7.0,36.3,12.0,0.4,0.5,0.2,-5.9,7.0,18.4,5.7,7.0,22.9,12.0,0.4,0.5,0.2,4.8,20.0,47.8,24.8,6.0,23.5,12.0,0.5,0.5,0.2,-17.9,-10.1,10.9,-3.0,6.0,21.3,12.0,0.5,0.5,0.2,1.6,25.7,38.7,23.4,6.0,21.1,12.0,0.5,0.5,0.2,-16.4,-9.3,8.1,-7.1,6.0,15.6,12.0,0.5,0.5,0.2,177.0,1092.5,5856.0,2477.5,7.0,2762.0,12.0,0.4,0.5,0.2,175.0,1095.0,5855.0,2475.0,7.0,2760.0,12.0,0.4,0.5,0.2
1974,2,208.0,59.0,2.2,2.2,4.52,3.33,3.0,1.96,18.0,0.3,0.2,0.0,-2.36,3.1,3.9,0.88,4.0,5.04,20.0,0.3,0.2,0.1,2.81,3.18,3.55,3.18,2.0,0.76,18.0,0.0,0.1,0.3,56.9,67.0,77.1,67.0,2.0,20.8,18.0,0.0,0.3,6.2,6.2,10.02,8.07,3.0,3.23,18.0,0.0,0.1,0.2,-6.44,-3.99,0.18,-3.15,3.0,4.91,18.0,0.0,0.1,0.2,-8.02,-5.83,-5.09,-6.54,3.0,2.23,18.0,0.0,0.1,0.2,989.98,995.25,1004.87,997.33,4.0,9.64,20.0,0.3,0.2,0.1,7.0,7.5,8.0,7.5,4.0,0.6,20.0,0.3,0.2,0.1,-68.9,-24.7,1.1,-33.7,3.0,51.9,18.0,0.0,0.1,0.2,-84.3,-36.1,-31.6,-57.4,3.0,42.8,18.0,0.0,0.1,0.2,-0.11,3.3,7.05,3.47,3.0,5.25,18.0,0.3,0.2,0.0,-5.6,5.0,15.5,5.0,2.0,21.9,16.0,0.0,0.1,0.0,2.03,2.03,2.03,2.03,1.0,0.0,10.0,0.0,0.2,0.0,12.6,12.6,12.6,12.6,1.0,0.0,10.0,0.0,0.2,0.0,-25.1,-15.5,-1.6,-13.4,3.0,17.3,18.0,0.0,0.1,0.2,-29.9,-18.5,-15.0,-22.4,3.0,11.4,18.0,0.0,0.1,0.2,-15.6,-6.1,3.5,-6.1,2.0,19.8,18.0,0.0,0.1,0.3,-23.5,-22.8,-22.0,-22.8,2.0,1.6,18.0,0.0,0.1,0.3,4.3,4.3,4.3,4.3,1.0,0.0,10.0,0.0,0.2,0.0,-11.8,-11.8,-11.8,-11.8,1.0,0.0,10.0,0.0,0.2,0.0,238.5,238.5,1197.0,706.5,3.0,811.0,18.0,0.0,0.1,0.2,240.0,240.0,1195.0,705.0,3.0,810.0,18.0,0.0,0.1,0.2
1974,2,209.0,-61.0,1.1,1.25,1.3,1.22,6.0,0.1,10.0,0.7,0.5,0.5,1.8,2.0,2.34,2.02,6.0,0.38,10.0,0.7,0.5,0.5,3.39,3.57,4.06,3.73,5.0,0.48,8.0,0.6,0.5,0.6,75.3,77.7,90.2,82.2,5.0,9.3,8.0,0.6,0.6,6.66,10.25,15.14,10.78,6.0,5.0,10.0,0.7,0.5,0.5,-1.84,7.97,13.11,6.44,6.0,7.98,10.0,0.7,0.5,0.5,-7.09,2.7,7.57,1.24,6.0,7.02,10.0,0.7,0.5,0.5,964.42,972.5,987.5,975.76,5.0,13.88,8.0,0.6,0.5,0.6,5.0,7.0,8.0,6.5,4.0,1.9,10.0,0.8,0.4,0.6,-14.1,80.6,200.4,96.4,6.0,123.7,10.0,0.7,0.5,0.5,-52.5,30.2,115.7,36.1,6.0,87.6,10.0,0.7,0.5,0.5,-1.08,-0.8,-0.58,-0.8,6.0,0.43,10.0,0.7,0.5,0.5,-12.9,-6.5,-2.9,-8.2,6.0,6.7,10.0,0.7,0.5,0.5,0.3,0.59,0.89,0.56,5.0,0.44,8.0,0.6,0.5,0.6,2.3,7.1,9.1,5.8,5.0,4.4,8.0,0.6,0.5,0.6,-4.0,15.2,24.5,12.2,6.0,15.6,10.0,0.7,0.5,0.5,-14.6,5.4,13.7,1.8,6.0,14.3,10.0,0.7,0.5,0.5,-8.7,15.2,49.9,19.8,5.0,31.5,8.0,0.6,0.5,0.6,-27.1,2.7,28.8,1.2,5.0,29.4,8.0,0.6,0.5,0.6,-1.2,4.3,7.9,3.4,5.0,5.1,8.0,0.6,0.5,0.6,-1.8,1.1,4.5,1.0,5.0,4.4,8.0,0.6,0.5,0.6,316.5,1206.0,3573.5,1950.0,6.0,2192.0,10.0,0.7,0.5,0.5,315.0,1205.0,3575.0,1950.0,6.0,2190.0,10.0,0.7,0.5,0.5
1974,2,209.0,-60.0,,,,,,,,,,,,,,,,,,,,,,,,,,,,,,,,,,,,,,,,6.0,6.0,6.0,6.0,1.0,0.0,18.0,0.0,0.2,1.0,5.91,5.91,5.91,5.91,1.0,0.0,18.0,0.0,0.2,1.0,1.04,1.04,1.04,1.04,1.0,0.0,18.0,0.0,0.2,1.0,983.7,983.7,983.7,983.7,1.0,0.0,18.0,0.0,0.2,1.0,,,,,,,,,,,,,,,,,,,,,,,,,,,,,,,,,,,,,,,,,,,,,,,,,,,,,,,,,,,,,,,,,,,,,,,,,,,,,,,,,,,,,,,,,,,,,,,,,,,,,,,,,,,,,,,,,,,,,,,,,,,,,,,,,,,,,,,,,,,,,,,,,,,,,,
1974,2,209.0,-59.0,1.2,1.2,1.41,1.3,7.0,0.15,22.0,0.9,0.6,0.8,1.2,1.6,2.05,1.74,7.0,0.64,22.0,0.9,0.6,0.8,3.08,3.37,3.66,3.37,2.0,0.6,22.0,0.5,0.7,0.9,74.5,81.2,87.9,81.2,2.0,13.9,22.0,0.5,0.9,6.7,7.2,14.5,10.07,7.0,4.23,22.0,0.9,0.6,0.8,4.67,7.09,11.19,7.7,7.0,3.92,22.0,0.9,0.6,0.8,0.8,4.74,8.72,3.75,7.0,5.93,22.0,0.9,0.6,0.8,998.28,1002.7,1007.33,1002.8,4.0,6.63,22.0,0.8,0.7,0.9,3.0,4.5,7.0,5.0,4.0,2.4,22.0,0.8,0.7,0.9,31.3,51.1,162.5,91.2,7.0,80.8,22.0,0.9,0.6,0.8,2.1,31.7,108.2,30.8,7.0,86.3,22.0,0.9,0.6,0.8,-0.84,-0.2,0.0,-0.44,7.0,0.62,22.0,0.9,0.6,0.8,-11.6,-2.0,0.1,-4.0,7.0,5.6,22.0,0.9,0.6,0.8,0.53,0.79,1.06,0.79,2.0,0.55,22.0,0.5,0.7,0.9,6.9,7.3,7.7,7.3,2.0,0.9,22.0,0.5,0.7,0.9,7.0,13.9,21.3,13.2,7.0,7.0,22.0,0.9,0.6,0.8,3.1,7.1,14.1,7.1,7.0,8.7,22.0,0.9,0.6,0.8,16.9,32.0,47.2,32.0,2.0,31.3,22.0,0.5,0.7,0.9,-23.6,-7.1,9.4,-7.1,2.0,34.2,22.0,0.5,0.7,0.9,4.3,4.9,5.5,4.9,2.0,1.3,22.0,0.5,0.7,0.9,-1.7,1.8,5.2,1.8,2.0,7.2,22.0,0.5,0.7,0.9,301.0,373.0,3058.0,1516.5,7.0,1677.0,22.0,0.9,0.6,0.8,300.0,375.0,3060.0,1515.0,7.0,1675.0,22.0,0.9,0.6,0.8
1974,2,209.0,-58.0,,,,,,,,,,,,,,,,,,,,,,,,,,,,,,,,,,,,,,,,16.0,16.0,16.0,16.0,1.0,0.0,4.0,1.0,1.0,1.0,15.76,15.76,15.76,15.76,1.0,0.0,4.0,1.0,1.0,1.0,2.78,2.78,2.78,2.78,1.0,0.0,4.0,1.0,1.0,1.0,986.2,986.2,986.2,986.2,1.0,0.0,4.0,1.0,1.0,1.0,,,,,,,,,,,,,,,,,,,,,,,,,,,,,,,,,,,,,,,,,,,,,,,,,,,,,,,,,,,,,,,,,,,,,,,,,,,,,,,,,,,,,,,,,,,,,,,,,,,,,,,,,,,,,,,,,,,,,,,,,,,,,,,,,,,,,,,,,,,,,,,,,,,,,,
1974,2,209.0,-45.0,,,,,,,,,,,,,,,,,,,,,,,,,,,,,,,,,,,,,,,,10.0,10.0,10.0,10.0,1.0,0.0,6.0,1.0,0.5,0.7,6.43,6.43,6.43,6.43,1.0,0.0,6.0,1.0,0.5,0.7,-7.66,-7.66,-7.66,-7.66,1.0,0.0,6.0,1.0,0.5,0.7,1018.3,1018.3,1018.3,1018.3,1.0,0.0,6.0,1.0,0.5,0.7,,,,,,,,,,,,,,,,,,,,,,,,,,,,,,,,,,,,,,,,,,,,,,,,,,,,,,,,,,,,,,,,,,,,,,,,,,,,,,,,,,,,,,,,,,,,,,,,,,,,,,,,,,,,,,,,,,,,,,,,,,,,,,,,,,,,,,,,,,,,,,,,,,,,,,
1974,2,209.0,-43.0,17.2,17.2,17.2,17.2,1.0,0.0,20.0,0.0,1.0,0.6,13.3,13.3,13.3,13.3,1.0,0.0,20.0,0.0,1.0,0.6,7.45,7.45,7.45,7.45,1.0,0.0,20.0,0.0,1.0,0.6,79.9,79.9,79.9,79.9,1.0,0.0,20.0,0.0,0.6,3.1,3.1,3.1,3.1,1.0,0.0,20.0,0.0,1.0,0.6,-2.37,-2.37,-2.37,-2.37,1.0,0.0,20.0,0.0,1.0,0.6,1.99,1.99,1.99,1.99,1.0,0.0,20.0,0.0,1.0,0.6,1027.1,1027.1,1027.1,1027.1,1.0,0.0,20.0,0.0,1.0,0.6,8.0,8.0,8.0,8.0,1.0,0.0,20.0,0.0,1.0,0.6,-7.4,-7.4,-7.4,-7.4,1.0,0.0,20.0,0.0,1.0,0.6,6.2,6.2,6.2,6.2,1.0,0.0,20.0,0.0,1.0,0.6,3.9,3.9,3.9,3.9,1.0,0.0,20.0,0.0,1.0,0.6,12.1,12.1,12.1,12.1,1.0,0.0,20.0,0.0,1.0,0.6,4.57,4.57,4.57,4.57,1.0,0.0,20.0,0.0,1.0,0.6,14.2,14.2,14.2,14.2,1.0,0.0,20.0,0.0,1.0,0.6,-31.6,-31.6,-31.6,-31.6,1.0,0.0,20.0,0.0,1.0,0.6,26.5,26.5,26.5,26.5,1.0,0.0,20.0,0.0,1.0,0.6,-17.7,-17.7,-17.7,-17.7,1.0,0.0,20.0,0.0,1.0,0.6,14.8,14.8,14.8,14.8,1.0,0.0,20.0,0.0,1.0,0.6,-10.8,-10.8,-10.8,-10.8,1.0,0.0,20.0,0.0,1.0,0.6,9.1,9.1,9.1,9.1,1.0,0.0,20.0,0.0,1.0,0.6,30.0,30.0,30.0,30.0,1.0,0.0,20.0,0.0,1.0,0.6,30.0,30.0,30.0,30.0,1.0,0.0,20.0,0.0,1.0,0.6
1974,2,209.0,-41.0,17.8,17.8,17.8,17.8,1.0,0.0,28.0,0.0,0.7,0.7,14.6,14.6,14.6,14.6,1.0,0.0,28.0,0.0,0.7,0.7,8.61,8.61,8.61,8.61,1.0,0.0,28.0,0.0,0.7,0.7,84.4,84.4,84.4,84.4,1.0,0.0,28.0,0.0,0.7,3.6,3.6,3.6,3.6,1.0,0.0,28.0,0.0,0.7,0.7,0.63,0.63,0.63,0.63,1.0,0.0,28.0,0.0,0.7,0.7,3.55,3.55,3.55,3.55,1.0,0.0,28.0,0.0,0.7,0.7,1022.1,1022.1,1022.1,1022.1,1.0,0.0,28.0,0.0,0.7,0.7,8.0,8.0,8.0,8.0,1.0,0.0,28.0,0.0,0.7,0.7,2.3,2.3,2.3,2.3,1.0,0.0,28.0,0.0,0.7,0.7,12.8,12.8,12.8,12.8,1.0,0.0,28.0,0.0,0.7,0.7,3.2,3.2,3.2,3.2,1.0,0.0,28.0,0.0,0.7,0.7,11.5,11.5,11.5,11.5,1.0,0.0,28.0,0.0,0.7,0.7,3.93,3.93,3.93,3.93,1.0,0.0,28.0,0.0,0.7,0.7,14.2,14.2,14.2,14.2,1.0,0.0,28.0,0.0,0.7,0.7,9.1,9.1,9.1,9.1,1.0,0.0,28.0,0.0,0.7,0.7,51.8,51.8,51.8,51.8,1.0,0.0,28.0,0.0,0.7,0.7,5.4,5.4,5.4,5.4,1.0,0.0,28.0,0.0,0.7,0.7,30.5,30.5,30.5,30.5,1.0,0.0,28.0,0.0,0.7,0.7,2.5,2.5,2.5,2.5,1.0,0.0,28.0,0.0,0.7,0.7,13.9,13.9,13.9,13.9,1.0,0.0,28.0,0.0,0.7,0.7,46.5,46.5,46.5,46.5,1.0,0.0,28.0,0.0,0.7,0.7,45.0,45.0,45.0,45.0,1.0,0.0,28.0,0.0,0.7,0.7
1974,2,209.0,-40.0,17.2,17.2,17.2,17.2,1.0,0.0,28.0,1.0,1.0,0.3,18.6,18.6,18.6,18.6,1.0,0.0,28.0,1.0,1.0,0.3,9.25,9.25,9.25,9.25,1.0,0.0,28.0,1.0,1.0,0.3,70.3,70.3,70.3,70.3,1.0,0.0,28.0,1.0,0.3,2.1,2.1,2.1,2.1,1.0,0.0,28.0,1.0,1.0,0.3,1.35,1.35,1.35,1.35,1.0,0.0,28.0,1.0,1.0,0.3,1.61,1.61,1.61,1.61,1.0,0.0,28.0,1.0,1.0,0.3,1022.9,1022.9,1022.9,1022.9,1.0,0.0,28.0,1.0,1.0,0.3,8.0,8.0,8.0,8.0,1.0,0.0,28.0,1.0,1.0,0.3,2.8,2.8,2.8,2.8,1.0,0.0,28.0,1.0,1.0,0.3,3.4,3.4,3.4,3.4,1.0,0.0,28.0,1.0,1.0,0.3,-1.4,-1.4,-1.4,-1.4,1.0,0.0,28.0,1.0,1.0,0.3,-2.9,-2.9,-2.9,-2.9,1.0,0.0,28.0,1.0,1.0,0.3,2.81,2.81,2.81,2.81,1.0,0.0,28.0,1.0,1.0,0.3,5.9,5.9,5.9,5.9,1.0,0.0,28.0,1.0,1.0,0.3,25.1,25.1,25.1,25.1,1.0,0.0,28.0,1.0,1.0,0.3,29.9,29.9,29.9,29.9,1.0,0.0,28.0,1.0,1.0,0.3,12.5,12.5,12.5,12.5,1.0,0.0,28.0,1.0,1.0,0.3,14.9,14.9,14.9,14.9,1.0,0.0,28.0,1.0,1.0,0.3,3.8,3.8,3.8,3.8,1.0,0.0,28.0,1.0,1.0,0.3,4.5,4.5,4.5,4.5,1.0,0.0,28.0,1.0,1.0,0.3,9.5,9.5,9.5,9.5,1.0,0.0,28.0,1.0,1.0,0.3,10.0,10.0,10.0,10.0,1.0,0.0,28.0,1.0,1.0,0.3
1974,2,209.0,-39.0,17.5,17.5,17.5,17.5,1.0,0.0,6.0,1.0,0.5,0.1,16.6,16.6,16.6,16.6,1.0,0.0,6.0,1.0,0.5,0.1,6.04,6.04,6.04,6.04,1.0,0.0,6.0,1.0,0.5,0.1,52.0,52.0,52.0,52.0,1.0,0.0,6.0,1.0,0.1,8.2,8.2,8.2,8.2,1.0,0.0,6.0,1.0,0.5,0.1,-2.8,-2.8,-2.8,-2.8,1.0,0.0,6.0,1.0,0.5,0.1,7.71,7.71,7.71,7.71,1.0,0.0,6.0,1.0,0.5,0.1,1018.5,1018.5,1018.5,1018.5,1.0,0.0,6.0,1.0,0.5,0.1,1.0,1.0,1.0,1.0,1.0,0.0,6.0,1.0,0.5,0.1,-23.0,-23.0,-23.0,-23.0,1.0,0.0,6.0,1.0,0.5,0.1,63.2,63.2,63.2,63.2,1.0,0.0,6.0,1.0,0.5,0.1,0.9,0.9,0.9,0.9,1.0,0.0,6.0,1.0,0.5,0.1,7.4,7.4,7.4,7.4,1.0,0.0,6.0,1.0,0.5,0.1,6.31,6.31,6.31,6.31,1.0,0.0,6.0,1.0,0.5,0.1,51.8,51.8,51.8,51.8,1.0,0.0,6.0,1.0,0.5,0.1,-46.6,-46.6,-46.6,-46.6,1.0,0.0,6.0,1.0,0.5,0.1,127.9,127.9,127.9,127.9,1.0,0.0,6.0,1.0,0.5,0.1,-16.9,-16.9,-16.9,-16.9,1.0,0.0,6.0,1.0,0.5,0.1,46.5,46.5,46.5,46.5,1.0,0.0,6.0,1.0,0.5,0.1,-17.7,-17.7,-17.7,-17.7,1.0,0.0,6.0,1.0,0.5,0.1,48.6,48.6,48.6,48.6,1.0,0.0,6.0,1.0,0.5,0.1,551.5,551.5,551.5,551.5,1.0,0.0,6.0,1.0,0.5,0.1,550.0,550.0,550.0,550.0,1.0,0.0,6.0,1.0,0.5,0.1
1974,2,209.0,-38.0,18.0,18.0,18.0,18.0,1.0,0.0,18.0,0.0,0.7,0.1,18.4,18.4,18.4,18.4,1.0,0.0,18.0,0.0,0.7,0.1,9.96,9.96,9.96,9.96,1.0,0.0,18.0,0.0,0.7,0.1,76.5,76.5,76.5,76.5,1.0,0.0,18.0,0.0,0.1,3.1,3.1,3.1,3.1,1.0,0.0,18.0,0.0,0.7,0.1,3.05,3.05,3.05,3.05,1.0,0.0,18.0,0.0,0.7,0.1,0.54,0.54,0.54,0.54,1.0,0.0,18.0,0.0,0.7,0.1,1021.6,1021.6,1021.6,1021.6,1.0,0.0,18.0,0.0,0.7,0.1,8.0,8.0,8.0,8.0,1.0,0.0,18.0,0.0,0.7,0.1,9.5,9.5,9.5,9.5,1.0,0.0,18.0,0.0,0.7,0.1,1.7,1.7,1.7,1.7,1.0,0.0,18.0,0.0,0.7,0.1,-0.4,-0.4,-0.4,-0.4,1.0,0.0,18.0,0.0,0.7,0.1,-1.2,-1.2,-1.2,-1.2,1.0,0.0,18.0,0.0,0.7,0.1,2.76,2.76,2.76,2.76,1.0,0.0,18.0,0.0,0.7,0.1,8.5,8.5,8.5,8.5,1.0,0.0,18.0,0.0,0.7,0.1,56.2,56.2,56.2,56.2,1.0,0.0,18.0,0.0,0.7,0.1,9.9,9.9,9.9,9.9,1.0,0.0,18.0,0.0,0.7,0.1,30.4,30.4,30.4,30.4,1.0,0.0,18.0,0.0,0.7,0.1,5.4,5.4,5.4,5.4,1.0,0.0,18.0,0.0,0.7,0.1,8.4,8.4,8.4,8.4,1.0,0.0,18.0,0.0,0.7,0.1,1.5,1.5,1.5,1.5,1.0,0.0,18.0,0.0,0.7,0.1,30.0,30.0,30.0,30.0,1.0,0.0,18.0,0.0,0.7,0.1,30.0,30.0,30.0,30.0,1.0,0.0,18.0,0.0,0.7,0.1
1974,2,209.0,-37.0,21.0,21.0,21.0,21.0,1.0,0.0,16.0,1.0,0.1,0.8,20.0,20.0,20.0,20.0,1.0,0.0,16.0,1.0,0.1,0.8,12.5,12.5,12.5,12.5,1.0,0.0,16.0,1.0,0.1,0.8,87.2,87.2,87.2,87.2,1.0,0.0,16.0,1.0,0.8,3.1,3.1,3.1,3.1,1.0,0.0,16.0,1.0,0.1,0.8,-3.05,-3.05,-3.05,-3.05,1.0,0.0,16.0,1.0,0.1,0.8,0.54,0.54,0.54,0.54,1.0,0.0,16.0,1.0,0.1,0.8,1025.8,1025.8,1025.8,1025.8,1.0,0.0,16.0,1.0,0.1,0.8,6.0,6.0,6.0,6.0,1.0,0.0,16.0,1.0,0.1,0.8,-9.5,-9.5,-9.5,-9.5,1.0,0.0,16.0,1.0,0.1,0.8,1.7,1.7,1.7,1.7,1.0,0.0,16.0,1.0,0.1,0.8,1.0,1.0,1.0,1.0,1.0,0.0,16.0,1.0,0.1,0.8,3.1,3.1,3.1,3.1,1.0,0.0,16.0,1.0,0.1,0.8,2.78,2.78,2.78,2.78,1.0,0.0,16.0,1.0,0.1,0.8,8.6,8.6,8.6,8.6,1.0,0.0,16.0,1.0,0.1,0.8,-61.1,-61.1,-61.1,-61.1,1.0,0.0,16.0,1.0,0.1,0.8,10.8,10.8,10.8,10.8,1.0,0.0,16.0,1.0,0.1,0.8,-38.2,-38.2,-38.2,-38.2,1.0,0.0,16.0,1.0,0.1,0.8,6.7,6.7,6.7,6.7,1.0,0.0,16.0,1.0,0.1,0.8,-8.5,-8.5,-8.5,-8.5,1.0,0.0,16.0,1.0,0.1,0.8,1.5,1.5,1.5,1.5,1.0,0.0,16.0,1.0,0.1,0.8,30.0,30.0,30.0,30.0,1.0,0.0,16.0,1.0,0.1,0.8,30.0,30.0,30.0,30.0,1.0,0.0,16.0,1.0,0.1,0.8
1974,2,209.0,-36.0,20.6,20.6,20.6,20.6,1.0,0.0,28.0,0.0,0.7,0.2,17.6,17.6,17.6,17.6,1.0,0.0,28.0,0.0,0.7,0.2,9.21,9.21,9.21,9.21,1.0,0.0,28.0,0.0,0.7,0.2,74.4,74.4,74.4,74.4,1.0,0.0,28.0,0.0,0.2,5.1,5.1,5.1,5.1,1.0,0.0,28.0,0.0,0.7,0.2,-0.89,-0.89,-0.89,-0.89,1.0,0.0,28.0,0.0,0.7,0.2,5.02,5.02,5.02,5.02,1.0,0.0,28.0,0.0,0.7,0.2,1021.4,1021.4,1021.4,1021.4,1.0,0.0,28.0,0.0,0.7,0.2,8.0,8.0,8.0,8.0,1.0,0.0,28.0,0.0,0.7,0.2,-4.5,-4.5,-4.5,-4.5,1.0,0.0,28.0,0.0,0.7,0.2,25.6,25.6,25.6,25.6,1.0,0.0,28.0,0.0,0.7,0.2,3.0,3.0,3.0,3.0,1.0,0.0,28.0,0.0,0.7,0.2,15.3,15.3,15.3,15.3,1.0,0.0,28.0,0.0,0.7,0.2,5.77,5.77,5.77,5.77,1.0,0.0,28.0,0.0,0.7,0.2,29.4,29.4,29.4,29.4,1.0,0.0,28.0,0.0,0.7,0.2,-15.6,-15.6,-15.6,-15.6,1.0,0.0,28.0,0.0,0.7,0.2,88.4,88.4,88.4,88.4,1.0,0.0,28.0,0.0,0.7,0.2,-8.2,-8.2,-8.2,-8.2,1.0,0.0,28.0,0.0,0.7,0.2,46.2,46.2,46.2,46.2,1.0,0.0,28.0,0.0,0.7,0.2,-5.1,-5.1,-5.1,-5.1,1.0,0.0,28.0,0.0,0.7,0.2,29.0,29.0,29.0,29.0,1.0,0.0,28.0,0.0,0.7,0.2,132.5,132.5,132.5,132.5,1.0,0.0,28.0,0.0,0.7,0.2,135.0,135.0,135.0,135.0,1.0,0.0,28.0,0.0,0.7,0.2
1974,2,209.0,-33.0,22.6,22.6,22.6,22.6,1.0,0.0,16.0,0.0,0.8,0.7,22.0,22.0,22.0,22.0,1.0,0.0,16.0,0.0,0.8,0.7,13.07,13.07,13.07,13.07,1.0,0.0,16.0,0.0,0.8,0.7,80.0,80.0,80.0,80.0,1.0,0.0,16.0,0.0,0.7,9.3,9.3,9.3,9.3,1.0,0.0,16.0,0.0,0.8,0.7,-9.16,-9.16,-9.16,-9.16,1.0,0.0,16.0,0.0,0.8,0.7,1.61,1.61,1.61,1.61,1.0,0.0,16.0,0.0,0.8,0.7,1019.5,1019.5,1019.5,1019.5,1.0,0.0,16.0,0.0,0.8,0.7,6.0,6.0,6.0,6.0,1.0,0.0,16.0,0.0,0.8,0.7,-85.2,-85.2,-85.2,-85.2,1.0,0.0,16.0,0.0,0.8,0.7,15.0,15.0,15.0,15.0,1.0,0.0,16.0,0.0,0.8,0.7,0.6,0.6,0.6,0.6,1.0,0.0,16.0,0.0,0.8,0.7,5.6,5.6,5.6,5.6,1.0,0.0,16.0,0.0,0.8,0.7,3.91,3.91,3.91,3.91,1.0,0.0,16.0,0.0,0.8,0.7,36.4,36.4,36.4,36.4,1.0,0.0,16.0,0.0,0.8,0.7,-201.5,-201.5,-201.5,-201.5,1.0,0.0,16.0,0.0,0.8,0.7,35.5,35.5,35.5,35.5,1.0,0.0,16.0,0.0,0.8,0.7,-119.7,-119.7,-119.7,-119.7,1.0,0.0,16.0,0.0,0.8,0.7,21.1,21.1,21.1,21.1,1.0,0.0,16.0,0.0,0.8,0.7,-35.8,-35.8,-35.8,-35.8,1.0,0.0,16.0,0.0,0.8,0.7,6.3,6.3,6.3,6.3,1.0,0.0,16.0,0.0,0.8,0.7,804.5,804.5,804.5,804.5,1.0,0.0,16.0,0.0,0.8,0.7,805.0,805.0,805.0,805.0,1.0,0.0,16.0,0.0,0.8,0.7
1974,2,209.0,-32.0,23.74,24.25,24.76,24.25,2.0,1.06,12.0,0.5,0.6,0.3,23.05,24.65,26.25,24.65,2.0,3.32,12.0,0.5,0.6,0.3,14.3,15.77,17.24,15.77,2.0,3.04,12.0,0.5,0.6,0.3,81.3,81.6,82.0,81.6,2.0,0.6,12.0,0.5,0.3,3.24,5.7,8.16,5.7,2.0,5.09,12.0,0.5,0.6,0.3,-7.82,-4.94,-2.06,-4.94,2.0,5.97,12.0,0.5,0.6,0.3,-1.92,-1.79,-1.67,-1.79,2.0,0.25,12.0,0.5,0.6,0.3,1020.63,1021.35,1022.07,1021.35,2.0,1.48,12.0,0.5,0.6,0.3,2.6,4.0,5.4,4.0,2.0,2.8,12.0,0.5,0.6,0.3,-71.9,-43.3,-14.8,-43.3,2.0,59.2,12.0,0.5,0.6,0.3,-13.3,-9.6,-5.9,-9.6,2.0,7.7,12.0,0.5,0.6,0.3,-1.49,-0.4,0.69,-0.4,2.0,2.26,12.0,0.5,0.6,0.3,-1.8,3.5,8.7,3.5,2.0,10.9,12.0,0.5,0.6,0.3,2.12,2.99,3.86,2.99,2.0,1.81,12.0,0.5,0.6,0.3,9.3,21.6,34.0,21.6,2.0,25.5,12.0,0.5,0.6,0.3,-174.9,-111.8,-48.7,-111.8,2.0,130.7,12.0,0.5,0.6,0.3,-50.5,-44.6,-38.8,-44.6,2.0,12.2,12.0,0.5,0.6,0.3,-107.0,-68.8,-30.6,-68.8,2.0,79.1,12.0,0.5,0.6,0.3,-33.2,-28.7,-24.1,-28.7,2.0,9.5,12.0,0.5,0.6,0.3,-33.1,-20.2,-7.2,-20.2,2.0,26.8,12.0,0.5,0.6,0.3,-6.3,-5.1,-3.9,-5.1,2.0,2.5,12.0,0.5,0.6,0.3,135.5,407.0,678.0,407.0,2.0,562.0,12.0,0.5,0.6,0.3,135.0,405.0,680.0,405.0,2.0,560.0,12.0,0.5,0.6,0.3
1974,2,209.0,-30.0,26.7,26.7,26.7,26.7,1.0,0.0,24.0,0.0,0.8,0.9,24.05,24.6,25.15,24.6,2.0,1.13,16.0,0.5,0.8,0.6,15.96,16.84,17.72,16.84,2.0,1.82,16.0,0.5,0.8,0.6,85.6,87.3,89.0,87.3,2.0,3.5,16.0,0.5,0.6,5.27,5.65,6.03,5.65,2.0,0.78,16.0,0.5,0.8,0.6,0.92,0.98,1.05,0.98,2.0,0.14,16.0,0.5,0.8,0.6,-5.93,-5.56,-5.19,-5.56,2.0,0.77,16.0,0.5,0.8,0.6,1014.36,1014.7,1015.04,1014.7,2.0,0.71,16.0,0.5,0.8,0.6,6.3,7.0,7.7,7.0,2.0,1.4,16.0,0.5,0.8,0.6,4.9,5.6,6.3,5.6,2.0,1.5,16.0,0.5,0.8,0.6,-35.9,-31.7,-27.6,-31.7,2.0,8.7,16.0,0.5,0.8,0.6,1.3,1.3,1.3,1.3,1.0,0.0,24.0,0.0,0.8,0.9,6.6,6.6,6.6,6.6,1.0,0.0,24.0,0.0,0.8,0.9,3.73,3.73,3.73,3.73,1.0,0.0,24.0,0.0,0.8,0.9,19.0,19.0,19.0,19.0,1.0,0.0,24.0,0.0,0.8,0.9,23.0,24.1,25.1,24.1,2.0,2.2,16.0,0.5,0.8,0.6,-142.5,-136.4,-130.4,-136.4,2.0,12.5,16.0,0.5,0.8,0.6,16.2,16.4,16.6,16.4,2.0,0.5,16.0,0.5,0.8,0.6,-94.4,-93.0,-91.7,-93.0,2.0,2.8,16.0,0.5,0.8,0.6,3.3,3.3,3.3,3.3,1.0,0.0,24.0,0.0,0.8,0.9,-18.7,-18.7,-18.7,-18.7,1.0,0.0,24.0,0.0,0.8,0.9,149.5,185.5,221.5,185.5,2.0,74.5,16.0,0.5,0.8,0.6,150.0,185.0,220.0,185.0,2.0,75.0,16.0,0.5,0.8,0.6
1974,2,209.0,-21.0,27.5,27.5,27.5,27.5,1.0,0.0,20.0,0.0,0.2,0.3,24.2,24.2,24.2,24.2,1.0,0.0,20.0,0.0,0.2,0.3,16.81,16.81,16.81,16.81,1.0,0.0,20.0,0.0,0.2,0.3,89.1,89.1,89.1,89.1,1.0,0.0,20.0,0.0,0.3,4.1,4.1,4.1,4.1,1.0,0.0,20.0,0.0,0.2,0.3,-3.55,-3.55,-3.55,-3.55,1.0,0.0,20.0,0.0,0.2,0.3,-2.05,-2.05,-2.05,-2.05,1.0,0.0,20.0,0.0,0.2,0.3,1010.8,1010.8,1010.8,1010.8,1.0,0.0,20.0,0.0,0.2,0.3,6.0,6.0,6.0,6.0,1.0,0.0,20.0,0.0,0.2,0.3,-14.6,-14.6,-14.6,-14.6,1.0,0.0,20.0,0.0,0.2,0.3,-8.4,-8.4,-8.4,-8.4,1.0,0.0,20.0,0.0,0.2,0.3,3.3,3.3,3.3,3.3,1.0,0.0,20.0,0.0,0.2,0.3,13.5,13.5,13.5,13.5,1.0,0.0,20.0,0.0,0.2,0.3,6.21,6.21,6.21,6.21,1.0,0.0,20.0,0.0,0.2,0.3,25.5,25.5,25.5,25.5,1.0,0.0,20.0,0.0,0.2,0.3,-85.9,-85.9,-85.9,-85.9,1.0,0.0,20.0,0.0,0.2,0.3,-49.6,-49.6,-49.6,-49.6,1.0,0.0,20.0,0.0,0.2,0.3,-59.7,-59.7,-59.7,-59.7,1.0,0.0,20.0,0.0,0.2,0.3,-34.5,-34.5,-34.5,-34.5,1.0,0.0,20.0,0.0,0.2,0.3,-22.1,-22.1,-22.1,-22.1,1.0,0.0,20.0,0.0,0.2,0.3,-12.7,-12.7,-12.7,-12.7,1.0,0.0,20.0,0.0,0.2,0.3,69.0,69.0,69.0,69.0,1.0,0.0,20.0,0.0,0.2,0.3,70.0,70.0,70.0,70.0,1.0,0.0,20.0,0.0,0.2,0.3
1974,2,209.0,-20.0,27.66,28.0,28.34,28.0,2.0,0.71,20.0,0.0,0.6,0.9,25.75,26.5,27.25,26.5,2.0,1.56,20.0,0.0,0.6,0.9,17.17,18.39,19.62,18.39,2.0,2.53,20.0,0.0,0.6,0.9,82.8,84.6,86.5,84.6,2.0,3.8,20.0,0.0,0.9,4.93,6.7,8.47,6.7,2.0,3.68,20.0,0.0,0.6,0.9,-8.36,-6.63,-4.9,-6.63,2.0,3.58,20.0,0.0,0.6,0.9,-1.36,-0.81,-0.26,-0.81,2.0,1.14,20.0,0.0,0.6,0.9,1010.7,1010.7,1010.7,1010.7,2.0,0.0,20.0,0.0,0.6,0.9,4.5,5.5,6.5,5.5,2.0,2.1,20.0,0.0,0.6,0.9,-74.3,-51.0,-27.7,-51.0,2.0,48.3,20.0,0.0,0.6,0.9,-12.6,-7.5,-2.4,-7.5,2.0,10.6,20.0,0.0,0.6,0.9,1.09,1.5,1.91,1.5,2.0,0.85,20.0,0.0,0.6,0.9,6.2,11.6,17.0,11.6,2.0,11.2,20.0,0.0,0.6,0.9,4.59,5.33,6.07,5.33,2.0,1.54,20.0,0.0,0.6,0.9,24.1,38.5,53.0,38.5,2.0,29.9,20.0,0.0,0.6,0.9,-213.7,-172.9,-132.1,-172.9,2.0,84.5,20.0,0.0,0.6,0.9,-34.5,-20.5,-6.5,-20.5,2.0,29.0,20.0,0.0,0.6,0.9,-141.1,-117.4,-93.8,-117.4,2.0,49.0,20.0,0.0,0.6,0.9,-22.6,-13.4,-4.3,-13.4,2.0,19.0,20.0,0.0,0.6,0.9,-52.2,-38.1,-24.0,-38.1,2.0,29.3,20.0,0.0,0.6,0.9,-8.7,-5.2,-1.6,-5.2,2.0,7.3,20.0,0.0,0.6,0.9,185.5,436.5,687.5,436.5,2.0,520.0,20.0,0.0,0.6,0.9,185.0,435.0,690.0,435.0,2.0,520.0,20.0,0.0,0.6,0.9
1974,2,209.0,-18.0,27.13,27.4,27.54,27.33,3.0,0.31,20.0,0.3,0.6,0.6,26.32,27.0,27.82,27.07,3.0,1.1,20.0,0.3,0.6,0.6,16.04,16.37,16.65,16.34,3.0,0.45,20.0,0.3,0.6,0.6,70.7,71.4,76.0,73.3,3.0,4.2,20.0,0.3,0.6,2.1,2.1,2.44,2.27,3.0,0.29,20.0,0.3,0.6,0.6,-1.85,-1.3,-0.9,-1.37,3.0,0.69,20.0,0.3,0.6,0.6,-1.35,0.0,1.54,0.09,3.0,2.11,20.0,0.3,0.6,0.6,1012.12,1012.6,1012.8,1012.47,3.0,0.51,20.0,0.3,0.6,0.6,1.3,2.0,3.4,2.3,3.0,1.5,20.0,0.3,0.6,0.6,-4.1,-3.4,-2.1,-3.1,3.0,1.5,20.0,0.3,0.6,0.6,-2.8,0.0,4.0,0.6,3.0,5.0,20.0,0.3,0.6,0.6,-0.28,0.4,0.81,0.27,3.0,0.81,20.0,0.3,0.6,0.6,-0.5,1.0,1.8,0.6,3.0,1.7,20.0,0.3,0.6,0.6,6.06,6.34,6.77,6.42,3.0,0.53,20.0,0.3,0.6,0.6,12.7,13.3,16.6,14.6,3.0,3.1,20.0,0.3,0.6,0.6,-48.4,-35.1,-25.0,-36.7,3.0,17.2,20.0,0.3,0.6,0.6,-38.0,0.0,41.5,1.7,3.0,58.2,20.0,0.3,0.6,0.6,-30.0,-20.6,-14.8,-22.4,3.0,11.3,20.0,0.3,0.6,0.6,-22.6,0.0,24.4,0.9,3.0,34.4,20.0,0.3,0.6,0.6,-11.4,-9.1,-6.0,-8.7,3.0,4.0,20.0,0.3,0.6,0.6,-8.5,0.0,10.7,1.1,3.0,14.1,20.0,0.3,0.6,0.6,9.5,9.5,15.0,12.0,3.0,5.0,20.0,0.3,0.6,0.6,10.0,10.0,15.0,10.0,3.0,5.0,20.0,0.3,0.6,0.6
1974,2,209.0,-17.0,26.6,26.6,26.6,26.6,2.0,0.0,12.0,0.5,1.0,1.0,26.2,26.2,26.2,26.2,2.0,0.0,12.0,0.5,1.0,1.0,15.56,15.79,16.03,15.79,2.0,0.48,12.0,0.5,1.0,1.0,73.6,74.7,75.8,74.7,2.0,2.3,12.0,0.5,1.0,6.7,6.7,6.7,6.7,2.0,0.0,12.0,0.5,1.0,1.0,-5.13,-5.13,-5.13,-5.13,2.0,0.0,12.0,0.5,1.0,1.0,-4.31,-4.31,-4.31,-4.31,2.0,0.0,12.0,0.5,1.0,1.0,1014.8,1014.8,1014.8,1014.8,2.0,0.0,12.0,0.5,1.0,1.0,4.0,4.0,4.0,4.0,2.0,0.0,12.0,0.5,1.0,1.0,-34.4,-34.4,-34.4,-34.4,2.0,0.0,12.0,0.5,1.0,1.0,-28.9,-28.9,-28.9,-28.9,2.0,0.0,12.0,0.5,1.0,1.0,0.4,0.4,0.4,0.4,2.0,0.0,12.0,0.5,1.0,1.0,2.7,2.7,2.7,2.7,2.0,0.0,12.0,0.5,1.0,1.0,5.71,5.94,6.17,5.94,2.0,0.48,12.0,0.5,1.0,1.0,38.2,39.8,41.4,39.8,2.0,3.2,12.0,0.5,1.0,1.0,-134.5,-134.5,-134.5,-134.5,2.0,0.0,12.0,0.5,1.0,1.0,-112.8,-112.8,-112.8,-112.8,2.0,0.0,12.0,0.5,1.0,1.0,-82.3,-81.1,-79.9,-81.1,2.0,2.5,12.0,0.5,1.0,1.0,-69.0,-68.0,-67.0,-68.0,2.0,2.1,12.0,0.5,1.0,1.0,-31.7,-30.5,-29.3,-30.5,2.0,2.5,12.0,0.5,1.0,1.0,-26.6,-25.6,-24.6,-25.6,2.0,2.1,12.0,0.5,1.0,1.0,301.0,301.0,301.0,301.0,2.0,0.0,12.0,0.5,1.0,1.0,300.0,300.0,300.0,300.0,2.0,0.0,12.0,0.5,1.0,1.0
1974,2,209.0,-16.0,27.8,27.8,27.8,27.8,1.0,0.0,4.0,0.0,0.8,0.1,27.8,27.8,27.8,27.8,1.0,0.0,4.0,0.0,0.8,0.1,15.97,15.97,15.97,15.97,1.0,0.0,4.0,0.0,0.8,0.1,68.6,68.6,68.6,68.6,1.0,0.0,4.0,0.0,0.1,5.1,5.1,5.1,5.1,1.0,0.0,4.0,0.0,0.8,0.1,-5.1,-5.1,-5.1,-5.1,1.0,0.0,4.0,0.0,0.8,0.1,0.0,0.0,0.0,0.0,1.0,0.0,4.0,0.0,0.8,0.1,1012.9,1012.9,1012.9,1012.9,1.0,0.0,4.0,0.0,0.8,0.1,2.0,2.0,2.0,2.0,1.0,0.0,4.0,0.0,0.8,0.1,-26.0,-26.0,-26.0,-26.0,1.0,0.0,4.0,0.0,0.8,0.1,0.0,0.0,0.0,0.0,1.0,0.0,4.0,0.0,0.8,0.1,0.0,0.0,0.0,0.0,1.0,0.0,4.0,0.0,0.8,0.1,0.0,0.0,0.0,0.0,1.0,0.0,4.0,0.0,0.8,0.1,7.42,7.42,7.42,7.42,1.0,0.0,4.0,0.0,0.8,0.1,37.8,37.8,37.8,37.8,1.0,0.0,4.0,0.0,0.8,0.1,-141.8,-141.8,-141.8,-141.8,1.0,0.0,4.0,0.0,0.8,0.1,0.0,0.0,0.0,0.0,1.0,0.0,4.0,0.0,0.8,0.1,-81.4,-81.4,-81.4,-81.4,1.0,0.0,4.0,0.0,0.8,0.1,0.0,0.0,0.0,0.0,1.0,0.0,4.0,0.0,0.8,0.1,-37.8,-37.8,-37.8,-37.8,1.0,0.0,4.0,0.0,0.8,0.1,0.0,0.0,0.0,0.0,1.0,0.0,4.0,0.0,0.8,0.1,132.5,132.5,132.5,132.5,1.0,0.0,4.0,0.0,0.8,0.1,135.0,135.0,135.0,135.0,1.0,0.0,4.0,0.0,0.8,0.1
1974,2,209.0,-15.0,27.2,27.8,28.61,27.9,4.0,0.85,8.0,0.8,0.5,0.6,25.91,27.0,27.46,26.7,4.0,1.07,8.0,0.8,0.5,0.6,15.97,16.42,17.09,16.52,4.0,0.79,8.0,0.8,0.5,0.6,72.9,76.4,78.0,75.5,4.0,3.5,8.0,0.8,0.6,3.84,5.65,8.82,6.3,4.0,3.11,8.0,0.8,0.5,0.6,-7.35,-3.82,-1.69,-4.49,4.0,4.28,8.0,0.8,0.5,0.6,-3.77,0.0,0.33,-1.64,4.0,3.72,8.0,0.8,0.5,0.6,1008.67,1010.35,1012.03,1010.35,4.0,2.03,8.0,0.8,0.5,0.6,4.0,5.5,7.0,5.5,4.0,2.1,8.0,0.8,0.5,0.6,-63.6,-14.8,-6.1,-33.9,4.0,48.6,8.0,0.8,0.5,0.6,-27.2,0.0,1.2,-12.4,4.0,26.3,8.0,0.8,0.5,0.6,0.33,1.3,2.06,1.2,4.0,1.03,8.0,0.8,0.5,0.6,1.2,8.1,18.4,9.7,4.0,10.5,8.0,0.8,0.5,0.6,5.95,7.3,8.2,7.08,4.0,1.45,8.0,0.8,0.5,0.6,24.6,38.4,69.2,46.5,4.0,29.9,8.0,0.8,0.5,0.6,-197.4,-104.9,-46.6,-121.2,4.0,114.0,8.0,0.8,0.5,0.6,-95.1,0.0,9.0,-41.0,4.0,93.9,8.0,0.8,0.5,0.6,-123.6,-64.9,-27.5,-75.1,4.0,70.8,8.0,0.8,0.5,0.6,-59.1,0.0,5.3,-25.7,4.0,58.3,8.0,0.8,0.5,0.6,-59.3,-24.6,-10.2,-34.3,4.0,37.7,8.0,0.8,0.5,0.6,-25.5,0.0,2.6,-10.9,4.0,25.3,8.0,0.8,0.5,0.6,57.5,221.0,750.0,395.5,4.0,488.0,8.0,0.8,0.5,0.6,55.0,220.0,750.0,395.0,4.0,490.0,8.0,0.8,0.5,0.6
1974,2,209.0,-14.0,27.63,29.0,29.27,28.47,3.0,1.29,18.0,1.0,0.6,0.7,27.53,27.8,28.62,28.07,3.0,0.83,18.0,1.0,0.6,0.7,17.0,17.52,20.53,18.74,3.0,2.79,18.0,1.0,0.6,0.7,70.0,76.9,88.4,79.1,3.0,13.6,18.0,1.0,0.7,5.58,7.7,9.47,7.53,3.0,2.85,18.0,1.0,0.6,0.7,-9.47,-7.7,-5.54,-7.51,3.0,2.89,18.0,1.0,0.6,0.7,-0.55,0.0,0.0,-0.27,3.0,0.46,18.0,1.0,0.6,0.7,1009.04,1011.7,1012.18,1010.63,3.0,2.48,18.0,1.0,0.6,0.7,2.3,3.0,3.7,3.0,3.0,1.0,18.0,1.0,0.6,0.7,-91.2,-59.3,-33.0,-62.1,3.0,42.7,18.0,1.0,0.6,0.7,-2.5,0.0,0.0,-1.2,3.0,2.1,18.0,1.0,0.6,0.7,-0.55,0.0,1.37,0.4,3.0,1.44,18.0,1.0,0.6,0.7,-4.2,0.0,6.3,1.0,3.0,7.7,18.0,1.0,0.6,0.7,2.87,8.19,8.39,5.69,3.0,4.59,18.0,1.0,0.6,0.7,14.0,37.7,71.6,42.7,3.0,42.3,18.0,1.0,0.6,0.7,-271.8,-214.1,-152.7,-212.3,3.0,87.3,18.0,1.0,0.6,0.7,-14.9,0.0,0.0,-7.3,3.0,12.6,18.0,1.0,0.6,0.7,-171.4,-168.9,-107.8,-140.3,3.0,52.8,18.0,1.0,0.6,0.7,-9.6,0.0,0.0,-4.7,3.0,8.1,18.0,1.0,0.6,0.7,-71.4,-37.1,-13.9,-42.5,3.0,42.4,18.0,1.0,0.6,0.7,-4.5,0.0,0.0,-2.2,3.0,3.8,18.0,1.0,0.6,0.7,211.5,456.5,891.0,549.0,3.0,504.0,18.0,1.0,0.6,0.7,210.0,455.0,890.0,550.0,3.0,505.0,18.0,1.0,0.6,0.7
1974,2,209.0,-13.0,26.91,28.0,28.34,27.63,3.0,1.1,6.0,0.7,0.4,0.5,26.54,27.5,27.5,27.03,3.0,0.81,6.0,0.7,0.4,0.5,15.91,16.84,17.21,16.57,3.0,0.98,6.0,0.7,0.4,0.5,73.6,73.7,75.3,74.4,3.0,1.4,6.0,0.7,0.5,7.2,7.2,8.97,8.07,3.0,1.5,6.0,0.7,0.4,0.5,-7.41,-7.2,-7.2,-7.3,3.0,0.18,6.0,0.7,0.4,0.5,-4.3,0.0,0.0,-2.1,3.0,3.64,6.0,0.7,0.4,0.5,1013.25,1014.0,1014.68,1013.97,3.0,1.05,6.0,0.7,0.4,0.5,1.3,2.0,5.4,3.3,3.0,3.2,6.0,0.7,0.4,0.5,-66.7,-51.8,-51.8,-59.1,3.0,12.5,6.0,0.7,0.4,0.5,-42.1,0.0,0.0,-20.6,3.0,35.6,6.0,0.7,0.4,0.5,0.36,0.5,0.84,0.6,3.0,0.36,6.0,0.7,0.4,0.5,3.1,3.6,6.1,4.6,3.0,2.3,6.0,0.7,0.4,0.5,6.1,6.25,7.09,6.59,3.0,0.78,6.0,0.7,0.4,0.5,47.8,53.9,57.5,52.7,3.0,7.1,6.0,0.7,0.4,0.5,-198.0,-198.0,-196.6,-197.3,3.0,1.2,6.0,0.7,0.4,0.5,-112.2,0.0,0.0,-54.8,3.0,94.9,6.0,0.7,0.4,0.5,-123.9,-121.3,-117.8,-120.9,3.0,4.5,6.0,0.7,0.4,0.5,-66.6,0.0,0.0,-32.5,3.0,56.3,6.0,0.7,0.4,0.5,-51.1,-45.3,-45.1,-48.1,3.0,5.0,6.0,0.7,0.4,0.5,-26.0,0.0,0.0,-12.7,3.0,21.9,6.0,0.7,0.4,0.5,373.0,373.0,761.0,562.5,3.0,328.0,6.0,0.7,0.4,0.5,375.0,375.0,760.0,565.0,3.0,330.0,6.0,0.7,0.4,0.5
1974,2,209.0,-12.0,27.8,27.8,27.8,27.8,1.0,0.0,8.0,0.0,1.0,0.1,26.8,26.8,26.8,26.8,1.0,0.0,8.0,0.0,1.0,0.1,21.05,21.05,21.05,21.05,1.0,0.0,8.0,0.0,1.0,0.1,95.4,95.4,95.4,95.4,1.0,0.0,8.0,0.0,0.1,4.6,4.6,4.6,4.6,1.0,0.0,8.0,0.0,1.0,0.1,-4.53,-4.53,-4.53,-4.53,1.0,0.0,8.0,0.0,1.0,0.1,-0.8,-0.8,-0.8,-0.8,1.0,0.0,8.0,0.0,1.0,0.1,1010.6,1010.6,1010.6,1010.6,1.0,0.0,8.0,0.0,1.0,0.1,2.0,2.0,2.0,2.0,1.0,0.0,8.0,0.0,1.0,0.1,-20.8,-20.8,-20.8,-20.8,1.0,0.0,8.0,0.0,1.0,0.1,-3.7,-3.7,-3.7,-3.7,1.0,0.0,8.0,0.0,1.0,0.1,1.0,1.0,1.0,1.0,1.0,0.0,8.0,0.0,1.0,0.1,4.6,4.6,4.6,4.6,1.0,0.0,8.0,0.0,1.0,0.1,2.39,2.39,2.39,2.39,1.0,0.0,8.0,0.0,1.0,0.1,11.0,11.0,11.0,11.0,1.0,0.0,8.0,0.0,1.0,0.1,-121.4,-121.4,-121.4,-121.4,1.0,0.0,8.0,0.0,1.0,0.1,-21.4,-21.4,-21.4,-21.4,1.0,0.0,8.0,0.0,1.0,0.1,-95.4,-95.4,-95.4,-95.4,1.0,0.0,8.0,0.0,1.0,0.1,-16.8,-16.8,-16.8,-16.8,1.0,0.0,8.0,0.0,1.0,0.1,-10.8,-10.8,-10.8,-10.8,1.0,0.0,8.0,0.0,1.0,0.1,-1.9,-1.9,-1.9,-1.9,1.0,0.0,8.0,0.0,1.0,0.1,97.5,97.5,97.5,97.5,1.0,0.0,8.0,0.0,1.0,0.1,95.0,95.0,95.0,95.0,1.0,0.0,8.0,0.0,1.0,0.1
1974,2,209.0,-11.0,27.6,27.6,27.6,27.6,1.0,0.0,26.0,1.0,0.5,0.4,26.9,26.9,26.9,26.9,1.0,0.0,26.0,1.0,0.5,0.4,18.19,18.19,18.19,18.19,1.0,0.0,26.0,1.0,0.5,0.4,82.2,82.2,82.2,82.2,1.0,0.0,26.0,1.0,0.4,2.6,2.6,2.6,2.6,1.0,0.0,26.0,1.0,0.5,0.4,-1.99,-1.99,-1.99,-1.99,1.0,0.0,26.0,1.0,0.5,0.4,1.67,1.67,1.67,1.67,1.0,0.0,26.0,1.0,0.5,0.4,1011.5,1011.5,1011.5,1011.5,1.0,0.0,26.0,1.0,0.5,0.4,3.0,3.0,3.0,3.0,1.0,0.0,26.0,1.0,0.5,0.4,-5.2,-5.2,-5.2,-5.2,1.0,0.0,26.0,1.0,0.5,0.4,4.3,4.3,4.3,4.3,1.0,0.0,26.0,1.0,0.5,0.4,0.7,0.7,0.7,0.7,1.0,0.0,26.0,1.0,0.5,0.4,1.8,1.8,1.8,1.8,1.0,0.0,26.0,1.0,0.5,0.4,4.95,4.95,4.95,4.95,1.0,0.0,26.0,1.0,0.5,0.4,12.9,12.9,12.9,12.9,1.0,0.0,26.0,1.0,0.5,0.4,-53.6,-53.6,-53.6,-53.6,1.0,0.0,26.0,1.0,0.5,0.4,45.0,45.0,45.0,45.0,1.0,0.0,26.0,1.0,0.5,0.4,-36.2,-36.2,-36.2,-36.2,1.0,0.0,26.0,1.0,0.5,0.4,30.4,30.4,30.4,30.4,1.0,0.0,26.0,1.0,0.5,0.4,-9.9,-9.9,-9.9,-9.9,1.0,0.0,26.0,1.0,0.5,0.4,8.3,8.3,8.3,8.3,1.0,0.0,26.0,1.0,0.5,0.4,17.5,17.5,17.5,17.5,1.0,0.0,26.0,1.0,0.5,0.4,20.0,20.0,20.0,20.0,1.0,0.0,26.0,1.0,0.5,0.4
1974,2,209.0,-1.0,25.4,25.4,25.4,25.4,1.0,0.0,22.0,1.0,0.8,0.8,25.6,25.6,25.6,25.6,1.0,0.0,22.0,1.0,0.8,0.8,17.63,17.63,17.63,17.63,1.0,0.0,22.0,1.0,0.8,0.8,85.6,85.6,85.6,85.6,1.0,0.0,22.0,1.0,0.8,6.7,6.7,6.7,6.7,1.0,0.0,22.0,1.0,0.8,0.8,-6.6,-6.6,-6.6,-6.6,1.0,0.0,22.0,1.0,0.8,0.8,1.16,1.16,1.16,1.16,1.0,0.0,22.0,1.0,0.8,0.8,1006.3,1006.3,1006.3,1006.3,1.0,0.0,22.0,1.0,0.8,0.8,3.0,3.0,3.0,3.0,1.0,0.0,22.0,1.0,0.8,0.8,-44.2,-44.2,-44.2,-44.2,1.0,0.0,22.0,1.0,0.8,0.8,7.8,7.8,7.8,7.8,1.0,0.0,22.0,1.0,0.8,0.8,-0.2,-0.2,-0.2,-0.2,1.0,0.0,22.0,1.0,0.8,0.8,-1.3,-1.3,-1.3,-1.3,1.0,0.0,22.0,1.0,0.8,0.8,2.77,2.77,2.77,2.77,1.0,0.0,22.0,1.0,0.8,0.8,18.5,18.5,18.5,18.5,1.0,0.0,22.0,1.0,0.8,0.8,-168.9,-168.9,-168.9,-168.9,1.0,0.0,22.0,1.0,0.8,0.8,29.8,29.8,29.8,29.8,1.0,0.0,22.0,1.0,0.8,0.8,-116.3,-116.3,-116.3,-116.3,1.0,0.0,22.0,1.0,0.8,0.8,20.5,20.5,20.5,20.5,1.0,0.0,22.0,1.0,0.8,0.8,-18.3,-18.3,-18.3,-18.3,1.0,0.0,22.0,1.0,0.8,0.8,3.2,3.2,3.2,3.2,1.0,0.0,22.0,1.0,0.8,0.8,301.0,301.0,301.0,301.0,1.0,0.0,22.0,1.0,0.8,0.8,300.0,300.0,300.0,300.0,1.0,0.0,22.0,1.0,0.8,0.8
1974,2,209.0,6.0,25.0,25.0,25.0,25.0,1.0,0.0,16.0,1.0,0.2,0.1,23.7,23.7,23.7,23.7,1.0,0.0,16.0,1.0,0.2,0.1,17.5,17.5,17.5,17.5,1.0,0.0,16.0,1.0,0.2,0.1,95.9,95.9,95.9,95.9,1.0,0.0,16.0,1.0,0.1,12.3,12.3,12.3,12.3,1.0,0.0,16.0,1.0,0.2,0.1,-12.3,-12.3,-12.3,-12.3,1.0,0.0,16.0,1.0,0.2,0.1,0.0,0.0,0.0,0.0,1.0,0.0,16.0,1.0,0.2,0.1,1013.5,1013.5,1013.5,1013.5,1.0,0.0,16.0,1.0,0.2,0.1,8.0,8.0,8.0,8.0,1.0,0.0,16.0,1.0,0.2,0.1,-151.3,-151.3,-151.3,-151.3,1.0,0.0,16.0,1.0,0.2,0.1,0.0,0.0,0.0,0.0,1.0,0.0,16.0,1.0,0.2,0.1,1.3,1.3,1.3,1.3,1.0,0.0,16.0,1.0,0.2,0.1,16.0,16.0,16.0,16.0,1.0,0.0,16.0,1.0,0.2,0.1,2.26,2.26,2.26,2.26,1.0,0.0,16.0,1.0,0.2,0.1,27.9,27.9,27.9,27.9,1.0,0.0,16.0,1.0,0.2,0.1,-291.5,-291.5,-291.5,-291.5,1.0,0.0,16.0,1.0,0.2,0.1,0.0,0.0,0.0,0.0,1.0,0.0,16.0,1.0,0.2,0.1,-215.3,-215.3,-215.3,-215.3,1.0,0.0,16.0,1.0,0.2,0.1,0.0,0.0,0.0,0.0,1.0,0.0,16.0,1.0,0.2,0.1,-27.9,-27.9,-27.9,-27.9,1.0,0.0,16.0,1.0,0.2,0.1,0.0,0.0,0.0,0.0,1.0,0.0,16.0,1.0,0.2,0.1,1861.0,1861.0,1861.0,1861.0,1.0,0.0,16.0,1.0,0.2,0.1,1860.0,1860.0,1860.0,1860.0,1.0,0.0,16.0,1.0,0.2,0.1
1974,2,209.0,7.0,26.0,26.0,26.0,26.0,1.0,0.0,10.0,1.0,0.8,0.7,23.57,24.8,26.03,24.8,2.0,2.55,12.0,0.5,0.5,0.6,17.29,17.41,17.53,17.41,2.0,0.25,12.0,0.5,0.5,0.6,82.5,89.6,96.7,89.6,2.0,14.7,12.0,0.5,0.6,6.52,7.2,7.88,7.2,2.0,1.41,12.0,0.5,0.5,0.6,-7.65,-6.72,-5.8,-6.72,2.0,1.91,12.0,0.5,0.5,0.6,-2.38,-0.84,0.71,-0.84,2.0,3.2,12.0,0.5,0.5,0.6,1009.0,1009.65,1010.3,1009.65,2.0,1.34,12.0,0.5,0.5,0.6,1.0,1.0,1.0,1.0,1.0,0.0,14.0,0.0,0.2,0.6,-61.0,-49.8,-38.5,-49.8,2.0,23.3,12.0,0.5,0.5,0.6,-14.3,-3.8,6.8,-3.8,2.0,21.8,12.0,0.5,0.5,0.6,3.0,3.0,3.0,3.0,1.0,0.0,10.0,1.0,0.8,0.7,24.6,24.6,24.6,24.6,1.0,0.0,10.0,1.0,0.8,0.7,3.51,3.51,3.51,3.51,1.0,0.0,10.0,1.0,0.8,0.7,28.8,28.8,28.8,28.8,1.0,0.0,10.0,1.0,0.8,0.7,-178.9,-164.3,-149.6,-164.3,2.0,30.3,12.0,0.5,0.5,0.6,-64.2,-24.9,14.5,-24.9,2.0,81.5,12.0,0.5,0.5,0.6,-134.2,-117.3,-100.4,-117.3,2.0,35.0,12.0,0.5,0.5,0.6,-41.0,-14.2,12.6,-14.2,2.0,55.5,12.0,0.5,0.5,0.6,-28.3,-28.3,-28.3,-28.3,1.0,0.0,10.0,1.0,0.8,0.7,5.0,5.0,5.0,5.0,1.0,0.0,10.0,1.0,0.8,0.7,288.0,395.0,501.5,395.0,2.0,221.5,12.0,0.5,0.5,0.6,290.0,395.0,500.0,395.0,2.0,220.0,12.0,0.5,0.5,0.6
1974,2,209.0,10.0,25.0,25.0,25.0,25.0,1.0,0.0,28.0,0.0,0.1,0.5,23.9,23.9,23.9,23.9,1.0,0.0,28.0,0.0,0.1,0.5,15.03,15.03,15.03,15.03,1.0,0.0,28.0,0.0,0.1,0.5,81.3,81.3,81.3,81.3,1.0,0.0,28.0,0.0,0.5,11.3,11.3,11.3,11.3,1.0,0.0,28.0,0.0,0.1,0.5,-11.13,-11.13,-11.13,-11.13,1.0,0.0,28.0,0.0,0.1,0.5,-1.96,-1.96,-1.96,-1.96,1.0,0.0,28.0,0.0,0.1,0.5,1011.0,1011.0,1011.0,1011.0,1.0,0.0,28.0,0.0,0.1,0.5,3.0,3.0,3.0,3.0,1.0,0.0,28.0,0.0,0.1,0.5,-125.7,-125.7,-125.7,-125.7,1.0,0.0,28.0,0.0,0.1,0.5,-22.2,-22.2,-22.2,-22.2,1.0,0.0,28.0,0.0,0.1,0.5,1.1,1.1,1.1,1.1,1.0,0.0,28.0,0.0,0.1,0.5,12.4,12.4,12.4,12.4,1.0,0.0,28.0,0.0,0.1,0.5,4.78,4.78,4.78,4.78,1.0,0.0,28.0,0.0,0.1,0.5,54.0,54.0,54.0,54.0,1.0,0.0,28.0,0.0,0.1,0.5,-266.0,-266.0,-266.0,-266.0,1.0,0.0,28.0,0.0,0.1,0.5,-46.9,-46.9,-46.9,-46.9,1.0,0.0,28.0,0.0,0.1,0.5,-167.3,-167.3,-167.3,-167.3,1.0,0.0,28.0,0.0,0.1,0.5,-29.5,-29.5,-29.5,-29.5,1.0,0.0,28.0,0.0,0.1,0.5,-53.2,-53.2,-53.2,-53.2,1.0,0.0,28.0,0.0,0.1,0.5,-9.4,-9.4,-9.4,-9.4,1.0,0.0,28.0,0.0,0.1,0.5,1443.0,1443.0,1443.0,1443.0,1.0,0.0,28.0,0.0,0.1,0.5,1445.0,1445.0,1445.0,1445.0,1.0,0.0,28.0,0.0,0.1,0.5
1974,2,209.0,11.0,24.5,24.5,24.5,24.5,1.0,0.0,16.0,0.0,0.5,0.5,24.5,24.5,24.5,24.5,1.0,0.0,16.0,0.0,0.5,0.5,15.36,15.36,15.36,15.36,1.0,0.0,16.0,0.0,0.5,0.5,80.4,80.4,80.4,80.4,1.0,0.0,16.0,0.0,0.5,9.3,9.3,9.3,9.3,1.0,0.0,16.0,0.0,0.5,0.5,-9.3,-9.3,-9.3,-9.3,1.0,0.0,16.0,0.0,0.5,0.5,0.0,0.0,0.0,0.0,1.0,0.0,16.0,0.0,0.5,0.5,1014.5,1014.5,1014.5,1014.5,1.0,0.0,16.0,0.0,0.5,0.5,1.0,1.0,1.0,1.0,1.0,0.0,16.0,0.0,0.5,0.5,-86.5,-86.5,-86.5,-86.5,1.0,0.0,16.0,0.0,0.5,0.5,0.0,0.0,0.0,0.0,1.0,0.0,16.0,0.0,0.5,0.5,0.0,0.0,0.0,0.0,1.0,0.0,16.0,0.0,0.5,0.5,0.0,0.0,0.0,0.0,1.0,0.0,16.0,0.0,0.5,0.5,3.8,3.8,3.8,3.8,1.0,0.0,16.0,0.0,0.5,0.5,35.3,35.3,35.3,35.3,1.0,0.0,16.0,0.0,0.5,0.5,-227.8,-227.8,-227.8,-227.8,1.0,0.0,16.0,0.0,0.5,0.5,0.0,0.0,0.0,0.0,1.0,0.0,16.0,0.0,0.5,0.5,-142.8,-142.8,-142.8,-142.8,1.0,0.0,16.0,0.0,0.5,0.5,0.0,0.0,0.0,0.0,1.0,0.0,16.0,0.0,0.5,0.5,-35.3,-35.3,-35.3,-35.3,1.0,0.0,16.0,0.0,0.5,0.5,0.0,0.0,0.0,0.0,1.0,0.0,16.0,0.0,0.5,0.5,804.5,804.5,804.5,804.5,1.0,0.0,16.0,0.0,0.5,0.5,805.0,805.0,805.0,805.0,1.0,0.0,16.0,0.0,0.5,0.5
1974,2,209.0,13.0,23.98,25.0,25.68,24.83,3.0,1.26,16.0,0.3,0.4,0.1,24.31,25.2,26.09,25.2,2.0,1.84,12.0,0.5,0.4,0.0,16.8,16.85,16.89,16.85,2.0,0.09,12.0,0.5,0.4,0.0,80.2,84.5,88.8,84.5,2.0,8.9,12.0,0.5,0.0,4.08,5.1,6.53,5.3,3.0,1.81,16.0,0.3,0.4,0.1,-6.24,-4.42,-2.24,-4.25,3.0,2.93,16.0,0.3,0.4,0.1,-3.12,-2.55,0.04,-1.56,3.0,2.47,16.0,0.3,0.4,0.1,1011.48,1012.5,1016.94,1014.17,3.0,4.25,16.0,0.3,0.4,0.1,2.0,4.0,4.0,3.0,3.0,1.7,16.0,0.3,0.4,0.1,-42.0,-22.5,-10.2,-26.0,3.0,23.5,16.0,0.3,0.4,0.1,-12.7,-12.2,2.3,-5.4,3.0,12.5,16.0,0.3,0.4,0.1,-0.25,0.3,0.85,0.3,2.0,1.13,12.0,0.5,0.4,0.0,-2.1,1.0,4.1,1.0,2.0,6.5,12.0,0.5,0.4,0.0,3.18,3.57,3.95,3.57,2.0,0.8,12.0,0.5,0.4,0.0,17.6,22.5,27.5,22.5,2.0,10.2,12.0,0.5,0.4,0.0,-174.8,-146.7,-118.6,-146.7,2.0,58.2,12.0,0.5,0.4,0.0,-46.0,-13.9,18.2,-13.9,2.0,66.5,12.0,0.5,0.4,0.0,-112.6,-97.0,-81.4,-97.0,2.0,32.4,12.0,0.5,0.4,0.0,-32.6,-10.8,11.0,-10.8,2.0,45.2,12.0,0.5,0.4,0.0,-26.8,-21.3,-15.8,-21.3,2.0,11.3,12.0,0.5,0.4,0.0,-5.6,-1.2,3.1,-1.2,2.0,9.1,12.0,0.5,0.4,0.0,74.0,132.5,297.0,184.0,3.0,169.5,16.0,0.3,0.4,0.1,75.0,135.0,295.0,185.0,3.0,170.0,16.0,0.3,0.4,0.1
1974,2,209.0,14.0,25.52,26.65,27.78,26.65,2.0,2.33,22.0,1.0,0.7,0.1,24.5,24.5,24.5,24.5,1.0,0.0,16.0,1.0,0.4,0.3,12.67,12.67,12.67,12.67,1.0,0.0,16.0,1.0,0.4,0.3,66.7,66.7,66.7,66.7,1.0,0.0,16.0,1.0,0.3,10.3,10.3,10.3,10.3,1.0,0.0,16.0,1.0,0.4,0.3,-8.92,-8.92,-8.92,-8.92,1.0,0.0,16.0,1.0,0.4,0.3,-5.15,-5.15,-5.15,-5.15,1.0,0.0,16.0,1.0,0.4,0.3,1013.11,1015.5,1017.89,1015.5,2.0,4.95,22.0,1.0,0.7,0.1,0.2,0.5,0.8,0.5,2.0,0.7,22.0,1.0,0.7,0.1,-91.9,-91.9,-91.9,-91.9,1.0,0.0,16.0,1.0,0.4,0.3,-53.0,-53.0,-53.0,-53.0,1.0,0.0,16.0,1.0,0.4,0.3,0.5,0.5,0.5,0.5,1.0,0.0,16.0,1.0,0.4,0.3,5.2,5.2,5.2,5.2,1.0,0.0,16.0,1.0,0.4,0.3,6.99,6.99,6.99,6.99,1.0,0.0,16.0,1.0,0.4,0.3,72.0,72.0,72.0,72.0,1.0,0.0,16.0,1.0,0.4,0.3,-218.5,-218.5,-218.5,-218.5,1.0,0.0,16.0,1.0,0.4,0.3,-126.2,-126.2,-126.2,-126.2,1.0,0.0,16.0,1.0,0.4,0.3,-113.0,-113.0,-113.0,-113.0,1.0,0.0,16.0,1.0,0.4,0.3,-65.2,-65.2,-65.2,-65.2,1.0,0.0,16.0,1.0,0.4,0.3,-62.4,-62.4,-62.4,-62.4,1.0,0.0,16.0,1.0,0.4,0.3,-36.0,-36.0,-36.0,-36.0,1.0,0.0,16.0,1.0,0.4,0.3,1092.5,1092.5,1092.5,1092.5,1.0,0.0,16.0,1.0,0.4,0.3,1095.0,1095.0,1095.0,1095.0,1.0,0.0,16.0,1.0,0.4,0.3
1974,2,209.0,15.0,,,,,,,,,,,,,,,,,,,,,,,,,,,,,,,,,,,,,,,,10.3,10.3,10.3,10.3,1.0,0.0,22.0,0.0,0.9,0.3,-10.3,-10.3,-10.3,-10.3,1.0,0.0,22.0,0.0,0.9,0.3,0.0,0.0,0.0,0.0,1.0,0.0,22.0,0.0,0.9,0.3,1010.8,1010.8,1010.8,1010.8,1.0,0.0,22.0,0.0,0.9,0.3,3.0,3.0,3.0,3.0,1.0,0.0,22.0,0.0,0.9,0.3,-106.1,-106.1,-106.1,-106.1,1.0,0.0,22.0,0.0,0.9,0.3,0.0,0.0,0.0,0.0,1.0,0.0,22.0,0.0,0.9,0.3,,,,,,,,,,,,,,,,,,,,,,,,,,,,,,,,,,,,,,,,,-246.2,-246.2,-246.2,-246.2,1.0,0.0,22.0,0.0,0.9,0.3,0.0,0.0,0.0,0.0,1.0,0.0,22.0,0.0,0.9,0.3,-140.1,-140.1,-140.1,-140.1,1.0,0.0,22.0,0.0,0.9,0.3,0.0,0.0,0.0,0.0,1.0,0.0,22.0,0.0,0.9,0.3,,,,,,,,,,,,,,,,,,,,,,,,,,,,,,,,,,,,,,,,
1974,2,209.0,16.0,23.89,24.4,24.44,24.14,5.0,0.64,20.0,0.8,0.7,0.8,23.69,24.1,24.49,24.12,5.0,0.56,20.0,0.8,0.7,0.8,13.32,15.28,15.51,14.55,5.0,1.26,20.0,0.8,0.7,0.8,73.7,77.5,82.8,77.8,5.0,5.4,20.0,0.8,0.8,7.7,7.7,8.83,8.32,5.0,1.39,20.0,0.8,0.7,0.8,-8.52,-7.58,-7.25,-7.91,5.0,1.31,20.0,0.8,0.7,0.8,-3.75,-1.34,-1.34,-2.31,5.0,1.33,20.0,0.8,0.7,0.8,1013.2,1013.5,1015.18,1014.08,5.0,1.09,20.0,0.8,0.7,0.8,2.5,3.0,3.0,2.8,4.0,0.5,18.0,1.0,0.7,0.8,-77.1,-58.4,-55.8,-67.2,5.0,23.9,20.0,0.8,0.7,0.8,-33.4,-10.3,-10.3,-20.1,5.0,13.9,20.0,0.8,0.7,0.8,-0.6,0.3,0.75,0.02,5.0,1.17,20.0,0.8,0.7,0.8,-6.9,2.3,5.7,-1.1,5.0,11.7,20.0,0.8,0.7,0.8,3.03,3.59,5.78,4.21,5.0,1.63,20.0,0.8,0.7,0.8,25.8,27.7,44.5,33.8,5.0,10.7,20.0,0.8,0.7,0.8,-209.1,-182.8,-171.8,-191.4,5.0,36.5,20.0,0.8,0.7,0.8,-91.2,-32.4,-32.1,-55.8,5.0,32.5,20.0,0.8,0.7,0.8,-131.6,-117.4,-94.8,-115.7,5.0,25.1,20.0,0.8,0.7,0.8,-53.9,-20.8,-19.4,-33.5,5.0,19.2,20.0,0.8,0.7,0.8,-40.6,-27.2,-25.1,-32.1,5.0,10.0,20.0,0.8,0.7,0.8,-13.0,-8.2,-4.8,-9.5,5.0,6.8,20.0,0.8,0.7,0.8,456.5,456.5,750.0,617.0,5.0,359.0,20.0,0.8,0.7,0.8,455.0,455.0,750.0,615.0,5.0,360.0,20.0,0.8,0.7,0.8
1974,2,209.0,17.0,24.0,24.0,24.0,24.0,1.0,0.0,10.0,0.0,0.5,0.9,22.8,22.8,22.8,22.8,1.0,0.0,10.0,0.0,0.5,0.9,13.1,13.1,13.1,13.1,1.0,0.0,10.0,0.0,0.5,0.9,76.2,76.2,76.2,76.2,1.0,0.0,10.0,0.0,0.9,5.7,5.7,5.7,5.7,1.0,0.0,10.0,0.0,0.5,0.9,-5.7,-5.7,-5.7,-5.7,1.0,0.0,10.0,0.0,0.5,0.9,0.0,0.0,0.0,0.0,1.0,0.0,10.0,0.0,0.5,0.9,1016.7,1016.7,1016.7,1016.7,1.0,0.0,10.0,0.0,0.5,0.9,0.0,0.0,0.0,0.0,1.0,0.0,10.0,0.0,0.5,0.9,-32.5,-32.5,-32.5,-32.5,1.0,0.0,10.0,0.0,0.5,0.9,0.0,0.0,0.0,0.0,1.0,0.0,10.0,0.0,0.5,0.9,1.2,1.2,1.2,1.2,1.0,0.0,10.0,0.0,0.5,0.9,6.8,6.8,6.8,6.8,1.0,0.0,10.0,0.0,0.5,0.9,5.44,5.44,5.44,5.44,1.0,0.0,10.0,0.0,0.5,0.9,31.0,31.0,31.0,31.0,1.0,0.0,10.0,0.0,0.5,0.9,-130.0,-130.0,-130.0,-130.0,1.0,0.0,10.0,0.0,0.5,0.9,0.0,0.0,0.0,0.0,1.0,0.0,10.0,0.0,0.5,0.9,-74.7,-74.7,-74.7,-74.7,1.0,0.0,10.0,0.0,0.5,0.9,0.0,0.0,0.0,0.0,1.0,0.0,10.0,0.0,0.5,0.9,-31.0,-31.0,-31.0,-31.0,1.0,0.0,10.0,0.0,0.5,0.9,0.0,0.0,0.0,0.0,1.0,0.0,10.0,0.0,0.5,0.9,185.0,185.0,185.0,185.0,1.0,0.0,10.0,0.0,0.5,0.9,185.0,185.0,185.0,185.0,1.0,0.0,10.0,0.0,0.5,0.9
1974,2,209.0,18.0,23.48,24.0,24.52,24.0,4.0,0.82,18.0,0.5,0.8,0.4,23.58,24.2,25.13,24.35,4.0,1.09,18.0,0.5,0.8,0.4,13.47,14.67,15.86,14.67,2.0,2.47,18.0,0.0,0.7,0.3,74.4,76.5,78.6,76.5,2.0,4.3,18.0,0.0,0.3,7.94,9.1,11.57,9.73,4.0,2.4,18.0,0.5,0.8,0.4,-11.28,-8.8,-6.99,-9.12,4.0,2.96,18.0,0.5,0.8,0.4,-4.22,-1.71,0.0,-2.09,4.0,2.5,18.0,0.5,0.8,0.4,1012.96,1017.1,1018.62,1015.85,4.0,3.97,18.0,0.5,0.8,0.4,1.0,2.5,4.0,2.5,4.0,2.1,18.0,0.5,0.8,0.4,-133.3,-80.6,-55.8,-93.9,4.0,53.9,18.0,0.5,0.8,0.4,-36.2,-17.1,0.0,-18.1,4.0,20.9,18.0,0.5,0.8,0.4,-1.42,-0.7,0.75,-0.35,4.0,1.54,18.0,0.5,0.8,0.4,-13.9,-8.5,5.4,-4.5,4.0,13.1,18.0,0.5,0.8,0.4,2.87,4.45,6.02,4.45,2.0,3.26,18.0,0.0,0.7,0.3,23.0,34.8,46.5,34.8,2.0,24.4,18.0,0.0,0.7,0.3,-272.6,-220.4,-172.4,-222.4,4.0,71.9,18.0,0.5,0.8,0.4,-99.9,-41.7,0.0,-49.6,4.0,58.7,18.0,0.5,0.8,0.4,-125.4,-105.4,-85.5,-105.4,2.0,41.3,18.0,0.0,0.7,0.3,-53.8,-32.0,-10.1,-32.0,2.0,45.2,18.0,0.0,0.7,0.3,-36.3,-28.7,-21.1,-28.7,2.0,15.8,18.0,0.0,0.7,0.3,-28.1,-16.7,-5.3,-16.7,2.0,23.6,18.0,0.0,0.7,0.3,501.5,775.5,1627.0,1051.0,4.0,800.0,18.0,0.5,0.8,0.4,500.0,775.0,1625.0,1050.0,4.0,800.0,18.0,0.5,0.8,0.4
1974,2,209.0,19.0,23.24,23.95,24.71,23.98,4.0,0.9,12.0,1.0,0.4,0.5,22.48,23.5,24.16,23.33,4.0,1.04,12.0,1.0,0.4,0.5,13.29,14.14,16.29,14.76,4.0,2.15,12.0,1.0,0.4,0.5,75.5,81.6,90.3,82.9,4.0,10.0,12.0,1.0,0.5,5.7,6.2,7.22,6.45,4.0,0.96,12.0,1.0,0.4,0.5,-6.93,-6.11,-5.61,-6.27,4.0,0.8,12.0,1.0,0.4,0.5,-0.91,0.99,1.08,0.13,4.0,1.84,12.0,1.0,0.4,0.5,1013.26,1015.05,1018.62,1015.9,4.0,3.69,12.0,1.0,0.4,0.5,3.0,3.0,3.5,3.3,4.0,0.5,12.0,1.0,0.4,0.5,-50.2,-38.1,-32.0,-41.0,4.0,11.4,12.0,1.0,0.4,0.5,-7.9,5.6,6.8,-0.3,4.0,13.4,12.0,1.0,0.4,0.5,-0.21,0.55,1.52,0.65,4.0,1.09,12.0,1.0,0.4,0.5,-1.5,3.1,10.8,4.6,4.0,8.1,12.0,1.0,0.4,0.5,2.26,4.76,5.22,3.79,4.0,2.41,12.0,1.0,0.4,0.5,13.0,28.3,34.9,24.2,4.0,16.0,12.0,1.0,0.4,0.5,-162.6,-147.4,-129.6,-146.2,4.0,19.7,12.0,1.0,0.4,0.5,-21.4,22.9,26.1,3.3,4.0,42.7,12.0,1.0,0.4,0.5,-111.9,-91.2,-74.6,-93.2,4.0,21.9,12.0,1.0,0.4,0.5,-14.1,13.2,17.3,2.1,4.0,27.3,12.0,1.0,0.4,0.5,-33.5,-27.9,-12.8,-23.4,4.0,15.3,12.0,1.0,0.4,0.5,-6.8,2.4,4.9,-0.8,4.0,8.6,12.0,1.0,0.4,0.5,185.0,243.0,382.5,282.0,4.0,128.5,12.0,1.0,0.4,0.5,185.0,245.0,380.0,280.0,4.0,130.0,12.0,1.0,0.4,0.5
1974,2,209.0,20.0,23.4,24.0,25.37,24.3,5.0,1.25,16.0,0.8,0.4,0.5,22.67,23.7,24.68,23.66,5.0,1.16,16.0,0.8,0.4,0.5,12.63,13.74,15.19,14.04,5.0,1.99,16.0,0.8,0.4,0.5,71.5,75.4,84.3,77.4,5.0,9.5,16.0,0.8,0.5,5.94,7.2,9.3,7.6,4.0,2.1,14.0,0.8,0.4,0.5,-9.24,-7.14,-5.89,-7.55,4.0,2.11,14.0,0.8,0.4,0.5,0.0,0.49,1.22,0.6,4.0,0.72,14.0,0.8,0.4,0.5,1015.09,1018.5,1019.05,1017.3,5.0,2.56,16.0,0.8,0.4,0.5,2.0,3.0,5.4,3.6,5.0,1.8,16.0,0.8,0.4,0.5,-87.1,-52.3,-35.1,-60.7,4.0,33.7,14.0,0.8,0.4,0.5,0.0,2.8,8.8,4.3,4.0,5.6,14.0,0.8,0.4,0.5,-0.68,1.0,1.81,0.64,5.0,1.33,16.0,0.8,0.4,0.5,-5.7,2.3,13.2,3.7,4.0,11.2,14.0,0.8,0.4,0.5,2.59,5.73,6.75,4.87,5.0,2.69,16.0,0.8,0.4,0.5,16.1,27.6,40.7,28.4,4.0,15.5,14.0,0.8,0.4,0.5,-220.6,-166.3,-135.0,-177.3,4.0,56.2,14.0,0.8,0.4,0.5,0.0,10.9,27.6,13.7,4.0,16.4,14.0,0.8,0.4,0.5,-147.5,-98.8,-76.9,-111.6,4.0,48.6,14.0,0.8,0.4,0.5,0.0,6.1,16.2,8.0,4.0,9.8,14.0,0.8,0.4,0.5,-40.1,-27.3,-16.1,-28.1,4.0,15.1,14.0,0.8,0.4,0.5,0.0,2.9,7.1,3.5,4.0,4.2,14.0,0.8,0.4,0.5,210.5,395.0,835.0,517.0,4.0,416.5,14.0,0.8,0.4,0.5,210.0,395.0,835.0,515.0,4.0,415.0,14.0,0.8,0.4,0.5
1974,2,209.0,21.0,22.38,23.8,24.65,23.52,11.0,1.24,14.0,0.6,0.5,0.4,23.0,23.3,24.95,23.87,11.0,1.17,14.0,0.6,0.5,0.4,12.17,12.8,15.0,13.38,11.0,1.38,14.0,0.6,0.5,0.4,66.6,71.6,80.9,73.3,11.0,8.0,14.0,0.6,0.4,6.2,8.2,10.71,8.85,11.0,3.7,14.0,0.6,0.5,0.4,-10.43,-8.2,-6.11,-8.67,11.0,3.74,14.0,0.6,0.5,0.4,-0.74,0.0,1.3,0.16,11.0,1.74,14.0,0.6,0.5,0.4,1017.88,1020.0,1022.08,1019.97,11.0,2.7,14.0,0.6,0.5,0.4,2.0,3.0,6.0,3.7,11.0,1.8,14.0,0.6,0.5,0.4,-111.8,-67.2,-37.9,-89.2,11.0,84.9,14.0,0.6,0.5,0.4,-7.6,0.0,9.3,-1.3,11.0,16.6,14.0,0.6,0.5,0.4,-2.36,0.5,1.35,-0.35,11.0,2.15,14.0,0.6,0.5,0.4,-17.3,4.1,11.3,-2.7,11.0,18.1,14.0,0.6,0.5,0.4,3.61,4.74,6.4,4.61,11.0,2.02,14.0,0.6,0.5,0.4,24.1,40.2,51.6,43.6,11.0,32.7,14.0,0.6,0.5,0.4,-254.8,-196.8,-140.6,-206.8,11.0,87.9,14.0,0.6,0.5,0.4,-17.0,0.0,32.4,4.2,11.0,40.6,14.0,0.6,0.5,0.4,-134.8,-105.0,-76.6,-113.3,11.0,40.9,14.0,0.6,0.5,0.4,-9.7,0.0,19.9,3.4,11.0,22.9,14.0,0.6,0.5,0.4,-49.8,-40.2,-23.2,-42.9,11.0,32.7,14.0,0.6,0.5,0.4,-3.6,0.0,7.7,0.2,11.0,8.2,14.0,0.6,0.5,0.4,238.5,551.5,1237.5,1082.0,11.0,1637.0,14.0,0.6,0.5,0.4,240.0,550.0,1235.0,1080.0,11.0,1635.0,14.0,0.6,0.5,0.4
1974,2,209.0,22.0,22.86,23.4,25.0,23.68,6.0,1.1,16.0,0.3,0.5,0.4,20.4,21.55,23.17,21.73,6.0,1.57,16.0,0.3,0.5,0.4,11.82,12.44,13.32,12.5,6.0,0.81,16.0,0.3,0.5,0.4,73.8,76.3,84.1,78.0,6.0,8.2,16.0,0.3,0.4,5.47,7.45,10.84,8.07,6.0,3.09,16.0,0.3,0.5,0.4,-10.8,-7.15,-5.28,-7.82,6.0,3.2,16.0,0.3,0.5,0.4,-2.4,-0.58,1.25,-0.51,6.0,1.95,16.0,0.3,0.5,0.4,1016.45,1018.25,1021.59,1019.07,6.0,3.48,16.0,0.3,0.5,0.4,3.0,4.0,7.2,4.8,6.0,2.1,16.0,0.3,0.5,0.4,-118.0,-53.7,-29.2,-71.3,6.0,54.6,16.0,0.3,0.5,0.4,-13.1,-3.9,10.4,-1.1,6.0,17.7,16.0,0.3,0.5,0.4,-0.1,2.1,3.41,1.95,6.0,2.03,16.0,0.3,0.5,0.4,-0.5,19.8,34.6,18.3,6.0,17.2,16.0,0.3,0.5,0.4,4.31,5.42,7.11,5.68,6.0,1.44,16.0,0.3,0.5,0.4,25.4,47.6,59.2,45.4,6.0,18.4,16.0,0.3,0.5,0.4,-237.7,-145.3,-122.0,-167.8,6.0,64.6,16.0,0.3,0.5,0.4,-55.4,-11.6,27.5,-11.2,6.0,41.8,16.0,0.3,0.5,0.4,-139.8,-83.3,-69.1,-98.7,6.0,44.8,16.0,0.3,0.5,0.4,-28.7,-6.9,16.7,-5.1,6.0,24.2,16.0,0.3,0.5,0.4,-58.5,-45.9,-23.2,-44.0,6.0,19.1,16.0,0.3,0.5,0.4,-13.3,-4.5,5.3,-3.8,6.0,9.9,16.0,0.3,0.5,0.4,167.0,426.0,1310.5,729.0,6.0,781.5,16.0,0.3,0.5,0.4,165.0,425.0,1310.0,730.0,6.0,780.0,16.0,0.3,0.5,0.4
1974,2,209.0,23.0,22.73,23.7,24.6,23.6,6.0,1.24,16.0,0.3,0.4,0.4,21.44,22.0,22.07,21.78,5.0,0.47,16.0,0.4,0.4,0.4,11.31,11.58,12.82,11.96,5.0,0.84,16.0,0.4,0.4,0.4,68.9,75.5,79.1,74.4,5.0,5.5,16.0,0.4,0.4,8.12,10.55,11.63,9.7,6.0,3.22,16.0,0.3,0.4,0.4,-9.5,-8.47,-6.52,-7.67,6.0,3.31,16.0,0.3,0.4,0.4,-7.8,-5.0,0.33,-4.26,6.0,4.46,16.0,0.3,0.4,0.4,1019.0,1019.6,1021.91,1020.46,5.0,2.1,16.0,0.4,0.4,0.4,2.6,3.0,4.0,3.0,6.0,1.1,16.0,0.3,0.4,0.4,-109.0,-91.5,-65.4,-82.1,6.0,40.3,16.0,0.3,0.4,0.4,-91.5,-40.2,3.1,-45.8,6.0,55.5,16.0,0.3,0.4,0.4,0.63,2.0,2.31,1.54,5.0,1.03,16.0,0.4,0.4,0.4,4.6,10.8,26.7,14.4,5.0,12.2,16.0,0.4,0.4,0.4,4.82,6.23,6.76,5.79,5.0,1.65,16.0,0.4,0.4,0.4,25.8,65.1,78.1,55.8,5.0,31.1,16.0,0.4,0.4,0.4,-212.9,-184.1,-119.6,-164.0,5.0,80.9,16.0,0.4,0.4,0.4,-172.6,-71.0,12.8,-80.2,5.0,104.2,16.0,0.4,0.4,0.4,-119.1,-100.5,-65.4,-89.6,5.0,43.5,16.0,0.4,0.4,0.4,-94.8,-39.2,7.6,-43.1,5.0,56.0,16.0,0.4,0.4,0.4,-64.2,-49.9,-20.5,-43.0,5.0,25.1,16.0,0.4,0.4,0.4,-53.7,-19.7,1.8,-26.2,5.0,32.6,16.0,0.4,0.4,0.4,648.0,1176.0,1588.0,1132.0,6.0,697.0,16.0,0.3,0.4,0.4,650.0,1175.0,1590.0,1130.0,6.0,695.0,16.0,0.3,0.4,0.4
1974,2,209.0,24.0,22.2,23.0,23.9,23.02,13.0,0.77,14.0,0.5,0.5,0.6,20.53,21.65,22.99,21.72,14.0,1.47,14.0,0.4,0.5,0.6,10.87,12.07,13.87,12.3,12.0,1.65,16.0,0.5,0.5,0.6,72.0,74.0,85.4,76.6,12.0,7.6,16.0,0.5,0.6,7.2,7.95,9.3,8.13,14.0,2.66,14.0,0.4,0.5,0.6,-9.26,-6.07,1.17,-4.27,14.0,6.31,14.0,0.4,0.5,0.6,-4.57,1.19,5.07,0.77,14.0,4.26,14.0,0.4,0.5,0.6,1015.81,1018.6,1021.44,1017.95,13.0,5.71,14.0,0.5,0.5,0.6,2.0,4.0,6.1,4.4,13.0,1.8,16.0,0.4,0.6,0.6,-86.2,-45.0,8.4,-41.2,14.0,66.6,14.0,0.4,0.5,0.6,-43.7,6.3,39.1,2.5,14.0,36.5,14.0,0.4,0.5,0.6,-0.11,1.7,2.8,1.24,13.0,1.6,14.0,0.5,0.5,0.6,-0.2,12.2,23.9,12.1,13.0,16.1,14.0,0.5,0.5,0.6,3.69,5.43,6.56,5.15,12.0,1.54,16.0,0.5,0.5,0.6,25.1,45.3,57.1,45.8,12.0,25.3,16.0,0.5,0.5,0.6,-216.7,-125.6,25.0,-92.8,14.0,135.6,14.0,0.4,0.5,0.6,-93.8,27.6,115.3,19.4,14.0,90.5,14.0,0.4,0.5,0.6,-110.9,-55.5,26.7,-42.2,12.0,79.4,16.0,0.5,0.5,0.6,-52.5,18.0,76.9,14.3,12.0,55.5,16.0,0.5,0.5,0.6,-56.8,-25.2,13.0,-22.4,12.0,41.5,16.0,0.5,0.5,0.6,-35.4,5.5,21.9,0.4,12.0,25.8,16.0,0.5,0.5,0.6,373.0,504.0,804.5,694.5,14.0,644.5,14.0,0.4,0.5,0.6,375.0,505.0,805.0,695.0,14.0,645.0,14.0,0.4,0.5,0.6
1974,2,209.0,25.0,22.14,22.8,23.79,22.79,18.0,1.15,14.0,0.3,0.5,0.4,20.79,21.65,22.01,21.34,16.0,0.85,14.0,0.3,0.5,0.4,11.43,12.91,13.85,12.71,16.0,1.49,14.0,0.3,0.5,0.4,73.3,81.5,88.6,81.0,16.0,7.5,14.0,0.3,0.4,3.87,8.2,9.3,7.61,17.0,2.76,14.0,0.3,0.5,0.4,-9.0,-7.7,-3.34,-6.91,17.0,2.78,14.0,0.3,0.5,0.4,-2.03,0.0,2.95,0.09,17.0,3.26,14.0,0.3,0.5,0.4,1017.55,1021.0,1023.0,1020.45,17.0,3.13,14.0,0.3,0.5,0.4,2.0,4.0,6.6,4.3,16.0,2.1,12.0,0.3,0.5,0.4,-83.7,-59.3,-12.3,-59.1,17.0,38.8,14.0,0.3,0.5,0.4,-19.9,0.0,23.6,-1.6,17.0,30.5,14.0,0.3,0.5,0.4,0.54,1.6,2.55,1.61,16.0,0.93,14.0,0.3,0.5,0.4,3.5,10.1,21.1,11.9,16.0,9.2,14.0,0.3,0.5,0.4,3.12,4.84,5.87,4.65,16.0,1.17,14.0,0.3,0.5,0.4,17.5,36.3,53.1,34.8,16.0,16.1,14.0,0.3,0.5,0.4,-195.7,-163.1,-70.5,-148.8,16.0,63.1,14.0,0.3,0.5,0.4,0.0,5.7,65.5,10.4,16.0,61.9,14.0,0.3,0.5,0.4,-119.1,-97.9,-43.7,-89.0,16.0,40.5,14.0,0.3,0.5,0.4,0.0,3.2,40.3,6.9,16.0,36.1,14.0,0.3,0.5,0.4,-53.0,-27.8,-16.4,-32.1,16.0,16.4,14.0,0.3,0.5,0.4,0.0,1.6,10.3,1.1,16.0,13.6,14.0,0.3,0.5,0.4,58.5,551.5,804.5,598.5,17.0,519.0,14.0,0.3,0.5,0.4,60.0,550.0,805.0,600.0,17.0,520.0,14.0,0.3,0.5,0.4
1974,2,209.0,26.0,19.81,21.05,22.73,21.06,12.0,1.87,16.0,0.6,0.7,0.3,20.0,20.6,22.02,21.18,13.0,1.37,16.0,0.6,0.6,0.4,11.2,12.59,14.47,12.59,12.0,1.82,16.0,0.6,0.7,0.3,72.1,80.7,89.0,80.5,12.0,8.8,16.0,0.6,0.3,5.55,6.7,8.85,6.83,12.0,2.05,16.0,0.6,0.6,0.4,-6.52,-5.35,1.09,-3.16,12.0,5.19,16.0,0.6,0.6,0.4,-4.23,-0.54,4.58,-0.29,12.0,4.13,16.0,0.6,0.6,0.4,1017.67,1021.5,1026.77,1021.8,12.0,4.69,16.0,0.6,0.7,0.3,1.0,4.0,7.1,4.3,13.0,2.8,16.0,0.6,0.6,0.4,-52.8,-33.7,7.2,-22.5,12.0,42.1,16.0,0.6,0.6,0.4,-31.8,-3.3,34.4,-4.1,12.0,32.8,16.0,0.6,0.6,0.4,-2.58,0.1,1.51,-0.22,12.0,1.95,16.0,0.6,0.7,0.3,-11.1,2.6,12.8,0.2,11.0,13.5,18.0,0.5,0.7,0.4,1.79,2.27,4.51,2.89,12.0,1.47,16.0,0.6,0.7,0.3,10.8,16.9,33.6,20.2,11.0,12.2,18.0,0.5,0.7,0.4,-137.5,-112.2,28.1,-64.2,12.0,110.9,16.0,0.6,0.6,0.4,-84.6,-11.1,97.0,-4.6,12.0,86.4,16.0,0.6,0.6,0.4,-85.9,-58.3,29.0,-33.8,11.0,70.3,18.0,0.5,0.7,0.4,-45.5,0.0,59.8,4.3,11.0,49.2,18.0,0.5,0.7,0.4,-27.3,-10.8,4.0,-12.4,11.0,17.3,18.0,0.5,0.7,0.4,-10.6,0.0,9.8,-0.6,11.0,11.5,18.0,0.5,0.7,0.4,172.0,306.0,695.5,391.0,12.0,264.5,16.0,0.6,0.6,0.4,170.0,305.0,695.0,390.0,12.0,265.0,16.0,0.6,0.6,0.4
1974,2,209.0,27.0,20.37,21.2,22.97,21.65,4.0,1.96,20.0,0.3,0.6,0.5,20.24,20.95,21.4,20.83,4.0,0.69,20.0,0.3,0.6,0.5,11.67,11.83,12.81,12.22,4.0,0.92,20.0,0.3,0.6,0.5,77.1,79.8,83.9,80.5,4.0,4.4,20.0,0.3,0.5,5.86,6.2,6.54,6.2,3.0,0.5,24.0,0.3,0.7,0.5,-6.04,-5.7,-3.37,-4.73,3.0,2.13,24.0,0.3,0.7,0.5,0.0,0.0,4.3,2.1,3.0,3.63,24.0,0.3,0.7,0.5,1019.0,1020.0,1021.52,1020.25,4.0,1.5,20.0,0.3,0.6,0.5,3.0,5.5,7.5,5.3,4.0,2.8,20.0,0.3,0.6,0.5,-36.6,-32.5,-20.8,-28.8,3.0,12.0,24.0,0.3,0.7,0.5,0.0,0.0,28.8,14.1,3.0,24.4,24.0,0.3,0.7,0.5,-0.56,-0.2,2.31,0.83,4.0,2.4,20.0,0.3,0.6,0.5,-3.0,0.0,17.1,6.9,3.0,15.9,24.0,0.3,0.7,0.5,2.19,3.21,5.59,3.86,4.0,2.38,20.0,0.3,0.6,0.5,19.2,25.5,36.1,27.6,3.0,12.6,24.0,0.3,0.7,0.5,-122.9,-114.0,-69.7,-96.7,3.0,41.8,24.0,0.3,0.7,0.5,0.0,0.0,92.0,44.9,3.0,77.8,24.0,0.3,0.7,0.5,-70.4,-66.7,-39.9,-55.4,3.0,24.4,24.0,0.3,0.7,0.5,0.0,0.0,51.4,25.1,3.0,43.5,24.0,0.3,0.7,0.5,-33.2,-16.2,-11.1,-22.0,3.0,16.9,24.0,0.3,0.7,0.5,0.0,0.0,16.4,8.0,3.0,13.9,24.0,0.3,0.7,0.5,202.0,238.5,281.0,241.5,3.0,58.0,24.0,0.3,0.7,0.5,200.0,240.0,280.0,240.0,3.0,60.0,24.0,0.3,0.7,0.5
1974,2,209.0,28.0,20.0,20.0,20.59,20.08,8.0,0.6,14.0,0.6,0.7,0.4,18.14,19.9,20.36,19.54,8.0,1.04,14.0,0.6,0.7,0.4,9.4,11.55,12.98,11.31,8.0,1.89,14.0,0.6,0.7,0.4,72.6,82.5,89.8,80.4,8.0,10.1,14.0,0.6,0.4,2.82,5.95,8.59,6.05,8.0,2.77,14.0,0.6,0.7,0.4,-5.52,-3.06,-0.49,-2.25,8.0,4.51,14.0,0.6,0.7,0.4,-4.31,0.49,2.63,-0.91,8.0,4.73,14.0,0.6,0.7,0.4,1017.03,1022.05,1024.62,1021.19,8.0,3.82,14.0,0.6,0.7,0.4,3.1,6.0,8.0,5.5,8.0,2.7,14.0,0.6,0.7,0.4,-35.8,-18.1,-1.5,-14.9,8.0,35.6,14.0,0.6,0.7,0.4,-36.4,2.8,18.8,-13.6,8.0,40.4,14.0,0.6,0.7,0.4,-0.24,0.65,0.79,0.54,8.0,0.75,14.0,0.6,0.7,0.4,-0.9,3.9,7.0,4.4,8.0,6.1,14.0,0.6,0.7,0.4,1.82,2.62,5.02,3.19,8.0,1.76,14.0,0.6,0.7,0.4,5.5,17.3,41.6,22.4,8.0,19.7,14.0,0.6,0.7,0.4,-113.3,-60.5,-9.7,-42.4,8.0,87.6,14.0,0.6,0.7,0.4,-77.6,10.3,52.5,-15.3,8.0,91.2,14.0,0.6,0.7,0.4,-67.6,-32.7,-6.0,-21.9,8.0,53.0,14.0,0.6,0.7,0.4,-40.8,6.3,34.1,-4.7,8.0,45.8,14.0,0.6,0.7,0.4,-19.7,-7.9,-1.0,-9.7,8.0,15.7,14.0,0.6,0.7,0.4,-21.0,1.1,5.2,-7.2,8.0,23.5,14.0,0.6,0.7,0.4,26.5,212.0,636.0,345.5,8.0,374.5,14.0,0.6,0.7,0.4,25.0,210.0,635.0,345.0,8.0,375.0,14.0,0.6,0.7,0.4
1974,2,209.0,29.0,20.0,21.0,21.44,20.72,10.0,0.91,14.0,0.2,0.6,0.4,17.85,19.9,20.88,19.77,12.0,1.61,12.0,0.2,0.6,0.3,10.21,11.96,13.78,11.87,12.0,2.04,12.0,0.2,0.6,0.3,74.3,81.8,95.3,83.2,12.0,11.4,12.0,0.2,0.3,4.85,5.4,8.48,6.13,12.0,2.09,12.0,0.2,0.6,0.3,-6.93,-4.23,-0.97,-4.02,12.0,3.24,12.0,0.2,0.6,0.3,-3.07,0.0,4.79,0.39,12.0,4.12,12.0,0.2,0.6,0.3,1019.0,1021.85,1024.25,1021.73,12.0,2.51,12.0,0.2,0.6,0.3,2.6,5.0,8.0,4.8,11.0,2.7,12.0,0.2,0.6,0.3,-54.4,-22.4,-2.5,-29.0,12.0,28.4,12.0,0.2,0.6,0.3,-24.7,0.0,24.4,-1.7,12.0,29.5,12.0,0.2,0.6,0.3,0.33,0.55,1.87,0.69,10.0,1.41,14.0,0.2,0.6,0.4,1.9,4.4,9.2,4.1,10.0,7.7,14.0,0.2,0.6,0.4,1.55,2.44,3.5,2.86,10.0,1.74,14.0,0.2,0.6,0.4,7.5,18.4,20.6,16.0,10.0,6.9,14.0,0.2,0.6,0.4,-130.5,-81.8,-17.4,-78.3,12.0,65.3,12.0,0.2,0.6,0.3,-60.1,0.0,95.0,12.3,12.0,79.2,12.0,0.2,0.6,0.3,-76.8,-57.6,-7.3,-48.9,12.0,40.7,12.0,0.2,0.6,0.3,-35.0,0.0,51.7,7.5,12.0,47.6,12.0,0.2,0.6,0.3,-19.2,-10.0,-2.1,-9.9,10.0,9.5,14.0,0.2,0.6,0.4,-13.3,0.0,9.4,-0.4,10.0,11.5,14.0,0.2,0.6,0.4,116.5,159.0,615.5,305.0,12.0,279.5,12.0,0.2,0.6,0.3,115.0,160.0,615.0,305.0,12.0,280.0,12.0,0.2,0.6,0.3
1974,2,209.0,30.0,18.4,18.95,20.0,19.07,6.0,0.8,16.0,0.2,0.7,0.3,16.88,17.3,20.0,17.8,7.0,1.96,16.0,0.3,0.6,0.3,8.5,10.35,11.96,10.12,6.0,2.17,16.0,0.2,0.7,0.3,72.5,81.6,84.1,78.9,6.0,7.8,16.0,0.2,0.3,4.58,7.7,10.5,8.16,7.0,3.64,16.0,0.3,0.6,0.3,-7.66,0.0,3.16,-1.77,7.0,5.35,16.0,0.3,0.6,0.3,-4.26,-1.34,5.06,0.44,7.0,7.64,16.0,0.3,0.6,0.3,1017.93,1025.5,1027.05,1023.51,7.0,4.52,16.0,0.3,0.6,0.3,0.0,4.0,7.0,4.1,7.0,3.3,16.0,0.3,0.6,0.3,-59.9,0.0,36.0,-13.3,7.0,48.2,16.0,0.3,0.6,0.3,-36.0,-10.3,29.9,9.8,7.0,94.3,16.0,0.3,0.6,0.3,-0.31,1.4,2.31,1.13,6.0,1.72,16.0,0.2,0.7,0.3,-4.5,7.4,23.0,8.1,6.0,19.4,16.0,0.2,0.7,0.3,2.14,3.59,4.76,3.47,6.0,1.86,16.0,0.2,0.7,0.3,11.0,20.4,43.3,27.0,6.0,20.9,16.0,0.2,0.7,0.3,-130.2,0.0,51.5,-29.6,7.0,91.6,16.0,0.3,0.6,0.3,-72.4,-22.7,101.2,19.5,7.0,139.6,16.0,0.3,0.6,0.3,-52.2,11.7,32.2,-6.9,6.0,49.3,16.0,0.2,0.7,0.3,-41.7,-1.5,80.0,21.7,6.0,88.8,16.0,0.2,0.7,0.3,-24.0,0.7,12.6,-3.9,6.0,21.0,16.0,0.2,0.7,0.3,-26.2,-2.5,9.3,-10.2,6.0,26.9,16.0,0.2,0.7,0.3,96.0,456.5,1183.0,840.0,7.0,1027.5,16.0,0.3,0.6,0.3,95.0,455.0,1185.0,840.0,7.0,1025.0,16.0,0.3,0.6,0.3
1974,2,209.0,31.0,17.74,18.5,20.0,18.68,13.0,1.12,18.0,0.5,0.6,0.3,15.09,17.5,18.47,16.93,15.0,1.67,18.0,0.5,0.6,0.3,6.03,7.87,11.24,8.49,10.0,2.58,18.0,0.5,0.6,0.2,56.3,71.9,88.2,71.1,10.0,16.3,18.0,0.5,0.2,3.71,7.2,10.3,7.22,15.0,3.5,18.0,0.5,0.6,0.3,-8.69,-3.14,4.78,-2.2,15.0,6.24,18.0,0.5,0.6,0.3,-6.44,-2.64,3.35,-1.48,15.0,4.65,18.0,0.5,0.6,0.3,1019.34,1024.65,1026.36,1023.51,14.0,3.25,18.0,0.5,0.6,0.3,3.0,6.0,8.0,5.5,15.0,2.6,18.0,0.5,0.6,0.3,-89.5,-12.9,33.0,-19.9,15.0,63.5,18.0,0.5,0.6,0.3,-50.5,-10.8,18.3,-14.5,15.0,43.8,18.0,0.5,0.6,0.3,0.42,2.0,2.8,1.55,13.0,1.22,18.0,0.5,0.6,0.3,-0.1,13.4,26.0,12.7,13.0,13.3,18.0,0.5,0.6,0.3,2.34,4.38,5.82,4.42,9.0,2.29,20.0,0.6,0.5,0.2,10.1,35.6,63.8,40.0,9.0,30.1,20.0,0.6,0.5,0.2,-138.0,-48.4,81.3,-39.1,15.0,103.6,18.0,0.5,0.6,0.3,-106.5,-40.6,64.2,-20.3,15.0,77.6,18.0,0.5,0.6,0.3,-72.7,-8.2,32.5,-17.3,10.0,55.2,18.0,0.5,0.6,0.2,-42.3,-6.9,44.0,-0.7,10.0,42.9,18.0,0.5,0.6,0.2,-50.6,0.0,8.8,-15.5,9.0,37.7,20.0,0.6,0.5,0.2,-39.9,0.0,12.3,-10.6,9.0,29.9,20.0,0.6,0.5,0.2,51.5,373.0,1092.5,608.0,15.0,601.5,18.0,0.5,0.6,0.3,50.0,375.0,1095.0,610.0,15.0,600.0,18.0,0.5,0.6,0.3
1974,2,209.0,32.0,15.74,16.25,16.76,16.25,2.0,1.06,12.0,0.5,0.3,0.7,15.44,16.4,16.95,16.2,3.0,1.11,14.0,0.7,0.5,0.5,6.53,7.78,9.01,7.77,3.0,1.82,14.0,0.7,0.5,0.5,60.8,68.5,75.9,68.4,3.0,11.1,14.0,0.7,0.5,6.08,8.2,8.95,7.53,3.0,2.18,14.0,0.7,0.5,0.5,-7.0,-4.42,4.56,-1.29,3.0,8.89,14.0,0.7,0.5,0.5,-1.74,0.0,2.17,0.21,3.0,2.87,14.0,0.7,0.5,0.5,1022.63,1027.0,1029.18,1025.93,3.0,4.89,14.0,0.7,0.5,0.5,2.3,5.0,6.4,4.3,3.0,3.1,14.0,0.7,0.5,0.5,-53.0,-22.5,48.3,-2.8,3.0,76.2,14.0,0.7,0.5,0.5,-8.9,0.0,20.2,5.5,3.0,21.8,14.0,0.7,0.5,0.5,-1.33,-0.55,0.23,-0.55,2.0,1.63,12.0,0.5,0.3,0.7,-12.5,-5.4,1.6,-5.4,2.0,14.7,12.0,0.5,0.3,0.7,1.7,2.65,3.6,2.65,2.0,1.97,12.0,0.5,0.3,0.7,15.1,22.4,29.8,22.4,2.0,15.2,12.0,0.5,0.3,0.7,-112.8,-66.3,81.6,-16.8,3.0,148.7,14.0,0.7,0.5,0.5,-26.1,0.0,37.3,5.5,3.0,46.7,14.0,0.7,0.5,0.5,-51.9,-26.3,48.8,-2.1,3.0,76.7,14.0,0.7,0.5,0.5,-10.4,0.0,20.8,5.1,3.0,23.3,14.0,0.7,0.5,0.5,-26.2,-11.1,4.0,-11.1,2.0,31.2,12.0,0.5,0.3,0.7,0.6,2.0,3.4,2.0,2.0,2.8,12.0,0.5,0.3,0.7,265.5,551.5,724.0,496.0,3.0,339.0,14.0,0.7,0.5,0.5,265.0,550.0,725.0,495.0,3.0,340.0,14.0,0.7,0.5,0.5
1974,2,209.0,33.0,17.23,17.9,18.27,17.7,8.0,0.61,12.0,0.3,0.6,0.4,14.88,16.0,16.88,15.8,11.0,1.06,12.0,0.4,0.6,0.4,9.33,9.97,10.91,9.98,7.0,1.18,14.0,0.4,0.6,0.4,87.1,90.2,95.3,89.5,7.0,9.0,14.0,0.4,0.4,3.71,5.7,7.7,5.48,9.0,2.15,10.0,0.3,0.6,0.3,-3.23,0.0,2.34,-1.05,9.0,3.51,10.0,0.3,0.6,0.3,-5.71,-2.57,0.9,-1.9,9.0,4.55,10.0,0.3,0.6,0.3,1019.52,1026.0,1028.41,1024.04,11.0,4.35,12.0,0.4,0.6,0.4,4.6,8.0,8.0,6.5,11.0,2.3,12.0,0.4,0.6,0.4,-20.1,0.0,9.2,-7.9,9.0,23.3,10.0,0.3,0.6,0.3,-34.8,-10.3,3.2,-10.0,9.0,33.6,10.0,0.3,0.6,0.3,1.0,1.75,2.47,1.79,8.0,1.0,12.0,0.3,0.6,0.4,2.7,4.7,11.9,7.1,6.0,6.1,10.0,0.2,0.6,0.3,2.13,2.69,3.0,2.68,6.0,0.54,12.0,0.3,0.6,0.4,6.5,11.7,21.1,13.3,5.0,7.8,10.0,0.2,0.6,0.3,-53.3,0.0,39.6,-14.6,9.0,53.1,10.0,0.3,0.6,0.3,-86.8,-43.7,15.1,-28.0,9.0,74.8,10.0,0.3,0.6,0.3,-29.4,-12.4,8.9,-9.4,6.0,24.7,12.0,0.3,0.6,0.3,-43.0,-25.1,29.2,-9.5,6.0,56.3,12.0,0.3,0.6,0.3,-7.5,-7.2,5.3,-1.7,5.0,9.0,10.0,0.2,0.6,0.3,-17.5,-9.0,-1.8,-9.4,5.0,9.2,10.0,0.2,0.6,0.3,51.5,185.0,456.5,231.0,9.0,207.5,10.0,0.3,0.6,0.3,50.0,185.0,455.0,230.0,9.0,205.0,10.0,0.3,0.6,0.3
1974,2,209.0,34.0,14.69,16.45,16.91,15.97,10.0,1.27,14.0,0.6,0.7,0.3,14.49,15.65,16.85,15.56,12.0,2.02,14.0,0.6,0.6,0.4,6.98,8.07,10.89,8.72,11.0,2.06,12.0,0.6,0.7,0.3,67.5,75.0,90.2,78.1,11.0,11.7,12.0,0.6,0.3,5.92,8.0,11.18,8.2,12.0,3.05,14.0,0.6,0.6,0.4,-5.47,-0.54,4.49,-0.53,12.0,5.32,14.0,0.6,0.6,0.4,-7.17,0.63,5.61,-0.38,12.0,7.34,14.0,0.6,0.6,0.4,1016.24,1023.15,1029.98,1023.1,12.0,6.1,14.0,0.6,0.6,0.4,2.6,7.0,8.0,5.9,11.0,2.4,14.0,0.5,0.6,0.3,-46.6,-3.3,32.6,-3.5,12.0,56.8,14.0,0.6,0.6,0.4,-83.4,8.3,38.8,-5.8,12.0,74.8,14.0,0.6,0.6,0.4,-1.19,0.05,1.87,0.17,10.0,1.71,14.0,0.6,0.7,0.3,-6.3,0.2,14.8,2.1,10.0,15.0,14.0,0.6,0.7,0.3,0.69,2.44,4.11,2.23,10.0,1.85,14.0,0.6,0.7,0.3,3.8,11.3,34.8,16.5,10.0,16.7,14.0,0.6,0.7,0.3,-84.6,-9.0,74.9,-5.8,12.0,83.8,14.0,0.6,0.6,0.4,-104.4,8.6,102.7,3.4,12.0,110.9,14.0,0.6,0.6,0.4,-44.4,-8.5,51.1,-4.5,11.0,46.6,12.0,0.6,0.7,0.3,-46.3,31.6,66.0,15.8,11.0,60.7,12.0,0.6,0.7,0.3,-20.0,-5.0,0.9,-8.6,10.0,10.8,14.0,0.6,0.7,0.3,-22.7,-1.4,9.3,-5.7,10.0,18.7,14.0,0.6,0.7,0.3,211.5,552.5,1412.5,762.0,12.0,704.0,14.0,0.6,0.6,0.4,210.0,555.0,1415.0,760.0,12.0,705.0,14.0,0.6,0.6,0.4
1974,2,209.0,35.0,15.06,16.0,17.78,16.13,8.0,1.27,20.0,0.3,0.6,0.3,13.56,14.0,16.89,14.4,8.0,2.46,20.0,0.3,0.6,0.3,6.45,7.45,7.95,7.28,8.0,0.98,20.0,0.3,0.6,0.3,66.0,73.3,78.6,72.1,8.0,6.6,20.0,0.3,0.3,2.73,6.2,15.89,9.5,9.0,9.13,20.0,0.3,0.7,0.3,-1.15,1.97,8.79,3.87,9.0,8.43,20.0,0.3,0.7,0.3,-3.5,0.0,8.13,1.28,9.0,9.76,20.0,0.3,0.7,0.3,1016.81,1026.0,1026.95,1022.31,9.0,5.82,20.0,0.3,0.7,0.3,2.1,6.0,8.0,5.3,8.0,2.9,18.0,0.4,0.7,0.2,-4.5,4.1,119.8,97.0,9.0,225.2,20.0,0.3,0.7,0.3,-13.3,0.0,94.1,48.7,9.0,221.8,20.0,0.3,0.7,0.3,-0.33,1.5,4.22,1.73,8.0,2.18,20.0,0.3,0.6,0.3,-1.4,9.7,27.9,18.1,8.0,29.0,20.0,0.3,0.6,0.3,3.42,3.99,4.57,4.02,8.0,0.85,20.0,0.3,0.6,0.3,11.9,17.9,73.3,37.5,8.0,41.5,20.0,0.3,0.6,0.3,-20.6,13.8,53.6,49.6,8.0,143.7,20.0,0.3,0.6,0.3,-58.6,-17.1,97.0,20.2,8.0,143.3,20.0,0.3,0.6,0.3,-10.3,7.6,30.6,25.1,8.0,74.0,20.0,0.3,0.6,0.3,-29.3,-7.2,44.3,8.7,8.0,74.6,20.0,0.3,0.6,0.3,-3.9,3.4,24.9,13.7,8.0,35.3,20.0,0.3,0.6,0.3,-14.1,-3.9,28.1,0.7,8.0,43.3,20.0,0.3,0.6,0.3,21.0,238.5,4167.0,3816.0,9.0,8648.0,20.0,0.3,0.7,0.3,20.0,240.0,4165.0,3815.0,9.0,8650.0,20.0,0.3,0.7,0.3
1974,2,209.0,36.0,14.5,15.0,16.37,15.24,9.0,0.94,14.0,0.7,0.6,0.4,12.46,14.5,15.83,14.2,11.0,2.19,14.0,0.6,0.7,0.3,7.16,8.12,9.42,8.33,10.0,1.39,16.0,0.7,0.7,0.4,72.8,86.8,89.4,83.8,10.0,9.8,16.0,0.7,0.4,5.1,6.7,9.36,7.46,11.0,2.3,14.0,0.6,0.7,0.3,-3.94,2.55,6.34,1.86,11.0,5.61,14.0,0.6,0.7,0.3,-6.12,-1.79,2.85,-1.67,11.0,5.31,14.0,0.6,0.7,0.3,1016.97,1022.0,1026.73,1021.83,11.0,4.79,14.0,0.6,0.7,0.3,2.0,7.5,8.0,5.7,10.0,2.8,14.0,0.6,0.7,0.4,-21.9,13.0,57.2,17.3,11.0,49.4,14.0,0.6,0.7,0.3,-44.6,-18.4,14.5,-17.6,11.0,49.4,14.0,0.6,0.7,0.3,-0.65,1.5,2.95,1.44,9.0,2.0,14.0,0.7,0.6,0.4,-5.6,10.1,32.5,12.6,9.0,18.0,14.0,0.7,0.6,0.4,1.01,2.6,3.22,2.31,9.0,1.14,14.0,0.7,0.6,0.4,8.5,18.0,24.9,17.8,9.0,9.0,14.0,0.7,0.6,0.4,-51.6,43.4,88.2,25.4,11.0,78.7,14.0,0.6,0.7,0.3,-77.4,-23.3,42.0,-16.9,11.0,76.4,14.0,0.6,0.7,0.3,-16.5,25.9,57.7,19.4,10.0,47.7,16.0,0.7,0.7,0.4,-45.6,-19.9,14.6,-15.0,10.0,49.7,16.0,0.7,0.7,0.4,-4.0,12.6,17.0,8.0,9.0,11.7,14.0,0.7,0.6,0.4,-19.7,-4.2,3.3,-7.2,9.0,13.0,14.0,0.7,0.6,0.4,132.5,301.0,838.0,532.5,11.0,526.5,14.0,0.6,0.7,0.3,135.0,300.0,840.0,535.0,11.0,525.0,14.0,0.6,0.7,0.3
1974,2,209.0,37.0,12.18,13.8,14.07,13.37,7.0,1.31,12.0,0.4,0.6,0.3,11.71,13.3,14.7,12.93,7.0,1.75,12.0,0.4,0.6,0.3,6.11,7.01,8.2,7.05,7.0,1.27,12.0,0.4,0.6,0.3,66.9,78.5,87.7,76.8,7.0,10.3,12.0,0.4,0.3,5.0,8.7,11.6,9.0,7.0,4.71,12.0,0.4,0.6,0.3,2.65,3.5,9.03,4.43,7.0,4.84,12.0,0.4,0.6,0.3,-8.43,0.0,6.28,-1.44,7.0,8.25,12.0,0.4,0.6,0.3,1021.62,1024.4,1027.69,1024.44,7.0,5.99,12.0,0.4,0.6,0.3,6.3,7.0,7.4,6.8,5.0,1.1,12.0,0.6,0.7,0.3,7.1,25.9,96.9,47.3,7.0,76.9,12.0,0.4,0.6,0.3,-78.9,0.0,46.1,-28.0,7.0,110.8,12.0,0.4,0.6,0.3,-1.0,0.5,1.72,0.44,7.0,1.26,12.0,0.4,0.6,0.3,-5.5,1.6,19.6,5.5,7.0,14.5,12.0,0.4,0.6,0.3,1.17,2.76,3.38,2.38,7.0,1.11,12.0,0.4,0.6,0.3,8.1,17.2,25.8,21.0,7.0,18.3,12.0,0.4,0.6,0.3,31.0,51.5,113.0,54.9,7.0,58.5,12.0,0.4,0.6,0.3,-98.3,0.0,91.6,-10.3,7.0,99.6,12.0,0.4,0.6,0.3,16.7,28.1,58.2,28.9,7.0,33.9,12.0,0.4,0.6,0.3,-57.8,0.0,50.6,-4.9,7.0,57.2,12.0,0.4,0.6,0.3,7.7,9.7,18.2,12.9,7.0,12.6,12.0,0.4,0.6,0.3,-23.7,0.0,5.9,-7.5,7.0,20.7,12.0,0.4,0.6,0.3,127.5,658.5,1630.0,1294.0,7.0,1864.0,12.0,0.4,0.6,0.3,130.0,660.0,1630.0,1295.0,7.0,1865.0,12.0,0.4,0.6,0.3
1974,2,209.0,38.0,13.3,13.6,14.21,13.75,4.0,0.57,6.0,0.3,0.6,0.2,12.0,12.65,14.71,13.33,4.0,1.89,6.0,0.3,0.6,0.2,7.34,8.16,9.24,8.28,4.0,1.25,6.0,0.3,0.6,0.2,82.2,85.5,94.2,88.1,4.0,8.4,6.0,0.3,0.2,3.79,5.1,6.2,5.0,4.0,1.88,6.0,0.3,0.6,0.2,2.54,4.35,6.05,4.3,4.0,2.44,6.0,0.3,0.6,0.2,-2.55,-0.87,1.18,-0.69,4.0,2.38,6.0,0.3,0.6,0.2,1019.33,1027.4,1031.9,1025.7,4.0,7.71,6.0,0.3,0.6,0.2,3.4,6.0,7.5,5.5,4.0,2.6,6.0,0.3,0.6,0.2,11.3,22.2,38.8,24.9,4.0,20.1,6.0,0.3,0.6,0.2,-13.0,-4.4,3.1,-4.9,4.0,9.9,6.0,0.3,0.6,0.2,-0.79,0.65,1.61,0.43,4.0,1.51,6.0,0.3,0.6,0.2,-4.0,1.7,8.8,2.4,4.0,8.8,6.0,0.3,0.6,0.2,0.71,1.36,2.0,1.35,4.0,0.85,6.0,0.3,0.6,0.2,3.8,7.1,8.1,6.0,4.0,3.1,6.0,0.3,0.6,0.2,37.9,63.1,75.6,57.1,4.0,29.7,6.0,0.3,0.6,0.2,-38.5,-11.6,14.2,-12.2,4.0,33.8,6.0,0.3,0.6,0.2,22.5,38.0,50.6,36.6,4.0,21.5,6.0,0.3,0.6,0.2,-23.4,-6.8,8.2,-7.6,4.0,20.4,6.0,0.3,0.6,0.2,2.1,5.3,7.9,5.0,4.0,3.4,6.0,0.3,0.6,0.2,-2.0,-0.5,2.8,0.4,4.0,3.5,6.0,0.3,0.6,0.2,72.5,132.5,258.5,164.0,4.0,149.5,6.0,0.3,0.6,0.2,70.0,135.0,260.0,165.0,4.0,150.0,6.0,0.3,0.6,0.2
1974,2,209.0,39.0,10.16,12.5,13.73,12.1,5.0,2.17,12.0,0.4,0.5,0.4,10.06,12.0,12.37,11.18,5.0,2.28,12.0,0.4,0.5,0.4,6.49,8.06,8.24,7.34,5.0,1.67,12.0,0.4,0.5,0.4,81.5,87.6,95.9,88.0,5.0,10.8,12.0,0.4,0.4,4.55,10.3,11.25,8.44,5.0,3.92,12.0,0.4,0.5,0.4,-3.86,3.52,5.46,1.4,5.0,5.04,12.0,0.4,0.5,0.4,-3.99,0.63,10.57,2.56,5.0,8.27,12.0,0.4,0.5,0.4,1010.07,1020.0,1024.62,1017.46,5.0,10.13,12.0,0.4,0.5,0.4,6.0,6.0,7.4,6.7,3.0,1.2,12.0,0.3,0.4,0.5,-28.9,24.4,47.9,11.8,5.0,48.1,12.0,0.4,0.5,0.4,-35.3,2.3,120.4,33.6,5.0,94.1,12.0,0.4,0.5,0.4,-0.4,0.5,2.49,0.92,5.0,1.66,12.0,0.4,0.5,0.4,-1.4,2.6,28.5,12.0,5.0,18.1,12.0,0.4,0.5,0.4,0.32,1.14,2.88,1.44,5.0,1.49,12.0,0.4,0.5,0.4,2.0,11.8,32.5,16.3,5.0,17.1,12.0,0.4,0.5,0.4,-45.7,45.8,51.3,11.3,5.0,53.8,12.0,0.4,0.5,0.4,-34.0,7.3,133.0,40.2,5.0,90.3,12.0,0.4,0.5,0.4,-31.4,28.4,32.7,6.5,5.0,35.4,12.0,0.4,0.5,0.4,-21.6,5.3,83.5,25.5,5.0,56.9,12.0,0.4,0.5,0.4,-3.5,4.0,9.4,3.1,5.0,11.3,12.0,0.4,0.5,0.4,-9.0,-0.4,20.3,4.7,5.0,21.4,12.0,0.4,0.5,0.4,101.0,1092.5,1477.5,902.5,5.0,858.0,12.0,0.4,0.5,0.4,100.0,1095.0,1480.0,900.0,5.0,860.0,12.0,0.4,0.5,0.4
1974,2,209.0,40.0,10.92,11.85,12.37,11.75,6.0,0.86,10.0,0.5,0.5,0.3,8.97,10.75,12.21,10.25,6.0,2.8,10.0,0.5,0.5,0.3,4.32,5.98,7.74,5.98,6.0,1.91,10.0,0.5,0.5,0.3,61.6,73.2,91.1,76.1,6.0,16.0,10.0,0.5,0.3,7.79,10.55,18.0,11.92,6.0,4.99,10.0,0.5,0.5,0.3,1.46,7.56,16.03,7.5,6.0,8.96,10.0,0.5,0.5,0.3,-4.34,2.05,6.18,1.21,6.0,6.76,10.0,0.5,0.5,0.3,1019.5,1023.1,1025.29,1021.82,6.0,4.99,10.0,0.5,0.5,0.3,3.5,7.0,7.0,5.4,5.0,2.6,12.0,0.4,0.5,0.4,18.5,65.9,288.5,118.6,6.0,149.0,10.0,0.5,0.5,0.3,-78.1,16.8,64.7,-3.7,6.0,95.2,10.0,0.5,0.5,0.3,-0.41,0.55,3.63,1.5,6.0,3.17,10.0,0.5,0.5,0.3,-4.3,7.5,40.0,23.4,6.0,53.5,10.0,0.5,0.5,0.3,0.75,2.2,4.54,2.5,6.0,2.05,10.0,0.5,0.5,0.3,7.6,18.9,67.8,33.7,6.0,35.5,10.0,0.5,0.5,0.3,18.7,70.9,128.6,66.6,6.0,85.6,10.0,0.5,0.5,0.3,-34.1,23.0,78.3,26.4,6.0,63.6,10.0,0.5,0.5,0.3,10.4,43.0,67.4,33.4,6.0,49.0,10.0,0.5,0.5,0.3,-17.9,16.7,45.4,16.9,6.0,40.1,10.0,0.5,0.5,0.3,2.4,17.5,64.6,29.4,6.0,33.4,10.0,0.5,0.5,0.3,-17.9,0.6,5.6,-6.8,6.0,20.2,10.0,0.5,0.5,0.3,486.5,1176.0,5832.0,2467.5,6.0,2631.5,10.0,0.5,0.5,0.3,485.0,1175.0,5830.0,2470.0,6.0,2630.0,10.0,0.5,0.5,0.3
1974,2,209.0,41.0,11.0,11.0,11.68,11.33,3.0,0.58,18.0,0.7,0.8,0.6,8.69,10.5,11.52,10.13,4.0,1.93,18.0,0.5,0.8,0.6,6.38,6.58,6.77,6.58,2.0,0.4,14.0,0.5,0.8,0.6,78.7,80.1,81.5,80.1,2.0,2.9,14.0,0.5,0.6,10.78,12.6,16.05,13.38,4.0,3.44,18.0,0.5,0.8,0.6,6.1,10.03,13.46,9.79,4.0,5.01,18.0,0.5,0.8,0.6,-4.64,5.48,9.36,2.5,4.0,9.43,18.0,0.5,0.8,0.6,1003.0,1009.1,1018.76,1010.8,4.0,10.11,18.0,0.5,0.8,0.6,2.4,5.0,6.6,4.5,4.0,3.3,18.0,0.5,0.8,0.6,78.1,125.0,206.9,141.7,4.0,101.6,18.0,0.5,0.8,0.6,-67.0,60.9,132.3,34.0,4.0,134.1,18.0,0.5,0.8,0.6,0.32,1.0,2.71,1.5,3.0,1.8,18.0,0.7,0.8,0.6,5.7,18.0,38.9,22.2,3.0,24.6,18.0,0.7,0.8,0.6,1.91,1.92,1.93,1.92,2.0,0.02,14.0,0.5,0.8,0.6,23.8,28.1,32.3,28.1,2.0,8.8,14.0,0.5,0.8,0.6,52.2,100.3,145.2,98.8,4.0,55.0,18.0,0.5,0.8,0.6,-30.6,56.8,98.6,35.0,4.0,84.6,18.0,0.5,0.8,0.6,79.8,87.2,94.6,87.2,2.0,15.4,14.0,0.5,0.8,0.6,20.3,35.0,49.8,35.0,2.0,30.5,14.0,0.5,0.8,0.6,22.8,25.6,28.4,25.6,2.0,5.7,14.0,0.5,0.8,0.6,5.9,10.5,15.0,10.5,2.0,9.4,14.0,0.5,0.8,0.6,1259.5,2064.5,4334.0,2763.5,4.0,2157.0,18.0,0.5,0.8,0.6,1260.0,2065.0,4335.0,2765.0,4.0,2155.0,18.0,0.5,0.8,0.6
1974,2,209.0,42.0,7.86,8.0,9.37,8.6,3.0,1.22,12.0,1.0,0.8,0.4,7.9,10.0,10.0,9.0,4.0,2.0,16.0,0.8,0.7,0.5,5.27,7.05,7.44,6.37,3.0,1.7,12.0,1.0,0.8,0.4,69.9,92.9,97.7,84.0,3.0,21.8,12.0,1.0,0.4,6.08,10.0,12.88,9.5,4.0,4.09,16.0,0.8,0.7,0.5,0.63,4.77,7.94,4.31,4.0,5.58,16.0,0.8,0.7,0.5,-6.03,-1.19,8.27,1.02,4.0,8.93,16.0,0.8,0.7,0.5,1012.38,1017.45,1023.1,1017.73,4.0,6.42,16.0,0.8,0.7,0.5,8.0,8.0,8.0,8.0,3.0,0.0,18.0,0.7,0.5,0.4,11.0,49.8,97.9,54.2,4.0,60.0,16.0,0.8,0.7,0.5,-61.3,-14.6,96.1,16.0,4.0,108.8,16.0,0.8,0.7,0.5,-2.14,-2.0,-0.63,-1.4,3.0,1.22,12.0,1.0,0.8,0.4,-27.9,-24.6,-7.8,-18.0,3.0,15.8,12.0,1.0,0.8,0.4,-0.35,0.0,1.45,0.54,3.0,1.4,12.0,1.0,0.8,0.4,-4.7,0.0,17.8,6.4,3.0,17.4,12.0,1.0,0.8,0.4,-1.4,37.8,77.6,38.1,4.0,55.9,16.0,0.8,0.7,0.5,-49.1,-0.1,82.7,16.1,4.0,83.9,16.0,0.8,0.7,0.5,-5.1,32.3,42.5,19.0,3.0,36.8,12.0,1.0,0.8,0.4,-10.1,26.8,69.1,29.5,3.0,58.1,12.0,1.0,0.8,0.4,-1.6,0.0,15.4,6.8,3.0,13.8,12.0,1.0,0.8,0.4,-10.9,-6.4,-2.0,-6.5,3.0,6.5,12.0,1.0,0.8,0.4,268.5,1158.5,2146.5,1205.0,4.0,1104.5,16.0,0.8,0.7,0.5,270.0,1160.0,2145.0,1205.0,4.0,1105.0,16.0,0.8,0.7,0.5
1974,2,209.0,43.0,9.02,9.05,9.08,9.05,2.0,0.07,18.0,1.0,0.8,0.4,10.55,11.95,13.35,11.95,2.0,2.9,18.0,1.0,0.8,0.4,6.41,6.54,6.68,6.54,2.0,0.28,18.0,1.0,0.8,0.4,68.2,76.2,84.2,76.2,2.0,16.6,18.0,1.0,0.4,8.37,8.75,9.13,8.75,2.0,0.78,18.0,1.0,0.8,0.4,8.29,8.47,8.65,8.47,2.0,0.38,18.0,1.0,0.8,0.4,0.5,1.59,2.68,1.59,2.0,2.25,18.0,1.0,0.8,0.4,1000.67,1007.7,1014.73,1007.7,2.0,14.57,18.0,1.0,0.8,0.4,2.3,3.0,3.7,3.0,2.0,1.4,18.0,1.0,0.8,0.4,69.5,74.3,79.0,74.3,2.0,9.9,18.0,1.0,0.8,0.4,4.7,14.8,24.9,14.8,2.0,20.9,18.0,1.0,0.8,0.4,-4.33,-2.9,-1.47,-2.9,2.0,2.97,18.0,1.0,0.8,0.4,-35.7,-24.2,-12.8,-24.2,2.0,23.7,18.0,1.0,0.8,0.4,0.56,0.63,0.7,0.63,2.0,0.15,18.0,1.0,0.8,0.4,5.1,5.4,5.8,5.4,2.0,0.8,18.0,1.0,0.8,0.4,91.0,100.7,110.3,100.7,2.0,20.0,18.0,1.0,0.8,0.4,5.0,15.7,26.5,15.7,2.0,22.3,18.0,1.0,0.8,0.4,53.1,55.5,57.8,55.5,2.0,4.9,18.0,1.0,0.8,0.4,3.4,10.7,18.0,10.7,2.0,15.2,18.0,1.0,0.8,0.4,4.8,5.3,5.8,5.3,2.0,1.0,18.0,1.0,0.8,0.4,0.3,0.8,1.4,0.8,2.0,1.2,18.0,1.0,0.8,0.4,591.5,678.0,764.0,678.0,2.0,179.0,18.0,1.0,0.8,0.4,590.0,680.0,765.0,680.0,2.0,180.0,18.0,1.0,0.8,0.4
1974,2,209.0,44.0,8.0,8.0,9.58,8.72,5.0,1.14,18.0,0.8,0.5,0.4,6.67,9.5,10.43,7.99,7.0,3.79,16.0,0.7,0.5,0.3,4.33,6.27,6.82,5.61,4.0,1.79,16.0,1.0,0.5,0.3,83.1,86.7,90.8,86.9,4.0,5.7,16.0,1.0,0.3,7.55,10.3,13.02,9.84,7.0,3.59,16.0,0.7,0.5,0.3,4.07,7.24,9.11,6.11,7.0,5.59,16.0,0.7,0.5,0.3,-0.94,2.63,9.13,3.63,7.0,5.98,16.0,0.7,0.5,0.3,1006.41,1015.0,1018.14,1013.2,7.0,7.03,16.0,0.7,0.5,0.3,1.0,6.5,8.0,5.2,6.0,3.3,18.0,0.7,0.6,0.3,17.3,55.7,120.9,64.5,7.0,70.7,16.0,0.7,0.5,0.3,-4.9,20.3,97.3,48.2,7.0,80.1,16.0,0.7,0.5,0.3,-0.18,0.2,3.56,1.74,5.0,3.54,18.0,0.8,0.5,0.4,-1.9,1.5,49.9,25.5,5.0,54.8,18.0,0.8,0.5,0.4,0.5,1.02,2.46,1.46,4.0,1.49,16.0,1.0,0.5,0.3,5.4,10.1,34.3,19.4,4.0,24.4,16.0,1.0,0.5,0.3,-2.3,46.7,98.4,45.7,7.0,54.7,16.0,0.7,0.5,0.3,-8.9,0.0,58.0,19.1,7.0,39.5,16.0,0.7,0.5,0.3,-7.4,36.1,62.4,27.9,4.0,47.0,16.0,1.0,0.5,0.3,8.5,29.1,51.3,29.8,4.0,26.6,16.0,1.0,0.5,0.3,3.6,9.8,19.8,11.6,4.0,11.9,16.0,1.0,0.5,0.3,0.8,2.4,26.7,13.2,4.0,23.3,16.0,1.0,0.5,0.3,439.5,1092.5,2218.5,1285.0,7.0,1238.5,16.0,0.7,0.5,0.3,440.0,1095.0,2220.0,1285.0,7.0,1240.0,16.0,0.7,0.5,0.3
1974,2,209.0,45.0,6.74,7.5,8.0,7.38,4.0,0.75,8.0,0.8,0.4,0.2,5.27,6.5,10.1,7.5,5.0,3.08,12.0,0.8,0.5,0.2,4.83,6.07,7.45,6.14,4.0,1.53,8.0,0.8,0.4,0.2,82.7,87.9,94.6,88.7,4.0,8.7,8.0,0.8,0.2,10.12,12.3,15.51,13.16,5.0,4.58,12.0,0.8,0.5,0.2,4.2,7.91,10.34,7.32,5.0,4.87,12.0,0.8,0.5,0.2,-9.01,7.89,10.47,1.71,5.0,11.97,12.0,0.8,0.5,0.2,1008.63,1010.0,1020.37,1013.9,5.0,7.13,12.0,0.8,0.5,0.2,6.3,7.0,7.7,7.0,3.0,1.0,18.0,0.7,0.7,0.2,43.3,83.2,166.2,107.0,5.0,106.9,12.0,0.8,0.5,0.2,-155.0,81.3,128.8,-8.1,5.0,200.8,12.0,0.8,0.5,0.2,-3.1,-0.5,1.05,-1.0,4.0,2.94,8.0,0.8,0.4,0.2,-37.1,-5.1,12.9,-11.8,4.0,36.2,8.0,0.8,0.4,0.2,-1.02,0.39,1.44,0.22,4.0,1.47,8.0,0.8,0.4,0.2,-12.1,3.7,16.2,2.1,4.0,17.2,8.0,0.8,0.4,0.2,34.4,55.2,72.5,52.8,5.0,34.0,12.0,0.8,0.5,0.2,-43.8,71.0,88.1,32.3,5.0,76.3,12.0,0.8,0.5,0.2,18.9,43.5,54.6,37.0,4.0,26.2,8.0,0.8,0.4,0.2,14.8,59.0,67.5,42.0,4.0,43.8,8.0,0.8,0.4,0.2,-7.7,-1.6,5.6,-1.1,4.0,9.3,8.0,0.8,0.4,0.2,-10.4,-4.9,8.6,-1.1,4.0,14.6,8.0,0.8,0.4,0.2,1037.5,1861.0,4612.0,3030.0,5.0,3583.0,12.0,0.8,0.5,0.2,1035.0,1860.0,4610.0,3030.0,5.0,3585.0,12.0,0.8,0.5,0.2
1974,2,209.0,46.0,4.4,6.0,6.76,5.7,6.0,1.2,20.0,0.5,0.7,0.6,0.93,7.5,8.0,5.11,7.0,3.63,18.0,0.4,0.6,0.6,3.36,3.92,5.76,4.41,6.0,1.28,20.0,0.5,0.7,0.6,69.3,85.0,91.4,81.7,6.0,11.4,20.0,0.5,0.6,8.2,13.4,17.57,13.16,7.0,4.62,18.0,0.4,0.6,0.6,-2.98,8.61,13.51,6.24,7.0,8.12,18.0,0.4,0.6,0.6,-10.31,1.61,8.19,0.76,7.0,10.55,18.0,0.4,0.6,0.6,999.81,1010.0,1018.0,1009.5,7.0,8.76,18.0,0.4,0.6,0.6,5.3,8.0,8.0,6.7,3.0,2.3,16.0,0.7,0.7,0.5,-27.8,85.2,235.6,85.2,7.0,134.6,18.0,0.4,0.6,0.6,-140.4,15.0,76.4,4.7,7.0,176.7,18.0,0.4,0.6,0.6,-2.21,-0.55,5.52,1.07,6.0,4.21,20.0,0.5,0.7,0.6,-24.8,-5.1,78.7,17.9,6.0,65.6,20.0,0.5,0.7,0.6,-0.39,1.66,2.52,1.3,6.0,1.4,20.0,0.5,0.7,0.6,-4.2,21.5,35.7,18.7,6.0,21.2,20.0,0.5,0.7,0.6,-23.7,8.6,54.5,15.0,7.0,44.6,18.0,0.4,0.6,0.6,-11.9,12.6,65.1,28.3,7.0,58.0,18.0,0.4,0.6,0.6,15.5,39.6,48.0,28.4,6.0,32.7,20.0,0.5,0.7,0.6,-35.6,-5.8,47.1,7.9,6.0,52.8,20.0,0.5,0.7,0.6,1.4,18.3,25.8,17.0,6.0,16.6,20.0,0.5,0.7,0.6,-18.4,-11.5,-1.2,-10.7,6.0,10.4,20.0,0.5,0.7,0.6,551.5,2406.0,5431.0,3003.5,7.0,2577.0,18.0,0.4,0.6,0.6,550.0,2405.0,5430.0,3005.0,7.0,2575.0,18.0,0.4,0.6,0.6
1974,2,209.0,47.0,5.13,7.0,8.0,6.72,9.0,1.25,16.0,0.2,0.7,0.5,2.54,6.0,8.0,5.67,9.0,2.69,16.0,0.2,0.7,0.5,3.79,4.64,6.09,4.91,9.0,1.09,16.0,0.2,0.7,0.5,73.1,87.2,97.3,85.4,9.0,11.1,16.0,0.2,0.5,8.19,10.3,13.1,10.43,9.0,3.67,16.0,0.2,0.7,0.5,-4.02,3.38,7.2,1.69,9.0,6.16,16.0,0.2,0.7,0.5,-1.64,8.05,12.51,5.66,9.0,7.66,16.0,0.2,0.7,0.5,1004.0,1008.5,1015.57,1008.38,9.0,8.13,16.0,0.2,0.7,0.5,4.9,8.0,8.0,6.6,5.0,2.2,16.0,0.2,0.7,0.3,-40.0,25.9,85.8,21.4,9.0,73.9,16.0,0.2,0.7,0.5,-14.7,74.9,164.5,76.3,9.0,98.2,16.0,0.2,0.7,0.5,-1.0,0.9,3.5,1.06,9.0,2.48,16.0,0.2,0.7,0.5,-11.5,13.4,34.5,9.4,9.0,23.6,16.0,0.2,0.7,0.5,0.42,1.22,1.94,1.22,9.0,1.01,16.0,0.2,0.7,0.5,4.4,10.4,16.6,11.2,9.0,9.8,16.0,0.2,0.7,0.5,-29.7,8.0,52.7,12.8,9.0,40.0,16.0,0.2,0.7,0.5,-9.4,52.8,79.4,38.6,9.0,44.4,16.0,0.2,0.7,0.5,-22.5,17.2,43.6,11.0,9.0,30.9,16.0,0.2,0.7,0.5,-6.4,44.8,60.8,32.1,9.0,38.7,16.0,0.2,0.7,0.5,-2.5,3.6,7.0,-0.7,9.0,11.8,16.0,0.2,0.7,0.5,-4.7,3.3,12.1,2.1,9.0,9.7,16.0,0.2,0.7,0.5,551.5,1092.5,2259.0,1502.0,9.0,1340.5,16.0,0.2,0.7,0.5,550.0,1095.0,2260.0,1500.0,9.0,1340.0,16.0,0.2,0.7,0.5
1974,2,209.0,48.0,4.73,5.45,6.17,5.45,2.0,1.48,22.0,1.0,0.5,0.5,0.38,2.5,2.84,1.63,3.0,1.95,20.0,0.7,0.4,0.3,3.07,3.37,3.66,3.37,2.0,0.61,22.0,1.0,0.5,0.5,80.8,82.2,83.5,82.2,2.0,2.9,22.0,1.0,0.5,11.47,12.9,14.61,13.03,3.0,2.3,20.0,0.7,0.4,0.3,9.52,9.88,11.19,10.34,3.0,1.29,20.0,0.7,0.4,0.3,-9.39,-8.29,1.05,-4.26,3.0,8.41,20.0,0.7,0.4,0.3,996.86,998.7,1010.17,1003.4,3.0,10.57,20.0,0.7,0.4,0.3,4.3,5.0,7.0,5.7,3.0,2.1,20.0,0.7,0.4,0.3,109.4,127.5,164.5,136.7,3.0,41.1,20.0,0.7,0.4,0.3,-138.0,-107.0,5.9,-67.0,3.0,110.9,20.0,0.7,0.4,0.3,4.16,4.5,4.84,4.5,2.0,0.71,22.0,1.0,0.5,0.5,55.6,64.3,73.0,64.3,2.0,18.0,22.0,1.0,0.5,0.5,2.2,2.24,2.29,2.24,2.0,0.09,22.0,1.0,0.5,0.5,29.3,31.8,34.4,31.8,2.0,5.3,22.0,1.0,0.5,0.5,3.0,24.7,27.0,15.2,3.0,19.4,20.0,0.7,0.4,0.3,-12.3,5.9,12.9,0.5,3.0,19.1,20.0,0.7,0.4,0.3,35.1,36.1,37.1,36.1,2.0,2.0,22.0,1.0,0.5,0.5,-31.1,-30.3,-29.5,-30.3,2.0,1.7,22.0,1.0,0.5,0.5,22.4,24.4,26.3,24.4,2.0,4.1,22.0,1.0,0.5,0.5,-22.1,-20.5,-18.8,-20.5,2.0,3.4,22.0,1.0,0.5,0.5,1541.0,2146.5,3174.5,2353.0,3.0,1209.5,20.0,0.7,0.4,0.3,1540.0,2145.0,3175.0,2355.0,3.0,1210.0,20.0,0.7,0.4,0.3
1974,2,209.0,49.0,5.0,5.35,6.68,5.72,6.0,0.87,10.0,0.7,0.5,0.3,4.07,5.5,6.68,5.38,5.0,1.45,8.0,0.6,0.5,0.3,3.99,4.36,5.75,4.78,5.0,0.95,8.0,0.6,0.5,0.3,78.4,84.4,92.7,84.5,5.0,9.6,8.0,0.6,0.3,7.49,8.45,11.79,9.85,6.0,3.93,10.0,0.7,0.5,0.3,1.82,5.38,8.11,5.07,6.0,3.61,10.0,0.7,0.5,0.3,2.8,5.94,9.25,6.67,6.0,5.89,10.0,0.7,0.5,0.3,992.7,1001.7,1014.62,1001.45,6.0,13.36,10.0,0.7,0.5,0.3,2.6,7.0,8.0,5.6,5.0,2.9,10.0,0.8,0.6,0.4,12.2,45.8,67.6,44.3,6.0,35.8,10.0,0.7,0.5,0.3,28.8,45.4,109.4,81.9,6.0,111.7,10.0,0.7,0.5,0.3,-0.47,0.6,1.25,0.38,5.0,1.09,8.0,0.6,0.5,0.3,-4.1,4.0,9.9,2.7,5.0,9.0,8.0,0.6,0.5,0.3,0.27,1.03,1.64,0.99,5.0,0.86,8.0,0.6,0.5,0.3,4.1,8.2,13.0,8.5,5.0,6.7,8.0,0.6,0.5,0.3,6.4,22.6,32.9,20.6,5.0,16.5,8.0,0.6,0.5,0.3,17.6,36.3,69.5,45.1,5.0,45.9,8.0,0.6,0.5,0.3,6.3,15.9,33.6,18.9,5.0,15.4,8.0,0.6,0.5,0.3,17.4,27.6,58.0,38.1,5.0,38.9,8.0,0.6,0.5,0.3,-0.2,2.4,9.4,4.2,5.0,5.1,8.0,0.6,0.5,0.3,-0.2,6.5,10.9,6.0,5.0,6.6,8.0,0.6,0.5,0.3,424.5,605.0,1974.0,1403.0,6.0,1956.5,10.0,0.7,0.5,0.3,425.0,605.0,1975.0,1405.0,6.0,1955.0,10.0,0.7,0.5,0.3
1974,2,209.0,50.0,4.98,6.0,6.62,6.07,7.0,1.51,12.0,0.6,0.6,0.2,4.28,5.5,6.05,4.79,7.0,2.27,12.0,0.6,0.6,0.2,3.71,4.86,5.43,4.59,7.0,0.94,12.0,0.6,0.6,0.2,76.6,85.2,87.7,84.0,7.0,9.1,12.0,0.6,0.2,9.15,14.9,17.37,14.57,7.0,5.99,12.0,0.6,0.6,0.2,-0.11,13.02,16.32,10.39,7.0,9.07,12.0,0.6,0.6,0.2,-2.99,5.81,8.65,3.47,7.0,7.84,12.0,0.6,0.6,0.2,985.24,998.9,1010.01,997.51,7.0,10.68,12.0,0.6,0.6,0.2,7.0,7.0,8.0,7.4,5.0,0.5,12.0,0.4,0.5,0.2,-1.4,218.6,286.0,190.1,7.0,205.2,12.0,0.6,0.6,0.2,-45.6,43.2,166.0,47.0,7.0,131.7,12.0,0.6,0.6,0.2,-0.21,0.5,2.14,1.29,7.0,1.92,12.0,0.6,0.6,0.2,-3.0,6.5,51.1,22.4,7.0,33.1,12.0,0.6,0.6,0.2,0.6,1.17,2.32,1.34,7.0,0.83,12.0,0.6,0.6,0.2,3.8,16.2,41.0,22.0,7.0,19.9,12.0,0.6,0.6,0.2,-0.6,56.4,93.2,44.1,7.0,48.3,12.0,0.6,0.6,0.2,-0.6,33.7,39.8,28.9,7.0,28.6,12.0,0.6,0.6,0.2,-0.6,43.6,80.1,42.8,7.0,37.8,12.0,0.6,0.6,0.2,-11.9,29.0,33.6,20.6,7.0,34.6,12.0,0.6,0.6,0.2,0.0,15.3,31.9,18.6,7.0,18.9,12.0,0.6,0.6,0.2,-4.1,3.8,8.5,1.5,7.0,13.9,12.0,0.6,0.6,0.2,777.5,3308.0,5398.5,4484.5,7.0,5014.0,12.0,0.6,0.6,0.2,775.0,3310.0,5400.0,4485.0,7.0,5015.0,12.0,0.6,0.6,0.2
1974,2,209.0,51.0,3.27,4.0,4.37,3.8,5.0,1.1,16.0,0.8,0.7,0.4,0.38,2.75,5.41,2.75,6.0,3.22,14.0,0.8,0.8,0.3,3.7,4.37,5.17,4.43,3.0,1.07,16.0,1.0,0.8,0.5,83.5,85.0,95.2,89.2,3.0,9.4,16.0,1.0,0.5,11.09,14.4,17.83,14.83,8.0,4.11,14.0,0.6,0.7,0.4,7.26,11.3,14.21,10.83,8.0,5.63,14.0,0.6,0.7,0.4,-10.37,4.74,9.14,1.33,8.0,10.02,14.0,0.6,0.7,0.4,987.81,995.7,1006.06,997.87,7.0,12.76,16.0,0.7,0.8,0.4,6.4,8.0,8.0,7.2,6.0,1.6,18.0,0.7,0.7,0.4,67.3,176.9,232.7,174.0,8.0,128.0,14.0,0.6,0.7,0.4,-225.0,46.0,135.8,-2.8,8.0,168.6,14.0,0.6,0.7,0.4,-0.37,0.5,4.73,1.9,5.0,2.97,16.0,0.8,0.7,0.4,-5.3,5.4,76.0,31.3,5.0,50.8,16.0,0.8,0.7,0.4,-0.01,0.78,1.65,0.82,3.0,1.21,16.0,1.0,0.8,0.5,0.4,12.8,24.2,12.3,3.0,17.5,16.0,1.0,0.8,0.5,-4.8,14.4,55.6,19.7,6.0,31.4,14.0,0.8,0.8,0.3,3.4,30.3,56.1,33.5,6.0,34.9,14.0,0.8,0.8,0.3,50.7,61.0,62.0,56.5,3.0,9.2,16.0,1.0,0.8,0.5,0.1,36.1,46.4,23.5,3.0,35.6,16.0,1.0,0.8,0.5,0.7,11.1,22.5,11.6,3.0,16.0,16.0,1.0,0.8,0.5,-8.0,-3.5,3.3,-2.4,3.0,8.3,16.0,1.0,0.8,0.5,1387.0,2986.0,5683.5,3935.5,8.0,3219.0,14.0,0.6,0.7,0.4,1385.0,2985.0,5685.0,3935.0,8.0,3220.0,14.0,0.6,0.7,0.4
1974,2,209.0,52.0,3.46,4.0,5.0,4.13,11.0,0.79,12.0,0.5,0.6,0.4,1.17,3.5,5.62,3.19,11.0,2.33,12.0,0.5,0.6,0.4,3.63,4.07,5.12,4.28,11.0,0.82,12.0,0.5,0.6,0.4,80.5,91.8,96.8,88.6,11.0,9.4,12.0,0.5,0.4,8.08,11.3,13.61,10.89,11.0,4.2,12.0,0.5,0.6,0.4,-4.17,8.7,11.03,5.07,11.0,8.14,12.0,0.5,0.6,0.4,-1.83,2.41,5.94,2.64,11.0,6.78,12.0,0.5,0.6,0.4,998.76,1005.2,1011.2,1005.01,11.0,5.58,12.0,0.5,0.6,0.4,7.4,8.0,8.0,7.5,10.0,1.3,12.0,0.6,0.6,0.4,-37.5,81.3,142.3,61.7,11.0,99.1,12.0,0.5,0.6,0.4,-19.7,17.7,68.4,39.5,11.0,117.9,12.0,0.5,0.6,0.4,-1.04,0.5,3.21,0.94,11.0,2.27,12.0,0.5,0.6,0.4,-11.1,3.6,43.8,9.6,11.0,31.8,12.0,0.5,0.6,0.4,-0.15,0.91,1.8,0.84,11.0,0.9,12.0,0.5,0.6,0.4,-1.7,7.4,18.5,7.9,11.0,11.5,12.0,0.5,0.6,0.4,-23.1,17.4,34.4,7.1,11.0,30.1,12.0,0.5,0.6,0.4,-1.7,10.2,31.0,17.6,11.0,35.0,12.0,0.5,0.6,0.4,-20.5,34.9,38.3,18.5,11.0,35.5,12.0,0.5,0.6,0.4,-6.3,9.1,31.0,15.1,11.0,34.0,12.0,0.5,0.6,0.4,-1.4,7.4,15.8,7.6,11.0,9.4,12.0,0.5,0.6,0.4,-6.9,0.0,2.6,-2.3,11.0,6.3,12.0,0.5,0.6,0.4,540.5,1443.0,2521.5,1829.5,11.0,2031.5,12.0,0.5,0.6,0.4,540.0,1445.0,2520.0,1830.0,11.0,2030.0,12.0,0.5,0.6,0.4
1974,2,209.0,53.0,3.3,4.0,4.5,3.97,17.0,0.66,14.0,0.6,0.6,0.4,1.62,3.5,5.03,2.96,13.0,2.56,14.0,0.7,0.7,0.4,3.5,4.42,4.81,4.26,12.0,0.74,14.0,0.7,0.7,0.4,84.6,91.5,92.1,89.6,12.0,4.0,14.0,0.7,0.4,6.11,11.3,16.41,11.83,17.0,5.31,14.0,0.6,0.6,0.4,-2.57,9.16,13.91,6.92,17.0,8.31,14.0,0.6,0.6,0.4,-7.77,0.71,5.72,-0.4,17.0,7.53,14.0,0.6,0.6,0.4,990.69,999.2,1005.49,998.17,16.0,8.92,16.0,0.6,0.6,0.4,6.0,8.0,8.0,7.2,13.0,1.5,18.0,0.6,0.7,0.5,-14.3,85.2,228.8,112.1,17.0,146.8,14.0,0.6,0.6,0.4,-88.3,2.9,61.4,-21.1,17.0,127.6,14.0,0.6,0.6,0.4,-1.23,0.5,2.33,0.85,13.0,2.48,14.0,0.7,0.7,0.4,-9.6,3.0,27.7,17.6,13.0,50.6,14.0,0.7,0.7,0.4,0.24,0.6,1.38,0.74,12.0,0.73,14.0,0.7,0.7,0.4,2.1,4.2,17.6,10.8,12.0,16.7,14.0,0.7,0.7,0.4,-38.7,10.6,38.0,2.6,13.0,33.6,14.0,0.7,0.7,0.4,-0.9,17.0,32.9,17.2,13.0,24.2,14.0,0.7,0.7,0.4,-13.3,28.9,55.5,23.3,12.0,34.7,14.0,0.7,0.7,0.4,-22.9,8.1,30.8,8.3,12.0,32.0,14.0,0.7,0.7,0.4,-3.2,2.2,15.9,7.2,12.0,15.2,14.0,0.7,0.7,0.4,-6.4,0.5,1.6,-3.8,12.0,10.2,14.0,0.7,0.7,0.4,228.0,1443.0,4431.5,2691.5,17.0,3692.5,14.0,0.6,0.6,0.4,230.0,1445.0,4430.0,2690.0,17.0,3695.0,14.0,0.6,0.6,0.4
1974,2,209.0,54.0,1.67,3.4,4.81,3.28,6.0,1.98,20.0,0.7,0.8,0.5,-4.03,1.0,4.0,0.04,7.0,3.47,18.0,0.7,0.7,0.5,2.9,3.54,4.28,3.59,4.0,0.91,20.0,0.5,0.7,0.5,85.4,91.9,93.0,89.3,4.0,6.0,20.0,0.5,0.5,7.03,15.4,22.6,14.31,7.0,7.97,18.0,0.7,0.7,0.5,-0.37,7.1,15.38,7.28,7.0,9.49,18.0,0.7,0.7,0.5,-11.51,-2.67,7.87,-0.77,7.0,12.24,18.0,0.7,0.7,0.5,986.4,1002.0,1007.33,998.74,7.0,10.99,18.0,0.7,0.7,0.5,6.2,8.0,8.0,7.0,6.0,2.0,18.0,0.7,0.7,0.4,-8.4,58.2,280.9,120.7,7.0,206.8,18.0,0.7,0.7,0.5,-258.7,-33.6,72.3,-17.6,7.0,259.7,18.0,0.7,0.7,0.5,0.9,3.45,6.03,3.9,6.0,3.44,20.0,0.7,0.8,0.5,8.1,51.9,87.1,52.2,6.0,42.2,20.0,0.7,0.8,0.5,0.81,1.24,1.4,1.11,4.0,0.41,20.0,0.5,0.7,0.5,8.6,20.0,31.6,20.1,4.0,13.3,20.0,0.5,0.7,0.5,-18.2,-7.7,9.7,-8.4,7.0,44.4,18.0,0.7,0.7,0.5,-4.4,17.4,29.9,14.9,7.0,21.8,18.0,0.7,0.7,0.5,-4.2,36.5,61.1,28.8,4.0,43.5,20.0,0.5,0.7,0.5,-21.5,-13.1,36.2,6.5,4.0,50.0,20.0,0.5,0.7,0.5,-1.8,7.9,18.4,8.3,4.0,15.7,20.0,0.5,0.7,0.5,-10.6,-3.0,14.6,1.8,4.0,19.3,20.0,0.5,0.7,0.5,357.5,3652.5,11543.0,5207.5,7.0,5274.0,18.0,0.7,0.7,0.5,360.0,3650.0,11545.0,5205.0,7.0,5275.0,18.0,0.7,0.7,0.5
1974,2,209.0,55.0,2.21,4.5,5.37,3.84,5.0,2.12,14.0,0.4,0.7,0.3,-1.18,1.0,2.55,0.58,5.0,2.86,14.0,0.4,0.7,0.3,3.44,3.71,4.15,3.79,4.0,0.53,16.0,0.3,0.8,0.2,82.5,87.0,91.5,87.0,4.0,5.2,16.0,0.3,0.2,5.12,9.8,11.92,8.78,5.0,3.76,14.0,0.4,0.7,0.3,0.0,4.1,10.68,5.22,5.0,5.61,14.0,0.4,0.7,0.3,-4.13,0.0,4.9,-0.23,5.0,6.7,14.0,0.4,0.7,0.3,987.12,1002.6,1004.6,996.28,5.0,13.07,14.0,0.4,0.7,0.3,6.3,7.0,7.7,7.0,3.0,1.0,14.0,0.7,0.7,0.2,0.0,16.8,119.0,54.3,5.0,70.7,14.0,0.4,0.7,0.3,-46.6,0.0,41.7,-7.5,5.0,71.5,14.0,0.4,0.7,0.3,0.77,4.0,5.21,3.26,5.0,2.94,14.0,0.4,0.7,0.3,4.7,39.2,63.4,37.2,5.0,37.9,14.0,0.4,0.7,0.3,0.57,1.48,2.1,1.34,4.0,0.93,16.0,0.3,0.8,0.2,3.1,12.5,22.3,12.7,4.0,11.4,16.0,0.3,0.8,0.2,-18.3,0.0,4.4,-8.2,5.0,23.5,14.0,0.4,0.7,0.3,-19.8,0.0,7.3,-4.2,5.0,17.0,14.0,0.4,0.7,0.3,0.0,7.7,24.0,11.8,4.0,15.1,16.0,0.3,0.8,0.2,-21.6,0.0,13.4,-3.9,4.0,27.7,16.0,0.3,0.8,0.2,0.0,0.5,10.8,5.2,4.0,9.7,16.0,0.3,0.8,0.2,-13.0,0.0,2.8,-4.8,4.0,13.5,16.0,0.3,0.8,0.2,142.5,941.0,1718.5,967.0,5.0,888.5,14.0,0.4,0.7,0.3,145.0,940.0,1720.0,965.0,5.0,890.0,14.0,0.4,0.7,0.3
1974,2,209.0,56.0,3.29,3.6,4.9,4.08,4.0,1.31,12.0,0.0,0.7,0.4,-4.51,0.0,2.28,-0.78,5.0,3.98,14.0,0.2,0.6,0.4,3.4,3.4,3.4,3.4,1.0,0.0,12.0,0.0,0.6,0.1,82.8,82.8,82.8,82.8,1.0,0.0,12.0,0.0,0.1,9.13,13.4,16.57,12.88,4.0,5.48,18.0,0.3,0.6,0.5,5.2,6.1,9.44,7.27,4.0,3.31,18.0,0.3,0.6,0.5,-15.57,-6.53,2.31,-6.63,4.0,10.54,18.0,0.3,0.6,0.5,981.45,993.4,996.13,989.28,5.0,10.51,14.0,0.2,0.6,0.4,5.2,8.0,8.0,6.6,5.0,2.6,14.0,0.2,0.6,0.4,48.5,94.8,140.7,94.6,4.0,55.7,18.0,0.3,0.6,0.5,-264.2,-90.8,29.8,-116.0,4.0,180.3,18.0,0.3,0.6,0.5,1.86,6.35,8.12,5.05,4.0,4.3,12.0,0.0,0.7,0.4,54.3,109.7,134.7,94.8,3.0,60.3,16.0,0.0,0.7,0.5,2.46,2.46,2.46,2.46,1.0,0.0,12.0,0.0,0.6,0.1,14.0,14.0,14.0,14.0,1.0,0.0,12.0,0.0,0.6,0.1,-46.7,-13.0,3.0,-21.4,4.0,32.4,18.0,0.3,0.6,0.5,-12.5,0.0,37.4,11.9,4.0,41.2,18.0,0.3,0.6,0.5,19.4,19.4,19.4,19.4,1.0,0.0,12.0,0.0,0.6,0.1,0.0,0.0,0.0,0.0,1.0,0.0,12.0,0.0,0.6,0.1,14.0,14.0,14.0,14.0,1.0,0.0,12.0,0.0,0.6,0.1,0.0,0.0,0.0,0.0,1.0,0.0,12.0,0.0,0.6,0.1,1119.0,2416.0,4872.0,2969.0,4.0,2807.0,18.0,0.3,0.6,0.5,1120.0,2415.0,4870.0,2970.0,4.0,2805.0,18.0,0.3,0.6,0.5
1974,2,209.0,57.0,,,,,,,,,,,,,,,,,,,,,,,,,,,,,,,,,,,,,,,,5.07,8.45,10.46,8.48,12.0,3.03,8.0,0.5,0.6,0.4,-4.35,-1.9,7.8,0.56,12.0,6.36,8.0,0.5,0.6,0.4,-4.83,4.56,8.46,2.39,12.0,6.37,8.0,0.5,0.6,0.4,981.93,998.9,1010.28,996.35,15.0,13.29,6.0,0.5,0.6,0.4,,,,,,,,,,,,,,,,,,,,,,,,,,,,,,,,,,,,,,,,,,,,,,,,,,,,,,,,,,,,,,,,,,,,,,,,,,,,,,,,,,,,,,,,,,,,,,,,,,,,,,,,,,,,,,,,,,,,,,,,,,,,,,,,,,,,,,,,,,,,,,,,,,,,,,
1974,2,209.0,58.0,1.7,3.85,5.0,3.63,12.0,1.63,14.0,0.8,0.6,0.6,-7.67,1.1,3.17,-0.97,10.0,4.85,14.0,0.8,0.6,0.5,3.47,3.9,4.4,3.68,7.0,0.87,14.0,0.9,0.6,0.5,83.0,90.5,100.0,90.5,7.0,7.3,14.0,0.9,0.5,9.89,13.9,15.4,13.42,11.0,2.87,14.0,0.8,0.6,0.5,0.33,9.9,13.18,6.93,11.0,9.55,14.0,0.8,0.6,0.5,-10.16,-6.45,-2.47,-6.16,11.0,4.53,14.0,0.8,0.6,0.5,990.34,996.5,1001.1,994.84,12.0,7.01,14.0,0.8,0.6,0.6,7.0,8.0,8.0,7.7,11.0,0.5,14.0,0.9,0.5,0.5,0.8,142.2,191.4,97.9,11.0,138.9,14.0,0.8,0.6,0.5,-170.1,-83.2,-25.4,-92.0,11.0,72.5,14.0,0.8,0.6,0.5,1.1,3.6,10.29,5.01,10.0,4.42,14.0,0.8,0.6,0.5,13.7,41.1,129.7,66.4,10.0,63.0,14.0,0.8,0.6,0.5,0.52,1.9,2.29,1.5,7.0,0.85,14.0,0.9,0.6,0.5,7.6,21.2,26.8,18.4,7.0,11.1,14.0,0.9,0.6,0.5,-79.7,-26.1,22.4,-27.7,10.0,48.2,14.0,0.8,0.6,0.5,-20.1,-1.1,33.4,4.3,10.0,30.3,14.0,0.8,0.6,0.5,14.4,43.5,47.6,28.0,7.0,34.4,14.0,0.9,0.6,0.5,-32.9,-17.2,0.4,-18.3,7.0,19.7,14.0,0.9,0.6,0.5,4.3,18.4,25.1,14.2,7.0,13.9,14.0,0.9,0.6,0.5,-10.9,-5.9,0.1,-6.3,7.0,6.8,14.0,0.9,0.6,0.5,973.5,2685.5,3652.5,2712.5,11.0,1556.0,14.0,0.8,0.6,0.5,975.0,2685.0,3650.0,2710.0,11.0,1555.0,14.0,0.8,0.6,0.5
1974,2,210.0,-72.0,,,,,,,,,,,,,,,,,,,,,,,,,,,,,,,,,,,,,,,,,,,,,,,,,,,,,,,,,,,,,,,,,,,,,,,,,,,,,,,,8.0,8.0,8.0,8.0,1.0,0.0,20.0,0.0,0.4,0.6,6.5,6.5,6.5,6.5,1.0,0.0,20.0,0.0,0.4,0.6,11.2,11.2,11.2,11.2,1.0,0.0,20.0,0.0,0.4,0.6,,,,,,,,,,,,,,,,,,,,,,,,,,,,,,,,,,,,,,,,,,,,,,,,,,,,,,,,,,,,,,,,,,,,,,,,,,,,,,,,,,,,,,,,,,,,,,,,,,,,,,,,,,,,,,,,,,,,,,,,
1974,2,210.0,-62.0,1.15,1.2,1.25,1.2,4.0,0.08,14.0,0.5,0.5,0.9,0.51,1.4,1.61,1.08,4.0,0.94,14.0,0.5,0.5,0.9,3.75,3.87,3.98,3.87,2.0,0.24,14.0,0.5,0.4,0.9,94.9,96.1,97.3,96.1,2.0,2.4,14.0,0.5,0.9,5.62,8.5,12.16,8.88,4.0,3.9,14.0,0.5,0.5,0.9,2.91,7.19,9.32,6.16,4.0,4.44,14.0,0.5,0.5,0.9,-3.18,2.93,7.82,2.34,4.0,6.52,14.0,0.5,0.5,0.9,990.23,993.95,999.03,994.6,4.0,5.21,14.0,0.5,0.5,0.9,6.4,8.0,8.0,7.3,4.0,1.5,14.0,0.5,0.5,0.9,18.0,63.6,114.6,66.2,4.0,60.0,14.0,0.5,0.5,0.9,-16.8,34.1,96.2,39.4,4.0,66.9,14.0,0.5,0.5,0.9,-0.46,-0.15,0.74,0.13,4.0,0.95,14.0,0.5,0.5,0.9,-4.6,-1.3,3.4,-0.6,4.0,6.3,14.0,0.5,0.5,0.9,0.26,0.36,0.47,0.36,2.0,0.22,14.0,0.5,0.4,0.9,2.7,2.7,2.8,2.7,2.0,0.1,14.0,0.5,0.4,0.9,4.1,11.5,14.6,9.5,4.0,6.9,14.0,0.5,0.5,0.9,-0.1,6.8,12.3,6.1,4.0,7.2,14.0,0.5,0.5,0.9,6.6,20.7,34.9,20.7,2.0,29.3,14.0,0.5,0.4,0.9,-10.4,7.9,26.2,7.9,2.0,37.9,14.0,0.5,0.4,0.9,0.3,1.1,1.8,1.1,2.0,1.5,14.0,0.5,0.4,0.9,-1.9,-0.4,1.1,-0.4,2.0,3.1,14.0,0.5,0.4,0.9,183.0,749.0,1860.5,1009.0,4.0,1061.0,14.0,0.5,0.5,0.9,185.0,750.0,1860.0,1010.0,4.0,1060.0,14.0,0.5,0.5,0.9
1974,2,210.0,-61.0,1.08,1.2,1.2,1.15,6.0,0.08,8.0,0.8,0.5,0.6,1.5,1.6,2.25,1.84,5.0,0.44,6.0,0.8,0.4,0.7,4.27,4.27,4.27,4.27,1.0,0.0,4.0,0.0,0.2,0.6,95.1,95.1,96.0,95.6,3.0,0.8,4.0,0.7,0.8,6.15,9.3,10.4,8.34,5.0,3.55,8.0,1.0,0.5,0.5,0.58,6.58,9.06,5.18,5.0,5.11,8.0,1.0,0.5,0.5,-4.51,2.8,5.33,0.6,5.0,6.28,8.0,1.0,0.5,0.5,969.7,969.7,969.7,969.7,1.0,0.0,4.0,0.0,0.2,0.6,8.0,8.0,8.0,8.0,2.0,0.0,4.0,0.5,0.4,0.7,-2.5,61.2,91.3,50.9,5.0,60.7,8.0,1.0,0.5,0.5,-34.1,23.0,58.3,10.2,5.0,59.7,8.0,1.0,0.5,0.5,,,,,,,,,,,,,,,,,,,,,,,,,,,,,,,,,,,,,,,,,,,,,,,,,,,,,,,,,,,,,,,,,,,,,,,,,,,,,,,,,,,,,,,,,,,,,,,,,,,,,,,,,,,,,,,,,,,,,,,,
1974,2,210.0,-60.0,1.3,1.3,1.3,1.3,2.0,0.0,6.0,1.0,0.5,0.4,1.65,1.75,1.85,1.75,2.0,0.21,6.0,1.0,0.5,0.4,4.11,4.11,4.11,4.11,1.0,0.0,6.0,1.0,0.6,0.5,91.7,91.7,91.7,91.7,1.0,0.0,6.0,1.0,0.5,6.69,7.75,8.81,7.75,2.0,2.19,6.0,1.0,0.5,0.4,4.71,6.27,7.83,6.27,2.0,3.24,6.0,1.0,0.5,0.4,-4.57,-4.19,-3.81,-4.19,2.0,0.79,6.0,1.0,0.5,0.4,980.2,980.2,980.2,980.2,1.0,0.0,6.0,1.0,0.6,0.5,8.0,8.0,8.0,8.0,1.0,0.0,6.0,1.0,0.6,0.5,33.4,52.2,70.9,52.2,2.0,38.8,6.0,1.0,0.5,0.4,-33.1,-31.6,-30.1,-31.6,2.0,3.1,6.0,1.0,0.5,0.4,-0.55,-0.45,-0.35,-0.45,2.0,0.21,6.0,1.0,0.5,0.4,-3.6,-3.3,-2.9,-3.3,2.0,0.7,6.0,1.0,0.5,0.4,0.18,0.18,0.18,0.18,1.0,0.0,6.0,1.0,0.6,0.5,1.1,1.1,1.1,1.1,1.0,0.0,6.0,1.0,0.6,0.5,8.5,10.6,12.7,10.6,2.0,4.3,6.0,1.0,0.5,0.4,-8.5,-7.4,-6.3,-7.4,2.0,2.3,6.0,1.0,0.5,0.4,16.4,16.4,16.4,16.4,1.0,0.0,6.0,1.0,0.6,0.5,-19.5,-19.5,-19.5,-19.5,1.0,0.0,6.0,1.0,0.6,0.5,0.7,0.7,0.7,0.7,1.0,0.0,6.0,1.0,0.6,0.5,-0.9,-0.9,-0.9,-0.9,1.0,0.0,6.0,1.0,0.6,0.5,328.0,521.5,714.5,521.5,2.0,400.0,6.0,1.0,0.5,0.4,330.0,520.0,715.0,520.0,2.0,400.0,6.0,1.0,0.5,0.4
1974,2,210.0,-59.0,1.0,1.1,1.16,1.11,10.0,0.15,22.0,0.6,0.5,0.7,0.5,1.65,2.27,1.44,10.0,0.98,22.0,0.6,0.5,0.7,2.98,3.29,4.12,3.43,8.0,0.56,24.0,0.5,0.5,0.7,70.5,79.3,91.1,80.8,8.0,9.9,24.0,0.5,0.7,7.91,10.05,13.96,10.56,10.0,2.87,22.0,0.6,0.5,0.7,6.18,6.93,12.3,8.59,10.0,3.07,22.0,0.6,0.5,0.7,1.74,5.1,8.49,4.84,10.0,3.83,22.0,0.6,0.5,0.7,995.65,1006.6,1013.11,1002.41,9.0,14.05,22.0,0.6,0.5,0.7,6.0,8.0,8.0,6.8,9.0,1.7,22.0,0.6,0.5,0.7,53.3,68.9,173.7,97.0,10.0,59.2,22.0,0.6,0.5,0.7,12.5,52.2,103.7,52.7,10.0,49.6,22.0,0.6,0.5,0.7,-1.16,-0.6,0.79,-0.33,10.0,1.02,22.0,0.6,0.5,0.7,-12.1,-5.4,10.5,-2.5,10.0,10.7,22.0,0.6,0.5,0.7,-0.03,0.86,1.11,0.68,8.0,0.55,24.0,0.5,0.5,0.7,0.0,9.3,10.6,7.1,8.0,5.6,24.0,0.5,0.5,0.7,4.6,12.9,21.0,12.4,10.0,9.0,22.0,0.6,0.5,0.7,0.0,7.6,10.9,6.3,10.0,5.6,22.0,0.6,0.5,0.7,17.9,25.6,39.7,28.6,8.0,11.4,24.0,0.5,0.5,0.7,11.5,16.3,29.8,18.4,8.0,9.6,24.0,0.5,0.5,0.7,0.0,6.7,7.3,5.2,8.0,4.2,24.0,0.5,0.5,0.7,-0.1,4.8,7.6,4.4,8.0,4.2,24.0,0.5,0.5,0.7,497.0,1017.0,2719.0,1414.5,10.0,1035.5,22.0,0.6,0.5,0.7,495.0,1015.0,2720.0,1415.0,10.0,1035.0,22.0,0.6,0.5,0.7
1974,2,210.0,-58.0,1.6,1.6,1.6,1.6,1.0,0.0,22.0,0.0,0.4,0.4,0.9,0.9,0.9,0.9,1.0,0.0,22.0,0.0,0.4,0.4,3.94,3.94,3.94,3.94,1.0,0.0,22.0,0.0,0.4,0.4,96.5,96.5,96.5,96.5,1.0,0.0,22.0,0.0,0.4,10.8,10.8,10.8,10.8,1.0,0.0,22.0,0.0,0.4,0.4,-3.69,-3.69,-3.69,-3.69,1.0,0.0,22.0,0.0,0.4,0.4,10.15,10.15,10.15,10.15,1.0,0.0,22.0,0.0,0.4,0.4,1000.6,1000.6,1000.6,1000.6,1.0,0.0,22.0,0.0,0.4,0.4,8.0,8.0,8.0,8.0,1.0,0.0,22.0,0.0,0.4,0.4,-39.9,-39.9,-39.9,-39.9,1.0,0.0,22.0,0.0,0.4,0.4,109.6,109.6,109.6,109.6,1.0,0.0,22.0,0.0,0.4,0.4,0.7,0.7,0.7,0.7,1.0,0.0,22.0,0.0,0.4,0.4,7.6,7.6,7.6,7.6,1.0,0.0,22.0,0.0,0.4,0.4,0.36,0.36,0.36,0.36,1.0,0.0,22.0,0.0,0.4,0.4,3.8,3.8,3.8,3.8,1.0,0.0,22.0,0.0,0.4,0.4,-3.3,-3.3,-3.3,-3.3,1.0,0.0,22.0,0.0,0.4,0.4,9.1,9.1,9.1,9.1,1.0,0.0,22.0,0.0,0.4,0.4,-14.5,-14.5,-14.5,-14.5,1.0,0.0,22.0,0.0,0.4,0.4,40.0,40.0,40.0,40.0,1.0,0.0,22.0,0.0,0.4,0.4,-1.3,-1.3,-1.3,-1.3,1.0,0.0,22.0,0.0,0.4,0.4,3.6,3.6,3.6,3.6,1.0,0.0,22.0,0.0,0.4,0.4,1259.5,1259.5,1259.5,1259.5,1.0,0.0,22.0,0.0,0.4,0.4,1260.0,1260.0,1260.0,1260.0,1.0,0.0,22.0,0.0,0.4,0.4
1974,2,210.0,-45.0,15.5,15.5,15.5,15.5,1.0,0.0,22.0,0.0,0.7,0.6,15.0,15.0,15.0,15.0,1.0,0.0,22.0,0.0,0.7,0.6,9.59,9.59,9.59,9.59,1.0,0.0,22.0,0.0,0.7,0.6,90.2,90.2,90.2,90.2,1.0,0.0,22.0,0.0,0.6,,,,,,,,,,,,,,,,,,,,,,,,,,,,,,,,,,,,,,,,,,,,,,,,,,,,,,,,,,,,,,,,,,,,,,,,,,,,,,,,,,,,,,,,,,,,,,,,,,,,,,,,,,,,,,,,,,,,,,,,,,,,,,,,,,,,,,,,,,,,,,,,,,,,,,,,,,,,,,,,,,,,,,,,,,,,,,,,,,,,,,,,,,,,,,
1974,2,210.0,-43.0,14.1,14.1,14.1,14.1,1.0,0.0,20.0,0.0,0.7,0.1,13.2,13.2,13.2,13.2,1.0,0.0,20.0,0.0,0.7,0.1,7.24,7.24,7.24,7.24,1.0,0.0,20.0,0.0,0.7,0.1,78.3,78.3,78.3,78.3,1.0,0.0,20.0,0.0,0.1,3.6,3.6,3.6,3.6,1.0,0.0,20.0,0.0,0.7,0.1,-1.8,-1.8,-1.8,-1.8,1.0,0.0,20.0,0.0,0.7,0.1,-3.12,-3.12,-3.12,-3.12,1.0,0.0,20.0,0.0,0.7,0.1,1029.1,1029.1,1029.1,1029.1,1.0,0.0,20.0,0.0,0.7,0.1,8.0,8.0,8.0,8.0,1.0,0.0,20.0,0.0,0.7,0.1,-6.5,-6.5,-6.5,-6.5,1.0,0.0,20.0,0.0,0.7,0.1,-11.2,-11.2,-11.2,-11.2,1.0,0.0,20.0,0.0,0.7,0.1,0.9,0.9,0.9,0.9,1.0,0.0,20.0,0.0,0.7,0.1,3.2,3.2,3.2,3.2,1.0,0.0,20.0,0.0,0.7,0.1,2.58,2.58,2.58,2.58,1.0,0.0,20.0,0.0,0.7,0.1,9.3,9.3,9.3,9.3,1.0,0.0,20.0,0.0,0.7,0.1,-23.8,-23.8,-23.8,-23.8,1.0,0.0,20.0,0.0,0.7,0.1,-41.2,-41.2,-41.2,-41.2,1.0,0.0,20.0,0.0,0.7,0.1,-13.0,-13.0,-13.0,-13.0,1.0,0.0,20.0,0.0,0.7,0.1,-22.6,-22.6,-22.6,-22.6,1.0,0.0,20.0,0.0,0.7,0.1,-4.7,-4.7,-4.7,-4.7,1.0,0.0,20.0,0.0,0.7,0.1,-8.1,-8.1,-8.1,-8.1,1.0,0.0,20.0,0.0,0.7,0.1,46.5,46.5,46.5,46.5,1.0,0.0,20.0,0.0,0.7,0.1,45.0,45.0,45.0,45.0,1.0,0.0,20.0,0.0,0.7,0.1
1974,2,210.0,-40.0,,,,,,,,,,,,,,,,,,,,,,,,,,,,,,,,,,,,,,,,5.7,5.7,5.7,5.7,1.0,0.0,10.0,1.0,0.3,0.4,4.94,4.94,4.94,4.94,1.0,0.0,10.0,1.0,0.3,0.4,2.85,2.85,2.85,2.85,1.0,0.0,10.0,1.0,0.3,0.4,1018.5,1018.5,1018.5,1018.5,1.0,0.0,10.0,1.0,0.3,0.4,,,,,,,,,,,,,,,,,,,,,,,,,,,,,,,,,,,,,,,,,,,,,,,,,,,,,,,,,,,,,,,,,,,,,,,,,,,,,,,,,,,,,,,,,,,,,,,,,,,,,,,,,,,,,,,,,,,,,,,,,,,,,,,,,,,,,,,,,,,,,,,,,,,,,,
1974,2,210.0,-39.0,18.54,19.05,19.56,19.05,2.0,1.06,20.0,0.0,0.6,0.7,16.92,17.6,18.28,17.6,2.0,1.41,20.0,0.0,0.6,0.7,9.12,10.17,11.23,10.17,2.0,2.19,20.0,0.0,0.6,0.7,71.3,82.9,94.6,82.9,2.0,24.1,20.0,0.0,0.7,3.74,6.2,8.66,6.2,2.0,5.09,20.0,0.0,0.6,0.7,-1.41,-0.84,-0.27,-0.84,2.0,1.18,20.0,0.0,0.6,0.7,3.23,5.9,8.56,5.9,2.0,5.52,20.0,0.0,0.6,0.7,1015.77,1020.45,1025.13,1020.45,2.0,9.69,20.0,0.0,0.6,0.7,6.2,6.5,6.8,6.5,2.0,0.7,20.0,0.0,0.6,0.7,-3.7,-2.2,-0.7,-2.2,2.0,3.1,20.0,0.0,0.6,0.7,19.6,50.6,81.6,50.6,2.0,64.2,20.0,0.0,0.6,0.7,1.28,1.45,1.62,1.45,2.0,0.35,20.0,0.0,0.6,0.7,5.3,9.9,14.5,9.9,2.0,9.6,20.0,0.0,0.6,0.7,2.01,3.44,4.87,3.44,2.0,2.97,20.0,0.0,0.6,0.7,13.3,13.8,14.2,13.8,2.0,0.9,20.0,0.0,0.6,0.7,-26.2,-15.5,-4.9,-15.5,2.0,22.0,20.0,0.0,0.6,0.7,57.0,99.9,142.7,99.9,2.0,88.8,20.0,0.0,0.6,0.7,-12.1,-7.2,-2.3,-7.2,2.0,10.2,20.0,0.0,0.6,0.7,32.7,66.0,99.4,66.0,2.0,69.1,20.0,0.0,0.6,0.7,-7.8,-4.6,-1.5,-4.6,2.0,6.5,20.0,0.0,0.6,0.7,11.4,12.1,12.8,12.1,2.0,1.5,20.0,0.0,0.6,0.7,164.0,479.5,794.5,479.5,2.0,653.0,20.0,0.0,0.6,0.7,165.0,480.0,795.0,480.0,2.0,655.0,20.0,0.0,0.6,0.7
1974,2,210.0,-36.0,,,,,,,,,,,,,,,,,,,,,,,,,,,,,,,,,,,,,,,,6.2,6.2,6.2,6.2,1.0,0.0,28.0,0.0,0.4,0.8,-6.2,-6.2,-6.2,-6.2,1.0,0.0,28.0,0.0,0.4,0.8,0.0,0.0,0.0,0.0,1.0,0.0,28.0,0.0,0.4,0.8,1020.6,1020.6,1020.6,1020.6,1.0,0.0,28.0,0.0,0.4,0.8,,,,,,,,,,,,,,,,,,,,,,,,,,,,,,,,,,,,,,,,,,,,,,,,,,,,,,,,,,,,,,,,,,,,,,,,,,,,,,,,,,,,,,,,,,,,,,,,,,,,,,,,,,,,,,,,,,,,,,,,,,,,,,,,,,,,,,,,,,,,,,,,,,,,,,
1974,2,210.0,-33.0,22.21,22.65,23.09,22.65,2.0,0.92,12.0,0.5,0.6,0.5,22.4,23.7,25.0,23.7,2.0,2.69,12.0,0.5,0.6,0.5,14.34,15.62,16.9,15.62,2.0,2.66,12.0,0.5,0.6,0.5,85.3,85.6,85.9,85.6,2.0,0.6,12.0,0.5,0.5,5.86,6.2,6.54,6.2,2.0,0.71,12.0,0.5,0.6,0.5,-4.9,-4.4,-3.9,-4.4,2.0,1.04,12.0,0.5,0.6,0.5,-2.93,0.03,2.99,0.03,2.0,6.13,12.0,0.5,0.6,0.5,1019.73,1019.8,1019.87,1019.8,2.0,0.14,12.0,0.5,0.6,0.5,4.5,5.5,6.5,5.5,2.0,2.1,12.0,0.5,0.6,0.5,-32.2,-27.6,-23.0,-27.6,2.0,9.5,12.0,0.5,0.6,0.5,-20.3,-2.0,16.4,-2.0,2.0,38.0,12.0,0.5,0.6,0.5,-1.9,-1.05,-0.2,-1.05,2.0,1.77,12.0,0.5,0.6,0.5,-12.8,-7.1,-1.5,-7.1,2.0,11.7,12.0,0.5,0.6,0.5,0.6,1.42,2.24,1.42,2.0,1.7,12.0,0.5,0.6,0.5,3.6,8.2,12.8,8.2,2.0,9.5,12.0,0.5,0.6,0.5,-123.2,-105.6,-88.0,-105.6,2.0,36.4,12.0,0.5,0.6,0.5,-77.6,-7.5,62.6,-7.5,2.0,145.3,12.0,0.5,0.6,0.5,-83.6,-70.1,-56.6,-70.1,2.0,27.9,12.0,0.5,0.6,0.5,-53.9,-7.7,38.5,-7.7,2.0,95.7,12.0,0.5,0.6,0.5,-8.2,-5.3,-2.5,-5.3,2.0,6.0,12.0,0.5,0.6,0.5,1.0,5.2,9.5,5.2,2.0,8.7,12.0,0.5,0.6,0.5,203.5,243.0,282.5,243.0,2.0,81.5,12.0,0.5,0.6,0.5,205.0,245.0,280.0,245.0,2.0,80.0,12.0,0.5,0.6,0.5
1974,2,210.0,-32.0,23.35,23.45,23.55,23.45,2.0,0.21,18.0,0.0,0.6,0.7,22.81,23.7,24.59,23.7,2.0,1.84,18.0,0.0,0.6,0.7,12.76,14.2,15.64,14.2,2.0,2.98,18.0,0.0,0.6,0.7,74.1,77.7,81.3,77.7,2.0,7.4,18.0,0.0,0.7,7.59,9.5,11.41,9.5,2.0,3.96,18.0,0.0,0.6,0.7,-4.21,-0.8,2.62,-0.8,2.0,7.08,18.0,0.0,0.6,0.7,-9.19,-4.1,0.98,-4.1,2.0,10.54,18.0,0.0,0.6,0.7,1017.07,1018.5,1019.93,1018.5,2.0,2.97,18.0,0.0,0.6,0.7,8.0,8.0,8.0,8.0,2.0,0.0,18.0,0.0,0.6,0.7,-24.5,6.4,37.4,6.4,2.0,64.1,18.0,0.0,0.6,0.7,-116.0,-59.9,-3.7,-59.9,2.0,116.4,18.0,0.0,0.6,0.7,-1.24,-0.25,0.74,-0.25,2.0,2.05,18.0,0.0,0.6,0.7,-16.3,-6.4,3.4,-6.4,2.0,20.5,18.0,0.0,0.6,0.7,2.17,3.7,5.22,3.7,2.0,3.16,18.0,0.0,0.6,0.7,21.5,28.9,36.3,28.9,2.0,15.4,18.0,0.0,0.6,0.7,-92.7,-12.4,67.9,-12.4,2.0,166.3,18.0,0.0,0.6,0.7,-231.2,-107.0,17.3,-107.0,2.0,257.4,18.0,0.0,0.6,0.7,-48.2,-0.8,46.6,-0.8,2.0,98.1,18.0,0.0,0.6,0.7,-152.2,-74.0,4.2,-74.0,2.0,162.0,18.0,0.0,0.6,0.7,-28.0,-14.1,-0.3,-14.1,2.0,28.7,18.0,0.0,0.6,0.7,-11.1,1.5,14.0,1.5,2.0,26.0,18.0,0.0,0.6,0.7,548.5,1081.0,1613.5,1081.0,2.0,1103.0,18.0,0.0,0.6,0.7,550.0,1080.0,1615.0,1080.0,2.0,1105.0,18.0,0.0,0.6,0.7
1974,2,210.0,-31.0,24.08,24.25,24.42,24.25,2.0,0.35,18.0,0.5,0.3,0.7,22.99,23.4,23.81,23.4,2.0,0.85,18.0,0.5,0.3,0.7,12.84,14.72,16.6,14.72,2.0,3.89,18.0,0.5,0.3,0.7,73.7,82.0,90.3,82.0,2.0,17.2,18.0,0.5,0.7,4.51,5.4,6.29,5.4,2.0,1.84,18.0,0.5,0.3,0.7,-4.32,-2.57,-0.81,-2.57,2.0,3.63,18.0,0.5,0.3,0.7,4.13,4.2,4.27,4.2,2.0,0.15,18.0,0.5,0.3,0.7,1015.59,1016.65,1017.71,1016.65,2.0,2.19,18.0,0.5,0.3,0.7,0.8,2.5,4.2,2.5,2.0,3.5,18.0,0.5,0.3,0.7,-28.9,-17.2,-5.5,-17.2,2.0,24.3,18.0,0.5,0.3,0.7,18.7,22.8,26.9,22.8,2.0,8.5,18.0,0.5,0.3,0.7,0.27,0.85,1.43,0.85,2.0,1.2,18.0,0.5,0.3,0.7,1.8,5.7,9.6,5.7,2.0,8.1,18.0,0.5,0.3,0.7,2.05,4.11,6.16,4.11,2.0,4.26,18.0,0.5,0.3,0.7,11.4,26.1,40.8,26.1,2.0,30.5,18.0,0.5,0.3,0.7,-98.4,-58.5,-18.6,-58.5,2.0,82.7,18.0,0.5,0.3,0.7,98.2,98.3,98.4,98.3,2.0,0.1,18.0,0.5,0.3,0.7,-51.7,-30.7,-9.7,-30.7,2.0,43.4,18.0,0.5,0.3,0.7,54.7,61.6,68.5,61.6,2.0,14.2,18.0,0.5,0.3,0.7,-30.7,-18.3,-5.8,-18.3,2.0,25.8,18.0,0.5,0.3,0.7,8.7,17.6,26.5,17.6,2.0,18.5,18.0,0.5,0.3,0.7,105.5,185.0,264.0,185.0,2.0,164.0,18.0,0.5,0.3,0.7,105.0,185.0,265.0,185.0,2.0,165.0,18.0,0.5,0.3,0.7
1974,2,210.0,-30.0,24.5,24.5,24.5,24.5,1.0,0.0,14.0,0.0,0.2,0.7,24.16,24.5,24.84,24.5,2.0,0.71,10.0,0.5,0.5,0.6,15.27,15.32,15.37,15.32,2.0,0.1,10.0,0.5,0.5,0.6,78.4,80.4,82.4,80.4,2.0,4.1,10.0,0.5,0.6,7.85,9.25,10.65,9.25,2.0,2.9,10.0,0.5,0.5,0.6,-10.44,-8.95,-7.46,-8.95,2.0,3.08,10.0,0.5,0.5,0.6,-1.76,-0.25,1.26,-0.25,2.0,3.13,10.0,0.5,0.5,0.6,1016.12,1017.25,1018.38,1017.25,2.0,2.33,10.0,0.5,0.5,0.6,7.2,7.5,7.8,7.5,2.0,0.7,10.0,0.5,0.5,0.6,-113.5,-87.2,-60.9,-87.2,2.0,54.5,10.0,0.5,0.5,0.6,-11.4,2.2,15.8,2.2,2.0,28.2,10.0,0.5,0.5,0.6,0.5,0.5,0.5,0.5,1.0,0.0,14.0,0.0,0.2,0.7,5.7,5.7,5.7,5.7,1.0,0.0,14.0,0.0,0.2,0.7,3.69,3.69,3.69,3.69,1.0,0.0,14.0,0.0,0.2,0.7,41.7,41.7,41.7,41.7,1.0,0.0,14.0,0.0,0.2,0.7,-251.5,-218.1,-184.7,-218.1,2.0,69.3,10.0,0.5,0.5,0.6,-44.3,-7.2,29.8,-7.2,2.0,76.8,10.0,0.5,0.5,0.6,-160.4,-137.2,-114.0,-137.2,2.0,48.1,10.0,0.5,0.5,0.6,-26.8,-3.7,19.4,-3.7,2.0,47.9,10.0,0.5,0.5,0.6,-41.0,-41.0,-41.0,-41.0,1.0,0.0,14.0,0.0,0.2,0.7,7.2,7.2,7.2,7.2,1.0,0.0,14.0,0.0,0.2,0.7,543.0,908.0,1273.0,908.0,2.0,756.5,10.0,0.5,0.5,0.6,545.0,910.0,1275.0,910.0,2.0,755.0,10.0,0.5,0.5,0.6
1974,2,210.0,-25.0,26.0,26.0,26.0,26.0,1.0,0.0,28.0,0.0,0.2,0.2,25.0,25.0,25.0,25.0,1.0,0.0,28.0,0.0,0.2,0.2,19.36,19.36,19.36,19.36,1.0,0.0,28.0,0.0,0.2,0.2,98.2,98.2,98.2,98.2,1.0,0.0,28.0,0.0,0.2,7.7,7.7,7.7,7.7,1.0,0.0,28.0,0.0,0.2,0.2,-7.7,-7.7,-7.7,-7.7,1.0,0.0,28.0,0.0,0.2,0.2,0.0,0.0,0.0,0.0,1.0,0.0,28.0,0.0,0.2,0.2,1016.0,1016.0,1016.0,1016.0,1.0,0.0,28.0,0.0,0.2,0.2,8.0,8.0,8.0,8.0,1.0,0.0,28.0,0.0,0.2,0.2,-59.3,-59.3,-59.3,-59.3,1.0,0.0,28.0,0.0,0.2,0.2,0.0,0.0,0.0,0.0,1.0,0.0,28.0,0.0,0.2,0.2,1.0,1.0,1.0,1.0,1.0,0.0,28.0,0.0,0.2,0.2,7.7,7.7,7.7,7.7,1.0,0.0,28.0,0.0,0.2,0.2,1.58,1.58,1.58,1.58,1.0,0.0,28.0,0.0,0.2,0.2,12.2,12.2,12.2,12.2,1.0,0.0,28.0,0.0,0.2,0.2,-192.5,-192.5,-192.5,-192.5,1.0,0.0,28.0,0.0,0.2,0.2,0.0,0.0,0.0,0.0,1.0,0.0,28.0,0.0,0.2,0.2,-149.1,-149.1,-149.1,-149.1,1.0,0.0,28.0,0.0,0.2,0.2,0.0,0.0,0.0,0.0,1.0,0.0,28.0,0.0,0.2,0.2,-12.2,-12.2,-12.2,-12.2,1.0,0.0,28.0,0.0,0.2,0.2,0.0,0.0,0.0,0.0,1.0,0.0,28.0,0.0,0.2,0.2,456.5,456.5,456.5,456.5,1.0,0.0,28.0,0.0,0.2,0.2,455.0,455.0,455.0,455.0,1.0,0.0,28.0,0.0,0.2,0.2
1974,2,210.0,-24.0,27.0,27.0,27.0,27.0,1.0,0.0,28.0,1.0,0.5,0.7,27.0,27.0,27.0,27.0,1.0,0.0,28.0,1.0,0.5,0.7,17.33,17.33,17.33,17.33,1.0,0.0,28.0,1.0,0.5,0.7,78.3,78.3,78.3,78.3,1.0,0.0,28.0,1.0,0.7,10.3,10.3,10.3,10.3,1.0,0.0,28.0,1.0,0.5,0.7,-9.68,-9.68,-9.68,-9.68,1.0,0.0,28.0,1.0,0.5,0.7,-3.52,-3.52,-3.52,-3.52,1.0,0.0,28.0,1.0,0.5,0.7,1017.0,1017.0,1017.0,1017.0,1.0,0.0,28.0,1.0,0.5,0.7,6.0,6.0,6.0,6.0,1.0,0.0,28.0,1.0,0.5,0.7,-99.7,-99.7,-99.7,-99.7,1.0,0.0,28.0,1.0,0.5,0.7,-36.3,-36.3,-36.3,-36.3,1.0,0.0,28.0,1.0,0.5,0.7,0.0,0.0,0.0,0.0,1.0,0.0,28.0,1.0,0.5,0.7,0.0,0.0,0.0,0.0,1.0,0.0,28.0,1.0,0.5,0.7,4.88,4.88,4.88,4.88,1.0,0.0,28.0,1.0,0.5,0.7,50.2,50.2,50.2,50.2,1.0,0.0,28.0,1.0,0.5,0.7,-261.3,-261.3,-261.3,-261.3,1.0,0.0,28.0,1.0,0.5,0.7,-95.1,-95.1,-95.1,-95.1,1.0,0.0,28.0,1.0,0.5,0.7,-167.8,-167.8,-167.8,-167.8,1.0,0.0,28.0,1.0,0.5,0.7,-61.1,-61.1,-61.1,-61.1,1.0,0.0,28.0,1.0,0.5,0.7,-47.2,-47.2,-47.2,-47.2,1.0,0.0,28.0,1.0,0.5,0.7,-17.2,-17.2,-17.2,-17.2,1.0,0.0,28.0,1.0,0.5,0.7,1092.5,1092.5,1092.5,1092.5,1.0,0.0,28.0,1.0,0.5,0.7,1095.0,1095.0,1095.0,1095.0,1.0,0.0,28.0,1.0,0.5,0.7
1974,2,210.0,-22.0,25.5,25.5,25.5,25.5,1.0,0.0,22.0,0.0,0.4,0.4,26.8,26.8,26.8,26.8,1.0,0.0,22.0,0.0,0.4,0.4,16.87,16.87,16.87,16.87,1.0,0.0,22.0,0.0,0.4,0.4,76.8,76.8,76.8,76.8,1.0,0.0,22.0,0.0,0.4,11.8,11.8,11.8,11.8,1.0,0.0,22.0,0.0,0.4,0.4,-11.8,-11.8,-11.8,-11.8,1.0,0.0,22.0,0.0,0.4,0.4,0.0,0.0,0.0,0.0,1.0,0.0,22.0,0.0,0.4,0.4,1013.2,1013.2,1013.2,1013.2,1.0,0.0,22.0,0.0,0.4,0.4,2.0,2.0,2.0,2.0,1.0,0.0,22.0,0.0,0.4,0.4,-139.2,-139.2,-139.2,-139.2,1.0,0.0,22.0,0.0,0.4,0.4,0.0,0.0,0.0,0.0,1.0,0.0,22.0,0.0,0.4,0.4,-1.3,-1.3,-1.3,-1.3,1.0,0.0,22.0,0.0,0.4,0.4,-15.3,-15.3,-15.3,-15.3,1.0,0.0,22.0,0.0,0.4,0.4,3.5,3.5,3.5,3.5,1.0,0.0,22.0,0.0,0.4,0.4,41.3,41.3,41.3,41.3,1.0,0.0,22.0,0.0,0.4,0.4,-316.2,-316.2,-316.2,-316.2,1.0,0.0,22.0,0.0,0.4,0.4,0.0,0.0,0.0,0.0,1.0,0.0,22.0,0.0,0.4,0.4,-199.1,-199.1,-199.1,-199.1,1.0,0.0,22.0,0.0,0.4,0.4,0.0,0.0,0.0,0.0,1.0,0.0,22.0,0.0,0.4,0.4,-41.3,-41.3,-41.3,-41.3,1.0,0.0,22.0,0.0,0.4,0.4,0.0,0.0,0.0,0.0,1.0,0.0,22.0,0.0,0.4,0.4,1643.0,1643.0,1643.0,1643.0,1.0,0.0,22.0,0.0,0.4,0.4,1645.0,1645.0,1645.0,1645.0,1.0,0.0,22.0,0.0,0.4,0.4
1974,2,210.0,-21.0,26.0,26.0,26.0,26.0,1.0,0.0,22.0,0.0,0.3,1.0,27.4,27.4,27.4,27.4,1.0,0.0,22.0,0.0,0.3,1.0,17.83,17.83,17.83,17.83,1.0,0.0,22.0,0.0,0.3,1.0,78.3,78.3,78.3,78.3,1.0,0.0,22.0,0.0,1.0,10.3,10.3,10.3,10.3,1.0,0.0,22.0,0.0,0.3,1.0,-10.14,-10.14,-10.14,-10.14,1.0,0.0,22.0,0.0,0.3,1.0,-1.79,-1.79,-1.79,-1.79,1.0,0.0,22.0,0.0,0.3,1.0,1013.0,1013.0,1013.0,1013.0,1.0,0.0,22.0,0.0,0.3,1.0,5.0,5.0,5.0,5.0,1.0,0.0,22.0,0.0,0.3,1.0,-104.5,-104.5,-104.5,-104.5,1.0,0.0,22.0,0.0,0.3,1.0,-18.4,-18.4,-18.4,-18.4,1.0,0.0,22.0,0.0,0.3,1.0,-1.4,-1.4,-1.4,-1.4,1.0,0.0,22.0,0.0,0.3,1.0,-14.4,-14.4,-14.4,-14.4,1.0,0.0,22.0,0.0,0.3,1.0,3.17,3.17,3.17,3.17,1.0,0.0,22.0,0.0,0.3,1.0,32.6,32.6,32.6,32.6,1.0,0.0,22.0,0.0,0.3,1.0,-277.9,-277.9,-277.9,-277.9,1.0,0.0,22.0,0.0,0.3,1.0,-49.0,-49.0,-49.0,-49.0,1.0,0.0,22.0,0.0,0.3,1.0,-180.9,-180.9,-180.9,-180.9,1.0,0.0,22.0,0.0,0.3,1.0,-31.9,-31.9,-31.9,-31.9,1.0,0.0,22.0,0.0,0.3,1.0,-32.1,-32.1,-32.1,-32.1,1.0,0.0,22.0,0.0,0.3,1.0,-5.7,-5.7,-5.7,-5.7,1.0,0.0,22.0,0.0,0.3,1.0,1092.5,1092.5,1092.5,1092.5,1.0,0.0,22.0,0.0,0.3,1.0,1095.0,1095.0,1095.0,1095.0,1.0,0.0,22.0,0.0,0.3,1.0
1974,2,210.0,-19.0,26.0,26.0,26.0,26.0,1.0,0.0,22.0,1.0,0.2,0.1,29.0,29.0,29.0,29.0,1.0,0.0,22.0,1.0,0.2,0.1,17.86,17.86,17.86,17.86,1.0,0.0,22.0,1.0,0.2,0.1,71.4,71.4,71.4,71.4,1.0,0.0,22.0,1.0,0.1,10.3,10.3,10.3,10.3,1.0,0.0,22.0,1.0,0.2,0.1,-9.68,-9.68,-9.68,-9.68,1.0,0.0,22.0,1.0,0.2,0.1,-3.52,-3.52,-3.52,-3.52,1.0,0.0,22.0,1.0,0.2,0.1,1011.8,1011.8,1011.8,1011.8,1.0,0.0,22.0,1.0,0.2,0.1,6.0,6.0,6.0,6.0,1.0,0.0,22.0,1.0,0.2,0.1,-99.7,-99.7,-99.7,-99.7,1.0,0.0,22.0,1.0,0.2,0.1,-36.3,-36.3,-36.3,-36.3,1.0,0.0,22.0,1.0,0.2,0.1,-3.0,-3.0,-3.0,-3.0,1.0,0.0,22.0,1.0,0.2,0.1,-30.9,-30.9,-30.9,-30.9,1.0,0.0,22.0,1.0,0.2,0.1,3.17,3.17,3.17,3.17,1.0,0.0,22.0,1.0,0.2,0.1,32.7,32.7,32.7,32.7,1.0,0.0,22.0,1.0,0.2,0.1,-280.7,-280.7,-280.7,-280.7,1.0,0.0,22.0,1.0,0.2,0.1,-102.2,-102.2,-102.2,-102.2,1.0,0.0,22.0,1.0,0.2,0.1,-172.8,-172.8,-172.8,-172.8,1.0,0.0,22.0,1.0,0.2,0.1,-62.9,-62.9,-62.9,-62.9,1.0,0.0,22.0,1.0,0.2,0.1,-30.7,-30.7,-30.7,-30.7,1.0,0.0,22.0,1.0,0.2,0.1,-11.2,-11.2,-11.2,-11.2,1.0,0.0,22.0,1.0,0.2,0.1,1092.5,1092.5,1092.5,1092.5,1.0,0.0,22.0,1.0,0.2,0.1,1095.0,1095.0,1095.0,1095.0,1.0,0.0,22.0,1.0,0.2,0.1
1974,2,210.0,-18.0,26.83,28.0,28.92,27.92,5.0,1.46,12.0,0.4,0.4,0.6,26.14,27.0,27.18,26.66,5.0,0.96,12.0,0.4,0.4,0.6,16.42,16.51,17.37,16.82,5.0,0.52,12.0,0.4,0.4,0.6,73.3,74.5,81.9,77.4,5.0,6.4,12.0,0.4,0.6,3.73,5.1,6.57,5.14,5.0,1.63,12.0,0.4,0.4,0.6,-6.0,-5.02,-2.86,-4.6,5.0,1.87,12.0,0.4,0.4,0.6,-2.81,-1.99,1.02,-1.12,5.0,2.04,12.0,0.4,0.4,0.6,1011.33,1013.0,1015.27,1013.28,5.0,2.37,12.0,0.4,0.4,0.6,3.0,4.5,6.0,4.5,4.0,2.1,8.0,0.3,0.4,0.6,-39.8,-25.6,-10.9,-26.0,5.0,17.3,12.0,0.4,0.4,0.6,-13.9,-6.2,6.2,-4.5,5.0,11.4,12.0,0.4,0.4,0.6,-0.05,0.5,2.65,1.26,5.0,2.25,12.0,0.4,0.4,0.6,-0.5,3.6,15.5,7.7,5.0,13.6,12.0,0.4,0.4,0.6,5.68,6.69,7.92,6.79,5.0,1.67,12.0,0.4,0.4,0.6,19.3,34.1,53.7,36.2,5.0,17.8,12.0,0.4,0.4,0.6,-157.3,-134.2,-77.1,-122.7,5.0,51.1,12.0,0.4,0.4,0.6,-73.5,-53.4,27.7,-28.8,5.0,53.7,12.0,0.4,0.4,0.6,-101.7,-87.5,-47.1,-77.6,5.0,31.8,12.0,0.4,0.4,0.6,-47.2,-32.6,17.3,-18.8,5.0,34.4,12.0,0.4,0.4,0.6,-49.9,-33.6,-14.8,-32.7,5.0,17.8,12.0,0.4,0.4,0.6,-18.4,-12.0,7.0,-7.6,5.0,15.3,12.0,0.4,0.4,0.6,54.5,132.5,287.5,168.5,5.0,139.0,12.0,0.4,0.4,0.6,55.0,135.0,290.0,170.0,5.0,140.0,12.0,0.4,0.4,0.6
1974,2,210.0,-17.0,28.16,28.5,28.84,28.5,2.0,0.71,12.0,0.0,0.4,0.5,24.69,25.3,25.91,25.3,2.0,1.27,12.0,0.0,0.4,0.5,15.86,16.56,17.25,16.56,2.0,1.44,12.0,0.0,0.4,0.5,81.6,82.2,82.8,82.2,2.0,1.2,12.0,0.0,0.5,4.66,6.95,9.24,6.95,2.0,4.74,12.0,0.0,0.4,0.5,-9.2,-6.84,-4.48,-6.84,2.0,4.89,12.0,0.0,0.4,0.5,0.2,0.62,1.04,0.62,2.0,0.87,12.0,0.0,0.4,0.5,1010.02,1012.2,1014.38,1012.2,2.0,4.53,12.0,0.0,0.4,0.5,3.0,3.0,3.0,3.0,2.0,0.0,12.0,0.0,0.4,0.5,-91.2,-59.1,-27.1,-59.1,2.0,66.4,12.0,0.0,0.4,0.5,0.7,2.2,3.7,2.2,2.0,3.1,12.0,0.0,0.4,0.5,2.24,3.2,4.16,3.2,2.0,1.98,12.0,0.0,0.4,0.5,13.0,26.9,40.9,26.9,2.0,28.9,12.0,0.0,0.4,0.5,6.61,7.85,9.09,7.85,2.0,2.57,12.0,0.0,0.4,0.5,34.1,60.6,87.2,60.6,2.0,55.0,12.0,0.0,0.4,0.5,-225.5,-170.0,-114.5,-170.0,2.0,115.0,12.0,0.0,0.4,0.5,5.1,16.1,27.1,16.1,2.0,22.8,12.0,0.0,0.4,0.5,-144.1,-109.8,-75.4,-109.8,2.0,71.1,12.0,0.0,0.4,0.5,3.4,10.8,18.2,10.8,2.0,15.3,12.0,0.0,0.4,0.5,-87.0,-60.0,-33.0,-60.0,2.0,56.0,12.0,0.0,0.4,0.5,1.2,3.7,6.2,3.7,2.0,5.3,12.0,0.0,0.4,0.5,212.5,569.5,926.5,569.5,2.0,739.5,12.0,0.0,0.4,0.5,215.0,570.0,925.0,570.0,2.0,740.0,12.0,0.0,0.4,0.5
1974,2,210.0,-11.0,27.1,27.1,27.1,27.1,1.0,0.0,26.0,0.0,1.0,0.9,25.7,25.7,25.7,25.7,1.0,0.0,26.0,0.0,1.0,0.9,18.0,18.0,18.0,18.0,1.0,0.0,26.0,0.0,1.0,0.9,87.1,87.1,87.1,87.1,1.0,0.0,26.0,0.0,0.9,4.6,4.6,4.6,4.6,1.0,0.0,26.0,0.0,1.0,0.9,1.57,1.57,1.57,1.57,1.0,0.0,26.0,0.0,1.0,0.9,-4.32,-4.32,-4.32,-4.32,1.0,0.0,26.0,0.0,1.0,0.9,1009.8,1009.8,1009.8,1009.8,1.0,0.0,26.0,0.0,1.0,0.9,2.0,2.0,2.0,2.0,1.0,0.0,26.0,0.0,1.0,0.9,7.2,7.2,7.2,7.2,1.0,0.0,26.0,0.0,1.0,0.9,-19.9,-19.9,-19.9,-19.9,1.0,0.0,26.0,0.0,1.0,0.9,1.4,1.4,1.4,1.4,1.0,0.0,26.0,0.0,1.0,0.9,6.4,6.4,6.4,6.4,1.0,0.0,26.0,0.0,1.0,0.9,4.5,4.5,4.5,4.5,1.0,0.0,26.0,0.0,1.0,0.9,20.7,20.7,20.7,20.7,1.0,0.0,26.0,0.0,1.0,0.9,40.4,40.4,40.4,40.4,1.0,0.0,26.0,0.0,1.0,0.9,-111.1,-111.1,-111.1,-111.1,1.0,0.0,26.0,0.0,1.0,0.9,28.3,28.3,28.3,28.3,1.0,0.0,26.0,0.0,1.0,0.9,-77.8,-77.8,-77.8,-77.8,1.0,0.0,26.0,0.0,1.0,0.9,7.1,7.1,7.1,7.1,1.0,0.0,26.0,0.0,1.0,0.9,-19.5,-19.5,-19.5,-19.5,1.0,0.0,26.0,0.0,1.0,0.9,97.5,97.5,97.5,97.5,1.0,0.0,26.0,0.0,1.0,0.9,95.0,95.0,95.0,95.0,1.0,0.0,26.0,0.0,1.0,0.9
1974,2,210.0,0.0,,,,,,,,,,,,,,,,,,,,,,,,,,,,,,,,,,,,,,,,5.7,5.7,5.7,5.7,1.0,0.0,22.0,1.0,0.4,0.3,-5.36,-5.36,-5.36,-5.36,1.0,0.0,22.0,1.0,0.4,0.3,1.95,1.95,1.95,1.95,1.0,0.0,22.0,1.0,0.4,0.3,1009.7,1009.7,1009.7,1009.7,1.0,0.0,22.0,1.0,0.4,0.3,4.0,4.0,4.0,4.0,1.0,0.0,22.0,1.0,0.4,0.3,-30.5,-30.5,-30.5,-30.5,1.0,0.0,22.0,1.0,0.4,0.3,11.1,11.1,11.1,11.1,1.0,0.0,22.0,1.0,0.4,0.3,,,,,,,,,,,,,,,,,,,,,,,,,,,,,,,,,,,,,,,,,-124.3,-124.3,-124.3,-124.3,1.0,0.0,22.0,1.0,0.4,0.3,45.2,45.2,45.2,45.2,1.0,0.0,22.0,1.0,0.4,0.3,-88.5,-88.5,-88.5,-88.5,1.0,0.0,22.0,1.0,0.4,0.3,32.2,32.2,32.2,32.2,1.0,0.0,22.0,1.0,0.4,0.3,,,,,,,,,,,,,,,,,,,,,,,,,,,,,,,,,,,,,,,,
1974,2,210.0,3.0,,,,,,,,,,,,,,,,,,,,,,,,,,,,,,,,,,,,,,,,4.6,4.6,4.6,4.6,1.0,0.0,20.0,0.0,0.4,0.1,-3.98,-3.98,-3.98,-3.98,1.0,0.0,20.0,0.0,0.4,0.1,-2.3,-2.3,-2.3,-2.3,1.0,0.0,20.0,0.0,0.4,0.1,1006.7,1006.7,1006.7,1006.7,1.0,0.0,20.0,0.0,0.4,0.1,6.0,6.0,6.0,6.0,1.0,0.0,20.0,0.0,0.4,0.1,-18.3,-18.3,-18.3,-18.3,1.0,0.0,20.0,0.0,0.4,0.1,-10.6,-10.6,-10.6,-10.6,1.0,0.0,20.0,0.0,0.4,0.1,,,,,,,,,,,,,,,,,,,,,,,,,,,,,,,,,,,,,,,,,-113.1,-113.1,-113.1,-113.1,1.0,0.0,20.0,0.0,0.4,0.1,-65.3,-65.3,-65.3,-65.3,1.0,0.0,20.0,0.0,0.4,0.1,-74.6,-74.6,-74.6,-74.6,1.0,0.0,20.0,0.0,0.4,0.1,-43.1,-43.1,-43.1,-43.1,1.0,0.0,20.0,0.0,0.4,0.1,,,,,,,,,,,,,,,,,,,,,,,,,,,,,,,,,,,,,,,,
1974,2,210.0,6.0,26.1,26.1,26.1,26.1,1.0,0.0,18.0,1.0,0.1,0.2,27.2,27.2,27.2,27.2,1.0,0.0,18.0,1.0,0.1,0.2,18.1,18.1,18.1,18.1,1.0,0.0,18.0,1.0,0.1,0.2,80.2,80.2,80.2,80.2,1.0,0.0,18.0,1.0,0.2,12.3,12.3,12.3,12.3,1.0,0.0,18.0,1.0,0.1,0.2,-11.56,-11.56,-11.56,-11.56,1.0,0.0,18.0,1.0,0.1,0.2,-4.21,-4.21,-4.21,-4.21,1.0,0.0,18.0,1.0,0.1,0.2,1010.3,1010.3,1010.3,1010.3,1.0,0.0,18.0,1.0,0.1,0.2,8.0,8.0,8.0,8.0,1.0,0.0,18.0,1.0,0.1,0.2,-142.2,-142.2,-142.2,-142.2,1.0,0.0,18.0,1.0,0.1,0.2,-51.7,-51.7,-51.7,-51.7,1.0,0.0,18.0,1.0,0.1,0.2,-1.1,-1.1,-1.1,-1.1,1.0,0.0,18.0,1.0,0.1,0.2,-13.5,-13.5,-13.5,-13.5,1.0,0.0,18.0,1.0,0.1,0.2,3.08,3.08,3.08,3.08,1.0,0.0,18.0,1.0,0.1,0.2,37.9,37.9,37.9,37.9,1.0,0.0,18.0,1.0,0.1,0.2,-314.4,-314.4,-314.4,-314.4,1.0,0.0,18.0,1.0,0.1,0.2,-114.4,-114.4,-114.4,-114.4,1.0,0.0,18.0,1.0,0.1,0.2,-209.2,-209.2,-209.2,-209.2,1.0,0.0,18.0,1.0,0.1,0.2,-76.2,-76.2,-76.2,-76.2,1.0,0.0,18.0,1.0,0.1,0.2,-35.6,-35.6,-35.6,-35.6,1.0,0.0,18.0,1.0,0.1,0.2,-13.0,-13.0,-13.0,-13.0,1.0,0.0,18.0,1.0,0.1,0.2,1861.0,1861.0,1861.0,1861.0,1.0,0.0,18.0,1.0,0.1,0.2,1860.0,1860.0,1860.0,1860.0,1.0,0.0,18.0,1.0,0.1,0.2
1974,2,210.0,8.0,26.7,26.7,26.7,26.7,1.0,0.0,14.0,0.0,0.3,0.7,25.4,25.4,25.4,25.4,1.0,0.0,14.0,0.0,0.3,0.7,17.04,17.04,17.04,17.04,1.0,0.0,14.0,0.0,0.3,0.7,84.0,84.0,84.0,84.0,1.0,0.0,14.0,0.0,0.7,10.3,10.3,10.3,10.3,1.0,0.0,14.0,0.0,0.3,0.7,-10.14,-10.14,-10.14,-10.14,1.0,0.0,14.0,0.0,0.3,0.7,-1.79,-1.79,-1.79,-1.79,1.0,0.0,14.0,0.0,0.3,0.7,1009.7,1009.7,1009.7,1009.7,1.0,0.0,14.0,0.0,0.3,0.7,6.0,6.0,6.0,6.0,1.0,0.0,14.0,0.0,0.3,0.7,-104.5,-104.5,-104.5,-104.5,1.0,0.0,14.0,0.0,0.3,0.7,-18.4,-18.4,-18.4,-18.4,1.0,0.0,14.0,0.0,0.3,0.7,1.3,1.3,1.3,1.3,1.0,0.0,14.0,0.0,0.3,0.7,13.4,13.4,13.4,13.4,1.0,0.0,14.0,0.0,0.3,0.7,4.94,4.94,4.94,4.94,1.0,0.0,14.0,0.0,0.3,0.7,50.9,50.9,50.9,50.9,1.0,0.0,14.0,0.0,0.3,0.7,-257.6,-257.6,-257.6,-257.6,1.0,0.0,14.0,0.0,0.3,0.7,-45.4,-45.4,-45.4,-45.4,1.0,0.0,14.0,0.0,0.3,0.7,-172.8,-172.8,-172.8,-172.8,1.0,0.0,14.0,0.0,0.3,0.7,-30.5,-30.5,-30.5,-30.5,1.0,0.0,14.0,0.0,0.3,0.7,-50.1,-50.1,-50.1,-50.1,1.0,0.0,14.0,0.0,0.3,0.7,-8.8,-8.8,-8.8,-8.8,1.0,0.0,14.0,0.0,0.3,0.7,1092.5,1092.5,1092.5,1092.5,1.0,0.0,14.0,0.0,0.3,0.7,1095.0,1095.0,1095.0,1095.0,1.0,0.0,14.0,0.0,0.3,0.7
1974,2,210.0,9.0,25.0,25.0,25.0,25.0,1.0,0.0,28.0,1.0,0.4,0.6,25.3,25.3,25.3,25.3,1.0,0.0,28.0,1.0,0.4,0.6,16.37,16.37,16.37,16.37,1.0,0.0,28.0,1.0,0.4,0.6,81.5,81.5,81.5,81.5,1.0,0.0,28.0,1.0,0.6,10.8,10.8,10.8,10.8,1.0,0.0,28.0,1.0,0.4,0.6,-10.64,-10.64,-10.64,-10.64,1.0,0.0,28.0,1.0,0.4,0.6,-1.88,-1.88,-1.88,-1.88,1.0,0.0,28.0,1.0,0.4,0.6,1012.7,1012.7,1012.7,1012.7,1.0,0.0,28.0,1.0,0.4,0.6,4.0,4.0,4.0,4.0,1.0,0.0,28.0,1.0,0.4,0.6,-114.9,-114.9,-114.9,-114.9,1.0,0.0,28.0,1.0,0.4,0.6,-20.3,-20.3,-20.3,-20.3,1.0,0.0,28.0,1.0,0.4,0.6,-0.3,-0.3,-0.3,-0.3,1.0,0.0,28.0,1.0,0.4,0.6,-3.2,-3.2,-3.2,-3.2,1.0,0.0,28.0,1.0,0.4,0.6,3.41,3.41,3.41,3.41,1.0,0.0,28.0,1.0,0.4,0.6,36.8,36.8,36.8,36.8,1.0,0.0,28.0,1.0,0.4,0.6,-269.1,-269.1,-269.1,-269.1,1.0,0.0,28.0,1.0,0.4,0.6,-47.4,-47.4,-47.4,-47.4,1.0,0.0,28.0,1.0,0.4,0.6,-174.1,-174.1,-174.1,-174.1,1.0,0.0,28.0,1.0,0.4,0.6,-30.7,-30.7,-30.7,-30.7,1.0,0.0,28.0,1.0,0.4,0.6,-36.3,-36.3,-36.3,-36.3,1.0,0.0,28.0,1.0,0.4,0.6,-6.4,-6.4,-6.4,-6.4,1.0,0.0,28.0,1.0,0.4,0.6,1259.5,1259.5,1259.5,1259.5,1.0,0.0,28.0,1.0,0.4,0.6,1260.0,1260.0,1260.0,1260.0,1.0,0.0,28.0,1.0,0.4,0.6
1974,2,210.0,10.0,24.5,24.5,24.5,24.5,1.0,0.0,16.0,1.0,0.8,0.9,25.0,25.0,25.0,25.0,1.0,0.0,16.0,1.0,0.8,0.9,16.08,16.08,16.08,16.08,1.0,0.0,16.0,1.0,0.8,0.9,81.4,81.4,81.4,81.4,1.0,0.0,16.0,1.0,0.9,10.8,10.8,10.8,10.8,1.0,0.0,16.0,1.0,0.8,0.9,-10.64,-10.64,-10.64,-10.64,1.0,0.0,16.0,1.0,0.8,0.9,-1.88,-1.88,-1.88,-1.88,1.0,0.0,16.0,1.0,0.8,0.9,1012.0,1012.0,1012.0,1012.0,1.0,0.0,16.0,1.0,0.8,0.9,4.0,4.0,4.0,4.0,1.0,0.0,16.0,1.0,0.8,0.9,-114.9,-114.9,-114.9,-114.9,1.0,0.0,16.0,1.0,0.8,0.9,-20.3,-20.3,-20.3,-20.3,1.0,0.0,16.0,1.0,0.8,0.9,-0.5,-0.5,-0.5,-0.5,1.0,0.0,16.0,1.0,0.8,0.9,-5.4,-5.4,-5.4,-5.4,1.0,0.0,16.0,1.0,0.8,0.9,3.12,3.12,3.12,3.12,1.0,0.0,16.0,1.0,0.8,0.9,33.7,33.7,33.7,33.7,1.0,0.0,16.0,1.0,0.8,0.9,-265.9,-265.9,-265.9,-265.9,1.0,0.0,16.0,1.0,0.8,0.9,-46.9,-46.9,-46.9,-46.9,1.0,0.0,16.0,1.0,0.8,0.9,-171.0,-171.0,-171.0,-171.0,1.0,0.0,16.0,1.0,0.8,0.9,-30.2,-30.2,-30.2,-30.2,1.0,0.0,16.0,1.0,0.8,0.9,-33.2,-33.2,-33.2,-33.2,1.0,0.0,16.0,1.0,0.8,0.9,-5.9,-5.9,-5.9,-5.9,1.0,0.0,16.0,1.0,0.8,0.9,1259.5,1259.5,1259.5,1259.5,1.0,0.0,16.0,1.0,0.8,0.9,1260.0,1260.0,1260.0,1260.0,1.0,0.0,16.0,1.0,0.8,0.9
1974,2,210.0,11.0,25.0,25.0,25.0,25.0,1.0,0.0,16.0,0.0,0.1,0.0,25.0,25.0,25.0,25.0,1.0,0.0,16.0,0.0,0.1,0.0,15.84,15.84,15.84,15.84,1.0,0.0,16.0,0.0,0.1,0.0,80.4,80.4,80.4,80.4,1.0,0.0,16.0,0.0,0.0,8.2,8.2,8.2,8.2,1.0,0.0,16.0,0.0,0.1,0.0,-7.71,-7.71,-7.71,-7.71,1.0,0.0,16.0,0.0,0.1,0.0,-2.8,-2.8,-2.8,-2.8,1.0,0.0,16.0,0.0,0.1,0.0,1014.8,1014.8,1014.8,1014.8,1.0,0.0,16.0,0.0,0.1,0.0,1.0,1.0,1.0,1.0,1.0,0.0,16.0,0.0,0.1,0.0,-63.2,-63.2,-63.2,-63.2,1.0,0.0,16.0,0.0,0.1,0.0,-23.0,-23.0,-23.0,-23.0,1.0,0.0,16.0,0.0,0.1,0.0,0.0,0.0,0.0,0.0,1.0,0.0,16.0,0.0,0.1,0.0,0.0,0.0,0.0,0.0,1.0,0.0,16.0,0.0,0.1,0.0,3.9,3.9,3.9,3.9,1.0,0.0,16.0,0.0,0.1,0.0,32.0,32.0,32.0,32.0,1.0,0.0,16.0,0.0,0.1,0.0,-192.6,-192.6,-192.6,-192.6,1.0,0.0,16.0,0.0,0.1,0.0,-70.1,-70.1,-70.1,-70.1,1.0,0.0,16.0,0.0,0.1,0.0,-122.0,-122.0,-122.0,-122.0,1.0,0.0,16.0,0.0,0.1,0.0,-44.4,-44.4,-44.4,-44.4,1.0,0.0,16.0,0.0,0.1,0.0,-30.1,-30.1,-30.1,-30.1,1.0,0.0,16.0,0.0,0.1,0.0,-10.9,-10.9,-10.9,-10.9,1.0,0.0,16.0,0.0,0.1,0.0,551.5,551.5,551.5,551.5,1.0,0.0,16.0,0.0,0.1,0.0,550.0,550.0,550.0,550.0,1.0,0.0,16.0,0.0,0.1,0.0
1974,2,210.0,14.0,24.4,24.4,24.4,24.4,1.0,0.0,22.0,1.0,1.0,0.3,23.9,23.9,23.9,23.9,1.0,0.0,22.0,1.0,1.0,0.3,16.75,16.75,16.75,16.75,1.0,0.0,22.0,1.0,1.0,0.3,90.8,90.8,90.8,90.8,1.0,0.0,22.0,1.0,0.3,5.1,5.1,5.1,5.1,1.0,0.0,22.0,1.0,1.0,0.3,-4.42,-4.42,-4.42,-4.42,1.0,0.0,22.0,1.0,1.0,0.3,-2.55,-2.55,-2.55,-2.55,1.0,0.0,22.0,1.0,1.0,0.3,1014.2,1014.2,1014.2,1014.2,1.0,0.0,22.0,1.0,1.0,0.3,3.0,3.0,3.0,3.0,1.0,0.0,22.0,1.0,1.0,0.3,-22.5,-22.5,-22.5,-22.5,1.0,0.0,22.0,1.0,1.0,0.3,-13.0,-13.0,-13.0,-13.0,1.0,0.0,22.0,1.0,1.0,0.3,0.5,0.5,0.5,0.5,1.0,0.0,22.0,1.0,1.0,0.3,2.6,2.6,2.6,2.6,1.0,0.0,22.0,1.0,1.0,0.3,2.29,2.29,2.29,2.29,1.0,0.0,22.0,1.0,1.0,0.3,11.7,11.7,11.7,11.7,1.0,0.0,22.0,1.0,1.0,0.3,-105.6,-105.6,-105.6,-105.6,1.0,0.0,22.0,1.0,1.0,0.3,-60.9,-60.9,-60.9,-60.9,1.0,0.0,22.0,1.0,1.0,0.3,-74.0,-74.0,-74.0,-74.0,1.0,0.0,22.0,1.0,1.0,0.3,-42.7,-42.7,-42.7,-42.7,1.0,0.0,22.0,1.0,1.0,0.3,-10.1,-10.1,-10.1,-10.1,1.0,0.0,22.0,1.0,1.0,0.3,-5.8,-5.8,-5.8,-5.8,1.0,0.0,22.0,1.0,1.0,0.3,132.5,132.5,132.5,132.5,1.0,0.0,22.0,1.0,1.0,0.3,135.0,135.0,135.0,135.0,1.0,0.0,22.0,1.0,1.0,0.3
1974,2,210.0,16.0,24.18,25.25,26.0,25.13,6.0,0.85,22.0,0.7,0.4,0.5,23.03,24.15,24.6,23.8,6.0,1.2,22.0,0.7,0.4,0.5,14.16,14.53,15.03,14.56,5.0,0.61,22.0,0.6,0.4,0.5,72.9,78.3,84.9,79.4,5.0,8.2,22.0,0.6,0.5,7.89,9.15,9.92,9.13,6.0,1.84,22.0,0.7,0.4,0.5,-9.81,-8.6,-7.71,-8.84,6.0,1.96,22.0,0.7,0.4,0.5,-3.1,-1.95,0.29,-1.46,6.0,1.83,22.0,0.7,0.4,0.5,1013.29,1013.9,1016.08,1014.6,6.0,2.06,22.0,0.7,0.4,0.5,4.3,6.0,7.4,5.8,5.0,1.9,22.0,0.6,0.4,0.5,-98.8,-78.7,-61.3,-83.7,6.0,36.5,22.0,0.7,0.4,0.5,-28.1,-15.2,2.4,-12.7,6.0,16.0,22.0,0.7,0.4,0.5,0.12,1.25,2.07,1.33,6.0,1.44,22.0,0.7,0.4,0.5,0.7,11.3,22.1,12.8,6.0,13.8,22.0,0.7,0.4,0.5,4.79,5.46,5.94,5.39,5.0,0.82,22.0,0.6,0.4,0.5,40.4,50.7,59.2,49.8,5.0,14.4,22.0,0.6,0.4,0.5,-230.7,-199.9,-188.2,-210.4,6.0,49.4,22.0,0.7,0.4,0.5,-73.1,-44.9,7.4,-33.9,6.0,44.2,22.0,0.7,0.4,0.5,-155.2,-119.4,-107.4,-130.4,5.0,36.1,22.0,0.6,0.4,0.5,-37.0,-24.0,7.5,-16.0,5.0,26.0,22.0,0.6,0.4,0.5,-58.7,-50.0,-38.0,-48.6,5.0,15.1,22.0,0.6,0.4,0.5,-12.1,-8.8,3.4,-5.1,5.0,9.9,22.0,0.6,0.4,0.5,499.5,766.5,1022.5,842.0,6.0,535.0,22.0,0.7,0.4,0.5,500.0,765.0,1025.0,840.0,6.0,535.0,22.0,0.7,0.4,0.5
1974,2,210.0,17.0,23.2,23.2,23.2,23.2,1.0,0.0,12.0,1.0,0.7,0.8,24.24,24.75,25.26,24.75,2.0,1.06,18.0,1.0,0.8,0.6,12.65,13.06,13.47,13.06,2.0,0.85,18.0,1.0,0.8,0.6,67.3,67.4,67.4,67.4,2.0,0.1,18.0,1.0,0.6,6.94,7.45,7.96,7.45,2.0,1.06,18.0,1.0,0.8,0.6,-6.97,-6.7,-6.42,-6.7,2.0,0.57,18.0,1.0,0.8,0.6,-3.81,-3.2,-2.58,-3.2,2.0,1.28,18.0,1.0,0.8,0.6,1013.07,1014.3,1015.53,1014.3,2.0,2.55,18.0,1.0,0.8,0.6,1.3,2.0,2.7,2.0,2.0,1.4,18.0,1.0,0.8,0.6,-55.7,-50.2,-44.7,-50.2,2.0,11.3,18.0,1.0,0.8,0.6,-30.7,-24.5,-18.3,-24.5,2.0,12.9,18.0,1.0,0.8,0.6,-0.8,-0.8,-0.8,-0.8,1.0,0.0,12.0,1.0,0.7,0.8,-6.6,-6.6,-6.6,-6.6,1.0,0.0,12.0,1.0,0.7,0.8,5.21,5.21,5.21,5.21,1.0,0.0,12.0,1.0,0.7,0.8,42.7,42.7,42.7,42.7,1.0,0.0,12.0,1.0,0.7,0.8,-168.9,-165.5,-162.1,-165.5,2.0,7.0,18.0,1.0,0.8,0.6,-92.1,-78.4,-64.8,-78.4,2.0,28.3,18.0,1.0,0.8,0.6,-88.1,-87.3,-86.4,-87.3,2.0,1.7,18.0,1.0,0.8,0.6,-48.0,-41.2,-34.5,-41.2,2.0,14.0,18.0,1.0,0.8,0.6,-37.0,-37.0,-37.0,-37.0,1.0,0.0,12.0,1.0,0.7,0.8,-21.4,-21.4,-21.4,-21.4,1.0,0.0,12.0,1.0,0.7,0.8,340.5,426.0,511.5,426.0,2.0,177.0,18.0,1.0,0.8,0.6,340.0,425.0,510.0,425.0,2.0,175.0,18.0,1.0,0.8,0.6
1974,2,210.0,18.0,23.52,24.0,24.68,24.1,3.0,0.85,20.0,0.3,0.4,0.2,22.35,22.95,24.81,23.55,4.0,1.72,16.0,0.5,0.4,0.3,13.31,14.71,15.46,14.39,3.0,1.6,16.0,0.7,0.4,0.3,72.2,76.1,84.2,78.2,3.0,9.0,16.0,0.7,0.3,7.39,9.0,11.71,9.53,4.0,3.21,16.0,0.5,0.4,0.3,-11.2,-8.86,-7.33,-9.25,4.0,2.85,16.0,0.5,0.4,0.3,-3.26,-1.56,-0.72,-1.97,4.0,2.0,16.0,0.5,0.4,0.3,1015.37,1017.2,1018.87,1017.13,4.0,2.66,16.0,0.5,0.4,0.3,2.0,3.0,4.0,3.0,4.0,1.6,16.0,0.5,0.4,0.3,-135.7,-79.9,-55.6,-94.9,4.0,61.1,16.0,0.5,0.4,0.3,-41.8,-14.1,-6.3,-23.6,4.0,29.1,16.0,0.5,0.4,0.3,1.16,1.5,1.57,1.37,3.0,0.32,20.0,0.3,0.4,0.2,10.8,13.9,13.9,12.4,3.0,2.7,20.0,0.3,0.4,0.2,4.08,4.47,4.87,4.47,2.0,0.82,20.0,0.5,0.5,0.2,31.5,47.2,63.0,47.2,2.0,32.6,20.0,0.5,0.5,0.2,-266.0,-215.0,-167.7,-216.8,4.0,62.4,16.0,0.5,0.4,0.3,-75.5,-37.9,-16.1,-45.5,4.0,44.3,16.0,0.5,0.4,0.3,-155.6,-134.8,-109.6,-132.7,3.0,33.7,16.0,0.7,0.4,0.3,-48.6,-23.8,-7.5,-28.0,3.0,30.3,16.0,0.7,0.4,0.3,-59.4,-45.1,-30.8,-45.1,2.0,29.6,20.0,0.5,0.5,0.2,-20.2,-12.0,-3.8,-12.0,2.0,17.0,20.0,0.5,0.5,0.2,438.5,731.5,1790.0,1096.5,4.0,1086.0,16.0,0.5,0.4,0.3,440.0,730.0,1790.0,1095.0,4.0,1085.0,16.0,0.5,0.4,0.3
1974,2,210.0,19.0,23.3,23.4,23.65,23.48,5.0,0.25,10.0,0.2,0.6,0.4,21.9,22.5,24.06,23.08,6.0,1.84,12.0,0.3,0.6,0.3,13.46,13.97,14.83,14.14,5.0,0.85,10.0,0.2,0.6,0.4,77.6,81.2,82.4,79.8,5.0,4.8,10.0,0.2,0.4,5.97,6.2,7.84,6.87,6.0,1.81,12.0,0.3,0.6,0.3,-7.75,-6.01,-5.31,-6.65,6.0,1.92,12.0,0.3,0.6,0.3,0.0,0.63,2.32,1.08,6.0,1.32,12.0,0.3,0.6,0.3,1015.42,1016.4,1018.05,1016.7,6.0,1.57,12.0,0.3,0.6,0.3,0.8,3.0,4.4,2.8,6.0,2.1,12.0,0.3,0.6,0.3,-62.4,-37.3,-31.8,-48.5,6.0,29.4,12.0,0.3,0.6,0.3,0.0,4.5,14.4,6.9,6.0,8.2,12.0,0.3,0.6,0.3,-1.23,1.1,1.43,0.18,5.0,2.03,10.0,0.2,0.6,0.4,-6.4,6.8,11.7,2.7,5.0,11.8,10.0,0.2,0.6,0.4,2.98,4.16,4.6,3.84,5.0,0.96,10.0,0.2,0.6,0.4,17.5,27.8,34.6,26.7,5.0,11.3,10.0,0.2,0.6,0.4,-171.0,-134.5,-131.3,-152.0,6.0,38.9,12.0,0.3,0.6,0.3,0.0,13.8,53.3,24.7,6.0,30.6,12.0,0.3,0.6,0.3,-103.1,-81.4,-78.3,-91.9,5.0,27.0,10.0,0.2,0.6,0.4,0.0,0.0,35.2,14.9,5.0,21.1,10.0,0.2,0.6,0.4,-34.6,-26.1,-15.8,-25.8,5.0,11.7,10.0,0.2,0.6,0.4,0.0,0.0,9.8,3.9,5.0,5.4,10.0,0.2,0.6,0.4,216.5,238.5,522.0,385.5,6.0,354.5,12.0,0.3,0.6,0.3,215.0,240.0,520.0,385.0,6.0,355.0,12.0,0.3,0.6,0.3
1974,2,210.0,20.0,23.25,23.8,23.94,23.6,3.0,0.53,12.0,0.3,0.7,0.1,22.07,23.3,25.14,23.6,3.0,2.26,12.0,0.3,0.7,0.1,13.58,14.51,14.51,14.06,3.0,0.78,12.0,0.3,0.7,0.1,73.6,82.2,82.8,78.3,3.0,7.6,12.0,0.3,0.1,5.61,6.7,7.38,6.5,3.0,1.31,12.0,0.3,0.7,0.1,-7.25,-6.3,-5.43,-6.34,3.0,1.34,12.0,0.3,0.7,0.1,0.28,0.89,1.85,1.06,3.0,1.16,12.0,0.3,0.7,0.1,1016.41,1019.0,1021.05,1018.73,3.0,3.41,12.0,0.3,0.7,0.1,2.3,3.0,3.7,3.0,3.0,1.0,12.0,0.3,0.7,0.1,-53.9,-42.2,-30.9,-42.4,3.0,16.8,12.0,0.3,0.7,0.1,1.4,4.5,11.9,6.6,3.0,7.9,12.0,0.3,0.7,0.1,-1.89,0.5,1.87,0.0,3.0,2.78,12.0,0.3,0.7,0.1,-12.5,3.9,9.9,-1.2,3.0,17.0,12.0,0.3,0.7,0.1,3.2,3.72,4.83,4.01,3.0,1.22,12.0,0.3,0.7,0.1,22.2,27.3,28.2,25.2,3.0,4.7,12.0,0.3,0.7,0.1,-174.4,-163.7,-125.7,-150.4,3.0,37.5,12.0,0.3,0.7,0.1,6.0,19.0,46.7,26.2,3.0,30.4,12.0,0.3,0.7,0.1,-105.2,-91.4,-74.1,-89.7,3.0,22.9,12.0,0.3,0.7,0.1,3.7,11.7,26.4,15.0,3.0,16.9,12.0,0.3,0.7,0.1,-28.1,-26.8,-21.2,-24.7,3.0,5.3,12.0,0.3,0.7,0.1,1.5,4.7,6.1,3.8,3.0,3.5,12.0,0.3,0.7,0.1,186.0,301.0,407.0,296.5,3.0,162.0,12.0,0.3,0.7,0.1,185.0,300.0,405.0,295.0,3.0,160.0,12.0,0.3,0.7,0.1
1974,2,210.0,21.0,22.75,23.6,24.71,23.62,11.0,0.95,16.0,0.6,0.5,0.4,21.1,23.0,25.68,23.39,11.0,2.11,16.0,0.5,0.5,0.4,11.41,12.1,13.88,12.59,11.0,1.48,16.0,0.5,0.5,0.4,64.2,72.2,79.5,71.1,11.0,9.8,16.0,0.5,0.4,6.07,8.2,10.3,8.4,12.0,2.29,16.0,0.6,0.5,0.4,-10.3,-7.64,-5.01,-7.75,12.0,2.55,16.0,0.6,0.5,0.4,-0.76,0.0,3.9,0.99,12.0,3.02,16.0,0.6,0.5,0.4,1017.27,1019.1,1020.73,1019.07,12.0,2.02,16.0,0.6,0.5,0.4,2.7,4.5,7.0,4.5,12.0,2.4,16.0,0.6,0.5,0.4,-106.1,-58.8,-28.6,-70.1,12.0,41.7,16.0,0.6,0.5,0.4,-6.3,0.0,30.3,10.0,12.0,27.2,16.0,0.6,0.5,0.4,-2.41,-0.4,2.41,-0.18,10.0,2.39,16.0,0.6,0.5,0.4,-23.7,-3.1,18.6,-1.6,10.0,22.4,16.0,0.6,0.5,0.4,4.33,5.67,6.6,5.37,10.0,1.21,16.0,0.6,0.5,0.4,37.8,48.3,58.4,49.1,10.0,18.5,16.0,0.6,0.5,0.4,-253.6,-170.6,-129.2,-187.1,11.0,61.7,16.0,0.5,0.5,0.4,-29.5,0.0,96.3,27.8,11.0,75.1,16.0,0.5,0.5,0.4,-126.3,-99.4,-77.4,-98.6,11.0,26.7,16.0,0.5,0.5,0.4,-15.7,0.0,53.8,15.8,11.0,43.4,16.0,0.5,0.5,0.4,-58.4,-47.9,-29.4,-46.2,10.0,19.6,16.0,0.6,0.5,0.4,0.0,4.3,22.2,8.0,10.0,13.7,16.0,0.6,0.5,0.4,225.0,557.5,1092.5,720.0,12.0,618.5,16.0,0.6,0.5,0.4,225.0,560.0,1095.0,720.0,12.0,620.0,16.0,0.6,0.5,0.4
1974,2,210.0,22.0,22.58,23.4,23.9,23.25,4.0,0.82,14.0,0.5,0.4,0.2,20.48,22.2,24.76,22.6,4.0,2.68,14.0,0.3,0.6,0.2,12.93,13.44,14.25,13.58,4.0,0.85,14.0,0.3,0.6,0.2,71.9,78.2,89.4,80.5,4.0,11.1,14.0,0.3,0.2,6.12,6.7,7.07,6.58,5.0,0.93,16.0,0.4,0.5,0.2,-7.07,-6.6,-5.83,-6.46,5.0,0.96,16.0,0.4,0.5,0.2,-0.42,0.0,1.4,0.4,5.0,1.28,16.0,0.4,0.5,0.2,1015.2,1018.0,1018.37,1017.04,5.0,1.69,16.0,0.4,0.5,0.2,3.0,3.0,3.5,3.3,4.0,0.5,14.0,0.5,0.4,0.2,-50.1,-44.2,-36.1,-43.2,5.0,12.0,16.0,0.4,0.5,0.2,-2.8,0.0,8.5,2.4,5.0,8.5,16.0,0.4,0.5,0.2,-2.43,-1.2,2.21,-0.13,3.0,3.52,10.0,0.3,0.6,0.2,-15.7,-6.1,15.4,-0.3,3.0,23.3,10.0,0.3,0.6,0.2,3.01,3.51,4.21,3.61,3.0,0.88,10.0,0.3,0.6,0.2,18.1,18.6,26.6,22.3,3.0,7.0,10.0,0.3,0.6,0.2,-151.7,-136.3,-125.4,-138.4,4.0,19.1,14.0,0.3,0.6,0.2,-12.8,10.4,41.1,14.0,4.0,35.6,14.0,0.3,0.6,0.2,-92.4,-88.2,-74.6,-83.7,4.0,12.5,14.0,0.3,0.6,0.2,-7.8,5.8,23.2,7.6,4.0,20.5,14.0,0.3,0.6,0.2,-26.3,-17.6,-17.5,-21.8,3.0,7.4,10.0,0.3,0.6,0.2,1.0,3.1,5.3,3.2,3.0,3.2,10.0,0.3,0.6,0.2,239.5,301.0,357.5,298.5,5.0,114.5,16.0,0.4,0.5,0.2,240.0,300.0,360.0,300.0,5.0,115.0,16.0,0.4,0.5,0.2
1974,2,210.0,23.0,22.05,23.45,25.21,23.55,6.0,1.87,16.0,0.5,0.6,0.5,20.83,21.9,24.1,22.2,6.0,1.79,16.0,0.5,0.6,0.5,9.68,11.13,12.27,10.91,5.0,1.84,16.0,0.6,0.7,0.5,56.1,72.2,76.1,67.4,5.0,10.5,16.0,0.6,0.5,3.96,6.4,8.74,6.32,6.0,3.26,16.0,0.5,0.6,0.5,-5.89,-4.82,-1.45,-4.33,6.0,2.61,16.0,0.5,0.6,0.5,-7.07,-3.27,0.16,-3.38,6.0,3.93,16.0,0.5,0.6,0.5,1018.16,1020.25,1020.5,1019.62,6.0,1.19,16.0,0.5,0.6,0.5,1.0,2.0,3.5,2.4,5.0,2.1,16.0,0.6,0.7,0.5,-52.7,-23.4,-8.6,-32.0,6.0,31.4,16.0,0.5,0.6,0.5,-61.8,-25.9,0.8,-30.3,6.0,35.2,16.0,0.5,0.6,0.5,-0.41,1.65,3.34,1.35,6.0,2.09,16.0,0.5,0.6,0.5,-0.6,9.6,29.3,13.5,6.0,15.9,16.0,0.5,0.6,0.5,5.36,7.5,7.73,6.61,5.0,1.67,16.0,0.6,0.7,0.5,15.9,57.7,70.9,46.7,5.0,31.1,16.0,0.6,0.7,0.5,-127.0,-110.0,-34.2,-95.7,6.0,56.3,16.0,0.5,0.6,0.5,-149.4,-69.5,4.0,-69.9,6.0,81.9,16.0,0.5,0.6,0.5,-77.6,-58.7,-13.9,-49.9,5.0,36.8,16.0,0.6,0.7,0.5,-74.7,-60.4,-1.8,-43.2,5.0,39.0,16.0,0.6,0.7,0.5,-49.3,-19.6,-9.7,-28.7,5.0,23.4,16.0,0.6,0.7,0.5,-54.6,-49.0,-1.0,-32.2,5.0,28.8,16.0,0.6,0.7,0.5,78.0,294.5,697.5,417.0,6.0,465.5,16.0,0.5,0.6,0.5,80.0,295.0,700.0,415.0,6.0,465.0,16.0,0.5,0.6,0.5
1974,2,210.0,24.0,21.94,22.35,23.03,22.52,6.0,0.78,20.0,0.5,0.4,0.4,20.6,21.5,22.81,21.77,7.0,1.07,18.0,0.4,0.4,0.4,11.21,12.2,12.71,12.02,6.0,0.99,20.0,0.5,0.4,0.4,69.9,76.8,79.9,75.5,6.0,5.1,20.0,0.5,0.4,6.98,9.3,9.35,7.96,7.0,2.59,18.0,0.4,0.4,0.4,-9.32,-8.74,-5.51,-6.62,7.0,4.18,18.0,0.4,0.4,0.4,-1.39,3.18,3.66,1.54,7.0,3.03,18.0,0.4,0.4,0.4,1019.88,1021.0,1023.41,1021.14,7.0,2.1,18.0,0.4,0.4,0.4,3.0,6.0,7.0,5.4,7.0,2.1,18.0,0.4,0.4,0.4,-87.1,-81.3,-42.5,-61.9,7.0,36.4,18.0,0.4,0.4,0.4,-4.6,25.9,36.4,13.8,7.0,25.4,18.0,0.4,0.4,0.4,-0.52,0.8,2.03,0.92,6.0,1.47,20.0,0.5,0.4,0.4,-2.0,7.7,18.9,9.4,6.0,12.7,20.0,0.5,0.4,0.4,3.68,4.61,5.58,4.86,6.0,1.58,20.0,0.5,0.4,0.4,32.3,40.8,49.1,40.8,6.0,20.4,20.0,0.5,0.4,0.4,-192.4,-180.0,-126.7,-141.5,7.0,89.0,18.0,0.4,0.4,0.4,-31.4,67.1,83.6,34.8,7.0,66.6,18.0,0.4,0.4,0.4,-112.2,-98.8,-49.4,-78.1,6.0,55.8,20.0,0.5,0.4,0.4,-20.6,20.0,47.2,15.4,6.0,37.4,20.0,0.5,0.4,0.4,-48.2,-38.3,-21.8,-35.0,6.0,24.7,20.0,0.5,0.4,0.4,-8.6,6.6,16.7,3.9,6.0,17.6,20.0,0.5,0.4,0.4,356.0,804.5,818.0,622.0,7.0,359.5,18.0,0.4,0.4,0.4,355.0,805.0,820.0,620.0,7.0,360.0,18.0,0.4,0.4,0.4
1974,2,210.0,25.0,21.7,22.55,23.3,22.4,20.0,1.12,14.0,0.4,0.6,0.3,19.06,21.0,22.95,20.93,21.0,1.61,14.0,0.3,0.6,0.4,9.76,11.62,13.52,11.77,18.0,1.88,14.0,0.4,0.6,0.4,67.8,78.3,87.1,77.6,18.0,9.4,14.0,0.4,0.4,5.11,7.7,8.2,7.28,20.0,2.35,14.0,0.3,0.6,0.4,-7.58,-5.02,-2.46,-4.59,20.0,4.75,14.0,0.3,0.6,0.4,-5.88,0.0,1.34,-0.72,20.0,3.99,14.0,0.3,0.6,0.4,1017.01,1021.2,1023.4,1020.4,20.0,3.16,14.0,0.4,0.6,0.3,2.2,5.0,7.0,4.5,21.0,2.1,14.0,0.3,0.6,0.4,-58.4,-35.9,-6.5,-36.8,20.0,46.0,14.0,0.3,0.6,0.4,-45.4,0.0,10.3,-5.4,20.0,36.1,14.0,0.3,0.6,0.4,-0.1,1.6,3.0,1.42,20.0,1.36,14.0,0.4,0.6,0.3,-0.1,9.1,22.1,11.1,19.0,11.8,14.0,0.3,0.6,0.4,3.32,4.83,6.84,4.94,18.0,1.89,14.0,0.4,0.6,0.4,15.1,38.3,57.1,39.1,17.0,25.6,14.0,0.4,0.6,0.4,-175.1,-100.5,-51.8,-94.9,20.0,101.8,14.0,0.3,0.6,0.4,-108.2,0.0,30.9,-10.6,20.0,82.1,14.0,0.3,0.6,0.4,-85.9,-48.7,-16.5,-42.8,17.0,57.9,14.0,0.4,0.6,0.4,-53.7,0.0,20.2,-6.7,17.0,49.5,14.0,0.4,0.6,0.4,-42.4,-19.9,-6.0,-26.8,17.0,29.1,14.0,0.4,0.6,0.4,-36.0,0.0,7.3,-7.6,17.0,24.7,14.0,0.4,0.6,0.4,133.5,456.5,551.5,502.0,20.0,481.5,14.0,0.3,0.6,0.4,135.0,455.0,550.0,500.0,20.0,480.0,14.0,0.3,0.6,0.4
1974,2,210.0,26.0,21.1,22.2,23.3,22.04,16.0,1.09,18.0,0.5,0.5,0.5,20.0,21.3,22.61,21.19,16.0,1.57,16.0,0.4,0.5,0.5,10.77,12.46,13.65,12.3,16.0,1.47,16.0,0.4,0.5,0.5,71.0,81.5,85.8,79.2,16.0,7.2,16.0,0.4,0.5,5.1,7.2,8.2,7.35,16.0,2.11,16.0,0.4,0.5,0.5,-7.35,-5.58,-4.42,-4.9,16.0,3.59,16.0,0.4,0.5,0.5,-2.52,2.51,4.95,1.19,16.0,4.69,16.0,0.4,0.5,0.5,1017.13,1022.85,1024.31,1021.53,16.0,3.42,16.0,0.4,0.5,0.5,1.0,4.0,5.8,3.5,15.0,2.1,16.0,0.4,0.5,0.5,-65.7,-44.3,-21.7,-38.4,16.0,33.7,16.0,0.4,0.5,0.5,-17.7,13.0,38.1,9.9,16.0,45.7,16.0,0.4,0.5,0.5,0.14,0.5,2.07,0.8,15.0,1.16,16.0,0.5,0.5,0.5,0.8,6.5,11.1,5.9,15.0,8.4,16.0,0.5,0.5,0.5,2.99,3.86,5.03,4.03,15.0,1.35,16.0,0.5,0.5,0.5,16.7,29.2,40.8,30.1,15.0,12.3,16.0,0.5,0.5,0.5,-158.5,-114.9,-90.2,-102.0,16.0,80.8,16.0,0.4,0.5,0.5,-57.3,53.4,107.2,29.0,16.0,97.9,16.0,0.4,0.5,0.5,-91.5,-64.1,-51.9,-59.6,16.0,46.0,16.0,0.4,0.5,0.5,-31.5,31.9,61.2,19.1,16.0,58.0,16.0,0.4,0.5,0.5,-36.3,-23.3,-12.1,-20.7,15.0,16.4,16.0,0.5,0.5,0.5,-13.5,4.2,22.6,3.0,15.0,19.6,16.0,0.5,0.5,0.5,132.5,373.0,551.5,497.5,16.0,503.0,16.0,0.4,0.5,0.5,135.0,375.0,550.0,500.0,16.0,505.0,16.0,0.4,0.5,0.5
1974,2,210.0,27.0,19.9,20.8,22.2,20.61,7.0,1.47,8.0,0.6,0.5,0.5,18.41,19.4,20.06,19.17,7.0,1.39,8.0,0.6,0.5,0.5,7.44,9.81,13.15,10.52,7.0,2.78,8.0,0.6,0.5,0.5,63.6,73.1,91.5,76.2,7.0,16.2,8.0,0.6,0.5,5.08,6.2,7.82,6.46,7.0,1.98,8.0,0.6,0.5,0.5,-6.13,-4.79,-3.04,-4.52,7.0,1.68,8.0,0.6,0.5,0.5,-5.99,-1.74,1.75,-1.76,7.0,4.72,8.0,0.6,0.5,0.5,1019.38,1021.8,1023.61,1021.89,7.0,2.32,8.0,0.6,0.5,0.5,2.0,4.0,7.0,4.4,7.0,2.6,8.0,0.6,0.5,0.5,-39.5,-24.4,-18.7,-30.9,7.0,19.5,8.0,0.6,0.5,0.5,-47.1,-8.9,8.5,-16.1,7.0,38.1,8.0,0.6,0.5,0.5,-0.48,1.7,3.32,1.44,7.0,2.17,8.0,0.6,0.5,0.5,-2.3,10.5,19.2,8.9,7.0,13.0,8.0,0.6,0.5,0.5,1.46,4.58,7.08,4.51,7.0,3.51,8.0,0.6,0.5,0.5,9.1,35.5,48.8,29.0,7.0,22.4,8.0,0.6,0.5,0.5,-122.5,-88.7,-58.8,-86.8,7.0,33.4,8.0,0.6,0.5,0.5,-101.2,-32.3,36.7,-30.9,7.0,89.8,8.0,0.6,0.5,0.5,-65.7,-45.9,-35.7,-48.3,7.0,21.6,8.0,0.6,0.5,0.5,-45.6,-16.7,22.7,-9.0,7.0,49.9,8.0,0.6,0.5,0.5,-33.4,-16.6,-4.5,-18.2,7.0,14.7,8.0,0.6,0.5,0.5,-41.0,-12.1,4.1,-17.6,7.0,22.8,8.0,0.6,0.5,0.5,131.0,238.5,487.0,341.0,7.0,352.5,8.0,0.6,0.5,0.5,130.0,240.0,485.0,340.0,7.0,355.0,8.0,0.6,0.5,0.5
1974,2,210.0,28.0,19.69,20.55,21.15,20.43,4.0,0.87,14.0,0.3,0.4,0.4,18.07,19.4,21.11,19.58,5.0,1.78,14.0,0.4,0.4,0.4,9.92,11.42,13.39,11.64,4.0,2.13,14.0,0.3,0.4,0.4,78.6,85.0,92.7,85.6,4.0,8.3,14.0,0.3,0.4,6.1,8.25,10.35,8.23,4.0,2.67,16.0,0.5,0.4,0.3,-8.55,-4.03,-1.21,-4.84,4.0,4.86,16.0,0.5,0.4,0.3,2.1,4.52,7.08,4.59,4.0,3.8,16.0,0.5,0.4,0.3,1019.42,1023.4,1024.73,1022.14,5.0,3.89,14.0,0.4,0.4,0.4,2.6,6.0,8.0,5.4,5.0,2.8,14.0,0.4,0.4,0.4,-85.8,-26.4,-6.2,-45.1,4.0,57.5,16.0,0.5,0.4,0.3,10.7,27.9,61.2,35.6,4.0,36.7,16.0,0.5,0.4,0.3,0.24,1.5,2.66,1.45,4.0,1.41,14.0,0.3,0.4,0.4,1.1,3.6,10.9,6.0,3.0,7.4,14.0,0.3,0.5,0.3,1.3,3.15,5.0,3.15,4.0,2.13,14.0,0.3,0.4,0.4,11.0,15.9,22.8,16.9,3.0,8.7,14.0,0.3,0.5,0.3,-168.9,-80.3,-22.3,-94.9,4.0,95.1,16.0,0.5,0.4,0.3,38.7,88.3,152.6,95.3,4.0,84.1,16.0,0.5,0.4,0.3,-120.9,-78.6,-43.0,-81.9,3.0,57.1,14.0,0.3,0.5,0.3,14.6,45.9,59.6,37.3,3.0,33.8,14.0,0.3,0.5,0.3,-15.0,-13.0,-8.7,-11.9,3.0,4.8,14.0,0.3,0.5,0.3,1.8,5.6,17.2,9.4,3.0,11.8,14.0,0.3,0.5,0.3,247.0,589.0,1139.0,688.5,4.0,574.5,16.0,0.5,0.4,0.3,245.0,590.0,1140.0,690.0,4.0,575.0,16.0,0.5,0.4,0.3
1974,2,210.0,29.0,18.02,20.0,20.97,19.53,15.0,1.39,14.0,0.5,0.4,0.5,17.91,20.0,22.18,19.93,17.0,1.99,16.0,0.6,0.5,0.5,9.05,10.99,13.38,10.94,16.0,2.03,16.0,0.6,0.4,0.5,67.1,75.8,84.4,75.8,16.0,10.0,16.0,0.6,0.5,4.37,6.7,9.76,6.72,17.0,2.71,16.0,0.6,0.5,0.5,-7.18,-4.31,-0.48,-4.44,17.0,3.29,16.0,0.6,0.5,0.5,-3.79,1.4,4.6,1.16,17.0,4.69,16.0,0.6,0.5,0.5,1019.13,1023.3,1027.0,1022.18,17.0,6.04,16.0,0.6,0.5,0.5,3.0,5.0,6.9,4.6,16.0,2.1,16.0,0.6,0.5,0.5,-60.6,-20.8,-1.2,-34.9,17.0,36.6,16.0,0.6,0.5,0.5,-27.8,5.7,24.7,7.4,17.0,41.4,16.0,0.6,0.5,0.5,-2.28,0.0,2.16,-0.25,15.0,2.37,14.0,0.5,0.4,0.5,-11.5,0.0,10.0,-0.9,15.0,13.7,14.0,0.5,0.4,0.5,2.37,3.05,4.73,3.27,15.0,1.84,14.0,0.5,0.4,0.5,13.7,19.5,31.6,20.2,15.0,11.3,14.0,0.5,0.4,0.5,-138.0,-87.0,-9.1,-88.4,17.0,65.5,16.0,0.6,0.5,0.5,-68.1,23.1,98.6,25.2,17.0,93.0,16.0,0.6,0.5,0.5,-73.5,-50.4,-16.7,-52.7,16.0,39.0,16.0,0.6,0.4,0.5,-33.8,10.9,54.3,10.5,16.0,46.1,16.0,0.6,0.4,0.5,-24.9,-14.7,-1.6,-14.8,15.0,10.8,14.0,0.5,0.4,0.5,-17.9,0.0,12.0,-1.8,15.0,14.5,14.0,0.5,0.4,0.5,84.0,301.0,937.0,448.0,17.0,466.0,16.0,0.6,0.5,0.5,85.0,300.0,935.0,450.0,17.0,465.0,16.0,0.6,0.5,0.5
1974,2,210.0,30.0,17.8,18.95,20.0,18.96,16.0,1.27,14.0,0.6,0.5,0.3,17.01,18.0,18.79,17.98,20.0,1.37,14.0,0.5,0.5,0.3,8.8,10.48,11.38,10.24,18.0,1.21,14.0,0.5,0.5,0.3,72.4,79.6,89.8,79.5,18.0,8.4,14.0,0.5,0.3,2.64,7.2,10.79,7.12,20.0,3.69,14.0,0.5,0.5,0.3,-7.55,-3.16,-0.01,-3.35,20.0,4.51,14.0,0.5,0.5,0.3,-5.12,0.44,4.95,-0.04,20.0,5.9,14.0,0.5,0.5,0.3,1022.3,1024.4,1027.3,1024.59,20.0,2.67,14.0,0.5,0.5,0.3,1.7,5.0,7.0,4.4,18.0,2.5,14.0,0.5,0.5,0.3,-58.1,-24.6,0.0,-31.5,20.0,49.2,14.0,0.5,0.5,0.3,-61.0,0.5,38.0,-7.8,20.0,61.1,14.0,0.5,0.5,0.3,-0.5,0.75,2.12,0.73,16.0,1.66,14.0,0.6,0.5,0.3,-3.7,1.1,16.6,5.4,16.0,14.0,14.0,0.6,0.5,0.3,1.66,3.23,5.03,3.27,16.0,1.57,14.0,0.6,0.5,0.3,5.2,20.4,43.5,25.4,16.0,20.6,14.0,0.6,0.5,0.3,-121.3,-58.1,-0.1,-58.7,20.0,78.7,14.0,0.5,0.5,0.3,-77.9,8.0,90.5,1.8,20.0,107.6,14.0,0.5,0.5,0.3,-66.6,-30.2,1.0,-31.4,18.0,42.9,14.0,0.5,0.5,0.3,-48.5,8.5,51.5,5.9,18.0,61.6,14.0,0.5,0.5,0.3,-24.8,-7.9,-0.3,-11.5,16.0,18.9,14.0,0.6,0.5,0.3,-15.6,1.2,23.5,-0.1,16.0,24.8,14.0,0.6,0.5,0.3,19.5,378.5,1257.0,638.0,20.0,738.5,14.0,0.5,0.5,0.3,20.0,380.0,1255.0,640.0,20.0,740.0,14.0,0.5,0.5,0.3
1974,2,210.0,31.0,16.67,19.0,19.03,18.2,7.0,1.37,18.0,0.6,0.4,0.3,16.06,18.05,19.44,17.48,8.0,2.37,18.0,0.6,0.4,0.4,7.57,9.4,11.97,10.02,8.0,2.49,18.0,0.6,0.4,0.4,69.8,81.1,93.7,80.6,8.0,12.6,18.0,0.6,0.4,2.66,5.65,12.9,7.46,8.0,5.45,18.0,0.6,0.4,0.4,-4.95,-2.05,4.17,-0.52,8.0,6.77,18.0,0.6,0.4,0.4,-6.79,1.22,3.83,0.5,8.0,6.84,18.0,0.6,0.4,0.4,1019.6,1023.35,1026.78,1023.23,8.0,3.49,18.0,0.6,0.4,0.4,3.3,7.0,8.0,6.0,8.0,2.7,18.0,0.6,0.4,0.4,-53.4,-5.2,26.1,4.2,8.0,91.3,18.0,0.6,0.4,0.4,-105.3,4.7,22.7,-6.0,8.0,88.8,18.0,0.6,0.4,0.4,-0.67,1.0,1.71,0.51,7.0,2.46,18.0,0.6,0.4,0.3,-1.7,3.1,21.4,9.6,7.0,25.7,18.0,0.6,0.4,0.3,1.23,3.65,5.31,2.72,7.0,3.04,18.0,0.6,0.4,0.3,2.1,13.8,66.8,23.6,7.0,33.1,18.0,0.6,0.4,0.3,-97.1,-37.9,79.3,-16.5,8.0,101.1,18.0,0.6,0.4,0.4,-85.8,22.8,72.5,13.8,8.0,107.8,18.0,0.6,0.4,0.4,-57.2,-24.2,41.3,-9.8,8.0,57.2,18.0,0.6,0.4,0.4,-50.1,15.7,37.6,10.0,8.0,55.8,18.0,0.6,0.4,0.4,-5.9,-2.4,19.3,5.2,7.0,31.1,18.0,0.6,0.4,0.3,-34.3,1.1,13.6,-8.5,7.0,25.8,18.0,0.6,0.4,0.3,19.0,185.5,2146.5,1046.0,8.0,1408.0,18.0,0.6,0.4,0.4,20.0,185.0,2145.0,1045.0,8.0,1410.0,18.0,0.6,0.4,0.4
1974,2,210.0,32.0,17.2,18.0,18.89,17.95,8.0,0.94,14.0,0.6,0.6,0.3,15.19,17.75,19.57,17.53,10.0,2.24,16.0,0.5,0.6,0.3,7.21,9.56,10.63,9.28,7.0,2.71,16.0,0.4,0.4,0.4,68.0,80.1,95.2,77.3,7.0,19.8,16.0,0.4,0.4,5.1,7.45,10.89,7.58,10.0,3.26,16.0,0.5,0.6,0.3,-4.86,-2.19,4.2,-1.3,10.0,5.48,16.0,0.5,0.6,0.3,-5.86,-1.3,5.86,0.01,10.0,6.52,16.0,0.5,0.6,0.3,1016.64,1022.35,1028.22,1022.59,10.0,5.38,16.0,0.5,0.6,0.3,3.3,6.0,7.7,5.4,9.0,2.1,16.0,0.4,0.5,0.4,-37.9,-14.6,36.4,-14.7,10.0,56.0,16.0,0.5,0.6,0.3,-51.6,-10.5,47.7,5.2,10.0,66.3,16.0,0.5,0.6,0.3,-2.62,0.75,2.52,0.23,8.0,2.52,14.0,0.6,0.6,0.3,-14.2,4.8,28.4,3.6,8.0,21.3,14.0,0.6,0.6,0.3,1.49,2.9,6.25,3.54,6.0,3.62,18.0,0.5,0.5,0.4,0.9,16.4,56.9,29.2,6.0,46.4,18.0,0.5,0.5,0.4,-75.6,-38.6,81.8,-15.9,10.0,96.0,16.0,0.5,0.6,0.3,-94.8,-16.3,104.8,6.5,10.0,113.8,16.0,0.5,0.6,0.3,-49.3,-24.4,41.6,-6.0,7.0,44.2,16.0,0.4,0.4,0.4,-49.8,-19.5,40.2,5.1,7.0,77.6,16.0,0.4,0.4,0.4,-38.8,-7.1,5.1,-21.6,6.0,43.3,18.0,0.5,0.5,0.4,-37.0,-19.5,5.5,-17.0,6.0,19.8,18.0,0.5,0.5,0.4,132.5,415.0,1376.0,660.0,10.0,740.0,16.0,0.5,0.6,0.3,135.0,415.0,1375.0,660.0,10.0,740.0,16.0,0.5,0.6,0.3
1974,2,210.0,33.0,16.62,17.2,18.12,17.31,11.0,1.09,16.0,0.7,0.6,0.6,14.23,15.0,16.62,15.13,11.0,1.59,16.0,0.7,0.6,0.6,6.02,8.72,11.01,8.49,10.0,2.38,16.0,0.7,0.6,0.6,61.6,82.0,93.6,78.9,10.0,15.9,16.0,0.7,0.6,4.53,6.7,11.09,7.51,10.0,3.6,14.0,0.7,0.6,0.5,-2.95,0.0,4.4,0.44,10.0,3.44,14.0,0.7,0.6,0.5,-7.71,-1.92,8.12,-0.53,10.0,7.95,14.0,0.7,0.6,0.5,1016.59,1022.0,1026.88,1021.75,11.0,6.24,16.0,0.7,0.6,0.6,4.5,8.0,8.0,6.7,9.0,2.2,18.0,0.7,0.6,0.5,-12.8,0.0,35.4,7.7,10.0,27.1,14.0,0.7,0.6,0.5,-69.5,-6.7,79.1,1.9,10.0,86.6,14.0,0.7,0.6,0.5,-0.12,2.0,3.77,2.18,11.0,2.09,16.0,0.7,0.6,0.6,1.3,14.0,43.5,20.6,10.0,22.3,14.0,0.7,0.6,0.5,1.75,3.55,6.27,3.75,10.0,2.28,16.0,0.7,0.6,0.6,13.9,27.0,62.2,33.7,9.0,24.8,16.0,0.7,0.6,0.5,-43.6,0.0,68.4,6.2,10.0,51.1,14.0,0.7,0.6,0.5,-113.2,-28.5,137.0,-0.8,10.0,119.9,14.0,0.7,0.6,0.5,-28.7,0.0,31.6,2.2,9.0,29.0,16.0,0.7,0.6,0.5,-54.8,-11.7,94.4,8.9,9.0,75.4,16.0,0.7,0.6,0.5,-10.7,0.0,22.2,4.3,9.0,17.8,16.0,0.7,0.6,0.5,-51.6,-9.2,17.2,-13.0,9.0,37.0,16.0,0.7,0.6,0.5,96.0,306.0,1364.5,689.5,10.0,741.5,14.0,0.7,0.6,0.5,95.0,305.0,1365.0,690.0,10.0,740.0,14.0,0.7,0.6,0.5
1974,2,210.0,34.0,14.9,15.6,16.54,15.65,6.0,0.88,18.0,0.5,0.6,0.5,13.0,14.55,15.87,14.49,8.0,1.65,18.0,0.6,0.6,0.5,7.13,7.71,9.22,8.06,7.0,1.28,16.0,0.6,0.6,0.5,74.8,78.2,83.0,78.2,7.0,5.1,16.0,0.6,0.5,2.82,5.4,9.4,5.99,8.0,3.33,18.0,0.6,0.6,0.5,-2.11,0.36,4.75,1.03,8.0,3.35,18.0,0.6,0.6,0.5,-5.74,-2.15,0.79,-2.17,8.0,5.85,18.0,0.6,0.6,0.5,1021.89,1026.75,1027.36,1024.65,8.0,4.39,18.0,0.6,0.6,0.5,6.0,8.0,8.0,7.1,8.0,1.2,18.0,0.6,0.6,0.5,-12.4,-0.6,30.7,6.5,8.0,24.3,18.0,0.6,0.6,0.5,-35.0,-8.2,2.1,-16.2,8.0,60.7,18.0,0.6,0.6,0.5,0.67,1.3,2.04,1.15,6.0,1.15,18.0,0.5,0.6,0.5,0.7,6.5,14.5,6.8,6.0,8.6,18.0,0.5,0.6,0.5,2.47,3.29,3.68,3.02,6.0,1.1,18.0,0.5,0.6,0.5,5.9,12.6,27.7,18.0,6.0,16.7,18.0,0.5,0.6,0.5,-30.2,5.6,62.8,16.6,8.0,50.9,18.0,0.6,0.6,0.5,-71.0,-33.0,12.3,-31.6,8.0,81.7,18.0,0.6,0.6,0.5,-15.2,-6.3,33.6,6.8,7.0,29.3,16.0,0.6,0.6,0.5,-40.4,-27.1,0.4,-27.0,7.0,30.9,16.0,0.6,0.6,0.5,-8.2,-5.2,4.8,-2.8,6.0,6.4,18.0,0.5,0.6,0.5,-26.5,-10.2,0.6,-14.5,6.0,19.2,18.0,0.5,0.6,0.5,26.5,159.0,863.0,408.0,8.0,582.0,18.0,0.6,0.6,0.5,25.0,160.0,865.0,410.0,8.0,580.0,18.0,0.6,0.6,0.5
1974,2,210.0,35.0,14.43,15.25,15.87,15.11,10.0,1.31,16.0,0.8,0.6,0.4,12.62,15.0,16.0,14.59,12.0,2.07,16.0,0.8,0.5,0.4,6.59,8.27,9.68,8.13,10.0,1.85,16.0,0.8,0.6,0.4,66.8,82.9,89.4,79.5,10.0,12.1,16.0,0.8,0.4,4.97,7.2,10.43,7.37,12.0,3.55,16.0,0.8,0.5,0.4,-0.45,3.4,6.42,2.73,12.0,3.96,16.0,0.8,0.5,0.4,-6.44,2.97,7.9,1.29,12.0,6.79,16.0,0.8,0.5,0.4,1017.54,1026.0,1027.25,1023.33,11.0,4.66,16.0,0.7,0.6,0.4,2.7,4.0,8.0,4.7,12.0,2.7,16.0,0.8,0.5,0.4,-4.7,18.3,45.0,21.5,12.0,41.5,16.0,0.8,0.5,0.4,-54.9,15.2,65.4,4.1,12.0,71.4,16.0,0.8,0.5,0.4,-1.79,0.25,3.07,0.7,10.0,2.59,16.0,0.8,0.6,0.4,-13.4,0.0,31.6,7.0,10.0,24.7,16.0,0.8,0.6,0.4,0.13,2.7,4.06,2.45,10.0,2.04,16.0,0.8,0.6,0.4,-1.1,17.7,45.0,20.7,10.0,24.3,16.0,0.8,0.6,0.4,-6.8,53.4,94.7,38.2,12.0,57.6,16.0,0.8,0.5,0.4,-84.5,45.1,133.3,29.6,12.0,91.1,16.0,0.8,0.5,0.4,-8.5,19.9,35.7,13.2,10.0,30.3,16.0,0.8,0.6,0.4,-43.5,28.9,73.8,18.1,10.0,53.3,16.0,0.8,0.6,0.4,-1.0,1.4,13.3,7.3,10.0,12.7,16.0,0.8,0.6,0.4,-34.0,-0.7,16.0,-7.3,10.0,28.0,16.0,0.8,0.6,0.4,123.5,378.5,1135.0,643.0,12.0,696.0,16.0,0.8,0.5,0.4,125.0,380.0,1135.0,645.0,12.0,695.0,16.0,0.8,0.5,0.4
1974,2,210.0,36.0,14.35,14.4,14.61,14.48,4.0,0.22,12.0,0.5,0.5,0.5,12.4,13.4,14.82,13.6,4.0,1.45,12.0,0.5,0.5,0.5,5.72,5.93,7.69,6.67,4.0,1.65,12.0,0.5,0.5,0.5,63.3,65.4,75.7,69.3,4.0,10.6,12.0,0.5,0.5,2.48,4.35,6.22,4.35,4.0,2.74,12.0,0.5,0.5,0.5,1.83,3.84,5.25,3.55,4.0,2.24,12.0,0.5,0.5,0.5,-1.76,-0.78,2.23,0.19,4.0,3.29,12.0,0.5,0.5,0.5,1022.83,1029.9,1031.26,1027.18,4.0,6.62,12.0,0.5,0.5,0.5,2.5,3.0,5.1,3.8,4.0,2.2,12.0,0.5,0.5,0.5,6.5,16.9,33.7,19.9,4.0,18.9,12.0,0.5,0.5,0.5,-7.4,-2.2,19.6,5.7,4.0,22.0,12.0,0.5,0.5,0.5,-0.26,0.95,2.0,0.88,4.0,1.32,12.0,0.5,0.5,0.5,-2.0,1.0,5.4,1.7,4.0,5.2,12.0,0.5,0.5,0.5,2.5,4.04,4.27,3.42,4.0,1.44,12.0,0.5,0.5,0.5,6.9,13.7,17.7,12.4,4.0,6.6,12.0,0.5,0.5,0.5,22.6,51.7,78.1,50.4,4.0,35.3,12.0,0.5,0.5,0.5,-22.4,-10.5,35.1,5.6,4.0,47.9,12.0,0.5,0.5,0.5,10.4,22.8,41.4,25.8,4.0,21.1,12.0,0.5,0.5,0.5,-10.2,-4.6,21.6,5.2,4.0,27.1,12.0,0.5,0.5,0.5,5.0,10.5,15.6,10.3,4.0,6.5,12.0,0.5,0.5,0.5,-7.5,-3.2,1.8,-2.8,4.0,7.2,12.0,0.5,0.5,0.5,33.5,83.0,285.5,156.0,4.0,204.5,12.0,0.5,0.5,0.5,35.0,85.0,285.0,155.0,4.0,205.0,12.0,0.5,0.5,0.5
1974,2,210.0,37.0,12.79,13.5,15.83,14.28,4.0,2.23,16.0,1.0,0.6,0.5,11.82,13.25,16.36,14.05,4.0,3.18,16.0,1.0,0.6,0.5,5.9,6.8,8.82,7.33,4.0,1.91,16.0,1.0,0.6,0.5,66.5,74.9,80.4,73.5,4.0,10.5,16.0,1.0,0.5,3.55,5.9,7.46,5.53,4.0,2.38,16.0,1.0,0.6,0.5,-1.16,2.53,5.08,1.98,4.0,3.79,16.0,1.0,0.6,0.5,-5.01,-1.28,2.42,-1.29,4.0,4.95,16.0,1.0,0.6,0.5,1016.8,1022.05,1027.1,1021.95,4.0,6.01,16.0,1.0,0.6,0.5,4.5,5.5,7.0,5.8,4.0,1.7,16.0,1.0,0.6,0.5,-10.1,11.2,30.9,10.4,4.0,25.8,16.0,1.0,0.6,0.5,-32.4,-3.3,17.5,-7.3,4.0,36.7,16.0,1.0,0.6,0.5,-0.52,0.25,0.97,0.23,4.0,1.0,16.0,1.0,0.6,0.5,-3.8,1.2,6.7,1.5,4.0,7.4,16.0,1.0,0.6,0.5,2.04,2.66,3.46,2.75,4.0,0.97,16.0,1.0,0.6,0.5,9.0,14.0,20.0,14.5,4.0,6.7,16.0,1.0,0.6,0.5,-12.4,31.9,80.8,34.1,4.0,57.7,16.0,1.0,0.6,0.5,-59.5,-17.9,44.9,-7.8,4.0,70.6,16.0,1.0,0.6,0.5,-7.1,18.7,45.3,19.1,4.0,31.7,16.0,1.0,0.6,0.5,-29.9,-7.4,24.1,-3.1,4.0,37.5,16.0,1.0,0.6,0.5,-3.1,4.7,10.7,3.8,4.0,9.0,16.0,1.0,0.6,0.5,-15.8,-5.1,5.9,-5.0,4.0,13.8,16.0,1.0,0.6,0.5,55.5,235.5,417.0,236.0,4.0,211.5,16.0,1.0,0.6,0.5,55.0,235.0,415.0,235.0,4.0,210.0,16.0,1.0,0.6,0.5
1974,2,210.0,38.0,11.91,12.35,12.79,12.35,2.0,0.92,16.0,0.5,0.5,0.7,7.49,8.1,8.71,8.1,2.0,1.27,16.0,0.5,0.5,0.7,2.81,4.12,5.43,4.12,2.0,2.72,16.0,0.5,0.5,0.7,43.8,61.2,78.6,61.2,2.0,36.1,16.0,0.5,0.7,4.14,7.45,10.76,7.45,2.0,6.86,16.0,0.5,0.5,0.7,1.72,3.52,5.32,3.52,2.0,3.72,16.0,0.5,0.5,0.7,-9.35,-6.55,-3.75,-6.55,2.0,5.8,16.0,0.5,0.5,0.7,1029.9,1030.75,1031.6,1030.75,2.0,1.77,16.0,0.5,0.5,0.7,4.6,6.0,7.4,6.0,2.0,2.8,16.0,0.5,0.5,0.7,14.0,39.0,64.0,39.0,2.0,51.9,16.0,0.5,0.5,0.7,-111.2,-68.7,-26.1,-68.7,2.0,88.2,16.0,0.5,0.5,0.7,4.08,4.25,4.42,4.25,2.0,0.35,16.0,0.5,0.5,0.7,17.5,32.9,48.2,32.9,2.0,31.8,16.0,0.5,0.5,0.7,3.56,4.62,5.69,4.62,2.0,2.2,16.0,0.5,0.5,0.7,18.8,42.0,65.2,42.0,2.0,48.1,16.0,0.5,0.5,0.7,13.8,26.1,38.5,26.1,2.0,25.7,16.0,0.5,0.5,0.7,-68.0,-49.3,-30.7,-49.3,2.0,38.7,16.0,0.5,0.5,0.7,6.7,9.5,12.2,9.5,2.0,5.8,16.0,0.5,0.5,0.7,-22.1,-19.1,-16.1,-19.1,2.0,6.1,16.0,0.5,0.5,0.7,8.3,20.4,32.4,20.4,2.0,24.9,16.0,0.5,0.5,0.7,-56.6,-36.7,-16.8,-36.7,2.0,41.3,16.0,0.5,0.5,0.7,310.0,939.0,1568.5,939.0,2.0,1303.5,16.0,0.5,0.5,0.7,310.0,940.0,1570.0,940.0,2.0,1305.0,16.0,0.5,0.5,0.7
1974,2,210.0,39.0,12.0,13.3,13.5,12.86,5.0,0.79,8.0,0.2,0.6,0.3,11.06,12.5,13.37,12.32,5.0,1.28,8.0,0.2,0.6,0.3,5.61,6.93,8.6,7.04,5.0,1.8,8.0,0.2,0.6,0.3,69.9,78.2,89.7,79.3,5.0,15.4,8.0,0.2,0.3,3.55,8.7,13.11,8.74,5.0,6.07,8.0,0.2,0.6,0.3,1.89,4.04,10.38,6.11,5.0,6.49,8.0,0.2,0.6,0.3,-1.8,2.6,7.99,2.64,5.0,5.9,8.0,0.2,0.6,0.3,1015.92,1023.3,1028.18,1022.42,5.0,7.5,8.0,0.2,0.6,0.3,1.6,5.0,8.0,4.8,5.0,3.3,8.0,0.2,0.6,0.3,10.5,25.9,154.5,83.0,5.0,126.3,8.0,0.2,0.6,0.3,-38.6,6.8,74.8,10.3,5.0,76.6,8.0,0.2,0.6,0.3,-1.37,1.0,2.31,0.54,5.0,1.98,8.0,0.2,0.6,0.3,-8.4,6.5,21.0,7.9,5.0,19.7,8.0,0.2,0.6,0.3,0.03,2.55,3.81,2.08,5.0,2.18,8.0,0.2,0.6,0.3,-0.9,8.4,48.2,23.5,5.0,37.0,8.0,0.2,0.6,0.3,24.6,56.5,121.1,73.1,5.0,70.8,8.0,0.2,0.6,0.3,-18.6,28.6,101.4,35.0,5.0,71.5,8.0,0.2,0.6,0.3,17.5,33.2,57.7,37.0,5.0,28.6,8.0,0.2,0.6,0.3,-6.7,16.0,62.4,24.8,5.0,41.2,8.0,0.2,0.6,0.3,-0.6,1.6,40.3,19.5,5.0,35.2,8.0,0.2,0.6,0.3,-13.9,0.3,12.7,-1.1,5.0,18.5,8.0,0.2,0.6,0.3,50.0,658.5,2823.5,1534.0,5.0,2443.5,8.0,0.2,0.6,0.3,50.0,660.0,2825.0,1535.0,5.0,2445.0,8.0,0.2,0.6,0.3
1974,2,210.0,40.0,10.74,11.5,12.79,11.75,4.0,1.32,16.0,0.5,0.7,0.6,10.91,12.0,13.91,12.42,5.0,1.97,14.0,0.4,0.8,0.7,6.64,7.89,8.7,7.68,4.0,1.46,16.0,0.5,0.7,0.6,77.3,86.4,88.2,82.9,4.0,8.6,16.0,0.5,0.6,8.72,9.3,12.98,10.92,5.0,4.31,14.0,0.4,0.8,0.7,1.42,7.7,9.89,5.34,5.0,8.29,14.0,0.4,0.8,0.7,-7.19,0.0,3.33,-1.89,5.0,7.67,14.0,0.4,0.8,0.7,1017.76,1021.0,1025.92,1021.58,5.0,6.01,14.0,0.4,0.8,0.7,7.2,7.5,7.8,7.5,2.0,0.7,20.0,0.0,0.8,0.7,6.5,73.6,131.9,69.8,5.0,108.2,14.0,0.4,0.8,0.7,-114.5,0.0,32.1,-43.0,5.0,126.9,14.0,0.4,0.8,0.7,-2.0,-1.35,-0.33,-1.17,4.0,0.99,16.0,0.5,0.7,0.6,-17.1,-11.0,-3.1,-10.1,4.0,8.5,16.0,0.5,0.7,0.6,0.15,0.64,1.54,0.83,4.0,0.91,16.0,0.5,0.7,0.6,1.4,6.2,14.6,7.9,4.0,8.5,16.0,0.5,0.7,0.6,5.3,97.9,108.7,54.0,5.0,110.2,14.0,0.4,0.8,0.7,-76.4,0.0,43.5,-16.5,5.0,83.6,14.0,0.4,0.8,0.7,-20.4,53.7,60.1,21.4,4.0,70.7,16.0,0.5,0.7,0.6,-9.5,7.4,32.3,11.2,4.0,28.1,16.0,0.5,0.7,0.6,-1.5,3.7,12.9,5.6,4.0,9.3,16.0,0.5,0.7,0.6,-3.4,0.2,3.5,0.0,4.0,5.2,16.0,0.5,0.7,0.6,677.5,804.5,2910.0,1867.5,5.0,2502.0,14.0,0.4,0.8,0.7,675.0,805.0,2910.0,1870.0,5.0,2500.0,14.0,0.4,0.8,0.7
1974,2,210.0,41.0,8.57,9.15,9.73,9.15,2.0,1.2,14.0,0.5,0.6,0.3,6.02,8.2,10.93,8.47,3.0,3.61,20.0,0.3,0.5,0.3,4.44,4.95,6.4,5.41,3.0,1.49,20.0,0.3,0.5,0.3,74.8,78.1,80.7,77.7,3.0,4.3,20.0,0.3,0.3,11.24,15.4,18.2,14.73,3.0,5.13,20.0,0.3,0.5,0.3,7.41,13.34,15.76,11.62,3.0,6.3,20.0,0.3,0.5,0.3,-9.1,-7.7,3.05,-3.13,3.0,9.74,20.0,0.3,0.5,0.3,1010.11,1014.0,1026.29,1018.1,3.0,12.37,20.0,0.3,0.5,0.3,5.0,7.0,7.7,6.3,3.0,2.1,20.0,0.3,0.5,0.3,94.7,205.4,290.0,192.6,3.0,143.5,20.0,0.3,0.5,0.3,-167.4,-118.6,13.5,-77.9,3.0,137.1,20.0,0.3,0.5,0.3,-2.49,0.55,3.59,0.55,2.0,6.29,14.0,0.5,0.6,0.3,-15.0,30.6,76.3,30.6,2.0,94.6,14.0,0.5,0.6,0.3,0.19,1.49,2.79,1.49,2.0,2.69,14.0,0.5,0.6,0.3,7.2,31.1,55.0,31.1,2.0,49.5,14.0,0.5,0.6,0.3,65.5,84.4,101.5,83.5,3.0,26.3,20.0,0.3,0.5,0.3,-58.6,-48.7,51.6,-4.5,3.0,89.3,20.0,0.3,0.5,0.3,43.4,66.0,69.4,56.6,3.0,20.7,20.0,0.3,0.5,0.3,-40.1,-38.1,26.8,-7.4,3.0,55.7,20.0,0.3,0.5,0.3,7.4,27.6,47.8,27.6,2.0,41.9,14.0,0.5,0.6,0.3,-28.3,-18.2,-8.1,-18.2,2.0,21.0,14.0,0.5,0.6,0.3,1708.5,3652.5,6220.5,3957.0,3.0,3316.0,20.0,0.3,0.5,0.3,1710.0,3650.0,6220.0,3955.0,3.0,3315.0,20.0,0.3,0.5,0.3
1974,2,210.0,42.0,6.48,7.5,8.52,7.5,2.0,2.12,18.0,1.0,0.8,0.6,6.56,7.75,8.94,7.75,2.0,2.47,18.0,1.0,0.8,0.6,5.01,5.22,5.42,5.22,2.0,0.42,18.0,1.0,0.8,0.6,77.6,80.9,84.2,80.9,2.0,6.8,18.0,1.0,0.6,8.66,11.8,16.37,12.5,3.0,5.68,20.0,1.0,0.8,0.7,6.17,6.77,11.82,8.95,3.0,4.55,20.0,1.0,0.8,0.7,-11.36,-10.22,-4.92,-8.19,3.0,5.03,20.0,1.0,0.8,0.7,1010.17,1021.5,1024.78,1017.57,3.0,11.23,20.0,1.0,0.8,0.7,7.3,8.0,8.0,7.7,3.0,0.6,20.0,1.0,0.8,0.7,55.3,69.6,201.1,126.8,3.0,117.7,20.0,1.0,0.8,0.7,-188.4,-120.6,-50.4,-119.4,3.0,101.1,20.0,1.0,0.8,0.7,-0.42,-0.25,-0.08,-0.25,2.0,0.35,18.0,1.0,0.8,0.6,-3.0,-1.8,-0.6,-1.8,2.0,2.5,18.0,1.0,0.8,0.6,0.93,1.16,1.39,1.16,2.0,0.48,18.0,1.0,0.8,0.6,11.5,13.0,14.5,13.0,2.0,3.1,18.0,1.0,0.8,0.6,67.6,74.7,81.7,74.7,2.0,14.7,18.0,1.0,0.8,0.6,-63.7,-47.4,-31.0,-47.4,2.0,33.9,18.0,1.0,0.8,0.6,42.5,53.5,64.6,53.5,2.0,22.9,18.0,1.0,0.8,0.6,-51.4,-36.0,-20.7,-36.0,2.0,31.8,18.0,1.0,0.8,0.6,10.4,10.9,11.4,10.9,2.0,1.0,18.0,1.0,0.8,0.6,-8.8,-6.7,-4.7,-6.7,2.0,4.3,18.0,1.0,0.8,0.6,776.5,1643.0,4843.5,2782.5,3.0,3138.5,20.0,1.0,0.8,0.7,775.0,1645.0,4845.0,2785.0,3.0,3140.0,20.0,1.0,0.8,0.7
1974,2,210.0,43.0,9.02,9.05,9.08,9.05,2.0,0.07,18.0,0.5,0.6,0.5,6.52,9.8,10.62,8.6,3.0,3.17,22.0,0.3,0.7,0.4,5.91,6.25,6.58,6.25,2.0,0.69,18.0,0.5,0.6,0.5,74.0,79.9,85.8,79.9,2.0,12.2,18.0,0.5,0.5,8.89,9.3,9.3,9.1,3.0,0.35,22.0,0.3,0.7,0.4,8.71,8.74,9.03,8.87,3.0,0.25,22.0,0.3,0.7,0.4,0.51,1.61,2.68,1.6,3.0,1.59,22.0,0.3,0.7,0.4,1004.01,1015.0,1017.25,1010.73,3.0,10.38,22.0,0.3,0.7,0.4,2.3,3.0,6.4,4.3,3.0,3.2,22.0,0.3,0.7,0.4,77.5,81.3,83.9,80.7,3.0,4.8,22.0,0.3,0.7,0.4,4.8,15.0,25.0,14.9,3.0,14.8,22.0,0.3,0.7,0.4,-1.79,-1.35,-0.91,-1.35,2.0,0.92,18.0,0.5,0.6,0.5,-15.7,-12.0,-8.2,-12.0,2.0,7.7,18.0,0.5,0.6,0.5,0.65,0.92,1.19,0.92,2.0,0.56,18.0,0.5,0.6,0.5,5.9,8.2,10.4,8.2,2.0,4.6,18.0,0.5,0.6,0.5,58.4,85.6,92.5,75.7,3.0,26.4,22.0,0.3,0.7,0.4,2.6,8.1,23.8,13.1,3.0,16.2,22.0,0.3,0.7,0.4,51.5,54.5,57.5,54.5,2.0,6.2,18.0,0.5,0.6,0.5,3.4,10.7,18.0,10.7,2.0,15.1,18.0,0.5,0.6,0.5,5.7,8.0,10.3,8.0,2.0,4.9,18.0,0.5,0.6,0.5,0.3,0.8,1.4,0.8,2.0,1.2,18.0,0.5,0.6,0.5,705.0,804.5,804.5,755.5,3.0,84.0,22.0,0.3,0.7,0.4,705.0,805.0,805.0,755.0,3.0,85.0,22.0,0.3,0.7,0.4
1974,2,210.0,44.0,6.48,7.5,8.52,7.5,3.0,1.5,22.0,0.7,0.4,0.5,4.69,7.5,9.21,7.08,6.0,2.62,14.0,0.7,0.5,0.6,3.32,3.58,4.54,3.92,3.0,0.94,22.0,0.7,0.4,0.5,64.5,74.0,82.0,73.3,3.0,12.9,22.0,0.7,0.5,7.69,12.6,19.35,12.85,6.0,7.33,14.0,0.7,0.5,0.6,5.81,11.09,16.75,10.94,6.0,6.66,14.0,0.7,0.5,0.6,-9.67,-0.65,6.46,-1.26,6.0,7.87,14.0,0.7,0.5,0.6,1006.64,1012.0,1018.08,1012.48,6.0,8.24,14.0,0.7,0.5,0.6,5.6,7.0,8.0,6.7,6.0,1.6,14.0,0.7,0.5,0.6,52.8,139.4,326.5,180.8,6.0,161.8,14.0,0.7,0.5,0.6,-188.5,-1.0,66.2,-44.3,6.0,139.5,14.0,0.7,0.5,0.6,1.63,3.0,3.68,2.67,3.0,1.53,22.0,0.7,0.4,0.5,18.6,55.5,79.3,49.1,3.0,44.8,22.0,0.7,0.4,0.5,2.27,2.52,2.72,2.5,3.0,0.33,22.0,0.7,0.4,0.5,15.2,39.9,56.1,35.8,3.0,30.2,22.0,0.7,0.4,0.5,51.7,82.3,101.3,73.7,6.0,38.8,14.0,0.7,0.5,0.6,-42.8,-3.2,59.8,5.9,6.0,53.4,14.0,0.7,0.5,0.6,23.9,70.1,76.8,50.8,3.0,42.2,22.0,0.7,0.4,0.5,-44.3,-40.4,-15.7,-30.2,3.0,22.8,22.0,0.7,0.4,0.5,12.3,34.6,48.6,30.5,3.0,26.9,22.0,0.7,0.4,0.5,-28.1,-20.0,-8.6,-18.4,3.0,14.4,22.0,0.7,0.4,0.5,639.0,2004.0,7408.0,3781.5,6.0,4387.5,14.0,0.7,0.5,0.6,640.0,2005.0,7410.0,3780.0,6.0,4385.0,14.0,0.7,0.5,0.6
1974,2,210.0,45.0,7.16,7.5,7.84,7.5,2.0,0.71,12.0,0.5,0.4,0.5,7.48,8.5,9.52,8.5,2.0,2.12,12.0,0.5,0.4,0.5,5.65,6.23,6.81,6.23,2.0,1.2,12.0,0.5,0.4,0.5,88.2,90.6,93.0,90.6,2.0,5.0,12.0,0.5,0.5,10.79,11.85,12.91,11.85,2.0,2.19,12.0,0.5,0.4,0.5,0.56,1.76,2.96,1.76,2.0,2.49,12.0,0.5,0.4,0.5,10.27,11.54,12.81,11.54,2.0,2.63,12.0,0.5,0.4,0.5,1016.85,1019.75,1022.65,1019.75,2.0,6.01,12.0,0.5,0.4,0.5,6.3,7.0,7.7,7.0,2.0,1.4,12.0,0.5,0.4,0.5,5.8,18.1,30.5,18.1,2.0,25.7,12.0,0.5,0.4,0.5,112.4,139.6,166.9,139.6,2.0,56.5,12.0,0.5,0.4,0.5,-1.68,-1.0,-0.32,-1.0,2.0,1.41,12.0,0.5,0.4,0.5,-17.3,-10.3,-3.3,-10.3,2.0,14.6,12.0,0.5,0.4,0.5,-0.3,0.15,0.59,0.15,2.0,0.93,12.0,0.5,0.4,0.5,-2.7,2.7,8.2,2.7,2.0,11.3,12.0,0.5,0.4,0.5,5.6,17.6,29.6,17.6,2.0,24.9,12.0,0.5,0.4,0.5,94.3,95.3,96.3,95.3,2.0,2.1,12.0,0.5,0.4,0.5,4.0,12.5,21.0,12.5,2.0,17.6,12.0,0.5,0.4,0.5,69.1,70.3,71.6,70.3,2.0,2.6,12.0,0.5,0.4,0.5,-1.5,-0.9,-0.3,-0.9,2.0,1.3,12.0,0.5,0.4,0.5,-2.5,2.9,8.2,2.9,2.0,11.1,12.0,0.5,0.4,0.5,1301.0,1749.5,2197.5,1749.5,2.0,928.5,12.0,0.5,0.4,0.5,1300.0,1750.0,2200.0,1750.0,2.0,930.0,12.0,0.5,0.4,0.5
1974,2,210.0,46.0,5.88,7.0,8.02,6.71,7.0,1.63,20.0,0.6,0.7,0.5,1.54,4.0,8.0,4.61,9.0,2.85,18.0,0.6,0.7,0.5,3.03,3.7,6.36,4.21,8.0,1.62,20.0,0.6,0.7,0.5,62.9,76.9,99.1,79.4,8.0,16.8,20.0,0.6,0.5,6.74,10.3,19.0,12.34,9.0,5.94,18.0,0.6,0.7,0.5,1.67,8.92,17.15,8.98,9.0,7.37,18.0,0.6,0.7,0.5,-9.9,-6.5,2.99,-4.07,9.0,6.56,18.0,0.6,0.7,0.5,1007.63,1016.0,1017.0,1013.59,9.0,5.13,18.0,0.6,0.7,0.5,6.0,7.0,8.0,6.9,8.0,1.2,18.0,0.5,0.7,0.4,10.4,91.9,332.1,146.1,9.0,148.2,18.0,0.6,0.7,0.5,-171.7,-68.2,12.3,-77.2,9.0,92.6,18.0,0.6,0.7,0.5,0.45,3.0,6.0,3.07,7.0,2.51,20.0,0.6,0.7,0.5,1.5,41.2,114.3,48.0,7.0,51.0,20.0,0.6,0.7,0.5,1.27,2.77,2.88,2.25,7.0,1.2,20.0,0.6,0.7,0.5,18.8,28.5,54.9,35.0,7.0,25.0,20.0,0.6,0.7,0.5,4.7,26.8,48.3,25.3,9.0,26.6,18.0,0.6,0.7,0.5,-34.0,-10.0,24.0,-5.8,9.0,35.0,18.0,0.6,0.7,0.5,24.8,39.3,56.3,37.0,8.0,19.1,20.0,0.6,0.7,0.5,-32.5,-22.0,-2.2,-16.8,8.0,21.4,20.0,0.6,0.7,0.5,16.2,21.8,51.3,29.1,7.0,22.6,20.0,0.6,0.7,0.5,-30.5,-18.3,-9.3,-18.2,7.0,13.2,20.0,0.6,0.7,0.5,322.5,1092.5,6859.0,3063.0,9.0,3270.5,18.0,0.6,0.7,0.5,325.0,1095.0,6860.0,3065.0,9.0,3270.0,18.0,0.6,0.7,0.5
1974,2,210.0,47.0,6.0,6.0,6.0,6.0,3.0,0.0,12.0,0.3,0.7,0.4,3.59,7.0,8.02,5.83,3.0,3.4,12.0,0.3,0.7,0.4,3.72,6.16,6.62,5.19,3.0,2.29,12.0,0.3,0.7,0.4,71.9,100.0,100.0,86.3,3.0,23.7,12.0,0.3,0.4,11.13,12.9,15.36,13.23,3.0,3.11,12.0,0.3,0.7,0.4,-1.39,1.79,4.97,1.79,3.0,4.66,12.0,0.3,0.7,0.4,-4.41,10.14,14.31,5.07,3.0,14.4,12.0,0.3,0.7,0.4,1011.65,1018.0,1019.02,1015.4,3.0,5.85,12.0,0.3,0.7,0.4,3.9,8.0,8.0,6.0,3.0,3.5,12.0,0.3,0.7,0.4,-26.4,18.4,62.6,18.1,3.0,65.2,12.0,0.3,0.7,0.4,-65.2,104.5,216.2,76.2,3.0,207.6,12.0,0.3,0.7,0.4,-2.02,-1.0,2.41,0.17,3.0,3.4,12.0,0.3,0.7,0.4,-31.4,-10.3,32.0,0.0,3.0,47.3,12.0,0.3,0.7,0.4,-0.87,-0.41,2.08,0.58,3.0,2.32,12.0,0.3,0.7,0.4,-13.5,-4.2,27.1,6.6,3.0,31.2,12.0,0.3,0.7,0.4,-12.7,12.5,12.8,0.4,3.0,21.4,12.0,0.3,0.7,0.4,7.3,71.0,116.8,62.3,3.0,80.6,12.0,0.3,0.7,0.4,-9.9,11.0,14.9,2.7,3.0,19.5,12.0,0.3,0.7,0.4,0.2,62.5,95.7,48.3,3.0,71.0,12.0,0.3,0.7,0.4,0.5,3.1,15.2,7.7,3.0,11.5,12.0,0.3,0.7,0.4,-30.2,-17.5,-8.4,-19.3,3.0,16.0,12.0,0.3,0.7,0.4,1427.5,2146.5,3747.5,2577.0,3.0,1740.0,12.0,0.3,0.7,0.4,1425.0,2145.0,3750.0,2575.0,3.0,1740.0,12.0,0.3,0.7,0.4
1974,2,210.0,48.0,4.65,6.0,6.37,5.52,5.0,1.5,14.0,0.6,0.6,0.5,4.21,6.0,7.52,5.88,4.0,2.02,14.0,0.5,0.6,0.6,3.67,5.3,6.1,4.9,4.0,1.57,14.0,0.5,0.6,0.6,70.3,88.3,92.7,81.8,4.0,16.5,14.0,0.5,0.6,8.62,10.8,16.21,12.04,5.0,4.86,14.0,0.6,0.6,0.5,1.15,8.27,11.8,6.71,5.0,6.81,14.0,0.6,0.6,0.5,0.19,4.37,11.06,5.75,5.0,7.81,14.0,0.6,0.6,0.5,985.28,1002.0,1007.75,997.48,5.0,15.17,14.0,0.6,0.6,0.5,5.0,5.5,7.0,6.0,4.0,1.4,14.0,0.8,0.7,0.5,-8.4,89.4,146.2,74.8,5.0,103.3,14.0,0.6,0.6,0.5,-2.4,24.9,170.7,83.4,5.0,147.4,14.0,0.6,0.6,0.5,-1.29,-0.25,0.31,-0.47,4.0,1.11,14.0,0.5,0.6,0.6,-9.5,-3.7,3.4,-3.1,4.0,7.9,14.0,0.5,0.6,0.6,0.03,0.8,1.52,0.77,4.0,0.96,14.0,0.5,0.6,0.6,3.0,10.5,20.4,11.7,4.0,12.4,14.0,0.5,0.6,0.6,2.2,35.3,46.6,24.9,4.0,32.8,14.0,0.5,0.6,0.6,11.8,34.8,83.4,47.0,4.0,57.5,14.0,0.5,0.6,0.6,0.8,30.5,39.8,20.8,4.0,27.8,14.0,0.5,0.6,0.6,9.1,29.6,72.2,40.2,4.0,48.9,14.0,0.5,0.6,0.6,-1.4,4.0,18.8,8.5,4.0,13.6,14.0,0.5,0.6,0.6,-3.3,3.1,8.2,2.5,4.0,6.7,14.0,0.5,0.6,0.6,761.5,1259.5,4412.0,2435.5,5.0,2459.0,14.0,0.6,0.6,0.5,760.0,1260.0,4410.0,2435.0,5.0,2460.0,14.0,0.6,0.6,0.5
1974,2,210.0,49.0,4.0,5.0,5.81,5.08,6.0,1.11,20.0,0.8,0.8,0.4,2.93,6.0,7.06,5.1,7.0,2.45,20.0,0.7,0.7,0.3,4.33,5.23,5.5,4.94,6.0,0.8,20.0,0.7,0.8,0.3,82.3,87.0,92.0,86.9,6.0,4.9,20.0,0.7,0.3,9.87,13.35,18.88,14.48,6.0,5.93,20.0,0.8,0.8,0.4,5.61,8.65,12.6,10.02,6.0,7.19,20.0,0.8,0.8,0.4,-14.49,-4.8,3.88,-5.3,6.0,9.0,20.0,0.8,0.8,0.4,995.93,1000.6,1007.64,1003.21,7.0,8.12,20.0,0.7,0.7,0.3,6.0,7.5,8.0,7.2,6.0,1.0,24.0,0.7,0.7,0.3,52.8,100.4,219.4,168.1,6.0,202.3,20.0,0.8,0.8,0.4,-236.0,-80.0,37.7,-100.2,6.0,138.3,20.0,0.8,0.8,0.4,-1.0,0.25,1.52,0.5,6.0,1.67,20.0,0.8,0.8,0.4,-8.6,4.0,21.2,10.3,6.0,26.4,20.0,0.8,0.8,0.4,0.25,0.58,1.22,0.75,5.0,0.72,18.0,0.8,0.9,0.3,2.5,9.3,24.8,13.3,5.0,13.5,18.0,0.8,0.9,0.3,23.0,34.4,80.5,54.4,6.0,57.8,20.0,0.8,0.8,0.4,-33.3,-21.0,23.8,-10.7,6.0,31.8,20.0,0.8,0.8,0.4,26.4,36.1,78.9,52.4,5.0,45.7,18.0,0.8,0.9,0.3,-61.3,-23.0,22.3,-19.7,5.0,42.9,18.0,0.8,0.9,0.3,2.4,4.6,10.8,6.7,5.0,7.4,18.0,0.8,0.9,0.3,-17.2,-3.4,0.6,-8.6,5.0,14.2,18.0,0.8,0.9,0.3,981.0,2639.5,7179.5,4409.0,6.0,5141.5,20.0,0.8,0.8,0.4,980.0,2640.0,7180.0,4410.0,6.0,5140.0,20.0,0.8,0.8,0.4
1974,2,210.0,50.0,3.6,4.9,4.97,4.3,3.0,1.13,18.0,0.3,0.4,0.3,2.5,3.9,5.67,4.08,4.0,1.84,20.0,0.5,0.4,0.3,4.2,4.31,4.51,4.35,3.0,0.23,18.0,0.3,0.4,0.3,79.5,91.8,97.4,88.5,3.0,13.4,18.0,0.3,0.3,6.91,10.35,15.1,10.98,4.0,4.96,20.0,0.5,0.4,0.3,3.91,6.97,11.56,7.7,4.0,4.55,20.0,0.5,0.4,0.3,-8.9,-0.96,6.64,-1.12,4.0,9.15,20.0,0.5,0.4,0.3,983.47,993.45,998.24,990.98,4.0,10.69,20.0,0.5,0.4,0.3,5.0,5.0,7.0,6.0,3.0,1.7,22.0,0.3,0.4,0.3,27.1,79.6,177.6,101.3,4.0,93.5,20.0,0.5,0.4,0.3,-121.8,-10.9,70.9,-24.8,4.0,125.6,20.0,0.5,0.4,0.3,-0.11,0.5,1.87,0.87,3.0,1.48,18.0,0.3,0.4,0.3,-2.6,3.1,30.0,13.5,3.0,25.5,18.0,0.3,0.4,0.3,0.52,1.29,1.31,0.93,3.0,0.66,18.0,0.3,0.4,0.3,6.2,17.2,20.5,13.4,3.0,11.0,18.0,0.3,0.4,0.3,16.2,27.8,43.2,29.6,4.0,18.0,20.0,0.5,0.4,0.3,-34.0,-7.7,28.9,-2.8,4.0,38.4,20.0,0.5,0.4,0.3,25.6,41.3,51.4,38.6,3.0,19.0,18.0,0.3,0.4,0.3,-25.2,21.9,30.6,3.2,3.0,44.0,18.0,0.3,0.4,0.3,4.6,13.2,15.7,10.2,3.0,8.5,18.0,0.3,0.4,0.3,-9.4,0.8,7.8,-0.8,3.0,12.7,18.0,0.3,0.4,0.3,342.0,1327.0,3620.0,1951.0,4.0,2160.5,20.0,0.5,0.4,0.3,340.0,1325.0,3620.0,1950.0,4.0,2160.0,20.0,0.5,0.4,0.3
1974,2,210.0,51.0,3.27,4.5,4.5,4.0,9.0,1.37,12.0,0.4,0.6,0.5,3.0,4.0,4.87,3.74,9.0,1.33,12.0,0.4,0.6,0.5,4.25,4.4,4.77,4.42,6.0,0.38,12.0,0.2,0.5,0.7,83.4,85.3,87.0,85.1,6.0,4.6,12.0,0.2,0.7,6.73,12.9,14.5,11.49,9.0,3.9,12.0,0.4,0.6,0.5,-2.82,7.53,12.92,5.44,9.0,9.01,12.0,0.4,0.6,0.5,0.0,4.35,9.43,4.63,9.0,5.01,12.0,0.4,0.6,0.5,989.55,998.2,1016.74,1001.52,9.0,13.44,12.0,0.4,0.6,0.5,6.0,8.0,8.0,7.3,7.0,1.3,10.0,0.4,0.7,0.6,-41.9,65.5,167.6,65.3,9.0,135.4,12.0,0.4,0.6,0.5,0.0,30.5,133.0,52.8,9.0,69.5,12.0,0.4,0.6,0.5,0.0,0.5,1.0,0.26,9.0,1.84,12.0,0.4,0.6,0.5,0.0,2.9,13.3,4.7,9.0,25.1,12.0,0.4,0.6,0.5,0.47,0.87,1.11,0.73,6.0,0.69,12.0,0.2,0.5,0.7,2.9,8.4,15.9,8.2,6.0,8.9,12.0,0.2,0.5,0.7,-7.9,21.8,38.7,13.9,9.0,34.1,12.0,0.4,0.6,0.5,0.0,19.6,43.2,20.2,9.0,21.4,12.0,0.4,0.6,0.5,-27.5,20.8,38.5,8.3,6.0,39.6,12.0,0.2,0.5,0.7,13.4,33.2,48.4,29.8,6.0,23.3,12.0,0.2,0.5,0.7,-5.8,-0.8,8.5,1.2,6.0,10.4,12.0,0.2,0.5,0.7,-3.7,4.3,9.4,3.2,6.0,6.3,12.0,0.2,0.5,0.7,335.5,2146.5,3065.0,1963.5,9.0,1533.5,12.0,0.4,0.6,0.5,335.0,2145.0,3065.0,1965.0,9.0,1535.0,12.0,0.4,0.6,0.5
1974,2,210.0,52.0,2.5,3.0,4.73,3.44,9.0,1.1,16.0,0.6,0.5,0.5,1.0,4.0,5.57,3.75,10.0,2.6,14.0,0.6,0.5,0.4,3.38,4.04,4.96,4.19,10.0,1.03,14.0,0.6,0.5,0.4,75.5,85.0,89.7,82.4,10.0,9.7,14.0,0.6,0.4,9.3,12.05,16.72,12.76,10.0,3.39,14.0,0.6,0.5,0.4,3.19,6.78,13.19,8.04,10.0,5.16,14.0,0.6,0.5,0.4,-8.38,0.26,10.35,1.64,10.0,9.54,14.0,0.6,0.5,0.4,992.93,1001.75,1010.4,1000.64,10.0,9.75,14.0,0.6,0.5,0.4,7.0,8.0,8.0,7.6,10.0,0.7,14.0,0.6,0.5,0.4,39.1,74.5,182.7,110.3,10.0,93.6,14.0,0.6,0.5,0.4,-90.4,8.6,116.1,31.1,10.0,137.2,14.0,0.6,0.5,0.4,-2.37,1.0,2.37,0.28,9.0,2.5,16.0,0.6,0.5,0.5,-27.5,11.8,33.5,1.6,9.0,34.0,16.0,0.6,0.5,0.5,0.27,1.0,1.9,0.96,9.0,0.94,16.0,0.6,0.5,0.5,3.1,11.8,21.7,11.5,9.0,12.8,16.0,0.6,0.5,0.5,7.5,21.6,41.2,25.8,10.0,20.7,14.0,0.6,0.5,0.4,-10.8,5.6,64.8,20.4,10.0,45.9,14.0,0.6,0.5,0.4,17.8,27.0,43.8,31.5,10.0,19.5,14.0,0.6,0.5,0.4,-29.8,2.4,53.1,13.4,10.0,44.4,14.0,0.6,0.5,0.4,1.3,7.0,21.4,9.8,9.0,9.8,16.0,0.6,0.5,0.5,-13.7,-5.9,2.8,-5.3,9.0,8.7,16.0,0.6,0.5,0.5,804.5,1752.0,4779.5,2496.0,10.0,2040.0,14.0,0.6,0.5,0.4,805.0,1750.0,4780.0,2495.0,10.0,2040.0,14.0,0.6,0.5,0.4
1974,2,210.0,53.0,3.0,4.0,4.5,3.83,12.0,1.07,12.0,0.3,0.5,0.4,-2.0,2.0,5.1,2.15,11.0,3.56,12.0,0.2,0.4,0.5,3.45,3.91,5.06,4.13,10.0,0.91,12.0,0.2,0.4,0.4,83.2,92.2,100.0,89.1,10.0,13.1,12.0,0.2,0.4,7.67,12.9,16.5,12.81,15.0,5.44,14.0,0.3,0.5,0.5,-1.59,8.92,16.44,7.46,15.0,9.5,14.0,0.3,0.5,0.5,-3.8,0.99,10.19,2.0,15.0,7.15,14.0,0.3,0.5,0.5,984.29,999.0,1007.48,998.55,15.0,11.48,14.0,0.3,0.5,0.5,6.4,8.0,8.0,7.1,10.0,1.6,16.0,0.4,0.5,0.6,-18.8,91.9,271.3,129.5,15.0,172.8,14.0,0.3,0.5,0.5,-67.8,4.3,118.5,15.3,15.0,109.7,14.0,0.3,0.5,0.5,-2.1,0.45,1.89,0.15,8.0,3.41,10.0,0.3,0.5,0.3,-30.8,3.7,11.3,-3.2,8.0,42.0,10.0,0.3,0.5,0.3,-0.26,0.73,1.03,0.65,8.0,0.77,10.0,0.3,0.5,0.3,-3.2,5.1,13.3,6.2,8.0,9.1,10.0,0.3,0.5,0.3,-26.1,-10.5,10.3,-5.3,11.0,23.6,12.0,0.2,0.4,0.5,1.2,7.7,66.4,28.2,11.0,38.6,12.0,0.2,0.4,0.5,-17.5,3.5,40.6,10.1,10.0,28.2,12.0,0.2,0.4,0.4,-2.7,14.0,56.8,23.5,10.0,30.1,12.0,0.2,0.4,0.4,-5.2,0.4,3.7,2.0,8.0,8.8,10.0,0.3,0.5,0.3,-5.1,1.6,2.7,0.6,8.0,6.7,10.0,0.3,0.5,0.3,469.0,2146.5,4492.0,3162.0,15.0,3395.5,14.0,0.3,0.5,0.5,470.0,2145.0,4490.0,3160.0,15.0,3395.0,14.0,0.3,0.5,0.5
1974,2,210.0,54.0,2.63,3.4,4.48,3.56,5.0,1.29,12.0,0.4,0.7,0.3,-2.07,2.5,5.34,1.81,10.0,3.69,14.0,0.5,0.6,0.4,3.17,5.17,5.43,4.59,6.0,1.13,10.0,0.5,0.7,0.4,92.0,94.3,100.0,95.1,6.0,4.3,10.0,0.5,0.4,5.1,8.5,17.32,10.52,10.0,6.55,14.0,0.5,0.6,0.4,-0.39,2.62,15.91,5.9,10.0,8.66,14.0,0.5,0.6,0.4,-7.19,3.1,4.98,-0.26,10.0,7.23,14.0,0.5,0.6,0.4,983.26,1002.25,1010.99,997.4,10.0,13.67,14.0,0.5,0.6,0.4,7.0,8.0,8.0,7.2,6.0,2.0,18.0,0.7,0.6,0.5,-4.0,16.6,287.7,102.6,10.0,164.9,14.0,0.5,0.6,0.4,-99.4,20.5,50.4,-29.9,10.0,125.0,14.0,0.5,0.6,0.4,-2.49,-0.5,4.72,0.78,5.0,3.79,12.0,0.4,0.7,0.3,-15.9,-2.5,98.7,34.2,5.0,63.8,12.0,0.4,0.7,0.3,-0.61,-0.17,1.0,0.18,4.0,1.09,10.0,0.5,0.7,0.2,-3.9,-1.0,18.0,6.7,4.0,17.9,10.0,0.5,0.7,0.2,-24.8,7.9,17.8,4.7,10.0,29.1,14.0,0.5,0.6,0.4,-6.9,13.9,27.8,11.4,10.0,18.3,14.0,0.5,0.6,0.4,-1.5,13.5,60.5,22.8,6.0,36.3,10.0,0.5,0.7,0.4,7.5,24.4,29.4,18.2,6.0,20.7,10.0,0.5,0.7,0.4,-1.6,-0.7,16.4,7.1,4.0,16.1,10.0,0.5,0.7,0.2,-7.9,-3.5,-0.7,-4.3,4.0,5.2,10.0,0.5,0.7,0.2,132.5,630.5,5518.0,2583.0,10.0,4101.5,14.0,0.5,0.6,0.4,135.0,630.0,5520.0,2585.0,10.0,4100.0,14.0,0.5,0.6,0.4
1974,2,210.0,55.0,3.45,4.7,5.05,4.46,7.0,1.13,18.0,0.4,0.6,0.5,-2.02,1.5,3.34,0.95,6.0,2.65,18.0,0.5,0.6,0.5,4.17,4.17,4.17,4.17,1.0,0.0,28.0,0.0,0.8,0.7,84.9,84.9,84.9,84.9,1.0,0.0,28.0,0.0,0.7,8.02,11.0,16.77,11.85,8.0,4.7,18.0,0.4,0.5,0.6,3.22,8.43,12.12,8.38,8.0,5.31,18.0,0.4,0.5,0.6,-9.3,-6.39,2.17,-4.7,8.0,6.98,18.0,0.4,0.5,0.6,982.26,983.9,991.28,985.86,8.0,7.58,18.0,0.4,0.5,0.6,6.1,8.0,8.0,7.4,8.0,0.9,18.0,0.4,0.5,0.6,25.9,92.7,225.2,119.0,8.0,101.1,18.0,0.4,0.5,0.6,-135.5,-55.7,41.0,-66.3,8.0,108.3,18.0,0.4,0.5,0.6,1.29,2.5,6.72,3.42,6.0,2.69,18.0,0.5,0.6,0.5,10.6,30.9,73.9,37.8,6.0,31.9,18.0,0.5,0.6,0.5,1.69,1.69,1.69,1.69,1.0,0.0,28.0,0.0,0.8,0.7,9.6,9.6,9.6,9.6,1.0,0.0,28.0,0.0,0.8,0.7,-17.0,0.0,11.4,-0.5,6.0,15.6,18.0,0.5,0.6,0.5,-14.9,7.1,16.4,3.0,6.0,17.1,18.0,0.5,0.6,0.5,0.0,0.0,0.0,0.0,1.0,0.0,28.0,0.0,0.8,0.7,-23.8,-23.8,-23.8,-23.8,1.0,0.0,28.0,0.0,0.8,0.7,0.0,0.0,0.0,0.0,1.0,0.0,28.0,0.0,0.8,0.7,-9.6,-9.6,-9.6,-9.6,1.0,0.0,28.0,0.0,0.8,0.7,516.5,1331.0,4735.0,2374.0,8.0,2425.5,18.0,0.4,0.5,0.6,515.0,1330.0,4735.0,2375.0,8.0,2425.0,18.0,0.4,0.5,0.6
1974,2,210.0,56.0,2.69,3.4,4.73,3.74,5.0,1.39,20.0,0.4,0.7,0.4,-1.81,-1.0,-0.32,-1.1,5.0,1.02,20.0,0.4,0.7,0.4,2.91,3.0,3.1,3.0,2.0,0.2,18.0,0.0,0.8,0.5,78.5,79.9,81.4,79.9,2.0,3.0,18.0,0.0,0.5,7.99,17.0,19.13,14.22,5.0,6.44,20.0,0.4,0.7,0.4,0.0,5.7,12.39,6.37,5.0,6.78,20.0,0.4,0.7,0.4,-17.46,-9.3,-5.71,-10.71,5.0,7.35,20.0,0.4,0.7,0.4,986.6,987.5,999.41,992.1,5.0,7.24,20.0,0.4,0.7,0.4,8.0,8.0,8.0,8.0,4.0,0.0,18.0,0.5,0.7,0.2,0.0,32.5,243.8,107.1,5.0,134.1,20.0,0.4,0.7,0.4,-324.3,-162.0,-54.9,-184.6,5.0,154.5,20.0,0.4,0.7,0.4,3.75,4.1,6.26,4.84,5.0,1.42,20.0,0.4,0.7,0.4,35.5,63.0,95.9,68.9,5.0,43.5,20.0,0.4,0.7,0.4,2.13,2.37,2.61,2.37,2.0,0.51,18.0,0.0,0.8,0.5,16.1,17.1,18.2,17.1,2.0,2.2,18.0,0.0,0.8,0.5,-20.3,0.0,0.0,-8.8,5.0,12.9,20.0,0.4,0.7,0.4,3.0,9.0,32.0,17.0,5.0,19.9,20.0,0.4,0.7,0.4,2.8,9.0,15.1,9.0,2.0,12.7,18.0,0.0,0.8,0.5,-22.4,-13.3,-4.2,-13.3,2.0,18.8,18.0,0.0,0.8,0.5,2.5,7.8,13.1,7.8,2.0,11.0,18.0,0.0,0.8,0.5,-15.7,-9.4,-3.0,-9.4,2.0,13.2,18.0,0.0,0.8,0.5,578.0,4913.0,7133.0,4225.5,5.0,3801.0,20.0,0.4,0.7,0.4,580.0,4915.0,7135.0,4225.0,5.0,3800.0,20.0,0.4,0.7,0.4
1974,2,210.0,57.0,3.21,3.55,5.01,4.13,8.0,1.35,14.0,0.3,0.6,0.6,0.75,2.0,4.43,1.76,7.0,3.05,14.0,0.3,0.5,0.6,3.51,4.39,4.43,3.98,3.0,0.76,10.0,0.3,0.5,0.6,75.7,83.8,90.6,83.2,3.0,10.9,10.0,0.3,0.6,7.76,9.65,14.83,10.49,8.0,4.23,14.0,0.3,0.5,0.6,-3.12,2.57,8.78,3.45,8.0,7.46,14.0,0.3,0.5,0.6,-9.05,-5.65,5.91,-3.63,8.0,7.7,14.0,0.3,0.5,0.6,982.94,991.9,997.79,990.71,9.0,7.41,14.0,0.2,0.5,0.6,7.0,8.0,8.0,7.1,9.0,2.0,14.0,0.2,0.5,0.6,-28.5,21.4,115.6,58.1,8.0,115.0,14.0,0.3,0.5,0.6,-108.9,-52.3,46.9,-50.2,8.0,91.7,14.0,0.3,0.5,0.6,1.47,2.0,3.3,2.5,7.0,2.52,14.0,0.3,0.5,0.6,6.2,16.7,33.3,21.8,6.0,27.3,12.0,0.3,0.5,0.6,0.59,0.85,1.5,1.04,3.0,0.69,10.0,0.3,0.5,0.6,5.0,7.9,15.2,10.0,3.0,7.7,10.0,0.3,0.5,0.6,-12.2,-6.9,9.5,-3.0,6.0,11.4,12.0,0.3,0.5,0.6,-11.0,8.7,33.6,9.7,6.0,25.6,12.0,0.3,0.5,0.6,-13.3,-11.7,15.2,0.7,3.0,23.4,10.0,0.3,0.5,0.6,-0.7,32.1,36.4,18.2,3.0,29.8,10.0,0.3,0.5,0.6,-2.2,-1.2,10.6,4.0,3.0,10.4,10.0,0.3,0.5,0.6,-5.3,3.4,6.2,0.5,3.0,8.7,10.0,0.3,0.5,0.6,467.0,902.0,3368.5,1689.5,8.0,1996.0,14.0,0.3,0.5,0.6,465.0,900.0,3370.0,1690.0,8.0,1995.0,14.0,0.3,0.5,0.6
1974,2,210.0,58.0,2.3,3.3,4.4,3.38,17.0,1.03,18.0,0.5,0.7,0.4,-1.06,2.5,2.89,1.21,17.0,2.78,18.0,0.5,0.7,0.4,3.22,4.17,4.48,3.92,12.0,0.63,16.0,0.4,0.7,0.4,83.4,90.9,100.0,91.0,12.0,9.0,16.0,0.4,0.4,5.69,10.8,16.6,11.22,17.0,5.66,18.0,0.5,0.7,0.4,-9.95,-3.91,15.58,0.6,17.0,11.37,18.0,0.5,0.7,0.4,-6.69,-3.52,2.24,-3.43,17.0,4.85,18.0,0.5,0.7,0.4,977.61,996.3,1004.61,992.79,17.0,12.6,18.0,0.5,0.7,0.4,5.8,8.0,8.0,6.9,13.0,1.9,20.0,0.5,0.7,0.4,-110.1,-19.9,267.2,39.6,17.0,190.5,18.0,0.5,0.7,0.4,-127.8,-36.3,20.3,-48.2,17.0,82.3,18.0,0.5,0.7,0.4,0.27,1.6,3.93,2.16,17.0,2.59,18.0,0.5,0.7,0.4,1.4,12.3,41.4,25.2,17.0,41.6,18.0,0.5,0.7,0.4,0.41,0.95,1.58,1.01,12.0,0.65,16.0,0.4,0.7,0.4,5.5,8.9,25.9,13.4,12.0,12.1,16.0,0.4,0.7,0.4,-37.1,-16.5,6.7,-11.6,17.0,34.7,18.0,0.5,0.7,0.4,-15.6,-5.6,6.2,-4.8,17.0,13.2,18.0,0.5,0.7,0.4,-38.9,-15.9,58.0,3.1,12.0,48.7,16.0,0.4,0.7,0.4,-32.0,-18.6,9.0,-16.1,12.0,19.2,16.0,0.4,0.7,0.4,-6.7,-0.4,16.6,4.7,12.0,15.1,16.0,0.4,0.7,0.4,-8.3,-4.3,0.1,-5.2,12.0,7.9,16.0,0.4,0.7,0.4,189.5,1259.5,4656.5,2509.0,17.0,3309.5,18.0,0.5,0.7,0.4,190.0,1260.0,4655.0,2510.0,17.0,3310.0,18.0,0.5,0.7,0.4
1974,2,210.0,59.0,4.07,4.45,4.83,4.45,2.0,0.78,10.0,0.5,0.3,0.3,-0.91,0.8,2.51,0.8,2.0,3.54,10.0,0.5,0.3,0.3,3.43,3.43,3.43,3.43,1.0,0.0,12.0,1.0,0.1,0.4,100.0,100.0,100.0,100.0,1.0,0.0,12.0,1.0,0.4,8.11,9.0,9.89,9.0,2.0,1.84,10.0,0.5,0.3,0.3,-9.2,-8.17,-7.15,-8.17,2.0,2.13,10.0,0.5,0.3,0.3,-2.68,-0.16,2.35,-0.16,2.0,5.21,10.0,0.5,0.3,0.3,989.05,997.75,1006.45,997.75,2.0,18.03,10.0,0.5,0.3,0.3,8.0,8.0,8.0,8.0,2.0,0.0,10.0,0.5,0.3,0.3,-92.0,-75.5,-59.0,-75.5,2.0,34.2,10.0,0.5,0.3,0.3,-19.2,3.3,25.8,3.3,2.0,46.6,10.0,0.5,0.3,0.3,2.32,3.65,4.98,3.65,2.0,2.76,10.0,0.5,0.3,0.3,21.6,30.3,39.1,30.3,2.0,18.1,10.0,0.5,0.3,0.3,1.71,1.71,1.71,1.71,1.0,0.0,12.0,1.0,0.1,0.4,13.1,13.1,13.1,13.1,1.0,0.0,12.0,1.0,0.1,0.4,-25.1,-10.3,4.5,-10.3,2.0,30.6,10.0,0.5,0.3,0.3,7.4,9.1,10.8,9.1,2.0,3.6,10.0,0.5,0.3,0.3,-22.9,-22.9,-22.9,-22.9,1.0,0.0,12.0,1.0,0.1,0.4,-13.2,-13.2,-13.2,-13.2,1.0,0.0,12.0,1.0,0.1,0.4,-11.4,-11.4,-11.4,-11.4,1.0,0.0,12.0,1.0,0.1,0.4,-6.6,-6.6,-6.6,-6.6,1.0,0.0,12.0,1.0,0.1,0.4,557.5,774.5,992.0,774.5,2.0,450.0,10.0,0.5,0.3,0.3,555.0,775.0,990.0,775.0,2.0,450.0,10.0,0.5,0.3,0.3
1974,2,211.0,-67.0,0.5,0.5,0.5,0.5,1.0,0.0,22.0,1.0,0.5,0.6,1.2,1.2,1.2,1.2,1.0,0.0,22.0,1.0,0.5,0.6,3.74,3.74,3.74,3.74,1.0,0.0,22.0,1.0,0.5,0.6,87.8,87.8,87.8,87.8,1.0,0.0,22.0,1.0,0.6,12.9,12.9,12.9,12.9,1.0,0.0,22.0,1.0,0.5,0.6,12.7,12.7,12.7,12.7,1.0,0.0,22.0,1.0,0.5,0.6,2.24,2.24,2.24,2.24,1.0,0.0,22.0,1.0,0.5,0.6,980.0,980.0,980.0,980.0,1.0,0.0,22.0,1.0,0.5,0.6,6.0,6.0,6.0,6.0,1.0,0.0,22.0,1.0,0.5,0.6,163.9,163.9,163.9,163.9,1.0,0.0,22.0,1.0,0.5,0.6,28.9,28.9,28.9,28.9,1.0,0.0,22.0,1.0,0.5,0.6,-0.7,-0.7,-0.7,-0.7,1.0,0.0,22.0,1.0,0.5,0.6,-9.0,-9.0,-9.0,-9.0,1.0,0.0,22.0,1.0,0.5,0.6,0.31,0.31,0.31,0.31,1.0,0.0,22.0,1.0,0.5,0.6,4.0,4.0,4.0,4.0,1.0,0.0,22.0,1.0,0.5,0.6,15.2,15.2,15.2,15.2,1.0,0.0,22.0,1.0,0.5,0.6,2.7,2.7,2.7,2.7,1.0,0.0,22.0,1.0,0.5,0.6,47.5,47.5,47.5,47.5,1.0,0.0,22.0,1.0,0.5,0.6,8.4,8.4,8.4,8.4,1.0,0.0,22.0,1.0,0.5,0.6,4.0,4.0,4.0,4.0,1.0,0.0,22.0,1.0,0.5,0.6,0.7,0.7,0.7,0.7,1.0,0.0,22.0,1.0,0.5,0.6,2146.5,2146.5,2146.5,2146.5,1.0,0.0,22.0,1.0,0.5,0.6,2145.0,2145.0,2145.0,2145.0,1.0,0.0,22.0,1.0,0.5,0.6
1974,2,211.0,-62.0,1.13,1.2,1.2,1.17,3.0,0.06,14.0,0.7,0.3,1.0,1.15,1.7,1.77,1.47,3.0,0.49,14.0,0.7,0.3,1.0,3.16,3.4,3.49,3.33,3.0,0.25,14.0,0.7,0.3,1.0,73.1,78.7,81.5,77.3,3.0,6.3,14.0,0.7,1.0,10.96,11.3,12.73,11.83,3.0,1.38,14.0,0.7,0.3,1.0,3.98,4.58,6.41,5.18,3.0,1.86,14.0,0.7,0.3,1.0,9.13,10.15,11.82,10.47,3.0,1.99,14.0,0.7,0.3,1.0,979.27,993.4,996.95,988.23,3.0,13.7,14.0,0.7,0.3,1.0,3.3,4.0,6.0,4.7,3.0,2.1,14.0,0.7,0.3,1.0,46.7,61.4,75.5,61.1,3.0,21.1,14.0,0.7,0.3,1.0,101.6,109.6,150.0,125.4,3.0,38.0,14.0,0.7,0.3,1.0,-0.6,-0.6,0.01,-0.3,3.0,0.52,14.0,0.7,0.3,1.0,-6.7,-6.5,0.7,-3.1,3.0,6.2,14.0,0.7,0.3,1.0,0.78,0.8,1.01,0.89,3.0,0.18,14.0,0.7,0.3,1.0,9.1,10.7,11.9,10.5,3.0,2.1,14.0,0.7,0.3,1.0,4.9,6.6,10.5,7.7,3.0,4.2,14.0,0.7,0.3,1.0,12.4,14.7,17.1,14.8,3.0,3.5,14.0,0.7,0.3,1.0,13.8,15.6,20.1,16.9,3.0,4.7,14.0,0.7,0.3,1.0,29.4,35.8,40.6,35.0,3.0,8.2,14.0,0.7,0.3,1.0,3.1,3.7,6.6,4.8,3.0,2.8,14.0,0.7,0.3,1.0,8.3,9.5,9.9,9.1,3.0,1.2,14.0,0.7,0.3,1.0,1318.0,1443.0,2100.5,1703.0,3.0,616.0,14.0,0.7,0.3,1.0,1320.0,1445.0,2100.0,1705.0,3.0,615.0,14.0,0.7,0.3,1.0
1974,2,211.0,-61.0,1.03,1.1,1.17,1.1,2.0,0.14,14.0,0.0,0.8,0.3,0.53,0.8,1.07,0.8,2.0,0.57,14.0,0.0,0.8,0.3,3.33,3.36,3.39,3.36,2.0,0.07,14.0,0.0,0.8,0.3,80.3,81.2,82.2,81.2,2.0,2.0,14.0,0.0,0.3,10.2,11.05,11.9,11.05,2.0,1.77,14.0,0.0,0.8,0.3,-1.02,1.38,3.78,1.38,2.0,4.98,14.0,0.0,0.8,0.3,9.06,10.3,11.54,10.3,2.0,2.56,14.0,0.0,0.8,0.3,978.46,980.3,982.14,980.3,2.0,3.82,14.0,0.0,0.8,0.3,6.3,7.0,7.7,7.0,2.0,1.4,14.0,0.0,0.8,0.3,-14.5,10.9,36.2,10.9,2.0,52.5,14.0,0.0,0.8,0.3,93.6,116.1,138.5,116.1,2.0,46.5,14.0,0.0,0.8,0.3,0.1,0.3,0.5,0.3,2.0,0.42,14.0,0.0,0.8,0.3,1.2,3.7,6.2,3.7,2.0,5.2,14.0,0.0,0.8,0.3,0.87,0.87,0.87,0.87,2.0,0.01,14.0,0.0,0.8,0.3,8.8,9.6,10.4,9.6,2.0,1.6,14.0,0.0,0.8,0.3,0.2,2.5,4.8,2.5,2.0,4.8,14.0,0.0,0.8,0.3,5.7,7.5,9.3,7.5,2.0,3.8,14.0,0.0,0.8,0.3,-3.3,4.8,12.9,4.8,2.0,16.8,14.0,0.0,0.8,0.3,30.7,34.5,38.4,34.5,2.0,7.9,14.0,0.0,0.8,0.3,-0.9,1.2,3.3,1.2,2.0,4.3,14.0,0.0,0.8,0.3,7.8,9.0,10.1,9.0,2.0,2.3,14.0,0.0,0.8,0.3,1087.0,1401.0,1715.0,1401.0,2.0,650.5,14.0,0.0,0.8,0.3,1085.0,1400.0,1715.0,1400.0,2.0,650.0,14.0,0.0,0.8,0.3
1974,2,211.0,-60.0,1.22,1.25,1.28,1.25,2.0,0.07,6.0,0.0,0.6,0.4,1.8,1.8,1.8,1.8,2.0,0.0,6.0,0.0,0.6,0.4,3.99,3.99,3.99,3.99,2.0,0.0,6.0,0.0,0.6,0.4,89.8,89.8,89.8,89.8,2.0,0.0,6.0,0.0,0.4,8.28,8.45,8.62,8.45,2.0,0.35,6.0,0.0,0.6,0.4,8.09,8.13,8.16,8.13,2.0,0.07,6.0,0.0,0.6,0.4,-2.73,-2.2,-1.67,-2.2,2.0,1.1,6.0,0.0,0.6,0.4,980.17,980.55,980.93,980.55,2.0,0.78,6.0,0.0,0.6,0.4,8.0,8.0,8.0,8.0,2.0,0.0,6.0,0.0,0.6,0.4,67.0,68.7,70.3,68.7,2.0,3.5,6.0,0.0,0.6,0.4,-23.6,-18.8,-13.9,-18.8,2.0,10.0,6.0,0.0,0.6,0.4,-0.58,-0.55,-0.52,-0.55,2.0,0.07,6.0,0.0,0.6,0.4,-4.8,-4.6,-4.4,-4.6,2.0,0.4,6.0,0.0,0.6,0.4,0.27,0.28,0.29,0.28,2.0,0.02,6.0,0.0,0.6,0.4,2.3,2.4,2.5,2.4,2.0,0.3,6.0,0.0,0.6,0.4,14.6,14.6,14.7,14.6,2.0,0.1,6.0,0.0,0.6,0.4,-4.9,-4.0,-3.0,-4.0,2.0,2.0,6.0,0.0,0.6,0.4,32.3,32.4,32.5,32.4,2.0,0.3,6.0,0.0,0.6,0.4,-10.9,-8.8,-6.7,-8.8,2.0,4.4,6.0,0.0,0.6,0.4,2.2,2.3,2.4,2.3,2.0,0.2,6.0,0.0,0.6,0.4,-0.8,-0.6,-0.5,-0.6,2.0,0.4,6.0,0.0,0.6,0.4,568.5,605.0,641.5,605.0,2.0,76.0,6.0,0.0,0.6,0.4,570.0,605.0,640.0,605.0,2.0,75.0,6.0,0.0,0.6,0.4
1974,2,211.0,-59.0,0.99,1.2,1.36,1.18,4.0,0.29,28.0,0.3,0.4,0.6,2.12,3.05,3.5,2.83,4.0,0.9,28.0,0.3,0.4,0.6,4.28,4.59,4.72,4.5,4.0,0.29,28.0,0.3,0.4,0.6,95.8,96.5,96.5,96.2,4.0,0.7,28.0,0.3,0.6,10.54,11.85,14.47,12.48,4.0,2.55,28.0,0.3,0.4,0.6,9.51,11.14,12.15,10.84,4.0,1.59,28.0,0.3,0.4,0.6,-7.81,-4.78,-4.04,-5.87,4.0,2.96,28.0,0.3,0.4,0.6,998.95,1002.7,1006.98,1002.95,4.0,5.3,28.0,0.3,0.4,0.6,8.0,8.0,8.0,8.0,4.0,0.0,28.0,0.3,0.4,0.6,100.3,133.0,175.9,137.9,4.0,46.1,28.0,0.3,0.4,0.6,-112.2,-55.0,-46.2,-78.1,4.0,56.7,28.0,0.3,0.4,0.6,-2.16,-1.7,-1.13,-1.65,4.0,0.68,28.0,0.3,0.4,0.6,-30.6,-23.2,-12.0,-21.4,4.0,11.1,28.0,0.3,0.4,0.6,-0.5,-0.38,-0.19,-0.35,4.0,0.2,28.0,0.3,0.4,0.6,-7.1,-5.1,-2.1,-4.6,4.0,3.0,28.0,0.3,0.4,0.6,20.5,34.4,42.6,31.7,4.0,13.7,28.0,0.3,0.4,0.6,-25.8,-12.9,-9.1,-17.2,4.0,12.1,28.0,0.3,0.4,0.6,40.8,51.2,57.4,49.2,4.0,10.1,28.0,0.3,0.4,0.6,-35.4,-21.0,-18.5,-26.7,4.0,14.6,28.0,0.3,0.4,0.6,-6.0,-4.3,-1.9,-4.0,4.0,2.6,28.0,0.3,0.4,0.6,0.8,1.8,3.5,2.1,4.0,1.8,28.0,0.3,0.4,0.6,1172.0,1703.0,3128.0,2129.5,4.0,1342.0,28.0,0.3,0.4,0.6,1170.0,1705.0,3130.0,2130.0,4.0,1340.0,28.0,0.3,0.4,0.6
1974,2,211.0,-58.0,1.19,1.4,1.5,1.35,4.0,0.25,18.0,0.0,0.7,0.5,2.54,2.9,3.15,2.85,4.0,0.37,18.0,0.0,0.7,0.5,4.71,4.71,4.71,4.71,1.0,0.0,22.0,0.0,0.2,0.6,96.5,96.5,97.9,97.2,3.0,1.2,24.0,0.0,0.4,5.61,6.7,7.72,6.67,3.0,1.55,24.0,0.0,0.6,0.4,5.11,5.13,6.48,5.78,3.0,1.15,24.0,0.0,0.6,0.4,-4.24,-4.1,-1.3,-2.8,3.0,2.43,24.0,0.0,0.6,0.4,1000.5,1000.5,1000.5,1000.5,1.0,0.0,22.0,0.0,0.2,0.6,8.0,8.0,8.0,8.0,2.0,0.0,24.0,0.0,0.6,0.5,28.7,34.4,50.7,39.5,3.0,16.7,24.0,0.0,0.6,0.4,-32.1,-28.9,-9.2,-20.8,3.0,18.2,24.0,0.0,0.6,0.4,-1.87,-1.4,-1.14,-1.5,4.0,0.51,18.0,0.0,0.7,0.5,-10.5,-10.0,-6.7,-8.6,3.0,3.0,24.0,0.0,0.6,0.4,-0.42,-0.42,-0.42,-0.42,1.0,0.0,22.0,0.0,0.2,0.6,-2.8,-2.8,-2.8,-2.8,1.0,0.0,22.0,0.0,0.2,0.6,13.4,15.9,18.1,15.8,3.0,3.5,24.0,0.0,0.6,0.4,-12.6,-11.1,-3.5,-8.1,3.0,7.1,24.0,0.0,0.6,0.4,24.2,24.2,24.2,24.2,1.0,0.0,22.0,0.0,0.2,0.6,-20.3,-20.3,-20.3,-20.3,1.0,0.0,22.0,0.0,0.2,0.6,-2.1,-2.1,-2.1,-2.1,1.0,0.0,22.0,0.0,0.2,0.6,1.8,1.8,1.8,1.8,1.0,0.0,22.0,0.0,0.2,0.6,186.0,301.0,472.0,328.5,3.0,210.5,24.0,0.0,0.6,0.4,185.0,300.0,470.0,330.0,3.0,210.0,24.0,0.0,0.6,0.4
1974,2,211.0,-44.0,,,,,,,,,,,,,,,,,,,,,,,,,,,,,,,,,,,,,,,,16.0,16.0,16.0,16.0,1.0,0.0,6.0,1.0,0.8,0.2,8.0,8.0,8.0,8.0,1.0,0.0,6.0,1.0,0.8,0.2,-13.86,-13.86,-13.86,-13.86,1.0,0.0,6.0,1.0,0.8,0.2,1017.2,1017.2,1017.2,1017.2,1.0,0.0,6.0,1.0,0.8,0.2,,,,,,,,,,,,,,,,,,,,,,,,,,,,,,,,,,,,,,,,,,,,,,,,,,,,,,,,,,,,,,,,,,,,,,,,,,,,,,,,,,,,,,,,,,,,,,,,,,,,,,,,,,,,,,,,,,,,,,,,,,,,,,,,,,,,,,,,,,,,,,,,,,,,,,
1974,2,211.0,-43.0,16.7,16.7,16.7,16.7,1.0,0.0,20.0,0.0,0.7,1.0,14.2,14.2,14.2,14.2,1.0,0.0,20.0,0.0,0.7,1.0,7.65,7.65,7.65,7.65,1.0,0.0,20.0,0.0,0.7,1.0,77.4,77.4,77.4,77.4,1.0,0.0,20.0,0.0,1.0,4.6,4.6,4.6,4.6,1.0,0.0,20.0,0.0,0.7,1.0,-3.52,-3.52,-3.52,-3.52,1.0,0.0,20.0,0.0,0.7,1.0,2.96,2.96,2.96,2.96,1.0,0.0,20.0,0.0,0.7,1.0,1028.0,1028.0,1028.0,1028.0,1.0,0.0,20.0,0.0,0.7,1.0,6.0,6.0,6.0,6.0,1.0,0.0,20.0,0.0,0.7,1.0,-16.2,-16.2,-16.2,-16.2,1.0,0.0,20.0,0.0,0.7,1.0,13.6,13.6,13.6,13.6,1.0,0.0,20.0,0.0,0.7,1.0,2.5,2.5,2.5,2.5,1.0,0.0,20.0,0.0,0.7,1.0,11.5,11.5,11.5,11.5,1.0,0.0,20.0,0.0,0.7,1.0,3.98,3.98,3.98,3.98,1.0,0.0,20.0,0.0,0.7,1.0,18.3,18.3,18.3,18.3,1.0,0.0,20.0,0.0,0.7,1.0,-50.0,-50.0,-50.0,-50.0,1.0,0.0,20.0,0.0,0.7,1.0,42.0,42.0,42.0,42.0,1.0,0.0,20.0,0.0,0.7,1.0,-26.9,-26.9,-26.9,-26.9,1.0,0.0,20.0,0.0,0.7,1.0,22.6,22.6,22.6,22.6,1.0,0.0,20.0,0.0,0.7,1.0,-14.0,-14.0,-14.0,-14.0,1.0,0.0,20.0,0.0,0.7,1.0,11.8,11.8,11.8,11.8,1.0,0.0,20.0,0.0,0.7,1.0,97.5,97.5,97.5,97.5,1.0,0.0,20.0,0.0,0.7,1.0,95.0,95.0,95.0,95.0,1.0,0.0,20.0,0.0,0.7,1.0
1974,2,211.0,-40.0,17.3,17.5,17.7,17.5,2.0,0.42,16.0,0.5,0.7,0.8,18.32,18.35,18.38,18.35,2.0,0.07,16.0,0.5,0.7,0.8,7.02,8.07,9.13,8.07,2.0,2.18,16.0,0.5,0.7,0.8,53.9,62.3,70.6,62.3,2.0,17.3,16.0,0.5,0.8,3.24,5.7,8.16,5.7,2.0,5.09,16.0,0.5,0.7,0.8,0.21,0.67,1.14,0.67,2.0,0.95,16.0,0.5,0.7,0.8,2.83,5.45,8.08,5.45,2.0,5.44,16.0,0.5,0.7,0.8,1017.29,1020.05,1022.81,1020.05,2.0,5.73,16.0,0.5,0.7,0.8,6.3,7.0,7.7,7.0,2.0,1.4,16.0,0.5,0.7,0.8,0.4,1.4,2.4,1.4,2.0,2.0,16.0,0.5,0.7,0.8,16.6,44.9,73.3,44.9,2.0,58.8,16.0,0.5,0.7,0.8,-1.09,-0.85,-0.61,-0.85,2.0,0.49,16.0,0.5,0.7,0.8,-9.6,-6.1,-2.7,-6.1,2.0,7.1,16.0,0.5,0.7,0.8,3.34,4.26,5.19,4.26,2.0,1.92,16.0,0.5,0.7,0.8,13.4,29.2,44.9,29.2,2.0,32.6,16.0,0.5,0.7,0.8,3.9,12.4,20.8,12.4,2.0,17.5,16.0,0.5,0.7,0.8,51.9,100.3,148.6,100.3,2.0,100.2,16.0,0.5,0.7,0.8,2.1,6.5,10.9,6.5,2.0,9.2,16.0,0.5,0.7,0.8,22.7,38.1,53.6,38.1,2.0,32.0,16.0,0.5,0.7,0.8,0.6,2.0,3.3,2.0,2.0,2.8,16.0,0.5,0.7,0.8,12.2,28.5,44.7,28.5,2.0,33.6,16.0,0.5,0.7,0.8,135.5,407.0,678.0,407.0,2.0,562.0,16.0,0.5,0.7,0.8,135.0,405.0,680.0,405.0,2.0,560.0,16.0,0.5,0.7,0.8
1974,2,211.0,-38.0,18.72,19.4,20.08,19.4,2.0,1.41,10.0,1.0,0.7,0.5,17.1,17.95,18.8,17.95,2.0,1.77,10.0,1.0,0.7,0.5,7.88,8.59,9.31,8.59,2.0,1.48,10.0,1.0,0.7,0.5,65.2,67.3,69.5,67.3,2.0,4.4,10.0,1.0,0.5,2.84,3.35,3.86,3.35,2.0,1.06,10.0,1.0,0.7,0.5,2.7,3.24,3.78,3.24,2.0,1.13,10.0,1.0,0.7,0.5,-0.46,0.09,0.64,0.09,2.0,1.13,10.0,1.0,0.7,0.5,1015.56,1017.85,1020.14,1017.85,2.0,4.74,10.0,1.0,0.7,0.5,6.2,6.5,6.8,6.5,2.0,0.7,10.0,1.0,0.7,0.5,8.0,11.5,14.9,11.5,2.0,7.2,10.0,1.0,0.7,0.5,-2.1,-0.3,1.5,-0.3,2.0,3.7,10.0,1.0,0.7,0.5,1.28,1.45,1.62,1.45,2.0,0.35,10.0,1.0,0.7,0.5,3.7,5.0,6.4,5.0,2.0,2.7,10.0,1.0,0.7,0.5,5.22,5.37,5.52,5.37,2.0,0.31,10.0,1.0,0.7,0.5,14.9,18.2,21.4,18.2,2.0,6.7,10.0,1.0,0.7,0.5,50.2,57.2,64.2,57.2,2.0,14.5,10.0,1.0,0.7,0.5,-7.3,2.6,12.5,2.6,2.0,20.5,10.0,1.0,0.7,0.5,24.7,27.0,29.4,27.0,2.0,4.9,10.0,1.0,0.7,0.5,-3.2,1.6,6.4,1.6,2.0,9.9,10.0,1.0,0.7,0.5,14.2,17.6,21.0,17.6,2.0,7.1,10.0,1.0,0.7,0.5,-2.6,0.3,3.2,0.3,2.0,6.1,10.0,1.0,0.7,0.5,25.5,43.0,61.0,43.0,2.0,36.5,10.0,1.0,0.7,0.5,25.0,45.0,60.0,45.0,2.0,35.0,10.0,1.0,0.7,0.5
1974,2,211.0,-36.0,21.1,21.1,21.1,21.1,1.0,0.0,28.0,0.0,0.7,0.7,18.82,19.5,20.18,19.5,2.0,1.41,22.0,0.5,0.6,0.5,9.74,11.14,12.54,11.14,2.0,2.9,22.0,0.5,0.6,0.5,72.5,79.1,85.8,79.1,2.0,13.8,22.0,0.5,0.5,5.51,6.4,7.29,6.4,2.0,1.84,22.0,0.5,0.6,0.5,-6.52,-4.23,-1.95,-4.23,2.0,4.74,22.0,0.5,0.6,0.5,1.92,3.18,4.44,3.18,2.0,2.61,22.0,0.5,0.6,0.5,1021.42,1022.1,1022.78,1022.1,2.0,1.41,22.0,0.5,0.6,0.5,6.3,7.0,7.7,7.0,2.0,1.4,22.0,0.5,0.6,0.5,-49.8,-31.5,-13.1,-31.5,2.0,38.1,22.0,0.5,0.6,0.5,12.7,18.0,23.2,18.0,2.0,10.8,22.0,0.5,0.6,0.5,2.6,2.6,2.6,2.6,1.0,0.0,28.0,0.0,0.7,0.7,13.3,13.3,13.3,13.3,1.0,0.0,28.0,0.0,0.7,0.7,6.36,6.36,6.36,6.36,1.0,0.0,28.0,0.0,0.7,0.7,32.4,32.4,32.4,32.4,1.0,0.0,28.0,0.0,0.7,0.7,-133.4,-85.9,-38.5,-85.9,2.0,98.3,22.0,0.5,0.6,0.5,37.8,60.2,82.5,60.2,2.0,46.3,22.0,0.5,0.6,0.5,-85.4,-54.0,-22.6,-54.0,2.0,65.0,22.0,0.5,0.6,0.5,22.1,31.6,41.2,31.6,2.0,19.8,22.0,0.5,0.6,0.5,-5.6,-5.6,-5.6,-5.6,1.0,0.0,28.0,0.0,0.7,0.7,31.9,31.9,31.9,31.9,1.0,0.0,28.0,0.0,0.7,0.7,184.0,294.5,405.0,294.5,2.0,229.0,22.0,0.5,0.6,0.5,185.0,295.0,405.0,295.0,2.0,230.0,22.0,0.5,0.6,0.5
1974,2,211.0,-33.0,24.0,24.0,24.0,24.0,1.0,0.0,12.0,0.0,0.1,0.6,22.16,22.5,22.84,22.5,2.0,0.71,20.0,0.5,0.4,0.5,12.72,12.72,12.72,12.72,1.0,0.0,12.0,0.0,0.1,0.6,73.4,73.4,73.4,73.4,1.0,0.0,12.0,0.0,0.6,3.25,4.65,6.05,4.65,2.0,2.9,20.0,0.5,0.4,0.5,-3.62,-2.15,-0.68,-2.15,2.0,3.05,20.0,0.5,0.4,0.5,3.0,3.87,4.73,3.87,2.0,1.79,20.0,0.5,0.4,0.5,1022.27,1024.35,1026.43,1024.35,2.0,4.31,20.0,0.5,0.4,0.5,4.5,5.5,6.5,5.5,2.0,2.1,20.0,0.5,0.4,0.5,-24.3,-14.4,-4.6,-14.4,2.0,20.4,20.0,0.5,0.4,0.5,11.1,20.6,30.0,20.6,2.0,19.5,20.0,0.5,0.4,0.5,1.0,1.0,1.0,1.0,1.0,0.0,12.0,0.0,0.1,0.6,6.7,6.7,6.7,6.7,1.0,0.0,12.0,0.0,0.1,0.6,5.74,5.74,5.74,5.74,1.0,0.0,12.0,0.0,0.1,0.6,38.5,38.5,38.5,38.5,1.0,0.0,12.0,0.0,0.1,0.6,-83.3,-49.5,-15.7,-49.5,2.0,70.0,20.0,0.5,0.4,0.5,66.9,87.6,108.4,87.6,2.0,43.0,20.0,0.5,0.4,0.5,-54.8,-54.8,-54.8,-54.8,1.0,0.0,12.0,0.0,0.1,0.6,65.3,65.3,65.3,65.3,1.0,0.0,12.0,0.0,0.1,0.6,-24.7,-24.7,-24.7,-24.7,1.0,0.0,12.0,0.0,0.1,0.6,29.5,29.5,29.5,29.5,1.0,0.0,12.0,0.0,0.1,0.6,62.5,159.0,256.0,159.0,2.0,200.0,20.0,0.5,0.4,0.5,65.0,160.0,255.0,160.0,2.0,200.0,20.0,0.5,0.4,0.5
1974,2,211.0,-32.0,23.62,25.6,25.87,24.77,3.0,1.8,18.0,1.0,0.7,0.6,23.32,24.25,24.76,24.05,4.0,0.99,16.0,1.0,0.6,0.7,14.56,16.31,18.2,16.38,4.0,2.19,16.0,1.0,0.6,0.7,82.2,87.1,94.0,88.1,4.0,6.9,16.0,1.0,0.7,3.55,4.85,7.3,5.4,4.0,2.82,16.0,1.0,0.6,0.7,-6.12,-3.27,-1.68,-3.87,4.0,3.06,16.0,1.0,0.6,0.7,-2.85,0.92,3.53,0.37,4.0,4.16,16.0,1.0,0.6,0.7,1017.93,1019.9,1021.5,1019.73,4.0,2.08,16.0,1.0,0.6,0.7,3.5,5.0,6.5,5.0,4.0,1.8,16.0,1.0,0.6,0.7,-48.0,-12.5,-5.5,-26.1,4.0,33.1,16.0,1.0,0.6,0.7,-14.0,4.7,27.7,6.8,4.0,28.6,16.0,1.0,0.6,0.7,0.19,0.6,1.56,0.87,3.0,1.03,18.0,1.0,0.7,0.6,1.0,3.1,13.7,7.2,3.0,10.0,18.0,1.0,0.7,0.6,2.03,3.08,4.85,3.43,3.0,2.09,18.0,1.0,0.7,0.6,9.9,14.2,40.5,24.9,3.0,24.3,18.0,1.0,0.7,0.6,-144.3,-76.6,-41.5,-92.1,4.0,73.0,16.0,1.0,0.6,0.7,-71.0,20.6,83.3,6.8,4.0,101.5,16.0,1.0,0.6,0.7,-90.6,-50.3,-30.1,-59.8,4.0,44.7,16.0,1.0,0.6,0.7,-53.4,12.2,52.3,0.0,4.0,70.8,16.0,1.0,0.6,0.7,-35.1,-12.3,-4.8,-19.8,3.0,23.1,18.0,1.0,0.7,0.6,-3.0,7.1,20.2,8.6,3.0,17.1,18.0,1.0,0.7,0.6,55.5,115.0,484.5,263.0,4.0,364.0,16.0,1.0,0.6,0.7,55.0,115.0,485.0,265.0,4.0,365.0,16.0,1.0,0.6,0.7
1974,2,211.0,-29.0,26.7,26.7,26.7,26.7,1.0,0.0,24.0,0.0,0.6,0.4,25.4,25.4,25.4,25.4,1.0,0.0,24.0,0.0,0.6,0.4,17.17,17.17,17.17,17.17,1.0,0.0,24.0,0.0,0.6,0.4,85.0,85.0,85.0,85.0,1.0,0.0,24.0,0.0,0.4,5.1,5.1,5.1,5.1,1.0,0.0,24.0,0.0,0.6,0.4,-3.28,-3.28,-3.28,-3.28,1.0,0.0,24.0,0.0,0.6,0.4,-3.91,-3.91,-3.91,-3.91,1.0,0.0,24.0,0.0,0.6,0.4,1014.5,1014.5,1014.5,1014.5,1.0,0.0,24.0,0.0,0.6,0.4,3.0,3.0,3.0,3.0,1.0,0.0,24.0,0.0,0.6,0.4,-16.7,-16.7,-16.7,-16.7,1.0,0.0,24.0,0.0,0.6,0.4,-19.9,-19.9,-19.9,-19.9,1.0,0.0,24.0,0.0,0.6,0.4,1.3,1.3,1.3,1.3,1.0,0.0,24.0,0.0,0.6,0.4,6.6,6.6,6.6,6.6,1.0,0.0,24.0,0.0,0.6,0.4,4.7,4.7,4.7,4.7,1.0,0.0,24.0,0.0,0.6,0.4,24.0,24.0,24.0,24.0,1.0,0.0,24.0,0.0,0.6,0.4,-83.3,-83.3,-83.3,-83.3,1.0,0.0,24.0,0.0,0.6,0.4,-99.2,-99.2,-99.2,-99.2,1.0,0.0,24.0,0.0,0.6,0.4,-56.3,-56.3,-56.3,-56.3,1.0,0.0,24.0,0.0,0.6,0.4,-67.1,-67.1,-67.1,-67.1,1.0,0.0,24.0,0.0,0.6,0.4,-15.4,-15.4,-15.4,-15.4,1.0,0.0,24.0,0.0,0.6,0.4,-18.4,-18.4,-18.4,-18.4,1.0,0.0,24.0,0.0,0.6,0.4,132.5,132.5,132.5,132.5,1.0,0.0,24.0,0.0,0.6,0.4,135.0,135.0,135.0,135.0,1.0,0.0,24.0,0.0,0.6,0.4
1974,2,211.0,-28.0,,,,,,,,,,,,,,,,,,,,,,,,,,,,,,,,,,,,,,,,5.1,5.1,5.1,5.1,1.0,0.0,22.0,1.0,0.4,0.4,-2.55,-2.55,-2.55,-2.55,1.0,0.0,22.0,1.0,0.4,0.4,-4.42,-4.42,-4.42,-4.42,1.0,0.0,22.0,1.0,0.4,0.4,1018.9,1018.9,1018.9,1018.9,1.0,0.0,22.0,1.0,0.4,0.4,,,,,,,,,,,,,,,,,,,,,,,,,,,,,,,,,,,,,,,,,,,,,,,,,,,,,,,,,,,,,,,,,,,,,,,,,,,,,,,,,,,,,,,,,,,,,,,,,,,,,,,,,,,,,,,,,,,,,,,,,,,,,,,,,,,,,,,,,,,,,,,,,,,,,,
1974,2,211.0,-26.0,27.2,27.2,27.2,27.2,1.0,0.0,22.0,0.0,0.1,0.4,26.2,26.2,26.2,26.2,1.0,0.0,22.0,0.0,0.1,0.4,17.99,17.99,17.99,17.99,1.0,0.0,22.0,0.0,0.1,0.4,85.1,85.1,85.1,85.1,1.0,0.0,22.0,0.0,0.4,5.1,5.1,5.1,5.1,1.0,0.0,22.0,0.0,0.1,0.4,-4.42,-4.42,-4.42,-4.42,1.0,0.0,22.0,0.0,0.1,0.4,-2.55,-2.55,-2.55,-2.55,1.0,0.0,22.0,0.0,0.1,0.4,1016.5,1016.5,1016.5,1016.5,1.0,0.0,22.0,0.0,0.1,0.4,0.0,0.0,0.0,0.0,1.0,0.0,22.0,0.0,0.1,0.4,-22.5,-22.5,-22.5,-22.5,1.0,0.0,22.0,0.0,0.1,0.4,-13.0,-13.0,-13.0,-13.0,1.0,0.0,22.0,0.0,0.1,0.4,1.0,1.0,1.0,1.0,1.0,0.0,22.0,0.0,0.1,0.4,5.1,5.1,5.1,5.1,1.0,0.0,22.0,0.0,0.1,0.4,4.5,4.5,4.5,4.5,1.0,0.0,22.0,0.0,0.1,0.4,22.9,22.9,22.9,22.9,1.0,0.0,22.0,0.0,0.1,0.4,-115.7,-115.7,-115.7,-115.7,1.0,0.0,22.0,0.0,0.1,0.4,-66.8,-66.8,-66.8,-66.8,1.0,0.0,22.0,0.0,0.1,0.4,-79.5,-79.5,-79.5,-79.5,1.0,0.0,22.0,0.0,0.1,0.4,-45.9,-45.9,-45.9,-45.9,1.0,0.0,22.0,0.0,0.1,0.4,-19.9,-19.9,-19.9,-19.9,1.0,0.0,22.0,0.0,0.1,0.4,-11.5,-11.5,-11.5,-11.5,1.0,0.0,22.0,0.0,0.1,0.4,132.5,132.5,132.5,132.5,1.0,0.0,22.0,0.0,0.1,0.4,135.0,135.0,135.0,135.0,1.0,0.0,22.0,0.0,0.1,0.4
1974,2,211.0,-25.0,,,,,,,,,,,,,,,,,,,,,,,,,,,,,,,,,,,,,,,,6.7,6.7,6.7,6.7,1.0,0.0,26.0,1.0,0.4,1.0,-5.8,-5.8,-5.8,-5.8,1.0,0.0,26.0,1.0,0.4,1.0,-3.35,-3.35,-3.35,-3.35,1.0,0.0,26.0,1.0,0.4,1.0,1013.2,1013.2,1013.2,1013.2,1.0,0.0,26.0,1.0,0.4,1.0,,,,,,,,,,,,,,,,,,,,,,,,,,,,,,,,,,,,,,,,,,,,,,,,,,,,,,,,,,,,,,,,,,,,,,,,,,,,,,,,,,,,,,,,,,,,,,,,,,,,,,,,,,,,,,,,,,,,,,,,,,,,,,,,,,,,,,,,,,,,,,,,,,,,,,
1974,2,211.0,-24.0,26.5,26.5,26.5,26.5,1.0,0.0,28.0,0.0,0.4,0.5,26.6,26.6,26.6,26.6,1.0,0.0,28.0,0.0,0.4,0.5,16.63,16.63,16.63,16.63,1.0,0.0,28.0,0.0,0.4,0.5,76.8,76.8,76.8,76.8,1.0,0.0,28.0,0.0,0.5,8.2,8.2,8.2,8.2,1.0,0.0,28.0,0.0,0.4,0.5,-7.71,-7.71,-7.71,-7.71,1.0,0.0,28.0,0.0,0.4,0.5,-2.8,-2.8,-2.8,-2.8,1.0,0.0,28.0,0.0,0.4,0.5,1015.3,1015.3,1015.3,1015.3,1.0,0.0,28.0,0.0,0.4,0.5,2.0,2.0,2.0,2.0,1.0,0.0,28.0,0.0,0.4,0.5,-63.2,-63.2,-63.2,-63.2,1.0,0.0,28.0,0.0,0.4,0.5,-23.0,-23.0,-23.0,-23.0,1.0,0.0,28.0,0.0,0.4,0.5,-0.1,-0.1,-0.1,-0.1,1.0,0.0,28.0,0.0,0.4,0.5,-0.8,-0.8,-0.8,-0.8,1.0,0.0,28.0,0.0,0.4,0.5,4.96,4.96,4.96,4.96,1.0,0.0,28.0,0.0,0.4,0.5,40.7,40.7,40.7,40.7,1.0,0.0,28.0,0.0,0.4,0.5,-205.0,-205.0,-205.0,-205.0,1.0,0.0,28.0,0.0,0.4,0.5,-74.6,-74.6,-74.6,-74.6,1.0,0.0,28.0,0.0,0.4,0.5,-128.2,-128.2,-128.2,-128.2,1.0,0.0,28.0,0.0,0.4,0.5,-46.6,-46.6,-46.6,-46.6,1.0,0.0,28.0,0.0,0.4,0.5,-38.2,-38.2,-38.2,-38.2,1.0,0.0,28.0,0.0,0.4,0.5,-13.9,-13.9,-13.9,-13.9,1.0,0.0,28.0,0.0,0.4,0.5,551.5,551.5,551.5,551.5,1.0,0.0,28.0,0.0,0.4,0.5,550.0,550.0,550.0,550.0,1.0,0.0,28.0,0.0,0.4,0.5
1974,2,211.0,-19.0,,,,,,,,,,,,,,,,,,,,,,,,,,,,,,,,,,,,,,,,5.1,5.1,5.1,5.1,1.0,0.0,16.0,1.0,0.7,0.3,-2.55,-2.55,-2.55,-2.55,1.0,0.0,16.0,1.0,0.7,0.3,-4.42,-4.42,-4.42,-4.42,1.0,0.0,16.0,1.0,0.7,0.3,1012.7,1012.7,1012.7,1012.7,1.0,0.0,16.0,1.0,0.7,0.3,,,,,,,,,,,,,,,,,,,,,,,,,,,,,,,,,,,,,,,,,,,,,,,,,,,,,,,,,,,,,,,,,,,,,,,,,,,,,,,,,,,,,,,,,,,,,,,,,,,,,,,,,,,,,,,,,,,,,,,,,,,,,,,,,,,,,,,,,,,,,,,,,,,,,,
1974,2,211.0,-18.0,26.34,28.3,29.0,27.7,4.0,1.79,16.0,0.0,0.7,0.8,25.45,26.0,26.55,26.0,4.0,0.64,16.0,0.0,0.7,0.8,17.26,17.92,18.57,17.92,4.0,0.85,16.0,0.0,0.7,0.8,79.6,85.5,91.5,85.6,4.0,7.0,16.0,0.0,0.8,5.94,6.7,7.99,6.95,4.0,1.32,16.0,0.0,0.7,0.8,-7.99,-6.7,-5.76,-6.86,4.0,1.44,16.0,0.0,0.7,0.8,0.0,0.0,1.02,0.49,4.0,0.97,16.0,0.0,0.7,0.8,1011.06,1012.1,1013.51,1012.28,4.0,1.85,16.0,0.0,0.7,0.8,2.5,4.0,5.5,4.0,4.0,1.8,16.0,0.0,0.7,0.8,-64.3,-45.1,-34.3,-49.1,4.0,19.8,16.0,0.0,0.7,0.8,0.0,0.0,5.8,2.8,4.0,5.6,16.0,0.0,0.7,0.8,-0.21,2.3,3.55,1.7,4.0,2.37,16.0,0.0,0.7,0.8,-0.9,16.0,28.4,13.8,4.0,17.9,16.0,0.0,0.7,0.8,4.18,6.19,6.61,5.43,4.0,2.05,16.0,0.0,0.7,0.8,25.6,41.4,52.7,39.2,4.0,19.4,16.0,0.0,0.7,0.8,-203.2,-173.9,-152.9,-177.8,4.0,33.3,16.0,0.0,0.7,0.8,0.0,0.0,27.2,13.0,4.0,25.9,16.0,0.0,0.7,0.8,-147.7,-120.5,-99.4,-123.4,4.0,29.1,16.0,0.0,0.7,0.8,0.0,0.0,18.0,8.6,4.0,17.2,16.0,0.0,0.7,0.8,-52.7,-41.4,-25.2,-39.0,4.0,19.7,16.0,0.0,0.7,0.8,0.0,0.0,2.5,1.2,4.0,2.3,16.0,0.0,0.7,0.8,210.5,306.0,522.5,364.0,4.0,212.0,16.0,0.0,0.7,0.8,210.0,305.0,525.0,365.0,4.0,210.0,16.0,0.0,0.7,0.8
1974,2,211.0,-17.0,28.0,28.0,28.0,28.0,1.0,0.0,18.0,0.0,0.9,0.8,26.8,26.8,26.8,26.8,1.0,0.0,18.0,0.0,0.9,0.8,16.5,16.5,16.5,16.5,1.0,0.0,18.0,0.0,0.9,0.8,75.0,75.0,75.0,75.0,1.0,0.0,18.0,0.0,0.8,8.2,8.2,8.2,8.2,1.0,0.0,18.0,0.0,0.9,0.8,-7.71,-7.71,-7.71,-7.71,1.0,0.0,18.0,0.0,0.9,0.8,2.8,2.8,2.8,2.8,1.0,0.0,18.0,0.0,0.9,0.8,1010.8,1010.8,1010.8,1010.8,1.0,0.0,18.0,0.0,0.9,0.8,1.0,1.0,1.0,1.0,1.0,0.0,18.0,0.0,0.9,0.8,-63.2,-63.2,-63.2,-63.2,1.0,0.0,18.0,0.0,0.9,0.8,23.0,23.0,23.0,23.0,1.0,0.0,18.0,0.0,0.9,0.8,1.2,1.2,1.2,1.2,1.0,0.0,18.0,0.0,0.9,0.8,9.8,9.8,9.8,9.8,1.0,0.0,18.0,0.0,0.9,0.8,7.21,7.21,7.21,7.21,1.0,0.0,18.0,0.0,0.9,0.8,59.1,59.1,59.1,59.1,1.0,0.0,18.0,0.0,0.9,0.8,-206.5,-206.5,-206.5,-206.5,1.0,0.0,18.0,0.0,0.9,0.8,75.2,75.2,75.2,75.2,1.0,0.0,18.0,0.0,0.9,0.8,-127.2,-127.2,-127.2,-127.2,1.0,0.0,18.0,0.0,0.9,0.8,46.3,46.3,46.3,46.3,1.0,0.0,18.0,0.0,0.9,0.8,-55.6,-55.6,-55.6,-55.6,1.0,0.0,18.0,0.0,0.9,0.8,20.2,20.2,20.2,20.2,1.0,0.0,18.0,0.0,0.9,0.8,551.5,551.5,551.5,551.5,1.0,0.0,18.0,0.0,0.9,0.8,550.0,550.0,550.0,550.0,1.0,0.0,18.0,0.0,0.9,0.8
1974,2,211.0,-14.0,26.92,26.95,26.98,26.95,2.0,0.07,16.0,0.0,0.3,0.5,25.58,25.75,25.92,25.75,2.0,0.35,16.0,0.0,0.3,0.5,18.51,19.54,20.57,19.54,2.0,2.14,16.0,0.0,0.3,0.5,90.1,94.1,98.1,94.1,2.0,8.4,16.0,0.0,0.5,4.17,5.4,6.63,5.4,2.0,2.55,16.0,0.0,0.3,0.5,-6.59,-5.29,-3.99,-5.29,2.0,2.7,16.0,0.0,0.3,0.5,0.2,0.62,1.04,0.62,2.0,0.87,16.0,0.0,0.3,0.5,1008.73,1009.45,1010.17,1009.45,2.0,1.48,16.0,0.0,0.3,0.5,1.6,3.0,4.4,3.0,2.0,2.8,16.0,0.0,0.3,0.5,-45.5,-32.0,-18.5,-32.0,2.0,28.0,16.0,0.0,0.3,0.5,0.7,2.2,3.7,2.2,2.0,3.1,16.0,0.0,0.3,0.5,1.06,1.2,1.34,1.2,2.0,0.28,16.0,0.0,0.3,0.5,5.4,6.1,6.9,6.1,2.0,1.5,16.0,0.0,0.3,0.5,1.77,2.77,3.77,2.77,2.0,2.08,16.0,0.0,0.3,0.5,10.3,12.3,14.3,12.3,2.0,4.2,16.0,0.0,0.3,0.5,-171.2,-136.7,-102.3,-136.7,2.0,71.4,16.0,0.0,0.3,0.5,5.0,15.7,26.4,15.7,2.0,22.2,16.0,0.0,0.3,0.5,-137.2,-106.3,-75.4,-106.3,2.0,64.1,16.0,0.0,0.3,0.5,3.5,11.1,18.7,11.1,2.0,15.7,16.0,0.0,0.3,0.5,-13.6,-11.8,-10.1,-11.8,2.0,3.5,16.0,0.0,0.3,0.5,0.8,2.6,4.4,2.6,2.0,3.7,16.0,0.0,0.3,0.5,98.5,210.0,321.5,210.0,2.0,231.0,16.0,0.0,0.3,0.5,100.0,210.0,320.0,210.0,2.0,230.0,16.0,0.0,0.3,0.5
1974,2,211.0,-13.0,29.4,29.4,29.4,29.4,1.0,0.0,20.0,0.0,0.7,0.2,26.3,26.3,26.3,26.3,1.0,0.0,20.0,0.0,0.7,0.2,16.5,16.5,16.5,16.5,1.0,0.0,20.0,0.0,0.7,0.2,77.2,77.2,77.2,77.2,1.0,0.0,20.0,0.0,0.2,3.1,3.1,3.1,3.1,1.0,0.0,20.0,0.0,0.7,0.2,-3.1,-3.1,-3.1,-3.1,1.0,0.0,20.0,0.0,0.7,0.2,0.0,0.0,0.0,0.0,1.0,0.0,20.0,0.0,0.7,0.2,1010.7,1010.7,1010.7,1010.7,1.0,0.0,20.0,0.0,0.7,0.2,2.0,2.0,2.0,2.0,1.0,0.0,20.0,0.0,0.7,0.2,-9.6,-9.6,-9.6,-9.6,1.0,0.0,20.0,0.0,0.7,0.2,0.0,0.0,0.0,0.0,1.0,0.0,20.0,0.0,0.7,0.2,3.1,3.1,3.1,3.1,1.0,0.0,20.0,0.0,0.7,0.2,9.6,9.6,9.6,9.6,1.0,0.0,20.0,0.0,0.7,0.2,9.25,9.25,9.25,9.25,1.0,0.0,20.0,0.0,0.7,0.2,28.7,28.7,28.7,28.7,1.0,0.0,20.0,0.0,0.7,0.2,-81.5,-81.5,-81.5,-81.5,1.0,0.0,20.0,0.0,0.7,0.2,0.0,0.0,0.0,0.0,1.0,0.0,20.0,0.0,0.7,0.2,-51.2,-51.2,-51.2,-51.2,1.0,0.0,20.0,0.0,0.7,0.2,0.0,0.0,0.0,0.0,1.0,0.0,20.0,0.0,0.7,0.2,-28.7,-28.7,-28.7,-28.7,1.0,0.0,20.0,0.0,0.7,0.2,0.0,0.0,0.0,0.0,1.0,0.0,20.0,0.0,0.7,0.2,30.0,30.0,30.0,30.0,1.0,0.0,20.0,0.0,0.7,0.2,30.0,30.0,30.0,30.0,1.0,0.0,20.0,0.0,0.7,0.2
1974,2,211.0,-12.0,27.8,27.8,27.8,27.8,1.0,0.0,8.0,0.0,0.6,0.3,27.3,27.3,27.3,27.3,1.0,0.0,8.0,0.0,0.6,0.3,17.52,17.52,17.52,17.52,1.0,0.0,8.0,0.0,0.6,0.3,77.4,77.4,77.4,77.4,1.0,0.0,8.0,0.0,0.3,7.2,7.2,7.2,7.2,1.0,0.0,8.0,0.0,0.6,0.3,-7.09,-7.09,-7.09,-7.09,1.0,0.0,8.0,0.0,0.6,0.3,-1.25,-1.25,-1.25,-1.25,1.0,0.0,8.0,0.0,0.6,0.3,1012.3,1012.3,1012.3,1012.3,1.0,0.0,8.0,0.0,0.6,0.3,2.0,2.0,2.0,2.0,1.0,0.0,8.0,0.0,0.6,0.3,-51.1,-51.1,-51.1,-51.1,1.0,0.0,8.0,0.0,0.6,0.3,-9.0,-9.0,-9.0,-9.0,1.0,0.0,8.0,0.0,0.6,0.3,0.5,0.5,0.5,0.5,1.0,0.0,8.0,0.0,0.6,0.3,3.6,3.6,3.6,3.6,1.0,0.0,8.0,0.0,0.6,0.3,5.88,5.88,5.88,5.88,1.0,0.0,8.0,0.0,0.6,0.3,42.3,42.3,42.3,42.3,1.0,0.0,8.0,0.0,0.6,0.3,-193.6,-193.6,-193.6,-193.6,1.0,0.0,8.0,0.0,0.6,0.3,-34.1,-34.1,-34.1,-34.1,1.0,0.0,8.0,0.0,0.6,0.3,-124.2,-124.2,-124.2,-124.2,1.0,0.0,8.0,0.0,0.6,0.3,-21.9,-21.9,-21.9,-21.9,1.0,0.0,8.0,0.0,0.6,0.3,-41.7,-41.7,-41.7,-41.7,1.0,0.0,8.0,0.0,0.6,0.3,-7.3,-7.3,-7.3,-7.3,1.0,0.0,8.0,0.0,0.6,0.3,373.0,373.0,373.0,373.0,1.0,0.0,8.0,0.0,0.6,0.3,375.0,375.0,375.0,375.0,1.0,0.0,8.0,0.0,0.6,0.3
1974,2,211.0,-11.0,27.0,27.0,27.0,27.0,1.0,0.0,12.0,0.0,0.8,0.9,26.5,26.5,26.5,26.5,1.0,0.0,12.0,0.0,0.8,0.9,16.52,16.52,16.52,16.52,1.0,0.0,12.0,0.0,0.8,0.9,76.3,76.3,76.3,76.3,1.0,0.0,12.0,0.0,0.9,9.8,9.8,9.8,9.8,1.0,0.0,12.0,0.0,0.8,0.9,-8.49,-8.49,-8.49,-8.49,1.0,0.0,12.0,0.0,0.8,0.9,-4.9,-4.9,-4.9,-4.9,1.0,0.0,12.0,0.0,0.8,0.9,1009.9,1009.9,1009.9,1009.9,1.0,0.0,12.0,0.0,0.8,0.9,8.0,8.0,8.0,8.0,1.0,0.0,12.0,0.0,0.8,0.9,-83.2,-83.2,-83.2,-83.2,1.0,0.0,12.0,0.0,0.8,0.9,-48.0,-48.0,-48.0,-48.0,1.0,0.0,12.0,0.0,0.8,0.9,0.5,0.5,0.5,0.5,1.0,0.0,12.0,0.0,0.8,0.9,4.9,4.9,4.9,4.9,1.0,0.0,12.0,0.0,0.8,0.9,5.85,5.85,5.85,5.85,1.0,0.0,12.0,0.0,0.8,0.9,57.3,57.3,57.3,57.3,1.0,0.0,12.0,0.0,0.8,0.9,-224.9,-224.9,-224.9,-224.9,1.0,0.0,12.0,0.0,0.8,0.9,-129.8,-129.8,-129.8,-129.8,1.0,0.0,12.0,0.0,0.8,0.9,-140.2,-140.2,-140.2,-140.2,1.0,0.0,12.0,0.0,0.8,0.9,-80.9,-80.9,-80.9,-80.9,1.0,0.0,12.0,0.0,0.8,0.9,-49.6,-49.6,-49.6,-49.6,1.0,0.0,12.0,0.0,0.8,0.9,-28.7,-28.7,-28.7,-28.7,1.0,0.0,12.0,0.0,0.8,0.9,941.0,941.0,941.0,941.0,1.0,0.0,12.0,0.0,0.8,0.9,940.0,940.0,940.0,940.0,1.0,0.0,12.0,0.0,0.8,0.9
1974,2,211.0,6.0,25.52,25.55,25.58,25.55,2.0,0.07,14.0,0.5,0.1,0.6,24.77,25.35,25.93,25.35,2.0,1.2,14.0,0.5,0.1,0.6,17.37,17.49,17.61,17.49,2.0,0.25,14.0,0.5,0.1,0.6,83.2,86.7,90.3,86.7,2.0,7.3,14.0,0.5,0.6,10.04,10.55,11.06,10.55,2.0,1.06,14.0,0.5,0.1,0.6,-10.39,-9.91,-9.43,-9.91,2.0,1.0,14.0,0.5,0.1,0.6,-3.78,-3.61,-3.43,-3.61,2.0,0.36,14.0,0.5,0.1,0.6,1010.32,1011.0,1011.68,1011.0,2.0,1.41,14.0,0.5,0.1,0.6,4.2,4.5,4.8,4.5,2.0,0.7,14.0,0.5,0.1,0.6,-115.3,-105.1,-95.0,-105.1,2.0,21.0,14.0,0.5,0.1,0.6,-42.0,-38.3,-34.6,-38.3,2.0,7.7,14.0,0.5,0.1,0.6,-0.35,0.2,0.75,0.2,2.0,1.13,14.0,0.5,0.1,0.6,-4.1,1.5,7.2,1.5,2.0,11.7,14.0,0.5,0.1,0.6,2.84,2.99,3.14,2.99,2.0,0.31,14.0,0.5,0.1,0.6,28.6,31.7,34.8,31.7,2.0,6.4,14.0,0.5,0.1,0.6,-269.9,-251.9,-234.0,-251.9,2.0,37.2,14.0,0.5,0.1,0.6,-98.2,-91.7,-85.2,-91.7,2.0,13.5,14.0,0.5,0.1,0.6,-180.5,-173.3,-166.1,-173.3,2.0,14.9,14.0,0.5,0.1,0.6,-65.7,-63.1,-60.4,-63.1,2.0,5.4,14.0,0.5,0.1,0.6,-32.7,-29.8,-26.9,-29.8,2.0,6.1,14.0,0.5,0.1,0.6,-11.9,-10.8,-9.8,-10.8,2.0,2.2,14.0,0.5,0.1,0.6,1021.0,1192.0,1363.5,1192.0,2.0,355.0,14.0,0.5,0.1,0.6,1020.0,1190.0,1365.0,1190.0,2.0,355.0,14.0,0.5,0.1,0.6
1974,2,211.0,9.0,25.6,25.6,25.6,25.6,1.0,0.0,14.0,1.0,0.4,0.5,26.0,26.0,26.0,26.0,1.0,0.0,14.0,1.0,0.4,0.5,16.77,16.77,16.77,16.77,1.0,0.0,14.0,1.0,0.4,0.5,80.1,80.1,80.1,80.1,1.0,0.0,14.0,1.0,0.5,9.8,9.8,9.8,9.8,1.0,0.0,14.0,1.0,0.4,0.5,-9.65,-9.65,-9.65,-9.65,1.0,0.0,14.0,1.0,0.4,0.5,-1.7,-1.7,-1.7,-1.7,1.0,0.0,14.0,1.0,0.4,0.5,1013.0,1013.0,1013.0,1013.0,1.0,0.0,14.0,1.0,0.4,0.5,6.0,6.0,6.0,6.0,1.0,0.0,14.0,1.0,0.4,0.5,-94.6,-94.6,-94.6,-94.6,1.0,0.0,14.0,1.0,0.4,0.5,-16.7,-16.7,-16.7,-16.7,1.0,0.0,14.0,1.0,0.4,0.5,-0.4,-0.4,-0.4,-0.4,1.0,0.0,14.0,1.0,0.4,0.5,-3.9,-3.9,-3.9,-3.9,1.0,0.0,14.0,1.0,0.4,0.5,3.73,3.73,3.73,3.73,1.0,0.0,14.0,1.0,0.4,0.5,36.6,36.6,36.6,36.6,1.0,0.0,14.0,1.0,0.4,0.5,-250.9,-250.9,-250.9,-250.9,1.0,0.0,14.0,1.0,0.4,0.5,-44.2,-44.2,-44.2,-44.2,1.0,0.0,14.0,1.0,0.4,0.5,-161.9,-161.9,-161.9,-161.9,1.0,0.0,14.0,1.0,0.4,0.5,-28.5,-28.5,-28.5,-28.5,1.0,0.0,14.0,1.0,0.4,0.5,-36.0,-36.0,-36.0,-36.0,1.0,0.0,14.0,1.0,0.4,0.5,-6.3,-6.3,-6.3,-6.3,1.0,0.0,14.0,1.0,0.4,0.5,941.0,941.0,941.0,941.0,1.0,0.0,14.0,1.0,0.4,0.5,940.0,940.0,940.0,940.0,1.0,0.0,14.0,1.0,0.4,0.5
1974,2,211.0,10.0,25.0,25.0,25.0,25.0,1.0,0.0,14.0,1.0,1.0,0.2,25.0,25.0,25.0,25.0,1.0,0.0,14.0,1.0,1.0,0.2,16.55,16.55,16.55,16.55,1.0,0.0,14.0,1.0,1.0,0.2,83.9,83.9,83.9,83.9,1.0,0.0,14.0,1.0,0.2,10.8,10.8,10.8,10.8,1.0,0.0,14.0,1.0,1.0,0.2,-10.64,-10.64,-10.64,-10.64,1.0,0.0,14.0,1.0,1.0,0.2,-1.88,-1.88,-1.88,-1.88,1.0,0.0,14.0,1.0,1.0,0.2,1014.0,1014.0,1014.0,1014.0,1.0,0.0,14.0,1.0,1.0,0.2,4.0,4.0,4.0,4.0,1.0,0.0,14.0,1.0,1.0,0.2,-114.9,-114.9,-114.9,-114.9,1.0,0.0,14.0,1.0,1.0,0.2,-20.3,-20.3,-20.3,-20.3,1.0,0.0,14.0,1.0,1.0,0.2,0.0,0.0,0.0,0.0,1.0,0.0,14.0,1.0,1.0,0.2,0.0,0.0,0.0,0.0,1.0,0.0,14.0,1.0,1.0,0.2,3.2,3.2,3.2,3.2,1.0,0.0,14.0,1.0,1.0,0.2,34.6,34.6,34.6,34.6,1.0,0.0,14.0,1.0,1.0,0.2,-265.9,-265.9,-265.9,-265.9,1.0,0.0,14.0,1.0,1.0,0.2,-46.9,-46.9,-46.9,-46.9,1.0,0.0,14.0,1.0,1.0,0.2,-176.0,-176.0,-176.0,-176.0,1.0,0.0,14.0,1.0,1.0,0.2,-31.0,-31.0,-31.0,-31.0,1.0,0.0,14.0,1.0,1.0,0.2,-34.1,-34.1,-34.1,-34.1,1.0,0.0,14.0,1.0,1.0,0.2,-6.0,-6.0,-6.0,-6.0,1.0,0.0,14.0,1.0,1.0,0.2,1259.5,1259.5,1259.5,1259.5,1.0,0.0,14.0,1.0,1.0,0.2,1260.0,1260.0,1260.0,1260.0,1.0,0.0,14.0,1.0,1.0,0.2
1974,2,211.0,12.0,25.1,25.1,25.1,25.1,1.0,0.0,16.0,1.0,0.3,0.1,26.1,26.1,26.1,26.1,1.0,0.0,16.0,1.0,0.3,0.1,15.87,15.87,15.87,15.87,1.0,0.0,16.0,1.0,0.3,0.1,75.3,75.3,75.3,75.3,1.0,0.0,16.0,1.0,0.1,8.7,8.7,8.7,8.7,1.0,0.0,16.0,1.0,0.3,0.1,-7.53,-7.53,-7.53,-7.53,1.0,0.0,16.0,1.0,0.3,0.1,-4.35,-4.35,-4.35,-4.35,1.0,0.0,16.0,1.0,0.3,0.1,1012.7,1012.7,1012.7,1012.7,1.0,0.0,16.0,1.0,0.3,0.1,5.0,5.0,5.0,5.0,1.0,0.0,16.0,1.0,0.3,0.1,-65.5,-65.5,-65.5,-65.5,1.0,0.0,16.0,1.0,0.3,0.1,-37.8,-37.8,-37.8,-37.8,1.0,0.0,16.0,1.0,0.3,0.1,-1.0,-1.0,-1.0,-1.0,1.0,0.0,16.0,1.0,0.3,0.1,-8.7,-8.7,-8.7,-8.7,1.0,0.0,16.0,1.0,0.3,0.1,4.03,4.03,4.03,4.03,1.0,0.0,16.0,1.0,0.3,0.1,35.1,35.1,35.1,35.1,1.0,0.0,16.0,1.0,0.3,0.1,-196.6,-196.6,-196.6,-196.6,1.0,0.0,16.0,1.0,0.3,0.1,-113.5,-113.5,-113.5,-113.5,1.0,0.0,16.0,1.0,0.3,0.1,-119.6,-119.6,-119.6,-119.6,1.0,0.0,16.0,1.0,0.3,0.1,-69.0,-69.0,-69.0,-69.0,1.0,0.0,16.0,1.0,0.3,0.1,-30.4,-30.4,-30.4,-30.4,1.0,0.0,16.0,1.0,0.3,0.1,-17.5,-17.5,-17.5,-17.5,1.0,0.0,16.0,1.0,0.3,0.1,658.5,658.5,658.5,658.5,1.0,0.0,16.0,1.0,0.3,0.1,660.0,660.0,660.0,660.0,1.0,0.0,16.0,1.0,0.3,0.1
1974,2,211.0,13.0,25.0,25.0,25.0,25.0,1.0,0.0,16.0,0.0,0.6,0.1,24.5,24.5,24.5,24.5,1.0,0.0,16.0,0.0,0.6,0.1,14.76,14.76,14.76,14.76,1.0,0.0,16.0,0.0,0.6,0.1,77.4,77.4,77.4,77.4,1.0,0.0,16.0,0.0,0.1,11.3,11.3,11.3,11.3,1.0,0.0,16.0,0.0,0.6,0.1,-9.79,-9.79,-9.79,-9.79,1.0,0.0,16.0,0.0,0.6,0.1,-5.65,-5.65,-5.65,-5.65,1.0,0.0,16.0,0.0,0.6,0.1,1017.0,1017.0,1017.0,1017.0,1.0,0.0,16.0,0.0,0.6,0.1,3.0,3.0,3.0,3.0,1.0,0.0,16.0,0.0,0.6,0.1,-110.6,-110.6,-110.6,-110.6,1.0,0.0,16.0,0.0,0.6,0.1,-63.8,-63.8,-63.8,-63.8,1.0,0.0,16.0,0.0,0.6,0.1,0.5,0.5,0.5,0.5,1.0,0.0,16.0,0.0,0.6,0.1,5.7,5.7,5.7,5.7,1.0,0.0,16.0,0.0,0.6,0.1,4.94,4.94,4.94,4.94,1.0,0.0,16.0,0.0,0.6,0.1,55.8,55.8,55.8,55.8,1.0,0.0,16.0,0.0,0.6,0.1,-239.8,-239.8,-239.8,-239.8,1.0,0.0,16.0,0.0,0.6,0.1,-138.4,-138.4,-138.4,-138.4,1.0,0.0,16.0,0.0,0.6,0.1,-144.4,-144.4,-144.4,-144.4,1.0,0.0,16.0,0.0,0.6,0.1,-83.4,-83.4,-83.4,-83.4,1.0,0.0,16.0,0.0,0.6,0.1,-48.3,-48.3,-48.3,-48.3,1.0,0.0,16.0,0.0,0.6,0.1,-27.9,-27.9,-27.9,-27.9,1.0,0.0,16.0,0.0,0.6,0.1,1443.0,1443.0,1443.0,1443.0,1.0,0.0,16.0,0.0,0.6,0.1,1445.0,1445.0,1445.0,1445.0,1.0,0.0,16.0,0.0,0.6,0.1
1974,2,211.0,15.0,25.16,25.5,25.84,25.5,2.0,0.71,20.0,1.0,0.7,0.8,23.82,24.3,24.78,24.3,2.0,0.99,20.0,1.0,0.7,0.8,16.01,16.01,16.01,16.01,1.0,0.0,16.0,1.0,0.6,0.8,81.4,81.4,81.4,81.4,1.0,0.0,16.0,1.0,0.8,12.05,12.15,12.25,12.15,2.0,0.21,20.0,1.0,0.7,0.8,-11.41,-9.91,-8.41,-9.91,2.0,3.11,20.0,1.0,0.7,0.8,-8.07,-5.66,-3.26,-5.66,2.0,4.99,20.0,1.0,0.7,0.8,1013.26,1014.45,1015.64,1014.45,2.0,2.47,20.0,1.0,0.7,0.8,3.2,3.5,3.8,3.5,2.0,0.7,20.0,1.0,0.7,0.8,-140.0,-120.8,-101.5,-120.8,2.0,39.9,20.0,1.0,0.7,0.8,-97.0,-68.3,-39.6,-68.3,2.0,59.4,20.0,1.0,0.7,0.8,1.06,1.2,1.34,1.2,2.0,0.28,20.0,1.0,0.7,0.8,13.0,14.6,16.1,14.6,2.0,3.2,20.0,1.0,0.7,0.8,4.92,4.92,4.92,4.92,1.0,0.0,16.0,1.0,0.6,0.8,60.5,60.5,60.5,60.5,1.0,0.0,16.0,1.0,0.6,0.8,-283.7,-242.4,-201.2,-242.4,2.0,85.4,20.0,1.0,0.7,0.8,-191.0,-135.2,-79.4,-135.2,2.0,115.6,20.0,1.0,0.7,0.8,-194.0,-194.0,-194.0,-194.0,1.0,0.0,16.0,1.0,0.6,0.8,-34.2,-34.2,-34.2,-34.2,1.0,0.0,16.0,1.0,0.6,0.8,-59.6,-59.6,-59.6,-59.6,1.0,0.0,16.0,1.0,0.6,0.8,-10.5,-10.5,-10.5,-10.5,1.0,0.0,16.0,1.0,0.6,0.8,1749.0,1794.5,1840.0,1794.5,2.0,94.0,20.0,1.0,0.7,0.8,1750.0,1795.0,1840.0,1795.0,2.0,95.0,20.0,1.0,0.7,0.8
1974,2,211.0,16.0,24.05,24.15,24.25,24.15,2.0,0.21,22.0,0.5,0.6,0.4,23.32,24.0,24.0,23.67,3.0,0.58,22.0,0.7,0.6,0.5,13.03,13.3,14.16,13.59,3.0,0.87,22.0,0.7,0.6,0.5,71.7,76.3,77.7,74.7,3.0,4.6,22.0,0.7,0.5,9.46,9.8,10.14,9.8,3.0,0.5,22.0,0.7,0.6,0.5,-9.67,-9.65,-9.03,-9.36,3.0,0.53,22.0,0.7,0.6,0.5,-3.41,-3.18,-2.17,-2.8,3.0,0.97,22.0,0.7,0.6,0.5,1012.51,1013.6,1014.01,1013.27,3.0,1.14,22.0,0.7,0.6,0.5,1.0,3.0,5.0,3.0,3.0,3.0,22.0,0.7,0.6,0.5,-98.1,-94.6,-85.5,-91.8,3.0,9.5,22.0,0.7,0.6,0.5,-34.2,-29.6,-20.8,-27.5,3.0,10.0,22.0,0.7,0.6,0.5,0.41,0.65,0.89,0.65,2.0,0.49,22.0,0.5,0.6,0.4,3.9,6.3,8.7,6.3,2.0,5.0,22.0,0.5,0.6,0.4,4.55,4.85,5.15,4.85,2.0,0.62,22.0,0.5,0.6,0.4,42.8,46.4,50.1,46.4,2.0,7.6,22.0,0.5,0.6,0.4,-229.0,-222.0,-213.6,-221.3,3.0,11.3,22.0,0.7,0.6,0.5,-81.9,-76.3,-50.9,-66.7,3.0,24.2,22.0,0.7,0.6,0.5,-128.0,-127.2,-125.6,-126.8,3.0,1.8,22.0,0.7,0.6,0.5,-46.0,-45.4,-29.9,-38.1,3.0,13.4,22.0,0.7,0.6,0.5,-49.1,-44.8,-40.6,-44.8,2.0,8.8,22.0,0.5,0.6,0.4,-13.2,-11.5,-9.8,-11.5,2.0,3.6,22.0,0.5,0.6,0.4,848.0,941.0,1044.5,946.0,3.0,144.0,22.0,0.7,0.6,0.5,850.0,940.0,1045.0,945.0,3.0,145.0,22.0,0.7,0.6,0.5
1974,2,211.0,17.0,23.48,24.4,25.43,24.45,4.0,1.27,10.0,0.8,0.3,0.4,21.5,23.0,24.02,22.93,7.0,1.17,14.0,0.4,0.5,0.5,12.78,13.61,14.06,13.53,6.0,1.11,12.0,0.5,0.5,0.4,71.8,80.2,85.8,78.9,6.0,7.1,12.0,0.5,0.4,5.1,7.2,9.32,7.26,7.0,2.21,14.0,0.4,0.5,0.5,-9.3,-7.2,-5.08,-6.89,7.0,1.97,14.0,0.4,0.5,0.5,-0.3,0.0,0.08,-0.66,7.0,2.57,14.0,0.4,0.5,0.5,1013.86,1015.9,1017.04,1015.42,6.0,2.1,12.0,0.5,0.5,0.4,2.9,4.0,5.1,4.0,7.0,2.2,14.0,0.4,0.5,0.5,-86.5,-51.8,-25.9,-53.4,7.0,28.9,14.0,0.4,0.5,0.5,-3.0,0.0,0.4,-7.6,7.0,24.1,14.0,0.4,0.5,0.5,-0.26,0.65,2.98,1.33,4.0,2.25,10.0,0.8,0.3,0.4,-2.4,3.3,15.2,6.2,4.0,12.1,10.0,0.8,0.3,0.4,4.32,5.99,6.86,5.61,4.0,1.74,10.0,0.8,0.3,0.4,31.3,34.9,46.0,38.5,4.0,10.9,10.0,0.8,0.3,0.4,-223.4,-162.0,-109.2,-159.5,7.0,52.3,14.0,0.4,0.5,0.5,-6.9,0.0,1.8,-15.4,7.0,58.7,14.0,0.4,0.5,0.5,-106.8,-79.7,-65.9,-88.3,6.0,29.8,12.0,0.5,0.5,0.4,-15.5,0.0,4.8,-8.6,6.0,33.9,12.0,0.5,0.5,0.4,-39.4,-34.9,-31.3,-35.3,4.0,5.1,10.0,0.8,0.3,0.4,-18.3,0.0,0.0,-8.7,4.0,17.4,10.0,0.8,0.3,0.4,132.5,373.0,811.0,473.5,7.0,365.5,14.0,0.4,0.5,0.5,130.0,375.0,810.0,475.0,7.0,365.0,14.0,0.4,0.5,0.5
1974,2,211.0,18.0,24.0,24.0,24.4,24.16,5.0,0.22,20.0,0.8,0.6,0.3,22.48,23.6,24.96,23.7,6.0,1.17,14.0,0.7,0.5,0.3,14.35,15.33,17.04,15.68,4.0,2.14,12.0,0.8,0.3,0.3,82.3,84.8,90.0,86.1,4.0,6.2,12.0,0.8,0.3,8.2,8.2,8.75,8.57,7.0,0.59,16.0,0.7,0.6,0.4,-8.6,-8.2,-8.2,-8.39,7.0,0.39,16.0,0.7,0.6,0.4,-2.99,0.0,0.0,-1.12,7.0,1.51,16.0,0.7,0.6,0.4,1015.91,1016.3,1017.18,1016.64,7.0,2.04,16.0,0.7,0.6,0.4,1.9,3.0,4.0,2.6,7.0,1.4,16.0,0.7,0.6,0.4,-75.3,-67.2,-67.2,-72.1,7.0,8.5,16.0,0.7,0.6,0.4,-26.2,0.0,0.0,-10.3,7.0,14.0,16.0,0.7,0.6,0.4,-0.25,0.8,1.17,0.48,4.0,1.16,20.0,0.8,0.5,0.2,-3.0,6.6,10.0,3.6,4.0,10.7,20.0,0.8,0.5,0.2,3.68,3.68,3.68,3.68,2.0,0.0,22.0,1.0,0.1,0.0,30.1,30.1,30.1,30.1,2.0,0.0,22.0,1.0,0.1,0.0,-209.9,-193.5,-190.3,-199.9,6.0,17.0,14.0,0.7,0.5,0.3,-70.6,-16.9,0.0,-30.9,6.0,37.5,14.0,0.7,0.5,0.3,-139.7,-125.7,-120.2,-129.8,4.0,15.9,12.0,0.8,0.3,0.3,-10.6,0.0,0.0,-5.1,4.0,10.2,12.0,0.8,0.3,0.3,-30.1,-30.1,-30.1,-30.1,2.0,0.0,22.0,1.0,0.1,0.0,0.0,0.0,0.0,0.0,2.0,0.0,22.0,1.0,0.1,0.0,551.5,551.5,672.0,637.5,7.0,143.0,16.0,0.7,0.6,0.4,550.0,550.0,670.0,640.0,7.0,145.0,16.0,0.7,0.6,0.4
1974,2,211.0,19.0,22.32,23.0,23.0,22.68,4.0,0.65,14.0,0.3,0.8,0.4,21.97,22.8,23.1,22.55,4.0,0.81,14.0,0.3,0.8,0.4,12.76,13.8,15.92,14.32,4.0,2.41,14.0,0.3,0.8,0.4,78.0,80.1,90.6,84.1,4.0,10.8,14.0,0.3,0.4,5.12,5.85,6.37,5.75,4.0,0.87,14.0,0.3,0.8,0.4,-6.01,-5.28,-4.85,-5.42,4.0,0.86,14.0,0.3,0.8,0.4,-2.13,-0.18,1.4,-0.35,4.0,2.18,14.0,0.3,0.8,0.4,1015.13,1015.5,1016.81,1015.95,4.0,1.41,14.0,0.3,0.8,0.4,2.0,3.0,5.0,3.5,4.0,1.9,14.0,0.3,0.8,0.4,-38.0,-30.9,-25.5,-31.7,4.0,9.6,14.0,0.3,0.8,0.4,-13.1,-2.1,7.6,-2.8,4.0,12.8,14.0,0.3,0.8,0.4,-0.1,0.15,0.35,0.13,4.0,0.28,14.0,0.3,0.8,0.4,-0.5,0.9,2.1,0.8,4.0,1.5,14.0,0.3,0.8,0.4,1.55,3.67,3.98,2.81,4.0,2.03,14.0,0.3,0.8,0.4,9.9,22.7,24.1,17.3,4.0,12.2,14.0,0.3,0.8,0.4,-137.1,-116.1,-108.0,-122.3,4.0,20.7,14.0,0.3,0.8,0.4,-46.4,-4.1,31.9,-7.1,4.0,48.0,14.0,0.3,0.8,0.4,-86.4,-76.6,-67.4,-76.9,4.0,12.6,14.0,0.3,0.8,0.4,-26.6,-1.1,20.7,-2.9,4.0,28.4,14.0,0.3,0.8,0.4,-22.3,-21.0,-9.3,-16.0,4.0,11.4,14.0,0.3,0.8,0.4,-8.4,-2.1,3.8,-2.3,4.0,8.3,14.0,0.3,0.8,0.4,139.0,200.5,260.5,200.0,4.0,84.0,14.0,0.3,0.8,0.4,140.0,200.0,260.0,200.0,4.0,85.0,14.0,0.3,0.8,0.4
1974,2,211.0,20.0,23.24,24.0,25.29,24.25,4.0,1.32,20.0,0.3,0.3,0.5,22.34,23.0,24.29,23.3,4.0,1.26,20.0,0.3,0.3,0.5,9.76,12.32,12.62,11.24,4.0,2.46,20.0,0.3,0.3,0.5,55.0,67.3,71.0,63.2,4.0,12.0,20.0,0.3,0.5,7.1,9.8,10.82,9.0,4.0,2.73,20.0,0.3,0.3,0.5,-10.75,-9.65,-7.03,-8.93,4.0,2.7,20.0,0.3,0.3,0.5,-1.71,-0.81,0.0,-0.85,4.0,0.99,20.0,0.3,0.3,0.5,1017.0,1017.5,1019.05,1018.0,4.0,1.41,20.0,0.3,0.3,0.5,3.0,4.5,5.5,4.3,4.0,1.7,20.0,0.3,0.3,0.5,-116.6,-94.8,-54.2,-85.8,4.0,43.5,20.0,0.3,0.3,0.5,-16.8,-7.5,0.0,-8.4,4.0,9.8,20.0,0.3,0.3,0.5,0.24,0.75,1.68,0.95,4.0,0.99,20.0,0.3,0.3,0.5,2.4,5.4,13.9,8.0,4.0,9.3,20.0,0.3,0.3,0.5,5.36,6.84,9.92,7.6,4.0,2.93,20.0,0.3,0.3,0.5,48.9,57.9,84.2,66.1,4.0,28.4,20.0,0.3,0.3,0.5,-246.7,-220.8,-163.6,-205.9,4.0,56.4,20.0,0.3,0.3,0.5,-39.1,-17.9,0.0,-19.5,4.0,22.6,20.0,0.3,0.3,0.5,-132.2,-97.8,-67.1,-99.6,4.0,37.7,20.0,0.3,0.3,0.5,-17.5,-6.1,0.0,-8.6,4.0,10.8,20.0,0.3,0.3,0.5,-83.3,-57.5,-48.5,-65.5,4.0,27.7,20.0,0.3,0.3,0.5,-14.5,-4.9,0.0,-7.1,4.0,9.0,20.0,0.3,0.3,0.5,452.5,948.5,1276.0,868.0,4.0,555.5,20.0,0.3,0.3,0.5,450.0,950.0,1275.0,870.0,4.0,555.0,20.0,0.3,0.3,0.5
1974,2,211.0,21.0,22.17,23.6,24.11,23.18,11.0,1.16,14.0,0.5,0.4,0.5,21.22,22.75,23.73,22.72,12.0,1.65,14.0,0.5,0.5,0.4,10.88,13.23,14.87,13.07,12.0,2.05,14.0,0.5,0.5,0.4,70.0,79.8,84.5,76.7,12.0,11.3,14.0,0.5,0.4,5.1,7.95,9.93,8.01,12.0,3.12,14.0,0.5,0.5,0.4,-9.14,-6.25,-5.02,-7.35,12.0,3.14,14.0,0.5,0.5,0.4,-3.55,0.0,1.25,-0.25,12.0,3.29,14.0,0.5,0.5,0.4,1017.37,1019.15,1022.1,1019.76,12.0,2.47,14.0,0.5,0.5,0.4,0.6,4.0,6.4,3.6,11.0,2.5,14.0,0.5,0.4,0.5,-87.6,-53.6,-25.6,-67.3,12.0,59.9,14.0,0.5,0.5,0.4,-31.8,0.0,6.1,-2.2,12.0,29.7,14.0,0.5,0.5,0.4,-0.95,0.6,2.48,0.73,11.0,1.82,14.0,0.5,0.4,0.5,-7.1,3.1,23.5,6.0,11.0,15.9,14.0,0.5,0.4,0.5,2.22,4.75,5.44,4.21,11.0,1.93,14.0,0.5,0.4,0.5,12.0,27.1,55.8,35.3,11.0,25.2,14.0,0.5,0.4,0.5,-208.3,-147.3,-107.1,-166.6,12.0,71.1,14.0,0.5,0.5,0.4,-75.8,0.0,27.7,-6.8,12.0,77.3,14.0,0.5,0.5,0.4,-119.1,-89.1,-63.6,-95.1,12.0,41.7,14.0,0.5,0.5,0.4,-35.1,0.0,17.4,-0.7,12.0,44.9,14.0,0.5,0.5,0.4,-54.1,-27.1,-10.4,-33.0,11.0,24.6,14.0,0.5,0.4,0.5,-4.1,0.0,5.6,1.7,11.0,14.1,14.0,0.5,0.4,0.5,132.5,504.0,979.5,753.0,12.0,979.0,14.0,0.5,0.5,0.4,135.0,505.0,980.0,755.0,12.0,980.0,14.0,0.5,0.5,0.4
1974,2,211.0,22.0,23.32,23.85,24.5,23.94,8.0,0.68,20.0,0.5,0.4,0.3,21.73,22.35,25.81,23.24,8.0,1.93,20.0,0.5,0.4,0.3,10.62,12.42,14.53,12.89,8.0,2.52,20.0,0.5,0.4,0.3,64.3,72.5,79.9,72.5,8.0,8.2,20.0,0.5,0.3,5.33,7.7,9.3,7.59,8.0,2.15,20.0,0.5,0.4,0.3,-9.28,-7.1,-5.28,-7.3,8.0,2.26,20.0,0.5,0.4,0.3,-2.42,-0.63,0.0,-1.03,8.0,1.8,20.0,0.5,0.4,0.3,1016.9,1019.85,1023.04,1019.28,8.0,4.59,20.0,0.5,0.4,0.3,2.2,6.5,7.0,5.1,8.0,2.9,20.0,0.5,0.4,0.3,-86.3,-54.6,-28.5,-59.5,8.0,31.4,20.0,0.5,0.4,0.3,-16.8,-4.2,0.0,-6.7,8.0,14.4,20.0,0.5,0.4,0.3,-0.93,1.05,2.1,0.7,8.0,1.5,20.0,0.5,0.4,0.3,-6.6,8.4,16.5,5.3,8.0,12.0,20.0,0.5,0.4,0.3,4.03,5.73,7.58,5.55,8.0,2.12,20.0,0.5,0.4,0.3,26.5,39.2,61.0,41.8,8.0,20.7,20.0,0.5,0.4,0.3,-228.1,-167.5,-114.9,-169.6,8.0,55.1,20.0,0.5,0.4,0.3,-53.7,-16.3,0.0,-22.7,8.0,40.8,20.0,0.5,0.4,0.3,-133.5,-91.6,-62.1,-94.6,8.0,35.7,20.0,0.5,0.4,0.3,-30.6,-11.2,0.0,-12.0,8.0,21.3,20.0,0.5,0.4,0.3,-53.4,-37.9,-23.4,-39.9,8.0,20.1,20.0,0.5,0.4,0.3,-12.9,-1.2,0.0,-6.6,8.0,12.2,20.0,0.5,0.4,0.3,159.5,462.5,804.5,525.0,8.0,356.0,20.0,0.5,0.4,0.3,160.0,460.0,805.0,525.0,8.0,355.0,20.0,0.5,0.4,0.3
1974,2,211.0,23.0,22.25,22.8,23.35,22.8,2.0,1.13,8.0,0.5,0.1,0.1,23.52,24.0,26.05,24.77,3.0,1.97,10.0,0.7,0.1,0.3,14.46,14.46,14.46,14.46,1.0,0.0,2.0,0.0,0.2,0.2,81.7,81.7,81.7,81.7,1.0,0.0,2.0,0.0,0.2,4.34,4.85,6.46,5.38,4.0,1.6,12.0,0.5,0.2,0.3,-4.43,-4.01,-3.91,-4.17,4.0,0.43,12.0,0.5,0.2,0.3,-3.15,1.23,2.04,-0.48,4.0,4.18,12.0,0.5,0.2,0.3,1019.56,1020.75,1024.56,1022.0,4.0,3.99,12.0,0.5,0.2,0.3,5.4,7.0,7.5,6.5,4.0,1.7,12.0,0.5,0.2,0.3,-27.2,-21.4,-17.4,-22.2,4.0,6.0,12.0,0.5,0.2,0.3,-25.5,5.9,9.8,-7.2,4.0,29.6,12.0,0.5,0.2,0.3,-4.16,-2.35,-0.54,-2.35,2.0,3.75,8.0,0.5,0.1,0.1,-17.0,-9.6,-2.1,-9.6,2.0,15.5,8.0,0.5,0.1,0.1,3.6,3.6,3.6,3.6,1.0,0.0,2.0,0.0,0.2,0.2,16.6,16.6,16.6,16.6,1.0,0.0,2.0,0.0,0.2,0.2,-103.9,-92.8,-92.5,-98.1,3.0,9.5,10.0,0.7,0.1,0.3,-103.1,19.2,42.7,-29.1,3.0,114.7,10.0,0.7,0.1,0.3,-57.6,-57.6,-57.6,-57.6,1.0,0.0,2.0,0.0,0.2,0.2,33.3,33.3,33.3,33.3,1.0,0.0,2.0,0.0,0.2,0.2,-14.3,-14.3,-14.3,-14.3,1.0,0.0,2.0,0.0,0.2,0.2,8.3,8.3,8.3,8.3,1.0,0.0,2.0,0.0,0.2,0.2,82.5,115.0,302.5,189.0,4.0,180.5,12.0,0.5,0.2,0.3,80.0,115.0,300.0,190.0,4.0,180.0,12.0,0.5,0.2,0.3
1974,2,211.0,24.0,21.67,22.7,23.51,22.64,5.0,1.23,12.0,0.6,0.7,0.4,20.56,22.25,23.12,22.02,6.0,1.29,16.0,0.7,0.7,0.4,11.55,12.17,13.36,12.44,5.0,1.23,12.0,0.6,0.7,0.4,69.9,72.4,85.7,77.4,5.0,10.9,12.0,0.6,0.4,4.08,6.2,10.01,6.62,6.0,3.24,16.0,0.7,0.7,0.4,-9.89,-5.83,-3.16,-6.01,6.0,3.91,16.0,0.7,0.7,0.4,-0.35,2.11,2.16,1.16,6.0,1.65,16.0,0.7,0.7,0.4,1015.9,1020.3,1024.01,1020.17,6.0,4.97,16.0,0.7,0.7,0.4,1.8,6.0,6.4,4.8,6.0,2.7,16.0,0.7,0.7,0.4,-99.1,-36.1,-14.5,-50.3,6.0,45.4,16.0,0.7,0.7,0.4,-3.4,7.5,13.1,4.1,6.0,11.4,16.0,0.7,0.7,0.4,0.26,0.8,1.4,0.82,5.0,0.93,12.0,0.6,0.7,0.4,1.2,6.9,11.6,6.3,5.0,6.3,12.0,0.6,0.7,0.4,3.3,4.17,6.22,4.61,5.0,1.56,12.0,0.6,0.7,0.4,22.8,28.7,46.8,34.8,5.0,19.1,12.0,0.6,0.7,0.4,-205.3,-125.6,-74.6,-129.9,6.0,82.9,16.0,0.7,0.7,0.4,-7.2,45.7,49.5,26.5,6.0,35.9,16.0,0.7,0.7,0.4,-116.1,-83.4,-63.7,-87.8,5.0,28.9,12.0,0.6,0.7,0.4,-7.4,25.8,29.8,13.1,5.0,22.4,12.0,0.6,0.7,0.4,-46.4,-24.9,-21.4,-33.4,5.0,19.9,12.0,0.6,0.7,0.4,-2.2,6.0,10.9,4.6,5.0,7.9,12.0,0.6,0.7,0.4,79.0,238.5,1007.0,464.0,6.0,510.5,16.0,0.7,0.7,0.4,80.0,240.0,1005.0,465.0,6.0,510.0,16.0,0.7,0.7,0.4
1974,2,211.0,25.0,21.27,22.5,23.09,22.26,18.0,1.12,18.0,0.4,0.4,0.5,19.82,21.1,22.59,21.19,18.0,1.6,18.0,0.4,0.4,0.5,10.87,11.55,12.66,11.64,18.0,0.86,18.0,0.4,0.4,0.5,68.4,75.6,83.6,75.5,18.0,9.0,18.0,0.4,0.5,4.8,6.2,8.83,6.97,18.0,3.27,18.0,0.4,0.4,0.5,-7.95,-4.6,0.0,-4.57,18.0,4.76,18.0,0.4,0.4,0.5,-4.51,0.89,4.49,0.57,18.0,4.11,18.0,0.4,0.4,0.5,1018.48,1019.85,1022.98,1020.35,18.0,2.75,18.0,0.4,0.4,0.5,1.5,5.0,6.5,4.5,17.0,2.5,16.0,0.4,0.4,0.5,-70.8,-24.6,0.0,-41.3,18.0,55.5,18.0,0.4,0.4,0.5,-36.1,3.7,27.0,1.1,18.0,37.0,18.0,0.4,0.4,0.5,-0.45,1.6,2.76,1.07,18.0,2.23,18.0,0.4,0.4,0.5,-3.7,9.8,18.8,7.3,18.0,16.1,18.0,0.4,0.4,0.5,4.12,4.9,6.11,5.0,18.0,0.96,18.0,0.4,0.4,0.5,21.3,31.0,46.2,36.1,18.0,22.1,18.0,0.4,0.4,0.5,-166.7,-97.1,0.0,-96.3,18.0,101.6,18.0,0.4,0.4,0.5,-94.5,20.6,90.0,10.3,18.0,87.4,18.0,0.4,0.4,0.5,-88.7,-56.8,0.0,-51.0,18.0,53.6,18.0,0.4,0.4,0.5,-48.8,10.8,52.6,7.6,18.0,47.4,18.0,0.4,0.4,0.5,-41.5,-23.4,0.0,-25.1,18.0,27.4,18.0,0.4,0.4,0.5,-19.4,4.6,24.6,3.3,18.0,21.0,18.0,0.4,0.4,0.5,113.5,238.5,715.0,558.5,18.0,732.0,18.0,0.4,0.4,0.5,115.0,240.0,715.0,560.0,18.0,730.0,18.0,0.4,0.4,0.5
1974,2,211.0,26.0,20.42,22.0,22.95,21.69,18.0,1.55,18.0,0.5,0.6,0.4,19.62,20.8,22.2,20.93,17.0,1.45,16.0,0.5,0.6,0.4,10.68,12.15,13.02,12.0,17.0,1.11,16.0,0.5,0.6,0.4,69.4,78.3,90.1,79.1,17.0,9.6,16.0,0.5,0.4,5.42,7.7,10.53,7.83,17.0,2.08,16.0,0.5,0.6,0.4,-8.98,-5.52,-3.94,-6.18,17.0,2.7,16.0,0.5,0.6,0.4,-5.39,0.89,5.38,0.23,17.0,4.63,16.0,0.5,0.6,0.4,1021.24,1023.0,1026.45,1023.61,17.0,2.69,16.0,0.5,0.6,0.4,1.4,3.0,5.6,3.4,16.0,2.1,16.0,0.6,0.6,0.4,-99.3,-43.2,-22.5,-52.3,17.0,33.9,16.0,0.5,0.6,0.4,-41.7,4.5,32.6,0.1,17.0,40.4,16.0,0.5,0.6,0.4,-1.19,1.1,3.31,0.74,17.0,2.59,16.0,0.5,0.6,0.4,-7.7,6.8,22.2,5.3,17.0,21.8,16.0,0.5,0.6,0.4,2.66,4.42,5.64,4.03,17.0,1.51,16.0,0.5,0.6,0.4,16.9,31.8,48.2,31.8,17.0,16.5,16.0,0.5,0.6,0.4,-192.8,-109.6,-79.0,-129.3,17.0,58.4,16.0,0.5,0.6,0.4,-109.6,16.2,115.8,4.4,17.0,100.7,16.0,0.5,0.6,0.4,-111.8,-62.2,-49.2,-74.5,17.0,34.1,16.0,0.5,0.6,0.4,-56.7,10.6,70.4,6.0,17.0,56.3,16.0,0.5,0.6,0.4,-41.8,-26.2,-7.7,-26.3,17.0,17.8,16.0,0.5,0.6,0.4,-15.4,1.4,13.0,-1.1,17.0,17.1,16.0,0.5,0.6,0.4,161.0,456.5,1169.5,578.0,17.0,434.5,16.0,0.5,0.6,0.4,160.0,455.0,1170.0,580.0,17.0,435.0,16.0,0.5,0.6,0.4
1974,2,211.0,27.0,20.11,21.1,22.2,21.11,8.0,1.38,16.0,0.4,0.6,0.3,19.46,20.0,21.58,20.44,11.0,1.01,16.0,0.4,0.6,0.3,11.54,12.58,13.0,12.31,10.0,0.88,16.0,0.3,0.6,0.3,80.3,82.2,89.9,83.9,10.0,6.3,16.0,0.3,0.3,5.75,6.2,8.36,7.3,11.0,2.93,16.0,0.4,0.6,0.3,-6.97,-5.37,-2.87,-4.95,11.0,5.3,16.0,0.4,0.6,0.3,-1.61,2.12,3.47,1.2,11.0,3.24,16.0,0.4,0.6,0.3,1017.66,1020.5,1022.29,1020.23,11.0,2.45,16.0,0.4,0.6,0.3,3.6,6.0,7.4,5.5,11.0,1.8,16.0,0.4,0.6,0.3,-53.5,-33.3,-16.2,-44.2,11.0,71.2,16.0,0.4,0.6,0.3,-8.2,13.0,22.1,6.9,11.0,23.0,16.0,0.4,0.6,0.3,0.06,1.0,2.08,0.63,8.0,1.65,16.0,0.4,0.6,0.3,0.3,7.3,13.2,4.8,8.0,9.4,16.0,0.4,0.6,0.3,1.79,2.85,4.98,3.09,8.0,1.91,16.0,0.4,0.6,0.3,15.5,18.1,30.8,19.8,8.0,11.4,16.0,0.4,0.6,0.3,-138.2,-107.4,-62.6,-99.8,11.0,103.9,16.0,0.4,0.6,0.3,-35.0,44.7,68.3,25.3,11.0,67.2,16.0,0.4,0.6,0.3,-90.4,-66.7,-49.1,-62.5,10.0,65.0,16.0,0.3,0.6,0.3,-29.0,18.9,37.4,8.5,10.0,37.3,16.0,0.3,0.6,0.3,-30.3,-13.6,-1.3,-13.1,8.0,17.9,16.0,0.4,0.6,0.3,-7.0,3.1,7.3,0.7,8.0,8.0,16.0,0.4,0.6,0.3,194.5,238.5,600.0,606.5,11.0,1027.5,16.0,0.4,0.6,0.3,195.0,240.0,600.0,605.0,11.0,1030.0,16.0,0.4,0.6,0.3
1974,2,211.0,28.0,19.85,20.0,22.48,20.83,9.0,1.4,18.0,0.4,0.5,0.4,17.09,19.4,20.74,19.04,10.0,1.98,18.0,0.4,0.6,0.4,7.96,11.27,12.19,10.54,9.0,2.01,18.0,0.4,0.5,0.4,65.4,72.4,86.1,75.5,9.0,10.6,18.0,0.4,0.4,4.03,6.7,7.7,6.17,10.0,2.17,18.0,0.4,0.6,0.4,-4.35,-2.02,3.66,-1.08,10.0,4.68,18.0,0.4,0.6,0.4,-5.08,2.11,5.11,1.03,10.0,4.75,18.0,0.4,0.6,0.4,1019.4,1022.7,1023.73,1021.59,9.0,2.47,18.0,0.4,0.5,0.4,2.4,5.0,8.0,5.2,10.0,2.7,18.0,0.4,0.6,0.4,-30.5,-9.7,26.5,-7.5,10.0,38.2,18.0,0.4,0.6,0.4,-33.8,10.9,30.2,5.5,10.0,33.2,18.0,0.4,0.6,0.4,0.0,1.1,2.7,1.46,9.0,1.86,18.0,0.4,0.5,0.4,0.0,4.3,14.8,8.9,9.0,14.0,18.0,0.4,0.5,0.4,2.14,4.96,6.58,4.69,9.0,2.61,18.0,0.4,0.5,0.4,13.1,19.7,32.9,26.9,9.0,19.1,18.0,0.4,0.5,0.4,-78.0,-39.9,59.5,-21.9,10.0,88.3,18.0,0.4,0.6,0.4,-84.5,43.4,99.8,25.1,10.0,87.4,18.0,0.4,0.6,0.4,-41.2,-19.7,12.2,-17.8,9.0,51.2,18.0,0.4,0.5,0.4,-20.0,28.6,52.2,24.3,9.0,42.7,18.0,0.4,0.5,0.4,-18.3,-10.4,8.2,-9.1,9.0,18.1,18.0,0.4,0.5,0.4,-18.8,8.4,26.0,2.2,9.0,27.5,18.0,0.4,0.5,0.4,68.5,321.0,456.5,311.0,10.0,253.5,18.0,0.4,0.6,0.4,70.0,320.0,455.0,310.0,10.0,255.0,18.0,0.4,0.6,0.4
1974,2,211.0,29.0,18.62,20.0,21.2,19.98,12.0,1.34,16.0,0.6,0.6,0.5,17.3,19.0,20.0,19.17,13.0,1.87,16.0,0.5,0.6,0.5,8.88,11.05,12.15,11.01,13.0,2.62,16.0,0.5,0.6,0.5,74.2,82.2,90.0,79.8,13.0,12.7,16.0,0.5,0.5,4.1,5.1,6.34,5.61,13.0,1.77,16.0,0.5,0.6,0.5,-5.59,-1.08,1.11,-2.1,13.0,4.25,16.0,0.5,0.6,0.5,0.0,3.55,5.02,2.91,13.0,2.29,16.0,0.5,0.6,0.5,1019.81,1023.4,1026.47,1022.92,13.0,3.19,16.0,0.5,0.6,0.5,2.0,3.0,8.0,4.2,13.0,2.7,16.0,0.5,0.6,0.5,-35.8,-6.7,5.7,-16.3,13.0,33.3,16.0,0.5,0.6,0.5,0.0,19.9,26.6,16.6,13.0,13.8,16.0,0.5,0.6,0.5,-0.41,1.25,2.23,0.79,12.0,1.79,16.0,0.6,0.6,0.5,-2.5,6.1,16.2,6.1,12.0,11.4,16.0,0.6,0.6,0.5,1.81,3.39,5.13,3.42,12.0,2.34,16.0,0.6,0.6,0.5,10.4,18.8,32.5,20.0,12.0,13.4,16.0,0.6,0.6,0.5,-106.3,-21.0,21.4,-41.2,13.0,77.9,16.0,0.5,0.6,0.5,0.0,67.6,95.9,55.8,13.0,44.2,16.0,0.5,0.6,0.5,-68.3,-12.0,12.0,-23.9,13.0,46.5,16.0,0.5,0.6,0.5,0.0,42.4,54.0,33.3,13.0,25.2,16.0,0.5,0.6,0.5,-31.6,-2.6,8.1,-7.7,12.0,18.6,16.0,0.6,0.6,0.5,0.0,9.0,17.8,9.3,12.0,10.7,16.0,0.6,0.6,0.5,69.0,132.5,259.0,232.5,13.0,279.5,16.0,0.5,0.6,0.5,70.0,135.0,260.0,235.0,13.0,280.0,16.0,0.5,0.6,0.5
1974,2,211.0,30.0,17.59,19.4,21.0,19.13,11.0,1.97,14.0,0.5,0.7,0.5,16.45,18.3,19.55,18.09,13.0,1.94,14.0,0.5,0.7,0.5,8.31,10.48,11.53,9.91,11.0,1.94,16.0,0.5,0.7,0.5,69.9,80.0,87.6,77.6,11.0,9.6,16.0,0.5,0.5,7.4,8.7,11.85,9.25,13.0,3.81,14.0,0.5,0.7,0.5,-8.86,-5.98,3.87,-4.14,13.0,7.67,14.0,0.5,0.7,0.5,-6.79,-2.05,3.65,-1.38,13.0,5.26,14.0,0.5,0.7,0.5,1017.99,1022.7,1027.64,1023.07,13.0,4.06,14.0,0.5,0.7,0.5,2.0,6.0,8.0,5.3,13.0,2.8,14.0,0.5,0.7,0.5,-80.5,-55.6,20.2,-52.0,13.0,111.3,14.0,0.5,0.7,0.5,-59.6,-20.3,36.4,-14.8,13.0,53.0,14.0,0.5,0.7,0.5,0.0,1.0,3.37,1.2,11.0,2.01,14.0,0.5,0.7,0.5,0.0,5.2,32.8,13.0,11.0,20.3,14.0,0.5,0.7,0.5,2.12,3.46,5.21,3.76,10.0,1.65,14.0,0.5,0.7,0.5,15.4,31.7,56.1,37.6,10.0,23.2,14.0,0.5,0.7,0.5,-152.1,-115.8,73.2,-78.2,13.0,138.3,14.0,0.5,0.7,0.5,-111.6,-37.5,75.8,-17.5,13.0,94.4,14.0,0.5,0.7,0.5,-97.3,-33.1,44.9,-40.2,11.0,87.2,16.0,0.5,0.7,0.5,-61.4,-21.5,39.6,-14.9,11.0,47.9,16.0,0.5,0.7,0.5,-37.5,-19.9,12.6,-12.3,10.0,36.3,14.0,0.5,0.7,0.5,-29.6,-11.5,9.1,-12.8,10.0,21.0,14.0,0.5,0.7,0.5,422.0,658.5,1664.0,1214.5,13.0,1777.0,14.0,0.5,0.7,0.5,420.0,660.0,1665.0,1215.0,13.0,1775.0,14.0,0.5,0.7,0.5
1974,2,211.0,31.0,16.49,18.5,19.0,17.98,9.0,1.25,16.0,0.7,0.6,0.4,15.21,17.6,19.84,17.55,10.0,2.52,18.0,0.7,0.6,0.4,8.11,9.71,11.38,9.64,8.0,1.98,18.0,0.8,0.6,0.4,67.1,75.4,85.0,76.4,8.0,9.9,18.0,0.8,0.4,2.31,8.0,12.21,7.22,10.0,5.15,18.0,0.7,0.6,0.4,-8.33,-0.44,1.92,-2.89,10.0,5.03,18.0,0.7,0.6,0.4,-8.4,0.0,4.38,-1.83,10.0,6.79,18.0,0.7,0.6,0.4,1022.49,1024.8,1026.99,1024.48,10.0,2.93,18.0,0.7,0.6,0.4,5.0,6.0,7.6,5.8,10.0,2.3,18.0,0.7,0.6,0.4,-90.7,-1.2,4.4,-38.0,10.0,58.7,18.0,0.7,0.6,0.4,-111.4,0.0,23.4,-32.9,10.0,76.6,18.0,0.7,0.6,0.4,-1.68,0.2,1.57,0.14,9.0,1.76,16.0,0.7,0.6,0.4,-6.9,0.0,16.8,3.7,9.0,11.8,16.0,0.7,0.6,0.4,2.44,2.9,3.84,3.01,8.0,1.18,18.0,0.8,0.6,0.4,3.0,23.3,48.6,25.2,8.0,21.0,18.0,0.8,0.6,0.4,-134.5,-9.3,36.5,-44.7,10.0,82.5,18.0,0.7,0.6,0.4,-138.1,0.0,79.3,-26.6,10.0,109.5,18.0,0.7,0.6,0.4,-73.5,-5.7,14.6,-25.0,8.0,44.5,18.0,0.8,0.6,0.4,-78.3,-23.5,29.9,-23.0,8.0,58.7,18.0,0.8,0.6,0.4,-29.1,-0.4,5.5,-10.1,8.0,18.3,18.0,0.8,0.6,0.4,-33.9,-8.8,6.8,-12.5,8.0,23.2,18.0,0.8,0.6,0.4,13.0,590.0,1845.5,889.0,10.0,1045.5,18.0,0.7,0.6,0.4,15.0,590.0,1845.0,890.0,10.0,1045.0,18.0,0.7,0.6,0.4
1974,2,211.0,32.0,15.95,18.0,18.61,17.3,3.0,2.04,18.0,0.7,0.4,0.4,17.83,17.9,18.51,18.17,3.0,0.55,18.0,0.7,0.4,0.4,9.73,10.49,11.87,10.79,3.0,1.59,18.0,0.7,0.4,0.4,74.4,83.1,94.6,84.5,3.0,14.9,18.0,0.7,0.4,6.99,8.7,8.7,7.87,3.0,1.44,18.0,0.7,0.4,0.4,0.67,6.66,7.7,4.24,3.0,5.56,18.0,0.7,0.4,0.4,3.81,5.59,5.75,4.8,3.0,1.58,18.0,0.7,0.4,0.4,1021.82,1022.5,1024.21,1023.0,3.0,1.8,18.0,0.7,0.4,0.4,3.3,4.0,5.4,4.3,3.0,1.5,18.0,0.7,0.4,0.4,9.4,58.0,67.0,38.7,3.0,45.3,18.0,0.7,0.4,0.4,29.1,36.1,44.7,36.9,3.0,11.4,18.0,0.7,0.4,0.4,-2.23,-0.8,0.5,-0.87,3.0,2.0,18.0,0.7,0.4,0.4,-19.4,-7.0,2.4,-8.5,3.0,16.1,18.0,0.7,0.4,0.4,0.29,0.9,2.55,1.41,3.0,1.72,18.0,0.7,0.4,0.4,1.8,5.6,21.5,11.5,3.0,15.3,18.0,0.7,0.4,0.4,14.0,125.3,139.7,78.0,3.0,100.8,18.0,0.7,0.4,0.4,69.3,103.7,104.7,87.4,3.0,29.5,18.0,0.7,0.4,0.4,1.7,62.5,78.4,40.6,3.0,59.3,18.0,0.7,0.4,0.4,38.0,52.5,66.4,52.2,3.0,20.8,18.0,0.7,0.4,0.4,-1.3,0.0,15.1,6.7,3.0,13.4,18.0,0.7,0.4,0.4,1.7,5.3,14.3,7.9,3.0,9.6,18.0,0.7,0.4,0.4,371.5,658.5,658.5,518.5,3.0,242.5,18.0,0.7,0.4,0.4,370.0,660.0,660.0,520.0,3.0,245.0,18.0,0.7,0.4,0.4
1974,2,211.0,33.0,15.77,16.35,19.23,17.16,10.0,1.79,14.0,0.5,0.5,0.5,14.0,16.0,17.5,16.15,14.0,2.19,14.0,0.4,0.6,0.4,6.45,9.48,11.47,9.16,11.0,2.26,14.0,0.5,0.5,0.5,68.0,80.1,90.3,79.4,12.0,11.4,14.0,0.5,0.4,6.23,8.2,10.27,8.26,14.0,2.16,14.0,0.4,0.6,0.4,-2.72,0.0,6.61,1.72,14.0,4.68,14.0,0.4,0.6,0.4,-7.61,-4.7,7.83,-0.93,14.0,7.22,14.0,0.4,0.6,0.4,1017.09,1024.2,1027.23,1023.32,13.0,4.66,14.0,0.5,0.5,0.5,3.9,7.0,8.0,6.0,13.0,2.4,14.0,0.5,0.6,0.4,-22.4,0.0,67.6,20.0,14.0,43.2,14.0,0.4,0.6,0.4,-61.9,-27.4,75.6,0.6,14.0,69.7,14.0,0.4,0.6,0.4,0.0,0.7,2.33,1.05,10.0,1.12,14.0,0.5,0.5,0.5,0.0,4.5,20.1,8.4,10.0,10.3,14.0,0.5,0.5,0.5,1.82,2.78,4.47,3.05,10.0,1.45,14.0,0.5,0.5,0.5,12.6,24.2,40.1,25.5,10.0,13.0,14.0,0.5,0.5,0.5,-38.3,0.0,105.8,28.6,14.0,78.7,14.0,0.4,0.6,0.4,-107.2,-71.3,134.8,-4.5,14.0,122.4,14.0,0.4,0.6,0.4,-14.7,0.0,71.6,18.1,11.0,44.7,14.0,0.5,0.5,0.5,-57.0,-30.0,88.4,11.5,11.0,76.5,14.0,0.5,0.5,0.5,-6.6,0.0,13.9,4.6,10.0,14.2,14.0,0.5,0.5,0.5,-33.5,-14.9,17.3,-9.6,10.0,23.8,14.0,0.5,0.5,0.5,242.5,551.5,1083.0,676.5,14.0,543.5,14.0,0.4,0.6,0.4,240.0,550.0,1085.0,675.0,14.0,545.0,14.0,0.4,0.6,0.4
1974,2,211.0,34.0,13.95,16.0,17.34,15.83,7.0,1.82,12.0,0.4,0.5,0.3,13.19,15.6,17.3,15.23,7.0,2.29,10.0,0.4,0.6,0.4,7.73,9.76,10.94,9.41,7.0,1.59,10.0,0.4,0.6,0.4,85.0,87.9,90.3,87.6,7.0,3.1,10.0,0.4,0.4,2.88,5.65,6.64,5.28,8.0,3.02,12.0,0.5,0.6,0.4,-4.93,-1.55,0.0,-2.16,8.0,2.78,12.0,0.5,0.6,0.4,-4.81,1.95,5.99,1.17,8.0,5.13,12.0,0.5,0.6,0.4,1019.54,1023.35,1028.42,1023.85,8.0,4.63,12.0,0.5,0.6,0.4,3.6,8.0,8.0,6.6,8.0,2.6,12.0,0.5,0.6,0.4,-32.7,-8.4,0.0,-17.0,8.0,24.4,12.0,0.5,0.6,0.4,-23.8,10.0,37.4,12.9,8.0,37.4,12.0,0.5,0.6,0.4,-0.08,0.95,2.42,1.12,6.0,1.28,12.0,0.3,0.5,0.4,-0.9,2.7,8.2,4.1,6.0,7.7,12.0,0.3,0.5,0.4,1.34,1.9,2.94,2.07,6.0,0.78,12.0,0.3,0.5,0.4,6.2,11.1,14.8,10.3,6.0,6.1,12.0,0.3,0.5,0.4,-90.2,-34.4,0.7,-38.5,7.0,47.2,10.0,0.4,0.6,0.4,-38.9,60.9,108.3,39.3,7.0,72.8,10.0,0.4,0.6,0.4,-58.0,-21.2,0.4,-23.8,7.0,29.2,10.0,0.4,0.6,0.4,-24.5,37.2,68.2,24.3,7.0,44.9,10.0,0.4,0.6,0.4,-9.0,-7.8,0.0,-5.6,6.0,4.4,12.0,0.3,0.5,0.4,-3.2,7.6,8.8,3.1,6.0,9.8,12.0,0.3,0.5,0.4,30.5,185.5,294.0,269.0,8.0,349.5,12.0,0.5,0.6,0.4,30.0,185.0,295.0,270.0,8.0,350.0,12.0,0.5,0.6,0.4
1974,2,211.0,35.0,14.0,15.0,15.44,15.06,8.0,1.78,16.0,0.8,0.6,0.5,14.0,15.25,16.98,15.38,12.0,1.69,16.0,0.7,0.6,0.4,7.27,9.73,10.87,9.38,9.0,1.72,16.0,0.7,0.6,0.4,78.9,89.7,92.1,85.2,9.0,8.9,16.0,0.7,0.4,5.1,9.0,11.18,8.78,12.0,2.73,16.0,0.7,0.6,0.4,-3.62,0.0,8.0,1.03,12.0,5.89,16.0,0.7,0.6,0.4,-4.59,5.87,9.49,3.19,12.0,6.67,16.0,0.7,0.6,0.4,1017.53,1022.85,1027.08,1021.19,12.0,7.23,16.0,0.7,0.6,0.4,4.2,7.5,8.0,6.4,12.0,2.5,16.0,0.7,0.6,0.4,-26.4,0.0,91.4,17.2,12.0,65.0,16.0,0.7,0.6,0.4,-32.4,43.8,101.3,35.0,12.0,63.5,16.0,0.7,0.6,0.4,-2.66,-0.45,1.4,-0.64,8.0,2.52,16.0,0.8,0.6,0.5,-22.0,-4.8,14.3,-4.0,8.0,16.7,16.0,0.8,0.6,0.5,-0.66,0.55,3.54,1.09,8.0,1.91,16.0,0.8,0.6,0.5,-5.0,4.0,25.5,9.8,8.0,16.3,16.0,0.8,0.6,0.5,-55.6,0.0,133.9,17.5,12.0,90.6,16.0,0.7,0.6,0.4,-72.7,84.3,151.2,50.5,12.0,105.9,16.0,0.7,0.6,0.4,-21.5,0.0,69.1,16.8,9.0,49.2,16.0,0.7,0.6,0.4,-48.4,69.5,102.2,36.7,9.0,70.8,16.0,0.7,0.6,0.4,0.0,0.9,6.0,3.4,8.0,5.9,16.0,0.8,0.6,0.5,-5.1,3.0,19.9,8.5,8.0,15.7,16.0,0.8,0.6,0.5,132.5,731.5,1412.5,853.0,12.0,666.5,16.0,0.7,0.6,0.4,135.0,730.0,1415.0,855.0,12.0,665.0,16.0,0.7,0.6,0.4
1974,2,211.0,36.0,13.63,14.4,16.0,14.5,6.0,1.42,14.0,0.3,0.7,0.4,12.48,14.25,16.21,14.73,8.0,2.62,14.0,0.4,0.6,0.4,5.72,6.56,9.98,7.49,6.0,2.2,14.0,0.3,0.7,0.4,66.3,70.3,90.9,75.8,6.0,12.9,14.0,0.3,0.4,5.01,5.1,8.64,6.39,8.0,2.78,14.0,0.4,0.6,0.4,-3.44,2.28,4.94,1.86,8.0,4.47,14.0,0.4,0.6,0.4,-2.56,0.0,4.9,0.85,8.0,5.44,14.0,0.4,0.6,0.4,1018.52,1023.05,1027.89,1023.26,8.0,4.23,14.0,0.4,0.6,0.4,3.0,8.0,8.0,6.1,7.0,2.6,12.0,0.4,0.7,0.4,-17.7,11.8,32.7,11.8,8.0,36.2,14.0,0.4,0.6,0.4,-12.3,0.0,25.0,10.6,8.0,50.8,14.0,0.4,0.6,0.4,-1.19,1.2,2.5,0.7,6.0,1.98,14.0,0.3,0.7,0.4,-6.0,6.1,11.9,4.4,6.0,11.2,14.0,0.3,0.7,0.4,0.95,3.26,4.45,2.68,6.0,2.19,14.0,0.3,0.7,0.4,7.6,13.8,25.6,15.6,6.0,13.9,14.0,0.3,0.7,0.4,-52.1,30.1,64.4,29.6,8.0,76.2,14.0,0.4,0.6,0.4,-31.5,0.0,79.4,17.3,8.0,80.3,14.0,0.4,0.6,0.4,-7.8,13.5,28.1,8.2,6.0,26.2,14.0,0.3,0.7,0.4,-21.3,-7.1,64.8,13.9,6.0,55.2,14.0,0.3,0.7,0.4,-1.1,6.4,18.9,7.6,6.0,10.4,14.0,0.3,0.7,0.4,-15.6,-7.8,3.1,-7.4,6.0,15.7,14.0,0.3,0.7,0.4,126.0,132.5,646.5,399.0,8.0,480.0,14.0,0.4,0.6,0.4,125.0,135.0,645.0,400.0,8.0,480.0,14.0,0.4,0.6,0.4
1974,2,211.0,37.0,13.85,14.5,15.73,14.82,5.0,1.33,14.0,1.0,0.3,0.4,11.54,15.5,15.76,13.84,5.0,2.97,14.0,1.0,0.3,0.4,6.19,7.36,7.69,6.88,5.0,1.38,14.0,1.0,0.3,0.4,64.6,71.2,73.7,69.8,5.0,5.8,14.0,1.0,0.4,6.52,8.2,12.9,9.38,5.0,3.3,14.0,1.0,0.3,0.4,1.45,6.2,8.12,5.09,5.0,3.94,14.0,1.0,0.3,0.4,-9.97,0.0,4.9,-2.16,5.0,8.19,14.0,1.0,0.3,0.4,1018.92,1024.5,1025.0,1022.16,5.0,4.18,14.0,1.0,0.3,0.4,2.6,5.0,6.7,4.8,5.0,2.4,14.0,1.0,0.3,0.4,9.7,38.4,83.5,47.9,5.0,49.7,14.0,1.0,0.3,0.4,-128.7,0.0,36.7,-39.5,5.0,92.5,14.0,1.0,0.3,0.4,-1.44,1.5,2.95,0.98,5.0,2.67,14.0,1.0,0.3,0.4,-9.2,16.4,34.0,15.0,5.0,28.6,14.0,1.0,0.3,0.4,2.46,3.3,4.55,3.51,5.0,1.15,14.0,1.0,0.3,0.4,16.0,27.1,58.6,35.8,5.0,23.1,14.0,1.0,0.3,0.4,22.5,88.9,95.3,63.4,5.0,43.8,14.0,1.0,0.3,0.4,-120.4,0.0,69.5,-24.7,5.0,117.1,14.0,1.0,0.3,0.4,11.3,43.9,47.7,31.7,5.0,21.9,14.0,1.0,0.3,0.4,-59.5,0.0,36.5,-11.5,5.0,58.6,14.0,1.0,0.3,0.4,3.6,15.1,33.3,18.9,5.0,19.8,14.0,1.0,0.3,0.4,-46.8,0.0,14.3,-13.5,5.0,32.7,14.0,1.0,0.3,0.4,278.0,551.5,2146.5,1077.0,5.0,983.5,14.0,1.0,0.3,0.4,280.0,550.0,2145.0,1075.0,5.0,985.0,14.0,1.0,0.3,0.4
1974,2,211.0,38.0,12.45,13.9,15.05,13.78,5.0,1.68,10.0,0.2,0.6,0.4,13.45,14.7,15.37,14.44,5.0,1.3,10.0,0.2,0.6,0.4,6.87,8.72,10.22,8.55,4.0,1.96,10.0,0.3,0.7,0.4,73.6,82.0,95.1,84.2,4.0,12.9,10.0,0.3,0.4,4.25,7.2,11.6,7.54,5.0,4.95,10.0,0.2,0.6,0.4,1.56,3.69,5.63,3.56,5.0,2.5,10.0,0.2,0.6,0.4,-2.47,4.31,10.55,3.79,5.0,7.45,10.0,0.2,0.6,0.4,1009.11,1018.5,1022.3,1016.46,5.0,8.0,10.0,0.2,0.6,0.4,4.5,6.5,8.0,6.3,4.0,2.1,10.0,0.3,0.7,0.4,11.3,34.4,56.2,35.3,5.0,31.6,10.0,0.2,0.6,0.4,-17.8,28.9,123.0,47.2,5.0,79.8,10.0,0.2,0.6,0.4,-2.18,-0.2,0.51,-0.66,5.0,1.59,10.0,0.2,0.6,0.4,-10.9,0.0,3.7,-3.6,5.0,13.4,10.0,0.2,0.6,0.4,0.43,1.11,2.27,1.34,4.0,1.41,10.0,0.3,0.7,0.4,-0.8,3.9,16.0,7.5,4.0,11.4,10.0,0.3,0.7,0.4,19.5,54.3,87.7,52.9,5.0,39.2,10.0,0.2,0.6,0.4,-30.9,68.9,156.4,60.5,5.0,105.3,10.0,0.2,0.6,0.4,7.6,27.0,45.4,26.5,4.0,23.1,10.0,0.3,0.7,0.4,-22.9,21.8,75.6,26.1,4.0,63.3,10.0,0.3,0.7,0.4,-0.3,3.0,7.1,3.4,4.0,4.3,10.0,0.3,0.7,0.4,-12.2,-0.7,2.7,-4.6,4.0,11.9,10.0,0.3,0.7,0.4,191.0,373.0,1602.0,826.0,5.0,898.5,10.0,0.2,0.6,0.4,190.0,375.0,1600.0,825.0,5.0,900.0,10.0,0.2,0.6,0.4
1974,2,211.0,39.0,10.9,11.55,12.2,11.55,2.0,1.34,16.0,0.0,0.1,0.4,8.47,9.9,11.33,9.9,2.0,2.97,16.0,0.0,0.1,0.4,5.65,6.68,7.71,6.68,2.0,2.13,16.0,0.0,0.1,0.4,81.4,86.3,91.3,86.3,2.0,10.3,16.0,0.0,0.4,12.9,12.9,12.9,12.9,2.0,0.0,16.0,0.0,0.1,0.4,11.17,11.17,11.17,11.17,2.0,0.0,16.0,0.0,0.1,0.4,-4.4,0.0,4.4,0.0,2.0,9.12,16.0,0.0,0.1,0.4,1007.08,1009.4,1011.72,1009.4,2.0,4.81,16.0,0.0,0.1,0.4,8.0,8.0,8.0,8.0,1.0,0.0,20.0,0.0,0.1,0.2,144.1,144.1,144.1,144.1,2.0,0.0,16.0,0.0,0.1,0.4,-56.8,0.0,56.8,0.0,2.0,117.7,16.0,0.0,0.1,0.4,0.87,1.65,2.43,1.65,2.0,1.63,16.0,0.0,0.1,0.4,11.2,21.3,31.4,21.3,2.0,21.0,16.0,0.0,0.1,0.4,1.16,1.8,2.44,1.8,2.0,1.33,16.0,0.0,0.1,0.4,14.9,23.2,31.5,23.2,2.0,17.2,16.0,0.0,0.1,0.4,94.6,110.6,126.6,110.6,2.0,33.2,16.0,0.0,0.1,0.4,-30.0,13.5,57.1,13.5,2.0,90.3,16.0,0.0,0.1,0.4,63.2,74.6,86.1,74.6,2.0,23.8,16.0,0.0,0.1,0.4,-19.7,9.7,39.1,9.7,2.0,60.9,16.0,0.0,0.1,0.4,12.9,20.1,27.3,20.1,2.0,14.9,16.0,0.0,0.1,0.4,-14.0,-6.1,1.8,-6.1,2.0,16.4,16.0,0.0,0.1,0.4,2146.5,2146.5,2146.5,2146.5,2.0,0.0,16.0,0.0,0.1,0.4,2145.0,2145.0,2145.0,2145.0,2.0,0.0,16.0,0.0,0.1,0.4
1974,2,211.0,40.0,11.96,12.0,12.54,12.17,7.0,0.66,14.0,0.4,0.4,0.3,10.29,12.1,14.05,11.96,7.0,3.0,14.0,0.4,0.4,0.3,5.05,7.33,8.71,6.96,7.0,2.01,14.0,0.4,0.4,0.3,65.3,75.5,94.0,78.5,7.0,14.4,14.0,0.4,0.3,7.18,11.8,15.52,11.67,7.0,4.1,14.0,0.4,0.4,0.3,4.9,6.3,15.19,8.68,7.0,5.81,14.0,0.4,0.4,0.3,-3.86,2.29,9.06,1.87,7.0,7.08,14.0,0.4,0.4,0.3,1011.57,1016.5,1023.34,1016.71,7.0,7.9,14.0,0.4,0.4,0.3,2.0,8.0,8.0,6.0,7.0,2.8,14.0,0.4,0.4,0.3,40.2,53.0,235.8,115.1,7.0,108.1,14.0,0.4,0.4,0.3,-32.4,15.4,94.1,14.2,7.0,96.0,14.0,0.4,0.4,0.3,-2.05,-1.0,2.25,0.21,7.0,3.47,14.0,0.4,0.4,0.3,-20.1,-11.8,35.5,13.3,7.0,54.3,14.0,0.4,0.4,0.3,-0.03,0.94,3.92,1.81,7.0,2.27,14.0,0.4,0.4,0.3,-0.2,11.1,61.1,28.4,7.0,39.6,14.0,0.4,0.4,0.3,58.8,94.4,159.9,95.7,7.0,58.1,14.0,0.4,0.4,0.3,-50.6,28.1,108.7,29.6,7.0,74.4,14.0,0.4,0.4,0.3,42.6,55.7,78.0,52.8,7.0,27.3,14.0,0.4,0.4,0.3,-32.2,13.7,77.9,18.6,7.0,47.8,14.0,0.4,0.4,0.3,-0.2,4.5,59.6,24.7,7.0,36.1,14.0,0.4,0.4,0.3,-2.5,1.6,10.3,-3.8,7.0,21.7,14.0,0.4,0.4,0.3,370.0,1643.0,3756.5,2108.0,7.0,1993.0,14.0,0.4,0.4,0.3,370.0,1645.0,3755.0,2110.0,7.0,1995.0,14.0,0.4,0.4,0.3
1974,2,211.0,41.0,10.0,10.0,10.68,10.33,3.0,0.58,20.0,1.0,0.8,0.3,3.77,6.5,9.03,6.4,3.0,3.85,20.0,1.0,0.8,0.3,3.96,4.92,5.89,4.92,2.0,2.0,18.0,1.0,0.8,0.3,78.5,80.2,82.0,80.2,2.0,3.6,18.0,1.0,0.3,11.28,12.3,12.71,12.0,3.0,1.08,20.0,1.0,0.8,0.3,8.64,9.42,11.27,9.94,3.0,1.98,20.0,1.0,0.8,0.3,-7.6,-6.94,-5.22,-6.42,3.0,1.8,20.0,1.0,0.8,0.3,1015.93,1019.0,1021.05,1018.5,3.0,3.77,20.0,1.0,0.8,0.3,6.3,7.0,7.7,7.0,3.0,1.0,20.0,1.0,0.8,0.3,97.8,115.9,143.5,120.5,3.0,33.8,20.0,1.0,0.8,0.3,-90.2,-75.0,-62.6,-76.4,3.0,20.2,20.0,1.0,0.8,0.3,1.29,4.5,6.55,3.93,3.0,3.88,20.0,1.0,0.8,0.3,13.7,48.6,81.5,47.6,3.0,49.6,20.0,1.0,0.8,0.3,1.68,2.65,3.63,2.65,2.0,2.02,18.0,1.0,0.8,0.3,21.0,33.9,46.7,33.9,2.0,26.6,18.0,1.0,0.8,0.3,37.8,53.8,82.7,60.1,3.0,33.3,20.0,1.0,0.8,0.3,-69.4,-45.1,-21.9,-45.6,3.0,34.8,20.0,1.0,0.8,0.3,45.2,51.1,57.0,51.1,2.0,12.1,18.0,1.0,0.8,0.3,-44.6,-32.8,-21.0,-32.8,2.0,24.5,18.0,1.0,0.8,0.3,17.6,30.5,43.5,30.5,2.0,26.9,18.0,1.0,0.8,0.3,-16.7,-13.9,-11.0,-13.9,2.0,5.9,18.0,1.0,0.8,0.3,1450.5,1861.0,2056.0,1756.0,3.0,452.5,20.0,1.0,0.8,0.3,1450.0,1860.0,2055.0,1755.0,3.0,455.0,20.0,1.0,0.8,0.3
1974,2,211.0,42.0,10.32,11.0,13.05,11.67,3.0,2.08,16.0,1.0,0.4,0.5,10.06,10.2,11.43,10.73,3.0,1.1,16.0,1.0,0.4,0.5,6.14,6.8,7.92,7.03,3.0,1.32,16.0,1.0,0.4,0.5,79.9,88.0,94.0,87.0,3.0,10.3,16.0,1.0,0.5,8.34,10.8,11.14,9.77,3.0,2.24,16.0,1.0,0.4,0.5,3.53,7.09,8.93,6.25,3.0,4.02,16.0,1.0,0.4,0.5,2.65,5.65,9.05,5.85,3.0,4.7,16.0,1.0,0.4,0.5,1005.43,1008.5,1009.66,1007.57,3.0,3.2,16.0,1.0,0.4,0.5,3.9,8.0,8.0,6.0,3.0,3.5,16.0,1.0,0.4,0.5,30.0,51.1,91.7,60.6,3.0,45.9,16.0,1.0,0.4,0.5,26.4,63.8,98.7,62.6,3.0,52.9,16.0,1.0,0.4,0.5,-1.05,1.0,2.91,0.93,3.0,2.9,16.0,1.0,0.4,0.5,-11.2,11.3,22.3,5.7,3.0,25.0,16.0,1.0,0.4,0.5,0.2,2.37,2.9,1.57,3.0,2.09,16.0,1.0,0.4,0.5,1.2,22.6,25.4,13.6,3.0,19.4,16.0,1.0,0.4,0.5,38.3,72.3,89.8,64.2,3.0,38.3,16.0,1.0,0.4,0.5,26.6,56.5,105.1,65.6,3.0,58.0,16.0,1.0,0.4,0.5,26.1,48.2,54.3,40.4,3.0,21.7,16.0,1.0,0.4,0.5,16.3,33.0,71.8,43.8,3.0,41.7,16.0,1.0,0.4,0.5,6.0,22.3,22.9,14.6,3.0,14.0,16.0,1.0,0.4,0.5,-4.6,3.9,10.4,2.9,3.0,11.0,16.0,1.0,0.4,0.5,654.5,1259.5,1385.0,1025.5,3.0,572.0,16.0,1.0,0.4,0.5,655.0,1260.0,1385.0,1025.0,3.0,570.0,16.0,1.0,0.4,0.5
1974,2,211.0,43.0,,,,,,,,,,,,,,,,,,,,,,,,,,,,,,,,,,,,,,,,4.96,8.9,12.69,8.83,4.0,4.87,22.0,0.5,0.5,0.1,-2.32,5.32,9.72,3.78,4.0,7.79,22.0,0.5,0.5,0.1,-5.99,-0.2,4.59,-0.68,4.0,6.87,22.0,0.5,0.5,0.1,1002.63,1007.15,1016.38,1009.4,4.0,9.19,22.0,0.5,0.5,0.1,4.5,6.0,7.5,6.0,4.0,1.8,22.0,0.5,0.5,0.1,-20.6,48.4,125.8,52.4,4.0,90.2,22.0,0.5,0.5,0.1,-77.8,-5.3,42.2,-17.2,4.0,86.6,22.0,0.5,0.5,0.1,,,,,,,,,,,,,,,,,,,,,,,,,,,,,,,,,,,,,,,,,36.3,61.9,87.4,61.9,2.0,52.9,26.0,0.5,0.6,0.1,-66.8,-31.4,4.0,-31.4,2.0,73.4,26.0,0.5,0.6,0.1,60.1,60.1,60.1,60.1,1.0,0.0,28.0,0.0,0.7,0.0,-50.4,-50.4,-50.4,-50.4,1.0,0.0,28.0,0.0,0.7,0.0,,,,,,,,,,,,,,,,,,,,,,,,,,,,,,,,,,,,,,,,
1974,2,211.0,44.0,8.48,8.5,9.05,8.79,7.0,0.64,20.0,0.4,0.6,0.4,3.76,8.0,10.0,7.41,11.0,3.64,18.0,0.6,0.5,0.4,4.21,5.93,6.22,5.46,8.0,1.0,20.0,0.5,0.5,0.4,76.1,84.4,92.1,84.3,8.0,7.0,20.0,0.5,0.4,6.42,8.7,13.52,9.89,11.0,4.52,18.0,0.6,0.5,0.4,6.03,8.18,11.56,8.03,11.0,4.68,18.0,0.6,0.5,0.4,-5.37,0.0,2.88,-1.08,11.0,5.82,18.0,0.6,0.5,0.4,1004.34,1013.5,1016.82,1011.04,11.0,6.12,18.0,0.6,0.5,0.4,1.0,4.0,8.0,4.4,11.0,3.0,18.0,0.6,0.5,0.4,40.9,71.1,154.4,96.1,11.0,83.1,18.0,0.6,0.5,0.4,-67.0,0.0,24.2,-21.8,11.0,92.7,18.0,0.6,0.5,0.4,-0.05,0.5,3.64,1.64,7.0,2.61,20.0,0.4,0.6,0.4,-0.4,6.5,54.0,27.2,7.0,47.9,20.0,0.4,0.6,0.4,0.84,1.46,2.82,1.65,7.0,0.99,20.0,0.4,0.6,0.4,7.3,13.9,41.4,21.7,7.0,20.7,20.0,0.4,0.6,0.4,37.7,57.9,89.3,63.0,11.0,32.1,18.0,0.6,0.5,0.4,-22.7,0.0,29.6,3.6,11.0,31.6,18.0,0.6,0.5,0.4,44.8,49.6,56.9,52.6,8.0,10.7,20.0,0.5,0.5,0.4,-35.3,0.0,16.3,-2.7,8.0,30.9,20.0,0.5,0.5,0.4,7.3,10.7,31.7,17.7,7.0,15.3,20.0,0.4,0.6,0.4,-26.6,0.0,5.5,-6.8,7.0,18.1,20.0,0.4,0.6,0.4,308.0,658.5,2493.5,1578.0,11.0,2149.0,18.0,0.6,0.5,0.4,310.0,660.0,2495.0,1580.0,11.0,2150.0,18.0,0.6,0.5,0.4
1974,2,211.0,45.0,6.79,7.9,8.0,7.47,6.0,0.82,10.0,0.3,0.5,0.4,7.0,8.25,9.0,7.96,8.0,1.61,10.0,0.4,0.5,0.4,5.33,6.09,6.14,5.71,5.0,0.86,10.0,0.4,0.5,0.4,78.6,86.7,93.8,86.8,5.0,9.0,10.0,0.4,0.4,7.2,8.5,10.8,10.1,8.0,4.73,10.0,0.4,0.5,0.4,-6.68,1.83,7.19,0.9,8.0,7.18,10.0,0.4,0.5,0.4,-5.06,1.23,7.22,2.59,8.0,8.88,10.0,0.4,0.5,0.4,1020.22,1023.5,1024.89,1022.13,8.0,4.12,10.0,0.4,0.5,0.4,1.0,7.0,8.0,5.6,7.0,3.2,10.0,0.4,0.6,0.4,-51.5,11.0,98.1,24.3,8.0,79.9,10.0,0.4,0.5,0.4,-53.6,8.9,65.1,49.4,8.0,158.1,10.0,0.4,0.5,0.4,-2.04,-0.85,1.21,-0.48,6.0,1.68,10.0,0.3,0.5,0.4,-20.4,-6.4,11.8,-6.5,6.0,21.9,10.0,0.3,0.5,0.4,0.42,0.44,1.07,0.76,5.0,0.68,10.0,0.4,0.5,0.4,3.1,3.8,10.3,7.0,5.0,8.0,10.0,0.4,0.5,0.4,-58.8,11.5,56.7,3.7,8.0,55.6,10.0,0.4,0.5,0.4,-26.6,11.1,63.4,23.4,8.0,68.3,10.0,0.4,0.5,0.4,-39.5,-16.0,38.2,-4.0,5.0,40.1,10.0,0.4,0.5,0.4,-17.0,0.0,43.9,10.3,5.0,31.7,10.0,0.4,0.5,0.4,-2.8,-1.0,9.0,3.0,5.0,9.0,10.0,0.4,0.5,0.4,-4.7,0.0,2.9,-1.2,5.0,5.6,10.0,0.4,0.5,0.4,373.0,630.5,1259.5,1777.5,8.0,3102.0,10.0,0.4,0.5,0.4,375.0,630.0,1260.0,1780.0,8.0,3100.0,10.0,0.4,0.5,0.4
1974,2,211.0,46.0,4.48,6.7,7.05,6.17,7.0,1.45,22.0,0.3,0.7,0.6,2.0,3.0,6.53,4.17,7.0,2.29,22.0,0.3,0.7,0.6,3.56,3.97,5.39,4.17,7.0,1.12,22.0,0.3,0.7,0.6,77.0,84.2,85.1,79.7,7.0,13.4,22.0,0.3,0.6,10.73,12.9,15.12,13.3,7.0,3.38,22.0,0.3,0.7,0.6,-0.41,8.05,13.55,6.1,7.0,8.03,22.0,0.3,0.7,0.6,-5.39,4.65,7.85,2.23,7.0,10.2,22.0,0.3,0.7,0.6,1000.79,1006.8,1012.17,1007.11,7.0,6.89,22.0,0.3,0.7,0.6,4.8,7.0,8.0,6.5,6.0,1.6,22.0,0.3,0.8,0.6,-4.7,83.2,195.5,80.7,7.0,106.6,22.0,0.3,0.7,0.6,-79.2,43.2,96.3,39.0,7.0,172.0,22.0,0.3,0.7,0.6,-0.55,2.0,5.02,2.0,7.0,2.68,22.0,0.3,0.7,0.6,-5.8,28.8,62.7,25.1,7.0,37.1,22.0,0.3,0.7,0.6,0.72,1.51,2.92,1.75,7.0,1.35,22.0,0.3,0.7,0.6,6.6,20.4,33.7,22.3,7.0,19.8,22.0,0.3,0.7,0.6,-1.0,27.1,58.1,24.5,7.0,29.5,22.0,0.3,0.7,0.6,-11.3,18.2,39.0,21.5,7.0,49.1,22.0,0.3,0.7,0.6,-1.6,31.0,44.1,22.8,7.0,29.8,22.0,0.3,0.7,0.6,-19.1,25.2,31.7,15.7,7.0,48.0,22.0,0.3,0.7,0.6,-1.2,11.9,20.9,11.7,7.0,24.1,22.0,0.3,0.7,0.6,-20.2,-2.9,8.8,-2.6,7.0,15.0,22.0,0.3,0.7,0.6,1238.0,2146.5,3504.5,2766.0,7.0,2243.5,22.0,0.3,0.7,0.6,1240.0,2145.0,3505.0,2765.0,7.0,2245.0,22.0,0.3,0.7,0.6
1974,2,211.0,47.0,5.63,6.0,7.37,6.4,5.0,1.14,12.0,0.8,0.5,0.6,7.0,7.0,8.18,7.5,5.0,0.71,12.0,0.8,0.5,0.6,5.43,5.67,6.01,5.72,4.0,0.36,12.0,0.8,0.6,0.6,83.8,89.9,96.5,90.2,4.0,8.2,12.0,0.8,0.6,7.85,12.3,17.0,12.04,5.0,5.56,12.0,0.8,0.5,0.6,-6.11,3.6,9.82,1.49,5.0,11.19,12.0,0.8,0.5,0.6,-1.08,2.14,11.92,4.84,5.0,7.4,12.0,0.8,0.5,0.6,996.13,1016.0,1020.05,1009.4,5.0,13.24,12.0,0.8,0.5,0.6,5.3,8.0,8.0,6.7,3.0,2.3,10.0,1.0,0.4,0.4,-103.9,13.0,146.1,4.4,5.0,176.2,12.0,0.8,0.5,0.6,-18.3,26.3,158.7,66.5,5.0,117.3,12.0,0.8,0.5,0.6,-2.18,-1.0,0.0,-1.1,5.0,1.14,12.0,0.8,0.5,0.6,-25.0,-17.0,0.0,-13.5,5.0,12.7,12.0,0.8,0.5,0.6,0.0,0.02,0.14,0.07,4.0,0.11,12.0,0.8,0.6,0.6,0.0,0.3,1.6,0.8,4.0,1.1,12.0,0.8,0.6,0.6,-42.8,28.8,68.7,11.2,5.0,78.5,12.0,0.8,0.5,0.6,-7.5,15.0,93.2,37.0,5.0,55.0,12.0,0.8,0.5,0.6,-51.1,26.3,59.0,5.0,4.0,74.0,12.0,0.8,0.6,0.6,-3.6,34.1,74.7,35.5,4.0,47.9,12.0,0.8,0.6,0.6,-0.4,0.0,0.0,-0.2,4.0,0.3,12.0,0.8,0.6,0.6,-0.1,0.0,1.3,0.6,4.0,1.2,12.0,0.8,0.6,0.6,710.5,1861.0,4913.0,2565.5,5.0,2238.0,12.0,0.8,0.5,0.6,710.0,1860.0,4915.0,2565.0,5.0,2240.0,12.0,0.8,0.5,0.6
1974,2,211.0,48.0,4.61,5.75,6.29,5.45,6.0,1.33,16.0,0.3,0.3,0.4,3.79,5.5,7.88,5.72,5.0,2.82,16.0,0.4,0.4,0.4,3.57,5.37,6.21,4.95,5.0,1.42,16.0,0.4,0.4,0.4,71.7,86.1,95.3,84.4,5.0,12.7,16.0,0.4,0.4,9.07,10.8,16.1,11.93,6.0,3.49,16.0,0.3,0.3,0.4,2.35,6.73,11.28,6.47,6.0,5.81,16.0,0.3,0.3,0.4,-8.96,1.53,9.52,0.32,6.0,9.95,16.0,0.3,0.3,0.4,977.43,1009.2,1015.37,1000.57,6.0,18.67,16.0,0.3,0.3,0.4,7.3,8.0,8.0,7.6,5.0,0.9,18.0,0.2,0.4,0.3,26.9,66.6,184.6,91.1,6.0,90.6,16.0,0.3,0.3,0.4,-144.6,10.0,102.8,-17.7,6.0,131.2,16.0,0.3,0.3,0.4,-2.06,0.0,2.56,0.2,5.0,3.07,16.0,0.4,0.4,0.4,-18.5,0.0,36.8,9.2,5.0,39.5,16.0,0.4,0.4,0.4,-0.52,1.06,2.0,0.86,5.0,1.43,16.0,0.4,0.4,0.4,-4.9,11.5,25.9,12.3,5.0,20.8,16.0,0.4,0.4,0.4,1.8,25.9,33.6,17.5,5.0,25.8,16.0,0.4,0.4,0.4,-22.1,51.4,71.5,30.0,5.0,48.6,16.0,0.4,0.4,0.4,8.1,29.0,31.6,19.6,5.0,21.1,16.0,0.4,0.4,0.4,-25.6,48.3,54.8,20.9,5.0,46.0,16.0,0.4,0.4,0.4,0.7,5.7,18.7,9.6,5.0,12.2,16.0,0.4,0.4,0.4,-17.4,-5.4,1.0,-8.4,5.0,16.4,16.0,0.4,0.4,0.4,752.0,1259.5,4178.0,2077.0,6.0,1743.0,16.0,0.3,0.3,0.4,750.0,1260.0,4180.0,2075.0,6.0,1745.0,16.0,0.3,0.3,0.4
1974,2,211.0,49.0,4.86,5.0,5.81,5.3,6.0,0.92,14.0,0.5,0.7,0.5,4.17,5.5,6.21,5.28,6.0,1.32,14.0,0.5,0.7,0.5,3.91,4.65,5.56,4.75,6.0,0.87,14.0,0.5,0.7,0.5,79.2,85.4,92.7,84.8,6.0,8.1,14.0,0.5,0.5,7.39,8.75,12.9,9.53,6.0,2.85,14.0,0.5,0.7,0.5,0.0,2.37,7.73,3.44,6.0,3.95,14.0,0.5,0.7,0.5,-0.96,5.84,10.51,4.33,6.0,8.05,14.0,0.5,0.7,0.5,991.04,1010.25,1019.19,1004.8,6.0,18.22,14.0,0.5,0.7,0.5,4.6,5.5,8.0,5.8,6.0,1.9,14.0,0.5,0.7,0.5,0.0,14.7,68.4,32.5,6.0,43.3,14.0,0.5,0.7,0.5,-11.7,42.0,135.5,48.7,6.0,92.9,14.0,0.5,0.7,0.5,-1.21,0.05,1.21,0.02,6.0,1.46,14.0,0.5,0.7,0.5,-11.4,0.8,13.1,0.6,6.0,17.4,14.0,0.5,0.7,0.5,0.11,0.71,1.49,0.82,6.0,0.95,14.0,0.5,0.7,0.5,0.2,5.5,16.1,8.4,6.0,12.2,14.0,0.5,0.7,0.5,0.0,14.2,42.3,19.2,6.0,21.8,14.0,0.5,0.7,0.5,-0.3,28.9,57.9,28.9,6.0,41.1,14.0,0.5,0.7,0.5,0.0,13.0,32.9,15.9,6.0,17.8,14.0,0.5,0.7,0.5,-2.7,27.5,45.8,23.0,6.0,38.2,14.0,0.5,0.7,0.5,0.0,0.6,6.2,3.9,6.0,7.7,14.0,0.5,0.7,0.5,-6.3,0.7,11.3,2.6,6.0,12.2,14.0,0.5,0.7,0.5,411.5,699.0,2146.5,1064.5,6.0,869.5,14.0,0.5,0.7,0.5,410.0,700.0,2145.0,1065.0,6.0,870.0,14.0,0.5,0.7,0.5
1974,2,211.0,50.0,5.48,6.25,7.29,6.38,4.0,1.25,8.0,0.3,0.6,0.3,4.0,5.1,6.0,5.02,5.0,1.0,8.0,0.4,0.6,0.3,4.73,5.33,5.65,5.19,3.0,0.68,10.0,0.3,0.5,0.1,84.3,92.6,97.7,91.0,3.0,9.9,10.0,0.3,0.1,9.25,11.8,13.58,11.26,5.0,3.06,8.0,0.4,0.6,0.3,0.08,4.75,7.7,3.75,5.0,6.42,8.0,0.4,0.6,0.3,2.32,10.22,12.14,7.54,5.0,6.15,8.0,0.4,0.6,0.3,1000.19,1009.85,1015.58,1007.98,4.0,11.01,8.0,0.3,0.6,0.3,5.4,8.0,8.0,6.8,4.0,2.5,8.0,0.5,0.6,0.3,-17.1,66.1,87.7,38.0,5.0,78.9,8.0,0.4,0.6,0.3,11.0,120.6,165.0,93.2,5.0,85.9,8.0,0.4,0.6,0.3,-0.05,0.25,2.33,1.1,4.0,1.95,8.0,0.3,0.6,0.3,-0.6,3.4,26.2,12.4,4.0,21.4,8.0,0.3,0.6,0.3,0.27,0.42,0.85,0.56,3.0,0.44,10.0,0.3,0.5,0.1,3.7,5.9,10.4,7.0,3.0,4.9,10.0,0.3,0.5,0.1,-4.6,28.5,34.9,15.5,5.0,32.6,8.0,0.4,0.6,0.3,9.3,52.1,72.8,42.3,5.0,36.0,8.0,0.4,0.6,0.3,-18.5,25.3,26.0,4.3,3.0,37.3,10.0,0.3,0.5,0.1,52.4,67.2,68.8,60.8,3.0,13.3,10.0,0.3,0.5,0.1,-0.3,2.0,4.9,2.3,3.0,3.8,10.0,0.3,0.5,0.1,3.4,5.5,9.1,6.2,3.0,4.2,10.0,0.3,0.5,0.1,932.0,1643.0,2508.0,1661.0,5.0,966.5,8.0,0.4,0.6,0.3,930.0,1645.0,2510.0,1660.0,5.0,965.0,8.0,0.4,0.6,0.3
1974,2,211.0,51.0,4.0,4.0,5.73,4.5,9.0,1.0,14.0,0.8,0.6,0.7,1.0,3.75,5.07,3.25,10.0,2.36,14.0,0.8,0.6,0.7,3.71,4.47,5.17,4.43,6.0,0.74,14.0,0.7,0.6,0.6,78.9,83.9,88.8,85.0,6.0,8.0,14.0,0.7,0.6,4.31,12.9,13.19,10.26,10.0,4.22,14.0,0.8,0.6,0.7,1.13,5.74,12.9,6.9,10.0,5.42,14.0,0.8,0.6,0.7,-2.84,0.0,10.14,1.97,10.0,6.94,14.0,0.8,0.6,0.7,982.85,1001.5,1014.5,999.04,10.0,15.99,14.0,0.8,0.6,0.7,6.3,8.0,8.0,7.4,9.0,0.9,14.0,0.8,0.7,0.6,4.6,47.9,166.4,79.3,10.0,79.5,14.0,0.8,0.6,0.7,-25.0,0.0,130.8,29.7,10.0,86.5,14.0,0.8,0.6,0.7,-0.37,0.0,4.46,1.33,9.0,2.36,14.0,0.8,0.6,0.7,-4.7,0.0,36.2,11.5,9.0,22.9,14.0,0.8,0.6,0.7,0.37,0.89,1.53,1.0,6.0,0.84,14.0,0.7,0.6,0.6,4.9,11.4,18.7,12.0,6.0,9.1,14.0,0.7,0.6,0.6,0.0,15.1,49.8,21.1,10.0,23.7,14.0,0.8,0.6,0.7,-1.4,1.6,41.0,17.0,10.0,32.1,14.0,0.8,0.6,0.7,0.0,23.4,51.7,25.7,6.0,24.2,14.0,0.7,0.6,0.6,-5.8,16.6,53.5,20.8,6.0,36.0,14.0,0.7,0.6,0.6,0.0,5.1,12.2,6.4,6.0,7.4,14.0,0.7,0.6,0.6,-4.2,3.1,8.5,1.5,6.0,12.3,14.0,0.7,0.6,0.6,81.0,2146.5,2295.0,1523.0,10.0,1062.5,14.0,0.8,0.6,0.7,80.0,2145.0,2295.0,1525.0,10.0,1060.0,14.0,0.8,0.6,0.7
1974,2,211.0,52.0,3.04,3.5,4.89,3.93,8.0,1.06,8.0,0.6,0.4,0.2,2.4,4.5,5.0,3.94,9.0,1.86,10.0,0.6,0.4,0.2,3.41,4.52,5.33,4.44,9.0,0.89,10.0,0.6,0.4,0.2,77.7,86.4,98.0,87.0,9.0,10.7,10.0,0.6,0.2,8.13,10.8,17.73,12.42,9.0,4.64,10.0,0.6,0.4,0.2,-0.85,6.94,13.99,6.3,9.0,7.52,10.0,0.6,0.4,0.2,-4.87,6.6,10.06,4.69,9.0,8.32,10.0,0.6,0.4,0.2,996.34,1007.0,1012.8,1003.48,9.0,11.05,10.0,0.6,0.4,0.2,6.4,7.5,8.0,7.0,6.0,1.5,12.0,0.5,0.5,0.3,-5.7,66.3,221.6,94.3,9.0,134.4,10.0,0.6,0.4,0.2,-65.3,55.6,136.5,57.6,9.0,132.1,10.0,0.6,0.4,0.2,-1.59,-0.75,0.94,-0.26,8.0,1.68,8.0,0.6,0.4,0.2,-17.2,-11.6,8.7,-4.4,8.0,20.1,8.0,0.6,0.4,0.2,-0.46,0.44,1.33,0.48,8.0,0.84,8.0,0.6,0.4,0.2,-4.1,4.5,16.9,6.1,8.0,10.9,8.0,0.6,0.4,0.2,-5.1,9.4,56.4,18.5,9.0,30.1,10.0,0.6,0.4,0.2,-12.1,34.7,49.5,27.1,9.0,35.3,10.0,0.6,0.4,0.2,-4.9,23.1,48.8,23.9,9.0,31.5,10.0,0.6,0.4,0.2,-20.1,30.0,45.3,24.6,9.0,39.6,10.0,0.6,0.4,0.2,0.6,3.0,16.6,6.7,8.0,8.0,8.0,0.6,0.4,0.2,-4.6,1.6,6.9,1.3,8.0,6.8,8.0,0.6,0.4,0.2,550.5,1259.5,5584.0,2663.0,9.0,2655.0,10.0,0.6,0.4,0.2,550.0,1260.0,5585.0,2665.0,9.0,2655.0,10.0,0.6,0.4,0.2
1974,2,211.0,53.0,4.0,4.25,4.63,4.26,12.0,0.52,12.0,0.4,0.6,0.5,-2.0,2.75,4.94,1.74,14.0,3.51,12.0,0.4,0.6,0.5,3.03,3.39,4.85,3.86,12.0,0.92,12.0,0.4,0.6,0.5,76.9,91.9,100.0,86.4,12.0,15.0,12.0,0.4,0.5,6.36,11.05,15.87,11.97,14.0,5.6,12.0,0.4,0.6,0.5,1.17,7.7,15.23,8.1,14.0,7.67,12.0,0.4,0.6,0.5,-5.58,2.71,8.01,1.48,14.0,7.34,12.0,0.4,0.6,0.5,979.25,989.5,1007.75,993.26,14.0,13.67,12.0,0.4,0.6,0.5,6.6,8.0,8.0,7.5,11.0,0.8,12.0,0.5,0.6,0.6,6.5,69.6,232.5,125.2,14.0,178.1,12.0,0.4,0.6,0.5,-51.7,22.8,111.9,21.8,14.0,104.0,12.0,0.4,0.6,0.5,-0.71,1.5,6.63,2.31,12.0,3.68,12.0,0.4,0.6,0.5,-4.7,15.1,80.2,29.2,12.0,49.9,12.0,0.4,0.6,0.5,0.42,1.85,2.09,1.38,12.0,0.99,12.0,0.4,0.6,0.5,3.6,11.1,28.2,15.7,12.0,15.6,12.0,0.4,0.6,0.5,-30.3,-3.5,42.3,0.9,14.0,37.1,12.0,0.4,0.6,0.5,-5.3,14.5,22.3,15.6,14.0,25.7,12.0,0.4,0.6,0.5,11.1,31.1,41.9,27.6,12.0,22.1,12.0,0.4,0.6,0.5,-20.3,3.2,27.2,6.2,12.0,30.9,12.0,0.4,0.6,0.5,2.2,7.4,23.3,12.6,12.0,13.3,12.0,0.4,0.6,0.5,-13.5,0.0,3.5,-3.6,12.0,12.0,12.0,0.4,0.6,0.5,265.0,1368.0,3996.5,2909.0,14.0,4390.0,12.0,0.4,0.6,0.5,265.0,1370.0,3995.0,2910.0,14.0,4390.0,12.0,0.4,0.6,0.5
1974,2,211.0,54.0,2.13,3.3,5.73,3.6,9.0,1.77,22.0,0.3,0.5,0.2,-1.06,0.5,1.17,0.13,7.0,1.6,22.0,0.3,0.5,0.3,2.91,3.4,3.62,3.28,6.0,0.41,22.0,0.2,0.5,0.3,73.4,85.2,92.8,83.5,6.0,13.0,22.0,0.2,0.3,7.37,12.1,19.87,13.11,8.0,6.62,20.0,0.4,0.5,0.3,4.64,8.17,13.51,9.04,8.0,5.47,20.0,0.4,0.5,0.3,-6.73,-4.33,10.68,-1.57,8.0,10.68,20.0,0.4,0.5,0.3,984.97,994.25,999.5,993.31,8.0,7.81,22.0,0.3,0.5,0.3,5.1,7.5,8.0,6.8,8.0,1.6,20.0,0.4,0.5,0.3,36.1,82.9,254.6,143.9,8.0,133.2,20.0,0.4,0.5,0.3,-128.3,-26.3,165.4,-32.0,8.0,203.0,20.0,0.4,0.5,0.3,2.14,3.0,4.81,3.49,7.0,1.96,22.0,0.3,0.5,0.3,18.6,28.7,90.6,43.9,7.0,34.7,22.0,0.3,0.5,0.3,1.19,1.5,2.05,1.59,6.0,0.46,22.0,0.2,0.5,0.3,16.3,20.0,28.6,21.2,6.0,8.7,22.0,0.2,0.5,0.3,-12.7,2.4,8.1,-2.4,7.0,20.4,22.0,0.3,0.5,0.3,-5.5,6.5,15.3,5.9,7.0,9.7,22.0,0.3,0.5,0.3,17.0,25.8,43.9,30.2,6.0,16.4,22.0,0.2,0.5,0.3,-30.8,-16.4,19.7,-10.6,6.0,39.3,22.0,0.2,0.5,0.3,6.1,14.3,21.9,15.2,6.0,9.7,22.0,0.2,0.5,0.3,-14.8,-8.8,9.2,-4.9,6.0,14.8,22.0,0.2,0.5,0.3,405.0,1889.0,7867.0,3797.0,8.0,4257.0,20.0,0.4,0.5,0.3,405.0,1890.0,7865.0,3795.0,8.0,4255.0,20.0,0.4,0.5,0.3
1974,2,211.0,55.0,1.69,3.65,4.84,3.27,6.0,1.81,14.0,0.3,0.4,0.2,-0.1,2.0,3.52,1.5,7.0,2.06,14.0,0.4,0.4,0.2,3.31,3.76,4.09,3.76,5.0,0.55,12.0,0.4,0.3,0.1,80.7,91.0,94.8,88.4,5.0,9.4,12.0,0.4,0.1,5.65,7.7,13.4,8.5,7.0,3.61,14.0,0.4,0.4,0.2,-12.59,-1.95,5.36,-1.61,7.0,8.5,14.0,0.4,0.4,0.2,-0.14,4.58,5.45,2.68,7.0,3.69,14.0,0.4,0.4,0.2,989.87,996.5,998.43,995.97,7.0,6.35,14.0,0.4,0.4,0.2,5.6,8.0,8.0,7.0,5.0,1.4,16.0,0.4,0.5,0.2,-168.7,-11.1,33.3,-34.4,7.0,96.9,14.0,0.4,0.4,0.2,-0.9,30.5,61.4,27.3,7.0,33.4,14.0,0.4,0.4,0.2,-0.1,1.15,2.56,1.18,6.0,1.31,14.0,0.3,0.4,0.2,-0.5,6.8,21.6,9.1,6.0,10.4,14.0,0.3,0.4,0.2,0.49,0.95,1.36,0.93,4.0,0.57,12.0,0.3,0.3,0.1,2.7,9.1,14.4,8.5,4.0,6.9,12.0,0.3,0.3,0.1,-8.6,4.6,18.5,4.6,7.0,17.5,14.0,0.4,0.4,0.2,-9.2,0.0,9.8,1.6,7.0,11.0,14.0,0.4,0.4,0.2,-41.7,-9.1,22.9,-8.5,5.0,33.8,12.0,0.4,0.3,0.1,0.0,15.2,18.7,11.1,5.0,10.8,12.0,0.4,0.3,0.1,-8.1,-0.2,7.7,-0.2,4.0,11.4,12.0,0.3,0.3,0.1,0.0,2.1,4.7,2.3,4.0,2.7,12.0,0.3,0.3,0.1,181.0,456.5,2406.0,918.0,7.0,1034.0,14.0,0.4,0.4,0.2,180.0,455.0,2405.0,920.0,7.0,1035.0,14.0,0.4,0.4,0.2
1974,2,211.0,56.0,3.06,4.0,4.65,3.95,6.0,1.06,18.0,0.8,0.7,0.7,-2.81,-2.0,2.81,-0.6,7.0,3.1,18.0,0.7,0.7,0.6,3.73,4.2,4.32,4.03,3.0,0.46,16.0,0.3,0.7,0.6,78.7,86.7,95.8,87.2,3.0,12.5,16.0,0.3,0.6,9.22,11.8,17.19,12.87,7.0,4.79,18.0,0.7,0.7,0.6,-7.2,6.67,10.23,2.51,7.0,8.37,18.0,0.7,0.7,0.6,-14.89,-5.98,-3.82,-9.37,7.0,6.03,18.0,0.7,0.7,0.6,986.62,988.8,991.63,988.87,7.0,5.76,18.0,0.7,0.7,0.6,7.8,8.0,8.0,7.8,6.0,0.4,18.0,0.8,0.7,0.6,-67.0,51.3,148.1,50.8,7.0,116.0,18.0,0.7,0.7,0.6,-256.6,-69.6,-29.6,-144.2,7.0,135.3,18.0,0.7,0.7,0.6,2.78,5.25,7.01,5.15,6.0,2.21,18.0,0.8,0.7,0.7,24.4,79.9,110.0,74.9,6.0,46.9,18.0,0.8,0.7,0.7,1.13,1.56,2.0,1.56,2.0,0.9,14.0,0.5,0.7,0.7,9.9,12.8,15.6,12.8,2.0,5.9,14.0,0.5,0.7,0.7,-29.4,-17.0,5.5,-15.6,7.0,22.6,18.0,0.7,0.7,0.6,-11.1,27.6,30.4,14.5,7.0,25.5,18.0,0.7,0.7,0.6,-35.6,-29.9,6.5,-14.9,3.0,33.5,16.0,0.3,0.7,0.6,-21.6,-13.9,-13.6,-17.5,3.0,6.6,16.0,0.3,0.7,0.6,-4.5,3.3,11.1,3.3,2.0,16.1,14.0,0.5,0.7,0.7,-7.6,-5.7,-3.8,-5.7,2.0,3.9,14.0,0.5,0.7,0.7,787.5,1643.0,5121.0,2946.5,7.0,3185.0,18.0,0.7,0.7,0.6,790.0,1645.0,5120.0,2945.0,7.0,3185.0,18.0,0.7,0.7,0.6
1974,2,211.0,57.0,2.06,3.3,4.4,3.18,6.0,1.23,20.0,0.3,0.4,0.5,-0.37,0.4,2.24,0.78,5.0,1.44,22.0,0.4,0.4,0.5,2.74,3.15,3.53,3.14,3.0,0.57,18.0,0.3,0.1,0.3,69.5,81.1,81.7,75.7,3.0,10.1,18.0,0.3,0.3,8.66,14.15,18.0,13.3,6.0,5.32,20.0,0.3,0.4,0.5,-6.75,10.15,16.09,6.3,6.0,11.66,20.0,0.3,0.4,0.5,-9.99,-1.59,0.44,-3.97,6.0,6.18,20.0,0.3,0.4,0.5,985.75,997.45,1001.32,994.63,6.0,8.54,20.0,0.3,0.4,0.5,7.0,8.0,8.0,7.2,6.0,2.0,20.0,0.3,0.4,0.5,-50.6,144.8,289.6,125.3,6.0,174.4,20.0,0.3,0.4,0.5,-179.8,-14.8,2.7,-71.1,6.0,108.2,20.0,0.3,0.4,0.5,1.1,2.7,4.33,2.6,5.0,2.18,22.0,0.4,0.4,0.5,12.6,25.1,77.9,40.6,5.0,38.4,22.0,0.4,0.4,0.5,1.55,1.63,2.4,1.97,3.0,0.68,18.0,0.3,0.1,0.3,15.0,16.8,39.2,26.8,3.0,19.8,18.0,0.3,0.1,0.3,-16.8,-11.6,2.3,-8.3,5.0,11.4,22.0,0.4,0.4,0.5,-1.3,0.0,8.1,3.0,5.0,6.7,22.0,0.4,0.4,0.5,-17.3,27.5,35.9,9.7,3.0,41.9,18.0,0.3,0.1,0.3,-18.9,-10.0,-3.2,-11.0,3.0,11.5,18.0,0.3,0.1,0.3,-7.3,13.2,33.5,13.1,3.0,29.9,18.0,0.3,0.1,0.3,-18.5,-4.8,-1.5,-9.9,3.0,13.1,18.0,0.3,0.1,0.3,687.5,3462.5,5832.0,3272.0,6.0,2818.0,20.0,0.3,0.4,0.5,685.0,3460.0,5830.0,3270.0,6.0,2820.0,20.0,0.3,0.4,0.5
1974,2,211.0,58.0,3.3,3.3,4.67,3.91,9.0,0.97,18.0,0.6,0.5,0.2,-3.97,1.6,3.15,0.01,9.0,3.32,18.0,0.6,0.5,0.2,3.9,4.31,4.62,4.27,3.0,0.53,16.0,0.3,0.4,0.4,87.5,100.0,100.0,93.9,3.0,10.6,16.0,0.3,0.4,5.1,7.2,16.57,9.47,9.0,5.63,18.0,0.6,0.5,0.2,-9.68,1.25,5.31,-0.37,9.0,9.71,18.0,0.6,0.5,0.2,-6.06,3.13,4.97,0.8,9.0,6.11,18.0,0.6,0.5,0.2,980.21,997.6,1003.79,995.08,9.0,12.64,18.0,0.6,0.5,0.2,3.9,8.0,8.0,6.3,7.0,2.8,20.0,0.7,0.5,0.2,-136.9,9.0,36.9,-18.7,9.0,157.1,18.0,0.6,0.5,0.2,-41.8,24.7,50.1,8.6,9.0,80.5,18.0,0.6,0.5,0.2,1.1,3.0,7.27,3.9,9.0,3.02,18.0,0.6,0.5,0.2,9.0,33.9,40.5,35.0,9.0,37.1,18.0,0.6,0.5,0.2,0.23,0.73,1.05,0.64,3.0,0.61,16.0,0.3,0.4,0.4,3.6,11.2,18.4,11.0,3.0,10.8,16.0,0.3,0.4,0.4,-33.6,-11.8,2.9,-14.9,9.0,23.9,18.0,0.6,0.5,0.2,-16.1,6.9,15.1,3.9,9.0,18.7,18.0,0.6,0.5,0.2,-61.1,-50.8,-0.7,-31.4,3.0,47.4,16.0,0.3,0.4,0.4,14.0,19.0,35.1,24.4,3.0,16.2,16.0,0.3,0.4,0.4,-17.3,-8.6,-2.7,-10.0,3.0,10.7,16.0,0.3,0.4,0.4,1.2,3.8,6.1,3.7,3.0,3.6,16.0,0.3,0.4,0.4,132.5,373.0,4573.0,1745.5,9.0,2357.0,18.0,0.6,0.5,0.2,135.0,375.0,4575.0,1745.0,9.0,2355.0,18.0,0.6,0.5,0.2
1974,2,211.0,59.0,,,,,,,,,,,,,,,,,,,,,,,,,,,,,,,,,,,,,,,,1.5,1.5,1.5,1.5,1.0,0.0,8.0,1.0,0.8,0.6,0.0,0.0,0.0,0.0,1.0,0.0,8.0,1.0,0.8,0.6,1.5,1.5,1.5,1.5,1.0,0.0,8.0,1.0,0.8,0.6,1012.5,1012.5,1012.5,1012.5,1.0,0.0,8.0,1.0,0.8,0.6,,,,,,,,,,,,,,,,,,,,,,,,,,,,,,,,,,,,,,,,,,,,,,,,,,,,,,,,,,,,,,,,,,,,,,,,,,,,,,,,,,,,,,,,,,,,,,,,,,,,,,,,,,,,,,,,,,,,,,,,,,,,,,,,,,,,,,,,,,,,,,,,,,,,,,
1974,2,212.0,-72.0,,,,,,,,,,,,,,,,,,,,,,,,,,,,,,,,,,,,,,,,,,,,,,,,,,,,,,,,,,,,,,,,,,,,,,,,,,,,,,,,8.0,8.0,8.0,8.0,1.0,0.0,20.0,0.0,0.6,0.7,9.9,9.9,9.9,9.9,1.0,0.0,20.0,0.0,0.6,0.7,8.3,8.3,8.3,8.3,1.0,0.0,20.0,0.0,0.6,0.7,,,,,,,,,,,,,,,,,,,,,,,,,,,,,,,,,,,,,,,,,,,,,,,,,,,,,,,,,,,,,,,,,,,,,,,,,,,,,,,,,,,,,,,,,,,,,,,,,,,,,,,,,,,,,,,,,,,,,,,,
1974,2,212.0,-61.0,1.32,1.35,1.38,1.35,2.0,0.07,14.0,0.5,0.6,0.7,1.12,1.6,2.08,1.6,2.0,0.99,14.0,0.5,0.6,0.7,3.62,3.74,3.86,3.74,2.0,0.25,14.0,0.5,0.6,0.7,84.4,85.0,85.6,85.0,2.0,1.2,14.0,0.5,0.7,9.46,9.8,9.8,9.63,3.0,0.29,14.0,0.7,0.4,0.7,5.73,7.51,8.27,7.01,3.0,1.91,14.0,0.7,0.4,0.7,4.38,6.3,7.79,6.09,3.0,2.51,14.0,0.7,0.4,0.7,972.25,976.45,980.65,976.45,2.0,8.7,14.0,0.5,0.6,0.7,7.2,7.5,7.8,7.5,2.0,0.7,14.0,0.5,0.6,0.7,56.1,73.6,78.1,67.3,3.0,17.0,14.0,0.7,0.4,0.7,41.7,61.7,76.4,59.1,3.0,25.5,14.0,0.7,0.4,0.7,-0.69,-0.25,0.19,-0.25,2.0,0.92,14.0,0.5,0.6,0.7,-6.8,-2.4,1.9,-2.4,2.0,9.0,14.0,0.5,0.6,0.7,0.49,0.58,0.67,0.58,2.0,0.19,14.0,0.5,0.6,0.7,4.8,5.7,6.6,5.7,2.0,1.8,14.0,0.5,0.6,0.7,7.5,9.0,10.6,9.0,2.0,3.2,14.0,0.5,0.6,0.7,7.9,12.6,17.3,12.6,2.0,9.8,14.0,0.5,0.6,0.7,20.4,23.0,25.6,23.0,2.0,5.4,14.0,0.5,0.6,0.7,24.2,27.9,31.5,27.9,2.0,7.6,14.0,0.5,0.6,0.7,2.7,3.8,4.8,3.8,2.0,2.2,14.0,0.5,0.6,0.7,3.9,4.1,4.4,4.1,2.0,0.5,14.0,0.5,0.6,0.7,848.0,941.0,941.0,895.5,3.0,79.0,14.0,0.7,0.4,0.7,850.0,940.0,940.0,895.0,3.0,80.0,14.0,0.7,0.4,0.7
1974,2,212.0,-60.0,1.4,1.5,1.64,1.52,5.0,0.13,18.0,1.0,0.7,0.7,1.85,2.25,3.07,2.45,4.0,0.79,18.0,1.0,0.6,0.6,3.97,4.2,4.42,4.2,2.0,0.46,16.0,1.0,0.4,0.8,88.3,91.8,92.7,90.5,3.0,3.4,14.0,1.0,0.7,10.07,12.3,14.77,12.12,5.0,3.57,18.0,1.0,0.7,0.7,4.19,8.7,9.85,7.27,5.0,3.5,18.0,1.0,0.7,0.7,-9.55,-3.1,11.34,0.03,5.0,10.87,18.0,1.0,0.7,0.7,984.22,989.85,995.48,989.85,2.0,11.67,16.0,1.0,0.4,0.8,6.6,8.0,8.0,7.3,3.0,1.2,14.0,1.0,0.6,0.7,30.7,107.0,145.9,93.5,5.0,62.1,18.0,1.0,0.7,0.7,-125.9,-19.2,155.8,6.3,5.0,147.6,18.0,1.0,0.7,0.7,-1.53,-0.65,-0.35,-0.92,4.0,0.83,18.0,1.0,0.6,0.6,-21.1,-8.0,-3.3,-12.0,4.0,12.7,18.0,1.0,0.6,0.6,-0.16,0.11,0.38,0.11,2.0,0.56,16.0,1.0,0.4,0.8,-2.9,-0.5,2.0,-0.5,2.0,5.1,16.0,1.0,0.4,0.8,6.9,16.4,27.7,17.3,4.0,12.7,18.0,1.0,0.6,0.6,-31.0,-14.3,8.6,-11.3,4.0,25.8,18.0,1.0,0.6,0.6,24.1,31.3,38.5,31.3,2.0,14.9,16.0,1.0,0.4,0.8,-43.9,-31.0,-18.0,-31.0,2.0,26.8,16.0,1.0,0.4,0.8,-1.8,0.1,1.9,0.1,2.0,3.8,16.0,1.0,0.4,0.8,-0.8,0.8,2.4,0.8,2.0,3.3,16.0,1.0,0.4,0.8,1268.5,1861.0,3229.5,2119.5,5.0,1301.0,18.0,1.0,0.7,0.7,1270.0,1860.0,3230.0,2120.0,5.0,1300.0,18.0,1.0,0.7,0.7
1974,2,212.0,-59.0,1.43,1.5,1.5,1.47,3.0,0.06,6.0,1.0,1.0,0.3,2.3,3.8,3.94,3.13,3.0,1.33,6.0,1.0,1.0,0.3,3.42,3.7,3.98,3.7,2.0,0.58,6.0,1.0,1.0,0.4,75.9,77.2,78.5,77.2,2.0,2.7,6.0,1.0,0.4,6.36,6.7,10.52,8.4,3.0,3.39,6.0,1.0,1.0,0.3,4.22,4.74,7.94,6.05,3.0,2.95,6.0,1.0,1.0,0.3,-4.75,-4.74,3.89,-0.53,3.0,7.3,6.0,1.0,1.0,0.3,980.53,981.25,981.97,981.25,2.0,1.48,6.0,1.0,1.0,0.4,3.6,5.0,6.4,5.0,2.0,2.8,6.0,1.0,1.0,0.4,26.9,31.7,89.2,57.4,3.0,50.7,6.0,1.0,1.0,0.3,-31.0,-29.4,57.0,12.0,3.0,73.8,6.0,1.0,1.0,0.3,-2.44,-2.3,-0.87,-1.67,3.0,1.27,6.0,1.0,1.0,0.3,-15.5,-15.4,-6.6,-11.1,3.0,7.5,6.0,1.0,1.0,0.3,0.37,0.63,0.9,0.63,2.0,0.55,6.0,1.0,1.0,0.4,3.3,7.0,10.8,7.0,2.0,7.8,6.0,1.0,1.0,0.4,15.4,15.9,17.3,16.3,3.0,1.5,6.0,1.0,1.0,0.3,-18.7,-18.0,2.9,-8.1,3.0,18.0,6.0,1.0,1.0,0.3,18.7,23.7,28.7,23.7,2.0,10.4,6.0,1.0,1.0,0.4,-12.3,3.3,18.8,3.3,2.0,32.2,6.0,1.0,1.0,0.4,2.3,5.3,8.2,5.3,2.0,6.1,6.0,1.0,1.0,0.4,0.3,3.5,6.6,3.5,2.0,6.5,6.0,1.0,1.0,0.4,258.0,301.0,1365.5,800.0,3.0,919.5,6.0,1.0,1.0,0.3,260.0,300.0,1365.0,800.0,3.0,920.0,6.0,1.0,1.0,0.3
1974,2,212.0,-58.0,1.29,1.4,1.52,1.43,7.0,0.28,20.0,0.9,0.7,0.6,2.97,3.6,3.81,3.19,7.0,1.31,20.0,0.9,0.7,0.6,4.87,4.87,4.87,4.87,1.0,0.0,22.0,1.0,0.3,0.9,91.0,91.9,94.1,92.5,3.0,2.4,24.0,1.0,0.5,10.81,11.8,12.3,11.07,7.0,1.86,20.0,0.9,0.7,0.6,8.22,10.22,10.86,8.55,7.0,4.39,20.0,0.9,0.7,0.6,-6.98,-5.9,-4.67,-5.68,7.0,2.07,20.0,0.9,0.7,0.6,1002.6,1002.6,1002.6,1002.6,1.0,0.0,22.0,1.0,0.3,0.9,8.0,8.0,8.0,8.0,3.0,0.0,24.0,1.0,0.5,0.5,101.5,119.2,121.5,101.2,7.0,49.5,20.0,0.9,0.7,0.6,-71.4,-63.8,-47.0,-62.6,7.0,25.9,20.0,0.9,0.7,0.6,-2.51,-2.4,-0.99,-1.76,7.0,1.41,20.0,0.9,0.7,0.6,-29.7,-28.3,-11.1,-21.6,7.0,14.8,20.0,0.9,0.7,0.6,-0.68,-0.68,-0.68,-0.68,1.0,0.0,22.0,1.0,0.3,0.9,-8.0,-8.0,-8.0,-8.0,1.0,0.0,22.0,1.0,0.3,0.9,31.5,35.2,40.8,31.9,7.0,14.6,20.0,0.9,0.7,0.6,-24.6,-20.3,-5.7,-17.9,7.0,10.7,20.0,0.9,0.7,0.6,49.8,49.8,49.8,49.8,1.0,0.0,22.0,1.0,0.3,0.9,-28.7,-28.7,-28.7,-28.7,1.0,0.0,22.0,1.0,0.3,0.9,-6.9,-6.9,-6.9,-6.9,1.0,0.0,22.0,1.0,0.3,0.9,4.0,4.0,4.0,4.0,1.0,0.0,22.0,1.0,0.3,0.9,1284.0,1643.0,1861.0,1446.5,7.0,524.5,20.0,0.9,0.7,0.6,1285.0,1645.0,1860.0,1445.0,7.0,525.0,20.0,0.9,0.7,0.6
1974,2,212.0,-45.0,15.0,15.0,15.0,15.0,1.0,0.0,22.0,1.0,0.5,0.6,15.0,15.0,15.0,15.0,1.0,0.0,22.0,1.0,0.5,0.6,10.11,10.11,10.11,10.11,1.0,0.0,22.0,1.0,0.5,0.6,95.0,95.0,95.0,95.0,1.0,0.0,22.0,1.0,0.6,11.3,11.3,11.3,11.3,1.0,0.0,22.0,1.0,0.5,0.6,-5.65,-5.65,-5.65,-5.65,1.0,0.0,22.0,1.0,0.5,0.6,-9.79,-9.79,-9.79,-9.79,1.0,0.0,22.0,1.0,0.5,0.6,1005.8,1005.8,1005.8,1005.8,1.0,0.0,22.0,1.0,0.5,0.6,8.0,8.0,8.0,8.0,1.0,0.0,22.0,1.0,0.5,0.6,-63.8,-63.8,-63.8,-63.8,1.0,0.0,22.0,1.0,0.5,0.6,-110.6,-110.6,-110.6,-110.6,1.0,0.0,22.0,1.0,0.5,0.6,0.0,0.0,0.0,0.0,1.0,0.0,22.0,1.0,0.5,0.6,0.0,0.0,0.0,0.0,1.0,0.0,22.0,1.0,0.5,0.6,0.54,0.54,0.54,0.54,1.0,0.0,22.0,1.0,0.5,0.6,6.1,6.1,6.1,6.1,1.0,0.0,22.0,1.0,0.5,0.6,-84.7,-84.7,-84.7,-84.7,1.0,0.0,22.0,1.0,0.5,0.6,-146.8,-146.8,-146.8,-146.8,1.0,0.0,22.0,1.0,0.5,0.6,-57.1,-57.1,-57.1,-57.1,1.0,0.0,22.0,1.0,0.5,0.6,-99.0,-99.0,-99.0,-99.0,1.0,0.0,22.0,1.0,0.5,0.6,-3.1,-3.1,-3.1,-3.1,1.0,0.0,22.0,1.0,0.5,0.6,-5.3,-5.3,-5.3,-5.3,1.0,0.0,22.0,1.0,0.5,0.6,1443.0,1443.0,1443.0,1443.0,1.0,0.0,22.0,1.0,0.5,0.6,1445.0,1445.0,1445.0,1445.0,1.0,0.0,22.0,1.0,0.5,0.6
1974,2,212.0,-40.0,17.8,17.8,17.8,17.8,1.0,0.0,10.0,0.0,0.3,1.0,17.3,17.3,17.3,17.3,1.0,0.0,10.0,0.0,0.3,1.0,10.73,10.73,10.73,10.73,1.0,0.0,10.0,0.0,0.3,1.0,88.0,88.0,88.0,88.0,1.0,0.0,10.0,0.0,1.0,5.1,5.1,5.1,5.1,1.0,0.0,10.0,0.0,0.3,1.0,3.91,3.91,3.91,3.91,1.0,0.0,10.0,0.0,0.3,1.0,3.28,3.28,3.28,3.28,1.0,0.0,10.0,0.0,0.3,1.0,1018.4,1018.4,1018.4,1018.4,1.0,0.0,10.0,0.0,0.3,1.0,3.0,3.0,3.0,3.0,1.0,0.0,10.0,0.0,0.3,1.0,19.9,19.9,19.9,19.9,1.0,0.0,10.0,0.0,0.3,1.0,16.7,16.7,16.7,16.7,1.0,0.0,10.0,0.0,0.3,1.0,0.5,0.5,0.5,0.5,1.0,0.0,10.0,0.0,0.3,1.0,2.6,2.6,2.6,2.6,1.0,0.0,10.0,0.0,0.3,1.0,1.86,1.86,1.86,1.86,1.0,0.0,10.0,0.0,0.3,1.0,9.5,9.5,9.5,9.5,1.0,0.0,10.0,0.0,0.3,1.0,67.6,67.6,67.6,67.6,1.0,0.0,10.0,0.0,0.3,1.0,56.7,56.7,56.7,56.7,1.0,0.0,10.0,0.0,0.3,1.0,41.9,41.9,41.9,41.9,1.0,0.0,10.0,0.0,0.3,1.0,35.2,35.2,35.2,35.2,1.0,0.0,10.0,0.0,0.3,1.0,7.3,7.3,7.3,7.3,1.0,0.0,10.0,0.0,0.3,1.0,6.1,6.1,6.1,6.1,1.0,0.0,10.0,0.0,0.3,1.0,132.5,132.5,132.5,132.5,1.0,0.0,10.0,0.0,0.3,1.0,135.0,135.0,135.0,135.0,1.0,0.0,10.0,0.0,0.3,1.0
1974,2,212.0,-38.0,19.23,19.3,19.37,19.3,2.0,0.14,20.0,0.0,1.0,0.5,15.69,16.3,16.91,16.3,2.0,1.27,20.0,0.0,1.0,0.5,9.85,10.27,10.68,10.27,2.0,0.86,20.0,0.0,1.0,0.5,83.5,90.2,96.9,90.2,2.0,13.9,20.0,0.0,0.5,4.41,6.15,7.89,6.15,2.0,3.61,20.0,0.0,1.0,0.5,-2.85,-1.69,-0.54,-1.69,2.0,2.39,20.0,0.0,1.0,0.5,2.42,4.97,7.51,4.97,2.0,5.28,20.0,0.0,1.0,0.5,1013.55,1018.6,1023.65,1018.6,2.0,10.47,20.0,0.0,1.0,0.5,7.2,7.5,7.8,7.5,2.0,0.7,20.0,0.0,1.0,0.5,-10.2,-6.1,-1.9,-6.1,2.0,8.6,20.0,0.0,1.0,0.5,15.7,40.1,64.4,40.1,2.0,50.4,20.0,0.0,1.0,0.5,2.32,3.0,3.68,3.0,2.0,1.41,20.0,0.0,1.0,0.5,11.6,21.0,30.4,21.0,2.0,19.5,20.0,0.0,1.0,0.5,3.29,3.58,3.86,3.58,2.0,0.59,20.0,0.0,1.0,0.5,16.5,20.9,25.4,20.9,2.0,9.2,20.0,0.0,1.0,0.5,-49.0,-29.1,-9.2,-29.1,2.0,41.1,20.0,0.0,1.0,0.5,39.1,77.6,116.1,77.6,2.0,79.8,20.0,0.0,1.0,0.5,-27.5,-16.3,-5.2,-16.3,2.0,23.1,20.0,0.0,1.0,0.5,25.0,53.3,81.5,53.3,2.0,58.5,20.0,0.0,1.0,0.5,-11.4,-6.8,-2.1,-6.8,2.0,9.6,20.0,0.0,1.0,0.5,8.5,16.2,23.9,16.2,2.0,15.9,20.0,0.0,1.0,0.5,144.0,352.5,561.5,352.5,2.0,432.5,20.0,0.0,1.0,0.5,145.0,355.0,560.0,355.0,2.0,435.0,20.0,0.0,1.0,0.5
1974,2,212.0,-33.0,23.1,23.3,23.5,23.3,2.0,0.42,14.0,1.0,0.8,1.0,22.4,23.05,23.7,23.05,2.0,1.34,14.0,1.0,0.8,1.0,12.91,13.08,13.24,13.08,2.0,0.34,14.0,1.0,0.8,1.0,71.4,75.3,79.2,75.3,2.0,8.1,14.0,1.0,1.0,6.28,6.45,6.62,6.45,2.0,0.35,14.0,1.0,0.8,1.0,-5.9,-5.25,-4.61,-5.25,2.0,1.34,14.0,1.0,0.8,1.0,0.81,2.57,4.32,2.57,2.0,3.63,14.0,1.0,0.8,1.0,1018.66,1019.0,1019.34,1019.0,2.0,0.71,14.0,1.0,0.8,1.0,7.2,7.5,7.8,7.5,2.0,0.7,14.0,1.0,0.8,1.0,-36.9,-33.6,-30.4,-33.6,2.0,6.8,14.0,1.0,0.8,1.0,5.5,17.2,28.9,17.2,2.0,24.3,14.0,1.0,0.8,1.0,-0.6,0.25,1.1,0.25,2.0,1.77,14.0,1.0,0.8,1.0,-3.6,1.9,7.5,1.9,2.0,11.5,14.0,1.0,0.8,1.0,4.61,4.66,4.71,4.66,2.0,0.11,14.0,1.0,0.8,1.0,28.9,30.1,31.2,30.1,2.0,2.3,14.0,1.0,0.8,1.0,-140.3,-122.0,-103.7,-122.0,2.0,37.9,14.0,1.0,0.8,1.0,18.0,56.7,95.4,56.7,2.0,80.2,14.0,1.0,0.8,1.0,-76.0,-68.5,-60.9,-68.5,2.0,15.7,14.0,1.0,0.8,1.0,10.8,34.2,57.5,34.2,2.0,48.3,14.0,1.0,0.8,1.0,-27.1,-24.4,-21.6,-24.4,2.0,5.7,14.0,1.0,0.8,1.0,3.9,12.1,20.4,12.1,2.0,17.2,14.0,1.0,0.8,1.0,248.0,269.5,291.0,269.5,2.0,44.0,14.0,1.0,0.8,1.0,250.0,270.0,290.0,270.0,2.0,45.0,14.0,1.0,0.8,1.0
1974,2,212.0,-31.0,23.4,23.6,25.31,24.33,3.0,1.54,16.0,1.0,0.6,0.4,23.09,23.7,26.16,24.6,3.0,2.38,16.0,1.0,0.6,0.4,12.89,13.6,15.92,14.39,3.0,2.32,16.0,1.0,0.6,0.4,73.9,75.0,75.3,74.6,3.0,1.1,16.0,1.0,0.4,7.53,9.3,10.32,8.93,3.0,2.07,16.0,1.0,0.6,0.4,-6.67,-3.69,0.39,-3.15,3.0,5.19,16.0,1.0,0.6,0.4,-5.45,4.65,5.77,0.27,3.0,9.06,16.0,1.0,0.6,0.4,1017.35,1017.9,1020.08,1018.7,3.0,2.12,16.0,1.0,0.6,0.4,6.0,6.0,6.0,6.0,3.0,0.0,16.0,1.0,0.6,0.4,-63.8,-39.9,-2.2,-33.1,3.0,45.5,16.0,1.0,0.6,0.4,-61.4,42.2,42.9,-8.1,3.0,87.9,16.0,1.0,0.6,0.4,-2.48,0.8,1.89,-0.27,3.0,3.33,16.0,1.0,0.6,0.4,-27.1,7.4,13.3,-6.6,3.0,32.0,16.0,1.0,0.6,0.4,2.24,5.46,6.81,4.55,3.0,3.44,16.0,1.0,0.6,0.4,21.3,49.8,50.5,36.2,3.0,24.4,16.0,1.0,0.6,0.4,-157.4,-100.8,5.1,-76.7,3.0,120.8,16.0,1.0,0.6,0.4,-155.5,106.0,135.5,-7.3,3.0,234.6,16.0,1.0,0.6,0.4,-89.0,-62.8,1.3,-44.3,3.0,68.1,16.0,1.0,0.6,0.4,-99.3,58.4,77.0,-9.5,3.0,141.9,16.0,1.0,0.6,0.4,-30.9,-2.8,10.8,-9.9,3.0,31.1,16.0,1.0,0.6,0.4,2.9,25.4,40.0,21.6,3.0,27.4,16.0,1.0,0.6,0.4,460.5,804.5,1115.0,788.5,3.0,479.5,16.0,1.0,0.6,0.4,460.0,805.0,1115.0,790.0,3.0,480.0,16.0,1.0,0.6,0.4
1974,2,212.0,-30.0,,,,,,,,,,,,,,,,,,,,,,,,,,,,,,,,,,,,,,,,0.5,0.5,0.5,0.5,1.0,0.0,6.0,0.0,0.4,0.7,0.0,0.0,0.0,0.0,1.0,0.0,6.0,0.0,0.4,0.7,-0.5,-0.5,-0.5,-0.5,1.0,0.0,6.0,0.0,0.4,0.7,1013.9,1013.9,1013.9,1013.9,1.0,0.0,6.0,0.0,0.4,0.7,8.0,8.0,8.0,8.0,1.0,0.0,6.0,0.0,0.4,0.7,0.0,0.0,0.0,0.0,1.0,0.0,6.0,0.0,0.4,0.7,-0.2,-0.2,-0.2,-0.2,1.0,0.0,6.0,0.0,0.4,0.7,,,,,,,,,,,,,,,,,,,,,,,,,,,,,,,,,,,,,,,,,0.0,0.0,0.0,0.0,1.0,0.0,6.0,0.0,0.4,0.7,-12.0,-12.0,-12.0,-12.0,1.0,0.0,6.0,0.0,0.4,0.7,0.0,0.0,0.0,0.0,1.0,0.0,6.0,0.0,0.4,0.7,-7.9,-7.9,-7.9,-7.9,1.0,0.0,6.0,0.0,0.4,0.7,,,,,,,,,,,,,,,,,,,,,,,,,,,,,,,,,,,,,,,,
1974,2,212.0,-26.0,27.0,27.0,27.0,27.0,1.0,0.0,26.0,0.0,0.9,0.5,26.6,26.6,26.6,26.6,1.0,0.0,26.0,0.0,0.9,0.5,17.58,17.58,17.58,17.58,1.0,0.0,26.0,0.0,0.9,0.5,81.1,81.1,81.1,81.1,1.0,0.0,26.0,0.0,0.5,8.7,8.7,8.7,8.7,1.0,0.0,26.0,0.0,0.9,0.5,-8.18,-8.18,-8.18,-8.18,1.0,0.0,26.0,0.0,0.9,0.5,-2.98,-2.98,-2.98,-2.98,1.0,0.0,26.0,0.0,0.9,0.5,1015.0,1015.0,1015.0,1015.0,1.0,0.0,26.0,0.0,0.9,0.5,3.0,3.0,3.0,3.0,1.0,0.0,26.0,0.0,0.9,0.5,-71.1,-71.1,-71.1,-71.1,1.0,0.0,26.0,0.0,0.9,0.5,-25.9,-25.9,-25.9,-25.9,1.0,0.0,26.0,0.0,0.9,0.5,0.4,0.4,0.4,0.4,1.0,0.0,26.0,0.0,0.9,0.5,3.5,3.5,3.5,3.5,1.0,0.0,26.0,0.0,0.9,0.5,4.67,4.67,4.67,4.67,1.0,0.0,26.0,0.0,0.9,0.5,40.6,40.6,40.6,40.6,1.0,0.0,26.0,0.0,0.9,0.5,-217.5,-217.5,-217.5,-217.5,1.0,0.0,26.0,0.0,0.9,0.5,-79.2,-79.2,-79.2,-79.2,1.0,0.0,26.0,0.0,0.9,0.5,-143.7,-143.7,-143.7,-143.7,1.0,0.0,26.0,0.0,0.9,0.5,-52.3,-52.3,-52.3,-52.3,1.0,0.0,26.0,0.0,0.9,0.5,-38.2,-38.2,-38.2,-38.2,1.0,0.0,26.0,0.0,0.9,0.5,-13.9,-13.9,-13.9,-13.9,1.0,0.0,26.0,0.0,0.9,0.5,658.5,658.5,658.5,658.5,1.0,0.0,26.0,0.0,0.9,0.5,660.0,660.0,660.0,660.0,1.0,0.0,26.0,0.0,0.9,0.5
1974,2,212.0,-24.0,26.0,26.0,26.0,26.0,1.0,0.0,28.0,0.0,0.1,0.2,26.6,26.6,26.6,26.6,1.0,0.0,28.0,0.0,0.1,0.2,19.25,19.25,19.25,19.25,1.0,0.0,28.0,0.0,0.1,0.2,88.8,88.8,88.8,88.8,1.0,0.0,28.0,0.0,0.2,9.8,9.8,9.8,9.8,1.0,0.0,28.0,0.0,0.1,0.2,-8.49,-8.49,-8.49,-8.49,1.0,0.0,28.0,0.0,0.1,0.2,-4.9,-4.9,-4.9,-4.9,1.0,0.0,28.0,0.0,0.1,0.2,1015.7,1015.7,1015.7,1015.7,1.0,0.0,28.0,0.0,0.1,0.2,6.0,6.0,6.0,6.0,1.0,0.0,28.0,0.0,0.1,0.2,-83.2,-83.2,-83.2,-83.2,1.0,0.0,28.0,0.0,0.1,0.2,-48.0,-48.0,-48.0,-48.0,1.0,0.0,28.0,0.0,0.1,0.2,-0.6,-0.6,-0.6,-0.6,1.0,0.0,28.0,0.0,0.1,0.2,-5.9,-5.9,-5.9,-5.9,1.0,0.0,28.0,0.0,0.1,0.2,1.7,1.7,1.7,1.7,1.0,0.0,28.0,0.0,0.1,0.2,16.6,16.6,16.6,16.6,1.0,0.0,28.0,0.0,0.1,0.2,-225.8,-225.8,-225.8,-225.8,1.0,0.0,28.0,0.0,0.1,0.2,-130.3,-130.3,-130.3,-130.3,1.0,0.0,28.0,0.0,0.1,0.2,-163.4,-163.4,-163.4,-163.4,1.0,0.0,28.0,0.0,0.1,0.2,-94.3,-94.3,-94.3,-94.3,1.0,0.0,28.0,0.0,0.1,0.2,-14.4,-14.4,-14.4,-14.4,1.0,0.0,28.0,0.0,0.1,0.2,-8.3,-8.3,-8.3,-8.3,1.0,0.0,28.0,0.0,0.1,0.2,941.0,941.0,941.0,941.0,1.0,0.0,28.0,0.0,0.1,0.2,940.0,940.0,940.0,940.0,1.0,0.0,28.0,0.0,0.1,0.2
1974,2,212.0,-20.0,27.33,27.6,27.87,27.6,2.0,0.57,10.0,0.5,0.8,0.5,25.57,25.95,26.33,25.95,2.0,0.78,10.0,0.5,0.8,0.5,16.25,16.25,16.25,16.25,1.0,0.0,6.0,0.0,0.7,0.5,80.5,80.5,80.5,80.5,1.0,0.0,6.0,0.0,0.5,3.3,4.8,6.3,4.8,2.0,3.11,10.0,0.5,0.8,0.5,-4.83,-3.68,-2.53,-3.68,2.0,2.38,10.0,0.5,0.8,0.5,-4.05,-3.09,-2.12,-3.09,2.0,2.0,10.0,0.5,0.8,0.5,1013.78,1013.95,1014.12,1013.95,2.0,0.35,10.0,0.5,0.8,0.5,5.3,6.0,6.7,6.0,2.0,1.4,10.0,0.5,0.8,0.5,-32.4,-21.4,-10.3,-21.4,2.0,22.9,10.0,0.5,0.8,0.5,-27.2,-17.9,-8.7,-17.9,2.0,19.2,10.0,0.5,0.8,0.5,1.55,1.65,1.75,1.65,2.0,0.21,10.0,0.5,0.8,0.5,5.6,7.6,9.6,7.6,2.0,4.1,10.0,0.5,0.8,0.5,6.3,6.3,6.3,6.3,1.0,0.0,6.0,0.0,0.7,0.5,16.4,16.4,16.4,16.4,1.0,0.0,6.0,0.0,0.7,0.5,-127.6,-96.3,-65.1,-96.3,2.0,64.7,10.0,0.5,0.8,0.5,-107.1,-80.8,-54.6,-80.8,2.0,54.3,10.0,0.5,0.8,0.5,-32.4,-32.4,-32.4,-32.4,1.0,0.0,6.0,0.0,0.7,0.5,-27.2,-27.2,-27.2,-27.2,1.0,0.0,6.0,0.0,0.7,0.5,-12.5,-12.5,-12.5,-12.5,1.0,0.0,6.0,0.0,0.7,0.5,-10.5,-10.5,-10.5,-10.5,1.0,0.0,6.0,0.0,0.7,0.5,69.0,180.5,291.5,180.5,2.0,230.0,10.0,0.5,0.8,0.5,70.0,180.0,290.0,180.0,2.0,230.0,10.0,0.5,0.8,0.5
1974,2,212.0,-17.0,28.0,28.0,28.0,28.0,1.0,0.0,10.0,1.0,0.2,0.2,28.8,28.8,28.8,28.8,1.0,0.0,10.0,1.0,0.2,0.2,17.97,17.97,17.97,17.97,1.0,0.0,10.0,1.0,0.2,0.2,72.6,72.6,72.6,72.6,1.0,0.0,10.0,1.0,0.2,8.2,8.2,8.2,8.2,1.0,0.0,10.0,1.0,0.2,0.2,-7.1,-7.1,-7.1,-7.1,1.0,0.0,10.0,1.0,0.2,0.2,4.1,4.1,4.1,4.1,1.0,0.0,10.0,1.0,0.2,0.2,1011.8,1011.8,1011.8,1011.8,1.0,0.0,10.0,1.0,0.2,0.2,6.0,6.0,6.0,6.0,1.0,0.0,10.0,1.0,0.2,0.2,-58.2,-58.2,-58.2,-58.2,1.0,0.0,10.0,1.0,0.2,0.2,33.6,33.6,33.6,33.6,1.0,0.0,10.0,1.0,0.2,0.2,-0.8,-0.8,-0.8,-0.8,1.0,0.0,10.0,1.0,0.2,0.2,-6.6,-6.6,-6.6,-6.6,1.0,0.0,10.0,1.0,0.2,0.2,5.73,5.73,5.73,5.73,1.0,0.0,10.0,1.0,0.2,0.2,47.0,47.0,47.0,47.0,1.0,0.0,10.0,1.0,0.2,0.2,-204.5,-204.5,-204.5,-204.5,1.0,0.0,10.0,1.0,0.2,0.2,118.1,118.1,118.1,118.1,1.0,0.0,10.0,1.0,0.2,0.2,-127.6,-127.6,-127.6,-127.6,1.0,0.0,10.0,1.0,0.2,0.2,73.7,73.7,73.7,73.7,1.0,0.0,10.0,1.0,0.2,0.2,-40.7,-40.7,-40.7,-40.7,1.0,0.0,10.0,1.0,0.2,0.2,23.5,23.5,23.5,23.5,1.0,0.0,10.0,1.0,0.2,0.2,551.5,551.5,551.5,551.5,1.0,0.0,10.0,1.0,0.2,0.2,550.0,550.0,550.0,550.0,1.0,0.0,10.0,1.0,0.2,0.2
1974,2,212.0,-15.0,30.0,30.0,30.0,30.0,1.0,0.0,14.0,1.0,0.5,0.6,28.0,28.0,28.0,28.0,1.0,0.0,14.0,1.0,0.5,0.6,18.52,18.52,18.52,18.52,1.0,0.0,14.0,1.0,0.5,0.6,78.4,78.4,78.4,78.4,1.0,0.0,14.0,1.0,0.6,3.1,3.1,3.1,3.1,1.0,0.0,14.0,1.0,0.5,0.6,-3.1,-3.1,-3.1,-3.1,1.0,0.0,14.0,1.0,0.5,0.6,0.0,0.0,0.0,0.0,1.0,0.0,14.0,1.0,0.5,0.6,1011.8,1011.8,1011.8,1011.8,1.0,0.0,14.0,1.0,0.5,0.6,1.0,1.0,1.0,1.0,1.0,0.0,14.0,1.0,0.5,0.6,-9.6,-9.6,-9.6,-9.6,1.0,0.0,14.0,1.0,0.5,0.6,0.0,0.0,0.0,0.0,1.0,0.0,14.0,1.0,0.5,0.6,2.0,2.0,2.0,2.0,1.0,0.0,14.0,1.0,0.5,0.6,6.2,6.2,6.2,6.2,1.0,0.0,14.0,1.0,0.5,0.6,8.13,8.13,8.13,8.13,1.0,0.0,14.0,1.0,0.5,0.6,25.2,25.2,25.2,25.2,1.0,0.0,14.0,1.0,0.5,0.6,-86.8,-86.8,-86.8,-86.8,1.0,0.0,14.0,1.0,0.5,0.6,0.0,0.0,0.0,0.0,1.0,0.0,14.0,1.0,0.5,0.6,-57.4,-57.4,-57.4,-57.4,1.0,0.0,14.0,1.0,0.5,0.6,0.0,0.0,0.0,0.0,1.0,0.0,14.0,1.0,0.5,0.6,-25.2,-25.2,-25.2,-25.2,1.0,0.0,14.0,1.0,0.5,0.6,0.0,0.0,0.0,0.0,1.0,0.0,14.0,1.0,0.5,0.6,30.0,30.0,30.0,30.0,1.0,0.0,14.0,1.0,0.5,0.6,30.0,30.0,30.0,30.0,1.0,0.0,14.0,1.0,0.5,0.6
1974,2,212.0,-14.0,26.9,26.9,26.9,26.9,1.0,0.0,10.0,0.0,1.0,0.8,26.6,26.6,26.6,26.6,1.0,0.0,10.0,0.0,1.0,0.8,17.02,17.02,17.02,17.02,1.0,0.0,10.0,0.0,1.0,0.8,78.2,78.2,78.2,78.2,1.0,0.0,10.0,0.0,0.8,3.6,3.6,3.6,3.6,1.0,0.0,10.0,0.0,1.0,0.8,-3.55,-3.55,-3.55,-3.55,1.0,0.0,10.0,0.0,1.0,0.8,0.63,0.63,0.63,0.63,1.0,0.0,10.0,0.0,1.0,0.8,1010.6,1010.6,1010.6,1010.6,1.0,0.0,10.0,0.0,1.0,0.8,4.0,4.0,4.0,4.0,1.0,0.0,10.0,0.0,1.0,0.8,-12.8,-12.8,-12.8,-12.8,1.0,0.0,10.0,0.0,1.0,0.8,2.3,2.3,2.3,2.3,1.0,0.0,10.0,0.0,1.0,0.8,0.3,0.3,0.3,0.3,1.0,0.0,10.0,0.0,1.0,0.8,1.1,1.1,1.1,1.1,1.0,0.0,10.0,0.0,1.0,0.8,5.2,5.2,5.2,5.2,1.0,0.0,10.0,0.0,1.0,0.8,18.7,18.7,18.7,18.7,1.0,0.0,10.0,0.0,1.0,0.8,-94.3,-94.3,-94.3,-94.3,1.0,0.0,10.0,0.0,1.0,0.8,16.6,16.6,16.6,16.6,1.0,0.0,10.0,0.0,1.0,0.8,-60.3,-60.3,-60.3,-60.3,1.0,0.0,10.0,0.0,1.0,0.8,10.6,10.6,10.6,10.6,1.0,0.0,10.0,0.0,1.0,0.8,-18.4,-18.4,-18.4,-18.4,1.0,0.0,10.0,0.0,1.0,0.8,3.2,3.2,3.2,3.2,1.0,0.0,10.0,0.0,1.0,0.8,46.5,46.5,46.5,46.5,1.0,0.0,10.0,0.0,1.0,0.8,45.0,45.0,45.0,45.0,1.0,0.0,10.0,0.0,1.0,0.8
1974,2,212.0,-13.0,28.0,28.0,28.0,28.0,1.0,0.0,14.0,1.0,0.6,0.6,24.4,25.25,26.1,25.25,2.0,1.77,18.0,0.5,0.5,0.4,17.27,17.27,17.27,17.27,1.0,0.0,14.0,1.0,0.6,0.6,93.0,93.0,93.0,93.0,1.0,0.0,14.0,1.0,0.6,6.86,7.2,7.54,7.2,2.0,0.71,18.0,0.5,0.5,0.4,-7.13,-6.92,-6.7,-6.92,2.0,0.45,18.0,0.5,0.5,0.4,-0.56,0.74,2.03,0.74,2.0,2.68,18.0,0.5,0.5,0.4,1012.19,1013.25,1014.31,1013.25,2.0,2.19,18.0,0.5,0.5,0.4,3.0,3.0,3.0,3.0,2.0,0.0,18.0,0.5,0.5,0.4,-53.9,-50.0,-46.0,-50.0,2.0,8.1,18.0,0.5,0.5,0.4,-3.3,6.2,15.8,6.2,2.0,19.9,18.0,0.5,0.5,0.4,4.0,4.0,4.0,4.0,1.0,0.0,14.0,1.0,0.6,0.6,30.8,30.8,30.8,30.8,1.0,0.0,14.0,1.0,0.6,0.6,6.35,6.35,6.35,6.35,1.0,0.0,14.0,1.0,0.6,0.6,48.9,48.9,48.9,48.9,1.0,0.0,14.0,1.0,0.6,0.6,-174.7,-174.3,-173.8,-174.3,2.0,0.8,18.0,0.5,0.5,0.4,-15.9,16.2,48.3,16.2,2.0,66.5,18.0,0.5,0.5,0.4,-124.9,-124.9,-124.9,-124.9,1.0,0.0,14.0,1.0,0.6,0.6,45.5,45.5,45.5,45.5,1.0,0.0,14.0,1.0,0.6,0.6,-46.0,-46.0,-46.0,-46.0,1.0,0.0,14.0,1.0,0.6,0.6,16.7,16.7,16.7,16.7,1.0,0.0,14.0,1.0,0.6,0.6,325.5,378.5,432.0,378.5,2.0,110.0,18.0,0.5,0.5,0.4,325.0,380.0,430.0,380.0,2.0,110.0,18.0,0.5,0.5,0.4
1974,2,212.0,-12.0,28.0,28.0,28.0,28.0,1.0,0.0,6.0,0.0,0.2,0.5,27.0,27.0,27.0,27.0,1.0,0.0,6.0,0.0,0.2,0.5,16.64,16.64,16.64,16.64,1.0,0.0,6.0,0.0,0.2,0.5,75.0,75.0,75.0,75.0,1.0,0.0,6.0,0.0,0.5,7.2,7.2,7.2,7.2,1.0,0.0,6.0,0.0,0.2,0.5,-7.2,-7.2,-7.2,-7.2,1.0,0.0,6.0,0.0,0.2,0.5,0.0,0.0,0.0,0.0,1.0,0.0,6.0,0.0,0.2,0.5,1015.0,1015.0,1015.0,1015.0,1.0,0.0,6.0,0.0,0.2,0.5,1.0,1.0,1.0,1.0,1.0,0.0,6.0,0.0,0.2,0.5,-51.8,-51.8,-51.8,-51.8,1.0,0.0,6.0,0.0,0.2,0.5,0.0,0.0,0.0,0.0,1.0,0.0,6.0,0.0,0.2,0.5,1.0,1.0,1.0,1.0,1.0,0.0,6.0,0.0,0.2,0.5,7.2,7.2,7.2,7.2,1.0,0.0,6.0,0.0,0.2,0.5,6.98,6.98,6.98,6.98,1.0,0.0,6.0,0.0,0.2,0.5,50.2,50.2,50.2,50.2,1.0,0.0,6.0,0.0,0.2,0.5,-194.4,-194.4,-194.4,-194.4,1.0,0.0,6.0,0.0,0.2,0.5,0.0,0.0,0.0,0.0,1.0,0.0,6.0,0.0,0.2,0.5,-119.8,-119.8,-119.8,-119.8,1.0,0.0,6.0,0.0,0.2,0.5,0.0,0.0,0.0,0.0,1.0,0.0,6.0,0.0,0.2,0.5,-50.2,-50.2,-50.2,-50.2,1.0,0.0,6.0,0.0,0.2,0.5,0.0,0.0,0.0,0.0,1.0,0.0,6.0,0.0,0.2,0.5,373.0,373.0,373.0,373.0,1.0,0.0,6.0,0.0,0.2,0.5,375.0,375.0,375.0,375.0,1.0,0.0,6.0,0.0,0.2,0.5
1974,2,212.0,-11.0,28.3,28.3,28.3,28.3,1.0,0.0,26.0,0.0,0.7,1.0,26.5,26.5,26.5,26.5,1.0,0.0,26.0,0.0,0.7,1.0,18.42,18.42,18.42,18.42,1.0,0.0,26.0,0.0,0.7,1.0,85.1,85.1,85.1,85.1,1.0,0.0,26.0,0.0,1.0,4.6,4.6,4.6,4.6,1.0,0.0,26.0,0.0,0.7,1.0,3.52,3.52,3.52,3.52,1.0,0.0,26.0,0.0,0.7,1.0,2.96,2.96,2.96,2.96,1.0,0.0,26.0,0.0,0.7,1.0,1011.2,1011.2,1011.2,1011.2,1.0,0.0,26.0,0.0,0.7,1.0,6.0,6.0,6.0,6.0,1.0,0.0,26.0,0.0,0.7,1.0,16.2,16.2,16.2,16.2,1.0,0.0,26.0,0.0,0.7,1.0,13.6,13.6,13.6,13.6,1.0,0.0,26.0,0.0,0.7,1.0,1.8,1.8,1.8,1.8,1.0,0.0,26.0,0.0,0.7,1.0,8.3,8.3,8.3,8.3,1.0,0.0,26.0,0.0,0.7,1.0,5.71,5.71,5.71,5.71,1.0,0.0,26.0,0.0,0.7,1.0,26.3,26.3,26.3,26.3,1.0,0.0,26.0,0.0,0.7,1.0,93.4,93.4,93.4,93.4,1.0,0.0,26.0,0.0,0.7,1.0,78.4,78.4,78.4,78.4,1.0,0.0,26.0,0.0,0.7,1.0,64.9,64.9,64.9,64.9,1.0,0.0,26.0,0.0,0.7,1.0,54.5,54.5,54.5,54.5,1.0,0.0,26.0,0.0,0.7,1.0,20.1,20.1,20.1,20.1,1.0,0.0,26.0,0.0,0.7,1.0,16.9,16.9,16.9,16.9,1.0,0.0,26.0,0.0,0.7,1.0,97.5,97.5,97.5,97.5,1.0,0.0,26.0,0.0,0.7,1.0,95.0,95.0,95.0,95.0,1.0,0.0,26.0,0.0,0.7,1.0
1974,2,212.0,6.0,25.52,25.55,25.58,25.55,2.0,0.07,14.0,0.0,0.4,0.2,24.71,25.15,25.59,25.15,2.0,0.92,14.0,0.0,0.4,0.2,17.58,17.63,17.67,17.63,2.0,0.1,14.0,0.0,0.4,0.2,85.7,88.2,90.7,88.2,2.0,5.2,14.0,0.0,0.2,9.03,10.8,12.57,10.8,2.0,3.68,14.0,0.0,0.4,0.2,-10.76,-8.94,-7.13,-8.94,2.0,3.76,14.0,0.0,0.4,0.2,-6.47,-5.99,-5.5,-5.99,2.0,1.01,14.0,0.0,0.4,0.2,1008.95,1009.5,1010.05,1009.5,2.0,1.13,14.0,0.0,0.4,0.2,4.5,5.5,6.5,5.5,2.0,2.1,14.0,0.0,0.4,0.2,-139.0,-103.5,-68.0,-103.5,2.0,73.5,14.0,0.0,0.4,0.2,-82.4,-66.5,-50.6,-66.5,2.0,32.9,14.0,0.0,0.4,0.2,-0.01,0.4,0.81,0.4,2.0,0.85,14.0,0.0,0.4,0.2,-1.0,2.8,6.5,2.8,2.0,7.7,14.0,0.0,0.4,0.2,2.81,2.89,2.97,2.89,2.0,0.16,14.0,0.0,0.4,0.2,25.5,31.5,37.5,31.5,2.0,12.4,14.0,0.0,0.4,0.2,-276.3,-226.7,-177.0,-226.7,2.0,102.9,14.0,0.0,0.4,0.2,-165.9,-151.0,-136.1,-151.0,2.0,30.9,14.0,0.0,0.4,0.2,-189.1,-157.4,-125.8,-157.4,2.0,65.5,14.0,0.0,0.4,0.2,-113.8,-105.4,-97.1,-105.4,2.0,17.2,14.0,0.0,0.4,0.2,-32.1,-26.1,-20.2,-26.1,2.0,12.3,14.0,0.0,0.4,0.2,-19.2,-17.4,-15.5,-17.4,2.0,3.9,14.0,0.0,0.4,0.2,845.5,1478.5,2112.0,1478.5,2.0,1311.5,14.0,0.0,0.4,0.2,845.0,1480.0,2110.0,1480.0,2.0,1310.0,14.0,0.0,0.4,0.2
1974,2,212.0,10.0,25.6,25.6,25.6,25.6,1.0,0.0,16.0,1.0,0.4,0.5,25.7,25.7,25.7,25.7,1.0,0.0,16.0,1.0,0.4,0.5,16.39,16.39,16.39,16.39,1.0,0.0,16.0,1.0,0.4,0.5,79.5,79.5,79.5,79.5,1.0,0.0,16.0,1.0,0.5,10.3,10.3,10.3,10.3,1.0,0.0,16.0,1.0,0.4,0.5,-9.68,-9.68,-9.68,-9.68,1.0,0.0,16.0,1.0,0.4,0.5,-3.52,-3.52,-3.52,-3.52,1.0,0.0,16.0,1.0,0.4,0.5,1011.7,1011.7,1011.7,1011.7,1.0,0.0,16.0,1.0,0.4,0.5,6.0,6.0,6.0,6.0,1.0,0.0,16.0,1.0,0.4,0.5,-99.7,-99.7,-99.7,-99.7,1.0,0.0,16.0,1.0,0.4,0.5,-36.3,-36.3,-36.3,-36.3,1.0,0.0,16.0,1.0,0.4,0.5,-0.1,-0.1,-0.1,-0.1,1.0,0.0,16.0,1.0,0.4,0.5,-1.0,-1.0,-1.0,-1.0,1.0,0.0,16.0,1.0,0.4,0.5,4.14,4.14,4.14,4.14,1.0,0.0,16.0,1.0,0.4,0.5,42.7,42.7,42.7,42.7,1.0,0.0,16.0,1.0,0.4,0.5,-248.7,-248.7,-248.7,-248.7,1.0,0.0,16.0,1.0,0.4,0.5,-90.5,-90.5,-90.5,-90.5,1.0,0.0,16.0,1.0,0.4,0.5,-158.6,-158.6,-158.6,-158.6,1.0,0.0,16.0,1.0,0.4,0.5,-57.7,-57.7,-57.7,-57.7,1.0,0.0,16.0,1.0,0.4,0.5,-40.1,-40.1,-40.1,-40.1,1.0,0.0,16.0,1.0,0.4,0.5,-14.6,-14.6,-14.6,-14.6,1.0,0.0,16.0,1.0,0.4,0.5,1092.5,1092.5,1092.5,1092.5,1.0,0.0,16.0,1.0,0.4,0.5,1095.0,1095.0,1095.0,1095.0,1.0,0.0,16.0,1.0,0.4,0.5
1974,2,212.0,13.0,24.5,24.5,24.5,24.5,2.0,0.0,14.0,1.0,0.4,0.1,24.8,24.8,24.8,24.8,2.0,0.0,14.0,1.0,0.4,0.1,15.47,15.53,15.6,15.53,2.0,0.14,14.0,1.0,0.4,0.1,79.6,79.9,80.2,79.9,2.0,0.7,14.0,1.0,0.1,8.7,8.7,8.7,8.7,2.0,0.0,14.0,1.0,0.4,0.1,-7.53,-7.53,-7.53,-7.53,2.0,0.0,14.0,1.0,0.4,0.1,-4.35,-4.35,-4.35,-4.35,2.0,0.0,14.0,1.0,0.4,0.1,1015.8,1015.8,1015.8,1015.8,2.0,0.0,14.0,1.0,0.4,0.1,5.0,5.0,5.0,5.0,2.0,0.0,14.0,1.0,0.4,0.1,-65.5,-65.5,-65.5,-65.5,2.0,0.0,14.0,1.0,0.4,0.1,-37.8,-37.8,-37.8,-37.8,2.0,0.0,14.0,1.0,0.4,0.1,-0.3,-0.3,-0.3,-0.3,2.0,0.0,14.0,1.0,0.4,0.1,-2.6,-2.6,-2.6,-2.6,2.0,0.0,14.0,1.0,0.4,0.1,3.54,3.6,3.67,3.6,2.0,0.14,14.0,1.0,0.4,0.1,30.8,31.3,31.9,31.3,2.0,1.2,14.0,1.0,0.4,0.1,-186.9,-186.9,-186.9,-186.9,2.0,0.0,14.0,1.0,0.4,0.1,-107.9,-107.9,-107.9,-107.9,2.0,0.0,14.0,1.0,0.4,0.1,-117.5,-117.0,-116.5,-117.0,2.0,1.0,14.0,1.0,0.4,0.1,-67.9,-67.6,-67.3,-67.6,2.0,0.6,14.0,1.0,0.4,0.1,-27.6,-27.1,-26.6,-27.1,2.0,1.0,14.0,1.0,0.4,0.1,-16.0,-15.7,-15.4,-15.7,2.0,0.6,14.0,1.0,0.4,0.1,658.5,658.5,658.5,658.5,2.0,0.0,14.0,1.0,0.4,0.1,660.0,660.0,660.0,660.0,2.0,0.0,14.0,1.0,0.4,0.1
1974,2,212.0,15.0,24.65,25.2,25.75,25.2,2.0,1.13,18.0,1.0,0.6,0.5,25.6,25.8,26.0,25.8,2.0,0.42,18.0,1.0,0.6,0.5,16.91,17.83,18.75,17.83,2.0,1.9,18.0,1.0,0.6,0.5,83.0,86.2,89.4,86.2,2.0,6.7,18.0,1.0,0.5,8.19,9.25,10.31,9.25,2.0,2.19,18.0,1.0,0.6,0.5,-10.01,-8.65,-7.3,-8.65,2.0,2.81,18.0,1.0,0.6,0.5,-3.54,-2.86,-2.19,-2.86,2.0,1.4,18.0,1.0,0.6,0.5,1014.21,1015.75,1017.29,1015.75,2.0,3.18,18.0,1.0,0.6,0.5,2.3,3.0,3.7,3.0,2.0,1.4,18.0,1.0,0.6,0.5,-104.8,-83.1,-61.4,-83.1,2.0,44.9,18.0,1.0,0.6,0.5,-28.2,-24.9,-21.7,-24.9,2.0,6.6,18.0,1.0,0.6,0.5,-1.35,-0.6,0.15,-0.6,2.0,1.56,18.0,1.0,0.6,0.5,-10.2,-3.8,2.5,-3.8,2.0,13.1,18.0,1.0,0.6,0.5,0.6,2.15,3.69,2.15,2.0,3.2,18.0,1.0,0.6,0.5,6.8,23.4,40.0,23.4,2.0,34.3,18.0,1.0,0.6,0.5,-255.8,-222.6,-189.5,-222.6,2.0,68.7,18.0,1.0,0.6,0.5,-92.1,-74.2,-56.2,-74.2,2.0,37.2,18.0,1.0,0.6,0.5,-167.8,-151.6,-135.4,-151.6,2.0,33.6,18.0,1.0,0.6,0.5,-67.0,-52.4,-37.7,-52.4,2.0,30.3,18.0,1.0,0.6,0.5,-39.4,-23.1,-6.8,-23.1,2.0,33.7,18.0,1.0,0.6,0.5,-6.9,-3.9,-0.9,-3.9,2.0,6.2,18.0,1.0,0.6,0.5,584.0,858.0,1132.0,858.0,2.0,568.0,18.0,1.0,0.6,0.5,585.0,860.0,1130.0,860.0,2.0,570.0,18.0,1.0,0.6,0.5
1974,2,212.0,16.0,24.07,24.85,25.63,24.85,2.0,1.63,24.0,1.0,0.3,0.2,23.66,24.0,24.34,24.0,2.0,0.71,24.0,1.0,0.3,0.2,13.65,13.67,13.7,13.67,2.0,0.06,24.0,1.0,0.3,0.2,72.2,73.9,75.6,73.9,2.0,3.5,24.0,1.0,0.2,9.7,10.55,11.4,10.55,2.0,1.77,24.0,1.0,0.3,0.2,-11.21,-9.93,-8.65,-9.93,2.0,2.65,24.0,1.0,0.3,0.2,-3.91,-2.32,-0.74,-2.32,2.0,3.29,24.0,1.0,0.3,0.2,1014.88,1015.05,1015.22,1015.05,2.0,0.35,24.0,1.0,0.3,0.2,5.2,5.5,5.8,5.5,2.0,0.7,24.0,1.0,0.3,0.2,-129.0,-107.1,-85.1,-107.1,2.0,45.5,24.0,1.0,0.3,0.2,-36.4,-21.6,-6.9,-21.6,2.0,30.6,24.0,1.0,0.3,0.2,-0.28,0.85,1.98,0.85,2.0,2.33,24.0,1.0,0.3,0.2,-1.6,11.0,23.6,11.0,2.0,26.1,24.0,1.0,0.3,0.2,5.03,5.92,6.82,5.92,2.0,1.86,24.0,1.0,0.3,0.2,49.6,64.2,78.7,64.2,2.0,30.1,24.0,1.0,0.3,0.2,-264.6,-237.3,-210.0,-237.3,2.0,56.6,24.0,1.0,0.3,0.2,-95.8,-57.0,-18.1,-57.0,2.0,80.6,24.0,1.0,0.3,0.2,-153.6,-135.8,-118.1,-135.8,2.0,36.8,24.0,1.0,0.3,0.2,-53.3,-31.7,-10.1,-31.7,2.0,44.8,24.0,1.0,0.3,0.2,-77.8,-61.3,-44.8,-61.3,2.0,34.2,24.0,1.0,0.3,0.2,-18.0,-10.7,-3.4,-10.7,2.0,15.2,24.0,1.0,0.3,0.2,937.5,1223.5,1510.0,1223.5,2.0,593.0,24.0,1.0,0.3,0.2,935.0,1225.0,1510.0,1225.0,2.0,595.0,24.0,1.0,0.3,0.2
1974,2,212.0,17.0,24.6,24.6,24.6,24.6,1.0,0.0,8.0,1.0,0.7,0.4,23.7,23.7,23.7,23.7,1.0,0.0,8.0,1.0,0.7,0.4,12.92,12.92,12.92,12.92,1.0,0.0,8.0,1.0,0.7,0.4,71.3,71.3,71.3,71.3,1.0,0.0,8.0,1.0,0.4,8.2,8.2,8.2,8.2,1.0,0.0,8.0,1.0,0.7,0.4,-8.08,-8.08,-8.08,-8.08,1.0,0.0,8.0,1.0,0.7,0.4,-1.42,-1.42,-1.42,-1.42,1.0,0.0,8.0,1.0,0.7,0.4,1017.8,1017.8,1017.8,1017.8,1.0,0.0,8.0,1.0,0.7,0.4,3.0,3.0,3.0,3.0,1.0,0.0,8.0,1.0,0.7,0.4,-66.2,-66.2,-66.2,-66.2,1.0,0.0,8.0,1.0,0.7,0.4,-11.7,-11.7,-11.7,-11.7,1.0,0.0,8.0,1.0,0.7,0.4,0.9,0.9,0.9,0.9,1.0,0.0,8.0,1.0,0.7,0.4,7.4,7.4,7.4,7.4,1.0,0.0,8.0,1.0,0.7,0.4,6.29,6.29,6.29,6.29,1.0,0.0,8.0,1.0,0.7,0.4,51.6,51.6,51.6,51.6,1.0,0.0,8.0,1.0,0.7,0.4,-191.4,-191.4,-191.4,-191.4,1.0,0.0,8.0,1.0,0.7,0.4,-33.7,-33.7,-33.7,-33.7,1.0,0.0,8.0,1.0,0.7,0.4,-104.4,-104.4,-104.4,-104.4,1.0,0.0,8.0,1.0,0.7,0.4,-18.4,-18.4,-18.4,-18.4,1.0,0.0,8.0,1.0,0.7,0.4,-50.8,-50.8,-50.8,-50.8,1.0,0.0,8.0,1.0,0.7,0.4,-9.0,-9.0,-9.0,-9.0,1.0,0.0,8.0,1.0,0.7,0.4,551.5,551.5,551.5,551.5,1.0,0.0,8.0,1.0,0.7,0.4,550.0,550.0,550.0,550.0,1.0,0.0,8.0,1.0,0.7,0.4
1974,2,212.0,18.0,23.57,24.15,24.73,24.15,2.0,1.2,20.0,0.5,0.6,0.3,22.3,22.5,22.7,22.5,2.0,0.42,20.0,0.5,0.6,0.3,12.65,12.67,12.7,12.67,2.0,0.05,20.0,0.5,0.6,0.3,74.0,75.3,76.5,75.3,2.0,2.6,20.0,0.5,0.3,9.45,11.05,12.65,11.05,2.0,3.32,20.0,0.5,0.6,0.3,-11.97,-10.65,-9.32,-10.65,2.0,2.75,20.0,0.5,0.6,0.3,-3.86,-2.29,-0.73,-2.29,2.0,3.24,20.0,0.5,0.6,0.3,1015.94,1018.4,1020.86,1018.4,2.0,5.09,20.0,0.5,0.6,0.3,1.8,3.5,5.2,3.5,2.0,3.5,20.0,0.5,0.6,0.3,-154.0,-122.2,-90.5,-122.2,2.0,65.8,20.0,0.5,0.6,0.3,-51.7,-30.7,-9.7,-30.7,2.0,43.4,20.0,0.5,0.6,0.3,1.27,1.65,2.03,1.65,2.0,0.78,20.0,0.5,0.6,0.3,15.4,16.9,18.4,16.9,2.0,3.1,20.0,0.5,0.6,0.3,5.31,6.04,6.76,6.04,2.0,1.51,20.0,0.5,0.6,0.3,62.5,64.2,65.8,64.2,2.0,3.4,20.0,0.5,0.6,0.3,-266.7,-238.9,-211.2,-238.9,2.0,57.4,20.0,0.5,0.6,0.3,-85.6,-50.9,-16.1,-50.9,2.0,71.9,20.0,0.5,0.6,0.3,-152.1,-135.0,-117.9,-135.0,2.0,35.4,20.0,0.5,0.6,0.3,-49.0,-29.1,-9.2,-29.1,2.0,41.2,20.0,0.5,0.6,0.3,-62.4,-62.2,-61.9,-62.2,2.0,0.5,20.0,0.5,0.6,0.3,-19.2,-11.4,-3.6,-11.4,2.0,16.1,20.0,0.5,0.6,0.3,936.0,1532.5,2129.0,1532.5,2.0,1235.5,20.0,0.5,0.6,0.3,935.0,1530.0,2130.0,1530.0,2.0,1235.0,20.0,0.5,0.6,0.3
1974,2,212.0,19.0,23.59,23.9,23.95,23.78,4.0,0.32,16.0,0.0,0.6,0.2,22.11,23.0,23.2,22.67,3.0,0.85,14.0,0.0,0.6,0.2,14.05,14.59,14.61,14.34,3.0,0.47,14.0,0.0,0.6,0.2,82.9,84.2,85.2,84.1,3.0,1.7,14.0,0.0,0.2,6.44,6.95,7.2,6.83,4.0,0.48,16.0,0.0,0.6,0.2,-6.77,-6.44,-5.95,-6.36,4.0,0.48,16.0,0.0,0.6,0.2,-2.93,-2.46,-0.61,-1.8,4.0,1.96,16.0,0.0,0.6,0.2,1015.9,1015.95,1018.1,1016.95,4.0,2.03,16.0,0.0,0.6,0.2,1.0,2.0,4.6,2.8,4.0,2.4,16.0,0.0,0.6,0.2,-48.7,-43.8,-38.3,-43.5,4.0,6.0,16.0,0.0,0.6,0.2,-20.2,-17.7,-4.9,-12.8,4.0,13.2,16.0,0.0,0.6,0.2,0.32,1.0,1.82,1.07,3.0,1.1,14.0,0.0,0.6,0.2,2.1,6.7,12.9,7.5,3.0,8.0,14.0,0.0,0.6,0.2,3.4,3.86,4.4,3.9,3.0,0.73,14.0,0.0,0.6,0.2,21.7,25.9,31.1,26.4,3.0,6.9,14.0,0.0,0.6,0.2,-145.4,-142.3,-136.3,-140.8,3.0,6.8,14.0,0.0,0.6,0.2,-69.6,-53.4,0.2,-35.1,3.0,53.5,14.0,0.0,0.6,0.2,-92.0,-89.1,-86.2,-89.1,3.0,4.2,14.0,0.0,0.6,0.2,-44.2,-34.0,-0.1,-22.4,3.0,33.9,14.0,0.0,0.6,0.2,-28.6,-22.4,-20.4,-24.5,3.0,6.3,14.0,0.0,0.6,0.2,-12.5,-11.5,-1.3,-7.0,3.0,9.1,14.0,0.0,0.6,0.2,268.0,337.0,373.0,321.5,4.0,65.0,16.0,0.0,0.6,0.2,270.0,335.0,375.0,320.0,4.0,65.0,16.0,0.0,0.6,0.2
1974,2,212.0,20.0,22.83,24.0,24.37,23.62,5.0,1.01,18.0,0.6,0.5,0.4,20.42,22.0,23.81,22.24,5.0,2.68,18.0,0.6,0.5,0.4,9.46,13.4,14.1,12.02,5.0,2.97,18.0,0.6,0.5,0.4,61.0,76.2,84.6,72.4,5.0,16.3,18.0,0.6,0.4,6.7,10.3,10.3,8.64,5.0,2.7,18.0,0.6,0.5,0.4,-10.3,-10.14,-6.68,-8.6,5.0,2.7,18.0,0.6,0.5,0.4,-0.65,0.0,0.26,-0.22,5.0,0.93,18.0,0.6,0.5,0.4,1018.0,1019.5,1020.88,1019.58,5.0,1.81,18.0,0.6,0.5,0.4,3.5,5.5,7.5,5.5,4.0,2.4,16.0,0.8,0.5,0.3,-106.1,-104.5,-48.7,-80.1,5.0,39.2,18.0,0.6,0.5,0.4,-6.7,0.0,1.1,-3.1,5.0,8.7,18.0,0.6,0.5,0.4,-0.84,2.3,3.33,1.38,5.0,2.51,18.0,0.6,0.5,0.4,-8.7,12.3,29.7,10.5,5.0,24.2,18.0,0.6,0.5,0.4,3.45,5.09,8.73,6.07,5.0,3.45,18.0,0.6,0.5,0.4,22.2,39.4,89.9,55.1,5.0,41.3,18.0,0.6,0.5,0.4,-243.0,-199.8,-145.5,-192.8,5.0,69.8,18.0,0.6,0.5,0.4,-14.5,0.0,5.5,-5.0,5.0,20.5,18.0,0.6,0.5,0.4,-127.2,-108.7,-68.5,-101.1,5.0,38.1,18.0,0.6,0.5,0.4,-4.9,0.0,3.5,-0.8,5.0,8.2,18.0,0.6,0.5,0.4,-89.2,-39.4,-22.1,-54.6,5.0,40.7,18.0,0.6,0.5,0.4,-7.5,0.0,1.3,-3.4,5.0,9.8,18.0,0.6,0.5,0.4,375.0,1092.5,1092.5,779.5,5.0,461.5,18.0,0.6,0.5,0.4,375.0,1095.0,1095.0,780.0,5.0,460.0,18.0,0.6,0.5,0.4
1974,2,212.0,21.0,22.4,23.6,25.05,23.62,13.0,1.43,16.0,0.5,0.8,0.4,21.54,22.2,23.0,22.46,15.0,1.0,16.0,0.6,0.7,0.4,12.14,12.76,13.61,12.82,14.0,0.9,16.0,0.6,0.7,0.3,70.5,77.4,82.9,76.3,14.0,6.0,16.0,0.6,0.3,7.31,9.3,11.47,9.57,15.0,3.15,16.0,0.6,0.7,0.4,-11.33,-8.05,-5.21,-8.62,15.0,3.82,16.0,0.6,0.7,0.4,-4.4,0.0,1.26,-0.62,15.0,3.67,16.0,0.6,0.7,0.4,1016.97,1019.0,1022.61,1019.48,15.0,2.9,16.0,0.6,0.7,0.4,2.2,5.0,7.0,4.6,15.0,2.5,16.0,0.6,0.7,0.4,-130.2,-74.9,-33.3,-92.5,15.0,75.2,16.0,0.6,0.7,0.4,-41.7,0.0,9.3,-7.2,15.0,32.1,16.0,0.6,0.7,0.4,-0.1,1.1,2.67,1.06,13.0,1.96,16.0,0.5,0.8,0.4,-0.5,13.3,22.9,12.2,13.0,23.2,16.0,0.5,0.8,0.4,3.65,4.57,6.54,4.93,12.0,1.82,16.0,0.5,0.7,0.3,28.6,44.4,63.6,51.2,12.0,34.5,16.0,0.5,0.7,0.3,-258.7,-191.0,-110.9,-193.6,15.0,84.5,16.0,0.6,0.7,0.4,-103.1,0.0,28.8,-13.9,15.0,82.7,16.0,0.6,0.7,0.4,-156.8,-98.9,-65.9,-109.2,14.0,48.6,16.0,0.6,0.7,0.3,-57.4,0.0,16.6,-3.6,14.0,46.6,16.0,0.6,0.7,0.3,-62.3,-41.3,-26.6,-47.5,12.0,35.6,16.0,0.5,0.7,0.3,-9.6,0.0,11.1,2.4,12.0,17.5,16.0,0.5,0.7,0.3,391.5,804.5,1521.0,1168.5,15.0,1326.0,16.0,0.6,0.7,0.4,390.0,805.0,1520.0,1170.0,15.0,1325.0,16.0,0.6,0.7,0.4
1974,2,212.0,22.0,22.3,23.5,26.0,24.0,7.0,1.65,18.0,0.7,0.6,0.4,21.0,21.9,22.33,21.79,7.0,0.74,18.0,0.7,0.6,0.4,10.95,11.57,12.18,11.61,6.0,0.73,18.0,0.7,0.6,0.3,69.2,74.8,76.0,73.0,6.0,4.8,18.0,0.7,0.3,4.6,6.7,8.25,6.69,7.0,1.75,18.0,0.7,0.6,0.4,-8.13,-6.11,-4.42,-5.98,7.0,2.37,18.0,0.7,0.6,0.4,-1.84,0.0,0.81,-0.95,7.0,2.59,18.0,0.7,0.6,0.4,1018.48,1019.2,1022.14,1019.8,7.0,1.95,18.0,0.7,0.6,0.4,2.0,3.0,4.1,3.4,7.0,1.4,18.0,0.7,0.6,0.4,-67.1,-37.9,-20.6,-42.6,7.0,26.4,18.0,0.7,0.6,0.4,-16.3,0.0,3.8,-7.8,7.0,17.2,18.0,0.7,0.6,0.4,1.14,1.7,4.0,2.21,7.0,1.5,18.0,0.7,0.6,0.4,7.0,8.6,27.1,14.6,7.0,11.9,18.0,0.7,0.6,0.4,5.72,6.18,8.09,6.58,6.0,1.27,18.0,0.7,0.6,0.3,29.0,45.0,57.7,44.8,6.0,16.2,18.0,0.7,0.6,0.3,-178.9,-140.4,-94.2,-131.1,7.0,53.4,18.0,0.7,0.6,0.4,-40.6,0.0,17.8,-20.0,7.0,55.0,18.0,0.7,0.6,0.4,-99.2,-68.8,-45.1,-69.2,6.0,30.3,18.0,0.7,0.6,0.3,-29.5,-8.7,9.0,-15.0,6.0,30.9,18.0,0.7,0.6,0.3,-56.8,-32.4,-25.1,-38.4,6.0,18.1,18.0,0.7,0.6,0.3,-19.7,-4.8,4.8,-10.4,6.0,21.1,18.0,0.7,0.6,0.3,97.5,301.0,563.5,352.0,7.0,255.0,18.0,0.7,0.6,0.4,95.0,300.0,565.0,350.0,7.0,255.0,18.0,0.7,0.6,0.4
1974,2,212.0,23.0,23.0,23.0,23.0,23.0,1.0,0.0,20.0,0.0,1.0,0.4,20.5,20.5,20.5,20.5,1.0,0.0,20.0,0.0,1.0,0.4,11.65,11.65,11.65,11.65,1.0,0.0,20.0,0.0,1.0,0.4,78.3,78.3,78.3,78.3,1.0,0.0,20.0,0.0,0.4,6.7,6.7,6.7,6.7,1.0,0.0,20.0,0.0,1.0,0.4,-5.8,-5.8,-5.8,-5.8,1.0,0.0,20.0,0.0,1.0,0.4,3.35,3.35,3.35,3.35,1.0,0.0,20.0,0.0,1.0,0.4,1019.5,1019.5,1019.5,1019.5,1.0,0.0,20.0,0.0,1.0,0.4,1.0,1.0,1.0,1.0,1.0,0.0,20.0,0.0,1.0,0.4,-38.9,-38.9,-38.9,-38.9,1.0,0.0,20.0,0.0,1.0,0.4,22.4,22.4,22.4,22.4,1.0,0.0,20.0,0.0,1.0,0.4,2.5,2.5,2.5,2.5,1.0,0.0,20.0,0.0,1.0,0.4,16.8,16.8,16.8,16.8,1.0,0.0,20.0,0.0,1.0,0.4,5.75,5.75,5.75,5.75,1.0,0.0,20.0,0.0,1.0,0.4,38.5,38.5,38.5,38.5,1.0,0.0,20.0,0.0,1.0,0.4,-118.9,-118.9,-118.9,-118.9,1.0,0.0,20.0,0.0,1.0,0.4,68.7,68.7,68.7,68.7,1.0,0.0,20.0,0.0,1.0,0.4,-67.6,-67.6,-67.6,-67.6,1.0,0.0,20.0,0.0,1.0,0.4,39.0,39.0,39.0,39.0,1.0,0.0,20.0,0.0,1.0,0.4,-33.3,-33.3,-33.3,-33.3,1.0,0.0,20.0,0.0,1.0,0.4,19.2,19.2,19.2,19.2,1.0,0.0,20.0,0.0,1.0,0.4,301.0,301.0,301.0,301.0,1.0,0.0,20.0,0.0,1.0,0.4,300.0,300.0,300.0,300.0,1.0,0.0,20.0,0.0,1.0,0.4
1974,2,212.0,24.0,21.45,22.2,22.95,22.2,2.0,1.56,10.0,0.0,0.3,0.4,19.0,19.65,20.3,19.65,2.0,1.34,10.0,0.0,0.3,0.4,9.11,9.51,9.92,9.51,2.0,0.84,10.0,0.0,0.3,0.4,67.3,67.4,67.5,67.4,2.0,0.3,10.0,0.0,0.4,7.95,8.5,9.05,8.5,2.0,1.13,10.0,0.0,0.3,0.4,-6.41,-4.88,-3.35,-4.88,2.0,3.18,10.0,0.0,0.3,0.4,-7.04,-6.61,-6.18,-6.61,2.0,0.89,10.0,0.0,0.3,0.4,1019.63,1019.9,1020.17,1019.9,2.0,0.57,10.0,0.0,0.3,0.4,1.6,3.0,4.4,3.0,2.0,2.8,10.0,0.0,0.3,0.4,-59.0,-43.3,-27.6,-43.3,2.0,32.5,10.0,0.0,0.3,0.4,-55.7,-55.7,-55.6,-55.7,2.0,0.1,10.0,0.0,0.3,0.4,2.45,2.55,2.65,2.55,2.0,0.21,10.0,0.0,0.3,0.4,19.5,21.8,24.1,21.8,2.0,4.7,10.0,0.0,0.3,0.4,6.71,7.08,7.44,7.08,2.0,0.75,10.0,0.0,0.3,0.4,53.6,60.6,67.5,60.6,2.0,14.4,10.0,0.0,0.3,0.4,-131.3,-98.0,-64.7,-98.0,2.0,69.0,10.0,0.0,0.3,0.4,-133.4,-129.2,-125.1,-129.2,2.0,8.6,10.0,0.0,0.3,0.4,-64.3,-47.8,-31.2,-47.8,2.0,34.3,10.0,0.0,0.3,0.4,-63.9,-62.5,-61.1,-62.5,2.0,2.9,10.0,0.0,0.3,0.4,-48.4,-35.7,-23.1,-35.7,2.0,26.2,10.0,0.0,0.3,0.4,-47.1,-46.4,-45.8,-46.4,2.0,1.3,10.0,0.0,0.3,0.4,511.5,630.5,749.0,630.5,2.0,246.0,10.0,0.0,0.3,0.4,510.0,630.0,750.0,630.0,2.0,245.0,10.0,0.0,0.3,0.4
1974,2,212.0,25.0,22.0,22.15,22.79,22.22,14.0,0.92,16.0,0.7,0.5,0.5,20.51,21.4,23.89,21.84,14.0,1.58,16.0,0.7,0.5,0.5,11.27,12.56,14.71,12.58,14.0,2.22,16.0,0.7,0.5,0.5,70.6,78.3,83.8,77.4,14.0,10.6,16.0,0.7,0.5,5.1,7.2,10.24,7.42,14.0,2.91,16.0,0.7,0.5,0.5,-7.55,-6.24,-0.2,-4.6,14.0,4.21,16.0,0.7,0.5,0.5,0.0,1.48,5.18,1.7,14.0,4.91,16.0,0.7,0.5,0.5,1018.34,1019.95,1021.66,1020.07,14.0,2.06,16.0,0.7,0.5,0.5,2.0,4.0,6.0,4.0,14.0,2.1,16.0,0.7,0.5,0.5,-81.6,-44.7,-0.8,-40.1,14.0,37.5,16.0,0.7,0.5,0.5,0.0,9.6,41.8,11.5,14.0,56.3,16.0,0.7,0.5,0.5,-1.87,0.5,1.97,0.38,14.0,1.71,16.0,0.7,0.5,0.5,-10.1,2.0,16.5,2.8,14.0,11.8,16.0,0.7,0.5,0.5,1.93,4.07,5.67,4.02,14.0,2.36,16.0,0.7,0.5,0.5,9.8,24.6,47.5,31.5,14.0,27.5,16.0,0.7,0.5,0.5,-169.5,-134.3,-4.1,-101.8,14.0,94.6,16.0,0.7,0.5,0.5,0.0,32.5,109.1,39.1,14.0,107.8,16.0,0.7,0.5,0.5,-109.1,-62.8,-2.4,-58.1,14.0,55.6,16.0,0.7,0.5,0.5,0.0,20.1,59.2,28.1,14.0,57.5,16.0,0.7,0.5,0.5,-43.1,-18.4,-0.4,-20.4,14.0,21.5,16.0,0.7,0.5,0.5,0.0,7.0,21.3,0.7,14.0,30.2,16.0,0.7,0.5,0.5,132.5,373.0,1074.5,590.5,14.0,633.0,16.0,0.7,0.5,0.5,135.0,375.0,1075.0,590.0,14.0,635.0,16.0,0.7,0.5,0.5
1974,2,212.0,26.0,20.04,21.2,22.16,21.26,14.0,1.12,12.0,0.4,0.5,0.4,18.42,20.0,21.68,20.31,15.0,2.06,12.0,0.4,0.6,0.3,9.76,11.04,13.22,11.19,14.0,1.93,12.0,0.4,0.6,0.3,68.2,78.4,85.1,77.5,14.0,10.8,12.0,0.4,0.3,4.1,5.65,8.01,5.87,16.0,2.09,12.0,0.4,0.6,0.3,-7.74,-4.07,-1.61,-4.21,16.0,2.73,12.0,0.4,0.6,0.3,-4.38,0.0,1.81,-1.2,16.0,3.63,12.0,0.4,0.6,0.3,1018.34,1022.1,1024.22,1021.88,14.0,3.18,12.0,0.4,0.6,0.3,1.4,4.0,6.0,4.0,16.0,2.1,12.0,0.4,0.6,0.3,-60.7,-16.7,-6.7,-27.6,16.0,25.3,12.0,0.4,0.6,0.3,-24.6,0.0,10.1,-8.5,16.0,25.4,12.0,0.4,0.6,0.3,-0.1,1.1,2.3,1.02,12.0,1.14,12.0,0.4,0.6,0.3,-0.8,6.5,11.4,5.7,12.0,7.4,12.0,0.4,0.6,0.3,2.79,4.43,5.23,4.3,12.0,1.74,12.0,0.4,0.6,0.3,11.4,20.5,40.1,25.3,12.0,16.4,12.0,0.4,0.6,0.3,-153.9,-85.2,-29.9,-82.8,15.0,57.8,12.0,0.4,0.6,0.3,-82.5,0.0,39.4,-17.4,15.0,73.1,12.0,0.4,0.6,0.3,-71.4,-35.4,-15.7,-43.8,14.0,31.1,12.0,0.4,0.6,0.3,-48.6,0.0,25.3,-7.2,14.0,39.6,12.0,0.4,0.6,0.3,-21.8,-12.8,-6.2,-15.4,12.0,12.2,12.0,0.4,0.6,0.3,-22.1,1.3,6.9,-6.8,12.0,22.6,12.0,0.4,0.6,0.3,69.0,185.5,515.5,273.0,16.0,229.5,12.0,0.4,0.6,0.3,70.0,185.0,515.0,275.0,16.0,230.0,12.0,0.4,0.6,0.3
1974,2,212.0,27.0,19.86,21.1,22.2,20.91,19.0,1.39,14.0,0.6,0.6,0.5,20.0,20.6,21.1,20.62,21.0,1.42,14.0,0.6,0.6,0.5,10.55,11.71,12.74,11.67,20.0,1.42,12.0,0.6,0.6,0.5,71.2,77.2,85.0,77.9,20.0,7.2,12.0,0.6,0.5,5.1,7.2,9.93,7.14,21.0,2.55,14.0,0.6,0.6,0.5,-8.03,-4.94,-3.91,-5.04,21.0,4.13,14.0,0.6,0.6,0.5,-2.11,2.6,4.39,1.63,21.0,3.67,14.0,0.6,0.6,0.5,1017.9,1022.0,1024.65,1021.47,21.0,3.27,14.0,0.6,0.6,0.5,2.0,4.0,7.0,4.2,20.0,2.1,12.0,0.6,0.6,0.5,-67.2,-28.1,-19.9,-38.5,21.0,47.8,14.0,0.6,0.6,0.5,-10.7,13.1,31.1,11.5,21.0,33.4,14.0,0.6,0.6,0.5,-1.19,0.5,1.69,0.36,19.0,1.79,14.0,0.6,0.6,0.5,-8.9,5.4,13.4,3.7,19.0,12.7,14.0,0.6,0.6,0.5,2.31,3.8,5.22,3.68,19.0,1.52,14.0,0.6,0.6,0.5,13.2,21.4,44.3,26.6,19.0,16.3,14.0,0.6,0.6,0.5,-162.0,-116.4,-78.5,-105.4,21.0,81.1,14.0,0.6,0.6,0.5,-40.0,53.3,92.6,34.0,21.0,73.8,14.0,0.6,0.6,0.5,-100.6,-66.8,-41.2,-61.9,20.0,46.8,12.0,0.6,0.6,0.5,-26.5,28.6,54.6,17.5,20.0,42.5,12.0,0.6,0.6,0.5,-32.8,-14.9,-9.2,-16.5,19.0,21.0,14.0,0.6,0.6,0.5,-5.9,6.6,16.0,7.1,19.0,15.3,14.0,0.6,0.6,0.5,132.5,373.0,998.5,505.5,21.0,543.0,14.0,0.6,0.6,0.5,135.0,375.0,1000.0,505.0,21.0,545.0,14.0,0.6,0.6,0.5
1974,2,212.0,28.0,19.19,21.1,21.17,20.2,3.0,1.65,16.0,0.3,0.5,0.5,20.29,20.6,20.6,20.45,4.0,0.3,20.0,0.3,0.5,0.5,10.46,11.23,12.07,11.26,4.0,0.93,20.0,0.3,0.5,0.5,70.3,75.8,82.2,76.2,4.0,6.9,20.0,0.3,0.5,6.89,9.25,10.3,8.63,4.0,2.19,20.0,0.3,0.5,0.5,-6.62,-5.78,1.37,-2.77,4.0,6.63,20.0,0.3,0.5,0.5,3.45,6.0,7.89,5.68,4.0,2.6,20.0,0.3,0.5,0.5,1019.57,1022.6,1024.48,1022.05,4.0,3.81,20.0,0.3,0.5,0.5,1.9,4.0,6.1,4.0,4.0,3.3,20.0,0.3,0.5,0.5,-68.2,-48.2,17.1,-26.6,4.0,59.6,20.0,0.3,0.5,0.5,24.5,57.4,81.3,53.1,4.0,33.3,20.0,0.3,0.5,0.5,-1.41,0.5,0.57,-0.4,3.0,1.65,16.0,0.3,0.5,0.5,-7.3,5.2,5.9,-0.6,3.0,10.9,16.0,0.3,0.5,0.5,2.75,3.38,4.44,3.59,3.0,1.25,16.0,0.3,0.5,0.5,20.6,34.8,45.7,33.2,3.0,18.4,16.0,0.3,0.5,0.5,-136.4,-119.0,26.0,-58.1,4.0,134.4,20.0,0.3,0.5,0.5,69.8,122.3,162.5,116.4,4.0,54.1,20.0,0.3,0.5,0.5,-75.1,-60.4,20.0,-29.0,4.0,77.0,20.0,0.3,0.5,0.5,39.0,65.8,89.4,64.3,4.0,30.2,20.0,0.3,0.5,0.5,-29.4,-22.3,-15.4,-22.4,3.0,10.2,16.0,0.3,0.5,0.5,13.3,26.6,35.0,24.2,3.0,16.1,16.0,0.3,0.5,0.5,359.5,822.0,1092.5,730.5,4.0,444.0,20.0,0.3,0.5,0.5,360.0,820.0,1095.0,730.0,4.0,445.0,20.0,0.3,0.5,0.5
1974,2,212.0,29.0,18.0,20.0,21.0,19.67,14.0,1.5,14.0,0.4,0.5,0.6,17.82,19.0,20.25,19.24,17.0,1.69,14.0,0.4,0.5,0.5,10.51,11.98,12.41,11.35,16.0,1.46,14.0,0.4,0.5,0.5,74.3,82.6,91.0,81.9,16.0,8.9,14.0,0.4,0.5,4.1,6.7,8.2,6.71,17.0,2.38,14.0,0.4,0.5,0.5,-7.05,-4.75,-1.09,-4.2,17.0,3.94,14.0,0.4,0.5,0.5,-5.49,0.0,3.35,-0.88,17.0,4.29,14.0,0.4,0.5,0.5,1020.3,1024.0,1025.62,1023.4,16.0,2.36,14.0,0.4,0.5,0.5,2.0,3.0,8.0,4.5,15.0,2.6,14.0,0.5,0.6,0.5,-56.8,-29.4,-5.4,-32.9,17.0,39.3,14.0,0.4,0.5,0.5,-48.3,0.0,23.8,-10.2,17.0,33.4,14.0,0.4,0.5,0.5,-1.44,1.1,1.98,0.24,14.0,2.41,14.0,0.4,0.5,0.6,-7.3,5.1,12.3,1.6,14.0,21.2,14.0,0.4,0.5,0.6,0.79,3.24,4.18,2.9,14.0,1.68,14.0,0.4,0.5,0.6,6.0,18.6,36.7,19.5,14.0,14.1,14.0,0.4,0.5,0.6,-136.1,-90.2,-19.5,-81.7,17.0,75.2,14.0,0.4,0.5,0.5,-91.9,0.0,64.4,-15.3,17.0,83.3,14.0,0.4,0.5,0.5,-87.8,-54.3,-35.1,-54.5,16.0,39.2,14.0,0.4,0.5,0.5,-49.0,0.0,43.1,-5.7,16.0,47.0,14.0,0.4,0.5,0.5,-26.3,-13.6,-0.1,-13.6,14.0,12.7,14.0,0.4,0.5,0.6,-18.3,0.3,12.0,-0.4,14.0,15.8,14.0,0.4,0.5,0.6,69.0,301.0,551.5,414.5,17.0,443.0,14.0,0.4,0.5,0.5,70.0,300.0,550.0,415.0,17.0,445.0,14.0,0.4,0.5,0.5
1974,2,212.0,30.0,18.0,19.5,20.39,19.45,15.0,1.24,16.0,0.8,0.5,0.4,16.0,18.8,20.57,18.54,19.0,1.96,16.0,0.7,0.5,0.4,9.15,10.82,11.61,10.43,18.0,1.4,16.0,0.7,0.5,0.3,72.6,78.1,87.3,78.8,18.0,8.7,16.0,0.7,0.3,2.01,5.1,8.79,5.35,19.0,3.52,16.0,0.7,0.5,0.4,-5.85,-1.23,2.12,-1.65,19.0,3.46,16.0,0.7,0.5,0.4,-3.41,0.0,6.63,0.62,19.0,5.23,16.0,0.7,0.5,0.4,1021.1,1023.7,1026.66,1022.85,19.0,5.59,16.0,0.7,0.5,0.4,2.7,5.0,7.0,4.6,18.0,2.3,16.0,0.8,0.6,0.4,-38.9,-2.8,6.1,-13.3,19.0,27.6,16.0,0.7,0.5,0.4,-13.3,0.0,53.5,2.6,19.0,55.8,16.0,0.7,0.5,0.4,-0.58,1.0,2.16,0.91,15.0,1.77,16.0,0.8,0.5,0.4,-3.1,4.5,9.1,5.9,15.0,15.3,16.0,0.8,0.5,0.4,2.28,3.23,5.72,3.66,14.0,1.88,16.0,0.8,0.5,0.4,2.6,19.3,36.9,22.0,14.0,22.2,16.0,0.8,0.5,0.4,-102.8,-23.9,33.4,-31.1,19.0,65.5,16.0,0.7,0.5,0.4,-58.1,0.0,124.0,17.2,19.0,96.5,16.0,0.7,0.5,0.4,-56.1,-11.4,21.8,-15.4,18.0,37.1,16.0,0.7,0.5,0.3,-27.9,5.1,73.3,12.5,18.0,53.0,16.0,0.7,0.5,0.3,-11.6,-1.0,7.1,-3.8,14.0,12.8,16.0,0.8,0.5,0.4,-19.7,1.6,20.5,-1.4,14.0,28.9,16.0,0.8,0.5,0.4,8.5,132.5,679.5,371.0,19.0,642.0,16.0,0.7,0.5,0.4,10.0,135.0,680.0,370.0,19.0,640.0,16.0,0.7,0.5,0.4
1974,2,212.0,31.0,17.05,18.9,19.29,18.44,9.0,1.26,18.0,0.3,0.5,0.5,15.41,16.8,18.0,16.89,11.0,1.78,16.0,0.4,0.6,0.5,6.72,9.78,11.23,9.31,10.0,2.17,16.0,0.3,0.6,0.5,67.8,84.4,91.1,78.7,10.0,15.9,16.0,0.3,0.5,3.48,7.2,10.13,7.01,11.0,3.52,16.0,0.4,0.6,0.5,-5.67,-2.56,1.98,-2.0,11.0,4.38,16.0,0.4,0.6,0.5,-7.5,-4.31,2.72,-2.29,11.0,6.09,16.0,0.4,0.6,0.5,1024.0,1025.0,1026.91,1024.95,11.0,3.47,16.0,0.4,0.6,0.5,0.0,5.0,8.0,4.5,11.0,3.6,16.0,0.4,0.6,0.5,-42.1,-22.2,10.1,-12.5,11.0,40.4,16.0,0.4,0.6,0.5,-74.3,-28.9,12.2,-27.2,11.0,63.4,16.0,0.4,0.6,0.5,1.0,2.2,2.57,1.49,9.0,1.84,18.0,0.3,0.5,0.5,1.8,12.8,22.4,10.8,9.0,19.0,18.0,0.3,0.5,0.5,2.62,3.86,5.21,3.89,9.0,1.44,18.0,0.3,0.5,0.5,7.1,22.8,55.8,30.8,9.0,23.7,18.0,0.3,0.5,0.5,-94.0,-46.1,35.6,-36.6,11.0,71.6,16.0,0.4,0.6,0.5,-109.5,-72.4,45.0,-31.0,11.0,99.6,16.0,0.4,0.6,0.5,-55.8,-17.7,23.9,-17.9,10.0,42.8,16.0,0.3,0.6,0.5,-63.7,-18.6,29.6,-17.3,10.0,46.8,16.0,0.3,0.6,0.5,-19.3,-3.9,12.6,-3.4,9.0,19.0,18.0,0.3,0.5,0.5,-46.7,0.7,13.3,-8.3,9.0,34.3,18.0,0.3,0.5,0.5,47.5,373.0,1068.0,582.5,11.0,671.0,16.0,0.4,0.6,0.5,50.0,375.0,1070.0,580.0,11.0,670.0,16.0,0.4,0.6,0.5
1974,2,212.0,32.0,17.1,17.9,19.6,18.2,6.0,1.29,12.0,0.5,0.5,0.6,14.04,16.35,17.71,16.2,8.0,1.83,14.0,0.6,0.5,0.5,6.25,9.43,10.23,8.47,6.0,2.69,14.0,0.5,0.4,0.5,59.9,77.8,84.4,72.2,6.0,18.1,14.0,0.5,0.5,5.1,5.65,7.14,5.96,8.0,3.38,14.0,0.6,0.5,0.5,-4.99,1.28,5.96,-0.31,8.0,6.36,14.0,0.6,0.5,0.5,-3.8,-0.44,3.75,-0.07,8.0,3.39,14.0,0.6,0.5,0.5,1020.5,1023.85,1027.69,1023.8,8.0,3.73,14.0,0.6,0.5,0.5,3.1,6.5,8.0,5.6,8.0,2.7,14.0,0.6,0.5,0.5,-29.0,6.5,39.4,-9.6,8.0,60.5,14.0,0.6,0.5,0.5,-23.7,-2.3,19.7,-4.5,8.0,25.6,14.0,0.6,0.5,0.5,-0.23,1.65,4.33,1.97,6.0,2.69,12.0,0.5,0.5,0.6,-1.2,10.2,35.5,18.4,6.0,27.8,12.0,0.5,0.5,0.6,1.74,2.76,6.99,4.26,5.0,3.56,12.0,0.4,0.5,0.7,6.4,14.1,67.4,36.6,5.0,50.3,12.0,0.4,0.5,0.7,-75.2,21.3,96.5,2.2,8.0,96.4,14.0,0.6,0.5,0.5,-53.3,-6.7,70.2,3.3,8.0,54.4,14.0,0.6,0.5,0.5,-36.6,12.3,37.9,6.1,6.0,39.9,14.0,0.5,0.4,0.5,-17.2,-3.0,39.7,6.4,6.0,27.7,14.0,0.5,0.4,0.5,-42.4,5.1,17.7,-13.8,5.0,58.6,12.0,0.4,0.5,0.7,-23.0,0.0,9.5,-6.9,5.0,21.7,12.0,0.4,0.5,0.7,132.5,185.5,365.0,396.5,8.0,603.0,14.0,0.6,0.5,0.5,135.0,185.0,365.0,395.0,8.0,605.0,14.0,0.6,0.5,0.5
1974,2,212.0,33.0,16.78,17.2,17.79,17.07,9.0,0.88,16.0,0.4,0.4,0.4,13.0,15.6,16.33,15.02,10.0,1.8,16.0,0.5,0.4,0.4,7.27,9.19,10.68,9.01,9.0,1.72,16.0,0.4,0.4,0.4,78.2,81.8,90.7,83.7,9.0,8.2,16.0,0.4,0.4,5.1,7.2,10.87,7.55,10.0,3.6,16.0,0.5,0.4,0.4,-2.9,-0.63,4.22,0.6,10.0,4.52,16.0,0.5,0.4,0.4,-6.72,-3.0,5.1,-1.72,10.0,7.23,16.0,0.5,0.4,0.4,1017.61,1023.9,1027.5,1023.09,10.0,4.78,16.0,0.5,0.4,0.4,3.4,6.5,8.0,6.0,10.0,2.3,16.0,0.5,0.4,0.4,-24.3,-4.4,47.7,11.0,10.0,43.6,16.0,0.5,0.4,0.4,-48.4,-12.2,41.3,-13.7,10.0,82.5,16.0,0.5,0.4,0.4,0.71,1.6,4.73,2.38,9.0,2.11,16.0,0.4,0.4,0.4,6.9,10.1,33.9,19.5,9.0,25.9,16.0,0.4,0.4,0.4,1.47,2.79,5.47,3.21,8.0,1.85,16.0,0.4,0.4,0.4,10.0,22.0,55.2,29.7,8.0,26.6,16.0,0.4,0.4,0.4,-45.8,-10.3,56.5,5.4,10.0,62.8,16.0,0.5,0.4,0.4,-108.8,-44.1,88.0,-20.0,10.0,109.3,16.0,0.5,0.4,0.4,-28.1,-13.5,33.9,2.0,9.0,36.6,16.0,0.4,0.4,0.4,-71.8,-37.2,66.8,-11.4,9.0,69.0,16.0,0.4,0.4,0.4,-7.2,-2.5,25.5,8.1,8.0,23.5,16.0,0.4,0.4,0.4,-20.3,-9.6,9.0,-12.1,8.0,30.3,16.0,0.4,0.4,0.4,132.5,373.0,1293.0,713.0,10.0,921.5,16.0,0.5,0.4,0.4,135.0,375.0,1295.0,715.0,10.0,920.0,16.0,0.5,0.4,0.4
1974,2,212.0,34.0,15.43,16.5,18.09,16.64,10.0,1.42,16.0,0.8,0.5,0.4,14.44,15.0,16.91,15.37,10.0,1.22,16.0,0.8,0.5,0.4,6.58,8.23,10.27,8.31,10.0,1.82,16.0,0.8,0.5,0.4,67.3,75.2,91.3,77.3,10.0,14.0,16.0,0.8,0.4,3.81,6.95,9.59,7.06,10.0,3.42,16.0,0.8,0.5,0.4,-4.78,1.8,5.22,0.15,10.0,5.3,16.0,0.8,0.5,0.4,-8.1,-2.42,0.72,-3.82,10.0,4.77,16.0,0.8,0.5,0.4,1021.88,1026.2,1030.06,1025.93,10.0,3.88,16.0,0.8,0.5,0.4,1.1,7.0,8.0,5.2,9.0,3.3,16.0,0.8,0.5,0.4,-29.3,6.1,47.3,2.7,10.0,46.4,16.0,0.8,0.5,0.4,-74.8,-14.8,6.8,-36.9,10.0,53.5,16.0,0.8,0.5,0.4,-1.03,1.6,3.09,1.27,10.0,1.98,16.0,0.8,0.5,0.4,-6.8,8.9,30.4,10.7,10.0,17.0,16.0,0.8,0.5,0.4,2.07,3.33,4.8,3.34,10.0,1.51,16.0,0.8,0.5,0.4,6.9,22.0,42.0,25.2,10.0,20.1,16.0,0.8,0.5,0.4,-74.6,29.6,78.6,2.8,10.0,81.2,16.0,0.8,0.5,0.4,-120.0,-39.5,10.8,-55.4,10.0,67.9,16.0,0.8,0.5,0.4,-43.2,14.8,33.3,-0.1,10.0,44.3,16.0,0.8,0.5,0.4,-64.7,-20.6,6.2,-28.0,10.0,36.3,16.0,0.8,0.5,0.4,-18.0,4.5,16.2,-0.4,10.0,18.0,16.0,0.8,0.5,0.4,-36.5,-5.6,-0.2,-16.4,10.0,22.1,16.0,0.8,0.5,0.4,56.0,347.5,882.5,575.0,10.0,651.0,16.0,0.8,0.5,0.4,55.0,345.0,885.0,575.0,10.0,650.0,16.0,0.8,0.5,0.4
1974,2,212.0,35.0,15.0,15.75,16.5,15.7,10.0,1.26,18.0,0.6,0.5,0.6,11.59,14.0,16.62,14.12,11.0,2.62,18.0,0.5,0.5,0.6,7.19,8.01,10.6,8.42,9.0,2.13,16.0,0.6,0.5,0.5,67.5,87.6,90.4,81.7,9.0,12.8,16.0,0.6,0.5,4.69,9.3,11.21,8.05,11.0,3.79,18.0,0.5,0.5,0.6,-2.63,1.34,7.84,2.05,11.0,4.75,18.0,0.5,0.5,0.6,-8.06,-3.18,6.11,-1.27,11.0,7.52,18.0,0.5,0.5,0.6,1016.14,1024.0,1028.08,1022.44,11.0,5.8,18.0,0.5,0.5,0.6,4.0,6.5,8.0,6.2,10.0,1.8,18.0,0.5,0.5,0.6,-23.6,10.3,64.0,20.7,11.0,47.0,18.0,0.5,0.5,0.6,-74.4,-16.6,53.0,-7.7,11.0,81.6,18.0,0.5,0.5,0.6,-1.0,0.85,4.57,1.37,10.0,2.53,18.0,0.6,0.5,0.6,-5.5,10.1,36.7,13.5,10.0,22.7,18.0,0.6,0.5,0.6,0.38,2.48,3.67,2.39,9.0,2.01,16.0,0.6,0.5,0.5,2.6,13.8,43.2,22.7,9.0,21.6,16.0,0.6,0.5,0.5,-36.5,18.8,97.6,26.2,11.0,64.8,18.0,0.5,0.5,0.6,-108.6,-41.4,106.2,-8.5,11.0,111.2,18.0,0.5,0.5,0.6,-23.0,5.0,18.1,6.4,9.0,36.3,16.0,0.6,0.5,0.5,-58.4,-28.4,78.5,-1.7,9.0,69.4,16.0,0.6,0.5,0.5,-6.6,0.0,9.3,2.6,9.0,10.5,16.0,0.6,0.5,0.5,-23.2,-12.5,4.5,-8.4,9.0,29.1,16.0,0.6,0.5,0.5,106.5,804.5,1418.0,798.5,11.0,688.5,18.0,0.5,0.5,0.6,105.0,805.0,1420.0,800.0,11.0,690.0,18.0,0.5,0.5,0.6
1974,2,212.0,36.0,13.27,16.0,16.37,15.11,9.0,1.74,14.0,0.4,0.8,0.5,12.29,14.5,16.83,14.67,11.0,2.48,14.0,0.5,0.7,0.5,6.36,8.21,9.66,8.1,9.0,1.73,14.0,0.4,0.8,0.5,71.5,81.1,93.6,81.3,9.0,10.3,14.0,0.4,0.5,5.0,10.3,12.9,9.27,10.0,4.06,12.0,0.6,0.7,0.5,-2.06,3.05,9.39,3.55,10.0,5.41,12.0,0.6,0.7,0.5,-9.62,-2.29,5.45,-1.41,10.0,8.15,12.0,0.6,0.7,0.5,1018.59,1023.5,1026.71,1022.71,11.0,4.26,14.0,0.5,0.7,0.5,2.6,8.0,8.0,5.8,11.0,2.8,14.0,0.5,0.7,0.5,-14.8,14.5,107.7,37.8,10.0,65.3,12.0,0.6,0.7,0.5,-114.4,-17.7,51.8,-11.7,10.0,101.1,12.0,0.6,0.7,0.5,0.23,0.5,3.14,1.07,9.0,2.07,14.0,0.4,0.8,0.5,0.6,6.1,40.5,12.6,8.0,21.5,14.0,0.5,0.8,0.5,1.54,2.12,3.28,2.51,9.0,1.2,14.0,0.4,0.8,0.5,9.0,16.3,37.0,20.8,8.0,14.1,14.0,0.5,0.8,0.5,-27.6,46.3,149.3,54.9,10.0,85.8,12.0,0.6,0.7,0.5,-142.4,-28.0,87.3,-19.2,10.0,124.2,12.0,0.6,0.7,0.5,1.4,25.7,53.0,32.2,8.0,46.6,14.0,0.5,0.8,0.5,-74.6,-15.8,42.8,-8.5,8.0,76.6,14.0,0.5,0.8,0.5,0.4,7.5,13.1,9.8,8.0,14.7,14.0,0.5,0.8,0.5,-19.7,-6.9,4.1,-7.2,8.0,17.6,14.0,0.5,0.8,0.5,141.5,1123.5,2146.5,1187.0,10.0,1037.0,12.0,0.6,0.7,0.5,140.0,1125.0,2145.0,1185.0,10.0,1035.0,12.0,0.6,0.7,0.5
1974,2,212.0,37.0,12.71,13.5,15.27,14.16,8.0,1.88,16.0,0.5,0.6,0.3,10.56,12.2,13.71,12.33,8.0,2.44,16.0,0.5,0.6,0.3,4.88,6.95,8.08,6.7,8.0,1.75,16.0,0.5,0.6,0.3,60.5,75.3,88.0,75.3,8.0,16.4,16.0,0.5,0.3,5.92,8.45,12.99,10.04,8.0,4.65,16.0,0.5,0.6,0.3,0.0,3.27,6.8,3.07,8.0,4.07,16.0,0.5,0.6,0.3,-11.68,-6.47,3.28,-4.48,8.0,9.3,16.0,0.5,0.6,0.3,1013.47,1025.0,1028.39,1022.36,8.0,7.88,16.0,0.5,0.6,0.3,2.0,7.0,8.0,5.4,7.0,2.9,16.0,0.6,0.6,0.3,0.0,20.1,58.1,38.7,8.0,64.0,16.0,0.5,0.6,0.3,-146.9,-44.1,28.0,-55.3,8.0,139.9,16.0,0.5,0.6,0.3,0.14,2.25,4.43,1.84,8.0,3.09,16.0,0.5,0.6,0.3,0.8,17.3,62.1,24.4,8.0,33.6,16.0,0.5,0.6,0.3,1.46,3.33,5.36,3.29,8.0,2.04,16.0,0.5,0.6,0.3,8.9,21.2,60.0,35.4,8.0,34.3,16.0,0.5,0.6,0.3,0.0,42.4,75.7,34.0,8.0,41.3,16.0,0.5,0.6,0.3,-141.0,-85.2,35.1,-49.9,8.0,108.1,16.0,0.5,0.6,0.3,0.0,22.1,39.5,19.5,8.0,22.5,16.0,0.5,0.6,0.3,-60.0,-40.3,23.3,-23.5,8.0,65.1,16.0,0.5,0.6,0.3,0.0,3.1,18.9,9.4,8.0,20.4,16.0,0.5,0.6,0.3,-43.9,-10.3,9.9,-12.7,8.0,43.6,16.0,0.5,0.6,0.3,215.5,605.0,2191.5,1648.5,8.0,2259.5,16.0,0.5,0.6,0.3,215.0,605.0,2190.0,1650.0,8.0,2260.0,16.0,0.5,0.6,0.3
1974,2,212.0,38.0,13.25,14.7,15.63,14.45,4.0,1.68,16.0,0.8,0.7,0.5,8.61,11.95,14.71,11.68,4.0,3.57,16.0,0.8,0.7,0.5,3.91,6.33,8.0,5.97,4.0,2.53,16.0,0.8,0.7,0.5,56.4,71.2,77.9,67.4,4.0,16.8,16.0,0.8,0.5,8.94,11.05,12.38,10.68,4.0,2.25,16.0,0.8,0.7,0.5,0.75,5.64,8.12,4.49,4.0,4.92,16.0,0.8,0.7,0.5,-8.26,-3.89,5.4,-1.54,4.0,10.14,16.0,0.8,0.7,0.5,1020.49,1022.35,1027.67,1024.0,4.0,4.95,16.0,0.8,0.7,0.5,7.0,7.5,8.0,7.5,4.0,0.6,16.0,0.8,0.7,0.5,7.5,51.7,74.7,41.6,4.0,50.8,16.0,0.8,0.7,0.5,-93.8,-36.7,76.2,-10.1,4.0,124.9,16.0,0.8,0.7,0.5,0.57,2.8,4.98,2.78,4.0,2.6,16.0,0.8,0.7,0.5,7.4,30.4,55.6,31.4,4.0,29.2,16.0,0.8,0.7,0.5,2.7,4.57,5.61,4.17,4.0,1.87,16.0,0.8,0.7,0.5,30.2,54.6,61.7,46.3,4.0,23.0,16.0,0.8,0.7,0.5,0.7,54.0,87.7,44.6,4.0,58.7,16.0,0.8,0.7,0.5,-74.3,-39.0,81.8,1.8,4.0,129.7,16.0,0.8,0.7,0.5,1.0,22.8,43.8,22.4,4.0,31.8,16.0,0.8,0.7,0.5,-40.3,-18.3,43.4,0.6,4.0,66.1,16.0,0.8,0.7,0.5,1.4,16.9,37.6,19.4,4.0,25.2,16.0,0.8,0.7,0.5,-45.4,-17.3,23.1,-11.4,4.0,45.6,16.0,0.8,0.7,0.5,759.5,1368.0,1907.0,1334.5,4.0,726.5,16.0,0.8,0.7,0.5,760.0,1370.0,1905.0,1335.0,4.0,725.0,16.0,0.8,0.7,0.5
1974,2,212.0,39.0,12.73,13.45,14.0,13.29,8.0,0.84,6.0,0.4,0.6,0.4,11.56,12.25,13.48,12.43,8.0,0.93,6.0,0.4,0.6,0.4,5.79,7.48,8.58,7.29,8.0,1.55,6.0,0.4,0.6,0.4,67.2,85.9,90.6,81.8,8.0,13.2,6.0,0.4,0.4,6.73,8.2,10.63,8.78,8.0,3.26,6.0,0.4,0.6,0.4,4.44,6.44,8.47,5.81,8.0,5.69,6.0,0.4,0.6,0.4,-1.4,2.34,6.76,2.27,8.0,4.67,6.0,0.4,0.6,0.4,1021.42,1025.3,1027.33,1024.35,8.0,5.48,6.0,0.4,0.6,0.4,3.0,4.0,6.0,4.1,7.0,1.8,6.0,0.4,0.6,0.4,22.4,48.7,73.8,57.6,8.0,77.7,6.0,0.4,0.6,0.4,-6.4,16.1,62.2,17.6,8.0,53.6,6.0,0.4,0.6,0.4,0.5,0.75,1.91,0.86,8.0,1.29,6.0,0.4,0.6,0.4,3.4,5.5,16.3,8.9,8.0,16.4,6.0,0.4,0.6,0.4,1.21,1.68,4.0,2.08,8.0,1.8,6.0,0.4,0.6,0.4,8.1,13.0,34.1,20.1,8.0,24.2,6.0,0.4,0.6,0.4,51.7,82.5,102.7,69.6,8.0,68.5,6.0,0.4,0.6,0.4,-16.1,31.6,89.4,30.6,8.0,57.4,6.0,0.4,0.6,0.4,27.0,50.5,56.2,36.8,8.0,40.1,6.0,0.4,0.6,0.4,-8.2,20.1,62.7,21.1,8.0,34.1,6.0,0.4,0.6,0.4,7.6,10.1,33.3,19.7,8.0,21.4,6.0,0.4,0.6,0.4,-6.5,1.4,5.6,-0.9,8.0,11.9,6.0,0.4,0.6,0.4,305.5,557.5,1209.0,946.5,8.0,1150.5,6.0,0.4,0.6,0.4,305.0,560.0,1210.0,945.0,8.0,1150.0,6.0,0.4,0.6,0.4
1974,2,212.0,40.0,10.48,11.25,12.18,11.33,4.0,1.16,16.0,0.8,0.6,0.4,7.89,10.0,12.54,10.28,5.0,2.64,16.0,0.6,0.6,0.4,5.49,6.79,7.54,6.53,3.0,1.52,12.0,0.7,0.6,0.3,71.0,74.3,87.4,79.1,3.0,12.8,12.0,0.7,0.3,10.25,11.8,13.27,11.74,5.0,1.79,16.0,0.6,0.6,0.4,-2.6,10.65,11.75,5.5,5.0,8.69,16.0,0.6,0.6,0.4,-5.82,0.0,7.74,0.76,5.0,7.84,16.0,0.6,0.6,0.4,1021.55,1023.0,1023.93,1022.75,4.0,1.68,16.0,0.8,0.6,0.4,4.3,5.0,6.4,5.3,3.0,1.5,20.0,0.7,0.6,0.4,-24.2,130.8,154.7,75.8,5.0,102.9,16.0,0.6,0.6,0.4,-75.6,0.0,77.9,0.1,5.0,92.7,16.0,0.6,0.6,0.4,-1.05,1.7,2.93,0.98,4.0,2.83,16.0,0.8,0.6,0.4,-12.1,21.1,36.9,12.8,4.0,32.8,16.0,0.8,0.6,0.4,1.2,1.25,2.75,1.96,3.0,1.29,12.0,0.7,0.6,0.3,11.8,13.5,32.1,21.7,3.0,16.5,12.0,0.7,0.6,0.3,-30.4,82.0,103.4,43.3,5.0,84.9,16.0,0.6,0.6,0.4,-45.6,0.0,99.6,24.0,5.0,87.5,16.0,0.6,0.6,0.4,-38.4,0.0,37.0,-0.7,3.0,55.2,12.0,0.7,0.6,0.3,1.5,47.2,65.1,33.6,3.0,48.0,12.0,0.7,0.6,0.3,-5.7,0.0,26.2,10.0,3.0,24.9,12.0,0.7,0.6,0.3,-7.3,7.1,11.4,2.2,3.0,14.3,12.0,0.7,0.6,0.3,1093.5,1643.0,2343.5,1708.0,5.0,736.5,16.0,0.6,0.6,0.4,1095.0,1645.0,2345.0,1710.0,5.0,735.0,16.0,0.6,0.6,0.4
1974,2,212.0,41.0,10.21,11.0,11.52,10.88,4.0,1.03,16.0,0.5,0.7,0.4,10.32,11.6,12.44,11.46,5.0,1.26,16.0,0.4,0.6,0.5,5.99,7.02,8.33,7.15,4.0,1.45,16.0,0.5,0.7,0.4,73.7,82.6,92.0,82.8,4.0,10.9,16.0,0.5,0.4,9.03,11.3,15.9,12.34,5.0,4.22,16.0,0.4,0.6,0.5,4.3,4.95,9.79,6.53,5.0,3.06,16.0,0.4,0.6,0.5,3.59,5.9,15.24,8.66,5.0,7.19,16.0,0.4,0.6,0.5,1009.2,1014.5,1020.99,1015.12,5.0,10.95,16.0,0.4,0.6,0.5,1.9,4.0,8.0,4.6,5.0,3.4,16.0,0.4,0.6,0.5,51.6,70.9,101.4,75.0,5.0,28.8,16.0,0.4,0.6,0.5,28.8,63.8,246.8,128.2,5.0,137.4,16.0,0.4,0.6,0.5,-1.67,-1.1,-0.21,-0.95,4.0,1.08,16.0,0.5,0.7,0.4,-19.3,-15.3,-3.9,-11.8,4.0,12.1,16.0,0.5,0.7,0.4,0.08,0.65,1.77,0.91,4.0,1.2,16.0,0.5,0.7,0.4,0.6,6.4,18.5,9.4,4.0,14.1,16.0,0.5,0.7,0.4,51.9,59.1,99.7,71.9,5.0,26.8,16.0,0.4,0.6,0.5,37.7,68.4,190.9,106.1,5.0,95.0,16.0,0.4,0.6,0.5,30.0,34.7,47.1,38.3,4.0,12.0,16.0,0.5,0.7,0.4,34.6,70.8,134.7,84.0,4.0,61.7,16.0,0.5,0.7,0.4,0.6,3.2,15.3,7.7,4.0,11.8,16.0,0.5,0.7,0.4,0.2,5.4,10.3,5.3,4.0,7.7,16.0,0.5,0.7,0.4,764.0,1443.0,4208.0,2431.5,5.0,2378.0,16.0,0.4,0.6,0.5,765.0,1445.0,4210.0,2430.0,5.0,2380.0,16.0,0.4,0.6,0.5
1974,2,212.0,43.0,9.08,9.25,9.42,9.25,2.0,0.35,20.0,0.0,0.5,0.5,2.9,7.25,10.29,6.63,4.0,4.53,18.0,0.5,0.5,0.5,3.56,4.22,4.87,4.22,2.0,1.36,20.0,0.0,0.5,0.5,72.0,75.4,78.8,75.4,2.0,7.0,20.0,0.0,0.5,9.3,14.15,19.26,14.28,4.0,5.75,18.0,0.5,0.5,0.5,6.03,11.86,14.76,10.46,4.0,5.52,18.0,0.5,0.5,0.5,-5.8,5.18,10.56,2.51,4.0,10.96,18.0,0.5,0.5,0.5,1009.86,1012.95,1015.57,1012.73,4.0,3.78,18.0,0.5,0.5,0.5,1.0,5.0,8.0,4.5,4.0,4.1,18.0,0.5,0.5,0.5,56.1,180.9,284.3,170.6,4.0,132.9,18.0,0.5,0.5,0.5,-120.9,48.1,160.3,21.0,4.0,198.9,18.0,0.5,0.5,0.5,0.93,4.0,7.07,4.0,2.0,6.36,20.0,0.0,0.5,0.5,22.4,80.6,138.7,80.6,2.0,120.5,20.0,0.0,0.5,0.5,2.27,3.0,3.73,3.0,2.0,1.51,20.0,0.0,0.5,0.5,27.7,48.7,69.7,48.7,2.0,43.4,20.0,0.0,0.5,0.5,22.2,38.0,105.7,62.8,4.0,66.1,18.0,0.5,0.5,0.5,-2.7,45.5,109.9,53.2,4.0,67.9,18.0,0.5,0.5,0.5,21.6,32.5,43.5,32.5,2.0,22.7,20.0,0.0,0.5,0.5,-27.1,2.3,31.6,2.3,2.0,60.8,20.0,0.0,0.5,0.5,14.8,33.5,52.2,33.5,2.0,38.7,20.0,0.0,0.5,0.5,-40.3,-17.1,6.1,-17.1,2.0,48.1,20.0,0.0,0.5,0.5,804.5,3831.5,7150.0,3970.5,4.0,3663.0,18.0,0.5,0.5,0.5,805.0,3830.0,7150.0,3970.0,4.0,3665.0,18.0,0.5,0.5,0.5
1974,2,212.0,44.0,7.37,8.5,9.52,8.45,4.0,1.37,22.0,0.3,0.4,0.3,3.2,6.0,8.0,5.56,5.0,2.68,18.0,0.2,0.5,0.4,3.61,3.74,5.74,4.66,3.0,1.75,22.0,0.0,0.5,0.4,76.9,82.9,94.6,85.6,3.0,13.2,22.0,0.0,0.4,5.89,18.0,20.31,14.08,5.0,8.21,18.0,0.2,0.5,0.4,4.13,6.77,17.65,10.02,5.0,8.37,18.0,0.2,0.5,0.4,-12.23,-7.73,-0.25,-6.69,5.0,7.98,18.0,0.2,0.5,0.4,1008.0,1012.0,1017.3,1012.58,5.0,4.75,18.0,0.2,0.5,0.4,2.6,7.0,8.0,5.6,5.0,2.9,18.0,0.2,0.5,0.4,30.9,123.5,353.4,186.5,5.0,195.4,18.0,0.2,0.5,0.4,-234.8,-162.0,-6.5,-136.1,5.0,141.1,18.0,0.2,0.5,0.4,2.0,3.5,5.0,3.5,4.0,1.73,22.0,0.3,0.4,0.3,20.9,65.5,104.4,62.8,4.0,49.6,22.0,0.3,0.4,0.3,1.47,2.54,3.13,2.3,3.0,1.23,22.0,0.0,0.5,0.4,20.6,57.4,62.3,41.8,3.0,33.4,22.0,0.0,0.5,0.4,16.5,38.2,68.5,42.4,5.0,34.8,18.0,0.2,0.5,0.4,-60.4,-19.7,1.7,-26.0,5.0,38.8,18.0,0.2,0.5,0.4,7.7,24.3,59.2,33.2,3.0,38.5,22.0,0.0,0.5,0.4,-54.3,-27.4,7.7,-23.4,3.0,45.6,22.0,0.0,0.5,0.4,7.0,22.1,43.9,25.4,3.0,27.1,22.0,0.0,0.5,0.4,-47.7,-19.6,-3.9,-25.6,3.0,32.5,22.0,0.0,0.5,0.4,254.0,5832.0,8569.5,4931.0,5.0,4818.5,18.0,0.2,0.5,0.4,255.0,5830.0,8570.0,4930.0,5.0,4820.0,18.0,0.2,0.5,0.4
1974,2,212.0,45.0,7.74,8.0,8.05,7.9,4.0,0.27,10.0,0.5,0.7,0.5,6.0,9.0,9.03,7.94,7.0,1.6,8.0,0.4,0.7,0.4,4.88,6.13,6.36,5.64,4.0,1.27,10.0,0.5,0.7,0.5,73.6,87.8,96.9,85.4,4.0,15.0,10.0,0.5,0.5,9.13,10.3,12.33,10.23,7.0,2.39,8.0,0.4,0.7,0.4,3.81,7.12,9.66,5.26,7.0,5.9,8.0,0.4,0.7,0.4,1.17,5.98,8.67,3.97,7.0,6.5,8.0,0.4,0.7,0.4,1013.54,1016.25,1022.12,1017.52,6.0,5.49,8.0,0.3,0.7,0.4,6.2,8.0,8.0,7.0,6.0,2.0,10.0,0.3,0.6,0.4,19.8,66.3,98.7,54.5,7.0,68.8,8.0,0.4,0.7,0.4,10.3,55.6,98.3,39.1,7.0,77.4,8.0,0.4,0.7,0.4,-1.31,0.0,1.31,0.0,4.0,1.54,10.0,0.5,0.7,0.5,-9.7,1.1,15.7,2.9,4.0,15.0,10.0,0.5,0.7,0.5,0.21,0.5,1.65,0.91,4.0,1.17,10.0,0.5,0.7,0.5,1.5,4.1,19.3,10.1,4.0,14.9,10.0,0.5,0.7,0.5,37.9,46.6,65.3,42.2,7.0,44.0,8.0,0.4,0.7,0.4,7.1,53.8,74.9,37.1,7.0,47.3,8.0,0.4,0.7,0.4,-10.7,28.2,31.8,11.4,4.0,37.5,10.0,0.5,0.7,0.5,-7.9,37.8,56.0,24.7,4.0,43.1,10.0,0.5,0.7,0.5,-1.7,1.2,12.1,5.0,4.0,10.7,10.0,0.5,0.7,0.5,-13.0,1.0,3.0,-4.7,4.0,13.4,10.0,0.5,0.7,0.5,775.0,1092.5,1874.5,1210.5,7.0,665.5,8.0,0.4,0.7,0.4,775.0,1095.0,1875.0,1210.0,7.0,665.0,8.0,0.4,0.7,0.4
1974,2,212.0,46.0,7.0,7.2,8.85,7.98,5.0,1.81,18.0,0.4,0.6,0.5,3.0,4.0,7.61,5.06,5.0,2.4,18.0,0.4,0.6,0.5,3.53,3.66,6.28,4.67,5.0,1.51,18.0,0.4,0.6,0.5,74.0,77.2,95.0,83.2,5.0,12.4,18.0,0.4,0.5,6.43,12.9,14.27,10.8,5.0,4.37,18.0,0.4,0.6,0.5,-1.19,6.77,9.77,4.27,5.0,9.89,18.0,0.4,0.6,0.5,-6.04,-2.46,1.61,-2.54,5.0,6.02,18.0,0.4,0.6,0.5,995.29,1008.0,1019.37,1006.82,5.0,13.77,18.0,0.4,0.6,0.5,6.3,7.0,7.7,7.0,3.0,1.0,22.0,0.7,0.7,0.3,-40.6,48.7,141.2,46.7,5.0,135.8,18.0,0.4,0.6,0.5,-85.6,-17.7,20.8,-33.3,5.0,82.9,18.0,0.4,0.6,0.5,2.0,3.7,4.0,2.92,5.0,1.98,18.0,0.4,0.6,0.5,9.2,25.2,57.1,30.3,5.0,27.8,18.0,0.4,0.6,0.5,1.26,2.62,2.71,2.04,5.0,1.07,18.0,0.4,0.6,0.5,7.2,20.6,37.3,21.7,5.0,15.9,18.0,0.4,0.6,0.5,-21.3,27.1,40.4,7.1,5.0,57.6,18.0,0.4,0.6,0.5,-19.4,-7.8,12.6,-3.9,5.0,25.4,18.0,0.4,0.6,0.5,-12.3,25.5,39.9,11.8,5.0,49.8,18.0,0.4,0.6,0.5,-21.9,-8.7,10.0,-6.9,5.0,25.5,18.0,0.4,0.6,0.5,4.8,18.2,26.3,16.4,5.0,15.3,18.0,0.4,0.6,0.5,-16.0,-6.8,0.4,-8.8,5.0,13.2,18.0,0.4,0.6,0.5,285.5,2146.5,2913.0,1729.0,5.0,1411.5,18.0,0.4,0.6,0.5,285.0,2145.0,2915.0,1730.0,5.0,1410.0,18.0,0.4,0.6,0.5
1974,2,212.0,47.0,4.74,5.0,6.05,5.38,4.0,1.11,6.0,0.8,0.7,0.4,5.71,6.75,7.52,6.63,4.0,1.25,6.0,0.8,0.7,0.4,5.48,5.84,5.84,5.67,3.0,0.31,8.0,0.7,0.8,0.3,84.8,93.3,95.6,90.2,3.0,8.4,8.0,0.7,0.3,6.89,9.25,14.86,10.8,4.0,5.78,6.0,0.8,0.7,0.4,0.0,2.47,6.07,3.01,4.0,3.59,6.0,0.8,0.7,0.4,-0.79,6.58,14.86,7.01,4.0,9.92,6.0,0.8,0.7,0.4,1002.55,1003.05,1012.93,1007.53,4.0,9.33,6.0,0.8,0.7,0.4,3.0,5.0,7.0,5.0,2.0,4.2,4.0,1.0,1.0,0.5,0.0,14.1,43.9,21.6,4.0,27.8,6.0,0.8,0.7,0.4,-9.9,61.2,239.6,112.4,4.0,175.5,6.0,0.8,0.7,0.4,-2.02,-1.25,-0.48,-1.25,4.0,1.04,6.0,0.8,0.7,0.4,-29.8,-9.4,-4.1,-16.6,4.0,21.1,6.0,0.8,0.7,0.4,-0.52,-0.39,0.44,-0.05,3.0,0.77,8.0,0.7,0.8,0.3,-8.2,-2.2,5.2,-1.6,3.0,9.8,8.0,0.7,0.8,0.3,0.0,16.0,33.9,16.9,4.0,19.6,6.0,0.8,0.7,0.4,-1.9,50.5,108.9,53.4,4.0,68.0,6.0,0.8,0.7,0.4,0.0,0.0,19.7,9.6,3.0,16.7,8.0,0.7,0.8,0.3,28.7,54.7,93.1,60.8,3.0,47.4,8.0,0.7,0.8,0.3,-1.3,0.0,0.0,-0.6,3.0,1.1,8.0,0.7,0.8,0.3,-7.9,-1.1,5.5,-1.2,3.0,9.8,8.0,0.7,0.8,0.3,359.5,822.0,4113.5,2172.0,4.0,3147.0,6.0,0.8,0.7,0.4,360.0,820.0,4115.0,2170.0,4.0,3145.0,6.0,0.8,0.7,0.4
1974,2,212.0,48.0,4.78,6.5,7.18,6.08,5.0,1.33,10.0,0.6,0.5,0.5,4.78,6.25,6.91,5.73,6.0,1.97,14.0,0.7,0.5,0.5,4.48,5.2,6.0,5.14,5.0,1.1,10.0,0.6,0.5,0.5,82.0,92.6,100.0,90.8,5.0,10.4,10.0,0.6,0.5,7.29,10.3,12.3,9.77,6.0,2.69,14.0,0.7,0.5,0.5,3.69,5.75,8.32,5.81,6.0,3.66,14.0,0.7,0.5,0.5,1.27,5.01,10.99,5.6,6.0,5.5,14.0,0.7,0.5,0.5,994.96,1007.6,1015.58,1003.98,6.0,15.11,14.0,0.7,0.5,0.5,3.9,7.0,8.0,6.0,4.0,2.8,12.0,0.5,0.6,0.4,24.2,50.8,86.0,55.6,6.0,42.9,14.0,0.7,0.5,0.5,6.7,48.5,135.2,63.4,6.0,66.8,14.0,0.7,0.5,0.5,-1.16,1.0,2.28,0.74,5.0,2.5,10.0,0.6,0.5,0.5,-9.6,12.3,26.4,10.2,5.0,26.6,10.0,0.6,0.5,0.5,-0.19,0.42,1.81,0.75,5.0,1.35,10.0,0.6,0.5,0.5,-2.2,5.2,21.3,8.9,5.0,15.0,10.0,0.6,0.5,0.5,17.7,30.3,41.3,29.7,6.0,19.1,14.0,0.7,0.5,0.5,1.0,32.3,67.2,33.7,6.0,36.9,14.0,0.7,0.5,0.5,17.7,28.2,33.6,24.9,5.0,14.4,10.0,0.6,0.5,0.5,8.8,48.8,61.6,38.7,5.0,29.2,10.0,0.6,0.5,0.5,-1.5,1.2,16.1,7.0,5.0,13.7,10.0,0.6,0.5,0.5,-2.4,5.2,8.4,3.5,5.0,7.7,10.0,0.6,0.5,0.5,400.5,1123.5,1861.0,1102.0,6.0,723.0,14.0,0.7,0.5,0.5,400.0,1125.0,1860.0,1100.0,6.0,725.0,14.0,0.7,0.5,0.5
1974,2,212.0,49.0,4.91,5.6,6.37,5.64,5.0,0.96,14.0,0.4,0.7,0.2,2.86,5.4,6.43,4.6,5.0,2.73,14.0,0.4,0.7,0.2,3.69,5.25,5.85,4.82,5.0,1.22,14.0,0.4,0.7,0.2,79.4,92.7,95.9,88.8,5.0,9.2,14.0,0.4,0.2,7.85,10.3,18.0,12.26,5.0,6.52,14.0,0.4,0.7,0.2,5.05,7.89,14.83,9.38,5.0,5.59,14.0,0.4,0.7,0.2,-3.09,6.62,8.02,2.46,5.0,9.04,14.0,0.4,0.7,0.2,995.09,998.6,1010.79,1002.66,5.0,10.39,14.0,0.4,0.7,0.2,4.3,6.0,6.0,5.2,5.0,1.3,14.0,0.4,0.7,0.2,46.3,81.3,268.4,143.7,5.0,131.6,14.0,0.4,0.7,0.2,-93.3,68.2,101.3,4.5,5.0,161.4,14.0,0.4,0.7,0.2,-0.97,0.6,3.19,1.04,5.0,2.45,14.0,0.4,0.7,0.2,-10.0,2.2,59.3,22.1,5.0,44.3,14.0,0.4,0.7,0.2,-0.2,0.58,2.15,0.89,5.0,1.2,14.0,0.4,0.7,0.2,-2.1,2.1,38.7,15.5,5.0,22.7,14.0,0.4,0.7,0.2,7.9,46.3,54.0,34.3,5.0,26.9,14.0,0.4,0.7,0.2,9.5,37.1,45.8,29.5,5.0,21.9,14.0,0.4,0.7,0.2,29.0,46.3,52.0,40.7,5.0,17.4,14.0,0.4,0.7,0.2,-5.8,33.3,41.5,18.4,5.0,35.1,14.0,0.4,0.7,0.2,-1.5,1.3,31.9,12.6,5.0,18.2,14.0,0.4,0.7,0.2,-12.0,-1.1,7.4,-2.6,5.0,16.7,14.0,0.4,0.7,0.2,710.5,1092.5,6044.0,3093.0,5.0,3576.0,14.0,0.4,0.7,0.2,710.0,1095.0,6045.0,3095.0,5.0,3575.0,14.0,0.4,0.7,0.2
1974,2,212.0,50.0,3.32,5.0,6.37,4.9,5.0,1.67,18.0,0.4,0.3,0.3,3.29,5.8,6.53,4.86,7.0,2.13,16.0,0.4,0.4,0.4,4.02,5.2,5.67,4.86,4.0,1.1,16.0,0.5,0.3,0.3,80.1,86.6,94.4,87.2,4.0,8.3,16.0,0.5,0.3,11.0,12.9,21.82,14.87,7.0,7.0,16.0,0.4,0.4,0.4,2.09,10.62,20.56,11.17,7.0,9.64,16.0,0.4,0.4,0.4,-5.03,4.55,10.5,3.0,7.0,7.62,16.0,0.4,0.4,0.4,988.05,995.7,1002.45,998.66,7.0,15.89,16.0,0.4,0.4,0.4,4.0,8.0,8.0,6.1,7.0,2.3,16.0,0.4,0.4,0.4,27.3,120.0,449.8,220.3,7.0,249.9,16.0,0.4,0.4,0.4,-45.3,119.2,159.8,60.2,7.0,104.3,16.0,0.4,0.4,0.4,-1.54,-0.4,2.11,0.32,5.0,2.76,18.0,0.4,0.3,0.3,-19.2,-10.5,42.2,11.6,5.0,54.1,18.0,0.4,0.3,0.3,-0.02,0.69,1.7,0.83,4.0,1.32,16.0,0.5,0.3,0.3,-0.7,8.1,33.3,15.9,4.0,27.6,16.0,0.5,0.3,0.3,12.2,36.6,88.3,46.5,7.0,39.6,16.0,0.4,0.4,0.4,-25.7,8.1,63.9,11.3,7.0,43.2,16.0,0.4,0.4,0.4,20.2,44.5,64.3,42.4,4.0,26.1,16.0,0.5,0.3,0.3,0.2,37.1,61.1,31.0,4.0,40.2,16.0,0.5,0.3,0.3,1.3,5.7,30.8,15.6,4.0,24.8,16.0,0.5,0.3,0.3,-5.5,2.5,13.6,4.0,4.0,11.9,16.0,0.5,0.3,0.3,1380.5,2146.5,10455.5,5269.5,7.0,6477.0,16.0,0.4,0.4,0.4,1380.0,2145.0,10455.0,5270.0,7.0,6475.0,16.0,0.4,0.4,0.4
1974,2,212.0,51.0,4.0,4.5,5.0,4.28,9.0,1.23,14.0,0.7,0.6,0.5,0.8,4.25,6.57,4.07,10.0,2.88,14.0,0.6,0.6,0.5,3.6,4.45,5.4,4.46,9.0,1.06,12.0,0.6,0.6,0.6,72.9,85.8,90.8,83.8,9.0,9.9,12.0,0.6,0.6,7.27,11.15,12.71,10.51,10.0,3.35,14.0,0.6,0.6,0.5,-0.51,6.07,11.11,5.48,10.0,6.02,14.0,0.6,0.6,0.5,-3.71,2.02,10.25,2.42,10.0,7.61,14.0,0.6,0.6,0.5,988.38,1001.35,1008.79,999.78,10.0,11.4,14.0,0.6,0.6,0.5,8.0,8.0,8.0,7.9,10.0,0.3,14.0,0.6,0.6,0.5,-2.6,55.5,128.7,66.2,10.0,79.0,14.0,0.6,0.6,0.5,-24.1,19.2,110.1,23.5,10.0,97.7,14.0,0.6,0.6,0.5,-1.46,0.0,3.31,0.76,9.0,3.09,14.0,0.7,0.6,0.5,-17.2,0.0,38.5,10.4,9.0,44.3,14.0,0.7,0.6,0.5,0.09,1.11,2.0,1.0,8.0,1.01,12.0,0.6,0.7,0.5,0.5,8.3,24.0,10.5,8.0,14.0,12.0,0.6,0.7,0.5,-2.0,6.6,46.3,19.1,10.0,29.2,14.0,0.6,0.6,0.5,-8.2,3.0,54.2,17.6,10.0,34.3,14.0,0.6,0.6,0.5,-2.3,18.7,49.4,22.0,9.0,27.2,12.0,0.6,0.6,0.6,-15.3,22.2,46.8,14.5,9.0,35.3,12.0,0.6,0.6,0.6,0.0,0.9,12.6,6.0,8.0,9.6,12.0,0.6,0.7,0.5,-9.9,-1.9,4.4,-1.7,8.0,13.6,12.0,0.6,0.7,0.5,418.5,1387.0,2079.5,1479.0,10.0,1269.0,14.0,0.6,0.6,0.5,420.0,1385.0,2080.0,1480.0,10.0,1270.0,14.0,0.6,0.6,0.5
1974,2,212.0,52.0,2.95,4.0,5.37,4.1,5.0,1.52,10.0,0.6,0.6,0.2,1.99,5.0,5.55,3.8,5.0,3.09,8.0,0.4,0.6,0.3,3.56,4.24,4.9,4.23,4.0,0.83,8.0,0.3,0.7,0.4,67.9,78.1,85.5,76.7,4.0,10.4,8.0,0.3,0.4,7.65,11.35,16.87,11.92,6.0,5.94,10.0,0.5,0.6,0.3,-0.7,7.58,12.88,6.61,6.0,7.23,10.0,0.5,0.6,0.3,-6.62,-1.59,7.72,0.03,6.0,10.04,10.0,0.5,0.6,0.3,996.09,1004.0,1011.63,1002.4,6.0,10.78,10.0,0.5,0.6,0.3,7.3,8.0,8.0,7.6,5.0,0.9,8.0,0.4,0.7,0.3,-2.5,70.6,191.2,101.7,6.0,125.3,10.0,0.5,0.6,0.3,-101.5,-21.8,90.8,-12.0,6.0,170.5,10.0,0.5,0.6,0.3,-1.05,0.5,3.1,1.0,4.0,2.94,8.0,0.5,0.6,0.2,-10.3,1.8,35.5,12.1,4.0,36.4,8.0,0.5,0.6,0.2,1.13,1.2,1.46,1.3,3.0,0.25,6.0,0.3,0.6,0.3,6.4,10.8,12.8,9.6,3.0,4.8,6.0,0.3,0.6,0.3,-17.4,0.0,33.6,6.4,5.0,25.8,8.0,0.4,0.6,0.3,-3.2,6.6,55.5,24.9,5.0,47.0,8.0,0.4,0.6,0.3,-8.1,12.9,26.8,9.5,4.0,21.0,8.0,0.3,0.7,0.4,-5.7,13.7,53.4,23.4,4.0,42.2,8.0,0.3,0.7,0.4,0.2,9.4,10.2,5.3,3.0,8.1,6.0,0.3,0.6,0.3,-3.2,1.5,6.5,1.6,3.0,7.1,6.0,0.3,0.6,0.3,532.0,1544.0,4995.0,2759.0,6.0,3250.5,10.0,0.5,0.6,0.3,530.0,1545.0,4995.0,2760.0,6.0,3250.0,10.0,0.5,0.6,0.3
1974,2,212.0,53.0,3.44,4.0,5.0,4.15,18.0,0.83,14.0,0.4,0.5,0.3,0.36,2.5,5.56,2.78,19.0,2.43,14.0,0.5,0.5,0.4,3.4,4.31,5.06,4.25,16.0,0.75,14.0,0.4,0.5,0.3,82.2,87.1,92.3,88.1,16.0,6.4,14.0,0.4,0.3,7.7,13.9,18.22,13.38,19.0,5.28,14.0,0.5,0.5,0.4,-7.98,4.58,17.01,4.71,19.0,10.83,14.0,0.5,0.5,0.4,-6.24,0.0,12.76,2.3,19.0,8.4,14.0,0.5,0.5,0.4,988.74,994.9,1006.75,997.04,18.0,9.84,14.0,0.4,0.5,0.4,6.8,7.0,8.0,7.1,13.0,1.3,16.0,0.5,0.4,0.5,-65.1,38.1,320.5,92.6,19.0,188.0,14.0,0.5,0.5,0.4,-67.7,0.0,172.2,29.8,19.0,133.2,14.0,0.5,0.5,0.4,-2.09,1.5,3.93,1.16,18.0,2.8,14.0,0.4,0.5,0.3,-21.8,11.8,66.3,16.9,18.0,45.7,14.0,0.4,0.5,0.3,-0.07,0.91,2.03,0.9,16.0,0.96,14.0,0.4,0.5,0.3,-1.4,8.6,28.4,11.7,16.0,16.2,14.0,0.4,0.5,0.3,-20.1,-8.4,25.9,0.0,19.0,24.4,14.0,0.5,0.5,0.4,-4.6,4.9,72.2,19.5,19.0,38.1,14.0,0.5,0.5,0.4,-37.4,11.8,55.2,10.7,16.0,40.6,14.0,0.4,0.5,0.3,-25.1,0.0,71.1,15.1,16.0,41.4,14.0,0.4,0.5,0.3,-7.4,1.7,24.6,6.9,16.0,15.8,14.0,0.4,0.5,0.3,-15.1,-3.9,2.4,-4.5,16.0,9.4,14.0,0.4,0.5,0.3,456.5,2685.5,6059.0,3407.5,19.0,3107.5,14.0,0.5,0.5,0.4,455.0,2685.0,6060.0,3410.0,19.0,3105.0,14.0,0.5,0.5,0.4
1974,2,212.0,54.0,3.13,4.95,6.0,4.61,10.0,1.48,18.0,0.4,0.7,0.3,0.0,2.0,5.71,2.63,11.0,2.48,16.0,0.5,0.7,0.3,3.81,3.9,5.36,4.34,8.0,0.95,16.0,0.4,0.7,0.3,89.8,94.2,100.0,92.1,8.0,10.5,16.0,0.4,0.3,4.61,9.3,12.74,9.64,9.0,4.62,16.0,0.4,0.7,0.3,-2.19,3.85,7.84,2.56,9.0,7.16,16.0,0.4,0.7,0.3,-3.77,2.24,8.49,1.71,9.0,8.0,16.0,0.4,0.7,0.3,982.0,993.5,1005.2,994.62,11.0,11.7,16.0,0.5,0.7,0.3,6.8,8.0,8.0,7.1,7.0,1.9,16.0,0.4,0.7,0.3,-13.1,15.8,80.1,28.3,9.0,98.7,16.0,0.4,0.7,0.3,-33.1,28.9,91.6,9.2,9.0,113.3,16.0,0.4,0.7,0.3,-0.79,1.8,5.14,1.72,10.0,3.2,18.0,0.4,0.7,0.3,-8.9,4.2,23.5,4.4,8.0,23.3,16.0,0.4,0.7,0.3,0.38,1.18,2.05,1.09,8.0,1.32,16.0,0.4,0.7,0.3,0.6,6.8,12.6,6.1,6.0,11.3,14.0,0.3,0.7,0.3,0.0,6.8,31.1,12.9,9.0,17.5,16.0,0.4,0.7,0.3,-14.2,0.0,48.1,15.9,9.0,33.5,16.0,0.4,0.7,0.3,8.2,20.8,38.7,22.4,6.0,17.2,14.0,0.3,0.7,0.3,-15.5,20.1,50.6,15.5,6.0,44.9,14.0,0.3,0.7,0.3,-1.4,5.3,10.6,4.6,6.0,7.4,14.0,0.3,0.7,0.3,-12.5,-3.2,3.6,-4.3,6.0,8.4,14.0,0.3,0.7,0.3,108.5,804.5,2069.5,1469.0,9.0,1806.0,16.0,0.4,0.7,0.3,110.0,805.0,2070.0,1470.0,9.0,1805.0,16.0,0.4,0.7,0.3
1974,2,212.0,55.0,4.66,5.0,5.0,4.83,3.0,0.29,12.0,0.3,0.2,0.4,-0.05,0.0,3.1,0.73,70.0,1.9,16.0,0.1,0.1,0.9,2.64,3.85,4.44,3.65,67.0,0.78,16.0,0.1,0.1,0.9,74.3,93.0,99.7,89.1,67.0,11.7,16.0,0.1,0.9,2.89,6.2,11.8,6.52,69.0,4.0,16.0,0.1,0.1,0.9,-3.08,0.87,6.0,1.38,69.0,5.58,16.0,0.1,0.1,0.9,-4.21,0.0,5.19,0.35,69.0,5.09,16.0,0.1,0.1,0.9,987.0,997.4,1003.64,996.58,72.0,9.46,16.0,0.1,0.1,0.9,6.6,8.0,8.0,7.3,3.0,1.2,18.0,0.3,0.3,0.3,-18.3,0.9,50.6,9.7,69.0,62.8,16.0,0.1,0.1,0.9,-29.8,0.0,35.5,5.5,69.0,51.5,16.0,0.1,0.1,0.9,0.5,0.5,1.52,1.0,3.0,0.87,12.0,0.3,0.2,0.4,2.6,3.4,6.7,4.6,3.0,3.1,12.0,0.3,0.2,0.4,0.96,0.98,1.06,1.01,3.0,0.08,12.0,0.3,0.2,0.4,4.5,4.5,5.8,5.1,3.0,1.1,12.0,0.3,0.2,0.4,-11.4,0.0,2.8,-1.8,67.0,9.9,16.0,0.1,0.1,0.9,-2.4,0.0,13.0,3.1,67.0,12.3,16.0,0.1,0.1,0.9,-9.5,2.5,17.9,3.7,64.0,20.6,16.0,0.1,0.1,0.9,-15.8,0.0,22.3,2.5,64.0,20.3,16.0,0.1,0.1,0.9,-2.5,-1.5,2.3,-0.1,3.0,3.7,12.0,0.3,0.2,0.4,-1.0,4.2,4.7,1.9,3.0,4.6,12.0,0.3,0.2,0.4,25.5,238.5,1643.0,596.5,69.0,773.0,16.0,0.1,0.1,0.9,25.0,240.0,1645.0,595.0,69.0,775.0,16.0,0.1,0.1,0.9
1974,2,212.0,56.0,2.7,3.3,4.38,3.66,7.0,1.16,14.0,0.3,0.7,0.5,0.51,2.65,3.53,1.87,6.0,2.7,14.0,0.3,0.7,0.6,3.66,4.29,4.42,4.05,5.0,0.51,14.0,0.4,0.7,0.5,80.7,84.2,91.0,85.1,5.0,6.6,14.0,0.4,0.5,5.67,10.3,10.45,8.76,7.0,3.11,14.0,0.3,0.7,0.5,1.58,4.75,6.76,3.72,7.0,3.34,14.0,0.3,0.7,0.5,-5.05,3.99,10.21,2.9,7.0,7.88,14.0,0.3,0.7,0.5,985.63,993.5,996.24,991.57,7.0,8.05,14.0,0.3,0.7,0.5,4.0,8.0,8.0,6.7,7.0,2.2,14.0,0.3,0.7,0.5,7.6,28.1,81.7,33.9,7.0,38.8,14.0,0.3,0.7,0.5,-28.3,24.7,106.9,34.3,7.0,85.5,14.0,0.3,0.7,0.5,0.17,0.9,4.81,1.95,6.0,2.7,14.0,0.3,0.7,0.6,-1.0,9.3,28.0,11.5,6.0,18.1,14.0,0.3,0.7,0.6,0.52,0.82,1.61,1.1,5.0,0.9,14.0,0.4,0.7,0.5,5.0,8.4,12.1,8.6,5.0,4.6,14.0,0.4,0.7,0.5,-6.8,5.4,12.0,4.6,6.0,15.0,14.0,0.3,0.7,0.6,-15.9,-4.4,37.1,6.1,6.0,30.1,14.0,0.3,0.7,0.6,2.2,7.9,20.9,10.8,5.0,13.4,14.0,0.4,0.7,0.5,-27.5,9.2,47.1,9.0,5.0,39.7,14.0,0.4,0.7,0.5,0.0,1.5,6.8,3.4,5.0,5.7,14.0,0.4,0.7,0.5,-5.4,5.4,7.9,1.7,5.0,8.0,14.0,0.4,0.7,0.5,182.5,1092.5,1155.5,891.5,7.0,808.0,14.0,0.3,0.7,0.5,185.0,1095.0,1155.0,890.0,7.0,810.0,14.0,0.3,0.7,0.5
1974,2,212.0,57.0,3.07,3.95,4.42,3.72,6.0,0.86,16.0,0.5,0.4,0.5,-0.02,1.6,3.1,1.8,7.0,1.86,14.0,0.6,0.5,0.4,3.26,3.73,4.52,3.86,5.0,0.66,14.0,0.6,0.6,0.4,79.6,82.0,88.0,83.7,5.0,6.0,14.0,0.6,0.4,10.2,15.4,15.48,13.21,7.0,3.37,14.0,0.6,0.5,0.4,-0.39,9.9,15.2,7.3,7.0,9.11,14.0,0.6,0.5,0.4,-6.03,-1.42,10.23,0.26,7.0,8.35,14.0,0.6,0.5,0.4,982.53,991.3,997.42,989.34,7.0,12.61,14.0,0.6,0.5,0.4,7.0,8.0,8.0,7.7,6.0,0.5,16.0,0.7,0.5,0.4,-3.2,152.4,235.4,122.0,7.0,131.0,14.0,0.6,0.5,0.4,-99.2,-11.7,113.1,5.0,7.0,111.3,14.0,0.6,0.5,0.4,0.96,2.5,3.86,2.45,6.0,1.39,16.0,0.5,0.4,0.5,13.6,33.1,60.8,36.1,6.0,25.4,16.0,0.5,0.4,0.5,1.08,1.75,1.94,1.52,4.0,0.63,16.0,0.5,0.5,0.5,10.5,22.8,29.9,20.3,4.0,12.0,16.0,0.5,0.5,0.5,-8.4,0.0,17.4,2.8,7.0,15.7,14.0,0.6,0.5,0.4,-7.2,-1.3,20.4,4.9,7.0,23.8,14.0,0.6,0.5,0.4,-13.2,17.1,38.3,12.3,5.0,32.3,14.0,0.6,0.6,0.4,-18.0,8.4,42.1,10.0,5.0,34.8,14.0,0.6,0.6,0.4,-2.6,9.9,24.4,10.9,4.0,16.0,16.0,0.5,0.5,0.5,-9.1,2.1,14.7,2.8,4.0,16.5,16.0,0.5,0.5,0.5,1067.0,3652.5,3712.5,2682.0,7.0,1678.0,14.0,0.6,0.5,0.4,1065.0,3650.0,3715.0,2680.0,7.0,1680.0,14.0,0.6,0.5,0.4
1974,2,212.0,58.0,4.81,5.7,6.59,5.7,2.0,1.84,14.0,0.5,0.5,0.2,-1.68,-1.0,-0.32,-1.0,2.0,1.41,14.0,0.5,0.5,0.2,2.44,2.44,2.44,2.44,1.0,0.0,16.0,1.0,0.4,0.1,74.1,74.1,74.1,74.1,1.0,0.0,16.0,1.0,0.1,4.67,5.9,7.13,5.9,2.0,2.55,14.0,0.5,0.5,0.2,2.63,2.63,2.64,2.63,2.0,0.0,14.0,0.5,0.5,0.2,3.79,5.19,6.59,5.19,2.0,2.9,14.0,0.5,0.5,0.2,995.72,998.35,1000.98,998.35,2.0,5.44,14.0,0.5,0.5,0.2,8.0,8.0,8.0,8.0,1.0,0.0,12.0,0.0,0.6,0.4,12.3,15.5,18.8,15.5,2.0,6.7,14.0,0.5,0.5,0.2,19.7,34.3,48.9,34.3,2.0,30.3,14.0,0.5,0.5,0.2,6.5,6.7,6.9,6.7,2.0,0.42,14.0,0.5,0.5,0.2,32.0,39.0,46.0,39.0,2.0,14.6,14.0,0.5,0.5,0.2,2.79,2.79,2.79,2.79,1.0,0.0,16.0,1.0,0.4,0.1,21.5,21.5,21.5,21.5,1.0,0.0,16.0,1.0,0.4,0.1,-4.4,-2.6,-0.8,-2.6,2.0,3.7,14.0,0.5,0.5,0.2,-12.2,-7.2,-2.3,-7.2,2.0,10.2,14.0,0.5,0.5,0.2,6.4,6.4,6.4,6.4,1.0,0.0,16.0,1.0,0.4,0.1,17.7,17.7,17.7,17.7,1.0,0.0,16.0,1.0,0.4,0.1,7.3,7.3,7.3,7.3,1.0,0.0,16.0,1.0,0.4,0.1,20.2,20.2,20.2,20.2,1.0,0.0,16.0,1.0,0.4,0.1,130.5,262.5,395.0,262.5,2.0,274.0,14.0,0.5,0.5,0.2,130.0,265.0,395.0,265.0,2.0,275.0,14.0,0.5,0.5,0.2
1974,2,213.0,-61.0,1.63,1.7,1.84,1.73,3.0,0.15,16.0,1.0,0.7,0.9,1.63,1.7,1.7,1.67,3.0,0.06,16.0,1.0,0.7,0.9,3.5,3.74,3.99,3.74,2.0,0.51,14.0,1.0,0.6,0.9,79.3,84.4,89.4,84.4,2.0,10.4,14.0,1.0,0.9,9.93,11.3,11.98,10.97,3.0,1.53,16.0,1.0,0.7,0.9,9.55,11.3,11.32,10.45,3.0,1.48,16.0,1.0,0.7,0.9,-3.28,0.0,2.17,-0.54,3.0,4.02,16.0,1.0,0.7,0.9,970.72,976.15,981.58,976.15,2.0,11.24,14.0,1.0,0.6,0.9,6.3,7.0,7.7,7.0,2.0,1.4,14.0,1.0,0.6,0.9,96.0,127.7,135.6,116.1,3.0,30.7,16.0,1.0,0.7,0.9,-40.4,0.0,20.2,-9.8,3.0,45.2,16.0,1.0,0.7,0.9,-0.04,0.1,0.17,0.07,3.0,0.15,16.0,1.0,0.7,0.9,-0.4,1.2,1.7,0.7,3.0,1.6,16.0,1.0,0.7,0.9,0.46,0.71,0.96,0.71,2.0,0.52,14.0,1.0,0.6,0.9,4.8,6.9,9.0,6.9,2.0,4.4,14.0,1.0,0.6,0.9,15.9,18.1,18.9,17.4,3.0,2.3,16.0,1.0,0.7,0.9,-5.2,0.0,3.7,-0.8,3.0,6.6,16.0,1.0,0.7,0.9,32.2,37.9,43.7,37.9,2.0,11.8,14.0,1.0,0.6,0.9,1.7,5.4,9.1,5.4,2.0,7.6,14.0,1.0,0.6,0.9,4.7,6.6,8.5,6.6,2.0,4.0,14.0,1.0,0.6,0.9,0.5,1.7,2.9,1.7,2.0,2.4,14.0,1.0,0.6,0.9,1007.0,1443.0,1728.0,1369.5,3.0,532.0,16.0,1.0,0.7,0.9,1005.0,1445.0,1730.0,1370.0,3.0,530.0,16.0,1.0,0.7,0.9
1974,2,213.0,-60.0,1.5,1.7,1.7,1.63,11.0,0.09,16.0,0.5,0.5,0.6,1.14,1.8,2.16,1.7,10.0,0.47,18.0,0.5,0.5,0.7,3.4,3.52,4.09,3.64,8.0,0.35,20.0,0.4,0.5,0.6,79.3,83.4,96.5,85.5,9.0,9.1,18.0,0.4,0.7,7.36,11.8,13.17,10.69,11.0,3.72,16.0,0.5,0.5,0.6,3.2,9.68,11.82,8.27,11.0,4.26,16.0,0.5,0.5,0.6,-1.9,3.52,9.68,4.09,11.0,5.27,16.0,0.5,0.5,0.6,980.31,996.75,1002.49,991.95,8.0,13.3,20.0,0.4,0.5,0.6,6.3,8.0,8.0,7.0,9.0,2.0,18.0,0.4,0.5,0.7,13.4,120.0,145.0,99.1,11.0,64.1,16.0,0.5,0.5,0.6,-13.8,36.3,128.2,51.8,11.0,69.6,16.0,0.5,0.5,0.6,-0.57,-0.15,0.47,-0.08,10.0,0.5,18.0,0.5,0.5,0.7,-4.4,-1.3,6.4,-0.3,10.0,6.1,18.0,0.5,0.5,0.7,0.23,0.81,1.01,0.7,8.0,0.36,20.0,0.4,0.5,0.6,2.5,9.8,13.8,9.1,8.0,5.5,20.0,0.4,0.5,0.6,8.0,14.6,21.0,14.2,10.0,8.0,18.0,0.5,0.5,0.7,-3.9,7.3,16.4,6.8,10.0,9.8,18.0,0.5,0.5,0.7,32.3,39.4,43.7,38.4,8.0,6.7,20.0,0.4,0.5,0.6,-6.8,13.7,32.7,14.2,8.0,19.7,20.0,0.4,0.5,0.6,2.3,7.5,12.0,7.4,8.0,4.3,20.0,0.4,0.5,0.6,-0.1,2.8,10.3,4.5,8.0,4.7,20.0,0.4,0.5,0.6,512.5,1643.0,2325.5,1590.5,11.0,1162.0,16.0,0.5,0.5,0.6,510.0,1645.0,2325.0,1590.0,11.0,1160.0,16.0,0.5,0.5,0.6
1974,2,213.0,-59.0,1.51,1.75,1.89,1.73,8.0,0.18,12.0,0.4,0.6,0.3,1.23,1.9,2.84,1.96,8.0,0.78,12.0,0.4,0.6,0.3,3.91,4.05,4.55,4.15,7.0,0.31,12.0,0.3,0.6,0.3,91.0,91.8,96.5,93.0,7.0,2.7,12.0,0.3,0.3,6.26,11.3,12.83,9.84,8.0,3.64,12.0,0.4,0.6,0.3,2.33,6.05,8.65,4.99,8.0,5.65,12.0,0.4,0.6,0.3,-9.82,-7.26,-0.08,-5.56,8.0,5.31,12.0,0.4,0.6,0.3,973.69,978.7,997.09,985.11,7.0,12.69,12.0,0.3,0.6,0.3,8.0,8.0,8.0,8.0,7.0,0.0,12.0,0.3,0.6,0.3,13.5,51.6,107.0,48.4,8.0,73.8,12.0,0.4,0.6,0.3,-125.2,-68.6,-0.3,-64.7,8.0,70.0,12.0,0.4,0.6,0.3,-0.99,-0.2,0.56,-0.24,8.0,0.78,12.0,0.4,0.6,0.3,-13.6,-0.6,4.7,-3.5,8.0,8.8,12.0,0.4,0.6,0.3,-0.04,0.32,0.52,0.26,7.0,0.3,12.0,0.3,0.6,0.3,-0.6,3.4,3.9,1.9,7.0,2.8,12.0,0.3,0.6,0.3,2.8,9.5,20.6,8.8,8.0,14.1,12.0,0.4,0.6,0.3,-28.7,-7.7,-0.2,-12.4,8.0,14.3,12.0,0.4,0.6,0.3,6.2,21.2,38.5,18.0,7.0,25.4,12.0,0.3,0.6,0.3,-45.9,-22.3,0.4,-22.0,7.0,24.5,12.0,0.3,0.6,0.3,0.1,1.3,3.5,1.5,7.0,2.2,12.0,0.3,0.6,0.3,-3.1,0.0,0.9,-0.5,7.0,2.1,12.0,0.3,0.6,0.3,245.5,1451.5,2115.0,1275.5,8.0,979.0,12.0,0.4,0.6,0.3,245.0,1450.0,2115.0,1275.0,8.0,980.0,12.0,0.4,0.6,0.3
1974,2,213.0,-58.0,1.41,1.65,1.89,1.65,2.0,0.49,12.0,0.5,0.6,0.7,2.96,3.1,3.24,3.1,2.0,0.28,12.0,0.5,0.6,0.7,4.67,4.67,4.67,4.67,1.0,0.0,20.0,1.0,0.8,0.5,96.5,96.5,96.5,96.5,1.0,0.0,20.0,1.0,0.5,10.13,10.4,10.67,10.4,2.0,0.57,12.0,0.5,0.6,0.7,8.06,8.9,9.75,8.9,2.0,1.76,12.0,0.5,0.6,0.7,-5.99,-5.06,-4.13,-5.06,2.0,1.93,12.0,0.5,0.6,0.7,990.3,995.45,1000.6,995.45,2.0,10.68,12.0,0.5,0.6,0.7,8.0,8.0,8.0,8.0,1.0,0.0,20.0,1.0,0.8,0.5,81.8,93.1,104.4,93.1,2.0,23.3,12.0,0.5,0.6,0.7,-60.4,-52.1,-43.8,-52.1,2.0,17.2,12.0,0.5,0.6,0.7,-1.83,-1.45,-1.07,-1.45,2.0,0.78,12.0,0.5,0.6,0.7,-19.6,-15.3,-11.0,-15.3,2.0,8.9,12.0,0.5,0.6,0.7,-0.47,-0.47,-0.47,-0.47,1.0,0.0,20.0,1.0,0.8,0.5,-5.1,-5.1,-5.1,-5.1,1.0,0.0,20.0,1.0,0.8,0.5,24.0,27.9,31.7,27.9,2.0,8.0,12.0,0.5,0.6,0.7,-17.6,-15.4,-13.2,-15.4,2.0,4.6,12.0,0.5,0.6,0.7,47.4,47.4,47.4,47.4,1.0,0.0,20.0,1.0,0.8,0.5,-17.2,-17.2,-17.2,-17.2,1.0,0.0,20.0,1.0,0.8,0.5,-4.8,-4.8,-4.8,-4.8,1.0,0.0,20.0,1.0,0.8,0.5,1.8,1.8,1.8,1.8,1.0,0.0,20.0,1.0,0.8,0.5,1041.0,1130.0,1218.5,1130.0,2.0,183.5,12.0,0.5,0.6,0.7,1040.0,1130.0,1220.0,1130.0,2.0,185.0,12.0,0.5,0.6,0.7
1974,2,213.0,-45.0,15.0,15.0,15.0,15.0,1.0,0.0,24.0,1.0,0.8,0.7,15.5,15.5,15.5,15.5,1.0,0.0,24.0,1.0,0.8,0.7,10.47,10.47,10.47,10.47,1.0,0.0,24.0,1.0,0.8,0.7,95.0,95.0,95.0,95.0,1.0,0.0,24.0,1.0,0.7,11.3,11.3,11.3,11.3,1.0,0.0,24.0,1.0,0.8,0.7,-3.86,-3.86,-3.86,-3.86,1.0,0.0,24.0,1.0,0.8,0.7,-10.62,-10.62,-10.62,-10.62,1.0,0.0,24.0,1.0,0.8,0.7,1003.5,1003.5,1003.5,1003.5,1.0,0.0,24.0,1.0,0.8,0.7,,,,,,,,,,,,,,,,,,,,,,,,,,,,,,,-0.5,-0.5,-0.5,-0.5,1.0,0.0,24.0,1.0,0.8,0.7,-5.6,-5.6,-5.6,-5.6,1.0,0.0,24.0,1.0,0.8,0.7,0.21,0.21,0.21,0.21,1.0,0.0,24.0,1.0,0.8,0.7,2.3,2.3,2.3,2.3,1.0,0.0,24.0,1.0,0.8,0.7,-59.9,-59.9,-59.9,-59.9,1.0,0.0,24.0,1.0,0.8,0.7,-164.6,-164.6,-164.6,-164.6,1.0,0.0,24.0,1.0,0.8,0.7,-40.5,-40.5,-40.5,-40.5,1.0,0.0,24.0,1.0,0.8,0.7,-111.2,-111.2,-111.2,-111.2,1.0,0.0,24.0,1.0,0.8,0.7,-0.8,-0.8,-0.8,-0.8,1.0,0.0,24.0,1.0,0.8,0.7,-2.2,-2.2,-2.2,-2.2,1.0,0.0,24.0,1.0,0.8,0.7,1443.0,1443.0,1443.0,1443.0,1.0,0.0,24.0,1.0,0.8,0.7,1445.0,1445.0,1445.0,1445.0,1.0,0.0,24.0,1.0,0.8,0.7
1974,2,213.0,-44.0,,,,,,,,,,,,,,,,,,,,,,,,,,,,,,,,,,,,,,,,10.0,10.0,10.0,10.0,1.0,0.0,6.0,0.0,1.0,1.0,-5.0,-5.0,-5.0,-5.0,1.0,0.0,6.0,0.0,1.0,1.0,-8.66,-8.66,-8.66,-8.66,1.0,0.0,6.0,0.0,1.0,1.0,1017.9,1017.9,1017.9,1017.9,1.0,0.0,6.0,0.0,1.0,1.0,,,,,,,,,,,,,,,,,,,,,,,,,,,,,,,,,,,,,,,,,,,,,,,,,,,,,,,,,,,,,,,,,,,,,,,,,,,,,,,,,,,,,,,,,,,,,,,,,,,,,,,,,,,,,,,,,,,,,,,,,,,,,,,,,,,,,,,,,,,,,,,,,,,,,,
1974,2,213.0,-43.0,14.6,14.6,14.6,14.6,1.0,0.0,20.0,0.0,0.1,0.7,13.9,13.9,13.9,13.9,1.0,0.0,20.0,0.0,0.1,0.7,6.54,6.54,6.54,6.54,1.0,0.0,20.0,0.0,0.1,0.7,67.6,67.6,67.6,67.6,1.0,0.0,20.0,0.0,0.7,4.6,4.6,4.6,4.6,1.0,0.0,20.0,0.0,0.1,0.7,-4.32,-4.32,-4.32,-4.32,1.0,0.0,20.0,0.0,0.1,0.7,1.57,1.57,1.57,1.57,1.0,0.0,20.0,0.0,0.1,0.7,1028.9,1028.9,1028.9,1028.9,1.0,0.0,20.0,0.0,0.1,0.7,8.0,8.0,8.0,8.0,1.0,0.0,20.0,0.0,0.1,0.7,-19.9,-19.9,-19.9,-19.9,1.0,0.0,20.0,0.0,0.1,0.7,7.2,7.2,7.2,7.2,1.0,0.0,20.0,0.0,0.1,0.7,0.7,0.7,0.7,0.7,1.0,0.0,20.0,0.0,0.1,0.7,3.2,3.2,3.2,3.2,1.0,0.0,20.0,0.0,0.1,0.7,3.61,3.61,3.61,3.61,1.0,0.0,20.0,0.0,0.1,0.7,16.6,16.6,16.6,16.6,1.0,0.0,20.0,0.0,0.1,0.7,-60.1,-60.1,-60.1,-60.1,1.0,0.0,20.0,0.0,0.1,0.7,21.9,21.9,21.9,21.9,1.0,0.0,20.0,0.0,0.1,0.7,-28.3,-28.3,-28.3,-28.3,1.0,0.0,20.0,0.0,0.1,0.7,10.3,10.3,10.3,10.3,1.0,0.0,20.0,0.0,0.1,0.7,-15.6,-15.6,-15.6,-15.6,1.0,0.0,20.0,0.0,0.1,0.7,5.7,5.7,5.7,5.7,1.0,0.0,20.0,0.0,0.1,0.7,97.5,97.5,97.5,97.5,1.0,0.0,20.0,0.0,0.1,0.7,95.0,95.0,95.0,95.0,1.0,0.0,20.0,0.0,0.1,0.7
1974,2,213.0,-42.0,16.7,16.7,16.7,16.7,1.0,0.0,20.0,1.0,1.0,0.5,14.6,14.6,14.6,14.6,1.0,0.0,20.0,1.0,1.0,0.5,6.99,6.99,6.99,6.99,1.0,0.0,20.0,1.0,1.0,0.5,69.1,69.1,69.1,69.1,1.0,0.0,20.0,1.0,0.5,3.1,3.1,3.1,3.1,1.0,0.0,20.0,1.0,1.0,0.5,-2.37,-2.37,-2.37,-2.37,1.0,0.0,20.0,1.0,1.0,0.5,1.99,1.99,1.99,1.99,1.0,0.0,20.0,1.0,1.0,0.5,1029.6,1029.6,1029.6,1029.6,1.0,0.0,20.0,1.0,1.0,0.5,7.0,7.0,7.0,7.0,1.0,0.0,20.0,1.0,1.0,0.5,-7.4,-7.4,-7.4,-7.4,1.0,0.0,20.0,1.0,1.0,0.5,6.2,6.2,6.2,6.2,1.0,0.0,20.0,1.0,1.0,0.5,2.1,2.1,2.1,2.1,1.0,0.0,20.0,1.0,1.0,0.5,6.5,6.5,6.5,6.5,1.0,0.0,20.0,1.0,1.0,0.5,4.62,4.62,4.62,4.62,1.0,0.0,20.0,1.0,1.0,0.5,14.3,14.3,14.3,14.3,1.0,0.0,20.0,1.0,1.0,0.5,-34.7,-34.7,-34.7,-34.7,1.0,0.0,20.0,1.0,1.0,0.5,29.1,29.1,29.1,29.1,1.0,0.0,20.0,1.0,1.0,0.5,-16.6,-16.6,-16.6,-16.6,1.0,0.0,20.0,1.0,1.0,0.5,13.9,13.9,13.9,13.9,1.0,0.0,20.0,1.0,1.0,0.5,-11.0,-11.0,-11.0,-11.0,1.0,0.0,20.0,1.0,1.0,0.5,9.2,9.2,9.2,9.2,1.0,0.0,20.0,1.0,1.0,0.5,30.0,30.0,30.0,30.0,1.0,0.0,20.0,1.0,1.0,0.5,30.0,30.0,30.0,30.0,1.0,0.0,20.0,1.0,1.0,0.5
1974,2,213.0,-40.0,18.9,18.9,18.9,18.9,1.0,0.0,28.0,0.0,0.2,1.0,16.4,16.4,16.4,16.4,1.0,0.0,28.0,0.0,0.2,1.0,9.05,9.05,9.05,9.05,1.0,0.0,28.0,0.0,0.2,1.0,79.3,79.3,79.3,79.3,1.0,0.0,28.0,0.0,1.0,1.5,1.5,1.5,1.5,1.0,0.0,28.0,0.0,0.2,1.0,0.0,0.0,0.0,0.0,1.0,0.0,28.0,0.0,0.2,1.0,-1.5,-1.5,-1.5,-1.5,1.0,0.0,28.0,0.0,0.2,1.0,1025.3,1025.3,1025.3,1025.3,1.0,0.0,28.0,0.0,0.2,1.0,8.0,8.0,8.0,8.0,1.0,0.0,28.0,0.0,0.2,1.0,0.0,0.0,0.0,0.0,1.0,0.0,28.0,0.0,0.2,1.0,-2.2,-2.2,-2.2,-2.2,1.0,0.0,28.0,0.0,0.2,1.0,2.5,2.5,2.5,2.5,1.0,0.0,28.0,0.0,0.2,1.0,3.8,3.8,3.8,3.8,1.0,0.0,28.0,0.0,0.2,1.0,4.36,4.36,4.36,4.36,1.0,0.0,28.0,0.0,0.2,1.0,6.5,6.5,6.5,6.5,1.0,0.0,28.0,0.0,0.2,1.0,0.0,0.0,0.0,0.0,1.0,0.0,28.0,0.0,0.2,1.0,-24.6,-24.6,-24.6,-24.6,1.0,0.0,28.0,0.0,0.2,1.0,0.0,0.0,0.0,0.0,1.0,0.0,28.0,0.0,0.2,1.0,-13.6,-13.6,-13.6,-13.6,1.0,0.0,28.0,0.0,0.2,1.0,0.0,0.0,0.0,0.0,1.0,0.0,28.0,0.0,0.2,1.0,-6.5,-6.5,-6.5,-6.5,1.0,0.0,28.0,0.0,0.2,1.0,3.5,3.5,3.5,3.5,1.0,0.0,28.0,0.0,0.2,1.0,5.0,5.0,5.0,5.0,1.0,0.0,28.0,0.0,0.2,1.0
1974,2,213.0,-39.0,17.9,17.9,17.9,17.9,1.0,0.0,4.0,0.0,0.8,0.1,18.0,18.0,18.0,18.0,1.0,0.0,4.0,0.0,0.8,0.1,10.06,10.06,10.06,10.06,1.0,0.0,4.0,0.0,0.8,0.1,78.5,78.5,78.5,78.5,1.0,0.0,4.0,0.0,0.1,6.2,6.2,6.2,6.2,1.0,0.0,4.0,0.0,0.8,0.1,5.83,5.83,5.83,5.83,1.0,0.0,4.0,0.0,0.8,0.1,2.12,2.12,2.12,2.12,1.0,0.0,4.0,0.0,0.8,0.1,1010.8,1010.8,1010.8,1010.8,1.0,0.0,4.0,0.0,0.8,0.1,8.0,8.0,8.0,8.0,1.0,0.0,4.0,0.0,0.8,0.1,36.1,36.1,36.1,36.1,1.0,0.0,4.0,0.0,0.8,0.1,13.1,13.1,13.1,13.1,1.0,0.0,4.0,0.0,0.8,0.1,-0.1,-0.1,-0.1,-0.1,1.0,0.0,4.0,0.0,0.8,0.1,-0.6,-0.6,-0.6,-0.6,1.0,0.0,4.0,0.0,0.8,0.1,2.7,2.7,2.7,2.7,1.0,0.0,4.0,0.0,0.8,0.1,16.8,16.8,16.8,16.8,1.0,0.0,4.0,0.0,0.8,0.1,104.9,104.9,104.9,104.9,1.0,0.0,4.0,0.0,0.8,0.1,38.2,38.2,38.2,38.2,1.0,0.0,4.0,0.0,0.8,0.1,58.6,58.6,58.6,58.6,1.0,0.0,4.0,0.0,0.8,0.1,21.3,21.3,21.3,21.3,1.0,0.0,4.0,0.0,0.8,0.1,15.8,15.8,15.8,15.8,1.0,0.0,4.0,0.0,0.8,0.1,5.7,5.7,5.7,5.7,1.0,0.0,4.0,0.0,0.8,0.1,238.5,238.5,238.5,238.5,1.0,0.0,4.0,0.0,0.8,0.1,240.0,240.0,240.0,240.0,1.0,0.0,4.0,0.0,0.8,0.1
1974,2,213.0,-38.0,19.4,19.4,19.4,19.4,1.0,0.0,26.0,0.0,0.8,0.7,15.4,15.4,15.4,15.4,1.0,0.0,26.0,0.0,0.8,0.7,8.71,8.71,8.71,8.71,1.0,0.0,26.0,0.0,0.8,0.7,80.2,80.2,80.2,80.2,1.0,0.0,26.0,0.0,0.7,8.7,8.7,8.7,8.7,1.0,0.0,26.0,0.0,0.8,0.7,0.0,0.0,0.0,0.0,1.0,0.0,26.0,0.0,0.8,0.7,8.7,8.7,8.7,8.7,1.0,0.0,26.0,0.0,0.8,0.7,1011.2,1011.2,1011.2,1011.2,1.0,0.0,26.0,0.0,0.8,0.7,8.0,8.0,8.0,8.0,1.0,0.0,26.0,0.0,0.8,0.7,0.0,0.0,0.0,0.0,1.0,0.0,26.0,0.0,0.8,0.7,75.7,75.7,75.7,75.7,1.0,0.0,26.0,0.0,0.8,0.7,4.0,4.0,4.0,4.0,1.0,0.0,26.0,0.0,0.8,0.7,34.8,34.8,34.8,34.8,1.0,0.0,26.0,0.0,0.8,0.7,5.33,5.33,5.33,5.33,1.0,0.0,26.0,0.0,0.8,0.7,46.3,46.3,46.3,46.3,1.0,0.0,26.0,0.0,0.8,0.7,0.0,0.0,0.0,0.0,1.0,0.0,26.0,0.0,0.8,0.7,134.0,134.0,134.0,134.0,1.0,0.0,26.0,0.0,0.8,0.7,0.0,0.0,0.0,0.0,1.0,0.0,26.0,0.0,0.8,0.7,75.7,75.7,75.7,75.7,1.0,0.0,26.0,0.0,0.8,0.7,0.0,0.0,0.0,0.0,1.0,0.0,26.0,0.0,0.8,0.7,46.3,46.3,46.3,46.3,1.0,0.0,26.0,0.0,0.8,0.7,658.5,658.5,658.5,658.5,1.0,0.0,26.0,0.0,0.8,0.7,660.0,660.0,660.0,660.0,1.0,0.0,26.0,0.0,0.8,0.7
1974,2,213.0,-36.0,21.7,21.7,21.7,21.7,1.0,0.0,28.0,1.0,0.7,1.0,19.3,19.3,19.3,19.3,1.0,0.0,28.0,1.0,0.7,1.0,8.72,8.72,8.72,8.72,1.0,0.0,28.0,1.0,0.7,1.0,63.5,63.5,63.5,63.5,1.0,0.0,28.0,1.0,1.0,5.1,5.1,5.1,5.1,1.0,0.0,28.0,1.0,0.7,1.0,1.74,1.74,1.74,1.74,1.0,0.0,28.0,1.0,0.7,1.0,4.79,4.79,4.79,4.79,1.0,0.0,28.0,1.0,0.7,1.0,1023.0,1023.0,1023.0,1023.0,1.0,0.0,28.0,1.0,0.7,1.0,8.0,8.0,8.0,8.0,1.0,0.0,28.0,1.0,0.7,1.0,8.9,8.9,8.9,8.9,1.0,0.0,28.0,1.0,0.7,1.0,24.4,24.4,24.4,24.4,1.0,0.0,28.0,1.0,0.7,1.0,2.4,2.4,2.4,2.4,1.0,0.0,28.0,1.0,0.7,1.0,12.2,12.2,12.2,12.2,1.0,0.0,28.0,1.0,0.7,1.0,7.29,7.29,7.29,7.29,1.0,0.0,28.0,1.0,0.7,1.0,37.2,37.2,37.2,37.2,1.0,0.0,28.0,1.0,0.7,1.0,33.7,33.7,33.7,33.7,1.0,0.0,28.0,1.0,0.7,1.0,92.5,92.5,92.5,92.5,1.0,0.0,28.0,1.0,0.7,1.0,15.2,15.2,15.2,15.2,1.0,0.0,28.0,1.0,0.7,1.0,41.8,41.8,41.8,41.8,1.0,0.0,28.0,1.0,0.7,1.0,12.7,12.7,12.7,12.7,1.0,0.0,28.0,1.0,0.7,1.0,34.9,34.9,34.9,34.9,1.0,0.0,28.0,1.0,0.7,1.0,132.5,132.5,132.5,132.5,1.0,0.0,28.0,1.0,0.7,1.0,135.0,135.0,135.0,135.0,1.0,0.0,28.0,1.0,0.7,1.0
1974,2,213.0,-35.0,,,,,,,,,,,,,,,,,,,,,,,,,,,,,,,,,,,,,,,,2.6,2.6,2.6,2.6,1.0,0.0,16.0,0.0,0.6,0.1,-2.25,-2.25,-2.25,-2.25,1.0,0.0,16.0,0.0,0.6,0.1,1.3,1.3,1.3,1.3,1.0,0.0,16.0,0.0,0.6,0.1,1022.0,1022.0,1022.0,1022.0,1.0,0.0,16.0,0.0,0.6,0.1,1.0,1.0,1.0,1.0,1.0,0.0,16.0,0.0,0.6,0.1,-5.9,-5.9,-5.9,-5.9,1.0,0.0,16.0,0.0,0.6,0.1,3.4,3.4,3.4,3.4,1.0,0.0,16.0,0.0,0.6,0.1,,,,,,,,,,,,,,,,,,,,,,,,,,,,,,,,,,,,,,,,,-45.7,-45.7,-45.7,-45.7,1.0,0.0,16.0,0.0,0.6,0.1,26.4,26.4,26.4,26.4,1.0,0.0,16.0,0.0,0.6,0.1,-29.7,-29.7,-29.7,-29.7,1.0,0.0,16.0,0.0,0.6,0.1,17.2,17.2,17.2,17.2,1.0,0.0,16.0,0.0,0.6,0.1,,,,,,,,,,,,,,,,,,,,,,,,,,,,,,,,,,,,,,,,
1974,2,213.0,-31.0,24.68,25.5,26.32,25.5,2.0,1.7,18.0,0.5,0.5,0.6,23.81,24.05,24.29,24.05,2.0,0.49,18.0,0.5,0.5,0.6,14.23,14.31,14.39,14.31,2.0,0.16,18.0,0.5,0.5,0.6,75.4,77.2,78.9,77.2,2.0,3.6,18.0,0.5,0.6,5.1,5.1,5.1,5.1,1.0,0.0,22.0,0.0,0.8,0.4,0.0,0.0,0.0,0.0,1.0,0.0,22.0,0.0,0.8,0.4,-5.1,-5.1,-5.1,-5.1,1.0,0.0,22.0,0.0,0.8,0.4,1013.43,1016.5,1019.57,1016.5,2.0,6.36,18.0,0.5,0.5,0.6,2.3,3.0,3.7,3.0,2.0,1.4,18.0,0.5,0.5,0.6,0.0,0.0,0.0,0.0,1.0,0.0,22.0,0.0,0.8,0.4,-26.0,-26.0,-26.0,-26.0,1.0,0.0,22.0,0.0,0.8,0.4,0.87,1.45,2.03,1.45,2.0,1.2,18.0,0.5,0.5,0.6,11.7,11.7,11.7,11.7,1.0,0.0,22.0,0.0,0.8,0.4,4.91,6.05,7.19,6.05,2.0,2.37,18.0,0.5,0.5,0.6,39.4,39.4,39.4,39.4,1.0,0.0,22.0,0.0,0.8,0.4,0.0,0.0,0.0,0.0,1.0,0.0,22.0,0.0,0.8,0.4,-124.4,-124.4,-124.4,-124.4,1.0,0.0,22.0,0.0,0.8,0.4,0.0,0.0,0.0,0.0,1.0,0.0,22.0,0.0,0.8,0.4,-72.4,-72.4,-72.4,-72.4,1.0,0.0,22.0,0.0,0.8,0.4,0.0,0.0,0.0,0.0,1.0,0.0,22.0,0.0,0.8,0.4,-39.4,-39.4,-39.4,-39.4,1.0,0.0,22.0,0.0,0.8,0.4,132.5,132.5,132.5,132.5,1.0,0.0,22.0,0.0,0.8,0.4,135.0,135.0,135.0,135.0,1.0,0.0,22.0,0.0,0.8,0.4
1974,2,213.0,-30.0,,,,,,,,,,,,,,,,,,,,,,,,,,,,,,,,,,,,,,,,12.3,12.3,12.3,12.3,1.0,0.0,6.0,0.0,0.8,1.0,2.14,2.14,2.14,2.14,1.0,0.0,6.0,0.0,0.8,1.0,-12.11,-12.11,-12.11,-12.11,1.0,0.0,6.0,0.0,0.8,1.0,1015.2,1015.2,1015.2,1015.2,1.0,0.0,6.0,0.0,0.8,1.0,8.0,8.0,8.0,8.0,1.0,0.0,6.0,0.0,0.8,1.0,26.3,26.3,26.3,26.3,1.0,0.0,6.0,0.0,0.8,1.0,-149.0,-149.0,-149.0,-149.0,1.0,0.0,6.0,0.0,0.8,1.0,,,,,,,,,,,,,,,,,,,,,,,,,,,,,,,,,,,,,,,,,47.2,47.2,47.2,47.2,1.0,0.0,6.0,0.0,0.8,1.0,-267.7,-267.7,-267.7,-267.7,1.0,0.0,6.0,0.0,0.8,1.0,34.9,34.9,34.9,34.9,1.0,0.0,6.0,0.0,0.8,1.0,-197.8,-197.8,-197.8,-197.8,1.0,0.0,6.0,0.0,0.8,1.0,,,,,,,,,,,,,,,,,,,,,,,,,,,,,,,,,,,,,,,,
1974,2,213.0,-29.0,,,,,,,,,,,,,,,,,,,,,,,,,,,,,,,,,,,,,,,,6.2,6.2,6.2,6.2,1.0,0.0,24.0,1.0,0.4,0.6,-3.99,-3.99,-3.99,-3.99,1.0,0.0,24.0,1.0,0.4,0.6,-4.75,-4.75,-4.75,-4.75,1.0,0.0,24.0,1.0,0.4,0.6,1016.6,1016.6,1016.6,1016.6,1.0,0.0,24.0,1.0,0.4,0.6,4.0,4.0,4.0,4.0,1.0,0.0,24.0,1.0,0.4,0.6,-24.7,-24.7,-24.7,-24.7,1.0,0.0,24.0,1.0,0.4,0.6,-29.4,-29.4,-29.4,-29.4,1.0,0.0,24.0,1.0,0.4,0.6,,,,,,,,,,,,,,,,,,,,,,,,,,,,,,,,,,,,,,,,,-102.4,-102.4,-102.4,-102.4,1.0,0.0,24.0,1.0,0.4,0.6,-122.1,-122.1,-122.1,-122.1,1.0,0.0,24.0,1.0,0.4,0.6,-67.9,-67.9,-67.9,-67.9,1.0,0.0,24.0,1.0,0.4,0.6,-80.9,-80.9,-80.9,-80.9,1.0,0.0,24.0,1.0,0.4,0.6,,,,,,,,,,,,,,,,,,,,,,,,,,,,,,,,,,,,,,,,
1974,2,213.0,-26.0,26.74,27.25,27.76,27.25,2.0,1.06,22.0,0.0,0.7,0.9,25.8,25.8,25.8,25.8,2.0,0.0,22.0,0.0,0.7,0.9,17.91,17.91,17.91,17.91,1.0,0.0,28.0,0.0,0.4,0.9,86.6,86.6,86.6,86.6,1.0,0.0,28.0,0.0,0.9,5.27,5.65,6.03,5.65,2.0,0.78,22.0,0.0,0.7,0.9,-5.33,-5.23,-5.14,-5.23,2.0,0.19,22.0,0.0,0.7,0.9,-2.61,-1.55,-0.49,-1.55,2.0,2.19,22.0,0.0,0.7,0.9,1012.63,1013.55,1014.47,1013.55,2.0,1.91,22.0,0.0,0.7,0.9,4.2,4.5,4.8,4.5,2.0,0.7,22.0,0.0,0.7,0.9,-32.1,-29.6,-27.2,-29.6,2.0,5.1,22.0,0.0,0.7,0.9,-16.2,-9.6,-3.1,-9.6,2.0,13.6,22.0,0.0,0.7,0.9,0.94,1.45,1.96,1.45,2.0,1.06,22.0,0.0,0.7,0.9,5.4,7.8,10.1,7.8,2.0,4.9,22.0,0.0,0.7,0.9,3.69,3.69,3.69,3.69,1.0,0.0,28.0,0.0,0.4,0.9,22.9,22.9,22.9,22.9,1.0,0.0,28.0,0.0,0.4,0.9,-137.4,-135.1,-132.7,-135.1,2.0,4.9,22.0,0.0,0.7,0.9,-67.3,-40.0,-12.7,-40.0,2.0,56.6,22.0,0.0,0.7,0.9,-96.2,-96.2,-96.2,-96.2,1.0,0.0,28.0,0.0,0.4,0.9,-55.5,-55.5,-55.5,-55.5,1.0,0.0,28.0,0.0,0.4,0.9,-19.8,-19.8,-19.8,-19.8,1.0,0.0,28.0,0.0,0.4,0.9,-11.4,-11.4,-11.4,-11.4,1.0,0.0,28.0,0.0,0.4,0.9,149.5,185.5,221.5,185.5,2.0,74.5,22.0,0.0,0.7,0.9,150.0,185.0,220.0,185.0,2.0,75.0,22.0,0.0,0.7,0.9
1974,2,213.0,-21.0,27.1,27.1,27.1,27.1,1.0,0.0,6.0,0.0,0.4,0.7,25.22,25.7,26.18,25.7,2.0,0.99,10.0,0.0,0.7,0.8,15.46,15.46,15.46,15.46,1.0,0.0,6.0,0.0,0.4,0.7,72.2,72.2,72.2,72.2,1.0,0.0,6.0,0.0,0.7,3.1,3.1,3.1,3.1,1.0,0.0,6.0,0.0,0.4,0.7,-2.91,-2.91,-2.91,-2.91,1.0,0.0,6.0,0.0,0.4,0.7,-1.06,-1.06,-1.06,-1.06,1.0,0.0,6.0,0.0,0.4,0.7,1012.5,1013.15,1013.8,1013.15,2.0,1.34,10.0,0.0,0.7,0.8,8.0,8.0,8.0,8.0,1.0,0.0,6.0,0.0,0.4,0.7,-9.0,-9.0,-9.0,-9.0,1.0,0.0,6.0,0.0,0.4,0.7,-3.3,-3.3,-3.3,-3.3,1.0,0.0,6.0,0.0,0.4,0.7,0.7,0.7,0.7,0.7,1.0,0.0,6.0,0.0,0.4,0.7,2.2,2.2,2.2,2.2,1.0,0.0,6.0,0.0,0.4,0.7,6.95,6.95,6.95,6.95,1.0,0.0,6.0,0.0,0.4,0.7,21.5,21.5,21.5,21.5,1.0,0.0,6.0,0.0,0.4,0.7,-76.9,-76.9,-76.9,-76.9,1.0,0.0,6.0,0.0,0.4,0.7,-28.0,-28.0,-28.0,-28.0,1.0,0.0,6.0,0.0,0.4,0.7,-45.0,-45.0,-45.0,-45.0,1.0,0.0,6.0,0.0,0.4,0.7,-16.4,-16.4,-16.4,-16.4,1.0,0.0,6.0,0.0,0.4,0.7,-20.2,-20.2,-20.2,-20.2,1.0,0.0,6.0,0.0,0.4,0.7,-7.4,-7.4,-7.4,-7.4,1.0,0.0,6.0,0.0,0.4,0.7,30.0,30.0,30.0,30.0,1.0,0.0,6.0,0.0,0.4,0.7,30.0,30.0,30.0,30.0,1.0,0.0,6.0,0.0,0.4,0.7
1974,2,213.0,-18.0,29.5,29.5,29.5,29.5,1.0,0.0,16.0,0.0,0.6,1.0,26.2,26.2,26.2,26.2,1.0,0.0,16.0,0.0,0.6,1.0,18.79,18.79,18.79,18.79,1.0,0.0,16.0,0.0,0.6,1.0,88.8,88.8,88.8,88.8,1.0,0.0,16.0,0.0,1.0,6.2,6.2,6.2,6.2,1.0,0.0,16.0,0.0,0.6,1.0,-6.2,-6.2,-6.2,-6.2,1.0,0.0,16.0,0.0,0.6,1.0,0.0,0.0,0.0,0.0,1.0,0.0,16.0,0.0,0.6,1.0,1015.9,1015.9,1015.9,1015.9,1.0,0.0,16.0,0.0,0.6,1.0,2.0,2.0,2.0,2.0,1.0,0.0,16.0,0.0,0.6,1.0,-38.4,-38.4,-38.4,-38.4,1.0,0.0,16.0,0.0,0.6,1.0,0.0,0.0,0.0,0.0,1.0,0.0,16.0,0.0,0.6,1.0,3.3,3.3,3.3,3.3,1.0,0.0,16.0,0.0,0.6,1.0,20.5,20.5,20.5,20.5,1.0,0.0,16.0,0.0,0.6,1.0,6.99,6.99,6.99,6.99,1.0,0.0,16.0,0.0,0.6,1.0,43.3,43.3,43.3,43.3,1.0,0.0,16.0,0.0,0.6,1.0,-162.4,-162.4,-162.4,-162.4,1.0,0.0,16.0,0.0,0.6,1.0,0.0,0.0,0.0,0.0,1.0,0.0,16.0,0.0,0.6,1.0,-116.5,-116.5,-116.5,-116.5,1.0,0.0,16.0,0.0,0.6,1.0,0.0,0.0,0.0,0.0,1.0,0.0,16.0,0.0,0.6,1.0,-43.3,-43.3,-43.3,-43.3,1.0,0.0,16.0,0.0,0.6,1.0,0.0,0.0,0.0,0.0,1.0,0.0,16.0,0.0,0.6,1.0,238.5,238.5,238.5,238.5,1.0,0.0,16.0,0.0,0.6,1.0,240.0,240.0,240.0,240.0,1.0,0.0,16.0,0.0,0.6,1.0
1974,2,213.0,-17.0,27.28,28.0,28.21,27.87,6.0,0.73,14.0,0.5,0.6,0.5,25.74,26.9,28.85,27.25,6.0,1.8,14.0,0.5,0.6,0.5,16.98,18.06,18.67,17.86,6.0,0.91,14.0,0.5,0.6,0.5,70.3,79.8,88.8,79.6,6.0,9.5,14.0,0.5,0.5,7.29,8.2,11.04,9.0,6.0,2.81,14.0,0.5,0.6,0.5,-11.04,-7.59,-6.45,-8.61,6.0,3.04,14.0,0.5,0.6,0.5,0.0,1.21,3.9,1.73,6.0,1.83,14.0,0.5,0.6,0.5,1011.4,1012.3,1014.23,1012.7,6.0,1.59,14.0,0.5,0.6,0.5,2.8,3.0,4.4,3.5,6.0,1.4,14.0,0.5,0.6,0.5,-124.1,-62.2,-47.4,-84.5,6.0,58.6,14.0,0.5,0.6,0.5,0.0,8.7,30.5,13.4,6.0,14.8,14.0,0.5,0.6,0.5,-1.32,0.65,2.41,0.62,6.0,1.96,14.0,0.5,0.6,0.5,-15.2,3.7,21.1,4.5,6.0,19.2,14.0,0.5,0.6,0.5,5.04,5.61,6.27,5.64,6.0,0.6,14.0,0.5,0.6,0.5,38.7,44.6,69.4,52.0,6.0,21.3,14.0,0.5,0.6,0.5,-293.0,-210.0,-177.7,-235.5,6.0,88.8,14.0,0.5,0.6,0.5,0.0,31.0,110.8,48.7,6.0,53.5,14.0,0.5,0.6,0.5,-200.9,-140.1,-114.1,-152.9,6.0,49.6,14.0,0.5,0.6,0.5,0.0,21.5,70.2,31.3,6.0,33.5,14.0,0.5,0.6,0.5,-69.4,-41.2,-34.2,-49.8,6.0,22.6,14.0,0.5,0.6,0.5,0.0,6.3,21.1,9.3,6.0,10.0,14.0,0.5,0.6,0.5,400.5,551.5,1421.5,920.5,6.0,913.5,14.0,0.5,0.6,0.5,400.0,550.0,1420.0,920.0,6.0,915.0,14.0,0.5,0.6,0.5
1974,2,213.0,-16.0,28.0,28.0,28.0,28.0,1.0,0.0,18.0,1.0,0.2,1.0,27.8,27.8,27.8,27.8,1.0,0.0,18.0,1.0,0.2,1.0,17.46,17.46,17.46,17.46,1.0,0.0,18.0,1.0,0.2,1.0,74.7,74.7,74.7,74.7,1.0,0.0,18.0,1.0,1.0,11.3,11.3,11.3,11.3,1.0,0.0,18.0,1.0,0.2,1.0,-11.13,-11.13,-11.13,-11.13,1.0,0.0,18.0,1.0,0.2,1.0,1.96,1.96,1.96,1.96,1.0,0.0,18.0,1.0,0.2,1.0,1009.5,1009.5,1009.5,1009.5,1.0,0.0,18.0,1.0,0.2,1.0,5.0,5.0,5.0,5.0,1.0,0.0,18.0,1.0,0.2,1.0,-125.7,-125.7,-125.7,-125.7,1.0,0.0,18.0,1.0,0.2,1.0,22.2,22.2,22.2,22.2,1.0,0.0,18.0,1.0,0.2,1.0,0.2,0.2,0.2,0.2,1.0,0.0,18.0,1.0,0.2,1.0,2.3,2.3,2.3,2.3,1.0,0.0,18.0,1.0,0.2,1.0,6.28,6.28,6.28,6.28,1.0,0.0,18.0,1.0,0.2,1.0,71.0,71.0,71.0,71.0,1.0,0.0,18.0,1.0,0.2,1.0,-309.4,-309.4,-309.4,-309.4,1.0,0.0,18.0,1.0,0.2,1.0,54.5,54.5,54.5,54.5,1.0,0.0,18.0,1.0,0.2,1.0,-194.3,-194.3,-194.3,-194.3,1.0,0.0,18.0,1.0,0.2,1.0,34.3,34.3,34.3,34.3,1.0,0.0,18.0,1.0,0.2,1.0,-69.9,-69.9,-69.9,-69.9,1.0,0.0,18.0,1.0,0.2,1.0,12.3,12.3,12.3,12.3,1.0,0.0,18.0,1.0,0.2,1.0,1443.0,1443.0,1443.0,1443.0,1.0,0.0,18.0,1.0,0.2,1.0,1445.0,1445.0,1445.0,1445.0,1.0,0.0,18.0,1.0,0.2,1.0
1974,2,213.0,-15.0,28.0,28.0,28.0,28.0,1.0,0.0,10.0,1.0,1.0,0.7,27.1,27.1,27.1,27.1,1.0,0.0,10.0,1.0,1.0,0.7,17.56,17.56,17.56,17.56,1.0,0.0,10.0,1.0,1.0,0.7,78.3,78.3,78.3,78.3,1.0,0.0,10.0,1.0,0.7,4.6,4.6,4.6,4.6,1.0,0.0,10.0,1.0,1.0,0.7,-4.53,-4.53,-4.53,-4.53,1.0,0.0,10.0,1.0,1.0,0.7,0.8,0.8,0.8,0.8,1.0,0.0,10.0,1.0,1.0,0.7,1010.0,1010.0,1010.0,1010.0,1.0,0.0,10.0,1.0,1.0,0.7,8.0,8.0,8.0,8.0,1.0,0.0,10.0,1.0,1.0,0.7,-20.8,-20.8,-20.8,-20.8,1.0,0.0,10.0,1.0,1.0,0.7,3.7,3.7,3.7,3.7,1.0,0.0,10.0,1.0,1.0,0.7,0.9,0.9,0.9,0.9,1.0,0.0,10.0,1.0,1.0,0.7,4.1,4.1,4.1,4.1,1.0,0.0,10.0,1.0,1.0,0.7,6.17,6.17,6.17,6.17,1.0,0.0,10.0,1.0,1.0,0.7,28.4,28.4,28.4,28.4,1.0,0.0,10.0,1.0,1.0,0.7,-122.8,-122.8,-122.8,-122.8,1.0,0.0,10.0,1.0,1.0,0.7,21.6,21.6,21.6,21.6,1.0,0.0,10.0,1.0,1.0,0.7,-79.6,-79.6,-79.6,-79.6,1.0,0.0,10.0,1.0,1.0,0.7,14.0,14.0,14.0,14.0,1.0,0.0,10.0,1.0,1.0,0.7,-28.0,-28.0,-28.0,-28.0,1.0,0.0,10.0,1.0,1.0,0.7,4.9,4.9,4.9,4.9,1.0,0.0,10.0,1.0,1.0,0.7,97.5,97.5,97.5,97.5,1.0,0.0,10.0,1.0,1.0,0.7,95.0,95.0,95.0,95.0,1.0,0.0,10.0,1.0,1.0,0.7
1974,2,213.0,-14.0,30.0,30.0,30.0,30.0,1.0,0.0,14.0,0.0,0.6,0.8,26.0,26.0,26.0,26.0,1.0,0.0,14.0,0.0,0.6,0.8,16.2,16.2,16.2,16.2,1.0,0.0,14.0,0.0,0.6,0.8,77.2,77.2,77.2,77.2,1.0,0.0,14.0,0.0,0.8,3.6,3.6,3.6,3.6,1.0,0.0,14.0,0.0,0.6,0.8,-3.6,-3.6,-3.6,-3.6,1.0,0.0,14.0,0.0,0.6,0.8,0.0,0.0,0.0,0.0,1.0,0.0,14.0,0.0,0.6,0.8,1010.8,1010.8,1010.8,1010.8,1.0,0.0,14.0,0.0,0.6,0.8,1.0,1.0,1.0,1.0,1.0,0.0,14.0,0.0,0.6,0.8,-13.0,-13.0,-13.0,-13.0,1.0,0.0,14.0,0.0,0.6,0.8,0.0,0.0,0.0,0.0,1.0,0.0,14.0,0.0,0.6,0.8,4.0,4.0,4.0,4.0,1.0,0.0,14.0,0.0,0.6,0.8,14.4,14.4,14.4,14.4,1.0,0.0,14.0,0.0,0.6,0.8,10.48,10.48,10.48,10.48,1.0,0.0,14.0,0.0,0.6,0.8,37.7,37.7,37.7,37.7,1.0,0.0,14.0,0.0,0.6,0.8,-93.6,-93.6,-93.6,-93.6,1.0,0.0,14.0,0.0,0.6,0.8,0.0,0.0,0.0,0.0,1.0,0.0,14.0,0.0,0.6,0.8,-58.3,-58.3,-58.3,-58.3,1.0,0.0,14.0,0.0,0.6,0.8,0.0,0.0,0.0,0.0,1.0,0.0,14.0,0.0,0.6,0.8,-37.7,-37.7,-37.7,-37.7,1.0,0.0,14.0,0.0,0.6,0.8,0.0,0.0,0.0,0.0,1.0,0.0,14.0,0.0,0.6,0.8,46.5,46.5,46.5,46.5,1.0,0.0,14.0,0.0,0.6,0.8,45.0,45.0,45.0,45.0,1.0,0.0,14.0,0.0,0.6,0.8
1974,2,213.0,-13.0,30.0,30.0,30.0,30.0,1.0,0.0,20.0,0.0,0.5,0.5,25.0,25.0,25.0,25.0,1.0,0.0,20.0,0.0,0.5,0.5,17.41,17.41,17.41,17.41,1.0,0.0,20.0,0.0,0.5,0.5,88.1,88.1,88.1,88.1,1.0,0.0,20.0,0.0,0.5,3.1,3.1,3.1,3.1,1.0,0.0,20.0,0.0,0.5,0.5,-3.05,-3.05,-3.05,-3.05,1.0,0.0,20.0,0.0,0.5,0.5,0.54,0.54,0.54,0.54,1.0,0.0,20.0,0.0,0.5,0.5,1012.4,1012.4,1012.4,1012.4,1.0,0.0,20.0,0.0,0.5,0.5,1.0,1.0,1.0,1.0,1.0,0.0,20.0,0.0,0.5,0.5,-9.5,-9.5,-9.5,-9.5,1.0,0.0,20.0,0.0,0.5,0.5,1.7,1.7,1.7,1.7,1.0,0.0,20.0,0.0,0.5,0.5,5.0,5.0,5.0,5.0,1.0,0.0,20.0,0.0,0.5,0.5,15.5,15.5,15.5,15.5,1.0,0.0,20.0,0.0,0.5,0.5,9.22,9.22,9.22,9.22,1.0,0.0,20.0,0.0,0.5,0.5,28.6,28.6,28.6,28.6,1.0,0.0,20.0,0.0,0.5,0.5,-76.3,-76.3,-76.3,-76.3,1.0,0.0,20.0,0.0,0.5,0.5,13.5,13.5,13.5,13.5,1.0,0.0,20.0,0.0,0.5,0.5,-53.2,-53.2,-53.2,-53.2,1.0,0.0,20.0,0.0,0.5,0.5,9.4,9.4,9.4,9.4,1.0,0.0,20.0,0.0,0.5,0.5,-28.2,-28.2,-28.2,-28.2,1.0,0.0,20.0,0.0,0.5,0.5,5.0,5.0,5.0,5.0,1.0,0.0,20.0,0.0,0.5,0.5,30.0,30.0,30.0,30.0,1.0,0.0,20.0,0.0,0.5,0.5,30.0,30.0,30.0,30.0,1.0,0.0,20.0,0.0,0.5,0.5
1974,2,213.0,-12.0,27.92,27.95,27.98,27.95,2.0,0.07,6.0,0.5,0.5,0.7,27.63,29.0,30.37,29.0,2.0,2.83,6.0,0.5,0.5,0.7,17.15,18.68,20.21,18.68,2.0,3.17,6.0,0.5,0.5,0.7,74.1,74.2,74.3,74.2,2.0,0.1,6.0,0.5,0.7,7.2,7.2,7.2,7.2,2.0,0.0,6.0,0.5,0.5,0.7,-7.13,-6.98,-6.83,-6.98,2.0,0.31,6.0,0.5,0.5,0.7,0.39,1.23,2.07,1.23,2.0,1.74,6.0,0.5,0.5,0.7,1011.47,1012.7,1013.93,1012.7,2.0,2.55,6.0,0.5,0.5,0.7,3.2,3.5,3.8,3.5,2.0,0.7,6.0,0.5,0.5,0.7,-51.3,-50.3,-49.2,-50.3,2.0,2.2,6.0,0.5,0.5,0.7,2.8,8.9,14.9,8.9,2.0,12.5,6.0,0.5,0.5,0.7,-2.45,-1.05,0.35,-1.05,2.0,2.9,6.0,0.5,0.5,0.7,-17.6,-7.6,2.5,-7.6,2.0,20.9,6.0,0.5,0.5,0.7,3.37,4.92,6.47,4.92,2.0,3.21,6.0,0.5,0.5,0.7,24.3,35.4,46.6,35.4,2.0,23.1,6.0,0.5,0.5,0.7,-207.3,-202.1,-196.8,-202.1,2.0,10.8,6.0,0.5,0.5,0.7,12.1,38.2,64.2,38.2,2.0,54.0,6.0,0.5,0.5,0.7,-137.9,-130.0,-122.1,-130.0,2.0,16.4,6.0,0.5,0.5,0.7,8.2,25.8,43.3,25.8,2.0,36.4,6.0,0.5,0.5,0.7,-46.4,-34.8,-23.3,-34.8,2.0,23.9,6.0,0.5,0.5,0.7,1.0,3.3,5.5,3.3,2.0,4.6,6.0,0.5,0.5,0.7,373.0,373.0,373.0,373.0,2.0,0.0,6.0,0.5,0.5,0.7,375.0,375.0,375.0,375.0,2.0,0.0,6.0,0.5,0.5,0.7
1974,2,213.0,-11.0,28.0,28.0,28.0,28.0,1.0,0.0,14.0,0.0,0.2,0.1,25.1,25.1,25.1,25.1,1.0,0.0,14.0,0.0,0.2,0.1,16.9,16.9,16.9,16.9,1.0,0.0,14.0,0.0,0.2,0.1,85.0,85.0,85.0,85.0,1.0,0.0,14.0,0.0,0.1,7.7,7.7,7.7,7.7,1.0,0.0,14.0,0.0,0.2,0.1,-7.24,-7.24,-7.24,-7.24,1.0,0.0,14.0,0.0,0.2,0.1,2.63,2.63,2.63,2.63,1.0,0.0,14.0,0.0,0.2,0.1,1011.8,1011.8,1011.8,1011.8,1.0,0.0,14.0,0.0,0.2,0.1,2.0,2.0,2.0,2.0,1.0,0.0,14.0,0.0,0.2,0.1,-55.7,-55.7,-55.7,-55.7,1.0,0.0,14.0,0.0,0.2,0.1,20.3,20.3,20.3,20.3,1.0,0.0,14.0,0.0,0.2,0.1,2.9,2.9,2.9,2.9,1.0,0.0,14.0,0.0,0.2,0.1,22.3,22.3,22.3,22.3,1.0,0.0,14.0,0.0,0.2,0.1,6.79,6.79,6.79,6.79,1.0,0.0,14.0,0.0,0.2,0.1,52.3,52.3,52.3,52.3,1.0,0.0,14.0,0.0,0.2,0.1,-181.6,-181.6,-181.6,-181.6,1.0,0.0,14.0,0.0,0.2,0.1,66.1,66.1,66.1,66.1,1.0,0.0,14.0,0.0,0.2,0.1,-122.3,-122.3,-122.3,-122.3,1.0,0.0,14.0,0.0,0.2,0.1,44.5,44.5,44.5,44.5,1.0,0.0,14.0,0.0,0.2,0.1,-49.2,-49.2,-49.2,-49.2,1.0,0.0,14.0,0.0,0.2,0.1,17.9,17.9,17.9,17.9,1.0,0.0,14.0,0.0,0.2,0.1,456.5,456.5,456.5,456.5,1.0,0.0,14.0,0.0,0.2,0.1,455.0,455.0,455.0,455.0,1.0,0.0,14.0,0.0,0.2,0.1
1974,2,213.0,0.0,24.2,24.2,24.2,24.2,1.0,0.0,2.0,1.0,0.9,0.7,24.1,24.1,24.1,24.1,1.0,0.0,2.0,1.0,0.9,0.7,15.51,15.51,15.51,15.51,1.0,0.0,2.0,1.0,0.9,0.7,82.8,82.8,82.8,82.8,1.0,0.0,2.0,1.0,0.7,7.2,7.2,7.2,7.2,1.0,0.0,2.0,1.0,0.9,0.7,-7.09,-7.09,-7.09,-7.09,1.0,0.0,2.0,1.0,0.9,0.7,-1.25,-1.25,-1.25,-1.25,1.0,0.0,2.0,1.0,0.9,0.7,1011.0,1011.0,1011.0,1011.0,1.0,0.0,2.0,1.0,0.9,0.7,4.0,4.0,4.0,4.0,1.0,0.0,2.0,1.0,0.9,0.7,-51.1,-51.1,-51.1,-51.1,1.0,0.0,2.0,1.0,0.9,0.7,-9.0,-9.0,-9.0,-9.0,1.0,0.0,2.0,1.0,0.9,0.7,0.1,0.1,0.1,0.1,1.0,0.0,2.0,1.0,0.9,0.7,0.7,0.7,0.7,0.7,1.0,0.0,2.0,1.0,0.9,0.7,3.37,3.37,3.37,3.37,1.0,0.0,2.0,1.0,0.9,0.7,24.3,24.3,24.3,24.3,1.0,0.0,2.0,1.0,0.9,0.7,-170.9,-170.9,-170.9,-170.9,1.0,0.0,2.0,1.0,0.9,0.7,-30.1,-30.1,-30.1,-30.1,1.0,0.0,2.0,1.0,0.9,0.7,-110.0,-110.0,-110.0,-110.0,1.0,0.0,2.0,1.0,0.9,0.7,-19.4,-19.4,-19.4,-19.4,1.0,0.0,2.0,1.0,0.9,0.7,-23.9,-23.9,-23.9,-23.9,1.0,0.0,2.0,1.0,0.9,0.7,-4.2,-4.2,-4.2,-4.2,1.0,0.0,2.0,1.0,0.9,0.7,373.0,373.0,373.0,373.0,1.0,0.0,2.0,1.0,0.9,0.7,375.0,375.0,375.0,375.0,1.0,0.0,2.0,1.0,0.9,0.7
1974,2,213.0,5.0,25.19,25.6,26.15,25.67,3.0,0.7,16.0,0.7,0.6,0.4,25.1,26.4,26.54,25.83,3.0,1.16,16.0,0.7,0.6,0.4,16.67,16.92,17.33,17.0,3.0,0.49,16.0,0.7,0.6,0.4,77.7,81.6,86.0,81.9,3.0,6.1,16.0,0.7,0.4,6.86,7.2,10.0,8.4,3.0,2.52,16.0,0.7,0.6,0.4,-8.97,-7.2,-6.79,-7.86,3.0,1.69,16.0,0.7,0.6,0.4,-3.86,0.0,0.79,-1.5,3.0,3.64,16.0,0.7,0.6,0.4,1008.35,1010.4,1011.7,1010.03,3.0,2.47,16.0,0.7,0.6,0.4,5.0,5.0,7.0,6.0,3.0,1.7,16.0,0.7,0.6,0.4,-91.9,-51.8,-46.6,-68.9,3.0,36.3,16.0,0.7,0.6,0.4,-43.6,0.0,5.3,-18.7,3.0,39.3,16.0,0.7,0.6,0.4,-0.61,-0.2,0.28,-0.17,3.0,0.65,16.0,0.7,0.6,0.4,-6.6,-1.3,2.0,-2.3,3.0,6.4,16.0,0.7,0.6,0.4,2.93,3.0,4.42,3.66,3.0,1.23,16.0,0.7,0.6,0.4,25.0,33.9,34.0,29.6,3.0,7.5,16.0,0.7,0.6,0.4,-232.3,-176.4,-175.8,-203.4,3.0,47.6,16.0,0.7,0.6,0.4,-101.8,0.0,21.1,-39.4,3.0,96.3,16.0,0.7,0.6,0.4,-155.7,-121.8,-113.2,-134.2,3.0,32.9,16.0,0.7,0.6,0.4,-67.6,0.0,13.2,-26.6,3.0,63.5,16.0,0.7,0.6,0.4,-32.2,-29.3,-23.6,-27.9,3.0,6.4,16.0,0.7,0.6,0.4,-11.6,0.0,4.0,-3.7,3.0,11.9,16.0,0.7,0.6,0.4,324.0,373.0,1103.5,705.5,3.0,639.5,16.0,0.7,0.6,0.4,325.0,375.0,1105.0,705.0,3.0,640.0,16.0,0.7,0.6,0.4
1974,2,213.0,6.0,25.6,25.6,25.6,25.6,1.0,0.0,18.0,1.0,0.1,0.3,26.4,26.4,26.4,26.4,1.0,0.0,18.0,1.0,0.1,0.3,17.63,17.63,17.63,17.63,1.0,0.0,18.0,1.0,0.1,0.3,82.1,82.1,82.1,82.1,1.0,0.0,18.0,1.0,0.3,11.3,11.3,11.3,11.3,1.0,0.0,18.0,1.0,0.1,0.3,-9.79,-9.79,-9.79,-9.79,1.0,0.0,18.0,1.0,0.1,0.3,-5.65,-5.65,-5.65,-5.65,1.0,0.0,18.0,1.0,0.1,0.3,1012.3,1012.3,1012.3,1012.3,1.0,0.0,18.0,1.0,0.1,0.3,8.0,8.0,8.0,8.0,1.0,0.0,18.0,1.0,0.1,0.3,-110.6,-110.6,-110.6,-110.6,1.0,0.0,18.0,1.0,0.1,0.3,-63.8,-63.8,-63.8,-63.8,1.0,0.0,18.0,1.0,0.1,0.3,-0.8,-0.8,-0.8,-0.8,1.0,0.0,18.0,1.0,0.1,0.3,-9.0,-9.0,-9.0,-9.0,1.0,0.0,18.0,1.0,0.1,0.3,2.89,2.89,2.89,2.89,1.0,0.0,18.0,1.0,0.1,0.3,32.6,32.6,32.6,32.6,1.0,0.0,18.0,1.0,0.1,0.3,-258.4,-258.4,-258.4,-258.4,1.0,0.0,18.0,1.0,0.1,0.3,-149.2,-149.2,-149.2,-149.2,1.0,0.0,18.0,1.0,0.1,0.3,-172.5,-172.5,-172.5,-172.5,1.0,0.0,18.0,1.0,0.1,0.3,-99.6,-99.6,-99.6,-99.6,1.0,0.0,18.0,1.0,0.1,0.3,-28.3,-28.3,-28.3,-28.3,1.0,0.0,18.0,1.0,0.1,0.3,-16.3,-16.3,-16.3,-16.3,1.0,0.0,18.0,1.0,0.1,0.3,1443.0,1443.0,1443.0,1443.0,1.0,0.0,18.0,1.0,0.1,0.3,1445.0,1445.0,1445.0,1445.0,1.0,0.0,18.0,1.0,0.1,0.3
1974,2,213.0,9.0,25.0,25.0,25.0,25.0,1.0,0.0,14.0,0.0,0.1,0.6,24.5,24.5,24.5,24.5,1.0,0.0,14.0,0.0,0.1,0.6,16.09,16.09,16.09,16.09,1.0,0.0,14.0,0.0,0.1,0.6,83.9,83.9,83.9,83.9,1.0,0.0,14.0,0.0,0.6,11.3,11.3,11.3,11.3,1.0,0.0,14.0,0.0,0.1,0.6,-11.13,-11.13,-11.13,-11.13,1.0,0.0,14.0,0.0,0.1,0.6,-1.96,-1.96,-1.96,-1.96,1.0,0.0,14.0,0.0,0.1,0.6,1011.5,1011.5,1011.5,1011.5,1.0,0.0,14.0,0.0,0.1,0.6,7.0,7.0,7.0,7.0,1.0,0.0,14.0,0.0,0.1,0.6,-125.7,-125.7,-125.7,-125.7,1.0,0.0,14.0,0.0,0.1,0.6,-22.2,-22.2,-22.2,-22.2,1.0,0.0,14.0,0.0,0.1,0.6,0.5,0.5,0.5,0.5,1.0,0.0,14.0,0.0,0.1,0.6,5.7,5.7,5.7,5.7,1.0,0.0,14.0,0.0,0.1,0.6,3.72,3.72,3.72,3.72,1.0,0.0,14.0,0.0,0.1,0.6,42.0,42.0,42.0,42.0,1.0,0.0,14.0,0.0,0.1,0.6,-272.6,-272.6,-272.6,-272.6,1.0,0.0,14.0,0.0,0.1,0.6,-48.1,-48.1,-48.1,-48.1,1.0,0.0,14.0,0.0,0.1,0.6,-179.0,-179.0,-179.0,-179.0,1.0,0.0,14.0,0.0,0.1,0.6,-31.6,-31.6,-31.6,-31.6,1.0,0.0,14.0,0.0,0.1,0.6,-41.4,-41.4,-41.4,-41.4,1.0,0.0,14.0,0.0,0.1,0.6,-7.3,-7.3,-7.3,-7.3,1.0,0.0,14.0,0.0,0.1,0.6,1443.0,1443.0,1443.0,1443.0,1.0,0.0,14.0,0.0,0.1,0.6,1445.0,1445.0,1445.0,1445.0,1.0,0.0,14.0,0.0,0.1,0.6
1974,2,213.0,11.0,25.0,25.0,25.0,25.0,2.0,0.0,16.0,0.5,0.6,0.6,24.53,24.6,24.67,24.6,2.0,0.14,16.0,0.5,0.6,0.6,15.95,15.97,15.99,15.97,2.0,0.04,16.0,0.5,0.6,0.6,82.6,83.1,83.7,83.1,2.0,1.1,16.0,0.5,0.6,11.46,11.8,12.14,11.8,2.0,0.71,16.0,0.5,0.6,0.6,-10.51,-10.22,-9.92,-10.22,2.0,0.61,16.0,0.5,0.6,0.6,-6.07,-5.9,-5.73,-5.9,2.0,0.35,16.0,0.5,0.6,0.6,1014.9,1015.75,1016.6,1015.75,2.0,1.77,16.0,0.5,0.6,0.6,2.8,4.5,6.2,4.5,2.0,3.5,16.0,0.5,0.6,0.6,-127.8,-120.8,-113.8,-120.8,2.0,14.5,16.0,0.5,0.6,0.6,-73.8,-69.7,-65.7,-69.7,2.0,8.3,16.0,0.5,0.6,0.6,0.33,0.4,0.47,0.4,2.0,0.14,16.0,0.5,0.6,0.6,3.8,4.8,5.7,4.8,2.0,2.0,16.0,0.5,0.6,0.6,3.71,3.75,3.79,3.75,2.0,0.08,16.0,0.5,0.6,0.6,43.4,44.2,45.1,44.2,2.0,1.7,16.0,0.5,0.6,0.6,-257.9,-251.3,-244.8,-251.3,2.0,13.6,16.0,0.5,0.6,0.6,-148.9,-145.1,-141.3,-145.1,2.0,7.9,16.0,0.5,0.6,0.6,-168.2,-163.2,-158.3,-163.2,2.0,10.2,16.0,0.5,0.6,0.6,-97.1,-94.2,-91.4,-94.2,2.0,5.9,16.0,0.5,0.6,0.6,-39.0,-38.3,-37.6,-38.3,2.0,1.5,16.0,0.5,0.6,0.6,-22.5,-22.1,-21.7,-22.1,2.0,0.9,16.0,0.5,0.6,0.6,1509.0,1652.0,1794.5,1652.0,2.0,295.5,16.0,0.5,0.6,0.6,1510.0,1650.0,1795.0,1650.0,2.0,295.0,16.0,0.5,0.6,0.6
1974,2,213.0,14.0,24.3,24.3,24.3,24.3,1.0,0.0,14.0,0.0,0.7,0.0,24.0,24.0,24.0,24.0,1.0,0.0,14.0,0.0,0.7,0.0,15.66,15.66,15.66,15.66,1.0,0.0,14.0,0.0,0.7,0.0,84.4,84.4,84.4,84.4,1.0,0.0,14.0,0.0,0.0,6.7,6.7,6.7,6.7,1.0,0.0,14.0,0.0,0.7,0.0,-6.6,-6.6,-6.6,-6.6,1.0,0.0,14.0,0.0,0.7,0.0,-1.16,-1.16,-1.16,-1.16,1.0,0.0,14.0,0.0,0.7,0.0,1014.0,1014.0,1014.0,1014.0,1.0,0.0,14.0,0.0,0.7,0.0,8.0,8.0,8.0,8.0,1.0,0.0,14.0,0.0,0.7,0.0,-44.2,-44.2,-44.2,-44.2,1.0,0.0,14.0,0.0,0.7,0.0,-7.8,-7.8,-7.8,-7.8,1.0,0.0,14.0,0.0,0.7,0.0,0.3,0.3,0.3,0.3,1.0,0.0,14.0,0.0,0.7,0.0,2.0,2.0,2.0,2.0,1.0,0.0,14.0,0.0,0.7,0.0,3.28,3.28,3.28,3.28,1.0,0.0,14.0,0.0,0.7,0.0,22.0,22.0,22.0,22.0,1.0,0.0,14.0,0.0,0.7,0.0,-158.4,-158.4,-158.4,-158.4,1.0,0.0,14.0,0.0,0.7,0.0,-27.9,-27.9,-27.9,-27.9,1.0,0.0,14.0,0.0,0.7,0.0,-103.3,-103.3,-103.3,-103.3,1.0,0.0,14.0,0.0,0.7,0.0,-18.2,-18.2,-18.2,-18.2,1.0,0.0,14.0,0.0,0.7,0.0,-21.6,-21.6,-21.6,-21.6,1.0,0.0,14.0,0.0,0.7,0.0,-3.8,-3.8,-3.8,-3.8,1.0,0.0,14.0,0.0,0.7,0.0,301.0,301.0,301.0,301.0,1.0,0.0,14.0,0.0,0.7,0.0,300.0,300.0,300.0,300.0,1.0,0.0,14.0,0.0,0.7,0.0
1974,2,213.0,15.0,25.16,25.5,25.84,25.5,2.0,0.71,24.0,0.0,0.4,0.7,22.63,22.9,23.17,22.9,2.0,0.57,24.0,0.0,0.4,0.7,14.08,14.08,14.08,14.08,1.0,0.0,24.0,0.0,0.5,0.7,83.2,83.2,83.2,83.2,1.0,0.0,24.0,0.0,0.7,11.71,12.6,13.49,12.6,2.0,1.84,24.0,0.0,0.4,0.7,-11.2,-10.97,-10.75,-10.97,2.0,0.46,24.0,0.0,0.4,0.7,-7.52,-4.47,-1.42,-4.47,2.0,6.32,24.0,0.0,0.4,0.7,1014.45,1014.55,1014.65,1014.55,2.0,0.21,24.0,0.0,0.4,0.7,2.0,2.0,2.0,2.0,1.0,0.0,24.0,0.0,0.5,0.7,-144.8,-137.8,-130.9,-137.8,2.0,14.4,24.0,0.0,0.4,0.7,-104.5,-62.1,-19.7,-62.1,2.0,87.8,24.0,0.0,0.4,0.7,1.99,2.6,3.21,2.6,2.0,1.27,24.0,0.0,0.4,0.7,26.2,31.6,37.0,31.6,2.0,11.3,24.0,0.0,0.4,0.7,6.9,6.9,6.9,6.9,1.0,0.0,24.0,0.0,0.5,0.7,78.0,78.0,78.0,78.0,1.0,0.0,24.0,0.0,0.5,0.7,-253.3,-251.2,-249.1,-251.2,2.0,4.3,24.0,0.0,0.4,0.7,-175.1,-104.1,-33.0,-104.1,2.0,147.2,24.0,0.0,0.4,0.7,-159.1,-159.1,-159.1,-159.1,1.0,0.0,24.0,0.0,0.5,0.7,0.0,0.0,0.0,0.0,1.0,0.0,24.0,0.0,0.5,0.7,-78.0,-78.0,-78.0,-78.0,1.0,0.0,24.0,0.0,0.5,0.7,0.0,0.0,0.0,0.0,1.0,0.0,24.0,0.0,0.5,0.7,1640.0,2064.5,2488.5,2064.5,2.0,878.5,24.0,0.0,0.4,0.7,1640.0,2065.0,2490.0,2065.0,2.0,880.0,24.0,0.0,0.4,0.7
1974,2,213.0,16.0,23.81,24.05,24.29,24.05,2.0,0.49,22.0,0.5,0.6,0.4,23.92,23.95,23.98,23.95,2.0,0.07,22.0,0.5,0.6,0.4,14.12,15.18,16.23,15.18,2.0,2.18,22.0,0.5,0.6,0.4,76.3,82.2,88.0,82.2,2.0,12.1,22.0,0.5,0.4,5.35,5.9,6.45,5.9,2.0,1.13,22.0,0.5,0.6,0.4,-5.58,-5.11,-4.64,-5.11,2.0,0.98,22.0,0.5,0.6,0.4,-3.22,-2.95,-2.68,-2.95,2.0,0.57,22.0,0.5,0.6,0.4,1015.02,1015.5,1015.98,1015.5,2.0,0.99,22.0,0.5,0.6,0.4,2.3,3.0,3.7,3.0,2.0,1.4,22.0,0.5,0.6,0.4,-36.3,-30.7,-25.1,-30.7,2.0,11.6,22.0,0.5,0.6,0.4,-20.9,-17.7,-14.5,-17.7,2.0,6.7,22.0,0.5,0.6,0.4,-0.17,0.1,0.37,0.1,2.0,0.57,22.0,0.5,0.6,0.4,-1.3,0.3,1.8,0.3,2.0,3.2,22.0,0.5,0.6,0.4,2.66,3.45,4.24,3.45,2.0,1.64,22.0,0.5,0.6,0.4,14.7,21.3,27.8,21.3,2.0,13.6,22.0,0.5,0.6,0.4,-133.9,-122.4,-110.9,-122.4,2.0,23.8,22.0,0.5,0.6,0.4,-77.3,-70.7,-64.0,-70.7,2.0,13.8,22.0,0.5,0.6,0.4,-78.3,-76.5,-74.7,-76.5,2.0,3.7,22.0,0.5,0.6,0.4,-45.2,-44.2,-43.1,-44.2,2.0,2.1,22.0,0.5,0.6,0.4,-24.1,-18.4,-12.7,-18.4,2.0,11.8,22.0,0.5,0.6,0.4,-13.9,-10.6,-7.4,-10.6,2.0,6.8,22.0,0.5,0.6,0.4,159.5,216.5,274.0,216.5,2.0,119.0,22.0,0.5,0.6,0.4,160.0,215.0,275.0,215.0,2.0,120.0,22.0,0.5,0.6,0.4
1974,2,213.0,17.0,23.66,24.0,24.34,24.0,2.0,0.71,16.0,0.0,0.6,0.6,22.65,23.35,24.1,23.38,4.0,0.84,18.0,0.5,0.3,0.6,12.91,14.42,15.57,14.25,4.0,1.57,18.0,0.5,0.3,0.6,72.3,78.3,87.8,80.0,4.0,9.5,18.0,0.5,0.6,6.44,8.5,10.56,8.5,4.0,2.38,18.0,0.5,0.3,0.6,-9.56,-7.56,-5.99,-7.77,4.0,2.11,18.0,0.5,0.3,0.6,-4.46,-3.52,-1.59,-3.05,4.0,2.18,18.0,0.5,0.3,0.6,1013.98,1015.7,1016.95,1015.48,4.0,2.19,18.0,0.5,0.3,0.6,1.4,3.0,4.0,2.8,4.0,2.1,18.0,0.5,0.3,0.6,-101.2,-65.4,-38.6,-69.7,4.0,36.6,18.0,0.5,0.3,0.6,-46.8,-31.2,-10.7,-28.8,4.0,23.0,18.0,0.5,0.3,0.6,1.04,1.35,1.66,1.35,2.0,0.64,16.0,0.0,0.6,0.6,9.6,10.2,10.9,10.2,2.0,1.3,16.0,0.0,0.6,0.6,3.74,4.47,5.2,4.47,2.0,1.51,16.0,0.0,0.6,0.6,26.8,39.1,51.3,39.1,2.0,25.4,16.0,0.0,0.6,0.6,-224.6,-171.2,-140.0,-181.8,4.0,51.5,18.0,0.5,0.3,0.6,-103.5,-84.9,-38.3,-71.5,4.0,50.1,18.0,0.5,0.3,0.6,-124.2,-104.2,-93.3,-108.5,4.0,20.4,18.0,0.5,0.3,0.6,-58.3,-50.6,-23.6,-41.4,4.0,28.3,18.0,0.5,0.3,0.6,-44.9,-35.2,-25.6,-35.2,2.0,20.0,16.0,0.0,0.6,0.6,-24.0,-14.3,-4.5,-14.3,2.0,20.2,16.0,0.0,0.6,0.6,268.0,696.5,1180.0,723.0,4.0,528.5,18.0,0.5,0.3,0.6,270.0,695.0,1180.0,725.0,4.0,530.0,18.0,0.5,0.3,0.6
1974,2,213.0,18.0,22.82,23.9,24.0,23.48,5.0,0.69,12.0,0.8,0.5,0.4,22.68,22.9,24.04,23.55,6.0,1.66,12.0,0.7,0.5,0.3,12.45,13.13,18.11,15.06,5.0,3.78,10.0,0.6,0.5,0.4,71.3,76.2,95.2,81.6,5.0,12.9,10.0,0.6,0.4,8.39,10.4,11.73,10.23,6.0,2.15,12.0,0.7,0.5,0.3,-11.17,-9.89,-8.26,-9.81,6.0,1.88,12.0,0.7,0.5,0.3,-4.8,-1.38,0.0,-2.17,6.0,2.39,12.0,0.7,0.5,0.3,1013.18,1017.5,1019.27,1016.15,6.0,4.4,12.0,0.7,0.5,0.3,2.9,6.0,6.0,4.6,5.0,2.2,10.0,0.6,0.5,0.3,-127.4,-105.3,-69.7,-103.6,6.0,40.2,12.0,0.7,0.5,0.3,-61.9,-11.1,0.0,-24.6,6.0,29.9,12.0,0.7,0.5,0.3,-1.38,0.3,0.89,-0.22,5.0,1.65,12.0,0.8,0.5,0.4,-15.0,3.0,8.8,-3.2,5.0,16.9,12.0,0.8,0.5,0.4,-0.76,2.59,5.33,2.3,4.0,3.83,10.0,0.8,0.5,0.4,-8.6,28.6,67.3,29.3,4.0,48.1,10.0,0.8,0.5,0.4,-291.1,-226.0,-188.1,-231.9,6.0,52.5,12.0,0.7,0.5,0.3,-111.6,-31.4,0.0,-49.9,6.0,55.4,12.0,0.7,0.5,0.3,-187.3,-150.4,-120.3,-155.9,5.0,45.1,10.0,0.6,0.5,0.4,-61.1,-19.8,0.0,-29.3,5.0,32.7,10.0,0.6,0.5,0.4,-61.6,-25.4,8.6,-26.4,4.0,45.3,10.0,0.8,0.5,0.4,-26.5,-11.7,0.0,-13.2,4.0,15.4,10.0,0.8,0.5,0.4,599.5,1130.0,1642.0,1190.0,6.0,712.0,12.0,0.7,0.5,0.3,600.0,1130.0,1640.0,1190.0,6.0,710.0,12.0,0.7,0.5,0.3
1974,2,213.0,19.0,22.66,23.0,23.34,23.0,2.0,0.71,14.0,0.5,0.8,0.2,22.4,23.25,24.1,23.25,2.0,1.77,14.0,0.5,0.8,0.2,14.27,14.87,15.46,14.87,2.0,1.22,14.0,0.5,0.8,0.2,76.8,84.5,92.2,84.5,2.0,16.0,14.0,0.5,0.2,6.02,6.7,7.38,6.7,2.0,1.41,14.0,0.5,0.8,0.2,-7.37,-6.66,-5.94,-6.66,2.0,1.48,14.0,0.5,0.8,0.2,0.16,0.49,0.83,0.49,2.0,0.7,14.0,0.5,0.8,0.2,1013.8,1014.45,1015.1,1014.45,2.0,1.34,14.0,0.5,0.8,0.2,3.2,3.5,3.8,3.5,2.0,0.7,14.0,0.5,0.8,0.2,-55.0,-45.6,-36.3,-45.6,2.0,19.3,14.0,0.5,0.8,0.2,0.9,2.8,4.7,2.8,2.0,4.0,14.0,0.5,0.8,0.2,-1.44,-0.25,0.94,-0.25,2.0,2.47,14.0,0.5,0.8,0.2,-11.6,-3.4,4.7,-3.4,2.0,16.9,14.0,0.5,0.8,0.2,2.39,2.63,2.86,2.63,2.0,0.49,14.0,0.5,0.8,0.2,14.6,17.9,21.3,17.9,2.0,7.0,14.0,0.5,0.8,0.2,-178.3,-156.1,-133.8,-156.1,2.0,46.1,14.0,0.5,0.8,0.2,3.5,10.9,18.3,10.9,2.0,15.4,14.0,0.5,0.8,0.2,-104.7,-98.1,-91.4,-98.1,2.0,13.8,14.0,0.5,0.8,0.2,2.5,7.8,13.1,7.8,2.0,11.0,14.0,0.5,0.8,0.2,-21.3,-17.8,-14.4,-17.8,2.0,7.1,14.0,0.5,0.8,0.2,0.4,1.1,1.9,1.1,2.0,1.6,14.0,0.5,0.8,0.2,228.5,321.0,413.5,321.0,2.0,192.0,14.0,0.5,0.8,0.2,230.0,320.0,415.0,320.0,2.0,190.0,14.0,0.5,0.8,0.2
1974,2,213.0,20.0,23.03,23.4,24.0,23.35,6.0,0.73,14.0,0.5,0.7,0.4,21.32,22.2,23.21,22.3,6.0,1.2,14.0,0.5,0.7,0.4,12.5,13.59,13.89,13.27,5.0,0.94,16.0,0.4,0.7,0.3,69.2,83.2,86.2,78.7,5.0,8.9,16.0,0.4,0.3,7.29,8.2,10.4,8.48,6.0,1.88,14.0,0.5,0.7,0.4,-10.37,-7.88,-7.18,-8.32,6.0,1.88,14.0,0.5,0.7,0.4,-2.1,-1.34,0.2,-1.09,6.0,1.4,14.0,0.5,0.7,0.4,1017.21,1018.0,1018.83,1018.32,6.0,1.9,14.0,0.5,0.7,0.4,0.0,2.0,5.4,2.7,6.0,2.8,14.0,0.5,0.7,0.4,-107.9,-64.8,-52.9,-73.5,6.0,31.5,14.0,0.5,0.7,0.4,-21.4,-10.3,1.2,-10.2,6.0,11.9,14.0,0.5,0.7,0.4,0.4,1.0,1.9,1.05,6.0,0.76,14.0,0.5,0.7,0.4,4.1,9.8,14.6,9.0,6.0,5.7,14.0,0.5,0.7,0.4,4.11,4.16,5.83,4.82,5.0,0.98,16.0,0.4,0.7,0.3,32.0,32.4,45.1,38.8,5.0,13.4,16.0,0.4,0.7,0.3,-226.2,-175.2,-156.6,-184.6,6.0,39.3,14.0,0.5,0.7,0.4,-45.4,-28.6,4.9,-23.5,6.0,32.0,14.0,0.5,0.7,0.4,-119.6,-103.1,-91.7,-103.8,5.0,19.8,16.0,0.4,0.7,0.3,-27.2,-18.2,4.6,-13.3,5.0,21.1,16.0,0.4,0.7,0.3,-43.8,-31.9,-31.5,-38.1,5.0,13.7,16.0,0.4,0.7,0.3,-7.9,-5.6,2.1,-3.5,5.0,6.6,16.0,0.4,0.7,0.3,400.5,557.5,1127.0,685.0,6.0,412.5,14.0,0.5,0.7,0.4,400.0,560.0,1125.0,685.0,6.0,415.0,14.0,0.5,0.7,0.4
1974,2,213.0,21.0,22.06,23.65,24.18,23.21,8.0,1.39,22.0,0.6,0.6,0.5,20.82,22.15,23.36,22.24,8.0,1.49,22.0,0.6,0.6,0.5,11.91,12.28,13.09,12.48,8.0,0.8,22.0,0.6,0.6,0.5,68.6,77.2,82.9,75.7,8.0,7.9,22.0,0.6,0.5,3.07,7.95,10.19,7.14,8.0,3.86,22.0,0.6,0.6,0.5,-10.13,-7.95,-2.09,-6.62,8.0,4.39,22.0,0.6,0.6,0.5,-2.13,0.0,1.87,-0.28,8.0,1.92,22.0,0.6,0.6,0.5,1019.6,1020.5,1022.68,1020.78,8.0,2.17,22.0,0.6,0.6,0.5,3.0,4.0,7.8,4.6,8.0,2.6,22.0,0.6,0.6,0.5,-103.3,-63.3,-6.5,-62.0,8.0,56.3,22.0,0.6,0.6,0.5,-26.2,0.0,3.9,-6.5,8.0,14.5,22.0,0.6,0.6,0.5,-0.09,0.8,2.39,0.98,8.0,1.45,22.0,0.6,0.6,0.5,-0.3,7.0,17.6,8.0,8.0,9.1,22.0,0.6,0.6,0.5,4.51,5.32,5.62,5.17,8.0,1.2,22.0,0.6,0.6,0.5,10.6,43.0,58.3,38.7,8.0,23.9,22.0,0.6,0.6,0.5,-247.5,-178.2,-43.4,-149.4,8.0,103.1,22.0,0.6,0.6,0.5,-48.2,0.0,42.5,-5.9,8.0,41.5,22.0,0.6,0.6,0.5,-123.9,-98.1,-25.2,-84.3,8.0,58.7,22.0,0.6,0.6,0.5,-29.7,0.0,22.2,-3.9,8.0,23.4,22.0,0.6,0.6,0.5,-57.2,-43.0,-7.5,-36.5,8.0,26.1,22.0,0.6,0.6,0.5,-9.9,0.0,6.4,-2.2,8.0,8.8,22.0,0.6,0.6,0.5,29.0,504.0,1060.5,642.0,8.0,724.0,22.0,0.6,0.6,0.5,30.0,505.0,1060.0,640.0,8.0,725.0,22.0,0.6,0.6,0.5
1974,2,213.0,22.0,22.76,23.5,25.05,23.73,7.0,1.37,20.0,0.6,0.7,0.5,20.5,21.3,23.02,21.63,7.0,1.15,20.0,0.6,0.7,0.5,10.72,11.82,13.19,11.89,6.0,1.33,22.0,0.7,0.7,0.4,68.7,72.4,84.6,75.7,6.0,9.5,22.0,0.7,0.4,5.05,5.1,7.78,6.16,7.0,1.83,20.0,0.6,0.7,0.5,-7.66,-5.1,-4.03,-5.93,7.0,1.96,20.0,0.6,0.7,0.5,-1.43,0.0,0.92,-0.2,7.0,1.64,20.0,0.6,0.7,0.5,1018.26,1019.0,1019.62,1019.11,7.0,1.42,20.0,0.6,0.7,0.5,3.2,6.0,7.0,5.0,6.0,2.7,20.0,0.5,0.7,0.5,-59.7,-26.0,-19.8,-39.5,7.0,25.0,20.0,0.6,0.7,0.5,-10.6,0.0,5.0,-0.7,7.0,10.3,20.0,0.6,0.7,0.5,0.33,1.5,4.55,2.1,7.0,2.26,20.0,0.6,0.7,0.5,1.7,11.6,28.7,14.5,7.0,15.6,20.0,0.6,0.7,0.5,5.9,6.22,7.93,6.67,6.0,1.23,22.0,0.7,0.7,0.4,37.0,43.0,49.0,42.6,6.0,9.8,22.0,0.7,0.7,0.4,-164.2,-119.3,-92.3,-127.5,7.0,38.9,20.0,0.6,0.7,0.5,-30.6,0.0,19.5,-4.0,7.0,34.0,20.0,0.6,0.7,0.5,-93.6,-69.7,-50.6,-74.8,6.0,28.0,22.0,0.7,0.7,0.4,-20.3,0.0,11.7,-4.1,6.0,21.6,22.0,0.7,0.7,0.4,-48.3,-40.7,-31.9,-40.6,6.0,10.2,22.0,0.7,0.7,0.4,-12.3,0.0,7.5,-3.2,6.0,13.6,22.0,0.7,0.7,0.4,129.5,132.5,473.0,290.0,7.0,263.0,20.0,0.6,0.7,0.5,130.0,135.0,475.0,290.0,7.0,265.0,20.0,0.6,0.7,0.5
1974,2,213.0,23.0,22.16,22.5,22.84,22.5,2.0,0.71,12.0,0.5,0.9,0.3,20.16,20.5,20.84,20.5,2.0,0.71,12.0,0.5,0.9,0.3,11.19,11.2,11.21,11.2,2.0,0.02,12.0,0.5,0.9,0.3,73.8,75.4,77.0,75.4,2.0,3.3,12.0,0.5,0.3,6.52,7.2,7.88,7.2,2.0,1.41,12.0,0.5,0.9,0.3,-6.61,-5.54,-4.48,-5.54,2.0,2.2,12.0,0.5,0.9,0.3,-4.65,-4.42,-4.2,-4.42,2.0,0.46,12.0,0.5,0.9,0.3,1019.9,1020.75,1021.6,1020.75,2.0,1.77,12.0,0.5,0.9,0.3,4.6,6.0,7.4,6.0,2.0,2.8,12.0,0.5,0.9,0.3,-52.9,-41.5,-30.0,-41.5,2.0,23.7,12.0,0.5,0.9,0.3,-33.0,-31.5,-30.1,-31.5,2.0,3.0,12.0,0.5,0.9,0.3,1.32,2.0,2.68,2.0,2.0,1.41,12.0,0.5,0.9,0.3,9.1,15.4,21.7,15.4,2.0,13.0,12.0,0.5,0.9,0.3,5.3,5.66,6.02,5.66,2.0,0.74,12.0,0.5,0.9,0.3,34.8,41.3,47.7,41.3,2.0,13.4,12.0,0.5,0.9,0.3,-132.8,-112.9,-92.9,-112.9,2.0,41.3,12.0,0.5,0.9,0.3,-96.9,-90.9,-84.8,-90.9,2.0,12.5,12.0,0.5,0.9,0.3,-74.1,-62.1,-50.1,-62.1,2.0,24.8,12.0,0.5,0.9,0.3,-52.0,-49.5,-47.1,-49.5,2.0,5.1,12.0,0.5,0.9,0.3,-40.2,-32.2,-24.2,-32.2,2.0,16.6,12.0,0.5,0.9,0.3,-25.2,-24.9,-24.5,-24.9,2.0,0.7,12.0,0.5,0.9,0.3,288.0,395.0,501.5,395.0,2.0,221.5,12.0,0.5,0.9,0.3,290.0,395.0,500.0,395.0,2.0,220.0,12.0,0.5,0.9,0.3
1974,2,213.0,24.0,22.16,22.5,22.7,22.43,3.0,0.4,12.0,0.3,0.7,0.6,22.1,22.3,22.78,22.43,3.0,0.51,12.0,0.3,0.7,0.6,11.38,12.03,14.26,12.81,3.0,2.21,12.0,0.3,0.7,0.6,69.6,72.4,83.0,76.2,3.0,10.4,12.0,0.3,0.6,4.77,6.2,8.66,6.7,3.0,2.88,12.0,0.3,0.7,0.6,-8.56,-6.2,-4.72,-6.63,3.0,2.83,12.0,0.3,0.7,0.6,-1.16,0.0,0.49,-0.33,3.0,1.24,12.0,0.3,0.7,0.6,1018.77,1020.0,1023.0,1020.87,3.0,3.19,12.0,0.3,0.7,0.6,2.0,4.0,4.7,3.3,3.0,2.1,12.0,0.3,0.7,0.6,-76.8,-38.4,-23.5,-49.9,3.0,40.2,12.0,0.3,0.7,0.6,-11.4,0.0,2.0,-4.6,3.0,10.6,12.0,0.3,0.7,0.6,-0.14,0.0,0.14,0.0,3.0,0.2,12.0,0.3,0.7,0.6,-0.6,0.0,0.8,0.1,3.0,1.0,12.0,0.3,0.7,0.6,2.84,4.84,5.08,3.98,3.0,1.81,12.0,0.3,0.7,0.6,14.9,30.0,44.3,29.6,3.0,21.6,12.0,0.3,0.7,0.6,-188.8,-138.3,-107.3,-147.8,3.0,60.3,12.0,0.3,0.7,0.6,-25.6,0.0,11.2,-7.0,3.0,27.6,12.0,0.3,0.7,0.6,-96.7,-74.6,-65.8,-81.1,3.0,23.3,12.0,0.3,0.7,0.6,-12.9,0.0,7.4,-2.7,3.0,15.1,12.0,0.3,0.7,0.6,-43.7,-30.0,-14.8,-29.3,3.0,21.2,12.0,0.3,0.7,0.6,-6.0,0.0,0.9,-2.5,3.0,5.5,12.0,0.3,0.7,0.6,122.5,238.5,718.0,416.0,3.0,462.5,12.0,0.3,0.7,0.6,125.0,240.0,720.0,415.0,3.0,465.0,12.0,0.3,0.7,0.6
1974,2,213.0,25.0,20.73,21.7,22.87,21.92,9.0,1.34,18.0,0.4,0.5,0.3,20.63,21.0,21.78,21.13,9.0,0.72,18.0,0.4,0.5,0.3,11.21,11.59,12.57,11.77,9.0,0.66,18.0,0.4,0.5,0.3,72.5,75.5,79.0,76.2,9.0,5.8,18.0,0.4,0.3,3.21,6.7,8.57,6.51,9.0,3.3,18.0,0.4,0.5,0.3,-8.21,-5.13,-0.27,-4.34,9.0,4.48,18.0,0.4,0.5,0.3,-1.1,0.17,3.98,0.7,9.0,4.09,18.0,0.4,0.5,0.3,1018.5,1019.6,1021.38,1019.9,9.0,3.19,18.0,0.4,0.5,0.3,1.3,2.0,7.2,3.4,9.0,2.8,18.0,0.4,0.5,0.3,-69.5,-33.3,-0.3,-36.6,9.0,48.1,18.0,0.4,0.5,0.3,-9.6,0.2,26.5,2.7,9.0,30.7,18.0,0.4,0.5,0.3,-0.57,0.6,1.87,0.79,9.0,1.77,18.0,0.4,0.5,0.3,-4.5,1.5,14.0,3.0,9.0,12.6,18.0,0.4,0.5,0.3,3.6,4.26,5.3,4.55,9.0,1.01,18.0,0.4,0.5,0.3,13.8,31.1,43.3,28.6,9.0,15.1,18.0,0.4,0.5,0.3,-172.6,-107.4,-5.6,-93.2,9.0,97.4,18.0,0.4,0.5,0.3,-23.2,3.6,85.9,14.4,9.0,86.3,18.0,0.4,0.5,0.3,-98.7,-65.4,-3.1,-52.0,9.0,51.8,18.0,0.4,0.5,0.3,-13.4,2.0,50.8,9.0,9.0,47.0,18.0,0.4,0.5,0.3,-41.4,-16.0,-1.4,-20.4,9.0,20.2,18.0,0.4,0.5,0.3,-5.7,0.9,17.8,2.9,9.0,16.0,18.0,0.4,0.5,0.3,71.0,301.0,629.5,455.0,9.0,498.0,18.0,0.4,0.5,0.3,70.0,300.0,630.0,455.0,9.0,500.0,18.0,0.4,0.5,0.3
1974,2,213.0,26.0,21.1,21.55,22.27,21.67,22.0,0.74,14.0,0.5,0.6,0.5,19.5,20.6,21.0,20.35,22.0,1.72,14.0,0.5,0.6,0.5,9.5,10.55,12.14,10.59,22.0,1.67,14.0,0.5,0.6,0.5,62.4,73.9,81.3,72.1,22.0,11.1,14.0,0.5,0.5,6.2,7.7,9.97,8.0,22.0,2.26,14.0,0.5,0.6,0.5,-9.62,-7.15,-4.2,-6.46,22.0,3.29,14.0,0.5,0.6,0.5,-3.34,-0.67,4.76,0.08,22.0,4.2,14.0,0.5,0.6,0.5,1019.53,1021.95,1025.33,1022.18,22.0,2.58,14.0,0.5,0.6,0.5,2.0,4.0,6.0,4.2,20.0,2.1,14.0,0.6,0.6,0.5,-98.5,-51.4,-25.0,-57.2,22.0,36.8,14.0,0.5,0.6,0.5,-33.2,-3.1,33.7,-3.2,22.0,39.3,14.0,0.5,0.6,0.5,0.3,1.35,2.57,1.33,22.0,1.75,14.0,0.5,0.6,0.5,1.7,8.9,21.2,12.2,22.0,18.4,14.0,0.5,0.6,0.5,3.53,5.66,6.88,5.42,22.0,1.66,14.0,0.5,0.6,0.5,25.5,43.4,58.6,44.0,22.0,20.3,14.0,0.5,0.6,0.5,-195.6,-147.6,-86.6,-130.2,22.0,65.4,14.0,0.5,0.6,0.5,-68.5,-11.8,98.0,4.3,22.0,83.8,14.0,0.5,0.6,0.5,-94.8,-76.9,-49.3,-67.4,22.0,32.9,14.0,0.5,0.6,0.5,-31.2,-6.1,54.3,4.2,22.0,46.0,14.0,0.5,0.6,0.5,-57.9,-41.0,-14.5,-36.4,22.0,22.6,14.0,0.5,0.6,0.5,-18.7,-3.7,19.2,-2.8,22.0,23.1,14.0,0.5,0.6,0.5,248.0,456.5,997.0,629.5,22.0,499.5,14.0,0.5,0.6,0.5,250.0,455.0,995.0,630.0,22.0,500.0,14.0,0.5,0.6,0.5
1974,2,213.0,27.0,18.9,21.2,22.07,20.84,9.0,1.58,16.0,0.8,0.7,0.3,18.98,21.0,22.66,20.65,8.0,2.09,14.0,0.9,0.8,0.3,9.99,11.16,12.57,11.43,8.0,1.76,14.0,0.9,0.8,0.3,66.5,78.3,83.7,76.1,8.0,7.9,14.0,0.9,0.3,4.1,5.1,7.2,5.3,9.0,2.52,14.0,0.9,0.7,0.3,-6.93,-3.85,-0.24,-3.52,9.0,3.55,14.0,0.9,0.7,0.3,-3.1,-1.4,0.0,-1.25,9.0,3.11,14.0,0.9,0.7,0.3,1021.71,1022.4,1025.66,1023.03,9.0,2.47,14.0,0.9,0.7,0.3,1.3,3.0,7.5,3.8,9.0,2.9,14.0,0.9,0.7,0.3,-48.2,-22.5,-1.2,-24.4,9.0,26.1,14.0,0.9,0.7,0.3,-22.4,-5.7,0.0,-8.5,9.0,19.5,14.0,0.9,0.7,0.3,-1.04,0.25,2.31,0.15,8.0,2.36,14.0,0.9,0.8,0.3,-5.3,-0.9,10.6,-1.7,8.0,14.3,14.0,0.9,0.8,0.3,2.05,4.49,5.59,3.77,8.0,2.55,14.0,0.9,0.8,0.3,1.1,21.5,33.9,19.1,8.0,19.1,14.0,0.9,0.8,0.3,-161.3,-91.8,-22.9,-91.1,8.0,63.9,14.0,0.9,0.8,0.3,-63.1,-15.1,0.0,-19.1,8.0,62.1,14.0,0.9,0.8,0.3,-80.2,-47.5,-13.6,-49.6,8.0,35.7,14.0,0.9,0.8,0.3,-31.6,-7.3,0.0,-8.7,8.0,35.3,14.0,0.9,0.8,0.3,-33.5,-14.5,-0.2,-15.5,8.0,18.7,14.0,0.9,0.8,0.3,-15.7,-4.3,0.0,-6.1,8.0,10.6,14.0,0.9,0.8,0.3,69.0,132.5,373.0,227.5,9.0,208.5,14.0,0.9,0.7,0.3,70.0,135.0,375.0,225.0,9.0,210.0,14.0,0.9,0.7,0.3
1974,2,213.0,28.0,20.11,21.1,22.2,21.18,15.0,0.91,14.0,0.6,0.7,0.4,19.4,20.0,21.7,20.28,16.0,1.89,14.0,0.6,0.7,0.4,10.01,11.11,12.71,11.27,15.0,1.8,14.0,0.6,0.7,0.4,66.7,80.2,82.2,76.9,15.0,7.6,14.0,0.6,0.4,3.36,5.1,8.32,5.64,16.0,2.83,14.0,0.6,0.7,0.4,-6.42,-4.75,-0.29,-4.04,16.0,3.27,14.0,0.6,0.7,0.4,-2.29,1.74,3.59,0.59,16.0,3.68,14.0,0.6,0.7,0.4,1018.69,1020.75,1024.13,1021.49,16.0,2.97,14.0,0.6,0.7,0.4,2.0,4.0,6.0,3.7,15.0,2.3,14.0,0.5,0.6,0.4,-49.0,-24.4,-0.4,-28.6,16.0,32.1,14.0,0.6,0.7,0.4,-24.7,7.8,21.7,-1.1,16.0,28.1,14.0,0.6,0.7,0.4,-0.93,1.1,2.2,1.01,15.0,2.05,14.0,0.6,0.7,0.4,-3.2,5.1,18.4,7.7,15.0,12.7,14.0,0.6,0.7,0.4,2.49,4.3,5.82,4.27,15.0,2.06,14.0,0.6,0.7,0.4,8.3,21.4,39.6,24.1,15.0,18.5,14.0,0.6,0.7,0.4,-126.9,-88.3,-6.6,-81.3,16.0,67.8,14.0,0.6,0.7,0.4,-50.3,35.3,71.7,13.4,16.0,72.3,14.0,0.6,0.7,0.4,-58.8,-50.1,-2.4,-40.6,15.0,33.1,14.0,0.6,0.7,0.4,0.0,21.6,41.5,13.1,15.0,37.9,14.0,0.6,0.7,0.4,-37.5,-15.2,-0.1,-17.3,15.0,16.9,14.0,0.6,0.7,0.4,0.0,5.3,13.5,0.8,15.0,18.9,14.0,0.6,0.7,0.4,48.0,132.5,581.5,303.5,16.0,347.5,14.0,0.6,0.7,0.4,50.0,135.0,580.0,305.0,16.0,350.0,14.0,0.6,0.7,0.4
1974,2,213.0,29.0,19.0,20.0,21.0,20.23,13.0,0.96,14.0,0.7,0.6,0.5,18.71,19.85,20.97,19.86,14.0,1.63,14.0,0.7,0.6,0.5,8.61,10.7,13.06,11.06,13.0,2.25,14.0,0.7,0.6,0.5,68.8,76.2,87.2,77.2,13.0,9.1,14.0,0.7,0.5,3.6,4.6,10.24,6.17,14.0,3.64,14.0,0.7,0.6,0.5,-7.23,-3.83,0.0,-4.06,14.0,4.17,14.0,0.7,0.6,0.5,-1.04,1.03,5.75,1.78,14.0,3.97,14.0,0.7,0.6,0.5,1020.04,1024.75,1026.97,1023.89,14.0,3.13,14.0,0.7,0.6,0.5,3.0,6.0,8.0,5.3,13.0,2.1,14.0,0.7,0.6,0.5,-65.6,-16.5,0.0,-35.0,14.0,47.1,14.0,0.7,0.6,0.5,-3.6,4.2,43.8,14.2,14.0,39.3,14.0,0.7,0.6,0.5,-0.79,1.0,1.41,0.45,13.0,1.39,14.0,0.7,0.6,0.5,-5.8,4.1,7.5,2.6,13.0,8.5,14.0,0.7,0.6,0.5,2.15,3.87,5.4,3.56,13.0,1.81,14.0,0.7,0.6,0.5,8.3,13.9,41.8,22.0,13.0,21.7,14.0,0.7,0.6,0.5,-152.8,-76.5,0.0,-78.3,14.0,81.9,14.0,0.7,0.6,0.5,-24.9,20.5,113.3,37.1,14.0,80.9,14.0,0.7,0.6,0.5,-93.5,-53.0,0.0,-44.8,13.0,42.7,14.0,0.7,0.6,0.5,-16.9,0.0,40.5,14.1,13.0,33.9,14.0,0.7,0.6,0.5,-39.5,-9.9,-0.5,-18.8,13.0,21.6,14.0,0.7,0.6,0.5,-4.6,0.2,14.0,1.6,13.0,12.1,14.0,0.7,0.6,0.5,46.5,97.5,1074.5,476.5,14.0,639.0,14.0,0.7,0.6,0.5,45.0,95.0,1075.0,475.0,14.0,640.0,14.0,0.7,0.6,0.5
1974,2,213.0,30.0,15.79,18.4,19.21,17.8,6.0,1.92,12.0,0.7,0.5,0.5,16.45,18.15,19.43,18.1,6.0,1.94,12.0,0.7,0.5,0.5,8.47,9.23,10.42,9.48,6.0,1.86,12.0,0.7,0.5,0.5,65.5,72.4,82.8,73.7,6.0,8.3,12.0,0.7,0.5,5.35,7.7,11.49,8.58,6.0,5.32,12.0,0.7,0.5,0.5,-9.47,-4.24,2.49,-4.47,6.0,7.49,12.0,0.7,0.5,0.5,-6.79,-4.33,0.98,-3.21,6.0,4.92,12.0,0.7,0.5,0.5,1021.19,1022.35,1026.98,1023.58,6.0,3.35,12.0,0.7,0.5,0.5,2.3,3.0,6.4,4.0,5.0,2.4,10.0,0.6,0.5,0.5,-114.9,-33.6,8.6,-68.0,6.0,120.1,12.0,0.7,0.5,0.5,-94.5,-33.3,6.1,-39.7,6.0,53.1,12.0,0.7,0.5,0.5,-2.29,-0.15,1.62,-0.3,6.0,1.99,12.0,0.7,0.5,0.5,-31.1,-0.8,5.2,-8.8,6.0,20.1,12.0,0.7,0.5,0.5,2.03,3.33,3.91,3.12,6.0,1.49,12.0,0.7,0.5,0.5,14.2,22.4,24.0,20.4,6.0,6.2,12.0,0.7,0.5,0.5,-180.1,-71.6,44.6,-88.1,6.0,151.7,12.0,0.7,0.5,0.5,-139.2,-72.1,16.4,-61.6,6.0,91.0,12.0,0.7,0.5,0.5,-100.6,-32.8,23.2,-48.9,6.0,90.7,12.0,0.7,0.5,0.5,-79.0,-35.5,9.6,-30.7,6.0,48.7,12.0,0.7,0.5,0.5,-19.0,-10.9,11.8,-6.4,6.0,15.8,12.0,0.7,0.5,0.5,-16.2,-9.6,3.5,-6.5,6.0,13.7,12.0,0.7,0.5,0.5,191.0,479.5,1951.0,1330.0,6.0,2230.0,12.0,0.7,0.5,0.5,190.0,480.0,1950.0,1330.0,6.0,2230.0,12.0,0.7,0.5,0.5
1974,2,213.0,31.0,17.71,18.0,19.7,18.43,10.0,1.23,16.0,0.6,0.5,0.3,15.22,17.8,20.62,17.87,15.0,2.43,18.0,0.5,0.6,0.4,8.29,10.86,11.85,10.24,12.0,1.67,20.0,0.4,0.6,0.4,69.5,83.3,88.5,80.1,12.0,9.4,20.0,0.4,0.4,4.1,7.2,11.11,7.57,15.0,4.36,18.0,0.5,0.6,0.4,-7.0,-2.05,2.65,-2.02,15.0,5.05,18.0,0.5,0.6,0.4,-3.36,3.1,5.52,1.16,15.0,7.01,18.0,0.5,0.6,0.4,1019.61,1023.2,1027.78,1023.43,15.0,4.33,18.0,0.5,0.6,0.4,5.0,7.0,8.0,6.3,14.0,2.2,18.0,0.5,0.6,0.3,-51.8,-10.8,19.5,-18.3,15.0,60.9,18.0,0.5,0.6,0.4,-15.5,12.9,47.4,4.7,15.0,95.3,18.0,0.5,0.6,0.4,-1.57,-0.2,2.0,0.09,10.0,2.1,16.0,0.6,0.5,0.3,-11.2,-1.9,21.5,6.2,10.0,25.4,16.0,0.6,0.5,0.3,1.08,2.37,4.65,2.67,8.0,1.71,16.0,0.6,0.6,0.3,7.9,11.9,38.9,22.3,8.0,23.7,16.0,0.6,0.6,0.3,-121.9,-36.5,55.1,-32.2,15.0,84.2,18.0,0.5,0.6,0.4,-50.5,50.3,106.1,23.6,15.0,117.6,18.0,0.5,0.6,0.4,-61.1,-19.7,31.5,-11.4,12.0,48.8,20.0,0.4,0.6,0.4,-56.5,11.8,62.9,2.5,12.0,67.4,20.0,0.4,0.6,0.4,-5.1,1.7,13.6,4.8,8.0,10.9,16.0,0.6,0.6,0.3,-14.9,5.5,7.3,-4.0,8.0,31.1,16.0,0.6,0.6,0.3,69.0,373.0,1424.5,902.0,15.0,1453.0,18.0,0.5,0.6,0.4,70.0,375.0,1425.0,900.0,15.0,1455.0,18.0,0.5,0.6,0.4
1974,2,213.0,32.0,16.18,16.85,17.45,17.03,6.0,1.13,14.0,0.3,0.8,0.5,13.75,17.5,18.42,16.45,6.0,2.45,14.0,0.3,0.8,0.5,8.09,9.2,12.04,9.77,5.0,2.38,14.0,0.4,0.8,0.5,69.9,76.3,92.0,79.8,5.0,12.2,14.0,0.4,0.5,5.1,6.65,11.89,8.63,6.0,5.06,14.0,0.3,0.8,0.5,-2.0,1.64,8.1,2.75,6.0,6.92,14.0,0.3,0.8,0.5,-6.57,-0.56,5.68,-0.83,6.0,7.57,14.0,0.3,0.8,0.5,1019.15,1023.25,1027.76,1023.02,6.0,4.64,14.0,0.3,0.8,0.5,4.0,7.5,8.0,6.0,6.0,3.2,14.0,0.3,0.8,0.5,-14.2,8.4,105.4,46.2,6.0,106.2,14.0,0.3,0.8,0.5,-77.3,-2.8,37.4,-25.0,6.0,99.8,14.0,0.3,0.8,0.5,-1.54,0.6,2.37,0.58,6.0,2.03,14.0,0.3,0.8,0.5,-9.7,3.1,29.9,7.8,6.0,21.2,14.0,0.3,0.8,0.5,-0.19,2.83,4.64,2.34,5.0,2.51,14.0,0.4,0.8,0.5,-2.0,14.4,46.7,24.0,5.0,37.5,14.0,0.4,0.8,0.5,-29.6,29.5,136.5,46.2,6.0,99.5,14.0,0.3,0.8,0.5,-107.2,1.4,98.8,-3.4,6.0,120.7,14.0,0.3,0.8,0.5,-3.9,30.2,83.8,37.8,5.0,45.5,14.0,0.4,0.8,0.5,-65.3,35.9,64.4,8.8,5.0,73.3,14.0,0.4,0.8,0.5,-1.3,0.0,34.0,15.7,5.0,29.7,14.0,0.4,0.8,0.5,-23.3,0.0,15.6,-5.7,5.0,29.8,14.0,0.4,0.8,0.5,132.5,342.0,2071.5,1312.5,6.0,2246.5,14.0,0.3,0.8,0.5,135.0,340.0,2070.0,1310.0,6.0,2245.0,14.0,0.3,0.8,0.5
1974,2,213.0,33.0,15.45,17.0,18.91,17.06,13.0,1.68,12.0,0.7,0.6,0.5,15.45,16.0,18.04,16.71,13.0,1.78,10.0,0.7,0.6,0.5,7.18,10.19,11.18,9.46,13.0,1.92,10.0,0.7,0.6,0.5,67.1,80.2,91.2,80.3,13.0,12.2,10.0,0.7,0.5,5.14,8.45,10.77,8.27,14.0,3.12,12.0,0.7,0.6,0.5,-4.27,-0.94,6.48,0.04,14.0,4.67,12.0,0.7,0.6,0.5,-9.2,-3.14,7.79,-1.49,14.0,7.7,12.0,0.7,0.6,0.5,1020.19,1024.6,1026.09,1023.44,14.0,3.67,12.0,0.7,0.6,0.5,3.0,7.0,8.0,6.3,13.0,2.2,10.0,0.7,0.6,0.5,-24.8,-3.1,72.0,4.7,14.0,48.5,12.0,0.7,0.6,0.5,-85.0,-13.6,78.8,-15.0,14.0,82.4,12.0,0.7,0.6,0.5,-0.63,1.35,2.25,0.93,12.0,1.62,10.0,0.7,0.6,0.5,-3.7,8.0,19.7,7.7,12.0,14.4,10.0,0.7,0.6,0.5,1.33,2.65,4.29,2.85,12.0,1.56,10.0,0.7,0.6,0.5,7.6,16.8,43.1,23.6,12.0,17.2,10.0,0.7,0.6,0.5,-76.3,-31.9,54.4,-7.4,13.0,74.9,10.0,0.7,0.6,0.5,-131.7,-38.0,128.0,-8.3,13.0,123.2,10.0,0.7,0.6,0.5,-48.4,-17.8,28.5,-6.8,13.0,43.8,10.0,0.7,0.6,0.5,-59.2,-21.2,86.6,3.8,13.0,69.7,10.0,0.7,0.6,0.5,-13.5,-2.2,7.1,-2.1,12.0,12.3,10.0,0.7,0.6,0.5,-37.1,-1.8,14.3,-6.7,12.0,26.4,10.0,0.7,0.6,0.5,136.0,605.0,1249.0,795.5,14.0,783.5,12.0,0.7,0.6,0.5,135.0,605.0,1250.0,795.0,14.0,785.0,12.0,0.7,0.6,0.5
1974,2,213.0,34.0,15.0,16.75,19.02,16.98,6.0,1.9,18.0,0.7,0.7,0.3,11.83,14.45,16.44,14.23,6.0,2.32,18.0,0.7,0.7,0.3,5.48,6.97,10.63,7.59,6.0,2.64,18.0,0.7,0.7,0.3,59.3,72.6,90.6,74.2,6.0,15.6,18.0,0.7,0.3,5.1,8.5,10.3,7.97,6.0,2.42,18.0,0.7,0.7,0.3,-2.98,1.34,2.82,0.27,6.0,3.19,18.0,0.7,0.7,0.3,-7.84,-4.72,8.39,-1.51,6.0,8.3,18.0,0.7,0.7,0.3,1025.27,1028.25,1030.77,1027.73,6.0,3.85,18.0,0.7,0.7,0.3,3.0,6.0,8.0,5.7,6.0,2.3,18.0,0.7,0.7,0.3,-19.2,11.5,23.6,3.9,6.0,28.4,18.0,0.7,0.7,0.3,-65.8,-24.1,80.0,-5.6,6.0,78.2,18.0,0.7,0.7,0.3,0.4,2.65,3.97,2.75,6.0,2.73,18.0,0.7,0.7,0.3,3.7,20.5,35.1,22.3,6.0,21.4,18.0,0.7,0.7,0.3,2.05,3.96,6.42,4.32,6.0,2.77,18.0,0.7,0.7,0.3,11.4,28.7,61.4,34.5,6.0,24.4,18.0,0.7,0.7,0.3,-39.9,19.1,35.8,3.5,6.0,48.7,18.0,0.7,0.7,0.3,-93.4,-64.2,138.1,-9.1,6.0,125.5,18.0,0.7,0.7,0.3,-21.8,8.8,17.2,0.4,6.0,29.6,18.0,0.7,0.7,0.3,-44.6,-29.1,89.6,5.1,6.0,70.2,18.0,0.7,0.7,0.3,-6.5,6.2,13.9,5.0,6.0,12.6,18.0,0.7,0.7,0.3,-59.8,-16.1,13.4,-19.1,6.0,37.4,18.0,0.7,0.7,0.3,132.5,630.5,1092.5,618.5,6.0,443.5,18.0,0.7,0.7,0.3,135.0,630.0,1095.0,620.0,6.0,445.0,18.0,0.7,0.7,0.3
1974,2,213.0,35.0,14.17,14.75,16.14,15.24,10.0,1.57,18.0,0.4,0.7,0.3,14.75,15.5,17.0,15.42,11.0,2.07,18.0,0.5,0.7,0.3,7.35,9.88,10.3,9.04,11.0,2.09,18.0,0.5,0.7,0.3,74.6,85.1,91.9,82.5,11.0,13.2,18.0,0.5,0.3,7.7,8.7,9.8,8.95,11.0,2.1,18.0,0.5,0.7,0.3,-3.55,2.63,5.33,1.18,11.0,4.68,18.0,0.5,0.7,0.3,5.14,6.66,9.33,6.26,11.0,5.11,18.0,0.5,0.7,0.3,1015.05,1022.8,1026.24,1021.27,11.0,5.88,18.0,0.5,0.7,0.3,6.6,8.0,8.0,7.2,11.0,1.8,18.0,0.5,0.7,0.3,-27.8,20.3,47.9,11.4,11.0,44.1,18.0,0.5,0.7,0.3,37.3,58.0,87.2,61.8,11.0,59.1,18.0,0.5,0.7,0.3,-1.29,-0.35,2.0,-0.02,10.0,2.22,18.0,0.4,0.7,0.3,-10.8,-4.4,17.7,-0.9,10.0,18.7,18.0,0.4,0.7,0.3,0.16,1.27,3.87,1.75,10.0,1.91,18.0,0.4,0.7,0.3,1.8,10.8,26.5,13.6,10.0,13.6,18.0,0.4,0.7,0.3,-59.5,26.3,83.4,16.0,11.0,74.9,18.0,0.5,0.7,0.3,77.5,106.7,152.4,104.1,11.0,70.8,18.0,0.5,0.7,0.3,-30.0,12.9,52.5,11.3,11.0,45.8,18.0,0.5,0.7,0.3,38.2,66.8,90.2,63.3,11.0,44.2,18.0,0.5,0.7,0.3,-2.0,1.8,11.9,3.9,10.0,8.1,18.0,0.4,0.7,0.3,-1.4,5.4,16.1,4.5,10.0,16.8,18.0,0.4,0.7,0.3,456.5,658.5,941.0,838.0,11.0,745.5,18.0,0.5,0.7,0.3,455.0,660.0,940.0,840.0,11.0,745.0,18.0,0.5,0.7,0.3
1974,2,213.0,36.0,14.92,16.0,17.81,16.35,4.0,1.96,20.0,0.8,0.5,0.4,10.79,15.0,16.1,14.1,6.0,3.02,16.0,0.7,0.6,0.5,5.52,7.61,10.25,7.87,4.0,2.77,20.0,0.8,0.5,0.4,71.1,83.2,95.3,83.2,4.0,14.8,20.0,0.8,0.4,6.99,7.45,9.82,8.23,6.0,2.02,16.0,0.7,0.6,0.5,-4.12,4.43,8.26,2.89,6.0,5.99,16.0,0.7,0.6,0.5,-4.42,4.7,5.87,1.83,6.0,5.96,16.0,0.7,0.6,0.5,1019.17,1022.0,1024.41,1021.67,6.0,3.5,16.0,0.7,0.6,0.5,5.8,8.0,8.0,7.2,6.0,1.3,16.0,0.7,0.6,0.5,-26.5,32.6,81.5,31.5,6.0,55.1,16.0,0.7,0.6,0.5,-39.0,34.6,45.8,8.8,6.0,55.9,16.0,0.7,0.6,0.5,0.09,3.5,6.81,3.45,4.0,4.1,20.0,0.8,0.5,0.4,1.8,35.8,61.4,31.8,4.0,35.4,20.0,0.8,0.5,0.4,0.58,3.6,6.69,3.63,4.0,3.86,20.0,0.8,0.5,0.4,6.1,39.2,59.4,33.0,4.0,32.2,20.0,0.8,0.5,0.4,-69.9,54.8,96.7,30.0,6.0,82.1,16.0,0.7,0.6,0.5,-47.1,76.2,91.1,39.2,6.0,77.3,16.0,0.7,0.6,0.5,30.9,42.5,64.7,47.6,4.0,21.7,20.0,0.8,0.5,0.4,-31.9,12.5,62.4,15.2,4.0,56.4,20.0,0.8,0.5,0.4,7.0,31.5,48.5,27.9,4.0,25.0,20.0,0.8,0.5,0.4,-34.2,-17.6,2.3,-16.0,4.0,22.0,20.0,0.8,0.5,0.4,345.5,415.0,977.5,648.0,6.0,523.5,16.0,0.7,0.6,0.5,345.0,415.0,980.0,650.0,6.0,525.0,16.0,0.7,0.6,0.5
1974,2,213.0,37.0,14.0,14.0,14.0,14.0,1.0,0.0,12.0,1.0,0.3,0.3,14.0,14.0,14.0,14.0,2.0,0.0,14.0,0.5,0.4,0.2,7.48,7.48,7.48,7.48,1.0,0.0,12.0,1.0,0.3,0.3,76.3,76.3,76.3,76.3,1.0,0.0,12.0,1.0,0.3,5.73,9.25,12.77,9.25,2.0,7.28,14.0,0.5,0.4,0.2,4.5,8.52,12.53,8.52,2.0,8.32,14.0,0.5,0.4,0.2,-2.64,-1.57,-0.5,-1.57,2.0,2.22,14.0,0.5,0.4,0.2,1019.7,1021.2,1022.7,1021.2,2.0,3.11,14.0,0.5,0.4,0.2,3.6,5.0,6.4,5.0,2.0,2.8,14.0,0.5,0.4,0.2,42.0,109.1,176.2,109.1,2.0,139.0,14.0,0.5,0.4,0.2,-10.8,-6.4,-2.0,-6.4,2.0,9.1,14.0,0.5,0.4,0.2,0.0,0.0,0.0,0.0,1.0,0.0,12.0,1.0,0.3,0.3,0.0,0.0,0.0,0.0,1.0,0.0,12.0,1.0,0.3,0.3,2.34,2.34,2.34,2.34,1.0,0.0,12.0,1.0,0.3,0.3,9.6,9.6,9.6,9.6,1.0,0.0,12.0,1.0,0.3,0.3,63.0,119.2,175.5,119.2,2.0,116.5,14.0,0.5,0.4,0.2,-37.0,-22.0,-7.0,-22.0,2.0,31.1,14.0,0.5,0.4,0.2,19.7,19.7,19.7,19.7,1.0,0.0,12.0,1.0,0.3,0.3,-23.5,-23.5,-23.5,-23.5,1.0,0.0,12.0,1.0,0.3,0.3,6.2,6.2,6.2,6.2,1.0,0.0,12.0,1.0,0.3,0.3,-7.3,-7.3,-7.3,-7.3,1.0,0.0,12.0,1.0,0.3,0.3,532.0,1527.5,2523.0,1527.5,2.0,2062.5,14.0,0.5,0.4,0.2,530.0,1525.0,2525.0,1525.0,2.0,2065.0,14.0,0.5,0.4,0.2
1974,2,213.0,38.0,13.19,14.2,15.41,14.4,5.0,1.58,14.0,0.2,0.5,0.4,12.0,13.0,14.12,12.96,5.0,1.49,14.0,0.2,0.5,0.4,6.55,8.01,9.0,7.79,4.0,1.84,14.0,0.3,0.5,0.4,73.9,83.0,93.3,83.6,4.0,13.2,14.0,0.3,0.4,6.02,9.8,11.25,8.76,5.0,3.67,14.0,0.2,0.5,0.4,3.14,7.51,10.3,6.82,5.0,4.73,14.0,0.2,0.5,0.4,-3.85,-2.24,6.04,0.34,5.0,5.36,14.0,0.2,0.5,0.4,1010.79,1018.8,1020.97,1016.74,5.0,5.91,14.0,0.2,0.5,0.4,5.0,6.0,6.7,6.0,5.0,1.2,14.0,0.2,0.5,0.4,24.2,73.6,118.2,73.5,5.0,61.6,14.0,0.2,0.5,0.4,-37.7,-9.6,51.4,3.1,5.0,48.9,14.0,0.2,0.5,0.4,-0.11,0.6,3.25,1.44,5.0,1.94,14.0,0.2,0.5,0.4,-0.3,4.6,32.7,14.5,5.0,18.9,14.0,0.2,0.5,0.4,1.08,2.94,4.1,2.61,4.0,1.82,14.0,0.3,0.5,0.4,4.3,23.3,41.2,22.8,4.0,21.3,14.0,0.3,0.5,0.4,43.7,94.6,121.3,84.9,5.0,59.4,14.0,0.2,0.5,0.4,-48.5,-29.1,81.1,6.8,5.0,68.6,14.0,0.2,0.5,0.4,22.7,48.0,54.1,38.8,4.0,26.4,14.0,0.3,0.5,0.4,-26.4,12.2,53.9,13.7,4.0,46.3,14.0,0.3,0.5,0.4,0.9,16.6,33.7,17.3,4.0,19.0,14.0,0.3,0.5,0.4,-13.6,-1.7,14.9,0.5,4.0,19.7,14.0,0.3,0.5,0.4,300.5,941.0,1477.5,933.5,5.0,797.0,14.0,0.2,0.5,0.4,300.0,940.0,1480.0,935.0,5.0,795.0,14.0,0.2,0.5,0.4
1974,2,213.0,39.0,11.28,12.2,14.08,12.55,6.0,1.35,14.0,0.7,0.6,0.5,8.51,10.8,14.0,11.02,6.0,2.6,14.0,0.7,0.6,0.5,4.84,6.3,9.47,6.89,6.0,2.29,14.0,0.7,0.6,0.5,69.5,82.5,96.0,82.8,6.0,14.7,14.0,0.7,0.5,8.43,11.6,14.94,11.5,6.0,4.19,14.0,0.7,0.6,0.5,4.14,9.7,13.75,9.28,6.0,5.52,14.0,0.7,0.6,0.5,-0.37,0.87,9.55,3.36,6.0,5.37,14.0,0.7,0.6,0.5,1015.96,1022.1,1027.43,1021.78,6.0,5.85,14.0,0.7,0.6,0.5,5.0,7.0,8.0,6.2,6.0,2.7,14.0,0.7,0.6,0.5,22.5,118.9,191.7,122.1,6.0,101.3,14.0,0.7,0.6,0.5,-3.8,4.4,100.4,39.1,6.0,68.9,14.0,0.7,0.6,0.5,-0.37,0.9,3.43,1.53,6.0,2.9,14.0,0.7,0.6,0.5,-3.5,5.8,40.7,16.1,6.0,30.2,14.0,0.7,0.6,0.5,0.17,2.13,3.81,2.07,6.0,2.28,14.0,0.7,0.6,0.5,3.7,25.6,49.4,25.2,6.0,27.1,14.0,0.7,0.6,0.5,45.0,95.7,141.4,96.9,6.0,59.0,14.0,0.7,0.6,0.5,-2.9,9.2,133.6,47.9,6.0,73.6,14.0,0.7,0.6,0.5,30.9,55.1,87.6,56.4,6.0,29.5,14.0,0.7,0.6,0.5,-1.7,6.3,92.7,32.9,6.0,50.0,14.0,0.7,0.6,0.5,3.3,25.4,49.3,26.0,6.0,25.3,14.0,0.7,0.6,0.5,-9.7,0.0,3.1,-1.9,6.0,6.4,14.0,0.7,0.6,0.5,665.5,1619.5,3384.0,2012.5,6.0,1744.5,14.0,0.7,0.6,0.5,665.0,1620.0,3385.0,2015.0,6.0,1745.0,14.0,0.7,0.6,0.5
1974,2,213.0,40.0,12.1,12.3,13.8,12.93,3.0,1.37,10.0,0.0,0.7,0.2,10.06,12.5,13.21,11.68,4.0,2.33,14.0,0.0,0.6,0.3,5.98,7.78,8.53,7.28,4.0,1.69,14.0,0.0,0.6,0.3,77.4,85.3,90.8,84.1,4.0,9.0,14.0,0.0,0.3,9.94,11.8,13.92,11.93,4.0,2.77,14.0,0.0,0.6,0.3,-0.68,7.4,9.77,4.67,4.0,8.64,14.0,0.0,0.6,0.3,-7.26,2.15,9.06,0.96,4.0,9.61,14.0,0.0,0.6,0.3,1000.59,1012.5,1024.62,1012.6,4.0,13.9,14.0,0.0,0.6,0.3,5.0,7.0,7.7,6.3,3.0,2.1,16.0,0.0,0.7,0.3,-19.7,73.8,134.3,58.0,4.0,115.5,14.0,0.0,0.6,0.3,-97.9,30.0,107.3,5.9,4.0,125.9,14.0,0.0,0.6,0.3,-0.75,0.0,1.02,0.13,3.0,1.31,10.0,0.0,0.7,0.2,-8.5,0.0,12.6,2.0,3.0,15.5,10.0,0.0,0.7,0.2,0.82,1.47,1.51,1.17,3.0,0.57,10.0,0.0,0.7,0.2,8.1,12.8,16.9,12.5,3.0,6.5,10.0,0.0,0.7,0.2,-10.8,93.9,97.6,45.7,4.0,99.1,14.0,0.0,0.6,0.3,-67.9,31.9,119.4,26.0,4.0,108.4,14.0,0.0,0.6,0.3,-10.1,56.0,60.0,26.3,4.0,63.0,14.0,0.0,0.6,0.3,-40.4,21.1,77.3,18.5,4.0,68.1,14.0,0.0,0.6,0.3,-7.1,3.8,8.7,0.9,3.0,11.9,10.0,0.0,0.7,0.2,-2.9,4.5,11.3,4.2,3.0,10.4,10.0,0.0,0.7,0.2,1032.0,1652.0,2799.5,1903.5,4.0,1268.0,14.0,0.0,0.6,0.3,1030.0,1650.0,2800.0,1905.0,4.0,1270.0,14.0,0.0,0.6,0.3
1974,2,213.0,41.0,9.98,11.0,12.37,11.17,3.0,1.76,18.0,1.0,0.6,0.6,7.59,11.0,11.34,9.5,3.0,3.04,18.0,1.0,0.6,0.6,4.52,6.68,6.86,5.71,3.0,1.91,18.0,1.0,0.6,0.6,67.8,82.9,82.9,75.5,3.0,12.8,18.0,1.0,0.6,11.28,12.3,17.97,14.57,3.0,5.28,18.0,1.0,0.6,0.6,2.63,8.27,9.66,6.19,3.0,5.46,18.0,1.0,0.6,0.6,-9.97,6.94,10.6,0.47,3.0,16.08,18.0,1.0,0.6,0.6,1014.11,1016.5,1019.57,1016.83,3.0,4.01,18.0,1.0,0.6,0.6,6.0,8.0,8.0,7.0,3.0,1.7,18.0,1.0,0.6,0.6,28.4,89.4,173.2,100.5,3.0,106.5,18.0,1.0,0.6,0.6,-227.1,75.0,127.1,-47.1,3.0,280.1,18.0,1.0,0.6,0.6,0.48,1.5,2.87,1.67,3.0,1.76,18.0,1.0,0.6,0.6,5.1,16.2,54.4,29.4,3.0,37.8,18.0,1.0,0.6,0.6,1.68,2.31,3.35,2.51,3.0,1.24,18.0,1.0,0.6,0.6,19.6,25.0,61.9,40.4,3.0,33.8,18.0,1.0,0.6,0.6,19.6,61.8,84.6,52.3,3.0,48.3,18.0,1.0,0.6,0.6,-47.7,79.8,117.7,36.0,3.0,127.0,18.0,1.0,0.6,0.6,11.5,36.2,50.7,31.2,3.0,29.0,18.0,1.0,0.6,0.6,-27.5,48.2,71.4,22.6,3.0,75.7,18.0,1.0,0.6,0.6,6.1,19.1,33.1,19.6,3.0,19.8,18.0,1.0,0.6,0.6,-41.7,16.0,16.8,-11.8,3.0,49.1,18.0,1.0,0.6,0.6,1450.5,1861.0,6558.0,3954.0,3.0,4157.0,18.0,1.0,0.6,0.6,1450.0,1860.0,6560.0,3955.0,3.0,4155.0,18.0,1.0,0.6,0.6
1974,2,213.0,42.0,8.31,9.4,10.49,9.4,2.0,2.26,8.0,1.0,0.2,0.5,11.1,11.1,11.1,11.1,1.0,0.0,2.0,1.0,0.3,0.2,7.08,7.08,7.08,7.08,1.0,0.0,2.0,1.0,0.3,0.2,86.9,86.9,86.9,86.9,1.0,0.0,2.0,1.0,0.2,6.08,8.2,9.63,7.87,3.0,2.62,14.0,1.0,0.5,0.6,-0.99,5.27,6.19,2.66,3.0,5.73,14.0,1.0,0.5,0.6,-0.24,6.28,7.38,3.63,3.0,6.04,14.0,1.0,0.5,0.6,1005.59,1013.3,1015.83,1010.77,3.0,7.81,14.0,1.0,0.5,0.6,6.2,6.5,6.8,6.5,2.0,0.7,14.0,1.0,0.6,0.5,0.1,43.2,60.3,30.5,3.0,45.4,14.0,1.0,0.5,0.6,4.9,51.5,71.8,38.7,3.0,50.2,14.0,1.0,0.5,0.6,-3.3,-3.3,-3.3,-3.3,1.0,0.0,2.0,1.0,0.3,0.2,-34.0,-34.0,-34.0,-34.0,1.0,0.0,2.0,1.0,0.3,0.2,-0.56,-0.56,-0.56,-0.56,1.0,0.0,2.0,1.0,0.3,0.2,-5.7,-5.7,-5.7,-5.7,1.0,0.0,2.0,1.0,0.3,0.2,73.5,73.5,73.5,73.5,1.0,0.0,2.0,1.0,0.3,0.2,87.6,87.6,87.6,87.6,1.0,0.0,2.0,1.0,0.3,0.2,46.9,46.9,46.9,46.9,1.0,0.0,2.0,1.0,0.3,0.2,55.9,55.9,55.9,55.9,1.0,0.0,2.0,1.0,0.3,0.2,-3.7,-3.7,-3.7,-3.7,1.0,0.0,2.0,1.0,0.3,0.2,-4.4,-4.4,-4.4,-4.4,1.0,0.0,2.0,1.0,0.3,0.2,265.5,551.5,921.0,592.0,3.0,481.5,14.0,1.0,0.5,0.6,265.0,550.0,920.0,590.0,3.0,480.0,14.0,1.0,0.5,0.6
1974,2,213.0,43.0,8.0,8.0,8.0,8.0,1.0,0.0,12.0,1.0,0.1,0.6,10.79,12.5,14.21,12.5,2.0,3.54,6.0,1.0,0.4,0.6,6.4,6.4,6.4,6.4,1.0,0.0,12.0,1.0,0.1,0.6,61.2,61.2,61.2,61.2,1.0,0.0,12.0,1.0,0.6,9.18,12.35,15.52,12.35,2.0,6.58,6.0,1.0,0.4,0.6,8.54,10.36,12.18,10.36,2.0,3.76,6.0,1.0,0.4,0.6,1.73,5.46,9.19,5.46,2.0,7.73,6.0,1.0,0.4,0.6,1018.79,1020.5,1022.21,1020.5,2.0,3.54,6.0,1.0,0.4,0.6,6.3,7.0,7.7,7.0,2.0,1.4,6.0,1.0,0.4,0.6,85.0,140.3,195.7,140.3,2.0,114.6,6.0,1.0,0.4,0.6,29.5,92.9,156.3,92.9,2.0,131.4,6.0,1.0,0.4,0.6,-7.0,-7.0,-7.0,-7.0,1.0,0.0,12.0,1.0,0.1,0.6,-53.9,-53.9,-53.9,-53.9,1.0,0.0,12.0,1.0,0.1,0.6,0.18,0.18,0.18,0.18,1.0,0.0,12.0,1.0,0.1,0.6,1.4,1.4,1.4,1.4,1.0,0.0,12.0,1.0,0.1,0.6,117.8,122.9,127.9,122.9,2.0,10.4,6.0,1.0,0.4,0.6,17.3,54.6,91.9,54.6,2.0,77.3,6.0,1.0,0.4,0.6,49.3,49.3,49.3,49.3,1.0,0.0,12.0,1.0,0.1,0.6,0.0,0.0,0.0,0.0,1.0,0.0,12.0,1.0,0.1,0.6,1.4,1.4,1.4,1.4,1.0,0.0,12.0,1.0,0.1,0.6,0.0,0.0,0.0,0.0,1.0,0.0,12.0,1.0,0.1,0.6,1164.0,2685.0,4206.0,2685.0,2.0,3151.0,6.0,1.0,0.4,0.6,1165.0,2685.0,4205.0,2685.0,2.0,3150.0,6.0,1.0,0.4,0.6
1974,2,213.0,44.0,8.48,9.0,9.26,8.88,4.0,0.63,18.0,0.5,0.5,0.7,6.73,9.0,10.78,8.76,5.0,3.22,18.0,0.4,0.6,0.7,4.38,4.84,5.28,4.83,4.0,0.52,18.0,0.3,0.6,0.7,67.8,72.7,80.2,74.0,4.0,8.3,18.0,0.3,0.7,8.49,10.3,12.84,10.7,6.0,2.61,18.0,0.5,0.5,0.7,7.49,9.32,11.44,9.33,6.0,2.02,18.0,0.5,0.5,0.7,-1.98,3.95,5.04,1.47,6.0,5.75,18.0,0.5,0.5,0.7,1001.3,1008.5,1012.68,1008.72,6.0,8.01,18.0,0.5,0.5,0.7,1.8,7.5,8.0,5.7,6.0,3.3,18.0,0.5,0.5,0.7,59.0,96.4,147.9,103.7,6.0,45.6,18.0,0.5,0.5,0.7,-29.5,44.0,49.3,7.6,6.0,76.1,18.0,0.5,0.5,0.7,-0.18,0.5,3.57,1.67,3.0,2.93,18.0,0.3,0.7,0.7,-1.4,4.9,52.4,25.0,3.0,43.1,18.0,0.3,0.7,0.7,1.97,2.04,2.59,2.27,3.0,0.5,18.0,0.3,0.7,0.7,17.9,20.0,35.3,26.4,3.0,13.9,18.0,0.3,0.7,0.7,56.9,76.4,109.1,82.6,5.0,33.1,18.0,0.4,0.6,0.7,8.2,44.1,49.9,28.4,5.0,37.9,18.0,0.4,0.6,0.7,39.7,47.1,50.4,45.2,4.0,7.5,18.0,0.3,0.6,0.7,-12.5,22.5,27.7,8.3,4.0,33.2,18.0,0.3,0.6,0.7,14.3,17.3,27.6,20.9,3.0,10.2,18.0,0.3,0.7,0.7,-15.4,10.0,10.6,-2.1,3.0,21.7,18.0,0.3,0.7,0.7,617.0,1100.5,2159.5,1414.0,6.0,1051.0,18.0,0.5,0.5,0.7,615.0,1100.0,2160.0,1415.0,6.0,1050.0,18.0,0.5,0.5,0.7
1974,2,213.0,45.0,4.95,6.75,7.76,6.38,4.0,1.8,20.0,0.5,0.2,0.5,5.59,6.5,8.0,6.5,6.0,1.52,16.0,0.5,0.4,0.5,3.67,4.15,4.81,4.24,4.0,0.7,20.0,0.5,0.2,0.5,63.4,74.6,83.1,73.3,4.0,12.8,20.0,0.5,0.5,5.1,9.75,15.23,10.18,6.0,4.95,16.0,0.5,0.4,0.5,-0.99,7.51,11.46,5.7,6.0,7.06,16.0,0.5,0.4,0.5,-7.5,-1.15,4.63,-0.38,6.0,7.74,16.0,0.5,0.4,0.5,1007.36,1016.0,1028.0,1016.58,6.0,10.92,16.0,0.5,0.4,0.5,2.8,3.5,6.4,4.3,6.0,2.3,16.0,0.5,0.4,0.5,-5.0,76.7,178.6,82.7,6.0,94.6,16.0,0.5,0.4,0.5,-70.0,-19.4,53.4,2.1,6.0,111.2,16.0,0.5,0.4,0.5,-1.05,0.75,1.76,0.38,4.0,1.8,20.0,0.5,0.2,0.5,-17.3,7.7,19.0,1.2,4.0,24.6,20.0,0.5,0.2,0.5,1.56,1.73,1.93,1.75,4.0,0.23,20.0,0.5,0.2,0.5,15.0,22.6,30.5,22.7,4.0,9.4,20.0,0.5,0.2,0.5,-7.9,37.6,79.0,33.2,6.0,46.8,16.0,0.5,0.4,0.5,-45.0,-1.1,35.0,4.3,6.0,54.8,16.0,0.5,0.4,0.5,18.7,39.8,49.7,34.5,4.0,24.6,20.0,0.5,0.2,0.5,-36.5,-24.0,18.3,-9.8,4.0,39.9,20.0,0.5,0.2,0.5,7.9,19.0,22.6,15.4,4.0,10.7,20.0,0.5,0.2,0.5,-13.2,-9.3,10.5,-1.7,4.0,18.4,20.0,0.5,0.2,0.5,132.5,1050.0,3552.5,1694.0,6.0,1835.5,16.0,0.5,0.4,0.5,135.0,1050.0,3550.0,1695.0,6.0,1835.0,16.0,0.5,0.4,0.5
1974,2,213.0,46.0,5.48,6.25,6.76,6.13,4.0,0.85,24.0,0.8,0.3,0.6,2.9,6.0,9.1,6.0,6.0,3.18,20.0,0.8,0.3,0.5,3.72,4.53,5.19,4.46,4.0,0.87,24.0,0.8,0.3,0.6,73.1,80.1,92.5,82.7,4.0,12.9,24.0,0.8,0.6,12.36,13.9,15.4,13.63,6.0,2.0,20.0,0.8,0.3,0.5,1.39,6.45,10.35,5.83,6.0,5.81,20.0,0.8,0.3,0.5,-11.22,-1.74,10.81,-0.2,6.0,12.35,20.0,0.8,0.3,0.5,996.02,1006.5,1014.46,1005.42,6.0,12.15,20.0,0.8,0.3,0.5,7.4,8.0,8.0,7.5,6.0,1.2,20.0,0.8,0.3,0.5,25.2,83.2,155.6,86.6,6.0,83.0,20.0,0.8,0.3,0.5,-149.5,-22.2,142.3,-1.1,6.0,172.6,20.0,0.8,0.3,0.5,-1.17,3.0,3.76,1.38,4.0,3.97,24.0,0.8,0.3,0.6,-18.6,41.2,48.5,16.2,4.0,57.3,24.0,0.8,0.3,0.6,0.58,1.62,2.33,1.46,4.0,1.04,24.0,0.8,0.3,0.6,8.7,21.9,30.1,19.5,4.0,13.0,24.0,0.8,0.3,0.6,7.0,21.7,56.6,32.7,6.0,51.2,20.0,0.8,0.3,0.5,-36.0,22.6,89.6,30.0,6.0,75.6,20.0,0.8,0.3,0.5,24.0,37.1,60.2,41.9,4.0,22.5,24.0,0.8,0.3,0.6,-51.5,-41.7,3.0,-25.1,4.0,44.7,24.0,0.8,0.3,0.6,6.0,12.0,15.0,10.6,4.0,5.7,24.0,0.8,0.3,0.6,-26.0,-18.3,-4.3,-15.3,4.0,13.4,24.0,0.8,0.3,0.6,1929.0,2727.5,3652.5,2666.5,6.0,1036.5,20.0,0.8,0.3,0.5,1930.0,2725.0,3650.0,2665.0,6.0,1035.0,20.0,0.8,0.3,0.5
1974,2,213.0,47.0,4.48,6.0,8.0,6.1,7.0,1.66,12.0,0.7,0.8,0.4,6.73,7.0,8.94,7.59,8.0,1.46,12.0,0.8,0.7,0.3,4.8,5.8,6.54,5.82,7.0,1.15,14.0,0.7,0.7,0.3,77.1,92.7,100.0,88.2,7.0,11.0,14.0,0.7,0.3,6.42,10.55,17.55,11.38,8.0,5.59,12.0,0.8,0.7,0.3,0.0,4.55,11.6,5.6,8.0,6.14,12.0,0.8,0.7,0.3,2.92,6.58,12.47,7.47,8.0,6.46,12.0,0.8,0.7,0.3,993.67,1002.75,1020.28,1004.83,8.0,13.36,12.0,0.8,0.7,0.3,5.3,7.0,8.0,6.6,5.0,1.7,10.0,0.6,0.8,0.3,0.0,34.5,156.1,72.9,8.0,101.9,12.0,0.8,0.7,0.3,16.6,67.5,165.9,108.9,8.0,128.4,12.0,0.8,0.7,0.3,-2.02,-1.0,-0.45,-1.14,7.0,0.99,12.0,0.7,0.8,0.4,-17.9,-12.3,-5.5,-13.6,7.0,17.6,12.0,0.7,0.8,0.4,-0.44,0.42,1.37,0.47,6.0,0.9,14.0,0.7,0.8,0.3,-6.8,3.9,12.5,4.8,6.0,14.0,14.0,0.7,0.8,0.3,0.0,28.2,81.2,37.7,8.0,41.1,12.0,0.8,0.7,0.3,18.0,52.2,104.2,56.9,8.0,47.4,12.0,0.8,0.7,0.3,0.0,10.9,75.2,27.9,7.0,34.6,14.0,0.7,0.7,0.3,29.0,43.4,85.0,51.2,7.0,34.9,14.0,0.7,0.7,0.3,-1.0,0.0,9.3,4.3,6.0,10.9,14.0,0.7,0.8,0.3,-4.5,2.1,9.5,2.3,6.0,8.7,14.0,0.7,0.8,0.3,273.0,1349.0,5483.0,2436.0,8.0,2777.5,12.0,0.8,0.7,0.3,275.0,1350.0,5485.0,2435.0,8.0,2780.0,12.0,0.8,0.7,0.3
1974,2,213.0,48.0,5.0,6.0,7.37,6.2,5.0,1.3,14.0,0.6,0.8,0.4,5.0,7.0,7.29,6.56,7.0,1.47,14.0,0.7,0.8,0.3,4.82,5.44,5.87,5.29,5.0,0.84,14.0,0.6,0.8,0.4,81.3,92.6,93.4,87.6,5.0,9.7,14.0,0.6,0.4,5.22,8.25,11.24,8.04,8.0,3.3,12.0,0.8,0.8,0.3,2.44,6.0,8.57,5.11,8.0,4.47,12.0,0.8,0.8,0.3,0.12,2.53,9.45,3.62,8.0,4.47,12.0,0.8,0.8,0.3,991.11,1002.15,1006.96,999.94,8.0,12.76,12.0,0.8,0.8,0.3,3.9,8.0,8.0,6.1,7.0,2.5,12.0,0.7,0.8,0.3,7.4,44.8,80.0,42.2,8.0,49.1,12.0,0.8,0.8,0.3,0.7,18.5,110.0,38.8,8.0,51.4,12.0,0.8,0.8,0.3,-1.57,0.0,1.18,-0.18,5.0,1.53,14.0,0.6,0.8,0.4,-13.8,0.0,9.7,-1.9,5.0,15.8,14.0,0.6,0.8,0.4,-0.26,1.07,1.37,0.66,5.0,0.9,14.0,0.6,0.8,0.4,-2.4,6.4,11.8,4.9,5.0,7.6,14.0,0.6,0.8,0.4,24.7,36.0,54.4,34.8,7.0,32.5,14.0,0.7,0.8,0.3,7.4,22.9,57.2,28.8,7.0,28.0,14.0,0.7,0.8,0.3,5.3,27.8,33.5,19.0,5.0,23.8,14.0,0.6,0.8,0.4,4.1,17.8,57.4,28.2,5.0,28.3,14.0,0.6,0.8,0.4,0.7,4.9,8.1,4.6,5.0,4.7,14.0,0.6,0.8,0.4,-1.8,0.0,6.6,2.1,5.0,5.8,14.0,0.6,0.8,0.4,144.5,589.0,1422.5,739.0,8.0,639.5,12.0,0.8,0.8,0.3,145.0,590.0,1425.0,740.0,8.0,640.0,12.0,0.8,0.8,0.3
1974,2,213.0,49.0,4.4,5.0,5.73,4.93,9.0,0.72,14.0,0.4,0.6,0.4,4.13,5.0,6.73,5.24,9.0,1.18,14.0,0.4,0.6,0.4,4.18,4.83,5.41,4.87,8.0,0.73,12.0,0.5,0.7,0.3,77.2,88.5,93.0,86.6,8.0,8.7,12.0,0.5,0.3,4.94,9.3,11.8,8.92,9.0,3.34,14.0,0.4,0.6,0.4,-3.9,0.0,3.81,0.79,9.0,5.18,14.0,0.4,0.6,0.4,-6.37,3.55,10.71,2.67,9.0,8.07,14.0,0.4,0.6,0.4,990.2,1001.3,1014.51,1002.84,9.0,12.08,14.0,0.4,0.6,0.4,5.5,7.0,8.0,6.8,9.0,1.4,14.0,0.4,0.6,0.4,-44.6,0.0,26.1,7.1,9.0,62.3,14.0,0.4,0.6,0.4,-55.3,12.8,122.4,29.3,9.0,84.1,14.0,0.4,0.6,0.4,-1.62,0.0,0.65,-0.31,9.0,1.12,14.0,0.4,0.6,0.4,-7.2,0.0,5.3,-2.5,9.0,9.3,14.0,0.4,0.6,0.4,0.02,0.5,1.43,0.6,8.0,0.85,12.0,0.5,0.7,0.3,0.2,3.2,15.5,5.8,8.0,9.0,12.0,0.5,0.7,0.3,-20.2,0.0,17.5,4.5,9.0,29.9,14.0,0.4,0.6,0.4,-27.9,24.8,55.4,17.7,9.0,40.5,14.0,0.4,0.6,0.4,-20.8,1.7,18.1,3.3,8.0,25.8,12.0,0.5,0.7,0.3,-17.0,27.8,57.1,21.9,8.0,36.9,12.0,0.5,0.7,0.3,-0.5,1.4,5.2,3.4,8.0,6.1,12.0,0.5,0.7,0.3,-7.6,0.2,3.0,-0.7,8.0,8.3,12.0,0.5,0.7,0.3,151.0,804.5,1643.0,958.0,9.0,740.0,14.0,0.4,0.6,0.4,150.0,805.0,1645.0,960.0,9.0,740.0,14.0,0.4,0.6,0.4
1974,2,213.0,50.0,5.41,5.65,5.89,5.65,2.0,0.49,12.0,0.0,0.6,0.0,6.02,6.05,6.08,6.05,2.0,0.07,12.0,0.0,0.6,0.0,4.78,4.84,4.89,4.84,2.0,0.11,12.0,0.0,0.6,0.0,81.3,83.1,84.9,83.1,2.0,3.7,12.0,0.0,0.0,9.96,10.3,10.64,10.3,2.0,0.71,12.0,0.0,0.6,0.0,2.11,2.61,3.12,2.61,2.0,1.04,12.0,0.0,0.6,0.0,9.44,9.92,10.41,9.92,2.0,1.01,12.0,0.0,0.6,0.0,1001.93,1009.95,1017.97,1009.95,2.0,16.62,12.0,0.0,0.6,0.0,6.2,6.5,6.8,6.5,2.0,0.7,12.0,0.0,0.6,0.0,22.3,26.6,30.8,26.6,2.0,8.9,12.0,0.0,0.6,0.0,94.2,102.6,111.0,102.6,2.0,17.4,12.0,0.0,0.6,0.0,-0.67,-0.4,-0.13,-0.4,2.0,0.57,12.0,0.0,0.6,0.0,-6.6,-3.9,-1.2,-3.9,2.0,5.5,12.0,0.0,0.6,0.0,0.82,0.83,0.83,0.83,2.0,0.01,12.0,0.0,0.6,0.0,8.3,8.5,8.7,8.5,2.0,0.5,12.0,0.0,0.6,0.0,12.7,15.8,19.0,15.8,2.0,6.5,12.0,0.0,0.6,0.0,57.4,60.0,62.6,60.0,2.0,5.4,12.0,0.0,0.6,0.0,10.3,12.6,14.9,12.6,2.0,4.8,12.0,0.0,0.6,0.0,45.2,48.1,51.0,48.1,2.0,6.0,12.0,0.0,0.6,0.0,1.7,2.2,2.6,2.2,2.0,0.9,12.0,0.0,0.6,0.0,7.9,8.2,8.5,8.2,2.0,0.7,12.0,0.0,0.6,0.0,991.5,1100.5,1209.0,1100.5,2.0,225.0,12.0,0.0,0.6,0.0,990.0,1100.0,1210.0,1100.0,2.0,225.0,12.0,0.0,0.6,0.0
1974,2,213.0,51.0,3.48,4.0,5.05,4.21,7.0,0.99,16.0,0.4,0.7,0.5,0.0,4.0,6.11,3.46,7.0,3.11,16.0,0.4,0.7,0.5,3.05,3.61,5.1,3.97,5.0,1.11,16.0,0.4,0.6,0.6,74.6,85.8,95.5,85.5,5.0,11.4,16.0,0.4,0.6,6.79,7.7,9.57,8.14,7.0,3.69,16.0,0.4,0.7,0.5,2.77,4.63,7.61,5.96,7.0,4.46,16.0,0.4,0.7,0.5,-1.53,1.67,5.67,1.38,7.0,5.23,16.0,0.4,0.7,0.5,985.97,1001.0,1012.67,1000.43,7.0,12.14,16.0,0.4,0.7,0.5,5.0,5.0,8.0,6.2,5.0,1.6,16.0,0.4,0.7,0.4,22.1,33.3,63.8,60.0,7.0,74.6,16.0,0.4,0.7,0.5,-11.1,4.3,41.7,10.6,7.0,44.5,16.0,0.4,0.7,0.5,-2.06,0.0,4.02,0.76,7.0,3.19,16.0,0.4,0.7,0.5,-18.8,0.0,37.6,9.8,7.0,29.9,16.0,0.4,0.7,0.5,-0.15,1.38,2.4,1.17,5.0,1.37,16.0,0.4,0.6,0.6,-1.0,17.4,21.1,11.3,5.0,12.0,16.0,0.4,0.6,0.6,0.0,8.0,22.5,15.5,7.0,20.0,16.0,0.4,0.7,0.5,-10.0,0.0,26.1,8.9,7.0,22.7,16.0,0.4,0.7,0.5,13.3,20.0,35.4,24.7,5.0,17.4,16.0,0.4,0.6,0.6,-9.0,7.3,34.5,11.1,5.0,26.5,16.0,0.4,0.6,0.6,-0.8,7.4,17.9,8.5,5.0,10.0,16.0,0.4,0.6,0.6,-9.3,0.0,2.6,-3.4,5.0,10.1,16.0,0.4,0.6,0.6,327.5,456.5,927.0,846.0,7.0,1140.0,16.0,0.4,0.7,0.5,325.0,455.0,925.0,845.0,7.0,1140.0,16.0,0.4,0.7,0.5
1974,2,213.0,52.0,3.9,4.75,5.6,4.75,6.0,0.94,8.0,0.5,0.6,0.4,2.29,4.0,5.1,3.75,6.0,1.64,8.0,0.5,0.6,0.4,3.89,4.46,4.98,4.46,6.0,0.64,8.0,0.5,0.6,0.4,83.9,86.3,93.5,88.6,6.0,6.4,8.0,0.5,0.4,7.7,8.45,16.5,10.88,6.0,4.37,8.0,0.5,0.6,0.4,-3.95,2.05,12.98,3.8,6.0,8.09,8.0,0.5,0.6,0.4,-7.81,6.88,8.17,2.66,6.0,8.36,8.0,0.5,0.6,0.4,989.66,1002.5,1013.64,1000.6,6.0,16.29,8.0,0.5,0.6,0.4,6.6,8.0,8.0,7.3,3.0,1.2,14.0,0.7,0.7,0.5,-31.3,16.8,214.2,68.4,6.0,122.0,8.0,0.5,0.6,0.4,-75.2,54.8,88.2,25.8,6.0,108.6,8.0,0.5,0.6,0.4,-0.5,0.75,2.02,1.0,6.0,1.67,8.0,0.5,0.6,0.4,-3.8,8.2,26.8,11.4,6.0,15.6,8.0,0.5,0.6,0.4,0.45,0.9,1.32,0.92,6.0,0.77,8.0,0.5,0.6,0.4,3.5,11.9,15.9,10.2,6.0,7.6,8.0,0.5,0.6,0.4,-9.2,10.3,36.2,11.4,6.0,23.5,8.0,0.5,0.6,0.4,-25.1,21.6,33.8,8.2,6.0,32.7,8.0,0.5,0.6,0.4,-16.8,9.6,52.1,15.5,6.0,33.9,8.0,0.5,0.6,0.4,-35.5,30.3,37.1,11.0,6.0,36.9,8.0,0.5,0.6,0.4,-2.0,2.6,11.8,3.3,6.0,8.3,8.0,0.5,0.6,0.4,-5.3,3.3,11.1,3.4,6.0,9.3,8.0,0.5,0.6,0.4,456.5,605.0,4492.0,1851.0,6.0,2047.0,8.0,0.5,0.6,0.4,455.0,605.0,4490.0,1850.0,6.0,2045.0,8.0,0.5,0.6,0.4
1974,2,213.0,53.0,3.36,4.5,5.5,4.37,13.0,1.35,14.0,0.5,0.5,0.2,0.61,3.0,6.34,3.47,15.0,2.82,14.0,0.5,0.5,0.3,3.68,4.3,5.11,4.37,14.0,0.64,14.0,0.5,0.5,0.3,84.3,89.6,95.5,88.2,14.0,8.7,14.0,0.5,0.3,5.1,14.4,17.89,13.17,15.0,6.01,14.0,0.5,0.5,0.3,0.0,4.53,16.87,6.29,15.0,8.99,14.0,0.5,0.5,0.3,-6.46,3.91,14.0,4.02,15.0,9.02,14.0,0.5,0.5,0.3,983.91,994.5,1007.51,996.77,15.0,13.6,14.0,0.5,0.5,0.3,7.4,8.0,8.0,7.3,10.0,1.9,14.0,0.7,0.5,0.3,0.0,20.8,296.9,107.7,15.0,172.1,14.0,0.5,0.5,0.3,-125.6,26.0,198.8,43.5,15.0,152.8,14.0,0.5,0.5,0.3,-2.65,2.0,4.01,0.67,13.0,3.97,14.0,0.5,0.5,0.2,-44.0,35.0,71.8,13.8,13.0,63.9,14.0,0.5,0.5,0.2,0.13,0.93,1.91,0.89,13.0,1.01,14.0,0.5,0.5,0.2,1.9,13.3,30.2,13.9,13.0,18.0,14.0,0.5,0.5,0.2,0.0,3.3,26.2,10.3,15.0,19.4,14.0,0.5,0.5,0.3,-3.3,10.9,94.9,31.4,15.0,49.8,14.0,0.5,0.5,0.3,0.0,18.4,69.8,24.8,14.0,37.4,14.0,0.5,0.5,0.3,-26.1,21.3,67.6,22.9,14.0,42.2,14.0,0.5,0.5,0.3,0.0,1.2,28.1,11.6,13.0,15.7,14.0,0.5,0.5,0.2,-17.3,2.5,3.9,-3.5,13.0,11.4,14.0,0.5,0.5,0.2,132.5,2986.0,5727.0,3529.0,15.0,3189.5,14.0,0.5,0.5,0.3,135.0,2985.0,5725.0,3530.0,15.0,3190.0,14.0,0.5,0.5,0.3
1974,2,213.0,54.0,2.86,3.8,4.0,3.48,10.0,1.07,18.0,0.3,0.4,0.4,1.06,2.35,4.81,2.83,8.0,1.93,16.0,0.3,0.4,0.5,3.83,4.19,4.85,4.31,6.0,0.68,18.0,0.2,0.4,0.5,85.1,92.2,94.5,91.0,6.0,6.1,18.0,0.2,0.5,6.84,13.35,19.06,13.12,10.0,6.35,18.0,0.3,0.4,0.4,2.28,6.7,14.89,8.43,10.0,6.67,18.0,0.3,0.4,0.4,-9.88,3.71,9.71,1.2,10.0,10.32,18.0,0.3,0.4,0.4,976.87,987.25,1000.49,989.03,10.0,12.76,18.0,0.3,0.4,0.4,8.0,8.0,8.0,7.9,8.0,0.4,18.0,0.4,0.4,0.4,11.4,96.3,287.7,142.2,10.0,146.1,18.0,0.3,0.4,0.4,-141.8,35.3,137.7,-0.6,10.0,182.7,18.0,0.3,0.4,0.4,-0.89,0.85,2.47,0.78,8.0,1.84,16.0,0.3,0.4,0.5,-3.2,18.5,49.5,18.5,8.0,28.9,16.0,0.3,0.4,0.5,0.25,0.77,1.32,0.75,6.0,0.72,18.0,0.2,0.4,0.5,0.3,15.4,25.9,13.7,6.0,13.2,18.0,0.2,0.4,0.5,4.9,13.6,19.3,13.3,8.0,9.2,16.0,0.3,0.4,0.5,-14.2,12.6,23.9,13.0,8.0,27.2,16.0,0.3,0.4,0.5,13.2,43.1,61.3,39.6,6.0,29.2,18.0,0.2,0.4,0.5,-51.8,15.6,53.0,4.6,6.0,52.7,18.0,0.2,0.4,0.5,1.2,10.7,16.5,10.2,6.0,8.7,18.0,0.2,0.4,0.5,-9.3,-2.1,12.0,1.3,6.0,14.0,18.0,0.2,0.4,0.5,332.0,2547.5,7102.0,3689.0,10.0,3922.0,18.0,0.3,0.4,0.4,330.0,2550.0,7100.0,3690.0,10.0,3920.0,18.0,0.3,0.4,0.4
1974,2,213.0,55.0,4.42,5.0,5.5,4.88,5.0,0.86,10.0,0.4,0.6,0.6,0.87,2.35,4.1,2.38,6.0,1.75,12.0,0.5,0.6,0.5,3.3,4.09,4.45,3.98,6.0,0.65,12.0,0.5,0.6,0.5,81.8,87.4,92.0,87.0,6.0,5.0,12.0,0.5,0.5,4.29,8.5,15.4,9.25,6.0,5.34,12.0,0.5,0.6,0.5,-6.42,0.13,10.67,0.93,6.0,10.46,12.0,0.5,0.6,0.5,-3.88,-0.79,5.38,0.12,6.0,4.56,12.0,0.5,0.6,0.5,995.16,1000.4,1008.28,1001.53,6.0,8.71,12.0,0.5,0.6,0.5,6.0,7.0,8.0,7.0,4.0,1.2,12.0,0.5,0.6,0.6,-61.8,6.4,125.1,15.4,6.0,147.5,12.0,0.5,0.6,0.5,-45.5,-3.6,47.6,-0.8,6.0,56.6,12.0,0.5,0.6,0.5,1.13,2.0,2.85,2.02,5.0,1.21,10.0,0.4,0.6,0.6,4.8,10.1,36.8,18.6,5.0,17.3,10.0,0.4,0.6,0.6,0.91,1.34,1.61,1.26,5.0,0.46,10.0,0.4,0.6,0.6,3.1,9.0,20.2,11.3,5.0,9.2,10.0,0.4,0.6,0.6,-11.4,6.7,16.0,2.8,6.0,15.0,12.0,0.5,0.6,0.5,-6.2,-2.9,4.8,0.7,6.0,11.4,12.0,0.5,0.6,0.5,-26.2,0.6,39.8,3.3,6.0,36.4,12.0,0.5,0.6,0.5,-14.5,-3.8,18.5,0.5,6.0,17.1,12.0,0.5,0.6,0.5,-2.8,4.5,19.0,7.6,5.0,11.5,10.0,0.4,0.6,0.6,-6.9,-0.9,2.8,-1.5,5.0,6.2,10.0,0.4,0.6,0.6,83.5,696.5,3652.5,1471.0,6.0,1731.5,12.0,0.5,0.6,0.5,85.0,695.0,3650.0,1470.0,6.0,1730.0,12.0,0.5,0.6,0.5
1974,2,213.0,56.0,2.34,3.3,3.39,3.1,8.0,0.73,18.0,0.5,0.6,0.6,-3.39,0.3,2.23,-0.22,6.0,3.04,16.0,0.7,0.7,0.5,2.71,3.56,3.82,3.3,5.0,0.86,18.0,0.6,0.7,0.5,69.9,79.3,90.4,80.3,5.0,13.4,18.0,0.6,0.5,7.99,11.85,15.84,12.65,8.0,5.58,18.0,0.5,0.6,0.6,-9.06,5.9,15.6,4.82,8.0,12.86,18.0,0.5,0.6,0.6,-2.75,1.64,5.23,0.87,8.0,4.61,18.0,0.5,0.6,0.6,979.92,994.65,998.3,991.16,8.0,9.21,18.0,0.5,0.6,0.6,7.0,8.0,8.0,7.3,8.0,1.4,18.0,0.5,0.6,0.6,-95.5,50.6,247.3,102.6,8.0,226.0,18.0,0.5,0.6,0.6,-43.6,8.4,55.1,4.3,8.0,52.9,18.0,0.5,0.6,0.6,0.36,3.4,6.56,3.4,6.0,2.97,16.0,0.7,0.7,0.5,5.7,37.4,116.8,56.4,6.0,61.0,16.0,0.7,0.7,0.5,1.07,1.32,2.21,1.61,5.0,0.84,18.0,0.6,0.7,0.5,11.4,16.7,37.6,25.1,5.0,24.2,18.0,0.6,0.7,0.5,-66.2,-0.7,25.0,-14.6,6.0,44.6,16.0,0.7,0.7,0.5,-9.9,-2.1,8.1,-2.5,6.0,12.2,16.0,0.7,0.7,0.5,-29.6,33.8,46.0,12.6,5.0,41.2,18.0,0.6,0.7,0.5,-15.7,0.0,17.1,0.0,5.0,19.9,18.0,0.6,0.7,0.5,-12.9,5.5,37.4,13.3,5.0,33.4,18.0,0.6,0.7,0.5,-3.9,0.0,7.4,1.4,5.0,5.9,18.0,0.6,0.7,0.5,527.0,1703.0,3979.0,3136.0,8.0,3971.0,18.0,0.5,0.6,0.6,525.0,1705.0,3980.0,3135.0,8.0,3970.0,18.0,0.5,0.6,0.6
1974,2,213.0,57.0,3.3,3.3,4.4,3.73,8.0,0.77,18.0,0.4,0.7,0.7,1.24,2.45,2.79,1.73,8.0,1.96,18.0,0.4,0.7,0.7,3.95,4.21,4.32,4.11,7.0,0.33,20.0,0.4,0.6,0.8,87.9,91.8,92.1,89.7,7.0,7.8,20.0,0.4,0.8,6.2,12.6,14.84,11.58,8.0,5.42,18.0,0.4,0.7,0.7,-13.53,-4.91,4.79,-4.05,8.0,10.37,18.0,0.4,0.7,0.7,-5.06,-0.19,6.89,-0.17,8.0,7.5,18.0,0.4,0.7,0.7,975.96,986.65,1000.95,987.79,8.0,11.91,18.0,0.4,0.7,0.7,3.3,6.0,7.4,5.4,5.0,2.4,20.0,0.4,0.6,0.7,-197.7,-30.4,61.5,-66.2,8.0,174.0,18.0,0.4,0.7,0.7,-70.8,-2.1,125.6,6.4,8.0,108.5,18.0,0.4,0.7,0.7,1.01,1.7,2.28,2.0,8.0,1.81,18.0,0.4,0.7,0.7,6.8,17.8,34.4,25.7,8.0,27.6,18.0,0.4,0.7,0.7,0.75,0.92,1.21,0.97,7.0,0.2,20.0,0.4,0.6,0.8,6.1,10.4,11.7,10.2,7.0,4.5,20.0,0.4,0.6,0.8,-30.9,-23.1,3.8,-16.4,8.0,17.4,18.0,0.4,0.7,0.7,-15.4,-9.2,10.5,-5.3,8.0,14.3,18.0,0.4,0.7,0.7,-59.8,-25.2,20.0,-25.3,7.0,37.4,20.0,0.4,0.6,0.8,-23.0,-9.2,24.9,-5.9,7.0,28.9,20.0,0.4,0.6,0.8,-10.9,-5.3,3.7,-5.6,7.0,8.2,20.0,0.4,0.6,0.8,-6.1,-1.9,5.7,-1.0,7.0,6.1,20.0,0.4,0.6,0.8,238.5,2064.5,3272.0,2471.5,8.0,2849.5,18.0,0.4,0.7,0.7,240.0,2065.0,3270.0,2470.0,8.0,2850.0,18.0,0.4,0.7,0.7
1974,2,213.0,58.0,4.14,4.35,5.24,4.68,4.0,0.9,20.0,0.3,0.4,0.5,1.1,2.1,3.73,2.4,4.0,1.61,20.0,0.3,0.4,0.5,5.22,5.22,5.22,5.22,1.0,0.0,6.0,1.0,0.1,0.0,100.0,100.0,100.0,100.0,1.0,0.0,6.0,1.0,0.0,5.45,6.2,6.88,6.17,3.0,1.05,18.0,0.3,0.3,0.3,-5.02,-3.28,3.87,-0.63,3.0,6.9,18.0,0.3,0.3,0.3,-1.45,0.0,2.67,0.6,3.0,3.06,18.0,0.3,0.3,0.3,999.72,1003.7,1005.69,1002.75,4.0,4.78,20.0,0.3,0.4,0.5,7.5,8.0,8.0,7.8,4.0,0.5,20.0,0.3,0.4,0.5,-30.0,-16.7,30.1,-0.3,3.0,46.2,18.0,0.3,0.3,0.3,-9.0,0.0,13.6,2.3,3.0,16.7,18.0,0.3,0.3,0.3,1.33,2.9,3.16,2.28,4.0,1.53,20.0,0.3,0.4,0.5,5.5,17.4,21.7,13.7,3.0,12.3,18.0,0.3,0.3,0.3,0.0,0.0,0.0,0.0,1.0,0.0,6.0,1.0,0.1,0.0,0.0,0.0,0.0,0.0,1.0,0.0,6.0,1.0,0.1,0.0,-12.1,-7.0,2.7,-4.7,3.0,11.0,18.0,0.3,0.3,0.3,-1.7,0.0,11.7,4.9,3.0,10.7,18.0,0.3,0.3,0.3,-17.1,-17.1,-17.1,-17.1,1.0,0.0,6.0,1.0,0.1,0.0,20.4,20.4,20.4,20.4,1.0,0.0,6.0,1.0,0.1,0.0,0.0,0.0,0.0,0.0,1.0,0.0,6.0,1.0,0.1,0.0,0.0,0.0,0.0,0.0,1.0,0.0,6.0,1.0,0.1,0.0,166.0,238.5,330.5,248.0,3.0,120.5,18.0,0.3,0.3,0.3,165.0,240.0,330.0,250.0,3.0,120.0,18.0,0.3,0.3,0.3
1974,2,213.0,60.0,,,,,,,,,,,,,,,,,,,,,,,,,,,,,,,,,,,,,,,,2.6,2.6,2.6,2.6,1.0,0.0,8.0,0.0,0.8,0.6,-1.99,-1.99,-1.99,-1.99,1.0,0.0,8.0,0.0,0.8,0.6,-1.67,-1.67,-1.67,-1.67,1.0,0.0,8.0,0.0,0.8,0.6,1007.1,1007.1,1007.1,1007.1,1.0,0.0,8.0,0.0,0.8,0.6,,,,,,,,,,,,,,,,,,,,,,,,,,,,,,,,,,,,,,,,,,,,,,,,,,,,,,,,,,,,,,,,,,,,,,,,,,,,,,,,,,,,,,,,,,,,,,,,,,,,,,,,,,,,,,,,,,,,,,,,,,,,,,,,,,,,,,,,,,,,,,,,,,,,,,
1974,2,214.0,-72.0,,,,,,,,,,,,,,,,,,,,,,,,,,,,,,,,,,,,,,,,,,,,,,,,,,,,,,,,,,,,,,,,,,,,,,,,,,,,,,,,8.0,8.0,8.0,8.0,1.0,0.0,20.0,1.0,0.6,0.8,14.6,14.6,14.6,14.6,1.0,0.0,20.0,1.0,0.6,0.8,8.4,8.4,8.4,8.4,1.0,0.0,20.0,1.0,0.6,0.8,,,,,,,,,,,,,,,,,,,,,,,,,,,,,,,,,,,,,,,,,,,,,,,,,,,,,,,,,,,,,,,,,,,,,,,,,,,,,,,,,,,,,,,,,,,,,,,,,,,,,,,,,,,,,,,,,,,,,,,,
1974,2,214.0,-61.0,1.7,1.7,1.7,1.7,1.0,0.0,18.0,1.0,0.3,1.0,2.0,2.0,2.0,2.0,1.0,0.0,18.0,1.0,0.3,1.0,3.76,3.76,3.76,3.76,1.0,0.0,18.0,1.0,0.3,1.0,83.5,83.5,83.5,83.5,1.0,0.0,18.0,1.0,1.0,10.3,10.3,10.3,10.3,1.0,0.0,18.0,1.0,0.3,1.0,7.89,7.89,7.89,7.89,1.0,0.0,18.0,1.0,0.3,1.0,-6.62,-6.62,-6.62,-6.62,1.0,0.0,18.0,1.0,0.3,1.0,980.6,980.6,980.6,980.6,1.0,0.0,18.0,1.0,0.3,1.0,8.0,8.0,8.0,8.0,1.0,0.0,18.0,1.0,0.3,1.0,81.3,81.3,81.3,81.3,1.0,0.0,18.0,1.0,0.3,1.0,-68.2,-68.2,-68.2,-68.2,1.0,0.0,18.0,1.0,0.3,1.0,-0.3,-0.3,-0.3,-0.3,1.0,0.0,18.0,1.0,0.3,1.0,-3.1,-3.1,-3.1,-3.1,1.0,0.0,18.0,1.0,0.3,1.0,0.65,0.65,0.65,0.65,1.0,0.0,18.0,1.0,0.3,1.0,6.7,6.7,6.7,6.7,1.0,0.0,18.0,1.0,0.3,1.0,15.8,15.8,15.8,15.8,1.0,0.0,18.0,1.0,0.3,1.0,-13.2,-13.2,-13.2,-13.2,1.0,0.0,18.0,1.0,0.3,1.0,29.7,29.7,29.7,29.7,1.0,0.0,18.0,1.0,0.3,1.0,-24.9,-24.9,-24.9,-24.9,1.0,0.0,18.0,1.0,0.3,1.0,5.1,5.1,5.1,5.1,1.0,0.0,18.0,1.0,0.3,1.0,-4.3,-4.3,-4.3,-4.3,1.0,0.0,18.0,1.0,0.3,1.0,1092.5,1092.5,1092.5,1092.5,1.0,0.0,18.0,1.0,0.3,1.0,1095.0,1095.0,1095.0,1095.0,1.0,0.0,18.0,1.0,0.3,1.0
1974,2,214.0,-60.0,1.6,2.0,2.12,1.92,6.0,0.26,12.0,0.3,0.3,0.6,1.1,1.65,2.45,1.9,6.0,1.03,12.0,0.3,0.3,0.6,3.61,3.92,4.33,3.99,6.0,0.5,12.0,0.3,0.3,0.6,80.4,91.4,92.7,88.6,6.0,6.8,12.0,0.3,0.6,7.77,9.8,12.57,9.98,5.0,3.28,14.0,0.4,0.4,0.6,5.84,7.12,9.12,7.34,5.0,2.32,14.0,0.4,0.4,0.6,-8.14,3.28,5.29,-0.76,5.0,7.86,14.0,0.4,0.4,0.6,969.24,972.15,981.5,976.35,6.0,11.2,12.0,0.3,0.3,0.6,7.8,8.0,8.0,7.8,6.0,0.4,12.0,0.3,0.3,0.6,49.3,83.2,105.4,77.3,5.0,37.7,14.0,0.4,0.4,0.6,-105.3,16.7,50.8,-23.3,5.0,94.6,14.0,0.4,0.4,0.6,-0.35,0.2,0.58,0.02,6.0,0.9,12.0,0.3,0.3,0.6,-8.6,1.2,6.2,-1.8,5.0,12.7,14.0,0.4,0.4,0.6,0.24,0.56,0.92,0.51,6.0,0.5,12.0,0.3,0.3,0.6,0.9,4.8,7.6,4.0,5.0,5.7,14.0,0.4,0.4,0.6,7.8,9.3,23.3,14.6,5.0,8.7,14.0,0.4,0.4,0.6,-24.6,5.4,6.6,-7.9,5.0,22.6,14.0,0.4,0.4,0.6,20.6,32.8,37.1,29.6,5.0,10.8,14.0,0.4,0.4,0.6,-37.1,12.0,19.5,-6.4,5.0,34.5,14.0,0.4,0.4,0.6,1.2,4.2,6.2,3.6,5.0,3.8,14.0,0.4,0.4,0.6,1.0,3.3,5.3,2.9,5.0,3.3,14.0,0.4,0.4,0.6,559.0,941.0,2024.0,1241.5,5.0,969.0,14.0,0.4,0.4,0.6,560.0,940.0,2025.0,1240.0,5.0,970.0,14.0,0.4,0.4,0.6
1974,2,214.0,-59.0,1.79,1.9,2.21,1.95,13.0,0.22,10.0,0.7,0.4,0.5,1.49,2.3,2.86,2.27,13.0,0.8,10.0,0.7,0.4,0.5,3.3,3.63,4.28,3.75,10.0,0.52,12.0,0.6,0.5,0.5,75.8,80.0,94.1,82.5,10.0,8.8,12.0,0.6,0.5,9.3,11.3,13.45,11.52,13.0,2.05,10.0,0.7,0.4,0.5,7.23,10.14,12.24,9.9,13.0,3.09,10.0,0.7,0.4,0.5,-4.76,2.14,5.88,1.14,13.0,5.54,10.0,0.7,0.4,0.5,985.37,993.6,1000.43,993.82,10.0,7.78,12.0,0.6,0.5,0.5,6.0,6.0,8.0,6.6,10.0,1.1,12.0,0.6,0.5,0.5,74.1,104.5,168.5,118.5,13.0,54.3,10.0,0.7,0.4,0.5,-42.9,26.3,88.9,18.0,13.0,63.3,10.0,0.7,0.4,0.5,-0.96,-0.4,0.63,-0.32,13.0,0.92,10.0,0.7,0.4,0.5,-10.3,-4.6,8.7,-3.3,13.0,10.6,10.0,0.7,0.4,0.5,0.16,0.83,1.13,0.69,10.0,0.56,12.0,0.6,0.5,0.5,0.9,8.8,14.2,8.1,10.0,7.1,12.0,0.6,0.5,0.5,16.8,23.0,26.4,22.6,13.0,9.6,10.0,0.7,0.4,0.5,-7.7,5.0,9.8,1.8,13.0,12.7,10.0,0.7,0.4,0.5,26.4,36.8,41.9,35.8,10.0,12.6,12.0,0.6,0.5,0.5,-27.4,6.9,19.5,0.3,10.0,23.8,12.0,0.6,0.5,0.5,-0.5,7.1,13.4,7.0,10.0,6.6,12.0,0.6,0.5,0.5,-1.6,2.7,6.1,2.3,10.0,4.5,12.0,0.6,0.5,0.5,804.5,1443.0,2433.0,1663.0,13.0,885.5,10.0,0.7,0.4,0.5,805.0,1445.0,2435.0,1665.0,13.0,885.0,10.0,0.7,0.4,0.5
1974,2,214.0,-58.0,1.5,1.5,1.5,1.5,1.0,0.0,20.0,0.0,0.9,0.3,3.2,3.2,3.2,3.2,1.0,0.0,20.0,0.0,0.9,0.3,4.58,4.58,4.58,4.58,1.0,0.0,20.0,0.0,0.9,0.3,95.2,95.2,95.2,95.2,1.0,0.0,20.0,0.0,0.3,14.4,14.4,14.4,14.4,1.0,0.0,20.0,0.0,0.9,0.3,14.18,14.18,14.18,14.18,1.0,0.0,20.0,0.0,0.9,0.3,-2.5,-2.5,-2.5,-2.5,1.0,0.0,20.0,0.0,0.9,0.3,1001.3,1001.3,1001.3,1001.3,1.0,0.0,20.0,0.0,0.9,0.3,8.0,8.0,8.0,8.0,1.0,0.0,20.0,0.0,0.9,0.3,204.2,204.2,204.2,204.2,1.0,0.0,20.0,0.0,0.9,0.3,-36.0,-36.0,-36.0,-36.0,1.0,0.0,20.0,0.0,0.9,0.3,-1.7,-1.7,-1.7,-1.7,1.0,0.0,20.0,0.0,0.9,0.3,-24.5,-24.5,-24.5,-24.5,1.0,0.0,20.0,0.0,0.9,0.3,-0.32,-0.32,-0.32,-0.32,1.0,0.0,20.0,0.0,0.9,0.3,-4.6,-4.6,-4.6,-4.6,1.0,0.0,20.0,0.0,0.9,0.3,45.4,45.4,45.4,45.4,1.0,0.0,20.0,0.0,0.9,0.3,-8.0,-8.0,-8.0,-8.0,1.0,0.0,20.0,0.0,0.9,0.3,64.9,64.9,64.9,64.9,1.0,0.0,20.0,0.0,0.9,0.3,-11.4,-11.4,-11.4,-11.4,1.0,0.0,20.0,0.0,0.9,0.3,-4.5,-4.5,-4.5,-4.5,1.0,0.0,20.0,0.0,0.9,0.3,0.8,0.8,0.8,0.8,1.0,0.0,20.0,0.0,0.9,0.3,2986.0,2986.0,2986.0,2986.0,1.0,0.0,20.0,0.0,0.9,0.3,2985.0,2985.0,2985.0,2985.0,1.0,0.0,20.0,0.0,0.9,0.3
1974,2,214.0,-39.0,17.88,18.05,18.22,18.05,2.0,0.35,20.0,0.5,0.6,0.5,17.73,17.8,17.87,17.8,2.0,0.14,20.0,0.5,0.6,0.5,9.62,10.25,10.87,10.25,2.0,1.29,20.0,0.5,0.6,0.5,77.4,81.7,86.1,81.7,2.0,9.0,20.0,0.5,0.5,0.73,2.3,3.87,2.3,2.0,3.25,20.0,0.5,0.6,0.5,0.63,1.99,3.35,1.99,2.0,2.82,20.0,0.5,0.6,0.5,-1.93,-1.15,-0.37,-1.15,2.0,1.63,20.0,0.5,0.6,0.5,1019.36,1022.7,1026.04,1022.7,2.0,6.93,20.0,0.5,0.6,0.5,4.6,6.0,7.4,6.0,2.0,2.8,20.0,0.5,0.6,0.5,2.9,9.2,15.4,9.2,2.0,13.0,20.0,0.5,0.6,0.5,-8.9,-5.3,-1.7,-5.3,2.0,7.5,20.0,0.5,0.6,0.5,0.15,0.25,0.35,0.25,2.0,0.21,20.0,0.5,0.6,0.5,0.3,0.9,1.5,0.9,2.0,1.3,20.0,0.5,0.6,0.5,2.05,2.5,2.94,2.5,2.0,0.92,20.0,0.5,0.6,0.5,1.3,4.2,7.1,4.2,2.0,6.0,20.0,0.5,0.6,0.5,11.3,35.7,60.0,35.7,2.0,50.4,20.0,0.5,0.6,0.5,-34.6,-20.6,-6.5,-20.6,2.0,29.1,20.0,0.5,0.6,0.5,7.1,22.2,37.4,22.2,2.0,31.4,20.0,0.5,0.6,0.5,-21.6,-12.8,-4.1,-12.8,2.0,18.1,20.0,0.5,0.6,0.5,1.2,3.7,6.2,3.7,2.0,5.2,20.0,0.5,0.6,0.5,-3.6,-2.1,-0.7,-2.1,2.0,3.0,20.0,0.5,0.6,0.5,15.5,48.5,82.0,48.5,2.0,69.0,20.0,0.5,0.6,0.5,15.0,50.0,80.0,50.0,2.0,70.0,20.0,0.5,0.6,0.5
1974,2,214.0,-38.0,18.3,18.3,18.3,18.3,1.0,0.0,4.0,1.0,0.4,0.9,18.3,18.3,18.3,18.3,1.0,0.0,4.0,1.0,0.4,0.9,7.29,7.29,7.29,7.29,1.0,0.0,4.0,1.0,0.4,0.9,56.1,56.1,56.1,56.1,1.0,0.0,4.0,1.0,0.9,5.1,5.1,5.1,5.1,1.0,0.0,4.0,1.0,0.4,0.9,4.79,4.79,4.79,4.79,1.0,0.0,4.0,1.0,0.4,0.9,-1.74,-1.74,-1.74,-1.74,1.0,0.0,4.0,1.0,0.4,0.9,1014.6,1014.6,1014.6,1014.6,1.0,0.0,4.0,1.0,0.4,0.9,4.0,4.0,4.0,4.0,1.0,0.0,4.0,1.0,0.4,0.9,24.4,24.4,24.4,24.4,1.0,0.0,4.0,1.0,0.4,0.9,-8.9,-8.9,-8.9,-8.9,1.0,0.0,4.0,1.0,0.4,0.9,0.0,0.0,0.0,0.0,1.0,0.0,4.0,1.0,0.4,0.9,0.0,0.0,0.0,0.0,1.0,0.0,4.0,1.0,0.4,0.9,5.76,5.76,5.76,5.76,1.0,0.0,4.0,1.0,0.4,0.9,29.4,29.4,29.4,29.4,1.0,0.0,4.0,1.0,0.4,0.9,87.7,87.7,87.7,87.7,1.0,0.0,4.0,1.0,0.4,0.9,-31.9,-31.9,-31.9,-31.9,1.0,0.0,4.0,1.0,0.4,0.9,34.9,34.9,34.9,34.9,1.0,0.0,4.0,1.0,0.4,0.9,-12.7,-12.7,-12.7,-12.7,1.0,0.0,4.0,1.0,0.4,0.9,27.6,27.6,27.6,27.6,1.0,0.0,4.0,1.0,0.4,0.9,-10.0,-10.0,-10.0,-10.0,1.0,0.0,4.0,1.0,0.4,0.9,132.5,132.5,132.5,132.5,1.0,0.0,4.0,1.0,0.4,0.9,135.0,135.0,135.0,135.0,1.0,0.0,4.0,1.0,0.4,0.9
1974,2,214.0,-37.0,21.3,21.3,21.3,21.3,1.0,0.0,18.0,1.0,0.2,0.7,20.6,20.6,20.6,20.6,1.0,0.0,18.0,1.0,0.2,0.7,10.1,10.1,10.1,10.1,1.0,0.0,18.0,1.0,0.2,0.7,67.6,67.6,67.6,67.6,1.0,0.0,18.0,1.0,0.7,2.1,2.1,2.1,2.1,1.0,0.0,18.0,1.0,0.2,0.7,1.97,1.97,1.97,1.97,1.0,0.0,18.0,1.0,0.2,0.7,0.72,0.72,0.72,0.72,1.0,0.0,18.0,1.0,0.2,0.7,1020.2,1020.2,1020.2,1020.2,1.0,0.0,18.0,1.0,0.2,0.7,6.0,6.0,6.0,6.0,1.0,0.0,18.0,1.0,0.2,0.7,4.1,4.1,4.1,4.1,1.0,0.0,18.0,1.0,0.2,0.7,1.5,1.5,1.5,1.5,1.0,0.0,18.0,1.0,0.2,0.7,0.7,0.7,0.7,0.7,1.0,0.0,18.0,1.0,0.2,0.7,1.5,1.5,1.5,1.5,1.0,0.0,18.0,1.0,0.2,0.7,5.56,5.56,5.56,5.56,1.0,0.0,18.0,1.0,0.2,0.7,11.7,11.7,11.7,11.7,1.0,0.0,18.0,1.0,0.2,0.7,40.7,40.7,40.7,40.7,1.0,0.0,18.0,1.0,0.2,0.7,14.8,14.8,14.8,14.8,1.0,0.0,18.0,1.0,0.2,0.7,19.9,19.9,19.9,19.9,1.0,0.0,18.0,1.0,0.2,0.7,7.3,7.3,7.3,7.3,1.0,0.0,18.0,1.0,0.2,0.7,11.0,11.0,11.0,11.0,1.0,0.0,18.0,1.0,0.2,0.7,4.0,4.0,4.0,4.0,1.0,0.0,18.0,1.0,0.2,0.7,9.5,9.5,9.5,9.5,1.0,0.0,18.0,1.0,0.2,0.7,10.0,10.0,10.0,10.0,1.0,0.0,18.0,1.0,0.2,0.7
1974,2,214.0,-32.0,23.18,24.0,24.27,23.73,3.0,0.83,10.0,0.7,0.4,0.8,21.86,23.7,23.9,22.9,3.0,1.65,10.0,0.7,0.4,0.8,13.61,14.11,15.68,14.63,3.0,1.58,10.0,0.7,0.4,0.8,79.9,87.2,89.6,84.8,3.0,7.5,10.0,0.7,0.8,4.93,6.7,8.47,6.7,2.0,3.68,12.0,1.0,0.5,0.8,-8.44,-6.58,-4.72,-6.58,2.0,3.85,12.0,1.0,0.5,0.8,-1.18,-0.7,-0.22,-0.7,2.0,0.99,12.0,1.0,0.5,0.8,1019.33,1021.1,1022.12,1020.73,3.0,2.07,10.0,0.7,0.4,0.8,2.6,6.0,7.4,5.0,3.0,3.6,10.0,0.7,0.4,0.8,-75.3,-51.1,-27.0,-51.1,2.0,50.0,12.0,1.0,0.5,0.8,-4.8,-2.9,-0.9,-2.9,2.0,4.1,12.0,1.0,0.5,0.8,0.22,0.7,1.45,0.83,3.0,0.91,10.0,0.7,0.4,0.8,2.7,8.4,14.1,8.4,2.0,11.8,12.0,1.0,0.5,0.8,2.89,3.78,4.21,3.55,3.0,0.98,10.0,0.7,0.4,0.8,20.8,26.6,32.4,26.6,2.0,12.1,12.0,1.0,0.5,0.8,-179.0,-143.9,-108.8,-143.9,2.0,72.7,12.0,1.0,0.5,0.8,-28.3,-16.8,-5.3,-16.8,2.0,23.8,12.0,1.0,0.5,0.8,-113.3,-89.4,-65.5,-89.4,2.0,49.6,12.0,1.0,0.5,0.8,-16.6,-9.9,-3.1,-9.9,2.0,14.0,12.0,1.0,0.5,0.8,-32.3,-26.1,-19.9,-26.1,2.0,12.8,12.0,1.0,0.5,0.8,-5.2,-3.1,-1.0,-3.1,2.0,4.4,12.0,1.0,0.5,0.8,185.5,436.5,687.5,436.5,2.0,520.0,12.0,1.0,0.5,0.8,185.0,435.0,690.0,435.0,2.0,520.0,12.0,1.0,0.5,0.8
1974,2,214.0,-31.0,24.65,25.2,25.75,25.2,2.0,1.13,16.0,0.5,0.6,0.8,24.6,25.25,25.9,25.25,2.0,1.34,16.0,0.5,0.6,0.8,16.14,16.77,17.4,16.77,2.0,1.3,16.0,0.5,0.6,0.8,78.3,84.8,91.2,84.8,2.0,13.3,16.0,0.5,0.8,2.84,3.35,3.86,3.35,2.0,1.06,16.0,0.5,0.6,0.8,-3.54,-2.46,-1.39,-2.46,2.0,2.23,16.0,0.5,0.6,0.8,-2.17,-1.58,-0.99,-1.58,2.0,1.22,16.0,0.5,0.6,0.8,1020.64,1020.95,1021.26,1020.95,2.0,0.64,16.0,0.5,0.6,0.8,0.2,0.5,0.8,0.5,2.0,0.7,16.0,0.5,0.6,0.8,-14.3,-9.4,-4.6,-9.4,2.0,10.1,16.0,0.5,0.6,0.8,-5.8,-4.6,-3.5,-4.6,2.0,2.4,16.0,0.5,0.6,0.8,-1.24,-0.05,1.14,-0.05,2.0,2.47,16.0,0.5,0.6,0.8,-2.8,1.1,5.1,1.1,2.0,8.2,16.0,0.5,0.6,0.8,3.09,3.11,3.13,3.11,2.0,0.04,16.0,0.5,0.6,0.8,8.8,10.4,12.1,10.4,2.0,3.4,16.0,0.5,0.6,0.8,-86.2,-60.7,-35.2,-60.7,2.0,52.9,16.0,0.5,0.6,0.8,-56.6,-40.7,-24.7,-40.7,2.0,33.0,16.0,0.5,0.6,0.8,-62.3,-42.8,-23.2,-42.8,2.0,40.5,16.0,0.5,0.6,0.8,-34.6,-25.7,-16.7,-25.7,2.0,18.5,16.0,0.5,0.6,0.8,-11.1,-7.7,-4.3,-7.7,2.0,7.0,16.0,0.5,0.6,0.8,-6.7,-4.9,-3.1,-4.9,2.0,3.7,16.0,0.5,0.6,0.8,25.5,43.0,61.0,43.0,2.0,36.5,16.0,0.5,0.6,0.8,25.0,45.0,60.0,45.0,2.0,35.0,16.0,0.5,0.6,0.8
1974,2,214.0,-30.0,26.0,26.0,26.0,26.0,1.0,0.0,12.0,0.0,0.1,0.5,24.4,24.4,24.4,24.4,1.0,0.0,12.0,0.0,0.1,0.5,15.39,15.39,15.39,15.39,1.0,0.0,12.0,0.0,0.1,0.5,81.3,81.3,81.3,81.3,1.0,0.0,12.0,0.0,0.5,5.1,5.1,5.1,5.1,1.0,0.0,12.0,0.0,0.1,0.5,-0.89,-0.89,-0.89,-0.89,1.0,0.0,12.0,0.0,0.1,0.5,5.02,5.02,5.02,5.02,1.0,0.0,12.0,0.0,0.1,0.5,1018.7,1018.7,1018.7,1018.7,1.0,0.0,12.0,0.0,0.1,0.5,6.0,6.0,6.0,6.0,1.0,0.0,12.0,0.0,0.1,0.5,-4.5,-4.5,-4.5,-4.5,1.0,0.0,12.0,0.0,0.1,0.5,25.6,25.6,25.6,25.6,1.0,0.0,12.0,0.0,0.1,0.5,1.6,1.6,1.6,1.6,1.0,0.0,12.0,0.0,0.1,0.5,8.2,8.2,8.2,8.2,1.0,0.0,12.0,0.0,0.1,0.5,5.49,5.49,5.49,5.49,1.0,0.0,12.0,0.0,0.1,0.5,28.0,28.0,28.0,28.0,1.0,0.0,12.0,0.0,0.1,0.5,-21.6,-21.6,-21.6,-21.6,1.0,0.0,12.0,0.0,0.1,0.5,122.5,122.5,122.5,122.5,1.0,0.0,12.0,0.0,0.1,0.5,-13.6,-13.6,-13.6,-13.6,1.0,0.0,12.0,0.0,0.1,0.5,77.3,77.3,77.3,77.3,1.0,0.0,12.0,0.0,0.1,0.5,-4.9,-4.9,-4.9,-4.9,1.0,0.0,12.0,0.0,0.1,0.5,27.6,27.6,27.6,27.6,1.0,0.0,12.0,0.0,0.1,0.5,132.5,132.5,132.5,132.5,1.0,0.0,12.0,0.0,0.1,0.5,135.0,135.0,135.0,135.0,1.0,0.0,12.0,0.0,0.1,0.5
1974,2,214.0,-29.0,26.0,26.0,26.0,26.0,1.0,0.0,26.0,1.0,0.5,0.7,25.32,26.0,26.68,26.0,2.0,1.41,24.0,0.5,0.8,0.6,17.1,18.15,19.21,18.15,2.0,2.19,24.0,0.5,0.8,0.6,84.3,86.1,88.0,86.1,2.0,3.8,24.0,0.5,0.6,4.68,4.85,5.02,4.85,2.0,0.35,24.0,0.5,0.8,0.6,-2.39,-0.49,1.41,-0.49,2.0,3.94,24.0,0.5,0.8,0.6,-3.97,-3.95,-3.92,-3.95,2.0,0.05,24.0,0.5,0.8,0.6,1006.48,1010.75,1015.02,1010.75,2.0,8.84,24.0,0.5,0.8,0.6,3.6,5.0,6.4,5.0,2.0,2.8,24.0,0.5,0.8,0.6,-12.4,-3.1,6.2,-3.1,2.0,19.3,24.0,0.5,0.8,0.6,-19.7,-19.1,-18.6,-19.1,2.0,1.1,24.0,0.5,0.8,0.6,-1.0,-1.0,-1.0,-1.0,1.0,0.0,26.0,1.0,0.5,0.7,-4.6,-4.6,-4.6,-4.6,1.0,0.0,26.0,1.0,0.5,0.7,1.22,1.22,1.22,1.22,1.0,0.0,26.0,1.0,0.5,0.7,5.6,5.6,5.6,5.6,1.0,0.0,26.0,1.0,0.5,0.7,-59.1,-9.9,39.2,-9.9,2.0,101.9,24.0,0.5,0.8,0.6,-106.0,-102.6,-99.2,-102.6,2.0,7.0,24.0,0.5,0.8,0.6,-38.6,-4.6,29.5,-4.6,2.0,70.5,24.0,0.5,0.8,0.6,-76.3,-71.7,-67.0,-71.7,2.0,9.6,24.0,0.5,0.8,0.6,2.8,2.8,2.8,2.8,1.0,0.0,26.0,1.0,0.5,0.7,-4.9,-4.9,-4.9,-4.9,1.0,0.0,26.0,1.0,0.5,0.7,103.0,115.0,127.0,115.0,2.0,25.0,24.0,0.5,0.8,0.6,105.0,115.0,125.0,115.0,2.0,25.0,24.0,0.5,0.8,0.6
1974,2,214.0,-28.0,26.71,27.15,27.59,27.15,2.0,0.92,26.0,0.5,0.9,0.4,26.27,26.85,27.43,26.85,2.0,1.2,26.0,0.5,0.9,0.4,16.71,17.11,17.51,17.11,2.0,0.84,26.0,0.5,0.9,0.4,76.9,77.8,78.7,77.8,2.0,1.8,26.0,0.5,0.4,4.67,5.9,7.13,5.9,2.0,2.55,26.0,0.5,0.9,0.4,-5.08,-3.31,-1.54,-3.31,2.0,3.67,26.0,0.5,0.9,0.4,-4.8,-4.49,-4.18,-4.49,2.0,0.64,26.0,0.5,0.9,0.4,1014.75,1015.3,1015.85,1015.3,2.0,1.13,26.0,0.5,0.9,0.4,4.2,4.5,4.8,4.5,2.0,0.7,26.0,0.5,0.9,0.4,-38.7,-24.2,-9.7,-24.2,2.0,30.1,26.0,0.5,0.9,0.4,-34.7,-27.3,-20.0,-27.3,2.0,15.2,26.0,0.5,0.9,0.4,0.16,0.3,0.44,0.3,2.0,0.28,26.0,0.5,0.9,0.4,1.0,2.1,3.3,2.1,2.0,2.4,26.0,0.5,0.9,0.4,5.15,5.35,5.56,5.35,2.0,0.42,26.0,0.5,0.9,0.4,25.7,31.1,36.4,31.1,2.0,11.2,26.0,0.5,0.9,0.4,-132.2,-86.5,-40.9,-86.5,2.0,94.5,26.0,0.5,0.9,0.4,-126.0,-120.3,-114.5,-120.3,2.0,11.9,26.0,0.5,0.9,0.4,-84.0,-55.0,-26.1,-55.0,2.0,60.0,26.0,0.5,0.9,0.4,-80.1,-76.6,-73.1,-76.6,2.0,7.3,26.0,0.5,0.9,0.4,-25.7,-16.9,-8.1,-16.9,2.0,18.3,26.0,0.5,0.9,0.4,-24.7,-23.9,-23.2,-23.9,2.0,1.6,26.0,0.5,0.9,0.4,130.5,262.5,395.0,262.5,2.0,274.0,26.0,0.5,0.9,0.4,130.0,265.0,395.0,265.0,2.0,275.0,26.0,0.5,0.9,0.4
1974,2,214.0,-27.0,26.5,26.5,26.5,26.5,1.0,0.0,26.0,0.0,0.3,0.5,26.2,26.2,26.2,26.2,1.0,0.0,26.0,0.0,0.3,0.5,16.74,16.74,16.74,16.74,1.0,0.0,26.0,0.0,0.3,0.5,79.1,79.1,79.1,79.1,1.0,0.0,26.0,0.0,0.5,5.1,5.1,5.1,5.1,1.0,0.0,26.0,0.0,0.3,0.5,-3.28,-3.28,-3.28,-3.28,1.0,0.0,26.0,0.0,0.3,0.5,-3.91,-3.91,-3.91,-3.91,1.0,0.0,26.0,0.0,0.3,0.5,1015.3,1015.3,1015.3,1015.3,1.0,0.0,26.0,0.0,0.3,0.5,4.0,4.0,4.0,4.0,1.0,0.0,26.0,0.0,0.3,0.5,-16.7,-16.7,-16.7,-16.7,1.0,0.0,26.0,0.0,0.3,0.5,-19.9,-19.9,-19.9,-19.9,1.0,0.0,26.0,0.0,0.3,0.5,0.3,0.3,0.3,0.3,1.0,0.0,26.0,0.0,0.3,0.5,1.5,1.5,1.5,1.5,1.0,0.0,26.0,0.0,0.3,0.5,4.86,4.86,4.86,4.86,1.0,0.0,26.0,0.0,0.3,0.5,24.8,24.8,24.8,24.8,1.0,0.0,26.0,0.0,0.3,0.5,-85.9,-85.9,-85.9,-85.9,1.0,0.0,26.0,0.0,0.3,0.5,-102.4,-102.4,-102.4,-102.4,1.0,0.0,26.0,0.0,0.3,0.5,-54.9,-54.9,-54.9,-54.9,1.0,0.0,26.0,0.0,0.3,0.5,-65.4,-65.4,-65.4,-65.4,1.0,0.0,26.0,0.0,0.3,0.5,-15.9,-15.9,-15.9,-15.9,1.0,0.0,26.0,0.0,0.3,0.5,-19.0,-19.0,-19.0,-19.0,1.0,0.0,26.0,0.0,0.3,0.5,132.5,132.5,132.5,132.5,1.0,0.0,26.0,0.0,0.3,0.5,135.0,135.0,135.0,135.0,1.0,0.0,26.0,0.0,0.3,0.5
1974,2,214.0,-26.0,27.8,27.8,27.8,27.8,1.0,0.0,22.0,1.0,0.5,0.3,27.5,27.5,27.5,27.5,1.0,0.0,22.0,1.0,0.5,0.3,17.86,17.86,17.86,17.86,1.0,0.0,22.0,1.0,0.5,0.3,78.4,78.4,78.4,78.4,1.0,0.0,22.0,1.0,0.3,5.1,5.1,5.1,5.1,1.0,0.0,22.0,1.0,0.5,0.3,-5.02,-5.02,-5.02,-5.02,1.0,0.0,22.0,1.0,0.5,0.3,-0.89,-0.89,-0.89,-0.89,1.0,0.0,22.0,1.0,0.5,0.3,1018.0,1018.0,1018.0,1018.0,1.0,0.0,22.0,1.0,0.5,0.3,2.0,2.0,2.0,2.0,1.0,0.0,22.0,1.0,0.5,0.3,-25.6,-25.6,-25.6,-25.6,1.0,0.0,22.0,1.0,0.5,0.3,-4.5,-4.5,-4.5,-4.5,1.0,0.0,22.0,1.0,0.5,0.3,0.3,0.3,0.3,0.3,1.0,0.0,22.0,1.0,0.5,0.3,1.5,1.5,1.5,1.5,1.0,0.0,22.0,1.0,0.5,0.3,5.41,5.41,5.41,5.41,1.0,0.0,22.0,1.0,0.5,0.3,27.6,27.6,27.6,27.6,1.0,0.0,22.0,1.0,0.5,0.3,-138.1,-138.1,-138.1,-138.1,1.0,0.0,22.0,1.0,0.5,0.3,-24.4,-24.4,-24.4,-24.4,1.0,0.0,22.0,1.0,0.5,0.3,-89.7,-89.7,-89.7,-89.7,1.0,0.0,22.0,1.0,0.5,0.3,-15.8,-15.8,-15.8,-15.8,1.0,0.0,22.0,1.0,0.5,0.3,-27.2,-27.2,-27.2,-27.2,1.0,0.0,22.0,1.0,0.5,0.3,-4.8,-4.8,-4.8,-4.8,1.0,0.0,22.0,1.0,0.5,0.3,132.5,132.5,132.5,132.5,1.0,0.0,22.0,1.0,0.5,0.3,135.0,135.0,135.0,135.0,1.0,0.0,22.0,1.0,0.5,0.3
1974,2,214.0,-23.0,26.0,26.0,26.0,26.0,1.0,0.0,28.0,1.0,0.3,0.1,29.7,29.7,29.7,29.7,1.0,0.0,28.0,1.0,0.3,0.1,20.57,20.57,20.57,20.57,1.0,0.0,28.0,1.0,0.3,0.1,79.1,79.1,79.1,79.1,1.0,0.0,28.0,1.0,0.1,4.6,4.6,4.6,4.6,1.0,0.0,28.0,1.0,0.3,0.1,-4.53,-4.53,-4.53,-4.53,1.0,0.0,28.0,1.0,0.3,0.1,-0.8,-0.8,-0.8,-0.8,1.0,0.0,28.0,1.0,0.3,0.1,1015.6,1015.6,1015.6,1015.6,1.0,0.0,28.0,1.0,0.3,0.1,6.0,6.0,6.0,6.0,1.0,0.0,28.0,1.0,0.3,0.1,-20.8,-20.8,-20.8,-20.8,1.0,0.0,28.0,1.0,0.3,0.1,-3.7,-3.7,-3.7,-3.7,1.0,0.0,28.0,1.0,0.3,0.1,-3.7,-3.7,-3.7,-3.7,1.0,0.0,28.0,1.0,0.3,0.1,-17.0,-17.0,-17.0,-17.0,1.0,0.0,28.0,1.0,0.3,0.1,0.37,0.37,0.37,0.37,1.0,0.0,28.0,1.0,0.3,0.1,1.7,1.7,1.7,1.7,1.0,0.0,28.0,1.0,0.3,0.1,-134.5,-134.5,-134.5,-134.5,1.0,0.0,28.0,1.0,0.3,0.1,-23.7,-23.7,-23.7,-23.7,1.0,0.0,28.0,1.0,0.3,0.1,-93.2,-93.2,-93.2,-93.2,1.0,0.0,28.0,1.0,0.3,0.1,-16.4,-16.4,-16.4,-16.4,1.0,0.0,28.0,1.0,0.3,0.1,-1.7,-1.7,-1.7,-1.7,1.0,0.0,28.0,1.0,0.3,0.1,-0.3,-0.3,-0.3,-0.3,1.0,0.0,28.0,1.0,0.3,0.1,97.5,97.5,97.5,97.5,1.0,0.0,28.0,1.0,0.3,0.1,95.0,95.0,95.0,95.0,1.0,0.0,28.0,1.0,0.3,0.1
1974,2,214.0,-22.0,27.2,27.2,27.2,27.2,1.0,0.0,6.0,0.0,0.1,1.0,26.6,26.6,26.6,26.6,1.0,0.0,6.0,0.0,0.1,1.0,15.72,15.72,15.72,15.72,1.0,0.0,6.0,0.0,0.1,1.0,72.7,72.7,72.7,72.7,1.0,0.0,6.0,0.0,1.0,1.5,1.5,1.5,1.5,1.0,0.0,6.0,0.0,0.1,1.0,-1.15,-1.15,-1.15,-1.15,1.0,0.0,6.0,0.0,0.1,1.0,-0.96,-0.96,-0.96,-0.96,1.0,0.0,6.0,0.0,0.1,1.0,1015.9,1015.9,1015.9,1015.9,1.0,0.0,6.0,0.0,0.1,1.0,8.0,8.0,8.0,8.0,1.0,0.0,6.0,0.0,0.1,1.0,-1.7,-1.7,-1.7,-1.7,1.0,0.0,6.0,0.0,0.1,1.0,-1.4,-1.4,-1.4,-1.4,1.0,0.0,6.0,0.0,0.1,1.0,0.6,0.6,0.6,0.6,1.0,0.0,6.0,0.0,0.1,1.0,0.9,0.9,0.9,0.9,1.0,0.0,6.0,0.0,0.1,1.0,6.78,6.78,6.78,6.78,1.0,0.0,6.0,0.0,0.1,1.0,10.2,10.2,10.2,10.2,1.0,0.0,6.0,0.0,0.1,1.0,-30.6,-30.6,-30.6,-30.6,1.0,0.0,6.0,0.0,0.1,1.0,-25.6,-25.6,-25.6,-25.6,1.0,0.0,6.0,0.0,0.1,1.0,-18.1,-18.1,-18.1,-18.1,1.0,0.0,6.0,0.0,0.1,1.0,-15.2,-15.2,-15.2,-15.2,1.0,0.0,6.0,0.0,0.1,1.0,-7.8,-7.8,-7.8,-7.8,1.0,0.0,6.0,0.0,0.1,1.0,-6.5,-6.5,-6.5,-6.5,1.0,0.0,6.0,0.0,0.1,1.0,3.5,3.5,3.5,3.5,1.0,0.0,6.0,0.0,0.1,1.0,5.0,5.0,5.0,5.0,1.0,0.0,6.0,0.0,0.1,1.0
1974,2,214.0,-21.0,,,,,,,,,,,,,,,,,,,,,,,,,,,,,,,,,,,,,,,,7.0,7.0,7.0,7.0,1.0,0.0,16.0,0.0,1.0,0.1,-7.0,-7.0,-7.0,-7.0,1.0,0.0,16.0,0.0,1.0,0.1,0.0,0.0,0.0,0.0,1.0,0.0,16.0,0.0,1.0,0.1,1013.5,1013.5,1013.5,1013.5,1.0,0.0,16.0,0.0,1.0,0.1,,,,,,,,,,,,,,,,,,,,,,,,,,,,,,,,,,,,,,,,,,,,,,,,,,,,,,,,,,,,,,,,,,,,,,,,,,,,,,,,,,,,,,,,,,,,,,,,,,,,,,,,,,,,,,,,,,,,,,,,,,,,,,,,,,,,,,,,,,,,,,,,,,,,,,
1974,2,214.0,-20.0,27.3,27.3,27.3,27.3,1.0,0.0,14.0,0.0,0.6,0.4,27.4,27.4,27.4,27.4,1.0,0.0,14.0,0.0,0.6,0.4,16.42,16.42,16.42,16.42,1.0,0.0,14.0,0.0,0.6,0.4,72.4,72.4,72.4,72.4,1.0,0.0,14.0,0.0,0.4,13.9,13.9,13.9,13.9,1.0,0.0,14.0,0.0,0.6,0.4,-13.69,-13.69,-13.69,-13.69,1.0,0.0,14.0,0.0,0.6,0.4,2.41,2.41,2.41,2.41,1.0,0.0,14.0,0.0,0.6,0.4,1015.6,1015.6,1015.6,1015.6,1.0,0.0,14.0,0.0,0.6,0.4,3.0,3.0,3.0,3.0,1.0,0.0,14.0,0.0,0.6,0.4,-190.3,-190.3,-190.3,-190.3,1.0,0.0,14.0,0.0,0.6,0.4,33.6,33.6,33.6,33.6,1.0,0.0,14.0,0.0,0.6,0.4,-0.1,-0.1,-0.1,-0.1,1.0,0.0,14.0,0.0,0.6,0.4,-1.4,-1.4,-1.4,-1.4,1.0,0.0,14.0,0.0,0.6,0.4,6.22,6.22,6.22,6.22,1.0,0.0,14.0,0.0,0.6,0.4,86.4,86.4,86.4,86.4,1.0,0.0,14.0,0.0,0.6,0.4,-375.1,-375.1,-375.1,-375.1,1.0,0.0,14.0,0.0,0.6,0.4,66.1,66.1,66.1,66.1,1.0,0.0,14.0,0.0,0.6,0.4,-224.8,-224.8,-224.8,-224.8,1.0,0.0,14.0,0.0,0.6,0.4,39.6,39.6,39.6,39.6,1.0,0.0,14.0,0.0,0.6,0.4,-85.1,-85.1,-85.1,-85.1,1.0,0.0,14.0,0.0,0.6,0.4,15.0,15.0,15.0,15.0,1.0,0.0,14.0,0.0,0.6,0.4,2685.5,2685.5,2685.5,2685.5,1.0,0.0,14.0,0.0,0.6,0.4,2685.0,2685.0,2685.0,2685.0,1.0,0.0,14.0,0.0,0.6,0.4
1974,2,214.0,-19.0,28.0,28.0,28.0,28.0,1.0,0.0,18.0,1.0,0.4,0.1,28.0,28.0,28.0,28.0,1.0,0.0,18.0,1.0,0.4,0.1,17.05,17.05,17.05,17.05,1.0,0.0,18.0,1.0,0.4,0.1,72.1,72.1,72.1,72.1,1.0,0.0,18.0,1.0,0.1,7.7,7.7,7.7,7.7,1.0,0.0,18.0,1.0,0.4,0.1,-7.58,-7.58,-7.58,-7.58,1.0,0.0,18.0,1.0,0.4,0.1,-1.34,-1.34,-1.34,-1.34,1.0,0.0,18.0,1.0,0.4,0.1,1009.0,1009.0,1009.0,1009.0,1.0,0.0,18.0,1.0,0.4,0.1,5.0,5.0,5.0,5.0,1.0,0.0,18.0,1.0,0.4,0.1,-58.4,-58.4,-58.4,-58.4,1.0,0.0,18.0,1.0,0.4,0.1,-10.3,-10.3,-10.3,-10.3,1.0,0.0,18.0,1.0,0.4,0.1,0.0,0.0,0.0,0.0,1.0,0.0,18.0,1.0,0.4,0.1,0.0,0.0,0.0,0.0,1.0,0.0,18.0,1.0,0.4,0.1,6.71,6.71,6.71,6.71,1.0,0.0,18.0,1.0,0.4,0.1,51.7,51.7,51.7,51.7,1.0,0.0,18.0,1.0,0.4,0.1,-212.3,-212.3,-212.3,-212.3,1.0,0.0,18.0,1.0,0.4,0.1,-37.4,-37.4,-37.4,-37.4,1.0,0.0,18.0,1.0,0.4,0.1,-129.3,-129.3,-129.3,-129.3,1.0,0.0,18.0,1.0,0.4,0.1,-22.8,-22.8,-22.8,-22.8,1.0,0.0,18.0,1.0,0.4,0.1,-50.9,-50.9,-50.9,-50.9,1.0,0.0,18.0,1.0,0.4,0.1,-9.0,-9.0,-9.0,-9.0,1.0,0.0,18.0,1.0,0.4,0.1,456.5,456.5,456.5,456.5,1.0,0.0,18.0,1.0,0.4,0.1,455.0,455.0,455.0,455.0,1.0,0.0,18.0,1.0,0.4,0.1
1974,2,214.0,-17.0,27.0,27.0,27.0,27.0,1.0,0.0,12.0,0.0,0.9,1.0,26.4,26.4,26.4,26.4,1.0,0.0,12.0,0.0,0.9,1.0,18.27,18.27,18.27,18.27,1.0,0.0,12.0,0.0,0.9,1.0,85.1,85.1,85.1,85.1,1.0,0.0,12.0,0.0,1.0,7.7,7.7,7.7,7.7,1.0,0.0,12.0,0.0,0.9,1.0,-7.7,-7.7,-7.7,-7.7,1.0,0.0,12.0,0.0,0.9,1.0,0.0,0.0,0.0,0.0,1.0,0.0,12.0,0.0,0.9,1.0,1013.1,1013.1,1013.1,1013.1,1.0,0.0,12.0,0.0,0.9,1.0,3.0,3.0,3.0,3.0,1.0,0.0,12.0,0.0,0.9,1.0,-59.3,-59.3,-59.3,-59.3,1.0,0.0,12.0,0.0,0.9,1.0,0.0,0.0,0.0,0.0,1.0,0.0,12.0,0.0,0.9,1.0,0.6,0.6,0.6,0.6,1.0,0.0,12.0,0.0,0.9,1.0,4.6,4.6,4.6,4.6,1.0,0.0,12.0,0.0,0.9,1.0,4.02,4.02,4.02,4.02,1.0,0.0,12.0,0.0,0.9,1.0,31.0,31.0,31.0,31.0,1.0,0.0,12.0,0.0,0.9,1.0,-203.3,-203.3,-203.3,-203.3,1.0,0.0,12.0,0.0,0.9,1.0,0.0,0.0,0.0,0.0,1.0,0.0,12.0,0.0,0.9,1.0,-140.7,-140.7,-140.7,-140.7,1.0,0.0,12.0,0.0,0.9,1.0,0.0,0.0,0.0,0.0,1.0,0.0,12.0,0.0,0.9,1.0,-31.0,-31.0,-31.0,-31.0,1.0,0.0,12.0,0.0,0.9,1.0,0.0,0.0,0.0,0.0,1.0,0.0,12.0,0.0,0.9,1.0,456.5,456.5,456.5,456.5,1.0,0.0,12.0,0.0,0.9,1.0,455.0,455.0,455.0,455.0,1.0,0.0,12.0,0.0,0.9,1.0
1974,2,214.0,-16.0,26.22,26.7,27.18,26.7,3.0,0.7,14.0,0.7,0.6,0.2,26.04,27.0,27.82,26.93,3.0,1.3,14.0,0.7,0.6,0.2,16.44,16.8,17.16,16.8,2.0,0.75,12.0,0.5,0.5,0.2,78.1,78.7,79.3,78.7,2.0,1.2,12.0,0.5,0.2,2.75,4.15,5.55,4.15,2.0,2.9,12.0,0.5,0.5,0.2,-5.12,-3.59,-2.06,-3.59,2.0,3.17,12.0,0.5,0.5,0.2,1.69,1.86,2.04,1.86,2.0,0.36,12.0,0.5,0.5,0.2,1011.41,1012.3,1012.44,1011.93,3.0,0.81,14.0,0.7,0.6,0.2,5.0,5.0,5.7,5.3,3.0,0.6,14.0,0.7,0.6,0.2,-30.8,-19.5,-8.1,-19.5,2.0,23.5,12.0,0.5,0.5,0.2,4.9,8.3,11.6,8.3,2.0,6.9,12.0,0.5,0.5,0.2,-0.94,-0.8,0.5,-0.23,3.0,1.16,14.0,0.7,0.6,0.2,-4.8,-1.9,1.0,-1.9,2.0,6.0,12.0,0.5,0.5,0.2,4.02,4.68,5.33,4.68,2.0,1.36,12.0,0.5,0.5,0.2,13.6,17.4,21.3,17.4,2.0,7.9,12.0,0.5,0.5,0.2,-137.8,-95.9,-54.0,-95.9,2.0,86.8,12.0,0.5,0.5,0.2,43.7,49.2,54.7,49.2,2.0,11.4,12.0,0.5,0.5,0.2,-88.4,-61.5,-34.5,-61.5,2.0,55.9,12.0,0.5,0.5,0.2,27.9,31.5,35.1,31.5,2.0,7.5,12.0,0.5,0.5,0.2,-19.4,-14.6,-9.8,-14.6,2.0,9.9,12.0,0.5,0.5,0.2,8.1,8.5,8.9,8.5,2.0,0.8,12.0,0.5,0.5,0.2,45.5,124.0,202.0,124.0,2.0,162.0,12.0,0.5,0.5,0.2,45.0,125.0,200.0,125.0,2.0,160.0,12.0,0.5,0.5,0.2
1974,2,214.0,-14.0,28.0,28.0,28.0,28.0,1.0,0.0,18.0,1.0,0.4,0.1,28.0,28.0,28.0,28.0,1.0,0.0,18.0,1.0,0.4,0.1,17.58,17.58,17.58,17.58,1.0,0.0,18.0,1.0,0.4,0.1,74.3,74.3,74.3,74.3,1.0,0.0,18.0,1.0,0.1,7.7,7.7,7.7,7.7,1.0,0.0,18.0,1.0,0.4,0.1,-7.58,-7.58,-7.58,-7.58,1.0,0.0,18.0,1.0,0.4,0.1,-1.34,-1.34,-1.34,-1.34,1.0,0.0,18.0,1.0,0.4,0.1,1009.0,1009.0,1009.0,1009.0,1.0,0.0,18.0,1.0,0.4,0.1,5.0,5.0,5.0,5.0,1.0,0.0,18.0,1.0,0.4,0.1,-58.4,-58.4,-58.4,-58.4,1.0,0.0,18.0,1.0,0.4,0.1,-10.3,-10.3,-10.3,-10.3,1.0,0.0,18.0,1.0,0.4,0.1,0.0,0.0,0.0,0.0,1.0,0.0,18.0,1.0,0.4,0.1,0.0,0.0,0.0,0.0,1.0,0.0,18.0,1.0,0.4,0.1,6.18,6.18,6.18,6.18,1.0,0.0,18.0,1.0,0.4,0.1,47.6,47.6,47.6,47.6,1.0,0.0,18.0,1.0,0.4,0.1,-212.3,-212.3,-212.3,-212.3,1.0,0.0,18.0,1.0,0.4,0.1,-37.4,-37.4,-37.4,-37.4,1.0,0.0,18.0,1.0,0.4,0.1,-133.3,-133.3,-133.3,-133.3,1.0,0.0,18.0,1.0,0.4,0.1,-23.5,-23.5,-23.5,-23.5,1.0,0.0,18.0,1.0,0.4,0.1,-46.8,-46.8,-46.8,-46.8,1.0,0.0,18.0,1.0,0.4,0.1,-8.3,-8.3,-8.3,-8.3,1.0,0.0,18.0,1.0,0.4,0.1,456.5,456.5,456.5,456.5,1.0,0.0,18.0,1.0,0.4,0.1,455.0,455.0,455.0,455.0,1.0,0.0,18.0,1.0,0.4,0.1
1974,2,214.0,-13.0,26.0,26.9,27.9,26.95,4.0,1.1,18.0,0.8,0.7,0.5,26.48,27.15,27.93,27.2,4.0,1.03,18.0,0.8,0.7,0.5,17.38,17.87,21.84,19.57,3.0,3.58,14.0,0.7,0.7,0.6,78.6,85.1,93.3,85.9,3.0,10.8,14.0,0.7,0.6,4.6,6.45,7.46,6.05,4.0,1.84,18.0,0.8,0.7,0.5,-7.46,-6.45,-4.57,-6.04,4.0,1.87,18.0,0.8,0.7,0.5,0.0,0.0,0.33,0.16,4.0,0.31,18.0,0.8,0.7,0.5,1009.86,1010.9,1011.52,1010.7,4.0,1.25,18.0,0.8,0.7,0.5,3.5,5.0,7.0,5.3,4.0,2.2,18.0,0.8,0.7,0.5,-55.7,-42.2,-22.2,-39.1,4.0,20.9,18.0,0.8,0.7,0.5,0.0,0.0,1.2,0.6,4.0,1.1,18.0,0.8,0.7,0.5,-1.79,-0.25,1.29,-0.25,4.0,1.94,18.0,0.8,0.7,0.5,-13.1,-2.9,6.8,-3.1,4.0,12.6,18.0,0.8,0.7,0.5,0.04,5.84,6.17,3.17,3.0,5.06,14.0,0.7,0.7,0.6,-5.9,22.8,30.0,12.3,3.0,27.8,14.0,0.7,0.7,0.6,-206.6,-176.7,-121.3,-164.5,4.0,52.9,18.0,0.8,0.7,0.5,0.0,0.0,8.9,4.3,4.0,8.5,18.0,0.8,0.7,0.5,-148.8,-101.9,-73.9,-111.1,3.0,55.4,14.0,0.7,0.7,0.6,0.0,0.0,7.3,3.6,3.0,6.2,14.0,0.7,0.7,0.6,-29.8,-22.4,6.0,-12.2,3.0,27.7,14.0,0.7,0.7,0.6,0.0,0.0,2.7,1.3,3.0,2.3,14.0,0.7,0.7,0.6,112.5,279.0,417.0,265.5,4.0,185.0,18.0,0.8,0.7,0.5,115.0,280.0,415.0,265.0,4.0,185.0,18.0,0.8,0.7,0.5
1974,2,214.0,-12.0,27.8,27.8,27.8,27.8,1.0,0.0,6.0,1.0,0.9,0.5,27.9,27.9,27.9,27.9,1.0,0.0,6.0,1.0,0.9,0.5,16.56,16.56,16.56,16.56,1.0,0.0,6.0,1.0,0.9,0.5,70.7,70.7,70.7,70.7,1.0,0.0,6.0,1.0,0.5,7.2,7.2,7.2,7.2,1.0,0.0,6.0,1.0,0.9,0.5,-6.77,-6.77,-6.77,-6.77,1.0,0.0,6.0,1.0,0.9,0.5,2.46,2.46,2.46,2.46,1.0,0.0,6.0,1.0,0.9,0.5,1013.6,1013.6,1013.6,1013.6,1.0,0.0,6.0,1.0,0.9,0.5,4.0,4.0,4.0,4.0,1.0,0.0,6.0,1.0,0.9,0.5,-48.7,-48.7,-48.7,-48.7,1.0,0.0,6.0,1.0,0.9,0.5,17.7,17.7,17.7,17.7,1.0,0.0,6.0,1.0,0.9,0.5,-0.1,-0.1,-0.1,-0.1,1.0,0.0,6.0,1.0,0.9,0.5,-0.7,-0.7,-0.7,-0.7,1.0,0.0,6.0,1.0,0.9,0.5,6.81,6.81,6.81,6.81,1.0,0.0,6.0,1.0,0.9,0.5,49.0,49.0,49.0,49.0,1.0,0.0,6.0,1.0,0.9,0.5,-188.8,-188.8,-188.8,-188.8,1.0,0.0,6.0,1.0,0.9,0.5,68.7,68.7,68.7,68.7,1.0,0.0,6.0,1.0,0.9,0.5,-112.0,-112.0,-112.0,-112.0,1.0,0.0,6.0,1.0,0.9,0.5,40.8,40.8,40.8,40.8,1.0,0.0,6.0,1.0,0.9,0.5,-46.1,-46.1,-46.1,-46.1,1.0,0.0,6.0,1.0,0.9,0.5,16.8,16.8,16.8,16.8,1.0,0.0,6.0,1.0,0.9,0.5,373.0,373.0,373.0,373.0,1.0,0.0,6.0,1.0,0.9,0.5,375.0,375.0,375.0,375.0,1.0,0.0,6.0,1.0,0.9,0.5
1974,2,214.0,-11.0,28.0,28.0,28.0,28.0,1.0,0.0,6.0,1.0,0.4,0.2,27.4,27.4,27.4,27.4,1.0,0.0,6.0,1.0,0.4,0.2,15.54,15.54,15.54,15.54,1.0,0.0,6.0,1.0,0.4,0.2,68.5,68.5,68.5,68.5,1.0,0.0,6.0,1.0,0.2,9.3,9.3,9.3,9.3,1.0,0.0,6.0,1.0,0.4,0.2,-9.3,-9.3,-9.3,-9.3,1.0,0.0,6.0,1.0,0.4,0.2,0.0,0.0,0.0,0.0,1.0,0.0,6.0,1.0,0.4,0.2,1015.3,1015.3,1015.3,1015.3,1.0,0.0,6.0,1.0,0.4,0.2,2.0,2.0,2.0,2.0,1.0,0.0,6.0,1.0,0.4,0.2,-86.5,-86.5,-86.5,-86.5,1.0,0.0,6.0,1.0,0.4,0.2,0.0,0.0,0.0,0.0,1.0,0.0,6.0,1.0,0.4,0.2,0.6,0.6,0.6,0.6,1.0,0.0,6.0,1.0,0.4,0.2,5.6,5.6,5.6,5.6,1.0,0.0,6.0,1.0,0.4,0.2,8.07,8.07,8.07,8.07,1.0,0.0,6.0,1.0,0.4,0.2,75.0,75.0,75.0,75.0,1.0,0.0,6.0,1.0,0.4,0.2,-254.8,-254.8,-254.8,-254.8,1.0,0.0,6.0,1.0,0.4,0.2,0.0,0.0,0.0,0.0,1.0,0.0,6.0,1.0,0.4,0.2,-144.5,-144.5,-144.5,-144.5,1.0,0.0,6.0,1.0,0.4,0.2,0.0,0.0,0.0,0.0,1.0,0.0,6.0,1.0,0.4,0.2,-75.0,-75.0,-75.0,-75.0,1.0,0.0,6.0,1.0,0.4,0.2,0.0,0.0,0.0,0.0,1.0,0.0,6.0,1.0,0.4,0.2,804.5,804.5,804.5,804.5,1.0,0.0,6.0,1.0,0.4,0.2,805.0,805.0,805.0,805.0,1.0,0.0,6.0,1.0,0.4,0.2
1974,2,214.0,-10.0,27.6,27.6,27.6,27.6,1.0,0.0,26.0,1.0,0.4,0.3,27.1,27.1,27.1,27.1,1.0,0.0,26.0,1.0,0.4,0.3,17.37,17.37,17.37,17.37,1.0,0.0,26.0,1.0,0.4,0.3,77.4,77.4,77.4,77.4,1.0,0.0,26.0,1.0,0.3,,,,,,,,,,,,,,,,,,,,,,,,,,,,,,,,,,,,,,,,,,,,,,,,,,,,,,,,,,,,,,,,,,,,,,,,,,,,,,,,,,,,,,,,,,,,,,,,,,,,,,,,,,,,,,,,,,,,,,,,,,,,,,,,,,,,,,,,,,,,,,,,,,,,,,,,,,,,,,,,,,,,,,,,,,,,,,,,,,,,,,,,,,,,,,
1974,2,214.0,6.0,25.79,26.2,26.27,26.03,3.0,0.38,20.0,1.0,0.5,0.3,25.41,26.3,26.64,26.03,3.0,0.93,20.0,1.0,0.5,0.3,16.83,17.53,18.24,17.53,3.0,1.03,20.0,1.0,0.5,0.3,77.2,82.1,90.0,83.6,3.0,9.4,20.0,1.0,0.3,6.7,6.7,10.52,8.57,3.0,3.23,20.0,1.0,0.5,0.3,-8.43,-6.3,-6.3,-7.34,3.0,1.81,20.0,1.0,0.5,0.3,-6.12,-2.29,-2.29,-4.16,3.0,3.24,20.0,1.0,0.5,0.3,1009.82,1010.5,1011.32,1010.57,3.0,1.1,20.0,1.0,0.5,0.3,3.0,5.0,6.4,4.7,3.0,2.5,20.0,1.0,0.5,0.3,-92.5,-42.2,-42.2,-66.8,3.0,42.6,20.0,1.0,0.5,0.3,-71.3,-15.4,-15.4,-42.7,3.0,47.3,20.0,1.0,0.5,0.3,-0.37,-0.1,0.38,0.0,3.0,0.56,20.0,1.0,0.5,0.3,-2.5,-0.7,4.8,1.1,3.0,5.6,20.0,1.0,0.5,0.3,2.56,3.75,4.56,3.56,3.0,1.47,20.0,1.0,0.5,0.3,24.9,25.1,30.5,27.6,3.0,4.7,20.0,1.0,0.5,0.3,-214.3,-168.7,-166.6,-190.0,3.0,39.5,20.0,1.0,0.5,0.3,-154.4,-61.4,-60.6,-106.4,3.0,79.0,20.0,1.0,0.5,0.3,-154.4,-110.4,-106.0,-129.7,3.0,39.3,20.0,1.0,0.5,0.3,-112.9,-40.2,-38.6,-74.9,3.0,62.2,20.0,1.0,0.5,0.3,-28.7,-23.6,-20.4,-24.5,3.0,6.1,20.0,1.0,0.5,0.3,-14.4,-11.3,-9.5,-11.9,3.0,3.7,20.0,1.0,0.5,0.3,301.0,301.0,1365.5,821.0,3.0,900.5,20.0,1.0,0.5,0.3,300.0,300.0,1365.0,820.0,3.0,900.0,20.0,1.0,0.5,0.3
1974,2,214.0,9.0,25.0,25.0,25.0,25.0,1.0,0.0,14.0,0.0,0.4,0.0,25.0,25.0,25.0,25.0,1.0,0.0,14.0,0.0,0.4,0.0,16.58,16.58,16.58,16.58,1.0,0.0,14.0,0.0,0.4,0.0,83.9,83.9,83.9,83.9,1.0,0.0,14.0,0.0,0.0,10.8,10.8,10.8,10.8,1.0,0.0,14.0,0.0,0.4,0.0,-10.64,-10.64,-10.64,-10.64,1.0,0.0,14.0,0.0,0.4,0.0,-1.88,-1.88,-1.88,-1.88,1.0,0.0,14.0,0.0,0.4,0.0,1012.5,1012.5,1012.5,1012.5,1.0,0.0,14.0,0.0,0.4,0.0,4.0,4.0,4.0,4.0,1.0,0.0,14.0,0.0,0.4,0.0,-114.9,-114.9,-114.9,-114.9,1.0,0.0,14.0,0.0,0.4,0.0,-20.3,-20.3,-20.3,-20.3,1.0,0.0,14.0,0.0,0.4,0.0,0.0,0.0,0.0,0.0,1.0,0.0,14.0,0.0,0.4,0.0,0.0,0.0,0.0,0.0,1.0,0.0,14.0,0.0,0.4,0.0,3.21,3.21,3.21,3.21,1.0,0.0,14.0,0.0,0.4,0.0,34.7,34.7,34.7,34.7,1.0,0.0,14.0,0.0,0.4,0.0,-265.9,-265.9,-265.9,-265.9,1.0,0.0,14.0,0.0,0.4,0.0,-46.9,-46.9,-46.9,-46.9,1.0,0.0,14.0,0.0,0.4,0.0,-176.3,-176.3,-176.3,-176.3,1.0,0.0,14.0,0.0,0.4,0.0,-31.1,-31.1,-31.1,-31.1,1.0,0.0,14.0,0.0,0.4,0.0,-34.1,-34.1,-34.1,-34.1,1.0,0.0,14.0,0.0,0.4,0.0,-6.0,-6.0,-6.0,-6.0,1.0,0.0,14.0,0.0,0.4,0.0,1259.5,1259.5,1259.5,1259.5,1.0,0.0,14.0,0.0,0.4,0.0,1260.0,1260.0,1260.0,1260.0,1.0,0.0,14.0,0.0,0.4,0.0
1974,2,214.0,12.0,24.4,24.4,24.4,24.4,1.0,0.0,16.0,0.0,0.4,0.5,23.6,23.6,23.6,23.6,1.0,0.0,16.0,0.0,0.4,0.5,15.56,15.56,15.56,15.56,1.0,0.0,16.0,0.0,0.4,0.5,85.9,85.9,85.9,85.9,1.0,0.0,16.0,0.0,0.5,10.3,10.3,10.3,10.3,1.0,0.0,16.0,0.0,0.4,0.5,-8.92,-8.92,-8.92,-8.92,1.0,0.0,16.0,0.0,0.4,0.5,-5.15,-5.15,-5.15,-5.15,1.0,0.0,16.0,0.0,0.4,0.5,1014.2,1014.2,1014.2,1014.2,1.0,0.0,16.0,0.0,0.4,0.5,2.0,2.0,2.0,2.0,1.0,0.0,16.0,0.0,0.4,0.5,-91.9,-91.9,-91.9,-91.9,1.0,0.0,16.0,0.0,0.4,0.5,-53.0,-53.0,-53.0,-53.0,1.0,0.0,16.0,0.0,0.4,0.5,0.8,0.8,0.8,0.8,1.0,0.0,16.0,0.0,0.4,0.5,8.2,8.2,8.2,8.2,1.0,0.0,16.0,0.0,0.4,0.5,3.49,3.49,3.49,3.49,1.0,0.0,16.0,0.0,0.4,0.5,36.0,36.0,36.0,36.0,1.0,0.0,16.0,0.0,0.4,0.5,-210.5,-210.5,-210.5,-210.5,1.0,0.0,16.0,0.0,0.4,0.5,-121.5,-121.5,-121.5,-121.5,1.0,0.0,16.0,0.0,0.4,0.5,-138.8,-138.8,-138.8,-138.8,1.0,0.0,16.0,0.0,0.4,0.5,-80.1,-80.1,-80.1,-80.1,1.0,0.0,16.0,0.0,0.4,0.5,-31.1,-31.1,-31.1,-31.1,1.0,0.0,16.0,0.0,0.4,0.5,-18.0,-18.0,-18.0,-18.0,1.0,0.0,16.0,0.0,0.4,0.5,1092.5,1092.5,1092.5,1092.5,1.0,0.0,16.0,0.0,0.4,0.5,1095.0,1095.0,1095.0,1095.0,1.0,0.0,16.0,0.0,0.4,0.5
1974,2,214.0,14.0,26.0,26.0,26.0,26.0,1.0,0.0,14.0,0.0,1.0,0.7,24.5,24.5,24.5,24.5,1.0,0.0,14.0,0.0,1.0,0.7,17.56,17.56,17.56,17.56,1.0,0.0,14.0,0.0,1.0,0.7,91.9,91.9,91.9,91.9,1.0,0.0,14.0,0.0,0.7,10.8,10.8,10.8,10.8,1.0,0.0,14.0,0.0,1.0,0.7,-10.64,-10.64,-10.64,-10.64,1.0,0.0,14.0,0.0,1.0,0.7,-1.88,-1.88,-1.88,-1.88,1.0,0.0,14.0,0.0,1.0,0.7,1016.5,1016.5,1016.5,1016.5,1.0,0.0,14.0,0.0,1.0,0.7,4.0,4.0,4.0,4.0,1.0,0.0,14.0,0.0,1.0,0.7,-114.9,-114.9,-114.9,-114.9,1.0,0.0,14.0,0.0,1.0,0.7,-20.3,-20.3,-20.3,-20.3,1.0,0.0,14.0,0.0,1.0,0.7,1.5,1.5,1.5,1.5,1.0,0.0,14.0,0.0,1.0,0.7,16.2,16.2,16.2,16.2,1.0,0.0,14.0,0.0,1.0,0.7,3.37,3.37,3.37,3.37,1.0,0.0,14.0,0.0,1.0,0.7,36.4,36.4,36.4,36.4,1.0,0.0,14.0,0.0,1.0,0.7,-260.6,-260.6,-260.6,-260.6,1.0,0.0,14.0,0.0,1.0,0.7,-45.9,-45.9,-45.9,-45.9,1.0,0.0,14.0,0.0,1.0,0.7,-186.7,-186.7,-186.7,-186.7,1.0,0.0,14.0,0.0,1.0,0.7,-32.9,-32.9,-32.9,-32.9,1.0,0.0,14.0,0.0,1.0,0.7,-35.9,-35.9,-35.9,-35.9,1.0,0.0,14.0,0.0,1.0,0.7,-6.3,-6.3,-6.3,-6.3,1.0,0.0,14.0,0.0,1.0,0.7,1259.5,1259.5,1259.5,1259.5,1.0,0.0,14.0,0.0,1.0,0.7,1260.0,1260.0,1260.0,1260.0,1.0,0.0,14.0,0.0,1.0,0.7
1974,2,214.0,15.0,23.56,23.7,24.37,23.96,5.0,0.61,20.0,0.2,0.7,0.4,22.93,23.0,24.06,23.42,5.0,0.72,20.0,0.2,0.7,0.4,13.18,13.65,14.09,13.64,4.0,0.71,20.0,0.3,0.6,0.4,72.2,78.7,79.2,75.8,4.0,6.1,20.0,0.3,0.4,5.93,8.7,10.35,8.22,5.0,2.63,20.0,0.2,0.7,0.4,-10.19,-7.53,-5.14,-7.62,5.0,2.87,20.0,0.2,0.7,0.4,-3.72,-2.3,-1.87,-2.73,5.0,1.1,20.0,0.2,0.7,0.4,1013.03,1013.5,1014.9,1014.02,5.0,1.59,20.0,0.2,0.7,0.4,2.0,2.0,2.7,2.3,3.0,0.6,20.0,0.3,0.5,0.2,-106.0,-65.5,-31.4,-68.6,5.0,42.9,20.0,0.2,0.7,0.4,-28.1,-22.2,-14.5,-21.9,5.0,10.1,20.0,0.2,0.7,0.4,-0.24,0.6,1.3,0.54,5.0,1.09,20.0,0.2,0.7,0.4,-3.0,2.8,11.0,3.8,5.0,11.0,20.0,0.2,0.7,0.4,4.27,4.56,4.98,4.62,4.0,0.52,20.0,0.3,0.6,0.4,25.6,33.1,48.2,36.7,4.0,16.7,20.0,0.3,0.6,0.4,-240.5,-179.3,-117.4,-179.6,5.0,71.5,20.0,0.2,0.7,0.4,-86.3,-52.9,-44.8,-64.0,5.0,26.0,20.0,0.2,0.7,0.4,-126.3,-94.2,-66.2,-96.1,4.0,37.8,20.0,0.3,0.6,0.4,-54.8,-38.6,-28.0,-41.3,4.0,16.9,20.0,0.3,0.6,0.4,-45.5,-28.7,-22.2,-33.6,4.0,17.8,20.0,0.3,0.6,0.4,-16.6,-12.9,-10.4,-13.5,4.0,3.7,20.0,0.3,0.6,0.4,226.5,658.5,1124.5,688.0,5.0,532.5,20.0,0.2,0.7,0.4,225.0,660.0,1125.0,690.0,5.0,530.0,20.0,0.2,0.7,0.4
1974,2,214.0,16.0,23.1,23.3,23.5,23.3,2.0,0.42,12.0,0.5,0.3,0.3,23.32,24.0,24.68,24.0,2.0,1.41,12.0,0.5,0.3,0.3,14.2,14.62,15.04,14.62,2.0,0.88,12.0,0.5,0.3,0.3,77.9,78.8,79.7,78.8,2.0,1.9,12.0,0.5,0.3,5.5,7.45,9.4,7.45,2.0,4.03,12.0,0.5,0.3,0.3,-9.3,-7.14,-4.99,-7.14,2.0,4.47,12.0,0.5,0.3,0.3,-1.93,-1.15,-0.37,-1.15,2.0,1.63,12.0,0.5,0.3,0.3,1013.9,1014.75,1015.6,1014.75,2.0,1.77,12.0,0.5,0.3,0.3,3.0,3.0,3.0,3.0,2.0,0.0,12.0,0.5,0.3,0.3,-92.2,-62.2,-32.3,-62.2,2.0,62.1,12.0,0.5,0.3,0.3,-8.9,-5.3,-1.7,-5.3,2.0,7.5,12.0,0.5,0.3,0.3,-1.59,-0.7,0.19,-0.7,2.0,1.84,12.0,0.5,0.3,0.3,-16.9,-8.9,-0.9,-8.9,2.0,16.5,12.0,0.5,0.3,0.3,2.52,3.19,3.85,3.19,2.0,1.37,12.0,0.5,0.3,0.3,19.7,21.0,22.2,21.0,2.0,2.6,12.0,0.5,0.3,0.3,-231.2,-174.6,-117.9,-174.6,2.0,117.3,12.0,0.5,0.3,0.3,-44.5,-26.4,-8.4,-26.4,2.0,37.4,12.0,0.5,0.3,0.3,-140.9,-106.4,-71.8,-106.4,2.0,71.6,12.0,0.5,0.3,0.3,-27.1,-16.1,-5.1,-16.1,2.0,22.8,12.0,0.5,0.3,0.3,-21.8,-19.7,-17.6,-19.7,2.0,4.4,12.0,0.5,0.3,0.3,-8.0,-4.8,-1.5,-4.8,2.0,6.8,12.0,0.5,0.3,0.3,255.5,595.0,935.0,595.0,2.0,704.0,12.0,0.5,0.3,0.3,255.0,595.0,935.0,595.0,2.0,705.0,12.0,0.5,0.3,0.3
1974,2,214.0,17.0,23.8,23.8,23.8,23.8,2.0,0.0,10.0,0.0,0.5,0.2,22.29,22.9,25.02,23.63,3.0,2.1,14.0,0.3,0.5,0.3,12.15,12.47,12.79,12.47,2.0,0.67,10.0,0.0,0.5,0.2,70.9,74.2,77.5,74.2,2.0,6.8,10.0,0.0,0.2,6.43,9.3,9.64,8.07,3.0,2.58,14.0,0.3,0.5,0.3,-9.04,-8.49,-5.97,-7.53,3.0,2.4,14.0,0.3,0.5,0.3,-3.9,-1.74,-0.55,-2.21,3.0,2.48,14.0,0.3,0.5,0.3,1015.93,1016.2,1016.47,1016.2,2.0,0.57,10.0,0.0,0.5,0.2,2.0,4.0,4.0,3.0,3.0,1.7,14.0,0.3,0.5,0.3,-85.4,-83.2,-43.1,-64.7,3.0,34.9,14.0,0.3,0.5,0.3,-35.6,-8.9,-2.8,-19.0,3.0,25.5,14.0,0.3,0.5,0.3,1.04,1.35,1.66,1.35,2.0,0.64,10.0,0.0,0.5,0.2,8.9,9.0,9.1,9.0,2.0,0.3,10.0,0.0,0.5,0.2,5.53,5.86,6.19,5.86,2.0,0.68,10.0,0.0,0.5,0.2,32.9,44.8,56.6,44.8,2.0,24.5,10.0,0.0,0.5,0.2,-226.7,-194.4,-133.7,-180.5,3.0,69.2,14.0,0.3,0.5,0.3,-88.8,-38.4,-12.2,-50.2,3.0,57.0,14.0,0.3,0.5,0.3,-95.5,-81.9,-68.3,-81.9,2.0,28.2,10.0,0.0,0.5,0.2,-53.0,-40.7,-28.3,-40.7,2.0,25.6,10.0,0.0,0.5,0.2,-49.3,-39.8,-30.2,-39.8,2.0,19.8,10.0,0.0,0.5,0.2,-27.6,-20.2,-12.8,-20.2,2.0,15.3,10.0,0.0,0.5,0.2,346.0,804.5,898.0,626.0,3.0,433.0,14.0,0.3,0.5,0.3,345.0,805.0,900.0,625.0,3.0,435.0,14.0,0.3,0.5,0.3
1974,2,214.0,18.0,,,,,,,,,,,,,,,,,,,,,,,,,,,,,,,,,,,,,,,,15.0,15.0,15.0,15.0,1.0,0.0,20.0,1.0,1.0,0.0,-15.0,-15.0,-15.0,-15.0,1.0,0.0,20.0,1.0,1.0,0.0,0.0,0.0,0.0,0.0,1.0,0.0,20.0,1.0,1.0,0.0,1018.4,1018.4,1018.4,1018.4,1.0,0.0,20.0,1.0,1.0,0.0,,,,,,,,,,,,,,,,,,,,,,,,,,,,,,,,,,,,,,,,,,,,,,,,,,,,,,,,,,,,,,,,,,,,,,,,,,,,,,,,,,,,,,,,,,,,,,,,,,,,,,,,,,,,,,,,,,,,,,,,,,,,,,,,,,,,,,,,,,,,,,,,,,,,,,
1974,2,214.0,19.0,23.68,24.0,24.5,24.04,5.0,0.5,16.0,1.0,0.3,0.1,22.3,23.9,24.5,23.8,6.0,1.51,18.0,0.8,0.4,0.1,10.69,13.42,14.72,13.03,6.0,2.03,18.0,0.8,0.4,0.1,63.7,67.9,80.3,71.1,6.0,8.9,18.0,0.8,0.1,6.94,7.45,10.4,8.28,6.0,1.79,18.0,0.8,0.4,0.1,-10.18,-7.16,-6.83,-8.04,6.0,1.7,18.0,0.8,0.4,0.1,-2.85,0.58,1.22,-0.45,6.0,2.18,18.0,0.8,0.4,0.1,1015.77,1017.2,1017.84,1016.8,6.0,1.36,18.0,0.8,0.4,0.1,0.0,4.5,6.0,3.5,6.0,2.8,18.0,0.8,0.4,0.1,-106.8,-53.4,-47.4,-69.2,6.0,30.2,18.0,0.8,0.4,0.1,-24.3,3.9,8.6,-5.8,6.0,20.1,18.0,0.8,0.4,0.1,-1.23,0.0,2.2,0.28,5.0,1.99,16.0,1.0,0.3,0.1,-9.4,0.0,15.6,1.9,5.0,13.9,16.0,1.0,0.3,0.1,3.15,4.83,8.44,5.59,5.0,2.72,16.0,1.0,0.3,0.1,28.8,33.8,60.0,41.8,5.0,17.3,16.0,1.0,0.3,0.1,-243.9,-173.9,-157.2,-191.4,6.0,41.8,18.0,0.8,0.4,0.1,-68.5,13.6,28.5,-11.0,6.0,52.1,18.0,0.8,0.4,0.1,-137.1,-101.4,-75.4,-105.8,6.0,31.5,18.0,0.8,0.4,0.1,-42.7,6.4,13.9,-8.0,6.0,29.3,18.0,0.8,0.4,0.1,-59.1,-33.8,-28.0,-41.0,5.0,17.2,16.0,1.0,0.3,0.1,-2.8,5.6,10.4,3.8,5.0,7.7,16.0,1.0,0.3,0.1,334.5,415.0,1127.0,637.5,6.0,423.5,18.0,0.8,0.4,0.1,335.0,415.0,1125.0,640.0,6.0,425.0,18.0,0.8,0.4,0.1
1974,2,214.0,20.0,22.0,22.1,23.37,22.58,5.0,0.75,16.0,0.6,0.4,0.4,20.45,22.0,23.74,22.06,5.0,1.95,16.0,0.6,0.4,0.4,10.23,12.03,13.22,11.74,4.0,1.91,18.0,0.5,0.4,0.2,62.8,71.9,80.3,71.6,4.0,10.6,18.0,0.5,0.2,7.79,9.8,12.25,9.98,5.0,2.88,16.0,0.6,0.4,0.4,-12.25,-9.8,-7.75,-9.96,5.0,2.91,16.0,0.6,0.4,0.4,-0.39,0.0,0.0,-0.22,5.0,0.48,16.0,0.6,0.4,0.4,1018.34,1020.0,1021.49,1019.82,5.0,2.11,16.0,0.6,0.4,0.4,3.5,5.0,8.0,5.4,5.0,2.9,16.0,0.6,0.4,0.4,-151.6,-96.0,-61.9,-106.1,5.0,58.6,16.0,0.6,0.4,0.4,-2.4,0.0,0.0,-1.3,5.0,3.0,16.0,0.6,0.4,0.4,-0.91,0.0,2.54,0.52,5.0,2.12,16.0,0.6,0.4,0.4,-12.7,0.0,24.5,3.3,5.0,25.0,16.0,0.6,0.4,0.4,4.54,5.14,6.24,5.38,4.0,1.3,18.0,0.5,0.4,0.2,34.8,57.9,76.0,55.5,4.0,25.2,18.0,0.5,0.4,0.2,-264.2,-215.6,-167.9,-220.3,5.0,74.1,16.0,0.6,0.4,0.4,-9.2,0.0,0.0,-5.0,5.0,11.2,16.0,0.6,0.4,0.4,-135.1,-108.0,-93.5,-114.0,4.0,30.9,18.0,0.5,0.4,0.2,-7.7,0.0,0.0,-3.7,4.0,7.3,18.0,0.5,0.4,0.2,-76.0,-57.9,-34.6,-55.4,4.0,25.3,18.0,0.5,0.4,0.2,-2.3,0.0,0.0,-1.1,4.0,2.2,18.0,0.5,0.4,0.2,505.0,941.0,1896.5,1193.5,5.0,942.0,16.0,0.6,0.4,0.4,505.0,940.0,1895.0,1195.0,5.0,940.0,16.0,0.6,0.4,0.4
1974,2,214.0,21.0,22.38,23.9,24.39,23.49,15.0,1.1,18.0,0.5,0.5,0.3,21.19,22.2,23.0,22.27,15.0,1.16,18.0,0.5,0.5,0.3,10.99,12.61,13.35,12.57,14.0,1.52,18.0,0.4,0.5,0.3,68.3,75.7,81.9,75.1,14.0,9.1,18.0,0.4,0.3,5.1,8.7,12.77,8.91,15.0,3.91,18.0,0.5,0.5,0.3,-12.61,-8.57,-4.97,-8.64,15.0,4.01,18.0,0.5,0.5,0.3,-1.59,0.0,0.0,-0.29,15.0,2.05,18.0,0.5,0.5,0.3,1017.3,1020.4,1023.59,1020.2,15.0,2.69,18.0,0.5,0.5,0.3,2.0,5.0,7.8,4.7,15.0,2.5,18.0,0.5,0.5,0.3,-161.1,-74.5,-25.6,-91.5,15.0,75.1,18.0,0.5,0.5,0.3,-14.6,0.0,0.0,-3.9,15.0,18.3,18.0,0.5,0.5,0.3,-0.39,1.0,2.46,1.23,15.0,1.83,18.0,0.5,0.5,0.3,-5.3,6.2,28.9,11.6,15.0,17.7,18.0,0.5,0.5,0.3,2.89,5.13,7.44,5.22,14.0,1.96,18.0,0.4,0.5,0.3,19.6,43.5,95.4,49.0,14.0,35.3,18.0,0.4,0.5,0.3,-284.1,-184.1,-115.0,-192.4,15.0,91.5,18.0,0.5,0.5,0.3,-35.4,0.0,0.0,-5.9,15.0,47.6,18.0,0.5,0.5,0.3,-144.6,-107.6,-65.1,-106.1,14.0,47.1,18.0,0.4,0.5,0.3,-24.4,0.0,0.0,-4.2,14.0,28.2,18.0,0.4,0.5,0.3,-95.3,-35.7,-19.6,-47.6,14.0,35.8,18.0,0.4,0.5,0.3,-8.0,0.0,0.0,-0.3,14.0,10.9,18.0,0.4,0.5,0.3,132.5,658.5,2083.5,1100.5,15.0,1235.5,18.0,0.5,0.5,0.3,135.0,660.0,2085.0,1100.0,15.0,1235.0,18.0,0.5,0.5,0.3
1974,2,214.0,22.0,22.44,22.75,23.43,22.93,4.0,0.76,18.0,0.8,0.5,0.5,20.0,20.25,21.13,20.55,4.0,0.8,18.0,0.8,0.5,0.5,10.74,11.88,13.07,11.9,4.0,1.34,18.0,0.8,0.5,0.5,73.4,77.7,86.3,79.7,4.0,8.4,18.0,0.8,0.5,5.58,7.2,7.99,6.8,4.0,1.93,18.0,0.8,0.5,0.5,-6.4,-4.68,-3.39,-4.89,4.0,1.87,18.0,0.8,0.5,0.5,-6.49,-3.02,-0.67,-3.55,4.0,3.64,18.0,0.8,0.5,0.5,1019.55,1019.8,1020.52,1020.03,4.0,0.68,18.0,0.8,0.5,0.5,3.0,4.0,6.1,4.5,4.0,2.5,18.0,0.8,0.5,0.5,-46.1,-32.8,-20.6,-33.3,4.0,15.8,18.0,0.8,0.5,0.5,-53.1,-19.5,-2.7,-27.5,4.0,32.5,18.0,0.8,0.5,0.5,1.62,2.2,3.14,2.38,4.0,1.2,18.0,0.8,0.5,0.5,9.9,17.5,24.2,17.1,4.0,10.0,18.0,0.8,0.5,0.5,4.74,5.59,6.08,5.42,4.0,0.9,18.0,0.8,0.5,0.5,27.3,40.3,48.7,38.1,4.0,15.6,18.0,0.8,0.5,0.5,-128.0,-97.0,-71.8,-99.7,4.0,35.7,18.0,0.8,0.5,0.5,-131.9,-61.5,-14.5,-72.6,4.0,74.1,18.0,0.8,0.5,0.5,-74.9,-61.3,-40.6,-57.9,4.0,20.9,18.0,0.8,0.5,0.5,-75.2,-39.5,-8.7,-41.8,4.0,40.1,18.0,0.8,0.5,0.5,-36.1,-24.1,-17.4,-26.6,4.0,11.8,18.0,0.8,0.5,0.5,-38.7,-15.3,-2.8,-20.5,4.0,23.2,18.0,0.8,0.5,0.5,214.0,373.0,522.5,368.5,4.0,241.0,18.0,0.8,0.5,0.5,215.0,375.0,525.0,370.0,4.0,240.0,18.0,0.8,0.5,0.5
1974,2,214.0,23.0,22.8,22.8,22.8,22.8,2.0,0.0,20.0,1.0,0.7,0.1,21.5,21.5,21.5,21.5,2.0,0.0,20.0,1.0,0.7,0.1,11.03,11.1,11.18,11.1,2.0,0.15,20.0,1.0,0.7,0.1,69.8,70.2,70.7,70.2,2.0,1.0,20.0,1.0,0.1,10.83,10.9,10.97,10.9,2.0,0.14,20.0,1.0,0.7,0.1,-9.5,-9.44,-9.38,-9.44,2.0,0.12,20.0,1.0,0.7,0.1,-5.48,-5.45,-5.42,-5.45,2.0,0.07,20.0,1.0,0.7,0.1,1019.5,1019.5,1019.5,1019.5,2.0,0.0,20.0,1.0,0.7,0.1,5.0,5.0,5.0,5.0,2.0,0.0,20.0,1.0,0.7,0.1,-104.2,-102.9,-101.6,-102.9,2.0,2.7,20.0,1.0,0.7,0.1,-60.2,-59.4,-58.7,-59.4,2.0,1.5,20.0,1.0,0.7,0.1,1.3,1.3,1.3,1.3,2.0,0.0,20.0,1.0,0.7,0.1,14.1,14.2,14.3,14.2,2.0,0.2,20.0,1.0,0.7,0.1,6.01,6.08,6.15,6.08,2.0,0.15,20.0,1.0,0.7,0.1,65.9,66.3,66.7,66.3,2.0,0.8,20.0,1.0,0.7,0.1,-204.2,-203.0,-201.7,-203.0,2.0,2.6,20.0,1.0,0.7,0.1,-117.9,-117.2,-116.4,-117.2,2.0,1.5,20.0,1.0,0.7,0.1,-106.2,-104.8,-103.5,-104.8,2.0,2.8,20.0,1.0,0.7,0.1,-61.3,-60.5,-59.7,-60.5,2.0,1.6,20.0,1.0,0.7,0.1,-57.7,-57.4,-57.1,-57.4,2.0,0.7,20.0,1.0,0.7,0.1,-33.3,-33.1,-32.9,-33.1,2.0,0.4,20.0,1.0,0.7,0.1,1271.0,1295.5,1319.5,1295.5,2.0,50.5,20.0,1.0,0.7,0.1,1270.0,1295.0,1320.0,1295.0,2.0,50.0,20.0,1.0,0.7,0.1
1974,2,214.0,24.0,22.74,23.25,23.76,23.25,2.0,1.06,28.0,0.0,0.6,0.5,20.58,20.75,20.92,20.75,2.0,0.35,28.0,0.0,0.6,0.5,11.06,11.06,11.06,11.06,1.0,0.0,28.0,0.0,0.5,0.9,74.4,74.4,74.4,74.4,1.0,0.0,28.0,0.0,0.9,4.18,4.35,4.52,4.35,2.0,0.35,28.0,0.0,0.6,0.5,-3.92,-3.53,-3.14,-3.53,2.0,0.81,28.0,0.0,0.6,0.5,-2.96,-1.76,-0.56,-1.76,2.0,2.49,28.0,0.0,0.6,0.5,1020.41,1020.65,1020.89,1020.65,2.0,0.5,28.0,0.0,0.6,0.5,1.6,3.0,4.4,3.0,2.0,2.8,28.0,0.0,0.6,0.5,-16.3,-15.2,-14.1,-15.2,2.0,2.3,28.0,0.0,0.6,0.5,-13.6,-8.1,-2.6,-8.1,2.0,11.5,28.0,0.0,0.6,0.5,2.16,2.5,2.84,2.5,2.0,0.71,28.0,0.0,0.6,0.5,9.1,11.0,12.9,11.0,2.0,4.0,28.0,0.0,0.6,0.5,5.8,5.8,5.8,5.8,1.0,0.0,28.0,0.0,0.5,0.9,23.8,23.8,23.8,23.8,1.0,0.0,28.0,0.0,0.5,0.9,-80.6,-73.1,-65.6,-73.1,2.0,15.5,28.0,0.0,0.6,0.5,-62.3,-37.0,-11.7,-37.0,2.0,52.3,28.0,0.0,0.6,0.5,-45.3,-45.3,-45.3,-45.3,1.0,0.0,28.0,0.0,0.5,0.9,0.0,0.0,0.0,0.0,1.0,0.0,28.0,0.0,0.5,0.9,-23.8,-23.8,-23.8,-23.8,1.0,0.0,28.0,0.0,0.5,0.9,0.0,0.0,0.0,0.0,1.0,0.0,28.0,0.0,0.5,0.9,73.5,83.0,93.0,83.0,2.0,20.0,28.0,0.0,0.6,0.5,75.0,85.0,95.0,85.0,2.0,20.0,28.0,0.0,0.6,0.5
1974,2,214.0,25.0,19.59,20.0,22.25,20.9,3.0,2.1,16.0,0.7,0.8,0.5,20.76,22.5,23.56,22.18,4.0,1.76,18.0,0.8,0.6,0.4,10.2,11.7,12.45,11.33,3.0,1.68,24.0,0.7,0.6,0.5,67.8,70.4,72.3,70.1,3.0,3.3,24.0,0.7,0.5,7.7,8.2,8.7,8.2,4.0,0.58,18.0,0.8,0.6,0.4,-8.7,-8.14,-7.58,-8.14,4.0,0.64,18.0,0.8,0.6,0.4,0.0,0.67,1.34,0.67,4.0,0.77,18.0,0.8,0.6,0.4,1021.49,1021.85,1022.47,1021.98,4.0,0.68,18.0,0.8,0.6,0.4,5.3,6.0,6.7,6.0,3.0,1.0,18.0,0.7,0.5,0.3,-75.7,-67.0,-58.4,-67.0,4.0,10.0,18.0,0.8,0.6,0.4,0.0,5.1,10.3,5.1,4.0,5.9,18.0,0.8,0.6,0.4,-2.82,-0.5,-0.09,-1.43,3.0,2.16,16.0,0.7,0.8,0.5,-24.4,-3.8,-0.6,-12.3,3.0,18.9,16.0,0.7,0.8,0.5,4.89,4.89,4.9,4.89,2.0,0.01,22.0,0.5,0.9,0.7,38.4,40.1,41.8,40.1,2.0,3.5,22.0,0.5,0.9,0.7,-192.1,-176.8,-168.6,-180.2,4.0,16.3,18.0,0.8,0.6,0.4,0.0,14.5,30.5,15.2,4.0,17.6,18.0,0.8,0.6,0.4,-94.4,-88.7,-84.6,-89.5,3.0,7.2,24.0,0.7,0.6,0.5,5.0,15.6,16.6,10.9,3.0,9.5,24.0,0.7,0.6,0.5,-41.8,-39.9,-38.0,-39.9,2.0,3.9,22.0,0.5,0.9,0.7,1.0,3.3,5.5,3.3,2.0,4.6,22.0,0.5,0.9,0.7,456.5,557.5,658.5,557.5,4.0,116.5,18.0,0.8,0.6,0.4,455.0,560.0,660.0,560.0,4.0,115.0,18.0,0.8,0.6,0.4
1974,2,214.0,26.0,20.0,21.0,21.42,20.85,11.0,0.62,20.0,0.4,0.7,0.6,18.97,20.0,21.41,20.28,12.0,1.31,20.0,0.3,0.6,0.6,9.85,10.76,12.0,10.89,10.0,1.32,22.0,0.3,0.6,0.6,68.8,73.4,83.8,74.8,10.0,9.3,22.0,0.3,0.6,4.97,7.45,8.85,7.03,12.0,2.15,20.0,0.3,0.6,0.6,-7.29,-5.46,1.84,-3.19,12.0,5.85,20.0,0.3,0.6,0.6,-3.01,0.65,3.52,0.2,12.0,3.62,20.0,0.3,0.6,0.6,1020.2,1022.4,1025.12,1022.51,11.0,3.51,20.0,0.4,0.7,0.6,1.7,3.0,5.3,3.3,12.0,1.8,20.0,0.3,0.6,0.6,-60.1,-31.1,14.2,-22.0,12.0,50.8,20.0,0.3,0.6,0.6,-23.7,1.7,31.3,1.3,12.0,28.9,20.0,0.3,0.6,0.6,-0.7,1.0,1.59,0.55,11.0,1.43,20.0,0.4,0.7,0.6,-5.1,6.7,9.9,3.5,11.0,9.6,20.0,0.4,0.7,0.6,3.11,4.65,5.26,4.3,10.0,1.18,22.0,0.3,0.6,0.6,14.9,28.5,42.9,29.8,10.0,13.7,22.0,0.3,0.6,0.6,-145.7,-115.4,38.6,-62.5,12.0,122.6,20.0,0.3,0.6,0.6,-61.1,12.3,73.0,6.4,12.0,70.2,20.0,0.3,0.6,0.6,-84.1,-57.7,-10.0,-41.7,10.0,59.0,22.0,0.3,0.6,0.6,-33.6,19.1,42.9,7.8,10.0,40.0,22.0,0.3,0.6,0.6,-35.6,-18.9,-3.6,-17.1,10.0,22.3,22.0,0.3,0.6,0.6,-7.6,7.5,15.0,1.6,10.0,18.6,22.0,0.3,0.6,0.6,123.5,415.0,695.5,431.5,12.0,312.5,20.0,0.3,0.6,0.6,125.0,415.0,695.0,430.0,12.0,310.0,20.0,0.3,0.6,0.6
1974,2,214.0,27.0,20.0,20.9,21.99,21.01,18.0,1.22,14.0,0.4,0.6,0.4,18.91,20.0,21.1,19.89,19.0,1.48,14.0,0.5,0.6,0.4,9.49,10.46,11.66,10.55,17.0,1.25,14.0,0.5,0.6,0.4,66.3,73.2,81.6,73.8,17.0,7.6,14.0,0.5,0.4,4.81,6.7,8.2,6.0,19.0,2.14,14.0,0.5,0.6,0.4,-7.76,-4.95,-1.57,-4.57,19.0,2.88,14.0,0.5,0.6,0.4,-4.42,1.16,3.86,0.23,19.0,3.5,14.0,0.5,0.6,0.4,1019.89,1022.0,1024.2,1022.06,19.0,2.56,14.0,0.5,0.6,0.4,1.0,3.0,5.3,3.3,19.0,2.2,14.0,0.5,0.6,0.4,-63.6,-34.4,-7.2,-32.4,19.0,25.6,14.0,0.5,0.6,0.4,-22.8,4.8,23.8,2.3,19.0,22.1,14.0,0.5,0.6,0.4,-0.28,1.6,2.43,1.14,17.0,1.58,14.0,0.5,0.6,0.4,-1.4,6.2,16.1,7.0,17.0,10.9,14.0,0.5,0.6,0.4,3.51,5.05,5.6,4.86,17.0,1.09,14.0,0.5,0.6,0.4,17.3,28.9,38.1,27.9,17.0,12.6,14.0,0.5,0.6,0.4,-156.8,-99.0,-28.0,-92.5,19.0,58.4,14.0,0.5,0.6,0.4,-81.8,22.1,79.1,7.3,19.0,68.9,14.0,0.5,0.6,0.4,-85.6,-40.2,-11.6,-46.5,17.0,33.2,14.0,0.5,0.6,0.4,-41.9,15.4,45.4,6.2,17.0,36.5,14.0,0.5,0.6,0.4,-33.4,-15.5,-4.6,-20.3,17.0,15.1,14.0,0.5,0.6,0.4,-15.9,5.0,16.9,1.5,17.0,17.8,14.0,0.5,0.6,0.4,118.0,301.0,551.5,288.0,19.0,222.0,14.0,0.5,0.6,0.4,120.0,300.0,550.0,290.0,19.0,220.0,14.0,0.5,0.6,0.4
1974,2,214.0,28.0,20.04,20.8,21.1,20.61,8.0,0.83,12.0,0.5,0.4,0.5,18.3,19.4,20.44,19.36,9.0,1.18,12.0,0.6,0.4,0.5,9.16,11.27,11.95,10.82,9.0,1.65,12.0,0.6,0.4,0.5,68.0,75.5,88.9,78.3,9.0,10.7,12.0,0.6,0.5,4.73,6.2,9.0,6.91,9.0,2.97,12.0,0.6,0.4,0.5,-7.7,-5.02,-2.47,-4.94,9.0,4.27,12.0,0.6,0.4,0.5,-3.96,0.89,3.02,0.4,9.0,4.08,12.0,0.6,0.4,0.5,1019.54,1023.5,1026.76,1023.08,9.0,3.49,12.0,0.6,0.4,0.5,2.0,2.0,5.7,3.0,8.0,2.3,12.0,0.5,0.3,0.5,-62.1,-33.3,-9.4,-42.7,9.0,49.6,12.0,0.6,0.4,0.5,-19.5,3.3,22.0,3.3,9.0,36.1,12.0,0.6,0.4,0.5,0.0,1.55,2.46,1.26,8.0,1.5,12.0,0.5,0.4,0.5,0.0,8.1,10.1,9.4,8.0,15.0,12.0,0.5,0.4,0.5,2.3,4.72,6.19,4.29,8.0,2.01,12.0,0.5,0.4,0.5,9.8,29.9,43.1,31.0,8.0,24.0,12.0,0.5,0.4,0.5,-152.8,-95.8,-44.5,-95.3,9.0,81.7,12.0,0.6,0.4,0.5,-76.7,16.8,62.4,9.9,9.0,81.0,12.0,0.6,0.4,0.5,-87.5,-52.5,-24.4,-52.7,9.0,45.0,12.0,0.6,0.4,0.5,-41.0,7.8,40.3,7.2,9.0,44.8,12.0,0.6,0.4,0.5,-42.8,-15.3,-7.3,-23.9,8.0,26.2,12.0,0.5,0.4,0.5,-21.6,1.3,5.6,-2.1,8.0,18.1,12.0,0.5,0.4,0.5,107.0,238.5,736.0,510.0,9.0,664.0,12.0,0.6,0.4,0.5,105.0,240.0,735.0,510.0,9.0,665.0,12.0,0.6,0.4,0.5
1974,2,214.0,29.0,18.89,20.0,20.84,19.82,10.0,1.41,14.0,0.6,0.6,0.6,17.62,19.7,20.93,19.57,12.0,2.02,14.0,0.7,0.6,0.6,9.99,11.06,12.24,11.02,11.0,1.3,14.0,0.6,0.6,0.6,72.9,78.1,83.1,78.8,11.0,6.5,14.0,0.6,0.6,4.35,7.7,9.3,6.98,12.0,2.54,14.0,0.7,0.6,0.6,-6.81,-3.45,2.04,-2.76,12.0,4.38,14.0,0.7,0.6,0.6,-6.2,2.21,5.65,0.59,12.0,5.63,14.0,0.7,0.6,0.6,1020.88,1022.0,1025.68,1023.3,11.0,3.24,14.0,0.6,0.6,0.6,3.7,6.5,8.0,6.0,12.0,2.2,14.0,0.7,0.6,0.6,-55.6,-21.9,15.5,-22.7,12.0,37.2,14.0,0.7,0.6,0.6,-48.7,6.4,56.4,4.8,12.0,48.1,14.0,0.7,0.6,0.6,-2.49,0.5,2.13,0.11,10.0,2.24,14.0,0.6,0.6,0.6,-7.4,4.9,16.8,4.2,10.0,13.1,14.0,0.6,0.6,0.6,1.95,2.92,4.7,3.32,10.0,1.47,14.0,0.6,0.6,0.6,9.0,26.0,35.6,24.2,10.0,14.1,14.0,0.6,0.6,0.6,-122.2,-66.3,43.9,-49.7,12.0,85.1,14.0,0.7,0.6,0.6,-119.4,45.5,106.2,16.4,12.0,106.4,14.0,0.7,0.6,0.6,-75.5,-39.8,7.9,-36.7,11.0,43.2,14.0,0.6,0.6,0.6,-53.6,26.8,64.5,16.4,11.0,57.9,14.0,0.6,0.6,0.6,-21.8,-16.6,2.8,-11.6,10.0,13.0,14.0,0.6,0.6,0.6,-20.8,7.0,17.0,0.6,10.0,23.0,14.0,0.6,0.6,0.6,84.5,456.5,804.5,455.0,12.0,339.5,14.0,0.7,0.6,0.6,85.0,455.0,805.0,455.0,12.0,340.0,14.0,0.7,0.6,0.6
1974,2,214.0,30.0,18.03,19.85,20.0,19.19,8.0,1.25,16.0,0.5,0.5,0.4,16.29,18.0,19.91,18.08,11.0,1.63,14.0,0.6,0.5,0.5,6.97,9.43,10.61,9.01,10.0,1.81,14.0,0.6,0.5,0.4,62.7,70.8,81.7,70.7,10.0,11.5,14.0,0.6,0.4,2.94,4.85,7.99,5.87,12.0,4.33,12.0,0.6,0.5,0.4,-3.94,-1.91,1.92,-1.34,12.0,3.1,12.0,0.6,0.5,0.4,-5.37,0.31,4.19,0.22,12.0,6.69,12.0,0.6,0.5,0.4,1015.52,1024.3,1025.13,1020.73,12.0,9.11,12.0,0.6,0.5,0.4,4.0,6.0,8.0,5.7,11.0,2.2,12.0,0.5,0.6,0.4,-28.6,-7.8,9.4,-6.9,12.0,24.7,12.0,0.6,0.5,0.4,-33.3,0.5,20.8,13.0,12.0,91.9,12.0,0.6,0.5,0.4,0.02,0.8,3.78,1.16,8.0,2.17,16.0,0.5,0.5,0.4,0.0,5.4,23.0,6.3,8.0,13.9,16.0,0.5,0.5,0.4,2.34,4.38,7.15,4.54,8.0,2.16,16.0,0.5,0.5,0.4,11.7,23.3,44.7,25.8,8.0,16.1,16.0,0.5,0.5,0.4,-75.8,-49.6,17.2,-30.3,11.0,54.1,14.0,0.6,0.5,0.5,-87.0,0.0,44.8,-19.5,11.0,77.2,14.0,0.6,0.5,0.5,-43.7,-14.4,10.3,-13.8,10.0,29.4,14.0,0.6,0.5,0.4,-39.8,-3.1,29.3,-8.8,10.0,40.0,14.0,0.6,0.5,0.4,-21.7,-11.9,7.9,-6.7,8.0,15.2,16.0,0.5,0.5,0.4,-39.0,-12.1,6.6,-14.9,8.0,22.1,16.0,0.5,0.5,0.4,35.0,115.0,556.0,606.0,12.0,1389.0,12.0,0.6,0.5,0.4,35.0,115.0,555.0,605.0,12.0,1390.0,12.0,0.6,0.5,0.4
1974,2,214.0,31.0,17.95,19.0,19.43,18.62,12.0,1.05,18.0,0.6,0.5,0.4,16.37,18.0,18.68,17.73,12.0,1.13,18.0,0.6,0.5,0.4,8.77,10.37,11.01,9.98,12.0,1.16,18.0,0.6,0.5,0.4,72.3,80.6,88.0,80.2,12.0,9.0,18.0,0.6,0.4,0.0,6.45,8.73,5.7,12.0,4.63,18.0,0.6,0.5,0.4,-4.36,0.0,3.2,-0.5,12.0,4.22,18.0,0.6,0.5,0.4,-1.72,2.53,4.9,0.58,12.0,6.2,18.0,0.6,0.5,0.4,1023.42,1024.9,1026.25,1024.75,12.0,2.1,18.0,0.6,0.5,0.4,5.9,7.5,8.0,7.0,10.0,1.4,16.0,0.6,0.6,0.4,-33.8,0.0,21.7,-5.5,12.0,33.9,18.0,0.6,0.5,0.4,-12.4,10.2,36.3,-6.1,12.0,78.6,18.0,0.6,0.5,0.4,-0.33,0.65,2.4,0.88,12.0,1.46,18.0,0.6,0.5,0.4,-1.0,0.0,20.4,7.6,12.0,15.4,18.0,0.6,0.5,0.4,1.96,3.1,4.49,3.22,12.0,1.67,18.0,0.6,0.5,0.4,0.0,13.4,38.2,19.9,12.0,20.5,18.0,0.6,0.5,0.4,-73.6,0.0,54.6,-8.4,12.0,76.4,18.0,0.6,0.5,0.4,-27.0,44.1,87.4,12.2,12.0,105.4,18.0,0.6,0.5,0.4,-42.8,0.0,28.5,-6.5,12.0,41.7,18.0,0.6,0.5,0.4,-13.0,24.9,51.9,6.8,12.0,62.1,18.0,0.6,0.5,0.4,-13.6,0.0,11.1,0.2,12.0,14.5,18.0,0.6,0.5,0.4,-10.9,2.9,13.1,-1.9,12.0,25.2,18.0,0.6,0.5,0.4,0.0,269.5,689.0,558.0,12.0,1024.0,18.0,0.6,0.5,0.4,0.0,270.0,690.0,560.0,12.0,1025.0,18.0,0.6,0.5,0.4
1974,2,214.0,32.0,16.89,17.8,18.5,17.92,6.0,1.8,20.0,0.7,0.3,0.4,14.87,16.7,17.4,16.23,7.0,2.18,20.0,0.6,0.4,0.4,8.43,9.65,10.56,9.15,7.0,2.68,20.0,0.6,0.4,0.4,79.9,83.0,88.3,78.8,7.0,16.6,20.0,0.6,0.4,3.53,8.2,9.4,6.99,7.0,3.24,20.0,0.6,0.4,0.4,-4.86,0.0,2.44,-0.24,7.0,5.24,20.0,0.6,0.4,0.4,-8.35,-3.38,0.2,-3.25,7.0,5.24,20.0,0.6,0.4,0.4,1021.87,1026.5,1028.15,1025.19,7.0,3.16,20.0,0.6,0.4,0.4,6.0,6.0,8.0,6.7,7.0,1.0,20.0,0.6,0.4,0.4,-30.8,0.0,8.3,-0.2,7.0,44.3,20.0,0.6,0.4,0.4,-70.1,-12.2,1.6,-28.3,7.0,53.4,20.0,0.6,0.4,0.4,0.66,1.05,2.56,1.77,6.0,1.88,20.0,0.7,0.3,0.4,5.9,7.2,16.5,13.2,6.0,15.7,20.0,0.7,0.3,0.4,2.25,2.57,4.43,3.6,6.0,2.6,20.0,0.7,0.3,0.4,15.9,19.5,35.6,27.7,6.0,22.4,20.0,0.7,0.3,0.4,-78.9,0.0,41.1,-3.4,7.0,89.1,20.0,0.6,0.4,0.4,-104.1,-64.6,3.3,-47.4,7.0,77.8,20.0,0.6,0.4,0.4,-45.2,0.0,23.8,-2.5,7.0,53.4,20.0,0.6,0.4,0.4,-43.9,-29.8,2.1,-23.3,7.0,44.0,20.0,0.6,0.4,0.4,-13.6,-2.0,4.5,-1.7,6.0,13.1,20.0,0.7,0.3,0.4,-35.6,-11.1,1.7,-18.7,6.0,28.7,20.0,0.7,0.3,0.4,45.0,551.5,835.0,520.5,7.0,500.0,20.0,0.6,0.4,0.4,45.0,550.0,835.0,520.0,7.0,500.0,20.0,0.6,0.4,0.4
1974,2,214.0,33.0,15.0,16.3,17.23,16.25,15.0,0.98,14.0,0.5,0.6,0.5,13.9,15.7,17.0,15.51,15.0,1.64,14.0,0.5,0.5,0.5,6.63,9.52,10.69,8.98,13.0,1.75,14.0,0.5,0.5,0.5,69.0,80.0,93.1,81.8,13.0,10.6,14.0,0.5,0.5,3.98,7.45,11.42,7.51,16.0,3.52,16.0,0.6,0.6,0.5,-3.8,0.0,4.62,-0.35,16.0,4.7,16.0,0.6,0.6,0.5,-10.51,-0.72,4.82,-1.93,16.0,6.81,16.0,0.6,0.6,0.5,1019.16,1023.5,1028.0,1022.57,18.0,7.08,16.0,0.6,0.6,0.5,2.5,7.0,8.0,5.6,17.0,2.6,16.0,0.5,0.6,0.5,-23.7,0.0,28.7,-1.0,16.0,45.7,16.0,0.6,0.6,0.5,-113.7,-1.5,39.8,-24.3,16.0,73.6,16.0,0.6,0.6,0.5,-0.56,1.3,1.86,1.12,13.0,1.56,14.0,0.5,0.5,0.5,-6.3,8.5,17.2,10.7,12.0,19.1,14.0,0.5,0.5,0.5,1.41,2.75,3.98,2.71,12.0,1.56,14.0,0.5,0.5,0.5,7.8,19.6,35.6,25.7,11.0,22.9,14.0,0.5,0.5,0.5,-63.2,0.0,78.0,-1.0,14.0,80.8,14.0,0.5,0.5,0.4,-158.6,-18.5,87.2,-25.3,14.0,110.6,14.0,0.5,0.5,0.4,-33.6,0.0,46.8,-4.3,12.0,48.3,14.0,0.5,0.5,0.5,-84.1,-1.5,61.2,-7.5,12.0,66.5,14.0,0.5,0.5,0.5,-12.1,0.0,12.0,0.6,11.0,18.1,14.0,0.5,0.5,0.5,-35.3,-5.8,7.8,-13.3,11.0,26.9,14.0,0.5,0.5,0.5,66.0,415.0,1497.0,692.0,16.0,810.0,16.0,0.6,0.6,0.5,65.0,415.0,1495.0,690.0,16.0,810.0,16.0,0.6,0.6,0.5
1974,2,214.0,34.0,14.43,16.4,17.0,15.9,10.0,1.21,18.0,0.5,0.6,0.5,14.32,16.25,17.51,16.17,12.0,1.8,16.0,0.5,0.6,0.5,7.76,8.72,10.57,9.03,11.0,1.44,16.0,0.5,0.5,0.5,72.2,78.9,91.3,81.2,11.0,10.5,16.0,0.5,0.5,3.85,6.7,9.55,6.93,12.0,2.69,16.0,0.5,0.6,0.5,-5.31,2.15,6.3,1.35,12.0,5.48,16.0,0.5,0.6,0.5,-3.44,-1.0,6.81,0.24,12.0,5.24,16.0,0.5,0.6,0.5,1020.1,1024.1,1028.58,1024.06,12.0,4.76,16.0,0.5,0.6,0.5,3.5,6.5,8.0,5.8,12.0,2.4,16.0,0.5,0.6,0.5,-34.8,7.0,56.9,13.7,12.0,46.7,16.0,0.5,0.6,0.5,-22.5,-2.6,50.3,6.3,12.0,46.5,16.0,0.5,0.6,0.5,-1.69,0.2,1.74,-0.01,10.0,1.76,18.0,0.5,0.6,0.5,-7.3,1.7,5.8,-1.0,10.0,11.0,18.0,0.5,0.6,0.5,1.04,2.32,3.5,2.21,10.0,1.48,18.0,0.5,0.6,0.5,9.0,14.2,21.4,15.0,10.0,9.5,18.0,0.5,0.6,0.5,-85.1,30.5,104.3,25.6,12.0,93.6,16.0,0.5,0.6,0.5,-53.6,-14.3,109.3,4.2,12.0,85.4,16.0,0.5,0.6,0.5,-34.5,17.9,63.9,20.2,11.0,47.5,16.0,0.5,0.5,0.5,-22.4,0.0,71.0,11.1,11.0,51.8,16.0,0.5,0.5,0.5,-10.5,5.3,12.8,3.6,10.0,15.1,18.0,0.5,0.6,0.5,-9.9,-2.3,7.0,-2.6,10.0,9.5,18.0,0.5,0.6,0.5,59.0,301.0,877.5,466.5,12.0,424.0,16.0,0.5,0.6,0.5,60.0,300.0,880.0,465.0,12.0,425.0,16.0,0.5,0.6,0.5
1974,2,214.0,35.0,14.04,15.0,15.44,14.79,8.0,0.62,18.0,0.5,0.4,0.5,13.82,15.6,17.41,15.41,11.0,2.06,14.0,0.6,0.4,0.4,8.27,9.55,10.86,9.48,9.0,1.57,16.0,0.6,0.4,0.4,83.1,85.9,94.7,87.5,9.0,8.3,16.0,0.6,0.4,6.04,8.7,13.11,9.54,11.0,3.71,14.0,0.6,0.4,0.4,-2.05,0.0,4.2,0.63,11.0,3.35,14.0,0.6,0.4,0.4,-6.61,3.85,13.11,2.74,11.0,9.69,14.0,0.6,0.4,0.4,1015.12,1020.0,1025.06,1019.2,11.0,7.06,14.0,0.6,0.4,0.4,4.0,8.0,8.0,6.6,11.0,2.0,14.0,0.6,0.4,0.4,-14.1,0.0,25.5,4.6,11.0,24.9,14.0,0.6,0.4,0.4,-52.7,15.8,171.8,48.3,11.0,117.9,14.0,0.6,0.4,0.4,-1.68,-0.45,0.53,-0.27,8.0,1.93,18.0,0.5,0.4,0.5,-13.9,-4.1,4.4,-2.2,8.0,13.4,18.0,0.5,0.4,0.5,0.19,1.12,1.85,1.06,8.0,1.38,18.0,0.5,0.4,0.5,1.8,9.2,15.0,8.5,8.0,8.7,18.0,0.5,0.4,0.5,-33.2,0.0,65.5,10.7,11.0,48.4,14.0,0.6,0.4,0.4,-106.1,59.0,231.5,52.4,11.0,152.6,14.0,0.6,0.4,0.4,-25.3,0.0,36.6,6.4,9.0,31.5,16.0,0.6,0.4,0.4,-42.6,35.5,142.7,36.8,9.0,90.1,16.0,0.6,0.4,0.4,-0.5,0.8,7.3,1.6,8.0,8.2,18.0,0.5,0.4,0.5,-8.4,-2.9,7.2,-2.1,8.0,9.1,18.0,0.5,0.4,0.5,231.5,658.5,2254.0,1230.0,11.0,1178.5,14.0,0.6,0.4,0.4,230.0,660.0,2255.0,1230.0,11.0,1180.0,14.0,0.6,0.4,0.4
1974,2,214.0,36.0,13.96,15.0,15.37,14.66,5.0,1.3,12.0,0.8,0.7,0.7,12.4,14.1,16.14,14.23,6.0,1.98,14.0,0.7,0.6,0.6,7.66,9.94,10.47,9.24,5.0,1.68,12.0,0.8,0.7,0.7,84.9,90.6,94.2,89.1,5.0,7.3,12.0,0.8,0.7,6.15,7.2,9.87,7.97,7.0,2.16,16.0,0.7,0.6,0.6,-0.23,2.12,8.52,3.23,7.0,5.21,16.0,0.7,0.6,0.6,-3.67,5.65,7.26,3.09,7.0,5.33,16.0,0.7,0.6,0.6,1016.95,1023.8,1025.07,1021.6,7.0,4.45,16.0,0.7,0.6,0.6,4.8,7.0,8.0,6.3,7.0,2.6,16.0,0.7,0.6,0.6,-2.3,13.1,77.8,28.7,7.0,52.8,16.0,0.7,0.6,0.6,-25.6,36.1,64.8,30.2,7.0,42.3,16.0,0.7,0.6,0.6,-0.87,0.0,0.73,-0.02,5.0,1.33,12.0,0.8,0.7,0.7,-6.3,0.0,3.7,-0.9,5.0,7.5,12.0,0.8,0.7,0.7,0.02,0.84,2.0,1.04,5.0,1.5,12.0,0.8,0.7,0.7,1.0,6.0,14.8,7.3,5.0,8.3,12.0,0.8,0.7,0.7,-15.4,23.5,91.7,34.0,6.0,77.6,14.0,0.7,0.6,0.6,-47.8,90.2,103.8,49.7,6.0,82.1,14.0,0.7,0.6,0.6,-17.8,6.2,51.0,15.9,5.0,53.4,12.0,0.8,0.7,0.7,23.2,57.8,72.1,45.7,5.0,46.6,12.0,0.8,0.7,0.7,-1.6,0.0,6.1,2.2,5.0,5.5,12.0,0.8,0.7,0.7,-8.6,3.4,6.3,-1.0,5.0,10.0,12.0,0.8,0.7,0.7,233.5,373.0,965.0,604.5,7.0,464.5,16.0,0.7,0.6,0.6,235.0,375.0,965.0,605.0,7.0,465.0,16.0,0.7,0.6,0.6
1974,2,214.0,37.0,12.55,13.1,16.0,13.86,11.0,1.71,14.0,0.5,0.6,0.3,9.9,13.0,14.1,12.44,13.0,2.21,16.0,0.5,0.6,0.4,4.34,6.52,8.99,6.67,12.0,2.18,16.0,0.5,0.6,0.4,62.5,74.5,90.2,73.9,12.0,16.4,16.0,0.5,0.4,5.23,10.05,12.3,9.8,14.0,3.67,16.0,0.4,0.6,0.4,-1.86,3.75,9.64,3.89,14.0,5.66,16.0,0.4,0.6,0.4,-6.28,-2.22,9.12,-0.7,14.0,8.25,16.0,0.4,0.6,0.4,1014.66,1025.25,1029.94,1023.29,14.0,6.74,16.0,0.4,0.6,0.4,3.1,7.0,8.0,6.0,14.0,2.3,16.0,0.4,0.6,0.4,-22.4,27.3,145.9,44.8,14.0,73.6,16.0,0.4,0.6,0.4,-51.1,-16.6,85.0,-9.6,14.0,106.1,16.0,0.4,0.6,0.4,-0.29,1.25,3.43,1.57,10.0,1.87,16.0,0.5,0.6,0.3,-1.3,11.3,45.0,19.0,10.0,26.1,16.0,0.5,0.6,0.3,1.56,2.8,4.86,3.03,10.0,1.85,16.0,0.5,0.6,0.3,13.4,21.0,56.8,32.0,10.0,26.2,16.0,0.5,0.6,0.3,-28.6,52.7,134.8,46.6,13.0,77.5,16.0,0.5,0.6,0.4,-85.7,-23.5,111.4,1.6,13.0,100.0,16.0,0.5,0.6,0.4,-15.5,15.0,48.8,19.1,12.0,41.2,16.0,0.5,0.6,0.4,-46.6,-14.1,72.0,5.8,12.0,58.0,16.0,0.5,0.6,0.4,-3.3,10.5,38.7,15.7,10.0,22.6,16.0,0.5,0.6,0.3,-37.0,-8.4,12.4,-13.8,10.0,28.7,16.0,0.5,0.6,0.3,148.0,1017.0,1861.0,1326.0,14.0,1469.0,16.0,0.4,0.6,0.4,150.0,1015.0,1860.0,1325.0,14.0,1470.0,16.0,0.4,0.6,0.4
1974,2,214.0,38.0,11.79,13.5,14.11,12.97,3.0,1.76,14.0,0.3,0.5,0.3,11.46,12.45,13.44,12.45,2.0,2.05,18.0,0.0,0.5,0.4,9.79,9.79,9.79,9.79,1.0,0.0,18.0,0.0,0.3,0.7,100.0,100.0,100.0,100.0,1.0,0.0,18.0,0.0,0.7,7.86,8.2,8.2,8.03,3.0,0.29,14.0,0.3,0.5,0.3,-2.63,0.0,5.26,1.29,3.0,5.88,14.0,0.3,0.5,0.3,-3.66,2.8,6.49,1.45,3.0,7.53,14.0,0.3,0.5,0.3,1018.85,1019.4,1024.59,1021.67,3.0,4.64,14.0,0.3,0.5,0.3,5.3,8.0,8.0,6.7,3.0,2.3,14.0,0.3,0.5,0.3,-20.2,0.0,43.1,11.2,3.0,47.4,14.0,0.3,0.5,0.3,-27.7,23.0,53.2,13.0,3.0,59.9,14.0,0.3,0.5,0.3,0.82,1.5,2.18,1.5,2.0,1.41,18.0,0.0,0.5,0.4,6.7,12.3,17.9,12.3,2.0,11.6,18.0,0.0,0.5,0.4,0.32,0.32,0.32,0.32,1.0,0.0,18.0,0.0,0.3,0.7,2.7,2.7,2.7,2.7,1.0,0.0,18.0,0.0,0.3,0.7,13.5,42.4,71.3,42.4,2.0,59.9,18.0,0.0,0.5,0.4,44.0,72.4,100.8,72.4,2.0,58.8,18.0,0.0,0.5,0.4,0.0,0.0,0.0,0.0,1.0,0.0,18.0,0.0,0.3,0.7,80.3,80.3,80.3,80.3,1.0,0.0,18.0,0.0,0.3,0.7,0.0,0.0,0.0,0.0,1.0,0.0,18.0,0.0,0.3,0.7,2.7,2.7,2.7,2.7,1.0,0.0,18.0,0.0,0.3,0.7,486.5,551.5,551.5,520.0,3.0,55.0,14.0,0.3,0.5,0.3,485.0,550.0,550.0,520.0,3.0,55.0,14.0,0.3,0.5,0.3
1974,2,214.0,39.0,11.63,12.3,12.87,12.21,9.0,1.07,14.0,0.6,0.7,0.4,10.13,11.7,13.68,11.56,9.0,2.2,14.0,0.6,0.7,0.4,5.43,7.13,8.52,7.15,8.0,1.63,12.0,0.6,0.6,0.4,75.1,87.9,88.8,83.5,8.0,12.3,12.0,0.6,0.4,6.54,9.8,13.47,10.18,10.0,3.97,16.0,0.5,0.7,0.4,-2.94,6.55,13.02,5.65,10.0,7.47,16.0,0.5,0.7,0.4,-7.44,-0.61,5.15,-0.89,10.0,6.23,16.0,0.5,0.7,0.4,1015.5,1023.6,1027.36,1021.39,10.0,7.2,16.0,0.5,0.7,0.4,2.7,6.5,7.6,5.4,10.0,2.8,16.0,0.5,0.7,0.4,-20.7,45.8,175.8,76.5,10.0,108.7,16.0,0.5,0.7,0.4,-72.0,-4.3,44.0,-18.9,10.0,75.8,16.0,0.5,0.7,0.4,-1.1,0.6,2.37,0.66,9.0,1.67,14.0,0.6,0.7,0.4,-6.8,6.2,17.8,9.1,9.0,21.2,14.0,0.6,0.7,0.4,0.36,1.67,2.58,1.62,8.0,1.69,12.0,0.6,0.6,0.4,2.4,13.9,45.5,19.5,8.0,23.0,12.0,0.6,0.6,0.4,-44.7,86.8,143.6,57.5,9.0,85.8,14.0,0.6,0.7,0.4,-74.0,0.0,73.2,-1.6,9.0,74.8,14.0,0.6,0.7,0.4,-35.3,51.3,79.4,32.5,8.0,56.2,12.0,0.6,0.6,0.4,-39.3,7.2,52.3,8.1,8.0,46.8,12.0,0.6,0.6,0.4,0.2,9.3,39.1,15.2,8.0,22.4,12.0,0.6,0.6,0.4,-19.1,-4.9,4.7,-6.9,8.0,12.1,12.0,0.6,0.6,0.4,283.0,948.5,2455.0,1534.5,10.0,1878.5,16.0,0.5,0.7,0.4,285.0,950.0,2455.0,1535.0,10.0,1880.0,16.0,0.5,0.7,0.4
1974,2,214.0,40.0,12.31,12.55,12.79,12.55,2.0,0.49,6.0,0.5,0.6,0.2,10.32,11.0,11.14,10.73,3.0,0.64,8.0,0.7,0.7,0.3,6.59,7.22,7.84,7.22,2.0,1.3,6.0,0.5,0.6,0.2,82.3,89.5,96.7,89.5,2.0,14.9,6.0,0.5,0.2,7.18,8.2,8.95,8.07,3.0,1.31,8.0,0.7,0.7,0.3,-4.14,2.29,6.32,1.12,3.0,7.73,8.0,0.7,0.7,0.3,-4.3,0.0,4.08,-0.11,3.0,6.14,8.0,0.7,0.7,0.3,1027.31,1029.9,1031.74,1029.53,3.0,3.27,8.0,0.7,0.7,0.3,1.8,3.5,5.2,3.5,2.0,3.5,10.0,1.0,0.8,0.3,-40.4,15.4,50.8,5.4,3.0,67.3,8.0,0.7,0.7,0.3,-28.8,0.0,37.9,4.5,3.0,49.0,8.0,0.7,0.7,0.3,1.14,1.45,1.76,1.45,2.0,0.64,6.0,0.5,0.6,0.2,9.8,11.0,12.2,11.0,2.0,2.4,6.0,0.5,0.6,0.2,0.91,1.66,2.4,1.66,2.0,1.55,6.0,0.5,0.6,0.2,7.3,11.8,16.3,11.8,2.0,9.4,6.0,0.5,0.6,0.2,-46.5,25.2,64.0,9.1,3.0,82.1,8.0,0.7,0.7,0.3,-47.3,0.0,45.7,-0.8,3.0,68.1,8.0,0.7,0.7,0.3,-46.5,-21.8,2.9,-21.8,2.0,51.2,6.0,0.5,0.6,0.2,-25.6,4.5,34.6,4.5,2.0,62.4,6.0,0.5,0.6,0.2,-2.3,1.2,4.7,1.2,2.0,7.3,6.0,0.5,0.6,0.2,-14.0,-7.0,0.1,-7.0,2.0,14.6,6.0,0.5,0.6,0.2,380.5,551.5,724.0,552.0,3.0,252.0,8.0,0.7,0.7,0.3,380.0,550.0,725.0,550.0,3.0,250.0,8.0,0.7,0.7,0.3
1974,2,214.0,41.0,9.98,11.0,11.0,10.5,3.0,0.87,16.0,0.0,0.8,0.3,8.19,10.25,11.26,9.75,4.0,2.02,16.0,0.3,0.7,0.4,5.85,6.31,6.77,6.31,2.0,0.95,12.0,0.0,0.8,0.1,79.0,80.6,82.2,80.6,2.0,3.3,12.0,0.0,0.1,5.77,9.75,12.69,9.25,4.0,4.73,16.0,0.3,0.7,0.4,-1.53,2.8,8.32,3.37,4.0,6.08,16.0,0.3,0.7,0.4,-3.49,0.53,8.05,2.2,4.0,8.82,16.0,0.3,0.7,0.4,1014.07,1022.0,1029.14,1021.63,4.0,9.38,16.0,0.3,0.7,0.4,1.4,3.0,5.6,3.5,4.0,3.3,16.0,0.3,0.7,0.4,-4.7,24.3,84.3,39.1,4.0,57.6,16.0,0.3,0.7,0.4,-30.4,1.6,110.2,38.2,4.0,116.3,16.0,0.3,0.7,0.4,-0.34,0.0,2.73,1.17,3.0,2.47,16.0,0.0,0.8,0.3,-4.9,0.0,23.8,9.2,3.0,22.5,16.0,0.0,0.8,0.3,1.23,1.37,1.51,1.37,2.0,0.29,12.0,0.0,0.8,0.1,6.8,10.9,14.9,10.9,2.0,8.5,12.0,0.0,0.8,0.1,-14.5,19.6,80.9,32.6,4.0,63.7,16.0,0.3,0.7,0.4,-24.4,5.0,91.6,32.3,4.0,92.3,16.0,0.3,0.7,0.4,-13.8,-8.2,-2.6,-8.2,2.0,11.6,12.0,0.0,0.8,0.1,21.0,53.3,85.5,53.3,2.0,66.9,12.0,0.0,0.8,0.1,-3.9,-2.3,-0.7,-2.3,2.0,3.2,12.0,0.0,0.8,0.1,4.1,9.3,14.4,9.3,2.0,10.7,12.0,0.0,0.8,0.1,329.0,959.0,2164.0,1233.5,4.0,1271.5,16.0,0.3,0.7,0.4,330.0,960.0,2165.0,1235.0,4.0,1270.0,16.0,0.3,0.7,0.4
1974,2,214.0,43.0,9.18,10.0,10.68,9.93,3.0,1.1,14.0,0.3,0.6,0.4,8.8,9.0,10.37,9.57,3.0,1.25,14.0,0.3,0.6,0.4,5.74,6.32,6.83,6.28,3.0,0.8,14.0,0.3,0.6,0.4,80.7,87.5,87.7,84.3,3.0,5.8,14.0,0.3,0.4,8.05,14.4,15.08,11.63,3.0,5.68,14.0,0.3,0.6,0.4,2.06,13.53,14.65,8.47,3.0,10.21,14.0,0.3,0.6,0.4,3.07,3.91,4.6,3.84,3.0,1.13,14.0,0.3,0.6,0.4,1000.39,1001.0,1012.95,1006.53,3.0,10.37,14.0,0.3,0.6,0.4,2.0,2.0,2.0,2.0,1.0,0.0,18.0,0.0,0.6,0.8,50.4,194.9,221.3,137.2,3.0,134.7,14.0,0.3,0.6,0.4,26.7,41.2,61.5,44.0,3.0,25.6,14.0,0.3,0.6,0.4,-0.65,0.1,1.4,0.37,3.0,1.52,14.0,0.3,0.6,0.4,-3.0,1.5,20.1,8.4,3.0,18.0,14.0,0.3,0.6,0.4,0.86,1.64,1.82,1.35,3.0,0.75,14.0,0.3,0.6,0.4,9.7,25.2,26.8,18.4,3.0,13.8,14.0,0.3,0.6,0.4,14.0,121.8,128.7,72.6,3.0,94.2,14.0,0.3,0.6,0.4,29.5,43.0,43.9,36.9,3.0,11.8,14.0,0.3,0.6,0.4,10.5,82.9,84.7,48.4,3.0,62.0,14.0,0.3,0.6,0.4,18.7,27.6,30.0,24.5,3.0,8.7,14.0,0.3,0.6,0.4,6.8,24.8,25.5,16.3,3.0,15.6,14.0,0.3,0.6,0.4,2.7,4.4,7.8,5.2,3.0,3.8,14.0,0.3,0.6,0.4,1038.5,2986.0,3441.0,2257.0,3.0,1869.5,14.0,0.3,0.6,0.4,1040.0,2985.0,3440.0,2255.0,3.0,1870.0,14.0,0.3,0.6,0.4
1974,2,214.0,44.0,9.0,9.0,9.0,9.0,1.0,0.0,28.0,0.0,0.7,0.9,4.16,4.5,4.84,4.5,2.0,0.71,28.0,0.5,0.6,0.5,3.92,3.92,3.92,3.92,1.0,0.0,28.0,0.0,0.7,0.9,77.4,77.4,77.4,77.4,1.0,0.0,28.0,0.0,0.9,11.26,14.4,17.54,14.4,2.0,6.51,28.0,0.5,0.6,0.5,6.81,7.49,8.17,7.49,2.0,1.41,28.0,0.5,0.6,0.5,-15.8,-11.38,-6.96,-11.38,2.0,9.16,28.0,0.5,0.6,0.5,1004.32,1005.0,1005.68,1005.0,2.0,1.41,28.0,0.5,0.6,0.5,6.3,7.0,7.7,7.0,2.0,1.4,28.0,0.5,0.6,0.5,89.6,103.3,117.1,103.3,2.0,28.5,28.0,0.5,0.6,0.5,-293.0,-193.6,-94.2,-193.6,2.0,205.9,28.0,0.5,0.6,0.5,5.0,5.0,5.0,5.0,1.0,0.0,28.0,0.0,0.7,0.9,95.0,95.0,95.0,95.0,1.0,0.0,28.0,0.0,0.7,0.9,3.24,3.24,3.24,3.24,1.0,0.0,28.0,0.0,0.7,0.9,61.6,61.6,61.6,61.6,1.0,0.0,28.0,0.0,0.7,0.9,28.6,34.2,39.8,34.2,2.0,11.6,28.0,0.5,0.6,0.5,-64.0,-48.0,-31.9,-48.0,2.0,33.2,28.0,0.5,0.6,0.5,25.5,25.5,25.5,25.5,1.0,0.0,28.0,0.0,0.7,0.9,-69.9,-69.9,-69.9,-69.9,1.0,0.0,28.0,0.0,0.7,0.9,21.1,21.1,21.1,21.1,1.0,0.0,28.0,0.0,0.7,0.9,-57.9,-57.9,-57.9,-57.9,1.0,0.0,28.0,0.0,0.7,0.9,1880.5,3900.0,5920.0,3900.0,2.0,4184.5,28.0,0.5,0.6,0.5,1880.0,3900.0,5920.0,3900.0,2.0,4185.0,28.0,0.5,0.6,0.5
1974,2,214.0,45.0,6.17,7.5,8.46,7.18,10.0,1.43,16.0,0.6,0.4,0.5,3.95,8.0,9.55,7.28,13.0,2.66,14.0,0.6,0.5,0.5,3.27,5.59,6.81,5.17,9.0,1.62,14.0,0.6,0.4,0.5,66.3,81.7,93.8,81.1,9.0,12.4,14.0,0.6,0.5,7.65,10.3,17.14,12.15,13.0,4.84,14.0,0.6,0.5,0.5,1.49,7.24,17.12,7.67,13.0,7.49,14.0,0.6,0.5,0.5,-3.7,4.31,10.14,2.88,13.0,7.39,14.0,0.6,0.5,0.5,1006.25,1015.8,1020.5,1013.72,13.0,7.17,14.0,0.6,0.5,0.5,5.0,7.0,8.0,6.3,12.0,2.3,16.0,0.6,0.5,0.4,15.7,55.7,293.6,120.0,13.0,148.3,14.0,0.6,0.5,0.5,-64.0,28.9,104.7,17.2,13.0,109.9,14.0,0.6,0.5,0.5,-2.7,-0.25,3.79,0.12,10.0,2.92,16.0,0.6,0.4,0.5,-23.1,-1.9,67.8,14.0,10.0,44.5,16.0,0.6,0.4,0.5,-0.42,1.33,2.93,1.25,9.0,1.55,14.0,0.6,0.4,0.5,-2.9,10.5,53.3,21.0,9.0,27.8,14.0,0.6,0.4,0.5,12.8,52.9,74.4,42.0,13.0,38.9,14.0,0.6,0.5,0.5,-20.3,44.4,87.2,35.9,13.0,51.6,14.0,0.6,0.5,0.5,-2.0,36.9,55.5,26.6,9.0,33.7,14.0,0.6,0.4,0.5,-7.4,30.9,58.5,24.1,9.0,36.5,14.0,0.6,0.4,0.5,-1.4,4.6,51.5,19.1,9.0,26.7,14.0,0.6,0.4,0.5,-10.2,-0.5,8.4,-2.3,9.0,11.8,14.0,0.6,0.4,0.5,448.5,1092.5,5048.5,2664.0,13.0,3238.5,14.0,0.6,0.5,0.5,450.0,1095.0,5050.0,2665.0,13.0,3240.0,14.0,0.6,0.5,0.5
1974,2,214.0,46.0,6.95,8.0,8.13,7.81,7.0,1.47,14.0,0.4,0.6,0.4,3.88,7.0,7.21,5.83,6.0,2.42,16.0,0.5,0.6,0.3,3.89,5.68,6.16,5.23,6.0,1.14,16.0,0.5,0.6,0.3,82.8,92.6,100.0,90.3,6.0,10.9,16.0,0.5,0.3,5.26,6.2,14.13,9.02,9.0,4.92,14.0,0.4,0.6,0.3,-1.7,4.75,5.92,2.57,9.0,6.27,14.0,0.4,0.6,0.3,-8.52,0.0,8.82,0.02,9.0,8.31,14.0,0.4,0.6,0.3,1000.7,1019.0,1025.65,1013.47,9.0,11.83,14.0,0.4,0.6,0.3,6.0,6.0,8.0,6.9,7.0,1.1,16.0,0.4,0.5,0.3,-22.8,29.4,56.3,22.9,9.0,90.0,14.0,0.4,0.6,0.3,-87.8,0.0,122.7,5.8,9.0,112.0,14.0,0.4,0.6,0.3,0.59,1.0,2.33,1.5,6.0,2.14,16.0,0.5,0.6,0.3,-1.3,9.8,28.7,16.0,6.0,30.6,16.0,0.5,0.6,0.3,0.34,0.87,2.17,1.11,6.0,0.98,16.0,0.5,0.6,0.3,0.9,6.5,25.5,11.6,6.0,13.1,16.0,0.5,0.6,0.3,-16.1,0.0,41.1,9.7,6.0,53.9,16.0,0.5,0.6,0.3,-37.4,-0.8,78.8,13.5,6.0,56.6,16.0,0.5,0.6,0.3,-19.0,0.0,33.0,5.6,6.0,44.2,16.0,0.5,0.6,0.3,-39.7,-5.4,66.4,5.8,6.0,52.4,16.0,0.5,0.6,0.3,-4.3,0.0,2.5,0.4,6.0,6.1,16.0,0.5,0.6,0.3,-22.9,-3.3,1.9,-8.8,6.0,14.3,16.0,0.5,0.6,0.3,147.0,238.5,2829.5,1346.5,9.0,1613.0,14.0,0.4,0.6,0.3,145.0,240.0,2830.0,1345.0,9.0,1615.0,14.0,0.4,0.6,0.3
1974,2,214.0,47.0,7.45,8.0,8.0,7.73,3.0,0.46,12.0,0.3,0.6,0.2,5.81,7.35,8.0,6.93,4.0,1.42,10.0,0.5,0.5,0.3,4.63,4.81,5.14,4.89,3.0,0.38,12.0,0.3,0.6,0.2,78.4,80.8,83.7,81.0,3.0,3.9,12.0,0.3,0.2,7.94,9.55,15.46,11.6,4.0,6.15,10.0,0.5,0.5,0.3,-2.57,4.58,13.71,5.52,4.0,10.07,10.0,0.5,0.5,0.3,4.04,7.59,9.44,6.78,4.0,3.74,10.0,0.5,0.5,0.3,1003.61,1021.5,1023.31,1013.83,4.0,17.41,10.0,0.5,0.5,0.3,7.5,8.0,8.0,7.8,4.0,0.5,10.0,0.5,0.5,0.3,-25.2,42.6,233.1,101.2,4.0,185.9,10.0,0.5,0.5,0.3,29.2,64.0,150.8,88.8,4.0,86.8,10.0,0.5,0.5,0.3,0.16,0.5,2.21,1.17,3.0,1.61,12.0,0.3,0.6,0.2,3.3,10.3,22.3,12.7,3.0,14.1,12.0,0.3,0.6,0.2,1.38,1.64,1.91,1.65,3.0,0.38,12.0,0.3,0.6,0.2,11.8,18.9,29.1,20.4,3.0,12.7,12.0,0.3,0.6,0.2,-20.5,22.9,84.4,31.5,4.0,68.2,10.0,0.5,0.5,0.3,29.7,60.7,68.5,49.6,4.0,28.6,10.0,0.5,0.5,0.3,13.2,41.7,71.8,42.5,3.0,42.9,12.0,0.3,0.6,0.2,16.3,35.5,45.1,30.8,3.0,21.5,12.0,0.3,0.6,0.2,5.9,18.6,25.9,16.0,3.0,14.8,12.0,0.3,0.6,0.2,4.9,8.5,14.2,9.6,3.0,6.9,12.0,0.3,0.6,0.2,540.5,873.0,5028.0,2697.0,4.0,4039.5,10.0,0.5,0.5,0.3,540.0,875.0,5030.0,2695.0,4.0,4040.0,10.0,0.5,0.5,0.3
1974,2,214.0,48.0,4.63,5.5,6.68,5.6,5.0,1.19,18.0,1.0,0.8,0.3,1.76,3.0,7.0,4.04,5.0,2.79,18.0,1.0,0.8,0.3,2.79,2.9,5.82,4.05,5.0,1.71,18.0,1.0,0.8,0.3,63.0,65.0,91.8,75.5,5.0,17.2,18.0,1.0,0.3,6.85,10.8,13.11,9.98,5.0,4.7,18.0,1.0,0.8,0.3,3.84,9.04,11.62,8.02,5.0,4.43,18.0,1.0,0.8,0.3,-7.76,0.89,4.0,-1.03,5.0,6.72,18.0,1.0,0.8,0.3,990.38,1003.4,1007.6,998.98,5.0,12.54,18.0,1.0,0.8,0.3,4.6,8.0,8.0,6.6,5.0,1.9,18.0,1.0,0.8,0.3,29.8,106.7,147.9,95.3,5.0,76.2,18.0,1.0,0.8,0.3,-80.2,2.3,56.2,-4.7,5.0,83.7,18.0,1.0,0.8,0.3,-0.55,2.8,3.18,1.56,5.0,2.19,18.0,1.0,0.8,0.3,-1.4,26.0,36.3,19.1,5.0,19.7,18.0,1.0,0.8,0.3,0.3,2.46,2.77,1.68,5.0,1.54,18.0,1.0,0.8,0.3,7.6,23.7,30.9,19.6,5.0,14.2,18.0,1.0,0.8,0.3,9.8,17.1,54.3,32.3,5.0,35.3,18.0,1.0,0.8,0.3,-11.3,5.6,23.6,8.1,5.0,27.5,18.0,1.0,0.8,0.3,14.6,23.9,46.6,31.5,5.0,25.0,18.0,1.0,0.8,0.3,-21.3,5.4,19.2,2.1,5.0,26.6,18.0,1.0,0.8,0.3,6.5,11.8,26.4,15.5,5.0,13.2,18.0,1.0,0.8,0.3,-19.3,-0.5,6.1,-5.5,5.0,13.2,18.0,1.0,0.8,0.3,517.0,1259.5,2377.0,1475.5,5.0,1359.0,18.0,1.0,0.8,0.3,515.0,1260.0,2375.0,1475.0,5.0,1360.0,18.0,1.0,0.8,0.3
1974,2,214.0,49.0,5.02,5.6,6.89,5.79,8.0,1.05,14.0,0.6,0.6,0.5,5.56,6.0,6.7,6.11,8.0,0.67,14.0,0.6,0.6,0.5,4.67,4.96,5.85,5.18,8.0,0.58,14.0,0.6,0.6,0.5,79.4,89.2,92.7,88.0,8.0,7.8,14.0,0.6,0.5,7.29,10.05,12.24,9.5,8.0,3.13,14.0,0.6,0.6,0.5,0.26,6.58,9.32,5.77,8.0,4.63,14.0,0.6,0.6,0.5,2.31,4.25,10.03,4.94,8.0,5.05,14.0,0.6,0.6,0.5,996.24,1004.5,1019.8,1004.85,8.0,16.37,14.0,0.6,0.6,0.5,3.2,6.5,8.0,5.8,8.0,2.6,14.0,0.6,0.6,0.5,0.9,50.2,112.3,59.3,8.0,59.9,14.0,0.6,0.6,0.5,11.7,38.7,105.1,53.0,8.0,56.8,14.0,0.6,0.6,0.5,-1.79,-0.15,1.0,-0.32,8.0,1.46,14.0,0.6,0.6,0.5,-21.9,-1.9,9.1,-5.7,8.0,14.3,14.0,0.6,0.6,0.5,-0.25,0.75,1.37,0.58,8.0,0.77,14.0,0.6,0.6,0.5,-3.0,5.6,10.4,5.0,8.0,7.4,14.0,0.6,0.6,0.5,1.3,39.5,64.3,34.7,8.0,28.1,14.0,0.6,0.6,0.5,12.6,25.5,67.5,32.1,8.0,34.0,14.0,0.6,0.6,0.5,1.3,34.5,53.5,29.7,8.0,23.6,14.0,0.6,0.6,0.5,11.1,19.9,54.0,25.3,8.0,27.6,14.0,0.6,0.6,0.5,0.0,0.9,10.1,4.0,8.0,6.1,14.0,0.6,0.6,0.5,-2.0,2.0,7.7,2.3,8.0,4.7,14.0,0.6,0.6,0.5,388.5,1017.0,1836.5,1083.5,8.0,764.0,14.0,0.6,0.6,0.5,390.0,1015.0,1835.0,1085.0,8.0,765.0,14.0,0.6,0.6,0.5
1974,2,214.0,50.0,4.8,5.0,5.35,5.05,288.0,0.3,18.0,0.4,1.0,0.0,1.4,4.7,6.4,4.1,216.0,2.31,14.0,0.4,1.0,0.0,3.08,4.16,5.38,4.26,197.0,1.05,14.0,0.4,1.0,0.0,68.0,85.2,93.9,82.2,197.0,11.7,14.0,0.4,0.0,8.6,12.9,16.5,12.54,214.0,3.99,14.0,0.4,1.0,0.0,-1.53,7.33,13.88,6.39,214.0,7.12,14.0,0.4,1.0,0.0,-3.7,4.84,13.35,4.62,214.0,7.8,14.0,0.4,1.0,0.0,994.2,1001.25,1013.85,1002.62,294.0,10.44,18.0,0.4,1.0,0.0,3.0,7.0,8.0,6.1,210.0,2.3,14.0,0.4,1.0,0.0,-13.5,73.0,204.4,89.4,214.0,118.3,14.0,0.4,1.0,0.0,-38.7,53.7,192.4,65.5,214.0,116.5,14.0,0.4,1.0,0.0,-1.17,0.5,3.57,1.02,211.0,2.16,14.0,0.4,1.0,0.0,-15.7,4.6,36.9,12.0,209.0,32.1,14.0,0.4,1.0,0.0,0.12,1.31,2.29,1.23,194.0,1.0,14.0,0.4,1.0,0.0,1.7,11.7,26.9,14.8,192.0,14.4,14.0,0.4,1.0,0.0,-7.5,17.2,55.4,20.3,214.0,31.9,14.0,0.4,1.0,0.0,-7.2,20.2,76.6,31.0,214.0,40.2,14.0,0.4,1.0,0.0,0.0,29.0,56.7,26.1,195.0,29.8,14.0,0.4,1.0,0.0,-12.8,19.3,69.5,23.8,195.0,36.6,14.0,0.4,1.0,0.0,-0.5,6.8,23.2,10.9,192.0,14.1,14.0,0.4,1.0,0.0,-8.6,0.7,9.8,0.1,192.0,10.5,14.0,0.4,1.0,0.0,637.5,2146.5,4492.0,2555.5,214.0,2085.0,14.0,0.4,1.0,0.0,635.0,2145.0,4490.0,2555.0,214.0,2085.0,14.0,0.4,1.0,0.0
1974,2,214.0,51.0,3.79,4.0,6.71,5.02,11.0,1.47,14.0,0.5,0.5,0.5,0.9,4.0,5.91,3.64,13.0,2.66,14.0,0.4,0.5,0.5,3.46,3.72,5.56,4.33,9.0,1.18,12.0,0.3,0.5,0.5,71.6,86.7,92.7,83.6,9.0,9.8,12.0,0.3,0.5,5.09,8.7,13.59,9.84,13.0,4.2,14.0,0.4,0.5,0.5,2.59,3.99,10.17,5.92,13.0,4.68,14.0,0.4,0.5,0.5,-3.92,2.67,8.85,2.91,13.0,7.31,14.0,0.4,0.5,0.5,996.85,1003.5,1014.13,1002.98,13.0,12.27,14.0,0.4,0.5,0.5,5.7,6.0,8.0,6.2,13.0,1.9,14.0,0.4,0.5,0.5,10.2,47.3,131.2,68.4,13.0,72.3,14.0,0.4,0.5,0.5,-20.1,23.0,109.9,43.0,13.0,93.9,14.0,0.4,0.5,0.5,0.0,2.0,3.71,1.9,11.0,2.07,14.0,0.5,0.5,0.5,0.0,19.4,38.7,17.9,11.0,23.5,14.0,0.5,0.5,0.5,0.87,1.74,2.62,1.59,8.0,1.07,14.0,0.4,0.5,0.5,8.0,16.1,25.1,15.0,8.0,11.1,14.0,0.4,0.5,0.5,0.0,12.5,31.2,15.2,13.0,17.3,14.0,0.4,0.5,0.5,-5.0,7.2,62.6,21.8,13.0,35.2,14.0,0.4,0.5,0.5,3.7,15.6,45.9,22.4,9.0,20.2,12.0,0.3,0.5,0.5,-15.0,9.6,52.3,21.5,9.0,39.4,12.0,0.3,0.5,0.5,1.1,10.6,20.0,11.4,8.0,9.5,14.0,0.4,0.5,0.5,-12.2,-3.6,6.9,-3.5,8.0,11.3,14.0,0.4,0.5,0.5,132.0,658.5,2525.0,1438.5,13.0,1442.5,14.0,0.4,0.5,0.5,130.0,660.0,2525.0,1440.0,13.0,1445.0,14.0,0.4,0.5,0.5
1974,2,214.0,52.0,3.11,5.0,5.5,4.6,9.0,1.15,8.0,0.3,0.5,0.5,2.31,5.0,6.37,4.64,9.0,2.09,8.0,0.3,0.5,0.5,4.06,4.84,5.03,4.64,8.0,0.58,8.0,0.4,0.6,0.5,85.1,85.8,91.3,87.3,8.0,3.2,8.0,0.4,0.5,8.7,10.8,15.13,11.7,9.0,3.02,8.0,0.3,0.5,0.5,-1.1,4.93,9.28,4.53,9.0,5.94,8.0,0.3,0.5,0.5,5.67,8.27,13.15,8.37,9.0,5.09,8.0,0.3,0.5,0.5,1000.07,1011.7,1019.53,1008.97,9.0,13.58,8.0,0.3,0.5,0.5,7.8,8.0,8.0,7.8,6.0,0.4,10.0,0.5,0.6,0.5,-9.6,56.9,96.5,59.7,9.0,81.1,8.0,0.3,0.5,0.5,55.3,86.5,184.5,104.2,9.0,78.5,8.0,0.3,0.5,0.5,-2.37,0.0,2.02,-0.04,9.0,2.29,8.0,0.3,0.5,0.5,-31.3,0.0,18.7,-2.8,9.0,24.2,8.0,0.3,0.5,0.5,-0.08,0.79,1.21,0.61,8.0,0.68,8.0,0.4,0.6,0.5,-1.0,9.6,12.4,6.8,8.0,6.9,8.0,0.4,0.6,0.5,-4.8,24.3,59.4,25.0,9.0,29.3,8.0,0.3,0.5,0.5,7.6,41.1,74.2,40.0,9.0,35.4,8.0,0.3,0.5,0.5,2.1,23.5,49.3,25.9,8.0,28.2,8.0,0.4,0.6,0.5,22.9,35.6,68.7,38.8,8.0,27.2,8.0,0.4,0.6,0.5,-3.2,0.2,6.5,1.7,8.0,6.0,8.0,0.4,0.6,0.5,0.7,5.5,11.5,5.5,8.0,5.2,8.0,0.4,0.6,0.5,658.5,1259.5,3472.5,1891.5,9.0,1358.5,8.0,0.3,0.5,0.5,660.0,1260.0,3475.0,1890.0,9.0,1360.0,8.0,0.3,0.5,0.5
1974,2,214.0,53.0,3.84,5.0,5.64,4.8,13.0,0.9,16.0,0.5,0.7,0.3,0.03,2.0,4.19,2.47,14.0,2.12,16.0,0.6,0.6,0.4,3.18,3.9,4.9,3.99,12.0,0.94,16.0,0.6,0.6,0.3,73.8,88.1,92.5,84.8,12.0,11.1,16.0,0.6,0.3,7.29,12.6,22.47,13.65,14.0,6.59,16.0,0.6,0.6,0.4,0.0,5.14,19.25,7.57,14.0,10.0,16.0,0.6,0.6,0.4,-4.98,5.04,9.61,3.26,14.0,8.42,16.0,0.6,0.6,0.4,980.16,993.9,1001.44,992.39,14.0,10.92,16.0,0.6,0.6,0.4,5.5,8.0,8.0,7.2,12.0,1.6,16.0,0.6,0.7,0.4,0.0,49.4,408.1,150.6,14.0,210.5,16.0,0.6,0.6,0.4,-50.8,61.8,152.8,33.0,14.0,151.1,16.0,0.6,0.6,0.4,0.61,1.7,4.46,2.14,13.0,2.51,16.0,0.5,0.7,0.3,4.2,16.5,74.7,27.5,13.0,40.2,16.0,0.5,0.7,0.3,0.4,1.29,2.53,1.45,12.0,1.12,16.0,0.6,0.6,0.3,3.7,12.8,41.5,20.1,12.0,21.0,16.0,0.6,0.6,0.3,0.0,1.7,25.3,9.6,14.0,24.7,16.0,0.6,0.6,0.4,-1.2,3.1,39.9,18.7,14.0,35.5,16.0,0.6,0.6,0.4,-6.3,19.6,50.4,23.2,12.0,37.3,16.0,0.6,0.6,0.3,-18.5,16.5,52.3,17.1,12.0,39.4,16.0,0.6,0.6,0.3,-0.2,9.2,38.2,16.3,12.0,20.0,16.0,0.6,0.6,0.3,-9.5,0.0,7.7,-2.2,12.0,13.7,16.0,0.6,0.6,0.3,391.0,2004.0,11366.5,4257.0,14.0,4802.0,16.0,0.6,0.6,0.4,390.0,2005.0,11365.0,4255.0,14.0,4800.0,16.0,0.6,0.6,0.4
1974,2,214.0,54.0,3.08,4.0,5.6,4.38,9.0,1.69,14.0,0.8,0.7,0.5,1.5,3.2,4.0,2.92,9.0,1.29,14.0,0.8,0.7,0.5,3.53,3.98,5.08,4.19,7.0,0.78,16.0,0.9,0.7,0.5,75.0,86.6,100.0,86.6,7.0,11.6,16.0,0.9,0.5,8.43,11.6,17.71,12.91,8.0,5.77,16.0,0.9,0.7,0.5,-8.92,-6.61,10.29,-0.96,8.0,11.63,16.0,0.9,0.7,0.5,0.57,6.53,12.78,6.98,8.0,5.64,16.0,0.9,0.7,0.5,983.11,986.2,1004.87,992.48,9.0,11.68,14.0,0.8,0.7,0.5,6.8,8.0,8.0,7.0,7.0,2.2,14.0,0.7,0.7,0.5,-91.9,-46.4,185.2,35.1,8.0,217.2,16.0,0.9,0.7,0.5,5.9,109.7,182.4,110.0,8.0,95.9,16.0,0.9,0.7,0.5,0.25,1.2,2.68,1.46,9.0,1.48,14.0,0.8,0.7,0.5,4.7,12.6,41.3,23.5,8.0,24.0,16.0,0.9,0.7,0.5,0.72,1.27,1.69,1.23,7.0,0.6,16.0,0.9,0.7,0.5,7.5,10.4,30.8,16.4,7.0,13.3,16.0,0.9,0.7,0.5,-20.5,-14.1,28.9,-2.1,8.0,27.1,16.0,0.9,0.7,0.5,0.9,11.8,51.0,20.7,8.0,25.2,16.0,0.9,0.7,0.5,-35.7,-17.8,59.2,0.5,7.0,46.1,16.0,0.9,0.7,0.5,-0.1,25.9,69.8,32.9,7.0,30.4,16.0,0.9,0.7,0.5,-10.9,-6.7,3.7,-0.8,7.0,17.9,16.0,0.9,0.7,0.5,-0.1,3.9,16.5,8.3,7.0,9.4,16.0,0.9,0.7,0.5,611.5,1619.5,5590.5,3353.5,8.0,4082.0,16.0,0.9,0.7,0.5,610.0,1620.0,5590.0,3355.0,8.0,4080.0,16.0,0.9,0.7,0.5
1974,2,214.0,55.0,3.09,3.35,5.21,3.88,6.0,1.35,14.0,0.7,0.6,0.7,-0.08,3.5,4.0,2.24,7.0,2.25,14.0,0.6,0.7,0.7,3.83,4.28,4.46,4.17,6.0,0.36,14.0,0.7,0.7,0.7,81.5,86.8,93.5,88.0,6.0,7.2,14.0,0.7,0.7,6.1,12.45,17.27,12.05,8.0,5.26,14.0,0.6,0.7,0.7,-2.63,5.17,13.19,4.41,8.0,11.09,14.0,0.6,0.7,0.7,0.0,3.59,7.0,3.19,8.0,6.06,14.0,0.6,0.7,0.7,977.22,985.75,1016.07,992.79,8.0,18.3,14.0,0.6,0.7,0.7,5.0,8.0,8.0,7.0,7.0,1.4,16.0,0.6,0.7,0.8,-12.1,40.2,198.6,61.2,8.0,189.0,14.0,0.6,0.7,0.7,0.0,18.5,100.5,32.0,8.0,84.2,14.0,0.6,0.7,0.7,0.59,1.5,2.73,1.66,5.0,1.56,14.0,0.6,0.6,0.6,4.0,9.2,29.0,17.1,5.0,25.5,14.0,0.6,0.6,0.6,0.69,1.05,1.36,1.03,4.0,0.44,14.0,0.8,0.6,0.6,5.7,6.6,9.0,7.3,4.0,2.4,14.0,0.8,0.6,0.6,-12.3,0.0,16.8,6.0,7.0,22.8,14.0,0.6,0.7,0.7,0.0,13.1,17.2,14.8,7.0,16.0,14.0,0.6,0.7,0.7,-23.4,9.7,27.5,2.5,6.0,39.1,14.0,0.7,0.7,0.7,12.1,19.8,32.4,23.1,6.0,19.5,14.0,0.7,0.7,0.7,-2.4,2.0,5.6,1.6,4.0,5.0,14.0,0.8,0.6,0.6,4.4,5.8,7.3,5.8,4.0,2.0,14.0,0.8,0.6,0.6,254.0,1937.5,5170.0,2604.0,8.0,2482.5,14.0,0.6,0.7,0.7,255.0,1935.0,5170.0,2605.0,8.0,2485.0,14.0,0.6,0.7,0.7
1974,2,214.0,56.0,2.83,3.5,4.98,3.84,5.0,1.48,10.0,0.4,0.6,0.4,1.63,2.3,2.87,2.26,5.0,0.9,10.0,0.4,0.6,0.4,3.26,3.37,3.8,3.54,5.0,0.46,10.0,0.4,0.6,0.4,70.8,73.2,86.1,77.8,5.0,9.3,10.0,0.4,0.4,5.1,9.0,11.63,8.73,6.0,3.28,8.0,0.5,0.6,0.3,-3.73,0.87,8.07,1.22,6.0,7.77,8.0,0.5,0.6,0.3,-3.14,2.4,7.21,2.28,6.0,5.82,8.0,0.5,0.6,0.3,979.12,995.4,1011.9,994.82,6.0,19.13,8.0,0.5,0.6,0.3,5.4,8.0,8.0,6.8,6.0,2.0,8.0,0.5,0.6,0.3,-44.4,4.4,70.6,5.0,6.0,89.9,8.0,0.5,0.6,0.3,-21.5,12.2,87.6,27.6,6.0,54.7,8.0,0.5,0.6,0.3,0.64,2.1,2.5,1.58,5.0,1.26,10.0,0.4,0.6,0.4,1.9,12.8,24.5,12.5,5.0,13.2,10.0,0.4,0.6,0.4,1.03,1.74,2.12,1.57,5.0,0.82,10.0,0.4,0.6,0.4,6.7,12.4,17.8,12.3,5.0,7.1,10.0,0.4,0.6,0.4,-11.3,0.0,13.4,0.5,5.0,19.3,10.0,0.4,0.6,0.4,-3.7,10.1,16.4,6.6,5.0,11.5,10.0,0.4,0.6,0.4,-21.6,0.0,17.5,-2.2,5.0,30.8,10.0,0.4,0.6,0.4,-5.9,16.7,30.3,12.5,5.0,20.7,10.0,0.4,0.6,0.4,-2.6,0.0,10.7,4.2,5.0,10.3,10.0,0.4,0.6,0.4,-3.2,1.4,12.9,3.9,5.0,9.7,10.0,0.4,0.6,0.4,132.5,774.5,1588.0,900.5,6.0,807.5,8.0,0.5,0.6,0.3,135.0,775.0,1590.0,900.0,6.0,810.0,8.0,0.5,0.6,0.3
1974,2,214.0,57.0,3.86,3.9,4.9,4.34,5.0,0.76,14.0,0.8,0.6,0.4,-0.22,2.3,3.33,1.72,5.0,1.94,14.0,0.8,0.6,0.4,3.66,4.08,4.25,3.97,5.0,0.42,14.0,0.8,0.6,0.4,87.4,90.9,95.6,91.4,5.0,6.1,14.0,0.8,0.4,6.43,7.7,9.85,8.02,5.0,2.16,14.0,0.8,0.6,0.4,-8.45,-3.85,3.78,-2.76,5.0,6.63,14.0,0.8,0.6,0.4,-0.46,3.91,7.17,3.48,5.0,4.05,14.0,0.8,0.6,0.4,993.18,997.3,1004.79,999.46,5.0,10.4,14.0,0.8,0.6,0.4,6.4,8.0,8.0,7.3,4.0,1.5,12.0,0.8,0.6,0.4,-75.0,-29.6,26.4,-27.5,5.0,62.2,14.0,0.8,0.6,0.4,-3.3,19.9,59.9,27.4,5.0,35.2,14.0,0.8,0.6,0.4,0.51,2.2,4.74,2.62,5.0,2.49,14.0,0.8,0.6,0.4,3.7,20.5,44.2,23.2,5.0,21.3,14.0,0.8,0.6,0.4,0.76,1.23,1.65,1.26,5.0,0.68,14.0,0.8,0.6,0.4,4.4,11.4,15.2,10.4,5.0,6.0,14.0,0.8,0.6,0.4,-7.8,2.3,11.5,0.9,5.0,13.5,14.0,0.8,0.6,0.4,-3.8,0.0,16.4,5.2,5.0,10.8,14.0,0.8,0.6,0.4,-35.2,-12.9,15.5,-10.7,5.0,26.7,14.0,0.8,0.6,0.4,-2.0,16.1,26.1,13.1,5.0,15.8,14.0,0.8,0.6,0.4,-10.7,-4.3,3.8,-3.7,5.0,8.0,14.0,0.8,0.6,0.4,-0.3,3.3,12.1,5.7,5.0,7.1,14.0,0.8,0.6,0.4,285.5,456.5,970.5,605.5,5.0,438.0,14.0,0.8,0.6,0.4,285.0,455.0,970.0,605.0,5.0,440.0,14.0,0.8,0.6,0.4
1974,2,214.0,58.0,,,,,,,,,,,,,,,,,,,,,,,,,,,,,,,,,,,,,,,,8.7,8.7,8.7,8.7,1.0,0.0,12.0,0.0,0.8,0.7,-5.59,-5.59,-5.59,-5.59,1.0,0.0,12.0,0.0,0.8,0.7,-6.66,-6.66,-6.66,-6.66,1.0,0.0,12.0,0.0,0.8,0.7,1022.2,1022.2,1022.2,1022.2,1.0,0.0,12.0,0.0,0.8,0.7,,,,,,,,,,,,,,,,,,,,,,,,,,,,,,,,,,,,,,,,,,,,,,,,,,,,,,,,,,,,,,,,,,,,,,,,,,,,,,,,,,,,,,,,,,,,,,,,,,,,,,,,,,,,,,,,,,,,,,,,,,,,,,,,,,,,,,,,,,,,,,,,,,,,,,
1974,2,214.0,59.0,4.12,5.0,5.0,4.67,6.0,0.53,18.0,0.7,0.6,0.6,0.0,0.0,1.33,0.64,5.0,1.13,18.0,0.6,0.6,0.7,3.56,3.56,3.56,3.56,1.0,0.0,12.0,1.0,0.6,0.9,89.0,89.0,89.0,89.0,1.0,0.0,12.0,1.0,0.9,6.77,9.15,16.13,10.58,6.0,4.85,18.0,0.7,0.6,0.6,-9.49,-6.91,5.0,-4.46,6.0,8.25,18.0,0.7,0.6,0.6,-0.57,1.57,9.56,4.04,6.0,6.81,18.0,0.7,0.6,0.6,994.46,998.5,1000.95,998.45,6.0,4.0,18.0,0.7,0.6,0.6,5.4,8.0,8.0,6.8,4.0,2.5,20.0,1.0,0.6,0.5,-105.5,-57.4,39.8,-51.5,6.0,116.4,18.0,0.7,0.6,0.6,-9.1,10.0,120.6,54.8,6.0,113.5,18.0,0.7,0.6,0.6,3.23,5.0,5.0,4.12,5.0,1.65,18.0,0.6,0.6,0.7,19.7,36.0,59.8,40.3,5.0,28.3,18.0,0.6,0.6,0.7,1.91,1.91,1.91,1.91,1.0,0.0,12.0,1.0,0.6,0.9,19.7,19.7,19.7,19.7,1.0,0.0,12.0,1.0,0.6,0.9,-10.0,0.0,0.0,-4.9,5.0,8.9,18.0,0.6,0.6,0.7,0.0,0.0,4.0,1.7,5.0,2.3,18.0,0.6,0.6,0.7,-23.6,-23.6,-23.6,-23.6,1.0,0.0,12.0,1.0,0.6,0.9,28.1,28.1,28.1,28.1,1.0,0.0,12.0,1.0,0.6,0.9,-12.6,-12.6,-12.6,-12.6,1.0,0.0,12.0,1.0,0.6,0.9,15.1,15.1,15.1,15.1,1.0,0.0,12.0,1.0,0.6,0.9,323.5,802.5,4204.0,1840.5,6.0,2077.5,18.0,0.7,0.6,0.6,325.0,800.0,4205.0,1840.0,6.0,2080.0,18.0,0.7,0.6,0.6
1974,2,214.0,60.0,,,,,,,,,,,,,,,,,,,,,,,,,,,,,,,,,,,,,,,,5.1,5.1,5.1,5.1,1.0,0.0,26.0,1.0,0.1,0.0,-5.1,-5.1,-5.1,-5.1,1.0,0.0,26.0,1.0,0.1,0.0,0.0,0.0,0.0,0.0,1.0,0.0,26.0,1.0,0.1,0.0,1005.0,1005.0,1005.0,1005.0,1.0,0.0,26.0,1.0,0.1,0.0,,,,,,,,,,,,,,,,,,,,,,,,,,,,,,,,,,,,,,,,,,,,,,,,,,,,,,,,,,,,,,,,,,,,,,,,,,,,,,,,,,,,,,,,,,,,,,,,,,,,,,,,,,,,,,,,,,,,,,,,,,,,,,,,,,,,,,,,,,,,,,,,,,,,,,
1974,2,215.0,-66.0,,,,,,,,,,,,,,,,,,,,,,,,,,,,,,,,,,,,,,,,12.9,12.9,12.9,12.9,1.0,0.0,22.0,0.0,0.5,0.3,12.7,12.7,12.7,12.7,1.0,0.0,22.0,0.0,0.5,0.3,2.24,2.24,2.24,2.24,1.0,0.0,22.0,0.0,0.5,0.3,983.7,983.7,983.7,983.7,1.0,0.0,22.0,0.0,0.5,0.3,,,,,,,,,,,,,,,,,,,,,,,,,,,,,,,,,,,,,,,,,,,,,,,,,,,,,,,,,,,,,,,,,,,,,,,,,,,,,,,,,,,,,,,,,,,,,,,,,,,,,,,,,,,,,,,,,,,,,,,,,,,,,,,,,,,,,,,,,,,,,,,,,,,,,,
1974,2,215.0,-60.0,1.8,1.8,1.8,1.8,1.0,0.0,18.0,0.0,0.2,0.2,0.8,0.8,0.8,0.8,1.0,0.0,18.0,0.0,0.2,0.2,3.02,3.02,3.02,3.02,1.0,0.0,18.0,0.0,0.2,0.2,72.9,72.9,72.9,72.9,1.0,0.0,18.0,0.0,0.2,12.9,12.9,12.9,12.9,1.0,0.0,18.0,0.0,0.2,0.2,12.12,12.12,12.12,12.12,1.0,0.0,18.0,0.0,0.2,0.2,4.41,4.41,4.41,4.41,1.0,0.0,18.0,0.0,0.2,0.2,979.7,979.7,979.7,979.7,1.0,0.0,18.0,0.0,0.2,0.2,6.0,6.0,6.0,6.0,1.0,0.0,18.0,0.0,0.2,0.2,156.4,156.4,156.4,156.4,1.0,0.0,18.0,0.0,0.2,0.2,56.9,56.9,56.9,56.9,1.0,0.0,18.0,0.0,0.2,0.2,1.0,1.0,1.0,1.0,1.0,0.0,18.0,0.0,0.2,0.2,12.9,12.9,12.9,12.9,1.0,0.0,18.0,0.0,0.2,0.2,1.43,1.43,1.43,1.43,1.0,0.0,18.0,0.0,0.2,0.2,18.5,18.5,18.5,18.5,1.0,0.0,18.0,0.0,0.2,0.2,9.7,9.7,9.7,9.7,1.0,0.0,18.0,0.0,0.2,0.2,3.5,3.5,3.5,3.5,1.0,0.0,18.0,0.0,0.2,0.2,36.6,36.6,36.6,36.6,1.0,0.0,18.0,0.0,0.2,0.2,13.3,13.3,13.3,13.3,1.0,0.0,18.0,0.0,0.2,0.2,17.4,17.4,17.4,17.4,1.0,0.0,18.0,0.0,0.2,0.2,6.3,6.3,6.3,6.3,1.0,0.0,18.0,0.0,0.2,0.2,2146.5,2146.5,2146.5,2146.5,1.0,0.0,18.0,0.0,0.2,0.2,2145.0,2145.0,2145.0,2145.0,1.0,0.0,18.0,0.0,0.2,0.2
1974,2,215.0,-59.0,,,,,,,,,,,,,,,,,,,,,,,,,,,,,,,,,,,,,,,,,,,,,,,,,,,,,,,,,,,,,,,,,,,,,,,,,,,,,,,,8.0,8.0,8.0,8.0,1.0,0.0,26.0,0.0,1.0,0.9,62.7,66.1,69.5,66.1,2.0,7.0,26.0,0.5,0.7,0.8,-55.6,-43.5,-31.5,-43.5,2.0,24.9,26.0,0.5,0.7,0.8,,,,,,,,,,,,,,,,,,,,,,,,,,,,,,,,,,,,,,,,,,,,,,,,,,,,,,,,,,,,,,,,,,,,,,,,,,,,,,,,,,,,,,,,,,,,,,,,,,,,,,,,,,,,,,,,,,,,,,,,
1974,2,215.0,-58.0,,,,,,,,,,,,,,,,,,,,,,,,,,,,,,,,,,,,,,,,,,,,,,,,,,,,,,,,,,,,,,,,,,,,,,,,,,,,,,,,8.0,8.0,8.0,8.0,1.0,0.0,26.0,0.0,0.3,0.3,120.0,120.0,120.0,120.0,1.0,0.0,26.0,0.0,0.3,0.3,-43.7,-43.7,-43.7,-43.7,1.0,0.0,26.0,0.0,0.3,0.3,,,,,,,,,,,,,,,,,,,,,,,,,,,,,,,,,,,,,,,,,,,,,,,,,,,,,,,,,,,,,,,,,,,,,,,,,,,,,,,,,,,,,,,,,,,,,,,,,,,,,,,,,,,,,,,,,,,,,,,,
1974,2,215.0,-45.0,15.0,15.0,15.0,15.0,1.0,0.0,24.0,0.0,0.3,0.8,15.0,15.0,15.0,15.0,1.0,0.0,24.0,0.0,0.3,0.8,10.18,10.18,10.18,10.18,1.0,0.0,24.0,0.0,0.3,0.8,95.0,95.0,95.0,95.0,1.0,0.0,24.0,0.0,0.8,11.3,11.3,11.3,11.3,1.0,0.0,24.0,0.0,0.3,0.8,-3.86,-3.86,-3.86,-3.86,1.0,0.0,24.0,0.0,0.3,0.8,-10.62,-10.62,-10.62,-10.62,1.0,0.0,24.0,0.0,0.3,0.8,999.8,999.8,999.8,999.8,1.0,0.0,24.0,0.0,0.3,0.8,8.0,8.0,8.0,8.0,1.0,0.0,24.0,0.0,0.3,0.8,-43.7,-43.7,-43.7,-43.7,1.0,0.0,24.0,0.0,0.3,0.8,-120.0,-120.0,-120.0,-120.0,1.0,0.0,24.0,0.0,0.3,0.8,0.0,0.0,0.0,0.0,1.0,0.0,24.0,0.0,0.3,0.8,0.0,0.0,0.0,0.0,1.0,0.0,24.0,0.0,0.3,0.8,0.54,0.54,0.54,0.54,1.0,0.0,24.0,0.0,0.3,0.8,6.1,6.1,6.1,6.1,1.0,0.0,24.0,0.0,0.3,0.8,-58.0,-58.0,-58.0,-58.0,1.0,0.0,24.0,0.0,0.3,0.8,-159.3,-159.3,-159.3,-159.3,1.0,0.0,24.0,0.0,0.3,0.8,-39.3,-39.3,-39.3,-39.3,1.0,0.0,24.0,0.0,0.3,0.8,-108.0,-108.0,-108.0,-108.0,1.0,0.0,24.0,0.0,0.3,0.8,-2.1,-2.1,-2.1,-2.1,1.0,0.0,24.0,0.0,0.3,0.8,-5.8,-5.8,-5.8,-5.8,1.0,0.0,24.0,0.0,0.3,0.8,1443.0,1443.0,1443.0,1443.0,1.0,0.0,24.0,0.0,0.3,0.8,1445.0,1445.0,1445.0,1445.0,1.0,0.0,24.0,0.0,0.3,0.8
1974,2,215.0,-42.0,14.0,14.0,14.0,14.0,1.0,0.0,20.0,1.0,0.9,0.5,14.0,14.0,14.0,14.0,1.0,0.0,20.0,1.0,0.9,0.5,5.98,5.98,5.98,5.98,1.0,0.0,20.0,1.0,0.9,0.5,61.4,61.4,61.4,61.4,1.0,0.0,20.0,1.0,0.5,4.6,4.6,4.6,4.6,1.0,0.0,20.0,1.0,0.9,0.5,-4.6,-4.6,-4.6,-4.6,1.0,0.0,20.0,1.0,0.9,0.5,0.0,0.0,0.0,0.0,1.0,0.0,20.0,1.0,0.9,0.5,1028.1,1028.1,1028.1,1028.1,1.0,0.0,20.0,1.0,0.9,0.5,8.0,8.0,8.0,8.0,1.0,0.0,20.0,1.0,0.9,0.5,-21.2,-21.2,-21.2,-21.2,1.0,0.0,20.0,1.0,0.9,0.5,0.0,0.0,0.0,0.0,1.0,0.0,20.0,1.0,0.9,0.5,0.0,0.0,0.0,0.0,1.0,0.0,20.0,1.0,0.9,0.5,0.0,0.0,0.0,0.0,1.0,0.0,20.0,1.0,0.9,0.5,3.78,3.78,3.78,3.78,1.0,0.0,20.0,1.0,0.9,0.5,17.4,17.4,17.4,17.4,1.0,0.0,20.0,1.0,0.9,0.5,-64.4,-64.4,-64.4,-64.4,1.0,0.0,20.0,1.0,0.9,0.5,0.0,0.0,0.0,0.0,1.0,0.0,20.0,1.0,0.9,0.5,-27.5,-27.5,-27.5,-27.5,1.0,0.0,20.0,1.0,0.9,0.5,0.0,0.0,0.0,0.0,1.0,0.0,20.0,1.0,0.9,0.5,-17.4,-17.4,-17.4,-17.4,1.0,0.0,20.0,1.0,0.9,0.5,0.0,0.0,0.0,0.0,1.0,0.0,20.0,1.0,0.9,0.5,97.5,97.5,97.5,97.5,1.0,0.0,20.0,1.0,0.9,0.5,95.0,95.0,95.0,95.0,1.0,0.0,20.0,1.0,0.9,0.5
1974,2,215.0,-39.0,17.5,17.5,17.5,17.5,1.0,0.0,4.0,0.0,0.8,0.3,17.1,17.1,17.1,17.1,1.0,0.0,4.0,0.0,0.8,0.3,8.53,8.53,8.53,8.53,1.0,0.0,4.0,0.0,0.8,0.3,70.5,70.5,70.5,70.5,1.0,0.0,4.0,0.0,0.3,3.6,3.6,3.6,3.6,1.0,0.0,4.0,0.0,0.8,0.3,3.12,3.12,3.12,3.12,1.0,0.0,4.0,0.0,0.8,0.3,-1.8,-1.8,-1.8,-1.8,1.0,0.0,4.0,0.0,0.8,0.3,1011.9,1011.9,1011.9,1011.9,1.0,0.0,4.0,0.0,0.8,0.3,4.0,4.0,4.0,4.0,1.0,0.0,4.0,0.0,0.8,0.3,11.2,11.2,11.2,11.2,1.0,0.0,4.0,0.0,0.8,0.3,-6.5,-6.5,-6.5,-6.5,1.0,0.0,4.0,0.0,0.8,0.3,0.4,0.4,0.4,0.4,1.0,0.0,4.0,0.0,0.8,0.3,1.4,1.4,1.4,1.4,1.0,0.0,4.0,0.0,0.8,0.3,3.91,3.91,3.91,3.91,1.0,0.0,4.0,0.0,0.8,0.3,14.1,14.1,14.1,14.1,1.0,0.0,4.0,0.0,0.8,0.3,53.3,53.3,53.3,53.3,1.0,0.0,4.0,0.0,0.8,0.3,-30.8,-30.8,-30.8,-30.8,1.0,0.0,4.0,0.0,0.8,0.3,26.6,26.6,26.6,26.6,1.0,0.0,4.0,0.0,0.8,0.3,-15.4,-15.4,-15.4,-15.4,1.0,0.0,4.0,0.0,0.8,0.3,12.2,12.2,12.2,12.2,1.0,0.0,4.0,0.0,0.8,0.3,-7.0,-7.0,-7.0,-7.0,1.0,0.0,4.0,0.0,0.8,0.3,46.5,46.5,46.5,46.5,1.0,0.0,4.0,0.0,0.8,0.3,45.0,45.0,45.0,45.0,1.0,0.0,4.0,0.0,0.8,0.3
1974,2,215.0,-37.0,20.0,20.0,20.0,20.0,1.0,0.0,26.0,1.0,0.8,0.2,15.9,15.9,15.9,15.9,1.0,0.0,26.0,1.0,0.8,0.2,11.22,11.22,11.22,11.22,1.0,0.0,26.0,1.0,0.8,0.2,100.0,100.0,100.0,100.0,1.0,0.0,26.0,1.0,0.2,6.7,6.7,6.7,6.7,1.0,0.0,26.0,1.0,0.8,0.2,0.0,0.0,0.0,0.0,1.0,0.0,26.0,1.0,0.8,0.2,6.7,6.7,6.7,6.7,1.0,0.0,26.0,1.0,0.8,0.2,1011.9,1011.9,1011.9,1011.9,1.0,0.0,26.0,1.0,0.8,0.2,7.0,7.0,7.0,7.0,1.0,0.0,26.0,1.0,0.8,0.2,0.0,0.0,0.0,0.0,1.0,0.0,26.0,1.0,0.8,0.2,44.9,44.9,44.9,44.9,1.0,0.0,26.0,1.0,0.8,0.2,4.1,4.1,4.1,4.1,1.0,0.0,26.0,1.0,0.8,0.2,27.5,27.5,27.5,27.5,1.0,0.0,26.0,1.0,0.8,0.2,3.34,3.34,3.34,3.34,1.0,0.0,26.0,1.0,0.8,0.2,22.3,22.3,22.3,22.3,1.0,0.0,26.0,1.0,0.8,0.2,0.0,0.0,0.0,0.0,1.0,0.0,26.0,1.0,0.8,0.2,106.5,106.5,106.5,106.5,1.0,0.0,26.0,1.0,0.8,0.2,0.0,0.0,0.0,0.0,1.0,0.0,26.0,1.0,0.8,0.2,75.2,75.2,75.2,75.2,1.0,0.0,26.0,1.0,0.8,0.2,0.0,0.0,0.0,0.0,1.0,0.0,26.0,1.0,0.8,0.2,22.3,22.3,22.3,22.3,1.0,0.0,26.0,1.0,0.8,0.2,301.0,301.0,301.0,301.0,1.0,0.0,26.0,1.0,0.8,0.2,300.0,300.0,300.0,300.0,1.0,0.0,26.0,1.0,0.8,0.2
1974,2,215.0,-36.0,21.0,21.0,21.0,21.0,1.0,0.0,18.0,0.0,0.7,0.3,19.8,19.8,19.8,19.8,1.0,0.0,18.0,0.0,0.7,0.3,9.84,9.84,9.84,9.84,1.0,0.0,18.0,0.0,0.7,0.3,69.2,69.2,69.2,69.2,1.0,0.0,18.0,0.0,0.3,2.1,2.1,2.1,2.1,1.0,0.0,18.0,0.0,0.7,0.3,1.97,1.97,1.97,1.97,1.0,0.0,18.0,0.0,0.7,0.3,0.72,0.72,0.72,0.72,1.0,0.0,18.0,0.0,0.7,0.3,1020.4,1020.4,1020.4,1020.4,1.0,0.0,18.0,0.0,0.7,0.3,6.0,6.0,6.0,6.0,1.0,0.0,18.0,0.0,0.7,0.3,4.1,4.1,4.1,4.1,1.0,0.0,18.0,0.0,0.7,0.3,1.5,1.5,1.5,1.5,1.0,0.0,18.0,0.0,0.7,0.3,1.2,1.2,1.2,1.2,1.0,0.0,18.0,0.0,0.7,0.3,2.5,2.5,2.5,2.5,1.0,0.0,18.0,0.0,0.7,0.3,5.53,5.53,5.53,5.53,1.0,0.0,18.0,0.0,0.7,0.3,11.6,11.6,11.6,11.6,1.0,0.0,18.0,0.0,0.7,0.3,39.1,39.1,39.1,39.1,1.0,0.0,18.0,0.0,0.7,0.3,14.2,14.2,14.2,14.2,1.0,0.0,18.0,0.0,0.7,0.3,19.4,19.4,19.4,19.4,1.0,0.0,18.0,0.0,0.7,0.3,7.1,7.1,7.1,7.1,1.0,0.0,18.0,0.0,0.7,0.3,10.9,10.9,10.9,10.9,1.0,0.0,18.0,0.0,0.7,0.3,4.0,4.0,4.0,4.0,1.0,0.0,18.0,0.0,0.7,0.3,9.5,9.5,9.5,9.5,1.0,0.0,18.0,0.0,0.7,0.3,10.0,10.0,10.0,10.0,1.0,0.0,18.0,0.0,0.7,0.3
1974,2,215.0,-35.0,21.7,21.7,21.7,21.7,1.0,0.0,28.0,1.0,1.0,0.5,20.33,20.4,20.47,20.4,2.0,0.14,22.0,0.5,1.0,0.7,10.31,11.92,13.52,11.92,2.0,3.33,22.0,0.5,1.0,0.7,70.2,80.6,90.9,80.6,2.0,21.5,22.0,0.5,0.7,4.68,4.85,5.02,4.85,2.0,0.35,22.0,0.5,1.0,0.7,-2.55,0.52,3.59,0.52,2.0,6.37,22.0,0.5,1.0,0.7,1.11,1.59,2.08,1.59,2.0,1.0,22.0,0.5,1.0,0.7,1019.97,1021.4,1022.83,1021.4,2.0,2.97,22.0,0.5,1.0,0.7,3.0,5.0,7.0,5.0,2.0,4.2,22.0,0.5,1.0,0.7,-11.4,3.6,18.6,3.6,2.0,31.1,22.0,0.5,1.0,0.7,5.5,7.5,9.6,7.5,2.0,4.3,22.0,0.5,1.0,0.7,1.4,1.4,1.4,1.4,1.0,0.0,28.0,1.0,1.0,0.5,7.1,7.1,7.1,7.1,1.0,0.0,28.0,1.0,1.0,0.5,6.44,6.44,6.44,6.44,1.0,0.0,28.0,1.0,1.0,0.5,32.8,32.8,32.8,32.8,1.0,0.0,28.0,1.0,1.0,0.5,-52.5,10.1,72.8,10.1,2.0,129.8,22.0,0.5,1.0,0.7,22.6,32.6,42.5,32.6,2.0,20.6,22.0,0.5,1.0,0.7,-40.2,-4.4,31.4,-4.4,2.0,74.1,22.0,0.5,1.0,0.7,12.3,20.6,29.0,20.6,2.0,17.2,22.0,0.5,1.0,0.7,32.3,32.3,32.3,32.3,1.0,0.0,28.0,1.0,1.0,0.5,5.7,5.7,5.7,5.7,1.0,0.0,28.0,1.0,1.0,0.5,103.0,115.0,127.0,115.0,2.0,25.0,22.0,0.5,1.0,0.7,105.0,115.0,125.0,115.0,2.0,25.0,22.0,0.5,1.0,0.7
1974,2,215.0,-32.0,24.0,24.0,24.0,24.0,1.0,0.0,16.0,1.0,0.3,0.8,22.5,22.5,22.5,22.5,1.0,0.0,16.0,1.0,0.3,0.8,14.52,14.52,14.52,14.52,1.0,0.0,16.0,1.0,0.3,0.8,86.3,86.3,86.3,86.3,1.0,0.0,16.0,1.0,0.8,9.3,9.3,9.3,9.3,1.0,0.0,16.0,1.0,0.3,0.8,-9.16,-9.16,-9.16,-9.16,1.0,0.0,16.0,1.0,0.3,0.8,1.61,1.61,1.61,1.61,1.0,0.0,16.0,1.0,0.3,0.8,1021.0,1021.0,1021.0,1021.0,1.0,0.0,16.0,1.0,0.3,0.8,8.0,8.0,8.0,8.0,1.0,0.0,16.0,1.0,0.3,0.8,-85.2,-85.2,-85.2,-85.2,1.0,0.0,16.0,1.0,0.3,0.8,15.0,15.0,15.0,15.0,1.0,0.0,16.0,1.0,0.3,0.8,1.5,1.5,1.5,1.5,1.0,0.0,16.0,1.0,0.3,0.8,14.0,14.0,14.0,14.0,1.0,0.0,16.0,1.0,0.3,0.8,3.95,3.95,3.95,3.95,1.0,0.0,16.0,1.0,0.3,0.8,36.7,36.7,36.7,36.7,1.0,0.0,16.0,1.0,0.3,0.8,-206.1,-206.1,-206.1,-206.1,1.0,0.0,16.0,1.0,0.3,0.8,36.3,36.3,36.3,36.3,1.0,0.0,16.0,1.0,0.3,0.8,-133.0,-133.0,-133.0,-133.0,1.0,0.0,16.0,1.0,0.3,0.8,23.4,23.4,23.4,23.4,1.0,0.0,16.0,1.0,0.3,0.8,-36.1,-36.1,-36.1,-36.1,1.0,0.0,16.0,1.0,0.3,0.8,6.4,6.4,6.4,6.4,1.0,0.0,16.0,1.0,0.3,0.8,804.5,804.5,804.5,804.5,1.0,0.0,16.0,1.0,0.3,0.8,805.0,805.0,805.0,805.0,1.0,0.0,16.0,1.0,0.3,0.8
1974,2,215.0,-31.0,24.73,24.8,24.87,24.8,2.0,0.14,16.0,0.5,0.5,0.6,23.26,23.4,23.54,23.4,2.0,0.28,16.0,0.5,0.5,0.6,14.16,14.35,14.54,14.35,2.0,0.39,16.0,0.5,0.5,0.6,79.1,80.8,82.4,80.8,2.0,3.5,16.0,0.5,0.6,6.75,9.0,11.25,9.0,2.0,4.67,16.0,0.5,0.5,0.6,-10.57,-8.46,-6.34,-8.46,2.0,4.39,16.0,0.5,0.5,0.6,2.31,3.08,3.85,3.08,2.0,1.6,16.0,0.5,0.5,0.6,1020.01,1020.25,1020.49,1020.25,2.0,0.5,16.0,0.5,0.5,0.6,8.0,8.0,8.0,8.0,2.0,0.0,16.0,0.5,0.5,0.6,-124.4,-86.3,-48.2,-86.3,2.0,78.9,16.0,0.5,0.5,0.6,17.6,31.4,45.3,31.4,2.0,28.7,16.0,0.5,0.5,0.6,1.2,1.4,1.6,1.4,2.0,0.42,16.0,0.5,0.5,0.6,8.6,13.6,18.6,13.6,2.0,10.4,16.0,0.5,0.5,0.6,4.94,5.05,5.15,5.05,2.0,0.21,16.0,0.5,0.5,0.6,34.5,44.9,55.4,44.9,2.0,21.6,16.0,0.5,0.5,0.6,-245.7,-197.3,-148.9,-197.3,2.0,100.2,16.0,0.5,0.5,0.6,54.2,71.8,89.4,71.8,2.0,36.5,16.0,0.5,0.5,0.6,-154.2,-122.2,-90.3,-122.2,2.0,66.2,16.0,0.5,0.5,0.6,32.9,44.5,56.1,44.5,2.0,24.1,16.0,0.5,0.5,0.6,-52.0,-42.2,-32.4,-42.2,2.0,20.3,16.0,0.5,0.5,0.6,11.8,15.4,18.9,15.4,2.0,7.4,16.0,0.5,0.5,0.6,451.0,1023.0,1595.0,1023.0,2.0,1185.0,16.0,0.5,0.5,0.6,450.0,1025.0,1595.0,1025.0,2.0,1185.0,16.0,0.5,0.5,0.6
1974,2,215.0,-30.0,26.2,26.2,26.2,26.2,1.0,0.0,14.0,0.0,0.1,0.7,23.8,23.8,23.8,23.8,1.0,0.0,14.0,0.0,0.1,0.7,15.47,15.47,15.47,15.47,1.0,0.0,14.0,0.0,0.1,0.7,84.9,84.9,84.9,84.9,1.0,0.0,14.0,0.0,0.7,,,,,,,,,,,,,,,,,,,,,,,,,,,,,,,,,,,,,,,,,,,,,,,,,,,,,,,,,,,,,,,,,,,,,,,,,,,,,,,,,,,,,,,,,,,,,,,,,,,,,,,,,,,,,,,,,,,,,,,,,,,,,,,,,,,,,,,,,,,,,,,,,,,,,,,,,,,,,,,,,,,,,,,,,,,,,,,,,,,,,,,,,,,,,,
1974,2,215.0,-29.0,,,,,,,,,,,,,,,,,,,,,,,,,,,,,,,,,,,,,,,,0.5,0.5,0.5,0.5,1.0,0.0,6.0,1.0,0.4,0.3,0.0,0.0,0.0,0.0,1.0,0.0,6.0,1.0,0.4,0.3,-0.5,-0.5,-0.5,-0.5,1.0,0.0,6.0,1.0,0.4,0.3,1014.2,1014.2,1014.2,1014.2,1.0,0.0,6.0,1.0,0.4,0.3,8.0,8.0,8.0,8.0,1.0,0.0,6.0,1.0,0.4,0.3,0.0,0.0,0.0,0.0,1.0,0.0,6.0,1.0,0.4,0.3,-0.2,-0.2,-0.2,-0.2,1.0,0.0,6.0,1.0,0.4,0.3,,,,,,,,,,,,,,,,,,,,,,,,,,,,,,,,,,,,,,,,,0.0,0.0,0.0,0.0,1.0,0.0,6.0,1.0,0.4,0.3,-12.2,-12.2,-12.2,-12.2,1.0,0.0,6.0,1.0,0.4,0.3,0.0,0.0,0.0,0.0,1.0,0.0,6.0,1.0,0.4,0.3,-8.0,-8.0,-8.0,-8.0,1.0,0.0,6.0,1.0,0.4,0.3,,,,,,,,,,,,,,,,,,,,,,,,,,,,,,,,,,,,,,,,
1974,2,215.0,-23.0,26.8,26.8,26.8,26.8,1.0,0.0,6.0,1.0,0.9,0.6,27.0,27.0,27.0,27.0,1.0,0.0,6.0,1.0,0.9,0.6,15.83,15.83,15.83,15.83,1.0,0.0,6.0,1.0,0.9,0.6,71.4,71.4,71.4,71.4,1.0,0.0,6.0,1.0,0.6,2.6,2.6,2.6,2.6,1.0,0.0,6.0,1.0,0.9,0.6,-1.67,-1.67,-1.67,-1.67,1.0,0.0,6.0,1.0,0.9,0.6,-1.99,-1.99,-1.99,-1.99,1.0,0.0,6.0,1.0,0.9,0.6,1015.2,1015.2,1015.2,1015.2,1.0,0.0,6.0,1.0,0.9,0.6,4.0,4.0,4.0,4.0,1.0,0.0,6.0,1.0,0.9,0.6,-4.3,-4.3,-4.3,-4.3,1.0,0.0,6.0,1.0,0.9,0.6,-5.2,-5.2,-5.2,-5.2,1.0,0.0,6.0,1.0,0.9,0.6,-0.2,-0.2,-0.2,-0.2,1.0,0.0,6.0,1.0,0.9,0.6,-0.5,-0.5,-0.5,-0.5,1.0,0.0,6.0,1.0,0.9,0.6,6.15,6.15,6.15,6.15,1.0,0.0,6.0,1.0,0.9,0.6,16.0,16.0,16.0,16.0,1.0,0.0,6.0,1.0,0.9,0.6,-45.1,-45.1,-45.1,-45.1,1.0,0.0,6.0,1.0,0.9,0.6,-53.8,-53.8,-53.8,-53.8,1.0,0.0,6.0,1.0,0.9,0.6,-26.5,-26.5,-26.5,-26.5,1.0,0.0,6.0,1.0,0.9,0.6,-31.5,-31.5,-31.5,-31.5,1.0,0.0,6.0,1.0,0.9,0.6,-10.3,-10.3,-10.3,-10.3,1.0,0.0,6.0,1.0,0.9,0.6,-12.3,-12.3,-12.3,-12.3,1.0,0.0,6.0,1.0,0.9,0.6,17.5,17.5,17.5,17.5,1.0,0.0,6.0,1.0,0.9,0.6,20.0,20.0,20.0,20.0,1.0,0.0,6.0,1.0,0.9,0.6
1974,2,215.0,-17.0,29.0,29.0,29.0,29.0,1.0,0.0,16.0,1.0,0.5,0.3,30.2,30.2,30.2,30.2,1.0,0.0,16.0,1.0,0.5,0.3,20.74,20.74,20.74,20.74,1.0,0.0,16.0,1.0,0.5,0.3,77.3,77.3,77.3,77.3,1.0,0.0,16.0,1.0,0.3,6.2,6.2,6.2,6.2,1.0,0.0,16.0,1.0,0.5,0.3,-6.2,-6.2,-6.2,-6.2,1.0,0.0,16.0,1.0,0.5,0.3,0.0,0.0,0.0,0.0,1.0,0.0,16.0,1.0,0.5,0.3,1013.6,1013.6,1013.6,1013.6,1.0,0.0,16.0,1.0,0.5,0.3,4.0,4.0,4.0,4.0,1.0,0.0,16.0,1.0,0.5,0.3,-38.4,-38.4,-38.4,-38.4,1.0,0.0,16.0,1.0,0.5,0.3,0.0,0.0,0.0,0.0,1.0,0.0,16.0,1.0,0.5,0.3,-1.2,-1.2,-1.2,-1.2,1.0,0.0,16.0,1.0,0.5,0.3,-7.4,-7.4,-7.4,-7.4,1.0,0.0,16.0,1.0,0.5,0.3,4.35,4.35,4.35,4.35,1.0,0.0,16.0,1.0,0.5,0.3,27.0,27.0,27.0,27.0,1.0,0.0,16.0,1.0,0.5,0.3,-187.2,-187.2,-187.2,-187.2,1.0,0.0,16.0,1.0,0.5,0.3,0.0,0.0,0.0,0.0,1.0,0.0,16.0,1.0,0.5,0.3,-128.6,-128.6,-128.6,-128.6,1.0,0.0,16.0,1.0,0.5,0.3,0.0,0.0,0.0,0.0,1.0,0.0,16.0,1.0,0.5,0.3,-27.0,-27.0,-27.0,-27.0,1.0,0.0,16.0,1.0,0.5,0.3,0.0,0.0,0.0,0.0,1.0,0.0,16.0,1.0,0.5,0.3,238.5,238.5,238.5,238.5,1.0,0.0,16.0,1.0,0.5,0.3,240.0,240.0,240.0,240.0,1.0,0.0,16.0,1.0,0.5,0.3
1974,2,215.0,-16.0,27.86,28.0,28.0,27.93,3.0,0.12,12.0,0.7,0.5,0.5,25.82,26.5,27.52,26.67,3.0,1.26,12.0,0.7,0.5,0.5,15.86,16.89,17.06,16.47,3.0,0.95,12.0,0.7,0.5,0.5,73.5,75.7,77.4,75.5,3.0,2.9,12.0,0.7,0.5,5.93,7.7,7.7,6.83,3.0,1.5,12.0,0.7,0.5,0.5,-7.29,-6.67,-5.54,-6.42,3.0,1.3,12.0,0.7,0.5,0.5,1.03,1.34,3.05,2.02,3.0,1.6,12.0,0.7,0.5,0.5,1010.79,1012.5,1012.57,1011.7,3.0,1.47,12.0,0.7,0.5,0.5,4.3,7.0,7.0,5.7,3.0,2.3,12.0,0.7,0.5,0.5,-56.2,-51.3,-33.8,-45.1,3.0,17.3,12.0,0.7,0.5,0.5,6.4,10.3,23.5,14.8,3.0,13.2,12.0,0.7,0.5,0.5,0.34,1.5,2.18,1.27,3.0,1.37,12.0,0.7,0.5,0.5,1.4,7.7,15.6,8.5,3.0,10.4,12.0,0.7,0.5,0.5,6.47,6.79,7.81,7.13,3.0,1.03,12.0,0.7,0.5,0.5,39.1,48.6,59.0,49.0,3.0,14.6,12.0,0.7,0.5,0.5,-198.9,-170.0,-144.8,-171.8,3.0,39.6,12.0,0.7,0.5,0.5,27.9,37.4,78.9,53.0,3.0,39.7,12.0,0.7,0.5,0.5,-121.3,-102.6,-90.5,-105.8,3.0,22.7,12.0,0.7,0.5,0.5,17.5,22.9,47.7,32.4,3.0,23.6,12.0,0.7,0.5,0.5,-52.9,-47.9,-38.5,-45.7,3.0,10.7,12.0,0.7,0.5,0.5,6.8,8.4,24.5,15.5,3.0,14.3,12.0,0.7,0.5,0.5,235.5,456.5,456.5,348.5,3.0,187.0,12.0,0.7,0.5,0.5,235.0,455.0,455.0,350.0,3.0,185.0,12.0,0.7,0.5,0.5
1974,2,215.0,-14.0,28.0,28.0,28.0,28.0,1.0,0.0,8.0,1.0,0.5,1.0,26.6,26.6,26.6,26.6,1.0,0.0,8.0,1.0,0.5,1.0,16.18,16.18,16.18,16.18,1.0,0.0,8.0,1.0,0.5,1.0,74.5,74.5,74.5,74.5,1.0,0.0,8.0,1.0,1.0,2.6,2.6,2.6,2.6,1.0,0.0,8.0,1.0,0.5,1.0,-2.6,-2.6,-2.6,-2.6,1.0,0.0,8.0,1.0,0.5,1.0,0.0,0.0,0.0,0.0,1.0,0.0,8.0,1.0,0.5,1.0,1012.0,1012.0,1012.0,1012.0,1.0,0.0,8.0,1.0,0.5,1.0,4.0,4.0,4.0,4.0,1.0,0.0,8.0,1.0,0.5,1.0,-6.8,-6.8,-6.8,-6.8,1.0,0.0,8.0,1.0,0.5,1.0,0.0,0.0,0.0,0.0,1.0,0.0,8.0,1.0,0.5,1.0,1.4,1.4,1.4,1.4,1.0,0.0,8.0,1.0,0.5,1.0,3.6,3.6,3.6,3.6,1.0,0.0,8.0,1.0,0.5,1.0,7.51,7.51,7.51,7.51,1.0,0.0,8.0,1.0,0.5,1.0,19.5,19.5,19.5,19.5,1.0,0.0,8.0,1.0,0.5,1.0,-69.2,-69.2,-69.2,-69.2,1.0,0.0,8.0,1.0,0.5,1.0,0.0,0.0,0.0,0.0,1.0,0.0,8.0,1.0,0.5,1.0,-42.1,-42.1,-42.1,-42.1,1.0,0.0,8.0,1.0,0.5,1.0,0.0,0.0,0.0,0.0,1.0,0.0,8.0,1.0,0.5,1.0,-19.5,-19.5,-19.5,-19.5,1.0,0.0,8.0,1.0,0.5,1.0,0.0,0.0,0.0,0.0,1.0,0.0,8.0,1.0,0.5,1.0,17.5,17.5,17.5,17.5,1.0,0.0,8.0,1.0,0.5,1.0,20.0,20.0,20.0,20.0,1.0,0.0,8.0,1.0,0.5,1.0
1974,2,215.0,-13.0,28.9,28.9,28.9,28.9,1.0,0.0,20.0,1.0,0.6,1.0,29.4,29.4,29.4,29.4,1.0,0.0,20.0,1.0,0.6,1.0,18.66,18.66,18.66,18.66,1.0,0.0,20.0,1.0,0.6,1.0,72.7,72.7,72.7,72.7,1.0,0.0,20.0,1.0,1.0,3.1,3.1,3.1,3.1,1.0,0.0,20.0,1.0,0.6,1.0,-3.05,-3.05,-3.05,-3.05,1.0,0.0,20.0,1.0,0.6,1.0,0.54,0.54,0.54,0.54,1.0,0.0,20.0,1.0,0.6,1.0,1010.5,1010.5,1010.5,1010.5,1.0,0.0,20.0,1.0,0.6,1.0,3.0,3.0,3.0,3.0,1.0,0.0,20.0,1.0,0.6,1.0,-9.5,-9.5,-9.5,-9.5,1.0,0.0,20.0,1.0,0.6,1.0,1.7,1.7,1.7,1.7,1.0,0.0,20.0,1.0,0.6,1.0,-0.5,-0.5,-0.5,-0.5,1.0,0.0,20.0,1.0,0.6,1.0,-1.5,-1.5,-1.5,-1.5,1.0,0.0,20.0,1.0,0.6,1.0,6.36,6.36,6.36,6.36,1.0,0.0,20.0,1.0,0.6,1.0,19.7,19.7,19.7,19.7,1.0,0.0,20.0,1.0,0.6,1.0,-89.8,-89.8,-89.8,-89.8,1.0,0.0,20.0,1.0,0.6,1.0,15.8,15.8,15.8,15.8,1.0,0.0,20.0,1.0,0.6,1.0,-57.0,-57.0,-57.0,-57.0,1.0,0.0,20.0,1.0,0.6,1.0,10.0,10.0,10.0,10.0,1.0,0.0,20.0,1.0,0.6,1.0,-19.4,-19.4,-19.4,-19.4,1.0,0.0,20.0,1.0,0.6,1.0,3.4,3.4,3.4,3.4,1.0,0.0,20.0,1.0,0.6,1.0,30.0,30.0,30.0,30.0,1.0,0.0,20.0,1.0,0.6,1.0,30.0,30.0,30.0,30.0,1.0,0.0,20.0,1.0,0.6,1.0
1974,2,215.0,-12.0,28.0,28.0,28.0,28.0,1.0,0.0,14.0,1.0,0.4,1.0,26.5,26.5,26.5,26.5,1.0,0.0,14.0,1.0,0.4,1.0,15.42,15.42,15.42,15.42,1.0,0.0,14.0,1.0,0.4,1.0,71.4,71.4,71.4,71.4,1.0,0.0,14.0,1.0,1.0,5.7,5.7,5.7,5.7,1.0,0.0,14.0,1.0,0.4,1.0,-5.7,-5.7,-5.7,-5.7,1.0,0.0,14.0,1.0,0.4,1.0,0.0,0.0,0.0,0.0,1.0,0.0,14.0,1.0,0.4,1.0,1010.3,1010.3,1010.3,1010.3,1.0,0.0,14.0,1.0,0.4,1.0,5.0,5.0,5.0,5.0,1.0,0.0,14.0,1.0,0.4,1.0,-32.5,-32.5,-32.5,-32.5,1.0,0.0,14.0,1.0,0.4,1.0,0.0,0.0,0.0,0.0,1.0,0.0,14.0,1.0,0.4,1.0,1.5,1.5,1.5,1.5,1.0,0.0,14.0,1.0,0.4,1.0,8.6,8.6,8.6,8.6,1.0,0.0,14.0,1.0,0.4,1.0,8.3,8.3,8.3,8.3,1.0,0.0,14.0,1.0,0.4,1.0,47.3,47.3,47.3,47.3,1.0,0.0,14.0,1.0,0.4,1.0,-151.0,-151.0,-151.0,-151.0,1.0,0.0,14.0,1.0,0.4,1.0,0.0,0.0,0.0,0.0,1.0,0.0,14.0,1.0,0.4,1.0,-87.9,-87.9,-87.9,-87.9,1.0,0.0,14.0,1.0,0.4,1.0,0.0,0.0,0.0,0.0,1.0,0.0,14.0,1.0,0.4,1.0,-47.3,-47.3,-47.3,-47.3,1.0,0.0,14.0,1.0,0.4,1.0,0.0,0.0,0.0,0.0,1.0,0.0,14.0,1.0,0.4,1.0,185.0,185.0,185.0,185.0,1.0,0.0,14.0,1.0,0.4,1.0,185.0,185.0,185.0,185.0,1.0,0.0,14.0,1.0,0.4,1.0
1974,2,215.0,-11.0,27.83,27.9,27.97,27.9,2.0,0.14,16.0,1.0,0.9,0.8,27.5,27.5,27.5,27.5,2.0,0.0,16.0,1.0,0.9,0.8,17.61,17.74,17.87,17.74,2.0,0.28,16.0,1.0,0.9,0.8,76.8,77.4,78.1,77.4,2.0,1.3,16.0,1.0,0.8,4.51,5.4,6.29,5.4,2.0,1.84,16.0,1.0,0.9,0.8,-6.05,-4.67,-3.28,-4.67,2.0,2.87,16.0,1.0,0.9,0.8,0.5,1.57,2.64,1.57,2.0,2.22,16.0,1.0,0.9,0.8,1011.48,1012.3,1013.12,1012.3,2.0,1.7,16.0,1.0,0.9,0.8,4.2,4.5,4.8,4.5,2.0,0.7,16.0,1.0,0.9,0.8,-39.5,-27.8,-16.2,-27.8,2.0,24.1,16.0,1.0,0.9,0.8,2.0,6.4,10.8,6.4,2.0,9.1,16.0,1.0,0.9,0.8,0.33,0.4,0.47,0.4,2.0,0.14,16.0,1.0,0.9,0.8,1.6,2.3,3.0,2.3,2.0,1.5,16.0,1.0,0.9,0.8,5.74,5.8,5.86,5.8,2.0,0.12,16.0,1.0,0.9,0.8,26.4,31.2,36.1,31.2,2.0,10.0,16.0,1.0,0.9,0.8,-166.5,-128.4,-90.2,-128.4,2.0,79.0,16.0,1.0,0.9,0.8,13.7,43.2,72.7,43.2,2.0,61.1,16.0,1.0,0.9,0.8,-108.4,-83.2,-58.0,-83.2,2.0,52.3,16.0,1.0,0.9,0.8,8.7,27.6,46.4,27.6,2.0,39.0,16.0,1.0,0.9,0.8,-34.7,-26.9,-19.1,-26.9,2.0,16.1,16.0,1.0,0.9,0.8,2.9,9.2,15.6,9.2,2.0,13.1,16.0,1.0,0.9,0.8,105.5,185.0,264.0,185.0,2.0,164.0,16.0,1.0,0.9,0.8,105.0,185.0,265.0,185.0,2.0,165.0,16.0,1.0,0.9,0.8
1974,2,215.0,-10.0,27.8,27.8,27.8,27.8,1.0,0.0,26.0,1.0,0.8,0.7,27.5,27.5,27.5,27.5,1.0,0.0,26.0,1.0,0.8,0.7,18.88,18.88,18.88,18.88,1.0,0.0,26.0,1.0,0.8,0.7,82.2,82.2,82.2,82.2,1.0,0.0,26.0,1.0,0.7,6.7,6.7,6.7,6.7,1.0,0.0,26.0,1.0,0.8,0.7,-4.31,-4.31,-4.31,-4.31,1.0,0.0,26.0,1.0,0.8,0.7,5.13,5.13,5.13,5.13,1.0,0.0,26.0,1.0,0.8,0.7,1011.1,1011.1,1011.1,1011.1,1.0,0.0,26.0,1.0,0.8,0.7,4.0,4.0,4.0,4.0,1.0,0.0,26.0,1.0,0.8,0.7,-28.9,-28.9,-28.9,-28.9,1.0,0.0,26.0,1.0,0.8,0.7,34.4,34.4,34.4,34.4,1.0,0.0,26.0,1.0,0.8,0.7,0.3,0.3,0.3,0.3,1.0,0.0,26.0,1.0,0.8,0.7,2.0,2.0,2.0,2.0,1.0,0.0,26.0,1.0,0.8,0.7,4.55,4.55,4.55,4.55,1.0,0.0,26.0,1.0,0.8,0.7,30.5,30.5,30.5,30.5,1.0,0.0,26.0,1.0,0.8,0.7,-118.4,-118.4,-118.4,-118.4,1.0,0.0,26.0,1.0,0.8,0.7,141.1,141.1,141.1,141.1,1.0,0.0,26.0,1.0,0.8,0.7,-81.3,-81.3,-81.3,-81.3,1.0,0.0,26.0,1.0,0.8,0.7,96.9,96.9,96.9,96.9,1.0,0.0,26.0,1.0,0.8,0.7,-19.6,-19.6,-19.6,-19.6,1.0,0.0,26.0,1.0,0.8,0.7,23.4,23.4,23.4,23.4,1.0,0.0,26.0,1.0,0.8,0.7,301.0,301.0,301.0,301.0,1.0,0.0,26.0,1.0,0.8,0.7,300.0,300.0,300.0,300.0,1.0,0.0,26.0,1.0,0.8,0.7
1974,2,215.0,-8.0,25.7,25.7,25.7,25.7,1.0,0.0,2.0,1.0,0.5,0.7,27.3,27.3,27.3,27.3,1.0,0.0,2.0,1.0,0.5,0.7,16.41,16.41,16.41,16.41,1.0,0.0,2.0,1.0,0.5,0.7,72.4,72.4,72.4,72.4,1.0,0.0,2.0,1.0,0.7,7.7,7.7,7.7,7.7,1.0,0.0,2.0,1.0,0.5,0.7,-7.58,-7.58,-7.58,-7.58,1.0,0.0,2.0,1.0,0.5,0.7,1.34,1.34,1.34,1.34,1.0,0.0,2.0,1.0,0.5,0.7,1010.4,1010.4,1010.4,1010.4,1.0,0.0,2.0,1.0,0.5,0.7,3.0,3.0,3.0,3.0,1.0,0.0,2.0,1.0,0.5,0.7,-58.4,-58.4,-58.4,-58.4,1.0,0.0,2.0,1.0,0.5,0.7,10.3,10.3,10.3,10.3,1.0,0.0,2.0,1.0,0.5,0.7,-1.6,-1.6,-1.6,-1.6,1.0,0.0,2.0,1.0,0.5,0.7,-12.3,-12.3,-12.3,-12.3,1.0,0.0,2.0,1.0,0.5,0.7,4.27,4.27,4.27,4.27,1.0,0.0,2.0,1.0,0.5,0.7,32.9,32.9,32.9,32.9,1.0,0.0,2.0,1.0,0.5,0.7,-207.0,-207.0,-207.0,-207.0,1.0,0.0,2.0,1.0,0.5,0.7,36.5,36.5,36.5,36.5,1.0,0.0,2.0,1.0,0.5,0.7,-124.4,-124.4,-124.4,-124.4,1.0,0.0,2.0,1.0,0.5,0.7,21.9,21.9,21.9,21.9,1.0,0.0,2.0,1.0,0.5,0.7,-32.4,-32.4,-32.4,-32.4,1.0,0.0,2.0,1.0,0.5,0.7,5.7,5.7,5.7,5.7,1.0,0.0,2.0,1.0,0.5,0.7,456.5,456.5,456.5,456.5,1.0,0.0,2.0,1.0,0.5,0.7,455.0,455.0,455.0,455.0,1.0,0.0,2.0,1.0,0.5,0.7
1974,2,215.0,-6.0,27.0,27.0,27.0,27.0,1.0,0.0,14.0,1.0,0.4,0.2,25.0,25.0,25.0,25.0,1.0,0.0,14.0,1.0,0.4,0.2,15.31,15.31,15.31,15.31,1.0,0.0,14.0,1.0,0.4,0.2,77.5,77.5,77.5,77.5,1.0,0.0,14.0,1.0,0.2,8.7,8.7,8.7,8.7,1.0,0.0,14.0,1.0,0.4,0.2,-8.18,-8.18,-8.18,-8.18,1.0,0.0,14.0,1.0,0.4,0.2,2.98,2.98,2.98,2.98,1.0,0.0,14.0,1.0,0.4,0.2,1011.2,1011.2,1011.2,1011.2,1.0,0.0,14.0,1.0,0.4,0.2,3.0,3.0,3.0,3.0,1.0,0.0,14.0,1.0,0.4,0.2,-71.1,-71.1,-71.1,-71.1,1.0,0.0,14.0,1.0,0.4,0.2,25.9,25.9,25.9,25.9,1.0,0.0,14.0,1.0,0.4,0.2,2.0,2.0,2.0,2.0,1.0,0.0,14.0,1.0,0.4,0.2,17.4,17.4,17.4,17.4,1.0,0.0,14.0,1.0,0.4,0.2,7.02,7.02,7.02,7.02,1.0,0.0,14.0,1.0,0.4,0.2,61.1,61.1,61.1,61.1,1.0,0.0,14.0,1.0,0.4,0.2,-204.4,-204.4,-204.4,-204.4,1.0,0.0,14.0,1.0,0.4,0.2,74.4,74.4,74.4,74.4,1.0,0.0,14.0,1.0,0.4,0.2,-125.2,-125.2,-125.2,-125.2,1.0,0.0,14.0,1.0,0.4,0.2,45.6,45.6,45.6,45.6,1.0,0.0,14.0,1.0,0.4,0.2,-57.4,-57.4,-57.4,-57.4,1.0,0.0,14.0,1.0,0.4,0.2,20.9,20.9,20.9,20.9,1.0,0.0,14.0,1.0,0.4,0.2,658.5,658.5,658.5,658.5,1.0,0.0,14.0,1.0,0.4,0.2,660.0,660.0,660.0,660.0,1.0,0.0,14.0,1.0,0.4,0.2
1974,2,215.0,4.0,25.5,25.5,25.5,25.5,1.0,0.0,10.0,1.0,0.2,0.6,27.0,27.0,27.0,27.0,1.0,0.0,10.0,1.0,0.2,0.6,17.48,17.48,17.48,17.48,1.0,0.0,10.0,1.0,0.2,0.6,78.3,78.3,78.3,78.3,1.0,0.0,10.0,1.0,0.6,7.2,7.2,7.2,7.2,1.0,0.0,10.0,1.0,0.2,0.6,-7.2,-7.2,-7.2,-7.2,1.0,0.0,10.0,1.0,0.2,0.6,0.0,0.0,0.0,0.0,1.0,0.0,10.0,1.0,0.2,0.6,1008.4,1008.4,1008.4,1008.4,1.0,0.0,10.0,1.0,0.2,0.6,2.0,2.0,2.0,2.0,1.0,0.0,10.0,1.0,0.2,0.6,-51.8,-51.8,-51.8,-51.8,1.0,0.0,10.0,1.0,0.2,0.6,0.0,0.0,0.0,0.0,1.0,0.0,10.0,1.0,0.2,0.6,-1.5,-1.5,-1.5,-1.5,1.0,0.0,10.0,1.0,0.2,0.6,-10.8,-10.8,-10.8,-10.8,1.0,0.0,10.0,1.0,0.2,0.6,2.99,2.99,2.99,2.99,1.0,0.0,10.0,1.0,0.2,0.6,21.5,21.5,21.5,21.5,1.0,0.0,10.0,1.0,0.2,0.6,-194.4,-194.4,-194.4,-194.4,1.0,0.0,10.0,1.0,0.2,0.6,0.0,0.0,0.0,0.0,1.0,0.0,10.0,1.0,0.2,0.6,-125.9,-125.9,-125.9,-125.9,1.0,0.0,10.0,1.0,0.2,0.6,0.0,0.0,0.0,0.0,1.0,0.0,10.0,1.0,0.2,0.6,-21.5,-21.5,-21.5,-21.5,1.0,0.0,10.0,1.0,0.2,0.6,0.0,0.0,0.0,0.0,1.0,0.0,10.0,1.0,0.2,0.6,373.0,373.0,373.0,373.0,1.0,0.0,10.0,1.0,0.2,0.6,375.0,375.0,375.0,375.0,1.0,0.0,10.0,1.0,0.2,0.6
1974,2,215.0,6.0,25.6,25.6,25.6,25.6,1.0,0.0,18.0,0.0,0.2,0.4,26.1,26.1,26.1,26.1,1.0,0.0,18.0,0.0,0.2,0.4,17.85,17.85,17.85,17.85,1.0,0.0,18.0,0.0,0.2,0.4,84.6,84.6,84.6,84.6,1.0,0.0,18.0,0.0,0.4,10.3,10.3,10.3,10.3,1.0,0.0,18.0,0.0,0.2,0.4,-7.89,-7.89,-7.89,-7.89,1.0,0.0,18.0,0.0,0.2,0.4,-6.62,-6.62,-6.62,-6.62,1.0,0.0,18.0,0.0,0.2,0.4,1011.9,1011.9,1011.9,1011.9,1.0,0.0,18.0,0.0,0.2,0.4,6.0,6.0,6.0,6.0,1.0,0.0,18.0,0.0,0.2,0.4,-81.3,-81.3,-81.3,-81.3,1.0,0.0,18.0,0.0,0.2,0.4,-68.2,-68.2,-68.2,-68.2,1.0,0.0,18.0,0.0,0.2,0.4,-0.5,-0.5,-0.5,-0.5,1.0,0.0,18.0,0.0,0.2,0.4,-5.1,-5.1,-5.1,-5.1,1.0,0.0,18.0,0.0,0.2,0.4,2.67,2.67,2.67,2.67,1.0,0.0,18.0,0.0,0.2,0.4,27.5,27.5,27.5,27.5,1.0,0.0,18.0,0.0,0.2,0.4,-205.9,-205.9,-205.9,-205.9,1.0,0.0,18.0,0.0,0.2,0.4,-172.8,-172.8,-172.8,-172.8,1.0,0.0,18.0,0.0,0.2,0.4,-140.9,-140.9,-140.9,-140.9,1.0,0.0,18.0,0.0,0.2,0.4,-118.2,-118.2,-118.2,-118.2,1.0,0.0,18.0,0.0,0.2,0.4,-21.1,-21.1,-21.1,-21.1,1.0,0.0,18.0,0.0,0.2,0.4,-17.7,-17.7,-17.7,-17.7,1.0,0.0,18.0,0.0,0.2,0.4,1092.5,1092.5,1092.5,1092.5,1.0,0.0,18.0,0.0,0.2,0.4,1095.0,1095.0,1095.0,1095.0,1.0,0.0,18.0,0.0,0.2,0.4
1974,2,215.0,8.0,25.0,25.0,25.0,25.0,2.0,0.0,14.0,1.0,0.7,0.3,26.0,26.0,26.0,26.0,2.0,0.0,14.0,1.0,0.7,0.3,16.18,16.19,16.21,16.19,2.0,0.03,14.0,1.0,0.7,0.3,77.2,77.2,77.2,77.2,2.0,0.0,14.0,1.0,0.3,9.27,10.5,11.73,10.5,2.0,2.55,14.0,1.0,0.7,0.3,-11.55,-10.34,-9.13,-10.34,2.0,2.51,14.0,1.0,0.7,0.3,-1.56,-0.31,0.93,-0.31,2.0,2.58,14.0,1.0,0.7,0.3,1010.4,1011.25,1012.1,1011.25,2.0,1.77,14.0,1.0,0.7,0.3,7.0,7.0,7.0,7.0,2.0,0.0,14.0,1.0,0.7,0.3,-137.2,-111.8,-86.4,-111.8,2.0,52.6,14.0,1.0,0.7,0.3,-20.0,-6.6,6.9,-6.6,2.0,27.9,14.0,1.0,0.7,0.3,-1.0,-1.0,-1.0,-1.0,2.0,0.0,14.0,1.0,0.7,0.3,-11.7,-10.5,-9.3,-10.5,2.0,2.5,14.0,1.0,0.7,0.3,3.61,3.62,3.62,3.62,2.0,0.01,14.0,1.0,0.7,0.3,33.5,38.0,42.5,38.0,2.0,9.3,14.0,1.0,0.7,0.3,-300.3,-268.9,-237.4,-268.9,2.0,65.2,14.0,1.0,0.7,0.3,-40.5,-8.1,24.2,-8.1,2.0,67.0,14.0,1.0,0.7,0.3,-187.2,-167.5,-147.7,-167.5,2.0,40.9,14.0,1.0,0.7,0.3,-25.3,-5.1,15.1,-5.1,2.0,41.8,14.0,1.0,0.7,0.3,-41.8,-37.4,-33.0,-37.4,2.0,9.1,14.0,1.0,0.7,0.3,-5.6,-1.1,3.4,-1.1,2.0,9.3,14.0,1.0,0.7,0.3,849.5,1259.5,1670.0,1259.5,2.0,850.0,14.0,1.0,0.7,0.3,850.0,1260.0,1670.0,1260.0,2.0,850.0,14.0,1.0,0.7,0.3
1974,2,215.0,11.0,,,,,,,,,,,,,,,,,,,,,,,,,,,,,,,,,,,,,,,,7.2,7.2,7.2,7.2,1.0,0.0,26.0,1.0,0.8,0.3,-6.77,-6.77,-6.77,-6.77,1.0,0.0,26.0,1.0,0.8,0.3,-2.46,-2.46,-2.46,-2.46,1.0,0.0,26.0,1.0,0.8,0.3,1019.3,1019.3,1019.3,1019.3,1.0,0.0,26.0,1.0,0.8,0.3,,,,,,,,,,,,,,,,,,,,,,,,,,,,,,,,,,,,,,,,,,,,,,,,,,,,,,,,,,,,,,,,,,,,,,,,,,,,,,,,,,,,,,,,,,,,,,,,,,,,,,,,,,,,,,,,,,,,,,,,,,,,,,,,,,,,,,,,,,,,,,,,,,,,,,
1974,2,215.0,13.0,24.4,24.4,24.4,24.4,1.0,0.0,16.0,1.0,0.2,0.6,24.4,24.4,24.4,24.4,1.0,0.0,16.0,1.0,0.2,0.6,15.23,15.23,15.23,15.23,1.0,0.0,16.0,1.0,0.2,0.6,80.4,80.4,80.4,80.4,1.0,0.0,16.0,1.0,0.6,11.3,11.3,11.3,11.3,1.0,0.0,16.0,1.0,0.2,0.6,-9.79,-9.79,-9.79,-9.79,1.0,0.0,16.0,1.0,0.2,0.6,-5.65,-5.65,-5.65,-5.65,1.0,0.0,16.0,1.0,0.2,0.6,1017.1,1017.1,1017.1,1017.1,1.0,0.0,16.0,1.0,0.2,0.6,5.0,5.0,5.0,5.0,1.0,0.0,16.0,1.0,0.2,0.6,-110.6,-110.6,-110.6,-110.6,1.0,0.0,16.0,1.0,0.2,0.6,-63.8,-63.8,-63.8,-63.8,1.0,0.0,16.0,1.0,0.2,0.6,0.0,0.0,0.0,0.0,1.0,0.0,16.0,1.0,0.2,0.6,0.0,0.0,0.0,0.0,1.0,0.0,16.0,1.0,0.2,0.6,3.77,3.77,3.77,3.77,1.0,0.0,16.0,1.0,0.2,0.6,42.6,42.6,42.6,42.6,1.0,0.0,16.0,1.0,0.2,0.6,-238.8,-238.8,-238.8,-238.8,1.0,0.0,16.0,1.0,0.2,0.6,-137.9,-137.9,-137.9,-137.9,1.0,0.0,16.0,1.0,0.2,0.6,-149.0,-149.0,-149.0,-149.0,1.0,0.0,16.0,1.0,0.2,0.6,-86.0,-86.0,-86.0,-86.0,1.0,0.0,16.0,1.0,0.2,0.6,-36.9,-36.9,-36.9,-36.9,1.0,0.0,16.0,1.0,0.2,0.6,-21.3,-21.3,-21.3,-21.3,1.0,0.0,16.0,1.0,0.2,0.6,1443.0,1443.0,1443.0,1443.0,1.0,0.0,16.0,1.0,0.2,0.6,1445.0,1445.0,1445.0,1445.0,1.0,0.0,16.0,1.0,0.2,0.6
1974,2,215.0,14.0,23.0,23.0,23.0,23.0,1.0,0.0,10.0,1.0,0.5,0.7,25.5,25.5,25.5,25.5,1.0,0.0,10.0,1.0,0.5,0.7,15.78,15.78,15.78,15.78,1.0,0.0,10.0,1.0,0.5,0.7,77.6,77.6,77.6,77.6,1.0,0.0,10.0,1.0,0.7,7.7,7.7,7.7,7.7,1.0,0.0,10.0,1.0,0.5,0.7,-7.24,-7.24,-7.24,-7.24,1.0,0.0,10.0,1.0,0.5,0.7,-2.63,-2.63,-2.63,-2.63,1.0,0.0,10.0,1.0,0.5,0.7,1012.5,1012.5,1012.5,1012.5,1.0,0.0,10.0,1.0,0.5,0.7,4.0,4.0,4.0,4.0,1.0,0.0,10.0,1.0,0.5,0.7,-55.7,-55.7,-55.7,-55.7,1.0,0.0,10.0,1.0,0.5,0.7,-20.3,-20.3,-20.3,-20.3,1.0,0.0,10.0,1.0,0.5,0.7,-2.5,-2.5,-2.5,-2.5,1.0,0.0,10.0,1.0,0.5,0.7,-19.2,-19.2,-19.2,-19.2,1.0,0.0,10.0,1.0,0.5,0.7,1.74,1.74,1.74,1.74,1.0,0.0,10.0,1.0,0.5,0.7,13.4,13.4,13.4,13.4,1.0,0.0,10.0,1.0,0.5,0.7,-184.5,-184.5,-184.5,-184.5,1.0,0.0,10.0,1.0,0.5,0.7,-67.2,-67.2,-67.2,-67.2,1.0,0.0,10.0,1.0,0.5,0.7,-114.2,-114.2,-114.2,-114.2,1.0,0.0,10.0,1.0,0.5,0.7,-41.5,-41.5,-41.5,-41.5,1.0,0.0,10.0,1.0,0.5,0.7,-12.6,-12.6,-12.6,-12.6,1.0,0.0,10.0,1.0,0.5,0.7,-4.6,-4.6,-4.6,-4.6,1.0,0.0,10.0,1.0,0.5,0.7,456.5,456.5,456.5,456.5,1.0,0.0,10.0,1.0,0.5,0.7,455.0,455.0,455.0,455.0,1.0,0.0,10.0,1.0,0.5,0.7
1974,2,215.0,15.0,23.98,24.8,25.62,24.8,2.0,1.7,24.0,0.0,0.4,0.5,23.1,23.3,23.5,23.3,2.0,0.42,24.0,0.0,0.4,0.5,13.1,13.75,14.4,13.75,2.0,1.35,24.0,0.0,0.4,0.5,73.0,77.5,82.1,77.5,2.0,9.5,24.0,0.0,0.5,7.51,9.25,10.99,9.25,2.0,3.61,24.0,0.0,0.4,0.5,-10.33,-8.69,-7.06,-8.69,2.0,3.39,24.0,0.0,0.4,0.5,-3.76,-3.16,-2.57,-3.16,2.0,1.23,24.0,0.0,0.4,0.5,1014.55,1014.65,1014.75,1014.65,2.0,0.21,24.0,0.0,0.4,0.5,2.3,3.0,3.7,3.0,2.0,1.4,24.0,0.0,0.4,0.5,-116.8,-86.5,-56.3,-86.5,2.0,62.7,24.0,0.0,0.4,0.5,-42.5,-31.5,-20.5,-31.5,2.0,22.8,24.0,0.0,0.4,0.5,0.48,1.5,2.52,1.5,2.0,2.12,24.0,0.0,0.4,0.5,5.6,17.7,29.8,17.7,2.0,25.0,24.0,0.0,0.4,0.5,5.48,5.8,6.12,5.8,2.0,0.66,24.0,0.0,0.4,0.5,41.8,54.8,67.9,54.8,2.0,27.0,24.0,0.0,0.4,0.5,-238.1,-201.8,-165.5,-201.8,2.0,75.3,24.0,0.0,0.4,0.5,-86.7,-73.5,-60.2,-73.5,2.0,27.4,24.0,0.0,0.4,0.5,-150.0,-121.8,-93.7,-121.8,2.0,58.3,24.0,0.0,0.4,0.5,-54.6,-44.3,-34.1,-44.3,2.0,21.2,24.0,0.0,0.4,0.5,-63.8,-51.5,-39.3,-51.5,2.0,25.4,24.0,0.0,0.4,0.5,-23.2,-18.8,-14.3,-18.8,2.0,9.2,24.0,0.0,0.4,0.5,514.0,972.0,1430.0,972.0,2.0,949.0,24.0,0.0,0.4,0.5,515.0,970.0,1430.0,970.0,2.0,950.0,24.0,0.0,0.4,0.5
1974,2,215.0,16.0,24.02,24.05,24.08,24.05,2.0,0.07,12.0,0.5,1.0,0.5,23.25,23.8,24.35,23.8,2.0,1.13,12.0,0.5,1.0,0.5,12.91,13.56,14.21,13.56,2.0,1.35,12.0,0.5,1.0,0.5,73.0,74.0,75.1,74.0,2.0,2.2,12.0,0.5,0.5,6.18,7.2,8.22,7.2,2.0,2.12,12.0,0.5,1.0,0.5,-7.73,-6.77,-5.8,-6.77,2.0,1.99,12.0,0.5,1.0,0.5,-2.81,-2.46,-2.11,-2.46,2.0,0.73,12.0,0.5,1.0,0.5,1015.21,1016.1,1016.99,1016.1,2.0,1.84,12.0,0.5,1.0,0.5,3.0,5.0,7.0,5.0,2.0,4.2,12.0,0.5,1.0,0.5,-64.7,-50.8,-37.0,-50.8,2.0,28.7,12.0,0.5,1.0,0.5,-23.5,-18.5,-13.5,-18.5,2.0,10.4,12.0,0.5,1.0,0.5,-0.26,0.25,0.76,0.25,2.0,1.06,12.0,0.5,1.0,0.5,-2.8,0.7,4.1,0.7,2.0,7.1,12.0,0.5,1.0,0.5,4.45,5.05,5.65,5.05,2.0,1.24,12.0,0.5,1.0,0.5,34.2,35.1,35.9,35.1,2.0,1.8,12.0,0.5,1.0,0.5,-188.7,-162.2,-135.6,-162.2,2.0,55.1,12.0,0.5,1.0,0.5,-68.7,-59.0,-49.3,-59.0,2.0,20.1,12.0,0.5,1.0,0.5,-110.6,-93.1,-75.6,-93.1,2.0,36.2,12.0,0.5,1.0,0.5,-40.2,-33.9,-27.5,-33.9,2.0,13.2,12.0,0.5,1.0,0.5,-33.8,-32.9,-32.1,-32.9,2.0,1.7,12.0,0.5,1.0,0.5,-12.3,-12.0,-11.7,-12.0,2.0,0.6,12.0,0.5,1.0,0.5,260.5,422.0,583.5,422.0,2.0,334.5,12.0,0.5,1.0,0.5,260.0,420.0,585.0,420.0,2.0,335.0,12.0,0.5,1.0,0.5
1974,2,215.0,17.0,23.7,23.7,23.7,23.7,1.0,0.0,10.0,1.0,1.0,0.1,23.6,23.6,23.6,23.6,1.0,0.0,10.0,1.0,1.0,0.1,12.42,12.42,12.42,12.42,1.0,0.0,10.0,1.0,1.0,0.1,68.6,68.6,68.6,68.6,1.0,0.0,10.0,1.0,0.1,9.8,9.8,9.8,9.8,1.0,0.0,10.0,1.0,1.0,0.1,-8.49,-8.49,-8.49,-8.49,1.0,0.0,10.0,1.0,1.0,0.1,-4.9,-4.9,-4.9,-4.9,1.0,0.0,10.0,1.0,1.0,0.1,1013.3,1013.3,1013.3,1013.3,1.0,0.0,10.0,1.0,1.0,0.1,2.0,2.0,2.0,2.0,1.0,0.0,10.0,1.0,1.0,0.1,-83.2,-83.2,-83.2,-83.2,1.0,0.0,10.0,1.0,1.0,0.1,-48.0,-48.0,-48.0,-48.0,1.0,0.0,10.0,1.0,1.0,0.1,0.1,0.1,0.1,0.1,1.0,0.0,10.0,1.0,1.0,0.1,1.0,1.0,1.0,1.0,1.0,0.0,10.0,1.0,1.0,0.1,5.85,5.85,5.85,5.85,1.0,0.0,10.0,1.0,1.0,0.1,57.4,57.4,57.4,57.4,1.0,0.0,10.0,1.0,1.0,0.1,-200.3,-200.3,-200.3,-200.3,1.0,0.0,10.0,1.0,1.0,0.1,-115.6,-115.6,-115.6,-115.6,1.0,0.0,10.0,1.0,1.0,0.1,-105.4,-105.4,-105.4,-105.4,1.0,0.0,10.0,1.0,1.0,0.1,-60.8,-60.8,-60.8,-60.8,1.0,0.0,10.0,1.0,1.0,0.1,-49.7,-49.7,-49.7,-49.7,1.0,0.0,10.0,1.0,1.0,0.1,-28.7,-28.7,-28.7,-28.7,1.0,0.0,10.0,1.0,1.0,0.1,941.0,941.0,941.0,941.0,1.0,0.0,10.0,1.0,1.0,0.1,940.0,940.0,940.0,940.0,1.0,0.0,10.0,1.0,1.0,0.1
1974,2,215.0,18.0,23.9,24.0,24.0,23.96,5.0,0.05,18.0,0.6,0.4,0.3,22.49,22.8,23.0,22.73,7.0,0.34,16.0,0.4,0.3,0.3,12.68,14.62,15.74,14.29,5.0,1.73,16.0,0.4,0.4,0.3,74.0,86.8,92.5,84.1,5.0,9.8,16.0,0.4,0.3,7.7,11.8,12.04,10.6,7.0,2.12,16.0,0.4,0.3,0.3,-11.68,-11.09,-7.17,-10.02,7.0,2.53,16.0,0.4,0.3,0.3,-4.14,-2.63,0.09,-2.28,7.0,2.43,16.0,0.4,0.3,0.3,1016.25,1020.0,1020.92,1019.13,7.0,2.87,16.0,0.4,0.3,0.3,1.0,4.0,8.0,4.4,5.0,3.5,16.0,0.4,0.4,0.3,-138.5,-130.8,-55.2,-110.8,7.0,45.0,16.0,0.4,0.3,0.3,-47.7,-24.2,0.9,-23.0,7.0,25.1,16.0,0.4,0.3,0.3,1.0,1.1,1.57,1.26,5.0,0.32,18.0,0.6,0.4,0.3,10.4,11.8,15.6,13.2,5.0,5.1,18.0,0.6,0.4,0.3,2.68,3.86,5.49,4.08,3.0,2.07,18.0,0.7,0.5,0.3,20.6,29.7,64.5,42.2,3.0,33.9,18.0,0.7,0.5,0.3,-269.3,-255.0,-161.4,-227.8,7.0,57.4,16.0,0.4,0.3,0.3,-95.3,-59.3,1.9,-52.3,7.0,55.5,16.0,0.4,0.3,0.3,-155.9,-151.5,-102.3,-133.1,5.0,29.5,16.0,0.4,0.4,0.3,-53.9,-26.7,10.1,-23.7,5.0,40.8,16.0,0.4,0.4,0.3,-63.9,-27.9,-17.4,-40.4,3.0,35.7,18.0,0.7,0.5,0.3,-10.4,-10.2,-3.2,-6.9,3.0,6.0,18.0,0.7,0.5,0.3,456.5,1643.0,1748.0,1309.5,7.0,658.5,16.0,0.4,0.3,0.3,455.0,1645.0,1750.0,1310.0,7.0,660.0,16.0,0.4,0.3,0.3
1974,2,215.0,19.0,23.57,24.15,24.73,24.15,2.0,1.2,12.0,0.5,1.0,0.4,21.62,22.75,23.88,22.75,2.0,2.33,12.0,0.5,1.0,0.4,11.54,12.34,13.14,12.34,2.0,1.66,12.0,0.5,1.0,0.4,71.5,71.8,72.1,71.8,2.0,0.5,12.0,0.5,0.4,4.5,6.45,8.4,6.45,2.0,4.03,12.0,0.5,1.0,0.4,-8.28,-6.38,-4.48,-6.38,2.0,3.93,12.0,0.5,1.0,0.4,0.26,0.81,1.36,0.81,2.0,1.14,12.0,0.5,1.0,0.4,1017.25,1017.35,1017.45,1017.35,2.0,0.21,12.0,0.5,1.0,0.4,2.2,2.5,2.8,2.5,2.0,0.7,12.0,0.5,1.0,0.4,-73.7,-49.1,-24.4,-49.1,2.0,51.1,12.0,0.5,1.0,0.4,2.4,7.5,12.6,7.5,2.0,10.6,12.0,0.5,1.0,0.4,-0.31,1.4,3.11,1.4,2.0,3.54,12.0,0.5,1.0,0.4,-6.4,1.9,10.2,1.9,2.0,17.2,12.0,0.5,1.0,0.4,4.92,6.38,7.85,6.38,2.0,3.03,12.0,0.5,1.0,0.4,32.1,35.1,38.1,35.1,2.0,6.2,12.0,0.5,1.0,0.4,-200.1,-149.7,-99.4,-149.7,2.0,104.3,12.0,0.5,1.0,0.4,6.3,19.7,33.2,19.7,2.0,27.9,12.0,0.5,1.0,0.4,-110.5,-82.0,-53.5,-82.0,2.0,59.1,12.0,0.5,1.0,0.4,3.5,10.9,18.4,10.9,2.0,15.4,12.0,0.5,1.0,0.4,-37.6,-34.8,-32.0,-34.8,2.0,5.8,12.0,0.5,1.0,0.4,1.1,3.4,5.8,3.4,2.0,4.8,12.0,0.5,1.0,0.4,167.0,425.5,684.0,425.5,2.0,536.0,12.0,0.5,1.0,0.4,165.0,425.0,685.0,425.0,2.0,535.0,12.0,0.5,1.0,0.4
1974,2,215.0,20.0,21.81,23.25,24.1,23.02,6.0,1.27,12.0,0.8,0.5,0.4,21.19,22.1,25.34,22.8,6.0,2.28,12.0,0.8,0.5,0.4,9.93,11.65,15.77,12.46,5.0,3.53,14.0,1.0,0.3,0.3,62.0,71.4,78.1,69.1,5.0,13.4,14.0,1.0,0.3,6.56,8.7,10.51,8.38,6.0,2.53,12.0,0.8,0.5,0.4,-10.24,-8.57,-6.46,-8.17,6.0,2.39,12.0,0.8,0.5,0.4,-2.22,-1.11,1.3,-0.85,6.0,2.02,12.0,0.8,0.5,0.4,1017.58,1018.75,1020.29,1018.72,6.0,2.08,12.0,0.8,0.5,0.4,2.6,7.0,7.0,5.2,5.0,2.5,10.0,0.8,0.5,0.4,-107.7,-74.5,-43.9,-73.5,6.0,37.1,12.0,0.8,0.5,0.4,-23.6,-8.0,9.9,-9.3,6.0,20.8,12.0,0.8,0.5,0.4,-2.75,1.75,2.06,0.22,6.0,2.75,12.0,0.8,0.5,0.4,-23.9,11.3,18.3,1.1,6.0,23.8,12.0,0.8,0.5,0.4,1.03,6.12,8.55,5.23,5.0,4.55,14.0,1.0,0.3,0.3,9.0,49.2,87.2,50.3,5.0,47.0,14.0,1.0,0.3,0.3,-225.8,-218.9,-140.5,-188.0,6.0,59.1,12.0,0.8,0.5,0.4,-48.7,-26.7,29.7,-18.4,6.0,45.6,12.0,0.8,0.5,0.4,-135.1,-119.9,-80.4,-110.3,5.0,28.9,14.0,1.0,0.3,0.3,-31.6,-13.5,17.8,-8.8,5.0,27.7,14.0,1.0,0.3,0.3,-83.9,-48.5,-8.9,-48.9,5.0,45.9,14.0,1.0,0.3,0.3,-21.7,-2.4,3.2,-7.6,5.0,13.9,14.0,1.0,0.3,0.3,310.5,658.5,1165.0,716.0,6.0,492.5,12.0,0.8,0.5,0.4,310.0,660.0,1165.0,715.0,6.0,495.0,12.0,0.8,0.5,0.4
1974,2,215.0,21.0,22.8,23.9,24.63,23.75,12.0,1.17,14.0,0.6,0.6,0.5,21.87,22.1,23.3,22.46,12.0,1.34,14.0,0.6,0.6,0.5,11.52,12.65,13.52,12.51,12.0,0.97,14.0,0.6,0.6,0.5,66.6,74.3,83.1,75.0,12.0,9.3,14.0,0.6,0.5,7.07,8.2,12.9,9.47,12.0,3.2,14.0,0.6,0.6,0.5,-12.75,-7.83,-6.16,-9.07,12.0,3.34,14.0,0.6,0.6,0.5,-2.3,-0.44,2.12,0.04,12.0,2.67,14.0,0.6,0.6,0.5,1018.0,1020.65,1024.18,1021.03,12.0,3.01,14.0,0.6,0.6,0.5,2.7,4.5,7.3,4.7,12.0,2.2,14.0,0.6,0.6,0.5,-164.5,-62.3,-46.2,-95.5,12.0,67.2,14.0,0.6,0.6,0.5,-18.9,-2.3,18.7,1.9,12.0,25.7,14.0,0.6,0.6,0.5,0.47,1.45,2.63,1.29,12.0,2.27,14.0,0.6,0.6,0.5,1.4,12.1,27.7,12.5,12.0,20.2,14.0,0.6,0.6,0.5,4.93,5.74,6.77,5.71,12.0,1.08,14.0,0.6,0.6,0.5,29.3,47.2,76.5,55.4,12.0,25.3,14.0,0.6,0.6,0.5,-285.9,-175.8,-137.9,-203.4,12.0,75.3,14.0,0.6,0.6,0.5,-55.2,-9.8,48.1,0.7,12.0,61.0,14.0,0.6,0.6,0.5,-155.4,-102.7,-79.6,-112.2,12.0,37.5,14.0,0.6,0.6,0.5,-25.9,-5.6,27.5,1.6,12.0,33.7,14.0,0.6,0.6,0.5,-74.4,-46.2,-28.9,-53.1,12.0,25.8,14.0,0.6,0.6,0.5,-11.5,-2.5,13.5,0.6,12.0,15.7,14.0,0.6,0.6,0.5,355.0,551.5,2146.5,1131.0,12.0,1108.5,14.0,0.6,0.6,0.5,355.0,550.0,2145.0,1130.0,12.0,1110.0,14.0,0.6,0.6,0.5
1974,2,215.0,22.0,21.46,22.75,23.41,22.72,6.0,1.33,16.0,0.3,0.5,0.5,20.9,21.2,21.94,21.55,6.0,1.24,16.0,0.3,0.5,0.5,10.29,10.52,12.64,11.25,5.0,1.31,16.0,0.4,0.5,0.4,65.7,70.7,82.0,73.1,5.0,8.7,16.0,0.4,0.4,5.0,7.75,11.04,8.23,6.0,3.6,16.0,0.3,0.5,0.5,-9.47,-5.5,-4.71,-6.62,6.0,2.49,16.0,0.3,0.5,0.5,-4.12,-0.87,0.16,-2.63,6.0,5.21,16.0,0.3,0.5,0.5,1019.06,1019.45,1020.1,1019.75,6.0,1.14,16.0,0.3,0.5,0.5,1.0,2.0,3.6,2.5,6.0,1.9,16.0,0.3,0.5,0.5,-90.2,-52.3,-23.7,-56.8,6.0,34.4,16.0,0.3,0.5,0.5,-52.1,-4.4,0.8,-34.2,6.0,72.6,16.0,0.3,0.5,0.5,-0.21,0.9,2.57,1.17,6.0,1.82,16.0,0.3,0.5,0.5,-0.9,4.6,32.8,12.7,6.0,18.7,16.0,0.3,0.5,0.5,5.08,5.76,6.69,5.84,5.0,0.93,16.0,0.4,0.5,0.4,29.7,53.5,78.5,54.5,5.0,27.6,16.0,0.4,0.5,0.4,-201.2,-120.7,-100.4,-141.8,6.0,51.1,16.0,0.3,0.5,0.5,-85.1,-18.4,4.0,-53.8,6.0,107.2,16.0,0.3,0.5,0.5,-105.8,-65.2,-56.5,-79.4,5.0,32.0,16.0,0.4,0.5,0.4,-64.6,-21.9,0.0,-36.4,5.0,57.5,16.0,0.4,0.5,0.4,-59.6,-33.2,-27.9,-42.0,5.0,19.5,16.0,0.4,0.5,0.4,-39.2,-8.0,0.0,-21.2,5.0,36.5,16.0,0.4,0.5,0.4,125.5,521.5,1421.5,842.0,6.0,988.5,16.0,0.3,0.5,0.5,125.0,520.0,1420.0,840.0,6.0,990.0,16.0,0.3,0.5,0.5
1974,2,215.0,23.0,22.0,22.5,23.0,22.5,4.0,0.58,20.0,0.8,0.6,0.4,20.95,22.25,22.5,21.75,4.0,1.19,20.0,0.8,0.6,0.4,10.53,10.62,10.97,10.75,4.0,0.33,20.0,0.8,0.6,0.4,63.5,65.6,70.7,67.0,4.0,5.2,20.0,0.8,0.4,6.44,6.7,9.11,7.73,4.0,2.39,20.0,0.8,0.6,0.4,-7.9,-5.81,-5.8,-6.8,4.0,1.99,20.0,0.8,0.6,0.4,-4.55,-3.35,-2.71,-3.62,4.0,1.47,20.0,0.8,0.6,0.4,1017.24,1018.05,1019.86,1018.53,4.0,1.78,20.0,0.8,0.6,0.4,2.5,4.5,6.5,4.5,4.0,2.4,20.0,0.8,0.6,0.4,-76.4,-38.9,-37.4,-56.1,4.0,36.3,20.0,0.8,0.6,0.4,-44.1,-22.4,-17.6,-30.5,4.0,22.7,20.0,0.8,0.6,0.4,-0.02,0.75,1.52,0.75,4.0,1.04,20.0,0.8,0.6,0.4,0.9,6.2,9.7,5.4,4.0,6.5,20.0,0.8,0.6,0.4,5.74,6.03,6.56,6.15,4.0,0.55,20.0,0.8,0.6,0.4,37.0,42.8,58.7,47.6,4.0,15.6,20.0,0.8,0.6,0.4,-177.5,-129.1,-121.8,-148.7,4.0,48.0,20.0,0.8,0.6,0.4,-102.5,-74.5,-57.3,-79.7,4.0,35.1,20.0,0.8,0.6,0.4,-87.2,-61.7,-61.1,-73.6,4.0,24.2,20.0,0.8,0.6,0.4,-50.0,-35.3,-28.7,-39.2,4.0,17.2,20.0,0.8,0.6,0.4,-50.8,-37.0,-33.4,-41.9,4.0,12.9,20.0,0.8,0.6,0.4,-29.3,-21.4,-15.6,-22.4,4.0,9.6,20.0,0.8,0.6,0.4,268.0,301.0,899.0,570.5,4.0,582.0,20.0,0.8,0.6,0.4,270.0,300.0,900.0,570.0,4.0,580.0,20.0,0.8,0.6,0.4
1974,2,215.0,24.0,21.48,22.0,22.84,21.88,6.0,1.25,16.0,0.7,0.6,0.6,19.48,22.0,24.21,21.98,6.0,2.28,20.0,0.5,0.6,0.6,10.9,11.94,13.26,12.22,6.0,1.59,20.0,0.5,0.6,0.6,67.7,73.9,80.9,75.1,6.0,9.5,20.0,0.5,0.6,4.03,6.2,7.75,5.87,7.0,2.3,18.0,0.6,0.6,0.6,-7.63,-6.2,-3.97,-5.81,7.0,2.25,18.0,0.6,0.6,0.6,-0.07,0.0,1.34,0.27,7.0,0.99,18.0,0.6,0.6,0.6,1019.19,1019.6,1020.16,1020.06,7.0,1.51,18.0,0.6,0.6,0.6,2.0,2.5,4.0,2.8,6.0,1.0,20.0,0.5,0.6,0.7,-59.2,-38.4,-16.1,-38.6,7.0,26.0,18.0,0.6,0.6,0.6,-0.6,0.0,10.3,1.5,7.0,7.9,18.0,0.6,0.6,0.6,-2.37,0.0,0.87,-0.64,5.0,1.77,20.0,0.6,0.6,0.6,-10.1,0.0,5.3,-2.4,5.0,10.4,20.0,0.6,0.6,0.6,2.79,3.54,4.58,3.75,5.0,1.5,20.0,0.6,0.6,0.6,9.3,22.4,34.9,23.8,5.0,18.4,20.0,0.6,0.6,0.6,-161.9,-147.5,-83.4,-131.6,6.0,46.7,20.0,0.5,0.6,0.6,-6.9,7.8,26.0,5.7,6.0,22.4,20.0,0.5,0.6,0.6,-85.4,-80.5,-54.7,-72.1,6.0,22.1,20.0,0.5,0.6,0.6,-3.5,5.3,14.5,3.8,6.0,12.1,20.0,0.5,0.6,0.6,-34.4,-22.4,-9.2,-23.6,5.0,18.1,20.0,0.6,0.6,0.6,-3.5,0.0,2.5,-0.7,5.0,5.2,20.0,0.6,0.6,0.6,66.5,238.5,466.0,281.0,7.0,246.5,18.0,0.6,0.6,0.6,65.0,240.0,465.0,280.0,7.0,245.0,18.0,0.6,0.6,0.6
1974,2,215.0,25.0,20.29,21.3,22.68,21.48,4.0,1.48,10.0,0.5,0.4,0.4,19.8,21.05,21.73,20.78,4.0,1.5,10.0,0.5,0.4,0.4,8.97,10.08,10.3,9.66,4.0,1.05,10.0,0.5,0.4,0.4,56.1,65.8,72.9,64.6,4.0,12.1,10.0,0.5,0.4,8.18,9.5,11.66,9.9,4.0,2.27,10.0,0.5,0.4,0.4,-11.25,-8.77,-2.65,-7.04,4.0,6.04,10.0,0.5,0.4,0.4,-6.59,-3.52,-1.25,-3.9,4.0,3.6,10.0,0.5,0.4,0.4,1017.38,1019.5,1023.72,1020.5,4.0,4.73,10.0,0.5,0.4,0.4,1.0,2.0,4.6,2.8,4.0,2.4,10.0,0.5,0.4,0.4,-132.4,-80.9,-19.6,-76.3,4.0,72.4,10.0,0.5,0.4,0.4,-66.1,-38.6,-9.7,-37.9,4.0,33.9,10.0,0.5,0.4,0.4,-0.73,1.45,2.06,0.7,4.0,2.06,10.0,0.5,0.4,0.4,-4.4,13.4,22.7,9.4,4.0,19.6,10.0,0.5,0.4,0.4,5.28,6.2,7.14,6.21,4.0,1.31,10.0,0.5,0.4,0.4,44.5,55.6,82.2,63.0,4.0,26.7,10.0,0.5,0.4,0.4,-237.0,-188.8,-62.0,-151.3,4.0,125.8,10.0,0.5,0.4,0.4,-128.3,-75.9,-28.0,-78.0,4.0,66.9,10.0,0.5,0.4,0.4,-113.2,-82.0,-19.7,-67.2,4.0,61.1,10.0,0.5,0.4,0.4,-67.4,-32.6,-10.2,-38.5,4.0,38.0,10.0,0.5,0.4,0.4,-79.1,-54.1,-18.4,-49.0,4.0,42.4,10.0,0.5,0.4,0.4,-37.2,-25.6,-8.0,-22.7,4.0,18.0,10.0,0.5,0.4,0.4,552.5,875.5,1645.0,1088.5,4.0,753.5,10.0,0.5,0.4,0.4,555.0,875.0,1645.0,1090.0,4.0,755.0,10.0,0.5,0.4,0.4
1974,2,215.0,26.0,20.95,21.5,22.04,21.14,7.0,1.51,10.0,0.4,0.5,0.6,19.48,20.0,20.51,19.96,7.0,0.6,10.0,0.4,0.5,0.6,9.61,11.95,12.13,11.17,6.0,1.57,10.0,0.5,0.5,0.6,70.1,80.9,86.4,77.8,6.0,11.0,10.0,0.5,0.6,5.03,7.7,10.3,7.49,7.0,2.49,10.0,0.4,0.5,0.6,-10.14,-7.58,-4.71,-7.29,7.0,2.6,10.0,0.4,0.5,0.6,-0.09,1.42,1.79,0.9,7.0,1.34,10.0,0.4,0.5,0.6,1020.36,1021.7,1023.55,1021.71,7.0,2.27,10.0,0.4,0.5,0.6,2.0,4.0,7.0,4.4,7.0,2.6,10.0,0.4,0.5,0.6,-104.5,-58.4,-23.8,-60.2,7.0,35.8,10.0,0.4,0.5,0.6,-0.9,8.9,12.0,5.3,7.0,11.9,10.0,0.4,0.5,0.6,0.98,1.5,2.02,1.19,7.0,1.28,10.0,0.4,0.5,0.6,6.5,10.8,12.9,9.9,7.0,9.8,10.0,0.4,0.5,0.6,2.69,4.38,6.29,4.38,6.0,2.44,10.0,0.5,0.5,0.6,15.7,31.2,56.5,33.5,6.0,21.9,10.0,0.5,0.5,0.6,-193.2,-150.9,-92.1,-144.8,7.0,50.0,10.0,0.4,0.5,0.6,-1.6,28.5,35.9,18.3,7.0,26.3,10.0,0.4,0.5,0.6,-106.0,-81.0,-53.3,-80.0,6.0,32.4,10.0,0.5,0.5,0.6,-3.6,19.5,21.4,10.7,6.0,16.2,10.0,0.5,0.5,0.6,-56.3,-30.7,-13.7,-32.8,6.0,22.1,10.0,0.5,0.5,0.6,-2.2,2.9,6.9,1.8,6.0,7.0,10.0,0.5,0.5,0.6,128.5,456.5,1092.5,535.0,7.0,419.5,10.0,0.4,0.5,0.6,130.0,455.0,1095.0,535.0,7.0,420.0,10.0,0.4,0.5,0.6
1974,2,215.0,27.0,20.01,21.1,22.09,20.88,20.0,1.11,16.0,0.6,0.6,0.4,18.4,19.9,21.69,20.01,20.0,1.89,16.0,0.6,0.6,0.4,9.27,10.44,12.0,10.63,19.0,1.65,16.0,0.6,0.6,0.4,67.3,71.4,83.4,73.3,19.0,9.4,16.0,0.6,0.4,4.61,6.2,8.69,6.84,20.0,2.52,16.0,0.6,0.6,0.4,-7.53,-4.98,-3.12,-5.35,20.0,2.24,16.0,0.6,0.6,0.4,-3.69,-1.19,4.74,-0.46,20.0,4.5,16.0,0.6,0.6,0.4,1020.0,1022.5,1025.74,1023.09,19.0,2.88,16.0,0.6,0.6,0.4,3.0,4.0,6.0,4.6,20.0,1.6,16.0,0.6,0.6,0.4,-63.2,-34.7,-13.2,-40.0,20.0,27.0,16.0,0.6,0.6,0.4,-33.6,-4.9,29.3,-9.4,20.0,45.2,16.0,0.6,0.6,0.4,-0.33,1.1,2.17,0.75,19.0,2.11,16.0,0.6,0.6,0.4,-1.5,5.8,16.3,6.1,19.0,21.1,16.0,0.6,0.6,0.4,3.35,5.02,5.72,4.6,19.0,1.93,16.0,0.6,0.6,0.4,12.5,31.0,48.2,33.3,19.0,23.1,16.0,0.6,0.6,0.4,-153.8,-102.1,-54.8,-108.5,20.0,52.5,16.0,0.6,0.6,0.4,-77.3,-26.5,87.3,-10.4,20.0,84.5,16.0,0.6,0.6,0.4,-75.7,-54.4,-30.8,-55.8,19.0,27.2,16.0,0.6,0.6,0.4,-41.0,-18.3,49.4,-4.7,19.0,45.1,16.0,0.6,0.6,0.4,-42.9,-23.4,-10.7,-24.4,19.0,14.4,16.0,0.6,0.6,0.4,-16.5,-3.5,22.2,-3.6,19.0,29.2,16.0,0.6,0.6,0.4,98.0,238.5,657.0,455.0,20.0,549.5,16.0,0.6,0.6,0.4,100.0,240.0,655.0,455.0,20.0,550.0,16.0,0.6,0.6,0.4
1974,2,215.0,28.0,19.29,20.0,21.08,20.07,11.0,1.0,16.0,0.7,0.6,0.4,17.12,18.3,19.7,18.54,11.0,1.37,16.0,0.7,0.6,0.4,8.68,9.48,9.84,9.28,11.0,0.78,16.0,0.7,0.6,0.4,64.9,72.2,75.8,70.9,11.0,6.2,16.0,0.7,0.4,3.1,4.6,6.7,4.76,11.0,1.73,16.0,0.7,0.6,0.4,-4.64,-4.04,-1.35,-3.11,11.0,2.34,16.0,0.7,0.6,0.4,-5.11,-0.71,1.06,-1.6,11.0,3.01,16.0,0.7,0.6,0.4,1020.75,1023.1,1024.08,1022.76,11.0,1.9,16.0,0.7,0.6,0.4,2.6,4.0,6.0,4.3,11.0,1.9,16.0,0.7,0.6,0.4,-32.7,-16.6,-4.9,-17.2,11.0,14.7,16.0,0.7,0.6,0.4,-29.5,-2.9,3.7,-10.9,11.0,18.4,16.0,0.7,0.6,0.4,0.56,1.7,2.57,1.54,11.0,0.99,16.0,0.7,0.6,0.4,2.0,5.6,13.8,8.0,11.0,6.6,16.0,0.7,0.6,0.4,4.25,5.29,6.39,5.21,11.0,1.07,16.0,0.7,0.6,0.4,12.7,22.7,36.2,25.4,11.0,12.1,16.0,0.7,0.6,0.4,-87.7,-73.2,-24.6,-58.2,11.0,44.2,16.0,0.7,0.6,0.4,-86.0,-15.1,20.9,-27.8,11.0,53.9,16.0,0.7,0.6,0.4,-42.5,-39.0,-11.7,-29.1,11.0,22.5,16.0,0.7,0.6,0.4,-45.2,-7.7,9.7,-13.7,11.0,26.2,16.0,0.7,0.6,0.4,-26.8,-17.8,-7.2,-16.2,11.0,12.8,16.0,0.7,0.6,0.4,-27.2,-3.7,6.3,-9.7,11.0,17.2,16.0,0.7,0.6,0.4,30.0,97.5,301.0,148.0,11.0,143.0,16.0,0.7,0.6,0.4,30.0,95.0,300.0,150.0,11.0,145.0,16.0,0.7,0.6,0.4
1974,2,215.0,29.0,19.4,20.4,21.1,20.26,23.0,0.87,14.0,0.5,0.6,0.4,17.6,18.8,20.25,19.03,23.0,1.5,14.0,0.5,0.6,0.4,9.49,10.72,11.5,10.53,23.0,1.21,14.0,0.5,0.6,0.4,69.8,80.1,87.6,78.2,23.0,10.2,14.0,0.5,0.4,2.6,5.4,8.58,5.7,24.0,2.94,14.0,0.5,0.6,0.3,-7.46,-4.71,0.0,-4.12,24.0,3.36,14.0,0.5,0.6,0.3,-1.88,1.38,4.95,1.2,24.0,3.46,14.0,0.5,0.6,0.3,1021.2,1024.05,1028.14,1024.57,24.0,3.4,14.0,0.5,0.6,0.3,1.5,6.0,7.0,4.6,23.0,2.6,14.0,0.5,0.6,0.3,-66.6,-23.0,0.0,-31.7,24.0,31.2,14.0,0.5,0.6,0.3,-6.7,3.3,36.9,8.7,24.0,26.8,14.0,0.5,0.6,0.3,-1.0,1.35,3.37,1.19,22.0,1.95,14.0,0.5,0.6,0.4,-3.6,3.1,25.8,7.7,22.0,14.6,14.0,0.5,0.6,0.4,3.02,3.84,5.5,4.07,22.0,1.22,14.0,0.5,0.6,0.4,9.4,21.4,32.3,22.1,22.0,14.4,14.0,0.5,0.6,0.4,-143.0,-80.0,0.0,-76.9,23.0,64.2,14.0,0.5,0.6,0.4,-39.2,9.4,84.1,20.5,23.0,63.0,14.0,0.5,0.6,0.4,-79.2,-43.4,0.0,-43.1,23.0,36.3,14.0,0.5,0.6,0.4,-22.5,3.7,52.1,12.6,23.0,36.0,14.0,0.5,0.6,0.4,-31.0,-15.1,0.0,-15.6,22.0,14.9,14.0,0.5,0.6,0.4,-9.4,1.6,13.6,1.0,22.0,15.4,14.0,0.5,0.6,0.4,17.5,159.0,640.0,321.5,24.0,340.0,14.0,0.5,0.6,0.3,20.0,160.0,640.0,320.0,24.0,340.0,14.0,0.5,0.6,0.3
1974,2,215.0,30.0,18.63,19.0,20.0,19.02,10.0,1.22,14.0,0.5,0.7,0.4,16.45,18.4,19.36,18.18,12.0,1.94,14.0,0.6,0.7,0.4,8.11,10.46,11.55,10.14,11.0,2.02,14.0,0.5,0.7,0.4,65.6,78.1,86.3,77.4,11.0,9.6,14.0,0.5,0.4,2.57,5.15,8.33,5.43,12.0,3.16,14.0,0.6,0.7,0.4,-7.37,-1.23,3.45,-1.69,12.0,5.2,14.0,0.6,0.7,0.4,-2.72,0.49,3.26,0.29,12.0,3.46,14.0,0.6,0.7,0.4,1022.33,1025.4,1027.2,1025.21,11.0,2.77,14.0,0.5,0.7,0.4,1.5,3.5,6.0,3.6,12.0,2.2,14.0,0.6,0.7,0.4,-61.5,-6.7,12.4,-18.8,12.0,45.6,14.0,0.6,0.7,0.4,-23.7,0.5,27.9,1.1,12.0,24.4,14.0,0.6,0.7,0.4,-2.03,0.45,2.67,0.55,10.0,2.49,14.0,0.5,0.7,0.4,-11.6,3.4,5.0,1.0,10.0,12.7,14.0,0.5,0.7,0.4,1.31,2.78,5.94,3.34,10.0,2.51,14.0,0.5,0.7,0.4,3.2,10.1,36.7,18.2,10.0,19.0,14.0,0.5,0.7,0.4,-141.6,-22.8,60.0,-31.7,12.0,98.7,14.0,0.6,0.7,0.4,-45.9,9.1,65.9,8.7,12.0,59.9,14.0,0.6,0.7,0.4,-83.5,-18.2,29.9,-20.4,11.0,52.1,14.0,0.5,0.7,0.4,-11.1,11.2,38.4,12.0,11.0,27.5,14.0,0.5,0.7,0.4,-23.1,-6.2,0.2,-12.7,10.0,18.2,14.0,0.5,0.7,0.4,-8.2,3.2,7.4,-1.9,10.0,14.7,14.0,0.5,0.7,0.4,22.5,141.5,578.5,316.0,12.0,420.5,14.0,0.6,0.7,0.4,20.0,140.0,580.0,315.0,12.0,420.0,14.0,0.6,0.7,0.4
1974,2,215.0,31.0,17.17,18.3,18.8,18.13,22.0,0.92,22.0,0.5,0.5,0.6,15.48,17.35,18.93,17.2,24.0,1.75,20.0,0.5,0.5,0.5,8.98,9.77,10.63,9.77,20.0,0.99,20.0,0.5,0.5,0.6,72.4,81.5,85.1,79.9,20.0,7.4,20.0,0.5,0.6,2.6,5.05,8.93,5.8,24.0,3.68,20.0,0.5,0.5,0.5,-4.9,-1.26,1.97,-1.08,24.0,3.53,20.0,0.5,0.5,0.5,-3.46,2.25,5.31,1.08,24.0,5.8,20.0,0.5,0.5,0.5,1022.18,1025.5,1028.17,1024.17,24.0,6.02,20.0,0.5,0.5,0.5,3.7,7.0,8.0,6.2,24.0,2.0,20.0,0.5,0.5,0.5,-27.9,-3.9,18.6,-2.6,24.0,31.6,20.0,0.5,0.5,0.5,-12.5,6.3,37.0,0.9,24.0,66.7,20.0,0.5,0.5,0.5,-1.57,1.3,2.67,0.94,22.0,1.97,22.0,0.5,0.5,0.6,-5.6,5.5,13.4,5.5,22.0,16.9,22.0,0.5,0.5,0.6,1.92,3.32,3.92,2.99,19.0,1.23,22.0,0.5,0.5,0.6,5.5,14.8,28.4,17.1,19.0,13.7,22.0,0.5,0.5,0.6,-83.1,-21.5,35.7,-18.4,24.0,62.5,20.0,0.5,0.5,0.5,-52.2,39.7,91.7,24.1,24.0,96.7,20.0,0.5,0.5,0.5,-42.8,-5.8,22.3,-4.3,20.0,34.6,20.0,0.5,0.5,0.6,-26.6,23.9,56.3,12.9,20.0,59.9,20.0,0.5,0.5,0.6,-16.2,-3.1,4.4,-4.2,19.0,12.4,22.0,0.5,0.5,0.6,-3.6,6.1,15.1,3.2,19.0,17.7,22.0,0.5,0.5,0.6,17.5,129.0,741.0,460.5,24.0,824.0,20.0,0.5,0.5,0.5,20.0,130.0,740.0,460.0,24.0,825.0,20.0,0.5,0.5,0.5
1974,2,215.0,32.0,17.02,18.65,20.0,18.66,8.0,1.77,12.0,0.5,0.7,0.4,15.61,16.9,19.89,17.45,8.0,1.98,12.0,0.5,0.7,0.4,8.24,10.09,10.84,10.1,8.0,2.08,12.0,0.5,0.7,0.4,72.3,76.4,98.4,82.0,8.0,12.1,12.0,0.5,0.4,4.28,7.45,9.18,7.21,8.0,3.19,12.0,0.5,0.7,0.4,-5.76,-2.72,-0.22,-2.88,8.0,3.0,12.0,0.5,0.7,0.4,-7.04,4.05,5.5,0.33,8.0,7.14,12.0,0.5,0.7,0.4,1022.22,1025.7,1026.53,1024.85,8.0,2.34,12.0,0.5,0.7,0.4,3.2,5.5,8.0,5.6,8.0,2.3,12.0,0.5,0.7,0.4,-44.1,-17.1,-1.2,-23.1,8.0,24.2,12.0,0.5,0.7,0.4,-56.7,21.7,39.5,-7.1,8.0,74.2,12.0,0.5,0.7,0.4,-0.44,0.55,4.18,1.21,8.0,2.44,12.0,0.5,0.7,0.4,-1.8,5.9,14.1,7.2,8.0,15.3,12.0,0.5,0.7,0.4,0.86,3.04,5.63,3.19,8.0,2.53,12.0,0.5,0.7,0.4,6.2,15.8,36.3,21.3,8.0,17.8,12.0,0.5,0.7,0.4,-107.9,-45.3,-4.3,-53.5,8.0,56.2,12.0,0.5,0.7,0.4,-110.4,72.2,105.7,14.6,8.0,119.3,12.0,0.5,0.7,0.4,-55.2,-28.1,-2.4,-28.9,8.0,29.2,12.0,0.5,0.7,0.4,-55.4,39.4,61.0,6.4,8.0,74.1,12.0,0.5,0.7,0.4,-26.2,-7.8,0.0,-9.7,8.0,15.0,12.0,0.5,0.7,0.4,-10.2,2.2,22.0,3.2,8.0,22.2,12.0,0.5,0.7,0.4,82.0,415.0,776.5,575.5,8.0,686.5,12.0,0.5,0.7,0.4,80.0,415.0,775.0,575.0,8.0,685.0,12.0,0.5,0.7,0.4
1974,2,215.0,33.0,15.63,17.7,18.3,17.15,13.0,1.27,14.0,0.8,0.8,0.4,14.0,15.8,17.13,15.95,13.0,1.9,14.0,0.8,0.8,0.4,7.36,9.52,10.4,8.99,12.0,1.49,16.0,0.9,0.8,0.4,70.0,82.0,89.7,81.1,12.0,9.1,16.0,0.9,0.4,6.65,8.7,13.04,9.58,13.0,3.63,14.0,0.8,0.8,0.4,-6.25,5.15,8.73,1.67,13.0,6.87,14.0,0.8,0.8,0.4,-11.3,1.08,4.15,-2.72,13.0,7.37,14.0,0.8,0.8,0.4,1012.0,1021.0,1025.74,1020.39,13.0,6.19,14.0,0.8,0.8,0.4,3.9,7.0,8.0,6.1,13.0,2.1,14.0,0.8,0.8,0.4,-39.8,53.0,86.9,30.2,13.0,72.4,14.0,0.8,0.8,0.4,-147.5,6.7,33.7,-46.6,13.0,100.5,14.0,0.8,0.8,0.4,-1.63,1.3,3.05,1.2,13.0,2.07,14.0,0.8,0.8,0.4,-14.1,14.0,27.3,13.9,13.0,25.8,14.0,0.8,0.8,0.4,2.07,2.94,4.16,3.17,12.0,1.41,16.0,0.9,0.8,0.4,13.2,23.6,46.0,33.0,12.0,27.0,16.0,0.9,0.8,0.4,-98.1,72.1,141.5,23.9,13.0,108.6,14.0,0.8,0.8,0.4,-158.7,17.0,77.2,-35.1,13.0,109.7,14.0,0.8,0.8,0.4,-53.3,43.6,77.0,13.6,12.0,65.1,16.0,0.9,0.8,0.4,-82.4,10.7,44.7,-11.5,12.0,59.2,16.0,0.9,0.8,0.4,-20.2,12.5,23.0,6.1,12.0,25.2,16.0,0.9,0.8,0.4,-39.8,4.1,9.0,-13.0,12.0,32.5,16.0,0.9,0.8,0.4,295.0,658.5,2227.0,1271.0,13.0,1592.5,14.0,0.8,0.8,0.4,295.0,660.0,2225.0,1270.0,13.0,1595.0,14.0,0.8,0.8,0.4
1974,2,215.0,34.0,15.0,15.8,17.35,16.01,12.0,1.17,16.0,0.4,0.7,0.4,14.84,16.0,16.75,15.59,13.0,1.81,18.0,0.5,0.7,0.3,7.91,9.51,11.08,9.39,12.0,1.79,18.0,0.4,0.7,0.3,74.1,87.6,100.0,86.2,12.0,12.9,18.0,0.4,0.3,5.1,7.7,9.74,7.94,13.0,3.84,18.0,0.5,0.7,0.3,-4.47,3.91,7.04,2.47,13.0,5.79,18.0,0.5,0.7,0.3,-6.33,0.0,7.18,-0.24,13.0,6.55,18.0,0.5,0.7,0.3,1019.81,1024.0,1026.87,1023.11,13.0,4.38,18.0,0.5,0.7,0.3,5.8,8.0,8.0,6.9,11.0,1.8,16.0,0.4,0.7,0.4,-24.4,19.9,64.4,30.5,13.0,67.6,18.0,0.5,0.7,0.3,-49.0,0.0,63.5,-4.6,13.0,79.6,18.0,0.5,0.7,0.3,-1.0,-0.4,1.85,0.49,12.0,2.25,16.0,0.4,0.7,0.4,-6.1,-2.4,20.0,5.0,12.0,19.2,16.0,0.4,0.7,0.4,0.14,1.28,4.3,1.86,11.0,1.82,18.0,0.4,0.7,0.4,1.3,10.3,32.2,17.3,11.0,23.1,18.0,0.4,0.7,0.4,-73.0,65.2,110.8,36.7,13.0,91.0,18.0,0.5,0.7,0.3,-89.9,0.0,121.0,2.7,13.0,98.1,18.0,0.5,0.7,0.3,-33.3,38.2,66.7,29.7,12.0,50.6,18.0,0.4,0.7,0.3,-58.9,10.0,84.6,6.7,12.0,62.3,18.0,0.4,0.7,0.3,-5.0,1.4,10.8,3.9,11.0,19.1,18.0,0.4,0.7,0.4,-17.4,0.0,6.9,-6.9,11.0,20.8,18.0,0.4,0.7,0.4,132.5,456.5,984.0,864.0,13.0,1283.5,18.0,0.5,0.7,0.3,135.0,455.0,985.0,865.0,13.0,1285.0,18.0,0.5,0.7,0.3
1974,2,215.0,35.0,15.0,15.5,16.0,15.62,11.0,0.58,18.0,0.5,0.8,0.5,12.0,14.2,15.63,13.99,12.0,1.93,18.0,0.6,0.7,0.5,6.17,8.07,9.7,7.85,12.0,1.65,18.0,0.6,0.7,0.5,71.1,79.9,89.2,79.3,12.0,10.7,18.0,0.6,0.5,6.09,8.2,13.95,9.09,13.0,3.93,18.0,0.5,0.7,0.5,-4.14,1.74,6.17,1.56,13.0,5.34,18.0,0.5,0.7,0.5,-7.1,0.0,8.77,1.16,13.0,8.51,18.0,0.5,0.7,0.5,1017.36,1023.0,1026.38,1021.96,13.0,5.15,18.0,0.5,0.7,0.5,2.0,7.0,8.0,5.8,13.0,2.6,18.0,0.5,0.7,0.5,-37.2,8.9,60.9,20.9,13.0,59.6,18.0,0.5,0.7,0.5,-59.0,0.0,80.3,25.6,13.0,115.8,18.0,0.5,0.7,0.5,0.0,1.2,3.71,1.63,11.0,1.96,18.0,0.5,0.8,0.5,0.0,11.2,28.3,13.4,11.0,15.6,18.0,0.5,0.8,0.5,1.15,2.92,4.49,2.95,11.0,1.63,18.0,0.5,0.8,0.5,10.9,19.6,42.2,24.7,11.0,17.3,18.0,0.5,0.8,0.5,-58.5,9.0,88.5,12.9,12.0,74.5,18.0,0.6,0.7,0.5,-89.6,-24.7,100.9,6.4,12.0,105.1,18.0,0.6,0.7,0.5,-33.4,5.3,40.8,4.7,12.0,41.5,18.0,0.6,0.7,0.5,-45.0,-14.5,55.3,5.7,12.0,60.3,18.0,0.6,0.7,0.5,-3.2,7.7,24.0,11.3,11.0,16.8,18.0,0.5,0.8,0.5,-34.6,-10.9,10.2,-10.7,11.0,20.6,18.0,0.5,0.8,0.5,228.0,551.5,2714.5,1201.5,13.0,1671.5,18.0,0.5,0.7,0.5,230.0,550.0,2715.0,1200.0,13.0,1670.0,18.0,0.5,0.7,0.5
1974,2,215.0,36.0,13.38,14.0,14.62,14.0,4.0,0.83,20.0,0.8,0.7,0.6,12.76,14.3,15.0,13.9,4.0,1.43,20.0,0.8,0.7,0.6,7.32,8.4,9.85,8.58,4.0,1.55,20.0,0.8,0.7,0.6,80.4,88.3,94.6,87.6,4.0,10.8,20.0,0.8,0.6,5.86,7.7,13.05,9.38,4.0,5.29,20.0,0.8,0.7,0.6,-2.83,1.06,10.33,3.63,4.0,9.29,20.0,0.8,0.7,0.6,-3.45,1.82,7.09,1.82,4.0,6.08,20.0,0.8,0.7,0.6,1022.4,1023.9,1025.24,1023.83,4.0,1.88,20.0,0.8,0.7,0.6,6.5,7.5,8.0,7.3,4.0,1.0,20.0,0.8,0.7,0.6,-23.5,4.5,157.1,63.9,4.0,148.8,20.0,0.8,0.7,0.6,-35.8,12.1,55.4,9.9,4.0,54.1,20.0,0.8,0.7,0.6,-1.43,-0.3,1.67,0.1,4.0,2.13,20.0,0.8,0.7,0.6,-21.1,-2.8,8.7,-6.1,4.0,20.8,20.0,0.8,0.7,0.6,-0.31,1.7,2.75,1.24,4.0,1.93,20.0,0.8,0.7,0.6,-8.3,10.5,16.2,4.2,4.0,18.0,20.0,0.8,0.7,0.6,-41.7,11.8,150.3,52.3,4.0,139.2,20.0,0.8,0.7,0.6,-45.6,22.7,101.9,27.9,4.0,85.4,20.0,0.8,0.7,0.6,-24.8,8.4,103.8,38.1,4.0,95.2,20.0,0.8,0.7,0.6,-30.4,8.3,58.3,13.7,4.0,51.7,20.0,0.8,0.7,0.6,-12.8,-3.2,3.4,-4.6,4.0,12.7,20.0,0.8,0.7,0.6,-4.0,4.7,11.8,3.9,4.0,11.7,20.0,0.8,0.7,0.6,212.5,479.5,2887.5,1501.0,4.0,2285.0,20.0,0.8,0.7,0.6,215.0,480.0,2885.0,1500.0,4.0,2285.0,20.0,0.8,0.7,0.6
1974,2,215.0,37.0,13.19,16.0,18.0,15.66,5.0,2.43,20.0,0.8,0.3,0.4,12.44,13.5,17.33,14.49,7.0,3.05,20.0,0.9,0.4,0.3,6.03,7.66,10.65,8.21,6.0,2.45,20.0,0.8,0.4,0.4,66.5,75.2,94.9,78.1,6.0,14.3,20.0,0.8,0.4,7.91,11.3,15.52,11.17,7.0,5.15,20.0,0.9,0.4,0.3,-1.05,9.88,11.65,6.64,7.0,7.78,20.0,0.9,0.4,0.3,-8.55,-2.8,2.15,-3.57,7.0,6.74,20.0,0.9,0.4,0.3,1019.86,1022.6,1023.61,1022.19,7.0,3.32,20.0,0.9,0.4,0.3,4.8,6.0,6.4,5.8,6.0,1.3,20.0,0.8,0.3,0.3,-4.5,110.6,205.5,99.0,7.0,100.5,20.0,0.9,0.4,0.3,-124.8,-23.0,7.0,-61.3,7.0,104.5,20.0,0.9,0.4,0.3,-1.74,4.0,5.06,1.98,5.0,4.04,20.0,0.8,0.3,0.4,-16.8,49.4,71.3,29.5,5.0,50.7,20.0,0.8,0.3,0.4,-0.65,4.87,6.71,3.28,5.0,4.03,20.0,0.8,0.3,0.4,-8.4,50.1,99.3,47.1,5.0,60.1,20.0,0.8,0.3,0.4,-16.6,123.5,168.6,82.7,7.0,121.9,20.0,0.9,0.4,0.3,-107.9,-56.1,30.0,-47.0,7.0,96.5,20.0,0.9,0.4,0.3,-21.7,62.5,77.5,36.6,6.0,68.9,20.0,0.8,0.4,0.4,-56.7,-14.6,27.6,-13.0,6.0,52.1,20.0,0.8,0.4,0.4,-7.6,50.1,70.6,34.8,5.0,43.1,20.0,0.8,0.3,0.4,-69.4,-11.9,0.1,-32.2,5.0,41.4,20.0,0.8,0.3,0.4,525.5,1443.0,3756.5,2104.0,7.0,2023.0,20.0,0.9,0.4,0.3,525.0,1445.0,3755.0,2105.0,7.0,2025.0,20.0,0.9,0.4,0.3
1974,2,215.0,38.0,11.39,12.0,13.02,12.2,3.0,1.21,8.0,1.0,0.7,0.5,10.03,12.25,14.41,12.3,6.0,2.51,16.0,0.8,0.6,0.3,5.15,6.25,7.34,6.25,2.0,2.28,6.0,1.0,0.6,0.5,65.0,74.7,84.3,74.7,2.0,20.0,6.0,1.0,0.5,7.85,11.3,14.49,11.57,6.0,5.31,16.0,0.8,0.6,0.3,2.69,9.46,12.06,8.39,6.0,5.34,16.0,0.8,0.6,0.3,-2.38,6.11,10.58,4.86,6.0,6.88,16.0,0.8,0.6,0.3,1008.29,1015.9,1025.64,1016.24,5.0,10.86,14.0,0.8,0.6,0.3,3.9,7.0,7.4,5.8,5.0,2.4,16.0,0.8,0.6,0.4,22.0,110.9,171.0,118.5,6.0,113.1,16.0,0.8,0.6,0.3,-20.0,59.4,157.5,79.8,6.0,110.1,16.0,0.8,0.6,0.3,-2.48,0.8,0.94,-0.73,3.0,2.83,8.0,1.0,0.7,0.5,-28.3,3.7,7.1,-10.3,3.0,28.6,8.0,1.0,0.7,0.5,1.9,2.53,3.16,2.53,2.0,1.31,6.0,1.0,0.6,0.5,14.2,14.9,15.6,14.9,2.0,1.4,6.0,1.0,0.6,0.5,32.9,124.6,147.8,102.5,6.0,61.6,16.0,0.8,0.6,0.3,-33.0,75.3,123.1,55.6,6.0,78.1,16.0,0.8,0.6,0.3,9.8,15.3,20.8,15.3,2.0,11.4,6.0,1.0,0.6,0.5,-6.7,22.1,50.8,22.1,2.0,59.6,6.0,1.0,0.6,0.5,4.9,5.1,5.3,5.1,2.0,0.5,6.0,1.0,0.6,0.5,-10.5,-0.9,8.6,-0.9,2.0,19.8,6.0,1.0,0.6,0.5,542.5,1451.5,3508.5,2424.5,6.0,3177.5,16.0,0.8,0.6,0.3,545.0,1450.0,3510.0,2425.0,6.0,3180.0,16.0,0.8,0.6,0.3
1974,2,215.0,39.0,11.0,11.5,13.66,12.06,9.0,1.28,10.0,0.8,0.4,0.5,10.63,11.5,13.71,11.97,9.0,1.4,10.0,0.8,0.4,0.5,6.24,7.0,7.93,7.01,9.0,1.07,10.0,0.8,0.4,0.5,69.6,83.2,88.7,81.7,9.0,10.9,10.0,0.8,0.5,5.07,9.8,11.87,9.06,10.0,3.82,10.0,0.8,0.4,0.4,-5.5,5.06,10.22,3.59,10.0,7.73,10.0,0.8,0.4,0.4,-6.51,-1.39,3.34,-1.0,10.0,5.53,10.0,0.8,0.4,0.4,1020.06,1024.95,1029.03,1025.08,10.0,5.83,10.0,0.8,0.4,0.4,4.0,6.0,8.0,5.9,9.0,2.1,10.0,0.8,0.3,0.4,-44.5,39.6,118.2,43.8,10.0,88.9,10.0,0.8,0.4,0.4,-65.2,-17.2,29.4,-13.6,10.0,58.2,10.0,0.8,0.4,0.4,-1.51,0.0,1.87,0.09,9.0,1.94,10.0,0.8,0.4,0.5,-20.6,0.0,20.3,-0.2,9.0,21.2,10.0,0.8,0.4,0.5,0.54,1.07,2.86,1.64,9.0,1.5,10.0,0.8,0.4,0.5,1.9,10.0,33.8,16.1,9.0,16.5,10.0,0.8,0.4,0.5,-24.4,89.4,130.7,57.8,9.0,91.1,10.0,0.8,0.4,0.5,-80.9,-31.9,36.2,-16.1,9.0,71.8,10.0,0.8,0.4,0.5,-17.5,41.0,79.4,30.5,9.0,50.6,10.0,0.8,0.4,0.5,-55.0,-14.9,22.4,-9.7,9.0,44.1,10.0,0.8,0.4,0.5,0.4,4.5,32.2,13.6,9.0,16.0,10.0,0.8,0.4,0.5,-11.4,-3.7,2.1,-4.9,9.0,8.5,10.0,0.8,0.4,0.5,212.5,948.5,1682.0,1063.0,10.0,832.5,10.0,0.8,0.4,0.4,215.0,950.0,1680.0,1065.0,10.0,835.0,10.0,0.8,0.4,0.4
1974,2,215.0,40.0,,,,,,,,,,,,,,,,,,,,,,,,,,,,,,,,,,,,,,,,15.4,15.4,15.4,15.4,1.0,0.0,28.0,1.0,0.7,0.5,-5.27,-5.27,-5.27,-5.27,1.0,0.0,28.0,1.0,0.7,0.5,-14.47,-14.47,-14.47,-14.47,1.0,0.0,28.0,1.0,0.7,0.5,999.9,999.9,999.9,999.9,1.0,0.0,28.0,1.0,0.7,0.5,4.0,4.0,4.0,4.0,1.0,0.0,28.0,1.0,0.7,0.5,-81.1,-81.1,-81.1,-81.1,1.0,0.0,28.0,1.0,0.7,0.5,-222.9,-222.9,-222.9,-222.9,1.0,0.0,28.0,1.0,0.7,0.5,,,,,,,,,,,,,,,,,,,,,,,,,,,,,,,,,,,,,,,,,-46.4,-46.4,-46.4,-46.4,1.0,0.0,28.0,1.0,0.7,0.5,-127.3,-127.3,-127.3,-127.3,1.0,0.0,28.0,1.0,0.7,0.5,-22.8,-22.8,-22.8,-22.8,1.0,0.0,28.0,1.0,0.7,0.5,-62.6,-62.6,-62.6,-62.6,1.0,0.0,28.0,1.0,0.7,0.5,,,,,,,,,,,,,,,,,,,,,,,,,,,,,,,,,,,,,,,,
1974,2,215.0,41.0,11.63,13.0,14.37,13.0,2.0,2.83,18.0,0.0,0.6,0.3,9.48,10.5,11.52,10.5,2.0,2.12,18.0,0.0,0.6,0.3,6.33,6.85,7.38,6.85,2.0,1.09,18.0,0.0,0.6,0.3,86.8,87.1,87.4,87.1,2.0,0.6,18.0,0.0,0.3,8.01,9.75,11.49,9.75,2.0,3.61,18.0,0.0,0.6,0.3,0.99,3.12,5.25,3.12,2.0,4.41,18.0,0.0,0.6,0.3,-1.08,4.35,9.78,4.35,2.0,11.24,18.0,0.0,0.6,0.3,1012.54,1018.0,1023.46,1018.0,2.0,11.31,18.0,0.0,0.6,0.3,3.8,5.5,7.2,5.5,2.0,3.5,18.0,0.0,0.6,0.3,7.1,22.4,37.8,22.4,2.0,31.7,18.0,0.0,0.6,0.3,2.2,62.7,123.2,62.7,2.0,125.3,18.0,0.0,0.6,0.3,2.16,2.5,2.84,2.5,2.0,0.71,18.0,0.0,0.6,0.3,22.1,23.1,24.1,23.1,2.0,2.1,18.0,0.0,0.6,0.3,2.11,2.47,2.82,2.47,2.0,0.73,18.0,0.0,0.6,0.3,21.9,22.7,23.6,22.7,2.0,1.8,18.0,0.0,0.6,0.3,11.9,37.4,63.0,37.4,2.0,52.9,18.0,0.0,0.6,0.3,-18.8,33.8,86.3,33.8,2.0,108.8,18.0,0.0,0.6,0.3,7.5,23.8,40.0,23.8,2.0,33.6,18.0,0.0,0.6,0.3,-11.2,23.7,58.6,23.7,2.0,72.3,18.0,0.0,0.6,0.3,3.0,9.3,15.7,9.3,2.0,13.2,18.0,0.0,0.6,0.3,-5.2,6.6,18.5,6.6,2.0,24.5,18.0,0.0,0.6,0.3,609.5,1117.0,1625.0,1117.0,2.0,1052.0,18.0,0.0,0.6,0.3,610.0,1115.0,1625.0,1115.0,2.0,1050.0,18.0,0.0,0.6,0.3
1974,2,215.0,42.0,9.32,10.0,11.02,10.17,3.0,1.26,16.0,0.7,0.5,0.4,6.76,8.4,10.86,8.8,3.0,3.02,16.0,0.7,0.5,0.4,4.35,4.74,6.71,5.51,3.0,1.85,16.0,0.7,0.5,0.4,70.9,72.3,82.7,76.7,3.0,9.4,16.0,0.7,0.4,8.64,13.9,16.7,12.7,3.0,5.99,16.0,0.7,0.5,0.4,2.86,9.0,10.12,6.55,3.0,5.73,16.0,0.7,0.5,0.4,-8.07,-6.2,8.67,0.15,3.0,13.44,16.0,0.7,0.5,0.4,1011.9,1016.0,1021.46,1016.67,3.0,7.02,16.0,0.7,0.5,0.4,5.0,5.0,5.0,5.0,2.0,0.0,16.0,0.5,0.6,0.4,47.0,148.0,157.6,103.3,3.0,89.8,16.0,0.7,0.5,0.4,-97.0,-38.4,179.3,39.3,3.0,213.3,16.0,0.7,0.5,0.4,-1.06,3.1,3.71,1.37,3.0,3.81,16.0,0.7,0.5,0.4,-30.8,19.2,44.1,6.9,3.0,55.8,16.0,0.7,0.5,0.4,0.74,3.41,3.53,2.16,3.0,2.31,16.0,0.7,0.5,0.4,0.9,22.2,39.4,20.2,3.0,28.3,16.0,0.7,0.5,0.4,20.3,63.9,94.0,57.3,3.0,54.3,16.0,0.7,0.5,0.4,-53.1,-52.1,111.2,27.1,3.0,138.5,16.0,0.7,0.5,0.4,14.1,44.4,60.9,37.7,3.0,34.8,16.0,0.7,0.5,0.4,-34.7,-29.4,71.8,17.4,3.0,88.0,16.0,0.7,0.5,0.4,-3.1,0.0,24.8,10.6,3.0,22.4,16.0,0.7,0.5,0.4,-27.9,-22.2,-12.3,-20.1,3.0,11.5,16.0,0.7,0.5,0.4,1015.0,2685.5,4833.5,2918.5,3.0,2804.0,16.0,0.7,0.5,0.4,1015.0,2685.0,4835.0,2920.0,3.0,2805.0,16.0,0.7,0.5,0.4
1974,2,215.0,43.0,8.14,9.0,9.68,8.86,5.0,1.14,18.0,0.6,0.5,0.6,5.54,7.0,9.24,7.16,5.0,2.65,18.0,0.6,0.5,0.6,4.06,4.88,6.2,5.12,5.0,1.55,18.0,0.6,0.5,0.6,71.8,77.0,86.6,79.6,5.0,11.0,18.0,0.6,0.6,6.25,9.8,15.4,10.7,5.0,5.33,18.0,0.6,0.5,0.6,3.45,9.21,14.87,8.86,5.0,7.37,18.0,0.6,0.5,0.6,-4.38,-2.41,3.02,-1.1,5.0,4.21,18.0,0.6,0.5,0.6,1006.19,1011.5,1023.92,1014.36,5.0,10.79,18.0,0.6,0.5,0.6,2.3,5.0,6.7,4.6,5.0,2.7,18.0,0.6,0.5,0.6,27.1,90.2,232.0,124.6,5.0,124.4,18.0,0.6,0.5,0.6,-61.8,-32.8,17.9,-28.2,5.0,52.8,18.0,0.6,0.5,0.6,0.0,0.0,3.64,1.7,5.0,2.82,18.0,0.6,0.5,0.6,0.0,0.0,29.1,14.6,5.0,27.7,18.0,0.6,0.5,0.6,1.09,1.68,2.82,1.93,5.0,1.4,18.0,0.6,0.5,0.6,6.6,22.7,33.7,20.7,5.0,15.5,18.0,0.6,0.5,0.6,11.7,67.7,119.2,63.6,5.0,58.9,18.0,0.6,0.5,0.6,-29.2,-10.1,25.8,-4.4,5.0,30.4,18.0,0.6,0.5,0.6,14.8,50.6,75.4,44.1,5.0,36.4,18.0,0.6,0.5,0.6,-18.6,-10.9,18.8,-2.8,5.0,20.9,18.0,0.6,0.5,0.6,-1.1,22.4,31.7,16.9,5.0,18.1,18.0,0.6,0.5,0.6,-11.5,-3.9,3.3,-3.8,5.0,8.7,18.0,0.6,0.5,0.6,272.5,941.0,3834.5,1986.0,5.0,2374.0,18.0,0.6,0.5,0.6,270.0,940.0,3835.0,1985.0,5.0,2375.0,18.0,0.6,0.5,0.6
1974,2,215.0,44.0,10.0,10.0,10.0,10.0,1.0,0.0,16.0,1.0,0.2,0.5,9.0,9.0,9.0,9.0,1.0,0.0,16.0,1.0,0.2,0.5,6.14,6.14,6.14,6.14,1.0,0.0,16.0,1.0,0.2,0.5,86.7,86.7,86.7,86.7,1.0,0.0,16.0,1.0,0.5,13.9,13.9,13.9,13.9,1.0,0.0,16.0,1.0,0.2,0.5,4.75,4.75,4.75,4.75,1.0,0.0,16.0,1.0,0.2,0.5,13.06,13.06,13.06,13.06,1.0,0.0,16.0,1.0,0.2,0.5,1016.5,1016.5,1016.5,1016.5,1.0,0.0,16.0,1.0,0.2,0.5,8.0,8.0,8.0,8.0,1.0,0.0,16.0,1.0,0.2,0.5,66.1,66.1,66.1,66.1,1.0,0.0,16.0,1.0,0.2,0.5,181.6,181.6,181.6,181.6,1.0,0.0,16.0,1.0,0.2,0.5,1.0,1.0,1.0,1.0,1.0,0.0,16.0,1.0,0.2,0.5,13.9,13.9,13.9,13.9,1.0,0.0,16.0,1.0,0.2,0.5,1.44,1.44,1.44,1.44,1.0,0.0,16.0,1.0,0.2,0.5,20.0,20.0,20.0,20.0,1.0,0.0,16.0,1.0,0.2,0.5,42.8,42.8,42.8,42.8,1.0,0.0,16.0,1.0,0.2,0.5,117.6,117.6,117.6,117.6,1.0,0.0,16.0,1.0,0.2,0.5,29.2,29.2,29.2,29.2,1.0,0.0,16.0,1.0,0.2,0.5,80.2,80.2,80.2,80.2,1.0,0.0,16.0,1.0,0.2,0.5,6.9,6.9,6.9,6.9,1.0,0.0,16.0,1.0,0.2,0.5,18.8,18.8,18.8,18.8,1.0,0.0,16.0,1.0,0.2,0.5,2685.5,2685.5,2685.5,2685.5,1.0,0.0,16.0,1.0,0.2,0.5,2685.0,2685.0,2685.0,2685.0,1.0,0.0,16.0,1.0,0.2,0.5
1974,2,215.0,45.0,6.89,7.6,8.0,7.46,5.0,0.59,20.0,0.8,0.6,0.5,5.04,8.2,9.94,7.71,8.0,2.3,16.0,0.6,0.6,0.5,4.24,5.23,6.03,5.18,5.0,1.12,18.0,0.8,0.5,0.4,71.5,73.0,84.2,77.1,5.0,7.5,18.0,0.8,0.4,8.32,10.3,12.9,11.0,8.0,4.11,16.0,0.6,0.6,0.5,3.32,5.35,11.79,7.21,8.0,5.96,16.0,0.6,0.6,0.5,-4.29,2.76,9.61,1.94,8.0,7.48,16.0,0.6,0.6,0.5,1002.17,1009.65,1021.24,1012.13,8.0,10.44,16.0,0.6,0.6,0.5,3.0,6.0,8.0,5.7,7.0,2.5,16.0,0.6,0.6,0.5,19.3,54.2,148.5,95.3,8.0,115.4,16.0,0.6,0.6,0.5,-62.0,17.5,102.2,16.1,8.0,87.2,16.0,0.6,0.6,0.5,-1.24,0.0,2.67,0.62,5.0,2.36,20.0,0.8,0.6,0.5,-14.1,0.0,37.2,8.4,5.0,28.3,20.0,0.8,0.6,0.5,0.39,1.27,1.96,1.18,4.0,0.99,18.0,1.0,0.6,0.5,3.6,14.8,32.4,17.8,4.0,18.7,18.0,1.0,0.6,0.5,33.0,47.2,84.0,51.7,8.0,30.6,16.0,0.6,0.6,0.5,-29.2,26.3,90.4,28.3,8.0,58.3,16.0,0.6,0.6,0.5,26.0,51.4,60.6,45.2,5.0,20.7,18.0,0.8,0.5,0.4,-15.2,9.1,63.6,22.3,5.0,43.7,18.0,0.8,0.5,0.4,3.7,14.1,31.4,17.4,4.0,18.2,18.0,1.0,0.6,0.5,-7.3,-3.9,0.5,-3.5,4.0,4.6,18.0,1.0,0.6,0.5,579.5,1100.5,2146.5,1855.0,8.0,2143.5,16.0,0.6,0.6,0.5,580.0,1100.0,2145.0,1855.0,8.0,2145.0,16.0,0.6,0.6,0.5
1974,2,215.0,46.0,5.79,6.75,7.6,6.67,6.0,1.08,18.0,0.7,0.7,0.4,3.69,8.25,9.37,7.03,6.0,3.04,18.0,0.7,0.7,0.4,4.04,5.06,6.32,5.1,5.0,1.38,18.0,0.6,0.7,0.5,65.8,88.0,95.4,82.2,5.0,16.4,18.0,0.6,0.5,9.45,11.55,16.72,13.03,6.0,5.93,18.0,0.7,0.7,0.4,-0.37,5.79,12.2,6.94,6.0,8.67,18.0,0.7,0.7,0.4,-9.53,6.43,10.38,2.31,6.0,9.99,18.0,0.7,0.7,0.4,995.95,1007.75,1014.76,1006.87,6.0,12.51,18.0,0.7,0.7,0.4,6.3,8.0,8.0,7.2,5.0,1.3,20.0,0.6,0.7,0.5,-3.8,57.1,222.2,127.7,6.0,205.0,18.0,0.7,0.7,0.4,-119.8,67.0,141.0,29.5,6.0,141.5,18.0,0.7,0.7,0.4,-2.85,-1.25,2.91,-0.37,6.0,3.34,18.0,0.7,0.7,0.4,-41.0,-7.7,40.5,-8.4,6.0,54.0,18.0,0.7,0.7,0.4,0.21,0.96,1.77,1.06,5.0,1.28,18.0,0.6,0.7,0.5,2.5,14.4,28.1,15.5,5.0,15.6,18.0,0.6,0.7,0.5,-3.7,26.4,72.7,46.4,6.0,80.5,18.0,0.7,0.7,0.4,-27.4,57.5,92.7,39.8,6.0,61.3,18.0,0.7,0.7,0.4,-4.3,23.7,67.9,32.4,5.0,45.1,18.0,0.6,0.7,0.5,-39.0,37.0,67.9,17.5,5.0,57.6,18.0,0.6,0.7,0.5,0.3,9.2,22.3,11.0,5.0,11.3,18.0,0.6,0.7,0.5,-17.5,-2.7,6.3,-5.8,5.0,14.8,18.0,0.6,0.7,0.5,916.5,1543.0,5374.0,3506.0,6.0,4907.5,18.0,0.7,0.7,0.4,915.0,1545.0,5375.0,3505.0,6.0,4910.0,18.0,0.7,0.7,0.4
1974,2,215.0,47.0,5.71,6.5,8.0,6.79,9.0,1.21,10.0,0.3,0.7,0.5,6.27,7.2,9.46,7.63,9.0,1.57,10.0,0.4,0.8,0.4,5.32,5.75,6.45,5.9,6.0,0.91,10.0,0.5,0.9,0.4,86.8,90.0,100.0,92.1,6.0,6.6,10.0,0.5,0.4,5.79,11.05,14.33,10.23,10.0,4.34,10.0,0.4,0.7,0.5,0.0,5.11,8.16,4.56,10.0,4.42,10.0,0.4,0.7,0.5,-0.42,6.58,12.46,5.92,10.0,7.31,10.0,0.4,0.7,0.5,1001.8,1016.8,1023.92,1013.89,9.0,10.23,10.0,0.3,0.7,0.5,7.5,8.0,8.0,7.8,4.0,0.5,10.0,0.3,0.7,0.5,0.0,40.0,133.2,54.8,10.0,63.3,10.0,0.4,0.7,0.5,-8.9,64.0,172.1,75.5,10.0,104.3,10.0,0.4,0.7,0.5,-1.53,-0.5,0.44,-0.7,8.0,1.42,10.0,0.4,0.8,0.4,-17.5,-4.1,4.8,-7.2,8.0,16.8,10.0,0.4,0.8,0.4,-0.49,0.42,0.88,0.15,6.0,0.95,10.0,0.5,0.9,0.4,-5.5,5.4,7.6,1.3,6.0,10.4,10.0,0.5,0.9,0.4,0.0,32.8,51.8,27.6,9.0,30.8,10.0,0.4,0.8,0.4,-6.3,45.2,90.1,42.6,9.0,50.8,10.0,0.4,0.8,0.4,-3.0,16.6,50.3,21.2,6.0,30.4,10.0,0.5,0.9,0.4,19.8,51.8,82.6,44.2,6.0,46.0,10.0,0.5,0.9,0.4,0.0,3.3,4.9,3.0,6.0,2.7,10.0,0.5,0.9,0.4,-10.2,0.2,5.7,-2.4,6.0,9.2,10.0,0.5,0.9,0.4,204.5,1351.5,3007.5,1589.0,10.0,1599.0,10.0,0.4,0.7,0.5,205.0,1350.0,3005.0,1590.0,10.0,1600.0,10.0,0.4,0.7,0.5
1974,2,215.0,48.0,4.59,6.5,7.21,6.0,6.0,1.79,16.0,0.5,0.8,0.4,1.0,5.75,7.21,4.75,6.0,3.13,16.0,0.5,0.8,0.4,3.19,4.8,5.51,4.45,6.0,1.29,16.0,0.5,0.8,0.4,72.1,83.9,88.2,80.4,6.0,11.7,16.0,0.5,0.4,5.87,9.25,16.87,10.97,6.0,6.14,16.0,0.5,0.8,0.4,3.37,6.91,12.43,8.5,6.0,6.54,16.0,0.5,0.8,0.4,-0.58,0.54,5.58,2.81,6.0,6.56,16.0,0.5,0.8,0.4,993.52,999.8,1006.6,998.85,6.0,8.77,16.0,0.5,0.8,0.4,5.3,7.0,7.4,6.4,5.0,1.5,16.0,0.4,0.9,0.4,33.4,53.5,171.8,115.3,6.0,154.4,16.0,0.5,0.8,0.4,-4.7,3.3,62.2,41.0,6.0,102.6,16.0,0.5,0.8,0.4,-2.0,1.5,3.22,1.25,6.0,3.03,16.0,0.5,0.8,0.4,-16.4,10.5,53.6,15.0,6.0,36.3,16.0,0.5,0.8,0.4,0.56,1.54,2.42,1.45,6.0,1.15,16.0,0.5,0.8,0.4,2.8,12.3,31.1,15.2,6.0,16.4,16.0,0.5,0.8,0.4,9.8,22.0,57.9,33.9,6.0,32.3,16.0,0.5,0.8,0.4,-0.6,4.3,39.1,22.7,6.0,43.4,16.0,0.5,0.8,0.4,18.4,25.0,47.0,35.6,6.0,29.5,16.0,0.5,0.8,0.4,-1.4,2.7,31.6,17.7,6.0,37.0,16.0,0.5,0.8,0.4,3.3,11.3,31.1,15.5,6.0,15.5,16.0,0.5,0.8,0.4,-5.8,0.0,1.4,-1.2,6.0,3.9,16.0,0.5,0.8,0.4,209.0,822.0,4995.0,2457.0,6.0,3403.5,16.0,0.5,0.8,0.4,210.0,820.0,4995.0,2455.0,6.0,3405.0,16.0,0.5,0.8,0.4
1974,2,215.0,49.0,3.79,5.25,5.89,5.02,6.0,1.39,14.0,0.5,0.7,0.5,4.48,5.5,7.0,5.42,6.0,1.66,14.0,0.5,0.7,0.5,4.27,4.77,5.87,5.0,5.0,0.93,10.0,0.6,0.6,0.5,72.3,84.5,100.0,85.7,5.0,14.0,10.0,0.6,0.5,7.73,9.8,12.42,9.92,6.0,2.41,14.0,0.5,0.7,0.5,0.0,6.85,8.88,5.31,6.0,4.29,14.0,0.5,0.7,0.5,-4.31,4.9,8.94,3.21,6.0,7.7,14.0,0.5,0.7,0.5,997.24,1004.25,1017.94,1006.47,6.0,10.52,14.0,0.5,0.7,0.5,4.6,7.0,7.2,6.2,6.0,1.8,14.0,0.5,0.7,0.5,0.0,60.1,88.4,52.9,6.0,47.7,14.0,0.5,0.7,0.5,-31.0,48.9,111.5,45.8,6.0,83.3,14.0,0.5,0.7,0.5,-2.0,0.0,0.39,-0.4,6.0,1.36,14.0,0.5,0.7,0.5,-16.0,0.0,3.5,-4.3,6.0,13.3,14.0,0.5,0.7,0.5,-0.29,0.86,1.19,0.53,5.0,0.95,10.0,0.6,0.6,0.5,-3.8,5.7,13.4,4.8,5.0,10.6,10.0,0.6,0.6,0.5,0.0,39.0,51.8,30.7,6.0,25.4,14.0,0.5,0.7,0.5,-17.4,30.3,55.4,26.7,6.0,42.0,14.0,0.5,0.7,0.5,14.2,35.5,46.7,30.5,5.0,20.0,10.0,0.6,0.6,0.5,6.8,29.8,53.0,30.4,5.0,33.5,10.0,0.6,0.6,0.5,0.0,5.0,10.3,5.4,5.0,5.7,10.0,0.6,0.6,0.5,-5.6,0.0,8.6,1.0,5.0,8.4,10.0,0.6,0.6,0.5,468.5,948.5,1920.0,1119.5,6.0,741.0,14.0,0.5,0.7,0.5,470.0,950.0,1920.0,1120.0,6.0,740.0,14.0,0.5,0.7,0.5
1974,2,215.0,50.0,5.21,5.75,8.78,6.5,8.0,1.66,10.0,0.6,0.5,0.5,4.5,4.75,5.87,5.03,10.0,0.83,10.0,0.6,0.5,0.4,4.77,5.01,5.81,5.22,6.0,0.53,14.0,0.5,0.5,0.4,89.6,92.2,100.0,93.1,6.0,6.4,14.0,0.5,0.4,11.08,12.9,14.77,12.77,9.0,2.0,12.0,0.6,0.5,0.4,0.86,6.45,11.98,6.34,9.0,6.93,12.0,0.6,0.5,0.4,2.57,8.74,12.12,7.8,9.0,5.08,12.0,0.6,0.5,0.4,996.82,1012.3,1015.99,1007.91,9.0,8.86,10.0,0.7,0.4,0.4,5.0,6.0,8.0,6.3,8.0,1.6,10.0,0.8,0.5,0.3,8.0,83.2,153.7,79.2,9.0,96.6,12.0,0.6,0.5,0.4,30.3,89.8,170.0,101.1,9.0,76.3,12.0,0.6,0.5,0.4,-0.09,0.5,4.11,1.31,8.0,2.01,10.0,0.6,0.5,0.5,-1.3,6.2,14.0,12.2,7.0,24.8,12.0,0.6,0.5,0.5,0.17,0.52,0.81,0.48,6.0,0.33,14.0,0.5,0.5,0.4,2.4,6.1,9.5,5.9,6.0,4.1,14.0,0.5,0.5,0.4,3.3,32.3,63.1,29.5,9.0,37.1,12.0,0.6,0.5,0.4,12.4,38.2,74.3,41.6,9.0,30.9,12.0,0.6,0.5,0.4,-8.9,39.9,56.2,25.2,6.0,40.4,14.0,0.5,0.5,0.4,17.4,39.3,77.6,45.3,6.0,31.1,14.0,0.5,0.5,0.4,-0.3,4.6,7.6,4.1,6.0,4.2,14.0,0.5,0.5,0.4,1.0,2.2,6.1,3.2,6.0,3.0,14.0,0.5,0.5,0.4,1361.0,2146.5,3221.0,2215.5,9.0,961.0,12.0,0.6,0.5,0.4,1360.0,2145.0,3220.0,2215.0,9.0,960.0,12.0,0.6,0.5,0.4
1974,2,215.0,51.0,3.32,4.0,5.0,4.1,8.0,1.23,14.0,0.3,0.4,0.4,1.73,3.0,4.89,3.21,8.0,1.99,14.0,0.3,0.4,0.4,3.32,4.64,5.05,4.37,7.0,0.95,12.0,0.3,0.5,0.4,74.7,91.9,100.0,88.3,7.0,11.0,12.0,0.3,0.4,8.53,12.9,15.65,12.7,7.0,4.95,12.0,0.3,0.5,0.4,2.71,11.09,13.81,9.18,7.0,7.22,12.0,0.3,0.5,0.4,-7.35,4.41,5.08,0.8,7.0,7.85,12.0,0.3,0.5,0.4,986.33,1002.9,1013.3,1000.34,8.0,13.33,14.0,0.3,0.4,0.4,7.1,8.0,8.0,7.8,8.0,0.5,14.0,0.3,0.4,0.4,24.0,130.8,204.6,144.6,7.0,133.6,12.0,0.3,0.5,0.4,-148.0,47.6,70.9,-11.6,7.0,114.3,12.0,0.3,0.5,0.4,-1.33,1.25,3.29,0.89,8.0,2.36,14.0,0.3,0.4,0.4,-9.3,11.8,34.0,9.6,7.0,31.1,12.0,0.3,0.5,0.4,-0.16,0.53,1.66,0.67,7.0,0.93,12.0,0.3,0.5,0.4,-0.9,9.2,21.7,10.0,7.0,13.4,12.0,0.3,0.5,0.4,2.9,24.2,45.5,24.0,7.0,27.7,12.0,0.3,0.5,0.4,-6.9,16.1,28.9,13.2,7.0,17.4,12.0,0.3,0.5,0.4,13.6,40.5,65.5,37.7,7.0,33.2,12.0,0.3,0.5,0.4,-31.3,18.7,25.3,7.6,7.0,30.0,12.0,0.3,0.5,0.4,-0.2,8.6,16.9,7.5,7.0,8.9,12.0,0.3,0.5,0.4,-4.9,-0.7,3.3,-3.5,7.0,11.8,12.0,0.3,0.5,0.4,633.5,2146.5,3895.5,2851.5,7.0,2872.5,12.0,0.3,0.5,0.4,635.0,2145.0,3895.0,2850.0,7.0,2875.0,12.0,0.3,0.5,0.4
1974,2,215.0,52.0,4.0,5.0,6.0,5.27,12.0,1.45,10.0,0.3,0.6,0.5,1.37,4.65,6.25,4.24,12.0,2.47,10.0,0.3,0.6,0.5,3.64,4.67,5.19,4.54,11.0,0.8,10.0,0.4,0.6,0.5,83.4,87.0,92.3,87.2,11.0,6.3,10.0,0.4,0.5,7.7,10.55,12.51,10.5,12.0,2.94,10.0,0.3,0.6,0.5,-1.64,2.2,11.28,3.4,12.0,5.56,10.0,0.3,0.6,0.5,-1.96,6.72,10.76,5.01,12.0,7.61,10.0,0.3,0.6,0.5,982.26,1011.5,1017.62,1002.65,11.0,17.66,10.0,0.4,0.6,0.5,6.1,7.5,8.0,7.3,8.0,0.9,10.0,0.4,0.6,0.4,-15.6,20.3,129.6,45.2,12.0,76.1,10.0,0.3,0.6,0.5,-15.1,51.3,117.6,47.8,12.0,97.3,10.0,0.3,0.6,0.5,-1.0,0.85,4.28,1.03,12.0,2.43,10.0,0.3,0.6,0.5,-10.4,7.0,34.0,8.7,12.0,24.1,10.0,0.3,0.6,0.5,0.41,0.73,1.95,1.03,11.0,0.92,10.0,0.4,0.6,0.5,3.9,8.9,17.7,9.7,11.0,7.6,10.0,0.4,0.6,0.5,-8.9,5.3,20.0,7.9,12.0,19.8,10.0,0.3,0.6,0.5,-5.9,29.2,76.6,31.2,12.0,39.9,10.0,0.3,0.6,0.5,-4.2,11.3,45.4,16.1,11.0,24.9,10.0,0.4,0.6,0.5,-13.8,24.3,60.2,23.0,11.0,38.8,10.0,0.4,0.6,0.5,-0.6,2.6,10.3,4.8,11.0,6.4,10.0,0.4,0.6,0.5,-4.0,3.6,15.2,4.6,11.0,8.5,10.0,0.4,0.6,0.5,456.5,1176.0,1986.5,1424.5,12.0,1298.5,10.0,0.3,0.6,0.5,455.0,1175.0,1985.0,1425.0,12.0,1300.0,10.0,0.3,0.6,0.5
1974,2,215.0,53.0,4.21,5.0,5.57,5.0,10.0,0.78,16.0,0.4,0.6,0.2,1.15,3.5,4.05,3.24,12.0,2.04,16.0,0.3,0.5,0.3,2.85,4.19,4.52,3.86,9.0,0.85,16.0,0.4,0.6,0.2,67.5,84.9,89.9,79.8,9.0,10.7,16.0,0.4,0.2,4.1,11.3,14.65,10.71,12.0,5.13,16.0,0.3,0.5,0.3,-0.04,9.6,12.43,6.15,12.0,8.53,16.0,0.3,0.5,0.3,-1.65,1.92,6.1,2.38,12.0,5.58,16.0,0.3,0.5,0.3,980.36,994.0,1005.61,994.02,12.0,12.74,16.0,0.3,0.5,0.3,5.9,8.0,8.0,7.3,10.0,1.3,14.0,0.4,0.6,0.3,-23.3,94.7,168.8,77.2,12.0,130.4,16.0,0.3,0.5,0.3,-9.6,21.2,82.8,38.7,12.0,96.6,16.0,0.3,0.5,0.3,0.89,1.75,3.91,1.91,10.0,2.74,16.0,0.4,0.6,0.2,4.5,21.1,47.1,21.3,10.0,36.1,16.0,0.4,0.6,0.2,0.97,1.72,2.54,1.66,9.0,1.05,16.0,0.4,0.6,0.2,7.1,19.8,29.3,19.2,9.0,13.0,16.0,0.4,0.6,0.2,-8.1,13.8,45.1,11.5,12.0,35.8,16.0,0.3,0.5,0.3,-6.7,3.3,20.4,10.4,12.0,29.7,16.0,0.3,0.5,0.3,-29.6,29.2,54.6,22.3,9.0,42.2,16.0,0.4,0.6,0.2,1.3,8.5,44.4,14.9,9.0,28.3,16.0,0.4,0.6,0.2,0.8,15.2,28.0,15.3,9.0,16.1,16.0,0.4,0.6,0.2,0.3,3.9,7.6,3.0,9.0,7.2,16.0,0.4,0.6,0.2,69.0,1443.0,3155.5,2012.0,12.0,2404.5,16.0,0.3,0.5,0.3,70.0,1445.0,3155.0,2010.0,12.0,2405.0,16.0,0.3,0.5,0.3
1974,2,215.0,54.0,3.27,4.2,4.79,4.08,10.0,1.08,16.0,0.9,0.5,0.4,0.7,2.8,5.66,3.12,11.0,2.48,16.0,0.8,0.5,0.4,3.34,3.56,5.14,4.1,9.0,0.89,18.0,0.9,0.5,0.4,76.5,85.0,93.0,84.5,9.0,9.3,18.0,0.9,0.4,4.39,7.7,12.2,8.68,11.0,5.15,16.0,0.8,0.5,0.4,-4.72,2.98,7.5,2.57,11.0,7.98,16.0,0.8,0.5,0.4,-1.87,3.52,8.8,3.17,11.0,5.25,16.0,0.8,0.5,0.4,987.06,998.3,1008.97,998.23,11.0,12.88,16.0,0.8,0.5,0.4,6.4,7.5,8.0,7.1,10.0,1.3,16.0,0.8,0.5,0.4,-31.0,20.8,80.1,48.1,11.0,132.8,16.0,0.8,0.5,0.4,-11.1,14.6,84.4,39.0,11.0,64.7,16.0,0.8,0.5,0.4,-1.69,0.35,3.16,0.65,10.0,2.31,16.0,0.9,0.5,0.4,-11.7,3.0,40.4,10.3,10.0,29.3,16.0,0.9,0.5,0.4,0.42,1.51,1.81,1.04,9.0,1.0,18.0,0.9,0.5,0.4,2.3,5.5,26.7,10.1,9.0,14.3,18.0,0.9,0.5,0.4,-22.2,0.0,13.8,-3.3,11.0,20.4,16.0,0.8,0.5,0.4,-6.5,0.0,21.5,6.3,11.0,18.5,16.0,0.8,0.5,0.4,-13.0,18.9,24.9,11.6,9.0,30.3,18.0,0.9,0.5,0.4,-3.2,12.1,35.8,13.9,9.0,21.1,18.0,0.9,0.5,0.4,-3.1,3.1,16.3,6.4,9.0,11.8,18.0,0.9,0.5,0.4,-4.5,0.6,5.4,2.7,9.0,11.1,18.0,0.9,0.5,0.4,85.5,456.5,2007.5,1425.5,11.0,2598.0,16.0,0.8,0.5,0.4,85.0,455.0,2010.0,1425.0,11.0,2600.0,16.0,0.8,0.5,0.4
1974,2,215.0,55.0,2.71,3.05,4.38,3.41,8.0,1.07,20.0,0.4,0.5,0.5,1.59,3.45,4.44,3.11,8.0,1.3,20.0,0.5,0.5,0.4,3.39,4.12,4.47,3.98,7.0,0.8,18.0,0.6,0.5,0.5,75.6,79.8,92.2,82.4,7.0,10.8,18.0,0.6,0.5,5.83,7.7,10.03,7.79,9.0,4.17,20.0,0.4,0.5,0.5,-5.32,0.0,6.96,0.55,9.0,5.83,20.0,0.4,0.5,0.5,0.71,5.7,8.99,5.32,9.0,4.41,20.0,0.4,0.5,0.5,981.64,999.5,1000.73,995.87,9.0,12.86,20.0,0.4,0.5,0.5,3.8,5.5,8.0,5.7,6.0,2.3,22.0,0.3,0.5,0.5,-50.4,0.0,51.1,-3.9,9.0,60.7,20.0,0.4,0.5,0.5,5.5,32.5,90.7,54.7,9.0,64.6,20.0,0.4,0.5,0.5,-1.7,0.0,2.06,0.23,7.0,1.87,20.0,0.4,0.5,0.5,-7.5,0.0,12.3,3.6,7.0,14.2,20.0,0.4,0.5,0.5,0.15,0.84,1.38,0.82,6.0,0.8,18.0,0.5,0.5,0.5,-0.5,4.2,12.8,6.0,6.0,7.9,18.0,0.5,0.5,0.5,-6.4,0.0,21.0,6.6,8.0,16.1,20.0,0.5,0.5,0.4,0.8,8.9,19.1,12.0,8.0,12.6,20.0,0.5,0.5,0.4,-18.5,0.0,30.1,3.3,7.0,20.8,18.0,0.6,0.5,0.5,10.4,17.8,26.5,20.1,7.0,16.0,18.0,0.6,0.5,0.5,-2.5,0.4,3.7,0.2,6.0,7.2,18.0,0.5,0.5,0.5,-0.5,2.3,8.0,3.8,6.0,6.0,18.0,0.5,0.5,0.5,199.5,456.5,1015.0,830.0,9.0,1117.0,20.0,0.4,0.5,0.5,200.0,455.0,1015.0,830.0,9.0,1115.0,20.0,0.4,0.5,0.5
1974,2,215.0,56.0,3.3,3.4,4.81,4.03,4.0,1.32,16.0,0.3,0.7,0.2,-1.31,3.8,4.44,1.82,5.0,3.55,16.0,0.4,0.6,0.2,3.58,4.41,4.58,4.11,5.0,0.68,16.0,0.4,0.6,0.2,85.0,94.5,100.0,92.8,5.0,7.7,16.0,0.4,0.2,8.12,11.85,17.6,12.02,6.0,5.46,16.0,0.3,0.7,0.2,-5.23,4.17,13.71,3.36,6.0,12.06,16.0,0.3,0.7,0.2,2.19,5.28,8.78,5.16,6.0,3.47,16.0,0.3,0.7,0.2,978.33,998.75,1004.98,993.78,6.0,14.68,16.0,0.3,0.7,0.2,4.6,5.0,8.0,6.0,5.0,1.9,14.0,0.4,0.7,0.2,-66.0,41.3,200.8,46.5,6.0,203.5,16.0,0.3,0.7,0.2,7.9,71.3,94.5,58.2,6.0,43.7,16.0,0.3,0.7,0.2,-0.27,1.5,5.19,2.43,3.0,4.08,18.0,0.3,0.7,0.3,-8.3,5.4,50.2,20.6,3.0,44.9,18.0,0.3,0.7,0.3,0.74,1.34,1.77,1.26,3.0,0.76,18.0,0.3,0.7,0.3,5.3,6.2,15.8,10.4,3.0,8.6,18.0,0.3,0.7,0.3,-13.4,0.0,27.9,7.7,5.0,29.0,16.0,0.4,0.6,0.2,-11.7,12.4,24.9,6.7,5.0,24.8,16.0,0.4,0.6,0.2,-30.1,15.0,30.1,2.3,5.0,44.0,16.0,0.4,0.6,0.2,17.4,23.4,32.1,24.8,5.0,10.6,16.0,0.4,0.6,0.2,-0.3,5.8,8.8,4.3,3.0,6.8,18.0,0.3,0.7,0.3,2.6,3.7,13.2,7.8,3.0,8.5,18.0,0.3,0.7,0.3,648.0,1749.5,5457.0,2590.0,6.0,2454.0,16.0,0.3,0.7,0.2,650.0,1750.0,5455.0,2590.0,6.0,2455.0,16.0,0.3,0.7,0.2
1974,2,215.0,57.0,2.57,4.4,4.68,3.7,5.0,1.48,16.0,0.6,0.9,0.2,1.08,3.65,4.4,3.03,6.0,1.59,18.0,0.7,0.9,0.3,3.52,4.46,4.99,4.3,5.0,0.8,16.0,0.6,0.8,0.2,78.8,86.8,95.3,87.1,5.0,9.7,16.0,0.6,0.2,5.48,6.2,11.65,8.26,5.0,3.8,16.0,0.6,0.9,0.2,-3.09,1.74,7.56,2.47,5.0,7.25,16.0,0.6,0.9,0.2,-2.97,2.43,6.75,2.13,5.0,5.82,16.0,0.6,0.9,0.2,995.98,1002.7,1011.79,1003.0,6.0,8.5,18.0,0.7,0.9,0.3,5.5,7.0,8.0,6.8,4.0,1.5,18.0,0.8,1.0,0.3,-22.8,8.9,86.2,35.5,5.0,90.7,16.0,0.6,0.9,0.2,-17.8,24.4,59.8,24.5,5.0,51.6,16.0,0.6,0.9,0.2,0.0,0.3,1.62,0.86,5.0,1.44,16.0,0.6,0.9,0.2,0.0,3.1,10.4,5.7,5.0,8.8,16.0,0.6,0.9,0.2,0.29,0.92,1.57,0.93,4.0,0.81,14.0,0.5,0.8,0.1,1.5,5.0,9.5,5.5,4.0,5.1,14.0,0.5,0.8,0.1,-11.5,4.4,9.9,0.1,5.0,12.7,16.0,0.6,0.9,0.2,-5.7,2.4,29.7,11.3,5.0,21.6,16.0,0.6,0.9,0.2,-14.6,-0.4,11.0,-1.8,4.0,15.3,14.0,0.5,0.8,0.1,-11.6,8.1,38.8,13.3,4.0,31.2,14.0,0.5,0.8,0.1,-3.4,0.5,4.5,0.5,4.0,5.8,14.0,0.5,0.8,0.1,-5.9,-1.2,1.6,-2.1,4.0,5.1,14.0,0.5,0.8,0.1,166.0,238.5,1696.0,878.5,5.0,1115.0,16.0,0.6,0.9,0.2,165.0,240.0,1695.0,880.0,5.0,1115.0,16.0,0.6,0.9,0.2
1974,2,215.0,58.0,,,,,,,,,,,,,,,,,,,,,,,,,,,,,,,,,,,,,,,,6.9,11.0,15.1,11.0,2.0,8.49,20.0,0.5,0.3,0.8,-14.7,-9.75,-4.8,-9.75,2.0,10.25,20.0,0.5,0.3,0.8,-3.64,-2.17,-0.69,-2.17,2.0,3.06,20.0,0.5,0.3,0.8,1004.52,1009.3,1014.08,1009.3,2.0,9.9,20.0,0.5,0.3,0.8,,,,,,,,,,,,,,,,,,,,,,,,,,,,,,,,,,,,,,,,,,,,,,,,,,,,,,,,,,,,,,,,,,,,,,,,,,,,,,,,,,,,,,,,,,,,,,,,,,,,,,,,,,,,,,,,,,,,,,,,,,,,,,,,,,,,,,,,,,,,,,,,,,,,,,
1974,2,215.0,59.0,,,,,,,,,,,,,,,,,,,,,,,,,,,,,,,,,,,,,,,,6.1,6.6,10.14,8.05,4.0,3.33,14.0,0.3,0.5,0.9,0.0,1.93,5.04,2.49,4.0,3.02,14.0,0.3,0.5,0.9,1.62,5.8,10.14,5.88,4.0,5.83,14.0,0.3,0.5,0.9,973.73,974.75,977.5,975.58,4.0,2.68,14.0,0.3,0.5,0.9,,,,,,,,,,,,,,,,,,,,,,,,,,,,,,,,,,,,,,,,,,,,,,,,,,,,,,,,,,,,,,,,,,,,,,,,,,,,,,,,,,,,,,,,,,,,,,,,,,,,,,,,,,,,,,,,,,,,,,,,,,,,,,,,,,,,,,,,,,,,,,,,,,,,,,
1974,2,215.0,60.0,,,,,,,,,,,,,,,,,,,,,,,,,,,,,,,,,,,,,,,,2.06,11.0,12.0,8.61,11.0,5.41,22.0,0.3,0.5,0.0,-10.13,-4.1,0.56,-5.65,11.0,5.88,22.0,0.3,0.5,0.0,-9.11,-1.29,2.16,-3.13,11.0,5.51,22.0,0.3,0.5,0.0,987.14,999.8,1002.22,996.68,11.0,7.75,22.0,0.3,0.5,0.0,,,,,,,,,,,,,,,,,,,,,,,,,,,,,,,,,,,,,,,,,,,,,,,,,,,,,,,,,,,,,,,,,,,,,,,,,,,,,,,,,,,,,,,,,,,,,,,,,,,,,,,,,,,,,,,,,,,,,,,,,,,,,,,,,,,,,,,,,,,,,,,,,,,,,,
1974,2,216.0,-72.0,,,,,,,,,,,,,,,,,,,,,,,,,,,,,,,,,,,,,,,,,,,,,,,,,,,,,,,,,,,,,,,,,,,,,,,,,,,,,,,,8.0,8.0,8.0,8.0,1.0,0.0,20.0,1.0,0.9,0.9,16.8,16.8,16.8,16.8,1.0,0.0,20.0,1.0,0.9,0.9,0.0,0.0,0.0,0.0,1.0,0.0,20.0,1.0,0.9,0.9,,,,,,,,,,,,,,,,,,,,,,,,,,,,,,,,,,,,,,,,,,,,,,,,,,,,,,,,,,,,,,,,,,,,,,,,,,,,,,,,,,,,,,,,,,,,,,,,,,,,,,,,,,,,,,,,,,,,,,,,
1974,2,216.0,-58.0,,,,,,,,,,,,,,,,,,,,,,,,,,,,,,,,,,,,,,,,,,,,,,,,,,,,,,,,,,,,,,,,,,,,,,,,,,,,,,,,8.0,8.0,8.0,8.0,1.0,0.0,26.0,1.0,0.2,0.1,51.5,51.5,51.5,51.5,1.0,0.0,26.0,1.0,0.2,0.1,-43.2,-43.2,-43.2,-43.2,1.0,0.0,26.0,1.0,0.2,0.1,,,,,,,,,,,,,,,,,,,,,,,,,,,,,,,,,,,,,,,,,,,,,,,,,,,,,,,,,,,,,,,,,,,,,,,,,,,,,,,,,,,,,,,,,,,,,,,,,,,,,,,,,,,,,,,,,,,,,,,,
1974,2,216.0,-45.0,,,,,,,,,,,,,,,,,,,,,,,,,,,,,,,,,,,,,,,,,,,,,,,,,,,,,,,,,,,,,,,,,,,,,,,,,,,,,,,,4.0,4.0,4.0,4.0,1.0,0.0,24.0,0.0,1.0,1.0,43.2,43.2,43.2,43.2,1.0,0.0,24.0,0.0,1.0,1.0,-51.5,-51.5,-51.5,-51.5,1.0,0.0,24.0,0.0,1.0,1.0,,,,,,,,,,,,,,,,,,,,,,,,,,,,,,,,,,,,,,,,,,,,,,,,,,,,,,,,,,,,,,,,,,,,,,,,,,,,,,,,,,,,,,,,,,,,,,,,,,,,,,,,,,,,,,,,,,,,,,,,
1974,2,216.0,-41.0,16.1,16.1,16.1,16.1,1.0,0.0,20.0,1.0,0.2,0.2,15.4,15.4,15.4,15.4,1.0,0.0,20.0,1.0,0.2,0.2,7.69,7.69,7.69,7.69,1.0,0.0,20.0,1.0,0.2,0.2,72.1,72.1,72.1,72.1,1.0,0.0,20.0,1.0,0.2,7.7,7.7,7.7,7.7,1.0,0.0,20.0,1.0,0.2,0.2,-5.9,-5.9,-5.9,-5.9,1.0,0.0,20.0,1.0,0.2,0.2,4.95,4.95,4.95,4.95,1.0,0.0,20.0,1.0,0.2,0.2,1028.4,1028.4,1028.4,1028.4,1.0,0.0,20.0,1.0,0.2,0.2,8.0,8.0,8.0,8.0,1.0,0.0,20.0,1.0,0.2,0.2,-45.4,-45.4,-45.4,-45.4,1.0,0.0,20.0,1.0,0.2,0.2,38.1,38.1,38.1,38.1,1.0,0.0,20.0,1.0,0.2,0.2,0.7,0.7,0.7,0.7,1.0,0.0,20.0,1.0,0.2,0.2,5.4,5.4,5.4,5.4,1.0,0.0,20.0,1.0,0.2,0.2,3.49,3.49,3.49,3.49,1.0,0.0,20.0,1.0,0.2,0.2,26.9,26.9,26.9,26.9,1.0,0.0,20.0,1.0,0.2,0.2,-90.8,-90.8,-90.8,-90.8,1.0,0.0,20.0,1.0,0.2,0.2,76.2,76.2,76.2,76.2,1.0,0.0,20.0,1.0,0.2,0.2,-45.4,-45.4,-45.4,-45.4,1.0,0.0,20.0,1.0,0.2,0.2,38.1,38.1,38.1,38.1,1.0,0.0,20.0,1.0,0.2,0.2,-20.6,-20.6,-20.6,-20.6,1.0,0.0,20.0,1.0,0.2,0.2,17.3,17.3,17.3,17.3,1.0,0.0,20.0,1.0,0.2,0.2,456.5,456.5,456.5,456.5,1.0,0.0,20.0,1.0,0.2,0.2,455.0,455.0,455.0,455.0,1.0,0.0,20.0,1.0,0.2,0.2
1974,2,216.0,-39.0,18.7,18.7,18.7,18.7,1.0,0.0,10.0,1.0,0.4,1.0,18.8,18.8,18.8,18.8,1.0,0.0,10.0,1.0,0.4,1.0,11.35,11.35,11.35,11.35,1.0,0.0,10.0,1.0,0.4,1.0,84.9,84.9,84.9,84.9,1.0,0.0,10.0,1.0,1.0,5.1,5.1,5.1,5.1,1.0,0.0,10.0,1.0,0.4,1.0,5.02,5.02,5.02,5.02,1.0,0.0,10.0,1.0,0.4,1.0,-0.89,-0.89,-0.89,-0.89,1.0,0.0,10.0,1.0,0.4,1.0,1019.9,1019.9,1019.9,1019.9,1.0,0.0,10.0,1.0,0.4,1.0,7.0,7.0,7.0,7.0,1.0,0.0,10.0,1.0,0.4,1.0,25.6,25.6,25.6,25.6,1.0,0.0,10.0,1.0,0.4,1.0,-4.5,-4.5,-4.5,-4.5,1.0,0.0,10.0,1.0,0.4,1.0,-0.1,-0.1,-0.1,-0.1,1.0,0.0,10.0,1.0,0.4,1.0,-0.5,-0.5,-0.5,-0.5,1.0,0.0,10.0,1.0,0.4,1.0,1.96,1.96,1.96,1.96,1.0,0.0,10.0,1.0,0.4,1.0,10.0,10.0,10.0,10.0,1.0,0.0,10.0,1.0,0.4,1.0,94.4,94.4,94.4,94.4,1.0,0.0,10.0,1.0,0.4,1.0,-16.6,-16.6,-16.6,-16.6,1.0,0.0,10.0,1.0,0.4,1.0,57.0,57.0,57.0,57.0,1.0,0.0,10.0,1.0,0.4,1.0,-10.1,-10.1,-10.1,-10.1,1.0,0.0,10.0,1.0,0.4,1.0,9.8,9.8,9.8,9.8,1.0,0.0,10.0,1.0,0.4,1.0,-1.7,-1.7,-1.7,-1.7,1.0,0.0,10.0,1.0,0.4,1.0,132.5,132.5,132.5,132.5,1.0,0.0,10.0,1.0,0.4,1.0,135.0,135.0,135.0,135.0,1.0,0.0,10.0,1.0,0.4,1.0
1974,2,216.0,-37.0,20.6,20.6,20.6,20.6,1.0,0.0,18.0,1.0,1.0,0.9,19.8,19.8,19.8,19.8,1.0,0.0,18.0,1.0,1.0,0.9,9.95,9.95,9.95,9.95,1.0,0.0,18.0,1.0,1.0,0.9,70.1,70.1,70.1,70.1,1.0,0.0,18.0,1.0,0.9,6.7,6.7,6.7,6.7,1.0,0.0,18.0,1.0,1.0,0.9,-5.13,-5.13,-5.13,-5.13,1.0,0.0,18.0,1.0,1.0,0.9,4.31,4.31,4.31,4.31,1.0,0.0,18.0,1.0,1.0,0.9,1022.6,1022.6,1022.6,1022.6,1.0,0.0,18.0,1.0,1.0,0.9,3.0,3.0,3.0,3.0,1.0,0.0,18.0,1.0,1.0,0.9,-34.4,-34.4,-34.4,-34.4,1.0,0.0,18.0,1.0,1.0,0.9,28.9,28.9,28.9,28.9,1.0,0.0,18.0,1.0,1.0,0.9,0.8,0.8,0.8,0.8,1.0,0.0,18.0,1.0,1.0,0.9,5.4,5.4,5.4,5.4,1.0,0.0,18.0,1.0,1.0,0.9,5.01,5.01,5.01,5.01,1.0,0.0,18.0,1.0,1.0,0.9,33.6,33.6,33.6,33.6,1.0,0.0,18.0,1.0,1.0,0.9,-101.6,-101.6,-101.6,-101.6,1.0,0.0,18.0,1.0,1.0,0.9,85.3,85.3,85.3,85.3,1.0,0.0,18.0,1.0,1.0,0.9,-51.1,-51.1,-51.1,-51.1,1.0,0.0,18.0,1.0,1.0,0.9,42.8,42.8,42.8,42.8,1.0,0.0,18.0,1.0,1.0,0.9,-25.7,-25.7,-25.7,-25.7,1.0,0.0,18.0,1.0,1.0,0.9,21.6,21.6,21.6,21.6,1.0,0.0,18.0,1.0,1.0,0.9,301.0,301.0,301.0,301.0,1.0,0.0,18.0,1.0,1.0,0.9,300.0,300.0,300.0,300.0,1.0,0.0,18.0,1.0,1.0,0.9
1974,2,216.0,-31.0,25.2,25.2,25.2,25.2,1.0,0.0,10.0,0.0,0.5,0.2,22.93,23.2,23.47,23.2,2.0,0.57,8.0,0.0,0.5,0.4,14.07,14.67,15.27,14.67,2.0,1.25,8.0,0.0,0.5,0.4,81.0,83.0,85.0,83.0,2.0,4.1,8.0,0.0,0.4,4.17,5.4,6.63,5.4,2.0,2.55,8.0,0.0,0.5,0.4,-5.97,-3.55,-1.13,-3.55,2.0,5.01,8.0,0.0,0.5,0.4,-2.83,-1.17,0.48,-1.17,2.0,3.43,8.0,0.0,0.5,0.4,1014.89,1015.5,1016.11,1015.5,2.0,1.27,8.0,0.0,0.5,0.4,7.2,7.5,7.8,7.5,2.0,0.7,8.0,0.0,0.5,0.4,-43.0,-25.5,-8.1,-25.5,2.0,36.1,8.0,0.0,0.5,0.4,-9.5,-2.0,5.5,-2.0,2.0,15.5,8.0,0.0,0.5,0.4,2.4,2.4,2.4,2.4,1.0,0.0,10.0,0.0,0.5,0.2,8.6,8.6,8.6,8.6,1.0,0.0,10.0,0.0,0.5,0.2,6.16,6.16,6.16,6.16,1.0,0.0,10.0,0.0,0.5,0.2,22.2,22.2,22.2,22.2,1.0,0.0,10.0,0.0,0.5,0.2,-140.8,-83.7,-26.6,-83.7,2.0,118.3,8.0,0.0,0.5,0.4,-64.4,-26.3,11.8,-26.3,2.0,78.9,8.0,0.0,0.5,0.4,-92.8,-55.1,-17.5,-55.1,2.0,78.0,8.0,0.0,0.5,0.4,-38.7,-15.1,8.5,-15.1,2.0,48.8,8.0,0.0,0.5,0.4,0.0,0.0,0.0,0.0,1.0,0.0,10.0,0.0,0.5,0.2,-22.2,-22.2,-22.2,-22.2,1.0,0.0,10.0,0.0,0.5,0.2,98.5,210.0,321.5,210.0,2.0,231.0,8.0,0.0,0.5,0.4,100.0,210.0,320.0,210.0,2.0,230.0,8.0,0.0,0.5,0.4
1974,2,216.0,-30.0,25.23,27.0,27.14,26.2,3.0,1.56,16.0,0.0,0.6,0.3,23.65,24.2,24.88,24.27,3.0,0.9,16.0,0.0,0.6,0.3,12.08,15.18,16.23,14.18,3.0,3.16,16.0,0.0,0.6,0.3,65.8,84.5,85.1,75.7,3.0,16.0,16.0,0.0,0.3,5.1,5.1,6.19,5.63,3.0,0.92,16.0,0.0,0.6,0.3,-5.89,-5.02,-1.59,-3.77,3.0,3.33,16.0,0.0,0.6,0.3,-3.76,-0.89,1.28,-1.23,3.0,3.71,16.0,0.0,0.6,0.3,1020.25,1020.8,1022.03,1021.13,3.0,1.33,16.0,0.0,0.6,0.3,2.6,4.0,4.7,3.7,3.0,1.5,16.0,0.0,0.6,0.3,-36.9,-25.6,-8.1,-22.6,3.0,21.3,16.0,0.0,0.6,0.3,-19.2,-4.5,9.0,-5.1,3.0,20.7,16.0,0.0,0.6,0.3,0.71,1.8,3.17,1.93,3.0,1.8,16.0,0.0,0.6,0.3,3.8,9.2,16.1,10.0,3.0,9.0,16.0,0.0,0.6,0.3,5.96,7.23,7.95,6.96,3.0,1.48,16.0,0.0,0.6,0.3,30.4,36.9,49.6,39.9,3.0,14.3,16.0,0.0,0.6,0.3,-144.2,-126.6,-40.2,-93.0,3.0,81.5,16.0,0.0,0.6,0.3,-88.5,-22.3,30.8,-28.7,3.0,87.6,16.0,0.0,0.6,0.3,-78.6,-67.0,-21.3,-50.3,3.0,44.4,16.0,0.0,0.6,0.3,-57.6,-14.8,11.9,-22.6,3.0,51.3,16.0,0.0,0.6,0.3,-44.2,-27.0,-8.6,-26.4,3.0,26.1,16.0,0.0,0.6,0.3,-26.7,-4.8,11.5,-7.5,3.0,28.0,16.0,0.0,0.6,0.3,132.5,132.5,247.5,188.5,3.0,97.0,16.0,0.0,0.6,0.3,135.0,135.0,245.0,190.0,3.0,95.0,16.0,0.0,0.6,0.3
1974,2,216.0,-29.0,25.5,25.5,25.5,25.5,1.0,0.0,14.0,0.0,0.6,0.6,25.6,25.8,26.0,25.8,2.0,0.42,10.0,0.5,0.8,0.6,16.9,17.63,18.36,17.63,2.0,1.51,10.0,0.5,0.8,0.6,83.1,85.4,87.7,85.4,2.0,4.8,10.0,0.5,0.6,3.41,5.15,6.89,5.15,2.0,3.61,10.0,0.5,0.8,0.6,-0.54,0.22,0.98,0.22,2.0,1.57,10.0,0.5,0.8,0.6,-6.77,-5.01,-3.26,-5.01,2.0,3.63,10.0,0.5,0.8,0.6,1015.46,1017.3,1019.14,1017.3,2.0,3.82,10.0,0.5,0.8,0.6,2.2,2.5,2.8,2.5,2.0,0.7,10.0,0.5,0.8,0.6,-0.3,4.0,8.3,4.0,2.0,8.9,10.0,0.5,0.8,0.6,-50.1,-32.4,-14.6,-32.4,2.0,36.8,10.0,0.5,0.8,0.6,0.0,0.0,0.0,0.0,1.0,0.0,14.0,0.0,0.6,0.6,0.0,0.0,0.0,0.0,1.0,0.0,14.0,0.0,0.6,0.6,3.68,3.68,3.68,3.68,1.0,0.0,14.0,0.0,0.6,0.6,9.6,9.6,9.6,9.6,1.0,0.0,14.0,0.0,0.6,0.6,-13.5,6.1,25.8,6.1,2.0,40.7,10.0,0.5,0.8,0.6,-176.4,-130.1,-83.8,-130.1,2.0,95.9,10.0,0.5,0.8,0.6,-8.4,5.1,18.7,5.1,2.0,28.1,10.0,0.5,0.8,0.6,-125.7,-91.1,-56.5,-91.1,2.0,71.6,10.0,0.5,0.8,0.6,-3.3,-3.3,-3.3,-3.3,1.0,0.0,14.0,0.0,0.6,0.6,-9.0,-9.0,-9.0,-9.0,1.0,0.0,14.0,0.0,0.6,0.6,87.0,237.0,387.0,237.0,2.0,310.5,10.0,0.5,0.8,0.6,85.0,235.0,385.0,235.0,2.0,310.0,10.0,0.5,0.8,0.6
1974,2,216.0,-28.0,26.5,26.5,26.5,26.5,1.0,0.0,26.0,1.0,0.7,0.6,28.0,28.0,28.0,28.0,1.0,0.0,26.0,1.0,0.7,0.6,18.55,18.55,18.55,18.55,1.0,0.0,26.0,1.0,0.7,0.6,78.9,78.9,78.9,78.9,1.0,0.0,26.0,1.0,0.6,2.1,2.1,2.1,2.1,1.0,0.0,26.0,1.0,0.7,0.6,1.05,1.05,1.05,1.05,1.0,0.0,26.0,1.0,0.7,0.6,-1.82,-1.82,-1.82,-1.82,1.0,0.0,26.0,1.0,0.7,0.6,1016.2,1016.2,1016.2,1016.2,1.0,0.0,26.0,1.0,0.7,0.6,7.0,7.0,7.0,7.0,1.0,0.0,26.0,1.0,0.7,0.6,2.2,2.2,2.2,2.2,1.0,0.0,26.0,1.0,0.7,0.6,-3.8,-3.8,-3.8,-3.8,1.0,0.0,26.0,1.0,0.7,0.6,-1.5,-1.5,-1.5,-1.5,1.0,0.0,26.0,1.0,0.7,0.6,-3.1,-3.1,-3.1,-3.1,1.0,0.0,26.0,1.0,0.7,0.6,3.02,3.02,3.02,3.02,1.0,0.0,26.0,1.0,0.7,0.6,6.3,6.3,6.3,6.3,1.0,0.0,26.0,1.0,0.7,0.6,29.4,29.4,29.4,29.4,1.0,0.0,26.0,1.0,0.7,0.6,-50.9,-50.9,-50.9,-50.9,1.0,0.0,26.0,1.0,0.7,0.6,19.5,19.5,19.5,19.5,1.0,0.0,26.0,1.0,0.7,0.6,-33.7,-33.7,-33.7,-33.7,1.0,0.0,26.0,1.0,0.7,0.6,3.2,3.2,3.2,3.2,1.0,0.0,26.0,1.0,0.7,0.6,-5.5,-5.5,-5.5,-5.5,1.0,0.0,26.0,1.0,0.7,0.6,9.5,9.5,9.5,9.5,1.0,0.0,26.0,1.0,0.7,0.6,10.0,10.0,10.0,10.0,1.0,0.0,26.0,1.0,0.7,0.6
1974,2,216.0,-26.0,27.8,27.8,27.8,27.8,1.0,0.0,22.0,0.0,0.5,0.3,26.6,26.6,26.6,26.6,1.0,0.0,22.0,0.0,0.5,0.3,17.5,17.5,17.5,17.5,1.0,0.0,22.0,0.0,0.5,0.3,81.1,81.1,81.1,81.1,1.0,0.0,22.0,0.0,0.3,4.6,4.6,4.6,4.6,1.0,0.0,22.0,0.0,0.5,0.3,-4.32,-4.32,-4.32,-4.32,1.0,0.0,22.0,0.0,0.5,0.3,-1.57,-1.57,-1.57,-1.57,1.0,0.0,22.0,0.0,0.5,0.3,1019.6,1019.6,1019.6,1019.6,1.0,0.0,22.0,0.0,0.5,0.3,1.0,1.0,1.0,1.0,1.0,0.0,22.0,0.0,0.5,0.3,-19.9,-19.9,-19.9,-19.9,1.0,0.0,22.0,0.0,0.5,0.3,-7.2,-7.2,-7.2,-7.2,1.0,0.0,22.0,0.0,0.5,0.3,1.2,1.2,1.2,1.2,1.0,0.0,22.0,0.0,0.5,0.3,5.5,5.5,5.5,5.5,1.0,0.0,22.0,0.0,0.5,0.3,5.73,5.73,5.73,5.73,1.0,0.0,22.0,0.0,0.5,0.3,26.4,26.4,26.4,26.4,1.0,0.0,22.0,0.0,0.5,0.3,-115.0,-115.0,-115.0,-115.0,1.0,0.0,22.0,0.0,0.5,0.3,-41.8,-41.8,-41.8,-41.8,1.0,0.0,22.0,0.0,0.5,0.3,-75.7,-75.7,-75.7,-75.7,1.0,0.0,22.0,0.0,0.5,0.3,-27.5,-27.5,-27.5,-27.5,1.0,0.0,22.0,0.0,0.5,0.3,-24.8,-24.8,-24.8,-24.8,1.0,0.0,22.0,0.0,0.5,0.3,-9.0,-9.0,-9.0,-9.0,1.0,0.0,22.0,0.0,0.5,0.3,97.5,97.5,97.5,97.5,1.0,0.0,22.0,0.0,0.5,0.3,95.0,95.0,95.0,95.0,1.0,0.0,22.0,0.0,0.5,0.3
1974,2,216.0,-22.0,26.32,27.0,27.68,27.0,2.0,1.41,20.0,1.0,0.3,0.2,26.74,27.05,27.36,27.05,2.0,0.64,20.0,1.0,0.3,0.2,19.48,19.48,19.48,19.48,1.0,0.0,26.0,1.0,0.3,0.1,85.2,85.2,85.2,85.2,1.0,0.0,26.0,1.0,0.1,5.14,6.3,7.46,6.3,2.0,2.4,20.0,1.0,0.3,0.2,-7.46,-6.3,-5.14,-6.3,2.0,2.4,20.0,1.0,0.3,0.2,0.0,0.0,0.0,0.0,2.0,0.0,20.0,1.0,0.3,0.2,1013.21,1014.3,1015.39,1014.3,2.0,2.26,20.0,1.0,0.3,0.2,3.5,4.5,5.5,4.5,2.0,2.1,20.0,1.0,0.3,0.2,-57.2,-42.6,-28.0,-42.6,2.0,30.3,20.0,1.0,0.3,0.2,0.0,0.0,0.0,0.0,2.0,0.0,20.0,1.0,0.3,0.2,-1.04,-0.05,0.94,-0.05,2.0,2.05,20.0,1.0,0.3,0.2,-4.0,2.2,8.3,2.2,2.0,12.8,20.0,1.0,0.3,0.2,1.46,1.46,1.46,1.46,1.0,0.0,26.0,1.0,0.3,0.1,6.7,6.7,6.7,6.7,1.0,0.0,26.0,1.0,0.3,0.1,-199.1,-169.6,-140.2,-169.6,2.0,61.0,20.0,1.0,0.3,0.2,0.0,0.0,0.0,0.0,2.0,0.0,20.0,1.0,0.3,0.2,-89.6,-89.6,-89.6,-89.6,1.0,0.0,26.0,1.0,0.3,0.1,0.0,0.0,0.0,0.0,1.0,0.0,26.0,1.0,0.3,0.1,-6.7,-6.7,-6.7,-6.7,1.0,0.0,26.0,1.0,0.3,0.1,0.0,0.0,0.0,0.0,1.0,0.0,26.0,1.0,0.3,0.1,163.0,304.5,446.0,304.5,2.0,293.0,20.0,1.0,0.3,0.2,165.0,305.0,445.0,305.0,2.0,295.0,20.0,1.0,0.3,0.2
1974,2,216.0,-19.0,28.0,28.0,28.0,28.0,1.0,0.0,20.0,1.0,0.6,0.9,25.0,25.0,25.0,25.0,1.0,0.0,20.0,1.0,0.6,0.9,17.02,17.02,17.02,17.02,1.0,0.0,20.0,1.0,0.6,0.9,86.0,86.0,86.0,86.0,1.0,0.0,20.0,1.0,0.9,6.2,6.2,6.2,6.2,1.0,0.0,20.0,1.0,0.6,0.9,-5.83,-5.83,-5.83,-5.83,1.0,0.0,20.0,1.0,0.6,0.9,-2.12,-2.12,-2.12,-2.12,1.0,0.0,20.0,1.0,0.6,0.9,1011.0,1011.0,1011.0,1011.0,1.0,0.0,20.0,1.0,0.6,0.9,0.0,0.0,0.0,0.0,1.0,0.0,20.0,1.0,0.6,0.9,-36.1,-36.1,-36.1,-36.1,1.0,0.0,20.0,1.0,0.6,0.9,-13.1,-13.1,-13.1,-13.1,1.0,0.0,20.0,1.0,0.6,0.9,3.0,3.0,3.0,3.0,1.0,0.0,20.0,1.0,0.6,0.9,18.6,18.6,18.6,18.6,1.0,0.0,20.0,1.0,0.6,0.9,6.7,6.7,6.7,6.7,1.0,0.0,20.0,1.0,0.6,0.9,41.5,41.5,41.5,41.5,1.0,0.0,20.0,1.0,0.6,0.9,-145.7,-145.7,-145.7,-145.7,1.0,0.0,20.0,1.0,0.6,0.9,-53.0,-53.0,-53.0,-53.0,1.0,0.0,20.0,1.0,0.6,0.9,-99.1,-99.1,-99.1,-99.1,1.0,0.0,20.0,1.0,0.6,0.9,-36.1,-36.1,-36.1,-36.1,1.0,0.0,20.0,1.0,0.6,0.9,-39.0,-39.0,-39.0,-39.0,1.0,0.0,20.0,1.0,0.6,0.9,-14.2,-14.2,-14.2,-14.2,1.0,0.0,20.0,1.0,0.6,0.9,238.5,238.5,238.5,238.5,1.0,0.0,20.0,1.0,0.6,0.9,240.0,240.0,240.0,240.0,1.0,0.0,20.0,1.0,0.6,0.9
1974,2,216.0,-16.0,26.91,27.15,27.39,27.15,2.0,0.49,22.0,1.0,0.8,1.0,27.11,27.35,27.59,27.35,2.0,0.49,22.0,1.0,0.8,1.0,16.17,16.42,16.67,16.42,2.0,0.52,22.0,1.0,0.8,1.0,70.4,72.4,74.5,72.4,2.0,4.3,22.0,1.0,1.0,5.35,5.9,6.45,5.9,2.0,1.13,22.0,1.0,0.8,1.0,-6.06,-5.54,-5.03,-5.54,2.0,1.06,22.0,1.0,0.8,1.0,-1.1,0.27,1.65,0.27,2.0,2.85,22.0,1.0,0.8,1.0,1012.41,1012.85,1013.29,1012.85,2.0,0.92,22.0,1.0,0.8,1.0,1.8,3.5,5.2,3.5,2.0,3.5,22.0,1.0,0.8,1.0,-39.4,-33.3,-27.3,-33.3,2.0,12.5,22.0,1.0,0.8,1.0,-5.0,3.2,11.5,3.2,2.0,17.1,22.0,1.0,0.8,1.0,-0.2,-0.2,-0.2,-0.2,2.0,0.0,22.0,1.0,0.8,1.0,-1.3,-1.2,-1.1,-1.2,2.0,0.2,22.0,1.0,0.8,1.0,5.52,6.08,6.64,6.08,2.0,1.16,22.0,1.0,0.8,1.0,35.2,35.2,35.3,35.2,2.0,0.0,22.0,1.0,0.8,1.0,-164.1,-151.4,-138.7,-151.4,2.0,26.3,22.0,1.0,0.8,1.0,-30.8,6.8,44.4,6.8,2.0,77.9,22.0,1.0,0.8,1.0,-101.1,-91.3,-81.5,-91.3,2.0,20.3,22.0,1.0,0.8,1.0,-17.5,5.2,27.9,5.2,2.0,47.0,22.0,1.0,0.8,1.0,-33.1,-33.1,-33.1,-33.1,2.0,0.0,22.0,1.0,0.8,1.0,-8.2,0.0,8.2,0.0,2.0,17.0,22.0,1.0,0.8,1.0,159.5,216.5,274.0,216.5,2.0,119.0,22.0,1.0,0.8,1.0,160.0,215.0,275.0,215.0,2.0,120.0,22.0,1.0,0.8,1.0
1974,2,216.0,-13.0,26.7,26.7,26.7,26.7,1.0,0.0,8.0,1.0,0.6,0.8,27.5,27.5,27.5,27.5,1.0,0.0,8.0,1.0,0.6,0.8,17.32,17.32,17.32,17.32,1.0,0.0,8.0,1.0,0.6,0.8,75.6,75.6,75.6,75.6,1.0,0.0,8.0,1.0,0.8,3.6,3.6,3.6,3.6,1.0,0.0,8.0,1.0,0.6,0.8,-3.55,-3.55,-3.55,-3.55,1.0,0.0,8.0,1.0,0.6,0.8,-0.63,-0.63,-0.63,-0.63,1.0,0.0,8.0,1.0,0.6,0.8,1011.7,1011.7,1011.7,1011.7,1.0,0.0,8.0,1.0,0.6,0.8,4.0,4.0,4.0,4.0,1.0,0.0,8.0,1.0,0.6,0.8,-12.8,-12.8,-12.8,-12.8,1.0,0.0,8.0,1.0,0.6,0.8,-2.3,-2.3,-2.3,-2.3,1.0,0.0,8.0,1.0,0.6,0.8,-0.8,-0.8,-0.8,-0.8,1.0,0.0,8.0,1.0,0.6,0.8,-2.9,-2.9,-2.9,-2.9,1.0,0.0,8.0,1.0,0.6,0.8,4.61,4.61,4.61,4.61,1.0,0.0,8.0,1.0,0.6,0.8,16.6,16.6,16.6,16.6,1.0,0.0,8.0,1.0,0.6,0.8,-97.5,-97.5,-97.5,-97.5,1.0,0.0,8.0,1.0,0.6,0.8,-17.2,-17.2,-17.2,-17.2,1.0,0.0,8.0,1.0,0.6,0.8,-61.4,-61.4,-61.4,-61.4,1.0,0.0,8.0,1.0,0.6,0.8,-10.8,-10.8,-10.8,-10.8,1.0,0.0,8.0,1.0,0.6,0.8,-16.3,-16.3,-16.3,-16.3,1.0,0.0,8.0,1.0,0.6,0.8,-2.9,-2.9,-2.9,-2.9,1.0,0.0,8.0,1.0,0.6,0.8,46.5,46.5,46.5,46.5,1.0,0.0,8.0,1.0,0.6,0.8,45.0,45.0,45.0,45.0,1.0,0.0,8.0,1.0,0.6,0.8
1974,2,216.0,-12.0,26.63,28.0,28.68,27.67,3.0,1.53,16.0,0.3,0.7,0.3,25.59,26.0,29.21,27.37,3.0,2.9,16.0,0.3,0.7,0.3,16.49,16.61,19.7,18.06,3.0,2.67,16.0,0.3,0.7,0.3,77.0,78.1,80.8,78.9,3.0,2.8,16.0,0.3,0.3,4.26,4.6,7.06,5.63,3.0,2.24,16.0,0.3,0.7,0.3,-7.06,-4.6,-4.26,-5.63,3.0,2.24,16.0,0.3,0.7,0.3,0.0,0.0,0.0,0.0,3.0,0.0,16.0,0.3,0.7,0.3,1009.54,1010.7,1012.07,1010.8,3.0,1.85,16.0,0.3,0.7,0.3,2.3,3.0,3.7,3.0,3.0,1.0,16.0,0.3,0.7,0.3,-52.6,-21.2,-18.2,-35.1,3.0,27.9,16.0,0.3,0.7,0.3,0.0,0.0,0.0,0.0,3.0,0.0,16.0,0.3,0.7,0.3,-2.57,2.0,3.09,0.3,3.0,4.4,16.0,0.3,0.7,0.3,-23.7,8.2,13.9,-4.6,3.0,29.7,16.0,0.3,0.7,0.3,2.24,7.33,8.16,5.25,3.0,4.7,16.0,0.3,0.7,0.3,8.8,30.0,36.4,22.8,3.0,21.1,16.0,0.3,0.7,0.3,-208.9,-116.8,-109.9,-158.4,3.0,81.0,16.0,0.3,0.7,0.3,0.0,0.0,0.0,0.0,3.0,0.0,16.0,0.3,0.7,0.3,-142.6,-76.4,-70.2,-105.7,3.0,58.7,16.0,0.3,0.7,0.3,0.0,0.0,0.0,0.0,3.0,0.0,16.0,0.3,0.7,0.3,-36.4,-30.0,-8.8,-22.8,3.0,21.1,16.0,0.3,0.7,0.3,0.0,0.0,0.0,0.0,3.0,0.0,16.0,0.3,0.7,0.3,78.0,97.5,407.5,239.0,3.0,270.5,16.0,0.3,0.7,0.3,80.0,95.0,405.0,240.0,3.0,270.0,16.0,0.3,0.7,0.3
1974,2,216.0,-11.0,28.0,28.0,28.0,28.0,1.0,0.0,6.0,0.0,0.7,1.0,27.0,27.0,27.0,27.0,1.0,0.0,6.0,0.0,0.7,1.0,16.94,16.94,16.94,16.94,1.0,0.0,6.0,0.0,0.7,1.0,76.4,76.4,76.4,76.4,1.0,0.0,6.0,0.0,1.0,8.2,8.2,8.2,8.2,1.0,0.0,6.0,0.0,0.7,1.0,-8.2,-8.2,-8.2,-8.2,1.0,0.0,6.0,0.0,0.7,1.0,0.0,0.0,0.0,0.0,1.0,0.0,6.0,0.0,0.7,1.0,1015.5,1015.5,1015.5,1015.5,1.0,0.0,6.0,0.0,0.7,1.0,2.0,2.0,2.0,2.0,1.0,0.0,6.0,0.0,0.7,1.0,-67.2,-67.2,-67.2,-67.2,1.0,0.0,6.0,0.0,0.7,1.0,0.0,0.0,0.0,0.0,1.0,0.0,6.0,0.0,0.7,1.0,1.0,1.0,1.0,1.0,1.0,0.0,6.0,0.0,0.7,1.0,8.2,8.2,8.2,8.2,1.0,0.0,6.0,0.0,0.7,1.0,6.67,6.67,6.67,6.67,1.0,0.0,6.0,0.0,0.7,1.0,54.7,54.7,54.7,54.7,1.0,0.0,6.0,0.0,0.7,1.0,-221.4,-221.4,-221.4,-221.4,1.0,0.0,6.0,0.0,0.7,1.0,0.0,0.0,0.0,0.0,1.0,0.0,6.0,0.0,0.7,1.0,-138.9,-138.9,-138.9,-138.9,1.0,0.0,6.0,0.0,0.7,1.0,0.0,0.0,0.0,0.0,1.0,0.0,6.0,0.0,0.7,1.0,-54.7,-54.7,-54.7,-54.7,1.0,0.0,6.0,0.0,0.7,1.0,0.0,0.0,0.0,0.0,1.0,0.0,6.0,0.0,0.7,1.0,551.5,551.5,551.5,551.5,1.0,0.0,6.0,0.0,0.7,1.0,550.0,550.0,550.0,550.0,1.0,0.0,6.0,0.0,0.7,1.0
1974,2,216.0,-10.0,28.0,28.0,28.0,28.0,1.0,0.0,14.0,1.0,0.5,0.3,26.0,26.0,26.0,26.0,1.0,0.0,14.0,1.0,0.5,0.3,16.17,16.17,16.17,16.17,1.0,0.0,14.0,1.0,0.5,0.3,77.2,77.2,77.2,77.2,1.0,0.0,14.0,1.0,0.3,8.7,8.7,8.7,8.7,1.0,0.0,14.0,1.0,0.5,0.3,-8.57,-8.57,-8.57,-8.57,1.0,0.0,14.0,1.0,0.5,0.3,1.51,1.51,1.51,1.51,1.0,0.0,14.0,1.0,0.5,0.3,1012.8,1012.8,1012.8,1012.8,1.0,0.0,14.0,1.0,0.5,0.3,1.0,1.0,1.0,1.0,1.0,0.0,14.0,1.0,0.5,0.3,-74.5,-74.5,-74.5,-74.5,1.0,0.0,14.0,1.0,0.5,0.3,13.1,13.1,13.1,13.1,1.0,0.0,14.0,1.0,0.5,0.3,2.0,2.0,2.0,2.0,1.0,0.0,14.0,1.0,0.5,0.3,17.4,17.4,17.4,17.4,1.0,0.0,14.0,1.0,0.5,0.3,7.5,7.5,7.5,7.5,1.0,0.0,14.0,1.0,0.5,0.3,65.3,65.3,65.3,65.3,1.0,0.0,14.0,1.0,0.5,0.3,-222.8,-222.8,-222.8,-222.8,1.0,0.0,14.0,1.0,0.5,0.3,39.3,39.3,39.3,39.3,1.0,0.0,14.0,1.0,0.5,0.3,-138.5,-138.5,-138.5,-138.5,1.0,0.0,14.0,1.0,0.5,0.3,24.4,24.4,24.4,24.4,1.0,0.0,14.0,1.0,0.5,0.3,-64.3,-64.3,-64.3,-64.3,1.0,0.0,14.0,1.0,0.5,0.3,11.3,11.3,11.3,11.3,1.0,0.0,14.0,1.0,0.5,0.3,658.5,658.5,658.5,658.5,1.0,0.0,14.0,1.0,0.5,0.3,660.0,660.0,660.0,660.0,1.0,0.0,14.0,1.0,0.5,0.3
1974,2,216.0,-8.0,,,,,,,,,,,,,,,,,,,,,,,,,,,,,,,,,,,,,,,,5.1,5.1,5.1,5.1,1.0,0.0,2.0,0.0,0.8,1.0,-5.02,-5.02,-5.02,-5.02,1.0,0.0,2.0,0.0,0.8,1.0,0.89,0.89,0.89,0.89,1.0,0.0,2.0,0.0,0.8,1.0,1012.6,1012.6,1012.6,1012.6,1.0,0.0,2.0,0.0,0.8,1.0,1.0,1.0,1.0,1.0,1.0,0.0,2.0,0.0,0.8,1.0,-25.6,-25.6,-25.6,-25.6,1.0,0.0,2.0,0.0,0.8,1.0,4.5,4.5,4.5,4.5,1.0,0.0,2.0,0.0,0.8,1.0,,,,,,,,,,,,,,,,,,,,,,,,,,,,,,,,,,,,,,,,,-128.6,-128.6,-128.6,-128.6,1.0,0.0,2.0,0.0,0.8,1.0,22.7,22.7,22.7,22.7,1.0,0.0,2.0,0.0,0.8,1.0,-79.2,-79.2,-79.2,-79.2,1.0,0.0,2.0,0.0,0.8,1.0,14.0,14.0,14.0,14.0,1.0,0.0,2.0,0.0,0.8,1.0,,,,,,,,,,,,,,,,,,,,,,,,,,,,,,,,,,,,,,,,
1974,2,216.0,-5.0,26.0,26.0,26.0,26.0,1.0,0.0,14.0,0.0,0.3,1.0,24.8,24.8,24.8,24.8,1.0,0.0,14.0,0.0,0.3,1.0,16.41,16.41,16.41,16.41,1.0,0.0,14.0,0.0,0.3,1.0,83.9,83.9,83.9,83.9,1.0,0.0,14.0,0.0,1.0,6.2,6.2,6.2,6.2,1.0,0.0,14.0,0.0,0.3,1.0,-5.83,-5.83,-5.83,-5.83,1.0,0.0,14.0,0.0,0.3,1.0,2.12,2.12,2.12,2.12,1.0,0.0,14.0,0.0,0.3,1.0,1010.0,1010.0,1010.0,1010.0,1.0,0.0,14.0,0.0,0.3,1.0,4.0,4.0,4.0,4.0,1.0,0.0,14.0,0.0,0.3,1.0,-36.1,-36.1,-36.1,-36.1,1.0,0.0,14.0,0.0,0.3,1.0,13.1,13.1,13.1,13.1,1.0,0.0,14.0,0.0,0.3,1.0,1.2,1.2,1.2,1.2,1.0,0.0,14.0,0.0,0.3,1.0,7.4,7.4,7.4,7.4,1.0,0.0,14.0,0.0,0.3,1.0,4.65,4.65,4.65,4.65,1.0,0.0,14.0,0.0,0.3,1.0,28.8,28.8,28.8,28.8,1.0,0.0,14.0,0.0,0.3,1.0,-144.5,-144.5,-144.5,-144.5,1.0,0.0,14.0,0.0,0.3,1.0,52.6,52.6,52.6,52.6,1.0,0.0,14.0,0.0,0.3,1.0,-95.6,-95.6,-95.6,-95.6,1.0,0.0,14.0,0.0,0.3,1.0,34.8,34.8,34.8,34.8,1.0,0.0,14.0,0.0,0.3,1.0,-27.1,-27.1,-27.1,-27.1,1.0,0.0,14.0,0.0,0.3,1.0,9.9,9.9,9.9,9.9,1.0,0.0,14.0,0.0,0.3,1.0,238.5,238.5,238.5,238.5,1.0,0.0,14.0,0.0,0.3,1.0,240.0,240.0,240.0,240.0,1.0,0.0,14.0,0.0,0.3,1.0
1974,2,216.0,3.0,25.0,25.0,25.0,25.0,1.0,0.0,8.0,1.0,0.6,0.8,25.0,25.0,25.0,25.0,1.0,0.0,8.0,1.0,0.6,0.8,17.42,17.42,17.42,17.42,1.0,0.0,8.0,1.0,0.6,0.8,88.1,88.1,88.1,88.1,1.0,0.0,8.0,1.0,0.8,6.2,6.2,6.2,6.2,1.0,0.0,8.0,1.0,0.6,0.8,-6.11,-6.11,-6.11,-6.11,1.0,0.0,8.0,1.0,0.6,0.8,1.08,1.08,1.08,1.08,1.0,0.0,8.0,1.0,0.6,0.8,1012.3,1012.3,1012.3,1012.3,1.0,0.0,8.0,1.0,0.6,0.8,2.0,2.0,2.0,2.0,1.0,0.0,8.0,1.0,0.6,0.8,-37.9,-37.9,-37.9,-37.9,1.0,0.0,8.0,1.0,0.6,0.8,6.7,6.7,6.7,6.7,1.0,0.0,8.0,1.0,0.6,0.8,0.0,0.0,0.0,0.0,1.0,0.0,8.0,1.0,0.6,0.8,0.0,0.0,0.0,0.0,1.0,0.0,8.0,1.0,0.6,0.8,2.37,2.37,2.37,2.37,1.0,0.0,8.0,1.0,0.6,0.8,14.7,14.7,14.7,14.7,1.0,0.0,8.0,1.0,0.6,0.8,-152.6,-152.6,-152.6,-152.6,1.0,0.0,8.0,1.0,0.6,0.8,26.9,26.9,26.9,26.9,1.0,0.0,8.0,1.0,0.6,0.8,-106.3,-106.3,-106.3,-106.3,1.0,0.0,8.0,1.0,0.6,0.8,18.7,18.7,18.7,18.7,1.0,0.0,8.0,1.0,0.6,0.8,-14.5,-14.5,-14.5,-14.5,1.0,0.0,8.0,1.0,0.6,0.8,2.6,2.6,2.6,2.6,1.0,0.0,8.0,1.0,0.6,0.8,238.5,238.5,238.5,238.5,1.0,0.0,8.0,1.0,0.6,0.8,240.0,240.0,240.0,240.0,1.0,0.0,8.0,1.0,0.6,0.8
1974,2,216.0,6.0,25.6,25.6,25.6,25.6,1.0,0.0,18.0,0.0,0.4,0.4,25.5,25.5,25.5,25.5,1.0,0.0,18.0,0.0,0.4,0.4,18.0,18.0,18.0,18.0,1.0,0.0,18.0,0.0,0.4,0.4,88.2,88.2,88.2,88.2,1.0,0.0,18.0,0.0,0.4,9.3,9.3,9.3,9.3,1.0,0.0,18.0,0.0,0.4,0.4,-7.12,-7.12,-7.12,-7.12,1.0,0.0,18.0,0.0,0.4,0.4,-5.98,-5.98,-5.98,-5.98,1.0,0.0,18.0,0.0,0.4,0.4,1009.9,1009.9,1009.9,1009.9,1.0,0.0,18.0,0.0,0.4,0.4,4.0,4.0,4.0,4.0,1.0,0.0,18.0,0.0,0.4,0.4,-66.3,-66.3,-66.3,-66.3,1.0,0.0,18.0,0.0,0.4,0.4,-55.6,-55.6,-55.6,-55.6,1.0,0.0,18.0,0.0,0.4,0.4,0.1,0.1,0.1,0.1,1.0,0.0,18.0,0.0,0.4,0.4,0.9,0.9,0.9,0.9,1.0,0.0,18.0,0.0,0.4,0.4,2.57,2.57,2.57,2.57,1.0,0.0,18.0,0.0,0.4,0.4,23.9,23.9,23.9,23.9,1.0,0.0,18.0,0.0,0.4,0.4,-181.7,-181.7,-181.7,-181.7,1.0,0.0,18.0,0.0,0.4,0.4,-152.4,-152.4,-152.4,-152.4,1.0,0.0,18.0,0.0,0.4,0.4,-128.2,-128.2,-128.2,-128.2,1.0,0.0,18.0,0.0,0.4,0.4,-107.6,-107.6,-107.6,-107.6,1.0,0.0,18.0,0.0,0.4,0.4,-18.3,-18.3,-18.3,-18.3,1.0,0.0,18.0,0.0,0.4,0.4,-15.4,-15.4,-15.4,-15.4,1.0,0.0,18.0,0.0,0.4,0.4,804.5,804.5,804.5,804.5,1.0,0.0,18.0,0.0,0.4,0.4,805.0,805.0,805.0,805.0,1.0,0.0,18.0,0.0,0.4,0.4
1974,2,216.0,7.0,25.0,25.0,25.0,25.0,1.0,0.0,14.0,0.0,1.0,0.5,25.0,25.0,25.0,25.0,1.0,0.0,14.0,0.0,1.0,0.5,16.61,16.61,16.61,16.61,1.0,0.0,14.0,0.0,1.0,0.5,83.9,83.9,83.9,83.9,1.0,0.0,14.0,0.0,0.5,6.7,6.7,6.7,6.7,1.0,0.0,14.0,0.0,1.0,0.5,-6.6,-6.6,-6.6,-6.6,1.0,0.0,14.0,0.0,1.0,0.5,1.16,1.16,1.16,1.16,1.0,0.0,14.0,0.0,1.0,0.5,1010.5,1010.5,1010.5,1010.5,1.0,0.0,14.0,0.0,1.0,0.5,7.0,7.0,7.0,7.0,1.0,0.0,14.0,0.0,1.0,0.5,-44.2,-44.2,-44.2,-44.2,1.0,0.0,14.0,0.0,1.0,0.5,7.8,7.8,7.8,7.8,1.0,0.0,14.0,0.0,1.0,0.5,0.0,0.0,0.0,0.0,1.0,0.0,14.0,0.0,1.0,0.5,0.0,0.0,0.0,0.0,1.0,0.0,14.0,0.0,1.0,0.5,3.22,3.22,3.22,3.22,1.0,0.0,14.0,0.0,1.0,0.5,21.5,21.5,21.5,21.5,1.0,0.0,14.0,0.0,1.0,0.5,-165.0,-165.0,-165.0,-165.0,1.0,0.0,14.0,0.0,1.0,0.5,29.1,29.1,29.1,29.1,1.0,0.0,14.0,0.0,1.0,0.5,-109.6,-109.6,-109.6,-109.6,1.0,0.0,14.0,0.0,1.0,0.5,19.3,19.3,19.3,19.3,1.0,0.0,14.0,0.0,1.0,0.5,-21.2,-21.2,-21.2,-21.2,1.0,0.0,14.0,0.0,1.0,0.5,3.7,3.7,3.7,3.7,1.0,0.0,14.0,0.0,1.0,0.5,301.0,301.0,301.0,301.0,1.0,0.0,14.0,0.0,1.0,0.5,300.0,300.0,300.0,300.0,1.0,0.0,14.0,0.0,1.0,0.5
1974,2,216.0,10.0,27.0,27.0,27.0,27.0,1.0,0.0,16.0,0.0,0.1,0.6,24.5,24.5,24.5,24.5,1.0,0.0,16.0,0.0,0.1,0.6,16.85,16.85,16.85,16.85,1.0,0.0,16.0,0.0,0.1,0.6,88.1,88.1,88.1,88.1,1.0,0.0,16.0,0.0,0.6,11.3,11.3,11.3,11.3,1.0,0.0,16.0,0.0,0.1,0.6,-8.66,-8.66,-8.66,-8.66,1.0,0.0,16.0,0.0,0.1,0.6,-7.26,-7.26,-7.26,-7.26,1.0,0.0,16.0,0.0,0.1,0.6,1014.5,1014.5,1014.5,1014.5,1.0,0.0,16.0,0.0,0.1,0.6,7.0,7.0,7.0,7.0,1.0,0.0,16.0,0.0,0.1,0.6,-97.8,-97.8,-97.8,-97.8,1.0,0.0,16.0,0.0,0.1,0.6,-82.1,-82.1,-82.1,-82.1,1.0,0.0,16.0,0.0,0.1,0.6,2.5,2.5,2.5,2.5,1.0,0.0,16.0,0.0,0.1,0.6,28.3,28.3,28.3,28.3,1.0,0.0,16.0,0.0,0.1,0.6,5.41,5.41,5.41,5.41,1.0,0.0,16.0,0.0,0.1,0.6,61.2,61.2,61.2,61.2,1.0,0.0,16.0,0.0,0.1,0.6,-212.1,-212.1,-212.1,-212.1,1.0,0.0,16.0,0.0,0.1,0.6,-178.0,-178.0,-178.0,-178.0,1.0,0.0,16.0,0.0,0.1,0.6,-145.9,-145.9,-145.9,-145.9,1.0,0.0,16.0,0.0,0.1,0.6,-122.4,-122.4,-122.4,-122.4,1.0,0.0,16.0,0.0,0.1,0.6,-46.9,-46.9,-46.9,-46.9,1.0,0.0,16.0,0.0,0.1,0.6,-39.3,-39.3,-39.3,-39.3,1.0,0.0,16.0,0.0,0.1,0.6,1443.0,1443.0,1443.0,1443.0,1.0,0.0,16.0,0.0,0.1,0.6,1445.0,1445.0,1445.0,1445.0,1.0,0.0,16.0,0.0,0.1,0.6
1974,2,216.0,13.0,26.7,26.7,26.7,26.7,1.0,0.0,22.0,0.0,1.0,0.3,27.2,27.2,27.2,27.2,1.0,0.0,22.0,0.0,1.0,0.3,16.53,16.53,16.53,16.53,1.0,0.0,22.0,0.0,1.0,0.3,73.2,73.2,73.2,73.2,1.0,0.0,22.0,0.0,0.3,10.3,10.3,10.3,10.3,1.0,0.0,22.0,0.0,1.0,0.3,-8.92,-8.92,-8.92,-8.92,1.0,0.0,22.0,0.0,1.0,0.3,-5.15,-5.15,-5.15,-5.15,1.0,0.0,22.0,0.0,1.0,0.3,1009.1,1009.1,1009.1,1009.1,1.0,0.0,22.0,0.0,1.0,0.3,1.0,1.0,1.0,1.0,1.0,0.0,22.0,0.0,1.0,0.3,-91.9,-91.9,-91.9,-91.9,1.0,0.0,22.0,0.0,1.0,0.3,-53.0,-53.0,-53.0,-53.0,1.0,0.0,22.0,0.0,1.0,0.3,-0.5,-0.5,-0.5,-0.5,1.0,0.0,22.0,0.0,1.0,0.3,-5.1,-5.1,-5.1,-5.1,1.0,0.0,22.0,0.0,1.0,0.3,5.46,5.46,5.46,5.46,1.0,0.0,22.0,0.0,1.0,0.3,56.2,56.2,56.2,56.2,1.0,0.0,22.0,0.0,1.0,0.3,-242.6,-242.6,-242.6,-242.6,1.0,0.0,22.0,0.0,1.0,0.3,-140.1,-140.1,-140.1,-140.1,1.0,0.0,22.0,0.0,1.0,0.3,-147.5,-147.5,-147.5,-147.5,1.0,0.0,22.0,0.0,1.0,0.3,-85.1,-85.1,-85.1,-85.1,1.0,0.0,22.0,0.0,1.0,0.3,-48.7,-48.7,-48.7,-48.7,1.0,0.0,22.0,0.0,1.0,0.3,-28.1,-28.1,-28.1,-28.1,1.0,0.0,22.0,0.0,1.0,0.3,1092.5,1092.5,1092.5,1092.5,1.0,0.0,22.0,0.0,1.0,0.3,1095.0,1095.0,1095.0,1095.0,1.0,0.0,22.0,0.0,1.0,0.3
1974,2,216.0,14.0,24.65,25.2,25.75,25.2,2.0,1.13,16.0,1.0,0.5,0.3,24.24,24.75,25.26,24.75,2.0,1.06,16.0,1.0,0.5,0.3,15.07,15.88,16.69,15.88,2.0,1.68,16.0,1.0,0.5,0.3,80.1,81.7,83.3,81.7,2.0,3.3,16.0,1.0,0.3,11.55,12.1,12.65,12.1,2.0,1.13,16.0,1.0,0.5,0.3,-10.93,-10.51,-10.08,-10.51,2.0,0.88,16.0,1.0,0.5,0.3,-7.29,-5.13,-2.97,-5.13,2.0,4.48,16.0,1.0,0.5,0.3,1014.46,1014.8,1015.14,1014.8,2.0,0.71,16.0,1.0,0.5,0.3,3.3,4.0,4.7,4.0,2.0,1.4,16.0,1.0,0.5,0.3,-127.2,-126.6,-126.0,-126.6,2.0,1.2,16.0,1.0,0.5,0.3,-93.5,-64.6,-35.6,-64.6,2.0,60.0,16.0,1.0,0.5,0.3,0.42,0.45,0.48,0.45,2.0,0.07,16.0,1.0,0.5,0.3,5.2,5.4,5.6,5.4,2.0,0.3,16.0,1.0,0.5,0.3,3.98,4.12,4.27,4.12,2.0,0.3,16.0,1.0,0.5,0.3,46.1,50.1,54.1,50.1,2.0,8.3,16.0,1.0,0.5,0.3,-276.4,-260.5,-244.6,-260.5,2.0,33.0,16.0,1.0,0.5,0.3,-175.4,-124.5,-73.7,-124.5,2.0,105.3,16.0,1.0,0.5,0.3,-182.8,-167.5,-152.3,-167.5,2.0,31.6,16.0,1.0,0.5,0.3,-107.8,-77.7,-47.5,-77.7,2.0,62.5,16.0,1.0,0.5,0.3,-43.4,-43.2,-42.9,-43.2,2.0,0.5,16.0,1.0,0.5,0.3,-31.5,-21.8,-12.2,-21.8,2.0,20.0,16.0,1.0,0.5,0.3,1554.5,1795.0,2035.0,1795.0,2.0,497.5,16.0,1.0,0.5,0.3,1555.0,1795.0,2035.0,1795.0,2.0,500.0,16.0,1.0,0.5,0.3
1974,2,216.0,15.0,23.63,23.9,25.37,24.42,5.0,1.06,22.0,0.6,0.5,0.2,23.29,23.5,24.5,23.8,5.0,0.66,22.0,0.6,0.5,0.2,12.97,13.4,13.83,13.4,4.0,0.53,20.0,0.5,0.6,0.3,70.0,74.3,75.8,73.0,4.0,4.1,20.0,0.5,0.3,10.25,11.55,11.8,11.05,4.0,1.19,20.0,0.5,0.6,0.3,-11.39,-10.67,-9.44,-10.43,4.0,1.27,20.0,0.5,0.6,0.3,-4.61,-2.61,-2.0,-3.27,4.0,1.84,20.0,0.5,0.6,0.3,1013.73,1014.8,1016.06,1014.98,5.0,1.79,22.0,0.6,0.5,0.2,2.0,3.0,4.5,3.4,5.0,2.1,22.0,0.6,0.5,0.2,-131.7,-123.2,-100.0,-116.2,4.0,24.3,20.0,0.5,0.6,0.3,-50.6,-26.9,-23.1,-36.4,4.0,22.4,20.0,0.5,0.6,0.3,-0.17,0.8,1.5,0.62,5.0,1.04,22.0,0.6,0.5,0.2,-4.9,6.1,13.4,4.3,4.0,12.2,20.0,0.5,0.6,0.3,4.9,5.23,6.16,5.52,4.0,1.03,20.0,0.5,0.6,0.3,51.8,61.7,70.8,61.3,4.0,14.8,20.0,0.5,0.6,0.3,-279.0,-254.4,-219.5,-249.5,4.0,36.4,20.0,0.5,0.6,0.3,-106.8,-62.3,-49.1,-77.2,4.0,41.1,20.0,0.5,0.6,0.3,-152.5,-141.7,-126.5,-139.6,4.0,16.2,20.0,0.5,0.6,0.3,-61.4,-35.4,-26.8,-43.7,4.0,24.0,20.0,0.5,0.6,0.3,-69.7,-57.1,-46.6,-58.1,4.0,15.7,20.0,0.5,0.6,0.3,-23.2,-14.2,-12.1,-17.5,4.0,9.1,20.0,0.5,0.6,0.3,1108.5,1543.0,1643.0,1383.5,4.0,397.5,20.0,0.5,0.6,0.3,1110.0,1545.0,1645.0,1385.0,4.0,395.0,20.0,0.5,0.6,0.3
1974,2,216.0,16.0,24.0,24.0,24.0,24.0,1.0,0.0,28.0,1.0,0.8,0.8,22.4,22.4,22.4,22.4,1.0,0.0,28.0,1.0,0.8,0.8,13.46,13.46,13.46,13.46,1.0,0.0,28.0,1.0,0.8,0.8,80.1,80.1,80.1,80.1,1.0,0.0,28.0,1.0,0.8,5.1,5.1,5.1,5.1,1.0,0.0,28.0,1.0,0.8,0.8,0.89,0.89,0.89,0.89,1.0,0.0,28.0,1.0,0.8,0.8,-5.02,-5.02,-5.02,-5.02,1.0,0.0,28.0,1.0,0.8,0.8,1014.9,1014.9,1014.9,1014.9,1.0,0.0,28.0,1.0,0.8,0.8,2.0,2.0,2.0,2.0,1.0,0.0,28.0,1.0,0.8,0.8,4.5,4.5,4.5,4.5,1.0,0.0,28.0,1.0,0.8,0.8,-25.6,-25.6,-25.6,-25.6,1.0,0.0,28.0,1.0,0.8,0.8,1.6,1.6,1.6,1.6,1.0,0.0,28.0,1.0,0.8,0.8,8.2,8.2,8.2,8.2,1.0,0.0,28.0,1.0,0.8,0.8,5.12,5.12,5.12,5.12,1.0,0.0,28.0,1.0,0.8,0.8,26.1,26.1,26.1,26.1,1.0,0.0,28.0,1.0,0.8,0.8,19.8,19.8,19.8,19.8,1.0,0.0,28.0,1.0,0.8,0.8,-112.5,-112.5,-112.5,-112.5,1.0,0.0,28.0,1.0,0.8,0.8,11.9,11.9,11.9,11.9,1.0,0.0,28.0,1.0,0.8,0.8,-67.6,-67.6,-67.6,-67.6,1.0,0.0,28.0,1.0,0.8,0.8,4.5,4.5,4.5,4.5,1.0,0.0,28.0,1.0,0.8,0.8,-25.7,-25.7,-25.7,-25.7,1.0,0.0,28.0,1.0,0.8,0.8,132.5,132.5,132.5,132.5,1.0,0.0,28.0,1.0,0.8,0.8,135.0,135.0,135.0,135.0,1.0,0.0,28.0,1.0,0.8,0.8
1974,2,216.0,17.0,23.9,23.9,23.97,23.93,3.0,0.06,14.0,0.7,0.5,0.9,21.89,22.2,24.14,22.98,4.0,1.97,12.0,0.8,0.6,0.9,14.02,14.43,14.83,14.43,2.0,0.84,14.0,1.0,1.0,0.8,70.4,78.6,86.8,78.6,2.0,17.1,14.0,1.0,0.8,7.41,9.55,10.06,8.78,4.0,2.09,12.0,0.8,0.6,0.9,-9.46,-9.18,-4.36,-7.01,4.0,4.68,12.0,0.8,0.6,0.9,-4.66,-3.44,-2.44,-3.55,4.0,1.67,12.0,0.8,0.6,0.9,1012.95,1015.4,1018.06,1015.5,4.0,2.95,12.0,0.8,0.6,0.9,3.0,4.5,6.0,4.5,4.0,1.7,12.0,0.8,0.6,0.9,-95.2,-87.7,-40.6,-68.8,4.0,46.2,12.0,0.8,0.6,0.9,-34.6,-32.7,-23.3,-29.2,4.0,9.6,12.0,0.8,0.6,0.9,1.7,1.7,2.18,1.93,3.0,0.4,14.0,0.7,0.5,0.9,12.2,17.5,21.6,16.9,3.0,6.9,14.0,0.7,0.5,0.9,3.38,3.38,3.38,3.38,1.0,0.0,20.0,1.0,1.0,0.8,34.8,34.8,34.8,34.8,1.0,0.0,20.0,1.0,1.0,0.8,-226.6,-206.9,-94.7,-162.7,4.0,109.6,12.0,0.8,0.6,0.9,-103.5,-75.3,-56.4,-79.7,4.0,35.0,12.0,0.8,0.6,0.9,-142.4,-136.0,-129.6,-136.0,2.0,13.2,14.0,1.0,1.0,0.8,-48.1,-37.6,-27.2,-37.6,2.0,21.6,14.0,1.0,1.0,0.8,-32.7,-32.7,-32.7,-32.7,1.0,0.0,20.0,1.0,1.0,0.8,-11.9,-11.9,-11.9,-11.9,1.0,0.0,20.0,1.0,1.0,0.8,480.0,873.0,1020.5,756.0,4.0,398.5,12.0,0.8,0.6,0.9,480.0,875.0,1020.0,755.0,4.0,400.0,12.0,0.8,0.6,0.9
1974,2,216.0,18.0,22.48,23.15,23.67,23.08,4.0,0.83,14.0,0.0,0.6,0.5,21.13,21.5,23.37,22.14,5.0,1.3,14.0,0.2,0.7,0.5,13.2,13.62,15.81,14.46,4.0,2.01,14.0,0.0,0.6,0.5,84.0,88.1,92.7,88.4,4.0,5.2,14.0,0.0,0.5,7.68,9.3,10.35,9.03,4.0,2.11,14.0,0.0,0.6,0.5,-9.92,-8.95,-6.97,-8.47,4.0,2.22,14.0,0.0,0.6,0.5,-3.54,-3.14,-2.32,-2.94,4.0,0.95,14.0,0.0,0.6,0.5,1017.05,1018.0,1020.11,1018.46,5.0,2.28,14.0,0.2,0.7,0.5,3.3,5.0,6.0,4.6,5.0,1.7,14.0,0.2,0.7,0.5,-103.4,-83.2,-56.1,-79.9,4.0,35.6,14.0,0.0,0.6,0.5,-37.0,-24.4,-17.0,-26.9,4.0,12.8,14.0,0.0,0.6,0.5,-0.33,1.8,2.57,1.15,4.0,2.19,14.0,0.0,0.6,0.5,-3.1,16.3,21.3,9.4,4.0,19.1,14.0,0.0,0.6,0.5,1.49,4.37,4.49,3.05,4.0,2.73,14.0,0.0,0.6,0.5,8.2,33.8,45.4,27.1,4.0,26.2,14.0,0.0,0.6,0.5,-217.8,-203.3,-152.8,-186.1,4.0,50.3,14.0,0.0,0.6,0.5,-79.3,-70.7,-49.2,-64.5,4.0,21.1,14.0,0.0,0.6,0.5,-146.5,-130.6,-97.0,-122.2,4.0,33.8,14.0,0.0,0.6,0.5,-53.3,-47.3,-31.9,-42.8,4.0,15.2,14.0,0.0,0.6,0.5,-43.5,-31.6,-6.7,-25.4,4.0,24.9,14.0,0.0,0.6,0.5,-15.7,-10.4,-1.5,-8.7,4.0,9.1,14.0,0.0,0.6,0.5,508.0,804.5,1139.0,822.5,4.0,492.0,14.0,0.0,0.6,0.5,510.0,805.0,1140.0,820.0,4.0,490.0,14.0,0.0,0.6,0.5
1974,2,216.0,19.0,23.33,23.4,23.81,23.57,3.0,0.38,20.0,0.7,0.6,0.5,21.51,22.4,22.67,22.1,3.0,0.89,20.0,0.7,0.6,0.5,13.11,15.59,16.08,14.61,3.0,2.34,20.0,0.7,0.6,0.5,81.6,90.7,95.0,88.4,3.0,10.0,20.0,0.7,0.5,4.42,5.1,7.97,6.17,3.0,2.76,20.0,0.7,0.6,0.5,-6.46,-5.02,-4.22,-5.33,3.0,1.66,20.0,0.7,0.6,0.5,-4.53,-1.4,-1.05,-2.76,3.0,2.8,20.0,0.7,0.6,0.5,1017.32,1018.0,1019.37,1018.33,3.0,1.53,20.0,0.7,0.6,0.5,2.3,3.0,5.0,3.7,3.0,2.1,20.0,0.7,0.6,0.5,-53.4,-25.6,-18.9,-35.9,3.0,26.8,20.0,0.7,0.6,0.5,-39.8,-5.7,-4.9,-22.0,3.0,29.1,20.0,0.7,0.6,0.5,0.85,1.6,2.08,1.47,3.0,0.91,20.0,0.7,0.6,0.5,5.8,8.2,9.0,7.4,3.0,2.5,20.0,0.7,0.6,0.5,2.18,2.24,4.72,3.42,3.0,2.12,20.0,0.7,0.6,0.5,14.1,20.0,22.8,18.5,3.0,6.5,20.0,0.7,0.6,0.5,-146.6,-112.5,-91.2,-118.7,3.0,40.9,20.0,0.7,0.6,0.5,-102.4,-29.6,-22.9,-61.9,3.0,64.6,20.0,0.7,0.6,0.5,-101.8,-81.9,-57.4,-79.7,3.0,32.6,20.0,0.7,0.6,0.5,-69.0,-16.8,-15.2,-41.5,3.0,44.8,20.0,0.7,0.6,0.5,-20.3,-15.3,-12.5,-16.4,3.0,5.8,20.0,0.7,0.6,0.5,-11.4,-8.2,-4.0,-7.7,3.0,5.5,20.0,0.7,0.6,0.5,89.0,132.5,591.0,335.5,3.0,407.5,20.0,0.7,0.6,0.5,90.0,135.0,590.0,335.0,3.0,405.0,20.0,0.7,0.6,0.5
1974,2,216.0,20.0,22.9,23.0,23.47,23.18,4.0,0.49,20.0,0.5,0.5,0.7,20.7,21.7,22.37,21.56,5.0,1.11,20.0,0.4,0.5,0.6,9.98,12.55,12.77,11.52,5.0,1.82,20.0,0.4,0.5,0.6,66.6,74.3,78.5,72.3,5.0,9.4,20.0,0.4,0.6,7.47,10.3,10.48,9.16,5.0,1.93,20.0,0.4,0.5,0.6,-9.85,-9.68,-7.47,-8.78,5.0,1.62,20.0,0.4,0.5,0.6,-3.59,-3.52,0.0,-2.15,5.0,1.96,20.0,0.4,0.5,0.6,1016.79,1018.5,1022.15,1019.12,5.0,3.17,20.0,0.4,0.5,0.6,2.9,5.5,6.0,4.5,4.0,2.4,20.0,0.5,0.4,0.6,-103.3,-99.7,-56.7,-82.9,5.0,29.6,20.0,0.4,0.5,0.6,-37.6,-36.3,0.0,-22.5,5.0,20.6,20.0,0.4,0.5,0.6,0.81,1.95,2.62,1.73,4.0,1.27,20.0,0.5,0.5,0.7,8.3,17.8,18.3,13.5,4.0,9.0,20.0,0.5,0.5,0.7,5.09,6.05,7.62,6.34,4.0,1.62,20.0,0.5,0.5,0.7,42.8,46.9,69.3,55.6,4.0,21.3,20.0,0.5,0.5,0.7,-222.9,-204.2,-158.2,-190.4,5.0,41.5,20.0,0.4,0.5,0.6,-81.1,-74.3,0.0,-47.3,5.0,43.3,20.0,0.4,0.5,0.6,-123.9,-106.6,-77.6,-101.3,5.0,25.8,20.0,0.4,0.5,0.6,-45.1,-30.5,0.0,-24.3,5.0,23.0,20.0,0.4,0.5,0.6,-65.1,-45.4,-42.8,-53.6,4.0,19.0,20.0,0.5,0.5,0.7,-23.7,-8.5,0.0,-11.7,4.0,14.5,20.0,0.5,0.5,0.7,437.0,1092.5,1153.5,847.0,5.0,432.5,20.0,0.4,0.5,0.6,435.0,1095.0,1155.0,845.0,5.0,435.0,20.0,0.4,0.5,0.6
1974,2,216.0,21.0,22.0,23.0,23.98,23.01,15.0,1.17,20.0,0.5,0.7,0.3,21.0,21.7,23.0,22.15,15.0,1.54,20.0,0.5,0.7,0.3,10.96,11.87,13.23,11.97,15.0,1.09,20.0,0.5,0.7,0.3,65.5,72.3,82.4,73.1,15.0,9.1,20.0,0.5,0.3,5.59,8.2,14.52,9.67,16.0,4.29,20.0,0.5,0.7,0.3,-13.88,-7.58,-5.42,-9.23,16.0,4.18,20.0,0.5,0.7,0.3,-4.81,-1.56,0.0,-2.0,16.0,2.35,20.0,0.5,0.7,0.3,1018.23,1020.0,1022.48,1020.33,16.0,2.17,20.0,0.5,0.7,0.3,2.0,4.0,6.6,4.1,16.0,2.3,20.0,0.5,0.7,0.3,-201.6,-62.0,-31.6,-105.9,16.0,88.6,20.0,0.5,0.7,0.3,-47.3,-14.0,0.0,-22.4,16.0,30.3,20.0,0.5,0.7,0.3,-0.79,0.75,1.97,0.81,14.0,1.73,20.0,0.5,0.7,0.3,-7.6,9.1,17.8,6.9,14.0,13.9,20.0,0.5,0.7,0.3,3.8,4.48,7.39,5.36,14.0,1.98,20.0,0.5,0.7,0.3,31.3,43.6,98.4,57.8,14.0,39.1,20.0,0.5,0.7,0.3,-296.4,-180.0,-155.4,-215.0,15.0,97.7,20.0,0.5,0.7,0.3,-104.0,-37.6,0.0,-45.3,15.0,53.7,20.0,0.5,0.7,0.3,-158.4,-99.7,-82.4,-114.3,15.0,44.4,20.0,0.5,0.7,0.3,-65.2,-22.7,0.0,-25.4,15.0,30.0,20.0,0.5,0.7,0.3,-85.7,-40.3,-28.5,-55.5,14.0,38.8,20.0,0.5,0.7,0.3,-16.1,-8.9,0.0,-9.9,14.0,14.2,20.0,0.5,0.7,0.3,202.5,557.5,3071.0,1429.0,16.0,1602.0,20.0,0.5,0.7,0.3,200.0,560.0,3070.0,1430.0,16.0,1600.0,20.0,0.5,0.7,0.3
1974,2,216.0,22.0,22.1,23.05,23.95,23.03,4.0,1.07,18.0,0.3,0.2,0.5,20.0,20.3,23.43,21.65,4.0,2.91,18.0,0.3,0.2,0.5,11.41,12.05,12.82,12.11,3.0,1.03,20.0,0.0,0.1,0.4,78.2,80.3,87.7,82.9,3.0,7.3,20.0,0.0,0.4,4.34,5.9,7.72,6.03,4.0,1.99,18.0,0.3,0.2,0.5,-7.52,-5.65,-4.18,-5.84,4.0,2.01,18.0,0.3,0.2,0.5,-1.96,-0.7,0.42,-0.77,4.0,1.45,18.0,0.3,0.2,0.5,1017.74,1019.0,1021.36,1019.53,4.0,2.32,18.0,0.3,0.2,0.5,1.6,3.0,6.4,4.0,3.0,3.6,18.0,0.3,0.3,0.4,-58.4,-34.8,-18.2,-38.1,4.0,24.2,18.0,0.3,0.2,0.5,-12.0,-2.9,1.9,-5.0,4.0,9.4,18.0,0.3,0.2,0.5,-1.05,2.75,3.67,1.38,4.0,3.66,18.0,0.3,0.2,0.5,-3.2,15.8,23.7,10.5,4.0,20.3,18.0,0.3,0.2,0.5,5.37,5.41,6.06,5.71,3.0,0.57,20.0,0.0,0.1,0.4,30.0,38.5,42.5,36.3,3.0,9.3,20.0,0.0,0.1,0.4,-150.3,-126.5,-97.7,-124.1,4.0,35.4,18.0,0.3,0.2,0.5,-39.6,-14.4,10.9,-14.3,4.0,30.9,18.0,0.3,0.2,0.5,-90.4,-89.1,-60.0,-75.5,3.0,25.2,20.0,0.0,0.1,0.4,-27.5,-16.9,-5.4,-16.4,3.0,16.2,20.0,0.0,0.1,0.4,-41.8,-36.2,-28.2,-35.0,3.0,10.0,20.0,0.0,0.1,0.4,-11.8,-8.9,-2.8,-7.4,3.0,6.7,20.0,0.0,0.1,0.4,82.5,235.5,466.5,272.5,4.0,231.0,18.0,0.3,0.2,0.5,80.0,235.0,465.0,275.0,4.0,230.0,18.0,0.3,0.2,0.5
1974,2,216.0,23.0,20.19,20.6,21.69,20.93,3.0,1.14,20.0,0.0,0.7,0.7,17.96,19.6,20.56,19.27,3.0,1.92,20.0,0.0,0.7,0.7,11.51,11.57,11.93,11.72,3.0,0.33,20.0,0.0,0.7,0.7,78.8,86.0,92.2,85.5,3.0,9.8,20.0,0.0,0.7,5.1,5.1,6.19,5.63,3.0,0.92,20.0,0.0,0.7,0.7,-6.09,-4.79,-4.54,-5.3,3.0,1.22,20.0,0.0,0.7,0.7,-2.29,-1.74,-0.55,-1.43,3.0,1.3,20.0,0.0,0.7,0.7,1020.3,1020.5,1020.64,1020.47,3.0,0.25,20.0,0.0,0.7,0.7,0.5,1.5,2.5,1.5,2.0,2.1,22.0,0.0,0.5,0.8,-38.4,-24.4,-23.1,-30.6,3.0,12.4,20.0,0.0,0.7,0.7,-11.7,-8.9,-2.8,-7.3,3.0,6.6,20.0,0.0,0.7,0.7,-0.37,1.0,3.73,1.67,3.0,3.06,20.0,0.0,0.7,0.7,-1.4,6.7,19.5,9.0,3.0,15.4,20.0,0.0,0.7,0.7,2.88,2.89,4.37,3.6,3.0,1.25,20.0,0.0,0.7,0.7,16.1,19.4,23.7,19.9,3.0,5.6,20.0,0.0,0.7,0.7,-121.6,-100.6,-83.8,-102.6,3.0,27.7,20.0,0.0,0.7,0.7,-41.6,-36.6,-11.6,-26.8,3.0,23.5,20.0,0.0,0.7,0.7,-72.9,-55.4,-52.2,-62.4,3.0,16.3,20.0,0.0,0.7,0.7,-26.4,-20.2,-6.4,-16.5,3.0,15.0,20.0,0.0,0.7,0.7,-21.4,-19.4,-15.5,-18.5,3.0,4.4,20.0,0.0,0.7,0.7,-10.4,-5.0,-1.6,-6.0,3.0,6.5,20.0,0.0,0.7,0.7,132.5,132.5,247.5,188.5,3.0,97.0,20.0,0.0,0.7,0.7,135.0,135.0,245.0,190.0,3.0,95.0,20.0,0.0,0.7,0.7
1974,2,216.0,24.0,22.0,22.0,22.0,22.0,1.0,0.0,26.0,1.0,1.0,0.3,25.0,25.0,25.0,25.0,1.0,0.0,26.0,1.0,1.0,0.3,12.71,12.71,12.71,12.71,1.0,0.0,26.0,1.0,1.0,0.3,65.1,65.1,65.1,65.1,1.0,0.0,26.0,1.0,0.3,7.2,7.2,7.2,7.2,1.0,0.0,26.0,1.0,1.0,0.3,-7.2,-7.2,-7.2,-7.2,1.0,0.0,26.0,1.0,1.0,0.3,0.0,0.0,0.0,0.0,1.0,0.0,26.0,1.0,1.0,0.3,1021.7,1021.7,1021.7,1021.7,1.0,0.0,26.0,1.0,1.0,0.3,8.0,8.0,8.0,8.0,1.0,0.0,26.0,1.0,1.0,0.3,-51.8,-51.8,-51.8,-51.8,1.0,0.0,26.0,1.0,1.0,0.3,0.0,0.0,0.0,0.0,1.0,0.0,26.0,1.0,1.0,0.3,-3.0,-3.0,-3.0,-3.0,1.0,0.0,26.0,1.0,1.0,0.3,-21.6,-21.6,-21.6,-21.6,1.0,0.0,26.0,1.0,1.0,0.3,3.61,3.61,3.61,3.61,1.0,0.0,26.0,1.0,1.0,0.3,26.0,26.0,26.0,26.0,1.0,0.0,26.0,1.0,1.0,0.3,-180.0,-180.0,-180.0,-180.0,1.0,0.0,26.0,1.0,1.0,0.3,0.0,0.0,0.0,0.0,1.0,0.0,26.0,1.0,1.0,0.3,-91.5,-91.5,-91.5,-91.5,1.0,0.0,26.0,1.0,1.0,0.3,0.0,0.0,0.0,0.0,1.0,0.0,26.0,1.0,1.0,0.3,-26.0,-26.0,-26.0,-26.0,1.0,0.0,26.0,1.0,1.0,0.3,0.0,0.0,0.0,0.0,1.0,0.0,26.0,1.0,1.0,0.3,373.0,373.0,373.0,373.0,1.0,0.0,26.0,1.0,1.0,0.3,375.0,375.0,375.0,375.0,1.0,0.0,26.0,1.0,1.0,0.3
1974,2,216.0,25.0,22.2,22.2,22.2,22.2,1.0,0.0,10.0,1.0,1.0,0.7,21.1,21.1,21.1,21.1,1.0,0.0,10.0,1.0,1.0,0.7,8.61,8.61,8.61,8.61,1.0,0.0,10.0,1.0,1.0,0.7,56.0,56.0,56.0,56.0,1.0,0.0,10.0,1.0,0.7,6.2,6.2,6.2,6.2,1.0,0.0,10.0,1.0,1.0,0.7,-3.99,-3.99,-3.99,-3.99,1.0,0.0,10.0,1.0,1.0,0.7,-4.75,-4.75,-4.75,-4.75,1.0,0.0,10.0,1.0,1.0,0.7,1021.9,1021.9,1021.9,1021.9,1.0,0.0,10.0,1.0,1.0,0.7,8.0,8.0,8.0,8.0,1.0,0.0,10.0,1.0,1.0,0.7,-24.7,-24.7,-24.7,-24.7,1.0,0.0,10.0,1.0,1.0,0.7,-29.4,-29.4,-29.4,-29.4,1.0,0.0,10.0,1.0,1.0,0.7,1.1,1.1,1.1,1.1,1.0,0.0,10.0,1.0,1.0,0.7,6.8,6.8,6.8,6.8,1.0,0.0,10.0,1.0,1.0,0.7,7.91,7.91,7.91,7.91,1.0,0.0,10.0,1.0,1.0,0.7,49.0,49.0,49.0,49.0,1.0,0.0,10.0,1.0,1.0,0.7,-84.1,-84.1,-84.1,-84.1,1.0,0.0,10.0,1.0,1.0,0.7,-100.2,-100.2,-100.2,-100.2,1.0,0.0,10.0,1.0,1.0,0.7,-34.3,-34.3,-34.3,-34.3,1.0,0.0,10.0,1.0,1.0,0.7,-40.9,-40.9,-40.9,-40.9,1.0,0.0,10.0,1.0,1.0,0.7,-31.5,-31.5,-31.5,-31.5,1.0,0.0,10.0,1.0,1.0,0.7,-37.6,-37.6,-37.6,-37.6,1.0,0.0,10.0,1.0,1.0,0.7,238.5,238.5,238.5,238.5,1.0,0.0,10.0,1.0,1.0,0.7,240.0,240.0,240.0,240.0,1.0,0.0,10.0,1.0,1.0,0.7
1974,2,216.0,26.0,20.0,20.85,21.09,20.48,8.0,1.19,14.0,0.1,0.5,0.5,18.56,19.1,19.49,19.08,8.0,0.62,14.0,0.1,0.5,0.5,8.75,9.66,11.85,10.26,8.0,1.62,14.0,0.1,0.5,0.5,68.4,71.2,89.5,75.5,8.0,11.4,14.0,0.1,0.5,6.31,8.2,8.64,7.45,8.0,1.82,14.0,0.1,0.5,0.5,-8.63,-6.26,-3.1,-5.9,8.0,3.14,14.0,0.1,0.5,0.5,-4.94,-1.06,1.27,-1.61,8.0,3.76,14.0,0.1,0.5,0.5,1020.17,1022.1,1023.27,1022.45,8.0,2.59,14.0,0.1,0.5,0.5,4.1,6.0,8.0,5.8,8.0,2.4,14.0,0.1,0.5,0.5,-74.6,-48.2,-12.8,-46.4,8.0,30.4,14.0,0.1,0.5,0.5,-39.9,-4.2,10.4,-11.8,8.0,30.1,14.0,0.1,0.5,0.5,0.07,1.6,2.88,1.4,8.0,1.29,14.0,0.1,0.5,0.5,0.6,8.6,23.4,10.2,8.0,10.5,14.0,0.1,0.5,0.5,2.32,5.48,6.61,4.62,8.0,2.27,14.0,0.1,0.5,0.5,10.4,39.7,54.3,35.8,8.0,20.1,14.0,0.1,0.5,0.5,-167.1,-117.4,-60.2,-113.6,8.0,61.4,14.0,0.1,0.5,0.5,-94.0,-20.4,24.1,-30.0,8.0,69.2,14.0,0.1,0.5,0.5,-79.2,-66.3,-38.1,-60.3,8.0,31.6,14.0,0.1,0.5,0.5,-46.7,-10.0,12.5,-14.2,8.0,36.3,14.0,0.1,0.5,0.5,-44.0,-32.5,-5.0,-26.6,8.0,20.0,14.0,0.1,0.5,0.5,-34.5,-2.6,2.5,-12.5,8.0,22.0,14.0,0.1,0.5,0.5,253.5,551.5,646.5,472.0,8.0,242.0,14.0,0.1,0.5,0.5,255.0,550.0,645.0,470.0,8.0,240.0,14.0,0.1,0.5,0.5
1974,2,216.0,27.0,20.69,21.15,21.62,21.19,16.0,0.75,18.0,0.9,0.5,0.5,19.03,20.0,21.16,20.05,15.0,1.57,16.0,0.9,0.5,0.4,9.69,10.6,12.68,10.94,14.0,1.74,18.0,0.9,0.5,0.4,64.5,73.4,82.1,74.4,14.0,9.3,18.0,0.9,0.4,5.23,7.7,10.08,7.71,15.0,1.97,16.0,0.9,0.5,0.4,-9.27,-7.24,2.01,-4.96,15.0,5.51,16.0,0.9,0.5,0.4,-2.04,0.0,2.69,-0.42,15.0,3.27,16.0,0.9,0.5,0.4,1018.13,1022.2,1024.24,1021.63,15.0,2.86,16.0,0.9,0.5,0.4,3.1,5.0,6.0,4.8,14.0,1.6,18.0,0.9,0.5,0.4,-86.2,-55.7,16.5,-42.4,15.0,48.0,16.0,0.9,0.5,0.4,-14.6,0.0,18.9,-4.5,15.0,30.5,16.0,0.9,0.5,0.4,0.11,1.2,2.2,1.13,15.0,1.26,16.0,0.9,0.5,0.4,0.6,10.1,13.6,8.7,15.0,11.1,16.0,0.9,0.5,0.4,2.72,4.99,5.9,4.67,14.0,1.53,18.0,0.9,0.5,0.4,21.8,34.3,49.9,34.4,14.0,12.8,18.0,0.9,0.5,0.4,-184.5,-158.7,32.0,-104.7,15.0,109.7,16.0,0.9,0.5,0.4,-40.7,0.0,54.9,-6.7,15.0,59.9,16.0,0.9,0.5,0.4,-107.0,-82.8,-36.3,-64.7,14.0,56.4,18.0,0.9,0.5,0.4,-20.4,0.0,36.6,2.6,14.0,24.9,18.0,0.9,0.5,0.4,-49.9,-28.9,-11.2,-23.7,14.0,27.5,18.0,0.9,0.5,0.4,-5.8,0.0,10.9,1.2,14.0,8.6,18.0,0.9,0.5,0.4,144.5,456.5,1029.0,542.0,15.0,364.0,16.0,0.9,0.5,0.4,145.0,455.0,1030.0,540.0,15.0,365.0,16.0,0.9,0.5,0.4
1974,2,216.0,28.0,19.03,20.1,21.94,20.42,14.0,1.24,12.0,0.5,0.4,0.5,17.76,20.0,21.08,19.4,15.0,1.9,14.0,0.5,0.5,0.4,8.93,9.67,11.45,10.14,13.0,1.76,12.0,0.5,0.5,0.5,66.8,73.1,83.3,74.1,13.0,9.8,12.0,0.5,0.5,4.29,6.2,8.01,6.32,16.0,2.69,12.0,0.5,0.5,0.4,-7.51,-5.42,-2.43,-5.24,16.0,3.17,12.0,0.5,0.5,0.4,-3.76,0.0,1.65,-0.68,16.0,3.17,12.0,0.5,0.5,0.4,1021.74,1022.0,1025.0,1023.1,15.0,1.87,12.0,0.5,0.5,0.4,3.4,6.0,7.6,5.4,16.0,2.0,12.0,0.5,0.5,0.4,-58.9,-30.9,-11.5,-40.1,16.0,37.0,12.0,0.5,0.5,0.4,-23.2,0.0,9.9,-3.1,16.0,21.9,12.0,0.5,0.5,0.4,-0.16,1.9,3.0,1.38,13.0,1.76,12.0,0.5,0.5,0.5,-1.2,8.7,18.4,7.1,13.0,12.8,12.0,0.5,0.5,0.5,3.49,4.58,6.64,4.79,13.0,1.92,12.0,0.5,0.5,0.5,15.7,29.4,41.3,27.6,13.0,14.1,12.0,0.5,0.5,0.5,-157.2,-116.5,-43.8,-107.0,15.0,65.2,14.0,0.5,0.5,0.4,-68.7,0.0,36.6,-8.9,15.0,60.5,14.0,0.5,0.5,0.4,-105.6,-48.6,-17.0,-55.7,13.0,42.4,12.0,0.5,0.5,0.5,-31.5,0.0,23.7,-4.4,13.0,33.4,12.0,0.5,0.5,0.5,-33.1,-18.9,-7.8,-20.7,13.0,12.8,12.0,0.5,0.5,0.5,-24.9,0.0,8.5,-4.0,13.0,19.5,12.0,0.5,0.5,0.5,79.5,238.5,515.5,379.0,16.0,446.0,12.0,0.5,0.5,0.4,80.0,240.0,515.0,380.0,16.0,445.0,12.0,0.5,0.5,0.4
1974,2,216.0,29.0,19.89,20.0,21.01,20.22,13.0,1.46,14.0,0.4,0.5,0.6,17.95,18.5,19.31,18.57,13.0,0.77,14.0,0.4,0.5,0.6,9.68,10.23,10.9,10.35,13.0,0.92,14.0,0.4,0.5,0.6,75.5,79.4,82.5,78.7,13.0,6.6,14.0,0.4,0.6,4.05,7.7,9.4,6.96,13.0,2.6,14.0,0.4,0.5,0.6,-6.76,-5.15,-0.5,-3.43,13.0,4.6,14.0,0.4,0.5,0.6,-2.45,1.97,6.53,2.24,13.0,4.47,14.0,0.4,0.5,0.6,1021.27,1022.0,1026.22,1023.17,13.0,2.56,14.0,0.4,0.5,0.6,1.9,6.0,7.0,5.0,13.0,2.5,14.0,0.4,0.5,0.6,-53.6,-42.2,0.1,-22.4,13.0,42.1,14.0,0.4,0.5,0.6,-15.6,10.3,54.7,19.3,13.0,40.7,14.0,0.4,0.5,0.6,0.0,1.7,2.55,1.65,13.0,1.8,14.0,0.4,0.5,0.6,0.0,12.4,19.6,13.4,13.0,13.6,14.0,0.4,0.5,0.6,3.21,4.06,5.01,4.3,13.0,1.57,14.0,0.4,0.5,0.6,19.3,28.2,44.0,31.3,13.0,18.2,14.0,0.4,0.5,0.6,-124.2,-96.3,-9.0,-62.3,13.0,85.6,14.0,0.4,0.5,0.6,-44.2,36.1,126.2,41.7,13.0,83.8,14.0,0.4,0.5,0.6,-72.0,-56.1,-4.7,-37.3,13.0,44.6,14.0,0.4,0.5,0.6,-26.1,19.2,79.8,25.5,13.0,47.1,14.0,0.4,0.5,0.6,-28.4,-19.1,-0.7,-14.4,13.0,26.9,14.0,0.4,0.5,0.6,-10.9,6.0,24.1,7.3,13.0,19.7,14.0,0.4,0.5,0.6,67.0,456.5,832.0,460.5,13.0,367.5,14.0,0.4,0.5,0.6,65.0,455.0,830.0,460.0,13.0,365.0,14.0,0.4,0.5,0.6
1974,2,216.0,30.0,18.5,19.45,20.41,19.26,8.0,1.26,14.0,0.5,0.6,0.2,17.49,18.0,20.37,18.66,9.0,1.77,12.0,0.4,0.6,0.3,9.54,11.16,11.8,10.86,9.0,1.2,12.0,0.4,0.6,0.3,77.5,82.6,85.8,82.1,9.0,4.8,12.0,0.4,0.3,2.23,4.1,8.73,5.04,9.0,3.35,12.0,0.4,0.6,0.3,-6.23,-3.14,-0.2,-3.26,9.0,3.6,12.0,0.4,0.6,0.3,0.0,0.89,2.46,0.08,9.0,3.86,12.0,0.4,0.6,0.3,1023.27,1025.4,1029.4,1025.96,9.0,3.07,12.0,0.4,0.6,0.3,4.5,7.0,8.0,6.2,9.0,2.0,12.0,0.4,0.6,0.3,-43.2,-12.9,-0.9,-24.6,9.0,29.8,12.0,0.4,0.6,0.3,0.0,0.9,9.3,-6.0,9.0,36.1,12.0,0.4,0.6,0.3,-1.44,-0.4,2.72,0.21,8.0,1.94,14.0,0.5,0.6,0.2,-10.5,-1.9,7.1,0.4,8.0,13.6,14.0,0.5,0.6,0.2,1.36,2.6,3.94,2.68,8.0,1.22,14.0,0.5,0.6,0.2,5.1,9.8,25.2,14.6,8.0,13.6,14.0,0.5,0.6,0.2,-129.2,-63.4,-3.2,-61.7,9.0,67.4,12.0,0.4,0.6,0.3,0.0,16.0,49.1,3.1,9.0,71.0,12.0,0.4,0.6,0.3,-73.4,-32.8,-1.9,-35.4,9.0,39.5,12.0,0.4,0.6,0.3,0.0,10.0,30.2,3.4,9.0,38.1,12.0,0.4,0.6,0.3,-12.5,-6.1,0.5,-8.8,8.0,15.5,14.0,0.5,0.6,0.2,0.0,2.9,4.5,-0.7,8.0,10.0,14.0,0.5,0.6,0.2,11.5,69.0,688.0,291.5,9.0,399.5,12.0,0.4,0.6,0.3,10.0,70.0,690.0,290.0,9.0,400.0,12.0,0.4,0.6,0.3
1974,2,216.0,31.0,17.94,18.35,19.21,18.57,6.0,0.83,16.0,0.2,0.5,0.4,15.76,16.9,18.01,16.69,8.0,1.88,14.0,0.1,0.6,0.4,8.92,9.8,10.23,9.63,6.0,0.69,16.0,0.2,0.5,0.4,74.5,76.3,85.2,78.8,6.0,6.5,16.0,0.2,0.4,4.33,6.7,8.14,6.69,8.0,3.92,14.0,0.1,0.6,0.4,-6.46,-1.78,5.32,-0.73,8.0,6.02,14.0,0.1,0.6,0.4,-5.24,2.26,3.99,-0.01,8.0,5.44,14.0,0.1,0.6,0.4,1022.7,1024.0,1025.9,1024.3,7.0,1.56,14.0,0.1,0.5,0.4,2.2,6.0,6.9,5.1,8.0,2.2,14.0,0.1,0.6,0.4,-46.1,-7.3,37.6,-10.3,8.0,58.2,14.0,0.1,0.6,0.4,-40.4,13.1,28.3,-10.6,8.0,60.7,14.0,0.1,0.6,0.4,0.52,1.05,1.98,1.18,6.0,0.79,16.0,0.2,0.5,0.4,0.7,5.6,12.8,6.7,6.0,6.4,16.0,0.2,0.5,0.4,2.53,3.18,4.51,3.41,5.0,1.08,18.0,0.2,0.4,0.5,8.1,13.0,31.3,18.2,5.0,14.5,18.0,0.2,0.4,0.5,-101.8,-32.1,88.8,-11.0,8.0,101.0,14.0,0.1,0.6,0.4,-68.2,37.9,76.4,4.8,8.0,87.6,14.0,0.1,0.6,0.4,-48.8,-17.3,52.9,-5.7,6.0,56.4,16.0,0.2,0.5,0.4,-18.9,23.9,42.4,7.7,6.0,51.6,16.0,0.2,0.5,0.4,-9.3,0.0,27.1,7.4,5.0,19.6,18.0,0.2,0.4,0.5,4.1,9.7,15.6,9.8,5.0,7.1,18.0,0.2,0.4,0.5,87.5,306.0,541.0,576.5,8.0,872.0,14.0,0.1,0.6,0.4,90.0,305.0,540.0,575.0,8.0,870.0,14.0,0.1,0.6,0.4
1974,2,216.0,32.0,14.4,17.0,18.62,16.77,7.0,1.87,20.0,0.6,0.3,0.5,14.38,17.3,18.33,16.64,7.0,2.01,20.0,0.6,0.3,0.5,6.66,10.13,11.3,9.24,6.0,2.61,20.0,0.5,0.3,0.5,66.5,79.0,88.4,75.9,6.0,15.4,20.0,0.5,0.5,2.48,10.3,14.4,8.46,7.0,5.55,20.0,0.6,0.3,0.5,-1.65,0.0,5.34,1.36,7.0,7.0,20.0,0.6,0.3,0.5,-7.4,0.0,3.85,-1.44,7.0,7.79,20.0,0.6,0.3,0.5,1011.5,1020.0,1025.3,1020.14,7.0,7.19,20.0,0.6,0.3,0.5,3.3,5.0,7.0,5.0,5.0,2.1,16.0,0.6,0.2,0.4,-13.3,0.0,76.8,23.2,7.0,90.6,20.0,0.6,0.3,0.5,-76.8,0.0,39.6,-24.3,7.0,94.9,20.0,0.6,0.3,0.5,-1.24,0.0,1.4,0.13,7.0,1.84,20.0,0.6,0.3,0.5,-17.5,0.0,8.0,-2.0,7.0,15.8,20.0,0.6,0.3,0.5,0.53,2.79,4.19,2.49,6.0,1.98,20.0,0.5,0.3,0.5,-0.6,9.0,50.9,21.9,6.0,29.7,20.0,0.5,0.3,0.5,-25.5,0.0,82.1,15.3,7.0,109.2,20.0,0.6,0.3,0.5,-107.3,0.0,69.4,-14.4,7.0,128.2,20.0,0.6,0.3,0.5,-22.4,9.2,40.2,5.1,6.0,65.8,20.0,0.5,0.3,0.5,-42.1,7.7,56.1,11.5,6.0,65.9,20.0,0.5,0.3,0.5,-1.5,4.0,28.1,11.3,6.0,18.8,20.0,0.5,0.3,0.5,-26.2,-1.5,3.5,-12.7,6.0,27.6,20.0,0.5,0.3,0.5,16.5,1092.5,2986.0,1221.0,7.0,1286.0,20.0,0.6,0.3,0.5,15.0,1095.0,2985.0,1220.0,7.0,1285.0,20.0,0.6,0.3,0.5
1974,2,216.0,33.0,16.7,17.55,19.37,17.86,14.0,1.67,14.0,0.7,0.5,0.4,13.99,16.3,17.73,15.99,16.0,1.72,14.0,0.6,0.5,0.4,7.83,8.29,9.75,8.62,14.0,1.3,14.0,0.7,0.5,0.4,68.3,78.0,83.2,75.9,14.0,9.0,14.0,0.7,0.4,4.79,7.95,11.23,8.12,16.0,3.35,14.0,0.6,0.5,0.4,-6.47,-1.77,2.85,-1.1,16.0,5.87,14.0,0.6,0.5,0.4,-4.03,4.3,7.88,2.25,16.0,6.35,14.0,0.6,0.5,0.4,1023.6,1027.25,1029.06,1025.6,16.0,5.48,14.0,0.6,0.5,0.4,3.4,7.0,8.0,6.1,16.0,2.2,14.0,0.6,0.5,0.4,-58.7,-13.3,13.1,-6.4,16.0,68.6,14.0,0.6,0.5,0.4,-20.1,25.2,83.9,25.0,16.0,67.1,14.0,0.6,0.5,0.4,0.51,2.0,3.17,1.62,14.0,1.53,14.0,0.7,0.5,0.4,2.4,13.4,24.5,12.7,14.0,13.3,14.0,0.7,0.5,0.4,2.66,3.43,6.14,4.0,14.0,1.55,14.0,0.7,0.5,0.4,19.8,31.8,40.6,31.6,14.0,15.4,14.0,0.7,0.5,0.4,-106.9,-26.0,42.7,-21.0,16.0,97.4,14.0,0.6,0.5,0.4,-59.7,68.6,144.2,43.3,16.0,100.9,14.0,0.6,0.5,0.4,-60.0,-20.5,0.0,-13.0,14.0,56.6,14.0,0.7,0.5,0.4,-24.7,38.3,78.3,32.0,14.0,53.6,14.0,0.7,0.5,0.4,-27.4,-7.1,0.0,-8.4,14.0,23.5,14.0,0.7,0.5,0.4,-13.2,18.1,30.5,10.9,14.0,23.6,14.0,0.7,0.5,0.4,111.0,504.0,1433.5,807.0,16.0,942.0,14.0,0.6,0.5,0.4,110.0,505.0,1435.0,805.0,16.0,940.0,14.0,0.6,0.5,0.4
1974,2,216.0,34.0,15.0,15.6,17.84,16.26,17.0,1.54,18.0,0.4,0.6,0.4,12.21,14.45,16.5,14.37,20.0,1.94,16.0,0.4,0.5,0.4,6.07,7.99,10.44,8.08,18.0,1.97,16.0,0.4,0.5,0.4,65.3,80.2,89.3,78.2,18.0,12.6,16.0,0.4,0.4,4.1,7.45,10.79,7.37,20.0,4.23,16.0,0.4,0.5,0.4,-3.84,1.0,7.22,1.1,20.0,5.67,16.0,0.4,0.5,0.4,-7.69,-1.98,4.35,-1.7,20.0,6.22,16.0,0.4,0.5,0.4,1013.11,1024.75,1027.0,1022.86,20.0,6.8,16.0,0.4,0.5,0.4,2.0,7.0,8.0,5.8,17.0,2.6,14.0,0.4,0.5,0.4,-20.2,2.2,81.3,18.0,20.0,66.9,16.0,0.4,0.5,0.4,-97.2,-9.3,37.8,-21.6,20.0,74.0,16.0,0.4,0.5,0.4,0.27,2.2,4.35,2.12,17.0,2.0,18.0,0.4,0.6,0.4,1.7,10.9,28.6,16.0,17.0,20.9,18.0,0.4,0.6,0.4,2.59,3.22,4.74,3.62,16.0,1.52,18.0,0.4,0.6,0.4,11.2,20.5,45.1,27.5,16.0,20.6,18.0,0.4,0.6,0.4,-50.0,12.2,81.3,12.3,20.0,84.0,16.0,0.4,0.5,0.4,-100.1,-24.4,74.0,-18.8,20.0,93.5,16.0,0.4,0.5,0.4,-34.8,-4.5,57.0,5.4,18.0,51.8,16.0,0.4,0.5,0.4,-54.9,-11.8,49.7,-6.4,18.0,58.1,16.0,0.4,0.5,0.4,-12.3,2.9,22.6,7.8,16.0,22.9,18.0,0.4,0.6,0.4,-37.1,-11.3,7.9,-13.0,16.0,21.4,18.0,0.4,0.6,0.4,69.0,415.0,1257.0,809.0,20.0,1204.5,16.0,0.4,0.5,0.4,70.0,415.0,1255.0,810.0,20.0,1205.0,16.0,0.4,0.5,0.4
1974,2,216.0,35.0,14.0,14.5,15.64,14.85,13.0,0.88,20.0,0.5,0.5,0.3,12.0,12.8,15.97,13.84,14.0,2.36,18.0,0.5,0.5,0.3,5.62,7.49,9.95,7.73,14.0,2.1,18.0,0.5,0.5,0.3,69.5,81.0,89.0,77.8,14.0,12.9,18.0,0.5,0.3,7.23,10.05,13.33,9.88,14.0,3.38,18.0,0.5,0.5,0.3,-3.78,3.28,8.86,2.72,14.0,6.85,18.0,0.5,0.5,0.3,-8.03,-2.44,6.76,-1.37,14.0,7.72,18.0,0.5,0.5,0.3,1011.03,1021.5,1026.97,1019.76,14.0,8.27,18.0,0.5,0.5,0.3,4.0,7.0,8.0,6.4,12.0,2.0,18.0,0.5,0.5,0.3,-29.2,25.7,104.7,38.3,14.0,89.0,18.0,0.5,0.5,0.3,-88.6,-18.9,51.2,-18.0,14.0,83.0,18.0,0.5,0.5,0.3,-1.73,1.7,3.64,1.14,13.0,2.42,20.0,0.5,0.5,0.3,-15.8,13.9,32.9,10.5,13.0,26.1,20.0,0.5,0.5,0.3,0.69,2.61,4.99,2.79,13.0,2.2,20.0,0.5,0.5,0.3,5.0,21.4,63.7,29.1,13.0,29.1,20.0,0.5,0.5,0.3,-59.9,43.8,108.4,33.4,14.0,101.5,18.0,0.5,0.5,0.3,-96.5,-34.1,105.5,-5.3,14.0,107.8,18.0,0.5,0.5,0.3,-37.2,21.6,68.7,16.4,14.0,57.3,18.0,0.5,0.5,0.3,-54.8,-19.7,65.3,-0.1,14.0,59.5,18.0,0.5,0.5,0.3,-7.6,1.9,27.7,12.5,13.0,24.1,20.0,0.5,0.5,0.3,-36.6,-10.6,9.2,-15.7,13.0,27.2,20.0,0.5,0.5,0.3,378.5,1032.0,2371.5,1266.0,14.0,1037.5,18.0,0.5,0.5,0.3,380.0,1030.0,2370.0,1265.0,14.0,1040.0,18.0,0.5,0.5,0.3
1974,2,216.0,36.0,13.3,14.0,16.2,14.83,6.0,2.15,18.0,0.3,0.7,0.3,13.47,14.4,17.86,15.2,7.0,2.32,16.0,0.3,0.7,0.3,6.99,8.85,9.74,8.51,6.0,1.42,18.0,0.3,0.7,0.3,72.6,76.3,86.5,79.5,6.0,8.7,18.0,0.3,0.3,6.76,7.95,10.3,9.58,8.0,5.68,18.0,0.3,0.7,0.3,-6.38,-3.32,4.58,0.18,8.0,9.81,18.0,0.3,0.7,0.3,-8.13,0.13,5.34,-0.37,8.0,6.37,18.0,0.3,0.7,0.3,1007.8,1022.85,1023.98,1018.21,8.0,9.47,18.0,0.3,0.7,0.3,7.1,8.0,8.0,7.1,8.0,2.1,18.0,0.3,0.7,0.3,-43.3,-22.3,47.2,45.6,8.0,188.3,18.0,0.3,0.7,0.3,-82.6,2.6,57.1,-0.8,8.0,67.2,18.0,0.3,0.7,0.3,-0.34,1.1,1.49,0.66,5.0,1.19,16.0,0.4,0.7,0.2,-8.6,4.0,12.7,1.1,5.0,15.5,16.0,0.4,0.7,0.2,1.69,2.81,3.29,2.44,5.0,1.52,16.0,0.4,0.7,0.2,7.0,18.8,24.9,16.1,5.0,13.0,16.0,0.4,0.7,0.2,-92.2,-55.5,15.3,-13.1,7.0,154.3,16.0,0.3,0.7,0.3,-36.4,27.1,83.9,14.5,7.0,78.9,16.0,0.3,0.7,0.3,-58.1,-27.1,44.7,5.0,6.0,106.9,18.0,0.3,0.7,0.3,-27.5,2.3,41.5,2.3,6.0,43.1,18.0,0.3,0.7,0.3,-14.2,-10.6,-2.7,-9.0,5.0,7.2,16.0,0.4,0.7,0.2,-14.9,-3.3,7.3,-3.7,5.0,18.0,16.0,0.4,0.7,0.2,309.0,504.0,1092.5,1932.0,8.0,3901.0,18.0,0.3,0.7,0.3,310.0,505.0,1095.0,1930.0,8.0,3900.0,18.0,0.3,0.7,0.3
1974,2,216.0,37.0,12.27,13.2,13.99,13.31,8.0,0.98,20.0,0.6,0.7,0.5,11.59,12.85,14.23,12.5,10.0,1.99,20.0,0.6,0.6,0.5,5.91,6.99,8.63,7.2,9.0,1.46,18.0,0.6,0.6,0.5,72.8,78.0,86.7,79.5,9.0,8.1,18.0,0.6,0.5,5.44,10.3,14.86,10.03,9.0,4.45,18.0,0.6,0.6,0.5,-1.68,7.24,14.69,5.81,9.0,8.46,18.0,0.6,0.6,0.5,-2.36,0.0,6.93,1.65,9.0,4.52,18.0,0.6,0.6,0.5,1015.2,1022.75,1027.7,1021.29,10.0,7.78,20.0,0.6,0.6,0.5,3.0,6.0,7.7,5.1,9.0,2.7,18.0,0.6,0.6,0.5,-4.7,55.7,219.0,79.2,9.0,117.4,18.0,0.6,0.6,0.5,-16.4,0.0,66.3,18.6,9.0,43.8,18.0,0.6,0.6,0.5,-0.44,0.05,3.17,0.88,8.0,2.21,20.0,0.6,0.7,0.5,-4.3,0.5,48.3,16.0,7.0,33.1,20.0,0.6,0.7,0.5,0.39,2.31,3.96,2.26,8.0,1.58,20.0,0.6,0.7,0.5,2.0,18.8,60.0,26.6,7.0,25.7,20.0,0.6,0.7,0.5,-22.7,104.2,144.9,61.9,9.0,98.6,18.0,0.6,0.6,0.5,-28.9,0.0,93.8,23.2,9.0,61.8,18.0,0.6,0.6,0.5,-16.7,39.3,78.1,27.5,8.0,54.6,18.0,0.5,0.6,0.5,-10.0,12.6,58.6,18.3,8.0,35.9,18.0,0.5,0.6,0.5,0.0,2.0,60.0,19.7,7.0,30.8,20.0,0.6,0.7,0.5,-0.5,0.5,12.2,2.6,7.0,8.7,20.0,0.6,0.7,0.5,194.0,1092.5,3316.5,1520.5,9.0,1423.0,18.0,0.6,0.6,0.5,195.0,1095.0,3315.0,1520.0,9.0,1425.0,18.0,0.6,0.6,0.5
1974,2,216.0,38.0,10.6,12.0,13.15,11.84,9.0,1.25,16.0,0.6,0.6,0.4,9.0,9.75,13.57,10.81,10.0,2.78,16.0,0.6,0.6,0.5,5.03,6.42,8.07,6.35,8.0,1.62,16.0,0.6,0.5,0.4,68.0,82.5,88.7,79.5,8.0,10.2,16.0,0.6,0.4,6.33,10.3,15.85,10.48,11.0,4.51,18.0,0.5,0.6,0.5,1.89,8.74,12.29,7.47,11.0,5.31,18.0,0.5,0.6,0.5,-8.04,-5.02,3.81,-3.43,11.0,6.23,18.0,0.5,0.6,0.5,1009.17,1022.7,1024.83,1018.25,11.0,10.08,18.0,0.5,0.6,0.5,4.0,7.0,8.0,6.3,11.0,2.1,18.0,0.5,0.6,0.5,5.8,81.3,187.5,96.6,11.0,84.4,18.0,0.5,0.6,0.5,-125.8,-29.6,41.4,-48.8,11.0,83.6,18.0,0.5,0.6,0.5,-0.83,0.85,2.84,1.16,8.0,2.33,16.0,0.6,0.5,0.4,-5.9,6.5,14.9,12.6,8.0,31.3,16.0,0.6,0.5,0.4,0.92,2.09,2.7,2.12,8.0,1.38,16.0,0.6,0.5,0.4,6.9,12.8,41.6,22.4,8.0,24.5,16.0,0.6,0.5,0.4,15.1,91.7,132.5,79.4,10.0,64.1,16.0,0.6,0.6,0.5,-72.7,-44.5,57.2,-20.4,10.0,67.8,16.0,0.6,0.6,0.5,6.7,44.2,69.1,35.9,8.0,33.3,16.0,0.6,0.5,0.4,-45.2,-27.1,24.2,-14.4,8.0,39.4,16.0,0.6,0.5,0.4,2.8,9.3,26.9,16.4,8.0,21.3,16.0,0.6,0.5,0.4,-32.0,-8.2,2.7,-11.8,8.0,16.0,16.0,0.6,0.5,0.4,274.0,1092.5,3999.0,1723.0,11.0,1690.5,18.0,0.5,0.6,0.5,275.0,1095.0,4000.0,1725.0,11.0,1690.0,18.0,0.5,0.6,0.5
1974,2,216.0,39.0,10.23,11.1,13.17,11.54,16.0,1.32,18.0,0.6,0.6,0.4,8.62,11.7,13.23,11.27,17.0,2.96,18.0,0.6,0.5,0.4,5.24,6.41,8.17,6.81,17.0,1.97,18.0,0.6,0.5,0.4,74.2,78.9,92.1,81.0,17.0,10.3,18.0,0.6,0.4,5.42,9.3,15.37,10.26,17.0,4.9,18.0,0.6,0.5,0.4,0.48,7.7,11.8,6.44,17.0,6.29,18.0,0.6,0.5,0.4,-5.88,0.0,5.56,0.34,17.0,7.23,18.0,0.6,0.5,0.4,1011.42,1021.4,1026.7,1020.04,17.0,7.5,18.0,0.6,0.5,0.4,4.0,7.0,8.0,5.9,15.0,2.2,18.0,0.6,0.6,0.4,2.4,63.2,161.2,87.4,17.0,95.9,18.0,0.6,0.5,0.4,-78.6,0.0,43.3,9.5,17.0,115.3,18.0,0.6,0.5,0.4,-0.31,0.95,2.12,0.78,16.0,1.33,18.0,0.6,0.6,0.4,-1.8,8.0,32.1,11.5,16.0,16.1,18.0,0.6,0.6,0.4,1.0,2.17,2.78,1.96,16.0,0.91,18.0,0.6,0.6,0.4,9.0,18.4,33.9,20.5,16.0,14.3,18.0,0.6,0.6,0.4,5.0,82.7,119.7,62.5,17.0,66.6,18.0,0.6,0.5,0.4,-54.3,0.0,89.4,17.4,17.0,86.8,18.0,0.6,0.5,0.4,3.0,49.0,80.9,40.1,17.0,44.0,18.0,0.6,0.5,0.4,-34.6,0.0,54.1,9.9,17.0,52.0,18.0,0.6,0.5,0.4,0.6,11.6,27.7,13.4,16.0,13.8,18.0,0.6,0.6,0.4,-14.7,-1.6,6.4,-2.0,16.0,16.3,18.0,0.6,0.6,0.4,161.0,804.5,3680.0,1836.0,17.0,2319.5,18.0,0.6,0.5,0.4,160.0,805.0,3680.0,1835.0,17.0,2320.0,18.0,0.6,0.5,0.4
1974,2,216.0,40.0,8.9,11.1,12.92,11.04,5.0,2.21,8.0,0.6,0.6,0.5,9.92,10.3,13.21,11.2,6.0,1.83,10.0,0.7,0.7,0.4,6.58,6.9,8.43,7.42,5.0,1.06,8.0,0.6,0.6,0.5,86.4,88.8,91.8,89.2,5.0,3.5,8.0,0.6,0.5,5.0,6.4,8.84,7.0,6.0,2.58,10.0,0.7,0.7,0.4,-5.49,-4.99,4.46,-1.78,6.0,6.11,10.0,0.7,0.7,0.4,0.89,2.19,6.47,3.45,6.0,3.18,10.0,0.7,0.7,0.4,1020.82,1028.8,1031.6,1026.26,5.0,6.87,8.0,0.6,0.6,0.5,5.0,6.5,8.0,6.5,6.0,1.4,10.0,0.7,0.7,0.4,-47.2,-25.6,26.5,-14.8,6.0,50.7,10.0,0.7,0.7,0.4,4.5,12.6,56.2,29.6,6.0,36.7,10.0,0.7,0.7,0.4,-1.58,-1.4,0.99,-0.4,5.0,1.87,8.0,0.6,0.6,0.5,-12.4,-7.1,4.5,-4.7,5.0,12.3,8.0,0.6,0.6,0.5,0.18,0.41,1.29,0.7,5.0,0.73,8.0,0.6,0.6,0.5,0.8,2.1,8.2,3.9,5.0,4.1,8.0,0.6,0.6,0.5,-60.5,-50.6,50.2,-16.7,6.0,76.1,10.0,0.7,0.7,0.4,9.1,24.2,70.0,39.7,6.0,40.2,10.0,0.7,0.7,0.4,-42.7,-32.7,41.7,-5.8,5.0,53.1,8.0,0.6,0.6,0.5,5.8,12.7,38.7,23.1,5.0,27.2,8.0,0.6,0.6,0.5,-1.8,0.4,7.0,2.2,5.0,4.7,8.0,0.6,0.6,0.5,0.0,0.4,2.9,1.4,5.0,2.3,8.0,0.6,0.6,0.5,125.5,294.5,735.5,469.0,6.0,514.0,10.0,0.7,0.7,0.4,125.0,295.0,735.0,470.0,6.0,515.0,10.0,0.7,0.7,0.4
1974,2,216.0,41.0,7.8,9.1,10.4,9.1,2.0,2.69,10.0,0.0,0.5,0.6,8.63,10.0,10.75,9.7,3.0,1.57,12.0,0.3,0.6,0.7,5.21,5.95,6.7,5.95,2.0,1.54,10.0,0.0,0.5,0.6,76.3,80.6,84.9,80.6,2.0,8.9,10.0,0.0,0.6,11.47,12.9,12.9,12.2,3.0,1.21,12.0,0.3,0.6,0.7,6.07,11.17,12.35,9.26,3.0,4.89,12.0,0.3,0.6,0.7,-4.4,0.0,6.93,1.23,3.0,8.37,12.0,0.3,0.6,0.7,1020.08,1022.4,1025.54,1022.8,3.0,4.01,12.0,0.3,0.6,0.7,3.2,8.0,8.0,5.7,3.0,4.0,12.0,0.3,0.6,0.7,73.0,144.1,159.3,116.8,3.0,67.5,12.0,0.3,0.6,0.7,-56.8,0.0,74.8,8.8,3.0,96.7,12.0,0.3,0.6,0.7,-2.8,-0.45,1.9,-0.45,2.0,4.88,10.0,0.0,0.5,0.6,-29.3,-1.7,25.9,-1.7,2.0,57.1,10.0,0.0,0.5,0.6,-0.18,1.17,2.53,1.17,2.0,2.81,10.0,0.0,0.5,0.6,-0.9,16.0,32.9,16.0,2.0,35.1,10.0,0.0,0.5,0.6,56.4,89.4,116.4,86.5,3.0,44.1,12.0,0.3,0.6,0.7,-35.2,0.0,76.9,20.4,3.0,84.0,12.0,0.3,0.6,0.7,30.5,40.1,49.8,40.1,2.0,20.0,10.0,0.0,0.5,0.6,-15.0,20.1,55.2,20.1,2.0,72.7,10.0,0.0,0.5,0.6,3.1,16.2,29.2,16.2,2.0,27.1,10.0,0.0,0.5,0.6,-18.5,-14.3,-10.2,-14.3,2.0,8.6,10.0,0.0,0.5,0.6,1541.0,2146.5,2146.5,1851.0,3.0,512.0,12.0,0.3,0.6,0.7,1540.0,2145.0,2145.0,1850.0,3.0,510.0,12.0,0.3,0.6,0.7
1974,2,216.0,42.0,12.0,12.0,12.0,12.0,1.0,0.0,20.0,1.0,0.1,0.7,11.0,11.0,11.0,11.0,1.0,0.0,20.0,1.0,0.1,0.7,7.18,7.18,7.18,7.18,1.0,0.0,20.0,1.0,0.1,0.7,88.1,88.1,88.1,88.1,1.0,0.0,20.0,1.0,0.7,12.9,12.9,12.9,12.9,1.0,0.0,20.0,1.0,0.1,0.7,6.45,6.45,6.45,6.45,1.0,0.0,20.0,1.0,0.1,0.7,11.17,11.17,11.17,11.17,1.0,0.0,20.0,1.0,0.1,0.7,1009.0,1009.0,1009.0,1009.0,1.0,0.0,20.0,1.0,0.1,0.7,8.0,8.0,8.0,8.0,1.0,0.0,20.0,1.0,0.1,0.7,83.2,83.2,83.2,83.2,1.0,0.0,20.0,1.0,0.1,0.7,144.1,144.1,144.1,144.1,1.0,0.0,20.0,1.0,0.1,0.7,1.0,1.0,1.0,1.0,1.0,0.0,20.0,1.0,0.1,0.7,12.9,12.9,12.9,12.9,1.0,0.0,20.0,1.0,0.1,0.7,1.54,1.54,1.54,1.54,1.0,0.0,20.0,1.0,0.1,0.7,19.9,19.9,19.9,19.9,1.0,0.0,20.0,1.0,0.1,0.7,71.0,71.0,71.0,71.0,1.0,0.0,20.0,1.0,0.1,0.7,122.9,122.9,122.9,122.9,1.0,0.0,20.0,1.0,0.1,0.7,46.3,46.3,46.3,46.3,1.0,0.0,20.0,1.0,0.1,0.7,80.3,80.3,80.3,80.3,1.0,0.0,20.0,1.0,0.1,0.7,9.9,9.9,9.9,9.9,1.0,0.0,20.0,1.0,0.1,0.7,17.2,17.2,17.2,17.2,1.0,0.0,20.0,1.0,0.1,0.7,2146.5,2146.5,2146.5,2146.5,1.0,0.0,20.0,1.0,0.1,0.7,2145.0,2145.0,2145.0,2145.0,1.0,0.0,20.0,1.0,0.1,0.7
1974,2,216.0,43.0,7.95,10.0,10.0,9.0,3.0,1.73,18.0,0.7,0.7,0.8,7.32,8.0,9.37,8.33,3.0,1.53,18.0,0.7,0.7,0.8,4.43,5.84,6.95,5.7,3.0,1.85,18.0,0.7,0.7,0.8,69.3,87.2,94.6,82.1,3.0,19.0,18.0,0.7,0.8,8.68,10.8,13.26,10.97,3.0,3.35,18.0,0.7,0.7,0.8,7.56,8.27,12.46,9.97,3.0,3.87,18.0,0.7,0.7,0.8,-4.74,0.0,1.8,-1.44,3.0,4.95,18.0,0.7,0.7,0.8,1005.9,1010.0,1012.05,1009.0,3.0,4.58,18.0,0.7,0.7,0.8,4.3,7.0,7.7,6.0,3.0,2.6,18.0,0.7,0.7,0.8,66.4,89.4,169.9,117.5,3.0,79.6,18.0,0.7,0.7,0.8,-51.2,0.0,13.8,-18.2,3.0,50.2,18.0,0.7,0.7,0.8,0.0,0.0,1.37,0.67,3.0,1.15,18.0,0.7,0.7,0.8,0.0,0.0,14.7,7.2,3.0,12.5,18.0,0.7,0.7,0.8,0.69,1.83,2.24,1.47,3.0,1.18,18.0,0.7,0.7,0.8,7.1,19.8,30.1,18.6,3.0,16.9,18.0,0.7,0.7,0.8,68.1,72.4,91.8,79.8,3.0,18.5,18.0,0.7,0.7,0.8,-37.9,0.0,18.0,-9.7,3.0,41.8,18.0,0.7,0.7,0.8,50.1,54.1,54.3,52.3,3.0,3.4,18.0,0.7,0.7,0.8,-27.7,0.0,13.4,-6.9,3.0,30.7,18.0,0.7,0.7,0.8,5.6,15.2,28.6,17.1,3.0,17.0,18.0,0.7,0.7,0.8,-8.7,0.0,0.3,-4.1,3.0,7.5,18.0,0.7,0.7,0.8,711.5,1259.5,2438.0,1567.5,3.0,1292.5,18.0,0.7,0.7,0.8,710.0,1260.0,2440.0,1565.0,3.0,1290.0,18.0,0.7,0.7,0.8
1974,2,216.0,44.0,8.7,8.7,8.7,8.7,1.0,0.0,18.0,1.0,0.9,0.1,5.59,9.0,11.05,8.33,3.0,4.04,22.0,0.3,0.4,0.4,5.45,5.45,5.45,5.45,1.0,0.0,18.0,1.0,0.9,0.1,76.0,76.0,76.0,76.0,1.0,0.0,18.0,1.0,0.1,6.59,9.8,15.06,10.8,3.0,6.26,22.0,0.3,0.4,0.4,6.18,8.49,14.46,10.27,3.0,6.26,22.0,0.3,0.4,0.4,-4.31,-3.04,-0.96,-2.65,3.0,2.47,22.0,0.3,0.4,0.4,1001.5,1003.0,1003.0,1002.27,3.0,1.27,22.0,0.3,0.4,0.4,3.6,7.0,7.7,5.7,3.0,3.2,22.0,0.3,0.4,0.4,44.2,83.2,232.3,136.9,3.0,145.4,22.0,0.3,0.4,0.4,-51.5,-48.0,-15.2,-33.7,3.0,29.3,22.0,0.3,0.4,0.4,-0.3,-0.3,-0.3,-0.3,1.0,0.0,18.0,1.0,0.9,0.1,-5.2,-5.2,-5.2,-5.2,1.0,0.0,18.0,1.0,0.9,0.1,1.58,1.58,1.58,1.58,1.0,0.0,18.0,1.0,0.9,0.1,27.7,27.7,27.7,27.7,1.0,0.0,18.0,1.0,0.9,0.1,42.6,61.2,125.3,83.4,3.0,63.6,22.0,0.3,0.4,0.4,-24.9,-19.6,-6.2,-15.6,3.0,14.1,22.0,0.3,0.4,0.4,93.9,93.9,93.9,93.9,1.0,0.0,18.0,1.0,0.9,0.1,-16.6,-16.6,-16.6,-16.6,1.0,0.0,18.0,1.0,0.9,0.1,27.3,27.3,27.3,27.3,1.0,0.0,18.0,1.0,0.9,0.1,-4.8,-4.8,-4.8,-4.8,1.0,0.0,18.0,1.0,0.9,0.1,389.5,941.0,3957.0,2144.5,3.0,2813.5,22.0,0.3,0.4,0.4,390.0,940.0,3955.0,2145.0,3.0,2815.0,22.0,0.3,0.4,0.4
1974,2,216.0,45.0,7.0,8.0,8.37,7.8,5.0,0.84,16.0,0.6,0.3,0.5,3.99,7.5,10.09,7.23,7.0,3.2,12.0,0.7,0.4,0.5,3.27,4.02,5.51,4.38,5.0,1.55,16.0,0.6,0.3,0.5,65.4,73.1,78.8,71.6,5.0,9.9,16.0,0.6,0.5,8.56,12.9,14.1,11.84,7.0,3.99,12.0,0.7,0.4,0.5,5.46,8.92,10.04,7.93,7.0,3.37,12.0,0.7,0.4,0.5,-7.15,4.94,8.4,0.45,7.0,9.73,12.0,0.7,0.4,0.5,1003.0,1015.0,1022.05,1012.47,7.0,8.76,12.0,0.7,0.4,0.5,6.6,8.0,8.0,7.3,6.0,1.2,14.0,0.7,0.4,0.6,47.1,110.8,129.8,99.4,7.0,53.3,12.0,0.7,0.4,0.5,-69.8,28.1,108.9,-8.2,7.0,149.2,12.0,0.7,0.4,0.5,-1.07,2.5,3.8,1.48,5.0,3.39,16.0,0.6,0.3,0.5,-4.6,21.8,59.7,27.8,5.0,43.2,16.0,0.6,0.3,0.5,1.17,2.12,3.48,2.17,5.0,1.53,16.0,0.6,0.3,0.5,11.2,20.3,52.6,29.6,5.0,25.8,16.0,0.6,0.3,0.5,25.1,52.8,89.0,54.3,7.0,28.3,12.0,0.7,0.4,0.5,-31.6,38.6,76.2,24.9,7.0,61.3,12.0,0.7,0.4,0.5,21.1,22.5,38.4,28.5,5.0,10.1,16.0,0.6,0.3,0.5,-39.1,-6.4,27.8,-7.1,5.0,38.4,16.0,0.6,0.3,0.5,7.3,17.6,30.5,19.2,5.0,16.7,16.0,0.6,0.3,0.5,-31.2,-7.9,3.0,-14.8,5.0,27.3,16.0,0.6,0.3,0.5,636.0,2146.5,2836.0,2144.0,7.0,1876.0,12.0,0.7,0.4,0.5,635.0,2145.0,2835.0,2145.0,7.0,1875.0,12.0,0.7,0.4,0.5
1974,2,216.0,46.0,6.0,6.5,8.0,6.83,6.0,0.98,12.0,0.2,0.6,0.2,6.27,8.0,9.87,7.81,9.0,2.56,12.0,0.2,0.5,0.3,4.67,6.06,6.91,5.86,7.0,1.31,12.0,0.3,0.5,0.3,83.8,86.7,94.4,88.6,7.0,7.8,12.0,0.3,0.3,5.76,6.95,9.68,7.6,8.0,3.57,14.0,0.3,0.5,0.3,-4.24,1.91,5.59,0.89,8.0,6.19,14.0,0.3,0.5,0.3,-1.43,1.99,7.34,2.5,8.0,5.69,14.0,0.3,0.5,0.3,1009.0,1017.65,1029.36,1017.69,8.0,11.59,12.0,0.3,0.5,0.3,3.2,5.5,7.9,5.4,8.0,2.4,12.0,0.3,0.4,0.3,-36.1,10.3,32.2,-1.9,8.0,66.7,14.0,0.3,0.5,0.3,-3.0,12.4,62.6,29.5,8.0,62.2,14.0,0.3,0.5,0.3,-2.21,-0.85,1.52,-0.37,6.0,2.36,12.0,0.2,0.6,0.2,-17.4,-10.0,18.3,-1.8,5.0,21.0,12.0,0.2,0.6,0.2,-0.47,0.51,1.52,0.53,6.0,1.18,12.0,0.2,0.6,0.2,-4.0,-1.8,16.1,4.6,5.0,11.2,12.0,0.2,0.6,0.2,-38.3,10.6,54.9,4.9,8.0,46.2,14.0,0.3,0.5,0.3,-15.0,15.9,66.4,24.7,8.0,38.5,14.0,0.3,0.5,0.3,-31.0,-6.8,14.7,-7.8,6.0,29.8,12.0,0.3,0.5,0.3,-15.1,33.3,48.2,22.0,6.0,33.7,12.0,0.3,0.5,0.3,-7.0,0.9,2.8,-1.7,5.0,6.6,12.0,0.2,0.6,0.2,-7.1,-2.8,4.2,-1.4,5.0,10.1,12.0,0.2,0.6,0.2,191.0,337.0,910.0,711.5,8.0,964.0,14.0,0.3,0.5,0.3,190.0,335.0,910.0,710.0,8.0,965.0,14.0,0.3,0.5,0.3
1974,2,216.0,47.0,5.59,7.1,11.04,7.73,6.0,2.84,16.0,0.7,0.6,0.2,6.55,7.5,8.02,7.07,7.0,1.67,14.0,0.6,0.6,0.2,4.26,5.4,5.99,5.14,5.0,1.09,16.0,0.6,0.7,0.2,74.0,88.4,96.6,84.4,5.0,16.6,16.0,0.6,0.2,7.0,12.9,17.05,11.56,7.0,5.3,14.0,0.6,0.6,0.2,1.66,8.29,13.05,7.15,7.0,6.92,14.0,0.6,0.6,0.2,-2.54,2.46,10.15,4.03,7.0,7.58,14.0,0.6,0.6,0.2,995.93,1004.3,1013.1,1006.06,7.0,10.38,14.0,0.6,0.6,0.2,6.6,7.5,8.0,7.2,6.0,1.2,14.0,0.5,0.6,0.2,3.6,107.0,171.4,102.0,7.0,108.8,14.0,0.6,0.6,0.2,-11.7,17.7,134.8,57.5,7.0,121.7,14.0,0.6,0.6,0.2,-2.15,1.6,3.5,0.82,6.0,2.95,16.0,0.7,0.6,0.2,-35.0,8.7,27.7,3.1,6.0,37.7,16.0,0.7,0.6,0.2,-0.43,1.52,2.81,1.2,5.0,1.77,16.0,0.6,0.7,0.2,-5.6,8.5,30.2,11.4,5.0,20.9,16.0,0.6,0.7,0.2,12.4,57.5,71.0,44.0,7.0,42.6,14.0,0.6,0.6,0.2,-17.9,20.9,76.4,35.2,7.0,53.8,14.0,0.6,0.6,0.2,32.4,51.9,60.9,47.1,5.0,23.3,16.0,0.6,0.7,0.2,-18.2,0.0,72.5,22.5,5.0,51.2,16.0,0.6,0.7,0.2,-3.6,5.5,29.2,11.5,5.0,19.2,16.0,0.6,0.7,0.2,-9.9,-6.5,0.0,-5.4,5.0,5.3,16.0,0.6,0.7,0.2,357.0,2146.5,4957.0,2340.5,7.0,2238.0,14.0,0.6,0.6,0.2,355.0,2145.0,4955.0,2340.0,7.0,2240.0,14.0,0.6,0.6,0.2
1974,2,216.0,48.0,5.0,7.0,7.68,6.5,5.0,1.41,12.0,0.8,0.6,0.5,6.14,7.0,8.64,7.46,5.0,2.41,12.0,0.8,0.6,0.5,3.92,4.75,5.36,4.65,4.0,0.87,14.0,0.8,0.6,0.6,59.6,82.0,86.5,73.5,4.0,20.8,14.0,0.8,0.6,7.9,11.8,14.08,10.9,5.0,3.97,12.0,0.8,0.6,0.5,3.4,7.2,11.13,7.38,5.0,4.53,12.0,0.8,0.6,0.5,0.2,3.98,11.59,5.37,5.0,6.31,12.0,0.8,0.6,0.5,1002.09,1006.8,1021.3,1010.98,5.0,10.89,12.0,0.8,0.6,0.5,3.4,7.0,8.0,5.8,4.0,3.3,14.0,0.8,0.6,0.6,34.1,94.6,135.3,89.3,5.0,67.8,12.0,0.8,0.6,0.5,-1.7,18.3,148.6,62.4,5.0,89.0,12.0,0.8,0.6,0.5,-2.37,0.2,0.68,-0.96,5.0,3.12,12.0,0.8,0.6,0.5,-33.0,2.9,7.3,-14.4,5.0,42.6,12.0,0.8,0.6,0.5,1.14,1.23,1.55,1.34,4.0,0.33,14.0,0.8,0.6,0.6,8.8,12.5,19.3,14.0,4.0,8.2,14.0,0.8,0.6,0.6,22.1,49.0,100.4,62.7,5.0,57.0,12.0,0.8,0.6,0.5,-2.6,19.9,80.2,33.3,5.0,47.4,12.0,0.8,0.6,0.5,15.2,35.3,51.2,33.3,4.0,21.1,14.0,0.8,0.6,0.6,-0.1,13.1,38.6,18.9,4.0,28.3,14.0,0.8,0.6,0.6,3.5,8.3,18.8,11.0,4.0,10.1,14.0,0.8,0.6,0.6,-1.3,3.5,8.6,3.6,4.0,6.8,14.0,0.8,0.6,0.6,633.0,1643.0,2795.5,1670.5,5.0,1201.0,12.0,0.8,0.6,0.5,635.0,1645.0,2795.0,1670.0,5.0,1200.0,12.0,0.8,0.6,0.5
1974,2,216.0,49.0,4.88,5.75,6.1,5.52,6.0,0.68,12.0,0.3,0.4,0.3,3.57,6.0,6.26,4.87,6.0,2.48,12.0,0.3,0.4,0.3,3.64,4.89,5.46,4.58,5.0,1.08,10.0,0.4,0.3,0.2,78.0,82.8,92.7,84.8,5.0,7.4,10.0,0.4,0.2,7.16,12.05,14.49,11.73,6.0,5.3,12.0,0.3,0.4,0.3,3.93,6.3,12.45,7.93,6.0,6.61,12.0,0.3,0.4,0.3,-0.75,6.02,9.84,4.64,6.0,6.96,12.0,0.3,0.4,0.3,995.45,1001.95,1022.14,1006.65,6.0,14.46,12.0,0.3,0.4,0.3,5.6,6.0,6.4,6.0,6.0,1.3,12.0,0.3,0.4,0.3,20.3,63.8,186.3,113.8,6.0,147.3,12.0,0.3,0.4,0.3,-26.4,60.5,119.0,42.3,6.0,107.0,12.0,0.3,0.4,0.3,-0.24,-0.05,1.31,0.65,6.0,1.88,12.0,0.3,0.4,0.3,-3.1,-0.6,20.7,13.5,6.0,38.0,12.0,0.3,0.4,0.3,0.31,0.98,1.67,1.02,5.0,0.84,10.0,0.4,0.3,0.2,2.6,6.7,25.2,14.2,5.0,18.8,10.0,0.4,0.3,0.2,0.0,26.4,49.8,27.8,6.0,26.8,12.0,0.3,0.4,0.3,3.2,38.0,58.8,35.5,6.0,30.2,12.0,0.3,0.4,0.3,12.8,26.5,58.9,33.0,5.0,25.8,10.0,0.4,0.3,0.2,-5.5,31.6,45.1,22.3,5.0,32.2,10.0,0.4,0.3,0.2,0.8,2.1,20.3,10.8,5.0,18.8,10.0,0.4,0.3,0.2,-5.4,1.2,6.2,0.2,5.0,10.3,10.0,0.4,0.3,0.2,389.5,1752.0,3508.5,2497.0,6.0,3162.5,12.0,0.3,0.4,0.3,390.0,1750.0,3510.0,2495.0,6.0,3165.0,12.0,0.3,0.4,0.3
1974,2,216.0,50.0,5.06,5.8,7.0,5.95,8.0,0.97,16.0,0.5,0.5,0.5,4.13,6.1,6.87,5.62,9.0,1.9,18.0,0.4,0.5,0.5,4.32,4.92,5.24,4.82,7.0,0.6,18.0,0.6,0.5,0.5,77.7,86.4,93.0,87.0,7.0,9.1,18.0,0.6,0.5,4.88,10.8,15.0,10.38,9.0,4.76,18.0,0.4,0.5,0.5,-1.91,4.9,10.2,4.88,9.0,6.56,18.0,0.4,0.5,0.5,-1.35,3.69,12.48,5.0,9.0,6.78,18.0,0.4,0.5,0.5,990.27,992.1,1002.84,995.66,9.0,8.53,18.0,0.4,0.5,0.5,4.3,6.0,8.0,6.0,9.0,2.2,18.0,0.4,0.5,0.5,-25.0,48.0,148.2,58.3,9.0,96.1,18.0,0.4,0.5,0.5,-7.8,39.9,184.5,72.4,9.0,89.2,18.0,0.4,0.5,0.5,-0.94,0.75,2.57,0.5,8.0,2.05,16.0,0.5,0.5,0.5,-9.6,5.4,31.1,8.2,8.0,22.0,16.0,0.5,0.5,0.5,0.6,0.93,2.02,1.14,7.0,0.73,18.0,0.6,0.5,0.5,8.0,9.6,14.8,12.1,7.0,6.7,18.0,0.6,0.5,0.5,-8.9,27.7,52.2,22.0,9.0,31.1,18.0,0.4,0.5,0.5,-9.5,14.8,70.9,27.5,9.0,40.4,18.0,0.4,0.5,0.5,-12.6,25.6,53.0,23.5,7.0,33.8,18.0,0.6,0.5,0.5,-0.3,44.3,67.6,36.4,7.0,33.0,18.0,0.6,0.5,0.5,-2.4,6.2,14.7,7.0,7.0,9.5,18.0,0.6,0.5,0.5,-0.1,7.4,8.8,5.6,7.0,5.6,18.0,0.6,0.5,0.5,143.0,1259.5,3391.5,1712.0,9.0,1530.0,18.0,0.4,0.5,0.5,145.0,1260.0,3390.0,1710.0,9.0,1530.0,18.0,0.4,0.5,0.5
1974,2,216.0,51.0,4.0,4.5,6.0,5.08,13.0,1.58,10.0,0.4,0.7,0.5,2.24,5.0,6.39,4.65,15.0,2.41,12.0,0.5,0.7,0.5,3.47,4.31,5.54,4.51,12.0,1.27,12.0,0.5,0.6,0.6,74.5,85.1,92.6,83.4,12.0,10.2,12.0,0.5,0.6,6.42,10.8,14.96,10.69,15.0,4.27,12.0,0.5,0.7,0.5,-1.55,5.98,11.05,5.46,15.0,6.14,12.0,0.5,0.7,0.5,-1.06,6.77,9.92,4.31,15.0,7.15,12.0,0.5,0.7,0.5,989.55,1006.0,1014.71,1002.88,15.0,13.83,12.0,0.5,0.7,0.5,6.9,7.0,8.0,7.1,13.0,1.4,12.0,0.5,0.7,0.5,-4.0,61.4,144.4,78.6,15.0,83.1,12.0,0.5,0.7,0.5,-1.9,65.5,127.6,43.0,15.0,105.9,12.0,0.5,0.7,0.5,-2.0,0.0,3.55,0.56,13.0,2.44,10.0,0.4,0.7,0.5,-19.4,0.0,37.2,7.4,13.0,31.1,10.0,0.4,0.7,0.5,-0.33,0.91,2.21,0.91,10.0,1.28,12.0,0.4,0.6,0.6,-3.8,9.8,32.8,12.0,10.0,19.2,12.0,0.4,0.6,0.6,-3.1,17.4,50.3,21.9,15.0,29.1,12.0,0.5,0.7,0.5,-0.9,30.1,57.4,31.1,15.0,31.5,12.0,0.5,0.7,0.5,5.7,31.7,47.1,27.7,12.0,19.8,12.0,0.5,0.6,0.6,-8.1,32.9,53.5,26.2,12.0,34.5,12.0,0.5,0.6,0.6,-2.4,6.8,19.3,9.3,10.0,13.6,12.0,0.4,0.6,0.6,-15.3,-0.2,8.5,-3.6,10.0,15.3,12.0,0.4,0.6,0.6,268.5,1259.5,3376.0,1757.5,15.0,1643.0,12.0,0.5,0.7,0.5,270.0,1260.0,3375.0,1755.0,15.0,1645.0,12.0,0.5,0.7,0.5
1974,2,216.0,52.0,4.49,5.0,6.0,5.21,10.0,0.9,10.0,0.4,0.7,0.7,1.43,3.75,5.7,3.55,10.0,2.18,10.0,0.4,0.7,0.7,3.38,4.27,5.05,4.32,10.0,0.84,10.0,0.4,0.7,0.7,78.7,88.5,94.6,87.1,10.0,9.7,10.0,0.4,0.7,7.41,10.3,15.17,11.04,10.0,4.06,10.0,0.4,0.7,0.7,-3.57,2.73,10.01,3.49,10.0,7.51,10.0,0.4,0.7,0.7,-4.19,6.66,10.05,5.04,10.0,7.33,10.0,0.4,0.7,0.7,990.13,1007.8,1018.92,1006.37,10.0,14.68,10.0,0.4,0.7,0.7,6.6,8.0,8.0,7.4,5.0,0.9,12.0,0.4,0.7,0.8,-31.8,29.0,123.7,50.6,10.0,117.6,10.0,0.4,0.7,0.7,-26.1,79.0,107.7,59.9,10.0,100.7,10.0,0.4,0.7,0.7,-0.96,1.25,4.57,1.66,10.0,2.41,10.0,0.4,0.7,0.7,-8.7,9.4,49.7,22.4,10.0,33.9,10.0,0.4,0.7,0.7,0.21,1.14,2.32,1.2,10.0,1.02,10.0,0.4,0.7,0.7,1.5,9.4,26.5,13.9,10.0,13.2,10.0,0.4,0.7,0.7,-17.9,3.6,21.2,2.5,10.0,18.7,10.0,0.4,0.7,0.7,-1.5,31.1,50.9,25.6,10.0,26.8,10.0,0.4,0.7,0.7,-18.8,13.7,34.6,11.5,10.0,29.2,10.0,0.4,0.7,0.7,-16.2,29.3,52.8,24.6,10.0,32.8,10.0,0.4,0.7,0.7,-2.4,0.0,24.9,7.8,10.0,14.4,10.0,0.4,0.7,0.7,-7.2,1.5,13.6,3.0,10.0,10.2,10.0,0.4,0.7,0.7,409.0,1092.5,3598.5,1870.0,10.0,2014.0,10.0,0.4,0.7,0.7,410.0,1095.0,3600.0,1870.0,10.0,2015.0,10.0,0.4,0.7,0.7
1974,2,216.0,53.0,4.35,5.5,6.55,5.39,13.0,1.31,14.0,0.5,0.7,0.4,1.05,4.5,6.05,3.57,13.0,2.29,14.0,0.5,0.7,0.4,3.52,4.0,5.19,4.29,11.0,0.91,14.0,0.5,0.7,0.4,81.2,89.8,92.6,87.2,11.0,7.9,14.0,0.5,0.4,7.29,10.3,15.24,10.82,14.0,3.92,14.0,0.6,0.7,0.4,2.11,4.72,10.13,5.68,14.0,6.59,14.0,0.6,0.7,0.4,-1.99,4.39,11.62,4.32,14.0,6.57,14.0,0.6,0.7,0.4,979.91,1000.0,1008.77,996.49,14.0,13.86,14.0,0.6,0.7,0.4,5.8,8.0,8.0,7.1,11.0,1.8,14.0,0.6,0.7,0.4,14.5,42.5,149.4,72.1,14.0,104.2,14.0,0.6,0.7,0.4,-17.7,37.8,141.8,52.3,14.0,82.0,14.0,0.6,0.7,0.4,0.0,1.75,4.13,2.25,12.0,2.31,14.0,0.5,0.7,0.4,0.0,14.9,61.9,30.0,12.0,35.3,14.0,0.5,0.7,0.4,0.63,1.66,2.12,1.46,11.0,0.91,14.0,0.5,0.7,0.4,5.6,12.0,34.7,18.5,11.0,15.6,14.0,0.5,0.7,0.4,9.3,15.9,23.8,17.3,13.0,16.0,14.0,0.5,0.7,0.4,-7.6,5.8,58.2,17.6,13.0,27.6,14.0,0.5,0.7,0.4,13.6,24.3,41.6,25.1,11.0,18.6,14.0,0.5,0.7,0.4,-8.1,43.1,56.0,25.2,11.0,30.6,14.0,0.5,0.7,0.4,0.9,6.1,28.3,12.6,11.0,17.1,14.0,0.5,0.7,0.4,-3.6,1.1,15.1,4.2,11.0,11.7,14.0,0.5,0.7,0.4,391.0,1092.5,3557.5,1731.0,14.0,1630.5,14.0,0.6,0.7,0.4,390.0,1095.0,3555.0,1730.0,14.0,1630.0,14.0,0.6,0.7,0.4
1974,2,216.0,54.0,2.24,4.0,5.02,3.71,7.0,1.57,12.0,1.0,0.4,0.4,0.64,2.25,5.17,2.6,8.0,2.14,12.0,0.9,0.4,0.3,3.46,3.91,4.84,4.11,5.0,0.74,12.0,1.0,0.5,0.4,80.3,83.9,91.0,85.7,5.0,8.8,12.0,1.0,0.4,9.17,14.15,17.83,14.03,8.0,4.54,12.0,0.9,0.4,0.3,-3.16,11.29,15.46,8.17,8.0,10.42,12.0,0.9,0.4,0.3,-1.09,5.39,8.15,3.81,8.0,6.64,12.0,0.9,0.4,0.3,979.22,990.15,1003.67,990.98,8.0,11.14,12.0,0.9,0.4,0.3,7.9,8.0,8.0,7.7,7.0,0.8,12.0,0.9,0.4,0.2,-21.4,145.7,274.2,132.5,8.0,180.2,12.0,0.9,0.4,0.3,-8.5,60.4,140.9,54.4,8.0,112.0,12.0,0.9,0.4,0.3,-0.5,1.0,1.97,1.03,7.0,1.36,12.0,1.0,0.4,0.4,-3.9,12.9,31.9,13.6,7.0,18.5,12.0,1.0,0.4,0.4,0.51,0.72,1.78,1.04,5.0,0.69,12.0,1.0,0.5,0.4,4.3,14.7,25.3,15.1,5.0,11.2,12.0,1.0,0.5,0.4,-23.6,13.2,28.8,16.9,8.0,42.5,12.0,0.9,0.4,0.3,-3.4,7.3,32.9,12.3,8.0,20.0,12.0,0.9,0.4,0.3,-28.4,33.1,65.0,22.8,5.0,53.1,12.0,1.0,0.5,0.4,20.8,27.7,37.4,28.4,5.0,12.9,12.0,1.0,0.5,0.4,-8.8,3.7,15.2,2.7,5.0,14.5,12.0,1.0,0.5,0.4,2.5,5.0,17.6,9.3,5.0,9.1,12.0,1.0,0.5,0.4,823.5,2899.5,5683.5,3505.5,8.0,2814.0,12.0,0.9,0.4,0.3,825.0,2900.0,5685.0,3505.0,8.0,2815.0,12.0,0.9,0.4,0.3
1974,2,216.0,55.0,3.4,3.85,4.4,3.79,8.0,1.15,12.0,0.6,0.5,0.2,0.11,1.5,3.83,1.73,8.0,1.88,12.0,0.6,0.5,0.2,3.06,3.59,4.41,3.74,8.0,0.71,12.0,0.6,0.5,0.2,75.8,82.2,92.4,84.7,8.0,9.2,12.0,0.6,0.2,10.3,12.1,17.71,12.8,8.0,4.13,12.0,0.6,0.5,0.2,-6.94,6.76,14.93,5.24,8.0,10.08,12.0,0.6,0.5,0.2,-2.58,5.56,10.54,5.01,8.0,6.53,12.0,0.6,0.5,0.2,979.84,991.1,1005.49,991.55,8.0,15.41,12.0,0.6,0.5,0.2,6.0,6.0,8.0,6.9,7.0,1.1,12.0,0.7,0.5,0.1,-88.9,71.7,262.6,85.8,8.0,156.4,12.0,0.6,0.5,0.2,-30.8,69.2,158.2,69.2,8.0,96.9,12.0,0.6,0.5,0.2,0.06,2.0,4.24,2.06,8.0,2.02,12.0,0.6,0.5,0.2,0.6,28.6,66.8,31.3,8.0,31.8,12.0,0.6,0.5,0.2,0.86,1.2,2.06,1.34,8.0,0.74,12.0,0.6,0.5,0.2,6.0,13.0,34.7,19.3,8.0,15.2,12.0,0.6,0.5,0.2,-19.4,1.9,24.9,1.3,8.0,24.4,12.0,0.6,0.5,0.2,-5.0,8.2,10.8,5.3,8.0,12.0,12.0,0.6,0.5,0.2,-30.0,24.1,51.2,15.3,8.0,38.9,12.0,0.6,0.5,0.2,-8.1,20.0,38.0,17.3,8.0,21.7,12.0,0.6,0.5,0.2,-1.1,8.2,32.5,12.5,8.0,16.1,12.0,0.6,0.5,0.2,-3.7,5.2,20.5,7.8,8.0,12.2,12.0,0.6,0.5,0.2,1092.5,1795.0,5590.5,2666.0,8.0,2192.0,12.0,0.6,0.5,0.2,1095.0,1795.0,5590.0,2665.0,8.0,2190.0,12.0,0.6,0.5,0.2
1974,2,216.0,56.0,3.83,4.5,5.76,4.67,9.0,0.95,18.0,0.7,0.8,0.6,-1.54,2.8,5.1,2.08,9.0,3.26,18.0,0.7,0.8,0.6,4.65,4.79,5.15,4.87,6.0,0.27,20.0,0.8,0.7,0.6,89.2,95.9,100.0,94.6,6.0,6.2,20.0,0.8,0.6,5.4,14.9,17.73,12.17,9.0,5.89,18.0,0.7,0.8,0.6,-3.48,6.16,13.9,5.02,9.0,7.98,18.0,0.7,0.8,0.6,0.64,6.2,14.38,6.24,9.0,8.08,18.0,0.7,0.8,0.6,984.07,994.9,1001.37,993.13,9.0,9.94,18.0,0.7,0.8,0.6,4.0,7.0,8.0,6.6,7.0,1.8,18.0,0.6,0.7,0.6,-20.7,110.8,208.7,93.7,9.0,115.0,18.0,0.7,0.8,0.6,2.0,38.6,246.0,89.8,9.0,142.8,18.0,0.7,0.8,0.6,-0.23,2.0,5.0,2.59,9.0,2.92,18.0,0.7,0.8,0.6,-1.6,28.8,76.3,37.3,9.0,49.1,18.0,0.7,0.8,0.6,0.18,0.61,1.04,0.63,6.0,0.41,20.0,0.8,0.7,0.6,2.8,3.9,10.5,5.7,6.0,4.3,20.0,0.8,0.7,0.6,-19.2,-8.9,18.4,-5.8,9.0,23.1,18.0,0.7,0.8,0.6,-2.1,23.8,42.7,23.9,9.0,32.8,18.0,0.7,0.8,0.6,-19.7,-4.7,33.8,3.6,6.0,27.4,20.0,0.8,0.7,0.6,8.8,41.6,76.4,42.5,6.0,34.3,20.0,0.8,0.7,0.6,-2.7,-0.4,1.9,-0.2,6.0,3.2,20.0,0.8,0.7,0.6,2.2,3.6,9.3,5.0,6.0,4.1,20.0,0.8,0.7,0.6,161.0,3308.0,5584.0,2842.5,9.0,2411.0,18.0,0.7,0.8,0.6,160.0,3310.0,5585.0,2840.0,9.0,2410.0,18.0,0.7,0.8,0.6
1974,2,216.0,57.0,3.3,3.3,3.3,3.3,1.0,0.0,20.0,1.0,0.4,0.1,3.3,3.3,3.3,3.3,1.0,0.0,20.0,1.0,0.4,0.1,4.14,4.14,4.14,4.14,1.0,0.0,20.0,1.0,0.4,0.1,83.1,83.1,83.1,83.1,1.0,0.0,20.0,1.0,0.1,8.2,8.2,8.2,8.2,1.0,0.0,20.0,1.0,0.4,0.1,-8.2,-8.2,-8.2,-8.2,1.0,0.0,20.0,1.0,0.4,0.1,0.0,0.0,0.0,0.0,1.0,0.0,20.0,1.0,0.4,0.1,972.6,972.6,972.6,972.6,1.0,0.0,20.0,1.0,0.4,0.1,8.0,8.0,8.0,8.0,1.0,0.0,20.0,1.0,0.4,0.1,-67.2,-67.2,-67.2,-67.2,1.0,0.0,20.0,1.0,0.4,0.1,0.0,0.0,0.0,0.0,1.0,0.0,20.0,1.0,0.4,0.1,0.0,0.0,0.0,0.0,1.0,0.0,20.0,1.0,0.4,0.1,0.0,0.0,0.0,0.0,1.0,0.0,20.0,1.0,0.4,0.1,0.85,0.85,0.85,0.85,1.0,0.0,20.0,1.0,0.4,0.1,6.9,6.9,6.9,6.9,1.0,0.0,20.0,1.0,0.4,0.1,-27.1,-27.1,-27.1,-27.1,1.0,0.0,20.0,1.0,0.4,0.1,0.0,0.0,0.0,0.0,1.0,0.0,20.0,1.0,0.4,0.1,-33.9,-33.9,-33.9,-33.9,1.0,0.0,20.0,1.0,0.4,0.1,0.0,0.0,0.0,0.0,1.0,0.0,20.0,1.0,0.4,0.1,-6.9,-6.9,-6.9,-6.9,1.0,0.0,20.0,1.0,0.4,0.1,0.0,0.0,0.0,0.0,1.0,0.0,20.0,1.0,0.4,0.1,551.5,551.5,551.5,551.5,1.0,0.0,20.0,1.0,0.4,0.1,550.0,550.0,550.0,550.0,1.0,0.0,20.0,1.0,0.4,0.1
1974,2,217.0,-42.0,,,,,,,,,,,,,,,,,,,,,,,,,,,,,,,,,,,,,,,,10.0,10.0,10.0,10.0,1.0,0.0,6.0,1.0,1.0,0.2,5.0,5.0,5.0,5.0,1.0,0.0,6.0,1.0,1.0,0.2,-8.66,-8.66,-8.66,-8.66,1.0,0.0,6.0,1.0,1.0,0.2,1018.0,1018.0,1018.0,1018.0,1.0,0.0,6.0,1.0,1.0,0.2,,,,,,,,,,,,,,,,,,,,,,,,,,,,,,,,,,,,,,,,,,,,,,,,,,,,,,,,,,,,,,,,,,,,,,,,,,,,,,,,,,,,,,,,,,,,,,,,,,,,,,,,,,,,,,,,,,,,,,,,,,,,,,,,,,,,,,,,,,,,,,,,,,,,,,
1974,2,217.0,-39.0,18.7,18.7,18.7,18.7,1.0,0.0,4.0,1.0,1.0,0.6,16.8,16.8,16.8,16.8,1.0,0.0,4.0,1.0,1.0,0.6,6.93,6.93,6.93,6.93,1.0,0.0,4.0,1.0,1.0,0.6,58.4,58.4,58.4,58.4,1.0,0.0,4.0,1.0,0.6,3.6,3.6,3.6,3.6,1.0,0.0,4.0,1.0,1.0,0.6,3.12,3.12,3.12,3.12,1.0,0.0,4.0,1.0,1.0,0.6,1.8,1.8,1.8,1.8,1.0,0.0,4.0,1.0,1.0,0.6,1011.2,1011.2,1011.2,1011.2,1.0,0.0,4.0,1.0,1.0,0.6,6.0,6.0,6.0,6.0,1.0,0.0,4.0,1.0,1.0,0.6,11.2,11.2,11.2,11.2,1.0,0.0,4.0,1.0,1.0,0.6,6.5,6.5,6.5,6.5,1.0,0.0,4.0,1.0,1.0,0.6,1.9,1.9,1.9,1.9,1.0,0.0,4.0,1.0,1.0,0.6,6.8,6.8,6.8,6.8,1.0,0.0,4.0,1.0,1.0,0.6,6.5,6.5,6.5,6.5,1.0,0.0,4.0,1.0,1.0,0.6,23.4,23.4,23.4,23.4,1.0,0.0,4.0,1.0,1.0,0.6,52.4,52.4,52.4,52.4,1.0,0.0,4.0,1.0,1.0,0.6,30.2,30.2,30.2,30.2,1.0,0.0,4.0,1.0,1.0,0.6,21.6,21.6,21.6,21.6,1.0,0.0,4.0,1.0,1.0,0.6,12.5,12.5,12.5,12.5,1.0,0.0,4.0,1.0,1.0,0.6,20.3,20.3,20.3,20.3,1.0,0.0,4.0,1.0,1.0,0.6,11.7,11.7,11.7,11.7,1.0,0.0,4.0,1.0,1.0,0.6,46.5,46.5,46.5,46.5,1.0,0.0,4.0,1.0,1.0,0.6,45.0,45.0,45.0,45.0,1.0,0.0,4.0,1.0,1.0,0.6
1974,2,217.0,-38.0,21.7,21.7,21.7,21.7,1.0,0.0,2.0,1.0,1.0,0.2,21.5,21.5,21.5,21.5,1.0,0.0,2.0,1.0,1.0,0.2,15.31,15.31,15.31,15.31,1.0,0.0,2.0,1.0,1.0,0.2,95.8,95.8,95.8,95.8,1.0,0.0,2.0,1.0,0.2,13.4,13.4,13.4,13.4,1.0,0.0,2.0,1.0,1.0,0.2,2.33,2.33,2.33,2.33,1.0,0.0,2.0,1.0,1.0,0.2,-13.2,-13.2,-13.2,-13.2,1.0,0.0,2.0,1.0,1.0,0.2,1011.5,1011.5,1011.5,1011.5,1.0,0.0,2.0,1.0,1.0,0.2,8.0,8.0,8.0,8.0,1.0,0.0,2.0,1.0,1.0,0.2,31.2,31.2,31.2,31.2,1.0,0.0,2.0,1.0,1.0,0.2,-176.8,-176.8,-176.8,-176.8,1.0,0.0,2.0,1.0,1.0,0.2,0.2,0.2,0.2,0.2,1.0,0.0,2.0,1.0,1.0,0.2,2.7,2.7,2.7,2.7,1.0,0.0,2.0,1.0,1.0,0.2,0.88,0.88,0.88,0.88,1.0,0.0,2.0,1.0,1.0,0.2,11.8,11.8,11.8,11.8,1.0,0.0,2.0,1.0,1.0,0.2,50.0,50.0,50.0,50.0,1.0,0.0,2.0,1.0,1.0,0.2,-283.7,-283.7,-283.7,-283.7,1.0,0.0,2.0,1.0,1.0,0.2,35.6,35.6,35.6,35.6,1.0,0.0,2.0,1.0,1.0,0.2,-202.0,-202.0,-202.0,-202.0,1.0,0.0,2.0,1.0,1.0,0.2,2.0,2.0,2.0,2.0,1.0,0.0,2.0,1.0,1.0,0.2,-11.6,-11.6,-11.6,-11.6,1.0,0.0,2.0,1.0,1.0,0.2,2406.0,2406.0,2406.0,2406.0,1.0,0.0,2.0,1.0,1.0,0.2,2405.0,2405.0,2405.0,2405.0,1.0,0.0,2.0,1.0,1.0,0.2
1974,2,217.0,-37.0,20.6,20.6,20.6,20.6,1.0,0.0,4.0,0.0,0.1,0.7,16.7,16.7,16.7,16.7,1.0,0.0,4.0,0.0,0.1,0.7,7.54,7.54,7.54,7.54,1.0,0.0,4.0,0.0,0.1,0.7,64.2,64.2,64.2,64.2,1.0,0.0,4.0,0.0,0.7,4.1,4.1,4.1,4.1,1.0,0.0,4.0,0.0,0.1,0.7,4.1,4.1,4.1,4.1,1.0,0.0,4.0,0.0,0.1,0.7,0.0,0.0,0.0,0.0,1.0,0.0,4.0,0.0,0.1,0.7,1015.2,1015.2,1015.2,1015.2,1.0,0.0,4.0,0.0,0.1,0.7,5.0,5.0,5.0,5.0,1.0,0.0,4.0,0.0,0.1,0.7,16.8,16.8,16.8,16.8,1.0,0.0,4.0,0.0,0.1,0.7,0.0,0.0,0.0,0.0,1.0,0.0,4.0,0.0,0.1,0.7,3.9,3.9,3.9,3.9,1.0,0.0,4.0,0.0,0.1,0.7,16.0,16.0,16.0,16.0,1.0,0.0,4.0,0.0,0.1,0.7,7.53,7.53,7.53,7.53,1.0,0.0,4.0,0.0,0.1,0.7,30.9,30.9,30.9,30.9,1.0,0.0,4.0,0.0,0.1,0.7,68.5,68.5,68.5,68.5,1.0,0.0,4.0,0.0,0.1,0.7,0.0,0.0,0.0,0.0,1.0,0.0,4.0,0.0,0.1,0.7,30.9,30.9,30.9,30.9,1.0,0.0,4.0,0.0,0.1,0.7,0.0,0.0,0.0,0.0,1.0,0.0,4.0,0.0,0.1,0.7,30.9,30.9,30.9,30.9,1.0,0.0,4.0,0.0,0.1,0.7,0.0,0.0,0.0,0.0,1.0,0.0,4.0,0.0,0.1,0.7,69.0,69.0,69.0,69.0,1.0,0.0,4.0,0.0,0.1,0.7,70.0,70.0,70.0,70.0,1.0,0.0,4.0,0.0,0.1,0.7
1974,2,217.0,-35.0,20.85,21.4,21.95,21.4,2.0,1.13,24.0,0.0,0.7,0.7,19.83,20.1,20.37,20.1,2.0,0.57,24.0,0.0,0.7,0.7,9.95,10.29,10.64,10.29,2.0,0.71,24.0,0.0,0.7,0.7,67.9,71.2,74.6,71.2,2.0,7.0,24.0,0.0,0.7,3.49,5.4,7.31,5.4,2.0,3.96,24.0,0.0,0.7,0.7,-5.71,-2.72,0.28,-2.72,2.0,6.2,24.0,0.0,0.7,0.7,2.33,3.05,3.77,3.05,2.0,1.49,24.0,0.0,0.7,0.7,1019.78,1022.1,1024.42,1022.1,2.0,4.81,24.0,0.0,0.7,0.7,3.2,3.5,3.8,3.5,2.0,0.7,24.0,0.0,0.7,0.7,-48.3,-26.9,-5.6,-26.9,2.0,44.2,24.0,0.0,0.7,0.7,9.7,19.4,29.1,19.4,2.0,20.1,24.0,0.0,0.7,0.7,1.03,1.3,1.57,1.3,2.0,0.57,24.0,0.0,0.7,0.7,4.9,5.9,6.9,5.9,2.0,2.1,24.0,0.0,0.7,0.7,4.61,5.45,6.29,5.45,2.0,1.74,24.0,0.0,0.7,0.7,20.1,26.0,31.9,26.0,2.0,12.2,24.0,0.0,0.7,0.7,-112.3,-52.8,6.6,-52.8,2.0,123.1,24.0,0.0,0.7,0.7,47.2,60.8,74.4,60.8,2.0,28.2,24.0,0.0,0.7,0.7,-61.9,-30.1,1.6,-30.1,2.0,65.8,24.0,0.0,0.7,0.7,23.4,31.9,40.3,31.9,2.0,17.5,24.0,0.0,0.7,0.7,-23.4,-9.4,4.6,-9.4,2.0,29.1,24.0,0.0,0.7,0.7,13.9,15.3,16.7,15.3,2.0,2.8,24.0,0.0,0.7,0.7,102.5,284.5,466.5,284.5,2.0,377.5,24.0,0.0,0.7,0.7,100.0,285.0,465.0,285.0,2.0,375.0,24.0,0.0,0.7,0.7
1974,2,217.0,-34.0,24.3,24.3,24.3,24.3,1.0,0.0,16.0,1.0,0.9,0.7,21.0,21.0,21.0,21.0,1.0,0.0,16.0,1.0,0.9,0.7,14.75,14.75,14.75,14.75,1.0,0.0,16.0,1.0,0.9,0.7,95.8,95.8,95.8,95.8,1.0,0.0,16.0,1.0,0.7,6.2,6.2,6.2,6.2,1.0,0.0,16.0,1.0,0.9,0.7,-2.12,-2.12,-2.12,-2.12,1.0,0.0,16.0,1.0,0.9,0.7,5.83,5.83,5.83,5.83,1.0,0.0,16.0,1.0,0.9,0.7,1017.8,1017.8,1017.8,1017.8,1.0,0.0,16.0,1.0,0.9,0.7,8.0,8.0,8.0,8.0,1.0,0.0,16.0,1.0,0.9,0.7,-13.1,-13.1,-13.1,-13.1,1.0,0.0,16.0,1.0,0.9,0.7,36.1,36.1,36.1,36.1,1.0,0.0,16.0,1.0,0.9,0.7,3.3,3.3,3.3,3.3,1.0,0.0,16.0,1.0,0.9,0.7,20.5,20.5,20.5,20.5,1.0,0.0,16.0,1.0,0.9,0.7,4.12,4.12,4.12,4.12,1.0,0.0,16.0,1.0,0.9,0.7,25.5,25.5,25.5,25.5,1.0,0.0,16.0,1.0,0.9,0.7,-44.5,-44.5,-44.5,-44.5,1.0,0.0,16.0,1.0,0.9,0.7,122.3,122.3,122.3,122.3,1.0,0.0,16.0,1.0,0.9,0.7,-31.3,-31.3,-31.3,-31.3,1.0,0.0,16.0,1.0,0.9,0.7,85.9,85.9,85.9,85.9,1.0,0.0,16.0,1.0,0.9,0.7,-8.7,-8.7,-8.7,-8.7,1.0,0.0,16.0,1.0,0.9,0.7,24.0,24.0,24.0,24.0,1.0,0.0,16.0,1.0,0.9,0.7,238.5,238.5,238.5,238.5,1.0,0.0,16.0,1.0,0.9,0.7,240.0,240.0,240.0,240.0,1.0,0.0,16.0,1.0,0.9,0.7
1974,2,217.0,-31.0,23.32,24.0,24.68,24.0,2.0,1.41,10.0,0.5,0.8,0.6,24.44,25.4,26.36,25.4,2.0,1.98,10.0,0.5,0.8,0.6,14.54,15.53,16.53,15.53,2.0,2.07,10.0,0.5,0.8,0.6,76.7,77.3,78.0,77.3,2.0,1.3,10.0,0.5,0.6,3.34,3.85,4.36,3.85,2.0,1.06,10.0,0.5,0.8,0.6,-4.33,-3.76,-3.18,-3.76,2.0,1.19,10.0,0.5,0.8,0.6,-0.89,-0.53,-0.17,-0.53,2.0,0.75,10.0,0.5,0.8,0.6,1021.56,1022.75,1023.94,1022.75,2.0,2.47,10.0,0.5,0.8,0.6,2.1,4.5,6.9,4.5,2.0,4.9,10.0,0.5,0.8,0.6,-19.2,-15.1,-11.0,-15.1,2.0,8.6,10.0,0.5,0.8,0.6,-2.8,-1.6,-0.5,-1.6,2.0,2.3,10.0,0.5,0.8,0.6,-1.67,-1.4,-1.13,-1.4,2.0,0.57,10.0,0.5,0.8,0.6,-7.5,-5.7,-3.9,-5.7,2.0,3.7,10.0,0.5,0.8,0.6,2.67,2.93,3.18,2.93,2.0,0.53,10.0,0.5,0.8,0.6,10.5,11.0,11.5,11.0,2.0,1.1,10.0,0.5,0.8,0.6,-114.8,-96.6,-78.4,-96.6,2.0,37.7,10.0,0.5,0.8,0.6,-21.4,-12.7,-4.0,-12.7,2.0,18.0,10.0,0.5,0.8,0.6,-72.3,-59.6,-46.9,-59.6,2.0,26.3,10.0,0.5,0.8,0.6,-12.6,-7.5,-2.4,-7.5,2.0,10.6,10.0,0.5,0.8,0.6,-11.4,-10.7,-10.0,-10.7,2.0,1.5,10.0,0.5,0.8,0.6,-2.9,-1.7,-0.6,-1.7,2.0,2.5,10.0,0.5,0.8,0.6,40.5,63.5,86.5,63.5,2.0,48.0,10.0,0.5,0.8,0.6,40.0,65.0,85.0,65.0,2.0,50.0,10.0,0.5,0.8,0.6
1974,2,217.0,-30.0,26.2,26.2,26.2,26.2,1.0,0.0,22.0,0.0,0.3,0.4,25.6,25.6,25.6,25.6,1.0,0.0,22.0,0.0,0.3,0.4,16.14,16.14,16.14,16.14,1.0,0.0,22.0,0.0,0.3,0.4,79.5,79.5,79.5,79.5,1.0,0.0,22.0,0.0,0.4,2.6,2.6,2.6,2.6,1.0,0.0,22.0,0.0,0.3,0.4,-2.44,-2.44,-2.44,-2.44,1.0,0.0,22.0,0.0,0.3,0.4,-0.89,-0.89,-0.89,-0.89,1.0,0.0,22.0,0.0,0.3,0.4,1020.7,1020.7,1020.7,1020.7,1.0,0.0,22.0,0.0,0.3,0.4,1.0,1.0,1.0,1.0,1.0,0.0,22.0,0.0,0.3,0.4,-6.4,-6.4,-6.4,-6.4,1.0,0.0,22.0,0.0,0.3,0.4,-2.3,-2.3,-2.3,-2.3,1.0,0.0,22.0,0.0,0.3,0.4,0.6,0.6,0.6,0.6,1.0,0.0,22.0,0.0,0.3,0.4,1.6,1.6,1.6,1.6,1.0,0.0,22.0,0.0,0.3,0.4,4.95,4.95,4.95,4.95,1.0,0.0,22.0,0.0,0.3,0.4,12.9,12.9,12.9,12.9,1.0,0.0,22.0,0.0,0.3,0.4,-62.5,-62.5,-62.5,-62.5,1.0,0.0,22.0,0.0,0.3,0.4,-22.8,-22.8,-22.8,-22.8,1.0,0.0,22.0,0.0,0.3,0.4,-39.4,-39.4,-39.4,-39.4,1.0,0.0,22.0,0.0,0.3,0.4,-14.4,-14.4,-14.4,-14.4,1.0,0.0,22.0,0.0,0.3,0.4,-12.1,-12.1,-12.1,-12.1,1.0,0.0,22.0,0.0,0.3,0.4,-4.4,-4.4,-4.4,-4.4,1.0,0.0,22.0,0.0,0.3,0.4,17.5,17.5,17.5,17.5,1.0,0.0,22.0,0.0,0.3,0.4,20.0,20.0,20.0,20.0,1.0,0.0,22.0,0.0,0.3,0.4
1974,2,217.0,-27.0,,,,,,,,,,,,,,,,,,,,,,,,,,,,,,,,,,,,,,,,0.0,0.0,0.0,0.0,1.0,0.0,22.0,0.0,0.1,0.3,0.0,0.0,0.0,0.0,1.0,0.0,22.0,0.0,0.1,0.3,0.0,0.0,0.0,0.0,1.0,0.0,22.0,0.0,0.1,0.3,1010.0,1010.0,1010.0,1010.0,1.0,0.0,22.0,0.0,0.1,0.3,,,,,,,,,,,,,,,,,,,,,,,,,,,,,,,,,,,,,,,,,,,,,,,,,,,,,,,,,,,,,,,,,,,,,,,,,,,,,,,,,,,,,,,,,,,,,,,,,,,,,,,,,,,,,,,,,,,,,,,,,,,,,,,,,,,,,,,,,,,,,,,,,,,,,,
1974,2,217.0,-25.0,26.7,26.7,26.7,26.7,1.0,0.0,22.0,1.0,0.8,0.4,27.5,27.5,27.5,27.5,1.0,0.0,22.0,1.0,0.8,0.4,17.42,17.42,17.42,17.42,1.0,0.0,22.0,1.0,0.8,0.4,76.5,76.5,76.5,76.5,1.0,0.0,22.0,1.0,0.4,10.8,10.8,10.8,10.8,1.0,0.0,22.0,1.0,0.8,0.4,-10.15,-10.15,-10.15,-10.15,1.0,0.0,22.0,1.0,0.8,0.4,-3.69,-3.69,-3.69,-3.69,1.0,0.0,22.0,1.0,0.8,0.4,1018.1,1018.1,1018.1,1018.1,1.0,0.0,22.0,1.0,0.8,0.4,3.0,3.0,3.0,3.0,1.0,0.0,22.0,1.0,0.8,0.4,-109.6,-109.6,-109.6,-109.6,1.0,0.0,22.0,1.0,0.8,0.4,-39.9,-39.9,-39.9,-39.9,1.0,0.0,22.0,1.0,0.8,0.4,-0.8,-0.8,-0.8,-0.8,1.0,0.0,22.0,1.0,0.8,0.4,-8.6,-8.6,-8.6,-8.6,1.0,0.0,22.0,1.0,0.8,0.4,4.37,4.37,4.37,4.37,1.0,0.0,22.0,1.0,0.8,0.4,47.2,47.2,47.2,47.2,1.0,0.0,22.0,1.0,0.8,0.4,-279.1,-279.1,-279.1,-279.1,1.0,0.0,22.0,1.0,0.8,0.4,-101.6,-101.6,-101.6,-101.6,1.0,0.0,22.0,1.0,0.8,0.4,-176.8,-176.8,-176.8,-176.8,1.0,0.0,22.0,1.0,0.8,0.4,-64.4,-64.4,-64.4,-64.4,1.0,0.0,22.0,1.0,0.8,0.4,-44.3,-44.3,-44.3,-44.3,1.0,0.0,22.0,1.0,0.8,0.4,-16.1,-16.1,-16.1,-16.1,1.0,0.0,22.0,1.0,0.8,0.4,1259.5,1259.5,1259.5,1259.5,1.0,0.0,22.0,1.0,0.8,0.4,1260.0,1260.0,1260.0,1260.0,1.0,0.0,22.0,1.0,0.8,0.4
1974,2,217.0,-24.0,26.6,26.6,26.6,26.6,1.0,0.0,4.0,1.0,0.6,0.2,25.8,25.8,25.8,25.8,1.0,0.0,4.0,1.0,0.6,0.2,15.71,15.71,15.71,15.71,1.0,0.0,4.0,1.0,0.6,0.2,76.2,76.2,76.2,76.2,1.0,0.0,4.0,1.0,0.2,3.6,3.6,3.6,3.6,1.0,0.0,4.0,1.0,0.6,0.2,-1.8,-1.8,-1.8,-1.8,1.0,0.0,4.0,1.0,0.6,0.2,-3.12,-3.12,-3.12,-3.12,1.0,0.0,4.0,1.0,0.6,0.2,1016.8,1016.8,1016.8,1016.8,1.0,0.0,4.0,1.0,0.6,0.2,7.0,7.0,7.0,7.0,1.0,0.0,4.0,1.0,0.6,0.2,-6.5,-6.5,-6.5,-6.5,1.0,0.0,4.0,1.0,0.6,0.2,-11.2,-11.2,-11.2,-11.2,1.0,0.0,4.0,1.0,0.6,0.2,0.8,0.8,0.8,0.8,1.0,0.0,4.0,1.0,0.6,0.2,2.9,2.9,2.9,2.9,1.0,0.0,4.0,1.0,0.6,0.2,5.98,5.98,5.98,5.98,1.0,0.0,4.0,1.0,0.6,0.2,21.5,21.5,21.5,21.5,1.0,0.0,4.0,1.0,0.6,0.2,-46.4,-46.4,-46.4,-46.4,1.0,0.0,4.0,1.0,0.6,0.2,-80.4,-80.4,-80.4,-80.4,1.0,0.0,4.0,1.0,0.6,0.2,-28.3,-28.3,-28.3,-28.3,1.0,0.0,4.0,1.0,0.6,0.2,-49.0,-49.0,-49.0,-49.0,1.0,0.0,4.0,1.0,0.6,0.2,-10.8,-10.8,-10.8,-10.8,1.0,0.0,4.0,1.0,0.6,0.2,-18.6,-18.6,-18.6,-18.6,1.0,0.0,4.0,1.0,0.6,0.2,46.5,46.5,46.5,46.5,1.0,0.0,4.0,1.0,0.6,0.2,45.0,45.0,45.0,45.0,1.0,0.0,4.0,1.0,0.6,0.2
1974,2,217.0,-21.0,26.8,26.8,26.8,26.8,1.0,0.0,14.0,1.0,0.3,0.5,28.5,28.5,28.5,28.5,1.0,0.0,14.0,1.0,0.3,0.5,16.4,16.4,16.4,16.4,1.0,0.0,14.0,1.0,0.3,0.5,67.9,67.9,67.9,67.9,1.0,0.0,14.0,1.0,0.5,,,,,,,,,,,,,,,,,,,,,,,,,,,,,,,,,,,,,,,,,,,,,,,,,,,,,,,,,,,,,,,,,,,,,,,,,,,,,,,,,,,,,,,,,,,,,,,,,,,,,,,,,,,,,,,,,,,,,,,,,,,,,,,,,,,,,,,,,,,,,,,,,,,,,,,,,,,,,,,,,,,,,,,,,,,,,,,,,,,,,,,,,,,,,,
1974,2,217.0,-15.0,28.0,28.0,28.0,28.0,1.0,0.0,8.0,0.0,0.4,0.2,27.0,27.0,27.0,27.0,1.0,0.0,8.0,0.0,0.4,0.2,15.85,15.85,15.85,15.85,1.0,0.0,8.0,0.0,0.4,0.2,71.4,71.4,71.4,71.4,1.0,0.0,8.0,0.0,0.2,7.2,7.2,7.2,7.2,1.0,0.0,8.0,0.0,0.4,0.2,-6.24,-6.24,-6.24,-6.24,1.0,0.0,8.0,0.0,0.4,0.2,3.6,3.6,3.6,3.6,1.0,0.0,8.0,0.0,0.4,0.2,1014.0,1014.0,1014.0,1014.0,1.0,0.0,8.0,0.0,0.4,0.2,7.0,7.0,7.0,7.0,1.0,0.0,8.0,0.0,0.4,0.2,-44.9,-44.9,-44.9,-44.9,1.0,0.0,8.0,0.0,0.4,0.2,25.9,25.9,25.9,25.9,1.0,0.0,8.0,0.0,0.4,0.2,1.0,1.0,1.0,1.0,1.0,0.0,8.0,0.0,0.4,0.2,7.2,7.2,7.2,7.2,1.0,0.0,8.0,0.0,0.4,0.2,7.79,7.79,7.79,7.79,1.0,0.0,8.0,0.0,0.4,0.2,56.1,56.1,56.1,56.1,1.0,0.0,8.0,0.0,0.4,0.2,-168.4,-168.4,-168.4,-168.4,1.0,0.0,8.0,0.0,0.4,0.2,97.2,97.2,97.2,97.2,1.0,0.0,8.0,0.0,0.4,0.2,-98.8,-98.8,-98.8,-98.8,1.0,0.0,8.0,0.0,0.4,0.2,57.1,57.1,57.1,57.1,1.0,0.0,8.0,0.0,0.4,0.2,-48.6,-48.6,-48.6,-48.6,1.0,0.0,8.0,0.0,0.4,0.2,28.0,28.0,28.0,28.0,1.0,0.0,8.0,0.0,0.4,0.2,373.0,373.0,373.0,373.0,1.0,0.0,8.0,0.0,0.4,0.2,375.0,375.0,375.0,375.0,1.0,0.0,8.0,0.0,0.4,0.2
1974,2,217.0,-12.0,25.8,26.0,27.98,26.87,3.0,1.77,18.0,0.7,0.6,0.5,26.45,27.0,27.34,26.9,3.0,0.66,18.0,0.7,0.6,0.5,18.16,18.63,19.11,18.63,2.0,0.98,12.0,0.5,0.4,0.7,80.4,84.6,88.9,84.6,2.0,8.9,12.0,0.5,0.7,4.6,4.6,4.6,4.6,3.0,0.0,18.0,0.7,0.6,0.5,-4.4,-3.98,-3.67,-4.04,3.0,0.54,18.0,0.7,0.6,0.5,0.73,2.3,2.75,1.75,3.0,1.55,18.0,0.7,0.6,0.5,1011.86,1012.0,1012.82,1012.33,3.0,0.76,18.0,0.7,0.6,0.5,3.0,3.0,5.0,4.0,3.0,1.7,18.0,0.7,0.6,0.5,-20.3,-18.3,-16.9,-18.6,3.0,2.5,18.0,0.7,0.6,0.5,3.4,10.6,12.6,8.1,3.0,7.1,18.0,0.7,0.6,0.5,-0.84,-0.5,0.8,-0.03,3.0,1.27,18.0,0.7,0.6,0.5,-3.9,-2.3,3.7,-0.2,3.0,5.8,18.0,0.7,0.6,0.5,2.23,4.17,6.11,4.17,2.0,4.02,12.0,0.5,0.4,0.7,10.3,19.2,28.1,19.2,2.0,18.5,12.0,0.5,0.4,0.7,-117.9,-104.4,-99.3,-108.5,3.0,14.1,18.0,0.7,0.6,0.5,19.1,60.3,74.6,47.2,3.0,42.2,18.0,0.7,0.6,0.5,-74.8,-70.1,-65.4,-70.1,2.0,9.7,12.0,0.5,0.4,0.7,45.8,48.7,51.7,48.7,2.0,6.1,12.0,0.5,0.4,0.7,-21.6,-15.0,-8.4,-15.0,2.0,13.7,12.0,0.5,0.4,0.7,5.9,11.9,17.9,11.9,2.0,12.5,12.0,0.5,0.4,0.7,97.5,97.5,97.5,97.5,3.0,0.0,18.0,0.7,0.6,0.5,95.0,95.0,95.0,95.0,3.0,0.0,18.0,0.7,0.6,0.5
1974,2,217.0,-11.0,26.86,27.0,27.55,27.2,3.0,0.53,18.0,0.3,0.9,0.4,26.64,26.95,27.26,26.95,2.0,0.64,22.0,0.5,0.9,0.5,17.52,17.9,18.28,17.9,2.0,0.79,22.0,0.5,0.9,0.5,77.5,80.6,83.7,80.6,2.0,6.5,22.0,0.5,0.5,5.77,7.2,8.22,7.0,3.0,1.81,18.0,0.3,0.9,0.4,-8.09,-6.77,-4.39,-6.25,3.0,2.75,18.0,0.3,0.9,0.4,-1.68,0.0,2.67,0.48,3.0,3.21,18.0,0.3,0.9,0.4,1009.48,1010.5,1011.11,1010.3,3.0,1.21,18.0,0.3,0.9,0.4,2.6,4.0,4.7,3.7,3.0,1.5,18.0,0.3,0.9,0.4,-67.1,-48.7,-26.9,-47.0,3.0,29.5,18.0,0.3,0.9,0.4,-12.1,0.0,13.6,0.7,3.0,18.8,18.0,0.3,0.9,0.4,-0.13,0.45,1.03,0.45,2.0,1.2,22.0,0.5,0.9,0.5,-1.4,1.9,5.1,1.9,2.0,6.7,22.0,0.5,0.9,0.5,5.01,5.02,5.02,5.02,2.0,0.0,22.0,0.5,0.9,0.5,27.3,30.8,34.4,30.8,2.0,7.4,22.0,0.5,0.9,0.5,-169.7,-136.1,-102.5,-136.1,2.0,69.7,22.0,0.5,0.9,0.5,-40.3,18.0,76.4,18.0,2.0,120.9,22.0,0.5,0.9,0.5,-108.3,-88.9,-69.5,-88.9,2.0,40.2,22.0,0.5,0.9,0.5,-24.5,14.7,53.9,14.7,2.0,81.2,22.0,0.5,0.9,0.5,-31.1,-25.2,-19.2,-25.2,2.0,12.4,22.0,0.5,0.9,0.5,-7.3,3.6,14.5,3.6,2.0,22.6,22.0,0.5,0.9,0.5,209.0,373.0,568.0,388.0,3.0,263.0,18.0,0.3,0.9,0.4,210.0,375.0,570.0,390.0,3.0,265.0,18.0,0.3,0.9,0.4
1974,2,217.0,-9.0,27.0,27.0,27.0,27.0,1.0,0.0,14.0,0.0,0.4,0.6,25.5,25.5,25.5,25.5,1.0,0.0,14.0,0.0,0.4,0.6,15.84,15.84,15.84,15.84,1.0,0.0,14.0,0.0,0.4,0.6,77.6,77.6,77.6,77.6,1.0,0.0,14.0,0.0,0.6,8.7,8.7,8.7,8.7,1.0,0.0,14.0,0.0,0.4,0.6,-8.57,-8.57,-8.57,-8.57,1.0,0.0,14.0,0.0,0.4,0.6,1.51,1.51,1.51,1.51,1.0,0.0,14.0,0.0,0.4,0.6,1008.8,1008.8,1008.8,1008.8,1.0,0.0,14.0,0.0,0.4,0.6,1.0,1.0,1.0,1.0,1.0,0.0,14.0,0.0,0.4,0.6,-74.5,-74.5,-74.5,-74.5,1.0,0.0,14.0,0.0,0.4,0.6,13.1,13.1,13.1,13.1,1.0,0.0,14.0,0.0,0.4,0.6,1.5,1.5,1.5,1.5,1.0,0.0,14.0,0.0,0.4,0.6,13.1,13.1,13.1,13.1,1.0,0.0,14.0,0.0,0.4,0.6,6.56,6.56,6.56,6.56,1.0,0.0,14.0,0.0,0.4,0.6,57.0,57.0,57.0,57.0,1.0,0.0,14.0,0.0,0.4,0.6,-218.5,-218.5,-218.5,-218.5,1.0,0.0,14.0,0.0,0.4,0.6,38.5,38.5,38.5,38.5,1.0,0.0,14.0,0.0,0.4,0.6,-135.7,-135.7,-135.7,-135.7,1.0,0.0,14.0,0.0,0.4,0.6,23.9,23.9,23.9,23.9,1.0,0.0,14.0,0.0,0.4,0.6,-56.2,-56.2,-56.2,-56.2,1.0,0.0,14.0,0.0,0.4,0.6,9.9,9.9,9.9,9.9,1.0,0.0,14.0,0.0,0.4,0.6,658.5,658.5,658.5,658.5,1.0,0.0,14.0,0.0,0.4,0.6,660.0,660.0,660.0,660.0,1.0,0.0,14.0,0.0,0.4,0.6
1974,2,217.0,-3.0,25.0,25.0,25.0,25.0,1.0,0.0,14.0,0.0,0.1,0.9,24.0,24.0,24.0,24.0,1.0,0.0,14.0,0.0,0.1,0.9,16.43,16.43,16.43,16.43,1.0,0.0,14.0,0.0,0.1,0.9,88.0,88.0,88.0,88.0,1.0,0.0,14.0,0.0,0.9,8.7,8.7,8.7,8.7,1.0,0.0,14.0,0.0,0.1,0.9,-8.18,-8.18,-8.18,-8.18,1.0,0.0,14.0,0.0,0.1,0.9,2.98,2.98,2.98,2.98,1.0,0.0,14.0,0.0,0.1,0.9,1009.0,1009.0,1009.0,1009.0,1.0,0.0,14.0,0.0,0.1,0.9,4.0,4.0,4.0,4.0,1.0,0.0,14.0,0.0,0.1,0.9,-71.1,-71.1,-71.1,-71.1,1.0,0.0,14.0,0.0,0.1,0.9,25.9,25.9,25.9,25.9,1.0,0.0,14.0,0.0,0.1,0.9,1.0,1.0,1.0,1.0,1.0,0.0,14.0,0.0,0.1,0.9,8.7,8.7,8.7,8.7,1.0,0.0,14.0,0.0,0.1,0.9,3.42,3.42,3.42,3.42,1.0,0.0,14.0,0.0,0.1,0.9,29.8,29.8,29.8,29.8,1.0,0.0,14.0,0.0,0.1,0.9,-196.2,-196.2,-196.2,-196.2,1.0,0.0,14.0,0.0,0.1,0.9,71.4,71.4,71.4,71.4,1.0,0.0,14.0,0.0,0.1,0.9,-134.3,-134.3,-134.3,-134.3,1.0,0.0,14.0,0.0,0.1,0.9,48.9,48.9,48.9,48.9,1.0,0.0,14.0,0.0,0.1,0.9,-28.0,-28.0,-28.0,-28.0,1.0,0.0,14.0,0.0,0.1,0.9,10.2,10.2,10.2,10.2,1.0,0.0,14.0,0.0,0.1,0.9,658.5,658.5,658.5,658.5,1.0,0.0,14.0,0.0,0.1,0.9,660.0,660.0,660.0,660.0,1.0,0.0,14.0,0.0,0.1,0.9
1974,2,217.0,-1.0,,,,,,,,,,,,,,,,,,,,,,,,,,,,,,,,,,,,,,,,8.7,8.7,8.7,8.7,1.0,0.0,14.0,1.0,0.8,0.7,-8.18,-8.18,-8.18,-8.18,1.0,0.0,14.0,1.0,0.8,0.7,2.98,2.98,2.98,2.98,1.0,0.0,14.0,1.0,0.8,0.7,1010.0,1010.0,1010.0,1010.0,1.0,0.0,14.0,1.0,0.8,0.7,2.0,2.0,2.0,2.0,1.0,0.0,14.0,1.0,0.8,0.7,-71.1,-71.1,-71.1,-71.1,1.0,0.0,14.0,1.0,0.8,0.7,25.9,25.9,25.9,25.9,1.0,0.0,14.0,1.0,0.8,0.7,,,,,,,,,,,,,,,,,,,,,,,,,,,,,,,,,,,,,,,,,-199.5,-199.5,-199.5,-199.5,1.0,0.0,14.0,1.0,0.8,0.7,72.6,72.6,72.6,72.6,1.0,0.0,14.0,1.0,0.8,0.7,-148.0,-148.0,-148.0,-148.0,1.0,0.0,14.0,1.0,0.8,0.7,53.9,53.9,53.9,53.9,1.0,0.0,14.0,1.0,0.8,0.7,,,,,,,,,,,,,,,,,,,,,,,,,,,,,,,,,,,,,,,,
1974,2,217.0,6.0,25.6,25.6,25.6,25.6,1.0,0.0,18.0,1.0,0.4,0.4,25.6,25.6,25.6,25.6,1.0,0.0,18.0,1.0,0.4,0.4,16.59,16.59,16.59,16.59,1.0,0.0,18.0,1.0,0.4,0.4,81.0,81.0,81.0,81.0,1.0,0.0,18.0,1.0,0.4,10.8,10.8,10.8,10.8,1.0,0.0,18.0,1.0,0.4,0.4,-10.15,-10.15,-10.15,-10.15,1.0,0.0,18.0,1.0,0.4,0.4,-3.69,-3.69,-3.69,-3.69,1.0,0.0,18.0,1.0,0.4,0.4,1011.8,1011.8,1011.8,1011.8,1.0,0.0,18.0,1.0,0.4,0.4,7.0,7.0,7.0,7.0,1.0,0.0,18.0,1.0,0.4,0.4,-109.6,-109.6,-109.6,-109.6,1.0,0.0,18.0,1.0,0.4,0.4,-39.9,-39.9,-39.9,-39.9,1.0,0.0,18.0,1.0,0.4,0.4,0.0,0.0,0.0,0.0,1.0,0.0,18.0,1.0,0.4,0.4,0.0,0.0,0.0,0.0,1.0,0.0,18.0,1.0,0.4,0.4,3.94,3.94,3.94,3.94,1.0,0.0,18.0,1.0,0.4,0.4,42.6,42.6,42.6,42.6,1.0,0.0,18.0,1.0,0.4,0.4,-259.8,-259.8,-259.8,-259.8,1.0,0.0,18.0,1.0,0.4,0.4,-94.6,-94.6,-94.6,-94.6,1.0,0.0,18.0,1.0,0.4,0.4,-168.3,-168.3,-168.3,-168.3,1.0,0.0,18.0,1.0,0.4,0.4,-61.3,-61.3,-61.3,-61.3,1.0,0.0,18.0,1.0,0.4,0.4,-40.0,-40.0,-40.0,-40.0,1.0,0.0,18.0,1.0,0.4,0.4,-14.6,-14.6,-14.6,-14.6,1.0,0.0,18.0,1.0,0.4,0.4,1259.5,1259.5,1259.5,1259.5,1.0,0.0,18.0,1.0,0.4,0.4,1260.0,1260.0,1260.0,1260.0,1.0,0.0,18.0,1.0,0.4,0.4
1974,2,217.0,10.0,26.0,26.0,26.0,26.0,1.0,0.0,16.0,1.0,0.2,0.1,26.0,26.0,26.0,26.0,1.0,0.0,16.0,1.0,0.2,0.1,17.0,17.0,17.0,17.0,1.0,0.0,16.0,1.0,0.2,0.1,81.1,81.1,81.1,81.1,1.0,0.0,16.0,1.0,0.1,11.8,11.8,11.8,11.8,1.0,0.0,16.0,1.0,0.2,0.1,-10.22,-10.22,-10.22,-10.22,1.0,0.0,16.0,1.0,0.2,0.1,-5.9,-5.9,-5.9,-5.9,1.0,0.0,16.0,1.0,0.2,0.1,1012.0,1012.0,1012.0,1012.0,1.0,0.0,16.0,1.0,0.2,0.1,7.0,7.0,7.0,7.0,1.0,0.0,16.0,1.0,0.2,0.1,-120.6,-120.6,-120.6,-120.6,1.0,0.0,16.0,1.0,0.2,0.1,-69.6,-69.6,-69.6,-69.6,1.0,0.0,16.0,1.0,0.2,0.1,0.0,0.0,0.0,0.0,1.0,0.0,16.0,1.0,0.2,0.1,0.0,0.0,0.0,0.0,1.0,0.0,16.0,1.0,0.2,0.1,4.03,4.03,4.03,4.03,1.0,0.0,16.0,1.0,0.2,0.1,47.5,47.5,47.5,47.5,1.0,0.0,16.0,1.0,0.2,0.1,-265.7,-265.7,-265.7,-265.7,1.0,0.0,16.0,1.0,0.2,0.1,-153.4,-153.4,-153.4,-153.4,1.0,0.0,16.0,1.0,0.2,0.1,-173.7,-173.7,-173.7,-173.7,1.0,0.0,16.0,1.0,0.2,0.1,-100.3,-100.3,-100.3,-100.3,1.0,0.0,16.0,1.0,0.2,0.1,-41.1,-41.1,-41.1,-41.1,1.0,0.0,16.0,1.0,0.2,0.1,-23.8,-23.8,-23.8,-23.8,1.0,0.0,16.0,1.0,0.2,0.1,1643.0,1643.0,1643.0,1643.0,1.0,0.0,16.0,1.0,0.2,0.1,1645.0,1645.0,1645.0,1645.0,1.0,0.0,16.0,1.0,0.2,0.1
1974,2,217.0,14.0,24.0,24.0,24.0,24.0,1.0,0.0,20.0,0.0,0.9,0.4,22.5,22.5,22.5,22.5,1.0,0.0,20.0,0.0,0.9,0.4,12.9,12.9,12.9,12.9,1.0,0.0,20.0,0.0,0.9,0.4,76.2,76.2,76.2,76.2,1.0,0.0,20.0,0.0,0.4,13.9,13.9,13.9,13.9,1.0,0.0,20.0,0.0,0.9,0.4,-13.69,-13.69,-13.69,-13.69,1.0,0.0,20.0,0.0,0.9,0.4,-2.41,-2.41,-2.41,-2.41,1.0,0.0,20.0,0.0,0.9,0.4,1013.2,1013.2,1013.2,1013.2,1.0,0.0,20.0,0.0,0.9,0.4,2.0,2.0,2.0,2.0,1.0,0.0,20.0,0.0,0.9,0.4,-190.3,-190.3,-190.3,-190.3,1.0,0.0,20.0,0.0,0.9,0.4,-33.6,-33.6,-33.6,-33.6,1.0,0.0,20.0,0.0,0.9,0.4,1.5,1.5,1.5,1.5,1.0,0.0,20.0,0.0,0.9,0.4,20.9,20.9,20.9,20.9,1.0,0.0,20.0,0.0,0.9,0.4,5.71,5.71,5.71,5.71,1.0,0.0,20.0,0.0,0.9,0.4,79.3,79.3,79.3,79.3,1.0,0.0,20.0,0.0,0.9,0.4,-308.0,-308.0,-308.0,-308.0,1.0,0.0,20.0,0.0,0.9,0.4,-54.3,-54.3,-54.3,-54.3,1.0,0.0,20.0,0.0,0.9,0.4,-176.6,-176.6,-176.6,-176.6,1.0,0.0,20.0,0.0,0.9,0.4,-31.1,-31.1,-31.1,-31.1,1.0,0.0,20.0,0.0,0.9,0.4,-78.1,-78.1,-78.1,-78.1,1.0,0.0,20.0,0.0,0.9,0.4,-13.8,-13.8,-13.8,-13.8,1.0,0.0,20.0,0.0,0.9,0.4,2685.5,2685.5,2685.5,2685.5,1.0,0.0,20.0,0.0,0.9,0.4,2685.0,2685.0,2685.0,2685.0,1.0,0.0,20.0,0.0,0.9,0.4
1974,2,217.0,15.0,23.6,23.6,23.6,23.6,1.0,0.0,24.0,1.0,0.4,0.6,23.8,23.8,23.8,23.8,1.0,0.0,24.0,1.0,0.4,0.6,13.84,13.84,13.84,13.84,1.0,0.0,24.0,1.0,0.4,0.6,75.4,75.4,75.4,75.4,1.0,0.0,24.0,1.0,0.6,6.7,6.7,6.7,6.7,1.0,0.0,24.0,1.0,0.4,0.6,-6.3,-6.3,-6.3,-6.3,1.0,0.0,24.0,1.0,0.4,0.6,-2.29,-2.29,-2.29,-2.29,1.0,0.0,24.0,1.0,0.4,0.6,1012.2,1012.2,1012.2,1012.2,1.0,0.0,24.0,1.0,0.4,0.6,4.0,4.0,4.0,4.0,1.0,0.0,24.0,1.0,0.4,0.6,-42.2,-42.2,-42.2,-42.2,1.0,0.0,24.0,1.0,0.4,0.6,-15.4,-15.4,-15.4,-15.4,1.0,0.0,24.0,1.0,0.4,0.6,-0.2,-0.2,-0.2,-0.2,1.0,0.0,24.0,1.0,0.4,0.6,-1.3,-1.3,-1.3,-1.3,1.0,0.0,24.0,1.0,0.4,0.6,4.34,4.34,4.34,4.34,1.0,0.0,24.0,1.0,0.4,0.6,29.1,29.1,29.1,29.1,1.0,0.0,24.0,1.0,0.4,0.6,-149.8,-149.8,-149.8,-149.8,1.0,0.0,24.0,1.0,0.4,0.6,-54.5,-54.5,-54.5,-54.5,1.0,0.0,24.0,1.0,0.4,0.6,-87.2,-87.2,-87.2,-87.2,1.0,0.0,24.0,1.0,0.4,0.6,-31.7,-31.7,-31.7,-31.7,1.0,0.0,24.0,1.0,0.4,0.6,-27.3,-27.3,-27.3,-27.3,1.0,0.0,24.0,1.0,0.4,0.6,-9.9,-9.9,-9.9,-9.9,1.0,0.0,24.0,1.0,0.4,0.6,301.0,301.0,301.0,301.0,1.0,0.0,24.0,1.0,0.4,0.6,300.0,300.0,300.0,300.0,1.0,0.0,24.0,1.0,0.4,0.6
1974,2,217.0,16.0,23.83,23.9,23.97,23.9,3.0,0.1,12.0,0.7,0.7,0.7,22.35,22.8,23.49,22.92,5.0,0.73,16.0,0.4,0.6,0.6,11.72,12.3,12.78,12.25,4.0,0.62,14.0,0.5,0.7,0.6,68.8,72.4,75.1,72.0,4.0,3.8,14.0,0.5,0.6,6.52,7.7,9.92,8.34,5.0,2.67,16.0,0.4,0.6,0.6,-8.5,-7.1,-5.57,-7.13,5.0,1.84,16.0,0.4,0.6,0.6,-5.76,-4.1,-1.35,-3.76,5.0,3.07,16.0,0.4,0.6,0.6,1015.21,1016.85,1018.01,1016.63,4.0,1.72,14.0,0.5,0.7,0.6,0.6,3.0,4.1,2.6,5.0,2.3,16.0,0.4,0.6,0.6,-84.2,-58.2,-35.5,-63.1,5.0,37.9,16.0,0.4,0.6,0.6,-60.4,-28.9,-8.3,-36.5,5.0,41.6,16.0,0.4,0.6,0.6,0.79,1.2,1.61,1.2,3.0,0.6,12.0,0.7,0.7,0.7,5.7,7.4,18.2,11.9,3.0,9.9,12.0,0.7,0.7,0.7,5.99,6.49,6.71,6.35,3.0,0.54,12.0,0.7,0.7,0.7,41.3,53.2,76.9,58.9,3.0,26.6,12.0,0.7,0.7,0.7,-197.1,-164.8,-126.5,-163.3,5.0,41.0,16.0,0.4,0.6,0.6,-128.4,-95.1,-30.7,-84.7,5.0,67.9,16.0,0.4,0.6,0.6,-100.1,-79.2,-69.8,-84.7,4.0,21.3,14.0,0.5,0.7,0.6,-76.6,-51.8,-37.3,-56.7,4.0,28.9,14.0,0.5,0.7,0.6,-60.6,-46.1,-37.5,-49.0,3.0,17.1,12.0,0.7,0.7,0.7,-47.0,-26.6,-16.8,-31.8,3.0,22.6,12.0,0.7,0.7,0.7,278.0,456.5,1134.0,738.5,5.0,797.0,16.0,0.4,0.6,0.6,280.0,455.0,1135.0,740.0,5.0,795.0,16.0,0.4,0.6,0.6
1974,2,217.0,17.0,22.67,23.65,24.52,23.6,4.0,1.22,20.0,0.8,0.8,0.5,20.69,22.6,23.51,22.13,4.0,1.9,20.0,0.8,0.8,0.5,14.47,14.47,14.47,14.47,1.0,0.0,14.0,1.0,0.2,0.1,82.2,82.2,82.2,82.2,1.0,0.0,14.0,1.0,0.1,6.55,8.85,12.14,9.33,4.0,4.28,20.0,0.8,0.8,0.5,-9.27,-7.76,-5.55,-7.42,4.0,2.31,20.0,0.8,0.8,0.5,-8.68,-3.58,-1.16,-4.86,4.0,4.89,20.0,0.8,0.8,0.5,1014.38,1017.45,1018.95,1016.7,4.0,3.43,20.0,0.8,0.8,0.5,6.0,7.0,7.5,6.8,4.0,1.3,20.0,0.8,0.8,0.5,-113.7,-68.9,-38.5,-75.8,4.0,51.9,20.0,0.8,0.8,0.5,-113.5,-31.4,-8.6,-59.7,4.0,77.5,20.0,0.8,0.8,0.5,0.62,1.6,2.31,1.48,4.0,1.08,20.0,0.8,0.8,0.5,8.8,18.0,20.4,14.8,4.0,9.8,20.0,0.8,0.8,0.5,3.28,3.28,3.28,3.28,1.0,0.0,14.0,1.0,0.2,0.1,15.1,15.1,15.1,15.1,1.0,0.0,14.0,1.0,0.2,0.1,-213.1,-162.5,-116.9,-164.9,4.0,57.4,20.0,0.8,0.8,0.5,-195.2,-71.7,-26.1,-108.9,4.0,116.6,20.0,0.8,0.8,0.5,-65.6,-65.6,-65.6,-65.6,1.0,0.0,14.0,1.0,0.2,0.1,-11.6,-11.6,-11.6,-11.6,1.0,0.0,14.0,1.0,0.2,0.1,-14.8,-14.8,-14.8,-14.8,1.0,0.0,14.0,1.0,0.2,0.1,-2.6,-2.6,-2.6,-2.6,1.0,0.0,14.0,1.0,0.2,0.1,364.5,694.0,2115.0,1215.0,4.0,1467.5,20.0,0.8,0.8,0.5,365.0,695.0,2115.0,1215.0,4.0,1465.0,20.0,0.8,0.8,0.5
1974,2,217.0,18.0,22.84,23.0,23.52,23.18,4.0,0.57,10.0,0.3,0.8,0.5,21.63,22.0,23.05,22.33,4.0,1.16,10.0,0.3,0.8,0.5,13.01,13.46,13.92,13.46,2.0,0.94,4.0,0.0,0.6,0.4,76.7,77.2,77.8,77.2,2.0,1.2,4.0,0.0,0.4,7.33,8.7,8.9,8.13,3.0,1.25,6.0,0.3,0.7,0.4,-8.37,-8.18,-7.1,-7.74,3.0,1.0,6.0,0.3,0.7,0.4,-3.05,-2.98,-0.15,-1.63,3.0,2.42,6.0,0.3,0.7,0.4,1015.9,1018.5,1021.15,1018.53,4.0,3.22,10.0,0.3,0.8,0.5,2.4,4.5,5.5,4.0,4.0,2.2,10.0,0.3,0.8,0.5,-74.5,-71.1,-52.8,-63.8,3.0,17.2,6.0,0.3,0.7,0.4,-27.1,-25.9,-2.9,-15.3,3.0,20.0,6.0,0.3,0.7,0.4,-0.19,1.2,1.86,0.85,4.0,1.35,10.0,0.3,0.8,0.5,-4.4,4.7,11.9,3.8,3.0,12.0,6.0,0.3,0.7,0.4,3.48,3.84,4.19,3.84,2.0,0.74,4.0,0.0,0.6,0.4,28.9,29.0,29.2,29.0,2.0,0.3,4.0,0.0,0.6,0.4,-191.1,-180.1,-156.3,-173.8,3.0,26.1,6.0,0.3,0.7,0.4,-69.6,-65.6,-3.3,-37.1,3.0,54.4,6.0,0.3,0.7,0.4,-110.6,-100.0,-89.4,-100.0,2.0,22.0,4.0,0.0,0.6,0.4,-33.0,-13.6,5.9,-13.6,2.0,40.3,4.0,0.0,0.6,0.4,-28.5,-27.9,-27.4,-27.9,2.0,1.2,4.0,0.0,0.6,0.4,-7.5,-2.4,2.7,-2.4,2.0,10.6,4.0,0.0,0.6,0.4,414.5,658.5,706.5,563.0,3.0,229.5,6.0,0.3,0.7,0.4,415.0,660.0,705.0,565.0,3.0,230.0,6.0,0.3,0.7,0.4
1974,2,217.0,19.0,23.3,23.3,23.3,23.3,1.0,0.0,4.0,0.0,0.9,0.0,22.4,22.4,22.4,22.4,1.0,0.0,4.0,0.0,0.9,0.0,13.12,13.12,13.12,13.12,1.0,0.0,4.0,0.0,0.9,0.0,78.1,78.1,78.1,78.1,1.0,0.0,4.0,0.0,0.0,6.7,6.7,6.7,6.7,1.0,0.0,4.0,0.0,0.9,0.0,-6.7,-6.7,-6.7,-6.7,1.0,0.0,4.0,0.0,0.9,0.0,0.0,0.0,0.0,0.0,1.0,0.0,4.0,0.0,0.9,0.0,1015.3,1015.3,1015.3,1015.3,1.0,0.0,4.0,0.0,0.9,0.0,6.0,6.0,6.0,6.0,1.0,0.0,4.0,0.0,0.9,0.0,-44.9,-44.9,-44.9,-44.9,1.0,0.0,4.0,0.0,0.9,0.0,0.0,0.0,0.0,0.0,1.0,0.0,4.0,0.0,0.9,0.0,0.9,0.9,0.9,0.9,1.0,0.0,4.0,0.0,0.9,0.0,6.0,6.0,6.0,6.0,1.0,0.0,4.0,0.0,0.9,0.0,4.67,4.67,4.67,4.67,1.0,0.0,4.0,0.0,0.9,0.0,31.3,31.3,31.3,31.3,1.0,0.0,4.0,0.0,0.9,0.0,-150.1,-150.1,-150.1,-150.1,1.0,0.0,4.0,0.0,0.9,0.0,0.0,0.0,0.0,0.0,1.0,0.0,4.0,0.0,0.9,0.0,-87.9,-87.9,-87.9,-87.9,1.0,0.0,4.0,0.0,0.9,0.0,0.0,0.0,0.0,0.0,1.0,0.0,4.0,0.0,0.9,0.0,-31.3,-31.3,-31.3,-31.3,1.0,0.0,4.0,0.0,0.9,0.0,0.0,0.0,0.0,0.0,1.0,0.0,4.0,0.0,0.9,0.0,301.0,301.0,301.0,301.0,1.0,0.0,4.0,0.0,0.9,0.0,300.0,300.0,300.0,300.0,1.0,0.0,4.0,0.0,0.9,0.0
1974,2,217.0,20.0,22.0,22.0,22.77,22.24,8.0,0.96,16.0,0.3,0.5,0.4,20.53,21.5,21.79,21.35,8.0,0.7,16.0,0.3,0.5,0.4,11.24,11.61,12.89,11.85,7.0,1.11,18.0,0.3,0.5,0.4,71.3,72.3,78.6,75.0,7.0,5.4,18.0,0.3,0.4,5.4,8.2,9.3,7.89,9.0,3.04,16.0,0.2,0.6,0.4,-9.15,-8.2,-3.8,-6.86,9.0,4.77,16.0,0.2,0.6,0.4,-1.26,0.0,0.0,-0.19,9.0,1.87,16.0,0.2,0.6,0.4,1017.58,1019.0,1020.01,1019.31,9.0,2.81,16.0,0.2,0.6,0.4,2.5,4.0,6.7,4.4,9.0,2.1,16.0,0.2,0.6,0.4,-85.1,-67.2,-17.0,-65.0,9.0,58.9,16.0,0.2,0.6,0.4,-8.4,0.0,0.0,-2.6,9.0,12.9,16.0,0.2,0.6,0.4,0.06,0.8,1.47,0.89,8.0,1.35,16.0,0.3,0.5,0.4,0.3,5.3,13.4,6.7,8.0,10.7,16.0,0.3,0.5,0.4,3.92,5.08,5.96,4.84,7.0,1.8,18.0,0.3,0.5,0.4,30.5,46.1,55.8,43.4,7.0,19.3,18.0,0.3,0.5,0.4,-205.9,-178.3,-135.8,-174.2,8.0,67.4,16.0,0.3,0.5,0.4,-26.8,0.0,0.0,-14.3,8.0,23.4,16.0,0.3,0.5,0.4,-121.2,-95.2,-87.6,-104.9,7.0,28.1,18.0,0.3,0.5,0.4,-16.5,0.0,0.0,-7.0,7.0,13.0,18.0,0.3,0.5,0.4,-52.9,-46.1,-30.5,-42.9,7.0,18.9,18.0,0.3,0.5,0.4,-9.6,0.0,0.0,-4.0,7.0,7.4,18.0,0.3,0.5,0.4,161.0,551.5,804.5,695.0,9.0,794.5,16.0,0.2,0.6,0.4,160.0,550.0,805.0,695.0,9.0,795.0,16.0,0.2,0.6,0.4
1974,2,217.0,21.0,22.33,23.0,24.0,23.15,10.0,1.32,20.0,0.8,0.8,0.4,21.0,21.5,23.29,22.2,10.0,1.85,18.0,0.8,0.7,0.3,11.54,11.98,12.75,12.18,10.0,1.09,18.0,0.8,0.7,0.3,70.2,76.4,82.1,74.3,10.0,10.6,18.0,0.8,0.3,4.97,7.7,9.77,7.92,12.0,2.87,18.0,0.8,0.7,0.4,-9.33,-7.37,-4.72,-7.44,12.0,2.76,18.0,0.8,0.7,0.4,-3.79,-0.63,0.0,-1.42,12.0,2.52,18.0,0.8,0.7,0.4,1017.99,1019.65,1023.26,1020.29,12.0,3.31,18.0,0.8,0.7,0.4,3.0,3.5,6.3,4.2,12.0,1.9,18.0,0.8,0.7,0.4,-93.1,-57.5,-23.5,-66.0,12.0,46.8,18.0,0.8,0.7,0.4,-29.0,-4.5,0.0,-14.9,12.0,25.8,18.0,0.8,0.7,0.4,-0.31,1.5,3.23,1.49,9.0,2.11,20.0,0.8,0.7,0.4,-2.7,12.6,28.8,12.8,9.0,17.8,20.0,0.8,0.7,0.4,3.82,4.98,6.63,5.25,9.0,1.58,20.0,0.8,0.7,0.4,25.6,39.7,70.6,45.2,9.0,20.5,20.0,0.8,0.7,0.4,-219.7,-178.5,-144.7,-178.9,10.0,55.1,18.0,0.8,0.7,0.3,-90.8,-30.2,0.0,-44.0,10.0,49.2,18.0,0.8,0.7,0.3,-123.0,-96.6,-76.1,-98.7,10.0,33.7,18.0,0.8,0.7,0.3,-55.4,-17.1,0.0,-25.3,10.0,28.4,18.0,0.8,0.7,0.3,-67.3,-37.3,-25.0,-42.9,9.0,19.9,20.0,0.8,0.7,0.4,-15.9,-12.3,0.0,-10.6,9.0,11.3,20.0,0.8,0.7,0.4,123.5,462.5,1037.0,684.5,12.0,716.0,18.0,0.8,0.7,0.4,125.0,460.0,1035.0,685.0,12.0,715.0,18.0,0.8,0.7,0.4
1974,2,217.0,22.0,22.63,23.5,24.52,23.58,4.0,1.18,16.0,0.3,0.5,0.2,20.74,21.1,22.14,21.43,4.0,1.09,16.0,0.3,0.5,0.2,11.39,11.73,11.89,11.65,4.0,0.32,16.0,0.3,0.5,0.2,71.8,75.4,76.0,74.0,4.0,3.7,16.0,0.3,0.2,5.55,8.75,11.11,8.35,4.0,3.68,16.0,0.3,0.5,0.2,-10.73,-8.45,-1.89,-6.41,4.0,6.78,16.0,0.3,0.5,0.2,-1.71,-0.62,1.76,0.0,4.0,2.4,16.0,0.3,0.5,0.2,1017.55,1019.1,1019.76,1018.68,4.0,1.55,16.0,0.3,0.5,0.2,1.0,1.5,3.0,2.0,4.0,1.4,16.0,0.3,0.5,0.2,-121.0,-74.8,-21.8,-71.6,4.0,67.1,16.0,0.3,0.5,0.2,-15.9,-2.2,17.2,0.5,4.0,24.4,16.0,0.3,0.5,0.2,0.52,2.3,3.76,2.15,4.0,1.91,16.0,0.3,0.5,0.2,4.0,10.5,31.8,17.6,4.0,21.7,16.0,0.3,0.5,0.2,5.14,6.41,7.7,6.42,4.0,1.52,16.0,0.3,0.5,0.2,31.3,45.6,77.8,54.2,4.0,32.2,16.0,0.3,0.5,0.2,-234.1,-187.5,-41.4,-140.0,4.0,144.5,16.0,0.3,0.5,0.2,-35.5,-12.6,40.4,1.7,4.0,53.5,16.0,0.3,0.5,0.2,-125.7,-100.6,-23.6,-75.9,4.0,78.5,16.0,0.3,0.5,0.2,-19.5,-6.9,20.9,0.3,4.0,28.3,16.0,0.3,0.5,0.2,-75.5,-43.9,-4.6,-40.2,4.0,50.5,16.0,0.3,0.5,0.2,-13.3,-4.5,9.7,-1.9,4.0,15.4,16.0,0.3,0.5,0.2,242.0,699.0,1423.0,826.5,4.0,780.5,16.0,0.3,0.5,0.2,240.0,700.0,1425.0,825.0,4.0,780.0,16.0,0.3,0.5,0.2
1974,2,217.0,23.0,21.1,21.3,23.07,22.07,3.0,1.59,20.0,0.7,0.4,0.3,20.05,20.6,22.1,21.05,4.0,1.39,20.0,0.8,0.6,0.4,10.55,10.64,11.43,10.98,3.0,0.71,20.0,0.7,0.4,0.3,65.0,72.5,75.2,70.1,3.0,7.8,20.0,0.7,0.3,5.12,5.95,7.25,6.18,4.0,1.51,20.0,0.8,0.6,0.4,-6.49,-5.72,-4.76,-5.63,4.0,1.28,20.0,0.8,0.6,0.4,-3.24,-2.21,-1.53,-2.38,4.0,1.29,20.0,0.8,0.6,0.4,1019.9,1020.25,1021.81,1020.83,4.0,1.48,20.0,0.8,0.6,0.4,2.6,6.0,6.7,4.7,3.0,3.2,20.0,1.0,0.5,0.5,-47.7,-34.1,-24.8,-36.2,4.0,16.6,20.0,0.8,0.6,0.4,-23.9,-11.9,-8.0,-15.7,4.0,12.3,20.0,0.8,0.6,0.4,-0.98,1.2,2.29,0.67,3.0,2.44,20.0,0.7,0.4,0.3,-4.7,9.8,15.0,5.3,3.0,14.9,20.0,0.7,0.4,0.3,4.86,5.15,6.12,5.49,3.0,0.97,20.0,0.7,0.4,0.3,31.3,40.8,41.8,36.7,3.0,8.4,20.0,0.7,0.4,0.3,-136.2,-126.0,-100.3,-118.6,4.0,27.2,20.0,0.8,0.6,0.4,-65.1,-45.4,-33.2,-49.0,4.0,24.7,20.0,0.8,0.6,0.4,-72.7,-68.7,-62.6,-67.7,3.0,7.5,20.0,0.7,0.4,0.3,-37.3,-25.0,-15.1,-26.2,3.0,16.3,20.0,0.7,0.4,0.3,-37.8,-36.6,-29.7,-33.8,3.0,6.4,20.0,0.7,0.4,0.3,-18.8,-13.9,-7.6,-13.2,3.0,8.2,20.0,0.7,0.4,0.3,139.0,212.0,402.5,268.0,4.0,197.5,20.0,0.8,0.6,0.4,140.0,210.0,400.0,270.0,4.0,200.0,20.0,0.8,0.6,0.4
1974,2,217.0,24.0,20.95,21.7,22.21,21.59,7.0,0.84,22.0,0.1,0.7,0.4,19.5,20.0,20.02,19.91,7.0,0.37,22.0,0.1,0.7,0.4,9.83,11.28,13.16,11.45,7.0,1.53,22.0,0.1,0.7,0.4,68.3,78.2,94.0,80.1,7.0,11.3,22.0,0.1,0.4,4.66,6.45,7.14,7.45,8.0,4.8,22.0,0.1,0.7,0.4,-6.69,-4.23,-0.44,-2.3,8.0,7.19,22.0,0.1,0.7,0.4,-4.37,-0.36,1.03,0.1,8.0,5.36,22.0,0.1,0.7,0.4,1019.98,1021.7,1023.14,1021.94,7.0,2.22,22.0,0.1,0.7,0.4,3.6,5.0,8.0,5.6,5.0,2.3,22.0,0.2,0.6,0.3,-44.8,-23.6,-1.8,9.0,8.0,109.5,22.0,0.1,0.7,0.4,-20.3,-1.5,6.9,21.7,8.0,85.9,22.0,0.1,0.7,0.4,0.98,1.7,2.31,1.67,7.0,0.73,22.0,0.1,0.7,0.4,6.5,10.8,11.4,9.2,7.0,3.2,22.0,0.1,0.7,0.4,3.02,4.77,6.5,4.48,7.0,1.96,22.0,0.1,0.7,0.4,14.0,23.5,34.8,25.9,7.0,13.0,22.0,0.1,0.7,0.4,-134.6,-88.3,-74.0,-94.0,7.0,50.5,22.0,0.1,0.7,0.4,-92.0,-13.8,1.1,-32.3,7.0,46.7,22.0,0.1,0.7,0.4,-74.7,-52.3,-40.5,-51.9,7.0,27.3,22.0,0.1,0.7,0.4,-62.4,-7.5,0.6,-20.7,7.0,30.8,22.0,0.1,0.7,0.4,-32.2,-23.5,-4.9,-22.6,7.0,15.9,22.0,0.1,0.7,0.4,-14.4,-3.9,0.3,-5.1,7.0,8.1,22.0,0.1,0.7,0.4,101.5,269.5,365.0,1046.5,8.0,2351.0,22.0,0.1,0.7,0.4,100.0,270.0,365.0,1045.0,8.0,2350.0,22.0,0.1,0.7,0.4
1974,2,217.0,25.0,20.98,22.0,22.89,21.93,3.0,1.4,10.0,1.0,0.6,0.5,19.69,21.4,21.47,20.6,3.0,1.47,10.0,1.0,0.6,0.5,10.98,12.36,13.17,12.08,3.0,1.62,10.0,1.0,0.6,0.5,77.5,78.5,83.4,80.4,3.0,4.6,10.0,1.0,0.5,3.4,6.2,8.32,5.87,3.0,3.61,10.0,1.0,0.6,0.5,-8.22,-6.2,-3.38,-5.81,3.0,3.56,10.0,1.0,0.6,0.5,0.12,0.36,1.22,0.66,3.0,0.85,10.0,1.0,0.6,0.5,1019.16,1021.0,1022.02,1020.6,3.0,2.13,10.0,1.0,0.6,0.5,4.6,6.0,6.7,5.7,3.0,1.5,10.0,1.0,0.6,0.5,-70.3,-38.4,-15.2,-42.7,3.0,40.6,10.0,1.0,0.6,0.5,0.2,0.8,10.5,5.3,3.0,8.5,10.0,1.0,0.6,0.5,-0.49,0.6,3.19,1.33,3.0,2.77,10.0,1.0,0.6,0.5,0.3,5.6,20.4,10.3,3.0,15.2,10.0,1.0,0.6,0.5,2.19,4.02,6.28,4.23,3.0,3.0,10.0,1.0,0.6,0.5,13.8,37.4,42.9,28.5,3.0,22.6,10.0,1.0,0.6,0.5,-171.0,-117.2,-67.5,-119.2,3.0,75.8,10.0,1.0,0.6,0.5,2.5,7.8,26.1,14.1,3.0,18.1,10.0,1.0,0.6,0.5,-97.6,-64.1,-39.5,-68.4,3.0,42.7,10.0,1.0,0.6,0.5,1.6,4.9,15.2,8.3,3.0,10.4,10.0,1.0,0.6,0.5,-42.7,-36.9,-13.6,-28.3,3.0,22.6,10.0,1.0,0.6,0.5,0.2,0.5,4.6,2.3,3.0,3.6,10.0,1.0,0.6,0.5,82.0,238.5,624.5,350.5,3.0,409.5,10.0,1.0,0.6,0.5,80.0,240.0,625.0,350.0,3.0,410.0,10.0,1.0,0.6,0.5
1974,2,217.0,26.0,18.69,18.95,20.05,19.35,4.0,1.12,16.0,0.8,0.7,0.3,18.57,20.0,22.18,20.28,5.0,1.94,16.0,0.8,0.7,0.3,9.41,9.98,12.42,10.87,4.0,2.48,16.0,0.8,0.7,0.3,68.8,74.0,82.4,75.5,4.0,8.7,16.0,0.8,0.3,5.25,6.2,7.88,6.38,5.0,1.79,16.0,0.8,0.7,0.3,-7.88,-6.11,-4.02,-5.9,5.0,2.22,16.0,0.8,0.7,0.3,-2.92,0.0,0.39,-1.04,5.0,2.06,16.0,0.8,0.7,0.3,1021.72,1023.2,1026.55,1023.84,5.0,3.08,16.0,0.8,0.7,0.3,2.9,5.0,6.7,4.8,5.0,2.6,16.0,0.8,0.7,0.3,-62.2,-37.9,-22.3,-40.8,5.0,23.1,16.0,0.8,0.7,0.3,-14.3,0.0,2.4,-5.3,5.0,12.1,16.0,0.8,0.7,0.3,-1.83,0.25,0.76,-0.5,4.0,2.04,16.0,0.8,0.7,0.3,-6.6,1.6,5.8,-0.3,4.0,8.9,16.0,0.8,0.7,0.3,1.02,3.86,4.82,2.96,4.0,2.78,16.0,0.8,0.7,0.3,7.8,27.3,38.4,23.3,4.0,20.2,16.0,0.8,0.7,0.3,-152.3,-134.3,-76.9,-118.3,5.0,42.8,16.0,0.8,0.7,0.3,-59.2,0.0,8.7,-20.0,5.0,40.0,16.0,0.8,0.7,0.3,-76.5,-58.1,-43.2,-59.8,4.0,19.9,16.0,0.8,0.7,0.3,-36.6,-16.8,0.0,-18.2,4.0,21.2,16.0,0.8,0.7,0.3,-38.4,-24.9,-5.9,-22.3,4.0,20.2,16.0,0.8,0.7,0.3,-6.9,0.0,1.3,-2.7,4.0,7.1,16.0,0.8,0.7,0.3,168.5,238.5,491.0,306.0,5.0,199.5,16.0,0.8,0.7,0.3,170.0,240.0,490.0,305.0,5.0,200.0,16.0,0.8,0.7,0.3
1974,2,217.0,27.0,19.4,20.25,20.73,20.22,12.0,0.86,18.0,0.4,0.5,0.6,18.14,18.9,20.05,18.88,12.0,1.83,18.0,0.4,0.5,0.6,8.0,10.78,12.46,10.2,11.0,2.44,18.0,0.4,0.5,0.6,59.2,76.8,85.9,73.6,11.0,14.1,18.0,0.4,0.6,4.59,5.9,7.83,6.24,12.0,2.33,18.0,0.4,0.5,0.6,-7.74,-4.99,-2.57,-4.78,12.0,3.36,18.0,0.4,0.5,0.6,-1.91,0.0,4.41,1.05,12.0,3.24,18.0,0.4,0.5,0.6,1020.82,1023.2,1025.63,1023.33,12.0,2.66,18.0,0.4,0.5,0.6,2.7,5.0,6.3,4.4,12.0,1.9,18.0,0.4,0.5,0.6,-60.6,-25.8,-14.3,-35.8,12.0,32.3,18.0,0.4,0.5,0.6,-8.9,0.0,26.4,8.3,12.0,23.0,18.0,0.4,0.5,0.6,-0.11,1.45,2.61,1.34,12.0,2.11,18.0,0.4,0.5,0.6,-0.2,10.0,19.8,9.0,12.0,12.7,18.0,0.4,0.5,0.6,1.78,4.68,7.14,4.43,11.0,2.63,18.0,0.4,0.5,0.6,7.0,29.4,53.1,29.5,11.0,21.5,18.0,0.4,0.5,0.6,-145.5,-97.5,-47.2,-91.1,12.0,65.3,18.0,0.4,0.5,0.6,-34.7,0.0,86.6,21.6,12.0,59.6,18.0,0.4,0.5,0.6,-66.9,-53.3,-19.6,-49.1,11.0,39.1,18.0,0.4,0.5,0.6,-11.5,0.0,58.0,14.8,11.0,31.2,18.0,0.4,0.5,0.6,-43.7,-17.4,-3.9,-22.9,11.0,22.1,18.0,0.4,0.5,0.6,-3.3,0.0,19.0,7.2,11.0,17.3,18.0,0.4,0.5,0.6,106.5,216.5,480.5,338.5,12.0,344.5,18.0,0.4,0.5,0.6,105.0,215.0,480.0,340.0,12.0,345.0,18.0,0.4,0.5,0.6
1974,2,217.0,28.0,18.92,20.0,21.18,19.98,15.0,1.19,16.0,0.5,0.6,0.6,17.06,18.85,20.5,19.01,14.0,1.68,16.0,0.4,0.6,0.6,9.04,10.03,10.48,10.18,14.0,1.58,16.0,0.4,0.6,0.6,65.1,73.3,84.9,75.1,14.0,9.0,16.0,0.4,0.6,3.6,5.95,7.67,5.81,14.0,2.16,16.0,0.4,0.6,0.6,-7.08,-3.95,-2.63,-4.04,14.0,3.25,16.0,0.4,0.6,0.6,-3.23,0.0,3.83,-0.24,14.0,3.58,16.0,0.4,0.6,0.6,1020.14,1022.7,1025.34,1022.82,14.0,2.43,16.0,0.4,0.6,0.6,1.1,4.0,6.9,3.9,14.0,2.7,16.0,0.4,0.6,0.6,-55.3,-22.3,-6.9,-27.4,14.0,26.7,16.0,0.4,0.6,0.6,-17.7,0.0,20.3,-3.2,14.0,27.6,16.0,0.4,0.6,0.6,0.0,1.25,1.97,0.88,14.0,1.32,16.0,0.4,0.6,0.6,0.0,6.1,13.0,5.0,14.0,8.2,16.0,0.4,0.6,0.6,2.93,4.02,6.02,4.16,14.0,1.6,16.0,0.4,0.6,0.6,14.9,21.2,35.8,23.4,14.0,11.3,16.0,0.4,0.6,0.6,-140.9,-79.5,-49.1,-79.3,14.0,61.6,16.0,0.4,0.6,0.6,-67.4,0.0,62.0,-3.6,14.0,65.6,16.0,0.4,0.6,0.6,-75.1,-44.8,-22.0,-41.9,14.0,34.8,16.0,0.4,0.6,0.6,-45.2,0.0,32.9,-2.8,14.0,37.2,16.0,0.4,0.6,0.6,-31.5,-16.2,-4.8,-17.3,14.0,14.8,16.0,0.4,0.6,0.6,-15.4,0.0,8.8,-1.3,14.0,13.3,16.0,0.4,0.6,0.6,46.5,212.0,451.5,274.5,14.0,287.0,16.0,0.4,0.6,0.6,45.0,210.0,450.0,275.0,14.0,285.0,16.0,0.4,0.6,0.6
1974,2,217.0,29.0,18.87,20.0,21.03,19.96,18.0,1.09,14.0,0.4,0.6,0.3,17.26,18.3,19.29,18.44,18.0,1.53,14.0,0.4,0.6,0.3,8.41,9.43,10.18,9.41,17.0,1.16,14.0,0.4,0.6,0.3,62.5,72.2,80.5,72.5,17.0,8.3,14.0,0.4,0.3,2.95,5.1,7.35,5.07,18.0,2.96,14.0,0.4,0.6,0.3,-7.22,-4.0,-1.22,-3.85,18.0,2.97,14.0,0.4,0.6,0.3,-2.71,0.0,2.15,0.26,18.0,3.38,14.0,0.4,0.6,0.3,1023.35,1024.15,1026.67,1025.01,18.0,2.3,14.0,0.4,0.6,0.3,3.0,5.0,8.0,5.1,18.0,2.4,14.0,0.4,0.6,0.3,-53.8,-18.4,-3.6,-25.9,18.0,27.6,14.0,0.4,0.6,0.3,-17.0,0.0,9.0,1.5,18.0,30.8,14.0,0.4,0.6,0.3,0.13,1.05,3.62,1.52,18.0,1.83,14.0,0.4,0.6,0.3,-0.6,4.7,19.9,8.7,18.0,13.8,14.0,0.4,0.6,0.3,3.85,4.89,6.16,4.95,17.0,1.28,14.0,0.4,0.6,0.3,10.7,20.0,35.3,24.2,17.0,17.2,14.0,0.4,0.6,0.3,-133.5,-72.1,-22.3,-72.7,18.0,56.0,14.0,0.4,0.6,0.3,-46.0,0.0,41.5,7.2,18.0,60.6,14.0,0.4,0.6,0.3,-67.1,-32.3,-9.4,-34.8,17.0,28.2,14.0,0.4,0.6,0.3,-25.5,0.0,18.1,-1.2,17.0,25.5,14.0,0.4,0.6,0.3,-34.0,-17.3,-3.9,-18.6,17.0,16.7,14.0,0.4,0.6,0.3,-16.3,0.0,9.0,-1.8,17.0,16.3,14.0,0.4,0.6,0.3,26.0,132.5,398.5,264.0,18.0,393.0,14.0,0.4,0.6,0.3,25.0,135.0,400.0,265.0,18.0,395.0,14.0,0.4,0.6,0.3
1974,2,217.0,30.0,17.88,18.9,19.81,18.81,16.0,0.98,14.0,0.5,0.6,0.4,16.58,18.15,20.0,18.21,18.0,1.82,12.0,0.4,0.6,0.4,9.06,9.62,11.33,9.86,16.0,1.38,12.0,0.4,0.6,0.4,67.9,76.7,82.7,76.4,16.0,7.8,12.0,0.4,0.4,3.88,5.1,7.2,5.38,19.0,2.35,14.0,0.4,0.6,0.4,-6.24,-2.8,0.13,-2.88,19.0,3.49,14.0,0.4,0.6,0.4,-1.42,2.46,3.86,1.2,19.0,3.7,14.0,0.4,0.6,0.4,1020.96,1025.3,1026.16,1024.11,19.0,3.0,14.0,0.4,0.6,0.4,2.0,5.0,7.0,4.7,18.0,2.1,12.0,0.4,0.6,0.4,-44.9,-22.4,0.6,-20.2,19.0,25.2,14.0,0.4,0.6,0.4,-3.7,15.8,25.9,7.0,19.0,25.1,14.0,0.4,0.6,0.4,-1.28,0.6,1.49,0.26,15.0,2.03,14.0,0.5,0.6,0.4,-6.6,4.2,6.8,1.4,15.0,13.9,14.0,0.5,0.6,0.4,1.79,2.76,4.44,3.25,14.0,1.75,12.0,0.5,0.6,0.4,5.1,12.9,28.0,19.3,14.0,16.9,12.0,0.5,0.6,0.4,-120.1,-43.6,4.9,-52.2,18.0,66.9,12.0,0.4,0.6,0.4,-31.5,43.7,73.1,24.6,18.0,66.5,12.0,0.4,0.6,0.4,-70.0,-19.3,5.3,-26.3,16.0,37.5,12.0,0.4,0.6,0.4,-4.1,32.6,43.3,18.0,16.0,33.2,12.0,0.4,0.6,0.4,-18.2,-4.5,-0.2,-9.7,14.0,14.8,12.0,0.5,0.6,0.4,0.1,6.5,18.4,4.4,14.0,18.6,12.0,0.5,0.6,0.4,61.5,132.5,373.0,232.0,19.0,208.0,14.0,0.4,0.6,0.4,60.0,135.0,375.0,230.0,19.0,210.0,14.0,0.4,0.6,0.4
1974,2,217.0,31.0,16.03,17.65,18.49,17.48,14.0,1.26,18.0,0.4,0.5,0.4,16.91,17.4,18.29,17.5,14.0,1.13,18.0,0.4,0.5,0.4,8.5,9.73,10.39,9.46,13.0,1.05,18.0,0.5,0.5,0.4,67.4,78.3,85.2,77.2,13.0,8.1,18.0,0.5,0.4,3.16,4.6,8.17,5.69,14.0,2.77,18.0,0.4,0.5,0.4,-4.01,1.32,3.52,-0.16,14.0,3.95,18.0,0.4,0.5,0.4,-0.5,1.8,5.82,1.68,14.0,4.87,18.0,0.4,0.5,0.4,1023.86,1027.1,1029.94,1025.87,14.0,7.35,18.0,0.4,0.5,0.4,3.0,6.0,7.9,5.1,14.0,2.2,18.0,0.4,0.5,0.4,-16.5,4.2,14.5,-1.0,14.0,28.8,18.0,0.4,0.5,0.4,-1.6,6.6,36.8,8.7,14.0,48.1,18.0,0.4,0.5,0.4,-2.07,0.75,1.49,-0.02,14.0,1.8,18.0,0.4,0.5,0.4,-10.7,2.5,6.9,-0.5,14.0,11.3,18.0,0.4,0.5,0.4,1.83,2.62,3.58,2.8,13.0,1.08,18.0,0.5,0.5,0.4,10.2,15.5,20.4,16.0,13.0,9.2,18.0,0.5,0.5,0.4,-72.3,22.2,64.1,-3.2,14.0,68.5,18.0,0.4,0.5,0.4,-8.4,32.2,103.3,32.4,14.0,86.1,18.0,0.4,0.5,0.4,-36.0,21.7,35.0,2.1,13.0,37.0,18.0,0.5,0.5,0.4,-6.9,19.9,48.3,17.0,13.0,51.5,18.0,0.5,0.5,0.4,-10.6,2.8,9.5,-1.8,13.0,14.5,18.0,0.5,0.5,0.4,-2.9,3.8,15.5,3.8,13.0,11.4,18.0,0.5,0.5,0.4,32.5,97.5,545.5,324.0,14.0,465.0,18.0,0.4,0.5,0.4,30.0,95.0,545.0,325.0,14.0,465.0,18.0,0.4,0.5,0.4
1974,2,217.0,32.0,16.2,18.0,18.87,17.66,9.0,1.43,16.0,0.6,0.7,0.4,17.68,18.0,19.3,18.24,11.0,1.43,14.0,0.5,0.7,0.4,8.61,10.2,11.54,10.23,10.0,1.64,14.0,0.6,0.7,0.4,69.3,78.1,85.6,77.6,10.0,9.4,14.0,0.6,0.4,3.98,5.1,13.31,8.16,11.0,5.13,14.0,0.5,0.7,0.4,-5.02,-2.24,5.01,0.29,11.0,6.28,14.0,0.5,0.7,0.4,-5.75,0.0,10.15,0.98,11.0,7.68,14.0,0.5,0.7,0.4,1022.0,1025.25,1026.97,1023.66,10.0,5.24,14.0,0.6,0.7,0.4,5.2,7.0,8.0,6.4,11.0,1.6,14.0,0.5,0.7,0.4,-38.9,-9.6,32.5,11.8,11.0,91.8,14.0,0.5,0.7,0.4,-39.2,0.0,123.0,22.1,11.0,105.1,14.0,0.5,0.7,0.4,-2.0,-1.6,0.0,-0.91,9.0,1.27,16.0,0.6,0.7,0.4,-19.5,-6.2,0.0,-9.1,9.0,13.5,16.0,0.6,0.7,0.4,0.87,1.81,2.97,2.03,9.0,1.41,16.0,0.6,0.7,0.4,5.0,14.2,24.5,14.9,9.0,10.7,16.0,0.6,0.7,0.4,-94.5,-39.9,82.3,2.2,11.0,113.1,14.0,0.5,0.7,0.4,-96.7,0.0,181.6,19.6,11.0,136.0,14.0,0.5,0.7,0.4,-61.5,-23.8,41.6,-5.2,10.0,67.2,14.0,0.6,0.7,0.4,-24.5,5.9,111.6,22.5,10.0,75.1,14.0,0.6,0.7,0.4,-7.2,-3.3,13.2,1.4,9.0,11.9,16.0,0.6,0.7,0.4,0.0,0.8,9.5,1.1,9.0,14.9,16.0,0.6,0.7,0.4,69.5,132.5,2369.5,1220.5,11.0,1929.0,14.0,0.5,0.7,0.4,70.0,135.0,2370.0,1220.0,11.0,1930.0,14.0,0.5,0.7,0.4
1974,2,217.0,33.0,16.05,17.0,17.77,16.79,9.0,1.0,14.0,0.4,0.6,0.6,16.03,16.7,17.3,16.38,9.0,1.43,14.0,0.4,0.6,0.6,8.24,9.02,9.95,8.94,8.0,1.4,16.0,0.4,0.6,0.6,68.9,74.2,88.9,78.3,8.0,10.1,16.0,0.4,0.6,5.57,9.25,10.59,9.1,10.0,3.92,14.0,0.4,0.6,0.6,-2.94,4.05,10.24,3.86,10.0,7.05,14.0,0.4,0.6,0.6,-4.95,3.87,8.48,2.3,10.0,5.94,14.0,0.4,0.6,0.6,1018.06,1025.75,1028.5,1023.09,10.0,6.62,14.0,0.4,0.6,0.6,2.0,5.5,8.0,5.0,10.0,3.0,14.0,0.4,0.6,0.6,-30.3,25.5,108.1,47.8,10.0,100.5,14.0,0.4,0.6,0.6,-39.3,18.4,87.3,29.1,10.0,67.2,14.0,0.4,0.6,0.6,-0.18,0.75,1.09,0.54,8.0,0.96,14.0,0.5,0.6,0.6,-0.7,7.2,14.8,5.9,8.0,10.2,14.0,0.5,0.6,0.6,1.87,3.39,4.2,3.1,7.0,1.14,16.0,0.4,0.6,0.6,19.2,32.3,35.1,28.1,7.0,10.0,16.0,0.4,0.6,0.6,-60.2,64.3,182.8,71.4,9.0,122.4,14.0,0.4,0.6,0.6,-46.7,85.7,139.8,55.4,9.0,85.6,14.0,0.4,0.6,0.6,-45.7,28.7,91.2,33.2,8.0,75.2,16.0,0.4,0.6,0.6,2.5,46.4,86.8,41.7,8.0,45.5,16.0,0.4,0.6,0.6,-10.5,20.8,27.0,11.0,7.0,21.4,16.0,0.4,0.6,0.6,-1.2,12.0,22.7,9.2,7.0,17.9,16.0,0.4,0.6,0.6,178.0,822.0,1188.0,1182.0,10.0,1693.5,14.0,0.4,0.6,0.6,180.0,820.0,1190.0,1180.0,10.0,1695.0,14.0,0.4,0.6,0.6
1974,2,217.0,34.0,15.13,16.5,17.67,16.46,9.0,1.6,16.0,0.3,0.6,0.5,13.63,14.5,16.68,14.91,9.0,1.48,16.0,0.3,0.6,0.5,6.91,8.45,9.75,8.16,9.0,1.6,16.0,0.3,0.6,0.5,69.6,76.3,88.2,77.8,9.0,10.4,16.0,0.3,0.5,5.36,6.45,9.87,7.98,10.0,3.94,16.0,0.3,0.6,0.4,-5.08,-2.02,8.84,1.13,10.0,7.74,16.0,0.3,0.6,0.4,-4.51,3.52,5.6,1.28,10.0,4.81,16.0,0.3,0.6,0.4,1021.13,1027.6,1028.29,1024.65,10.0,7.13,16.0,0.3,0.6,0.4,5.0,7.5,8.0,6.5,10.0,2.0,16.0,0.3,0.6,0.4,-29.0,-11.0,87.3,33.2,10.0,106.2,16.0,0.3,0.6,0.4,-39.3,23.5,34.7,-0.4,10.0,49.1,16.0,0.3,0.6,0.4,-0.5,1.5,2.66,1.54,9.0,2.29,16.0,0.3,0.6,0.5,-3.0,8.7,31.9,12.4,9.0,16.1,16.0,0.3,0.6,0.5,1.57,3.09,4.04,3.38,9.0,2.16,16.0,0.3,0.6,0.5,9.5,23.9,41.7,27.2,9.0,19.1,16.0,0.3,0.6,0.5,-78.6,-22.3,125.6,17.3,9.0,115.6,16.0,0.3,0.6,0.5,-67.0,45.8,69.5,13.9,9.0,70.4,16.0,0.3,0.6,0.5,-39.9,-9.3,74.5,10.2,9.0,63.1,16.0,0.3,0.6,0.5,-33.8,25.4,41.5,8.7,9.0,39.1,16.0,0.3,0.6,0.5,-14.8,-5.7,31.1,6.2,9.0,28.1,16.0,0.3,0.6,0.5,-15.0,8.2,10.8,3.1,9.0,18.8,16.0,0.3,0.6,0.5,155.0,269.5,969.0,936.0,10.0,1749.5,16.0,0.3,0.6,0.4,155.0,270.0,970.0,935.0,10.0,1750.0,16.0,0.3,0.6,0.4
1974,2,217.0,35.0,15.0,15.3,16.55,15.53,12.0,0.89,18.0,0.4,0.6,0.4,11.89,14.4,15.68,14.0,13.0,1.94,18.0,0.5,0.5,0.4,6.39,8.18,9.63,8.11,13.0,1.55,18.0,0.5,0.5,0.4,74.1,80.0,90.5,82.0,13.0,10.7,18.0,0.5,0.4,7.7,9.3,14.04,10.05,13.0,3.11,18.0,0.5,0.5,0.4,-3.66,3.91,8.72,3.63,13.0,6.31,18.0,0.5,0.5,0.4,-7.56,4.95,6.88,1.05,13.0,7.98,18.0,0.5,0.5,0.4,1016.64,1025.0,1027.11,1022.38,13.0,6.43,18.0,0.5,0.5,0.4,2.7,7.0,8.0,5.7,12.0,2.4,18.0,0.5,0.6,0.4,-36.5,41.2,85.4,42.9,13.0,77.4,18.0,0.5,0.5,0.4,-64.5,38.1,81.6,1.3,13.0,99.0,18.0,0.5,0.5,0.4,0.0,1.35,3.6,1.73,12.0,1.87,18.0,0.4,0.6,0.4,0.0,11.5,42.9,18.2,12.0,20.2,18.0,0.4,0.6,0.4,1.31,2.31,4.34,2.63,12.0,1.55,18.0,0.4,0.6,0.4,12.6,21.8,50.9,27.5,12.0,19.3,18.0,0.4,0.6,0.4,-52.4,50.8,125.0,46.5,13.0,86.1,18.0,0.5,0.5,0.4,-84.3,56.4,106.4,19.3,13.0,112.1,18.0,0.5,0.5,0.4,-27.5,32.0,65.9,25.8,13.0,48.9,18.0,0.5,0.5,0.4,-47.4,33.8,64.0,12.8,13.0,66.9,18.0,0.5,0.5,0.4,-7.6,7.4,40.1,11.8,12.0,21.6,18.0,0.4,0.6,0.4,-26.6,8.1,18.4,-1.9,12.0,24.0,18.0,0.4,0.6,0.4,456.5,804.5,2778.0,1299.0,13.0,1211.0,18.0,0.5,0.5,0.4,455.0,805.0,2780.0,1300.0,13.0,1210.0,18.0,0.5,0.5,0.4
1974,2,217.0,36.0,13.0,13.0,14.1,13.53,4.0,1.05,16.0,0.0,0.5,0.6,10.45,13.0,15.0,12.7,5.0,2.44,14.0,0.2,0.4,0.7,5.93,6.69,7.48,6.7,4.0,0.93,16.0,0.0,0.5,0.6,75.4,76.7,77.7,76.5,4.0,1.6,16.0,0.0,0.6,7.83,8.7,18.39,12.84,5.0,7.91,14.0,0.2,0.4,0.7,-5.37,-4.1,15.24,3.95,5.0,13.88,14.0,0.2,0.4,0.7,-7.44,0.0,6.09,-0.72,5.0,7.46,14.0,0.2,0.4,0.7,1011.81,1023.5,1027.44,1020.14,5.0,8.78,14.0,0.2,0.4,0.7,2.6,4.0,7.4,4.8,5.0,2.6,14.0,0.2,0.4,0.7,-42.5,-33.3,329.5,137.1,5.0,315.5,14.0,0.2,0.4,0.7,-84.9,0.0,46.5,-19.7,5.0,82.6,14.0,0.2,0.4,0.7,0.05,1.05,2.79,1.4,4.0,1.68,16.0,0.0,0.5,0.6,0.4,24.7,50.6,25.5,4.0,29.0,16.0,0.0,0.5,0.6,2.36,2.91,3.37,2.87,4.0,0.68,16.0,0.0,0.5,0.6,19.9,36.5,66.3,42.8,4.0,29.2,16.0,0.0,0.5,0.6,-75.7,-61.5,159.1,31.1,5.0,159.3,14.0,0.2,0.4,0.7,-83.1,0.0,91.4,3.1,5.0,91.7,14.0,0.2,0.4,0.7,-40.2,9.6,109.2,33.4,4.0,96.2,16.0,0.0,0.5,0.6,-50.9,-20.1,28.8,-11.4,4.0,51.0,16.0,0.0,0.5,0.6,-12.4,10.6,57.7,22.1,4.0,44.4,16.0,0.0,0.5,0.6,-25.6,-5.6,10.2,-7.6,4.0,24.3,16.0,0.0,0.5,0.6,486.5,658.5,8273.0,4450.5,5.0,7624.0,14.0,0.2,0.4,0.7,485.0,660.0,8275.0,4450.0,5.0,7625.0,14.0,0.2,0.4,0.7
1974,2,217.0,37.0,12.32,13.5,14.26,13.3,4.0,1.24,12.0,0.5,0.2,0.6,8.74,14.0,15.0,12.26,5.0,3.33,14.0,0.4,0.2,0.5,4.08,8.24,8.89,6.86,5.0,2.75,14.0,0.4,0.2,0.5,59.1,80.1,87.4,74.6,5.0,16.8,14.0,0.4,0.5,6.39,10.3,11.03,8.94,5.0,3.16,14.0,0.4,0.2,0.5,-4.86,4.95,10.43,3.09,5.0,7.99,14.0,0.4,0.2,0.5,-6.79,-5.9,0.51,-3.71,5.0,4.13,14.0,0.4,0.2,0.5,1022.36,1025.4,1027.83,1025.18,5.0,4.13,14.0,0.4,0.2,0.5,5.0,6.0,7.4,6.2,5.0,1.3,14.0,0.4,0.2,0.5,-34.9,38.1,115.2,38.2,5.0,82.9,14.0,0.4,0.2,0.5,-77.7,-45.4,2.1,-39.3,5.0,40.9,14.0,0.4,0.2,0.5,-1.0,-0.75,1.54,0.23,4.0,2.13,12.0,0.5,0.2,0.6,-7.8,-4.6,11.8,1.7,4.0,16.6,12.0,0.5,0.2,0.6,0.47,1.37,3.41,1.91,4.0,2.13,12.0,0.5,0.2,0.6,4.8,14.1,28.5,16.5,4.0,16.0,12.0,0.5,0.2,0.6,-70.5,41.1,117.3,28.2,5.0,103.3,14.0,0.4,0.2,0.5,-75.5,-49.0,7.7,-38.7,5.0,51.5,14.0,0.4,0.2,0.5,-43.9,17.1,61.5,11.7,5.0,58.5,14.0,0.4,0.2,0.5,-41.1,-20.4,5.0,-19.8,5.0,30.1,14.0,0.4,0.2,0.5,-3.4,9.1,21.4,9.0,4.0,14.6,12.0,0.5,0.2,0.6,-18.9,-3.9,0.0,-9.2,4.0,13.7,12.0,0.5,0.2,0.6,315.0,1092.5,1373.5,914.5,5.0,686.5,14.0,0.4,0.2,0.5,315.0,1095.0,1375.0,915.0,5.0,685.0,14.0,0.4,0.2,0.5
1974,2,217.0,38.0,13.32,14.0,14.27,13.8,3.0,0.72,18.0,0.3,0.5,0.5,8.43,9.45,11.68,10.03,4.0,2.27,18.0,0.5,0.4,0.5,4.72,5.08,7.11,5.9,3.0,1.89,18.0,0.3,0.5,0.5,69.9,73.4,82.7,76.2,3.0,9.8,18.0,0.3,0.5,8.72,10.55,13.69,11.18,4.0,3.19,18.0,0.5,0.4,0.5,-1.07,7.88,10.02,4.63,4.0,9.3,18.0,0.5,0.4,0.5,-7.4,-3.73,2.64,-2.44,4.0,7.33,18.0,0.5,0.4,0.5,1014.76,1026.65,1030.21,1022.68,4.0,11.55,18.0,0.5,0.4,0.5,6.0,7.0,7.5,6.8,4.0,1.3,18.0,0.5,0.4,0.5,-25.8,69.0,130.8,53.3,4.0,119.2,18.0,0.5,0.4,0.5,-100.5,-33.1,35.9,-32.3,4.0,99.1,18.0,0.5,0.4,0.5,2.13,5.0,5.34,3.77,3.0,2.58,18.0,0.3,0.5,0.5,22.7,51.2,68.8,45.9,3.0,34.1,18.0,0.3,0.5,0.5,2.68,4.79,4.87,3.8,3.0,1.82,18.0,0.3,0.5,0.5,28.2,45.7,64.9,46.5,3.0,26.9,18.0,0.3,0.5,0.5,-28.4,74.4,86.1,30.9,4.0,100.6,18.0,0.5,0.4,0.5,-61.2,-34.7,39.1,-12.1,4.0,77.9,18.0,0.5,0.4,0.5,-36.7,40.9,49.7,7.3,3.0,69.7,18.0,0.3,0.5,0.5,-38.3,-23.6,34.2,-2.5,3.0,56.2,18.0,0.3,0.5,0.5,2.1,39.5,51.2,26.9,3.0,37.6,18.0,0.3,0.5,0.5,-39.6,-22.8,1.6,-19.1,3.0,30.3,18.0,0.3,0.5,0.5,672.0,1223.5,2695.5,1663.0,4.0,1406.0,18.0,0.5,0.4,0.5,670.0,1225.0,2695.0,1665.0,4.0,1405.0,18.0,0.5,0.4,0.5
1974,2,217.0,39.0,10.54,11.55,13.0,11.64,10.0,1.5,14.0,0.5,0.6,0.3,8.77,10.0,13.0,10.94,13.0,2.71,16.0,0.5,0.7,0.3,5.36,6.02,8.17,6.46,11.0,1.5,16.0,0.5,0.7,0.3,72.1,80.0,87.5,79.2,11.0,10.0,16.0,0.5,0.3,5.1,12.9,15.4,11.58,13.0,4.51,16.0,0.5,0.7,0.3,3.31,11.56,14.21,8.51,13.0,7.01,16.0,0.5,0.7,0.3,-5.62,-2.5,4.48,-1.52,13.0,5.96,16.0,0.5,0.7,0.3,1010.42,1021.0,1027.04,1019.22,13.0,8.64,16.0,0.5,0.7,0.3,3.7,5.0,7.3,5.1,12.0,1.9,14.0,0.6,0.6,0.3,15.5,149.0,206.0,115.1,13.0,111.6,16.0,0.5,0.7,0.3,-88.8,-26.3,51.1,-26.9,13.0,83.0,16.0,0.5,0.7,0.3,0.04,1.3,2.79,0.92,10.0,3.29,14.0,0.5,0.6,0.3,0.2,11.2,42.9,11.8,10.0,43.1,14.0,0.5,0.6,0.3,1.6,2.47,2.95,2.22,10.0,1.28,14.0,0.5,0.6,0.3,9.7,21.9,44.8,23.7,10.0,19.6,14.0,0.5,0.6,0.3,29.5,103.0,139.0,81.3,13.0,86.6,16.0,0.5,0.7,0.3,-51.9,-23.3,54.1,-7.0,13.0,76.4,16.0,0.5,0.7,0.3,12.4,49.9,83.7,46.6,11.0,54.1,16.0,0.5,0.7,0.3,-42.2,-13.0,26.3,-8.9,11.0,46.3,16.0,0.5,0.7,0.3,7.2,20.3,38.5,22.1,10.0,16.3,14.0,0.5,0.6,0.3,-12.6,-7.3,-1.0,-8.1,10.0,11.3,14.0,0.5,0.6,0.3,132.5,2146.5,3652.5,2163.0,13.0,1713.0,16.0,0.5,0.7,0.3,135.0,2145.0,3650.0,2165.0,13.0,1715.0,16.0,0.5,0.7,0.3
1974,2,217.0,40.0,11.2,11.4,11.6,11.4,2.0,0.42,6.0,0.0,0.8,0.3,8.83,11.7,11.9,10.4,3.0,2.52,14.0,0.3,0.6,0.3,5.43,7.59,7.77,6.62,3.0,1.91,14.0,0.3,0.6,0.3,74.7,88.7,92.0,83.5,3.0,13.5,14.0,0.3,0.3,8.21,9.3,15.92,12.0,3.0,6.11,14.0,0.3,0.6,0.3,-6.74,-5.9,0.38,-3.24,3.0,5.7,14.0,0.3,0.6,0.3,-11.2,4.95,5.65,-2.59,3.0,13.97,14.0,0.3,0.6,0.3,1009.02,1028.0,1028.75,1019.1,3.0,16.38,14.0,0.3,0.6,0.3,6.3,7.0,7.7,7.0,2.0,1.4,18.0,0.5,0.4,0.4,-59.6,-45.4,28.4,-16.3,3.0,69.2,14.0,0.3,0.6,0.3,-230.6,38.1,50.0,-87.3,3.0,232.5,14.0,0.3,0.6,0.3,-0.76,-0.45,-0.14,-0.45,2.0,0.64,6.0,0.0,0.8,0.3,-5.8,-3.5,-1.1,-3.5,2.0,4.9,6.0,0.0,0.8,0.3,0.48,0.51,0.53,0.51,2.0,0.05,6.0,0.0,0.8,0.3,3.9,4.3,4.8,4.3,2.0,1.0,6.0,0.0,0.8,0.3,-79.4,-70.8,-5.6,-43.1,3.0,59.1,14.0,0.3,0.6,0.3,-76.9,59.4,66.6,-3.7,3.0,118.5,14.0,0.3,0.6,0.3,-52.4,-44.8,-4.3,-28.7,3.0,37.9,14.0,0.3,0.6,0.3,-44.5,37.6,43.9,0.6,3.0,72.3,14.0,0.3,0.6,0.3,-3.7,-3.3,-3.0,-3.3,2.0,0.8,6.0,0.0,0.8,0.3,2.5,2.8,3.1,2.8,2.0,0.6,6.0,0.0,0.8,0.3,567.0,804.5,4937.5,2706.5,3.0,3600.5,14.0,0.3,0.6,0.3,565.0,805.0,4935.0,2705.0,3.0,3600.0,14.0,0.3,0.6,0.3
1974,2,217.0,41.0,11.0,11.0,11.0,11.0,2.0,0.0,16.0,1.0,0.7,0.3,8.48,9.5,10.52,9.5,2.0,2.12,16.0,1.0,0.7,0.3,5.11,5.59,6.06,5.59,2.0,0.99,16.0,1.0,0.7,0.3,74.8,75.8,76.9,75.8,2.0,2.2,16.0,1.0,0.3,13.13,14.9,16.67,14.9,2.0,3.68,16.0,1.0,0.7,0.3,12.13,13.36,14.58,13.36,2.0,2.54,16.0,1.0,0.7,0.3,-6.69,-2.27,2.15,-2.27,2.0,9.16,16.0,1.0,0.7,0.3,1014.41,1016.8,1019.19,1016.8,2.0,4.95,16.0,1.0,0.7,0.3,3.5,4.5,5.5,4.5,2.0,2.1,16.0,1.0,0.7,0.3,161.7,203.7,245.7,203.7,2.0,87.0,16.0,1.0,0.7,0.3,-120.6,-50.7,19.2,-50.7,2.0,144.9,16.0,1.0,0.7,0.3,0.48,1.5,2.52,1.5,2.0,2.12,16.0,1.0,0.7,0.3,8.3,26.3,44.2,26.3,2.0,37.1,16.0,1.0,0.7,0.3,2.06,2.51,2.97,2.51,2.0,0.95,16.0,1.0,0.7,0.3,27.9,39.2,50.5,39.2,2.0,23.3,16.0,1.0,0.7,0.3,122.2,124.2,126.2,124.2,2.0,4.2,16.0,1.0,0.7,0.3,-51.5,-11.9,27.8,-11.9,2.0,82.2,16.0,1.0,0.7,0.3,72.9,73.4,73.9,73.4,2.0,1.1,16.0,1.0,0.7,0.3,-31.8,-8.2,15.4,-8.2,2.0,49.0,16.0,1.0,0.7,0.3,25.6,34.8,44.0,34.8,2.0,19.0,16.0,1.0,0.7,0.3,-22.2,-10.0,2.1,-10.0,2.0,25.2,16.0,1.0,0.7,0.3,2416.0,3610.0,4804.0,3610.0,2.0,2474.0,16.0,1.0,0.7,0.3,2415.0,3610.0,4805.0,3610.0,2.0,2475.0,16.0,1.0,0.7,0.3
1974,2,217.0,42.0,10.0,10.0,10.0,10.0,1.0,0.0,22.0,1.0,0.4,0.7,6.0,6.0,6.0,6.0,1.0,0.0,22.0,1.0,0.4,0.7,3.39,3.39,3.39,3.39,1.0,0.0,22.0,1.0,0.4,0.7,59.0,59.0,59.0,59.0,1.0,0.0,22.0,1.0,0.7,13.9,13.9,13.9,13.9,1.0,0.0,22.0,1.0,0.4,0.7,12.04,12.04,12.04,12.04,1.0,0.0,22.0,1.0,0.4,0.7,-6.95,-6.95,-6.95,-6.95,1.0,0.0,22.0,1.0,0.4,0.7,1019.0,1019.0,1019.0,1019.0,1.0,0.0,22.0,1.0,0.4,0.7,5.0,5.0,5.0,5.0,1.0,0.0,22.0,1.0,0.4,0.7,167.3,167.3,167.3,167.3,1.0,0.0,22.0,1.0,0.4,0.7,-96.6,-96.6,-96.6,-96.6,1.0,0.0,22.0,1.0,0.4,0.7,4.0,4.0,4.0,4.0,1.0,0.0,22.0,1.0,0.4,0.7,55.6,55.6,55.6,55.6,1.0,0.0,22.0,1.0,0.4,0.7,4.17,4.17,4.17,4.17,1.0,0.0,22.0,1.0,0.4,0.7,57.9,57.9,57.9,57.9,1.0,0.0,22.0,1.0,0.4,0.7,72.2,72.2,72.2,72.2,1.0,0.0,22.0,1.0,0.4,0.7,-41.7,-41.7,-41.7,-41.7,1.0,0.0,22.0,1.0,0.4,0.7,40.8,40.8,40.8,40.8,1.0,0.0,22.0,1.0,0.4,0.7,-23.6,-23.6,-23.6,-23.6,1.0,0.0,22.0,1.0,0.4,0.7,50.2,50.2,50.2,50.2,1.0,0.0,22.0,1.0,0.4,0.7,-29.0,-29.0,-29.0,-29.0,1.0,0.0,22.0,1.0,0.4,0.7,2685.5,2685.5,2685.5,2685.5,1.0,0.0,22.0,1.0,0.4,0.7,2685.0,2685.0,2685.0,2685.0,1.0,0.0,22.0,1.0,0.4,0.7
1974,2,217.0,43.0,10.0,10.0,10.0,10.0,1.0,0.0,22.0,1.0,0.7,0.4,7.48,8.5,9.52,8.5,2.0,2.12,18.0,1.0,0.6,0.3,4.64,4.64,4.64,4.64,1.0,0.0,22.0,1.0,0.7,0.4,75.7,75.7,75.7,75.7,1.0,0.0,22.0,1.0,0.4,14.22,14.9,15.58,14.9,2.0,1.41,18.0,1.0,0.6,0.3,14.07,14.42,14.78,14.42,2.0,0.74,18.0,1.0,0.6,0.3,-4.58,-2.72,-0.86,-2.72,2.0,3.85,18.0,1.0,0.6,0.3,1004.31,1012.3,1020.29,1012.3,2.0,16.55,18.0,1.0,0.6,0.3,6.2,6.5,6.8,6.5,2.0,0.7,18.0,1.0,0.6,0.3,200.2,215.4,230.5,215.4,2.0,31.4,18.0,1.0,0.6,0.3,-72.7,-43.2,-13.7,-43.2,2.0,61.1,18.0,1.0,0.6,0.3,3.0,3.0,3.0,3.0,1.0,0.0,22.0,1.0,0.7,0.4,47.7,47.7,47.7,47.7,1.0,0.0,22.0,1.0,0.7,0.4,2.89,2.89,2.89,2.89,1.0,0.0,22.0,1.0,0.7,0.4,45.9,45.9,45.9,45.9,1.0,0.0,22.0,1.0,0.7,0.4,110.0,121.8,133.5,121.8,2.0,24.3,18.0,1.0,0.6,0.3,-32.0,-19.0,-6.0,-19.0,2.0,26.9,18.0,1.0,0.6,0.3,69.3,69.3,69.3,69.3,1.0,0.0,22.0,1.0,0.7,0.4,-25.2,-25.2,-25.2,-25.2,1.0,0.0,22.0,1.0,0.7,0.4,43.1,43.1,43.1,43.1,1.0,0.0,22.0,1.0,0.7,0.4,-15.7,-15.7,-15.7,-15.7,1.0,0.0,22.0,1.0,0.7,0.4,2897.5,3352.5,3808.0,3352.5,2.0,943.5,18.0,1.0,0.6,0.3,2895.0,3355.0,3810.0,3355.0,2.0,945.0,18.0,1.0,0.6,0.3
1974,2,217.0,44.0,8.7,8.7,8.7,8.7,1.0,0.0,20.0,1.0,0.1,0.2,4.97,7.05,9.13,7.05,2.0,4.31,24.0,0.5,0.4,0.5,6.26,6.26,6.26,6.26,1.0,0.0,20.0,1.0,0.1,0.2,81.1,81.1,81.1,81.1,1.0,0.0,20.0,1.0,0.2,5.31,10.05,14.79,10.05,2.0,9.83,24.0,0.5,0.4,0.5,0.66,7.18,13.71,7.18,2.0,13.52,24.0,0.5,0.4,0.5,-2.8,-2.47,-2.14,-2.47,2.0,0.68,24.0,0.5,0.4,0.5,1001.27,1001.85,1002.43,1001.85,2.0,1.2,24.0,0.5,0.4,0.5,5.3,6.0,6.7,6.0,2.0,1.4,24.0,0.5,0.4,0.5,39.0,138.6,238.3,138.6,2.0,206.5,24.0,0.5,0.4,0.5,-43.2,-28.2,-13.2,-28.2,2.0,31.1,24.0,0.5,0.4,0.5,-1.4,-1.4,-1.4,-1.4,1.0,0.0,20.0,1.0,0.1,0.2,-23.8,-23.8,-23.8,-23.8,1.0,0.0,20.0,1.0,0.1,0.2,0.77,0.77,0.77,0.77,1.0,0.0,20.0,1.0,0.1,0.2,13.1,13.1,13.1,13.1,1.0,0.0,20.0,1.0,0.1,0.2,18.8,79.8,140.7,79.8,2.0,126.3,24.0,0.5,0.4,0.5,-26.3,-18.9,-11.4,-18.9,2.0,15.4,24.0,0.5,0.4,0.5,104.9,104.9,104.9,104.9,1.0,0.0,20.0,1.0,0.1,0.2,-18.5,-18.5,-18.5,-18.5,1.0,0.0,20.0,1.0,0.1,0.2,12.9,12.9,12.9,12.9,1.0,0.0,20.0,1.0,0.1,0.2,-2.3,-2.3,-2.3,-2.3,1.0,0.0,20.0,1.0,0.1,0.2,805.0,2471.5,4138.0,2471.5,2.0,3453.0,24.0,0.5,0.4,0.5,805.0,2470.0,4140.0,2470.0,2.0,3455.0,24.0,0.5,0.4,0.5
1974,2,217.0,45.0,7.74,8.0,8.47,8.1,4.0,0.58,22.0,0.5,0.6,0.7,3.95,5.0,8.37,5.9,5.0,2.51,22.0,0.6,0.6,0.7,4.0,4.68,5.81,4.89,4.0,1.09,20.0,0.8,0.5,0.6,76.4,81.1,88.7,82.5,4.0,7.9,20.0,0.8,0.6,8.08,10.3,14.0,10.8,5.0,4.0,22.0,0.6,0.6,0.7,1.6,9.65,13.65,7.85,5.0,6.89,22.0,0.6,0.6,0.7,-2.83,0.0,6.99,1.72,5.0,5.79,22.0,0.6,0.6,0.7,1000.51,1005.5,1014.68,1007.88,5.0,9.55,22.0,0.6,0.6,0.7,3.5,6.0,6.7,5.2,5.0,2.6,22.0,0.6,0.6,0.7,19.8,94.6,192.4,105.2,5.0,98.9,22.0,0.6,0.6,0.7,-19.5,0.0,91.3,29.0,5.0,59.3,22.0,0.6,0.6,0.7,1.38,3.25,4.02,2.73,4.0,1.98,22.0,0.5,0.6,0.7,6.6,24.8,53.8,30.0,4.0,31.3,22.0,0.5,0.6,0.7,1.98,2.49,2.53,2.26,3.0,0.45,20.0,0.7,0.5,0.7,23.3,25.0,34.9,29.0,3.0,9.2,20.0,0.7,0.5,0.7,14.7,43.4,70.9,44.8,5.0,45.3,22.0,0.6,0.6,0.7,-13.6,0.0,38.6,12.4,5.0,39.1,22.0,0.6,0.6,0.7,30.0,49.1,64.4,47.3,4.0,21.0,20.0,0.8,0.5,0.6,-3.6,10.8,41.9,18.8,4.0,30.2,20.0,0.8,0.5,0.6,23.2,24.6,33.2,28.1,3.0,7.9,20.0,0.7,0.5,0.7,-3.0,0.0,9.2,3.1,3.0,9.3,20.0,0.7,0.5,0.7,646.0,1092.5,2830.5,1666.5,5.0,1498.0,22.0,0.6,0.6,0.7,645.0,1095.0,2830.0,1665.0,5.0,1500.0,22.0,0.6,0.6,0.7
1974,2,217.0,46.0,6.07,7.0,7.89,6.83,8.0,0.99,16.0,0.3,0.6,0.3,5.0,8.2,9.0,7.24,10.0,2.56,14.0,0.3,0.6,0.3,4.07,5.65,6.05,5.24,7.0,0.91,16.0,0.3,0.5,0.3,79.9,86.7,92.1,86.0,7.0,8.2,16.0,0.3,0.3,5.36,8.45,17.94,10.39,10.0,6.05,14.0,0.3,0.6,0.3,0.0,4.32,16.41,6.56,10.0,8.41,14.0,0.3,0.6,0.3,1.33,5.39,7.39,4.21,10.0,4.28,14.0,0.3,0.6,0.3,998.08,1014.6,1029.72,1014.51,10.0,14.76,14.0,0.3,0.6,0.3,4.9,7.5,8.0,6.7,10.0,1.6,14.0,0.3,0.6,0.3,0.0,25.0,304.9,109.0,10.0,169.9,14.0,0.3,0.6,0.3,8.2,40.0,88.1,46.8,10.0,51.9,14.0,0.3,0.6,0.3,-2.89,-0.7,2.87,-0.1,8.0,2.97,16.0,0.3,0.6,0.3,-24.6,-4.6,26.9,-1.6,8.0,39.9,16.0,0.3,0.6,0.3,-0.17,0.45,2.13,0.89,7.0,1.06,16.0,0.3,0.5,0.3,-3.2,6.2,15.2,10.4,7.0,16.3,16.0,0.3,0.5,0.3,0.0,35.6,80.8,43.0,10.0,57.4,14.0,0.3,0.6,0.3,11.7,44.1,64.4,39.3,10.0,29.3,14.0,0.3,0.6,0.3,-1.3,37.3,81.1,40.9,7.0,49.3,16.0,0.3,0.5,0.3,-1.1,31.3,44.1,23.5,7.0,25.8,16.0,0.3,0.5,0.3,-0.1,1.6,12.1,8.5,7.0,16.2,16.0,0.3,0.5,0.3,-3.2,0.0,3.4,-0.4,7.0,6.6,16.0,0.3,0.5,0.3,155.0,605.0,6276.5,2317.5,10.0,3489.0,14.0,0.3,0.6,0.3,155.0,605.0,6275.0,2315.0,10.0,3490.0,14.0,0.3,0.6,0.3
1974,2,217.0,47.0,5.39,6.6,7.0,6.31,10.0,0.8,14.0,0.1,0.7,0.3,4.0,6.0,7.53,5.74,11.0,2.04,14.0,0.1,0.7,0.4,3.46,4.15,5.74,4.73,9.0,1.4,14.0,0.1,0.7,0.3,66.4,80.2,91.2,80.4,9.0,12.2,14.0,0.1,0.3,6.49,10.3,14.11,9.96,11.0,3.7,14.0,0.1,0.7,0.4,0.0,6.6,11.96,6.25,11.0,5.59,14.0,0.1,0.7,0.4,-2.83,0.0,8.19,1.43,11.0,6.81,14.0,0.1,0.7,0.4,1000.47,1007.0,1025.82,1011.63,11.0,12.84,14.0,0.1,0.7,0.4,7.0,8.0,8.0,7.4,8.0,1.1,16.0,0.1,0.6,0.4,0.0,44.2,147.0,69.3,11.0,78.3,14.0,0.1,0.7,0.4,-14.3,0.0,70.2,15.5,11.0,85.6,14.0,0.1,0.7,0.4,-1.69,0.3,2.79,0.4,10.0,2.19,14.0,0.1,0.7,0.3,-15.8,3.9,32.3,4.2,10.0,25.2,14.0,0.1,0.7,0.3,-0.2,1.76,2.63,1.24,9.0,1.48,14.0,0.1,0.7,0.3,-2.5,11.9,26.2,12.8,9.0,18.3,14.0,0.1,0.7,0.3,0.0,37.0,51.4,28.6,11.0,29.7,14.0,0.1,0.7,0.4,-11.3,0.0,62.1,19.0,11.0,50.7,14.0,0.1,0.7,0.4,0.0,30.4,51.3,24.3,9.0,27.0,14.0,0.1,0.7,0.3,-6.2,0.0,53.6,18.9,9.0,41.7,14.0,0.1,0.7,0.3,0.9,9.1,25.8,13.6,9.0,11.9,14.0,0.1,0.7,0.3,-15.9,0.0,1.8,-6.2,9.0,11.3,14.0,0.1,0.7,0.3,275.0,1092.5,2809.5,1355.0,11.0,1157.5,14.0,0.1,0.7,0.4,275.0,1095.0,2810.0,1355.0,11.0,1160.0,14.0,0.1,0.7,0.4
1974,2,217.0,48.0,5.0,5.0,5.0,5.0,1.0,0.0,4.0,0.0,0.3,0.0,7.0,7.0,7.0,7.0,1.0,0.0,4.0,0.0,0.3,0.0,5.8,5.8,5.8,5.8,1.0,0.0,4.0,0.0,0.3,0.0,93.3,93.3,93.3,93.3,1.0,0.0,4.0,0.0,0.0,6.2,6.2,6.2,6.2,1.0,0.0,4.0,0.0,0.3,0.0,5.83,5.83,5.83,5.83,1.0,0.0,4.0,0.0,0.3,0.0,-2.12,-2.12,-2.12,-2.12,1.0,0.0,4.0,0.0,0.3,0.0,1010.5,1010.5,1010.5,1010.5,1.0,0.0,4.0,0.0,0.3,0.0,8.0,8.0,8.0,8.0,1.0,0.0,4.0,0.0,0.3,0.0,36.1,36.1,36.1,36.1,1.0,0.0,4.0,0.0,0.3,0.0,-13.1,-13.1,-13.1,-13.1,1.0,0.0,4.0,0.0,0.3,0.0,-2.0,-2.0,-2.0,-2.0,1.0,0.0,4.0,0.0,0.3,0.0,-12.4,-12.4,-12.4,-12.4,1.0,0.0,4.0,0.0,0.3,0.0,-0.39,-0.39,-0.39,-0.39,1.0,0.0,4.0,0.0,0.3,0.0,-2.4,-2.4,-2.4,-2.4,1.0,0.0,4.0,0.0,0.3,0.0,40.8,40.8,40.8,40.8,1.0,0.0,4.0,0.0,0.3,0.0,-14.8,-14.8,-14.8,-14.8,1.0,0.0,4.0,0.0,0.3,0.0,33.8,33.8,33.8,33.8,1.0,0.0,4.0,0.0,0.3,0.0,-12.3,-12.3,-12.3,-12.3,1.0,0.0,4.0,0.0,0.3,0.0,-2.3,-2.3,-2.3,-2.3,1.0,0.0,4.0,0.0,0.3,0.0,0.8,0.8,0.8,0.8,1.0,0.0,4.0,0.0,0.3,0.0,238.5,238.5,238.5,238.5,1.0,0.0,4.0,0.0,0.3,0.0,240.0,240.0,240.0,240.0,1.0,0.0,4.0,0.0,0.3,0.0
1974,2,217.0,49.0,4.94,5.6,6.1,5.69,13.0,1.25,10.0,0.5,0.6,0.5,4.93,5.6,6.73,5.7,13.0,1.35,10.0,0.5,0.6,0.5,4.25,5.36,5.84,5.11,10.0,0.8,10.0,0.4,0.5,0.5,75.2,92.0,96.4,88.0,11.0,10.2,10.0,0.4,0.5,4.96,10.8,15.45,10.85,13.0,4.68,10.0,0.5,0.6,0.5,0.0,6.95,13.24,6.63,13.0,6.17,10.0,0.5,0.6,0.5,-0.49,4.75,10.92,4.76,13.0,6.27,10.0,0.5,0.6,0.5,993.2,1008.95,1018.64,1005.65,12.0,13.88,10.0,0.5,0.6,0.5,2.7,5.5,8.0,5.3,12.0,2.5,12.0,0.5,0.5,0.5,0.0,73.6,186.9,85.1,13.0,105.6,10.0,0.5,0.6,0.5,-5.1,60.5,121.5,57.5,13.0,86.6,10.0,0.5,0.6,0.5,-2.03,-0.5,1.52,-0.01,13.0,2.36,10.0,0.5,0.6,0.5,-22.6,-1.8,15.0,1.4,13.0,35.2,10.0,0.5,0.6,0.5,-0.32,0.27,1.22,0.47,10.0,0.88,10.0,0.4,0.5,0.5,-5.5,3.5,10.3,3.4,10.0,9.0,10.0,0.4,0.5,0.5,0.0,36.8,60.8,36.5,13.0,38.9,10.0,0.5,0.6,0.5,-1.3,32.5,69.6,31.5,13.0,34.2,10.0,0.5,0.6,0.5,0.0,21.3,66.1,31.3,10.0,37.2,10.0,0.4,0.5,0.5,6.4,26.6,58.4,28.8,10.0,30.5,10.0,0.4,0.5,0.5,-1.2,0.3,7.9,2.4,10.0,6.8,10.0,0.4,0.5,0.5,-4.2,0.3,5.6,1.0,10.0,6.3,10.0,0.4,0.5,0.5,124.5,1259.5,3687.5,1908.0,13.0,1762.5,10.0,0.5,0.6,0.5,125.0,1260.0,3685.0,1910.0,13.0,1760.0,10.0,0.5,0.6,0.5
1974,2,217.0,50.0,5.0,5.85,7.0,5.67,10.0,1.25,16.0,0.6,0.6,0.5,3.5,5.85,6.5,5.02,10.0,2.15,16.0,0.6,0.6,0.5,4.17,4.75,5.79,4.9,9.0,0.82,16.0,0.7,0.6,0.4,83.3,85.8,100.0,89.3,9.0,9.5,16.0,0.7,0.4,7.53,13.4,14.47,11.48,10.0,3.82,16.0,0.6,0.6,0.5,1.36,5.07,13.6,7.17,10.0,5.82,16.0,0.6,0.6,0.5,1.0,4.28,11.67,5.97,10.0,5.52,16.0,0.6,0.6,0.5,989.93,1000.0,1016.49,1001.7,10.0,12.3,16.0,0.6,0.6,0.5,5.1,8.0,8.0,6.9,8.0,1.6,18.0,0.5,0.6,0.5,7.1,44.0,186.2,89.1,10.0,88.7,16.0,0.6,0.6,0.5,10.6,50.0,145.9,75.2,10.0,78.6,16.0,0.6,0.6,0.5,-1.29,-0.25,3.5,0.65,10.0,2.43,16.0,0.6,0.6,0.5,-16.8,-3.3,18.6,3.3,10.0,27.5,16.0,0.6,0.6,0.5,0.01,0.99,1.98,0.93,9.0,0.93,16.0,0.7,0.6,0.4,0.1,8.6,17.8,8.4,9.0,9.0,16.0,0.7,0.6,0.4,0.0,17.9,76.0,32.5,10.0,36.0,16.0,0.6,0.6,0.5,6.0,19.9,76.5,36.6,10.0,36.9,16.0,0.6,0.6,0.5,4.5,19.8,57.6,29.8,9.0,27.0,16.0,0.7,0.6,0.4,2.8,16.6,73.1,33.7,9.0,35.0,16.0,0.7,0.6,0.4,0.0,5.4,16.7,7.8,9.0,8.4,16.0,0.7,0.6,0.4,-1.1,0.3,7.0,1.9,9.0,4.3,16.0,0.7,0.6,0.4,481.0,2406.0,3041.5,1923.5,10.0,1254.0,16.0,0.6,0.6,0.5,480.0,2405.0,3040.0,1925.0,10.0,1255.0,16.0,0.6,0.6,0.5
1974,2,217.0,51.0,4.44,4.75,6.57,5.39,10.0,1.55,14.0,0.8,0.7,0.5,2.17,4.2,6.71,4.39,11.0,2.38,14.0,0.8,0.7,0.5,3.54,5.19,5.55,4.63,7.0,1.21,14.0,1.0,0.7,0.6,70.1,87.7,93.0,82.7,7.0,13.4,14.0,1.0,0.6,7.46,12.6,15.4,11.93,10.0,4.83,12.0,0.9,0.7,0.5,-3.16,1.38,10.38,3.24,10.0,6.58,12.0,0.9,0.7,0.5,-4.93,6.59,14.6,5.42,10.0,9.7,12.0,0.9,0.7,0.5,984.26,1000.5,1017.95,1001.65,11.0,14.94,14.0,0.8,0.7,0.5,4.9,8.0,8.0,6.7,10.0,1.9,14.0,0.8,0.7,0.4,-44.7,5.0,139.5,39.1,10.0,93.1,12.0,0.9,0.7,0.5,-52.6,68.7,219.0,80.7,10.0,156.4,12.0,0.9,0.7,0.5,-0.86,0.5,3.43,0.96,10.0,2.38,14.0,0.8,0.7,0.5,-16.9,4.3,18.4,4.1,9.0,32.7,12.0,0.9,0.7,0.5,-0.16,0.65,2.58,1.07,7.0,1.3,14.0,1.0,0.7,0.6,-2.5,6.7,28.4,11.7,7.0,17.8,14.0,1.0,0.7,0.6,-16.7,0.0,38.7,8.6,10.0,26.9,12.0,0.9,0.7,0.5,-11.3,35.8,85.9,40.5,10.0,52.1,12.0,0.9,0.7,0.5,-19.5,0.0,29.0,0.7,7.0,22.1,14.0,1.0,0.7,0.6,-18.1,56.8,86.4,45.2,7.0,50.4,14.0,1.0,0.7,0.6,-1.1,0.0,18.5,6.6,7.0,13.8,14.0,1.0,0.7,0.6,-9.3,-2.3,7.4,-2.0,7.0,15.1,14.0,1.0,0.7,0.6,509.0,2123.0,3652.5,2421.5,10.0,2225.0,12.0,0.9,0.7,0.5,510.0,2125.0,3650.0,2420.0,10.0,2225.0,12.0,0.9,0.7,0.5
1974,2,217.0,52.0,4.12,5.0,5.97,5.22,11.0,1.59,12.0,0.5,0.7,0.6,1.75,3.5,5.98,3.82,12.0,2.15,12.0,0.4,0.6,0.6,3.59,4.14,5.01,4.23,12.0,0.75,12.0,0.4,0.6,0.6,74.9,84.6,89.1,83.6,12.0,8.7,12.0,0.4,0.6,8.07,10.05,13.03,10.43,12.0,2.21,12.0,0.4,0.6,0.6,-0.48,3.14,10.37,4.6,12.0,5.64,12.0,0.4,0.6,0.6,-2.43,8.0,10.39,4.65,12.0,6.71,12.0,0.4,0.6,0.6,983.11,1003.6,1020.64,1002.47,12.0,17.4,12.0,0.4,0.6,0.6,6.3,8.0,8.0,7.4,9.0,0.9,10.0,0.6,0.7,0.6,-5.2,32.7,130.5,54.3,12.0,69.6,12.0,0.4,0.6,0.6,-21.8,72.2,109.0,51.8,12.0,72.2,12.0,0.4,0.6,0.6,-1.54,2.0,3.94,1.15,11.0,2.75,12.0,0.5,0.7,0.6,-14.7,16.2,36.0,11.3,11.0,29.0,12.0,0.5,0.7,0.6,0.09,1.5,2.02,1.2,11.0,0.98,12.0,0.5,0.7,0.6,1.0,14.7,22.7,12.0,11.0,10.7,12.0,0.5,0.7,0.6,-2.5,11.1,17.7,9.4,12.0,14.3,12.0,0.4,0.6,0.6,-3.1,28.0,56.9,26.0,12.0,33.4,12.0,0.4,0.6,0.6,-2.3,13.6,40.2,17.4,12.0,21.2,12.0,0.4,0.6,0.6,-8.7,35.0,49.6,22.2,12.0,30.2,12.0,0.4,0.6,0.6,-1.2,0.1,14.6,5.3,11.0,9.8,12.0,0.5,0.7,0.6,-4.9,0.7,16.8,3.9,11.0,11.3,12.0,0.5,0.7,0.6,527.5,1017.0,2212.5,1275.0,12.0,777.5,12.0,0.4,0.6,0.6,525.0,1015.0,2215.0,1275.0,12.0,775.0,12.0,0.4,0.6,0.6
1974,2,217.0,53.0,3.51,4.3,7.05,5.06,5.0,2.22,16.0,0.6,0.6,0.4,0.32,1.0,3.79,1.96,5.0,2.24,16.0,0.6,0.6,0.4,2.68,2.69,3.46,3.06,3.0,0.65,18.0,0.3,0.3,0.4,59.9,66.2,89.3,74.4,3.0,22.7,18.0,0.3,0.4,10.95,13.85,16.47,13.87,6.0,4.35,16.0,0.5,0.6,0.4,1.85,9.82,14.27,8.69,6.0,7.0,16.0,0.5,0.6,0.4,-11.3,-6.8,7.65,-3.93,6.0,9.57,16.0,0.5,0.6,0.4,1002.55,1007.7,1012.22,1007.05,6.0,6.39,16.0,0.5,0.6,0.4,8.0,8.0,8.0,8.0,6.0,0.0,16.0,0.5,0.6,0.4,30.6,118.2,238.9,140.0,6.0,133.7,16.0,0.5,0.6,0.4,-216.6,-94.1,66.4,-79.7,6.0,136.5,16.0,0.5,0.6,0.4,0.48,1.8,6.41,3.1,5.0,3.65,16.0,0.6,0.6,0.4,1.7,37.1,87.9,44.8,5.0,53.5,16.0,0.6,0.6,0.4,2.66,2.89,3.17,2.91,3.0,0.38,18.0,0.3,0.3,0.4,26.3,40.7,43.2,34.9,3.0,13.4,18.0,0.3,0.3,0.4,-1.4,8.9,26.5,14.2,5.0,24.2,16.0,0.6,0.6,0.4,-15.1,0.0,12.8,-1.7,5.0,19.9,16.0,0.6,0.6,0.4,5.6,25.4,42.7,24.2,3.0,27.2,18.0,0.3,0.3,0.4,-13.6,20.2,20.9,4.1,3.0,28.9,18.0,0.3,0.3,0.4,7.6,31.2,36.2,22.1,3.0,22.4,18.0,0.3,0.3,0.4,-9.0,19.4,24.0,7.8,3.0,26.2,18.0,0.3,0.3,0.4,1398.0,2756.5,4703.5,3334.5,6.0,2924.5,16.0,0.5,0.6,0.4,1400.0,2755.0,4705.0,3335.0,6.0,2925.0,16.0,0.5,0.6,0.4
1974,2,217.0,54.0,3.0,3.9,5.5,3.96,17.0,1.27,16.0,0.6,0.6,0.4,1.05,2.5,5.5,2.83,17.0,2.11,14.0,0.5,0.6,0.4,3.42,3.9,5.24,4.22,15.0,0.93,14.0,0.6,0.6,0.4,81.2,85.0,98.5,87.4,15.0,9.9,14.0,0.6,0.4,7.41,13.9,18.5,12.62,19.0,5.58,14.0,0.5,0.6,0.3,0.0,9.25,15.36,7.59,19.0,7.73,14.0,0.5,0.6,0.3,-1.74,5.98,13.47,5.53,19.0,6.8,14.0,0.5,0.6,0.3,988.01,1001.0,1004.03,997.31,19.0,12.3,14.0,0.5,0.6,0.3,7.0,8.0,8.0,7.5,17.0,1.1,14.0,0.5,0.6,0.3,0.0,124.2,283.0,125.4,19.0,131.2,14.0,0.5,0.6,0.3,-18.0,55.6,210.9,86.2,19.0,115.3,14.0,0.5,0.6,0.3,-1.91,1.8,3.84,1.19,15.0,2.49,14.0,0.6,0.6,0.4,-23.2,10.2,55.8,15.3,15.0,36.2,14.0,0.6,0.6,0.4,-0.35,1.05,2.03,0.97,15.0,1.08,14.0,0.6,0.6,0.4,-4.1,9.7,31.6,12.7,15.0,16.4,14.0,0.6,0.6,0.4,0.0,17.4,50.2,22.2,17.0,21.8,14.0,0.5,0.6,0.4,-2.3,6.3,50.4,22.8,17.0,33.7,14.0,0.5,0.6,0.4,0.9,46.1,58.5,30.8,15.0,30.7,14.0,0.6,0.6,0.4,-5.6,22.9,57.0,25.5,15.0,32.5,14.0,0.6,0.6,0.4,-3.6,4.8,30.6,10.2,15.0,15.3,14.0,0.6,0.6,0.4,-6.2,0.0,13.0,2.3,15.0,9.4,14.0,0.6,0.6,0.4,417.5,2685.5,6331.5,3051.0,19.0,2828.0,14.0,0.5,0.6,0.3,420.0,2685.0,6330.0,3050.0,19.0,2830.0,14.0,0.5,0.6,0.3
1974,2,217.0,55.0,2.64,3.4,3.77,3.16,5.0,0.96,14.0,0.4,0.8,0.5,-0.4,1.1,2.6,1.2,5.0,2.1,14.0,0.4,0.8,0.5,2.76,3.36,4.58,3.65,4.0,1.17,14.0,0.5,0.9,0.4,70.7,85.0,95.7,83.3,4.0,15.9,14.0,0.5,0.4,9.67,14.9,15.4,12.84,5.0,3.46,14.0,0.4,0.8,0.5,4.49,7.7,12.93,8.61,5.0,4.69,14.0,0.4,0.8,0.5,3.74,9.9,11.31,7.86,5.0,5.12,14.0,0.4,0.8,0.5,979.5,1002.5,1008.65,995.84,5.0,15.86,14.0,0.4,0.8,0.5,4.9,7.5,8.0,6.5,4.0,2.4,16.0,0.5,0.8,0.4,39.2,118.6,196.4,120.1,5.0,82.7,14.0,0.4,0.8,0.5,28.8,109.6,171.8,102.6,5.0,82.0,14.0,0.4,0.8,0.5,-0.44,2.8,3.99,1.96,5.0,2.45,14.0,0.4,0.8,0.5,-3.4,43.1,60.3,31.7,5.0,34.5,14.0,0.4,0.8,0.5,-0.04,1.26,2.33,1.15,4.0,1.4,14.0,0.5,0.9,0.4,0.3,18.5,35.9,18.1,4.0,20.7,14.0,0.5,0.9,0.4,-3.1,5.5,16.4,6.5,5.0,11.8,14.0,0.4,0.8,0.5,-5.4,10.9,19.4,7.6,5.0,15.7,14.0,0.4,0.8,0.5,17.9,23.8,28.9,23.4,4.0,7.3,14.0,0.5,0.9,0.4,28.6,34.3,38.6,33.6,4.0,6.0,14.0,0.5,0.9,0.4,-0.4,8.9,23.3,11.3,4.0,14.5,14.0,0.5,0.9,0.4,0.5,14.3,26.7,13.7,4.0,15.3,14.0,0.5,0.9,0.4,966.5,3308.0,3652.5,2465.5,5.0,1501.5,14.0,0.4,0.8,0.5,965.0,3310.0,3650.0,2465.0,5.0,1500.0,14.0,0.4,0.8,0.5
1974,2,217.0,56.0,4.4,4.4,4.4,4.4,2.0,0.0,14.0,0.0,0.6,0.5,0.95,3.0,3.61,2.3,3.0,2.04,14.0,0.0,0.5,0.4,4.09,4.11,4.13,4.11,2.0,0.04,12.0,0.0,0.2,0.5,83.3,83.7,84.1,83.7,2.0,0.8,12.0,0.0,0.5,6.2,6.2,8.32,7.23,3.0,1.79,14.0,0.0,0.5,0.4,-3.6,3.99,5.24,0.9,3.0,7.01,14.0,0.0,0.5,0.4,-3.41,2.12,3.92,0.3,3.0,5.59,14.0,0.0,0.5,0.4,978.18,979.0,1005.14,991.37,3.0,22.47,14.0,0.0,0.5,0.4,5.3,8.0,8.0,6.7,3.0,2.3,14.0,0.0,0.5,0.4,-37.4,24.7,32.5,-1.8,3.0,56.1,14.0,0.0,0.5,0.4,-33.8,13.1,24.3,-4.3,3.0,45.1,14.0,0.0,0.5,0.4,1.12,2.45,3.78,2.45,2.0,2.76,14.0,0.0,0.6,0.5,6.9,15.2,23.4,15.2,2.0,17.1,14.0,0.0,0.6,0.5,1.02,1.02,1.02,1.02,1.0,0.0,6.0,0.0,0.2,0.8,6.3,6.3,6.3,6.3,1.0,0.0,6.0,0.0,0.2,0.8,-14.6,0.0,15.5,0.4,3.0,22.1,14.0,0.0,0.5,0.4,-12.2,0.0,5.6,-3.2,3.0,13.4,14.0,0.0,0.5,0.4,-20.7,-2.5,15.6,-2.5,2.0,37.6,12.0,0.0,0.2,0.5,-19.1,-7.8,3.5,-7.8,2.0,23.5,12.0,0.0,0.2,0.5,5.9,5.9,5.9,5.9,1.0,0.0,6.0,0.0,0.2,0.8,2.2,2.2,2.2,2.2,1.0,0.0,6.0,0.0,0.2,0.8,238.5,238.5,624.5,427.0,3.0,327.0,14.0,0.0,0.5,0.4,240.0,240.0,625.0,425.0,3.0,325.0,14.0,0.0,0.5,0.4
1974,2,217.0,57.0,,,,,,,,,,,,,,,,,,,,,,,,,,,,,,,,,,,,,,,,18.0,18.0,18.0,18.0,1.0,0.0,18.0,0.0,0.1,0.0,-17.73,-17.73,-17.73,-17.73,1.0,0.0,18.0,0.0,0.1,0.0,3.13,3.13,3.13,3.13,1.0,0.0,18.0,0.0,0.1,0.0,989.5,989.5,989.5,989.5,1.0,0.0,18.0,0.0,0.1,0.0,,,,,,,,,,,,,,,,,,,,,,,,,,,,,,,,,,,,,,,,,,,,,,,,,,,,,,,,,,,,,,,,,,,,,,,,,,,,,,,,,,,,,,,,,,,,,,,,,,,,,,,,,,,,,,,,,,,,,,,,,,,,,,,,,,,,,,,,,,,,,,,,,,,,,,
1974,2,217.0,58.0,4.4,4.4,4.4,4.4,1.0,0.0,12.0,0.0,0.3,0.9,3.3,3.3,3.3,3.3,1.0,0.0,12.0,0.0,0.3,0.9,4.03,4.03,4.03,4.03,1.0,0.0,12.0,0.0,0.3,0.9,83.1,83.1,83.1,83.1,1.0,0.0,12.0,0.0,0.9,7.2,7.2,7.2,7.2,1.0,0.0,12.0,0.0,0.3,0.9,5.52,5.52,5.52,5.52,1.0,0.0,12.0,0.0,0.3,0.9,4.63,4.63,4.63,4.63,1.0,0.0,12.0,0.0,0.3,0.9,1000.4,1000.4,1000.4,1000.4,1.0,0.0,12.0,0.0,0.3,0.9,7.0,7.0,7.0,7.0,1.0,0.0,12.0,0.0,0.3,0.9,39.7,39.7,39.7,39.7,1.0,0.0,12.0,0.0,0.3,0.9,33.3,33.3,33.3,33.3,1.0,0.0,12.0,0.0,0.3,0.9,1.1,1.1,1.1,1.1,1.0,0.0,12.0,0.0,0.3,0.9,7.9,7.9,7.9,7.9,1.0,0.0,12.0,0.0,0.3,0.9,1.21,1.21,1.21,1.21,1.0,0.0,12.0,0.0,0.3,0.9,8.7,8.7,8.7,8.7,1.0,0.0,12.0,0.0,0.3,0.9,18.2,18.2,18.2,18.2,1.0,0.0,12.0,0.0,0.3,0.9,15.3,15.3,15.3,15.3,1.0,0.0,12.0,0.0,0.3,0.9,22.2,22.2,22.2,22.2,1.0,0.0,12.0,0.0,0.3,0.9,18.6,18.6,18.6,18.6,1.0,0.0,12.0,0.0,0.3,0.9,6.7,6.7,6.7,6.7,1.0,0.0,12.0,0.0,0.3,0.9,5.6,5.6,5.6,5.6,1.0,0.0,12.0,0.0,0.3,0.9,373.0,373.0,373.0,373.0,1.0,0.0,12.0,0.0,0.3,0.9,375.0,375.0,375.0,375.0,1.0,0.0,12.0,0.0,0.3,0.9
1974,2,218.0,-71.0,,,,,,,,,,,,,,,,,,,,,,,,,,,,,,,,,,,,,,,,,,,,,,,,,,,,,,,,,,,,,,,,,,,,,,,,,,,,,,,,8.0,8.0,8.0,8.0,1.0,0.0,20.0,1.0,0.8,0.1,13.6,13.6,13.6,13.6,1.0,0.0,20.0,1.0,0.8,0.1,-16.2,-16.2,-16.2,-16.2,1.0,0.0,20.0,1.0,0.8,0.1,,,,,,,,,,,,,,,,,,,,,,,,,,,,,,,,,,,,,,,,,,,,,,,,,,,,,,,,,,,,,,,,,,,,,,,,,,,,,,,,,,,,,,,,,,,,,,,,,,,,,,,,,,,,,,,,,,,,,,,,
1974,2,218.0,-58.0,,,,,,,,,,,,,,,,,,,,,,,,,,,,,,,,,,,,,,,,9.0,9.0,9.0,9.0,1.0,0.0,22.0,0.0,0.6,1.0,8.86,8.86,8.86,8.86,1.0,0.0,22.0,0.0,0.6,1.0,1.56,1.56,1.56,1.56,1.0,0.0,22.0,0.0,0.6,1.0,999.1,999.1,999.1,999.1,1.0,0.0,22.0,0.0,0.6,1.0,,,,,,,,,,,,,,,,,,,,,,,,,,,,,,,,,,,,,,,,,,,,,,,,,,,,,,,,,,,,,,,,,,,,,,,,,,,,,,,,,,,,,,,,,,,,,,,,,,,,,,,,,,,,,,,,,,,,,,,,,,,,,,,,,,,,,,,,,,,,,,,,,,,,,,
1974,2,218.0,-45.0,,,,,,,,,,,,,,,,,,,,,,,,,,,,,,,,,,,,,,,,,,,,,,,,,,,,,,,,,,,,,,,,,,,,,,,,,,,,,,,,6.0,6.0,6.0,6.0,1.0,0.0,24.0,1.0,0.1,1.0,55.7,55.7,55.7,55.7,1.0,0.0,24.0,1.0,0.1,1.0,-20.3,-20.3,-20.3,-20.3,1.0,0.0,24.0,1.0,0.1,1.0,,,,,,,,,,,,,,,,,,,,,,,,,,,,,,,,,,,,,,,,,,,,,,,,,,,,,,,,,,,,,,,,,,,,,,,,,,,,,,,,,,,,,,,,,,,,,,,,,,,,,,,,,,,,,,,,,,,,,,,,
1974,2,218.0,-41.0,14.93,15.85,16.77,15.85,2.0,1.91,20.0,0.5,0.3,0.6,15.5,16.15,16.8,16.15,2.0,1.34,20.0,0.5,0.3,0.6,8.32,8.46,8.61,8.46,2.0,0.3,20.0,0.5,0.3,0.6,71.2,75.7,80.2,75.7,2.0,9.3,20.0,0.5,0.6,5.2,5.4,5.6,5.4,2.0,0.42,20.0,0.5,0.3,0.6,-5.52,-5.32,-5.12,-5.32,2.0,0.42,20.0,0.5,0.3,0.6,-0.69,-0.05,0.59,-0.05,2.0,1.33,20.0,0.5,0.3,0.6,1025.66,1026.65,1027.64,1026.65,2.0,2.05,20.0,0.5,0.3,0.6,8.0,8.0,8.0,8.0,2.0,0.0,20.0,0.5,0.3,0.6,-31.0,-28.8,-26.6,-28.8,2.0,4.5,20.0,0.5,0.3,0.6,-4.0,-0.6,2.9,-0.6,2.0,7.2,20.0,0.5,0.3,0.6,-1.87,-0.3,1.27,-0.3,2.0,3.25,20.0,0.5,0.3,0.6,-10.8,-2.3,6.2,-2.3,2.0,17.7,20.0,0.5,0.3,0.6,2.1,2.6,3.1,2.6,2.0,1.03,20.0,0.5,0.3,0.6,11.6,13.8,16.0,13.8,2.0,4.5,20.0,0.5,0.3,0.6,-92.9,-86.2,-79.5,-86.2,2.0,13.9,20.0,0.5,0.3,0.6,-12.1,-1.7,8.6,-1.7,2.0,21.5,20.0,0.5,0.3,0.6,-45.9,-44.9,-44.0,-44.9,2.0,1.9,20.0,0.5,0.3,0.6,-5.7,-0.2,5.2,-0.2,2.0,11.2,20.0,0.5,0.3,0.6,-15.7,-13.6,-11.5,-13.6,2.0,4.4,20.0,0.5,0.3,0.6,-1.1,0.6,2.2,0.6,2.0,3.4,20.0,0.5,0.3,0.6,141.0,159.0,177.0,159.0,2.0,37.0,20.0,0.5,0.3,0.6,140.0,160.0,175.0,160.0,2.0,35.0,20.0,0.5,0.3,0.6
1974,2,218.0,-38.0,19.7,19.7,19.7,19.7,1.0,0.0,12.0,1.0,0.2,0.7,20.6,20.6,20.6,20.6,1.0,0.0,12.0,1.0,0.2,0.7,9.78,9.78,9.78,9.78,1.0,0.0,12.0,1.0,0.2,0.7,65.4,65.4,65.4,65.4,1.0,0.0,12.0,1.0,0.7,5.1,5.1,5.1,5.1,1.0,0.0,12.0,1.0,0.2,0.7,-0.89,-0.89,-0.89,-0.89,1.0,0.0,12.0,1.0,0.2,0.7,-5.02,-5.02,-5.02,-5.02,1.0,0.0,12.0,1.0,0.2,0.7,1020.4,1020.4,1020.4,1020.4,1.0,0.0,12.0,1.0,0.2,0.7,7.0,7.0,7.0,7.0,1.0,0.0,12.0,1.0,0.2,0.7,-4.5,-4.5,-4.5,-4.5,1.0,0.0,12.0,1.0,0.2,0.7,-25.6,-25.6,-25.6,-25.6,1.0,0.0,12.0,1.0,0.2,0.7,-0.9,-0.9,-0.9,-0.9,1.0,0.0,12.0,1.0,0.2,0.7,-4.6,-4.6,-4.6,-4.6,1.0,0.0,12.0,1.0,0.2,0.7,4.39,4.39,4.39,4.39,1.0,0.0,12.0,1.0,0.2,0.7,22.4,22.4,22.4,22.4,1.0,0.0,12.0,1.0,0.2,0.7,-18.2,-18.2,-18.2,-18.2,1.0,0.0,12.0,1.0,0.2,0.7,-103.5,-103.5,-103.5,-103.5,1.0,0.0,12.0,1.0,0.2,0.7,-8.7,-8.7,-8.7,-8.7,1.0,0.0,12.0,1.0,0.2,0.7,-49.1,-49.1,-49.1,-49.1,1.0,0.0,12.0,1.0,0.2,0.7,-3.9,-3.9,-3.9,-3.9,1.0,0.0,12.0,1.0,0.2,0.7,-22.1,-22.1,-22.1,-22.1,1.0,0.0,12.0,1.0,0.2,0.7,132.5,132.5,132.5,132.5,1.0,0.0,12.0,1.0,0.2,0.7,135.0,135.0,135.0,135.0,1.0,0.0,12.0,1.0,0.2,0.7
1974,2,218.0,-37.0,20.0,20.0,20.0,20.0,2.0,0.0,26.0,1.0,0.1,0.5,19.5,19.5,19.5,19.5,1.0,0.0,26.0,1.0,0.1,0.5,9.38,9.38,9.38,9.38,1.0,0.0,26.0,1.0,0.1,0.5,66.5,66.5,66.5,66.5,1.0,0.0,26.0,1.0,0.5,7.7,7.7,7.7,7.7,2.0,0.0,26.0,1.0,0.1,0.5,5.9,5.9,5.9,5.9,2.0,0.0,26.0,1.0,0.1,0.5,4.95,4.95,4.95,4.95,2.0,0.0,26.0,1.0,0.1,0.5,1009.5,1009.5,1009.5,1009.5,2.0,0.0,26.0,1.0,0.1,0.5,3.0,3.0,3.0,3.0,2.0,0.0,26.0,1.0,0.1,0.5,45.4,45.4,45.4,45.4,2.0,0.0,26.0,1.0,0.1,0.5,38.1,38.1,38.1,38.1,2.0,0.0,26.0,1.0,0.1,0.5,0.5,0.5,0.5,0.5,1.0,0.0,26.0,1.0,0.1,0.5,3.9,3.9,3.9,3.9,1.0,0.0,26.0,1.0,0.1,0.5,5.22,5.22,5.22,5.22,1.0,0.0,26.0,1.0,0.1,0.5,40.2,40.2,40.2,40.2,1.0,0.0,26.0,1.0,0.1,0.5,115.0,115.0,115.0,115.0,1.0,0.0,26.0,1.0,0.1,0.5,96.5,96.5,96.5,96.5,1.0,0.0,26.0,1.0,0.1,0.5,55.3,55.3,55.3,55.3,1.0,0.0,26.0,1.0,0.1,0.5,46.4,46.4,46.4,46.4,1.0,0.0,26.0,1.0,0.1,0.5,30.8,30.8,30.8,30.8,1.0,0.0,26.0,1.0,0.1,0.5,25.8,25.8,25.8,25.8,1.0,0.0,26.0,1.0,0.1,0.5,456.5,456.5,456.5,456.5,2.0,0.0,26.0,1.0,0.1,0.5,455.0,455.0,455.0,455.0,2.0,0.0,26.0,1.0,0.1,0.5
1974,2,218.0,-36.0,20.68,20.85,21.02,20.85,2.0,0.35,22.0,0.0,0.8,0.3,19.36,19.5,19.64,19.5,2.0,0.28,22.0,0.0,0.8,0.3,10.4,10.57,10.75,10.57,2.0,0.36,22.0,0.0,0.8,0.3,74.6,75.5,76.3,75.5,2.0,1.8,22.0,0.0,0.3,5.09,6.15,7.21,6.15,2.0,2.19,22.0,0.0,0.8,0.3,-4.4,-1.19,2.03,-1.19,2.0,6.66,22.0,0.0,0.8,0.3,3.27,3.95,4.63,3.95,2.0,1.41,22.0,0.0,0.8,0.3,1013.52,1017.0,1020.48,1017.0,2.0,7.21,22.0,0.0,0.8,0.3,1.3,2.0,2.7,2.0,2.0,1.4,22.0,0.0,0.8,0.3,-35.6,-14.6,6.4,-14.6,2.0,43.6,22.0,0.0,0.8,0.3,17.5,25.9,34.2,25.9,2.0,17.3,22.0,0.0,0.8,0.3,1.04,1.35,1.66,1.35,2.0,0.64,22.0,0.0,0.8,0.3,7.1,7.6,8.1,7.6,2.0,1.0,22.0,0.0,0.8,0.3,4.31,4.7,5.09,4.7,2.0,0.81,22.0,0.0,0.8,0.3,25.5,28.0,30.6,28.0,2.0,5.4,22.0,0.0,0.8,0.3,-87.0,-24.1,38.8,-24.1,2.0,130.3,22.0,0.0,0.8,0.3,63.5,77.3,91.1,77.3,2.0,28.6,22.0,0.0,0.8,0.3,-48.0,-13.8,20.5,-13.8,2.0,70.9,22.0,0.0,0.8,0.3,34.2,42.1,49.9,42.1,2.0,16.3,22.0,0.0,0.8,0.3,-17.6,-2.9,11.8,-2.9,2.0,30.4,22.0,0.0,0.8,0.3,16.4,18.0,19.7,18.0,2.0,3.4,22.0,0.0,0.8,0.3,154.5,277.0,399.5,277.0,2.0,254.0,22.0,0.0,0.8,0.3,155.0,275.0,400.0,275.0,2.0,255.0,22.0,0.0,0.8,0.3
1974,2,218.0,-31.0,26.2,26.2,26.2,26.2,1.0,0.0,10.0,0.0,0.5,0.9,23.6,23.6,23.6,23.6,1.0,0.0,10.0,0.0,0.5,0.9,13.26,13.26,13.26,13.26,1.0,0.0,10.0,0.0,0.5,0.9,73.5,73.5,73.5,73.5,1.0,0.0,10.0,0.0,0.9,1.0,1.0,1.0,1.0,1.0,0.0,10.0,0.0,0.5,0.9,0.77,0.77,0.77,0.77,1.0,0.0,10.0,0.0,0.5,0.9,0.64,0.64,0.64,0.64,1.0,0.0,10.0,0.0,0.5,0.9,1017.2,1017.2,1017.2,1017.2,1.0,0.0,10.0,0.0,0.5,0.9,8.0,8.0,8.0,8.0,1.0,0.0,10.0,0.0,0.5,0.9,0.8,0.8,0.8,0.8,1.0,0.0,10.0,0.0,0.5,0.9,0.6,0.6,0.6,0.6,1.0,0.0,10.0,0.0,0.5,0.9,2.6,2.6,2.6,2.6,1.0,0.0,10.0,0.0,0.5,0.9,2.6,2.6,2.6,2.6,1.0,0.0,10.0,0.0,0.5,0.9,7.9,7.9,7.9,7.9,1.0,0.0,10.0,0.0,0.5,0.9,7.9,7.9,7.9,7.9,1.0,0.0,10.0,0.0,0.5,0.9,18.1,18.1,18.1,18.1,1.0,0.0,10.0,0.0,0.5,0.9,15.2,15.2,15.2,15.2,1.0,0.0,10.0,0.0,0.5,0.9,10.2,10.2,10.2,10.2,1.0,0.0,10.0,0.0,0.5,0.9,8.5,8.5,8.5,8.5,1.0,0.0,10.0,0.0,0.5,0.9,6.1,6.1,6.1,6.1,1.0,0.0,10.0,0.0,0.5,0.9,5.1,5.1,5.1,5.1,1.0,0.0,10.0,0.0,0.5,0.9,1.0,1.0,1.0,1.0,1.0,0.0,10.0,0.0,0.5,0.9,0.0,0.0,0.0,0.0,1.0,0.0,10.0,0.0,0.5,0.9
1974,2,218.0,-30.0,25.44,26.35,27.42,26.43,4.0,1.19,16.0,0.5,0.8,0.8,24.45,25.0,25.41,24.93,3.0,0.7,18.0,0.3,0.8,0.7,14.48,14.78,15.1,14.79,3.0,0.45,18.0,0.3,0.8,0.7,73.9,75.3,78.0,76.0,3.0,3.1,18.0,0.3,0.7,3.29,4.6,5.44,4.38,4.0,1.69,16.0,0.5,0.8,0.8,-5.39,-4.06,-2.76,-4.07,4.0,1.71,16.0,0.5,0.8,0.8,-2.06,-0.54,0.19,-0.92,4.0,1.49,16.0,0.5,0.8,0.8,1021.33,1022.0,1022.2,1021.78,4.0,0.61,16.0,0.5,0.8,0.8,2.0,3.5,5.0,3.5,4.0,2.1,16.0,0.5,0.8,0.8,-29.9,-18.7,-10.0,-19.9,4.0,13.9,16.0,0.5,0.8,0.8,-10.3,-3.3,0.4,-4.9,4.0,6.7,16.0,0.5,0.8,0.8,0.8,1.0,1.82,1.3,3.0,0.79,18.0,0.3,0.8,0.7,2.5,4.6,8.4,5.4,3.0,4.4,18.0,0.3,0.8,0.7,5.4,6.13,7.36,6.37,3.0,1.45,18.0,0.3,0.8,0.7,16.2,23.3,32.3,24.2,3.0,11.8,18.0,0.3,0.8,0.7,-104.6,-90.2,-63.9,-84.4,3.0,30.2,18.0,0.3,0.8,0.7,-51.7,0.0,6.2,-22.2,3.0,46.6,18.0,0.3,0.8,0.7,-63.5,-53.7,-37.3,-50.5,3.0,19.4,18.0,0.3,0.8,0.7,-30.8,0.0,3.6,-13.3,3.0,27.7,18.0,0.3,0.8,0.7,-26.5,-23.3,-16.0,-21.3,3.0,7.8,18.0,0.3,0.8,0.7,-16.0,0.0,1.5,-7.1,3.0,14.2,18.0,0.3,0.8,0.7,51.0,97.5,171.0,110.5,4.0,95.0,16.0,0.5,0.8,0.8,50.0,95.0,170.0,110.0,4.0,95.0,16.0,0.5,0.8,0.8
1974,2,218.0,-29.0,,,,,,,,,,,,,,,,,,,,,,,,,,,,,,,,,,,,,,,,6.2,6.2,6.2,6.2,1.0,0.0,6.0,0.0,0.2,1.0,-1.08,-1.08,-1.08,-1.08,1.0,0.0,6.0,0.0,0.2,1.0,-6.11,-6.11,-6.11,-6.11,1.0,0.0,6.0,0.0,0.2,1.0,1013.5,1013.5,1013.5,1013.5,1.0,0.0,6.0,0.0,0.2,1.0,8.0,8.0,8.0,8.0,1.0,0.0,6.0,0.0,0.2,1.0,-6.7,-6.7,-6.7,-6.7,1.0,0.0,6.0,0.0,0.2,1.0,-37.9,-37.9,-37.9,-37.9,1.0,0.0,6.0,0.0,0.2,1.0,,,,,,,,,,,,,,,,,,,,,,,,,,,,,,,,,,,,,,,,,-28.0,-28.0,-28.0,-28.0,1.0,0.0,6.0,0.0,0.2,1.0,-158.8,-158.8,-158.8,-158.8,1.0,0.0,6.0,0.0,0.2,1.0,-19.2,-19.2,-19.2,-19.2,1.0,0.0,6.0,0.0,0.2,1.0,-108.8,-108.8,-108.8,-108.8,1.0,0.0,6.0,0.0,0.2,1.0,,,,,,,,,,,,,,,,,,,,,,,,,,,,,,,,,,,,,,,,
1974,2,218.0,-28.0,25.02,26.35,27.68,26.35,2.0,2.76,20.0,0.5,0.4,0.8,26.4,27.25,28.1,27.25,2.0,1.77,20.0,0.5,0.4,0.8,16.4,16.55,16.7,16.55,2.0,0.32,20.0,0.5,0.4,0.8,70.9,73.9,76.8,73.9,2.0,6.1,20.0,0.5,0.8,2.76,3.1,3.44,3.1,2.0,0.71,20.0,0.5,0.4,0.8,-2.52,-2.44,-2.35,-2.44,2.0,0.17,20.0,0.5,0.4,0.8,-2.25,-1.15,-0.06,-1.15,2.0,2.27,20.0,0.5,0.4,0.8,1015.92,1017.25,1018.58,1017.25,2.0,2.76,20.0,0.5,0.4,0.8,1.2,1.5,1.8,1.5,2.0,0.7,20.0,0.5,0.4,0.8,-8.1,-7.5,-6.9,-7.5,2.0,1.2,20.0,0.5,0.4,0.8,-8.2,-4.4,-0.6,-4.4,2.0,7.9,20.0,0.5,0.4,0.8,-3.08,-0.9,1.28,-0.9,2.0,4.53,20.0,0.5,0.4,0.8,-7.7,-1.2,5.3,-1.2,2.0,13.4,20.0,0.5,0.4,0.8,3.06,4.94,6.83,4.94,2.0,3.91,20.0,0.5,0.4,0.8,9.2,16.7,24.2,16.7,2.0,15.6,20.0,0.5,0.4,0.8,-70.9,-66.6,-62.2,-66.6,2.0,9.1,20.0,0.5,0.4,0.8,-58.3,-29.4,-0.6,-29.4,2.0,59.8,20.0,0.5,0.4,0.8,-42.1,-40.4,-38.6,-40.4,2.0,3.7,20.0,0.5,0.4,0.8,-36.7,-18.7,-0.8,-18.7,2.0,37.2,20.0,0.5,0.4,0.8,-15.9,-11.7,-7.5,-11.7,2.0,8.7,20.0,0.5,0.4,0.8,-17.7,-10.1,-2.5,-10.1,2.0,15.7,20.0,0.5,0.4,0.8,22.0,32.0,42.0,32.0,2.0,20.5,20.0,0.5,0.4,0.8,20.0,30.0,40.0,30.0,2.0,20.0,20.0,0.5,0.4,0.8
1974,2,218.0,-27.0,26.0,26.0,26.0,26.0,1.0,0.0,14.0,0.0,0.6,0.1,25.6,25.6,25.6,25.6,1.0,0.0,14.0,0.0,0.6,0.1,13.56,13.56,13.56,13.56,1.0,0.0,14.0,0.0,0.6,0.1,66.9,66.9,66.9,66.9,1.0,0.0,14.0,0.0,0.1,2.6,2.6,2.6,2.6,1.0,0.0,14.0,0.0,0.6,0.1,-2.56,-2.56,-2.56,-2.56,1.0,0.0,14.0,0.0,0.6,0.1,-0.45,-0.45,-0.45,-0.45,1.0,0.0,14.0,0.0,0.6,0.1,1020.7,1020.7,1020.7,1020.7,1.0,0.0,14.0,0.0,0.6,0.1,1.0,1.0,1.0,1.0,1.0,0.0,14.0,0.0,0.6,0.1,-6.7,-6.7,-6.7,-6.7,1.0,0.0,14.0,0.0,0.6,0.1,-1.2,-1.2,-1.2,-1.2,1.0,0.0,14.0,0.0,0.6,0.1,0.4,0.4,0.4,0.4,1.0,0.0,14.0,0.0,0.6,0.1,1.0,1.0,1.0,1.0,1.0,0.0,14.0,0.0,0.6,0.1,7.29,7.29,7.29,7.29,1.0,0.0,14.0,0.0,0.6,0.1,18.9,18.9,18.9,18.9,1.0,0.0,14.0,0.0,0.6,0.1,-65.5,-65.5,-65.5,-65.5,1.0,0.0,14.0,0.0,0.6,0.1,-11.6,-11.6,-11.6,-11.6,1.0,0.0,14.0,0.0,0.6,0.1,-34.7,-34.7,-34.7,-34.7,1.0,0.0,14.0,0.0,0.6,0.1,-6.1,-6.1,-6.1,-6.1,1.0,0.0,14.0,0.0,0.6,0.1,-18.7,-18.7,-18.7,-18.7,1.0,0.0,14.0,0.0,0.6,0.1,-3.3,-3.3,-3.3,-3.3,1.0,0.0,14.0,0.0,0.6,0.1,17.5,17.5,17.5,17.5,1.0,0.0,14.0,0.0,0.6,0.1,20.0,20.0,20.0,20.0,1.0,0.0,14.0,0.0,0.6,0.1
1974,2,218.0,-26.0,27.8,27.8,27.8,27.8,1.0,0.0,22.0,0.0,0.3,0.3,26.4,26.4,26.4,26.4,1.0,0.0,22.0,0.0,0.3,0.3,17.5,17.5,17.5,17.5,1.0,0.0,22.0,0.0,0.3,0.3,82.1,82.1,82.1,82.1,1.0,0.0,22.0,0.0,0.3,5.1,5.1,5.1,5.1,1.0,0.0,22.0,0.0,0.3,0.3,-5.02,-5.02,-5.02,-5.02,1.0,0.0,22.0,0.0,0.3,0.3,-0.89,-0.89,-0.89,-0.89,1.0,0.0,22.0,0.0,0.3,0.3,1019.7,1019.7,1019.7,1019.7,1.0,0.0,22.0,0.0,0.3,0.3,0.0,0.0,0.0,0.0,1.0,0.0,22.0,0.0,0.3,0.3,-25.6,-25.6,-25.6,-25.6,1.0,0.0,22.0,0.0,0.3,0.3,-4.5,-4.5,-4.5,-4.5,1.0,0.0,22.0,0.0,0.3,0.3,1.4,1.4,1.4,1.4,1.0,0.0,22.0,0.0,0.3,0.3,7.1,7.1,7.1,7.1,1.0,0.0,22.0,0.0,0.3,0.3,5.73,5.73,5.73,5.73,1.0,0.0,22.0,0.0,0.3,0.3,29.2,29.2,29.2,29.2,1.0,0.0,22.0,0.0,0.3,0.3,-132.6,-132.6,-132.6,-132.6,1.0,0.0,22.0,0.0,0.3,0.3,-23.4,-23.4,-23.4,-23.4,1.0,0.0,22.0,0.0,0.3,0.3,-87.9,-87.9,-87.9,-87.9,1.0,0.0,22.0,0.0,0.3,0.3,-15.5,-15.5,-15.5,-15.5,1.0,0.0,22.0,0.0,0.3,0.3,-28.8,-28.8,-28.8,-28.8,1.0,0.0,22.0,0.0,0.3,0.3,-5.1,-5.1,-5.1,-5.1,1.0,0.0,22.0,0.0,0.3,0.3,132.5,132.5,132.5,132.5,1.0,0.0,22.0,0.0,0.3,0.3,135.0,135.0,135.0,135.0,1.0,0.0,22.0,0.0,0.3,0.3
1974,2,218.0,-24.0,,,,,,,,,,,,,,,,,,,,,,,,,,,,,,,,,,,,,,,,0.0,0.0,0.0,0.0,1.0,0.0,14.0,0.0,0.5,0.7,0.0,0.0,0.0,0.0,1.0,0.0,14.0,0.0,0.5,0.7,0.0,0.0,0.0,0.0,1.0,0.0,14.0,0.0,0.5,0.7,1012.9,1012.9,1012.9,1012.9,1.0,0.0,14.0,0.0,0.5,0.7,,,,,,,,,,,,,,,,,,,,,,,,,,,,,,,,,,,,,,,,,,,,,,,,,,,,,,,,,,,,,,,,,,,,,,,,,,,,,,,,,,,,,,,,,,,,,,,,,,,,,,,,,,,,,,,,,,,,,,,,,,,,,,,,,,,,,,,,,,,,,,,,,,,,,,
1974,2,218.0,-21.0,27.0,27.0,27.0,27.0,1.0,0.0,26.0,0.0,0.4,0.2,25.5,25.5,25.5,25.5,1.0,0.0,26.0,0.0,0.4,0.2,18.91,18.91,18.91,18.91,1.0,0.0,26.0,0.0,0.4,0.2,93.1,93.1,93.1,93.1,1.0,0.0,26.0,0.0,0.2,4.6,4.6,4.6,4.6,1.0,0.0,26.0,0.0,0.4,0.2,-4.6,-4.6,-4.6,-4.6,1.0,0.0,26.0,0.0,0.4,0.2,0.0,0.0,0.0,0.0,1.0,0.0,26.0,0.0,0.4,0.2,1015.2,1015.2,1015.2,1015.2,1.0,0.0,26.0,0.0,0.4,0.2,2.0,2.0,2.0,2.0,1.0,0.0,26.0,0.0,0.4,0.2,-21.2,-21.2,-21.2,-21.2,1.0,0.0,26.0,0.0,0.4,0.2,0.0,0.0,0.0,0.0,1.0,0.0,26.0,0.0,0.4,0.2,1.5,1.5,1.5,1.5,1.0,0.0,26.0,0.0,0.4,0.2,6.9,6.9,6.9,6.9,1.0,0.0,26.0,0.0,0.4,0.2,3.34,3.34,3.34,3.34,1.0,0.0,26.0,0.0,0.4,0.2,15.3,15.3,15.3,15.3,1.0,0.0,26.0,0.0,0.4,0.2,-117.3,-117.3,-117.3,-117.3,1.0,0.0,26.0,0.0,0.4,0.2,0.0,0.0,0.0,0.0,1.0,0.0,26.0,0.0,0.4,0.2,-87.0,-87.0,-87.0,-87.0,1.0,0.0,26.0,0.0,0.4,0.2,0.0,0.0,0.0,0.0,1.0,0.0,26.0,0.0,0.4,0.2,-15.3,-15.3,-15.3,-15.3,1.0,0.0,26.0,0.0,0.4,0.2,0.0,0.0,0.0,0.0,1.0,0.0,26.0,0.0,0.4,0.2,97.5,97.5,97.5,97.5,1.0,0.0,26.0,0.0,0.4,0.2,95.0,95.0,95.0,95.0,1.0,0.0,26.0,0.0,0.4,0.2
1974,2,218.0,-16.0,,,,,,,,,,,,,,,,,,,,,,,,,,,,,,,,,,,,,,,,3.1,3.1,3.1,3.1,1.0,0.0,4.0,1.0,0.6,0.7,-3.1,-3.1,-3.1,-3.1,1.0,0.0,4.0,1.0,0.6,0.7,0.0,0.0,0.0,0.0,1.0,0.0,4.0,1.0,0.6,0.7,1014.5,1014.5,1014.5,1014.5,1.0,0.0,4.0,1.0,0.6,0.7,,,,,,,,,,,,,,,,,,,,,,,,,,,,,,,,,,,,,,,,,,,,,,,,,,,,,,,,,,,,,,,,,,,,,,,,,,,,,,,,,,,,,,,,,,,,,,,,,,,,,,,,,,,,,,,,,,,,,,,,,,,,,,,,,,,,,,,,,,,,,,,,,,,,,,
1974,2,218.0,-15.0,26.05,26.55,27.0,26.53,4.0,0.55,14.0,0.5,0.7,0.7,26.93,28.7,30.34,28.63,3.0,2.5,12.0,0.7,0.7,0.7,16.71,16.73,17.73,17.2,3.0,0.85,12.0,0.7,0.7,0.7,65.5,67.9,75.6,70.5,3.0,7.7,12.0,0.7,0.7,4.58,5.9,6.96,5.78,4.0,1.43,14.0,0.5,0.7,0.7,-6.27,-5.67,-4.54,-5.42,4.0,1.07,14.0,0.5,0.7,0.7,0.34,1.5,2.98,1.65,4.0,1.61,14.0,0.5,0.7,0.7,1010.5,1011.5,1011.55,1011.05,4.0,0.97,14.0,0.5,0.7,0.7,2.5,5.0,7.0,4.8,4.0,2.6,14.0,0.5,0.7,0.7,-43.6,-34.1,-21.1,-32.4,4.0,13.5,14.0,0.5,0.7,0.7,1.4,9.1,20.9,11.0,4.0,11.9,14.0,0.5,0.7,0.7,-3.95,-1.7,-0.61,-2.27,3.0,2.5,12.0,0.7,0.7,0.7,-17.9,-12.2,-4.3,-11.1,3.0,10.0,12.0,0.7,0.7,0.7,3.41,4.35,5.23,4.32,3.0,1.33,12.0,0.7,0.7,0.7,17.6,29.1,36.9,27.3,3.0,14.3,12.0,0.7,0.7,0.7,-174.3,-164.3,-137.9,-156.3,3.0,27.6,12.0,0.7,0.7,0.7,34.1,59.8,89.5,61.8,3.0,40.6,12.0,0.7,0.7,0.7,-104.9,-104.1,-83.2,-94.3,3.0,18.1,12.0,0.7,0.7,0.7,21.0,38.3,53.2,37.1,3.0,23.6,12.0,0.7,0.7,0.7,-32.7,-27.4,-16.9,-24.8,3.0,11.8,12.0,0.7,0.7,0.7,4.6,10.0,17.0,10.8,3.0,9.1,12.0,0.7,0.7,0.7,99.5,216.5,338.5,219.0,4.0,142.0,14.0,0.5,0.7,0.7,100.0,215.0,340.0,220.0,4.0,140.0,14.0,0.5,0.7,0.7
1974,2,218.0,-12.0,26.22,26.7,26.9,26.57,3.0,0.51,12.0,0.0,0.4,0.8,25.73,25.8,26.28,26.0,3.0,0.44,12.0,0.0,0.4,0.8,16.91,17.3,19.43,18.15,3.0,1.99,12.0,0.0,0.4,0.8,80.4,81.0,92.8,86.5,3.0,10.2,12.0,0.0,0.8,3.76,4.1,4.78,4.27,3.0,0.76,12.0,0.0,0.4,0.8,-4.65,-3.85,-3.64,-4.14,3.0,0.78,12.0,0.0,0.4,0.8,0.71,0.89,1.24,0.97,3.0,0.4,12.0,0.0,0.4,0.8,1010.08,1010.9,1012.33,1011.2,3.0,1.67,12.0,0.0,0.4,0.8,2.3,5.0,7.0,4.7,3.0,3.5,12.0,0.0,0.4,0.8,-22.5,-15.8,-13.7,-18.1,3.0,6.7,12.0,0.0,0.4,0.8,3.0,4.5,5.4,4.2,3.0,1.8,12.0,0.0,0.4,0.8,0.3,0.5,0.84,0.57,3.0,0.4,12.0,0.0,0.4,0.8,1.3,2.1,3.1,2.2,3.0,1.3,12.0,0.0,0.4,0.8,2.01,5.0,5.17,3.62,3.0,2.6,12.0,0.0,0.4,0.8,8.2,18.9,20.0,14.2,3.0,9.6,12.0,0.0,0.4,0.8,-120.9,-102.1,-94.6,-107.6,3.0,19.8,12.0,0.0,0.4,0.8,18.2,22.8,32.6,25.4,3.0,10.8,12.0,0.0,0.4,0.8,-91.2,-66.6,-61.6,-76.2,3.0,23.2,12.0,0.0,0.4,0.8,12.9,18.1,22.3,17.6,3.0,6.9,12.0,0.0,0.4,0.8,-19.1,-18.6,-8.0,-13.7,3.0,9.1,12.0,0.0,0.4,0.8,1.4,3.3,5.8,3.6,3.0,3.2,12.0,0.0,0.4,0.8,53.5,69.0,112.5,82.5,3.0,44.5,12.0,0.0,0.4,0.8,55.0,70.0,110.0,85.0,3.0,45.0,12.0,0.0,0.4,0.8
1974,2,218.0,-11.0,29.0,29.0,29.0,29.0,1.0,0.0,8.0,0.0,0.5,0.7,26.3,26.3,26.3,26.3,1.0,0.0,8.0,0.0,0.5,0.7,15.5,15.5,15.5,15.5,1.0,0.0,8.0,0.0,0.5,0.7,72.6,72.6,72.6,72.6,1.0,0.0,8.0,0.0,0.7,2.6,2.6,2.6,2.6,1.0,0.0,8.0,0.0,0.5,0.7,-2.56,-2.56,-2.56,-2.56,1.0,0.0,8.0,0.0,0.5,0.7,0.45,0.45,0.45,0.45,1.0,0.0,8.0,0.0,0.5,0.7,1011.8,1011.8,1011.8,1011.8,1.0,0.0,8.0,0.0,0.5,0.7,3.0,3.0,3.0,3.0,1.0,0.0,8.0,0.0,0.5,0.7,-6.7,-6.7,-6.7,-6.7,1.0,0.0,8.0,0.0,0.5,0.7,1.2,1.2,1.2,1.2,1.0,0.0,8.0,0.0,0.5,0.7,2.7,2.7,2.7,2.7,1.0,0.0,8.0,0.0,0.5,0.7,7.0,7.0,7.0,7.0,1.0,0.0,8.0,0.0,0.5,0.7,9.64,9.64,9.64,9.64,1.0,0.0,8.0,0.0,0.5,0.7,25.1,25.1,25.1,25.1,1.0,0.0,8.0,0.0,0.5,0.7,-67.3,-67.3,-67.3,-67.3,1.0,0.0,8.0,0.0,0.5,0.7,11.9,11.9,11.9,11.9,1.0,0.0,8.0,0.0,0.5,0.7,-39.7,-39.7,-39.7,-39.7,1.0,0.0,8.0,0.0,0.5,0.7,7.0,7.0,7.0,7.0,1.0,0.0,8.0,0.0,0.5,0.7,-24.7,-24.7,-24.7,-24.7,1.0,0.0,8.0,0.0,0.5,0.7,4.4,4.4,4.4,4.4,1.0,0.0,8.0,0.0,0.5,0.7,17.5,17.5,17.5,17.5,1.0,0.0,8.0,0.0,0.5,0.7,20.0,20.0,20.0,20.0,1.0,0.0,8.0,0.0,0.5,0.7
1974,2,218.0,-10.0,26.99,27.4,27.81,27.4,2.0,0.85,16.0,0.0,0.7,0.7,25.57,25.95,26.33,25.95,2.0,0.78,16.0,0.0,0.7,0.7,16.54,17.22,17.89,17.22,2.0,1.39,16.0,0.0,0.7,0.7,77.7,82.6,87.5,82.6,2.0,10.2,16.0,0.0,0.7,5.59,6.65,7.71,6.65,2.0,2.19,16.0,0.0,0.7,0.7,-7.29,-6.4,-5.51,-6.4,2.0,1.84,16.0,0.0,0.7,0.7,0.45,1.4,2.36,1.4,2.0,1.98,16.0,0.0,0.7,0.7,1011.72,1013.05,1014.38,1013.05,2.0,2.76,16.0,0.0,0.7,0.7,3.8,5.5,7.2,5.5,2.0,3.5,16.0,0.0,0.7,0.7,-57.3,-44.6,-31.9,-44.6,2.0,26.3,16.0,0.0,0.7,0.7,3.6,11.5,19.3,11.5,2.0,16.3,16.0,0.0,0.7,0.7,1.42,1.45,1.48,1.45,2.0,0.07,16.0,0.0,0.7,0.7,8.3,9.6,10.9,9.6,2.0,2.7,16.0,0.0,0.7,0.7,4.43,5.63,6.83,5.63,2.0,2.48,16.0,0.0,0.7,0.7,32.7,34.7,36.7,34.7,2.0,4.2,16.0,0.0,0.7,0.7,-186.1,-165.4,-144.8,-165.4,2.0,42.8,16.0,0.0,0.7,0.7,11.3,35.6,59.9,35.6,2.0,50.4,16.0,0.0,0.7,0.7,-131.1,-111.5,-91.9,-111.5,2.0,40.6,16.0,0.0,0.7,0.7,8.1,25.5,42.9,25.5,2.0,36.1,16.0,0.0,0.7,0.7,-36.4,-33.8,-31.1,-33.8,2.0,5.5,16.0,0.0,0.7,0.7,1.7,5.4,9.1,5.4,2.0,7.7,16.0,0.0,0.7,0.7,199.0,342.0,485.0,342.0,2.0,296.0,16.0,0.0,0.7,0.7,200.0,340.0,485.0,340.0,2.0,295.0,16.0,0.0,0.7,0.7
1974,2,218.0,-7.0,,,,,,,,,,,,,,,,,,,,,,,,,,,,,,,,,,,,,,,,6.7,6.7,6.7,6.7,1.0,0.0,2.0,0.0,0.2,0.3,-6.6,-6.6,-6.6,-6.6,1.0,0.0,2.0,0.0,0.2,0.3,1.16,1.16,1.16,1.16,1.0,0.0,2.0,0.0,0.2,0.3,1011.3,1011.3,1011.3,1011.3,1.0,0.0,2.0,0.0,0.2,0.3,1.0,1.0,1.0,1.0,1.0,0.0,2.0,0.0,0.2,0.3,-44.2,-44.2,-44.2,-44.2,1.0,0.0,2.0,0.0,0.2,0.3,7.8,7.8,7.8,7.8,1.0,0.0,2.0,0.0,0.2,0.3,,,,,,,,,,,,,,,,,,,,,,,,,,,,,,,,,,,,,,,,,-166.3,-166.3,-166.3,-166.3,1.0,0.0,2.0,0.0,0.2,0.3,29.3,29.3,29.3,29.3,1.0,0.0,2.0,0.0,0.2,0.3,-103.6,-103.6,-103.6,-103.6,1.0,0.0,2.0,0.0,0.2,0.3,18.3,18.3,18.3,18.3,1.0,0.0,2.0,0.0,0.2,0.3,,,,,,,,,,,,,,,,,,,,,,,,,,,,,,,,,,,,,,,,
1974,2,218.0,1.0,25.0,25.0,25.0,25.0,1.0,0.0,12.0,1.0,0.5,0.0,24.0,24.0,24.0,24.0,1.0,0.0,12.0,1.0,0.5,0.0,15.7,15.7,15.7,15.7,1.0,0.0,12.0,1.0,0.5,0.0,84.4,84.4,84.4,84.4,1.0,0.0,12.0,1.0,0.0,8.2,8.2,8.2,8.2,1.0,0.0,12.0,1.0,0.5,0.0,-7.71,-7.71,-7.71,-7.71,1.0,0.0,12.0,1.0,0.5,0.0,2.8,2.8,2.8,2.8,1.0,0.0,12.0,1.0,0.5,0.0,1011.5,1011.5,1011.5,1011.5,1.0,0.0,12.0,1.0,0.5,0.0,4.0,4.0,4.0,4.0,1.0,0.0,12.0,1.0,0.5,0.0,-63.2,-63.2,-63.2,-63.2,1.0,0.0,12.0,1.0,0.5,0.0,23.0,23.0,23.0,23.0,1.0,0.0,12.0,1.0,0.5,0.0,1.0,1.0,1.0,1.0,1.0,0.0,12.0,1.0,0.5,0.0,8.2,8.2,8.2,8.2,1.0,0.0,12.0,1.0,0.5,0.0,4.11,4.11,4.11,4.11,1.0,0.0,12.0,1.0,0.5,0.0,33.7,33.7,33.7,33.7,1.0,0.0,12.0,1.0,0.5,0.0,-184.9,-184.9,-184.9,-184.9,1.0,0.0,12.0,1.0,0.5,0.0,67.3,67.3,67.3,67.3,1.0,0.0,12.0,1.0,0.5,0.0,-120.9,-120.9,-120.9,-120.9,1.0,0.0,12.0,1.0,0.5,0.0,44.0,44.0,44.0,44.0,1.0,0.0,12.0,1.0,0.5,0.0,-31.7,-31.7,-31.7,-31.7,1.0,0.0,12.0,1.0,0.5,0.0,11.5,11.5,11.5,11.5,1.0,0.0,12.0,1.0,0.5,0.0,551.5,551.5,551.5,551.5,1.0,0.0,12.0,1.0,0.5,0.0,550.0,550.0,550.0,550.0,1.0,0.0,12.0,1.0,0.5,0.0
1974,2,218.0,3.0,25.0,25.0,25.0,25.0,1.0,0.0,8.0,0.0,0.1,0.1,24.0,24.0,24.0,24.0,1.0,0.0,8.0,0.0,0.1,0.1,17.13,17.13,17.13,17.13,1.0,0.0,8.0,0.0,0.1,0.1,91.9,91.9,91.9,91.9,1.0,0.0,8.0,0.0,0.1,7.2,7.2,7.2,7.2,1.0,0.0,8.0,0.0,0.1,0.1,-7.2,-7.2,-7.2,-7.2,1.0,0.0,8.0,0.0,0.1,0.1,0.0,0.0,0.0,0.0,1.0,0.0,8.0,0.0,0.1,0.1,1010.5,1010.5,1010.5,1010.5,1.0,0.0,8.0,0.0,0.1,0.1,1.0,1.0,1.0,1.0,1.0,0.0,8.0,0.0,0.1,0.1,-51.8,-51.8,-51.8,-51.8,1.0,0.0,8.0,0.0,0.1,0.1,0.0,0.0,0.0,0.0,1.0,0.0,8.0,0.0,0.1,0.1,1.0,1.0,1.0,1.0,1.0,0.0,8.0,0.0,0.1,0.1,7.2,7.2,7.2,7.2,1.0,0.0,8.0,0.0,0.1,0.1,2.7,2.7,2.7,2.7,1.0,0.0,8.0,0.0,0.1,0.1,19.4,19.4,19.4,19.4,1.0,0.0,8.0,0.0,0.1,0.1,-172.8,-172.8,-172.8,-172.8,1.0,0.0,8.0,0.0,0.1,0.1,0.0,0.0,0.0,0.0,1.0,0.0,8.0,0.0,0.1,0.1,-123.3,-123.3,-123.3,-123.3,1.0,0.0,8.0,0.0,0.1,0.1,0.0,0.0,0.0,0.0,1.0,0.0,8.0,0.0,0.1,0.1,-19.4,-19.4,-19.4,-19.4,1.0,0.0,8.0,0.0,0.1,0.1,0.0,0.0,0.0,0.0,1.0,0.0,8.0,0.0,0.1,0.1,373.0,373.0,373.0,373.0,1.0,0.0,8.0,0.0,0.1,0.1,375.0,375.0,375.0,375.0,1.0,0.0,8.0,0.0,0.1,0.1
1974,2,218.0,6.0,25.1,25.3,25.5,25.3,2.0,0.42,16.0,0.5,0.4,0.7,25.0,25.0,25.0,25.0,2.0,0.0,16.0,0.5,0.4,0.7,16.66,16.82,16.98,16.82,2.0,0.33,16.0,0.5,0.4,0.7,84.3,85.0,85.7,85.0,2.0,1.5,16.0,0.5,0.7,7.09,9.0,10.91,9.0,2.0,3.96,16.0,0.5,0.4,0.7,-10.25,-8.46,-6.66,-8.46,2.0,3.72,16.0,0.5,0.4,0.7,-3.06,-0.96,1.14,-0.96,2.0,4.35,16.0,0.5,0.4,0.7,1009.14,1010.3,1011.46,1010.3,2.0,2.4,16.0,0.5,0.4,0.7,3.6,5.0,6.4,5.0,2.0,2.8,16.0,0.5,0.4,0.7,-115.8,-83.5,-51.2,-83.5,2.0,67.0,16.0,0.5,0.4,0.7,-38.0,-17.2,3.5,-17.2,2.0,43.0,16.0,0.5,0.4,0.7,0.1,0.3,0.5,0.3,2.0,0.42,16.0,0.5,0.4,0.7,1.1,3.5,6.0,3.5,2.0,5.0,16.0,0.5,0.4,0.7,3.26,3.37,3.49,3.37,2.0,0.23,16.0,0.5,0.4,0.7,23.4,30.8,38.3,30.8,2.0,15.5,16.0,0.5,0.4,0.7,-256.3,-211.4,-166.5,-211.4,2.0,93.0,16.0,0.5,0.4,0.7,-76.5,-23.9,28.6,-23.9,2.0,108.8,16.0,0.5,0.4,0.7,-174.4,-142.9,-111.3,-142.9,2.0,65.4,16.0,0.5,0.4,0.7,-52.3,-16.8,18.7,-16.8,2.0,73.5,16.0,0.5,0.4,0.7,-36.0,-29.0,-22.0,-29.0,2.0,14.5,16.0,0.5,0.4,0.7,-10.9,-3.7,3.5,-3.7,2.0,14.9,16.0,0.5,0.4,0.7,461.5,940.5,1420.0,940.5,2.0,993.5,16.0,0.5,0.4,0.7,460.0,940.0,1420.0,940.0,2.0,995.0,16.0,0.5,0.4,0.7
1974,2,218.0,9.0,26.0,26.0,26.0,26.0,1.0,0.0,14.0,1.0,0.3,0.5,25.5,25.5,25.5,25.5,1.0,0.0,14.0,1.0,0.3,0.5,17.07,17.07,17.07,17.07,1.0,0.0,14.0,1.0,0.3,0.5,84.0,84.0,84.0,84.0,1.0,0.0,14.0,1.0,0.5,12.3,12.3,12.3,12.3,1.0,0.0,14.0,1.0,0.3,0.5,-10.65,-10.65,-10.65,-10.65,1.0,0.0,14.0,1.0,0.3,0.5,-6.15,-6.15,-6.15,-6.15,1.0,0.0,14.0,1.0,0.3,0.5,1014.0,1014.0,1014.0,1014.0,1.0,0.0,14.0,1.0,0.3,0.5,6.0,6.0,6.0,6.0,1.0,0.0,14.0,1.0,0.3,0.5,-131.0,-131.0,-131.0,-131.0,1.0,0.0,14.0,1.0,0.3,0.5,-75.6,-75.6,-75.6,-75.6,1.0,0.0,14.0,1.0,0.3,0.5,0.5,0.5,0.5,0.5,1.0,0.0,14.0,1.0,0.3,0.5,6.2,6.2,6.2,6.2,1.0,0.0,14.0,1.0,0.3,0.5,3.91,3.91,3.91,3.91,1.0,0.0,14.0,1.0,0.3,0.5,48.1,48.1,48.1,48.1,1.0,0.0,14.0,1.0,0.3,0.5,-271.6,-271.6,-271.6,-271.6,1.0,0.0,14.0,1.0,0.3,0.5,-156.8,-156.8,-156.8,-156.8,1.0,0.0,14.0,1.0,0.3,0.5,-181.8,-181.8,-181.8,-181.8,1.0,0.0,14.0,1.0,0.3,0.5,-105.0,-105.0,-105.0,-105.0,1.0,0.0,14.0,1.0,0.3,0.5,-41.7,-41.7,-41.7,-41.7,1.0,0.0,14.0,1.0,0.3,0.5,-24.1,-24.1,-24.1,-24.1,1.0,0.0,14.0,1.0,0.3,0.5,1861.0,1861.0,1861.0,1861.0,1.0,0.0,14.0,1.0,0.3,0.5,1860.0,1860.0,1860.0,1860.0,1.0,0.0,14.0,1.0,0.3,0.5
1974,2,218.0,11.0,24.7,24.7,24.7,24.7,1.0,0.0,20.0,1.0,0.4,0.2,25.1,25.1,25.1,25.1,1.0,0.0,20.0,1.0,0.4,0.2,16.5,16.5,16.5,16.5,1.0,0.0,20.0,1.0,0.4,0.2,82.9,82.9,82.9,82.9,1.0,0.0,20.0,1.0,0.2,9.3,9.3,9.3,9.3,1.0,0.0,20.0,1.0,0.4,0.2,-9.16,-9.16,-9.16,-9.16,1.0,0.0,20.0,1.0,0.4,0.2,-1.61,-1.61,-1.61,-1.61,1.0,0.0,20.0,1.0,0.4,0.2,1011.0,1011.0,1011.0,1011.0,1.0,0.0,20.0,1.0,0.4,0.2,4.0,4.0,4.0,4.0,1.0,0.0,20.0,1.0,0.4,0.2,-85.2,-85.2,-85.2,-85.2,1.0,0.0,20.0,1.0,0.4,0.2,-15.0,-15.0,-15.0,-15.0,1.0,0.0,20.0,1.0,0.4,0.2,-0.4,-0.4,-0.4,-0.4,1.0,0.0,20.0,1.0,0.4,0.2,-3.7,-3.7,-3.7,-3.7,1.0,0.0,20.0,1.0,0.4,0.2,2.96,2.96,2.96,2.96,1.0,0.0,20.0,1.0,0.4,0.2,27.5,27.5,27.5,27.5,1.0,0.0,20.0,1.0,0.4,0.2,-229.9,-229.9,-229.9,-229.9,1.0,0.0,20.0,1.0,0.4,0.2,-40.5,-40.5,-40.5,-40.5,1.0,0.0,20.0,1.0,0.4,0.2,-151.1,-151.1,-151.1,-151.1,1.0,0.0,20.0,1.0,0.4,0.2,-26.6,-26.6,-26.6,-26.6,1.0,0.0,20.0,1.0,0.4,0.2,-27.1,-27.1,-27.1,-27.1,1.0,0.0,20.0,1.0,0.4,0.2,-4.8,-4.8,-4.8,-4.8,1.0,0.0,20.0,1.0,0.4,0.2,804.5,804.5,804.5,804.5,1.0,0.0,20.0,1.0,0.4,0.2,805.0,805.0,805.0,805.0,1.0,0.0,20.0,1.0,0.4,0.2
1974,2,218.0,13.0,26.11,26.35,26.59,26.35,2.0,0.49,18.0,1.0,0.8,0.3,24.93,25.85,26.77,25.85,2.0,1.91,18.0,1.0,0.8,0.3,16.82,16.82,16.82,16.82,1.0,0.0,14.0,1.0,0.6,0.3,88.1,88.1,88.1,88.1,1.0,0.0,14.0,1.0,0.3,10.3,10.3,10.3,10.3,2.0,0.0,18.0,1.0,0.8,0.3,-10.07,-9.91,-9.75,-9.91,2.0,0.33,18.0,1.0,0.8,0.3,-3.25,-2.66,-2.06,-2.66,2.0,1.23,18.0,1.0,0.8,0.3,1010.27,1012.8,1015.33,1012.8,2.0,5.23,18.0,1.0,0.8,0.3,1.8,3.5,5.2,3.5,2.0,3.5,18.0,1.0,0.8,0.3,-103.7,-102.1,-100.5,-102.1,2.0,3.4,18.0,1.0,0.8,0.3,-33.5,-27.4,-21.3,-27.4,2.0,12.6,18.0,1.0,0.8,0.3,-0.18,0.5,1.18,0.5,2.0,1.41,18.0,1.0,0.8,0.3,-1.9,5.2,12.2,5.2,2.0,14.6,18.0,1.0,0.8,0.3,4.11,4.11,4.11,4.11,1.0,0.0,14.0,1.0,0.6,0.3,42.3,42.3,42.3,42.3,1.0,0.0,14.0,1.0,0.6,0.3,-269.8,-256.5,-243.3,-256.5,2.0,27.4,18.0,1.0,0.8,0.3,-80.3,-67.5,-54.6,-67.5,2.0,26.6,18.0,1.0,0.8,0.3,-162.8,-162.8,-162.8,-162.8,1.0,0.0,14.0,1.0,0.6,0.3,-59.2,-59.2,-59.2,-59.2,1.0,0.0,14.0,1.0,0.6,0.3,-39.8,-39.8,-39.8,-39.8,1.0,0.0,14.0,1.0,0.6,0.3,-14.5,-14.5,-14.5,-14.5,1.0,0.0,14.0,1.0,0.6,0.3,1092.5,1092.5,1092.5,1092.5,2.0,0.0,18.0,1.0,0.8,0.3,1095.0,1095.0,1095.0,1095.0,2.0,0.0,18.0,1.0,0.8,0.3
1974,2,218.0,14.0,26.0,26.0,26.0,26.0,1.0,0.0,22.0,1.0,0.3,0.7,24.0,24.0,24.0,24.0,1.0,0.0,22.0,1.0,0.3,0.7,14.17,14.17,14.17,14.17,1.0,0.0,22.0,1.0,0.3,0.7,76.4,76.4,76.4,76.4,1.0,0.0,22.0,1.0,0.7,13.4,13.4,13.4,13.4,1.0,0.0,22.0,1.0,0.3,0.7,-13.2,-13.2,-13.2,-13.2,1.0,0.0,22.0,1.0,0.3,0.7,-2.33,-2.33,-2.33,-2.33,1.0,0.0,22.0,1.0,0.3,0.7,1014.2,1014.2,1014.2,1014.2,1.0,0.0,22.0,1.0,0.3,0.7,3.0,3.0,3.0,3.0,1.0,0.0,22.0,1.0,0.3,0.7,-176.8,-176.8,-176.8,-176.8,1.0,0.0,22.0,1.0,0.3,0.7,-31.2,-31.2,-31.2,-31.2,1.0,0.0,22.0,1.0,0.3,0.7,2.0,2.0,2.0,2.0,1.0,0.0,22.0,1.0,0.3,0.7,26.8,26.8,26.8,26.8,1.0,0.0,22.0,1.0,0.3,0.7,6.81,6.81,6.81,6.81,1.0,0.0,22.0,1.0,0.3,0.7,91.3,91.3,91.3,91.3,1.0,0.0,22.0,1.0,0.3,0.7,-316.7,-316.7,-316.7,-316.7,1.0,0.0,22.0,1.0,0.3,0.7,-55.8,-55.8,-55.8,-55.8,1.0,0.0,22.0,1.0,0.3,0.7,-187.0,-187.0,-187.0,-187.0,1.0,0.0,22.0,1.0,0.3,0.7,-33.0,-33.0,-33.0,-33.0,1.0,0.0,22.0,1.0,0.3,0.7,-89.9,-89.9,-89.9,-89.9,1.0,0.0,22.0,1.0,0.3,0.7,-15.8,-15.8,-15.8,-15.8,1.0,0.0,22.0,1.0,0.3,0.7,2406.0,2406.0,2406.0,2406.0,1.0,0.0,22.0,1.0,0.3,0.7,2405.0,2405.0,2405.0,2405.0,1.0,0.0,22.0,1.0,0.3,0.7
1974,2,218.0,15.0,24.4,24.4,24.4,24.4,1.0,0.0,24.0,1.0,0.1,0.5,23.6,23.6,23.6,23.6,1.0,0.0,24.0,1.0,0.1,0.5,13.67,13.67,13.67,13.67,1.0,0.0,24.0,1.0,0.1,0.5,75.4,75.4,75.4,75.4,1.0,0.0,24.0,1.0,0.5,9.3,9.3,9.3,9.3,1.0,0.0,24.0,1.0,0.1,0.5,-8.74,-8.74,-8.74,-8.74,1.0,0.0,24.0,1.0,0.1,0.5,-3.18,-3.18,-3.18,-3.18,1.0,0.0,24.0,1.0,0.1,0.5,1012.2,1012.2,1012.2,1012.2,1.0,0.0,24.0,1.0,0.1,0.5,4.0,4.0,4.0,4.0,1.0,0.0,24.0,1.0,0.1,0.5,-81.3,-81.3,-81.3,-81.3,1.0,0.0,24.0,1.0,0.1,0.5,-29.6,-29.6,-29.6,-29.6,1.0,0.0,24.0,1.0,0.1,0.5,0.8,0.8,0.8,0.8,1.0,0.0,24.0,1.0,0.1,0.5,7.4,7.4,7.4,7.4,1.0,0.0,24.0,1.0,0.1,0.5,5.42,5.42,5.42,5.42,1.0,0.0,24.0,1.0,0.1,0.5,50.4,50.4,50.4,50.4,1.0,0.0,24.0,1.0,0.1,0.5,-206.2,-206.2,-206.2,-206.2,1.0,0.0,24.0,1.0,0.1,0.5,-75.1,-75.1,-75.1,-75.1,1.0,0.0,24.0,1.0,0.1,0.5,-119.5,-119.5,-119.5,-119.5,1.0,0.0,24.0,1.0,0.1,0.5,-43.5,-43.5,-43.5,-43.5,1.0,0.0,24.0,1.0,0.1,0.5,-47.3,-47.3,-47.3,-47.3,1.0,0.0,24.0,1.0,0.1,0.5,-17.2,-17.2,-17.2,-17.2,1.0,0.0,24.0,1.0,0.1,0.5,804.5,804.5,804.5,804.5,1.0,0.0,24.0,1.0,0.1,0.5,805.0,805.0,805.0,805.0,1.0,0.0,24.0,1.0,0.1,0.5
1974,2,218.0,16.0,23.72,23.75,23.78,23.75,2.0,0.07,18.0,0.0,0.5,0.6,22.42,22.45,22.48,22.45,2.0,0.07,18.0,0.0,0.5,0.6,12.29,12.87,13.46,12.87,2.0,1.21,18.0,0.0,0.5,0.6,73.0,76.3,79.6,76.3,2.0,6.8,18.0,0.0,0.6,6.0,7.95,9.9,7.95,2.0,4.03,18.0,0.0,0.5,0.6,-8.27,-5.95,-3.63,-5.95,2.0,4.81,18.0,0.0,0.5,0.6,-5.24,-4.91,-4.57,-4.91,2.0,0.7,18.0,0.0,0.5,0.6,1014.15,1014.25,1014.35,1014.25,2.0,0.21,18.0,0.0,0.5,0.6,4.2,4.5,4.8,4.5,2.0,0.7,18.0,0.0,0.5,0.6,-87.0,-57.0,-27.0,-57.0,2.0,62.2,18.0,0.0,0.5,0.6,-52.6,-40.4,-28.2,-40.4,2.0,25.3,18.0,0.0,0.5,0.6,1.3,1.3,1.3,1.3,2.0,0.0,18.0,0.0,0.5,0.6,7.8,10.3,12.9,10.3,2.0,5.2,18.0,0.0,0.5,0.6,4.89,5.44,5.98,5.44,2.0,1.13,18.0,0.0,0.5,0.6,30.6,45.5,60.4,45.5,2.0,30.9,18.0,0.0,0.5,0.6,-185.4,-133.4,-81.5,-133.4,2.0,107.6,18.0,0.0,0.5,0.6,-117.5,-110.2,-102.8,-110.2,2.0,15.3,18.0,0.0,0.5,0.6,-100.1,-73.7,-47.3,-73.7,2.0,54.7,18.0,0.0,0.5,0.6,-64.2,-62.8,-61.3,-62.8,2.0,3.0,18.0,0.0,0.5,0.6,-51.0,-35.1,-19.2,-35.1,2.0,32.9,18.0,0.0,0.5,0.6,-31.6,-27.1,-22.6,-27.1,2.0,9.3,18.0,0.0,0.5,0.6,311.5,696.0,1081.0,696.0,2.0,797.0,18.0,0.0,0.5,0.6,310.0,695.0,1080.0,695.0,2.0,795.0,18.0,0.0,0.5,0.6
1974,2,218.0,17.0,23.9,23.9,23.9,23.9,1.0,0.0,16.0,0.0,0.8,0.9,22.34,22.65,22.96,22.65,2.0,0.64,10.0,0.5,0.6,0.8,11.71,12.39,13.06,12.39,2.0,1.4,10.0,0.5,0.6,0.8,70.3,72.8,75.2,72.8,2.0,5.0,10.0,0.5,0.8,8.27,9.5,10.73,9.5,2.0,2.55,10.0,0.5,0.6,0.8,-10.08,-8.93,-7.77,-8.93,2.0,2.39,10.0,0.5,0.6,0.8,-3.67,-3.25,-2.83,-3.25,2.0,0.87,10.0,0.5,0.6,0.8,1016.17,1018.7,1021.23,1018.7,2.0,5.23,10.0,0.5,0.6,0.8,3.2,3.5,3.8,3.5,2.0,0.7,10.0,0.5,0.6,0.8,-109.8,-87.9,-65.9,-87.9,2.0,45.4,10.0,0.5,0.6,0.8,-40.0,-32.0,-24.0,-32.0,2.0,16.5,10.0,0.5,0.6,0.8,1.7,1.7,1.7,1.7,1.0,0.0,16.0,0.0,0.8,0.9,19.2,19.2,19.2,19.2,1.0,0.0,16.0,0.0,0.8,0.9,6.93,6.93,6.93,6.93,1.0,0.0,16.0,0.0,0.8,0.9,78.3,78.3,78.3,78.3,1.0,0.0,16.0,0.0,0.8,0.9,-224.8,-201.4,-178.0,-201.4,2.0,48.5,10.0,0.5,0.6,0.8,-81.8,-73.3,-64.8,-73.3,2.0,17.7,10.0,0.5,0.6,0.8,-117.2,-108.9,-100.6,-108.9,2.0,17.1,10.0,0.5,0.6,0.8,-42.7,-39.6,-36.6,-39.6,2.0,6.2,10.0,0.5,0.6,0.8,-73.6,-73.6,-73.6,-73.6,1.0,0.0,16.0,0.0,0.8,0.9,-26.8,-26.8,-26.8,-26.8,1.0,0.0,16.0,0.0,0.8,0.9,613.0,949.5,1286.5,949.5,2.0,697.5,10.0,0.5,0.6,0.8,615.0,950.0,1285.0,950.0,2.0,695.0,10.0,0.5,0.6,0.8
1974,2,218.0,18.0,23.3,23.5,23.84,23.57,3.0,0.4,16.0,0.3,0.4,0.4,22.75,22.85,22.95,22.85,2.0,0.21,14.0,0.0,0.4,0.3,13.32,13.48,13.63,13.48,2.0,0.32,14.0,0.0,0.4,0.3,76.9,78.2,79.5,78.2,2.0,2.7,14.0,0.0,0.3,5.11,6.2,8.11,6.6,3.0,2.23,16.0,0.3,0.4,0.4,-7.48,-5.37,-4.84,-6.14,3.0,2.04,16.0,0.3,0.4,0.4,-3.09,-3.08,-0.98,-2.06,3.0,1.78,16.0,0.3,0.4,0.4,1016.45,1017.0,1017.68,1017.07,3.0,0.9,16.0,0.3,0.4,0.4,3.0,5.0,7.0,5.0,3.0,3.0,16.0,0.3,0.4,0.4,-62.5,-33.3,-25.0,-43.5,3.0,28.9,16.0,0.3,0.4,0.4,-25.0,-19.2,-6.1,-15.6,3.0,14.2,16.0,0.3,0.4,0.4,0.58,0.75,0.92,0.75,2.0,0.35,14.0,0.0,0.4,0.3,2.9,4.3,5.6,4.3,2.0,2.8,14.0,0.0,0.4,0.3,4.17,4.62,5.06,4.62,2.0,0.92,14.0,0.0,0.4,0.3,20.5,25.5,30.4,25.5,2.0,10.2,14.0,0.0,0.4,0.3,-120.5,-114.0,-107.4,-114.0,2.0,13.5,14.0,0.0,0.4,0.3,-60.0,-35.6,-11.3,-35.6,2.0,50.4,14.0,0.0,0.4,0.3,-69.9,-67.1,-64.3,-67.1,2.0,5.8,14.0,0.0,0.4,0.3,-34.6,-20.5,-6.5,-20.5,2.0,29.1,14.0,0.0,0.4,0.3,-26.7,-23.3,-19.8,-23.3,2.0,7.1,14.0,0.0,0.4,0.3,-13.7,-8.2,-2.6,-8.2,2.0,11.5,14.0,0.0,0.4,0.3,142.0,238.5,573.5,355.0,3.0,331.5,16.0,0.3,0.4,0.4,140.0,240.0,575.0,355.0,3.0,330.0,16.0,0.3,0.4,0.4
1974,2,218.0,19.0,22.25,22.8,23.62,22.92,5.0,0.79,18.0,0.4,0.4,0.6,21.13,21.3,22.92,21.96,5.0,1.25,18.0,0.4,0.4,0.6,10.43,13.26,14.5,12.61,5.0,2.89,18.0,0.4,0.4,0.6,67.7,81.1,86.2,76.8,5.0,13.4,18.0,0.4,0.6,5.8,6.7,8.97,7.3,5.0,2.01,18.0,0.4,0.4,0.6,-8.74,-6.7,-5.8,-7.18,5.0,1.79,18.0,0.4,0.4,0.6,-1.29,0.0,0.0,-0.7,5.0,1.58,18.0,0.4,0.4,0.6,1016.53,1020.0,1021.05,1019.0,5.0,2.72,18.0,0.4,0.4,0.6,2.6,4.0,5.4,4.0,5.0,1.6,18.0,0.4,0.4,0.6,-79.1,-44.9,-33.9,-55.3,5.0,29.0,18.0,0.4,0.4,0.6,-13.3,0.0,0.0,-7.3,5.0,16.2,18.0,0.4,0.4,0.6,0.63,1.1,1.28,0.96,5.0,0.59,18.0,0.4,0.4,0.6,3.6,6.2,12.0,7.3,5.0,5.2,18.0,0.4,0.4,0.6,3.33,4.33,6.06,4.72,5.0,2.22,18.0,0.4,0.4,0.6,19.5,29.6,51.8,36.9,5.0,28.0,18.0,0.4,0.4,0.6,-185.6,-160.8,-124.2,-156.9,5.0,36.4,18.0,0.4,0.4,0.6,-27.4,0.0,0.0,-15.0,5.0,33.6,18.0,0.4,0.4,0.6,-109.0,-81.9,-70.6,-88.1,5.0,19.8,18.0,0.4,0.4,0.6,-10.9,0.0,0.0,-6.0,5.0,13.3,18.0,0.4,0.4,0.6,-49.9,-29.6,-19.5,-35.9,5.0,25.7,18.0,0.4,0.4,0.6,-10.7,0.0,0.0,-5.8,5.0,13.1,18.0,0.4,0.4,0.6,199.5,301.0,749.0,463.0,5.0,384.0,18.0,0.4,0.4,0.6,200.0,300.0,750.0,465.0,5.0,385.0,18.0,0.4,0.4,0.6
1974,2,218.0,20.0,21.9,22.8,23.33,22.47,7.0,1.3,16.0,0.7,0.6,0.6,21.1,21.7,22.72,21.93,7.0,0.78,16.0,0.7,0.6,0.6,11.46,11.81,12.65,11.92,6.0,0.69,18.0,0.7,0.6,0.6,70.2,71.9,81.6,74.4,6.0,6.0,18.0,0.7,0.6,7.65,8.2,9.07,9.1,7.0,3.32,16.0,0.7,0.6,0.6,-8.9,-8.2,-7.17,-8.74,7.0,3.12,16.0,0.7,0.6,0.6,-3.46,-1.51,0.0,-1.88,7.0,2.15,16.0,0.7,0.6,0.6,1016.97,1018.3,1020.86,1018.9,7.0,2.63,16.0,0.7,0.6,0.6,4.9,6.0,7.0,5.6,7.0,1.4,16.0,0.7,0.6,0.6,-83.2,-67.2,-54.9,-88.4,7.0,74.7,16.0,0.7,0.6,0.6,-25.8,-13.1,0.0,-21.3,7.0,33.1,16.0,0.7,0.6,0.6,-1.1,1.1,1.63,0.54,7.0,1.33,16.0,0.7,0.6,0.6,-9.1,9.0,17.1,5.5,7.0,12.2,16.0,0.7,0.6,0.6,4.11,5.31,6.44,5.05,6.0,1.75,18.0,0.7,0.6,0.6,28.1,42.3,63.2,48.1,6.0,30.5,18.0,0.7,0.6,0.6,-206.1,-173.0,-155.6,-192.7,7.0,73.5,16.0,0.7,0.6,0.6,-76.3,-35.0,0.0,-42.0,7.0,48.3,16.0,0.7,0.6,0.6,-120.6,-96.7,-76.7,-105.0,6.0,42.1,18.0,0.7,0.6,0.6,-44.8,-14.4,0.0,-22.6,6.0,27.9,18.0,0.7,0.6,0.6,-59.4,-42.3,-24.8,-45.8,6.0,28.6,18.0,0.7,0.6,0.6,-21.6,-7.9,0.0,-11.6,6.0,14.5,18.0,0.7,0.6,0.6,449.0,551.5,842.0,1066.5,7.0,1514.5,16.0,0.7,0.6,0.6,450.0,550.0,840.0,1065.0,7.0,1515.0,16.0,0.7,0.6,0.6
1974,2,218.0,21.0,21.9,23.25,24.41,23.33,6.0,1.59,24.0,0.7,0.8,0.3,20.82,21.05,22.71,21.86,8.0,1.63,22.0,0.6,0.6,0.4,11.13,11.51,13.2,11.83,8.0,1.11,22.0,0.6,0.6,0.4,67.6,73.3,82.2,73.4,8.0,9.2,22.0,0.6,0.4,5.17,9.8,11.19,8.75,8.0,4.08,22.0,0.6,0.6,0.4,-10.58,-9.44,-4.11,-8.38,8.0,4.24,22.0,0.6,0.6,0.4,-3.27,-1.54,0.0,-1.68,8.0,1.61,22.0,0.6,0.6,0.4,1017.84,1019.55,1021.87,1019.89,8.0,2.23,22.0,0.6,0.6,0.4,1.0,4.0,6.9,3.9,8.0,3.0,22.0,0.6,0.6,0.4,-118.4,-92.9,-21.3,-88.4,8.0,74.0,22.0,0.6,0.6,0.4,-28.3,-10.0,0.0,-14.0,8.0,16.3,22.0,0.6,0.6,0.4,-0.71,1.6,3.06,1.48,6.0,2.38,24.0,0.7,0.8,0.3,-5.5,8.4,37.9,14.1,6.0,25.8,24.0,0.7,0.8,0.3,5.28,6.48,7.44,6.28,6.0,2.3,24.0,0.7,0.8,0.3,14.9,57.4,97.9,56.7,6.0,40.4,24.0,0.7,0.8,0.3,-266.8,-197.3,-89.5,-184.5,8.0,95.1,22.0,0.6,0.6,0.4,-71.5,-32.3,0.0,-37.7,8.0,38.0,22.0,0.6,0.6,0.4,-124.0,-116.2,-54.2,-98.9,8.0,48.0,22.0,0.6,0.6,0.4,-44.2,-16.9,0.0,-20.7,8.0,20.6,22.0,0.6,0.6,0.4,-96.8,-55.0,-12.7,-54.9,6.0,40.7,24.0,0.7,0.8,0.3,-18.9,-7.7,0.0,-9.8,6.0,10.4,24.0,0.7,0.8,0.3,138.5,948.5,1404.0,1052.5,8.0,1174.0,22.0,0.6,0.6,0.4,140.0,950.0,1405.0,1055.0,8.0,1175.0,22.0,0.6,0.6,0.4
1974,2,218.0,22.0,21.41,21.65,21.89,21.65,2.0,0.49,12.0,1.0,0.4,0.4,21.93,23.3,23.78,22.87,3.0,1.4,16.0,1.0,0.6,0.3,11.24,12.02,12.8,12.02,2.0,1.62,18.0,1.0,0.9,0.3,70.3,72.0,73.6,72.0,2.0,3.5,18.0,1.0,0.3,10.62,11.3,13.76,12.17,3.0,2.42,16.0,1.0,0.6,0.3,-13.6,-11.3,-10.62,-12.09,3.0,2.29,16.0,1.0,0.6,0.3,0.0,0.0,1.77,0.86,3.0,1.49,16.0,1.0,0.6,0.3,1017.69,1018.3,1020.83,1019.23,3.0,2.44,16.0,1.0,0.6,0.3,2.0,4.0,5.4,3.7,3.0,2.5,16.0,1.0,0.6,0.3,-189.8,-127.7,-112.9,-150.8,3.0,59.7,16.0,1.0,0.6,0.3,0.0,0.0,26.3,12.9,3.0,22.3,16.0,1.0,0.6,0.3,-2.0,-2.0,-2.0,-2.0,2.0,0.0,12.0,1.0,0.4,0.4,-28.7,-26.2,-23.7,-26.2,2.0,5.1,12.0,1.0,0.4,0.4,2.52,2.52,2.52,2.52,1.0,0.0,12.0,1.0,0.7,0.4,28.5,28.5,28.5,28.5,1.0,0.0,12.0,1.0,0.7,0.4,-324.0,-263.3,-233.3,-278.3,3.0,67.6,16.0,1.0,0.6,0.3,0.0,0.0,42.4,20.7,3.0,35.9,16.0,1.0,0.6,0.3,-142.9,-130.4,-117.9,-130.4,2.0,26.0,18.0,1.0,0.9,0.3,0.0,0.0,0.0,0.0,2.0,0.0,18.0,1.0,0.9,0.3,-28.5,-28.5,-28.5,-28.5,1.0,0.0,12.0,1.0,0.7,0.4,0.0,0.0,0.0,0.0,1.0,0.0,12.0,1.0,0.7,0.4,1204.0,1443.0,2716.0,1948.0,3.0,1191.0,16.0,1.0,0.6,0.3,1205.0,1445.0,2715.0,1950.0,3.0,1190.0,16.0,1.0,0.6,0.3
1974,2,218.0,24.0,19.91,20.8,20.94,20.43,3.0,0.81,24.0,0.7,0.7,0.5,19.18,20.0,21.71,20.43,3.0,1.89,24.0,0.7,0.7,0.5,10.74,10.83,11.64,11.18,3.0,0.73,24.0,0.7,0.7,0.5,67.7,74.3,84.9,76.3,3.0,12.7,24.0,0.7,0.5,7.36,7.7,8.79,8.07,3.0,1.1,24.0,0.7,0.7,0.5,-8.25,-7.2,-5.66,-6.96,3.0,1.91,24.0,0.7,0.7,0.5,-5.04,-3.18,-1.01,-3.03,3.0,2.95,24.0,0.7,0.7,0.5,1020.88,1021.7,1021.9,1021.4,3.0,0.79,24.0,0.7,0.7,0.5,8.0,8.0,8.0,8.0,3.0,0.0,24.0,0.7,0.7,0.5,-71.9,-51.8,-42.5,-57.1,3.0,22.1,24.0,0.7,0.7,0.5,-40.4,-29.6,-9.4,-25.0,3.0,23.1,24.0,0.7,0.7,0.5,-1.73,1.0,1.68,0.0,3.0,2.65,24.0,0.7,0.7,0.5,-13.5,7.2,15.0,0.9,3.0,21.6,24.0,0.7,0.7,0.5,3.14,3.16,4.18,3.65,3.0,0.87,24.0,0.7,0.7,0.5,25.8,29.3,32.2,29.0,3.0,4.7,24.0,0.7,0.7,0.5,-157.9,-144.0,-121.7,-139.9,3.0,26.7,24.0,0.7,0.7,0.5,-109.6,-59.8,-19.0,-64.2,3.0,66.5,24.0,0.7,0.7,0.5,-96.1,-77.0,-61.0,-78.5,3.0,25.8,24.0,0.7,0.7,0.5,-55.7,-38.2,-12.1,-34.0,3.0,32.1,24.0,0.7,0.7,0.5,-31.6,-27.6,-19.4,-25.5,3.0,9.1,24.0,0.7,0.7,0.5,-15.8,-10.0,-3.2,-9.5,3.0,9.3,24.0,0.7,0.7,0.5,399.5,456.5,694.0,544.5,3.0,228.5,24.0,0.7,0.7,0.5,400.0,455.0,695.0,545.0,3.0,230.0,24.0,0.7,0.7,0.5
1974,2,218.0,25.0,20.66,20.8,21.35,21.0,3.0,0.53,4.0,0.7,0.5,0.2,20.32,21.0,21.14,20.73,3.0,0.64,4.0,0.7,0.5,0.2,11.69,11.94,12.04,11.87,3.0,0.26,4.0,0.7,0.5,0.2,75.8,76.5,81.5,78.6,3.0,4.6,4.0,0.7,0.2,4.06,7.2,9.66,6.87,3.0,4.11,4.0,0.7,0.5,0.2,-9.21,-7.2,-4.06,-6.65,3.0,3.8,4.0,0.7,0.5,0.2,0.0,0.0,2.52,1.23,3.0,2.13,4.0,0.7,0.5,0.2,1015.9,1020.0,1021.02,1018.5,3.0,3.97,4.0,0.7,0.5,0.2,3.0,3.0,5.7,4.3,3.0,2.3,4.0,0.7,0.5,0.2,-91.3,-51.8,-21.1,-56.1,3.0,51.6,4.0,0.7,0.5,0.2,0.0,0.0,27.2,13.3,3.0,23.0,4.0,0.7,0.5,0.2,-0.22,0.6,0.74,0.27,3.0,0.76,4.0,0.7,0.5,0.2,-3.9,1.6,4.4,0.3,3.0,6.2,4.0,0.7,0.5,0.2,3.1,3.14,3.99,3.53,3.0,0.74,4.0,0.7,0.5,0.2,14.8,22.1,30.2,22.5,3.0,11.3,4.0,0.7,0.5,0.2,-192.6,-144.0,-83.0,-137.9,3.0,80.4,4.0,0.7,0.5,0.2,0.0,0.0,53.5,26.1,3.0,45.2,4.0,0.7,0.5,0.2,-110.4,-87.0,-48.2,-79.4,3.0,46.0,4.0,0.7,0.5,0.2,0.0,0.0,30.1,14.7,3.0,25.5,4.0,0.7,0.5,0.2,-28.8,-22.1,-14.8,-21.8,3.0,10.2,4.0,0.7,0.5,0.2,0.0,0.0,7.9,3.9,3.0,6.7,4.0,0.7,0.5,0.2,130.5,373.0,978.5,550.0,3.0,639.5,4.0,0.7,0.5,0.2,130.0,375.0,980.0,550.0,3.0,640.0,4.0,0.7,0.5,0.2
1974,2,218.0,26.0,18.71,21.15,21.5,20.37,6.0,1.52,8.0,0.5,0.4,0.4,18.24,18.85,19.32,18.83,6.0,0.64,8.0,0.5,0.4,0.4,8.82,9.74,11.16,9.97,6.0,1.4,8.0,0.5,0.4,0.4,64.1,73.9,86.9,74.8,6.0,12.3,8.0,0.5,0.4,6.68,8.2,8.42,8.3,7.0,2.18,10.0,0.6,0.4,0.4,-8.34,-7.24,-6.29,-7.69,7.0,1.7,10.0,0.6,0.4,0.4,-2.87,-2.29,0.31,-0.92,7.0,3.5,10.0,0.6,0.4,0.4,1020.14,1021.3,1023.11,1021.74,7.0,2.08,10.0,0.6,0.4,0.4,3.0,7.0,8.0,5.9,7.0,2.2,10.0,0.6,0.4,0.4,-70.9,-58.2,-42.0,-66.9,7.0,35.7,10.0,0.6,0.4,0.4,-23.5,-15.4,4.0,-2.2,7.0,39.2,10.0,0.6,0.4,0.4,0.48,1.95,2.32,1.53,6.0,1.0,8.0,0.5,0.4,0.4,3.2,13.7,21.4,13.6,6.0,11.2,8.0,0.5,0.4,0.4,3.06,4.72,7.0,4.84,6.0,2.25,8.0,0.5,0.4,0.4,22.0,44.4,48.8,38.4,6.0,15.7,8.0,0.5,0.4,0.4,-160.8,-142.2,-119.7,-146.4,6.0,34.0,8.0,0.5,0.4,0.4,-50.6,-31.6,25.0,-7.6,6.0,66.3,8.0,0.5,0.4,0.4,-99.0,-69.1,-59.9,-79.5,6.0,30.5,8.0,0.5,0.4,0.4,-25.1,-15.8,16.2,-0.6,6.0,40.1,8.0,0.5,0.4,0.4,-47.5,-40.2,-20.9,-36.1,6.0,14.6,8.0,0.5,0.4,0.4,-16.2,-8.2,4.5,-4.9,6.0,14.7,8.0,0.5,0.4,0.4,298.0,551.5,627.5,685.0,7.0,657.0,10.0,0.6,0.4,0.4,300.0,550.0,630.0,685.0,7.0,655.0,10.0,0.6,0.4,0.4
1974,2,218.0,27.0,20.31,20.6,21.16,20.8,10.0,0.65,16.0,0.2,0.4,0.4,18.19,18.95,20.09,19.08,10.0,0.99,16.0,0.2,0.4,0.4,7.7,9.06,11.76,9.62,10.0,1.9,16.0,0.2,0.4,0.4,60.2,67.4,83.3,70.5,10.0,11.3,16.0,0.2,0.4,2.6,6.95,9.59,6.34,10.0,3.25,16.0,0.2,0.4,0.4,-9.33,-4.24,0.09,-4.03,10.0,5.77,16.0,0.2,0.4,0.4,-1.74,0.0,1.02,0.01,10.0,1.98,16.0,0.2,0.4,0.4,1017.23,1022.75,1025.93,1021.98,10.0,4.58,16.0,0.2,0.4,0.4,2.4,5.0,6.6,4.6,10.0,2.3,16.0,0.2,0.4,0.4,-87.3,-20.9,0.2,-31.8,10.0,54.8,16.0,0.2,0.4,0.4,-5.6,0.0,10.5,3.7,10.0,15.8,16.0,0.2,0.4,0.4,0.51,1.8,2.6,1.72,10.0,1.22,16.0,0.2,0.4,0.4,2.1,8.0,15.8,8.5,10.0,6.8,16.0,0.2,0.4,0.4,3.24,6.03,7.14,5.54,10.0,2.06,16.0,0.2,0.4,0.4,19.7,25.5,47.4,30.5,10.0,14.0,16.0,0.2,0.4,0.4,-181.0,-78.6,1.6,-76.9,10.0,115.4,16.0,0.2,0.4,0.4,-32.4,0.0,21.1,1.8,10.0,39.8,16.0,0.2,0.4,0.4,-104.2,-39.7,-0.2,-42.3,10.0,64.7,16.0,0.2,0.4,0.4,-13.1,0.0,12.9,1.9,10.0,20.6,16.0,0.2,0.4,0.4,-42.1,-22.9,1.7,-19.4,10.0,26.8,16.0,0.2,0.4,0.4,-10.7,0.0,2.3,-1.6,10.0,9.5,16.0,0.2,0.4,0.4,17.5,368.5,882.5,433.5,10.0,425.0,16.0,0.2,0.4,0.4,20.0,370.0,885.0,435.0,10.0,425.0,16.0,0.2,0.4,0.4
1974,2,218.0,28.0,19.22,20.4,20.6,20.12,17.0,0.81,12.0,0.6,0.5,0.5,17.89,19.0,21.06,19.38,19.0,1.53,14.0,0.6,0.5,0.5,8.61,9.67,10.89,9.66,16.0,1.38,12.0,0.6,0.5,0.5,64.5,71.4,78.9,70.8,16.0,8.4,12.0,0.6,0.5,3.46,6.7,8.2,6.29,19.0,2.62,14.0,0.6,0.5,0.5,-7.3,-6.28,-0.9,-4.54,19.0,3.8,14.0,0.6,0.5,0.5,-2.34,0.0,2.74,-0.01,19.0,3.54,14.0,0.6,0.5,0.5,1020.58,1022.65,1026.43,1023.2,18.0,2.86,12.0,0.6,0.5,0.5,3.0,5.0,7.3,5.2,18.0,1.8,14.0,0.7,0.5,0.5,-56.2,-42.2,-1.9,-30.7,19.0,33.9,14.0,0.6,0.5,0.5,-16.1,0.0,13.8,-0.4,19.0,30.0,14.0,0.6,0.5,0.5,-0.45,1.0,2.49,0.96,16.0,1.29,12.0,0.6,0.5,0.5,-2.4,3.6,19.2,6.9,16.0,10.9,12.0,0.6,0.5,0.5,3.46,4.28,6.24,4.85,16.0,1.57,12.0,0.6,0.5,0.5,10.5,30.6,42.6,30.5,16.0,19.0,12.0,0.6,0.5,0.5,-141.0,-118.7,-18.9,-87.9,19.0,71.3,14.0,0.6,0.5,0.5,-46.1,0.0,56.7,2.1,19.0,69.7,14.0,0.6,0.5,0.5,-72.0,-50.5,-16.3,-44.4,16.0,34.6,12.0,0.6,0.5,0.5,-23.3,0.0,24.5,-0.7,16.0,30.8,12.0,0.6,0.5,0.5,-40.2,-23.8,-6.6,-20.4,16.0,23.5,12.0,0.6,0.5,0.5,-15.1,0.0,5.9,-4.9,16.0,18.2,12.0,0.6,0.5,0.5,42.5,301.0,551.5,357.5,19.0,283.5,14.0,0.6,0.5,0.5,40.0,300.0,550.0,360.0,19.0,285.0,14.0,0.6,0.5,0.5
1974,2,218.0,29.0,18.37,19.35,20.0,19.13,18.0,1.05,18.0,0.6,0.7,0.4,16.72,17.8,18.93,17.79,18.0,1.26,18.0,0.6,0.7,0.4,7.77,9.47,10.34,9.32,18.0,1.13,18.0,0.6,0.7,0.4,63.1,75.3,83.6,75.0,18.0,11.6,18.0,0.6,0.4,0.7,5.65,10.3,6.2,18.0,4.72,18.0,0.6,0.7,0.4,-7.89,-3.41,0.0,-4.18,18.0,3.49,18.0,0.6,0.7,0.4,-6.62,0.0,5.06,-1.49,18.0,5.47,18.0,0.6,0.7,0.4,1022.61,1025.4,1026.67,1025.23,18.0,2.51,18.0,0.6,0.7,0.4,2.4,7.0,8.0,5.7,18.0,2.8,18.0,0.6,0.7,0.4,-84.5,-16.5,0.0,-40.3,18.0,43.4,18.0,0.6,0.7,0.4,-68.2,0.0,28.8,-23.2,18.0,63.4,18.0,0.6,0.7,0.4,-0.5,1.85,2.42,1.34,18.0,1.29,18.0,0.6,0.7,0.4,-1.5,6.2,20.8,9.9,18.0,14.0,18.0,0.6,0.7,0.4,2.57,4.28,6.13,4.32,18.0,1.61,18.0,0.6,0.7,0.4,1.3,18.7,39.8,23.0,18.0,17.4,18.0,0.6,0.7,0.4,-130.3,-64.1,0.0,-72.8,18.0,59.7,18.0,0.6,0.7,0.4,-104.2,0.0,94.8,-22.5,18.0,94.3,18.0,0.6,0.7,0.4,-79.4,-32.1,0.0,-41.5,18.0,36.1,18.0,0.6,0.7,0.4,-64.7,0.0,42.9,-16.3,18.0,54.1,18.0,0.6,0.7,0.4,-27.9,-13.1,0.0,-15.2,18.0,12.4,18.0,0.6,0.7,0.4,-20.0,0.0,21.7,-2.4,18.0,21.5,18.0,0.6,0.7,0.4,0.5,185.5,1092.5,652.0,18.0,942.5,18.0,0.6,0.7,0.4,0.0,185.0,1095.0,650.0,18.0,945.0,18.0,0.6,0.7,0.4
1974,2,218.0,30.0,18.84,19.4,19.52,19.21,13.0,0.73,14.0,0.5,0.6,0.5,16.23,18.0,18.63,17.67,15.0,1.39,14.0,0.5,0.6,0.6,8.76,10.23,11.14,9.9,15.0,1.28,14.0,0.5,0.6,0.6,72.7,78.3,85.0,79.7,15.0,6.6,14.0,0.5,0.6,3.04,6.2,8.95,6.01,15.0,2.83,14.0,0.5,0.6,0.6,-7.87,-5.1,-0.5,-4.28,15.0,4.01,14.0,0.5,0.6,0.6,-3.24,0.0,2.63,0.26,15.0,3.29,14.0,0.5,0.6,0.6,1023.4,1027.0,1029.21,1026.69,15.0,3.11,14.0,0.5,0.6,0.6,2.0,6.0,7.0,4.8,14.0,2.7,14.0,0.6,0.5,0.5,-70.6,-33.3,-1.3,-32.9,15.0,34.8,14.0,0.5,0.6,0.6,-18.7,0.0,20.3,4.2,15.0,25.7,14.0,0.5,0.6,0.6,0.6,1.2,2.46,1.49,13.0,0.98,14.0,0.5,0.6,0.5,3.3,7.4,11.8,8.1,13.0,6.4,14.0,0.5,0.6,0.5,2.86,3.97,4.87,3.73,13.0,1.08,14.0,0.5,0.6,0.5,12.3,22.7,30.6,22.3,13.0,11.5,14.0,0.5,0.6,0.5,-135.9,-96.0,-8.9,-75.5,15.0,71.5,14.0,0.5,0.6,0.6,-63.6,0.0,48.2,6.1,15.0,59.1,14.0,0.5,0.6,0.6,-75.3,-48.4,-4.7,-42.3,15.0,39.8,14.0,0.5,0.6,0.6,-34.4,0.0,27.4,3.9,15.0,31.9,14.0,0.5,0.6,0.6,-26.0,-19.6,1.5,-13.7,13.0,16.1,14.0,0.5,0.6,0.5,-15.7,0.0,8.8,-1.6,13.0,14.4,14.0,0.5,0.6,0.5,35.5,238.5,727.0,342.0,15.0,333.0,14.0,0.5,0.6,0.6,35.0,240.0,725.0,340.0,15.0,335.0,14.0,0.5,0.6,0.6
1974,2,218.0,31.0,17.89,18.0,19.19,18.41,10.0,0.65,12.0,0.5,0.7,0.4,16.82,18.2,18.84,18.03,11.0,1.22,12.0,0.5,0.6,0.4,9.05,10.69,11.04,10.36,9.0,1.32,14.0,0.6,0.6,0.4,74.9,81.9,86.7,82.1,9.0,9.4,14.0,0.6,0.4,2.89,4.1,7.61,5.08,11.0,2.63,12.0,0.5,0.6,0.4,-7.1,-2.0,2.8,-2.03,11.0,4.26,12.0,0.5,0.6,0.4,-1.73,1.55,3.76,1.13,11.0,3.35,12.0,0.5,0.6,0.4,1023.89,1027.15,1032.17,1027.75,10.0,4.55,14.0,0.6,0.6,0.4,2.9,7.0,8.0,5.8,10.0,2.5,12.0,0.6,0.6,0.3,-54.0,-8.0,10.5,-18.3,11.0,32.1,12.0,0.5,0.6,0.4,-4.8,6.7,21.7,3.7,11.0,26.9,12.0,0.5,0.6,0.4,-0.31,0.55,1.57,0.46,10.0,1.42,12.0,0.5,0.7,0.4,-1.3,2.0,8.2,1.3,10.0,7.9,12.0,0.5,0.7,0.4,1.5,2.63,3.08,2.5,8.0,1.43,14.0,0.5,0.7,0.5,4.2,13.7,21.0,13.6,8.0,9.7,14.0,0.5,0.7,0.5,-129.3,-32.0,48.8,-37.0,11.0,77.9,12.0,0.5,0.6,0.4,-32.0,25.9,68.2,20.7,11.0,59.0,12.0,0.5,0.6,0.4,-63.0,0.0,29.0,-15.4,9.0,43.0,14.0,0.6,0.6,0.4,-19.0,15.0,40.2,9.5,9.0,37.0,14.0,0.6,0.6,0.4,-17.7,-5.2,4.0,-5.5,8.0,12.4,14.0,0.5,0.7,0.5,-0.2,4.6,10.3,3.4,8.0,10.1,14.0,0.5,0.7,0.5,24.5,69.0,447.0,237.0,11.0,332.0,12.0,0.5,0.6,0.4,25.0,70.0,445.0,235.0,11.0,330.0,12.0,0.5,0.6,0.4
1974,2,218.0,32.0,16.82,18.25,19.92,18.3,8.0,1.44,16.0,0.6,0.4,0.5,16.57,17.65,18.62,17.59,8.0,1.22,16.0,0.6,0.4,0.5,8.62,9.35,9.96,8.81,7.0,2.17,16.0,0.6,0.4,0.5,64.7,78.3,85.2,71.4,7.0,16.8,16.0,0.6,0.5,4.21,5.65,8.14,6.61,8.0,3.23,16.0,0.6,0.4,0.5,-6.02,-3.33,5.92,-0.41,8.0,6.44,16.0,0.6,0.4,0.5,-3.2,-1.02,2.46,-0.1,8.0,4.33,16.0,0.6,0.4,0.5,1024.51,1026.0,1028.19,1025.91,8.0,2.83,16.0,0.6,0.4,0.5,2.1,5.5,7.9,5.1,8.0,2.5,16.0,0.6,0.4,0.5,-48.0,-12.1,36.2,5.8,8.0,62.2,16.0,0.6,0.4,0.5,-16.3,-4.2,18.8,7.6,8.0,47.4,16.0,0.6,0.4,0.5,-1.51,1.25,2.2,0.71,8.0,1.81,16.0,0.6,0.4,0.5,-5.5,6.4,16.2,5.2,8.0,10.5,16.0,0.6,0.4,0.5,2.71,3.85,5.37,4.17,7.0,2.24,16.0,0.6,0.4,0.5,8.6,16.7,35.5,25.5,7.0,21.3,16.0,0.6,0.4,0.5,-95.6,-60.1,104.7,-6.5,8.0,112.7,16.0,0.6,0.4,0.5,-61.5,-17.9,42.2,-0.6,8.0,75.9,16.0,0.6,0.4,0.5,-38.8,-27.4,44.1,-12.9,7.0,46.6,16.0,0.6,0.4,0.5,-25.2,-21.4,11.4,-9.0,7.0,20.9,16.0,0.6,0.4,0.5,-32.8,-13.7,8.3,-15.0,7.0,23.0,16.0,0.6,0.4,0.5,-18.4,-7.9,1.9,-9.2,7.0,17.9,16.0,0.6,0.4,0.5,76.0,185.5,541.0,502.0,8.0,791.5,16.0,0.6,0.4,0.5,75.0,185.0,540.0,500.0,8.0,790.0,16.0,0.6,0.4,0.5
1974,2,218.0,33.0,16.97,17.3,18.05,17.49,13.0,1.1,16.0,0.5,0.6,0.5,14.04,15.0,17.13,15.72,14.0,1.73,16.0,0.4,0.6,0.5,7.74,8.77,10.67,9.15,12.0,1.5,16.0,0.4,0.7,0.5,76.4,83.3,87.4,82.2,12.0,7.3,16.0,0.4,0.5,5.1,7.7,12.78,7.96,14.0,3.67,16.0,0.4,0.6,0.5,-5.92,1.12,7.99,1.26,14.0,6.67,16.0,0.4,0.6,0.5,-5.08,0.71,6.35,-0.24,14.0,5.95,16.0,0.4,0.6,0.5,1018.72,1027.65,1028.96,1025.22,14.0,5.34,16.0,0.4,0.6,0.5,4.1,7.0,8.0,6.1,14.0,2.2,16.0,0.4,0.6,0.5,-36.6,2.6,65.1,11.4,14.0,74.2,16.0,0.4,0.6,0.5,-29.2,1.7,65.4,-2.7,14.0,63.7,16.0,0.4,0.6,0.5,0.13,2.1,3.34,1.72,13.0,1.88,16.0,0.5,0.6,0.5,1.8,13.0,21.4,11.3,13.0,16.8,16.0,0.5,0.6,0.5,1.8,3.7,4.24,3.11,12.0,1.53,16.0,0.4,0.7,0.5,10.5,21.4,28.2,21.5,12.0,13.8,16.0,0.4,0.7,0.5,-95.1,18.8,119.9,18.0,14.0,108.7,16.0,0.4,0.6,0.5,-71.4,10.7,99.1,2.5,14.0,92.6,16.0,0.4,0.6,0.5,-63.6,10.5,73.0,6.0,12.0,69.5,16.0,0.4,0.7,0.5,-42.8,14.2,70.2,10.1,12.0,53.3,16.0,0.4,0.7,0.5,-11.4,4.6,18.3,4.7,12.0,16.1,16.0,0.4,0.7,0.5,-15.6,2.9,11.5,-1.4,12.0,20.3,16.0,0.4,0.7,0.5,132.5,462.5,2095.0,801.0,14.0,824.0,16.0,0.4,0.6,0.5,135.0,460.0,2095.0,800.0,14.0,825.0,16.0,0.4,0.6,0.5
1974,2,218.0,34.0,15.51,15.8,16.7,15.84,14.0,0.88,20.0,0.4,0.6,0.5,13.16,15.0,16.5,14.64,17.0,2.14,18.0,0.5,0.6,0.5,6.87,8.15,9.66,8.11,14.0,1.53,18.0,0.5,0.6,0.4,71.4,77.9,87.7,77.2,14.0,10.3,18.0,0.5,0.4,4.05,7.2,10.8,7.15,17.0,3.14,18.0,0.5,0.6,0.5,-2.92,2.55,10.15,2.79,17.0,5.78,18.0,0.5,0.6,0.5,-4.05,1.34,5.07,0.55,17.0,4.71,18.0,0.5,0.6,0.5,1019.65,1023.3,1026.47,1022.92,17.0,6.39,18.0,0.5,0.6,0.5,5.0,6.0,8.0,6.2,16.0,1.6,18.0,0.4,0.6,0.5,-14.4,13.0,109.6,32.3,17.0,58.0,18.0,0.5,0.6,0.5,-21.2,3.8,39.9,4.6,17.0,39.3,18.0,0.5,0.6,0.5,-1.06,0.7,3.4,1.38,14.0,2.5,20.0,0.4,0.6,0.5,-4.0,4.4,13.9,9.5,14.0,21.3,20.0,0.4,0.6,0.5,1.33,2.93,4.25,2.98,13.0,1.77,20.0,0.5,0.6,0.4,8.9,16.6,27.2,20.0,13.0,15.7,20.0,0.5,0.6,0.4,-42.6,39.8,144.7,43.0,17.0,83.6,18.0,0.5,0.6,0.5,-53.8,21.4,74.7,12.9,17.0,70.6,18.0,0.5,0.6,0.5,-28.5,24.9,81.7,25.9,14.0,45.9,18.0,0.5,0.6,0.4,-29.4,5.4,41.5,4.6,14.0,42.6,18.0,0.5,0.6,0.4,-12.2,2.8,15.4,5.0,13.0,22.0,20.0,0.5,0.6,0.4,-16.7,0.0,8.7,-4.1,13.0,12.4,20.0,0.5,0.6,0.4,66.5,373.0,1259.5,567.5,17.0,579.5,18.0,0.5,0.6,0.5,65.0,375.0,1260.0,565.0,17.0,580.0,18.0,0.5,0.6,0.5
1974,2,218.0,35.0,14.36,15.5,16.07,15.48,13.0,1.09,18.0,0.5,0.4,0.5,12.34,13.95,15.99,14.33,14.0,2.15,18.0,0.6,0.5,0.5,6.62,7.38,9.67,7.87,14.0,1.6,18.0,0.6,0.5,0.5,68.3,76.1,89.9,78.0,14.0,10.2,18.0,0.6,0.5,5.76,7.95,11.71,8.56,14.0,2.59,18.0,0.6,0.5,0.5,-3.28,2.25,6.21,2.16,14.0,5.04,18.0,0.6,0.5,0.5,-6.22,3.66,9.55,2.02,14.0,7.14,18.0,0.6,0.5,0.5,1020.2,1025.4,1028.74,1024.95,14.0,4.36,18.0,0.6,0.5,0.5,5.0,7.5,8.0,6.4,14.0,2.3,18.0,0.6,0.5,0.5,-22.0,19.8,68.1,23.0,14.0,55.0,18.0,0.6,0.5,0.5,-58.3,23.4,97.4,19.0,14.0,71.0,18.0,0.6,0.5,0.5,-1.05,2.0,3.28,1.23,13.0,2.21,18.0,0.5,0.4,0.5,-8.4,13.4,24.4,9.2,13.0,18.2,18.0,0.5,0.4,0.5,0.68,3.28,4.27,2.9,13.0,1.66,18.0,0.5,0.4,0.5,5.6,25.9,39.4,24.7,13.0,15.6,18.0,0.5,0.4,0.5,-44.6,35.9,79.5,30.6,14.0,73.0,18.0,0.6,0.5,0.5,-98.4,46.0,142.3,30.5,14.0,107.2,18.0,0.6,0.5,0.5,-24.5,21.8,44.5,16.8,14.0,37.1,18.0,0.6,0.5,0.5,-43.1,24.7,77.6,15.9,14.0,61.6,18.0,0.6,0.5,0.5,-11.5,3.4,31.9,8.0,13.0,19.4,18.0,0.5,0.4,0.5,-19.9,5.7,20.0,3.3,13.0,21.1,18.0,0.5,0.4,0.5,192.5,504.0,1608.5,793.5,14.0,670.0,18.0,0.6,0.5,0.5,190.0,505.0,1610.0,795.0,14.0,670.0,18.0,0.6,0.5,0.5
1974,2,218.0,36.0,15.27,15.85,16.43,15.85,2.0,1.2,16.0,0.5,0.9,0.4,15.4,16.25,18.84,16.8,6.0,1.72,16.0,0.7,0.7,0.4,7.79,9.28,10.89,9.34,4.0,1.8,14.0,0.5,0.7,0.5,71.6,78.5,86.6,79.1,4.0,8.9,14.0,0.5,0.5,7.99,9.5,11.44,9.62,6.0,1.88,16.0,0.7,0.7,0.4,-7.78,-3.12,8.92,-0.87,6.0,8.53,16.0,0.7,0.7,0.4,-0.85,4.63,6.89,3.58,6.0,5.04,16.0,0.7,0.7,0.4,1016.34,1021.5,1025.34,1020.53,6.0,5.39,16.0,0.7,0.7,0.4,3.6,6.0,7.4,5.6,5.0,2.1,16.0,0.8,0.6,0.4,-72.0,-22.4,82.9,-6.9,6.0,87.9,16.0,0.7,0.7,0.4,-6.9,44.9,79.0,39.0,6.0,51.3,16.0,0.7,0.7,0.4,-0.42,-0.25,-0.08,-0.25,2.0,0.35,16.0,0.5,0.9,0.4,-3.0,-1.8,-0.6,-1.8,2.0,2.5,16.0,0.5,0.9,0.4,1.55,2.09,2.63,2.09,2.0,1.13,16.0,0.5,0.9,0.4,14.5,17.1,19.6,17.1,2.0,5.3,16.0,0.5,0.9,0.4,-147.4,-48.3,139.4,-23.8,6.0,143.4,16.0,0.7,0.7,0.4,-16.1,70.3,125.0,57.9,6.0,87.8,16.0,0.7,0.7,0.4,-83.5,-23.6,36.7,-23.4,4.0,78.6,14.0,0.5,0.7,0.5,13.0,47.3,88.8,50.7,4.0,47.3,14.0,0.5,0.7,0.5,-15.1,-9.0,-2.9,-9.0,2.0,12.7,16.0,0.5,0.9,0.4,10.9,11.9,12.9,11.9,2.0,2.1,16.0,0.5,0.9,0.4,514.5,875.5,1502.0,974.5,6.0,537.0,16.0,0.7,0.7,0.4,515.0,875.0,1500.0,975.0,6.0,535.0,16.0,0.7,0.7,0.4
1974,2,218.0,37.0,13.25,13.9,14.67,14.23,7.0,1.81,18.0,0.7,0.6,0.3,12.27,14.0,15.06,13.89,7.0,1.63,18.0,0.7,0.6,0.3,7.53,8.04,9.52,8.3,7.0,1.17,18.0,0.7,0.6,0.3,76.9,87.6,89.7,84.6,7.0,6.6,18.0,0.7,0.3,6.26,8.35,10.24,7.81,8.0,3.1,16.0,0.6,0.7,0.4,-0.38,6.41,8.35,5.08,8.0,4.4,16.0,0.6,0.7,0.4,-6.14,-1.32,5.13,-0.78,8.0,5.46,16.0,0.6,0.7,0.4,1011.01,1022.15,1024.44,1018.79,8.0,7.86,16.0,0.6,0.7,0.4,5.0,8.0,8.0,7.0,7.0,1.7,16.0,0.6,0.7,0.4,2.7,53.9,81.5,48.9,8.0,41.8,16.0,0.6,0.7,0.4,-47.4,-10.1,56.9,-3.2,8.0,52.0,16.0,0.6,0.7,0.4,-1.73,0.5,1.57,0.34,7.0,2.44,18.0,0.7,0.6,0.3,-11.9,3.1,11.1,3.4,7.0,21.4,18.0,0.7,0.6,0.3,0.34,1.69,2.94,1.74,7.0,1.64,18.0,0.7,0.6,0.3,2.2,8.2,20.2,12.1,7.0,15.0,18.0,0.7,0.6,0.3,-17.8,75.2,109.1,65.4,7.0,65.1,18.0,0.7,0.6,0.3,-78.0,0.0,86.8,3.3,7.0,80.7,18.0,0.7,0.6,0.3,-9.1,46.9,68.3,41.5,7.0,39.8,18.0,0.7,0.6,0.3,-43.0,0.0,54.9,3.0,7.0,49.4,18.0,0.7,0.6,0.3,-2.8,3.7,13.0,5.7,7.0,11.4,18.0,0.7,0.6,0.3,-18.7,-3.1,1.7,-7.7,7.0,12.7,18.0,0.7,0.6,0.3,245.5,593.0,1076.0,650.5,8.0,487.5,16.0,0.6,0.7,0.4,245.0,595.0,1075.0,650.0,8.0,485.0,16.0,0.6,0.7,0.4
1974,2,218.0,38.0,12.0,13.25,14.81,13.5,6.0,1.61,12.0,0.7,0.4,0.6,12.59,13.35,14.0,13.12,6.0,1.13,14.0,0.5,0.5,0.6,7.75,8.16,9.05,8.4,5.0,0.81,12.0,0.6,0.5,0.6,84.1,84.2,92.2,88.0,5.0,6.9,12.0,0.6,0.6,5.05,6.7,15.5,9.17,7.0,5.39,14.0,0.6,0.4,0.6,0.0,3.85,10.39,4.92,7.0,5.93,14.0,0.6,0.4,0.6,-0.04,1.79,7.22,4.52,7.0,6.33,14.0,0.6,0.4,0.6,1016.9,1019.6,1028.1,1020.69,7.0,6.52,14.0,0.6,0.4,0.6,2.1,6.5,8.0,5.4,8.0,2.9,16.0,0.6,0.5,0.5,0.0,15.8,110.8,54.7,7.0,88.6,14.0,0.6,0.4,0.6,-0.2,18.4,57.4,56.7,7.0,111.3,14.0,0.6,0.4,0.6,-1.05,0.8,1.37,0.26,5.0,1.55,12.0,0.6,0.5,0.6,-5.9,4.1,18.0,6.8,5.0,17.3,12.0,0.6,0.5,0.6,0.47,1.15,2.28,1.35,5.0,0.97,12.0,0.6,0.5,0.6,4.1,7.7,22.1,13.8,5.0,17.9,12.0,0.6,0.5,0.6,0.0,25.0,145.3,59.7,6.0,76.3,14.0,0.5,0.5,0.6,14.5,48.0,119.7,74.4,6.0,89.9,14.0,0.5,0.5,0.6,0.0,0.0,54.8,25.6,5.0,42.5,12.0,0.6,0.5,0.6,14.9,41.6,88.4,54.7,5.0,57.1,12.0,0.6,0.5,0.6,0.0,0.0,6.3,2.7,5.0,3.8,12.0,0.6,0.5,0.6,1.6,2.9,21.5,11.8,5.0,19.0,12.0,0.6,0.5,0.6,129.5,301.0,3734.0,1534.0,7.0,2118.0,14.0,0.6,0.4,0.6,130.0,300.0,3735.0,1535.0,7.0,2120.0,14.0,0.6,0.4,0.6
1974,2,218.0,39.0,11.06,12.0,13.17,12.01,11.0,1.09,18.0,0.3,0.6,0.3,8.49,10.25,11.13,9.9,12.0,1.69,16.0,0.3,0.7,0.4,5.38,6.6,6.88,6.36,10.0,0.95,18.0,0.2,0.7,0.3,71.9,84.8,89.0,81.7,10.0,10.2,18.0,0.2,0.3,4.41,7.7,14.4,9.02,13.0,5.2,16.0,0.3,0.7,0.4,-0.38,4.42,13.23,4.78,13.0,7.43,16.0,0.3,0.7,0.4,-7.27,-2.3,0.24,-2.35,13.0,5.41,16.0,0.3,0.7,0.4,1011.06,1020.8,1027.64,1019.01,13.0,9.45,16.0,0.3,0.7,0.4,6.4,8.0,8.0,7.4,10.0,1.1,16.0,0.3,0.7,0.3,-1.8,22.5,178.6,52.1,13.0,107.9,16.0,0.3,0.7,0.4,-59.6,-20.3,1.2,-30.6,13.0,75.7,16.0,0.3,0.7,0.4,0.5,1.35,2.46,1.39,10.0,1.62,18.0,0.2,0.7,0.3,1.0,13.5,32.9,17.8,10.0,26.5,18.0,0.2,0.7,0.3,1.34,2.11,3.25,2.18,10.0,1.15,18.0,0.2,0.7,0.3,3.5,21.6,41.4,23.2,10.0,18.2,18.0,0.2,0.7,0.3,-10.6,39.2,127.3,46.5,12.0,75.6,16.0,0.3,0.7,0.4,-78.4,-22.9,0.0,-25.6,12.0,59.3,16.0,0.3,0.7,0.4,-15.5,35.6,80.0,28.4,10.0,54.5,18.0,0.2,0.7,0.3,-43.6,-15.7,-4.4,-18.8,10.0,41.5,18.0,0.2,0.7,0.3,-2.7,6.9,26.2,9.5,10.0,21.9,18.0,0.2,0.7,0.3,-24.4,-4.5,-1.2,-11.9,10.0,13.8,18.0,0.2,0.7,0.3,89.5,456.5,2986.0,1398.0,13.0,1628.0,16.0,0.3,0.7,0.4,90.0,455.0,2985.0,1400.0,13.0,1630.0,16.0,0.3,0.7,0.4
1974,2,218.0,40.0,9.43,9.5,11.21,10.3,3.0,1.47,18.0,0.3,0.5,0.6,8.69,10.3,11.33,10.03,4.0,1.88,18.0,0.3,0.5,0.5,5.36,5.69,7.75,6.53,3.0,1.9,18.0,0.3,0.5,0.6,75.4,80.1,93.7,84.4,3.0,13.9,18.0,0.3,0.6,6.34,9.5,13.45,9.88,4.0,4.48,18.0,0.3,0.5,0.5,-4.99,1.16,7.49,1.25,4.0,7.2,18.0,0.3,0.5,0.5,-7.41,2.51,7.34,0.08,4.0,9.8,18.0,0.3,0.5,0.5,1005.81,1020.45,1030.06,1018.05,4.0,14.43,18.0,0.3,0.5,0.5,2.5,5.5,8.0,5.3,4.0,3.2,18.0,0.3,0.5,0.5,-32.2,28.2,101.2,34.2,4.0,77.9,18.0,0.3,0.5,0.5,-109.8,20.5,72.9,-16.7,4.0,132.6,18.0,0.3,0.5,0.5,-0.82,0.0,1.37,0.27,3.0,1.62,18.0,0.3,0.5,0.6,-4.2,0.0,21.0,8.2,3.0,19.8,18.0,0.3,0.5,0.6,0.47,1.49,2.0,1.24,3.0,1.14,18.0,0.3,0.5,0.6,2.4,7.6,26.0,14.0,3.0,18.1,18.0,0.3,0.5,0.6,-51.5,4.1,73.2,10.5,4.0,72.5,18.0,0.3,0.5,0.5,-56.9,24.8,82.5,13.4,4.0,88.8,18.0,0.3,0.5,0.5,-6.8,40.0,55.9,24.9,3.0,47.7,18.0,0.3,0.5,0.6,-48.9,-5.0,49.9,0.3,3.0,72.5,18.0,0.3,0.5,0.6,-5.1,0.0,11.8,3.3,3.0,12.7,18.0,0.3,0.5,0.6,-20.8,-1.3,-0.4,-10.4,3.0,16.9,18.0,0.3,0.5,0.6,287.0,949.5,2600.5,1421.0,4.0,1588.5,18.0,0.3,0.5,0.5,285.0,950.0,2600.0,1420.0,4.0,1590.0,18.0,0.3,0.5,0.5
1974,2,218.0,41.0,9.25,10.0,11.73,10.48,5.0,1.6,14.0,0.2,0.8,0.3,9.09,11.45,12.04,10.68,6.0,1.85,14.0,0.2,0.8,0.4,5.74,6.77,7.32,6.56,5.0,0.96,14.0,0.2,0.8,0.3,79.4,81.9,85.0,82.4,5.0,4.5,14.0,0.2,0.3,9.76,11.3,15.4,11.9,6.0,3.03,14.0,0.2,0.8,0.4,2.03,9.69,15.4,8.34,6.0,7.49,14.0,0.2,0.8,0.4,-0.28,0.0,9.78,3.08,6.0,5.32,14.0,0.2,0.8,0.4,1008.52,1017.75,1025.12,1016.02,6.0,10.14,14.0,0.2,0.8,0.4,0.8,4.5,7.2,4.2,6.0,3.3,14.0,0.2,0.8,0.4,20.6,98.8,237.2,111.4,6.0,112.9,14.0,0.2,0.8,0.4,-2.1,0.0,101.7,33.2,6.0,55.6,14.0,0.2,0.8,0.4,-1.59,0.5,1.18,-0.14,5.0,1.74,14.0,0.2,0.8,0.3,-16.7,7.7,13.3,0.0,5.0,19.9,14.0,0.2,0.8,0.3,0.27,1.58,2.18,1.31,5.0,1.04,14.0,0.2,0.8,0.3,2.9,19.3,26.6,15.9,5.0,12.9,14.0,0.2,0.8,0.3,25.0,103.2,133.2,80.3,6.0,70.7,14.0,0.2,0.8,0.4,-3.3,0.0,118.6,37.1,6.0,64.1,14.0,0.2,0.8,0.4,5.6,51.3,84.9,44.3,5.0,48.4,14.0,0.2,0.8,0.3,-3.3,0.0,72.2,27.5,5.0,42.1,14.0,0.2,0.8,0.3,-0.3,19.0,26.6,14.6,5.0,14.4,14.0,0.2,0.8,0.3,-1.2,0.0,2.0,0.3,5.0,2.5,14.0,0.2,0.8,0.3,961.5,1451.5,3652.5,1959.5,6.0,1366.0,14.0,0.2,0.8,0.4,960.0,1450.0,3650.0,1960.0,6.0,1365.0,14.0,0.2,0.8,0.4
1974,2,218.0,42.0,9.08,9.25,9.42,9.25,2.0,0.35,18.0,1.0,0.6,0.8,10.08,10.25,10.42,10.25,2.0,0.35,18.0,1.0,0.6,0.8,6.27,6.81,7.36,6.81,2.0,1.13,18.0,1.0,0.6,0.8,82.6,88.3,94.1,88.3,2.0,11.9,18.0,1.0,0.8,9.33,12.85,16.37,12.85,2.0,7.28,18.0,1.0,0.6,0.8,5.14,5.55,5.96,5.55,2.0,0.85,18.0,1.0,0.6,0.8,7.65,11.41,15.17,11.41,2.0,7.79,18.0,1.0,0.6,0.8,1014.09,1017.5,1020.91,1017.5,2.0,7.07,18.0,1.0,0.6,0.8,7.2,7.5,7.8,7.5,2.0,0.7,18.0,1.0,0.6,0.8,49.6,74.5,99.3,74.5,2.0,51.4,18.0,1.0,0.6,0.8,86.5,174.9,263.4,174.9,2.0,183.2,18.0,1.0,0.6,0.8,-1.34,-1.0,-0.66,-1.0,2.0,0.71,18.0,1.0,0.6,0.8,-23.3,-15.4,-7.5,-15.4,2.0,16.4,18.0,1.0,0.6,0.8,-0.22,0.39,0.99,0.39,2.0,1.25,18.0,1.0,0.6,0.8,-6.0,0.4,6.8,0.4,2.0,13.2,18.0,1.0,0.6,0.8,51.9,57.1,62.2,57.1,2.0,10.7,18.0,1.0,0.6,0.8,77.8,118.3,158.8,118.3,2.0,83.9,18.0,1.0,0.6,0.8,32.5,38.3,44.1,38.3,2.0,12.1,18.0,1.0,0.6,0.8,50.3,82.1,113.9,82.1,2.0,65.9,18.0,1.0,0.6,0.8,-1.6,1.6,4.8,1.6,2.0,6.6,18.0,1.0,0.6,0.8,-5.9,-0.5,5.0,-0.5,2.0,11.2,18.0,1.0,0.6,0.8,1309.5,3144.5,4979.0,3144.5,2.0,3801.0,18.0,1.0,0.6,0.8,1310.0,3145.0,4980.0,3145.0,2.0,3800.0,18.0,1.0,0.6,0.8
1974,2,218.0,43.0,10.16,10.5,10.84,10.5,2.0,0.71,12.0,1.0,0.9,0.3,7.63,9.0,10.37,9.0,2.0,2.83,12.0,1.0,0.9,0.3,4.62,4.92,5.21,4.92,2.0,0.61,12.0,1.0,0.9,0.3,67.5,69.8,72.0,69.8,2.0,4.6,12.0,1.0,0.3,7.93,9.5,11.07,9.5,2.0,3.25,12.0,1.0,0.9,0.3,6.26,7.87,9.47,7.87,2.0,3.33,12.0,1.0,0.9,0.3,-5.7,-5.26,-4.83,-5.26,2.0,0.9,12.0,1.0,0.9,0.3,1021.5,1021.7,1021.9,1021.7,2.0,0.42,12.0,1.0,0.9,0.3,2.8,4.5,6.2,4.5,2.0,3.5,12.0,1.0,0.9,0.3,52.5,80.1,107.8,80.1,2.0,57.2,12.0,1.0,0.9,0.3,-63.9,-51.5,-39.1,-51.5,2.0,25.7,12.0,1.0,0.9,0.3,0.48,1.5,2.52,1.5,2.0,2.12,12.0,1.0,0.9,0.3,5.6,17.7,29.8,17.7,2.0,25.0,12.0,1.0,0.9,0.3,2.76,2.88,3.0,2.88,2.0,0.24,12.0,1.0,0.9,0.3,22.1,27.8,33.4,27.8,2.0,11.7,12.0,1.0,0.9,0.3,62.4,66.1,69.8,66.1,2.0,7.7,12.0,1.0,0.9,0.3,-49.4,-46.1,-42.8,-46.1,2.0,6.8,12.0,1.0,0.9,0.3,32.1,37.7,43.3,37.7,2.0,11.6,12.0,1.0,0.9,0.3,-26.2,-25.6,-25.0,-25.6,2.0,1.2,12.0,1.0,0.9,0.3,17.5,23.1,28.6,23.1,2.0,11.5,12.0,1.0,0.9,0.3,-17.2,-15.3,-13.4,-15.3,2.0,3.9,12.0,1.0,0.9,0.3,575.0,1008.0,1441.5,1008.0,2.0,898.0,12.0,1.0,0.9,0.3,575.0,1010.0,1440.0,1010.0,2.0,900.0,12.0,1.0,0.9,0.3
1974,2,218.0,44.0,5.95,7.75,9.29,7.63,4.0,2.14,16.0,0.8,0.5,0.5,6.09,9.0,11.05,8.6,5.0,2.95,18.0,0.6,0.5,0.6,3.95,6.08,7.83,5.9,4.0,2.31,16.0,0.8,0.5,0.5,69.1,84.6,93.9,81.6,4.0,15.0,16.0,0.8,0.5,8.9,10.8,13.38,11.32,5.0,3.4,18.0,0.6,0.5,0.6,8.36,10.15,11.5,10.05,5.0,2.02,18.0,0.6,0.5,0.6,-3.43,2.8,6.34,2.08,5.0,6.01,18.0,0.6,0.5,0.6,1004.55,1007.5,1014.3,1009.46,5.0,8.21,18.0,0.6,0.5,0.6,6.5,8.0,8.0,7.2,5.0,1.8,18.0,0.6,0.5,0.6,74.7,109.6,157.0,119.1,5.0,61.5,18.0,0.6,0.5,0.6,-34.7,23.0,93.2,35.1,5.0,91.2,18.0,0.6,0.5,0.6,-5.33,-0.25,3.52,-0.87,4.0,5.27,16.0,0.8,0.5,0.5,-67.9,-15.8,37.0,-15.5,4.0,60.9,16.0,0.8,0.5,0.5,-2.02,0.86,3.25,0.63,4.0,3.09,16.0,0.8,0.5,0.5,-25.3,3.3,34.0,4.3,4.0,34.5,16.0,0.8,0.5,0.5,56.3,69.3,127.2,87.4,5.0,39.4,18.0,0.6,0.5,0.6,-19.2,25.2,70.0,28.9,5.0,55.6,18.0,0.6,0.5,0.6,37.7,62.0,90.3,63.9,4.0,30.8,16.0,0.8,0.5,0.5,-13.8,8.8,57.0,21.0,4.0,45.3,16.0,0.8,0.5,0.5,-22.1,4.9,31.9,4.9,4.0,31.6,16.0,0.8,0.5,0.5,-13.5,-11.7,-9.7,-11.6,4.0,2.2,16.0,0.8,0.5,0.5,712.0,1259.5,2710.0,1794.5,5.0,1779.0,18.0,0.6,0.5,0.6,710.0,1260.0,2710.0,1795.0,5.0,1780.0,18.0,0.6,0.5,0.6
1974,2,218.0,45.0,8.0,8.0,8.0,8.0,3.0,0.0,20.0,0.3,0.4,0.5,5.95,7.25,8.81,7.38,4.0,2.06,16.0,0.5,0.4,0.5,4.21,5.11,5.5,4.86,3.0,0.97,20.0,0.3,0.4,0.5,73.4,78.5,88.2,80.8,3.0,11.0,20.0,0.3,0.5,10.49,12.85,14.69,12.6,4.0,2.65,16.0,0.5,0.4,0.5,7.01,8.99,9.1,8.1,4.0,1.89,16.0,0.5,0.4,0.5,-6.81,4.6,9.19,1.34,4.0,11.19,16.0,0.5,0.4,0.5,1001.98,1016.25,1024.76,1013.5,4.0,13.81,16.0,0.5,0.4,0.5,5.9,8.0,8.0,7.0,4.0,2.0,16.0,0.5,0.4,0.5,83.0,95.9,115.8,99.3,4.0,20.0,16.0,0.5,0.4,0.5,-109.6,52.3,120.2,7.4,4.0,162.9,16.0,0.5,0.4,0.5,0.66,1.0,2.37,1.5,3.0,1.32,20.0,0.3,0.4,0.5,9.0,11.8,22.8,15.8,3.0,10.7,20.0,0.3,0.4,0.5,1.12,1.64,2.41,1.76,3.0,0.95,20.0,0.3,0.4,0.5,15.1,25.2,25.6,20.5,3.0,8.7,20.0,0.3,0.4,0.5,42.5,54.5,76.9,59.5,4.0,22.3,16.0,0.5,0.4,0.5,-53.0,30.6,81.1,14.8,4.0,91.5,16.0,0.5,0.4,0.5,29.4,34.7,46.1,37.7,3.0,12.5,20.0,0.3,0.4,0.5,-48.6,6.1,31.4,-8.3,3.0,59.9,20.0,0.3,0.4,0.5,8.2,8.6,20.1,14.0,3.0,9.9,20.0,0.3,0.4,0.5,-14.7,4.5,6.0,-4.2,3.0,16.9,20.0,0.3,0.4,0.5,1203.5,2164.5,3192.0,2196.5,4.0,1238.5,16.0,0.5,0.4,0.5,1205.0,2165.0,3190.0,2195.0,4.0,1240.0,16.0,0.5,0.4,0.5
1974,2,218.0,46.0,7.0,8.0,8.09,7.58,8.0,0.83,14.0,0.4,0.4,0.3,4.0,8.0,9.0,7.05,11.0,2.33,14.0,0.4,0.5,0.3,4.35,5.91,6.6,5.5,8.0,1.12,14.0,0.4,0.4,0.3,79.5,90.0,94.1,88.6,8.0,8.0,14.0,0.4,0.3,5.55,10.8,13.28,10.18,12.0,3.75,12.0,0.3,0.5,0.3,-0.98,0.0,7.83,2.29,12.0,5.49,12.0,0.3,0.5,0.3,-1.3,6.53,12.58,5.84,12.0,7.36,12.0,0.3,0.5,0.3,1002.99,1013.75,1026.63,1013.59,12.0,11.73,12.0,0.3,0.5,0.3,6.2,8.0,8.0,7.1,12.0,2.0,12.0,0.3,0.5,0.3,-5.7,0.0,81.8,28.0,12.0,70.2,12.0,0.3,0.5,0.3,-6.6,53.3,169.8,73.9,12.0,93.1,12.0,0.3,0.5,0.3,-0.8,0.25,3.22,0.76,8.0,2.06,14.0,0.4,0.4,0.3,-10.3,1.4,17.5,3.7,8.0,20.3,14.0,0.4,0.4,0.3,0.05,0.78,2.27,0.95,8.0,1.06,14.0,0.4,0.4,0.3,0.5,5.3,14.8,7.2,8.0,9.3,14.0,0.4,0.4,0.3,-9.3,0.0,38.0,13.5,11.0,36.5,14.0,0.4,0.5,0.3,14.0,69.3,99.2,58.8,11.0,46.6,14.0,0.4,0.5,0.3,-4.5,0.0,18.9,2.3,8.0,22.5,14.0,0.4,0.4,0.3,26.2,43.8,84.8,48.3,8.0,39.1,14.0,0.4,0.4,0.3,-1.2,0.0,4.6,2.1,8.0,6.5,14.0,0.4,0.4,0.3,-6.5,4.1,13.2,2.8,8.0,9.5,14.0,0.4,0.4,0.3,172.0,1332.5,2360.0,1441.5,12.0,1206.0,12.0,0.3,0.5,0.3,170.0,1335.0,2360.0,1440.0,12.0,1205.0,12.0,0.3,0.5,0.3
1974,2,218.0,47.0,5.79,6.85,7.6,6.7,6.0,1.08,12.0,0.7,0.8,0.2,4.65,6.0,8.31,6.3,6.0,2.28,12.0,0.7,0.8,0.2,3.96,5.58,6.04,5.14,5.0,1.12,14.0,0.6,0.9,0.2,74.3,83.1,93.6,83.5,5.0,10.2,14.0,0.6,0.2,5.75,9.5,11.35,8.92,6.0,4.41,12.0,0.7,0.8,0.2,5.65,8.81,11.04,8.42,6.0,4.23,12.0,0.7,0.8,0.2,-2.48,-0.67,1.09,-0.5,6.0,3.4,12.0,0.7,0.8,0.2,995.79,1000.65,1008.84,1002.3,6.0,7.32,12.0,0.7,0.8,0.2,4.6,6.5,8.0,6.2,6.0,2.1,12.0,0.7,0.8,0.2,36.3,83.8,128.9,90.5,6.0,74.3,12.0,0.7,0.8,0.2,-25.6,-1.4,16.8,1.1,6.0,44.1,12.0,0.7,0.8,0.2,-1.1,-0.25,2.29,0.4,6.0,1.9,12.0,0.7,0.8,0.2,-7.9,-1.6,23.6,6.0,6.0,17.8,12.0,0.7,0.8,0.2,0.11,1.05,2.22,1.15,5.0,1.09,14.0,0.6,0.9,0.2,1.4,2.7,22.9,10.3,5.0,11.9,14.0,0.6,0.9,0.2,29.7,39.1,72.2,50.6,6.0,35.3,12.0,0.7,0.8,0.2,-15.5,-3.0,8.7,-0.4,6.0,23.0,12.0,0.7,0.8,0.2,25.4,40.5,66.0,45.5,5.0,30.2,14.0,0.6,0.9,0.2,-12.1,-7.1,12.2,-0.3,5.0,20.2,14.0,0.6,0.9,0.2,1.1,2.6,21.4,9.4,5.0,11.0,14.0,0.6,0.9,0.2,-6.9,-1.4,0.3,-3.3,5.0,5.4,14.0,0.6,0.9,0.2,240.5,875.5,1621.5,1134.5,6.0,1306.0,12.0,0.7,0.8,0.2,240.0,875.0,1620.0,1135.0,6.0,1305.0,12.0,0.7,0.8,0.2
1974,2,218.0,48.0,4.21,5.8,8.0,6.01,10.0,1.78,18.0,0.7,0.5,0.6,4.75,6.25,7.63,6.11,12.0,1.48,18.0,0.7,0.5,0.6,4.46,5.39,5.78,5.14,10.0,0.86,18.0,0.7,0.5,0.6,80.0,86.5,92.7,85.3,10.0,9.2,18.0,0.7,0.6,6.2,11.1,14.65,10.64,12.0,4.86,18.0,0.7,0.5,0.6,1.58,3.96,12.24,5.77,12.0,5.09,18.0,0.7,0.5,0.6,0.34,4.5,13.39,5.74,12.0,6.99,18.0,0.7,0.5,0.6,996.75,1000.5,1011.61,1004.2,12.0,10.79,18.0,0.7,0.5,0.6,3.9,7.0,8.0,6.2,10.0,2.2,18.0,0.7,0.6,0.5,5.0,31.1,159.5,70.3,12.0,75.5,18.0,0.7,0.5,0.6,0.9,46.5,182.5,81.1,12.0,115.7,18.0,0.7,0.5,0.6,-1.29,-0.5,1.0,-0.32,10.0,1.58,18.0,0.7,0.5,0.6,-10.2,-3.1,13.8,-5.4,10.0,24.2,18.0,0.7,0.5,0.6,-0.23,0.76,1.51,0.73,10.0,1.01,18.0,0.7,0.5,0.6,0.5,6.3,17.0,6.8,10.0,11.8,18.0,0.7,0.5,0.6,6.1,25.3,66.0,35.7,12.0,35.6,18.0,0.7,0.5,0.6,2.0,25.9,89.8,39.8,12.0,46.3,18.0,0.7,0.5,0.6,8.6,21.4,63.5,31.6,10.0,28.0,18.0,0.7,0.5,0.6,1.1,22.7,57.5,29.1,10.0,37.8,18.0,0.7,0.5,0.6,-0.8,2.9,7.3,4.3,10.0,8.3,18.0,0.7,0.5,0.6,-9.8,1.6,6.2,0.0,10.0,10.1,18.0,0.7,0.5,0.6,238.5,1475.5,3155.5,1906.5,12.0,2126.0,18.0,0.7,0.5,0.6,240.0,1475.0,3155.0,1905.0,12.0,2125.0,18.0,0.7,0.5,0.6
1974,2,218.0,49.0,4.95,5.6,6.1,5.71,7.0,1.21,14.0,0.6,0.8,0.5,4.05,5.8,7.02,5.29,7.0,2.13,14.0,0.6,0.8,0.5,4.1,5.29,5.67,4.99,6.0,1.0,12.0,0.5,0.8,0.4,79.8,88.9,95.7,88.1,6.0,9.0,12.0,0.5,0.4,8.53,12.9,13.97,11.31,7.0,3.61,14.0,0.6,0.8,0.5,-0.08,7.51,12.92,6.71,7.0,6.06,14.0,0.6,0.8,0.5,-7.54,4.79,9.15,2.6,7.0,8.07,14.0,0.6,0.8,0.5,993.88,999.7,1021.89,1008.07,7.0,15.12,14.0,0.6,0.8,0.5,4.3,6.0,8.0,6.0,5.0,2.1,18.0,0.6,0.7,0.4,-0.4,73.6,168.3,88.9,7.0,85.0,14.0,0.6,0.8,0.5,-68.1,24.4,126.8,29.4,7.0,103.6,14.0,0.6,0.8,0.5,-1.02,-0.2,1.17,0.43,7.0,1.98,14.0,0.6,0.8,0.5,-5.9,-1.7,16.1,8.3,7.0,28.8,14.0,0.6,0.8,0.5,0.23,0.56,1.29,0.82,6.0,0.81,12.0,0.5,0.8,0.4,2.6,5.5,14.5,10.2,6.0,13.0,12.0,0.5,0.8,0.4,-0.5,18.3,70.1,30.8,7.0,34.5,14.0,0.6,0.8,0.5,-9.6,28.8,68.3,26.6,7.0,43.9,14.0,0.6,0.8,0.5,-1.5,43.1,60.4,33.9,6.0,30.6,12.0,0.5,0.8,0.4,-5.4,27.5,56.3,26.9,6.0,38.0,12.0,0.5,0.8,0.4,-0.4,1.9,13.5,7.1,6.0,12.5,12.0,0.5,0.8,0.4,-3.8,1.6,5.1,-0.7,6.0,8.8,12.0,0.5,0.8,0.4,633.5,2146.5,2732.0,1803.5,7.0,1260.0,14.0,0.6,0.8,0.5,635.0,2145.0,2730.0,1805.0,7.0,1260.0,14.0,0.6,0.8,0.5
1974,2,218.0,50.0,5.5,6.0,7.29,6.11,10.0,0.96,14.0,0.5,0.6,0.4,3.71,6.25,7.0,5.4,10.0,2.15,14.0,0.5,0.6,0.4,3.74,4.44,5.68,4.67,9.0,1.02,14.0,0.4,0.5,0.3,73.6,84.9,96.5,83.4,9.0,11.2,14.0,0.4,0.3,8.46,12.3,15.4,11.85,11.0,3.96,14.0,0.5,0.6,0.4,-5.99,2.67,10.14,2.42,11.0,8.36,14.0,0.5,0.6,0.4,2.74,6.89,13.23,7.1,11.0,6.2,14.0,0.5,0.6,0.4,989.6,1002.0,1020.17,1004.09,10.0,13.76,14.0,0.5,0.5,0.3,2.1,5.5,7.0,4.9,8.0,2.6,16.0,0.5,0.5,0.3,-88.3,10.3,119.0,29.7,11.0,124.3,14.0,0.5,0.6,0.4,34.7,63.8,192.9,89.9,11.0,92.1,14.0,0.5,0.6,0.4,-1.11,0.25,2.93,0.71,10.0,1.98,14.0,0.5,0.6,0.4,-14.3,3.9,15.9,6.4,10.0,26.1,14.0,0.5,0.6,0.4,0.26,1.28,2.25,1.25,9.0,0.88,14.0,0.4,0.5,0.3,3.2,9.8,22.1,13.6,9.0,12.6,14.0,0.4,0.5,0.3,-19.2,9.2,37.7,11.3,10.0,32.7,14.0,0.5,0.6,0.4,14.3,46.0,86.5,52.1,10.0,36.8,14.0,0.5,0.6,0.4,2.1,14.8,44.0,16.6,9.0,28.8,14.0,0.4,0.5,0.3,12.5,30.4,71.8,40.2,9.0,27.8,14.0,0.4,0.5,0.3,0.1,6.4,19.1,10.0,9.0,13.8,14.0,0.4,0.5,0.3,3.0,7.2,9.6,6.8,9.0,3.3,14.0,0.4,0.5,0.3,616.5,1861.0,3652.5,2139.5,11.0,1598.5,14.0,0.5,0.6,0.4,615.0,1860.0,3650.0,2140.0,11.0,1600.0,14.0,0.5,0.6,0.4
1974,2,218.0,51.0,4.0,5.0,7.0,5.36,7.0,1.31,14.0,0.4,0.5,0.4,2.33,6.0,6.94,5.38,8.0,2.97,12.0,0.5,0.5,0.4,3.87,5.4,6.18,5.09,6.0,1.36,10.0,0.5,0.5,0.5,72.7,90.3,94.2,85.9,6.0,12.3,10.0,0.5,0.5,6.76,8.2,15.12,10.6,8.0,6.1,12.0,0.5,0.5,0.4,2.41,6.56,14.22,6.93,8.0,6.53,12.0,0.5,0.5,0.4,1.39,4.72,6.71,3.72,8.0,7.22,12.0,0.5,0.5,0.4,996.7,1000.15,1023.67,1006.95,8.0,15.64,12.0,0.5,0.5,0.4,6.0,8.0,8.0,7.3,7.0,1.0,14.0,0.6,0.5,0.4,12.5,54.7,216.9,103.4,8.0,139.2,12.0,0.5,0.5,0.4,7.2,41.7,48.7,49.9,8.0,129.7,12.0,0.5,0.5,0.4,-0.12,0.5,2.1,0.64,7.0,1.99,14.0,0.4,0.5,0.4,-0.9,3.4,27.5,11.8,7.0,25.8,14.0,0.4,0.5,0.4,0.36,0.6,1.48,0.92,5.0,0.85,10.0,0.4,0.5,0.5,3.7,4.8,18.0,11.2,5.0,14.1,10.0,0.4,0.5,0.5,8.1,14.9,64.1,31.9,8.0,41.1,12.0,0.5,0.5,0.4,1.9,29.8,55.0,30.3,8.0,36.4,12.0,0.5,0.5,0.4,6.4,35.8,57.1,36.5,6.0,40.2,10.0,0.5,0.5,0.5,14.2,34.5,48.8,36.6,6.0,28.1,10.0,0.5,0.5,0.5,0.5,3.7,17.2,9.2,5.0,15.1,10.0,0.4,0.5,0.5,3.1,3.8,4.7,4.0,5.0,1.3,10.0,0.4,0.5,0.5,309.0,557.5,3485.5,2397.0,8.0,3893.0,12.0,0.5,0.5,0.4,310.0,560.0,3485.0,2395.0,8.0,3895.0,12.0,0.5,0.5,0.4
1974,2,218.0,52.0,5.0,5.65,6.5,5.58,20.0,1.02,12.0,0.6,0.6,0.6,1.03,4.0,6.5,3.79,21.0,2.38,12.0,0.7,0.6,0.6,3.03,4.04,5.16,3.99,19.0,0.98,12.0,0.6,0.6,0.5,72.1,81.2,87.6,78.8,19.0,10.7,12.0,0.6,0.5,7.79,11.8,17.33,12.42,21.0,4.72,12.0,0.7,0.6,0.6,2.13,8.08,15.87,7.54,21.0,7.14,12.0,0.7,0.6,0.6,-1.27,5.8,12.34,5.14,21.0,6.76,12.0,0.7,0.6,0.6,983.7,1004.0,1017.98,1002.64,21.0,14.98,12.0,0.7,0.6,0.6,4.0,7.0,8.0,6.4,19.0,1.8,14.0,0.7,0.6,0.6,11.2,66.2,278.3,108.3,21.0,135.4,12.0,0.7,0.6,0.6,-9.9,41.2,170.7,74.4,21.0,108.6,12.0,0.7,0.6,0.6,-1.98,1.75,4.5,1.91,20.0,2.86,12.0,0.6,0.6,0.6,-22.3,22.6,83.0,29.5,20.0,41.0,12.0,0.6,0.6,0.6,0.07,2.04,2.6,1.71,19.0,1.2,12.0,0.6,0.6,0.5,0.8,25.9,38.3,24.3,19.0,19.1,12.0,0.6,0.6,0.5,6.1,18.3,48.3,22.9,21.0,22.0,12.0,0.7,0.6,0.6,-1.8,10.2,50.3,21.0,21.0,32.5,12.0,0.7,0.6,0.6,7.5,25.7,57.0,28.2,19.0,27.0,12.0,0.6,0.6,0.5,3.1,29.9,51.4,24.6,19.0,28.3,12.0,0.6,0.6,0.5,0.1,16.4,35.5,17.6,19.0,19.0,12.0,0.6,0.6,0.5,-4.1,4.6,19.6,8.1,19.0,15.2,12.0,0.6,0.6,0.5,473.0,1643.0,5208.5,2731.0,21.0,2920.5,12.0,0.7,0.6,0.6,475.0,1645.0,5210.0,2730.0,21.0,2920.0,12.0,0.7,0.6,0.6
1974,2,218.0,53.0,3.68,4.5,4.84,4.27,3.0,0.87,20.0,0.3,0.6,0.4,4.75,5.5,5.5,5.13,3.0,0.64,20.0,0.3,0.6,0.4,4.93,5.07,5.2,5.07,2.0,0.28,16.0,0.0,0.7,0.2,88.9,90.4,91.9,90.4,2.0,3.1,16.0,0.0,0.2,7.05,13.4,14.77,10.97,3.0,6.03,20.0,0.3,0.6,0.4,-1.08,5.27,10.27,4.61,3.0,8.33,20.0,0.3,0.6,0.4,1.94,4.58,11.33,6.59,3.0,7.1,20.0,0.3,0.6,0.4,996.16,996.5,1015.54,1005.63,3.0,16.25,20.0,0.3,0.6,0.4,5.6,7.0,7.7,6.7,3.0,1.5,20.0,0.3,0.6,0.4,14.4,81.1,140.9,77.8,3.0,92.7,20.0,0.3,0.6,0.4,21.5,61.4,171.6,95.7,3.0,113.9,20.0,0.3,0.6,0.4,-1.82,-1.0,0.09,-0.87,3.0,1.4,20.0,0.3,0.6,0.4,-24.4,-4.1,4.2,-10.0,3.0,21.6,20.0,0.3,0.6,0.4,-0.11,-0.05,0.01,-0.05,2.0,0.12,16.0,0.0,0.7,0.2,-1.7,-1.0,-0.2,-1.0,2.0,1.6,16.0,0.0,0.7,0.2,-6.0,29.0,47.0,20.7,3.0,39.5,20.0,0.3,0.6,0.4,9.1,20.2,60.7,34.6,3.0,39.8,20.0,0.3,0.6,0.4,-13.8,2.2,18.2,2.2,2.0,33.2,16.0,0.0,0.7,0.2,14.3,37.1,59.9,37.1,2.0,47.2,16.0,0.0,0.7,0.2,-0.6,-0.4,-0.2,-0.4,2.0,0.4,16.0,0.0,0.7,0.2,-1.7,-1.0,-0.3,-1.0,2.0,1.4,16.0,0.0,0.7,0.2,810.5,2406.0,3256.5,2042.5,3.0,1819.0,20.0,0.3,0.6,0.4,810.0,2405.0,3255.0,2040.0,3.0,1820.0,20.0,0.3,0.6,0.4
1974,2,218.0,54.0,3.93,4.45,5.0,4.41,8.0,0.61,16.0,0.6,0.6,0.1,1.34,3.3,4.15,3.22,9.0,1.73,16.0,0.7,0.6,0.1,3.38,4.3,4.72,4.27,8.0,0.77,14.0,0.8,0.7,0.1,81.2,89.6,92.6,86.8,8.0,10.2,14.0,0.8,0.1,7.83,10.3,12.74,10.0,9.0,3.01,16.0,0.7,0.6,0.1,-3.52,0.0,7.5,0.97,9.0,6.31,16.0,0.7,0.6,0.1,4.65,9.68,9.83,7.71,9.0,3.71,16.0,0.7,0.6,0.1,982.02,997.5,1014.91,997.54,9.0,16.05,16.0,0.7,0.6,0.1,4.1,7.0,8.0,6.4,8.0,1.8,16.0,0.8,0.6,0.1,-36.3,0.0,86.5,10.6,9.0,74.5,16.0,0.7,0.6,0.1,30.4,99.7,120.0,83.7,9.0,51.8,16.0,0.7,0.6,0.1,-0.62,1.05,3.36,1.2,8.0,2.17,16.0,0.6,0.6,0.1,-8.0,9.2,25.3,8.1,8.0,22.1,16.0,0.6,0.6,0.1,0.14,1.14,1.85,0.93,7.0,0.87,14.0,0.7,0.6,0.2,1.8,14.0,14.7,8.9,7.0,8.8,14.0,0.7,0.6,0.2,-9.4,0.0,27.4,5.2,9.0,24.3,16.0,0.7,0.6,0.1,8.6,31.9,38.2,28.5,9.0,23.5,16.0,0.7,0.6,0.1,-14.2,7.2,37.1,5.5,8.0,29.9,14.0,0.8,0.7,0.1,27.9,39.2,45.9,36.3,8.0,18.9,14.0,0.8,0.7,0.1,-6.8,-2.9,2.0,-1.5,7.0,8.3,14.0,0.7,0.6,0.2,-0.2,4.0,13.3,5.5,7.0,7.9,14.0,0.7,0.6,0.2,482.0,1092.5,2069.5,1227.5,9.0,853.0,16.0,0.7,0.6,0.1,480.0,1095.0,2070.0,1230.0,9.0,855.0,16.0,0.7,0.6,0.1
1974,2,218.0,55.0,3.73,3.8,3.87,3.8,2.0,0.14,14.0,0.5,0.6,0.1,0.52,1.65,2.78,1.65,2.0,2.33,14.0,0.5,0.6,0.1,4.01,4.01,4.01,4.01,1.0,0.0,10.0,0.0,0.4,0.3,83.1,83.1,83.1,83.1,1.0,0.0,10.0,0.0,0.3,11.71,12.6,13.49,12.6,2.0,1.84,14.0,0.5,0.6,0.1,9.49,11.28,13.07,11.28,2.0,3.71,14.0,0.5,0.6,0.1,1.15,3.63,6.11,3.63,2.0,5.14,14.0,0.5,0.6,0.1,1005.77,1007.2,1008.63,1007.2,2.0,2.97,14.0,0.5,0.6,0.1,3.8,5.5,7.2,5.5,2.0,3.5,14.0,0.5,0.6,0.1,113.0,145.5,178.1,145.5,2.0,67.5,14.0,0.5,0.6,0.1,13.0,41.0,69.1,41.0,2.0,58.0,14.0,0.5,0.6,0.1,1.09,2.15,3.21,2.15,2.0,2.19,14.0,0.5,0.6,0.1,13.9,29.1,44.3,29.1,2.0,31.6,14.0,0.5,0.6,0.1,1.03,1.03,1.03,1.03,1.0,0.0,10.0,0.0,0.4,0.3,11.6,11.6,11.6,11.6,1.0,0.0,10.0,0.0,0.4,0.3,4.5,14.3,24.0,14.3,2.0,20.2,14.0,0.5,0.6,0.1,3.8,12.0,20.2,12.0,2.0,16.9,14.0,0.5,0.6,0.1,34.7,34.7,34.7,34.7,1.0,0.0,10.0,0.0,0.4,0.3,29.1,29.1,29.1,29.1,1.0,0.0,10.0,0.0,0.4,0.3,8.9,8.9,8.9,8.9,1.0,0.0,10.0,0.0,0.4,0.3,7.5,7.5,7.5,7.5,1.0,0.0,10.0,0.0,0.4,0.3,1640.0,2064.5,2488.5,2064.5,2.0,878.5,14.0,0.5,0.6,0.1,1640.0,2065.0,2490.0,2065.0,2.0,880.0,14.0,0.5,0.6,0.1
1974,2,218.0,56.0,3.78,4.4,6.05,4.9,6.0,1.61,16.0,0.3,0.7,0.3,1.65,3.5,5.63,3.54,7.0,2.03,16.0,0.3,0.7,0.3,3.95,4.72,4.83,4.54,7.0,0.58,16.0,0.3,0.7,0.3,82.7,90.1,100.0,91.0,7.0,7.2,16.0,0.3,0.3,5.1,11.3,18.12,11.96,7.0,6.21,16.0,0.3,0.7,0.3,-5.6,1.74,8.43,0.88,7.0,9.88,16.0,0.3,0.7,0.3,0.0,4.79,11.57,6.66,7.0,7.42,16.0,0.3,0.7,0.3,980.0,999.0,1005.96,993.61,7.0,12.77,16.0,0.3,0.7,0.3,8.0,8.0,8.0,8.0,6.0,0.0,14.0,0.2,0.7,0.3,-38.2,8.9,81.5,8.2,7.0,155.8,16.0,0.3,0.7,0.3,0.0,24.4,174.2,106.0,7.0,152.1,16.0,0.3,0.7,0.3,-0.37,1.35,3.48,1.35,6.0,2.16,16.0,0.3,0.7,0.3,-4.2,10.8,25.8,12.8,6.0,26.0,16.0,0.3,0.7,0.3,0.11,1.12,1.59,0.95,6.0,0.78,16.0,0.3,0.7,0.3,2.6,8.7,18.3,9.5,6.0,8.0,16.0,0.3,0.7,0.3,-15.8,7.7,10.9,-7.6,7.0,37.6,16.0,0.3,0.7,0.3,0.0,21.1,57.4,28.9,7.0,29.3,16.0,0.3,0.7,0.3,-20.9,8.2,38.4,2.9,7.0,43.8,16.0,0.3,0.7,0.3,0.0,22.6,60.8,32.6,7.0,36.1,16.0,0.3,0.7,0.3,-9.3,0.4,6.6,0.0,6.0,11.7,16.0,0.3,0.7,0.3,-0.3,1.7,9.1,3.4,6.0,4.7,16.0,0.3,0.7,0.3,132.5,1443.0,5971.0,2926.5,7.0,3322.5,16.0,0.3,0.7,0.3,135.0,1445.0,5970.0,2925.0,7.0,3325.0,16.0,0.3,0.7,0.3
1974,2,218.0,59.0,,,,,,,,,,,,,,,,,,,,,,,,,,,,,,,,,,,,,,,,21.1,21.1,21.1,21.1,1.0,0.0,24.0,1.0,0.4,0.1,-19.83,-19.83,-19.83,-19.83,1.0,0.0,24.0,1.0,0.4,0.1,-7.22,-7.22,-7.22,-7.22,1.0,0.0,24.0,1.0,0.4,0.1,997.0,997.0,997.0,997.0,1.0,0.0,24.0,1.0,0.4,0.1,,,,,,,,,,,,,,,,,,,,,,,,,,,,,,,,,,,,,,,,,,,,,,,,,,,,,,,,,,,,,,,,,,,,,,,,,,,,,,,,,,,,,,,,,,,,,,,,,,,,,,,,,,,,,,,,,,,,,,,,,,,,,,,,,,,,,,,,,,,,,,,,,,,,,,
1974,2,219.0,-69.0,,,,,,,,,,,,,,,,,,,,,,,,,,,,,,,,,,,,,,,,8.7,8.7,8.7,8.7,1.0,0.0,6.0,1.0,0.1,0.2,-6.66,-6.66,-6.66,-6.66,1.0,0.0,6.0,1.0,0.1,0.2,-5.59,-5.59,-5.59,-5.59,1.0,0.0,6.0,1.0,0.1,0.2,958.9,958.9,958.9,958.9,1.0,0.0,6.0,1.0,0.1,0.2,,,,,,,,,,,,,,,,,,,,,,,,,,,,,,,,,,,,,,,,,,,,,,,,,,,,,,,,,,,,,,,,,,,,,,,,,,,,,,,,,,,,,,,,,,,,,,,,,,,,,,,,,,,,,,,,,,,,,,,,,,,,,,,,,,,,,,,,,,,,,,,,,,,,,,
1974,2,219.0,-65.0,0.6,0.6,0.6,0.6,1.0,0.0,22.0,1.0,0.1,0.3,1.1,1.1,1.1,1.1,1.0,0.0,22.0,1.0,0.1,0.3,3.41,3.41,3.41,3.41,1.0,0.0,22.0,1.0,0.1,0.3,81.0,81.0,81.0,81.0,1.0,0.0,22.0,1.0,0.3,12.9,12.9,12.9,12.9,1.0,0.0,22.0,1.0,0.1,0.3,9.88,9.88,9.88,9.88,1.0,0.0,22.0,1.0,0.1,0.3,8.29,8.29,8.29,8.29,1.0,0.0,22.0,1.0,0.1,0.3,985.1,985.1,985.1,985.1,1.0,0.0,22.0,1.0,0.1,0.3,4.0,4.0,4.0,4.0,1.0,0.0,22.0,1.0,0.1,0.3,127.5,127.5,127.5,127.5,1.0,0.0,22.0,1.0,0.1,0.3,107.0,107.0,107.0,107.0,1.0,0.0,22.0,1.0,0.1,0.3,-0.5,-0.5,-0.5,-0.5,1.0,0.0,22.0,1.0,0.1,0.3,-6.4,-6.4,-6.4,-6.4,1.0,0.0,22.0,1.0,0.1,0.3,0.65,0.65,0.65,0.65,1.0,0.0,22.0,1.0,0.1,0.3,8.4,8.4,8.4,8.4,1.0,0.0,22.0,1.0,0.1,0.3,10.9,10.9,10.9,10.9,1.0,0.0,22.0,1.0,0.1,0.3,9.1,9.1,9.1,9.1,1.0,0.0,22.0,1.0,0.1,0.3,33.7,33.7,33.7,33.7,1.0,0.0,22.0,1.0,0.1,0.3,28.2,28.2,28.2,28.2,1.0,0.0,22.0,1.0,0.1,0.3,6.5,6.5,6.5,6.5,1.0,0.0,22.0,1.0,0.1,0.3,5.4,5.4,5.4,5.4,1.0,0.0,22.0,1.0,0.1,0.3,2146.5,2146.5,2146.5,2146.5,1.0,0.0,22.0,1.0,0.1,0.3,2145.0,2145.0,2145.0,2145.0,1.0,0.0,22.0,1.0,0.1,0.3
1974,2,219.0,-44.0,15.5,15.5,15.5,15.5,1.0,0.0,24.0,1.0,0.9,0.2,17.5,17.5,17.5,17.5,1.0,0.0,24.0,1.0,0.9,0.2,10.12,10.12,10.12,10.12,1.0,0.0,24.0,1.0,0.9,0.2,81.0,81.0,81.0,81.0,1.0,0.0,24.0,1.0,0.2,6.2,6.2,6.2,6.2,1.0,0.0,24.0,1.0,0.9,0.2,5.83,5.83,5.83,5.83,1.0,0.0,24.0,1.0,0.9,0.2,-2.12,-2.12,-2.12,-2.12,1.0,0.0,24.0,1.0,0.9,0.2,1005.0,1005.0,1005.0,1005.0,1.0,0.0,24.0,1.0,0.9,0.2,2.0,2.0,2.0,2.0,1.0,0.0,24.0,1.0,0.9,0.2,36.1,36.1,36.1,36.1,1.0,0.0,24.0,1.0,0.9,0.2,-13.1,-13.1,-13.1,-13.1,1.0,0.0,24.0,1.0,0.9,0.2,-2.0,-2.0,-2.0,-2.0,1.0,0.0,24.0,1.0,0.9,0.2,-12.4,-12.4,-12.4,-12.4,1.0,0.0,24.0,1.0,0.9,0.2,0.89,0.89,0.89,0.89,1.0,0.0,24.0,1.0,0.9,0.2,5.5,5.5,5.5,5.5,1.0,0.0,24.0,1.0,0.9,0.2,102.0,102.0,102.0,102.0,1.0,0.0,24.0,1.0,0.9,0.2,-37.1,-37.1,-37.1,-37.1,1.0,0.0,24.0,1.0,0.9,0.2,59.0,59.0,59.0,59.0,1.0,0.0,24.0,1.0,0.9,0.2,-21.5,-21.5,-21.5,-21.5,1.0,0.0,24.0,1.0,0.9,0.2,5.2,5.2,5.2,5.2,1.0,0.0,24.0,1.0,0.9,0.2,-1.9,-1.9,-1.9,-1.9,1.0,0.0,24.0,1.0,0.9,0.2,238.5,238.5,238.5,238.5,1.0,0.0,24.0,1.0,0.9,0.2,240.0,240.0,240.0,240.0,1.0,0.0,24.0,1.0,0.9,0.2
1974,2,219.0,-39.0,18.5,18.5,18.5,18.5,1.0,0.0,4.0,1.0,1.0,0.9,17.6,17.6,17.6,17.6,1.0,0.0,4.0,1.0,1.0,0.9,9.31,9.31,9.31,9.31,1.0,0.0,4.0,1.0,1.0,0.9,74.4,74.4,74.4,74.4,1.0,0.0,4.0,1.0,0.9,4.1,4.1,4.1,4.1,1.0,0.0,4.0,1.0,1.0,0.9,4.1,4.1,4.1,4.1,1.0,0.0,4.0,1.0,1.0,0.9,0.0,0.0,0.0,0.0,1.0,0.0,4.0,1.0,1.0,0.9,1010.6,1010.6,1010.6,1010.6,1.0,0.0,4.0,1.0,1.0,0.9,3.0,3.0,3.0,3.0,1.0,0.0,4.0,1.0,1.0,0.9,16.8,16.8,16.8,16.8,1.0,0.0,4.0,1.0,1.0,0.9,0.0,0.0,0.0,0.0,1.0,0.0,4.0,1.0,1.0,0.9,0.9,0.9,0.9,0.9,1.0,0.0,4.0,1.0,1.0,0.9,3.7,3.7,3.7,3.7,1.0,0.0,4.0,1.0,1.0,0.9,3.96,3.96,3.96,3.96,1.0,0.0,4.0,1.0,1.0,0.9,16.2,16.2,16.2,16.2,1.0,0.0,4.0,1.0,1.0,0.9,72.2,72.2,72.2,72.2,1.0,0.0,4.0,1.0,1.0,0.9,0.0,0.0,0.0,0.0,1.0,0.0,4.0,1.0,1.0,0.9,38.2,38.2,38.2,38.2,1.0,0.0,4.0,1.0,1.0,0.9,0.0,0.0,0.0,0.0,1.0,0.0,4.0,1.0,1.0,0.9,16.2,16.2,16.2,16.2,1.0,0.0,4.0,1.0,1.0,0.9,0.0,0.0,0.0,0.0,1.0,0.0,4.0,1.0,1.0,0.9,69.0,69.0,69.0,69.0,1.0,0.0,4.0,1.0,1.0,0.9,70.0,70.0,70.0,70.0,1.0,0.0,4.0,1.0,1.0,0.9
1974,2,219.0,-37.0,21.1,21.1,21.1,21.1,1.0,0.0,12.0,0.0,0.7,0.3,17.8,17.8,17.8,17.8,1.0,0.0,12.0,0.0,0.7,0.3,9.69,9.69,9.69,9.69,1.0,0.0,12.0,0.0,0.7,0.3,77.4,77.4,77.4,77.4,1.0,0.0,12.0,0.0,0.3,,,,,,,,,,,,,,,,,,,,,,,,,,,,,,,,,,,,,,,,,,,,,,,,,,,,,,,,,,,,,,,,,,,,,,,,,,,,,,,,,,,,,,,,,,,,,,,,,,,,,,,,,,,,,,,,,,,,,,,,,,,,,,,,,,,,,,,,,,,,,,,,,,,,,,,,,,,,,,,,,,,,,,,,,,,,,,,,,,,,,,,,,,,,,,
1974,2,219.0,-36.0,19.4,19.4,19.4,19.4,1.0,0.0,4.0,0.0,0.6,0.5,17.2,17.2,17.2,17.2,1.0,0.0,4.0,0.0,0.6,0.5,9.03,9.03,9.03,9.03,1.0,0.0,4.0,0.0,0.6,0.5,74.3,74.3,74.3,74.3,1.0,0.0,4.0,0.0,0.5,2.6,2.6,2.6,2.6,1.0,0.0,4.0,0.0,0.6,0.5,2.6,2.6,2.6,2.6,1.0,0.0,4.0,0.0,0.6,0.5,0.0,0.0,0.0,0.0,1.0,0.0,4.0,0.0,0.6,0.5,1013.9,1013.9,1013.9,1013.9,1.0,0.0,4.0,0.0,0.6,0.5,4.0,4.0,4.0,4.0,1.0,0.0,4.0,0.0,0.6,0.5,6.8,6.8,6.8,6.8,1.0,0.0,4.0,0.0,0.6,0.5,0.0,0.0,0.0,0.0,1.0,0.0,4.0,0.0,0.6,0.5,2.2,2.2,2.2,2.2,1.0,0.0,4.0,0.0,0.6,0.5,5.7,5.7,5.7,5.7,1.0,0.0,4.0,0.0,0.6,0.5,4.96,4.96,4.96,4.96,1.0,0.0,4.0,0.0,0.6,0.5,12.9,12.9,12.9,12.9,1.0,0.0,4.0,0.0,0.6,0.5,44.7,44.7,44.7,44.7,1.0,0.0,4.0,0.0,0.6,0.5,0.0,0.0,0.0,0.0,1.0,0.0,4.0,0.0,0.6,0.5,23.5,23.5,23.5,23.5,1.0,0.0,4.0,0.0,0.6,0.5,0.0,0.0,0.0,0.0,1.0,0.0,4.0,0.0,0.6,0.5,12.9,12.9,12.9,12.9,1.0,0.0,4.0,0.0,0.6,0.5,0.0,0.0,0.0,0.0,1.0,0.0,4.0,0.0,0.6,0.5,17.5,17.5,17.5,17.5,1.0,0.0,4.0,0.0,0.6,0.5,20.0,20.0,20.0,20.0,1.0,0.0,4.0,0.0,0.6,0.5
1974,2,219.0,-34.0,21.02,21.5,21.98,21.5,2.0,0.99,24.0,0.5,0.9,0.6,21.25,21.35,21.45,21.35,2.0,0.21,24.0,0.5,0.9,0.6,12.76,13.31,13.85,13.31,2.0,1.13,24.0,0.5,0.9,0.6,82.2,84.9,87.7,84.9,2.0,5.7,24.0,0.5,0.6,5.1,5.1,5.1,5.1,1.0,0.0,18.0,1.0,1.0,0.5,-4.42,-4.42,-4.42,-4.42,1.0,0.0,18.0,1.0,1.0,0.5,2.55,2.55,2.55,2.55,1.0,0.0,18.0,1.0,1.0,0.5,1019.56,1022.05,1024.54,1022.05,2.0,5.16,24.0,0.5,0.9,0.6,4.6,6.0,7.4,6.0,2.0,2.8,24.0,0.5,0.9,0.6,-22.5,-22.5,-22.5,-22.5,1.0,0.0,18.0,1.0,1.0,0.5,13.0,13.0,13.0,13.0,1.0,0.0,18.0,1.0,1.0,0.5,-0.43,0.15,0.73,0.15,2.0,1.2,24.0,0.5,0.9,0.6,-3.6,-3.6,-3.6,-3.6,1.0,0.0,18.0,1.0,1.0,0.5,1.55,2.53,3.51,2.53,2.0,2.02,24.0,0.5,0.9,0.6,5.6,5.6,5.6,5.6,1.0,0.0,18.0,1.0,1.0,0.5,-95.0,-95.0,-95.0,-95.0,1.0,0.0,18.0,1.0,1.0,0.5,54.8,54.8,54.8,54.8,1.0,0.0,18.0,1.0,1.0,0.5,-62.3,-62.3,-62.3,-62.3,1.0,0.0,18.0,1.0,1.0,0.5,36.0,36.0,36.0,36.0,1.0,0.0,18.0,1.0,1.0,0.5,-4.8,-4.8,-4.8,-4.8,1.0,0.0,18.0,1.0,1.0,0.5,2.8,2.8,2.8,2.8,1.0,0.0,18.0,1.0,1.0,0.5,132.5,132.5,132.5,132.5,1.0,0.0,18.0,1.0,1.0,0.5,135.0,135.0,135.0,135.0,1.0,0.0,18.0,1.0,1.0,0.5
1974,2,219.0,-33.0,24.4,24.4,24.4,24.4,1.0,0.0,18.0,1.0,0.9,0.4,22.1,22.1,22.1,22.1,1.0,0.0,18.0,1.0,0.9,0.4,16.51,16.51,16.51,16.51,1.0,0.0,18.0,1.0,0.9,0.4,100.0,100.0,100.0,100.0,1.0,0.0,18.0,1.0,0.4,7.7,7.7,7.7,7.7,1.0,0.0,18.0,1.0,0.9,0.4,0.0,0.0,0.0,0.0,1.0,0.0,18.0,1.0,0.9,0.4,-7.7,-7.7,-7.7,-7.7,1.0,0.0,18.0,1.0,0.9,0.4,1016.8,1016.8,1016.8,1016.8,1.0,0.0,18.0,1.0,0.9,0.4,8.0,8.0,8.0,8.0,1.0,0.0,18.0,1.0,0.9,0.4,0.0,0.0,0.0,0.0,1.0,0.0,18.0,1.0,0.9,0.4,-59.3,-59.3,-59.3,-59.3,1.0,0.0,18.0,1.0,0.9,0.4,2.3,2.3,2.3,2.3,1.0,0.0,18.0,1.0,0.9,0.4,17.7,17.7,17.7,17.7,1.0,0.0,18.0,1.0,0.9,0.4,2.49,2.49,2.49,2.49,1.0,0.0,18.0,1.0,0.9,0.4,19.2,19.2,19.2,19.2,1.0,0.0,18.0,1.0,0.9,0.4,0.0,0.0,0.0,0.0,1.0,0.0,18.0,1.0,0.9,0.4,-170.2,-170.2,-170.2,-170.2,1.0,0.0,18.0,1.0,0.9,0.4,0.0,0.0,0.0,0.0,1.0,0.0,18.0,1.0,0.9,0.4,-127.1,-127.1,-127.1,-127.1,1.0,0.0,18.0,1.0,0.9,0.4,0.0,0.0,0.0,0.0,1.0,0.0,18.0,1.0,0.9,0.4,-19.2,-19.2,-19.2,-19.2,1.0,0.0,18.0,1.0,0.9,0.4,456.5,456.5,456.5,456.5,1.0,0.0,18.0,1.0,0.9,0.4,455.0,455.0,455.0,455.0,1.0,0.0,18.0,1.0,0.9,0.4
1974,2,219.0,-31.0,26.0,26.0,26.0,26.0,1.0,0.0,16.0,0.0,0.8,1.0,24.6,24.6,24.6,24.6,1.0,0.0,16.0,0.0,0.8,1.0,14.22,14.22,14.22,14.22,1.0,0.0,16.0,0.0,0.8,1.0,74.6,74.6,74.6,74.6,1.0,0.0,16.0,0.0,1.0,4.6,4.6,4.6,4.6,1.0,0.0,16.0,0.0,0.8,1.0,-1.57,-1.57,-1.57,-1.57,1.0,0.0,16.0,0.0,0.8,1.0,4.32,4.32,4.32,4.32,1.0,0.0,16.0,0.0,0.8,1.0,1022.9,1022.9,1022.9,1022.9,1.0,0.0,16.0,0.0,0.8,1.0,3.0,3.0,3.0,3.0,1.0,0.0,16.0,0.0,0.8,1.0,-7.2,-7.2,-7.2,-7.2,1.0,0.0,16.0,0.0,0.8,1.0,19.9,19.9,19.9,19.9,1.0,0.0,16.0,0.0,0.8,1.0,1.4,1.4,1.4,1.4,1.0,0.0,16.0,0.0,0.8,1.0,6.4,6.4,6.4,6.4,1.0,0.0,16.0,0.0,0.8,1.0,6.58,6.58,6.58,6.58,1.0,0.0,16.0,0.0,0.8,1.0,30.2,30.2,30.2,30.2,1.0,0.0,16.0,0.0,0.8,1.0,-38.7,-38.7,-38.7,-38.7,1.0,0.0,16.0,0.0,0.8,1.0,106.3,106.3,106.3,106.3,1.0,0.0,16.0,0.0,0.8,1.0,-22.4,-22.4,-22.4,-22.4,1.0,0.0,16.0,0.0,0.8,1.0,61.5,61.5,61.5,61.5,1.0,0.0,16.0,0.0,0.8,1.0,-10.3,-10.3,-10.3,-10.3,1.0,0.0,16.0,0.0,0.8,1.0,28.4,28.4,28.4,28.4,1.0,0.0,16.0,0.0,0.8,1.0,97.5,97.5,97.5,97.5,1.0,0.0,16.0,0.0,0.8,1.0,95.0,95.0,95.0,95.0,1.0,0.0,16.0,0.0,0.8,1.0
1974,2,219.0,-29.0,26.2,26.2,26.2,26.2,1.0,0.0,22.0,0.0,0.5,0.2,25.6,25.6,25.6,25.6,1.0,0.0,22.0,0.0,0.5,0.2,15.07,15.07,15.07,15.07,1.0,0.0,22.0,0.0,0.5,0.2,74.3,74.3,74.3,74.3,1.0,0.0,22.0,0.0,0.2,6.2,6.2,6.2,6.2,1.0,0.0,22.0,0.0,0.5,0.2,-6.11,-6.11,-6.11,-6.11,1.0,0.0,22.0,0.0,0.5,0.2,-1.08,-1.08,-1.08,-1.08,1.0,0.0,22.0,0.0,0.5,0.2,1021.2,1021.2,1021.2,1021.2,1.0,0.0,22.0,0.0,0.5,0.2,1.0,1.0,1.0,1.0,1.0,0.0,22.0,0.0,0.5,0.2,-37.9,-37.9,-37.9,-37.9,1.0,0.0,22.0,0.0,0.5,0.2,-6.7,-6.7,-6.7,-6.7,1.0,0.0,22.0,0.0,0.5,0.2,0.6,0.6,0.6,0.6,1.0,0.0,22.0,0.0,0.5,0.2,3.7,3.7,3.7,3.7,1.0,0.0,22.0,0.0,0.5,0.2,6.01,6.01,6.01,6.01,1.0,0.0,22.0,0.0,0.5,0.2,37.3,37.3,37.3,37.3,1.0,0.0,22.0,0.0,0.5,0.2,-156.3,-156.3,-156.3,-156.3,1.0,0.0,22.0,0.0,0.5,0.2,-27.6,-27.6,-27.6,-27.6,1.0,0.0,22.0,0.0,0.5,0.2,-92.0,-92.0,-92.0,-92.0,1.0,0.0,22.0,0.0,0.5,0.2,-16.2,-16.2,-16.2,-16.2,1.0,0.0,22.0,0.0,0.5,0.2,-36.7,-36.7,-36.7,-36.7,1.0,0.0,22.0,0.0,0.5,0.2,-6.5,-6.5,-6.5,-6.5,1.0,0.0,22.0,0.0,0.5,0.2,238.5,238.5,238.5,238.5,1.0,0.0,22.0,0.0,0.5,0.2,240.0,240.0,240.0,240.0,1.0,0.0,22.0,0.0,0.5,0.2
1974,2,219.0,-28.0,,,,,,,,,,,,,,,,,,,,,,,,,,,,,,,,,,,,,,,,3.6,3.6,3.6,3.6,1.0,0.0,6.0,0.0,0.5,0.3,-1.8,-1.8,-1.8,-1.8,1.0,0.0,6.0,0.0,0.5,0.3,-3.12,-3.12,-3.12,-3.12,1.0,0.0,6.0,0.0,0.5,0.3,1016.3,1016.3,1016.3,1016.3,1.0,0.0,6.0,0.0,0.5,0.3,6.0,6.0,6.0,6.0,1.0,0.0,6.0,0.0,0.5,0.3,-6.5,-6.5,-6.5,-6.5,1.0,0.0,6.0,0.0,0.5,0.3,-11.2,-11.2,-11.2,-11.2,1.0,0.0,6.0,0.0,0.5,0.3,,,,,,,,,,,,,,,,,,,,,,,,,,,,,,,,,,,,,,,,,-47.9,-47.9,-47.9,-47.9,1.0,0.0,6.0,0.0,0.5,0.3,-82.9,-82.9,-82.9,-82.9,1.0,0.0,6.0,0.0,0.5,0.3,-29.4,-29.4,-29.4,-29.4,1.0,0.0,6.0,0.0,0.5,0.3,-50.9,-50.9,-50.9,-50.9,1.0,0.0,6.0,0.0,0.5,0.3,,,,,,,,,,,,,,,,,,,,,,,,,,,,,,,,,,,,,,,,
1974,2,219.0,-27.0,24.0,24.0,24.0,24.0,1.0,0.0,14.0,1.0,0.2,0.7,27.0,27.0,27.0,27.0,1.0,0.0,14.0,1.0,0.2,0.7,16.44,16.44,16.44,16.44,1.0,0.0,14.0,1.0,0.2,0.7,74.6,74.6,74.6,74.6,1.0,0.0,14.0,1.0,0.7,2.6,2.6,2.6,2.6,1.0,0.0,14.0,1.0,0.2,0.7,-1.3,-1.3,-1.3,-1.3,1.0,0.0,14.0,1.0,0.2,0.7,2.25,2.25,2.25,2.25,1.0,0.0,14.0,1.0,0.2,0.7,1020.8,1020.8,1020.8,1020.8,1.0,0.0,14.0,1.0,0.2,0.7,2.0,2.0,2.0,2.0,1.0,0.0,14.0,1.0,0.2,0.7,-3.4,-3.4,-3.4,-3.4,1.0,0.0,14.0,1.0,0.2,0.7,5.9,5.9,5.9,5.9,1.0,0.0,14.0,1.0,0.2,0.7,-3.0,-3.0,-3.0,-3.0,1.0,0.0,14.0,1.0,0.2,0.7,-7.8,-7.8,-7.8,-7.8,1.0,0.0,14.0,1.0,0.2,0.7,2.03,2.03,2.03,2.03,1.0,0.0,14.0,1.0,0.2,0.7,5.3,5.3,5.3,5.3,1.0,0.0,14.0,1.0,0.2,0.7,-35.1,-35.1,-35.1,-35.1,1.0,0.0,14.0,1.0,0.2,0.7,60.8,60.8,60.8,60.8,1.0,0.0,14.0,1.0,0.2,0.7,-21.4,-21.4,-21.4,-21.4,1.0,0.0,14.0,1.0,0.2,0.7,37.0,37.0,37.0,37.0,1.0,0.0,14.0,1.0,0.2,0.7,-2.6,-2.6,-2.6,-2.6,1.0,0.0,14.0,1.0,0.2,0.7,4.6,4.6,4.6,4.6,1.0,0.0,14.0,1.0,0.2,0.7,17.5,17.5,17.5,17.5,1.0,0.0,14.0,1.0,0.2,0.7,20.0,20.0,20.0,20.0,1.0,0.0,14.0,1.0,0.2,0.7
1974,2,219.0,-26.0,26.3,26.3,26.3,26.3,1.0,0.0,4.0,0.0,0.3,0.8,25.2,25.2,25.2,25.2,1.0,0.0,4.0,0.0,0.3,0.8,15.43,15.43,15.43,15.43,1.0,0.0,4.0,0.0,0.3,0.8,77.5,77.5,77.5,77.5,1.0,0.0,4.0,0.0,0.8,1.0,1.0,1.0,1.0,1.0,0.0,4.0,0.0,0.3,0.8,0.0,0.0,0.0,0.0,1.0,0.0,4.0,0.0,0.3,0.8,-1.0,-1.0,-1.0,-1.0,1.0,0.0,4.0,0.0,0.3,0.8,1016.2,1016.2,1016.2,1016.2,1.0,0.0,4.0,0.0,0.3,0.8,3.0,3.0,3.0,3.0,1.0,0.0,4.0,0.0,0.3,0.8,0.0,0.0,0.0,0.0,1.0,0.0,4.0,0.0,0.3,0.8,-1.0,-1.0,-1.0,-1.0,1.0,0.0,4.0,0.0,0.3,0.8,1.1,1.1,1.1,1.1,1.0,0.0,4.0,0.0,0.3,0.8,1.1,1.1,1.1,1.1,1.0,0.0,4.0,0.0,0.3,0.8,5.89,5.89,5.89,5.89,1.0,0.0,4.0,0.0,0.3,0.8,5.9,5.9,5.9,5.9,1.0,0.0,4.0,0.0,0.3,0.8,0.0,0.0,0.0,0.0,1.0,0.0,4.0,0.0,0.3,0.8,-25.2,-25.2,-25.2,-25.2,1.0,0.0,4.0,0.0,0.3,0.8,0.0,0.0,0.0,0.0,1.0,0.0,4.0,0.0,0.3,0.8,-15.4,-15.4,-15.4,-15.4,1.0,0.0,4.0,0.0,0.3,0.8,0.0,0.0,0.0,0.0,1.0,0.0,4.0,0.0,0.3,0.8,-5.9,-5.9,-5.9,-5.9,1.0,0.0,4.0,0.0,0.3,0.8,1.0,1.0,1.0,1.0,1.0,0.0,4.0,0.0,0.3,0.8,0.0,0.0,0.0,0.0,1.0,0.0,4.0,0.0,0.3,0.8
1974,2,219.0,-25.0,,,,,,,,,,,,,,,,,,,,,,,,,,,,,,,,,,,,,,,,0.0,0.0,0.0,0.0,1.0,0.0,14.0,0.0,0.8,0.9,0.0,0.0,0.0,0.0,1.0,0.0,14.0,0.0,0.8,0.9,0.0,0.0,0.0,0.0,1.0,0.0,14.0,0.0,0.8,0.9,1014.9,1014.9,1014.9,1014.9,1.0,0.0,14.0,0.0,0.8,0.9,,,,,,,,,,,,,,,,,,,,,,,,,,,,,,,,,,,,,,,,,,,,,,,,,,,,,,,,,,,,,,,,,,,,,,,,,,,,,,,,,,,,,,,,,,,,,,,,,,,,,,,,,,,,,,,,,,,,,,,,,,,,,,,,,,,,,,,,,,,,,,,,,,,,,,
1974,2,219.0,-24.0,26.7,26.7,26.7,26.7,1.0,0.0,20.0,1.0,0.3,0.2,27.9,27.9,27.9,27.9,1.0,0.0,20.0,1.0,0.3,0.2,17.41,17.41,17.41,17.41,1.0,0.0,20.0,1.0,0.3,0.2,74.7,74.7,74.7,74.7,1.0,0.0,20.0,1.0,0.2,5.7,5.7,5.7,5.7,1.0,0.0,20.0,1.0,0.3,0.2,-5.36,-5.36,-5.36,-5.36,1.0,0.0,20.0,1.0,0.3,0.2,-1.95,-1.95,-1.95,-1.95,1.0,0.0,20.0,1.0,0.3,0.2,1018.7,1018.7,1018.7,1018.7,1.0,0.0,20.0,1.0,0.3,0.2,3.0,3.0,3.0,3.0,1.0,0.0,20.0,1.0,0.3,0.2,-30.5,-30.5,-30.5,-30.5,1.0,0.0,20.0,1.0,0.3,0.2,-11.1,-11.1,-11.1,-11.1,1.0,0.0,20.0,1.0,0.3,0.2,-1.2,-1.2,-1.2,-1.2,1.0,0.0,20.0,1.0,0.3,0.2,-6.8,-6.8,-6.8,-6.8,1.0,0.0,20.0,1.0,0.3,0.2,4.37,4.37,4.37,4.37,1.0,0.0,20.0,1.0,0.3,0.2,24.9,24.9,24.9,24.9,1.0,0.0,20.0,1.0,0.3,0.2,-149.4,-149.4,-149.4,-149.4,1.0,0.0,20.0,1.0,0.3,0.2,-54.4,-54.4,-54.4,-54.4,1.0,0.0,20.0,1.0,0.3,0.2,-93.3,-93.3,-93.3,-93.3,1.0,0.0,20.0,1.0,0.3,0.2,-33.9,-33.9,-33.9,-33.9,1.0,0.0,20.0,1.0,0.3,0.2,-23.4,-23.4,-23.4,-23.4,1.0,0.0,20.0,1.0,0.3,0.2,-8.5,-8.5,-8.5,-8.5,1.0,0.0,20.0,1.0,0.3,0.2,185.0,185.0,185.0,185.0,1.0,0.0,20.0,1.0,0.3,0.2,185.0,185.0,185.0,185.0,1.0,0.0,20.0,1.0,0.3,0.2
1974,2,219.0,-15.0,26.61,26.85,27.09,26.85,2.0,0.49,18.0,0.5,0.6,0.9,25.83,25.9,25.97,25.9,2.0,0.14,18.0,0.5,0.6,0.9,16.58,16.83,17.08,16.83,2.0,0.51,18.0,0.5,0.6,0.9,79.3,80.8,82.3,80.8,2.0,3.1,18.0,0.5,0.9,6.2,6.2,6.2,6.2,2.0,0.0,18.0,0.5,0.6,0.9,-5.53,-4.91,-4.28,-4.91,2.0,1.3,18.0,0.5,0.6,0.9,-4.33,-3.43,-2.54,-3.43,2.0,1.86,18.0,0.5,0.6,0.9,1013.03,1013.1,1013.17,1013.1,2.0,0.14,18.0,0.5,0.6,0.9,2.8,4.5,6.2,4.5,2.0,3.5,18.0,0.5,0.6,0.9,-34.3,-30.4,-26.5,-30.4,2.0,8.1,18.0,0.5,0.6,0.9,-26.9,-21.3,-15.7,-21.3,2.0,11.5,18.0,0.5,0.6,0.9,0.78,0.95,1.12,0.95,2.0,0.35,18.0,0.5,0.6,0.9,4.8,5.9,6.9,5.9,2.0,2.2,18.0,0.5,0.6,0.9,4.71,5.27,5.84,5.27,2.0,1.16,18.0,0.5,0.6,0.9,29.2,32.7,36.2,32.7,2.0,7.2,18.0,0.5,0.6,0.9,-142.9,-127.0,-111.0,-127.0,2.0,33.0,18.0,0.5,0.6,0.9,-112.6,-89.1,-65.6,-89.1,2.0,48.6,18.0,0.5,0.6,0.9,-94.7,-82.9,-71.1,-82.9,2.0,24.4,18.0,0.5,0.6,0.9,-71.6,-57.3,-43.1,-57.3,2.0,29.5,18.0,0.5,0.6,0.9,-25.7,-25.1,-24.6,-25.1,2.0,1.2,18.0,0.5,0.6,0.9,-25.9,-19.2,-12.5,-19.2,2.0,13.8,18.0,0.5,0.6,0.9,238.5,238.5,238.5,238.5,2.0,0.0,18.0,0.5,0.6,0.9,240.0,240.0,240.0,240.0,2.0,0.0,18.0,0.5,0.6,0.9
1974,2,219.0,-12.0,28.9,28.9,28.9,28.9,1.0,0.0,20.0,0.0,0.5,1.0,24.3,24.3,24.3,24.3,1.0,0.0,20.0,0.0,0.5,1.0,17.55,17.55,17.55,17.55,1.0,0.0,20.0,0.0,0.5,1.0,92.5,92.5,92.5,92.5,1.0,0.0,20.0,0.0,1.0,4.6,4.6,4.6,4.6,1.0,0.0,20.0,0.0,0.5,1.0,-3.52,-3.52,-3.52,-3.52,1.0,0.0,20.0,0.0,0.5,1.0,-2.96,-2.96,-2.96,-2.96,1.0,0.0,20.0,0.0,0.5,1.0,1010.6,1010.6,1010.6,1010.6,1.0,0.0,20.0,0.0,0.5,1.0,3.0,3.0,3.0,3.0,1.0,0.0,20.0,0.0,0.5,1.0,-16.2,-16.2,-16.2,-16.2,1.0,0.0,20.0,0.0,0.5,1.0,-13.6,-13.6,-13.6,-13.6,1.0,0.0,20.0,0.0,0.5,1.0,4.6,4.6,4.6,4.6,1.0,0.0,20.0,0.0,0.5,1.0,21.2,21.2,21.2,21.2,1.0,0.0,20.0,0.0,0.5,1.0,7.46,7.46,7.46,7.46,1.0,0.0,20.0,0.0,0.5,1.0,34.3,34.3,34.3,34.3,1.0,0.0,20.0,0.0,0.5,1.0,-85.6,-85.6,-85.6,-85.6,1.0,0.0,20.0,0.0,0.5,1.0,-71.9,-71.9,-71.9,-71.9,1.0,0.0,20.0,0.0,0.5,1.0,-61.9,-61.9,-61.9,-61.9,1.0,0.0,20.0,0.0,0.5,1.0,-51.9,-51.9,-51.9,-51.9,1.0,0.0,20.0,0.0,0.5,1.0,-26.3,-26.3,-26.3,-26.3,1.0,0.0,20.0,0.0,0.5,1.0,-22.1,-22.1,-22.1,-22.1,1.0,0.0,20.0,0.0,0.5,1.0,97.5,97.5,97.5,97.5,1.0,0.0,20.0,0.0,0.5,1.0,95.0,95.0,95.0,95.0,1.0,0.0,20.0,0.0,0.5,1.0
1974,2,219.0,-10.0,27.66,28.0,28.0,27.83,3.0,0.29,12.0,1.0,0.3,0.6,27.73,28.0,28.61,28.17,3.0,0.67,12.0,1.0,0.3,0.6,16.88,17.13,17.27,17.08,3.0,0.29,12.0,1.0,0.3,0.6,70.0,70.8,73.4,71.7,3.0,2.6,12.0,1.0,0.6,4.95,5.7,6.72,5.83,3.0,1.31,12.0,1.0,0.3,0.6,-6.48,-4.94,-4.52,-5.49,3.0,1.52,12.0,1.0,0.3,0.6,-1.95,0.0,1.07,-0.43,3.0,2.24,12.0,1.0,0.3,0.6,1008.61,1011.0,1014.75,1011.67,3.0,4.54,12.0,1.0,0.3,0.6,3.3,4.0,4.0,3.7,3.0,0.6,12.0,1.0,0.3,0.6,-44.3,-28.1,-22.5,-33.3,3.0,16.6,12.0,1.0,0.3,0.6,-11.1,0.0,4.9,-3.0,3.0,12.0,12.0,1.0,0.3,0.6,-0.77,-0.5,0.11,-0.33,3.0,0.67,12.0,1.0,0.3,0.6,-3.7,-2.8,1.1,-1.4,3.0,3.7,12.0,1.0,0.3,0.6,6.35,6.38,6.43,6.39,3.0,0.06,12.0,1.0,0.3,0.6,31.5,36.1,43.2,37.3,3.0,8.6,12.0,1.0,0.3,0.6,-179.5,-138.2,-129.1,-154.0,3.0,39.3,12.0,1.0,0.3,0.6,-54.5,0.0,31.0,-11.4,3.0,63.4,12.0,1.0,0.3,0.6,-110.5,-82.7,-77.4,-93.7,3.0,26.0,12.0,1.0,0.3,0.6,-32.6,0.0,18.6,-6.8,3.0,38.0,12.0,1.0,0.3,0.6,-41.6,-31.3,-28.7,-35.1,3.0,10.0,12.0,1.0,0.3,0.6,-12.3,0.0,6.9,-2.7,3.0,14.2,12.0,1.0,0.3,0.6,125.0,185.0,313.5,218.5,3.0,141.0,12.0,1.0,0.3,0.6,125.0,185.0,315.0,220.0,3.0,140.0,12.0,1.0,0.3,0.6
1974,2,219.0,-7.0,,,,,,,,,,,,,,,,,,,,,,,,,,,,,,,,,,,,,,,,5.7,5.7,5.7,5.7,1.0,0.0,2.0,1.0,0.4,0.6,-5.7,-5.7,-5.7,-5.7,1.0,0.0,2.0,1.0,0.4,0.6,0.0,0.0,0.0,0.0,1.0,0.0,2.0,1.0,0.4,0.6,1014.2,1014.2,1014.2,1014.2,1.0,0.0,2.0,1.0,0.4,0.6,1.0,1.0,1.0,1.0,1.0,0.0,2.0,1.0,0.4,0.6,-32.5,-32.5,-32.5,-32.5,1.0,0.0,2.0,1.0,0.4,0.6,0.0,0.0,0.0,0.0,1.0,0.0,2.0,1.0,0.4,0.6,,,,,,,,,,,,,,,,,,,,,,,,,,,,,,,,,,,,,,,,,-151.0,-151.0,-151.0,-151.0,1.0,0.0,2.0,1.0,0.4,0.6,0.0,0.0,0.0,0.0,1.0,0.0,2.0,1.0,0.4,0.6,-83.8,-83.8,-83.8,-83.8,1.0,0.0,2.0,1.0,0.4,0.6,0.0,0.0,0.0,0.0,1.0,0.0,2.0,1.0,0.4,0.6,,,,,,,,,,,,,,,,,,,,,,,,,,,,,,,,,,,,,,,,
1974,2,219.0,2.0,24.16,24.5,24.84,24.5,2.0,0.71,10.0,0.0,0.4,0.3,23.16,23.5,23.84,23.5,2.0,0.71,10.0,0.0,0.4,0.3,16.26,16.6,16.94,16.6,2.0,0.71,10.0,0.0,0.4,0.3,91.8,91.9,91.9,91.9,2.0,0.0,10.0,0.0,0.3,5.43,6.15,6.87,6.15,2.0,1.48,10.0,0.0,0.4,0.3,-6.82,-6.0,-5.17,-6.0,2.0,1.7,10.0,0.0,0.4,0.3,0.28,0.87,1.47,0.87,2.0,1.23,10.0,0.0,0.4,0.3,1011.16,1011.5,1011.84,1011.5,2.0,0.71,10.0,0.0,0.4,0.3,1.2,1.5,1.8,1.5,2.0,0.7,10.0,0.0,0.4,0.3,-47.5,-38.1,-28.8,-38.1,2.0,19.4,10.0,0.0,0.4,0.3,1.4,4.4,7.5,4.4,2.0,6.3,10.0,0.0,0.4,0.3,1.0,1.0,1.0,1.0,2.0,0.0,10.0,0.0,0.4,0.3,5.4,6.2,6.9,6.2,2.0,1.5,10.0,0.0,0.4,0.3,2.57,2.62,2.67,2.62,2.0,0.1,10.0,0.0,0.4,0.3,14.5,16.1,17.6,16.1,2.0,3.3,10.0,0.0,0.4,0.3,-157.6,-140.3,-123.0,-140.3,2.0,35.8,10.0,0.0,0.4,0.3,6.6,20.9,35.2,20.9,2.0,29.6,10.0,0.0,0.4,0.3,-110.5,-98.9,-87.4,-98.9,2.0,24.0,10.0,0.0,0.4,0.3,4.7,14.9,25.1,14.9,2.0,21.1,10.0,0.0,0.4,0.3,-17.5,-15.6,-13.8,-15.6,2.0,3.9,10.0,0.0,0.4,0.3,0.7,2.3,4.0,2.3,2.0,3.3,10.0,0.0,0.4,0.3,171.0,253.0,335.0,253.0,2.0,170.0,10.0,0.0,0.4,0.3,170.0,255.0,335.0,255.0,2.0,170.0,10.0,0.0,0.4,0.3
1974,2,219.0,3.0,26.0,26.0,26.0,26.0,1.0,0.0,12.0,0.0,0.8,0.7,24.0,24.0,24.0,24.0,1.0,0.0,12.0,0.0,0.8,0.7,14.22,14.22,14.22,14.22,1.0,0.0,12.0,0.0,0.8,0.7,76.4,76.4,76.4,76.4,1.0,0.0,12.0,0.0,0.7,5.1,5.1,5.1,5.1,1.0,0.0,12.0,0.0,0.8,0.7,-3.28,-3.28,-3.28,-3.28,1.0,0.0,12.0,0.0,0.8,0.7,3.91,3.91,3.91,3.91,1.0,0.0,12.0,0.0,0.8,0.7,1010.2,1010.2,1010.2,1010.2,1.0,0.0,12.0,0.0,0.8,0.7,,,,,,,,,,,,,,,,,,,,,,,,,,,,,,,2.0,2.0,2.0,2.0,1.0,0.0,12.0,0.0,0.8,0.7,10.2,10.2,10.2,10.2,1.0,0.0,12.0,0.0,0.8,0.7,6.84,6.84,6.84,6.84,1.0,0.0,12.0,0.0,0.8,0.7,34.9,34.9,34.9,34.9,1.0,0.0,12.0,0.0,0.8,0.7,-78.7,-78.7,-78.7,-78.7,1.0,0.0,12.0,0.0,0.8,0.7,93.8,93.8,93.8,93.8,1.0,0.0,12.0,0.0,0.8,0.7,-46.6,-46.6,-46.6,-46.6,1.0,0.0,12.0,0.0,0.8,0.7,55.6,55.6,55.6,55.6,1.0,0.0,12.0,0.0,0.8,0.7,-22.4,-22.4,-22.4,-22.4,1.0,0.0,12.0,0.0,0.8,0.7,26.7,26.7,26.7,26.7,1.0,0.0,12.0,0.0,0.8,0.7,132.5,132.5,132.5,132.5,1.0,0.0,12.0,0.0,0.8,0.7,135.0,135.0,135.0,135.0,1.0,0.0,12.0,0.0,0.8,0.7
1974,2,219.0,6.0,25.17,25.55,25.93,25.55,2.0,0.78,16.0,0.5,0.4,0.4,24.83,24.9,24.97,24.9,2.0,0.14,16.0,0.5,0.4,0.4,17.0,17.19,17.38,17.19,2.0,0.39,16.0,0.5,0.4,0.4,86.8,87.3,87.9,87.3,2.0,1.1,16.0,0.5,0.4,7.69,8.75,9.81,8.75,2.0,2.19,16.0,0.5,0.4,0.4,-9.22,-8.22,-7.23,-8.22,2.0,2.06,16.0,0.5,0.4,0.4,-2.57,-0.53,1.51,-0.53,2.0,4.23,16.0,0.5,0.4,0.4,1009.77,1010.35,1010.93,1010.35,2.0,1.2,16.0,0.5,0.4,0.4,3.5,4.5,5.5,4.5,2.0,2.1,16.0,0.5,0.4,0.4,-91.6,-74.2,-56.8,-74.2,2.0,36.0,16.0,0.5,0.4,0.4,-27.7,-9.3,9.2,-9.3,2.0,38.2,16.0,0.5,0.4,0.4,0.21,0.65,1.09,0.65,2.0,0.92,16.0,0.5,0.4,0.4,2.1,6.7,11.3,6.7,2.0,9.5,16.0,0.5,0.4,0.4,2.68,3.32,3.96,3.32,2.0,1.33,16.0,0.5,0.4,0.4,21.4,30.5,39.6,30.5,2.0,18.9,16.0,0.5,0.4,0.4,-228.8,-204.6,-180.4,-204.6,2.0,50.1,16.0,0.5,0.4,0.4,-63.7,-12.9,37.9,-12.9,2.0,105.3,16.0,0.5,0.4,0.4,-156.4,-140.9,-125.4,-140.9,2.0,32.2,16.0,0.5,0.4,0.4,-43.3,-8.3,26.7,-8.3,2.0,72.5,16.0,0.5,0.4,0.4,-37.2,-28.7,-20.1,-28.7,2.0,17.8,16.0,0.5,0.4,0.4,-11.7,-4.6,2.6,-4.6,2.0,14.8,16.0,0.5,0.4,0.4,487.5,733.0,978.5,733.0,2.0,508.5,16.0,0.5,0.4,0.4,485.0,735.0,980.0,735.0,2.0,510.0,16.0,0.5,0.4,0.4
1974,2,219.0,11.0,24.6,24.6,24.6,24.6,1.0,0.0,20.0,1.0,0.3,0.8,25.0,25.0,25.0,25.0,1.0,0.0,20.0,1.0,0.3,0.8,14.54,14.54,14.54,14.54,1.0,0.0,20.0,1.0,0.3,0.8,73.8,73.8,73.8,73.8,1.0,0.0,20.0,1.0,0.8,9.3,9.3,9.3,9.3,1.0,0.0,20.0,1.0,0.3,0.8,-8.05,-8.05,-8.05,-8.05,1.0,0.0,20.0,1.0,0.3,0.8,-4.65,-4.65,-4.65,-4.65,1.0,0.0,20.0,1.0,0.3,0.8,1013.3,1013.3,1013.3,1013.3,1.0,0.0,20.0,1.0,0.3,0.8,3.0,3.0,3.0,3.0,1.0,0.0,20.0,1.0,0.3,0.8,-74.9,-74.9,-74.9,-74.9,1.0,0.0,20.0,1.0,0.3,0.8,-43.2,-43.2,-43.2,-43.2,1.0,0.0,20.0,1.0,0.3,0.8,-0.4,-0.4,-0.4,-0.4,1.0,0.0,20.0,1.0,0.3,0.8,-3.7,-3.7,-3.7,-3.7,1.0,0.0,20.0,1.0,0.3,0.8,4.76,4.76,4.76,4.76,1.0,0.0,20.0,1.0,0.3,0.8,44.3,44.3,44.3,44.3,1.0,0.0,20.0,1.0,0.3,0.8,-201.4,-201.4,-201.4,-201.4,1.0,0.0,20.0,1.0,0.3,0.8,-116.2,-116.2,-116.2,-116.2,1.0,0.0,20.0,1.0,0.3,0.8,-117.1,-117.1,-117.1,-117.1,1.0,0.0,20.0,1.0,0.3,0.8,-67.6,-67.6,-67.6,-67.6,1.0,0.0,20.0,1.0,0.3,0.8,-38.3,-38.3,-38.3,-38.3,1.0,0.0,20.0,1.0,0.3,0.8,-22.1,-22.1,-22.1,-22.1,1.0,0.0,20.0,1.0,0.3,0.8,804.5,804.5,804.5,804.5,1.0,0.0,20.0,1.0,0.3,0.8,805.0,805.0,805.0,805.0,1.0,0.0,20.0,1.0,0.3,0.8
1974,2,219.0,12.0,24.3,24.3,24.3,24.3,1.0,0.0,20.0,1.0,0.8,0.5,23.2,23.2,23.2,23.2,1.0,0.0,20.0,1.0,0.8,0.5,14.52,14.52,14.52,14.52,1.0,0.0,20.0,1.0,0.8,0.5,82.2,82.2,82.2,82.2,1.0,0.0,20.0,1.0,0.5,14.4,14.4,14.4,14.4,1.0,0.0,20.0,1.0,0.8,0.5,-14.18,-14.18,-14.18,-14.18,1.0,0.0,20.0,1.0,0.8,0.5,-2.5,-2.5,-2.5,-2.5,1.0,0.0,20.0,1.0,0.8,0.5,1014.4,1014.4,1014.4,1014.4,1.0,0.0,20.0,1.0,0.8,0.5,2.0,2.0,2.0,2.0,1.0,0.0,20.0,1.0,0.8,0.5,-204.2,-204.2,-204.2,-204.2,1.0,0.0,20.0,1.0,0.8,0.5,-36.0,-36.0,-36.0,-36.0,1.0,0.0,20.0,1.0,0.8,0.5,1.1,1.1,1.1,1.1,1.0,0.0,20.0,1.0,0.8,0.5,15.8,15.8,15.8,15.8,1.0,0.0,20.0,1.0,0.8,0.5,4.41,4.41,4.41,4.41,1.0,0.0,20.0,1.0,0.8,0.5,63.4,63.4,63.4,63.4,1.0,0.0,20.0,1.0,0.8,0.5,-329.0,-329.0,-329.0,-329.0,1.0,0.0,20.0,1.0,0.8,0.5,-58.0,-58.0,-58.0,-58.0,1.0,0.0,20.0,1.0,0.8,0.5,-206.0,-206.0,-206.0,-206.0,1.0,0.0,20.0,1.0,0.8,0.5,-36.3,-36.3,-36.3,-36.3,1.0,0.0,20.0,1.0,0.8,0.5,-62.5,-62.5,-62.5,-62.5,1.0,0.0,20.0,1.0,0.8,0.5,-11.0,-11.0,-11.0,-11.0,1.0,0.0,20.0,1.0,0.8,0.5,2986.0,2986.0,2986.0,2986.0,1.0,0.0,20.0,1.0,0.8,0.5,2985.0,2985.0,2985.0,2985.0,1.0,0.0,20.0,1.0,0.8,0.5
1974,2,219.0,14.0,24.0,24.0,25.37,24.67,3.0,1.15,22.0,0.0,0.6,0.2,22.66,23.0,23.0,22.83,3.0,0.29,22.0,0.0,0.6,0.2,13.42,13.69,13.96,13.69,2.0,0.56,20.0,0.0,0.7,0.1,77.4,79.7,82.1,79.7,2.0,4.9,20.0,0.0,0.1,10.96,11.3,11.64,11.3,2.0,0.71,20.0,0.0,0.7,0.1,-10.94,-10.62,-10.3,-10.62,2.0,0.66,20.0,0.0,0.7,0.1,-3.98,-3.86,-3.75,-3.86,2.0,0.24,20.0,0.0,0.7,0.1,1013.56,1013.9,1014.65,1014.1,3.0,0.82,22.0,0.0,0.6,0.2,3.6,5.0,5.7,4.7,3.0,1.5,22.0,0.0,0.6,0.2,-127.5,-120.2,-113.0,-120.2,2.0,15.0,20.0,0.0,0.7,0.1,-46.4,-43.8,-41.1,-43.8,2.0,5.5,20.0,0.0,0.7,0.1,1.0,1.0,2.71,1.83,3.0,1.44,22.0,0.0,0.6,0.2,15.9,24.8,33.7,24.8,2.0,18.4,20.0,0.0,0.7,0.1,5.54,6.09,6.65,6.09,2.0,1.14,20.0,0.0,0.7,0.1,64.3,68.4,72.6,68.4,2.0,8.6,20.0,0.0,0.7,0.1,-250.8,-241.7,-232.6,-241.7,2.0,18.9,20.0,0.0,0.7,0.1,-91.3,-88.0,-84.7,-88.0,2.0,6.9,20.0,0.0,0.7,0.1,-146.7,-145.2,-143.6,-145.2,2.0,3.2,20.0,0.0,0.7,0.1,-53.4,-52.8,-52.3,-52.8,2.0,1.2,20.0,0.0,0.7,0.1,-68.2,-64.3,-60.4,-64.3,2.0,8.1,20.0,0.0,0.7,0.1,-24.8,-23.4,-22.0,-23.4,2.0,3.0,20.0,0.0,0.7,0.1,1320.5,1451.5,1582.0,1451.5,2.0,271.0,20.0,0.0,0.7,0.1,1320.0,1450.0,1580.0,1450.0,2.0,270.0,20.0,0.0,0.7,0.1
1974,2,219.0,15.0,23.82,23.85,23.88,23.85,2.0,0.07,22.0,1.0,0.7,0.2,23.56,23.7,23.77,23.67,3.0,0.15,22.0,1.0,0.7,0.5,12.8,12.82,13.21,13.0,3.0,0.33,22.0,1.0,0.7,0.5,70.1,70.4,73.2,71.6,3.0,2.5,22.0,1.0,0.5,7.53,9.3,9.3,8.43,3.0,1.5,22.0,1.0,0.7,0.5,-7.12,-7.12,-6.56,-6.85,3.0,0.48,22.0,1.0,0.7,0.5,-5.98,-5.98,-3.46,-4.75,3.0,2.13,22.0,1.0,0.7,0.5,1013.38,1014.2,1014.95,1014.17,3.0,1.15,22.0,1.0,0.7,0.5,2.3,3.0,4.4,3.3,3.0,1.5,22.0,1.0,0.7,0.5,-66.3,-66.3,-49.8,-58.2,3.0,13.9,22.0,1.0,0.7,0.5,-55.6,-55.6,-28.1,-42.2,3.0,23.2,22.0,1.0,0.7,0.5,0.15,0.25,0.35,0.25,2.0,0.21,22.0,1.0,0.7,0.2,1.4,2.3,3.3,2.3,2.0,2.0,22.0,1.0,0.7,0.2,5.16,5.32,5.48,5.32,2.0,0.33,22.0,1.0,0.7,0.2,48.0,49.5,51.0,49.5,2.0,3.0,22.0,1.0,0.7,0.2,-168.4,-167.4,-155.4,-162.0,3.0,10.6,22.0,1.0,0.7,0.5,-141.3,-140.5,-81.8,-112.2,3.0,50.0,22.0,1.0,0.7,0.5,-94.0,-91.1,-84.0,-89.1,3.0,7.5,22.0,1.0,0.7,0.5,-78.9,-76.5,-44.3,-62.0,3.0,28.3,22.0,1.0,0.7,0.5,-39.0,-37.9,-36.8,-37.9,2.0,2.3,22.0,1.0,0.7,0.2,-32.8,-31.8,-30.9,-31.8,2.0,2.0,22.0,1.0,0.7,0.2,460.5,804.5,804.5,636.5,3.0,291.0,22.0,1.0,0.7,0.5,460.0,805.0,805.0,635.0,3.0,290.0,22.0,1.0,0.7,0.5
1974,2,219.0,16.0,24.0,24.0,24.75,24.37,3.0,0.64,14.0,0.3,0.6,0.4,22.3,22.5,23.11,22.7,3.0,0.62,14.0,0.3,0.6,0.4,11.77,12.0,13.67,12.7,3.0,1.51,14.0,0.3,0.6,0.4,67.8,72.4,81.2,74.4,3.0,10.0,14.0,0.3,0.4,5.29,5.7,9.18,7.2,3.0,3.13,14.0,0.3,0.6,0.4,-7.03,-4.37,1.63,-2.74,3.0,6.5,14.0,0.3,0.6,0.4,-5.9,-3.66,-2.9,-4.39,3.0,2.28,14.0,0.3,0.6,0.4,1014.44,1015.4,1017.24,1015.83,3.0,2.08,14.0,0.3,0.6,0.4,2.6,4.0,5.4,4.0,3.0,2.0,14.0,0.3,0.6,0.4,-68.9,-24.9,7.5,-30.6,3.0,56.2,14.0,0.3,0.6,0.4,-57.8,-20.9,-15.5,-36.3,3.0,33.7,14.0,0.3,0.6,0.4,0.98,1.8,2.35,1.67,3.0,1.01,14.0,0.3,0.6,0.4,6.5,13.3,17.5,12.0,3.0,8.1,14.0,0.3,0.6,0.4,5.8,6.57,6.76,6.28,3.0,0.75,14.0,0.3,0.6,0.4,31.3,39.0,60.8,45.9,3.0,22.4,14.0,0.3,0.6,0.4,-157.8,-102.2,35.4,-62.2,3.0,145.7,14.0,0.3,0.6,0.4,-132.4,-85.7,-66.4,-99.1,3.0,49.7,14.0,0.3,0.6,0.4,-84.0,-51.0,27.4,-28.8,3.0,83.8,14.0,0.3,0.6,0.4,-70.4,-42.8,-38.7,-54.3,3.0,25.3,14.0,0.3,0.6,0.4,-46.6,-29.9,6.9,-20.1,3.0,40.1,14.0,0.3,0.6,0.4,-39.1,-25.1,-17.4,-28.2,3.0,16.1,14.0,0.3,0.6,0.4,149.5,185.0,918.5,526.0,3.0,636.0,14.0,0.3,0.6,0.4,150.0,185.0,920.0,525.0,3.0,635.0,14.0,0.3,0.6,0.4
1974,2,219.0,17.0,22.25,22.8,23.67,22.95,4.0,0.86,20.0,0.8,0.5,0.4,22.55,22.7,23.53,23.03,4.0,0.79,20.0,0.8,0.5,0.4,12.17,12.35,12.53,12.35,2.0,0.36,22.0,1.0,0.3,0.3,71.8,72.5,73.1,72.5,2.0,1.3,22.0,1.0,0.3,6.96,10.95,13.42,10.23,4.0,4.02,20.0,0.8,0.5,0.4,-12.89,-10.78,-6.89,-9.93,4.0,3.74,20.0,0.8,0.5,0.4,-3.56,-1.12,0.82,-1.36,4.0,2.75,20.0,0.8,0.5,0.4,1016.2,1017.8,1019.66,1017.93,4.0,2.37,20.0,0.8,0.5,0.4,2.6,6.0,6.7,4.7,3.0,3.2,22.0,1.0,0.4,0.5,-173.1,-121.8,-51.6,-112.8,4.0,72.9,20.0,0.8,0.5,0.4,-48.4,-14.4,7.4,-20.2,4.0,35.4,20.0,0.8,0.5,0.4,-0.41,-0.2,0.27,-0.07,4.0,0.55,20.0,0.8,0.5,0.4,-2.9,-2.3,3.9,0.3,4.0,5.8,20.0,0.8,0.5,0.4,4.25,4.8,5.35,4.8,2.0,1.14,22.0,1.0,0.3,0.3,28.6,46.3,64.1,46.3,2.0,36.7,22.0,1.0,0.3,0.3,-302.3,-243.3,-155.9,-229.7,4.0,90.4,20.0,0.8,0.5,0.4,-84.4,-25.3,18.4,-32.6,4.0,65.3,20.0,0.8,0.5,0.4,-139.4,-109.0,-78.5,-109.0,2.0,63.2,22.0,1.0,0.3,0.3,-22.8,-13.5,-4.3,-13.5,2.0,19.2,22.0,1.0,0.3,0.3,-63.1,-45.8,-28.4,-45.8,2.0,35.9,22.0,1.0,0.3,0.3,-10.6,-6.3,-2.0,-6.3,2.0,8.9,22.0,1.0,0.3,0.3,416.5,1438.0,2429.0,1423.5,4.0,1192.5,20.0,0.8,0.5,0.4,415.0,1440.0,2430.0,1425.0,4.0,1190.0,20.0,0.8,0.5,0.4
1974,2,219.0,18.0,22.02,22.6,23.92,22.59,8.0,1.31,12.0,0.5,0.6,0.4,21.6,22.0,23.1,22.53,7.0,1.2,12.0,0.6,0.5,0.4,10.87,12.06,13.64,12.16,5.0,1.99,10.0,0.8,0.6,0.5,63.3,71.5,76.7,70.5,5.0,9.6,10.0,0.8,0.5,6.96,9.3,11.85,9.56,7.0,2.48,12.0,0.6,0.5,0.4,-10.38,-9.16,-5.8,-8.61,7.0,2.27,12.0,0.6,0.5,0.4,-5.93,-3.76,-1.4,-3.05,7.0,3.2,12.0,0.6,0.5,0.4,1017.0,1019.1,1020.39,1018.54,8.0,2.05,12.0,0.5,0.6,0.4,0.0,3.0,6.9,3.4,8.0,3.3,12.0,0.5,0.6,0.4,-121.7,-85.2,-37.5,-86.9,7.0,41.6,12.0,0.6,0.5,0.4,-70.3,-31.5,-11.3,-32.6,7.0,36.8,12.0,0.6,0.5,0.4,-1.62,0.6,1.33,0.14,7.0,1.5,12.0,0.6,0.5,0.4,-18.6,4.2,17.0,1.3,7.0,15.9,12.0,0.6,0.5,0.4,4.23,4.54,6.44,5.22,5.0,1.4,10.0,0.8,0.6,0.5,33.9,41.2,60.5,46.5,5.0,19.4,10.0,0.8,0.6,0.5,-229.8,-220.7,-133.1,-193.8,7.0,50.9,12.0,0.6,0.5,0.4,-128.1,-82.8,-35.2,-67.4,7.0,70.0,12.0,0.6,0.5,0.4,-124.0,-98.6,-72.3,-97.0,5.0,32.1,10.0,0.8,0.6,0.5,-54.2,-31.1,-0.3,-26.8,5.0,40.7,10.0,0.8,0.6,0.5,-49.9,-39.3,-31.8,-41.2,5.0,15.8,10.0,0.8,0.6,0.5,-34.9,-8.2,0.4,-14.6,5.0,21.1,10.0,0.8,0.6,0.5,338.0,804.5,1667.0,1023.5,7.0,707.0,12.0,0.6,0.5,0.4,340.0,805.0,1665.0,1025.0,7.0,705.0,12.0,0.6,0.5,0.4
1974,2,219.0,19.0,22.24,22.5,22.6,22.43,4.0,0.3,16.0,0.5,0.3,0.5,21.0,21.6,24.45,22.68,4.0,2.61,16.0,0.5,0.3,0.5,11.8,12.75,12.99,12.41,4.0,1.01,16.0,0.5,0.3,0.5,66.1,74.2,80.2,73.2,4.0,9.2,16.0,0.5,0.5,5.29,8.2,9.8,7.58,4.0,3.25,16.0,0.5,0.3,0.5,-9.21,-7.94,-5.29,-7.28,4.0,2.98,16.0,0.5,0.3,0.5,-1.94,0.0,1.56,-0.18,4.0,2.73,16.0,0.5,0.3,0.5,1017.1,1018.4,1018.76,1017.95,4.0,1.33,16.0,0.5,0.3,0.5,2.0,2.5,5.6,3.8,4.0,2.9,16.0,0.5,0.3,0.5,-91.3,-65.2,-33.3,-62.4,4.0,41.2,16.0,0.5,0.3,0.5,-20.9,0.0,13.6,-3.5,4.0,27.2,16.0,0.5,0.3,0.5,-1.86,0.75,1.26,-0.25,4.0,2.53,16.0,0.5,0.3,0.5,-17.5,6.2,11.2,-2.7,4.0,21.9,16.0,0.5,0.3,0.5,3.93,4.24,4.92,4.41,4.0,0.73,16.0,0.5,0.3,0.5,22.2,32.2,46.2,34.1,4.0,18.6,16.0,0.5,0.3,0.5,-215.0,-187.4,-113.0,-165.1,4.0,68.9,16.0,0.5,0.3,0.5,-40.6,0.0,41.3,0.3,4.0,63.9,16.0,0.5,0.3,0.5,-109.5,-103.0,-67.5,-89.1,4.0,33.5,16.0,0.5,0.3,0.5,-21.2,0.0,20.6,-0.3,4.0,32.5,16.0,0.5,0.3,0.5,-44.1,-31.2,-21.6,-32.8,4.0,17.1,16.0,0.5,0.3,0.5,-10.5,0.0,5.8,-2.2,4.0,13.0,16.0,0.5,0.3,0.5,233.0,557.5,973.5,601.0,4.0,511.5,16.0,0.5,0.3,0.5,235.0,560.0,975.0,600.0,4.0,510.0,16.0,0.5,0.3,0.5
1974,2,219.0,20.0,20.4,21.5,22.8,21.52,6.0,1.19,22.0,0.7,0.6,0.7,20.4,21.15,22.31,21.38,6.0,1.29,22.0,0.7,0.6,0.7,10.88,11.41,13.69,11.95,6.0,1.42,22.0,0.7,0.6,0.7,71.2,75.4,78.5,75.7,6.0,5.3,22.0,0.7,0.7,6.77,8.75,10.56,9.08,6.0,3.47,22.0,0.7,0.6,0.7,-10.56,-7.97,-5.66,-8.37,6.0,4.05,22.0,0.7,0.6,0.7,-4.19,-1.59,0.0,-2.06,6.0,2.35,22.0,0.7,0.6,0.7,1017.66,1019.3,1019.89,1018.83,6.0,1.82,22.0,0.7,0.6,0.7,5.3,7.0,7.4,6.4,5.0,1.5,22.0,0.6,0.5,0.8,-117.6,-66.6,-44.3,-87.5,6.0,77.5,22.0,0.7,0.6,0.7,-32.4,-10.0,0.0,-15.5,6.0,18.5,22.0,0.7,0.6,0.7,-2.21,0.75,1.77,0.13,6.0,2.21,22.0,0.7,0.6,0.7,-15.5,5.8,20.0,6.2,6.0,21.9,22.0,0.7,0.6,0.7,2.47,3.88,5.97,3.97,6.0,1.91,22.0,0.7,0.6,0.7,19.5,32.4,63.4,40.7,6.0,31.4,22.0,0.7,0.6,0.7,-215.6,-167.7,-125.6,-175.0,6.0,76.5,22.0,0.7,0.6,0.7,-96.8,-32.6,0.0,-45.5,6.0,52.4,22.0,0.7,0.6,0.7,-117.1,-94.9,-67.6,-96.8,6.0,41.4,22.0,0.7,0.6,0.7,-55.3,-16.6,0.0,-24.8,6.0,28.7,22.0,0.7,0.6,0.7,-60.7,-32.4,-14.8,-38.9,6.0,32.3,22.0,0.7,0.6,0.7,-15.6,-2.3,0.0,-6.4,6.0,8.4,22.0,0.7,0.6,0.7,323.5,678.0,1392.5,1053.0,6.0,1299.5,22.0,0.7,0.6,0.7,325.0,680.0,1390.0,1055.0,6.0,1300.0,22.0,0.7,0.6,0.7
1974,2,219.0,21.0,22.2,23.0,24.0,23.2,10.0,0.98,16.0,0.4,0.5,0.5,21.0,21.1,22.23,21.56,10.0,1.17,16.0,0.4,0.5,0.5,10.71,11.38,13.16,11.98,10.0,1.55,16.0,0.4,0.5,0.5,69.7,74.0,82.5,75.2,10.0,5.9,16.0,0.4,0.5,6.84,10.3,13.76,9.89,10.0,3.76,16.0,0.4,0.5,0.5,-13.63,-9.68,-6.79,-9.59,10.0,3.7,16.0,0.4,0.5,0.5,-3.52,-2.54,0.0,-1.78,10.0,1.82,16.0,0.4,0.5,0.5,1019.39,1020.35,1022.9,1021.05,10.0,1.75,16.0,0.4,0.5,0.5,2.4,4.0,5.6,3.9,10.0,2.2,16.0,0.4,0.5,0.5,-188.0,-99.7,-47.0,-107.4,10.0,69.4,16.0,0.4,0.5,0.5,-36.3,-32.8,0.0,-20.6,10.0,19.4,16.0,0.4,0.5,0.5,0.83,1.55,2.54,1.64,10.0,0.83,16.0,0.4,0.5,0.5,6.4,17.0,31.5,18.1,10.0,12.1,16.0,0.4,0.5,0.5,4.19,5.46,7.31,5.63,10.0,1.45,16.0,0.4,0.5,0.5,31.9,48.9,96.6,59.0,10.0,32.3,16.0,0.4,0.5,0.5,-284.4,-203.7,-154.1,-205.4,10.0,76.5,16.0,0.4,0.5,0.5,-74.2,-53.9,0.0,-37.4,10.0,39.4,16.0,0.4,0.5,0.5,-146.0,-111.5,-88.2,-112.0,10.0,37.0,16.0,0.4,0.5,0.5,-40.6,-27.5,0.0,-20.6,10.0,22.7,16.0,0.4,0.5,0.5,-96.0,-47.3,-30.7,-57.3,10.0,32.1,16.0,0.4,0.5,0.5,-18.4,-14.1,0.0,-10.2,10.0,10.4,16.0,0.4,0.5,0.5,332.0,1092.5,2626.5,1323.5,10.0,1127.5,16.0,0.4,0.5,0.5,330.0,1095.0,2625.0,1325.0,10.0,1130.0,16.0,0.4,0.5,0.5
1974,2,219.0,22.0,21.66,22.0,23.37,22.5,3.0,1.32,12.0,0.3,0.3,0.5,20.82,22.0,23.37,22.1,5.0,1.43,16.0,0.4,0.4,0.4,11.15,11.92,13.03,12.09,3.0,1.39,16.0,0.3,0.4,0.6,69.8,72.5,79.7,74.7,3.0,7.5,16.0,0.3,0.6,5.43,9.8,11.03,8.54,5.0,3.32,16.0,0.4,0.4,0.4,-10.96,-9.21,-3.58,-7.71,5.0,4.01,16.0,0.4,0.4,0.4,-3.32,0.0,2.11,-0.55,5.0,3.36,16.0,0.4,0.4,0.4,1017.38,1019.45,1020.52,1018.98,4.0,2.16,14.0,0.3,0.5,0.5,0.6,2.0,3.4,2.0,5.0,1.6,16.0,0.4,0.4,0.4,-121.8,-90.2,-18.0,-76.1,5.0,57.6,16.0,0.4,0.4,0.4,-28.8,0.0,15.6,-4.2,5.0,26.6,16.0,0.4,0.4,0.4,-0.02,1.0,1.0,0.5,3.0,0.87,12.0,0.3,0.3,0.5,-0.8,4.1,8.0,3.6,3.0,6.5,12.0,0.3,0.3,0.5,2.98,4.46,5.95,4.46,2.0,3.08,12.0,0.5,0.2,0.5,22.3,39.6,57.0,39.6,2.0,36.0,12.0,0.5,0.2,0.5,-240.6,-211.1,-76.3,-172.6,5.0,95.2,16.0,0.4,0.4,0.4,-75.7,0.0,46.8,-12.6,5.0,75.2,16.0,0.4,0.4,0.4,-110.7,-109.8,-63.5,-87.6,3.0,39.5,16.0,0.3,0.4,0.6,-49.7,0.0,27.3,-10.9,3.0,57.1,16.0,0.3,0.4,0.6,-52.6,-34.1,-15.7,-34.1,2.0,38.2,12.0,0.5,0.2,0.5,-6.8,5.0,16.8,5.0,2.0,24.4,12.0,0.5,0.2,0.5,176.5,941.0,1373.5,840.5,5.0,720.0,16.0,0.4,0.4,0.4,175.0,940.0,1375.0,840.0,5.0,720.0,16.0,0.4,0.4,0.4
1974,2,219.0,23.0,22.8,22.8,22.8,22.8,1.0,0.0,22.0,1.0,0.7,0.2,26.1,26.1,26.1,26.1,1.0,0.0,22.0,1.0,0.7,0.2,11.96,11.96,11.96,11.96,1.0,0.0,22.0,1.0,0.7,0.2,57.3,57.3,57.3,57.3,1.0,0.0,22.0,1.0,0.2,2.6,2.6,2.6,2.6,1.0,0.0,22.0,1.0,0.7,0.2,-2.44,-2.44,-2.44,-2.44,1.0,0.0,22.0,1.0,0.7,0.2,-0.89,-0.89,-0.89,-0.89,1.0,0.0,22.0,1.0,0.7,0.2,1018.8,1018.8,1018.8,1018.8,1.0,0.0,22.0,1.0,0.7,0.2,6.0,6.0,6.0,6.0,1.0,0.0,22.0,1.0,0.7,0.2,-6.4,-6.4,-6.4,-6.4,1.0,0.0,22.0,1.0,0.7,0.2,-2.3,-2.3,-2.3,-2.3,1.0,0.0,22.0,1.0,0.7,0.2,-3.3,-3.3,-3.3,-3.3,1.0,0.0,22.0,1.0,0.7,0.2,-8.6,-8.6,-8.6,-8.6,1.0,0.0,22.0,1.0,0.7,0.2,5.24,5.24,5.24,5.24,1.0,0.0,22.0,1.0,0.7,0.2,13.6,13.6,13.6,13.6,1.0,0.0,22.0,1.0,0.7,0.2,-63.8,-63.8,-63.8,-63.8,1.0,0.0,22.0,1.0,0.7,0.2,-23.2,-23.2,-23.2,-23.2,1.0,0.0,22.0,1.0,0.7,0.2,-29.2,-29.2,-29.2,-29.2,1.0,0.0,22.0,1.0,0.7,0.2,-10.6,-10.6,-10.6,-10.6,1.0,0.0,22.0,1.0,0.7,0.2,-12.8,-12.8,-12.8,-12.8,1.0,0.0,22.0,1.0,0.7,0.2,-4.7,-4.7,-4.7,-4.7,1.0,0.0,22.0,1.0,0.7,0.2,17.5,17.5,17.5,17.5,1.0,0.0,22.0,1.0,0.7,0.2,20.0,20.0,20.0,20.0,1.0,0.0,22.0,1.0,0.7,0.2
1974,2,219.0,24.0,21.0,21.2,22.11,21.56,5.0,0.84,24.0,0.6,0.6,0.3,18.57,19.75,20.69,19.32,6.0,2.23,24.0,0.7,0.6,0.3,8.93,9.82,10.64,9.77,6.0,0.96,24.0,0.7,0.6,0.3,66.5,70.5,75.6,71.0,6.0,5.8,24.0,0.7,0.3,7.2,8.2,9.92,8.73,6.0,1.94,24.0,0.7,0.6,0.3,-8.69,-7.45,-3.82,-5.29,6.0,7.2,24.0,0.7,0.6,0.3,-3.63,-0.81,0.0,-1.79,6.0,2.45,24.0,0.7,0.6,0.3,1022.19,1022.85,1025.17,1023.38,6.0,1.67,24.0,0.7,0.6,0.3,4.8,7.5,8.0,6.7,6.0,1.8,24.0,0.7,0.6,0.3,-83.5,-55.6,-23.5,-46.7,6.0,71.1,24.0,0.7,0.6,0.3,-36.2,-7.5,0.0,-19.4,6.0,29.5,24.0,0.7,0.6,0.3,0.83,1.5,1.87,1.38,5.0,0.82,24.0,0.6,0.6,0.3,6.8,10.8,14.8,11.0,5.0,6.9,24.0,0.6,0.6,0.3,5.46,5.52,6.35,5.83,5.0,0.5,24.0,0.6,0.6,0.3,39.7,49.6,58.8,50.0,5.0,11.1,24.0,0.6,0.6,0.3,-180.1,-147.2,-83.0,-115.5,6.0,128.1,24.0,0.7,0.6,0.3,-75.6,-12.1,0.0,-36.1,6.0,52.5,24.0,0.7,0.6,0.3,-94.6,-70.7,-39.6,-56.2,6.0,67.1,24.0,0.7,0.6,0.3,-39.4,-6.8,0.0,-18.5,6.0,26.1,24.0,0.7,0.6,0.3,-53.5,-49.6,-39.7,-47.5,5.0,7.7,24.0,0.6,0.6,0.3,-23.9,0.0,0.0,-10.3,5.0,15.0,24.0,0.6,0.6,0.3,373.0,557.5,1022.5,754.5,6.0,568.5,24.0,0.7,0.6,0.3,375.0,560.0,1025.0,755.0,6.0,570.0,24.0,0.7,0.6,0.3
1974,2,219.0,25.0,20.01,21.2,22.07,20.94,5.0,1.56,20.0,0.4,0.5,0.5,18.25,19.1,20.55,19.34,5.0,1.55,20.0,0.4,0.5,0.5,9.57,10.63,11.18,10.42,5.0,0.83,20.0,0.4,0.5,0.5,68.7,72.2,83.0,75.8,5.0,9.9,20.0,0.4,0.5,6.16,7.7,9.51,7.63,6.0,2.16,20.0,0.5,0.5,0.5,-6.79,-5.17,-0.89,-3.25,6.0,5.68,20.0,0.5,0.5,0.5,-7.06,-3.24,-1.67,-3.9,6.0,3.36,20.0,0.5,0.5,0.5,1019.9,1021.5,1022.08,1020.92,6.0,1.77,20.0,0.5,0.5,0.5,4.0,6.5,8.0,5.7,6.0,3.0,20.0,0.5,0.5,0.5,-52.2,-35.9,3.6,-19.0,6.0,51.2,20.0,0.5,0.5,0.5,-70.9,-25.0,-11.6,-35.3,6.0,32.6,20.0,0.5,0.5,0.5,0.45,2.2,2.58,1.6,5.0,1.37,20.0,0.4,0.5,0.5,4.3,9.3,18.8,10.5,5.0,9.4,20.0,0.4,0.5,0.5,3.64,5.34,6.26,4.92,5.0,1.93,20.0,0.4,0.5,0.5,19.9,36.4,45.7,33.2,5.0,13.6,20.0,0.4,0.5,0.5,-138.7,-120.3,-71.4,-107.1,5.0,37.9,20.0,0.4,0.5,0.5,-107.8,-49.5,-22.6,-62.6,5.0,60.6,20.0,0.4,0.5,0.5,-70.1,-59.6,-41.7,-56.2,5.0,15.5,20.0,0.4,0.5,0.5,-61.7,-25.4,-10.9,-35.5,5.0,39.0,20.0,0.4,0.5,0.5,-42.9,-31.5,-15.7,-28.9,5.0,15.8,20.0,0.4,0.5,0.5,-16.7,-15.5,-8.4,-12.2,5.0,9.0,20.0,0.4,0.5,0.5,253.0,456.5,864.0,530.0,6.0,365.5,20.0,0.5,0.5,0.5,255.0,455.0,865.0,530.0,6.0,365.0,20.0,0.5,0.5,0.5
1974,2,219.0,26.0,18.03,19.5,20.4,19.26,5.0,1.48,10.0,0.6,0.7,0.4,18.4,19.25,20.7,19.45,6.0,1.2,12.0,0.7,0.6,0.3,9.28,10.31,12.12,10.59,5.0,1.68,10.0,0.6,0.7,0.4,65.4,76.4,84.7,75.8,5.0,11.0,10.0,0.6,0.4,4.0,4.85,8.3,5.72,6.0,2.18,12.0,0.7,0.6,0.3,-8.18,-4.81,-3.0,-5.1,6.0,2.92,12.0,0.7,0.6,0.3,-0.18,0.71,2.03,1.01,6.0,1.74,12.0,0.7,0.6,0.3,1018.93,1025.35,1028.14,1024.08,6.0,4.53,12.0,0.7,0.6,0.3,5.6,6.5,7.2,6.3,6.0,1.4,12.0,0.7,0.6,0.3,-67.9,-23.4,-10.9,-33.9,6.0,29.4,12.0,0.7,0.6,0.3,-0.9,5.8,13.8,6.1,6.0,8.7,12.0,0.7,0.6,0.3,-1.88,0.0,1.5,-0.28,5.0,2.04,10.0,0.6,0.7,0.4,-13.1,0.0,6.7,-3.9,5.0,15.1,10.0,0.6,0.7,0.4,1.58,3.68,4.51,3.19,5.0,2.04,10.0,0.6,0.7,0.4,10.2,19.6,30.2,19.3,5.0,12.0,10.0,0.6,0.7,0.4,-171.7,-90.2,-58.3,-101.7,6.0,62.4,12.0,0.7,0.6,0.3,-3.4,15.0,39.7,19.6,6.0,32.0,12.0,0.7,0.6,0.3,-88.2,-45.5,-29.4,-54.9,5.0,35.4,10.0,0.6,0.7,0.4,-2.7,14.8,25.9,13.2,5.0,18.9,10.0,0.6,0.7,0.4,-29.7,-19.3,-2.2,-16.6,5.0,13.9,10.0,0.6,0.7,0.4,-1.9,3.4,8.8,3.7,5.0,7.5,10.0,0.6,0.7,0.4,64.5,115.0,573.5,259.0,6.0,271.5,12.0,0.7,0.6,0.3,65.0,115.0,575.0,260.0,6.0,270.0,12.0,0.7,0.6,0.3
1974,2,219.0,27.0,18.3,19.75,20.58,19.57,12.0,1.08,14.0,0.8,0.6,0.4,19.4,20.0,22.9,21.03,13.0,1.8,14.0,0.8,0.5,0.4,8.72,11.18,13.24,11.11,11.0,2.32,18.0,0.7,0.5,0.4,61.2,76.2,87.5,74.2,11.0,12.5,18.0,0.7,0.4,5.1,7.7,8.85,6.97,12.0,2.04,16.0,0.8,0.5,0.4,-8.2,-5.88,-1.28,-4.58,12.0,5.09,16.0,0.8,0.5,0.4,-3.04,1.42,2.13,0.47,12.0,2.85,16.0,0.8,0.5,0.4,1019.24,1022.5,1023.4,1021.44,13.0,2.86,14.0,0.8,0.5,0.4,2.0,3.5,7.3,4.3,12.0,2.4,14.0,0.8,0.5,0.5,-68.3,-38.7,-3.9,-33.9,12.0,45.7,16.0,0.8,0.5,0.4,-13.6,11.0,16.7,5.7,12.0,19.6,16.0,0.8,0.5,0.4,-3.05,-0.85,0.0,-1.32,12.0,1.48,14.0,0.8,0.6,0.4,-27.2,-5.6,0.0,-10.9,11.0,12.8,16.0,0.7,0.6,0.3,1.19,2.72,4.78,2.9,10.0,2.08,16.0,0.7,0.5,0.3,12.6,19.9,28.6,19.5,9.0,11.0,18.0,0.7,0.6,0.3,-192.2,-115.5,-29.7,-98.0,12.0,106.7,16.0,0.8,0.5,0.4,-66.3,33.5,41.8,8.8,12.0,58.9,16.0,0.8,0.5,0.4,-99.7,-46.7,1.3,-41.0,10.0,65.0,18.0,0.7,0.5,0.3,-33.1,13.6,24.0,2.6,10.0,34.4,18.0,0.7,0.5,0.3,-25.1,-13.6,4.5,-11.6,9.0,16.5,18.0,0.7,0.6,0.3,-10.1,2.4,11.1,2.1,9.0,11.0,18.0,0.7,0.6,0.3,132.5,456.5,695.5,416.5,12.0,299.0,16.0,0.8,0.5,0.4,135.0,455.0,695.0,415.0,12.0,300.0,16.0,0.8,0.5,0.4
1974,2,219.0,28.0,19.45,20.0,21.0,20.13,23.0,1.05,18.0,0.3,0.6,0.6,17.8,18.4,19.83,18.79,22.0,1.47,18.0,0.4,0.6,0.6,7.97,8.39,11.27,9.07,22.0,1.7,18.0,0.4,0.6,0.6,57.6,65.3,82.0,68.0,22.0,11.7,18.0,0.4,0.6,2.6,5.1,7.7,4.97,22.0,2.42,18.0,0.4,0.6,0.6,-7.24,-3.97,-0.56,-3.89,22.0,3.25,18.0,0.4,0.6,0.6,-3.06,0.0,1.58,-0.57,22.0,2.24,18.0,0.4,0.6,0.6,1022.1,1024.2,1025.7,1023.88,22.0,2.34,18.0,0.4,0.6,0.6,2.0,5.0,7.0,4.6,20.0,2.3,18.0,0.4,0.6,0.6,-55.7,-19.9,-1.4,-25.6,22.0,23.6,18.0,0.4,0.6,0.6,-19.1,0.0,7.7,-3.6,22.0,13.2,18.0,0.4,0.6,0.6,0.0,1.5,2.7,1.34,22.0,1.52,18.0,0.4,0.6,0.6,0.0,5.3,15.1,5.8,22.0,9.8,18.0,0.4,0.6,0.6,3.56,5.65,7.72,5.47,22.0,1.98,18.0,0.4,0.6,0.6,12.4,20.9,49.5,27.2,22.0,18.3,18.0,0.4,0.6,0.6,-140.4,-75.5,-10.0,-75.4,22.0,64.1,18.0,0.4,0.6,0.6,-58.1,0.0,27.3,-11.2,22.0,43.0,18.0,0.4,0.6,0.6,-61.7,-43.1,-3.7,-36.6,22.0,31.3,18.0,0.4,0.6,0.6,-31.8,0.0,14.3,-5.5,22.0,20.8,18.0,0.4,0.6,0.6,-43.7,-16.5,-2.5,-21.6,22.0,20.3,18.0,0.4,0.6,0.6,-15.7,0.0,8.4,-3.3,22.0,14.0,18.0,0.4,0.6,0.6,17.5,132.5,456.5,199.0,22.0,179.0,18.0,0.4,0.6,0.6,20.0,135.0,455.0,200.0,22.0,180.0,18.0,0.4,0.6,0.6
1974,2,219.0,29.0,17.8,18.8,19.75,18.86,49.0,0.97,14.0,0.5,0.7,0.7,17.0,18.1,19.09,18.14,52.0,1.22,14.0,0.5,0.7,0.7,8.67,9.84,10.86,9.95,50.0,1.14,14.0,0.5,0.7,0.7,68.7,78.9,88.4,78.2,50.0,9.9,14.0,0.5,0.7,2.65,5.7,10.66,6.37,52.0,3.65,14.0,0.5,0.7,0.7,-8.24,-5.02,-1.49,-4.39,52.0,3.69,14.0,0.5,0.7,0.7,-5.28,0.0,1.66,-1.1,52.0,4.51,14.0,0.5,0.7,0.7,1022.0,1024.2,1026.71,1024.24,51.0,2.78,14.0,0.5,0.7,0.7,3.0,7.0,8.0,6.2,52.0,2.4,14.0,0.5,0.7,0.7,-82.5,-27.8,-2.3,-37.1,52.0,41.3,14.0,0.5,0.7,0.7,-55.9,0.0,10.1,-15.5,52.0,52.1,14.0,0.5,0.7,0.7,-0.54,0.5,2.28,0.71,49.0,1.43,14.0,0.5,0.7,0.7,-2.1,2.3,15.3,6.5,49.0,14.0,14.0,0.5,0.7,0.7,2.24,3.13,4.25,3.34,48.0,1.24,14.0,0.5,0.7,0.7,7.9,17.1,28.8,20.0,48.0,15.1,14.0,0.5,0.7,0.7,-137.1,-84.9,-28.8,-77.7,52.0,65.9,14.0,0.5,0.7,0.7,-93.5,0.0,31.1,-17.1,52.0,79.4,14.0,0.5,0.7,0.7,-71.4,-46.2,-10.5,-41.7,50.0,36.2,14.0,0.5,0.7,0.7,-66.2,0.0,15.5,-14.1,50.0,44.6,14.0,0.5,0.7,0.7,-22.3,-13.6,-0.9,-13.5,48.0,15.3,14.0,0.5,0.7,0.7,-13.5,0.0,5.6,-3.3,48.0,14.3,14.0,0.5,0.7,0.7,18.5,185.0,1217.0,535.0,52.0,782.5,14.0,0.5,0.7,0.7,20.0,185.0,1215.0,535.0,52.0,785.0,14.0,0.5,0.7,0.7
1974,2,219.0,30.0,18.3,18.9,19.3,18.69,322.0,0.61,12.0,0.5,1.0,0.0,17.2,18.0,19.0,18.06,320.0,1.07,12.0,0.5,1.0,0.0,8.04,9.18,10.51,9.33,318.0,1.36,12.0,0.5,1.0,0.0,63.5,73.0,83.1,73.4,318.0,10.3,12.0,0.5,0.0,2.1,5.7,8.2,5.28,322.0,2.96,12.0,0.5,1.0,0.0,-7.58,-3.91,0.77,-3.4,322.0,3.97,12.0,0.5,1.0,0.0,-1.3,1.21,3.91,1.21,322.0,2.81,12.0,0.5,1.0,0.0,1021.7,1024.15,1027.1,1024.01,324.0,3.76,12.0,0.5,1.0,0.0,2.0,7.0,8.0,5.8,324.0,2.5,12.0,0.5,1.0,0.0,-58.4,-17.6,1.2,-25.3,322.0,35.2,12.0,0.5,1.0,0.0,-5.2,5.4,25.9,9.1,322.0,21.1,12.0,0.5,1.0,0.0,-0.2,0.6,1.5,0.61,318.0,1.18,12.0,0.5,1.0,0.0,-0.8,2.0,8.7,3.1,317.0,6.5,12.0,0.5,1.0,0.0,2.27,3.91,5.71,3.92,317.0,1.61,12.0,0.5,1.0,0.0,6.4,18.8,36.1,20.7,316.0,14.3,12.0,0.5,1.0,0.0,-137.0,-69.5,10.4,-62.0,318.0,72.5,12.0,0.5,1.0,0.0,-25.1,21.2,69.8,22.1,318.0,51.3,12.0,0.5,1.0,0.0,-74.2,-33.0,7.1,-32.0,317.0,38.2,12.0,0.5,1.0,0.0,-12.8,10.7,35.3,10.4,317.0,26.7,12.0,0.5,1.0,0.0,-30.1,-12.2,0.5,-13.2,316.0,16.8,12.0,0.5,1.0,0.0,-5.0,3.6,16.6,5.6,316.0,12.1,12.0,0.5,1.0,0.0,9.5,185.0,551.5,284.0,322.0,361.5,12.0,0.5,1.0,0.0,10.0,185.0,550.0,285.0,322.0,360.0,12.0,0.5,1.0,0.0
1974,2,219.0,31.0,17.04,18.0,18.5,17.78,15.0,0.81,14.0,0.5,0.6,0.4,15.54,16.9,18.59,17.13,18.0,1.85,12.0,0.5,0.6,0.4,7.64,9.54,10.99,9.48,17.0,1.58,12.0,0.5,0.5,0.4,68.5,79.4,86.9,78.9,17.0,10.1,12.0,0.5,0.4,4.1,6.45,8.18,6.43,18.0,3.11,12.0,0.5,0.6,0.4,-6.82,-2.86,3.57,-1.76,18.0,5.22,12.0,0.5,0.6,0.4,-4.6,0.0,4.64,-0.12,18.0,4.78,12.0,0.5,0.6,0.4,1023.61,1026.4,1031.9,1027.53,18.0,5.71,12.0,0.5,0.6,0.4,4.0,6.0,7.5,5.3,17.0,2.2,12.0,0.5,0.6,0.4,-52.6,-11.5,19.8,-10.7,18.0,49.3,12.0,0.5,0.6,0.4,-25.5,0.0,34.3,-5.0,18.0,48.6,12.0,0.5,0.6,0.4,-0.3,1.0,2.18,0.79,15.0,1.43,14.0,0.5,0.6,0.4,-1.7,4.7,11.2,4.1,15.0,9.1,14.0,0.5,0.6,0.4,2.09,3.32,4.31,3.28,14.0,1.28,14.0,0.4,0.5,0.4,8.5,19.7,26.5,18.2,14.0,10.8,14.0,0.4,0.5,0.4,-121.3,-47.0,68.4,-31.8,18.0,89.5,12.0,0.5,0.6,0.4,-73.6,0.0,85.1,1.8,18.0,79.2,12.0,0.5,0.6,0.4,-66.9,-18.7,38.2,-15.5,17.0,51.7,12.0,0.5,0.5,0.4,-41.9,0.0,45.6,-1.4,17.0,44.7,12.0,0.5,0.5,0.4,-15.4,-4.2,10.3,-4.6,14.0,13.6,14.0,0.4,0.5,0.4,-14.0,0.0,17.0,1.2,14.0,16.2,14.0,0.4,0.5,0.4,69.0,269.5,561.5,455.0,18.0,690.5,12.0,0.5,0.6,0.4,70.0,270.0,560.0,455.0,18.0,690.0,12.0,0.5,0.6,0.4
1974,2,219.0,32.0,15.75,16.65,17.85,16.62,12.0,1.34,18.0,0.6,0.6,0.6,15.89,17.0,18.41,17.25,11.0,1.91,20.0,0.5,0.6,0.6,8.43,9.58,10.82,9.47,11.0,1.2,20.0,0.5,0.6,0.6,69.2,78.2,83.7,78.5,11.0,10.2,20.0,0.5,0.6,4.1,5.65,13.28,7.49,12.0,4.09,18.0,0.6,0.6,0.6,-4.81,0.0,5.36,0.09,12.0,5.52,18.0,0.6,0.6,0.6,-4.96,0.76,6.24,0.53,12.0,6.86,18.0,0.6,0.6,0.6,1020.4,1024.9,1028.28,1023.18,12.0,7.51,18.0,0.6,0.6,0.6,2.0,4.0,7.0,4.0,11.0,2.6,20.0,0.5,0.6,0.6,-34.5,0.0,29.0,-1.4,12.0,61.7,18.0,0.6,0.6,0.6,-28.9,3.3,56.2,9.1,12.0,86.3,18.0,0.6,0.6,0.6,-2.24,-0.5,1.05,-0.58,11.0,1.92,20.0,0.5,0.6,0.6,-15.1,-5.1,7.3,-4.1,11.0,14.2,20.0,0.5,0.6,0.6,1.07,2.34,3.62,2.23,11.0,1.52,20.0,0.5,0.6,0.6,6.6,15.9,25.6,15.8,11.0,11.6,20.0,0.5,0.6,0.6,-95.9,0.0,93.7,-6.0,11.0,97.3,20.0,0.5,0.6,0.6,-83.8,12.1,126.1,13.1,11.0,117.2,20.0,0.5,0.6,0.6,-49.7,0.0,45.9,-4.3,11.0,53.0,20.0,0.5,0.6,0.6,-52.9,5.2,72.3,6.3,11.0,66.8,20.0,0.5,0.6,0.6,-11.0,0.0,12.9,1.1,11.0,11.9,20.0,0.5,0.6,0.6,-15.0,0.9,14.0,-0.8,11.0,16.3,20.0,0.5,0.6,0.6,69.0,185.5,2360.0,818.0,12.0,1166.5,18.0,0.6,0.6,0.6,70.0,185.0,2360.0,820.0,12.0,1165.0,18.0,0.6,0.6,0.6
1974,2,219.0,33.0,15.27,18.0,19.29,17.4,9.0,2.18,16.0,0.4,0.7,0.4,15.0,16.0,18.75,16.46,9.0,2.25,14.0,0.4,0.6,0.4,7.99,8.74,9.71,8.44,8.0,1.94,14.0,0.4,0.6,0.4,61.9,72.8,87.6,72.4,8.0,16.4,14.0,0.4,0.4,3.74,6.95,9.61,6.57,10.0,3.33,16.0,0.5,0.6,0.3,-7.19,-2.51,3.41,-1.93,10.0,5.28,16.0,0.5,0.6,0.3,-4.77,0.25,5.89,0.73,10.0,5.14,16.0,0.5,0.6,0.3,1022.64,1026.15,1029.28,1026.09,8.0,3.53,14.0,0.4,0.6,0.4,6.0,6.5,8.0,6.4,10.0,1.8,16.0,0.5,0.6,0.3,-71.4,-13.0,19.4,-19.3,10.0,45.1,16.0,0.5,0.6,0.3,-37.7,0.1,46.3,5.8,10.0,49.0,16.0,0.5,0.6,0.3,-2.33,-0.05,3.8,0.56,8.0,2.93,14.0,0.4,0.6,0.4,-10.8,-0.4,22.1,2.3,8.0,24.7,14.0,0.4,0.6,0.4,1.48,3.64,5.12,3.69,8.0,2.39,14.0,0.4,0.6,0.4,8.4,14.5,39.5,25.7,8.0,27.6,14.0,0.4,0.6,0.4,-106.1,-81.6,73.5,-32.8,9.0,86.8,14.0,0.4,0.6,0.4,-77.0,0.0,119.6,13.3,9.0,88.8,14.0,0.4,0.6,0.4,-62.5,-36.1,20.3,-24.8,8.0,39.9,14.0,0.4,0.6,0.4,-18.8,2.6,59.4,16.3,8.0,37.5,14.0,0.4,0.6,0.4,-25.3,-7.0,12.4,-11.5,8.0,25.9,14.0,0.4,0.6,0.4,-7.2,1.0,14.5,-0.2,8.0,26.4,14.0,0.4,0.6,0.4,58.5,347.5,906.5,470.0,10.0,483.0,16.0,0.5,0.6,0.3,60.0,345.0,905.0,470.0,10.0,485.0,16.0,0.5,0.6,0.3
1974,2,219.0,34.0,15.15,16.1,17.0,16.15,11.0,1.22,12.0,0.5,0.5,0.5,13.59,15.1,16.66,15.19,16.0,1.93,14.0,0.6,0.6,0.5,7.14,7.4,8.9,7.72,13.0,1.44,12.0,0.5,0.6,0.5,68.2,74.4,82.7,74.5,13.0,8.7,12.0,0.5,0.5,1.19,6.2,10.11,6.11,16.0,4.03,14.0,0.6,0.6,0.5,-7.1,0.0,4.93,-0.97,16.0,6.07,14.0,0.6,0.6,0.5,-3.44,0.38,3.1,-0.32,16.0,4.25,14.0,0.6,0.6,0.5,1022.04,1026.55,1029.8,1025.83,16.0,5.74,14.0,0.6,0.6,0.5,4.0,7.0,8.0,6.2,16.0,2.3,14.0,0.6,0.6,0.5,-55.5,0.0,42.8,-10.5,16.0,59.3,14.0,0.6,0.6,0.5,-19.1,0.5,19.2,-3.3,16.0,45.5,14.0,0.6,0.6,0.5,-0.21,1.5,3.35,1.64,11.0,2.01,12.0,0.5,0.5,0.5,0.0,3.1,19.8,12.3,11.0,21.9,12.0,0.5,0.5,0.5,2.16,3.92,5.13,3.92,10.0,1.79,14.0,0.4,0.5,0.5,3.9,18.2,43.4,25.8,10.0,28.5,14.0,0.4,0.5,0.5,-98.9,0.0,78.0,-10.3,16.0,96.5,14.0,0.6,0.6,0.5,-51.0,6.0,53.0,-1.5,16.0,56.8,14.0,0.6,0.6,0.5,-57.7,-11.2,19.8,-18.1,13.0,41.6,12.0,0.5,0.6,0.5,-29.7,6.7,32.4,1.9,13.0,29.7,12.0,0.5,0.6,0.5,-24.5,-3.1,11.6,-6.1,10.0,23.4,14.0,0.4,0.5,0.5,-16.9,-2.2,9.0,-9.1,10.0,29.5,14.0,0.4,0.5,0.5,2.0,238.5,1035.0,510.5,16.0,670.0,14.0,0.6,0.6,0.5,0.0,240.0,1035.0,510.0,16.0,670.0,14.0,0.6,0.6,0.5
1974,2,219.0,35.0,14.0,15.5,16.55,15.35,13.0,1.21,16.0,0.5,0.5,0.6,12.45,14.2,16.55,14.6,13.0,2.49,16.0,0.5,0.5,0.6,6.1,8.32,9.44,7.88,12.0,1.9,16.0,0.4,0.5,0.6,63.2,80.8,94.0,77.3,12.0,16.6,16.0,0.4,0.6,5.1,8.2,9.85,7.78,13.0,3.26,16.0,0.5,0.5,0.6,-5.53,3.91,7.55,1.57,13.0,5.81,16.0,0.5,0.5,0.6,-5.4,-2.55,6.41,0.17,13.0,6.3,16.0,0.5,0.5,0.6,1022.27,1027.0,1032.54,1026.35,13.0,4.89,16.0,0.5,0.5,0.6,2.0,6.0,8.0,5.5,13.0,2.6,16.0,0.5,0.5,0.6,-35.7,19.9,67.1,17.2,13.0,56.4,16.0,0.5,0.5,0.6,-43.3,-13.0,52.2,9.6,13.0,71.4,16.0,0.5,0.5,0.6,-0.79,0.0,3.64,0.75,13.0,3.04,16.0,0.5,0.5,0.6,-7.9,0.0,23.9,1.6,13.0,26.6,16.0,0.5,0.5,0.6,0.95,2.6,5.04,2.9,12.0,2.49,16.0,0.4,0.5,0.6,4.4,18.4,41.5,19.4,12.0,21.7,16.0,0.4,0.5,0.6,-86.6,45.7,108.5,25.0,13.0,88.4,16.0,0.5,0.5,0.6,-83.1,-36.2,100.4,7.7,13.0,97.3,16.0,0.5,0.5,0.6,-51.9,14.1,50.3,8.0,12.0,49.6,16.0,0.4,0.5,0.6,-36.6,-8.7,65.8,12.0,12.0,59.5,16.0,0.4,0.5,0.6,-10.8,-1.0,34.3,6.7,12.0,21.2,16.0,0.4,0.5,0.6,-24.9,-11.8,7.2,-9.7,12.0,16.8,16.0,0.4,0.5,0.6,132.5,551.5,955.5,712.5,13.0,938.0,16.0,0.5,0.5,0.6,135.0,550.0,955.0,715.0,13.0,940.0,16.0,0.5,0.5,0.6
1974,2,219.0,36.0,12.9,14.8,15.18,14.16,5.0,1.37,14.0,0.8,0.6,0.3,10.82,11.7,14.17,12.26,7.0,3.15,16.0,0.9,0.6,0.4,5.32,6.98,8.13,7.11,6.0,1.93,14.0,0.8,0.7,0.4,66.5,76.5,82.2,75.5,6.0,7.8,14.0,0.8,0.4,5.1,6.7,7.47,7.2,7.0,2.66,16.0,0.9,0.6,0.4,-5.12,2.29,5.65,1.55,7.0,5.99,16.0,0.9,0.6,0.4,-6.48,-3.1,3.34,-2.15,7.0,4.85,16.0,0.9,0.6,0.4,1020.67,1028.2,1028.55,1025.56,7.0,4.05,16.0,0.9,0.6,0.4,4.8,6.0,7.0,5.6,7.0,2.6,16.0,0.9,0.6,0.4,-26.7,15.4,38.6,19.7,7.0,60.7,16.0,0.9,0.6,0.4,-52.6,-19.2,17.5,-20.8,7.0,40.9,16.0,0.9,0.6,0.4,-1.43,0.8,2.48,0.66,5.0,2.36,14.0,0.8,0.6,0.3,-7.3,5.8,16.1,5.3,5.0,14.5,14.0,0.8,0.6,0.3,1.1,2.53,3.64,2.46,5.0,1.78,14.0,0.8,0.6,0.3,5.6,15.7,25.3,15.9,5.0,12.5,14.0,0.8,0.6,0.3,-68.3,25.2,71.0,17.9,7.0,73.9,16.0,0.9,0.6,0.4,-69.3,-36.3,57.7,-15.2,7.0,57.3,16.0,0.9,0.6,0.4,-37.2,24.5,45.0,12.0,6.0,42.2,14.0,0.8,0.7,0.4,-33.6,-10.6,34.7,-3.3,6.0,31.9,14.0,0.8,0.7,0.4,-10.7,1.1,12.4,0.6,5.0,12.5,14.0,0.8,0.6,0.3,-16.7,0.0,5.3,-5.2,5.0,16.8,14.0,0.8,0.6,0.3,132.5,301.0,458.0,528.0,7.0,720.5,16.0,0.9,0.6,0.4,135.0,300.0,460.0,530.0,7.0,720.0,16.0,0.9,0.6,0.4
1974,2,219.0,37.0,12.8,13.0,14.0,13.32,5.0,0.63,16.0,0.4,0.5,0.6,9.47,13.3,15.05,12.94,7.0,2.76,16.0,0.4,0.6,0.5,5.53,7.3,8.05,6.81,6.0,2.05,18.0,0.3,0.6,0.6,65.0,76.1,86.6,75.2,6.0,18.2,18.0,0.3,0.6,4.9,7.7,10.5,7.86,7.0,4.2,16.0,0.4,0.6,0.5,-4.78,3.28,9.38,2.68,7.0,7.04,16.0,0.4,0.6,0.5,-6.75,0.0,3.93,-1.49,7.0,5.39,16.0,0.4,0.6,0.5,1018.71,1023.6,1028.72,1020.44,7.0,12.95,16.0,0.4,0.6,0.5,6.7,8.0,8.0,6.7,7.0,3.0,16.0,0.4,0.6,0.5,-35.6,16.7,89.9,28.5,7.0,79.2,16.0,0.4,0.6,0.5,-71.3,0.0,30.1,-21.7,7.0,60.5,16.0,0.4,0.6,0.5,-0.68,0.0,4.12,1.38,5.0,2.61,16.0,0.4,0.5,0.6,-2.0,0.0,36.3,16.0,5.0,28.9,16.0,0.4,0.5,0.6,0.81,2.48,4.64,2.71,5.0,2.28,16.0,0.4,0.5,0.6,1.6,9.8,39.7,19.8,5.0,23.8,16.0,0.4,0.5,0.6,-75.4,29.2,106.4,28.5,7.0,90.8,16.0,0.4,0.6,0.5,-86.2,0.0,53.0,-9.9,7.0,65.9,16.0,0.4,0.6,0.5,-9.2,31.0,67.7,22.0,6.0,53.7,18.0,0.3,0.6,0.6,-57.8,-6.2,6.2,-16.7,6.0,35.6,18.0,0.3,0.6,0.6,1.6,8.5,28.1,14.8,5.0,17.8,16.0,0.4,0.5,0.6,-27.8,0.0,1.8,-10.9,5.0,18.0,16.0,0.4,0.5,0.6,126.5,456.5,1183.0,835.0,7.0,1020.0,16.0,0.4,0.6,0.5,125.0,455.0,1185.0,835.0,7.0,1020.0,16.0,0.4,0.6,0.5
1974,2,219.0,38.0,11.46,12.8,14.37,12.82,5.0,1.9,20.0,0.4,0.6,0.6,10.0,10.85,11.29,10.8,6.0,0.76,20.0,0.5,0.5,0.6,4.74,5.02,6.28,5.51,5.0,1.21,20.0,0.4,0.6,0.6,61.2,67.2,75.8,69.3,5.0,11.3,20.0,0.4,0.6,7.7,12.6,14.49,12.35,6.0,4.73,20.0,0.5,0.5,0.6,4.03,10.0,14.43,8.69,6.0,9.56,20.0,0.5,0.5,0.6,-2.83,0.0,2.04,0.61,6.0,4.8,20.0,0.5,0.5,0.6,1019.3,1026.05,1031.01,1025.22,6.0,6.48,20.0,0.5,0.5,0.6,6.0,6.5,7.2,6.7,6.0,0.8,20.0,0.5,0.5,0.6,22.1,105.3,218.3,123.9,6.0,173.9,20.0,0.5,0.5,0.6,-31.3,0.0,26.3,5.6,6.0,66.2,20.0,0.5,0.5,0.6,1.02,1.7,3.1,2.06,5.0,1.82,20.0,0.4,0.6,0.6,13.3,25.8,35.0,23.6,5.0,14.8,20.0,0.4,0.6,0.6,2.35,3.54,4.66,3.6,5.0,1.45,20.0,0.4,0.6,0.6,24.7,43.6,58.5,43.5,5.0,24.2,20.0,0.4,0.6,0.6,36.9,106.8,157.4,90.9,6.0,107.1,20.0,0.5,0.5,0.6,-28.8,0.0,24.5,9.0,6.0,56.1,20.0,0.5,0.5,0.6,-0.6,36.3,79.1,35.0,5.0,60.5,20.0,0.4,0.6,0.6,-14.7,0.0,27.3,8.9,5.0,37.7,20.0,0.4,0.6,0.6,4.7,43.6,58.0,33.8,5.0,36.7,20.0,0.4,0.6,0.6,-9.3,0.0,7.8,0.1,5.0,13.3,20.0,0.4,0.6,0.6,456.5,2004.0,3508.5,2635.0,6.0,3094.0,20.0,0.5,0.5,0.6,455.0,2005.0,3510.0,2635.0,6.0,3095.0,20.0,0.5,0.5,0.6
1974,2,219.0,39.0,11.07,12.15,14.25,12.66,12.0,2.3,16.0,0.8,0.7,0.4,9.31,11.5,17.32,12.29,17.0,3.51,16.0,0.7,0.7,0.5,4.77,7.18,9.09,7.02,15.0,1.89,16.0,0.7,0.7,0.5,65.7,78.1,87.7,77.7,15.0,10.9,16.0,0.7,0.5,5.69,9.3,14.4,9.49,17.0,4.58,16.0,0.7,0.7,0.5,-4.23,5.37,12.47,4.25,17.0,7.68,16.0,0.7,0.7,0.5,-6.15,-1.61,3.61,-1.27,17.0,6.08,16.0,0.7,0.7,0.5,1016.54,1020.0,1028.61,1020.12,17.0,8.43,16.0,0.7,0.7,0.5,3.4,6.5,8.0,5.9,16.0,2.0,16.0,0.7,0.7,0.5,-23.9,33.3,190.0,59.6,17.0,97.1,16.0,0.7,0.7,0.5,-64.2,-15.0,28.3,-19.6,17.0,80.5,16.0,0.7,0.7,0.5,0.87,1.55,2.4,1.57,12.0,0.99,16.0,0.8,0.7,0.4,1.3,14.7,19.7,14.2,12.0,12.3,16.0,0.8,0.7,0.4,1.77,2.72,3.48,2.67,12.0,0.91,16.0,0.8,0.7,0.4,6.4,27.5,42.0,26.0,12.0,16.8,16.0,0.8,0.7,0.4,-74.1,50.5,132.6,35.1,17.0,95.0,16.0,0.7,0.7,0.5,-76.6,-19.2,39.0,-12.5,17.0,82.5,16.0,0.7,0.7,0.5,-40.5,6.6,65.9,12.7,15.0,52.2,16.0,0.7,0.7,0.5,-35.6,-10.9,19.0,-4.8,15.0,45.0,16.0,0.7,0.7,0.5,-1.1,12.3,40.1,16.9,12.0,21.2,16.0,0.8,0.7,0.4,-12.1,-5.9,1.5,-3.9,12.0,15.6,16.0,0.8,0.7,0.4,189.5,804.5,2986.0,1397.5,17.0,1428.0,16.0,0.7,0.7,0.5,190.0,805.0,2985.0,1400.0,17.0,1430.0,16.0,0.7,0.7,0.5
1974,2,219.0,40.0,10.06,12.0,13.05,11.58,4.0,2.38,14.0,0.8,0.7,0.4,10.2,11.0,11.9,11.05,4.0,0.98,14.0,0.8,0.7,0.4,6.52,6.89,7.91,7.2,4.0,1.03,14.0,0.8,0.7,0.4,81.1,87.2,96.3,88.7,4.0,9.2,14.0,0.8,0.4,5.36,8.5,13.21,9.25,4.0,4.87,14.0,0.8,0.7,0.4,4.4,6.53,8.98,6.69,4.0,2.87,14.0,0.8,0.7,0.4,-3.34,0.07,8.46,2.45,4.0,7.87,14.0,0.8,0.7,0.4,1012.36,1017.25,1028.17,1020.13,4.0,10.98,14.0,0.8,0.7,0.4,4.4,7.5,8.0,6.3,4.0,2.9,14.0,0.8,0.7,0.4,24.3,71.4,114.3,69.4,4.0,52.2,14.0,0.8,0.7,0.4,-27.4,2.8,116.8,42.8,4.0,111.1,14.0,0.8,0.7,0.4,-0.9,1.0,1.9,0.53,4.0,1.81,14.0,0.8,0.7,0.4,-5.7,10.2,25.4,9.8,4.0,19.0,14.0,0.8,0.7,0.4,0.41,1.5,2.09,1.26,4.0,1.16,14.0,0.8,0.7,0.4,2.8,13.5,22.3,12.6,4.0,12.1,14.0,0.8,0.7,0.4,47.9,73.6,98.2,73.1,4.0,29.6,14.0,0.8,0.7,0.4,-36.4,-1.6,98.9,29.8,4.0,92.6,14.0,0.8,0.7,0.4,30.5,51.1,65.7,48.2,4.0,20.9,14.0,0.8,0.7,0.4,-21.7,1.0,71.1,23.6,4.0,64.8,14.0,0.8,0.7,0.4,2.1,7.8,17.1,9.5,4.0,10.8,14.0,0.8,0.7,0.4,-7.1,-3.1,8.0,0.3,4.0,11.1,14.0,0.8,0.7,0.4,164.5,749.0,2513.0,1312.0,4.0,1644.0,14.0,0.8,0.7,0.4,165.0,750.0,2515.0,1310.0,4.0,1645.0,14.0,0.8,0.7,0.4
1974,2,219.0,41.0,10.17,10.55,10.93,10.55,2.0,0.78,14.0,1.0,0.8,0.3,10.32,11.0,11.68,11.0,2.0,1.41,14.0,1.0,0.8,0.3,6.72,6.83,6.94,6.83,2.0,0.23,14.0,1.0,0.8,0.3,80.5,85.8,91.1,85.8,2.0,10.9,14.0,1.0,0.3,9.46,9.8,10.14,9.8,2.0,0.71,14.0,1.0,0.8,0.3,-3.61,1.47,6.56,1.47,2.0,10.53,14.0,1.0,0.8,0.3,5.46,6.14,6.81,6.14,2.0,1.4,14.0,1.0,0.8,0.3,1030.0,1030.0,1030.0,1030.0,2.0,0.0,14.0,1.0,0.8,0.3,7.2,7.5,7.8,7.5,2.0,0.7,14.0,1.0,0.8,0.3,-32.2,18.1,68.5,18.1,2.0,104.3,14.0,1.0,0.8,0.3,55.1,59.7,64.2,59.7,2.0,9.3,14.0,1.0,0.8,0.3,-0.76,-0.45,-0.14,-0.45,2.0,0.64,14.0,1.0,0.8,0.3,-7.0,-4.2,-1.3,-4.2,2.0,5.9,14.0,1.0,0.8,0.3,0.63,0.94,1.24,0.94,2.0,0.63,14.0,1.0,0.8,0.3,6.3,9.0,11.6,9.0,2.0,5.6,14.0,1.0,0.8,0.3,-46.2,8.7,63.7,8.7,2.0,113.8,14.0,1.0,0.8,0.3,56.9,68.5,80.1,68.5,2.0,24.0,14.0,1.0,0.8,0.3,-23.6,11.3,46.1,11.3,2.0,72.3,14.0,1.0,0.8,0.3,37.8,41.7,45.7,41.7,2.0,8.1,14.0,1.0,0.8,0.3,-6.3,-2.0,2.4,-2.0,2.0,8.9,14.0,1.0,0.8,0.3,3.7,6.2,8.7,6.2,2.0,5.2,14.0,1.0,0.8,0.3,850.0,948.5,1047.0,948.5,2.0,204.0,14.0,1.0,0.8,0.3,850.0,950.0,1045.0,950.0,2.0,205.0,14.0,1.0,0.8,0.3
1974,2,219.0,42.0,7.9,10.0,10.26,9.13,4.0,2.1,22.0,0.8,0.7,0.5,6.0,8.0,10.23,8.2,5.0,2.36,22.0,0.8,0.8,0.4,4.28,4.76,6.04,5.14,4.0,1.29,20.0,0.8,0.9,0.3,62.9,82.9,90.7,77.1,4.0,20.1,20.0,0.8,0.3,7.02,8.7,17.87,11.72,5.0,5.79,22.0,0.8,0.8,0.4,5.83,6.66,14.53,9.47,5.0,4.78,22.0,0.8,0.8,0.4,-7.89,-3.6,5.93,-1.61,5.0,8.18,22.0,0.8,0.8,0.4,1004.09,1014.0,1019.28,1012.2,5.0,8.21,22.0,0.8,0.8,0.4,4.9,6.0,8.0,6.2,5.0,2.0,22.0,0.8,0.8,0.4,41.1,58.0,263.3,132.9,5.0,119.7,22.0,0.8,0.8,0.4,-111.2,-25.9,74.2,-22.5,5.0,135.3,22.0,0.8,0.8,0.4,0.24,1.25,3.31,1.75,4.0,2.02,22.0,0.8,0.7,0.5,4.2,11.1,26.9,15.3,4.0,16.8,22.0,0.8,0.7,0.5,0.71,0.75,2.48,1.58,3.0,1.48,20.0,0.7,0.9,0.4,12.7,13.9,23.9,18.2,3.0,9.1,20.0,0.7,0.9,0.4,40.7,71.7,106.6,76.4,5.0,42.5,22.0,0.8,0.8,0.4,-52.3,-33.6,52.2,-5.7,5.0,63.0,22.0,0.8,0.8,0.4,27.6,50.5,89.2,58.0,4.0,37.9,20.0,0.8,0.9,0.3,-43.2,-20.0,25.1,-9.5,4.0,50.8,20.0,0.8,0.9,0.3,10.5,10.6,18.3,14.4,3.0,6.6,20.0,0.7,0.9,0.4,-15.4,-8.9,1.3,-7.1,3.0,12.3,20.0,0.7,0.9,0.4,347.0,658.5,5714.5,2604.5,5.0,2981.5,22.0,0.8,0.8,0.4,345.0,660.0,5715.0,2605.0,5.0,2980.0,22.0,0.8,0.8,0.4
1974,2,219.0,43.0,10.16,10.5,12.89,11.5,3.0,2.18,22.0,0.3,0.7,0.5,6.13,6.4,8.99,7.53,3.0,2.32,22.0,0.3,0.7,0.5,4.45,4.75,5.19,4.82,3.0,0.55,22.0,0.3,0.7,0.5,71.8,75.5,77.8,74.8,3.0,4.4,22.0,0.3,0.5,7.58,12.9,13.58,10.63,3.0,4.82,22.0,0.3,0.7,0.5,6.86,12.12,13.19,10.08,3.0,4.96,22.0,0.3,0.7,0.5,-3.78,-2.41,0.97,-1.43,3.0,3.58,22.0,0.3,0.7,0.5,1004.1,1014.0,1022.87,1013.5,3.0,13.76,22.0,0.3,0.7,0.5,4.0,6.0,6.7,5.3,3.0,2.1,22.0,0.3,0.7,0.5,65.0,156.4,179.5,123.1,3.0,88.7,22.0,0.3,0.7,0.5,-49.5,-33.6,-1.8,-25.8,3.0,35.6,22.0,0.3,0.7,0.5,3.86,4.0,4.07,3.97,3.0,0.15,22.0,0.3,0.7,0.5,30.7,51.6,52.4,41.8,3.0,18.1,22.0,0.3,0.7,0.5,3.2,3.22,4.1,3.64,3.0,0.75,22.0,0.3,0.7,0.5,24.3,41.2,55.9,40.1,3.0,23.2,22.0,0.3,0.7,0.5,42.4,72.7,118.4,80.2,3.0,56.1,22.0,0.3,0.7,0.5,-25.9,-24.6,3.3,-11.6,3.0,24.2,22.0,0.3,0.7,0.5,30.9,52.2,66.9,49.0,3.0,26.6,22.0,0.3,0.7,0.5,-17.1,-13.0,4.1,-6.6,3.0,16.5,22.0,0.3,0.7,0.5,22.0,38.7,54.4,38.2,3.0,23.8,22.0,0.3,0.7,0.5,-13.1,-10.9,2.1,-5.6,3.0,12.1,22.0,0.3,0.7,0.5,772.0,2146.5,2514.5,1655.0,3.0,1345.5,22.0,0.3,0.7,0.5,770.0,2145.0,2515.0,1655.0,3.0,1345.0,22.0,0.3,0.7,0.5
1974,2,219.0,44.0,6.59,10.0,10.0,8.33,3.0,2.89,20.0,1.0,0.6,0.4,9.32,10.0,10.82,10.07,3.0,1.1,20.0,1.0,0.6,0.4,5.92,6.21,7.51,6.7,3.0,1.24,20.0,1.0,0.6,0.4,79.7,87.3,94.6,87.2,3.0,10.9,20.0,1.0,0.4,8.18,10.3,12.76,10.47,3.0,3.35,20.0,1.0,0.6,0.4,4.66,7.09,9.52,7.09,3.0,3.56,20.0,1.0,0.6,0.4,-5.7,1.25,7.0,0.66,3.0,9.32,20.0,1.0,0.6,0.4,1009.38,1011.5,1013.21,1011.3,3.0,2.81,20.0,1.0,0.6,0.4,7.2,7.5,7.8,7.5,2.0,0.7,20.0,1.0,0.5,0.3,41.0,51.1,117.2,78.4,3.0,60.7,20.0,1.0,0.6,0.4,-81.9,9.0,70.9,-5.2,3.0,112.6,20.0,1.0,0.6,0.4,-3.11,-1.2,-0.38,-1.73,3.0,2.05,20.0,1.0,0.6,0.4,-30.9,-8.6,-2.7,-16.6,3.0,21.7,20.0,1.0,0.6,0.4,-0.7,-0.48,1.09,0.18,3.0,1.43,20.0,1.0,0.6,0.4,-6.7,-3.4,16.1,4.5,3.0,18.1,20.0,1.0,0.6,0.4,46.8,79.4,97.9,72.5,3.0,37.9,20.0,1.0,0.6,0.4,-56.5,14.0,63.9,3.9,3.0,88.7,20.0,1.0,0.6,0.4,33.2,57.5,60.3,47.0,3.0,21.8,20.0,1.0,0.6,0.4,-32.0,10.1,44.2,6.2,3.0,56.0,20.0,1.0,0.6,0.4,-3.2,-2.8,12.3,4.4,3.0,13.0,20.0,1.0,0.6,0.4,-13.5,-7.8,-2.9,-8.2,3.0,7.8,20.0,1.0,0.6,0.4,601.5,1092.5,2180.0,1384.0,3.0,1183.5,20.0,1.0,0.6,0.4,600.0,1095.0,2180.0,1385.0,3.0,1185.0,20.0,1.0,0.6,0.4
1974,2,219.0,45.0,7.96,8.0,9.78,8.88,5.0,1.76,18.0,0.8,0.6,0.4,4.11,7.7,10.0,6.99,8.0,3.32,16.0,0.8,0.7,0.5,3.17,5.38,6.64,5.07,6.0,1.64,18.0,0.8,0.6,0.5,71.5,81.0,88.6,78.9,6.0,12.4,18.0,0.8,0.5,8.26,11.55,12.83,10.98,8.0,2.54,16.0,0.8,0.7,0.5,5.69,7.41,9.37,7.46,8.0,2.22,16.0,0.8,0.7,0.5,-5.93,2.72,10.94,2.39,8.0,8.31,16.0,0.8,0.7,0.5,1000.71,1007.75,1016.85,1008.9,8.0,9.08,16.0,0.8,0.7,0.5,5.0,7.0,8.0,6.6,7.0,1.6,16.0,0.7,0.6,0.5,52.2,73.2,123.5,82.8,8.0,35.7,16.0,0.8,0.7,0.5,-51.6,21.6,138.2,26.0,8.0,107.0,16.0,0.8,0.7,0.5,0.72,2.0,4.6,2.5,5.0,2.89,18.0,0.8,0.6,0.4,3.3,16.4,59.9,27.9,5.0,35.5,18.0,0.8,0.6,0.4,1.04,2.94,3.61,2.37,5.0,1.58,18.0,0.8,0.6,0.4,8.5,22.6,45.7,26.4,5.0,22.3,18.0,0.8,0.6,0.4,24.6,47.1,70.5,48.0,8.0,20.9,16.0,0.8,0.7,0.5,-23.7,21.6,108.8,34.0,8.0,64.1,16.0,0.8,0.7,0.5,29.2,37.0,44.0,37.4,6.0,8.2,18.0,0.8,0.6,0.5,-7.2,14.6,63.6,22.0,6.0,41.1,18.0,0.8,0.6,0.5,8.0,21.3,37.5,21.9,5.0,16.6,18.0,0.8,0.6,0.4,-16.1,0.0,5.8,-6.3,5.0,21.0,18.0,0.8,0.6,0.4,563.0,1543.0,2115.0,1508.5,8.0,966.5,16.0,0.8,0.7,0.5,565.0,1545.0,2115.0,1510.0,8.0,965.0,16.0,0.8,0.7,0.5
1974,2,219.0,46.0,6.63,7.5,8.22,7.31,9.0,1.09,16.0,0.6,0.5,0.4,4.59,7.0,8.71,6.63,11.0,2.0,14.0,0.5,0.5,0.4,4.45,5.58,6.33,5.48,8.0,0.83,16.0,0.5,0.5,0.4,85.1,88.0,95.8,89.9,8.0,4.9,16.0,0.5,0.4,6.49,8.2,11.51,8.92,11.0,2.55,14.0,0.5,0.5,0.4,-1.73,3.28,9.7,4.06,11.0,5.46,14.0,0.5,0.5,0.4,-3.92,3.91,7.91,1.96,11.0,6.46,14.0,0.5,0.5,0.4,996.59,1009.0,1028.95,1011.39,11.0,15.88,14.0,0.5,0.5,0.4,3.6,8.0,8.0,6.5,11.0,2.2,14.0,0.5,0.5,0.4,-12.4,16.7,100.9,45.4,11.0,62.4,14.0,0.5,0.5,0.4,-34.4,19.9,64.9,12.5,11.0,62.3,14.0,0.5,0.5,0.4,-1.01,0.0,3.37,0.88,9.0,2.09,16.0,0.6,0.5,0.4,-7.0,0.0,30.8,8.8,9.0,19.3,16.0,0.6,0.5,0.4,0.13,0.5,2.01,0.84,8.0,0.96,16.0,0.5,0.5,0.4,1.4,4.9,20.1,8.9,8.0,9.9,16.0,0.5,0.5,0.4,-11.4,19.7,54.1,22.6,11.0,35.6,14.0,0.5,0.5,0.4,-22.9,23.4,66.5,22.7,11.0,42.3,14.0,0.5,0.5,0.4,-6.1,31.0,58.4,27.9,8.0,31.3,16.0,0.5,0.5,0.4,-12.1,18.6,47.0,14.6,8.0,34.8,16.0,0.5,0.5,0.4,-0.5,2.8,13.5,6.3,8.0,8.2,16.0,0.5,0.5,0.4,-3.5,-0.7,2.9,-2.4,8.0,8.3,16.0,0.5,0.5,0.4,275.0,551.5,1525.5,869.5,11.0,676.0,14.0,0.5,0.5,0.4,275.0,550.0,1525.0,870.0,11.0,675.0,14.0,0.5,0.5,0.4
1974,2,219.0,47.0,7.03,7.1,7.17,7.1,2.0,0.14,16.0,0.5,0.7,0.5,3.22,3.7,4.18,3.7,2.0,0.99,16.0,0.5,0.7,0.5,3.25,3.42,3.59,3.42,2.0,0.35,16.0,0.5,0.7,0.5,63.8,69.2,74.7,69.2,2.0,11.3,16.0,0.5,0.5,9.88,10.05,10.22,10.05,2.0,0.35,16.0,0.5,0.7,0.5,7.57,7.7,7.83,7.7,2.0,0.27,16.0,0.5,0.7,0.5,-6.57,-6.46,-6.35,-6.46,2.0,0.23,16.0,0.5,0.7,0.5,1000.25,1005.1,1009.95,1005.1,2.0,10.04,16.0,0.5,0.7,0.5,7.0,7.0,7.0,7.0,2.0,0.0,16.0,0.5,0.7,0.5,74.8,77.4,80.0,77.4,2.0,5.4,16.0,0.5,0.7,0.5,-67.2,-65.0,-62.8,-65.0,2.0,4.6,16.0,0.5,0.7,0.5,2.99,3.4,3.81,3.4,2.0,0.85,16.0,0.5,0.7,0.5,30.5,34.0,37.6,34.0,2.0,7.3,16.0,0.5,0.7,0.5,2.7,2.87,3.04,2.87,2.0,0.35,16.0,0.5,0.7,0.5,26.7,28.9,31.1,28.9,2.0,4.6,16.0,0.5,0.7,0.5,24.5,28.6,32.8,28.6,2.0,8.6,16.0,0.5,0.7,0.5,-27.5,-24.0,-20.5,-24.0,2.0,7.2,16.0,0.5,0.7,0.5,25.4,26.3,27.2,26.3,2.0,1.8,16.0,0.5,0.7,0.5,-22.8,-22.1,-21.3,-22.1,2.0,1.5,16.0,0.5,0.7,0.5,20.5,22.2,23.8,22.2,2.0,3.5,16.0,0.5,0.7,0.5,-20.0,-18.6,-17.2,-18.6,2.0,2.9,16.0,0.5,0.7,0.5,965.0,1017.0,1068.5,1017.0,2.0,107.0,16.0,0.5,0.7,0.5,965.0,1015.0,1070.0,1015.0,2.0,105.0,16.0,0.5,0.7,0.5
1974,2,219.0,48.0,4.0,4.0,5.91,4.93,3.0,1.62,20.0,0.7,0.4,0.5,5.41,8.0,8.0,6.73,3.0,2.19,20.0,0.7,0.4,0.5,4.91,5.44,5.74,5.33,3.0,0.61,20.0,0.7,0.4,0.5,83.2,87.2,90.4,86.8,3.0,5.3,20.0,0.7,0.5,11.44,13.9,14.24,12.87,3.0,2.24,20.0,0.7,0.4,0.5,6.51,10.3,10.8,8.7,3.0,3.43,20.0,0.7,0.4,0.5,2.94,9.26,11.85,7.44,3.0,6.72,20.0,0.7,0.4,0.5,999.54,1005.0,1013.87,1006.67,3.0,10.6,20.0,0.7,0.4,0.5,7.2,7.5,7.8,7.5,2.0,0.7,22.0,1.0,0.4,0.7,78.8,106.1,142.1,110.3,3.0,46.5,20.0,0.7,0.4,0.5,42.3,133.3,166.2,104.9,3.0,94.0,20.0,0.7,0.4,0.5,-4.0,-4.0,0.51,-1.8,3.0,3.81,20.0,0.7,0.4,0.5,-51.0,-41.2,12.5,-19.8,3.0,50.1,20.0,0.7,0.4,0.5,-0.64,-0.37,0.85,0.09,3.0,1.17,20.0,0.7,0.4,0.5,-8.5,-3.8,12.8,2.0,3.0,16.3,20.0,0.7,0.4,0.5,40.7,46.3,71.0,55.6,3.0,23.6,20.0,0.7,0.4,0.5,12.3,38.9,83.7,47.8,3.0,52.8,20.0,0.7,0.4,0.5,35.4,51.5,54.6,45.1,3.0,15.1,20.0,0.7,0.4,0.5,13.7,43.2,66.1,40.0,3.0,38.5,20.0,0.7,0.4,0.5,-3.7,-3.6,9.5,2.7,3.0,11.2,20.0,0.7,0.4,0.5,-6.8,0.0,9.0,1.0,3.0,11.6,20.0,0.7,0.4,0.5,1598.5,2685.5,2890.5,2255.0,3.0,1017.5,20.0,0.7,0.4,0.5,1600.0,2685.0,2890.0,2255.0,3.0,1020.0,20.0,0.7,0.4,0.5
1974,2,219.0,49.0,5.04,6.0,6.67,6.01,14.0,0.8,14.0,0.4,0.8,0.6,5.03,5.6,6.09,5.4,14.0,1.37,14.0,0.4,0.8,0.6,4.34,4.79,5.5,4.85,13.0,0.83,14.0,0.5,0.7,0.6,79.0,84.2,94.5,86.1,13.0,9.5,14.0,0.5,0.6,9.33,10.8,12.9,11.14,14.0,2.7,14.0,0.4,0.8,0.6,0.14,6.48,12.49,6.12,14.0,5.47,14.0,0.4,0.8,0.6,-1.63,6.27,11.24,5.48,14.0,6.19,14.0,0.4,0.8,0.6,991.39,1002.25,1015.87,1003.35,14.0,11.2,14.0,0.4,0.8,0.6,5.0,7.5,8.0,6.5,14.0,2.2,14.0,0.4,0.8,0.6,1.5,59.9,159.9,72.0,14.0,74.8,14.0,0.4,0.8,0.6,-8.3,61.1,126.3,64.6,14.0,78.9,14.0,0.4,0.8,0.6,-0.5,0.1,1.91,0.61,14.0,1.79,14.0,0.4,0.8,0.6,-6.7,1.3,16.9,5.2,14.0,17.5,14.0,0.4,0.8,0.6,0.24,0.76,2.04,1.0,13.0,1.03,14.0,0.5,0.7,0.6,2.3,11.6,17.3,10.6,13.0,11.0,14.0,0.5,0.7,0.6,0.8,30.0,51.3,29.6,14.0,28.7,14.0,0.4,0.8,0.6,-4.2,35.9,67.5,35.0,14.0,38.2,14.0,0.4,0.8,0.6,0.0,29.5,45.4,25.3,13.0,24.6,14.0,0.5,0.7,0.6,-6.8,38.1,60.7,30.8,13.0,32.4,14.0,0.5,0.7,0.6,0.6,2.3,13.6,7.9,13.0,10.6,14.0,0.5,0.7,0.6,-6.6,1.7,11.1,2.2,13.0,7.5,14.0,0.5,0.7,0.6,813.0,1259.5,2146.5,1602.0,14.0,1045.0,14.0,0.4,0.8,0.6,815.0,1260.0,2145.0,1600.0,14.0,1045.0,14.0,0.4,0.8,0.6
1974,2,219.0,50.0,4.5,5.5,6.76,5.65,15.0,0.94,14.0,0.6,0.7,0.4,4.77,5.5,7.0,5.79,15.0,2.26,14.0,0.6,0.7,0.4,4.1,5.11,5.54,4.89,13.0,1.04,12.0,0.6,0.7,0.3,75.8,90.1,92.8,85.5,13.0,12.3,12.0,0.6,0.3,8.7,12.6,15.4,12.06,14.0,3.2,12.0,0.6,0.7,0.3,2.6,8.69,13.42,7.64,14.0,6.28,12.0,0.6,0.7,0.3,-2.58,3.94,12.72,3.47,14.0,7.18,12.0,0.6,0.7,0.3,990.58,1003.5,1013.7,1002.21,15.0,12.57,14.0,0.6,0.7,0.4,4.0,7.0,8.0,6.3,13.0,1.8,14.0,0.5,0.7,0.4,32.1,102.9,194.0,98.7,14.0,87.5,12.0,0.6,0.7,0.3,-37.2,37.1,170.8,44.2,14.0,105.8,12.0,0.6,0.7,0.3,-1.72,0.0,1.0,-0.14,15.0,2.3,14.0,0.6,0.7,0.4,-29.7,0.0,11.4,-1.6,14.0,28.2,12.0,0.6,0.7,0.3,-0.02,0.62,1.55,0.81,13.0,1.17,12.0,0.6,0.7,0.3,-0.3,7.2,17.9,10.5,13.0,16.9,12.0,0.6,0.7,0.3,9.0,45.7,69.1,41.1,14.0,36.6,12.0,0.6,0.7,0.3,-24.3,21.7,83.3,25.6,14.0,48.3,12.0,0.6,0.7,0.3,12.5,38.5,61.0,34.5,13.0,31.7,12.0,0.6,0.7,0.3,-11.9,20.9,74.8,25.1,13.0,37.8,12.0,0.6,0.7,0.3,-1.3,6.2,17.5,9.8,13.0,12.4,12.0,0.6,0.7,0.3,-8.7,0.0,5.3,-3.3,13.0,11.7,12.0,0.6,0.7,0.3,658.5,2024.5,3652.5,2089.5,14.0,1363.0,12.0,0.6,0.7,0.3,660.0,2025.0,3650.0,2090.0,14.0,1365.0,12.0,0.6,0.7,0.3
1974,2,219.0,51.0,5.0,5.6,6.37,5.37,9.0,1.17,10.0,0.3,0.6,0.5,4.27,5.0,6.37,5.24,9.0,1.41,10.0,0.3,0.6,0.5,4.33,4.76,5.44,4.59,7.0,0.95,10.0,0.4,0.6,0.6,77.9,85.7,87.4,81.3,7.0,10.6,10.0,0.4,0.6,4.1,10.3,12.6,8.58,9.0,3.95,10.0,0.3,0.6,0.5,0.0,2.68,10.13,4.73,9.0,5.06,10.0,0.3,0.6,0.5,2.09,5.15,8.01,5.41,9.0,3.83,10.0,0.3,0.6,0.5,982.27,999.3,1018.66,999.76,9.0,19.0,10.0,0.3,0.6,0.5,4.5,8.0,8.0,6.8,9.0,1.7,10.0,0.3,0.6,0.5,0.0,20.3,116.7,51.8,9.0,58.0,10.0,0.3,0.6,0.5,7.4,53.0,96.9,54.2,9.0,54.7,10.0,0.3,0.6,0.5,-1.88,0.0,1.5,0.12,9.0,1.82,10.0,0.3,0.6,0.5,-21.8,0.0,17.1,0.4,9.0,20.3,10.0,0.3,0.6,0.5,-0.04,1.21,1.83,1.06,7.0,1.1,10.0,0.4,0.6,0.6,-0.5,9.3,18.8,10.6,7.0,11.7,10.0,0.4,0.6,0.6,0.0,15.8,48.1,20.6,9.0,23.5,10.0,0.3,0.6,0.5,10.3,26.7,42.9,31.9,9.0,26.9,10.0,0.3,0.6,0.5,0.0,27.9,47.1,25.0,7.0,21.2,10.0,0.4,0.6,0.6,21.6,28.2,40.9,30.8,7.0,21.2,10.0,0.4,0.6,0.6,0.0,3.2,16.5,9.0,7.0,11.6,10.0,0.4,0.6,0.6,-0.3,1.0,8.8,3.7,7.0,4.7,10.0,0.4,0.6,0.6,69.0,1092.5,2011.0,972.0,9.0,867.5,10.0,0.3,0.6,0.5,70.0,1095.0,2010.0,970.0,9.0,870.0,10.0,0.3,0.6,0.5
1974,2,219.0,52.0,4.03,4.85,6.0,4.99,14.0,1.15,10.0,0.4,0.7,0.4,1.83,4.0,6.99,4.41,16.0,2.45,12.0,0.5,0.7,0.4,3.25,4.63,5.37,4.35,12.0,0.97,10.0,0.5,0.7,0.4,72.4,81.6,88.6,80.7,12.0,10.1,10.0,0.5,0.4,6.09,10.8,14.96,10.51,16.0,4.06,12.0,0.5,0.7,0.4,2.37,5.5,10.46,6.47,16.0,4.26,12.0,0.5,0.7,0.4,-5.27,3.77,11.82,3.55,16.0,7.62,12.0,0.5,0.7,0.4,998.48,1012.6,1019.93,1009.46,16.0,11.88,12.0,0.5,0.7,0.4,6.1,8.0,8.0,7.4,14.0,1.2,14.0,0.5,0.6,0.4,14.1,64.0,123.2,75.1,16.0,69.4,12.0,0.5,0.7,0.4,-56.0,20.5,149.0,42.7,16.0,104.5,12.0,0.5,0.7,0.4,-2.49,0.3,3.31,0.44,14.0,3.23,10.0,0.4,0.7,0.4,-35.4,1.1,30.5,4.0,14.0,40.3,10.0,0.4,0.7,0.4,-0.17,0.7,2.74,1.23,11.0,1.37,8.0,0.5,0.7,0.4,-2.3,7.2,31.4,14.2,11.0,17.8,8.0,0.5,0.7,0.4,5.5,24.1,44.1,24.3,16.0,16.9,12.0,0.5,0.7,0.4,-16.9,7.4,86.0,24.2,16.0,47.5,12.0,0.5,0.7,0.4,14.2,28.9,43.0,28.3,12.0,15.4,10.0,0.5,0.7,0.4,-19.3,18.1,70.5,24.6,12.0,39.6,10.0,0.5,0.7,0.4,-0.5,6.4,25.8,12.2,11.0,15.2,8.0,0.5,0.7,0.4,-8.0,-1.4,10.9,0.0,11.0,11.9,8.0,0.5,0.7,0.4,256.0,1268.0,3349.5,1632.5,16.0,1408.5,12.0,0.5,0.7,0.4,255.0,1270.0,3350.0,1630.0,16.0,1410.0,12.0,0.5,0.7,0.4
1974,2,219.0,53.0,3.05,5.5,6.2,5.03,11.0,1.74,14.0,0.5,0.5,0.4,1.7,2.85,4.7,2.96,12.0,1.34,14.0,0.5,0.5,0.4,3.43,3.72,4.78,3.98,10.0,0.73,14.0,0.5,0.5,0.4,76.6,83.5,91.9,84.4,10.0,9.8,14.0,0.5,0.4,6.82,9.25,14.65,10.24,12.0,3.79,14.0,0.5,0.5,0.4,4.34,7.64,12.01,8.2,12.0,4.28,14.0,0.5,0.5,0.4,-6.92,-0.67,5.43,-0.57,12.0,6.06,14.0,0.5,0.5,0.4,990.21,999.6,1014.71,1000.23,12.0,12.84,14.0,0.5,0.5,0.4,5.5,7.5,8.0,6.8,12.0,1.5,14.0,0.5,0.5,0.4,27.5,60.8,175.1,96.4,12.0,78.4,14.0,0.5,0.5,0.4,-89.2,-6.1,54.5,-11.7,12.0,72.2,14.0,0.5,0.5,0.4,-0.08,2.1,4.21,2.07,11.0,2.61,14.0,0.5,0.5,0.4,-0.7,15.1,59.5,26.2,11.0,35.0,14.0,0.5,0.5,0.4,0.63,1.72,2.53,1.56,10.0,1.12,14.0,0.5,0.5,0.4,4.4,18.1,34.1,19.1,10.0,15.9,14.0,0.5,0.5,0.4,10.5,21.0,33.9,21.8,12.0,11.3,14.0,0.5,0.5,0.4,-11.5,-1.6,18.1,3.2,12.0,20.9,14.0,0.5,0.5,0.4,16.6,31.0,46.2,32.2,10.0,15.8,14.0,0.5,0.5,0.4,-24.8,-2.7,25.9,0.7,10.0,27.6,14.0,0.5,0.5,0.4,1.4,17.4,30.3,16.3,10.0,13.6,14.0,0.5,0.5,0.4,-19.1,-3.8,3.7,-6.2,10.0,11.8,14.0,0.5,0.5,0.4,325.5,822.0,3155.5,1486.0,12.0,1362.5,14.0,0.5,0.5,0.4,325.0,820.0,3155.0,1485.0,12.0,1360.0,14.0,0.5,0.5,0.4
1974,2,219.0,54.0,3.71,4.4,4.87,4.26,5.0,1.09,16.0,0.2,0.5,0.5,2.48,3.4,4.53,3.56,7.0,1.11,14.0,0.4,0.5,0.6,4.18,4.36,4.82,4.51,5.0,0.49,16.0,0.2,0.5,0.5,84.7,88.6,92.6,88.6,5.0,4.4,16.0,0.2,0.5,8.53,11.3,13.02,11.01,7.0,3.3,14.0,0.4,0.5,0.6,-3.31,11.13,12.5,4.93,7.0,9.58,14.0,0.4,0.5,0.6,-1.96,4.79,8.18,3.23,7.0,4.49,14.0,0.4,0.5,0.6,976.85,995.8,999.62,990.88,6.0,11.68,14.0,0.3,0.5,0.5,6.3,8.0,8.0,7.2,5.0,1.3,14.0,0.6,0.6,0.5,-30.7,125.8,157.1,66.6,7.0,123.1,14.0,0.4,0.5,0.6,-22.2,24.4,82.3,34.2,7.0,52.4,14.0,0.4,0.5,0.6,-0.26,1.0,1.04,0.48,5.0,0.8,16.0,0.2,0.5,0.5,-3.3,5.1,14.1,5.1,5.0,10.2,16.0,0.2,0.5,0.5,0.27,0.92,1.18,0.75,5.0,0.51,16.0,0.2,0.5,0.5,3.1,4.7,16.0,8.7,5.0,7.7,16.0,0.2,0.5,0.5,-13.8,22.3,48.1,12.1,7.0,37.6,14.0,0.4,0.5,0.6,-4.0,16.3,33.2,14.4,7.0,18.7,14.0,0.4,0.5,0.6,-24.1,46.8,57.4,20.4,5.0,49.1,16.0,0.2,0.5,0.5,-3.0,20.9,29.9,15.7,5.0,20.6,16.0,0.2,0.5,0.5,-1.1,4.2,15.6,6.8,5.0,8.9,16.0,0.2,0.5,0.5,-0.3,0.6,5.2,2.2,5.0,3.2,16.0,0.2,0.5,0.5,633.5,1443.0,2218.5,1626.0,7.0,1132.0,14.0,0.4,0.5,0.6,635.0,1445.0,2220.0,1625.0,7.0,1130.0,14.0,0.4,0.5,0.6
1974,2,219.0,55.0,4.4,4.45,4.76,4.58,4.0,0.29,14.0,0.8,0.8,0.6,2.49,3.0,3.93,3.2,4.0,0.96,14.0,0.8,0.8,0.6,3.6,3.73,4.77,4.17,3.0,0.94,16.0,1.0,0.7,0.5,77.1,81.7,94.2,85.6,3.0,13.0,16.0,1.0,0.5,7.58,10.3,14.33,10.93,4.0,5.32,14.0,0.8,0.8,0.6,0.0,0.0,2.05,0.98,4.0,1.95,14.0,0.8,0.8,0.6,3.19,10.3,14.33,8.83,4.0,8.85,14.0,0.8,0.8,0.6,985.97,997.3,1014.65,1000.18,4.0,17.79,14.0,0.8,0.8,0.6,6.3,7.0,7.7,7.0,2.0,1.4,20.0,1.0,1.0,0.6,0.0,0.0,10.4,5.0,4.0,10.0,14.0,0.8,0.8,0.6,41.8,106.1,220.3,129.9,4.0,141.8,14.0,0.8,0.8,0.6,0.52,1.6,2.2,1.38,4.0,1.06,14.0,0.8,0.8,0.6,5.1,11.0,17.8,11.4,4.0,9.7,14.0,0.8,0.8,0.6,0.5,1.57,1.88,1.2,3.0,1.06,16.0,1.0,0.7,0.5,2.5,8.0,16.7,9.6,3.0,10.5,16.0,1.0,0.7,0.5,0.0,0.0,4.7,2.2,4.0,4.5,14.0,0.8,0.8,0.6,9.3,30.9,58.6,33.8,4.0,36.4,14.0,0.8,0.8,0.6,0.0,0.0,10.0,4.9,3.0,8.4,16.0,1.0,0.7,0.5,3.2,36.5,76.1,39.6,3.0,53.4,16.0,1.0,0.7,0.5,0.0,0.0,4.2,2.0,3.0,3.5,16.0,1.0,0.7,0.5,-3.5,0.0,14.2,5.2,3.0,13.7,16.0,1.0,0.7,0.5,589.5,1092.5,3575.5,2037.5,4.0,2570.0,14.0,0.8,0.8,0.6,590.0,1095.0,3575.0,2040.0,4.0,2570.0,14.0,0.8,0.8,0.6
1974,2,219.0,56.0,5.0,5.0,5.0,5.0,2.0,0.0,18.0,1.0,0.3,0.0,2.95,3.5,4.52,3.73,3.0,1.17,18.0,0.7,0.4,0.2,4.53,5.01,5.37,4.95,3.0,0.61,18.0,0.7,0.4,0.2,94.4,100.0,100.0,97.3,3.0,4.7,18.0,0.7,0.2,6.83,8.2,13.87,10.3,3.0,5.46,18.0,0.7,0.4,0.2,-2.3,-1.08,5.17,1.38,3.0,5.87,18.0,0.7,0.4,0.2,2.91,6.11,13.03,7.93,3.0,7.58,18.0,0.7,0.4,0.2,983.48,988.8,990.23,986.9,3.0,5.22,18.0,0.7,0.4,0.2,7.3,8.0,8.0,7.7,3.0,0.6,18.0,0.7,0.4,0.2,-34.4,-6.7,43.1,4.1,3.0,57.5,18.0,0.7,0.4,0.2,20.0,37.9,195.0,105.9,3.0,141.1,18.0,0.7,0.4,0.2,0.37,1.15,1.93,1.15,2.0,1.63,18.0,1.0,0.3,0.0,2.3,7.1,12.0,7.1,2.0,10.1,18.0,1.0,0.3,0.0,0.19,0.61,1.02,0.61,2.0,0.86,18.0,1.0,0.3,0.0,1.2,3.8,6.3,3.8,2.0,5.3,18.0,1.0,0.3,0.0,-10.7,-2.9,18.4,3.7,3.0,22.0,18.0,0.7,0.4,0.2,8.6,16.5,60.7,34.2,3.0,41.1,18.0,0.7,0.4,0.2,-12.3,-4.6,26.2,6.7,3.0,29.8,18.0,0.7,0.4,0.2,13.2,26.3,69.7,41.1,3.0,43.3,18.0,0.7,0.4,0.2,-1.1,-0.7,-0.2,-0.7,2.0,0.9,18.0,1.0,0.3,0.0,1.2,3.7,6.2,3.7,2.0,5.2,18.0,1.0,0.3,0.0,337.5,551.5,3241.5,1760.5,3.0,2370.5,18.0,0.7,0.4,0.2,340.0,550.0,3240.0,1760.0,3.0,2370.0,18.0,0.7,0.4,0.2
1974,2,219.0,57.0,,,,,,,,,,,,,,,,,,,,,,,,,,,,,,,,,,,,,,,,5.45,6.2,10.77,8.07,3.0,4.22,22.0,0.0,0.4,0.4,-1.56,1.74,2.08,0.29,3.0,2.95,22.0,0.0,0.4,0.4,-10.38,-5.37,-4.98,-7.62,3.0,4.41,22.0,0.0,0.4,0.4,1000.51,1003.1,1004.12,1002.33,3.0,2.73,22.0,0.0,0.4,0.4,,,,,,,,,,,,,,,,,,,,,,,,,,,,,,,,,,,,,,,,,,,,,,,,,,,,,,,,,,,,,,,,,,,,,,,,,,,,,,,,,,,,,,,,,,,,,,,,,,,,,,,,,,,,,,,,,,,,,,,,,,,,,,,,,,,,,,,,,,,,,,,,,,,,,,
1974,2,219.0,58.0,4.17,4.75,5.33,4.75,2.0,1.2,14.0,0.0,0.8,0.1,0.95,1.7,2.45,1.7,2.0,1.56,14.0,0.0,0.8,0.1,3.81,3.81,3.81,3.81,1.0,0.0,12.0,0.0,0.8,0.0,81.8,81.8,81.8,81.8,1.0,0.0,12.0,0.0,0.0,10.71,11.6,12.49,11.6,2.0,1.84,14.0,0.0,0.8,0.1,-7.22,-0.93,5.37,-0.93,2.0,13.04,14.0,0.0,0.8,0.1,0.06,4.05,8.03,4.05,2.0,8.25,14.0,0.0,0.8,0.1,994.15,998.35,1002.55,998.35,2.0,8.7,14.0,0.0,0.8,0.1,5.0,5.0,5.0,5.0,1.0,0.0,12.0,0.0,0.8,0.0,-70.9,1.2,73.4,1.2,2.0,149.5,14.0,0.0,0.8,0.1,4.7,54.5,104.3,54.5,2.0,103.2,14.0,0.0,0.8,0.1,2.88,3.05,3.22,3.05,2.0,0.35,14.0,0.0,0.8,0.1,34.3,35.1,35.8,35.1,2.0,1.5,14.0,0.0,0.8,0.1,1.86,1.86,1.86,1.86,1.0,0.0,12.0,0.0,0.8,0.0,24.1,24.1,24.1,24.1,1.0,0.0,12.0,0.0,0.8,0.0,-1.4,8.6,18.6,8.6,2.0,20.7,14.0,0.0,0.8,0.1,3.5,13.3,23.1,13.3,2.0,20.3,14.0,0.0,0.8,0.1,31.6,31.6,31.6,31.6,1.0,0.0,12.0,0.0,0.8,0.0,37.7,37.7,37.7,37.7,1.0,0.0,12.0,0.0,0.8,0.0,15.5,15.5,15.5,15.5,1.0,0.0,12.0,0.0,0.8,0.0,18.4,18.4,18.4,18.4,1.0,0.0,12.0,0.0,0.8,0.0,1260.0,1619.5,1979.5,1619.5,2.0,745.5,14.0,0.0,0.8,0.1,1260.0,1620.0,1980.0,1620.0,2.0,745.0,14.0,0.0,0.8,0.1
1974,2,220.0,-58.0,,,,,,,,,,,,,,,,,,,,,,,,,,,,,,,,,,,,,,,,15.0,15.0,15.0,15.0,1.0,0.0,22.0,1.0,0.7,0.9,15.0,15.0,15.0,15.0,1.0,0.0,22.0,1.0,0.7,0.9,0.0,0.0,0.0,0.0,1.0,0.0,22.0,1.0,0.7,0.9,990.7,990.7,990.7,990.7,1.0,0.0,22.0,1.0,0.7,0.9,,,,,,,,,,,,,,,,,,,,,,,,,,,,,,,,,,,,,,,,,,,,,,,,,,,,,,,,,,,,,,,,,,,,,,,,,,,,,,,,,,,,,,,,,,,,,,,,,,,,,,,,,,,,,,,,,,,,,,,,,,,,,,,,,,,,,,,,,,,,,,,,,,,,,,
1974,2,220.0,-42.0,,,,,,,,,,,,,,,,,,,,,,,,,,,,,,,,,,,,,,,,12.0,12.0,12.0,12.0,1.0,0.0,8.0,1.0,0.1,1.0,11.82,11.82,11.82,11.82,1.0,0.0,8.0,1.0,0.1,1.0,-2.08,-2.08,-2.08,-2.08,1.0,0.0,8.0,1.0,0.1,1.0,1017.9,1017.9,1017.9,1017.9,1.0,0.0,8.0,1.0,0.1,1.0,,,,,,,,,,,,,,,,,,,,,,,,,,,,,,,,,,,,,,,,,,,,,,,,,,,,,,,,,,,,,,,,,,,,,,,,,,,,,,,,,,,,,,,,,,,,,,,,,,,,,,,,,,,,,,,,,,,,,,,,,,,,,,,,,,,,,,,,,,,,,,,,,,,,,,
1974,2,220.0,-41.0,16.0,16.0,16.0,16.0,1.0,0.0,22.0,0.0,0.5,1.0,15.2,15.2,15.2,15.2,1.0,0.0,22.0,0.0,0.5,1.0,9.56,9.56,9.56,9.56,1.0,0.0,22.0,0.0,0.5,1.0,90.2,90.2,90.2,90.2,1.0,0.0,22.0,0.0,1.0,5.7,5.7,5.7,5.7,1.0,0.0,22.0,0.0,0.5,1.0,-5.61,-5.61,-5.61,-5.61,1.0,0.0,22.0,0.0,0.5,1.0,-0.99,-0.99,-0.99,-0.99,1.0,0.0,22.0,0.0,0.5,1.0,1022.9,1022.9,1022.9,1022.9,1.0,0.0,22.0,0.0,0.5,1.0,8.0,8.0,8.0,8.0,1.0,0.0,22.0,0.0,0.5,1.0,-32.0,-32.0,-32.0,-32.0,1.0,0.0,22.0,0.0,0.5,1.0,-5.6,-5.6,-5.6,-5.6,1.0,0.0,22.0,0.0,0.5,1.0,0.8,0.8,0.8,0.8,1.0,0.0,22.0,0.0,0.5,1.0,4.6,4.6,4.6,4.6,1.0,0.0,22.0,0.0,0.5,1.0,1.61,1.61,1.61,1.61,1.0,0.0,22.0,0.0,0.5,1.0,9.2,9.2,9.2,9.2,1.0,0.0,22.0,0.0,0.5,1.0,-85.3,-85.3,-85.3,-85.3,1.0,0.0,22.0,0.0,0.5,1.0,-15.0,-15.0,-15.0,-15.0,1.0,0.0,22.0,0.0,0.5,1.0,-53.7,-53.7,-53.7,-53.7,1.0,0.0,22.0,0.0,0.5,1.0,-9.5,-9.5,-9.5,-9.5,1.0,0.0,22.0,0.0,0.5,1.0,-9.0,-9.0,-9.0,-9.0,1.0,0.0,22.0,0.0,0.5,1.0,-1.6,-1.6,-1.6,-1.6,1.0,0.0,22.0,0.0,0.5,1.0,185.0,185.0,185.0,185.0,1.0,0.0,22.0,0.0,0.5,1.0,185.0,185.0,185.0,185.0,1.0,0.0,22.0,0.0,0.5,1.0
1974,2,220.0,-37.0,,,,,,,,,,,,,,,,,,,,,,,,,,,,,,,,,,,,,,,,13.4,13.4,13.4,13.4,1.0,0.0,2.0,0.0,0.7,0.1,-4.58,-4.58,-4.58,-4.58,1.0,0.0,2.0,0.0,0.7,0.1,-12.59,-12.59,-12.59,-12.59,1.0,0.0,2.0,0.0,0.7,0.1,1014.7,1014.7,1014.7,1014.7,1.0,0.0,2.0,0.0,0.7,0.1,8.0,8.0,8.0,8.0,1.0,0.0,2.0,0.0,0.7,0.1,-61.4,-61.4,-61.4,-61.4,1.0,0.0,2.0,0.0,0.7,0.1,-168.7,-168.7,-168.7,-168.7,1.0,0.0,2.0,0.0,0.7,0.1,,,,,,,,,,,,,,,,,,,,,,,,,,,,,,,,,,,,,,,,,-102.7,-102.7,-102.7,-102.7,1.0,0.0,2.0,0.0,0.7,0.1,-282.1,-282.1,-282.1,-282.1,1.0,0.0,2.0,0.0,0.7,0.1,-74.9,-74.9,-74.9,-74.9,1.0,0.0,2.0,0.0,0.7,0.1,-205.7,-205.7,-205.7,-205.7,1.0,0.0,2.0,0.0,0.7,0.1,,,,,,,,,,,,,,,,,,,,,,,,,,,,,,,,,,,,,,,,
1974,2,220.0,-36.0,21.13,21.2,21.27,21.2,2.0,0.14,22.0,0.0,0.7,1.0,19.74,20.25,20.76,20.25,2.0,1.06,22.0,0.0,0.7,1.0,10.82,11.37,11.92,11.37,2.0,1.14,22.0,0.0,0.7,1.0,71.5,77.8,84.2,77.8,2.0,13.1,22.0,0.0,1.0,6.7,6.7,6.7,6.7,1.0,0.0,18.0,0.0,0.4,1.0,-5.13,-5.13,-5.13,-5.13,1.0,0.0,18.0,0.0,0.4,1.0,4.31,4.31,4.31,4.31,1.0,0.0,18.0,0.0,0.4,1.0,1015.54,1017.55,1019.56,1017.55,2.0,4.17,22.0,0.0,0.7,1.0,3.0,5.0,7.0,5.0,2.0,4.2,22.0,0.0,0.7,1.0,-34.4,-34.4,-34.4,-34.4,1.0,0.0,18.0,0.0,0.4,1.0,28.9,28.9,28.9,28.9,1.0,0.0,18.0,0.0,0.4,1.0,0.37,0.95,1.53,0.95,2.0,1.2,22.0,0.0,0.7,1.0,12.1,12.1,12.1,12.1,1.0,0.0,18.0,0.0,0.4,1.0,3.72,4.23,4.75,4.23,2.0,1.07,22.0,0.0,0.7,1.0,23.3,23.3,23.3,23.3,1.0,0.0,18.0,0.0,0.4,1.0,-100.1,-100.1,-100.1,-100.1,1.0,0.0,18.0,0.0,0.4,1.0,84.0,84.0,84.0,84.0,1.0,0.0,18.0,0.0,0.4,1.0,-62.5,-62.5,-62.5,-62.5,1.0,0.0,18.0,0.0,0.4,1.0,52.4,52.4,52.4,52.4,1.0,0.0,18.0,0.0,0.4,1.0,-17.9,-17.9,-17.9,-17.9,1.0,0.0,18.0,0.0,0.4,1.0,15.0,15.0,15.0,15.0,1.0,0.0,18.0,0.0,0.4,1.0,301.0,301.0,301.0,301.0,1.0,0.0,18.0,0.0,0.4,1.0,300.0,300.0,300.0,300.0,1.0,0.0,18.0,0.0,0.4,1.0
1974,2,220.0,-30.0,25.79,26.2,26.54,26.17,3.0,0.55,10.0,1.0,0.4,0.6,24.35,25.1,26.26,25.3,3.0,1.41,10.0,1.0,0.4,0.6,13.58,14.44,16.18,14.87,3.0,1.94,10.0,1.0,0.4,0.6,72.0,73.3,76.7,74.3,3.0,3.6,10.0,1.0,0.6,2.14,4.6,4.6,3.4,3.0,2.08,10.0,1.0,0.4,0.6,-3.41,-0.87,2.82,-0.31,3.0,4.59,10.0,1.0,0.4,0.6,-0.34,0.0,0.55,0.1,3.0,0.66,10.0,1.0,0.4,0.6,1018.23,1020.0,1023.62,1020.9,3.0,4.03,10.0,1.0,0.4,0.6,3.3,6.0,6.7,5.0,3.0,2.6,10.0,1.0,0.4,0.6,-14.7,-0.9,13.9,-0.4,3.0,21.0,10.0,1.0,0.4,0.6,-0.3,0.0,2.5,1.1,3.0,2.3,10.0,1.0,0.4,0.6,-0.31,1.6,2.01,0.87,3.0,1.81,10.0,1.0,0.4,0.6,-3.1,2.2,5.7,1.3,3.0,6.5,10.0,1.0,0.4,0.6,4.55,7.31,7.77,6.19,3.0,2.55,10.0,1.0,0.4,0.6,10.2,15.1,27.7,18.9,3.0,13.2,10.0,1.0,0.4,0.6,-90.7,-20.8,71.0,-10.1,3.0,118.9,10.0,1.0,0.4,0.6,-8.2,0.0,13.7,2.7,3.0,16.2,10.0,1.0,0.4,0.6,-57.0,-11.4,41.0,-8.0,3.0,71.8,10.0,1.0,0.4,0.6,-4.5,0.0,7.9,1.6,3.0,9.2,10.0,1.0,0.4,0.6,-12.5,-6.9,20.4,3.7,3.0,25.8,10.0,1.0,0.4,0.6,-2.7,0.0,4.0,0.6,3.0,4.9,10.0,1.0,0.4,0.6,31.5,97.5,97.5,65.0,3.0,55.5,10.0,1.0,0.4,0.6,30.0,95.0,95.0,65.0,3.0,55.0,10.0,1.0,0.4,0.6
1974,2,220.0,-29.0,,,,,,,,,,,,,,,,,,,,,,,,,,,,,,,,,,,,,,,,5.1,5.1,5.1,5.1,1.0,0.0,24.0,1.0,1.0,0.7,-5.1,-5.1,-5.1,-5.1,1.0,0.0,24.0,1.0,1.0,0.7,0.0,0.0,0.0,0.0,1.0,0.0,24.0,1.0,1.0,0.7,1019.0,1019.0,1019.0,1019.0,1.0,0.0,24.0,1.0,1.0,0.7,2.0,2.0,2.0,2.0,1.0,0.0,24.0,1.0,1.0,0.7,-26.0,-26.0,-26.0,-26.0,1.0,0.0,24.0,1.0,1.0,0.7,0.0,0.0,0.0,0.0,1.0,0.0,24.0,1.0,1.0,0.7,,,,,,,,,,,,,,,,,,,,,,,,,,,,,,,,,,,,,,,,,-132.6,-132.6,-132.6,-132.6,1.0,0.0,24.0,1.0,1.0,0.7,0.0,0.0,0.0,0.0,1.0,0.0,24.0,1.0,1.0,0.7,-72.8,-72.8,-72.8,-72.8,1.0,0.0,24.0,1.0,1.0,0.7,0.0,0.0,0.0,0.0,1.0,0.0,24.0,1.0,1.0,0.7,,,,,,,,,,,,,,,,,,,,,,,,,,,,,,,,,,,,,,,,
1974,2,220.0,-28.0,,,,,,,,,,,,,,,,,,,,,,,,,,,,,,,,,,,,,,,,2.6,2.6,2.6,2.6,1.0,0.0,6.0,1.0,0.2,0.6,-1.3,-1.3,-1.3,-1.3,1.0,0.0,6.0,1.0,0.2,0.6,-2.25,-2.25,-2.25,-2.25,1.0,0.0,6.0,1.0,0.2,0.6,1015.2,1015.2,1015.2,1015.2,1.0,0.0,6.0,1.0,0.2,0.6,6.0,6.0,6.0,6.0,1.0,0.0,6.0,1.0,0.2,0.6,-3.4,-3.4,-3.4,-3.4,1.0,0.0,6.0,1.0,0.2,0.6,-5.9,-5.9,-5.9,-5.9,1.0,0.0,6.0,1.0,0.2,0.6,,,,,,,,,,,,,,,,,,,,,,,,,,,,,,,,,,,,,,,,,-36.3,-36.3,-36.3,-36.3,1.0,0.0,6.0,1.0,0.2,0.6,-62.8,-62.8,-62.8,-62.8,1.0,0.0,6.0,1.0,0.2,0.6,-21.5,-21.5,-21.5,-21.5,1.0,0.0,6.0,1.0,0.2,0.6,-37.2,-37.2,-37.2,-37.2,1.0,0.0,6.0,1.0,0.2,0.6,,,,,,,,,,,,,,,,,,,,,,,,,,,,,,,,,,,,,,,,
1974,2,220.0,-27.0,26.4,26.4,26.4,26.4,1.0,0.0,4.0,0.0,0.9,0.4,25.9,25.9,25.9,25.9,1.0,0.0,4.0,0.0,0.9,0.4,16.19,16.19,16.19,16.19,1.0,0.0,4.0,0.0,0.9,0.4,78.1,78.1,78.1,78.1,1.0,0.0,4.0,0.0,0.4,1.0,1.0,1.0,1.0,1.0,0.0,4.0,0.0,0.9,0.4,-0.77,-0.77,-0.77,-0.77,1.0,0.0,4.0,0.0,0.9,0.4,-0.64,-0.64,-0.64,-0.64,1.0,0.0,4.0,0.0,0.9,0.4,1017.5,1017.5,1017.5,1017.5,1.0,0.0,4.0,0.0,0.9,0.4,7.0,7.0,7.0,7.0,1.0,0.0,4.0,0.0,0.9,0.4,-0.8,-0.8,-0.8,-0.8,1.0,0.0,4.0,0.0,0.9,0.4,-0.6,-0.6,-0.6,-0.6,1.0,0.0,4.0,0.0,0.9,0.4,0.5,0.5,0.5,0.5,1.0,0.0,4.0,0.0,0.9,0.4,0.5,0.5,0.5,0.5,1.0,0.0,4.0,0.0,0.9,0.4,5.22,5.22,5.22,5.22,1.0,0.0,4.0,0.0,0.9,0.4,5.2,5.2,5.2,5.2,1.0,0.0,4.0,0.0,0.9,0.4,-19.8,-19.8,-19.8,-19.8,1.0,0.0,4.0,0.0,0.9,0.4,-16.6,-16.6,-16.6,-16.6,1.0,0.0,4.0,0.0,0.9,0.4,-12.4,-12.4,-12.4,-12.4,1.0,0.0,4.0,0.0,0.9,0.4,-10.4,-10.4,-10.4,-10.4,1.0,0.0,4.0,0.0,0.9,0.4,-4.0,-4.0,-4.0,-4.0,1.0,0.0,4.0,0.0,0.9,0.4,-3.4,-3.4,-3.4,-3.4,1.0,0.0,4.0,0.0,0.9,0.4,1.0,1.0,1.0,1.0,1.0,0.0,4.0,0.0,0.9,0.4,0.0,0.0,0.0,0.0,1.0,0.0,4.0,0.0,0.9,0.4
1974,2,220.0,-26.0,27.8,27.8,27.8,27.8,1.0,0.0,22.0,1.0,0.1,0.3,27.5,27.5,27.5,27.5,1.0,0.0,22.0,1.0,0.1,0.3,16.44,16.44,16.44,16.44,1.0,0.0,22.0,1.0,0.1,0.3,72.4,72.4,72.4,72.4,1.0,0.0,22.0,1.0,0.3,5.1,5.1,5.1,5.1,1.0,0.0,22.0,1.0,0.1,0.3,-5.1,-5.1,-5.1,-5.1,1.0,0.0,22.0,1.0,0.1,0.3,0.0,0.0,0.0,0.0,1.0,0.0,22.0,1.0,0.1,0.3,1020.8,1020.8,1020.8,1020.8,1.0,0.0,22.0,1.0,0.1,0.3,3.0,3.0,3.0,3.0,1.0,0.0,22.0,1.0,0.1,0.3,-26.0,-26.0,-26.0,-26.0,1.0,0.0,22.0,1.0,0.1,0.3,0.0,0.0,0.0,0.0,1.0,0.0,22.0,1.0,0.1,0.3,0.3,0.3,0.3,0.3,1.0,0.0,22.0,1.0,0.1,0.3,1.5,1.5,1.5,1.5,1.0,0.0,22.0,1.0,0.1,0.3,6.76,6.76,6.76,6.76,1.0,0.0,22.0,1.0,0.1,0.3,34.5,34.5,34.5,34.5,1.0,0.0,22.0,1.0,0.1,0.3,-140.2,-140.2,-140.2,-140.2,1.0,0.0,22.0,1.0,0.1,0.3,0.0,0.0,0.0,0.0,1.0,0.0,22.0,1.0,0.1,0.3,-83.8,-83.8,-83.8,-83.8,1.0,0.0,22.0,1.0,0.1,0.3,0.0,0.0,0.0,0.0,1.0,0.0,22.0,1.0,0.1,0.3,-34.5,-34.5,-34.5,-34.5,1.0,0.0,22.0,1.0,0.1,0.3,0.0,0.0,0.0,0.0,1.0,0.0,22.0,1.0,0.1,0.3,132.5,132.5,132.5,132.5,1.0,0.0,22.0,1.0,0.1,0.3,135.0,135.0,135.0,135.0,1.0,0.0,22.0,1.0,0.1,0.3
1974,2,220.0,-25.0,,,,,,,,,,,,,,,,,,,,,,,,,,,,,,,,,,,,,,,,0.0,0.0,0.0,0.0,1.0,0.0,14.0,1.0,1.0,0.1,0.0,0.0,0.0,0.0,1.0,0.0,14.0,1.0,1.0,0.1,0.0,0.0,0.0,0.0,1.0,0.0,14.0,1.0,1.0,0.1,1014.5,1014.5,1014.5,1014.5,1.0,0.0,14.0,1.0,1.0,0.1,,,,,,,,,,,,,,,,,,,,,,,,,,,,,,,,,,,,,,,,,,,,,,,,,,,,,,,,,,,,,,,,,,,,,,,,,,,,,,,,,,,,,,,,,,,,,,,,,,,,,,,,,,,,,,,,,,,,,,,,,,,,,,,,,,,,,,,,,,,,,,,,,,,,,,
1974,2,220.0,-22.0,26.6,26.6,26.6,26.6,1.0,0.0,14.0,0.0,0.6,0.4,27.8,27.8,27.8,27.8,1.0,0.0,14.0,0.0,0.6,0.4,16.39,16.39,16.39,16.39,1.0,0.0,14.0,0.0,0.6,0.4,70.7,70.7,70.7,70.7,1.0,0.0,14.0,0.0,0.4,12.9,12.9,12.9,12.9,1.0,0.0,14.0,0.0,0.6,0.4,-12.9,-12.9,-12.9,-12.9,1.0,0.0,14.0,0.0,0.6,0.4,0.0,0.0,0.0,0.0,1.0,0.0,14.0,0.0,0.6,0.4,1018.0,1018.0,1018.0,1018.0,1.0,0.0,14.0,0.0,0.6,0.4,2.0,2.0,2.0,2.0,1.0,0.0,14.0,0.0,0.6,0.4,-166.4,-166.4,-166.4,-166.4,1.0,0.0,14.0,0.0,0.6,0.4,0.0,0.0,0.0,0.0,1.0,0.0,14.0,0.0,0.6,0.4,-1.2,-1.2,-1.2,-1.2,1.0,0.0,14.0,0.0,0.6,0.4,-15.5,-15.5,-15.5,-15.5,1.0,0.0,14.0,0.0,0.6,0.4,5.28,5.28,5.28,5.28,1.0,0.0,14.0,0.0,0.6,0.4,68.1,68.1,68.1,68.1,1.0,0.0,14.0,0.0,0.6,0.4,-358.6,-358.6,-358.6,-358.6,1.0,0.0,14.0,0.0,0.6,0.4,0.0,0.0,0.0,0.0,1.0,0.0,14.0,0.0,0.6,0.4,-211.4,-211.4,-211.4,-211.4,1.0,0.0,14.0,0.0,0.6,0.4,0.0,0.0,0.0,0.0,1.0,0.0,14.0,0.0,0.6,0.4,-68.1,-68.1,-68.1,-68.1,1.0,0.0,14.0,0.0,0.6,0.4,0.0,0.0,0.0,0.0,1.0,0.0,14.0,0.0,0.6,0.4,2146.5,2146.5,2146.5,2146.5,1.0,0.0,14.0,0.0,0.6,0.4,2145.0,2145.0,2145.0,2145.0,1.0,0.0,14.0,0.0,0.6,0.4
1974,2,220.0,-20.0,26.0,26.0,26.0,26.0,1.0,0.0,26.0,0.0,0.4,0.2,24.3,24.3,24.3,24.3,1.0,0.0,26.0,0.0,0.4,0.2,18.56,18.56,18.56,18.56,1.0,0.0,26.0,0.0,0.4,0.2,98.2,98.2,98.2,98.2,1.0,0.0,26.0,0.0,0.2,6.2,6.2,6.2,6.2,1.0,0.0,26.0,0.0,0.4,0.2,-6.2,-6.2,-6.2,-6.2,1.0,0.0,26.0,0.0,0.4,0.2,0.0,0.0,0.0,0.0,1.0,0.0,26.0,0.0,0.4,0.2,1015.8,1015.8,1015.8,1015.8,1.0,0.0,26.0,0.0,0.4,0.2,8.0,8.0,8.0,8.0,1.0,0.0,26.0,0.0,0.4,0.2,-38.4,-38.4,-38.4,-38.4,1.0,0.0,26.0,0.0,0.4,0.2,0.0,0.0,0.0,0.0,1.0,0.0,26.0,0.0,0.4,0.2,1.7,1.7,1.7,1.7,1.0,0.0,26.0,0.0,0.4,0.2,10.5,10.5,10.5,10.5,1.0,0.0,26.0,0.0,0.4,0.2,2.38,2.38,2.38,2.38,1.0,0.0,26.0,0.0,0.4,0.2,14.8,14.8,14.8,14.8,1.0,0.0,26.0,0.0,0.4,0.2,-150.7,-150.7,-150.7,-150.7,1.0,0.0,26.0,0.0,0.4,0.2,0.0,0.0,0.0,0.0,1.0,0.0,26.0,0.0,0.4,0.2,-115.1,-115.1,-115.1,-115.1,1.0,0.0,26.0,0.0,0.4,0.2,0.0,0.0,0.0,0.0,1.0,0.0,26.0,0.0,0.4,0.2,-14.8,-14.8,-14.8,-14.8,1.0,0.0,26.0,0.0,0.4,0.2,0.0,0.0,0.0,0.0,1.0,0.0,26.0,0.0,0.4,0.2,238.5,238.5,238.5,238.5,1.0,0.0,26.0,0.0,0.4,0.2,240.0,240.0,240.0,240.0,1.0,0.0,26.0,0.0,0.4,0.2
1974,2,220.0,-14.0,26.5,26.7,26.9,26.7,2.0,0.42,16.0,0.5,0.7,0.4,26.33,27.05,27.77,27.05,2.0,1.48,16.0,0.5,0.7,0.4,16.32,16.62,16.92,16.62,2.0,0.62,16.0,0.5,0.7,0.4,72.9,74.6,76.4,74.6,2.0,3.6,16.0,0.5,0.4,6.7,6.7,6.7,6.7,2.0,0.0,16.0,0.5,0.7,0.4,-5.8,-5.8,-5.8,-5.8,2.0,0.0,16.0,0.5,0.7,0.4,3.35,3.35,3.35,3.35,2.0,0.0,16.0,0.5,0.7,0.4,1012.26,1013.25,1014.24,1013.25,2.0,2.05,16.0,0.5,0.7,0.4,3.5,4.5,5.5,4.5,2.0,2.1,16.0,0.5,0.7,0.4,-38.9,-38.9,-38.9,-38.9,2.0,0.0,16.0,0.5,0.7,0.4,22.4,22.4,22.4,22.4,2.0,0.0,16.0,0.5,0.7,0.4,-0.86,-0.35,0.16,-0.35,2.0,1.06,16.0,0.5,0.7,0.4,-5.8,-2.3,1.1,-2.3,2.0,7.1,16.0,0.5,0.7,0.4,5.23,5.28,5.33,5.28,2.0,0.11,16.0,0.5,0.7,0.4,35.0,35.4,35.7,35.4,2.0,0.7,16.0,0.5,0.7,0.4,-161.1,-157.0,-152.8,-157.0,2.0,8.6,16.0,0.5,0.7,0.4,88.2,90.6,93.0,90.6,2.0,5.0,16.0,0.5,0.7,0.4,-98.2,-96.4,-94.7,-96.4,2.0,3.6,16.0,0.5,0.7,0.4,54.7,55.7,56.7,55.7,2.0,2.1,16.0,0.5,0.7,0.4,-30.9,-30.6,-30.3,-30.6,2.0,0.6,16.0,0.5,0.7,0.4,17.5,17.7,17.9,17.7,2.0,0.4,16.0,0.5,0.7,0.4,301.0,301.0,301.0,301.0,2.0,0.0,16.0,0.5,0.7,0.4,300.0,300.0,300.0,300.0,2.0,0.0,16.0,0.5,0.7,0.4
1974,2,220.0,-12.0,26.7,26.7,26.7,26.7,1.0,0.0,8.0,0.0,0.2,0.9,26.6,26.6,26.6,26.6,1.0,0.0,8.0,0.0,0.2,0.9,17.0,17.0,17.0,17.0,1.0,0.0,8.0,0.0,0.2,0.9,78.2,78.2,78.2,78.2,1.0,0.0,8.0,0.0,0.9,2.6,2.6,2.6,2.6,1.0,0.0,8.0,0.0,0.2,0.9,-2.6,-2.6,-2.6,-2.6,1.0,0.0,8.0,0.0,0.2,0.9,0.0,0.0,0.0,0.0,1.0,0.0,8.0,0.0,0.2,0.9,1012.1,1012.1,1012.1,1012.1,1.0,0.0,8.0,0.0,0.2,0.9,5.0,5.0,5.0,5.0,1.0,0.0,8.0,0.0,0.2,0.9,-6.8,-6.8,-6.8,-6.8,1.0,0.0,8.0,0.0,0.2,0.9,0.0,0.0,0.0,0.0,1.0,0.0,8.0,0.0,0.2,0.9,0.1,0.1,0.1,0.1,1.0,0.0,8.0,0.0,0.2,0.9,0.3,0.3,0.3,0.3,1.0,0.0,8.0,0.0,0.2,0.9,4.93,4.93,4.93,4.93,1.0,0.0,8.0,0.0,0.2,0.9,12.8,12.8,12.8,12.8,1.0,0.0,8.0,0.0,0.2,0.9,-69.2,-69.2,-69.2,-69.2,1.0,0.0,8.0,0.0,0.2,0.9,0.0,0.0,0.0,0.0,1.0,0.0,8.0,0.0,0.2,0.9,-44.2,-44.2,-44.2,-44.2,1.0,0.0,8.0,0.0,0.2,0.9,0.0,0.0,0.0,0.0,1.0,0.0,8.0,0.0,0.2,0.9,-12.8,-12.8,-12.8,-12.8,1.0,0.0,8.0,0.0,0.2,0.9,0.0,0.0,0.0,0.0,1.0,0.0,8.0,0.0,0.2,0.9,17.5,17.5,17.5,17.5,1.0,0.0,8.0,0.0,0.2,0.9,20.0,20.0,20.0,20.0,1.0,0.0,8.0,0.0,0.2,0.9
1974,2,220.0,-11.0,26.6,27.9,29.2,27.9,2.0,2.69,14.0,0.5,0.5,0.5,27.64,28.8,29.96,28.8,2.0,2.4,14.0,0.5,0.5,0.5,18.52,19.91,21.3,19.91,2.0,2.89,14.0,0.5,0.5,0.5,70.6,81.6,92.6,81.6,2.0,22.8,14.0,0.5,0.5,4.77,5.15,5.53,5.15,2.0,0.78,14.0,0.5,0.5,0.5,-5.41,-4.97,-4.53,-4.97,2.0,0.91,14.0,0.5,0.5,0.5,1.08,1.28,1.48,1.28,2.0,0.41,14.0,0.5,0.5,0.5,1010.75,1010.85,1010.95,1010.85,2.0,0.21,14.0,0.5,0.5,0.5,1.2,1.5,1.8,1.5,2.0,0.7,14.0,0.5,0.5,0.5,-30.1,-25.9,-21.8,-25.9,2.0,8.6,14.0,0.5,0.5,0.5,5.9,6.4,7.0,6.4,2.0,1.1,14.0,0.5,0.5,0.5,-1.04,-0.9,-0.76,-0.9,2.0,0.28,14.0,0.5,0.5,0.5,-5.8,-4.7,-3.7,-4.7,2.0,2.2,14.0,0.5,0.5,0.5,0.59,3.8,7.0,3.8,2.0,6.64,14.0,0.5,0.5,0.5,1.9,17.0,32.0,17.0,2.0,31.3,14.0,0.5,0.5,0.5,-148.9,-142.0,-135.1,-142.0,2.0,14.3,14.0,0.5,0.5,0.5,30.2,37.4,44.6,37.4,2.0,15.0,14.0,0.5,0.5,0.5,-115.9,-100.2,-84.5,-100.2,2.0,32.5,14.0,0.5,0.5,0.5,22.7,24.9,27.1,24.9,2.0,4.5,14.0,0.5,0.5,0.5,-30.1,-15.8,-1.6,-15.8,2.0,29.5,14.0,0.5,0.5,0.5,1.4,6.2,11.1,6.2,2.0,10.1,14.0,0.5,0.5,0.5,111.5,141.5,171.5,141.5,2.0,62.0,14.0,0.5,0.5,0.5,110.0,140.0,170.0,140.0,2.0,60.0,14.0,0.5,0.5,0.5
1974,2,220.0,-10.0,26.5,26.5,26.5,26.5,1.0,0.0,26.0,1.0,0.3,0.9,26.3,26.3,26.3,26.3,1.0,0.0,26.0,1.0,0.3,0.9,16.13,16.13,16.13,16.13,1.0,0.0,26.0,1.0,0.3,0.9,75.4,75.4,75.4,75.4,1.0,0.0,26.0,1.0,0.9,7.2,7.2,7.2,7.2,1.0,0.0,26.0,1.0,0.3,0.9,-6.77,-6.77,-6.77,-6.77,1.0,0.0,26.0,1.0,0.3,0.9,2.46,2.46,2.46,2.46,1.0,0.0,26.0,1.0,0.3,0.9,1008.8,1008.8,1008.8,1008.8,1.0,0.0,26.0,1.0,0.3,0.9,6.0,6.0,6.0,6.0,1.0,0.0,26.0,1.0,0.3,0.9,-48.7,-48.7,-48.7,-48.7,1.0,0.0,26.0,1.0,0.3,0.9,17.7,17.7,17.7,17.7,1.0,0.0,26.0,1.0,0.3,0.9,0.2,0.2,0.2,0.2,1.0,0.0,26.0,1.0,0.3,0.9,1.4,1.4,1.4,1.4,1.0,0.0,26.0,1.0,0.3,0.9,5.6,5.6,5.6,5.6,1.0,0.0,26.0,1.0,0.3,0.9,40.3,40.3,40.3,40.3,1.0,0.0,26.0,1.0,0.3,0.9,-177.9,-177.9,-177.9,-177.9,1.0,0.0,26.0,1.0,0.3,0.9,64.8,64.8,64.8,64.8,1.0,0.0,26.0,1.0,0.3,0.9,-109.1,-109.1,-109.1,-109.1,1.0,0.0,26.0,1.0,0.3,0.9,39.7,39.7,39.7,39.7,1.0,0.0,26.0,1.0,0.3,0.9,-37.9,-37.9,-37.9,-37.9,1.0,0.0,26.0,1.0,0.3,0.9,13.8,13.8,13.8,13.8,1.0,0.0,26.0,1.0,0.3,0.9,373.0,373.0,373.0,373.0,1.0,0.0,26.0,1.0,0.3,0.9,375.0,375.0,375.0,375.0,1.0,0.0,26.0,1.0,0.3,0.9
1974,2,220.0,-9.0,27.58,27.75,27.92,27.75,2.0,0.35,14.0,0.5,0.6,0.2,26.33,26.6,26.87,26.6,2.0,0.57,14.0,0.5,0.6,0.2,15.19,16.08,16.98,16.08,2.0,1.86,14.0,0.5,0.6,0.2,70.9,73.9,76.9,73.9,2.0,6.2,14.0,0.5,0.2,3.75,5.15,6.55,5.15,2.0,2.9,14.0,0.5,0.6,0.2,-6.54,-5.13,-3.71,-5.13,2.0,2.93,14.0,0.5,0.6,0.2,-0.45,-0.27,-0.09,-0.27,2.0,0.38,14.0,0.5,0.6,0.2,1010.56,1011.75,1012.94,1011.75,2.0,2.47,14.0,0.5,0.6,0.2,3.0,3.0,3.0,3.0,2.0,0.0,14.0,0.5,0.6,0.2,-45.1,-30.7,-16.2,-30.7,2.0,30.0,14.0,0.5,0.6,0.2,-1.4,-0.8,-0.3,-0.8,2.0,1.2,14.0,0.5,0.6,0.2,1.05,1.15,1.25,1.15,2.0,0.21,14.0,0.5,0.6,0.2,4.5,5.6,6.7,5.6,2.0,2.2,14.0,0.5,0.6,0.2,6.58,7.26,7.95,7.26,2.0,1.42,14.0,0.5,0.6,0.2,28.7,35.3,42.0,35.3,2.0,13.7,14.0,0.5,0.6,0.2,-176.2,-137.2,-98.1,-137.2,2.0,80.9,14.0,0.5,0.6,0.2,-11.9,-7.1,-2.2,-7.1,2.0,10.0,14.0,0.5,0.6,0.2,-112.5,-85.2,-57.8,-85.2,2.0,56.7,14.0,0.5,0.6,0.2,-6.7,-4.0,-1.3,-4.0,2.0,5.6,14.0,0.5,0.6,0.2,-41.9,-35.1,-28.4,-35.1,2.0,14.0,14.0,0.5,0.6,0.2,-3.7,-2.2,-0.7,-2.2,2.0,3.1,14.0,0.5,0.6,0.2,84.5,201.5,318.5,201.5,2.0,243.0,14.0,0.5,0.6,0.2,85.0,200.0,320.0,200.0,2.0,245.0,14.0,0.5,0.6,0.2
1974,2,220.0,-7.0,24.7,24.7,24.7,24.7,1.0,0.0,2.0,1.0,0.9,0.8,26.8,26.8,26.8,26.8,1.0,0.0,2.0,1.0,0.9,0.8,15.04,15.04,15.04,15.04,1.0,0.0,2.0,1.0,0.9,0.8,68.4,68.4,68.4,68.4,1.0,0.0,2.0,1.0,0.8,6.7,6.7,6.7,6.7,1.0,0.0,2.0,1.0,0.9,0.8,-6.7,-6.7,-6.7,-6.7,1.0,0.0,2.0,1.0,0.9,0.8,0.0,0.0,0.0,0.0,1.0,0.0,2.0,1.0,0.9,0.8,1010.6,1010.6,1010.6,1010.6,1.0,0.0,2.0,1.0,0.9,0.8,2.0,2.0,2.0,2.0,1.0,0.0,2.0,1.0,0.9,0.8,-44.9,-44.9,-44.9,-44.9,1.0,0.0,2.0,1.0,0.9,0.8,0.0,0.0,0.0,0.0,1.0,0.0,2.0,1.0,0.9,0.8,-2.1,-2.1,-2.1,-2.1,1.0,0.0,2.0,1.0,0.9,0.8,-14.1,-14.1,-14.1,-14.1,1.0,0.0,2.0,1.0,0.9,0.8,4.43,4.43,4.43,4.43,1.0,0.0,2.0,1.0,0.9,0.8,29.7,29.7,29.7,29.7,1.0,0.0,2.0,1.0,0.9,0.8,-179.6,-179.6,-179.6,-179.6,1.0,0.0,2.0,1.0,0.9,0.8,0.0,0.0,0.0,0.0,1.0,0.0,2.0,1.0,0.9,0.8,-100.8,-100.8,-100.8,-100.8,1.0,0.0,2.0,1.0,0.9,0.8,0.0,0.0,0.0,0.0,1.0,0.0,2.0,1.0,0.9,0.8,-29.7,-29.7,-29.7,-29.7,1.0,0.0,2.0,1.0,0.9,0.8,0.0,0.0,0.0,0.0,1.0,0.0,2.0,1.0,0.9,0.8,301.0,301.0,301.0,301.0,1.0,0.0,2.0,1.0,0.9,0.8,300.0,300.0,300.0,300.0,1.0,0.0,2.0,1.0,0.9,0.8
1974,2,220.0,1.0,24.0,24.0,24.0,24.0,1.0,0.0,8.0,1.0,0.9,0.5,26.5,26.5,26.5,26.5,1.0,0.0,8.0,1.0,0.9,0.5,17.55,17.55,17.55,17.55,1.0,0.0,8.0,1.0,0.9,0.5,81.1,81.1,81.1,81.1,1.0,0.0,8.0,1.0,0.5,5.1,5.1,5.1,5.1,1.0,0.0,8.0,1.0,0.9,0.5,-4.79,-4.79,-4.79,-4.79,1.0,0.0,8.0,1.0,0.9,0.5,1.74,1.74,1.74,1.74,1.0,0.0,8.0,1.0,0.9,0.5,1010.9,1010.9,1010.9,1010.9,1.0,0.0,8.0,1.0,0.9,0.5,2.0,2.0,2.0,2.0,1.0,0.0,8.0,1.0,0.9,0.5,-24.4,-24.4,-24.4,-24.4,1.0,0.0,8.0,1.0,0.9,0.5,8.9,8.9,8.9,8.9,1.0,0.0,8.0,1.0,0.9,0.5,-2.5,-2.5,-2.5,-2.5,1.0,0.0,8.0,1.0,0.9,0.5,-12.7,-12.7,-12.7,-12.7,1.0,0.0,8.0,1.0,0.9,0.5,1.1,1.1,1.1,1.1,1.0,0.0,8.0,1.0,0.9,0.5,5.6,5.6,5.6,5.6,1.0,0.0,8.0,1.0,0.9,0.5,-127.0,-127.0,-127.0,-127.0,1.0,0.0,8.0,1.0,0.9,0.5,46.2,46.2,46.2,46.2,1.0,0.0,8.0,1.0,0.9,0.5,-84.1,-84.1,-84.1,-84.1,1.0,0.0,8.0,1.0,0.9,0.5,30.6,30.6,30.6,30.6,1.0,0.0,8.0,1.0,0.9,0.5,-5.3,-5.3,-5.3,-5.3,1.0,0.0,8.0,1.0,0.9,0.5,1.9,1.9,1.9,1.9,1.0,0.0,8.0,1.0,0.9,0.5,132.5,132.5,132.5,132.5,1.0,0.0,8.0,1.0,0.9,0.5,135.0,135.0,135.0,135.0,1.0,0.0,8.0,1.0,0.9,0.5
1974,2,220.0,5.0,26.0,26.0,26.0,26.0,1.0,0.0,12.0,1.0,0.5,0.0,25.14,25.45,25.76,25.45,2.0,0.64,12.0,1.0,0.5,0.0,16.53,17.54,18.54,17.54,2.0,2.08,12.0,1.0,0.5,0.0,82.9,86.2,89.4,86.2,2.0,6.7,12.0,1.0,0.0,6.2,6.2,6.2,6.2,2.0,0.0,12.0,1.0,0.5,0.0,-6.06,-5.97,-5.87,-5.97,2.0,0.2,12.0,1.0,0.5,0.0,1.24,1.6,1.95,1.6,2.0,0.74,12.0,1.0,0.5,0.0,1010.64,1011.6,1012.56,1011.6,2.0,1.98,12.0,1.0,0.5,0.0,4.2,4.5,4.8,4.5,2.0,0.7,12.0,1.0,0.5,0.0,-37.6,-37.0,-36.4,-37.0,2.0,1.2,12.0,1.0,0.5,0.0,7.7,9.9,12.1,9.9,2.0,4.6,12.0,1.0,0.5,0.0,0.1,0.1,0.1,0.1,1.0,0.0,12.0,1.0,0.5,0.0,0.6,0.6,0.6,0.6,1.0,0.0,12.0,1.0,0.5,0.0,2.05,2.05,2.05,2.05,1.0,0.0,12.0,1.0,0.5,0.0,12.7,12.7,12.7,12.7,1.0,0.0,12.0,1.0,0.5,0.0,-156.2,-151.9,-147.6,-151.9,2.0,8.8,12.0,1.0,0.5,0.0,31.9,40.4,49.0,40.4,2.0,17.8,12.0,1.0,0.5,0.0,-112.5,-104.8,-97.2,-104.8,2.0,15.9,12.0,1.0,0.5,0.0,22.6,27.3,31.9,27.3,2.0,9.6,12.0,1.0,0.5,0.0,-12.5,-12.5,-12.5,-12.5,1.0,0.0,12.0,1.0,0.5,0.0,2.2,2.2,2.2,2.2,1.0,0.0,12.0,1.0,0.5,0.0,238.5,238.5,238.5,238.5,2.0,0.0,12.0,1.0,0.5,0.0,240.0,240.0,240.0,240.0,2.0,0.0,12.0,1.0,0.5,0.0
1974,2,220.0,6.0,25.6,25.6,25.6,25.6,1.0,0.0,20.0,0.0,0.8,0.8,25.0,25.0,25.0,25.0,1.0,0.0,20.0,0.0,0.8,0.8,17.47,17.47,17.47,17.47,1.0,0.0,20.0,0.0,0.8,0.8,88.1,88.1,88.1,88.1,1.0,0.0,20.0,0.0,0.8,9.3,9.3,9.3,9.3,1.0,0.0,20.0,0.0,0.8,0.8,-8.74,-8.74,-8.74,-8.74,1.0,0.0,20.0,0.0,0.8,0.8,-3.18,-3.18,-3.18,-3.18,1.0,0.0,20.0,0.0,0.8,0.8,1009.1,1009.1,1009.1,1009.1,1.0,0.0,20.0,0.0,0.8,0.8,3.0,3.0,3.0,3.0,1.0,0.0,20.0,0.0,0.8,0.8,-81.3,-81.3,-81.3,-81.3,1.0,0.0,20.0,0.0,0.8,0.8,-29.6,-29.6,-29.6,-29.6,1.0,0.0,20.0,0.0,0.8,0.8,0.6,0.6,0.6,0.6,1.0,0.0,20.0,0.0,0.8,0.8,5.6,5.6,5.6,5.6,1.0,0.0,20.0,0.0,0.8,0.8,3.11,3.11,3.11,3.11,1.0,0.0,20.0,0.0,0.8,0.8,29.0,29.0,29.0,29.0,1.0,0.0,20.0,0.0,0.8,0.8,-218.5,-218.5,-218.5,-218.5,1.0,0.0,20.0,0.0,0.8,0.8,-79.5,-79.5,-79.5,-79.5,1.0,0.0,20.0,0.0,0.8,0.8,-152.7,-152.7,-152.7,-152.7,1.0,0.0,20.0,0.0,0.8,0.8,-55.6,-55.6,-55.6,-55.6,1.0,0.0,20.0,0.0,0.8,0.8,-27.2,-27.2,-27.2,-27.2,1.0,0.0,20.0,0.0,0.8,0.8,-9.9,-9.9,-9.9,-9.9,1.0,0.0,20.0,0.0,0.8,0.8,804.5,804.5,804.5,804.5,1.0,0.0,20.0,0.0,0.8,0.8,805.0,805.0,805.0,805.0,1.0,0.0,20.0,0.0,0.8,0.8
1974,2,220.0,8.0,26.13,26.4,26.67,26.4,2.0,0.57,16.0,0.0,0.4,0.4,26.02,26.05,26.08,26.05,2.0,0.07,16.0,0.0,0.4,0.4,15.11,16.22,17.33,16.22,2.0,2.3,16.0,0.0,0.4,0.4,71.6,77.1,82.5,77.1,2.0,11.3,16.0,0.0,0.4,8.77,10.0,11.23,10.0,2.0,2.55,16.0,0.0,0.4,0.4,-7.51,-7.34,-7.18,-7.34,2.0,0.34,16.0,0.0,0.4,0.4,-8.26,-6.57,-4.88,-6.57,2.0,3.49,16.0,0.0,0.4,0.4,1010.14,1011.1,1012.06,1011.1,2.0,1.98,16.0,0.0,0.4,0.4,2.3,3.0,3.7,3.0,2.0,1.4,16.0,0.0,0.4,0.4,-84.5,-73.9,-63.2,-73.9,2.0,22.1,16.0,0.0,0.4,0.4,-95.1,-70.1,-45.2,-70.1,2.0,51.6,16.0,0.0,0.4,0.4,0.11,0.35,0.59,0.35,2.0,0.49,16.0,0.0,0.4,0.4,0.9,2.9,4.8,2.9,2.0,4.1,16.0,0.0,0.4,0.4,3.86,5.34,6.83,5.34,2.0,3.07,16.0,0.0,0.4,0.4,41.3,49.5,57.8,49.5,2.0,17.1,16.0,0.0,0.4,0.4,-195.3,-191.3,-187.2,-191.3,2.0,8.4,16.0,0.0,0.4,0.4,-214.7,-171.0,-127.3,-171.0,2.0,90.5,16.0,0.0,0.4,0.4,-130.3,-119.5,-108.7,-119.5,2.0,22.4,16.0,0.0,0.4,0.4,-145.2,-110.6,-75.9,-110.6,2.0,71.8,16.0,0.0,0.4,0.4,-48.7,-38.7,-28.7,-38.7,2.0,20.7,16.0,0.0,0.4,0.4,-30.5,-29.7,-29.0,-29.7,2.0,1.5,16.0,0.0,0.4,0.4,724.5,1097.0,1470.0,1097.0,2.0,772.0,16.0,0.0,0.4,0.4,725.0,1095.0,1470.0,1095.0,2.0,770.0,16.0,0.0,0.4,0.4
1974,2,220.0,13.0,24.0,24.0,25.84,24.9,3.0,1.56,22.0,0.7,0.8,0.6,23.3,23.5,26.03,24.63,3.0,2.23,22.0,0.7,0.8,0.6,14.45,14.45,14.45,14.45,1.0,0.0,20.0,1.0,1.0,0.5,80.2,80.2,80.2,80.2,1.0,0.0,20.0,1.0,0.5,10.62,11.3,12.46,11.53,3.0,1.37,22.0,0.7,0.8,0.6,-10.52,-10.3,-10.07,-10.29,3.0,0.33,22.0,0.7,0.8,0.6,-6.93,-3.86,-1.23,-4.07,3.0,4.18,22.0,0.7,0.8,0.6,1010.82,1013.0,1013.2,1012.03,3.0,1.94,22.0,0.7,0.8,0.6,1.5,2.5,3.5,2.5,2.0,2.1,22.0,1.0,0.8,0.4,-126.5,-120.0,-110.5,-118.5,3.0,11.8,22.0,0.7,0.8,0.6,-88.0,-43.7,-13.9,-50.8,3.0,54.7,22.0,0.7,0.8,0.6,-0.18,0.5,0.7,0.27,3.0,0.68,22.0,0.7,0.8,0.6,-1.7,5.7,8.9,3.6,3.0,8.0,22.0,0.7,0.8,0.6,4.16,4.16,4.16,4.16,1.0,0.0,20.0,1.0,1.0,0.5,47.0,47.0,47.0,47.0,1.0,0.0,20.0,1.0,1.0,0.5,-270.4,-249.5,-236.9,-253.6,3.0,24.8,22.0,0.7,0.8,0.6,-161.2,-90.8,-28.8,-94.9,3.0,97.0,22.0,0.7,0.8,0.6,-153.5,-153.5,-153.5,-153.5,1.0,0.0,20.0,1.0,1.0,0.5,-55.9,-55.9,-55.9,-55.9,1.0,0.0,20.0,1.0,1.0,0.5,-44.2,-44.2,-44.2,-44.2,1.0,0.0,20.0,1.0,1.0,0.5,-16.1,-16.1,-16.1,-16.1,1.0,0.0,20.0,1.0,1.0,0.5,1204.0,1443.0,1957.5,1577.5,3.0,564.5,22.0,0.7,0.8,0.6,1205.0,1445.0,1960.0,1580.0,3.0,565.0,22.0,0.7,0.8,0.6
1974,2,220.0,15.0,23.5,23.5,23.5,23.5,1.0,0.0,22.0,0.0,0.5,0.1,23.0,23.0,23.0,23.0,1.0,0.0,22.0,0.0,0.5,0.1,12.8,12.8,12.8,12.8,1.0,0.0,22.0,0.0,0.5,0.1,73.4,73.4,73.4,73.4,1.0,0.0,22.0,0.0,0.1,6.7,6.7,6.7,6.7,1.0,0.0,22.0,0.0,0.5,0.1,-6.3,-6.3,-6.3,-6.3,1.0,0.0,22.0,0.0,0.5,0.1,-2.29,-2.29,-2.29,-2.29,1.0,0.0,22.0,0.0,0.5,0.1,1014.5,1014.5,1014.5,1014.5,1.0,0.0,22.0,0.0,0.5,0.1,3.0,3.0,3.0,3.0,1.0,0.0,22.0,0.0,0.5,0.1,-42.2,-42.2,-42.2,-42.2,1.0,0.0,22.0,0.0,0.5,0.1,-15.4,-15.4,-15.4,-15.4,1.0,0.0,22.0,0.0,0.5,0.1,0.5,0.5,0.5,0.5,1.0,0.0,22.0,0.0,0.5,0.1,3.4,3.4,3.4,3.4,1.0,0.0,22.0,0.0,0.5,0.1,5.22,5.22,5.22,5.22,1.0,0.0,22.0,0.0,0.5,0.1,35.0,35.0,35.0,35.0,1.0,0.0,22.0,0.0,0.5,0.1,-144.8,-144.8,-144.8,-144.8,1.0,0.0,22.0,0.0,0.5,0.1,-52.7,-52.7,-52.7,-52.7,1.0,0.0,22.0,0.0,0.5,0.1,-80.6,-80.6,-80.6,-80.6,1.0,0.0,22.0,0.0,0.5,0.1,-29.3,-29.3,-29.3,-29.3,1.0,0.0,22.0,0.0,0.5,0.1,-32.9,-32.9,-32.9,-32.9,1.0,0.0,22.0,0.0,0.5,0.1,-12.0,-12.0,-12.0,-12.0,1.0,0.0,22.0,0.0,0.5,0.1,301.0,301.0,301.0,301.0,1.0,0.0,22.0,0.0,0.5,0.1,300.0,300.0,300.0,300.0,1.0,0.0,22.0,0.0,0.5,0.1
1974,2,220.0,16.0,23.38,24.2,25.02,24.2,3.0,1.2,16.0,0.7,0.9,0.4,23.21,24.5,25.52,24.38,4.0,1.49,16.0,0.8,0.9,0.4,13.74,14.9,15.29,14.53,3.0,1.18,16.0,0.7,0.9,0.4,78.2,78.5,79.7,79.0,3.0,1.2,16.0,0.7,0.4,4.84,6.4,9.32,7.05,4.0,2.85,16.0,0.8,0.9,0.4,-8.98,-6.4,-4.69,-6.82,4.0,2.65,16.0,0.8,0.9,0.4,-2.68,-0.79,0.0,-1.32,4.0,1.75,16.0,0.8,0.9,0.4,1013.5,1013.5,1014.66,1014.07,3.0,0.98,16.0,0.7,0.9,0.4,2.5,3.0,5.1,3.8,4.0,2.2,16.0,0.8,0.9,0.4,-85.7,-42.6,-22.8,-53.7,4.0,41.1,16.0,0.8,0.9,0.4,-24.3,-3.6,0.0,-11.8,4.0,19.0,16.0,0.8,0.9,0.4,-0.92,1.4,1.6,0.37,3.0,2.06,16.0,0.7,0.9,0.4,-12.5,7.1,7.6,-2.2,3.0,16.8,16.0,0.7,0.9,0.4,3.08,5.34,5.51,4.32,3.0,1.99,16.0,0.7,0.9,0.4,23.1,25.7,26.8,25.0,3.0,2.7,16.0,0.7,0.9,0.4,-228.2,-161.3,-109.2,-168.4,4.0,71.8,16.0,0.8,0.9,0.4,-65.2,-17.7,0.0,-31.9,4.0,43.6,16.0,0.8,0.9,0.4,-131.3,-76.0,-63.1,-96.7,3.0,53.1,16.0,0.7,0.9,0.4,-45.6,-20.8,-6.6,-26.0,3.0,28.9,16.0,0.7,0.9,0.4,-26.3,-24.2,-21.7,-24.0,3.0,3.3,16.0,0.7,0.9,0.4,-8.4,-7.5,-2.4,-5.4,3.0,4.8,16.0,0.7,0.9,0.4,114.0,294.5,877.5,486.5,4.0,540.0,16.0,0.8,0.9,0.4,115.0,295.0,875.0,485.0,4.0,540.0,16.0,0.8,0.9,0.4
1974,2,220.0,17.0,23.46,23.8,23.94,23.7,3.0,0.36,14.0,1.0,0.5,0.7,22.23,22.7,22.86,22.55,4.0,0.52,12.0,0.8,0.4,0.6,11.86,12.02,12.96,12.4,3.0,0.87,10.0,0.7,0.2,0.6,69.1,69.3,75.3,72.1,3.0,5.2,10.0,0.7,0.6,7.65,9.85,11.16,9.42,4.0,2.16,12.0,0.8,0.4,0.6,-11.08,-9.5,-6.93,-9.03,4.0,2.55,12.0,0.8,0.4,0.6,-2.47,-0.96,1.76,-0.38,4.0,2.78,12.0,0.8,0.4,0.6,1013.63,1017.2,1020.93,1017.28,4.0,4.23,12.0,0.8,0.4,0.6,3.0,5.0,7.5,5.3,4.0,2.6,12.0,0.8,0.4,0.6,-123.6,-95.1,-54.2,-89.2,4.0,41.8,12.0,0.8,0.4,0.6,-23.6,-10.5,11.8,-6.1,4.0,22.1,12.0,0.8,0.4,0.6,0.55,1.1,1.85,1.2,3.0,0.95,14.0,1.0,0.5,0.7,5.3,12.4,20.5,12.9,3.0,11.1,14.0,1.0,0.5,0.7,5.9,6.13,6.36,6.13,2.0,0.47,12.0,1.0,0.3,0.7,44.3,55.9,67.6,55.9,2.0,24.2,12.0,1.0,0.3,0.7,-246.8,-210.9,-158.3,-202.9,4.0,55.1,12.0,0.8,0.4,0.6,-55.2,-20.8,40.4,-8.0,4.0,63.2,12.0,0.8,0.4,0.6,-125.7,-109.6,-82.4,-104.2,3.0,32.1,10.0,0.7,0.2,0.6,-27.2,0.0,27.5,0.1,3.0,40.1,10.0,0.7,0.2,0.6,-66.8,-53.3,-39.9,-53.3,2.0,27.8,12.0,1.0,0.3,0.7,3.1,9.7,16.3,9.7,2.0,13.7,12.0,1.0,0.3,0.7,471.0,995.0,1389.5,933.5,4.0,545.5,12.0,0.8,0.4,0.6,470.0,995.0,1390.0,935.0,4.0,545.0,12.0,0.8,0.4,0.6
1974,2,220.0,18.0,21.99,22.5,23.37,22.62,5.0,1.05,18.0,0.8,0.6,0.4,22.44,23.5,24.05,23.22,5.0,1.6,18.0,0.8,0.6,0.4,13.35,13.88,15.48,14.43,5.0,1.77,18.0,0.8,0.6,0.4,74.3,80.2,89.4,81.9,5.0,10.0,18.0,0.8,0.4,6.75,7.7,10.35,8.32,5.0,2.36,18.0,0.8,0.6,0.4,-10.29,-7.7,-6.56,-8.2,5.0,2.42,18.0,0.8,0.6,0.4,-1.82,-1.34,0.0,-1.01,5.0,0.95,18.0,0.8,0.6,0.4,1015.96,1018.0,1018.68,1017.48,5.0,1.44,18.0,0.8,0.6,0.4,1.9,5.0,7.0,4.4,5.0,3.0,18.0,0.8,0.6,0.4,-106.9,-59.3,-46.0,-72.8,5.0,39.0,18.0,0.8,0.6,0.4,-14.6,-8.9,0.0,-8.3,5.0,9.1,18.0,0.8,0.6,0.4,-1.55,-0.5,0.5,-0.6,5.0,1.24,18.0,0.8,0.6,0.4,-16.1,-3.8,3.0,-6.6,5.0,11.7,18.0,0.8,0.6,0.4,1.74,3.05,3.55,2.63,5.0,1.56,18.0,0.8,0.6,0.4,8.9,29.9,33.5,22.4,5.0,15.1,18.0,0.8,0.6,0.4,-251.0,-180.9,-149.2,-192.9,5.0,64.5,18.0,0.8,0.6,0.4,-39.7,-31.4,0.0,-22.7,5.0,21.4,18.0,0.8,0.6,0.4,-141.9,-134.2,-91.5,-118.5,5.0,35.5,18.0,0.8,0.6,0.4,-24.0,-19.2,0.0,-13.7,5.0,12.8,18.0,0.8,0.6,0.4,-33.0,-29.9,-8.3,-22.0,5.0,15.0,18.0,0.8,0.6,0.4,-5.8,-4.8,0.0,-3.3,5.0,3.1,18.0,0.8,0.6,0.4,338.5,456.5,1124.5,686.0,5.0,512.0,18.0,0.8,0.6,0.4,340.0,455.0,1125.0,685.0,5.0,510.0,18.0,0.8,0.6,0.4
1974,2,220.0,19.0,22.19,22.8,23.4,22.81,7.0,0.56,18.0,0.4,0.6,0.6,21.68,22.0,23.12,22.53,7.0,1.48,18.0,0.4,0.6,0.6,12.02,13.84,15.48,13.67,6.0,2.08,18.0,0.3,0.7,0.6,73.6,76.9,90.0,80.1,6.0,10.3,18.0,0.3,0.6,5.1,6.7,11.85,8.23,7.0,3.24,18.0,0.4,0.6,0.6,-10.31,-6.7,-5.1,-7.8,7.0,2.75,18.0,0.4,0.6,0.6,-4.48,-0.89,0.0,-2.08,7.0,2.45,18.0,0.4,0.6,0.6,1017.95,1019.0,1022.05,1019.67,7.0,2.26,18.0,0.4,0.6,0.6,2.0,5.0,6.0,4.6,7.0,2.0,18.0,0.4,0.6,0.6,-122.3,-44.9,-26.0,-71.7,7.0,51.5,18.0,0.4,0.6,0.6,-57.5,-4.5,0.0,-23.4,7.0,29.9,18.0,0.4,0.6,0.6,-1.06,1.0,1.12,0.29,7.0,1.37,18.0,0.4,0.6,0.6,-6.4,5.9,11.3,4.5,7.0,10.6,18.0,0.4,0.6,0.6,2.39,3.04,5.18,3.65,6.0,1.8,18.0,0.3,0.7,0.6,12.2,19.6,55.1,32.5,6.0,29.7,18.0,0.3,0.7,0.6,-223.4,-147.4,-129.7,-173.2,7.0,53.4,18.0,0.4,0.6,0.6,-95.2,-19.9,0.0,-44.9,7.0,52.8,18.0,0.4,0.6,0.6,-117.0,-89.4,-80.6,-96.5,6.0,20.0,18.0,0.3,0.7,0.6,-42.6,-7.2,0.0,-17.0,6.0,21.6,18.0,0.3,0.7,0.6,-51.7,-19.6,-12.1,-31.1,6.0,27.6,18.0,0.3,0.7,0.6,-18.8,-0.8,0.0,-7.9,6.0,12.4,18.0,0.3,0.7,0.6,132.5,301.0,1667.0,791.0,7.0,816.5,18.0,0.4,0.6,0.6,135.0,300.0,1665.0,790.0,7.0,815.0,18.0,0.4,0.6,0.6
1974,2,220.0,20.0,22.33,23.0,23.29,22.84,5.0,0.76,22.0,0.4,0.7,0.5,20.19,21.1,22.45,21.28,5.0,1.19,22.0,0.4,0.7,0.5,10.43,11.16,12.72,11.45,5.0,1.26,22.0,0.4,0.7,0.5,67.0,72.2,79.0,73.3,5.0,8.6,22.0,0.4,0.5,5.7,8.2,16.17,10.5,5.0,5.58,22.0,0.4,0.7,0.5,-15.63,-8.2,-5.7,-10.24,5.0,5.2,22.0,0.4,0.7,0.5,-3.88,0.0,0.0,-1.73,5.0,2.64,22.0,0.4,0.7,0.5,1016.23,1017.9,1020.57,1018.54,5.0,3.26,22.0,0.4,0.7,0.5,3.6,5.0,6.0,4.8,5.0,1.3,22.0,0.4,0.7,0.5,-253.4,-67.2,-32.5,-130.7,5.0,121.0,22.0,0.4,0.7,0.5,-64.4,0.0,0.0,-29.2,5.0,45.8,22.0,0.4,0.7,0.5,0.36,0.6,3.1,1.56,5.0,1.59,22.0,0.4,0.7,0.5,2.1,4.9,50.7,23.4,5.0,29.4,22.0,0.4,0.7,0.5,4.68,4.93,7.13,5.81,5.0,1.63,22.0,0.4,0.7,0.5,33.0,40.4,98.4,64.3,5.0,49.2,22.0,0.4,0.7,0.5,-315.5,-173.0,-128.6,-213.3,5.0,98.0,22.0,0.4,0.7,0.5,-78.2,0.0,0.0,-34.8,5.0,53.0,22.0,0.4,0.7,0.5,-173.6,-91.5,-68.3,-116.2,5.0,58.4,22.0,0.4,0.7,0.5,-43.2,0.0,0.0,-18.6,5.0,27.0,22.0,0.4,0.7,0.5,-94.5,-40.4,-33.0,-62.3,5.0,45.4,22.0,0.4,0.7,0.5,-26.2,0.0,0.0,-12.5,5.0,21.8,22.0,0.4,0.7,0.5,185.0,551.5,4275.5,1986.5,5.0,2382.0,22.0,0.4,0.7,0.5,185.0,550.0,4275.0,1985.0,5.0,2380.0,22.0,0.4,0.7,0.5
1974,2,220.0,21.0,21.29,22.2,23.1,22.5,7.0,1.34,20.0,0.4,0.7,0.5,20.0,20.5,21.24,20.87,7.0,1.44,20.0,0.4,0.7,0.5,9.93,10.69,11.72,10.97,7.0,1.25,20.0,0.4,0.7,0.5,63.3,72.4,78.6,72.2,7.0,8.1,20.0,0.4,0.5,6.65,7.95,10.51,7.97,6.0,3.02,20.0,0.3,0.7,0.5,-9.87,-7.17,-5.76,-7.26,6.0,2.92,20.0,0.3,0.7,0.5,-3.91,-3.69,-2.36,-3.21,6.0,1.07,20.0,0.3,0.7,0.5,1019.31,1020.0,1022.02,1020.13,7.0,2.32,20.0,0.4,0.7,0.5,5.9,7.0,8.0,6.7,7.0,1.8,20.0,0.4,0.7,0.5,-103.9,-57.0,-42.0,-65.1,6.0,40.1,20.0,0.3,0.7,0.5,-37.8,-31.6,-16.8,-27.8,6.0,14.2,20.0,0.3,0.7,0.5,0.38,1.9,2.62,1.63,7.0,2.12,20.0,0.4,0.7,0.5,2.2,15.8,33.1,18.4,6.0,19.9,20.0,0.3,0.7,0.5,4.22,5.21,8.03,5.93,7.0,1.95,20.0,0.4,0.7,0.5,26.9,41.7,90.6,51.4,6.0,32.9,20.0,0.3,0.7,0.5,-198.6,-149.1,-117.0,-149.5,6.0,56.6,20.0,0.3,0.7,0.5,-80.2,-73.7,-50.5,-66.3,6.0,19.8,20.0,0.3,0.7,0.5,-100.6,-88.9,-58.1,-78.9,6.0,29.2,20.0,0.3,0.7,0.5,-40.3,-37.0,-30.6,-35.0,6.0,10.8,20.0,0.3,0.7,0.5,-85.1,-37.3,-23.3,-47.2,6.0,31.5,20.0,0.3,0.7,0.5,-31.0,-20.3,-10.2,-20.1,6.0,10.6,20.0,0.3,0.7,0.5,366.0,504.0,1165.0,669.5,6.0,511.5,20.0,0.3,0.7,0.5,365.0,505.0,1165.0,670.0,6.0,510.0,20.0,0.3,0.7,0.5
1974,2,220.0,22.0,21.04,22.0,22.68,21.87,3.0,1.21,14.0,1.0,0.5,0.4,19.98,21.0,21.14,20.57,3.0,0.93,14.0,1.0,0.5,0.4,10.19,10.43,11.21,10.69,3.0,0.79,14.0,1.0,0.5,0.4,68.9,72.4,74.5,71.7,3.0,4.1,14.0,1.0,0.4,7.84,10.3,10.98,9.43,3.0,2.42,14.0,1.0,0.5,0.4,-10.79,-9.68,-7.03,-8.93,3.0,2.82,14.0,1.0,0.5,0.4,-3.47,-3.35,-1.06,-2.29,3.0,1.99,14.0,1.0,0.5,0.4,1019.88,1020.7,1022.47,1021.17,3.0,1.94,14.0,1.0,0.5,0.4,7.3,8.0,8.0,7.7,3.0,0.6,14.0,1.0,0.5,0.4,-118.8,-99.7,-58.2,-88.8,3.0,45.4,14.0,1.0,0.5,0.4,-31.9,-22.4,-7.1,-19.6,3.0,18.3,14.0,1.0,0.5,0.4,0.23,2.0,2.34,1.3,3.0,1.66,14.0,1.0,0.5,0.4,0.7,16.8,19.4,10.2,3.0,14.8,14.0,1.0,0.5,0.4,4.96,5.82,6.1,5.53,3.0,0.87,14.0,1.0,0.5,0.4,44.8,51.4,57.2,51.0,3.0,9.1,14.0,1.0,0.5,0.4,-228.0,-203.3,-141.7,-185.3,3.0,65.1,14.0,1.0,0.5,0.4,-71.2,-65.3,-20.7,-46.4,3.0,40.4,14.0,1.0,0.5,0.4,-116.0,-112.1,-75.5,-96.1,3.0,32.8,14.0,1.0,0.5,0.4,-38.6,-33.7,-10.7,-24.8,3.0,21.8,14.0,1.0,0.5,0.4,-54.8,-51.4,-41.0,-48.0,3.0,10.5,14.0,1.0,0.5,0.4,-20.7,-20.5,-6.5,-13.8,3.0,11.9,14.0,1.0,0.5,0.4,552.0,1092.5,1332.0,945.5,3.0,585.0,14.0,1.0,0.5,0.4,550.0,1095.0,1330.0,945.0,3.0,585.0,14.0,1.0,0.5,0.4
1974,2,220.0,23.0,21.03,21.1,21.71,21.37,3.0,0.55,18.0,0.3,0.5,0.7,19.32,20.0,20.14,19.73,3.0,0.64,18.0,0.3,0.5,0.7,10.04,10.5,11.59,10.81,3.0,1.17,18.0,0.3,0.5,0.7,71.3,77.6,81.2,76.3,3.0,7.4,18.0,0.3,0.7,5.39,10.3,10.64,8.07,3.0,4.31,18.0,0.3,0.5,0.7,-10.53,-10.3,-5.26,-7.95,3.0,4.37,18.0,0.3,0.5,0.7,-1.62,-1.06,-0.34,-0.98,3.0,0.94,18.0,0.3,0.5,0.7,1020.66,1021.0,1021.82,1021.23,3.0,0.87,18.0,0.3,0.5,0.7,6.6,8.0,8.0,7.3,3.0,1.2,18.0,0.3,0.5,0.7,-112.1,-106.1,-39.8,-76.7,3.0,58.7,18.0,0.3,0.5,0.7,-14.9,-3.3,-1.0,-7.8,3.0,10.9,18.0,0.3,0.5,0.7,0.93,1.0,2.37,1.63,3.0,1.18,18.0,0.3,0.5,0.7,5.2,10.3,25.4,15.2,3.0,15.4,18.0,0.3,0.5,0.7,4.05,5.52,5.74,4.91,3.0,1.35,18.0,0.3,0.5,0.7,25.1,56.8,61.1,43.4,3.0,28.8,18.0,0.3,0.5,0.7,-204.8,-202.1,-104.3,-155.6,3.0,83.9,18.0,0.3,0.5,0.7,-31.1,-21.4,-6.8,-19.0,3.0,17.9,18.0,0.3,0.5,0.7,-108.3,-101.2,-56.2,-82.7,3.0,41.4,18.0,0.3,0.5,0.7,-17.5,-12.8,-4.1,-10.8,3.0,10.0,18.0,0.3,0.5,0.7,-60.4,-56.8,-24.7,-42.9,3.0,28.8,18.0,0.3,0.5,0.7,-8.6,-3.6,-1.1,-4.8,3.0,5.6,18.0,0.3,0.5,0.7,367.0,1092.5,1206.5,794.0,3.0,667.0,18.0,0.3,0.5,0.7,365.0,1095.0,1205.0,795.0,3.0,665.0,18.0,0.3,0.5,0.7
1974,2,220.0,24.0,20.0,20.0,20.0,20.0,2.0,0.0,16.0,0.5,0.9,0.4,19.58,19.75,19.92,19.75,2.0,0.35,16.0,0.5,0.9,0.4,9.54,10.51,11.48,10.51,2.0,2.02,16.0,0.5,0.9,0.4,66.7,74.3,81.9,74.3,2.0,15.7,16.0,0.5,0.4,9.3,9.3,9.3,9.3,2.0,0.0,16.0,0.5,0.9,0.4,-8.98,-8.61,-8.23,-8.61,2.0,0.78,16.0,0.5,0.9,0.4,-4.17,-3.13,-2.1,-3.13,2.0,2.15,16.0,0.5,0.9,0.4,1021.11,1021.35,1021.59,1021.35,2.0,0.5,16.0,0.5,0.9,0.4,3.0,5.0,7.0,5.0,2.0,4.2,16.0,0.5,0.9,0.4,-83.5,-80.0,-76.5,-80.0,2.0,7.3,16.0,0.5,0.9,0.4,-38.8,-29.1,-19.5,-29.1,2.0,20.0,16.0,0.5,0.9,0.4,0.08,0.25,0.42,0.25,2.0,0.35,16.0,0.5,0.9,0.4,0.7,2.3,3.9,2.3,2.0,3.3,16.0,0.5,0.9,0.4,2.94,3.91,4.88,3.91,2.0,2.01,16.0,0.5,0.9,0.4,27.4,36.4,45.4,36.4,2.0,18.7,16.0,0.5,0.9,0.4,-175.8,-169.8,-163.9,-169.8,2.0,12.4,16.0,0.5,0.9,0.4,-83.2,-62.2,-41.3,-62.2,2.0,43.5,16.0,0.5,0.9,0.4,-103.6,-91.2,-78.9,-91.2,2.0,25.6,16.0,0.5,0.9,0.4,-38.6,-30.8,-22.9,-30.8,2.0,16.2,16.0,0.5,0.9,0.4,-39.8,-32.9,-26.0,-32.9,2.0,14.2,16.0,0.5,0.9,0.4,-21.5,-14.4,-7.3,-14.4,2.0,14.7,16.0,0.5,0.9,0.4,804.5,804.5,804.5,804.5,2.0,0.0,16.0,0.5,0.9,0.4,805.0,805.0,805.0,805.0,2.0,0.0,16.0,0.5,0.9,0.4
1974,2,220.0,25.0,20.79,21.0,21.1,20.95,4.0,0.25,14.0,0.0,0.5,0.3,19.38,19.8,20.0,19.68,5.0,0.41,14.0,0.0,0.6,0.4,10.7,10.71,11.17,10.93,3.0,0.4,16.0,0.0,0.5,0.3,74.8,77.3,79.8,77.3,4.0,2.9,14.0,0.0,0.3,5.43,7.7,7.88,6.78,5.0,1.68,14.0,0.0,0.6,0.4,-7.76,-7.24,-4.56,-6.28,5.0,2.03,14.0,0.0,0.6,0.4,-2.81,-2.63,-0.33,-1.66,5.0,1.84,14.0,0.0,0.6,0.4,1020.71,1022.35,1023.62,1022.18,4.0,1.79,16.0,0.0,0.6,0.4,7.0,7.0,8.0,7.4,5.0,0.5,14.0,0.0,0.6,0.4,-61.2,-55.7,-25.8,-45.3,5.0,21.9,14.0,0.0,0.6,0.4,-19.6,-10.8,-2.3,-9.8,5.0,12.9,14.0,0.0,0.6,0.4,0.79,1.1,1.41,1.1,4.0,0.42,14.0,0.0,0.5,0.3,4.3,6.9,11.3,7.8,4.0,4.2,14.0,0.0,0.5,0.3,3.91,4.65,4.66,4.29,3.0,0.63,16.0,0.0,0.5,0.3,21.7,27.4,33.2,27.4,3.0,8.4,16.0,0.0,0.5,0.3,-154.1,-143.3,-87.7,-123.6,5.0,40.4,14.0,0.0,0.6,0.4,-55.0,-52.1,-6.8,-32.5,5.0,36.0,14.0,0.0,0.6,0.4,-83.5,-77.4,-47.5,-65.8,3.0,28.2,16.0,0.0,0.5,0.3,-28.2,-28.2,-19.3,-23.9,3.0,7.5,16.0,0.0,0.5,0.3,-31.5,-27.0,-18.6,-25.1,3.0,9.7,16.0,0.0,0.5,0.3,-12.3,-12.3,-7.1,-9.8,3.0,4.3,16.0,0.0,0.5,0.3,176.5,456.5,491.0,354.5,5.0,196.5,14.0,0.0,0.6,0.4,175.0,455.0,490.0,355.0,5.0,195.0,14.0,0.0,0.6,0.4
1974,2,220.0,26.0,18.14,20.6,20.85,19.64,5.0,1.72,18.0,0.6,0.2,0.5,17.69,17.8,19.12,18.3,5.0,0.86,18.0,0.6,0.2,0.5,9.25,9.56,10.84,10.0,5.0,0.97,18.0,0.6,0.2,0.5,73.3,74.9,82.8,77.3,5.0,5.4,18.0,0.6,0.5,5.7,8.2,8.38,7.3,5.0,1.47,18.0,0.6,0.2,0.5,-8.18,-5.7,-5.49,-6.59,5.0,1.47,18.0,0.6,0.2,0.5,-4.18,-0.99,0.0,-2.05,5.0,2.66,18.0,0.6,0.2,0.5,1022.33,1023.1,1025.02,1023.64,5.0,1.98,18.0,0.6,0.2,0.5,4.9,6.0,7.0,5.8,5.0,1.6,18.0,0.6,0.2,0.5,-68.7,-43.2,-32.3,-49.2,5.0,18.8,18.0,0.6,0.2,0.5,-35.2,-5.6,0.0,-16.6,5.0,22.2,18.0,0.6,0.2,0.5,-0.28,1.7,3.24,1.34,5.0,2.36,18.0,0.6,0.2,0.5,-4.3,13.9,21.5,8.6,5.0,18.5,18.0,0.6,0.2,0.5,1.99,5.39,5.94,4.13,5.0,2.42,18.0,0.6,0.2,0.5,11.8,34.7,45.6,29.4,5.0,18.8,18.0,0.6,0.2,0.5,-156.6,-101.5,-97.1,-121.6,5.0,32.7,18.0,0.6,0.2,0.5,-77.0,-17.6,0.0,-37.1,5.0,47.1,18.0,0.6,0.2,0.5,-84.0,-59.6,-50.8,-66.5,5.0,19.2,18.0,0.6,0.2,0.5,-42.8,-9.2,0.0,-20.2,5.0,25.2,18.0,0.6,0.2,0.5,-37.8,-30.8,-11.8,-25.9,5.0,15.9,18.0,0.6,0.2,0.5,-17.2,-1.3,0.0,-8.8,5.0,15.8,18.0,0.6,0.2,0.5,185.0,551.5,590.5,426.5,5.0,224.5,18.0,0.6,0.2,0.5,185.0,550.0,590.0,425.0,5.0,225.0,18.0,0.6,0.2,0.5
1974,2,220.0,27.0,17.97,18.95,21.04,19.18,6.0,1.72,14.0,0.3,0.7,0.3,18.01,18.45,20.28,19.2,6.0,2.13,14.0,0.3,0.7,0.3,8.41,10.88,11.41,10.11,5.0,1.57,16.0,0.2,0.7,0.4,67.8,78.2,87.6,77.7,5.0,10.4,16.0,0.2,0.4,5.97,6.95,8.63,7.28,6.0,1.86,14.0,0.3,0.7,0.3,-8.24,-6.76,-5.43,-6.88,6.0,2.2,14.0,0.3,0.7,0.3,-2.36,0.0,2.26,-0.08,6.0,2.35,14.0,0.3,0.7,0.3,1022.92,1023.85,1024.23,1023.73,6.0,0.88,14.0,0.3,0.7,0.3,3.9,6.0,6.7,5.4,5.0,2.2,14.0,0.4,0.8,0.3,-72.0,-47.7,-32.8,-53.5,6.0,30.4,14.0,0.3,0.7,0.3,-13.9,0.0,15.2,1.0,6.0,15.1,14.0,0.3,0.7,0.3,-2.16,0.9,2.82,-0.02,6.0,3.53,14.0,0.3,0.7,0.3,-15.4,6.4,17.5,0.0,6.0,27.6,14.0,0.3,0.7,0.3,2.33,3.94,5.48,4.04,5.0,1.97,16.0,0.2,0.7,0.4,17.5,20.1,44.5,30.9,5.0,24.0,16.0,0.2,0.7,0.4,-181.3,-128.5,-94.7,-132.8,6.0,46.0,14.0,0.3,0.7,0.3,-45.1,0.0,39.9,-2.0,6.0,43.2,14.0,0.3,0.7,0.3,-87.3,-63.4,-47.3,-66.3,5.0,20.5,16.0,0.2,0.7,0.4,-28.3,0.0,23.0,-2.1,5.0,28.5,16.0,0.2,0.7,0.4,-43.5,-18.5,-14.5,-29.2,5.0,24.9,16.0,0.2,0.7,0.4,-7.7,0.0,7.8,-0.2,5.0,9.0,16.0,0.2,0.7,0.4,216.5,347.5,663.0,451.5,6.0,350.5,14.0,0.3,0.7,0.3,215.0,345.0,665.0,450.0,6.0,350.0,14.0,0.3,0.7,0.3
1974,2,220.0,28.0,19.0,20.0,20.6,19.69,17.0,0.93,14.0,0.4,0.4,0.6,17.5,18.15,19.03,18.32,18.0,1.01,14.0,0.4,0.5,0.6,7.85,9.16,9.9,8.91,16.0,1.16,14.0,0.4,0.5,0.6,61.1,70.3,78.7,69.2,16.0,9.3,14.0,0.4,0.6,2.45,4.6,7.7,5.12,18.0,2.83,14.0,0.4,0.5,0.6,-7.32,-3.85,0.0,-3.64,18.0,3.82,14.0,0.4,0.5,0.6,-1.85,0.0,2.15,0.35,18.0,2.64,14.0,0.4,0.5,0.6,1020.49,1023.4,1025.72,1023.13,18.0,3.47,14.0,0.4,0.5,0.6,2.0,4.5,7.3,4.6,18.0,2.7,14.0,0.4,0.5,0.6,-53.8,-16.0,0.0,-26.9,18.0,33.3,14.0,0.4,0.5,0.6,-7.2,0.0,16.1,3.8,18.0,17.1,14.0,0.4,0.5,0.6,0.34,1.3,2.69,1.48,16.0,1.29,12.0,0.4,0.5,0.6,0.3,4.3,15.6,7.8,16.0,9.9,12.0,0.4,0.5,0.6,3.8,5.31,6.76,5.17,15.0,1.52,14.0,0.5,0.5,0.6,11.3,19.3,45.7,25.3,15.0,15.5,14.0,0.5,0.5,0.6,-138.8,-71.7,0.0,-66.3,18.0,68.3,14.0,0.4,0.5,0.6,-32.4,0.0,39.4,7.4,18.0,50.2,14.0,0.4,0.5,0.6,-58.0,-33.9,-1.5,-31.0,16.0,32.9,14.0,0.4,0.5,0.6,-18.8,0.0,13.3,1.2,16.0,21.9,14.0,0.4,0.5,0.6,-43.9,-18.2,-1.3,-19.3,15.0,20.0,14.0,0.5,0.5,0.6,-9.8,0.0,5.9,-0.2,15.0,11.4,14.0,0.5,0.5,0.6,15.0,97.5,456.5,253.5,18.0,309.0,14.0,0.4,0.5,0.6,15.0,95.0,455.0,255.0,18.0,310.0,14.0,0.4,0.5,0.6
1974,2,220.0,29.0,17.8,18.9,20.14,19.19,24.0,1.28,10.0,0.3,0.4,0.6,16.7,18.05,19.03,18.12,24.0,1.28,10.0,0.3,0.5,0.6,8.97,10.19,11.16,10.16,23.0,1.26,10.0,0.3,0.4,0.5,68.0,81.2,92.1,80.0,23.0,12.1,10.0,0.3,0.5,1.5,5.1,9.49,5.91,25.0,3.45,10.0,0.3,0.4,0.6,-8.19,-5.02,-1.24,-5.09,25.0,3.26,10.0,0.3,0.4,0.6,-2.46,0.0,1.02,-0.74,25.0,3.18,10.0,0.3,0.4,0.6,1021.87,1025.1,1026.8,1024.64,24.0,2.52,10.0,0.3,0.4,0.6,4.8,7.0,8.0,6.7,25.0,1.6,10.0,0.3,0.4,0.6,-76.1,-25.6,-1.9,-39.1,25.0,35.0,10.0,0.3,0.4,0.6,-19.6,0.0,5.0,-6.9,25.0,31.4,10.0,0.3,0.4,0.6,-0.15,0.8,2.25,1.08,23.0,1.09,10.0,0.3,0.4,0.5,-0.6,3.7,22.9,8.5,23.0,10.8,10.0,0.3,0.4,0.5,1.9,3.33,5.11,3.55,23.0,1.84,10.0,0.3,0.4,0.5,1.7,20.0,35.7,21.7,23.0,18.6,10.0,0.3,0.4,0.5,-142.7,-91.2,-21.0,-89.5,24.0,57.9,10.0,0.3,0.5,0.6,-46.6,0.0,20.6,-12.4,24.0,57.7,10.0,0.3,0.5,0.6,-81.9,-46.0,-13.8,-49.2,23.0,34.8,10.0,0.3,0.4,0.5,-29.8,0.0,12.2,-8.8,23.0,33.9,10.0,0.3,0.4,0.5,-32.2,-16.7,-1.3,-18.2,23.0,16.1,10.0,0.3,0.4,0.5,-8.7,0.0,4.4,-1.2,23.0,15.2,10.0,0.3,0.4,0.5,3.5,132.5,859.5,400.5,25.0,454.0,10.0,0.3,0.4,0.6,5.0,135.0,860.0,400.0,25.0,455.0,10.0,0.3,0.4,0.6
1974,2,220.0,30.0,18.3,18.3,18.9,18.42,81.0,0.49,12.0,0.5,0.3,0.1,16.9,17.9,19.09,18.11,77.0,1.25,12.0,0.5,0.3,0.1,8.64,10.43,11.32,10.2,76.0,1.33,12.0,0.5,0.3,0.1,71.4,78.7,88.8,79.9,76.0,9.5,12.0,0.5,0.1,0.93,5.1,7.2,4.24,82.0,2.77,12.0,0.5,0.3,0.1,-6.21,0.0,1.42,-1.63,82.0,3.56,12.0,0.5,0.3,0.1,-1.99,0.0,5.02,0.96,82.0,3.09,12.0,0.5,0.3,0.1,1021.26,1024.4,1026.8,1024.25,82.0,2.47,12.0,0.5,0.3,0.1,2.0,5.0,8.0,4.7,82.0,2.7,12.0,0.5,0.3,0.1,-43.5,0.0,5.2,-12.2,82.0,25.2,12.0,0.5,0.3,0.1,-5.6,0.0,30.0,7.3,82.0,19.7,12.0,0.5,0.3,0.1,-0.81,0.5,1.41,0.31,76.0,1.36,12.0,0.5,0.3,0.1,-4.4,0.0,6.2,0.8,76.0,6.1,12.0,0.5,0.3,0.1,1.52,2.62,4.18,2.84,75.0,1.44,12.0,0.5,0.3,0.1,0.6,11.7,22.9,12.5,75.0,10.6,12.0,0.5,0.3,0.1,-112.8,-16.2,18.4,-33.9,77.0,62.9,12.0,0.5,0.3,0.1,-37.2,0.0,91.9,20.0,77.0,58.5,12.0,0.5,0.3,0.1,-66.2,-8.7,10.1,-19.1,76.0,36.2,12.0,0.5,0.3,0.1,-18.6,0.0,49.7,11.0,76.0,31.6,12.0,0.5,0.3,0.1,-19.1,-2.2,1.3,-6.7,75.0,10.9,12.0,0.5,0.3,0.1,-5.0,0.0,14.0,3.6,75.0,9.6,12.0,0.5,0.3,0.1,1.0,132.5,373.0,170.5,82.0,204.0,12.0,0.5,0.3,0.1,0.0,135.0,375.0,170.0,82.0,205.0,12.0,0.5,0.3,0.1
1974,2,220.0,31.0,17.31,18.3,19.4,18.53,15.0,1.2,10.0,0.4,0.5,0.6,15.79,16.95,17.86,17.11,16.0,1.6,10.0,0.4,0.5,0.6,8.44,9.65,10.73,9.64,15.0,1.3,12.0,0.3,0.5,0.6,77.3,82.9,87.9,81.7,15.0,7.9,12.0,0.3,0.6,5.1,7.7,8.7,7.22,15.0,2.62,12.0,0.4,0.5,0.6,-7.7,-5.1,-1.3,-4.33,15.0,4.82,12.0,0.4,0.5,0.6,-3.64,0.0,3.07,-0.27,15.0,4.39,12.0,0.4,0.5,0.6,1023.69,1025.75,1027.29,1025.71,16.0,2.16,10.0,0.4,0.5,0.6,2.0,7.0,8.0,5.5,15.0,2.8,10.0,0.4,0.5,0.6,-62.3,-38.1,-5.5,-29.3,15.0,50.2,12.0,0.4,0.5,0.6,-25.1,0.0,20.8,-7.3,15.0,46.0,12.0,0.4,0.5,0.6,-0.51,1.6,2.7,1.21,15.0,2.22,10.0,0.4,0.5,0.6,-6.8,7.9,17.8,7.6,14.0,17.0,10.0,0.4,0.5,0.5,2.27,3.24,5.48,3.45,14.0,1.97,10.0,0.4,0.5,0.6,11.9,18.2,31.0,22.4,13.0,16.0,12.0,0.4,0.5,0.6,-136.7,-107.1,-21.0,-77.3,15.0,78.2,12.0,0.4,0.5,0.6,-60.1,0.0,54.2,-2.9,15.0,71.6,12.0,0.4,0.5,0.6,-79.5,-55.7,-9.6,-43.3,14.0,49.7,12.0,0.4,0.5,0.6,-36.3,0.0,31.0,-2.1,14.0,43.5,12.0,0.4,0.5,0.6,-29.6,-15.8,-4.6,-17.7,13.0,18.6,12.0,0.4,0.5,0.6,-7.0,0.0,10.7,2.8,13.0,10.1,12.0,0.4,0.5,0.6,132.5,456.5,658.5,528.0,15.0,643.5,12.0,0.4,0.5,0.6,135.0,455.0,660.0,530.0,15.0,645.0,12.0,0.4,0.5,0.6
1974,2,220.0,32.0,17.0,18.0,18.81,17.93,9.0,1.18,16.0,0.7,0.5,0.4,15.79,17.0,18.22,16.93,9.0,1.6,16.0,0.7,0.5,0.4,7.91,8.7,10.86,9.14,9.0,1.42,16.0,0.7,0.5,0.4,72.2,76.3,84.1,76.9,9.0,7.9,16.0,0.7,0.4,4.37,5.1,7.66,5.36,9.0,2.62,16.0,0.7,0.5,0.4,-7.36,-4.42,2.85,-2.83,9.0,5.18,16.0,0.7,0.5,0.4,-1.02,0.0,1.71,0.42,9.0,1.75,16.0,0.7,0.5,0.4,1024.63,1026.5,1027.73,1025.46,9.0,10.24,16.0,0.7,0.5,0.4,2.0,5.0,7.7,4.6,9.0,2.9,16.0,0.7,0.5,0.4,-56.1,-22.5,14.6,-20.4,9.0,38.6,16.0,0.7,0.5,0.4,-4.2,0.0,13.4,3.2,9.0,9.6,16.0,0.7,0.5,0.4,-0.37,1.6,3.0,1.0,9.0,2.23,16.0,0.7,0.5,0.4,-2.3,0.0,16.9,5.1,9.0,13.4,16.0,0.7,0.5,0.4,1.78,3.25,5.47,3.51,9.0,1.97,16.0,0.7,0.5,0.4,2.6,16.6,39.6,19.8,9.0,17.0,16.0,0.7,0.5,0.4,-120.2,-75.1,47.7,-47.4,9.0,88.3,16.0,0.7,0.5,0.4,-17.4,0.0,30.0,7.2,9.0,29.7,16.0,0.7,0.5,0.4,-62.1,-37.3,21.0,-24.8,9.0,47.3,16.0,0.7,0.5,0.4,-9.3,0.0,17.1,3.7,9.0,14.7,16.0,0.7,0.5,0.4,-37.0,-11.2,7.0,-11.6,9.0,22.7,16.0,0.7,0.5,0.4,-5.4,0.0,6.7,1.8,9.0,7.9,16.0,0.7,0.5,0.4,86.0,132.5,467.0,243.5,9.0,262.0,16.0,0.7,0.5,0.4,85.0,135.0,465.0,245.0,9.0,260.0,16.0,0.7,0.5,0.4
1974,2,220.0,33.0,15.63,16.75,17.19,16.55,14.0,1.07,14.0,0.6,0.6,0.5,15.54,16.0,16.5,15.9,16.0,0.88,14.0,0.7,0.5,0.5,6.92,8.21,9.24,8.15,14.0,1.13,14.0,0.6,0.6,0.5,62.6,75.6,81.8,73.7,14.0,8.7,14.0,0.6,0.5,2.48,6.7,9.3,6.54,16.0,3.62,14.0,0.7,0.5,0.5,-7.16,0.36,5.52,0.22,16.0,5.8,14.0,0.7,0.5,0.5,0.0,1.9,4.53,1.68,16.0,4.69,14.0,0.7,0.5,0.5,1022.46,1028.1,1029.6,1026.39,15.0,4.53,14.0,0.7,0.5,0.5,4.2,7.0,8.0,5.9,15.0,2.4,14.0,0.7,0.6,0.6,-55.8,0.8,35.1,5.1,16.0,55.0,14.0,0.7,0.5,0.5,0.0,4.9,32.1,14.6,16.0,51.4,14.0,0.7,0.5,0.5,-0.28,0.5,1.19,0.63,14.0,1.33,14.0,0.6,0.6,0.5,-1.6,1.5,9.0,2.1,14.0,9.0,14.0,0.6,0.6,0.5,2.59,3.12,4.74,3.4,13.0,1.31,14.0,0.6,0.6,0.5,10.2,25.3,27.6,20.4,13.0,12.2,14.0,0.6,0.6,0.5,-117.0,6.0,92.0,3.5,16.0,93.4,14.0,0.7,0.5,0.5,0.0,31.0,71.8,27.4,16.0,75.7,14.0,0.7,0.5,0.5,-56.5,9.5,51.8,6.9,14.0,52.3,14.0,0.6,0.6,0.5,0.0,11.5,35.3,10.7,14.0,44.7,14.0,0.6,0.6,0.5,-24.1,3.6,13.6,-3.5,13.0,20.5,14.0,0.6,0.6,0.5,-2.2,2.6,10.2,0.7,13.0,13.0,14.0,0.6,0.6,0.5,17.0,306.0,804.5,525.5,16.0,734.0,14.0,0.7,0.5,0.5,15.0,305.0,805.0,525.0,16.0,735.0,14.0,0.7,0.5,0.5
1974,2,220.0,34.0,15.29,16.2,17.82,16.39,11.0,1.16,18.0,0.6,0.6,0.5,12.32,15.5,16.38,14.85,11.0,1.84,18.0,0.6,0.6,0.5,6.39,8.13,10.05,8.08,9.0,1.72,18.0,0.7,0.6,0.5,61.7,78.0,87.4,76.3,9.0,12.8,18.0,0.7,0.5,2.44,5.1,10.51,6.62,11.0,4.21,18.0,0.6,0.6,0.5,-1.51,0.0,8.35,2.09,11.0,5.77,18.0,0.6,0.6,0.5,-5.75,0.0,4.49,-0.68,11.0,5.22,18.0,0.6,0.6,0.5,1019.48,1024.0,1027.71,1023.18,11.0,6.73,18.0,0.6,0.6,0.5,4.2,6.0,8.0,6.1,11.0,2.1,18.0,0.6,0.6,0.5,-3.3,0.0,80.9,23.3,11.0,63.1,18.0,0.6,0.6,0.5,-39.2,0.0,22.7,-11.4,11.0,57.3,18.0,0.6,0.6,0.5,-1.04,0.6,5.13,1.54,11.0,2.81,18.0,0.6,0.6,0.5,-3.7,0.6,35.2,16.3,11.0,27.0,18.0,0.6,0.6,0.5,1.48,3.59,5.49,3.39,9.0,2.15,18.0,0.7,0.6,0.5,5.9,22.3,30.6,26.0,9.0,30.2,18.0,0.7,0.6,0.5,-24.7,0.0,115.1,27.8,11.0,85.0,18.0,0.6,0.6,0.5,-68.6,0.0,73.6,-3.3,11.0,71.1,18.0,0.6,0.6,0.5,-10.4,0.0,60.4,12.4,9.0,54.5,18.0,0.7,0.6,0.5,-28.3,0.0,45.8,5.7,9.0,40.1,18.0,0.7,0.6,0.5,-5.9,0.0,26.2,9.5,9.0,25.5,18.0,0.7,0.6,0.5,-25.5,0.0,8.8,-10.1,9.0,28.4,18.0,0.7,0.6,0.5,19.0,132.5,1161.5,631.5,11.0,899.5,18.0,0.6,0.6,0.5,20.0,135.0,1160.0,630.0,11.0,900.0,18.0,0.6,0.6,0.5
1974,2,220.0,35.0,14.4,15.25,15.94,15.24,10.0,0.85,16.0,0.5,0.5,0.6,12.18,15.55,16.11,14.49,10.0,2.11,16.0,0.5,0.5,0.6,5.78,7.28,9.7,7.65,10.0,1.96,16.0,0.5,0.5,0.6,63.2,69.8,86.7,74.5,10.0,12.4,16.0,0.5,0.6,5.1,7.7,11.3,8.27,10.0,2.97,16.0,0.5,0.5,0.6,-5.04,-0.77,6.75,0.2,10.0,6.05,16.0,0.5,0.5,0.6,-4.42,4.71,7.99,2.82,10.0,6.27,16.0,0.5,0.5,0.6,1021.23,1025.05,1029.24,1025.31,10.0,4.0,16.0,0.5,0.5,0.6,5.0,8.0,8.0,6.7,10.0,2.1,16.0,0.5,0.5,0.6,-37.1,-3.9,71.2,9.0,10.0,63.5,16.0,0.5,0.5,0.6,-26.2,28.9,80.9,25.1,10.0,65.7,16.0,0.5,0.5,0.6,-1.37,0.55,2.71,0.75,10.0,2.07,16.0,0.5,0.5,0.6,-8.7,4.5,23.6,6.4,10.0,15.4,16.0,0.5,0.5,0.6,0.59,3.38,5.08,2.98,10.0,2.06,16.0,0.5,0.5,0.6,5.4,17.3,50.7,25.7,10.0,22.8,16.0,0.5,0.5,0.6,-76.3,-12.6,105.8,4.2,10.0,88.3,16.0,0.5,0.5,0.6,-47.9,75.4,116.7,49.3,10.0,90.0,16.0,0.5,0.5,0.6,-36.8,-6.3,49.3,3.1,10.0,46.6,16.0,0.5,0.5,0.6,-24.0,46.6,51.0,28.2,10.0,46.1,16.0,0.5,0.5,0.6,-17.8,-1.1,11.4,-1.1,10.0,23.7,16.0,0.5,0.5,0.6,-21.4,4.7,22.1,2.6,10.0,26.0,16.0,0.5,0.5,0.6,132.5,462.5,1443.0,768.5,10.0,716.0,16.0,0.5,0.5,0.6,135.0,460.0,1445.0,770.0,10.0,715.0,16.0,0.5,0.5,0.6
1974,2,220.0,36.0,12.63,14.25,15.53,14.17,6.0,2.02,12.0,0.7,0.6,0.5,11.06,13.9,14.19,13.53,7.0,2.5,12.0,0.7,0.6,0.5,5.57,6.94,8.19,7.45,7.0,2.61,12.0,0.7,0.6,0.5,68.8,74.1,85.0,76.3,7.0,13.6,12.0,0.7,0.5,5.87,8.5,10.3,8.24,8.0,2.12,12.0,0.8,0.6,0.5,-8.78,-4.08,5.42,-1.94,8.0,7.1,12.0,0.8,0.6,0.5,-3.02,0.81,5.47,1.57,8.0,4.95,12.0,0.8,0.6,0.5,1026.24,1028.0,1031.25,1028.13,7.0,3.78,12.0,0.7,0.6,0.5,5.1,7.5,8.0,6.8,8.0,1.6,12.0,0.8,0.6,0.5,-82.3,-34.8,30.7,-20.3,8.0,63.5,12.0,0.8,0.6,0.5,-15.5,7.5,51.6,16.5,8.0,47.1,12.0,0.8,0.6,0.5,-1.37,1.1,4.27,1.38,6.0,3.21,12.0,0.7,0.6,0.5,-14.1,9.0,32.8,8.2,6.0,25.3,12.0,0.7,0.6,0.5,1.39,2.94,4.83,3.35,6.0,2.35,12.0,0.7,0.6,0.5,14.3,23.4,39.0,25.8,6.0,12.5,12.0,0.7,0.6,0.5,-125.5,-64.3,45.6,-52.3,7.0,89.1,12.0,0.7,0.6,0.5,-37.2,21.8,79.5,31.0,7.0,67.4,12.0,0.7,0.6,0.5,-74.1,-31.0,19.2,-32.5,7.0,52.7,12.0,0.7,0.6,0.5,-15.4,12.9,41.0,16.1,7.0,33.8,12.0,0.7,0.6,0.5,-17.8,-8.5,30.7,2.0,6.0,24.7,12.0,0.7,0.6,0.5,-22.0,5.5,13.2,-0.5,6.0,18.3,12.0,0.7,0.6,0.5,206.0,630.5,1092.5,654.0,8.0,415.5,12.0,0.8,0.6,0.5,205.0,630.0,1095.0,655.0,8.0,415.0,12.0,0.8,0.6,0.5
1974,2,220.0,37.0,11.94,12.6,13.16,12.55,4.0,0.73,18.0,0.8,0.6,0.6,11.62,12.8,13.11,12.38,5.0,1.07,16.0,0.6,0.6,0.5,6.02,7.18,8.2,7.11,4.0,1.26,18.0,0.8,0.6,0.6,70.9,83.0,90.8,81.0,4.0,12.8,18.0,0.8,0.6,7.52,10.3,12.75,10.5,5.0,3.91,16.0,0.6,0.6,0.5,-6.47,7.24,11.04,3.31,5.0,10.11,16.0,0.6,0.6,0.5,-4.12,-2.63,6.61,0.54,5.0,6.06,16.0,0.6,0.6,0.5,1013.2,1022.0,1024.92,1020.08,5.0,7.08,16.0,0.6,0.6,0.5,6.0,7.5,8.0,7.0,4.0,1.4,20.0,0.8,0.5,0.4,-57.6,55.7,149.7,53.0,5.0,133.4,16.0,0.6,0.6,0.5,-42.4,-20.3,78.0,14.9,5.0,80.4,16.0,0.6,0.6,0.5,-0.46,0.4,1.1,0.33,4.0,0.9,18.0,0.8,0.6,0.6,-6.8,2.7,10.0,1.6,4.0,10.1,18.0,0.8,0.6,0.6,1.09,1.77,2.64,1.86,4.0,0.92,18.0,0.8,0.6,0.6,9.7,17.0,37.5,23.3,4.0,19.0,18.0,0.8,0.6,0.6,-85.2,88.3,128.8,36.5,5.0,128.2,16.0,0.6,0.6,0.5,-49.7,-32.1,85.3,9.4,5.0,75.4,16.0,0.6,0.6,0.5,-15.4,57.2,73.4,30.3,4.0,74.5,18.0,0.8,0.6,0.6,-30.5,-25.2,15.9,-8.1,4.0,38.9,18.0,0.8,0.6,0.6,-0.8,14.7,32.5,15.8,4.0,22.1,18.0,0.8,0.6,0.6,-7.9,-3.3,11.6,1.6,4.0,16.1,18.0,0.8,0.6,0.6,426.0,1092.5,2488.0,1585.5,5.0,1891.0,16.0,0.6,0.6,0.5,425.0,1095.0,2490.0,1585.0,5.0,1890.0,16.0,0.6,0.6,0.5
1974,2,220.0,38.0,11.78,12.5,13.07,12.46,9.0,0.7,12.0,0.2,0.5,0.6,11.85,12.0,14.19,12.87,9.0,2.02,12.0,0.2,0.5,0.6,6.62,6.74,7.16,6.85,9.0,0.35,12.0,0.2,0.5,0.6,73.6,78.1,79.6,75.6,9.0,7.4,12.0,0.2,0.6,4.9,10.3,14.73,9.6,9.0,4.84,12.0,0.2,0.5,0.6,-1.29,0.0,13.94,3.6,9.0,7.91,12.0,0.2,0.5,0.6,-3.54,1.41,10.03,2.71,9.0,6.46,12.0,0.2,0.5,0.6,1019.05,1026.3,1030.5,1022.98,9.0,9.65,12.0,0.2,0.5,0.6,3.0,7.0,7.7,5.8,9.0,2.4,12.0,0.2,0.5,0.6,-5.5,0.0,202.9,55.1,9.0,113.5,12.0,0.2,0.5,0.6,-41.2,2.1,100.8,25.0,9.0,71.3,12.0,0.2,0.5,0.6,-2.28,0.5,1.22,-0.41,9.0,2.59,12.0,0.2,0.5,0.6,-6.0,6.0,8.9,0.3,9.0,17.4,12.0,0.2,0.5,0.6,1.43,2.19,2.41,2.02,9.0,0.61,12.0,0.2,0.5,0.6,11.0,19.0,32.3,19.8,9.0,11.7,12.0,0.2,0.5,0.6,-16.0,0.0,165.8,40.2,9.0,97.7,12.0,0.2,0.5,0.6,-41.1,24.7,120.4,37.4,9.0,83.0,12.0,0.2,0.5,0.6,-8.8,0.0,91.5,23.1,9.0,53.4,12.0,0.2,0.5,0.6,-23.0,10.1,67.9,19.7,9.0,45.1,12.0,0.2,0.5,0.6,-3.0,0.0,30.6,9.1,9.0,16.6,12.0,0.2,0.5,0.6,-7.9,1.7,17.2,4.4,9.0,13.7,12.0,0.2,0.5,0.6,121.0,1092.5,3246.5,1453.0,9.0,1425.5,12.0,0.2,0.5,0.6,120.0,1095.0,3245.0,1455.0,9.0,1425.0,12.0,0.2,0.5,0.6
1974,2,220.0,39.0,11.08,11.95,12.82,11.93,8.0,1.04,18.0,0.6,0.7,0.4,9.79,10.8,12.12,10.65,11.0,2.05,20.0,0.6,0.6,0.4,5.74,6.97,7.55,6.72,10.0,1.01,20.0,0.6,0.6,0.4,73.7,88.3,92.5,84.7,10.0,11.1,20.0,0.6,0.4,5.1,10.3,12.9,9.49,11.0,3.29,20.0,0.6,0.6,0.4,-4.64,9.68,12.2,5.81,11.0,7.8,20.0,0.6,0.6,0.4,-3.89,-3.28,0.33,-2.06,11.0,2.7,20.0,0.6,0.6,0.4,1012.29,1020.0,1028.24,1019.68,11.0,9.29,20.0,0.6,0.6,0.4,4.0,6.5,8.0,6.0,10.0,1.8,20.0,0.7,0.6,0.5,-22.3,99.7,153.4,74.5,11.0,82.6,20.0,0.6,0.6,0.4,-44.8,-16.7,1.5,-22.2,11.0,30.6,20.0,0.6,0.6,0.4,0.23,1.0,2.62,1.04,8.0,1.59,18.0,0.6,0.7,0.4,2.7,10.2,24.6,10.8,8.0,12.4,18.0,0.6,0.7,0.4,0.92,1.82,2.89,1.81,8.0,1.13,18.0,0.6,0.7,0.4,8.8,16.3,27.2,17.8,8.0,12.0,18.0,0.6,0.7,0.4,-62.3,91.9,118.9,52.7,11.0,83.8,20.0,0.6,0.6,0.4,-43.3,-32.8,4.3,-21.8,11.0,28.7,20.0,0.6,0.6,0.4,-35.4,58.1,70.8,31.7,10.0,53.4,20.0,0.6,0.6,0.4,-28.8,-20.6,3.7,-14.3,10.0,17.5,20.0,0.6,0.6,0.4,1.3,13.8,25.6,13.3,8.0,14.3,18.0,0.6,0.7,0.4,-10.9,-6.7,-0.4,-6.5,8.0,7.1,18.0,0.6,0.7,0.4,132.5,1092.5,2146.5,1122.0,11.0,840.5,20.0,0.6,0.6,0.4,135.0,1095.0,2145.0,1120.0,11.0,840.0,20.0,0.6,0.6,0.4
1974,2,220.0,40.0,9.39,10.45,11.51,10.45,2.0,2.19,16.0,0.5,0.3,0.5,9.95,10.6,13.46,11.62,5.0,2.67,18.0,0.4,0.5,0.4,6.85,7.05,7.26,7.05,2.0,0.43,16.0,0.5,0.3,0.5,88.0,90.5,93.0,90.5,2.0,5.2,16.0,0.5,0.5,10.69,18.0,19.58,15.32,5.0,6.23,18.0,0.4,0.5,0.4,-6.45,16.91,17.85,7.73,5.0,13.5,18.0,0.4,0.5,0.4,-7.67,0.89,8.01,0.32,5.0,8.66,18.0,0.4,0.5,0.4,1007.88,1018.2,1025.27,1016.65,4.0,12.82,18.0,0.5,0.5,0.4,5.2,8.0,8.0,6.6,5.0,2.6,18.0,0.4,0.5,0.4,-61.6,304.5,349.6,172.3,5.0,229.4,18.0,0.4,0.5,0.4,-147.8,4.5,132.4,-9.4,5.0,153.3,18.0,0.4,0.5,0.4,-1.19,-0.1,0.99,-0.1,2.0,2.26,16.0,0.5,0.3,0.5,-2.4,11.1,24.6,11.1,2.0,28.0,16.0,0.5,0.3,0.5,0.36,0.73,1.11,0.73,2.0,0.77,16.0,0.5,0.3,0.5,5.0,13.7,22.3,13.7,2.0,18.0,16.0,0.5,0.3,0.5,-73.0,152.2,223.2,93.0,5.0,166.6,18.0,0.4,0.5,0.4,-74.7,9.4,112.7,15.5,5.0,101.0,18.0,0.4,0.5,0.4,-7.7,48.7,105.0,48.7,2.0,116.8,16.0,0.5,0.3,0.5,-62.8,-34.9,-7.0,-34.9,2.0,57.8,16.0,0.5,0.3,0.5,2.8,11.0,19.1,11.0,2.0,16.8,16.0,0.5,0.3,0.5,-11.1,-6.5,-2.0,-6.5,2.0,9.4,16.0,0.5,0.3,0.5,1753.5,5832.0,7546.5,4850.0,5.0,3431.0,18.0,0.4,0.5,0.4,1755.0,5830.0,7545.0,4850.0,5.0,3430.0,18.0,0.4,0.5,0.4
1974,2,220.0,41.0,9.7,11.8,12.68,11.22,5.0,1.88,14.0,0.6,0.5,0.6,10.5,11.0,12.05,11.3,5.0,1.04,14.0,0.6,0.5,0.6,6.81,7.42,8.03,7.42,5.0,0.91,14.0,0.6,0.5,0.6,83.1,93.6,95.1,89.6,5.0,8.2,14.0,0.6,0.6,7.73,10.3,13.07,10.26,5.0,3.53,14.0,0.6,0.5,0.6,-3.82,3.52,5.87,1.6,5.0,5.44,14.0,0.6,0.5,0.6,6.17,9.42,11.09,8.62,5.0,4.29,14.0,0.6,0.5,0.6,1009.65,1013.2,1024.29,1016.5,5.0,9.06,14.0,0.6,0.5,0.6,6.6,8.0,8.0,7.4,5.0,0.9,14.0,0.6,0.5,0.6,-44.7,23.5,58.5,11.3,5.0,64.4,14.0,0.6,0.5,0.6,54.7,99.7,144.7,100.1,5.0,67.0,14.0,0.6,0.5,0.6,-1.3,0.0,1.1,-0.08,5.0,1.86,14.0,0.6,0.5,0.6,-8.8,0.0,11.2,1.8,5.0,14.8,14.0,0.6,0.5,0.6,0.28,0.57,1.48,0.85,5.0,0.7,14.0,0.6,0.5,0.6,3.3,3.8,14.5,8.3,5.0,7.2,14.0,0.6,0.5,0.6,-42.1,37.0,70.3,20.6,5.0,64.2,14.0,0.6,0.5,0.6,70.7,101.6,129.6,97.1,5.0,47.0,14.0,0.6,0.5,0.6,-28.3,26.1,43.4,12.6,5.0,42.9,14.0,0.6,0.5,0.6,43.7,71.8,89.8,66.1,5.0,34.6,14.0,0.6,0.5,0.6,-2.3,2.3,4.1,1.3,5.0,4.1,14.0,0.6,0.5,0.6,2.1,3.5,13.6,7.3,5.0,7.2,14.0,0.6,0.5,0.6,556.5,1092.5,2272.0,1374.0,5.0,1095.5,14.0,0.6,0.5,0.6,555.0,1095.0,2270.0,1375.0,5.0,1095.0,14.0,0.6,0.5,0.6
1974,2,220.0,42.0,9.42,9.9,9.97,9.7,3.0,0.44,22.0,0.7,0.6,0.3,7.98,9.0,13.27,10.55,4.0,4.18,22.0,0.8,0.6,0.3,5.82,6.39,7.68,6.73,4.0,1.3,22.0,0.8,0.6,0.3,77.7,84.6,92.1,84.9,4.0,9.6,22.0,0.8,0.3,10.0,15.4,16.76,13.48,4.0,5.72,22.0,0.8,0.6,0.3,5.71,10.74,14.63,10.2,4.0,5.35,22.0,0.8,0.6,0.3,1.56,7.42,12.5,7.05,4.0,6.43,22.0,0.8,0.6,0.3,1004.9,1009.3,1020.67,1012.63,4.0,10.9,22.0,0.8,0.6,0.3,7.5,8.0,8.0,7.8,4.0,0.5,22.0,0.8,0.6,0.3,66.9,177.9,242.9,156.0,4.0,108.0,22.0,0.8,0.6,0.3,8.0,111.1,206.9,107.6,4.0,114.8,22.0,0.8,0.6,0.3,0.79,1.4,1.6,1.2,3.0,0.62,22.0,0.7,0.6,0.3,13.3,25.2,25.9,19.7,3.0,10.4,22.0,0.7,0.6,0.3,1.13,1.58,1.61,1.37,3.0,0.39,22.0,0.7,0.6,0.3,19.1,24.4,24.7,22.0,3.0,4.7,22.0,0.7,0.6,0.3,69.0,94.3,116.4,92.8,4.0,27.4,22.0,0.8,0.6,0.3,26.1,76.5,113.2,69.9,4.0,55.2,22.0,0.8,0.6,0.3,39.8,66.4,89.4,64.7,4.0,29.0,22.0,0.8,0.6,0.3,13.4,52.8,79.3,46.6,4.0,39.4,22.0,0.8,0.6,0.3,12.4,12.7,21.0,16.6,3.0,7.2,22.0,0.7,0.6,0.3,3.4,10.7,17.8,10.6,3.0,10.6,22.0,0.7,0.6,0.3,1808.5,3652.5,4794.0,3317.5,4.0,2358.5,22.0,0.8,0.6,0.3,1810.0,3650.0,4795.0,3315.0,4.0,2360.0,22.0,0.8,0.6,0.3
1974,2,220.0,43.0,10.0,10.0,10.0,10.0,2.0,0.0,20.0,0.5,0.7,0.4,7.23,8.8,10.37,8.8,2.0,3.25,20.0,0.5,0.7,0.4,5.02,5.75,6.49,5.75,2.0,1.52,20.0,0.5,0.7,0.4,79.7,81.4,83.2,81.4,2.0,3.6,20.0,0.5,0.4,10.8,10.8,10.8,10.8,2.0,0.0,20.0,0.5,0.7,0.4,7.45,8.55,9.64,8.55,2.0,2.27,20.0,0.5,0.7,0.4,-1.79,2.29,6.37,2.29,2.0,8.46,20.0,0.5,0.7,0.4,1019.63,1021.0,1022.37,1021.0,2.0,2.83,20.0,0.5,0.7,0.4,3.6,5.0,6.4,5.0,2.0,2.8,20.0,0.5,0.7,0.4,80.5,92.3,104.1,92.3,2.0,24.5,20.0,0.5,0.7,0.4,-19.4,24.7,68.8,24.7,2.0,91.4,20.0,0.5,0.7,0.4,-0.37,1.2,2.77,1.2,2.0,3.25,20.0,0.5,0.7,0.4,-4.0,13.0,29.9,13.0,2.0,35.1,20.0,0.5,0.7,0.4,1.07,1.79,2.52,1.79,2.0,1.5,20.0,0.5,0.7,0.4,11.5,19.4,27.2,19.4,2.0,16.2,20.0,0.5,0.7,0.4,67.7,71.5,75.3,71.5,2.0,7.8,20.0,0.5,0.7,0.4,-5.6,33.9,73.4,33.9,2.0,81.9,20.0,0.5,0.7,0.4,47.4,47.4,47.4,47.4,2.0,0.0,20.0,0.5,0.7,0.4,-5.6,19.6,44.8,19.6,2.0,52.2,20.0,0.5,0.7,0.4,8.9,17.0,25.2,17.0,2.0,16.9,20.0,0.5,0.7,0.4,-7.9,-2.3,3.4,-2.3,2.0,11.7,20.0,0.5,0.7,0.4,1259.5,1259.5,1259.5,1259.5,2.0,0.0,20.0,0.5,0.7,0.4,1260.0,1260.0,1260.0,1260.0,2.0,0.0,20.0,0.5,0.7,0.4
1974,2,220.0,44.0,9.13,9.4,10.83,9.97,3.0,1.34,18.0,0.7,0.5,0.2,6.67,8.1,9.26,7.97,3.0,1.9,18.0,0.7,0.5,0.2,5.21,5.44,5.66,5.44,2.0,0.47,14.0,0.5,0.6,0.2,75.8,76.8,77.8,76.8,2.0,2.1,14.0,0.5,0.2,8.33,12.9,17.41,12.87,3.0,6.65,18.0,0.7,0.5,0.2,1.4,4.41,14.51,7.87,3.0,10.06,18.0,0.7,0.5,0.2,-0.34,6.2,10.24,4.98,3.0,7.83,18.0,0.7,0.5,0.2,999.81,1003.5,1022.27,1010.87,3.0,17.64,18.0,0.7,0.5,0.2,4.6,6.0,7.4,6.0,2.0,2.8,14.0,0.5,0.6,0.2,18.1,56.9,273.7,143.8,3.0,201.8,18.0,0.7,0.5,0.2,-32.9,38.4,118.9,42.9,3.0,111.3,18.0,0.7,0.5,0.2,1.43,1.7,2.59,2.0,3.0,0.89,18.0,0.7,0.5,0.2,15.2,25.4,34.5,24.9,3.0,14.1,18.0,0.7,0.5,0.2,2.34,2.4,2.47,2.4,2.0,0.13,14.0,0.5,0.6,0.2,20.2,30.2,40.3,30.2,2.0,20.9,14.0,0.5,0.6,0.2,8.4,26.5,114.6,60.7,3.0,83.2,18.0,0.7,0.5,0.2,0.6,60.8,68.9,35.4,3.0,54.7,18.0,0.7,0.5,0.2,15.6,49.0,82.5,49.0,2.0,69.3,14.0,0.5,0.6,0.2,-8.9,9.2,27.3,9.2,2.0,37.5,14.0,0.5,0.6,0.2,7.0,22.1,37.2,22.1,2.0,31.3,14.0,0.5,0.6,0.2,-4.1,3.8,11.8,3.8,2.0,16.5,14.0,0.5,0.6,0.2,844.0,2146.5,5743.0,3266.5,3.0,3717.0,18.0,0.7,0.5,0.2,845.0,2145.0,5745.0,3265.0,3.0,3715.0,18.0,0.7,0.5,0.2
1974,2,220.0,45.0,8.0,8.0,8.18,8.1,5.0,0.22,16.0,0.4,0.6,0.6,5.03,6.5,9.17,6.75,6.0,2.41,16.0,0.5,0.6,0.5,4.35,4.62,5.77,5.03,5.0,1.02,16.0,0.4,0.6,0.6,76.4,85.9,91.7,84.4,5.0,9.0,16.0,0.4,0.6,9.8,11.6,14.61,12.1,6.0,2.48,16.0,0.5,0.6,0.5,6.13,7.6,10.45,7.98,6.0,2.32,16.0,0.5,0.6,0.5,-10.1,3.15,9.04,0.56,6.0,9.98,16.0,0.5,0.6,0.5,998.86,1010.55,1025.14,1011.08,6.0,15.12,16.0,0.5,0.6,0.5,3.8,5.5,7.2,5.5,6.0,1.9,16.0,0.5,0.6,0.5,68.3,94.6,126.9,98.1,6.0,38.7,16.0,0.5,0.6,0.5,-148.2,30.9,95.8,-8.3,6.0,134.9,16.0,0.5,0.6,0.5,0.16,2.0,3.34,1.8,5.0,2.22,16.0,0.4,0.6,0.6,0.1,19.6,49.8,24.5,5.0,33.6,16.0,0.4,0.6,0.6,0.87,2.06,2.34,1.66,5.0,0.98,16.0,0.4,0.6,0.6,8.7,20.2,35.0,21.2,5.0,14.8,16.0,0.4,0.6,0.6,28.4,56.6,69.3,53.9,6.0,24.9,16.0,0.5,0.6,0.5,-44.4,22.0,63.0,18.5,6.0,61.5,16.0,0.5,0.6,0.5,30.7,39.3,43.8,37.0,5.0,9.1,16.0,0.4,0.6,0.6,-46.5,33.0,51.6,9.3,5.0,56.9,16.0,0.4,0.6,0.6,6.5,10.1,21.2,13.3,5.0,10.4,16.0,0.4,0.6,0.6,-26.0,1.5,11.6,-5.2,5.0,20.4,16.0,0.4,0.6,0.6,941.0,1619.5,3123.5,1960.0,6.0,1164.5,16.0,0.5,0.6,0.5,940.0,1620.0,3125.0,1960.0,6.0,1165.0,16.0,0.5,0.6,0.5
1974,2,220.0,46.0,6.0,7.75,8.0,7.3,10.0,0.98,12.0,0.8,0.6,0.5,5.81,9.0,9.05,7.62,13.0,2.17,12.0,0.7,0.6,0.6,4.6,5.93,6.09,5.48,9.0,0.79,12.0,0.9,0.6,0.5,82.1,85.0,96.5,86.9,9.0,8.2,12.0,0.9,0.5,6.15,8.2,15.45,10.02,13.0,5.1,12.0,0.7,0.6,0.6,-0.11,0.0,11.42,3.64,13.0,7.01,12.0,0.7,0.6,0.6,-1.68,6.45,8.38,4.23,13.0,7.2,12.0,0.7,0.6,0.6,993.3,1015.0,1030.43,1016.58,13.0,16.57,12.0,0.7,0.6,0.6,6.0,7.0,8.0,7.1,11.0,1.0,12.0,0.6,0.6,0.6,-0.7,0.0,151.3,51.9,13.0,120.4,12.0,0.7,0.6,0.6,-11.5,44.2,134.8,58.7,13.0,92.7,12.0,0.7,0.6,0.6,-2.57,-0.75,2.14,-0.1,10.0,2.61,12.0,0.8,0.6,0.5,-17.4,-4.8,24.3,2.3,10.0,21.9,12.0,0.8,0.6,0.5,0.39,0.45,1.66,0.91,9.0,0.87,12.0,0.9,0.6,0.5,2.9,6.2,17.0,9.1,9.0,7.3,12.0,0.9,0.6,0.5,-1.0,0.0,112.9,30.6,13.0,56.3,12.0,0.7,0.6,0.6,-7.7,58.9,73.1,41.6,13.0,45.6,12.0,0.7,0.6,0.6,-5.2,0.0,66.5,18.6,9.0,48.3,12.0,0.9,0.6,0.5,-18.5,40.0,68.3,30.4,9.0,43.1,12.0,0.9,0.6,0.5,-0.6,0.0,6.4,2.0,9.0,4.7,12.0,0.9,0.6,0.5,-12.9,2.9,5.2,-1.6,9.0,10.8,12.0,0.9,0.6,0.5,233.0,551.5,3687.5,1769.5,13.0,2211.5,12.0,0.7,0.6,0.6,235.0,550.0,3685.0,1770.0,13.0,2210.0,12.0,0.7,0.6,0.6
1974,2,220.0,47.0,5.0,6.05,7.91,6.75,6.0,2.4,10.0,1.0,0.6,0.4,4.93,7.0,9.1,7.09,7.0,2.55,10.0,1.0,0.6,0.5,4.15,5.47,6.74,5.46,5.0,1.43,12.0,1.0,0.5,0.4,79.1,80.9,95.7,86.3,5.0,9.8,12.0,1.0,0.4,7.68,9.3,11.85,9.7,7.0,2.1,10.0,1.0,0.6,0.5,-0.31,7.12,7.59,4.32,7.0,5.49,10.0,1.0,0.6,0.5,-6.12,2.46,10.34,1.9,7.0,7.62,10.0,1.0,0.6,0.5,999.73,1002.2,1027.48,1010.06,7.0,14.11,10.0,1.0,0.6,0.5,6.4,8.0,8.0,7.2,6.0,1.6,10.0,1.0,0.6,0.5,-4.0,59.3,67.4,35.2,7.0,59.0,10.0,1.0,0.6,0.5,-58.0,17.7,107.9,20.5,7.0,86.9,10.0,1.0,0.6,0.5,-2.62,0.0,2.63,-0.18,6.0,3.06,10.0,1.0,0.6,0.4,-22.9,0.0,22.2,-1.4,6.0,31.2,10.0,1.0,0.6,0.4,-0.01,1.03,1.71,0.89,5.0,1.17,12.0,1.0,0.5,0.4,-0.5,9.1,16.8,8.8,5.0,13.3,12.0,1.0,0.5,0.4,-2.5,35.6,54.2,24.4,7.0,39.0,10.0,1.0,0.6,0.5,-30.0,22.2,90.6,27.2,7.0,56.2,10.0,1.0,0.6,0.5,18.3,31.0,44.0,30.0,5.0,18.6,12.0,1.0,0.5,0.4,-29.0,17.8,39.4,9.6,5.0,40.9,12.0,1.0,0.5,0.4,1.9,7.3,12.3,7.5,5.0,7.2,12.0,1.0,0.5,0.4,-12.8,-6.1,2.2,-6.2,5.0,10.2,12.0,1.0,0.5,0.4,452.5,804.5,1667.0,1025.0,7.0,655.0,10.0,1.0,0.6,0.5,455.0,805.0,1665.0,1025.0,7.0,655.0,10.0,1.0,0.6,0.5
1974,2,220.0,48.0,5.38,8.0,8.37,7.12,5.0,1.72,10.0,0.6,0.6,0.5,3.53,5.75,7.29,5.43,4.0,2.47,10.0,0.8,0.7,0.6,4.14,5.27,5.7,4.93,4.0,1.11,10.0,0.8,0.7,0.6,80.4,89.9,92.6,86.7,4.0,8.7,10.0,0.8,0.6,6.75,7.7,12.16,9.24,5.0,3.9,10.0,0.6,0.6,0.5,4.57,5.15,9.68,6.99,5.0,3.8,10.0,0.6,0.6,0.5,-6.56,-1.34,5.34,-0.55,5.0,6.79,10.0,0.6,0.6,0.5,1001.32,1011.2,1015.94,1008.9,5.0,9.3,10.0,0.6,0.6,0.5,4.9,7.5,8.0,6.5,4.0,2.4,10.0,0.8,0.7,0.6,31.5,53.0,112.1,75.0,5.0,74.4,10.0,0.6,0.6,0.5,-72.1,-10.3,44.2,-13.1,5.0,77.6,10.0,0.6,0.6,0.5,0.48,1.25,2.5,1.48,4.0,1.43,10.0,0.8,0.7,0.6,2.4,8.3,32.9,17.3,4.0,23.9,10.0,0.8,0.7,0.6,0.73,1.21,1.88,1.3,4.0,0.82,10.0,0.8,0.7,0.6,4.9,7.6,23.2,13.7,4.0,15.5,10.0,0.8,0.7,0.6,26.9,30.3,40.7,33.7,4.0,10.8,10.0,0.8,0.7,0.6,-23.5,-12.8,9.6,-7.2,4.0,23.9,10.0,0.8,0.7,0.6,23.7,33.4,43.4,33.6,4.0,11.4,10.0,0.8,0.7,0.6,-27.7,-16.6,6.5,-10.9,4.0,22.2,10.0,0.8,0.7,0.6,3.5,6.7,20.6,11.8,4.0,13.6,10.0,0.8,0.7,0.6,-10.7,-1.9,1.6,-4.5,4.0,9.7,10.0,0.8,0.7,0.6,338.5,456.5,2027.5,1158.0,5.0,1437.0,10.0,0.6,0.6,0.5,340.0,455.0,2025.0,1160.0,5.0,1435.0,10.0,0.6,0.6,0.5
1974,2,220.0,49.0,5.75,6.0,6.75,6.28,12.0,1.41,12.0,0.8,0.6,0.4,5.45,6.6,8.0,6.65,13.0,1.72,12.0,0.8,0.5,0.4,4.07,5.08,5.97,4.95,9.0,0.94,12.0,0.8,0.6,0.4,65.9,85.7,97.0,81.7,9.0,15.7,12.0,0.8,0.4,6.2,10.3,12.9,9.82,13.0,3.59,12.0,0.8,0.5,0.4,-0.12,5.15,7.61,4.19,13.0,3.43,12.0,0.8,0.5,0.4,3.09,7.51,11.32,6.98,13.0,5.82,12.0,0.8,0.5,0.4,1000.12,1013.2,1026.0,1013.56,12.0,12.36,12.0,0.8,0.6,0.4,6.0,8.0,8.0,7.1,13.0,1.4,12.0,0.8,0.5,0.4,-0.9,33.3,83.8,40.5,13.0,40.7,12.0,0.8,0.5,0.4,18.7,73.6,146.0,84.1,13.0,85.4,12.0,0.8,0.5,0.4,-1.78,-1.5,1.14,-0.42,12.0,2.62,12.0,0.8,0.6,0.4,-19.3,-9.9,7.9,-5.2,12.0,18.6,12.0,0.8,0.6,0.4,-0.39,0.64,1.69,0.78,9.0,1.15,12.0,0.8,0.6,0.4,-2.5,7.5,10.2,5.9,9.0,8.5,12.0,0.8,0.6,0.4,-0.4,37.8,51.7,29.2,13.0,23.2,12.0,0.8,0.5,0.4,26.5,45.0,89.9,49.4,13.0,34.7,12.0,0.8,0.5,0.4,-3.3,22.2,35.6,16.7,9.0,19.1,12.0,0.8,0.6,0.4,12.2,31.7,71.2,35.2,9.0,35.3,12.0,0.8,0.6,0.4,-2.4,1.9,5.6,2.2,9.0,4.2,12.0,0.8,0.6,0.4,-6.5,4.8,6.1,0.2,9.0,9.3,12.0,0.8,0.6,0.4,238.5,1092.5,2146.5,1309.5,13.0,1317.0,12.0,0.8,0.5,0.4,240.0,1095.0,2145.0,1310.0,13.0,1315.0,12.0,0.8,0.5,0.4
1974,2,220.0,50.0,5.32,5.5,6.11,5.72,5.0,0.75,16.0,0.4,0.5,0.2,2.88,6.0,6.52,4.93,7.0,2.34,16.0,0.4,0.5,0.2,4.44,5.05,5.41,4.86,6.0,0.82,14.0,0.3,0.5,0.3,81.3,85.8,92.6,86.2,6.0,5.7,14.0,0.3,0.3,10.05,11.8,14.82,12.87,7.0,5.49,16.0,0.4,0.5,0.2,7.22,9.26,13.92,10.08,7.0,6.55,16.0,0.4,0.5,0.2,5.09,5.5,9.13,6.95,7.0,2.41,16.0,0.4,0.5,0.2,984.28,1000.5,1004.69,998.04,7.0,16.12,16.0,0.4,0.5,0.2,2.0,8.0,8.0,5.9,7.0,2.9,16.0,0.4,0.5,0.2,85.2,104.8,209.5,159.4,7.0,161.6,16.0,0.4,0.5,0.2,51.8,70.9,160.0,94.1,7.0,58.0,16.0,0.4,0.5,0.2,-0.65,0.0,1.64,0.62,5.0,2.2,16.0,0.4,0.5,0.2,-6.9,0.0,38.0,17.8,5.0,48.3,16.0,0.4,0.5,0.2,0.44,0.64,1.42,0.94,5.0,0.76,16.0,0.4,0.5,0.2,5.8,6.5,25.6,16.1,5.0,20.1,16.0,0.4,0.5,0.2,10.3,53.1,62.8,44.5,7.0,28.7,16.0,0.4,0.5,0.2,14.8,30.9,60.8,34.2,7.0,21.8,16.0,0.4,0.5,0.2,44.4,47.3,69.4,53.8,6.0,13.0,14.0,0.3,0.5,0.3,25.7,26.1,52.8,35.5,6.0,15.3,14.0,0.3,0.5,0.3,3.8,5.7,23.5,14.2,5.0,19.5,16.0,0.4,0.5,0.2,3.8,4.7,9.8,7.0,5.0,6.0,16.0,0.4,0.5,0.2,1047.0,1643.0,3432.5,3214.0,7.0,4146.0,16.0,0.4,0.5,0.2,1045.0,1645.0,3430.0,3215.0,7.0,4145.0,16.0,0.4,0.5,0.2
1974,2,220.0,51.0,4.47,5.0,6.55,5.47,12.0,1.08,14.0,0.5,0.5,0.5,4.04,4.75,5.88,5.1,12.0,1.67,12.0,0.5,0.6,0.5,3.86,4.51,5.19,4.57,11.0,0.76,12.0,0.5,0.6,0.5,75.6,83.9,88.1,82.6,11.0,6.6,12.0,0.5,0.5,7.7,9.0,15.14,10.67,14.0,4.3,12.0,0.4,0.6,0.5,-5.43,6.67,9.67,4.95,14.0,7.24,12.0,0.4,0.6,0.5,-3.91,3.85,7.81,3.19,14.0,7.17,12.0,0.4,0.6,0.5,993.89,1010.65,1023.47,1008.23,14.0,15.77,12.0,0.4,0.6,0.5,3.0,7.0,8.0,6.2,13.0,2.1,14.0,0.5,0.6,0.5,-49.8,56.8,108.7,58.8,14.0,108.3,12.0,0.4,0.6,0.5,-31.3,29.6,80.4,45.3,14.0,119.1,12.0,0.4,0.6,0.5,-0.5,0.5,2.0,0.81,11.0,1.42,14.0,0.5,0.6,0.5,-4.0,4.7,29.3,9.7,11.0,15.3,14.0,0.5,0.6,0.5,0.63,1.21,1.96,1.3,10.0,0.77,14.0,0.5,0.5,0.5,5.6,14.7,23.0,15.2,10.0,9.9,14.0,0.5,0.5,0.5,6.5,37.3,53.3,28.1,12.0,32.9,12.0,0.5,0.6,0.5,-13.4,20.9,51.6,20.7,12.0,37.8,12.0,0.5,0.6,0.5,1.4,33.7,45.2,24.6,11.0,32.6,12.0,0.5,0.6,0.5,-14.5,19.5,44.7,19.0,11.0,35.9,12.0,0.5,0.6,0.5,0.6,10.7,19.3,10.6,10.0,10.3,14.0,0.5,0.5,0.5,-9.3,2.8,10.5,2.1,10.0,11.0,14.0,0.5,0.5,0.5,456.5,731.5,3513.0,1856.5,14.0,2516.5,12.0,0.4,0.6,0.5,455.0,730.0,3515.0,1855.0,14.0,2515.0,12.0,0.4,0.6,0.5
1974,2,220.0,52.0,5.11,6.35,7.0,6.4,8.0,1.39,14.0,0.4,0.8,0.5,1.54,4.5,5.0,3.88,9.0,1.81,14.0,0.3,0.8,0.5,3.73,4.68,4.83,4.37,7.0,0.84,16.0,0.4,0.8,0.5,75.2,85.7,100.0,87.4,7.0,10.5,16.0,0.4,0.5,9.35,12.9,15.93,11.93,9.0,4.45,14.0,0.3,0.8,0.5,2.69,7.89,12.69,7.49,9.0,5.28,14.0,0.3,0.8,0.5,-2.25,5.64,12.93,5.25,9.0,7.62,14.0,0.3,0.8,0.5,983.99,995.4,1011.76,997.79,9.0,14.84,14.0,0.3,0.8,0.5,7.0,7.5,8.0,6.9,8.0,2.0,12.0,0.4,0.8,0.6,19.2,76.1,163.7,96.3,9.0,82.5,14.0,0.3,0.8,0.5,-20.2,68.2,176.7,78.0,9.0,116.1,14.0,0.3,0.8,0.5,1.0,2.15,5.78,2.79,8.0,2.3,14.0,0.4,0.8,0.5,10.8,31.4,74.5,39.4,8.0,34.7,14.0,0.4,0.8,0.5,1.16,1.77,2.58,1.84,7.0,0.87,16.0,0.4,0.8,0.5,12.0,22.8,41.2,26.1,7.0,14.5,16.0,0.4,0.8,0.5,12.5,15.5,39.1,24.8,9.0,19.5,14.0,0.3,0.8,0.5,-3.2,5.6,58.6,22.3,9.0,32.3,14.0,0.3,0.8,0.5,11.6,36.4,59.0,34.2,7.0,25.2,16.0,0.4,0.8,0.5,-0.6,31.0,64.2,32.3,7.0,31.8,16.0,0.4,0.8,0.5,5.6,9.3,38.7,17.6,7.0,16.2,16.0,0.4,0.8,0.5,-0.7,8.2,17.2,10.2,7.0,16.2,16.0,0.4,0.8,0.5,827.0,2146.5,4086.0,2268.0,9.0,1751.5,14.0,0.3,0.8,0.5,825.0,2145.0,4085.0,2270.0,9.0,1750.0,14.0,0.3,0.8,0.5
1974,2,220.0,53.0,4.44,5.0,5.14,5.04,7.0,1.44,18.0,0.3,0.6,0.6,2.02,2.75,5.44,3.46,8.0,2.16,18.0,0.4,0.6,0.6,3.9,4.88,5.44,4.7,6.0,0.94,18.0,0.3,0.6,0.6,87.2,93.0,100.0,92.8,6.0,6.9,18.0,0.3,0.6,7.81,10.8,13.34,10.8,8.0,3.72,18.0,0.4,0.6,0.6,0.26,3.27,10.06,3.17,8.0,6.93,18.0,0.4,0.6,0.6,3.63,6.95,12.72,7.04,8.0,5.58,18.0,0.4,0.6,0.6,995.11,1000.0,1016.48,1001.23,8.0,13.38,18.0,0.4,0.6,0.6,5.4,7.5,8.0,6.7,6.0,2.0,18.0,0.5,0.6,0.6,2.2,25.7,112.1,24.8,8.0,99.2,18.0,0.4,0.6,0.6,21.0,70.6,169.0,84.3,8.0,84.8,18.0,0.4,0.6,0.6,-2.01,2.5,3.05,1.51,7.0,2.53,18.0,0.3,0.6,0.6,-25.0,20.0,31.0,11.1,7.0,26.0,18.0,0.3,0.6,0.6,-0.39,1.01,1.54,0.78,6.0,0.99,18.0,0.3,0.6,0.6,-4.6,9.8,16.1,7.3,6.0,10.1,18.0,0.3,0.6,0.6,0.1,10.1,26.6,11.4,8.0,25.9,18.0,0.4,0.6,0.6,3.9,15.4,50.1,25.3,8.0,35.0,18.0,0.4,0.6,0.6,6.8,19.2,47.7,24.7,6.0,21.9,18.0,0.3,0.6,0.6,14.5,28.1,59.5,31.7,6.0,32.6,18.0,0.3,0.6,0.6,-1.6,2.2,7.5,3.4,6.0,7.0,18.0,0.3,0.6,0.6,0.2,7.2,13.1,6.4,6.0,7.4,18.0,0.3,0.6,0.6,479.0,1268.0,2377.5,1656.0,8.0,1536.5,18.0,0.4,0.6,0.6,480.0,1270.0,2375.0,1655.0,8.0,1535.0,18.0,0.4,0.6,0.6
1974,2,220.0,54.0,2.95,4.4,5.05,4.09,7.0,1.32,12.0,0.1,0.6,0.3,2.85,3.6,4.0,3.11,7.0,1.5,12.0,0.1,0.6,0.3,3.97,4.44,4.82,4.34,6.0,0.56,12.0,0.0,0.5,0.4,81.7,88.6,93.1,86.9,6.0,9.7,12.0,0.0,0.4,9.18,12.9,14.67,12.43,7.0,4.34,12.0,0.1,0.6,0.3,-0.48,9.16,13.72,6.19,7.0,8.98,12.0,0.1,0.6,0.3,-0.11,2.41,9.6,5.0,7.0,6.68,12.0,0.1,0.6,0.3,993.92,999.5,1011.87,999.47,7.0,14.76,12.0,0.1,0.6,0.3,2.8,5.5,8.0,5.3,6.0,2.9,10.0,0.2,0.6,0.3,-9.6,85.2,191.1,68.5,7.0,142.3,12.0,0.1,0.6,0.3,-1.4,33.6,102.5,71.6,7.0,126.8,12.0,0.1,0.6,0.3,-0.52,0.9,2.09,0.97,7.0,1.63,12.0,0.1,0.6,0.3,-6.8,6.0,31.2,15.3,7.0,30.7,12.0,0.1,0.6,0.3,0.4,0.73,1.36,0.84,6.0,0.49,12.0,0.0,0.5,0.4,4.0,7.0,18.1,10.1,6.0,7.8,12.0,0.0,0.5,0.4,1.9,35.7,45.1,27.8,7.0,22.5,12.0,0.1,0.6,0.3,-3.7,6.3,24.7,9.0,7.0,16.0,12.0,0.1,0.6,0.3,12.8,42.0,57.8,36.5,6.0,24.1,12.0,0.0,0.5,0.4,-1.5,8.6,35.0,14.4,6.0,19.9,12.0,0.0,0.5,0.4,2.1,5.1,17.9,8.6,6.0,8.8,12.0,0.0,0.5,0.4,-0.6,0.9,3.8,1.5,6.0,3.5,12.0,0.0,0.5,0.4,780.5,2146.5,3225.5,2552.0,7.0,2606.5,12.0,0.1,0.6,0.3,780.0,2145.0,3225.0,2550.0,7.0,2605.0,12.0,0.1,0.6,0.3
1974,2,220.0,55.0,4.4,4.4,6.18,5.25,4.0,1.7,10.0,0.5,0.9,0.3,2.56,4.4,4.81,3.7,3.0,1.76,8.0,0.7,0.8,0.3,4.65,5.22,5.33,4.99,3.0,0.53,8.0,0.7,0.8,0.3,100.0,100.0,100.0,100.0,3.0,0.0,8.0,0.7,0.3,6.2,8.25,12.97,9.53,4.0,4.37,10.0,0.5,0.9,0.3,-1.11,2.91,10.72,4.72,4.0,7.73,10.0,0.5,0.9,0.3,-2.41,1.85,8.17,2.83,4.0,6.31,10.0,0.5,0.9,0.3,995.4,1004.6,1011.12,1003.33,4.0,11.98,10.0,0.5,0.9,0.3,8.0,8.0,8.0,8.0,2.0,0.0,8.0,1.0,0.9,0.3,-6.9,18.1,139.6,64.1,4.0,114.9,10.0,0.5,0.9,0.3,-27.8,11.5,72.8,22.0,4.0,64.5,10.0,0.5,0.9,0.3,0.45,2.7,3.18,1.83,3.0,2.14,8.0,0.7,0.8,0.3,4.2,21.1,25.7,15.1,3.0,16.6,8.0,0.7,0.8,0.3,0.14,0.93,1.24,0.7,3.0,0.83,8.0,0.7,0.8,0.3,1.8,8.6,9.2,5.6,3.0,6.0,8.0,0.7,0.8,0.3,-7.2,0.0,17.5,5.0,3.0,18.6,8.0,0.7,0.8,0.3,-0.8,17.5,25.4,12.4,3.0,19.7,8.0,0.7,0.8,0.3,-7.8,0.0,20.7,6.3,3.0,21.6,8.0,0.7,0.8,0.3,2.4,31.3,40.8,21.8,3.0,29.3,8.0,0.7,0.8,0.3,0.1,0.5,5.7,2.8,3.0,4.5,8.0,0.7,0.8,0.3,-2.4,-1.3,6.1,1.8,3.0,6.8,8.0,0.7,0.8,0.3,238.5,665.5,2433.5,1305.5,4.0,1615.5,10.0,0.5,0.9,0.3,240.0,665.0,2435.0,1305.0,4.0,1615.0,10.0,0.5,0.9,0.3
1974,2,220.0,56.0,8.0,8.0,8.0,8.0,1.0,0.0,16.0,1.0,0.8,0.9,4.37,6.25,8.13,6.25,2.0,3.89,16.0,1.0,0.9,0.7,5.15,5.46,5.76,5.46,2.0,0.64,16.0,1.0,0.9,0.7,84.4,90.7,97.1,90.7,2.0,13.1,16.0,1.0,0.7,9.44,12.1,14.76,12.1,2.0,5.52,16.0,1.0,0.9,0.7,6.63,9.56,12.49,9.56,2.0,6.07,16.0,1.0,0.9,0.7,6.55,7.14,7.73,7.14,2.0,1.22,16.0,1.0,0.9,0.7,984.07,987.45,990.83,987.45,2.0,7.0,16.0,1.0,0.9,0.7,7.2,7.5,7.8,7.5,2.0,0.7,16.0,1.0,0.9,0.7,71.5,132.5,193.4,132.5,2.0,126.2,16.0,1.0,0.9,0.7,63.6,89.8,115.9,89.8,2.0,54.1,16.0,1.0,0.9,0.7,-1.0,-1.0,-1.0,-1.0,1.0,0.0,16.0,1.0,0.8,0.9,-16.0,-16.0,-16.0,-16.0,1.0,0.0,16.0,1.0,0.8,0.9,0.87,0.87,0.87,0.87,1.0,0.0,16.0,1.0,0.8,0.9,13.9,13.9,13.9,13.9,1.0,0.0,16.0,1.0,0.8,0.9,35.3,71.6,107.8,71.6,2.0,75.1,16.0,1.0,0.9,0.7,29.9,47.0,64.1,47.0,2.0,35.4,16.0,1.0,0.9,0.7,35.2,54.1,73.0,54.1,2.0,39.2,16.0,1.0,0.9,0.7,34.0,39.4,44.7,39.4,2.0,11.2,16.0,1.0,0.9,0.7,12.1,12.1,12.1,12.1,1.0,0.0,16.0,1.0,0.8,0.9,7.0,7.0,7.0,7.0,1.0,0.0,16.0,1.0,0.8,0.9,1114.0,2323.5,3533.5,2323.5,2.0,2506.5,16.0,1.0,0.9,0.7,1115.0,2325.0,3535.0,2325.0,2.0,2505.0,16.0,1.0,0.9,0.7
1974,2,220.0,58.0,3.7,3.7,3.7,3.7,1.0,0.0,18.0,0.0,0.7,0.1,1.63,3.0,4.37,3.0,2.0,2.83,22.0,0.5,0.8,0.5,4.78,4.78,4.78,4.78,1.0,0.0,18.0,0.0,0.7,0.1,86.9,86.9,86.9,86.9,1.0,0.0,18.0,0.0,0.1,2.44,7.7,12.96,7.7,2.0,10.89,22.0,0.5,0.8,0.5,-12.17,-7.24,-2.3,-7.24,2.0,10.23,22.0,0.5,0.8,0.5,-4.43,-2.63,-0.84,-2.63,2.0,3.72,22.0,0.5,0.8,0.5,994.64,995.6,996.56,995.6,2.0,1.98,22.0,0.5,0.8,0.5,8.0,8.0,8.0,8.0,2.0,0.0,22.0,0.5,0.8,0.5,-187.5,-111.4,-35.4,-111.4,2.0,157.6,22.0,0.5,0.8,0.5,-68.2,-40.6,-12.9,-40.6,2.0,57.4,22.0,0.5,0.8,0.5,-1.3,-1.3,-1.3,-1.3,1.0,0.0,18.0,0.0,0.7,0.1,0.0,0.0,0.0,0.0,1.0,0.0,18.0,0.0,0.7,0.1,0.24,0.24,0.24,0.24,1.0,0.0,18.0,0.0,0.7,0.1,0.0,0.0,0.0,0.0,1.0,0.0,18.0,0.0,0.7,0.1,-12.2,-7.2,-2.3,-7.2,2.0,10.2,22.0,0.5,0.8,0.5,-4.4,-2.6,-0.8,-2.6,2.0,3.7,22.0,0.5,0.8,0.5,0.0,0.0,0.0,0.0,1.0,0.0,18.0,0.0,0.7,0.1,0.0,0.0,0.0,0.0,1.0,0.0,18.0,0.0,0.7,0.1,0.0,0.0,0.0,0.0,1.0,0.0,18.0,0.0,0.7,0.1,0.0,0.0,0.0,0.0,1.0,0.0,18.0,0.0,0.7,0.1,579.5,1826.0,3072.5,1826.0,2.0,2582.5,22.0,0.5,0.8,0.5,580.0,1825.0,3075.0,1825.0,2.0,2585.0,22.0,0.5,0.8,0.5
1974,2,221.0,-38.0,17.8,17.8,17.8,17.8,1.0,0.0,4.0,0.0,0.7,0.4,19.0,19.0,19.0,19.0,1.0,0.0,4.0,0.0,0.7,0.4,9.9,9.9,9.9,9.9,1.0,0.0,4.0,0.0,0.7,0.4,72.3,72.3,72.3,72.3,1.0,0.0,4.0,0.0,0.4,7.7,7.7,7.7,7.7,1.0,0.0,4.0,0.0,0.7,0.4,7.24,7.24,7.24,7.24,1.0,0.0,4.0,0.0,0.7,0.4,-2.63,-2.63,-2.63,-2.63,1.0,0.0,4.0,0.0,0.7,0.4,1008.1,1008.1,1008.1,1008.1,1.0,0.0,4.0,0.0,0.7,0.4,3.0,3.0,3.0,3.0,1.0,0.0,4.0,0.0,0.7,0.4,55.7,55.7,55.7,55.7,1.0,0.0,4.0,0.0,0.7,0.4,-20.3,-20.3,-20.3,-20.3,1.0,0.0,4.0,0.0,0.7,0.4,-1.2,-1.2,-1.2,-1.2,1.0,0.0,4.0,0.0,0.7,0.4,-9.2,-9.2,-9.2,-9.2,1.0,0.0,4.0,0.0,0.7,0.4,2.83,2.83,2.83,2.83,1.0,0.0,4.0,0.0,0.7,0.4,21.8,21.8,21.8,21.8,1.0,0.0,4.0,0.0,0.7,0.4,137.5,137.5,137.5,137.5,1.0,0.0,4.0,0.0,0.7,0.4,-50.0,-50.0,-50.0,-50.0,1.0,0.0,4.0,0.0,0.7,0.4,71.6,71.6,71.6,71.6,1.0,0.0,4.0,0.0,0.7,0.4,-26.1,-26.1,-26.1,-26.1,1.0,0.0,4.0,0.0,0.7,0.4,20.5,20.5,20.5,20.5,1.0,0.0,4.0,0.0,0.7,0.4,-7.4,-7.4,-7.4,-7.4,1.0,0.0,4.0,0.0,0.7,0.4,456.5,456.5,456.5,456.5,1.0,0.0,4.0,0.0,0.7,0.4,455.0,455.0,455.0,455.0,1.0,0.0,4.0,0.0,0.7,0.4
1974,2,221.0,-37.0,17.8,17.8,17.8,17.8,1.0,0.0,4.0,0.0,0.7,0.4,19.0,19.0,19.0,19.0,1.0,0.0,4.0,0.0,0.7,0.4,9.96,9.96,9.96,9.96,1.0,0.0,4.0,0.0,0.7,0.4,72.7,72.7,72.7,72.7,1.0,0.0,4.0,0.0,0.4,7.7,7.7,7.7,7.7,1.0,0.0,4.0,0.0,0.7,0.4,7.24,7.24,7.24,7.24,1.0,0.0,4.0,0.0,0.7,0.4,-2.63,-2.63,-2.63,-2.63,1.0,0.0,4.0,0.0,0.7,0.4,1008.1,1008.1,1008.1,1008.1,1.0,0.0,4.0,0.0,0.7,0.4,3.0,3.0,3.0,3.0,1.0,0.0,4.0,0.0,0.7,0.4,55.7,55.7,55.7,55.7,1.0,0.0,4.0,0.0,0.7,0.4,-20.3,-20.3,-20.3,-20.3,1.0,0.0,4.0,0.0,0.7,0.4,-1.2,-1.2,-1.2,-1.2,1.0,0.0,4.0,0.0,0.7,0.4,-9.2,-9.2,-9.2,-9.2,1.0,0.0,4.0,0.0,0.7,0.4,2.76,2.76,2.76,2.76,1.0,0.0,4.0,0.0,0.7,0.4,21.3,21.3,21.3,21.3,1.0,0.0,4.0,0.0,0.7,0.4,137.5,137.5,137.5,137.5,1.0,0.0,4.0,0.0,0.7,0.4,-50.0,-50.0,-50.0,-50.0,1.0,0.0,4.0,0.0,0.7,0.4,72.1,72.1,72.1,72.1,1.0,0.0,4.0,0.0,0.7,0.4,-26.2,-26.2,-26.2,-26.2,1.0,0.0,4.0,0.0,0.7,0.4,20.0,20.0,20.0,20.0,1.0,0.0,4.0,0.0,0.7,0.4,-7.3,-7.3,-7.3,-7.3,1.0,0.0,4.0,0.0,0.7,0.4,456.5,456.5,456.5,456.5,1.0,0.0,4.0,0.0,0.7,0.4,455.0,455.0,455.0,455.0,1.0,0.0,4.0,0.0,0.7,0.4
1974,2,221.0,-36.0,21.5,21.5,21.5,21.5,1.0,0.0,12.0,0.0,0.9,0.1,18.0,18.0,18.0,18.0,1.0,0.0,12.0,0.0,0.9,0.1,11.93,11.93,11.93,11.93,1.0,0.0,12.0,0.0,0.9,0.1,93.9,93.9,93.9,93.9,1.0,0.0,12.0,0.0,0.1,0.0,0.0,0.0,0.0,1.0,0.0,12.0,0.0,0.9,0.1,0.0,0.0,0.0,0.0,1.0,0.0,12.0,0.0,0.9,0.1,0.0,0.0,0.0,0.0,1.0,0.0,12.0,0.0,0.9,0.1,1021.8,1021.8,1021.8,1021.8,1.0,0.0,12.0,0.0,0.9,0.1,8.0,8.0,8.0,8.0,1.0,0.0,12.0,0.0,0.9,0.1,0.0,0.0,0.0,0.0,1.0,0.0,12.0,0.0,0.9,0.1,0.0,0.0,0.0,0.0,1.0,0.0,12.0,0.0,0.9,0.1,3.5,3.5,3.5,3.5,1.0,0.0,12.0,0.0,0.9,0.1,0.0,0.0,0.0,0.0,1.0,0.0,12.0,0.0,0.9,0.1,3.9,3.9,3.9,3.9,1.0,0.0,12.0,0.0,0.9,0.1,0.0,0.0,0.0,0.0,1.0,0.0,12.0,0.0,0.9,0.1,0.0,0.0,0.0,0.0,1.0,0.0,12.0,0.0,0.9,0.1,0.0,0.0,0.0,0.0,1.0,0.0,12.0,0.0,0.9,0.1,0.0,0.0,0.0,0.0,1.0,0.0,12.0,0.0,0.9,0.1,0.0,0.0,0.0,0.0,1.0,0.0,12.0,0.0,0.9,0.1,0.0,0.0,0.0,0.0,1.0,0.0,12.0,0.0,0.9,0.1,0.0,0.0,0.0,0.0,1.0,0.0,12.0,0.0,0.9,0.1,0.0,0.0,0.0,0.0,1.0,0.0,12.0,0.0,0.9,0.1,0.0,0.0,0.0,0.0,1.0,0.0,12.0,0.0,0.9,0.1
1974,2,221.0,-35.0,21.7,21.7,21.7,21.7,2.0,0.0,10.0,1.0,0.9,0.6,19.33,19.6,19.87,19.6,2.0,0.57,10.0,1.0,0.9,0.6,11.94,12.6,13.26,12.6,2.0,1.37,10.0,1.0,0.9,0.6,83.2,89.5,95.8,89.5,2.0,13.1,10.0,1.0,0.6,3.09,4.15,5.21,4.15,2.0,2.19,10.0,1.0,0.9,0.6,-1.57,-0.75,0.07,-0.75,2.0,1.7,10.0,1.0,0.9,0.6,3.0,3.96,4.91,3.96,2.0,1.98,10.0,1.0,0.9,0.6,1015.74,1017.55,1019.36,1017.55,2.0,3.75,10.0,1.0,0.9,0.6,8.0,8.0,8.0,8.0,2.0,0.0,10.0,1.0,0.9,0.6,-9.2,-5.0,-0.8,-5.0,2.0,8.7,10.0,1.0,0.9,0.6,10.4,18.6,26.7,18.6,2.0,16.9,10.0,1.0,0.9,0.6,1.83,2.1,2.37,2.1,2.0,0.57,10.0,1.0,0.9,0.6,6.0,9.3,12.7,9.3,2.0,7.0,10.0,1.0,0.9,0.6,2.81,3.5,4.18,3.5,2.0,1.43,10.0,1.0,0.9,0.6,12.1,12.9,13.8,12.9,2.0,1.7,10.0,1.0,0.9,0.6,-30.1,-14.2,1.7,-14.2,2.0,32.9,10.0,1.0,0.9,0.6,59.4,77.0,94.6,77.0,2.0,36.5,10.0,1.0,0.9,0.6,-21.4,-10.6,0.2,-10.6,2.0,22.4,10.0,1.0,0.9,0.6,36.6,51.2,65.8,51.2,2.0,30.3,10.0,1.0,0.9,0.6,-3.8,-1.4,0.9,-1.4,2.0,4.9,10.0,1.0,0.9,0.6,11.8,12.4,13.0,12.4,2.0,1.3,10.0,1.0,0.9,0.6,44.0,101.5,158.5,101.5,2.0,118.5,10.0,1.0,0.9,0.6,45.0,100.0,160.0,100.0,2.0,120.0,10.0,1.0,0.9,0.6
1974,2,221.0,-34.0,24.0,24.0,24.0,24.0,1.0,0.0,20.0,1.0,0.9,0.8,23.3,23.3,23.3,23.3,1.0,0.0,20.0,1.0,0.9,0.8,14.74,14.74,14.74,14.74,1.0,0.0,20.0,1.0,0.9,0.8,83.2,83.2,83.2,83.2,1.0,0.0,20.0,1.0,0.8,4.1,4.1,4.1,4.1,1.0,0.0,20.0,1.0,0.9,0.8,0.71,0.71,0.71,0.71,1.0,0.0,20.0,1.0,0.9,0.8,-4.04,-4.04,-4.04,-4.04,1.0,0.0,20.0,1.0,0.9,0.8,1018.3,1018.3,1018.3,1018.3,1.0,0.0,20.0,1.0,0.9,0.8,8.0,8.0,8.0,8.0,1.0,0.0,20.0,1.0,0.9,0.8,2.9,2.9,2.9,2.9,1.0,0.0,20.0,1.0,0.9,0.8,-16.6,-16.6,-16.6,-16.6,1.0,0.0,20.0,1.0,0.9,0.8,0.7,0.7,0.7,0.7,1.0,0.0,20.0,1.0,0.9,0.8,2.9,2.9,2.9,2.9,1.0,0.0,20.0,1.0,0.9,0.8,3.77,3.77,3.77,3.77,1.0,0.0,20.0,1.0,0.9,0.8,15.5,15.5,15.5,15.5,1.0,0.0,20.0,1.0,0.9,0.8,16.6,16.6,16.6,16.6,1.0,0.0,20.0,1.0,0.9,0.8,-94.1,-94.1,-94.1,-94.1,1.0,0.0,20.0,1.0,0.9,0.8,10.5,10.5,10.5,10.5,1.0,0.0,20.0,1.0,0.9,0.8,-59.5,-59.5,-59.5,-59.5,1.0,0.0,20.0,1.0,0.9,0.8,2.7,2.7,2.7,2.7,1.0,0.0,20.0,1.0,0.9,0.8,-15.2,-15.2,-15.2,-15.2,1.0,0.0,20.0,1.0,0.9,0.8,69.0,69.0,69.0,69.0,1.0,0.0,20.0,1.0,0.9,0.8,70.0,70.0,70.0,70.0,1.0,0.0,20.0,1.0,0.9,0.8
1974,2,221.0,-33.0,23.9,23.9,23.9,23.9,1.0,0.0,28.0,1.0,0.7,0.3,22.9,22.9,22.9,22.9,1.0,0.0,28.0,1.0,0.7,0.3,13.38,13.38,13.38,13.38,1.0,0.0,28.0,1.0,0.7,0.3,78.2,78.2,78.2,78.2,1.0,0.0,28.0,1.0,0.3,2.6,2.6,2.6,2.6,1.0,0.0,28.0,1.0,0.7,0.3,0.0,0.0,0.0,0.0,1.0,0.0,28.0,1.0,0.7,0.3,2.6,2.6,2.6,2.6,1.0,0.0,28.0,1.0,0.7,0.3,1027.4,1027.4,1027.4,1027.4,1.0,0.0,28.0,1.0,0.7,0.3,4.0,4.0,4.0,4.0,1.0,0.0,28.0,1.0,0.7,0.3,0.0,0.0,0.0,0.0,1.0,0.0,28.0,1.0,0.7,0.3,6.8,6.8,6.8,6.8,1.0,0.0,28.0,1.0,0.7,0.3,1.0,1.0,1.0,1.0,1.0,0.0,28.0,1.0,0.7,0.3,2.6,2.6,2.6,2.6,1.0,0.0,28.0,1.0,0.7,0.3,4.86,4.86,4.86,4.86,1.0,0.0,28.0,1.0,0.7,0.3,12.6,12.6,12.6,12.6,1.0,0.0,28.0,1.0,0.7,0.3,0.0,0.0,0.0,0.0,1.0,0.0,28.0,1.0,0.7,0.3,59.5,59.5,59.5,59.5,1.0,0.0,28.0,1.0,0.7,0.3,0.0,0.0,0.0,0.0,1.0,0.0,28.0,1.0,0.7,0.3,34.8,34.8,34.8,34.8,1.0,0.0,28.0,1.0,0.7,0.3,0.0,0.0,0.0,0.0,1.0,0.0,28.0,1.0,0.7,0.3,12.6,12.6,12.6,12.6,1.0,0.0,28.0,1.0,0.7,0.3,17.5,17.5,17.5,17.5,1.0,0.0,28.0,1.0,0.7,0.3,20.0,20.0,20.0,20.0,1.0,0.0,28.0,1.0,0.7,0.3
1974,2,221.0,-32.0,25.7,25.7,25.7,25.7,1.0,0.0,18.0,0.0,1.0,0.1,24.3,24.3,24.3,24.3,1.0,0.0,18.0,0.0,1.0,0.1,17.74,17.74,17.74,17.74,1.0,0.0,18.0,0.0,1.0,0.1,94.2,94.2,94.2,94.2,1.0,0.0,18.0,0.0,0.1,4.6,4.6,4.6,4.6,1.0,0.0,18.0,0.0,1.0,0.1,1.57,1.57,1.57,1.57,1.0,0.0,18.0,0.0,1.0,0.1,-4.32,-4.32,-4.32,-4.32,1.0,0.0,18.0,0.0,1.0,0.1,1018.4,1018.4,1018.4,1018.4,1.0,0.0,18.0,0.0,1.0,0.1,0.0,0.0,0.0,0.0,1.0,0.0,18.0,0.0,1.0,0.1,7.2,7.2,7.2,7.2,1.0,0.0,18.0,0.0,1.0,0.1,-19.9,-19.9,-19.9,-19.9,1.0,0.0,18.0,0.0,1.0,0.1,1.4,1.4,1.4,1.4,1.0,0.0,18.0,0.0,1.0,0.1,6.4,6.4,6.4,6.4,1.0,0.0,18.0,0.0,1.0,0.1,2.78,2.78,2.78,2.78,1.0,0.0,18.0,0.0,1.0,0.1,12.8,12.8,12.8,12.8,1.0,0.0,18.0,0.0,1.0,0.1,38.2,38.2,38.2,38.2,1.0,0.0,18.0,0.0,1.0,0.1,-105.0,-105.0,-105.0,-105.0,1.0,0.0,18.0,0.0,1.0,0.1,27.9,27.9,27.9,27.9,1.0,0.0,18.0,0.0,1.0,0.1,-76.7,-76.7,-76.7,-76.7,1.0,0.0,18.0,0.0,1.0,0.1,4.4,4.4,4.4,4.4,1.0,0.0,18.0,0.0,1.0,0.1,-12.0,-12.0,-12.0,-12.0,1.0,0.0,18.0,0.0,1.0,0.1,97.5,97.5,97.5,97.5,1.0,0.0,18.0,0.0,1.0,0.1,95.0,95.0,95.0,95.0,1.0,0.0,18.0,0.0,1.0,0.1
1974,2,221.0,-30.0,26.0,26.0,26.0,26.0,1.0,0.0,16.0,1.0,0.9,0.6,26.5,26.5,26.5,26.5,1.0,0.0,16.0,1.0,0.9,0.6,15.27,15.27,15.27,15.27,1.0,0.0,16.0,1.0,0.9,0.6,71.4,71.4,71.4,71.4,1.0,0.0,16.0,1.0,0.6,4.1,4.1,4.1,4.1,1.0,0.0,16.0,1.0,0.9,0.6,4.1,4.1,4.1,4.1,1.0,0.0,16.0,1.0,0.9,0.6,0.0,0.0,0.0,0.0,1.0,0.0,16.0,1.0,0.9,0.6,1020.5,1020.5,1020.5,1020.5,1.0,0.0,16.0,1.0,0.9,0.6,4.0,4.0,4.0,4.0,1.0,0.0,16.0,1.0,0.9,0.6,16.8,16.8,16.8,16.8,1.0,0.0,16.0,1.0,0.9,0.6,0.0,0.0,0.0,0.0,1.0,0.0,16.0,1.0,0.9,0.6,-0.5,-0.5,-0.5,-0.5,1.0,0.0,16.0,1.0,0.9,0.6,-2.0,-2.0,-2.0,-2.0,1.0,0.0,16.0,1.0,0.9,0.6,5.58,5.58,5.58,5.58,1.0,0.0,16.0,1.0,0.9,0.6,22.9,22.9,22.9,22.9,1.0,0.0,16.0,1.0,0.9,0.6,108.7,108.7,108.7,108.7,1.0,0.0,16.0,1.0,0.9,0.6,0.0,0.0,0.0,0.0,1.0,0.0,16.0,1.0,0.9,0.6,62.6,62.6,62.6,62.6,1.0,0.0,16.0,1.0,0.9,0.6,0.0,0.0,0.0,0.0,1.0,0.0,16.0,1.0,0.9,0.6,22.9,22.9,22.9,22.9,1.0,0.0,16.0,1.0,0.9,0.6,0.0,0.0,0.0,0.0,1.0,0.0,16.0,1.0,0.9,0.6,69.0,69.0,69.0,69.0,1.0,0.0,16.0,1.0,0.9,0.6,70.0,70.0,70.0,70.0,1.0,0.0,16.0,1.0,0.9,0.6
1974,2,221.0,-29.0,26.1,26.2,27.06,26.54,5.0,0.61,12.0,0.8,0.6,0.6,25.83,27.0,27.82,26.88,5.0,1.42,12.0,0.8,0.6,0.6,15.16,15.36,16.2,15.6,5.0,0.63,12.0,0.8,0.6,0.6,64.9,72.6,77.4,71.7,5.0,7.7,12.0,0.8,0.6,1.33,5.1,7.18,4.62,5.0,4.07,12.0,0.8,0.6,0.6,-6.89,-5.02,-0.86,-4.31,5.0,3.95,12.0,0.8,0.6,0.6,-2.37,-0.89,-0.56,-1.41,5.0,1.4,12.0,0.8,0.6,0.6,1019.86,1021.8,1023.71,1021.68,5.0,2.26,12.0,0.8,0.6,0.6,1.6,2.0,6.4,3.6,5.0,2.7,12.0,0.8,0.6,0.6,-56.3,-25.6,-1.8,-32.7,5.0,44.7,12.0,0.8,0.6,0.6,-17.4,-4.5,-2.1,-10.5,5.0,16.6,12.0,0.8,0.6,0.6,-1.24,-0.2,0.72,-0.34,5.0,1.45,12.0,0.8,0.6,0.6,-10.9,0.0,3.7,-4.3,5.0,14.1,12.0,0.8,0.6,0.6,5.31,5.73,6.61,5.91,5.0,0.85,12.0,0.8,0.6,0.6,7.5,24.6,43.1,26.1,5.0,23.5,12.0,0.8,0.6,0.6,-193.2,-125.6,-22.5,-118.0,5.0,113.8,12.0,0.8,0.6,0.6,-65.8,-23.9,-14.1,-39.0,5.0,40.7,12.0,0.8,0.6,0.6,-109.2,-80.8,-13.1,-68.0,5.0,61.1,12.0,0.8,0.6,0.6,-36.4,-14.5,-9.0,-22.0,5.0,21.3,12.0,0.8,0.6,0.6,-41.4,-24.2,-4.8,-24.3,5.0,22.8,12.0,0.8,0.6,0.6,-13.5,-5.6,-2.7,-8.0,5.0,8.0,12.0,0.8,0.6,0.6,6.0,132.5,544.5,307.0,5.0,536.5,12.0,0.8,0.6,0.6,5.0,135.0,545.0,305.0,5.0,535.0,12.0,0.8,0.6,0.6
1974,2,221.0,-27.0,28.3,28.3,28.3,28.3,1.0,0.0,26.0,1.0,0.5,0.5,27.1,27.1,27.1,27.1,1.0,0.0,26.0,1.0,0.5,0.5,16.61,16.61,16.61,16.61,1.0,0.0,26.0,1.0,0.5,0.5,74.6,74.6,74.6,74.6,1.0,0.0,26.0,1.0,0.5,3.1,3.1,3.1,3.1,1.0,0.0,26.0,1.0,0.5,0.5,-2.68,-2.68,-2.68,-2.68,1.0,0.0,26.0,1.0,0.5,0.5,-1.55,-1.55,-1.55,-1.55,1.0,0.0,26.0,1.0,0.5,0.5,1016.4,1016.4,1016.4,1016.4,1.0,0.0,26.0,1.0,0.5,0.5,4.0,4.0,4.0,4.0,1.0,0.0,26.0,1.0,0.5,0.5,-8.3,-8.3,-8.3,-8.3,1.0,0.0,26.0,1.0,0.5,0.5,-4.8,-4.8,-4.8,-4.8,1.0,0.0,26.0,1.0,0.5,0.5,1.2,1.2,1.2,1.2,1.0,0.0,26.0,1.0,0.5,0.5,3.7,3.7,3.7,3.7,1.0,0.0,26.0,1.0,0.5,0.5,7.39,7.39,7.39,7.39,1.0,0.0,26.0,1.0,0.5,0.5,22.9,22.9,22.9,22.9,1.0,0.0,26.0,1.0,0.5,0.5,-72.8,-72.8,-72.8,-72.8,1.0,0.0,26.0,1.0,0.5,0.5,-42.0,-42.0,-42.0,-42.0,1.0,0.0,26.0,1.0,0.5,0.5,-44.6,-44.6,-44.6,-44.6,1.0,0.0,26.0,1.0,0.5,0.5,-25.8,-25.8,-25.8,-25.8,1.0,0.0,26.0,1.0,0.5,0.5,-19.8,-19.8,-19.8,-19.8,1.0,0.0,26.0,1.0,0.5,0.5,-11.5,-11.5,-11.5,-11.5,1.0,0.0,26.0,1.0,0.5,0.5,30.0,30.0,30.0,30.0,1.0,0.0,26.0,1.0,0.5,0.5,30.0,30.0,30.0,30.0,1.0,0.0,26.0,1.0,0.5,0.5
1974,2,221.0,-26.0,26.0,26.0,26.0,26.0,1.0,0.0,14.0,0.0,0.2,0.4,25.3,25.3,25.3,25.3,1.0,0.0,14.0,0.0,0.2,0.4,17.19,17.19,17.19,17.19,1.0,0.0,14.0,0.0,0.2,0.4,86.0,86.0,86.0,86.0,1.0,0.0,14.0,0.0,0.4,4.6,4.6,4.6,4.6,1.0,0.0,14.0,0.0,0.2,0.4,-4.53,-4.53,-4.53,-4.53,1.0,0.0,14.0,0.0,0.2,0.4,0.8,0.8,0.8,0.8,1.0,0.0,14.0,0.0,0.2,0.4,1019.0,1019.0,1019.0,1019.0,1.0,0.0,14.0,0.0,0.2,0.4,1.0,1.0,1.0,1.0,1.0,0.0,14.0,0.0,0.2,0.4,-20.8,-20.8,-20.8,-20.8,1.0,0.0,14.0,0.0,0.2,0.4,3.7,3.7,3.7,3.7,1.0,0.0,14.0,0.0,0.2,0.4,0.7,0.7,0.7,0.7,1.0,0.0,14.0,0.0,0.2,0.4,3.2,3.2,3.2,3.2,1.0,0.0,14.0,0.0,0.2,0.4,3.68,3.68,3.68,3.68,1.0,0.0,14.0,0.0,0.2,0.4,16.9,16.9,16.9,16.9,1.0,0.0,14.0,0.0,0.2,0.4,-114.6,-114.6,-114.6,-114.6,1.0,0.0,14.0,0.0,0.2,0.4,20.2,20.2,20.2,20.2,1.0,0.0,14.0,0.0,0.2,0.4,-77.9,-77.9,-77.9,-77.9,1.0,0.0,14.0,0.0,0.2,0.4,13.7,13.7,13.7,13.7,1.0,0.0,14.0,0.0,0.2,0.4,-16.7,-16.7,-16.7,-16.7,1.0,0.0,14.0,0.0,0.2,0.4,2.9,2.9,2.9,2.9,1.0,0.0,14.0,0.0,0.2,0.4,97.5,97.5,97.5,97.5,1.0,0.0,14.0,0.0,0.2,0.4,95.0,95.0,95.0,95.0,1.0,0.0,14.0,0.0,0.2,0.4
1974,2,221.0,-16.0,27.0,27.0,27.0,27.0,1.0,0.0,4.0,0.0,0.4,1.0,25.0,25.0,25.0,25.0,1.0,0.0,4.0,0.0,0.4,1.0,15.29,15.29,15.29,15.29,1.0,0.0,4.0,0.0,0.4,1.0,77.5,77.5,77.5,77.5,1.0,0.0,4.0,0.0,1.0,4.1,4.1,4.1,4.1,1.0,0.0,4.0,0.0,0.4,1.0,-4.1,-4.1,-4.1,-4.1,1.0,0.0,4.0,0.0,0.4,1.0,0.0,0.0,0.0,0.0,1.0,0.0,4.0,0.0,0.4,1.0,1012.6,1012.6,1012.6,1012.6,1.0,0.0,4.0,0.0,0.4,1.0,5.0,5.0,5.0,5.0,1.0,0.0,4.0,0.0,0.4,1.0,-16.8,-16.8,-16.8,-16.8,1.0,0.0,4.0,0.0,0.4,1.0,0.0,0.0,0.0,0.0,1.0,0.0,4.0,0.0,0.4,1.0,2.0,2.0,2.0,2.0,1.0,0.0,4.0,0.0,0.4,1.0,8.2,8.2,8.2,8.2,1.0,0.0,4.0,0.0,0.4,1.0,7.01,7.01,7.01,7.01,1.0,0.0,4.0,0.0,0.4,1.0,28.8,28.8,28.8,28.8,1.0,0.0,4.0,0.0,0.4,1.0,-102.5,-102.5,-102.5,-102.5,1.0,0.0,4.0,0.0,0.4,1.0,0.0,0.0,0.0,0.0,1.0,0.0,4.0,0.0,0.4,1.0,-62.7,-62.7,-62.7,-62.7,1.0,0.0,4.0,0.0,0.4,1.0,0.0,0.0,0.0,0.0,1.0,0.0,4.0,0.0,0.4,1.0,-28.8,-28.8,-28.8,-28.8,1.0,0.0,4.0,0.0,0.4,1.0,0.0,0.0,0.0,0.0,1.0,0.0,4.0,0.0,0.4,1.0,69.0,69.0,69.0,69.0,1.0,0.0,4.0,0.0,0.4,1.0,70.0,70.0,70.0,70.0,1.0,0.0,4.0,0.0,0.4,1.0
1974,2,221.0,-14.0,26.83,26.9,26.97,26.9,2.0,0.14,14.0,0.5,0.6,0.7,26.11,26.55,26.99,26.55,2.0,0.92,14.0,0.5,0.6,0.7,15.98,16.23,16.49,16.23,2.0,0.53,14.0,0.5,0.6,0.7,74.1,75.0,75.8,75.0,2.0,1.8,14.0,0.5,0.7,7.02,7.7,8.38,7.7,2.0,1.41,14.0,0.5,0.6,0.7,-7.8,-6.99,-6.18,-6.99,2.0,1.68,14.0,0.5,0.6,0.7,-1.97,0.19,2.35,0.19,2.0,4.47,14.0,0.5,0.6,0.7,1010.98,1012.0,1013.02,1012.0,2.0,2.12,14.0,0.5,0.6,0.7,6.2,6.5,6.8,6.5,2.0,0.7,14.0,0.5,0.6,0.7,-66.0,-55.0,-44.0,-55.0,2.0,22.8,14.0,0.5,0.6,0.7,-18.2,-1.7,14.8,-1.7,2.0,34.2,14.0,0.5,0.6,0.7,-0.16,0.35,0.86,0.35,2.0,1.06,14.0,0.5,0.6,0.7,-1.8,1.9,5.6,1.9,2.0,7.7,14.0,0.5,0.6,0.7,5.63,5.95,6.28,5.95,2.0,0.67,14.0,0.5,0.6,0.7,43.8,45.4,46.9,45.4,2.0,3.3,14.0,0.5,0.6,0.7,-210.9,-186.3,-161.7,-186.3,2.0,51.0,14.0,0.5,0.6,0.7,-54.3,2.9,60.2,2.9,2.0,118.6,14.0,0.5,0.6,0.7,-128.8,-113.9,-99.0,-113.9,2.0,30.9,14.0,0.5,0.6,0.7,-33.1,1.9,36.9,1.9,2.0,72.5,14.0,0.5,0.6,0.7,-43.6,-41.0,-38.5,-41.0,2.0,5.3,14.0,0.5,0.6,0.7,-10.3,2.6,15.5,2.6,2.0,26.8,14.0,0.5,0.6,0.7,357.5,479.5,601.5,479.5,2.0,253.0,14.0,0.5,0.6,0.7,360.0,480.0,600.0,480.0,2.0,255.0,14.0,0.5,0.6,0.7
1974,2,221.0,-12.0,26.5,26.5,26.5,26.5,1.0,0.0,14.0,1.0,0.1,0.8,26.6,26.6,26.6,26.6,1.0,0.0,14.0,1.0,0.1,0.8,14.55,14.55,14.55,14.55,1.0,0.0,14.0,1.0,0.1,0.8,67.1,67.1,67.1,67.1,1.0,0.0,14.0,1.0,0.8,8.2,8.2,8.2,8.2,1.0,0.0,14.0,1.0,0.1,0.8,-8.2,-8.2,-8.2,-8.2,1.0,0.0,14.0,1.0,0.1,0.8,0.0,0.0,0.0,0.0,1.0,0.0,14.0,1.0,0.1,0.8,1012.3,1012.3,1012.3,1012.3,1.0,0.0,14.0,1.0,0.1,0.8,7.0,7.0,7.0,7.0,1.0,0.0,14.0,1.0,0.1,0.8,-67.2,-67.2,-67.2,-67.2,1.0,0.0,14.0,1.0,0.1,0.8,0.0,0.0,0.0,0.0,1.0,0.0,14.0,1.0,0.1,0.8,-0.1,-0.1,-0.1,-0.1,1.0,0.0,14.0,1.0,0.1,0.8,-0.8,-0.8,-0.8,-0.8,1.0,0.0,14.0,1.0,0.1,0.8,7.1,7.1,7.1,7.1,1.0,0.0,14.0,1.0,0.1,0.8,58.3,58.3,58.3,58.3,1.0,0.0,14.0,1.0,0.1,0.8,-218.1,-218.1,-218.1,-218.1,1.0,0.0,14.0,1.0,0.1,0.8,0.0,0.0,0.0,0.0,1.0,0.0,14.0,1.0,0.1,0.8,-119.3,-119.3,-119.3,-119.3,1.0,0.0,14.0,1.0,0.1,0.8,0.0,0.0,0.0,0.0,1.0,0.0,14.0,1.0,0.1,0.8,-58.2,-58.2,-58.2,-58.2,1.0,0.0,14.0,1.0,0.1,0.8,0.0,0.0,0.0,0.0,1.0,0.0,14.0,1.0,0.1,0.8,551.5,551.5,551.5,551.5,1.0,0.0,14.0,1.0,0.1,0.8,550.0,550.0,550.0,550.0,1.0,0.0,14.0,1.0,0.1,0.8
1974,2,221.0,-11.0,26.16,26.5,28.14,27.13,3.0,1.55,14.0,0.7,0.6,0.6,26.33,28.1,28.37,27.37,3.0,1.63,14.0,0.7,0.6,0.6,17.36,17.72,21.25,19.27,3.0,3.15,14.0,0.7,0.6,0.6,77.1,87.1,91.7,84.5,3.0,10.9,14.0,0.7,0.6,4.26,4.6,4.94,4.6,3.0,0.5,14.0,0.7,0.6,0.6,-4.85,-4.32,-4.13,-4.49,3.0,0.55,14.0,0.7,0.6,0.6,-0.49,0.0,1.07,0.29,3.0,1.17,14.0,0.7,0.6,0.6,1011.33,1013.1,1013.24,1012.3,3.0,1.56,14.0,0.7,0.6,0.6,1.6,3.0,3.0,2.3,3.0,1.2,14.0,0.7,0.6,0.6,-24.1,-19.9,-17.6,-20.8,3.0,4.8,14.0,0.7,0.6,0.6,-2.0,0.0,4.9,1.4,3.0,5.2,14.0,0.7,0.6,0.6,-2.21,-1.6,1.81,-0.23,3.0,3.18,14.0,0.7,0.6,0.6,-11.0,-7.4,7.2,-2.1,3.0,14.1,14.0,0.7,0.6,0.6,0.16,4.45,6.35,3.28,3.0,4.64,14.0,0.7,0.6,0.6,0.1,20.5,26.7,13.6,3.0,20.4,14.0,0.7,0.6,0.6,-137.8,-121.5,-108.8,-123.3,3.0,21.3,14.0,0.7,0.6,0.6,-12.4,0.0,30.2,8.7,3.0,32.1,14.0,0.7,0.6,0.6,-103.3,-74.3,-72.4,-87.5,3.0,25.3,14.0,0.7,0.6,0.6,-8.6,0.0,18.5,4.8,3.0,20.3,14.0,0.7,0.6,0.6,-26.0,-19.2,0.3,-13.0,3.0,20.0,14.0,0.7,0.6,0.6,-3.5,0.0,4.8,0.6,3.0,6.1,14.0,0.7,0.6,0.6,78.0,97.5,121.5,99.5,3.0,32.0,14.0,0.7,0.6,0.6,80.0,95.0,120.0,100.0,3.0,30.0,14.0,0.7,0.6,0.6
1974,2,221.0,-9.0,27.0,27.25,27.76,27.38,4.0,0.48,14.0,0.3,0.7,0.3,25.44,25.75,25.9,25.68,4.0,0.34,14.0,0.3,0.7,0.3,15.8,16.29,17.6,16.68,4.0,1.37,14.0,0.3,0.7,0.3,78.0,78.8,84.1,81.0,4.0,5.2,14.0,0.3,0.3,3.81,6.4,8.2,6.03,4.0,2.59,14.0,0.3,0.7,0.3,-7.96,-6.15,-3.79,-5.89,4.0,2.47,14.0,0.3,0.7,0.3,-0.28,0.0,1.47,0.57,4.0,1.51,14.0,0.3,0.7,0.3,1009.48,1011.15,1013.45,1011.45,4.0,3.08,14.0,0.3,0.7,0.3,2.5,3.0,4.0,3.3,4.0,1.3,14.0,0.3,0.7,0.3,-65.3,-42.2,-15.0,-40.3,4.0,29.2,14.0,0.3,0.7,0.3,-0.9,0.0,12.0,5.3,4.0,11.8,14.0,0.3,0.7,0.3,1.14,1.5,2.28,1.7,4.0,0.79,14.0,0.3,0.7,0.3,6.7,9.4,11.8,9.3,4.0,3.3,14.0,0.3,0.7,0.3,4.85,6.38,7.46,6.16,4.0,1.87,14.0,0.3,0.7,0.3,25.2,34.0,44.2,34.7,4.0,12.5,14.0,0.3,0.7,0.3,-205.8,-158.1,-96.5,-151.4,4.0,64.4,14.0,0.3,0.7,0.3,-7.3,0.0,38.2,14.8,4.0,39.3,14.0,0.3,0.7,0.3,-138.2,-101.8,-60.3,-99.4,4.0,45.6,14.0,0.3,0.7,0.3,-4.6,0.0,27.4,10.9,4.0,27.9,14.0,0.3,0.7,0.3,-44.2,-33.1,-24.2,-34.2,4.0,12.8,14.0,0.3,0.7,0.3,-1.9,0.0,5.4,1.7,4.0,6.0,14.0,0.3,0.7,0.3,62.0,324.5,551.5,307.5,4.0,283.0,14.0,0.3,0.7,0.3,60.0,325.0,550.0,305.0,4.0,285.0,14.0,0.3,0.7,0.3
1974,2,221.0,4.0,,,,,,,,,,,,,,,,,,,,,,,,,,,,,,,,,,,,,,,,6.2,6.2,6.2,6.2,1.0,0.0,12.0,0.0,0.8,0.1,-5.83,-5.83,-5.83,-5.83,1.0,0.0,12.0,0.0,0.8,0.1,2.12,2.12,2.12,2.12,1.0,0.0,12.0,0.0,0.8,0.1,1010.5,1010.5,1010.5,1010.5,1.0,0.0,12.0,0.0,0.8,0.1,5.0,5.0,5.0,5.0,1.0,0.0,12.0,0.0,0.8,0.1,-36.1,-36.1,-36.1,-36.1,1.0,0.0,12.0,0.0,0.8,0.1,13.1,13.1,13.1,13.1,1.0,0.0,12.0,0.0,0.8,0.1,,,,,,,,,,,,,,,,,,,,,,,,,,,,,,,,,,,,,,,,,-134.0,-134.0,-134.0,-134.0,1.0,0.0,12.0,0.0,0.8,0.1,48.8,48.8,48.8,48.8,1.0,0.0,12.0,0.0,0.8,0.1,-93.8,-93.8,-93.8,-93.8,1.0,0.0,12.0,0.0,0.8,0.1,34.2,34.2,34.2,34.2,1.0,0.0,12.0,0.0,0.8,0.1,,,,,,,,,,,,,,,,,,,,,,,,,,,,,,,,,,,,,,,,
1974,2,221.0,6.0,25.82,26.3,26.78,26.3,2.0,0.99,14.0,0.5,0.2,0.3,25.41,25.65,25.89,25.65,2.0,0.49,14.0,0.5,0.2,0.3,15.74,16.04,16.34,16.04,2.0,0.63,14.0,0.5,0.2,0.3,77.7,78.1,78.5,78.1,2.0,0.7,14.0,0.5,0.3,8.27,9.5,10.73,9.5,2.0,2.55,14.0,0.5,0.2,0.3,-10.16,-9.16,-8.16,-9.16,2.0,2.06,14.0,0.5,0.2,0.3,-3.25,-1.93,-0.61,-1.93,2.0,2.73,14.0,0.5,0.2,0.3,1011.58,1011.75,1011.92,1011.75,2.0,0.35,14.0,0.5,0.2,0.3,5.0,5.0,5.0,5.0,2.0,0.0,14.0,0.5,0.2,0.3,-110.4,-89.6,-68.9,-89.6,2.0,42.9,14.0,0.5,0.2,0.3,-36.7,-21.8,-6.9,-21.8,2.0,30.9,14.0,0.5,0.2,0.3,-0.07,0.65,1.37,0.65,2.0,1.48,14.0,0.5,0.2,0.3,-1.7,4.3,10.3,4.3,2.0,12.5,14.0,0.5,0.2,0.3,4.47,5.39,6.31,5.39,2.0,1.9,14.0,0.5,0.2,0.3,46.7,48.8,50.9,48.8,2.0,4.4,14.0,0.5,0.2,0.3,-263.2,-235.4,-207.7,-235.4,2.0,57.5,14.0,0.5,0.2,0.3,-84.5,-50.2,-15.9,-50.2,2.0,71.1,14.0,0.5,0.2,0.3,-166.3,-147.6,-128.8,-147.6,2.0,38.8,14.0,0.5,0.2,0.3,-53.6,-31.9,-10.1,-31.9,2.0,45.0,14.0,0.5,0.2,0.3,-50.4,-47.4,-44.3,-47.4,2.0,6.3,14.0,0.5,0.2,0.3,-13.1,-7.8,-2.5,-7.8,2.0,11.0,14.0,0.5,0.2,0.3,613.0,949.5,1286.5,949.5,2.0,697.5,14.0,0.5,0.2,0.3,615.0,950.0,1285.0,950.0,2.0,695.0,14.0,0.5,0.2,0.3
1974,2,221.0,7.0,25.73,26.0,26.0,25.87,3.0,0.23,14.0,0.7,0.7,0.5,25.65,26.4,26.81,26.23,3.0,0.86,14.0,0.7,0.7,0.5,17.78,18.08,18.72,18.25,3.0,0.7,14.0,0.7,0.7,0.5,83.1,85.2,88.3,85.7,3.0,3.9,14.0,0.7,0.5,6.99,8.7,9.11,8.07,3.0,1.64,14.0,0.7,0.7,0.5,-7.79,-6.11,-6.02,-6.88,3.0,1.46,14.0,0.7,0.7,0.5,-5.34,-1.51,-1.21,-3.24,3.0,3.37,14.0,0.7,0.7,0.5,1010.13,1011.5,1011.5,1010.83,3.0,1.15,14.0,0.7,0.7,0.5,3.3,4.0,5.4,4.3,3.0,1.5,14.0,0.7,0.7,0.5,-68.5,-55.6,-43.5,-56.0,3.0,18.3,14.0,0.7,0.7,0.5,-49.4,-13.1,-8.7,-28.7,3.0,32.7,14.0,0.7,0.7,0.5,-0.94,-0.8,0.22,-0.37,3.0,0.93,14.0,0.7,0.7,0.5,-8.6,-7.0,0.8,-4.0,3.0,7.3,14.0,0.7,0.7,0.5,2.32,2.89,2.93,2.63,3.0,0.5,14.0,0.7,0.7,0.5,18.6,19.1,23.2,20.9,3.0,3.7,14.0,0.7,0.7,0.5,-205.6,-161.4,-156.7,-180.7,3.0,39.6,14.0,0.7,0.7,0.5,-144.0,-39.9,-31.3,-86.5,3.0,91.9,14.0,0.7,0.7,0.5,-139.3,-113.7,-111.4,-125.1,3.0,22.6,14.0,0.7,0.7,0.5,-101.0,-26.7,-21.7,-60.5,3.0,65.0,14.0,0.7,0.7,0.5,-22.6,-18.0,-14.1,-18.4,3.0,6.2,14.0,0.7,0.7,0.5,-11.4,-4.4,-3.6,-7.4,3.0,6.3,14.0,0.7,0.7,0.5,371.5,658.5,758.0,567.0,3.0,294.0,14.0,0.7,0.7,0.5,370.0,660.0,760.0,565.0,3.0,295.0,14.0,0.7,0.7,0.5
1974,2,221.0,12.0,23.63,25.0,26.37,25.0,2.0,2.83,10.0,0.5,0.3,0.4,25.16,25.5,25.84,25.5,3.0,0.5,16.0,0.3,0.3,0.4,16.02,16.57,17.12,16.57,2.0,1.14,10.0,0.5,0.3,0.4,79.3,82.9,86.5,82.9,2.0,7.5,10.0,0.5,0.4,8.18,10.3,10.64,9.43,3.0,1.95,16.0,0.3,0.3,0.4,-10.33,-9.68,-7.33,-8.85,3.0,2.31,16.0,0.3,0.3,0.4,-3.58,-3.52,-2.4,-3.0,3.0,0.97,16.0,0.3,0.3,0.4,1012.11,1013.0,1014.02,1013.07,3.0,1.4,16.0,0.3,0.3,0.4,6.0,6.0,6.7,6.3,3.0,0.6,16.0,0.3,0.3,0.4,-110.1,-99.7,-62.3,-86.5,3.0,36.8,16.0,0.3,0.3,0.4,-33.0,-25.9,-22.1,-27.5,3.0,8.1,16.0,0.3,0.3,0.4,-1.79,-0.25,1.29,-0.25,2.0,3.18,10.0,0.5,0.3,0.4,-11.9,1.3,14.5,1.3,2.0,27.3,10.0,0.5,0.3,0.4,2.24,3.31,4.39,3.31,2.0,2.22,10.0,0.5,0.3,0.4,18.5,31.4,44.3,31.4,2.0,26.7,10.0,0.5,0.3,0.4,-265.6,-242.0,-185.3,-225.8,3.0,60.4,16.0,0.3,0.3,0.4,-90.6,-88.1,-61.2,-76.2,3.0,23.8,16.0,0.3,0.3,0.4,-157.1,-133.3,-109.4,-133.3,2.0,49.4,10.0,0.5,0.3,0.4,-60.5,-59.0,-57.5,-59.0,2.0,3.1,10.0,0.5,0.3,0.4,-41.5,-29.1,-16.6,-29.1,2.0,25.8,10.0,0.5,0.3,0.4,-15.5,-11.7,-8.0,-11.7,2.0,7.7,10.0,0.5,0.3,0.4,601.5,1092.5,1206.5,908.5,3.0,471.0,16.0,0.3,0.3,0.4,600.0,1095.0,1205.0,910.0,3.0,470.0,16.0,0.3,0.3,0.4
1974,2,221.0,13.0,26.0,26.0,26.0,26.0,1.0,0.0,22.0,0.0,0.3,0.9,23.0,23.0,23.0,23.0,1.0,0.0,22.0,0.0,0.3,0.9,13.31,13.31,13.31,13.31,1.0,0.0,22.0,0.0,0.3,0.9,76.3,76.3,76.3,76.3,1.0,0.0,22.0,0.0,0.9,10.8,10.8,10.8,10.8,1.0,0.0,22.0,0.0,0.3,0.9,-10.15,-10.15,-10.15,-10.15,1.0,0.0,22.0,0.0,0.3,0.9,-3.69,-3.69,-3.69,-3.69,1.0,0.0,22.0,0.0,0.3,0.9,1014.0,1014.0,1014.0,1014.0,1.0,0.0,22.0,0.0,0.3,0.9,8.0,8.0,8.0,8.0,1.0,0.0,22.0,0.0,0.3,0.9,-109.6,-109.6,-109.6,-109.6,1.0,0.0,22.0,0.0,0.3,0.9,-39.9,-39.9,-39.9,-39.9,1.0,0.0,22.0,0.0,0.3,0.9,3.0,3.0,3.0,3.0,1.0,0.0,22.0,0.0,0.3,0.9,32.4,32.4,32.4,32.4,1.0,0.0,22.0,0.0,0.3,0.9,7.68,7.68,7.68,7.68,1.0,0.0,22.0,0.0,0.3,0.9,82.9,82.9,82.9,82.9,1.0,0.0,22.0,0.0,0.3,0.9,-233.4,-233.4,-233.4,-233.4,1.0,0.0,22.0,0.0,0.3,0.9,-85.0,-85.0,-85.0,-85.0,1.0,0.0,22.0,0.0,0.3,0.9,-135.0,-135.0,-135.0,-135.0,1.0,0.0,22.0,0.0,0.3,0.9,-49.1,-49.1,-49.1,-49.1,1.0,0.0,22.0,0.0,0.3,0.9,-77.9,-77.9,-77.9,-77.9,1.0,0.0,22.0,0.0,0.3,0.9,-28.4,-28.4,-28.4,-28.4,1.0,0.0,22.0,0.0,0.3,0.9,1259.5,1259.5,1259.5,1259.5,1.0,0.0,22.0,0.0,0.3,0.9,1260.0,1260.0,1260.0,1260.0,1.0,0.0,22.0,0.0,0.3,0.9
1974,2,221.0,15.0,23.0,23.0,23.0,23.0,1.0,0.0,22.0,0.0,0.4,0.0,22.66,23.0,23.34,23.0,2.0,0.71,22.0,0.5,0.7,0.3,12.42,13.27,14.11,13.27,2.0,1.75,22.0,0.5,0.7,0.3,72.6,75.9,79.2,75.9,2.0,6.8,22.0,0.5,0.3,7.37,8.15,8.93,8.15,2.0,1.63,22.0,0.5,0.7,0.3,-8.56,-7.26,-5.96,-7.26,2.0,2.68,22.0,0.5,0.7,0.3,-4.04,-3.06,-2.07,-3.06,2.0,2.04,22.0,0.5,0.7,0.3,1013.48,1014.5,1015.52,1014.5,2.0,2.12,22.0,0.5,0.7,0.3,1.5,2.5,3.5,2.5,2.0,2.1,22.0,0.5,0.7,0.3,-77.6,-61.4,-45.1,-61.4,2.0,33.7,22.0,0.5,0.7,0.3,-28.9,-23.3,-17.6,-23.3,2.0,11.7,22.0,0.5,0.7,0.3,0.5,0.5,0.5,0.5,1.0,0.0,22.0,0.0,0.4,0.0,4.7,4.7,4.7,4.7,1.0,0.0,22.0,0.0,0.4,0.0,5.48,5.48,5.48,5.48,1.0,0.0,22.0,0.0,0.4,0.0,51.0,51.0,51.0,51.0,1.0,0.0,22.0,0.0,0.4,0.0,-193.4,-166.0,-138.7,-166.0,2.0,56.6,22.0,0.5,0.7,0.3,-94.7,-71.0,-47.3,-71.0,2.0,49.1,22.0,0.5,0.7,0.3,-105.0,-94.0,-82.9,-94.0,2.0,22.9,22.0,0.5,0.7,0.3,-58.0,-42.3,-26.7,-42.3,2.0,32.4,22.0,0.5,0.7,0.3,-50.2,-50.2,-50.2,-50.2,1.0,0.0,22.0,0.0,0.4,0.0,-8.8,-8.8,-8.8,-8.8,1.0,0.0,22.0,0.0,0.4,0.0,416.0,573.5,731.0,573.5,2.0,326.0,22.0,0.5,0.7,0.3,415.0,575.0,730.0,575.0,2.0,325.0,22.0,0.5,0.7,0.3
1974,2,221.0,16.0,23.7,23.7,23.7,23.7,1.0,0.0,10.0,1.0,0.4,0.0,22.7,22.7,22.7,22.7,1.0,0.0,10.0,1.0,0.4,0.0,12.11,12.11,12.11,12.11,1.0,0.0,10.0,1.0,0.4,0.0,70.7,70.7,70.7,70.7,1.0,0.0,10.0,1.0,0.0,5.58,7.7,9.82,7.7,2.0,4.38,18.0,1.0,0.5,0.4,-7.21,-4.92,-2.64,-4.92,2.0,4.74,18.0,1.0,0.5,0.4,-6.53,-5.63,-4.74,-5.63,2.0,1.85,18.0,1.0,0.5,0.4,1011.18,1012.0,1012.82,1012.0,2.0,1.7,18.0,1.0,0.5,0.4,1.2,1.5,1.8,1.5,2.0,0.7,18.0,1.0,0.5,0.4,-76.3,-48.3,-20.3,-48.3,2.0,58.1,18.0,1.0,0.5,0.4,-66.2,-47.4,-28.6,-47.4,2.0,39.0,18.0,1.0,0.5,0.4,1.0,1.0,1.0,1.0,1.0,0.0,10.0,1.0,0.4,0.0,10.8,10.8,10.8,10.8,1.0,0.0,10.0,1.0,0.4,0.0,6.17,6.17,6.17,6.17,1.0,0.0,10.0,1.0,0.4,0.0,66.6,66.6,66.6,66.6,1.0,0.0,10.0,1.0,0.4,0.0,-187.8,-187.8,-187.8,-187.8,1.0,0.0,10.0,1.0,0.4,0.0,-157.6,-157.6,-157.6,-157.6,1.0,0.0,10.0,1.0,0.4,0.0,-100.2,-100.2,-100.2,-100.2,1.0,0.0,10.0,1.0,0.4,0.0,-84.0,-84.0,-84.0,-84.0,1.0,0.0,10.0,1.0,0.4,0.0,-51.0,-51.0,-51.0,-51.0,1.0,0.0,10.0,1.0,0.4,0.0,-42.8,-42.8,-42.8,-42.8,1.0,0.0,10.0,1.0,0.4,0.0,282.0,678.5,1075.0,678.5,2.0,822.0,18.0,1.0,0.5,0.4,280.0,680.0,1075.0,680.0,2.0,820.0,18.0,1.0,0.5,0.4
1974,2,221.0,17.0,22.93,23.3,23.68,23.28,5.0,0.62,18.0,0.2,0.7,0.6,21.0,21.45,22.04,21.52,6.0,0.52,16.0,0.2,0.7,0.5,13.06,14.06,14.62,13.77,5.0,1.38,14.0,0.2,0.7,0.6,82.4,90.1,91.2,86.3,5.0,9.6,14.0,0.2,0.6,7.6,9.0,10.3,8.92,6.0,1.3,16.0,0.2,0.7,0.5,-8.64,-7.17,-6.49,-7.41,6.0,1.16,16.0,0.2,0.7,0.5,-7.28,-3.81,-1.47,-4.25,6.0,2.88,16.0,0.2,0.7,0.5,1016.73,1018.5,1020.62,1018.73,6.0,2.64,16.0,0.2,0.7,0.5,1.6,3.0,5.6,3.5,6.0,2.7,16.0,0.2,0.7,0.5,-78.1,-63.3,-54.2,-66.2,6.0,15.6,16.0,0.2,0.7,0.5,-69.4,-35.4,-12.6,-40.3,6.0,30.5,16.0,0.2,0.7,0.5,1.23,1.5,2.11,1.7,5.0,0.75,18.0,0.2,0.7,0.6,11.3,14.0,18.3,14.9,5.0,4.3,18.0,0.2,0.7,0.6,3.14,3.88,5.42,4.27,4.0,1.48,16.0,0.3,0.7,0.6,30.2,33.0,49.9,39.7,4.0,16.7,16.0,0.3,0.7,0.6,-183.7,-152.2,-139.9,-159.3,6.0,25.5,16.0,0.2,0.7,0.5,-159.7,-83.0,-31.0,-92.3,6.0,63.7,16.0,0.2,0.7,0.5,-103.4,-95.6,-92.8,-97.6,5.0,6.7,14.0,0.2,0.7,0.6,-109.1,-58.7,-28.8,-66.4,5.0,42.4,14.0,0.2,0.7,0.6,-43.8,-26.0,-19.8,-31.5,4.0,17.1,16.0,0.3,0.7,0.6,-29.2,-23.7,-16.1,-22.7,4.0,8.9,16.0,0.3,0.7,0.6,439.5,731.5,1092.5,746.5,6.0,308.0,16.0,0.2,0.7,0.5,440.0,730.0,1095.0,745.0,6.0,310.0,16.0,0.2,0.7,0.5
1974,2,221.0,18.0,22.45,23.0,23.0,22.73,3.0,0.46,16.0,0.3,0.7,0.4,21.32,22.0,24.53,22.9,3.0,2.48,16.0,0.3,0.7,0.4,11.94,12.29,13.18,12.55,3.0,0.94,16.0,0.3,0.7,0.4,63.1,75.1,84.2,73.7,3.0,15.5,16.0,0.3,0.4,8.7,8.7,11.91,10.27,3.0,2.71,16.0,0.3,0.7,0.4,-11.36,-8.7,-8.34,-9.82,3.0,2.41,16.0,0.3,0.7,0.4,-3.13,0.0,2.03,-0.54,3.0,3.81,16.0,0.3,0.7,0.4,1015.93,1017.5,1017.84,1016.9,3.0,1.49,16.0,0.3,0.7,0.4,6.3,7.0,7.7,7.0,3.0,1.0,16.0,0.3,0.7,0.4,-139.2,-75.7,-72.6,-105.2,3.0,55.1,16.0,0.3,0.7,0.4,-41.9,0.0,17.7,-11.8,3.0,44.8,16.0,0.3,0.7,0.4,-2.07,1.0,1.68,-0.17,3.0,2.93,16.0,0.3,0.7,0.4,-16.5,13.4,16.1,0.1,3.0,26.5,16.0,0.3,0.7,0.4,4.16,4.86,5.05,4.61,3.0,0.69,16.0,0.3,0.7,0.4,36.2,42.3,60.5,48.2,3.0,18.5,16.0,0.3,0.7,0.4,-255.8,-210.1,-191.4,-223.3,3.0,48.5,16.0,0.3,0.7,0.4,-68.8,0.0,52.2,-8.1,3.0,88.9,16.0,0.3,0.7,0.4,-143.1,-118.2,-103.3,-123.1,3.0,29.5,16.0,0.3,0.7,0.4,-38.4,0.0,23.9,-7.1,3.0,46.1,16.0,0.3,0.7,0.4,-56.8,-39.7,-35.4,-45.9,3.0,16.6,16.0,0.3,0.7,0.4,-16.1,0.0,9.9,-3.0,3.0,19.2,16.0,0.3,0.7,0.4,658.5,658.5,1851.5,1241.0,3.0,1009.0,16.0,0.3,0.7,0.4,660.0,660.0,1850.0,1240.0,3.0,1010.0,16.0,0.3,0.7,0.4
1974,2,221.0,19.0,21.94,22.5,23.42,22.6,6.0,0.79,18.0,0.8,0.6,0.5,21.86,22.0,22.57,22.21,7.0,0.89,18.0,0.7,0.7,0.6,11.03,12.71,15.6,13.15,6.0,2.32,18.0,0.8,0.6,0.5,70.6,78.1,89.1,78.8,6.0,10.2,18.0,0.8,0.5,5.1,7.2,9.24,7.43,6.0,2.43,18.0,0.8,0.6,0.5,-8.7,-7.19,-4.66,-6.92,6.0,2.62,18.0,0.8,0.6,0.5,-3.87,-1.93,0.0,-1.94,6.0,1.86,18.0,0.8,0.6,0.5,1017.29,1018.25,1019.41,1018.32,6.0,1.3,18.0,0.8,0.6,0.5,2.0,5.0,8.0,5.1,7.0,2.9,18.0,0.7,0.7,0.6,-81.2,-52.8,-23.8,-56.5,6.0,38.0,18.0,0.8,0.6,0.5,-29.6,-12.2,0.0,-15.7,6.0,17.4,18.0,0.8,0.6,0.5,-0.21,0.3,1.1,0.35,6.0,0.88,18.0,0.8,0.6,0.5,-1.3,2.5,5.6,1.9,6.0,5.0,18.0,0.8,0.6,0.5,2.25,4.39,5.12,3.86,6.0,1.76,18.0,0.8,0.6,0.5,11.7,29.8,45.8,31.0,6.0,21.6,18.0,0.8,0.6,0.5,-191.0,-160.9,-104.5,-153.3,6.0,56.3,18.0,0.8,0.6,0.5,-85.1,-42.7,0.0,-42.7,6.0,40.8,18.0,0.8,0.6,0.5,-103.6,-95.9,-70.3,-87.6,6.0,24.7,18.0,0.8,0.6,0.5,-42.9,-25.1,0.0,-23.7,6.0,22.1,18.0,0.8,0.6,0.5,-44.9,-24.4,-11.5,-28.5,6.0,21.0,18.0,0.8,0.6,0.5,-19.2,-7.2,0.0,-9.2,6.0,9.9,18.0,0.8,0.6,0.5,132.5,395.0,820.5,526.0,6.0,500.0,18.0,0.8,0.6,0.5,135.0,395.0,820.0,525.0,6.0,500.0,18.0,0.8,0.6,0.5
1974,2,221.0,20.0,21.49,22.1,22.67,22.03,10.0,0.75,16.0,0.2,0.6,0.5,20.13,20.8,21.34,21.09,10.0,1.67,16.0,0.2,0.6,0.5,10.68,11.18,12.43,11.39,9.0,0.93,18.0,0.2,0.6,0.6,69.0,76.2,79.5,74.0,9.0,7.6,18.0,0.2,0.6,8.96,10.3,15.4,11.36,10.0,2.99,16.0,0.2,0.6,0.5,-14.38,-10.26,-8.64,-10.84,10.0,2.83,16.0,0.2,0.6,0.5,-4.74,-2.07,0.0,-2.2,10.0,2.88,16.0,0.2,0.6,0.5,1018.77,1020.4,1021.77,1020.19,10.0,1.7,16.0,0.2,0.6,0.5,2.9,6.0,7.0,5.1,10.0,2.1,16.0,0.2,0.6,0.5,-221.5,-106.1,-77.4,-130.6,10.0,68.4,16.0,0.2,0.6,0.5,-57.4,-16.7,0.0,-27.7,10.0,40.3,16.0,0.2,0.6,0.5,-0.5,1.45,2.54,0.94,10.0,1.98,16.0,0.2,0.6,0.5,-4.9,16.2,31.9,13.6,10.0,23.4,16.0,0.2,0.6,0.5,3.29,5.21,6.29,5.01,9.0,1.58,18.0,0.2,0.6,0.6,31.3,61.5,96.9,61.0,9.0,30.8,18.0,0.2,0.6,0.6,-289.4,-216.0,-185.2,-227.0,10.0,53.8,16.0,0.2,0.6,0.5,-103.9,-42.6,0.0,-46.5,10.0,59.7,16.0,0.2,0.6,0.5,-157.1,-119.0,-103.3,-125.3,9.0,29.2,18.0,0.2,0.6,0.6,-60.1,-29.3,0.0,-24.4,9.0,32.9,18.0,0.2,0.6,0.6,-91.8,-53.3,-30.6,-57.8,9.0,29.0,18.0,0.2,0.6,0.6,-27.1,-13.5,0.0,-13.8,9.0,17.9,18.0,0.2,0.6,0.6,721.0,1092.5,3652.5,1751.0,10.0,1349.0,16.0,0.2,0.6,0.5,720.0,1095.0,3650.0,1750.0,10.0,1350.0,16.0,0.2,0.6,0.5
1974,2,221.0,21.0,21.59,22.1,22.82,22.2,4.0,0.84,10.0,0.8,0.7,0.3,20.52,21.3,21.71,21.13,4.0,0.82,10.0,0.8,0.7,0.3,11.67,12.43,13.02,12.35,4.0,0.96,10.0,0.8,0.7,0.3,74.7,81.3,85.1,80.0,4.0,6.3,10.0,0.8,0.3,3.55,5.4,9.71,6.58,4.0,4.47,10.0,0.8,0.7,0.3,-9.31,-4.98,-3.55,-6.37,4.0,4.51,10.0,0.8,0.7,0.3,-1.62,0.0,0.0,-0.77,4.0,1.55,10.0,0.8,0.7,0.3,1018.44,1021.2,1023.8,1021.13,4.0,3.3,10.0,0.8,0.7,0.3,3.5,4.0,5.0,4.3,4.0,1.3,10.0,0.8,0.7,0.3,-103.0,-27.2,-13.6,-56.9,4.0,73.8,10.0,0.8,0.7,0.3,-10.1,0.0,0.0,-4.8,4.0,9.6,10.0,0.8,0.7,0.3,-0.1,1.1,2.25,1.08,4.0,1.36,10.0,0.8,0.7,0.3,-0.6,3.0,17.7,8.3,4.0,13.8,10.0,0.8,0.7,0.3,2.89,4.05,5.54,4.21,4.0,1.83,10.0,0.8,0.7,0.3,12.4,15.2,52.4,31.6,4.0,35.4,10.0,0.8,0.7,0.3,-197.6,-108.1,-75.2,-135.1,4.0,95.3,10.0,0.8,0.7,0.3,-34.9,0.0,0.0,-16.7,4.0,33.3,10.0,0.8,0.7,0.3,-109.4,-64.9,-44.3,-76.3,4.0,47.6,10.0,0.8,0.7,0.3,-21.8,0.0,0.0,-10.4,4.0,20.8,10.0,0.8,0.7,0.3,-52.4,-14.3,-11.6,-31.2,4.0,35.7,10.0,0.8,0.7,0.3,-3.5,0.0,0.0,-1.7,4.0,3.4,10.0,0.8,0.7,0.3,55.5,168.0,1238.0,625.0,4.0,1018.5,10.0,0.8,0.7,0.3,55.0,170.0,1240.0,625.0,4.0,1020.0,10.0,0.8,0.7,0.3
1974,2,221.0,22.0,21.13,21.7,22.37,21.78,5.0,0.79,14.0,0.2,0.7,0.3,20.76,22.0,24.37,22.44,5.0,2.04,14.0,0.2,0.7,0.3,10.71,11.27,13.56,12.09,4.0,2.24,14.0,0.3,0.8,0.3,64.8,71.8,77.4,71.1,4.0,7.5,14.0,0.3,0.3,7.4,9.3,10.35,8.76,5.0,2.73,14.0,0.2,0.7,0.3,-10.35,-8.74,-7.02,-8.52,5.0,2.72,14.0,0.2,0.7,0.3,-1.16,0.0,1.61,0.14,5.0,2.27,14.0,0.2,0.7,0.3,1017.83,1018.8,1020.0,1018.78,5.0,1.43,14.0,0.2,0.7,0.3,1.6,5.0,8.0,4.8,5.0,3.3,14.0,0.2,0.7,0.3,-107.6,-81.3,-57.6,-80.6,5.0,40.5,14.0,0.2,0.7,0.3,-10.8,0.0,12.7,0.6,5.0,21.0,14.0,0.2,0.7,0.3,-2.1,0.0,0.62,-0.66,5.0,2.1,14.0,0.2,0.7,0.3,-12.2,0.0,5.8,-2.1,5.0,12.2,14.0,0.2,0.7,0.3,2.41,5.1,5.54,4.03,4.0,2.71,14.0,0.3,0.8,0.3,22.4,52.5,58.0,40.7,4.0,27.6,14.0,0.3,0.8,0.3,-236.8,-192.3,-147.8,-188.5,5.0,56.3,14.0,0.2,0.7,0.3,-23.2,0.0,36.9,4.8,5.0,47.8,14.0,0.2,0.7,0.3,-115.7,-104.6,-78.3,-97.3,4.0,25.3,14.0,0.3,0.8,0.3,-18.3,0.0,5.7,-6.0,4.0,20.0,14.0,0.3,0.8,0.3,-58.0,-51.1,-21.1,-40.0,4.0,27.5,14.0,0.3,0.8,0.3,-8.4,0.0,0.0,-4.0,4.0,8.0,14.0,0.3,0.8,0.3,536.0,804.5,1124.5,812.5,5.0,491.5,14.0,0.2,0.7,0.3,535.0,805.0,1125.0,810.0,5.0,490.0,14.0,0.2,0.7,0.3
1974,2,221.0,23.0,19.59,20.55,21.29,20.37,6.0,1.39,20.0,0.5,0.8,0.6,18.73,19.9,20.45,19.78,6.0,1.48,24.0,0.3,0.7,0.6,9.54,9.88,10.01,9.8,5.0,0.28,24.0,0.2,0.7,0.6,63.2,71.5,75.5,69.6,5.0,8.2,24.0,0.2,0.6,5.62,8.2,10.37,8.14,7.0,2.6,20.0,0.4,0.7,0.6,-7.83,-6.62,-3.45,-6.01,7.0,2.85,20.0,0.4,0.7,0.6,-4.28,-2.05,6.03,-0.62,7.0,5.78,20.0,0.4,0.7,0.6,1019.28,1021.7,1026.38,1022.39,7.0,3.53,20.0,0.4,0.7,0.6,3.2,7.0,7.2,5.5,6.0,3.0,20.0,0.5,0.7,0.6,-70.7,-58.2,-14.5,-52.6,7.0,37.6,20.0,0.4,0.7,0.6,-35.9,-11.1,69.9,-1.9,7.0,56.0,20.0,0.4,0.7,0.6,-0.4,1.0,2.51,1.06,5.0,1.74,24.0,0.4,0.8,0.6,-1.6,8.2,17.5,7.9,5.0,10.3,24.0,0.4,0.8,0.6,4.68,5.2,5.79,5.23,4.0,0.67,24.0,0.3,0.8,0.6,28.0,34.4,39.7,33.9,4.0,7.5,24.0,0.3,0.8,0.6,-142.9,-112.9,-68.8,-103.9,6.0,45.0,24.0,0.3,0.7,0.6,-97.3,-49.4,8.0,-33.4,6.0,109.5,24.0,0.3,0.7,0.6,-70.6,-53.1,-26.6,-48.9,5.0,25.1,24.0,0.2,0.7,0.6,-46.9,-19.4,17.7,-13.0,5.0,58.9,24.0,0.2,0.7,0.6,-32.4,-25.6,-14.0,-23.3,4.0,12.0,24.0,0.3,0.8,0.6,-12.5,-11.6,16.6,1.4,4.0,26.7,24.0,0.3,0.8,0.6,179.5,551.5,1119.0,678.5,7.0,540.0,20.0,0.4,0.7,0.6,180.0,550.0,1120.0,680.0,7.0,540.0,20.0,0.4,0.7,0.6
1974,2,221.0,24.0,21.5,21.5,21.5,21.5,1.0,0.0,24.0,0.0,1.0,0.8,20.0,20.0,20.0,20.0,1.0,0.0,24.0,0.0,1.0,0.8,10.13,10.13,10.13,10.13,1.0,0.0,24.0,0.0,1.0,0.8,70.6,70.6,70.6,70.6,1.0,0.0,24.0,0.0,0.8,9.3,9.3,9.3,9.3,1.0,0.0,24.0,0.0,1.0,0.8,-8.74,-8.74,-8.74,-8.74,1.0,0.0,24.0,0.0,1.0,0.8,-3.18,-3.18,-3.18,-3.18,1.0,0.0,24.0,0.0,1.0,0.8,1023.9,1023.9,1023.9,1023.9,1.0,0.0,24.0,0.0,1.0,0.8,,,,,,,,,,,,,,,,,,,,,,,,,,,,,,,1.5,1.5,1.5,1.5,1.0,0.0,24.0,0.0,1.0,0.8,14.0,14.0,14.0,14.0,1.0,0.0,24.0,0.0,1.0,0.8,5.66,5.66,5.66,5.66,1.0,0.0,24.0,0.0,1.0,0.8,52.7,52.7,52.7,52.7,1.0,0.0,24.0,0.0,1.0,0.8,-174.8,-174.8,-174.8,-174.8,1.0,0.0,24.0,0.0,1.0,0.8,-63.6,-63.6,-63.6,-63.6,1.0,0.0,24.0,0.0,1.0,0.8,-88.5,-88.5,-88.5,-88.5,1.0,0.0,24.0,0.0,1.0,0.8,-32.2,-32.2,-32.2,-32.2,1.0,0.0,24.0,0.0,1.0,0.8,-49.5,-49.5,-49.5,-49.5,1.0,0.0,24.0,0.0,1.0,0.8,-18.0,-18.0,-18.0,-18.0,1.0,0.0,24.0,0.0,1.0,0.8,804.5,804.5,804.5,804.5,1.0,0.0,24.0,0.0,1.0,0.8,805.0,805.0,805.0,805.0,1.0,0.0,24.0,0.0,1.0,0.8
1974,2,221.0,25.0,19.5,20.0,21.37,20.4,5.0,1.08,14.0,0.2,0.6,0.7,18.4,18.9,19.04,18.75,6.0,0.44,14.0,0.2,0.6,0.7,9.26,10.27,11.08,10.14,5.0,1.29,14.0,0.2,0.6,0.7,67.9,77.1,83.5,75.5,5.0,10.0,14.0,0.2,0.7,4.89,6.95,8.43,6.77,6.0,2.08,14.0,0.2,0.6,0.7,-8.31,-6.06,-2.29,-5.2,6.0,3.77,14.0,0.2,0.6,0.7,-2.88,-2.59,1.16,-0.93,6.0,3.4,14.0,0.2,0.6,0.7,1020.03,1021.75,1023.83,1021.95,6.0,2.42,14.0,0.2,0.6,0.7,5.6,7.5,8.0,6.8,6.0,1.6,14.0,0.2,0.6,0.7,-70.1,-42.9,-9.1,-40.2,6.0,34.9,14.0,0.2,0.6,0.7,-24.4,-11.9,6.6,-7.4,6.0,21.8,14.0,0.2,0.6,0.7,0.89,1.0,2.24,1.5,5.0,0.93,14.0,0.2,0.6,0.7,5.7,7.4,14.9,10.5,5.0,8.0,14.0,0.2,0.6,0.7,3.06,3.68,6.47,4.68,5.0,2.23,14.0,0.2,0.6,0.7,20.0,29.8,43.8,33.2,5.0,20.1,14.0,0.2,0.6,0.7,-157.0,-112.2,-44.0,-97.2,6.0,70.7,14.0,0.2,0.6,0.7,-54.0,-48.3,22.0,-16.9,6.0,64.1,14.0,0.2,0.6,0.7,-84.5,-66.7,-15.5,-51.9,5.0,42.4,14.0,0.2,0.6,0.7,-30.8,-26.1,23.9,-4.8,5.0,41.3,14.0,0.2,0.6,0.7,-42.7,-28.0,-9.9,-27.7,5.0,25.6,14.0,0.2,0.6,0.7,-11.8,-10.2,5.7,-3.8,5.0,12.1,14.0,0.2,0.6,0.7,119.5,368.5,603.5,382.5,6.0,295.0,14.0,0.2,0.6,0.7,120.0,370.0,605.0,380.0,6.0,295.0,14.0,0.2,0.6,0.7
1974,2,221.0,26.0,18.63,20.3,20.56,19.72,5.0,1.2,16.0,0.4,0.7,0.3,18.0,19.2,20.05,19.14,5.0,1.24,16.0,0.4,0.7,0.3,9.65,11.64,12.06,10.89,5.0,1.67,16.0,0.4,0.7,0.3,67.1,86.0,89.6,79.9,5.0,12.5,16.0,0.4,0.3,5.25,6.7,8.7,6.78,5.0,2.11,16.0,0.4,0.7,0.3,-8.62,-5.83,-0.03,-4.13,5.0,5.97,16.0,0.4,0.7,0.3,-1.73,-1.23,1.22,-0.3,5.0,2.18,16.0,0.4,0.7,0.3,1017.44,1022.8,1025.29,1021.46,5.0,5.17,16.0,0.4,0.7,0.3,3.0,4.0,7.4,5.0,5.0,2.3,16.0,0.4,0.7,0.3,-75.0,-36.1,6.5,-31.9,5.0,47.8,16.0,0.4,0.7,0.3,-13.1,-4.4,8.2,-1.7,5.0,14.6,16.0,0.4,0.7,0.3,-0.55,1.0,1.54,0.58,5.0,1.42,16.0,0.4,0.7,0.3,-4.8,3.6,9.9,2.4,5.0,10.1,16.0,0.4,0.7,0.3,1.42,2.63,5.47,3.31,5.0,2.35,16.0,0.4,0.7,0.3,6.4,17.6,41.1,22.6,5.0,17.7,16.0,0.4,0.7,0.3,-172.8,-104.9,2.0,-80.8,5.0,118.1,16.0,0.4,0.7,0.3,-32.6,-22.2,23.5,-5.1,5.0,41.3,16.0,0.4,0.7,0.3,-95.6,-47.5,0.8,-42.1,5.0,68.7,16.0,0.4,0.7,0.3,-17.6,-14.3,14.9,-1.8,5.0,24.9,16.0,0.4,0.7,0.3,-39.5,-6.2,1.7,-15.4,5.0,24.2,16.0,0.4,0.7,0.3,-6.5,-1.1,3.2,-1.7,5.0,8.1,16.0,0.4,0.7,0.3,168.5,301.0,658.5,380.5,5.0,270.5,16.0,0.4,0.7,0.3,170.0,300.0,660.0,380.0,5.0,270.0,16.0,0.4,0.7,0.3
1974,2,221.0,27.0,18.43,20.0,20.09,19.56,8.0,0.92,16.0,0.8,0.5,0.4,17.4,19.5,20.0,19.05,8.0,1.19,16.0,0.8,0.5,0.4,8.38,9.0,11.48,9.51,8.0,1.69,16.0,0.8,0.5,0.4,63.5,71.7,80.2,70.1,8.0,10.7,16.0,0.8,0.4,5.1,5.65,6.2,5.73,8.0,1.87,16.0,0.8,0.5,0.4,-6.11,-5.6,-5.03,-5.5,8.0,1.58,16.0,0.8,0.5,0.4,-1.06,-0.44,0.96,-0.67,8.0,1.82,16.0,0.8,0.5,0.4,1022.52,1023.85,1025.51,1023.66,8.0,1.82,16.0,0.8,0.5,0.4,0.2,6.0,7.0,4.5,8.0,3.3,16.0,0.8,0.5,0.4,-37.9,-31.9,-25.7,-34.1,8.0,19.6,16.0,0.8,0.5,0.4,-6.4,-1.2,5.9,-5.4,8.0,16.0,16.0,0.8,0.5,0.4,0.0,0.6,1.09,0.51,8.0,1.35,16.0,0.8,0.5,0.4,0.0,3.6,6.1,2.6,8.0,7.6,16.0,0.8,0.5,0.4,2.86,5.03,5.84,4.51,8.0,2.11,16.0,0.8,0.5,0.4,17.3,21.6,33.6,25.0,8.0,14.8,16.0,0.8,0.5,0.4,-122.1,-107.7,-86.5,-105.3,8.0,33.4,16.0,0.8,0.5,0.4,-20.1,-7.6,19.1,-12.9,8.0,36.3,16.0,0.8,0.5,0.4,-72.5,-53.6,-42.2,-53.5,8.0,19.2,16.0,0.8,0.5,0.4,-9.2,-3.1,11.1,-5.0,8.0,17.3,16.0,0.8,0.5,0.4,-33.2,-20.8,-17.1,-23.8,8.0,12.8,16.0,0.8,0.5,0.4,-6.6,-2.0,0.7,-5.0,8.0,9.6,16.0,0.8,0.5,0.4,132.5,185.5,238.5,242.0,8.0,240.0,16.0,0.8,0.5,0.4,135.0,185.0,240.0,240.0,8.0,240.0,16.0,0.8,0.5,0.4
1974,2,221.0,28.0,17.8,19.0,20.64,19.23,13.0,1.17,16.0,0.5,0.6,0.6,16.72,18.3,20.01,18.35,13.0,1.7,16.0,0.5,0.6,0.6,7.71,8.91,11.19,9.29,12.0,1.67,16.0,0.5,0.6,0.6,64.9,70.3,78.4,71.9,12.0,9.2,16.0,0.5,0.6,1.36,6.2,7.25,5.06,13.0,2.87,16.0,0.5,0.6,0.6,-7.2,-6.11,-0.24,-4.66,13.0,2.91,16.0,0.5,0.6,0.6,-3.18,0.0,1.02,-0.71,13.0,1.83,16.0,0.5,0.6,0.6,1022.67,1024.2,1026.1,1024.61,13.0,2.67,16.0,0.5,0.6,0.6,1.6,6.0,8.0,5.0,11.0,2.9,16.0,0.5,0.6,0.6,-52.5,-37.9,-0.4,-31.2,13.0,22.4,16.0,0.5,0.6,0.6,-14.1,0.0,2.5,-5.2,13.0,12.4,16.0,0.5,0.6,0.6,-1.22,1.2,2.91,0.88,13.0,2.31,16.0,0.5,0.6,0.6,-7.4,3.8,18.0,4.0,13.0,16.2,16.0,0.5,0.6,0.6,2.08,5.24,6.53,4.47,12.0,2.17,16.0,0.5,0.6,0.6,3.8,18.5,37.6,22.1,12.0,19.1,16.0,0.5,0.6,0.6,-140.0,-108.1,-4.4,-86.4,13.0,55.7,16.0,0.5,0.6,0.6,-60.2,0.0,20.2,-12.1,13.0,32.8,16.0,0.5,0.6,0.6,-75.3,-48.7,-1.7,-43.0,12.0,30.3,16.0,0.5,0.6,0.6,-29.1,0.0,3.3,-7.5,12.0,17.1,16.0,0.5,0.6,0.6,-35.6,-18.3,-1.3,-20.0,12.0,17.7,16.0,0.5,0.6,0.6,-10.4,0.0,0.9,-4.7,12.0,11.3,16.0,0.5,0.6,0.6,3.0,238.5,381.0,227.5,13.0,187.0,16.0,0.5,0.6,0.6,5.0,240.0,380.0,230.0,13.0,185.0,16.0,0.5,0.6,0.6
1974,2,221.0,29.0,18.1,19.0,19.47,18.85,22.0,0.99,16.0,0.4,0.5,0.4,16.7,17.7,20.0,18.17,21.0,2.17,16.0,0.4,0.6,0.4,8.4,9.51,10.65,9.41,20.0,1.63,16.0,0.4,0.6,0.4,60.2,73.2,89.7,73.5,20.0,15.7,16.0,0.4,0.4,2.6,5.1,8.11,5.06,21.0,2.98,16.0,0.4,0.6,0.4,-6.68,-3.28,0.0,-2.96,21.0,3.54,16.0,0.4,0.6,0.4,-3.97,0.0,2.0,-0.84,21.0,3.64,16.0,0.4,0.6,0.4,1019.95,1024.3,1026.08,1023.49,21.0,2.93,16.0,0.4,0.6,0.4,2.0,6.0,7.0,4.9,21.0,2.6,16.0,0.4,0.6,0.4,-48.7,-14.6,0.0,-17.9,21.0,30.5,16.0,0.4,0.6,0.4,-19.6,0.0,8.8,-7.2,21.0,30.4,16.0,0.4,0.6,0.4,-1.0,1.0,2.45,0.67,21.0,2.22,16.0,0.4,0.6,0.4,-3.8,4.1,12.8,5.5,21.0,13.6,16.0,0.4,0.6,0.4,2.36,4.41,5.08,3.93,20.0,2.0,16.0,0.4,0.6,0.4,7.4,17.5,26.6,17.0,20.0,11.4,16.0,0.4,0.6,0.4,-120.1,-56.4,0.0,-54.2,21.0,60.8,16.0,0.4,0.6,0.4,-66.1,0.0,35.9,-12.0,21.0,64.0,16.0,0.4,0.6,0.4,-66.2,-34.0,-0.2,-33.3,20.0,28.5,16.0,0.4,0.6,0.4,-29.0,0.0,22.9,-5.0,20.0,33.3,16.0,0.4,0.6,0.4,-25.0,-10.8,0.0,-11.9,20.0,11.7,16.0,0.4,0.6,0.4,-9.1,0.0,7.0,0.1,20.0,12.1,16.0,0.4,0.6,0.4,17.5,132.5,535.0,258.5,21.0,330.5,16.0,0.4,0.6,0.4,20.0,135.0,535.0,260.0,21.0,330.0,16.0,0.4,0.6,0.4
1974,2,221.0,30.0,17.2,17.8,18.9,18.0,27.0,0.81,12.0,0.6,0.7,0.6,15.91,17.3,18.3,17.38,27.0,1.44,12.0,0.6,0.6,0.6,8.62,9.75,10.5,9.71,27.0,1.31,12.0,0.6,0.6,0.6,72.0,80.4,84.2,79.3,27.0,7.1,12.0,0.6,0.6,0.0,2.6,5.1,2.94,29.0,2.89,12.0,0.6,0.7,0.6,-4.01,-0.77,0.0,-1.85,29.0,2.8,12.0,0.6,0.7,0.6,-1.81,0.0,1.44,0.0,29.0,2.43,12.0,0.6,0.7,0.6,1020.0,1021.2,1024.92,1022.05,29.0,2.44,12.0,0.6,0.7,0.6,2.0,3.0,7.0,4.0,29.0,2.5,12.0,0.6,0.7,0.6,-18.5,-0.9,0.0,-11.7,29.0,23.6,12.0,0.6,0.7,0.6,-5.5,0.0,3.8,-0.6,29.0,16.9,12.0,0.6,0.7,0.6,-0.81,0.3,2.3,0.59,26.0,1.56,12.0,0.6,0.7,0.6,-0.7,0.0,6.6,1.7,26.0,5.6,12.0,0.6,0.7,0.6,1.81,3.16,4.26,3.02,26.0,1.47,12.0,0.6,0.7,0.6,0.0,4.8,16.3,7.7,26.0,8.0,12.0,0.6,0.7,0.6,-67.6,-14.0,0.0,-28.4,27.0,41.4,12.0,0.6,0.6,0.6,-32.1,0.0,27.5,0.4,27.0,42.8,12.0,0.6,0.6,0.6,-38.0,-8.0,0.0,-15.8,27.0,24.2,12.0,0.6,0.6,0.6,-17.6,0.0,14.4,-0.1,27.0,25.0,12.0,0.6,0.6,0.6,-13.6,-1.3,0.1,-4.5,26.0,7.1,12.0,0.6,0.7,0.6,-4.2,0.0,2.9,0.8,26.0,7.3,12.0,0.6,0.7,0.6,0.0,17.5,132.5,118.5,29.0,246.0,12.0,0.6,0.7,0.6,0.0,20.0,135.0,120.0,29.0,245.0,12.0,0.6,0.7,0.6
1974,2,221.0,31.0,16.95,17.8,18.13,17.59,7.0,0.9,10.0,0.3,0.6,0.5,15.84,16.45,17.57,16.09,8.0,2.01,10.0,0.3,0.5,0.5,7.14,8.01,8.95,7.97,7.0,1.08,10.0,0.3,0.6,0.5,63.0,76.2,79.3,71.6,7.0,9.0,10.0,0.3,0.5,5.22,6.95,7.2,6.75,8.0,1.36,10.0,0.3,0.5,0.5,-7.2,-6.11,-1.32,-4.55,8.0,4.11,10.0,0.3,0.5,0.5,-4.33,0.0,4.11,-0.25,8.0,3.65,10.0,0.3,0.5,0.5,1025.53,1028.15,1029.44,1027.66,8.0,2.24,10.0,0.3,0.5,0.5,6.2,8.0,8.0,7.0,8.0,2.1,10.0,0.3,0.5,0.5,-51.8,-42.3,-6.7,-33.4,8.0,31.3,10.0,0.3,0.5,0.5,-23.8,0.0,26.2,-1.9,8.0,25.5,10.0,0.3,0.5,0.5,-0.08,1.5,3.12,1.56,7.0,2.27,10.0,0.3,0.6,0.5,-0.5,8.2,23.0,12.3,7.0,19.7,10.0,0.3,0.6,0.5,3.54,3.91,5.52,4.36,7.0,1.11,10.0,0.3,0.6,0.5,18.1,28.2,43.8,30.2,7.0,13.1,10.0,0.3,0.6,0.5,-118.2,-91.8,-21.5,-69.9,8.0,66.3,10.0,0.3,0.5,0.5,-50.7,0.0,67.9,-0.5,8.0,57.7,10.0,0.3,0.5,0.5,-52.2,-48.3,-6.5,-32.5,7.0,31.3,10.0,0.3,0.6,0.5,-30.4,0.0,34.4,-2.5,7.0,31.8,10.0,0.3,0.6,0.5,-43.5,-21.6,-1.7,-20.7,7.0,21.8,10.0,0.3,0.6,0.5,-15.1,0.0,18.1,-1.4,7.0,16.1,10.0,0.3,0.6,0.5,144.5,337.0,373.0,341.0,8.0,212.5,10.0,0.3,0.5,0.5,145.0,335.0,375.0,340.0,8.0,215.0,10.0,0.3,0.5,0.5
1974,2,221.0,32.0,16.0,16.7,17.95,16.67,9.0,1.21,14.0,0.6,0.7,0.5,15.21,15.8,16.49,15.84,10.0,0.8,16.0,0.6,0.7,0.5,7.12,7.5,8.97,7.94,10.0,1.11,16.0,0.6,0.7,0.5,64.5,71.1,80.2,72.1,10.0,7.9,16.0,0.6,0.5,2.53,5.65,9.87,5.98,10.0,3.85,16.0,0.6,0.7,0.5,-7.64,-2.37,1.93,-1.93,10.0,5.48,16.0,0.6,0.7,0.5,-5.08,-0.52,1.24,-1.53,10.0,4.22,16.0,0.6,0.7,0.5,1023.33,1027.65,1033.59,1027.27,10.0,8.15,16.0,0.6,0.7,0.5,3.4,6.0,7.6,5.4,10.0,2.3,16.0,0.6,0.7,0.5,-64.7,-6.4,7.0,-11.7,10.0,50.8,16.0,0.6,0.7,0.5,-51.9,-1.1,7.0,-15.6,10.0,42.2,16.0,0.6,0.7,0.5,-0.51,0.5,2.57,0.84,9.0,1.42,14.0,0.6,0.7,0.5,-1.6,1.1,15.6,4.6,9.0,11.8,14.0,0.6,0.7,0.5,2.58,3.83,4.85,3.83,9.0,1.13,14.0,0.6,0.7,0.5,7.6,19.0,34.3,21.3,9.0,18.1,14.0,0.6,0.7,0.5,-115.4,-38.4,33.5,-29.1,10.0,86.4,16.0,0.6,0.7,0.5,-78.3,-8.1,20.7,-23.5,10.0,65.8,16.0,0.6,0.7,0.5,-54.9,-19.1,19.9,-11.6,10.0,45.9,16.0,0.6,0.7,0.5,-44.3,-3.9,10.9,-12.3,10.0,32.6,16.0,0.6,0.7,0.5,-28.1,-7.4,0.0,-12.0,9.0,14.0,14.0,0.6,0.7,0.5,-14.0,0.0,4.7,-6.7,9.0,20.7,14.0,0.6,0.7,0.5,18.0,221.0,969.0,449.0,10.0,495.0,16.0,0.6,0.7,0.5,20.0,220.0,970.0,450.0,10.0,495.0,16.0,0.6,0.7,0.5
1974,2,221.0,33.0,15.5,16.5,17.77,16.49,14.0,1.13,18.0,0.3,0.7,0.5,14.01,15.25,16.98,15.51,14.0,1.38,18.0,0.3,0.7,0.5,7.09,8.01,9.13,7.88,10.0,1.68,18.0,0.3,0.7,0.4,67.3,69.7,83.0,70.9,10.0,12.0,18.0,0.3,0.4,4.1,5.1,8.17,6.49,14.0,4.04,18.0,0.3,0.7,0.5,-4.95,-0.72,6.19,-0.21,14.0,5.48,18.0,0.3,0.7,0.5,-3.91,-1.37,0.83,-2.19,14.0,5.13,18.0,0.3,0.7,0.5,1023.87,1029.4,1030.96,1027.34,14.0,6.57,18.0,0.3,0.7,0.5,2.7,5.5,8.0,5.2,12.0,2.4,18.0,0.3,0.7,0.4,-25.0,-2.2,49.8,0.6,14.0,40.0,18.0,0.3,0.7,0.5,-16.3,-7.1,3.9,-30.7,14.0,90.6,18.0,0.3,0.7,0.5,-0.59,0.9,2.5,0.99,14.0,1.72,18.0,0.3,0.7,0.5,-2.7,3.2,22.9,7.6,14.0,13.9,18.0,0.3,0.7,0.5,2.21,3.65,4.6,3.77,10.0,1.94,18.0,0.3,0.7,0.4,7.1,18.1,49.2,27.6,10.0,28.1,18.0,0.3,0.7,0.4,-74.4,-11.7,87.3,-1.5,14.0,82.4,18.0,0.3,0.7,0.5,-69.2,-20.2,12.4,-34.9,14.0,84.3,18.0,0.3,0.7,0.5,-30.4,-2.5,53.6,9.8,10.0,38.8,18.0,0.3,0.7,0.4,-25.7,0.0,10.6,-15.8,10.0,47.1,18.0,0.3,0.7,0.4,-14.8,-1.2,17.6,-2.9,10.0,25.9,18.0,0.3,0.7,0.4,-10.7,0.0,3.4,-10.2,10.0,29.0,18.0,0.3,0.7,0.4,69.0,132.5,545.5,680.0,14.0,1641.5,18.0,0.3,0.7,0.5,70.0,135.0,545.0,680.0,14.0,1640.0,18.0,0.3,0.7,0.5
1974,2,221.0,34.0,14.63,16.0,17.43,15.99,16.0,1.26,18.0,0.6,0.6,0.6,13.67,15.0,16.19,14.83,19.0,1.4,18.0,0.6,0.7,0.6,6.01,8.11,9.63,7.84,17.0,1.65,18.0,0.6,0.6,0.6,64.3,78.0,84.9,75.3,17.0,11.4,18.0,0.6,0.6,4.53,7.7,9.87,7.82,19.0,3.28,18.0,0.6,0.7,0.6,-6.8,1.61,7.12,1.14,19.0,5.86,18.0,0.6,0.7,0.6,-8.18,0.0,5.76,0.45,19.0,6.28,18.0,0.6,0.7,0.6,1022.0,1025.75,1028.61,1025.03,18.0,4.09,18.0,0.7,0.7,0.6,5.7,7.0,8.0,6.4,19.0,2.1,18.0,0.6,0.7,0.6,-52.4,15.0,53.8,15.6,19.0,57.4,18.0,0.6,0.7,0.6,-76.4,0.0,45.0,6.9,19.0,65.0,18.0,0.6,0.7,0.6,-0.5,1.0,3.11,1.31,16.0,1.73,18.0,0.6,0.6,0.6,-4.4,10.5,21.8,9.3,16.0,13.9,18.0,0.6,0.6,0.6,1.65,3.66,5.16,3.51,16.0,1.65,18.0,0.6,0.6,0.6,13.0,23.3,41.9,25.1,16.0,15.0,18.0,0.6,0.6,0.6,-108.6,27.5,115.7,16.8,19.0,89.1,18.0,0.6,0.7,0.6,-99.2,0.0,84.1,9.8,19.0,92.9,18.0,0.6,0.7,0.6,-50.3,15.5,51.4,8.9,17.0,48.3,18.0,0.6,0.6,0.6,-51.8,10.8,53.2,9.5,17.0,54.5,18.0,0.6,0.6,0.6,-7.5,5.1,20.4,6.8,16.0,15.5,18.0,0.6,0.6,0.6,-33.6,-0.8,15.2,-5.5,16.0,23.9,18.0,0.6,0.6,0.6,93.5,456.5,963.0,705.0,19.0,708.5,18.0,0.6,0.7,0.6,95.0,455.0,965.0,705.0,19.0,710.0,18.0,0.6,0.7,0.6
1974,2,221.0,35.0,13.36,15.0,16.0,14.9,13.0,1.33,18.0,0.5,0.6,0.5,12.41,14.0,15.0,13.85,17.0,1.65,14.0,0.6,0.6,0.5,6.29,7.23,8.65,7.49,16.0,1.18,16.0,0.6,0.6,0.5,65.6,78.2,86.7,77.0,16.0,9.5,16.0,0.6,0.5,3.79,6.2,10.61,7.01,16.0,3.61,14.0,0.6,0.6,0.5,-4.07,-0.8,4.76,0.29,16.0,5.48,14.0,0.6,0.6,0.5,-6.83,-0.49,4.63,-0.62,16.0,5.91,14.0,0.6,0.6,0.5,1024.27,1027.4,1030.19,1026.22,17.0,6.71,14.0,0.6,0.6,0.5,3.0,7.0,8.0,5.9,15.0,2.2,14.0,0.6,0.6,0.5,-20.7,-1.7,38.4,14.7,16.0,62.4,14.0,0.6,0.6,0.5,-75.5,-2.8,24.7,-11.4,16.0,59.6,14.0,0.6,0.6,0.5,-1.1,1.2,3.37,1.31,13.0,2.31,18.0,0.5,0.6,0.5,-7.0,11.9,37.8,13.9,12.0,19.4,16.0,0.5,0.6,0.5,0.77,3.17,4.81,3.06,13.0,1.68,18.0,0.5,0.6,0.5,3.3,17.5,47.2,25.7,12.0,25.9,16.0,0.5,0.6,0.5,-52.0,-11.3,53.7,3.2,16.0,74.7,14.0,0.6,0.6,0.5,-90.9,-5.3,69.6,-2.6,16.0,86.1,14.0,0.6,0.6,0.5,-29.9,0.0,32.2,0.4,15.0,39.0,14.0,0.6,0.6,0.5,-45.4,9.5,37.8,1.8,15.0,47.3,14.0,0.6,0.6,0.5,-6.3,1.9,32.8,11.2,12.0,26.3,16.0,0.5,0.6,0.5,-38.5,-11.2,3.5,-13.5,12.0,19.1,16.0,0.5,0.6,0.5,55.0,238.5,1196.0,633.5,16.0,918.0,14.0,0.6,0.6,0.5,55.0,240.0,1195.0,635.0,16.0,920.0,14.0,0.6,0.6,0.5
1974,2,221.0,36.0,12.6,13.9,14.31,13.47,3.0,1.31,12.0,0.7,0.5,0.2,15.32,16.0,16.0,15.67,3.0,0.58,12.0,0.7,0.5,0.2,8.01,8.95,10.49,9.24,3.0,1.83,12.0,0.7,0.5,0.2,75.0,80.2,93.7,84.2,3.0,14.2,12.0,0.7,0.2,5.61,6.7,11.61,8.57,3.0,4.69,12.0,0.7,0.5,0.2,4.51,5.8,7.94,6.21,3.0,2.54,12.0,0.7,0.5,0.2,-1.25,3.28,8.31,3.53,3.0,7.0,12.0,0.7,0.5,0.2,1020.89,1022.8,1023.62,1022.27,3.0,2.05,12.0,0.7,0.5,0.2,5.3,6.0,6.7,6.0,3.0,1.0,12.0,0.7,0.5,0.2,25.9,38.9,97.1,61.0,3.0,55.5,12.0,0.7,0.5,0.2,-10.0,16.7,106.3,47.4,3.0,89.3,12.0,0.7,0.5,0.2,-3.21,-1.5,-1.23,-2.2,3.0,1.57,12.0,0.7,0.5,0.2,-40.4,-7.6,-7.5,-23.5,3.0,27.8,12.0,0.7,0.5,0.2,-0.82,-0.35,1.37,0.26,3.0,1.69,12.0,0.7,0.5,0.2,-5.1,-4.8,8.4,1.5,3.0,11.3,12.0,0.7,0.5,0.2,70.3,87.0,125.2,97.5,3.0,41.2,12.0,0.7,0.5,0.2,-17.7,52.5,132.9,57.5,3.0,110.4,12.0,0.7,0.5,0.2,43.9,44.0,68.5,55.9,3.0,20.8,12.0,0.7,0.5,0.2,-5.7,36.7,76.7,35.5,3.0,60.3,12.0,0.7,0.5,0.2,-3.8,-3.1,7.6,1.8,3.0,9.4,12.0,0.7,0.5,0.2,-6.1,-3.7,-3.5,-4.8,3.0,2.2,12.0,0.7,0.5,0.2,186.0,301.0,1928.5,1039.5,3.0,1428.0,12.0,0.7,0.5,0.2,185.0,300.0,1930.0,1040.0,3.0,1430.0,12.0,0.7,0.5,0.2
1974,2,221.0,37.0,11.99,12.8,13.52,12.86,7.0,0.79,16.0,0.4,0.6,0.3,12.36,13.3,13.99,13.13,8.0,2.14,16.0,0.5,0.7,0.3,5.81,7.54,8.92,7.16,8.0,2.1,16.0,0.5,0.7,0.3,60.4,77.6,87.4,75.8,8.0,17.3,16.0,0.5,0.3,1.5,7.7,9.35,6.09,7.0,3.78,16.0,0.6,0.8,0.3,0.49,2.31,7.64,3.98,7.0,3.89,16.0,0.6,0.8,0.3,-1.47,3.52,4.59,2.55,7.0,4.04,16.0,0.6,0.8,0.3,1018.72,1025.75,1028.1,1025.04,8.0,5.14,16.0,0.5,0.7,0.3,6.0,7.5,8.0,7.2,6.0,1.0,16.0,0.7,0.8,0.3,0.7,8.3,67.2,32.5,7.0,39.9,16.0,0.6,0.8,0.3,-2.5,29.6,40.2,25.7,7.0,33.2,16.0,0.6,0.8,0.3,-1.86,0.0,0.61,-0.14,7.0,1.85,16.0,0.4,0.6,0.3,-18.7,0.0,2.7,-5.3,6.0,13.4,16.0,0.5,0.7,0.3,0.27,1.12,2.62,1.74,7.0,1.84,16.0,0.4,0.6,0.3,-0.2,9.3,19.8,9.7,6.0,10.0,16.0,0.5,0.7,0.3,6.3,20.6,124.8,55.4,7.0,57.9,16.0,0.6,0.8,0.3,-18.4,49.0,74.5,38.5,7.0,53.5,16.0,0.6,0.8,0.3,4.4,7.1,72.7,31.1,7.0,33.9,16.0,0.6,0.8,0.3,-8.7,26.4,44.2,22.1,7.0,29.7,16.0,0.6,0.8,0.3,-0.5,3.8,14.1,6.5,6.0,9.1,16.0,0.5,0.7,0.3,-4.1,1.9,8.3,1.0,6.0,8.8,16.0,0.5,0.7,0.3,3.5,456.5,818.0,438.0,7.0,436.5,16.0,0.6,0.8,0.3,5.0,455.0,820.0,440.0,7.0,435.0,16.0,0.6,0.8,0.3
1974,2,221.0,38.0,12.9,14.45,15.58,14.3,6.0,2.33,16.0,0.7,0.8,0.2,11.08,12.0,14.2,12.21,7.0,1.47,18.0,0.7,0.7,0.3,4.72,5.54,9.31,6.52,7.0,2.23,18.0,0.7,0.7,0.3,60.8,63.3,93.4,73.3,7.0,17.1,18.0,0.7,0.3,5.05,9.8,10.5,8.89,7.0,3.49,18.0,0.7,0.7,0.3,2.51,7.1,9.86,6.43,7.0,4.12,18.0,0.7,0.7,0.3,-4.35,0.0,3.85,-0.13,7.0,6.24,18.0,0.7,0.7,0.3,1020.44,1026.8,1032.28,1026.41,7.0,5.97,18.0,0.7,0.7,0.3,6.0,7.0,8.0,7.0,7.0,1.2,18.0,0.7,0.7,0.3,10.3,58.2,102.5,64.0,7.0,57.5,18.0,0.7,0.7,0.3,-38.4,0.0,39.6,-4.1,7.0,72.6,18.0,0.7,0.7,0.3,0.13,2.1,4.4,2.42,6.0,2.61,16.0,0.7,0.8,0.2,1.9,15.5,37.5,25.0,6.0,36.2,16.0,0.7,0.8,0.2,2.18,3.93,5.8,3.99,6.0,2.67,16.0,0.7,0.8,0.2,11.3,25.7,55.9,37.1,6.0,40.2,16.0,0.7,0.8,0.2,26.6,87.3,137.5,81.1,7.0,55.5,18.0,0.7,0.7,0.3,-52.9,0.0,53.5,0.9,7.0,73.4,18.0,0.7,0.7,0.3,11.9,39.3,91.2,44.8,7.0,37.3,18.0,0.7,0.7,0.3,-23.6,0.0,36.7,4.5,7.0,36.9,18.0,0.7,0.7,0.3,1.5,13.4,46.0,25.3,6.0,33.1,16.0,0.7,0.8,0.2,-31.3,-7.9,9.9,-12.5,6.0,34.9,16.0,0.7,0.8,0.2,129.5,941.0,1183.0,981.0,7.0,981.5,18.0,0.7,0.7,0.3,130.0,940.0,1185.0,980.0,7.0,980.0,18.0,0.7,0.7,0.3
1974,2,221.0,39.0,11.67,12.2,13.33,12.41,7.0,1.06,14.0,0.7,0.6,0.3,11.05,12.8,13.9,12.37,7.0,1.46,14.0,0.7,0.6,0.3,6.56,7.55,8.55,7.38,7.0,1.32,14.0,0.7,0.6,0.3,76.7,78.9,94.4,83.5,7.0,12.7,14.0,0.7,0.3,7.46,9.3,12.9,9.66,7.0,3.77,14.0,0.7,0.6,0.3,-8.79,5.98,6.75,1.6,7.0,7.67,14.0,0.7,0.6,0.3,-1.03,7.12,9.94,4.99,7.0,5.68,14.0,0.7,0.6,0.3,1016.77,1029.5,1031.64,1025.1,7.0,8.52,14.0,0.7,0.6,0.3,6.8,8.0,8.0,7.5,6.0,0.8,12.0,0.7,0.6,0.2,-83.5,51.3,84.3,13.5,7.0,87.3,14.0,0.7,0.6,0.3,-3.6,66.3,128.3,63.2,7.0,66.6,14.0,0.7,0.6,0.3,-1.15,0.0,1.06,0.04,7.0,1.49,14.0,0.7,0.6,0.3,-11.1,0.0,9.7,-2.5,7.0,14.8,14.0,0.7,0.6,0.3,-0.02,0.96,2.54,1.46,7.0,1.58,14.0,0.7,0.6,0.3,-0.2,11.7,26.9,13.1,7.0,14.5,14.0,0.7,0.6,0.3,-106.5,74.0,84.1,18.5,7.0,99.8,14.0,0.7,0.6,0.3,-10.5,91.2,137.6,67.7,7.0,73.4,14.0,0.7,0.6,0.3,-58.9,34.0,59.0,12.8,7.0,56.8,14.0,0.7,0.6,0.3,-6.9,60.7,75.9,42.3,7.0,44.8,14.0,0.7,0.6,0.3,-20.4,0.0,8.5,-0.9,7.0,17.0,14.0,0.7,0.6,0.3,-4.5,0.0,9.4,1.8,7.0,10.7,14.0,0.7,0.6,0.3,435.5,804.5,2146.5,1217.5,7.0,908.5,14.0,0.7,0.6,0.3,435.0,805.0,2145.0,1220.0,7.0,910.0,14.0,0.7,0.6,0.3
1974,2,221.0,40.0,11.63,13.0,13.61,12.63,3.0,1.48,8.0,0.3,0.5,0.3,10.0,10.6,11.62,10.8,4.0,0.98,10.0,0.5,0.5,0.4,5.87,6.17,6.43,6.15,3.0,0.41,8.0,0.3,0.5,0.3,75.6,76.2,84.2,79.8,3.0,7.1,8.0,0.3,0.3,5.55,10.55,15.81,10.68,4.0,6.32,10.0,0.5,0.5,0.4,-1.0,7.37,15.24,7.13,4.0,9.55,10.0,0.5,0.5,0.4,-6.9,-3.98,-0.86,-3.88,4.0,3.57,10.0,0.5,0.5,0.4,1015.33,1019.95,1028.55,1021.85,4.0,9.2,10.0,0.5,0.5,0.4,2.5,3.0,4.6,3.5,4.0,1.7,10.0,0.5,0.5,0.4,-1.0,94.9,245.0,120.8,4.0,149.2,10.0,0.5,0.5,0.4,-85.9,-32.4,-3.1,-43.9,4.0,51.7,10.0,0.5,0.5,0.4,1.54,2.7,2.9,2.23,3.0,1.08,8.0,0.3,0.5,0.3,9.8,23.1,32.0,21.0,3.0,16.4,8.0,0.3,0.5,0.3,2.07,3.47,3.58,2.84,3.0,1.23,8.0,0.3,0.5,0.3,12.0,26.7,41.7,26.8,3.0,21.8,8.0,0.3,0.5,0.3,-10.0,81.7,177.8,83.8,4.0,110.7,10.0,0.5,0.5,0.4,-74.9,-45.9,-8.6,-41.9,4.0,38.7,10.0,0.5,0.5,0.4,-11.5,7.7,58.9,23.3,3.0,53.3,8.0,0.3,0.5,0.3,-33.4,-11.8,-3.7,-18.4,3.0,22.5,8.0,0.3,0.5,0.3,-1.5,4.6,34.7,16.3,3.0,28.4,8.0,0.3,0.5,0.3,-18.8,-2.5,-0.8,-9.6,3.0,14.5,8.0,0.3,0.5,0.3,242.0,1431.5,4201.0,2185.5,4.0,2640.0,10.0,0.5,0.5,0.4,240.0,1430.0,4200.0,2185.0,4.0,2640.0,10.0,0.5,0.5,0.4
1974,2,221.0,41.0,11.1,11.1,11.1,11.1,1.0,0.0,6.0,1.0,0.4,0.5,7.59,11.0,11.68,9.67,3.0,3.21,16.0,0.7,0.3,0.6,4.86,4.86,4.86,4.86,1.0,0.0,6.0,1.0,0.4,0.5,85.8,85.8,85.8,85.8,1.0,0.0,6.0,1.0,0.5,9.78,10.8,16.74,13.2,3.0,5.51,16.0,0.7,0.3,0.6,6.55,10.64,14.9,10.72,3.0,6.12,16.0,0.7,0.3,0.6,1.28,8.05,9.21,5.31,3.0,6.28,16.0,0.7,0.3,0.6,1024.75,1028.5,1032.25,1028.5,2.0,7.78,12.0,0.5,0.3,0.7,3.2,8.0,8.0,5.7,3.0,4.0,16.0,0.7,0.3,0.6,66.0,114.9,261.2,162.5,3.0,148.9,16.0,0.7,0.3,0.6,9.9,74.9,153.6,81.6,3.0,105.3,16.0,0.7,0.3,0.6,5.1,5.1,5.1,5.1,1.0,0.0,6.0,1.0,0.4,0.5,47.4,47.4,47.4,47.4,1.0,0.0,6.0,1.0,0.4,0.5,3.16,3.16,3.16,3.16,1.0,0.0,6.0,1.0,0.4,0.5,29.4,29.4,29.4,29.4,1.0,0.0,6.0,1.0,0.4,0.5,56.2,117.0,175.5,115.8,3.0,87.4,16.0,0.7,0.3,0.6,1.3,48.3,95.2,48.2,3.0,68.8,16.0,0.7,0.3,0.6,22.6,22.6,22.6,22.6,1.0,0.0,6.0,1.0,0.4,0.5,39.1,39.1,39.1,39.1,1.0,0.0,6.0,1.0,0.4,0.5,14.7,14.7,14.7,14.7,1.0,0.0,6.0,1.0,0.4,0.5,25.4,25.4,25.4,25.4,1.0,0.0,6.0,1.0,0.4,0.5,949.0,1259.5,5461.0,3159.5,3.0,3692.0,16.0,0.7,0.3,0.6,950.0,1260.0,5460.0,3160.0,3.0,3690.0,16.0,0.7,0.3,0.6
1974,2,221.0,42.0,8.82,10.2,11.52,10.18,4.0,1.65,18.0,0.5,0.8,0.4,5.59,8.45,9.52,7.6,4.0,2.86,18.0,0.5,0.8,0.4,4.22,5.05,6.72,5.45,4.0,1.62,18.0,0.5,0.8,0.4,73.5,82.6,92.2,82.9,4.0,13.8,18.0,0.5,0.4,4.05,8.25,15.7,9.8,4.0,7.94,18.0,0.5,0.8,0.4,0.64,3.73,13.7,7.01,4.0,9.43,18.0,0.5,0.8,0.4,0.51,1.34,6.16,3.25,4.0,4.75,18.0,0.5,0.8,0.4,1009.45,1010.75,1018.33,1013.75,4.0,7.58,18.0,0.5,0.8,0.4,1.6,3.0,6.4,4.0,3.0,3.6,16.0,0.7,0.9,0.2,1.3,20.3,240.3,116.3,4.0,206.1,18.0,0.5,0.8,0.4,1.6,5.0,58.8,29.0,4.0,51.4,18.0,0.5,0.8,0.4,0.35,1.75,4.88,2.58,4.0,3.49,18.0,0.5,0.8,0.4,9.0,25.8,39.1,24.1,4.0,20.1,18.0,0.5,0.8,0.4,1.03,2.02,3.54,2.27,4.0,1.51,18.0,0.5,0.8,0.4,6.4,18.3,43.8,24.8,4.0,25.7,18.0,0.5,0.8,0.4,5.8,16.8,95.4,49.1,4.0,76.3,18.0,0.5,0.8,0.4,1.8,9.1,60.9,30.3,4.0,48.8,18.0,0.5,0.8,0.4,3.7,16.3,59.1,30.7,4.0,41.0,18.0,0.5,0.8,0.4,2.1,6.8,45.5,23.0,4.0,37.2,18.0,0.5,0.8,0.4,0.6,13.1,43.6,21.7,4.0,28.4,18.0,0.5,0.8,0.4,0.8,3.0,8.0,4.3,4.0,5.0,18.0,0.5,0.8,0.4,118.5,665.5,5100.0,2520.5,4.0,4173.5,18.0,0.5,0.8,0.4,120.0,665.0,5100.0,2520.0,4.0,4175.0,18.0,0.5,0.8,0.4
1974,2,221.0,43.0,10.0,10.0,10.0,10.0,2.0,0.0,12.0,1.0,0.9,0.2,6.43,9.5,9.84,8.17,3.0,2.75,14.0,0.7,0.9,0.2,4.37,6.07,6.7,5.54,3.0,1.76,14.0,0.7,0.9,0.2,70.5,82.1,89.9,80.3,3.0,14.3,14.0,0.7,0.2,6.33,7.7,14.39,10.3,3.0,6.32,14.0,0.7,0.9,0.2,-3.25,-1.95,9.73,3.12,3.0,10.47,14.0,0.7,0.9,0.2,5.77,6.67,8.09,6.92,3.0,1.71,14.0,0.7,0.9,0.2,998.26,1007.0,1023.04,1010.57,3.0,18.41,14.0,0.7,0.9,0.2,1.6,3.0,5.0,3.3,3.0,2.5,14.0,0.7,0.9,0.2,-23.8,-11.1,177.5,74.8,3.0,165.2,14.0,0.7,0.9,0.2,37.1,51.3,120.8,78.3,3.0,65.6,14.0,0.7,0.9,0.2,0.08,0.25,0.42,0.25,2.0,0.35,12.0,1.0,0.9,0.2,1.4,4.4,7.4,4.4,2.0,6.2,12.0,1.0,0.9,0.2,0.66,1.04,1.41,1.04,2.0,0.77,12.0,1.0,0.9,0.2,6.7,15.2,23.7,15.2,2.0,17.6,12.0,1.0,0.9,0.2,-19.4,-19.2,92.2,35.1,3.0,94.3,14.0,0.7,0.9,0.2,39.8,53.6,73.7,56.7,3.0,25.0,14.0,0.7,0.9,0.2,-13.7,-13.6,58.4,21.5,3.0,61.0,14.0,0.7,0.9,0.2,28.2,37.4,48.1,38.1,3.0,14.6,14.0,0.7,0.9,0.2,3.0,11.5,20.0,11.5,2.0,17.6,12.0,1.0,0.9,0.2,4.4,8.2,12.1,8.2,2.0,7.9,12.0,1.0,0.9,0.2,271.5,456.5,3803.0,2000.5,3.0,2912.0,14.0,0.7,0.9,0.2,270.0,455.0,3805.0,2000.0,3.0,2910.0,14.0,0.7,0.9,0.2
1974,2,221.0,44.0,8.52,9.0,9.68,9.1,3.0,0.85,20.0,0.3,0.5,0.7,6.0,6.0,9.75,7.83,3.0,3.18,20.0,0.3,0.5,0.7,4.58,5.49,6.42,5.5,3.0,1.35,20.0,0.3,0.5,0.7,75.2,81.2,89.0,82.1,3.0,10.2,20.0,0.3,0.7,7.87,9.3,12.44,10.13,3.0,3.43,20.0,0.3,0.5,0.7,6.37,7.2,9.55,7.94,3.0,2.42,20.0,0.3,0.5,0.7,-8.36,-7.12,-2.26,-5.35,3.0,4.72,20.0,0.3,0.5,0.7,994.68,1008.6,1016.38,1005.6,3.0,16.11,20.0,0.3,0.5,0.7,8.0,8.0,8.0,8.0,2.0,0.0,24.0,0.5,0.6,0.6,53.0,55.6,118.7,85.1,3.0,54.5,20.0,0.3,0.5,0.7,-105.8,-66.3,-21.0,-63.5,3.0,62.1,20.0,0.3,0.5,0.7,-0.29,2.3,2.78,1.27,3.0,2.42,20.0,0.3,0.5,0.7,-0.6,21.4,35.3,17.4,3.0,26.5,20.0,0.3,0.5,0.7,1.0,1.45,2.45,1.71,3.0,1.09,20.0,0.3,0.5,0.7,8.1,13.5,31.9,19.9,3.0,18.2,20.0,0.3,0.5,0.7,44.8,63.9,76.8,60.9,3.0,23.6,20.0,0.3,0.5,0.7,-50.2,-42.7,-13.6,-32.1,3.0,28.3,20.0,0.3,0.5,0.7,36.5,44.2,47.7,42.1,3.0,8.4,20.0,0.3,0.5,0.7,-38.5,-37.1,-11.8,-25.4,3.0,22.0,20.0,0.3,0.5,0.7,6.6,8.7,23.9,15.1,3.0,13.8,20.0,0.3,0.5,0.7,-21.0,-10.4,-3.3,-12.1,3.0,13.1,20.0,0.3,0.5,0.7,510.0,804.5,2088.5,1287.5,3.0,1229.5,20.0,0.3,0.5,0.7,510.0,805.0,2090.0,1290.0,3.0,1230.0,20.0,0.3,0.5,0.7
1974,2,221.0,45.0,7.16,7.5,7.84,7.5,3.0,0.5,20.0,1.0,0.5,0.2,6.67,9.25,10.52,8.63,4.0,2.63,22.0,1.0,0.6,0.3,6.17,6.78,7.4,6.78,2.0,1.27,18.0,1.0,0.3,0.2,87.7,90.1,92.5,90.1,2.0,4.9,18.0,1.0,0.2,11.25,13.35,16.02,13.63,4.0,3.08,22.0,1.0,0.6,0.3,4.77,7.7,11.43,8.08,4.0,4.25,22.0,1.0,0.6,0.3,0.0,10.84,11.15,5.81,4.0,10.33,22.0,1.0,0.6,0.3,994.65,1002.5,1017.18,1005.83,3.0,16.75,22.0,1.0,0.5,0.3,7.5,8.0,8.0,7.8,4.0,0.5,22.0,1.0,0.6,0.3,55.0,104.5,186.4,120.0,4.0,86.2,22.0,1.0,0.6,0.3,10.2,144.9,178.8,96.8,4.0,133.7,22.0,1.0,0.6,0.3,-3.34,-3.0,-1.29,-2.33,3.0,1.61,20.0,1.0,0.5,0.2,-55.5,-43.2,-17.9,-36.9,3.0,28.1,20.0,1.0,0.5,0.2,-0.9,-0.26,0.39,-0.26,2.0,1.33,18.0,1.0,0.3,0.2,-16.3,-6.3,3.7,-6.3,2.0,20.8,18.0,1.0,0.3,0.2,34.1,72.4,121.3,77.5,4.0,55.8,22.0,1.0,0.6,0.3,17.8,100.4,117.3,69.0,4.0,79.5,22.0,1.0,0.6,0.3,46.8,69.6,92.4,69.6,2.0,47.2,18.0,1.0,0.3,0.2,66.5,74.6,82.7,74.6,2.0,16.8,18.0,1.0,0.3,0.2,-12.9,-5.9,1.0,-5.9,2.0,14.3,18.0,1.0,0.3,0.2,-10.2,-3.1,4.0,-3.1,2.0,14.7,18.0,1.0,0.3,0.2,1458.5,2423.5,4229.5,2824.5,4.0,1860.0,22.0,1.0,0.6,0.3,1460.0,2425.0,4230.0,2825.0,4.0,1860.0,22.0,1.0,0.6,0.3
1974,2,221.0,46.0,6.52,7.5,8.0,7.16,8.0,1.09,20.0,0.6,0.7,0.5,4.55,7.0,9.71,7.01,11.0,2.92,18.0,0.5,0.7,0.4,4.01,5.5,5.85,5.07,9.0,0.88,20.0,0.6,0.7,0.5,74.6,84.2,87.2,82.1,9.0,6.5,20.0,0.6,0.5,9.64,10.8,13.93,11.41,11.0,3.07,18.0,0.5,0.7,0.4,0.0,6.62,10.66,5.39,11.0,4.83,18.0,0.5,0.7,0.4,-9.1,0.0,12.78,0.81,11.0,9.82,18.0,0.5,0.7,0.4,990.88,1000.3,1021.61,1005.97,11.0,15.1,18.0,0.5,0.7,0.4,6.3,8.0,8.0,7.0,9.0,2.0,18.0,0.4,0.7,0.4,0.0,68.2,133.7,66.0,11.0,67.7,18.0,0.5,0.7,0.4,-90.0,0.0,164.9,15.1,11.0,126.8,18.0,0.5,0.7,0.4,-1.44,1.0,5.01,0.84,8.0,3.53,20.0,0.6,0.7,0.5,-15.8,9.5,51.6,6.6,8.0,45.9,20.0,0.6,0.7,0.5,0.24,1.53,2.34,1.33,8.0,1.15,20.0,0.6,0.7,0.5,2.7,15.3,28.6,14.0,8.0,12.9,20.0,0.6,0.7,0.5,0.0,22.9,75.2,34.6,11.0,41.7,18.0,0.5,0.7,0.4,-58.6,0.0,118.0,20.2,11.0,80.7,18.0,0.5,0.7,0.4,0.0,25.8,48.1,26.1,9.0,26.9,20.0,0.6,0.7,0.5,-49.3,-24.3,64.1,-0.9,9.0,53.0,20.0,0.6,0.7,0.5,0.0,3.0,19.1,8.2,8.0,11.5,20.0,0.6,0.7,0.5,-17.2,-6.2,3.7,-7.0,8.0,11.2,20.0,0.6,0.7,0.5,913.5,1259.5,2768.5,1767.5,11.0,1207.5,18.0,0.5,0.7,0.4,915.0,1260.0,2770.0,1765.0,11.0,1210.0,18.0,0.5,0.7,0.4
1974,2,221.0,47.0,6.82,7.2,9.21,8.0,5.0,1.92,14.0,0.4,0.3,0.4,5.17,7.0,8.6,6.82,6.0,2.0,14.0,0.5,0.3,0.4,3.68,5.59,6.38,5.27,6.0,1.36,14.0,0.5,0.3,0.4,72.2,86.8,92.3,83.9,6.0,12.3,14.0,0.5,0.4,2.5,7.7,13.5,7.9,6.0,5.32,14.0,0.5,0.3,0.4,2.22,4.69,8.46,5.28,6.0,3.46,14.0,0.5,0.3,0.4,-7.1,-1.25,3.98,-0.62,6.0,7.57,14.0,0.5,0.3,0.4,998.27,1009.0,1015.54,1007.08,6.0,10.1,14.0,0.5,0.3,0.4,5.0,6.5,7.5,6.3,4.0,1.7,12.0,0.8,0.3,0.4,5.6,42.9,95.1,54.1,6.0,55.5,14.0,0.5,0.3,0.4,-79.8,-2.8,41.9,-3.4,6.0,98.6,14.0,0.5,0.3,0.4,-0.23,2.5,3.3,1.62,5.0,2.09,14.0,0.4,0.3,0.4,-6.5,16.8,34.3,13.4,5.0,23.2,14.0,0.4,0.3,0.4,0.61,1.69,2.74,1.65,5.0,1.22,14.0,0.4,0.3,0.4,1.6,8.6,32.2,15.9,5.0,17.9,14.0,0.4,0.3,0.4,14.1,34.6,43.0,32.2,6.0,17.3,14.0,0.5,0.3,0.4,-30.6,-9.9,33.2,4.4,6.0,54.5,14.0,0.5,0.3,0.4,11.4,28.9,33.9,25.0,6.0,12.1,14.0,0.5,0.3,0.4,-26.1,-7.2,25.7,3.2,6.0,40.3,14.0,0.5,0.3,0.4,1.5,8.1,24.7,12.6,5.0,13.5,14.0,0.4,0.3,0.4,-20.7,-0.9,1.1,-8.4,5.0,13.0,14.0,0.4,0.3,0.4,16.0,612.5,2464.0,1057.5,6.0,1225.5,14.0,0.5,0.3,0.4,15.0,615.0,2465.0,1055.0,6.0,1225.0,14.0,0.5,0.3,0.4
1974,2,221.0,48.0,4.79,6.05,7.25,6.15,6.0,1.73,18.0,0.2,0.5,0.7,4.38,6.0,6.81,5.82,6.0,1.46,18.0,0.2,0.5,0.7,4.35,4.94,5.32,4.85,6.0,0.63,18.0,0.2,0.5,0.7,83.0,85.8,86.1,84.1,6.0,4.5,18.0,0.2,0.7,4.5,7.95,14.61,9.07,6.0,4.81,18.0,0.2,0.5,0.7,-2.2,5.07,8.7,3.9,6.0,7.51,18.0,0.2,0.5,0.7,0.84,4.9,6.76,4.6,6.0,4.65,18.0,0.2,0.5,0.7,995.7,1001.5,1030.48,1008.6,6.0,18.11,18.0,0.2,0.5,0.7,3.4,5.0,8.0,5.2,6.0,2.7,18.0,0.2,0.5,0.7,-15.0,33.7,128.3,55.3,6.0,98.4,18.0,0.2,0.5,0.7,2.4,32.0,101.4,53.4,6.0,69.5,18.0,0.2,0.5,0.7,-0.12,0.65,1.14,0.33,6.0,1.46,18.0,0.2,0.5,0.7,-5.8,5.3,12.5,0.3,6.0,18.4,18.0,0.2,0.5,0.7,0.76,1.09,1.43,1.05,6.0,0.66,18.0,0.2,0.5,0.7,3.0,7.6,15.5,8.4,6.0,7.3,18.0,0.2,0.5,0.7,-9.0,35.0,57.8,29.0,6.0,41.6,18.0,0.2,0.5,0.7,5.6,26.0,50.2,29.7,6.0,30.2,18.0,0.2,0.5,0.7,-8.9,27.3,44.8,22.0,6.0,35.4,18.0,0.2,0.5,0.7,4.4,23.4,37.2,23.9,6.0,24.0,18.0,0.2,0.5,0.7,-3.6,1.6,10.0,2.1,6.0,10.5,18.0,0.2,0.5,0.7,-1.6,2.9,6.3,2.5,6.0,3.9,18.0,0.2,0.5,0.7,91.5,504.0,3123.5,1302.0,6.0,1588.0,18.0,0.2,0.5,0.7,90.0,505.0,3125.0,1300.0,6.0,1590.0,18.0,0.2,0.5,0.7
1974,2,221.0,49.0,5.63,6.15,7.37,6.41,10.0,0.81,16.0,0.7,0.5,0.5,3.0,5.5,6.82,5.22,11.0,1.81,18.0,0.6,0.5,0.5,3.95,5.02,5.09,4.55,10.0,0.86,16.0,0.7,0.5,0.5,78.2,80.1,85.5,79.5,10.0,9.8,16.0,0.7,0.5,6.49,9.8,12.25,9.31,11.0,3.29,18.0,0.6,0.5,0.5,4.01,6.28,9.3,6.05,11.0,3.83,18.0,0.6,0.5,0.5,-0.19,5.27,7.52,3.1,11.0,6.38,18.0,0.6,0.5,0.5,996.73,1002.0,1006.28,1002.85,11.0,10.47,18.0,0.6,0.5,0.5,4.2,7.0,8.0,6.1,11.0,2.6,18.0,0.6,0.5,0.5,37.2,51.5,107.2,64.1,11.0,45.3,18.0,0.6,0.5,0.5,-0.5,56.9,77.1,28.0,11.0,77.9,18.0,0.6,0.5,0.5,-0.5,0.55,2.5,0.87,10.0,1.73,16.0,0.7,0.5,0.5,-4.7,4.6,22.5,9.8,10.0,20.6,16.0,0.7,0.5,0.5,0.66,1.29,2.11,1.47,10.0,0.99,16.0,0.7,0.5,0.5,4.9,10.1,21.0,14.6,10.0,14.8,16.0,0.7,0.5,0.5,11.3,36.4,49.8,32.4,11.0,23.0,18.0,0.6,0.5,0.5,-0.9,19.4,43.2,18.1,11.0,27.3,18.0,0.6,0.5,0.5,16.4,31.6,44.7,29.1,10.0,18.5,16.0,0.7,0.5,0.5,-1.1,19.8,37.6,14.9,10.0,23.5,16.0,0.7,0.5,0.5,3.4,6.9,16.0,8.4,10.0,8.3,16.0,0.7,0.5,0.5,-0.6,5.1,8.4,-0.6,10.0,17.6,16.0,0.7,0.5,0.5,275.0,941.0,1851.0,1065.5,11.0,841.5,18.0,0.6,0.5,0.5,275.0,940.0,1850.0,1065.0,11.0,840.0,18.0,0.6,0.5,0.5
1974,2,221.0,50.0,4.41,5.5,6.19,5.32,14.0,1.1,16.0,0.6,0.7,0.5,3.45,5.25,6.69,5.04,14.0,1.72,16.0,0.6,0.7,0.5,3.94,4.88,5.74,4.73,12.0,1.06,16.0,0.6,0.6,0.4,75.0,92.2,95.6,85.2,12.0,14.4,16.0,0.6,0.4,7.8,12.6,15.37,12.16,14.0,4.38,16.0,0.6,0.7,0.5,-2.1,5.23,12.29,5.01,14.0,7.52,16.0,0.6,0.7,0.5,2.66,8.25,12.89,8.11,14.0,4.88,16.0,0.6,0.7,0.5,985.5,1003.5,1017.25,1003.41,14.0,14.47,16.0,0.6,0.7,0.5,8.0,8.0,8.0,7.2,14.0,2.0,16.0,0.6,0.7,0.5,-12.1,44.5,177.8,73.4,14.0,126.5,16.0,0.6,0.7,0.5,19.3,115.7,190.5,109.3,14.0,79.4,16.0,0.6,0.7,0.5,-1.56,0.25,1.97,0.29,14.0,1.7,16.0,0.6,0.7,0.5,-15.7,2.8,26.3,5.9,14.0,20.6,16.0,0.6,0.7,0.5,-0.15,0.64,1.92,0.87,12.0,1.0,16.0,0.6,0.6,0.4,-2.0,8.4,30.8,13.0,12.0,14.7,16.0,0.6,0.6,0.4,-9.4,15.3,48.7,19.5,14.0,37.3,16.0,0.6,0.7,0.5,11.1,43.0,69.9,43.1,14.0,31.0,16.0,0.6,0.7,0.5,-2.5,24.7,55.0,23.5,12.0,35.2,16.0,0.6,0.6,0.4,24.1,49.4,63.3,44.5,12.0,25.5,16.0,0.6,0.6,0.4,-3.4,0.0,22.4,6.7,12.0,14.2,16.0,0.6,0.6,0.4,-1.2,5.7,14.1,7.6,12.0,9.4,16.0,0.6,0.6,0.4,478.5,2004.0,3630.5,2437.5,14.0,2249.5,16.0,0.6,0.7,0.5,480.0,2005.0,3630.0,2440.0,14.0,2250.0,16.0,0.6,0.7,0.5
1974,2,221.0,51.0,4.16,4.5,7.0,5.38,13.0,1.5,12.0,0.5,0.5,0.4,4.53,5.5,7.0,5.57,14.0,1.85,10.0,0.4,0.5,0.4,3.96,5.11,5.74,4.87,12.0,0.92,10.0,0.5,0.5,0.4,75.7,85.8,92.9,84.1,12.0,9.5,10.0,0.5,0.4,6.76,11.85,15.37,10.95,14.0,4.93,10.0,0.4,0.5,0.4,-2.84,2.74,9.74,3.28,14.0,6.36,10.0,0.4,0.5,0.4,-6.67,2.82,15.32,4.34,14.0,9.01,10.0,0.4,0.5,0.4,990.73,1006.5,1021.36,1004.02,14.0,14.93,10.0,0.4,0.5,0.4,6.1,8.0,8.0,7.1,14.0,1.7,10.0,0.4,0.5,0.4,-37.7,7.8,124.2,33.2,14.0,89.5,10.0,0.4,0.5,0.4,-58.0,19.6,235.1,70.8,14.0,133.4,10.0,0.4,0.5,0.4,-1.78,0.0,2.0,-0.05,13.0,1.96,12.0,0.5,0.5,0.4,-17.7,0.0,26.5,1.0,13.0,24.2,12.0,0.5,0.5,0.4,0.1,0.83,1.45,0.82,11.0,0.69,10.0,0.5,0.5,0.4,-0.3,9.4,16.8,9.3,11.0,9.8,10.0,0.5,0.5,0.4,-16.1,12.1,44.3,15.0,14.0,33.4,10.0,0.4,0.5,0.4,-14.9,15.5,100.7,31.5,14.0,52.3,10.0,0.4,0.5,0.4,-15.1,18.0,39.1,16.4,12.0,30.6,10.0,0.5,0.5,0.4,-15.0,27.7,85.9,32.5,12.0,46.0,10.0,0.5,0.5,0.4,0.0,3.4,13.7,6.2,11.0,8.4,10.0,0.5,0.5,0.4,-6.1,-0.1,9.7,0.6,11.0,8.7,10.0,0.5,0.5,0.4,310.5,1703.0,3630.5,2020.0,14.0,1852.5,10.0,0.4,0.5,0.4,310.0,1705.0,3630.0,2020.0,14.0,1850.0,10.0,0.4,0.5,0.4
1974,2,221.0,52.0,4.58,5.5,6.73,5.55,13.0,1.17,14.0,0.2,0.5,0.4,2.92,5.0,7.01,4.89,13.0,2.25,12.0,0.2,0.5,0.4,3.32,5.05,5.41,4.53,11.0,1.21,12.0,0.3,0.4,0.3,72.5,87.7,95.7,84.4,11.0,12.9,12.0,0.3,0.3,7.04,11.8,13.96,10.61,14.0,4.25,14.0,0.2,0.5,0.3,1.97,4.6,11.11,5.54,14.0,4.19,14.0,0.2,0.5,0.3,-5.54,8.29,11.62,5.21,14.0,7.71,14.0,0.2,0.5,0.3,989.56,1003.75,1019.41,1002.89,14.0,15.26,14.0,0.2,0.5,0.3,4.7,7.0,8.0,6.3,12.0,2.0,14.0,0.3,0.6,0.3,9.9,47.5,143.7,69.0,14.0,64.3,14.0,0.2,0.5,0.3,-42.6,100.4,151.8,65.6,14.0,98.2,14.0,0.2,0.5,0.3,-1.78,-0.05,3.43,0.83,12.0,2.94,14.0,0.3,0.5,0.4,-22.3,-0.1,41.6,9.6,12.0,36.8,14.0,0.3,0.5,0.4,-0.16,1.43,2.55,1.13,11.0,1.42,12.0,0.3,0.4,0.3,-2.0,10.7,29.6,12.0,11.0,17.5,12.0,0.3,0.4,0.3,5.1,19.3,42.9,23.4,13.0,17.2,12.0,0.2,0.5,0.4,-6.1,39.6,80.4,32.7,13.0,40.5,12.0,0.2,0.5,0.4,12.1,25.7,43.2,28.2,11.0,17.9,12.0,0.3,0.4,0.3,-19.1,48.4,68.0,30.1,11.0,39.8,12.0,0.3,0.4,0.3,-0.5,7.1,22.7,10.4,11.0,12.9,12.0,0.3,0.4,0.3,-16.3,-1.7,9.9,-3.4,11.0,12.9,12.0,0.3,0.4,0.3,350.0,1643.0,2722.5,1659.0,14.0,1166.5,14.0,0.2,0.5,0.3,350.0,1645.0,2725.0,1660.0,14.0,1165.0,14.0,0.2,0.5,0.3
1974,2,221.0,53.0,4.42,5.0,5.52,4.95,6.0,0.58,14.0,0.2,0.6,0.5,1.31,3.75,5.33,3.43,6.0,2.53,14.0,0.2,0.6,0.5,3.49,3.78,4.77,4.07,5.0,0.71,14.0,0.2,0.6,0.4,74.5,78.3,83.8,79.1,5.0,7.7,14.0,0.2,0.4,5.97,7.7,12.1,9.33,6.0,5.05,14.0,0.2,0.6,0.5,-5.02,4.33,7.58,1.91,6.0,7.11,14.0,0.2,0.6,0.5,-3.15,3.63,8.69,3.77,6.0,7.62,14.0,0.2,0.6,0.5,993.77,997.5,1026.66,1006.03,6.0,16.74,14.0,0.2,0.6,0.5,6.0,7.5,8.0,7.2,6.0,1.0,14.0,0.2,0.6,0.5,-60.8,24.7,63.2,-2.2,6.0,96.2,14.0,0.2,0.6,0.5,-27.0,20.7,105.3,55.3,6.0,131.2,14.0,0.2,0.6,0.5,-0.23,1.55,3.11,1.52,6.0,2.02,14.0,0.2,0.6,0.5,-2.3,8.2,34.0,18.1,6.0,33.1,14.0,0.2,0.6,0.5,0.73,1.78,1.92,1.4,5.0,0.67,14.0,0.2,0.6,0.4,7.0,9.8,12.6,9.6,5.0,3.7,14.0,0.2,0.6,0.4,-2.5,11.0,31.0,14.6,6.0,26.0,14.0,0.2,0.6,0.5,-10.6,2.5,22.7,3.3,6.0,23.2,14.0,0.2,0.6,0.5,1.8,18.0,30.6,15.7,5.0,22.2,14.0,0.2,0.6,0.4,-14.4,11.7,21.7,5.4,5.0,22.2,14.0,0.2,0.6,0.4,4.0,7.6,10.5,7.0,5.0,5.5,14.0,0.2,0.6,0.4,-4.5,3.4,6.8,1.7,5.0,5.9,14.0,0.2,0.6,0.4,216.5,456.5,2283.5,1539.5,6.0,2627.5,14.0,0.2,0.6,0.5,215.0,455.0,2285.0,1540.0,6.0,2625.0,14.0,0.2,0.6,0.5
1974,2,221.0,54.0,3.19,5.3,6.31,4.78,4.0,2.04,14.0,0.3,0.3,0.4,3.21,4.0,4.26,3.75,4.0,0.87,14.0,0.3,0.3,0.4,4.24,4.36,4.36,4.31,4.0,0.11,14.0,0.3,0.3,0.4,84.4,85.0,87.5,85.9,4.0,2.7,14.0,0.3,0.4,11.54,12.9,13.42,12.5,4.0,1.54,14.0,0.3,0.3,0.4,4.61,9.78,11.99,8.37,4.0,5.91,14.0,0.3,0.3,0.4,1.68,5.91,10.71,6.18,4.0,5.62,14.0,0.3,0.3,0.4,992.42,993.25,1004.19,998.08,4.0,10.57,14.0,0.3,0.3,0.4,7.2,7.5,7.8,7.5,2.0,0.7,12.0,0.5,0.2,0.5,47.5,113.6,161.9,105.1,4.0,80.3,14.0,0.3,0.3,0.4,17.3,71.6,138.1,77.4,4.0,74.1,14.0,0.3,0.3,0.4,-0.02,1.05,2.07,1.03,4.0,1.3,14.0,0.3,0.3,0.4,-0.6,13.5,23.3,11.5,4.0,14.7,14.0,0.3,0.3,0.4,0.62,1.21,1.61,1.12,4.0,0.63,14.0,0.3,0.3,0.4,8.1,15.2,18.5,13.4,4.0,6.7,14.0,0.3,0.3,0.4,16.5,36.7,41.7,29.5,4.0,20.1,14.0,0.3,0.3,0.4,6.7,25.7,44.8,25.8,4.0,23.1,14.0,0.3,0.3,0.4,20.1,42.6,50.7,35.7,4.0,24.8,14.0,0.3,0.3,0.4,7.3,25.8,46.7,26.9,4.0,24.5,14.0,0.3,0.3,0.4,2.0,9.4,15.8,8.9,4.0,8.1,14.0,0.3,0.3,0.4,2.9,9.1,12.2,7.7,4.0,5.9,14.0,0.3,0.3,0.4,1594.5,2146.5,2429.0,2018.0,4.0,667.0,14.0,0.3,0.3,0.4,1595.0,2145.0,2430.0,2020.0,4.0,665.0,14.0,0.3,0.3,0.4
1974,2,221.0,55.0,4.3,4.95,6.05,5.27,6.0,1.41,20.0,0.2,0.5,0.1,1.3,2.8,3.84,2.56,5.0,1.41,18.0,0.2,0.5,0.2,3.47,3.88,4.68,4.04,5.0,0.75,18.0,0.2,0.5,0.2,79.0,89.7,94.0,87.1,5.0,10.4,18.0,0.2,0.2,5.77,9.0,12.15,9.17,6.0,4.03,20.0,0.2,0.5,0.1,-7.79,4.23,9.0,1.71,6.0,8.42,20.0,0.2,0.5,0.1,-1.5,2.38,4.93,2.07,6.0,6.12,20.0,0.2,0.5,0.1,990.3,997.65,1008.2,998.95,6.0,17.73,20.0,0.2,0.5,0.1,4.4,7.5,8.0,6.3,4.0,2.9,18.0,0.3,0.6,0.1,-75.7,23.5,99.5,7.1,6.0,98.3,20.0,0.2,0.5,0.1,-16.9,13.0,53.6,24.3,6.0,86.0,20.0,0.2,0.5,0.1,2.02,2.8,3.84,2.88,5.0,0.97,18.0,0.2,0.5,0.2,14.3,26.2,41.2,27.1,5.0,14.5,18.0,0.2,0.5,0.2,1.32,1.82,1.96,1.62,5.0,0.56,18.0,0.2,0.5,0.2,9.2,11.3,19.7,13.8,5.0,5.7,18.0,0.2,0.5,0.2,-10.9,5.2,25.0,5.7,5.0,28.2,18.0,0.2,0.5,0.2,-1.6,5.3,20.1,10.3,5.0,19.7,18.0,0.2,0.5,0.2,-13.1,22.6,37.0,11.7,5.0,37.1,18.0,0.2,0.5,0.2,-9.8,8.2,28.0,10.2,5.0,31.3,18.0,0.2,0.5,0.2,0.9,10.6,16.9,8.9,5.0,10.2,18.0,0.2,0.5,0.2,-4.5,3.9,6.6,1.0,5.0,8.0,18.0,0.2,0.5,0.2,203.5,774.5,1899.0,1158.5,6.0,1329.0,20.0,0.2,0.5,0.1,205.0,775.0,1900.0,1160.0,6.0,1330.0,20.0,0.2,0.5,0.1
1974,2,221.0,56.0,4.5,4.7,4.9,4.7,2.0,0.42,22.0,1.0,0.5,0.1,4.07,4.45,4.83,4.45,2.0,0.78,22.0,1.0,0.5,0.1,4.65,4.65,4.65,4.65,1.0,0.0,18.0,1.0,0.5,0.0,90.6,90.6,90.6,90.6,1.0,0.0,18.0,1.0,0.0,7.66,10.8,13.94,10.8,2.0,6.51,22.0,1.0,0.5,0.1,-1.24,4.68,10.59,4.68,2.0,12.25,22.0,1.0,0.5,0.1,5.22,6.22,7.23,6.22,2.0,2.09,22.0,1.0,0.5,0.1,987.82,994.3,1000.78,994.3,2.0,13.44,22.0,1.0,0.5,0.1,6.3,7.0,7.7,7.0,2.0,1.4,22.0,1.0,0.5,0.1,11.8,90.3,168.9,90.3,2.0,162.7,22.0,1.0,0.5,0.1,43.6,74.0,104.4,74.0,2.0,63.0,22.0,1.0,0.5,0.1,0.08,0.25,0.42,0.25,2.0,0.35,22.0,1.0,0.5,0.1,1.2,3.9,6.5,3.9,2.0,5.4,22.0,1.0,0.5,0.1,0.67,0.67,0.67,0.67,1.0,0.0,18.0,1.0,0.5,0.0,10.3,10.3,10.3,10.3,1.0,0.0,18.0,1.0,0.5,0.0,-8.5,16.0,40.6,16.0,2.0,50.9,22.0,1.0,0.5,0.1,24.7,26.9,29.0,26.9,2.0,4.4,22.0,1.0,0.5,0.1,62.1,62.1,62.1,62.1,1.0,0.0,18.0,1.0,0.5,0.0,35.8,35.8,35.8,35.8,1.0,0.0,18.0,1.0,0.5,0.0,8.9,8.9,8.9,8.9,1.0,0.0,18.0,1.0,0.5,0.0,5.2,5.2,5.2,5.2,1.0,0.0,18.0,1.0,0.5,0.0,780.0,1945.5,3110.5,1945.5,2.0,2414.0,22.0,1.0,0.5,0.1,780.0,1945.0,3110.0,1945.0,2.0,2415.0,22.0,1.0,0.5,0.1
1974,2,221.0,58.0,3.7,3.7,3.7,3.7,1.0,0.0,18.0,1.0,1.0,0.0,5.0,5.0,5.0,5.0,1.0,0.0,18.0,1.0,1.0,0.0,4.78,4.78,4.78,4.78,1.0,0.0,18.0,1.0,1.0,0.0,86.9,86.9,86.9,86.9,1.0,0.0,18.0,1.0,0.0,0.0,0.0,0.0,0.0,1.0,0.0,18.0,1.0,1.0,0.0,0.0,0.0,0.0,0.0,1.0,0.0,18.0,1.0,1.0,0.0,0.0,0.0,0.0,0.0,1.0,0.0,18.0,1.0,1.0,0.0,994.2,994.2,994.2,994.2,1.0,0.0,18.0,1.0,1.0,0.0,8.0,8.0,8.0,8.0,1.0,0.0,18.0,1.0,1.0,0.0,0.0,0.0,0.0,0.0,1.0,0.0,18.0,1.0,1.0,0.0,0.0,0.0,0.0,0.0,1.0,0.0,18.0,1.0,1.0,0.0,-1.3,-1.3,-1.3,-1.3,1.0,0.0,18.0,1.0,1.0,0.0,0.0,0.0,0.0,0.0,1.0,0.0,18.0,1.0,1.0,0.0,0.24,0.24,0.24,0.24,1.0,0.0,18.0,1.0,1.0,0.0,0.0,0.0,0.0,0.0,1.0,0.0,18.0,1.0,1.0,0.0,0.0,0.0,0.0,0.0,1.0,0.0,18.0,1.0,1.0,0.0,0.0,0.0,0.0,0.0,1.0,0.0,18.0,1.0,1.0,0.0,0.0,0.0,0.0,0.0,1.0,0.0,18.0,1.0,1.0,0.0,0.0,0.0,0.0,0.0,1.0,0.0,18.0,1.0,1.0,0.0,0.0,0.0,0.0,0.0,1.0,0.0,18.0,1.0,1.0,0.0,0.0,0.0,0.0,0.0,1.0,0.0,18.0,1.0,1.0,0.0,0.0,0.0,0.0,0.0,1.0,0.0,18.0,1.0,1.0,0.0,0.0,0.0,0.0,0.0,1.0,0.0,18.0,1.0,1.0,0.0
1974,2,222.0,-64.0,0.0,0.0,0.0,0.0,1.0,0.0,22.0,1.0,0.5,0.2,0.0,0.0,0.0,0.0,1.0,0.0,22.0,1.0,0.5,0.2,3.89,3.89,3.89,3.89,1.0,0.0,22.0,1.0,0.5,0.2,100.0,100.0,100.0,100.0,1.0,0.0,22.0,1.0,0.2,7.7,7.7,7.7,7.7,1.0,0.0,22.0,1.0,0.5,0.2,5.9,5.9,5.9,5.9,1.0,0.0,22.0,1.0,0.5,0.2,4.95,4.95,4.95,4.95,1.0,0.0,22.0,1.0,0.5,0.2,983.1,983.1,983.1,983.1,1.0,0.0,22.0,1.0,0.5,0.2,6.0,6.0,6.0,6.0,1.0,0.0,22.0,1.0,0.5,0.2,45.4,45.4,45.4,45.4,1.0,0.0,22.0,1.0,0.5,0.2,38.1,38.1,38.1,38.1,1.0,0.0,22.0,1.0,0.5,0.2,0.0,0.0,0.0,0.0,1.0,0.0,22.0,1.0,0.5,0.2,0.0,0.0,0.0,0.0,1.0,0.0,22.0,1.0,0.5,0.2,0.0,0.0,0.0,0.0,1.0,0.0,22.0,1.0,0.5,0.2,0.0,0.0,0.0,0.0,1.0,0.0,22.0,1.0,0.5,0.2,0.0,0.0,0.0,0.0,1.0,0.0,22.0,1.0,0.5,0.2,0.0,0.0,0.0,0.0,1.0,0.0,22.0,1.0,0.5,0.2,23.0,23.0,23.0,23.0,1.0,0.0,22.0,1.0,0.5,0.2,19.3,19.3,19.3,19.3,1.0,0.0,22.0,1.0,0.5,0.2,0.0,0.0,0.0,0.0,1.0,0.0,22.0,1.0,0.5,0.2,0.0,0.0,0.0,0.0,1.0,0.0,22.0,1.0,0.5,0.2,456.5,456.5,456.5,456.5,1.0,0.0,22.0,1.0,0.5,0.2,455.0,455.0,455.0,455.0,1.0,0.0,22.0,1.0,0.5,0.2
1974,2,222.0,-41.0,,,,,,,,,,,,,,,,,,,,,,,,,,,,,,,,,,,,,,,,15.0,15.0,15.0,15.0,1.0,0.0,8.0,0.0,0.1,0.8,9.64,9.64,9.64,9.64,1.0,0.0,8.0,0.0,0.1,0.8,11.49,11.49,11.49,11.49,1.0,0.0,8.0,0.0,0.1,0.8,1019.9,1019.9,1019.9,1019.9,1.0,0.0,8.0,0.0,0.1,0.8,,,,,,,,,,,,,,,,,,,,,,,,,,,,,,,,,,,,,,,,,,,,,,,,,,,,,,,,,,,,,,,,,,,,,,,,,,,,,,,,,,,,,,,,,,,,,,,,,,,,,,,,,,,,,,,,,,,,,,,,,,,,,,,,,,,,,,,,,,,,,,,,,,,,,,
1974,2,222.0,-40.0,18.2,18.2,18.2,18.2,1.0,0.0,22.0,0.0,0.8,0.9,17.2,17.2,17.2,17.2,1.0,0.0,22.0,0.0,0.8,0.9,11.53,11.53,11.53,11.53,1.0,0.0,22.0,0.0,0.8,0.9,95.0,95.0,95.0,95.0,1.0,0.0,22.0,0.0,0.9,10.3,10.3,10.3,10.3,1.0,0.0,22.0,0.0,0.8,0.9,-7.89,-7.89,-7.89,-7.89,1.0,0.0,22.0,0.0,0.8,0.9,6.62,6.62,6.62,6.62,1.0,0.0,22.0,0.0,0.8,0.9,1016.8,1016.8,1016.8,1016.8,1.0,0.0,22.0,0.0,0.8,0.9,8.0,8.0,8.0,8.0,1.0,0.0,22.0,0.0,0.8,0.9,-81.3,-81.3,-81.3,-81.3,1.0,0.0,22.0,0.0,0.8,0.9,68.2,68.2,68.2,68.2,1.0,0.0,22.0,0.0,0.8,0.9,1.0,1.0,1.0,1.0,1.0,0.0,22.0,0.0,0.8,0.9,10.3,10.3,10.3,10.3,1.0,0.0,22.0,0.0,0.8,0.9,1.4,1.4,1.4,1.4,1.0,0.0,22.0,0.0,0.8,0.9,14.4,14.4,14.4,14.4,1.0,0.0,22.0,0.0,0.8,0.9,-135.7,-135.7,-135.7,-135.7,1.0,0.0,22.0,0.0,0.8,0.9,113.9,113.9,113.9,113.9,1.0,0.0,22.0,0.0,0.8,0.9,-91.0,-91.0,-91.0,-91.0,1.0,0.0,22.0,0.0,0.8,0.9,76.4,76.4,76.4,76.4,1.0,0.0,22.0,0.0,0.8,0.9,-11.1,-11.1,-11.1,-11.1,1.0,0.0,22.0,0.0,0.8,0.9,9.3,9.3,9.3,9.3,1.0,0.0,22.0,0.0,0.8,0.9,1092.5,1092.5,1092.5,1092.5,1.0,0.0,22.0,0.0,0.8,0.9,1095.0,1095.0,1095.0,1095.0,1.0,0.0,22.0,0.0,0.8,0.9
1974,2,222.0,-39.0,20.0,20.0,20.0,20.0,1.0,0.0,20.0,1.0,0.7,0.4,16.5,16.5,16.5,16.5,1.0,0.0,20.0,1.0,0.7,0.4,10.96,10.96,10.96,10.96,1.0,0.0,20.0,1.0,0.7,0.4,95.0,95.0,95.0,95.0,1.0,0.0,20.0,1.0,0.4,,,,,,,,,,,,,,,,,,,,,,,,,,,,,,,,,,,,,,,,,,,,,,,,,,,,,,,,,,,,,,,,,,,,,,,,,,,,,,,,,,,,,,,,,,,,,,,,,,,,,,,,,,,,,,,,,,,,,,,,,,,,,,,,,,,,,,,,,,,,,,,,,,,,,,,,,,,,,,,,,,,,,,,,,,,,,,,,,,,,,,,,,,,,,,
1974,2,222.0,-37.0,,,,,,,,,,,,,,,,,,,,,,,,,,,,,,,,,,,,,,,,10.3,10.3,10.3,10.3,1.0,0.0,2.0,0.0,0.6,0.8,-1.79,-1.79,-1.79,-1.79,1.0,0.0,2.0,0.0,0.6,0.8,-10.14,-10.14,-10.14,-10.14,1.0,0.0,2.0,0.0,0.6,0.8,1018.9,1018.9,1018.9,1018.9,1.0,0.0,2.0,0.0,0.6,0.8,7.0,7.0,7.0,7.0,1.0,0.0,2.0,0.0,0.6,0.8,-18.4,-18.4,-18.4,-18.4,1.0,0.0,2.0,0.0,0.6,0.8,-104.5,-104.5,-104.5,-104.5,1.0,0.0,2.0,0.0,0.6,0.8,,,,,,,,,,,,,,,,,,,,,,,,,,,,,,,,,,,,,,,,,-37.4,-37.4,-37.4,-37.4,1.0,0.0,2.0,0.0,0.6,0.8,-212.0,-212.0,-212.0,-212.0,1.0,0.0,2.0,0.0,0.6,0.8,-27.0,-27.0,-27.0,-27.0,1.0,0.0,2.0,0.0,0.6,0.8,-153.2,-153.2,-153.2,-153.2,1.0,0.0,2.0,0.0,0.6,0.8,,,,,,,,,,,,,,,,,,,,,,,,,,,,,,,,,,,,,,,,
1974,2,222.0,-29.0,26.4,26.4,26.4,26.4,1.0,0.0,14.0,1.0,1.0,0.7,26.4,26.4,26.4,26.4,1.0,0.0,14.0,1.0,1.0,0.7,14.52,14.52,14.52,14.52,1.0,0.0,14.0,1.0,1.0,0.7,68.3,68.3,68.3,68.3,1.0,0.0,14.0,1.0,0.7,,,,,,,,,,,,,,,,,,,,,,,,,,,,,,,,,,,,,,,,,,,,,,,,,,,,,,,,,,,,,,,,,,,,,,,,,,,,,,,,,,,,,,,,,,,,,,,,,,,,,,,,,,,,,,,,,,,,,,,,,,,,,,,,,,,,,,,,,,,,,,,,,,,,,,,,,,,,,,,,,,,,,,,,,,,,,,,,,,,,,,,,,,,,,,
1974,2,222.0,-28.0,26.17,26.55,26.93,26.55,2.0,0.78,10.0,1.0,0.8,0.2,25.91,26.8,26.87,26.4,3.0,0.78,8.0,1.0,0.7,0.4,14.68,15.41,16.23,15.45,3.0,1.14,8.0,1.0,0.7,0.4,67.1,70.5,78.3,72.7,3.0,8.4,8.0,1.0,0.4,2.1,2.1,2.44,2.27,3.0,0.29,8.0,1.0,0.7,0.4,-1.77,-1.67,-1.45,-1.61,3.0,0.24,8.0,1.0,0.7,0.4,-1.87,-1.61,0.21,-0.85,3.0,1.66,8.0,1.0,0.7,0.4,1017.05,1017.6,1019.92,1018.47,3.0,2.23,8.0,1.0,0.7,0.4,5.0,5.0,6.4,5.7,3.0,1.2,8.0,1.0,0.7,0.4,-4.2,-3.8,-3.1,-3.7,3.0,0.8,8.0,1.0,0.7,0.4,-4.6,-3.4,0.4,-2.1,3.0,3.8,8.0,1.0,0.7,0.4,0.25,0.35,0.45,0.35,2.0,0.21,10.0,1.0,0.8,0.2,0.6,0.9,1.2,0.9,2.0,0.6,10.0,1.0,0.8,0.2,4.89,6.12,7.34,6.12,2.0,2.54,10.0,1.0,0.8,0.2,12.1,13.9,15.8,13.9,2.0,3.8,10.0,1.0,0.8,0.2,-46.8,-42.6,-38.3,-42.6,3.0,6.2,8.0,1.0,0.7,0.4,-48.4,-43.3,5.5,-22.0,3.0,43.6,8.0,1.0,0.7,0.4,-27.9,-27.8,-22.0,-25.0,3.0,4.9,8.0,1.0,0.7,0.4,-29.9,-23.1,3.7,-13.3,3.0,26.0,8.0,1.0,0.7,0.4,-10.1,-8.9,-7.8,-8.9,2.0,2.5,10.0,1.0,0.8,0.2,-12.1,-10.7,-9.3,-10.7,2.0,2.9,10.0,1.0,0.8,0.2,9.5,9.5,15.0,12.0,3.0,5.0,8.0,1.0,0.7,0.4,10.0,10.0,15.0,10.0,3.0,5.0,8.0,1.0,0.7,0.4
1974,2,222.0,-26.0,,,,,,,,,,,,,,,,,,,,,,,,,,,,,,,,,,,,,,,,0.0,0.0,0.0,0.0,1.0,0.0,14.0,1.0,0.2,0.3,0.0,0.0,0.0,0.0,1.0,0.0,14.0,1.0,0.2,0.3,0.0,0.0,0.0,0.0,1.0,0.0,14.0,1.0,0.2,0.3,1015.5,1015.5,1015.5,1015.5,1.0,0.0,14.0,1.0,0.2,0.3,,,,,,,,,,,,,,,,,,,,,,,,,,,,,,,,,,,,,,,,,,,,,,,,,,,,,,,,,,,,,,,,,,,,,,,,,,,,,,,,,,,,,,,,,,,,,,,,,,,,,,,,,,,,,,,,,,,,,,,,,,,,,,,,,,,,,,,,,,,,,,,,,,,,,,
1974,2,222.0,-23.0,26.1,26.1,26.1,26.1,1.0,0.0,20.0,0.0,0.4,0.8,25.0,25.0,25.0,25.0,1.0,0.0,20.0,0.0,0.4,0.8,15.39,15.39,15.39,15.39,1.0,0.0,20.0,0.0,0.4,0.8,78.5,78.5,78.5,78.5,1.0,0.0,20.0,0.0,0.8,5.1,5.1,5.1,5.1,1.0,0.0,20.0,0.0,0.4,0.8,-4.79,-4.79,-4.79,-4.79,1.0,0.0,20.0,0.0,0.4,0.8,1.74,1.74,1.74,1.74,1.0,0.0,20.0,0.0,0.4,0.8,1019.0,1019.0,1019.0,1019.0,1.0,0.0,20.0,0.0,0.4,0.8,6.0,6.0,6.0,6.0,1.0,0.0,20.0,0.0,0.4,0.8,-24.4,-24.4,-24.4,-24.4,1.0,0.0,20.0,0.0,0.4,0.8,8.9,8.9,8.9,8.9,1.0,0.0,20.0,0.0,0.4,0.8,1.1,1.1,1.1,1.1,1.0,0.0,20.0,0.0,0.4,0.8,5.6,5.6,5.6,5.6,1.0,0.0,20.0,0.0,0.4,0.8,5.62,5.62,5.62,5.62,1.0,0.0,20.0,0.0,0.4,0.8,28.6,28.6,28.6,28.6,1.0,0.0,20.0,0.0,0.4,0.8,-119.8,-119.8,-119.8,-119.8,1.0,0.0,20.0,0.0,0.4,0.8,43.6,43.6,43.6,43.6,1.0,0.0,20.0,0.0,0.4,0.8,-73.7,-73.7,-73.7,-73.7,1.0,0.0,20.0,0.0,0.4,0.8,26.8,26.8,26.8,26.8,1.0,0.0,20.0,0.0,0.4,0.8,-26.9,-26.9,-26.9,-26.9,1.0,0.0,20.0,0.0,0.4,0.8,9.8,9.8,9.8,9.8,1.0,0.0,20.0,0.0,0.4,0.8,132.5,132.5,132.5,132.5,1.0,0.0,20.0,0.0,0.4,0.8,135.0,135.0,135.0,135.0,1.0,0.0,20.0,0.0,0.4,0.8
1974,2,222.0,-19.0,26.0,26.0,26.0,26.0,1.0,0.0,26.0,1.0,0.5,0.2,30.4,30.4,30.4,30.4,1.0,0.0,26.0,1.0,0.5,0.2,20.98,20.98,20.98,20.98,1.0,0.0,26.0,1.0,0.5,0.2,77.4,77.4,77.4,77.4,1.0,0.0,26.0,1.0,0.2,6.2,6.2,6.2,6.2,1.0,0.0,26.0,1.0,0.5,0.2,-6.11,-6.11,-6.11,-6.11,1.0,0.0,26.0,1.0,0.5,0.2,-1.08,-1.08,-1.08,-1.08,1.0,0.0,26.0,1.0,0.5,0.2,1014.2,1014.2,1014.2,1014.2,1.0,0.0,26.0,1.0,0.5,0.2,5.0,5.0,5.0,5.0,1.0,0.0,26.0,1.0,0.5,0.2,-37.9,-37.9,-37.9,-37.9,1.0,0.0,26.0,1.0,0.5,0.2,-6.7,-6.7,-6.7,-6.7,1.0,0.0,26.0,1.0,0.5,0.2,-4.4,-4.4,-4.4,-4.4,1.0,0.0,26.0,1.0,0.5,0.2,-27.3,-27.3,-27.3,-27.3,1.0,0.0,26.0,1.0,0.5,0.2,0.0,0.0,0.0,0.0,1.0,0.0,26.0,1.0,0.5,0.2,0.0,0.0,0.0,0.0,1.0,0.0,26.0,1.0,0.5,0.2,-185.6,-185.6,-185.6,-185.6,1.0,0.0,26.0,1.0,0.5,0.2,-32.7,-32.7,-32.7,-32.7,1.0,0.0,26.0,1.0,0.5,0.2,-128.1,-128.1,-128.1,-128.1,1.0,0.0,26.0,1.0,0.5,0.2,-22.6,-22.6,-22.6,-22.6,1.0,0.0,26.0,1.0,0.5,0.2,0.0,0.0,0.0,0.0,1.0,0.0,26.0,1.0,0.5,0.2,0.0,0.0,0.0,0.0,1.0,0.0,26.0,1.0,0.5,0.2,238.5,238.5,238.5,238.5,1.0,0.0,26.0,1.0,0.5,0.2,240.0,240.0,240.0,240.0,1.0,0.0,26.0,1.0,0.5,0.2
1974,2,222.0,-14.0,25.6,25.6,25.6,25.6,1.0,0.0,4.0,0.0,0.5,1.0,24.4,24.4,24.4,24.4,1.0,0.0,4.0,0.0,0.5,1.0,15.88,15.88,15.88,15.88,1.0,0.0,4.0,0.0,0.5,1.0,83.4,83.4,83.4,83.4,1.0,0.0,4.0,0.0,1.0,4.1,4.1,4.1,4.1,1.0,0.0,4.0,0.0,0.5,1.0,-4.1,-4.1,-4.1,-4.1,1.0,0.0,4.0,0.0,0.5,1.0,0.0,0.0,0.0,0.0,1.0,0.0,4.0,0.0,0.5,1.0,1011.9,1011.9,1011.9,1011.9,1.0,0.0,4.0,0.0,0.5,1.0,4.0,4.0,4.0,4.0,1.0,0.0,4.0,0.0,0.5,1.0,-16.8,-16.8,-16.8,-16.8,1.0,0.0,4.0,0.0,0.5,1.0,0.0,0.0,0.0,0.0,1.0,0.0,4.0,0.0,0.5,1.0,1.2,1.2,1.2,1.2,1.0,0.0,4.0,0.0,0.5,1.0,4.9,4.9,4.9,4.9,1.0,0.0,4.0,0.0,0.5,1.0,4.64,4.64,4.64,4.64,1.0,0.0,4.0,0.0,0.5,1.0,19.0,19.0,19.0,19.0,1.0,0.0,4.0,0.0,0.5,1.0,-100.0,-100.0,-100.0,-100.0,1.0,0.0,4.0,0.0,0.5,1.0,0.0,0.0,0.0,0.0,1.0,0.0,4.0,0.0,0.5,1.0,-65.1,-65.1,-65.1,-65.1,1.0,0.0,4.0,0.0,0.5,1.0,0.0,0.0,0.0,0.0,1.0,0.0,4.0,0.0,0.5,1.0,-19.0,-19.0,-19.0,-19.0,1.0,0.0,4.0,0.0,0.5,1.0,0.0,0.0,0.0,0.0,1.0,0.0,4.0,0.0,0.5,1.0,69.0,69.0,69.0,69.0,1.0,0.0,4.0,0.0,0.5,1.0,70.0,70.0,70.0,70.0,1.0,0.0,4.0,0.0,0.5,1.0
1974,2,222.0,-13.0,27.25,27.8,28.35,27.8,2.0,1.13,16.0,0.5,0.5,0.2,25.75,26.3,26.85,26.3,2.0,1.13,16.0,0.5,0.5,0.2,15.45,15.6,15.75,15.6,2.0,0.31,16.0,0.5,0.5,0.2,71.4,73.1,74.9,73.1,2.0,3.6,16.0,0.5,0.2,7.53,8.25,8.97,8.25,2.0,1.48,16.0,0.5,0.5,0.2,-8.58,-7.34,-6.09,-7.34,2.0,2.58,16.0,0.5,0.5,0.2,2.09,3.12,4.15,3.12,2.0,2.13,16.0,0.5,0.5,0.2,1010.38,1011.4,1012.42,1011.4,2.0,2.12,16.0,0.5,0.5,0.2,3.3,4.0,4.7,4.0,2.0,1.4,16.0,0.5,0.5,0.2,-78.0,-62.4,-46.9,-62.4,2.0,32.1,16.0,0.5,0.5,0.2,17.9,24.2,30.4,24.2,2.0,12.9,16.0,0.5,0.5,0.2,1.5,1.5,1.5,1.5,2.0,0.0,16.0,0.5,0.5,0.2,11.3,12.4,13.5,12.4,2.0,2.2,16.0,0.5,0.5,0.2,7.21,7.85,8.48,7.85,2.0,1.32,16.0,0.5,0.5,0.2,54.8,65.7,76.6,65.7,2.0,22.5,16.0,0.5,0.5,0.2,-231.1,-194.4,-157.7,-194.4,2.0,76.1,16.0,0.5,0.5,0.2,55.5,80.9,106.2,80.9,2.0,52.5,16.0,0.5,0.5,0.2,-135.3,-114.9,-94.4,-114.9,2.0,42.4,16.0,0.5,0.5,0.2,32.8,48.4,64.0,48.4,2.0,32.3,16.0,0.5,0.5,0.2,-73.7,-59.3,-44.8,-59.3,2.0,29.9,16.0,0.5,0.5,0.2,17.0,23.1,29.2,23.1,2.0,12.6,16.0,0.5,0.5,0.2,441.5,589.0,736.0,589.0,2.0,305.0,16.0,0.5,0.5,0.2,440.0,590.0,735.0,590.0,2.0,305.0,16.0,0.5,0.5,0.2
1974,2,222.0,-11.0,26.7,26.7,26.7,26.7,1.0,0.0,8.0,1.0,0.1,0.3,27.7,27.7,27.7,27.7,1.0,0.0,8.0,1.0,0.1,0.3,17.57,17.57,17.57,17.57,1.0,0.0,8.0,1.0,0.1,0.3,75.6,75.6,75.6,75.6,1.0,0.0,8.0,1.0,0.3,4.1,4.1,4.1,4.1,1.0,0.0,8.0,1.0,0.1,0.3,-4.1,-4.1,-4.1,-4.1,1.0,0.0,8.0,1.0,0.1,0.3,0.0,0.0,0.0,0.0,1.0,0.0,8.0,1.0,0.1,0.3,1009.8,1009.8,1009.8,1009.8,1.0,0.0,8.0,1.0,0.1,0.3,6.0,6.0,6.0,6.0,1.0,0.0,8.0,1.0,0.1,0.3,-16.8,-16.8,-16.8,-16.8,1.0,0.0,8.0,1.0,0.1,0.3,0.0,0.0,0.0,0.0,1.0,0.0,8.0,1.0,0.1,0.3,-1.0,-1.0,-1.0,-1.0,1.0,0.0,8.0,1.0,0.1,0.3,-4.1,-4.1,-4.1,-4.1,1.0,0.0,8.0,1.0,0.1,0.3,4.41,4.41,4.41,4.41,1.0,0.0,8.0,1.0,0.1,0.3,18.1,18.1,18.1,18.1,1.0,0.0,8.0,1.0,0.1,0.3,-113.6,-113.6,-113.6,-113.6,1.0,0.0,8.0,1.0,0.1,0.3,0.0,0.0,0.0,0.0,1.0,0.0,8.0,1.0,0.1,0.3,-72.0,-72.0,-72.0,-72.0,1.0,0.0,8.0,1.0,0.1,0.3,0.0,0.0,0.0,0.0,1.0,0.0,8.0,1.0,0.1,0.3,-18.1,-18.1,-18.1,-18.1,1.0,0.0,8.0,1.0,0.1,0.3,0.0,0.0,0.0,0.0,1.0,0.0,8.0,1.0,0.1,0.3,69.0,69.0,69.0,69.0,1.0,0.0,8.0,1.0,0.1,0.3,70.0,70.0,70.0,70.0,1.0,0.0,8.0,1.0,0.1,0.3
1974,2,222.0,-7.0,24.5,24.5,24.5,24.5,1.0,0.0,2.0,0.0,0.3,1.0,24.9,24.9,24.9,24.9,1.0,0.0,2.0,0.0,0.3,1.0,15.38,15.38,15.38,15.38,1.0,0.0,2.0,0.0,0.3,1.0,78.5,78.5,78.5,78.5,1.0,0.0,2.0,0.0,1.0,6.7,6.7,6.7,6.7,1.0,0.0,2.0,0.0,0.3,1.0,-6.7,-6.7,-6.7,-6.7,1.0,0.0,2.0,0.0,0.3,1.0,0.0,0.0,0.0,0.0,1.0,0.0,2.0,0.0,0.3,1.0,1013.4,1013.4,1013.4,1013.4,1.0,0.0,2.0,0.0,0.3,1.0,2.0,2.0,2.0,2.0,1.0,0.0,2.0,0.0,0.3,1.0,-44.9,-44.9,-44.9,-44.9,1.0,0.0,2.0,0.0,0.3,1.0,0.0,0.0,0.0,0.0,1.0,0.0,2.0,0.0,0.3,1.0,-0.4,-0.4,-0.4,-0.4,1.0,0.0,2.0,0.0,0.3,1.0,-2.7,-2.7,-2.7,-2.7,1.0,0.0,2.0,0.0,0.3,1.0,3.8,3.8,3.8,3.8,1.0,0.0,2.0,0.0,0.3,1.0,25.5,25.5,25.5,25.5,1.0,0.0,2.0,0.0,0.3,1.0,-166.8,-166.8,-166.8,-166.8,1.0,0.0,2.0,0.0,0.3,1.0,0.0,0.0,0.0,0.0,1.0,0.0,2.0,0.0,0.3,1.0,-103.0,-103.0,-103.0,-103.0,1.0,0.0,2.0,0.0,0.3,1.0,0.0,0.0,0.0,0.0,1.0,0.0,2.0,0.0,0.3,1.0,-25.5,-25.5,-25.5,-25.5,1.0,0.0,2.0,0.0,0.3,1.0,0.0,0.0,0.0,0.0,1.0,0.0,2.0,0.0,0.3,1.0,301.0,301.0,301.0,301.0,1.0,0.0,2.0,0.0,0.3,1.0,300.0,300.0,300.0,300.0,1.0,0.0,2.0,0.0,0.3,1.0
1974,2,222.0,0.0,23.0,23.0,23.0,23.0,1.0,0.0,8.0,1.0,0.5,0.7,24.5,24.5,24.5,24.5,1.0,0.0,8.0,1.0,0.5,0.7,17.59,17.59,17.59,17.59,1.0,0.0,8.0,1.0,0.5,0.7,91.9,91.9,91.9,91.9,1.0,0.0,8.0,1.0,0.7,5.7,5.7,5.7,5.7,1.0,0.0,8.0,1.0,0.5,0.7,-5.7,-5.7,-5.7,-5.7,1.0,0.0,8.0,1.0,0.5,0.7,0.0,0.0,0.0,0.0,1.0,0.0,8.0,1.0,0.5,0.7,1014.4,1014.4,1014.4,1014.4,1.0,0.0,8.0,1.0,0.5,0.7,1.0,1.0,1.0,1.0,1.0,0.0,8.0,1.0,0.5,0.7,-32.5,-32.5,-32.5,-32.5,1.0,0.0,8.0,1.0,0.5,0.7,0.0,0.0,0.0,0.0,1.0,0.0,8.0,1.0,0.5,0.7,-1.5,-1.5,-1.5,-1.5,1.0,0.0,8.0,1.0,0.5,0.7,-8.5,-8.5,-8.5,-8.5,1.0,0.0,8.0,1.0,0.5,0.7,-0.11,-0.11,-0.11,-0.11,1.0,0.0,8.0,1.0,0.5,0.7,-0.6,-0.6,-0.6,-0.6,1.0,0.0,8.0,1.0,0.5,0.7,-139.6,-139.6,-139.6,-139.6,1.0,0.0,8.0,1.0,0.5,0.7,0.0,0.0,0.0,0.0,1.0,0.0,8.0,1.0,0.5,0.7,-100.3,-100.3,-100.3,-100.3,1.0,0.0,8.0,1.0,0.5,0.7,0.0,0.0,0.0,0.0,1.0,0.0,8.0,1.0,0.5,0.7,0.6,0.6,0.6,0.6,1.0,0.0,8.0,1.0,0.5,0.7,0.0,0.0,0.0,0.0,1.0,0.0,8.0,1.0,0.5,0.7,185.0,185.0,185.0,185.0,1.0,0.0,8.0,1.0,0.5,0.7,185.0,185.0,185.0,185.0,1.0,0.0,8.0,1.0,0.5,0.7
1974,2,222.0,1.0,28.0,28.0,28.0,28.0,1.0,0.0,12.0,1.0,0.4,0.4,24.0,24.0,24.0,24.0,1.0,0.0,12.0,1.0,0.4,0.4,15.69,15.69,15.69,15.69,1.0,0.0,12.0,1.0,0.4,0.4,84.4,84.4,84.4,84.4,1.0,0.0,12.0,1.0,0.4,2.6,2.6,2.6,2.6,1.0,0.0,12.0,1.0,0.4,0.4,-2.6,-2.6,-2.6,-2.6,1.0,0.0,12.0,1.0,0.4,0.4,0.0,0.0,0.0,0.0,1.0,0.0,12.0,1.0,0.4,0.4,1011.8,1011.8,1011.8,1011.8,1.0,0.0,12.0,1.0,0.4,0.4,1.0,1.0,1.0,1.0,1.0,0.0,12.0,1.0,0.4,0.4,-6.8,-6.8,-6.8,-6.8,1.0,0.0,12.0,1.0,0.4,0.4,0.0,0.0,0.0,0.0,1.0,0.0,12.0,1.0,0.4,0.4,4.0,4.0,4.0,4.0,1.0,0.0,12.0,1.0,0.4,0.4,10.4,10.4,10.4,10.4,1.0,0.0,12.0,1.0,0.4,0.4,8.0,8.0,8.0,8.0,1.0,0.0,12.0,1.0,0.4,0.4,20.8,20.8,20.8,20.8,1.0,0.0,12.0,1.0,0.4,0.4,-62.4,-62.4,-62.4,-62.4,1.0,0.0,12.0,1.0,0.4,0.4,0.0,0.0,0.0,0.0,1.0,0.0,12.0,1.0,0.4,0.4,-40.8,-40.8,-40.8,-40.8,1.0,0.0,12.0,1.0,0.4,0.4,0.0,0.0,0.0,0.0,1.0,0.0,12.0,1.0,0.4,0.4,-20.8,-20.8,-20.8,-20.8,1.0,0.0,12.0,1.0,0.4,0.4,0.0,0.0,0.0,0.0,1.0,0.0,12.0,1.0,0.4,0.4,17.5,17.5,17.5,17.5,1.0,0.0,12.0,1.0,0.4,0.4,20.0,20.0,20.0,20.0,1.0,0.0,12.0,1.0,0.4,0.4
1974,2,222.0,3.0,23.0,23.0,23.0,23.0,1.0,0.0,12.0,0.0,0.9,0.4,23.5,23.5,23.5,23.5,1.0,0.0,12.0,0.0,0.9,0.4,15.19,15.19,15.19,15.19,1.0,0.0,12.0,0.0,0.9,0.4,84.3,84.3,84.3,84.3,1.0,0.0,12.0,0.0,0.4,6.2,6.2,6.2,6.2,1.0,0.0,12.0,0.0,0.9,0.4,-5.37,-5.37,-5.37,-5.37,1.0,0.0,12.0,0.0,0.9,0.4,3.1,3.1,3.1,3.1,1.0,0.0,12.0,0.0,0.9,0.4,1013.0,1013.0,1013.0,1013.0,1.0,0.0,12.0,0.0,0.9,0.4,4.0,4.0,4.0,4.0,1.0,0.0,12.0,0.0,0.9,0.4,-33.3,-33.3,-33.3,-33.3,1.0,0.0,12.0,0.0,0.9,0.4,19.2,19.2,19.2,19.2,1.0,0.0,12.0,0.0,0.9,0.4,-0.5,-0.5,-0.5,-0.5,1.0,0.0,12.0,0.0,0.9,0.4,-3.1,-3.1,-3.1,-3.1,1.0,0.0,12.0,0.0,0.9,0.4,2.32,2.32,2.32,2.32,1.0,0.0,12.0,0.0,0.9,0.4,14.4,14.4,14.4,14.4,1.0,0.0,12.0,0.0,0.9,0.4,-126.2,-126.2,-126.2,-126.2,1.0,0.0,12.0,0.0,0.9,0.4,72.9,72.9,72.9,72.9,1.0,0.0,12.0,0.0,0.9,0.4,-81.6,-81.6,-81.6,-81.6,1.0,0.0,12.0,0.0,0.9,0.4,47.1,47.1,47.1,47.1,1.0,0.0,12.0,0.0,0.9,0.4,-12.4,-12.4,-12.4,-12.4,1.0,0.0,12.0,0.0,0.9,0.4,7.2,7.2,7.2,7.2,1.0,0.0,12.0,0.0,0.9,0.4,238.5,238.5,238.5,238.5,1.0,0.0,12.0,0.0,0.9,0.4,240.0,240.0,240.0,240.0,1.0,0.0,12.0,0.0,0.9,0.4
1974,2,222.0,6.0,26.0,26.0,26.0,26.0,1.0,0.0,14.0,1.0,0.1,0.7,26.0,26.0,26.0,26.0,1.0,0.0,14.0,1.0,0.1,0.7,17.83,17.83,17.83,17.83,1.0,0.0,14.0,1.0,0.1,0.7,85.1,85.1,85.1,85.1,1.0,0.0,14.0,1.0,0.7,9.3,9.3,9.3,9.3,1.0,0.0,14.0,1.0,0.1,0.7,-7.12,-7.12,-7.12,-7.12,1.0,0.0,14.0,1.0,0.1,0.7,-5.98,-5.98,-5.98,-5.98,1.0,0.0,14.0,1.0,0.1,0.7,1013.5,1013.5,1013.5,1013.5,1.0,0.0,14.0,1.0,0.1,0.7,4.0,4.0,4.0,4.0,1.0,0.0,14.0,1.0,0.1,0.7,-66.3,-66.3,-66.3,-66.3,1.0,0.0,14.0,1.0,0.1,0.7,-55.6,-55.6,-55.6,-55.6,1.0,0.0,14.0,1.0,0.1,0.7,0.0,0.0,0.0,0.0,1.0,0.0,14.0,1.0,0.1,0.7,0.0,0.0,0.0,0.0,1.0,0.0,14.0,1.0,0.1,0.7,3.17,3.17,3.17,3.17,1.0,0.0,14.0,1.0,0.1,0.7,29.5,29.5,29.5,29.5,1.0,0.0,14.0,1.0,0.1,0.7,-185.2,-185.2,-185.2,-185.2,1.0,0.0,14.0,1.0,0.1,0.7,-155.4,-155.4,-155.4,-155.4,1.0,0.0,14.0,1.0,0.1,0.7,-127.0,-127.0,-127.0,-127.0,1.0,0.0,14.0,1.0,0.1,0.7,-106.6,-106.6,-106.6,-106.6,1.0,0.0,14.0,1.0,0.1,0.7,-22.6,-22.6,-22.6,-22.6,1.0,0.0,14.0,1.0,0.1,0.7,-18.9,-18.9,-18.9,-18.9,1.0,0.0,14.0,1.0,0.1,0.7,804.5,804.5,804.5,804.5,1.0,0.0,14.0,1.0,0.1,0.7,805.0,805.0,805.0,805.0,1.0,0.0,14.0,1.0,0.1,0.7
1974,2,222.0,9.0,27.0,27.0,27.0,27.0,1.0,0.0,12.0,0.0,0.6,0.3,24.5,24.5,24.5,24.5,1.0,0.0,12.0,0.0,0.6,0.3,16.9,16.9,16.9,16.9,1.0,0.0,12.0,0.0,0.6,0.3,88.1,88.1,88.1,88.1,1.0,0.0,12.0,0.0,0.3,8.7,8.7,8.7,8.7,1.0,0.0,12.0,0.0,0.6,0.3,-8.7,-8.7,-8.7,-8.7,1.0,0.0,12.0,0.0,0.6,0.3,0.0,0.0,0.0,0.0,1.0,0.0,12.0,0.0,0.6,0.3,1011.6,1011.6,1011.6,1011.6,1.0,0.0,12.0,0.0,0.6,0.3,,,,,,,,,,,,,,,,,,,,,,,,,,,,,,,2.5,2.5,2.5,2.5,1.0,0.0,12.0,0.0,0.6,0.3,21.8,21.8,21.8,21.8,1.0,0.0,12.0,0.0,0.6,0.3,5.43,5.43,5.43,5.43,1.0,0.0,12.0,0.0,0.6,0.3,47.2,47.2,47.2,47.2,1.0,0.0,12.0,0.0,0.6,0.3,-213.1,-213.1,-213.1,-213.1,1.0,0.0,12.0,0.0,0.6,0.3,0.0,0.0,0.0,0.0,1.0,0.0,12.0,0.0,0.6,0.3,-147.0,-147.0,-147.0,-147.0,1.0,0.0,12.0,0.0,0.6,0.3,0.0,0.0,0.0,0.0,1.0,0.0,12.0,0.0,0.6,0.3,-47.2,-47.2,-47.2,-47.2,1.0,0.0,12.0,0.0,0.6,0.3,0.0,0.0,0.0,0.0,1.0,0.0,12.0,0.0,0.6,0.3,658.5,658.5,658.5,658.5,1.0,0.0,12.0,0.0,0.6,0.3,660.0,660.0,660.0,660.0,1.0,0.0,12.0,0.0,0.6,0.3
1974,2,222.0,11.0,27.0,27.0,27.0,27.0,1.0,0.0,14.0,1.0,0.5,0.8,25.5,25.5,25.5,25.5,1.0,0.0,14.0,1.0,0.5,0.8,17.1,17.1,17.1,17.1,1.0,0.0,14.0,1.0,0.5,0.8,84.0,84.0,84.0,84.0,1.0,0.0,14.0,1.0,0.8,10.3,10.3,10.3,10.3,1.0,0.0,14.0,1.0,0.5,0.8,-9.68,-9.68,-9.68,-9.68,1.0,0.0,14.0,1.0,0.5,0.8,-3.52,-3.52,-3.52,-3.52,1.0,0.0,14.0,1.0,0.5,0.8,1012.3,1012.3,1012.3,1012.3,1.0,0.0,14.0,1.0,0.5,0.8,5.0,5.0,5.0,5.0,1.0,0.0,14.0,1.0,0.5,0.8,-99.7,-99.7,-99.7,-99.7,1.0,0.0,14.0,1.0,0.5,0.8,-36.3,-36.3,-36.3,-36.3,1.0,0.0,14.0,1.0,0.5,0.8,1.5,1.5,1.5,1.5,1.0,0.0,14.0,1.0,0.5,0.8,15.5,15.5,15.5,15.5,1.0,0.0,14.0,1.0,0.5,0.8,5.22,5.22,5.22,5.22,1.0,0.0,14.0,1.0,0.5,0.8,53.7,53.7,53.7,53.7,1.0,0.0,14.0,1.0,0.5,0.8,-246.8,-246.8,-246.8,-246.8,1.0,0.0,14.0,1.0,0.5,0.8,-89.8,-89.8,-89.8,-89.8,1.0,0.0,14.0,1.0,0.5,0.8,-165.5,-165.5,-165.5,-165.5,1.0,0.0,14.0,1.0,0.5,0.8,-60.2,-60.2,-60.2,-60.2,1.0,0.0,14.0,1.0,0.5,0.8,-50.5,-50.5,-50.5,-50.5,1.0,0.0,14.0,1.0,0.5,0.8,-18.4,-18.4,-18.4,-18.4,1.0,0.0,14.0,1.0,0.5,0.8,1092.5,1092.5,1092.5,1092.5,1.0,0.0,14.0,1.0,0.5,0.8,1095.0,1095.0,1095.0,1095.0,1.0,0.0,14.0,1.0,0.5,0.8
1974,2,222.0,14.0,23.43,23.5,23.57,23.5,2.0,0.14,22.0,0.0,0.8,0.8,22.82,22.85,22.88,22.85,2.0,0.07,22.0,0.0,0.8,0.8,12.01,12.01,12.01,12.01,2.0,0.0,22.0,0.0,0.8,0.8,69.4,69.6,69.7,69.6,2.0,0.3,22.0,0.0,0.8,9.3,9.3,9.3,9.3,2.0,0.0,22.0,0.0,0.8,0.8,-7.12,-7.12,-7.12,-7.12,2.0,0.0,22.0,0.0,0.8,0.8,-5.98,-5.98,-5.98,-5.98,2.0,0.0,22.0,0.0,0.8,0.8,1015.2,1015.2,1015.2,1015.2,2.0,0.0,22.0,0.0,0.8,0.8,1.5,2.5,3.5,2.5,2.0,2.1,22.0,0.0,0.8,0.8,-66.3,-66.3,-66.3,-66.3,2.0,0.0,22.0,0.0,0.8,0.8,-55.6,-55.6,-55.6,-55.6,2.0,0.0,22.0,0.0,0.8,0.8,0.62,0.65,0.68,0.65,2.0,0.07,22.0,0.0,0.8,0.8,5.7,6.0,6.4,6.0,2.0,0.7,22.0,0.0,0.8,0.8,5.93,6.01,6.08,6.01,2.0,0.16,22.0,0.0,0.8,0.8,55.2,55.9,56.6,55.9,2.0,1.4,22.0,0.0,0.8,0.8,-163.0,-162.8,-162.5,-162.8,2.0,0.5,22.0,0.0,0.8,0.8,-136.8,-136.6,-136.4,-136.6,2.0,0.4,22.0,0.0,0.8,0.8,-85.5,-85.5,-85.5,-85.5,2.0,0.0,22.0,0.0,0.8,0.8,-71.8,-71.8,-71.8,-71.8,2.0,0.0,22.0,0.0,0.8,0.8,-43.3,-42.8,-42.3,-42.8,2.0,1.1,22.0,0.0,0.8,0.8,-36.4,-35.9,-35.5,-35.9,2.0,0.9,22.0,0.0,0.8,0.8,804.5,804.5,804.5,804.5,2.0,0.0,22.0,0.0,0.8,0.8,805.0,805.0,805.0,805.0,2.0,0.0,22.0,0.0,0.8,0.8
1974,2,222.0,15.0,23.7,23.7,23.7,23.7,1.0,0.0,8.0,0.0,0.5,0.8,22.5,22.5,22.5,22.5,1.0,0.0,8.0,0.0,0.5,0.8,12.85,12.85,12.85,12.85,1.0,0.0,8.0,0.0,0.5,0.8,76.2,76.2,76.2,76.2,1.0,0.0,8.0,0.0,0.8,5.1,5.1,5.1,5.1,1.0,0.0,8.0,0.0,0.5,0.8,-4.42,-4.42,-4.42,-4.42,1.0,0.0,8.0,0.0,0.5,0.8,-2.55,-2.55,-2.55,-2.55,1.0,0.0,8.0,0.0,0.5,0.8,1016.9,1016.9,1016.9,1016.9,1.0,0.0,8.0,0.0,0.5,0.8,6.0,6.0,6.0,6.0,1.0,0.0,8.0,0.0,0.5,0.8,-22.5,-22.5,-22.5,-22.5,1.0,0.0,8.0,0.0,0.5,0.8,-13.0,-13.0,-13.0,-13.0,1.0,0.0,8.0,0.0,0.5,0.8,1.2,1.2,1.2,1.2,1.0,0.0,8.0,0.0,0.5,0.8,6.1,6.1,6.1,6.1,1.0,0.0,8.0,0.0,0.5,0.8,5.35,5.35,5.35,5.35,1.0,0.0,8.0,0.0,0.5,0.8,27.3,27.3,27.3,27.3,1.0,0.0,8.0,0.0,0.5,0.8,-99.4,-99.4,-99.4,-99.4,1.0,0.0,8.0,0.0,0.5,0.8,-57.4,-57.4,-57.4,-57.4,1.0,0.0,8.0,0.0,0.5,0.8,-56.8,-56.8,-56.8,-56.8,1.0,0.0,8.0,0.0,0.5,0.8,-32.8,-32.8,-32.8,-32.8,1.0,0.0,8.0,0.0,0.5,0.8,-23.6,-23.6,-23.6,-23.6,1.0,0.0,8.0,0.0,0.5,0.8,-13.6,-13.6,-13.6,-13.6,1.0,0.0,8.0,0.0,0.5,0.8,132.5,132.5,132.5,132.5,1.0,0.0,8.0,0.0,0.5,0.8,135.0,135.0,135.0,135.0,1.0,0.0,8.0,0.0,0.5,0.8
1974,2,222.0,16.0,22.19,22.6,23.56,22.87,3.0,1.03,16.0,1.0,0.7,0.3,23.03,23.1,23.51,23.27,3.0,0.38,16.0,1.0,0.7,0.3,12.14,12.65,13.15,12.65,2.0,1.04,18.0,1.0,0.6,0.0,69.7,72.4,75.0,72.4,2.0,5.5,18.0,1.0,0.0,5.75,9.3,9.78,7.8,3.0,3.22,16.0,1.0,0.7,0.3,-8.98,-7.12,-5.06,-7.02,3.0,2.88,16.0,1.0,0.7,0.3,-4.08,0.0,1.19,-1.41,3.0,4.05,16.0,1.0,0.7,0.3,1015.26,1016.9,1018.95,1017.1,3.0,2.71,16.0,1.0,0.7,0.3,4.3,5.0,7.0,5.7,3.0,2.1,16.0,1.0,0.7,0.3,-88.3,-66.3,-32.5,-60.5,3.0,41.1,16.0,1.0,0.7,0.3,-37.9,0.0,11.9,-12.7,3.0,38.1,16.0,1.0,0.7,0.3,-1.32,-0.5,0.52,-0.4,3.0,1.35,16.0,1.0,0.7,0.3,-12.3,-2.0,5.7,-3.2,3.0,13.2,16.0,1.0,0.7,0.3,4.15,5.15,6.16,5.15,2.0,2.09,18.0,1.0,0.6,0.0,22.5,38.4,54.3,38.4,2.0,32.9,18.0,1.0,0.6,0.0,-211.3,-163.9,-116.7,-164.0,3.0,69.3,16.0,1.0,0.7,0.3,-93.9,0.0,28.1,-32.1,3.0,93.6,16.0,1.0,0.7,0.3,-80.1,-69.9,-59.6,-69.9,2.0,21.2,18.0,1.0,0.6,0.0,-59.9,-35.6,-11.3,-35.6,2.0,50.3,18.0,1.0,0.6,0.0,-42.1,-31.2,-20.2,-31.2,2.0,22.7,18.0,1.0,0.6,0.0,-33.4,-19.8,-6.3,-19.8,2.0,28.0,18.0,1.0,0.6,0.0,302.5,804.5,938.0,624.5,3.0,491.0,16.0,1.0,0.7,0.3,300.0,805.0,940.0,625.0,3.0,490.0,16.0,1.0,0.7,0.3
1974,2,222.0,17.0,22.32,23.0,23.68,23.0,3.0,1.0,16.0,0.3,0.7,0.5,21.1,21.3,22.12,21.6,3.0,0.79,16.0,0.3,0.7,0.5,12.78,12.78,12.78,12.78,1.0,0.0,22.0,0.0,1.0,0.0,83.0,83.0,83.0,83.0,1.0,0.0,22.0,0.0,0.0,9.29,9.9,10.51,9.9,2.0,1.27,20.0,0.0,0.8,0.3,-10.35,-9.75,-9.14,-9.75,2.0,1.25,20.0,0.0,0.8,0.3,-1.83,-1.72,-1.61,-1.72,2.0,0.22,20.0,0.0,0.8,0.3,1016.89,1018.8,1019.76,1018.33,3.0,2.14,16.0,0.3,0.7,0.5,4.3,7.0,7.7,6.0,3.0,2.6,16.0,0.3,0.7,0.5,-109.3,-97.3,-85.3,-97.3,2.0,24.8,20.0,0.0,0.8,0.3,-19.3,-17.2,-15.0,-17.2,2.0,4.4,20.0,0.0,0.8,0.3,0.29,2.0,2.48,1.4,3.0,1.68,16.0,0.3,0.7,0.5,22.0,23.0,23.9,23.0,2.0,1.9,20.0,0.0,0.8,0.3,4.67,4.67,4.67,4.67,1.0,0.0,22.0,0.0,1.0,0.0,50.5,50.5,50.5,50.5,1.0,0.0,22.0,0.0,1.0,0.0,-217.9,-206.1,-194.3,-206.1,2.0,24.4,20.0,0.0,0.8,0.3,-38.4,-36.3,-34.3,-36.3,2.0,4.3,20.0,0.0,0.8,0.3,-136.0,-136.0,-136.0,-136.0,1.0,0.0,22.0,0.0,1.0,0.0,-24.0,-24.0,-24.0,-24.0,1.0,0.0,22.0,0.0,1.0,0.0,-49.7,-49.7,-49.7,-49.7,1.0,0.0,22.0,0.0,1.0,0.0,-8.8,-8.8,-8.8,-8.8,1.0,0.0,22.0,0.0,1.0,0.0,813.0,994.5,1175.5,994.5,2.0,375.5,20.0,0.0,0.8,0.3,815.0,995.0,1175.0,995.0,2.0,375.0,20.0,0.0,0.8,0.3
1974,2,222.0,18.0,22.58,22.75,22.92,22.75,2.0,0.35,16.0,0.5,0.3,0.3,22.0,22.0,22.0,22.0,2.0,0.0,16.0,0.5,0.3,0.3,13.88,14.49,15.1,14.49,2.0,1.26,16.0,0.5,0.3,0.3,84.8,88.6,92.3,88.6,2.0,7.8,16.0,0.5,0.3,5.68,7.15,8.62,7.15,2.0,3.04,16.0,0.5,0.3,0.3,-8.15,-6.87,-5.59,-6.87,2.0,2.64,16.0,0.5,0.3,0.3,-2.68,-1.59,-0.5,-1.59,2.0,2.25,16.0,0.5,0.3,0.3,1017.74,1018.25,1018.76,1018.25,2.0,1.06,16.0,0.5,0.3,0.3,4.3,5.0,5.7,5.0,2.0,1.4,16.0,0.5,0.3,0.3,-72.3,-53.1,-33.9,-53.1,2.0,39.8,16.0,0.5,0.3,0.3,-24.9,-14.8,-4.7,-14.8,2.0,20.9,16.0,0.5,0.3,0.3,0.58,0.75,0.92,0.75,2.0,0.35,16.0,0.5,0.3,0.3,4.7,4.8,4.9,4.8,2.0,0.2,16.0,0.5,0.3,0.3,2.22,2.66,3.1,2.66,2.0,0.91,16.0,0.5,0.3,0.3,13.4,20.4,27.5,20.4,2.0,14.6,16.0,0.5,0.3,0.3,-179.2,-151.1,-123.1,-151.1,2.0,58.2,16.0,0.5,0.3,0.3,-58.9,-35.0,-11.1,-35.0,2.0,49.5,16.0,0.5,0.3,0.3,-112.2,-97.9,-83.6,-97.9,2.0,29.6,16.0,0.5,0.3,0.3,-36.4,-21.6,-6.9,-21.6,2.0,30.6,16.0,0.5,0.3,0.3,-25.9,-19.5,-13.1,-19.5,2.0,13.3,16.0,0.5,0.3,0.3,-8.9,-5.3,-1.7,-5.3,2.0,7.4,16.0,0.5,0.3,0.3,233.0,464.5,696.5,464.5,2.0,480.5,16.0,0.5,0.3,0.3,235.0,465.0,695.0,465.0,2.0,480.0,16.0,0.5,0.3,0.3
1974,2,222.0,19.0,20.82,21.65,22.47,21.73,6.0,1.11,22.0,0.3,0.5,0.4,19.69,21.0,21.7,20.68,5.0,1.22,24.0,0.4,0.5,0.4,10.0,12.61,13.65,11.84,5.0,2.83,24.0,0.4,0.5,0.4,65.6,81.0,89.6,77.8,5.0,15.8,24.0,0.4,0.4,3.65,8.25,10.51,7.12,6.0,4.29,22.0,0.3,0.5,0.4,-9.43,-6.93,-3.43,-6.28,6.0,3.72,22.0,0.3,0.5,0.4,-4.45,-1.37,0.0,-2.46,6.0,3.28,22.0,0.3,0.5,0.4,1016.93,1017.3,1020.92,1018.27,6.0,2.15,22.0,0.3,0.5,0.4,1.0,6.0,7.0,4.7,6.0,2.9,22.0,0.3,0.5,0.4,-93.5,-63.1,-15.8,-57.1,6.0,42.3,22.0,0.3,0.5,0.4,-46.3,-7.5,0.0,-24.3,6.0,38.0,22.0,0.3,0.5,0.4,0.5,0.9,2.25,1.3,5.0,0.94,24.0,0.4,0.5,0.4,4.6,5.2,19.3,10.9,5.0,8.9,24.0,0.4,0.5,0.4,3.11,3.59,6.12,4.56,5.0,2.12,24.0,0.4,0.5,0.4,18.6,35.2,66.0,42.6,5.0,30.8,24.0,0.4,0.5,0.4,-208.5,-138.6,-118.6,-157.2,5.0,54.5,24.0,0.4,0.5,0.4,-105.6,-31.8,-15.5,-58.3,5.0,64.0,24.0,0.4,0.5,0.4,-119.7,-97.4,-53.7,-88.7,5.0,33.5,24.0,0.4,0.5,0.4,-50.4,-19.8,-10.9,-28.6,5.0,24.4,24.0,0.4,0.5,0.4,-54.1,-33.0,-18.1,-35.4,5.0,19.5,24.0,0.4,0.5,0.4,-33.1,-4.6,-2.4,-18.0,5.0,29.3,24.0,0.4,0.5,0.4,77.0,621.0,1165.0,646.0,6.0,593.0,22.0,0.3,0.5,0.4,75.0,620.0,1165.0,645.0,6.0,595.0,22.0,0.3,0.5,0.4
1974,2,222.0,20.0,21.56,22.4,23.69,22.4,8.0,1.13,22.0,0.8,0.6,0.6,18.94,21.35,22.67,20.87,10.0,1.83,20.0,0.6,0.6,0.5,11.02,11.9,13.18,12.31,8.0,1.65,22.0,0.6,0.6,0.5,72.5,76.3,80.0,77.5,8.0,6.9,22.0,0.6,0.5,6.2,8.5,13.0,9.38,10.0,4.18,20.0,0.6,0.6,0.5,-12.94,-7.99,-5.37,-8.94,10.0,4.15,20.0,0.6,0.6,0.5,-3.15,-2.29,-0.69,-2.34,10.0,1.78,20.0,0.6,0.6,0.5,1018.0,1019.15,1022.46,1019.81,10.0,2.73,20.0,0.6,0.6,0.5,3.5,6.0,7.7,5.9,9.0,1.9,20.0,0.7,0.6,0.6,-176.1,-68.5,-33.3,-99.4,10.0,94.7,20.0,0.6,0.6,0.5,-25.6,-17.9,-4.8,-24.2,10.0,31.8,20.0,0.6,0.6,0.5,-1.0,1.05,3.89,1.54,8.0,2.77,22.0,0.8,0.6,0.6,-8.9,6.5,58.5,20.4,8.0,32.5,22.0,0.8,0.6,0.6,3.11,4.36,6.44,4.8,7.0,1.77,22.0,0.7,0.6,0.5,17.8,37.0,100.1,52.1,7.0,44.7,22.0,0.7,0.6,0.5,-260.6,-153.7,-120.3,-183.7,10.0,78.5,20.0,0.6,0.6,0.5,-70.1,-45.9,-13.1,-49.0,10.0,36.4,20.0,0.6,0.6,0.5,-164.7,-89.3,-66.5,-110.1,8.0,50.4,22.0,0.6,0.6,0.5,-37.9,-30.8,-2.9,-28.7,8.0,21.9,22.0,0.6,0.6,0.5,-99.8,-32.1,-16.7,-49.5,7.0,43.3,22.0,0.7,0.6,0.5,-19.8,-8.2,0.0,-13.1,7.0,15.5,22.0,0.7,0.6,0.5,238.5,630.5,2491.0,1339.0,10.0,1886.0,20.0,0.6,0.6,0.5,240.0,630.0,2490.0,1340.0,10.0,1885.0,20.0,0.6,0.6,0.5
1974,2,222.0,21.0,21.19,22.0,22.81,22.3,7.0,1.34,14.0,0.9,0.6,0.4,20.0,21.0,22.22,21.7,7.0,2.34,14.0,0.9,0.6,0.4,9.78,10.54,12.23,11.14,6.0,1.87,14.0,0.8,0.6,0.3,67.2,67.9,71.6,69.3,6.0,3.4,14.0,0.8,0.3,6.03,8.7,10.42,8.31,7.0,3.25,14.0,0.9,0.6,0.4,-9.8,-8.18,-4.65,-7.68,7.0,3.15,14.0,0.9,0.6,0.4,-4.01,-2.98,0.15,-2.07,7.0,2.72,14.0,0.9,0.6,0.4,1018.26,1021.0,1023.05,1020.7,7.0,2.43,14.0,0.9,0.6,0.4,5.0,6.0,7.0,6.1,7.0,1.3,14.0,0.9,0.6,0.4,-102.4,-71.1,-28.4,-72.6,7.0,48.5,14.0,0.9,0.6,0.4,-37.3,-24.7,1.4,-19.6,7.0,27.5,14.0,0.9,0.6,0.4,-0.67,0.0,2.62,0.6,7.0,2.78,14.0,0.9,0.6,0.4,-6.6,0.0,21.6,8.5,7.0,18.7,14.0,0.9,0.6,0.4,3.53,5.41,7.35,5.61,6.0,2.61,14.0,0.8,0.6,0.3,20.1,57.4,68.3,49.1,6.0,29.0,14.0,0.8,0.6,0.3,-201.5,-163.5,-98.3,-162.9,7.0,64.5,14.0,0.9,0.6,0.4,-84.3,-59.5,3.3,-42.5,7.0,58.2,14.0,0.9,0.6,0.4,-102.7,-78.7,-51.6,-79.7,6.0,32.7,14.0,0.8,0.6,0.3,-46.6,-31.7,-22.6,-31.0,6.0,17.4,14.0,0.8,0.6,0.3,-64.2,-53.9,-15.7,-45.5,6.0,27.9,14.0,0.8,0.6,0.3,-23.4,-19.6,-12.0,-17.6,6.0,9.8,14.0,0.8,0.6,0.3,228.0,658.5,1143.0,787.0,7.0,696.0,14.0,0.9,0.6,0.4,230.0,660.0,1145.0,785.0,7.0,695.0,14.0,0.9,0.6,0.4
1974,2,222.0,22.0,21.45,22.0,22.14,21.8,3.0,0.53,16.0,0.3,0.5,0.2,20.19,20.6,21.01,20.6,2.0,0.85,18.0,0.0,0.5,0.3,9.94,10.17,10.41,10.17,2.0,0.49,18.0,0.0,0.5,0.3,67.8,68.0,68.3,68.0,2.0,0.5,18.0,0.0,0.3,5.73,10.3,10.98,8.4,3.0,4.19,16.0,0.3,0.5,0.2,-10.54,-8.92,-5.14,-7.87,3.0,4.06,16.0,0.3,0.5,0.2,-3.52,0.0,0.84,-1.31,3.0,3.39,16.0,0.3,0.5,0.2,1018.73,1019.0,1020.84,1019.77,3.0,1.69,16.0,0.3,0.5,0.2,4.6,8.0,8.0,6.3,3.0,2.9,16.0,0.3,0.5,0.2,-116.3,-91.9,-37.5,-77.2,3.0,59.1,16.0,0.3,0.5,0.2,-36.2,0.0,3.0,-16.2,3.0,32.0,16.0,0.3,0.5,0.2,0.35,1.1,1.85,1.1,2.0,1.56,18.0,0.0,0.5,0.3,3.6,11.3,19.1,11.3,2.0,16.0,18.0,0.0,0.5,0.3,5.32,5.88,6.44,5.88,2.0,1.16,18.0,0.0,0.5,0.3,59.1,63.1,67.1,63.1,2.0,8.3,18.0,0.0,0.5,0.3,-229.9,-209.0,-188.1,-209.0,2.0,43.2,18.0,0.0,0.5,0.3,-86.7,-51.5,-16.3,-51.5,2.0,72.8,18.0,0.0,0.5,0.3,-113.9,-103.3,-92.6,-103.3,2.0,22.1,18.0,0.0,0.5,0.3,-42.6,-25.3,-8.0,-25.3,2.0,35.8,18.0,0.0,0.5,0.3,-59.4,-58.5,-57.6,-58.5,2.0,1.8,18.0,0.0,0.5,0.3,-29.0,-17.3,-5.5,-17.3,2.0,24.4,18.0,0.0,0.5,0.3,378.5,1092.5,1332.0,861.0,3.0,726.5,16.0,0.3,0.5,0.2,380.0,1095.0,1330.0,860.0,3.0,725.0,16.0,0.3,0.5,0.2
1974,2,222.0,23.0,20.0,20.6,21.68,20.82,5.0,0.9,16.0,1.0,0.5,0.6,19.38,20.5,21.5,20.36,5.0,1.32,16.0,1.0,0.5,0.6,9.86,10.02,10.99,10.48,5.0,1.22,16.0,1.0,0.5,0.6,63.5,66.3,79.2,72.0,5.0,14.8,16.0,1.0,0.6,8.02,9.0,12.2,9.92,5.0,2.3,16.0,1.0,0.5,0.6,-9.8,-8.08,-7.58,-8.76,5.0,1.91,16.0,1.0,0.5,0.6,-6.1,-3.08,-1.39,-3.86,5.0,3.16,16.0,1.0,0.5,0.6,1019.27,1021.2,1023.73,1021.56,5.0,3.13,16.0,1.0,0.5,0.6,4.4,7.5,8.0,6.3,4.0,2.9,16.0,1.0,0.6,0.7,-113.9,-76.1,-63.4,-89.3,5.0,39.2,16.0,1.0,0.5,0.6,-75.1,-27.7,-11.2,-42.7,5.0,40.4,16.0,1.0,0.5,0.6,-1.5,1.0,2.11,0.46,5.0,1.85,16.0,1.0,0.5,0.6,-11.8,11.8,22.3,7.1,5.0,18.5,16.0,1.0,0.5,0.6,3.61,4.4,6.2,4.71,5.0,1.68,16.0,1.0,0.5,0.6,32.1,36.1,63.2,45.7,5.0,18.2,16.0,1.0,0.5,0.6,-191.2,-169.1,-160.3,-176.6,5.0,26.2,16.0,1.0,0.5,0.6,-118.9,-61.6,-29.9,-77.4,5.0,64.2,16.0,1.0,0.5,0.6,-109.0,-81.0,-75.5,-93.7,5.0,33.6,16.0,1.0,0.5,0.6,-67.9,-30.4,-14.0,-40.6,5.0,32.1,16.0,1.0,0.5,0.6,-49.1,-35.5,-31.1,-39.4,5.0,11.0,16.0,1.0,0.5,0.6,-32.6,-9.9,-6.1,-19.3,5.0,20.4,16.0,1.0,0.5,0.6,516.5,729.0,1827.0,1105.5,5.0,749.0,16.0,1.0,0.5,0.6,515.0,730.0,1825.0,1105.0,5.0,750.0,16.0,1.0,0.5,0.6
1974,2,222.0,24.0,18.87,19.65,20.43,19.65,2.0,1.63,16.0,0.0,0.3,0.4,18.23,19.8,20.07,19.17,3.0,1.46,18.0,0.3,0.4,0.5,9.14,9.64,10.76,9.94,3.0,1.21,18.0,0.3,0.4,0.5,68.2,72.5,77.1,72.6,3.0,6.5,18.0,0.3,0.5,7.84,10.3,10.3,9.1,3.0,2.08,18.0,0.3,0.4,0.5,-8.92,-8.92,-7.13,-8.05,3.0,1.52,18.0,0.3,0.4,0.5,-5.15,-5.15,-3.2,-4.2,3.0,1.65,18.0,0.3,0.4,0.5,1020.79,1021.4,1021.81,1021.3,3.0,0.75,18.0,0.3,0.4,0.5,3.8,5.5,7.2,5.5,2.0,3.5,14.0,0.5,0.3,0.6,-91.9,-91.9,-58.0,-75.3,3.0,28.7,18.0,0.3,0.4,0.5,-53.0,-53.0,-27.3,-40.5,3.0,21.8,18.0,0.3,0.4,0.5,1.0,1.0,1.0,1.0,2.0,0.0,16.0,0.0,0.3,0.4,7.3,8.5,9.7,8.5,2.0,2.5,16.0,0.0,0.3,0.4,3.95,4.06,4.16,4.06,2.0,0.22,16.0,0.0,0.3,0.4,28.9,34.8,40.7,34.8,2.0,12.2,16.0,0.0,0.3,0.4,-172.5,-156.1,-134.6,-153.6,3.0,27.8,18.0,0.3,0.4,0.5,-99.6,-90.1,-59.6,-79.8,3.0,30.7,18.0,0.3,0.4,0.5,-83.9,-79.4,-73.7,-78.8,3.0,7.5,18.0,0.3,0.4,0.5,-48.4,-45.9,-32.2,-40.4,3.0,12.8,18.0,0.3,0.4,0.5,-35.5,-31.1,-26.6,-31.1,2.0,9.2,16.0,0.0,0.3,0.4,-19.7,-15.3,-11.0,-15.3,2.0,9.0,16.0,0.0,0.3,0.4,552.0,1092.5,1092.5,828.5,3.0,457.0,18.0,0.3,0.4,0.5,550.0,1095.0,1095.0,830.0,3.0,455.0,18.0,0.3,0.4,0.5
1974,2,222.0,25.0,20.5,20.5,20.5,20.5,1.0,0.0,10.0,1.0,0.8,0.7,18.8,18.8,18.8,18.8,1.0,0.0,10.0,1.0,0.8,0.7,9.14,9.14,9.14,9.14,1.0,0.0,10.0,1.0,0.8,0.7,68.6,68.6,68.6,68.6,1.0,0.0,10.0,1.0,0.7,0.0,0.0,0.0,0.0,1.0,0.0,10.0,1.0,0.8,0.7,0.0,0.0,0.0,0.0,1.0,0.0,10.0,1.0,0.8,0.7,0.0,0.0,0.0,0.0,1.0,0.0,10.0,1.0,0.8,0.7,1021.8,1021.8,1021.8,1021.8,1.0,0.0,10.0,1.0,0.8,0.7,8.0,8.0,8.0,8.0,1.0,0.0,10.0,1.0,0.8,0.7,0.0,0.0,0.0,0.0,1.0,0.0,10.0,1.0,0.8,0.7,0.0,0.0,0.0,0.0,1.0,0.0,10.0,1.0,0.8,0.7,1.7,1.7,1.7,1.7,1.0,0.0,10.0,1.0,0.8,0.7,0.0,0.0,0.0,0.0,1.0,0.0,10.0,1.0,0.8,0.7,5.73,5.73,5.73,5.73,1.0,0.0,10.0,1.0,0.8,0.7,0.0,0.0,0.0,0.0,1.0,0.0,10.0,1.0,0.8,0.7,0.0,0.0,0.0,0.0,1.0,0.0,10.0,1.0,0.8,0.7,0.0,0.0,0.0,0.0,1.0,0.0,10.0,1.0,0.8,0.7,0.0,0.0,0.0,0.0,1.0,0.0,10.0,1.0,0.8,0.7,0.0,0.0,0.0,0.0,1.0,0.0,10.0,1.0,0.8,0.7,0.0,0.0,0.0,0.0,1.0,0.0,10.0,1.0,0.8,0.7,0.0,0.0,0.0,0.0,1.0,0.0,10.0,1.0,0.8,0.7,0.0,0.0,0.0,0.0,1.0,0.0,10.0,1.0,0.8,0.7,0.0,0.0,0.0,0.0,1.0,0.0,10.0,1.0,0.8,0.7
1974,2,222.0,26.0,19.0,19.85,20.06,19.67,6.0,0.55,16.0,0.3,0.5,0.5,18.13,18.5,18.84,18.43,6.0,0.52,16.0,0.3,0.5,0.5,7.39,9.05,10.32,9.09,6.0,1.85,16.0,0.3,0.5,0.5,59.7,67.6,79.8,69.8,6.0,13.8,16.0,0.3,0.5,3.39,5.15,8.63,5.83,6.0,2.92,16.0,0.3,0.5,0.5,-7.96,-4.84,-3.19,-5.36,6.0,2.52,16.0,0.3,0.5,0.5,-3.29,-1.76,-1.16,-2.27,6.0,1.56,16.0,0.3,0.5,0.5,1022.07,1024.05,1027.14,1024.05,6.0,3.31,16.0,0.3,0.5,0.5,2.0,5.5,7.2,5.0,6.0,2.7,16.0,0.3,0.5,0.5,-69.1,-25.2,-11.0,-37.3,6.0,33.4,16.0,0.3,0.5,0.5,-29.2,-9.2,-4.0,-16.9,6.0,19.2,16.0,0.3,0.5,0.5,0.4,1.2,1.93,1.23,6.0,0.97,16.0,0.3,0.5,0.5,1.4,6.4,10.5,6.2,6.0,5.2,16.0,0.3,0.5,0.5,3.87,4.91,7.13,5.01,6.0,2.13,16.0,0.3,0.5,0.5,15.9,29.2,42.3,28.8,6.0,16.1,16.0,0.3,0.5,0.5,-149.9,-86.8,-59.0,-99.3,6.0,48.7,16.0,0.3,0.5,0.5,-62.0,-31.6,-21.5,-42.2,6.0,30.0,16.0,0.3,0.5,0.5,-73.9,-46.9,-29.2,-48.9,6.0,23.4,16.0,0.3,0.5,0.5,-30.3,-17.1,-10.6,-20.5,6.0,13.6,16.0,0.3,0.5,0.5,-39.0,-27.5,-15.0,-26.5,6.0,14.2,16.0,0.3,0.5,0.5,-16.1,-10.0,-5.4,-11.2,6.0,8.1,16.0,0.3,0.5,0.5,40.5,141.5,663.0,332.0,6.0,420.5,16.0,0.3,0.5,0.5,40.0,140.0,665.0,330.0,6.0,420.0,16.0,0.3,0.5,0.5
1974,2,222.0,27.0,17.02,19.0,20.09,18.57,3.0,2.28,12.0,0.7,0.7,0.6,18.44,18.9,19.62,19.03,4.0,0.75,10.0,0.8,0.7,0.5,7.77,8.69,10.09,8.92,4.0,1.52,10.0,0.8,0.7,0.5,58.1,63.3,74.9,66.4,4.0,13.1,10.0,0.8,0.5,5.36,6.45,9.95,7.6,4.0,3.65,10.0,0.8,0.7,0.5,-9.49,-6.35,-5.28,-7.34,4.0,3.31,10.0,0.8,0.7,0.5,-2.82,-0.94,0.23,-1.28,4.0,2.31,10.0,0.8,0.7,0.5,1023.33,1024.9,1026.26,1024.8,4.0,1.7,10.0,0.8,0.7,0.5,4.0,6.0,6.7,5.3,3.0,2.1,10.0,0.7,0.8,0.7,-103.0,-41.0,-28.9,-64.8,4.0,61.8,10.0,0.8,0.7,0.5,-33.0,-5.2,2.3,-14.9,4.0,28.7,10.0,0.8,0.7,0.5,-1.77,-0.2,1.51,-0.13,3.0,2.4,12.0,0.7,0.7,0.6,-8.2,-1.2,19.9,5.6,3.0,21.4,12.0,0.7,0.7,0.6,3.33,3.98,5.46,4.38,3.0,1.6,12.0,0.7,0.7,0.6,21.6,38.1,47.1,34.4,3.0,18.9,12.0,0.7,0.7,0.6,-179.0,-124.6,-100.0,-138.8,4.0,58.8,10.0,0.8,0.7,0.5,-52.1,-17.8,5.1,-23.2,4.0,43.0,10.0,0.8,0.7,0.5,-98.2,-52.8,-40.9,-68.8,4.0,43.5,10.0,0.8,0.7,0.5,-29.0,-7.3,2.5,-13.0,4.0,24.9,10.0,0.8,0.7,0.5,-44.8,-37.5,-21.3,-33.2,3.0,17.7,12.0,0.7,0.7,0.6,-14.1,-6.6,-3.8,-8.9,3.0,7.8,12.0,0.7,0.7,0.6,164.5,269.5,1268.0,696.0,4.0,971.0,10.0,0.8,0.7,0.5,165.0,270.0,1270.0,695.0,4.0,970.0,10.0,0.8,0.7,0.5
1974,2,222.0,28.0,18.34,19.75,21.0,19.7,14.0,1.38,14.0,0.4,0.4,0.5,17.2,17.8,18.99,18.12,14.0,1.55,14.0,0.4,0.4,0.5,8.18,9.51,11.13,9.6,14.0,1.48,14.0,0.4,0.4,0.5,64.4,73.8,89.0,75.4,14.0,12.6,14.0,0.4,0.5,3.63,5.95,7.67,5.51,14.0,2.45,14.0,0.4,0.4,0.5,-7.02,-4.58,-2.5,-3.85,14.0,3.65,14.0,0.4,0.4,0.5,-3.9,-0.62,1.91,-0.47,14.0,3.04,14.0,0.4,0.4,0.5,1020.09,1023.95,1025.96,1022.79,14.0,4.34,14.0,0.4,0.4,0.5,3.9,7.0,8.0,6.0,13.0,1.9,14.0,0.4,0.4,0.5,-54.7,-26.0,-6.7,-24.2,14.0,28.9,14.0,0.4,0.4,0.5,-24.4,-2.2,10.8,-2.6,14.0,22.8,14.0,0.4,0.4,0.5,0.0,2.2,3.26,1.58,14.0,1.76,14.0,0.4,0.4,0.5,0.0,10.2,21.7,9.8,14.0,11.6,14.0,0.4,0.4,0.5,1.99,4.82,6.39,4.58,14.0,1.99,14.0,0.4,0.4,0.5,6.4,24.0,49.7,26.9,14.0,19.3,14.0,0.4,0.4,0.5,-121.1,-85.1,-46.9,-69.1,14.0,65.0,14.0,0.4,0.4,0.5,-68.4,-9.9,33.4,-8.3,14.0,53.7,14.0,0.4,0.4,0.5,-60.3,-42.7,-28.7,-37.5,14.0,30.3,14.0,0.4,0.4,0.5,-33.7,-5.5,17.7,-5.2,14.0,27.8,14.0,0.4,0.4,0.5,-38.9,-17.6,-4.8,-18.7,14.0,22.3,14.0,0.4,0.4,0.5,-18.0,-1.1,6.7,-2.9,14.0,16.4,14.0,0.4,0.4,0.5,48.0,212.0,451.5,251.5,14.0,226.5,14.0,0.4,0.4,0.5,50.0,210.0,450.0,250.0,14.0,225.0,14.0,0.4,0.4,0.5
1974,2,222.0,29.0,17.65,19.0,20.0,18.88,17.0,1.55,14.0,0.4,0.5,0.5,17.0,18.2,19.7,18.2,16.0,1.79,14.0,0.4,0.6,0.5,7.52,9.06,10.8,9.27,16.0,1.73,14.0,0.4,0.6,0.5,59.1,72.8,85.6,72.7,16.0,15.0,14.0,0.4,0.5,1.42,2.6,8.69,4.41,16.0,3.51,14.0,0.4,0.6,0.5,-8.6,-2.44,1.21,-3.15,16.0,4.4,14.0,0.4,0.6,0.5,-1.01,-0.17,1.72,-0.05,16.0,1.78,14.0,0.4,0.6,0.5,1022.38,1024.0,1025.32,1024.1,16.0,1.88,14.0,0.4,0.6,0.5,2.8,6.0,7.6,5.4,16.0,2.3,14.0,0.4,0.6,0.5,-75.3,-6.4,3.1,-27.0,16.0,39.5,14.0,0.4,0.6,0.5,-5.0,-0.2,11.7,-0.7,16.0,12.7,14.0,0.4,0.6,0.5,-2.15,0.6,3.5,0.69,16.0,3.05,14.0,0.4,0.6,0.5,-5.6,0.3,9.0,-0.4,16.0,22.6,14.0,0.4,0.6,0.5,2.06,4.47,6.03,4.2,16.0,2.12,14.0,0.4,0.6,0.5,1.5,14.2,38.3,19.5,16.0,20.5,14.0,0.4,0.6,0.5,-161.9,-42.0,22.2,-61.0,16.0,84.7,14.0,0.4,0.6,0.5,-19.6,-2.9,33.1,-1.0,16.0,34.3,14.0,0.4,0.6,0.5,-69.6,-17.4,14.2,-25.9,16.0,39.9,14.0,0.4,0.6,0.5,-8.1,-1.7,15.9,0.8,16.0,17.8,14.0,0.4,0.6,0.5,-36.6,-12.7,0.9,-16.3,16.0,22.4,14.0,0.4,0.6,0.5,-6.1,0.0,3.6,-1.3,16.0,6.2,14.0,0.4,0.6,0.5,4.0,17.5,672.0,259.0,16.0,393.5,14.0,0.4,0.6,0.5,5.0,20.0,670.0,260.0,16.0,395.0,14.0,0.4,0.6,0.5
1974,2,222.0,30.0,17.99,18.6,18.95,18.48,4.0,0.6,16.0,0.8,0.3,0.4,16.85,18.3,20.41,18.68,5.0,2.18,18.0,0.8,0.4,0.4,8.67,9.54,10.87,9.76,4.0,1.62,16.0,0.8,0.3,0.4,70.5,81.7,85.1,78.0,4.0,10.7,16.0,0.8,0.4,2.6,4.1,5.5,4.12,5.0,1.57,18.0,0.8,0.4,0.4,-4.61,-1.99,1.5,-1.73,5.0,3.28,18.0,0.8,0.4,0.4,-2.54,-1.99,0.35,-1.04,5.0,2.8,18.0,0.8,0.4,0.4,1026.72,1027.75,1028.57,1027.65,4.0,1.22,16.0,0.8,0.3,0.4,6.0,7.0,7.4,6.8,5.0,0.8,18.0,0.8,0.4,0.4,-25.8,-5.2,4.9,-10.2,5.0,17.7,18.0,0.8,0.4,0.4,-14.5,-5.2,3.0,-4.7,5.0,12.6,18.0,0.8,0.4,0.4,-0.31,0.55,1.57,0.63,4.0,1.16,16.0,0.8,0.3,0.4,-0.8,1.4,6.7,2.9,4.0,5.2,16.0,0.8,0.3,0.4,2.04,3.38,4.49,3.27,4.0,1.51,16.0,0.8,0.3,0.4,5.3,13.9,25.7,15.4,4.0,12.3,16.0,0.8,0.3,0.4,-81.1,-33.1,31.5,-28.5,5.0,60.9,18.0,0.8,0.4,0.4,-45.0,-38.8,13.3,-15.3,5.0,56.8,18.0,0.8,0.4,0.4,-42.0,-28.0,1.3,-20.7,4.0,29.4,16.0,0.8,0.3,0.4,-27.4,-20.4,-16.6,-21.9,4.0,6.8,16.0,0.8,0.3,0.4,-22.4,-10.6,-1.3,-11.8,4.0,13.4,16.0,0.8,0.3,0.4,-11.9,-7.4,-3.6,-7.8,4.0,4.9,16.0,0.8,0.3,0.4,17.5,69.0,171.0,95.0,5.0,93.0,18.0,0.8,0.4,0.4,20.0,70.0,170.0,95.0,5.0,95.0,18.0,0.8,0.4,0.4
1974,2,222.0,31.0,16.7,17.8,18.73,17.85,12.0,1.33,12.0,0.4,0.4,0.3,15.45,16.7,18.03,16.68,13.0,1.81,12.0,0.5,0.4,0.2,7.83,8.72,9.75,8.79,13.0,1.3,12.0,0.5,0.4,0.2,69.1,73.5,84.2,75.4,13.0,8.1,12.0,0.5,0.2,1.57,4.85,6.2,4.7,14.0,3.19,12.0,0.5,0.4,0.3,-5.02,-2.58,0.0,-1.54,14.0,4.82,12.0,0.5,0.4,0.3,-2.76,0.26,2.77,0.24,14.0,2.84,12.0,0.5,0.4,0.3,1022.81,1026.35,1028.05,1025.91,14.0,3.18,12.0,0.5,0.4,0.3,2.1,5.0,7.0,4.7,14.0,2.4,12.0,0.5,0.4,0.3,-28.0,-7.4,0.0,-3.0,14.0,44.8,12.0,0.5,0.4,0.3,-13.0,0.4,18.4,4.8,14.0,24.3,12.0,0.5,0.4,0.3,-0.04,0.6,2.45,0.84,11.0,1.85,14.0,0.4,0.4,0.2,-0.3,0.5,11.7,1.2,11.0,14.0,14.0,0.4,0.4,0.2,2.97,3.58,4.86,3.73,11.0,1.63,14.0,0.4,0.4,0.2,6.9,16.9,23.4,15.7,11.0,9.2,14.0,0.4,0.4,0.2,-84.3,-48.6,10.7,-21.0,13.0,91.1,12.0,0.5,0.4,0.2,-43.5,0.0,45.5,6.1,13.0,52.2,12.0,0.5,0.4,0.2,-44.3,-23.6,5.5,-10.0,13.0,50.8,12.0,0.5,0.4,0.2,-22.2,0.0,22.6,2.9,13.0,29.9,12.0,0.5,0.4,0.2,-21.3,-10.4,0.3,-9.5,11.0,13.3,14.0,0.4,0.4,0.2,-8.6,0.5,9.7,0.9,11.0,9.0,14.0,0.4,0.4,0.2,4.5,115.0,238.5,258.0,14.0,485.5,12.0,0.5,0.4,0.3,5.0,115.0,240.0,260.0,14.0,485.0,12.0,0.5,0.4,0.3
1974,2,222.0,32.0,16.7,17.4,18.9,17.55,20.0,1.25,16.0,0.6,0.5,0.4,15.6,16.1,17.8,16.53,21.0,1.11,14.0,0.5,0.4,0.4,7.84,8.76,10.31,8.91,18.0,1.25,14.0,0.5,0.4,0.4,70.5,76.1,84.5,77.7,18.0,7.7,14.0,0.5,0.4,4.1,5.65,9.28,6.37,20.0,2.36,14.0,0.6,0.4,0.4,-7.19,-2.74,3.52,-1.42,20.0,5.12,14.0,0.6,0.4,0.4,0.0,2.96,4.95,2.57,20.0,3.6,14.0,0.6,0.4,0.4,1023.75,1026.8,1028.18,1026.33,21.0,2.72,14.0,0.5,0.4,0.4,5.2,7.0,8.0,6.4,21.0,1.7,14.0,0.5,0.4,0.4,-51.8,-7.8,19.8,-10.8,20.0,40.9,14.0,0.6,0.4,0.4,0.0,13.8,37.9,19.2,20.0,32.1,14.0,0.6,0.4,0.4,-1.09,1.2,2.2,0.97,20.0,1.82,16.0,0.6,0.5,0.4,-5.0,5.7,11.9,4.6,19.0,10.9,16.0,0.6,0.4,0.4,1.65,3.78,4.56,3.35,17.0,1.68,14.0,0.5,0.5,0.4,9.8,18.0,32.0,19.6,16.0,11.0,14.0,0.6,0.5,0.4,-115.0,-43.9,56.3,-20.9,20.0,84.1,14.0,0.6,0.4,0.4,0.0,44.2,85.3,44.7,20.0,63.4,14.0,0.6,0.4,0.4,-56.8,-23.0,32.2,-11.3,17.0,47.0,14.0,0.5,0.4,0.4,-4.8,22.0,59.5,24.4,17.0,37.1,14.0,0.5,0.4,0.4,-23.6,-3.7,14.8,-4.1,16.0,18.5,14.0,0.6,0.5,0.4,0.0,6.2,17.1,7.4,16.0,10.6,14.0,0.6,0.5,0.4,69.0,185.5,800.5,362.0,20.0,347.0,14.0,0.6,0.4,0.4,70.0,185.0,800.0,360.0,20.0,345.0,14.0,0.6,0.4,0.4
1974,2,222.0,33.0,15.41,16.05,17.0,16.26,14.0,0.89,18.0,0.9,0.5,0.4,14.3,15.6,17.8,15.83,12.0,1.73,16.0,0.9,0.4,0.4,6.85,8.18,9.9,8.29,12.0,1.69,16.0,0.9,0.4,0.4,65.9,76.1,81.6,74.8,12.0,10.6,16.0,0.9,0.4,3.1,5.1,7.7,5.39,16.0,2.52,18.0,0.9,0.5,0.4,-5.27,-1.86,3.13,-1.5,16.0,4.19,18.0,0.9,0.5,0.4,-2.39,0.0,6.18,1.08,16.0,4.03,18.0,0.9,0.5,0.4,1020.6,1026.55,1030.5,1025.27,16.0,7.21,18.0,0.9,0.5,0.4,4.8,7.5,8.0,6.6,16.0,2.1,18.0,0.9,0.5,0.4,-30.5,-9.0,15.3,-7.9,16.0,31.1,18.0,0.9,0.5,0.4,-9.0,0.0,43.8,10.4,16.0,30.6,18.0,0.9,0.5,0.4,-1.87,0.25,2.33,0.24,10.0,2.19,14.0,0.9,0.4,0.4,-12.4,0.0,9.2,-0.2,10.0,12.6,14.0,0.9,0.4,0.4,1.21,2.85,3.9,2.71,10.0,1.54,14.0,0.9,0.4,0.4,1.4,11.3,26.8,14.5,10.0,11.8,14.0,0.9,0.4,0.4,-89.4,-21.0,55.4,-17.4,12.0,77.9,16.0,0.9,0.4,0.4,-44.3,0.0,61.1,3.0,12.0,58.5,16.0,0.9,0.4,0.4,-52.6,-7.8,28.1,-8.1,12.0,40.2,16.0,0.9,0.4,0.4,-23.0,0.0,33.5,2.4,12.0,32.2,16.0,0.9,0.4,0.4,-25.1,-5.4,5.3,-7.1,10.0,15.2,14.0,0.9,0.4,0.4,-5.6,-0.1,0.0,-0.8,10.0,9.1,14.0,0.9,0.4,0.4,30.0,132.5,456.5,252.0,16.0,285.0,18.0,0.9,0.5,0.4,30.0,135.0,455.0,250.0,16.0,285.0,18.0,0.9,0.5,0.4
1974,2,222.0,34.0,15.07,16.1,17.0,16.09,8.0,1.28,18.0,0.5,0.4,0.5,12.27,14.15,17.22,14.34,8.0,2.43,18.0,0.5,0.4,0.5,6.32,6.67,7.94,6.91,7.0,0.92,20.0,0.6,0.4,0.4,64.2,70.1,72.5,71.5,7.0,12.6,20.0,0.6,0.4,3.44,8.5,9.3,7.49,8.0,3.57,18.0,0.5,0.4,0.5,-1.98,3.39,7.82,2.65,8.0,6.07,18.0,0.5,0.4,0.5,-7.05,-4.37,1.19,-3.05,8.0,4.61,18.0,0.5,0.4,0.5,1019.27,1023.5,1029.89,1022.73,8.0,8.56,18.0,0.5,0.4,0.5,6.0,8.0,8.0,7.0,8.0,1.5,18.0,0.5,0.4,0.5,-4.3,28.2,72.8,33.1,8.0,61.2,18.0,0.5,0.4,0.5,-73.9,-22.6,9.2,-27.0,8.0,45.4,18.0,0.5,0.4,0.5,-2.0,2.15,3.83,1.75,8.0,3.46,18.0,0.5,0.4,0.5,-6.6,18.4,30.0,19.4,8.0,33.3,18.0,0.5,0.4,0.5,4.15,4.79,5.51,4.59,7.0,1.01,20.0,0.6,0.4,0.4,23.8,35.1,46.3,36.8,7.0,14.5,20.0,0.6,0.4,0.4,-35.0,43.9,118.7,32.8,8.0,85.8,18.0,0.5,0.4,0.5,-89.0,-57.4,17.8,-35.4,8.0,64.2,18.0,0.5,0.4,0.5,-9.1,31.0,65.1,24.8,7.0,47.8,20.0,0.6,0.4,0.4,-52.6,-32.5,11.0,-22.3,7.0,34.3,20.0,0.6,0.4,0.4,-7.2,19.6,30.4,13.5,7.0,27.8,20.0,0.6,0.4,0.4,-34.1,-30.9,6.4,-18.6,7.0,20.0,20.0,0.6,0.4,0.4,53.0,630.5,804.5,661.5,8.0,688.0,18.0,0.5,0.4,0.5,55.0,630.0,805.0,660.0,8.0,690.0,18.0,0.5,0.4,0.5
1974,2,222.0,35.0,14.43,15.0,15.71,15.06,10.0,0.77,16.0,0.7,0.6,0.5,12.72,14.0,15.51,14.08,12.0,2.18,14.0,0.7,0.7,0.5,6.44,7.72,9.29,7.9,10.0,1.37,16.0,0.7,0.6,0.5,72.9,77.4,86.0,79.7,10.0,8.2,16.0,0.7,0.5,4.85,7.45,11.71,7.8,12.0,3.32,14.0,0.7,0.7,0.5,-4.9,3.41,6.5,1.55,12.0,5.67,14.0,0.7,0.7,0.5,-4.93,1.2,7.5,1.05,12.0,6.43,14.0,0.7,0.7,0.5,1020.26,1027.45,1029.73,1024.75,12.0,8.19,14.0,0.7,0.7,0.5,6.0,7.0,8.0,6.8,12.0,1.4,14.0,0.7,0.7,0.5,-39.9,16.5,64.4,14.8,12.0,56.8,14.0,0.7,0.7,0.5,-34.0,6.8,68.3,12.3,12.0,71.6,14.0,0.7,0.7,0.5,-1.14,1.15,2.87,0.96,10.0,2.39,16.0,0.7,0.6,0.5,-9.8,5.1,29.8,9.6,10.0,21.0,16.0,0.7,0.6,0.5,1.33,3.01,3.37,2.59,10.0,1.33,16.0,0.7,0.6,0.5,8.1,17.4,34.9,21.0,10.0,13.7,16.0,0.7,0.6,0.5,-71.5,46.7,90.7,20.9,12.0,79.1,14.0,0.7,0.7,0.5,-59.0,16.3,110.0,21.0,12.0,87.0,14.0,0.7,0.7,0.5,-48.6,27.7,55.2,13.8,10.0,47.5,16.0,0.7,0.6,0.5,-34.8,8.8,67.5,15.5,10.0,56.5,16.0,0.7,0.6,0.5,-15.3,6.0,20.9,3.9,10.0,18.0,16.0,0.7,0.6,0.5,-20.5,4.0,10.8,-1.8,10.0,18.2,16.0,0.7,0.6,0.5,116.5,415.0,1622.0,724.0,12.0,819.5,14.0,0.7,0.7,0.5,115.0,415.0,1620.0,725.0,12.0,820.0,14.0,0.7,0.7,0.5
1974,2,222.0,36.0,13.45,14.4,15.0,14.28,9.0,0.99,14.0,0.3,0.6,0.2,11.7,13.2,15.0,13.38,9.0,2.22,14.0,0.3,0.6,0.2,5.89,7.1,8.73,7.08,9.0,1.52,14.0,0.3,0.6,0.2,64.7,73.5,87.4,75.1,9.0,11.6,14.0,0.3,0.2,4.73,6.7,7.57,6.28,9.0,1.41,14.0,0.3,0.6,0.2,-6.96,0.0,3.72,-1.26,9.0,4.94,14.0,0.3,0.6,0.2,-5.64,-1.34,3.33,-1.35,9.0,4.25,14.0,0.3,0.6,0.2,1027.62,1030.7,1031.37,1029.81,9.0,2.14,14.0,0.3,0.6,0.2,4.3,7.0,7.7,6.1,9.0,2.0,14.0,0.3,0.6,0.2,-49.2,0.0,24.6,-8.6,9.0,36.0,14.0,0.3,0.6,0.2,-35.7,-10.3,14.7,-10.8,9.0,26.4,14.0,0.3,0.6,0.2,-1.38,1.8,3.44,0.9,9.0,2.83,14.0,0.3,0.6,0.2,-6.8,12.4,23.1,5.9,9.0,19.8,14.0,0.3,0.6,0.2,1.12,3.32,4.75,2.86,9.0,1.73,14.0,0.3,0.6,0.2,7.4,22.3,28.9,18.1,9.0,10.9,14.0,0.3,0.6,0.2,-97.5,0.0,44.4,-24.6,9.0,68.3,14.0,0.3,0.6,0.2,-62.5,-22.7,49.0,-11.9,9.0,53.7,14.0,0.3,0.6,0.2,-53.6,0.0,25.6,-11.5,9.0,36.0,14.0,0.3,0.6,0.2,-35.7,-10.0,27.6,-5.6,9.0,29.5,14.0,0.3,0.6,0.2,-9.4,0.0,13.3,-0.4,9.0,14.4,14.0,0.3,0.6,0.2,-23.0,-1.8,4.4,-8.5,9.0,14.1,14.0,0.3,0.6,0.2,107.0,301.0,434.0,280.0,9.0,164.0,14.0,0.3,0.6,0.2,105.0,300.0,435.0,280.0,9.0,165.0,14.0,0.3,0.6,0.2
1974,2,222.0,37.0,12.56,13.15,13.52,13.02,6.0,0.6,18.0,0.8,0.6,0.5,11.65,13.0,14.02,12.99,7.0,1.37,16.0,0.7,0.5,0.5,5.92,8.04,8.13,7.05,5.0,1.84,20.0,1.0,0.6,0.5,67.2,82.1,89.0,77.1,5.0,18.0,20.0,1.0,0.5,7.2,9.8,10.8,9.11,7.0,1.68,16.0,0.7,0.5,0.5,-4.89,7.09,10.15,2.59,7.0,8.05,16.0,0.7,0.5,0.5,-3.69,-1.79,5.71,0.3,7.0,5.19,16.0,0.7,0.5,0.5,1015.17,1020.6,1024.33,1021.27,7.0,5.69,16.0,0.7,0.5,0.5,7.2,8.0,8.0,7.3,6.0,1.6,18.0,0.7,0.5,0.4,-36.7,51.1,109.6,24.5,7.0,79.4,16.0,0.7,0.5,0.5,-39.9,-18.4,42.3,1.0,7.0,49.2,16.0,0.7,0.5,0.5,-1.44,-0.45,1.85,0.03,6.0,1.84,18.0,0.8,0.6,0.5,-12.0,-4.9,15.4,0.4,6.0,18.0,18.0,0.8,0.6,0.5,1.01,1.52,3.6,2.31,5.0,1.91,20.0,1.0,0.6,0.5,9.4,16.4,31.6,20.2,5.0,13.2,20.0,1.0,0.6,0.5,-63.6,83.0,110.4,32.0,7.0,104.1,16.0,0.7,0.5,0.5,-40.2,-23.3,74.7,5.6,7.0,70.4,16.0,0.7,0.5,0.5,-12.8,58.2,75.8,31.5,5.0,67.1,20.0,1.0,0.6,0.5,-27.6,-21.2,-11.0,-19.4,5.0,10.0,20.0,1.0,0.6,0.5,0.6,15.4,30.3,15.3,5.0,18.8,20.0,1.0,0.6,0.5,-7.7,-5.6,-2.3,-5.2,5.0,3.1,20.0,1.0,0.6,0.5,373.0,941.0,1259.5,822.5,7.0,409.5,16.0,0.7,0.5,0.5,375.0,940.0,1260.0,820.0,7.0,410.0,16.0,0.7,0.5,0.5
1974,2,222.0,38.0,11.42,12.8,13.81,12.93,9.0,1.8,14.0,0.3,0.6,0.5,10.07,11.55,12.47,11.14,8.0,1.73,14.0,0.4,0.6,0.5,5.1,5.91,6.67,5.87,8.0,0.81,14.0,0.4,0.6,0.5,66.0,73.1,76.2,72.1,8.0,5.1,14.0,0.4,0.5,6.23,12.9,18.79,12.47,9.0,6.09,14.0,0.3,0.6,0.5,-7.84,4.79,15.89,4.92,9.0,11.22,14.0,0.3,0.6,0.5,-4.66,-1.74,7.58,-0.16,9.0,7.66,14.0,0.3,0.6,0.5,1018.84,1027.1,1031.5,1025.57,9.0,6.93,14.0,0.3,0.6,0.5,4.3,6.0,8.0,6.2,9.0,1.9,14.0,0.3,0.6,0.5,-80.1,24.4,322.2,99.3,9.0,196.1,14.0,0.3,0.6,0.5,-71.6,-8.9,83.1,-26.0,9.0,129.2,14.0,0.3,0.6,0.5,-0.94,1.35,3.41,1.29,8.0,2.05,14.0,0.4,0.6,0.5,-8.5,8.7,50.0,19.1,8.0,31.1,14.0,0.4,0.6,0.5,1.68,3.19,4.09,2.98,8.0,1.17,14.0,0.4,0.6,0.5,17.7,26.7,58.9,35.1,8.0,23.4,14.0,0.4,0.6,0.5,-99.8,30.6,136.5,22.8,8.0,110.8,14.0,0.4,0.6,0.5,-42.3,15.7,100.6,24.5,8.0,68.3,14.0,0.4,0.6,0.5,-52.8,14.6,69.5,13.8,8.0,60.4,14.0,0.4,0.6,0.5,-23.7,9.5,50.2,12.6,8.0,36.0,14.0,0.4,0.6,0.5,-14.9,10.3,55.4,18.5,8.0,35.9,14.0,0.4,0.6,0.5,-17.5,-0.2,13.9,-0.4,8.0,16.5,14.0,0.4,0.6,0.5,313.5,2146.5,7109.0,3218.0,9.0,3855.0,14.0,0.3,0.6,0.5,315.0,2145.0,7110.0,3220.0,9.0,3855.0,14.0,0.3,0.6,0.5
1974,2,222.0,39.0,11.4,12.2,14.39,12.78,5.0,2.23,18.0,0.6,0.7,0.4,9.46,10.0,14.45,11.64,5.0,2.81,18.0,0.6,0.7,0.4,5.44,7.49,8.11,6.96,5.0,1.68,18.0,0.6,0.7,0.4,73.6,79.3,90.5,81.8,5.0,12.1,18.0,0.6,0.4,7.04,10.55,12.42,9.52,6.0,3.85,20.0,0.7,0.6,0.3,2.72,6.9,9.05,6.05,6.0,5.14,20.0,0.7,0.6,0.3,-5.16,0.23,9.59,1.39,6.0,7.13,20.0,0.7,0.6,0.3,1018.8,1021.6,1025.8,1021.83,6.0,4.88,20.0,0.7,0.6,0.3,4.6,6.5,8.0,6.2,6.0,1.9,20.0,0.7,0.6,0.3,25.3,72.3,111.5,72.5,6.0,58.7,20.0,0.7,0.6,0.3,-46.3,0.6,116.9,22.7,6.0,77.6,20.0,0.7,0.6,0.3,-2.25,0.0,4.92,1.14,5.0,4.08,18.0,0.6,0.7,0.4,-27.1,0.0,54.6,12.8,5.0,49.6,18.0,0.6,0.7,0.4,-0.15,1.19,4.67,2.17,5.0,2.85,18.0,0.6,0.7,0.4,-1.8,14.6,51.9,25.3,5.0,35.5,18.0,0.6,0.7,0.4,39.2,90.9,114.0,74.6,5.0,58.6,18.0,0.6,0.7,0.4,-16.1,4.5,140.6,49.7,5.0,88.8,18.0,0.6,0.7,0.4,22.6,54.0,60.5,40.7,5.0,34.0,18.0,0.6,0.7,0.4,-9.8,3.4,79.1,28.2,5.0,51.3,18.0,0.6,0.7,0.4,-0.9,9.4,49.0,23.8,5.0,35.2,18.0,0.6,0.7,0.4,-8.9,0.0,4.1,-2.0,5.0,10.2,18.0,0.6,0.7,0.4,441.0,1223.5,1920.0,1170.5,6.0,836.5,20.0,0.7,0.6,0.3,440.0,1225.0,1920.0,1170.0,6.0,835.0,20.0,0.7,0.6,0.3
1974,2,222.0,40.0,10.95,13.0,13.0,12.0,3.0,1.73,10.0,0.3,0.5,0.6,10.52,11.3,12.81,11.65,4.0,1.69,12.0,0.3,0.6,0.5,6.14,6.98,7.0,6.58,3.0,0.72,10.0,0.3,0.5,0.6,78.3,82.9,85.6,82.0,3.0,5.4,10.0,0.3,0.6,7.94,12.05,17.52,12.7,4.0,5.63,12.0,0.3,0.6,0.5,1.38,5.46,9.88,5.62,4.0,4.9,12.0,0.3,0.6,0.5,-0.13,10.13,14.42,7.28,4.0,10.48,12.0,0.3,0.6,0.5,1012.01,1016.5,1023.24,1017.58,4.0,7.3,12.0,0.3,0.6,0.5,6.5,7.5,8.0,7.3,4.0,1.0,12.0,0.3,0.6,0.5,11.0,87.1,171.9,91.2,4.0,93.0,12.0,0.3,0.6,0.5,0.9,129.9,256.0,128.5,4.0,160.2,12.0,0.3,0.6,0.5,-0.27,1.5,2.52,1.13,3.0,2.07,10.0,0.3,0.5,0.6,1.2,23.1,26.8,14.2,3.0,20.3,10.0,0.3,0.5,0.6,1.07,2.33,3.11,2.1,3.0,1.51,10.0,0.3,0.5,0.6,11.2,26.8,38.7,25.0,3.0,20.1,10.0,0.3,0.5,0.6,14.5,62.5,127.0,70.4,4.0,65.9,12.0,0.3,0.6,0.5,2.9,130.1,180.3,93.4,4.0,120.8,12.0,0.3,0.6,0.5,8.4,10.0,48.5,28.0,3.0,33.2,10.0,0.3,0.5,0.6,-11.8,56.6,96.4,42.6,3.0,80.2,10.0,0.3,0.5,0.6,2.0,4.6,16.6,9.1,3.0,11.4,10.0,0.3,0.5,0.6,-16.7,4.0,27.4,5.3,3.0,32.3,10.0,0.3,0.5,0.6,501.5,2285.5,5507.0,2971.5,4.0,3076.5,12.0,0.3,0.6,0.5,500.0,2285.0,5505.0,2970.0,4.0,3075.0,12.0,0.3,0.6,0.5
1974,2,222.0,41.0,14.0,14.0,14.0,14.0,1.0,0.0,24.0,0.0,0.7,0.5,10.0,10.25,11.29,10.63,4.0,0.95,18.0,0.3,0.6,0.4,6.85,6.85,6.85,6.85,1.0,0.0,24.0,0.0,0.7,0.5,88.0,88.0,88.0,88.0,1.0,0.0,24.0,0.0,0.5,10.68,13.9,15.76,13.25,4.0,3.69,18.0,0.3,0.6,0.4,8.61,12.22,15.66,12.14,4.0,4.35,18.0,0.3,0.6,0.4,1.19,3.3,6.46,3.8,4.0,3.62,18.0,0.3,0.6,0.4,1004.34,1015.65,1022.4,1013.48,4.0,10.93,18.0,0.3,0.6,0.4,8.0,8.0,8.0,8.0,3.0,0.0,16.0,0.3,0.6,0.4,96.0,170.9,248.6,172.2,4.0,98.1,18.0,0.3,0.6,0.4,16.0,34.8,77.6,46.3,4.0,48.9,18.0,0.3,0.6,0.4,3.5,3.5,3.5,3.5,1.0,0.0,24.0,0.0,0.7,0.5,46.9,46.9,46.9,46.9,1.0,0.0,24.0,0.0,0.7,0.5,2.97,2.97,2.97,2.97,1.0,0.0,24.0,0.0,0.7,0.5,39.8,39.8,39.8,39.8,1.0,0.0,24.0,0.0,0.7,0.5,88.5,124.8,174.4,131.2,4.0,56.5,18.0,0.3,0.6,0.4,11.9,33.0,66.9,39.1,4.0,38.2,18.0,0.3,0.6,0.4,70.4,70.4,70.4,70.4,1.0,0.0,24.0,0.0,0.7,0.5,59.0,59.0,59.0,59.0,1.0,0.0,24.0,0.0,0.7,0.5,30.5,30.5,30.5,30.5,1.0,0.0,24.0,0.0,0.7,0.5,25.6,25.6,25.6,25.6,1.0,0.0,24.0,0.0,0.7,0.5,1434.5,2696.0,3995.5,2714.0,4.0,1796.5,18.0,0.3,0.6,0.4,1435.0,2695.0,3995.0,2715.0,4.0,1795.0,18.0,0.3,0.6,0.4
1974,2,222.0,42.0,10.0,10.5,11.68,10.8,5.0,0.91,14.0,0.8,0.6,0.3,8.9,10.7,13.83,11.34,5.0,3.66,14.0,0.8,0.6,0.3,5.66,6.23,7.89,6.7,5.0,1.35,14.0,0.8,0.6,0.3,72.0,75.2,91.8,81.2,5.0,12.2,14.0,0.8,0.3,5.75,11.8,12.88,9.76,5.0,4.16,14.0,0.8,0.6,0.3,-0.33,5.13,12.12,5.74,5.0,6.76,14.0,0.8,0.6,0.3,2.56,4.04,7.16,4.9,5.0,4.41,14.0,0.8,0.6,0.3,1013.37,1030.0,1034.3,1024.74,5.0,11.7,14.0,0.8,0.6,0.3,2.6,7.0,7.0,5.2,5.0,2.5,14.0,0.8,0.6,0.3,-7.7,34.4,153.6,67.0,5.0,92.0,14.0,0.8,0.6,0.3,10.5,28.9,84.6,48.4,5.0,58.9,14.0,0.8,0.6,0.3,-2.14,-0.2,1.1,-0.54,5.0,2.86,14.0,0.8,0.6,0.3,-29.1,-2.5,7.3,-11.6,5.0,33.9,14.0,0.8,0.6,0.3,0.0,1.84,2.19,1.24,5.0,1.15,14.0,0.8,0.6,0.3,0.0,14.5,23.9,12.7,5.0,12.3,14.0,0.8,0.6,0.3,-3.8,35.9,170.8,77.9,5.0,106.1,14.0,0.8,0.6,0.3,19.1,40.4,78.1,49.7,5.0,48.3,14.0,0.8,0.6,0.3,-1.2,27.2,87.8,41.9,5.0,53.4,14.0,0.8,0.6,0.3,14.5,25.1,45.0,29.8,5.0,25.8,14.0,0.8,0.6,0.3,-1.4,0.0,16.0,6.4,5.0,11.6,14.0,0.8,0.6,0.3,0.0,8.9,14.1,8.1,5.0,9.1,14.0,0.8,0.6,0.3,216.0,1643.0,2162.0,1312.0,5.0,1103.0,14.0,0.8,0.6,0.3,215.0,1645.0,2160.0,1310.0,5.0,1105.0,14.0,0.8,0.6,0.3
1974,2,222.0,43.0,9.16,9.5,9.84,9.5,2.0,0.71,18.0,0.5,1.0,0.3,7.74,8.25,8.76,8.25,2.0,1.06,18.0,0.5,1.0,0.3,5.8,5.98,6.15,5.98,2.0,0.37,18.0,0.5,1.0,0.3,87.7,88.7,89.7,88.7,2.0,2.1,18.0,0.5,0.3,13.79,15.7,17.61,15.7,2.0,3.96,18.0,0.5,1.0,0.3,-3.28,3.29,9.85,3.29,2.0,13.6,18.0,0.5,1.0,0.3,2.76,8.69,14.63,8.69,2.0,12.29,18.0,0.5,1.0,0.3,1009.86,1016.0,1022.14,1016.0,2.0,12.73,18.0,0.5,1.0,0.3,2.0,2.0,2.0,2.0,1.0,0.0,22.0,0.0,1.0,0.0,-72.1,24.7,121.4,24.7,2.0,200.4,18.0,0.5,1.0,0.3,51.0,160.8,270.6,160.8,2.0,227.4,18.0,0.5,1.0,0.3,0.4,1.25,2.1,1.25,2.0,1.77,18.0,0.5,1.0,0.3,5.1,16.1,27.1,16.1,2.0,22.8,18.0,0.5,1.0,0.3,1.05,1.35,1.66,1.35,2.0,0.62,18.0,0.5,1.0,0.3,17.9,20.0,22.2,20.0,2.0,4.4,18.0,0.5,1.0,0.3,-32.6,19.9,72.4,19.9,2.0,108.7,18.0,0.5,1.0,0.3,24.8,78.2,131.6,78.2,2.0,110.6,18.0,0.5,1.0,0.3,-21.5,17.2,55.8,17.2,2.0,80.1,18.0,0.5,1.0,0.3,17.2,54.2,91.2,54.2,2.0,76.7,18.0,0.5,1.0,0.3,-1.2,8.7,18.6,8.7,2.0,20.5,18.0,0.5,1.0,0.3,2.5,7.9,13.4,7.9,2.0,11.2,18.0,0.5,1.0,0.3,2811.0,4239.0,5667.5,4239.0,2.0,2959.0,18.0,0.5,1.0,0.3,2810.0,4240.0,5665.0,4240.0,2.0,2960.0,18.0,0.5,1.0,0.3
1974,2,222.0,44.0,9.02,9.5,10.52,9.77,3.0,1.12,20.0,0.0,0.7,0.4,6.63,8.0,8.2,7.43,3.0,1.25,20.0,0.0,0.7,0.4,4.68,5.06,6.2,5.43,3.0,1.16,20.0,0.0,0.7,0.4,75.7,78.8,93.3,84.4,3.0,13.7,20.0,0.0,0.4,10.78,11.8,11.8,11.3,3.0,0.87,20.0,0.0,0.7,0.4,9.85,10.22,10.81,10.33,3.0,0.71,20.0,0.0,0.7,0.4,-5.31,-4.04,-3.69,-4.49,3.0,1.25,20.0,0.0,0.7,0.4,1001.86,1008.0,1019.26,1010.5,3.0,12.93,20.0,0.0,0.7,0.4,3.6,7.0,7.7,5.7,3.0,3.2,20.0,0.0,0.7,0.4,106.3,120.6,127.6,117.0,3.0,15.9,20.0,0.0,0.7,0.4,-62.6,-47.6,-39.9,-51.2,3.0,16.9,20.0,0.0,0.7,0.4,1.29,3.0,3.34,2.33,3.0,1.61,20.0,0.0,0.7,0.4,13.8,30.9,38.0,26.0,3.0,18.2,20.0,0.0,0.7,0.4,1.66,1.99,2.52,2.09,3.0,0.63,20.0,0.0,0.7,0.4,18.1,23.5,29.7,23.9,3.0,8.5,20.0,0.0,0.7,0.4,70.0,77.4,82.5,76.3,3.0,9.2,20.0,0.0,0.7,0.4,-42.4,-28.2,-25.5,-33.8,3.0,13.3,20.0,0.0,0.7,0.4,50.5,51.7,60.9,55.6,3.0,8.3,20.0,0.0,0.7,0.4,-27.9,-23.7,-19.9,-23.9,3.0,5.8,20.0,0.0,0.7,0.4,16.4,20.3,27.4,21.9,3.0,8.1,20.0,0.0,0.7,0.4,-11.6,-11.2,-7.2,-9.4,3.0,3.5,20.0,0.0,0.7,0.4,1267.5,1643.0,1643.0,1459.5,3.0,317.5,20.0,0.0,0.7,0.4,1265.0,1645.0,1645.0,1460.0,3.0,320.0,20.0,0.0,0.7,0.4
1974,2,222.0,45.0,8.52,9.0,9.34,8.93,3.0,0.6,14.0,0.7,0.4,0.5,8.48,9.0,9.52,9.0,4.0,0.82,16.0,0.8,0.5,0.4,5.51,6.46,6.93,6.23,4.0,0.98,16.0,0.8,0.5,0.4,78.0,87.8,96.9,87.5,4.0,11.5,16.0,0.8,0.4,8.05,11.8,12.61,10.4,4.0,3.59,16.0,0.8,0.5,0.4,2.98,4.16,8.02,5.44,4.0,4.03,16.0,0.8,0.5,0.4,1.56,7.7,12.12,6.88,4.0,6.2,16.0,0.8,0.5,0.4,1005.86,1015.15,1021.41,1013.7,4.0,9.88,16.0,0.8,0.5,0.4,5.4,8.0,8.0,6.8,4.0,2.5,16.0,0.8,0.5,0.4,22.9,41.6,94.0,57.7,4.0,49.4,16.0,0.8,0.5,0.4,8.0,82.9,152.9,80.5,4.0,83.7,16.0,0.8,0.5,0.4,-1.0,0.5,0.84,-0.07,3.0,1.44,14.0,0.7,0.4,0.5,-13.5,2.6,9.6,-1.8,3.0,17.3,14.0,0.7,0.4,0.5,0.34,0.53,1.64,0.98,3.0,1.03,14.0,0.7,0.4,0.5,2.9,6.5,21.1,11.9,3.0,14.1,14.0,0.7,0.4,0.5,27.9,35.2,70.1,48.4,4.0,36.1,16.0,0.8,0.5,0.4,14.0,63.2,109.6,61.9,4.0,56.6,16.0,0.8,0.5,0.4,17.2,24.7,53.0,34.6,4.0,28.2,16.0,0.8,0.5,0.4,11.1,41.2,67.5,39.4,4.0,34.0,16.0,0.8,0.5,0.4,1.0,1.1,6.9,3.9,3.0,4.9,14.0,0.7,0.4,0.5,2.6,6.4,19.9,11.1,3.0,13.3,14.0,0.7,0.4,0.5,756.5,1652.0,2010.5,1396.0,4.0,890.5,16.0,0.8,0.5,0.4,755.0,1650.0,2010.0,1395.0,4.0,890.0,16.0,0.8,0.5,0.4
1974,2,222.0,46.0,8.0,8.0,8.44,8.13,8.0,0.44,16.0,0.6,0.6,0.5,3.11,7.75,9.0,6.63,8.0,2.84,16.0,0.6,0.6,0.5,3.78,5.96,6.3,5.23,8.0,1.37,16.0,0.6,0.6,0.5,78.3,87.9,91.4,84.4,8.0,13.1,16.0,0.6,0.5,5.22,10.3,10.74,8.55,8.0,4.66,16.0,0.6,0.6,0.5,-3.37,2.21,7.58,2.16,8.0,5.04,16.0,0.6,0.6,0.5,-7.75,1.28,9.25,0.04,8.0,8.63,16.0,0.6,0.6,0.5,991.09,1006.15,1031.44,1010.0,8.0,19.28,16.0,0.6,0.6,0.5,7.0,8.0,8.0,7.6,7.0,0.8,16.0,0.6,0.6,0.5,-33.7,11.3,79.8,25.2,8.0,58.4,16.0,0.6,0.6,0.5,-79.8,6.5,92.6,-12.1,8.0,104.0,16.0,0.6,0.6,0.5,-1.0,0.25,4.89,1.5,8.0,2.87,16.0,0.6,0.6,0.5,-4.9,5.4,54.9,20.9,8.0,33.0,16.0,0.6,0.6,0.5,0.4,0.55,3.22,1.49,8.0,1.48,16.0,0.6,0.6,0.5,2.5,4.4,36.6,15.8,8.0,17.8,16.0,0.6,0.6,0.5,-25.2,9.9,30.6,4.3,8.0,27.4,16.0,0.6,0.6,0.5,-26.2,10.8,69.3,18.1,8.0,48.4,16.0,0.6,0.6,0.5,-21.2,11.3,25.7,6.1,8.0,23.3,16.0,0.6,0.6,0.5,-28.0,7.4,58.4,8.5,8.0,43.5,16.0,0.6,0.6,0.5,-1.4,1.0,21.6,8.6,8.0,13.0,16.0,0.6,0.6,0.5,-26.2,0.6,3.9,-8.9,8.0,16.0,16.0,0.6,0.6,0.5,144.5,1092.5,1241.0,1070.0,8.0,1160.0,16.0,0.6,0.6,0.5,145.0,1095.0,1240.0,1070.0,8.0,1160.0,16.0,0.6,0.6,0.5
1974,2,222.0,47.0,7.0,7.35,9.41,7.89,14.0,1.46,12.0,0.6,0.5,0.4,6.19,7.55,8.81,7.43,16.0,1.45,10.0,0.7,0.5,0.4,4.07,5.59,5.9,5.29,14.0,0.92,12.0,0.6,0.5,0.4,68.7,87.4,92.7,84.2,14.0,11.5,12.0,0.6,0.4,4.17,8.25,10.3,7.76,16.0,3.18,10.0,0.7,0.5,0.4,0.47,4.97,8.14,4.19,16.0,4.04,10.0,0.7,0.5,0.4,-2.91,3.03,8.02,2.27,16.0,5.82,10.0,0.7,0.5,0.4,1007.34,1017.2,1032.0,1019.13,16.0,12.22,10.0,0.7,0.5,0.4,4.0,8.0,8.0,6.5,15.0,2.3,10.0,0.7,0.5,0.4,1.7,37.8,81.3,38.1,16.0,42.2,10.0,0.7,0.5,0.4,-25.1,10.5,82.8,17.8,16.0,61.3,10.0,0.7,0.5,0.4,-1.0,0.25,2.48,0.68,14.0,2.0,12.0,0.6,0.5,0.4,-6.5,2.6,17.5,4.1,14.0,11.7,12.0,0.6,0.5,0.4,0.4,1.38,2.18,1.29,14.0,1.0,12.0,0.6,0.5,0.4,2.6,8.8,14.3,9.9,14.0,8.6,12.0,0.6,0.5,0.4,3.6,31.4,58.4,29.9,16.0,32.1,10.0,0.7,0.5,0.4,-21.2,23.6,67.5,21.7,16.0,43.6,10.0,0.7,0.5,0.4,7.4,26.3,33.4,22.4,14.0,17.2,12.0,0.6,0.5,0.4,-17.7,14.1,40.9,11.2,14.0,29.3,12.0,0.6,0.5,0.4,0.7,4.9,12.8,7.3,14.0,6.5,12.0,0.6,0.5,0.4,-4.6,0.0,6.7,-0.8,14.0,8.9,12.0,0.6,0.5,0.4,79.5,589.0,1092.5,679.5,16.0,605.0,10.0,0.7,0.5,0.4,80.0,590.0,1095.0,680.0,16.0,605.0,10.0,0.7,0.5,0.4
1974,2,222.0,48.0,5.85,6.0,6.76,6.26,5.0,0.61,14.0,0.2,0.6,0.6,5.06,5.9,6.5,5.91,8.0,0.94,14.0,0.5,0.6,0.5,3.36,4.58,5.35,4.42,5.0,1.06,10.0,0.4,0.6,0.5,60.4,79.3,86.3,74.5,5.0,13.5,10.0,0.4,0.5,9.36,11.05,13.79,11.2,8.0,2.48,14.0,0.5,0.6,0.5,0.25,5.6,13.34,5.33,8.0,8.16,14.0,0.5,0.6,0.5,0.0,2.8,6.56,1.86,8.0,6.82,14.0,0.5,0.6,0.5,999.94,1001.45,1005.11,1005.01,8.0,12.27,14.0,0.5,0.6,0.5,2.0,6.0,7.0,4.9,7.0,2.7,14.0,0.6,0.6,0.4,2.0,55.1,184.6,69.5,8.0,101.3,14.0,0.5,0.6,0.5,0.0,31.6,68.5,15.6,8.0,80.7,14.0,0.5,0.6,0.5,-0.31,0.0,1.3,0.5,5.0,1.28,14.0,0.2,0.6,0.6,-2.8,0.0,17.1,7.2,5.0,16.0,14.0,0.2,0.6,0.6,0.98,1.67,2.7,1.83,4.0,1.05,14.0,0.3,0.6,0.5,12.8,14.6,28.8,20.5,4.0,13.4,14.0,0.3,0.6,0.5,1.1,29.9,74.5,30.3,8.0,48.5,14.0,0.5,0.6,0.5,0.0,14.6,42.7,15.7,8.0,39.0,14.0,0.5,0.6,0.5,4.6,8.5,59.9,28.0,5.0,31.8,10.0,0.4,0.6,0.5,-15.0,23.3,37.5,13.2,5.0,36.7,10.0,0.4,0.6,0.5,6.2,9.3,12.4,9.3,4.0,3.7,14.0,0.3,0.6,0.5,-20.9,2.1,9.9,-5.1,4.0,24.0,14.0,0.3,0.6,0.5,819.5,1368.0,2626.0,1584.0,8.0,943.0,14.0,0.5,0.6,0.5,820.0,1370.0,2625.0,1585.0,8.0,945.0,14.0,0.5,0.6,0.5
1974,2,222.0,49.0,4.69,6.05,7.31,6.04,16.0,1.36,10.0,0.8,0.6,0.5,5.0,6.7,7.0,6.22,18.0,1.03,12.0,0.8,0.6,0.5,4.25,5.15,5.62,5.0,16.0,0.86,10.0,0.8,0.6,0.5,74.5,86.4,92.7,84.0,16.0,12.0,10.0,0.8,0.5,7.94,10.3,13.2,10.48,18.0,3.18,12.0,0.8,0.6,0.5,1.91,7.08,10.64,6.61,18.0,4.27,12.0,0.8,0.6,0.5,-0.27,6.11,10.44,5.47,18.0,5.51,12.0,0.8,0.6,0.5,999.54,1010.0,1026.81,1010.89,17.0,12.26,12.0,0.8,0.6,0.5,5.5,8.0,8.0,6.9,17.0,1.4,10.0,0.8,0.6,0.5,21.0,66.9,139.5,75.8,18.0,64.4,12.0,0.8,0.6,0.5,-1.4,78.0,132.8,62.8,18.0,69.4,12.0,0.8,0.6,0.5,-1.81,-0.6,1.35,-0.27,16.0,1.75,10.0,0.8,0.6,0.5,-21.0,-6.4,12.5,-4.9,16.0,16.1,10.0,0.8,0.6,0.5,-0.21,0.79,1.93,0.84,16.0,1.1,10.0,0.8,0.6,0.5,-2.2,8.5,17.1,7.3,16.0,9.8,10.0,0.8,0.6,0.5,13.2,41.8,58.1,39.4,18.0,24.6,12.0,0.8,0.6,0.5,-1.9,35.3,74.0,36.9,18.0,35.6,12.0,0.8,0.6,0.5,9.0,32.7,50.2,30.9,16.0,20.8,10.0,0.8,0.6,0.5,-3.0,30.1,52.9,28.5,16.0,29.9,10.0,0.8,0.6,0.5,-1.0,3.9,11.2,5.4,16.0,7.7,10.0,0.8,0.6,0.5,-4.7,0.5,9.1,1.9,16.0,7.6,10.0,0.8,0.6,0.5,531.5,1092.5,2309.5,1442.0,18.0,1073.5,12.0,0.8,0.6,0.5,530.0,1095.0,2310.0,1440.0,18.0,1075.0,12.0,0.8,0.6,0.5
1974,2,222.0,50.0,5.5,6.0,6.66,5.83,14.0,1.08,14.0,0.7,0.5,0.4,5.07,6.0,7.0,6.01,15.0,2.26,14.0,0.7,0.5,0.4,3.84,4.97,5.32,4.7,12.0,0.94,14.0,0.6,0.6,0.4,72.8,85.8,92.6,82.2,12.0,12.9,14.0,0.6,0.4,8.3,11.55,16.43,12.4,14.0,4.24,12.0,0.6,0.5,0.4,-5.54,5.52,9.52,2.19,14.0,7.85,12.0,0.6,0.5,0.4,-0.87,7.71,15.42,7.51,14.0,7.48,12.0,0.6,0.5,0.4,994.39,1005.1,1025.73,1008.32,15.0,14.64,14.0,0.7,0.5,0.4,4.1,8.0,8.0,6.9,14.0,1.7,14.0,0.6,0.5,0.4,-92.1,46.8,93.5,15.5,14.0,104.9,12.0,0.6,0.5,0.4,-4.8,95.4,253.0,119.3,14.0,133.9,12.0,0.6,0.5,0.4,-1.41,0.0,0.97,0.1,14.0,1.59,14.0,0.7,0.5,0.4,-16.7,0.0,15.3,3.0,13.0,18.7,14.0,0.7,0.5,0.4,0.55,0.86,1.66,1.09,11.0,0.97,14.0,0.6,0.6,0.4,7.1,12.8,25.2,12.8,11.0,10.6,14.0,0.6,0.6,0.4,-33.5,12.8,57.8,9.2,14.0,44.7,12.0,0.6,0.5,0.4,-5.5,45.9,92.1,41.5,14.0,47.4,12.0,0.6,0.5,0.4,-35.1,21.1,43.2,6.7,12.0,38.5,14.0,0.6,0.6,0.4,4.6,36.9,87.1,40.8,12.0,40.3,14.0,0.6,0.6,0.4,-3.3,5.3,17.8,6.4,11.0,10.9,14.0,0.6,0.6,0.4,-0.4,6.8,13.2,6.3,11.0,9.2,14.0,0.6,0.6,0.4,576.0,1543.0,4439.0,2561.5,14.0,2550.0,12.0,0.6,0.5,0.4,575.0,1545.0,4440.0,2560.0,14.0,2550.0,12.0,0.6,0.5,0.4
1974,2,222.0,51.0,4.44,6.7,7.0,6.01,14.0,1.39,12.0,0.6,0.6,0.5,5.0,5.55,6.7,5.49,14.0,1.31,12.0,0.6,0.6,0.5,4.14,5.06,5.46,4.87,14.0,0.64,12.0,0.6,0.6,0.5,78.4,86.5,92.6,86.0,14.0,7.5,12.0,0.6,0.5,9.39,12.9,15.4,12.71,14.0,3.49,12.0,0.6,0.6,0.5,0.0,7.48,10.1,5.93,14.0,5.68,12.0,0.6,0.6,0.5,-3.46,10.07,13.82,6.95,14.0,8.0,12.0,0.6,0.6,0.5,982.72,1004.3,1024.84,1003.66,14.0,17.15,12.0,0.6,0.6,0.5,7.0,8.0,8.0,7.4,14.0,1.3,12.0,0.6,0.6,0.5,0.0,72.2,115.1,79.4,14.0,95.2,12.0,0.6,0.6,0.5,-27.6,127.6,234.4,99.0,14.0,118.7,12.0,0.6,0.6,0.5,-1.16,0.25,2.0,0.52,14.0,2.15,12.0,0.6,0.6,0.5,-17.5,4.3,34.2,7.2,14.0,27.2,12.0,0.6,0.6,0.5,0.12,1.04,1.79,1.0,14.0,0.92,12.0,0.6,0.6,0.5,1.5,13.6,23.9,12.5,14.0,11.7,12.0,0.6,0.6,0.5,0.0,30.1,62.2,31.0,14.0,31.8,12.0,0.6,0.6,0.5,-6.9,61.0,76.9,41.9,14.0,43.9,12.0,0.6,0.6,0.5,0.0,36.9,45.2,28.1,14.0,27.9,12.0,0.6,0.6,0.5,-12.6,51.1,69.3,36.6,14.0,39.2,12.0,0.6,0.6,0.5,0.0,6.6,16.9,8.2,14.0,8.3,12.0,0.6,0.6,0.5,-8.3,3.0,15.2,4.4,14.0,12.0,12.0,0.6,0.6,0.5,833.0,2146.5,3652.5,2490.5,14.0,1923.0,12.0,0.6,0.6,0.5,835.0,2145.0,3650.0,2490.0,14.0,1925.0,12.0,0.6,0.6,0.5
1974,2,222.0,52.0,4.5,4.85,7.57,5.87,10.0,1.9,12.0,0.4,0.6,0.4,4.63,5.0,6.82,5.63,11.0,1.74,12.0,0.5,0.6,0.4,4.81,5.43,5.55,5.12,10.0,0.81,12.0,0.4,0.6,0.4,79.9,92.0,100.0,89.1,10.0,11.5,12.0,0.4,0.4,4.53,10.55,12.9,9.49,10.0,3.77,12.0,0.4,0.6,0.4,-5.13,1.54,9.67,1.98,10.0,7.29,12.0,0.4,0.6,0.4,3.26,6.9,9.71,6.31,10.0,3.53,12.0,0.4,0.6,0.4,998.08,1020.4,1024.83,1011.78,11.0,15.67,12.0,0.5,0.6,0.4,6.0,6.0,8.0,6.6,9.0,1.7,10.0,0.4,0.7,0.4,-44.5,13.0,122.6,24.6,10.0,88.7,12.0,0.4,0.6,0.4,13.4,72.9,112.5,68.3,10.0,48.5,12.0,0.4,0.6,0.4,-1.89,0.95,2.57,0.38,10.0,2.76,12.0,0.4,0.6,0.4,-25.2,6.6,31.4,2.1,9.0,31.3,12.0,0.3,0.6,0.4,-0.18,0.8,1.9,0.79,9.0,1.03,12.0,0.3,0.6,0.4,-1.8,8.3,14.6,6.4,9.0,8.9,12.0,0.3,0.6,0.4,-35.0,9.7,56.1,11.3,10.0,46.9,12.0,0.4,0.6,0.4,12.2,36.2,66.2,38.5,10.0,26.0,12.0,0.4,0.6,0.4,-28.3,8.2,49.9,10.0,10.0,39.7,12.0,0.4,0.6,0.4,13.2,36.6,52.4,33.3,10.0,20.2,12.0,0.4,0.6,0.4,-1.1,0.0,6.6,0.6,9.0,6.1,12.0,0.3,0.6,0.4,-1.4,0.0,10.2,4.5,9.0,8.0,12.0,0.3,0.6,0.4,96.0,1176.0,2146.5,1197.5,10.0,950.5,12.0,0.4,0.6,0.4,95.0,1175.0,2145.0,1195.0,10.0,950.0,12.0,0.4,0.6,0.4
1974,2,222.0,53.0,3.87,5.0,6.33,5.07,6.0,1.47,18.0,0.5,0.5,0.2,2.4,4.25,5.0,4.04,8.0,1.31,16.0,0.5,0.5,0.2,3.5,4.13,4.85,4.15,5.0,0.87,14.0,0.4,0.4,0.2,68.9,78.0,94.8,81.2,5.0,14.5,14.0,0.4,0.2,9.36,10.05,12.08,10.49,8.0,3.83,16.0,0.5,0.5,0.2,-8.37,0.19,10.18,1.11,8.0,8.41,16.0,0.5,0.5,0.2,-2.34,1.68,9.63,3.63,8.0,7.29,16.0,0.5,0.5,0.2,997.0,999.4,1006.12,999.16,8.0,9.84,16.0,0.5,0.5,0.2,3.2,6.5,8.0,6.0,8.0,2.1,16.0,0.5,0.5,0.2,-80.5,11.7,104.3,8.7,8.0,101.6,16.0,0.5,0.5,0.2,-9.6,16.4,98.6,52.1,8.0,108.2,16.0,0.5,0.5,0.2,-0.02,1.3,2.47,1.18,6.0,1.95,18.0,0.5,0.5,0.2,-1.0,12.3,20.5,9.8,6.0,20.3,18.0,0.5,0.5,0.2,0.82,1.11,2.21,1.49,4.0,1.02,14.0,0.5,0.3,0.1,9.0,11.4,13.1,11.1,4.0,2.7,14.0,0.5,0.3,0.1,-17.9,3.6,45.3,7.1,8.0,36.8,16.0,0.5,0.5,0.2,-5.2,6.7,37.9,11.6,8.0,25.8,16.0,0.5,0.5,0.2,8.3,40.9,42.6,27.1,5.0,22.7,14.0,0.4,0.4,0.2,-13.5,0.0,28.3,6.9,5.0,28.1,14.0,0.4,0.4,0.2,-1.5,8.1,11.7,5.2,4.0,10.1,14.0,0.5,0.3,0.1,-6.6,-2.6,1.4,-2.6,4.0,4.8,14.0,0.5,0.3,0.1,819.5,1017.0,1775.5,1579.0,8.0,1786.0,16.0,0.5,0.5,0.2,820.0,1015.0,1775.0,1580.0,8.0,1785.0,16.0,0.5,0.5,0.2
1974,2,222.0,54.0,4.19,4.95,5.52,4.8,6.0,0.88,18.0,0.7,0.5,0.4,2.45,3.4,4.75,3.53,6.0,1.66,18.0,0.7,0.5,0.4,3.73,4.1,4.99,4.24,6.0,0.68,18.0,0.7,0.5,0.4,80.2,86.6,91.3,84.8,6.0,8.4,18.0,0.7,0.4,9.76,15.4,18.0,14.13,6.0,4.22,18.0,0.7,0.5,0.4,-1.09,0.89,17.08,5.19,6.0,9.69,18.0,0.7,0.5,0.4,5.53,8.92,14.66,9.5,6.0,4.8,18.0,0.7,0.5,0.4,984.24,988.15,1001.99,991.38,6.0,11.19,18.0,0.7,0.5,0.4,6.3,8.0,8.0,7.2,5.0,1.3,18.0,0.6,0.6,0.5,-16.7,9.2,307.5,93.5,6.0,172.6,18.0,0.7,0.5,0.4,58.7,107.6,225.8,131.8,6.0,79.4,18.0,0.7,0.5,0.4,0.39,1.8,2.43,1.27,6.0,2.07,18.0,0.7,0.5,0.4,3.6,22.1,33.3,16.3,6.0,30.9,18.0,0.7,0.5,0.4,0.66,1.39,1.64,1.2,6.0,0.79,18.0,0.7,0.5,0.4,11.1,16.4,23.3,15.4,6.0,9.5,18.0,0.7,0.5,0.4,-6.6,3.0,54.8,16.3,6.0,38.7,18.0,0.7,0.5,0.4,15.2,27.0,44.8,33.6,6.0,28.2,18.0,0.7,0.5,0.4,-5.5,3.9,71.9,22.3,6.0,43.8,18.0,0.7,0.5,0.4,23.1,37.2,61.9,40.8,6.0,22.6,18.0,0.7,0.5,0.4,0.0,1.6,16.6,7.0,6.0,10.1,18.0,0.7,0.5,0.4,2.9,9.8,18.4,10.3,6.0,9.4,18.0,0.7,0.5,0.4,961.5,3652.5,5832.0,3419.5,6.0,2278.0,18.0,0.7,0.5,0.4,960.0,3650.0,5830.0,3420.0,6.0,2280.0,18.0,0.7,0.5,0.4
1974,2,222.0,55.0,,,,,,,,,,,,,,,,,,,,,,,,,,,,,,,,,,,,,,,,9.0,9.0,9.0,9.0,1.0,0.0,28.0,1.0,1.0,0.2,-9.0,-9.0,-9.0,-9.0,1.0,0.0,28.0,1.0,1.0,0.2,0.0,0.0,0.0,0.0,1.0,0.0,28.0,1.0,1.0,0.2,1001.7,1001.7,1001.7,1001.7,1.0,0.0,28.0,1.0,1.0,0.2,,,,,,,,,,,,,,,,,,,,,,,,,,,,,,,,,,,,,,,,,,,,,,,,,,,,,,,,,,,,,,,,,,,,,,,,,,,,,,,,,,,,,,,,,,,,,,,,,,,,,,,,,,,,,,,,,,,,,,,,,,,,,,,,,,,,,,,,,,,,,,,,,,,,,,
1974,2,222.0,56.0,,,,,,,,,,,,,,,,,,,,,,,,,,,,,,,,,,,,,,,,9.3,9.3,9.3,9.3,1.0,0.0,18.0,1.0,0.3,0.9,5.98,5.98,5.98,5.98,1.0,0.0,18.0,1.0,0.3,0.9,7.12,7.12,7.12,7.12,1.0,0.0,18.0,1.0,0.3,0.9,986.0,986.0,986.0,986.0,1.0,0.0,18.0,1.0,0.3,0.9,8.0,8.0,8.0,8.0,1.0,0.0,18.0,1.0,0.3,0.9,55.6,55.6,55.6,55.6,1.0,0.0,18.0,1.0,0.3,0.9,66.3,66.3,66.3,66.3,1.0,0.0,18.0,1.0,0.3,0.9,,,,,,,,,,,,,,,,,,,,,,,,,,,,,,,,,,,,,,,,,20.9,20.9,20.9,20.9,1.0,0.0,18.0,1.0,0.3,0.9,24.9,24.9,24.9,24.9,1.0,0.0,18.0,1.0,0.3,0.9,29.8,29.8,29.8,29.8,1.0,0.0,18.0,1.0,0.3,0.9,35.5,35.5,35.5,35.5,1.0,0.0,18.0,1.0,0.3,0.9,,,,,,,,,,,,,,,,,,,,,,,,,,,,,,,,,,,,,,,,
1974,2,223.0,-44.0,14.5,14.5,14.5,14.5,1.0,0.0,24.0,0.0,0.1,0.9,15.5,15.5,15.5,15.5,1.0,0.0,24.0,0.0,0.1,0.9,9.88,9.88,9.88,9.88,1.0,0.0,24.0,0.0,0.1,0.9,90.2,90.2,90.2,90.2,1.0,0.0,24.0,0.0,0.9,5.1,5.1,5.1,5.1,1.0,0.0,24.0,0.0,0.1,0.9,0.89,0.89,0.89,0.89,1.0,0.0,24.0,0.0,0.1,0.9,-5.02,-5.02,-5.02,-5.02,1.0,0.0,24.0,0.0,0.1,0.9,1009.5,1009.5,1009.5,1009.5,1.0,0.0,24.0,0.0,0.1,0.9,8.0,8.0,8.0,8.0,1.0,0.0,24.0,0.0,0.1,0.9,4.5,4.5,4.5,4.5,1.0,0.0,24.0,0.0,0.1,0.9,-25.6,-25.6,-25.6,-25.6,1.0,0.0,24.0,0.0,0.1,0.9,-1.0,-1.0,-1.0,-1.0,1.0,0.0,24.0,0.0,0.1,0.9,-5.1,-5.1,-5.1,-5.1,1.0,0.0,24.0,0.0,0.1,0.9,0.39,0.39,0.39,0.39,1.0,0.0,24.0,0.0,0.1,0.9,2.0,2.0,2.0,2.0,1.0,0.0,24.0,0.0,0.1,0.9,13.7,13.7,13.7,13.7,1.0,0.0,24.0,0.0,0.1,0.9,-77.8,-77.8,-77.8,-77.8,1.0,0.0,24.0,0.0,0.1,0.9,8.8,8.8,8.8,8.8,1.0,0.0,24.0,0.0,0.1,0.9,-49.6,-49.6,-49.6,-49.6,1.0,0.0,24.0,0.0,0.1,0.9,0.3,0.3,0.3,0.3,1.0,0.0,24.0,0.0,0.1,0.9,-2.0,-2.0,-2.0,-2.0,1.0,0.0,24.0,0.0,0.1,0.9,132.5,132.5,132.5,132.5,1.0,0.0,24.0,0.0,0.1,0.9,135.0,135.0,135.0,135.0,1.0,0.0,24.0,0.0,0.1,0.9
1974,2,223.0,-38.0,20.0,20.0,20.0,20.0,1.0,0.0,4.0,0.0,0.5,0.8,21.8,21.8,21.8,21.8,1.0,0.0,4.0,0.0,0.5,0.8,14.04,14.04,14.04,14.04,1.0,0.0,4.0,0.0,0.5,0.8,86.2,86.2,86.2,86.2,1.0,0.0,4.0,0.0,0.8,,,,,,,,,,,,,,,,,,,,,,,,,,,,,,,,,,,,,,,,,,,,,,,,,,,,,,,,,,,,,,,,,,,,,,,,,,,,,,,,,,,,,,,,,,,,,,,,,,,,,,,,,,,,,,,,,,,,,,,,,,,,,,,,,,,,,,,,,,,,,,,,,,,,,,,,,,,,,,,,,,,,,,,,,,,,,,,,,,,,,,,,,,,,,,
1974,2,223.0,-36.0,21.5,21.5,21.5,21.5,1.0,0.0,12.0,1.0,0.7,0.7,20.7,20.7,20.7,20.7,1.0,0.0,12.0,1.0,0.7,0.7,12.46,12.46,12.46,12.46,1.0,0.0,12.0,1.0,0.7,0.7,82.9,82.9,82.9,82.9,1.0,0.0,12.0,1.0,0.7,7.7,7.7,7.7,7.7,1.0,0.0,12.0,1.0,0.7,0.7,-7.7,-7.7,-7.7,-7.7,1.0,0.0,12.0,1.0,0.7,0.7,0.0,0.0,0.0,0.0,1.0,0.0,12.0,1.0,0.7,0.7,1022.8,1022.8,1022.8,1022.8,1.0,0.0,12.0,1.0,0.7,0.7,7.0,7.0,7.0,7.0,1.0,0.0,12.0,1.0,0.7,0.7,-59.3,-59.3,-59.3,-59.3,1.0,0.0,12.0,1.0,0.7,0.7,0.0,0.0,0.0,0.0,1.0,0.0,12.0,1.0,0.7,0.7,0.8,0.8,0.8,0.8,1.0,0.0,12.0,1.0,0.7,0.7,6.2,6.2,6.2,6.2,1.0,0.0,12.0,1.0,0.7,0.7,3.35,3.35,3.35,3.35,1.0,0.0,12.0,1.0,0.7,0.7,25.8,25.8,25.8,25.8,1.0,0.0,12.0,1.0,0.7,0.7,-159.4,-159.4,-159.4,-159.4,1.0,0.0,12.0,1.0,0.7,0.7,0.0,0.0,0.0,0.0,1.0,0.0,12.0,1.0,0.7,0.7,-95.9,-95.9,-95.9,-95.9,1.0,0.0,12.0,1.0,0.7,0.7,0.0,0.0,0.0,0.0,1.0,0.0,12.0,1.0,0.7,0.7,-25.8,-25.8,-25.8,-25.8,1.0,0.0,12.0,1.0,0.7,0.7,0.0,0.0,0.0,0.0,1.0,0.0,12.0,1.0,0.7,0.7,456.5,456.5,456.5,456.5,1.0,0.0,12.0,1.0,0.7,0.7,455.0,455.0,455.0,455.0,1.0,0.0,12.0,1.0,0.7,0.7
1974,2,223.0,-33.0,25.0,25.0,25.0,25.0,1.0,0.0,20.0,0.0,0.9,0.8,24.7,24.7,24.7,24.7,1.0,0.0,20.0,0.0,0.9,0.8,16.54,16.54,16.54,16.54,1.0,0.0,20.0,0.0,0.9,0.8,86.0,86.0,86.0,86.0,1.0,0.0,20.0,0.0,0.8,1.5,1.5,1.5,1.5,1.0,0.0,20.0,0.0,0.9,0.8,0.26,0.26,0.26,0.26,1.0,0.0,20.0,0.0,0.9,0.8,-1.48,-1.48,-1.48,-1.48,1.0,0.0,20.0,0.0,0.9,0.8,1021.0,1021.0,1021.0,1021.0,1.0,0.0,20.0,0.0,0.9,0.8,3.0,3.0,3.0,3.0,1.0,0.0,20.0,0.0,0.9,0.8,0.4,0.4,0.4,0.4,1.0,0.0,20.0,0.0,0.9,0.8,-2.2,-2.2,-2.2,-2.2,1.0,0.0,20.0,0.0,0.9,0.8,0.3,0.3,0.3,0.3,1.0,0.0,20.0,0.0,0.9,0.8,0.5,0.5,0.5,0.5,1.0,0.0,20.0,0.0,0.9,0.8,3.08,3.08,3.08,3.08,1.0,0.0,20.0,0.0,0.9,0.8,4.6,4.6,4.6,4.6,1.0,0.0,20.0,0.0,0.9,0.8,6.4,6.4,6.4,6.4,1.0,0.0,20.0,0.0,0.9,0.8,-36.5,-36.5,-36.5,-36.5,1.0,0.0,20.0,0.0,0.9,0.8,4.3,4.3,4.3,4.3,1.0,0.0,20.0,0.0,0.9,0.8,-24.4,-24.4,-24.4,-24.4,1.0,0.0,20.0,0.0,0.9,0.8,0.8,0.8,0.8,0.8,1.0,0.0,20.0,0.0,0.9,0.8,-4.6,-4.6,-4.6,-4.6,1.0,0.0,20.0,0.0,0.9,0.8,3.5,3.5,3.5,3.5,1.0,0.0,20.0,0.0,0.9,0.8,5.0,5.0,5.0,5.0,1.0,0.0,20.0,0.0,0.9,0.8
1974,2,223.0,-29.0,26.3,26.3,26.3,26.3,1.0,0.0,10.0,0.0,0.7,0.9,22.3,22.3,22.3,22.3,1.0,0.0,10.0,0.0,0.7,0.9,15.11,15.11,15.11,15.11,1.0,0.0,10.0,0.0,0.7,0.9,90.7,90.7,90.7,90.7,1.0,0.0,10.0,0.0,0.9,4.6,4.6,4.6,4.6,1.0,0.0,10.0,0.0,0.7,0.9,-4.32,-4.32,-4.32,-4.32,1.0,0.0,10.0,0.0,0.7,0.9,1.57,1.57,1.57,1.57,1.0,0.0,10.0,0.0,0.7,0.9,1018.2,1018.2,1018.2,1018.2,1.0,0.0,10.0,0.0,0.7,0.9,8.0,8.0,8.0,8.0,1.0,0.0,10.0,0.0,0.7,0.9,-19.9,-19.9,-19.9,-19.9,1.0,0.0,10.0,0.0,0.7,0.9,7.2,7.2,7.2,7.2,1.0,0.0,10.0,0.0,0.7,0.9,4.0,4.0,4.0,4.0,1.0,0.0,10.0,0.0,0.7,0.9,18.4,18.4,18.4,18.4,1.0,0.0,10.0,0.0,0.7,0.9,6.16,6.16,6.16,6.16,1.0,0.0,10.0,0.0,0.7,0.9,28.3,28.3,28.3,28.3,1.0,0.0,10.0,0.0,0.7,0.9,-96.4,-96.4,-96.4,-96.4,1.0,0.0,10.0,0.0,0.7,0.9,35.1,35.1,35.1,35.1,1.0,0.0,10.0,0.0,0.7,0.9,-65.3,-65.3,-65.3,-65.3,1.0,0.0,10.0,0.0,0.7,0.9,23.8,23.8,23.8,23.8,1.0,0.0,10.0,0.0,0.7,0.9,-26.6,-26.6,-26.6,-26.6,1.0,0.0,10.0,0.0,0.7,0.9,9.7,9.7,9.7,9.7,1.0,0.0,10.0,0.0,0.7,0.9,97.5,97.5,97.5,97.5,1.0,0.0,10.0,0.0,0.7,0.9,95.0,95.0,95.0,95.0,1.0,0.0,10.0,0.0,0.7,0.9
1974,2,223.0,-28.0,26.15,27.1,28.42,27.28,4.0,1.34,14.0,0.3,0.6,0.6,25.29,25.7,26.53,25.9,4.0,0.93,14.0,0.3,0.6,0.6,14.7,15.2,16.02,15.36,4.0,0.83,14.0,0.3,0.6,0.6,70.4,76.4,78.7,74.6,4.0,6.3,14.0,0.3,0.6,5.1,6.65,8.46,6.78,4.0,1.94,14.0,0.3,0.6,0.6,-8.23,-6.36,-5.02,-6.61,4.0,1.88,14.0,0.3,0.6,0.6,-0.89,-0.44,1.47,0.26,4.0,1.75,14.0,0.3,0.6,0.6,1020.57,1021.6,1023.52,1022.03,4.0,2.09,14.0,0.3,0.6,0.6,2.0,2.0,5.4,3.7,3.0,2.9,12.0,0.0,0.5,0.5,-69.7,-44.4,-25.6,-47.5,4.0,25.8,14.0,0.3,0.6,0.6,-4.5,-2.3,12.0,3.5,4.0,13.2,14.0,0.3,0.6,0.6,-0.29,1.35,3.04,1.38,4.0,2.08,14.0,0.3,0.6,0.6,-3.1,6.9,22.7,9.7,4.0,17.5,14.0,0.3,0.6,0.6,5.86,6.75,8.5,7.16,4.0,1.92,14.0,0.3,0.6,0.6,31.2,44.5,70.1,50.4,4.0,25.8,14.0,0.3,0.6,0.6,-213.7,-169.6,-129.1,-171.3,4.0,48.9,14.0,0.3,0.6,0.6,-22.8,-11.3,40.0,7.7,4.0,47.0,14.0,0.3,0.6,0.6,-121.1,-97.5,-80.3,-100.5,4.0,24.3,14.0,0.3,0.6,0.6,-14.2,-6.9,21.5,3.2,4.0,26.1,14.0,0.3,0.6,0.6,-68.6,-42.6,-30.8,-49.3,4.0,26.0,14.0,0.3,0.6,0.6,-5.5,-2.3,9.5,1.8,4.0,11.2,14.0,0.3,0.6,0.6,132.5,342.0,607.5,369.0,4.0,276.0,14.0,0.3,0.6,0.6,135.0,340.0,605.0,370.0,4.0,275.0,14.0,0.3,0.6,0.6
1974,2,223.0,-27.0,28.14,28.45,28.76,28.45,2.0,0.64,20.0,0.0,0.3,0.8,25.39,25.8,26.07,25.73,3.0,0.5,14.0,0.0,0.5,0.6,15.55,15.7,15.85,15.7,2.0,0.3,16.0,0.0,0.6,0.5,74.1,75.3,76.6,75.3,2.0,2.6,16.0,0.0,0.5,0.83,2.6,3.62,2.23,3.0,2.07,14.0,0.0,0.5,0.6,-2.51,-2.25,-0.71,-1.63,3.0,1.42,14.0,0.0,0.5,0.6,-2.14,0.0,0.89,-0.61,3.0,2.28,14.0,0.0,0.5,0.6,1014.87,1016.3,1018.07,1016.47,3.0,2.35,14.0,0.0,0.5,0.6,1.3,2.0,3.4,2.3,3.0,1.5,14.0,0.0,0.5,0.6,-9.2,-5.9,-1.9,-5.6,3.0,5.4,14.0,0.0,0.5,0.6,-8.8,0.0,2.3,-3.2,3.0,8.6,14.0,0.0,0.5,0.6,2.72,2.75,2.78,2.75,2.0,0.07,20.0,0.0,0.3,0.8,1.8,5.5,9.3,5.5,2.0,7.8,20.0,0.0,0.3,0.8,9.33,9.33,9.33,9.33,1.0,0.0,26.0,0.0,0.3,0.9,38.2,38.2,38.2,38.2,1.0,0.0,26.0,0.0,0.3,0.9,-65.6,-58.1,-18.4,-42.4,3.0,37.1,14.0,0.0,0.5,0.6,-56.2,0.0,22.9,-16.2,3.0,59.6,14.0,0.0,0.5,0.6,-40.0,-38.3,-36.6,-38.3,2.0,3.5,16.0,0.0,0.6,0.5,-37.6,-14.0,9.7,-14.0,2.0,49.0,16.0,0.0,0.6,0.5,-24.6,-24.6,-24.6,-24.6,1.0,0.0,26.0,0.0,0.3,0.9,-29.3,-29.3,-29.3,-29.3,1.0,0.0,26.0,0.0,0.3,0.9,5.5,17.5,52.5,29.0,3.0,36.0,14.0,0.0,0.5,0.6,5.0,20.0,55.0,30.0,3.0,35.0,14.0,0.0,0.5,0.6
1974,2,223.0,-26.0,26.71,27.15,27.59,27.15,2.0,0.92,20.0,0.5,0.6,0.6,26.08,26.25,26.42,26.25,2.0,0.35,20.0,0.5,0.6,0.6,14.95,16.12,17.28,16.12,2.0,2.41,20.0,0.5,0.6,0.6,71.7,76.3,80.9,76.3,2.0,9.6,20.0,0.5,0.6,1.83,3.6,5.37,3.6,2.0,3.68,20.0,0.5,0.6,0.6,-5.37,-3.6,-1.83,-3.6,2.0,3.68,20.0,0.5,0.6,0.6,0.0,0.0,0.0,0.0,2.0,0.0,20.0,0.5,0.6,0.6,1020.42,1021.1,1021.78,1021.1,2.0,1.41,20.0,0.5,0.6,0.6,1.3,2.0,2.7,2.0,2.0,1.4,20.0,0.5,0.6,0.6,-32.5,-19.7,-6.9,-19.7,2.0,26.5,20.0,0.5,0.6,0.6,0.0,0.0,0.0,0.0,2.0,0.0,20.0,0.5,0.6,0.6,0.63,0.9,1.17,0.9,2.0,0.57,20.0,0.5,0.6,0.6,1.7,4.3,6.9,4.3,2.0,5.3,20.0,0.5,0.6,0.6,5.66,6.22,6.78,6.22,2.0,1.15,20.0,0.5,0.6,0.6,11.2,20.3,29.3,20.3,2.0,18.7,20.0,0.5,0.6,0.6,-142.4,-95.1,-47.9,-95.1,2.0,97.8,20.0,0.5,0.6,0.6,0.0,0.0,0.0,0.0,2.0,0.0,20.0,0.5,0.6,0.6,-95.2,-62.4,-29.7,-62.4,2.0,67.9,20.0,0.5,0.6,0.6,0.0,0.0,0.0,0.0,2.0,0.0,20.0,0.5,0.6,0.6,-29.3,-20.3,-11.2,-20.3,2.0,18.7,20.0,0.5,0.6,0.6,0.0,0.0,0.0,0.0,2.0,0.0,20.0,0.5,0.6,0.6,38.5,119.5,200.5,119.5,2.0,168.0,20.0,0.5,0.6,0.6,40.0,120.0,200.0,120.0,2.0,170.0,20.0,0.5,0.6,0.6
1974,2,223.0,-25.0,25.8,25.8,25.8,25.8,1.0,0.0,14.0,0.0,0.1,0.7,25.9,25.9,25.9,25.9,1.0,0.0,14.0,0.0,0.1,0.7,16.75,16.75,16.75,16.75,1.0,0.0,14.0,0.0,0.1,0.7,81.0,81.0,81.0,81.0,1.0,0.0,14.0,0.0,0.7,7.2,7.2,7.2,7.2,1.0,0.0,14.0,0.0,0.1,0.7,-7.09,-7.09,-7.09,-7.09,1.0,0.0,14.0,0.0,0.1,0.7,1.25,1.25,1.25,1.25,1.0,0.0,14.0,0.0,0.1,0.7,1020.5,1020.5,1020.5,1020.5,1.0,0.0,14.0,0.0,0.1,0.7,1.0,1.0,1.0,1.0,1.0,0.0,14.0,0.0,0.1,0.7,-51.1,-51.1,-51.1,-51.1,1.0,0.0,14.0,0.0,0.1,0.7,9.0,9.0,9.0,9.0,1.0,0.0,14.0,0.0,0.1,0.7,-0.1,-0.1,-0.1,-0.1,1.0,0.0,14.0,0.0,0.1,0.7,-0.7,-0.7,-0.7,-0.7,1.0,0.0,14.0,0.0,0.1,0.7,3.85,3.85,3.85,3.85,1.0,0.0,14.0,0.0,0.1,0.7,27.7,27.7,27.7,27.7,1.0,0.0,14.0,0.0,0.1,0.7,-183.6,-183.6,-183.6,-183.6,1.0,0.0,14.0,0.0,0.1,0.7,32.4,32.4,32.4,32.4,1.0,0.0,14.0,0.0,0.1,0.7,-118.8,-118.8,-118.8,-118.8,1.0,0.0,14.0,0.0,0.1,0.7,20.9,20.9,20.9,20.9,1.0,0.0,14.0,0.0,0.1,0.7,-27.3,-27.3,-27.3,-27.3,1.0,0.0,14.0,0.0,0.1,0.7,4.8,4.8,4.8,4.8,1.0,0.0,14.0,0.0,0.1,0.7,373.0,373.0,373.0,373.0,1.0,0.0,14.0,0.0,0.1,0.7,375.0,375.0,375.0,375.0,1.0,0.0,14.0,0.0,0.1,0.7
1974,2,223.0,-22.0,26.1,26.1,26.1,26.1,1.0,0.0,20.0,1.0,0.8,0.3,26.9,26.9,26.9,26.9,1.0,0.0,20.0,1.0,0.8,0.3,17.46,17.46,17.46,17.46,1.0,0.0,20.0,1.0,0.8,0.3,79.2,79.2,79.2,79.2,1.0,0.0,20.0,1.0,0.3,4.6,4.6,4.6,4.6,1.0,0.0,20.0,1.0,0.8,0.3,-4.53,-4.53,-4.53,-4.53,1.0,0.0,20.0,1.0,0.8,0.3,0.8,0.8,0.8,0.8,1.0,0.0,20.0,1.0,0.8,0.3,1016.1,1016.1,1016.1,1016.1,1.0,0.0,20.0,1.0,0.8,0.3,6.0,6.0,6.0,6.0,1.0,0.0,20.0,1.0,0.8,0.3,-20.8,-20.8,-20.8,-20.8,1.0,0.0,20.0,1.0,0.8,0.3,3.7,3.7,3.7,3.7,1.0,0.0,20.0,1.0,0.8,0.3,-0.8,-0.8,-0.8,-0.8,1.0,0.0,20.0,1.0,0.8,0.3,-3.7,-3.7,-3.7,-3.7,1.0,0.0,20.0,1.0,0.8,0.3,3.61,3.61,3.61,3.61,1.0,0.0,20.0,1.0,0.8,0.3,16.6,16.6,16.6,16.6,1.0,0.0,20.0,1.0,0.8,0.3,-121.9,-121.9,-121.9,-121.9,1.0,0.0,20.0,1.0,0.8,0.3,21.5,21.5,21.5,21.5,1.0,0.0,20.0,1.0,0.8,0.3,-79.1,-79.1,-79.1,-79.1,1.0,0.0,20.0,1.0,0.8,0.3,13.9,13.9,13.9,13.9,1.0,0.0,20.0,1.0,0.8,0.3,-16.3,-16.3,-16.3,-16.3,1.0,0.0,20.0,1.0,0.8,0.3,2.9,2.9,2.9,2.9,1.0,0.0,20.0,1.0,0.8,0.3,97.5,97.5,97.5,97.5,1.0,0.0,20.0,1.0,0.8,0.3,95.0,95.0,95.0,95.0,1.0,0.0,20.0,1.0,0.8,0.3
1974,2,223.0,-13.0,26.5,26.5,26.5,26.5,1.0,0.0,18.0,1.0,0.7,0.2,26.7,26.7,26.7,26.7,1.0,0.0,18.0,1.0,0.7,0.2,16.66,16.66,16.66,16.66,1.0,0.0,18.0,1.0,0.7,0.2,76.4,76.4,76.4,76.4,1.0,0.0,18.0,1.0,0.2,6.2,6.2,6.2,6.2,1.0,0.0,18.0,1.0,0.7,0.2,-5.83,-5.83,-5.83,-5.83,1.0,0.0,18.0,1.0,0.7,0.2,-2.12,-2.12,-2.12,-2.12,1.0,0.0,18.0,1.0,0.7,0.2,1013.9,1013.9,1013.9,1013.9,1.0,0.0,18.0,1.0,0.7,0.2,7.0,7.0,7.0,7.0,1.0,0.0,18.0,1.0,0.7,0.2,-36.1,-36.1,-36.1,-36.1,1.0,0.0,18.0,1.0,0.7,0.2,-13.1,-13.1,-13.1,-13.1,1.0,0.0,18.0,1.0,0.7,0.2,-0.2,-0.2,-0.2,-0.2,1.0,0.0,18.0,1.0,0.7,0.2,-1.2,-1.2,-1.2,-1.2,1.0,0.0,18.0,1.0,0.7,0.2,4.97,4.97,4.97,4.97,1.0,0.0,18.0,1.0,0.7,0.2,30.8,30.8,30.8,30.8,1.0,0.0,18.0,1.0,0.7,0.2,-155.6,-155.6,-155.6,-155.6,1.0,0.0,18.0,1.0,0.7,0.2,-56.6,-56.6,-56.6,-56.6,1.0,0.0,18.0,1.0,0.7,0.2,-97.0,-97.0,-97.0,-97.0,1.0,0.0,18.0,1.0,0.7,0.2,-35.3,-35.3,-35.3,-35.3,1.0,0.0,18.0,1.0,0.7,0.2,-28.9,-28.9,-28.9,-28.9,1.0,0.0,18.0,1.0,0.7,0.2,-10.5,-10.5,-10.5,-10.5,1.0,0.0,18.0,1.0,0.7,0.2,238.5,238.5,238.5,238.5,1.0,0.0,18.0,1.0,0.7,0.2,240.0,240.0,240.0,240.0,1.0,0.0,18.0,1.0,0.7,0.2
1974,2,223.0,-11.0,26.22,26.7,28.2,27.2,3.0,1.51,10.0,0.7,0.5,0.8,25.62,26.3,26.85,26.23,3.0,0.9,10.0,0.7,0.5,0.8,16.7,17.13,17.39,17.05,3.0,0.51,10.0,0.7,0.5,0.8,78.9,80.1,81.4,80.1,3.0,1.8,10.0,0.7,0.8,3.42,4.1,4.44,3.93,3.0,0.76,10.0,0.7,0.5,0.8,-4.06,-3.98,-1.63,-2.87,3.0,2.02,10.0,0.7,0.5,0.8,-2.08,0.0,1.57,-0.25,3.0,2.69,10.0,0.7,0.5,0.8,1010.53,1010.8,1012.44,1011.47,3.0,1.51,10.0,0.7,0.5,0.8,2.3,3.0,5.7,4.0,3.0,2.6,10.0,0.7,0.5,0.8,-17.8,-16.8,-6.5,-12.3,3.0,9.2,10.0,0.7,0.5,0.8,-6.5,0.0,7.2,0.4,3.0,10.0,10.0,0.7,0.5,0.8,-0.05,0.7,2.0,0.97,3.0,1.52,10.0,0.7,0.5,0.8,-0.1,3.2,6.5,3.2,3.0,4.9,10.0,0.7,0.5,0.8,4.44,4.55,6.83,5.61,3.0,1.98,10.0,0.7,0.5,0.8,18.9,20.9,23.3,21.1,3.0,3.2,10.0,0.7,0.5,0.8,-107.8,-100.8,-41.7,-75.4,3.0,53.2,10.0,0.7,0.5,0.8,-54.8,0.0,39.7,-7.4,3.0,69.5,10.0,0.7,0.5,0.8,-69.9,-65.7,-27.2,-48.9,3.0,34.5,10.0,0.7,0.5,0.8,-35.7,0.0,25.9,-4.8,3.0,45.3,10.0,0.7,0.5,0.8,-18.1,-18.0,-8.6,-13.5,3.0,8.0,10.0,0.7,0.5,0.8,-16.4,0.0,7.1,-4.5,3.0,17.7,10.0,0.7,0.5,0.8,42.0,69.0,88.5,65.5,3.0,34.0,10.0,0.7,0.5,0.8,40.0,70.0,90.0,65.0,3.0,35.0,10.0,0.7,0.5,0.8
1974,2,223.0,-10.0,26.0,26.0,26.0,26.0,1.0,0.0,20.0,1.0,0.3,0.5,28.0,28.0,28.0,28.0,1.0,0.0,20.0,1.0,0.3,0.5,20.76,20.76,20.76,20.76,1.0,0.0,20.0,1.0,0.3,0.5,87.9,87.9,87.9,87.9,1.0,0.0,20.0,1.0,0.5,6.7,6.7,6.7,6.7,1.0,0.0,20.0,1.0,0.3,0.5,-5.13,-5.13,-5.13,-5.13,1.0,0.0,20.0,1.0,0.3,0.5,-4.31,-4.31,-4.31,-4.31,1.0,0.0,20.0,1.0,0.3,0.5,1012.5,1012.5,1012.5,1012.5,1.0,0.0,20.0,1.0,0.3,0.5,2.0,2.0,2.0,2.0,1.0,0.0,20.0,1.0,0.3,0.5,-34.4,-34.4,-34.4,-34.4,1.0,0.0,20.0,1.0,0.3,0.5,-28.9,-28.9,-28.9,-28.9,1.0,0.0,20.0,1.0,0.3,0.5,-2.0,-2.0,-2.0,-2.0,1.0,0.0,20.0,1.0,0.3,0.5,-13.4,-13.4,-13.4,-13.4,1.0,0.0,20.0,1.0,0.3,0.5,0.25,0.25,0.25,0.25,1.0,0.0,20.0,1.0,0.3,0.5,1.7,1.7,1.7,1.7,1.0,0.0,20.0,1.0,0.3,0.5,-143.7,-143.7,-143.7,-143.7,1.0,0.0,20.0,1.0,0.3,0.5,-120.6,-120.6,-120.6,-120.6,1.0,0.0,20.0,1.0,0.3,0.5,-106.6,-106.6,-106.6,-106.6,1.0,0.0,20.0,1.0,0.3,0.5,-89.4,-89.4,-89.4,-89.4,1.0,0.0,20.0,1.0,0.3,0.5,-1.3,-1.3,-1.3,-1.3,1.0,0.0,20.0,1.0,0.3,0.5,-1.1,-1.1,-1.1,-1.1,1.0,0.0,20.0,1.0,0.3,0.5,301.0,301.0,301.0,301.0,1.0,0.0,20.0,1.0,0.3,0.5,300.0,300.0,300.0,300.0,1.0,0.0,20.0,1.0,0.3,0.5
1974,2,223.0,-9.0,27.0,27.0,27.0,27.0,3.0,0.0,12.0,0.3,0.5,0.8,25.86,26.0,26.0,25.93,3.0,0.12,12.0,0.3,0.5,0.8,15.37,16.04,17.31,16.33,3.0,1.45,12.0,0.3,0.5,0.8,73.6,76.7,83.1,78.3,3.0,7.1,12.0,0.3,0.8,7.36,7.7,8.04,7.7,3.0,0.5,12.0,0.3,0.5,0.8,-7.67,-7.58,-7.32,-7.5,3.0,0.26,12.0,0.3,0.5,0.8,-0.91,0.0,1.91,0.49,3.0,2.11,12.0,0.3,0.5,0.8,1010.7,1014.8,1015.62,1013.2,3.0,3.86,12.0,0.3,0.5,0.8,2.3,3.0,3.0,2.7,3.0,0.6,12.0,0.3,0.5,0.8,-61.7,-58.4,-53.9,-57.8,3.0,5.7,12.0,0.3,0.5,0.8,-7.0,0.0,15.7,4.2,3.0,17.0,12.0,0.3,0.5,0.8,1.0,1.0,1.14,1.07,3.0,0.12,12.0,0.3,0.5,0.8,7.4,7.7,9.2,8.2,3.0,1.4,12.0,0.3,0.5,0.8,5.03,6.22,6.87,5.96,3.0,1.37,12.0,0.3,0.5,0.8,40.3,47.9,50.5,45.4,3.0,7.8,12.0,0.3,0.5,0.8,-198.3,-197.2,-190.4,-194.4,3.0,6.3,12.0,0.3,0.5,0.8,-23.7,0.0,49.4,12.5,3.0,54.6,12.0,0.3,0.5,0.8,-132.8,-121.6,-112.6,-122.7,3.0,14.8,12.0,0.3,0.5,0.8,-14.6,0.0,34.3,9.6,3.0,36.8,12.0,0.3,0.5,0.8,-50.3,-47.2,-38.6,-44.5,3.0,8.9,12.0,0.3,0.5,0.8,-5.7,0.0,8.6,1.4,3.0,10.5,12.0,0.3,0.5,0.8,399.5,456.5,521.5,460.5,3.0,89.0,12.0,0.3,0.5,0.8,400.0,455.0,520.0,460.0,3.0,90.0,12.0,0.3,0.5,0.8
1974,2,223.0,-6.0,,,,,,,,,,,,,,,,,,,,,,,,,,,,,,,,,,,,,,,,4.6,4.6,4.6,4.6,1.0,0.0,2.0,0.0,0.8,0.5,-4.6,-4.6,-4.6,-4.6,1.0,0.0,2.0,0.0,0.8,0.5,0.0,0.0,0.0,0.0,1.0,0.0,2.0,0.0,0.8,0.5,1011.0,1011.0,1011.0,1011.0,1.0,0.0,2.0,0.0,0.8,0.5,1.0,1.0,1.0,1.0,1.0,0.0,2.0,0.0,0.8,0.5,-21.2,-21.2,-21.2,-21.2,1.0,0.0,2.0,0.0,0.8,0.5,0.0,0.0,0.0,0.0,1.0,0.0,2.0,0.0,0.8,0.5,,,,,,,,,,,,,,,,,,,,,,,,,,,,,,,,,,,,,,,,,-112.7,-112.7,-112.7,-112.7,1.0,0.0,2.0,0.0,0.8,0.5,0.0,0.0,0.0,0.0,1.0,0.0,2.0,0.0,0.8,0.5,-68.3,-68.3,-68.3,-68.3,1.0,0.0,2.0,0.0,0.8,0.5,0.0,0.0,0.0,0.0,1.0,0.0,2.0,0.0,0.8,0.5,,,,,,,,,,,,,,,,,,,,,,,,,,,,,,,,,,,,,,,,
1974,2,223.0,-2.0,26.7,26.7,26.7,26.7,1.0,0.0,8.0,1.0,0.9,0.7,27.1,27.1,27.1,27.1,1.0,0.0,8.0,1.0,0.9,0.7,17.51,17.51,17.51,17.51,1.0,0.0,8.0,1.0,0.9,0.7,78.3,78.3,78.3,78.3,1.0,0.0,8.0,1.0,0.7,4.1,4.1,4.1,4.1,1.0,0.0,8.0,1.0,0.9,0.7,-4.1,-4.1,-4.1,-4.1,1.0,0.0,8.0,1.0,0.9,0.7,0.0,0.0,0.0,0.0,1.0,0.0,8.0,1.0,0.9,0.7,1013.2,1013.2,1013.2,1013.2,1.0,0.0,8.0,1.0,0.9,0.7,3.0,3.0,3.0,3.0,1.0,0.0,8.0,1.0,0.9,0.7,-16.8,-16.8,-16.8,-16.8,1.0,0.0,8.0,1.0,0.9,0.7,0.0,0.0,0.0,0.0,1.0,0.0,8.0,1.0,0.9,0.7,-0.4,-0.4,-0.4,-0.4,1.0,0.0,8.0,1.0,0.9,0.7,-1.6,-1.6,-1.6,-1.6,1.0,0.0,8.0,1.0,0.9,0.7,4.39,4.39,4.39,4.39,1.0,0.0,8.0,1.0,0.9,0.7,18.0,18.0,18.0,18.0,1.0,0.0,8.0,1.0,0.9,0.7,-111.1,-111.1,-111.1,-111.1,1.0,0.0,8.0,1.0,0.9,0.7,0.0,0.0,0.0,0.0,1.0,0.0,8.0,1.0,0.9,0.7,-71.8,-71.8,-71.8,-71.8,1.0,0.0,8.0,1.0,0.9,0.7,0.0,0.0,0.0,0.0,1.0,0.0,8.0,1.0,0.9,0.7,-18.0,-18.0,-18.0,-18.0,1.0,0.0,8.0,1.0,0.9,0.7,0.0,0.0,0.0,0.0,1.0,0.0,8.0,1.0,0.9,0.7,69.0,69.0,69.0,69.0,1.0,0.0,8.0,1.0,0.9,0.7,70.0,70.0,70.0,70.0,1.0,0.0,8.0,1.0,0.9,0.7
1974,2,223.0,0.0,,,,,,,,,,,,,,,,,,,,,,,,,,,,,,,,,,,,,,,,3.1,3.1,3.1,3.1,1.0,0.0,8.0,0.0,0.6,0.0,-3.05,-3.05,-3.05,-3.05,1.0,0.0,8.0,0.0,0.6,0.0,-0.54,-0.54,-0.54,-0.54,1.0,0.0,8.0,0.0,0.6,0.0,1011.4,1011.4,1011.4,1011.4,1.0,0.0,8.0,0.0,0.6,0.0,,,,,,,,,,,,,,,,,,,,,,,,,,,,,,,,,,,,,,,,,,,,,,,,,,,,,,,,,,,,,,,,,,,,,,,,,,,,,,,,,,,,,,,,,,,,,,,,,,,,,,,,,,,,,,,,,,,,,,,,,,,,,,,,,,,,,,,,,,,,,,,,,,,,,,
1974,2,223.0,7.0,25.6,25.6,25.6,25.6,1.0,0.0,20.0,1.0,0.2,0.1,27.6,27.6,27.6,27.6,1.0,0.0,20.0,1.0,0.2,0.1,17.81,17.81,17.81,17.81,1.0,0.0,20.0,1.0,0.2,0.1,77.0,77.0,77.0,77.0,1.0,0.0,20.0,1.0,0.1,8.7,8.7,8.7,8.7,1.0,0.0,20.0,1.0,0.2,0.1,-8.57,-8.57,-8.57,-8.57,1.0,0.0,20.0,1.0,0.2,0.1,-1.51,-1.51,-1.51,-1.51,1.0,0.0,20.0,1.0,0.2,0.1,1008.2,1008.2,1008.2,1008.2,1.0,0.0,20.0,1.0,0.2,0.1,2.0,2.0,2.0,2.0,1.0,0.0,20.0,1.0,0.2,0.1,-74.5,-74.5,-74.5,-74.5,1.0,0.0,20.0,1.0,0.2,0.1,-13.1,-13.1,-13.1,-13.1,1.0,0.0,20.0,1.0,0.2,0.1,-2.0,-2.0,-2.0,-2.0,1.0,0.0,20.0,1.0,0.2,0.1,-17.4,-17.4,-17.4,-17.4,1.0,0.0,20.0,1.0,0.2,0.1,2.79,2.79,2.79,2.79,1.0,0.0,20.0,1.0,0.2,0.1,24.3,24.3,24.3,24.3,1.0,0.0,20.0,1.0,0.2,0.1,-236.5,-236.5,-236.5,-236.5,1.0,0.0,20.0,1.0,0.2,0.1,-41.7,-41.7,-41.7,-41.7,1.0,0.0,20.0,1.0,0.2,0.1,-152.6,-152.6,-152.6,-152.6,1.0,0.0,20.0,1.0,0.2,0.1,-26.9,-26.9,-26.9,-26.9,1.0,0.0,20.0,1.0,0.2,0.1,-23.9,-23.9,-23.9,-23.9,1.0,0.0,20.0,1.0,0.2,0.1,-4.2,-4.2,-4.2,-4.2,1.0,0.0,20.0,1.0,0.2,0.1,658.5,658.5,658.5,658.5,1.0,0.0,20.0,1.0,0.2,0.1,660.0,660.0,660.0,660.0,1.0,0.0,20.0,1.0,0.2,0.1
1974,2,223.0,10.0,25.0,25.0,25.0,25.0,1.0,0.0,12.0,1.0,0.3,0.9,26.5,26.5,26.5,26.5,1.0,0.0,12.0,1.0,0.3,0.9,17.55,17.55,17.55,17.55,1.0,0.0,12.0,1.0,0.3,0.9,81.1,81.1,81.1,81.1,1.0,0.0,12.0,1.0,0.9,6.2,6.2,6.2,6.2,1.0,0.0,12.0,1.0,0.3,0.9,-6.2,-6.2,-6.2,-6.2,1.0,0.0,12.0,1.0,0.3,0.9,0.0,0.0,0.0,0.0,1.0,0.0,12.0,1.0,0.3,0.9,1011.0,1011.0,1011.0,1011.0,1.0,0.0,12.0,1.0,0.3,0.9,,,,,,,,,,,,,,,,,,,,,,,,,,,,,,,-1.5,-1.5,-1.5,-1.5,1.0,0.0,12.0,1.0,0.3,0.9,-9.3,-9.3,-9.3,-9.3,1.0,0.0,12.0,1.0,0.3,0.9,2.27,2.27,2.27,2.27,1.0,0.0,12.0,1.0,0.3,0.9,14.1,14.1,14.1,14.1,1.0,0.0,12.0,1.0,0.3,0.9,-164.3,-164.3,-164.3,-164.3,1.0,0.0,12.0,1.0,0.3,0.9,0.0,0.0,0.0,0.0,1.0,0.0,12.0,1.0,0.3,0.9,-108.8,-108.8,-108.8,-108.8,1.0,0.0,12.0,1.0,0.3,0.9,0.0,0.0,0.0,0.0,1.0,0.0,12.0,1.0,0.3,0.9,-14.1,-14.1,-14.1,-14.1,1.0,0.0,12.0,1.0,0.3,0.9,0.0,0.0,0.0,0.0,1.0,0.0,12.0,1.0,0.3,0.9,238.5,238.5,238.5,238.5,1.0,0.0,12.0,1.0,0.3,0.9,240.0,240.0,240.0,240.0,1.0,0.0,12.0,1.0,0.3,0.9
1974,2,223.0,11.0,24.63,26.0,26.68,25.67,3.0,1.53,10.0,1.0,0.5,0.7,24.82,25.5,25.5,25.17,3.0,0.58,10.0,1.0,0.5,0.7,17.06,17.52,17.78,17.42,3.0,0.53,10.0,1.0,0.5,0.7,86.7,88.1,88.1,87.4,3.0,1.2,10.0,1.0,0.7,6.07,10.3,10.3,8.23,3.0,3.58,10.0,1.0,0.5,0.7,-10.0,-9.68,-5.87,-7.97,3.0,3.36,10.0,1.0,0.5,0.7,-2.97,-1.79,-0.57,-1.77,3.0,1.76,10.0,1.0,0.5,0.7,1013.0,1014.5,1015.18,1014.1,3.0,1.64,10.0,1.0,0.5,0.7,4.3,5.0,5.7,5.0,3.0,1.0,10.0,1.0,0.5,0.7,-103.0,-99.7,-43.1,-73.7,3.0,49.3,10.0,1.0,0.5,0.7,-30.6,-18.4,-5.8,-18.2,3.0,18.1,10.0,1.0,0.5,0.7,-0.18,0.5,1.18,0.5,3.0,1.0,10.0,1.0,0.5,0.7,0.2,5.2,12.2,6.2,3.0,8.8,10.0,1.0,0.5,0.7,2.15,3.05,4.24,3.19,3.0,1.53,10.0,1.0,0.5,0.7,14.8,31.4,43.7,29.3,3.0,21.2,10.0,1.0,0.5,0.7,-254.9,-246.8,-146.9,-202.0,3.0,88.1,10.0,1.0,0.5,0.7,-75.8,-45.6,-14.5,-45.1,3.0,44.9,10.0,1.0,0.5,0.7,-177.8,-169.6,-101.0,-140.1,3.0,61.8,10.0,1.0,0.5,0.7,-52.3,-32.0,-10.2,-31.2,3.0,30.9,10.0,1.0,0.5,0.7,-41.5,-31.0,-14.7,-28.1,3.0,19.8,10.0,1.0,0.5,0.7,-13.3,-5.5,-1.7,-7.4,3.0,8.6,10.0,1.0,0.5,0.7,394.0,1092.5,1092.5,751.5,3.0,591.0,10.0,1.0,0.5,0.7,395.0,1095.0,1095.0,750.0,3.0,590.0,10.0,1.0,0.5,0.7
1974,2,223.0,12.0,24.0,24.0,24.0,24.0,1.0,0.0,10.0,1.0,1.0,0.3,23.0,23.0,23.0,23.0,1.0,0.0,10.0,1.0,1.0,0.3,13.33,13.33,13.33,13.33,1.0,0.0,10.0,1.0,1.0,0.3,76.3,76.3,76.3,76.3,1.0,0.0,10.0,1.0,0.3,4.1,4.1,4.1,4.1,1.0,0.0,10.0,1.0,1.0,0.3,-4.1,-4.1,-4.1,-4.1,1.0,0.0,10.0,1.0,1.0,0.3,0.0,0.0,0.0,0.0,1.0,0.0,10.0,1.0,1.0,0.3,1012.5,1012.5,1012.5,1012.5,1.0,0.0,10.0,1.0,1.0,0.3,3.0,3.0,3.0,3.0,1.0,0.0,10.0,1.0,1.0,0.3,-16.8,-16.8,-16.8,-16.8,1.0,0.0,10.0,1.0,1.0,0.3,0.0,0.0,0.0,0.0,1.0,0.0,10.0,1.0,1.0,0.3,1.0,1.0,1.0,1.0,1.0,0.0,10.0,1.0,1.0,0.3,4.1,4.1,4.1,4.1,1.0,0.0,10.0,1.0,1.0,0.3,5.3,5.3,5.3,5.3,1.0,0.0,10.0,1.0,1.0,0.3,21.7,21.7,21.7,21.7,1.0,0.0,10.0,1.0,1.0,0.3,-94.3,-94.3,-94.3,-94.3,1.0,0.0,10.0,1.0,1.0,0.3,0.0,0.0,0.0,0.0,1.0,0.0,10.0,1.0,1.0,0.3,-54.6,-54.6,-54.6,-54.6,1.0,0.0,10.0,1.0,1.0,0.3,0.0,0.0,0.0,0.0,1.0,0.0,10.0,1.0,1.0,0.3,-21.7,-21.7,-21.7,-21.7,1.0,0.0,10.0,1.0,1.0,0.3,0.0,0.0,0.0,0.0,1.0,0.0,10.0,1.0,1.0,0.3,69.0,69.0,69.0,69.0,1.0,0.0,10.0,1.0,1.0,0.3,70.0,70.0,70.0,70.0,1.0,0.0,10.0,1.0,1.0,0.3
1974,2,223.0,13.0,24.0,24.0,25.37,24.67,3.0,1.15,24.0,1.0,0.6,0.4,22.55,23.3,23.78,23.17,3.0,0.91,24.0,1.0,0.6,0.4,14.19,14.19,14.19,14.19,1.0,0.0,22.0,1.0,0.6,0.4,76.4,76.4,76.4,76.4,1.0,0.0,22.0,1.0,0.4,9.46,9.8,9.94,9.7,3.0,0.36,24.0,1.0,0.6,0.4,-9.02,-7.66,-7.29,-8.15,3.0,1.33,24.0,1.0,0.6,0.4,-6.29,-5.98,-3.06,-4.7,3.0,2.61,24.0,1.0,0.6,0.4,1013.28,1014.1,1014.24,1013.77,3.0,0.76,24.0,1.0,0.6,0.4,4.6,6.0,7.4,6.0,2.0,2.8,24.0,1.0,0.8,0.3,-88.9,-76.6,-69.5,-79.1,3.0,14.3,24.0,1.0,0.6,0.4,-61.5,-55.6,-29.0,-45.5,3.0,25.4,24.0,1.0,0.6,0.4,1.05,1.8,1.94,1.5,3.0,0.7,24.0,1.0,0.6,0.4,10.2,18.0,19.1,14.7,3.0,7.1,24.0,1.0,0.6,0.4,6.82,6.82,6.82,6.82,1.0,0.0,22.0,1.0,0.6,0.4,66.8,66.8,66.8,66.8,1.0,0.0,22.0,1.0,0.6,0.4,-212.1,-170.1,-167.3,-189.2,3.0,36.8,24.0,1.0,0.6,0.4,-141.6,-139.3,-72.1,-107.6,3.0,57.8,24.0,1.0,0.6,0.4,-136.9,-136.9,-136.9,-136.9,1.0,0.0,22.0,1.0,0.6,0.4,-24.1,-24.1,-24.1,-24.1,1.0,0.0,22.0,1.0,0.6,0.4,-65.8,-65.8,-65.8,-65.8,1.0,0.0,22.0,1.0,0.6,0.4,-11.6,-11.6,-11.6,-11.6,1.0,0.0,22.0,1.0,0.6,0.4,848.0,941.0,981.5,915.0,3.0,100.5,24.0,1.0,0.6,0.4,850.0,940.0,980.0,915.0,3.0,100.0,24.0,1.0,0.6,0.4
1974,2,223.0,14.0,23.9,23.9,23.9,23.9,1.0,0.0,22.0,0.0,0.9,0.7,24.3,24.3,24.3,24.3,1.0,0.0,22.0,0.0,0.9,0.7,12.82,12.82,12.82,12.82,1.0,0.0,22.0,0.0,0.9,0.7,67.9,67.9,67.9,67.9,1.0,0.0,22.0,0.0,0.7,6.7,6.7,6.7,6.7,1.0,0.0,22.0,0.0,0.9,0.7,-5.8,-5.8,-5.8,-5.8,1.0,0.0,22.0,0.0,0.9,0.7,-3.35,-3.35,-3.35,-3.35,1.0,0.0,22.0,0.0,0.9,0.7,1013.0,1013.0,1013.0,1013.0,1.0,0.0,22.0,0.0,0.9,0.7,4.0,4.0,4.0,4.0,1.0,0.0,22.0,0.0,0.9,0.7,-38.9,-38.9,-38.9,-38.9,1.0,0.0,22.0,0.0,0.9,0.7,-22.4,-22.4,-22.4,-22.4,1.0,0.0,22.0,0.0,0.9,0.7,-0.4,-0.4,-0.4,-0.4,1.0,0.0,22.0,0.0,0.9,0.7,-2.7,-2.7,-2.7,-2.7,1.0,0.0,22.0,0.0,0.9,0.7,5.68,5.68,5.68,5.68,1.0,0.0,22.0,0.0,0.9,0.7,38.0,38.0,38.0,38.0,1.0,0.0,22.0,0.0,0.9,0.7,-141.0,-141.0,-141.0,-141.0,1.0,0.0,22.0,0.0,0.9,0.7,-81.4,-81.4,-81.4,-81.4,1.0,0.0,22.0,0.0,0.9,0.7,-74.4,-74.4,-74.4,-74.4,1.0,0.0,22.0,0.0,0.9,0.7,-43.0,-43.0,-43.0,-43.0,1.0,0.0,22.0,0.0,0.9,0.7,-32.9,-32.9,-32.9,-32.9,1.0,0.0,22.0,0.0,0.9,0.7,-19.0,-19.0,-19.0,-19.0,1.0,0.0,22.0,0.0,0.9,0.7,301.0,301.0,301.0,301.0,1.0,0.0,22.0,0.0,0.9,0.7,300.0,300.0,300.0,300.0,1.0,0.0,22.0,0.0,0.9,0.7
1974,2,223.0,15.0,22.83,22.9,22.97,22.9,2.0,0.14,28.0,0.5,0.6,0.6,21.98,23.0,23.55,22.77,3.0,1.17,26.0,0.3,0.7,0.7,13.74,13.74,13.74,13.74,1.0,0.0,28.0,0.0,0.7,0.7,86.2,86.2,86.2,86.2,1.0,0.0,28.0,0.0,0.7,5.22,5.7,8.16,6.67,3.0,2.31,26.0,0.3,0.7,0.7,-7.77,-5.7,-3.52,-5.65,3.0,3.12,26.0,0.3,0.7,0.7,-3.97,-3.18,-1.01,-2.5,3.0,2.24,26.0,0.3,0.7,0.7,1014.01,1015.1,1016.19,1015.1,2.0,2.26,28.0,0.5,0.6,0.6,3.6,5.0,7.0,5.3,3.0,2.5,26.0,0.3,0.7,0.7,-65.8,-32.5,-18.8,-42.1,3.0,35.4,26.0,0.3,0.7,0.7,-27.1,-21.7,-6.9,-17.1,3.0,15.3,26.0,0.3,0.7,0.7,-0.47,0.25,0.97,0.25,2.0,1.48,28.0,0.5,0.6,0.6,-2.2,1.7,5.6,1.7,2.0,8.1,28.0,0.5,0.6,0.6,3.55,3.55,3.55,3.55,1.0,0.0,28.0,0.0,0.7,0.7,20.2,20.2,20.2,20.2,1.0,0.0,28.0,0.0,0.7,0.7,-176.1,-122.5,-79.5,-127.7,3.0,70.9,26.0,0.3,0.7,0.7,-93.6,-73.2,-23.2,-58.7,3.0,53.0,26.0,0.3,0.7,0.7,-78.3,-78.3,-78.3,-78.3,1.0,0.0,28.0,0.0,0.7,0.7,0.0,0.0,0.0,0.0,1.0,0.0,28.0,0.0,0.7,0.7,-20.2,-20.2,-20.2,-20.2,1.0,0.0,28.0,0.0,0.7,0.7,0.0,0.0,0.0,0.0,1.0,0.0,28.0,0.0,0.7,0.7,144.0,185.0,608.0,371.5,3.0,376.0,26.0,0.3,0.7,0.7,145.0,185.0,610.0,370.0,3.0,375.0,26.0,0.3,0.7,0.7
1974,2,223.0,16.0,23.56,23.7,23.84,23.7,3.0,0.2,16.0,0.7,0.8,0.3,21.93,22.0,22.68,22.3,3.0,0.61,16.0,0.7,0.8,0.3,12.02,12.08,12.66,12.34,3.0,0.52,16.0,0.7,0.8,0.3,70.6,74.2,77.5,74.1,3.0,5.0,16.0,0.7,0.3,9.46,9.8,10.48,9.97,3.0,0.76,16.0,0.7,0.8,0.3,-10.15,-8.74,-8.57,-9.34,3.0,1.27,16.0,0.7,0.8,0.3,-4.35,-3.18,-1.01,-2.69,3.0,2.49,16.0,0.7,0.8,0.3,1015.55,1016.3,1016.78,1016.17,3.0,0.91,16.0,0.7,0.8,0.3,4.3,5.0,6.4,5.3,3.0,1.5,16.0,0.7,0.8,0.3,-106.0,-83.2,-81.9,-93.7,3.0,19.9,16.0,0.7,0.8,0.3,-42.2,-29.6,-9.4,-25.9,3.0,24.2,16.0,0.7,0.8,0.3,0.95,1.5,1.84,1.4,3.0,0.66,16.0,0.7,0.8,0.3,9.6,16.2,18.5,14.1,3.0,6.8,16.0,0.7,0.8,0.3,5.42,6.22,6.33,5.88,3.0,0.73,16.0,0.7,0.8,0.3,55.6,57.9,61.0,58.3,3.0,4.0,16.0,0.7,0.8,0.3,-226.0,-201.0,-190.7,-208.2,3.0,26.6,16.0,0.7,0.8,0.3,-96.5,-73.2,-23.2,-60.2,3.0,54.8,16.0,0.7,0.8,0.3,-128.6,-104.8,-103.3,-115.7,3.0,20.8,16.0,0.7,0.8,0.3,-52.5,-38.1,-12.1,-32.4,3.0,30.0,16.0,0.7,0.8,0.3,-54.5,-54.4,-54.2,-54.3,3.0,0.2,16.0,0.7,0.8,0.3,-27.6,-19.8,-6.3,-17.0,3.0,15.8,16.0,0.7,0.8,0.3,848.0,941.0,1158.5,1002.0,3.0,233.5,16.0,0.7,0.8,0.3,850.0,940.0,1160.0,1000.0,3.0,235.0,16.0,0.7,0.8,0.3
1974,2,223.0,17.0,23.0,23.25,23.66,23.33,4.0,0.39,16.0,0.3,0.6,0.5,20.82,22.0,23.33,22.08,5.0,1.4,14.0,0.4,0.6,0.5,13.64,13.97,14.35,13.99,4.0,0.52,12.0,0.5,0.4,0.4,79.6,87.1,90.6,85.2,4.0,7.2,12.0,0.5,0.4,7.2,9.8,11.25,9.26,5.0,3.03,14.0,0.4,0.6,0.5,-9.83,-8.29,-6.77,-8.12,5.0,2.29,14.0,0.4,0.6,0.5,-5.5,-1.79,-1.65,-3.58,5.0,3.57,14.0,0.4,0.6,0.5,1016.1,1019.0,1020.7,1018.24,5.0,3.25,14.0,0.4,0.6,0.5,3.4,5.0,6.6,5.0,4.0,2.4,14.0,0.5,0.5,0.5,-105.4,-94.6,-52.4,-79.4,5.0,36.2,14.0,0.4,0.6,0.5,-63.0,-18.4,-13.2,-39.1,5.0,49.8,14.0,0.4,0.6,0.5,0.48,1.75,2.92,1.7,4.0,1.48,16.0,0.3,0.6,0.5,4.7,21.0,33.2,19.0,4.0,16.8,16.0,0.3,0.6,0.5,3.14,3.94,4.57,3.86,3.0,1.05,16.0,0.3,0.5,0.5,24.6,50.1,50.5,37.9,3.0,21.8,16.0,0.3,0.5,0.5,-209.5,-195.4,-146.8,-177.8,5.0,46.3,14.0,0.4,0.6,0.5,-120.9,-37.4,-36.5,-77.8,5.0,74.0,14.0,0.4,0.6,0.5,-126.4,-115.0,-87.4,-107.3,4.0,30.9,12.0,0.5,0.4,0.4,-92.3,-32.7,-23.5,-56.7,4.0,55.1,12.0,0.5,0.4,0.4,-44.0,-32.6,-18.5,-31.3,3.0,18.7,16.0,0.3,0.5,0.5,-29.3,-8.7,-5.7,-17.3,3.0,18.8,16.0,0.3,0.5,0.5,453.5,941.0,1477.5,987.5,5.0,751.5,14.0,0.4,0.6,0.5,455.0,940.0,1480.0,985.0,5.0,750.0,14.0,0.4,0.6,0.5
1974,2,223.0,18.0,21.44,22.2,22.76,22.12,5.0,0.83,12.0,0.2,0.7,0.5,20.38,21.5,23.04,21.64,5.0,1.39,12.0,0.2,0.7,0.5,9.62,11.31,13.37,11.34,5.0,2.24,12.0,0.2,0.7,0.5,58.0,76.3,81.0,70.9,5.0,13.2,12.0,0.2,0.5,8.52,10.3,12.43,10.58,5.0,2.47,12.0,0.2,0.7,0.5,-11.8,-9.79,-7.45,-9.69,5.0,3.28,12.0,0.2,0.7,0.5,-5.88,0.0,0.0,-2.39,5.0,3.28,12.0,0.2,0.7,0.5,1017.82,1018.9,1019.73,1018.88,5.0,1.34,12.0,0.2,0.7,0.5,2.9,6.0,8.0,5.4,5.0,3.0,12.0,0.2,0.7,0.5,-145.9,-106.1,-63.8,-108.6,5.0,61.5,12.0,0.2,0.7,0.5,-56.0,0.0,0.0,-23.1,5.0,31.9,12.0,0.2,0.7,0.5,-0.83,1.0,1.64,0.48,5.0,1.37,12.0,0.2,0.7,0.5,-8.0,13.1,15.5,5.4,5.0,13.4,12.0,0.2,0.7,0.5,3.9,4.1,6.62,5.16,5.0,1.99,12.0,0.2,0.7,0.5,41.5,48.3,62.9,51.9,5.0,12.2,12.0,0.2,0.7,0.5,-248.1,-221.4,-167.2,-208.8,5.0,64.8,12.0,0.2,0.7,0.5,-129.6,0.0,0.0,-51.9,5.0,71.0,12.0,0.2,0.7,0.5,-148.3,-129.6,-73.6,-113.3,5.0,47.2,12.0,0.2,0.7,0.5,-59.5,0.0,0.0,-25.1,5.0,35.4,12.0,0.2,0.7,0.5,-52.2,-44.7,-39.5,-45.9,5.0,8.7,12.0,0.2,0.7,0.5,-32.5,0.0,0.0,-14.8,5.0,23.3,12.0,0.2,0.7,0.5,619.5,1092.5,2006.5,1346.5,5.0,983.5,12.0,0.2,0.7,0.5,620.0,1095.0,2005.0,1345.0,5.0,985.0,12.0,0.2,0.7,0.5
1974,2,223.0,19.0,21.89,22.0,22.42,22.14,5.0,0.41,18.0,0.2,0.6,0.3,20.03,21.0,21.26,20.7,5.0,0.86,18.0,0.2,0.6,0.3,9.96,11.6,12.11,11.17,5.0,1.39,18.0,0.2,0.6,0.3,67.3,75.5,79.3,73.9,5.0,6.3,18.0,0.2,0.3,8.72,10.8,11.57,10.08,5.0,2.93,18.0,0.2,0.6,0.3,-11.57,-10.15,-7.13,-9.3,5.0,3.61,18.0,0.2,0.6,0.3,-4.45,-3.69,0.0,-2.6,5.0,2.46,18.0,0.2,0.6,0.3,1017.63,1019.0,1019.67,1018.72,5.0,1.26,18.0,0.2,0.6,0.3,4.3,6.0,7.0,5.6,5.0,1.7,18.0,0.2,0.6,0.3,-134.8,-109.6,-70.2,-102.1,5.0,54.1,18.0,0.2,0.6,0.3,-46.6,-19.9,0.0,-23.6,5.0,25.5,18.0,0.2,0.6,0.3,1.0,1.1,1.98,1.44,5.0,0.59,18.0,0.2,0.6,0.3,8.9,10.8,23.2,15.3,5.0,9.5,18.0,0.2,0.6,0.3,4.58,4.99,6.29,5.35,5.0,1.01,18.0,0.2,0.6,0.3,40.7,53.9,73.1,55.8,5.0,23.7,18.0,0.2,0.6,0.3,-231.3,-213.1,-150.7,-190.3,5.0,69.4,18.0,0.2,0.6,0.3,-95.2,-77.6,0.0,-55.1,5.0,52.1,18.0,0.2,0.6,0.3,-122.2,-117.8,-76.8,-100.5,5.0,34.2,18.0,0.2,0.6,0.3,-52.5,-42.9,0.0,-29.9,5.0,27.6,18.0,0.2,0.6,0.3,-67.6,-53.9,-35.9,-51.9,5.0,25.9,18.0,0.2,0.6,0.3,-23.2,-16.4,0.0,-13.4,5.0,13.8,18.0,0.2,0.6,0.3,848.0,1259.5,1583.5,1211.5,5.0,715.0,18.0,0.2,0.6,0.3,850.0,1260.0,1585.0,1210.0,5.0,715.0,18.0,0.2,0.6,0.3
1974,2,223.0,20.0,21.79,22.0,22.37,22.03,6.0,0.64,22.0,0.8,0.5,0.5,20.56,21.25,23.1,21.67,6.0,1.29,22.0,0.8,0.5,0.5,10.88,11.53,12.63,11.6,6.0,0.99,22.0,0.8,0.5,0.5,65.6,71.5,80.2,72.8,6.0,7.6,22.0,0.8,0.5,6.85,11.35,15.4,10.8,6.0,4.75,22.0,0.8,0.5,0.5,-15.21,-9.5,-5.94,-9.89,6.0,4.81,22.0,0.8,0.5,0.5,-4.83,-2.93,-1.43,-3.35,6.0,2.9,22.0,0.8,0.5,0.5,1018.59,1020.25,1021.72,1020.43,6.0,2.31,22.0,0.8,0.5,0.5,2.0,3.5,6.2,4.0,6.0,2.3,22.0,0.8,0.5,0.5,-234.3,-109.4,-43.1,-125.4,6.0,94.7,22.0,0.8,0.5,0.5,-56.5,-29.6,-5.1,-37.1,6.0,41.4,22.0,0.8,0.5,0.5,-1.1,0.25,1.81,0.37,6.0,1.55,22.0,0.8,0.5,0.5,-9.0,3.4,27.8,8.3,6.0,20.5,22.0,0.8,0.5,0.5,3.55,4.82,6.27,4.79,6.0,1.45,22.0,0.8,0.5,0.5,32.5,46.9,96.6,56.2,6.0,35.0,22.0,0.8,0.5,0.5,-311.0,-213.0,-135.2,-211.9,6.0,95.5,22.0,0.8,0.5,0.5,-108.5,-64.7,-30.0,-73.5,6.0,62.8,22.0,0.8,0.5,0.5,-158.1,-115.9,-68.2,-111.8,6.0,48.9,22.0,0.8,0.5,0.5,-57.1,-33.5,-18.2,-40.3,6.0,36.6,22.0,0.8,0.5,0.5,-95.4,-39.7,-28.2,-52.4,6.0,36.3,22.0,0.8,0.5,0.5,-22.0,-15.7,-3.8,-14.7,6.0,11.5,22.0,0.8,0.5,0.5,372.0,1605.0,3652.5,1836.5,6.0,1618.0,22.0,0.8,0.5,0.5,370.0,1605.0,3650.0,1835.0,6.0,1620.0,22.0,0.8,0.5,0.5
1974,2,223.0,21.0,20.98,21.5,22.04,21.54,5.0,0.8,20.0,0.6,0.5,0.5,20.0,20.6,23.15,21.68,5.0,2.84,20.0,0.6,0.5,0.5,10.43,11.15,12.01,11.24,5.0,0.88,20.0,0.6,0.5,0.5,63.7,72.4,77.6,70.5,5.0,8.6,20.0,0.6,0.5,4.42,7.2,10.67,7.5,5.0,3.25,20.0,0.6,0.5,0.5,-9.79,-6.77,-3.43,-6.6,5.0,3.82,20.0,0.6,0.5,0.5,-4.33,-2.46,0.0,-2.29,5.0,2.3,20.0,0.6,0.5,0.5,1017.13,1018.6,1018.81,1018.04,5.0,1.11,20.0,0.6,0.5,0.5,3.3,4.0,7.0,4.8,5.0,2.2,20.0,0.6,0.5,0.5,-105.0,-48.7,-15.5,-59.0,5.0,50.4,20.0,0.6,0.5,0.5,-30.6,-15.8,0.0,-17.3,5.0,21.7,20.0,0.6,0.5,0.5,-1.97,1.0,1.78,-0.14,5.0,3.45,20.0,0.6,0.5,0.5,-7.3,4.6,19.1,5.0,5.0,19.7,20.0,0.6,0.5,0.5,3.64,5.13,5.7,4.7,5.0,1.35,20.0,0.6,0.5,0.5,16.3,39.5,59.6,38.0,5.0,22.8,20.0,0.6,0.5,0.5,-195.8,-142.8,-73.8,-135.9,5.0,73.1,20.0,0.6,0.5,0.5,-102.9,-52.0,0.0,-51.6,5.0,51.5,20.0,0.6,0.5,0.5,-106.3,-70.2,-40.7,-71.9,5.0,39.3,20.0,0.6,0.5,0.5,-51.4,-25.6,0.0,-26.2,5.0,26.6,20.0,0.6,0.5,0.5,-55.4,-37.1,-13.7,-34.5,5.0,23.0,20.0,0.6,0.5,0.5,-20.0,-10.0,0.0,-10.9,5.0,12.8,20.0,0.6,0.5,0.5,87.0,373.0,1220.5,615.0,5.0,620.0,20.0,0.6,0.5,0.5,85.0,375.0,1220.0,615.0,5.0,620.0,20.0,0.6,0.5,0.5
1974,2,223.0,22.0,,,,,,,,,,,,,,,,,,,,,,,,,,,,,,,,,,,,,,,,9.8,9.8,9.8,9.8,1.0,0.0,26.0,1.0,0.8,0.5,-4.9,-4.9,-4.9,-4.9,1.0,0.0,26.0,1.0,0.8,0.5,-8.49,-8.49,-8.49,-8.49,1.0,0.0,26.0,1.0,0.8,0.5,1022.0,1022.0,1022.0,1022.0,1.0,0.0,26.0,1.0,0.8,0.5,,,,,,,,,,,,,,,,,,,,,,,,,,,,,,,,,,,,,,,,,,,,,,,,,,,,,,,,,,,,,,,,,,,,,,,,,,,,,,,,,,,,,,,,,,,,,,,,,,,,,,,,,,,,,,,,,,,,,,,,,,,,,,,,,,,,,,,,,,,,,,,,,,,,,,
1974,2,223.0,23.0,20.0,21.0,21.14,20.89,7.0,0.7,22.0,0.6,0.4,0.5,18.95,19.4,20.05,19.56,7.0,0.96,22.0,0.6,0.4,0.5,9.37,9.88,10.76,10.19,7.0,0.94,22.0,0.6,0.4,0.5,69.2,72.6,74.9,72.9,7.0,6.8,22.0,0.6,0.5,4.08,7.7,9.37,6.99,7.0,2.66,22.0,0.6,0.4,0.5,-9.34,-6.67,-3.8,-6.52,7.0,2.73,22.0,0.6,0.4,0.5,-3.7,-1.95,-1.27,-2.08,7.0,1.36,22.0,0.6,0.4,0.5,1021.46,1022.0,1022.82,1022.06,7.0,0.89,22.0,0.6,0.4,0.5,5.0,6.5,8.0,6.5,6.0,1.4,22.0,0.7,0.4,0.5,-87.6,-51.3,-15.5,-51.7,7.0,36.7,22.0,0.6,0.4,0.5,-30.1,-10.3,-5.5,-15.0,7.0,14.3,22.0,0.6,0.4,0.5,0.0,1.0,1.81,1.33,7.0,1.36,22.0,0.6,0.4,0.5,0.0,7.7,14.4,7.8,7.0,6.1,22.0,0.6,0.4,0.5,3.72,5.03,5.75,5.05,7.0,1.22,22.0,0.6,0.4,0.5,25.1,32.4,50.8,34.7,7.0,13.7,22.0,0.6,0.4,0.5,-181.5,-133.4,-73.5,-128.3,7.0,54.6,22.0,0.6,0.4,0.5,-74.0,-41.1,-24.2,-40.9,7.0,27.4,22.0,0.6,0.4,0.5,-92.6,-71.1,-45.0,-66.3,7.0,27.7,22.0,0.6,0.4,0.5,-38.8,-19.0,-11.9,-21.4,7.0,14.5,22.0,0.6,0.4,0.5,-49.4,-30.4,-19.3,-32.4,7.0,14.3,22.0,0.6,0.4,0.5,-16.5,-11.1,-4.7,-10.2,7.0,6.6,22.0,0.6,0.4,0.5,68.0,456.5,826.0,468.5,7.0,439.0,22.0,0.6,0.4,0.5,70.0,455.0,825.0,470.0,7.0,440.0,22.0,0.6,0.4,0.5
1974,2,223.0,24.0,20.5,20.5,20.5,20.5,1.0,0.0,4.0,1.0,0.6,0.4,20.2,20.2,20.2,20.2,1.0,0.0,4.0,1.0,0.6,0.4,10.5,10.5,10.5,10.5,1.0,0.0,4.0,1.0,0.6,0.4,72.0,72.0,72.0,72.0,1.0,0.0,4.0,1.0,0.4,7.2,7.2,7.2,7.2,1.0,0.0,4.0,1.0,0.6,0.4,-6.77,-6.77,-6.77,-6.77,1.0,0.0,4.0,1.0,0.6,0.4,-2.46,-2.46,-2.46,-2.46,1.0,0.0,4.0,1.0,0.6,0.4,1020.1,1020.1,1020.1,1020.1,1.0,0.0,4.0,1.0,0.6,0.4,8.0,8.0,8.0,8.0,1.0,0.0,4.0,1.0,0.6,0.4,-48.7,-48.7,-48.7,-48.7,1.0,0.0,4.0,1.0,0.6,0.4,-17.7,-17.7,-17.7,-17.7,1.0,0.0,4.0,1.0,0.6,0.4,0.3,0.3,0.3,0.3,1.0,0.0,4.0,1.0,0.6,0.4,2.2,2.2,2.2,2.2,1.0,0.0,4.0,1.0,0.6,0.4,4.39,4.39,4.39,4.39,1.0,0.0,4.0,1.0,0.6,0.4,31.6,31.6,31.6,31.6,1.0,0.0,4.0,1.0,0.6,0.4,-136.7,-136.7,-136.7,-136.7,1.0,0.0,4.0,1.0,0.6,0.4,-49.7,-49.7,-49.7,-49.7,1.0,0.0,4.0,1.0,0.6,0.4,-71.1,-71.1,-71.1,-71.1,1.0,0.0,4.0,1.0,0.6,0.4,-25.9,-25.9,-25.9,-25.9,1.0,0.0,4.0,1.0,0.6,0.4,-29.7,-29.7,-29.7,-29.7,1.0,0.0,4.0,1.0,0.6,0.4,-10.8,-10.8,-10.8,-10.8,1.0,0.0,4.0,1.0,0.6,0.4,373.0,373.0,373.0,373.0,1.0,0.0,4.0,1.0,0.6,0.4,375.0,375.0,375.0,375.0,1.0,0.0,4.0,1.0,0.6,0.4
1974,2,223.0,25.0,18.21,19.3,20.44,19.33,4.0,1.53,12.0,0.5,0.5,0.8,18.42,19.25,19.76,19.1,4.0,0.9,12.0,0.5,0.5,0.8,8.27,9.47,10.52,9.4,4.0,1.5,12.0,0.5,0.5,0.8,61.5,66.9,76.6,69.0,4.0,9.9,12.0,0.5,0.8,3.34,4.35,6.2,4.75,4.0,1.84,12.0,0.5,0.5,0.8,-6.05,-4.17,-2.73,-4.38,4.0,2.2,12.0,0.5,0.5,0.8,-0.33,0.87,2.07,0.87,4.0,1.42,12.0,0.5,0.5,0.8,1019.93,1021.9,1022.51,1021.25,4.0,1.9,12.0,0.5,0.5,0.8,4.5,6.5,8.0,6.3,4.0,2.1,12.0,0.5,0.5,0.8,-38.8,-18.6,-9.3,-23.8,4.0,20.2,12.0,0.5,0.5,0.8,-1.2,3.7,8.2,3.5,4.0,5.5,12.0,0.5,0.5,0.8,-1.02,0.35,1.46,0.23,4.0,1.49,12.0,0.5,0.5,0.8,-6.4,2.3,6.1,0.0,4.0,8.0,12.0,0.5,0.5,0.8,2.4,5.09,6.48,4.47,4.0,2.54,12.0,0.5,0.5,0.8,10.0,17.5,28.4,19.1,4.0,11.2,12.0,0.5,0.5,0.8,-117.3,-79.7,-50.6,-83.7,4.0,42.4,12.0,0.5,0.5,0.8,-5.9,17.4,40.9,17.5,4.0,27.5,12.0,0.5,0.5,0.8,-62.6,-35.1,-23.0,-42.5,4.0,27.0,12.0,0.5,0.5,0.8,-2.5,7.9,19.8,8.6,4.0,13.2,12.0,0.5,0.5,0.8,-27.2,-15.9,-8.0,-17.5,4.0,11.4,12.0,0.5,0.5,0.8,-2.1,4.4,10.1,4.0,4.0,7.2,12.0,0.5,0.5,0.8,38.0,89.5,258.5,145.5,4.0,158.5,12.0,0.5,0.5,0.8,40.0,90.0,260.0,145.0,4.0,160.0,12.0,0.5,0.5,0.8
1974,2,223.0,26.0,18.97,19.5,20.62,19.61,7.0,0.94,18.0,0.7,0.6,0.5,18.69,19.0,19.91,19.46,7.0,1.3,18.0,0.7,0.6,0.5,8.57,9.04,10.36,9.43,6.0,1.4,20.0,0.8,0.5,0.6,60.5,65.3,72.3,67.4,6.0,8.6,20.0,0.8,0.6,6.62,7.7,9.35,7.86,7.0,1.69,18.0,0.7,0.6,0.5,-9.34,-7.24,-4.24,-5.66,7.0,5.71,18.0,0.7,0.6,0.5,-1.83,-1.16,0.18,-0.5,7.0,2.15,18.0,0.7,0.6,0.5,1020.74,1022.0,1025.8,1022.1,7.0,3.44,18.0,0.7,0.6,0.5,6.9,8.0,8.0,7.3,7.0,1.5,18.0,0.7,0.6,0.5,-87.3,-55.7,-20.8,-47.3,7.0,50.9,18.0,0.7,0.6,0.5,-18.5,-7.8,1.4,-3.7,7.0,16.7,18.0,0.7,0.6,0.5,-0.85,0.8,1.43,0.16,7.0,1.99,18.0,0.7,0.6,0.5,-6.7,6.2,8.5,0.8,7.0,16.1,18.0,0.7,0.6,0.5,2.75,4.74,6.13,4.45,6.0,1.78,20.0,0.8,0.5,0.6,22.4,34.6,42.3,32.8,6.0,12.3,20.0,0.8,0.5,0.6,-182.4,-135.3,-77.7,-109.7,7.0,112.6,18.0,0.7,0.6,0.5,-34.2,-22.6,3.6,-8.7,7.0,41.6,18.0,0.7,0.6,0.5,-83.1,-62.5,-13.4,-42.3,6.0,62.3,20.0,0.8,0.5,0.6,-17.4,-12.0,9.5,-3.0,6.0,25.2,20.0,0.8,0.5,0.6,-41.6,-32.5,-17.1,-27.6,6.0,21.0,20.0,0.8,0.5,0.6,-11.4,-7.8,1.4,-5.4,6.0,7.4,20.0,0.8,0.5,0.6,292.5,456.5,818.0,542.0,7.0,319.5,18.0,0.7,0.6,0.5,295.0,455.0,820.0,540.0,7.0,320.0,18.0,0.7,0.6,0.5
1974,2,223.0,27.0,19.63,20.0,20.75,20.12,5.0,0.76,12.0,0.6,0.6,0.7,17.33,18.0,19.15,18.14,5.0,1.13,12.0,0.6,0.6,0.7,8.23,9.27,11.26,9.71,5.0,1.97,12.0,0.6,0.6,0.7,67.9,73.5,82.7,75.5,5.0,10.1,12.0,0.6,0.7,5.1,7.2,8.6,6.98,5.0,1.87,12.0,0.6,0.6,0.7,-7.47,-6.77,-5.07,-6.42,5.0,1.33,12.0,0.6,0.6,0.7,-3.09,-0.89,0.9,-1.16,5.0,3.08,12.0,0.6,0.6,0.7,1023.63,1025.3,1027.64,1025.52,5.0,2.11,12.0,0.6,0.6,0.7,7.6,8.0,8.0,7.8,5.0,0.4,12.0,0.6,0.6,0.7,-66.2,-48.7,-25.9,-46.6,5.0,20.2,12.0,0.6,0.6,0.7,-27.7,-4.5,6.5,-10.8,5.0,27.3,12.0,0.6,0.6,0.7,1.0,1.6,2.89,1.98,5.0,1.29,12.0,0.6,0.6,0.7,7.1,14.9,17.7,13.0,5.0,6.3,12.0,0.6,0.6,0.7,3.44,4.19,6.34,4.77,5.0,1.84,12.0,0.6,0.6,0.7,23.3,32.0,39.1,31.4,5.0,8.5,12.0,0.6,0.6,0.7,-143.8,-120.4,-88.1,-117.3,5.0,29.9,12.0,0.6,0.6,0.7,-59.5,-15.9,16.0,-23.0,5.0,58.5,12.0,0.6,0.6,0.7,-86.5,-58.5,-43.6,-63.6,5.0,22.9,12.0,0.6,0.6,0.7,-37.1,-8.2,7.8,-15.5,5.0,36.4,12.0,0.6,0.6,0.7,-38.1,-31.6,-20.2,-29.6,5.0,9.3,12.0,0.6,0.6,0.7,-9.3,-3.7,5.1,-2.2,5.0,10.8,12.0,0.6,0.6,0.7,132.5,373.0,644.0,399.0,5.0,287.5,12.0,0.6,0.6,0.7,135.0,375.0,645.0,400.0,5.0,285.0,12.0,0.6,0.6,0.7
1974,2,223.0,28.0,17.74,18.65,20.0,18.81,16.0,1.26,18.0,0.4,0.5,0.5,16.44,17.8,19.62,18.2,16.0,1.83,18.0,0.4,0.5,0.5,7.46,9.17,9.74,8.74,16.0,1.06,18.0,0.4,0.5,0.5,59.2,68.4,78.4,68.3,16.0,8.8,18.0,0.4,0.5,3.79,5.1,8.01,5.48,16.0,2.44,18.0,0.4,0.5,0.5,-5.33,-3.85,-0.52,-2.85,16.0,4.15,18.0,0.4,0.5,0.5,-2.23,1.17,3.73,0.55,16.0,3.43,18.0,0.4,0.5,0.5,1021.27,1023.3,1025.92,1023.46,16.0,2.88,18.0,0.4,0.5,0.5,2.0,6.5,7.6,5.4,16.0,2.4,18.0,0.4,0.5,0.5,-35.9,-16.2,-1.6,-18.2,16.0,34.7,18.0,0.4,0.5,0.5,-15.3,3.3,17.9,0.9,16.0,25.9,18.0,0.4,0.5,0.5,-1.89,1.0,2.2,0.61,16.0,2.02,18.0,0.4,0.5,0.5,-11.2,2.6,12.7,2.9,16.0,13.1,18.0,0.4,0.5,0.5,3.07,4.85,6.12,4.65,16.0,1.45,18.0,0.4,0.5,0.5,16.4,23.4,32.0,25.3,16.0,15.3,18.0,0.4,0.5,0.5,-100.7,-65.2,-9.4,-50.3,16.0,77.5,18.0,0.4,0.5,0.5,-39.6,24.6,70.0,10.1,16.0,61.6,18.0,0.4,0.5,0.5,-48.3,-31.9,-4.3,-23.2,16.0,36.3,18.0,0.4,0.5,0.5,-19.2,11.3,32.4,5.5,16.0,31.1,18.0,0.4,0.5,0.5,-28.8,-18.6,-2.5,-16.5,16.0,20.6,18.0,0.4,0.5,0.5,-12.8,5.0,13.4,0.8,16.0,14.2,18.0,0.4,0.5,0.5,55.0,132.5,515.5,261.0,16.0,309.0,18.0,0.4,0.5,0.5,55.0,135.0,515.0,260.0,16.0,310.0,18.0,0.4,0.5,0.5
1974,2,223.0,29.0,17.05,18.4,19.0,18.25,17.0,1.45,18.0,0.8,0.4,0.7,16.13,17.2,20.01,17.86,15.0,2.15,16.0,0.7,0.4,0.7,7.28,8.64,10.15,8.91,15.0,1.77,16.0,0.7,0.4,0.7,61.5,70.7,77.5,70.5,15.0,8.3,16.0,0.7,0.7,3.1,4.35,6.2,4.64,14.0,2.0,16.0,0.8,0.4,0.7,-6.2,-4.21,-0.53,-3.66,14.0,3.13,16.0,0.8,0.4,0.7,-1.55,0.0,1.45,-0.3,14.0,1.68,16.0,0.8,0.4,0.7,1023.22,1024.7,1026.71,1025.03,15.0,2.83,16.0,0.7,0.4,0.7,3.7,6.0,8.0,5.7,15.0,2.3,16.0,0.7,0.4,0.7,-38.4,-18.3,-1.3,-21.9,14.0,23.9,16.0,0.8,0.4,0.7,-8.9,0.0,4.1,-3.4,14.0,9.5,16.0,0.8,0.4,0.7,-2.2,1.0,3.23,0.57,15.0,2.41,16.0,0.7,0.4,0.7,-9.0,4.3,13.7,3.2,14.0,11.7,16.0,0.8,0.4,0.7,2.31,4.32,5.95,4.14,15.0,2.05,16.0,0.7,0.4,0.7,6.8,18.1,32.8,20.0,14.0,12.8,16.0,0.8,0.4,0.7,-96.7,-73.8,-9.2,-64.5,14.0,60.1,16.0,0.8,0.4,0.7,-34.2,0.0,31.9,-5.8,14.0,31.7,16.0,0.8,0.4,0.7,-54.9,-37.5,-3.9,-31.2,14.0,30.2,16.0,0.8,0.4,0.7,-19.5,0.0,14.6,-2.6,14.0,16.5,16.0,0.8,0.4,0.7,-32.8,-17.6,-0.7,-17.9,14.0,14.7,16.0,0.8,0.4,0.7,-6.3,0.0,1.9,-1.7,14.0,5.5,16.0,0.8,0.4,0.7,30.0,83.0,238.5,158.0,14.0,214.5,16.0,0.8,0.4,0.7,30.0,85.0,240.0,160.0,14.0,215.0,16.0,0.8,0.4,0.7
1974,2,223.0,30.0,18.37,18.8,19.4,18.8,7.0,0.61,14.0,0.3,0.6,0.3,16.2,16.8,19.52,17.5,7.0,1.59,14.0,0.3,0.6,0.3,8.53,9.34,10.99,9.75,7.0,1.8,14.0,0.3,0.6,0.3,71.2,73.4,91.3,79.2,7.0,10.6,14.0,0.3,0.3,2.48,5.1,7.7,4.77,7.0,2.81,14.0,0.3,0.6,0.3,-7.26,-3.91,0.29,-2.78,7.0,4.72,14.0,0.3,0.6,0.3,-1.15,0.0,0.16,-0.06,7.0,1.77,14.0,0.3,0.6,0.3,1025.3,1026.4,1027.52,1026.5,7.0,2.01,14.0,0.3,0.6,0.3,2.9,6.0,8.0,4.9,7.0,3.0,14.0,0.3,0.6,0.3,-55.9,-16.8,1.8,-17.2,7.0,33.4,14.0,0.3,0.6,0.3,-7.3,0.0,0.8,-1.5,7.0,11.0,14.0,0.3,0.6,0.3,-0.51,1.5,2.53,1.3,7.0,1.44,14.0,0.3,0.6,0.3,-1.9,9.9,13.4,7.1,7.0,8.5,14.0,0.3,0.6,0.3,2.47,4.4,4.49,3.57,7.0,1.44,14.0,0.3,0.6,0.3,4.1,18.3,27.8,16.5,7.0,13.2,14.0,0.3,0.6,0.3,-117.7,-66.4,4.9,-48.1,7.0,78.8,14.0,0.3,0.6,0.3,-19.3,0.0,3.1,0.7,7.0,32.8,14.0,0.3,0.6,0.3,-56.0,-38.3,2.5,-28.7,7.0,44.2,14.0,0.3,0.6,0.3,-9.7,0.0,2.0,2.0,7.0,19.5,14.0,0.3,0.6,0.3,-20.4,-8.8,1.3,-8.3,7.0,19.5,14.0,0.3,0.6,0.3,-5.1,0.0,0.1,-2.1,7.0,5.2,14.0,0.3,0.6,0.3,16.5,132.5,456.5,196.0,7.0,195.0,14.0,0.3,0.6,0.3,15.0,135.0,455.0,195.0,7.0,195.0,14.0,0.3,0.6,0.3
1974,2,223.0,31.0,16.01,16.75,18.86,17.25,14.0,1.6,16.0,0.6,0.6,0.6,15.2,16.4,18.78,16.89,15.0,1.92,16.0,0.6,0.6,0.6,7.18,8.82,9.86,8.75,14.0,1.53,16.0,0.6,0.6,0.6,63.0,77.4,85.5,75.5,15.0,11.3,16.0,0.6,0.6,1.74,5.1,7.7,4.99,15.0,2.93,16.0,0.6,0.6,0.6,-6.96,-2.6,1.09,-2.05,15.0,4.28,16.0,0.6,0.6,0.6,-4.42,0.0,1.71,-0.83,15.0,3.43,16.0,0.6,0.6,0.6,1024.23,1025.7,1028.75,1026.52,14.0,2.64,16.0,0.6,0.6,0.6,3.1,4.5,7.0,4.9,14.0,2.3,16.0,0.6,0.6,0.6,-50.9,-6.8,1.6,-13.7,15.0,33.2,16.0,0.6,0.6,0.6,-39.4,0.0,8.5,-9.7,15.0,23.8,16.0,0.6,0.6,0.6,-0.57,0.55,2.67,0.51,14.0,2.37,16.0,0.6,0.6,0.6,-3.1,1.0,15.6,4.1,14.0,10.9,16.0,0.6,0.6,0.6,1.83,2.85,4.63,3.36,14.0,1.6,16.0,0.6,0.6,0.6,3.2,13.2,30.9,16.6,14.0,13.2,16.0,0.6,0.6,0.6,-115.8,-47.2,21.4,-34.7,15.0,70.2,16.0,0.6,0.6,0.6,-71.0,0.0,31.5,-13.6,15.0,56.7,16.0,0.6,0.6,0.6,-52.6,-19.9,14.4,-14.8,14.0,39.3,16.0,0.6,0.6,0.6,-34.4,-1.8,15.1,-9.5,14.0,31.4,16.0,0.6,0.6,0.6,-16.9,-7.2,1.1,-7.0,14.0,15.3,16.0,0.6,0.6,0.6,-19.4,-0.6,2.8,-2.9,14.0,13.3,16.0,0.6,0.6,0.6,6.5,132.5,456.5,240.0,15.0,254.5,16.0,0.6,0.6,0.6,5.0,135.0,455.0,240.0,15.0,255.0,16.0,0.6,0.6,0.6
1974,2,223.0,32.0,16.0,16.7,18.0,17.01,11.0,1.05,18.0,0.5,0.6,0.6,14.29,15.3,15.82,15.15,11.0,1.11,14.0,0.4,0.6,0.6,7.04,7.85,8.94,7.92,11.0,1.21,14.0,0.4,0.6,0.6,66.5,75.5,82.4,74.9,11.0,8.7,14.0,0.4,0.6,4.27,7.7,10.51,7.2,11.0,2.96,14.0,0.4,0.6,0.6,-7.26,-2.91,5.21,-1.68,11.0,5.82,14.0,0.4,0.6,0.6,-7.33,-3.85,0.44,-3.07,11.0,4.29,14.0,0.4,0.6,0.6,1024.38,1027.1,1029.29,1025.93,11.0,5.67,14.0,0.4,0.6,0.6,3.2,7.0,8.0,6.1,11.0,2.4,14.0,0.4,0.6,0.6,-65.8,-9.0,36.6,-17.3,11.0,53.2,14.0,0.4,0.6,0.6,-70.9,-22.5,1.4,-29.7,11.0,40.0,14.0,0.4,0.6,0.6,1.0,2.1,2.87,1.74,10.0,1.44,16.0,0.4,0.7,0.6,5.9,16.4,23.1,14.8,10.0,9.9,16.0,0.4,0.7,0.6,2.99,4.28,4.86,3.91,10.0,1.47,16.0,0.4,0.7,0.6,14.4,33.0,44.3,30.1,10.0,16.0,16.0,0.4,0.7,0.6,-108.3,-50.4,75.3,-27.1,11.0,86.6,14.0,0.4,0.6,0.6,-104.5,-55.8,7.6,-45.1,11.0,64.8,14.0,0.4,0.6,0.6,-55.8,-29.1,43.4,-11.5,11.0,45.1,14.0,0.4,0.6,0.6,-55.4,-27.9,4.5,-24.5,11.0,34.0,14.0,0.4,0.6,0.6,-32.8,-12.0,19.3,-10.5,10.0,25.2,16.0,0.4,0.7,0.6,-29.3,-10.8,0.4,-10.6,10.0,19.5,16.0,0.4,0.7,0.6,90.0,456.5,1161.5,543.0,11.0,508.0,14.0,0.4,0.6,0.6,90.0,455.0,1160.0,545.0,11.0,510.0,14.0,0.4,0.6,0.6
1974,2,223.0,33.0,15.12,16.5,17.8,16.47,18.0,1.69,14.0,0.4,0.6,0.3,14.71,15.7,17.06,15.82,18.0,1.11,14.0,0.4,0.6,0.3,7.63,8.49,10.07,8.64,18.0,1.11,14.0,0.4,0.6,0.3,71.3,78.7,85.1,78.3,18.0,7.0,14.0,0.4,0.3,4.6,7.7,10.45,7.82,18.0,3.25,14.0,0.4,0.6,0.3,-8.01,0.79,4.73,-0.95,18.0,6.52,14.0,0.4,0.6,0.3,-4.51,0.44,3.42,0.1,18.0,5.64,14.0,0.4,0.6,0.3,1023.26,1026.65,1030.03,1025.89,18.0,4.58,14.0,0.4,0.6,0.3,1.1,6.0,7.5,4.9,17.0,3.0,14.0,0.5,0.6,0.3,-67.0,3.6,22.5,-7.1,18.0,65.4,14.0,0.4,0.6,0.3,-38.6,2.3,24.5,5.7,18.0,74.3,14.0,0.4,0.6,0.3,-1.03,0.5,2.29,0.66,18.0,1.98,14.0,0.4,0.6,0.3,-7.7,3.5,14.4,5.3,18.0,15.8,14.0,0.4,0.6,0.3,1.51,3.1,3.83,2.9,18.0,1.64,14.0,0.4,0.6,0.3,9.5,24.6,29.4,22.4,18.0,14.9,14.0,0.4,0.6,0.3,-126.5,10.6,74.4,-12.5,18.0,104.0,14.0,0.4,0.6,0.3,-66.1,6.9,53.0,4.1,18.0,89.8,14.0,0.4,0.6,0.3,-61.1,6.3,41.7,-2.6,18.0,56.9,14.0,0.4,0.6,0.3,-37.1,4.0,26.2,2.8,18.0,53.5,14.0,0.4,0.6,0.3,-24.5,0.9,12.1,-8.8,18.0,22.2,14.0,0.4,0.6,0.3,-13.5,0.2,9.6,-0.6,18.0,13.3,14.0,0.4,0.6,0.3,97.5,456.5,1143.0,757.0,18.0,1214.0,14.0,0.4,0.6,0.3,95.0,455.0,1145.0,755.0,18.0,1215.0,14.0,0.4,0.6,0.3
1974,2,223.0,34.0,14.44,15.8,17.12,15.85,16.0,1.38,20.0,0.5,0.5,0.5,13.63,14.5,16.89,15.13,16.0,1.87,20.0,0.5,0.5,0.5,6.38,7.47,9.52,7.98,16.0,1.91,20.0,0.5,0.5,0.5,66.0,74.1,83.2,74.9,16.0,11.4,20.0,0.5,0.5,4.71,7.7,8.7,6.65,15.0,2.48,20.0,0.5,0.5,0.5,-5.05,2.55,7.67,1.97,15.0,5.73,20.0,0.5,0.5,0.5,-2.65,1.35,4.58,0.76,15.0,3.99,20.0,0.5,0.5,0.5,1022.3,1026.95,1030.43,1025.68,16.0,6.31,20.0,0.5,0.5,0.5,5.0,7.5,8.0,6.5,16.0,2.0,20.0,0.5,0.5,0.5,-29.2,13.0,65.0,15.8,15.0,47.1,20.0,0.5,0.5,0.5,-20.9,2.8,36.9,6.5,15.0,30.8,20.0,0.5,0.5,0.5,-0.87,0.25,2.43,0.73,16.0,2.01,20.0,0.5,0.5,0.5,-3.3,0.0,18.6,6.5,15.0,14.3,20.0,0.5,0.5,0.5,1.32,2.76,5.09,3.1,16.0,1.86,20.0,0.5,0.5,0.5,6.6,17.2,39.5,20.6,15.0,15.2,20.0,0.5,0.5,0.5,-83.6,45.4,113.8,30.2,15.0,82.8,20.0,0.5,0.5,0.5,-36.6,19.6,68.2,11.1,15.0,58.1,20.0,0.5,0.5,0.5,-38.2,23.7,59.1,15.7,15.0,44.8,20.0,0.5,0.5,0.5,-21.8,9.2,34.6,5.7,15.0,32.0,20.0,0.5,0.5,0.5,-9.0,7.0,20.5,6.2,15.0,22.4,20.0,0.5,0.5,0.5,-6.8,5.3,13.8,3.8,15.0,11.4,20.0,0.5,0.5,0.5,105.0,456.5,658.5,396.0,15.0,281.0,20.0,0.5,0.5,0.5,105.0,455.0,660.0,395.0,15.0,280.0,20.0,0.5,0.5,0.5
1974,2,223.0,35.0,13.95,15.0,15.6,14.65,17.0,1.18,14.0,0.5,0.6,0.4,12.35,13.3,15.99,13.85,18.0,1.91,12.0,0.4,0.6,0.4,6.0,6.92,8.2,7.13,16.0,1.3,14.0,0.4,0.6,0.4,67.2,74.8,82.7,74.1,16.0,9.3,14.0,0.4,0.4,3.8,6.95,9.3,6.75,18.0,2.88,12.0,0.4,0.6,0.4,-6.25,0.0,6.2,0.24,18.0,6.04,12.0,0.4,0.6,0.4,-4.83,0.0,3.88,-0.73,18.0,4.4,12.0,0.4,0.6,0.4,1023.75,1028.4,1031.5,1026.53,17.0,6.6,14.0,0.5,0.6,0.4,3.7,6.0,8.0,5.9,18.0,1.8,12.0,0.4,0.6,0.4,-42.0,0.0,47.1,9.8,18.0,56.4,12.0,0.4,0.6,0.4,-31.1,0.0,27.1,-2.6,18.0,39.2,12.0,0.4,0.6,0.4,-2.1,1.7,3.23,0.75,17.0,2.72,14.0,0.5,0.6,0.4,-8.3,7.7,20.0,5.8,17.0,18.0,14.0,0.5,0.6,0.4,1.53,3.18,4.9,3.14,16.0,1.82,14.0,0.4,0.6,0.4,7.5,23.5,30.0,21.4,16.0,14.5,14.0,0.4,0.6,0.4,-86.1,0.0,93.3,2.6,18.0,82.9,12.0,0.4,0.6,0.4,-55.0,0.0,49.4,-10.0,18.0,64.5,12.0,0.4,0.6,0.4,-46.2,1.4,60.4,6.9,16.0,46.1,14.0,0.4,0.6,0.4,-30.8,-8.2,25.8,-2.8,16.0,34.5,14.0,0.4,0.6,0.4,-11.8,3.0,21.7,4.4,16.0,19.9,14.0,0.4,0.6,0.4,-23.9,-3.6,11.4,-5.5,16.0,15.8,14.0,0.4,0.6,0.4,57.0,337.0,804.5,473.0,18.0,550.5,12.0,0.4,0.6,0.4,55.0,335.0,805.0,475.0,18.0,550.0,12.0,0.4,0.6,0.4
1974,2,223.0,36.0,14.04,14.75,15.44,14.6,8.0,0.91,16.0,0.4,0.6,0.2,10.21,13.3,15.63,13.18,10.0,2.54,16.0,0.3,0.6,0.2,6.05,6.33,9.07,7.23,9.0,1.53,14.0,0.3,0.6,0.3,62.7,80.9,82.6,75.5,9.0,9.8,14.0,0.3,0.3,1.97,6.15,11.37,6.73,10.0,5.6,16.0,0.3,0.6,0.2,-0.74,1.89,10.29,3.85,10.0,5.93,16.0,0.3,0.6,0.2,-4.93,0.0,3.88,-0.52,10.0,5.46,16.0,0.3,0.6,0.2,1020.73,1023.9,1031.61,1025.15,10.0,5.18,16.0,0.3,0.6,0.2,4.9,7.0,8.0,6.6,10.0,1.8,16.0,0.3,0.6,0.2,-1.9,11.3,117.9,52.2,10.0,84.8,16.0,0.3,0.6,0.2,-45.4,0.0,24.5,-18.7,10.0,74.6,16.0,0.3,0.6,0.2,-1.33,2.05,3.42,1.53,8.0,2.4,16.0,0.4,0.6,0.2,-3.9,2.1,47.8,15.6,8.0,26.7,16.0,0.4,0.6,0.2,1.18,3.0,3.46,2.63,7.0,1.44,16.0,0.4,0.6,0.2,2.2,13.1,33.5,18.0,7.0,19.5,16.0,0.4,0.6,0.2,-10.4,30.8,110.0,44.3,10.0,64.2,16.0,0.3,0.6,0.2,-61.1,0.0,59.3,2.0,10.0,69.7,16.0,0.3,0.6,0.2,-5.5,8.2,56.8,22.0,9.0,35.8,14.0,0.3,0.6,0.3,-39.6,0.0,37.4,1.0,9.0,42.9,14.0,0.3,0.6,0.3,-0.3,3.2,25.7,10.7,7.0,17.1,16.0,0.4,0.6,0.2,-21.5,0.0,8.7,-6.8,7.0,16.6,16.0,0.4,0.6,0.2,9.5,277.0,1479.0,978.5,10.0,1800.0,16.0,0.3,0.6,0.2,10.0,275.0,1480.0,980.0,10.0,1800.0,16.0,0.3,0.6,0.2
1974,2,223.0,37.0,13.9,14.2,14.74,14.28,10.0,0.65,22.0,0.5,0.6,0.5,11.16,12.2,13.53,12.21,11.0,2.23,20.0,0.5,0.5,0.5,4.79,5.76,8.01,6.32,10.0,1.65,22.0,0.5,0.6,0.5,57.4,71.2,91.6,74.1,10.0,16.1,22.0,0.5,0.5,0.0,7.2,9.07,5.38,11.0,4.53,20.0,0.5,0.5,0.5,0.0,0.0,7.16,2.27,11.0,4.86,20.0,0.5,0.5,0.5,-2.75,0.0,4.68,0.43,11.0,4.78,20.0,0.5,0.5,0.5,1021.53,1032.2,1033.88,1026.97,11.0,11.46,20.0,0.5,0.5,0.5,6.4,8.0,8.0,7.3,10.0,1.1,20.0,0.6,0.5,0.5,0.0,0.0,56.8,23.7,11.0,54.1,20.0,0.5,0.5,0.5,-13.7,0.0,36.1,7.9,11.0,41.5,20.0,0.5,0.5,0.5,1.23,2.2,3.36,2.45,10.0,1.82,22.0,0.5,0.6,0.5,0.0,6.5,21.8,15.7,10.0,26.4,22.0,0.5,0.6,0.5,1.87,3.89,5.19,3.65,10.0,1.66,22.0,0.5,0.6,0.5,0.0,12.0,36.2,17.2,10.0,18.3,22.0,0.5,0.6,0.5,0.0,0.0,90.2,21.8,11.0,53.3,20.0,0.5,0.5,0.5,-32.3,0.0,72.5,9.5,11.0,60.8,20.0,0.5,0.5,0.5,0.0,3.0,63.7,21.5,10.0,32.1,22.0,0.5,0.6,0.5,-19.3,0.0,22.2,2.0,10.0,30.2,22.0,0.5,0.6,0.5,0.0,2.2,11.1,8.5,10.0,16.2,22.0,0.5,0.6,0.5,-11.6,0.0,2.4,-2.7,10.0,17.6,22.0,0.5,0.6,0.5,0.0,373.0,775.0,465.0,11.0,654.5,20.0,0.5,0.5,0.5,0.0,375.0,775.0,465.0,11.0,655.0,20.0,0.5,0.5,0.5
1974,2,223.0,38.0,12.38,13.4,13.98,13.33,8.0,0.76,18.0,0.4,0.7,0.4,10.11,12.1,12.73,11.78,8.0,1.38,18.0,0.4,0.7,0.4,5.7,6.09,6.38,6.33,7.0,1.4,18.0,0.4,0.7,0.4,68.3,72.4,78.2,73.2,7.0,12.1,18.0,0.4,0.4,2.58,7.2,13.62,8.91,7.0,5.99,18.0,0.4,0.7,0.4,-2.62,2.33,12.4,4.2,7.0,8.43,18.0,0.4,0.7,0.4,-2.21,0.0,5.04,1.64,7.0,5.81,18.0,0.4,0.7,0.4,1019.78,1029.5,1032.44,1026.28,8.0,7.66,18.0,0.4,0.7,0.4,4.2,8.0,8.0,6.8,8.0,1.8,18.0,0.4,0.7,0.4,-7.9,31.2,164.4,72.4,7.0,127.0,18.0,0.4,0.7,0.4,-6.9,0.0,40.2,21.9,7.0,73.4,18.0,0.4,0.7,0.4,0.61,1.8,2.29,1.55,8.0,1.64,18.0,0.4,0.7,0.4,-0.1,12.4,28.2,12.8,7.0,23.1,18.0,0.4,0.7,0.4,2.79,3.52,4.12,3.14,7.0,1.66,18.0,0.4,0.7,0.4,8.5,18.3,53.2,24.6,7.0,23.9,18.0,0.4,0.7,0.4,-31.6,32.6,125.8,48.6,7.0,96.4,18.0,0.4,0.7,0.4,-27.7,0.0,62.6,24.5,7.0,77.5,18.0,0.4,0.7,0.4,-16.0,21.6,71.7,26.2,7.0,51.3,18.0,0.4,0.7,0.4,-10.7,0.0,32.1,16.6,7.0,49.5,18.0,0.4,0.7,0.4,-9.1,0.0,50.1,14.8,7.0,29.8,18.0,0.4,0.7,0.4,-9.9,-3.1,3.9,-2.1,7.0,11.4,18.0,0.4,0.7,0.4,17.0,373.0,2570.0,1574.5,7.0,2131.0,18.0,0.4,0.7,0.4,15.0,375.0,2570.0,1575.0,7.0,2130.0,18.0,0.4,0.7,0.4
1974,2,223.0,39.0,12.8,13.3,14.29,13.53,10.0,1.14,18.0,0.5,0.5,0.4,9.2,12.0,13.01,11.31,11.0,2.36,18.0,0.5,0.4,0.4,5.17,6.07,6.93,6.23,11.0,1.15,18.0,0.5,0.4,0.4,69.3,77.2,82.2,75.5,11.0,8.4,18.0,0.5,0.4,6.77,9.55,14.7,10.4,10.0,4.39,18.0,0.6,0.4,0.5,-2.76,4.65,14.08,5.66,10.0,8.38,18.0,0.6,0.4,0.5,-2.23,2.64,7.98,2.46,10.0,5.18,18.0,0.6,0.4,0.5,1017.32,1028.4,1031.67,1025.27,11.0,7.28,18.0,0.5,0.4,0.4,6.0,7.0,8.0,7.1,11.0,1.0,18.0,0.5,0.4,0.4,-24.7,43.2,219.5,82.5,10.0,134.0,18.0,0.6,0.4,0.5,-11.4,15.3,74.9,17.4,10.0,58.0,18.0,0.6,0.4,0.5,0.0,1.7,4.56,2.37,10.0,3.17,18.0,0.5,0.5,0.4,0.0,17.5,86.5,37.3,9.0,61.3,18.0,0.6,0.5,0.4,1.81,3.37,4.16,3.3,10.0,1.59,18.0,0.5,0.5,0.4,15.0,19.0,69.1,39.1,9.0,37.3,18.0,0.6,0.5,0.4,-27.9,58.8,123.9,55.1,10.0,78.3,18.0,0.6,0.4,0.5,-25.3,27.9,94.8,32.3,10.0,58.5,18.0,0.6,0.4,0.5,-16.9,32.3,83.9,33.4,10.0,48.1,18.0,0.6,0.4,0.5,-11.9,16.0,50.3,17.4,10.0,31.6,18.0,0.6,0.4,0.5,-8.6,11.4,60.0,23.6,9.0,45.8,18.0,0.6,0.5,0.4,-10.6,11.8,24.9,6.1,9.0,18.7,18.0,0.6,0.5,0.4,342.0,873.0,3802.0,1727.0,10.0,2189.0,18.0,0.6,0.4,0.5,340.0,875.0,3800.0,1725.0,10.0,2190.0,18.0,0.6,0.4,0.5
1974,2,223.0,40.0,10.9,15.0,15.75,13.37,3.0,3.82,18.0,0.0,0.6,0.2,8.53,10.75,12.81,10.68,4.0,2.84,20.0,0.3,0.6,0.2,4.83,5.66,6.65,5.74,3.0,1.33,18.0,0.0,0.6,0.2,72.7,76.2,81.9,77.3,3.0,6.9,18.0,0.0,0.2,7.44,9.25,15.1,11.18,4.0,5.45,20.0,0.3,0.6,0.2,-2.0,3.33,12.53,5.18,4.0,10.15,20.0,0.3,0.6,0.2,2.81,6.49,8.28,5.59,4.0,3.99,20.0,0.3,0.6,0.2,1014.31,1017.6,1027.96,1020.98,4.0,9.87,20.0,0.3,0.6,0.2,5.5,6.5,7.5,6.5,4.0,1.3,20.0,0.3,0.6,0.2,-15.7,33.7,216.9,97.6,4.0,180.0,20.0,0.3,0.6,0.2,21.6,48.2,77.2,49.4,4.0,41.3,20.0,0.3,0.6,0.2,-0.12,5.0,7.66,3.8,3.0,5.79,18.0,0.0,0.6,0.2,-0.1,38.5,127.6,63.2,3.0,96.0,18.0,0.0,0.6,0.2,1.49,4.69,6.19,3.86,3.0,3.52,18.0,0.0,0.6,0.2,11.5,36.1,100.7,55.6,3.0,67.5,18.0,0.0,0.6,0.2,-19.1,45.0,107.7,44.3,4.0,80.1,20.0,0.3,0.6,0.2,28.1,70.3,107.4,67.9,4.0,54.3,20.0,0.3,0.6,0.2,-16.3,8.9,60.5,21.8,3.0,57.4,18.0,0.0,0.6,0.2,10.6,33.4,45.0,27.9,3.0,25.6,18.0,0.0,0.6,0.2,-15.8,0.0,89.3,35.9,3.0,83.0,18.0,0.0,0.6,0.2,0.0,0.0,18.9,9.2,3.0,16.0,18.0,0.0,0.6,0.2,413.0,858.0,4193.0,2237.0,4.0,3107.0,20.0,0.3,0.6,0.2,415.0,860.0,4195.0,2235.0,4.0,3105.0,20.0,0.3,0.6,0.2
1974,2,223.0,41.0,11.32,12.0,12.68,12.0,2.0,1.41,16.0,0.5,0.4,0.8,9.89,11.0,12.0,10.94,5.0,1.08,18.0,0.6,0.6,0.7,5.94,6.15,7.21,6.56,3.0,0.99,20.0,0.7,0.5,0.8,78.0,79.4,85.0,81.4,3.0,5.4,20.0,0.7,0.8,6.7,11.8,14.95,10.88,5.0,4.79,18.0,0.6,0.6,0.7,3.52,8.08,12.72,7.76,5.0,7.09,18.0,0.6,0.6,0.7,-1.65,2.76,9.12,3.52,5.0,5.46,18.0,0.6,0.6,0.7,1007.95,1023.0,1028.84,1019.24,5.0,13.11,18.0,0.6,0.6,0.7,6.6,8.0,8.0,7.4,5.0,0.9,18.0,0.6,0.6,0.7,36.7,89.5,191.8,109.8,5.0,99.4,18.0,0.6,0.6,0.7,-9.6,43.9,116.4,52.8,5.0,65.9,18.0,0.6,0.6,0.7,0.52,1.65,2.78,1.65,2.0,2.33,16.0,0.5,0.4,0.8,7.5,23.8,40.0,23.8,2.0,33.6,16.0,0.5,0.4,0.8,2.05,2.57,3.09,2.57,2.0,1.08,16.0,0.5,0.4,0.8,13.9,27.7,41.6,27.7,2.0,28.7,16.0,0.5,0.4,0.8,43.5,96.9,125.1,82.5,5.0,72.7,18.0,0.6,0.6,0.7,-19.1,27.6,96.6,37.2,5.0,60.1,18.0,0.6,0.6,0.7,3.6,58.4,62.5,33.6,3.0,48.1,20.0,0.7,0.5,0.8,8.5,54.0,64.6,37.0,3.0,43.7,20.0,0.7,0.5,0.8,0.4,15.2,29.9,15.2,2.0,30.5,16.0,0.5,0.4,0.8,1.8,13.6,25.4,13.6,2.0,24.4,16.0,0.5,0.4,0.8,375.0,1643.0,3363.5,1854.0,5.0,1650.5,18.0,0.6,0.6,0.7,375.0,1645.0,3365.0,1855.0,5.0,1650.0,18.0,0.6,0.6,0.7
1974,2,223.0,42.0,7.26,8.45,9.64,8.45,2.0,2.47,18.0,0.0,0.3,0.4,5.94,6.9,7.86,6.9,2.0,1.98,18.0,0.0,0.3,0.4,4.38,4.38,4.38,4.38,1.0,0.0,26.0,0.0,0.2,0.1,78.2,78.2,78.2,78.2,1.0,0.0,26.0,0.0,0.1,2.86,9.0,15.14,9.0,2.0,12.73,18.0,0.0,0.3,0.4,2.68,8.46,14.23,8.46,2.0,11.96,18.0,0.0,0.3,0.4,0.98,3.08,5.18,3.08,2.0,4.35,18.0,0.0,0.3,0.4,1012.46,1018.4,1024.34,1018.4,2.0,12.3,18.0,0.0,0.3,0.4,5.5,6.5,7.5,6.5,2.0,2.1,18.0,0.0,0.3,0.4,48.3,152.2,256.1,152.2,2.0,215.3,18.0,0.0,0.3,0.4,17.6,55.4,93.2,55.4,2.0,78.4,18.0,0.0,0.3,0.4,-0.6,1.55,3.7,1.55,2.0,4.45,18.0,0.0,0.3,0.4,13.4,42.3,71.2,42.3,2.0,59.8,18.0,0.0,0.3,0.4,3.35,3.35,3.35,3.35,1.0,0.0,26.0,0.0,0.2,0.1,60.4,60.4,60.4,60.4,1.0,0.0,26.0,0.0,0.2,0.1,14.8,46.5,78.3,46.5,2.0,65.8,18.0,0.0,0.3,0.4,5.4,16.9,28.5,16.9,2.0,23.9,18.0,0.0,0.3,0.4,74.1,74.1,74.1,74.1,1.0,0.0,26.0,0.0,0.2,0.1,27.0,27.0,27.0,27.0,1.0,0.0,26.0,0.0,0.2,0.1,56.7,56.7,56.7,56.7,1.0,0.0,26.0,0.0,0.2,0.1,20.6,20.6,20.6,20.6,1.0,0.0,26.0,0.0,0.2,0.1,925.5,2916.0,4906.5,2916.0,2.0,4124.0,18.0,0.0,0.3,0.4,925.0,2915.0,4905.0,2915.0,2.0,4125.0,18.0,0.0,0.3,0.4
1974,2,223.0,43.0,9.48,10.5,12.31,10.88,4.0,1.93,14.0,1.0,0.6,0.3,7.71,9.75,12.2,9.95,4.0,2.78,14.0,1.0,0.6,0.3,4.91,5.95,6.87,5.89,4.0,1.15,14.0,1.0,0.6,0.3,74.1,74.8,79.3,76.6,4.0,4.2,14.0,1.0,0.3,10.25,12.1,13.16,11.73,4.0,1.85,14.0,1.0,0.6,0.3,7.74,10.23,11.46,9.63,4.0,2.38,14.0,1.0,0.6,0.3,0.77,4.16,9.04,4.87,4.0,5.08,14.0,1.0,0.6,0.3,1003.38,1007.2,1015.58,1009.38,4.0,9.03,14.0,1.0,0.6,0.3,3.4,6.0,7.5,5.5,4.0,2.6,14.0,1.0,0.6,0.3,84.1,106.4,142.3,112.9,4.0,35.0,14.0,1.0,0.6,0.3,7.2,52.4,118.2,62.2,4.0,67.2,14.0,1.0,0.6,0.3,-0.95,1.35,2.76,0.93,4.0,2.3,14.0,1.0,0.6,0.3,-12.2,15.3,28.1,8.3,4.0,25.7,14.0,1.0,0.6,0.3,1.43,2.79,3.02,2.25,4.0,1.27,14.0,1.0,0.6,0.3,16.0,31.0,34.3,25.4,4.0,14.0,14.0,1.0,0.6,0.3,67.4,83.5,126.6,96.4,4.0,41.0,14.0,1.0,0.6,0.3,5.4,50.2,106.8,55.8,4.0,59.7,14.0,1.0,0.6,0.3,42.7,51.1,71.0,56.6,4.0,18.5,14.0,1.0,0.6,0.3,3.6,27.3,61.5,32.3,4.0,35.0,14.0,1.0,0.6,0.3,14.5,29.0,32.0,23.5,4.0,14.3,14.0,1.0,0.6,0.3,2.0,4.5,11.4,6.6,4.0,7.5,14.0,1.0,0.6,0.3,1108.5,1795.0,2282.5,1700.0,4.0,722.5,14.0,1.0,0.6,0.3,1110.0,1795.0,2285.0,1700.0,4.0,725.0,14.0,1.0,0.6,0.3
1974,2,223.0,44.0,8.59,9.0,9.27,8.93,3.0,0.5,20.0,0.0,0.6,0.8,7.58,8.6,9.62,8.6,4.0,1.24,18.0,0.3,0.6,0.8,5.27,5.73,6.41,5.84,3.0,0.84,20.0,0.0,0.6,0.8,82.3,87.2,91.0,86.7,3.0,6.4,20.0,0.0,0.8,7.1,10.3,12.14,9.65,4.0,3.37,18.0,0.3,0.6,0.8,4.45,6.7,8.53,6.5,4.0,2.39,18.0,0.3,0.6,0.8,-1.67,4.94,10.27,4.33,4.0,6.96,18.0,0.3,0.6,0.8,1005.95,1007.6,1015.95,1010.8,4.0,8.24,18.0,0.3,0.6,0.8,4.6,8.0,8.0,6.3,3.0,2.9,20.0,0.0,0.6,0.8,34.4,62.5,94.7,64.5,4.0,36.5,18.0,0.3,0.6,0.8,-15.5,60.0,123.9,54.5,4.0,80.9,18.0,0.3,0.6,0.8,0.45,1.0,1.14,0.8,3.0,0.53,20.0,0.0,0.6,0.8,4.2,11.2,11.3,7.8,3.0,5.9,20.0,0.0,0.6,0.8,0.84,1.31,1.64,1.24,3.0,0.59,20.0,0.0,0.6,0.8,6.9,14.8,16.1,11.6,3.0,7.3,20.0,0.0,0.6,0.8,38.5,54.9,73.4,55.9,4.0,22.2,18.0,0.3,0.6,0.8,-12.0,42.5,92.2,40.2,4.0,60.7,18.0,0.3,0.6,0.8,26.0,34.3,41.0,33.5,3.0,11.0,20.0,0.0,0.6,0.8,-11.0,0.0,41.5,14.9,3.0,40.6,20.0,0.0,0.6,0.8,3.8,5.1,12.3,8.0,3.0,6.8,20.0,0.0,0.6,0.8,-3.9,0.0,9.5,2.7,3.0,10.1,20.0,0.0,0.6,0.8,452.5,1123.5,1811.5,1131.5,4.0,862.5,18.0,0.3,0.6,0.8,450.0,1125.0,1810.0,1130.0,4.0,865.0,18.0,0.3,0.6,0.8
1974,2,223.0,45.0,6.76,7.8,9.37,8.0,5.0,1.56,20.0,0.2,0.5,0.5,4.61,7.0,9.05,6.74,5.0,2.96,20.0,0.2,0.5,0.5,3.97,5.6,6.2,5.2,5.0,1.27,20.0,0.2,0.5,0.5,77.7,81.7,89.7,83.1,5.0,7.7,20.0,0.2,0.5,8.53,13.9,13.9,11.64,5.0,3.18,20.0,0.2,0.5,0.5,3.51,8.93,9.79,6.67,5.0,5.28,20.0,0.2,0.5,0.5,-7.56,0.0,11.16,1.4,5.0,9.67,20.0,0.2,0.5,0.5,996.22,1004.8,1015.92,1005.1,5.0,14.3,20.0,0.2,0.5,0.5,1.9,6.0,8.0,5.0,4.0,3.8,22.0,0.3,0.6,0.6,48.4,96.6,132.9,87.5,5.0,63.6,20.0,0.2,0.5,0.5,-76.3,0.0,155.1,28.5,5.0,126.1,20.0,0.2,0.5,0.5,-1.14,0.8,4.37,1.26,5.0,3.53,20.0,0.2,0.5,0.5,-16.6,7.0,49.8,11.8,5.0,43.9,20.0,0.2,0.5,0.5,0.2,1.57,2.95,1.52,5.0,1.68,20.0,0.2,0.5,0.5,-0.8,21.8,33.1,17.5,5.0,22.3,20.0,0.2,0.5,0.5,6.7,63.9,71.9,42.5,5.0,39.9,20.0,0.2,0.5,0.5,-49.6,0.0,101.4,22.0,5.0,79.7,20.0,0.2,0.5,0.5,16.2,44.2,47.8,32.0,5.0,26.7,20.0,0.2,0.5,0.5,-38.2,0.0,67.2,12.6,5.0,55.3,20.0,0.2,0.5,0.5,-3.6,14.0,29.1,13.4,5.0,17.9,20.0,0.2,0.5,0.5,-18.0,-5.6,6.1,-6.0,5.0,17.1,20.0,0.2,0.5,0.5,647.0,2685.5,2685.5,1847.0,5.0,1158.5,20.0,0.2,0.5,0.5,645.0,2685.0,2685.0,1845.0,5.0,1160.0,20.0,0.2,0.5,0.5
1974,2,223.0,46.0,6.08,7.5,8.44,7.28,8.0,1.35,18.0,0.6,0.6,0.4,4.95,8.0,9.25,7.48,12.0,1.98,16.0,0.5,0.5,0.4,5.53,5.82,6.44,5.8,8.0,0.62,16.0,0.6,0.6,0.3,85.1,86.9,92.1,87.8,8.0,3.8,16.0,0.6,0.3,4.85,11.3,16.43,11.21,12.0,5.65,16.0,0.5,0.5,0.4,0.0,3.08,7.71,3.84,12.0,5.47,16.0,0.5,0.5,0.4,-12.31,1.9,9.71,-0.48,12.0,11.08,16.0,0.5,0.5,0.4,987.24,1002.5,1032.61,1008.3,12.0,20.67,16.0,0.5,0.5,0.4,4.4,7.0,8.0,6.3,10.0,2.1,14.0,0.6,0.5,0.4,0.0,28.3,116.2,53.4,12.0,93.5,16.0,0.5,0.5,0.4,-212.0,12.0,114.6,-22.4,12.0,168.0,16.0,0.5,0.5,0.4,-0.94,-0.25,0.47,-0.16,8.0,1.17,18.0,0.6,0.6,0.4,-10.3,-0.4,3.5,0.3,8.0,14.8,18.0,0.6,0.6,0.4,0.04,0.69,0.89,0.54,7.0,0.46,16.0,0.7,0.6,0.3,0.4,1.0,15.9,5.7,7.0,7.3,16.0,0.7,0.6,0.3,0.0,19.8,46.3,26.8,12.0,43.9,16.0,0.5,0.5,0.4,-59.8,17.0,83.9,8.9,12.0,81.0,16.0,0.5,0.5,0.4,0.0,8.8,31.7,13.3,8.0,27.4,16.0,0.6,0.6,0.3,-49.6,11.3,62.3,4.9,8.0,65.6,16.0,0.6,0.6,0.3,0.0,0.2,1.1,1.9,7.0,4.5,16.0,0.7,0.6,0.3,-10.5,-0.6,0.7,-3.1,7.0,7.5,16.0,0.7,0.6,0.3,116.5,1443.0,4480.5,2344.0,12.0,2268.5,16.0,0.5,0.5,0.4,115.0,1445.0,4480.0,2345.0,12.0,2270.0,16.0,0.5,0.5,0.4
1974,2,223.0,47.0,6.32,8.0,9.37,7.91,9.0,1.58,16.0,0.6,0.7,0.3,3.86,5.55,8.29,6.01,10.0,2.15,16.0,0.6,0.6,0.2,4.02,5.45,6.21,5.18,8.0,1.11,18.0,0.6,0.7,0.2,72.6,90.3,93.3,86.5,8.0,10.7,18.0,0.6,0.2,7.47,8.2,14.83,10.34,9.0,4.4,16.0,0.7,0.6,0.3,5.16,7.12,8.24,6.75,9.0,2.03,16.0,0.7,0.6,0.3,-3.86,0.0,7.24,1.67,9.0,9.01,16.0,0.7,0.6,0.3,1001.0,1009.0,1016.94,1008.41,10.0,8.21,16.0,0.6,0.6,0.2,6.4,8.0,8.0,7.5,10.0,0.8,16.0,0.6,0.6,0.2,35.4,66.3,117.1,72.1,9.0,39.7,16.0,0.7,0.6,0.3,-33.2,0.0,61.1,22.7,9.0,148.7,16.0,0.7,0.6,0.3,0.27,1.0,3.73,1.79,9.0,1.78,16.0,0.6,0.7,0.3,0.8,14.2,39.2,20.8,8.0,22.9,16.0,0.6,0.7,0.3,0.97,1.16,2.67,1.63,8.0,0.99,18.0,0.6,0.7,0.2,8.6,13.5,24.0,19.2,7.0,16.9,18.0,0.7,0.7,0.3,20.4,36.0,56.5,39.3,9.0,20.7,16.0,0.7,0.6,0.3,-27.1,0.0,45.3,14.4,9.0,62.9,16.0,0.7,0.6,0.3,29.3,32.9,44.6,36.8,7.0,12.8,18.0,0.7,0.7,0.3,-23.3,0.0,40.3,11.4,7.0,53.5,18.0,0.7,0.7,0.3,6.6,7.5,22.7,12.2,7.0,8.9,18.0,0.7,0.7,0.3,-10.5,0.0,6.6,-3.6,7.0,21.2,18.0,0.7,0.7,0.3,421.5,551.5,3575.5,1724.0,9.0,2330.0,16.0,0.7,0.6,0.3,420.0,550.0,3575.0,1725.0,9.0,2330.0,16.0,0.7,0.6,0.3
1974,2,223.0,48.0,6.0,6.5,8.73,7.19,9.0,1.4,16.0,0.2,0.5,0.5,5.13,6.0,6.72,6.14,9.0,1.16,16.0,0.2,0.5,0.5,4.78,5.16,5.59,5.17,9.0,0.42,16.0,0.2,0.5,0.5,82.2,85.8,92.7,88.1,9.0,6.2,16.0,0.2,0.5,5.03,8.2,13.9,9.66,9.0,4.39,16.0,0.2,0.5,0.5,-0.91,4.75,7.16,4.0,9.0,5.67,16.0,0.2,0.5,0.5,1.64,3.99,11.8,5.58,9.0,6.24,16.0,0.2,0.5,0.5,999.17,1003.7,1025.45,1009.22,9.0,13.48,16.0,0.2,0.5,0.5,5.1,7.5,8.0,6.5,8.0,2.1,16.0,0.3,0.6,0.5,-25.8,29.4,85.6,35.1,9.0,76.0,16.0,0.2,0.5,0.5,7.1,24.7,161.1,65.7,9.0,95.3,16.0,0.2,0.5,0.5,0.0,0.5,2.38,1.04,9.0,1.54,16.0,0.2,0.5,0.5,0.0,2.3,21.4,7.6,9.0,13.6,16.0,0.2,0.5,0.5,0.71,0.98,1.93,1.16,9.0,0.74,16.0,0.2,0.5,0.5,4.1,11.9,17.4,10.4,9.0,7.3,16.0,0.2,0.5,0.5,-10.7,28.5,40.2,24.7,9.0,34.1,16.0,0.2,0.5,0.5,10.1,23.9,66.3,35.8,9.0,45.6,16.0,0.2,0.5,0.5,-6.0,24.7,39.4,21.2,9.0,28.8,16.0,0.2,0.5,0.5,8.5,20.7,64.7,29.5,9.0,34.1,16.0,0.2,0.5,0.5,-1.9,3.9,12.3,4.3,9.0,7.8,16.0,0.2,0.5,0.5,0.4,2.6,15.0,5.9,9.0,7.3,16.0,0.2,0.5,0.5,135.5,551.5,2685.5,1398.0,9.0,1386.0,16.0,0.2,0.5,0.5,135.0,550.0,2685.0,1400.0,9.0,1385.0,16.0,0.2,0.5,0.5
1974,2,223.0,49.0,5.0,6.0,6.63,5.8,12.0,0.99,16.0,0.4,0.5,0.5,3.27,5.0,6.29,5.15,13.0,2.37,16.0,0.4,0.5,0.5,3.37,4.3,4.77,4.15,9.0,0.79,16.0,0.3,0.4,0.5,69.7,81.9,92.2,81.2,10.0,12.2,16.0,0.4,0.5,7.7,9.8,14.31,10.96,14.0,3.79,16.0,0.4,0.5,0.5,7.24,9.04,13.48,10.0,14.0,4.75,16.0,0.4,0.5,0.5,-1.6,2.3,4.38,1.17,14.0,3.45,16.0,0.4,0.5,0.5,993.5,1002.4,1008.05,1002.64,13.0,9.85,16.0,0.4,0.5,0.4,4.0,7.0,8.0,5.9,14.0,2.5,16.0,0.4,0.5,0.5,55.7,88.5,192.9,125.1,14.0,105.0,16.0,0.4,0.5,0.5,-14.7,20.3,51.6,14.1,14.0,34.2,16.0,0.4,0.5,0.5,-0.68,0.7,2.99,0.87,11.0,2.26,16.0,0.4,0.5,0.5,-6.6,6.5,43.5,12.1,11.0,28.4,16.0,0.4,0.5,0.5,0.74,1.57,2.37,1.62,9.0,0.94,16.0,0.3,0.4,0.5,6.5,18.6,37.2,20.6,9.0,15.0,16.0,0.3,0.4,0.5,25.0,44.6,73.0,50.3,13.0,29.7,16.0,0.4,0.5,0.5,-9.8,9.2,24.8,6.1,13.0,18.7,16.0,0.4,0.5,0.5,27.2,40.8,62.5,43.0,9.0,22.2,16.0,0.3,0.4,0.5,-4.7,8.8,22.8,6.6,9.0,18.2,16.0,0.3,0.4,0.5,4.7,17.5,36.7,19.3,9.0,15.8,16.0,0.3,0.4,0.5,-3.8,1.8,6.1,1.6,9.0,5.6,16.0,0.3,0.4,0.5,456.5,948.5,2933.0,1811.0,14.0,2203.5,16.0,0.4,0.5,0.5,455.0,950.0,2935.0,1810.0,14.0,2205.0,16.0,0.4,0.5,0.5
1974,2,223.0,50.0,5.3,6.25,7.0,6.52,10.0,1.44,14.0,0.7,0.6,0.5,4.04,5.5,7.07,5.73,10.0,1.98,14.0,0.7,0.6,0.5,4.19,4.67,5.95,4.89,7.0,1.11,12.0,0.6,0.7,0.4,73.7,85.0,93.4,82.7,7.0,11.1,12.0,0.6,0.4,6.9,12.6,14.76,11.54,10.0,4.49,14.0,0.7,0.6,0.5,-1.17,4.89,5.77,3.23,10.0,4.41,14.0,0.7,0.6,0.5,1.69,9.07,13.87,7.3,10.0,8.82,14.0,0.7,0.6,0.5,983.93,991.35,1024.12,1000.49,10.0,19.35,14.0,0.7,0.6,0.5,4.1,6.5,8.0,6.0,8.0,2.2,14.0,0.6,0.7,0.5,-13.8,40.6,74.7,34.5,10.0,58.1,14.0,0.7,0.6,0.5,6.8,110.1,205.2,98.5,10.0,137.9,14.0,0.7,0.6,0.5,0.0,0.75,1.71,0.79,10.0,0.96,14.0,0.7,0.6,0.5,0.0,4.4,21.8,9.9,10.0,15.3,14.0,0.7,0.6,0.5,0.46,1.42,1.8,1.27,7.0,0.73,12.0,0.6,0.7,0.4,6.4,10.7,26.6,14.5,7.0,10.4,12.0,0.6,0.7,0.4,-8.7,23.8,39.2,18.5,10.0,24.0,14.0,0.7,0.6,0.5,9.6,48.2,86.0,47.5,10.0,46.2,14.0,0.7,0.6,0.5,-0.6,21.3,29.3,19.3,7.0,21.4,12.0,0.6,0.7,0.4,29.6,44.6,77.4,49.4,7.0,29.2,12.0,0.6,0.7,0.4,-0.1,3.9,8.7,4.8,7.0,5.3,12.0,0.6,0.7,0.4,3.2,10.1,23.2,12.3,7.0,11.1,12.0,0.6,0.7,0.4,420.5,2024.5,3238.5,2122.0,10.0,1753.5,14.0,0.7,0.6,0.5,420.0,2025.0,3240.0,2120.0,10.0,1755.0,14.0,0.7,0.6,0.5
1974,2,223.0,51.0,4.87,6.15,7.0,5.83,12.0,1.36,12.0,0.4,0.6,0.4,5.03,5.9,6.49,5.77,14.0,1.5,12.0,0.4,0.6,0.5,4.56,5.3,5.7,5.16,12.0,0.58,14.0,0.3,0.6,0.5,84.9,90.1,93.7,89.7,12.0,5.8,14.0,0.3,0.5,6.65,10.3,14.5,10.25,13.0,3.64,12.0,0.4,0.6,0.5,-8.35,5.27,7.72,2.43,13.0,7.0,12.0,0.4,0.6,0.5,-2.9,5.13,11.78,4.7,13.0,6.91,12.0,0.4,0.6,0.5,987.04,1005.75,1016.75,1003.54,14.0,14.66,12.0,0.4,0.6,0.5,6.7,8.0,8.0,7.2,13.0,1.7,12.0,0.5,0.6,0.5,-121.3,33.3,83.2,13.3,13.0,86.7,12.0,0.4,0.6,0.5,-23.9,43.7,163.3,62.0,13.0,96.1,12.0,0.4,0.6,0.5,-1.4,0.35,1.23,0.09,12.0,1.5,12.0,0.4,0.6,0.4,-11.3,0.0,12.7,-0.5,11.0,13.6,12.0,0.4,0.6,0.5,0.01,0.43,1.2,0.56,11.0,0.67,12.0,0.4,0.6,0.5,-0.1,6.6,11.1,5.6,11.0,6.0,12.0,0.4,0.6,0.5,-54.2,29.5,46.3,13.0,13.0,42.1,12.0,0.4,0.6,0.5,-15.9,22.4,80.4,28.4,13.0,43.5,12.0,0.4,0.6,0.5,-48.5,25.1,41.6,10.1,12.0,38.8,14.0,0.3,0.6,0.5,-16.4,26.3,68.1,27.9,12.0,39.0,14.0,0.3,0.6,0.5,-1.6,0.4,8.1,2.0,11.0,6.6,12.0,0.4,0.6,0.5,-2.8,0.2,5.7,0.6,11.0,4.7,12.0,0.4,0.6,0.5,295.0,1092.5,3049.5,1463.0,13.0,1399.0,12.0,0.4,0.6,0.5,295.0,1095.0,3050.0,1465.0,13.0,1400.0,12.0,0.4,0.6,0.5
1974,2,223.0,52.0,5.0,5.55,7.0,5.82,12.0,1.15,16.0,0.8,0.6,0.5,3.9,5.6,6.24,5.22,13.0,1.42,16.0,0.7,0.6,0.5,4.13,4.47,5.0,4.51,8.0,0.53,16.0,0.6,0.5,0.5,72.7,79.0,84.6,78.9,8.0,5.8,16.0,0.6,0.5,4.0,7.2,12.09,8.04,13.0,4.39,16.0,0.7,0.6,0.5,2.21,3.99,9.34,5.46,13.0,5.0,16.0,0.7,0.6,0.5,-0.82,3.13,6.08,2.56,13.0,4.99,16.0,0.7,0.6,0.5,996.73,1004.0,1030.26,1009.47,13.0,15.46,16.0,0.7,0.6,0.5,6.6,8.0,8.0,7.2,11.0,1.5,16.0,0.6,0.6,0.5,5.7,24.7,100.7,58.0,13.0,87.5,16.0,0.7,0.6,0.5,-5.0,22.5,59.7,26.5,13.0,56.0,16.0,0.7,0.6,0.5,-1.6,0.3,2.0,0.42,12.0,1.66,16.0,0.8,0.6,0.5,-8.3,2.2,26.1,4.9,12.0,16.2,16.0,0.8,0.6,0.5,0.4,1.52,2.22,1.42,8.0,0.8,16.0,0.6,0.5,0.5,2.6,11.3,22.8,12.1,8.0,9.2,16.0,0.6,0.5,0.5,6.9,23.9,52.0,28.1,13.0,27.8,16.0,0.7,0.6,0.5,-3.1,13.3,37.3,13.8,13.0,26.9,16.0,0.7,0.6,0.5,9.6,20.2,39.1,27.6,8.0,26.8,16.0,0.6,0.5,0.5,0.4,9.5,19.1,10.1,8.0,25.1,16.0,0.6,0.5,0.5,1.1,7.6,10.8,8.0,8.0,8.3,16.0,0.6,0.5,0.5,0.0,3.3,10.8,5.7,8.0,8.4,16.0,0.6,0.5,0.5,65.0,373.0,1768.0,1010.5,13.0,1598.0,16.0,0.7,0.6,0.5,65.0,375.0,1770.0,1010.0,13.0,1600.0,16.0,0.7,0.6,0.5
1974,2,223.0,53.0,3.25,5.0,6.0,4.74,5.0,1.54,16.0,0.6,0.5,0.5,4.82,5.0,6.21,5.56,5.0,1.55,16.0,0.6,0.5,0.5,4.3,4.52,5.11,4.66,5.0,0.44,16.0,0.6,0.5,0.5,76.7,82.1,87.1,82.2,5.0,6.9,16.0,0.6,0.5,6.89,9.3,16.24,11.72,5.0,8.14,16.0,0.6,0.5,0.5,-3.8,5.4,7.47,1.52,5.0,10.23,16.0,0.6,0.5,0.5,2.4,5.98,13.13,7.88,5.0,7.26,16.0,0.6,0.5,0.5,984.79,1002.2,1018.18,1001.98,5.0,17.95,16.0,0.6,0.5,0.5,6.5,7.0,7.5,7.0,4.0,0.8,16.0,0.8,0.4,0.5,-144.8,58.3,66.2,-43.5,5.0,214.0,16.0,0.6,0.5,0.5,12.9,55.6,248.9,137.6,5.0,209.2,16.0,0.6,0.5,0.5,-2.0,-1.5,0.62,-0.82,5.0,1.7,16.0,0.6,0.5,0.5,-31.0,-16.2,2.9,-14.9,5.0,19.6,16.0,0.6,0.5,0.5,0.32,0.64,1.15,0.71,5.0,0.65,16.0,0.6,0.5,0.5,1.9,6.9,7.3,4.5,5.0,5.1,16.0,0.6,0.5,0.5,-19.0,24.3,47.2,11.8,5.0,55.1,16.0,0.6,0.5,0.5,12.0,42.1,67.4,42.4,5.0,36.1,16.0,0.6,0.5,0.5,-21.3,22.5,36.3,5.1,5.0,51.2,16.0,0.6,0.5,0.5,10.6,30.4,61.8,38.0,5.0,37.8,16.0,0.6,0.5,0.5,3.3,4.3,6.2,4.7,5.0,1.7,16.0,0.6,0.5,0.5,-0.5,3.6,5.2,2.4,5.0,3.8,16.0,0.6,0.5,0.5,385.5,804.5,6999.0,3937.5,5.0,7300.0,16.0,0.6,0.5,0.5,385.0,805.0,7000.0,3935.0,5.0,7300.0,16.0,0.6,0.5,0.5
1974,2,223.0,54.0,4.71,5.6,6.49,5.67,9.0,1.04,14.0,0.4,0.4,0.4,2.67,4.1,5.29,4.05,10.0,1.26,14.0,0.4,0.4,0.4,4.17,4.68,4.9,4.5,9.0,0.72,14.0,0.4,0.4,0.4,82.9,83.9,100.0,87.7,9.0,11.4,14.0,0.4,0.4,2.81,5.65,11.3,7.3,10.0,4.83,14.0,0.4,0.4,0.4,0.49,1.98,6.65,2.38,10.0,5.55,14.0,0.4,0.4,0.4,1.88,2.46,10.07,4.74,10.0,4.53,14.0,0.4,0.4,0.4,996.71,1002.9,1008.99,1002.07,10.0,11.46,14.0,0.4,0.4,0.4,4.3,7.0,8.0,6.1,9.0,2.1,14.0,0.3,0.5,0.3,0.7,14.2,62.4,10.5,10.0,74.2,14.0,0.4,0.4,0.4,6.1,15.8,113.8,51.4,10.0,69.9,14.0,0.4,0.4,0.4,0.22,1.6,3.13,1.61,9.0,1.6,14.0,0.4,0.4,0.4,0.5,9.9,25.6,14.8,9.0,21.9,14.0,0.4,0.4,0.4,0.82,1.26,1.74,1.23,9.0,0.86,14.0,0.4,0.4,0.4,1.9,9.9,16.2,9.2,9.0,8.2,14.0,0.4,0.4,0.4,1.6,7.2,33.2,14.0,10.0,21.6,14.0,0.4,0.4,0.4,6.6,10.4,36.2,18.0,10.0,15.9,14.0,0.4,0.4,0.4,1.3,7.8,32.0,9.9,9.0,26.7,14.0,0.4,0.4,0.4,7.3,9.6,51.3,23.4,9.0,22.5,14.0,0.4,0.4,0.4,0.4,1.8,8.5,3.2,9.0,8.9,14.0,0.4,0.4,0.4,-0.5,3.4,9.5,5.3,9.0,6.3,14.0,0.4,0.4,0.4,23.0,185.5,1443.0,902.5,10.0,1394.0,14.0,0.4,0.4,0.4,25.0,185.0,1445.0,905.0,10.0,1395.0,14.0,0.4,0.4,0.4
1974,2,223.0,55.0,6.1,6.1,6.1,6.1,1.0,0.0,18.0,1.0,0.4,0.6,5.0,5.0,5.0,5.0,1.0,0.0,18.0,1.0,0.4,0.6,4.6,4.6,4.6,4.6,1.0,0.0,18.0,1.0,0.4,0.6,83.9,83.9,83.9,83.9,1.0,0.0,18.0,1.0,0.6,18.0,18.0,18.0,18.0,1.0,0.0,18.0,1.0,0.4,0.6,13.79,13.79,13.79,13.79,1.0,0.0,18.0,1.0,0.4,0.6,11.57,11.57,11.57,11.57,1.0,0.0,18.0,1.0,0.4,0.6,995.4,995.4,995.4,995.4,1.0,0.0,18.0,1.0,0.4,0.6,7.0,7.0,7.0,7.0,1.0,0.0,18.0,1.0,0.4,0.6,248.2,248.2,248.2,248.2,1.0,0.0,18.0,1.0,0.4,0.6,208.3,208.3,208.3,208.3,1.0,0.0,18.0,1.0,0.4,0.6,1.1,1.1,1.1,1.1,1.0,0.0,18.0,1.0,0.4,0.6,19.8,19.8,19.8,19.8,1.0,0.0,18.0,1.0,0.4,0.6,1.33,1.33,1.33,1.33,1.0,0.0,18.0,1.0,0.4,0.6,23.9,23.9,23.9,23.9,1.0,0.0,18.0,1.0,0.4,0.6,68.9,68.9,68.9,68.9,1.0,0.0,18.0,1.0,0.4,0.6,57.9,57.9,57.9,57.9,1.0,0.0,18.0,1.0,0.4,0.6,63.5,63.5,63.5,63.5,1.0,0.0,18.0,1.0,0.4,0.6,53.3,53.3,53.3,53.3,1.0,0.0,18.0,1.0,0.4,0.6,18.3,18.3,18.3,18.3,1.0,0.0,18.0,1.0,0.4,0.6,15.3,15.3,15.3,15.3,1.0,0.0,18.0,1.0,0.4,0.6,5832.0,5832.0,5832.0,5832.0,1.0,0.0,18.0,1.0,0.4,0.6,5830.0,5830.0,5830.0,5830.0,1.0,0.0,18.0,1.0,0.4,0.6
1974,2,223.0,56.0,6.7,6.7,6.7,6.7,1.0,0.0,18.0,1.0,0.8,0.0,7.2,7.2,7.2,7.2,1.0,0.0,18.0,1.0,0.8,0.0,5.43,5.43,5.43,5.43,1.0,0.0,18.0,1.0,0.8,0.0,84.7,84.7,84.7,84.7,1.0,0.0,18.0,1.0,0.0,1.5,1.5,1.5,1.5,1.0,0.0,18.0,1.0,0.8,0.0,0.75,0.75,0.75,0.75,1.0,0.0,18.0,1.0,0.8,0.0,-1.3,-1.3,-1.3,-1.3,1.0,0.0,18.0,1.0,0.8,0.0,992.9,992.9,992.9,992.9,1.0,0.0,18.0,1.0,0.8,0.0,4.0,4.0,4.0,4.0,1.0,0.0,18.0,1.0,0.8,0.0,1.1,1.1,1.1,1.1,1.0,0.0,18.0,1.0,0.8,0.0,-1.9,-1.9,-1.9,-1.9,1.0,0.0,18.0,1.0,0.8,0.0,-0.5,-0.5,-0.5,-0.5,1.0,0.0,18.0,1.0,0.8,0.0,-0.7,-0.7,-0.7,-0.7,1.0,0.0,18.0,1.0,0.8,0.0,0.77,0.77,0.77,0.77,1.0,0.0,18.0,1.0,0.8,0.0,1.1,1.1,1.1,1.1,1.0,0.0,18.0,1.0,0.8,0.0,5.4,5.4,5.4,5.4,1.0,0.0,18.0,1.0,0.8,0.0,-9.4,-9.4,-9.4,-9.4,1.0,0.0,18.0,1.0,0.8,0.0,4.1,4.1,4.1,4.1,1.0,0.0,18.0,1.0,0.8,0.0,-7.1,-7.1,-7.1,-7.1,1.0,0.0,18.0,1.0,0.8,0.0,0.6,0.6,0.6,0.6,1.0,0.0,18.0,1.0,0.8,0.0,-1.0,-1.0,-1.0,-1.0,1.0,0.0,18.0,1.0,0.8,0.0,3.5,3.5,3.5,3.5,1.0,0.0,18.0,1.0,0.8,0.0,5.0,5.0,5.0,5.0,1.0,0.0,18.0,1.0,0.8,0.0
1974,2,224.0,-43.0,14.5,14.5,14.5,14.5,1.0,0.0,24.0,1.0,0.7,0.2,16.0,16.0,16.0,16.0,1.0,0.0,24.0,1.0,0.7,0.2,10.11,10.11,10.11,10.11,1.0,0.0,24.0,1.0,0.7,0.2,89.6,89.6,89.6,89.6,1.0,0.0,24.0,1.0,0.2,4.6,4.6,4.6,4.6,1.0,0.0,24.0,1.0,0.7,0.2,0.0,0.0,0.0,0.0,1.0,0.0,24.0,1.0,0.7,0.2,4.6,4.6,4.6,4.6,1.0,0.0,24.0,1.0,0.7,0.2,1013.0,1013.0,1013.0,1013.0,1.0,0.0,24.0,1.0,0.7,0.2,8.0,8.0,8.0,8.0,1.0,0.0,24.0,1.0,0.7,0.2,0.0,0.0,0.0,0.0,1.0,0.0,24.0,1.0,0.7,0.2,21.2,21.2,21.2,21.2,1.0,0.0,24.0,1.0,0.7,0.2,-1.5,-1.5,-1.5,-1.5,1.0,0.0,24.0,1.0,0.7,0.2,-6.9,-6.9,-6.9,-6.9,1.0,0.0,24.0,1.0,0.7,0.2,0.13,0.13,0.13,0.13,1.0,0.0,24.0,1.0,0.7,0.2,0.6,0.6,0.6,0.6,1.0,0.0,24.0,1.0,0.7,0.2,0.0,0.0,0.0,0.0,1.0,0.0,24.0,1.0,0.7,0.2,73.6,73.6,73.6,73.6,1.0,0.0,24.0,1.0,0.7,0.2,0.0,0.0,0.0,0.0,1.0,0.0,24.0,1.0,0.7,0.2,46.5,46.5,46.5,46.5,1.0,0.0,24.0,1.0,0.7,0.2,0.0,0.0,0.0,0.0,1.0,0.0,24.0,1.0,0.7,0.2,0.6,0.6,0.6,0.6,1.0,0.0,24.0,1.0,0.7,0.2,97.5,97.5,97.5,97.5,1.0,0.0,24.0,1.0,0.7,0.2,95.0,95.0,95.0,95.0,1.0,0.0,24.0,1.0,0.7,0.2
1974,2,224.0,-41.0,,,,,,,,,,,,,,,,,,,,,,,,,,,,,,,,,,,,,,,,9.0,9.0,9.0,9.0,1.0,0.0,22.0,1.0,0.9,0.4,5.79,5.79,5.79,5.79,1.0,0.0,22.0,1.0,0.9,0.4,-6.89,-6.89,-6.89,-6.89,1.0,0.0,22.0,1.0,0.9,0.4,1003.5,1003.5,1003.5,1003.5,1.0,0.0,22.0,1.0,0.9,0.4,,,,,,,,,,,,,,,,,,,,,,,,,,,,,,,,,,,,,,,,,,,,,,,,,,,,,,,,,,,,,,,,,,,,,,,,,,,,,,,,,,,,,,,,,,,,,,,,,,,,,,,,,,,,,,,,,,,,,,,,,,,,,,,,,,,,,,,,,,,,,,,,,,,,,,
1974,2,224.0,-39.0,18.5,18.5,18.5,18.5,1.0,0.0,22.0,1.0,1.0,0.8,20.0,20.0,20.0,20.0,1.0,0.0,22.0,1.0,1.0,0.8,13.77,13.77,13.77,13.77,1.0,0.0,22.0,1.0,1.0,0.8,95.1,95.1,95.1,95.1,1.0,0.0,22.0,1.0,0.8,7.2,7.2,7.2,7.2,1.0,0.0,22.0,1.0,1.0,0.8,3.6,3.6,3.6,3.6,1.0,0.0,22.0,1.0,1.0,0.8,-6.24,-6.24,-6.24,-6.24,1.0,0.0,22.0,1.0,1.0,0.8,1017.3,1017.3,1017.3,1017.3,1.0,0.0,22.0,1.0,1.0,0.8,8.0,8.0,8.0,8.0,1.0,0.0,22.0,1.0,1.0,0.8,25.9,25.9,25.9,25.9,1.0,0.0,22.0,1.0,1.0,0.8,-44.9,-44.9,-44.9,-44.9,1.0,0.0,22.0,1.0,1.0,0.8,-1.5,-1.5,-1.5,-1.5,1.0,0.0,22.0,1.0,1.0,0.8,-10.8,-10.8,-10.8,-10.8,1.0,0.0,22.0,1.0,1.0,0.8,-0.59,-0.59,-0.59,-0.59,1.0,0.0,22.0,1.0,1.0,0.8,-4.3,-4.3,-4.3,-4.3,1.0,0.0,22.0,1.0,1.0,0.8,72.0,72.0,72.0,72.0,1.0,0.0,22.0,1.0,1.0,0.8,-124.7,-124.7,-124.7,-124.7,1.0,0.0,22.0,1.0,1.0,0.8,49.6,49.6,49.6,49.6,1.0,0.0,22.0,1.0,1.0,0.8,-85.9,-85.9,-85.9,-85.9,1.0,0.0,22.0,1.0,1.0,0.8,-2.1,-2.1,-2.1,-2.1,1.0,0.0,22.0,1.0,1.0,0.8,3.7,3.7,3.7,3.7,1.0,0.0,22.0,1.0,1.0,0.8,373.0,373.0,373.0,373.0,1.0,0.0,22.0,1.0,1.0,0.8,375.0,375.0,375.0,375.0,1.0,0.0,22.0,1.0,1.0,0.8
1974,2,224.0,-38.0,20.0,20.0,20.0,20.0,1.0,0.0,22.0,1.0,0.5,0.2,19.4,19.4,19.4,19.4,1.0,0.0,22.0,1.0,0.5,0.2,13.93,13.93,13.93,13.93,1.0,0.0,22.0,1.0,0.5,0.2,100.0,100.0,100.0,100.0,1.0,0.0,22.0,1.0,0.2,,,,,,,,,,,,,,,,,,,,,,,,,,,,,,,,,,,,,,,,,,,,,,,,,,,,,,,,,,,,,,,,,,,,,,,,,,,,,,,,,,,,,,,,,,,,,,,,,,,,,,,,,,,,,,,,,,,,,,,,,,,,,,,,,,,,,,,,,,,,,,,,,,,,,,,,,,,,,,,,,,,,,,,,,,,,,,,,,,,,,,,,,,,,,,
1974,2,224.0,-36.0,23.3,23.3,23.3,23.3,1.0,0.0,2.0,1.0,0.1,0.1,22.5,22.5,22.5,22.5,1.0,0.0,2.0,1.0,0.1,0.1,16.11,16.11,16.11,16.11,1.0,0.0,2.0,1.0,0.1,0.1,95.8,95.8,95.8,95.8,1.0,0.0,2.0,1.0,0.1,10.3,10.3,10.3,10.3,1.0,0.0,2.0,1.0,0.1,0.1,-3.52,-3.52,-3.52,-3.52,1.0,0.0,2.0,1.0,0.1,0.1,-9.68,-9.68,-9.68,-9.68,1.0,0.0,2.0,1.0,0.1,0.1,1022.9,1022.9,1022.9,1022.9,1.0,0.0,2.0,1.0,0.1,0.1,1.0,1.0,1.0,1.0,1.0,0.0,2.0,1.0,0.1,0.1,-36.3,-36.3,-36.3,-36.3,1.0,0.0,2.0,1.0,0.1,0.1,-99.7,-99.7,-99.7,-99.7,1.0,0.0,2.0,1.0,0.1,0.1,0.8,0.8,0.8,0.8,1.0,0.0,2.0,1.0,0.1,0.1,8.2,8.2,8.2,8.2,1.0,0.0,2.0,1.0,0.1,0.1,1.55,1.55,1.55,1.55,1.0,0.0,2.0,1.0,0.1,0.1,16.0,16.0,16.0,16.0,1.0,0.0,2.0,1.0,0.1,0.1,-79.3,-79.3,-79.3,-79.3,1.0,0.0,2.0,1.0,0.1,0.1,-217.8,-217.8,-217.8,-217.8,1.0,0.0,2.0,1.0,0.1,0.1,-56.7,-56.7,-56.7,-56.7,1.0,0.0,2.0,1.0,0.1,0.1,-155.9,-155.9,-155.9,-155.9,1.0,0.0,2.0,1.0,0.1,0.1,-5.5,-5.5,-5.5,-5.5,1.0,0.0,2.0,1.0,0.1,0.1,-15.0,-15.0,-15.0,-15.0,1.0,0.0,2.0,1.0,0.1,0.1,1092.5,1092.5,1092.5,1092.5,1.0,0.0,2.0,1.0,0.1,0.1,1095.0,1095.0,1095.0,1095.0,1.0,0.0,2.0,1.0,0.1,0.1
1974,2,224.0,-34.0,23.05,23.6,24.97,24.0,3.0,1.44,16.0,1.0,0.6,0.5,22.11,23.0,24.37,23.23,3.0,1.66,16.0,1.0,0.6,0.5,14.87,15.25,16.66,15.76,3.0,1.38,16.0,1.0,0.6,0.5,88.0,88.1,90.2,89.1,3.0,1.8,16.0,1.0,0.5,6.02,6.7,8.07,7.03,3.0,1.53,16.0,1.0,0.6,0.5,3.01,3.35,4.88,3.93,3.0,1.46,16.0,1.0,0.6,0.5,-6.39,-5.8,-5.21,-5.8,3.0,0.86,16.0,1.0,0.6,0.5,1015.92,1018.1,1020.42,1018.17,3.0,3.3,16.0,1.0,0.6,0.5,7.0,7.0,7.0,7.0,2.0,0.0,22.0,1.0,0.7,0.6,18.2,22.4,40.3,29.1,3.0,17.2,16.0,1.0,0.6,0.5,-51.9,-38.9,-31.5,-41.7,3.0,15.1,16.0,1.0,0.6,0.5,0.6,0.6,0.94,0.77,3.0,0.29,16.0,1.0,0.6,0.5,3.6,4.0,7.8,5.7,3.0,3.4,16.0,1.0,0.6,0.5,2.63,2.76,2.98,2.8,3.0,0.26,16.0,1.0,0.6,0.5,17.3,20.7,21.8,19.6,3.0,3.4,16.0,1.0,0.6,0.5,71.3,83.8,109.4,90.2,3.0,28.5,16.0,1.0,0.6,0.5,-144.9,-144.6,-123.4,-134.4,3.0,18.1,16.0,1.0,0.6,0.5,48.1,58.0,74.5,61.2,3.0,19.6,16.0,1.0,0.6,0.5,-99.7,-98.0,-82.5,-91.2,3.0,13.9,16.0,1.0,0.6,0.5,8.6,10.3,13.1,10.8,3.0,3.3,16.0,1.0,0.6,0.5,-17.6,-17.1,-14.7,-16.2,3.0,2.3,16.0,1.0,0.6,0.5,222.0,301.0,545.0,381.5,3.0,247.0,16.0,1.0,0.6,0.5,220.0,300.0,545.0,380.0,3.0,245.0,16.0,1.0,0.6,0.5
1974,2,224.0,-32.0,,,,,,,,,,,,,,,,,,,,,,,,,,,,,,,,,,,,,,,,4.6,4.6,4.6,4.6,1.0,0.0,18.0,0.0,0.1,0.8,0.8,0.8,0.8,0.8,1.0,0.0,18.0,0.0,0.1,0.8,-4.53,-4.53,-4.53,-4.53,1.0,0.0,18.0,0.0,0.1,0.8,1018.4,1018.4,1018.4,1018.4,1.0,0.0,18.0,0.0,0.1,0.8,0.0,0.0,0.0,0.0,1.0,0.0,18.0,0.0,0.1,0.8,3.7,3.7,3.7,3.7,1.0,0.0,18.0,0.0,0.1,0.8,-20.8,-20.8,-20.8,-20.8,1.0,0.0,18.0,0.0,0.1,0.8,,,,,,,,,,,,,,,,,,,,,,,,,,,,,,,,,,,,,,,,,20.0,20.0,20.0,20.0,1.0,0.0,18.0,0.0,0.1,0.8,-113.3,-113.3,-113.3,-113.3,1.0,0.0,18.0,0.0,0.1,0.8,14.8,14.8,14.8,14.8,1.0,0.0,18.0,0.0,0.1,0.8,-83.9,-83.9,-83.9,-83.9,1.0,0.0,18.0,0.0,0.1,0.8,,,,,,,,,,,,,,,,,,,,,,,,,,,,,,,,,,,,,,,,
1974,2,224.0,-30.0,24.9,24.9,24.9,24.9,1.0,0.0,4.0,1.0,0.2,0.8,24.8,24.8,24.8,24.8,1.0,0.0,4.0,1.0,0.2,0.8,15.2,15.2,15.2,15.2,1.0,0.0,4.0,1.0,0.2,0.8,78.5,78.5,78.5,78.5,1.0,0.0,4.0,1.0,0.8,3.6,3.6,3.6,3.6,1.0,0.0,4.0,1.0,0.2,0.8,-1.8,-1.8,-1.8,-1.8,1.0,0.0,4.0,1.0,0.2,0.8,-3.12,-3.12,-3.12,-3.12,1.0,0.0,4.0,1.0,0.2,0.8,1018.9,1018.9,1018.9,1018.9,1.0,0.0,4.0,1.0,0.2,0.8,7.0,7.0,7.0,7.0,1.0,0.0,4.0,1.0,0.2,0.8,-6.5,-6.5,-6.5,-6.5,1.0,0.0,4.0,1.0,0.2,0.8,-11.2,-11.2,-11.2,-11.2,1.0,0.0,4.0,1.0,0.2,0.8,0.1,0.1,0.1,0.1,1.0,0.0,4.0,1.0,0.2,0.8,0.4,0.4,0.4,0.4,1.0,0.0,4.0,1.0,0.2,0.8,4.34,4.34,4.34,4.34,1.0,0.0,4.0,1.0,0.2,0.8,15.6,15.6,15.6,15.6,1.0,0.0,4.0,1.0,0.2,0.8,-44.6,-44.6,-44.6,-44.6,1.0,0.0,4.0,1.0,0.2,0.8,-77.3,-77.3,-77.3,-77.3,1.0,0.0,4.0,1.0,0.2,0.8,-27.4,-27.4,-27.4,-27.4,1.0,0.0,4.0,1.0,0.2,0.8,-47.4,-47.4,-47.4,-47.4,1.0,0.0,4.0,1.0,0.2,0.8,-7.8,-7.8,-7.8,-7.8,1.0,0.0,4.0,1.0,0.2,0.8,-13.5,-13.5,-13.5,-13.5,1.0,0.0,4.0,1.0,0.2,0.8,46.5,46.5,46.5,46.5,1.0,0.0,4.0,1.0,0.2,0.8,45.0,45.0,45.0,45.0,1.0,0.0,4.0,1.0,0.2,0.8
1974,2,224.0,-29.0,26.0,26.0,26.0,26.0,1.0,0.0,14.0,1.0,0.2,0.3,27.5,27.5,27.5,27.5,1.0,0.0,14.0,1.0,0.2,0.3,14.43,14.43,14.43,14.43,1.0,0.0,14.0,1.0,0.2,0.3,63.6,63.6,63.6,63.6,1.0,0.0,14.0,1.0,0.3,2.6,2.6,2.6,2.6,1.0,0.0,14.0,1.0,0.2,0.3,2.56,2.56,2.56,2.56,1.0,0.0,14.0,1.0,0.2,0.3,-0.45,-0.45,-0.45,-0.45,1.0,0.0,14.0,1.0,0.2,0.3,1021.2,1021.2,1021.2,1021.2,1.0,0.0,14.0,1.0,0.2,0.3,3.0,3.0,3.0,3.0,1.0,0.0,14.0,1.0,0.2,0.3,6.7,6.7,6.7,6.7,1.0,0.0,14.0,1.0,0.2,0.3,-1.2,-1.2,-1.2,-1.2,1.0,0.0,14.0,1.0,0.2,0.3,-1.5,-1.5,-1.5,-1.5,1.0,0.0,14.0,1.0,0.2,0.3,-3.9,-3.9,-3.9,-3.9,1.0,0.0,14.0,1.0,0.2,0.3,6.41,6.41,6.41,6.41,1.0,0.0,14.0,1.0,0.2,0.3,16.7,16.7,16.7,16.7,1.0,0.0,14.0,1.0,0.2,0.3,70.4,70.4,70.4,70.4,1.0,0.0,14.0,1.0,0.2,0.3,-12.4,-12.4,-12.4,-12.4,1.0,0.0,14.0,1.0,0.2,0.3,36.9,36.9,36.9,36.9,1.0,0.0,14.0,1.0,0.2,0.3,-6.5,-6.5,-6.5,-6.5,1.0,0.0,14.0,1.0,0.2,0.3,16.4,16.4,16.4,16.4,1.0,0.0,14.0,1.0,0.2,0.3,-2.9,-2.9,-2.9,-2.9,1.0,0.0,14.0,1.0,0.2,0.3,17.5,17.5,17.5,17.5,1.0,0.0,14.0,1.0,0.2,0.3,20.0,20.0,20.0,20.0,1.0,0.0,14.0,1.0,0.2,0.3
1974,2,224.0,-28.0,26.36,26.5,27.52,26.93,3.0,0.93,14.0,0.0,0.8,0.8,25.69,26.3,26.78,26.23,3.0,0.8,14.0,0.0,0.8,0.8,14.78,14.9,15.01,14.9,2.0,0.23,16.0,0.0,1.0,0.8,71.6,72.4,73.1,72.4,2.0,1.5,16.0,0.0,0.8,0.33,1.05,1.77,1.05,2.0,1.48,14.0,0.0,0.8,0.9,-1.66,-0.99,-0.31,-0.99,2.0,1.4,14.0,0.0,0.8,0.9,-0.6,-0.36,-0.11,-0.36,2.0,0.51,14.0,0.0,0.8,0.9,1016.61,1019.0,1020.91,1018.77,3.0,3.16,14.0,0.0,0.8,0.8,2.3,3.0,3.0,2.7,3.0,0.6,14.0,0.0,0.8,0.8,-3.5,-2.1,-0.7,-2.1,2.0,2.9,14.0,0.0,0.8,0.9,-1.3,-0.8,-0.2,-0.8,2.0,1.1,14.0,0.0,0.8,0.9,0.32,1.0,1.07,0.7,3.0,0.61,14.0,0.0,0.8,0.8,0.0,0.0,0.0,0.0,2.0,0.0,14.0,0.0,0.8,0.9,6.24,6.46,6.68,6.46,2.0,0.46,16.0,0.0,1.0,0.8,12.9,12.9,12.9,12.9,1.0,0.0,16.0,0.0,1.0,0.9,-43.7,-25.9,-8.2,-25.9,2.0,36.7,14.0,0.0,0.8,0.9,-15.9,-9.4,-3.0,-9.4,2.0,13.4,14.0,0.0,0.8,0.9,-29.7,-29.7,-29.7,-29.7,1.0,0.0,16.0,0.0,1.0,0.9,-10.8,-10.8,-10.8,-10.8,1.0,0.0,16.0,0.0,1.0,0.9,-12.1,-12.1,-12.1,-12.1,1.0,0.0,16.0,0.0,1.0,0.9,-4.4,-4.4,-4.4,-4.4,1.0,0.0,16.0,0.0,1.0,0.9,1.5,4.5,8.0,4.5,2.0,6.5,14.0,0.0,0.8,0.9,0.0,5.0,10.0,5.0,2.0,5.0,14.0,0.0,0.8,0.9
1974,2,224.0,-24.0,26.0,26.0,26.0,26.0,1.0,0.0,14.0,1.0,0.7,0.8,27.0,27.0,27.0,27.0,1.0,0.0,14.0,1.0,0.7,0.8,17.3,17.3,17.3,17.3,1.0,0.0,14.0,1.0,0.7,0.8,78.3,78.3,78.3,78.3,1.0,0.0,14.0,1.0,0.8,4.6,4.6,4.6,4.6,1.0,0.0,14.0,1.0,0.7,0.8,-4.53,-4.53,-4.53,-4.53,1.0,0.0,14.0,1.0,0.7,0.8,0.8,0.8,0.8,0.8,1.0,0.0,14.0,1.0,0.7,0.8,1019.3,1019.3,1019.3,1019.3,1.0,0.0,14.0,1.0,0.7,0.8,6.0,6.0,6.0,6.0,1.0,0.0,14.0,1.0,0.7,0.8,-20.8,-20.8,-20.8,-20.8,1.0,0.0,14.0,1.0,0.7,0.8,3.7,3.7,3.7,3.7,1.0,0.0,14.0,1.0,0.7,0.8,-1.0,-1.0,-1.0,-1.0,1.0,0.0,14.0,1.0,0.7,0.8,-4.6,-4.6,-4.6,-4.6,1.0,0.0,14.0,1.0,0.7,0.8,3.58,3.58,3.58,3.58,1.0,0.0,14.0,1.0,0.7,0.8,16.5,16.5,16.5,16.5,1.0,0.0,14.0,1.0,0.7,0.8,-122.3,-122.3,-122.3,-122.3,1.0,0.0,14.0,1.0,0.7,0.8,21.6,21.6,21.6,21.6,1.0,0.0,14.0,1.0,0.7,0.8,-78.3,-78.3,-78.3,-78.3,1.0,0.0,14.0,1.0,0.7,0.8,13.8,13.8,13.8,13.8,1.0,0.0,14.0,1.0,0.7,0.8,-16.2,-16.2,-16.2,-16.2,1.0,0.0,14.0,1.0,0.7,0.8,2.9,2.9,2.9,2.9,1.0,0.0,14.0,1.0,0.7,0.8,97.5,97.5,97.5,97.5,1.0,0.0,14.0,1.0,0.7,0.8,95.0,95.0,95.0,95.0,1.0,0.0,14.0,1.0,0.7,0.8
1974,2,224.0,-22.0,27.4,27.4,27.4,27.4,1.0,0.0,10.0,1.0,0.5,0.6,28.8,28.8,28.8,28.8,1.0,0.0,10.0,1.0,0.5,0.6,15.41,15.41,15.41,15.41,1.0,0.0,10.0,1.0,0.5,0.6,62.8,62.8,62.8,62.8,1.0,0.0,10.0,1.0,0.6,9.8,9.8,9.8,9.8,1.0,0.0,10.0,1.0,0.5,0.6,-9.65,-9.65,-9.65,-9.65,1.0,0.0,10.0,1.0,0.5,0.6,-1.7,-1.7,-1.7,-1.7,1.0,0.0,10.0,1.0,0.5,0.6,1017.7,1017.7,1017.7,1017.7,1.0,0.0,10.0,1.0,0.5,0.6,7.0,7.0,7.0,7.0,1.0,0.0,10.0,1.0,0.5,0.6,-94.6,-94.6,-94.6,-94.6,1.0,0.0,10.0,1.0,0.5,0.6,-16.7,-16.7,-16.7,-16.7,1.0,0.0,10.0,1.0,0.5,0.6,-1.4,-1.4,-1.4,-1.4,1.0,0.0,10.0,1.0,0.5,0.6,-13.7,-13.7,-13.7,-13.7,1.0,0.0,10.0,1.0,0.5,0.6,7.32,7.32,7.32,7.32,1.0,0.0,10.0,1.0,0.5,0.6,71.8,71.8,71.8,71.8,1.0,0.0,10.0,1.0,0.5,0.6,-278.0,-278.0,-278.0,-278.0,1.0,0.0,10.0,1.0,0.5,0.6,-49.0,-49.0,-49.0,-49.0,1.0,0.0,10.0,1.0,0.5,0.6,-148.7,-148.7,-148.7,-148.7,1.0,0.0,10.0,1.0,0.5,0.6,-26.2,-26.2,-26.2,-26.2,1.0,0.0,10.0,1.0,0.5,0.6,-70.7,-70.7,-70.7,-70.7,1.0,0.0,10.0,1.0,0.5,0.6,-12.5,-12.5,-12.5,-12.5,1.0,0.0,10.0,1.0,0.5,0.6,941.0,941.0,941.0,941.0,1.0,0.0,10.0,1.0,0.5,0.6,940.0,940.0,940.0,940.0,1.0,0.0,10.0,1.0,0.5,0.6
1974,2,224.0,-18.0,26.0,26.0,26.0,26.0,1.0,0.0,26.0,1.0,0.7,0.1,27.7,27.7,27.7,27.7,1.0,0.0,26.0,1.0,0.7,0.1,20.21,20.21,20.21,20.21,1.0,0.0,26.0,1.0,0.7,0.1,87.3,87.3,87.3,87.3,1.0,0.0,26.0,1.0,0.1,6.2,6.2,6.2,6.2,1.0,0.0,26.0,1.0,0.7,0.1,-6.11,-6.11,-6.11,-6.11,1.0,0.0,26.0,1.0,0.7,0.1,1.08,1.08,1.08,1.08,1.0,0.0,26.0,1.0,0.7,0.1,1015.3,1015.3,1015.3,1015.3,1.0,0.0,26.0,1.0,0.7,0.1,5.0,5.0,5.0,5.0,1.0,0.0,26.0,1.0,0.7,0.1,-37.9,-37.9,-37.9,-37.9,1.0,0.0,26.0,1.0,0.7,0.1,6.7,6.7,6.7,6.7,1.0,0.0,26.0,1.0,0.7,0.1,-1.7,-1.7,-1.7,-1.7,1.0,0.0,26.0,1.0,0.7,0.1,-10.5,-10.5,-10.5,-10.5,1.0,0.0,26.0,1.0,0.7,0.1,0.74,0.74,0.74,0.74,1.0,0.0,26.0,1.0,0.7,0.1,4.6,4.6,4.6,4.6,1.0,0.0,26.0,1.0,0.7,0.1,-169.1,-169.1,-169.1,-169.1,1.0,0.0,26.0,1.0,0.7,0.1,29.8,29.8,29.8,29.8,1.0,0.0,26.0,1.0,0.7,0.1,-123.4,-123.4,-123.4,-123.4,1.0,0.0,26.0,1.0,0.7,0.1,21.8,21.8,21.8,21.8,1.0,0.0,26.0,1.0,0.7,0.1,-4.5,-4.5,-4.5,-4.5,1.0,0.0,26.0,1.0,0.7,0.1,0.8,0.8,0.8,0.8,1.0,0.0,26.0,1.0,0.7,0.1,238.5,238.5,238.5,238.5,1.0,0.0,26.0,1.0,0.7,0.1,240.0,240.0,240.0,240.0,1.0,0.0,26.0,1.0,0.7,0.1
1974,2,224.0,-16.0,27.0,27.0,27.0,27.0,1.0,0.0,4.0,0.0,0.2,0.9,25.0,25.0,25.0,25.0,1.0,0.0,4.0,0.0,0.2,0.9,15.26,15.26,15.26,15.26,1.0,0.0,4.0,0.0,0.2,0.9,77.5,77.5,77.5,77.5,1.0,0.0,4.0,0.0,0.9,3.1,3.1,3.1,3.1,1.0,0.0,4.0,0.0,0.2,0.9,-3.1,-3.1,-3.1,-3.1,1.0,0.0,4.0,0.0,0.2,0.9,0.0,0.0,0.0,0.0,1.0,0.0,4.0,0.0,0.2,0.9,1014.5,1014.5,1014.5,1014.5,1.0,0.0,4.0,0.0,0.2,0.9,2.0,2.0,2.0,2.0,1.0,0.0,4.0,0.0,0.2,0.9,-9.6,-9.6,-9.6,-9.6,1.0,0.0,4.0,0.0,0.2,0.9,0.0,0.0,0.0,0.0,1.0,0.0,4.0,0.0,0.2,0.9,2.0,2.0,2.0,2.0,1.0,0.0,4.0,0.0,0.2,0.9,6.2,6.2,6.2,6.2,1.0,0.0,4.0,0.0,0.2,0.9,7.0,7.0,7.0,7.0,1.0,0.0,4.0,0.0,0.2,0.9,21.7,21.7,21.7,21.7,1.0,0.0,4.0,0.0,0.2,0.9,-77.5,-77.5,-77.5,-77.5,1.0,0.0,4.0,0.0,0.2,0.9,0.0,0.0,0.0,0.0,1.0,0.0,4.0,0.0,0.2,0.9,-47.3,-47.3,-47.3,-47.3,1.0,0.0,4.0,0.0,0.2,0.9,0.0,0.0,0.0,0.0,1.0,0.0,4.0,0.0,0.2,0.9,-21.7,-21.7,-21.7,-21.7,1.0,0.0,4.0,0.0,0.2,0.9,0.0,0.0,0.0,0.0,1.0,0.0,4.0,0.0,0.2,0.9,30.0,30.0,30.0,30.0,1.0,0.0,4.0,0.0,0.2,0.9,30.0,30.0,30.0,30.0,1.0,0.0,4.0,0.0,0.2,0.9
1974,2,224.0,-13.0,25.55,25.95,26.67,26.1,4.0,0.7,12.0,0.5,0.4,0.7,24.76,25.9,26.41,25.6,4.0,1.14,12.0,0.5,0.4,0.7,15.61,15.88,16.13,15.87,4.0,0.34,12.0,0.5,0.4,0.7,72.9,76.3,82.9,77.8,4.0,6.3,12.0,0.5,0.7,5.86,6.95,7.99,6.93,4.0,1.48,12.0,0.5,0.4,0.7,-7.25,-5.66,-5.3,-6.25,4.0,1.57,12.0,0.5,0.4,0.7,-0.79,1.68,4.02,1.62,4.0,2.86,12.0,0.5,0.4,0.7,1012.25,1012.7,1013.89,1013.05,4.0,1.11,12.0,0.5,0.4,0.7,3.0,4.5,6.0,4.5,4.0,2.1,12.0,0.5,0.4,0.7,-58.0,-39.3,-32.1,-44.8,4.0,20.8,12.0,0.5,0.4,0.7,-6.9,11.2,28.1,10.7,4.0,21.1,12.0,0.5,0.4,0.7,-0.58,0.4,1.59,0.5,4.0,1.43,12.0,0.5,0.4,0.7,-3.9,2.9,13.2,4.6,4.0,11.6,12.0,0.5,0.4,0.7,4.42,5.02,6.15,5.27,4.0,1.14,12.0,0.5,0.4,0.7,26.1,39.1,48.1,37.2,4.0,13.2,12.0,0.5,0.4,0.7,-181.2,-149.4,-137.2,-158.8,4.0,32.7,12.0,0.5,0.4,0.7,-19.0,44.6,106.0,43.5,4.0,73.9,12.0,0.5,0.4,0.7,-115.3,-88.4,-84.0,-99.2,4.0,25.4,12.0,0.5,0.4,0.7,-12.6,26.4,62.6,25.1,4.0,44.6,12.0,0.5,0.4,0.7,-42.2,-32.2,-24.1,-33.1,4.0,11.1,12.0,0.5,0.4,0.7,-4.3,7.7,23.9,9.7,4.0,17.5,12.0,0.5,0.4,0.7,212.5,337.0,522.5,366.5,4.0,219.5,12.0,0.5,0.4,0.7,215.0,335.0,525.0,365.0,4.0,220.0,12.0,0.5,0.4,0.7
1974,2,224.0,-10.0,26.02,26.05,26.08,26.05,2.0,0.07,12.0,0.0,0.9,0.7,24.67,25.05,25.43,25.05,2.0,0.78,12.0,0.0,0.9,0.7,16.99,17.44,17.89,17.44,2.0,0.93,12.0,0.0,0.9,0.7,83.9,88.1,92.2,88.1,2.0,8.6,12.0,0.0,0.7,4.6,4.6,4.6,4.6,1.0,0.0,6.0,0.0,0.9,0.3,-3.98,-3.98,-3.98,-3.98,1.0,0.0,6.0,0.0,0.9,0.3,2.3,2.3,2.3,2.3,1.0,0.0,6.0,0.0,0.9,0.3,1011.05,1011.6,1012.15,1011.6,2.0,1.13,12.0,0.0,0.9,0.7,3.8,5.5,7.2,5.5,2.0,3.5,12.0,0.0,0.9,0.7,-18.3,-18.3,-18.3,-18.3,1.0,0.0,6.0,0.0,0.9,0.3,10.6,10.6,10.6,10.6,1.0,0.0,6.0,0.0,0.9,0.3,0.66,1.0,1.34,1.0,2.0,0.71,12.0,0.0,0.9,0.7,2.3,2.3,2.3,2.3,1.0,0.0,6.0,0.0,0.9,0.3,3.18,3.66,4.14,3.66,2.0,0.99,12.0,0.0,0.9,0.7,20.0,20.0,20.0,20.0,1.0,0.0,6.0,0.0,0.9,0.3,-102.0,-102.0,-102.0,-102.0,1.0,0.0,6.0,0.0,0.9,0.3,58.9,58.9,58.9,58.9,1.0,0.0,6.0,0.0,0.9,0.3,-66.9,-66.9,-66.9,-66.9,1.0,0.0,6.0,0.0,0.9,0.3,38.6,38.6,38.6,38.6,1.0,0.0,6.0,0.0,0.9,0.3,-17.4,-17.4,-17.4,-17.4,1.0,0.0,6.0,0.0,0.9,0.3,10.0,10.0,10.0,10.0,1.0,0.0,6.0,0.0,0.9,0.3,97.5,97.5,97.5,97.5,1.0,0.0,6.0,0.0,0.9,0.3,95.0,95.0,95.0,95.0,1.0,0.0,6.0,0.0,0.9,0.3
1974,2,224.0,-9.0,27.0,27.0,27.0,27.0,1.0,0.0,8.0,1.0,0.9,0.6,29.0,29.0,29.0,29.0,1.0,0.0,8.0,1.0,0.9,0.6,23.7,23.7,23.7,23.7,1.0,0.0,8.0,1.0,0.9,0.6,94.4,94.4,94.4,94.4,1.0,0.0,8.0,1.0,0.6,4.6,4.6,4.6,4.6,1.0,0.0,8.0,1.0,0.9,0.6,-3.98,-3.98,-3.98,-3.98,1.0,0.0,8.0,1.0,0.9,0.6,2.3,2.3,2.3,2.3,1.0,0.0,8.0,1.0,0.9,0.6,1011.5,1011.5,1011.5,1011.5,1.0,0.0,8.0,1.0,0.9,0.6,2.0,2.0,2.0,2.0,1.0,0.0,8.0,1.0,0.9,0.6,-18.3,-18.3,-18.3,-18.3,1.0,0.0,8.0,1.0,0.9,0.6,10.6,10.6,10.6,10.6,1.0,0.0,8.0,1.0,0.9,0.6,-2.0,-2.0,-2.0,-2.0,1.0,0.0,8.0,1.0,0.9,0.6,-9.2,-9.2,-9.2,-9.2,1.0,0.0,8.0,1.0,0.9,0.6,-1.37,-1.37,-1.37,-1.37,1.0,0.0,8.0,1.0,0.9,0.6,-6.3,-6.3,-6.3,-6.3,1.0,0.0,8.0,1.0,0.9,0.6,-115.5,-115.5,-115.5,-115.5,1.0,0.0,8.0,1.0,0.9,0.6,66.7,66.7,66.7,66.7,1.0,0.0,8.0,1.0,0.9,0.6,-94.4,-94.4,-94.4,-94.4,1.0,0.0,8.0,1.0,0.9,0.6,54.5,54.5,54.5,54.5,1.0,0.0,8.0,1.0,0.9,0.6,5.4,5.4,5.4,5.4,1.0,0.0,8.0,1.0,0.9,0.6,-3.1,-3.1,-3.1,-3.1,1.0,0.0,8.0,1.0,0.9,0.6,97.5,97.5,97.5,97.5,1.0,0.0,8.0,1.0,0.9,0.6,95.0,95.0,95.0,95.0,1.0,0.0,8.0,1.0,0.9,0.6
1974,2,224.0,-7.0,26.5,26.5,26.5,26.5,1.0,0.0,20.0,1.0,0.9,0.7,27.0,27.0,27.0,27.0,1.0,0.0,20.0,1.0,0.9,0.7,16.48,16.48,16.48,16.48,1.0,0.0,20.0,1.0,0.9,0.7,73.7,73.7,73.7,73.7,1.0,0.0,20.0,1.0,0.7,3.6,3.6,3.6,3.6,1.0,0.0,20.0,1.0,0.9,0.7,-3.6,-3.6,-3.6,-3.6,1.0,0.0,20.0,1.0,0.9,0.7,0.0,0.0,0.0,0.0,1.0,0.0,20.0,1.0,0.9,0.7,1006.0,1006.0,1006.0,1006.0,1.0,0.0,20.0,1.0,0.9,0.7,3.0,3.0,3.0,3.0,1.0,0.0,20.0,1.0,0.9,0.7,-13.0,-13.0,-13.0,-13.0,1.0,0.0,20.0,1.0,0.9,0.7,0.0,0.0,0.0,0.0,1.0,0.0,20.0,1.0,0.9,0.7,-0.5,-0.5,-0.5,-0.5,1.0,0.0,20.0,1.0,0.9,0.7,-1.8,-1.8,-1.8,-1.8,1.0,0.0,20.0,1.0,0.9,0.7,5.31,5.31,5.31,5.31,1.0,0.0,20.0,1.0,0.9,0.7,19.1,19.1,19.1,19.1,1.0,0.0,20.0,1.0,0.9,0.7,-97.2,-97.2,-97.2,-97.2,1.0,0.0,20.0,1.0,0.9,0.7,0.0,0.0,0.0,0.0,1.0,0.0,20.0,1.0,0.9,0.7,-59.3,-59.3,-59.3,-59.3,1.0,0.0,20.0,1.0,0.9,0.7,0.0,0.0,0.0,0.0,1.0,0.0,20.0,1.0,0.9,0.7,-19.1,-19.1,-19.1,-19.1,1.0,0.0,20.0,1.0,0.9,0.7,0.0,0.0,0.0,0.0,1.0,0.0,20.0,1.0,0.9,0.7,46.5,46.5,46.5,46.5,1.0,0.0,20.0,1.0,0.9,0.7,45.0,45.0,45.0,45.0,1.0,0.0,20.0,1.0,0.9,0.7
1974,2,224.0,-6.0,24.0,24.0,24.0,24.0,1.0,0.0,2.0,1.0,0.9,0.8,25.2,25.2,25.2,25.2,1.0,0.0,2.0,1.0,0.9,0.8,14.81,14.81,14.81,14.81,1.0,0.0,2.0,1.0,0.9,0.8,74.3,74.3,74.3,74.3,1.0,0.0,2.0,1.0,0.8,3.6,3.6,3.6,3.6,1.0,0.0,2.0,1.0,0.9,0.8,-3.6,-3.6,-3.6,-3.6,1.0,0.0,2.0,1.0,0.9,0.8,0.0,0.0,0.0,0.0,1.0,0.0,2.0,1.0,0.9,0.8,1013.6,1013.6,1013.6,1013.6,1.0,0.0,2.0,1.0,0.9,0.8,2.0,2.0,2.0,2.0,1.0,0.0,2.0,1.0,0.9,0.8,-13.0,-13.0,-13.0,-13.0,1.0,0.0,2.0,1.0,0.9,0.8,0.0,0.0,0.0,0.0,1.0,0.0,2.0,1.0,0.9,0.8,-1.2,-1.2,-1.2,-1.2,1.0,0.0,2.0,1.0,0.9,0.8,-4.3,-4.3,-4.3,-4.3,1.0,0.0,2.0,1.0,0.9,0.8,3.79,3.79,3.79,3.79,1.0,0.0,2.0,1.0,0.9,0.8,13.7,13.7,13.7,13.7,1.0,0.0,2.0,1.0,0.9,0.8,-90.7,-90.7,-90.7,-90.7,1.0,0.0,2.0,1.0,0.9,0.8,0.0,0.0,0.0,0.0,1.0,0.0,2.0,1.0,0.9,0.8,-53.3,-53.3,-53.3,-53.3,1.0,0.0,2.0,1.0,0.9,0.8,0.0,0.0,0.0,0.0,1.0,0.0,2.0,1.0,0.9,0.8,-13.6,-13.6,-13.6,-13.6,1.0,0.0,2.0,1.0,0.9,0.8,0.0,0.0,0.0,0.0,1.0,0.0,2.0,1.0,0.9,0.8,46.5,46.5,46.5,46.5,1.0,0.0,2.0,1.0,0.9,0.8,45.0,45.0,45.0,45.0,1.0,0.0,2.0,1.0,0.9,0.8
1974,2,224.0,-1.0,,,,,,,,,,,,,,,,,,,,,,,,,,,,,,,,,,,,,,,,5.1,5.1,5.1,5.1,1.0,0.0,8.0,0.0,1.0,0.2,-3.91,-3.91,-3.91,-3.91,1.0,0.0,8.0,0.0,1.0,0.2,-3.28,-3.28,-3.28,-3.28,1.0,0.0,8.0,0.0,1.0,0.2,1014.2,1014.2,1014.2,1014.2,1.0,0.0,8.0,0.0,1.0,0.2,,,,,,,,,,,,,,,,,,,,,,,,,,,,,,,,,,,,,,,,,,,,,,,,,,,,,,,,,,,,,,,,,,,,,,,,,,,,,,,,,,,,,,,,,,,,,,,,,,,,,,,,,,,,,,,,,,,,,,,,,,,,,,,,,,,,,,,,,,,,,,,,,,,,,,
1974,2,224.0,2.0,23.0,23.0,23.0,23.0,1.0,0.0,12.0,1.0,0.2,0.7,27.5,27.5,27.5,27.5,1.0,0.0,12.0,1.0,0.2,0.7,15.72,15.72,15.72,15.72,1.0,0.0,12.0,1.0,0.2,0.7,68.5,68.5,68.5,68.5,1.0,0.0,12.0,1.0,0.7,6.2,6.2,6.2,6.2,1.0,0.0,12.0,1.0,0.2,0.7,-5.37,-5.37,-5.37,-5.37,1.0,0.0,12.0,1.0,0.2,0.7,3.1,3.1,3.1,3.1,1.0,0.0,12.0,1.0,0.2,0.7,1010.0,1010.0,1010.0,1010.0,1.0,0.0,12.0,1.0,0.2,0.7,4.0,4.0,4.0,4.0,1.0,0.0,12.0,1.0,0.2,0.7,-33.3,-33.3,-33.3,-33.3,1.0,0.0,12.0,1.0,0.2,0.7,19.2,19.2,19.2,19.2,1.0,0.0,12.0,1.0,0.2,0.7,-4.5,-4.5,-4.5,-4.5,1.0,0.0,12.0,1.0,0.2,0.7,-27.9,-27.9,-27.9,-27.9,1.0,0.0,12.0,1.0,0.2,0.7,1.84,1.84,1.84,1.84,1.0,0.0,12.0,1.0,0.2,0.7,11.4,11.4,11.4,11.4,1.0,0.0,12.0,1.0,0.2,0.7,-147.7,-147.7,-147.7,-147.7,1.0,0.0,12.0,1.0,0.2,0.7,85.3,85.3,85.3,85.3,1.0,0.0,12.0,1.0,0.2,0.7,-84.4,-84.4,-84.4,-84.4,1.0,0.0,12.0,1.0,0.2,0.7,48.7,48.7,48.7,48.7,1.0,0.0,12.0,1.0,0.2,0.7,-9.9,-9.9,-9.9,-9.9,1.0,0.0,12.0,1.0,0.2,0.7,5.7,5.7,5.7,5.7,1.0,0.0,12.0,1.0,0.2,0.7,238.5,238.5,238.5,238.5,1.0,0.0,12.0,1.0,0.2,0.7,240.0,240.0,240.0,240.0,1.0,0.0,12.0,1.0,0.2,0.7
1974,2,224.0,4.0,28.0,28.0,28.0,28.0,1.0,0.0,12.0,0.0,0.4,0.1,25.0,25.0,25.0,25.0,1.0,0.0,12.0,0.0,0.4,0.1,16.6,16.6,16.6,16.6,1.0,0.0,12.0,0.0,0.4,0.1,83.9,83.9,83.9,83.9,1.0,0.0,12.0,0.0,0.1,2.6,2.6,2.6,2.6,1.0,0.0,12.0,0.0,0.4,0.1,-2.44,-2.44,-2.44,-2.44,1.0,0.0,12.0,0.0,0.4,0.1,-0.89,-0.89,-0.89,-0.89,1.0,0.0,12.0,0.0,0.4,0.1,1010.8,1010.8,1010.8,1010.8,1.0,0.0,12.0,0.0,0.4,0.1,3.0,3.0,3.0,3.0,1.0,0.0,12.0,0.0,0.4,0.1,-6.4,-6.4,-6.4,-6.4,1.0,0.0,12.0,0.0,0.4,0.1,-2.3,-2.3,-2.3,-2.3,1.0,0.0,12.0,0.0,0.4,0.1,3.0,3.0,3.0,3.0,1.0,0.0,12.0,0.0,0.4,0.1,7.8,7.8,7.8,7.8,1.0,0.0,12.0,0.0,0.4,0.1,7.11,7.11,7.11,7.11,1.0,0.0,12.0,0.0,0.4,0.1,18.5,18.5,18.5,18.5,1.0,0.0,12.0,0.0,0.4,0.1,-61.1,-61.1,-61.1,-61.1,1.0,0.0,12.0,0.0,0.4,0.1,-22.2,-22.2,-22.2,-22.2,1.0,0.0,12.0,0.0,0.4,0.1,-40.6,-40.6,-40.6,-40.6,1.0,0.0,12.0,0.0,0.4,0.1,-14.8,-14.8,-14.8,-14.8,1.0,0.0,12.0,0.0,0.4,0.1,-17.4,-17.4,-17.4,-17.4,1.0,0.0,12.0,0.0,0.4,0.1,-6.3,-6.3,-6.3,-6.3,1.0,0.0,12.0,0.0,0.4,0.1,17.5,17.5,17.5,17.5,1.0,0.0,12.0,0.0,0.4,0.1,20.0,20.0,20.0,20.0,1.0,0.0,12.0,0.0,0.4,0.1
1974,2,224.0,7.0,25.6,25.6,25.6,25.6,1.0,0.0,20.0,0.0,0.3,0.2,26.2,26.2,26.2,26.2,1.0,0.0,20.0,0.0,0.3,0.2,17.99,17.99,17.99,17.99,1.0,0.0,20.0,0.0,0.3,0.2,84.6,84.6,84.6,84.6,1.0,0.0,20.0,0.0,0.2,9.3,9.3,9.3,9.3,1.0,0.0,20.0,0.0,0.3,0.2,-9.16,-9.16,-9.16,-9.16,1.0,0.0,20.0,0.0,0.3,0.2,-1.61,-1.61,-1.61,-1.61,1.0,0.0,20.0,0.0,0.3,0.2,1010.7,1010.7,1010.7,1010.7,1.0,0.0,20.0,0.0,0.3,0.2,4.0,4.0,4.0,4.0,1.0,0.0,20.0,0.0,0.3,0.2,-85.2,-85.2,-85.2,-85.2,1.0,0.0,20.0,0.0,0.3,0.2,-15.0,-15.0,-15.0,-15.0,1.0,0.0,20.0,0.0,0.3,0.2,-0.6,-0.6,-0.6,-0.6,1.0,0.0,20.0,0.0,0.3,0.2,-5.6,-5.6,-5.6,-5.6,1.0,0.0,20.0,0.0,0.3,0.2,2.57,2.57,2.57,2.57,1.0,0.0,20.0,0.0,0.3,0.2,23.9,23.9,23.9,23.9,1.0,0.0,20.0,0.0,0.3,0.2,-240.0,-240.0,-240.0,-240.0,1.0,0.0,20.0,0.0,0.3,0.2,-42.3,-42.3,-42.3,-42.3,1.0,0.0,20.0,0.0,0.3,0.2,-164.7,-164.7,-164.7,-164.7,1.0,0.0,20.0,0.0,0.3,0.2,-29.0,-29.0,-29.0,-29.0,1.0,0.0,20.0,0.0,0.3,0.2,-23.5,-23.5,-23.5,-23.5,1.0,0.0,20.0,0.0,0.3,0.2,-4.1,-4.1,-4.1,-4.1,1.0,0.0,20.0,0.0,0.3,0.2,804.5,804.5,804.5,804.5,1.0,0.0,20.0,0.0,0.3,0.2,805.0,805.0,805.0,805.0,1.0,0.0,20.0,0.0,0.3,0.2
1974,2,224.0,12.0,24.0,24.0,24.0,24.0,2.0,0.0,14.0,0.0,0.6,0.6,23.1,23.3,23.5,23.3,2.0,0.42,14.0,0.0,0.6,0.6,14.85,15.11,15.37,15.11,2.0,0.54,14.0,0.0,0.6,0.6,84.4,84.8,85.2,84.8,2.0,0.8,14.0,0.0,0.6,4.24,6.7,9.16,6.7,2.0,5.09,14.0,0.0,0.6,0.6,-6.0,-4.65,-3.31,-4.65,2.0,2.78,14.0,0.0,0.6,0.6,-6.39,-3.17,0.05,-3.17,2.0,6.68,14.0,0.0,0.6,0.6,1012.33,1012.6,1012.87,1012.6,2.0,0.57,14.0,0.0,0.6,0.6,4.2,4.5,4.8,4.5,2.0,0.7,14.0,0.0,0.6,0.6,-58.7,-38.3,-17.8,-38.3,2.0,42.3,14.0,0.0,0.6,0.6,-67.6,-38.2,-8.9,-38.2,2.0,60.9,14.0,0.0,0.6,0.6,0.5,0.7,0.9,0.7,2.0,0.42,14.0,0.0,0.6,0.6,2.7,5.8,8.9,5.8,2.0,6.4,14.0,0.0,0.6,0.6,3.26,3.51,3.77,3.51,2.0,0.53,14.0,0.0,0.6,0.6,14.5,24.9,35.2,24.9,2.0,21.4,14.0,0.0,0.6,0.6,-138.2,-107.8,-77.5,-107.8,2.0,62.9,14.0,0.0,0.6,0.6,-146.9,-72.4,2.0,-72.4,2.0,154.2,14.0,0.0,0.6,0.6,-88.6,-69.5,-50.5,-69.5,2.0,39.5,14.0,0.0,0.6,0.6,-93.9,-46.1,1.8,-46.1,2.0,99.1,14.0,0.0,0.6,0.6,-23.0,-17.1,-11.2,-17.1,2.0,12.2,14.0,0.0,0.6,0.6,-25.0,-12.9,-0.8,-12.9,2.0,25.1,14.0,0.0,0.6,0.6,198.5,561.5,924.0,561.5,2.0,751.5,14.0,0.0,0.6,0.6,200.0,560.0,925.0,560.0,2.0,750.0,14.0,0.0,0.6,0.6
1974,2,224.0,13.0,24.32,25.0,25.68,25.0,2.0,1.41,16.0,0.5,0.6,0.4,23.66,23.8,23.94,23.8,2.0,0.28,16.0,0.5,0.6,0.4,14.45,15.07,15.69,15.07,2.0,1.28,16.0,0.5,0.6,0.4,78.3,82.2,86.2,82.2,2.0,8.2,16.0,0.5,0.4,4.08,6.2,8.32,6.2,2.0,4.38,16.0,0.5,0.6,0.4,-7.2,-5.37,-3.54,-5.37,2.0,3.8,16.0,0.5,0.6,0.4,-3.67,-1.55,0.57,-1.55,2.0,4.38,16.0,0.5,0.6,0.4,1012.53,1013.25,1013.97,1013.25,2.0,1.48,16.0,0.5,0.6,0.4,2.3,3.0,3.7,3.0,2.0,1.4,16.0,0.5,0.6,0.4,-64.3,-41.6,-18.9,-41.6,2.0,47.1,16.0,0.5,0.6,0.4,-35.6,-19.2,-2.8,-19.2,2.0,34.0,16.0,0.5,0.6,0.4,0.65,1.2,1.75,1.2,2.0,1.13,16.0,0.5,0.6,0.4,4.0,9.9,15.8,9.9,2.0,12.3,16.0,0.5,0.6,0.4,3.31,4.73,6.15,4.73,2.0,2.94,16.0,0.5,0.6,0.4,17.0,35.8,54.6,35.8,2.0,39.0,16.0,0.5,0.6,0.4,-172.7,-128.3,-84.0,-128.3,2.0,91.9,16.0,0.5,0.6,0.4,-88.1,-37.5,13.1,-37.5,2.0,104.8,16.0,0.5,0.6,0.4,-102.8,-78.5,-54.2,-78.5,2.0,50.3,16.0,0.5,0.6,0.4,-51.5,-20.6,10.4,-20.6,2.0,64.1,16.0,0.5,0.6,0.4,-47.3,-31.0,-14.7,-31.0,2.0,33.8,16.0,0.5,0.6,0.4,-26.0,-13.8,-1.6,-13.8,2.0,25.3,16.0,0.5,0.6,0.4,152.5,417.0,681.5,417.0,2.0,547.5,16.0,0.5,0.6,0.4,155.0,415.0,680.0,415.0,2.0,550.0,16.0,0.5,0.6,0.4
1974,2,224.0,14.0,24.9,24.9,24.9,24.9,1.0,0.0,22.0,1.0,0.7,0.6,23.5,23.5,23.5,23.5,1.0,0.0,22.0,1.0,0.7,0.6,13.08,13.08,13.08,13.08,1.0,0.0,22.0,1.0,0.7,0.6,72.6,72.6,72.6,72.6,1.0,0.0,22.0,1.0,0.6,9.3,9.3,9.3,9.3,1.0,0.0,22.0,1.0,0.7,0.6,-8.05,-8.05,-8.05,-8.05,1.0,0.0,22.0,1.0,0.7,0.6,-4.65,-4.65,-4.65,-4.65,1.0,0.0,22.0,1.0,0.7,0.6,1012.0,1012.0,1012.0,1012.0,1.0,0.0,22.0,1.0,0.7,0.6,3.0,3.0,3.0,3.0,1.0,0.0,22.0,1.0,0.7,0.6,-74.9,-74.9,-74.9,-74.9,1.0,0.0,22.0,1.0,0.7,0.6,-43.2,-43.2,-43.2,-43.2,1.0,0.0,22.0,1.0,0.7,0.6,1.4,1.4,1.4,1.4,1.0,0.0,22.0,1.0,0.7,0.6,13.0,13.0,13.0,13.0,1.0,0.0,22.0,1.0,0.7,0.6,6.59,6.59,6.59,6.59,1.0,0.0,22.0,1.0,0.7,0.6,61.3,61.3,61.3,61.3,1.0,0.0,22.0,1.0,0.7,0.6,-189.3,-189.3,-189.3,-189.3,1.0,0.0,22.0,1.0,0.7,0.6,-109.3,-109.3,-109.3,-109.3,1.0,0.0,22.0,1.0,0.7,0.6,-105.4,-105.4,-105.4,-105.4,1.0,0.0,22.0,1.0,0.7,0.6,-60.8,-60.8,-60.8,-60.8,1.0,0.0,22.0,1.0,0.7,0.6,-53.1,-53.1,-53.1,-53.1,1.0,0.0,22.0,1.0,0.7,0.6,-30.7,-30.7,-30.7,-30.7,1.0,0.0,22.0,1.0,0.7,0.6,804.5,804.5,804.5,804.5,1.0,0.0,22.0,1.0,0.7,0.6,805.0,805.0,805.0,805.0,1.0,0.0,22.0,1.0,0.7,0.6
1974,2,224.0,15.0,24.1,24.1,24.1,24.1,1.0,0.0,8.0,1.0,0.1,0.6,22.8,22.8,22.8,22.8,1.0,0.0,8.0,1.0,0.1,0.6,12.65,12.65,12.65,12.65,1.0,0.0,8.0,1.0,0.1,0.6,73.4,73.4,73.4,73.4,1.0,0.0,8.0,1.0,0.6,5.7,5.7,5.7,5.7,1.0,0.0,8.0,1.0,0.1,0.6,-5.36,-5.36,-5.36,-5.36,1.0,0.0,8.0,1.0,0.1,0.6,-1.95,-1.95,-1.95,-1.95,1.0,0.0,8.0,1.0,0.1,0.6,1013.5,1013.5,1013.5,1013.5,1.0,0.0,8.0,1.0,0.1,0.6,5.0,5.0,5.0,5.0,1.0,0.0,8.0,1.0,0.1,0.6,-30.5,-30.5,-30.5,-30.5,1.0,0.0,8.0,1.0,0.1,0.6,-11.1,-11.1,-11.1,-11.1,1.0,0.0,8.0,1.0,0.1,0.6,1.3,1.3,1.3,1.3,1.0,0.0,8.0,1.0,0.1,0.6,7.4,7.4,7.4,7.4,1.0,0.0,8.0,1.0,0.1,0.6,6.06,6.06,6.06,6.06,1.0,0.0,8.0,1.0,0.1,0.6,34.6,34.6,34.6,34.6,1.0,0.0,8.0,1.0,0.1,0.6,-122.1,-122.1,-122.1,-122.1,1.0,0.0,8.0,1.0,0.1,0.6,-44.4,-44.4,-44.4,-44.4,1.0,0.0,8.0,1.0,0.1,0.6,-67.8,-67.8,-67.8,-67.8,1.0,0.0,8.0,1.0,0.1,0.6,-24.7,-24.7,-24.7,-24.7,1.0,0.0,8.0,1.0,0.1,0.6,-32.5,-32.5,-32.5,-32.5,1.0,0.0,8.0,1.0,0.1,0.6,-11.8,-11.8,-11.8,-11.8,1.0,0.0,8.0,1.0,0.1,0.6,185.0,185.0,185.0,185.0,1.0,0.0,8.0,1.0,0.1,0.6,185.0,185.0,185.0,185.0,1.0,0.0,8.0,1.0,0.1,0.6
1974,2,224.0,17.0,22.25,22.8,22.94,22.6,3.0,0.53,16.0,1.0,0.6,0.5,22.44,23.4,23.81,23.13,3.0,1.03,16.0,1.0,0.6,0.5,10.77,12.74,14.71,12.74,2.0,4.08,16.0,1.0,0.6,0.4,60.1,69.9,79.8,69.9,2.0,20.4,16.0,1.0,0.4,8.75,11.0,11.89,10.33,3.0,2.37,16.0,1.0,0.6,0.5,-11.68,-10.34,-8.46,-10.07,3.0,2.37,16.0,1.0,0.6,0.5,-2.57,0.0,0.91,-0.81,3.0,2.64,16.0,1.0,0.6,0.5,1017.02,1019.2,1020.97,1019.0,3.0,2.91,16.0,1.0,0.6,0.5,4.3,7.0,7.0,5.7,3.0,2.3,16.0,1.0,0.6,0.5,-139.4,-113.7,-75.9,-107.8,3.0,46.7,16.0,1.0,0.6,0.5,-28.2,0.0,7.0,-10.4,3.0,27.4,16.0,1.0,0.6,0.5,-0.87,-0.6,-0.19,-0.53,3.0,0.5,16.0,1.0,0.6,0.5,-7.6,-7.4,-2.3,-5.0,3.0,4.4,16.0,1.0,0.6,0.5,2.71,4.59,6.47,4.59,2.0,3.89,16.0,1.0,0.6,0.4,26.2,52.2,78.2,52.2,2.0,53.9,16.0,1.0,0.6,0.4,-268.6,-227.4,-196.4,-232.4,3.0,53.1,16.0,1.0,0.6,0.5,-56.5,0.0,21.9,-16.9,3.0,59.3,16.0,1.0,0.6,0.5,-120.8,-119.8,-118.9,-119.8,2.0,1.9,16.0,1.0,0.6,0.4,3.3,10.4,17.6,10.4,2.0,14.8,16.0,1.0,0.6,0.4,-78.2,-52.1,-26.0,-52.1,2.0,54.0,16.0,1.0,0.6,0.4,0.4,1.2,2.1,1.2,2.0,1.7,16.0,1.0,0.6,0.4,734.0,1331.0,1692.5,1216.0,3.0,709.0,16.0,1.0,0.6,0.5,735.0,1330.0,1695.0,1215.0,3.0,710.0,16.0,1.0,0.6,0.5
1974,2,224.0,18.0,21.7,21.7,21.7,21.7,1.0,0.0,26.0,0.0,0.5,0.7,20.6,20.6,20.6,20.6,1.0,0.0,26.0,0.0,0.5,0.7,11.47,11.47,11.47,11.47,1.0,0.0,26.0,0.0,0.5,0.7,76.4,76.4,76.4,76.4,1.0,0.0,26.0,0.0,0.7,10.3,10.3,10.3,10.3,1.0,0.0,26.0,0.0,0.5,0.7,-7.89,-7.89,-7.89,-7.89,1.0,0.0,26.0,0.0,0.5,0.7,-6.62,-6.62,-6.62,-6.62,1.0,0.0,26.0,0.0,0.5,0.7,1016.3,1016.3,1016.3,1016.3,1.0,0.0,26.0,0.0,0.5,0.7,5.0,5.0,5.0,5.0,1.0,0.0,26.0,0.0,0.5,0.7,-81.3,-81.3,-81.3,-81.3,1.0,0.0,26.0,0.0,0.5,0.7,-68.2,-68.2,-68.2,-68.2,1.0,0.0,26.0,0.0,0.5,0.7,1.1,1.1,1.1,1.1,1.0,0.0,26.0,0.0,0.5,0.7,11.3,11.3,11.3,11.3,1.0,0.0,26.0,0.0,0.5,0.7,4.65,4.65,4.65,4.65,1.0,0.0,26.0,0.0,0.5,0.7,47.8,47.8,47.8,47.8,1.0,0.0,26.0,0.0,0.5,0.7,-162.5,-162.5,-162.5,-162.5,1.0,0.0,26.0,0.0,0.5,0.7,-136.4,-136.4,-136.4,-136.4,1.0,0.0,26.0,0.0,0.5,0.7,-90.5,-90.5,-90.5,-90.5,1.0,0.0,26.0,0.0,0.5,0.7,-75.9,-75.9,-75.9,-75.9,1.0,0.0,26.0,0.0,0.5,0.7,-36.7,-36.7,-36.7,-36.7,1.0,0.0,26.0,0.0,0.5,0.7,-30.8,-30.8,-30.8,-30.8,1.0,0.0,26.0,0.0,0.5,0.7,1092.5,1092.5,1092.5,1092.5,1.0,0.0,26.0,0.0,0.5,0.7,1095.0,1095.0,1095.0,1095.0,1.0,0.0,26.0,0.0,0.5,0.7
1974,2,224.0,19.0,22.36,22.7,23.04,22.7,2.0,0.71,18.0,1.0,0.6,0.4,18.6,19.25,19.9,19.25,2.0,1.34,18.0,1.0,0.6,0.4,11.96,11.96,11.96,11.96,1.0,0.0,20.0,1.0,0.8,0.5,92.1,92.1,92.1,92.1,1.0,0.0,20.0,1.0,0.5,8.29,8.9,9.51,8.9,2.0,1.27,18.0,1.0,0.6,0.4,-8.24,-7.71,-7.18,-7.71,2.0,1.1,18.0,1.0,0.6,0.4,-4.76,-4.45,-4.14,-4.45,2.0,0.64,18.0,1.0,0.6,0.4,1019.38,1020.2,1021.02,1020.2,2.0,1.7,18.0,1.0,0.6,0.4,3.5,4.5,5.5,4.5,2.0,2.1,18.0,1.0,0.6,0.4,-78.8,-69.3,-59.8,-69.3,2.0,19.6,18.0,1.0,0.6,0.4,-45.5,-40.0,-34.5,-40.0,2.0,11.3,18.0,1.0,0.6,0.4,3.14,3.45,3.76,3.45,2.0,0.64,18.0,1.0,0.6,0.4,26.3,31.1,36.0,31.1,2.0,10.1,18.0,1.0,0.6,0.4,4.61,4.61,4.61,4.61,1.0,0.0,20.0,1.0,0.8,0.5,45.2,45.2,45.2,45.2,1.0,0.0,20.0,1.0,0.8,0.5,-152.9,-147.6,-142.4,-147.6,2.0,10.9,18.0,1.0,0.6,0.4,-88.3,-85.2,-82.2,-85.2,2.0,6.3,18.0,1.0,0.6,0.4,-101.5,-101.5,-101.5,-101.5,1.0,0.0,20.0,1.0,0.8,0.5,-58.6,-58.6,-58.6,-58.6,1.0,0.0,20.0,1.0,0.8,0.5,-39.1,-39.1,-39.1,-39.1,1.0,0.0,20.0,1.0,0.8,0.5,-22.6,-22.6,-22.6,-22.6,1.0,0.0,20.0,1.0,0.8,0.5,580.0,726.5,873.0,726.5,2.0,303.5,18.0,1.0,0.6,0.4,580.0,725.0,875.0,725.0,2.0,305.0,18.0,1.0,0.6,0.4
1974,2,224.0,20.0,20.56,21.75,22.71,21.6,8.0,1.06,16.0,0.5,0.5,0.3,19.56,20.5,22.38,20.78,9.0,1.63,16.0,0.6,0.4,0.4,10.88,11.6,12.06,11.71,7.0,0.99,20.0,0.6,0.3,0.4,65.1,82.3,91.0,78.9,7.0,11.9,20.0,0.6,0.4,5.83,8.2,10.4,8.24,9.0,2.71,16.0,0.6,0.4,0.4,-10.24,-7.71,-5.81,-7.97,9.0,2.65,16.0,0.6,0.4,0.4,-3.08,-2.24,-0.19,-1.76,9.0,1.32,16.0,0.6,0.4,0.4,1017.05,1018.0,1021.0,1018.78,9.0,2.03,16.0,0.6,0.4,0.4,5.0,7.0,7.0,6.3,9.0,1.1,16.0,0.6,0.4,0.4,-107.1,-63.2,-33.9,-72.1,9.0,45.8,16.0,0.6,0.4,0.4,-29.4,-20.3,-0.8,-15.7,9.0,13.1,16.0,0.6,0.4,0.4,-0.3,1.1,3.19,1.14,8.0,1.74,16.0,0.5,0.5,0.3,-3.3,8.8,18.9,9.8,8.0,12.8,16.0,0.5,0.5,0.3,2.98,4.53,5.58,4.5,6.0,1.51,20.0,0.5,0.4,0.4,25.9,34.5,50.0,40.5,6.0,25.0,20.0,0.5,0.4,0.4,-208.0,-161.8,-114.5,-165.2,9.0,56.7,16.0,0.6,0.4,0.4,-60.7,-48.8,-4.3,-36.5,9.0,26.8,16.0,0.6,0.4,0.4,-105.1,-89.1,-78.3,-93.9,7.0,21.3,20.0,0.6,0.3,0.4,-36.9,-28.7,-13.9,-24.8,7.0,13.6,20.0,0.6,0.3,0.4,-47.8,-33.3,-24.5,-39.2,6.0,24.8,20.0,0.5,0.4,0.4,-14.0,-11.5,-2.4,-9.2,6.0,6.3,20.0,0.5,0.4,0.4,199.5,551.5,1137.0,724.0,9.0,650.0,16.0,0.6,0.4,0.4,200.0,550.0,1135.0,725.0,9.0,650.0,16.0,0.6,0.4,0.4
1974,2,224.0,21.0,21.2,22.6,23.0,22.45,8.0,1.35,16.0,0.6,0.5,0.4,20.0,21.65,23.89,21.99,8.0,2.11,16.0,0.6,0.5,0.4,9.88,10.84,12.58,11.15,8.0,1.43,16.0,0.6,0.5,0.4,61.4,67.0,77.6,68.5,8.0,8.9,16.0,0.6,0.4,8.15,9.3,10.35,9.34,7.0,1.35,14.0,0.7,0.5,0.4,-9.87,-9.16,-8.03,-9.14,7.0,1.32,14.0,0.7,0.5,0.4,-3.2,-1.42,0.0,-1.39,7.0,1.51,14.0,0.7,0.5,0.4,1018.22,1020.0,1021.68,1020.09,8.0,2.08,16.0,0.6,0.5,0.4,4.0,6.0,8.0,6.0,8.0,1.9,16.0,0.6,0.5,0.4,-101.0,-85.2,-65.5,-86.8,7.0,24.5,14.0,0.7,0.5,0.4,-29.9,-11.7,0.0,-13.2,7.0,14.9,14.0,0.7,0.5,0.4,-1.09,0.0,2.8,0.46,8.0,2.6,16.0,0.6,0.5,0.4,-13.0,0.0,29.0,4.7,7.0,26.2,14.0,0.7,0.5,0.4,3.15,5.66,7.77,5.71,8.0,2.15,16.0,0.6,0.5,0.4,21.6,61.1,73.2,55.7,7.0,25.2,14.0,0.7,0.5,0.4,-236.0,-193.6,-174.5,-202.9,7.0,31.2,14.0,0.7,0.5,0.4,-63.9,-29.9,0.0,-28.7,7.0,30.3,14.0,0.7,0.5,0.4,-113.2,-102.7,-89.9,-101.7,7.0,11.8,14.0,0.7,0.5,0.4,-30.9,-15.9,0.0,-14.9,7.0,16.0,14.0,0.7,0.5,0.4,-69.7,-61.1,-21.3,-54.2,7.0,23.7,14.0,0.7,0.5,0.4,-25.0,-3.8,0.0,-10.0,7.0,12.5,14.0,0.7,0.5,0.4,543.0,804.5,1109.5,858.5,7.0,351.0,14.0,0.7,0.5,0.4,545.0,805.0,1110.0,860.0,7.0,350.0,14.0,0.7,0.5,0.4
1974,2,224.0,22.0,20.43,21.3,22.85,21.63,4.0,1.67,12.0,0.5,0.5,0.3,20.1,21.35,22.92,21.5,4.0,1.65,12.0,0.5,0.5,0.3,10.55,12.81,14.49,12.53,4.0,2.31,12.0,0.5,0.5,0.3,72.8,79.3,83.8,78.4,4.0,7.1,12.0,0.5,0.3,4.08,6.2,8.06,6.08,4.0,2.77,12.0,0.5,0.5,0.3,-7.35,-4.83,-3.23,-5.27,4.0,2.9,12.0,0.5,0.5,0.3,-1.79,-0.16,3.31,0.72,4.0,3.29,12.0,0.5,0.5,0.3,1015.81,1021.0,1022.0,1019.0,4.0,4.76,12.0,0.5,0.5,0.3,3.4,6.0,7.0,5.3,4.0,2.4,12.0,0.5,0.5,0.3,-59.2,-29.7,-16.8,-37.6,4.0,33.7,12.0,0.5,0.5,0.3,-13.2,-3.9,19.6,2.9,4.0,22.4,12.0,0.5,0.5,0.3,-1.02,0.65,1.22,0.13,4.0,1.82,12.0,0.5,0.5,0.3,-6.6,2.9,10.2,1.9,4.0,12.4,12.0,0.5,0.5,0.3,1.89,4.01,5.12,3.52,4.0,2.54,12.0,0.5,0.5,0.3,5.0,18.6,42.2,23.4,4.0,24.6,12.0,0.5,0.5,0.3,-153.3,-110.4,-71.6,-112.4,4.0,56.9,12.0,0.5,0.5,0.3,-38.4,-3.0,75.2,17.4,4.0,74.7,12.0,0.5,0.5,0.3,-84.5,-70.0,-43.1,-64.1,4.0,28.4,12.0,0.5,0.5,0.3,-22.4,-0.8,46.1,11.3,4.0,46.0,12.0,0.5,0.5,0.3,-37.2,-13.1,-4.4,-20.4,4.0,24.4,12.0,0.5,0.5,0.3,-5.1,2.6,13.2,4.0,4.0,12.6,12.0,0.5,0.5,0.3,97.5,243.0,564.5,327.0,4.0,339.0,12.0,0.5,0.5,0.3,95.0,245.0,565.0,325.0,4.0,340.0,12.0,0.5,0.5,0.3
1974,2,224.0,23.0,19.08,19.25,19.42,19.25,2.0,0.35,14.0,0.5,0.5,0.6,18.58,18.75,18.92,18.75,2.0,0.35,14.0,0.5,0.5,0.6,9.95,10.75,11.55,10.75,2.0,1.66,14.0,0.5,0.5,0.6,75.5,80.7,85.8,80.7,2.0,10.6,14.0,0.5,0.6,7.86,8.2,8.54,8.2,2.0,0.71,14.0,0.5,0.5,0.6,-8.41,-8.08,-7.74,-8.08,2.0,0.7,14.0,0.5,0.5,0.6,-1.48,-1.42,-1.36,-1.42,2.0,0.12,14.0,0.5,0.5,0.6,1021.66,1021.8,1021.94,1021.8,2.0,0.28,14.0,0.5,0.5,0.6,8.0,8.0,8.0,8.0,2.0,0.0,14.0,0.5,0.5,0.6,-72.0,-66.5,-61.0,-66.5,2.0,11.4,14.0,0.5,0.5,0.6,-12.7,-11.7,-10.7,-11.7,2.0,2.0,14.0,0.5,0.5,0.6,0.5,0.5,0.5,0.5,2.0,0.0,14.0,0.5,0.5,0.6,3.9,4.1,4.3,4.1,2.0,0.4,14.0,0.5,0.5,0.6,2.35,3.01,3.66,3.01,2.0,1.36,14.0,0.5,0.5,0.6,19.8,24.2,28.5,24.2,2.0,9.0,14.0,0.5,0.5,0.6,-159.2,-151.5,-143.9,-151.5,2.0,15.9,14.0,0.5,0.5,0.6,-28.1,-26.7,-25.4,-26.7,2.0,2.8,14.0,0.5,0.5,0.6,-97.5,-87.4,-77.3,-87.4,2.0,20.9,14.0,0.5,0.5,0.6,-17.2,-15.4,-13.6,-15.4,2.0,3.7,14.0,0.5,0.5,0.6,-28.1,-23.8,-19.5,-23.8,2.0,8.9,14.0,0.5,0.5,0.6,-5.0,-4.2,-3.4,-4.2,2.0,1.6,14.0,0.5,0.5,0.6,488.5,557.5,626.5,557.5,2.0,143.0,14.0,0.5,0.5,0.6,490.0,560.0,625.0,560.0,2.0,145.0,14.0,0.5,0.5,0.6
1974,2,224.0,24.0,18.93,19.85,20.77,19.85,2.0,1.91,24.0,0.5,0.2,0.2,17.75,20.0,20.0,18.9,3.0,1.91,22.0,0.7,0.2,0.4,8.84,9.19,9.53,9.19,2.0,0.72,24.0,0.5,0.2,0.2,68.5,70.9,73.2,70.9,2.0,4.8,24.0,0.5,0.2,9.21,10.3,10.3,9.77,3.0,0.92,22.0,0.7,0.2,0.4,-9.44,-8.92,-7.38,-8.42,3.0,1.57,22.0,0.7,0.2,0.4,-5.45,-5.15,-4.04,-4.76,3.0,1.09,22.0,0.7,0.2,0.4,1021.44,1022.4,1023.49,1022.47,3.0,1.5,22.0,0.7,0.2,0.4,7.0,7.0,7.7,7.3,3.0,0.6,22.0,0.7,0.2,0.4,-97.2,-91.9,-68.7,-83.2,3.0,22.2,22.0,0.7,0.2,0.4,-51.7,-48.7,-40.2,-46.0,3.0,8.7,22.0,0.7,0.2,0.4,1.3,1.5,1.7,1.5,2.0,0.42,24.0,0.5,0.2,0.2,13.3,15.5,17.6,15.5,2.0,4.4,24.0,0.5,0.2,0.2,4.67,5.14,5.61,5.14,2.0,0.98,24.0,0.5,0.2,0.2,48.1,53.0,57.8,53.0,2.0,10.1,24.0,0.5,0.2,0.2,-179.4,-149.0,-138.3,-158.6,3.0,31.3,22.0,0.7,0.2,0.4,-103.6,-86.0,-75.4,-89.4,3.0,20.9,22.0,0.7,0.2,0.4,-91.2,-85.6,-80.0,-85.6,2.0,11.6,24.0,0.5,0.2,0.2,-43.0,-39.4,-35.8,-39.4,2.0,7.5,24.0,0.5,0.2,0.2,-53.8,-48.1,-42.4,-48.1,2.0,11.8,24.0,0.5,0.2,0.2,-22.5,-21.7,-20.9,-21.7,2.0,1.7,24.0,0.5,0.2,0.2,796.5,1092.5,1092.5,948.0,3.0,250.5,22.0,0.7,0.2,0.4,795.0,1095.0,1095.0,950.0,3.0,250.0,22.0,0.7,0.2,0.4
1974,2,224.0,25.0,20.82,21.3,21.78,21.3,2.0,0.99,18.0,1.0,0.9,0.2,19.17,20.6,20.87,20.03,3.0,1.34,20.0,1.0,0.7,0.3,8.62,8.92,9.28,8.95,3.0,0.49,20.0,1.0,0.7,0.3,59.9,63.3,64.2,62.1,3.0,3.3,20.0,1.0,0.3,5.75,9.3,9.98,7.9,3.0,3.33,20.0,1.0,0.7,0.3,-9.94,-9.16,-5.33,-7.67,3.0,3.61,20.0,1.0,0.7,0.3,-1.1,0.0,1.4,0.15,3.0,1.84,20.0,1.0,0.7,0.3,1018.91,1019.8,1021.3,1020.1,3.0,1.77,20.0,1.0,0.7,0.3,4.0,6.0,7.4,5.7,3.0,2.5,20.0,1.0,0.7,0.3,-99.5,-85.2,-37.0,-68.6,3.0,48.0,20.0,1.0,0.7,0.3,-10.3,0.0,5.7,-2.2,3.0,11.9,20.0,1.0,0.7,0.3,0.56,1.75,2.94,1.75,2.0,2.47,18.0,1.0,0.9,0.2,2.3,7.2,12.1,7.2,2.0,10.1,18.0,1.0,0.9,0.2,5.9,6.71,7.53,6.71,2.0,1.69,18.0,1.0,0.9,0.2,35.4,41.9,48.3,41.9,2.0,13.4,18.0,1.0,0.9,0.2,-207.5,-188.7,-104.7,-156.9,3.0,80.2,20.0,1.0,0.7,0.3,-22.7,0.0,25.9,1.6,3.0,35.6,20.0,1.0,0.7,0.3,-90.2,-86.5,-48.0,-69.5,3.0,34.2,20.0,1.0,0.7,0.3,-10.4,0.0,11.9,0.7,3.0,16.3,20.0,1.0,0.7,0.3,-47.0,-39.3,-31.6,-39.3,2.0,15.9,18.0,1.0,0.9,0.2,-4.9,3.6,12.2,3.6,2.0,17.8,18.0,1.0,0.9,0.2,302.5,804.5,1001.0,655.5,3.0,528.0,20.0,1.0,0.7,0.3,300.0,805.0,1000.0,655.0,3.0,530.0,20.0,1.0,0.7,0.3
1974,2,224.0,26.0,18.44,20.0,20.07,19.38,5.0,0.98,16.0,0.8,0.6,0.4,17.53,18.4,20.64,18.88,5.0,1.73,16.0,0.8,0.6,0.4,7.88,8.38,10.49,9.11,5.0,1.74,16.0,0.8,0.6,0.4,57.5,64.5,80.7,68.1,5.0,12.6,16.0,0.8,0.4,5.1,5.1,8.33,6.78,5.0,3.43,16.0,0.8,0.6,0.4,-7.83,-4.79,-3.97,-5.92,5.0,3.63,16.0,0.8,0.6,0.4,-4.41,-1.95,-1.74,-2.85,5.0,1.43,16.0,0.8,0.6,0.4,1021.53,1023.4,1024.41,1023.02,5.0,2.33,16.0,0.8,0.6,0.4,5.5,7.0,8.0,6.8,4.0,1.5,16.0,1.0,0.6,0.4,-76.5,-24.4,-20.3,-49.8,5.0,59.9,16.0,0.8,0.6,0.4,-35.1,-11.1,-8.9,-21.7,5.0,20.5,16.0,0.8,0.6,0.4,-1.24,0.7,2.22,0.5,5.0,2.24,16.0,0.8,0.6,0.4,-6.3,3.6,19.5,5.4,5.0,14.5,16.0,0.8,0.6,0.4,3.28,5.74,6.22,4.76,5.0,2.32,16.0,0.8,0.6,0.4,18.5,29.3,49.6,34.2,5.0,26.8,16.0,0.8,0.6,0.4,-144.4,-98.7,-73.5,-111.3,5.0,66.2,16.0,0.8,0.6,0.4,-80.1,-36.1,-34.7,-53.1,5.0,25.0,16.0,0.8,0.6,0.4,-73.2,-51.9,-31.6,-53.7,5.0,30.5,16.0,0.8,0.6,0.4,-34.6,-20.7,-17.1,-24.8,5.0,9.8,16.0,0.8,0.6,0.4,-46.6,-25.2,-10.7,-29.6,5.0,26.5,16.0,0.8,0.6,0.4,-25.8,-11.4,-6.3,-14.8,5.0,10.9,16.0,0.8,0.6,0.4,132.5,132.5,901.5,546.0,5.0,895.0,16.0,0.8,0.6,0.4,135.0,135.0,900.0,545.0,5.0,895.0,16.0,0.8,0.6,0.4
1974,2,224.0,27.0,17.67,19.4,22.01,19.76,7.0,2.04,16.0,0.6,0.7,0.6,16.8,17.3,20.01,18.0,7.0,1.5,16.0,0.6,0.7,0.6,6.84,9.01,10.78,9.11,7.0,2.13,16.0,0.6,0.7,0.6,58.4,74.3,81.2,71.1,7.0,11.1,16.0,0.6,0.6,2.48,5.1,7.71,4.74,7.0,2.97,16.0,0.6,0.7,0.6,-6.68,-5.02,-1.59,-4.05,7.0,2.6,16.0,0.6,0.7,0.6,-3.87,-1.06,0.19,-1.16,7.0,2.77,16.0,0.6,0.7,0.6,1022.86,1023.8,1024.88,1023.64,7.0,1.97,16.0,0.6,0.7,0.6,2.0,3.0,8.0,3.9,7.0,2.9,16.0,0.6,0.7,0.6,-51.5,-25.6,-4.1,-25.7,7.0,22.4,16.0,0.6,0.7,0.6,-28.9,-4.5,1.5,-5.6,7.0,20.7,16.0,0.6,0.7,0.6,0.39,2.0,2.76,1.76,7.0,1.35,16.0,0.6,0.7,0.6,0.5,7.7,16.5,9.4,7.0,10.0,16.0,0.6,0.7,0.6,3.8,5.36,5.75,5.15,7.0,1.22,16.0,0.6,0.7,0.6,10.2,30.6,38.2,24.2,7.0,16.1,16.0,0.6,0.7,0.6,-121.0,-83.9,-26.7,-72.8,7.0,49.8,16.0,0.6,0.7,0.6,-69.5,-18.3,3.9,-18.3,7.0,51.7,16.0,0.6,0.7,0.6,-56.0,-34.1,-10.9,-37.7,7.0,29.5,16.0,0.6,0.7,0.6,-31.9,-9.6,2.4,-7.3,7.0,29.5,16.0,0.6,0.7,0.6,-35.5,-26.5,-8.0,-20.8,7.0,14.4,16.0,0.6,0.7,0.6,-20.8,-6.3,0.7,-7.1,7.0,13.3,16.0,0.6,0.7,0.6,16.5,132.5,459.0,207.0,7.0,216.0,16.0,0.6,0.7,0.6,15.0,135.0,460.0,205.0,7.0,215.0,16.0,0.6,0.7,0.6
1974,2,224.0,28.0,17.67,19.4,20.45,19.33,11.0,1.54,14.0,0.3,0.5,0.4,16.5,17.1,18.13,17.26,12.0,0.97,14.0,0.3,0.4,0.4,6.86,7.99,8.63,7.95,10.0,1.25,14.0,0.2,0.4,0.4,57.4,66.4,73.1,67.0,10.0,10.4,14.0,0.2,0.4,3.93,7.7,9.43,6.38,12.0,3.32,14.0,0.3,0.4,0.4,-7.9,-7.18,-3.29,-5.94,12.0,3.17,14.0,0.3,0.4,0.4,-1.65,0.0,2.24,0.43,12.0,2.61,14.0,0.3,0.4,0.4,1023.0,1024.0,1026.76,1024.94,12.0,3.06,14.0,0.3,0.4,0.4,5.5,7.0,8.0,6.6,12.0,1.9,14.0,0.3,0.4,0.4,-70.6,-57.1,-16.8,-47.4,12.0,32.1,14.0,0.3,0.4,0.4,-11.0,0.0,19.9,5.8,12.0,22.9,14.0,0.3,0.4,0.4,1.29,2.2,3.34,2.23,11.0,1.69,14.0,0.3,0.5,0.4,0.7,14.7,26.0,14.3,11.0,15.1,14.0,0.3,0.5,0.4,4.12,5.82,7.89,5.83,10.0,2.14,14.0,0.2,0.4,0.4,11.9,44.1,63.1,40.7,10.0,25.0,14.0,0.2,0.4,0.4,-138.7,-122.0,-51.4,-103.4,12.0,56.4,14.0,0.3,0.4,0.4,-26.8,0.0,39.5,8.0,12.0,44.9,14.0,0.3,0.4,0.4,-68.0,-52.9,-14.0,-46.8,10.0,28.3,14.0,0.2,0.4,0.4,-13.6,0.0,26.8,5.0,10.0,22.3,14.0,0.2,0.4,0.4,-58.7,-38.3,-8.8,-37.5,10.0,24.2,14.0,0.2,0.4,0.4,-12.0,0.0,22.8,2.7,10.0,17.6,14.0,0.2,0.4,0.4,99.0,456.5,839.0,426.5,12.0,363.0,14.0,0.3,0.4,0.4,100.0,455.0,840.0,425.0,12.0,365.0,14.0,0.3,0.4,0.4
1974,2,224.0,29.0,16.89,18.0,18.94,17.92,5.0,1.06,6.0,0.4,0.7,0.3,17.21,18.4,19.68,18.38,6.0,1.37,10.0,0.3,0.7,0.4,10.05,10.64,12.5,11.17,5.0,1.59,12.0,0.4,0.7,0.4,74.4,90.8,98.8,87.5,5.0,12.5,12.0,0.4,0.4,2.42,5.1,8.6,5.46,5.0,3.23,12.0,0.4,0.7,0.4,-7.34,-5.02,-1.13,-4.3,5.0,3.43,12.0,0.4,0.7,0.4,-3.96,-2.07,-1.38,-2.68,5.0,1.97,12.0,0.4,0.7,0.4,1023.4,1025.0,1027.02,1025.1,6.0,1.95,10.0,0.3,0.7,0.4,5.6,7.0,7.4,6.6,5.0,1.1,12.0,0.4,0.7,0.4,-64.3,-25.6,-3.0,-31.9,5.0,31.5,12.0,0.4,0.7,0.4,-34.9,-4.5,-4.3,-18.4,5.0,22.3,12.0,0.4,0.7,0.4,-2.33,-2.0,1.87,-0.58,5.0,2.41,6.0,0.4,0.7,0.3,-11.1,-1.0,13.7,1.2,4.0,16.7,8.0,0.5,0.7,0.3,-0.15,1.73,2.55,1.22,4.0,2.0,8.0,0.5,0.7,0.3,-0.7,9.7,22.7,10.9,4.0,14.4,8.0,0.5,0.7,0.3,-130.9,-89.4,-21.7,-78.5,5.0,63.7,12.0,0.4,0.7,0.4,-71.6,-36.0,-25.9,-47.6,5.0,31.9,12.0,0.4,0.7,0.4,-77.3,-46.8,-15.5,-45.2,5.0,35.4,12.0,0.4,0.7,0.4,-41.8,-24.7,-17.3,-29.6,5.0,20.1,12.0,0.4,0.7,0.4,-18.7,-7.5,1.9,-8.4,4.0,12.1,8.0,0.5,0.7,0.3,-12.2,-4.3,0.0,-6.0,4.0,8.8,8.0,0.5,0.7,0.3,14.5,132.5,644.0,303.0,5.0,357.0,12.0,0.4,0.7,0.4,15.0,135.0,645.0,305.0,5.0,355.0,12.0,0.4,0.7,0.4
1974,2,224.0,30.0,16.81,17.8,19.31,17.85,15.0,1.33,14.0,0.7,0.5,0.3,15.72,16.7,17.69,17.0,15.0,1.51,14.0,0.7,0.5,0.3,7.3,8.9,9.7,9.03,15.0,1.66,14.0,0.7,0.5,0.3,63.5,77.2,87.0,75.8,15.0,10.5,14.0,0.7,0.3,0.58,5.1,7.7,4.76,15.0,3.06,14.0,0.7,0.5,0.3,-7.7,-2.85,0.0,-3.33,15.0,4.01,14.0,0.7,0.5,0.3,-3.14,-1.08,0.0,-1.49,15.0,1.82,14.0,0.7,0.5,0.3,1024.11,1027.4,1028.0,1026.54,15.0,2.14,14.0,0.7,0.5,0.3,3.2,6.0,7.8,5.5,15.0,2.4,14.0,0.7,0.5,0.3,-59.3,-16.2,0.0,-24.5,15.0,31.4,14.0,0.7,0.5,0.3,-20.8,-5.9,0.0,-8.7,15.0,11.8,14.0,0.7,0.5,0.3,-0.89,1.3,2.28,0.85,15.0,2.03,14.0,0.7,0.5,0.3,-1.8,4.6,15.4,6.2,15.0,10.5,14.0,0.7,0.5,0.3,2.02,3.58,4.67,3.54,15.0,1.61,14.0,0.7,0.5,0.3,0.6,16.7,32.2,17.3,15.0,14.3,14.0,0.7,0.5,0.3,-122.6,-47.0,0.0,-52.8,15.0,68.9,14.0,0.7,0.5,0.3,-53.4,-16.8,0.0,-24.3,15.0,31.2,14.0,0.7,0.5,0.3,-71.8,-23.0,0.0,-27.4,15.0,39.9,14.0,0.7,0.5,0.3,-26.9,-8.2,0.0,-12.0,15.0,16.2,14.0,0.7,0.5,0.3,-27.4,-14.3,0.0,-14.1,15.0,13.4,14.0,0.7,0.5,0.3,-13.4,-2.9,0.0,-6.6,15.0,9.1,14.0,0.7,0.5,0.3,4.0,132.5,456.5,225.5,15.0,267.0,14.0,0.7,0.5,0.3,5.0,135.0,455.0,225.0,15.0,265.0,14.0,0.7,0.5,0.3
1974,2,224.0,31.0,16.7,17.15,17.94,17.33,6.0,0.73,10.0,0.2,0.3,0.6,15.0,15.75,16.94,15.98,8.0,1.5,12.0,0.3,0.3,0.5,7.27,9.83,10.01,8.85,7.0,1.59,14.0,0.3,0.3,0.6,70.1,75.1,86.9,78.4,7.0,8.6,14.0,0.3,0.6,3.24,6.2,7.77,6.58,10.0,4.52,12.0,0.4,0.3,0.5,-5.78,-0.58,6.69,-0.03,10.0,5.45,12.0,0.4,0.3,0.5,-1.85,0.23,3.99,1.74,10.0,5.96,12.0,0.4,0.3,0.5,1023.27,1026.3,1028.32,1026.18,9.0,3.26,12.0,0.3,0.3,0.5,4.4,6.5,8.0,6.2,10.0,1.8,12.0,0.4,0.3,0.5,-35.3,-2.3,55.2,9.2,10.0,49.7,12.0,0.4,0.3,0.5,-12.6,0.4,26.0,30.3,10.0,97.7,12.0,0.4,0.3,0.5,1.26,2.3,3.61,2.36,5.0,1.35,10.0,0.0,0.3,0.5,7.1,9.9,30.0,17.4,5.0,15.4,10.0,0.0,0.3,0.5,2.93,4.88,5.72,4.35,4.0,1.82,10.0,0.0,0.2,0.6,12.1,19.0,31.3,21.5,4.0,12.6,10.0,0.0,0.2,0.6,-78.7,-6.3,117.7,13.6,8.0,92.8,12.0,0.3,0.3,0.5,-20.9,3.2,62.9,30.5,8.0,99.8,12.0,0.3,0.3,0.5,-48.9,-17.3,71.0,3.2,7.0,52.5,14.0,0.3,0.3,0.6,-13.7,0.0,6.9,0.3,7.0,24.1,14.0,0.3,0.3,0.6,-27.1,-13.1,-10.6,-18.6,4.0,13.4,10.0,0.0,0.2,0.6,-10.6,0.0,1.3,-4.4,4.0,10.6,10.0,0.0,0.2,0.6,39.5,243.0,475.0,776.5,10.0,1784.5,12.0,0.4,0.3,0.5,40.0,245.0,475.0,775.0,10.0,1785.0,12.0,0.4,0.3,0.5
1974,2,224.0,32.0,15.77,16.45,17.49,16.44,10.0,1.02,18.0,0.6,0.5,0.4,14.21,15.6,17.11,15.44,10.0,1.59,18.0,0.6,0.5,0.4,6.82,8.06,9.0,7.94,10.0,1.14,18.0,0.6,0.5,0.4,65.8,74.7,81.3,73.8,10.0,7.4,18.0,0.6,0.4,2.53,5.1,7.7,4.85,11.0,2.41,18.0,0.5,0.6,0.3,-7.38,-3.66,2.76,-2.33,11.0,4.63,18.0,0.5,0.6,0.3,0.0,0.89,2.31,0.98,11.0,1.77,18.0,0.5,0.6,0.3,1024.58,1026.8,1028.85,1026.96,11.0,2.31,18.0,0.5,0.6,0.3,2.0,6.0,8.0,5.2,11.0,2.8,18.0,0.5,0.6,0.3,-56.8,-20.9,9.9,-18.1,11.0,29.9,18.0,0.5,0.6,0.3,0.0,4.5,10.3,4.6,11.0,10.9,18.0,0.5,0.6,0.3,-0.57,0.9,2.49,1.0,10.0,1.56,18.0,0.6,0.5,0.4,-2.1,1.7,15.6,4.5,10.0,9.6,18.0,0.6,0.5,0.4,2.51,3.68,4.42,3.52,10.0,1.01,18.0,0.6,0.5,0.4,5.0,18.5,29.7,18.2,10.0,11.9,18.0,0.6,0.5,0.4,-110.0,-67.6,33.8,-44.4,10.0,71.9,18.0,0.6,0.5,0.4,0.0,14.2,32.6,13.2,10.0,27.5,18.0,0.6,0.5,0.4,-51.0,-35.8,18.6,-20.6,10.0,36.2,18.0,0.6,0.5,0.4,0.0,7.6,17.0,7.3,10.0,13.8,18.0,0.6,0.5,0.4,-28.4,-13.4,4.2,-11.7,10.0,17.0,18.0,0.6,0.5,0.4,0.0,3.2,5.6,3.1,10.0,7.7,18.0,0.6,0.5,0.4,28.0,132.5,456.5,186.0,11.0,183.0,18.0,0.5,0.6,0.3,30.0,135.0,455.0,185.0,11.0,185.0,18.0,0.5,0.6,0.3
1974,2,224.0,33.0,15.25,16.3,17.8,16.5,21.0,1.38,16.0,0.6,0.5,0.5,13.3,14.25,15.24,14.54,18.0,1.64,16.0,0.7,0.5,0.5,6.57,7.35,8.83,7.58,17.0,1.26,16.0,0.7,0.5,0.5,64.8,75.5,82.6,74.5,17.0,9.2,16.0,0.7,0.5,2.1,5.1,7.03,4.99,21.0,2.98,16.0,0.6,0.5,0.5,-4.79,-0.5,4.34,-0.42,21.0,4.9,16.0,0.6,0.5,0.5,-1.91,0.0,3.21,0.39,21.0,3.27,16.0,0.6,0.5,0.5,1025.0,1027.0,1030.43,1026.14,21.0,5.87,16.0,0.6,0.5,0.5,3.0,5.0,8.0,5.1,21.0,2.5,16.0,0.6,0.5,0.5,-24.4,-0.2,24.1,-0.4,21.0,42.1,16.0,0.6,0.5,0.5,-10.7,0.0,21.7,4.3,21.0,24.2,16.0,0.6,0.5,0.5,0.0,1.85,3.31,1.97,18.0,2.28,16.0,0.7,0.5,0.5,0.0,8.7,14.2,7.8,18.0,11.3,16.0,0.7,0.5,0.5,2.32,3.92,5.92,3.95,17.0,1.75,16.0,0.7,0.5,0.5,10.8,15.4,31.2,18.8,17.0,11.4,16.0,0.7,0.5,0.5,-68.3,-8.2,55.7,-5.9,18.0,74.0,16.0,0.7,0.5,0.5,-27.5,0.0,41.4,1.2,18.0,47.9,16.0,0.7,0.5,0.5,-30.2,0.0,28.8,-2.5,17.0,37.0,16.0,0.7,0.5,0.5,-13.4,0.0,21.6,1.4,17.0,26.0,16.0,0.7,0.5,0.5,-20.8,0.0,10.9,-1.8,17.0,19.3,16.0,0.7,0.5,0.5,-11.8,0.0,11.8,-1.3,17.0,11.4,16.0,0.7,0.5,0.5,9.5,132.5,350.0,260.5,21.0,384.5,16.0,0.6,0.5,0.5,10.0,135.0,350.0,260.0,21.0,385.0,16.0,0.6,0.5,0.5
1974,2,224.0,34.0,13.38,14.6,16.57,14.71,8.0,1.71,14.0,0.6,0.4,0.4,14.11,15.55,16.27,15.74,8.0,1.97,14.0,0.6,0.4,0.4,7.4,8.08,9.8,8.52,7.0,1.42,14.0,0.7,0.4,0.5,71.2,74.3,81.8,76.8,7.0,7.3,14.0,0.7,0.5,4.6,4.85,7.53,5.9,8.0,2.56,14.0,0.6,0.4,0.4,0.0,1.55,3.87,1.52,8.0,3.59,14.0,0.6,0.4,0.4,-4.73,-3.31,2.34,-2.57,8.0,4.82,14.0,0.6,0.4,0.4,1022.82,1026.0,1031.69,1026.39,8.0,4.97,14.0,0.6,0.4,0.4,3.2,5.5,7.0,5.4,8.0,2.1,14.0,0.6,0.4,0.4,0.0,7.1,23.5,10.3,8.0,23.5,14.0,0.6,0.4,0.4,-28.5,-12.9,16.3,-20.6,8.0,46.7,14.0,0.6,0.4,0.4,-2.89,-0.75,0.41,-1.02,8.0,1.52,14.0,0.6,0.4,0.4,-13.1,-5.1,1.8,-5.7,8.0,7.8,14.0,0.6,0.4,0.4,1.21,1.87,3.26,2.03,7.0,1.04,14.0,0.7,0.4,0.5,5.8,7.9,17.0,11.2,7.0,6.4,14.0,0.7,0.4,0.5,0.0,23.3,59.7,24.3,8.0,57.6,14.0,0.6,0.4,0.4,-71.2,-55.4,36.3,-38.5,8.0,70.7,14.0,0.6,0.4,0.4,-2.2,5.2,33.4,11.3,7.0,35.7,14.0,0.7,0.4,0.5,-39.9,-24.6,26.0,-16.9,7.0,40.2,14.0,0.7,0.4,0.5,-0.4,2.6,5.9,1.8,7.0,5.2,14.0,0.7,0.4,0.5,-15.0,-4.3,2.7,-4.2,7.0,11.6,14.0,0.7,0.4,0.5,97.5,115.0,432.5,324.0,8.0,471.0,14.0,0.6,0.4,0.4,95.0,115.0,430.0,325.0,8.0,470.0,14.0,0.6,0.4,0.4
1974,2,224.0,35.0,15.0,15.8,16.29,15.59,10.0,1.25,16.0,0.6,0.6,0.5,12.26,14.4,17.33,14.67,11.0,2.7,16.0,0.5,0.6,0.5,6.66,8.17,9.64,8.16,9.0,1.67,16.0,0.7,0.6,0.5,66.8,80.1,88.6,78.0,9.0,11.8,16.0,0.7,0.5,4.85,5.95,9.55,7.0,12.0,3.19,16.0,0.5,0.6,0.4,-0.06,4.11,7.93,3.77,12.0,5.08,16.0,0.5,0.6,0.4,-4.4,0.32,4.98,0.26,12.0,4.71,16.0,0.5,0.6,0.4,1020.57,1025.75,1030.31,1025.16,12.0,4.72,16.0,0.5,0.6,0.4,6.0,7.5,8.0,7.0,12.0,1.1,16.0,0.5,0.6,0.4,-0.8,24.4,76.5,38.9,12.0,62.2,16.0,0.5,0.6,0.4,-26.6,3.8,36.6,5.9,12.0,39.7,16.0,0.5,0.6,0.4,-1.83,0.5,3.29,0.61,9.0,3.15,16.0,0.7,0.6,0.5,-11.3,2.1,25.4,2.1,9.0,24.2,16.0,0.7,0.6,0.5,1.49,2.68,4.51,2.7,9.0,1.78,16.0,0.7,0.6,0.5,8.4,14.0,26.8,18.7,9.0,16.7,16.0,0.7,0.6,0.5,-8.1,64.6,123.0,65.9,11.0,82.9,16.0,0.5,0.6,0.5,-52.7,39.3,79.9,15.8,11.0,67.9,16.0,0.5,0.6,0.5,-12.4,34.7,76.6,35.3,9.0,53.2,16.0,0.7,0.6,0.5,-27.7,-16.9,48.7,6.7,9.0,38.9,16.0,0.7,0.6,0.5,-7.2,4.0,22.6,7.1,9.0,19.1,16.0,0.7,0.6,0.5,-14.8,-7.1,8.3,-6.1,9.0,14.4,16.0,0.7,0.6,0.5,116.5,212.0,877.5,575.5,12.0,915.5,16.0,0.5,0.6,0.4,115.0,210.0,880.0,575.0,12.0,915.0,16.0,0.5,0.6,0.4
1974,2,224.0,36.0,12.2,13.0,15.63,13.67,7.0,1.65,12.0,0.7,0.5,0.5,11.14,14.0,16.03,13.69,7.0,2.4,12.0,0.7,0.5,0.5,6.45,8.0,8.77,7.72,7.0,1.21,12.0,0.7,0.5,0.5,72.3,79.3,87.8,80.2,7.0,7.5,12.0,0.7,0.5,4.96,6.2,11.85,7.87,7.0,4.1,12.0,0.7,0.5,0.5,-4.84,0.99,10.34,2.84,7.0,7.6,12.0,0.7,0.5,0.5,-2.48,1.74,5.63,0.84,7.0,4.6,12.0,0.7,0.5,0.5,1019.12,1029.5,1031.36,1027.31,7.0,6.42,12.0,0.7,0.5,0.5,4.8,7.5,8.0,6.7,6.0,1.8,12.0,0.7,0.5,0.5,-25.0,5.6,122.7,46.1,7.0,79.6,12.0,0.7,0.5,0.5,-31.4,8.9,33.8,1.8,7.0,47.7,12.0,0.7,0.5,0.5,-1.57,0.0,1.72,-0.01,7.0,1.84,12.0,0.7,0.5,0.5,-17.1,0.0,8.9,-1.7,7.0,12.0,12.0,0.7,0.5,0.5,1.13,2.05,2.34,1.89,7.0,0.64,12.0,0.7,0.5,0.5,6.4,12.4,19.8,14.8,7.0,10.7,12.0,0.7,0.5,0.5,-68.1,15.8,142.3,33.9,7.0,101.6,12.0,0.7,0.5,0.5,-28.8,24.2,82.9,15.0,7.0,66.0,12.0,0.7,0.5,0.5,-41.1,7.9,75.3,17.9,7.0,56.8,12.0,0.7,0.5,0.5,-15.7,14.7,42.8,6.4,7.0,37.3,12.0,0.7,0.5,0.5,-11.1,1.1,17.4,5.1,7.0,17.2,12.0,0.7,0.5,0.5,-6.4,4.0,6.5,1.4,7.0,6.5,12.0,0.7,0.5,0.5,127.0,238.5,1667.0,828.5,7.0,884.5,12.0,0.7,0.5,0.5,125.0,240.0,1665.0,830.0,7.0,885.0,12.0,0.7,0.5,0.5
1974,2,224.0,37.0,12.74,14.0,14.29,13.85,10.0,1.33,14.0,0.6,0.7,0.6,10.73,12.6,14.29,12.67,10.0,1.9,14.0,0.6,0.7,0.6,5.75,7.18,8.74,7.12,10.0,1.74,14.0,0.6,0.7,0.6,70.8,79.2,90.4,78.1,10.0,13.3,14.0,0.6,0.6,5.75,7.7,12.55,8.46,11.0,3.46,14.0,0.6,0.7,0.5,-4.75,0.0,7.34,1.31,11.0,7.33,14.0,0.6,0.7,0.5,-2.6,0.0,5.64,1.8,11.0,5.63,14.0,0.6,0.7,0.5,1021.18,1027.5,1031.41,1026.49,11.0,4.78,14.0,0.6,0.7,0.5,2.6,6.0,8.0,5.5,11.0,2.4,14.0,0.6,0.7,0.5,-48.9,0.0,57.1,9.4,11.0,81.9,14.0,0.6,0.7,0.5,-17.6,0.0,37.6,19.2,11.0,66.1,14.0,0.6,0.7,0.5,-0.63,1.45,2.61,1.18,10.0,1.61,14.0,0.6,0.7,0.6,-4.8,12.4,17.5,8.4,10.0,15.8,14.0,0.6,0.7,0.6,1.2,2.65,4.18,2.6,10.0,1.77,14.0,0.6,0.7,0.6,8.5,18.1,30.7,20.7,10.0,14.8,14.0,0.6,0.7,0.6,-55.9,36.5,105.7,21.8,10.0,94.0,14.0,0.6,0.7,0.6,-30.3,0.0,61.9,22.2,10.0,82.6,14.0,0.6,0.7,0.6,-31.3,19.6,62.5,11.2,10.0,56.3,14.0,0.6,0.7,0.6,-17.0,0.0,36.8,12.3,10.0,46.0,14.0,0.6,0.7,0.6,-8.4,-0.6,25.9,7.2,10.0,20.5,14.0,0.6,0.7,0.6,-7.9,-0.3,17.1,1.7,10.0,14.7,14.0,0.6,0.7,0.6,194.5,456.5,1979.0,896.0,11.0,978.5,14.0,0.6,0.7,0.5,195.0,455.0,1980.0,895.0,11.0,980.0,14.0,0.6,0.7,0.5
1974,2,224.0,38.0,11.5,13.3,14.73,13.04,5.0,2.59,18.0,0.6,0.5,0.5,10.32,11.7,12.69,11.62,5.0,1.52,18.0,0.6,0.5,0.5,5.98,6.32,6.64,6.31,4.0,0.43,16.0,0.5,0.5,0.4,67.7,70.9,80.6,74.0,4.0,9.7,16.0,0.5,0.4,3.23,11.3,15.4,9.88,5.0,6.64,18.0,0.6,0.5,0.5,-5.69,3.38,14.52,3.84,5.0,11.23,18.0,0.6,0.5,0.5,-0.16,1.23,4.53,2.35,5.0,3.84,18.0,0.6,0.5,0.5,1016.96,1030.0,1031.79,1025.4,5.0,8.51,18.0,0.6,0.5,0.5,5.0,7.0,7.4,6.4,5.0,1.3,18.0,0.6,0.5,0.5,-50.1,12.2,225.1,70.7,5.0,163.6,18.0,0.6,0.5,0.5,-0.4,4.4,73.2,37.5,5.0,70.2,18.0,0.6,0.5,0.5,-1.4,2.5,4.0,1.42,5.0,3.02,18.0,0.6,0.5,0.5,-9.0,6.5,55.0,21.1,5.0,36.1,18.0,0.6,0.5,0.5,1.7,2.64,3.97,2.83,4.0,1.57,16.0,0.5,0.5,0.4,5.0,23.5,48.5,26.6,4.0,25.6,16.0,0.5,0.5,0.4,-65.8,39.6,169.5,45.6,5.0,133.5,18.0,0.6,0.5,0.5,-1.7,14.4,47.8,24.6,5.0,38.2,18.0,0.6,0.5,0.5,-44.2,1.1,56.5,5.9,4.0,66.7,16.0,0.5,0.5,0.4,-1.6,3.6,9.7,4.0,4.0,6.9,16.0,0.5,0.5,0.4,-31.4,-1.1,23.3,-3.9,4.0,39.3,16.0,0.5,0.5,0.4,-0.6,0.7,5.7,2.5,4.0,4.9,16.0,0.5,0.5,0.4,36.0,1443.0,3834.5,2005.0,5.0,2409.0,18.0,0.6,0.5,0.5,35.0,1445.0,3835.0,2005.0,5.0,2410.0,18.0,0.6,0.5,0.5
1974,2,224.0,39.0,11.16,13.3,14.0,12.72,5.0,1.46,12.0,0.4,0.5,0.6,9.32,12.6,13.81,11.73,6.0,3.01,14.0,0.5,0.5,0.6,4.79,6.39,7.42,6.24,5.0,1.86,12.0,0.4,0.5,0.6,65.2,67.5,89.7,75.7,5.0,14.3,12.0,0.4,0.6,2.37,5.4,11.89,7.2,6.0,6.13,14.0,0.5,0.5,0.6,-2.0,1.53,11.67,4.13,6.0,7.92,14.0,0.5,0.5,0.6,-4.87,0.13,2.01,-0.73,6.0,3.99,14.0,0.5,0.5,0.6,1015.87,1024.2,1029.96,1023.22,5.0,7.75,12.0,0.4,0.5,0.6,2.8,6.5,8.0,5.7,6.0,2.6,14.0,0.5,0.5,0.6,-6.9,4.8,147.1,65.5,6.0,125.6,14.0,0.5,0.5,0.6,-39.4,0.2,8.8,-16.4,6.0,48.9,14.0,0.5,0.5,0.6,0.13,0.5,3.11,1.64,5.0,2.83,12.0,0.4,0.5,0.6,1.2,2.9,46.7,25.7,5.0,52.1,12.0,0.4,0.5,0.6,1.29,2.91,4.14,2.82,5.0,1.78,12.0,0.4,0.5,0.6,4.3,8.3,45.5,25.9,5.0,40.1,12.0,0.4,0.5,0.6,-26.1,16.7,118.6,34.8,6.0,76.7,14.0,0.5,0.5,0.6,-45.4,1.5,25.0,-2.5,6.0,46.2,14.0,0.5,0.5,0.6,0.4,14.6,77.7,34.8,5.0,43.8,12.0,0.4,0.5,0.6,-26.4,0.0,3.9,-8.8,5.0,16.9,12.0,0.4,0.5,0.6,0.2,3.5,38.6,20.3,5.0,40.0,12.0,0.4,0.5,0.6,-22.0,0.0,1.2,-9.2,5.0,15.2,12.0,0.4,0.5,0.6,14.5,168.0,2071.5,1213.5,6.0,2299.5,14.0,0.5,0.5,0.6,15.0,170.0,2070.0,1215.0,6.0,2300.0,14.0,0.5,0.5,0.6
1974,2,224.0,40.0,9.38,12.0,13.15,12.04,7.0,2.39,14.0,0.4,0.6,0.5,9.56,10.75,14.33,11.23,8.0,2.98,16.0,0.4,0.6,0.5,5.34,6.23,7.9,6.48,8.0,1.34,16.0,0.4,0.6,0.5,73.3,80.7,87.4,78.7,8.0,12.3,16.0,0.4,0.5,7.88,12.6,15.62,11.96,8.0,3.43,16.0,0.4,0.6,0.5,2.83,9.16,15.32,7.59,8.0,7.87,16.0,0.4,0.6,0.5,-4.13,0.0,8.34,1.87,8.0,6.6,16.0,0.4,0.6,0.5,1012.61,1015.65,1028.66,1018.51,8.0,9.73,16.0,0.4,0.6,0.5,5.1,7.0,8.0,6.5,8.0,1.9,16.0,0.4,0.6,0.5,24.3,103.0,240.0,110.8,8.0,112.6,16.0,0.4,0.6,0.5,-38.4,0.0,111.0,31.1,8.0,76.3,16.0,0.4,0.6,0.5,-3.69,2.0,3.62,1.39,7.0,5.06,14.0,0.4,0.6,0.5,-29.6,23.1,38.2,23.1,7.0,72.3,14.0,0.4,0.6,0.5,1.48,1.86,3.91,2.56,7.0,2.26,14.0,0.4,0.6,0.5,19.7,25.3,38.6,33.2,7.0,34.5,14.0,0.4,0.6,0.5,37.9,88.6,150.4,79.1,8.0,76.1,16.0,0.4,0.6,0.5,-39.3,0.0,98.0,29.3,8.0,89.2,16.0,0.4,0.6,0.5,22.9,50.2,80.6,47.6,8.0,46.7,16.0,0.4,0.6,0.5,-22.1,0.0,55.8,14.1,8.0,50.2,16.0,0.4,0.6,0.5,-3.3,19.1,34.1,24.3,7.0,40.8,14.0,0.4,0.6,0.5,-0.8,0.0,10.8,2.1,7.0,10.6,14.0,0.4,0.6,0.5,495.0,2004.0,3840.5,2080.5,8.0,1541.5,16.0,0.4,0.6,0.5,495.0,2005.0,3840.0,2080.0,8.0,1540.0,16.0,0.4,0.6,0.5
1974,2,224.0,41.0,11.63,13.0,13.0,12.33,3.0,1.15,10.0,0.3,0.3,0.4,10.48,11.25,12.29,11.38,4.0,1.25,10.0,0.5,0.5,0.5,6.35,6.45,6.85,6.6,3.0,0.39,10.0,0.3,0.3,0.4,71.0,76.9,84.5,77.8,3.0,9.9,10.0,0.3,0.4,6.2,10.05,14.95,10.55,4.0,5.09,10.0,0.5,0.5,0.5,5.44,9.63,14.42,9.92,4.0,5.27,10.0,0.5,0.5,0.5,-2.09,1.38,3.81,0.88,4.0,3.79,10.0,0.5,0.5,0.5,1014.48,1016.25,1024.05,1019.13,4.0,7.4,10.0,0.5,0.5,0.5,5.5,7.0,8.0,6.8,4.0,1.5,10.0,0.5,0.5,0.5,33.7,110.0,216.9,124.6,4.0,108.3,10.0,0.5,0.5,0.5,-12.9,22.0,55.5,21.3,4.0,41.2,10.0,0.5,0.5,0.5,0.0,0.0,1.02,0.5,3.0,0.87,10.0,0.3,0.3,0.4,0.0,0.0,14.2,7.0,3.0,12.0,10.0,0.3,0.3,0.4,1.55,2.82,2.9,2.24,3.0,1.11,10.0,0.3,0.3,0.4,9.8,18.2,32.5,21.1,3.0,16.8,10.0,0.3,0.3,0.4,65.7,115.4,153.5,109.9,4.0,51.6,10.0,0.5,0.5,0.5,-23.0,13.8,41.8,9.6,4.0,42.0,10.0,0.5,0.5,0.5,35.2,39.1,69.9,52.2,3.0,27.8,10.0,0.3,0.3,0.4,-19.1,0.0,20.9,0.9,3.0,29.4,10.0,0.3,0.3,0.4,8.9,18.2,30.9,19.9,3.0,16.2,10.0,0.3,0.3,0.4,-2.6,0.0,9.1,3.2,3.0,9.0,10.0,0.3,0.3,0.4,238.5,1462.0,3384.5,1795.5,4.0,1878.5,10.0,0.5,0.5,0.5,240.0,1460.0,3385.0,1795.0,4.0,1880.0,10.0,0.5,0.5,0.5
1974,2,224.0,42.0,9.4,10.0,11.65,10.47,6.0,1.46,16.0,0.7,0.7,0.7,8.17,8.9,9.04,8.57,6.0,0.85,16.0,0.7,0.7,0.7,5.17,5.74,6.07,5.68,6.0,0.48,16.0,0.7,0.7,0.7,79.8,83.3,88.2,83.7,6.0,6.8,16.0,0.7,0.7,4.1,7.7,11.89,8.65,6.0,5.2,16.0,0.7,0.7,0.7,0.38,5.96,10.74,6.07,6.0,7.38,16.0,0.7,0.7,0.7,0.78,3.49,5.28,2.9,6.0,2.86,16.0,0.7,0.7,0.7,1025.14,1034.75,1037.21,1030.58,6.0,10.69,16.0,0.7,0.7,0.7,6.6,8.0,8.0,7.3,6.0,1.2,16.0,0.7,0.7,0.7,1.6,48.5,138.8,83.2,6.0,122.5,16.0,0.7,0.7,0.7,8.7,27.3,53.7,28.1,6.0,25.5,16.0,0.7,0.7,0.7,0.9,1.75,2.85,1.9,6.0,1.27,16.0,0.7,0.7,0.7,3.7,13.5,35.9,18.8,6.0,17.7,16.0,0.7,0.7,0.7,1.25,2.04,2.66,2.06,6.0,1.11,16.0,0.7,0.7,0.7,5.1,16.9,35.8,19.7,6.0,15.6,16.0,0.7,0.7,0.7,3.8,54.2,89.0,48.9,6.0,55.2,16.0,0.7,0.7,0.7,7.4,28.1,47.3,25.0,6.0,25.2,16.0,0.7,0.7,0.7,2.1,32.0,58.7,31.7,6.0,38.7,16.0,0.7,0.7,0.7,3.6,19.5,30.2,16.1,6.0,17.0,16.0,0.7,0.7,0.7,1.1,11.8,35.3,16.4,6.0,17.6,16.0,0.7,0.7,0.7,4.0,6.6,10.0,6.6,6.0,4.8,16.0,0.7,0.7,0.7,69.0,479.5,2071.5,1337.0,6.0,2236.5,16.0,0.7,0.7,0.7,70.0,480.0,2070.0,1335.0,6.0,2235.0,16.0,0.7,0.7,0.7
1974,2,224.0,43.0,9.24,9.55,9.86,9.55,2.0,0.64,24.0,1.0,0.4,0.5,6.08,6.25,6.42,6.25,2.0,0.35,24.0,1.0,0.4,0.5,4.57,5.07,5.56,5.07,2.0,1.02,24.0,1.0,0.4,0.5,78.9,86.1,93.3,86.1,2.0,14.9,24.0,1.0,0.5,13.55,14.95,16.35,14.95,2.0,2.9,24.0,1.0,0.4,0.5,13.22,14.34,15.46,14.34,2.0,2.31,24.0,1.0,0.4,0.5,2.81,4.03,5.25,4.03,2.0,2.53,24.0,1.0,0.4,0.5,1012.95,1015.0,1017.05,1015.0,2.0,4.24,24.0,1.0,0.4,0.5,2.6,4.0,5.4,4.0,2.0,2.8,24.0,1.0,0.4,0.5,181.0,217.7,254.5,217.7,2.0,76.1,24.0,1.0,0.4,0.5,40.0,63.9,87.7,63.9,2.0,49.5,24.0,1.0,0.4,0.5,2.82,3.3,3.78,3.3,2.0,0.99,24.0,1.0,0.4,0.5,45.4,47.9,50.4,47.9,2.0,5.2,24.0,1.0,0.4,0.5,1.67,2.3,2.93,2.3,2.0,1.31,24.0,1.0,0.4,0.5,26.2,32.4,38.7,32.4,2.0,12.9,24.0,1.0,0.4,0.5,80.6,90.0,99.5,90.0,2.0,19.5,24.0,1.0,0.4,0.5,17.3,25.6,33.9,25.6,2.0,17.2,24.0,1.0,0.4,0.5,61.1,73.9,86.6,73.9,2.0,26.4,24.0,1.0,0.4,0.5,13.5,21.7,29.9,21.7,2.0,16.9,24.0,1.0,0.4,0.5,24.9,31.4,37.9,31.4,2.0,13.5,24.0,1.0,0.4,0.5,7.3,7.6,7.9,7.6,2.0,0.5,24.0,1.0,0.4,0.5,2585.5,3530.0,4474.0,3530.0,2.0,1956.0,24.0,1.0,0.4,0.5,2585.0,3530.0,4475.0,3530.0,2.0,1955.0,24.0,1.0,0.4,0.5
1974,2,224.0,44.0,9.0,9.5,11.57,10.25,4.0,1.89,20.0,0.5,0.4,0.6,7.24,8.0,8.76,8.0,4.0,0.91,20.0,0.5,0.4,0.6,5.64,6.14,6.29,5.97,4.0,0.53,20.0,0.5,0.4,0.6,83.3,90.4,97.2,90.2,4.0,8.7,20.0,0.5,0.6,7.94,10.8,15.02,11.45,4.0,4.24,20.0,0.5,0.4,0.6,3.33,5.96,10.44,6.85,4.0,4.45,20.0,0.5,0.4,0.6,1.44,5.63,11.69,6.52,4.0,7.34,20.0,0.5,0.4,0.6,1006.12,1017.4,1023.6,1014.98,4.0,11.44,20.0,0.5,0.4,0.6,2.9,7.0,8.0,5.5,4.0,3.8,20.0,0.5,0.4,0.6,38.0,56.7,119.9,78.0,4.0,62.3,20.0,0.5,0.4,0.6,18.3,56.4,169.7,92.3,4.0,121.6,20.0,0.5,0.4,0.6,0.24,1.75,4.31,2.25,4.0,2.53,20.0,0.5,0.4,0.6,3.9,16.4,50.3,26.6,4.0,33.0,20.0,0.5,0.4,0.6,0.79,1.17,2.86,1.79,4.0,1.63,20.0,0.5,0.4,0.6,8.9,11.0,34.9,21.4,4.0,23.3,20.0,0.5,0.4,0.6,29.3,45.6,76.4,52.5,4.0,31.0,20.0,0.5,0.4,0.6,11.1,47.2,100.9,55.6,4.0,62.1,20.0,0.5,0.4,0.6,20.9,36.6,57.9,39.3,4.0,22.2,20.0,0.5,0.4,0.6,6.8,32.5,74.1,40.1,4.0,47.4,20.0,0.5,0.4,0.6,2.7,7.4,33.0,17.4,4.0,24.0,20.0,0.5,0.4,0.6,2.0,8.4,15.0,8.5,4.0,8.8,20.0,0.5,0.4,0.6,501.5,1478.5,3499.0,1976.5,4.0,1902.0,20.0,0.5,0.4,0.6,500.0,1480.0,3500.0,1975.0,4.0,1900.0,20.0,0.5,0.4,0.6
1974,2,224.0,45.0,8.76,9.5,10.0,9.34,5.0,0.82,12.0,1.0,0.7,0.4,7.95,8.0,9.51,8.4,7.0,0.97,16.0,0.9,0.7,0.4,4.87,5.7,6.9,5.79,6.0,1.09,14.0,1.0,0.6,0.4,75.3,81.9,95.3,84.5,6.0,11.2,14.0,1.0,0.4,6.65,10.3,14.92,10.37,7.0,3.7,16.0,0.9,0.7,0.4,2.55,5.15,8.99,6.12,7.0,4.57,16.0,0.9,0.7,0.4,-5.17,3.66,9.22,2.79,7.0,8.1,16.0,0.9,0.7,0.4,1007.68,1020.2,1025.76,1017.3,7.0,10.55,16.0,0.9,0.7,0.4,4.9,8.0,8.0,6.4,7.0,2.3,16.0,0.9,0.7,0.4,23.7,53.0,87.4,70.0,7.0,67.7,16.0,0.9,0.7,0.4,-68.6,20.9,98.6,31.1,7.0,108.0,16.0,0.9,0.7,0.4,-0.66,1.2,2.05,0.78,5.0,1.79,12.0,1.0,0.7,0.4,-10.1,8.6,18.4,4.6,5.0,21.3,12.0,1.0,0.7,0.4,0.31,0.88,2.5,1.29,5.0,1.35,12.0,1.0,0.7,0.4,0.3,5.9,24.4,11.1,5.0,14.8,12.0,1.0,0.7,0.4,25.0,41.2,71.9,48.8,7.0,35.5,16.0,0.9,0.7,0.4,-41.0,31.1,75.1,28.9,7.0,71.7,16.0,0.9,0.7,0.4,14.9,27.8,37.2,25.6,6.0,15.2,14.0,1.0,0.6,0.4,-18.9,33.9,57.1,28.8,6.0,48.8,14.0,1.0,0.6,0.4,-0.4,3.2,20.9,9.0,5.0,11.7,12.0,1.0,0.7,0.4,-11.8,-6.3,3.9,-5.0,5.0,10.2,12.0,1.0,0.7,0.4,295.0,1092.5,3324.5,1491.0,7.0,1407.5,16.0,0.9,0.7,0.4,295.0,1095.0,3325.0,1490.0,7.0,1405.0,16.0,0.9,0.7,0.4
1974,2,224.0,46.0,7.63,8.2,9.37,8.44,5.0,1.13,10.0,0.8,0.4,0.6,7.3,8.0,9.0,7.82,6.0,1.47,8.0,0.8,0.4,0.6,4.78,5.21,5.66,5.21,5.0,0.45,10.0,0.8,0.4,0.6,77.7,80.9,87.0,81.7,5.0,5.7,10.0,0.8,0.6,4.1,6.4,10.66,7.7,6.0,4.53,8.0,0.8,0.4,0.6,2.78,5.83,10.35,6.72,6.0,4.9,8.0,0.8,0.4,0.6,-2.57,2.13,4.18,1.39,6.0,3.34,8.0,0.8,0.4,0.6,1012.83,1023.05,1032.91,1022.1,6.0,12.25,8.0,0.8,0.4,0.6,3.6,6.0,8.0,5.7,6.0,2.3,8.0,0.8,0.4,0.6,11.4,39.1,116.6,69.9,6.0,87.4,8.0,0.8,0.4,0.6,-14.5,12.9,30.4,15.8,6.0,37.8,8.0,0.8,0.4,0.6,0.19,1.0,1.37,0.86,5.0,0.77,10.0,0.8,0.4,0.6,1.8,4.1,8.2,5.3,5.0,5.9,10.0,0.8,0.4,0.6,1.29,1.53,1.85,1.57,5.0,0.29,10.0,0.8,0.4,0.6,6.1,7.5,13.9,9.8,5.0,5.1,10.0,0.8,0.4,0.6,24.7,35.8,85.2,53.0,6.0,44.6,8.0,0.8,0.4,0.6,-14.7,18.2,34.6,13.8,6.0,26.5,8.0,0.8,0.4,0.6,14.2,23.0,37.8,25.4,5.0,14.1,10.0,0.8,0.4,0.6,-12.8,7.8,17.4,3.8,5.0,16.0,10.0,0.8,0.4,0.6,4.3,5.7,13.4,8.3,5.0,6.1,10.0,0.8,0.4,0.6,-3.6,3.1,4.9,1.1,5.0,4.4,10.0,0.8,0.4,0.6,69.0,294.5,1468.5,925.0,6.0,1543.0,8.0,0.8,0.4,0.6,70.0,295.0,1470.0,925.0,6.0,1545.0,8.0,0.8,0.4,0.6
1974,2,224.0,47.0,6.35,7.0,8.41,7.45,11.0,1.22,10.0,0.5,0.6,0.4,5.22,8.0,9.0,7.35,15.0,2.29,10.0,0.4,0.6,0.3,3.92,4.92,6.4,5.18,9.0,1.19,12.0,0.3,0.6,0.3,71.9,84.2,87.2,82.4,9.0,9.4,12.0,0.3,0.3,4.79,7.7,9.69,7.24,16.0,3.38,10.0,0.4,0.6,0.3,0.0,4.35,7.81,4.04,16.0,3.69,10.0,0.4,0.6,0.3,-1.44,2.7,7.59,2.03,16.0,5.65,10.0,0.4,0.6,0.3,1003.78,1013.85,1024.17,1014.64,16.0,10.6,10.0,0.4,0.6,0.3,6.0,8.0,8.0,7.1,14.0,1.3,10.0,0.4,0.6,0.3,0.0,22.2,67.8,33.8,16.0,38.9,10.0,0.4,0.6,0.3,-9.8,14.9,63.8,9.8,16.0,70.4,10.0,0.4,0.6,0.3,-3.17,0.7,4.0,0.24,11.0,3.35,10.0,0.5,0.6,0.4,-21.5,1.1,42.8,7.1,11.0,30.3,10.0,0.5,0.6,0.4,0.41,1.28,2.83,1.39,8.0,1.42,12.0,0.4,0.6,0.3,2.0,4.3,22.7,12.4,8.0,18.4,12.0,0.4,0.6,0.3,2.4,35.5,55.9,31.4,15.0,22.3,10.0,0.4,0.6,0.3,-10.0,12.9,55.9,17.5,15.0,37.8,10.0,0.4,0.6,0.3,5.2,23.6,29.9,19.8,9.0,11.9,12.0,0.3,0.6,0.3,-8.2,7.2,22.0,1.7,9.0,24.0,12.0,0.3,0.6,0.3,0.0,3.7,22.6,8.5,8.0,11.4,12.0,0.4,0.6,0.3,-2.9,0.7,2.3,-5.0,8.0,16.5,12.0,0.4,0.6,0.3,111.0,456.5,927.5,637.5,16.0,963.5,10.0,0.4,0.6,0.3,110.0,455.0,930.0,635.0,16.0,965.0,10.0,0.4,0.6,0.3
1974,2,224.0,48.0,5.19,6.05,8.62,6.65,16.0,1.8,14.0,0.5,0.6,0.4,4.35,6.0,8.01,6.18,17.0,1.71,14.0,0.5,0.5,0.4,3.74,4.76,5.39,4.72,15.0,0.94,14.0,0.5,0.5,0.4,68.4,85.7,87.7,79.4,15.0,11.3,14.0,0.5,0.4,5.1,7.7,14.59,10.14,17.0,6.47,14.0,0.5,0.5,0.4,0.94,5.98,7.43,4.56,17.0,8.14,14.0,0.5,0.5,0.4,-0.8,2.46,7.3,3.08,17.0,7.25,14.0,0.5,0.5,0.4,995.84,1007.5,1016.94,1008.08,17.0,13.49,14.0,0.5,0.5,0.4,2.8,8.0,8.0,6.0,16.0,2.8,14.0,0.5,0.5,0.4,3.3,48.7,70.7,50.6,17.0,187.5,14.0,0.5,0.5,0.4,-4.1,17.7,78.0,49.3,17.0,144.2,14.0,0.5,0.5,0.4,-1.86,-0.25,2.73,0.33,16.0,2.63,14.0,0.5,0.6,0.4,-19.3,-1.1,22.9,0.7,16.0,20.4,14.0,0.5,0.6,0.4,0.19,1.5,2.73,1.41,15.0,1.13,14.0,0.5,0.5,0.4,1.6,10.8,30.7,15.4,15.0,15.4,14.0,0.5,0.5,0.4,3.2,36.4,47.0,33.5,17.0,51.6,14.0,0.5,0.5,0.4,-6.1,14.8,44.3,22.9,17.0,49.2,14.0,0.5,0.5,0.4,8.9,29.1,37.2,28.6,15.0,24.9,14.0,0.5,0.5,0.4,0.0,19.6,35.3,17.0,15.0,32.6,14.0,0.5,0.5,0.4,0.0,6.3,14.4,9.7,15.0,12.0,14.0,0.5,0.5,0.4,0.0,4.1,17.4,3.8,15.0,15.3,14.0,0.5,0.5,0.4,132.5,456.5,3131.0,2618.0,17.0,5598.5,14.0,0.5,0.5,0.4,135.0,455.0,3130.0,2620.0,17.0,5600.0,14.0,0.5,0.5,0.4
1974,2,224.0,49.0,5.32,6.4,7.34,6.48,17.0,1.38,12.0,0.4,0.6,0.5,4.44,6.15,7.42,6.11,16.0,1.42,12.0,0.4,0.6,0.5,4.5,5.22,6.14,5.18,15.0,0.9,12.0,0.4,0.7,0.5,77.9,92.6,95.4,87.3,15.0,10.4,12.0,0.4,0.5,7.97,10.0,16.6,11.35,17.0,4.97,12.0,0.4,0.6,0.5,1.51,6.66,10.14,5.87,17.0,4.89,12.0,0.4,0.6,0.5,-3.85,5.15,10.74,4.66,17.0,8.83,12.0,0.4,0.6,0.5,1000.77,1012.9,1027.98,1013.58,17.0,12.74,12.0,0.4,0.6,0.5,5.5,8.0,8.0,6.9,17.0,1.7,12.0,0.4,0.6,0.5,12.4,58.4,145.9,68.9,17.0,76.3,12.0,0.4,0.6,0.5,-25.7,53.0,144.4,71.2,17.0,163.4,12.0,0.4,0.6,0.5,-1.56,-0.2,1.7,0.3,16.0,2.36,12.0,0.4,0.6,0.5,-16.1,-2.0,17.7,0.7,16.0,25.9,12.0,0.4,0.6,0.5,-0.17,0.66,1.26,0.69,15.0,1.04,12.0,0.4,0.7,0.5,-1.7,4.8,16.5,7.5,15.0,13.7,12.0,0.4,0.7,0.5,4.3,39.7,59.5,35.6,16.0,31.9,12.0,0.4,0.6,0.5,-20.4,31.9,82.6,36.3,16.0,52.8,12.0,0.4,0.6,0.5,2.5,29.9,53.1,28.9,15.0,27.2,12.0,0.4,0.7,0.5,-8.2,29.3,65.5,33.6,15.0,43.4,12.0,0.4,0.7,0.5,-1.5,2.2,8.2,4.0,15.0,9.1,12.0,0.4,0.7,0.5,-5.5,-0.3,6.1,-0.2,15.0,12.1,12.0,0.4,0.7,0.5,507.5,1000.0,4656.5,2347.0,17.0,3151.0,12.0,0.4,0.6,0.5,510.0,1000.0,4655.0,2345.0,17.0,3150.0,12.0,0.4,0.6,0.5
1974,2,224.0,50.0,6.16,7.05,7.94,7.1,6.0,1.06,12.0,0.8,0.4,0.3,3.09,5.25,7.0,5.54,8.0,2.4,12.0,0.9,0.4,0.4,3.09,4.36,4.71,4.04,6.0,0.85,14.0,0.8,0.4,0.3,60.1,71.2,92.4,74.8,6.0,15.5,14.0,0.8,0.3,5.87,9.8,15.12,10.24,8.0,5.01,12.0,0.9,0.4,0.4,-3.08,4.57,9.4,3.42,8.0,6.44,12.0,0.9,0.4,0.4,-1.97,3.19,13.97,4.65,8.0,8.08,12.0,0.9,0.4,0.4,995.31,1015.75,1031.25,1013.39,8.0,16.41,12.0,0.9,0.4,0.4,6.9,8.0,8.0,7.4,7.0,1.1,14.0,0.9,0.4,0.4,-39.7,28.0,96.0,31.6,8.0,74.5,12.0,0.9,0.4,0.4,-15.1,26.3,214.0,74.4,8.0,131.1,12.0,0.9,0.4,0.4,1.62,2.6,3.75,2.55,6.0,2.1,12.0,0.8,0.4,0.3,12.0,24.2,41.0,29.3,6.0,29.5,12.0,0.8,0.4,0.3,1.87,2.62,3.14,2.48,5.0,0.82,16.0,0.8,0.4,0.3,16.1,22.2,33.2,24.5,5.0,10.8,16.0,0.8,0.4,0.3,-20.3,18.5,63.4,19.6,8.0,37.1,12.0,0.9,0.4,0.4,-5.1,14.1,43.1,21.0,8.0,51.7,12.0,0.9,0.4,0.4,-12.5,26.8,46.7,20.7,6.0,28.9,14.0,0.8,0.4,0.3,-11.5,12.7,28.9,12.5,6.0,31.9,14.0,0.8,0.4,0.3,-10.3,11.4,23.3,7.3,5.0,18.4,16.0,0.8,0.4,0.3,-0.1,9.2,20.8,11.1,5.0,17.5,16.0,0.8,0.4,0.3,206.0,948.5,3485.5,1764.5,8.0,2037.5,12.0,0.9,0.4,0.4,205.0,950.0,3485.0,1765.0,8.0,2040.0,12.0,0.9,0.4,0.4
1974,2,224.0,51.0,5.6,6.5,7.46,6.58,10.0,1.07,12.0,0.6,0.4,0.6,4.06,5.4,6.0,5.15,10.0,1.0,12.0,0.6,0.4,0.6,4.34,5.04,5.48,4.95,9.0,0.65,12.0,0.6,0.4,0.5,85.1,91.3,98.2,89.7,9.0,9.0,12.0,0.6,0.5,5.83,10.05,16.81,11.12,10.0,5.27,12.0,0.6,0.4,0.6,4.94,6.77,13.73,7.6,10.0,6.64,12.0,0.6,0.4,0.6,-1.74,2.95,5.0,2.97,10.0,6.86,12.0,0.6,0.4,0.6,988.73,1001.75,1016.13,1001.33,10.0,18.89,12.0,0.6,0.4,0.6,5.3,8.0,8.0,6.7,9.0,2.1,10.0,0.6,0.4,0.5,26.8,61.8,202.8,86.1,10.0,122.4,12.0,0.6,0.4,0.6,-30.4,22.5,73.8,47.5,10.0,125.3,12.0,0.6,0.4,0.6,-0.06,1.0,3.46,1.43,10.0,1.88,12.0,0.6,0.4,0.6,-0.5,5.4,44.5,19.5,10.0,29.8,12.0,0.6,0.4,0.6,0.55,1.0,1.91,1.22,9.0,0.85,12.0,0.6,0.4,0.5,4.5,9.7,24.6,13.7,9.0,12.2,12.0,0.6,0.4,0.5,25.9,35.5,78.4,41.8,10.0,33.1,12.0,0.6,0.4,0.6,-8.3,12.2,30.0,11.8,10.0,29.4,12.0,0.6,0.4,0.6,19.9,35.9,80.3,40.5,9.0,38.3,12.0,0.6,0.4,0.5,-12.2,14.0,29.2,14.3,9.0,36.5,12.0,0.6,0.4,0.5,0.8,7.2,15.3,7.1,9.0,10.8,12.0,0.6,0.4,0.5,-2.2,1.7,8.1,5.1,9.0,12.4,12.0,0.6,0.4,0.5,198.5,1017.0,4785.5,2260.5,10.0,2684.0,12.0,0.6,0.4,0.6,200.0,1015.0,4785.0,2260.0,10.0,2685.0,12.0,0.6,0.4,0.6
1974,2,224.0,52.0,2.99,6.5,7.1,5.86,7.0,2.26,14.0,0.7,0.6,0.4,3.76,6.0,6.36,5.54,7.0,2.14,14.0,0.7,0.6,0.4,4.57,4.87,6.03,5.18,6.0,0.88,14.0,0.7,0.6,0.3,81.9,88.1,93.6,88.1,6.0,7.9,14.0,0.7,0.3,10.22,12.3,15.52,12.56,7.0,3.24,14.0,0.7,0.6,0.4,0.0,9.68,13.82,8.02,7.0,6.06,14.0,0.7,0.6,0.4,-3.61,5.59,11.63,5.11,7.0,7.22,14.0,0.7,0.6,0.4,993.62,995.0,1010.17,1000.7,7.0,13.45,14.0,0.7,0.6,0.4,6.5,7.0,7.5,7.0,4.0,0.8,14.0,1.0,0.6,0.4,0.0,99.7,224.1,110.1,7.0,99.9,14.0,0.7,0.6,0.4,-38.4,51.7,168.4,66.3,7.0,103.7,14.0,0.7,0.6,0.4,-3.02,2.7,3.0,0.31,7.0,3.26,14.0,0.7,0.6,0.4,-31.1,34.8,46.6,11.3,7.0,40.1,14.0,0.7,0.6,0.4,-0.35,0.71,1.6,0.67,6.0,1.09,14.0,0.7,0.6,0.3,-3.4,8.6,22.7,10.8,6.0,16.3,14.0,0.7,0.6,0.3,0.0,52.4,63.6,40.9,7.0,29.1,14.0,0.7,0.6,0.4,-16.1,44.0,55.9,29.2,7.0,34.8,14.0,0.7,0.6,0.4,0.0,46.1,60.0,36.4,6.0,29.4,14.0,0.7,0.6,0.3,16.0,42.4,51.2,33.6,6.0,27.9,14.0,0.7,0.6,0.3,-3.0,0.0,18.1,6.1,6.0,12.9,14.0,0.7,0.6,0.3,-0.2,3.3,20.0,7.7,6.0,11.0,14.0,0.7,0.6,0.3,1072.0,1861.0,3756.5,2333.5,7.0,1831.5,14.0,0.7,0.6,0.4,1070.0,1860.0,3755.0,2335.0,7.0,1830.0,14.0,0.7,0.6,0.4
1974,2,224.0,53.0,4.9,6.4,6.85,5.97,7.0,1.56,16.0,0.6,0.7,0.3,3.82,5.0,5.54,4.56,7.0,1.36,16.0,0.6,0.7,0.3,4.13,4.94,5.13,4.77,7.0,0.61,16.0,0.6,0.7,0.3,83.2,91.8,100.0,89.3,7.0,10.6,16.0,0.6,0.3,12.23,16.5,17.89,16.24,7.0,4.87,16.0,0.6,0.7,0.3,-3.12,4.21,10.9,4.49,7.0,6.72,16.0,0.6,0.7,0.3,11.01,14.72,17.47,13.58,7.0,6.9,16.0,0.6,0.7,0.3,989.15,992.2,1002.07,993.3,7.0,7.35,16.0,0.6,0.7,0.3,6.5,8.0,8.0,7.2,5.0,1.8,18.0,0.8,0.6,0.3,-53.8,51.7,153.4,81.6,7.0,134.8,16.0,0.6,0.7,0.3,135.4,250.3,314.5,245.1,7.0,175.7,16.0,0.6,0.7,0.3,-0.1,1.3,2.85,1.41,7.0,1.99,16.0,0.6,0.7,0.3,-1.7,33.4,42.3,20.6,7.0,29.3,16.0,0.6,0.7,0.3,0.9,1.33,1.38,1.15,7.0,0.4,16.0,0.6,0.7,0.3,14.8,16.9,23.3,19.0,7.0,9.3,16.0,0.6,0.7,0.3,-15.4,26.9,43.8,22.1,7.0,32.9,16.0,0.6,0.7,0.3,34.0,73.6,87.9,63.3,7.0,39.1,16.0,0.6,0.7,0.3,-12.3,23.8,54.9,22.4,7.0,32.8,16.0,0.6,0.7,0.3,62.2,66.6,70.2,63.4,7.0,32.3,16.0,0.6,0.7,0.3,-2.9,3.9,17.0,6.2,7.0,9.2,16.0,0.6,0.7,0.3,4.0,16.0,22.5,15.3,7.0,10.4,16.0,0.6,0.7,0.3,1832.0,4492.0,5914.5,5363.5,7.0,5355.0,16.0,0.6,0.7,0.3,1830.0,4490.0,5915.0,5365.0,7.0,5355.0,16.0,0.6,0.7,0.3
1974,2,224.0,54.0,5.54,6.2,6.74,6.17,7.0,0.98,14.0,0.4,0.3,0.2,3.44,3.9,3.95,3.77,7.0,0.8,14.0,0.4,0.3,0.2,4.17,4.25,4.48,4.32,4.0,0.22,8.0,0.5,0.2,0.3,84.4,84.9,86.2,85.3,4.0,1.5,8.0,0.5,0.3,8.48,11.3,14.1,11.23,7.0,4.32,14.0,0.4,0.3,0.2,-4.79,0.0,9.83,2.22,7.0,7.33,14.0,0.4,0.3,0.2,-6.35,2.05,13.18,2.18,7.0,10.04,14.0,0.4,0.3,0.2,991.15,1006.0,1026.1,1005.57,7.0,15.64,14.0,0.4,0.3,0.2,3.0,8.0,8.0,6.0,5.0,2.7,16.0,0.4,0.3,0.1,-49.5,0.0,132.5,39.2,7.0,92.9,14.0,0.4,0.3,0.2,-77.1,8.4,186.3,40.4,7.0,144.2,14.0,0.4,0.3,0.2,1.64,2.3,3.33,2.4,7.0,1.13,14.0,0.4,0.3,0.2,13.1,27.1,35.0,25.2,7.0,11.9,14.0,0.4,0.3,0.2,1.52,1.57,1.97,1.74,4.0,0.39,8.0,0.5,0.2,0.3,17.9,19.7,24.5,21.2,4.0,5.1,8.0,0.5,0.2,0.3,-18.6,0.0,41.7,11.2,7.0,29.2,14.0,0.4,0.3,0.2,-24.8,4.7,52.2,10.1,7.0,43.2,14.0,0.4,0.3,0.2,7.7,41.9,43.4,26.3,4.0,33.0,8.0,0.5,0.2,0.3,-25.1,1.7,51.0,12.4,4.0,46.9,8.0,0.5,0.2,0.3,0.0,14.4,15.6,8.1,4.0,14.1,8.0,0.5,0.2,0.3,-9.0,3.5,20.3,5.5,4.0,17.2,8.0,0.5,0.2,0.3,630.5,1443.0,2836.0,1949.0,7.0,1907.0,14.0,0.4,0.3,0.2,630.0,1445.0,2835.0,1950.0,7.0,1905.0,14.0,0.4,0.3,0.2
1974,2,224.0,56.0,6.1,6.1,6.1,6.1,1.0,0.0,20.0,1.0,0.4,0.7,5.0,5.0,5.0,5.0,1.0,0.0,20.0,1.0,0.4,0.7,3.78,3.78,3.78,3.78,1.0,0.0,20.0,1.0,0.4,0.7,69.1,69.1,69.1,69.1,1.0,0.0,20.0,1.0,0.7,3.1,3.1,3.1,3.1,1.0,0.0,20.0,1.0,0.4,0.7,-1.99,-1.99,-1.99,-1.99,1.0,0.0,20.0,1.0,0.4,0.7,2.37,2.37,2.37,2.37,1.0,0.0,20.0,1.0,0.4,0.7,999.2,999.2,999.2,999.2,1.0,0.0,20.0,1.0,0.4,0.7,7.0,7.0,7.0,7.0,1.0,0.0,20.0,1.0,0.4,0.7,-6.2,-6.2,-6.2,-6.2,1.0,0.0,20.0,1.0,0.4,0.7,7.4,7.4,7.4,7.4,1.0,0.0,20.0,1.0,0.4,0.7,1.1,1.1,1.1,1.1,1.0,0.0,20.0,1.0,0.4,0.7,3.4,3.4,3.4,3.4,1.0,0.0,20.0,1.0,0.4,0.7,2.13,2.13,2.13,2.13,1.0,0.0,20.0,1.0,0.4,0.7,6.6,6.6,6.6,6.6,1.0,0.0,20.0,1.0,0.4,0.7,-10.0,-10.0,-10.0,-10.0,1.0,0.0,20.0,1.0,0.4,0.7,11.9,11.9,11.9,11.9,1.0,0.0,20.0,1.0,0.4,0.7,-7.5,-7.5,-7.5,-7.5,1.0,0.0,20.0,1.0,0.4,0.7,9.0,9.0,9.0,9.0,1.0,0.0,20.0,1.0,0.4,0.7,-4.2,-4.2,-4.2,-4.2,1.0,0.0,20.0,1.0,0.4,0.7,5.1,5.1,5.1,5.1,1.0,0.0,20.0,1.0,0.4,0.7,30.0,30.0,30.0,30.0,1.0,0.0,20.0,1.0,0.4,0.7,30.0,30.0,30.0,30.0,1.0,0.0,20.0,1.0,0.4,0.7
1974,2,225.0,-63.0,0.6,0.6,0.6,0.6,1.0,0.0,22.0,0.0,0.8,0.3,0.6,0.6,0.6,0.6,1.0,0.0,22.0,0.0,0.8,0.3,3.65,3.65,3.65,3.65,1.0,0.0,22.0,0.0,0.8,0.3,89.7,89.7,89.7,89.7,1.0,0.0,22.0,0.0,0.3,9.3,9.3,9.3,9.3,1.0,0.0,22.0,0.0,0.8,0.3,7.12,7.12,7.12,7.12,1.0,0.0,22.0,0.0,0.8,0.3,5.98,5.98,5.98,5.98,1.0,0.0,22.0,0.0,0.8,0.3,982.4,982.4,982.4,982.4,1.0,0.0,22.0,0.0,0.8,0.3,5.0,5.0,5.0,5.0,1.0,0.0,22.0,0.0,0.8,0.3,66.3,66.3,66.3,66.3,1.0,0.0,22.0,0.0,0.8,0.3,55.6,55.6,55.6,55.6,1.0,0.0,22.0,0.0,0.8,0.3,0.0,0.0,0.0,0.0,1.0,0.0,22.0,0.0,0.8,0.3,0.0,0.0,0.0,0.0,1.0,0.0,22.0,0.0,0.8,0.3,0.42,0.42,0.42,0.42,1.0,0.0,22.0,0.0,0.8,0.3,3.9,3.9,3.9,3.9,1.0,0.0,22.0,0.0,0.8,0.3,4.3,4.3,4.3,4.3,1.0,0.0,22.0,0.0,0.8,0.3,3.6,3.6,3.6,3.6,1.0,0.0,22.0,0.0,0.8,0.3,26.0,26.0,26.0,26.0,1.0,0.0,22.0,0.0,0.8,0.3,21.8,21.8,21.8,21.8,1.0,0.0,22.0,0.0,0.8,0.3,3.0,3.0,3.0,3.0,1.0,0.0,22.0,0.0,0.8,0.3,2.5,2.5,2.5,2.5,1.0,0.0,22.0,0.0,0.8,0.3,804.5,804.5,804.5,804.5,1.0,0.0,22.0,0.0,0.8,0.3,805.0,805.0,805.0,805.0,1.0,0.0,22.0,0.0,0.8,0.3
1974,2,225.0,-58.0,,,,,,,,,,,,,,,,,,,,,,,,,,,,,,,,,,,,,,,,17.0,17.0,17.0,17.0,1.0,0.0,24.0,0.0,1.0,0.9,17.0,17.0,17.0,17.0,1.0,0.0,24.0,0.0,1.0,0.9,0.0,0.0,0.0,0.0,1.0,0.0,24.0,0.0,1.0,0.9,988.3,988.3,988.3,988.3,1.0,0.0,24.0,0.0,1.0,0.9,,,,,,,,,,,,,,,,,,,,,,,,,,,,,,,,,,,,,,,,,,,,,,,,,,,,,,,,,,,,,,,,,,,,,,,,,,,,,,,,,,,,,,,,,,,,,,,,,,,,,,,,,,,,,,,,,,,,,,,,,,,,,,,,,,,,,,,,,,,,,,,,,,,,,,
1974,2,225.0,-39.0,,,,,,,,,,,,,,,,,,,,,,,,,,,,,,,,,,,,,,,,4.0,4.0,4.0,4.0,1.0,0.0,8.0,1.0,1.0,0.2,3.46,3.46,3.46,3.46,1.0,0.0,8.0,1.0,1.0,0.2,2.0,2.0,2.0,2.0,1.0,0.0,8.0,1.0,1.0,0.2,1025.4,1025.4,1025.4,1025.4,1.0,0.0,8.0,1.0,1.0,0.2,,,,,,,,,,,,,,,,,,,,,,,,,,,,,,,,,,,,,,,,,,,,,,,,,,,,,,,,,,,,,,,,,,,,,,,,,,,,,,,,,,,,,,,,,,,,,,,,,,,,,,,,,,,,,,,,,,,,,,,,,,,,,,,,,,,,,,,,,,,,,,,,,,,,,,
1974,2,225.0,-37.0,20.3,20.3,20.3,20.3,1.0,0.0,4.0,1.0,0.5,0.2,22.2,22.2,22.2,22.2,1.0,0.0,4.0,1.0,0.5,0.2,13.8,13.8,13.8,13.8,1.0,0.0,4.0,1.0,0.5,0.2,83.1,83.1,83.1,83.1,1.0,0.0,4.0,1.0,0.2,10.8,10.8,10.8,10.8,1.0,0.0,4.0,1.0,0.5,0.2,-5.4,-5.4,-5.4,-5.4,1.0,0.0,4.0,1.0,0.5,0.2,-9.35,-9.35,-9.35,-9.35,1.0,0.0,4.0,1.0,0.5,0.2,1015.5,1015.5,1015.5,1015.5,1.0,0.0,4.0,1.0,0.5,0.2,6.0,6.0,6.0,6.0,1.0,0.0,4.0,1.0,0.5,0.2,-58.3,-58.3,-58.3,-58.3,1.0,0.0,4.0,1.0,0.5,0.2,-101.0,-101.0,-101.0,-101.0,1.0,0.0,4.0,1.0,0.5,0.2,-1.9,-1.9,-1.9,-1.9,1.0,0.0,4.0,1.0,0.5,0.2,-20.5,-20.5,-20.5,-20.5,1.0,0.0,4.0,1.0,0.5,0.2,0.98,0.98,0.98,0.98,1.0,0.0,4.0,1.0,0.5,0.2,10.6,10.6,10.6,10.6,1.0,0.0,4.0,1.0,0.5,0.2,-119.9,-119.9,-119.9,-119.9,1.0,0.0,4.0,1.0,0.5,0.2,-207.6,-207.6,-207.6,-207.6,1.0,0.0,4.0,1.0,0.5,0.2,-74.5,-74.5,-74.5,-74.5,1.0,0.0,4.0,1.0,0.5,0.2,-129.1,-129.1,-129.1,-129.1,1.0,0.0,4.0,1.0,0.5,0.2,-5.3,-5.3,-5.3,-5.3,1.0,0.0,4.0,1.0,0.5,0.2,-9.2,-9.2,-9.2,-9.2,1.0,0.0,4.0,1.0,0.5,0.2,1259.5,1259.5,1259.5,1259.5,1.0,0.0,4.0,1.0,0.5,0.2,1260.0,1260.0,1260.0,1260.0,1.0,0.0,4.0,1.0,0.5,0.2
1974,2,225.0,-35.0,23.8,23.8,23.8,23.8,1.0,0.0,12.0,1.0,0.5,0.4,23.2,23.2,23.2,23.2,1.0,0.0,12.0,1.0,0.5,0.4,15.45,15.45,15.45,15.45,1.0,0.0,12.0,1.0,0.5,0.4,88.0,88.0,88.0,88.0,1.0,0.0,12.0,1.0,0.4,2.6,2.6,2.6,2.6,1.0,0.0,12.0,1.0,0.5,0.4,1.67,1.67,1.67,1.67,1.0,0.0,12.0,1.0,0.5,0.4,-1.99,-1.99,-1.99,-1.99,1.0,0.0,12.0,1.0,0.5,0.4,1021.0,1021.0,1021.0,1021.0,1.0,0.0,12.0,1.0,0.5,0.4,6.0,6.0,6.0,6.0,1.0,0.0,12.0,1.0,0.5,0.4,4.3,4.3,4.3,4.3,1.0,0.0,12.0,1.0,0.5,0.4,-5.2,-5.2,-5.2,-5.2,1.0,0.0,12.0,1.0,0.5,0.4,0.6,0.6,0.6,0.6,1.0,0.0,12.0,1.0,0.5,0.4,1.6,1.6,1.6,1.6,1.0,0.0,12.0,1.0,0.5,0.4,2.79,2.79,2.79,2.79,1.0,0.0,12.0,1.0,0.5,0.4,7.3,7.3,7.3,7.3,1.0,0.0,12.0,1.0,0.5,0.4,38.8,38.8,38.8,38.8,1.0,0.0,12.0,1.0,0.5,0.4,-46.2,-46.2,-46.2,-46.2,1.0,0.0,12.0,1.0,0.5,0.4,25.8,25.8,25.8,25.8,1.0,0.0,12.0,1.0,0.5,0.4,-30.8,-30.8,-30.8,-30.8,1.0,0.0,12.0,1.0,0.5,0.4,4.7,4.7,4.7,4.7,1.0,0.0,12.0,1.0,0.5,0.4,-5.6,-5.6,-5.6,-5.6,1.0,0.0,12.0,1.0,0.5,0.4,17.5,17.5,17.5,17.5,1.0,0.0,12.0,1.0,0.5,0.4,20.0,20.0,20.0,20.0,1.0,0.0,12.0,1.0,0.5,0.4
1974,2,225.0,-32.0,25.7,25.7,25.7,25.7,1.0,0.0,20.0,0.0,0.7,0.6,25.0,25.0,25.0,25.0,1.0,0.0,20.0,0.0,0.7,0.6,16.23,16.23,16.23,16.23,1.0,0.0,20.0,0.0,0.7,0.6,82.9,82.9,82.9,82.9,1.0,0.0,20.0,0.0,0.6,2.1,2.1,2.1,2.1,1.0,0.0,20.0,0.0,0.7,0.6,0.36,0.36,0.36,0.36,1.0,0.0,20.0,0.0,0.7,0.6,-2.07,-2.07,-2.07,-2.07,1.0,0.0,20.0,0.0,0.7,0.6,1021.7,1021.7,1021.7,1021.7,1.0,0.0,20.0,0.0,0.7,0.6,3.0,3.0,3.0,3.0,1.0,0.0,20.0,0.0,0.7,0.6,0.8,0.8,0.8,0.8,1.0,0.0,20.0,0.0,0.7,0.6,-4.3,-4.3,-4.3,-4.3,1.0,0.0,20.0,0.0,0.7,0.6,0.7,0.7,0.7,0.7,1.0,0.0,20.0,0.0,0.7,0.6,1.5,1.5,1.5,1.5,1.0,0.0,20.0,0.0,0.7,0.6,4.23,4.23,4.23,4.23,1.0,0.0,20.0,0.0,0.7,0.6,8.9,8.9,8.9,8.9,1.0,0.0,20.0,0.0,0.7,0.6,9.1,9.1,9.1,9.1,1.0,0.0,20.0,0.0,0.7,0.6,-51.7,-51.7,-51.7,-51.7,1.0,0.0,20.0,0.0,0.7,0.6,5.9,5.9,5.9,5.9,1.0,0.0,20.0,0.0,0.7,0.6,-33.6,-33.6,-33.6,-33.6,1.0,0.0,20.0,0.0,0.7,0.6,1.5,1.5,1.5,1.5,1.0,0.0,20.0,0.0,0.7,0.6,-8.7,-8.7,-8.7,-8.7,1.0,0.0,20.0,0.0,0.7,0.6,9.5,9.5,9.5,9.5,1.0,0.0,20.0,0.0,0.7,0.6,10.0,10.0,10.0,10.0,1.0,0.0,20.0,0.0,0.7,0.6
1974,2,225.0,-29.0,,,,,,,,,,,,,,,,,,,,,,,,,,,,,,,,,,,,,,,,3.0,3.0,3.0,3.0,1.0,0.0,14.0,1.0,0.8,1.0,2.3,2.3,2.3,2.3,1.0,0.0,14.0,1.0,0.8,1.0,-1.93,-1.93,-1.93,-1.93,1.0,0.0,14.0,1.0,0.8,1.0,1016.0,1016.0,1016.0,1016.0,1.0,0.0,14.0,1.0,0.8,1.0,,,,,,,,,,,,,,,,,,,,,,,,,,,,,,,,,,,,,,,,,,,,,,,,,,,,,,,,,,,,,,,,,,,,,,,,,,,,,,,,,,,,,,,,,,,,,,,,,,,,,,,,,,,,,,,,,,,,,,,,,,,,,,,,,,,,,,,,,,,,,,,,,,,,,,
1974,2,225.0,-28.0,26.55,26.65,26.75,26.65,2.0,0.21,6.0,0.5,0.9,0.9,25.19,25.6,26.01,25.6,2.0,0.85,6.0,0.5,0.9,0.9,13.23,14.28,15.32,14.28,2.0,2.16,6.0,0.5,0.9,0.9,66.7,70.2,73.7,70.2,2.0,7.2,6.0,0.5,0.9,4.93,5.65,6.37,5.65,2.0,1.48,6.0,0.5,0.9,0.9,-6.32,-5.51,-4.7,-5.51,2.0,1.68,6.0,0.5,0.9,0.9,0.25,0.79,1.32,0.79,2.0,1.11,6.0,0.5,0.9,0.9,1019.5,1021.0,1022.5,1021.0,2.0,3.11,6.0,0.5,0.9,0.9,4.3,5.0,5.7,5.0,2.0,1.4,6.0,0.5,0.9,0.9,-40.9,-32.4,-23.9,-32.4,2.0,17.7,6.0,0.5,0.9,0.9,1.1,3.6,6.1,3.6,2.0,5.1,6.0,0.5,0.9,0.9,0.74,1.05,1.36,1.05,2.0,0.64,6.0,0.5,0.9,0.9,4.5,5.5,6.4,5.5,2.0,2.0,6.0,0.5,0.9,0.9,6.44,7.39,8.33,7.39,2.0,1.95,6.0,0.5,0.9,0.9,40.3,40.3,40.3,40.3,2.0,0.1,6.0,0.5,0.9,0.9,-164.8,-141.8,-118.8,-141.8,2.0,47.7,6.0,0.5,0.9,0.9,6.2,19.7,33.1,19.7,2.0,27.8,6.0,0.5,0.9,0.9,-97.8,-80.5,-63.2,-80.5,2.0,35.9,6.0,0.5,0.9,0.9,3.2,10.0,16.9,10.0,2.0,14.2,6.0,0.5,0.9,0.9,-39.9,-39.1,-38.3,-39.1,2.0,1.7,6.0,0.5,0.9,0.9,2.2,6.9,11.6,6.9,2.0,9.8,6.0,0.5,0.9,0.9,129.5,199.0,268.5,199.0,2.0,144.0,6.0,0.5,0.9,0.9,130.0,200.0,270.0,200.0,2.0,145.0,6.0,0.5,0.9,0.9
1974,2,225.0,-27.0,28.13,28.4,28.67,28.4,2.0,0.57,16.0,0.0,0.5,0.5,24.56,26.2,26.54,25.57,3.0,1.55,12.0,0.0,0.6,0.5,14.95,15.99,16.14,15.56,3.0,0.95,12.0,0.0,0.6,0.5,74.8,77.2,78.6,76.7,3.0,2.9,12.0,0.0,0.5,3.39,5.1,6.87,5.13,3.0,2.55,12.0,0.0,0.6,0.5,-6.53,-5.02,-2.73,-4.64,3.0,2.8,12.0,0.0,0.6,0.5,-2.08,-0.89,1.08,-0.51,3.0,2.34,12.0,0.0,0.6,0.5,1017.89,1018.5,1021.23,1019.53,3.0,2.61,12.0,0.0,0.6,0.5,3.0,3.0,3.0,3.0,3.0,0.0,12.0,0.0,0.6,0.5,-46.2,-25.6,-11.1,-28.6,3.0,25.8,12.0,0.0,0.6,0.5,-15.3,-4.5,2.1,-6.5,3.0,12.8,12.0,0.0,0.6,0.5,2.31,3.4,4.49,3.4,2.0,2.26,16.0,0.0,0.5,0.5,13.8,23.8,33.8,23.8,2.0,20.7,16.0,0.0,0.5,0.5,7.7,8.72,9.74,8.72,2.0,2.11,16.0,0.0,0.5,0.5,43.5,57.7,72.0,57.7,2.0,29.5,16.0,0.0,0.5,0.5,-159.3,-131.6,-72.2,-116.1,3.0,65.2,12.0,0.0,0.6,0.5,-50.1,-23.2,28.9,-10.9,3.0,58.9,12.0,0.0,0.6,0.5,-97.3,-81.4,-44.1,-70.9,3.0,40.0,12.0,0.0,0.6,0.5,-30.6,-14.4,17.2,-6.9,3.0,35.6,12.0,0.0,0.6,0.5,-67.9,-55.1,-42.3,-55.1,2.0,26.6,16.0,0.0,0.5,0.5,-23.6,-16.6,-9.7,-16.6,2.0,14.5,16.0,0.0,0.5,0.5,54.0,132.5,353.5,202.5,3.0,227.5,12.0,0.0,0.6,0.5,55.0,135.0,355.0,200.0,3.0,230.0,12.0,0.0,0.6,0.5
1974,2,225.0,-26.0,28.3,28.3,28.3,28.3,1.0,0.0,24.0,0.0,0.7,0.5,26.0,26.0,26.0,26.0,1.0,0.0,24.0,0.0,0.7,0.5,19.21,19.21,19.21,19.21,1.0,0.0,24.0,0.0,0.7,0.5,92.0,92.0,92.0,92.0,1.0,0.0,24.0,0.0,0.5,5.1,5.1,5.1,5.1,1.0,0.0,24.0,0.0,0.7,0.5,-5.1,-5.1,-5.1,-5.1,1.0,0.0,24.0,0.0,0.7,0.5,0.0,0.0,0.0,0.0,1.0,0.0,24.0,0.0,0.7,0.5,1018.0,1018.0,1018.0,1018.0,1.0,0.0,24.0,0.0,0.7,0.5,1.0,1.0,1.0,1.0,1.0,0.0,24.0,0.0,0.7,0.5,-26.0,-26.0,-26.0,-26.0,1.0,0.0,24.0,0.0,0.7,0.5,0.0,0.0,0.0,0.0,1.0,0.0,24.0,0.0,0.7,0.5,2.3,2.3,2.3,2.3,1.0,0.0,24.0,0.0,0.7,0.5,11.7,11.7,11.7,11.7,1.0,0.0,24.0,0.0,0.7,0.5,4.76,4.76,4.76,4.76,1.0,0.0,24.0,0.0,0.7,0.5,24.3,24.3,24.3,24.3,1.0,0.0,24.0,0.0,0.7,0.5,-132.6,-132.6,-132.6,-132.6,1.0,0.0,24.0,0.0,0.7,0.5,0.0,0.0,0.0,0.0,1.0,0.0,24.0,0.0,0.7,0.5,-98.0,-98.0,-98.0,-98.0,1.0,0.0,24.0,0.0,0.7,0.5,0.0,0.0,0.0,0.0,1.0,0.0,24.0,0.0,0.7,0.5,-24.3,-24.3,-24.3,-24.3,1.0,0.0,24.0,0.0,0.7,0.5,0.0,0.0,0.0,0.0,1.0,0.0,24.0,0.0,0.7,0.5,132.5,132.5,132.5,132.5,1.0,0.0,24.0,0.0,0.7,0.5,135.0,135.0,135.0,135.0,1.0,0.0,24.0,0.0,0.7,0.5
1974,2,225.0,-25.0,23.98,25.0,26.02,25.0,2.0,2.12,22.0,1.0,0.5,0.6,28.0,28.0,28.0,28.0,2.0,0.0,22.0,1.0,0.5,0.6,18.53,18.53,18.53,18.53,1.0,0.0,28.0,1.0,0.2,0.8,71.3,74.4,77.5,74.4,2.0,6.4,22.0,1.0,0.6,6.28,6.45,6.62,6.45,2.0,0.35,22.0,1.0,0.5,0.6,-6.61,-6.4,-6.2,-6.4,2.0,0.42,22.0,1.0,0.5,0.6,-0.91,-0.54,-0.17,-0.54,2.0,0.76,22.0,1.0,0.5,0.6,1017.6,1017.6,1017.6,1017.6,1.0,0.0,28.0,1.0,0.2,0.8,4.2,4.5,4.8,4.5,2.0,0.7,22.0,1.0,0.5,0.6,-43.8,-41.4,-39.0,-41.4,2.0,5.0,22.0,1.0,0.5,0.6,-5.6,-3.3,-1.1,-3.3,2.0,4.7,22.0,1.0,0.5,0.6,-4.02,-3.0,-1.98,-3.0,2.0,2.12,22.0,1.0,0.5,0.6,-26.8,-19.7,-12.6,-19.7,2.0,14.7,22.0,1.0,0.5,0.6,3.02,3.02,3.02,3.02,1.0,0.0,28.0,1.0,0.2,0.8,18.7,18.7,18.7,18.7,1.0,0.0,28.0,1.0,0.2,0.8,-185.0,-179.3,-173.6,-179.3,2.0,11.8,22.0,1.0,0.5,0.6,-25.4,-15.1,-4.8,-15.1,2.0,21.3,22.0,1.0,0.5,0.6,-113.1,-113.1,-113.1,-113.1,1.0,0.0,28.0,1.0,0.2,0.8,-19.9,-19.9,-19.9,-19.9,1.0,0.0,28.0,1.0,0.2,0.8,-18.4,-18.4,-18.4,-18.4,1.0,0.0,28.0,1.0,0.2,0.8,-3.2,-3.2,-3.2,-3.2,1.0,0.0,28.0,1.0,0.2,0.8,248.0,269.5,291.0,269.5,2.0,44.0,22.0,1.0,0.5,0.6,250.0,270.0,290.0,270.0,2.0,45.0,22.0,1.0,0.5,0.6
1974,2,225.0,-21.0,26.1,26.1,26.1,26.1,1.0,0.0,20.0,1.0,0.3,0.1,26.9,26.9,26.9,26.9,1.0,0.0,20.0,1.0,0.3,0.1,17.43,17.43,17.43,17.43,1.0,0.0,20.0,1.0,0.3,0.1,79.2,79.2,79.2,79.2,1.0,0.0,20.0,1.0,0.1,5.7,5.7,5.7,5.7,1.0,0.0,20.0,1.0,0.3,0.1,-5.7,-5.7,-5.7,-5.7,1.0,0.0,20.0,1.0,0.3,0.1,0.0,0.0,0.0,0.0,1.0,0.0,20.0,1.0,0.3,0.1,1017.8,1017.8,1017.8,1017.8,1.0,0.0,20.0,1.0,0.3,0.1,5.0,5.0,5.0,5.0,1.0,0.0,20.0,1.0,0.3,0.1,-32.5,-32.5,-32.5,-32.5,1.0,0.0,20.0,1.0,0.3,0.1,0.0,0.0,0.0,0.0,1.0,0.0,20.0,1.0,0.3,0.1,-0.8,-0.8,-0.8,-0.8,1.0,0.0,20.0,1.0,0.3,0.1,-4.6,-4.6,-4.6,-4.6,1.0,0.0,20.0,1.0,0.3,0.1,3.6,3.6,3.6,3.6,1.0,0.0,20.0,1.0,0.3,0.1,20.5,20.5,20.5,20.5,1.0,0.0,20.0,1.0,0.3,0.1,-153.3,-153.3,-153.3,-153.3,1.0,0.0,20.0,1.0,0.3,0.1,0.0,0.0,0.0,0.0,1.0,0.0,20.0,1.0,0.3,0.1,-99.3,-99.3,-99.3,-99.3,1.0,0.0,20.0,1.0,0.3,0.1,0.0,0.0,0.0,0.0,1.0,0.0,20.0,1.0,0.3,0.1,-20.5,-20.5,-20.5,-20.5,1.0,0.0,20.0,1.0,0.3,0.1,0.0,0.0,0.0,0.0,1.0,0.0,20.0,1.0,0.3,0.1,185.0,185.0,185.0,185.0,1.0,0.0,20.0,1.0,0.3,0.1,185.0,185.0,185.0,185.0,1.0,0.0,20.0,1.0,0.3,0.1
1974,2,225.0,-13.0,25.0,25.0,25.0,25.0,1.0,0.0,18.0,0.0,0.6,0.9,25.2,25.2,25.2,25.2,1.0,0.0,18.0,0.0,0.6,0.9,15.79,15.79,15.79,15.79,1.0,0.0,18.0,0.0,0.6,0.9,79.0,79.0,79.0,79.0,1.0,0.0,18.0,0.0,0.9,9.3,9.3,9.3,9.3,1.0,0.0,18.0,0.0,0.6,0.9,-8.74,-8.74,-8.74,-8.74,1.0,0.0,18.0,0.0,0.6,0.9,-3.18,-3.18,-3.18,-3.18,1.0,0.0,18.0,0.0,0.6,0.9,1011.5,1011.5,1011.5,1011.5,1.0,0.0,18.0,0.0,0.6,0.9,4.0,4.0,4.0,4.0,1.0,0.0,18.0,0.0,0.6,0.9,-81.3,-81.3,-81.3,-81.3,1.0,0.0,18.0,0.0,0.6,0.9,-29.6,-29.6,-29.6,-29.6,1.0,0.0,18.0,0.0,0.6,0.9,-0.2,-0.2,-0.2,-0.2,1.0,0.0,18.0,0.0,0.6,0.9,-1.9,-1.9,-1.9,-1.9,1.0,0.0,18.0,0.0,0.6,0.9,4.01,4.01,4.01,4.01,1.0,0.0,18.0,0.0,0.6,0.9,37.3,37.3,37.3,37.3,1.0,0.0,18.0,0.0,0.6,0.9,-220.2,-220.2,-220.2,-220.2,1.0,0.0,18.0,0.0,0.6,0.9,-80.2,-80.2,-80.2,-80.2,1.0,0.0,18.0,0.0,0.6,0.9,-138.0,-138.0,-138.0,-138.0,1.0,0.0,18.0,0.0,0.6,0.9,-50.2,-50.2,-50.2,-50.2,1.0,0.0,18.0,0.0,0.6,0.9,-35.1,-35.1,-35.1,-35.1,1.0,0.0,18.0,0.0,0.6,0.9,-12.8,-12.8,-12.8,-12.8,1.0,0.0,18.0,0.0,0.6,0.9,804.5,804.5,804.5,804.5,1.0,0.0,18.0,0.0,0.6,0.9,805.0,805.0,805.0,805.0,1.0,0.0,18.0,0.0,0.6,0.9
1974,2,225.0,-12.0,25.74,26.25,26.76,26.25,2.0,1.06,14.0,0.5,0.9,0.5,26.32,27.0,27.68,27.0,2.0,1.41,14.0,0.5,0.9,0.5,15.54,15.66,15.77,15.66,2.0,0.23,14.0,0.5,0.9,0.5,67.3,70.5,73.8,70.5,2.0,6.8,14.0,0.5,0.5,6.78,6.95,7.12,6.95,2.0,0.35,14.0,0.5,0.9,0.5,-5.76,-5.66,-5.56,-5.66,2.0,0.2,14.0,0.5,0.9,0.5,3.55,3.99,4.43,3.99,2.0,0.9,14.0,0.5,0.9,0.5,1010.18,1011.0,1011.82,1011.0,2.0,1.7,14.0,0.5,0.9,0.5,3.6,5.0,6.4,5.0,2.0,2.8,14.0,0.5,0.9,0.5,-39.6,-39.3,-39.0,-39.3,2.0,0.6,14.0,0.5,0.9,0.5,24.2,27.9,31.6,27.9,2.0,7.7,14.0,0.5,0.9,0.5,-0.92,-0.75,-0.58,-0.75,2.0,0.35,14.0,0.5,0.9,0.5,-6.6,-5.3,-4.0,-5.3,2.0,2.7,14.0,0.5,0.9,0.5,4.98,5.73,6.48,5.73,2.0,1.55,14.0,0.5,0.9,0.5,33.9,40.1,46.3,40.1,2.0,12.8,14.0,0.5,0.9,0.5,-153.9,-152.6,-151.4,-152.6,2.0,2.5,14.0,0.5,0.9,0.5,93.8,108.3,122.8,108.3,2.0,30.0,14.0,0.5,0.9,0.5,-90.8,-88.6,-86.4,-88.6,2.0,4.5,14.0,0.5,0.9,0.5,56.0,62.3,68.7,62.3,2.0,13.2,14.0,0.5,0.9,0.5,-35.9,-32.2,-28.6,-32.2,2.0,7.6,14.0,0.5,0.9,0.5,18.1,23.5,29.0,23.5,2.0,11.4,14.0,0.5,0.9,0.5,312.5,337.0,361.5,337.0,2.0,51.5,14.0,0.5,0.9,0.5,310.0,335.0,360.0,335.0,2.0,50.0,14.0,0.5,0.9,0.5
1974,2,225.0,-11.0,26.11,26.35,26.59,26.35,2.0,0.49,16.0,0.0,0.4,0.7,25.32,26.0,26.68,26.0,2.0,1.41,16.0,0.0,0.4,0.7,15.7,15.7,15.7,15.7,1.0,0.0,8.0,0.0,0.5,1.0,79.4,79.4,79.4,79.4,1.0,0.0,8.0,0.0,1.0,3.26,3.6,3.94,3.6,2.0,0.71,16.0,0.0,0.4,0.7,-3.89,-3.57,-3.25,-3.57,2.0,0.66,16.0,0.0,0.4,0.7,0.11,0.36,0.6,0.36,2.0,0.5,16.0,0.0,0.4,0.7,1011.16,1011.5,1011.84,1011.5,2.0,0.71,16.0,0.0,0.4,0.7,2.0,2.0,2.0,2.0,2.0,0.0,16.0,0.0,0.4,0.7,-15.5,-13.1,-10.7,-13.1,2.0,4.9,16.0,0.0,0.4,0.7,0.5,1.5,2.5,1.5,2.0,2.1,16.0,0.0,0.4,0.7,-0.57,0.35,1.27,0.35,2.0,1.91,16.0,0.0,0.4,0.7,-1.5,1.9,5.4,1.9,2.0,7.1,16.0,0.0,0.4,0.7,6.24,6.24,6.24,6.24,1.0,0.0,8.0,0.0,0.5,1.0,25.6,25.6,25.6,25.6,1.0,0.0,8.0,0.0,0.5,1.0,-98.2,-92.3,-86.4,-92.3,2.0,12.2,16.0,0.0,0.4,0.7,2.8,8.9,15.0,8.9,2.0,12.6,16.0,0.0,0.4,0.7,-63.4,-63.4,-63.4,-63.4,1.0,0.0,8.0,0.0,0.5,1.0,11.2,11.2,11.2,11.2,1.0,0.0,8.0,0.0,0.5,1.0,-25.2,-25.2,-25.2,-25.2,1.0,0.0,8.0,0.0,0.5,1.0,4.4,4.4,4.4,4.4,1.0,0.0,8.0,0.0,0.5,1.0,36.0,49.5,62.5,49.5,2.0,27.5,16.0,0.0,0.4,0.7,35.0,50.0,65.0,50.0,2.0,30.0,16.0,0.0,0.4,0.7
1974,2,225.0,-10.0,28.3,28.3,28.3,28.3,1.0,0.0,18.0,1.0,0.1,0.5,26.9,26.9,26.9,26.9,1.0,0.0,18.0,1.0,0.1,0.5,18.83,18.83,18.83,18.83,1.0,0.0,18.0,1.0,0.1,0.5,85.2,85.2,85.2,85.2,1.0,0.0,18.0,1.0,0.5,4.6,4.6,4.6,4.6,1.0,0.0,18.0,1.0,0.1,0.5,-3.98,-3.98,-3.98,-3.98,1.0,0.0,18.0,1.0,0.1,0.5,-2.3,-2.3,-2.3,-2.3,1.0,0.0,18.0,1.0,0.1,0.5,1013.6,1013.6,1013.6,1013.6,1.0,0.0,18.0,1.0,0.1,0.5,7.0,7.0,7.0,7.0,1.0,0.0,18.0,1.0,0.1,0.5,-18.3,-18.3,-18.3,-18.3,1.0,0.0,18.0,1.0,0.1,0.5,-10.6,-10.6,-10.6,-10.6,1.0,0.0,18.0,1.0,0.1,0.5,1.4,1.4,1.4,1.4,1.0,0.0,18.0,1.0,0.1,0.5,6.4,6.4,6.4,6.4,1.0,0.0,18.0,1.0,0.1,0.5,5.24,5.24,5.24,5.24,1.0,0.0,18.0,1.0,0.1,0.5,24.1,24.1,24.1,24.1,1.0,0.0,18.0,1.0,0.1,0.5,-107.2,-107.2,-107.2,-107.2,1.0,0.0,18.0,1.0,0.1,0.5,-61.9,-61.9,-61.9,-61.9,1.0,0.0,18.0,1.0,0.1,0.5,-75.0,-75.0,-75.0,-75.0,1.0,0.0,18.0,1.0,0.1,0.5,-43.3,-43.3,-43.3,-43.3,1.0,0.0,18.0,1.0,0.1,0.5,-20.9,-20.9,-20.9,-20.9,1.0,0.0,18.0,1.0,0.1,0.5,-12.1,-12.1,-12.1,-12.1,1.0,0.0,18.0,1.0,0.1,0.5,97.5,97.5,97.5,97.5,1.0,0.0,18.0,1.0,0.1,0.5,95.0,95.0,95.0,95.0,1.0,0.0,18.0,1.0,0.1,0.5
1974,2,225.0,-8.0,26.73,27.0,27.0,26.87,3.0,0.23,14.0,0.3,0.5,0.3,25.86,26.0,26.61,26.23,3.0,0.59,14.0,0.3,0.5,0.3,16.08,16.33,17.39,16.73,3.0,1.02,14.0,0.3,0.5,0.3,74.2,78.1,83.6,78.8,3.0,6.9,14.0,0.3,0.3,6.83,8.2,8.95,7.9,3.0,1.57,14.0,0.3,0.5,0.3,-8.41,-7.71,-6.61,-7.52,3.0,1.33,14.0,0.3,0.5,0.3,-2.51,-1.08,1.57,-0.48,3.0,3.04,14.0,0.3,0.5,0.3,1011.09,1013.0,1014.5,1012.8,3.0,2.51,14.0,0.3,0.5,0.3,1.6,3.0,3.0,2.3,3.0,1.2,14.0,0.3,0.5,0.3,-75.5,-63.2,-45.9,-60.8,3.0,21.8,14.0,0.3,0.5,0.3,-22.3,-6.7,13.6,-4.4,3.0,26.4,14.0,0.3,0.5,0.3,0.32,0.8,0.94,0.63,3.0,0.47,14.0,0.3,0.5,0.3,2.5,6.6,8.4,5.5,3.0,4.4,14.0,0.3,0.5,0.3,4.57,5.92,6.2,5.4,3.0,1.27,14.0,0.3,0.5,0.3,34.6,39.3,50.0,42.2,3.0,11.6,14.0,0.3,0.5,0.3,-218.2,-198.8,-175.2,-196.8,3.0,31.5,14.0,0.3,0.5,0.3,-65.6,-29.0,40.2,-13.1,3.0,78.7,14.0,0.3,0.5,0.3,-141.2,-137.8,-110.3,-126.0,3.0,24.8,14.0,0.3,0.5,0.3,-40.9,-17.2,28.8,-6.3,3.0,51.9,14.0,0.3,0.5,0.3,-47.6,-38.7,-33.0,-40.3,3.0,10.7,14.0,0.3,0.5,0.3,-15.0,-6.8,5.4,-4.9,3.0,15.0,14.0,0.3,0.5,0.3,337.5,551.5,724.0,531.5,3.0,283.5,14.0,0.3,0.5,0.3,340.0,550.0,725.0,530.0,3.0,285.0,14.0,0.3,0.5,0.3
1974,2,225.0,-6.0,26.5,26.5,26.5,26.5,1.0,0.0,20.0,0.0,1.0,0.4,25.8,25.8,25.8,25.8,1.0,0.0,20.0,0.0,1.0,0.4,15.25,15.25,15.25,15.25,1.0,0.0,20.0,0.0,1.0,0.4,73.5,73.5,73.5,73.5,1.0,0.0,20.0,0.0,0.4,,,,,,,,,,,,,,,,,,,,,,,,,,,,,,,,,,,,,,,,,,,,,,,,,,,,,,,,,,,,,,,,,,,,,,,,,,,,,,,,,,,,,,,,,,,,,,,,,,,,,,,,,,,,,,,,,,,,,,,,,,,,,,,,,,,,,,,,,,,,,,,,,,,,,,,,,,,,,,,,,,,,,,,,,,,,,,,,,,,,,,,,,,,,,,
1974,2,225.0,1.0,23.0,23.0,23.0,23.0,1.0,0.0,12.0,1.0,0.3,0.6,23.5,23.5,23.5,23.5,1.0,0.0,12.0,1.0,0.3,0.6,15.86,15.86,15.86,15.86,1.0,0.0,12.0,1.0,0.3,0.6,88.0,88.0,88.0,88.0,1.0,0.0,12.0,1.0,0.6,6.2,6.2,6.2,6.2,1.0,0.0,12.0,1.0,0.3,0.6,-6.11,-6.11,-6.11,-6.11,1.0,0.0,12.0,1.0,0.3,0.6,1.08,1.08,1.08,1.08,1.0,0.0,12.0,1.0,0.3,0.6,1013.5,1013.5,1013.5,1013.5,1.0,0.0,12.0,1.0,0.3,0.6,3.0,3.0,3.0,3.0,1.0,0.0,12.0,1.0,0.3,0.6,-37.9,-37.9,-37.9,-37.9,1.0,0.0,12.0,1.0,0.3,0.6,6.7,6.7,6.7,6.7,1.0,0.0,12.0,1.0,0.3,0.6,-0.5,-0.5,-0.5,-0.5,1.0,0.0,12.0,1.0,0.3,0.6,-3.1,-3.1,-3.1,-3.1,1.0,0.0,12.0,1.0,0.3,0.6,1.64,1.64,1.64,1.64,1.0,0.0,12.0,1.0,0.3,0.6,10.2,10.2,10.2,10.2,1.0,0.0,12.0,1.0,0.3,0.6,-143.5,-143.5,-143.5,-143.5,1.0,0.0,12.0,1.0,0.3,0.6,25.3,25.3,25.3,25.3,1.0,0.0,12.0,1.0,0.3,0.6,-96.8,-96.8,-96.8,-96.8,1.0,0.0,12.0,1.0,0.3,0.6,17.1,17.1,17.1,17.1,1.0,0.0,12.0,1.0,0.3,0.6,-10.0,-10.0,-10.0,-10.0,1.0,0.0,12.0,1.0,0.3,0.6,1.8,1.8,1.8,1.8,1.0,0.0,12.0,1.0,0.3,0.6,238.5,238.5,238.5,238.5,1.0,0.0,12.0,1.0,0.3,0.6,240.0,240.0,240.0,240.0,1.0,0.0,12.0,1.0,0.3,0.6
1974,2,225.0,4.0,26.0,26.0,26.0,26.0,1.0,0.0,14.0,1.0,0.4,0.8,28.0,28.0,28.0,28.0,1.0,0.0,14.0,1.0,0.4,0.8,18.55,18.55,18.55,18.55,1.0,0.0,14.0,1.0,0.4,0.8,78.4,78.4,78.4,78.4,1.0,0.0,14.0,1.0,0.8,6.7,6.7,6.7,6.7,1.0,0.0,14.0,1.0,0.4,0.8,-5.13,-5.13,-5.13,-5.13,1.0,0.0,14.0,1.0,0.4,0.8,4.31,4.31,4.31,4.31,1.0,0.0,14.0,1.0,0.4,0.8,1010.0,1010.0,1010.0,1010.0,1.0,0.0,14.0,1.0,0.4,0.8,3.0,3.0,3.0,3.0,1.0,0.0,14.0,1.0,0.4,0.8,-34.4,-34.4,-34.4,-34.4,1.0,0.0,14.0,1.0,0.4,0.8,28.9,28.9,28.9,28.9,1.0,0.0,14.0,1.0,0.4,0.8,-2.0,-2.0,-2.0,-2.0,1.0,0.0,14.0,1.0,0.4,0.8,-13.4,-13.4,-13.4,-13.4,1.0,0.0,14.0,1.0,0.4,0.8,2.51,2.51,2.51,2.51,1.0,0.0,14.0,1.0,0.4,0.8,16.8,16.8,16.8,16.8,1.0,0.0,14.0,1.0,0.4,0.8,-143.7,-143.7,-143.7,-143.7,1.0,0.0,14.0,1.0,0.4,0.8,120.6,120.6,120.6,120.6,1.0,0.0,14.0,1.0,0.4,0.8,-95.2,-95.2,-95.2,-95.2,1.0,0.0,14.0,1.0,0.4,0.8,79.9,79.9,79.9,79.9,1.0,0.0,14.0,1.0,0.4,0.8,-12.9,-12.9,-12.9,-12.9,1.0,0.0,14.0,1.0,0.4,0.8,10.8,10.8,10.8,10.8,1.0,0.0,14.0,1.0,0.4,0.8,301.0,301.0,301.0,301.0,1.0,0.0,14.0,1.0,0.4,0.8,300.0,300.0,300.0,300.0,1.0,0.0,14.0,1.0,0.4,0.8
1974,2,225.0,7.0,25.98,26.8,27.62,26.8,2.0,1.7,16.0,0.5,0.8,0.0,24.75,24.85,24.95,24.85,2.0,0.21,16.0,0.5,0.8,0.0,16.86,17.42,17.98,17.42,2.0,1.15,16.0,0.5,0.8,0.0,85.5,88.8,92.1,88.8,2.0,6.8,16.0,0.5,0.0,3.83,5.4,6.97,5.4,2.0,3.25,16.0,0.5,0.8,0.0,-6.84,-5.25,-3.65,-5.25,2.0,3.3,16.0,0.5,0.8,0.0,-1.29,-1.2,-1.1,-1.2,2.0,0.2,16.0,0.5,0.8,0.0,1009.29,1009.9,1010.51,1009.9,2.0,1.27,16.0,0.5,0.8,0.0,3.8,5.5,7.2,5.5,2.0,3.5,16.0,0.5,0.8,0.0,-50.6,-33.7,-16.9,-33.7,2.0,34.9,16.0,0.5,0.8,0.0,-9.2,-6.8,-4.4,-6.8,2.0,5.0,16.0,0.5,0.8,0.0,1.23,1.95,2.67,1.95,2.0,1.48,16.0,0.5,0.8,0.0,7.3,8.1,8.9,8.1,2.0,1.7,16.0,0.5,0.8,0.0,3.11,4.73,6.36,4.73,2.0,3.37,16.0,0.5,0.8,0.0,18.7,20.1,21.4,20.1,2.0,2.8,16.0,0.5,0.8,0.0,-169.1,-130.1,-91.0,-130.1,2.0,80.9,16.0,0.5,0.8,0.0,-32.0,-29.8,-27.5,-29.8,2.0,4.6,16.0,0.5,0.8,0.0,-124.0,-93.3,-62.6,-93.3,2.0,63.6,16.0,0.5,0.8,0.0,-23.3,-21.0,-18.7,-21.0,2.0,4.8,16.0,0.5,0.8,0.0,-20.3,-19.3,-18.3,-19.3,2.0,2.0,16.0,0.5,0.8,0.0,-6.8,-5.3,-3.8,-5.3,2.0,3.1,16.0,0.5,0.8,0.0,97.5,243.0,389.0,243.0,2.0,302.0,16.0,0.5,0.8,0.0,100.0,245.0,390.0,245.0,2.0,300.0,16.0,0.5,0.8,0.0
1974,2,225.0,10.0,,,,,,,,,,,,,,,,,,,,,,,,,,,,,,,,,,,,,,,,10.3,10.3,10.3,10.3,1.0,0.0,12.0,0.0,0.6,0.2,-8.92,-8.92,-8.92,-8.92,1.0,0.0,12.0,0.0,0.6,0.2,-5.15,-5.15,-5.15,-5.15,1.0,0.0,12.0,0.0,0.6,0.2,1014.0,1014.0,1014.0,1014.0,1.0,0.0,12.0,0.0,0.6,0.2,,,,,,,,,,,,,,,,,,,,,,,,,,,,,,,,,,,,,,,,,,,,,,,,,,,,,,,,,,,,,,,,,,,,,,,,,,,,,,,,,,,,,,,,,,,,,,,,,,,,,,,,,,,,,,,,,,,,,,,,,,,,,,,,,,,,,,,,,,,,,,,,,,,,,,
1974,2,225.0,12.0,,,,,,,,,,,,,,,,,,,,,,,,,,,,,,,,,,,,,,,,9.8,9.8,9.8,9.8,1.0,0.0,26.0,0.0,0.6,0.9,-7.51,-7.51,-7.51,-7.51,1.0,0.0,26.0,0.0,0.6,0.9,-6.3,-6.3,-6.3,-6.3,1.0,0.0,26.0,0.0,0.6,0.9,1014.1,1014.1,1014.1,1014.1,1.0,0.0,26.0,0.0,0.6,0.9,,,,,,,,,,,,,,,,,,,,,,,,,,,,,,,,,,,,,,,,,,,,,,,,,,,,,,,,,,,,,,,,,,,,,,,,,,,,,,,,,,,,,,,,,,,,,,,,,,,,,,,,,,,,,,,,,,,,,,,,,,,,,,,,,,,,,,,,,,,,,,,,,,,,,,
1974,2,225.0,14.0,24.7,24.7,24.7,24.7,1.0,0.0,22.0,1.0,0.5,0.5,25.3,25.3,25.3,25.3,1.0,0.0,22.0,1.0,0.5,0.5,12.81,12.81,12.81,12.81,1.0,0.0,22.0,1.0,0.5,0.5,64.0,64.0,64.0,64.0,1.0,0.0,22.0,1.0,0.5,9.3,9.3,9.3,9.3,1.0,0.0,22.0,1.0,0.5,0.5,-5.98,-5.98,-5.98,-5.98,1.0,0.0,22.0,1.0,0.5,0.5,-7.12,-7.12,-7.12,-7.12,1.0,0.0,22.0,1.0,0.5,0.5,1013.8,1013.8,1013.8,1013.8,1.0,0.0,22.0,1.0,0.5,0.5,3.0,3.0,3.0,3.0,1.0,0.0,22.0,1.0,0.5,0.5,-55.6,-55.6,-55.6,-55.6,1.0,0.0,22.0,1.0,0.5,0.5,-66.3,-66.3,-66.3,-66.3,1.0,0.0,22.0,1.0,0.5,0.5,-0.6,-0.6,-0.6,-0.6,1.0,0.0,22.0,1.0,0.5,0.5,-5.6,-5.6,-5.6,-5.6,1.0,0.0,22.0,1.0,0.5,0.5,6.59,6.59,6.59,6.59,1.0,0.0,22.0,1.0,0.5,0.5,61.3,61.3,61.3,61.3,1.0,0.0,22.0,1.0,0.5,0.5,-151.2,-151.2,-151.2,-151.2,1.0,0.0,22.0,1.0,0.5,0.5,-180.2,-180.2,-180.2,-180.2,1.0,0.0,22.0,1.0,0.5,0.5,-76.6,-76.6,-76.6,-76.6,1.0,0.0,22.0,1.0,0.5,0.5,-91.3,-91.3,-91.3,-91.3,1.0,0.0,22.0,1.0,0.5,0.5,-39.4,-39.4,-39.4,-39.4,1.0,0.0,22.0,1.0,0.5,0.5,-47.0,-47.0,-47.0,-47.0,1.0,0.0,22.0,1.0,0.5,0.5,804.5,804.5,804.5,804.5,1.0,0.0,22.0,1.0,0.5,0.5,805.0,805.0,805.0,805.0,1.0,0.0,22.0,1.0,0.5,0.5
1974,2,225.0,15.0,23.39,23.8,23.94,23.67,3.0,0.42,14.0,0.3,0.4,0.5,21.66,22.0,22.27,21.97,3.0,0.45,14.0,0.3,0.4,0.5,12.3,12.61,13.37,12.83,3.0,0.81,14.0,0.3,0.4,0.5,74.5,75.2,82.7,78.5,3.0,6.7,14.0,0.3,0.5,5.39,6.95,8.2,6.8,4.0,1.64,12.0,0.3,0.4,0.5,-6.97,-5.44,-4.56,-5.75,4.0,1.79,12.0,0.3,0.4,0.5,-4.85,-2.13,-0.47,-2.64,4.0,2.79,12.0,0.3,0.4,0.5,1015.11,1016.0,1016.55,1015.83,3.0,1.06,14.0,0.3,0.4,0.5,5.4,7.5,8.0,6.8,4.0,1.9,12.0,0.3,0.4,0.5,-55.8,-37.6,-25.7,-40.6,4.0,20.1,12.0,0.3,0.4,0.5,-34.9,-11.2,-2.7,-18.5,4.0,23.1,12.0,0.3,0.4,0.5,1.18,2.0,2.2,1.7,3.0,0.79,14.0,0.3,0.4,0.5,6.9,13.1,15.4,11.2,3.0,6.4,14.0,0.3,0.4,0.5,4.77,5.05,5.98,5.36,3.0,0.93,14.0,0.3,0.4,0.5,26.0,26.4,44.2,34.9,3.0,15.3,14.0,0.3,0.4,0.5,-119.2,-116.0,-96.5,-108.1,3.0,17.9,14.0,0.3,0.4,0.5,-117.6,-73.4,-37.8,-77.6,3.0,58.6,14.0,0.3,0.4,0.5,-72.9,-64.0,-54.0,-63.4,3.0,13.9,14.0,0.3,0.4,0.5,-65.2,-41.3,-22.4,-43.8,3.0,31.4,14.0,0.3,0.4,0.5,-31.3,-26.0,-21.7,-26.5,3.0,7.0,14.0,0.3,0.4,0.5,-32.7,-16.5,-8.4,-20.5,3.0,18.1,14.0,0.3,0.4,0.5,157.5,368.5,551.5,355.0,4.0,227.5,12.0,0.3,0.4,0.5,160.0,370.0,550.0,355.0,4.0,230.0,12.0,0.3,0.4,0.5
1974,2,225.0,16.0,22.9,22.9,22.9,22.9,1.0,0.0,8.0,1.0,0.4,0.8,22.0,22.0,22.0,22.0,1.0,0.0,8.0,1.0,0.4,0.8,11.27,11.27,11.27,11.27,1.0,0.0,8.0,1.0,0.4,0.8,68.7,68.7,68.7,68.7,1.0,0.0,8.0,1.0,0.8,8.2,8.2,8.2,8.2,1.0,0.0,8.0,1.0,0.4,0.8,-8.08,-8.08,-8.08,-8.08,1.0,0.0,8.0,1.0,0.4,0.8,-1.42,-1.42,-1.42,-1.42,1.0,0.0,8.0,1.0,0.4,0.8,1014.0,1014.0,1014.0,1014.0,1.0,0.0,8.0,1.0,0.4,0.8,4.0,4.0,4.0,4.0,1.0,0.0,8.0,1.0,0.4,0.8,-66.2,-66.2,-66.2,-66.2,1.0,0.0,8.0,1.0,0.4,0.8,-11.7,-11.7,-11.7,-11.7,1.0,0.0,8.0,1.0,0.4,0.8,0.9,0.9,0.9,0.9,1.0,0.0,8.0,1.0,0.4,0.8,7.4,7.4,7.4,7.4,1.0,0.0,8.0,1.0,0.4,0.8,6.11,6.11,6.11,6.11,1.0,0.0,8.0,1.0,0.4,0.8,50.1,50.1,50.1,50.1,1.0,0.0,8.0,1.0,0.4,0.8,-177.7,-177.7,-177.7,-177.7,1.0,0.0,8.0,1.0,0.4,0.8,-31.3,-31.3,-31.3,-31.3,1.0,0.0,8.0,1.0,0.4,0.8,-91.0,-91.0,-91.0,-91.0,1.0,0.0,8.0,1.0,0.4,0.8,-16.1,-16.1,-16.1,-16.1,1.0,0.0,8.0,1.0,0.4,0.8,-49.4,-49.4,-49.4,-49.4,1.0,0.0,8.0,1.0,0.4,0.8,-8.7,-8.7,-8.7,-8.7,1.0,0.0,8.0,1.0,0.4,0.8,551.5,551.5,551.5,551.5,1.0,0.0,8.0,1.0,0.4,0.8,550.0,550.0,550.0,550.0,1.0,0.0,8.0,1.0,0.4,0.8
1974,2,225.0,17.0,22.29,22.8,23.16,22.73,4.0,0.56,14.0,0.8,0.5,0.4,21.5,21.6,23.75,22.44,5.0,1.25,12.0,0.8,0.4,0.3,12.6,12.86,13.98,13.28,3.0,1.08,8.0,0.7,0.2,0.4,72.4,78.5,87.1,79.7,3.0,10.9,8.0,0.7,0.4,9.03,10.8,11.17,10.18,5.0,1.56,12.0,0.8,0.4,0.3,-10.8,-9.35,-8.66,-9.6,5.0,1.33,12.0,0.8,0.4,0.3,-4.53,-3.35,-1.19,-2.93,5.0,2.07,12.0,0.8,0.4,0.3,1016.43,1017.8,1019.6,1018.04,5.0,2.0,12.0,0.8,0.4,0.3,3.0,5.0,8.0,5.4,5.0,2.5,12.0,0.8,0.4,0.3,-120.7,-101.0,-78.9,-99.3,5.0,27.0,12.0,0.8,0.4,0.3,-51.5,-32.8,-12.9,-31.8,5.0,22.9,12.0,0.8,0.4,0.3,-1.33,0.25,1.41,0.05,4.0,1.68,14.0,0.8,0.5,0.4,-14.7,1.9,14.8,0.1,4.0,18.0,14.0,0.8,0.5,0.4,3.81,4.38,4.95,4.38,2.0,1.18,8.0,0.5,0.3,0.5,41.2,47.3,53.4,47.3,2.0,12.7,8.0,0.5,0.3,0.5,-241.4,-224.5,-186.1,-215.9,5.0,36.1,12.0,0.8,0.4,0.3,-107.8,-72.1,-25.7,-67.5,5.0,49.8,12.0,0.8,0.4,0.3,-128.8,-120.2,-114.4,-121.6,3.0,10.6,8.0,0.7,0.2,0.4,-54.8,-23.4,-7.4,-30.9,3.0,35.3,8.0,0.7,0.2,0.4,-51.9,-44.3,-36.7,-44.3,2.0,15.7,8.0,0.5,0.3,0.5,-17.7,-14.5,-11.3,-14.5,2.0,6.6,8.0,0.5,0.3,0.5,764.0,1259.5,1399.5,1112.0,5.0,443.0,12.0,0.8,0.4,0.3,765.0,1260.0,1400.0,1110.0,5.0,445.0,12.0,0.8,0.4,0.3
1974,2,225.0,18.0,21.31,22.2,22.95,22.13,3.0,1.2,16.0,0.7,0.6,0.5,20.66,20.8,21.76,21.2,3.0,0.87,16.0,0.7,0.6,0.5,9.4,10.65,10.77,10.09,3.0,1.11,16.0,0.7,0.6,0.5,60.5,65.4,69.3,64.9,3.0,6.5,16.0,0.7,0.5,6.94,8.25,9.82,8.38,4.0,1.71,16.0,0.8,0.6,0.4,-8.02,-6.43,-6.01,-6.99,4.0,1.58,16.0,0.8,0.6,0.4,-5.85,-3.47,-1.59,-3.71,4.0,3.23,16.0,0.8,0.6,0.4,1016.74,1017.95,1019.0,1017.88,4.0,1.32,16.0,0.8,0.6,0.4,4.9,7.5,8.0,6.5,4.0,2.4,16.0,0.8,0.6,0.4,-77.8,-56.5,-41.7,-59.6,4.0,21.9,16.0,0.8,0.6,0.4,-54.9,-24.2,-10.7,-32.4,4.0,34.5,16.0,0.8,0.6,0.4,0.03,0.1,1.87,0.93,3.0,1.53,16.0,0.7,0.6,0.5,0.3,1.0,13.6,6.8,3.0,10.9,16.0,0.7,0.6,0.5,6.01,6.48,6.89,6.45,3.0,0.64,16.0,0.7,0.6,0.5,42.7,50.9,61.7,52.2,3.0,14.0,16.0,0.7,0.6,0.5,-134.9,-128.8,-128.6,-131.7,3.0,5.2,16.0,0.7,0.6,0.5,-135.6,-74.4,-74.2,-104.2,3.0,51.9,16.0,0.7,0.6,0.5,-65.3,-62.8,-59.8,-62.5,3.0,4.0,16.0,0.7,0.6,0.5,-59.6,-38.3,-36.9,-48.0,3.0,18.6,16.0,0.7,0.6,0.5,-43.7,-42.9,-36.6,-40.2,3.0,5.7,16.0,0.7,0.6,0.5,-43.0,-25.5,-21.3,-32.0,3.0,16.8,16.0,0.7,0.6,0.5,335.5,589.0,955.5,643.0,4.0,373.5,16.0,0.8,0.6,0.4,335.0,590.0,955.0,645.0,4.0,375.0,16.0,0.8,0.6,0.4
1974,2,225.0,19.0,21.89,22.0,22.52,22.2,7.0,0.44,20.0,0.4,0.6,0.2,20.54,21.0,22.07,21.27,7.0,1.24,20.0,0.4,0.6,0.2,10.55,13.09,13.68,12.53,7.0,1.84,20.0,0.4,0.6,0.2,73.2,76.2,88.7,80.0,7.0,9.7,20.0,0.4,0.2,5.05,6.7,10.3,7.27,7.0,2.43,20.0,0.4,0.6,0.2,-7.98,-5.83,-3.89,-6.24,7.0,2.26,20.0,0.4,0.6,0.2,-4.42,-3.28,-2.12,-3.53,7.0,1.58,20.0,0.4,0.6,0.2,1017.95,1019.2,1020.13,1019.29,7.0,1.82,20.0,0.4,0.6,0.2,3.0,5.0,7.0,4.6,7.0,2.0,20.0,0.4,0.6,0.2,-82.2,-36.1,-19.7,-49.9,7.0,32.2,20.0,0.4,0.6,0.2,-37.8,-23.0,-12.9,-27.8,7.0,20.2,20.0,0.4,0.6,0.2,0.9,1.0,1.35,0.93,7.0,1.01,20.0,0.4,0.6,0.2,3.6,6.7,11.3,8.0,7.0,8.8,20.0,0.4,0.6,0.2,2.74,3.83,5.51,4.04,7.0,1.55,20.0,0.4,0.6,0.2,11.5,23.7,50.6,31.6,7.0,19.7,20.0,0.4,0.6,0.2,-160.9,-128.2,-90.6,-131.4,7.0,44.1,20.0,0.4,0.6,0.2,-94.3,-74.0,-46.5,-74.2,7.0,29.7,20.0,0.4,0.6,0.2,-84.8,-78.0,-51.0,-75.7,7.0,21.5,20.0,0.4,0.6,0.2,-65.7,-40.8,-28.2,-43.4,7.0,17.7,20.0,0.4,0.6,0.2,-46.4,-22.3,-9.9,-27.4,7.0,17.6,20.0,0.4,0.6,0.2,-18.1,-11.8,-7.2,-14.7,7.0,10.5,20.0,0.4,0.6,0.2,129.5,301.0,1092.5,497.0,7.0,435.0,20.0,0.4,0.6,0.2,130.0,300.0,1095.0,495.0,7.0,435.0,20.0,0.4,0.6,0.2
1974,2,225.0,20.0,21.23,21.75,22.29,21.56,8.0,1.16,18.0,0.5,0.6,0.4,20.0,20.55,21.97,20.81,8.0,1.06,18.0,0.5,0.6,0.4,10.37,11.28,12.23,11.25,8.0,1.47,18.0,0.5,0.6,0.4,64.4,73.9,84.4,74.4,8.0,10.5,18.0,0.5,0.4,6.26,7.7,12.9,9.79,8.0,4.33,16.0,0.6,0.6,0.3,-12.88,-7.45,-5.87,-9.41,8.0,4.2,16.0,0.6,0.6,0.3,-3.29,-2.18,0.0,-2.08,8.0,2.13,16.0,0.6,0.6,0.3,1017.42,1019.3,1023.29,1019.91,9.0,2.73,16.0,0.6,0.6,0.4,3.2,6.0,7.0,5.6,8.0,1.8,16.0,0.5,0.6,0.4,-166.1,-57.5,-38.5,-107.9,8.0,96.4,16.0,0.6,0.6,0.3,-28.2,-17.8,0.0,-24.8,8.0,36.7,16.0,0.6,0.6,0.3,-0.39,1.0,1.77,0.75,8.0,1.3,18.0,0.5,0.6,0.4,-4.9,9.0,10.4,3.8,7.0,12.4,18.0,0.6,0.6,0.4,2.95,4.63,6.46,4.69,8.0,1.86,18.0,0.5,0.6,0.4,20.6,32.5,82.5,47.8,7.0,36.9,18.0,0.6,0.6,0.4,-284.6,-169.5,-126.6,-210.8,7.0,97.6,18.0,0.6,0.6,0.4,-70.4,-46.1,0.0,-44.6,7.0,50.6,18.0,0.6,0.6,0.4,-152.7,-89.5,-83.2,-113.1,7.0,42.9,18.0,0.6,0.6,0.4,-38.1,-26.7,0.0,-23.2,7.0,25.0,18.0,0.6,0.6,0.4,-82.2,-31.7,-20.3,-45.8,7.0,35.3,18.0,0.6,0.6,0.4,-17.4,-3.6,0.0,-10.2,7.0,14.6,18.0,0.6,0.6,0.4,245.5,462.5,2146.5,1478.5,8.0,1941.5,16.0,0.6,0.6,0.3,245.0,460.0,2145.0,1480.0,8.0,1940.0,16.0,0.6,0.6,0.3
1974,2,225.0,21.0,21.19,22.4,23.21,22.22,6.0,1.39,12.0,0.5,0.5,0.4,19.37,20.0,22.1,20.67,7.0,1.82,14.0,0.6,0.5,0.4,10.42,10.57,11.35,10.83,5.0,0.52,12.0,0.6,0.6,0.4,68.8,74.3,79.1,73.9,5.0,7.8,12.0,0.6,0.4,8.98,10.3,11.3,9.34,7.0,3.07,14.0,0.6,0.5,0.4,-11.13,-9.8,-8.2,-8.29,7.0,4.86,14.0,0.6,0.5,0.4,-3.53,-1.96,-0.43,-2.11,7.0,1.47,14.0,0.6,0.5,0.4,1018.17,1019.5,1021.18,1019.63,6.0,2.19,12.0,0.5,0.5,0.4,7.0,8.0,8.0,7.4,7.0,0.8,14.0,0.6,0.5,0.4,-125.7,-99.7,-77.1,-90.2,7.0,45.6,14.0,0.6,0.5,0.4,-36.5,-22.2,-1.1,-21.6,7.0,15.8,14.0,0.6,0.5,0.4,-0.21,1.5,3.77,1.77,6.0,2.27,12.0,0.5,0.5,0.4,-2.0,10.6,39.4,17.1,6.0,24.8,12.0,0.5,0.5,0.4,4.95,5.91,6.81,5.84,5.0,1.21,12.0,0.6,0.6,0.4,48.9,57.9,71.5,60.0,5.0,13.0,12.0,0.6,0.6,0.4,-235.7,-190.8,-159.7,-171.1,7.0,102.8,14.0,0.6,0.5,0.4,-68.4,-43.2,-9.0,-41.7,7.0,27.9,14.0,0.6,0.5,0.4,-114.9,-113.1,-98.0,-107.3,5.0,10.8,12.0,0.6,0.6,0.4,-38.8,-33.0,-13.0,-26.5,5.0,16.7,12.0,0.6,0.6,0.4,-67.2,-57.9,-46.7,-57.5,5.0,11.6,12.0,0.6,0.6,0.4,-24.4,-17.4,-5.0,-15.0,5.0,11.0,12.0,0.6,0.6,0.4,766.5,1092.5,1443.0,1000.0,7.0,496.0,14.0,0.6,0.5,0.4,765.0,1095.0,1445.0,1000.0,7.0,495.0,14.0,0.6,0.5,0.4
1974,2,225.0,22.0,19.17,19.75,20.33,19.75,2.0,1.2,22.0,0.5,0.3,0.5,18.64,18.95,19.26,18.95,2.0,0.64,22.0,0.5,0.3,0.5,7.83,8.95,10.06,8.95,2.0,2.31,22.0,0.5,0.3,0.5,59.3,66.2,73.0,66.2,2.0,14.2,22.0,0.5,0.5,4.75,6.15,7.55,6.15,2.0,2.9,22.0,0.5,0.3,0.5,-7.13,-5.9,-4.67,-5.9,2.0,2.55,22.0,0.5,0.3,0.5,-2.36,-1.4,-0.45,-1.4,2.0,1.98,22.0,0.5,0.3,0.5,1020.56,1022.4,1024.24,1022.4,2.0,3.82,22.0,0.5,0.3,0.5,6.3,7.0,7.0,6.7,3.0,0.6,16.0,0.7,0.4,0.6,-55.8,-40.0,-24.2,-40.0,2.0,32.8,22.0,0.5,0.3,0.5,-19.3,-11.5,-3.6,-11.5,2.0,16.3,22.0,0.5,0.3,0.5,-0.09,0.8,1.69,0.8,2.0,1.84,22.0,0.5,0.3,0.5,1.0,7.6,14.2,7.6,2.0,13.6,22.0,0.5,0.3,0.5,3.65,5.26,6.86,5.26,2.0,3.32,22.0,0.5,0.3,0.5,19.9,37.1,54.4,37.1,2.0,35.7,22.0,0.5,0.3,0.5,-132.6,-111.0,-89.5,-111.0,2.0,44.6,22.0,0.5,0.3,0.5,-43.7,-25.9,-8.2,-25.9,2.0,36.7,22.0,0.5,0.3,0.5,-54.3,-49.9,-45.4,-49.9,2.0,9.2,22.0,0.5,0.3,0.5,-17.3,-10.3,-3.3,-10.3,2.0,14.5,22.0,0.5,0.3,0.5,-51.2,-35.3,-19.3,-35.3,2.0,33.0,22.0,0.5,0.3,0.5,-17.9,-10.7,-3.4,-10.7,2.0,15.1,22.0,0.5,0.3,0.5,145.5,310.0,475.0,310.0,2.0,341.0,22.0,0.5,0.3,0.5,145.0,310.0,475.0,310.0,2.0,340.0,22.0,0.5,0.3,0.5
1974,2,225.0,23.0,18.95,20.0,20.53,19.87,7.0,1.05,22.0,0.6,0.6,0.4,18.48,20.0,20.55,19.59,7.0,1.3,22.0,0.6,0.6,0.4,9.09,10.09,10.24,9.75,7.0,0.65,22.0,0.6,0.6,0.4,64.3,68.4,77.0,69.6,7.0,5.6,22.0,0.6,0.4,4.1,7.95,8.7,7.13,8.0,3.35,24.0,0.6,0.6,0.4,-8.52,-7.66,-2.7,-5.88,8.0,4.39,24.0,0.6,0.6,0.4,-2.94,-1.47,1.3,-1.25,8.0,2.96,24.0,0.6,0.6,0.4,1019.21,1021.0,1021.76,1020.51,7.0,1.79,22.0,0.6,0.6,0.4,4.1,6.0,7.0,5.6,8.0,1.9,24.0,0.6,0.6,0.4,-74.2,-61.0,-7.7,-52.9,8.0,49.1,24.0,0.6,0.6,0.4,-25.3,-12.4,5.2,-16.8,8.0,29.9,24.0,0.6,0.6,0.4,-0.02,0.0,0.55,0.29,7.0,0.64,22.0,0.6,0.6,0.4,-0.2,0.0,4.5,2.1,7.0,5.5,22.0,0.6,0.6,0.4,4.01,4.47,5.25,4.6,7.0,0.77,22.0,0.6,0.6,0.4,23.2,37.3,45.8,33.8,7.0,13.7,22.0,0.6,0.6,0.4,-177.8,-149.4,-75.9,-137.1,7.0,53.4,22.0,0.6,0.6,0.4,-66.7,-27.9,10.2,-35.7,7.0,48.0,22.0,0.6,0.6,0.4,-86.9,-81.6,-34.7,-68.5,7.0,27.0,22.0,0.6,0.6,0.4,-31.7,-15.2,5.1,-17.7,7.0,22.8,22.0,0.6,0.6,0.4,-42.8,-35.0,-21.8,-31.7,7.0,11.9,22.0,0.6,0.6,0.4,-16.1,-6.5,2.3,-8.0,7.0,11.4,22.0,0.6,0.6,0.4,69.0,504.0,658.5,578.5,8.0,689.0,24.0,0.6,0.6,0.4,70.0,505.0,660.0,580.0,8.0,690.0,24.0,0.6,0.6,0.4
1974,2,225.0,24.0,19.32,20.0,21.02,20.17,3.0,1.26,12.0,0.3,0.4,0.5,17.89,18.6,19.42,18.65,4.0,0.96,12.0,0.5,0.4,0.5,8.78,9.58,9.76,9.28,3.0,0.76,12.0,0.3,0.4,0.5,67.7,68.3,73.9,70.7,3.0,5.0,12.0,0.3,0.5,3.6,6.15,9.54,6.55,4.0,3.47,12.0,0.5,0.4,0.5,-8.57,-5.86,-2.9,-5.74,4.0,3.3,12.0,0.5,0.4,0.5,-4.11,-2.87,-0.99,-2.56,4.0,2.39,12.0,0.5,0.4,0.5,1020.82,1023.5,1025.66,1023.25,4.0,2.82,12.0,0.5,0.4,0.5,4.9,7.0,7.0,6.0,4.0,2.0,12.0,0.5,0.4,0.5,-82.0,-41.9,-10.4,-46.0,4.0,41.9,12.0,0.5,0.4,0.5,-40.1,-17.9,-3.5,-21.7,4.0,23.9,12.0,0.5,0.4,0.5,0.39,0.8,2.92,1.63,3.0,1.99,12.0,0.3,0.4,0.5,2.1,2.9,10.5,6.2,3.0,6.8,12.0,0.3,0.4,0.5,4.08,4.85,6.56,5.31,3.0,1.86,12.0,0.3,0.4,0.5,17.5,26.5,37.2,27.3,3.0,14.4,12.0,0.3,0.4,0.5,-165.9,-113.2,-52.1,-109.2,4.0,66.1,12.0,0.5,0.4,0.5,-79.3,-53.7,-17.1,-48.5,4.0,45.2,12.0,0.5,0.4,0.5,-64.5,-34.9,-24.4,-44.2,3.0,30.5,12.0,0.3,0.4,0.5,-26.8,-23.2,-3.2,-15.2,3.0,18.7,12.0,0.3,0.4,0.5,-32.4,-17.0,-14.4,-23.3,3.0,14.3,12.0,0.3,0.4,0.5,-18.4,-14.4,-3.0,-10.8,3.0,11.7,12.0,0.3,0.4,0.5,46.5,352.5,886.0,461.0,4.0,510.5,12.0,0.5,0.4,0.5,45.0,355.0,885.0,460.0,4.0,510.0,12.0,0.5,0.4,0.5
1974,2,225.0,25.0,19.05,19.7,20.37,19.56,9.0,0.94,10.0,0.7,0.4,0.6,17.85,18.0,19.08,18.33,9.0,0.66,10.0,0.7,0.4,0.6,7.7,9.0,9.66,8.85,9.0,1.13,10.0,0.7,0.4,0.6,59.4,69.3,75.5,68.5,9.0,9.6,10.0,0.7,0.6,4.23,6.2,9.73,6.74,9.0,2.49,10.0,0.7,0.4,0.6,-8.73,-5.83,-3.66,-6.15,9.0,2.55,10.0,0.7,0.4,0.6,-4.18,-0.8,1.08,-1.24,9.0,2.56,10.0,0.7,0.4,0.6,1021.66,1022.8,1024.39,1022.97,9.0,1.57,10.0,0.7,0.4,0.6,6.3,7.0,8.0,6.9,9.0,1.6,10.0,0.7,0.4,0.6,-85.2,-36.1,-15.0,-46.9,9.0,34.2,10.0,0.7,0.4,0.6,-26.5,-3.7,7.2,-10.1,9.0,20.9,10.0,0.7,0.4,0.6,0.78,1.2,1.94,1.22,9.0,0.91,10.0,0.7,0.4,0.6,4.0,5.5,14.8,8.7,9.0,9.4,10.0,0.7,0.4,0.6,4.03,5.38,6.42,5.18,9.0,1.75,10.0,0.7,0.4,0.6,15.2,36.7,51.3,34.9,9.0,18.1,10.0,0.7,0.4,0.6,-160.3,-113.6,-65.5,-113.0,9.0,46.6,10.0,0.7,0.4,0.6,-74.1,-14.4,20.7,-21.8,9.0,47.1,10.0,0.7,0.4,0.6,-86.3,-43.8,-32.7,-55.1,9.0,25.7,10.0,0.7,0.4,0.6,-34.9,-5.8,9.9,-10.9,9.0,22.2,10.0,0.7,0.4,0.6,-45.4,-29.3,-13.8,-31.6,9.0,17.7,10.0,0.7,0.4,0.6,-23.0,-5.2,5.5,-6.6,9.0,14.7,10.0,0.7,0.4,0.6,76.5,238.5,947.0,422.0,9.0,412.0,10.0,0.7,0.4,0.6,75.0,240.0,945.0,420.0,9.0,410.0,10.0,0.7,0.4,0.6
1974,2,225.0,26.0,19.57,21.0,21.0,20.3,3.0,1.21,8.0,0.7,0.7,0.6,16.7,18.0,18.41,17.57,3.0,1.31,8.0,0.7,0.7,0.6,10.82,11.15,11.15,10.99,3.0,0.28,8.0,0.7,0.7,0.6,85.9,88.1,92.8,89.3,3.0,5.2,8.0,0.7,0.6,6.43,9.3,9.3,7.9,3.0,2.42,8.0,0.7,0.7,0.6,-7.12,-7.12,-5.53,-6.35,3.0,1.35,8.0,0.7,0.7,0.6,-5.98,-5.98,-0.71,-3.4,3.0,4.46,8.0,0.7,0.7,0.6,1024.32,1025.0,1025.34,1024.83,3.0,0.76,8.0,0.7,0.7,0.6,7.3,8.0,8.0,7.7,3.0,0.6,8.0,0.7,0.7,0.6,-66.3,-66.3,-37.7,-52.3,3.0,24.1,8.0,0.7,0.7,0.6,-55.6,-55.6,-11.6,-34.1,3.0,37.2,8.0,0.7,0.7,0.6,2.53,2.8,2.94,2.73,3.0,0.31,8.0,0.7,0.7,0.6,16.8,22.3,26.1,21.5,3.0,6.8,8.0,0.7,0.7,0.6,3.2,4.14,4.14,3.68,3.0,0.8,8.0,0.7,0.7,0.6,21.8,38.5,38.5,30.4,3.0,14.1,8.0,0.7,0.7,0.6,-131.2,-128.2,-93.4,-112.6,3.0,30.8,8.0,0.7,0.7,0.6,-110.1,-107.6,-15.0,-63.6,3.0,79.4,8.0,0.7,0.7,0.6,-79.4,-79.4,-60.1,-70.0,3.0,16.3,8.0,0.7,0.7,0.6,-66.7,-66.6,-8.4,-38.2,3.0,49.2,8.0,0.7,0.7,0.6,-29.5,-29.5,-18.4,-24.1,3.0,9.4,8.0,0.7,0.7,0.6,-24.8,-24.8,-4.6,-14.9,3.0,17.1,8.0,0.7,0.7,0.6,346.0,804.5,804.5,580.5,3.0,388.0,8.0,0.7,0.7,0.6,345.0,805.0,805.0,580.0,3.0,390.0,8.0,0.7,0.7,0.6
1974,2,225.0,27.0,18.36,19.25,21.21,19.68,6.0,1.51,18.0,0.2,0.5,0.6,17.36,18.4,19.1,18.43,7.0,1.41,18.0,0.3,0.5,0.6,7.97,9.0,9.57,8.81,5.0,1.14,16.0,0.2,0.5,0.6,65.5,69.2,70.1,67.9,5.0,3.4,16.0,0.2,0.6,0.0,5.1,6.82,4.49,7.0,3.42,18.0,0.3,0.5,0.6,-6.82,-4.94,0.0,-4.32,7.0,3.35,18.0,0.3,0.5,0.6,-1.67,0.0,0.0,-0.86,7.0,1.15,18.0,0.3,0.5,0.6,1021.21,1023.8,1025.05,1021.53,7.0,7.18,18.0,0.3,0.5,0.6,1.9,6.0,7.0,4.6,7.0,2.9,18.0,0.3,0.5,0.6,-46.8,-26.0,0.0,-29.2,7.0,29.4,18.0,0.3,0.5,0.6,-15.1,0.0,0.0,-5.5,7.0,7.4,18.0,0.3,0.5,0.6,0.21,1.05,2.2,1.35,6.0,1.7,18.0,0.2,0.5,0.6,-0.7,2.5,17.1,7.0,6.0,11.1,18.0,0.2,0.5,0.6,3.88,5.08,6.8,5.38,5.0,1.8,16.0,0.2,0.5,0.6,0.0,24.5,46.7,23.6,5.0,23.4,16.0,0.2,0.5,0.6,-126.9,-81.4,0.0,-77.5,7.0,59.7,18.0,0.3,0.5,0.6,-29.8,0.0,0.0,-14.9,7.0,19.5,18.0,0.3,0.5,0.6,-67.2,-35.4,0.0,-34.8,5.0,35.1,16.0,0.2,0.5,0.6,-16.1,0.0,0.0,-6.8,5.0,9.6,16.0,0.2,0.5,0.6,-42.5,-24.5,0.0,-22.2,5.0,21.8,16.0,0.2,0.5,0.6,-13.7,0.0,0.0,-6.3,5.0,10.1,16.0,0.2,0.5,0.6,0.0,132.5,325.0,217.0,7.0,279.5,18.0,0.3,0.5,0.6,0.0,135.0,325.0,215.0,7.0,280.0,18.0,0.3,0.5,0.6
1974,2,225.0,28.0,17.99,19.0,19.52,18.97,7.0,0.81,18.0,0.3,0.4,0.6,16.0,17.4,18.26,17.06,8.0,1.27,16.0,0.4,0.4,0.5,7.89,8.61,9.79,8.69,7.0,1.06,18.0,0.3,0.4,0.6,70.5,75.1,78.8,73.8,7.0,9.0,18.0,0.3,0.6,4.1,5.1,7.03,5.78,8.0,2.5,16.0,0.4,0.4,0.5,-5.32,-4.23,-2.74,-4.27,8.0,1.69,16.0,0.4,0.4,0.5,-1.83,0.92,3.14,0.36,8.0,4.54,16.0,0.4,0.4,0.5,1022.79,1024.65,1026.03,1024.52,8.0,1.73,16.0,0.4,0.4,0.5,6.1,8.0,8.0,6.9,8.0,2.1,16.0,0.4,0.4,0.5,-30.0,-24.1,-11.4,-27.6,8.0,23.5,16.0,0.4,0.4,0.5,-10.4,4.2,13.0,-4.3,8.0,41.5,16.0,0.4,0.4,0.5,1.0,2.2,3.0,2.09,7.0,0.89,18.0,0.3,0.4,0.6,6.4,12.3,17.5,12.3,7.0,7.3,18.0,0.3,0.4,0.6,4.07,4.13,5.66,4.8,7.0,1.26,18.0,0.3,0.4,0.6,16.4,22.3,34.2,30.7,7.0,24.1,18.0,0.3,0.4,0.6,-91.2,-65.4,-48.7,-72.4,8.0,29.7,16.0,0.4,0.4,0.5,-29.5,13.4,57.5,5.7,8.0,79.3,16.0,0.4,0.4,0.5,-42.9,-36.0,-25.6,-34.6,7.0,11.0,18.0,0.3,0.4,0.6,-17.6,20.8,32.1,7.6,7.0,38.3,18.0,0.3,0.4,0.6,-31.0,-16.2,-10.6,-21.7,7.0,15.7,18.0,0.3,0.4,0.6,-13.4,11.2,13.5,-2.2,7.0,29.6,18.0,0.3,0.4,0.6,69.0,132.5,352.5,306.5,8.0,471.0,16.0,0.4,0.4,0.5,70.0,135.0,350.0,305.0,8.0,470.0,16.0,0.4,0.4,0.5
1974,2,225.0,29.0,16.89,17.2,18.24,17.54,5.0,0.91,18.0,0.4,0.4,0.3,16.76,19.0,19.37,18.24,5.0,1.61,18.0,0.4,0.4,0.3,10.09,11.06,11.52,10.79,5.0,0.97,18.0,0.4,0.4,0.3,77.1,82.4,89.3,83.5,5.0,7.5,18.0,0.4,0.3,5.89,8.2,10.35,8.02,5.0,2.92,18.0,0.4,0.4,0.3,-7.6,-1.23,8.08,0.02,5.0,8.22,18.0,0.4,0.4,0.3,-2.58,3.38,4.67,1.4,5.0,4.36,18.0,0.4,0.4,0.3,1012.95,1021.0,1022.88,1018.52,5.0,5.62,18.0,0.4,0.4,0.3,6.6,7.0,8.0,7.2,5.0,0.8,18.0,0.4,0.4,0.3,-62.8,-4.4,77.4,6.0,5.0,79.0,18.0,0.4,0.4,0.3,-23.3,12.2,44.7,10.5,5.0,42.4,18.0,0.4,0.4,0.3,-2.48,-2.0,1.48,-0.7,5.0,2.45,18.0,0.4,0.4,0.3,-22.7,-8.3,13.5,-4.0,5.0,21.8,18.0,0.4,0.4,0.3,0.71,1.12,2.51,1.61,5.0,1.61,18.0,0.4,0.4,0.3,5.0,9.2,26.0,15.2,5.0,16.3,18.0,0.4,0.4,0.3,-127.0,-23.4,158.1,9.4,5.0,148.5,18.0,0.4,0.4,0.3,-42.3,64.3,91.3,30.7,5.0,77.9,18.0,0.4,0.4,0.3,-79.2,-14.3,87.7,1.7,5.0,86.3,18.0,0.4,0.4,0.3,-25.6,39.4,50.6,17.0,5.0,44.7,18.0,0.4,0.4,0.3,-18.3,-0.1,10.2,-4.5,5.0,19.9,18.0,0.4,0.4,0.3,-8.6,0.3,5.9,-1.9,5.0,11.4,18.0,0.4,0.4,0.3,254.0,551.5,1124.5,671.0,5.0,539.0,18.0,0.4,0.4,0.3,255.0,550.0,1125.0,670.0,5.0,540.0,18.0,0.4,0.4,0.3
1974,2,225.0,30.0,17.09,18.0,19.0,17.92,19.0,1.03,16.0,0.8,0.4,0.4,16.02,16.7,17.45,16.91,18.0,1.1,16.0,0.8,0.4,0.4,7.48,9.03,10.24,8.96,16.0,1.47,16.0,0.8,0.4,0.4,62.1,76.3,85.9,75.7,16.0,11.8,16.0,0.8,0.4,1.82,5.1,9.76,5.33,17.0,3.74,16.0,0.8,0.5,0.4,-8.72,-4.63,0.0,-4.3,17.0,3.97,16.0,0.8,0.5,0.4,-4.45,0.0,0.69,-0.91,17.0,2.81,16.0,0.8,0.5,0.4,1021.52,1025.6,1027.03,1024.82,18.0,2.75,16.0,0.8,0.4,0.4,6.7,7.5,8.0,7.2,18.0,1.2,16.0,0.8,0.4,0.4,-85.0,-26.0,0.0,-35.9,17.0,39.0,16.0,0.8,0.5,0.4,-34.3,0.0,1.0,-9.5,17.0,25.3,16.0,0.8,0.5,0.4,-0.5,1.0,2.71,0.96,17.0,1.87,16.0,0.8,0.4,0.4,-1.1,3.5,19.7,7.0,16.0,11.8,16.0,0.8,0.4,0.4,2.19,3.04,5.82,3.67,15.0,1.74,16.0,0.8,0.4,0.4,6.3,16.5,35.8,20.0,14.0,15.9,16.0,0.8,0.4,0.3,-145.6,-69.4,0.0,-71.1,17.0,67.3,16.0,0.8,0.5,0.4,-73.8,0.0,11.5,-14.8,17.0,46.8,16.0,0.8,0.5,0.4,-83.6,-31.6,0.0,-36.1,15.0,38.1,16.0,0.7,0.5,0.4,-28.0,0.0,9.7,-5.9,15.0,24.2,16.0,0.7,0.5,0.4,-30.4,-13.9,0.0,-15.5,14.0,16.4,16.0,0.8,0.4,0.3,-11.0,0.0,5.9,-2.6,14.0,12.2,16.0,0.8,0.4,0.3,6.5,132.5,937.0,366.0,17.0,447.5,16.0,0.8,0.5,0.4,5.0,135.0,935.0,365.0,17.0,450.0,16.0,0.8,0.5,0.4
1974,2,225.0,31.0,16.0,16.65,17.56,16.78,4.0,0.92,24.0,0.8,0.2,0.6,14.88,15.0,17.81,16.13,7.0,1.63,20.0,0.4,0.4,0.6,6.78,8.46,10.12,8.65,6.0,2.08,20.0,0.5,0.4,0.6,62.7,78.3,95.0,78.4,6.0,16.7,20.0,0.5,0.6,4.08,5.1,5.4,5.49,7.0,2.63,20.0,0.4,0.4,0.6,-2.6,-0.89,4.08,0.62,7.0,4.39,20.0,0.4,0.4,0.6,-4.45,0.0,4.02,-0.19,7.0,4.72,20.0,0.4,0.4,0.6,1020.4,1026.05,1030.1,1025.23,6.0,5.02,20.0,0.5,0.4,0.6,5.0,7.0,8.0,6.7,7.0,1.6,20.0,0.4,0.4,0.6,-13.0,-4.5,19.7,10.8,7.0,39.9,20.0,0.4,0.4,0.6,-22.7,0.0,19.0,4.7,7.0,37.7,20.0,0.4,0.4,0.6,-0.26,0.55,1.1,0.43,4.0,0.81,24.0,0.8,0.2,0.6,-0.9,2.8,5.6,2.4,4.0,3.8,24.0,0.8,0.2,0.6,2.14,4.41,4.78,3.51,4.0,2.2,24.0,0.8,0.2,0.6,10.8,22.5,24.4,17.8,4.0,11.4,24.0,0.8,0.2,0.6,-39.2,-15.8,59.4,7.9,7.0,67.6,20.0,0.4,0.4,0.6,-66.9,0.0,71.2,-3.2,7.0,74.9,20.0,0.4,0.4,0.6,-22.8,-11.6,46.3,5.8,6.0,45.4,20.0,0.5,0.4,0.6,-31.8,-14.4,24.9,-2.5,6.0,40.0,20.0,0.5,0.4,0.6,-11.3,-7.6,-2.5,-6.9,4.0,5.2,24.0,0.8,0.2,0.6,-22.7,-19.5,-8.9,-16.0,4.0,11.0,24.0,0.8,0.2,0.6,68.0,132.5,195.5,289.5,7.0,510.0,20.0,0.4,0.4,0.6,70.0,135.0,195.0,290.0,7.0,510.0,20.0,0.4,0.4,0.6
1974,2,225.0,32.0,15.0,16.1,17.34,16.17,17.0,1.31,14.0,0.3,0.5,0.5,13.35,15.0,15.6,14.96,17.0,1.69,14.0,0.3,0.5,0.6,6.5,7.72,8.47,7.6,16.0,0.98,14.0,0.3,0.5,0.6,64.0,75.5,79.8,72.9,16.0,8.8,14.0,0.3,0.6,2.95,5.1,7.85,5.32,18.0,2.34,14.0,0.3,0.5,0.6,-7.15,-2.34,0.59,-2.77,18.0,3.58,14.0,0.3,0.5,0.6,-3.35,-1.87,3.72,-0.26,18.0,3.79,14.0,0.3,0.5,0.6,1025.7,1027.25,1029.3,1027.46,18.0,2.07,14.0,0.3,0.5,0.6,2.7,6.5,8.0,5.5,18.0,2.5,14.0,0.3,0.5,0.6,-55.3,-7.8,2.0,-20.2,18.0,29.1,14.0,0.3,0.5,0.6,-15.5,-6.0,24.9,2.8,18.0,25.3,14.0,0.3,0.5,0.6,0.07,1.6,2.42,1.04,16.0,2.14,14.0,0.3,0.5,0.5,0.6,7.6,16.8,6.9,16.0,10.5,14.0,0.3,0.5,0.5,2.68,3.57,4.74,3.6,15.0,1.22,16.0,0.3,0.5,0.5,11.3,14.7,30.3,19.5,15.0,11.6,16.0,0.3,0.5,0.5,-102.1,-31.8,9.1,-40.2,17.0,55.1,14.0,0.3,0.5,0.6,-51.8,-27.2,48.8,-7.4,17.0,54.9,14.0,0.3,0.5,0.6,-48.6,-14.8,4.1,-17.0,16.0,25.4,14.0,0.3,0.5,0.6,-23.5,-16.3,25.1,-3.8,16.0,28.5,14.0,0.3,0.5,0.6,-25.8,-6.9,1.9,-9.2,15.0,13.3,16.0,0.3,0.5,0.5,-13.7,-4.8,10.5,-0.2,15.0,16.6,16.0,0.3,0.5,0.5,26.0,132.5,485.0,237.5,18.0,265.0,14.0,0.3,0.5,0.6,25.0,135.0,485.0,235.0,18.0,265.0,14.0,0.3,0.5,0.6
1974,2,225.0,33.0,16.45,17.0,17.45,16.93,11.0,0.69,12.0,0.5,0.6,0.7,13.86,15.0,16.37,15.51,13.0,1.79,12.0,0.5,0.6,0.7,6.77,7.38,9.09,7.71,13.0,1.74,12.0,0.5,0.6,0.7,65.1,74.2,82.3,71.3,13.0,13.4,12.0,0.5,0.7,4.97,6.7,8.85,6.46,12.0,2.78,10.0,0.5,0.6,0.7,-8.22,0.44,3.6,-0.84,12.0,5.72,10.0,0.5,0.6,0.7,-5.31,0.0,3.96,-0.54,12.0,4.41,10.0,0.5,0.6,0.7,1026.07,1027.8,1029.93,1027.9,13.0,2.1,12.0,0.5,0.6,0.7,6.0,6.5,8.0,6.4,12.0,1.6,12.0,0.6,0.5,0.7,-75.1,2.3,20.4,-12.2,12.0,48.7,10.0,0.5,0.6,0.7,-46.4,0.0,21.4,-7.5,12.0,31.6,10.0,0.5,0.6,0.7,-0.7,1.7,3.17,1.33,11.0,1.96,12.0,0.5,0.6,0.7,-5.0,8.6,28.0,10.6,10.0,16.2,10.0,0.5,0.6,0.8,2.64,3.87,4.61,3.96,11.0,1.93,12.0,0.5,0.6,0.7,8.4,20.6,37.1,22.9,10.0,15.7,10.0,0.5,0.6,0.8,-113.1,8.4,60.1,-8.1,12.0,85.4,10.0,0.5,0.6,0.7,-73.7,0.0,62.2,-4.6,12.0,68.1,10.0,0.5,0.6,0.7,-58.8,3.6,34.7,-2.0,12.0,45.6,10.0,0.5,0.6,0.7,-40.1,0.0,36.6,-3.0,12.0,36.2,10.0,0.5,0.6,0.7,-28.5,1.5,10.4,-6.2,10.0,21.4,10.0,0.5,0.6,0.8,-25.7,-4.3,10.4,-5.9,10.0,17.0,10.0,0.5,0.6,0.8,123.5,321.0,695.5,391.5,12.0,337.0,10.0,0.5,0.6,0.7,125.0,320.0,695.0,390.0,12.0,335.0,10.0,0.5,0.6,0.7
1974,2,225.0,34.0,14.0,15.5,16.0,15.13,15.0,1.63,16.0,0.4,0.6,0.4,13.69,15.0,16.43,14.78,16.0,1.41,16.0,0.4,0.6,0.4,5.9,7.82,8.36,7.26,14.0,1.56,16.0,0.4,0.6,0.4,59.6,75.2,80.1,70.6,14.0,14.8,16.0,0.4,0.4,4.48,8.25,10.92,7.79,16.0,3.65,16.0,0.4,0.6,0.4,-5.45,1.57,7.99,1.36,16.0,7.2,16.0,0.4,0.6,0.4,-4.2,0.17,6.62,0.42,16.0,4.89,16.0,0.4,0.6,0.4,1020.38,1027.0,1030.81,1025.28,16.0,7.59,16.0,0.4,0.6,0.4,3.0,5.0,7.0,5.1,14.0,1.9,16.0,0.4,0.6,0.4,-36.2,5.8,81.3,14.4,16.0,78.2,16.0,0.4,0.6,0.4,-39.7,3.4,68.2,7.8,16.0,49.3,16.0,0.4,0.6,0.4,-1.78,0.0,1.88,0.36,15.0,2.59,16.0,0.4,0.6,0.4,-10.7,0.0,13.4,4.7,15.0,26.9,16.0,0.4,0.6,0.4,2.07,2.78,5.4,3.35,13.0,1.77,16.0,0.4,0.6,0.4,11.0,19.8,31.4,25.3,13.0,22.7,16.0,0.4,0.6,0.4,-75.7,23.7,129.1,27.0,16.0,103.9,16.0,0.4,0.6,0.4,-53.7,1.4,93.5,8.1,16.0,74.1,16.0,0.4,0.6,0.4,-38.4,29.6,66.7,18.0,14.0,57.3,16.0,0.4,0.6,0.4,-29.2,13.9,55.2,11.4,14.0,35.4,16.0,0.4,0.6,0.4,-15.2,7.3,22.0,1.2,13.0,30.9,16.0,0.4,0.6,0.4,-11.2,4.2,16.5,1.1,13.0,15.8,16.0,0.4,0.6,0.4,93.0,589.0,1309.5,755.5,16.0,754.0,16.0,0.4,0.6,0.4,95.0,590.0,1310.0,755.0,16.0,755.0,16.0,0.4,0.6,0.4
1974,2,225.0,35.0,13.95,15.0,15.23,14.79,17.0,1.05,16.0,0.4,0.5,0.4,12.11,13.7,14.44,13.56,18.0,1.34,16.0,0.4,0.6,0.4,5.89,7.05,8.5,7.21,16.0,1.47,16.0,0.4,0.5,0.4,66.0,75.3,87.3,76.1,16.0,11.5,16.0,0.4,0.4,5.87,7.7,9.95,7.43,18.0,2.43,16.0,0.4,0.6,0.4,-7.13,3.03,9.14,1.84,18.0,6.97,16.0,0.4,0.6,0.4,-3.91,-0.63,2.69,-0.46,18.0,3.48,16.0,0.4,0.6,0.4,1023.52,1027.55,1031.15,1026.39,18.0,7.17,16.0,0.4,0.6,0.4,3.5,7.0,7.0,5.7,17.0,2.0,16.0,0.4,0.5,0.4,-52.5,18.9,92.7,19.2,18.0,61.3,16.0,0.4,0.6,0.4,-27.4,-2.2,21.2,-1.7,18.0,28.9,16.0,0.4,0.6,0.4,0.11,1.0,3.19,1.32,17.0,1.63,16.0,0.4,0.5,0.4,0.3,8.2,20.3,9.1,17.0,12.9,16.0,0.4,0.5,0.4,1.4,3.55,4.36,3.15,16.0,1.55,16.0,0.4,0.5,0.4,8.9,25.6,29.8,22.1,16.0,13.6,16.0,0.4,0.5,0.4,-90.7,40.1,122.0,26.1,18.0,96.1,16.0,0.4,0.6,0.4,-51.6,-8.5,37.3,-4.0,18.0,48.8,16.0,0.4,0.6,0.4,-45.1,18.0,68.9,14.4,16.0,53.6,16.0,0.4,0.5,0.4,-25.1,-4.0,25.8,0.2,16.0,27.7,16.0,0.4,0.5,0.4,-9.4,7.5,28.0,9.2,16.0,21.4,16.0,0.4,0.5,0.4,-18.5,-2.0,7.9,-4.1,16.0,11.9,16.0,0.4,0.5,0.4,206.5,456.5,987.0,525.0,18.0,376.0,16.0,0.4,0.6,0.4,205.0,455.0,985.0,525.0,18.0,375.0,16.0,0.4,0.6,0.4
1974,2,225.0,36.0,13.46,14.0,15.44,14.35,8.0,1.04,16.0,0.4,0.4,0.3,11.27,12.8,14.73,12.93,9.0,1.65,16.0,0.3,0.5,0.3,5.3,5.79,9.37,6.87,9.0,1.95,16.0,0.3,0.5,0.3,62.5,67.2,87.1,74.3,9.0,14.1,16.0,0.3,0.3,3.1,5.7,8.07,5.72,9.0,2.52,16.0,0.3,0.5,0.3,-3.51,-2.56,4.63,0.17,9.0,4.1,16.0,0.3,0.5,0.3,-4.07,0.0,4.9,0.26,9.0,5.13,16.0,0.3,0.5,0.3,1023.35,1030.1,1031.6,1028.23,9.0,4.78,16.0,0.3,0.5,0.3,7.0,8.0,8.0,7.6,9.0,0.7,16.0,0.3,0.5,0.3,-17.8,-6.7,39.4,7.4,9.0,27.5,16.0,0.3,0.5,0.3,-22.7,0.0,35.8,1.1,9.0,42.0,16.0,0.3,0.5,0.3,-0.89,1.05,3.0,1.18,8.0,2.05,16.0,0.4,0.4,0.3,-2.8,5.8,12.0,4.7,8.0,10.2,16.0,0.4,0.4,0.3,0.92,3.47,4.97,2.94,8.0,1.99,16.0,0.4,0.4,0.3,3.4,12.5,24.5,13.7,8.0,9.8,16.0,0.4,0.4,0.3,-47.3,-28.2,52.0,2.9,9.0,54.7,16.0,0.3,0.5,0.3,-52.1,0.0,72.8,7.8,9.0,65.8,16.0,0.3,0.5,0.3,-21.2,-14.2,27.2,3.6,9.0,29.8,16.0,0.3,0.5,0.3,-23.5,0.0,41.4,7.2,9.0,37.5,16.0,0.3,0.5,0.3,-13.5,-6.0,2.6,-3.7,8.0,12.2,16.0,0.4,0.4,0.3,-13.3,0.5,7.9,0.2,8.0,12.1,16.0,0.4,0.4,0.3,30.0,185.0,526.0,287.0,9.0,310.0,16.0,0.3,0.5,0.3,30.0,185.0,525.0,285.0,9.0,310.0,16.0,0.3,0.5,0.3
1974,2,225.0,37.0,13.11,14.1,14.94,14.06,8.0,1.07,16.0,0.3,0.6,0.6,11.1,12.0,14.27,12.39,9.0,1.87,14.0,0.3,0.6,0.5,5.19,6.76,8.81,7.05,8.0,1.93,16.0,0.3,0.6,0.6,64.2,79.2,85.5,78.1,8.0,12.3,16.0,0.3,0.6,5.07,10.3,14.0,10.23,9.0,4.18,14.0,0.3,0.6,0.5,-6.61,1.4,12.12,2.85,9.0,9.64,14.0,0.3,0.6,0.5,-4.17,0.0,3.66,0.62,9.0,5.73,14.0,0.3,0.6,0.5,1016.92,1020.15,1031.78,1022.74,8.0,6.79,16.0,0.3,0.6,0.6,4.1,6.5,8.0,5.9,8.0,2.5,14.0,0.3,0.6,0.5,-66.8,5.7,156.4,45.8,9.0,120.3,14.0,0.3,0.6,0.5,-51.4,0.0,15.0,5.9,9.0,76.1,14.0,0.3,0.6,0.5,-0.63,1.55,4.28,1.63,8.0,2.21,16.0,0.3,0.6,0.6,-8.4,12.6,24.9,12.8,8.0,24.0,16.0,0.3,0.6,0.6,1.24,2.99,4.81,2.82,8.0,2.03,16.0,0.3,0.6,0.6,13.1,20.3,52.8,26.6,8.0,23.2,16.0,0.3,0.6,0.6,-84.7,16.8,159.2,33.6,9.0,118.0,14.0,0.3,0.6,0.5,-45.5,0.0,43.2,12.2,9.0,85.4,14.0,0.3,0.6,0.5,-40.8,38.3,78.6,28.6,8.0,68.9,16.0,0.3,0.6,0.6,-26.4,0.0,24.5,8.1,8.0,51.5,16.0,0.3,0.6,0.6,-14.1,-0.8,51.3,9.9,8.0,32.6,16.0,0.3,0.6,0.6,-5.2,1.2,15.6,2.6,8.0,13.0,16.0,0.3,0.6,0.6,173.5,1092.5,2759.5,1523.5,9.0,1284.0,14.0,0.3,0.6,0.5,175.0,1095.0,2760.0,1525.0,9.0,1285.0,14.0,0.3,0.6,0.5
1974,2,225.0,38.0,12.96,13.6,14.31,13.75,6.0,0.97,12.0,1.0,0.5,0.2,11.37,11.95,12.52,11.9,6.0,0.85,12.0,1.0,0.5,0.2,5.74,6.22,6.89,6.44,6.0,0.91,12.0,1.0,0.5,0.2,70.5,74.0,78.7,75.4,6.0,7.1,12.0,1.0,0.2,5.0,5.65,11.23,7.45,6.0,3.51,12.0,1.0,0.5,0.2,-4.97,1.64,5.7,0.45,6.0,7.9,12.0,1.0,0.5,0.2,-2.75,-2.06,4.38,-0.01,6.0,4.03,12.0,1.0,0.5,0.2,1021.3,1028.7,1032.19,1027.15,6.0,5.69,12.0,1.0,0.5,0.2,7.0,7.0,8.0,7.3,6.0,0.5,12.0,1.0,0.5,0.2,-44.6,8.4,41.6,-3.9,6.0,90.5,12.0,1.0,0.5,0.2,-22.0,-14.6,23.7,-3.3,6.0,26.4,12.0,1.0,0.5,0.2,1.34,1.8,2.5,1.85,6.0,0.57,12.0,1.0,0.5,0.2,8.6,12.0,16.8,13.5,6.0,7.2,12.0,1.0,0.5,0.2,2.75,3.29,3.52,3.2,6.0,0.41,12.0,1.0,0.5,0.2,15.2,19.2,36.2,23.5,6.0,10.5,12.0,1.0,0.5,0.2,-59.8,21.3,63.7,3.4,6.0,89.8,12.0,1.0,0.5,0.2,-32.5,-23.0,55.9,1.2,6.0,49.3,12.0,1.0,0.5,0.2,-30.9,12.6,33.9,2.6,6.0,48.2,12.0,1.0,0.5,0.2,-16.1,-12.3,33.7,1.9,6.0,27.0,12.0,1.0,0.5,0.2,-15.3,4.4,20.6,2.8,6.0,24.5,12.0,1.0,0.5,0.2,-9.9,-6.4,12.3,-0.7,6.0,12.7,12.0,1.0,0.5,0.2,125.5,185.5,1443.0,668.0,6.0,851.0,12.0,1.0,0.5,0.2,125.0,185.0,1445.0,670.0,6.0,850.0,12.0,1.0,0.5,0.2
1974,2,225.0,39.0,12.55,13.3,13.37,12.97,3.0,0.67,8.0,0.3,0.6,0.3,9.44,10.6,11.69,10.57,3.0,1.65,8.0,0.3,0.6,0.3,4.87,5.31,6.54,5.7,3.0,1.27,8.0,0.3,0.6,0.3,67.7,68.3,77.6,72.5,3.0,8.1,8.0,0.3,0.3,8.89,9.3,9.98,9.43,3.0,0.81,8.0,0.3,0.6,0.3,-6.61,0.0,5.94,-0.33,3.0,9.19,8.0,0.3,0.6,0.3,1.12,3.52,7.47,4.27,3.0,4.7,8.0,0.3,0.6,0.3,1026.96,1028.8,1032.28,1029.6,3.0,3.96,8.0,0.3,0.6,0.3,6.6,8.0,8.0,7.3,3.0,1.2,8.0,0.3,0.6,0.3,-68.0,0.0,51.7,-8.0,3.0,88.0,8.0,0.3,0.6,0.3,11.5,36.3,70.6,40.9,3.0,43.4,8.0,0.3,0.6,0.3,0.86,2.7,3.93,2.4,3.0,2.26,8.0,0.3,0.6,0.3,7.5,23.5,39.1,23.3,3.0,23.2,8.0,0.3,0.6,0.3,2.35,4.01,4.47,3.42,3.0,1.63,8.0,0.3,0.6,0.3,21.1,34.9,44.0,32.6,3.0,16.9,8.0,0.3,0.6,0.3,-58.8,0.0,62.9,2.0,3.0,89.2,8.0,0.3,0.6,0.3,10.0,31.4,87.4,48.3,3.0,58.6,8.0,0.3,0.6,0.3,-30.8,0.0,31.6,0.4,3.0,45.7,8.0,0.3,0.6,0.3,5.2,16.4,50.4,27.5,3.0,34.4,8.0,0.3,0.6,0.3,-30.9,0.0,23.8,-3.5,3.0,40.2,8.0,0.3,0.6,0.3,4.7,14.7,15.9,10.4,3.0,9.0,8.0,0.3,0.6,0.3,705.0,804.5,1001.0,852.0,3.0,221.0,8.0,0.3,0.6,0.3,705.0,805.0,1000.0,850.0,3.0,220.0,8.0,0.3,0.6,0.3
1974,2,225.0,40.0,11.37,12.15,12.93,12.15,2.0,1.63,20.0,0.0,0.4,0.5,7.1,7.95,8.8,7.95,2.0,1.77,20.0,0.0,0.4,0.5,4.06,4.06,4.06,4.06,1.0,0.0,22.0,0.0,0.1,0.5,67.0,67.0,67.0,67.0,1.0,0.0,22.0,0.0,0.5,11.03,12.6,14.17,12.6,2.0,3.25,20.0,0.0,0.4,0.5,5.82,7.39,8.95,7.39,2.0,3.24,20.0,0.0,0.4,0.5,-0.74,5.24,11.22,5.24,2.0,12.39,20.0,0.0,0.4,0.5,1012.81,1013.25,1013.69,1013.25,2.0,0.92,20.0,0.0,0.4,0.5,3.0,5.0,7.0,5.0,2.0,4.2,20.0,0.0,0.4,0.5,79.7,87.8,95.9,87.8,2.0,16.8,20.0,0.0,0.4,0.5,2.6,86.2,169.8,86.2,2.0,173.2,20.0,0.0,0.4,0.5,2.56,4.2,5.84,4.2,2.0,3.39,20.0,0.0,0.4,0.5,33.4,47.4,61.4,47.4,2.0,29.1,20.0,0.0,0.4,0.5,5.4,5.4,5.4,5.4,1.0,0.0,22.0,0.0,0.1,0.5,55.6,55.6,55.6,55.6,1.0,0.0,22.0,0.0,0.1,0.5,49.7,55.9,62.0,55.9,2.0,12.7,20.0,0.0,0.4,0.5,0.6,52.6,104.6,52.6,2.0,107.8,20.0,0.0,0.4,0.5,39.3,39.3,39.3,39.3,1.0,0.0,22.0,0.0,0.1,0.5,-14.3,-14.3,-14.3,-14.3,1.0,0.0,22.0,0.0,0.1,0.5,52.3,52.3,52.3,52.3,1.0,0.0,22.0,0.0,0.1,0.5,-19.0,-19.0,-19.0,-19.0,1.0,0.0,22.0,0.0,0.1,0.5,1444.5,2200.5,2956.5,2200.5,2.0,1566.5,20.0,0.0,0.4,0.5,1445.0,2200.0,2955.0,2200.0,2.0,1565.0,20.0,0.0,0.4,0.5
1974,2,225.0,41.0,10.69,13.0,14.2,12.47,9.0,1.75,18.0,0.7,0.5,0.5,7.07,9.7,12.93,9.87,12.0,2.59,20.0,0.7,0.5,0.5,4.77,5.31,6.28,5.55,10.0,1.11,20.0,0.6,0.5,0.5,68.9,77.3,84.6,76.6,10.0,7.6,20.0,0.6,0.5,8.2,10.8,12.9,10.53,12.0,1.89,20.0,0.7,0.5,0.5,2.37,8.27,11.88,6.84,12.0,5.38,20.0,0.7,0.5,0.5,-4.14,0.71,7.06,1.37,12.0,6.52,20.0,0.7,0.5,0.5,1009.47,1013.7,1022.51,1014.63,12.0,10.19,20.0,0.7,0.5,0.5,5.6,7.0,8.0,6.5,11.0,1.6,20.0,0.7,0.5,0.6,22.1,71.2,143.6,75.9,12.0,62.8,20.0,0.7,0.5,0.5,-42.2,5.8,68.1,15.9,12.0,72.7,20.0,0.7,0.5,0.5,1.35,2.0,7.64,3.74,9.0,3.05,18.0,0.7,0.5,0.5,11.9,25.8,88.2,42.3,9.0,37.6,18.0,0.7,0.5,0.5,2.62,2.99,5.33,3.74,9.0,1.49,18.0,0.7,0.5,0.5,23.1,33.9,66.2,40.7,9.0,21.4,18.0,0.7,0.5,0.5,18.5,78.1,89.8,62.7,12.0,49.1,20.0,0.7,0.5,0.5,-38.5,6.9,85.9,23.5,12.0,73.7,20.0,0.7,0.5,0.5,7.7,47.2,57.5,36.8,10.0,30.9,20.0,0.6,0.5,0.5,-33.4,-4.6,30.2,3.9,10.0,44.0,20.0,0.6,0.5,0.5,12.1,25.9,65.2,32.8,9.0,29.5,18.0,0.7,0.5,0.5,-19.3,-7.8,10.6,-4.5,9.0,14.8,18.0,0.7,0.5,0.5,551.5,1259.5,2146.5,1269.5,12.0,642.0,20.0,0.7,0.5,0.5,550.0,1260.0,2145.0,1270.0,12.0,640.0,20.0,0.7,0.5,0.5
1974,2,225.0,42.0,11.16,11.5,11.84,11.5,2.0,0.71,18.0,0.5,0.9,0.4,8.71,10.75,12.52,10.63,4.0,2.29,22.0,0.8,0.7,0.5,5.43,5.69,6.08,5.75,3.0,0.48,22.0,0.7,0.9,0.5,71.1,72.4,82.5,76.7,3.0,9.1,22.0,0.7,0.5,10.3,12.85,16.76,13.5,4.0,3.84,22.0,0.8,0.7,0.5,9.9,12.31,15.75,12.8,4.0,3.49,22.0,0.8,0.7,0.5,-5.73,-4.39,-0.74,-3.29,4.0,3.56,22.0,0.8,0.7,0.5,996.42,1016.5,1027.64,1012.46,5.0,17.64,18.0,0.8,0.7,0.5,2.9,6.0,7.0,5.0,4.0,3.5,18.0,1.0,0.7,0.3,102.0,163.7,265.6,182.9,4.0,99.1,22.0,0.8,0.7,0.5,-96.7,-58.7,-7.6,-52.4,4.0,56.3,22.0,0.8,0.7,0.5,0.48,1.5,2.52,1.5,2.0,2.12,18.0,0.5,0.9,0.4,4.9,15.5,26.0,15.5,2.0,21.8,18.0,0.5,0.9,0.4,2.32,2.35,2.38,2.35,2.0,0.06,18.0,0.5,0.9,0.4,23.9,24.2,24.5,24.2,2.0,0.7,18.0,0.5,0.9,0.4,98.5,141.2,175.1,137.0,4.0,48.2,22.0,0.8,0.7,0.5,-63.7,-43.3,-2.2,-33.4,4.0,40.4,22.0,0.8,0.7,0.5,57.7,63.5,81.4,69.4,3.0,18.1,22.0,0.7,0.9,0.5,-28.7,-20.0,1.3,-13.8,3.0,22.6,22.0,0.7,0.9,0.5,22.6,23.3,24.0,23.3,2.0,1.4,18.0,0.5,0.9,0.4,-6.2,-1.9,2.3,-1.9,2.0,8.8,18.0,0.5,0.9,0.4,1092.5,2372.5,4794.0,2917.5,4.0,2287.0,22.0,0.8,0.7,0.5,1095.0,2370.0,4795.0,2915.0,4.0,2285.0,22.0,0.8,0.7,0.5
1974,2,225.0,43.0,9.1,9.1,9.1,9.1,1.0,0.0,26.0,1.0,0.6,0.4,6.5,6.5,6.5,6.5,1.0,0.0,26.0,1.0,0.6,0.4,5.14,5.14,5.14,5.14,1.0,0.0,26.0,1.0,0.6,0.4,85.8,85.8,85.8,85.8,1.0,0.0,26.0,1.0,0.4,17.0,17.0,17.0,17.0,1.0,0.0,26.0,1.0,0.6,0.4,15.97,15.97,15.97,15.97,1.0,0.0,26.0,1.0,0.6,0.4,5.81,5.81,5.81,5.81,1.0,0.0,26.0,1.0,0.6,0.4,1012.0,1012.0,1012.0,1012.0,1.0,0.0,26.0,1.0,0.6,0.4,6.0,6.0,6.0,6.0,1.0,0.0,26.0,1.0,0.6,0.4,271.6,271.6,271.6,271.6,1.0,0.0,26.0,1.0,0.6,0.4,98.8,98.8,98.8,98.8,1.0,0.0,26.0,1.0,0.6,0.4,2.6,2.6,2.6,2.6,1.0,0.0,26.0,1.0,0.6,0.4,44.2,44.2,44.2,44.2,1.0,0.0,26.0,1.0,0.6,0.4,2.02,2.02,2.02,2.02,1.0,0.0,26.0,1.0,0.6,0.4,34.3,34.3,34.3,34.3,1.0,0.0,26.0,1.0,0.6,0.4,103.8,103.8,103.8,103.8,1.0,0.0,26.0,1.0,0.6,0.4,37.8,37.8,37.8,37.8,1.0,0.0,26.0,1.0,0.6,0.4,82.2,82.2,82.2,82.2,1.0,0.0,26.0,1.0,0.6,0.4,29.9,29.9,29.9,29.9,1.0,0.0,26.0,1.0,0.6,0.4,32.3,32.3,32.3,32.3,1.0,0.0,26.0,1.0,0.6,0.4,11.7,11.7,11.7,11.7,1.0,0.0,26.0,1.0,0.6,0.4,4913.0,4913.0,4913.0,4913.0,1.0,0.0,26.0,1.0,0.6,0.4,4915.0,4915.0,4915.0,4915.0,1.0,0.0,26.0,1.0,0.6,0.4
1974,2,225.0,44.0,7.33,8.4,9.0,8.18,4.0,1.02,18.0,0.3,0.4,0.5,6.35,8.65,8.9,7.68,4.0,2.19,18.0,0.3,0.4,0.5,4.6,5.4,5.9,5.26,4.0,0.96,18.0,0.3,0.4,0.5,76.7,78.9,84.5,80.5,4.0,5.3,18.0,0.3,0.5,6.67,12.9,15.31,11.08,4.0,7.06,18.0,0.3,0.4,0.5,0.67,6.74,12.11,6.41,4.0,6.69,18.0,0.3,0.4,0.5,0.31,6.67,13.07,6.69,4.0,7.36,18.0,0.3,0.4,0.5,1010.1,1016.65,1026.3,1018.13,4.0,9.84,18.0,0.3,0.4,0.5,7.0,8.0,8.0,7.5,4.0,1.0,18.0,0.3,0.4,0.5,13.4,97.7,182.4,97.8,4.0,98.3,18.0,0.3,0.4,0.5,0.3,82.3,200.9,99.8,4.0,118.4,18.0,0.3,0.4,0.5,-1.0,0.25,2.02,0.5,4.0,2.19,18.0,0.3,0.4,0.5,-1.0,3.2,26.0,12.1,4.0,21.5,18.0,0.3,0.4,0.5,0.81,1.21,2.1,1.44,4.0,0.85,18.0,0.3,0.4,0.5,7.6,17.6,27.1,17.4,4.0,13.6,18.0,0.3,0.4,0.5,5.5,37.9,80.1,42.6,4.0,47.0,18.0,0.3,0.4,0.5,2.7,56.8,114.6,58.6,4.0,64.6,18.0,0.3,0.4,0.5,3.7,31.7,61.2,32.4,4.0,34.3,18.0,0.3,0.4,0.5,1.6,36.6,77.3,39.3,4.0,43.8,18.0,0.3,0.4,0.5,1.3,6.6,22.3,11.6,4.0,15.3,18.0,0.3,0.4,0.5,0.2,6.1,15.8,7.9,4.0,9.5,18.0,0.3,0.4,0.5,1022.5,2146.5,3830.0,2413.5,4.0,2209.0,18.0,0.3,0.4,0.5,1025.0,2145.0,3830.0,2415.0,4.0,2210.0,18.0,0.3,0.4,0.5
1974,2,225.0,45.0,5.79,8.3,9.1,7.68,6.0,1.79,18.0,0.3,0.5,0.7,5.95,8.0,10.52,8.27,7.0,2.72,18.0,0.4,0.5,0.7,5.05,5.54,6.02,5.57,7.0,0.61,18.0,0.4,0.5,0.7,73.4,86.9,100.0,83.2,7.0,14.8,18.0,0.4,0.7,7.18,11.8,13.02,10.71,7.0,3.24,18.0,0.4,0.5,0.7,-0.12,8.7,11.7,6.52,7.0,6.16,18.0,0.4,0.5,0.7,-4.33,5.13,7.84,2.84,7.0,6.89,18.0,0.4,0.5,0.7,999.89,1007.4,1033.67,1012.59,7.0,21.07,18.0,0.4,0.5,0.7,6.2,7.0,8.0,6.7,6.0,1.9,18.0,0.5,0.5,0.6,-0.8,75.7,146.0,79.8,7.0,85.2,18.0,0.4,0.5,0.7,-48.9,34.4,93.2,38.7,7.0,79.6,18.0,0.4,0.5,0.7,-1.17,0.0,1.12,0.2,6.0,1.82,18.0,0.3,0.5,0.7,-12.6,0.0,7.9,0.2,6.0,14.4,18.0,0.3,0.5,0.7,0.31,0.92,1.68,0.96,6.0,0.73,18.0,0.3,0.5,0.7,3.7,9.3,11.9,7.9,6.0,4.8,18.0,0.3,0.5,0.7,-0.7,57.8,95.1,60.2,7.0,67.2,18.0,0.4,0.5,0.7,-22.0,43.6,70.1,29.5,7.0,51.7,18.0,0.4,0.5,0.7,-0.7,49.2,54.7,34.4,7.0,33.4,18.0,0.4,0.5,0.7,-20.5,26.0,43.3,17.2,7.0,41.2,18.0,0.4,0.5,0.7,-0.8,5.8,8.5,4.3,6.0,5.4,18.0,0.3,0.5,0.7,-4.6,0.0,4.4,-0.2,6.0,6.8,18.0,0.3,0.5,0.7,370.0,1643.0,2218.5,1519.5,7.0,1198.0,18.0,0.4,0.5,0.7,370.0,1645.0,2220.0,1520.0,7.0,1200.0,18.0,0.4,0.5,0.7
1974,2,225.0,46.0,7.73,9.0,10.0,8.78,6.0,1.27,14.0,0.5,0.5,0.4,6.06,7.0,8.99,7.68,8.0,2.21,18.0,0.5,0.6,0.5,4.23,5.65,6.11,5.3,6.0,0.99,14.0,0.5,0.5,0.4,70.2,76.1,90.4,79.6,6.0,12.4,14.0,0.5,0.4,4.33,10.05,13.84,9.28,8.0,5.54,18.0,0.5,0.6,0.5,-2.98,2.29,8.02,3.06,8.0,6.16,18.0,0.5,0.6,0.5,-8.2,0.0,9.29,-0.22,8.0,8.96,18.0,0.5,0.6,0.5,990.11,1010.0,1030.85,1010.9,8.0,18.67,18.0,0.5,0.6,0.5,4.0,6.0,8.0,6.0,8.0,1.9,18.0,0.5,0.6,0.5,-26.9,19.2,127.8,43.9,8.0,82.0,18.0,0.5,0.6,0.5,-74.0,0.0,101.2,-2.6,8.0,121.9,18.0,0.5,0.6,0.5,-2.04,0.5,3.6,0.72,6.0,2.65,14.0,0.5,0.5,0.4,-2.6,5.4,52.2,18.8,6.0,31.2,14.0,0.5,0.5,0.4,0.47,1.35,3.23,1.68,6.0,1.31,14.0,0.5,0.5,0.4,3.7,11.5,46.6,21.1,6.0,22.6,14.0,0.5,0.5,0.4,-20.7,20.6,70.7,23.7,8.0,44.1,18.0,0.5,0.6,0.5,-57.0,0.0,64.9,5.5,8.0,62.4,18.0,0.5,0.6,0.5,-4.6,30.2,40.9,22.2,6.0,28.9,14.0,0.5,0.5,0.4,-11.3,5.2,65.2,16.0,6.0,48.2,14.0,0.5,0.5,0.4,-0.3,7.7,30.5,14.1,6.0,18.0,14.0,0.5,0.5,0.4,-9.7,2.2,8.4,-4.0,6.0,21.4,14.0,0.5,0.5,0.4,87.5,1032.0,2654.5,1494.5,8.0,1586.0,18.0,0.5,0.6,0.5,90.0,1030.0,2655.0,1495.0,8.0,1585.0,18.0,0.5,0.6,0.5
1974,2,225.0,47.0,5.63,7.0,7.73,6.96,15.0,1.14,16.0,0.5,0.7,0.5,5.11,7.3,8.41,6.94,15.0,1.9,14.0,0.5,0.7,0.4,3.81,4.95,6.57,5.13,14.0,1.24,14.0,0.4,0.7,0.4,69.2,83.0,96.4,82.2,14.0,13.1,14.0,0.4,0.4,3.86,8.2,18.0,10.69,16.0,7.3,14.0,0.5,0.7,0.4,0.0,3.09,9.85,3.62,16.0,6.07,14.0,0.5,0.7,0.4,0.0,5.9,17.9,7.09,16.0,8.41,14.0,0.5,0.7,0.4,1003.81,1010.1,1033.33,1012.83,16.0,15.81,14.0,0.5,0.7,0.4,4.1,6.5,8.0,6.3,14.0,1.9,14.0,0.5,0.7,0.4,0.0,17.7,111.8,29.1,16.0,102.3,14.0,0.5,0.7,0.4,0.0,45.4,322.1,123.7,16.0,192.3,14.0,0.5,0.7,0.4,-1.77,-0.85,1.76,0.09,14.0,2.24,14.0,0.4,0.7,0.4,-22.6,-6.5,19.6,-1.7,14.0,24.6,14.0,0.4,0.7,0.4,-0.3,0.78,2.33,1.08,14.0,1.3,14.0,0.4,0.7,0.4,-2.5,6.2,33.5,11.0,14.0,17.5,14.0,0.4,0.7,0.4,0.0,20.9,55.0,19.2,15.0,40.9,14.0,0.5,0.7,0.4,0.0,38.9,128.6,59.3,15.0,69.6,14.0,0.5,0.7,0.4,0.0,9.9,39.4,13.5,14.0,33.3,14.0,0.4,0.7,0.4,0.0,32.9,86.2,44.4,14.0,54.0,14.0,0.4,0.7,0.4,-1.3,0.8,13.3,6.7,14.0,13.6,14.0,0.4,0.7,0.4,-2.4,0.0,13.6,4.8,14.0,13.3,14.0,0.4,0.7,0.4,69.0,551.5,5832.0,2994.0,16.0,4736.5,14.0,0.5,0.7,0.4,70.0,550.0,5830.0,2995.0,16.0,4735.0,14.0,0.5,0.7,0.4
1974,2,225.0,48.0,6.22,6.7,7.38,6.8,3.0,0.85,16.0,0.3,0.4,0.4,6.0,6.0,7.49,6.64,5.0,0.92,18.0,0.2,0.5,0.3,4.99,5.01,5.64,5.31,3.0,0.54,16.0,0.3,0.4,0.4,85.8,85.8,90.5,88.1,3.0,4.0,16.0,0.3,0.4,7.79,9.8,17.66,12.34,5.0,6.17,18.0,0.2,0.5,0.3,-9.15,0.0,6.0,-1.7,5.0,9.65,18.0,0.2,0.5,0.3,-6.96,3.99,11.01,2.2,5.0,11.21,18.0,0.2,0.5,0.3,990.55,1002.5,1019.45,1005.18,5.0,19.51,18.0,0.2,0.5,0.3,6.2,8.0,8.0,7.0,5.0,2.2,18.0,0.2,0.5,0.3,-161.0,0.0,44.7,-61.0,5.0,171.3,18.0,0.2,0.5,0.3,-126.0,24.7,139.4,3.9,5.0,196.4,18.0,0.2,0.5,0.3,0.16,0.5,0.64,0.4,3.0,0.36,16.0,0.3,0.4,0.4,1.9,6.1,7.2,4.6,3.0,4.1,16.0,0.3,0.4,0.4,0.74,0.83,1.03,0.88,3.0,0.22,16.0,0.3,0.4,0.4,6.6,9.7,10.3,8.5,3.0,2.9,16.0,0.3,0.4,0.4,-61.1,0.0,36.0,-12.2,5.0,58.9,18.0,0.2,0.5,0.3,-41.8,23.9,83.6,20.3,5.0,75.3,18.0,0.2,0.5,0.3,7.6,23.8,35.3,21.5,3.0,20.4,16.0,0.3,0.4,0.4,-3.8,20.0,68.7,32.2,3.0,54.1,16.0,0.3,0.4,0.4,1.3,4.0,7.5,4.4,3.0,4.6,16.0,0.3,0.4,0.4,-1.2,3.3,8.3,3.6,3.0,7.0,16.0,0.3,0.4,0.4,505.0,941.0,5999.0,3113.5,5.0,4117.0,18.0,0.2,0.5,0.3,505.0,940.0,6000.0,3115.0,5.0,4115.0,18.0,0.2,0.5,0.3
1974,2,225.0,49.0,5.55,7.0,8.12,6.69,17.0,1.5,14.0,0.5,0.5,0.4,4.02,5.75,7.99,5.88,20.0,2.16,14.0,0.5,0.5,0.4,4.18,4.8,6.06,5.01,17.0,1.14,14.0,0.5,0.5,0.4,78.4,85.8,95.2,86.2,17.0,10.6,14.0,0.5,0.4,7.21,10.3,13.89,10.86,20.0,3.84,14.0,0.5,0.5,0.4,3.36,6.95,12.7,7.09,20.0,4.53,14.0,0.5,0.5,0.4,0.0,5.25,9.64,4.21,20.0,6.84,14.0,0.5,0.5,0.4,997.94,1003.7,1020.41,1008.67,19.0,12.71,14.0,0.5,0.5,0.4,3.0,6.0,8.0,5.5,19.0,2.5,16.0,0.5,0.5,0.4,22.5,68.4,163.9,82.8,20.0,70.6,14.0,0.5,0.5,0.4,0.0,42.1,94.5,50.4,20.0,108.1,14.0,0.5,0.5,0.4,-1.34,0.8,3.52,0.89,17.0,2.38,14.0,0.5,0.5,0.4,-12.3,10.3,39.8,12.5,17.0,24.4,14.0,0.5,0.5,0.4,-0.19,1.01,2.4,1.11,17.0,1.21,14.0,0.5,0.5,0.4,-1.3,16.3,22.5,13.5,17.0,12.7,14.0,0.5,0.5,0.4,13.1,40.9,71.0,38.4,20.0,26.8,14.0,0.5,0.5,0.4,0.0,25.2,66.9,27.0,20.0,39.2,14.0,0.5,0.5,0.4,12.9,36.3,56.0,35.8,17.0,22.7,14.0,0.5,0.5,0.4,-4.8,19.6,55.2,20.6,17.0,35.8,14.0,0.5,0.5,0.4,-0.3,9.5,19.2,9.0,17.0,10.3,14.0,0.5,0.5,0.4,-1.2,3.8,15.1,3.4,17.0,12.2,14.0,0.5,0.5,0.4,374.5,1092.5,2681.5,1759.5,20.0,1767.0,14.0,0.5,0.5,0.4,375.0,1095.0,2680.0,1760.0,20.0,1765.0,14.0,0.5,0.5,0.4
1974,2,225.0,50.0,5.16,6.5,7.0,6.29,9.0,0.93,10.0,0.4,0.7,0.5,4.54,7.3,8.0,6.57,9.0,1.86,10.0,0.4,0.7,0.5,4.14,5.13,6.02,5.01,6.0,1.14,8.0,0.5,0.7,0.6,72.1,82.7,88.3,81.2,6.0,9.3,8.0,0.5,0.6,7.1,10.3,11.67,9.79,9.0,2.72,10.0,0.4,0.7,0.5,0.47,6.3,8.11,4.66,9.0,4.06,10.0,0.4,0.7,0.5,-5.23,4.79,11.1,3.22,9.0,7.91,10.0,0.4,0.7,0.5,1005.26,1011.0,1028.08,1014.83,9.0,10.77,10.0,0.4,0.7,0.5,5.2,8.0,8.0,6.7,6.0,2.4,10.0,0.5,0.7,0.5,2.4,42.2,81.7,43.7,9.0,43.6,10.0,0.4,0.7,0.5,-55.7,24.4,127.0,36.4,9.0,94.3,10.0,0.4,0.7,0.5,-1.65,-0.6,1.6,-0.28,9.0,1.94,10.0,0.4,0.7,0.5,-18.0,-4.9,21.8,-0.9,9.0,21.5,10.0,0.4,0.7,0.5,0.12,0.55,2.02,0.92,6.0,1.15,8.0,0.5,0.7,0.6,0.8,4.1,22.7,9.5,6.0,13.0,8.0,0.5,0.7,0.6,3.6,28.2,62.7,31.0,9.0,29.2,10.0,0.4,0.7,0.5,-32.7,36.4,71.5,23.2,9.0,47.2,10.0,0.4,0.7,0.5,22.4,35.6,44.9,35.0,6.0,13.0,8.0,0.5,0.7,0.6,-25.3,-7.0,35.5,3.2,6.0,34.5,8.0,0.5,0.7,0.6,1.1,3.8,18.3,7.5,6.0,8.8,8.0,0.5,0.7,0.6,-13.0,-2.4,1.4,-5.8,6.0,9.5,8.0,0.5,0.7,0.6,368.5,1092.5,1589.0,1124.5,9.0,780.5,10.0,0.4,0.7,0.5,370.0,1095.0,1590.0,1125.0,9.0,780.0,10.0,0.4,0.7,0.5
1974,2,225.0,51.0,5.57,6.0,7.5,6.36,10.0,0.95,10.0,0.4,0.6,0.5,4.69,6.05,7.0,5.9,12.0,1.36,10.0,0.4,0.7,0.5,4.21,5.03,5.44,4.92,8.0,0.91,10.0,0.5,0.6,0.5,78.6,85.5,87.1,84.0,8.0,9.5,10.0,0.5,0.5,4.1,6.55,12.46,8.02,12.0,4.47,10.0,0.4,0.7,0.5,0.04,3.98,5.77,2.33,12.0,5.56,10.0,0.4,0.7,0.5,-0.51,3.16,10.51,4.54,12.0,5.55,10.0,0.4,0.7,0.5,998.84,1005.65,1033.5,1012.39,12.0,15.37,10.0,0.4,0.7,0.5,8.0,8.0,8.0,7.5,11.0,1.8,10.0,0.5,0.7,0.5,-14.7,16.3,63.4,6.5,12.0,70.9,10.0,0.4,0.7,0.5,-2.0,19.6,132.0,57.9,12.0,78.4,10.0,0.4,0.7,0.5,-0.7,0.75,2.16,0.68,10.0,1.53,10.0,0.4,0.6,0.5,-8.0,4.1,19.1,4.9,10.0,13.4,10.0,0.4,0.6,0.5,0.24,1.19,1.6,1.11,8.0,0.9,10.0,0.5,0.6,0.5,2.1,8.5,21.9,10.3,8.0,9.2,10.0,0.5,0.6,0.5,-4.3,20.8,40.4,14.6,12.0,35.3,10.0,0.4,0.7,0.5,-1.7,20.4,70.4,30.2,12.0,33.0,10.0,0.4,0.7,0.5,-32.1,20.8,32.5,8.9,8.0,35.7,10.0,0.5,0.6,0.5,2.0,35.8,62.5,33.0,8.0,29.1,10.0,0.5,0.6,0.5,-6.0,2.0,7.1,0.4,8.0,8.1,10.0,0.5,0.6,0.5,0.0,2.2,17.5,5.6,8.0,10.2,10.0,0.5,0.6,0.5,69.0,322.5,1984.5,1010.5,12.0,1421.5,10.0,0.4,0.7,0.5,70.0,320.0,1985.0,1010.0,12.0,1420.0,10.0,0.4,0.7,0.5
1974,2,225.0,52.0,4.36,6.2,7.24,5.96,11.0,1.55,16.0,1.0,0.6,0.4,3.49,5.25,6.49,5.08,10.0,1.49,16.0,1.0,0.6,0.4,4.08,4.16,5.12,4.46,9.0,0.61,16.0,1.0,0.5,0.4,74.0,84.1,88.7,82.5,9.0,8.9,16.0,1.0,0.4,5.59,9.3,14.52,9.47,11.0,4.38,16.0,1.0,0.6,0.4,0.98,6.95,9.6,6.18,11.0,4.91,16.0,1.0,0.6,0.4,-5.46,-1.67,7.35,0.59,11.0,7.17,16.0,1.0,0.6,0.4,998.48,1005.1,1027.51,1010.36,11.0,13.37,16.0,1.0,0.6,0.4,6.0,7.0,8.0,6.9,9.0,1.1,16.0,1.0,0.6,0.3,2.6,66.3,119.7,74.3,11.0,71.8,16.0,1.0,0.6,0.4,-48.6,-4.3,68.4,4.6,11.0,89.8,16.0,1.0,0.6,0.4,-0.63,0.85,2.11,0.8,10.0,1.5,16.0,1.0,0.6,0.4,-8.7,6.0,16.2,6.0,10.0,15.4,16.0,1.0,0.6,0.4,0.53,1.55,2.26,1.38,9.0,0.87,16.0,1.0,0.5,0.4,5.9,9.0,18.3,12.5,9.0,10.2,16.0,1.0,0.5,0.4,3.1,39.4,48.2,30.9,10.0,22.4,16.0,1.0,0.6,0.4,-31.3,8.3,33.0,5.8,10.0,40.6,16.0,1.0,0.6,0.4,2.3,29.8,36.2,22.2,9.0,17.6,16.0,1.0,0.5,0.4,-23.4,-5.7,35.9,4.9,9.0,35.6,16.0,1.0,0.5,0.4,0.0,6.9,14.2,7.3,9.0,8.5,16.0,1.0,0.5,0.4,-12.7,0.0,5.9,-2.9,9.0,11.7,16.0,1.0,0.5,0.4,275.0,804.5,3085.0,1331.0,11.0,1353.0,16.0,1.0,0.6,0.4,275.0,805.0,3085.0,1330.0,11.0,1355.0,16.0,1.0,0.6,0.4
1974,2,225.0,53.0,5.95,6.7,7.31,6.63,3.0,1.0,14.0,1.0,0.6,0.3,5.38,6.2,6.88,6.13,3.0,1.1,14.0,1.0,0.6,0.3,5.22,5.86,6.1,5.67,3.0,0.66,14.0,1.0,0.6,0.3,93.6,100.0,100.0,96.9,3.0,5.4,14.0,1.0,0.3,8.53,10.3,10.64,9.6,3.0,1.66,14.0,1.0,0.6,0.3,1.51,1.88,3.0,2.25,3.0,1.14,14.0,1.0,0.6,0.3,8.25,9.68,10.33,9.3,3.0,1.56,14.0,1.0,0.6,0.3,1008.12,1014.6,1021.02,1014.57,3.0,9.45,14.0,1.0,0.6,0.3,7.2,7.5,7.8,7.5,2.0,0.7,18.0,1.0,0.7,0.3,13.5,20.3,31.2,22.3,3.0,13.1,14.0,1.0,0.6,0.3,71.5,99.7,110.1,91.0,3.0,29.2,14.0,1.0,0.6,0.3,-0.65,1.4,1.6,0.5,3.0,1.82,14.0,1.0,0.6,0.3,-7.6,13.1,14.0,3.4,3.0,17.9,14.0,1.0,0.6,0.3,-0.26,0.59,1.0,0.38,3.0,0.94,14.0,1.0,0.6,0.3,-2.9,6.1,8.2,2.7,3.0,8.6,14.0,1.0,0.6,0.3,8.8,13.5,19.2,14.0,3.0,7.6,14.0,1.0,0.6,0.3,44.9,60.0,71.3,58.2,3.0,19.4,14.0,1.0,0.6,0.3,8.2,11.7,17.8,13.0,3.0,7.1,14.0,1.0,0.6,0.3,43.5,56.7,63.1,53.4,3.0,14.7,14.0,1.0,0.6,0.3,-0.3,1.6,1.9,0.8,3.0,1.8,14.0,1.0,0.6,0.3,-2.9,5.7,8.0,2.6,3.0,8.4,14.0,1.0,0.6,0.3,658.5,1092.5,1206.5,936.5,3.0,424.0,14.0,1.0,0.6,0.3,660.0,1095.0,1205.0,935.0,3.0,425.0,14.0,1.0,0.6,0.3
1974,2,225.0,54.0,6.08,7.2,7.76,6.92,5.0,1.2,14.0,0.4,0.6,0.6,3.9,5.25,5.83,5.05,6.0,1.16,14.0,0.3,0.6,0.6,4.23,4.73,5.16,4.68,5.0,0.83,14.0,0.4,0.6,0.6,77.8,85.7,88.8,83.3,5.0,8.6,14.0,0.4,0.6,5.0,6.7,8.03,6.68,6.0,1.83,14.0,0.3,0.6,0.6,-1.81,1.48,2.33,0.56,6.0,3.23,14.0,0.3,0.6,0.6,-0.99,5.76,7.91,3.91,6.0,5.27,14.0,0.3,0.6,0.6,996.25,1002.0,1007.14,1001.47,6.0,6.0,14.0,0.3,0.6,0.6,5.9,7.0,8.0,6.8,5.0,1.6,14.0,0.2,0.6,0.6,-12.3,9.6,16.3,1.9,6.0,21.5,14.0,0.3,0.6,0.6,-5.0,38.7,63.9,32.8,6.0,39.8,14.0,0.3,0.6,0.6,0.77,1.6,2.54,1.66,5.0,1.59,14.0,0.4,0.6,0.6,7.0,13.1,17.2,12.0,5.0,9.0,14.0,0.4,0.6,0.6,0.97,1.4,2.17,1.58,5.0,0.92,14.0,0.4,0.6,0.6,7.9,10.8,14.5,10.9,5.0,5.3,14.0,0.4,0.6,0.6,-8.5,6.8,13.8,3.1,6.0,17.7,14.0,0.3,0.6,0.6,-4.0,26.3,42.8,22.1,6.0,28.7,14.0,0.3,0.6,0.6,-10.7,6.3,14.0,2.2,5.0,17.0,14.0,0.4,0.6,0.6,12.0,27.9,41.8,27.0,5.0,19.4,14.0,0.4,0.6,0.6,-4.9,1.9,2.2,-0.9,5.0,4.7,14.0,0.4,0.6,0.6,6.2,10.6,13.1,9.7,5.0,6.2,14.0,0.4,0.6,0.6,125.5,321.0,528.5,355.5,6.0,271.0,14.0,0.3,0.6,0.6,125.0,320.0,530.0,355.0,6.0,270.0,14.0,0.3,0.6,0.6
1974,2,225.0,55.0,6.7,6.7,6.7,6.7,1.0,0.0,20.0,1.0,0.5,0.3,3.32,4.0,4.68,4.0,2.0,1.41,16.0,0.5,0.8,0.3,4.95,4.95,4.95,4.95,1.0,0.0,20.0,1.0,0.5,0.3,90.7,90.7,90.7,90.7,1.0,0.0,20.0,1.0,0.3,10.27,12.35,14.43,12.35,2.0,4.31,16.0,0.5,0.8,0.3,-2.51,-2.14,-1.78,-2.14,2.0,0.75,16.0,0.5,0.8,0.3,10.11,12.16,14.21,12.16,2.0,4.25,16.0,0.5,0.8,0.3,984.05,990.6,997.15,990.6,2.0,13.58,16.0,0.5,0.8,0.3,8.0,8.0,8.0,8.0,2.0,0.0,16.0,0.5,0.8,0.3,-37.0,-28.1,-19.2,-28.1,2.0,18.5,16.0,0.5,0.8,0.3,108.7,159.4,210.0,159.4,2.0,104.9,16.0,0.5,0.8,0.3,1.7,1.7,1.7,1.7,1.0,0.0,20.0,1.0,0.5,0.3,15.8,15.8,15.8,15.8,1.0,0.0,20.0,1.0,0.5,0.3,1.2,1.2,1.2,1.2,1.0,0.0,20.0,1.0,0.5,0.3,11.1,11.1,11.1,11.1,1.0,0.0,20.0,1.0,0.5,0.3,-8.1,-8.0,-8.0,-8.0,2.0,0.0,16.0,0.5,0.8,0.3,45.5,45.6,45.7,45.6,2.0,0.2,16.0,0.5,0.8,0.3,-8.0,-8.0,-8.0,-8.0,1.0,0.0,20.0,1.0,0.5,0.3,45.4,45.4,45.4,45.4,1.0,0.0,20.0,1.0,0.5,0.3,-1.9,-1.9,-1.9,-1.9,1.0,0.0,20.0,1.0,0.5,0.3,11.0,11.0,11.0,11.0,1.0,0.0,20.0,1.0,0.5,0.3,1256.5,2228.5,3200.5,2228.5,2.0,2014.0,16.0,0.5,0.8,0.3,1255.0,2230.0,3200.0,2230.0,2.0,2015.0,16.0,0.5,0.8,0.3
1974,2,225.0,56.0,8.0,8.0,8.0,8.0,1.0,0.0,8.0,0.0,0.1,0.2,7.1,7.1,7.1,7.1,1.0,0.0,8.0,0.0,0.1,0.2,6.06,6.06,6.06,6.06,1.0,0.0,8.0,0.0,0.1,0.2,99.3,99.3,99.3,99.3,1.0,0.0,8.0,0.0,0.2,10.8,10.8,10.8,10.8,1.0,0.0,8.0,0.0,0.1,0.2,-3.69,-3.69,-3.69,-3.69,1.0,0.0,8.0,0.0,0.1,0.2,10.15,10.15,10.15,10.15,1.0,0.0,8.0,0.0,0.1,0.2,1036.0,1036.0,1036.0,1036.0,1.0,0.0,8.0,0.0,0.1,0.2,,,,,,,,,,,,,,,,,,,,,,,,,,,,,,,0.9,0.9,0.9,0.9,1.0,0.0,8.0,0.0,0.1,0.2,9.7,9.7,9.7,9.7,1.0,0.0,8.0,0.0,0.1,0.2,0.43,0.43,0.43,0.43,1.0,0.0,8.0,0.0,0.1,0.2,4.6,4.6,4.6,4.6,1.0,0.0,8.0,0.0,0.1,0.2,-26.2,-26.2,-26.2,-26.2,1.0,0.0,8.0,0.0,0.1,0.2,72.1,72.1,72.1,72.1,1.0,0.0,8.0,0.0,0.1,0.2,-22.4,-22.4,-22.4,-22.4,1.0,0.0,8.0,0.0,0.1,0.2,61.5,61.5,61.5,61.5,1.0,0.0,8.0,0.0,0.1,0.2,-1.6,-1.6,-1.6,-1.6,1.0,0.0,8.0,0.0,0.1,0.2,4.4,4.4,4.4,4.4,1.0,0.0,8.0,0.0,0.1,0.2,1259.5,1259.5,1259.5,1259.5,1.0,0.0,8.0,0.0,0.1,0.2,1260.0,1260.0,1260.0,1260.0,1.0,0.0,8.0,0.0,0.1,0.2
1974,2,225.0,57.0,,,,,,,,,,,,,,,,,,,,,,,,,,,,,,,,,,,,,,,,5.38,11.35,17.32,11.35,2.0,12.37,16.0,0.0,0.2,0.8,-5.64,-2.99,-0.34,-2.99,2.0,5.49,16.0,0.0,0.2,0.8,0.94,8.22,15.5,8.22,2.0,15.08,16.0,0.0,0.2,0.8,981.75,1000.15,1018.55,1000.15,2.0,38.11,16.0,0.0,0.2,0.8,,,,,,,,,,,,,,,,,,,,,,,,,,,,,,,,,,,,,,,,,,,,,,,,,,,,,,,,,,,,,,,,,,,,,,,,,,,,,,,,,,,,,,,,,,,,,,,,,,,,,,,,,,,,,,,,,,,,,,,,,,,,,,,,,,,,,,,,,,,,,,,,,,,,,,
1974,2,225.0,58.0,,,,,,,,,,,,,,,,,,,,,,,,,,,,,,,,,,,,,,,,7.7,7.7,7.7,7.7,1.0,0.0,8.0,1.0,0.1,0.4,-1.34,-1.34,-1.34,-1.34,1.0,0.0,8.0,1.0,0.1,0.4,7.58,7.58,7.58,7.58,1.0,0.0,8.0,1.0,0.1,0.4,1023.13,1024.05,1024.97,1024.05,2.0,1.91,6.0,0.5,0.1,0.2,,,,,,,,,,,,,,,,,,,,,,,,,,,,,,,,,,,,,,,,,,,,,,,,,,,,,,,,,,,,,,,,,,,,,,,,,,,,,,,,,,,,,,,,,,,,,,,,,,,,,,,,,,,,,,,,,,,,,,,,,,,,,,,,,,,,,,,,,,,,,,,,,,,,,,
1974,2,226.0,-43.0,15.0,15.0,15.0,15.0,1.0,0.0,26.0,1.0,0.3,0.5,15.0,15.0,15.0,15.0,1.0,0.0,26.0,1.0,0.3,0.5,8.44,8.44,8.44,8.44,1.0,0.0,26.0,1.0,0.3,0.5,80.1,80.1,80.1,80.1,1.0,0.0,26.0,1.0,0.5,,,,,,,,,,,,,,,,,,,,,,,,,,,,,,,,,,,,,,,,,,,,,,,,,,,,,,,,,,,,,,,,,,,,,,,,,,,,,,,,,,,,,,,,,,,,,,,,,,,,,,,,,,,,,,,,,,,,,,,,,,,,,,,,,,,,,,,,,,,,,,,,,,,,,,,,,,,,,,,,,,,,,,,,,,,,,,,,,,,,,,,,,,,,,,
1974,2,226.0,-38.0,20.6,20.6,20.6,20.6,1.0,0.0,22.0,0.0,0.6,1.0,20.0,20.0,20.0,20.0,1.0,0.0,22.0,0.0,0.6,1.0,14.41,14.41,14.41,14.41,1.0,0.0,22.0,0.0,0.6,1.0,100.0,100.0,100.0,100.0,1.0,0.0,22.0,0.0,1.0,5.1,5.1,5.1,5.1,1.0,0.0,22.0,0.0,0.6,1.0,-0.89,-0.89,-0.89,-0.89,1.0,0.0,22.0,0.0,0.6,1.0,-5.02,-5.02,-5.02,-5.02,1.0,0.0,22.0,0.0,0.6,1.0,1022.2,1022.2,1022.2,1022.2,1.0,0.0,22.0,0.0,0.6,1.0,8.0,8.0,8.0,8.0,1.0,0.0,22.0,0.0,0.6,1.0,-4.5,-4.5,-4.5,-4.5,1.0,0.0,22.0,0.0,0.6,1.0,-25.6,-25.6,-25.6,-25.6,1.0,0.0,22.0,0.0,0.6,1.0,0.6,0.6,0.6,0.6,1.0,0.0,22.0,0.0,0.6,1.0,3.1,3.1,3.1,3.1,1.0,0.0,22.0,0.0,0.6,1.0,0.55,0.55,0.55,0.55,1.0,0.0,22.0,0.0,0.6,1.0,2.8,2.8,2.8,2.8,1.0,0.0,22.0,0.0,0.6,1.0,-17.7,-17.7,-17.7,-17.7,1.0,0.0,22.0,0.0,0.6,1.0,-100.5,-100.5,-100.5,-100.5,1.0,0.0,22.0,0.0,0.6,1.0,-12.8,-12.8,-12.8,-12.8,1.0,0.0,22.0,0.0,0.6,1.0,-72.4,-72.4,-72.4,-72.4,1.0,0.0,22.0,0.0,0.6,1.0,-0.5,-0.5,-0.5,-0.5,1.0,0.0,22.0,0.0,0.6,1.0,-2.8,-2.8,-2.8,-2.8,1.0,0.0,22.0,0.0,0.6,1.0,132.5,132.5,132.5,132.5,1.0,0.0,22.0,0.0,0.6,1.0,135.0,135.0,135.0,135.0,1.0,0.0,22.0,0.0,0.6,1.0
1974,2,226.0,-36.0,22.2,22.2,22.2,22.2,1.0,0.0,2.0,1.0,0.5,0.9,23.9,23.9,23.9,23.9,1.0,0.0,2.0,1.0,0.5,0.9,16.28,16.28,16.28,16.28,1.0,0.0,2.0,1.0,0.5,0.9,89.1,89.1,89.1,89.1,1.0,0.0,2.0,1.0,0.9,12.3,12.3,12.3,12.3,1.0,0.0,2.0,1.0,0.5,0.9,-9.42,-9.42,-9.42,-9.42,1.0,0.0,2.0,1.0,0.5,0.9,-7.91,-7.91,-7.91,-7.91,1.0,0.0,2.0,1.0,0.5,0.9,1024.5,1024.5,1024.5,1024.5,1.0,0.0,2.0,1.0,0.5,0.9,5.0,5.0,5.0,5.0,1.0,0.0,2.0,1.0,0.5,0.9,-115.9,-115.9,-115.9,-115.9,1.0,0.0,2.0,1.0,0.5,0.9,-97.2,-97.2,-97.2,-97.2,1.0,0.0,2.0,1.0,0.5,0.9,-1.7,-1.7,-1.7,-1.7,1.0,0.0,2.0,1.0,0.5,0.9,-20.9,-20.9,-20.9,-20.9,1.0,0.0,2.0,1.0,0.5,0.9,0.2,0.2,0.2,0.2,1.0,0.0,2.0,1.0,0.5,0.9,2.5,2.5,2.5,2.5,1.0,0.0,2.0,1.0,0.5,0.9,-225.2,-225.2,-225.2,-225.2,1.0,0.0,2.0,1.0,0.5,0.9,-189.0,-189.0,-189.0,-189.0,1.0,0.0,2.0,1.0,0.5,0.9,-153.4,-153.4,-153.4,-153.4,1.0,0.0,2.0,1.0,0.5,0.9,-128.7,-128.7,-128.7,-128.7,1.0,0.0,2.0,1.0,0.5,0.9,-1.9,-1.9,-1.9,-1.9,1.0,0.0,2.0,1.0,0.5,0.9,-1.6,-1.6,-1.6,-1.6,1.0,0.0,2.0,1.0,0.5,0.9,1861.0,1861.0,1861.0,1861.0,1.0,0.0,2.0,1.0,0.5,0.9,1860.0,1860.0,1860.0,1860.0,1.0,0.0,2.0,1.0,0.5,0.9
1974,2,226.0,-35.0,23.9,23.9,23.9,23.9,1.0,0.0,12.0,0.0,0.9,1.0,24.1,24.1,24.1,24.1,1.0,0.0,12.0,0.0,0.9,1.0,16.52,16.52,16.52,16.52,1.0,0.0,12.0,0.0,0.9,1.0,89.1,89.1,89.1,89.1,1.0,0.0,12.0,0.0,1.0,5.1,5.1,5.1,5.1,1.0,0.0,12.0,0.0,0.9,1.0,2.55,2.55,2.55,2.55,1.0,0.0,12.0,0.0,0.9,1.0,-4.42,-4.42,-4.42,-4.42,1.0,0.0,12.0,0.0,0.9,1.0,1022.5,1022.5,1022.5,1022.5,1.0,0.0,12.0,0.0,0.9,1.0,6.0,6.0,6.0,6.0,1.0,0.0,12.0,0.0,0.9,1.0,13.0,13.0,13.0,13.0,1.0,0.0,12.0,0.0,0.9,1.0,-22.5,-22.5,-22.5,-22.5,1.0,0.0,12.0,0.0,0.9,1.0,-0.2,-0.2,-0.2,-0.2,1.0,0.0,12.0,0.0,0.9,1.0,-1.0,-1.0,-1.0,-1.0,1.0,0.0,12.0,0.0,0.9,1.0,1.81,1.81,1.81,1.81,1.0,0.0,12.0,0.0,0.9,1.0,9.2,9.2,9.2,9.2,1.0,0.0,12.0,0.0,0.9,1.0,61.5,61.5,61.5,61.5,1.0,0.0,12.0,0.0,0.9,1.0,-106.4,-106.4,-106.4,-106.4,1.0,0.0,12.0,0.0,0.9,1.0,42.1,42.1,42.1,42.1,1.0,0.0,12.0,0.0,0.9,1.0,-72.9,-72.9,-72.9,-72.9,1.0,0.0,12.0,0.0,0.9,1.0,4.6,4.6,4.6,4.6,1.0,0.0,12.0,0.0,0.9,1.0,-8.0,-8.0,-8.0,-8.0,1.0,0.0,12.0,0.0,0.9,1.0,132.5,132.5,132.5,132.5,1.0,0.0,12.0,0.0,0.9,1.0,135.0,135.0,135.0,135.0,1.0,0.0,12.0,0.0,0.9,1.0
1974,2,226.0,-33.0,23.86,24.0,25.43,24.63,3.0,1.27,16.0,0.0,0.4,0.3,23.87,24.55,25.96,24.9,4.0,1.64,16.0,0.3,0.4,0.3,15.69,16.3,17.44,16.55,4.0,1.39,16.0,0.3,0.4,0.3,81.0,84.3,89.0,85.0,4.0,5.3,16.0,0.3,0.3,4.34,5.4,6.46,5.4,4.0,1.25,16.0,0.3,0.4,0.3,-1.2,0.7,2.42,0.61,4.0,2.38,16.0,0.3,0.4,0.3,-6.01,-4.89,-3.92,-4.96,4.0,1.21,16.0,0.3,0.4,0.3,1018.82,1021.65,1023.17,1021.03,4.0,2.79,16.0,0.3,0.4,0.3,3.5,4.5,6.6,5.0,4.0,2.2,16.0,0.3,0.4,0.3,-5.5,2.9,14.5,4.4,4.0,13.8,16.0,0.3,0.4,0.3,-38.7,-28.4,-17.0,-27.9,4.0,12.5,16.0,0.3,0.4,0.3,-0.18,0.5,1.18,0.5,3.0,1.0,16.0,0.0,0.4,0.3,-0.4,3.1,7.8,3.7,3.0,6.1,16.0,0.0,0.4,0.3,2.05,2.12,4.62,3.31,3.0,2.15,16.0,0.0,0.4,0.3,9.9,12.5,30.4,20.0,3.0,16.4,16.0,0.0,0.4,0.3,-32.8,17.2,59.5,13.6,4.0,61.0,16.0,0.3,0.4,0.3,-143.6,-125.5,-101.0,-122.5,4.0,25.0,16.0,0.3,0.4,0.3,-22.3,11.4,37.5,7.8,4.0,39.4,16.0,0.3,0.4,0.3,-94.8,-80.7,-67.9,-81.3,4.0,16.7,16.0,0.3,0.4,0.3,0.9,3.0,14.2,7.5,3.0,10.4,16.0,0.0,0.4,0.3,-26.9,-12.5,-9.5,-18.1,3.0,13.6,16.0,0.0,0.4,0.3,82.5,168.0,271.0,176.5,4.0,111.0,16.0,0.3,0.4,0.3,80.0,170.0,270.0,175.0,4.0,110.0,16.0,0.3,0.4,0.3
1974,2,226.0,-31.0,24.4,24.4,24.4,24.4,1.0,0.0,4.0,0.0,0.3,0.5,24.34,25.5,26.66,25.5,2.0,2.4,10.0,0.5,0.4,0.3,15.21,16.76,18.32,16.76,2.0,3.23,10.0,0.5,0.4,0.3,80.2,82.2,84.3,82.2,2.0,4.2,10.0,0.5,0.3,2.92,3.6,4.28,3.6,2.0,1.41,10.0,0.5,0.4,0.3,-2.2,-1.99,-1.77,-1.99,2.0,0.44,10.0,0.5,0.4,0.3,-3.67,-2.99,-2.31,-2.99,2.0,1.41,10.0,0.5,0.4,0.3,1017.72,1018.85,1019.98,1018.85,2.0,2.33,10.0,0.5,0.4,0.3,1.3,2.0,2.7,2.0,2.0,1.4,10.0,0.5,0.4,0.3,-9.6,-7.5,-5.3,-7.5,2.0,4.4,10.0,0.5,0.4,0.3,-16.2,-11.8,-7.3,-11.8,2.0,9.3,10.0,0.5,0.4,0.3,0.6,0.6,0.6,0.6,1.0,0.0,4.0,0.0,0.3,0.5,1.6,1.6,1.6,1.6,1.0,0.0,4.0,0.0,0.3,0.5,4.51,4.51,4.51,4.51,1.0,0.0,4.0,0.0,0.3,0.5,11.7,11.7,11.7,11.7,1.0,0.0,4.0,0.0,0.3,0.5,-58.9,-51.2,-43.4,-51.2,2.0,16.1,10.0,0.5,0.4,0.3,-98.7,-77.9,-57.1,-77.9,2.0,43.1,10.0,0.5,0.4,0.3,-40.7,-34.0,-27.3,-34.0,2.0,13.9,10.0,0.5,0.4,0.3,-68.4,-52.4,-36.3,-52.4,2.0,33.2,10.0,0.5,0.4,0.3,-7.5,-7.5,-7.5,-7.5,1.0,0.0,4.0,0.0,0.3,0.5,-9.0,-9.0,-9.0,-9.0,1.0,0.0,4.0,0.0,0.3,0.5,30.0,57.5,84.5,57.5,2.0,56.5,10.0,0.5,0.4,0.3,30.0,55.0,85.0,55.0,2.0,55.0,10.0,0.5,0.4,0.3
1974,2,226.0,-30.0,24.9,24.9,24.9,24.9,1.0,0.0,4.0,1.0,0.2,0.8,24.8,24.8,24.8,24.8,1.0,0.0,4.0,1.0,0.2,0.8,15.42,15.42,15.42,15.42,1.0,0.0,4.0,1.0,0.2,0.8,79.4,79.4,79.4,79.4,1.0,0.0,4.0,1.0,0.8,3.6,3.6,3.6,3.6,1.0,0.0,4.0,1.0,0.2,0.8,-1.8,-1.8,-1.8,-1.8,1.0,0.0,4.0,1.0,0.2,0.8,-3.12,-3.12,-3.12,-3.12,1.0,0.0,4.0,1.0,0.2,0.8,1016.9,1016.9,1016.9,1016.9,1.0,0.0,4.0,1.0,0.2,0.8,7.0,7.0,7.0,7.0,1.0,0.0,4.0,1.0,0.2,0.8,-6.5,-6.5,-6.5,-6.5,1.0,0.0,4.0,1.0,0.2,0.8,-11.2,-11.2,-11.2,-11.2,1.0,0.0,4.0,1.0,0.2,0.8,0.1,0.1,0.1,0.1,1.0,0.0,4.0,1.0,0.2,0.8,0.4,0.4,0.4,0.4,1.0,0.0,4.0,1.0,0.2,0.8,4.16,4.16,4.16,4.16,1.0,0.0,4.0,1.0,0.2,0.8,15.0,15.0,15.0,15.0,1.0,0.0,4.0,1.0,0.2,0.8,-44.6,-44.6,-44.6,-44.6,1.0,0.0,4.0,1.0,0.2,0.8,-77.3,-77.3,-77.3,-77.3,1.0,0.0,4.0,1.0,0.2,0.8,-27.8,-27.8,-27.8,-27.8,1.0,0.0,4.0,1.0,0.2,0.8,-48.1,-48.1,-48.1,-48.1,1.0,0.0,4.0,1.0,0.2,0.8,-7.5,-7.5,-7.5,-7.5,1.0,0.0,4.0,1.0,0.2,0.8,-13.0,-13.0,-13.0,-13.0,1.0,0.0,4.0,1.0,0.2,0.8,46.5,46.5,46.5,46.5,1.0,0.0,4.0,1.0,0.2,0.8,45.0,45.0,45.0,45.0,1.0,0.0,4.0,1.0,0.2,0.8
1974,2,226.0,-28.0,26.0,26.0,26.0,26.0,1.0,0.0,14.0,0.0,0.4,0.1,25.5,25.5,25.5,25.5,1.0,0.0,14.0,0.0,0.4,0.1,15.01,15.01,15.01,15.01,1.0,0.0,14.0,0.0,0.4,0.1,74.3,74.3,74.3,74.3,1.0,0.0,14.0,0.0,0.1,4.1,4.1,4.1,4.1,1.0,0.0,14.0,0.0,0.4,0.1,1.4,1.4,1.4,1.4,1.0,0.0,14.0,0.0,0.4,0.1,-3.85,-3.85,-3.85,-3.85,1.0,0.0,14.0,0.0,0.4,0.1,1019.0,1019.0,1019.0,1019.0,1.0,0.0,14.0,0.0,0.4,0.1,1.0,1.0,1.0,1.0,1.0,0.0,14.0,0.0,0.4,0.1,5.7,5.7,5.7,5.7,1.0,0.0,14.0,0.0,0.4,0.1,-15.8,-15.8,-15.8,-15.8,1.0,0.0,14.0,0.0,0.4,0.1,0.5,0.5,0.5,0.5,1.0,0.0,14.0,0.0,0.4,0.1,2.1,2.1,2.1,2.1,1.0,0.0,14.0,0.0,0.4,0.1,5.87,5.87,5.87,5.87,1.0,0.0,14.0,0.0,0.4,0.1,24.1,24.1,24.1,24.1,1.0,0.0,14.0,0.0,0.4,0.1,35.8,35.8,35.8,35.8,1.0,0.0,14.0,0.0,0.4,0.1,-98.2,-98.2,-98.2,-98.2,1.0,0.0,14.0,0.0,0.4,0.1,21.0,21.0,21.0,21.0,1.0,0.0,14.0,0.0,0.4,0.1,-57.8,-57.8,-57.8,-57.8,1.0,0.0,14.0,0.0,0.4,0.1,8.2,8.2,8.2,8.2,1.0,0.0,14.0,0.0,0.4,0.1,-22.6,-22.6,-22.6,-22.6,1.0,0.0,14.0,0.0,0.4,0.1,69.0,69.0,69.0,69.0,1.0,0.0,14.0,0.0,0.4,0.1,70.0,70.0,70.0,70.0,1.0,0.0,14.0,0.0,0.4,0.1
1974,2,226.0,-27.0,26.46,26.6,26.74,26.6,2.0,0.28,16.0,0.0,1.0,0.7,25.83,25.9,25.97,25.9,2.0,0.14,16.0,0.0,1.0,0.7,14.99,15.18,15.37,15.18,2.0,0.4,16.0,0.0,1.0,0.7,72.9,73.5,74.1,73.5,2.0,1.3,16.0,0.0,0.7,2.1,2.1,2.1,2.1,2.0,0.0,16.0,0.0,1.0,0.7,-2.05,-2.02,-1.99,-2.02,2.0,0.07,16.0,0.0,1.0,0.7,-0.19,0.18,0.55,0.18,2.0,0.77,16.0,0.0,1.0,0.7,1020.16,1020.3,1020.44,1020.3,2.0,0.28,16.0,0.0,1.0,0.7,2.0,2.0,2.0,2.0,2.0,0.0,16.0,0.0,1.0,0.7,-4.3,-4.2,-4.2,-4.2,2.0,0.1,16.0,0.0,1.0,0.7,-0.4,0.4,1.1,0.4,2.0,1.6,16.0,0.0,1.0,0.7,0.63,0.7,0.77,0.7,2.0,0.14,16.0,0.0,1.0,0.7,1.3,1.5,1.6,1.5,2.0,0.3,16.0,0.0,1.0,0.7,6.42,6.44,6.45,6.44,2.0,0.04,16.0,0.0,1.0,0.7,13.5,13.5,13.6,13.5,2.0,0.1,16.0,0.0,1.0,0.7,-53.0,-52.3,-51.6,-52.3,2.0,1.4,16.0,0.0,1.0,0.7,-5.0,4.6,14.2,4.6,2.0,19.9,16.0,0.0,1.0,0.7,-30.8,-30.7,-30.6,-30.7,2.0,0.2,16.0,0.0,1.0,0.7,-2.8,2.8,8.5,2.8,2.0,11.7,16.0,0.0,1.0,0.7,-13.3,-13.0,-12.8,-13.0,2.0,0.5,16.0,0.0,1.0,0.7,-1.3,1.1,3.5,1.1,2.0,4.9,16.0,0.0,1.0,0.7,9.5,9.5,9.5,9.5,2.0,0.0,16.0,0.0,1.0,0.7,10.0,10.0,10.0,10.0,2.0,0.0,16.0,0.0,1.0,0.7
1974,2,226.0,-26.0,24.78,26.45,28.12,26.45,2.0,3.46,24.0,0.5,0.6,0.5,27.15,27.9,28.65,27.9,2.0,1.56,24.0,0.5,0.6,0.5,15.56,15.56,15.56,15.56,1.0,0.0,26.0,1.0,0.4,0.7,71.4,71.4,71.4,71.4,1.0,0.0,26.0,1.0,0.7,1.15,2.55,3.95,2.55,2.0,2.9,24.0,0.5,0.6,0.5,-3.61,-2.08,-0.54,-2.08,2.0,3.18,24.0,0.5,0.6,0.5,-1.4,-1.02,-0.64,-1.02,2.0,0.78,24.0,0.5,0.6,0.5,1012.48,1015.65,1018.82,1015.65,2.0,6.58,24.0,0.5,0.6,0.5,2.8,4.5,6.2,4.5,2.0,3.5,24.0,0.5,0.6,0.5,-16.7,-9.9,-3.1,-9.9,2.0,14.1,24.0,0.5,0.6,0.5,-6.1,-3.7,-1.3,-3.7,2.0,5.0,24.0,0.5,0.6,0.5,-3.87,-1.45,0.97,-1.45,2.0,5.02,24.0,0.5,0.6,0.5,-0.6,3.6,7.7,3.6,2.0,8.6,24.0,0.5,0.6,0.5,9.22,9.22,9.22,9.22,1.0,0.0,26.0,1.0,0.4,0.7,42.4,42.4,42.4,42.4,1.0,0.0,26.0,1.0,0.4,0.7,-96.7,-55.4,-14.2,-55.4,2.0,85.4,24.0,0.5,0.6,0.5,-37.6,-27.9,-18.2,-27.9,2.0,20.2,24.0,0.5,0.6,0.5,-67.3,-67.3,-67.3,-67.3,1.0,0.0,26.0,1.0,0.4,0.7,-24.5,-24.5,-24.5,-24.5,1.0,0.0,26.0,1.0,0.4,0.7,-39.8,-39.8,-39.8,-39.8,1.0,0.0,26.0,1.0,0.4,0.7,-14.5,-14.5,-14.5,-14.5,1.0,0.0,26.0,1.0,0.4,0.7,15.5,48.5,82.0,48.5,2.0,68.5,24.0,0.5,0.6,0.5,15.0,50.0,80.0,50.0,2.0,70.0,24.0,0.5,0.6,0.5
1974,2,226.0,-22.0,25.4,25.4,25.4,25.4,1.0,0.0,12.0,1.0,0.1,0.1,26.2,26.2,26.2,26.2,1.0,0.0,12.0,1.0,0.1,0.1,16.24,16.24,16.24,16.24,1.0,0.0,12.0,1.0,0.1,0.1,77.2,77.2,77.2,77.2,1.0,0.0,12.0,1.0,0.1,6.2,6.2,6.2,6.2,1.0,0.0,12.0,1.0,0.1,0.1,-6.11,-6.11,-6.11,-6.11,1.0,0.0,12.0,1.0,0.1,0.1,1.08,1.08,1.08,1.08,1.0,0.0,12.0,1.0,0.1,0.1,1020.9,1020.9,1020.9,1020.9,1.0,0.0,12.0,1.0,0.1,0.1,6.0,6.0,6.0,6.0,1.0,0.0,12.0,1.0,0.1,0.1,-37.9,-37.9,-37.9,-37.9,1.0,0.0,12.0,1.0,0.1,0.1,6.7,6.7,6.7,6.7,1.0,0.0,12.0,1.0,0.1,0.1,-0.8,-0.8,-0.8,-0.8,1.0,0.0,12.0,1.0,0.1,0.1,-5.0,-5.0,-5.0,-5.0,1.0,0.0,12.0,1.0,0.1,0.1,3.86,3.86,3.86,3.86,1.0,0.0,12.0,1.0,0.1,0.1,23.9,23.9,23.9,23.9,1.0,0.0,12.0,1.0,0.1,0.1,-160.0,-160.0,-160.0,-160.0,1.0,0.0,12.0,1.0,0.1,0.1,28.2,28.2,28.2,28.2,1.0,0.0,12.0,1.0,0.1,0.1,-99.1,-99.1,-99.1,-99.1,1.0,0.0,12.0,1.0,0.1,0.1,17.5,17.5,17.5,17.5,1.0,0.0,12.0,1.0,0.1,0.1,-23.6,-23.6,-23.6,-23.6,1.0,0.0,12.0,1.0,0.1,0.1,4.2,4.2,4.2,4.2,1.0,0.0,12.0,1.0,0.1,0.1,238.5,238.5,238.5,238.5,1.0,0.0,12.0,1.0,0.1,0.1,240.0,240.0,240.0,240.0,1.0,0.0,12.0,1.0,0.1,0.1
1974,2,226.0,-17.0,26.0,26.0,26.0,26.0,1.0,0.0,26.0,0.0,0.7,0.1,25.4,25.4,25.4,25.4,1.0,0.0,26.0,0.0,0.7,0.1,18.83,18.83,18.83,18.83,1.0,0.0,26.0,0.0,0.7,0.1,93.1,93.1,93.1,93.1,1.0,0.0,26.0,0.0,0.1,6.2,6.2,6.2,6.2,1.0,0.0,26.0,0.0,0.7,0.1,-6.11,-6.11,-6.11,-6.11,1.0,0.0,26.0,0.0,0.7,0.1,1.08,1.08,1.08,1.08,1.0,0.0,26.0,0.0,0.7,0.1,1013.5,1013.5,1013.5,1013.5,1.0,0.0,26.0,0.0,0.7,0.1,3.0,3.0,3.0,3.0,1.0,0.0,26.0,0.0,0.7,0.1,-37.9,-37.9,-37.9,-37.9,1.0,0.0,26.0,0.0,0.7,0.1,6.7,6.7,6.7,6.7,1.0,0.0,26.0,0.0,0.7,0.1,0.6,0.6,0.6,0.6,1.0,0.0,26.0,0.0,0.7,0.1,3.7,3.7,3.7,3.7,1.0,0.0,26.0,0.0,0.7,0.1,2.16,2.16,2.16,2.16,1.0,0.0,26.0,0.0,0.7,0.1,13.4,13.4,13.4,13.4,1.0,0.0,26.0,0.0,0.7,0.1,-155.1,-155.1,-155.1,-155.1,1.0,0.0,26.0,0.0,0.7,0.1,27.3,27.3,27.3,27.3,1.0,0.0,26.0,0.0,0.7,0.1,-115.0,-115.0,-115.0,-115.0,1.0,0.0,26.0,0.0,0.7,0.1,20.3,20.3,20.3,20.3,1.0,0.0,26.0,0.0,0.7,0.1,-13.2,-13.2,-13.2,-13.2,1.0,0.0,26.0,0.0,0.7,0.1,2.3,2.3,2.3,2.3,1.0,0.0,26.0,0.0,0.7,0.1,238.5,238.5,238.5,238.5,1.0,0.0,26.0,0.0,0.7,0.1,240.0,240.0,240.0,240.0,1.0,0.0,26.0,0.0,0.7,0.1
1974,2,226.0,-12.0,,,,,,,,,,,,,,,,,,,,,,,,,,,,,,,,,,,,,,,,4.1,4.1,4.1,4.1,1.0,0.0,4.0,1.0,0.2,0.2,-4.1,-4.1,-4.1,-4.1,1.0,0.0,4.0,1.0,0.2,0.2,0.0,0.0,0.0,0.0,1.0,0.0,4.0,1.0,0.2,0.2,1010.5,1010.5,1010.5,1010.5,1.0,0.0,4.0,1.0,0.2,0.2,,,,,,,,,,,,,,,,,,,,,,,,,,,,,,,,,,,,,,,,,,,,,,,,,,,,,,,,,,,,,,,,,,,,,,,,,,,,,,,,,,,,,,,,,,,,,,,,,,,,,,,,,,,,,,,,,,,,,,,,,,,,,,,,,,,,,,,,,,,,,,,,,,,,,,
1974,2,226.0,-10.0,26.69,27.1,28.33,27.5,3.0,1.25,10.0,0.3,0.6,0.7,25.53,25.6,26.97,26.23,3.0,1.18,10.0,0.3,0.6,0.7,16.72,17.25,17.45,17.09,3.0,0.56,10.0,0.3,0.6,0.7,76.5,80.5,84.3,80.4,3.0,5.7,10.0,0.3,0.7,4.61,5.7,7.07,5.83,3.0,1.8,10.0,0.3,0.6,0.7,-4.76,-4.37,-4.14,-4.45,3.0,0.46,10.0,0.3,0.6,0.7,-2.27,0.71,4.25,0.98,3.0,4.79,10.0,0.3,0.6,0.7,1009.94,1010.9,1012.33,1011.13,3.0,1.76,10.0,0.3,0.6,0.7,3.3,4.0,6.0,4.7,3.0,2.1,10.0,0.3,0.6,0.7,-33.9,-24.9,-19.2,-26.5,3.0,10.9,10.0,0.3,0.6,0.7,-13.3,2.9,31.9,9.2,3.0,33.6,10.0,0.3,0.6,0.7,-0.06,0.9,2.61,1.27,3.0,1.98,10.0,0.3,0.6,0.7,-1.5,3.7,14.4,6.4,3.0,11.9,10.0,0.3,0.6,0.7,5.2,5.26,6.76,5.96,3.0,1.3,10.0,0.3,0.6,0.7,27.3,40.5,41.9,34.7,3.0,11.8,10.0,0.3,0.6,0.7,-128.6,-111.3,-105.9,-117.1,3.0,17.4,10.0,0.3,0.6,0.7,-58.0,18.2,116.9,29.2,3.0,128.5,10.0,0.3,0.6,0.7,-82.6,-76.6,-69.7,-76.2,3.0,9.5,10.0,0.3,0.6,0.7,-40.2,11.7,73.2,16.4,3.0,83.1,10.0,0.3,0.6,0.7,-30.5,-26.0,-22.5,-26.5,3.0,5.9,10.0,0.3,0.6,0.7,-17.5,3.7,22.3,2.5,3.0,29.2,10.0,0.3,0.6,0.7,106.0,185.0,370.5,237.0,3.0,199.0,10.0,0.3,0.6,0.7,105.0,185.0,370.0,235.0,3.0,200.0,10.0,0.3,0.6,0.7
1974,2,226.0,-9.0,,,,,,,,,,,,,,,,,,,,,,,,,,,,,,,,,,,,,,,,7.2,7.2,7.2,7.2,1.0,0.0,20.0,0.0,0.7,0.5,-7.09,-7.09,-7.09,-7.09,1.0,0.0,20.0,0.0,0.7,0.5,1.25,1.25,1.25,1.25,1.0,0.0,20.0,0.0,0.7,0.5,1013.0,1013.0,1013.0,1013.0,1.0,0.0,20.0,0.0,0.7,0.5,,,,,,,,,,,,,,,,,,,,,,,,,,,,,,,,,,,,,,,,,,,,,,,,,,,,,,,,,,,,,,,,,,,,,,,,,,,,,,,,,,,,,,,,,,,,,,,,,,,,,,,,,,,,,,,,,,,,,,,,,,,,,,,,,,,,,,,,,,,,,,,,,,,,,,
1974,2,226.0,-8.0,26.41,26.65,26.89,26.65,2.0,0.49,16.0,1.0,0.6,0.3,26.53,26.8,27.07,26.8,2.0,0.57,16.0,1.0,0.6,0.3,17.64,17.98,18.32,17.98,2.0,0.7,16.0,1.0,0.6,0.3,78.8,81.8,84.8,81.8,2.0,6.2,16.0,1.0,0.3,5.17,6.4,7.63,6.4,2.0,2.55,16.0,1.0,0.6,0.3,-7.11,-5.84,-4.57,-5.84,2.0,2.63,16.0,1.0,0.6,0.3,2.38,2.55,2.72,2.55,2.0,0.36,16.0,1.0,0.6,0.3,1009.12,1011.3,1013.48,1011.3,2.0,4.53,16.0,1.0,0.6,0.3,0.6,2.0,3.4,2.0,2.0,2.8,16.0,1.0,0.6,0.3,-56.1,-40.8,-25.4,-40.8,2.0,31.7,16.0,1.0,0.6,0.3,12.6,16.8,21.0,16.8,2.0,8.8,16.0,1.0,0.6,0.3,-0.66,-0.15,0.36,-0.15,2.0,1.06,16.0,1.0,0.6,0.3,-5.8,-2.3,1.2,-2.3,2.0,7.2,16.0,1.0,0.6,0.3,3.83,3.9,3.97,3.9,2.0,0.15,16.0,1.0,0.6,0.3,19.9,25.1,30.4,25.1,2.0,10.9,16.0,1.0,0.6,0.3,-193.0,-157.4,-121.7,-157.4,2.0,73.8,16.0,1.0,0.6,0.3,63.2,68.5,73.8,68.5,2.0,11.0,16.0,1.0,0.6,0.3,-125.0,-104.2,-83.3,-104.2,2.0,43.3,16.0,1.0,0.6,0.3,43.5,45.8,48.0,45.8,2.0,4.6,16.0,1.0,0.6,0.3,-28.3,-23.0,-17.6,-23.0,2.0,11.1,16.0,1.0,0.6,0.3,9.1,10.0,10.8,10.0,2.0,1.8,16.0,1.0,0.6,0.3,169.5,324.5,479.5,324.5,2.0,321.0,16.0,1.0,0.6,0.3,170.0,325.0,480.0,325.0,2.0,320.0,16.0,1.0,0.6,0.3
1974,2,226.0,-6.0,25.56,25.7,25.74,25.66,5.0,0.11,24.0,0.8,0.5,0.3,25.2,25.4,27.08,26.12,5.0,1.45,24.0,0.8,0.5,0.3,16.27,17.78,17.87,17.0,5.0,1.84,24.0,0.8,0.5,0.3,69.7,87.6,89.2,80.6,5.0,11.4,24.0,0.8,0.3,5.44,8.0,8.73,7.0,5.0,3.46,24.0,0.8,0.5,0.3,-7.93,-6.93,-4.76,-6.2,5.0,3.0,24.0,0.8,0.5,0.3,1.67,4.0,4.37,3.11,5.0,2.0,24.0,0.8,0.5,0.3,1009.93,1010.4,1011.45,1010.64,5.0,0.83,24.0,0.8,0.5,0.3,1.6,4.0,5.0,3.4,5.0,1.8,24.0,0.8,0.5,0.3,-69.8,-55.4,-35.5,-51.7,5.0,31.2,24.0,0.8,0.5,0.3,13.8,32.0,38.6,27.1,5.0,18.3,24.0,0.8,0.5,0.3,-1.54,0.4,0.5,-0.46,5.0,1.51,24.0,0.8,0.5,0.3,-11.4,3.2,4.0,-3.9,5.0,14.7,24.0,0.8,0.5,0.3,2.79,2.8,4.39,3.63,5.0,1.74,24.0,0.8,0.5,0.3,16.7,22.4,25.6,20.7,5.0,8.1,24.0,0.8,0.5,0.3,-210.7,-176.0,-120.3,-162.7,5.0,82.2,24.0,0.8,0.5,0.3,42.1,100.8,116.7,82.0,5.0,55.0,24.0,0.8,0.5,0.3,-141.4,-123.9,-83.1,-109.7,5.0,55.2,24.0,0.8,0.5,0.3,30.2,71.1,77.8,55.6,5.0,35.4,24.0,0.8,0.5,0.3,-22.2,-21.0,-14.7,-18.4,5.0,6.8,24.0,0.8,0.5,0.3,4.4,11.2,12.8,8.7,5.0,6.0,24.0,0.8,0.5,0.3,325.5,512.0,690.0,507.5,5.0,353.5,24.0,0.8,0.5,0.3,325.0,510.0,690.0,505.0,5.0,355.0,24.0,0.8,0.5,0.3
1974,2,226.0,-2.0,24.5,24.5,24.5,24.5,1.0,0.0,8.0,1.0,0.3,0.3,26.5,26.5,26.5,26.5,1.0,0.0,8.0,1.0,0.3,0.3,18.43,18.43,18.43,18.43,1.0,0.0,8.0,1.0,0.3,0.3,85.1,85.1,85.1,85.1,1.0,0.0,8.0,1.0,0.3,4.1,4.1,4.1,4.1,1.0,0.0,8.0,1.0,0.3,0.3,-3.85,-3.85,-3.85,-3.85,1.0,0.0,8.0,1.0,0.3,0.3,-1.4,-1.4,-1.4,-1.4,1.0,0.0,8.0,1.0,0.3,0.3,1010.8,1010.8,1010.8,1010.8,1.0,0.0,8.0,1.0,0.3,0.3,2.0,2.0,2.0,2.0,1.0,0.0,8.0,1.0,0.3,0.3,-15.8,-15.8,-15.8,-15.8,1.0,0.0,8.0,1.0,0.3,0.3,-5.7,-5.7,-5.7,-5.7,1.0,0.0,8.0,1.0,0.3,0.3,-2.0,-2.0,-2.0,-2.0,1.0,0.0,8.0,1.0,0.3,0.3,-8.2,-8.2,-8.2,-8.2,1.0,0.0,8.0,1.0,0.3,0.3,0.8,0.8,0.8,0.8,1.0,0.0,8.0,1.0,0.3,0.3,3.3,3.3,3.3,3.3,1.0,0.0,8.0,1.0,0.3,0.3,-102.1,-102.1,-102.1,-102.1,1.0,0.0,8.0,1.0,0.3,0.3,-37.2,-37.2,-37.2,-37.2,1.0,0.0,8.0,1.0,0.3,0.3,-71.0,-71.0,-71.0,-71.0,1.0,0.0,8.0,1.0,0.3,0.3,-25.8,-25.8,-25.8,-25.8,1.0,0.0,8.0,1.0,0.3,0.3,-3.1,-3.1,-3.1,-3.1,1.0,0.0,8.0,1.0,0.3,0.3,-1.1,-1.1,-1.1,-1.1,1.0,0.0,8.0,1.0,0.3,0.3,69.0,69.0,69.0,69.0,1.0,0.0,8.0,1.0,0.3,0.3,70.0,70.0,70.0,70.0,1.0,0.0,8.0,1.0,0.3,0.3
1974,2,226.0,0.0,,,,,,,,,,,,,,,,,,,,,,,,,,,,,,,,,,,,,,,,5.7,5.7,5.7,5.7,1.0,0.0,12.0,0.0,0.3,0.9,-5.61,-5.61,-5.61,-5.61,1.0,0.0,12.0,0.0,0.3,0.9,0.99,0.99,0.99,0.99,1.0,0.0,12.0,0.0,0.3,0.9,1010.5,1010.5,1010.5,1010.5,1.0,0.0,12.0,0.0,0.3,0.9,,,,,,,,,,,,,,,,,,,,,,,,,,,,,,,,,,,,,,,,,,,,,,,,,,,,,,,,,,,,,,,,,,,,,,,,,,,,,,,,,,,,,,,,,,,,,,,,,,,,,,,,,,,,,,,,,,,,,,,,,,,,,,,,,,,,,,,,,,,,,,,,,,,,,,
1974,2,226.0,7.0,25.6,25.6,25.6,25.6,1.0,0.0,20.0,1.0,0.8,0.2,24.4,24.4,24.4,24.4,1.0,0.0,20.0,1.0,0.8,0.2,15.97,15.97,15.97,15.97,1.0,0.0,20.0,1.0,0.8,0.2,83.9,83.9,83.9,83.9,1.0,0.0,20.0,1.0,0.2,8.2,8.2,8.2,8.2,1.0,0.0,20.0,1.0,0.8,0.2,-8.2,-8.2,-8.2,-8.2,1.0,0.0,20.0,1.0,0.8,0.2,0.0,0.0,0.0,0.0,1.0,0.0,20.0,1.0,0.8,0.2,1012.7,1012.7,1012.7,1012.7,1.0,0.0,20.0,1.0,0.8,0.2,8.0,8.0,8.0,8.0,1.0,0.0,20.0,1.0,0.8,0.2,-67.2,-67.2,-67.2,-67.2,1.0,0.0,20.0,1.0,0.8,0.2,0.0,0.0,0.0,0.0,1.0,0.0,20.0,1.0,0.8,0.2,1.2,1.2,1.2,1.2,1.0,0.0,20.0,1.0,0.8,0.2,9.8,9.8,9.8,9.8,1.0,0.0,20.0,1.0,0.8,0.2,4.54,4.54,4.54,4.54,1.0,0.0,20.0,1.0,0.8,0.2,37.2,37.2,37.2,37.2,1.0,0.0,20.0,1.0,0.8,0.2,-200.1,-200.1,-200.1,-200.1,1.0,0.0,20.0,1.0,0.8,0.2,0.0,0.0,0.0,0.0,1.0,0.0,20.0,1.0,0.8,0.2,-131.0,-131.0,-131.0,-131.0,1.0,0.0,20.0,1.0,0.8,0.2,0.0,0.0,0.0,0.0,1.0,0.0,20.0,1.0,0.8,0.2,-37.2,-37.2,-37.2,-37.2,1.0,0.0,20.0,1.0,0.8,0.2,0.0,0.0,0.0,0.0,1.0,0.0,20.0,1.0,0.8,0.2,551.5,551.5,551.5,551.5,1.0,0.0,20.0,1.0,0.8,0.2,550.0,550.0,550.0,550.0,1.0,0.0,20.0,1.0,0.8,0.2
1974,2,226.0,8.0,28.0,28.0,28.0,28.0,1.0,0.0,10.0,0.0,0.7,0.5,24.5,24.5,24.5,24.5,1.0,0.0,10.0,0.0,0.7,0.5,16.13,16.13,16.13,16.13,1.0,0.0,10.0,0.0,0.7,0.5,83.9,83.9,83.9,83.9,1.0,0.0,10.0,0.0,0.5,3.6,3.6,3.6,3.6,1.0,0.0,10.0,0.0,0.7,0.5,-3.38,-3.38,-3.38,-3.38,1.0,0.0,10.0,0.0,0.7,0.5,-1.23,-1.23,-1.23,-1.23,1.0,0.0,10.0,0.0,0.7,0.5,1008.8,1008.8,1008.8,1008.8,1.0,0.0,10.0,0.0,0.7,0.5,3.0,3.0,3.0,3.0,1.0,0.0,10.0,0.0,0.7,0.5,-12.2,-12.2,-12.2,-12.2,1.0,0.0,10.0,0.0,0.7,0.5,-4.4,-4.4,-4.4,-4.4,1.0,0.0,10.0,0.0,0.7,0.5,3.5,3.5,3.5,3.5,1.0,0.0,10.0,0.0,0.7,0.5,12.6,12.6,12.6,12.6,1.0,0.0,10.0,0.0,0.7,0.5,7.63,7.63,7.63,7.63,1.0,0.0,10.0,0.0,0.7,0.5,27.5,27.5,27.5,27.5,1.0,0.0,10.0,0.0,0.7,0.5,-82.9,-82.9,-82.9,-82.9,1.0,0.0,10.0,0.0,0.7,0.5,-30.2,-30.2,-30.2,-30.2,1.0,0.0,10.0,0.0,0.7,0.5,-54.6,-54.6,-54.6,-54.6,1.0,0.0,10.0,0.0,0.7,0.5,-19.9,-19.9,-19.9,-19.9,1.0,0.0,10.0,0.0,0.7,0.5,-25.8,-25.8,-25.8,-25.8,1.0,0.0,10.0,0.0,0.7,0.5,-9.4,-9.4,-9.4,-9.4,1.0,0.0,10.0,0.0,0.7,0.5,46.5,46.5,46.5,46.5,1.0,0.0,10.0,0.0,0.7,0.5,45.0,45.0,45.0,45.0,1.0,0.0,10.0,0.0,0.7,0.5
1974,2,226.0,10.0,27.0,27.0,27.0,27.0,1.0,0.0,12.0,0.0,0.6,0.2,25.0,25.0,25.0,25.0,1.0,0.0,12.0,0.0,0.6,0.2,18.15,18.15,18.15,18.15,1.0,0.0,12.0,0.0,0.6,0.2,91.9,91.9,91.9,91.9,1.0,0.0,12.0,0.0,0.2,10.3,10.3,10.3,10.3,1.0,0.0,12.0,0.0,0.6,0.2,-8.92,-8.92,-8.92,-8.92,1.0,0.0,12.0,0.0,0.6,0.2,-5.15,-5.15,-5.15,-5.15,1.0,0.0,12.0,0.0,0.6,0.2,1014.0,1014.0,1014.0,1014.0,1.0,0.0,12.0,0.0,0.6,0.2,2.0,2.0,2.0,2.0,1.0,0.0,12.0,0.0,0.6,0.2,-91.9,-91.9,-91.9,-91.9,1.0,0.0,12.0,0.0,0.6,0.2,-53.0,-53.0,-53.0,-53.0,1.0,0.0,12.0,0.0,0.6,0.2,2.0,2.0,2.0,2.0,1.0,0.0,12.0,0.0,0.6,0.2,20.6,20.6,20.6,20.6,1.0,0.0,12.0,0.0,0.6,0.2,4.13,4.13,4.13,4.13,1.0,0.0,12.0,0.0,0.6,0.2,42.5,42.5,42.5,42.5,1.0,0.0,12.0,0.0,0.6,0.2,-223.0,-223.0,-223.0,-223.0,1.0,0.0,12.0,0.0,0.6,0.2,-128.7,-128.7,-128.7,-128.7,1.0,0.0,12.0,0.0,0.6,0.2,-161.9,-161.9,-161.9,-161.9,1.0,0.0,12.0,0.0,0.6,0.2,-93.5,-93.5,-93.5,-93.5,1.0,0.0,12.0,0.0,0.6,0.2,-36.8,-36.8,-36.8,-36.8,1.0,0.0,12.0,0.0,0.6,0.2,-21.3,-21.3,-21.3,-21.3,1.0,0.0,12.0,0.0,0.6,0.2,1092.5,1092.5,1092.5,1092.5,1.0,0.0,12.0,0.0,0.6,0.2,1095.0,1095.0,1095.0,1095.0,1.0,0.0,12.0,0.0,0.6,0.2
1974,2,226.0,12.0,24.32,25.0,25.68,25.0,2.0,1.41,24.0,0.5,0.5,0.5,22.32,23.0,23.68,23.0,2.0,1.41,24.0,0.5,0.5,0.5,14.49,14.94,15.4,14.94,2.0,0.95,24.0,0.5,0.5,0.5,84.7,85.6,86.4,85.6,2.0,1.7,24.0,0.5,0.5,8.19,9.25,10.31,9.25,2.0,2.19,24.0,0.5,0.5,0.5,-9.74,-8.87,-7.99,-8.87,2.0,1.81,24.0,0.5,0.5,0.5,-3.32,-2.52,-1.71,-2.52,2.0,1.67,24.0,0.5,0.5,0.5,1013.63,1015.0,1016.37,1015.0,2.0,2.83,24.0,0.5,0.5,0.5,5.5,6.5,7.5,6.5,2.0,2.1,24.0,0.5,0.5,0.5,-101.5,-84.0,-66.5,-84.0,2.0,36.2,24.0,0.5,0.5,0.5,-35.2,-25.1,-15.0,-25.1,2.0,20.9,24.0,0.5,0.5,0.5,0.63,2.0,3.37,2.0,2.0,2.83,24.0,0.5,0.5,0.5,6.9,21.6,36.3,21.6,2.0,30.5,24.0,0.5,0.5,0.5,3.53,4.83,6.13,4.83,2.0,2.69,24.0,0.5,0.5,0.5,30.5,47.6,64.7,47.6,2.0,35.5,24.0,0.5,0.5,0.5,-216.7,-202.6,-188.5,-202.6,2.0,29.2,24.0,0.5,0.5,0.5,-73.5,-56.7,-39.9,-56.7,2.0,34.8,24.0,0.5,0.5,0.5,-140.6,-131.6,-122.6,-131.6,2.0,18.7,24.0,0.5,0.5,0.5,-47.7,-36.8,-25.9,-36.8,2.0,22.5,24.0,0.5,0.5,0.5,-61.0,-45.3,-29.5,-45.3,2.0,32.6,24.0,0.5,0.5,0.5,-21.5,-14.4,-7.2,-14.4,2.0,14.8,24.0,0.5,0.5,0.5,584.0,858.0,1132.0,858.0,2.0,568.0,24.0,0.5,0.5,0.5,585.0,860.0,1130.0,860.0,2.0,570.0,24.0,0.5,0.5,0.5
1974,2,226.0,14.0,24.3,24.3,24.3,24.3,1.0,0.0,22.0,1.0,0.5,0.4,24.7,24.7,24.7,24.7,1.0,0.0,22.0,1.0,0.5,0.4,12.24,12.24,12.24,12.24,1.0,0.0,22.0,1.0,0.5,0.4,63.4,63.4,63.4,63.4,1.0,0.0,22.0,1.0,0.4,9.3,9.3,9.3,9.3,1.0,0.0,22.0,1.0,0.5,0.4,-5.98,-5.98,-5.98,-5.98,1.0,0.0,22.0,1.0,0.5,0.4,-7.12,-7.12,-7.12,-7.12,1.0,0.0,22.0,1.0,0.5,0.4,1014.8,1014.8,1014.8,1014.8,1.0,0.0,22.0,1.0,0.5,0.4,3.0,3.0,3.0,3.0,1.0,0.0,22.0,1.0,0.5,0.4,-55.6,-55.6,-55.6,-55.6,1.0,0.0,22.0,1.0,0.5,0.4,-66.3,-66.3,-66.3,-66.3,1.0,0.0,22.0,1.0,0.5,0.4,-0.4,-0.4,-0.4,-0.4,1.0,0.0,22.0,1.0,0.5,0.4,-3.7,-3.7,-3.7,-3.7,1.0,0.0,22.0,1.0,0.5,0.4,6.68,6.68,6.68,6.68,1.0,0.0,22.0,1.0,0.5,0.4,62.1,62.1,62.1,62.1,1.0,0.0,22.0,1.0,0.5,0.4,-147.7,-147.7,-147.7,-147.7,1.0,0.0,22.0,1.0,0.5,0.4,-176.0,-176.0,-176.0,-176.0,1.0,0.0,22.0,1.0,0.5,0.4,-73.2,-73.2,-73.2,-73.2,1.0,0.0,22.0,1.0,0.5,0.4,-87.2,-87.2,-87.2,-87.2,1.0,0.0,22.0,1.0,0.5,0.4,-39.9,-39.9,-39.9,-39.9,1.0,0.0,22.0,1.0,0.5,0.4,-47.6,-47.6,-47.6,-47.6,1.0,0.0,22.0,1.0,0.5,0.4,804.5,804.5,804.5,804.5,1.0,0.0,22.0,1.0,0.5,0.4,805.0,805.0,805.0,805.0,1.0,0.0,22.0,1.0,0.5,0.4
1974,2,226.0,15.0,23.85,23.95,24.05,23.95,2.0,0.21,18.0,1.0,0.6,0.4,22.06,22.2,22.2,22.13,3.0,0.12,20.0,0.7,0.6,0.3,12.43,13.31,13.53,12.99,3.0,0.85,20.0,0.7,0.6,0.3,74.8,80.1,82.1,78.5,3.0,5.5,20.0,0.7,0.3,7.02,7.7,7.7,7.37,3.0,0.58,20.0,0.7,0.6,0.3,-4.95,-4.95,-4.51,-4.74,3.0,0.37,20.0,0.7,0.6,0.3,-5.9,-5.9,-5.38,-5.64,3.0,0.44,20.0,0.7,0.6,0.3,1013.73,1014.0,1015.02,1014.37,3.0,1.0,20.0,0.7,0.6,0.3,4.3,7.0,7.7,6.0,3.0,2.6,20.0,0.7,0.6,0.3,-38.1,-38.1,-31.8,-35.0,3.0,5.3,20.0,0.7,0.6,0.3,-45.4,-45.4,-37.9,-41.7,3.0,6.4,20.0,0.7,0.6,0.3,1.65,1.75,1.85,1.75,2.0,0.21,18.0,1.0,0.6,0.4,12.7,13.5,14.3,13.5,2.0,1.6,18.0,1.0,0.6,0.4,5.32,5.88,6.43,5.88,2.0,1.15,18.0,1.0,0.6,0.4,41.0,45.3,49.5,45.3,2.0,8.8,18.0,1.0,0.6,0.4,-109.9,-109.9,-99.5,-104.8,3.0,8.7,20.0,0.7,0.6,0.3,-130.9,-130.9,-118.6,-124.9,3.0,10.4,20.0,0.7,0.6,0.3,-63.9,-59.5,-58.9,-61.4,3.0,3.9,20.0,0.7,0.6,0.3,-76.1,-70.9,-70.2,-73.1,3.0,4.7,20.0,0.7,0.6,0.3,-31.8,-29.1,-26.3,-29.1,2.0,5.7,18.0,1.0,0.6,0.4,-37.9,-34.7,-31.4,-34.7,2.0,6.8,18.0,1.0,0.6,0.4,350.0,456.5,456.5,404.5,3.0,90.0,20.0,0.7,0.6,0.3,350.0,455.0,455.0,405.0,3.0,90.0,20.0,0.7,0.6,0.3
1974,2,226.0,16.0,23.16,23.5,23.84,23.5,2.0,0.71,14.0,0.5,0.4,0.8,21.17,21.55,21.93,21.55,2.0,0.78,14.0,0.5,0.4,0.8,14.34,15.05,15.75,15.05,2.0,1.46,14.0,0.5,0.4,0.8,92.1,94.1,96.1,94.1,2.0,4.1,14.0,0.5,0.8,11.13,11.85,12.57,11.85,2.0,1.48,14.0,0.5,0.4,0.8,-9.85,-9.22,-8.59,-9.22,2.0,1.31,14.0,0.5,0.4,0.8,-8.9,-6.79,-4.68,-6.79,2.0,4.38,14.0,0.5,0.4,0.8,1013.22,1015.4,1017.58,1015.4,2.0,4.53,14.0,0.5,0.4,0.8,7.2,7.5,7.8,7.5,2.0,0.7,14.0,0.5,0.4,0.8,-109.2,-108.3,-107.4,-108.3,2.0,1.9,14.0,0.5,0.4,0.8,-113.6,-83.7,-53.8,-83.7,2.0,61.9,14.0,0.5,0.4,0.8,1.23,1.95,2.67,1.95,2.0,1.48,14.0,0.5,0.4,0.8,14.3,24.2,34.1,24.2,2.0,20.5,14.0,0.5,0.4,0.8,1.93,2.97,4.01,2.97,2.0,2.15,14.0,0.5,0.4,0.8,22.3,36.8,51.2,36.8,2.0,29.9,14.0,0.5,0.4,0.8,-216.3,-199.2,-182.1,-199.2,2.0,35.5,14.0,0.5,0.4,0.8,-187.5,-144.6,-101.6,-144.6,2.0,89.0,14.0,0.5,0.4,0.8,-155.7,-139.7,-123.7,-139.7,2.0,33.2,14.0,0.5,0.4,0.8,-126.0,-99.0,-71.9,-99.0,2.0,56.0,14.0,0.5,0.4,0.8,-33.7,-26.0,-18.3,-26.0,2.0,16.0,14.0,0.5,0.4,0.8,-38.2,-24.9,-11.5,-24.9,2.0,27.6,14.0,0.5,0.4,0.8,1400.5,1703.0,2006.0,1703.0,2.0,627.0,14.0,0.5,0.4,0.8,1400.0,1705.0,2005.0,1705.0,2.0,625.0,14.0,0.5,0.4,0.8
1974,2,226.0,17.0,22.1,22.25,22.93,22.5,4.0,0.68,14.0,1.0,0.4,0.6,20.56,21.0,22.18,21.32,5.0,0.89,12.0,0.8,0.5,0.5,11.14,11.91,12.78,11.96,4.0,1.1,10.0,0.8,0.5,0.5,72.6,76.3,78.7,75.7,4.0,3.7,10.0,0.8,0.5,7.15,8.0,8.92,7.98,5.0,1.17,12.0,0.8,0.5,0.5,-8.42,-7.58,-5.51,-7.14,5.0,1.62,12.0,0.8,0.5,0.5,-4.4,-1.61,0.49,-2.01,5.0,3.09,12.0,0.8,0.5,0.5,1014.95,1017.1,1019.66,1017.16,5.0,3.09,12.0,0.8,0.5,0.5,4.9,6.0,7.4,6.0,5.0,1.9,12.0,0.8,0.5,0.5,-71.7,-58.4,-43.0,-57.9,5.0,19.2,12.0,0.8,0.5,0.5,-33.4,-15.0,3.8,-16.4,5.0,26.1,12.0,0.8,0.5,0.5,1.14,1.4,1.55,1.35,4.0,0.26,14.0,1.0,0.4,0.6,8.8,10.2,11.8,10.3,4.0,2.2,14.0,1.0,0.4,0.6,4.65,4.7,5.54,5.09,3.0,0.74,12.0,1.0,0.4,0.7,36.0,36.8,39.6,37.8,3.0,2.8,12.0,1.0,0.4,0.7,-181.9,-168.0,-113.2,-153.1,5.0,39.2,12.0,0.8,0.5,0.5,-90.4,-35.5,11.0,-41.2,5.0,64.1,12.0,0.8,0.5,0.5,-106.6,-83.1,-61.0,-83.8,4.0,26.6,10.0,0.8,0.5,0.5,-56.4,-26.4,0.0,-28.1,4.0,39.4,10.0,0.8,0.5,0.5,-34.0,-31.9,-28.1,-31.1,3.0,4.4,12.0,1.0,0.4,0.7,-27.2,-18.4,-1.6,-14.5,3.0,19.1,12.0,1.0,0.4,0.7,377.0,512.0,712.0,534.0,5.0,213.5,12.0,0.8,0.5,0.5,375.0,510.0,710.0,535.0,5.0,215.0,12.0,0.8,0.5,0.5
1974,2,226.0,18.0,21.38,22.2,24.45,22.9,3.0,2.33,18.0,0.7,0.7,0.3,21.56,21.7,21.9,21.73,3.0,0.25,18.0,0.7,0.7,0.3,10.75,11.69,12.71,11.73,3.0,1.43,18.0,0.7,0.7,0.3,66.6,71.4,79.4,73.0,3.0,9.4,18.0,0.7,0.3,7.16,10.3,12.07,9.63,3.0,3.65,18.0,0.7,0.7,0.3,-11.49,-10.14,-5.72,-8.64,3.0,4.42,18.0,0.7,0.7,0.3,-4.4,-4.37,-2.61,-3.52,3.0,1.5,18.0,0.7,0.7,0.3,1016.32,1017.0,1018.02,1017.17,3.0,1.26,18.0,0.7,0.7,0.3,4.0,4.0,6.7,5.3,3.0,2.3,18.0,0.7,0.7,0.3,-139.9,-104.5,-47.4,-93.9,3.0,68.4,18.0,0.7,0.7,0.3,-46.8,-24.9,-20.5,-33.4,3.0,20.6,18.0,0.7,0.7,0.3,-0.52,0.5,2.89,1.17,3.0,2.57,18.0,0.7,0.7,0.3,-7.2,5.2,17.2,5.0,3.0,17.9,18.0,0.7,0.7,0.3,4.54,6.26,6.85,5.71,3.0,1.76,18.0,0.7,0.7,0.3,43.0,48.2,59.3,51.1,3.0,12.2,18.0,0.7,0.7,0.3,-251.9,-220.1,-123.6,-188.5,3.0,97.9,18.0,0.7,0.7,0.3,-96.1,-93.9,-56.3,-76.6,3.0,32.8,18.0,0.7,0.7,0.3,-130.0,-104.7,-66.2,-98.2,3.0,47.1,18.0,0.7,0.7,0.3,-55.7,-51.6,-29.0,-42.5,3.0,21.1,18.0,0.7,0.7,0.3,-57.7,-45.3,-32.2,-45.0,3.0,18.7,18.0,0.7,0.7,0.3,-26.5,-16.5,-12.9,-19.6,3.0,10.3,18.0,0.7,0.7,0.3,473.0,1092.5,1812.0,1141.5,3.0,981.5,18.0,0.7,0.7,0.3,475.0,1095.0,1810.0,1140.0,3.0,980.0,18.0,0.7,0.7,0.3
1974,2,226.0,19.0,20.0,21.2,21.68,20.94,5.0,0.9,18.0,0.6,0.6,0.6,19.77,20.0,23.21,20.98,6.0,2.02,18.0,0.5,0.6,0.5,11.19,11.85,14.31,12.54,5.0,1.69,18.0,0.6,0.6,0.6,76.0,82.3,83.8,80.3,5.0,4.5,18.0,0.6,0.6,6.1,8.0,9.61,8.0,6.0,2.07,18.0,0.5,0.6,0.5,-8.83,-7.28,-5.35,-7.03,6.0,2.03,18.0,0.5,0.6,0.5,-3.96,-1.95,0.98,-1.55,6.0,3.86,18.0,0.5,0.6,0.5,1017.31,1018.6,1019.84,1018.72,5.0,1.98,18.0,0.6,0.6,0.6,3.9,5.0,8.0,5.6,5.0,2.5,18.0,0.6,0.6,0.6,-86.0,-61.7,-30.9,-59.2,6.0,29.2,18.0,0.5,0.6,0.5,-39.0,-15.2,6.1,-17.6,6.0,34.6,18.0,0.5,0.6,0.5,-2.1,0.0,1.79,-0.24,5.0,2.46,18.0,0.6,0.6,0.6,-12.6,0.0,17.9,1.9,5.0,18.4,18.0,0.6,0.6,0.6,1.31,2.57,4.51,2.81,5.0,1.91,18.0,0.6,0.6,0.6,8.7,23.9,45.9,26.2,5.0,20.1,18.0,0.6,0.6,0.6,-176.5,-150.6,-125.0,-145.9,6.0,36.9,18.0,0.5,0.6,0.5,-77.6,-42.5,19.6,-30.8,6.0,75.4,18.0,0.5,0.6,0.5,-99.8,-93.7,-87.4,-93.8,5.0,9.8,18.0,0.6,0.6,0.6,-50.7,-33.1,-12.1,-33.2,5.0,29.3,18.0,0.6,0.6,0.6,-38.2,-23.5,-8.2,-23.3,5.0,17.3,18.0,0.6,0.6,0.6,-20.9,-4.4,-2.6,-10.7,5.0,11.8,18.0,0.6,0.6,0.6,227.5,552.5,898.5,599.0,6.0,427.0,18.0,0.5,0.6,0.5,225.0,555.0,900.0,600.0,6.0,425.0,18.0,0.5,0.6,0.5
1974,2,226.0,20.0,21.0,22.0,22.54,21.72,10.0,1.02,20.0,0.0,0.7,0.4,19.3,20.0,21.0,20.03,10.0,0.85,20.0,0.0,0.7,0.4,10.48,11.72,12.2,11.43,10.0,0.93,20.0,0.0,0.7,0.4,73.7,78.3,82.7,79.1,10.0,5.8,20.0,0.0,0.4,7.7,9.8,12.64,9.47,10.0,2.92,20.0,0.0,0.7,0.4,-12.53,-9.11,-5.36,-8.76,10.0,3.36,20.0,0.0,0.7,0.4,-5.06,-2.02,-0.57,-2.54,10.0,2.1,20.0,0.0,0.7,0.4,1018.14,1019.55,1021.17,1019.62,10.0,1.57,20.0,0.0,0.7,0.4,2.0,8.0,8.0,6.1,10.0,2.8,20.0,0.0,0.7,0.4,-158.5,-89.2,-41.2,-91.5,10.0,54.5,20.0,0.0,0.7,0.4,-42.3,-23.7,-2.8,-23.0,10.0,18.9,20.0,0.0,0.7,0.4,1.0,1.55,2.67,1.69,10.0,1.0,20.0,0.0,0.7,0.4,8.4,16.4,29.5,17.5,10.0,12.2,20.0,0.0,0.7,0.4,3.01,4.63,6.25,4.67,10.0,1.62,20.0,0.0,0.7,0.4,26.4,46.0,68.9,46.0,10.0,24.2,20.0,0.0,0.7,0.4,-254.1,-175.2,-103.5,-175.6,10.0,68.9,20.0,0.0,0.7,0.4,-100.6,-41.3,-12.0,-50.4,10.0,40.6,20.0,0.0,0.7,0.4,-136.6,-108.6,-54.6,-100.1,10.0,39.2,20.0,0.0,0.7,0.4,-55.7,-23.2,-6.6,-28.0,10.0,22.2,20.0,0.0,0.7,0.4,-68.2,-36.0,-23.5,-42.3,10.0,24.8,20.0,0.0,0.7,0.4,-24.9,-11.2,-2.0,-13.2,10.0,11.9,20.0,0.0,0.7,0.4,456.5,948.5,2024.5,1056.0,10.0,759.5,20.0,0.0,0.7,0.4,455.0,950.0,2025.0,1055.0,10.0,760.0,20.0,0.0,0.7,0.4
1974,2,226.0,21.0,22.32,23.0,23.0,22.67,3.0,0.58,16.0,0.7,0.7,0.4,20.32,21.0,21.0,20.67,3.0,0.58,16.0,0.7,0.7,0.4,11.09,11.42,11.74,11.42,2.0,0.67,18.0,1.0,0.5,0.3,73.0,76.8,80.6,76.8,2.0,7.8,18.0,1.0,0.3,5.75,9.3,9.3,7.57,3.0,3.0,16.0,0.7,0.7,0.4,-8.61,-7.12,-5.06,-6.84,3.0,2.61,16.0,0.7,0.7,0.4,-4.08,0.0,0.0,-1.99,3.0,3.45,16.0,0.7,0.7,0.4,1018.16,1018.5,1019.52,1018.83,3.0,1.04,16.0,0.7,0.7,0.4,3.9,8.0,8.0,6.0,3.0,3.5,16.0,0.7,0.7,0.4,-80.1,-66.3,-32.5,-56.5,3.0,35.8,16.0,0.7,0.7,0.4,-37.9,0.0,0.0,-18.5,3.0,32.1,16.0,0.7,0.7,0.4,1.32,2.0,2.68,2.0,3.0,1.0,16.0,0.7,0.7,0.4,8.7,18.6,24.9,16.9,3.0,12.0,16.0,0.7,0.7,0.4,5.68,6.0,6.33,6.0,2.0,0.68,18.0,1.0,0.5,0.3,52.8,55.8,58.9,55.8,2.0,6.3,18.0,1.0,0.5,0.3,-174.4,-149.6,-106.3,-140.6,3.0,50.6,16.0,0.7,0.7,0.4,-85.7,0.0,0.0,-41.8,3.0,72.5,16.0,0.7,0.7,0.4,-105.4,-94.3,-83.1,-94.3,2.0,23.1,18.0,1.0,0.5,0.3,-55.0,-32.7,-10.4,-32.7,2.0,46.3,18.0,1.0,0.5,0.3,-50.6,-48.8,-47.0,-48.8,2.0,3.7,18.0,1.0,0.5,0.3,-32.6,-19.4,-6.1,-19.4,2.0,27.4,18.0,1.0,0.5,0.3,302.5,804.5,804.5,559.0,3.0,424.5,16.0,0.7,0.7,0.4,300.0,805.0,805.0,560.0,3.0,425.0,16.0,0.7,0.7,0.4
1974,2,226.0,22.0,20.6,20.6,20.6,20.6,1.0,0.0,28.0,1.0,0.9,0.6,19.16,19.5,19.84,19.5,2.0,0.71,26.0,0.5,0.7,0.3,10.98,10.98,10.98,10.98,1.0,0.0,28.0,1.0,0.9,0.6,76.3,76.3,76.3,76.3,1.0,0.0,28.0,1.0,0.6,3.74,6.2,8.66,6.2,2.0,5.09,26.0,0.5,0.7,0.3,-4.53,-3.73,-2.93,-3.73,2.0,1.65,26.0,0.5,0.7,0.3,-7.07,-4.02,-0.97,-4.02,2.0,6.32,26.0,0.5,0.7,0.3,1020.75,1020.85,1020.95,1020.85,2.0,0.21,26.0,0.5,0.7,0.3,7.2,7.5,7.8,7.5,2.0,0.7,26.0,0.5,0.7,0.3,-41.5,-27.3,-13.2,-27.3,2.0,29.2,26.0,0.5,0.7,0.3,-69.8,-41.0,-12.2,-41.0,2.0,59.6,26.0,0.5,0.7,0.3,0.6,0.6,0.6,0.6,1.0,0.0,28.0,1.0,0.9,0.6,1.6,1.6,1.6,1.6,1.0,0.0,28.0,1.0,0.9,0.6,4.0,4.0,4.0,4.0,1.0,0.0,28.0,1.0,0.9,0.6,10.4,10.4,10.4,10.4,1.0,0.0,28.0,1.0,0.9,0.6,-86.5,-72.2,-57.9,-72.2,2.0,29.6,26.0,0.5,0.7,0.3,-134.2,-76.1,-18.0,-76.1,2.0,120.4,26.0,0.5,0.7,0.3,-28.1,-28.1,-28.1,-28.1,1.0,0.0,28.0,1.0,0.9,0.6,5.0,5.0,5.0,5.0,1.0,0.0,28.0,1.0,0.9,0.6,-10.2,-10.2,-10.2,-10.2,1.0,0.0,28.0,1.0,0.9,0.6,1.8,1.8,1.8,1.8,1.0,0.0,28.0,1.0,0.9,0.6,164.0,479.5,794.5,479.5,2.0,653.0,26.0,0.5,0.7,0.3,165.0,480.0,795.0,480.0,2.0,655.0,26.0,0.5,0.7,0.3
1974,2,226.0,23.0,19.92,20.4,20.62,20.13,7.0,0.88,18.0,0.3,0.6,0.7,17.65,19.0,19.5,18.49,7.0,1.05,18.0,0.3,0.6,0.7,8.67,9.83,10.34,9.6,7.0,0.89,18.0,0.3,0.6,0.7,70.3,74.3,77.5,73.3,7.0,4.4,18.0,0.3,0.7,8.58,10.3,10.32,9.49,7.0,1.59,18.0,0.3,0.6,0.7,-9.7,-9.65,-8.08,-8.92,7.0,1.36,18.0,0.3,0.6,0.7,-3.76,-3.52,-1.62,-2.94,7.0,1.65,18.0,0.3,0.6,0.7,1019.44,1022.0,1024.51,1021.99,7.0,2.48,18.0,0.3,0.6,0.7,5.7,8.0,8.0,6.4,7.0,2.9,18.0,0.3,0.6,0.7,-100.2,-94.6,-69.6,-86.4,7.0,24.2,18.0,0.3,0.6,0.7,-40.5,-36.3,-15.9,-29.7,7.0,17.3,18.0,0.3,0.6,0.7,1.36,1.6,2.04,1.64,7.0,0.72,18.0,0.3,0.6,0.7,9.7,16.2,20.1,15.8,7.0,8.0,18.0,0.3,0.6,0.7,4.23,4.59,5.58,4.94,7.0,0.98,18.0,0.3,0.6,0.7,34.9,45.0,60.1,47.5,7.0,14.7,18.0,0.3,0.6,0.7,-184.6,-171.3,-156.7,-165.6,7.0,29.9,18.0,0.3,0.6,0.7,-73.3,-62.4,-29.2,-55.4,7.0,31.5,18.0,0.3,0.6,0.7,-95.7,-94.4,-77.2,-85.9,7.0,15.9,18.0,0.3,0.6,0.7,-37.2,-30.7,-15.9,-28.8,7.0,17.0,18.0,0.3,0.6,0.7,-56.5,-44.3,-32.8,-44.7,7.0,13.6,18.0,0.3,0.6,0.7,-21.9,-17.8,-7.4,-14.9,7.0,8.7,18.0,0.3,0.6,0.7,638.5,1092.5,1100.5,911.0,7.0,350.5,18.0,0.3,0.6,0.7,640.0,1095.0,1100.0,910.0,7.0,350.0,18.0,0.3,0.6,0.7
1974,2,226.0,24.0,,,,,,,,,,,,,,,,,,,,,,,,,,,,,,,,,,,,,,,,10.3,10.3,10.3,10.3,2.0,0.0,16.0,0.5,0.8,0.1,-4.32,0.63,5.59,0.63,2.0,10.26,16.0,0.5,0.8,0.1,-5.59,-0.63,4.32,-0.63,2.0,10.26,16.0,0.5,0.8,0.1,1023.0,1023.0,1023.0,1023.0,1.0,0.0,18.0,0.0,1.0,0.0,,,,,,,,,,,,,,,,,,,,,,,,,,,,,,,,,,,,,,,,,,,,,,,,,,,,,,,,,,,,,,,,,,,,,,,,,,,,,,,,,,,,,,,,,,,,,,,,,,,,,,,,,,,,,,,,,,,,,,,,,,,,,,,,,,,,,,,,,,,,,,,,,,,,,,
1974,2,226.0,25.0,18.74,20.0,20.24,19.6,7.0,1.13,16.0,0.4,0.7,0.4,17.48,17.9,18.48,18.34,7.0,1.67,16.0,0.4,0.7,0.4,8.37,8.63,8.86,8.98,7.0,1.18,16.0,0.4,0.7,0.4,67.4,68.3,71.5,68.9,7.0,2.4,16.0,0.4,0.4,4.08,5.1,7.72,5.86,7.0,1.94,16.0,0.4,0.7,0.4,-7.72,-4.53,-3.25,-5.35,7.0,2.25,16.0,0.4,0.7,0.4,-2.39,-1.4,0.13,-1.03,7.0,2.03,16.0,0.4,0.7,0.4,1020.47,1020.8,1024.33,1021.99,7.0,2.03,16.0,0.4,0.7,0.4,5.8,7.0,7.0,6.1,7.0,2.3,16.0,0.4,0.7,0.4,-59.6,-20.8,-15.5,-34.9,7.0,24.2,16.0,0.4,0.7,0.4,-12.1,-5.7,1.0,-4.2,7.0,12.5,16.0,0.4,0.7,0.4,1.12,2.0,2.55,1.26,7.0,2.62,16.0,0.4,0.7,0.4,5.1,8.3,16.4,5.5,7.0,18.3,16.0,0.4,0.7,0.4,4.57,5.71,6.06,5.1,7.0,2.05,16.0,0.4,0.7,0.4,21.1,25.0,44.0,28.4,7.0,14.6,16.0,0.4,0.7,0.4,-142.7,-77.0,-59.4,-99.4,7.0,46.7,16.0,0.4,0.7,0.4,-42.0,-24.9,2.3,-18.4,7.0,36.6,16.0,0.4,0.7,0.4,-68.6,-39.1,-27.5,-49.1,7.0,24.7,16.0,0.4,0.7,0.4,-20.0,-11.9,1.1,-8.6,7.0,17.4,16.0,0.4,0.7,0.4,-41.5,-21.6,-18.1,-25.3,7.0,14.7,16.0,0.4,0.7,0.4,-16.3,-8.3,0.7,-6.3,7.0,12.0,16.0,0.4,0.7,0.4,68.0,132.5,461.0,258.5,7.0,218.5,16.0,0.4,0.7,0.4,70.0,135.0,460.0,260.0,7.0,220.0,16.0,0.4,0.7,0.4
1974,2,226.0,26.0,18.27,19.45,20.21,19.25,6.0,1.4,12.0,0.2,0.6,0.2,16.63,17.6,18.21,17.26,7.0,1.13,14.0,0.1,0.5,0.3,7.89,9.81,10.82,9.47,7.0,1.62,14.0,0.1,0.5,0.3,64.0,83.5,94.2,78.8,7.0,15.6,14.0,0.1,0.3,4.08,5.1,10.42,6.69,7.0,3.51,14.0,0.1,0.5,0.3,-9.8,-5.02,-3.29,-5.84,7.0,3.75,14.0,0.1,0.5,0.3,-3.88,-3.28,-1.21,-2.73,7.0,1.37,14.0,0.1,0.5,0.3,1023.29,1024.0,1024.81,1023.97,7.0,1.78,14.0,0.1,0.5,0.3,5.9,7.0,8.0,6.7,7.0,1.5,14.0,0.1,0.5,0.3,-102.4,-25.6,-11.9,-50.0,7.0,56.3,14.0,0.1,0.5,0.3,-37.3,-15.8,-4.5,-20.8,7.0,19.2,14.0,0.1,0.5,0.3,-0.17,2.2,3.69,1.92,6.0,2.18,12.0,0.2,0.6,0.2,-0.6,14.3,27.6,13.4,6.0,13.6,12.0,0.2,0.6,0.2,3.17,4.54,6.01,4.35,6.0,1.92,12.0,0.2,0.6,0.2,15.8,21.7,40.7,29.5,6.0,26.4,12.0,0.2,0.6,0.2,-165.1,-81.4,-59.9,-100.0,7.0,65.7,14.0,0.1,0.5,0.3,-71.6,-57.7,-22.0,-47.6,7.0,25.1,14.0,0.1,0.5,0.3,-95.1,-45.3,-35.2,-54.4,7.0,32.1,14.0,0.1,0.5,0.3,-36.1,-30.5,-13.0,-25.7,7.0,12.3,14.0,0.1,0.5,0.3,-39.3,-17.4,-6.7,-25.2,6.0,26.4,12.0,0.2,0.6,0.2,-21.9,-9.8,-4.5,-12.4,6.0,9.9,12.0,0.2,0.6,0.2,68.0,132.5,1143.0,543.5,7.0,797.0,14.0,0.1,0.5,0.3,70.0,135.0,1145.0,545.0,7.0,795.0,14.0,0.1,0.5,0.3
1974,2,226.0,27.0,17.88,19.0,19.5,18.75,11.0,0.8,14.0,0.5,0.5,0.5,16.88,17.8,19.12,17.91,11.0,1.32,14.0,0.5,0.5,0.5,7.09,8.6,10.94,8.85,11.0,1.84,14.0,0.5,0.5,0.5,60.6,71.5,80.9,70.2,11.0,12.7,14.0,0.5,0.5,3.98,6.2,7.7,6.04,11.0,2.2,14.0,0.5,0.5,0.5,-6.71,-5.36,-3.72,-4.76,11.0,2.88,14.0,0.5,0.5,0.5,-3.41,-1.08,-0.27,-2.09,11.0,2.64,14.0,0.5,0.5,0.5,1023.23,1025.6,1028.0,1025.43,11.0,2.49,14.0,0.5,0.5,0.5,2.2,5.0,8.0,5.2,11.0,2.8,14.0,0.5,0.5,0.5,-52.0,-33.3,-15.0,-32.6,11.0,20.9,14.0,0.5,0.5,0.5,-23.5,-6.7,-0.7,-16.5,11.0,26.9,14.0,0.5,0.5,0.5,-0.75,1.0,2.08,0.84,11.0,1.65,14.0,0.5,0.5,0.5,-4.9,6.2,11.0,4.5,11.0,9.4,14.0,0.5,0.5,0.5,1.97,4.52,6.94,4.44,11.0,2.14,14.0,0.5,0.5,0.5,11.8,21.5,46.8,27.4,11.0,19.9,14.0,0.5,0.5,0.5,-123.8,-99.1,-61.7,-86.8,11.0,52.2,14.0,0.5,0.5,0.5,-60.4,-19.9,-4.1,-37.8,11.0,47.0,14.0,0.5,0.5,0.5,-62.5,-51.5,-29.4,-42.9,11.0,26.3,14.0,0.5,0.5,0.5,-32.2,-11.2,-1.8,-17.6,11.0,20.3,14.0,0.5,0.5,0.5,-36.9,-21.2,-9.1,-20.6,11.0,16.8,14.0,0.5,0.5,0.5,-19.3,-3.8,-0.8,-10.9,11.0,18.5,14.0,0.5,0.5,0.5,69.5,238.5,456.5,301.5,11.0,304.0,14.0,0.5,0.5,0.5,70.0,240.0,455.0,300.0,11.0,305.0,14.0,0.5,0.5,0.5
1974,2,226.0,28.0,18.54,19.25,20.0,19.25,12.0,1.13,14.0,0.6,0.4,0.3,15.97,17.65,19.0,17.44,12.0,1.58,14.0,0.6,0.4,0.3,7.13,8.36,9.49,8.6,11.0,1.8,14.0,0.5,0.4,0.3,62.4,69.4,76.3,70.4,11.0,9.1,14.0,0.5,0.3,4.59,5.95,9.55,6.22,12.0,2.98,14.0,0.6,0.4,0.3,-9.51,-5.72,0.0,-5.43,12.0,3.78,14.0,0.6,0.4,0.3,-1.87,0.0,0.25,-0.37,12.0,2.11,14.0,0.6,0.4,0.3,1023.3,1025.0,1026.55,1024.88,12.0,2.44,14.0,0.6,0.4,0.3,2.7,5.0,7.3,4.8,12.0,2.5,14.0,0.6,0.4,0.3,-91.1,-34.1,0.0,-43.2,12.0,38.5,14.0,0.6,0.4,0.3,-10.5,0.0,1.4,-2.3,12.0,11.3,14.0,0.6,0.4,0.3,0.0,1.85,4.2,1.81,12.0,2.09,14.0,0.6,0.4,0.3,0.0,7.2,21.7,10.1,12.0,17.2,14.0,0.6,0.4,0.3,3.56,4.63,6.55,5.08,11.0,1.96,14.0,0.5,0.4,0.3,14.2,31.4,41.9,31.6,11.0,22.3,14.0,0.5,0.4,0.3,-165.4,-100.6,0.0,-94.5,12.0,68.0,14.0,0.6,0.4,0.3,-30.7,0.0,4.7,-4.0,12.0,38.9,14.0,0.6,0.4,0.3,-77.9,-39.6,0.0,-43.3,11.0,33.4,14.0,0.5,0.4,0.3,-14.0,0.0,3.7,0.0,11.0,24.0,14.0,0.5,0.4,0.3,-40.4,-30.1,0.0,-28.5,11.0,24.3,14.0,0.5,0.4,0.3,-14.4,0.0,1.8,-5.4,11.0,8.9,14.0,0.5,0.4,0.3,106.5,212.0,877.5,383.0,12.0,395.0,14.0,0.6,0.4,0.3,105.0,210.0,880.0,385.0,12.0,395.0,14.0,0.6,0.4,0.3
1974,2,226.0,29.0,16.7,17.8,18.0,17.5,6.0,0.63,16.0,0.3,0.6,0.7,15.6,17.5,18.01,17.0,7.0,1.22,16.0,0.4,0.6,0.6,7.6,8.59,10.6,8.96,7.0,1.53,16.0,0.4,0.6,0.6,62.2,77.6,82.7,75.0,7.0,9.8,16.0,0.4,0.6,5.03,7.2,7.7,6.53,7.0,1.57,16.0,0.4,0.6,0.6,-6.77,-3.6,6.67,-1.69,7.0,5.86,16.0,0.4,0.6,0.6,-2.73,2.46,3.85,0.55,7.0,3.76,16.0,0.4,0.6,0.6,1013.2,1024.7,1025.93,1021.87,7.0,6.15,16.0,0.4,0.6,0.6,6.0,6.0,8.0,6.7,7.0,1.3,16.0,0.4,0.6,0.6,-48.7,-22.5,51.3,-8.0,7.0,42.7,16.0,0.4,0.6,0.6,-14.5,17.7,29.6,5.3,7.0,27.0,16.0,0.4,0.6,0.6,-1.36,1.0,2.2,0.58,6.0,1.78,16.0,0.3,0.6,0.7,-7.8,7.2,15.8,4.5,6.0,12.5,16.0,0.3,0.6,0.7,1.92,3.99,4.43,3.45,6.0,1.75,16.0,0.3,0.6,0.7,14.8,24.5,31.9,23.7,6.0,12.3,16.0,0.3,0.6,0.7,-105.5,-63.0,120.1,-24.2,7.0,100.9,16.0,0.4,0.6,0.6,-48.5,38.4,69.4,10.1,7.0,63.3,16.0,0.4,0.6,0.6,-57.0,-33.7,70.7,-9.0,7.0,57.0,16.0,0.4,0.6,0.6,-20.6,20.7,40.8,9.0,7.0,31.7,16.0,0.4,0.6,0.6,-26.8,-19.3,6.6,-12.2,6.0,17.7,16.0,0.3,0.6,0.7,-15.6,5.6,9.7,-2.5,6.0,18.0,16.0,0.3,0.6,0.7,128.5,373.0,456.5,316.0,7.0,161.0,16.0,0.4,0.6,0.6,130.0,375.0,455.0,315.0,7.0,160.0,16.0,0.4,0.6,0.6
1974,2,226.0,30.0,16.7,17.8,18.8,17.68,17.0,0.96,14.0,0.5,0.5,0.6,15.0,15.8,17.82,16.17,17.0,1.75,14.0,0.5,0.5,0.6,7.45,8.27,10.12,8.6,16.0,1.3,12.0,0.6,0.5,0.6,68.8,72.8,77.3,75.3,16.0,9.4,12.0,0.6,0.6,2.6,5.1,7.08,4.9,17.0,3.21,14.0,0.5,0.5,0.6,-5.46,-2.44,1.3,-2.35,17.0,3.98,14.0,0.5,0.5,0.6,-4.69,-0.89,0.77,-1.77,17.0,3.28,14.0,0.5,0.5,0.6,1023.4,1026.0,1027.56,1025.8,17.0,2.44,14.0,0.5,0.5,0.6,6.0,7.0,8.0,6.7,17.0,1.9,14.0,0.5,0.5,0.6,-38.9,-8.9,4.0,-20.3,17.0,36.9,14.0,0.5,0.5,0.6,-26.8,-4.5,2.0,-14.7,17.0,30.0,14.0,0.5,0.5,0.6,0.0,1.55,2.76,1.36,16.0,1.4,12.0,0.6,0.5,0.6,0.0,5.4,15.3,6.5,16.0,7.4,12.0,0.6,0.5,0.6,2.62,4.11,4.67,3.86,16.0,1.08,12.0,0.6,0.5,0.6,8.0,19.6,30.2,18.1,16.0,11.3,12.0,0.6,0.5,0.6,-85.8,-36.6,20.1,-39.1,17.0,67.5,14.0,0.5,0.5,0.6,-70.4,-14.1,11.6,-28.5,17.0,54.5,14.0,0.5,0.5,0.6,-43.9,-22.4,12.4,-21.6,16.0,36.3,12.0,0.6,0.5,0.6,-49.0,-7.1,8.0,-15.7,16.0,30.5,12.0,0.6,0.5,0.6,-22.8,-13.1,5.0,-9.2,16.0,15.0,12.0,0.6,0.5,0.6,-12.4,-4.0,3.8,-4.5,16.0,11.9,12.0,0.6,0.5,0.6,17.5,132.5,403.5,282.5,17.0,530.0,14.0,0.5,0.5,0.6,20.0,135.0,405.0,280.0,17.0,530.0,14.0,0.5,0.5,0.6
1974,2,226.0,31.0,16.35,17.5,18.21,17.28,6.0,1.36,14.0,0.5,0.4,0.3,14.71,15.55,18.03,16.12,6.0,1.89,14.0,0.5,0.4,0.3,7.48,9.5,10.25,9.18,6.0,1.53,14.0,0.5,0.4,0.3,73.9,81.4,89.0,81.3,6.0,7.3,14.0,0.5,0.3,2.33,3.6,8.07,4.82,5.0,3.26,16.0,0.4,0.4,0.4,-3.25,-0.87,7.55,1.52,5.0,5.61,16.0,0.4,0.4,0.4,-1.93,0.0,0.81,-0.61,5.0,2.2,16.0,0.4,0.4,0.4,1025.87,1026.3,1027.37,1026.53,6.0,1.14,14.0,0.5,0.4,0.3,3.6,8.0,8.0,6.3,6.0,2.7,14.0,0.5,0.4,0.3,-10.7,-0.9,61.0,20.1,5.0,38.5,16.0,0.4,0.4,0.4,-14.9,0.0,4.1,-5.7,5.0,18.5,16.0,0.4,0.4,0.4,-0.15,0.9,2.57,1.17,6.0,1.77,14.0,0.5,0.4,0.3,-1.1,0.8,17.0,7.8,5.0,15.6,16.0,0.4,0.4,0.4,1.22,2.68,4.66,2.94,6.0,1.82,14.0,0.5,0.4,0.3,3.4,9.4,26.0,15.3,5.0,18.4,16.0,0.4,0.4,0.4,-53.9,-13.9,108.2,18.1,5.0,85.4,16.0,0.4,0.4,0.4,-27.4,0.0,12.4,-8.2,5.0,31.2,16.0,0.4,0.4,0.4,-29.4,-8.6,60.3,10.5,5.0,49.0,16.0,0.4,0.4,0.4,-14.1,0.0,7.7,-3.7,5.0,16.8,16.0,0.4,0.4,0.4,-7.7,-1.4,20.7,6.1,5.0,21.0,16.0,0.4,0.4,0.4,-10.1,0.0,1.1,-4.7,5.0,10.6,16.0,0.4,0.4,0.4,19.5,46.5,530.5,238.5,5.0,300.5,16.0,0.4,0.4,0.4,20.0,45.0,530.0,240.0,5.0,300.0,16.0,0.4,0.4,0.4
1974,2,226.0,32.0,15.56,16.0,17.33,16.32,11.0,1.03,18.0,0.7,0.5,0.7,14.47,15.5,17.03,15.76,12.0,1.47,18.0,0.8,0.5,0.6,6.97,8.07,8.86,8.09,12.0,1.38,18.0,0.8,0.5,0.6,66.2,71.9,82.6,73.7,12.0,11.0,18.0,0.8,0.6,5.1,7.2,9.3,7.37,12.0,3.74,18.0,0.8,0.5,0.6,-3.9,0.0,7.59,1.35,12.0,5.69,18.0,0.8,0.5,0.6,-5.39,-1.46,3.96,-0.33,12.0,6.22,18.0,0.8,0.5,0.6,1024.82,1026.8,1030.16,1026.36,12.0,5.37,18.0,0.8,0.5,0.6,5.7,7.0,8.0,6.4,12.0,1.9,18.0,0.8,0.5,0.6,-24.8,0.0,71.4,20.9,12.0,58.4,18.0,0.8,0.5,0.6,-30.8,-6.6,26.6,13.6,12.0,84.3,18.0,0.8,0.5,0.6,-1.04,1.2,1.97,0.81,11.0,1.38,18.0,0.7,0.5,0.7,-7.4,7.1,14.8,5.4,11.0,10.4,18.0,0.7,0.5,0.7,2.11,3.67,4.39,3.34,11.0,1.22,18.0,0.7,0.5,0.7,10.8,25.3,33.5,25.6,11.0,17.7,18.0,0.7,0.5,0.7,-57.6,0.0,131.2,26.0,12.0,90.4,18.0,0.8,0.5,0.6,-93.7,-21.2,68.2,-2.4,12.0,99.5,18.0,0.8,0.5,0.6,-33.4,0.0,71.2,14.5,12.0,47.8,18.0,0.8,0.5,0.6,-41.5,-10.0,34.9,-0.5,12.0,49.6,18.0,0.8,0.5,0.6,-13.6,0.0,22.7,2.3,11.0,19.6,18.0,0.7,0.5,0.7,-20.6,-3.4,11.0,-1.1,11.0,25.4,18.0,0.7,0.5,0.7,132.5,373.0,804.5,757.5,12.0,1471.5,18.0,0.8,0.5,0.6,135.0,375.0,805.0,760.0,12.0,1470.0,18.0,0.8,0.5,0.6
1974,2,226.0,33.0,15.52,16.7,17.8,16.53,15.0,1.16,16.0,0.3,0.6,0.3,13.3,14.4,15.23,14.45,17.0,1.33,16.0,0.4,0.6,0.4,6.45,7.87,9.18,7.79,15.0,1.42,16.0,0.4,0.6,0.3,70.4,77.4,88.2,76.9,15.0,11.3,16.0,0.4,0.3,2.64,5.1,8.2,5.14,17.0,2.87,16.0,0.4,0.6,0.4,-5.13,0.0,4.26,-0.17,17.0,4.92,16.0,0.4,0.6,0.4,-4.97,0.0,0.92,-1.48,17.0,3.12,16.0,0.4,0.6,0.4,1023.89,1026.9,1030.47,1026.76,17.0,3.68,16.0,0.4,0.6,0.4,3.4,6.5,8.0,5.8,16.0,2.5,14.0,0.4,0.6,0.3,-31.5,0.0,20.0,-2.0,17.0,38.0,16.0,0.4,0.6,0.4,-33.3,0.0,3.5,-11.3,17.0,23.4,16.0,0.4,0.6,0.4,1.3,1.7,4.46,2.39,15.0,1.56,16.0,0.3,0.6,0.3,1.6,9.0,29.2,12.7,15.0,13.7,16.0,0.3,0.6,0.3,2.11,3.3,6.03,3.84,14.0,1.83,16.0,0.4,0.6,0.3,6.5,14.0,32.6,19.0,14.0,18.1,16.0,0.4,0.6,0.3,-76.1,0.0,66.1,0.2,17.0,71.0,16.0,0.4,0.6,0.4,-78.3,0.0,13.1,-22.5,17.0,45.7,16.0,0.4,0.6,0.4,-19.1,5.0,41.6,9.0,15.0,33.5,16.0,0.4,0.6,0.3,-42.4,0.0,7.5,-11.3,15.0,23.7,16.0,0.4,0.6,0.3,-7.3,1.4,13.9,0.2,14.0,20.1,16.0,0.4,0.6,0.3,-11.5,0.0,6.3,-3.5,14.0,17.3,16.0,0.4,0.6,0.3,20.5,132.5,551.5,253.5,17.0,281.0,16.0,0.4,0.6,0.4,20.0,135.0,550.0,255.0,17.0,280.0,16.0,0.4,0.6,0.4
1974,2,226.0,34.0,14.94,16.0,16.73,15.85,13.0,0.98,14.0,0.3,0.7,0.4,13.02,14.0,15.75,14.15,14.0,1.6,12.0,0.3,0.7,0.3,6.52,7.39,9.89,7.94,13.0,1.76,12.0,0.2,0.7,0.3,68.0,76.2,90.1,79.2,13.0,11.1,12.0,0.2,0.3,3.16,6.15,8.64,6.71,14.0,4.6,12.0,0.3,0.7,0.3,-5.0,-1.0,8.12,1.22,14.0,7.07,12.0,0.3,0.7,0.3,-3.11,-0.63,2.95,-0.65,14.0,4.2,12.0,0.3,0.7,0.3,1024.72,1027.5,1031.48,1028.19,14.0,4.45,12.0,0.3,0.7,0.3,6.7,7.0,8.0,6.8,13.0,1.8,12.0,0.3,0.7,0.4,-25.3,-2.6,70.2,29.5,14.0,90.4,12.0,0.3,0.7,0.3,-19.8,-2.2,20.0,-8.2,14.0,54.5,12.0,0.3,0.7,0.3,-0.29,2.0,3.31,1.64,13.0,1.87,14.0,0.3,0.7,0.4,-3.5,6.8,15.6,4.7,13.0,14.1,14.0,0.3,0.7,0.4,0.62,3.52,4.34,2.98,12.0,1.91,14.0,0.3,0.7,0.3,5.2,11.2,22.0,13.1,12.0,10.2,14.0,0.3,0.7,0.3,-70.0,-14.4,127.4,24.2,14.0,111.0,12.0,0.3,0.7,0.3,-46.3,-8.3,45.2,-9.7,14.0,65.6,12.0,0.3,0.7,0.3,-45.8,-13.1,92.3,16.9,13.0,69.0,12.0,0.2,0.7,0.3,-18.3,0.0,22.9,-1.5,13.0,37.9,12.0,0.2,0.7,0.3,-13.0,-4.7,7.7,-3.3,12.0,14.7,14.0,0.3,0.7,0.3,-10.1,-0.2,5.9,-1.0,12.0,7.9,14.0,0.3,0.7,0.3,32.5,253.0,646.0,789.5,14.0,1576.5,12.0,0.3,0.7,0.3,30.0,255.0,645.0,790.0,14.0,1575.0,12.0,0.3,0.7,0.3
1974,2,226.0,35.0,13.6,15.6,16.0,15.2,10.0,1.25,16.0,0.5,0.5,0.3,12.45,13.0,14.63,13.44,12.0,1.29,14.0,0.5,0.4,0.3,5.71,6.62,7.8,6.77,12.0,1.43,14.0,0.5,0.4,0.3,59.3,70.7,88.0,71.5,12.0,13.5,14.0,0.5,0.3,6.2,7.7,9.4,8.23,12.0,2.97,14.0,0.5,0.4,0.3,-4.34,4.68,6.36,2.4,12.0,5.69,14.0,0.5,0.4,0.3,-6.48,-4.42,-0.66,-3.55,12.0,5.5,14.0,0.5,0.4,0.3,1020.07,1022.7,1031.61,1023.88,12.0,7.97,14.0,0.5,0.4,0.3,5.5,7.0,8.0,6.5,12.0,1.6,14.0,0.5,0.4,0.3,-26.9,30.2,48.7,26.1,12.0,59.9,14.0,0.5,0.4,0.3,-51.0,-31.5,-5.0,-25.6,12.0,71.2,14.0,0.5,0.4,0.3,0.26,1.9,3.0,1.55,10.0,2.05,16.0,0.5,0.5,0.3,2.1,12.5,29.1,10.3,10.0,23.1,16.0,0.5,0.5,0.3,2.91,4.31,4.81,3.71,10.0,1.7,16.0,0.5,0.5,0.3,20.0,29.4,37.6,28.2,10.0,17.1,16.0,0.5,0.5,0.3,-56.3,63.0,81.9,34.5,12.0,79.6,14.0,0.5,0.4,0.3,-88.5,-55.2,-8.6,-44.8,12.0,80.0,14.0,0.5,0.4,0.3,-26.8,24.9,49.9,19.1,12.0,44.9,14.0,0.5,0.4,0.3,-44.3,-25.6,-3.5,-19.2,12.0,44.0,14.0,0.5,0.4,0.3,-11.5,7.0,27.4,6.5,10.0,20.4,16.0,0.5,0.5,0.3,-31.0,-17.3,-5.5,-19.2,10.0,17.3,16.0,0.5,0.5,0.3,238.5,456.5,957.0,791.0,12.0,1044.5,14.0,0.5,0.4,0.3,240.0,455.0,955.0,790.0,12.0,1045.0,14.0,0.5,0.4,0.3
1974,2,226.0,36.0,12.63,14.0,15.23,13.93,9.0,1.3,16.0,0.7,0.5,0.4,12.0,13.5,15.13,13.44,12.0,2.1,14.0,0.6,0.5,0.4,5.43,6.57,9.17,7.12,11.0,1.8,14.0,0.5,0.5,0.4,61.1,77.2,89.4,75.4,11.0,12.9,14.0,0.5,0.4,1.94,5.1,9.55,5.36,12.0,3.74,14.0,0.6,0.5,0.4,-0.65,1.68,5.81,2.02,12.0,4.2,14.0,0.6,0.5,0.4,-0.85,1.22,6.87,2.22,12.0,4.22,14.0,0.6,0.5,0.4,1020.89,1029.5,1032.2,1027.42,12.0,5.84,14.0,0.6,0.5,0.4,5.7,7.0,8.0,7.0,12.0,1.1,14.0,0.6,0.5,0.4,-1.7,6.5,40.1,18.0,12.0,39.3,14.0,0.6,0.5,0.4,-5.1,3.7,72.8,21.0,12.0,39.2,14.0,0.6,0.5,0.4,-0.96,0.7,1.78,0.53,9.0,1.58,16.0,0.7,0.5,0.4,-12.9,2.9,10.6,0.1,9.0,13.4,16.0,0.7,0.5,0.4,0.8,2.45,3.68,2.33,9.0,1.4,16.0,0.7,0.5,0.4,0.2,9.0,16.8,8.5,9.0,8.3,16.0,0.7,0.5,0.4,-8.9,21.7,82.8,30.8,12.0,62.5,14.0,0.6,0.5,0.4,-10.2,13.9,117.6,32.4,12.0,62.4,14.0,0.6,0.5,0.4,-5.6,6.9,50.5,18.2,11.0,37.7,14.0,0.5,0.5,0.4,0.0,14.4,71.3,25.0,11.0,35.2,14.0,0.5,0.5,0.4,0.0,1.8,7.9,4.5,9.0,6.3,16.0,0.7,0.5,0.4,0.0,2.7,9.1,5.2,9.0,7.5,16.0,0.7,0.5,0.4,13.0,132.5,877.5,369.5,12.0,528.5,14.0,0.6,0.5,0.4,15.0,135.0,880.0,370.0,12.0,530.0,14.0,0.6,0.5,0.4
1974,2,226.0,37.0,12.51,13.3,14.14,13.4,5.0,1.34,20.0,0.6,0.5,0.5,11.0,13.85,15.6,13.48,6.0,2.11,18.0,0.5,0.5,0.5,7.08,8.35,9.18,8.05,5.0,1.62,20.0,0.6,0.5,0.5,76.9,83.3,85.6,80.9,5.0,8.3,20.0,0.6,0.5,6.56,7.45,11.35,8.65,6.0,3.85,18.0,0.5,0.5,0.5,-6.83,5.87,9.44,3.53,6.0,8.9,18.0,0.5,0.5,0.5,-1.5,0.0,1.93,0.6,6.0,3.16,18.0,0.5,0.5,0.5,1017.36,1027.45,1032.31,1023.47,6.0,13.09,18.0,0.5,0.5,0.5,2.0,6.0,8.0,5.3,6.0,3.0,18.0,0.5,0.5,0.5,-49.2,37.9,113.5,49.1,6.0,106.9,18.0,0.5,0.5,0.5,-10.8,0.0,16.4,7.4,6.0,30.7,18.0,0.5,0.5,0.5,-1.86,0.0,0.37,-0.58,5.0,1.34,20.0,0.6,0.5,0.5,-16.9,0.0,1.5,-6.0,5.0,10.3,20.0,0.6,0.5,0.5,0.57,1.31,2.15,1.43,5.0,1.12,20.0,0.6,0.5,0.5,5.5,9.5,17.0,11.2,5.0,7.8,20.0,0.6,0.5,0.5,-83.7,79.0,137.6,49.9,6.0,121.3,18.0,0.5,0.5,0.5,-18.8,0.0,25.9,8.5,6.0,45.6,18.0,0.5,0.5,0.5,-9.8,65.9,89.6,43.5,5.0,70.4,20.0,0.6,0.5,0.5,-8.5,0.0,22.6,7.2,5.0,29.0,20.0,0.6,0.5,0.5,-1.5,5.4,16.9,7.2,5.0,12.0,20.0,0.6,0.5,0.5,-1.2,0.0,3.1,0.7,5.0,2.9,20.0,0.6,0.5,0.5,310.5,415.0,1621.5,1003.0,6.0,1341.0,18.0,0.5,0.5,0.5,310.0,415.0,1620.0,1005.0,6.0,1340.0,18.0,0.5,0.5,0.5
1974,2,226.0,38.0,12.39,12.8,13.28,12.83,3.0,0.65,16.0,0.3,0.5,0.3,10.54,11.7,12.04,11.3,3.0,1.15,16.0,0.3,0.5,0.3,6.2,7.04,7.14,6.68,3.0,0.76,16.0,0.3,0.5,0.3,73.4,81.9,90.2,81.8,3.0,12.3,16.0,0.3,0.3,2.73,4.1,10.45,6.53,3.0,6.03,16.0,0.3,0.5,0.3,-1.64,-0.71,8.78,3.47,3.0,8.45,16.0,0.3,0.5,0.3,0.99,2.33,3.49,2.24,3.0,1.84,16.0,0.3,0.5,0.3,1020.22,1029.5,1030.87,1025.63,3.0,8.49,16.0,0.3,0.5,0.3,6.3,7.0,7.7,7.0,3.0,1.0,16.0,0.3,0.5,0.3,-3.9,-2.9,119.8,56.5,3.0,104.2,16.0,0.3,0.5,0.3,5.8,16.6,26.5,16.2,3.0,15.2,16.0,0.3,0.5,0.3,0.53,0.6,2.58,1.53,3.0,1.7,16.0,0.3,0.5,0.3,3.7,7.4,7.8,5.8,3.0,3.3,16.0,0.3,0.5,0.3,2.09,2.4,2.7,2.4,3.0,0.45,16.0,0.3,0.5,0.3,7.1,11.7,21.6,14.3,3.0,10.8,16.0,0.3,0.5,0.3,-16.8,-8.3,107.3,44.0,3.0,101.5,16.0,0.3,0.5,0.3,11.5,28.4,41.3,26.4,3.0,21.9,16.0,0.3,0.5,0.3,-11.3,-4.1,63.4,25.4,3.0,60.4,16.0,0.3,0.5,0.3,7.1,16.7,21.3,14.2,3.0,10.6,16.0,0.3,0.5,0.3,-4.0,-2.0,16.9,6.3,3.0,17.0,16.0,0.3,0.5,0.3,2.0,4.5,9.3,5.6,3.0,5.4,16.0,0.3,0.5,0.3,28.0,69.0,1664.5,828.0,3.0,1367.0,16.0,0.3,0.5,0.3,30.0,70.0,1665.0,830.0,3.0,1365.0,16.0,0.3,0.5,0.3
1974,2,226.0,39.0,11.2,11.2,11.2,11.2,1.0,0.0,12.0,1.0,0.1,0.0,13.92,13.95,13.98,13.95,2.0,0.07,14.0,0.5,0.3,0.0,5.34,5.34,5.34,5.34,1.0,0.0,12.0,1.0,0.1,0.0,55.0,55.0,55.0,55.0,1.0,0.0,12.0,1.0,0.0,0.9,2.85,4.8,2.85,2.0,4.03,14.0,0.5,0.3,0.0,-1.64,-0.97,-0.31,-0.97,2.0,1.38,14.0,0.5,0.3,0.0,0.85,2.68,4.51,2.68,2.0,3.79,14.0,0.5,0.3,0.0,1025.3,1027.25,1029.2,1027.25,2.0,4.03,14.0,0.5,0.3,0.0,7.2,7.5,7.8,7.5,2.0,0.7,14.0,0.5,0.3,0.0,-9.3,-5.6,-1.8,-5.6,2.0,7.9,14.0,0.5,0.3,0.0,4.8,15.3,25.7,15.3,2.0,21.6,14.0,0.5,0.3,0.0,-2.7,-2.7,-2.7,-2.7,1.0,0.0,12.0,1.0,0.1,0.0,0.0,0.0,0.0,0.0,1.0,0.0,12.0,1.0,0.1,0.0,2.81,2.81,2.81,2.81,1.0,0.0,12.0,1.0,0.1,0.0,0.0,0.0,0.0,0.0,1.0,0.0,12.0,1.0,0.1,0.0,-23.0,-13.6,-4.3,-13.6,2.0,19.3,14.0,0.5,0.3,0.0,11.9,37.5,63.1,37.5,2.0,53.0,14.0,0.5,0.3,0.0,0.0,0.0,0.0,0.0,1.0,0.0,12.0,1.0,0.1,0.0,0.0,0.0,0.0,0.0,1.0,0.0,12.0,1.0,0.1,0.0,0.0,0.0,0.0,0.0,1.0,0.0,12.0,1.0,0.1,0.0,0.0,0.0,0.0,0.0,1.0,0.0,12.0,1.0,0.1,0.0,29.5,92.5,156.0,92.5,2.0,131.0,14.0,0.5,0.3,0.0,30.0,95.0,155.0,95.0,2.0,130.0,14.0,0.5,0.3,0.0
1974,2,226.0,41.0,10.52,13.65,14.26,12.45,4.0,3.01,18.0,0.5,0.6,0.6,5.95,7.95,11.83,8.85,4.0,4.09,18.0,0.5,0.6,0.6,4.13,4.81,7.82,5.92,4.0,2.79,18.0,0.5,0.6,0.6,66.9,81.2,93.9,80.4,4.0,17.3,18.0,0.5,0.6,8.46,11.1,14.21,11.33,4.0,3.48,18.0,0.5,0.6,0.6,1.07,10.72,13.99,7.68,4.0,9.43,18.0,0.5,0.6,0.6,-3.87,-2.46,0.6,-1.67,4.0,3.45,18.0,0.5,0.6,0.6,1008.43,1012.1,1025.25,1016.63,4.0,13.38,18.0,0.5,0.6,0.6,3.0,4.5,6.0,4.5,4.0,2.1,18.0,0.5,0.6,0.6,14.9,122.6,200.4,108.3,4.0,119.9,18.0,0.5,0.6,0.6,-39.7,-33.5,1.7,-19.7,4.0,33.2,18.0,0.5,0.6,0.6,0.21,3.3,7.01,3.6,4.0,4.07,18.0,0.5,0.6,0.6,2.4,47.8,97.2,49.7,4.0,55.2,18.0,0.5,0.6,0.6,0.42,3.33,5.77,3.11,4.0,3.13,18.0,0.5,0.6,0.6,4.2,40.7,82.4,43.2,4.0,46.1,18.0,0.5,0.6,0.6,-15.7,62.3,101.0,43.5,4.0,92.6,18.0,0.5,0.6,0.6,-48.9,-17.5,6.3,-21.1,4.0,39.0,18.0,0.5,0.6,0.6,-8.4,49.4,58.0,25.9,4.0,57.1,18.0,0.5,0.6,0.6,-31.3,-10.2,4.7,-13.2,4.0,27.5,18.0,0.5,0.6,0.6,6.2,39.8,81.2,43.5,4.0,44.1,18.0,0.5,0.6,0.6,-14.3,-5.3,2.8,-5.7,4.0,10.0,18.0,0.5,0.6,0.6,622.0,1475.5,2935.5,1765.0,4.0,1454.0,18.0,0.5,0.6,0.6,620.0,1475.0,2935.0,1765.0,4.0,1455.0,18.0,0.5,0.6,0.6
1974,2,226.0,42.0,12.32,13.0,14.02,13.17,3.0,1.26,18.0,1.0,0.5,0.4,7.45,10.0,11.43,9.52,5.0,2.25,18.0,0.8,0.4,0.5,4.66,4.69,6.11,5.37,3.0,1.21,18.0,1.0,0.5,0.4,63.7,78.1,78.6,71.3,3.0,12.4,18.0,1.0,0.4,11.32,13.9,15.4,13.16,5.0,3.18,18.0,0.8,0.4,0.5,6.74,12.59,14.45,10.95,5.0,4.33,18.0,0.8,0.4,0.5,-0.49,0.0,8.19,3.54,5.0,6.51,18.0,0.8,0.4,0.5,1003.61,1014.0,1020.93,1013.08,5.0,11.14,18.0,0.8,0.4,0.5,4.5,5.5,7.0,5.8,4.0,1.7,18.0,0.8,0.3,0.4,72.8,168.7,209.3,147.7,5.0,75.7,18.0,0.8,0.4,0.5,-3.8,0.0,120.4,54.8,5.0,98.1,18.0,0.8,0.4,0.5,1.76,3.4,4.83,3.3,3.0,2.25,18.0,1.0,0.5,0.4,20.3,47.3,72.8,46.6,3.0,38.5,18.0,1.0,0.5,0.4,2.95,3.91,5.08,4.01,3.0,1.57,18.0,1.0,0.5,0.4,32.3,60.1,72.5,52.6,3.0,30.2,18.0,1.0,0.5,0.4,70.3,123.2,136.3,105.7,5.0,45.8,18.0,0.8,0.4,0.5,-5.9,0.0,63.4,24.8,5.0,45.1,18.0,0.8,0.4,0.5,33.0,51.3,60.8,47.0,3.0,20.7,18.0,1.0,0.5,0.4,-6.2,0.0,45.9,19.4,3.0,41.7,18.0,1.0,0.5,0.4,19.5,20.6,59.9,39.3,3.0,33.8,18.0,1.0,0.5,0.4,-2.3,0.0,38.6,17.7,3.0,33.6,18.0,1.0,0.5,0.4,1694.0,2685.5,3652.5,2570.5,5.0,1308.5,18.0,0.8,0.4,0.5,1695.0,2685.0,3650.0,2570.0,5.0,1310.0,18.0,0.8,0.4,0.5
1974,2,226.0,43.0,8.3,8.3,10.48,9.37,3.0,1.85,12.0,0.7,0.4,0.5,6.48,7.3,9.14,7.8,3.0,2.0,12.0,0.7,0.4,0.5,4.05,5.01,6.65,5.34,3.0,1.93,12.0,0.7,0.4,0.5,68.2,81.2,94.0,81.1,3.0,18.9,12.0,0.7,0.5,3.58,5.7,11.64,7.57,3.0,6.12,12.0,0.7,0.4,0.5,-3.09,0.89,9.96,3.38,3.0,9.8,12.0,0.7,0.4,0.5,-2.48,-2.44,1.17,-0.7,3.0,3.07,12.0,0.7,0.4,0.5,1023.21,1038.5,1038.91,1031.23,3.0,13.11,12.0,0.7,0.4,0.5,4.0,6.0,6.7,5.3,3.0,2.1,12.0,0.7,0.4,0.5,-18.5,2.3,140.1,59.5,3.0,126.3,12.0,0.7,0.4,0.5,-26.6,-6.4,9.1,-8.7,3.0,26.2,12.0,0.7,0.4,0.5,-0.46,2.2,3.57,1.57,3.0,3.0,12.0,0.7,0.4,0.5,4.6,23.9,29.2,17.1,3.0,19.0,12.0,0.7,0.4,0.5,0.45,3.15,3.17,1.84,3.0,2.29,12.0,0.7,0.4,0.5,4.3,18.2,36.7,20.5,3.0,23.8,12.0,0.7,0.4,0.5,-21.8,8.9,61.9,19.8,3.0,62.0,12.0,0.7,0.4,0.5,-21.5,-15.3,9.4,-6.3,3.0,23.9,12.0,0.7,0.4,0.5,-14.8,6.6,37.0,11.0,3.0,38.1,12.0,0.7,0.4,0.5,-15.2,-9.0,6.9,-4.3,3.0,16.7,12.0,0.7,0.4,0.5,-11.0,-0.7,30.3,9.4,3.0,31.5,12.0,0.7,0.4,0.5,-4.8,2.0,6.8,1.1,3.0,8.5,12.0,0.7,0.4,0.5,71.0,185.0,2097.0,1063.0,3.0,1667.5,12.0,0.7,0.4,0.5,70.0,185.0,2095.0,1065.0,3.0,1670.0,12.0,0.7,0.4,0.5
1974,2,226.0,44.0,8.82,9.5,9.84,9.33,3.0,0.76,22.0,0.3,0.5,0.3,7.8,9.9,11.43,9.63,4.0,2.31,22.0,0.5,0.7,0.3,5.5,5.7,7.02,6.25,3.0,1.21,22.0,0.3,0.5,0.3,83.4,88.9,92.9,88.2,3.0,7.0,22.0,0.3,0.3,13.38,13.9,16.83,15.05,4.0,3.0,22.0,0.5,0.7,0.3,7.2,11.47,14.04,10.66,4.0,4.46,22.0,0.5,0.7,0.3,6.44,10.41,12.81,9.66,4.0,3.91,22.0,0.5,0.7,0.3,1009.48,1010.5,1018.01,1013.67,3.0,6.83,22.0,0.3,0.5,0.3,5.0,5.0,7.0,6.0,3.0,1.7,24.0,0.3,0.8,0.3,95.3,154.5,239.0,166.6,4.0,95.6,22.0,0.5,0.7,0.3,85.5,144.3,214.5,149.8,4.0,79.2,22.0,0.5,0.7,0.3,-0.57,1.0,1.55,0.5,3.0,1.61,22.0,0.3,0.5,0.3,-7.0,13.9,28.4,10.7,3.0,26.1,22.0,0.3,0.5,0.3,0.3,1.48,1.73,1.02,3.0,1.12,22.0,0.3,0.5,0.3,5.9,25.6,27.8,17.0,3.0,17.7,22.0,0.3,0.5,0.3,70.1,103.4,132.9,101.6,4.0,46.6,22.0,0.5,0.7,0.3,69.9,86.8,104.2,87.0,4.0,24.8,22.0,0.5,0.7,0.3,42.4,75.4,79.1,61.1,3.0,29.6,22.0,0.3,0.5,0.3,64.7,67.8,72.3,68.5,3.0,5.6,22.0,0.3,0.5,0.3,1.1,8.8,17.8,9.4,3.0,12.3,22.0,0.3,0.5,0.3,4.4,18.5,22.3,13.5,3.0,13.8,22.0,0.3,0.5,0.3,2403.5,2685.5,5163.5,3733.0,4.0,2467.5,22.0,0.5,0.7,0.3,2405.0,2685.0,5165.0,3735.0,4.0,2470.0,22.0,0.5,0.7,0.3
1974,2,226.0,45.0,8.74,9.0,9.52,9.13,4.0,0.63,14.0,0.8,0.4,0.5,7.48,8.25,9.81,8.63,4.0,1.7,14.0,0.8,0.4,0.5,5.33,5.74,6.07,5.7,4.0,0.44,14.0,0.8,0.4,0.5,78.2,83.4,86.9,82.6,4.0,5.2,14.0,0.8,0.5,4.53,9.5,15.57,10.03,4.0,7.18,14.0,0.8,0.4,0.5,3.34,9.02,14.97,9.15,4.0,7.36,14.0,0.8,0.4,0.5,-3.4,0.99,2.83,-0.23,4.0,4.43,14.0,0.8,0.4,0.5,1002.0,1013.7,1030.17,1015.98,4.0,16.56,14.0,0.8,0.4,0.5,7.0,8.0,8.0,7.5,4.0,1.0,14.0,0.8,0.4,0.5,22.2,92.1,244.0,131.2,4.0,150.1,14.0,0.8,0.4,0.5,-64.7,2.1,15.6,-23.4,4.0,67.7,14.0,0.8,0.4,0.5,-0.52,0.5,1.52,0.5,4.0,1.29,14.0,0.8,0.4,0.5,-3.8,1.1,20.9,8.2,4.0,20.2,14.0,0.8,0.4,0.5,1.15,1.56,1.74,1.45,4.0,0.38,14.0,0.8,0.4,0.5,6.7,10.5,22.5,14.4,4.0,12.7,14.0,0.8,0.4,0.5,35.7,84.4,113.2,74.9,4.0,51.6,14.0,0.8,0.4,0.5,-23.8,7.9,28.3,2.5,4.0,35.9,14.0,0.8,0.4,0.5,20.1,54.6,84.8,52.6,4.0,40.6,14.0,0.8,0.4,0.5,-18.6,5.1,16.4,-0.8,4.0,24.8,14.0,0.8,0.4,0.5,4.8,9.8,21.4,12.9,4.0,12.7,14.0,0.8,0.4,0.5,-5.9,1.7,4.3,-0.7,4.0,7.3,14.0,0.8,0.4,0.5,182.5,1008.0,4375.5,2221.0,4.0,3170.0,14.0,0.8,0.4,0.5,185.0,1010.0,4375.0,2220.0,4.0,3170.0,14.0,0.8,0.4,0.5
1974,2,226.0,46.0,6.82,8.0,9.7,8.19,9.0,1.36,16.0,0.4,0.7,0.4,5.79,8.0,8.9,7.8,11.0,1.72,16.0,0.5,0.7,0.4,4.86,5.92,6.54,5.71,10.0,0.97,18.0,0.5,0.7,0.4,72.0,89.4,100.0,86.8,10.0,13.0,18.0,0.5,0.4,6.63,9.3,18.41,11.86,11.0,5.77,16.0,0.5,0.7,0.4,-2.18,4.79,11.94,4.68,11.0,7.2,16.0,0.5,0.7,0.4,-7.02,1.74,10.5,2.31,11.0,10.31,16.0,0.5,0.7,0.4,998.3,1009.5,1024.92,1009.61,11.0,16.75,16.0,0.5,0.7,0.4,3.0,8.0,8.0,6.6,7.0,2.4,12.0,0.1,0.7,0.5,-21.3,24.4,191.4,66.4,11.0,119.2,16.0,0.5,0.7,0.4,-99.9,8.9,152.9,33.3,11.0,182.5,16.0,0.5,0.7,0.4,-2.45,0.0,2.51,0.16,9.0,2.42,16.0,0.4,0.7,0.4,-21.1,0.0,18.7,0.8,9.0,35.1,16.0,0.4,0.7,0.4,-0.06,0.7,1.21,0.92,9.0,1.2,16.0,0.4,0.7,0.4,-1.1,4.4,9.9,11.2,9.0,22.0,16.0,0.4,0.7,0.4,-12.0,38.3,86.6,41.3,11.0,53.5,16.0,0.5,0.7,0.4,-65.4,14.0,70.5,20.3,11.0,79.3,16.0,0.5,0.7,0.4,-13.5,28.6,46.8,20.6,10.0,35.4,18.0,0.5,0.7,0.4,-29.0,25.9,57.4,23.4,10.0,52.3,18.0,0.5,0.7,0.4,-1.2,3.3,7.7,6.4,9.0,14.8,16.0,0.4,0.7,0.4,-6.4,-1.4,1.6,-6.8,9.0,17.5,16.0,0.4,0.7,0.4,323.0,804.5,6256.0,2787.5,11.0,3094.0,16.0,0.5,0.7,0.4,325.0,805.0,6255.0,2790.0,11.0,3095.0,16.0,0.5,0.7,0.4
1974,2,226.0,47.0,6.72,7.8,8.97,7.94,14.0,1.36,16.0,0.5,0.7,0.4,4.0,6.5,9.06,6.53,16.0,2.49,16.0,0.5,0.7,0.4,4.3,5.22,6.64,5.25,14.0,1.16,16.0,0.5,0.7,0.4,76.1,85.0,92.7,84.1,14.0,8.5,16.0,0.5,0.4,4.48,8.2,13.91,8.8,16.0,4.45,16.0,0.5,0.7,0.4,2.03,5.31,7.7,5.45,16.0,2.92,16.0,0.5,0.7,0.4,-3.54,3.45,8.67,2.59,16.0,7.42,16.0,0.5,0.7,0.4,1001.9,1011.75,1016.42,1010.48,16.0,8.65,16.0,0.5,0.7,0.4,2.7,7.0,8.0,6.1,15.0,2.5,16.0,0.5,0.7,0.4,14.4,44.3,102.4,56.2,16.0,52.9,16.0,0.5,0.7,0.4,-46.3,23.7,84.3,20.8,16.0,106.0,16.0,0.5,0.7,0.4,-2.35,0.9,4.0,1.12,14.0,2.97,16.0,0.5,0.7,0.4,-23.9,3.7,40.1,7.9,14.0,29.0,16.0,0.5,0.7,0.4,-0.25,1.59,2.53,1.41,14.0,1.31,16.0,0.5,0.7,0.4,-1.6,12.8,26.4,11.1,14.0,13.0,16.0,0.5,0.7,0.4,16.5,24.3,51.1,34.0,16.0,22.9,16.0,0.5,0.7,0.4,-24.4,12.1,65.4,21.4,16.0,52.4,16.0,0.5,0.7,0.4,13.5,26.9,48.4,29.1,14.0,15.3,16.0,0.5,0.7,0.4,-30.4,9.1,50.8,15.4,14.0,44.2,16.0,0.5,0.7,0.4,-1.6,6.6,18.0,8.0,14.0,9.0,16.0,0.5,0.7,0.4,-13.4,1.0,11.5,-0.2,14.0,12.3,16.0,0.5,0.7,0.4,93.0,551.5,2757.5,1209.0,16.0,1572.5,16.0,0.5,0.7,0.4,95.0,550.0,2755.0,1210.0,16.0,1575.0,16.0,0.5,0.7,0.4
1974,2,226.0,48.0,5.95,9.0,9.65,8.07,11.0,1.96,14.0,0.5,0.5,0.6,4.79,7.0,8.38,6.71,11.0,1.62,14.0,0.5,0.5,0.6,4.09,4.58,6.1,4.97,10.0,0.99,14.0,0.5,0.5,0.6,71.8,78.0,87.1,79.6,10.0,9.5,14.0,0.5,0.6,4.27,7.7,16.77,10.11,11.0,6.27,14.0,0.5,0.5,0.6,-0.12,3.99,10.91,4.16,11.0,8.21,14.0,0.5,0.5,0.6,-1.96,1.34,2.97,0.67,11.0,8.06,14.0,0.5,0.5,0.6,997.33,1006.5,1031.41,1009.68,11.0,16.72,14.0,0.5,0.5,0.6,3.6,7.0,8.0,6.2,11.0,2.1,14.0,0.5,0.5,0.6,-19.6,24.7,120.8,39.5,11.0,136.4,14.0,0.5,0.5,0.6,-12.2,10.3,28.9,12.1,11.0,156.2,14.0,0.5,0.5,0.6,-2.0,1.1,4.5,1.36,11.0,3.05,14.0,0.5,0.5,0.6,-15.6,14.0,24.6,6.8,11.0,30.9,14.0,0.5,0.5,0.6,-0.01,2.09,3.06,1.7,10.0,1.58,14.0,0.5,0.5,0.6,-1.7,9.5,29.6,13.9,10.0,16.2,14.0,0.5,0.5,0.6,-2.0,30.1,70.2,31.4,11.0,57.8,14.0,0.5,0.5,0.6,-13.7,11.4,21.0,8.9,11.0,56.0,14.0,0.5,0.5,0.6,-3.6,19.3,49.7,20.5,10.0,41.6,14.0,0.5,0.5,0.6,-12.7,8.7,14.8,7.0,10.0,41.3,14.0,0.5,0.5,0.6,-6.3,2.1,12.8,2.0,10.0,15.3,14.0,0.5,0.5,0.6,-11.8,0.2,5.1,-4.3,10.0,14.7,14.0,0.5,0.5,0.6,90.0,456.5,4768.0,2255.5,11.0,3397.0,14.0,0.5,0.5,0.6,90.0,455.0,4770.0,2255.0,11.0,3395.0,14.0,0.5,0.5,0.6
1974,2,226.0,49.0,6.0,6.7,7.2,6.67,11.0,0.72,12.0,0.5,0.7,0.4,3.17,5.0,7.78,5.43,12.0,2.2,14.0,0.5,0.7,0.4,3.69,4.36,5.96,4.81,11.0,1.21,12.0,0.5,0.7,0.4,72.3,86.7,95.7,84.4,11.0,11.4,12.0,0.5,0.4,7.19,9.0,13.03,9.77,12.0,3.17,14.0,0.5,0.7,0.4,2.98,5.46,9.6,6.49,12.0,4.09,14.0,0.5,0.7,0.4,-3.46,4.68,8.18,2.96,12.0,6.48,14.0,0.5,0.7,0.4,1001.36,1004.9,1018.39,1009.13,12.0,12.56,14.0,0.5,0.7,0.4,5.2,8.0,8.0,6.7,11.0,2.1,14.0,0.5,0.6,0.4,25.8,48.6,125.8,71.7,12.0,65.1,14.0,0.5,0.7,0.4,-32.7,47.5,71.1,24.8,12.0,75.4,14.0,0.5,0.7,0.4,-0.91,2.0,2.96,1.2,11.0,2.2,12.0,0.5,0.7,0.4,-7.3,20.1,32.7,13.6,11.0,23.6,12.0,0.5,0.7,0.4,-0.07,1.8,2.22,1.27,11.0,1.14,12.0,0.5,0.7,0.4,-0.5,13.0,28.0,14.2,11.0,14.4,12.0,0.5,0.7,0.4,18.4,24.9,44.7,30.7,12.0,18.6,14.0,0.5,0.7,0.4,-15.0,14.1,60.4,21.1,12.0,38.9,14.0,0.5,0.7,0.4,17.7,23.9,48.0,29.0,11.0,16.2,12.0,0.5,0.7,0.4,-14.0,20.0,48.0,19.6,11.0,32.3,12.0,0.5,0.7,0.4,0.0,8.1,22.1,11.0,11.0,12.9,12.0,0.5,0.7,0.4,-8.6,0.0,10.8,1.1,11.0,11.4,12.0,0.5,0.7,0.4,387.5,731.5,2212.5,1209.0,12.0,1080.0,14.0,0.5,0.7,0.4,390.0,730.0,2215.0,1210.0,12.0,1080.0,14.0,0.5,0.7,0.4
1974,2,226.0,50.0,4.79,6.9,7.71,6.47,6.0,1.7,10.0,0.2,0.6,0.6,3.07,8.0,9.05,6.66,7.0,2.91,10.0,0.3,0.6,0.5,4.69,5.73,6.81,5.63,6.0,1.43,10.0,0.3,0.6,0.5,73.8,89.3,94.8,86.0,6.0,11.9,10.0,0.3,0.5,9.75,10.3,15.12,12.11,7.0,3.83,10.0,0.3,0.6,0.5,6.27,7.58,9.93,8.74,7.0,3.13,10.0,0.3,0.6,0.5,-9.15,-3.52,7.75,-0.61,7.0,9.3,10.0,0.3,0.6,0.5,992.91,1005.0,1013.0,1005.87,7.0,12.22,10.0,0.3,0.6,0.5,5.0,8.0,8.0,6.8,5.0,1.6,10.0,0.4,0.5,0.5,61.1,89.5,149.8,115.3,7.0,83.4,10.0,0.3,0.6,0.5,-109.7,-36.3,81.7,1.2,7.0,137.8,10.0,0.3,0.6,0.5,-1.64,1.0,2.64,0.2,6.0,3.44,10.0,0.2,0.6,0.6,-16.2,12.3,47.9,9.5,6.0,41.2,10.0,0.2,0.6,0.6,-0.92,0.26,2.2,0.5,5.0,1.88,10.0,0.2,0.6,0.5,-9.0,2.7,38.5,11.4,5.0,26.4,10.0,0.2,0.6,0.5,29.2,60.1,78.0,55.6,7.0,25.0,10.0,0.3,0.6,0.5,-36.6,-22.6,75.1,7.8,7.0,57.1,10.0,0.3,0.6,0.5,30.9,48.0,63.4,48.7,6.0,17.6,10.0,0.3,0.6,0.5,-35.5,10.1,56.4,11.0,6.0,47.2,10.0,0.3,0.6,0.5,-6.0,2.5,26.7,8.4,5.0,18.2,10.0,0.2,0.6,0.5,-21.1,-1.4,8.3,-4.8,5.0,20.3,10.0,0.2,0.6,0.5,927.5,1092.5,3504.5,2285.5,7.0,2431.0,10.0,0.3,0.6,0.5,930.0,1095.0,3505.0,2285.0,7.0,2430.0,10.0,0.3,0.6,0.5
1974,2,226.0,51.0,5.43,6.0,7.0,6.01,10.0,1.33,14.0,0.6,0.5,0.4,5.29,6.0,7.0,6.16,11.0,0.99,14.0,0.6,0.5,0.4,4.48,5.62,6.09,5.38,10.0,0.86,12.0,0.7,0.5,0.4,81.6,92.7,100.0,90.6,10.0,9.6,12.0,0.7,0.4,7.0,10.3,11.8,9.75,11.0,2.87,14.0,0.6,0.5,0.4,0.0,5.9,8.24,3.98,11.0,5.44,14.0,0.6,0.5,0.4,-3.06,3.52,11.8,4.31,11.0,6.74,14.0,0.6,0.5,0.4,993.49,1000.3,1021.79,1005.48,11.0,14.91,14.0,0.6,0.5,0.4,5.6,7.0,8.0,6.5,11.0,1.3,14.0,0.6,0.5,0.4,0.0,36.0,80.1,30.5,11.0,64.1,14.0,0.6,0.5,0.4,-20.5,36.3,139.2,56.8,11.0,80.0,14.0,0.6,0.5,0.4,-1.11,0.0,1.0,-0.07,10.0,1.41,14.0,0.6,0.5,0.4,-10.0,0.0,8.3,0.0,10.0,12.2,14.0,0.6,0.5,0.4,0.21,0.47,0.83,0.52,9.0,0.71,12.0,0.7,0.5,0.4,2.0,5.1,8.1,4.3,9.0,4.8,12.0,0.7,0.5,0.4,0.0,32.1,52.4,22.9,11.0,34.2,14.0,0.6,0.5,0.4,-17.9,21.1,75.7,26.5,11.0,44.9,14.0,0.6,0.5,0.4,0.0,29.6,49.9,22.3,10.0,32.5,12.0,0.7,0.5,0.4,-14.4,15.7,66.9,21.5,10.0,39.4,12.0,0.7,0.5,0.4,0.0,2.2,7.3,2.8,9.0,4.2,12.0,0.7,0.5,0.4,-0.5,3.0,4.7,1.5,9.0,3.9,12.0,0.7,0.5,0.4,357.0,1092.5,1643.0,1153.0,11.0,986.0,14.0,0.6,0.5,0.4,355.0,1095.0,1645.0,1155.0,11.0,985.0,14.0,0.6,0.5,0.4
1974,2,226.0,52.0,6.7,6.7,7.38,7.25,6.0,1.35,14.0,0.5,0.7,0.7,4.01,5.0,6.7,5.05,6.0,1.62,14.0,0.5,0.7,0.7,4.56,4.8,5.26,4.87,6.0,0.37,14.0,0.5,0.7,0.7,77.2,87.9,100.0,88.4,6.0,10.5,14.0,0.5,0.7,10.8,12.6,21.06,16.03,6.0,7.86,14.0,0.5,0.7,0.7,-6.65,0.64,5.26,-1.13,6.0,10.56,14.0,0.5,0.7,0.7,8.05,11.92,19.34,12.65,6.0,8.08,14.0,0.5,0.7,0.7,987.27,993.0,997.42,991.7,6.0,8.82,14.0,0.5,0.7,0.7,8.0,8.0,8.0,8.0,5.0,0.0,14.0,0.4,0.7,0.7,-173.9,3.2,58.0,-83.2,6.0,268.1,14.0,0.5,0.7,0.7,87.0,149.9,418.5,246.3,6.0,262.6,14.0,0.5,0.7,0.7,0.0,1.7,4.49,2.2,6.0,2.3,14.0,0.5,0.7,0.7,0.0,38.3,59.4,33.0,6.0,27.7,14.0,0.5,0.7,0.7,1.32,1.5,1.91,1.59,6.0,0.5,14.0,0.5,0.7,0.7,15.3,24.8,29.6,23.6,6.0,7.3,14.0,0.5,0.7,0.7,-34.2,9.4,29.9,-5.4,6.0,56.8,14.0,0.5,0.7,0.7,27.2,68.0,91.0,63.8,6.0,44.7,14.0,0.5,0.7,0.7,-33.3,3.3,26.3,-6.2,6.0,55.8,14.0,0.5,0.7,0.7,38.6,55.8,90.0,61.3,6.0,41.9,14.0,0.5,0.7,0.7,-8.3,0.7,9.9,1.7,6.0,15.5,14.0,0.5,0.7,0.7,11.4,18.0,24.2,17.4,6.0,10.8,14.0,0.5,0.7,0.7,1259.5,2064.5,11116.5,7080.5,6.0,11155.5,14.0,0.5,0.7,0.7,1260.0,2065.0,11115.0,7080.0,6.0,11155.0,14.0,0.5,0.7,0.7
1974,2,226.0,53.0,6.25,6.7,7.5,6.83,9.0,0.71,20.0,0.2,0.5,0.4,3.01,4.7,7.27,5.04,10.0,2.15,20.0,0.2,0.5,0.4,3.97,4.69,5.8,4.84,8.0,0.93,18.0,0.3,0.6,0.4,77.5,91.8,98.0,88.4,9.0,11.1,18.0,0.2,0.4,7.53,16.7,20.39,15.04,10.0,8.33,20.0,0.2,0.5,0.4,-4.86,4.07,7.24,1.36,10.0,9.09,20.0,0.2,0.5,0.4,-1.02,12.48,20.08,9.87,10.0,11.31,20.0,0.2,0.5,0.4,989.85,994.5,1002.83,996.47,9.0,9.95,20.0,0.2,0.6,0.4,1.6,5.0,6.7,4.4,5.0,2.9,20.0,0.2,0.5,0.4,-57.6,56.7,110.8,-12.5,10.0,224.1,20.0,0.2,0.5,0.4,-7.0,189.7,409.3,211.0,10.0,266.5,20.0,0.2,0.5,0.4,-0.28,1.7,3.47,1.6,9.0,2.03,20.0,0.2,0.5,0.4,-6.5,14.3,50.9,22.5,9.0,31.1,20.0,0.2,0.5,0.4,0.54,1.07,2.3,1.35,7.0,1.01,18.0,0.3,0.6,0.4,1.7,16.4,42.6,21.1,7.0,20.6,18.0,0.3,0.6,0.4,-28.0,15.4,36.8,3.2,10.0,44.3,20.0,0.2,0.5,0.4,-4.0,55.6,111.9,52.1,10.0,64.9,20.0,0.2,0.5,0.4,12.6,27.4,33.6,23.4,8.0,20.8,18.0,0.3,0.6,0.4,4.5,58.0,91.1,44.2,8.0,49.6,18.0,0.3,0.6,0.4,0.0,3.5,12.9,5.6,7.0,8.6,18.0,0.3,0.6,0.4,-0.2,9.5,41.9,15.2,7.0,23.8,18.0,0.3,0.6,0.4,481.0,4742.0,8476.0,6354.5,10.0,8767.0,20.0,0.2,0.5,0.4,480.0,4740.0,8475.0,6355.0,10.0,8765.0,20.0,0.2,0.5,0.4
1974,2,226.0,54.0,4.08,6.4,6.6,5.37,3.0,2.06,16.0,0.0,0.4,0.4,3.18,4.0,4.68,3.93,3.0,1.1,16.0,0.0,0.4,0.4,4.11,4.6,4.77,4.44,3.0,0.5,16.0,0.0,0.4,0.4,82.5,83.9,90.2,86.3,3.0,6.1,16.0,0.0,0.4,10.3,10.3,16.99,13.57,3.0,5.66,16.0,0.0,0.4,0.4,-7.6,-1.79,1.81,-2.87,3.0,6.96,16.0,0.0,0.4,0.4,3.22,10.14,16.73,9.98,3.0,9.9,16.0,0.0,0.4,0.4,982.38,986.0,992.83,987.57,3.0,7.77,16.0,0.0,0.4,0.4,8.0,8.0,8.0,8.0,2.0,0.0,12.0,0.0,0.5,0.3,-78.3,-18.4,42.0,-18.1,3.0,88.1,16.0,0.0,0.4,0.4,33.2,104.5,304.7,167.5,3.0,206.3,16.0,0.0,0.4,0.4,-0.24,1.4,3.11,1.43,3.0,2.45,16.0,0.0,0.4,0.4,-2.5,14.4,58.1,27.5,3.0,45.8,16.0,0.0,0.4,0.4,0.46,1.45,2.07,1.27,3.0,1.19,16.0,0.0,0.4,0.4,4.7,14.9,37.1,20.8,3.0,24.2,16.0,0.0,0.4,0.4,-31.0,-8.9,3.8,-13.5,3.0,25.8,16.0,0.0,0.4,0.4,16.1,50.7,53.9,35.4,3.0,30.7,16.0,0.0,0.4,0.4,-36.7,-8.2,6.6,-14.9,3.0,32.2,16.0,0.0,0.4,0.4,14.8,46.7,67.3,41.2,3.0,38.7,16.0,0.0,0.4,0.4,-1.8,0.0,5.6,1.9,3.0,5.6,16.0,0.0,0.4,0.4,4.7,14.7,36.5,20.5,3.0,23.9,16.0,0.0,0.4,0.4,1092.5,1092.5,5890.0,3435.5,3.0,4057.5,16.0,0.0,0.4,0.4,1095.0,1095.0,5890.0,3435.0,3.0,4060.0,16.0,0.0,0.4,0.4
1974,2,226.0,55.0,6.45,7.0,7.55,7.0,2.0,1.13,14.0,1.0,0.6,0.5,4.33,4.4,4.47,4.4,2.0,0.14,14.0,1.0,0.6,0.5,4.48,4.61,4.75,4.61,2.0,0.28,14.0,1.0,0.6,0.5,85.8,87.5,89.2,87.5,2.0,3.5,14.0,1.0,0.5,2.98,6.15,9.32,6.15,2.0,6.58,14.0,1.0,0.6,0.5,-3.26,-2.33,-1.4,-2.33,2.0,1.93,14.0,1.0,0.6,0.5,2.58,5.65,8.72,5.65,2.0,6.36,14.0,1.0,0.6,0.5,988.91,994.1,999.29,994.1,2.0,10.75,14.0,1.0,0.6,0.5,6.3,7.0,7.7,7.0,2.0,1.4,14.0,1.0,0.6,0.5,-33.8,-20.7,-7.5,-20.7,2.0,27.2,14.0,1.0,0.6,0.5,18.8,55.7,92.5,55.7,2.0,76.3,14.0,1.0,0.6,0.5,1.99,2.6,3.21,2.6,2.0,1.27,14.0,1.0,0.6,0.5,7.3,11.8,16.3,11.8,2.0,9.3,14.0,1.0,0.6,0.5,1.37,1.71,2.05,1.71,2.0,0.71,14.0,1.0,0.6,0.5,4.9,8.2,11.5,8.2,2.0,6.9,14.0,1.0,0.6,0.5,-14.6,-10.4,-6.1,-10.4,2.0,8.8,14.0,1.0,0.6,0.5,11.4,25.3,39.2,25.3,2.0,28.8,14.0,1.0,0.6,0.5,-15.6,-11.0,-6.4,-11.0,2.0,9.6,14.0,1.0,0.6,0.5,12.0,27.0,41.9,27.0,2.0,31.0,14.0,1.0,0.6,0.5,-4.1,-3.3,-2.5,-3.3,2.0,1.7,14.0,1.0,0.6,0.5,4.1,7.4,10.7,7.4,2.0,6.9,14.0,1.0,0.6,0.5,203.0,631.5,1060.5,631.5,2.0,888.5,14.0,1.0,0.6,0.5,205.0,630.0,1060.0,630.0,2.0,890.0,14.0,1.0,0.6,0.5
1974,2,226.0,57.0,4.5,4.5,4.5,4.5,1.0,0.0,14.0,0.0,0.2,0.8,1.0,1.0,1.0,1.0,1.0,0.0,14.0,0.0,0.2,0.8,3.62,3.62,3.62,3.62,1.0,0.0,14.0,0.0,0.2,0.8,86.5,86.5,86.5,86.5,1.0,0.0,14.0,0.0,0.8,5.1,5.1,5.1,5.1,1.0,0.0,14.0,0.0,0.2,0.8,-4.42,-4.42,-4.42,-4.42,1.0,0.0,14.0,0.0,0.2,0.8,2.55,2.55,2.55,2.55,1.0,0.0,14.0,0.0,0.2,0.8,982.1,982.1,982.1,982.1,1.0,0.0,14.0,0.0,0.2,0.8,8.0,8.0,8.0,8.0,1.0,0.0,14.0,0.0,0.2,0.8,-22.5,-22.5,-22.5,-22.5,1.0,0.0,14.0,0.0,0.2,0.8,13.0,13.0,13.0,13.0,1.0,0.0,14.0,0.0,0.2,0.8,3.5,3.5,3.5,3.5,1.0,0.0,14.0,0.0,0.2,0.8,17.9,17.9,17.9,17.9,1.0,0.0,14.0,0.0,0.2,0.8,1.75,1.75,1.75,1.75,1.0,0.0,14.0,0.0,0.2,0.8,8.9,8.9,8.9,8.9,1.0,0.0,14.0,0.0,0.2,0.8,-4.4,-4.4,-4.4,-4.4,1.0,0.0,14.0,0.0,0.2,0.8,2.6,2.6,2.6,2.6,1.0,0.0,14.0,0.0,0.2,0.8,-16.0,-16.0,-16.0,-16.0,1.0,0.0,14.0,0.0,0.2,0.8,9.2,9.2,9.2,9.2,1.0,0.0,14.0,0.0,0.2,0.8,-7.7,-7.7,-7.7,-7.7,1.0,0.0,14.0,0.0,0.2,0.8,4.5,4.5,4.5,4.5,1.0,0.0,14.0,0.0,0.2,0.8,132.5,132.5,132.5,132.5,1.0,0.0,14.0,0.0,0.2,0.8,135.0,135.0,135.0,135.0,1.0,0.0,14.0,0.0,0.2,0.8
1974,2,227.0,-58.0,,,,,,,,,,,,,,,,,,,,,,,,,,,,,,,,,,,,,,,,11.0,11.0,11.0,11.0,1.0,0.0,24.0,0.0,0.6,0.9,8.43,8.43,8.43,8.43,1.0,0.0,24.0,0.0,0.6,0.9,7.07,7.07,7.07,7.07,1.0,0.0,24.0,0.0,0.6,0.9,993.4,993.4,993.4,993.4,1.0,0.0,24.0,0.0,0.6,0.9,,,,,,,,,,,,,,,,,,,,,,,,,,,,,,,,,,,,,,,,,,,,,,,,,,,,,,,,,,,,,,,,,,,,,,,,,,,,,,,,,,,,,,,,,,,,,,,,,,,,,,,,,,,,,,,,,,,,,,,,,,,,,,,,,,,,,,,,,,,,,,,,,,,,,,
1974,2,227.0,-43.0,15.5,15.5,15.5,15.5,1.0,0.0,26.0,0.0,0.8,0.9,14.0,14.0,14.0,14.0,1.0,0.0,26.0,0.0,0.8,0.9,8.25,8.25,8.25,8.25,1.0,0.0,26.0,0.0,0.8,0.9,83.8,83.8,83.8,83.8,1.0,0.0,26.0,0.0,0.9,,,,,,,,,,,,,,,,,,,,,,,,,,,,,,,,,,,,,,,,,,,,,,,,,,,,,,,,,,,,,,,,,,,,,,,,,,,,,,,,,,,,,,,,,,,,,,,,,,,,,,,,,,,,,,,,,,,,,,,,,,,,,,,,,,,,,,,,,,,,,,,,,,,,,,,,,,,,,,,,,,,,,,,,,,,,,,,,,,,,,,,,,,,,,,
1974,2,227.0,-38.0,20.2,20.2,20.2,20.2,1.0,0.0,22.0,1.0,0.2,0.9,21.0,21.0,21.0,21.0,1.0,0.0,22.0,1.0,0.2,0.9,14.03,14.03,14.03,14.03,1.0,0.0,22.0,1.0,0.2,0.9,91.1,91.1,91.1,91.1,1.0,0.0,22.0,1.0,0.9,7.2,7.2,7.2,7.2,1.0,0.0,22.0,1.0,0.2,0.9,3.6,3.6,3.6,3.6,1.0,0.0,22.0,1.0,0.2,0.9,-6.24,-6.24,-6.24,-6.24,1.0,0.0,22.0,1.0,0.2,0.9,1017.4,1017.4,1017.4,1017.4,1.0,0.0,22.0,1.0,0.2,0.9,8.0,8.0,8.0,8.0,1.0,0.0,22.0,1.0,0.2,0.9,25.9,25.9,25.9,25.9,1.0,0.0,22.0,1.0,0.2,0.9,-44.9,-44.9,-44.9,-44.9,1.0,0.0,22.0,1.0,0.2,0.9,-0.8,-0.8,-0.8,-0.8,1.0,0.0,22.0,1.0,0.2,0.9,-5.8,-5.8,-5.8,-5.8,1.0,0.0,22.0,1.0,0.2,0.9,0.63,0.63,0.63,0.63,1.0,0.0,22.0,1.0,0.2,0.9,4.5,4.5,4.5,4.5,1.0,0.0,22.0,1.0,0.2,0.9,75.6,75.6,75.6,75.6,1.0,0.0,22.0,1.0,0.2,0.9,-130.9,-130.9,-130.9,-130.9,1.0,0.0,22.0,1.0,0.2,0.9,50.5,50.5,50.5,50.5,1.0,0.0,22.0,1.0,0.2,0.9,-87.5,-87.5,-87.5,-87.5,1.0,0.0,22.0,1.0,0.2,0.9,2.3,2.3,2.3,2.3,1.0,0.0,22.0,1.0,0.2,0.9,-3.9,-3.9,-3.9,-3.9,1.0,0.0,22.0,1.0,0.2,0.9,373.0,373.0,373.0,373.0,1.0,0.0,22.0,1.0,0.2,0.9,375.0,375.0,375.0,375.0,1.0,0.0,22.0,1.0,0.2,0.9
1974,2,227.0,-37.0,20.3,20.3,20.3,20.3,1.0,0.0,2.0,1.0,0.5,0.8,21.3,21.3,21.3,21.3,1.0,0.0,2.0,1.0,0.5,0.8,13.71,13.71,13.71,13.71,1.0,0.0,2.0,1.0,0.5,0.8,87.8,87.8,87.8,87.8,1.0,0.0,2.0,1.0,0.8,9.3,9.3,9.3,9.3,1.0,0.0,2.0,1.0,0.5,0.8,-3.18,-3.18,-3.18,-3.18,1.0,0.0,2.0,1.0,0.5,0.8,-8.74,-8.74,-8.74,-8.74,1.0,0.0,2.0,1.0,0.5,0.8,1021.8,1021.8,1021.8,1021.8,1.0,0.0,2.0,1.0,0.5,0.8,1.0,1.0,1.0,1.0,1.0,0.0,2.0,1.0,0.5,0.8,-29.6,-29.6,-29.6,-29.6,1.0,0.0,2.0,1.0,0.5,0.8,-81.3,-81.3,-81.3,-81.3,1.0,0.0,2.0,1.0,0.5,0.8,-1.0,-1.0,-1.0,-1.0,1.0,0.0,2.0,1.0,0.5,0.8,-9.3,-9.3,-9.3,-9.3,1.0,0.0,2.0,1.0,0.5,0.8,0.98,0.98,0.98,0.98,1.0,0.0,2.0,1.0,0.5,0.8,9.1,9.1,9.1,9.1,1.0,0.0,2.0,1.0,0.5,0.8,-67.8,-67.8,-67.8,-67.8,1.0,0.0,2.0,1.0,0.5,0.8,-186.1,-186.1,-186.1,-186.1,1.0,0.0,2.0,1.0,0.5,0.8,-43.6,-43.6,-43.6,-43.6,1.0,0.0,2.0,1.0,0.5,0.8,-119.8,-119.8,-119.8,-119.8,1.0,0.0,2.0,1.0,0.5,0.8,-3.1,-3.1,-3.1,-3.1,1.0,0.0,2.0,1.0,0.5,0.8,-8.5,-8.5,-8.5,-8.5,1.0,0.0,2.0,1.0,0.5,0.8,804.5,804.5,804.5,804.5,1.0,0.0,2.0,1.0,0.5,0.8,805.0,805.0,805.0,805.0,1.0,0.0,2.0,1.0,0.5,0.8
1974,2,227.0,-32.0,24.8,24.8,24.8,24.8,1.0,0.0,18.0,0.0,1.0,0.3,24.8,24.8,24.8,24.8,1.0,0.0,18.0,0.0,1.0,0.3,15.91,15.91,15.91,15.91,1.0,0.0,18.0,0.0,1.0,0.3,82.4,82.4,82.4,82.4,1.0,0.0,18.0,0.0,0.3,4.6,4.6,4.6,4.6,1.0,0.0,18.0,0.0,1.0,0.3,-2.3,-2.3,-2.3,-2.3,1.0,0.0,18.0,0.0,1.0,0.3,-3.98,-3.98,-3.98,-3.98,1.0,0.0,18.0,0.0,1.0,0.3,1023.1,1023.1,1023.1,1023.1,1.0,0.0,18.0,0.0,1.0,0.3,1.0,1.0,1.0,1.0,1.0,0.0,18.0,0.0,1.0,0.3,-10.6,-10.6,-10.6,-10.6,1.0,0.0,18.0,0.0,1.0,0.3,-18.3,-18.3,-18.3,-18.3,1.0,0.0,18.0,0.0,1.0,0.3,0.0,0.0,0.0,0.0,1.0,0.0,18.0,0.0,1.0,0.3,0.0,0.0,0.0,0.0,1.0,0.0,18.0,0.0,1.0,0.3,3.44,3.44,3.44,3.44,1.0,0.0,18.0,0.0,1.0,0.3,15.8,15.8,15.8,15.8,1.0,0.0,18.0,0.0,1.0,0.3,-57.0,-57.0,-57.0,-57.0,1.0,0.0,18.0,0.0,1.0,0.3,-98.8,-98.8,-98.8,-98.8,1.0,0.0,18.0,0.0,1.0,0.3,-36.6,-36.6,-36.6,-36.6,1.0,0.0,18.0,0.0,1.0,0.3,-63.4,-63.4,-63.4,-63.4,1.0,0.0,18.0,0.0,1.0,0.3,-7.9,-7.9,-7.9,-7.9,1.0,0.0,18.0,0.0,1.0,0.3,-13.7,-13.7,-13.7,-13.7,1.0,0.0,18.0,0.0,1.0,0.3,97.5,97.5,97.5,97.5,1.0,0.0,18.0,0.0,1.0,0.3,95.0,95.0,95.0,95.0,1.0,0.0,18.0,0.0,1.0,0.3
1974,2,227.0,-31.0,25.9,25.9,25.9,25.9,1.0,0.0,20.0,1.0,0.9,0.6,26.4,26.4,26.4,26.4,1.0,0.0,20.0,1.0,0.9,0.6,14.95,14.95,14.95,14.95,1.0,0.0,20.0,1.0,0.9,0.6,70.5,70.5,70.5,70.5,1.0,0.0,20.0,1.0,0.6,4.1,4.1,4.1,4.1,1.0,0.0,20.0,1.0,0.9,0.6,-2.64,-2.64,-2.64,-2.64,1.0,0.0,20.0,1.0,0.9,0.6,-3.14,-3.14,-3.14,-3.14,1.0,0.0,20.0,1.0,0.9,0.6,1022.7,1022.7,1022.7,1022.7,1.0,0.0,20.0,1.0,0.9,0.6,3.0,3.0,3.0,3.0,1.0,0.0,20.0,1.0,0.9,0.6,-10.8,-10.8,-10.8,-10.8,1.0,0.0,20.0,1.0,0.9,0.6,-12.9,-12.9,-12.9,-12.9,1.0,0.0,20.0,1.0,0.9,0.6,-0.5,-0.5,-0.5,-0.5,1.0,0.0,20.0,1.0,0.9,0.6,-2.0,-2.0,-2.0,-2.0,1.0,0.0,20.0,1.0,0.9,0.6,5.72,5.72,5.72,5.72,1.0,0.0,20.0,1.0,0.9,0.6,23.5,23.5,23.5,23.5,1.0,0.0,20.0,1.0,0.9,0.6,-69.6,-69.6,-69.6,-69.6,1.0,0.0,20.0,1.0,0.9,0.6,-82.9,-82.9,-82.9,-82.9,1.0,0.0,20.0,1.0,0.9,0.6,-39.4,-39.4,-39.4,-39.4,1.0,0.0,20.0,1.0,0.9,0.6,-47.0,-47.0,-47.0,-47.0,1.0,0.0,20.0,1.0,0.9,0.6,-15.1,-15.1,-15.1,-15.1,1.0,0.0,20.0,1.0,0.9,0.6,-18.0,-18.0,-18.0,-18.0,1.0,0.0,20.0,1.0,0.9,0.6,69.0,69.0,69.0,69.0,1.0,0.0,20.0,1.0,0.9,0.6,70.0,70.0,70.0,70.0,1.0,0.0,20.0,1.0,0.9,0.6
1974,2,227.0,-27.0,,,,,,,,,,,,,,,,,,,,,,,,,,,,,,,,,,,,,,,,3.75,5.15,6.55,5.15,2.0,2.9,4.0,1.0,0.5,0.9,-4.27,-3.5,-2.73,-3.5,2.0,1.59,4.0,1.0,0.5,0.9,2.55,3.75,4.96,3.75,2.0,2.49,4.0,1.0,0.5,0.9,1016.01,1016.25,1016.49,1016.25,2.0,0.49,4.0,1.0,0.5,0.9,4.2,4.5,4.8,4.5,2.0,0.7,4.0,1.0,0.5,0.9,-29.2,-20.3,-11.5,-20.3,2.0,18.4,4.0,1.0,0.5,0.9,11.5,22.9,34.4,22.9,2.0,23.7,4.0,1.0,0.5,0.9,,,,,,,,,,,,,,,,,,,,,,,,,,,,,,,,,,,,,,,,,-115.3,-94.5,-73.8,-94.5,2.0,43.0,4.0,1.0,0.5,0.9,68.9,101.4,133.8,101.4,2.0,67.3,4.0,1.0,0.5,0.9,-67.5,-55.2,-42.8,-55.2,2.0,25.6,4.0,1.0,0.5,0.9,40.0,59.2,78.4,59.2,2.0,39.7,4.0,1.0,0.5,0.9,,,,,,,,,,,,,,,,,,,,,,,,,,,,,,,,,,,,,,,,
1974,2,227.0,-26.0,27.9,28.45,28.9,28.4,4.0,0.58,20.0,1.0,0.8,0.5,25.6,26.5,28.45,27.0,4.0,1.81,20.0,1.0,0.8,0.5,15.06,16.99,17.66,16.39,4.0,1.9,20.0,1.0,0.8,0.5,67.9,70.9,81.1,74.3,4.0,9.6,20.0,1.0,0.5,5.39,6.45,7.46,6.43,4.0,1.23,20.0,1.0,0.8,0.5,-7.41,-6.4,-5.35,-6.38,4.0,1.23,20.0,1.0,0.8,0.5,-1.08,-0.44,0.0,-0.53,4.0,0.63,20.0,1.0,0.8,0.5,1018.38,1020.35,1020.8,1019.63,4.0,1.86,20.0,1.0,0.8,0.5,3.0,4.5,5.5,4.3,4.0,1.7,20.0,1.0,0.8,0.5,-55.4,-41.8,-28.9,-42.1,4.0,15.7,20.0,1.0,0.8,0.5,-6.9,-2.3,0.0,-3.4,4.0,4.3,20.0,1.0,0.8,0.5,-0.02,1.85,2.78,1.4,4.0,2.01,20.0,1.0,0.8,0.5,-1.6,10.1,19.3,8.9,4.0,14.7,20.0,1.0,0.8,0.5,5.68,7.18,9.76,7.69,4.0,2.61,20.0,1.0,0.8,0.5,35.8,43.0,65.8,50.5,4.0,24.3,20.0,1.0,0.8,0.5,-203.1,-171.5,-141.6,-172.3,4.0,35.7,20.0,1.0,0.8,0.5,-30.8,-12.1,0.0,-15.3,4.0,18.3,20.0,1.0,0.8,0.5,-114.6,-103.6,-92.3,-103.5,4.0,16.3,20.0,1.0,0.8,0.5,-18.4,-7.4,0.0,-9.1,4.0,10.9,20.0,1.0,0.8,0.5,-65.5,-42.4,-35.5,-50.1,4.0,24.4,20.0,1.0,0.8,0.5,-7.5,-3.7,0.0,-3.7,4.0,4.3,20.0,1.0,0.8,0.5,157.5,279.0,417.0,287.0,4.0,153.0,20.0,1.0,0.8,0.5,160.0,280.0,415.0,285.0,4.0,155.0,20.0,1.0,0.8,0.5
1974,2,227.0,-24.0,27.0,27.0,27.0,27.0,1.0,0.0,28.0,0.0,0.4,0.6,26.0,26.0,26.0,26.0,1.0,0.0,28.0,0.0,0.4,0.6,17.42,17.42,17.42,17.42,1.0,0.0,28.0,0.0,0.4,0.6,83.6,83.6,83.6,83.6,1.0,0.0,28.0,0.0,0.6,7.7,7.7,7.7,7.7,1.0,0.0,28.0,0.0,0.4,0.6,-6.67,-6.67,-6.67,-6.67,1.0,0.0,28.0,0.0,0.4,0.6,-3.85,-3.85,-3.85,-3.85,1.0,0.0,28.0,0.0,0.4,0.6,1018.5,1018.5,1018.5,1018.5,1.0,0.0,28.0,0.0,0.4,0.6,1.0,1.0,1.0,1.0,1.0,0.0,28.0,0.0,0.4,0.6,-51.3,-51.3,-51.3,-51.3,1.0,0.0,28.0,0.0,0.4,0.6,-29.6,-29.6,-29.6,-29.6,1.0,0.0,28.0,0.0,0.4,0.6,1.0,1.0,1.0,1.0,1.0,0.0,28.0,0.0,0.4,0.6,7.7,7.7,7.7,7.7,1.0,0.0,28.0,0.0,0.4,0.6,4.76,4.76,4.76,4.76,1.0,0.0,28.0,0.0,0.4,0.6,36.7,36.7,36.7,36.7,1.0,0.0,28.0,0.0,0.4,0.6,-173.4,-173.4,-173.4,-173.4,1.0,0.0,28.0,0.0,0.4,0.6,-100.1,-100.1,-100.1,-100.1,1.0,0.0,28.0,0.0,0.4,0.6,-116.1,-116.1,-116.1,-116.1,1.0,0.0,28.0,0.0,0.4,0.6,-67.0,-67.0,-67.0,-67.0,1.0,0.0,28.0,0.0,0.4,0.6,-31.8,-31.8,-31.8,-31.8,1.0,0.0,28.0,0.0,0.4,0.6,-18.3,-18.3,-18.3,-18.3,1.0,0.0,28.0,0.0,0.4,0.6,456.5,456.5,456.5,456.5,1.0,0.0,28.0,0.0,0.4,0.6,455.0,455.0,455.0,455.0,1.0,0.0,28.0,0.0,0.4,0.6
1974,2,227.0,-22.0,26.0,26.0,26.0,26.0,1.0,0.0,12.0,0.0,0.5,1.0,25.5,25.5,25.5,25.5,1.0,0.0,12.0,0.0,0.5,1.0,17.62,17.62,17.62,17.62,1.0,0.0,12.0,0.0,0.5,1.0,87.1,87.1,87.1,87.1,1.0,0.0,12.0,0.0,1.0,6.2,6.2,6.2,6.2,1.0,0.0,12.0,0.0,0.5,1.0,-6.11,-6.11,-6.11,-6.11,1.0,0.0,12.0,0.0,0.5,1.0,1.08,1.08,1.08,1.08,1.0,0.0,12.0,0.0,0.5,1.0,1019.1,1019.1,1019.1,1019.1,1.0,0.0,12.0,0.0,0.5,1.0,2.0,2.0,2.0,2.0,1.0,0.0,12.0,0.0,0.5,1.0,-37.9,-37.9,-37.9,-37.9,1.0,0.0,12.0,0.0,0.5,1.0,6.7,6.7,6.7,6.7,1.0,0.0,12.0,0.0,0.5,1.0,0.5,0.5,0.5,0.5,1.0,0.0,12.0,0.0,0.5,1.0,3.1,3.1,3.1,3.1,1.0,0.0,12.0,0.0,0.5,1.0,3.26,3.26,3.26,3.26,1.0,0.0,12.0,0.0,0.5,1.0,20.2,20.2,20.2,20.2,1.0,0.0,12.0,0.0,0.5,1.0,-155.7,-155.7,-155.7,-155.7,1.0,0.0,12.0,0.0,0.5,1.0,27.5,27.5,27.5,27.5,1.0,0.0,12.0,0.0,0.5,1.0,-107.6,-107.6,-107.6,-107.6,1.0,0.0,12.0,0.0,0.5,1.0,19.0,19.0,19.0,19.0,1.0,0.0,12.0,0.0,0.5,1.0,-19.9,-19.9,-19.9,-19.9,1.0,0.0,12.0,0.0,0.5,1.0,3.5,3.5,3.5,3.5,1.0,0.0,12.0,0.0,0.5,1.0,238.5,238.5,238.5,238.5,1.0,0.0,12.0,0.0,0.5,1.0,240.0,240.0,240.0,240.0,1.0,0.0,12.0,0.0,0.5,1.0
1974,2,227.0,-16.0,27.0,27.0,27.0,27.0,1.0,0.0,4.0,1.0,0.1,0.7,26.0,26.0,26.0,26.0,1.0,0.0,4.0,1.0,0.1,0.7,16.37,16.37,16.37,16.37,1.0,0.0,4.0,1.0,0.1,0.7,78.1,78.1,78.1,78.1,1.0,0.0,4.0,1.0,0.7,4.1,4.1,4.1,4.1,1.0,0.0,4.0,1.0,0.1,0.7,-4.1,-4.1,-4.1,-4.1,1.0,0.0,4.0,1.0,0.1,0.7,0.0,0.0,0.0,0.0,1.0,0.0,4.0,1.0,0.1,0.7,1012.8,1012.8,1012.8,1012.8,1.0,0.0,4.0,1.0,0.1,0.7,4.0,4.0,4.0,4.0,1.0,0.0,4.0,1.0,0.1,0.7,-16.8,-16.8,-16.8,-16.8,1.0,0.0,4.0,1.0,0.1,0.7,0.0,0.0,0.0,0.0,1.0,0.0,4.0,1.0,0.1,0.7,1.0,1.0,1.0,1.0,1.0,0.0,4.0,1.0,0.1,0.7,4.1,4.1,4.1,4.1,1.0,0.0,4.0,1.0,0.1,0.7,5.93,5.93,5.93,5.93,1.0,0.0,4.0,1.0,0.1,0.7,24.3,24.3,24.3,24.3,1.0,0.0,4.0,1.0,0.1,0.7,-106.6,-106.6,-106.6,-106.6,1.0,0.0,4.0,1.0,0.1,0.7,0.0,0.0,0.0,0.0,1.0,0.0,4.0,1.0,0.1,0.7,-67.1,-67.1,-67.1,-67.1,1.0,0.0,4.0,1.0,0.1,0.7,0.0,0.0,0.0,0.0,1.0,0.0,4.0,1.0,0.1,0.7,-24.3,-24.3,-24.3,-24.3,1.0,0.0,4.0,1.0,0.1,0.7,0.0,0.0,0.0,0.0,1.0,0.0,4.0,1.0,0.1,0.7,69.0,69.0,69.0,69.0,1.0,0.0,4.0,1.0,0.1,0.7,70.0,70.0,70.0,70.0,1.0,0.0,4.0,1.0,0.1,0.7
1974,2,227.0,-12.0,26.0,26.0,26.0,26.0,1.0,0.0,18.0,0.0,0.3,0.5,27.0,27.0,27.0,27.0,1.0,0.0,18.0,0.0,0.3,0.5,14.72,14.72,14.72,14.72,1.0,0.0,18.0,0.0,0.3,0.5,66.4,66.4,66.4,66.4,1.0,0.0,18.0,0.0,0.5,4.1,4.1,4.1,4.1,1.0,0.0,18.0,0.0,0.3,0.5,-2.64,-2.64,-2.64,-2.64,1.0,0.0,18.0,0.0,0.3,0.5,-3.14,-3.14,-3.14,-3.14,1.0,0.0,18.0,0.0,0.3,0.5,1013.3,1013.3,1013.3,1013.3,1.0,0.0,18.0,0.0,0.3,0.5,2.0,2.0,2.0,2.0,1.0,0.0,18.0,0.0,0.3,0.5,-10.8,-10.8,-10.8,-10.8,1.0,0.0,18.0,0.0,0.3,0.5,-12.9,-12.9,-12.9,-12.9,1.0,0.0,18.0,0.0,0.3,0.5,-1.0,-1.0,-1.0,-1.0,1.0,0.0,18.0,0.0,0.3,0.5,-4.1,-4.1,-4.1,-4.1,1.0,0.0,18.0,0.0,0.3,0.5,6.28,6.28,6.28,6.28,1.0,0.0,18.0,0.0,0.3,0.5,25.7,25.7,25.7,25.7,1.0,0.0,18.0,0.0,0.3,0.5,-71.2,-71.2,-71.2,-71.2,1.0,0.0,18.0,0.0,0.3,0.5,-84.8,-84.8,-84.8,-84.8,1.0,0.0,18.0,0.0,0.3,0.5,-38.8,-38.8,-38.8,-38.8,1.0,0.0,18.0,0.0,0.3,0.5,-46.2,-46.2,-46.2,-46.2,1.0,0.0,18.0,0.0,0.3,0.5,-16.5,-16.5,-16.5,-16.5,1.0,0.0,18.0,0.0,0.3,0.5,-19.7,-19.7,-19.7,-19.7,1.0,0.0,18.0,0.0,0.3,0.5,69.0,69.0,69.0,69.0,1.0,0.0,18.0,0.0,0.3,0.5,70.0,70.0,70.0,70.0,1.0,0.0,18.0,0.0,0.3,0.5
1974,2,227.0,-11.0,25.66,25.8,25.94,25.8,2.0,0.28,14.0,0.5,0.6,0.2,26.08,26.25,26.42,26.25,2.0,0.35,14.0,0.5,0.6,0.2,14.9,15.24,15.57,15.24,2.0,0.69,14.0,0.5,0.6,0.2,70.8,71.8,72.7,71.8,2.0,1.9,14.0,0.5,0.2,5.27,5.65,6.03,5.65,2.0,0.78,14.0,0.5,0.6,0.2,-4.98,-4.89,-4.79,-4.89,2.0,0.19,14.0,0.5,0.6,0.2,1.38,2.44,3.49,2.44,2.0,2.19,14.0,0.5,0.6,0.2,1012.13,1013.5,1014.87,1013.5,2.0,2.83,14.0,0.5,0.6,0.2,1.2,1.5,1.8,1.5,2.0,0.7,14.0,0.5,0.6,0.2,-28.8,-27.5,-26.2,-27.5,2.0,2.7,14.0,0.5,0.6,0.2,7.7,14.6,21.5,14.6,2.0,14.3,14.0,0.5,0.6,0.2,-0.48,-0.45,-0.42,-0.45,2.0,0.07,14.0,0.5,0.6,0.2,-2.9,-2.6,-2.2,-2.6,2.0,0.7,14.0,0.5,0.6,0.2,5.31,5.5,5.7,5.5,2.0,0.4,14.0,0.5,0.6,0.2,30.0,30.9,31.9,30.9,2.0,2.0,14.0,0.5,0.6,0.2,-129.8,-128.2,-126.6,-128.2,2.0,3.3,14.0,0.5,0.6,0.2,36.1,64.3,92.5,64.3,2.0,58.4,14.0,0.5,0.6,0.2,-74.6,-74.4,-74.2,-74.4,2.0,0.5,14.0,0.5,0.6,0.2,20.9,37.9,54.8,37.9,2.0,35.1,14.0,0.5,0.6,0.2,-28.4,-26.9,-25.5,-26.9,2.0,3.0,14.0,0.5,0.6,0.2,7.6,13.0,18.3,13.0,2.0,11.1,14.0,0.5,0.6,0.2,149.5,185.5,221.5,185.5,2.0,74.5,14.0,0.5,0.6,0.2,150.0,185.0,220.0,185.0,2.0,75.0,14.0,0.5,0.6,0.2
1974,2,227.0,-9.0,26.2,26.2,26.2,26.2,1.0,0.0,4.0,1.0,0.7,0.4,28.0,28.0,28.0,28.0,1.0,0.0,4.0,1.0,0.7,0.4,17.52,17.52,17.52,17.52,1.0,0.0,4.0,1.0,0.7,0.4,74.3,74.3,74.3,74.3,1.0,0.0,4.0,1.0,0.4,5.1,5.1,5.1,5.1,1.0,0.0,4.0,1.0,0.7,0.4,-2.55,-2.55,-2.55,-2.55,1.0,0.0,4.0,1.0,0.7,0.4,4.42,4.42,4.42,4.42,1.0,0.0,4.0,1.0,0.7,0.4,1012.7,1012.7,1012.7,1012.7,1.0,0.0,4.0,1.0,0.7,0.4,6.0,6.0,6.0,6.0,1.0,0.0,4.0,1.0,0.7,0.4,-13.0,-13.0,-13.0,-13.0,1.0,0.0,4.0,1.0,0.7,0.4,22.5,22.5,22.5,22.5,1.0,0.0,4.0,1.0,0.7,0.4,-1.8,-1.8,-1.8,-1.8,1.0,0.0,4.0,1.0,0.7,0.4,-9.2,-9.2,-9.2,-9.2,1.0,0.0,4.0,1.0,0.7,0.4,3.75,3.75,3.75,3.75,1.0,0.0,4.0,1.0,0.7,0.4,19.1,19.1,19.1,19.1,1.0,0.0,4.0,1.0,0.7,0.4,-71.4,-71.4,-71.4,-71.4,1.0,0.0,4.0,1.0,0.7,0.4,123.7,123.7,123.7,123.7,1.0,0.0,4.0,1.0,0.7,0.4,-44.7,-44.7,-44.7,-44.7,1.0,0.0,4.0,1.0,0.7,0.4,77.4,77.4,77.4,77.4,1.0,0.0,4.0,1.0,0.7,0.4,-9.6,-9.6,-9.6,-9.6,1.0,0.0,4.0,1.0,0.7,0.4,16.6,16.6,16.6,16.6,1.0,0.0,4.0,1.0,0.7,0.4,132.5,132.5,132.5,132.5,1.0,0.0,4.0,1.0,0.7,0.4,135.0,135.0,135.0,135.0,1.0,0.0,4.0,1.0,0.7,0.4
1974,2,227.0,-7.0,25.8,25.8,25.8,25.8,3.0,0.0,28.0,0.0,0.5,0.9,25.53,25.6,25.87,25.7,3.0,0.26,28.0,0.0,0.5,0.9,16.73,17.88,18.02,17.39,3.0,1.04,28.0,0.0,0.5,0.9,80.5,87.6,88.0,84.3,3.0,6.2,28.0,0.0,0.9,5.63,7.0,7.68,6.67,3.0,1.53,28.0,0.0,0.5,0.9,-6.65,-6.06,-5.29,-5.97,3.0,1.01,28.0,0.0,0.5,0.9,1.7,3.5,3.84,2.79,3.0,1.68,28.0,0.0,0.5,0.9,1010.69,1011.3,1011.3,1011.0,3.0,0.52,28.0,0.0,0.5,0.9,2.3,3.0,4.4,3.3,3.0,1.5,28.0,0.0,0.5,0.9,-51.3,-42.4,-30.3,-40.8,3.0,15.5,28.0,0.0,0.5,0.9,10.7,24.5,29.6,20.3,3.0,14.3,28.0,0.0,0.5,0.9,-0.07,0.2,0.27,0.1,3.0,0.26,28.0,0.0,0.5,0.9,-0.2,1.4,2.1,0.9,3.0,1.7,28.0,0.0,0.5,0.9,2.77,2.93,4.07,3.41,3.0,1.03,28.0,0.0,0.5,0.9,20.2,23.0,23.3,21.8,3.0,2.5,28.0,0.0,0.5,0.9,-169.9,-155.2,-136.6,-153.3,3.0,24.4,28.0,0.0,0.5,0.9,43.8,89.6,98.1,71.4,3.0,42.7,28.0,0.0,0.5,0.9,-119.4,-109.6,-89.2,-104.4,3.0,22.5,28.0,0.0,0.5,0.9,29.7,63.3,68.9,49.6,3.0,31.1,28.0,0.0,0.5,0.9,-21.9,-20.3,-17.6,-19.8,3.0,3.2,28.0,0.0,0.5,0.9,5.7,9.5,11.0,8.4,3.0,4.0,28.0,0.0,0.5,0.9,194.0,343.0,458.5,326.5,3.0,194.0,28.0,0.0,0.5,0.9,195.0,345.0,460.0,325.0,3.0,195.0,28.0,0.0,0.5,0.9
1974,2,227.0,-5.0,24.82,25.3,25.78,25.3,2.0,0.99,12.0,0.0,0.6,0.4,24.7,24.7,24.7,24.7,2.0,0.0,12.0,0.0,0.6,0.4,14.74,15.16,15.57,15.16,2.0,0.86,12.0,0.0,0.6,0.4,76.0,78.0,80.0,78.0,2.0,4.1,12.0,0.0,0.4,2.14,4.6,7.06,4.6,2.0,5.09,12.0,0.0,0.6,0.4,-4.59,-3.14,-1.68,-3.14,2.0,3.02,12.0,0.0,0.6,0.4,1.0,3.14,5.28,3.14,2.0,4.44,12.0,0.0,0.6,0.4,1007.8,1009.75,1011.7,1009.75,2.0,4.03,12.0,0.0,0.6,0.4,1.8,3.5,5.2,3.5,2.0,3.5,12.0,0.0,0.6,0.4,-36.5,-22.1,-7.7,-22.1,2.0,29.9,12.0,0.0,0.6,0.4,8.2,25.8,43.3,25.8,2.0,36.4,12.0,0.0,0.6,0.4,0.12,0.6,1.08,0.6,2.0,0.99,12.0,0.0,0.6,0.4,1.6,5.3,9.0,5.3,2.0,7.6,12.0,0.0,0.6,0.4,4.86,5.06,5.27,5.06,2.0,0.43,12.0,0.0,0.6,0.4,11.0,24.4,37.8,24.4,2.0,27.7,12.0,0.0,0.6,0.4,-113.4,-77.4,-41.4,-77.4,2.0,74.6,12.0,0.0,0.6,0.4,24.6,77.6,130.5,77.6,2.0,109.7,12.0,0.0,0.6,0.4,-72.2,-48.8,-25.4,-48.8,2.0,48.5,12.0,0.0,0.6,0.4,15.7,49.5,83.3,49.5,2.0,70.0,12.0,0.0,0.6,0.4,-24.5,-16.5,-8.5,-16.5,2.0,16.6,12.0,0.0,0.6,0.4,5.3,16.8,28.3,16.8,2.0,23.8,12.0,0.0,0.6,0.4,88.5,276.0,464.0,276.0,2.0,389.0,12.0,0.0,0.6,0.4,90.0,275.0,465.0,275.0,2.0,390.0,12.0,0.0,0.6,0.4
1974,2,227.0,-3.0,25.5,25.5,25.5,25.5,1.0,0.0,6.0,1.0,0.6,0.3,26.0,26.0,26.0,26.0,1.0,0.0,6.0,1.0,0.6,0.3,19.28,19.28,19.28,19.28,1.0,0.0,6.0,1.0,0.6,0.3,92.0,92.0,92.0,92.0,1.0,0.0,6.0,1.0,0.3,4.6,4.6,4.6,4.6,1.0,0.0,6.0,1.0,0.6,0.3,-4.53,-4.53,-4.53,-4.53,1.0,0.0,6.0,1.0,0.6,0.3,-0.8,-0.8,-0.8,-0.8,1.0,0.0,6.0,1.0,0.6,0.3,1014.3,1014.3,1014.3,1014.3,1.0,0.0,6.0,1.0,0.6,0.3,5.0,5.0,5.0,5.0,1.0,0.0,6.0,1.0,0.6,0.3,-20.8,-20.8,-20.8,-20.8,1.0,0.0,6.0,1.0,0.6,0.3,-3.7,-3.7,-3.7,-3.7,1.0,0.0,6.0,1.0,0.6,0.3,-0.5,-0.5,-0.5,-0.5,1.0,0.0,6.0,1.0,0.6,0.3,-2.3,-2.3,-2.3,-2.3,1.0,0.0,6.0,1.0,0.6,0.3,1.08,1.08,1.08,1.08,1.0,0.0,6.0,1.0,0.6,0.3,5.0,5.0,5.0,5.0,1.0,0.0,6.0,1.0,0.6,0.3,-117.8,-117.8,-117.8,-117.8,1.0,0.0,6.0,1.0,0.6,0.3,-20.8,-20.8,-20.8,-20.8,1.0,0.0,6.0,1.0,0.6,0.3,-87.3,-87.3,-87.3,-87.3,1.0,0.0,6.0,1.0,0.6,0.3,-15.4,-15.4,-15.4,-15.4,1.0,0.0,6.0,1.0,0.6,0.3,-4.9,-4.9,-4.9,-4.9,1.0,0.0,6.0,1.0,0.6,0.3,-0.9,-0.9,-0.9,-0.9,1.0,0.0,6.0,1.0,0.6,0.3,97.5,97.5,97.5,97.5,1.0,0.0,6.0,1.0,0.6,0.3,95.0,95.0,95.0,95.0,1.0,0.0,6.0,1.0,0.6,0.3
1974,2,227.0,0.0,23.0,23.0,23.0,23.0,1.0,0.0,12.0,0.0,0.6,0.1,22.5,22.5,22.5,22.5,1.0,0.0,12.0,0.0,0.6,0.1,14.1,14.1,14.1,14.1,1.0,0.0,12.0,0.0,0.6,0.1,83.2,83.2,83.2,83.2,1.0,0.0,12.0,0.0,0.1,5.1,5.1,5.1,5.1,1.0,0.0,12.0,0.0,0.6,0.1,-5.02,-5.02,-5.02,-5.02,1.0,0.0,12.0,0.0,0.6,0.1,0.89,0.89,0.89,0.89,1.0,0.0,12.0,0.0,0.6,0.1,1012.5,1012.5,1012.5,1012.5,1.0,0.0,12.0,0.0,0.6,0.1,0.0,0.0,0.0,0.0,1.0,0.0,12.0,0.0,0.6,0.1,-25.6,-25.6,-25.6,-25.6,1.0,0.0,12.0,0.0,0.6,0.1,4.5,4.5,4.5,4.5,1.0,0.0,12.0,0.0,0.6,0.1,0.5,0.5,0.5,0.5,1.0,0.0,12.0,0.0,0.6,0.1,2.6,2.6,2.6,2.6,1.0,0.0,12.0,0.0,0.6,0.1,3.42,3.42,3.42,3.42,1.0,0.0,12.0,0.0,0.6,0.1,17.4,17.4,17.4,17.4,1.0,0.0,12.0,0.0,0.6,0.1,-113.0,-113.0,-113.0,-113.0,1.0,0.0,12.0,0.0,0.6,0.1,19.9,19.9,19.9,19.9,1.0,0.0,12.0,0.0,0.6,0.1,-70.8,-70.8,-70.8,-70.8,1.0,0.0,12.0,0.0,0.6,0.1,12.5,12.5,12.5,12.5,1.0,0.0,12.0,0.0,0.6,0.1,-17.2,-17.2,-17.2,-17.2,1.0,0.0,12.0,0.0,0.6,0.1,3.0,3.0,3.0,3.0,1.0,0.0,12.0,0.0,0.6,0.1,132.5,132.5,132.5,132.5,1.0,0.0,12.0,0.0,0.6,0.1,135.0,135.0,135.0,135.0,1.0,0.0,12.0,0.0,0.6,0.1
1974,2,227.0,9.0,27.16,27.5,27.84,27.5,2.0,0.71,12.0,0.5,0.7,0.8,24.32,25.0,25.68,25.0,2.0,1.41,12.0,0.5,0.7,0.8,16.17,17.12,18.07,17.12,2.0,1.98,12.0,0.5,0.7,0.8,85.0,86.3,87.6,86.3,2.0,2.7,12.0,0.5,0.8,4.66,6.95,9.24,6.95,2.0,4.74,12.0,0.5,0.7,0.8,-8.04,-6.15,-4.26,-6.15,2.0,3.92,12.0,0.5,0.7,0.8,-4.53,-3.19,-1.85,-3.19,2.0,2.77,12.0,0.5,0.7,0.8,1010.15,1010.9,1011.65,1010.9,2.0,1.56,12.0,0.5,0.7,0.8,3.6,5.0,6.4,5.0,2.0,2.8,12.0,0.5,0.7,0.8,-79.2,-52.0,-24.8,-52.0,2.0,56.4,12.0,0.5,0.7,0.8,-45.3,-28.7,-12.1,-28.7,2.0,34.4,12.0,0.5,0.7,0.8,1.48,2.5,3.52,2.5,2.0,2.12,12.0,0.5,0.7,0.8,11.0,12.4,13.7,12.4,2.0,2.9,12.0,0.5,0.7,0.8,4.47,5.91,7.35,5.91,2.0,2.98,12.0,0.5,0.7,0.8,30.5,34.0,37.5,34.0,2.0,7.3,12.0,0.5,0.7,0.8,-208.0,-156.6,-105.1,-156.6,2.0,106.6,12.0,0.5,0.7,0.8,-117.3,-81.7,-46.1,-81.7,2.0,73.8,12.0,0.5,0.7,0.8,-147.4,-109.2,-71.0,-109.2,2.0,79.2,12.0,0.5,0.7,0.8,-83.3,-57.4,-31.4,-57.4,2.0,53.7,12.0,0.5,0.7,0.8,-32.8,-30.5,-28.2,-30.5,2.0,4.8,12.0,0.5,0.7,0.8,-18.0,-14.7,-11.4,-14.7,2.0,6.9,12.0,0.5,0.7,0.8,212.5,569.5,926.5,569.5,2.0,739.5,12.0,0.5,0.7,0.8,215.0,570.0,925.0,570.0,2.0,740.0,12.0,0.5,0.7,0.8
1974,2,227.0,10.0,24.0,24.0,24.0,24.0,1.0,0.0,8.0,1.0,0.4,0.0,25.0,25.0,25.0,25.0,1.0,0.0,8.0,1.0,0.4,0.0,15.31,15.31,15.31,15.31,1.0,0.0,8.0,1.0,0.4,0.0,77.5,77.5,77.5,77.5,1.0,0.0,8.0,1.0,0.0,3.1,3.1,3.1,3.1,1.0,0.0,8.0,1.0,0.4,0.0,-2.91,-2.91,-2.91,-2.91,1.0,0.0,8.0,1.0,0.4,0.0,-1.06,-1.06,-1.06,-1.06,1.0,0.0,8.0,1.0,0.4,0.0,1011.5,1011.5,1011.5,1011.5,1.0,0.0,8.0,1.0,0.4,0.0,8.0,8.0,8.0,8.0,1.0,0.0,8.0,1.0,0.4,0.0,-9.0,-9.0,-9.0,-9.0,1.0,0.0,8.0,1.0,0.4,0.0,-3.3,-3.3,-3.3,-3.3,1.0,0.0,8.0,1.0,0.4,0.0,-1.0,-1.0,-1.0,-1.0,1.0,0.0,8.0,1.0,0.4,0.0,-3.1,-3.1,-3.1,-3.1,1.0,0.0,8.0,1.0,0.4,0.0,3.33,3.33,3.33,3.33,1.0,0.0,8.0,1.0,0.4,0.0,10.3,10.3,10.3,10.3,1.0,0.0,8.0,1.0,0.4,0.0,-72.8,-72.8,-72.8,-72.8,1.0,0.0,8.0,1.0,0.4,0.0,-26.5,-26.5,-26.5,-26.5,1.0,0.0,8.0,1.0,0.4,0.0,-44.6,-44.6,-44.6,-44.6,1.0,0.0,8.0,1.0,0.4,0.0,-16.2,-16.2,-16.2,-16.2,1.0,0.0,8.0,1.0,0.4,0.0,-9.7,-9.7,-9.7,-9.7,1.0,0.0,8.0,1.0,0.4,0.0,-3.5,-3.5,-3.5,-3.5,1.0,0.0,8.0,1.0,0.4,0.0,30.0,30.0,30.0,30.0,1.0,0.0,8.0,1.0,0.4,0.0,30.0,30.0,30.0,30.0,1.0,0.0,8.0,1.0,0.4,0.0
1974,2,227.0,11.0,24.5,24.5,24.5,24.5,1.0,0.0,18.0,1.0,0.4,0.5,23.0,23.0,23.0,23.0,1.0,0.0,18.0,1.0,0.4,0.5,14.74,14.74,14.74,14.74,1.0,0.0,18.0,1.0,0.4,0.5,84.2,84.2,84.2,84.2,1.0,0.0,18.0,1.0,0.5,11.8,11.8,11.8,11.8,1.0,0.0,18.0,1.0,0.4,0.5,-5.9,-5.9,-5.9,-5.9,1.0,0.0,18.0,1.0,0.4,0.5,-10.22,-10.22,-10.22,-10.22,1.0,0.0,18.0,1.0,0.4,0.5,1012.0,1012.0,1012.0,1012.0,1.0,0.0,18.0,1.0,0.4,0.5,8.0,8.0,8.0,8.0,1.0,0.0,18.0,1.0,0.4,0.5,-69.6,-69.6,-69.6,-69.6,1.0,0.0,18.0,1.0,0.4,0.5,-120.6,-120.6,-120.6,-120.6,1.0,0.0,18.0,1.0,0.4,0.5,1.5,1.5,1.5,1.5,1.0,0.0,18.0,1.0,0.4,0.5,17.7,17.7,17.7,17.7,1.0,0.0,18.0,1.0,0.4,0.5,4.46,4.46,4.46,4.46,1.0,0.0,18.0,1.0,0.4,0.5,52.7,52.7,52.7,52.7,1.0,0.0,18.0,1.0,0.4,0.5,-135.7,-135.7,-135.7,-135.7,1.0,0.0,18.0,1.0,0.4,0.5,-235.0,-235.0,-235.0,-235.0,1.0,0.0,18.0,1.0,0.4,0.5,-87.0,-87.0,-87.0,-87.0,1.0,0.0,18.0,1.0,0.4,0.5,-150.6,-150.6,-150.6,-150.6,1.0,0.0,18.0,1.0,0.4,0.5,-26.3,-26.3,-26.3,-26.3,1.0,0.0,18.0,1.0,0.4,0.5,-45.6,-45.6,-45.6,-45.6,1.0,0.0,18.0,1.0,0.4,0.5,1643.0,1643.0,1643.0,1643.0,1.0,0.0,18.0,1.0,0.4,0.5,1645.0,1645.0,1645.0,1645.0,1.0,0.0,18.0,1.0,0.4,0.5
1974,2,227.0,12.0,24.32,25.0,25.68,25.0,2.0,1.41,24.0,0.0,0.5,0.4,23.03,23.1,23.17,23.1,2.0,0.14,24.0,0.0,0.5,0.4,14.69,14.69,14.69,14.69,1.0,0.0,22.0,0.0,0.7,0.3,84.2,84.2,84.2,84.2,1.0,0.0,22.0,0.0,0.3,7.2,7.2,7.2,7.2,1.0,0.0,22.0,0.0,0.7,0.3,-6.24,-6.24,-6.24,-6.24,1.0,0.0,22.0,0.0,0.7,0.3,-3.6,-3.6,-3.6,-3.6,1.0,0.0,22.0,0.0,0.7,0.3,1013.78,1014.6,1015.42,1014.6,2.0,1.7,24.0,0.0,0.5,0.4,7.0,7.0,7.0,7.0,1.0,0.0,22.0,0.0,0.7,0.3,-44.9,-44.9,-44.9,-44.9,1.0,0.0,22.0,0.0,0.7,0.3,-25.9,-25.9,-25.9,-25.9,1.0,0.0,22.0,0.0,0.7,0.3,1.15,1.9,2.65,1.9,2.0,1.56,24.0,0.0,0.5,0.4,21.6,21.6,21.6,21.6,1.0,0.0,22.0,0.0,0.7,0.3,6.26,6.26,6.26,6.26,1.0,0.0,22.0,0.0,0.7,0.3,45.1,45.1,45.1,45.1,1.0,0.0,22.0,0.0,0.7,0.3,-143.4,-143.4,-143.4,-143.4,1.0,0.0,22.0,0.0,0.7,0.3,-82.8,-82.8,-82.8,-82.8,1.0,0.0,22.0,0.0,0.7,0.3,-91.6,-91.6,-91.6,-91.6,1.0,0.0,22.0,0.0,0.7,0.3,-52.9,-52.9,-52.9,-52.9,1.0,0.0,22.0,0.0,0.7,0.3,-39.0,-39.0,-39.0,-39.0,1.0,0.0,22.0,0.0,0.7,0.3,-22.5,-22.5,-22.5,-22.5,1.0,0.0,22.0,0.0,0.7,0.3,373.0,373.0,373.0,373.0,1.0,0.0,22.0,0.0,0.7,0.3,375.0,375.0,375.0,375.0,1.0,0.0,22.0,0.0,0.7,0.3
1974,2,227.0,13.0,24.0,24.0,24.0,24.0,2.0,0.0,18.0,0.5,0.5,0.4,23.32,24.0,24.68,24.0,2.0,1.41,18.0,0.5,0.5,0.4,15.59,15.78,15.96,15.78,2.0,0.39,18.0,0.5,0.5,0.4,80.6,85.2,89.7,85.2,2.0,9.4,18.0,0.5,0.4,4.24,6.7,9.16,6.7,2.0,5.09,18.0,0.5,0.5,0.4,-9.13,-6.61,-4.09,-6.61,2.0,5.22,18.0,0.5,0.5,0.4,-0.89,-0.53,-0.17,-0.53,2.0,0.75,18.0,0.5,0.5,0.4,1011.9,1012.75,1013.6,1012.75,2.0,1.77,18.0,0.5,0.5,0.4,8.0,8.0,8.0,8.0,2.0,0.0,18.0,0.5,0.5,0.4,-90.7,-57.6,-24.4,-57.6,2.0,68.6,18.0,0.5,0.5,0.4,-2.8,-1.6,-0.5,-1.6,2.0,2.3,18.0,0.5,0.5,0.4,-0.68,0.0,0.68,0.0,2.0,1.41,18.0,0.5,0.5,0.4,-1.0,3.6,8.2,3.6,2.0,9.5,18.0,0.5,0.5,0.4,2.64,2.84,3.04,2.84,2.0,0.42,18.0,0.5,0.5,0.4,12.3,18.0,23.6,18.0,2.0,11.7,18.0,0.5,0.5,0.4,-210.9,-154.9,-98.9,-154.9,2.0,116.0,18.0,0.5,0.5,0.4,-22.3,-13.3,-4.2,-13.3,2.0,18.7,18.0,0.5,0.5,0.4,-146.2,-105.2,-64.2,-105.2,2.0,85.0,18.0,0.5,0.5,0.4,-13.8,-8.2,-2.6,-8.2,2.0,11.6,18.0,0.5,0.5,0.4,-23.5,-17.7,-11.9,-17.7,2.0,12.1,18.0,0.5,0.5,0.4,-2.8,-1.7,-0.5,-1.7,2.0,2.4,18.0,0.5,0.5,0.4,198.5,561.5,924.0,561.5,2.0,751.5,18.0,0.5,0.5,0.4,200.0,560.0,925.0,560.0,2.0,750.0,18.0,0.5,0.5,0.4
1974,2,227.0,14.0,24.0,24.0,24.0,24.0,2.0,0.0,22.0,0.0,0.6,0.2,22.58,22.75,22.92,22.75,2.0,0.35,22.0,0.0,0.6,0.2,12.91,13.11,13.31,13.11,2.0,0.42,22.0,0.0,0.6,0.2,74.3,76.3,78.2,76.3,2.0,4.0,22.0,0.0,0.2,7.7,7.7,7.7,7.7,2.0,0.0,22.0,0.0,0.6,0.2,-4.95,-4.95,-4.95,-4.95,2.0,0.0,22.0,0.0,0.6,0.2,-5.9,-5.9,-5.9,-5.9,2.0,0.0,22.0,0.0,0.6,0.2,1012.71,1013.15,1013.59,1013.15,2.0,0.92,22.0,0.0,0.6,0.2,7.2,7.5,7.8,7.5,2.0,0.7,22.0,0.0,0.6,0.2,-38.1,-38.1,-38.1,-38.1,2.0,0.0,22.0,0.0,0.6,0.2,-45.4,-45.4,-45.4,-45.4,2.0,0.0,22.0,0.0,0.6,0.2,1.08,1.25,1.42,1.25,2.0,0.35,22.0,0.0,0.6,0.2,8.3,9.6,10.9,9.6,2.0,2.7,22.0,0.0,0.6,0.2,5.3,5.5,5.69,5.5,2.0,0.41,22.0,0.0,0.6,0.2,40.8,42.3,43.8,42.3,2.0,3.1,22.0,0.0,0.6,0.2,-113.4,-112.6,-111.8,-112.6,2.0,1.7,22.0,0.0,0.6,0.2,-135.2,-134.2,-133.2,-134.2,2.0,2.1,22.0,0.0,0.6,0.2,-65.9,-64.9,-63.9,-64.9,2.0,2.1,22.0,0.0,0.6,0.2,-78.5,-77.3,-76.1,-77.3,2.0,2.5,22.0,0.0,0.6,0.2,-28.2,-27.2,-26.2,-27.2,2.0,2.0,22.0,0.0,0.6,0.2,-33.6,-32.4,-31.3,-32.4,2.0,2.4,22.0,0.0,0.6,0.2,456.5,456.5,456.5,456.5,2.0,0.0,22.0,0.0,0.6,0.2,455.0,455.0,455.0,455.0,2.0,0.0,22.0,0.0,0.6,0.2
1974,2,227.0,15.0,23.75,23.85,23.95,23.85,2.0,0.21,16.0,0.5,0.7,0.0,22.33,22.4,22.47,22.4,2.0,0.14,16.0,0.5,0.7,0.0,12.54,13.16,13.78,13.16,2.0,1.29,16.0,0.5,0.7,0.0,74.9,78.2,81.6,78.2,2.0,7.0,16.0,0.5,0.0,4.18,4.35,4.52,4.35,2.0,0.35,16.0,0.5,0.7,0.0,-4.2,-3.32,-2.45,-3.32,2.0,1.8,16.0,0.5,0.7,0.0,-2.99,-1.78,-0.56,-1.78,2.0,2.51,16.0,0.5,0.7,0.0,1014.11,1014.35,1014.59,1014.35,2.0,0.5,16.0,0.5,0.7,0.0,6.2,6.5,6.8,6.5,2.0,0.7,16.0,0.5,0.7,0.0,-19.1,-14.8,-10.4,-14.8,2.0,9.0,16.0,0.5,0.7,0.0,-12.2,-7.3,-2.3,-7.3,2.0,10.3,16.0,0.5,0.7,0.0,1.28,1.45,1.62,1.45,2.0,0.35,16.0,0.5,0.7,0.0,5.4,6.4,7.4,6.4,2.0,2.1,16.0,0.5,0.7,0.0,4.52,5.26,6.0,5.26,2.0,1.53,16.0,0.5,0.7,0.0,19.0,23.1,27.3,23.1,2.0,8.5,16.0,0.5,0.7,0.0,-93.6,-74.4,-55.1,-74.4,2.0,39.9,16.0,0.5,0.7,0.0,-67.2,-39.9,-12.7,-39.9,2.0,56.5,16.0,0.5,0.7,0.0,-52.0,-42.6,-33.2,-42.6,2.0,19.5,16.0,0.5,0.7,0.0,-42.0,-25.0,-7.9,-25.0,2.0,35.3,16.0,0.5,0.7,0.0,-25.9,-18.9,-11.8,-18.9,2.0,14.6,16.0,0.5,0.7,0.0,-12.5,-7.4,-2.4,-7.4,2.0,10.5,16.0,0.5,0.7,0.0,73.5,83.0,93.0,83.0,2.0,20.0,16.0,0.5,0.7,0.0,75.0,85.0,95.0,85.0,2.0,20.0,16.0,0.5,0.7,0.0
1974,2,227.0,16.0,22.19,22.6,23.01,22.6,2.0,0.85,14.0,0.0,1.0,0.5,21.16,21.3,21.44,21.3,2.0,0.28,14.0,0.0,1.0,0.5,11.48,11.92,12.36,11.92,2.0,0.91,14.0,0.0,1.0,0.5,72.6,76.2,79.8,76.2,2.0,7.5,14.0,0.0,0.5,8.53,9.25,9.97,9.25,2.0,1.48,14.0,0.0,1.0,0.5,-7.84,-7.35,-6.85,-7.35,2.0,1.03,14.0,0.0,1.0,0.5,-6.86,-4.66,-2.45,-4.66,2.0,4.57,14.0,0.0,1.0,0.5,1015.06,1017.35,1019.64,1017.35,2.0,4.74,14.0,0.0,1.0,0.5,6.2,6.5,6.8,6.5,2.0,0.7,14.0,0.0,1.0,0.5,-67.9,-67.2,-66.5,-67.2,2.0,1.4,14.0,0.0,1.0,0.5,-70.2,-46.5,-22.7,-46.5,2.0,49.2,14.0,0.0,1.0,0.5,0.75,1.3,1.85,1.3,2.0,1.13,14.0,0.0,1.0,0.5,6.9,12.9,18.8,12.9,2.0,12.4,14.0,0.0,1.0,0.5,5.05,5.1,5.15,5.1,2.0,0.11,14.0,0.0,1.0,0.5,43.9,47.1,50.3,47.1,2.0,6.6,14.0,0.0,1.0,0.5,-168.2,-156.7,-145.1,-156.7,2.0,24.0,14.0,0.0,1.0,0.5,-144.9,-98.5,-52.2,-98.5,2.0,96.1,14.0,0.0,1.0,0.5,-89.8,-87.1,-84.4,-87.1,2.0,5.5,14.0,0.0,1.0,0.5,-86.0,-57.6,-29.2,-57.6,2.0,58.8,14.0,0.0,1.0,0.5,-40.5,-37.5,-34.6,-37.5,2.0,6.0,14.0,0.0,1.0,0.5,-34.5,-23.5,-12.5,-23.5,2.0,22.8,14.0,0.0,1.0,0.5,637.5,822.0,1007.0,822.0,2.0,383.0,14.0,0.0,1.0,0.5,635.0,820.0,1005.0,820.0,2.0,385.0,14.0,0.0,1.0,0.5
1974,2,227.0,17.0,22.39,24.0,24.55,23.64,5.0,1.33,10.0,0.4,0.6,0.4,20.63,21.0,23.41,21.94,5.0,2.14,10.0,0.4,0.6,0.4,11.8,13.26,15.19,13.49,4.0,2.32,8.0,0.3,0.6,0.4,74.0,79.0,88.4,81.1,4.0,10.2,8.0,0.3,0.4,6.89,10.3,12.38,9.66,5.0,3.42,10.0,0.4,0.6,0.4,-11.98,-9.68,-5.47,-8.63,5.0,4.37,10.0,0.4,0.6,0.4,-4.42,-3.52,-0.28,-2.33,5.0,3.04,10.0,0.4,0.6,0.4,1015.12,1018.5,1020.17,1017.74,5.0,3.66,10.0,0.4,0.6,0.4,3.4,6.0,7.5,5.5,4.0,2.6,10.0,0.3,0.7,0.5,-148.7,-99.7,-42.8,-95.2,5.0,63.1,10.0,0.4,0.6,0.4,-45.5,-24.2,-4.2,-23.8,5.0,30.7,10.0,0.4,0.6,0.4,0.0,1.5,3.37,1.7,5.0,1.79,10.0,0.4,0.6,0.4,0.0,15.5,33.7,16.7,5.0,17.1,10.0,0.4,0.6,0.4,3.87,4.34,5.39,4.61,4.0,0.99,8.0,0.3,0.6,0.4,28.0,45.2,56.5,42.4,4.0,18.6,8.0,0.3,0.6,0.4,-257.0,-203.3,-112.5,-184.2,5.0,93.1,10.0,0.4,0.6,0.4,-104.8,-74.0,-6.8,-54.6,5.0,67.2,10.0,0.4,0.6,0.4,-134.6,-106.0,-64.0,-99.6,4.0,55.4,8.0,0.3,0.6,0.4,-65.1,-48.5,1.9,-32.4,4.0,49.2,8.0,0.3,0.6,0.4,-53.1,-42.4,-20.7,-37.2,4.0,22.4,8.0,0.3,0.6,0.4,-19.3,-17.2,-1.1,-10.5,4.0,16.0,8.0,0.3,0.6,0.4,385.5,1092.5,1921.5,1158.0,5.0,907.0,10.0,0.4,0.6,0.4,385.0,1095.0,1920.0,1160.0,5.0,905.0,10.0,0.4,0.6,0.4
1974,2,227.0,18.0,22.13,22.8,23.0,22.6,5.0,0.47,16.0,0.6,0.5,0.4,20.7,21.1,22.23,21.44,5.0,1.28,16.0,0.6,0.5,0.4,9.34,10.06,13.0,11.02,5.0,2.32,16.0,0.6,0.5,0.4,60.9,67.5,79.3,69.3,5.0,10.2,16.0,0.6,0.4,7.79,10.3,10.98,9.46,5.0,2.07,16.0,0.6,0.5,0.4,-10.42,-8.18,-5.85,-8.12,5.0,2.37,16.0,0.6,0.5,0.4,-5.87,-2.98,-0.68,-3.45,5.0,3.63,16.0,0.6,0.5,0.4,1016.4,1017.5,1020.37,1018.16,5.0,2.69,16.0,0.6,0.5,0.4,4.5,8.0,8.0,6.4,5.0,2.6,16.0,0.6,0.5,0.4,-111.2,-71.1,-50.8,-78.7,5.0,33.9,16.0,0.6,0.5,0.4,-64.6,-25.9,-4.2,-35.4,5.0,40.4,16.0,0.6,0.5,0.4,0.13,1.7,2.01,1.16,5.0,1.13,16.0,0.6,0.5,0.4,2.5,18.4,19.3,11.9,5.0,10.2,16.0,0.6,0.5,0.4,4.45,6.33,7.44,5.98,5.0,2.04,16.0,0.6,0.5,0.4,41.4,59.5,78.8,59.1,5.0,26.9,16.0,0.6,0.5,0.4,-221.3,-163.5,-132.7,-173.3,5.0,48.7,16.0,0.6,0.5,0.4,-124.8,-59.5,-16.1,-73.1,5.0,76.4,16.0,0.6,0.5,0.4,-113.5,-88.7,-67.6,-89.4,5.0,29.5,16.0,0.6,0.5,0.4,-54.3,-28.9,-9.9,-32.9,5.0,30.7,16.0,0.6,0.5,0.4,-60.1,-54.6,-35.7,-48.3,5.0,18.5,16.0,0.6,0.5,0.4,-44.5,-20.4,-2.0,-25.5,5.0,31.9,16.0,0.6,0.5,0.4,505.0,1092.5,1326.5,938.5,5.0,487.5,16.0,0.6,0.5,0.4,505.0,1095.0,1325.0,940.0,5.0,485.0,16.0,0.6,0.5,0.4
1974,2,227.0,19.0,20.67,21.95,22.53,21.67,6.0,1.35,14.0,0.8,0.6,0.6,20.0,20.85,22.45,21.22,6.0,1.42,14.0,0.8,0.6,0.6,10.46,13.31,14.49,12.69,6.0,1.96,14.0,0.8,0.6,0.6,70.7,82.1,94.3,81.8,6.0,15.0,14.0,0.8,0.6,5.1,7.7,10.04,7.97,6.0,2.99,14.0,0.8,0.6,0.6,-9.57,-6.92,-4.72,-7.09,6.0,3.03,14.0,0.8,0.6,0.6,-4.75,-2.76,0.0,-2.71,6.0,2.6,14.0,0.8,0.6,0.6,1016.58,1017.45,1018.97,1017.78,6.0,1.37,14.0,0.8,0.6,0.6,4.6,5.0,6.7,5.6,5.0,1.5,14.0,0.8,0.6,0.5,-97.3,-55.0,-24.1,-63.7,6.0,48.1,14.0,0.8,0.6,0.6,-40.1,-17.5,0.0,-24.5,6.0,30.9,14.0,0.8,0.6,0.6,-0.7,0.6,1.37,0.45,6.0,1.16,14.0,0.8,0.6,0.6,-5.6,4.9,11.3,4.1,6.0,8.6,14.0,0.8,0.6,0.6,1.88,2.63,4.48,3.4,6.0,2.31,14.0,0.8,0.6,0.6,11.7,17.5,45.6,31.5,6.0,34.9,14.0,0.8,0.6,0.6,-196.6,-142.9,-96.8,-149.3,6.0,64.1,14.0,0.8,0.6,0.6,-103.4,-61.9,0.0,-60.0,6.0,58.3,14.0,0.8,0.6,0.6,-112.7,-85.7,-67.5,-86.2,6.0,28.0,14.0,0.8,0.6,0.6,-62.8,-34.1,0.0,-32.5,6.0,30.3,14.0,0.8,0.6,0.6,-42.4,-14.2,-9.7,-27.6,6.0,30.5,14.0,0.8,0.6,0.6,-21.6,-6.6,0.0,-13.0,6.0,19.2,14.0,0.8,0.6,0.6,132.5,479.5,1081.5,696.0,6.0,762.5,14.0,0.8,0.6,0.6,135.0,480.0,1080.0,695.0,6.0,765.0,14.0,0.8,0.6,0.6
1974,2,227.0,20.0,20.48,21.7,23.52,21.84,7.0,1.48,18.0,0.6,0.7,0.5,17.99,19.6,20.0,19.27,7.0,0.96,18.0,0.6,0.7,0.5,10.13,10.61,11.48,10.74,6.0,0.97,20.0,0.5,0.7,0.6,72.7,76.3,83.1,76.8,6.0,6.7,20.0,0.5,0.6,7.29,9.8,10.9,9.18,6.0,2.13,20.0,0.5,0.8,0.5,-9.86,-8.83,-7.01,-8.28,6.0,2.1,20.0,0.5,0.8,0.5,-5.25,-3.68,-2.52,-3.56,6.0,1.99,20.0,0.5,0.8,0.5,1019.5,1020.7,1022.0,1021.01,7.0,1.6,18.0,0.6,0.7,0.5,4.0,7.0,8.0,6.4,7.0,2.1,18.0,0.6,0.7,0.5,-109.8,-86.6,-52.2,-79.6,6.0,32.9,20.0,0.5,0.8,0.5,-55.3,-34.7,-16.6,-34.5,6.0,23.0,20.0,0.5,0.8,0.5,0.5,2.0,4.56,2.57,7.0,2.08,18.0,0.6,0.7,0.5,8.5,27.0,38.9,24.8,6.0,15.1,20.0,0.5,0.8,0.5,4.01,5.09,6.07,5.22,6.0,1.62,20.0,0.5,0.7,0.6,39.4,54.8,63.7,52.0,5.0,18.0,20.0,0.4,0.7,0.6,-197.2,-165.5,-138.2,-160.2,6.0,44.8,20.0,0.5,0.8,0.5,-96.9,-69.5,-49.2,-67.8,6.0,38.3,20.0,0.5,0.8,0.5,-108.4,-94.3,-92.4,-99.5,5.0,10.0,20.0,0.4,0.7,0.6,-56.4,-41.7,-20.9,-37.8,5.0,23.7,20.0,0.4,0.7,0.6,-58.5,-49.4,-35.3,-47.6,5.0,16.5,20.0,0.4,0.7,0.6,-26.7,-23.7,-11.9,-19.3,5.0,11.4,20.0,0.4,0.7,0.6,400.5,948.5,1297.5,873.5,6.0,484.5,20.0,0.5,0.8,0.5,400.0,950.0,1300.0,875.0,6.0,485.0,20.0,0.5,0.8,0.5
1974,2,227.0,21.0,20.32,21.0,21.68,21.0,2.0,1.41,12.0,0.5,0.5,0.3,20.14,20.45,20.76,20.45,2.0,0.64,12.0,0.5,0.5,0.3,10.32,11.31,12.3,11.31,2.0,2.05,12.0,0.5,0.5,0.3,70.8,76.2,81.5,76.2,2.0,11.1,12.0,0.5,0.3,7.01,8.75,10.49,8.75,2.0,3.61,12.0,0.5,0.5,0.3,-10.21,-8.25,-6.28,-8.25,2.0,4.07,12.0,0.5,0.5,0.3,-2.92,-2.53,-2.14,-2.53,2.0,0.8,12.0,0.5,0.5,0.3,1019.25,1021.3,1023.35,1021.3,2.0,4.24,12.0,0.5,0.5,0.3,4.5,5.5,6.5,5.5,2.0,2.1,12.0,0.5,0.5,0.3,-111.1,-79.5,-48.0,-79.5,2.0,65.4,12.0,0.5,0.5,0.3,-21.7,-20.7,-19.7,-20.7,2.0,2.1,12.0,0.5,0.5,0.3,0.17,0.55,0.93,0.55,2.0,0.78,12.0,0.5,0.5,0.3,1.1,3.4,5.7,3.4,2.0,4.8,12.0,0.5,0.5,0.3,3.69,4.06,4.43,4.06,2.0,0.77,12.0,0.5,0.5,0.3,26.6,36.9,47.3,36.9,2.0,21.4,12.0,0.5,0.5,0.3,-205.1,-167.4,-129.7,-167.4,2.0,78.0,12.0,0.5,0.5,0.3,-60.7,-52.0,-43.3,-52.0,2.0,18.1,12.0,0.5,0.5,0.3,-103.2,-89.1,-75.1,-89.1,2.0,29.1,12.0,0.5,0.5,0.3,-36.4,-29.5,-22.6,-29.5,2.0,14.3,12.0,0.5,0.5,0.3,-46.1,-35.1,-24.0,-35.1,2.0,22.9,12.0,0.5,0.5,0.3,-10.6,-10.0,-9.3,-10.0,2.0,1.3,12.0,0.5,0.5,0.3,429.5,840.5,1251.5,840.5,2.0,852.0,12.0,0.5,0.5,0.3,430.0,840.0,1250.0,840.0,2.0,850.0,12.0,0.5,0.5,0.3
1974,2,227.0,22.0,22.0,22.0,22.0,22.0,1.0,0.0,18.0,1.0,0.8,0.4,21.5,21.5,21.5,21.5,1.0,0.0,18.0,1.0,0.8,0.4,10.61,10.61,10.61,10.61,1.0,0.0,18.0,1.0,0.8,0.4,67.3,67.3,67.3,67.3,1.0,0.0,18.0,1.0,0.4,9.3,9.3,9.3,9.3,1.0,0.0,18.0,1.0,0.8,0.4,-7.12,-7.12,-7.12,-7.12,1.0,0.0,18.0,1.0,0.8,0.4,-5.98,-5.98,-5.98,-5.98,1.0,0.0,18.0,1.0,0.8,0.4,1022.7,1022.7,1022.7,1022.7,1.0,0.0,18.0,1.0,0.8,0.4,5.0,5.0,5.0,5.0,1.0,0.0,18.0,1.0,0.8,0.4,-66.3,-66.3,-66.3,-66.3,1.0,0.0,18.0,1.0,0.8,0.4,-55.6,-55.6,-55.6,-55.6,1.0,0.0,18.0,1.0,0.8,0.4,0.5,0.5,0.5,0.5,1.0,0.0,18.0,1.0,0.8,0.4,4.7,4.7,4.7,4.7,1.0,0.0,18.0,1.0,0.8,0.4,5.69,5.69,5.69,5.69,1.0,0.0,18.0,1.0,0.8,0.4,53.0,53.0,53.0,53.0,1.0,0.0,18.0,1.0,0.8,0.4,-153.2,-153.2,-153.2,-153.2,1.0,0.0,18.0,1.0,0.8,0.4,-128.5,-128.5,-128.5,-128.5,1.0,0.0,18.0,1.0,0.8,0.4,-75.6,-75.6,-75.6,-75.6,1.0,0.0,18.0,1.0,0.8,0.4,-63.5,-63.5,-63.5,-63.5,1.0,0.0,18.0,1.0,0.8,0.4,-40.6,-40.6,-40.6,-40.6,1.0,0.0,18.0,1.0,0.8,0.4,-34.0,-34.0,-34.0,-34.0,1.0,0.0,18.0,1.0,0.8,0.4,804.5,804.5,804.5,804.5,1.0,0.0,18.0,1.0,0.8,0.4,805.0,805.0,805.0,805.0,1.0,0.0,18.0,1.0,0.8,0.4
1974,2,227.0,23.0,18.87,19.6,19.86,19.38,4.0,0.75,18.0,0.3,0.8,0.4,17.27,17.95,18.26,17.78,4.0,0.76,18.0,0.3,0.8,0.4,8.49,9.26,10.48,9.47,4.0,1.24,18.0,0.3,0.8,0.4,70.0,74.7,81.3,75.6,4.0,8.6,18.0,0.3,0.4,8.02,8.7,9.79,8.9,3.0,1.31,24.0,0.3,0.7,0.5,-9.0,-7.53,-3.3,-6.18,3.0,4.33,24.0,0.3,0.7,0.5,-6.56,-4.35,-3.79,-5.15,3.0,2.15,24.0,0.3,0.7,0.5,1020.56,1021.6,1022.49,1021.53,4.0,1.43,18.0,0.3,0.8,0.4,6.5,7.5,8.0,7.3,4.0,1.0,18.0,0.3,0.8,0.4,-88.9,-65.5,-27.8,-58.5,3.0,45.1,24.0,0.3,0.7,0.5,-51.9,-37.8,-36.8,-44.2,3.0,12.3,24.0,0.3,0.7,0.5,1.29,1.65,1.91,1.6,4.0,0.45,18.0,0.3,0.8,0.4,9.8,12.3,18.7,14.2,3.0,6.7,24.0,0.3,0.7,0.5,3.61,4.22,5.22,4.4,4.0,1.23,18.0,0.3,0.8,0.4,34.0,36.1,54.2,43.9,3.0,16.2,24.0,0.3,0.7,0.5,-162.5,-139.4,-59.5,-111.7,3.0,79.2,24.0,0.3,0.7,0.5,-112.0,-80.5,-68.6,-90.1,3.0,32.9,24.0,0.3,0.7,0.5,-78.5,-74.2,-31.5,-55.4,3.0,38.1,24.0,0.3,0.7,0.5,-58.5,-42.8,-33.6,-46.0,3.0,18.4,24.0,0.3,0.7,0.5,-50.1,-31.3,-13.8,-31.9,3.0,26.5,24.0,0.3,0.7,0.5,-29.0,-21.4,-19.1,-24.0,3.0,7.5,24.0,0.3,0.7,0.5,520.5,658.5,955.0,736.0,3.0,325.0,24.0,0.3,0.7,0.5,520.0,660.0,955.0,735.0,3.0,325.0,24.0,0.3,0.7,0.5
1974,2,227.0,24.0,19.25,20.0,20.07,19.67,3.0,0.67,14.0,0.7,0.7,0.7,17.99,18.85,19.55,18.78,4.0,0.91,14.0,0.8,0.7,0.7,7.5,8.59,9.48,8.49,4.0,1.22,14.0,0.8,0.7,0.7,57.2,67.0,70.4,64.0,4.0,9.3,14.0,0.8,0.7,3.31,4.35,6.49,4.88,4.0,2.37,14.0,0.8,0.7,0.7,-5.93,-3.29,0.88,-2.56,4.0,4.9,14.0,0.8,0.7,0.7,-1.47,0.36,1.54,0.05,4.0,2.13,14.0,0.8,0.7,0.7,1020.31,1023.6,1026.16,1023.25,4.0,3.42,14.0,0.8,0.7,0.7,6.0,6.5,7.5,6.8,4.0,1.0,14.0,0.8,0.7,0.7,-41.8,-12.5,5.5,-17.9,4.0,33.5,14.0,0.8,0.7,0.7,-12.0,1.5,6.9,-2.4,4.0,14.5,14.0,0.8,0.7,0.7,0.69,1.1,1.58,1.13,3.0,0.65,14.0,0.7,0.7,0.7,3.1,4.7,7.6,5.3,3.0,3.4,14.0,0.7,0.7,0.7,4.92,5.29,5.34,5.13,3.0,0.34,14.0,0.7,0.7,0.7,16.3,21.8,37.0,26.5,3.0,15.7,14.0,0.7,0.7,0.7,-109.0,-62.7,18.7,-46.0,4.0,91.1,14.0,0.8,0.7,0.7,-26.2,6.9,30.2,2.3,4.0,39.6,14.0,0.8,0.7,0.7,-50.9,-31.4,3.5,-24.1,4.0,38.3,14.0,0.8,0.7,0.7,-11.8,2.5,14.1,1.2,4.0,18.5,14.0,0.8,0.7,0.7,-34.3,-18.9,-15.4,-24.7,3.0,14.7,14.0,0.7,0.7,0.7,-10.3,0.0,7.5,-1.4,3.0,13.0,14.0,0.7,0.7,0.7,42.0,83.0,335.0,184.0,4.0,247.5,14.0,0.8,0.7,0.7,40.0,85.0,335.0,185.0,4.0,245.0,14.0,0.8,0.7,0.7
1974,2,227.0,25.0,18.6,18.8,20.44,19.5,3.0,1.48,8.0,0.0,0.6,0.2,17.32,18.0,18.27,17.8,3.0,0.72,8.0,0.0,0.6,0.2,7.56,7.93,9.83,8.68,3.0,1.78,8.0,0.0,0.6,0.2,59.2,61.2,80.7,69.7,3.0,17.4,8.0,0.0,0.2,3.81,5.4,7.25,5.53,4.0,2.19,8.0,0.3,0.7,0.2,-6.39,-0.74,4.51,-0.93,4.0,6.47,8.0,0.3,0.7,0.2,-1.79,-1.11,-0.66,-1.22,4.0,0.71,8.0,0.3,0.7,0.2,1014.08,1020.6,1023.08,1018.68,4.0,6.88,8.0,0.3,0.7,0.2,2.4,5.0,7.0,4.8,4.0,3.0,8.0,0.3,0.7,0.2,-44.6,-5.7,23.4,-10.4,4.0,43.9,8.0,0.3,0.7,0.2,-12.4,-7.7,-2.6,-7.5,4.0,5.7,8.0,0.3,0.7,0.2,1.02,1.5,2.39,1.7,3.0,1.01,8.0,0.0,0.6,0.2,4.0,4.7,17.1,10.4,3.0,10.9,8.0,0.0,0.6,0.2,3.56,5.99,7.06,5.33,3.0,2.63,8.0,0.0,0.6,0.2,13.9,27.5,51.1,32.4,3.0,27.5,8.0,0.0,0.6,0.2,-127.3,-81.5,9.5,-59.4,3.0,102.1,8.0,0.0,0.6,0.2,-22.4,-14.4,-10.8,-16.6,3.0,8.7,8.0,0.0,0.6,0.2,-54.3,-33.5,11.7,-21.6,3.0,49.5,8.0,0.0,0.6,0.2,-9.6,-5.9,-5.8,-7.7,3.0,3.2,8.0,0.0,0.6,0.2,-50.3,-27.1,-3.5,-26.9,3.0,34.2,8.0,0.0,0.6,0.2,-8.9,-4.8,-2.4,-5.6,3.0,4.8,8.0,0.0,0.6,0.2,62.0,168.0,402.5,229.0,4.0,231.5,8.0,0.3,0.7,0.2,60.0,170.0,400.0,230.0,4.0,230.0,8.0,0.3,0.7,0.2
1974,2,227.0,26.0,16.46,17.45,18.44,17.45,2.0,2.05,18.0,0.5,1.0,0.6,16.22,16.7,17.18,16.7,2.0,0.99,18.0,0.5,1.0,0.6,8.49,9.1,9.71,9.1,2.0,1.26,18.0,0.5,1.0,0.6,70.9,78.5,86.1,78.5,2.0,15.7,18.0,0.5,0.6,4.33,5.9,7.47,5.9,2.0,3.25,18.0,0.5,1.0,0.6,-5.78,-4.7,-3.62,-4.7,2.0,2.24,18.0,0.5,1.0,0.6,-4.72,-3.54,-2.35,-3.54,2.0,2.45,18.0,0.5,1.0,0.6,1024.5,1024.7,1024.9,1024.7,2.0,0.42,18.0,0.5,1.0,0.6,1.1,3.5,5.9,3.5,2.0,4.9,18.0,0.5,1.0,0.6,-45.1,-31.4,-17.6,-31.4,2.0,28.5,18.0,0.5,1.0,0.6,-37.4,-24.9,-12.3,-24.9,2.0,26.0,18.0,0.5,1.0,0.6,0.24,0.75,1.26,0.75,2.0,1.06,18.0,0.5,1.0,0.6,2.0,6.2,10.3,6.2,2.0,8.7,18.0,0.5,1.0,0.6,1.81,3.19,4.57,3.19,2.0,2.87,18.0,0.5,1.0,0.6,10.3,23.5,36.7,23.5,2.0,27.3,18.0,0.5,1.0,0.6,-99.9,-79.6,-59.3,-79.6,2.0,42.0,18.0,0.5,1.0,0.6,-81.7,-60.3,-38.8,-60.3,2.0,44.5,18.0,0.5,1.0,0.6,-48.3,-41.3,-34.4,-41.3,2.0,14.4,18.0,0.5,1.0,0.6,-39.2,-30.6,-22.0,-30.6,2.0,17.9,18.0,0.5,1.0,0.6,-28.2,-18.2,-8.3,-18.2,2.0,20.6,18.0,0.5,1.0,0.6,-23.5,-14.8,-6.1,-14.8,2.0,18.0,18.0,0.5,1.0,0.6,127.0,299.0,471.5,299.0,2.0,357.0,18.0,0.5,1.0,0.6,125.0,300.0,470.0,300.0,2.0,355.0,18.0,0.5,1.0,0.6
1974,2,227.0,27.0,17.8,18.1,19.0,18.33,12.0,1.31,14.0,0.6,0.5,0.5,16.65,18.0,18.91,17.94,13.0,1.28,14.0,0.5,0.5,0.5,7.67,8.86,10.49,9.01,13.0,1.53,14.0,0.5,0.5,0.5,63.0,71.2,80.2,71.1,13.0,9.3,14.0,0.5,0.5,3.71,6.2,9.3,5.86,13.0,3.27,14.0,0.5,0.5,0.5,-6.71,-5.36,-3.48,-4.95,13.0,2.77,14.0,0.5,0.5,0.5,-5.34,-2.12,0.0,-2.74,13.0,2.35,14.0,0.5,0.5,0.5,1022.31,1023.4,1026.0,1023.92,13.0,1.88,14.0,0.5,0.5,0.5,1.9,5.0,8.0,4.3,13.0,2.8,14.0,0.5,0.5,0.5,-56.6,-30.5,-14.3,-37.0,13.0,29.4,14.0,0.5,0.5,0.5,-44.4,-13.0,0.0,-20.6,13.0,22.1,14.0,0.5,0.5,0.5,-1.25,0.6,1.18,0.22,12.0,1.51,14.0,0.6,0.5,0.5,-7.0,0.0,8.6,0.9,12.0,13.0,14.0,0.6,0.5,0.5,2.19,4.0,5.01,3.81,12.0,1.36,14.0,0.6,0.5,0.5,7.4,18.6,35.7,21.3,12.0,16.7,14.0,0.6,0.5,0.5,-118.2,-99.1,-56.4,-89.2,13.0,50.9,14.0,0.5,0.5,0.5,-86.5,-42.4,0.0,-48.4,13.0,40.4,14.0,0.5,0.5,0.5,-64.5,-42.1,-28.9,-45.0,13.0,27.1,14.0,0.5,0.5,0.5,-38.2,-21.3,0.0,-24.1,13.0,20.9,14.0,0.5,0.5,0.5,-28.3,-17.3,-7.0,-17.4,12.0,11.7,14.0,0.6,0.5,0.5,-19.9,-4.8,0.0,-11.1,12.0,13.1,14.0,0.6,0.5,0.5,62.5,238.5,804.5,357.0,13.0,355.5,14.0,0.5,0.5,0.5,60.0,240.0,805.0,355.0,13.0,355.0,14.0,0.5,0.5,0.5
1974,2,227.0,28.0,18.0,18.65,19.29,18.78,10.0,0.95,14.0,0.7,0.5,0.4,16.0,16.6,18.14,16.95,10.0,1.44,14.0,0.7,0.5,0.4,7.04,8.28,9.68,8.45,10.0,1.31,14.0,0.7,0.5,0.4,61.8,70.0,82.4,71.5,10.0,11.4,14.0,0.7,0.4,3.96,7.7,9.4,6.83,10.0,2.73,14.0,0.7,0.5,0.4,-8.35,-5.65,-2.67,-5.47,10.0,2.6,14.0,0.7,0.5,0.4,-5.22,-3.56,0.31,-3.1,10.0,2.94,14.0,0.7,0.5,0.4,1022.43,1025.0,1027.29,1025.13,10.0,2.54,14.0,0.7,0.5,0.4,4.9,6.5,8.0,6.3,10.0,1.7,14.0,0.7,0.5,0.4,-77.5,-38.5,-12.3,-42.6,10.0,31.7,14.0,0.7,0.5,0.4,-53.0,-23.2,2.1,-25.3,10.0,26.8,14.0,0.7,0.5,0.4,-0.14,2.15,3.41,1.83,10.0,2.12,14.0,0.7,0.5,0.4,-3.6,11.9,33.8,13.8,10.0,17.1,14.0,0.7,0.5,0.4,3.05,4.59,6.54,4.88,10.0,1.9,14.0,0.7,0.5,0.4,20.6,29.3,50.9,32.9,10.0,17.8,14.0,0.7,0.5,0.4,-135.8,-103.6,-45.1,-92.3,10.0,42.5,14.0,0.7,0.5,0.4,-92.5,-56.2,6.8,-51.4,10.0,50.3,14.0,0.7,0.5,0.4,-67.8,-44.2,-25.0,-46.7,10.0,24.9,14.0,0.7,0.5,0.4,-52.0,-24.2,2.4,-27.1,10.0,28.0,14.0,0.7,0.5,0.4,-46.0,-23.9,-10.0,-27.0,10.0,17.0,14.0,0.7,0.5,0.4,-26.9,-16.6,1.6,-14.6,10.0,13.5,14.0,0.7,0.5,0.4,74.0,456.5,861.0,451.5,10.0,396.0,14.0,0.7,0.5,0.4,75.0,455.0,860.0,450.0,10.0,395.0,14.0,0.7,0.5,0.4
1974,2,227.0,29.0,17.8,17.8,17.8,17.8,2.0,0.0,20.0,0.0,0.8,0.6,15.0,15.0,15.0,15.0,2.0,0.0,20.0,0.0,0.8,0.6,7.26,8.21,9.17,8.21,2.0,1.99,20.0,0.0,0.8,0.6,69.7,78.7,87.7,78.7,2.0,18.7,20.0,0.0,0.6,4.17,5.4,6.63,5.4,2.0,2.55,20.0,0.0,0.8,0.6,-2.15,-1.78,-1.42,-1.78,2.0,0.75,20.0,0.0,0.8,0.6,-5.53,-2.17,1.19,-2.17,2.0,6.96,20.0,0.0,0.8,0.6,1024.37,1026.25,1028.13,1026.25,2.0,3.89,20.0,0.0,0.8,0.6,7.2,7.5,7.8,7.5,2.0,0.7,20.0,0.0,0.8,0.6,-8.9,-8.7,-8.4,-8.7,2.0,0.5,20.0,0.0,0.8,0.6,-41.4,-20.6,0.3,-20.6,2.0,43.1,20.0,0.0,0.8,0.6,2.8,2.8,2.8,2.8,2.0,0.0,20.0,0.0,0.8,0.6,11.7,15.1,18.6,15.1,2.0,7.1,20.0,0.0,0.8,0.6,3.35,4.28,5.22,4.28,2.0,1.94,20.0,0.0,0.8,0.6,15.3,25.6,35.9,25.6,2.0,21.4,20.0,0.0,0.8,0.6,-32.2,-26.7,-21.3,-26.7,2.0,11.3,20.0,0.0,0.8,0.6,-82.9,-32.5,17.9,-32.5,2.0,104.5,20.0,0.0,0.8,0.6,-20.1,-15.4,-10.7,-15.4,2.0,9.7,20.0,0.0,0.8,0.6,-36.4,-10.9,14.7,-10.9,2.0,52.9,20.0,0.0,0.8,0.6,-7.0,-6.9,-6.8,-6.9,2.0,0.2,20.0,0.0,0.8,0.6,-32.5,-16.0,0.4,-16.0,2.0,34.0,20.0,0.0,0.8,0.6,98.5,210.0,321.5,210.0,2.0,231.0,20.0,0.0,0.8,0.6,100.0,210.0,320.0,210.0,2.0,230.0,20.0,0.0,0.8,0.6
1974,2,227.0,30.0,16.6,17.3,17.98,16.91,8.0,1.51,16.0,0.5,0.6,0.6,15.04,15.7,19.45,16.88,8.0,2.61,12.0,0.6,0.6,0.6,8.1,8.31,10.36,9.01,8.0,1.46,12.0,0.6,0.6,0.6,71.4,74.7,80.0,76.0,8.0,5.7,12.0,0.6,0.6,5.76,7.45,9.3,7.66,8.0,2.24,12.0,0.6,0.6,0.6,-7.89,-4.7,4.98,-2.5,8.0,6.02,12.0,0.6,0.6,0.6,-3.7,-0.58,7.66,1.25,8.0,5.19,12.0,0.6,0.6,0.6,1021.45,1026.3,1026.98,1025.04,8.0,2.71,12.0,0.6,0.6,0.6,3.2,6.0,7.0,5.4,8.0,1.9,12.0,0.6,0.6,0.6,-63.8,-36.3,28.5,-18.4,8.0,53.2,12.0,0.6,0.6,0.6,-23.3,-3.9,68.9,13.3,8.0,49.1,12.0,0.6,0.6,0.6,-1.52,1.5,2.13,0.81,7.0,1.84,14.0,0.6,0.6,0.6,-11.7,8.3,18.8,5.5,7.0,14.4,14.0,0.6,0.6,0.6,1.91,3.8,4.39,3.31,7.0,1.66,14.0,0.6,0.6,0.6,10.9,26.1,35.6,23.8,7.0,14.0,14.0,0.6,0.6,0.6,-125.1,-75.5,95.6,-43.5,8.0,106.4,12.0,0.6,0.6,0.6,-62.3,-9.0,118.4,16.5,8.0,81.0,12.0,0.6,0.6,0.6,-64.9,-38.1,52.5,-21.1,8.0,58.1,12.0,0.6,0.6,0.6,-30.7,-4.4,62.2,10.8,8.0,44.7,12.0,0.6,0.6,0.6,-34.4,-17.7,2.7,-13.7,7.0,18.0,14.0,0.6,0.6,0.6,-16.9,0.0,15.7,0.7,7.0,17.8,14.0,0.6,0.6,0.6,191.0,426.0,804.5,553.0,8.0,451.0,12.0,0.6,0.6,0.6,190.0,425.0,805.0,555.0,8.0,450.0,12.0,0.6,0.6,0.6
1974,2,227.0,31.0,16.0,16.95,18.3,17.16,18.0,0.98,14.0,0.6,0.5,0.2,14.0,15.0,16.2,15.14,20.0,1.18,14.0,0.6,0.5,0.2,7.31,7.57,8.96,8.0,18.0,1.25,16.0,0.6,0.5,0.3,68.8,72.5,79.0,74.9,18.0,7.6,16.0,0.6,0.3,2.6,5.1,10.3,5.97,20.0,3.57,14.0,0.6,0.5,0.2,-7.09,-2.44,1.73,-2.3,20.0,4.93,14.0,0.6,0.5,0.2,-5.1,-1.09,3.12,-0.94,20.0,4.41,14.0,0.6,0.5,0.2,1023.01,1025.85,1028.4,1025.37,20.0,3.5,14.0,0.6,0.5,0.2,2.0,7.0,8.0,5.7,18.0,2.8,16.0,0.6,0.5,0.3,-65.7,-8.3,8.8,-16.3,20.0,50.5,14.0,0.6,0.5,0.2,-29.4,-3.9,22.0,-3.7,20.0,41.7,14.0,0.6,0.5,0.2,0.42,2.15,3.49,1.98,18.0,1.44,14.0,0.6,0.5,0.2,0.0,8.2,20.0,11.1,18.0,11.3,14.0,0.6,0.5,0.2,2.95,4.16,5.23,4.04,16.0,1.5,14.0,0.6,0.5,0.2,6.4,17.5,38.8,20.7,16.0,15.2,14.0,0.6,0.5,0.2,-106.2,-36.7,28.8,-34.3,20.0,73.9,14.0,0.6,0.5,0.2,-79.5,-16.0,46.9,-13.6,20.0,67.3,14.0,0.6,0.5,0.2,-40.8,-18.5,18.2,-13.4,18.0,38.1,16.0,0.6,0.5,0.3,-39.9,-6.5,28.6,-3.7,18.0,33.6,16.0,0.6,0.5,0.3,-24.4,-10.4,1.2,-11.4,16.0,16.3,14.0,0.6,0.5,0.2,-20.7,-3.6,4.5,-4.6,16.0,16.1,14.0,0.6,0.5,0.2,17.5,132.5,1092.5,438.0,20.0,553.0,14.0,0.6,0.5,0.2,20.0,135.0,1095.0,440.0,20.0,555.0,14.0,0.6,0.5,0.2
1974,2,227.0,32.0,15.82,16.15,18.16,16.73,8.0,1.21,16.0,0.6,0.4,0.4,14.0,15.5,17.2,15.47,9.0,1.9,16.0,0.6,0.4,0.4,7.01,7.74,9.47,8.03,7.0,1.53,18.0,0.6,0.4,0.4,67.0,77.2,81.7,76.0,7.0,11.6,18.0,0.6,0.4,6.47,8.7,9.3,8.24,9.0,2.79,16.0,0.6,0.4,0.4,-8.86,0.0,6.46,-1.6,9.0,7.88,16.0,0.6,0.4,0.4,-3.78,1.25,3.33,-0.28,9.0,4.38,16.0,0.6,0.4,0.4,1026.58,1028.1,1029.22,1027.76,9.0,1.85,16.0,0.6,0.4,0.4,5.0,5.0,8.0,6.1,9.0,1.6,16.0,0.6,0.4,0.4,-82.4,0.0,45.2,-25.0,9.0,77.7,16.0,0.6,0.4,0.4,-48.9,4.8,21.6,-7.6,9.0,41.4,16.0,0.6,0.4,0.4,0.0,0.85,2.73,1.08,8.0,1.86,16.0,0.6,0.4,0.4,0.0,6.6,21.4,7.6,8.0,14.4,16.0,0.6,0.4,0.4,3.23,3.9,4.97,3.63,7.0,1.51,18.0,0.6,0.4,0.4,26.9,30.8,32.4,28.6,7.0,13.2,18.0,0.6,0.4,0.4,-157.5,0.0,109.6,-21.5,9.0,122.4,16.0,0.6,0.4,0.4,-55.1,22.0,48.6,-5.1,9.0,66.0,16.0,0.6,0.4,0.4,-54.7,28.7,62.7,10.9,7.0,52.8,18.0,0.6,0.4,0.4,-2.7,11.8,31.1,7.1,7.0,31.0,18.0,0.6,0.4,0.4,-27.2,1.5,27.8,3.8,7.0,25.3,18.0,0.6,0.4,0.4,-2.2,4.9,15.9,0.1,7.0,21.8,18.0,0.6,0.4,0.4,274.5,658.5,804.5,730.5,9.0,686.0,16.0,0.6,0.4,0.4,275.0,660.0,805.0,730.0,9.0,685.0,16.0,0.6,0.4,0.4
1974,2,227.0,33.0,15.0,15.6,16.48,15.79,14.0,1.19,12.0,0.6,0.7,0.5,13.4,13.95,15.93,14.52,16.0,1.66,12.0,0.6,0.7,0.5,6.75,7.7,8.98,7.77,15.0,1.38,12.0,0.6,0.7,0.5,66.5,77.3,85.0,75.7,15.0,9.7,12.0,0.6,0.5,4.79,5.7,6.82,5.86,16.0,1.72,12.0,0.6,0.7,0.5,-6.03,-2.8,3.96,-1.71,16.0,4.84,12.0,0.6,0.7,0.5,-4.62,-3.44,0.49,-2.53,16.0,2.48,12.0,0.6,0.7,0.5,1024.9,1027.2,1030.16,1027.36,16.0,2.84,12.0,0.6,0.7,0.5,5.0,7.0,8.0,6.3,15.0,2.0,12.0,0.7,0.7,0.5,-40.5,-14.6,20.5,-14.0,16.0,36.4,12.0,0.6,0.7,0.5,-28.9,-20.1,2.3,-15.8,16.0,15.9,12.0,0.6,0.7,0.5,-1.12,1.5,2.2,1.01,14.0,1.77,12.0,0.6,0.7,0.5,-5.7,6.7,16.2,6.2,14.0,10.4,12.0,0.6,0.7,0.5,1.88,3.26,4.4,3.11,14.0,1.35,12.0,0.6,0.7,0.5,8.3,17.1,27.2,19.1,14.0,13.4,12.0,0.6,0.7,0.5,-78.7,-39.0,61.0,-20.8,16.0,70.2,12.0,0.6,0.7,0.5,-67.2,-43.6,8.9,-35.2,16.0,37.4,12.0,0.6,0.7,0.5,-40.1,-22.5,34.0,-6.2,15.0,36.5,12.0,0.6,0.7,0.5,-36.3,-20.1,6.7,-17.7,15.0,21.1,12.0,0.6,0.7,0.5,-21.3,-5.8,7.2,-7.0,14.0,19.8,12.0,0.6,0.7,0.5,-12.8,-11.0,0.4,-7.9,14.0,7.7,12.0,0.6,0.7,0.5,111.0,185.0,322.0,255.5,16.0,285.0,12.0,0.6,0.7,0.5,110.0,185.0,320.0,255.0,16.0,285.0,12.0,0.6,0.7,0.5
1974,2,227.0,34.0,14.0,15.6,16.43,15.26,17.0,1.81,14.0,0.4,0.5,0.6,12.11,13.3,15.28,13.54,17.0,1.59,12.0,0.3,0.5,0.6,5.91,6.72,8.44,7.02,16.0,1.26,12.0,0.3,0.5,0.6,64.7,75.7,85.3,74.3,16.0,10.8,12.0,0.3,0.6,3.65,6.2,7.85,6.14,18.0,2.84,12.0,0.3,0.5,0.6,-5.34,0.23,4.8,0.31,18.0,5.43,12.0,0.3,0.5,0.6,-5.81,-1.28,4.25,-1.16,18.0,4.12,12.0,0.3,0.5,0.6,1020.01,1026.45,1029.76,1024.82,18.0,8.03,12.0,0.3,0.5,0.6,4.7,6.0,8.0,6.0,18.0,1.6,12.0,0.3,0.5,0.6,-31.9,2.7,30.3,6.5,18.0,53.6,12.0,0.3,0.5,0.6,-38.3,-3.3,20.6,-6.8,18.0,31.7,12.0,0.3,0.5,0.6,-0.31,1.6,3.36,1.64,16.0,1.82,12.0,0.3,0.5,0.6,-0.8,7.3,16.5,8.5,16.0,11.1,12.0,0.3,0.5,0.6,2.17,4.1,4.43,3.49,15.0,1.33,12.0,0.3,0.5,0.6,7.9,17.9,29.0,18.1,15.0,10.1,12.0,0.3,0.5,0.6,-62.3,-9.5,69.0,-0.7,17.0,61.5,12.0,0.3,0.5,0.6,-80.5,-20.4,50.4,-18.5,17.0,57.0,12.0,0.3,0.5,0.6,-37.7,-5.1,37.2,-3.8,16.0,32.9,12.0,0.3,0.5,0.6,-35.0,-15.2,15.2,-11.6,16.0,27.3,12.0,0.3,0.5,0.6,-14.2,-3.1,8.8,-2.5,15.0,13.3,12.0,0.3,0.5,0.6,-22.7,-5.2,3.9,-7.6,15.0,14.4,12.0,0.3,0.5,0.6,53.5,238.5,485.0,385.5,18.0,602.5,12.0,0.3,0.5,0.6,55.0,240.0,485.0,385.0,18.0,600.0,12.0,0.3,0.5,0.6
1974,2,227.0,35.0,12.9,14.5,15.53,14.28,19.0,1.47,16.0,0.5,0.6,0.3,12.3,14.1,15.0,13.92,20.0,1.44,16.0,0.5,0.6,0.4,6.61,7.67,9.35,7.78,19.0,1.45,16.0,0.5,0.6,0.3,70.4,80.2,90.1,79.2,19.0,12.8,16.0,0.5,0.3,6.04,8.7,12.46,9.3,19.0,3.31,16.0,0.5,0.6,0.3,-5.34,4.35,8.71,2.67,19.0,7.12,16.0,0.5,0.6,0.3,-5.97,-0.89,5.6,-0.12,19.0,6.64,16.0,0.5,0.6,0.3,1021.21,1027.1,1031.5,1025.77,20.0,7.6,16.0,0.5,0.6,0.4,3.9,7.0,8.0,6.2,19.0,1.8,16.0,0.5,0.6,0.4,-32.7,26.3,119.9,35.7,19.0,80.8,16.0,0.5,0.6,0.3,-46.5,-4.5,66.3,8.4,19.0,78.4,16.0,0.5,0.6,0.3,-1.66,0.8,2.16,0.27,19.0,2.08,16.0,0.5,0.6,0.3,-18.4,6.2,20.6,0.6,18.0,22.0,16.0,0.5,0.6,0.3,0.82,2.16,4.15,2.24,18.0,1.42,18.0,0.6,0.6,0.3,7.0,22.5,33.0,19.5,17.0,13.1,18.0,0.5,0.6,0.3,-69.9,61.4,128.6,44.6,19.0,102.7,16.0,0.5,0.6,0.3,-85.3,-11.8,83.7,1.4,19.0,95.5,16.0,0.5,0.6,0.3,-31.4,33.7,79.8,26.7,18.0,58.0,16.0,0.5,0.6,0.3,-36.3,-3.7,54.1,3.1,18.0,57.8,16.0,0.5,0.6,0.3,-14.2,4.5,19.5,4.6,17.0,16.3,18.0,0.5,0.6,0.3,-16.2,0.0,14.3,0.0,17.0,16.9,18.0,0.5,0.6,0.3,223.0,658.5,1939.0,1101.5,19.0,1037.0,16.0,0.5,0.6,0.3,225.0,660.0,1940.0,1100.0,19.0,1035.0,16.0,0.5,0.6,0.3
1974,2,227.0,36.0,12.56,13.75,15.5,13.98,8.0,1.88,12.0,0.6,0.3,0.5,12.0,13.0,15.37,13.6,9.0,1.64,12.0,0.7,0.3,0.5,5.81,6.48,9.2,7.17,9.0,1.61,12.0,0.7,0.3,0.5,63.7,74.0,88.8,74.7,9.0,12.6,12.0,0.7,0.5,5.03,7.7,11.3,8.34,9.0,3.28,12.0,0.7,0.3,0.5,-5.5,3.14,10.41,3.14,9.0,7.37,12.0,0.7,0.3,0.5,-3.91,-1.08,4.84,0.36,9.0,4.85,12.0,0.7,0.3,0.5,1020.83,1023.0,1031.42,1025.12,9.0,5.06,12.0,0.7,0.3,0.5,4.3,7.0,7.7,6.0,9.0,2.3,12.0,0.7,0.3,0.5,-35.6,12.9,113.7,42.5,9.0,76.4,12.0,0.7,0.3,0.5,-26.7,-6.7,52.1,8.7,9.0,46.8,12.0,0.7,0.3,0.5,-1.39,0.0,3.22,0.3,8.0,2.81,12.0,0.6,0.3,0.5,-15.8,-0.9,15.0,-3.0,8.0,23.0,12.0,0.6,0.3,0.5,0.13,2.79,4.86,2.48,8.0,2.39,12.0,0.6,0.3,0.5,1.5,18.1,31.3,19.0,8.0,22.7,12.0,0.6,0.3,0.5,-66.0,40.8,158.7,52.7,9.0,106.4,12.0,0.7,0.3,0.5,-49.4,-12.9,69.1,8.7,9.0,67.0,12.0,0.7,0.3,0.5,-34.9,18.0,85.8,28.0,9.0,55.9,12.0,0.7,0.3,0.5,-24.0,-7.0,42.5,8.0,9.0,38.5,12.0,0.7,0.3,0.5,-14.7,-5.8,6.4,0.3,8.0,27.9,12.0,0.6,0.3,0.5,-19.6,-4.1,0.2,-7.3,8.0,9.3,12.0,0.6,0.3,0.5,135.5,456.5,1443.0,821.5,9.0,760.5,12.0,0.7,0.3,0.5,135.0,455.0,1445.0,820.0,9.0,760.0,12.0,0.7,0.3,0.5
1974,2,227.0,37.0,12.29,13.3,14.55,13.4,13.0,1.09,14.0,0.5,0.6,0.6,9.86,11.3,13.86,12.04,14.0,2.29,14.0,0.5,0.7,0.6,4.64,6.32,8.03,6.42,12.0,1.66,14.0,0.6,0.6,0.6,60.9,73.3,85.2,72.4,12.0,13.7,14.0,0.6,0.6,2.73,7.7,12.9,7.94,14.0,5.28,14.0,0.5,0.7,0.6,-1.52,0.87,8.25,1.9,14.0,7.23,14.0,0.5,0.7,0.6,-4.42,-0.63,6.35,0.76,14.0,6.24,14.0,0.5,0.7,0.6,1020.66,1027.95,1029.78,1025.55,14.0,6.76,14.0,0.5,0.7,0.6,5.0,8.0,8.0,6.7,14.0,1.9,14.0,0.5,0.7,0.6,-7.0,2.9,104.5,19.7,14.0,93.9,14.0,0.5,0.7,0.6,-28.5,-1.7,77.7,8.7,14.0,79.0,14.0,0.5,0.7,0.6,0.39,1.6,3.02,1.28,13.0,2.25,14.0,0.5,0.6,0.6,-2.0,8.3,20.5,4.2,13.0,19.0,14.0,0.5,0.6,0.6,2.17,3.14,4.34,3.08,12.0,1.35,14.0,0.6,0.6,0.6,5.9,22.7,43.8,25.5,12.0,21.2,14.0,0.6,0.6,0.6,-16.7,11.0,116.0,28.9,14.0,89.7,14.0,0.5,0.7,0.6,-42.4,-6.4,84.7,16.6,14.0,80.4,14.0,0.5,0.7,0.6,-6.1,13.2,57.0,20.8,12.0,39.1,14.0,0.6,0.6,0.6,-23.3,-3.1,51.8,12.5,12.0,48.5,14.0,0.6,0.6,0.6,-3.3,1.5,27.3,6.5,12.0,28.4,14.0,0.6,0.6,0.6,-15.1,-2.9,18.1,-0.4,12.0,17.6,14.0,0.6,0.6,0.6,22.5,462.5,2146.5,1103.0,14.0,1262.5,14.0,0.5,0.7,0.6,25.0,460.0,2145.0,1105.0,14.0,1265.0,14.0,0.5,0.7,0.6
1974,2,227.0,38.0,10.84,12.1,13.3,12.08,4.0,1.42,14.0,0.3,0.9,0.3,9.63,10.0,13.06,11.06,5.0,1.97,12.0,0.2,0.7,0.3,5.7,6.24,6.69,6.2,4.0,0.62,14.0,0.3,0.9,0.3,66.0,76.1,83.8,75.0,4.0,11.6,14.0,0.3,0.3,2.92,7.7,11.57,7.2,5.0,5.11,12.0,0.2,0.7,0.3,-7.69,-2.96,4.64,-1.39,5.0,8.83,12.0,0.2,0.7,0.3,-4.04,-2.24,0.0,-2.14,5.0,2.18,12.0,0.2,0.7,0.3,1021.43,1026.2,1032.86,1027.1,4.0,8.27,14.0,0.3,0.9,0.3,5.9,7.0,8.0,6.8,5.0,1.6,12.0,0.2,0.7,0.3,-71.4,-13.6,59.8,-2.4,5.0,103.3,12.0,0.2,0.7,0.3,-32.3,-16.2,0.0,-16.6,5.0,17.1,12.0,0.2,0.7,0.3,0.14,0.55,0.86,0.5,4.0,0.47,14.0,0.3,0.9,0.3,-0.7,0.9,6.5,2.8,4.0,5.5,14.0,0.3,0.9,0.3,1.65,2.24,3.25,2.44,4.0,1.05,14.0,0.3,0.9,0.3,7.5,16.7,26.0,16.7,4.0,13.7,14.0,0.3,0.9,0.3,-73.1,-37.8,62.6,-5.5,5.0,106.3,12.0,0.2,0.7,0.3,-44.7,-30.2,0.0,-24.0,5.0,22.7,12.0,0.2,0.7,0.3,-44.3,-8.0,45.8,0.3,4.0,65.3,14.0,0.3,0.9,0.3,-17.4,-7.7,0.0,-8.6,4.0,10.1,14.0,0.3,0.9,0.3,-13.6,-5.7,17.3,1.5,4.0,22.0,14.0,0.3,0.9,0.3,-9.9,-2.9,0.0,-4.8,4.0,6.4,14.0,0.3,0.9,0.3,62.0,456.5,1583.5,792.0,5.0,905.0,12.0,0.2,0.7,0.3,60.0,455.0,1585.0,790.0,5.0,905.0,12.0,0.2,0.7,0.3
1974,2,227.0,39.0,11.05,11.4,12.38,11.7,4.0,0.92,10.0,0.8,0.4,0.5,9.9,11.05,11.57,10.75,4.0,1.31,10.0,0.8,0.4,0.5,5.65,6.31,6.81,6.24,4.0,0.71,10.0,0.8,0.4,0.5,71.3,81.3,86.5,79.0,4.0,9.6,10.0,0.8,0.5,5.03,7.95,9.3,7.2,4.0,3.27,10.0,0.8,0.4,0.5,-2.02,4.98,8.74,3.43,4.0,6.97,10.0,0.8,0.4,0.5,-4.27,-1.11,2.09,-1.09,4.0,3.73,10.0,0.8,0.4,0.5,1014.21,1025.25,1033.77,1024.05,4.0,11.65,10.0,0.8,0.4,0.5,6.5,7.5,8.0,7.3,4.0,1.0,10.0,0.8,0.4,0.5,-21.0,34.5,82.3,30.8,4.0,63.8,10.0,0.8,0.4,0.5,-37.2,-16.5,13.7,-12.0,4.0,30.2,10.0,0.8,0.4,0.5,-0.52,1.0,2.42,0.95,4.0,1.75,10.0,0.8,0.4,0.5,-5.4,3.6,12.1,3.3,4.0,11.3,10.0,0.8,0.4,0.5,1.26,1.95,3.17,2.2,4.0,1.24,10.0,0.8,0.4,0.5,7.1,11.8,23.9,15.4,4.0,11.6,10.0,0.8,0.4,0.5,-24.8,52.4,101.2,38.9,4.0,80.2,10.0,0.8,0.4,0.5,-48.9,-15.4,21.7,-13.7,4.0,41.4,10.0,0.8,0.4,0.5,-15.1,27.4,53.5,19.5,4.0,45.5,10.0,0.8,0.4,0.5,-29.2,-7.9,11.6,-8.8,4.0,23.9,10.0,0.8,0.4,0.5,-0.7,9.9,22.5,10.9,4.0,15.2,10.0,0.8,0.4,0.5,-5.2,-1.1,7.2,0.9,4.0,7.7,10.0,0.8,0.4,0.5,226.5,504.0,835.0,529.5,4.0,441.5,10.0,0.8,0.4,0.5,225.0,505.0,835.0,530.0,4.0,440.0,10.0,0.8,0.4,0.5
1974,2,227.0,41.0,10.16,10.5,10.84,10.5,2.0,0.71,12.0,0.5,0.3,0.6,9.66,10.0,13.41,11.5,3.0,3.04,14.0,0.3,0.5,0.6,8.91,8.91,8.91,8.91,1.0,0.0,4.0,1.0,0.4,0.7,86.1,86.1,86.1,86.1,1.0,0.0,4.0,1.0,0.7,8.36,8.7,13.61,10.93,3.0,4.31,14.0,0.3,0.5,0.6,-0.04,6.28,10.31,5.16,3.0,7.64,14.0,0.3,0.5,0.6,-3.91,5.27,8.65,2.44,3.0,9.52,14.0,0.3,0.5,0.6,1020.95,1023.0,1030.85,1025.83,3.0,7.65,14.0,0.3,0.5,0.6,2.3,3.0,6.4,4.3,3.0,3.2,14.0,0.3,0.5,0.6,-1.3,51.5,148.5,73.1,3.0,111.4,14.0,0.3,0.5,0.6,-34.8,43.2,124.6,44.9,3.0,116.8,14.0,0.3,0.5,0.6,-3.97,-1.75,0.47,-1.75,2.0,4.6,12.0,0.5,0.3,0.6,-32.8,-9.8,13.2,-9.8,2.0,47.6,12.0,0.5,0.3,0.6,-1.47,-1.47,-1.47,-1.47,1.0,0.0,4.0,1.0,0.4,0.7,-12.8,-12.8,-12.8,-12.8,1.0,0.0,4.0,1.0,0.4,0.7,-10.5,62.8,98.9,44.6,3.0,81.7,14.0,0.3,0.5,0.6,-67.0,52.7,83.0,9.1,3.0,116.2,14.0,0.3,0.5,0.6,-26.5,-26.5,-26.5,-26.5,1.0,0.0,4.0,1.0,0.4,0.7,-72.9,-72.9,-72.9,-72.9,1.0,0.0,4.0,1.0,0.4,0.7,4.4,4.4,4.4,4.4,1.0,0.0,4.0,1.0,0.4,0.7,12.0,12.0,12.0,12.0,1.0,0.0,4.0,1.0,0.4,0.7,585.5,658.5,2953.0,1743.0,3.0,1972.0,14.0,0.3,0.5,0.6,585.0,660.0,2955.0,1745.0,3.0,1970.0,14.0,0.3,0.5,0.6
1974,2,227.0,42.0,12.55,13.3,13.37,12.97,3.0,0.67,20.0,0.7,0.5,0.5,7.88,10.0,11.15,9.4,7.0,2.19,20.0,0.6,0.5,0.5,6.6,7.6,7.87,7.26,5.0,1.02,20.0,0.8,0.5,0.4,91.1,100.0,100.0,96.1,5.0,5.8,20.0,0.8,0.4,11.73,12.9,23.22,15.64,7.0,6.11,20.0,0.6,0.5,0.5,-0.42,4.01,12.32,4.34,7.0,7.93,20.0,0.6,0.5,0.5,-0.11,11.8,22.82,10.24,7.0,10.76,20.0,0.6,0.5,0.5,1001.33,1013.0,1021.38,1012.9,7.0,10.26,20.0,0.6,0.5,0.5,6.0,6.5,7.5,6.8,4.0,1.0,20.0,0.5,0.6,0.5,-10.8,92.7,151.9,40.9,7.0,134.5,20.0,0.6,0.5,0.5,-1.4,139.2,530.1,207.8,7.0,262.0,20.0,0.6,0.5,0.5,2.58,3.4,5.65,4.1,3.0,2.33,20.0,0.7,0.5,0.5,62.1,86.4,87.1,74.9,3.0,20.8,20.0,0.7,0.5,0.5,1.67,2.45,2.97,2.32,3.0,0.96,20.0,0.7,0.5,0.5,33.6,41.4,56.2,44.8,3.0,16.7,20.0,0.7,0.5,0.5,-4.2,44.5,91.6,30.9,7.0,65.7,20.0,0.6,0.5,0.5,-0.6,134.0,242.0,110.8,7.0,112.0,20.0,0.6,0.5,0.5,-23.1,0.0,47.0,8.2,5.0,49.5,20.0,0.8,0.5,0.4,52.3,102.1,179.1,108.3,5.0,80.2,20.0,0.8,0.5,0.4,-13.1,5.2,29.5,8.2,3.0,31.3,20.0,0.7,0.5,0.5,4.5,29.6,49.8,27.2,3.0,33.3,20.0,0.7,0.5,0.5,1616.5,2146.5,12548.5,5493.0,7.0,6411.5,20.0,0.6,0.5,0.5,1615.0,2145.0,12550.0,5495.0,7.0,6410.0,20.0,0.6,0.5,0.5
1974,2,227.0,43.0,10.63,12.0,13.71,12.17,3.0,2.25,20.0,0.7,0.6,0.1,5.82,7.7,8.95,7.4,4.0,1.87,22.0,0.5,0.6,0.2,4.81,5.56,5.85,5.34,3.0,0.78,20.0,0.7,0.6,0.1,83.4,84.9,88.5,85.9,3.0,3.8,20.0,0.7,0.1,9.46,10.8,12.66,11.05,4.0,2.18,22.0,0.5,0.6,0.2,8.19,10.02,12.47,10.32,4.0,2.69,22.0,0.5,0.6,0.2,-3.85,-0.23,3.21,-0.31,4.0,4.27,22.0,0.5,0.6,0.2,991.95,1007.3,1020.03,1006.05,4.0,17.88,22.0,0.5,0.6,0.2,3.5,6.0,8.0,5.8,4.0,2.6,22.0,0.5,0.6,0.2,78.1,108.8,159.6,118.4,4.0,53.9,22.0,0.5,0.6,0.2,-43.8,-5.7,30.4,-6.6,4.0,43.5,22.0,0.5,0.6,0.2,2.91,6.8,7.62,5.3,3.0,3.69,20.0,0.7,0.6,0.1,28.8,70.0,98.1,63.6,3.0,51.1,20.0,0.7,0.6,0.1,2.41,4.12,4.71,3.57,3.0,1.75,20.0,0.7,0.6,0.1,23.0,42.4,60.8,41.9,3.0,27.6,20.0,0.7,0.6,0.1,56.2,78.0,94.8,75.6,4.0,23.9,22.0,0.5,0.6,0.2,-21.5,1.0,28.7,3.5,4.0,30.1,22.0,0.5,0.6,0.2,41.5,45.1,66.2,53.7,3.0,19.6,20.0,0.7,0.6,0.1,-20.0,-13.4,13.5,-3.5,3.0,26.0,20.0,0.7,0.6,0.1,19.9,36.7,58.3,39.0,3.0,28.1,20.0,0.7,0.6,0.1,-18.3,-12.0,1.0,-8.7,3.0,14.4,20.0,0.7,0.6,0.1,865.0,1268.0,2094.0,1470.0,4.0,871.5,22.0,0.5,0.6,0.2,865.0,1270.0,2095.0,1470.0,4.0,870.0,22.0,0.5,0.6,0.2
1974,2,227.0,44.0,7.89,10.0,15.0,10.56,7.0,3.61,12.0,0.4,0.6,0.7,7.95,9.0,11.72,9.41,7.0,1.88,12.0,0.4,0.6,0.7,5.59,5.98,6.55,6.19,7.0,0.95,12.0,0.4,0.6,0.7,74.9,83.7,93.3,85.6,7.0,10.0,12.0,0.4,0.7,3.46,6.95,12.42,7.37,6.0,4.85,14.0,0.5,0.5,0.7,-2.04,1.77,8.08,2.46,6.0,5.29,14.0,0.5,0.5,0.7,-2.01,1.84,9.98,3.25,6.0,6.38,14.0,0.5,0.5,0.7,1018.47,1026.9,1038.07,1026.3,7.0,11.05,12.0,0.4,0.6,0.7,8.0,8.0,8.0,7.9,7.0,0.4,12.0,0.4,0.6,0.7,-9.0,28.0,84.6,35.3,6.0,49.3,14.0,0.5,0.5,0.7,-8.7,15.0,124.3,46.1,6.0,72.7,14.0,0.5,0.5,0.7,-0.24,0.5,3.43,1.14,7.0,2.83,12.0,0.4,0.6,0.7,-1.6,2.9,16.6,10.6,6.0,22.4,14.0,0.5,0.5,0.7,0.12,0.87,4.36,1.79,7.0,2.13,12.0,0.4,0.6,0.7,0.4,5.5,26.0,13.3,6.0,18.8,14.0,0.5,0.5,0.7,-15.1,17.2,82.2,27.8,6.0,52.1,14.0,0.5,0.5,0.7,-15.1,16.5,114.2,36.8,6.0,63.3,14.0,0.5,0.5,0.7,-12.1,10.7,50.0,16.4,6.0,35.0,14.0,0.5,0.5,0.7,-12.2,9.8,73.4,22.6,6.0,42.6,14.0,0.5,0.5,0.7,-0.7,2.3,14.9,9.2,6.0,18.1,14.0,0.5,0.5,0.7,-0.9,2.6,17.1,6.1,6.0,9.5,14.0,0.5,0.5,0.7,55.0,451.0,1920.0,830.0,6.0,959.0,14.0,0.5,0.5,0.7,55.0,450.0,1920.0,830.0,6.0,960.0,14.0,0.5,0.5,0.7
1974,2,227.0,45.0,7.53,9.0,9.87,8.63,9.0,1.32,16.0,0.8,0.5,0.5,7.43,8.25,10.29,8.62,10.0,1.52,16.0,0.7,0.4,0.5,4.01,5.66,6.94,5.48,9.0,1.32,16.0,0.8,0.5,0.5,64.4,82.8,88.0,78.0,9.0,12.8,16.0,0.8,0.5,3.64,8.7,17.37,10.17,9.0,7.09,16.0,0.7,0.4,0.5,0.54,5.83,8.7,5.87,9.0,5.43,16.0,0.7,0.4,0.5,0.0,2.37,14.72,6.11,9.0,7.5,16.0,0.7,0.4,0.5,1001.13,1011.0,1033.0,1015.67,10.0,14.31,16.0,0.7,0.4,0.5,5.2,8.0,8.0,7.0,8.0,1.6,16.0,0.6,0.4,0.5,1.7,70.9,146.9,83.9,9.0,95.1,16.0,0.7,0.4,0.5,0.0,13.1,246.2,94.5,9.0,140.0,16.0,0.7,0.4,0.5,-1.15,0.0,1.29,-0.06,9.0,1.73,16.0,0.8,0.5,0.5,-14.0,-1.5,2.8,-9.8,8.0,24.3,14.0,0.8,0.5,0.5,0.57,1.53,2.7,1.45,9.0,1.28,16.0,0.8,0.5,0.5,0.5,9.7,15.3,6.1,8.0,12.8,14.0,0.8,0.5,0.5,4.6,54.2,86.9,53.6,9.0,45.9,16.0,0.7,0.4,0.5,0.0,20.2,145.5,58.9,9.0,75.6,16.0,0.7,0.4,0.5,1.3,28.7,49.7,27.2,8.0,23.3,14.0,0.8,0.5,0.5,0.9,18.9,97.8,45.2,8.0,54.2,14.0,0.8,0.5,0.5,-2.3,2.6,12.1,3.9,8.0,7.8,14.0,0.8,0.5,0.5,-2.0,4.7,12.5,2.5,8.0,11.0,14.0,0.8,0.5,0.5,57.5,658.5,5239.0,2414.5,9.0,2846.0,16.0,0.7,0.4,0.5,60.0,660.0,5240.0,2415.0,9.0,2845.0,16.0,0.7,0.4,0.5
1974,2,227.0,46.0,6.5,7.85,8.99,7.73,8.0,1.2,10.0,0.5,0.4,0.5,4.54,8.0,9.37,7.26,9.0,2.32,12.0,0.4,0.5,0.4,3.73,5.4,6.45,5.2,9.0,1.29,12.0,0.4,0.5,0.4,70.6,75.0,96.2,81.1,9.0,12.1,12.0,0.4,0.4,8.13,12.9,16.2,12.12,9.0,4.03,12.0,0.4,0.5,0.4,0.0,7.58,11.8,6.29,9.0,5.99,12.0,0.4,0.5,0.4,-5.41,6.45,8.87,3.58,9.0,9.31,12.0,0.4,0.5,0.4,1004.75,1013.1,1019.29,1013.81,9.0,11.05,12.0,0.4,0.5,0.4,6.0,8.0,8.0,6.7,9.0,2.0,12.0,0.4,0.5,0.4,0.0,93.1,161.1,93.3,9.0,83.2,12.0,0.4,0.5,0.4,-71.8,81.1,93.9,38.1,9.0,138.6,12.0,0.4,0.5,0.4,-2.59,-0.7,4.67,0.31,8.0,3.31,10.0,0.5,0.4,0.5,-37.1,-6.5,53.6,4.3,8.0,44.9,10.0,0.5,0.4,0.5,-0.12,1.06,3.35,1.2,8.0,1.72,10.0,0.5,0.4,0.5,-1.9,7.2,38.8,13.4,8.0,25.1,10.0,0.5,0.4,0.5,0.0,33.0,97.0,43.7,9.0,46.8,12.0,0.4,0.5,0.4,-19.3,42.1,80.5,41.9,9.0,60.1,12.0,0.4,0.5,0.4,0.0,29.1,58.5,32.6,9.0,34.5,12.0,0.4,0.5,0.4,-17.5,35.1,51.1,27.5,9.0,47.2,12.0,0.4,0.5,0.4,-3.9,0.0,24.6,6.1,8.0,14.0,10.0,0.5,0.4,0.5,-30.6,-0.4,6.8,-9.8,8.0,22.0,10.0,0.5,0.4,0.5,550.5,2146.5,4265.5,2278.5,9.0,1672.5,12.0,0.4,0.5,0.4,550.0,2145.0,4265.0,2280.0,9.0,1670.0,12.0,0.4,0.5,0.4
1974,2,227.0,47.0,6.86,7.0,8.46,7.39,17.0,1.03,14.0,0.4,0.5,0.4,5.09,7.5,8.83,6.84,21.0,2.06,14.0,0.4,0.5,0.4,4.51,5.19,5.92,5.2,16.0,0.85,12.0,0.4,0.5,0.4,75.7,81.2,92.5,83.1,16.0,8.5,12.0,0.4,0.4,2.69,5.1,14.69,8.0,21.0,5.9,14.0,0.4,0.5,0.4,1.32,3.1,10.47,4.42,21.0,5.69,14.0,0.4,0.5,0.4,-1.34,3.05,7.25,2.39,21.0,6.57,14.0,0.4,0.5,0.4,1001.77,1009.0,1035.63,1014.7,21.0,15.72,14.0,0.4,0.5,0.4,2.9,8.0,8.0,6.3,19.0,2.4,14.0,0.4,0.5,0.4,3.4,11.7,119.7,56.9,21.0,100.0,14.0,0.4,0.5,0.4,-3.3,9.5,65.3,25.4,21.0,109.8,14.0,0.4,0.5,0.4,-1.84,-0.5,2.91,0.29,17.0,2.51,14.0,0.4,0.5,0.4,-10.4,-1.3,10.6,-1.9,17.0,22.0,14.0,0.4,0.5,0.4,0.12,1.01,2.49,1.2,16.0,1.14,12.0,0.4,0.5,0.4,0.7,4.2,11.4,6.7,16.0,8.9,12.0,0.4,0.5,0.4,6.4,16.9,52.3,31.0,21.0,42.5,14.0,0.4,0.5,0.4,-9.5,21.4,48.9,18.9,21.0,43.2,14.0,0.4,0.5,0.4,4.4,9.5,37.0,17.0,16.0,27.9,12.0,0.4,0.5,0.4,-4.7,13.1,25.7,15.1,16.0,24.5,12.0,0.4,0.5,0.4,0.1,0.8,4.3,2.0,16.0,9.1,12.0,0.4,0.5,0.4,-0.5,0.6,6.8,2.5,16.0,5.8,12.0,0.4,0.5,0.4,19.5,132.5,3268.0,1475.0,21.0,2516.0,14.0,0.4,0.5,0.4,20.0,135.0,3270.0,1475.0,21.0,2515.0,14.0,0.4,0.5,0.4
1974,2,227.0,48.0,6.22,7.8,8.48,7.28,5.0,1.9,12.0,0.6,0.5,0.3,4.76,6.0,7.11,5.9,5.0,1.71,12.0,0.6,0.5,0.3,3.86,5.01,5.31,4.63,5.0,0.86,12.0,0.6,0.5,0.3,73.6,85.8,86.2,80.1,5.0,10.8,12.0,0.6,0.3,6.2,10.3,15.8,10.92,5.0,4.9,12.0,0.6,0.5,0.3,5.9,10.3,15.29,10.51,5.0,4.79,12.0,0.6,0.5,0.3,-3.76,0.0,1.13,-1.04,5.0,3.28,12.0,0.6,0.5,0.3,999.44,1013.0,1022.87,1012.16,5.0,17.18,12.0,0.6,0.5,0.3,2.9,6.0,8.0,5.4,5.0,3.0,12.0,0.6,0.5,0.3,36.6,106.1,241.7,133.4,5.0,105.8,12.0,0.6,0.5,0.3,-60.1,0.0,7.0,-23.0,5.0,45.0,12.0,0.6,0.5,0.3,-1.05,1.2,3.86,1.38,5.0,2.8,12.0,0.6,0.5,0.3,-7.8,19.8,40.7,19.8,5.0,35.1,12.0,0.6,0.5,0.3,0.7,1.41,2.94,1.73,5.0,1.34,12.0,0.6,0.5,0.3,7.1,21.6,29.5,19.3,5.0,14.9,12.0,0.6,0.5,0.3,34.6,50.0,89.7,60.4,5.0,30.9,12.0,0.6,0.5,0.3,-19.2,0.0,6.3,-5.7,5.0,20.0,12.0,0.6,0.5,0.3,26.3,55.2,69.9,49.8,5.0,25.5,12.0,0.6,0.5,0.3,-17.9,0.0,3.8,-6.1,5.0,15.3,12.0,0.6,0.5,0.3,7.1,18.7,28.4,18.3,5.0,14.6,12.0,0.6,0.5,0.3,-7.3,0.0,3.9,-0.8,5.0,7.5,12.0,0.6,0.5,0.3,238.5,1092.5,3959.0,1943.0,5.0,1997.0,12.0,0.6,0.5,0.3,240.0,1095.0,3960.0,1945.0,5.0,1995.0,12.0,0.6,0.5,0.3
1974,2,227.0,49.0,6.5,6.7,7.87,7.03,9.0,0.72,12.0,0.6,0.5,0.3,4.91,6.2,9.07,6.87,10.0,2.12,14.0,0.6,0.5,0.4,4.54,5.06,5.49,5.04,7.0,0.91,12.0,0.6,0.4,0.3,80.2,84.6,87.9,83.5,7.0,8.1,12.0,0.6,0.3,6.09,9.8,11.87,9.08,10.0,2.92,14.0,0.6,0.5,0.4,-1.17,3.61,9.13,3.04,10.0,6.57,14.0,0.6,0.5,0.4,-4.06,2.31,8.99,1.82,10.0,6.56,14.0,0.6,0.5,0.4,1005.28,1011.9,1023.4,1014.07,10.0,10.67,14.0,0.6,0.5,0.4,2.0,5.0,7.6,4.7,10.0,2.7,14.0,0.6,0.5,0.4,-4.8,23.9,101.1,29.7,10.0,73.4,14.0,0.6,0.5,0.4,-42.3,10.6,84.5,15.3,10.0,70.0,14.0,0.6,0.5,0.4,-0.5,0.5,1.94,0.51,9.0,1.47,12.0,0.6,0.5,0.3,-5.5,3.9,15.9,6.0,9.0,14.1,12.0,0.6,0.5,0.3,0.92,1.07,1.45,1.17,7.0,0.68,12.0,0.6,0.4,0.3,8.6,11.9,15.3,10.7,7.0,4.7,12.0,0.6,0.4,0.3,-11.7,20.8,50.7,13.5,10.0,45.6,14.0,0.6,0.5,0.4,-28.3,18.8,56.1,15.6,10.0,43.6,14.0,0.6,0.5,0.4,-2.8,12.1,44.8,11.2,7.0,37.5,12.0,0.6,0.4,0.3,-16.3,21.0,57.8,20.8,7.0,34.4,12.0,0.6,0.4,0.3,-0.5,3.0,11.3,3.8,7.0,8.8,12.0,0.6,0.4,0.3,-3.1,2.7,8.7,3.7,7.0,6.8,12.0,0.6,0.4,0.3,225.5,948.5,1682.0,948.5,10.0,687.5,14.0,0.6,0.5,0.4,225.0,950.0,1680.0,950.0,10.0,685.0,14.0,0.6,0.5,0.4
1974,2,227.0,50.0,6.51,7.0,8.47,7.53,14.0,1.51,12.0,0.4,0.5,0.4,4.77,6.0,7.0,6.08,15.0,1.24,12.0,0.4,0.5,0.4,4.66,5.0,5.54,5.08,12.0,0.71,12.0,0.5,0.5,0.4,80.6,85.8,92.7,85.7,12.0,7.2,12.0,0.5,0.4,7.23,8.45,15.31,10.46,14.0,4.27,10.0,0.4,0.5,0.4,1.4,4.35,8.55,4.97,14.0,3.98,10.0,0.4,0.5,0.4,2.13,5.32,8.67,5.29,14.0,7.97,10.0,0.4,0.5,0.4,1002.8,1009.0,1020.11,1011.57,15.0,11.09,12.0,0.4,0.5,0.4,5.7,7.0,8.0,6.5,12.0,2.3,14.0,0.5,0.5,0.4,10.6,42.6,74.2,51.0,14.0,55.3,10.0,0.4,0.5,0.4,22.9,40.1,116.2,57.0,14.0,138.9,10.0,0.4,0.5,0.4,-0.39,1.95,2.49,1.44,14.0,1.99,12.0,0.4,0.5,0.4,-4.9,16.4,33.6,14.2,13.0,21.6,12.0,0.5,0.5,0.4,0.65,1.47,2.6,1.49,12.0,1.04,12.0,0.5,0.5,0.4,4.5,14.8,27.4,15.3,12.0,10.7,12.0,0.5,0.5,0.4,9.6,24.3,47.8,31.1,14.0,29.3,10.0,0.4,0.5,0.4,10.2,35.9,64.7,37.0,14.0,44.8,10.0,0.4,0.5,0.4,5.0,21.2,40.2,25.6,12.0,23.9,12.0,0.5,0.5,0.4,5.2,31.4,56.4,29.4,12.0,44.7,12.0,0.5,0.5,0.4,0.0,3.6,14.3,7.2,12.0,9.4,12.0,0.5,0.5,0.4,-0.5,7.0,17.9,7.5,12.0,12.7,12.0,0.5,0.5,0.4,378.5,605.0,3591.5,1743.0,14.0,2175.0,10.0,0.4,0.5,0.4,380.0,605.0,3590.0,1745.0,14.0,2175.0,10.0,0.4,0.5,0.4
1974,2,227.0,51.0,5.18,6.5,7.54,6.22,15.0,1.49,14.0,0.3,0.6,0.4,3.94,5.6,6.81,5.59,16.0,1.76,14.0,0.4,0.6,0.4,3.73,4.36,5.03,4.53,13.0,0.89,14.0,0.4,0.6,0.4,70.2,82.0,85.8,79.6,13.0,8.5,14.0,0.4,0.4,6.5,9.3,11.91,8.87,16.0,3.89,14.0,0.4,0.6,0.4,0.0,4.62,6.6,4.0,16.0,3.6,14.0,0.4,0.6,0.4,0.0,5.8,10.24,5.37,16.0,6.19,14.0,0.4,0.6,0.4,998.83,1010.0,1029.85,1013.16,16.0,14.07,14.0,0.4,0.6,0.4,4.1,7.5,8.0,6.4,14.0,2.1,14.0,0.4,0.6,0.3,0.0,29.5,76.3,38.0,16.0,43.2,14.0,0.4,0.6,0.4,0.0,41.2,105.5,59.6,16.0,85.9,14.0,0.4,0.6,0.4,-1.16,0.5,2.28,0.72,15.0,2.07,14.0,0.3,0.6,0.4,-13.3,0.0,22.2,4.6,15.0,20.1,14.0,0.3,0.6,0.4,0.48,1.69,2.23,1.41,13.0,0.99,14.0,0.4,0.6,0.4,0.8,10.8,21.2,11.9,13.0,11.1,14.0,0.4,0.6,0.4,0.0,25.2,38.5,22.0,16.0,20.9,14.0,0.4,0.6,0.4,0.0,30.4,62.3,29.3,16.0,35.7,14.0,0.4,0.6,0.4,0.0,21.5,33.4,18.5,13.0,16.5,14.0,0.4,0.6,0.4,-1.7,17.4,57.1,22.7,13.0,28.8,14.0,0.4,0.6,0.4,0.0,6.5,17.2,7.6,13.0,8.6,14.0,0.4,0.6,0.4,-4.3,2.4,17.6,4.2,13.0,11.0,14.0,0.4,0.6,0.4,278.0,804.5,1745.5,1075.0,16.0,1311.0,14.0,0.4,0.6,0.4,280.0,805.0,1745.0,1075.0,16.0,1310.0,14.0,0.4,0.6,0.4
1974,2,227.0,52.0,7.1,7.45,7.72,7.38,6.0,0.41,22.0,0.8,0.6,0.3,3.3,4.15,5.83,4.53,6.0,1.36,22.0,0.8,0.6,0.3,3.02,4.33,4.55,3.9,5.0,0.84,20.0,0.8,0.5,0.4,56.5,77.2,91.0,74.3,5.0,17.7,20.0,0.8,0.4,5.56,10.3,10.51,8.58,6.0,3.22,22.0,0.8,0.6,0.3,4.62,6.62,9.27,6.43,6.0,3.62,22.0,0.8,0.6,0.3,-2.32,4.51,7.89,3.26,6.0,4.82,22.0,0.8,0.6,0.3,994.68,1002.5,1009.77,1001.58,6.0,10.27,22.0,0.8,0.6,0.3,3.8,4.5,5.4,4.7,6.0,1.4,22.0,0.8,0.6,0.3,28.7,68.2,97.7,64.1,6.0,42.0,22.0,0.8,0.6,0.3,-10.3,48.4,81.3,39.4,6.0,42.1,22.0,0.8,0.6,0.3,1.87,3.3,3.59,2.85,6.0,1.29,22.0,0.8,0.6,0.3,8.9,28.3,37.8,25.7,6.0,16.8,22.0,0.8,0.6,0.3,1.68,2.13,3.47,2.49,5.0,0.93,20.0,0.8,0.5,0.4,14.9,24.0,35.7,24.7,5.0,11.4,20.0,0.8,0.5,0.4,20.5,32.2,37.5,27.7,6.0,14.5,22.0,0.8,0.6,0.3,-13.8,14.9,33.5,12.8,6.0,23.5,22.0,0.8,0.6,0.3,20.0,27.4,42.1,30.6,5.0,11.9,20.0,0.8,0.5,0.4,7.0,23.0,23.5,15.4,5.0,14.5,20.0,0.8,0.5,0.4,13.2,22.6,23.0,18.7,5.0,6.1,20.0,0.8,0.5,0.4,3.9,8.8,27.4,13.7,5.0,13.5,20.0,0.8,0.5,0.4,195.5,1092.5,1165.0,831.5,6.0,561.0,22.0,0.8,0.6,0.3,195.0,1095.0,1165.0,830.0,6.0,560.0,22.0,0.8,0.6,0.3
1974,2,227.0,54.0,5.1,5.75,6.4,5.75,2.0,1.34,18.0,0.0,0.9,0.4,4.38,5.2,5.47,4.93,3.0,0.83,16.0,0.3,0.8,0.4,4.8,4.93,5.06,4.93,2.0,0.27,18.0,0.0,0.9,0.4,84.2,87.4,90.5,87.4,2.0,6.5,18.0,0.0,0.4,1.46,4.6,4.94,3.23,3.0,2.81,16.0,0.3,0.8,0.4,-3.27,0.0,2.95,-0.16,3.0,4.56,16.0,0.3,0.8,0.4,-1.07,0.0,1.19,0.06,3.0,1.66,16.0,0.3,0.8,0.4,994.72,995.2,1005.99,1000.23,3.0,9.33,16.0,0.3,0.8,0.4,2.6,4.0,5.4,4.0,2.0,2.8,18.0,0.0,0.9,0.4,-16.7,0.0,13.6,-1.5,3.0,22.2,16.0,0.3,0.8,0.4,-4.9,0.0,6.1,0.6,3.0,8.1,16.0,0.3,0.8,0.4,-0.16,0.35,0.86,0.35,2.0,1.06,18.0,0.0,0.9,0.4,-0.7,1.9,4.4,1.9,2.0,5.3,18.0,0.0,0.9,0.4,0.48,0.87,1.26,0.87,2.0,0.81,18.0,0.0,0.9,0.4,2.3,4.4,6.4,4.4,2.0,4.2,18.0,0.0,0.9,0.4,-18.3,0.0,15.3,-1.5,3.0,24.7,16.0,0.3,0.8,0.4,-5.6,0.0,6.7,0.5,3.0,9.0,16.0,0.3,0.8,0.4,-15.6,-0.3,15.0,-0.3,2.0,31.7,18.0,0.0,0.9,0.4,-5.5,0.1,5.7,0.1,2.0,11.5,18.0,0.0,0.9,0.4,-5.6,-2.8,0.0,-2.8,2.0,5.8,18.0,0.0,0.9,0.4,0.0,1.0,2.0,1.0,2.0,2.1,18.0,0.0,0.9,0.4,31.0,97.5,121.5,76.5,3.0,68.5,16.0,0.3,0.8,0.4,30.0,95.0,120.0,75.0,3.0,70.0,16.0,0.3,0.8,0.4
1974,2,227.0,56.0,,,,,,,,,,,,,,,,,,,,,,,,,,,,,,,,,,,,,,,,3.1,3.1,3.1,3.1,1.0,0.0,14.0,0.0,0.3,0.2,-1.99,-1.99,-1.99,-1.99,1.0,0.0,14.0,0.0,0.3,0.2,2.37,2.37,2.37,2.37,1.0,0.0,14.0,0.0,0.3,0.2,990.2,990.2,990.2,990.2,1.0,0.0,14.0,0.0,0.3,0.2,,,,,,,,,,,,,,,,,,,,,,,,,,,,,,,,,,,,,,,,,,,,,,,,,,,,,,,,,,,,,,,,,,,,,,,,,,,,,,,,,,,,,,,,,,,,,,,,,,,,,,,,,,,,,,,,,,,,,,,,,,,,,,,,,,,,,,,,,,,,,,,,,,,,,,
1974,2,228.0,-37.0,20.6,20.6,20.6,20.6,1.0,0.0,22.0,0.0,0.1,0.8,22.5,22.5,22.5,22.5,1.0,0.0,22.0,0.0,0.1,0.8,16.13,16.13,16.13,16.13,1.0,0.0,22.0,0.0,0.1,0.8,95.8,95.8,95.8,95.8,1.0,0.0,22.0,0.0,0.8,5.1,5.1,5.1,5.1,1.0,0.0,22.0,0.0,0.1,0.8,4.42,4.42,4.42,4.42,1.0,0.0,22.0,0.0,0.1,0.8,-2.55,-2.55,-2.55,-2.55,1.0,0.0,22.0,0.0,0.1,0.8,1021.3,1021.3,1021.3,1021.3,1.0,0.0,22.0,0.0,0.1,0.8,2.0,2.0,2.0,2.0,1.0,0.0,22.0,0.0,0.1,0.8,22.5,22.5,22.5,22.5,1.0,0.0,22.0,0.0,0.1,0.8,-13.0,-13.0,-13.0,-13.0,1.0,0.0,22.0,0.0,0.1,0.8,-1.9,-1.9,-1.9,-1.9,1.0,0.0,22.0,0.0,0.1,0.8,-9.7,-9.7,-9.7,-9.7,1.0,0.0,22.0,0.0,0.1,0.8,-1.16,-1.16,-1.16,-1.16,1.0,0.0,22.0,0.0,0.1,0.8,-5.9,-5.9,-5.9,-5.9,1.0,0.0,22.0,0.0,0.1,0.8,99.4,99.4,99.4,99.4,1.0,0.0,22.0,0.0,0.1,0.8,-57.4,-57.4,-57.4,-57.4,1.0,0.0,22.0,0.0,0.1,0.8,71.2,71.2,71.2,71.2,1.0,0.0,22.0,0.0,0.1,0.8,-41.1,-41.1,-41.1,-41.1,1.0,0.0,22.0,0.0,0.1,0.8,-5.1,-5.1,-5.1,-5.1,1.0,0.0,22.0,0.0,0.1,0.8,2.9,2.9,2.9,2.9,1.0,0.0,22.0,0.0,0.1,0.8,132.5,132.5,132.5,132.5,1.0,0.0,22.0,0.0,0.1,0.8,135.0,135.0,135.0,135.0,1.0,0.0,22.0,0.0,0.1,0.8
1974,2,228.0,-35.0,23.3,23.3,23.3,23.3,1.0,0.0,2.0,0.0,0.5,0.7,23.0,23.0,23.0,23.0,1.0,0.0,2.0,0.0,0.5,0.7,15.64,15.64,15.64,15.64,1.0,0.0,2.0,0.0,0.5,0.7,90.7,90.7,90.7,90.7,1.0,0.0,2.0,0.0,0.7,4.6,4.6,4.6,4.6,1.0,0.0,2.0,0.0,0.5,0.7,-2.96,-2.96,-2.96,-2.96,1.0,0.0,2.0,0.0,0.5,0.7,-3.52,-3.52,-3.52,-3.52,1.0,0.0,2.0,0.0,0.5,0.7,1027.9,1027.9,1027.9,1027.9,1.0,0.0,2.0,0.0,0.5,0.7,1.0,1.0,1.0,1.0,1.0,0.0,2.0,0.0,0.5,0.7,-13.6,-13.6,-13.6,-13.6,1.0,0.0,2.0,0.0,0.5,0.7,-16.2,-16.2,-16.2,-16.2,1.0,0.0,2.0,0.0,0.5,0.7,0.3,0.3,0.3,0.3,1.0,0.0,2.0,0.0,0.5,0.7,1.4,1.4,1.4,1.4,1.0,0.0,2.0,0.0,0.5,0.7,1.94,1.94,1.94,1.94,1.0,0.0,2.0,0.0,0.5,0.7,8.9,8.9,8.9,8.9,1.0,0.0,2.0,0.0,0.5,0.7,-68.0,-68.0,-68.0,-68.0,1.0,0.0,2.0,0.0,0.5,0.7,-81.0,-81.0,-81.0,-81.0,1.0,0.0,2.0,0.0,0.5,0.7,-46.2,-46.2,-46.2,-46.2,1.0,0.0,2.0,0.0,0.5,0.7,-55.1,-55.1,-55.1,-55.1,1.0,0.0,2.0,0.0,0.5,0.7,-5.7,-5.7,-5.7,-5.7,1.0,0.0,2.0,0.0,0.5,0.7,-6.8,-6.8,-6.8,-6.8,1.0,0.0,2.0,0.0,0.5,0.7,97.5,97.5,97.5,97.5,1.0,0.0,2.0,0.0,0.5,0.7,95.0,95.0,95.0,95.0,1.0,0.0,2.0,0.0,0.5,0.7
1974,2,228.0,-34.0,24.0,24.0,24.0,24.0,1.0,0.0,12.0,0.0,0.9,0.9,24.0,24.0,24.0,24.0,1.0,0.0,12.0,0.0,0.9,0.9,16.95,16.95,16.95,16.95,1.0,0.0,12.0,0.0,0.9,0.9,91.9,91.9,91.9,91.9,1.0,0.0,12.0,0.0,0.9,7.2,7.2,7.2,7.2,1.0,0.0,12.0,0.0,0.9,0.9,5.52,5.52,5.52,5.52,1.0,0.0,12.0,0.0,0.9,0.9,-4.63,-4.63,-4.63,-4.63,1.0,0.0,12.0,0.0,0.9,0.9,1021.0,1021.0,1021.0,1021.0,1.0,0.0,12.0,0.0,0.9,0.9,5.0,5.0,5.0,5.0,1.0,0.0,12.0,0.0,0.9,0.9,39.7,39.7,39.7,39.7,1.0,0.0,12.0,0.0,0.9,0.9,-33.3,-33.3,-33.3,-33.3,1.0,0.0,12.0,0.0,0.9,0.9,0.0,0.0,0.0,0.0,1.0,0.0,12.0,0.0,0.9,0.9,0.0,0.0,0.0,0.0,1.0,0.0,12.0,0.0,0.9,0.9,1.51,1.51,1.51,1.51,1.0,0.0,12.0,0.0,0.9,0.9,10.9,10.9,10.9,10.9,1.0,0.0,12.0,0.0,0.9,0.9,132.4,132.4,132.4,132.4,1.0,0.0,12.0,0.0,0.9,0.9,-111.1,-111.1,-111.1,-111.1,1.0,0.0,12.0,0.0,0.9,0.9,93.5,93.5,93.5,93.5,1.0,0.0,12.0,0.0,0.9,0.9,-78.5,-78.5,-78.5,-78.5,1.0,0.0,12.0,0.0,0.9,0.9,8.4,8.4,8.4,8.4,1.0,0.0,12.0,0.0,0.9,0.9,-7.0,-7.0,-7.0,-7.0,1.0,0.0,12.0,0.0,0.9,0.9,373.0,373.0,373.0,373.0,1.0,0.0,12.0,0.0,0.9,0.9,375.0,375.0,375.0,375.0,1.0,0.0,12.0,0.0,0.9,0.9
1974,2,228.0,-32.0,24.37,25.05,25.62,25.0,4.0,0.94,14.0,0.3,0.5,0.4,22.2,23.35,24.13,23.18,4.0,1.48,14.0,0.3,0.5,0.4,14.85,15.11,15.33,15.09,4.0,0.29,14.0,0.3,0.5,0.4,80.2,85.6,92.8,86.5,4.0,9.0,14.0,0.3,0.4,4.84,5.4,6.75,5.78,4.0,1.36,14.0,0.3,0.5,0.4,-3.79,-3.15,-0.84,-2.35,4.0,2.17,14.0,0.3,0.5,0.4,-5.95,-4.45,-3.8,-4.85,4.0,1.68,14.0,0.3,0.5,0.4,1019.73,1022.0,1023.28,1021.53,4.0,2.38,14.0,0.3,0.5,0.4,2.0,4.5,7.0,4.5,4.0,3.1,14.0,0.3,0.5,0.4,-20.6,-20.1,-7.6,-14.4,4.0,12.0,14.0,0.3,0.5,0.4,-41.0,-22.9,-18.7,-29.5,4.0,17.8,14.0,0.3,0.5,0.4,0.35,1.05,3.38,1.83,4.0,2.15,14.0,0.3,0.5,0.4,1.9,7.6,18.0,9.8,4.0,10.0,14.0,0.3,0.5,0.4,3.74,4.6,5.33,4.54,4.0,1.03,14.0,0.3,0.5,0.4,21.2,27.2,30.6,26.0,4.0,6.8,14.0,0.3,0.5,0.4,-91.2,-76.1,-20.3,-56.7,4.0,51.0,14.0,0.3,0.5,0.4,-139.9,-102.2,-85.9,-112.4,4.0,39.6,14.0,0.3,0.5,0.4,-56.3,-47.3,-12.9,-35.2,4.0,32.5,14.0,0.3,0.5,0.4,-91.3,-66.8,-56.4,-73.5,4.0,26.7,14.0,0.3,0.5,0.4,-15.5,-12.0,-3.0,-9.4,4.0,9.7,14.0,0.3,0.5,0.4,-28.5,-23.7,-15.8,-22.2,4.0,8.6,14.0,0.3,0.5,0.4,114.0,159.0,327.5,218.0,4.0,163.0,14.0,0.3,0.5,0.4,115.0,160.0,325.0,220.0,4.0,165.0,14.0,0.3,0.5,0.4
1974,2,228.0,-31.0,,,,,,,,,,,,,,,,,,,,,,,,,,,,,,,,,,,,,,,,2.6,2.6,2.6,2.6,1.0,0.0,18.0,1.0,0.5,0.9,-0.45,-0.45,-0.45,-0.45,1.0,0.0,18.0,1.0,0.5,0.9,-2.56,-2.56,-2.56,-2.56,1.0,0.0,18.0,1.0,0.5,0.9,1020.8,1020.8,1020.8,1020.8,1.0,0.0,18.0,1.0,0.5,0.9,7.0,7.0,7.0,7.0,1.0,0.0,18.0,1.0,0.5,0.9,-1.2,-1.2,-1.2,-1.2,1.0,0.0,18.0,1.0,0.5,0.9,-6.7,-6.7,-6.7,-6.7,1.0,0.0,18.0,1.0,0.5,0.9,,,,,,,,,,,,,,,,,,,,,,,,,,,,,,,,,,,,,,,,,-11.3,-11.3,-11.3,-11.3,1.0,0.0,18.0,1.0,0.5,0.9,-64.0,-64.0,-64.0,-64.0,1.0,0.0,18.0,1.0,0.5,0.9,-8.3,-8.3,-8.3,-8.3,1.0,0.0,18.0,1.0,0.5,0.9,-47.3,-47.3,-47.3,-47.3,1.0,0.0,18.0,1.0,0.5,0.9,,,,,,,,,,,,,,,,,,,,,,,,,,,,,,,,,,,,,,,,
1974,2,228.0,-30.0,,,,,,,,,,,,,,,,,,,,,,,,,,,,,,,,,,,,,,,,4.0,4.0,4.0,4.0,1.0,0.0,12.0,0.0,0.2,0.1,3.06,3.06,3.06,3.06,1.0,0.0,12.0,0.0,0.2,0.1,-2.57,-2.57,-2.57,-2.57,1.0,0.0,12.0,0.0,0.2,0.1,1017.5,1017.5,1017.5,1017.5,1.0,0.0,12.0,0.0,0.2,0.1,,,,,,,,,,,,,,,,,,,,,,,,,,,,,,,,,,,,,,,,,,,,,,,,,,,,,,,,,,,,,,,,,,,,,,,,,,,,,,,,,,,,,,,,,,,,,,,,,,,,,,,,,,,,,,,,,,,,,,,,,,,,,,,,,,,,,,,,,,,,,,,,,,,,,,
1974,2,228.0,-27.0,26.05,26.15,26.25,26.15,2.0,0.21,14.0,0.5,0.8,0.8,25.71,25.95,26.19,25.95,2.0,0.49,14.0,0.5,0.8,0.8,13.25,13.27,13.29,13.27,2.0,0.04,14.0,0.5,0.8,0.8,63.1,64.1,65.2,64.1,2.0,2.2,14.0,0.5,0.8,2.76,3.1,3.44,3.1,2.0,0.71,14.0,0.5,0.8,0.8,-2.73,-2.66,-2.59,-2.66,2.0,0.14,14.0,0.5,0.8,0.8,-0.01,0.93,1.88,0.93,2.0,1.96,14.0,0.5,0.8,0.8,1019.1,1019.75,1020.4,1019.75,2.0,1.34,14.0,0.5,0.8,0.8,1.5,2.5,3.5,2.5,2.0,2.1,14.0,0.5,0.8,0.8,-9.4,-8.3,-7.2,-8.3,2.0,2.3,14.0,0.5,0.8,0.8,0.3,3.6,6.8,3.6,2.0,6.7,14.0,0.5,0.8,0.8,0.06,0.2,0.34,0.2,2.0,0.28,14.0,0.5,0.8,0.8,0.2,0.5,0.9,0.5,2.0,0.7,14.0,0.5,0.8,0.8,7.62,7.78,7.94,7.78,2.0,0.34,14.0,0.5,0.8,0.8,21.1,24.2,27.4,24.2,2.0,6.5,14.0,0.5,0.8,0.8,-71.4,-69.0,-66.7,-69.0,2.0,4.9,14.0,0.5,0.8,0.8,-0.1,24.7,49.4,24.7,2.0,51.2,14.0,0.5,0.8,0.8,-36.1,-35.3,-34.4,-35.3,2.0,1.7,14.0,0.5,0.8,0.8,-0.2,12.3,24.8,12.3,2.0,25.9,14.0,0.5,0.8,0.8,-21.7,-20.7,-19.8,-20.7,2.0,2.0,14.0,0.5,0.8,0.8,0.1,7.6,15.1,7.6,2.0,15.5,14.0,0.5,0.8,0.8,22.0,32.0,42.0,32.0,2.0,20.5,14.0,0.5,0.8,0.8,20.0,30.0,40.0,30.0,2.0,20.0,14.0,0.5,0.8,0.8
1974,2,228.0,-26.0,25.79,26.2,26.4,26.1,3.0,0.46,16.0,0.7,0.5,0.3,25.63,25.7,26.59,26.1,3.0,0.78,16.0,0.7,0.5,0.3,14.47,14.53,14.7,14.58,3.0,0.18,16.0,0.7,0.5,0.3,67.5,71.6,72.3,69.9,3.0,3.8,16.0,0.7,0.3,4.6,4.6,9.51,7.0,3.0,4.16,16.0,0.7,0.5,0.3,-9.43,-4.32,-4.09,-6.7,3.0,4.42,16.0,0.7,0.5,0.3,-1.57,0.0,1.07,-0.24,3.0,1.95,16.0,0.7,0.5,0.3,1020.3,1020.5,1021.46,1020.87,3.0,0.91,16.0,0.7,0.5,0.3,2.3,3.0,3.7,3.0,3.0,1.0,16.0,0.7,0.5,0.3,-101.4,-19.9,-18.8,-59.1,3.0,69.4,16.0,0.7,0.5,0.3,-7.2,0.0,4.9,-1.1,3.0,9.0,16.0,0.7,0.5,0.3,-0.37,-0.1,0.38,0.0,3.0,0.56,16.0,0.7,0.5,0.3,-1.7,-0.5,4.7,1.4,3.0,5.0,16.0,0.7,0.5,0.3,5.87,6.57,6.9,6.39,3.0,0.77,16.0,0.7,0.5,0.3,27.7,32.4,63.2,45.2,3.0,28.3,16.0,0.7,0.5,0.3,-243.2,-116.7,-106.9,-173.7,3.0,111.4,16.0,0.7,0.5,0.3,-40.3,0.0,29.0,-5.5,3.0,51.0,16.0,0.7,0.5,0.3,-136.8,-62.4,-60.0,-97.6,3.0,64.0,16.0,0.7,0.5,0.3,-23.2,0.0,15.5,-3.8,3.0,28.5,16.0,0.7,0.5,0.3,-62.6,-30.5,-24.7,-43.4,3.0,29.9,16.0,0.7,0.5,0.3,-8.7,0.0,7.6,-0.6,3.0,11.9,16.0,0.7,0.5,0.3,97.5,97.5,1152.5,612.5,3.0,892.5,16.0,0.7,0.5,0.3,95.0,95.0,1150.0,615.0,3.0,890.0,16.0,0.7,0.5,0.3
1974,2,228.0,-11.0,25.16,25.5,25.84,25.5,2.0,0.71,10.0,1.0,0.8,0.2,24.73,25.45,26.17,25.45,2.0,1.48,10.0,1.0,0.8,0.2,14.48,15.04,15.6,15.04,2.0,1.16,10.0,1.0,0.8,0.2,68.6,74.6,80.6,74.6,2.0,12.4,10.0,1.0,0.2,5.51,6.4,7.29,6.4,2.0,1.84,10.0,1.0,0.8,0.2,-7.0,-5.49,-3.98,-5.49,2.0,3.13,10.0,1.0,0.8,0.2,-3.29,-1.95,-0.62,-1.95,2.0,2.76,10.0,1.0,0.8,0.2,1011.01,1012.1,1013.19,1012.1,2.0,2.26,10.0,1.0,0.8,0.2,3.6,5.0,6.4,5.0,2.0,2.8,10.0,1.0,0.8,0.2,-52.5,-38.0,-23.5,-38.0,2.0,30.1,10.0,1.0,0.8,0.2,-16.8,-10.0,-3.2,-10.0,2.0,14.1,10.0,1.0,0.8,0.2,-0.33,0.05,0.43,0.05,2.0,0.78,10.0,1.0,0.8,0.2,-1.4,1.0,3.5,1.0,2.0,5.1,10.0,1.0,0.8,0.2,4.37,5.37,6.37,5.37,2.0,2.07,10.0,1.0,0.8,0.2,30.8,32.5,34.1,32.5,2.0,3.4,10.0,1.0,0.8,0.2,-171.9,-137.4,-102.9,-137.4,2.0,71.4,10.0,1.0,0.8,0.2,-87.1,-51.8,-16.4,-51.8,2.0,73.2,10.0,1.0,0.8,0.2,-110.1,-84.4,-58.6,-84.4,2.0,53.4,10.0,1.0,0.8,0.2,-46.7,-27.8,-8.8,-27.8,2.0,39.3,10.0,1.0,0.8,0.2,-28.9,-26.2,-23.6,-26.2,2.0,5.4,10.0,1.0,0.8,0.2,-22.5,-13.4,-4.2,-13.4,2.0,18.9,10.0,1.0,0.8,0.2,184.0,294.5,405.0,294.5,2.0,229.0,10.0,1.0,0.8,0.2,185.0,295.0,405.0,295.0,2.0,230.0,10.0,1.0,0.8,0.2
1974,2,228.0,-10.0,26.11,26.35,26.59,26.35,2.0,0.49,16.0,0.5,0.6,0.6,27.48,28.5,29.52,28.5,2.0,2.12,16.0,0.5,0.6,0.6,15.91,15.91,15.91,15.91,1.0,0.0,8.0,1.0,0.9,0.6,71.4,71.4,71.4,71.4,1.0,0.0,8.0,1.0,0.6,4.18,4.35,4.52,4.35,2.0,0.35,16.0,0.5,0.6,0.6,-3.96,-3.78,-3.61,-3.78,2.0,0.36,16.0,0.5,0.6,0.6,-2.37,-1.12,0.13,-1.12,2.0,2.59,16.0,0.5,0.6,0.6,1010.73,1011.65,1012.57,1011.65,2.0,1.91,16.0,0.5,0.6,0.6,1.2,1.5,1.8,1.5,2.0,0.7,16.0,0.5,0.6,0.6,-16.5,-16.4,-16.3,-16.4,2.0,0.2,16.0,0.5,0.6,0.6,-11.0,-5.3,0.3,-5.3,2.0,11.7,16.0,0.5,0.6,0.6,-3.41,-2.15,-0.89,-2.15,2.0,2.62,16.0,0.5,0.6,0.6,-15.7,-9.8,-4.0,-9.8,2.0,12.1,16.0,0.5,0.6,0.6,6.05,6.05,6.05,6.05,1.0,0.0,8.0,1.0,0.9,0.6,24.8,24.8,24.8,24.8,1.0,0.0,8.0,1.0,0.9,0.6,-108.5,-107.4,-106.2,-107.4,2.0,2.3,16.0,0.5,0.6,0.6,-71.6,-34.7,2.1,-34.7,2.0,76.3,16.0,0.5,0.6,0.6,-64.2,-64.2,-64.2,-64.2,1.0,0.0,8.0,1.0,0.9,0.6,11.3,11.3,11.3,11.3,1.0,0.0,8.0,1.0,0.9,0.6,-24.4,-24.4,-24.4,-24.4,1.0,0.0,8.0,1.0,0.9,0.6,4.3,4.3,4.3,4.3,1.0,0.0,8.0,1.0,0.9,0.6,73.5,83.0,93.0,83.0,2.0,20.0,16.0,0.5,0.6,0.6,75.0,85.0,95.0,85.0,2.0,20.0,16.0,0.5,0.6,0.6
1974,2,228.0,-8.0,25.32,26.0,26.0,25.67,3.0,0.58,16.0,0.7,0.4,0.4,25.18,26.0,27.98,26.57,3.0,2.11,16.0,0.7,0.4,0.4,16.52,18.3,20.44,18.48,3.0,2.88,16.0,0.7,0.4,0.4,82.1,85.9,86.8,84.5,3.0,3.6,16.0,0.7,0.4,5.74,8.2,8.2,7.0,3.0,2.08,16.0,0.7,0.4,0.4,-7.77,-7.1,-5.2,-6.5,3.0,1.95,16.0,0.7,0.4,0.4,1.47,1.57,3.3,2.37,3.0,1.5,16.0,0.7,0.4,0.4,1010.75,1011.5,1011.57,1011.17,3.0,0.67,16.0,0.7,0.4,0.4,1.6,3.0,3.7,2.7,3.0,1.5,16.0,0.7,0.4,0.4,-63.7,-58.2,-32.1,-48.1,3.0,24.8,16.0,0.7,0.4,0.4,8.6,11.7,26.7,17.5,3.0,14.1,16.0,0.7,0.4,0.4,-2.66,0.0,0.82,-0.9,3.0,2.67,16.0,0.7,0.4,0.4,-21.8,0.0,3.8,-8.8,3.0,20.2,16.0,0.7,0.4,0.4,-0.23,2.73,4.51,2.15,3.0,3.51,16.0,0.7,0.4,0.4,-1.9,22.4,23.9,11.2,3.0,21.2,16.0,0.7,0.4,0.4,-217.9,-184.6,-131.8,-175.1,3.0,63.6,16.0,0.7,0.4,0.4,39.7,41.2,85.8,62.3,3.0,38.4,16.0,0.7,0.4,0.4,-159.4,-130.0,-87.6,-123.6,3.0,52.9,16.0,0.7,0.4,0.4,26.5,30.5,60.9,43.4,3.0,27.5,16.0,0.7,0.4,0.4,-21.9,-19.4,2.7,-9.8,3.0,19.9,16.0,0.7,0.4,0.4,1.1,8.4,10.3,5.8,3.0,7.1,16.0,0.7,0.4,0.4,241.5,551.5,551.5,400.0,3.0,262.0,16.0,0.7,0.4,0.4,240.0,550.0,550.0,400.0,3.0,260.0,16.0,0.7,0.4,0.4
1974,2,228.0,-7.0,25.93,26.0,26.0,25.97,3.0,0.06,28.0,1.0,0.6,0.6,26.56,26.7,27.11,26.83,3.0,0.42,28.0,1.0,0.6,0.6,17.6,17.86,19.03,18.31,3.0,1.12,28.0,1.0,0.6,0.6,80.6,82.6,85.1,82.8,3.0,3.3,28.0,1.0,0.6,6.63,8.0,8.0,7.33,3.0,1.15,28.0,1.0,0.6,0.6,-7.88,-7.88,-6.53,-7.22,3.0,1.14,28.0,1.0,0.6,0.6,1.15,1.39,1.39,1.27,3.0,0.2,28.0,1.0,0.6,0.6,1009.36,1011.0,1011.2,1010.3,3.0,1.48,28.0,1.0,0.6,0.6,3.0,3.0,4.4,3.7,3.0,1.2,28.0,1.0,0.6,0.6,-63.0,-63.0,-44.2,-53.8,3.0,15.9,28.0,1.0,0.6,0.6,7.8,11.1,11.1,9.5,3.0,2.8,28.0,1.0,0.6,0.6,-1.14,-0.8,-0.6,-0.87,3.0,0.4,28.0,1.0,0.6,0.6,-9.1,-6.4,-4.1,-6.6,3.0,3.7,28.0,1.0,0.6,0.6,2.01,3.17,3.39,2.71,3.0,1.09,28.0,1.0,0.6,0.6,14.1,19.0,25.1,19.6,3.0,8.1,28.0,1.0,0.6,0.6,-213.6,-210.4,-173.7,-194.0,3.0,32.5,28.0,1.0,0.6,0.6,30.6,37.1,37.7,34.2,3.0,5.7,28.0,1.0,0.6,0.6,-149.0,-137.7,-115.8,-132.5,3.0,24.8,28.0,1.0,0.6,0.6,20.4,24.3,26.3,23.4,3.0,4.4,28.0,1.0,0.6,0.6,-24.7,-18.8,-13.8,-19.3,3.0,8.0,28.0,1.0,0.6,0.6,2.4,3.3,4.4,3.4,3.0,1.4,28.0,1.0,0.6,0.6,310.0,512.0,512.0,413.5,3.0,171.0,28.0,1.0,0.6,0.6,310.0,510.0,510.0,415.0,3.0,170.0,28.0,1.0,0.6,0.6
1974,2,228.0,-5.0,23.9,23.9,23.9,23.9,1.0,0.0,4.0,0.0,1.0,0.7,23.5,23.5,23.5,23.5,1.0,0.0,4.0,0.0,1.0,0.7,13.61,13.61,13.61,13.61,1.0,0.0,4.0,0.0,1.0,0.7,75.4,75.4,75.4,75.4,1.0,0.0,4.0,0.0,0.7,1.0,1.0,1.0,1.0,1.0,0.0,4.0,0.0,1.0,0.7,-1.0,-1.0,-1.0,-1.0,1.0,0.0,4.0,0.0,1.0,0.7,0.0,0.0,0.0,0.0,1.0,0.0,4.0,0.0,1.0,0.7,1010.0,1010.0,1010.0,1010.0,1.0,0.0,4.0,0.0,1.0,0.7,2.0,2.0,2.0,2.0,1.0,0.0,4.0,0.0,1.0,0.7,-1.0,-1.0,-1.0,-1.0,1.0,0.0,4.0,0.0,1.0,0.7,0.0,0.0,0.0,0.0,1.0,0.0,4.0,0.0,1.0,0.7,0.4,0.4,0.4,0.4,1.0,0.0,4.0,0.0,1.0,0.7,0.4,0.4,0.4,0.4,1.0,0.0,4.0,0.0,1.0,0.7,4.94,4.94,4.94,4.94,1.0,0.0,4.0,0.0,1.0,0.7,4.9,4.9,4.9,4.9,1.0,0.0,4.0,0.0,1.0,0.7,-23.5,-23.5,-23.5,-23.5,1.0,0.0,4.0,0.0,1.0,0.7,0.0,0.0,0.0,0.0,1.0,0.0,4.0,0.0,1.0,0.7,-13.6,-13.6,-13.6,-13.6,1.0,0.0,4.0,0.0,1.0,0.7,0.0,0.0,0.0,0.0,1.0,0.0,4.0,0.0,1.0,0.7,-4.9,-4.9,-4.9,-4.9,1.0,0.0,4.0,0.0,1.0,0.7,0.0,0.0,0.0,0.0,1.0,0.0,4.0,0.0,1.0,0.7,1.0,1.0,1.0,1.0,1.0,0.0,4.0,0.0,1.0,0.7,0.0,0.0,0.0,0.0,1.0,0.0,4.0,0.0,1.0,0.7
1974,2,228.0,-4.0,23.48,24.5,25.18,24.33,3.0,1.26,12.0,0.7,0.8,0.3,23.98,25.0,25.82,24.9,3.0,1.35,12.0,0.7,0.8,0.3,15.98,16.93,17.2,16.6,3.0,0.94,12.0,0.7,0.8,0.3,78.8,79.6,90.7,84.6,3.0,9.7,12.0,0.7,0.3,4.93,6.7,7.72,6.33,3.0,2.07,12.0,0.7,0.8,0.3,-7.14,-5.13,-4.39,-5.75,3.0,2.09,12.0,0.7,0.8,0.3,0.94,1.42,3.39,2.15,3.0,1.9,12.0,0.7,0.8,0.3,1009.32,1010.0,1011.02,1010.17,3.0,1.26,12.0,0.7,0.8,0.3,3.0,5.0,7.0,5.0,3.0,3.0,12.0,0.7,0.8,0.3,-56.1,-34.4,-22.2,-39.1,3.0,25.2,12.0,0.7,0.8,0.3,5.7,11.7,23.4,14.5,3.0,13.2,12.0,0.7,0.8,0.3,-1.59,-0.7,0.46,-0.57,3.0,1.5,12.0,0.7,0.8,0.3,-12.7,-4.7,1.3,-5.7,3.0,10.3,12.0,0.7,0.8,0.3,1.94,2.04,3.05,2.48,3.0,0.9,12.0,0.7,0.8,0.3,10.6,16.7,21.4,16.0,3.0,7.9,12.0,0.7,0.8,0.3,-180.5,-134.5,-107.5,-143.7,3.0,54.1,12.0,0.7,0.8,0.3,22.7,35.6,88.3,55.1,3.0,50.9,12.0,0.7,0.8,0.3,-113.2,-86.9,-75.3,-94.1,3.0,28.5,12.0,0.7,0.8,0.3,15.4,22.1,56.8,35.8,3.0,32.5,12.0,0.7,0.8,0.3,-17.5,-16.5,-10.4,-14.1,3.0,5.6,12.0,0.7,0.8,0.3,1.8,2.9,11.3,6.5,3.0,7.6,12.0,0.7,0.8,0.3,142.5,301.0,472.0,307.0,3.0,241.5,12.0,0.7,0.8,0.3,145.0,300.0,470.0,305.0,3.0,240.0,12.0,0.7,0.8,0.3
1974,2,228.0,-1.0,23.0,23.0,23.0,23.0,1.0,0.0,12.0,1.0,0.7,0.4,25.0,25.0,25.0,25.0,1.0,0.0,12.0,1.0,0.7,0.4,15.35,15.35,15.35,15.35,1.0,0.0,12.0,1.0,0.7,0.4,77.5,77.5,77.5,77.5,1.0,0.0,12.0,1.0,0.4,8.2,8.2,8.2,8.2,1.0,0.0,12.0,1.0,0.7,0.4,-8.08,-8.08,-8.08,-8.08,1.0,0.0,12.0,1.0,0.7,0.4,1.42,1.42,1.42,1.42,1.0,0.0,12.0,1.0,0.7,0.4,1009.0,1009.0,1009.0,1009.0,1.0,0.0,12.0,1.0,0.7,0.4,2.0,2.0,2.0,2.0,1.0,0.0,12.0,1.0,0.7,0.4,-66.2,-66.2,-66.2,-66.2,1.0,0.0,12.0,1.0,0.7,0.4,11.7,11.7,11.7,11.7,1.0,0.0,12.0,1.0,0.7,0.4,-2.0,-2.0,-2.0,-2.0,1.0,0.0,12.0,1.0,0.7,0.4,-16.4,-16.4,-16.4,-16.4,1.0,0.0,12.0,1.0,0.7,0.4,2.23,2.23,2.23,2.23,1.0,0.0,12.0,1.0,0.7,0.4,18.3,18.3,18.3,18.3,1.0,0.0,12.0,1.0,0.7,0.4,-201.9,-201.9,-201.9,-201.9,1.0,0.0,12.0,1.0,0.7,0.4,35.6,35.6,35.6,35.6,1.0,0.0,12.0,1.0,0.7,0.4,-123.9,-123.9,-123.9,-123.9,1.0,0.0,12.0,1.0,0.7,0.4,21.9,21.9,21.9,21.9,1.0,0.0,12.0,1.0,0.7,0.4,-18.0,-18.0,-18.0,-18.0,1.0,0.0,12.0,1.0,0.7,0.4,3.2,3.2,3.2,3.2,1.0,0.0,12.0,1.0,0.7,0.4,551.5,551.5,551.5,551.5,1.0,0.0,12.0,1.0,0.7,0.4,550.0,550.0,550.0,550.0,1.0,0.0,12.0,1.0,0.7,0.4
1974,2,228.0,2.0,26.7,26.7,26.7,26.7,1.0,0.0,28.0,1.0,0.7,0.9,25.0,25.0,25.0,25.0,1.0,0.0,28.0,1.0,0.7,0.9,16.45,16.45,16.45,16.45,1.0,0.0,28.0,1.0,0.7,0.9,83.4,83.4,83.4,83.4,1.0,0.0,28.0,1.0,0.9,,,,,,,,,,,,,,,,,,,,,,,,,,,,,,,,,,,,,,,,,,,,,,,,,,,,,,,,,,,,,,,,,,,,,,,,,,,,,,,,,,,,,,,,,,,,,,,,,,,,,,,,,,,,,,,,,,,,,,,,,,,,,,,,,,,,,,,,,,,,,,,,,,,,,,,,,,,,,,,,,,,,,,,,,,,,,,,,,,,,,,,,,,,,,,
1974,2,228.0,7.0,25.6,25.6,25.6,25.6,1.0,0.0,22.0,1.0,0.1,0.1,25.6,25.6,25.6,25.6,1.0,0.0,22.0,1.0,0.1,0.1,17.69,17.69,17.69,17.69,1.0,0.0,22.0,1.0,0.1,0.1,86.1,86.1,86.1,86.1,1.0,0.0,22.0,1.0,0.1,5.1,5.1,5.1,5.1,1.0,0.0,22.0,1.0,0.1,0.1,-4.42,-4.42,-4.42,-4.42,1.0,0.0,22.0,1.0,0.1,0.1,2.55,2.55,2.55,2.55,1.0,0.0,22.0,1.0,0.1,0.1,1009.1,1009.1,1009.1,1009.1,1.0,0.0,22.0,1.0,0.1,0.1,8.0,8.0,8.0,8.0,1.0,0.0,22.0,1.0,0.1,0.1,-22.5,-22.5,-22.5,-22.5,1.0,0.0,22.0,1.0,0.1,0.1,13.0,13.0,13.0,13.0,1.0,0.0,22.0,1.0,0.1,0.1,0.0,0.0,0.0,0.0,1.0,0.0,22.0,1.0,0.1,0.1,0.0,0.0,0.0,0.0,1.0,0.0,22.0,1.0,0.1,0.1,2.9,2.9,2.9,2.9,1.0,0.0,22.0,1.0,0.1,0.1,14.8,14.8,14.8,14.8,1.0,0.0,22.0,1.0,0.1,0.1,-113.1,-113.1,-113.1,-113.1,1.0,0.0,22.0,1.0,0.1,0.1,65.3,65.3,65.3,65.3,1.0,0.0,22.0,1.0,0.1,0.1,-78.1,-78.1,-78.1,-78.1,1.0,0.0,22.0,1.0,0.1,0.1,45.1,45.1,45.1,45.1,1.0,0.0,22.0,1.0,0.1,0.1,-12.8,-12.8,-12.8,-12.8,1.0,0.0,22.0,1.0,0.1,0.1,7.4,7.4,7.4,7.4,1.0,0.0,22.0,1.0,0.1,0.1,132.5,132.5,132.5,132.5,1.0,0.0,22.0,1.0,0.1,0.1,135.0,135.0,135.0,135.0,1.0,0.0,22.0,1.0,0.1,0.1
1974,2,228.0,9.0,,,,,,,,,,,,,,,,,,,,,,,,,,,,,,,,,,,,,,,,6.7,6.7,6.7,6.7,1.0,0.0,6.0,1.0,0.6,0.5,-3.35,-3.35,-3.35,-3.35,1.0,0.0,6.0,1.0,0.6,0.5,-5.8,-5.8,-5.8,-5.8,1.0,0.0,6.0,1.0,0.6,0.5,1013.5,1013.5,1013.5,1013.5,1.0,0.0,6.0,1.0,0.6,0.5,8.0,8.0,8.0,8.0,1.0,0.0,6.0,1.0,0.6,0.5,-22.4,-22.4,-22.4,-22.4,1.0,0.0,6.0,1.0,0.6,0.5,-38.9,-38.9,-38.9,-38.9,1.0,0.0,6.0,1.0,0.6,0.5,,,,,,,,,,,,,,,,,,,,,,,,,,,,,,,,,,,,,,,,,-80.4,-80.4,-80.4,-80.4,1.0,0.0,6.0,1.0,0.6,0.5,-139.3,-139.3,-139.3,-139.3,1.0,0.0,6.0,1.0,0.6,0.5,-52.5,-52.5,-52.5,-52.5,1.0,0.0,6.0,1.0,0.6,0.5,-90.9,-90.9,-90.9,-90.9,1.0,0.0,6.0,1.0,0.6,0.5,,,,,,,,,,,,,,,,,,,,,,,,,,,,,,,,,,,,,,,,
1974,2,228.0,11.0,28.0,28.0,28.0,28.0,1.0,0.0,10.0,1.0,0.4,0.4,24.5,24.5,24.5,24.5,1.0,0.0,10.0,1.0,0.4,0.4,16.14,16.14,16.14,16.14,1.0,0.0,10.0,1.0,0.4,0.4,83.9,83.9,83.9,83.9,1.0,0.0,10.0,1.0,0.4,3.6,3.6,3.6,3.6,1.0,0.0,10.0,1.0,0.4,0.4,-3.38,-3.38,-3.38,-3.38,1.0,0.0,10.0,1.0,0.4,0.4,-1.23,-1.23,-1.23,-1.23,1.0,0.0,10.0,1.0,0.4,0.4,1008.6,1008.6,1008.6,1008.6,1.0,0.0,10.0,1.0,0.4,0.4,3.0,3.0,3.0,3.0,1.0,0.0,10.0,1.0,0.4,0.4,-12.2,-12.2,-12.2,-12.2,1.0,0.0,10.0,1.0,0.4,0.4,-4.4,-4.4,-4.4,-4.4,1.0,0.0,10.0,1.0,0.4,0.4,3.5,3.5,3.5,3.5,1.0,0.0,10.0,1.0,0.4,0.4,12.6,12.6,12.6,12.6,1.0,0.0,10.0,1.0,0.4,0.4,7.63,7.63,7.63,7.63,1.0,0.0,10.0,1.0,0.4,0.4,27.5,27.5,27.5,27.5,1.0,0.0,10.0,1.0,0.4,0.4,-82.9,-82.9,-82.9,-82.9,1.0,0.0,10.0,1.0,0.4,0.4,-30.2,-30.2,-30.2,-30.2,1.0,0.0,10.0,1.0,0.4,0.4,-54.6,-54.6,-54.6,-54.6,1.0,0.0,10.0,1.0,0.4,0.4,-19.9,-19.9,-19.9,-19.9,1.0,0.0,10.0,1.0,0.4,0.4,-25.8,-25.8,-25.8,-25.8,1.0,0.0,10.0,1.0,0.4,0.4,-9.4,-9.4,-9.4,-9.4,1.0,0.0,10.0,1.0,0.4,0.4,46.5,46.5,46.5,46.5,1.0,0.0,10.0,1.0,0.4,0.4,45.0,45.0,45.0,45.0,1.0,0.0,10.0,1.0,0.4,0.4
1974,2,228.0,14.0,23.32,24.0,24.14,23.73,3.0,0.64,18.0,0.3,0.8,0.6,21.42,22.35,23.28,22.35,4.0,1.22,20.0,0.5,0.8,0.6,13.09,13.4,13.58,13.34,3.0,0.36,16.0,0.3,0.7,0.5,75.7,78.1,78.8,77.2,3.0,2.4,16.0,0.3,0.5,6.18,7.2,7.86,7.03,4.0,1.04,20.0,0.5,0.8,0.6,-6.5,-5.42,-4.7,-5.6,4.0,1.23,20.0,0.5,0.8,0.6,-5.65,-3.88,-1.25,-3.47,4.0,2.74,20.0,0.5,0.8,0.6,1012.93,1013.95,1015.23,1014.08,4.0,1.47,20.0,0.5,0.8,0.6,5.4,7.5,8.0,6.8,4.0,1.9,20.0,0.5,0.8,0.6,-48.8,-36.8,-30.6,-39.5,4.0,11.9,20.0,0.5,0.8,0.6,-42.1,-27.3,-9.7,-25.9,4.0,20.9,20.0,0.5,0.8,0.6,1.55,2.1,2.17,1.87,3.0,0.49,18.0,0.3,0.8,0.6,10.8,12.5,15.4,13.1,3.0,3.4,18.0,0.3,0.8,0.6,5.31,5.52,5.74,5.52,2.0,0.45,14.0,0.0,0.8,0.4,34.4,36.7,39.0,36.7,2.0,4.8,14.0,0.0,0.8,0.4,-145.8,-116.4,-104.9,-124.9,4.0,28.0,20.0,0.5,0.8,0.6,-125.3,-91.0,-28.5,-77.5,4.0,60.2,20.0,0.5,0.8,0.6,-89.6,-73.8,-63.6,-76.5,3.0,19.2,16.0,0.3,0.7,0.5,-59.1,-35.3,-11.2,-35.1,3.0,35.1,16.0,0.3,0.7,0.5,-37.0,-35.5,-34.0,-35.5,2.0,3.1,14.0,0.0,0.8,0.4,-11.5,-6.9,-2.2,-6.9,2.0,9.7,14.0,0.0,0.8,0.4,240.0,378.5,485.5,363.5,4.0,149.0,20.0,0.5,0.8,0.6,240.0,380.0,485.0,365.0,4.0,150.0,20.0,0.5,0.8,0.6
1974,2,228.0,15.0,24.0,24.0,24.0,24.0,2.0,0.0,18.0,0.5,0.3,0.2,22.52,22.55,22.58,22.55,2.0,0.07,18.0,0.5,0.3,0.2,12.71,13.26,13.81,13.26,2.0,1.14,18.0,0.5,0.3,0.2,74.9,78.3,81.6,78.3,2.0,6.9,18.0,0.5,0.2,8.53,9.25,9.97,9.25,2.0,1.48,18.0,0.5,0.3,0.2,-9.32,-7.2,-5.08,-7.2,2.0,4.38,18.0,0.5,0.3,0.2,-5.97,-3.55,-1.13,-3.55,2.0,5.02,18.0,0.5,0.3,0.2,1015.21,1015.65,1016.09,1015.65,2.0,0.92,18.0,0.5,0.3,0.2,8.0,8.0,8.0,8.0,2.0,0.0,18.0,0.5,0.3,0.2,-94.6,-69.9,-45.1,-69.9,2.0,51.2,18.0,0.5,0.3,0.2,-49.0,-29.1,-9.2,-29.1,2.0,41.2,18.0,0.5,0.3,0.2,1.42,1.45,1.48,1.45,2.0,0.07,18.0,0.5,0.3,0.2,12.1,13.5,14.8,13.5,2.0,2.8,18.0,0.5,0.3,0.2,4.76,5.3,5.84,5.3,2.0,1.12,18.0,0.5,0.3,0.2,47.0,48.2,49.4,48.2,2.0,2.5,18.0,0.5,0.3,0.2,-209.7,-162.2,-114.7,-162.2,2.0,98.4,18.0,0.5,0.3,0.2,-135.0,-80.2,-25.5,-80.2,2.0,113.5,18.0,0.5,0.3,0.2,-130.0,-98.0,-66.0,-98.0,2.0,66.3,18.0,0.5,0.3,0.2,-74.4,-44.2,-14.0,-44.2,2.0,62.6,18.0,0.5,0.3,0.2,-43.0,-35.7,-28.4,-35.7,2.0,15.2,18.0,0.5,0.3,0.2,-36.4,-21.6,-6.9,-21.6,2.0,30.6,18.0,0.5,0.3,0.2,637.5,822.0,1007.0,822.0,2.0,383.0,18.0,0.5,0.3,0.2,635.0,820.0,1005.0,820.0,2.0,385.0,18.0,0.5,0.3,0.2
1974,2,228.0,16.0,22.2,22.2,22.2,22.2,1.0,0.0,14.0,1.0,0.9,0.7,21.7,21.7,21.7,21.7,2.0,0.0,10.0,0.5,0.7,0.8,11.59,12.15,12.71,12.15,2.0,1.16,10.0,0.5,0.7,0.8,72.1,75.7,79.3,75.7,2.0,7.4,10.0,0.5,0.8,6.08,8.2,10.32,8.2,2.0,4.38,10.0,0.5,0.7,0.8,-9.73,-7.82,-5.91,-7.82,2.0,3.96,10.0,0.5,0.7,0.8,-3.39,-2.38,-1.36,-2.38,2.0,2.11,10.0,0.5,0.7,0.8,1016.63,1018.4,1020.17,1018.4,2.0,3.68,10.0,0.5,0.7,0.8,4.6,6.0,7.4,6.0,2.0,2.8,10.0,0.5,0.7,0.8,-105.0,-72.8,-40.6,-72.8,2.0,66.7,10.0,0.5,0.7,0.8,-37.5,-24.1,-10.7,-24.1,2.0,27.7,10.0,0.5,0.7,0.8,0.5,0.5,0.5,0.5,1.0,0.0,14.0,1.0,0.9,0.7,5.7,5.7,5.7,5.7,1.0,0.0,14.0,1.0,0.9,0.7,3.57,3.57,3.57,3.57,1.0,0.0,14.0,1.0,0.9,0.7,40.4,40.4,40.4,40.4,1.0,0.0,14.0,1.0,0.9,0.7,-211.2,-169.7,-128.3,-169.7,2.0,85.9,10.0,0.5,0.7,0.8,-73.6,-51.5,-29.5,-51.5,2.0,45.7,10.0,0.5,0.7,0.8,-124.9,-97.3,-69.7,-97.3,2.0,57.1,10.0,0.5,0.7,0.8,-43.7,-30.1,-16.4,-30.1,2.0,28.3,10.0,0.5,0.7,0.8,-37.9,-37.9,-37.9,-37.9,1.0,0.0,14.0,1.0,0.9,0.7,-13.8,-13.8,-13.8,-13.8,1.0,0.0,14.0,1.0,0.9,0.7,340.5,788.0,1235.0,788.0,2.0,926.5,10.0,0.5,0.7,0.8,340.0,790.0,1235.0,790.0,2.0,925.0,10.0,0.5,0.7,0.8
1974,2,228.0,17.0,22.13,22.5,23.05,22.64,5.0,0.79,18.0,0.2,0.7,0.4,20.0,20.0,22.93,21.56,5.0,3.32,18.0,0.2,0.7,0.4,12.03,12.13,12.44,12.23,3.0,0.31,20.0,0.0,0.7,0.6,82.5,82.9,85.8,84.1,3.0,2.6,20.0,0.0,0.6,6.24,8.7,10.47,8.37,3.0,3.11,22.0,0.0,0.5,0.5,-9.36,-6.66,-5.13,-7.23,3.0,3.14,22.0,0.0,0.5,0.5,-5.04,-3.86,-2.97,-4.0,3.0,1.53,22.0,0.0,0.5,0.5,1017.32,1017.9,1018.87,1018.04,5.0,0.85,18.0,0.2,0.7,0.4,4.9,7.0,7.5,6.3,4.0,2.2,20.0,0.3,0.6,0.4,-100.3,-58.0,-33.8,-66.8,3.0,49.3,22.0,0.0,0.5,0.5,-47.1,-43.7,-22.7,-35.1,3.0,19.3,22.0,0.0,0.5,0.5,-0.8,2.5,3.05,1.08,5.0,3.76,18.0,0.2,0.7,0.4,15.6,28.3,32.7,24.2,3.0,13.0,22.0,0.0,0.5,0.5,4.35,4.46,4.78,4.56,3.0,0.33,20.0,0.0,0.7,0.6,28.0,39.2,50.5,39.2,2.0,23.3,24.0,0.0,0.5,0.7,-187.3,-133.3,-103.5,-145.1,3.0,62.2,22.0,0.0,0.5,0.5,-100.9,-77.3,-59.9,-80.3,3.0,30.2,22.0,0.0,0.5,0.5,-115.6,-90.4,-65.3,-90.4,2.0,52.1,24.0,0.0,0.5,0.7,-43.9,-38.6,-33.4,-38.6,2.0,10.9,24.0,0.0,0.5,0.7,-47.2,-36.0,-24.9,-36.0,2.0,23.1,24.0,0.0,0.5,0.7,-17.8,-15.2,-12.6,-15.2,2.0,5.4,24.0,0.0,0.5,0.7,299.5,658.5,1194.0,744.5,3.0,659.5,22.0,0.0,0.5,0.5,300.0,660.0,1195.0,745.0,3.0,660.0,22.0,0.0,0.5,0.5
1974,2,228.0,18.0,21.24,21.6,21.86,21.55,4.0,0.42,14.0,0.8,0.5,0.6,20.77,21.85,23.4,22.08,4.0,1.84,14.0,0.8,0.5,0.6,11.02,11.98,13.15,12.08,4.0,1.27,14.0,0.8,0.5,0.6,66.0,72.0,81.7,73.7,4.0,9.6,14.0,0.8,0.6,7.1,9.3,9.82,8.5,4.0,2.32,14.0,0.8,0.5,0.6,-9.23,-8.4,-5.88,-7.59,4.0,2.55,14.0,0.8,0.5,0.6,-4.11,-3.4,-3.23,-3.66,4.0,0.68,14.0,0.8,0.5,0.6,1015.83,1016.5,1019.26,1017.5,4.0,2.72,14.0,0.8,0.5,0.6,3.0,5.0,7.5,5.3,4.0,2.6,14.0,0.8,0.5,0.6,-90.9,-78.1,-46.1,-68.9,4.0,34.3,14.0,0.8,0.5,0.6,-39.9,-32.9,-22.8,-31.5,4.0,11.3,14.0,0.8,0.5,0.6,-1.81,0.0,0.71,-0.52,4.0,1.75,14.0,0.8,0.5,0.6,-16.8,-1.0,6.1,-5.2,4.0,16.2,14.0,0.8,0.5,0.6,2.99,3.7,4.76,3.87,4.0,1.11,14.0,0.8,0.5,0.6,21.7,36.5,46.3,34.1,4.0,15.5,14.0,0.8,0.5,0.6,-196.0,-194.3,-136.4,-167.5,4.0,55.7,14.0,0.8,0.5,0.6,-93.4,-70.7,-70.5,-81.5,4.0,21.6,14.0,0.8,0.5,0.6,-105.7,-98.5,-72.7,-89.7,4.0,25.2,14.0,0.8,0.5,0.6,-52.1,-42.0,-36.9,-44.4,4.0,10.6,14.0,0.8,0.5,0.6,-43.5,-33.2,-18.0,-30.9,4.0,15.8,14.0,0.8,0.5,0.6,-15.9,-14.8,-11.8,-13.9,4.0,3.3,14.0,0.8,0.5,0.6,452.5,804.5,955.5,708.5,4.0,407.5,14.0,0.8,0.5,0.6,450.0,805.0,955.0,710.0,4.0,405.0,14.0,0.8,0.5,0.6
1974,2,228.0,19.0,20.95,22.2,23.05,22.17,7.0,1.32,20.0,0.7,0.6,0.6,19.82,20.6,21.09,20.75,8.0,1.26,20.0,0.6,0.6,0.6,11.25,12.35,13.12,12.24,8.0,1.08,20.0,0.6,0.6,0.6,73.4,84.5,90.5,81.4,8.0,11.0,20.0,0.6,0.6,5.92,8.5,10.74,8.76,8.0,2.53,20.0,0.6,0.6,0.6,-10.08,-7.18,-5.81,-7.8,8.0,2.64,20.0,0.6,0.6,0.6,-5.74,-3.15,-0.25,-3.16,8.0,2.51,20.0,0.6,0.6,0.6,1017.32,1018.65,1019.92,1018.93,8.0,2.03,20.0,0.6,0.6,0.6,6.4,7.0,8.0,6.8,6.0,1.5,20.0,0.7,0.6,0.6,-104.2,-61.0,-34.6,-73.8,8.0,45.3,20.0,0.6,0.6,0.6,-52.7,-24.9,-2.2,-28.8,8.0,25.8,20.0,0.6,0.6,0.6,-1.07,1.7,3.24,1.4,7.0,2.35,20.0,0.7,0.6,0.6,-6.3,16.5,31.3,15.7,7.0,21.5,20.0,0.7,0.6,0.6,3.72,4.95,5.45,4.56,7.0,1.44,20.0,0.7,0.6,0.6,36.7,41.2,57.0,43.5,7.0,18.7,20.0,0.7,0.6,0.6,-207.5,-155.4,-121.2,-160.9,8.0,51.5,20.0,0.6,0.6,0.6,-120.7,-68.7,-4.9,-64.9,8.0,50.3,20.0,0.6,0.6,0.6,-127.6,-83.6,-73.0,-94.7,8.0,31.3,20.0,0.6,0.6,0.6,-64.9,-39.0,-3.0,-38.1,8.0,30.0,20.0,0.6,0.6,0.6,-44.4,-38.1,-34.4,-38.7,7.0,17.3,20.0,0.7,0.6,0.6,-32.2,-13.0,0.0,-16.3,7.0,14.3,20.0,0.7,0.6,0.6,215.5,630.5,1241.0,823.5,8.0,665.5,20.0,0.6,0.6,0.6,215.0,630.0,1240.0,825.0,8.0,665.0,20.0,0.6,0.6,0.6
1974,2,228.0,20.0,20.93,21.2,22.04,21.31,7.0,1.03,16.0,0.6,0.7,0.5,19.33,19.8,20.57,19.89,7.0,1.21,16.0,0.6,0.7,0.5,10.53,11.12,12.27,11.23,7.0,0.92,16.0,0.6,0.7,0.5,71.4,78.2,84.8,78.4,7.0,6.1,16.0,0.6,0.5,6.15,7.7,10.42,8.39,7.0,2.66,16.0,0.6,0.7,0.5,-9.07,-6.67,-4.59,-7.03,7.0,2.79,16.0,0.6,0.7,0.5,-5.54,-4.41,-3.22,-4.33,7.0,1.36,16.0,0.6,0.7,0.5,1018.86,1020.0,1021.31,1019.64,7.0,1.89,16.0,0.6,0.7,0.5,4.0,8.0,8.0,6.7,7.0,2.2,16.0,0.6,0.7,0.5,-95.0,-51.3,-32.7,-65.0,7.0,46.8,16.0,0.6,0.7,0.5,-55.7,-39.7,-16.5,-37.8,7.0,18.4,16.0,0.6,0.7,0.5,-0.33,1.2,3.41,1.43,7.0,1.83,16.0,0.6,0.7,0.5,-1.8,9.2,38.4,15.5,7.0,19.9,16.0,0.6,0.7,0.5,3.03,3.74,6.52,4.47,7.0,1.63,16.0,0.6,0.7,0.5,18.6,26.9,61.8,40.8,7.0,26.2,16.0,0.6,0.7,0.5,-164.1,-133.4,-100.6,-138.1,7.0,50.5,16.0,0.6,0.7,0.5,-116.8,-85.6,-63.9,-85.9,7.0,27.6,16.0,0.6,0.7,0.5,-97.6,-71.9,-53.6,-77.9,7.0,28.0,16.0,0.6,0.7,0.5,-59.2,-47.2,-36.0,-47.9,7.0,13.3,16.0,0.6,0.7,0.5,-48.6,-22.1,-17.0,-34.5,7.0,24.6,16.0,0.6,0.7,0.5,-29.6,-20.6,-9.2,-20.6,7.0,11.8,16.0,0.6,0.7,0.5,233.5,456.5,1143.0,749.0,7.0,700.5,16.0,0.6,0.7,0.5,235.0,455.0,1145.0,750.0,7.0,700.0,16.0,0.6,0.7,0.5
1974,2,228.0,21.0,20.52,21.3,21.76,21.15,4.0,0.85,18.0,0.8,0.8,0.4,19.74,20.85,23.95,21.8,4.0,2.95,18.0,0.8,0.8,0.4,10.46,11.48,11.56,11.02,3.0,0.9,20.0,0.7,0.9,0.5,70.2,72.3,79.1,74.6,3.0,6.8,20.0,0.7,0.5,2.5,5.65,9.59,6.03,4.0,4.36,18.0,0.8,0.8,0.4,-9.0,-5.11,-2.37,-5.66,4.0,4.26,18.0,0.8,0.8,0.4,-2.95,-0.67,0.69,-1.11,4.0,2.21,18.0,0.8,0.8,0.4,1017.79,1018.3,1020.28,1019.0,4.0,1.91,18.0,0.8,0.8,0.4,3.4,7.0,8.0,5.8,4.0,3.3,18.0,0.8,0.8,0.4,-90.3,-32.1,-7.1,-48.0,4.0,56.0,18.0,0.8,0.8,0.4,-26.1,-10.5,1.7,-12.1,4.0,16.2,18.0,0.8,0.8,0.4,-2.38,-0.3,1.05,-0.65,4.0,2.49,18.0,0.8,0.8,0.4,-8.0,-0.4,8.1,0.0,4.0,12.2,18.0,0.8,0.8,0.4,4.05,4.35,4.44,4.24,3.0,0.3,20.0,0.7,0.9,0.5,14.6,33.5,45.2,30.0,3.0,22.6,20.0,0.7,0.9,0.5,-178.5,-111.1,-58.7,-118.2,4.0,81.3,18.0,0.8,0.8,0.4,-58.0,-11.5,16.3,-20.4,4.0,44.8,18.0,0.8,0.8,0.4,-100.2,-76.5,-34.6,-67.6,3.0,48.7,20.0,0.7,0.9,0.5,-36.4,-19.6,-0.3,-18.4,3.0,26.5,20.0,0.7,0.9,0.5,-43.2,-29.0,-12.7,-28.0,3.0,22.4,20.0,0.7,0.9,0.5,-14.2,-8.8,-0.8,-7.5,3.0,9.9,20.0,0.7,0.9,0.5,24.0,251.5,973.5,487.5,4.0,669.0,18.0,0.8,0.8,0.4,25.0,250.0,975.0,485.0,4.0,670.0,18.0,0.8,0.8,0.4
1974,2,228.0,22.0,19.0,19.0,19.0,19.0,2.0,0.0,24.0,1.0,0.5,0.8,19.16,19.5,19.84,19.5,2.0,0.71,24.0,1.0,0.5,0.8,8.97,9.22,9.48,9.22,2.0,0.52,24.0,1.0,0.5,0.8,65.7,66.1,66.4,66.1,2.0,0.8,24.0,1.0,0.8,9.54,10.05,10.56,10.05,2.0,1.06,24.0,1.0,0.5,0.8,-9.92,-9.44,-8.96,-9.44,2.0,1.0,24.0,1.0,0.5,0.8,-3.61,-3.44,-3.26,-3.44,2.0,0.36,24.0,1.0,0.5,0.8,1019.86,1020.2,1020.54,1020.2,2.0,0.71,24.0,1.0,0.5,0.8,5.2,5.5,5.8,5.5,2.0,0.7,24.0,1.0,0.5,0.8,-105.1,-95.4,-85.8,-95.4,2.0,20.0,24.0,1.0,0.5,0.8,-38.3,-34.7,-31.2,-34.7,2.0,7.3,24.0,1.0,0.5,0.8,-0.84,-0.5,-0.16,-0.5,2.0,0.71,24.0,1.0,0.5,0.8,-7.8,-4.6,-1.5,-4.6,2.0,6.6,24.0,1.0,0.5,0.8,4.09,4.34,4.58,4.34,2.0,0.51,24.0,1.0,0.5,0.8,39.2,43.9,48.6,43.9,2.0,9.7,24.0,1.0,0.5,0.8,-190.0,-183.8,-177.6,-183.8,2.0,12.8,24.0,1.0,0.5,0.8,-69.1,-66.9,-64.7,-66.9,2.0,4.6,24.0,1.0,0.5,0.8,-88.9,-86.9,-84.8,-86.9,2.0,4.3,24.0,1.0,0.5,0.8,-32.4,-31.6,-30.9,-31.6,2.0,1.6,24.0,1.0,0.5,0.8,-45.6,-41.2,-36.8,-41.2,2.0,9.2,24.0,1.0,0.5,0.8,-16.6,-15.0,-13.4,-15.0,2.0,3.3,24.0,1.0,0.5,0.8,876.5,1032.0,1187.5,1032.0,2.0,322.0,24.0,1.0,0.5,0.8,875.0,1030.0,1185.0,1030.0,2.0,320.0,24.0,1.0,0.5,0.8
1974,2,228.0,23.0,20.6,20.6,20.6,20.6,1.0,0.0,22.0,0.0,0.2,0.4,17.41,17.65,17.89,17.65,2.0,0.49,20.0,0.0,0.3,0.4,9.51,9.51,9.51,9.51,1.0,0.0,22.0,0.0,0.2,0.4,78.4,78.4,78.4,78.4,1.0,0.0,22.0,0.0,0.4,7.95,8.5,9.05,8.5,2.0,1.13,20.0,0.0,0.3,0.4,-7.22,-7.18,-7.14,-7.18,2.0,0.08,20.0,0.0,0.3,0.4,-5.45,-4.31,-3.16,-4.31,2.0,2.36,20.0,0.0,0.3,0.4,1022.24,1022.75,1023.26,1022.75,2.0,1.06,20.0,0.0,0.3,0.4,4.6,6.0,7.4,6.0,2.0,2.8,20.0,0.0,0.3,0.4,-64.6,-61.0,-57.4,-61.0,2.0,7.5,20.0,0.0,0.3,0.4,-50.0,-37.9,-25.9,-37.9,2.0,25.0,20.0,0.0,0.3,0.4,3.3,3.3,3.3,3.3,1.0,0.0,22.0,0.0,0.2,0.4,25.4,25.4,25.4,25.4,1.0,0.0,22.0,0.0,0.2,0.4,5.46,5.46,5.46,5.46,1.0,0.0,22.0,0.0,0.2,0.4,42.0,42.0,42.0,42.0,1.0,0.0,22.0,0.0,0.2,0.4,-127.8,-126.7,-125.7,-126.7,2.0,2.2,20.0,0.0,0.3,0.4,-97.8,-76.6,-55.4,-76.6,2.0,43.9,20.0,0.0,0.3,0.4,-68.8,-68.8,-68.8,-68.8,1.0,0.0,22.0,0.0,0.2,0.4,-25.0,-25.0,-25.0,-25.0,1.0,0.0,22.0,0.0,0.2,0.4,-39.5,-39.5,-39.5,-39.5,1.0,0.0,22.0,0.0,0.2,0.4,-14.4,-14.4,-14.4,-14.4,1.0,0.0,22.0,0.0,0.2,0.4,511.5,630.5,749.0,630.5,2.0,246.0,20.0,0.0,0.3,0.4,510.0,630.0,750.0,630.0,2.0,245.0,20.0,0.0,0.3,0.4
1974,2,228.0,24.0,19.59,19.9,20.0,19.8,4.0,0.28,10.0,0.3,0.6,0.6,17.89,18.5,19.52,18.7,3.0,1.21,14.0,0.3,0.5,0.6,8.35,8.56,10.35,9.33,3.0,1.61,14.0,0.3,0.5,0.6,61.1,69.2,80.2,70.6,3.0,14.1,14.0,0.3,0.6,4.84,6.95,8.54,6.7,4.0,2.42,10.0,0.3,0.6,0.6,-8.05,-6.39,-4.54,-6.3,4.0,2.54,10.0,0.3,0.6,0.6,-2.87,-1.44,-0.51,-1.68,4.0,1.62,10.0,0.3,0.6,0.6,1019.21,1020.8,1022.07,1020.65,4.0,1.77,10.0,0.3,0.6,0.6,4.0,6.0,7.4,5.7,3.0,2.5,14.0,0.3,0.5,0.6,-69.8,-44.6,-23.9,-46.7,4.0,31.3,10.0,0.3,0.6,0.6,-18.7,-6.6,-3.1,-10.7,4.0,13.0,10.0,0.3,0.6,0.6,0.34,1.5,1.7,1.03,3.0,1.08,14.0,0.3,0.5,0.6,1.2,6.5,9.9,5.6,3.0,6.4,14.0,0.3,0.5,0.6,3.89,5.33,5.81,4.86,3.0,1.46,14.0,0.3,0.5,0.6,21.0,24.9,33.4,27.1,3.0,9.3,14.0,0.3,0.5,0.6,-123.0,-122.1,-76.2,-100.1,3.0,39.2,14.0,0.3,0.5,0.6,-58.7,-31.7,-24.8,-41.5,3.0,26.3,14.0,0.3,0.5,0.6,-66.9,-50.4,-34.2,-50.5,3.0,23.9,14.0,0.3,0.5,0.6,-34.3,-15.4,-11.0,-22.4,3.0,18.1,14.0,0.3,0.5,0.6,-32.0,-21.5,-18.2,-25.0,3.0,10.6,14.0,0.3,0.5,0.6,-11.5,-9.6,-7.5,-9.5,3.0,3.0,14.0,0.3,0.5,0.6,138.0,347.5,639.0,386.5,4.0,325.0,10.0,0.3,0.6,0.6,140.0,345.0,640.0,385.0,4.0,325.0,10.0,0.3,0.6,0.6
1974,2,228.0,25.0,17.76,18.8,19.43,18.63,7.0,1.01,18.0,0.3,0.5,0.5,17.18,17.8,18.05,17.74,7.0,0.73,18.0,0.3,0.5,0.5,8.39,9.31,9.92,9.22,7.0,1.21,18.0,0.3,0.5,0.5,69.9,72.3,80.3,73.8,7.0,8.7,18.0,0.3,0.5,5.08,5.1,8.42,6.74,7.0,2.97,18.0,0.3,0.5,0.5,-7.92,-5.1,-3.24,-5.93,7.0,3.23,18.0,0.3,0.5,0.5,-4.41,-2.8,0.0,-2.33,7.0,2.02,18.0,0.3,0.5,0.5,1020.05,1021.5,1023.3,1021.61,7.0,1.66,18.0,0.3,0.5,0.5,6.0,7.0,8.0,7.0,7.0,1.0,18.0,0.3,0.5,0.5,-67.6,-26.0,-16.5,-47.8,7.0,50.8,18.0,0.3,0.5,0.5,-24.6,-19.9,0.0,-18.0,7.0,20.1,18.0,0.3,0.5,0.5,-0.24,1.1,1.94,0.89,7.0,1.27,18.0,0.3,0.5,0.5,-1.8,5.1,11.0,7.6,7.0,13.5,18.0,0.3,0.5,0.5,3.49,4.07,4.73,4.03,7.0,1.88,18.0,0.3,0.5,0.5,17.8,21.2,34.5,30.6,7.0,28.7,18.0,0.3,0.5,0.5,-149.4,-91.8,-57.7,-105.0,7.0,56.2,18.0,0.3,0.5,0.5,-76.0,-53.3,0.0,-41.5,7.0,35.5,18.0,0.3,0.5,0.5,-73.9,-52.4,-30.3,-52.4,7.0,22.6,18.0,0.3,0.5,0.5,-36.7,-26.6,0.0,-20.8,7.0,18.1,18.0,0.3,0.5,0.5,-32.5,-20.9,-10.1,-27.0,7.0,28.0,18.0,0.3,0.5,0.5,-18.6,-10.8,0.0,-11.2,7.0,11.4,18.0,0.3,0.5,0.5,131.0,132.5,627.5,490.0,7.0,747.0,18.0,0.3,0.5,0.5,130.0,135.0,630.0,490.0,7.0,745.0,18.0,0.3,0.5,0.5
1974,2,228.0,26.0,17.49,18.8,19.78,18.73,9.0,1.25,14.0,0.4,0.5,0.6,17.02,17.4,18.16,17.69,8.0,1.06,14.0,0.5,0.5,0.6,7.57,9.02,9.77,8.91,8.0,1.32,14.0,0.5,0.5,0.6,61.7,71.4,80.6,71.7,8.0,9.9,14.0,0.5,0.6,3.37,5.1,6.2,5.78,9.0,3.67,12.0,0.6,0.5,0.6,-5.3,-4.42,-3.11,-4.76,9.0,2.77,12.0,0.6,0.5,0.6,-4.3,-2.55,0.0,-2.65,9.0,3.16,12.0,0.6,0.5,0.6,1022.11,1024.7,1026.39,1024.92,9.0,2.94,12.0,0.6,0.5,0.6,1.4,6.0,8.0,5.3,10.0,2.9,12.0,0.5,0.6,0.6,-31.3,-22.5,-10.5,-36.3,9.0,51.8,12.0,0.6,0.5,0.6,-26.7,-10.8,0.0,-24.3,9.0,46.3,12.0,0.6,0.5,0.6,0.06,0.8,1.69,1.03,8.0,0.96,14.0,0.5,0.5,0.6,0.2,3.8,9.7,4.8,8.0,4.5,14.0,0.5,0.5,0.6,3.08,4.35,6.01,4.39,8.0,1.31,14.0,0.5,0.5,0.6,10.4,21.0,28.3,21.3,8.0,10.5,14.0,0.5,0.5,0.6,-89.6,-77.2,-54.0,-69.4,8.0,21.9,14.0,0.5,0.5,0.6,-52.7,-38.1,0.0,-32.3,8.0,35.8,14.0,0.5,0.5,0.6,-40.9,-36.6,-28.6,-34.1,8.0,9.0,14.0,0.5,0.5,0.6,-28.8,-20.0,0.0,-16.8,8.0,17.8,14.0,0.5,0.5,0.6,-27.5,-15.9,-10.1,-18.2,8.0,9.7,14.0,0.5,0.5,0.6,-18.3,-6.9,0.0,-7.6,8.0,9.4,14.0,0.5,0.5,0.6,40.5,132.5,238.5,481.0,9.0,1088.0,12.0,0.6,0.5,0.6,40.0,135.0,240.0,480.0,9.0,1090.0,12.0,0.6,0.5,0.6
1974,2,228.0,27.0,17.0,18.9,20.0,18.72,11.0,1.43,14.0,0.5,0.5,0.5,17.17,17.8,18.0,17.85,11.0,1.21,14.0,0.5,0.5,0.5,7.58,8.74,10.4,8.88,10.0,1.73,14.0,0.6,0.5,0.4,62.0,67.9,83.7,70.7,10.0,12.4,14.0,0.6,0.4,4.69,5.7,9.71,6.51,11.0,2.62,14.0,0.5,0.5,0.5,-9.71,-5.02,0.14,-4.73,11.0,4.73,14.0,0.5,0.5,0.5,-3.29,-1.95,0.0,-1.85,11.0,1.65,14.0,0.5,0.5,0.5,1021.92,1024.0,1025.88,1023.96,11.0,2.0,14.0,0.5,0.5,0.5,4.0,7.0,8.0,6.1,11.0,2.0,14.0,0.5,0.5,0.5,-94.6,-28.1,2.9,-39.8,11.0,43.7,14.0,0.5,0.5,0.5,-20.1,-10.8,0.0,-10.3,11.0,10.1,14.0,0.5,0.5,0.5,-1.0,2.0,2.32,0.87,11.0,1.77,14.0,0.5,0.5,0.5,-7.5,9.0,15.4,4.1,11.0,13.0,14.0,0.5,0.5,0.5,2.67,4.07,6.38,4.33,10.0,2.17,14.0,0.6,0.5,0.4,14.3,23.2,32.6,24.9,10.0,15.1,14.0,0.6,0.5,0.4,-174.8,-93.7,2.6,-84.6,11.0,84.5,14.0,0.5,0.5,0.5,-63.4,-34.1,0.0,-33.2,11.0,30.1,14.0,0.5,0.5,0.5,-66.3,-44.1,6.7,-36.0,10.0,40.5,14.0,0.6,0.5,0.4,-36.0,-17.4,-2.5,-19.2,10.0,18.1,14.0,0.6,0.5,0.4,-32.4,-19.7,6.6,-15.7,10.0,22.6,14.0,0.6,0.5,0.4,-16.8,-6.5,-0.8,-8.3,10.0,7.5,14.0,0.6,0.5,0.4,106.5,185.0,923.5,400.0,11.0,406.0,14.0,0.5,0.5,0.5,105.0,185.0,925.0,400.0,11.0,405.0,14.0,0.5,0.5,0.5
1974,2,228.0,28.0,17.58,18.5,19.0,18.46,9.0,0.88,14.0,0.8,0.4,0.4,14.83,16.5,19.57,17.08,10.0,2.32,16.0,0.8,0.5,0.4,7.32,7.92,9.43,8.17,10.0,1.01,16.0,0.8,0.5,0.4,57.9,71.3,78.0,68.8,10.0,10.2,16.0,0.8,0.4,3.38,7.2,7.99,6.16,10.0,3.05,16.0,0.8,0.5,0.4,-6.67,-5.93,-1.67,-4.67,10.0,2.79,16.0,0.8,0.5,0.4,-5.24,-3.56,-0.8,-3.27,10.0,2.76,16.0,0.8,0.5,0.4,1022.28,1024.95,1026.54,1024.7,10.0,2.31,16.0,0.8,0.5,0.4,5.4,7.5,8.0,6.6,10.0,2.0,16.0,0.8,0.5,0.4,-51.3,-43.7,-8.5,-35.9,10.0,24.5,16.0,0.8,0.5,0.4,-42.1,-23.2,-1.8,-25.6,10.0,28.4,16.0,0.8,0.5,0.4,0.0,1.8,2.8,1.21,9.0,1.8,14.0,0.8,0.4,0.4,0.0,13.4,19.6,8.4,9.0,11.8,14.0,0.8,0.4,0.4,4.0,4.31,5.28,4.77,9.0,1.02,14.0,0.8,0.4,0.4,12.5,26.2,39.7,26.5,9.0,13.4,14.0,0.8,0.4,0.4,-109.8,-95.4,-24.3,-77.1,10.0,47.4,16.0,0.8,0.5,0.4,-82.4,-55.1,-14.2,-54.7,10.0,49.1,16.0,0.8,0.5,0.4,-59.3,-42.9,-13.1,-38.4,10.0,24.3,16.0,0.8,0.5,0.4,-38.5,-26.9,-7.5,-26.6,10.0,25.0,16.0,0.8,0.5,0.4,-31.9,-25.8,-4.5,-20.5,9.0,13.8,14.0,0.8,0.4,0.4,-20.3,-14.1,-1.6,-13.0,9.0,10.9,14.0,0.8,0.4,0.4,62.0,378.5,511.0,375.5,10.0,370.0,16.0,0.8,0.5,0.4,60.0,380.0,510.0,375.0,10.0,370.0,16.0,0.8,0.5,0.4
1974,2,228.0,29.0,16.03,16.95,17.87,16.95,2.0,1.91,8.0,1.0,0.1,0.4,15.62,16.95,18.28,16.95,2.0,2.76,8.0,1.0,0.1,0.4,8.07,9.15,10.23,9.15,2.0,2.24,8.0,1.0,0.1,0.4,73.7,76.3,78.9,76.3,2.0,5.4,8.0,1.0,0.4,5.77,7.2,8.63,7.2,2.0,2.97,8.0,1.0,0.1,0.4,-8.33,-6.53,-4.74,-6.53,2.0,3.71,8.0,1.0,0.1,0.4,-3.01,-2.45,-1.88,-2.45,2.0,1.18,8.0,1.0,0.1,0.4,1024.37,1024.75,1025.13,1024.75,2.0,0.78,8.0,1.0,0.1,0.4,6.0,6.0,6.0,6.0,2.0,0.0,8.0,1.0,0.1,0.4,-74.8,-52.6,-30.3,-52.6,2.0,46.1,8.0,1.0,0.1,0.4,-16.4,-15.9,-15.3,-15.9,2.0,1.2,8.0,1.0,0.1,0.4,-0.41,0.0,0.41,0.0,2.0,0.85,8.0,1.0,0.1,0.4,-4.2,-1.3,1.7,-1.3,2.0,6.1,8.0,1.0,0.1,0.4,2.36,2.74,3.12,2.74,2.0,0.79,8.0,1.0,0.1,0.4,17.4,18.6,19.8,18.6,2.0,2.5,8.0,1.0,0.1,0.4,-154.9,-115.9,-76.8,-115.9,2.0,81.0,8.0,1.0,0.1,0.4,-46.2,-39.8,-33.5,-39.8,2.0,13.2,8.0,1.0,0.1,0.4,-87.4,-63.9,-40.5,-63.9,2.0,48.6,8.0,1.0,0.1,0.4,-23.6,-21.1,-18.5,-21.1,2.0,5.3,8.0,1.0,0.1,0.4,-18.9,-16.5,-14.0,-16.5,2.0,5.0,8.0,1.0,0.1,0.4,-9.7,-7.2,-4.7,-7.2,2.0,5.2,8.0,1.0,0.1,0.4,239.5,468.5,698.0,468.5,2.0,475.0,8.0,1.0,0.1,0.4,240.0,470.0,700.0,470.0,2.0,475.0,8.0,1.0,0.1,0.4
1974,2,228.0,30.0,15.71,16.3,17.09,16.48,9.0,0.73,16.0,0.4,0.6,0.4,14.52,15.55,17.2,15.8,8.0,1.23,16.0,0.5,0.6,0.3,7.47,8.08,10.61,8.46,8.0,1.79,16.0,0.5,0.6,0.3,70.4,76.5,88.1,76.3,8.0,12.2,16.0,0.5,0.3,3.66,6.7,9.18,6.44,8.0,2.79,16.0,0.5,0.6,0.3,-6.6,-1.84,1.36,-2.06,8.0,4.75,16.0,0.5,0.6,0.3,-3.77,-1.03,3.97,-0.15,8.0,5.26,16.0,0.5,0.6,0.3,1018.85,1024.4,1028.32,1023.26,8.0,6.12,16.0,0.5,0.6,0.3,2.2,6.0,7.8,5.1,8.0,2.6,16.0,0.5,0.6,0.3,-44.2,-5.4,13.0,-9.6,8.0,40.5,16.0,0.5,0.6,0.3,-30.8,-5.1,16.1,-3.3,8.0,47.0,16.0,0.5,0.6,0.3,-1.48,1.4,1.78,0.7,8.0,1.72,16.0,0.5,0.6,0.3,-10.1,5.8,12.0,2.6,8.0,10.0,16.0,0.5,0.6,0.3,1.12,3.5,4.45,3.08,8.0,2.05,16.0,0.5,0.6,0.3,10.2,16.4,29.0,16.9,8.0,11.3,16.0,0.5,0.6,0.3,-112.3,-28.1,21.1,-32.2,8.0,78.9,16.0,0.5,0.6,0.3,-55.1,-16.9,57.6,-1.4,8.0,83.7,16.0,0.5,0.6,0.3,-55.3,-11.9,10.9,-15.8,8.0,46.2,16.0,0.5,0.6,0.3,-28.4,-7.4,32.0,1.7,8.0,47.5,16.0,0.5,0.6,0.3,-16.1,-4.0,5.4,-6.5,8.0,11.8,16.0,0.5,0.6,0.3,-14.2,-1.3,12.9,-2.5,8.0,16.1,16.0,0.5,0.6,0.3,49.0,301.0,776.5,398.0,8.0,390.5,16.0,0.5,0.6,0.3,50.0,300.0,775.0,400.0,8.0,390.0,16.0,0.5,0.6,0.3
1974,2,228.0,31.0,15.57,16.8,17.8,16.58,18.0,1.32,14.0,0.4,0.5,0.4,13.37,14.7,16.06,14.67,18.0,1.4,14.0,0.4,0.5,0.4,6.41,7.38,8.51,7.48,18.0,1.06,14.0,0.4,0.5,0.4,67.7,73.3,78.6,73.0,18.0,6.4,14.0,0.4,0.4,1.92,4.85,8.18,4.86,18.0,2.98,14.0,0.4,0.5,0.4,-5.61,-0.13,2.58,-1.2,18.0,4.03,14.0,0.4,0.5,0.4,-5.34,-2.89,0.0,-2.19,18.0,3.31,14.0,0.4,0.5,0.4,1025.5,1027.9,1029.22,1027.42,18.0,1.92,14.0,0.4,0.5,0.4,3.0,6.0,7.0,5.2,18.0,2.0,14.0,0.4,0.5,0.4,-46.6,-0.2,11.5,-11.5,18.0,32.0,14.0,0.4,0.5,0.4,-34.4,-11.5,0.0,-13.1,18.0,25.9,14.0,0.4,0.5,0.4,-0.5,2.15,3.26,1.91,18.0,1.86,14.0,0.4,0.5,0.4,-3.2,6.9,17.0,7.1,18.0,9.3,14.0,0.4,0.5,0.4,2.37,4.34,5.05,4.1,18.0,1.46,14.0,0.4,0.5,0.4,5.9,18.1,33.1,18.3,18.0,12.4,14.0,0.4,0.5,0.4,-82.4,-1.8,34.6,-17.9,18.0,60.9,14.0,0.4,0.5,0.4,-79.2,-39.2,0.0,-33.2,18.0,51.7,14.0,0.4,0.5,0.4,-43.1,-0.8,18.1,-9.5,18.0,31.4,14.0,0.4,0.5,0.4,-41.6,-21.0,0.0,-16.7,18.0,27.0,14.0,0.4,0.5,0.4,-20.5,-0.6,10.6,-4.5,18.0,14.3,14.0,0.4,0.5,0.4,-23.1,-9.1,0.0,-9.2,18.0,13.9,14.0,0.4,0.5,0.4,7.5,115.0,561.5,237.5,18.0,294.5,14.0,0.4,0.5,0.4,5.0,115.0,560.0,235.0,18.0,295.0,14.0,0.4,0.5,0.4
1974,2,228.0,32.0,14.98,15.7,16.36,15.81,7.0,0.97,20.0,0.9,0.6,0.5,13.59,15.1,16.39,15.07,6.0,1.66,20.0,0.8,0.6,0.5,6.77,7.75,9.4,8.04,6.0,1.52,20.0,0.8,0.6,0.5,71.6,75.5,81.7,76.3,6.0,9.9,20.0,0.8,0.5,3.66,4.6,9.12,6.49,8.0,4.24,22.0,0.9,0.7,0.5,-3.42,2.44,3.78,-0.18,8.0,5.91,22.0,0.9,0.7,0.5,-7.41,-1.6,1.4,-1.91,8.0,5.19,22.0,0.9,0.7,0.5,1022.22,1026.7,1027.49,1025.75,8.0,2.81,22.0,0.9,0.7,0.5,2.2,5.5,7.8,5.1,8.0,2.4,22.0,0.9,0.7,0.5,-26.4,7.5,15.8,-19.9,8.0,76.9,22.0,0.9,0.7,0.5,-75.1,-5.6,5.7,-21.8,8.0,53.9,22.0,0.9,0.7,0.5,0.0,0.55,1.74,0.78,6.0,0.9,20.0,0.8,0.6,0.5,0.0,2.8,16.4,8.0,6.0,11.6,20.0,0.8,0.6,0.5,2.57,3.16,3.82,3.01,6.0,1.11,20.0,0.8,0.6,0.5,7.1,20.1,41.9,24.5,6.0,20.5,20.0,0.8,0.6,0.5,-77.1,18.6,45.4,-17.3,6.0,89.7,20.0,0.8,0.6,0.5,-111.4,-61.0,11.4,-47.0,6.0,78.2,20.0,0.8,0.6,0.5,-40.7,10.1,23.5,-9.0,6.0,46.6,20.0,0.8,0.6,0.5,-55.2,-35.5,6.2,-23.3,6.0,39.0,20.0,0.8,0.6,0.5,-20.2,1.0,8.9,-6.6,6.0,23.0,20.0,0.8,0.6,0.5,-30.3,-8.9,3.3,-10.3,6.0,20.8,20.0,0.8,0.6,0.5,49.0,101.0,766.0,656.0,8.0,1241.0,22.0,0.9,0.7,0.5,50.0,100.0,765.0,655.0,8.0,1240.0,22.0,0.9,0.7,0.5
1974,2,228.0,33.0,13.09,15.0,16.82,14.85,11.0,1.81,16.0,0.5,0.4,0.6,12.95,14.0,14.55,14.13,12.0,1.69,16.0,0.5,0.5,0.6,5.86,6.74,8.5,7.0,9.0,1.33,18.0,0.4,0.4,0.7,65.0,67.2,83.2,70.5,9.0,11.9,18.0,0.4,0.7,2.19,6.15,9.55,6.0,12.0,4.06,16.0,0.5,0.5,0.6,-5.94,0.0,3.43,-1.02,12.0,5.87,16.0,0.5,0.5,0.6,-5.39,-1.55,0.2,-2.43,12.0,3.71,16.0,0.5,0.5,0.6,1024.03,1026.8,1029.5,1027.07,11.0,2.63,16.0,0.5,0.4,0.6,5.0,8.0,8.0,6.8,11.0,1.5,16.0,0.5,0.5,0.6,-42.8,0.0,12.4,-14.5,12.0,64.5,16.0,0.5,0.5,0.6,-58.4,-4.2,0.9,-19.4,12.0,35.0,16.0,0.5,0.5,0.6,-1.39,0.0,3.12,0.8,11.0,2.07,16.0,0.5,0.4,0.6,-7.0,0.0,24.8,5.5,11.0,16.2,16.0,0.5,0.4,0.6,2.65,3.19,4.96,3.61,9.0,1.77,18.0,0.4,0.4,0.7,4.0,13.0,37.2,18.3,9.0,18.1,18.0,0.4,0.4,0.7,-81.2,0.0,46.4,-8.5,12.0,88.0,16.0,0.5,0.5,0.6,-69.0,-22.0,2.8,-31.2,12.0,54.3,16.0,0.5,0.5,0.6,-18.7,3.0,34.3,9.5,9.0,36.2,18.0,0.4,0.4,0.7,-30.1,0.0,5.1,-6.4,9.0,21.8,18.0,0.4,0.4,0.7,-10.9,1.2,14.0,-1.1,9.0,22.4,18.0,0.4,0.4,0.7,-6.2,0.0,1.9,-4.4,9.0,13.4,18.0,0.4,0.4,0.7,13.5,253.0,877.5,505.5,12.0,769.0,16.0,0.5,0.5,0.6,15.0,255.0,880.0,505.0,12.0,770.0,16.0,0.5,0.5,0.6
1974,2,228.0,34.0,14.4,15.0,16.76,15.47,11.0,1.45,14.0,0.6,0.5,0.5,12.29,13.3,14.71,13.49,11.0,1.77,14.0,0.6,0.5,0.5,5.95,7.07,8.83,7.21,10.0,1.35,16.0,0.6,0.5,0.6,62.1,75.8,85.9,74.8,10.0,14.1,16.0,0.6,0.6,3.48,5.1,11.13,6.44,11.0,3.68,14.0,0.6,0.5,0.5,-7.2,-4.1,3.75,-1.78,11.0,5.71,14.0,0.6,0.5,0.5,-5.08,0.0,3.11,-0.92,11.0,4.7,14.0,0.6,0.5,0.5,1021.88,1026.5,1029.68,1026.34,11.0,3.51,14.0,0.6,0.5,0.5,1.9,6.5,8.0,5.3,10.0,3.0,16.0,0.6,0.5,0.6,-66.5,-16.8,19.1,-18.4,11.0,55.2,14.0,0.6,0.5,0.5,-51.4,0.0,15.9,-12.5,11.0,51.8,14.0,0.6,0.5,0.5,-0.21,1.1,4.45,1.98,11.0,2.94,14.0,0.6,0.5,0.5,-0.3,5.6,43.0,17.5,11.0,27.3,14.0,0.6,0.5,0.5,1.85,3.35,4.44,3.43,10.0,1.63,16.0,0.6,0.5,0.6,7.0,17.5,38.3,24.6,10.0,24.4,16.0,0.6,0.5,0.6,-79.4,-65.3,53.0,-19.7,11.0,75.3,14.0,0.6,0.5,0.5,-63.6,0.0,43.9,-9.5,11.0,60.9,14.0,0.6,0.5,0.5,-42.2,-8.2,33.3,-4.0,10.0,41.8,16.0,0.6,0.5,0.6,-39.4,-4.3,26.2,-4.9,10.0,35.3,16.0,0.6,0.5,0.6,-30.4,-7.7,9.2,-11.4,10.0,22.5,16.0,0.6,0.5,0.6,-23.0,-1.3,8.6,-8.6,10.0,23.1,16.0,0.6,0.5,0.6,47.5,132.5,1410.0,528.0,11.0,724.5,14.0,0.6,0.5,0.5,50.0,135.0,1410.0,530.0,11.0,725.0,14.0,0.6,0.5,0.5
1974,2,228.0,35.0,13.22,15.0,16.0,14.81,12.0,1.35,18.0,0.5,0.5,0.3,11.37,12.5,14.55,13.02,13.0,1.78,18.0,0.5,0.4,0.4,5.66,6.34,8.15,6.84,13.0,1.42,18.0,0.5,0.4,0.4,66.0,73.3,81.7,74.0,13.0,10.2,18.0,0.5,0.4,3.85,6.7,7.7,6.64,12.0,2.49,18.0,0.5,0.5,0.3,-0.27,3.42,5.9,2.94,12.0,2.86,18.0,0.5,0.5,0.3,-6.92,-4.05,3.76,-2.3,12.0,5.56,18.0,0.5,0.5,0.3,1022.15,1028.5,1030.91,1026.91,13.0,4.48,18.0,0.5,0.4,0.4,4.9,7.0,8.0,6.5,13.0,2.3,18.0,0.5,0.4,0.4,-1.6,19.8,45.4,22.6,12.0,22.2,18.0,0.5,0.5,0.3,-48.3,-23.6,26.4,-21.4,12.0,50.4,18.0,0.5,0.5,0.3,-0.63,1.85,3.53,1.67,12.0,1.87,18.0,0.5,0.5,0.3,-5.0,6.8,22.4,11.3,11.0,16.8,18.0,0.5,0.5,0.3,1.82,4.15,4.97,3.46,12.0,1.74,18.0,0.5,0.5,0.3,7.8,18.0,38.5,23.6,11.0,17.9,18.0,0.5,0.5,0.3,-3.4,40.4,84.2,40.3,12.0,38.7,18.0,0.5,0.5,0.3,-89.7,-49.6,55.3,-27.0,12.0,73.3,18.0,0.5,0.5,0.3,-1.7,22.0,45.2,22.4,12.0,21.8,18.0,0.5,0.5,0.3,-44.7,-24.2,34.3,-11.7,12.0,37.4,18.0,0.5,0.5,0.3,-2.7,7.0,18.7,8.7,11.0,11.2,18.0,0.5,0.5,0.3,-34.7,-13.8,7.5,-14.1,11.0,22.5,18.0,0.5,0.5,0.3,59.0,301.0,456.5,413.0,12.0,484.5,18.0,0.5,0.5,0.3,60.0,300.0,455.0,415.0,12.0,485.0,18.0,0.5,0.5,0.3
1974,2,228.0,36.0,11.89,13.0,14.77,13.23,16.0,1.46,18.0,0.4,0.4,0.5,11.1,11.95,15.3,12.85,18.0,2.29,16.0,0.5,0.5,0.5,5.42,6.82,8.53,6.83,17.0,1.4,16.0,0.5,0.5,0.5,61.9,78.3,86.9,75.9,17.0,11.2,16.0,0.5,0.5,4.64,6.2,11.49,7.58,17.0,3.52,16.0,0.5,0.5,0.5,-4.37,0.0,6.11,0.61,17.0,5.81,16.0,0.5,0.5,0.5,-7.29,-3.1,3.57,-2.18,17.0,5.86,16.0,0.5,0.5,0.5,1024.46,1031.2,1033.5,1029.18,18.0,5.57,16.0,0.5,0.5,0.5,5.0,7.0,8.0,6.5,16.0,1.8,18.0,0.6,0.5,0.5,-27.3,0.0,53.6,2.0,17.0,64.2,16.0,0.5,0.5,0.5,-66.5,-16.6,18.2,-19.2,17.0,68.8,16.0,0.5,0.5,0.5,-1.81,0.75,3.25,0.35,16.0,2.98,18.0,0.4,0.4,0.5,-11.9,3.1,22.3,1.5,15.0,28.1,18.0,0.5,0.4,0.5,0.95,2.58,3.58,2.43,15.0,1.71,18.0,0.5,0.4,0.5,5.0,15.2,28.8,15.3,14.0,15.1,18.0,0.5,0.5,0.5,-52.8,0.0,82.0,10.3,17.0,73.9,16.0,0.5,0.5,0.5,-91.8,-36.3,44.4,-23.3,17.0,79.9,16.0,0.5,0.5,0.5,-33.1,0.0,38.8,4.4,16.0,39.8,16.0,0.6,0.5,0.5,-52.9,-15.0,24.9,-11.6,16.0,46.3,16.0,0.6,0.5,0.5,-11.8,-0.5,14.1,-0.6,14.0,14.1,18.0,0.5,0.5,0.5,-17.8,-8.4,2.9,-8.1,14.0,14.5,18.0,0.5,0.5,0.5,103.5,238.5,1536.5,734.5,17.0,992.5,16.0,0.5,0.5,0.5,105.0,240.0,1535.0,735.0,17.0,995.0,16.0,0.5,0.5,0.5
1974,2,228.0,37.0,12.15,13.0,14.5,13.28,12.0,1.16,10.0,0.6,0.6,0.4,10.0,11.75,15.33,12.38,12.0,2.77,10.0,0.6,0.6,0.4,5.75,6.8,9.08,7.28,12.0,1.68,10.0,0.6,0.6,0.4,71.1,83.0,88.2,81.6,12.0,9.8,10.0,0.6,0.4,4.1,5.65,10.8,6.85,12.0,3.03,10.0,0.6,0.6,0.4,-3.24,0.0,8.45,1.45,12.0,6.35,10.0,0.6,0.6,0.4,-4.65,-0.94,1.14,-1.18,12.0,4.03,10.0,0.6,0.6,0.4,1019.34,1026.25,1028.51,1024.92,12.0,4.3,10.0,0.6,0.6,0.4,3.0,7.0,8.0,6.2,12.0,2.4,10.0,0.6,0.6,0.4,-12.8,0.0,85.1,18.8,12.0,62.8,10.0,0.6,0.6,0.4,-22.0,-8.4,4.4,-3.0,12.0,32.3,10.0,0.6,0.6,0.4,-1.68,2.5,3.0,0.9,12.0,2.86,10.0,0.6,0.6,0.4,-18.2,11.6,20.7,3.3,12.0,22.3,10.0,0.6,0.6,0.4,0.47,2.4,4.02,2.09,12.0,1.91,10.0,0.6,0.6,0.4,2.1,12.3,17.6,12.3,12.0,14.3,10.0,0.6,0.6,0.4,-33.8,0.0,131.0,30.2,12.0,84.6,10.0,0.6,0.6,0.4,-56.8,-11.3,12.1,-11.2,12.0,52.3,10.0,0.6,0.6,0.4,-18.2,0.0,66.6,15.9,12.0,51.0,10.0,0.6,0.6,0.4,-31.3,-5.4,6.4,-6.9,12.0,31.1,10.0,0.6,0.6,0.4,-13.3,-0.2,1.8,-0.8,12.0,16.6,10.0,0.6,0.6,0.4,-12.1,-1.7,0.7,-4.6,12.0,8.2,10.0,0.6,0.6,0.4,69.0,185.5,1259.5,504.0,12.0,540.5,10.0,0.6,0.6,0.4,70.0,185.0,1260.0,505.0,12.0,540.0,10.0,0.6,0.6,0.4
1974,2,228.0,38.0,11.61,12.7,12.77,12.2,3.0,0.95,8.0,0.0,0.3,0.9,8.95,9.5,11.15,10.03,4.0,1.53,8.0,0.0,0.4,0.8,5.66,5.88,5.95,5.8,3.0,0.22,8.0,0.0,0.3,0.9,70.7,74.1,81.5,76.0,3.0,8.1,8.0,0.0,0.9,7.7,7.7,9.06,8.35,4.0,1.3,8.0,0.0,0.4,0.8,-6.94,-2.95,3.79,-1.64,4.0,6.8,8.0,0.0,0.4,0.8,-5.83,-1.16,5.29,-0.31,4.0,6.69,8.0,0.0,0.4,0.8,1027.31,1028.4,1030.99,1029.13,3.0,2.77,8.0,0.0,0.3,0.9,4.5,5.5,7.0,5.8,4.0,1.7,8.0,0.0,0.4,0.8,-64.2,-22.7,29.2,-17.7,4.0,59.2,8.0,0.0,0.4,0.8,-53.9,-8.9,40.7,-6.7,4.0,57.3,8.0,0.0,0.4,0.8,0.14,2.8,3.48,1.83,3.0,2.59,8.0,0.0,0.3,0.9,1.1,21.6,33.6,17.4,3.0,24.1,8.0,0.0,0.3,0.9,2.39,3.05,3.35,2.87,3.0,0.72,8.0,0.0,0.3,0.9,19.5,26.8,30.0,24.8,3.0,7.9,8.0,0.0,0.3,0.9,-62.1,-26.5,37.9,-12.7,4.0,64.1,8.0,0.0,0.4,0.8,-52.1,-9.1,61.8,4.2,4.0,70.5,8.0,0.0,0.4,0.8,-31.7,0.0,27.4,-2.1,3.0,43.3,8.0,0.0,0.3,0.9,-21.9,14.6,36.1,7.3,3.0,43.0,8.0,0.0,0.3,0.9,-16.4,0.0,17.2,0.4,3.0,24.7,8.0,0.0,0.3,0.9,-10.9,9.2,13.9,1.7,3.0,19.3,8.0,0.0,0.3,0.9,456.5,456.5,790.0,615.5,4.0,318.0,8.0,0.0,0.4,0.8,455.0,455.0,790.0,615.0,4.0,320.0,8.0,0.0,0.4,0.8
1974,2,228.0,39.0,13.0,13.0,13.0,13.0,1.0,0.0,22.0,0.0,0.7,0.4,11.48,12.5,13.52,12.5,2.0,2.12,18.0,0.0,0.5,0.2,7.1,7.1,7.1,7.1,1.0,0.0,22.0,0.0,0.7,0.4,87.5,87.5,87.5,87.5,1.0,0.0,22.0,0.0,0.4,11.78,13.9,16.02,13.9,2.0,4.38,18.0,0.0,0.5,0.2,-0.41,6.65,13.72,6.65,2.0,14.63,18.0,0.0,0.5,0.2,1.61,5.07,8.54,5.07,2.0,7.18,18.0,0.0,0.5,0.2,1013.4,1013.4,1013.4,1013.4,1.0,0.0,22.0,0.0,0.7,0.4,6.3,7.0,7.7,7.0,2.0,1.4,18.0,0.0,0.5,0.2,12.3,124.6,236.8,124.6,2.0,232.6,18.0,0.0,0.5,0.2,17.4,54.8,92.2,54.8,2.0,77.5,18.0,0.0,0.5,0.2,2.0,2.0,2.0,2.0,1.0,0.0,22.0,0.0,0.7,0.4,34.0,34.0,34.0,34.0,1.0,0.0,22.0,0.0,0.7,0.4,2.18,2.18,2.18,2.18,1.0,0.0,22.0,0.0,0.7,0.4,37.0,37.0,37.0,37.0,1.0,0.0,22.0,0.0,0.7,0.4,-13.8,67.6,149.1,67.6,2.0,168.8,18.0,0.0,0.5,0.2,22.5,71.0,119.5,71.0,2.0,100.5,18.0,0.0,0.5,0.2,120.8,120.8,120.8,120.8,1.0,0.0,22.0,0.0,0.7,0.4,0.0,0.0,0.0,0.0,1.0,0.0,22.0,0.0,0.7,0.4,37.0,37.0,37.0,37.0,1.0,0.0,22.0,0.0,0.7,0.4,0.0,0.0,0.0,0.0,1.0,0.0,22.0,0.0,0.7,0.4,1839.5,3086.5,4333.0,3086.5,2.0,2583.5,18.0,0.0,0.5,0.2,1840.0,3085.0,4335.0,3085.0,2.0,2585.0,18.0,0.0,0.5,0.2
1974,2,228.0,40.0,11.1,11.1,11.1,11.1,1.0,0.0,6.0,0.0,0.6,0.7,10.0,10.0,10.0,10.0,1.0,0.0,6.0,0.0,0.6,0.7,6.9,6.9,6.9,6.9,1.0,0.0,6.0,0.0,0.6,0.7,92.9,92.9,92.9,92.9,1.0,0.0,6.0,0.0,0.7,8.2,8.2,8.2,8.2,1.0,0.0,6.0,0.0,0.6,0.7,-6.28,-6.28,-6.28,-6.28,1.0,0.0,6.0,0.0,0.6,0.7,-5.27,-5.27,-5.27,-5.27,1.0,0.0,6.0,0.0,0.6,0.7,1037.0,1037.0,1037.0,1037.0,1.0,0.0,6.0,0.0,0.6,0.7,8.0,8.0,8.0,8.0,1.0,0.0,6.0,0.0,0.6,0.7,-51.5,-51.5,-51.5,-51.5,1.0,0.0,6.0,0.0,0.6,0.7,-43.2,-43.2,-43.2,-43.2,1.0,0.0,6.0,0.0,0.6,0.7,1.1,1.1,1.1,1.1,1.0,0.0,6.0,0.0,0.6,0.7,9.0,9.0,9.0,9.0,1.0,0.0,6.0,0.0,0.6,0.7,1.1,1.1,1.1,1.1,1.0,0.0,6.0,0.0,0.6,0.7,9.0,9.0,9.0,9.0,1.0,0.0,6.0,0.0,0.6,0.7,-62.8,-62.8,-62.8,-62.8,1.0,0.0,6.0,0.0,0.6,0.7,-52.7,-52.7,-52.7,-52.7,1.0,0.0,6.0,0.0,0.6,0.7,-43.3,-43.3,-43.3,-43.3,1.0,0.0,6.0,0.0,0.6,0.7,-36.3,-36.3,-36.3,-36.3,1.0,0.0,6.0,0.0,0.6,0.7,-6.9,-6.9,-6.9,-6.9,1.0,0.0,6.0,0.0,0.6,0.7,-5.8,-5.8,-5.8,-5.8,1.0,0.0,6.0,0.0,0.6,0.7,551.5,551.5,551.5,551.5,1.0,0.0,6.0,0.0,0.6,0.7,550.0,550.0,550.0,550.0,1.0,0.0,6.0,0.0,0.6,0.7
1974,2,228.0,42.0,8.21,9.0,11.86,9.82,5.0,2.32,18.0,0.6,0.5,0.7,6.78,8.5,9.0,7.86,5.0,1.67,18.0,0.6,0.5,0.7,4.96,5.29,5.57,5.27,4.0,0.44,18.0,0.5,0.5,0.6,73.5,79.6,92.5,82.8,4.0,12.6,18.0,0.5,0.6,11.2,12.9,15.08,12.96,5.0,2.43,18.0,0.6,0.5,0.7,3.74,9.9,13.42,8.45,5.0,6.57,18.0,0.6,0.5,0.7,-3.61,2.59,11.91,3.66,5.0,8.16,18.0,0.6,0.5,0.7,1014.84,1023.6,1025.75,1021.06,5.0,6.45,18.0,0.6,0.5,0.7,3.3,5.0,5.4,4.4,5.0,1.5,18.0,0.6,0.5,0.7,32.5,152.4,183.9,115.0,5.0,96.0,18.0,0.6,0.5,0.7,-38.6,38.6,160.9,56.9,5.0,105.4,18.0,0.6,0.5,0.7,-0.55,3.4,3.94,1.96,5.0,2.54,18.0,0.6,0.5,0.7,-6.7,37.2,49.8,24.5,5.0,32.6,18.0,0.6,0.5,0.7,1.0,2.58,3.71,2.37,4.0,1.63,18.0,0.5,0.5,0.6,14.7,30.8,41.0,28.0,4.0,17.3,18.0,0.5,0.5,0.6,24.8,64.1,111.1,65.3,5.0,56.6,18.0,0.6,0.5,0.7,-30.7,23.3,75.0,22.8,5.0,61.7,18.0,0.6,0.5,0.7,11.3,45.1,56.5,34.4,4.0,32.6,18.0,0.5,0.5,0.6,-21.4,26.2,66.7,22.8,4.0,51.3,18.0,0.5,0.5,0.6,7.3,22.0,36.6,21.9,4.0,19.1,18.0,0.5,0.5,0.6,-16.0,-1.4,12.6,-1.7,4.0,18.2,18.0,0.5,0.5,0.6,1475.0,2146.5,3433.5,2354.5,5.0,1149.0,18.0,0.6,0.5,0.7,1475.0,2145.0,3435.0,2355.0,5.0,1150.0,18.0,0.6,0.5,0.7
1974,2,228.0,43.0,10.0,11.5,13.21,11.6,4.0,1.85,16.0,0.5,0.3,0.3,6.92,10.0,10.0,8.93,6.0,1.66,16.0,0.5,0.5,0.4,5.39,6.19,7.0,6.14,5.0,1.22,16.0,0.6,0.4,0.4,76.8,82.2,92.4,84.3,5.0,10.6,16.0,0.6,0.4,5.0,9.5,11.4,8.63,6.0,3.28,16.0,0.5,0.5,0.4,-0.95,4.48,6.87,3.48,6.0,5.23,16.0,0.5,0.5,0.4,-0.8,2.47,10.86,3.92,6.0,6.31,16.0,0.5,0.5,0.4,1011.9,1017.5,1027.06,1020.22,6.0,10.57,16.0,0.5,0.5,0.4,6.0,7.0,8.0,7.0,6.0,0.9,16.0,0.5,0.5,0.4,-4.4,34.8,60.8,35.7,6.0,48.7,16.0,0.5,0.5,0.4,-9.0,19.1,124.0,42.3,6.0,72.7,16.0,0.5,0.5,0.4,1.43,3.2,3.4,2.45,4.0,1.64,16.0,0.5,0.3,0.3,7.4,19.4,31.1,19.3,4.0,16.0,16.0,0.5,0.3,0.3,1.94,2.91,3.35,2.66,4.0,0.94,16.0,0.5,0.3,0.3,10.7,17.4,30.0,20.2,4.0,13.7,16.0,0.5,0.3,0.3,-6.3,44.8,62.2,32.1,6.0,39.6,16.0,0.5,0.5,0.4,-5.6,24.7,108.6,41.1,6.0,60.4,16.0,0.5,0.5,0.4,-7.0,23.5,34.4,15.0,5.0,24.2,16.0,0.6,0.4,0.4,0.0,33.1,73.4,37.3,5.0,39.3,16.0,0.6,0.4,0.4,-4.5,10.1,14.4,5.2,4.0,13.8,16.0,0.5,0.3,0.3,0.0,6.4,25.4,12.4,4.0,17.3,16.0,0.5,0.3,0.3,125.5,949.5,1484.0,869.0,6.0,716.5,16.0,0.5,0.5,0.4,125.0,950.0,1485.0,870.0,6.0,715.0,16.0,0.5,0.5,0.4
1974,2,228.0,44.0,7.19,8.9,10.41,8.72,11.0,1.64,18.0,0.5,0.6,0.6,6.6,8.05,10.0,8.42,12.0,1.69,16.0,0.6,0.5,0.6,5.17,6.14,6.8,6.0,10.0,0.92,16.0,0.5,0.6,0.6,76.6,88.0,98.3,87.6,10.0,11.0,16.0,0.5,0.6,5.1,11.8,15.81,11.31,12.0,5.09,16.0,0.6,0.5,0.6,-0.81,5.74,11.62,5.45,12.0,5.65,16.0,0.6,0.5,0.6,1.61,7.05,12.03,6.57,12.0,7.35,16.0,0.6,0.5,0.6,1007.37,1012.95,1031.68,1017.48,12.0,12.19,16.0,0.6,0.5,0.6,4.9,8.0,8.0,6.9,10.0,1.9,18.0,0.6,0.5,0.6,-4.3,42.4,189.4,77.3,12.0,89.7,16.0,0.6,0.5,0.6,8.5,89.7,190.5,99.9,12.0,121.4,16.0,0.6,0.5,0.6,-2.52,0.9,2.35,0.26,11.0,2.4,18.0,0.5,0.6,0.6,-25.8,7.2,22.3,0.4,11.0,33.3,18.0,0.5,0.6,0.6,-0.38,0.87,2.18,0.86,10.0,1.28,16.0,0.5,0.6,0.6,-6.1,8.6,15.4,7.2,10.0,13.7,16.0,0.5,0.6,0.6,-4.6,46.2,103.3,48.6,12.0,47.1,16.0,0.6,0.5,0.6,13.4,52.2,118.5,59.3,12.0,65.4,16.0,0.6,0.5,0.6,-9.1,31.5,64.9,29.2,10.0,33.2,16.0,0.5,0.6,0.6,14.0,39.4,88.0,45.1,10.0,48.1,16.0,0.5,0.6,0.6,-4.5,0.0,12.4,4.4,10.0,11.9,16.0,0.5,0.6,0.6,-9.7,2.8,10.2,1.2,10.0,9.1,16.0,0.5,0.6,0.6,132.5,1652.0,3973.0,2276.5,12.0,2551.5,16.0,0.6,0.5,0.6,135.0,1650.0,3975.0,2275.0,12.0,2550.0,16.0,0.6,0.5,0.6
1974,2,228.0,45.0,8.06,8.9,10.0,8.95,11.0,1.42,14.0,0.6,0.5,0.6,7.37,8.7,10.73,9.33,12.0,2.32,14.0,0.6,0.5,0.6,4.79,6.45,7.39,6.18,12.0,1.63,14.0,0.6,0.5,0.6,74.2,86.8,93.7,83.4,12.0,13.5,14.0,0.6,0.6,5.0,10.55,15.4,10.23,12.0,5.83,14.0,0.6,0.5,0.6,0.62,5.38,10.43,4.7,12.0,6.86,14.0,0.6,0.5,0.6,-4.84,0.0,7.89,0.94,12.0,8.72,14.0,0.6,0.5,0.6,1003.59,1011.35,1032.28,1014.11,12.0,13.21,14.0,0.6,0.5,0.6,6.2,8.0,8.0,7.3,11.0,1.4,14.0,0.5,0.4,0.6,1.4,42.4,159.3,56.8,12.0,102.3,14.0,0.6,0.5,0.6,-59.4,0.0,116.1,0.4,12.0,141.5,14.0,0.6,0.5,0.6,-1.64,-0.3,1.71,-0.6,11.0,2.55,14.0,0.6,0.5,0.6,-19.8,-1.0,11.1,-4.4,11.0,20.2,14.0,0.6,0.5,0.6,0.0,0.38,1.86,0.63,11.0,1.41,14.0,0.6,0.5,0.6,0.0,0.9,15.0,5.3,11.0,11.7,14.0,0.6,0.5,0.6,5.3,64.5,90.6,39.9,12.0,69.0,14.0,0.6,0.5,0.6,-39.9,0.0,83.3,16.0,12.0,79.8,14.0,0.6,0.5,0.6,3.7,32.7,65.3,25.9,12.0,47.7,14.0,0.6,0.5,0.6,-20.5,0.0,58.8,12.1,12.0,55.1,14.0,0.6,0.5,0.6,-0.2,0.9,10.0,4.1,11.0,9.7,14.0,0.6,0.5,0.6,-6.6,0.0,0.3,-2.5,11.0,7.0,14.0,0.6,0.5,0.6,178.5,1176.0,3652.5,1996.5,12.0,2230.5,14.0,0.6,0.5,0.6,180.0,1175.0,3650.0,1995.0,12.0,2230.0,14.0,0.6,0.5,0.6
1974,2,228.0,46.0,7.59,8.25,9.57,8.47,10.0,0.98,16.0,0.5,0.5,0.5,5.63,7.0,8.0,7.17,9.0,1.44,16.0,0.4,0.5,0.5,4.7,4.85,5.52,5.18,9.0,0.8,16.0,0.4,0.5,0.5,74.6,77.4,91.9,82.5,9.0,9.5,16.0,0.4,0.5,3.6,7.7,18.84,9.98,10.0,7.79,16.0,0.5,0.5,0.5,-0.48,4.5,11.49,5.02,10.0,6.03,16.0,0.5,0.5,0.5,-4.46,0.7,7.08,-0.17,10.0,10.34,16.0,0.5,0.5,0.5,999.51,1009.0,1028.0,1012.65,10.0,14.37,16.0,0.5,0.5,0.5,4.0,7.0,8.0,6.1,7.0,2.1,16.0,0.6,0.4,0.4,-2.2,38.0,178.3,74.7,10.0,103.4,16.0,0.5,0.5,0.5,-29.9,1.1,94.8,-12.3,10.0,225.9,16.0,0.5,0.5,0.5,0.05,2.0,2.73,1.39,9.0,1.42,16.0,0.4,0.5,0.5,1.6,10.8,40.9,17.4,9.0,19.7,16.0,0.4,0.5,0.5,0.96,1.94,2.53,1.72,9.0,0.96,16.0,0.4,0.5,0.5,3.0,15.9,38.3,18.8,9.0,17.9,16.0,0.4,0.5,0.5,8.6,44.0,92.8,45.9,9.0,40.2,16.0,0.4,0.5,0.5,-32.0,0.0,45.7,0.4,9.0,69.6,16.0,0.4,0.5,0.5,6.5,29.3,60.3,31.1,9.0,25.4,16.0,0.4,0.5,0.5,-22.3,0.0,29.9,-6.2,9.0,58.1,16.0,0.4,0.5,0.5,-0.3,5.9,26.9,12.8,9.0,15.8,16.0,0.4,0.5,0.5,-9.4,0.3,19.4,3.0,9.0,16.7,16.0,0.4,0.5,0.5,46.5,462.5,6921.5,2936.5,10.0,4857.5,16.0,0.5,0.5,0.5,45.0,460.0,6920.0,2935.0,10.0,4855.0,16.0,0.5,0.5,0.5
1974,2,228.0,47.0,6.43,7.4,9.57,7.97,10.0,1.69,14.0,0.8,0.5,0.3,5.45,7.2,9.0,7.29,13.0,1.69,14.0,0.8,0.5,0.3,3.9,4.94,6.38,5.0,10.0,1.11,16.0,0.8,0.6,0.3,65.7,78.5,92.2,78.6,10.0,12.8,16.0,0.8,0.3,5.55,8.5,18.25,10.42,12.0,5.83,14.0,0.8,0.5,0.3,4.19,7.88,13.22,8.14,12.0,5.48,14.0,0.8,0.5,0.3,-5.67,1.07,4.97,0.58,12.0,7.05,14.0,0.8,0.5,0.3,995.52,1005.8,1027.52,1008.34,13.0,18.24,14.0,0.8,0.5,0.3,4.0,6.0,8.0,6.0,11.0,1.9,14.0,0.7,0.5,0.3,22.1,67.1,200.3,111.1,12.0,119.3,14.0,0.8,0.5,0.3,-64.5,6.5,43.8,0.0,12.0,121.5,14.0,0.8,0.5,0.3,-2.29,0.15,3.23,0.51,10.0,2.83,14.0,0.8,0.5,0.3,-20.7,3.9,19.7,1.0,9.0,22.3,14.0,0.8,0.5,0.3,0.28,1.24,3.13,1.64,9.0,1.3,14.0,0.8,0.6,0.3,1.1,12.3,17.1,11.8,8.0,9.9,16.0,0.8,0.5,0.3,29.1,61.6,85.9,59.9,12.0,39.9,14.0,0.8,0.5,0.3,-28.4,7.7,33.0,9.3,12.0,54.5,14.0,0.8,0.5,0.3,19.2,28.7,55.0,31.8,9.0,22.2,16.0,0.8,0.6,0.3,-9.5,16.6,21.8,16.2,9.0,34.4,16.0,0.8,0.6,0.3,0.0,7.6,12.6,7.7,8.0,9.5,16.0,0.8,0.5,0.3,-9.9,0.1,12.1,1.0,8.0,9.9,16.0,0.8,0.5,0.3,172.0,630.5,6093.0,2221.0,12.0,3076.0,14.0,0.8,0.5,0.3,170.0,630.0,6095.0,2220.0,12.0,3075.0,14.0,0.8,0.5,0.3
1974,2,228.0,48.0,5.59,7.0,8.66,7.2,6.0,2.4,16.0,0.7,0.4,0.4,4.54,7.0,8.73,6.72,9.0,1.95,16.0,0.7,0.5,0.4,4.77,5.43,5.57,5.21,6.0,0.59,16.0,0.7,0.4,0.4,84.2,86.4,88.2,86.5,6.0,3.7,16.0,0.7,0.4,5.26,8.2,11.03,9.14,9.0,5.04,16.0,0.7,0.5,0.4,-6.88,5.02,7.16,1.94,9.0,7.28,16.0,0.7,0.5,0.4,-3.34,0.89,3.02,1.09,9.0,7.8,16.0,0.7,0.5,0.4,993.47,1004.0,1012.02,1002.52,9.0,11.63,16.0,0.7,0.5,0.4,3.3,6.0,8.0,5.8,9.0,2.3,16.0,0.7,0.5,0.4,-71.8,25.6,55.1,-5.4,9.0,96.9,16.0,0.7,0.5,0.4,-19.5,4.5,22.0,31.5,9.0,140.3,16.0,0.7,0.5,0.4,-1.02,-0.25,4.26,0.78,6.0,2.96,16.0,0.7,0.4,0.4,-17.2,-2.0,25.7,-3.5,6.0,32.6,16.0,0.7,0.4,0.4,0.4,0.92,2.52,1.19,6.0,1.14,16.0,0.7,0.4,0.4,1.7,7.3,14.7,6.8,6.0,8.5,16.0,0.7,0.4,0.4,-47.1,20.0,43.1,10.4,9.0,49.0,16.0,0.7,0.5,0.4,-20.5,6.5,22.2,5.6,9.0,59.1,16.0,0.7,0.5,0.4,-56.1,19.9,33.3,-0.2,6.0,44.7,16.0,0.7,0.4,0.4,-11.7,7.6,35.1,17.5,6.0,43.2,16.0,0.7,0.4,0.4,0.9,5.9,13.7,6.1,6.0,7.7,16.0,0.7,0.4,0.4,-4.0,-0.5,3.9,-0.1,6.0,5.0,16.0,0.7,0.4,0.4,147.0,551.5,1348.5,1552.5,9.0,2977.0,16.0,0.7,0.5,0.4,145.0,550.0,1350.0,1555.0,9.0,2975.0,16.0,0.7,0.5,0.4
1974,2,228.0,49.0,6.0,6.35,7.57,6.61,10.0,0.83,12.0,0.7,0.6,0.5,4.8,7.0,7.75,6.64,12.0,1.5,12.0,0.6,0.6,0.5,4.12,5.16,5.99,5.09,10.0,0.96,12.0,0.7,0.6,0.5,72.7,86.4,94.2,83.8,10.0,11.0,12.0,0.7,0.5,6.95,8.75,13.03,10.07,12.0,3.61,12.0,0.6,0.6,0.5,-4.46,5.74,7.88,3.9,12.0,6.37,12.0,0.6,0.6,0.5,-6.98,2.99,9.25,1.85,12.0,7.92,12.0,0.6,0.6,0.5,1002.22,1006.25,1021.8,1011.66,12.0,11.38,12.0,0.6,0.6,0.5,6.0,6.5,8.0,6.7,10.0,1.3,14.0,0.6,0.6,0.5,-58.1,40.8,83.4,42.6,12.0,88.2,12.0,0.6,0.6,0.5,-65.5,23.9,106.4,14.0,12.0,107.5,12.0,0.6,0.6,0.5,-1.29,-0.4,2.0,0.24,10.0,1.65,12.0,0.7,0.6,0.5,-10.6,-2.7,21.4,5.8,10.0,19.7,12.0,0.7,0.6,0.5,0.34,0.96,2.3,1.04,9.0,1.07,12.0,0.8,0.6,0.5,2.5,8.9,27.0,13.3,9.0,16.0,12.0,0.8,0.6,0.5,-31.2,39.4,54.8,22.8,12.0,41.7,12.0,0.6,0.6,0.5,-46.6,22.8,58.6,13.9,12.0,48.8,12.0,0.6,0.6,0.5,-8.7,29.1,40.1,18.9,10.0,31.8,12.0,0.7,0.6,0.5,-32.6,17.0,39.1,9.6,10.0,36.6,12.0,0.7,0.6,0.5,-2.3,3.3,17.3,8.2,9.0,12.7,12.0,0.8,0.6,0.5,-17.5,0.9,7.9,-2.6,9.0,14.5,12.0,0.8,0.6,0.5,339.0,678.0,2212.5,1424.5,12.0,1711.5,12.0,0.6,0.6,0.5,340.0,680.0,2215.0,1425.0,12.0,1710.0,12.0,0.6,0.6,0.5
1974,2,228.0,50.0,6.47,7.05,7.85,7.38,12.0,1.27,14.0,0.5,0.6,0.5,5.11,6.0,7.89,6.44,15.0,1.4,12.0,0.5,0.6,0.5,3.78,4.95,6.09,4.94,9.0,1.07,14.0,0.4,0.7,0.5,69.0,86.1,93.4,83.0,9.0,12.2,14.0,0.4,0.5,5.1,9.0,13.33,8.81,14.0,4.12,12.0,0.4,0.6,0.5,-2.7,3.66,6.61,3.09,14.0,5.14,12.0,0.4,0.6,0.5,-1.93,4.64,9.18,2.79,14.0,7.45,12.0,0.4,0.6,0.5,1002.72,1014.0,1030.15,1015.21,14.0,13.54,12.0,0.4,0.6,0.5,5.1,7.0,8.0,6.6,14.0,1.5,14.0,0.4,0.6,0.5,-17.1,25.8,65.7,26.6,14.0,64.0,12.0,0.4,0.6,0.5,-7.8,26.6,96.2,23.9,14.0,103.3,12.0,0.4,0.6,0.5,0.0,0.75,2.35,1.28,12.0,1.76,14.0,0.5,0.6,0.5,0.0,6.2,27.9,11.7,11.0,13.5,14.0,0.5,0.7,0.5,0.83,1.35,2.69,1.69,8.0,1.37,12.0,0.5,0.7,0.5,4.2,14.9,21.4,14.7,8.0,12.4,12.0,0.5,0.7,0.5,-19.4,25.5,39.7,16.7,14.0,35.5,12.0,0.4,0.6,0.5,-10.6,34.4,54.8,23.0,14.0,48.1,12.0,0.4,0.6,0.5,16.0,21.8,29.1,19.4,9.0,20.3,14.0,0.4,0.7,0.5,-16.1,6.9,37.3,8.3,9.0,44.5,14.0,0.4,0.7,0.5,4.2,5.1,20.5,11.0,8.0,11.3,12.0,0.5,0.7,0.5,-12.3,-0.4,12.0,0.1,8.0,11.7,12.0,0.5,0.7,0.5,132.5,731.5,2371.5,1131.5,14.0,1398.0,12.0,0.4,0.6,0.5,135.0,730.0,2370.0,1130.0,14.0,1400.0,12.0,0.4,0.6,0.5
1974,2,228.0,51.0,4.56,6.1,7.8,6.21,9.0,1.63,14.0,0.6,0.4,0.3,2.21,4.7,6.97,4.9,8.0,2.41,14.0,0.5,0.3,0.2,3.77,4.11,5.66,4.57,8.0,1.04,14.0,0.5,0.3,0.2,74.3,84.0,92.4,83.0,8.0,9.0,14.0,0.5,0.2,7.7,11.3,18.93,12.62,9.0,5.82,14.0,0.6,0.4,0.3,1.33,5.9,7.97,3.36,9.0,8.34,14.0,0.6,0.4,0.3,0.38,4.95,12.66,6.61,9.0,9.04,14.0,0.6,0.4,0.3,997.89,1001.7,1007.89,1000.71,9.0,9.84,14.0,0.6,0.4,0.3,3.0,4.0,8.0,5.0,7.0,2.6,16.0,0.6,0.3,0.2,12.2,59.3,79.1,12.1,9.0,145.3,14.0,0.6,0.4,0.3,3.1,38.1,207.5,117.6,9.0,184.4,14.0,0.6,0.4,0.3,0.56,1.3,2.64,1.11,8.0,2.1,14.0,0.5,0.3,0.2,4.6,14.1,42.8,18.5,8.0,25.9,14.0,0.5,0.3,0.2,0.94,1.35,2.15,1.33,8.0,1.13,14.0,0.5,0.3,0.2,10.1,16.8,28.5,17.0,8.0,13.5,14.0,0.5,0.3,0.2,3.3,33.3,50.8,27.6,8.0,29.2,14.0,0.5,0.3,0.2,1.1,21.1,43.3,15.4,8.0,35.0,14.0,0.5,0.3,0.2,3.0,31.0,38.1,16.6,8.0,37.6,14.0,0.5,0.3,0.2,0.7,27.5,40.8,22.2,8.0,39.3,14.0,0.5,0.3,0.2,-5.7,7.1,16.8,4.8,8.0,15.2,14.0,0.5,0.3,0.2,-4.7,4.7,24.7,8.1,8.0,13.5,14.0,0.5,0.3,0.2,456.5,1443.0,7190.0,3285.0,9.0,4298.0,14.0,0.6,0.4,0.3,455.0,1445.0,7190.0,3285.0,9.0,4300.0,14.0,0.6,0.4,0.3
1974,2,228.0,52.0,7.37,7.75,8.13,7.75,2.0,0.78,12.0,0.5,0.3,0.1,6.2,7.5,8.8,7.5,2.0,2.69,12.0,0.5,0.3,0.1,5.02,5.8,6.58,5.8,2.0,1.61,12.0,0.5,0.3,0.1,84.6,88.4,92.3,88.4,2.0,8.0,12.0,0.5,0.1,14.56,14.9,15.24,14.9,2.0,0.71,12.0,0.5,0.3,0.1,1.75,5.52,9.28,5.52,2.0,7.8,12.0,0.5,0.3,0.1,-5.34,3.07,11.49,3.07,2.0,17.43,12.0,0.5,0.3,0.1,1004.47,1007.2,1009.93,1007.2,2.0,5.66,12.0,0.5,0.3,0.1,6.0,6.0,6.0,6.0,1.0,0.0,4.0,0.0,0.1,0.0,25.2,79.4,133.6,79.4,2.0,112.3,12.0,0.5,0.3,0.1,-74.5,51.9,178.4,51.9,2.0,261.9,12.0,0.5,0.3,0.1,-0.67,0.25,1.17,0.25,2.0,1.91,12.0,0.5,0.3,0.1,-10.6,3.1,16.7,3.1,2.0,28.3,12.0,0.5,0.3,0.1,0.18,0.77,1.36,0.77,2.0,1.22,12.0,0.5,0.3,0.1,2.5,11.0,19.6,11.0,2.0,17.7,12.0,0.5,0.3,0.1,9.8,30.9,52.0,30.9,2.0,43.7,12.0,0.5,0.3,0.1,-20.6,46.5,113.6,46.5,2.0,139.0,12.0,0.5,0.3,0.1,8.2,25.7,43.3,25.7,2.0,36.4,12.0,0.5,0.3,0.1,-19.4,31.8,83.0,31.8,2.0,106.1,12.0,0.5,0.3,0.1,2.9,9.0,15.2,9.0,2.0,12.7,12.0,0.5,0.3,0.1,-13.0,-8.3,-3.6,-8.3,2.0,9.7,12.0,0.5,0.3,0.1,3091.5,3319.0,3546.5,3319.0,2.0,471.0,12.0,0.5,0.3,0.1,3090.0,3320.0,3545.0,3320.0,2.0,470.0,12.0,0.5,0.3,0.1
1974,2,229.0,-58.0,,,,,,,,,,,,,,,,,,,,,,,,,,,,,,,,,,,,,,,,13.0,13.0,13.0,13.0,1.0,0.0,24.0,1.0,0.7,0.9,9.96,9.96,9.96,9.96,1.0,0.0,24.0,1.0,0.7,0.9,8.36,8.36,8.36,8.36,1.0,0.0,24.0,1.0,0.7,0.9,993.3,993.3,993.3,993.3,1.0,0.0,24.0,1.0,0.7,0.9,,,,,,,,,,,,,,,,,,,,,,,,,,,,,,,,,,,,,,,,,,,,,,,,,,,,,,,,,,,,,,,,,,,,,,,,,,,,,,,,,,,,,,,,,,,,,,,,,,,,,,,,,,,,,,,,,,,,,,,,,,,,,,,,,,,,,,,,,,,,,,,,,,,,,,
1974,2,229.0,-42.0,15.5,15.5,15.5,15.5,1.0,0.0,26.0,0.0,0.4,0.1,14.0,14.0,14.0,14.0,1.0,0.0,26.0,0.0,0.4,0.1,8.76,8.76,8.76,8.76,1.0,0.0,26.0,0.0,0.4,0.1,88.9,88.9,88.9,88.9,1.0,0.0,26.0,0.0,0.1,8.2,8.2,8.2,8.2,1.0,0.0,26.0,0.0,0.4,0.1,-8.08,-8.08,-8.08,-8.08,1.0,0.0,26.0,0.0,0.4,0.1,1.42,1.42,1.42,1.42,1.0,0.0,26.0,0.0,0.4,0.1,1018.0,1018.0,1018.0,1018.0,1.0,0.0,26.0,0.0,0.4,0.1,8.0,8.0,8.0,8.0,1.0,0.0,26.0,0.0,0.4,0.1,-66.2,-66.2,-66.2,-66.2,1.0,0.0,26.0,0.0,0.4,0.1,11.7,11.7,11.7,11.7,1.0,0.0,26.0,0.0,0.4,0.1,1.5,1.5,1.5,1.5,1.0,0.0,26.0,0.0,0.4,0.1,12.3,12.3,12.3,12.3,1.0,0.0,26.0,0.0,0.4,0.1,2.11,2.11,2.11,2.11,1.0,0.0,26.0,0.0,0.4,0.1,17.3,17.3,17.3,17.3,1.0,0.0,26.0,0.0,0.4,0.1,-113.1,-113.1,-113.1,-113.1,1.0,0.0,26.0,0.0,0.4,0.1,19.9,19.9,19.9,19.9,1.0,0.0,26.0,0.0,0.4,0.1,-70.8,-70.8,-70.8,-70.8,1.0,0.0,26.0,0.0,0.4,0.1,12.5,12.5,12.5,12.5,1.0,0.0,26.0,0.0,0.4,0.1,-17.0,-17.0,-17.0,-17.0,1.0,0.0,26.0,0.0,0.4,0.1,3.0,3.0,3.0,3.0,1.0,0.0,26.0,0.0,0.4,0.1,551.5,551.5,551.5,551.5,1.0,0.0,26.0,0.0,0.4,0.1,550.0,550.0,550.0,550.0,1.0,0.0,26.0,0.0,0.4,0.1
1974,2,229.0,-37.0,18.0,18.0,18.0,18.0,1.0,0.0,8.0,0.0,1.0,0.2,19.09,20.35,21.61,20.35,2.0,2.62,16.0,0.0,0.7,0.6,14.45,14.45,14.45,14.45,1.0,0.0,22.0,0.0,0.4,0.9,87.4,87.4,87.4,87.4,1.0,0.0,22.0,0.0,0.9,6.91,7.35,7.79,7.35,2.0,0.92,16.0,0.0,0.7,0.6,3.92,5.14,6.36,5.14,2.0,2.53,16.0,0.0,0.7,0.6,-4.25,-0.9,2.44,-0.9,2.0,6.93,16.0,0.0,0.7,0.6,1020.96,1023.45,1025.94,1023.45,2.0,5.16,16.0,0.0,0.7,0.6,3.6,5.0,6.4,5.0,2.0,2.8,16.0,0.0,0.7,0.6,27.7,38.9,50.2,38.9,2.0,23.3,16.0,0.0,0.7,0.6,-27.6,-3.4,20.8,-3.4,2.0,50.1,16.0,0.0,0.7,0.6,,,,,,,,,,,,,,,,,,,,,,,,,,,,,,,,,,,,,,,,,82.9,101.3,119.6,101.3,2.0,38.0,16.0,0.0,0.7,0.6,-96.6,-27.4,41.8,-27.4,2.0,143.4,16.0,0.0,0.7,0.6,48.4,48.4,48.4,48.4,1.0,0.0,22.0,0.0,0.4,0.9,-83.8,-83.8,-83.8,-83.8,1.0,0.0,22.0,0.0,0.4,0.9,,,,,,,,,,,,,,,,,,,,,,,,,,,,,,,,,,,,,,,,
1974,2,229.0,-36.0,21.63,22.55,23.47,22.55,2.0,1.91,12.0,0.5,0.8,0.2,22.47,23.05,23.63,23.05,2.0,1.2,12.0,0.5,0.8,0.2,14.04,14.8,15.55,14.8,2.0,1.56,12.0,0.5,0.8,0.2,83.7,85.0,86.4,85.0,2.0,2.7,12.0,0.5,0.2,5.2,5.4,5.6,5.4,2.0,0.42,12.0,0.5,0.8,0.2,-2.31,-0.21,1.88,-0.21,2.0,4.33,12.0,0.5,0.8,0.2,-4.77,-4.42,-4.07,-4.42,2.0,0.73,12.0,0.5,0.8,0.2,1023.42,1023.45,1023.48,1023.45,2.0,0.07,12.0,0.5,0.8,0.2,5.2,5.5,5.8,5.5,2.0,0.7,12.0,0.5,0.8,0.2,-11.5,-0.2,11.0,-0.2,2.0,23.3,12.0,0.5,0.8,0.2,-26.8,-24.0,-21.2,-24.0,2.0,5.8,12.0,0.5,0.8,0.2,-0.84,-0.5,-0.16,-0.5,2.0,0.71,12.0,0.5,0.8,0.2,-4.3,-2.5,-0.8,-2.5,2.0,3.6,12.0,0.5,0.8,0.2,1.91,2.12,2.32,2.12,2.0,0.42,12.0,0.5,0.8,0.2,10.0,11.5,13.0,11.5,2.0,3.1,12.0,0.5,0.8,0.2,-50.4,-2.3,45.8,-2.3,2.0,99.6,12.0,0.5,0.8,0.2,-113.0,-102.4,-91.7,-102.4,2.0,22.1,12.0,0.5,0.8,0.2,-30.6,0.2,31.0,0.2,2.0,63.8,12.0,0.5,0.8,0.2,-74.5,-66.0,-57.5,-66.0,2.0,17.7,12.0,0.5,0.8,0.2,-3.9,0.4,4.8,0.4,2.0,9.1,12.0,0.5,0.8,0.2,-11.1,-9.5,-7.9,-9.5,2.0,3.4,12.0,0.5,0.8,0.2,141.0,159.0,177.0,159.0,2.0,37.0,12.0,0.5,0.8,0.2,140.0,160.0,175.0,160.0,2.0,35.0,12.0,0.5,0.8,0.2
1974,2,229.0,-31.0,,,,,,,,,,,,,,,,,,,,,,,,,,,,,,,,,,,,,,,,3.0,3.0,3.0,3.0,1.0,0.0,12.0,0.0,0.3,0.9,2.3,2.3,2.3,2.3,1.0,0.0,12.0,0.0,0.3,0.9,-1.93,-1.93,-1.93,-1.93,1.0,0.0,12.0,0.0,0.3,0.9,1019.5,1019.5,1019.5,1019.5,1.0,0.0,12.0,0.0,0.3,0.9,,,,,,,,,,,,,,,,,,,,,,,,,,,,,,,,,,,,,,,,,,,,,,,,,,,,,,,,,,,,,,,,,,,,,,,,,,,,,,,,,,,,,,,,,,,,,,,,,,,,,,,,,,,,,,,,,,,,,,,,,,,,,,,,,,,,,,,,,,,,,,,,,,,,,,
1974,2,229.0,-30.0,26.6,26.6,26.6,26.6,1.0,0.0,20.0,1.0,0.6,0.2,28.3,28.3,28.3,28.3,1.0,0.0,20.0,1.0,0.6,0.2,15.84,15.84,15.84,15.84,1.0,0.0,20.0,1.0,0.6,0.2,66.6,66.6,66.6,66.6,1.0,0.0,20.0,1.0,0.2,8.2,8.2,8.2,8.2,1.0,0.0,20.0,1.0,0.6,0.2,-7.71,-7.71,-7.71,-7.71,1.0,0.0,20.0,1.0,0.6,0.2,-2.8,-2.8,-2.8,-2.8,1.0,0.0,20.0,1.0,0.6,0.2,1021.3,1021.3,1021.3,1021.3,1.0,0.0,20.0,1.0,0.6,0.2,3.0,3.0,3.0,3.0,1.0,0.0,20.0,1.0,0.6,0.2,-63.2,-63.2,-63.2,-63.2,1.0,0.0,20.0,1.0,0.6,0.2,-23.0,-23.0,-23.0,-23.0,1.0,0.0,20.0,1.0,0.6,0.2,-1.7,-1.7,-1.7,-1.7,1.0,0.0,20.0,1.0,0.6,0.2,-13.9,-13.9,-13.9,-13.9,1.0,0.0,20.0,1.0,0.6,0.2,5.76,5.76,5.76,5.76,1.0,0.0,20.0,1.0,0.6,0.2,47.2,47.2,47.2,47.2,1.0,0.0,20.0,1.0,0.6,0.2,-218.1,-218.1,-218.1,-218.1,1.0,0.0,20.0,1.0,0.6,0.2,-79.4,-79.4,-79.4,-79.4,1.0,0.0,20.0,1.0,0.6,0.2,-122.0,-122.0,-122.0,-122.0,1.0,0.0,20.0,1.0,0.6,0.2,-44.4,-44.4,-44.4,-44.4,1.0,0.0,20.0,1.0,0.6,0.2,-44.4,-44.4,-44.4,-44.4,1.0,0.0,20.0,1.0,0.6,0.2,-16.1,-16.1,-16.1,-16.1,1.0,0.0,20.0,1.0,0.6,0.2,551.5,551.5,551.5,551.5,1.0,0.0,20.0,1.0,0.6,0.2,550.0,550.0,550.0,550.0,1.0,0.0,20.0,1.0,0.6,0.2
1974,2,229.0,-29.0,,,,,,,,,,,,,,,,,,,,,,,,,,,,,,,,,,,,,,,,5.0,5.0,5.0,5.0,1.0,0.0,28.0,1.0,0.4,0.8,-3.83,-3.83,-3.83,-3.83,1.0,0.0,28.0,1.0,0.4,0.8,3.21,3.21,3.21,3.21,1.0,0.0,28.0,1.0,0.4,0.8,1028.6,1028.6,1028.6,1028.6,1.0,0.0,28.0,1.0,0.4,0.8,,,,,,,,,,,,,,,,,,,,,,,,,,,,,,,,,,,,,,,,,,,,,,,,,,,,,,,,,,,,,,,,,,,,,,,,,,,,,,,,,,,,,,,,,,,,,,,,,,,,,,,,,,,,,,,,,,,,,,,,,,,,,,,,,,,,,,,,,,,,,,,,,,,,,,
1974,2,229.0,-26.0,27.9,28.1,28.3,28.1,2.0,0.42,24.0,1.0,0.4,0.9,25.66,26.0,26.34,26.0,2.0,0.71,24.0,1.0,0.4,0.9,14.62,14.94,15.26,14.94,2.0,0.65,24.0,1.0,0.4,0.9,68.9,71.8,74.8,71.8,2.0,6.1,24.0,1.0,0.9,5.27,5.65,6.03,5.65,2.0,0.78,24.0,1.0,0.4,0.9,-5.98,-5.5,-5.02,-5.5,2.0,1.0,24.0,1.0,0.4,0.9,-1.47,-0.87,-0.28,-0.87,2.0,1.23,24.0,1.0,0.4,0.9,1017.66,1017.8,1017.94,1017.8,2.0,0.28,24.0,1.0,0.4,0.9,4.0,4.0,4.0,4.0,2.0,0.0,24.0,1.0,0.4,0.9,-36.2,-31.4,-26.7,-31.4,2.0,9.9,24.0,1.0,0.4,0.9,-7.5,-4.4,-1.4,-4.4,2.0,6.3,24.0,1.0,0.4,0.9,1.55,2.1,2.65,2.1,2.0,1.13,24.0,1.0,0.4,0.9,8.4,12.3,16.2,12.3,2.0,8.0,24.0,1.0,0.4,0.9,8.72,8.75,8.79,8.75,2.0,0.07,24.0,1.0,0.4,0.9,46.3,49.4,52.5,49.4,2.0,6.4,24.0,1.0,0.4,0.9,-153.2,-142.5,-131.9,-142.5,2.0,22.0,24.0,1.0,0.4,0.9,-38.9,-23.1,-7.3,-23.1,2.0,32.7,24.0,1.0,0.4,0.9,-91.3,-82.4,-73.5,-82.4,2.0,18.5,24.0,1.0,0.4,0.9,-21.2,-12.6,-4.0,-12.6,2.0,17.9,24.0,1.0,0.4,0.9,-52.1,-48.1,-44.1,-48.1,2.0,8.4,24.0,1.0,0.4,0.9,-12.9,-7.7,-2.4,-7.7,2.0,10.9,24.0,1.0,0.4,0.9,149.5,185.5,221.5,185.5,2.0,74.5,24.0,1.0,0.4,0.9,150.0,185.0,220.0,185.0,2.0,75.0,24.0,1.0,0.4,0.9
1974,2,229.0,-25.0,28.9,28.9,28.9,28.9,1.0,0.0,28.0,0.0,0.8,0.4,25.8,25.8,25.8,25.8,1.0,0.0,28.0,0.0,0.8,0.4,15.46,15.46,15.46,15.46,1.0,0.0,28.0,0.0,0.8,0.4,75.3,75.3,75.3,75.3,1.0,0.0,28.0,0.0,0.4,4.6,4.6,4.6,4.6,1.0,0.0,28.0,0.0,0.8,0.4,-4.53,-4.53,-4.53,-4.53,1.0,0.0,28.0,0.0,0.8,0.4,-0.8,-0.8,-0.8,-0.8,1.0,0.0,28.0,0.0,0.8,0.4,1020.6,1020.6,1020.6,1020.6,1.0,0.0,28.0,0.0,0.8,0.4,3.0,3.0,3.0,3.0,1.0,0.0,28.0,0.0,0.8,0.4,-20.8,-20.8,-20.8,-20.8,1.0,0.0,28.0,0.0,0.8,0.4,-3.7,-3.7,-3.7,-3.7,1.0,0.0,28.0,0.0,0.8,0.4,3.1,3.1,3.1,3.1,1.0,0.0,28.0,0.0,0.8,0.4,14.3,14.3,14.3,14.3,1.0,0.0,28.0,0.0,0.8,0.4,9.31,9.31,9.31,9.31,1.0,0.0,28.0,0.0,0.8,0.4,42.8,42.8,42.8,42.8,1.0,0.0,28.0,0.0,0.8,0.4,-116.9,-116.9,-116.9,-116.9,1.0,0.0,28.0,0.0,0.8,0.4,-20.6,-20.6,-20.6,-20.6,1.0,0.0,28.0,0.0,0.8,0.4,-70.0,-70.0,-70.0,-70.0,1.0,0.0,28.0,0.0,0.8,0.4,-12.3,-12.3,-12.3,-12.3,1.0,0.0,28.0,0.0,0.8,0.4,-42.2,-42.2,-42.2,-42.2,1.0,0.0,28.0,0.0,0.8,0.4,-7.4,-7.4,-7.4,-7.4,1.0,0.0,28.0,0.0,0.8,0.4,97.5,97.5,97.5,97.5,1.0,0.0,28.0,0.0,0.8,0.4,95.0,95.0,95.0,95.0,1.0,0.0,28.0,0.0,0.8,0.4
1974,2,229.0,-21.0,24.5,24.5,24.5,24.5,1.0,0.0,18.0,0.0,0.6,0.4,23.9,23.9,23.9,23.9,1.0,0.0,18.0,0.0,0.6,0.4,15.19,15.19,15.19,15.19,1.0,0.0,18.0,0.0,0.6,0.4,82.3,82.3,82.3,82.3,1.0,0.0,18.0,0.0,0.4,5.1,5.1,5.1,5.1,1.0,0.0,18.0,0.0,0.6,0.4,-5.1,-5.1,-5.1,-5.1,1.0,0.0,18.0,0.0,0.6,0.4,0.0,0.0,0.0,0.0,1.0,0.0,18.0,0.0,0.6,0.4,1013.2,1013.2,1013.2,1013.2,1.0,0.0,18.0,0.0,0.6,0.4,8.0,8.0,8.0,8.0,1.0,0.0,18.0,0.0,0.6,0.4,-26.0,-26.0,-26.0,-26.0,1.0,0.0,18.0,0.0,0.6,0.4,0.0,0.0,0.0,0.0,1.0,0.0,18.0,0.0,0.6,0.4,0.6,0.6,0.6,0.6,1.0,0.0,18.0,0.0,0.6,0.4,3.1,3.1,3.1,3.1,1.0,0.0,18.0,0.0,0.6,0.4,3.99,3.99,3.99,3.99,1.0,0.0,18.0,0.0,0.6,0.4,20.4,20.4,20.4,20.4,1.0,0.0,18.0,0.0,0.6,0.4,-121.9,-121.9,-121.9,-121.9,1.0,0.0,18.0,0.0,0.6,0.4,0.0,0.0,0.0,0.0,1.0,0.0,18.0,0.0,0.6,0.4,-77.5,-77.5,-77.5,-77.5,1.0,0.0,18.0,0.0,0.6,0.4,0.0,0.0,0.0,0.0,1.0,0.0,18.0,0.0,0.6,0.4,-20.4,-20.4,-20.4,-20.4,1.0,0.0,18.0,0.0,0.6,0.4,0.0,0.0,0.0,0.0,1.0,0.0,18.0,0.0,0.6,0.4,132.5,132.5,132.5,132.5,1.0,0.0,18.0,0.0,0.6,0.4,135.0,135.0,135.0,135.0,1.0,0.0,18.0,0.0,0.6,0.4
1974,2,229.0,-20.0,26.1,26.1,26.1,26.1,1.0,0.0,12.0,0.0,0.1,0.3,25.0,25.0,25.0,25.0,1.0,0.0,12.0,0.0,0.1,0.3,16.26,16.26,16.26,16.26,1.0,0.0,12.0,0.0,0.1,0.3,82.9,82.9,82.9,82.9,1.0,0.0,12.0,0.0,0.3,6.2,6.2,6.2,6.2,1.0,0.0,12.0,0.0,0.1,0.3,-6.11,-6.11,-6.11,-6.11,1.0,0.0,12.0,0.0,0.1,0.3,1.08,1.08,1.08,1.08,1.0,0.0,12.0,0.0,0.1,0.3,1019.8,1019.8,1019.8,1019.8,1.0,0.0,12.0,0.0,0.1,0.3,6.0,6.0,6.0,6.0,1.0,0.0,12.0,0.0,0.1,0.3,-37.9,-37.9,-37.9,-37.9,1.0,0.0,12.0,0.0,0.1,0.3,6.7,6.7,6.7,6.7,1.0,0.0,12.0,0.0,0.1,0.3,1.1,1.1,1.1,1.1,1.0,0.0,12.0,0.0,0.1,0.3,6.8,6.8,6.8,6.8,1.0,0.0,12.0,0.0,0.1,0.3,4.73,4.73,4.73,4.73,1.0,0.0,12.0,0.0,0.1,0.3,29.3,29.3,29.3,29.3,1.0,0.0,12.0,0.0,0.1,0.3,-152.6,-152.6,-152.6,-152.6,1.0,0.0,12.0,0.0,0.1,0.3,26.9,26.9,26.9,26.9,1.0,0.0,12.0,0.0,0.1,0.3,-99.3,-99.3,-99.3,-99.3,1.0,0.0,12.0,0.0,0.1,0.3,17.5,17.5,17.5,17.5,1.0,0.0,12.0,0.0,0.1,0.3,-28.9,-28.9,-28.9,-28.9,1.0,0.0,12.0,0.0,0.1,0.3,5.1,5.1,5.1,5.1,1.0,0.0,12.0,0.0,0.1,0.3,238.5,238.5,238.5,238.5,1.0,0.0,12.0,0.0,0.1,0.3,240.0,240.0,240.0,240.0,1.0,0.0,12.0,0.0,0.1,0.3
1974,2,229.0,-19.0,25.6,25.6,25.6,25.6,1.0,0.0,20.0,1.0,0.8,0.4,26.4,26.4,26.4,26.4,1.0,0.0,20.0,1.0,0.8,0.4,16.44,16.44,16.44,16.44,1.0,0.0,20.0,1.0,0.8,0.4,76.8,76.8,76.8,76.8,1.0,0.0,20.0,1.0,0.4,5.7,5.7,5.7,5.7,1.0,0.0,20.0,1.0,0.8,0.4,-5.61,-5.61,-5.61,-5.61,1.0,0.0,20.0,1.0,0.8,0.4,0.99,0.99,0.99,0.99,1.0,0.0,20.0,1.0,0.8,0.4,1014.9,1014.9,1014.9,1014.9,1.0,0.0,20.0,1.0,0.8,0.4,5.0,5.0,5.0,5.0,1.0,0.0,20.0,1.0,0.8,0.4,-32.0,-32.0,-32.0,-32.0,1.0,0.0,20.0,1.0,0.8,0.4,5.6,5.6,5.6,5.6,1.0,0.0,20.0,1.0,0.8,0.4,-0.8,-0.8,-0.8,-0.8,1.0,0.0,20.0,1.0,0.8,0.4,-4.6,-4.6,-4.6,-4.6,1.0,0.0,20.0,1.0,0.8,0.4,4.03,4.03,4.03,4.03,1.0,0.0,20.0,1.0,0.8,0.4,23.0,23.0,23.0,23.0,1.0,0.0,20.0,1.0,0.8,0.4,-148.2,-148.2,-148.2,-148.2,1.0,0.0,20.0,1.0,0.8,0.4,26.1,26.1,26.1,26.1,1.0,0.0,20.0,1.0,0.8,0.4,-92.3,-92.3,-92.3,-92.3,1.0,0.0,20.0,1.0,0.8,0.4,16.3,16.3,16.3,16.3,1.0,0.0,20.0,1.0,0.8,0.4,-22.6,-22.6,-22.6,-22.6,1.0,0.0,20.0,1.0,0.8,0.4,4.0,4.0,4.0,4.0,1.0,0.0,20.0,1.0,0.8,0.4,185.0,185.0,185.0,185.0,1.0,0.0,20.0,1.0,0.8,0.4,185.0,185.0,185.0,185.0,1.0,0.0,20.0,1.0,0.8,0.4
1974,2,229.0,-17.0,26.0,26.0,26.0,26.0,1.0,0.0,26.0,0.0,0.3,1.0,26.5,26.5,26.5,26.5,1.0,0.0,26.0,0.0,0.3,1.0,17.47,17.47,17.47,17.47,1.0,0.0,26.0,0.0,0.3,1.0,81.1,81.1,81.1,81.1,1.0,0.0,26.0,0.0,1.0,7.7,7.7,7.7,7.7,1.0,0.0,26.0,0.0,0.3,1.0,-7.7,-7.7,-7.7,-7.7,1.0,0.0,26.0,0.0,0.3,1.0,0.0,0.0,0.0,0.0,1.0,0.0,26.0,0.0,0.3,1.0,1015.1,1015.1,1015.1,1015.1,1.0,0.0,26.0,0.0,0.3,1.0,2.0,2.0,2.0,2.0,1.0,0.0,26.0,0.0,0.3,1.0,-59.3,-59.3,-59.3,-59.3,1.0,0.0,26.0,0.0,0.3,1.0,0.0,0.0,0.0,0.0,1.0,0.0,26.0,0.0,0.3,1.0,-0.5,-0.5,-0.5,-0.5,1.0,0.0,26.0,0.0,0.3,1.0,-3.8,-3.8,-3.8,-3.8,1.0,0.0,26.0,0.0,0.3,1.0,3.49,3.49,3.49,3.49,1.0,0.0,26.0,0.0,0.3,1.0,26.8,26.8,26.8,26.8,1.0,0.0,26.0,0.0,0.3,1.0,-204.0,-204.0,-204.0,-204.0,1.0,0.0,26.0,0.0,0.3,1.0,0.0,0.0,0.0,0.0,1.0,0.0,26.0,0.0,0.3,1.0,-134.5,-134.5,-134.5,-134.5,1.0,0.0,26.0,0.0,0.3,1.0,0.0,0.0,0.0,0.0,1.0,0.0,26.0,0.0,0.3,1.0,-26.8,-26.8,-26.8,-26.8,1.0,0.0,26.0,0.0,0.3,1.0,0.0,0.0,0.0,0.0,1.0,0.0,26.0,0.0,0.3,1.0,456.5,456.5,456.5,456.5,1.0,0.0,26.0,0.0,0.3,1.0,455.0,455.0,455.0,455.0,1.0,0.0,26.0,0.0,0.3,1.0
1974,2,229.0,-16.0,26.0,26.0,26.0,26.0,1.0,0.0,4.0,1.0,1.0,0.7,25.6,25.6,25.6,25.6,1.0,0.0,4.0,1.0,1.0,0.7,14.97,14.97,14.97,14.97,1.0,0.0,4.0,1.0,1.0,0.7,73.4,73.4,73.4,73.4,1.0,0.0,4.0,1.0,0.7,4.1,4.1,4.1,4.1,1.0,0.0,4.0,1.0,1.0,0.7,-4.1,-4.1,-4.1,-4.1,1.0,0.0,4.0,1.0,1.0,0.7,0.0,0.0,0.0,0.0,1.0,0.0,4.0,1.0,1.0,0.7,1015.5,1015.5,1015.5,1015.5,1.0,0.0,4.0,1.0,1.0,0.7,6.0,6.0,6.0,6.0,1.0,0.0,4.0,1.0,1.0,0.7,-16.8,-16.8,-16.8,-16.8,1.0,0.0,4.0,1.0,1.0,0.7,0.0,0.0,0.0,0.0,1.0,0.0,4.0,1.0,1.0,0.7,0.4,0.4,0.4,0.4,1.0,0.0,4.0,1.0,1.0,0.7,1.6,1.6,1.6,1.6,1.0,0.0,4.0,1.0,1.0,0.7,5.98,5.98,5.98,5.98,1.0,0.0,4.0,1.0,1.0,0.7,24.5,24.5,24.5,24.5,1.0,0.0,4.0,1.0,1.0,0.7,-105.0,-105.0,-105.0,-105.0,1.0,0.0,4.0,1.0,1.0,0.7,0.0,0.0,0.0,0.0,1.0,0.0,4.0,1.0,1.0,0.7,-61.4,-61.4,-61.4,-61.4,1.0,0.0,4.0,1.0,1.0,0.7,0.0,0.0,0.0,0.0,1.0,0.0,4.0,1.0,1.0,0.7,-24.5,-24.5,-24.5,-24.5,1.0,0.0,4.0,1.0,1.0,0.7,0.0,0.0,0.0,0.0,1.0,0.0,4.0,1.0,1.0,0.7,69.0,69.0,69.0,69.0,1.0,0.0,4.0,1.0,1.0,0.7,70.0,70.0,70.0,70.0,1.0,0.0,4.0,1.0,1.0,0.7
1974,2,229.0,-11.0,25.73,26.0,26.34,26.03,3.0,0.45,12.0,0.7,0.3,0.8,25.3,25.5,25.7,25.5,3.0,0.3,12.0,0.7,0.3,0.8,15.28,15.46,15.71,15.5,3.0,0.32,12.0,0.7,0.3,0.8,76.1,76.2,76.2,76.2,3.0,0.0,12.0,0.7,0.8,5.29,5.7,6.38,5.83,3.0,0.81,12.0,0.7,0.3,0.8,-5.91,-4.42,-4.38,-5.13,3.0,1.27,12.0,0.7,0.3,0.8,1.6,2.55,3.31,2.46,3.0,1.25,12.0,0.7,0.3,0.8,1010.22,1012.4,1013.49,1011.87,3.0,2.44,12.0,0.7,0.3,0.8,2.3,3.0,5.0,3.7,3.0,2.1,12.0,0.7,0.3,0.8,-38.1,-24.9,-23.3,-30.5,3.0,11.9,12.0,0.7,0.3,0.8,9.4,13.0,18.4,13.9,3.0,6.6,12.0,0.7,0.3,0.8,0.12,0.8,0.94,0.53,3.0,0.64,12.0,0.7,0.3,0.8,0.4,4.1,5.2,2.8,3.0,3.7,12.0,0.7,0.3,0.8,5.09,5.81,6.05,5.57,3.0,0.73,12.0,0.7,0.3,0.8,30.3,31.8,34.1,32.2,3.0,2.7,12.0,0.7,0.3,0.8,-151.5,-111.3,-111.3,-131.0,3.0,34.0,12.0,0.7,0.3,0.8,40.9,64.3,84.2,62.6,3.0,31.7,12.0,0.7,0.3,0.8,-92.7,-67.5,-67.3,-79.7,3.0,21.4,12.0,0.7,0.3,0.8,24.9,38.8,51.0,37.9,3.0,19.1,12.0,0.7,0.3,0.8,-29.9,-26.9,-26.1,-28.0,3.0,3.0,12.0,0.7,0.3,0.8,8.5,14.8,20.1,14.3,3.0,8.5,12.0,0.7,0.3,0.8,149.5,185.0,264.0,206.0,3.0,86.0,12.0,0.7,0.3,0.8,150.0,185.0,265.0,205.0,3.0,85.0,12.0,0.7,0.3,0.8
1974,2,229.0,-9.0,25.95,26.7,27.45,26.7,2.0,1.56,12.0,0.0,0.3,0.7,25.12,25.15,25.18,25.15,2.0,0.07,12.0,0.0,0.3,0.7,17.68,17.85,18.03,17.85,2.0,0.36,12.0,0.0,0.3,0.7,88.6,89.5,90.4,89.5,2.0,1.9,12.0,0.0,0.7,3.51,4.4,5.29,4.4,2.0,1.84,12.0,0.0,0.3,0.7,-5.29,-4.4,-3.51,-4.4,2.0,1.84,12.0,0.0,0.3,0.7,0.0,0.0,0.0,0.0,2.0,0.0,12.0,0.0,0.3,0.7,1010.57,1012.0,1013.43,1012.0,2.0,2.97,12.0,0.0,0.3,0.7,1.0,1.0,1.0,1.0,2.0,0.0,12.0,0.0,0.3,0.7,-28.9,-21.0,-13.2,-21.0,2.0,16.2,12.0,0.0,0.3,0.7,0.0,0.0,0.0,0.0,2.0,0.0,12.0,0.0,0.3,0.7,0.83,1.55,2.27,1.55,2.0,1.48,12.0,0.0,0.3,0.7,3.7,8.2,12.7,8.2,2.0,9.4,12.0,0.0,0.3,0.7,2.98,4.11,5.24,4.11,2.0,2.33,12.0,0.0,0.3,0.7,11.6,20.2,28.8,20.2,2.0,17.8,12.0,0.0,0.3,0.7,-133.2,-110.7,-88.3,-110.7,2.0,46.5,12.0,0.0,0.3,0.7,0.0,0.0,0.0,0.0,2.0,0.0,12.0,0.0,0.3,0.7,-93.3,-78.2,-63.2,-78.2,2.0,31.2,12.0,0.0,0.3,0.7,0.0,0.0,0.0,0.0,2.0,0.0,12.0,0.0,0.3,0.7,-28.8,-20.2,-11.6,-20.2,2.0,17.8,12.0,0.0,0.3,0.7,0.0,0.0,0.0,0.0,2.0,0.0,12.0,0.0,0.3,0.7,54.5,107.5,160.5,107.5,2.0,110.0,12.0,0.0,0.3,0.7,55.0,105.0,160.0,105.0,2.0,110.0,12.0,0.0,0.3,0.7
1974,2,229.0,-8.0,25.0,25.0,25.0,25.0,1.0,0.0,18.0,1.0,0.9,0.4,29.0,29.0,29.0,29.0,1.0,0.0,18.0,1.0,0.9,0.4,18.83,18.83,18.83,18.83,1.0,0.0,18.0,1.0,0.9,0.4,75.3,75.3,75.3,75.3,1.0,0.0,18.0,1.0,0.4,5.7,5.7,5.7,5.7,1.0,0.0,18.0,1.0,0.9,0.4,-5.7,-5.7,-5.7,-5.7,1.0,0.0,18.0,1.0,0.9,0.4,0.0,0.0,0.0,0.0,1.0,0.0,18.0,1.0,0.9,0.4,1013.5,1013.5,1013.5,1013.5,1.0,0.0,18.0,1.0,0.9,0.4,3.0,3.0,3.0,3.0,1.0,0.0,18.0,1.0,0.9,0.4,-32.5,-32.5,-32.5,-32.5,1.0,0.0,18.0,1.0,0.9,0.4,0.0,0.0,0.0,0.0,1.0,0.0,18.0,1.0,0.9,0.4,-4.0,-4.0,-4.0,-4.0,1.0,0.0,18.0,1.0,0.9,0.4,-22.8,-22.8,-22.8,-22.8,1.0,0.0,18.0,1.0,0.9,0.4,0.94,0.94,0.94,0.94,1.0,0.0,18.0,1.0,0.9,0.4,5.3,5.3,5.3,5.3,1.0,0.0,18.0,1.0,0.9,0.4,-165.3,-165.3,-165.3,-165.3,1.0,0.0,18.0,1.0,0.9,0.4,0.0,0.0,0.0,0.0,1.0,0.0,18.0,1.0,0.9,0.4,-107.3,-107.3,-107.3,-107.3,1.0,0.0,18.0,1.0,0.9,0.4,0.0,0.0,0.0,0.0,1.0,0.0,18.0,1.0,0.9,0.4,-5.3,-5.3,-5.3,-5.3,1.0,0.0,18.0,1.0,0.9,0.4,0.0,0.0,0.0,0.0,1.0,0.0,18.0,1.0,0.9,0.4,185.0,185.0,185.0,185.0,1.0,0.0,18.0,1.0,0.9,0.4,185.0,185.0,185.0,185.0,1.0,0.0,18.0,1.0,0.9,0.4
1974,2,229.0,-7.0,25.19,25.8,25.87,25.53,3.0,0.55,26.0,0.3,0.6,0.3,25.13,25.4,25.54,25.33,3.0,0.31,26.0,0.3,0.6,0.3,17.46,17.47,17.6,17.53,3.0,0.11,26.0,0.3,0.6,0.3,86.1,86.1,87.5,86.8,3.0,1.2,26.0,0.3,0.3,7.77,9.0,9.0,8.4,3.0,1.04,26.0,0.3,0.6,0.3,-8.25,-7.79,-6.24,-7.26,3.0,1.54,26.0,0.3,0.6,0.3,3.53,4.5,4.59,4.07,3.0,0.86,26.0,0.3,0.6,0.3,1009.29,1009.9,1010.58,1009.93,3.0,0.95,26.0,0.3,0.6,0.3,2.3,3.0,4.4,3.3,3.0,1.5,26.0,0.3,0.6,0.3,-74.2,-70.1,-49.4,-62.0,3.0,19.5,26.0,0.3,0.6,0.3,29.5,33.3,38.2,33.8,3.0,6.4,26.0,0.3,0.6,0.3,0.03,0.3,0.37,0.2,3.0,0.26,26.0,0.3,0.6,0.3,0.4,2.7,3.3,1.9,3.0,2.3,26.0,0.3,0.6,0.3,2.58,3.27,3.33,2.96,3.0,0.61,26.0,0.3,0.6,0.3,20.4,29.4,30.0,25.3,3.0,7.8,26.0,0.3,0.6,0.3,-210.0,-199.5,-157.5,-184.1,3.0,40.7,26.0,0.3,0.6,0.3,89.9,115.2,115.5,103.0,3.0,21.5,26.0,0.3,0.6,0.3,-144.5,-137.6,-109.5,-127.2,3.0,27.2,26.0,0.3,0.6,0.3,61.9,79.4,80.4,71.3,3.0,15.3,26.0,0.3,0.6,0.3,-27.5,-25.5,-16.6,-22.1,3.0,8.5,26.0,0.3,0.6,0.3,10.4,10.5,13.4,11.8,3.0,2.5,26.0,0.3,0.6,0.3,486.0,729.0,729.0,610.5,3.0,205.5,26.0,0.3,0.6,0.3,485.0,730.0,730.0,610.0,3.0,205.0,26.0,0.3,0.6,0.3
1974,2,229.0,-2.0,24.0,24.0,24.0,24.0,1.0,0.0,10.0,1.0,0.8,0.7,25.0,25.0,25.0,25.0,1.0,0.0,10.0,1.0,0.8,0.7,15.29,15.29,15.29,15.29,1.0,0.0,10.0,1.0,0.8,0.7,77.5,77.5,77.5,77.5,1.0,0.0,10.0,1.0,0.7,6.7,6.7,6.7,6.7,1.0,0.0,10.0,1.0,0.8,0.7,-6.6,-6.6,-6.6,-6.6,1.0,0.0,10.0,1.0,0.8,0.7,1.16,1.16,1.16,1.16,1.0,0.0,10.0,1.0,0.8,0.7,1013.0,1013.0,1013.0,1013.0,1.0,0.0,10.0,1.0,0.8,0.7,2.0,2.0,2.0,2.0,1.0,0.0,10.0,1.0,0.8,0.7,-44.2,-44.2,-44.2,-44.2,1.0,0.0,10.0,1.0,0.8,0.7,7.8,7.8,7.8,7.8,1.0,0.0,10.0,1.0,0.8,0.7,-1.0,-1.0,-1.0,-1.0,1.0,0.0,10.0,1.0,0.8,0.7,-6.7,-6.7,-6.7,-6.7,1.0,0.0,10.0,1.0,0.8,0.7,3.33,3.33,3.33,3.33,1.0,0.0,10.0,1.0,0.8,0.7,22.3,22.3,22.3,22.3,1.0,0.0,10.0,1.0,0.8,0.7,-165.0,-165.0,-165.0,-165.0,1.0,0.0,10.0,1.0,0.8,0.7,29.1,29.1,29.1,29.1,1.0,0.0,10.0,1.0,0.8,0.7,-100.9,-100.9,-100.9,-100.9,1.0,0.0,10.0,1.0,0.8,0.7,17.8,17.8,17.8,17.8,1.0,0.0,10.0,1.0,0.8,0.7,-21.9,-21.9,-21.9,-21.9,1.0,0.0,10.0,1.0,0.8,0.7,3.9,3.9,3.9,3.9,1.0,0.0,10.0,1.0,0.8,0.7,301.0,301.0,301.0,301.0,1.0,0.0,10.0,1.0,0.8,0.7,300.0,300.0,300.0,300.0,1.0,0.0,10.0,1.0,0.8,0.7
1974,2,229.0,7.0,25.6,25.6,25.6,25.6,1.0,0.0,22.0,0.0,0.4,0.1,26.4,26.4,26.4,26.4,1.0,0.0,22.0,0.0,0.4,0.1,18.18,18.18,18.18,18.18,1.0,0.0,22.0,0.0,0.4,0.1,84.6,84.6,84.6,84.6,1.0,0.0,22.0,0.0,0.1,5.7,5.7,5.7,5.7,1.0,0.0,22.0,0.0,0.4,0.1,-5.61,-5.61,-5.61,-5.61,1.0,0.0,22.0,0.0,0.4,0.1,-0.99,-0.99,-0.99,-0.99,1.0,0.0,22.0,0.0,0.4,0.1,1012.1,1012.1,1012.1,1012.1,1.0,0.0,22.0,0.0,0.4,0.1,6.0,6.0,6.0,6.0,1.0,0.0,22.0,0.0,0.4,0.1,-32.0,-32.0,-32.0,-32.0,1.0,0.0,22.0,0.0,0.4,0.1,-5.6,-5.6,-5.6,-5.6,1.0,0.0,22.0,0.0,0.4,0.1,-0.8,-0.8,-0.8,-0.8,1.0,0.0,22.0,0.0,0.4,0.1,-4.6,-4.6,-4.6,-4.6,1.0,0.0,22.0,0.0,0.4,0.1,2.34,2.34,2.34,2.34,1.0,0.0,22.0,0.0,0.4,0.1,13.3,13.3,13.3,13.3,1.0,0.0,22.0,0.0,0.4,0.1,-148.2,-148.2,-148.2,-148.2,1.0,0.0,22.0,0.0,0.4,0.1,-26.1,-26.1,-26.1,-26.1,1.0,0.0,22.0,0.0,0.4,0.1,-102.1,-102.1,-102.1,-102.1,1.0,0.0,22.0,0.0,0.4,0.1,-18.0,-18.0,-18.0,-18.0,1.0,0.0,22.0,0.0,0.4,0.1,-13.1,-13.1,-13.1,-13.1,1.0,0.0,22.0,0.0,0.4,0.1,-2.3,-2.3,-2.3,-2.3,1.0,0.0,22.0,0.0,0.4,0.1,185.0,185.0,185.0,185.0,1.0,0.0,22.0,0.0,0.4,0.1,185.0,185.0,185.0,185.0,1.0,0.0,22.0,0.0,0.4,0.1
1974,2,229.0,9.0,27.0,27.0,27.0,27.0,1.0,0.0,12.0,1.0,0.1,0.1,26.5,26.5,26.5,26.5,1.0,0.0,12.0,1.0,0.1,0.1,18.36,18.36,18.36,18.36,1.0,0.0,12.0,1.0,0.1,0.1,85.1,85.1,85.1,85.1,1.0,0.0,12.0,1.0,0.1,10.3,10.3,10.3,10.3,1.0,0.0,12.0,1.0,0.1,0.1,-10.14,-10.14,-10.14,-10.14,1.0,0.0,12.0,1.0,0.1,0.1,-1.79,-1.79,-1.79,-1.79,1.0,0.0,12.0,1.0,0.1,0.1,1014.5,1014.5,1014.5,1014.5,1.0,0.0,12.0,1.0,0.1,0.1,4.0,4.0,4.0,4.0,1.0,0.0,12.0,1.0,0.1,0.1,-104.5,-104.5,-104.5,-104.5,1.0,0.0,12.0,1.0,0.1,0.1,-18.4,-18.4,-18.4,-18.4,1.0,0.0,12.0,1.0,0.1,0.1,0.5,0.5,0.5,0.5,1.0,0.0,12.0,1.0,0.1,0.1,5.2,5.2,5.2,5.2,1.0,0.0,12.0,1.0,0.1,0.1,3.9,3.9,3.9,3.9,1.0,0.0,12.0,1.0,0.1,0.1,40.2,40.2,40.2,40.2,1.0,0.0,12.0,1.0,0.1,0.1,-268.8,-268.8,-268.8,-268.8,1.0,0.0,12.0,1.0,0.1,0.1,-47.4,-47.4,-47.4,-47.4,1.0,0.0,12.0,1.0,0.1,0.1,-186.2,-186.2,-186.2,-186.2,1.0,0.0,12.0,1.0,0.1,0.1,-32.8,-32.8,-32.8,-32.8,1.0,0.0,12.0,1.0,0.1,0.1,-39.6,-39.6,-39.6,-39.6,1.0,0.0,12.0,1.0,0.1,0.1,-7.0,-7.0,-7.0,-7.0,1.0,0.0,12.0,1.0,0.1,0.1,1092.5,1092.5,1092.5,1092.5,1.0,0.0,12.0,1.0,0.1,0.1,1095.0,1095.0,1095.0,1095.0,1.0,0.0,12.0,1.0,0.1,0.1
1974,2,229.0,11.0,26.0,26.0,26.0,26.0,1.0,0.0,22.0,1.0,0.2,0.9,25.0,25.0,25.0,25.0,1.0,0.0,22.0,1.0,0.2,0.9,14.46,14.46,14.46,14.46,1.0,0.0,22.0,1.0,0.2,0.9,73.3,73.3,73.3,73.3,1.0,0.0,22.0,1.0,0.9,6.7,6.7,6.7,6.7,1.0,0.0,22.0,1.0,0.2,0.9,-5.8,-5.8,-5.8,-5.8,1.0,0.0,22.0,1.0,0.2,0.9,-3.35,-3.35,-3.35,-3.35,1.0,0.0,22.0,1.0,0.2,0.9,1012.4,1012.4,1012.4,1012.4,1.0,0.0,22.0,1.0,0.2,0.9,5.0,5.0,5.0,5.0,1.0,0.0,22.0,1.0,0.2,0.9,-38.9,-38.9,-38.9,-38.9,1.0,0.0,22.0,1.0,0.2,0.9,-22.4,-22.4,-22.4,-22.4,1.0,0.0,22.0,1.0,0.2,0.9,1.0,1.0,1.0,1.0,1.0,0.0,22.0,1.0,0.2,0.9,6.7,6.7,6.7,6.7,1.0,0.0,22.0,1.0,0.2,0.9,6.55,6.55,6.55,6.55,1.0,0.0,22.0,1.0,0.2,0.9,43.9,43.9,43.9,43.9,1.0,0.0,22.0,1.0,0.2,0.9,-145.1,-145.1,-145.1,-145.1,1.0,0.0,22.0,1.0,0.2,0.9,-83.7,-83.7,-83.7,-83.7,1.0,0.0,22.0,1.0,0.2,0.9,-83.9,-83.9,-83.9,-83.9,1.0,0.0,22.0,1.0,0.2,0.9,-48.4,-48.4,-48.4,-48.4,1.0,0.0,22.0,1.0,0.2,0.9,-38.0,-38.0,-38.0,-38.0,1.0,0.0,22.0,1.0,0.2,0.9,-22.0,-22.0,-22.0,-22.0,1.0,0.0,22.0,1.0,0.2,0.9,301.0,301.0,301.0,301.0,1.0,0.0,22.0,1.0,0.2,0.9,300.0,300.0,300.0,300.0,1.0,0.0,22.0,1.0,0.2,0.9
1974,2,229.0,12.0,27.0,27.0,27.0,27.0,1.0,0.0,10.0,1.0,0.3,0.8,24.5,24.5,24.5,24.5,1.0,0.0,10.0,1.0,0.3,0.8,15.4,15.4,15.4,15.4,1.0,0.0,10.0,1.0,0.3,0.8,80.4,80.4,80.4,80.4,1.0,0.0,10.0,1.0,0.8,5.1,5.1,5.1,5.1,1.0,0.0,10.0,1.0,0.3,0.8,-4.42,-4.42,-4.42,-4.42,1.0,0.0,10.0,1.0,0.3,0.8,-2.55,-2.55,-2.55,-2.55,1.0,0.0,10.0,1.0,0.3,0.8,1011.8,1011.8,1011.8,1011.8,1.0,0.0,10.0,1.0,0.3,0.8,3.0,3.0,3.0,3.0,1.0,0.0,10.0,1.0,0.3,0.8,-22.5,-22.5,-22.5,-22.5,1.0,0.0,10.0,1.0,0.3,0.8,-13.0,-13.0,-13.0,-13.0,1.0,0.0,10.0,1.0,0.3,0.8,2.5,2.5,2.5,2.5,1.0,0.0,10.0,1.0,0.3,0.8,12.8,12.8,12.8,12.8,1.0,0.0,10.0,1.0,0.3,0.8,6.92,6.92,6.92,6.92,1.0,0.0,10.0,1.0,0.3,0.8,35.3,35.3,35.3,35.3,1.0,0.0,10.0,1.0,0.3,0.8,-108.2,-108.2,-108.2,-108.2,1.0,0.0,10.0,1.0,0.3,0.8,-62.5,-62.5,-62.5,-62.5,1.0,0.0,10.0,1.0,0.3,0.8,-68.0,-68.0,-68.0,-68.0,1.0,0.0,10.0,1.0,0.3,0.8,-39.3,-39.3,-39.3,-39.3,1.0,0.0,10.0,1.0,0.3,0.8,-30.6,-30.6,-30.6,-30.6,1.0,0.0,10.0,1.0,0.3,0.8,-17.7,-17.7,-17.7,-17.7,1.0,0.0,10.0,1.0,0.3,0.8,132.5,132.5,132.5,132.5,1.0,0.0,10.0,1.0,0.3,0.8,135.0,135.0,135.0,135.0,1.0,0.0,10.0,1.0,0.3,0.8
1974,2,229.0,13.0,23.3,23.3,23.3,23.3,1.0,0.0,22.0,0.0,0.6,0.9,22.7,22.7,22.7,22.7,1.0,0.0,22.0,0.0,0.6,0.9,12.79,12.79,12.79,12.79,1.0,0.0,22.0,0.0,0.6,0.9,74.8,74.8,74.8,74.8,1.0,0.0,22.0,0.0,0.9,7.7,7.7,7.7,7.7,1.0,0.0,22.0,0.0,0.6,0.9,-7.24,-7.24,-7.24,-7.24,1.0,0.0,22.0,0.0,0.6,0.9,-2.63,-2.63,-2.63,-2.63,1.0,0.0,22.0,0.0,0.6,0.9,1015.2,1015.2,1015.2,1015.2,1.0,0.0,22.0,0.0,0.6,0.9,,,,,,,,,,,,,,,,,,,,,,,,,,,,,,,0.6,0.6,0.6,0.6,1.0,0.0,22.0,0.0,0.6,0.9,4.6,4.6,4.6,4.6,1.0,0.0,22.0,0.0,0.6,0.9,5.0,5.0,5.0,5.0,1.0,0.0,22.0,0.0,0.6,0.9,38.5,38.5,38.5,38.5,1.0,0.0,22.0,0.0,0.6,0.9,-164.2,-164.2,-164.2,-164.2,1.0,0.0,22.0,0.0,0.6,0.9,-59.8,-59.8,-59.8,-59.8,1.0,0.0,22.0,0.0,0.6,0.9,-92.6,-92.6,-92.6,-92.6,1.0,0.0,22.0,0.0,0.6,0.9,-33.7,-33.7,-33.7,-33.7,1.0,0.0,22.0,0.0,0.6,0.9,-36.2,-36.2,-36.2,-36.2,1.0,0.0,22.0,0.0,0.6,0.9,-13.2,-13.2,-13.2,-13.2,1.0,0.0,22.0,0.0,0.6,0.9,456.5,456.5,456.5,456.5,1.0,0.0,22.0,0.0,0.6,0.9,455.0,455.0,455.0,455.0,1.0,0.0,22.0,0.0,0.6,0.9
1974,2,229.0,14.0,23.3,23.3,23.3,23.3,1.0,0.0,26.0,0.0,0.2,0.8,21.9,21.9,21.9,21.9,1.0,0.0,26.0,0.0,0.2,0.8,13.22,13.22,13.22,13.22,1.0,0.0,26.0,0.0,0.2,0.8,81.0,81.0,81.0,81.0,1.0,0.0,26.0,0.0,0.8,8.2,8.2,8.2,8.2,1.0,0.0,26.0,0.0,0.2,0.8,-4.1,-4.1,-4.1,-4.1,1.0,0.0,26.0,0.0,0.2,0.8,-7.1,-7.1,-7.1,-7.1,1.0,0.0,26.0,0.0,0.2,0.8,1014.3,1014.3,1014.3,1014.3,1.0,0.0,26.0,0.0,0.2,0.8,8.0,8.0,8.0,8.0,1.0,0.0,26.0,0.0,0.2,0.8,-33.6,-33.6,-33.6,-33.6,1.0,0.0,26.0,0.0,0.2,0.8,-58.2,-58.2,-58.2,-58.2,1.0,0.0,26.0,0.0,0.2,0.8,1.4,1.4,1.4,1.4,1.0,0.0,26.0,0.0,0.2,0.8,11.5,11.5,11.5,11.5,1.0,0.0,26.0,0.0,0.2,0.8,4.59,4.59,4.59,4.59,1.0,0.0,26.0,0.0,0.2,0.8,37.7,37.7,37.7,37.7,1.0,0.0,26.0,0.0,0.2,0.8,-89.8,-89.8,-89.8,-89.8,1.0,0.0,26.0,0.0,0.2,0.8,-155.5,-155.5,-155.5,-155.5,1.0,0.0,26.0,0.0,0.2,0.8,-54.2,-54.2,-54.2,-54.2,1.0,0.0,26.0,0.0,0.2,0.8,-93.9,-93.9,-93.9,-93.9,1.0,0.0,26.0,0.0,0.2,0.8,-18.8,-18.8,-18.8,-18.8,1.0,0.0,26.0,0.0,0.2,0.8,-32.6,-32.6,-32.6,-32.6,1.0,0.0,26.0,0.0,0.2,0.8,551.5,551.5,551.5,551.5,1.0,0.0,26.0,0.0,0.2,0.8,550.0,550.0,550.0,550.0,1.0,0.0,26.0,0.0,0.2,0.8
1974,2,229.0,15.0,23.04,23.35,23.66,23.35,2.0,0.64,18.0,0.5,0.5,0.5,22.09,22.7,22.9,22.5,3.0,0.62,18.0,0.3,0.7,0.3,12.29,13.88,15.47,13.88,2.0,3.29,18.0,0.5,0.5,0.5,75.1,83.0,91.0,83.0,2.0,16.5,18.0,0.5,0.5,3.73,5.1,8.65,6.17,3.0,3.72,18.0,0.3,0.7,0.3,-4.44,-2.91,-2.67,-3.54,3.0,1.41,18.0,0.3,0.7,0.3,-7.49,-4.42,-2.13,-4.8,3.0,3.94,18.0,0.3,0.7,0.3,1015.12,1015.8,1016.48,1015.8,2.0,1.41,18.0,0.5,0.5,0.5,6.6,8.0,8.0,7.3,3.0,1.2,18.0,0.3,0.7,0.3,-40.3,-13.0,-10.3,-25.0,3.0,24.3,18.0,0.3,0.7,0.3,-69.9,-22.5,-9.4,-39.2,3.0,46.6,18.0,0.3,0.7,0.3,0.49,1.1,1.71,1.1,2.0,1.27,18.0,0.5,0.5,0.5,2.1,5.4,8.7,5.4,2.0,6.8,18.0,0.5,0.5,0.5,2.03,3.97,5.9,3.97,2.0,4.0,18.0,0.5,0.5,0.5,8.5,19.1,29.7,19.1,2.0,22.0,18.0,0.5,0.5,0.5,-101.8,-66.1,-58.9,-80.1,3.0,33.7,18.0,0.3,0.7,0.3,-170.6,-96.3,-47.0,-108.5,3.0,91.2,18.0,0.3,0.7,0.3,-44.4,-38.3,-32.3,-38.3,2.0,12.5,18.0,0.5,0.5,0.5,-45.7,-34.1,-22.6,-34.1,2.0,23.9,18.0,0.5,0.5,0.5,-15.1,-10.3,-5.5,-10.3,2.0,9.9,18.0,0.5,0.5,0.5,-25.4,-15.6,-5.8,-15.6,2.0,20.4,18.0,0.5,0.5,0.5,62.5,132.5,788.0,418.5,3.0,586.5,18.0,0.3,0.7,0.3,60.0,135.0,790.0,420.0,3.0,585.0,18.0,0.3,0.7,0.3
1974,2,229.0,16.0,22.16,22.5,22.84,22.5,3.0,0.5,18.0,1.0,0.7,0.5,21.16,21.5,21.7,21.43,3.0,0.4,18.0,1.0,0.7,0.5,12.87,13.41,13.55,13.22,3.0,0.53,18.0,1.0,0.7,0.5,80.9,84.1,86.3,83.6,3.0,3.9,18.0,1.0,0.5,4.22,7.7,11.25,7.73,3.0,5.15,18.0,1.0,0.7,0.5,-10.39,-6.67,-3.65,-7.01,3.0,4.94,18.0,1.0,0.7,0.5,-4.23,-3.85,-2.11,-3.19,3.0,1.66,18.0,1.0,0.7,0.5,1015.93,1016.0,1018.05,1016.97,3.0,1.76,18.0,1.0,0.7,0.5,7.0,7.0,7.0,7.0,3.0,0.0,18.0,1.0,0.7,0.5,-123.0,-51.3,-20.3,-71.2,3.0,77.2,18.0,1.0,0.7,0.5,-48.3,-29.6,-11.7,-30.0,3.0,26.8,18.0,1.0,0.7,0.5,0.56,0.7,1.59,1.07,3.0,0.81,18.0,1.0,0.7,0.5,2.6,5.4,19.3,10.8,3.0,13.1,18.0,1.0,0.7,0.5,3.47,3.79,3.93,3.7,3.0,0.35,18.0,1.0,0.7,0.5,14.8,25.5,43.3,29.0,3.0,21.1,18.0,1.0,0.7,0.5,-219.9,-145.4,-79.2,-149.4,3.0,103.1,18.0,1.0,0.7,0.5,-89.9,-83.9,-45.7,-68.2,3.0,35.1,18.0,1.0,0.7,0.5,-139.8,-90.8,-48.2,-93.9,3.0,67.1,18.0,1.0,0.7,0.5,-57.0,-52.4,-27.8,-42.7,3.0,23.0,18.0,1.0,0.7,0.5,-40.1,-22.1,-12.8,-26.4,3.0,20.3,18.0,1.0,0.7,0.5,-16.1,-12.8,-7.4,-11.8,3.0,6.4,18.0,1.0,0.7,0.5,157.0,456.5,1610.0,873.5,3.0,1124.0,18.0,1.0,0.7,0.5,155.0,455.0,1610.0,875.0,3.0,1125.0,18.0,1.0,0.7,0.5
1974,2,229.0,17.0,21.7,21.7,21.9,21.8,3.0,0.17,14.0,0.0,0.6,0.4,18.84,20.0,20.34,19.6,3.0,1.15,14.0,0.0,0.6,0.4,9.21,11.06,11.92,10.58,3.0,2.03,14.0,0.0,0.6,0.4,67.7,74.4,81.6,74.6,3.0,10.2,14.0,0.0,0.4,5.77,7.2,11.09,8.4,3.0,4.04,14.0,0.0,0.6,0.4,-8.15,-4.42,-3.08,-5.59,3.0,3.85,14.0,0.0,0.6,0.4,-7.81,-6.77,-3.89,-5.87,3.0,2.97,14.0,0.0,0.6,0.4,1016.56,1019.5,1019.84,1018.23,3.0,2.64,14.0,0.0,0.6,0.4,5.3,8.0,8.0,6.7,3.0,2.3,14.0,0.0,0.6,0.4,-94.2,-22.5,-19.3,-55.9,3.0,62.0,14.0,0.0,0.6,0.4,-88.5,-48.7,-24.3,-56.2,3.0,47.4,14.0,0.0,0.6,0.4,1.56,1.7,2.86,2.2,3.0,1.04,14.0,0.0,0.6,0.4,12.1,19.4,22.9,17.5,3.0,8.1,14.0,0.0,0.6,0.4,4.28,5.29,6.94,5.6,3.0,1.97,14.0,0.0,0.6,0.4,30.9,55.5,64.2,47.7,3.0,25.3,14.0,0.0,0.6,0.4,-166.3,-88.3,-58.8,-112.0,3.0,81.4,14.0,0.0,0.6,0.4,-155.3,-123.8,-74.1,-114.9,3.0,60.0,14.0,0.0,0.6,0.4,-91.9,-54.4,-31.3,-61.4,3.0,44.8,14.0,0.0,0.6,0.4,-80.6,-56.5,-39.4,-59.9,3.0,30.3,14.0,0.0,0.6,0.4,-41.7,-19.0,-17.5,-29.4,3.0,19.9,14.0,0.0,0.6,0.4,-49.5,-43.9,-20.6,-35.2,3.0,22.5,14.0,0.0,0.6,0.4,209.0,373.0,1584.0,884.0,3.0,1100.0,14.0,0.0,0.6,0.4,210.0,375.0,1585.0,885.0,3.0,1100.0,14.0,0.0,0.6,0.4
1974,2,229.0,18.0,21.32,22.0,22.14,21.73,3.0,0.64,14.0,1.0,0.4,0.7,21.0,21.0,22.23,21.6,3.0,1.04,14.0,1.0,0.4,0.7,10.33,10.36,11.86,11.08,3.0,1.28,14.0,1.0,0.4,0.7,67.2,67.2,71.4,69.3,3.0,3.6,14.0,1.0,0.7,5.08,7.2,7.54,6.33,3.0,1.95,14.0,1.0,0.4,0.7,-6.69,-5.52,-4.17,-5.43,3.0,1.84,14.0,1.0,0.4,0.7,-4.0,-2.63,-2.24,-3.1,3.0,1.35,14.0,1.0,0.4,0.7,1015.93,1019.0,1020.37,1018.17,3.0,3.33,14.0,1.0,0.4,0.7,6.3,7.0,7.0,6.7,3.0,0.6,14.0,1.0,0.4,0.7,-50.6,-39.7,-22.5,-36.7,3.0,20.7,14.0,1.0,0.4,0.7,-29.2,-20.3,-12.2,-20.7,3.0,12.5,14.0,1.0,0.4,0.7,-0.41,0.0,0.68,0.13,3.0,0.81,14.0,1.0,0.4,0.7,-1.7,0.0,4.9,1.6,3.0,5.0,14.0,1.0,0.4,0.7,4.33,5.07,5.76,5.04,3.0,1.05,14.0,1.0,0.4,0.7,23.5,39.1,42.3,33.1,3.0,14.7,14.0,1.0,0.4,0.7,-140.5,-115.8,-92.0,-116.2,3.0,35.5,14.0,1.0,0.4,0.7,-83.9,-55.3,-49.5,-66.4,3.0,27.0,14.0,1.0,0.4,0.7,-69.1,-57.1,-48.6,-58.8,3.0,15.1,14.0,1.0,0.4,0.7,-41.3,-27.2,-26.2,-33.6,3.0,12.4,14.0,1.0,0.4,0.7,-35.7,-33.5,-20.3,-28.1,3.0,12.2,14.0,1.0,0.4,0.7,-23.5,-13.4,-9.8,-16.6,3.0,10.4,14.0,1.0,0.4,0.7,165.5,373.0,430.0,299.5,3.0,204.0,14.0,1.0,0.4,0.7,165.0,375.0,430.0,300.0,3.0,205.0,14.0,1.0,0.4,0.7
1974,2,229.0,19.0,21.19,21.6,22.27,21.67,6.0,1.06,22.0,0.5,0.6,0.6,19.32,19.9,20.57,20.07,6.0,1.04,22.0,0.5,0.6,0.6,10.39,11.9,13.58,11.87,6.0,1.58,22.0,0.5,0.6,0.6,75.2,82.7,85.7,81.6,6.0,7.3,22.0,0.5,0.6,6.94,12.1,14.61,10.72,6.0,4.92,22.0,0.5,0.6,0.6,-13.73,-11.34,-6.07,-9.98,6.0,4.73,22.0,0.5,0.6,0.6,-5.07,-2.05,1.09,-1.57,6.0,4.15,22.0,0.5,0.6,0.6,1017.03,1019.8,1020.44,1019.03,6.0,1.96,22.0,0.5,0.6,0.6,5.2,6.5,8.0,6.2,6.0,2.2,22.0,0.5,0.6,0.6,-200.6,-138.5,-47.1,-126.2,6.0,84.1,22.0,0.5,0.6,0.6,-65.3,-16.8,16.8,-14.5,6.0,55.8,22.0,0.5,0.6,0.6,0.62,1.85,2.71,1.6,6.0,2.06,22.0,0.5,0.6,0.6,8.9,22.2,38.8,25.1,6.0,24.0,22.0,0.5,0.6,0.6,2.01,4.19,6.01,4.19,6.0,2.51,22.0,0.5,0.6,0.6,21.0,48.0,81.8,53.2,6.0,43.1,22.0,0.5,0.6,0.6,-269.4,-224.0,-122.2,-196.5,6.0,89.1,22.0,0.5,0.6,0.6,-100.9,-41.0,20.7,-32.3,6.0,81.3,22.0,0.5,0.6,0.6,-144.5,-134.8,-72.7,-114.0,6.0,49.0,22.0,0.5,0.6,0.6,-62.6,-24.3,10.5,-22.2,6.0,47.7,22.0,0.5,0.6,0.6,-80.2,-43.9,-18.2,-50.0,6.0,41.3,22.0,0.5,0.6,0.6,-17.4,-6.5,8.8,-1.4,6.0,23.3,22.0,0.5,0.6,0.6,439.5,1795.0,3123.5,1798.0,6.0,1403.5,22.0,0.5,0.6,0.6,440.0,1795.0,3125.0,1800.0,6.0,1405.0,22.0,0.5,0.6,0.6
1974,2,229.0,20.0,20.37,21.35,22.41,21.47,6.0,1.52,18.0,0.8,0.5,0.4,18.85,19.75,20.93,20.12,6.0,2.34,18.0,0.8,0.5,0.4,10.03,10.25,10.91,10.6,6.0,1.03,18.0,0.8,0.5,0.4,69.8,72.8,75.6,73.0,6.0,4.7,18.0,0.8,0.4,8.35,10.3,10.48,9.48,5.0,1.65,18.0,0.8,0.6,0.3,-8.92,-8.74,-7.37,-8.13,5.0,1.33,18.0,0.8,0.6,0.3,-5.8,-5.15,-3.29,-4.75,5.0,1.54,18.0,0.8,0.6,0.3,1018.4,1020.4,1022.5,1020.38,6.0,2.22,18.0,0.8,0.5,0.4,6.0,8.0,8.0,7.3,6.0,1.0,18.0,0.8,0.5,0.4,-91.9,-89.4,-65.8,-78.7,5.0,22.7,18.0,0.8,0.6,0.3,-61.1,-53.0,-27.0,-46.6,5.0,21.0,18.0,0.8,0.6,0.3,-0.52,1.2,2.69,1.35,6.0,2.95,18.0,0.8,0.5,0.4,-9.4,6.7,33.2,11.8,5.0,31.5,18.0,0.8,0.6,0.3,3.69,5.08,6.22,5.27,6.0,1.78,18.0,0.8,0.5,0.4,36.9,39.1,65.6,49.8,5.0,18.7,18.0,0.8,0.6,0.3,-193.1,-161.3,-139.5,-165.5,5.0,37.4,18.0,0.8,0.6,0.3,-129.5,-103.0,-62.9,-97.4,5.0,35.2,18.0,0.8,0.6,0.3,-100.5,-86.9,-75.8,-87.6,5.0,19.4,18.0,0.8,0.6,0.3,-67.7,-53.8,-33.1,-51.3,5.0,18.1,18.0,0.8,0.6,0.3,-58.9,-33.1,-30.0,-43.5,5.0,19.1,18.0,0.8,0.6,0.3,-27.7,-25.1,-18.5,-23.5,5.0,5.0,18.0,0.8,0.6,0.3,620.5,1092.5,1153.5,910.0,5.0,378.0,18.0,0.8,0.6,0.3,620.0,1095.0,1155.0,910.0,5.0,380.0,18.0,0.8,0.6,0.3
1974,2,229.0,21.0,20.82,22.0,22.37,21.7,5.0,0.97,12.0,0.2,0.5,0.3,18.0,20.0,22.41,20.3,5.0,2.54,12.0,0.2,0.5,0.3,11.14,11.61,12.63,11.87,4.0,1.2,10.0,0.0,0.5,0.3,79.7,88.3,90.9,85.5,4.0,7.8,10.0,0.0,0.3,9.22,11.05,12.3,10.78,4.0,1.82,12.0,0.3,0.4,0.3,-12.3,-10.5,-6.71,-9.55,4.0,3.53,12.0,0.3,0.4,0.3,-4.45,0.0,0.0,-2.12,4.0,4.24,12.0,0.3,0.4,0.3,1016.82,1019.5,1021.05,1019.1,5.0,2.33,12.0,0.2,0.5,0.3,4.0,6.5,8.0,6.0,4.0,2.4,14.0,0.3,0.4,0.4,-151.3,-113.5,-61.2,-106.6,4.0,52.9,12.0,0.3,0.4,0.3,-43.6,0.0,0.0,-20.8,4.0,41.6,12.0,0.3,0.4,0.3,-1.0,1.0,4.0,1.4,5.0,2.51,12.0,0.2,0.5,0.3,-1.0,29.0,49.2,24.3,4.0,29.7,12.0,0.3,0.4,0.3,2.92,4.73,4.8,3.9,4.0,1.71,10.0,0.0,0.5,0.3,46.4,59.0,59.0,52.8,3.0,10.6,10.0,0.0,0.4,0.2,-221.4,-197.7,-144.5,-183.6,4.0,49.3,12.0,0.3,0.4,0.3,-106.7,0.0,0.0,-50.9,4.0,101.8,12.0,0.3,0.4,0.3,-142.8,-142.8,-109.0,-126.3,3.0,28.6,10.0,0.0,0.4,0.2,0.0,0.0,0.0,0.0,3.0,0.0,10.0,0.0,0.4,0.2,-59.0,-59.0,-46.4,-52.8,3.0,10.6,10.0,0.0,0.4,0.2,0.0,0.0,0.0,0.0,3.0,0.0,10.0,0.0,0.4,0.2,793.0,1401.0,1861.0,1330.5,4.0,623.5,12.0,0.3,0.4,0.3,795.0,1400.0,1860.0,1330.0,4.0,625.0,12.0,0.3,0.4,0.3
1974,2,229.0,22.0,18.63,19.0,21.0,19.6,5.0,1.34,18.0,1.0,0.6,0.5,19.13,19.6,21.05,20.06,5.0,1.23,18.0,1.0,0.6,0.5,9.4,9.89,11.64,10.38,5.0,1.41,18.0,1.0,0.6,0.5,64.5,73.2,77.7,71.7,5.0,8.0,18.0,1.0,0.5,6.02,8.7,10.17,8.02,5.0,2.99,18.0,1.0,0.6,0.5,-8.35,-8.18,-3.1,-5.7,5.0,4.97,18.0,1.0,0.6,0.5,-5.65,-3.85,-1.89,-3.73,5.0,2.56,18.0,1.0,0.6,0.5,1019.32,1020.0,1020.93,1020.18,5.0,1.22,18.0,1.0,0.6,0.5,4.6,7.0,7.0,6.0,5.0,1.4,18.0,1.0,0.6,0.5,-85.4,-71.1,-29.1,-57.1,5.0,40.0,18.0,1.0,0.6,0.5,-57.9,-29.6,-16.4,-35.7,5.0,27.8,18.0,1.0,0.6,0.5,-2.41,0.0,1.55,-0.46,5.0,2.37,18.0,1.0,0.6,0.5,-13.2,0.0,15.3,0.7,5.0,14.5,18.0,1.0,0.6,0.5,2.49,3.72,5.06,3.74,5.0,2.22,18.0,1.0,0.6,0.5,18.4,35.6,49.7,34.9,5.0,25.5,18.0,1.0,0.6,0.5,-166.5,-157.0,-55.5,-110.3,5.0,101.3,18.0,1.0,0.6,0.5,-113.5,-73.1,-36.3,-73.4,5.0,50.8,18.0,1.0,0.6,0.5,-86.8,-71.4,-28.0,-55.0,5.0,53.0,18.0,1.0,0.6,0.5,-52.5,-38.1,-21.3,-36.0,5.0,22.5,18.0,1.0,0.6,0.5,-41.6,-31.6,-14.9,-28.7,5.0,20.6,18.0,1.0,0.6,0.5,-28.7,-14.0,-7.7,-18.3,5.0,17.3,18.0,1.0,0.6,0.5,300.5,658.5,1057.5,669.0,5.0,468.0,18.0,1.0,0.6,0.5,300.0,660.0,1060.0,670.0,5.0,470.0,18.0,1.0,0.6,0.5
1974,2,229.0,23.0,18.32,19.0,19.68,19.0,2.0,1.41,22.0,0.0,0.6,0.6,17.24,17.75,18.26,17.75,2.0,1.06,22.0,0.0,0.6,0.6,8.0,8.26,8.51,8.26,2.0,0.53,22.0,0.0,0.6,0.6,62.3,66.4,70.5,66.4,2.0,8.5,22.0,0.0,0.6,6.86,7.2,7.54,7.2,2.0,0.71,22.0,0.0,0.6,0.6,-5.09,-3.57,-2.05,-3.57,2.0,3.16,22.0,0.0,0.6,0.6,-6.91,-5.47,-4.02,-5.47,2.0,2.99,22.0,0.0,0.6,0.6,1020.93,1022.3,1023.67,1022.3,2.0,2.83,22.0,0.0,0.6,0.6,6.3,7.0,7.7,7.0,2.0,1.4,22.0,0.0,0.6,0.6,-34.3,-24.6,-14.8,-24.6,2.0,20.2,22.0,0.0,0.6,0.6,-52.7,-40.4,-28.1,-40.4,2.0,25.4,22.0,0.0,0.6,0.6,1.08,1.25,1.42,1.25,2.0,0.35,22.0,0.0,0.6,0.6,8.1,8.9,9.7,8.9,2.0,1.7,22.0,0.0,0.6,0.6,4.48,5.3,6.12,5.3,2.0,1.7,22.0,0.0,0.6,0.6,33.5,37.6,41.7,37.6,2.0,8.5,22.0,0.0,0.6,0.6,-93.9,-65.0,-36.2,-65.0,2.0,59.8,22.0,0.0,0.6,0.6,-118.3,-95.4,-72.6,-95.4,2.0,47.3,22.0,0.0,0.6,0.6,-40.3,-28.6,-17.0,-28.6,2.0,24.2,22.0,0.0,0.6,0.6,-59.2,-45.9,-32.6,-45.9,2.0,27.6,22.0,0.0,0.6,0.6,-32.6,-21.6,-10.6,-21.6,2.0,22.8,22.0,0.0,0.6,0.6,-29.6,-26.4,-23.3,-26.4,2.0,6.6,22.0,0.0,0.6,0.6,325.5,378.5,432.0,378.5,2.0,110.0,22.0,0.0,0.6,0.6,325.0,380.0,430.0,380.0,2.0,110.0,22.0,0.0,0.6,0.6
1974,2,229.0,24.0,18.02,19.0,19.68,18.78,5.0,1.35,10.0,0.4,0.7,0.7,18.24,18.5,18.68,18.46,5.0,0.43,10.0,0.4,0.7,0.7,8.71,9.24,9.65,9.13,5.0,0.74,10.0,0.4,0.7,0.7,66.7,72.3,73.3,69.9,5.0,5.5,10.0,0.4,0.7,3.29,5.1,9.3,5.86,5.0,3.52,10.0,0.4,0.7,0.7,-8.89,-4.79,-2.6,-5.44,5.0,3.48,10.0,0.4,0.7,0.7,-3.04,-1.74,-1.03,-1.9,5.0,1.27,10.0,0.4,0.7,0.7,1019.59,1021.8,1023.86,1021.7,5.0,2.66,10.0,0.4,0.7,0.7,8.0,8.0,8.0,8.0,5.0,0.0,10.0,0.4,0.7,0.7,-82.7,-24.4,-10.7,-41.6,5.0,38.9,10.0,0.4,0.7,0.7,-20.3,-13.6,-5.6,-13.4,5.0,10.8,10.0,0.4,0.7,0.7,-0.41,0.5,1.25,0.32,5.0,1.36,10.0,0.4,0.7,0.7,-3.4,4.7,8.3,2.8,5.0,8.8,10.0,0.4,0.7,0.7,3.4,4.27,5.12,4.26,5.0,1.6,10.0,0.4,0.7,0.7,8.0,19.6,47.6,26.9,5.0,23.2,10.0,0.4,0.7,0.7,-164.5,-88.7,-46.8,-100.3,5.0,64.6,10.0,0.4,0.7,0.7,-54.9,-32.3,-19.0,-34.7,5.0,23.1,10.0,0.4,0.7,0.7,-75.1,-45.9,-24.2,-48.1,5.0,28.9,10.0,0.4,0.7,0.7,-28.0,-16.7,-8.1,-17.2,5.0,11.9,10.0,0.4,0.7,0.7,-45.8,-15.0,-7.6,-25.2,5.0,23.1,10.0,0.4,0.7,0.7,-13.0,-10.5,-2.2,-8.1,5.0,6.0,10.0,0.4,0.7,0.7,62.0,132.5,804.5,368.0,5.0,401.5,10.0,0.4,0.7,0.7,60.0,135.0,805.0,370.0,5.0,400.0,10.0,0.4,0.7,0.7
1974,2,229.0,25.0,18.93,20.2,21.0,19.98,4.0,1.24,10.0,1.0,0.5,0.3,17.8,19.0,19.0,18.43,4.0,1.15,10.0,1.0,0.5,0.3,8.08,9.99,11.53,9.81,4.0,2.07,10.0,1.0,0.5,0.3,64.4,73.9,85.3,74.8,4.0,12.3,10.0,1.0,0.3,3.84,5.15,7.25,5.53,4.0,2.11,10.0,1.0,0.5,0.3,-6.49,-3.95,-1.17,-3.84,4.0,3.61,10.0,1.0,0.5,0.3,-3.34,-2.03,1.18,-1.12,4.0,3.28,10.0,1.0,0.5,0.3,1020.53,1023.0,1024.0,1022.3,4.0,2.27,10.0,1.0,0.5,0.3,3.9,6.5,7.0,5.5,4.0,2.4,10.0,1.0,0.5,0.3,-48.7,-21.2,-5.0,-26.6,4.0,29.4,10.0,1.0,0.5,0.3,-18.5,-11.2,1.5,-8.6,4.0,15.6,10.0,1.0,0.5,0.3,0.69,2.0,2.37,1.55,4.0,1.41,10.0,1.0,0.5,0.3,3.0,12.3,16.6,9.9,4.0,8.7,10.0,1.0,0.5,0.3,2.67,4.95,6.5,4.6,4.0,2.26,10.0,1.0,0.5,0.3,10.4,27.1,47.1,28.7,4.0,21.8,10.0,1.0,0.5,0.3,-118.1,-69.5,-22.2,-70.1,4.0,68.0,10.0,1.0,0.5,0.3,-58.7,-38.6,22.4,-19.1,4.0,59.9,10.0,1.0,0.5,0.3,-55.3,-36.2,-13.0,-34.3,4.0,32.2,10.0,1.0,0.5,0.3,-30.4,-21.0,14.6,-8.5,4.0,33.0,10.0,1.0,0.5,0.3,-42.2,-20.8,-4.4,-23.2,4.0,23.6,10.0,1.0,0.5,0.3,-18.0,-9.1,-0.6,-9.2,4.0,13.5,10.0,1.0,0.5,0.3,57.5,153.5,402.5,226.5,4.0,233.0,10.0,1.0,0.5,0.3,55.0,155.0,400.0,225.0,4.0,235.0,10.0,1.0,0.5,0.3
1974,2,229.0,26.0,17.82,19.25,20.0,18.91,8.0,1.29,14.0,0.6,0.8,0.5,16.58,17.4,18.27,17.6,8.0,1.22,14.0,0.6,0.8,0.5,7.81,8.7,9.69,8.67,8.0,0.87,14.0,0.6,0.8,0.5,63.3,69.4,75.6,70.3,8.0,7.6,14.0,0.6,0.5,4.72,6.2,7.59,5.6,8.0,2.48,14.0,0.6,0.8,0.5,-6.52,-5.76,-0.95,-4.2,8.0,2.76,14.0,0.6,0.8,0.5,-4.9,-2.99,0.0,-2.51,8.0,2.65,14.0,0.6,0.8,0.5,1021.7,1023.5,1028.02,1024.1,8.0,3.11,14.0,0.6,0.8,0.5,4.1,7.0,8.0,6.0,8.0,2.6,14.0,0.6,0.8,0.5,-45.3,-34.3,-4.7,-28.3,8.0,20.0,14.0,0.6,0.8,0.5,-35.4,-17.0,0.0,-16.3,8.0,17.7,14.0,0.6,0.8,0.5,0.42,1.1,3.42,1.31,8.0,2.35,14.0,0.6,0.8,0.5,0.3,5.4,18.4,5.3,8.0,13.0,14.0,0.6,0.8,0.5,4.17,4.81,5.61,4.8,8.0,1.2,14.0,0.6,0.8,0.5,17.1,29.8,36.2,25.9,8.0,12.6,14.0,0.6,0.8,0.5,-112.7,-100.2,-16.1,-74.1,8.0,48.0,14.0,0.6,0.8,0.5,-87.2,-51.4,0.0,-45.1,8.0,48.9,14.0,0.6,0.8,0.5,-55.3,-50.5,-7.7,-36.5,8.0,23.9,14.0,0.6,0.8,0.5,-42.1,-25.7,0.0,-21.7,8.0,22.6,14.0,0.6,0.8,0.5,-31.3,-25.1,-5.4,-19.3,8.0,13.4,14.0,0.6,0.8,0.5,-23.4,-12.5,0.0,-11.5,8.0,12.9,14.0,0.6,0.8,0.5,107.0,238.5,439.5,246.5,8.0,159.5,14.0,0.6,0.8,0.5,105.0,240.0,440.0,245.0,8.0,160.0,14.0,0.6,0.8,0.5
1974,2,229.0,27.0,18.0,18.95,20.0,18.84,14.0,1.19,14.0,0.4,0.6,0.4,16.41,17.0,17.79,17.1,14.0,1.06,14.0,0.4,0.6,0.4,7.39,8.53,10.2,8.69,14.0,1.59,14.0,0.4,0.6,0.4,63.3,69.2,85.5,72.7,14.0,13.1,14.0,0.4,0.4,4.16,6.2,8.67,6.14,14.0,2.53,14.0,0.4,0.6,0.4,-6.6,-4.95,-3.87,-4.88,14.0,2.15,14.0,0.4,0.6,0.4,-5.56,-3.1,-1.02,-3.23,14.0,2.33,14.0,0.4,0.6,0.4,1022.5,1025.0,1027.09,1024.79,14.0,2.77,14.0,0.4,0.6,0.4,2.1,5.5,7.0,4.9,14.0,2.4,14.0,0.4,0.6,0.4,-56.4,-30.7,-16.3,-34.5,14.0,23.6,14.0,0.4,0.6,0.4,-52.8,-19.2,-5.6,-24.4,14.0,21.6,14.0,0.4,0.6,0.4,0.22,1.85,3.0,1.74,14.0,1.68,14.0,0.4,0.6,0.4,0.8,10.4,17.8,11.3,14.0,13.4,14.0,0.4,0.6,0.4,3.21,5.11,6.02,4.71,14.0,1.63,14.0,0.4,0.6,0.4,14.8,21.6,55.3,30.1,14.0,19.2,14.0,0.4,0.6,0.4,-106.1,-88.3,-62.2,-83.0,14.0,35.5,14.0,0.4,0.6,0.4,-89.4,-53.8,-17.2,-55.5,14.0,40.2,14.0,0.4,0.6,0.4,-59.4,-47.5,-24.2,-41.9,14.0,18.8,14.0,0.4,0.6,0.4,-41.1,-32.0,-7.5,-27.1,14.0,19.2,14.0,0.4,0.6,0.4,-42.6,-19.7,-11.4,-23.6,14.0,15.4,14.0,0.4,0.6,0.4,-35.7,-9.7,-4.8,-16.3,14.0,14.8,14.0,0.4,0.6,0.4,73.0,238.5,651.5,335.0,14.0,321.5,14.0,0.4,0.6,0.4,75.0,240.0,650.0,335.0,14.0,320.0,14.0,0.4,0.6,0.4
1974,2,229.0,28.0,19.13,19.4,19.47,19.3,3.0,0.26,4.0,1.0,0.3,0.4,15.89,16.5,19.23,17.53,3.0,2.61,4.0,1.0,0.3,0.4,7.34,8.06,9.68,8.5,3.0,1.75,4.0,1.0,0.3,0.4,66.4,69.9,70.5,68.5,3.0,3.2,4.0,1.0,0.4,5.23,9.8,10.14,7.73,3.0,4.02,4.0,1.0,0.3,0.4,-9.19,-7.89,-0.67,-5.0,3.0,6.72,4.0,1.0,0.3,0.4,-5.01,-1.55,-0.49,-2.72,3.0,3.46,4.0,1.0,0.3,0.4,1023.75,1027.5,1027.64,1025.73,3.0,3.23,4.0,1.0,0.3,0.4,6.3,7.0,7.0,6.7,3.0,0.6,4.0,1.0,0.3,0.4,-91.4,-81.3,-20.1,-56.3,3.0,56.5,4.0,1.0,0.3,0.4,-48.1,-4.8,-1.5,-24.3,3.0,38.1,4.0,1.0,0.3,0.4,-0.07,3.0,3.55,1.77,3.0,2.86,4.0,1.0,0.3,0.4,6.6,30.9,35.2,21.2,3.0,22.6,4.0,1.0,0.3,0.4,3.95,5.91,6.52,5.25,3.0,1.97,4.0,1.0,0.3,0.4,25.7,60.9,64.8,45.6,3.0,31.5,4.0,1.0,0.3,0.4,-145.7,-130.2,-3.8,-76.0,3.0,114.1,4.0,1.0,0.3,0.4,-84.7,-31.8,-10.1,-47.0,3.0,56.2,4.0,1.0,0.3,0.4,-67.1,-63.6,-1.1,-34.8,3.0,54.4,4.0,1.0,0.3,0.4,-41.6,-16.2,-5.1,-23.2,3.0,27.4,4.0,1.0,0.3,0.4,-60.3,-46.6,-9.2,-35.0,3.0,38.7,4.0,1.0,0.3,0.4,-28.2,-4.7,-1.5,-14.6,3.0,21.4,4.0,1.0,0.3,0.4,319.0,941.0,1044.5,688.0,3.0,575.0,4.0,1.0,0.3,0.4,320.0,940.0,1045.0,690.0,3.0,575.0,4.0,1.0,0.3,0.4
1974,2,229.0,29.0,16.71,17.25,17.68,17.61,8.0,1.65,14.0,0.5,0.6,0.5,14.27,16.8,18.48,16.61,9.0,2.06,16.0,0.6,0.5,0.5,6.86,8.02,10.37,8.48,9.0,1.94,16.0,0.6,0.5,0.5,68.3,70.1,79.8,72.0,9.0,7.2,16.0,0.6,0.5,4.73,5.1,8.07,5.92,9.0,1.9,16.0,0.6,0.5,0.5,-6.29,-4.32,-1.9,-4.06,9.0,2.54,16.0,0.6,0.5,0.5,-5.69,-3.28,-1.81,-3.49,9.0,2.09,16.0,0.6,0.5,0.5,1022.05,1025.0,1027.0,1024.58,9.0,2.29,16.0,0.6,0.5,0.5,6.0,8.0,8.0,7.1,9.0,1.2,16.0,0.6,0.5,0.5,-49.2,-19.9,-11.1,-27.1,9.0,20.0,16.0,0.6,0.5,0.5,-41.4,-16.7,-6.6,-22.9,9.0,17.9,16.0,0.6,0.5,0.5,-0.87,1.05,3.33,1.06,8.0,1.87,14.0,0.5,0.6,0.5,-3.0,7.7,16.0,7.1,8.0,11.2,14.0,0.5,0.6,0.5,3.05,3.8,5.47,4.02,8.0,1.51,14.0,0.5,0.6,0.5,17.1,25.2,34.9,25.1,8.0,12.1,14.0,0.5,0.6,0.5,-98.1,-65.6,-28.2,-67.9,9.0,46.7,16.0,0.6,0.5,0.5,-89.6,-55.1,-28.5,-57.6,9.0,34.2,16.0,0.6,0.5,0.5,-48.2,-31.3,-12.7,-34.9,9.0,26.8,16.0,0.6,0.5,0.5,-46.0,-26.5,-14.8,-28.8,9.0,17.0,16.0,0.6,0.5,0.5,-27.3,-15.2,-8.1,-16.5,8.0,10.7,14.0,0.5,0.6,0.5,-18.8,-14.1,-9.0,-16.4,8.0,11.7,14.0,0.5,0.6,0.5,107.0,132.5,526.0,263.5,9.0,207.5,16.0,0.6,0.5,0.5,105.0,135.0,525.0,265.0,9.0,205.0,16.0,0.6,0.5,0.5
1974,2,229.0,30.0,15.0,15.6,18.67,16.63,11.0,1.75,14.0,0.4,0.7,0.3,15.0,15.6,18.02,16.06,11.0,1.73,14.0,0.4,0.7,0.3,6.96,7.75,10.83,8.52,11.0,1.8,14.0,0.4,0.7,0.3,66.4,74.5,82.2,75.2,11.0,8.8,14.0,0.4,0.3,5.04,9.8,12.9,8.76,11.0,4.06,14.0,0.4,0.7,0.3,-9.85,-4.75,5.89,-2.42,11.0,6.9,14.0,0.4,0.7,0.3,-6.03,-1.95,5.24,-1.15,11.0,6.74,14.0,0.4,0.7,0.3,1017.3,1026.1,1028.33,1023.66,11.0,6.1,14.0,0.4,0.7,0.3,3.6,6.0,8.0,5.6,11.0,2.5,14.0,0.4,0.7,0.3,-98.7,-29.4,74.6,-16.2,11.0,81.9,14.0,0.4,0.7,0.3,-65.8,-15.8,62.4,-7.8,11.0,83.5,14.0,0.4,0.7,0.3,-1.96,1.2,3.18,0.56,11.0,2.6,14.0,0.4,0.7,0.3,-22.2,6.5,22.5,1.4,11.0,28.2,14.0,0.4,0.7,0.3,1.06,3.5,5.49,3.16,11.0,2.3,14.0,0.4,0.7,0.3,4.4,22.2,43.0,23.6,11.0,22.2,14.0,0.4,0.7,0.3,-155.3,-74.1,97.3,-34.0,11.0,116.0,14.0,0.4,0.7,0.3,-92.0,-29.2,95.6,-8.6,11.0,111.9,14.0,0.4,0.7,0.3,-75.7,-33.3,53.2,-16.2,11.0,65.5,14.0,0.4,0.7,0.3,-51.2,-15.1,54.3,-1.9,11.0,62.8,14.0,0.4,0.7,0.3,-31.5,-16.9,-1.5,-17.1,11.0,21.3,14.0,0.4,0.7,0.3,-21.9,-10.0,1.6,-10.8,11.0,14.1,14.0,0.4,0.7,0.3,137.0,941.0,2146.5,1056.0,11.0,993.0,14.0,0.4,0.7,0.3,135.0,940.0,2145.0,1055.0,11.0,995.0,14.0,0.4,0.7,0.3
1974,2,229.0,31.0,15.77,16.5,17.1,16.37,19.0,1.15,20.0,0.6,0.6,0.5,13.96,15.6,17.91,15.88,18.0,2.4,18.0,0.6,0.6,0.5,6.57,7.3,9.37,7.93,16.0,1.61,20.0,0.6,0.6,0.5,62.2,67.5,83.9,71.7,16.0,10.6,20.0,0.6,0.5,3.96,6.2,11.02,7.16,19.0,3.5,18.0,0.6,0.6,0.5,-4.12,-1.06,4.21,-0.88,19.0,4.05,18.0,0.6,0.6,0.5,-8.06,-4.1,0.58,-3.08,19.0,6.26,18.0,0.6,0.6,0.5,1019.16,1025.1,1028.1,1023.67,19.0,5.43,18.0,0.6,0.6,0.5,4.0,6.0,8.0,6.1,18.0,1.8,18.0,0.6,0.6,0.5,-38.4,-3.3,29.7,-3.0,19.0,38.5,18.0,0.6,0.6,0.5,-69.8,-19.9,2.4,-22.2,19.0,76.7,18.0,0.6,0.6,0.5,-0.78,1.2,2.81,0.75,17.0,2.35,18.0,0.6,0.6,0.5,-4.0,5.5,12.7,2.2,17.0,18.0,18.0,0.6,0.6,0.5,2.62,4.17,4.81,3.67,16.0,1.48,20.0,0.6,0.6,0.5,13.0,19.8,31.0,21.3,16.0,12.6,20.0,0.6,0.6,0.5,-66.1,-17.8,56.3,-15.4,18.0,67.4,18.0,0.6,0.6,0.5,-118.0,-50.9,18.9,-40.3,18.0,102.9,18.0,0.6,0.6,0.5,-26.5,-8.7,37.4,-0.7,16.0,30.3,20.0,0.6,0.6,0.5,-49.9,-25.6,17.9,-19.5,16.0,56.8,20.0,0.6,0.6,0.5,-16.4,-4.5,8.6,-4.2,16.0,13.0,20.0,0.6,0.6,0.5,-21.8,-12.4,14.7,-5.8,16.0,20.5,20.0,0.6,0.6,0.5,63.5,238.5,1346.0,648.0,19.0,925.0,18.0,0.6,0.6,0.5,65.0,240.0,1345.0,650.0,19.0,925.0,18.0,0.6,0.6,0.5
1974,2,229.0,32.0,13.88,15.0,17.9,15.36,7.0,2.7,14.0,0.6,0.8,0.4,12.43,13.0,13.95,13.07,7.0,1.24,16.0,0.7,0.8,0.4,6.11,6.42,8.12,6.96,6.0,1.29,16.0,0.7,0.8,0.3,65.6,74.2,81.7,75.6,6.0,12.3,16.0,0.7,0.3,1.06,4.6,12.6,5.59,8.0,5.26,14.0,0.6,0.8,0.4,-0.86,0.0,4.51,1.25,8.0,2.68,14.0,0.6,0.8,0.4,-11.84,-3.69,-1.02,-5.07,8.0,5.01,14.0,0.6,0.8,0.4,1027.27,1029.0,1030.44,1028.9,8.0,3.05,14.0,0.6,0.8,0.4,5.0,8.0,8.0,6.9,8.0,1.6,14.0,0.6,0.8,0.4,-1.3,0.0,56.8,16.0,8.0,29.4,14.0,0.6,0.8,0.4,-154.0,-16.8,-1.1,-51.2,8.0,73.5,14.0,0.6,0.8,0.4,1.06,1.85,4.9,2.58,6.0,1.98,16.0,0.7,0.9,0.4,5.5,14.5,23.6,14.6,6.0,10.3,16.0,0.7,0.9,0.4,2.75,4.07,6.12,4.25,5.0,2.04,18.0,0.6,0.8,0.3,14.3,20.7,23.2,18.9,5.0,5.9,18.0,0.6,0.8,0.3,-15.2,0.0,59.6,18.1,7.0,37.8,16.0,0.7,0.8,0.4,-163.9,-51.2,-16.9,-76.2,7.0,65.2,16.0,0.7,0.8,0.4,-8.8,0.0,26.3,7.2,6.0,20.9,16.0,0.7,0.8,0.3,-53.3,-22.6,-8.5,-35.4,6.0,40.6,16.0,0.7,0.8,0.3,-6.7,0.0,9.5,1.6,5.0,9.6,18.0,0.6,0.8,0.3,-22.3,-16.1,-11.1,-16.5,5.0,6.8,18.0,0.6,0.8,0.3,1.5,101.0,2165.5,657.0,8.0,1082.5,14.0,0.6,0.8,0.4,0.0,100.0,2165.0,655.0,8.0,1085.0,14.0,0.6,0.8,0.4
1974,2,229.0,33.0,15.0,15.2,16.54,15.43,9.0,1.23,20.0,0.7,0.6,0.4,13.13,13.95,14.4,13.77,10.0,0.73,20.0,0.6,0.6,0.4,7.25,7.6,9.26,8.05,9.0,1.15,18.0,0.6,0.6,0.4,75.5,78.4,93.0,82.9,9.0,8.9,18.0,0.6,0.4,2.81,4.1,9.61,5.39,10.0,3.81,20.0,0.6,0.6,0.4,-5.61,0.91,3.92,0.12,10.0,5.65,20.0,0.6,0.6,0.4,-3.77,-0.23,2.12,-1.07,10.0,3.68,20.0,0.6,0.6,0.4,1021.3,1026.75,1030.26,1025.64,10.0,5.4,20.0,0.6,0.6,0.4,0.7,6.0,8.0,5.3,8.0,3.4,18.0,0.5,0.6,0.4,-48.8,3.0,17.4,-4.1,10.0,54.7,20.0,0.6,0.6,0.4,-16.7,-0.1,7.4,-11.2,10.0,38.3,20.0,0.6,0.6,0.4,0.6,1.0,3.51,1.68,9.0,1.58,20.0,0.7,0.6,0.4,0.9,5.1,13.0,8.2,9.0,11.0,20.0,0.7,0.6,0.4,1.29,1.97,3.66,2.51,8.0,1.56,18.0,0.6,0.6,0.4,3.1,9.7,16.7,10.4,8.0,7.8,18.0,0.6,0.6,0.4,-74.3,13.1,54.5,3.3,10.0,76.9,20.0,0.6,0.6,0.4,-51.1,-3.4,30.3,-13.4,10.0,49.1,20.0,0.6,0.6,0.4,-17.7,18.3,33.0,11.3,9.0,41.7,18.0,0.6,0.6,0.4,-32.5,-3.5,20.4,-7.3,9.0,30.0,18.0,0.6,0.6,0.4,-5.8,0.7,8.3,-0.1,8.0,9.1,18.0,0.6,0.6,0.4,-15.3,-2.4,2.3,-5.1,8.0,8.6,18.0,0.6,0.6,0.4,23.0,81.0,906.5,398.5,10.0,627.5,20.0,0.6,0.6,0.4,25.0,80.0,905.0,400.0,10.0,625.0,20.0,0.6,0.6,0.4
1974,2,229.0,34.0,13.86,14.4,15.6,14.43,19.0,1.02,14.0,0.5,0.6,0.4,12.0,13.1,14.99,13.38,20.0,1.48,14.0,0.5,0.6,0.4,5.65,6.71,7.68,6.91,20.0,1.15,14.0,0.5,0.6,0.4,66.5,71.7,84.9,73.3,20.0,8.7,14.0,0.5,0.4,1.52,5.1,7.7,5.26,20.0,3.36,14.0,0.5,0.6,0.4,-3.34,0.0,2.37,-0.05,20.0,3.02,14.0,0.5,0.6,0.4,-6.66,-2.47,1.99,-2.19,20.0,5.12,14.0,0.5,0.6,0.4,1023.11,1027.85,1030.0,1026.81,20.0,3.73,14.0,0.5,0.6,0.4,3.0,7.0,8.0,6.3,20.0,2.4,14.0,0.5,0.6,0.4,-20.3,0.0,16.1,-0.1,20.0,21.1,14.0,0.5,0.6,0.4,-51.2,-9.9,5.8,-13.7,20.0,51.7,14.0,0.5,0.6,0.4,-1.07,1.0,2.7,0.93,19.0,1.58,14.0,0.5,0.6,0.4,-1.1,4.2,12.8,4.6,19.0,8.9,14.0,0.5,0.6,0.4,1.83,3.28,4.24,3.08,19.0,1.2,14.0,0.5,0.6,0.4,4.8,12.4,27.3,15.9,19.0,12.1,14.0,0.5,0.6,0.4,-44.4,0.0,36.7,0.5,20.0,40.5,14.0,0.5,0.6,0.4,-82.6,-35.9,26.9,-28.3,20.0,71.5,14.0,0.5,0.6,0.4,-21.5,0.0,22.1,0.4,20.0,21.9,14.0,0.5,0.6,0.4,-40.5,-20.5,12.0,-15.3,20.0,36.4,14.0,0.5,0.6,0.4,-12.7,0.0,4.6,-1.3,19.0,9.5,14.0,0.5,0.6,0.4,-20.3,-5.2,5.8,-5.6,19.0,17.0,14.0,0.5,0.6,0.4,3.5,132.5,456.5,330.0,20.0,498.5,14.0,0.5,0.6,0.4,5.0,135.0,455.0,330.0,20.0,500.0,14.0,0.5,0.6,0.4
1974,2,229.0,35.0,13.3,14.5,15.8,14.66,23.0,1.6,14.0,0.3,0.5,0.4,11.0,12.2,14.0,12.46,23.0,1.58,14.0,0.3,0.5,0.4,5.74,6.84,8.19,7.02,22.0,1.17,14.0,0.3,0.5,0.4,68.5,79.0,94.0,79.6,22.0,11.7,14.0,0.3,0.4,5.1,8.2,12.11,8.12,23.0,3.57,14.0,0.3,0.5,0.4,-7.24,1.34,7.7,0.72,23.0,6.79,14.0,0.3,0.5,0.4,-7.43,-4.41,1.89,-3.32,23.0,4.85,14.0,0.3,0.5,0.4,1021.98,1026.0,1030.36,1025.56,23.0,6.23,14.0,0.3,0.5,0.4,2.2,7.0,8.0,5.6,21.0,2.7,14.0,0.3,0.5,0.4,-70.3,7.4,78.7,6.2,23.0,75.5,14.0,0.3,0.5,0.4,-70.4,-29.4,12.9,-30.1,23.0,54.3,14.0,0.3,0.5,0.4,0.29,2.3,3.35,2.2,23.0,2.21,14.0,0.3,0.5,0.4,-2.6,14.4,33.6,15.4,23.0,21.0,14.0,0.3,0.5,0.4,1.62,3.27,4.48,3.21,22.0,1.49,14.0,0.3,0.5,0.4,12.2,19.4,39.2,24.0,22.0,15.1,14.0,0.3,0.5,0.4,-89.2,16.3,112.0,16.7,23.0,88.3,14.0,0.3,0.5,0.4,-88.1,-50.9,25.1,-38.8,23.0,64.7,14.0,0.3,0.5,0.4,-46.2,6.9,60.7,5.8,22.0,51.8,14.0,0.3,0.5,0.4,-55.6,-31.6,13.8,-23.5,22.0,36.3,14.0,0.3,0.5,0.4,-22.6,4.4,14.5,-2.8,22.0,19.3,14.0,0.3,0.5,0.4,-29.9,-12.2,3.2,-13.7,22.0,15.9,14.0,0.3,0.5,0.4,132.5,551.5,1801.0,822.0,23.0,808.0,14.0,0.3,0.5,0.4,135.0,550.0,1800.0,820.0,23.0,810.0,14.0,0.3,0.5,0.4
1974,2,229.0,36.0,12.0,14.0,14.66,13.86,19.0,1.62,14.0,0.5,0.6,0.5,10.61,12.55,14.2,12.5,20.0,1.75,16.0,0.6,0.6,0.5,5.23,7.03,8.03,6.86,19.0,1.42,14.0,0.5,0.6,0.5,68.4,78.1,89.0,77.7,19.0,13.8,14.0,0.5,0.5,4.61,7.7,12.89,8.28,20.0,4.03,16.0,0.6,0.6,0.5,-3.33,3.73,6.76,2.8,20.0,6.05,16.0,0.6,0.6,0.5,-8.2,-2.57,1.98,-2.37,20.0,6.13,16.0,0.6,0.6,0.5,1022.0,1027.55,1030.4,1026.32,20.0,4.53,16.0,0.6,0.6,0.5,3.0,6.0,8.0,5.3,20.0,2.6,16.0,0.6,0.6,0.5,-12.0,22.9,68.0,29.2,20.0,77.8,16.0,0.6,0.6,0.5,-81.2,-17.2,6.2,-24.8,20.0,72.7,16.0,0.6,0.6,0.5,-0.24,1.5,2.94,1.45,19.0,2.27,14.0,0.5,0.6,0.5,-3.2,8.7,23.9,10.2,19.0,21.2,14.0,0.5,0.6,0.5,1.71,2.58,4.37,2.88,19.0,1.54,14.0,0.5,0.6,0.5,6.0,21.1,41.1,24.1,19.0,18.8,14.0,0.5,0.6,0.5,-35.3,48.8,86.5,37.4,20.0,78.8,16.0,0.6,0.6,0.5,-95.0,-31.5,23.2,-26.6,20.0,83.4,16.0,0.6,0.6,0.5,-23.1,31.0,49.2,20.5,19.0,41.9,14.0,0.5,0.6,0.5,-59.8,-12.8,16.6,-11.8,19.0,49.4,14.0,0.5,0.6,0.5,-7.9,5.6,28.6,8.5,19.0,21.7,14.0,0.5,0.6,0.5,-26.9,-6.2,2.5,-11.2,19.0,16.9,14.0,0.5,0.6,0.5,98.0,462.5,2142.5,973.0,20.0,1156.5,16.0,0.6,0.6,0.5,100.0,460.0,2140.0,975.0,20.0,1155.0,16.0,0.6,0.6,0.5
1974,2,229.0,37.0,11.14,12.8,13.14,12.23,7.0,1.38,14.0,0.3,0.7,0.3,10.5,12.0,14.0,12.06,9.0,1.71,14.0,0.4,0.6,0.3,5.4,6.94,8.14,6.81,6.0,1.4,14.0,0.3,0.7,0.3,70.5,79.2,84.5,78.8,6.0,9.0,14.0,0.3,0.3,3.73,7.2,11.33,7.07,9.0,3.58,14.0,0.4,0.6,0.3,-0.71,4.79,9.09,4.5,9.0,4.83,14.0,0.4,0.6,0.3,-6.28,-3.14,2.64,-2.27,9.0,4.14,14.0,0.4,0.6,0.3,1021.63,1025.3,1027.87,1024.88,9.0,3.37,14.0,0.4,0.6,0.3,6.1,8.0,8.0,7.1,8.0,1.5,14.0,0.5,0.6,0.3,-3.2,24.4,103.8,43.5,9.0,55.7,14.0,0.4,0.6,0.3,-50.9,-12.9,10.6,-22.9,9.0,39.2,14.0,0.4,0.6,0.3,-2.51,0.0,2.54,0.01,7.0,2.31,14.0,0.3,0.7,0.3,-15.1,0.0,8.8,-4.4,7.0,14.1,14.0,0.3,0.7,0.3,0.56,1.33,3.08,1.76,6.0,1.53,14.0,0.3,0.7,0.3,3.5,7.8,11.9,8.1,6.0,4.8,14.0,0.3,0.7,0.3,-7.9,61.9,124.6,57.4,9.0,60.4,14.0,0.4,0.6,0.3,-68.4,-44.0,30.5,-27.7,9.0,51.7,14.0,0.4,0.6,0.3,6.6,34.2,70.3,35.5,6.0,33.3,14.0,0.3,0.7,0.3,-34.8,3.3,20.9,-6.6,6.0,34.0,14.0,0.3,0.7,0.3,1.0,4.2,10.0,4.5,6.0,5.9,14.0,0.3,0.7,0.3,-6.4,-0.5,3.3,-1.0,6.0,6.4,14.0,0.3,0.7,0.3,52.5,373.0,1536.5,608.5,9.0,741.5,14.0,0.4,0.6,0.3,55.0,375.0,1535.0,610.0,9.0,740.0,14.0,0.4,0.6,0.3
1974,2,229.0,38.0,12.18,13.3,14.43,13.34,7.0,1.2,12.0,0.3,0.7,0.3,9.95,13.0,15.5,12.63,7.0,2.66,12.0,0.3,0.7,0.3,5.69,6.79,9.41,7.32,6.0,2.02,14.0,0.3,0.7,0.3,68.9,85.0,88.2,80.4,6.0,12.0,14.0,0.3,0.3,2.48,7.7,11.42,6.91,7.0,5.25,12.0,0.3,0.7,0.3,2.14,4.95,9.94,5.93,7.0,4.76,12.0,0.3,0.7,0.3,-0.66,1.3,5.66,1.83,7.0,3.97,12.0,0.3,0.7,0.3,1017.27,1023.0,1027.76,1023.57,7.0,6.04,12.0,0.3,0.7,0.3,7.0,8.0,8.0,7.7,6.0,0.5,14.0,0.2,0.6,0.2,5.6,38.1,114.0,62.1,7.0,68.5,12.0,0.3,0.7,0.3,-4.3,3.4,53.6,14.1,7.0,44.6,12.0,0.3,0.7,0.3,-1.54,0.5,2.82,0.71,7.0,2.12,12.0,0.3,0.7,0.3,-17.0,2.1,10.0,2.9,7.0,19.0,12.0,0.3,0.7,0.3,0.32,2.66,3.11,1.93,6.0,1.67,14.0,0.3,0.7,0.3,-1.3,7.1,32.1,12.4,6.0,17.0,14.0,0.3,0.7,0.3,19.1,77.2,131.6,77.1,7.0,60.6,12.0,0.3,0.7,0.3,-7.9,11.6,87.8,30.1,7.0,54.1,12.0,0.3,0.7,0.3,10.5,56.7,86.7,50.4,6.0,37.1,14.0,0.3,0.7,0.3,-6.5,21.9,53.7,20.8,6.0,34.9,14.0,0.3,0.7,0.3,-0.9,6.2,28.3,11.4,6.0,15.2,14.0,0.3,0.7,0.3,-6.4,1.8,6.1,0.9,6.0,9.3,14.0,0.3,0.7,0.3,16.5,456.5,1502.5,816.0,7.0,1003.0,12.0,0.3,0.7,0.3,15.0,455.0,1500.0,815.0,7.0,1005.0,12.0,0.3,0.7,0.3
1974,2,229.0,39.0,11.9,12.75,13.6,12.75,2.0,1.77,10.0,1.0,1.0,0.3,9.83,9.9,9.97,9.9,2.0,0.14,10.0,1.0,1.0,0.3,5.67,5.67,5.67,5.67,1.0,0.0,12.0,1.0,0.9,0.5,76.1,76.1,76.1,76.1,1.0,0.0,12.0,1.0,0.5,7.26,9.55,11.84,9.55,2.0,4.74,10.0,1.0,1.0,0.3,-7.98,-3.88,0.22,-3.88,2.0,8.49,10.0,1.0,1.0,0.3,-3.59,1.23,6.05,1.23,2.0,9.98,10.0,1.0,1.0,0.3,1021.15,1025.35,1029.55,1025.35,2.0,8.7,10.0,1.0,1.0,0.3,3.6,5.0,6.4,5.0,2.0,2.8,10.0,1.0,1.0,0.3,-105.2,-57.2,-9.2,-57.2,2.0,99.4,10.0,1.0,1.0,0.3,-13.4,35.4,84.3,35.4,2.0,101.2,10.0,1.0,1.0,0.3,2.07,2.85,3.63,2.85,2.0,1.63,10.0,1.0,1.0,0.3,17.1,31.1,45.1,31.1,2.0,29.0,10.0,1.0,1.0,0.3,2.68,2.68,2.68,2.68,1.0,0.0,12.0,1.0,0.9,0.5,16.6,16.6,16.6,16.6,1.0,0.0,12.0,1.0,0.9,0.5,-79.8,-39.0,1.8,-39.0,2.0,84.6,10.0,1.0,1.0,0.3,-34.9,12.9,60.7,12.9,2.0,99.0,10.0,1.0,1.0,0.3,12.0,12.0,12.0,12.0,1.0,0.0,12.0,1.0,0.9,0.5,-33.0,-33.0,-33.0,-33.0,1.0,0.0,12.0,1.0,0.9,0.5,5.7,5.7,5.7,5.7,1.0,0.0,12.0,1.0,0.9,0.5,-15.6,-15.6,-15.6,-15.6,1.0,0.0,12.0,1.0,0.9,0.5,541.0,1192.5,1844.0,1192.5,2.0,1349.5,10.0,1.0,1.0,0.3,540.0,1195.0,1845.0,1195.0,2.0,1350.0,10.0,1.0,1.0,0.3
1974,2,229.0,41.0,,,,,,,,,,,,,,,,,,,,,,,,,,,,,,,,,,,,,,,,12.9,12.9,12.9,12.9,1.0,0.0,20.0,0.0,1.0,0.3,-8.29,-8.29,-8.29,-8.29,1.0,0.0,20.0,0.0,1.0,0.3,9.88,9.88,9.88,9.88,1.0,0.0,20.0,0.0,1.0,0.3,1019.0,1019.0,1019.0,1019.0,1.0,0.0,20.0,0.0,1.0,0.3,,,,,,,,,,,,,,,,,,,,,,,,,,,,,,,,,,,,,,,,,,,,,,,,,,,,,,,,,,,,,,,,,,,,,,,,,,,,,,,,,,,,,,,,,,,,,,,,,,,,,,,,,,,,,,,,,,,,,,,,,,,,,,,,,,,,,,,,,,,,,,,,,,,,,,
1974,2,229.0,42.0,8.14,9.7,11.05,9.6,4.0,2.06,16.0,0.3,0.6,0.5,8.27,10.0,11.68,9.98,4.0,2.65,16.0,0.3,0.6,0.5,4.32,4.67,5.48,4.89,3.0,0.87,18.0,0.3,0.4,0.4,65.4,74.1,86.0,75.6,4.0,13.2,16.0,0.3,0.5,6.91,9.0,11.92,9.4,4.0,3.16,16.0,0.3,0.6,0.5,-0.41,5.39,8.35,4.03,4.0,6.45,16.0,0.3,0.6,0.5,-3.09,0.0,6.6,1.67,4.0,7.79,16.0,0.3,0.6,0.5,1019.84,1028.1,1034.58,1027.23,3.0,10.83,18.0,0.3,0.4,0.4,6.0,6.5,7.5,6.8,4.0,1.0,16.0,0.3,0.6,0.5,-1.7,49.9,84.8,42.0,4.0,60.3,16.0,0.3,0.6,0.5,-23.8,0.0,88.4,30.8,4.0,94.4,16.0,0.3,0.6,0.5,-2.14,-0.6,1.41,-0.37,4.0,2.39,16.0,0.3,0.6,0.5,-17.4,-8.0,14.6,-1.7,4.0,21.3,16.0,0.3,0.6,0.5,1.53,1.58,2.58,2.04,3.0,0.87,18.0,0.3,0.4,0.4,10.2,12.1,25.3,17.6,3.0,12.0,18.0,0.3,0.4,0.4,2.9,61.2,65.7,35.5,4.0,56.8,16.0,0.3,0.6,0.5,-30.9,0.0,87.1,26.8,4.0,97.0,16.0,0.3,0.6,0.5,-10.6,29.0,38.4,14.3,3.0,38.0,18.0,0.3,0.4,0.4,-23.5,0.0,0.0,-11.5,3.0,19.9,18.0,0.3,0.4,0.4,-2.4,9.3,24.4,11.0,3.0,19.6,18.0,0.3,0.4,0.4,-6.3,0.0,0.0,-3.1,3.0,5.4,18.0,0.3,0.4,0.4,342.0,774.5,1781.0,1048.5,4.0,975.0,16.0,0.3,0.6,0.5,340.0,775.0,1780.0,1050.0,4.0,975.0,16.0,0.3,0.6,0.5
1974,2,229.0,43.0,7.71,8.9,11.86,9.66,5.0,2.39,20.0,0.4,0.8,0.6,6.69,8.15,10.0,8.13,6.0,1.77,20.0,0.5,0.8,0.6,4.69,4.78,7.03,5.69,5.0,1.37,20.0,0.4,0.8,0.6,71.5,83.9,92.4,82.9,5.0,12.2,20.0,0.4,0.6,7.6,9.8,10.84,9.62,6.0,2.07,20.0,0.5,0.8,0.6,4.04,6.98,10.67,7.2,6.0,3.93,20.0,0.5,0.8,0.6,0.96,4.8,6.47,4.13,6.0,4.13,20.0,0.5,0.8,0.6,1011.16,1014.4,1028.48,1018.22,6.0,8.68,20.0,0.5,0.8,0.6,2.0,3.0,7.4,4.4,5.0,2.9,20.0,0.4,0.8,0.7,30.2,60.2,116.7,73.4,6.0,54.0,20.0,0.5,0.8,0.6,8.7,38.9,55.9,35.8,6.0,43.1,20.0,0.5,0.8,0.6,-0.83,0.3,3.99,1.3,5.0,3.2,20.0,0.4,0.8,0.6,-9.2,2.8,41.5,14.5,5.0,37.8,20.0,0.4,0.8,0.6,0.76,2.17,2.95,1.79,5.0,1.84,20.0,0.4,0.8,0.6,4.0,20.0,29.5,17.3,5.0,21.1,20.0,0.4,0.8,0.6,32.0,64.1,70.1,53.8,6.0,22.1,20.0,0.5,0.8,0.6,7.4,41.2,60.2,38.9,6.0,38.4,20.0,0.5,0.8,0.6,18.8,38.5,46.8,34.5,5.0,17.7,20.0,0.4,0.8,0.6,10.3,25.9,49.2,29.6,5.0,31.4,20.0,0.4,0.8,0.6,4.9,15.4,27.5,16.9,5.0,17.5,20.0,0.4,0.8,0.6,-9.9,10.1,11.6,2.5,5.0,12.2,20.0,0.4,0.8,0.6,439.5,948.5,1310.5,994.5,6.0,641.5,20.0,0.5,0.8,0.6,440.0,950.0,1310.0,995.0,6.0,640.0,20.0,0.5,0.8,0.6
1974,2,229.0,44.0,8.85,10.0,10.13,9.86,7.0,1.53,16.0,0.4,0.6,0.4,6.7,9.25,9.97,8.9,8.0,1.9,18.0,0.5,0.6,0.4,5.41,5.92,6.59,6.15,8.0,0.95,18.0,0.5,0.6,0.4,80.8,86.7,92.6,86.8,8.0,5.9,18.0,0.5,0.4,7.7,10.05,15.34,10.8,8.0,5.05,18.0,0.5,0.6,0.4,1.78,7.09,11.46,7.13,8.0,5.9,18.0,0.5,0.6,0.4,0.29,5.21,9.72,5.52,8.0,5.59,18.0,0.5,0.6,0.4,1006.79,1019.3,1021.72,1015.45,8.0,8.15,18.0,0.5,0.6,0.4,4.0,7.0,8.0,6.0,7.0,2.0,18.0,0.6,0.6,0.4,6.1,65.3,170.5,92.8,8.0,110.1,18.0,0.5,0.6,0.4,2.2,42.6,145.4,70.5,8.0,80.3,18.0,0.5,0.6,0.4,-0.27,1.0,3.83,1.4,7.0,2.26,16.0,0.4,0.6,0.4,-4.1,6.2,34.7,10.6,7.0,18.7,16.0,0.4,0.6,0.4,0.98,1.5,2.27,1.68,7.0,1.06,16.0,0.4,0.6,0.4,3.8,20.4,28.5,17.3,7.0,10.7,16.0,0.4,0.6,0.4,12.4,57.1,114.1,65.7,8.0,58.6,18.0,0.5,0.6,0.4,2.2,45.3,99.2,53.7,8.0,53.9,18.0,0.5,0.6,0.4,10.0,43.0,76.0,43.8,8.0,35.5,18.0,0.5,0.6,0.4,1.6,30.9,67.8,36.2,8.0,36.5,18.0,0.5,0.6,0.4,0.8,12.0,26.9,12.9,7.0,12.3,16.0,0.4,0.6,0.4,-0.1,7.0,10.6,6.8,7.0,8.1,16.0,0.4,0.6,0.4,456.5,1032.0,3614.0,1973.5,8.0,2063.0,18.0,0.5,0.6,0.4,455.0,1030.0,3615.0,1975.0,8.0,2065.0,18.0,0.5,0.6,0.4
1974,2,229.0,45.0,6.88,8.3,10.0,8.24,11.0,1.3,16.0,0.5,0.5,0.4,6.37,8.0,8.88,7.88,12.0,1.39,16.0,0.6,0.5,0.4,4.28,5.47,5.69,5.08,12.0,0.91,16.0,0.6,0.5,0.4,67.5,77.5,87.8,77.3,12.0,12.9,16.0,0.6,0.4,5.63,10.3,13.29,9.85,11.0,5.5,18.0,0.5,0.5,0.4,2.85,7.05,10.67,6.85,11.0,4.25,18.0,0.5,0.5,0.4,-4.1,0.0,6.19,2.19,11.0,7.88,18.0,0.5,0.5,0.4,1009.62,1016.6,1036.25,1019.76,12.0,13.35,16.0,0.6,0.5,0.4,4.0,7.5,8.0,6.4,12.0,2.1,16.0,0.6,0.5,0.4,12.9,59.3,134.9,81.9,11.0,67.8,18.0,0.5,0.5,0.4,-39.7,0.0,74.4,40.1,11.0,133.0,18.0,0.5,0.5,0.4,-1.42,0.7,2.33,0.55,11.0,1.96,16.0,0.5,0.5,0.4,-20.5,2.3,25.5,3.3,10.0,22.7,16.0,0.5,0.6,0.4,0.47,1.28,3.1,1.67,11.0,1.43,16.0,0.5,0.5,0.4,0.5,9.1,34.7,15.2,10.0,14.9,16.0,0.5,0.6,0.4,21.9,58.5,81.3,54.1,11.0,36.5,18.0,0.5,0.5,0.4,-25.4,0.0,57.2,21.8,11.0,63.2,18.0,0.5,0.5,0.4,16.4,34.1,48.6,34.0,11.0,22.3,18.0,0.5,0.5,0.4,-19.2,0.0,34.2,13.7,11.0,44.8,18.0,0.5,0.5,0.4,0.5,5.4,29.1,12.4,10.0,14.1,16.0,0.5,0.6,0.4,-3.7,0.0,5.6,-1.3,10.0,10.3,16.0,0.5,0.6,0.4,205.0,1092.5,2473.0,1791.0,11.0,2527.5,18.0,0.5,0.5,0.4,205.0,1095.0,2475.0,1790.0,11.0,2530.0,18.0,0.5,0.5,0.4
1974,2,229.0,46.0,6.75,7.35,10.0,7.87,12.0,1.46,12.0,0.6,0.6,0.3,6.01,8.0,9.37,8.04,14.0,1.78,12.0,0.6,0.5,0.3,4.43,5.38,6.68,5.47,11.0,1.08,12.0,0.6,0.6,0.3,69.4,86.1,93.0,83.1,11.0,12.2,12.0,0.6,0.3,5.2,9.75,12.9,9.58,14.0,4.68,12.0,0.6,0.5,0.3,2.31,5.93,10.65,6.37,14.0,4.06,12.0,0.6,0.5,0.3,-0.86,6.22,11.06,5.11,14.0,5.7,12.0,0.6,0.5,0.3,1001.61,1010.0,1031.62,1013.69,14.0,13.71,12.0,0.6,0.5,0.3,5.7,8.0,8.0,6.7,13.0,2.0,12.0,0.5,0.5,0.3,13.3,58.4,151.1,75.0,14.0,66.9,12.0,0.6,0.5,0.3,-4.3,56.7,141.4,63.4,14.0,83.7,12.0,0.6,0.5,0.3,-2.05,0.0,2.13,-0.02,12.0,2.09,12.0,0.6,0.6,0.3,-18.8,0.0,17.4,-1.2,12.0,17.9,12.0,0.6,0.6,0.3,-0.05,0.91,2.34,1.19,10.0,1.33,12.0,0.7,0.6,0.2,-0.5,7.6,16.5,8.3,10.0,10.1,12.0,0.7,0.6,0.2,15.0,41.0,92.3,52.7,14.0,40.3,12.0,0.6,0.5,0.3,-5.3,37.3,83.4,38.3,14.0,47.9,12.0,0.6,0.5,0.3,10.5,20.0,56.8,31.0,11.0,23.3,12.0,0.6,0.6,0.3,3.5,33.8,66.9,36.6,11.0,30.8,12.0,0.6,0.6,0.3,-0.1,4.3,14.5,6.8,10.0,9.5,12.0,0.7,0.6,0.2,-2.3,0.6,9.3,2.5,10.0,5.3,12.0,0.7,0.6,0.2,143.5,959.0,2146.5,1456.0,14.0,1634.0,12.0,0.6,0.5,0.3,145.0,960.0,2145.0,1455.0,14.0,1635.0,12.0,0.6,0.5,0.3
1974,2,229.0,47.0,7.6,7.8,9.3,8.43,3.0,1.37,10.0,0.7,0.5,0.6,4.0,7.0,7.6,6.25,6.0,1.78,16.0,0.3,0.6,0.6,4.24,4.83,5.42,4.83,2.0,1.22,14.0,0.5,0.5,0.6,65.7,75.1,84.6,75.1,2.0,19.6,14.0,0.5,0.6,4.73,8.2,17.26,10.88,5.0,7.83,18.0,0.2,0.6,0.6,-1.1,3.85,6.31,2.5,5.0,6.26,18.0,0.2,0.6,0.6,0.6,7.71,14.69,8.08,5.0,8.98,18.0,0.2,0.6,0.6,1002.77,1022.7,1037.6,1017.65,6.0,23.98,16.0,0.3,0.6,0.6,7.2,8.0,8.0,7.3,6.0,1.6,16.0,0.3,0.6,0.6,-56.6,23.0,60.9,1.0,5.0,111.9,18.0,0.2,0.6,0.6,3.5,63.2,277.1,143.2,5.0,209.2,18.0,0.2,0.6,0.6,-0.25,0.3,2.14,0.93,3.0,1.83,10.0,0.7,0.5,0.6,-1.3,0.2,1.7,0.2,2.0,3.2,14.0,0.5,0.5,0.6,1.07,1.57,2.07,1.57,2.0,1.03,14.0,0.5,0.5,0.6,7.3,8.2,9.0,8.2,2.0,1.8,14.0,0.5,0.5,0.6,1.8,30.8,34.3,17.9,5.0,28.2,18.0,0.2,0.6,0.6,3.7,42.6,68.4,37.6,5.0,38.4,18.0,0.2,0.6,0.6,15.4,15.6,15.9,15.6,2.0,0.5,14.0,0.5,0.5,0.6,2.3,19.2,36.1,19.2,2.0,35.0,14.0,0.5,0.5,0.6,3.4,5.6,7.8,5.6,2.0,4.6,14.0,0.5,0.5,0.6,-1.7,1.6,4.9,1.6,2.0,6.9,14.0,0.5,0.5,0.6,109.5,551.5,6206.5,3153.0,5.0,5238.5,18.0,0.2,0.6,0.6,110.0,550.0,6205.0,3155.0,5.0,5240.0,18.0,0.2,0.6,0.6
1974,2,229.0,48.0,5.19,6.9,7.89,6.81,8.0,1.81,14.0,0.6,0.7,0.4,6.13,6.9,7.37,6.8,9.0,0.74,14.0,0.7,0.7,0.4,4.75,5.49,5.85,5.27,6.0,0.87,14.0,0.5,0.8,0.4,78.4,87.1,94.2,85.7,6.0,11.7,14.0,0.5,0.4,3.07,7.2,8.95,7.02,9.0,3.99,14.0,0.7,0.7,0.4,1.42,5.7,8.01,4.89,9.0,5.3,14.0,0.7,0.7,0.4,1.36,3.1,4.64,3.11,9.0,2.34,14.0,0.7,0.7,0.4,1005.73,1012.7,1018.78,1014.64,9.0,10.79,14.0,0.7,0.7,0.4,5.3,7.0,7.7,6.6,9.0,1.3,14.0,0.7,0.7,0.4,3.0,33.3,71.7,46.7,9.0,68.8,14.0,0.7,0.7,0.4,3.0,19.2,40.6,28.6,9.0,36.8,14.0,0.7,0.7,0.4,-2.72,-0.1,2.22,-0.09,8.0,2.29,14.0,0.6,0.7,0.4,-19.3,-0.9,12.7,-4.3,8.0,21.1,14.0,0.6,0.7,0.4,-0.37,0.54,2.26,0.9,6.0,1.41,14.0,0.5,0.8,0.4,-3.3,5.0,13.7,5.2,6.0,9.4,14.0,0.5,0.8,0.4,10.4,34.9,55.0,34.9,9.0,38.4,14.0,0.7,0.7,0.4,9.4,20.2,30.9,22.0,9.0,18.1,14.0,0.7,0.7,0.4,18.7,31.8,48.0,35.3,6.0,23.0,14.0,0.5,0.8,0.4,6.6,18.4,27.7,18.8,6.0,15.1,14.0,0.5,0.8,0.4,-2.9,4.4,12.3,4.9,6.0,8.7,14.0,0.5,0.8,0.4,-1.7,0.0,5.3,1.2,6.0,3.7,14.0,0.5,0.8,0.4,56.5,373.0,725.5,684.0,9.0,1140.5,14.0,0.7,0.7,0.4,55.0,375.0,725.0,685.0,9.0,1140.0,14.0,0.7,0.7,0.4
1974,2,229.0,49.0,5.6,7.0,7.2,6.58,15.0,0.94,12.0,0.5,0.6,0.4,5.27,6.85,7.65,6.56,18.0,1.69,14.0,0.5,0.6,0.4,4.4,5.48,6.29,5.37,14.0,1.0,14.0,0.5,0.6,0.4,78.8,94.0,100.0,90.6,15.0,10.0,12.0,0.5,0.3,7.7,11.05,18.0,12.16,18.0,5.43,14.0,0.5,0.6,0.4,-4.9,5.62,11.29,3.74,18.0,8.27,14.0,0.5,0.6,0.4,-3.14,5.05,14.28,4.7,18.0,8.91,14.0,0.5,0.6,0.4,995.54,1010.0,1023.96,1009.95,17.0,14.27,14.0,0.5,0.6,0.4,4.1,7.5,8.0,6.5,16.0,2.2,12.0,0.4,0.6,0.3,-45.8,48.0,147.8,37.5,18.0,137.8,14.0,0.5,0.6,0.4,-37.6,47.0,240.5,75.1,18.0,165.2,14.0,0.5,0.6,0.4,-1.41,0.3,1.47,0.34,15.0,1.76,12.0,0.5,0.6,0.4,-11.8,2.7,17.3,3.6,15.0,26.4,12.0,0.5,0.6,0.4,-0.45,0.66,1.86,0.69,13.0,1.07,12.0,0.5,0.6,0.4,-4.0,3.2,27.9,7.8,13.0,16.8,12.0,0.5,0.6,0.4,-34.7,37.3,49.5,18.6,18.0,52.0,14.0,0.5,0.6,0.4,-18.1,30.1,110.8,36.9,18.0,61.4,14.0,0.5,0.6,0.4,-46.5,28.3,48.8,10.6,14.0,48.3,14.0,0.5,0.6,0.4,-17.7,29.0,84.9,29.4,14.0,52.4,14.0,0.5,0.6,0.4,0.0,5.8,24.1,9.2,13.0,10.5,12.0,0.5,0.6,0.4,-14.0,0.0,2.8,-4.3,13.0,11.3,12.0,0.5,0.6,0.4,456.5,1351.5,5832.0,2860.0,18.0,3388.5,14.0,0.5,0.6,0.4,455.0,1350.0,5830.0,2860.0,18.0,3390.0,14.0,0.5,0.6,0.4
1974,2,229.0,50.0,6.59,6.9,7.5,7.0,10.0,0.64,12.0,0.3,0.6,0.3,5.37,6.35,8.13,6.37,12.0,1.82,12.0,0.3,0.6,0.3,4.93,5.14,6.07,5.32,8.0,0.58,12.0,0.3,0.5,0.4,79.6,83.5,90.2,85.1,8.0,7.6,12.0,0.3,0.4,5.77,8.45,11.0,8.83,12.0,3.04,12.0,0.3,0.6,0.3,-4.96,3.64,6.62,1.23,12.0,6.49,12.0,0.3,0.6,0.3,-4.19,2.21,9.44,2.19,12.0,6.72,12.0,0.3,0.6,0.3,1003.79,1010.5,1015.41,1011.19,12.0,8.09,12.0,0.3,0.6,0.3,5.2,8.0,8.0,6.8,11.0,2.0,12.0,0.4,0.6,0.3,-43.7,29.6,53.1,3.8,12.0,71.1,12.0,0.3,0.6,0.3,-30.0,16.2,100.0,26.4,12.0,76.6,12.0,0.3,0.6,0.3,-1.41,0.25,0.84,0.16,10.0,1.44,12.0,0.3,0.6,0.3,-12.2,1.3,7.5,3.4,10.0,18.8,12.0,0.3,0.6,0.3,0.31,0.98,1.52,0.97,8.0,0.65,12.0,0.3,0.5,0.4,2.8,7.1,12.4,9.3,8.0,9.2,12.0,0.3,0.5,0.4,-30.5,19.3,40.9,7.0,12.0,37.7,12.0,0.3,0.6,0.3,-29.8,13.6,64.2,16.5,12.0,46.1,12.0,0.3,0.6,0.3,-19.9,16.9,27.2,4.0,8.0,29.2,12.0,0.3,0.5,0.4,-16.2,31.1,57.3,24.0,8.0,33.9,12.0,0.3,0.5,0.4,-1.8,2.6,6.0,0.3,8.0,8.3,12.0,0.3,0.5,0.4,-3.2,3.0,11.6,5.4,8.0,8.9,12.0,0.3,0.5,0.4,195.0,605.0,1331.0,925.5,12.0,977.0,12.0,0.3,0.6,0.3,195.0,605.0,1330.0,925.0,12.0,975.0,12.0,0.3,0.6,0.3
1974,2,229.0,51.0,5.86,7.2,7.8,6.78,5.0,1.41,10.0,0.4,0.9,0.2,5.3,6.7,6.88,6.12,5.0,1.3,10.0,0.4,0.9,0.2,4.33,5.0,5.23,4.75,5.0,0.79,10.0,0.4,0.9,0.2,74.7,84.7,84.9,80.2,5.0,7.6,10.0,0.4,0.2,7.77,12.9,16.71,12.56,5.0,6.12,10.0,0.4,0.9,0.2,-1.08,3.75,10.67,4.29,5.0,7.13,10.0,0.4,0.9,0.2,0.5,7.12,13.03,6.91,5.0,10.06,10.0,0.4,0.9,0.2,995.39,1006.4,1015.99,1005.4,5.0,18.42,10.0,0.4,0.9,0.2,5.9,8.0,8.0,7.0,4.0,2.0,10.0,0.5,0.9,0.3,-14.7,81.0,142.0,65.8,5.0,89.9,10.0,0.4,0.9,0.2,-19.8,66.3,235.7,112.1,5.0,208.6,10.0,0.4,0.9,0.2,-1.16,0.5,2.5,0.66,5.0,2.33,10.0,0.4,0.9,0.2,-12.2,10.8,20.6,4.9,5.0,18.6,10.0,0.4,0.9,0.2,0.72,1.19,2.16,1.42,5.0,1.15,10.0,0.4,0.9,0.2,10.0,16.3,22.2,15.6,5.0,9.4,10.0,0.4,0.9,0.2,-10.3,25.1,69.9,27.8,5.0,48.9,10.0,0.4,0.9,0.2,-6.4,47.7,84.2,41.9,5.0,69.3,10.0,0.4,0.9,0.2,-7.6,20.0,52.6,20.7,5.0,36.1,10.0,0.4,0.9,0.2,-2.4,36.8,67.1,34.4,5.0,53.3,10.0,0.4,0.9,0.2,2.8,5.6,14.2,7.8,5.0,6.5,10.0,0.4,0.9,0.2,-2.7,13.0,19.0,9.2,5.0,13.0,10.0,0.4,0.9,0.2,559.0,2146.5,5385.0,3169.5,5.0,3994.5,10.0,0.4,0.9,0.2,560.0,2145.0,5385.0,3170.0,5.0,3995.0,10.0,0.4,0.9,0.2
1974,2,229.0,52.0,7.8,7.8,7.8,7.8,1.0,0.0,20.0,1.0,0.9,0.1,8.0,8.0,8.0,8.0,1.0,0.0,20.0,1.0,0.9,0.1,4.94,4.94,4.94,4.94,1.0,0.0,20.0,1.0,0.9,0.1,74.3,74.3,74.3,74.3,1.0,0.0,20.0,1.0,0.1,10.3,10.3,10.3,10.3,1.0,0.0,20.0,1.0,0.9,0.1,7.89,7.89,7.89,7.89,1.0,0.0,20.0,1.0,0.9,0.1,6.62,6.62,6.62,6.62,1.0,0.0,20.0,1.0,0.9,0.1,1009.2,1009.2,1009.2,1009.2,1.0,0.0,20.0,1.0,0.9,0.1,7.0,7.0,7.0,7.0,1.0,0.0,20.0,1.0,0.9,0.1,81.3,81.3,81.3,81.3,1.0,0.0,20.0,1.0,0.9,0.1,68.2,68.2,68.2,68.2,1.0,0.0,20.0,1.0,0.9,0.1,-0.2,-0.2,-0.2,-0.2,1.0,0.0,20.0,1.0,0.9,0.1,-2.1,-2.1,-2.1,-2.1,1.0,0.0,20.0,1.0,0.9,0.1,1.63,1.63,1.63,1.63,1.0,0.0,20.0,1.0,0.9,0.1,16.8,16.8,16.8,16.8,1.0,0.0,20.0,1.0,0.9,0.1,63.1,63.1,63.1,63.1,1.0,0.0,20.0,1.0,0.9,0.1,53.0,53.0,53.0,53.0,1.0,0.0,20.0,1.0,0.9,0.1,39.0,39.0,39.0,39.0,1.0,0.0,20.0,1.0,0.9,0.1,32.7,32.7,32.7,32.7,1.0,0.0,20.0,1.0,0.9,0.1,12.9,12.9,12.9,12.9,1.0,0.0,20.0,1.0,0.9,0.1,10.8,10.8,10.8,10.8,1.0,0.0,20.0,1.0,0.9,0.1,1092.5,1092.5,1092.5,1092.5,1.0,0.0,20.0,1.0,0.9,0.1,1095.0,1095.0,1095.0,1095.0,1.0,0.0,20.0,1.0,0.9,0.1
1974,2,229.0,53.0,7.3,7.3,7.64,7.47,3.0,0.29,12.0,0.7,0.2,0.3,6.0,6.0,6.07,6.03,3.0,0.06,12.0,0.7,0.2,0.3,4.17,4.27,4.29,4.23,3.0,0.09,12.0,0.7,0.2,0.3,71.8,75.0,75.3,73.6,3.0,2.9,12.0,0.7,0.3,2.07,3.3,4.53,3.3,2.0,2.55,14.0,1.0,0.2,0.3,-2.76,-1.64,-0.52,-1.64,2.0,2.32,14.0,1.0,0.2,0.3,-0.64,1.2,3.05,1.2,2.0,3.82,14.0,1.0,0.2,0.3,1012.56,1028.4,1028.4,1020.67,3.0,13.39,12.0,0.7,0.2,0.3,2.0,2.0,4.7,3.3,3.0,2.3,12.0,0.7,0.2,0.3,-14.1,-8.4,-2.7,-8.4,2.0,11.8,14.0,1.0,0.2,0.3,1.3,8.8,16.4,8.8,2.0,15.7,14.0,1.0,0.2,0.3,1.3,1.3,1.57,1.43,3.0,0.23,12.0,0.7,0.2,0.3,3.0,5.3,7.6,5.3,2.0,4.8,14.0,1.0,0.2,0.3,1.94,1.97,2.31,2.13,3.0,0.3,12.0,0.7,0.2,0.3,4.5,7.8,11.1,7.8,2.0,6.8,14.0,1.0,0.2,0.3,-16.8,-10.0,-3.2,-10.0,2.0,14.1,14.0,1.0,0.2,0.3,-3.8,7.4,18.6,7.4,2.0,23.2,14.0,1.0,0.2,0.3,-11.4,-6.8,-2.1,-6.8,2.0,9.6,14.0,1.0,0.2,0.3,-2.8,4.9,12.5,4.9,2.0,15.9,14.0,1.0,0.2,0.3,-6.8,-4.1,-1.3,-4.1,2.0,5.7,14.0,1.0,0.2,0.3,-0.9,3.4,7.7,3.4,2.0,8.9,14.0,1.0,0.2,0.3,24.0,68.0,112.0,68.0,2.0,91.5,14.0,1.0,0.2,0.3,25.0,70.0,110.0,70.0,2.0,90.0,14.0,1.0,0.2,0.3
1974,2,230.0,-42.0,16.0,16.0,16.0,16.0,1.0,0.0,26.0,1.0,0.9,0.2,15.8,15.8,15.8,15.8,1.0,0.0,26.0,1.0,0.9,0.2,9.52,9.52,9.52,9.52,1.0,0.0,26.0,1.0,0.9,0.2,86.2,86.2,86.2,86.2,1.0,0.0,26.0,1.0,0.2,8.2,8.2,8.2,8.2,1.0,0.0,26.0,1.0,0.9,0.2,-8.2,-8.2,-8.2,-8.2,1.0,0.0,26.0,1.0,0.9,0.2,0.0,0.0,0.0,0.0,1.0,0.0,26.0,1.0,0.9,0.2,1021.0,1021.0,1021.0,1021.0,1.0,0.0,26.0,1.0,0.9,0.2,8.0,8.0,8.0,8.0,1.0,0.0,26.0,1.0,0.9,0.2,-67.2,-67.2,-67.2,-67.2,1.0,0.0,26.0,1.0,0.9,0.2,0.0,0.0,0.0,0.0,1.0,0.0,26.0,1.0,0.9,0.2,0.2,0.2,0.2,0.2,1.0,0.0,26.0,1.0,0.9,0.2,1.6,1.6,1.6,1.6,1.0,0.0,26.0,1.0,0.9,0.2,1.68,1.68,1.68,1.68,1.0,0.0,26.0,1.0,0.9,0.2,13.8,13.8,13.8,13.8,1.0,0.0,26.0,1.0,0.9,0.2,-129.6,-129.6,-129.6,-129.6,1.0,0.0,26.0,1.0,0.9,0.2,0.0,0.0,0.0,0.0,1.0,0.0,26.0,1.0,0.9,0.2,-78.0,-78.0,-78.0,-78.0,1.0,0.0,26.0,1.0,0.9,0.2,0.0,0.0,0.0,0.0,1.0,0.0,26.0,1.0,0.9,0.2,-13.8,-13.8,-13.8,-13.8,1.0,0.0,26.0,1.0,0.9,0.2,0.0,0.0,0.0,0.0,1.0,0.0,26.0,1.0,0.9,0.2,551.5,551.5,551.5,551.5,1.0,0.0,26.0,1.0,0.9,0.2,550.0,550.0,550.0,550.0,1.0,0.0,26.0,1.0,0.9,0.2
1974,2,230.0,-34.0,,,,,,,,,,,,,,,,,,,,,,,,,,,,,,,,,,,,,,,,4.1,4.1,4.1,4.1,1.0,0.0,2.0,0.0,0.1,0.4,-3.14,-3.14,-3.14,-3.14,1.0,0.0,2.0,0.0,0.1,0.4,-2.64,-2.64,-2.64,-2.64,1.0,0.0,2.0,0.0,0.1,0.4,1026.7,1026.7,1026.7,1026.7,1.0,0.0,2.0,0.0,0.1,0.4,2.0,2.0,2.0,2.0,1.0,0.0,2.0,0.0,0.1,0.4,-12.9,-12.9,-12.9,-12.9,1.0,0.0,2.0,0.0,0.1,0.4,-10.8,-10.8,-10.8,-10.8,1.0,0.0,2.0,0.0,0.1,0.4,,,,,,,,,,,,,,,,,,,,,,,,,,,,,,,,,,,,,,,,,-72.2,-72.2,-72.2,-72.2,1.0,0.0,2.0,0.0,0.1,0.4,-60.6,-60.6,-60.6,-60.6,1.0,0.0,2.0,0.0,0.1,0.4,-45.6,-45.6,-45.6,-45.6,1.0,0.0,2.0,0.0,0.1,0.4,-38.3,-38.3,-38.3,-38.3,1.0,0.0,2.0,0.0,0.1,0.4,,,,,,,,,,,,,,,,,,,,,,,,,,,,,,,,,,,,,,,,
1974,2,230.0,-33.0,23.69,24.1,24.51,24.1,2.0,0.85,8.0,1.0,0.5,0.4,24.53,25.25,25.97,25.25,2.0,1.48,8.0,1.0,0.5,0.4,13.85,15.09,16.34,15.09,2.0,2.59,8.0,1.0,0.5,0.4,72.8,75.7,78.7,75.7,2.0,6.2,8.0,1.0,0.4,5.86,6.2,6.54,6.2,2.0,0.71,8.0,1.0,0.5,0.4,-3.62,-0.79,2.03,-0.79,2.0,5.86,8.0,1.0,0.5,0.4,-5.33,-4.33,-3.32,-4.33,2.0,2.09,8.0,1.0,0.5,0.4,1022.74,1023.05,1023.36,1023.05,2.0,0.64,8.0,1.0,0.5,0.4,2.3,3.0,3.7,3.0,2.0,1.4,8.0,1.0,0.5,0.4,-20.1,-2.8,14.4,-2.8,2.0,35.8,8.0,1.0,0.5,0.4,-35.3,-27.6,-19.8,-27.6,2.0,16.0,8.0,1.0,0.5,0.4,-1.46,-1.15,-0.84,-1.15,2.0,0.64,8.0,1.0,0.5,0.4,-9.7,-7.4,-5.1,-7.4,2.0,4.8,8.0,1.0,0.5,0.4,2.68,3.46,4.24,3.46,2.0,1.62,8.0,1.0,0.5,0.4,17.2,20.9,24.5,20.9,2.0,7.6,8.0,1.0,0.5,0.4,-86.5,-15.7,55.2,-15.7,2.0,146.8,8.0,1.0,0.5,0.4,-139.3,-110.8,-82.2,-110.8,2.0,59.1,8.0,1.0,0.5,0.4,-46.1,-4.4,37.3,-4.4,2.0,86.4,8.0,1.0,0.5,0.4,-88.6,-68.0,-47.4,-68.0,2.0,42.7,8.0,1.0,0.5,0.4,-17.9,-7.5,2.9,-7.5,2.0,21.5,8.0,1.0,0.5,0.4,-13.4,-13.3,-13.2,-13.3,2.0,0.2,8.0,1.0,0.5,0.4,203.5,243.0,282.5,243.0,2.0,81.5,8.0,1.0,0.5,0.4,205.0,245.0,280.0,245.0,2.0,80.0,8.0,1.0,0.5,0.4
1974,2,230.0,-32.0,25.0,25.0,25.0,25.0,1.0,0.0,6.0,1.0,0.5,1.0,24.5,24.5,24.5,24.5,1.0,0.0,6.0,1.0,0.5,1.0,15.63,15.63,15.63,15.63,1.0,0.0,6.0,1.0,0.5,1.0,82.4,82.4,82.4,82.4,1.0,0.0,6.0,1.0,1.0,7.7,7.7,7.7,7.7,1.0,0.0,6.0,1.0,0.5,1.0,0.0,0.0,0.0,0.0,1.0,0.0,6.0,1.0,0.5,1.0,-7.7,-7.7,-7.7,-7.7,1.0,0.0,6.0,1.0,0.5,1.0,1022.0,1022.0,1022.0,1022.0,1.0,0.0,6.0,1.0,0.5,1.0,3.0,3.0,3.0,3.0,1.0,0.0,6.0,1.0,0.5,1.0,0.0,0.0,0.0,0.0,1.0,0.0,6.0,1.0,0.5,1.0,-59.3,-59.3,-59.3,-59.3,1.0,0.0,6.0,1.0,0.5,1.0,0.5,0.5,0.5,0.5,1.0,0.0,6.0,1.0,0.5,1.0,3.9,3.9,3.9,3.9,1.0,0.0,6.0,1.0,0.5,1.0,3.97,3.97,3.97,3.97,1.0,0.0,6.0,1.0,0.5,1.0,30.6,30.6,30.6,30.6,1.0,0.0,6.0,1.0,0.5,1.0,0.0,0.0,0.0,0.0,1.0,0.0,6.0,1.0,0.5,1.0,-188.6,-188.6,-188.6,-188.6,1.0,0.0,6.0,1.0,0.5,1.0,0.0,0.0,0.0,0.0,1.0,0.0,6.0,1.0,0.5,1.0,-120.3,-120.3,-120.3,-120.3,1.0,0.0,6.0,1.0,0.5,1.0,0.0,0.0,0.0,0.0,1.0,0.0,6.0,1.0,0.5,1.0,-30.6,-30.6,-30.6,-30.6,1.0,0.0,6.0,1.0,0.5,1.0,456.5,456.5,456.5,456.5,1.0,0.0,6.0,1.0,0.5,1.0,455.0,455.0,455.0,455.0,1.0,0.0,6.0,1.0,0.5,1.0
1974,2,230.0,-31.0,,,,,,,,,,,,,,,,,,,,,,,,,,,,,,,,,,,,,,,,6.0,6.0,6.0,6.0,1.0,0.0,12.0,1.0,0.5,0.1,4.6,4.6,4.6,4.6,1.0,0.0,12.0,1.0,0.5,0.1,-3.86,-3.86,-3.86,-3.86,1.0,0.0,12.0,1.0,0.5,0.1,1008.7,1008.7,1008.7,1008.7,1.0,0.0,12.0,1.0,0.5,0.1,,,,,,,,,,,,,,,,,,,,,,,,,,,,,,,,,,,,,,,,,,,,,,,,,,,,,,,,,,,,,,,,,,,,,,,,,,,,,,,,,,,,,,,,,,,,,,,,,,,,,,,,,,,,,,,,,,,,,,,,,,,,,,,,,,,,,,,,,,,,,,,,,,,,,,
1974,2,230.0,-29.0,,,,,,,,,,,,,,,,,,,,,,,,,,,,,,,,,,,,,,,,2.6,2.6,2.6,2.6,1.0,0.0,18.0,0.0,0.1,0.4,-0.45,-0.45,-0.45,-0.45,1.0,0.0,18.0,0.0,0.1,0.4,-2.56,-2.56,-2.56,-2.56,1.0,0.0,18.0,0.0,0.1,0.4,1022.3,1022.3,1022.3,1022.3,1.0,0.0,18.0,0.0,0.1,0.4,7.0,7.0,7.0,7.0,1.0,0.0,18.0,0.0,0.1,0.4,-1.2,-1.2,-1.2,-1.2,1.0,0.0,18.0,0.0,0.1,0.4,-6.7,-6.7,-6.7,-6.7,1.0,0.0,18.0,0.0,0.1,0.4,,,,,,,,,,,,,,,,,,,,,,,,,,,,,,,,,,,,,,,,,-11.5,-11.5,-11.5,-11.5,1.0,0.0,18.0,0.0,0.1,0.4,-65.0,-65.0,-65.0,-65.0,1.0,0.0,18.0,0.0,0.1,0.4,-8.5,-8.5,-8.5,-8.5,1.0,0.0,18.0,0.0,0.1,0.4,-48.1,-48.1,-48.1,-48.1,1.0,0.0,18.0,0.0,0.1,0.4,,,,,,,,,,,,,,,,,,,,,,,,,,,,,,,,,,,,,,,,
1974,2,230.0,-28.0,,,,,,,,,,,,,,,,,,,,,,,,,,,,,,,,,,,,,,,,2.6,2.6,2.6,2.6,1.0,0.0,28.0,0.0,0.3,0.5,-2.56,-2.56,-2.56,-2.56,1.0,0.0,28.0,0.0,0.3,0.5,0.45,0.45,0.45,0.45,1.0,0.0,28.0,0.0,0.3,0.5,1026.6,1026.6,1026.6,1026.6,1.0,0.0,28.0,0.0,0.3,0.5,,,,,,,,,,,,,,,,,,,,,,,,,,,,,,,,,,,,,,,,,,,,,,,,,,,,,,,,,,,,,,,,,,,,,,,,,,,,,,,,,,,,,,,,,,,,,,,,,,,,,,,,,,,,,,,,,,,,,,,,,,,,,,,,,,,,,,,,,,,,,,,,,,,,,,
1974,2,230.0,-27.0,26.0,26.0,26.0,26.0,1.0,0.0,14.0,1.0,0.7,1.0,26.8,26.8,26.8,26.8,1.0,0.0,14.0,1.0,0.7,1.0,12.03,12.03,12.03,12.03,1.0,0.0,14.0,1.0,0.7,1.0,55.3,55.3,55.3,55.3,1.0,0.0,14.0,1.0,1.0,5.1,5.1,5.1,5.1,1.0,0.0,14.0,1.0,0.7,1.0,-4.42,-4.42,-4.42,-4.42,1.0,0.0,14.0,1.0,0.7,1.0,2.55,2.55,2.55,2.55,1.0,0.0,14.0,1.0,0.7,1.0,1019.5,1019.5,1019.5,1019.5,1.0,0.0,14.0,1.0,0.7,1.0,3.0,3.0,3.0,3.0,1.0,0.0,14.0,1.0,0.7,1.0,-22.5,-22.5,-22.5,-22.5,1.0,0.0,14.0,1.0,0.7,1.0,13.0,13.0,13.0,13.0,1.0,0.0,14.0,1.0,0.7,1.0,-0.8,-0.8,-0.8,-0.8,1.0,0.0,14.0,1.0,0.7,1.0,-4.1,-4.1,-4.1,-4.1,1.0,0.0,14.0,1.0,0.7,1.0,8.84,8.84,8.84,8.84,1.0,0.0,14.0,1.0,0.7,1.0,45.1,45.1,45.1,45.1,1.0,0.0,14.0,1.0,0.7,1.0,-118.4,-118.4,-118.4,-118.4,1.0,0.0,14.0,1.0,0.7,1.0,68.3,68.3,68.3,68.3,1.0,0.0,14.0,1.0,0.7,1.0,-53.1,-53.1,-53.1,-53.1,1.0,0.0,14.0,1.0,0.7,1.0,30.7,30.7,30.7,30.7,1.0,0.0,14.0,1.0,0.7,1.0,-39.0,-39.0,-39.0,-39.0,1.0,0.0,14.0,1.0,0.7,1.0,22.5,22.5,22.5,22.5,1.0,0.0,14.0,1.0,0.7,1.0,132.5,132.5,132.5,132.5,1.0,0.0,14.0,1.0,0.7,1.0,135.0,135.0,135.0,135.0,1.0,0.0,14.0,1.0,0.7,1.0
1974,2,230.0,-26.0,26.2,26.2,26.2,26.2,1.0,0.0,8.0,0.0,0.7,0.8,25.52,25.55,25.58,25.55,2.0,0.07,6.0,0.0,0.5,0.7,14.44,14.77,15.1,14.77,2.0,0.68,6.0,0.0,0.5,0.7,71.1,72.8,74.5,72.8,2.0,3.5,6.0,0.0,0.7,3.34,3.85,4.36,3.85,2.0,1.06,6.0,0.0,0.5,0.7,-4.01,-3.35,-2.68,-3.35,2.0,1.38,6.0,0.0,0.5,0.7,1.64,1.78,1.93,1.78,2.0,0.3,6.0,0.0,0.5,0.7,1016.04,1017.0,1017.96,1017.0,2.0,1.98,6.0,0.0,0.5,0.7,1.5,2.5,3.5,2.5,2.0,2.1,6.0,0.0,0.5,0.7,-17.9,-13.6,-9.3,-13.6,2.0,8.9,6.0,0.0,0.5,0.7,6.3,6.7,7.1,6.7,2.0,0.7,6.0,0.0,0.5,0.7,0.6,0.6,0.6,0.6,1.0,0.0,8.0,0.0,0.7,0.8,2.8,2.8,2.8,2.8,1.0,0.0,8.0,0.0,0.7,0.8,6.86,6.86,6.86,6.86,1.0,0.0,8.0,0.0,0.7,0.8,31.5,31.5,31.5,31.5,1.0,0.0,8.0,0.0,0.7,0.8,-102.7,-85.6,-68.5,-85.6,2.0,35.4,6.0,0.0,0.5,0.7,41.9,45.5,49.1,45.5,2.0,7.5,6.0,0.0,0.5,0.7,-57.7,-49.0,-40.3,-49.0,2.0,18.1,6.0,0.0,0.5,0.7,23.7,26.4,29.1,26.4,2.0,5.6,6.0,0.0,0.5,0.7,-29.6,-29.6,-29.6,-29.6,1.0,0.0,8.0,0.0,0.7,0.8,10.8,10.8,10.8,10.8,1.0,0.0,8.0,0.0,0.7,0.8,40.5,63.5,86.5,63.5,2.0,48.0,6.0,0.0,0.5,0.7,40.0,65.0,85.0,65.0,2.0,50.0,6.0,0.0,0.5,0.7
1974,2,230.0,-25.0,25.78,26.85,27.66,26.73,4.0,1.12,16.0,0.8,0.6,0.4,25.5,25.75,26.52,26.0,4.0,0.71,16.0,0.8,0.6,0.4,14.16,15.0,15.64,14.9,4.0,1.15,16.0,0.8,0.6,0.4,68.9,74.0,74.3,71.7,4.0,4.8,16.0,0.8,0.4,5.7,5.95,6.46,6.08,4.0,0.48,16.0,0.8,0.6,0.4,-6.41,-5.91,-5.26,-5.84,4.0,0.72,16.0,0.8,0.6,0.4,-0.52,0.58,2.05,0.76,4.0,1.65,16.0,0.8,0.6,0.4,1019.55,1019.8,1021.15,1020.33,4.0,1.27,16.0,0.8,0.6,0.4,1.5,3.0,4.0,2.8,4.0,1.5,16.0,0.8,0.6,0.4,-41.5,-35.2,-30.0,-35.7,4.0,7.1,16.0,0.8,0.6,0.4,-3.0,3.9,12.2,4.6,4.0,9.5,16.0,0.8,0.6,0.4,0.04,0.35,1.44,0.73,4.0,1.08,16.0,0.8,0.6,0.4,0.3,2.3,8.5,4.3,4.0,6.1,16.0,0.8,0.6,0.4,5.8,7.13,7.99,6.91,4.0,1.38,16.0,0.8,0.6,0.4,36.2,45.4,47.4,42.0,4.0,8.7,16.0,0.8,0.6,0.4,-170.1,-152.2,-134.1,-152.1,4.0,22.6,16.0,0.8,0.6,0.4,-13.2,15.7,53.0,19.7,4.0,42.2,16.0,0.8,0.6,0.4,-96.1,-83.6,-78.3,-87.1,4.0,14.0,16.0,0.8,0.6,0.4,-7.8,9.4,31.4,11.7,4.0,24.9,16.0,0.8,0.6,0.4,-47.1,-44.7,-33.8,-40.6,4.0,10.4,16.0,0.8,0.6,0.4,-4.3,3.8,11.3,3.5,4.0,9.8,16.0,0.8,0.6,0.4,185.0,212.0,271.0,227.5,4.0,55.0,16.0,0.8,0.6,0.4,185.0,210.0,270.0,225.0,4.0,55.0,16.0,0.8,0.6,0.4
1974,2,230.0,-19.0,26.2,26.2,26.2,26.2,1.0,0.0,12.0,1.0,0.5,0.3,26.2,26.2,26.2,26.2,1.0,0.0,12.0,1.0,0.5,0.3,14.65,14.65,14.65,14.65,1.0,0.0,12.0,1.0,0.5,0.3,69.6,69.6,69.6,69.6,1.0,0.0,12.0,1.0,0.3,6.2,6.2,6.2,6.2,1.0,0.0,12.0,1.0,0.5,0.3,-6.11,-6.11,-6.11,-6.11,1.0,0.0,12.0,1.0,0.5,0.3,1.08,1.08,1.08,1.08,1.0,0.0,12.0,1.0,0.5,0.3,1018.0,1018.0,1018.0,1018.0,1.0,0.0,12.0,1.0,0.5,0.3,7.0,7.0,7.0,7.0,1.0,0.0,12.0,1.0,0.5,0.3,-37.9,-37.9,-37.9,-37.9,1.0,0.0,12.0,1.0,0.5,0.3,6.7,6.7,6.7,6.7,1.0,0.0,12.0,1.0,0.5,0.3,0.0,0.0,0.0,0.0,1.0,0.0,12.0,1.0,0.5,0.3,0.0,0.0,0.0,0.0,1.0,0.0,12.0,1.0,0.5,0.3,6.5,6.5,6.5,6.5,1.0,0.0,12.0,1.0,0.5,0.3,40.3,40.3,40.3,40.3,1.0,0.0,12.0,1.0,0.5,0.3,-160.0,-160.0,-160.0,-160.0,1.0,0.0,12.0,1.0,0.5,0.3,28.2,28.2,28.2,28.2,1.0,0.0,12.0,1.0,0.5,0.3,-89.5,-89.5,-89.5,-89.5,1.0,0.0,12.0,1.0,0.5,0.3,15.8,15.8,15.8,15.8,1.0,0.0,12.0,1.0,0.5,0.3,-39.7,-39.7,-39.7,-39.7,1.0,0.0,12.0,1.0,0.5,0.3,7.0,7.0,7.0,7.0,1.0,0.0,12.0,1.0,0.5,0.3,238.5,238.5,238.5,238.5,1.0,0.0,12.0,1.0,0.5,0.3,240.0,240.0,240.0,240.0,1.0,0.0,12.0,1.0,0.5,0.3
1974,2,230.0,-16.0,25.0,25.0,25.0,25.0,1.0,0.0,26.0,1.0,1.0,0.7,27.5,27.5,27.5,27.5,1.0,0.0,26.0,1.0,1.0,0.7,21.12,21.12,21.12,21.12,1.0,0.0,26.0,1.0,1.0,0.7,92.1,92.1,92.1,92.1,1.0,0.0,26.0,1.0,0.7,7.7,7.7,7.7,7.7,1.0,0.0,26.0,1.0,1.0,0.7,-7.58,-7.58,-7.58,-7.58,1.0,0.0,26.0,1.0,1.0,0.7,1.34,1.34,1.34,1.34,1.0,0.0,26.0,1.0,1.0,0.7,1013.3,1013.3,1013.3,1013.3,1.0,0.0,26.0,1.0,1.0,0.7,3.0,3.0,3.0,3.0,1.0,0.0,26.0,1.0,1.0,0.7,-58.4,-58.4,-58.4,-58.4,1.0,0.0,26.0,1.0,1.0,0.7,10.3,10.3,10.3,10.3,1.0,0.0,26.0,1.0,1.0,0.7,-2.5,-2.5,-2.5,-2.5,1.0,0.0,26.0,1.0,1.0,0.7,-19.2,-19.2,-19.2,-19.2,1.0,0.0,26.0,1.0,1.0,0.7,-1.35,-1.35,-1.35,-1.35,1.0,0.0,26.0,1.0,1.0,0.7,-10.4,-10.4,-10.4,-10.4,1.0,0.0,26.0,1.0,1.0,0.7,-208.5,-208.5,-208.5,-208.5,1.0,0.0,26.0,1.0,1.0,0.7,36.8,36.8,36.8,36.8,1.0,0.0,26.0,1.0,1.0,0.7,-160.2,-160.2,-160.2,-160.2,1.0,0.0,26.0,1.0,1.0,0.7,28.2,28.2,28.2,28.2,1.0,0.0,26.0,1.0,1.0,0.7,10.3,10.3,10.3,10.3,1.0,0.0,26.0,1.0,1.0,0.7,-1.8,-1.8,-1.8,-1.8,1.0,0.0,26.0,1.0,1.0,0.7,456.5,456.5,456.5,456.5,1.0,0.0,26.0,1.0,1.0,0.7,455.0,455.0,455.0,455.0,1.0,0.0,26.0,1.0,1.0,0.7
1974,2,230.0,-13.0,26.1,26.1,26.1,26.1,1.0,0.0,14.0,0.0,0.6,0.7,25.1,25.1,25.1,25.1,1.0,0.0,14.0,0.0,0.6,0.7,14.54,14.54,14.54,14.54,1.0,0.0,14.0,0.0,0.6,0.7,73.3,73.3,73.3,73.3,1.0,0.0,14.0,0.0,0.7,5.1,5.1,5.1,5.1,1.0,0.0,14.0,0.0,0.6,0.7,-5.02,-5.02,-5.02,-5.02,1.0,0.0,14.0,0.0,0.6,0.7,0.89,0.89,0.89,0.89,1.0,0.0,14.0,0.0,0.6,0.7,1013.0,1013.0,1013.0,1013.0,1.0,0.0,14.0,0.0,0.6,0.7,3.0,3.0,3.0,3.0,1.0,0.0,14.0,0.0,0.6,0.7,-25.6,-25.6,-25.6,-25.6,1.0,0.0,14.0,0.0,0.6,0.7,4.5,4.5,4.5,4.5,1.0,0.0,14.0,0.0,0.6,0.7,1.0,1.0,1.0,1.0,1.0,0.0,14.0,0.0,0.6,0.7,5.1,5.1,5.1,5.1,1.0,0.0,14.0,0.0,0.6,0.7,6.59,6.59,6.59,6.59,1.0,0.0,14.0,0.0,0.6,0.7,33.6,33.6,33.6,33.6,1.0,0.0,14.0,0.0,0.6,0.7,-126.1,-126.1,-126.1,-126.1,1.0,0.0,14.0,0.0,0.6,0.7,22.2,22.2,22.2,22.2,1.0,0.0,14.0,0.0,0.6,0.7,-73.0,-73.0,-73.0,-73.0,1.0,0.0,14.0,0.0,0.6,0.7,12.9,12.9,12.9,12.9,1.0,0.0,14.0,0.0,0.6,0.7,-33.1,-33.1,-33.1,-33.1,1.0,0.0,14.0,0.0,0.6,0.7,5.8,5.8,5.8,5.8,1.0,0.0,14.0,0.0,0.6,0.7,132.5,132.5,132.5,132.5,1.0,0.0,14.0,0.0,0.6,0.7,135.0,135.0,135.0,135.0,1.0,0.0,14.0,0.0,0.6,0.7
1974,2,230.0,-11.0,26.0,26.0,26.0,26.0,1.0,0.0,18.0,1.0,0.6,0.7,24.47,25.7,26.93,25.7,2.0,2.55,10.0,0.5,0.6,0.8,15.34,15.59,15.84,15.59,2.0,0.52,10.0,0.5,0.6,0.8,71.8,76.0,80.3,76.0,2.0,8.8,10.0,0.5,0.8,3.41,5.15,6.89,5.15,2.0,3.61,10.0,0.5,0.6,0.8,-6.87,-5.07,-3.28,-5.07,2.0,3.72,10.0,0.5,0.6,0.8,0.14,0.44,0.75,0.44,2.0,0.63,10.0,0.5,0.6,0.8,1011.6,1012.45,1013.3,1012.45,2.0,1.77,10.0,0.5,0.6,0.8,2.6,4.0,5.4,4.0,2.0,2.8,10.0,0.5,0.6,0.8,-50.9,-32.8,-14.8,-32.8,2.0,37.4,10.0,0.5,0.6,0.8,0.4,1.2,1.9,1.2,2.0,1.6,10.0,0.5,0.6,0.8,-1.5,-1.5,-1.5,-1.5,1.0,0.0,18.0,1.0,0.6,0.7,-11.5,-11.5,-11.5,-11.5,1.0,0.0,18.0,1.0,0.6,0.7,5.03,5.03,5.03,5.03,1.0,0.0,18.0,1.0,0.6,0.7,38.8,38.8,38.8,38.8,1.0,0.0,18.0,1.0,0.6,0.7,-187.4,-135.1,-82.7,-135.1,2.0,108.4,10.0,0.5,0.6,0.8,3.4,10.6,17.9,10.6,2.0,15.0,10.0,0.5,0.6,0.8,-109.3,-80.0,-50.8,-80.0,2.0,60.6,10.0,0.5,0.6,0.8,2.1,6.8,11.4,6.8,2.0,9.6,10.0,0.5,0.6,0.8,-38.8,-38.8,-38.8,-38.8,1.0,0.0,18.0,1.0,0.6,0.7,0.0,0.0,0.0,0.0,1.0,0.0,18.0,1.0,0.6,0.7,87.0,237.0,387.0,237.0,2.0,310.5,10.0,0.5,0.6,0.8,85.0,235.0,385.0,235.0,2.0,310.0,10.0,0.5,0.6,0.8
1974,2,230.0,-10.0,25.6,25.6,25.6,25.6,1.0,0.0,22.0,1.0,1.0,0.5,26.4,26.4,26.4,26.4,1.0,0.0,22.0,1.0,1.0,0.5,15.78,15.78,15.78,15.78,1.0,0.0,22.0,1.0,1.0,0.5,73.6,73.6,73.6,73.6,1.0,0.0,22.0,1.0,0.5,7.2,7.2,7.2,7.2,1.0,0.0,22.0,1.0,1.0,0.5,-7.09,-7.09,-7.09,-7.09,1.0,0.0,22.0,1.0,1.0,0.5,-1.25,-1.25,-1.25,-1.25,1.0,0.0,22.0,1.0,1.0,0.5,1012.4,1012.4,1012.4,1012.4,1.0,0.0,22.0,1.0,1.0,0.5,4.0,4.0,4.0,4.0,1.0,0.0,22.0,1.0,1.0,0.5,-51.1,-51.1,-51.1,-51.1,1.0,0.0,22.0,1.0,1.0,0.5,-9.0,-9.0,-9.0,-9.0,1.0,0.0,22.0,1.0,1.0,0.5,-0.8,-0.8,-0.8,-0.8,1.0,0.0,22.0,1.0,1.0,0.5,-5.8,-5.8,-5.8,-5.8,1.0,0.0,22.0,1.0,1.0,0.5,4.74,4.74,4.74,4.74,1.0,0.0,22.0,1.0,1.0,0.5,34.1,34.1,34.1,34.1,1.0,0.0,22.0,1.0,1.0,0.5,-187.2,-187.2,-187.2,-187.2,1.0,0.0,22.0,1.0,1.0,0.5,-33.0,-33.0,-33.0,-33.0,1.0,0.0,22.0,1.0,1.0,0.5,-111.9,-111.9,-111.9,-111.9,1.0,0.0,22.0,1.0,1.0,0.5,-19.7,-19.7,-19.7,-19.7,1.0,0.0,22.0,1.0,1.0,0.5,-33.6,-33.6,-33.6,-33.6,1.0,0.0,22.0,1.0,1.0,0.5,-5.9,-5.9,-5.9,-5.9,1.0,0.0,22.0,1.0,1.0,0.5,373.0,373.0,373.0,373.0,1.0,0.0,22.0,1.0,1.0,0.5,375.0,375.0,375.0,375.0,1.0,0.0,22.0,1.0,1.0,0.5
1974,2,230.0,-9.0,27.2,27.2,27.2,27.2,1.0,0.0,18.0,1.0,0.4,1.0,26.2,26.2,26.2,26.2,1.0,0.0,18.0,1.0,0.4,1.0,17.02,17.02,17.02,17.02,1.0,0.0,18.0,1.0,0.4,1.0,80.1,80.1,80.1,80.1,1.0,0.0,18.0,1.0,1.0,5.7,5.7,5.7,5.7,1.0,0.0,18.0,1.0,0.4,1.0,-5.36,-5.36,-5.36,-5.36,1.0,0.0,18.0,1.0,0.4,1.0,1.95,1.95,1.95,1.95,1.0,0.0,18.0,1.0,0.4,1.0,1010.7,1010.7,1010.7,1010.7,1.0,0.0,18.0,1.0,0.4,1.0,7.0,7.0,7.0,7.0,1.0,0.0,18.0,1.0,0.4,1.0,-30.5,-30.5,-30.5,-30.5,1.0,0.0,18.0,1.0,0.4,1.0,11.1,11.1,11.1,11.1,1.0,0.0,18.0,1.0,0.4,1.0,1.0,1.0,1.0,1.0,1.0,0.0,18.0,1.0,0.4,1.0,5.7,5.7,5.7,5.7,1.0,0.0,18.0,1.0,0.4,1.0,5.6,5.6,5.6,5.6,1.0,0.0,18.0,1.0,0.4,1.0,31.9,31.9,31.9,31.9,1.0,0.0,18.0,1.0,0.4,1.0,-140.3,-140.3,-140.3,-140.3,1.0,0.0,18.0,1.0,0.4,1.0,51.1,51.1,51.1,51.1,1.0,0.0,18.0,1.0,0.4,1.0,-91.2,-91.2,-91.2,-91.2,1.0,0.0,18.0,1.0,0.4,1.0,33.2,33.2,33.2,33.2,1.0,0.0,18.0,1.0,0.4,1.0,-30.0,-30.0,-30.0,-30.0,1.0,0.0,18.0,1.0,0.4,1.0,10.9,10.9,10.9,10.9,1.0,0.0,18.0,1.0,0.4,1.0,185.0,185.0,185.0,185.0,1.0,0.0,18.0,1.0,0.4,1.0,185.0,185.0,185.0,185.0,1.0,0.0,18.0,1.0,0.4,1.0
1974,2,230.0,-8.0,26.0,26.0,26.0,26.0,1.0,0.0,6.0,0.0,0.3,0.7,25.2,25.2,25.2,25.2,1.0,0.0,6.0,0.0,0.3,0.7,18.39,18.39,18.39,18.39,1.0,0.0,6.0,0.0,0.3,0.7,92.0,92.0,92.0,92.0,1.0,0.0,6.0,0.0,0.7,4.6,4.6,4.6,4.6,1.0,0.0,6.0,0.0,0.3,0.7,-4.32,-4.32,-4.32,-4.32,1.0,0.0,6.0,0.0,0.3,0.7,1.57,1.57,1.57,1.57,1.0,0.0,6.0,0.0,0.3,0.7,1012.8,1012.8,1012.8,1012.8,1.0,0.0,6.0,0.0,0.3,0.7,4.0,4.0,4.0,4.0,1.0,0.0,6.0,0.0,0.3,0.7,-19.9,-19.9,-19.9,-19.9,1.0,0.0,6.0,0.0,0.3,0.7,7.2,7.2,7.2,7.2,1.0,0.0,6.0,0.0,0.3,0.7,0.8,0.8,0.8,0.8,1.0,0.0,6.0,0.0,0.3,0.7,3.7,3.7,3.7,3.7,1.0,0.0,6.0,0.0,0.3,0.7,2.62,2.62,2.62,2.62,1.0,0.0,6.0,0.0,0.3,0.7,12.0,12.0,12.0,12.0,1.0,0.0,6.0,0.0,0.3,0.7,-108.9,-108.9,-108.9,-108.9,1.0,0.0,6.0,0.0,0.3,0.7,39.6,39.6,39.6,39.6,1.0,0.0,6.0,0.0,0.3,0.7,-79.5,-79.5,-79.5,-79.5,1.0,0.0,6.0,0.0,0.3,0.7,28.9,28.9,28.9,28.9,1.0,0.0,6.0,0.0,0.3,0.7,-11.3,-11.3,-11.3,-11.3,1.0,0.0,6.0,0.0,0.3,0.7,4.1,4.1,4.1,4.1,1.0,0.0,6.0,0.0,0.3,0.7,97.5,97.5,97.5,97.5,1.0,0.0,6.0,0.0,0.3,0.7,95.0,95.0,95.0,95.0,1.0,0.0,6.0,0.0,0.3,0.7
1974,2,230.0,-7.0,26.0,26.0,26.02,26.02,6.0,0.04,22.0,0.2,0.4,0.4,25.68,25.9,26.73,26.25,6.0,1.11,22.0,0.2,0.4,0.4,15.42,17.2,17.67,16.73,6.0,1.11,22.0,0.2,0.4,0.4,74.0,79.4,83.2,78.6,6.0,5.4,22.0,0.2,0.4,6.83,7.6,9.21,7.9,6.0,1.4,22.0,0.2,0.4,0.4,-9.21,-6.45,-6.01,-7.3,6.0,1.76,22.0,0.2,0.4,0.4,-2.19,0.0,3.84,0.68,6.0,3.05,22.0,0.2,0.4,0.4,1009.41,1010.4,1013.21,1011.12,6.0,2.26,22.0,0.2,0.4,0.4,3.0,3.5,6.0,4.2,6.0,1.5,22.0,0.2,0.4,0.4,-84.9,-48.9,-41.1,-59.5,6.0,25.2,22.0,0.2,0.4,0.4,-14.1,0.0,27.9,5.8,6.0,22.7,22.0,0.2,0.4,0.4,-0.71,0.1,0.32,-0.23,6.0,1.07,22.0,0.2,0.4,0.4,-5.2,0.6,2.8,-1.6,6.0,7.6,22.0,0.2,0.4,0.4,3.4,3.94,5.58,4.33,6.0,1.06,22.0,0.2,0.4,0.4,28.2,32.4,39.0,33.4,6.0,5.8,22.0,0.2,0.4,0.4,-239.0,-171.3,-158.9,-191.0,6.0,43.9,22.0,0.2,0.4,0.4,-56.2,0.0,106.8,19.6,6.0,80.9,22.0,0.2,0.4,0.4,-161.7,-106.2,-100.0,-122.7,6.0,34.0,22.0,0.2,0.4,0.4,-33.8,0.0,66.4,13.5,6.0,51.5,22.0,0.2,0.4,0.4,-38.4,-31.4,-23.8,-30.9,6.0,7.3,22.0,0.2,0.4,0.4,-12.2,0.0,14.9,0.9,6.0,13.0,22.0,0.2,0.4,0.4,321.5,442.5,785.0,532.5,6.0,284.5,22.0,0.2,0.4,0.4,320.0,445.0,785.0,535.0,6.0,285.0,22.0,0.2,0.4,0.4
1974,2,230.0,-5.0,24.5,24.5,24.5,24.5,1.0,0.0,6.0,0.0,0.4,0.9,25.0,25.0,25.0,25.0,1.0,0.0,6.0,0.0,0.4,0.9,18.16,18.16,18.16,18.16,1.0,0.0,6.0,0.0,0.4,0.9,91.9,91.9,91.9,91.9,1.0,0.0,6.0,0.0,0.9,4.6,4.6,4.6,4.6,1.0,0.0,6.0,0.0,0.4,0.9,-4.53,-4.53,-4.53,-4.53,1.0,0.0,6.0,0.0,0.4,0.9,0.8,0.8,0.8,0.8,1.0,0.0,6.0,0.0,0.4,0.9,1013.0,1013.0,1013.0,1013.0,1.0,0.0,6.0,0.0,0.4,0.9,3.0,3.0,3.0,3.0,1.0,0.0,6.0,0.0,0.4,0.9,-20.8,-20.8,-20.8,-20.8,1.0,0.0,6.0,0.0,0.4,0.9,3.7,3.7,3.7,3.7,1.0,0.0,6.0,0.0,0.4,0.9,-0.5,-0.5,-0.5,-0.5,1.0,0.0,6.0,0.0,0.4,0.9,-2.3,-2.3,-2.3,-2.3,1.0,0.0,6.0,0.0,0.4,0.9,1.02,1.02,1.02,1.02,1.0,0.0,6.0,0.0,0.4,0.9,4.7,4.7,4.7,4.7,1.0,0.0,6.0,0.0,0.4,0.9,-113.3,-113.3,-113.3,-113.3,1.0,0.0,6.0,0.0,0.4,0.9,20.0,20.0,20.0,20.0,1.0,0.0,6.0,0.0,0.4,0.9,-82.3,-82.3,-82.3,-82.3,1.0,0.0,6.0,0.0,0.4,0.9,14.5,14.5,14.5,14.5,1.0,0.0,6.0,0.0,0.4,0.9,-4.6,-4.6,-4.6,-4.6,1.0,0.0,6.0,0.0,0.4,0.9,0.8,0.8,0.8,0.8,1.0,0.0,6.0,0.0,0.4,0.9,97.5,97.5,97.5,97.5,1.0,0.0,6.0,0.0,0.4,0.9,95.0,95.0,95.0,95.0,1.0,0.0,6.0,0.0,0.4,0.9
1974,2,230.0,-4.0,23.32,24.0,24.68,24.0,2.0,1.41,12.0,1.0,0.4,0.6,24.95,25.7,26.45,25.7,2.0,1.56,12.0,1.0,0.4,0.6,14.24,15.49,16.73,15.49,2.0,2.58,12.0,1.0,0.4,0.6,72.2,74.6,77.1,74.6,2.0,5.1,12.0,1.0,0.6,2.18,2.35,2.52,2.35,2.0,0.35,12.0,1.0,0.4,0.6,-2.08,-2.05,-2.01,-2.05,2.0,0.08,12.0,1.0,0.4,0.6,0.27,0.84,1.41,0.84,2.0,1.18,12.0,1.0,0.4,0.6,1007.11,1009.5,1011.89,1009.5,2.0,4.95,12.0,1.0,0.4,0.6,3.6,5.0,6.4,5.0,2.0,2.8,12.0,1.0,0.4,0.6,-5.1,-4.8,-4.5,-4.8,2.0,0.5,12.0,1.0,0.4,0.6,0.7,2.2,3.7,2.2,2.0,3.1,12.0,1.0,0.4,0.6,-1.77,-1.7,-1.63,-1.7,2.0,0.14,12.0,1.0,0.4,0.6,-4.5,-4.0,-3.6,-4.0,2.0,0.9,12.0,1.0,0.4,0.6,2.8,3.23,3.65,3.23,2.0,0.88,12.0,1.0,0.4,0.6,7.0,7.4,7.9,7.4,2.0,0.9,12.0,1.0,0.4,0.6,-53.1,-52.5,-51.9,-52.5,2.0,1.2,12.0,1.0,0.4,0.6,7.1,22.4,37.7,22.4,2.0,31.7,12.0,1.0,0.4,0.6,-33.6,-31.6,-29.6,-31.6,2.0,4.1,12.0,1.0,0.4,0.6,4.6,14.5,24.3,14.5,2.0,20.5,12.0,1.0,0.4,0.6,-7.6,-6.6,-5.6,-6.6,2.0,2.1,12.0,1.0,0.4,0.6,0.7,2.2,3.7,2.2,2.0,3.1,12.0,1.0,0.4,0.6,10.5,13.5,16.5,13.5,2.0,6.0,12.0,1.0,0.4,0.6,10.0,15.0,15.0,15.0,2.0,5.0,12.0,1.0,0.4,0.6
1974,2,230.0,-3.0,,,,,,,,,,,,,,,,,,,,,,,,,,,,,,,,,,,,,,,,5.1,5.1,5.1,5.1,1.0,0.0,10.0,0.0,0.9,1.0,-5.02,-5.02,-5.02,-5.02,1.0,0.0,10.0,0.0,0.9,1.0,0.89,0.89,0.89,0.89,1.0,0.0,10.0,0.0,0.9,1.0,1009.5,1009.5,1009.5,1009.5,1.0,0.0,10.0,0.0,0.9,1.0,,,,,,,,,,,,,,,,,,,,,,,,,,,,,,,,,,,,,,,,,,,,,,,,,,,,,,,,,,,,,,,,,,,,,,,,,,,,,,,,,,,,,,,,,,,,,,,,,,,,,,,,,,,,,,,,,,,,,,,,,,,,,,,,,,,,,,,,,,,,,,,,,,,,,,
1974,2,230.0,7.0,25.0,25.0,25.0,25.0,1.0,0.0,22.0,0.0,0.7,0.1,25.7,25.7,25.7,25.7,1.0,0.0,22.0,0.0,0.7,0.1,17.48,17.48,17.48,17.48,1.0,0.0,22.0,0.0,0.7,0.1,84.5,84.5,84.5,84.5,1.0,0.0,22.0,0.0,0.1,7.2,7.2,7.2,7.2,1.0,0.0,22.0,0.0,0.7,0.1,-7.2,-7.2,-7.2,-7.2,1.0,0.0,22.0,0.0,0.7,0.1,0.0,0.0,0.0,0.0,1.0,0.0,22.0,0.0,0.7,0.1,1008.5,1008.5,1008.5,1008.5,1.0,0.0,22.0,0.0,0.7,0.1,5.0,5.0,5.0,5.0,1.0,0.0,22.0,0.0,0.7,0.1,-51.8,-51.8,-51.8,-51.8,1.0,0.0,22.0,0.0,0.7,0.1,0.0,0.0,0.0,0.0,1.0,0.0,22.0,0.0,0.7,0.1,-0.7,-0.7,-0.7,-0.7,1.0,0.0,22.0,0.0,0.7,0.1,-5.0,-5.0,-5.0,-5.0,1.0,0.0,22.0,0.0,0.7,0.1,2.38,2.38,2.38,2.38,1.0,0.0,22.0,0.0,0.7,0.1,17.2,17.2,17.2,17.2,1.0,0.0,22.0,0.0,0.7,0.1,-185.0,-185.0,-185.0,-185.0,1.0,0.0,22.0,0.0,0.7,0.1,0.0,0.0,0.0,0.0,1.0,0.0,22.0,0.0,0.7,0.1,-125.9,-125.9,-125.9,-125.9,1.0,0.0,22.0,0.0,0.7,0.1,0.0,0.0,0.0,0.0,1.0,0.0,22.0,0.0,0.7,0.1,-17.2,-17.2,-17.2,-17.2,1.0,0.0,22.0,0.0,0.7,0.1,0.0,0.0,0.0,0.0,1.0,0.0,22.0,0.0,0.7,0.1,373.0,373.0,373.0,373.0,1.0,0.0,22.0,0.0,0.7,0.1,375.0,375.0,375.0,375.0,1.0,0.0,22.0,0.0,0.7,0.1
1974,2,230.0,10.0,25.0,25.0,25.0,25.0,1.0,0.0,18.0,0.0,0.5,0.3,24.0,24.0,24.0,24.0,1.0,0.0,18.0,0.0,0.5,0.3,15.7,15.7,15.7,15.7,1.0,0.0,18.0,0.0,0.5,0.3,84.4,84.4,84.4,84.4,1.0,0.0,18.0,0.0,0.3,9.8,9.8,9.8,9.8,1.0,0.0,18.0,0.0,0.5,0.3,-7.51,-7.51,-7.51,-7.51,1.0,0.0,18.0,0.0,0.5,0.3,-6.3,-6.3,-6.3,-6.3,1.0,0.0,18.0,0.0,0.5,0.3,1011.0,1011.0,1011.0,1011.0,1.0,0.0,18.0,0.0,0.5,0.3,8.0,8.0,8.0,8.0,1.0,0.0,18.0,0.0,0.5,0.3,-73.6,-73.6,-73.6,-73.6,1.0,0.0,18.0,0.0,0.5,0.3,-61.7,-61.7,-61.7,-61.7,1.0,0.0,18.0,0.0,0.5,0.3,1.0,1.0,1.0,1.0,1.0,0.0,18.0,0.0,0.5,0.3,9.8,9.8,9.8,9.8,1.0,0.0,18.0,0.0,0.5,0.3,4.11,4.11,4.11,4.11,1.0,0.0,18.0,0.0,0.5,0.3,40.3,40.3,40.3,40.3,1.0,0.0,18.0,0.0,0.5,0.3,-180.2,-180.2,-180.2,-180.2,1.0,0.0,18.0,0.0,0.5,0.3,-151.2,-151.2,-151.2,-151.2,1.0,0.0,18.0,0.0,0.5,0.3,-117.9,-117.9,-117.9,-117.9,1.0,0.0,18.0,0.0,0.5,0.3,-98.9,-98.9,-98.9,-98.9,1.0,0.0,18.0,0.0,0.5,0.3,-30.9,-30.9,-30.9,-30.9,1.0,0.0,18.0,0.0,0.5,0.3,-25.9,-25.9,-25.9,-25.9,1.0,0.0,18.0,0.0,0.5,0.3,941.0,941.0,941.0,941.0,1.0,0.0,18.0,0.0,0.5,0.3,940.0,940.0,940.0,940.0,1.0,0.0,18.0,0.0,0.5,0.3
1974,2,230.0,11.0,26.0,26.0,26.0,26.0,1.0,0.0,20.0,1.0,0.8,0.5,22.32,23.0,23.68,23.0,2.0,1.41,24.0,1.0,0.5,0.7,14.15,14.15,14.15,14.15,1.0,0.0,20.0,1.0,0.8,0.5,76.4,76.4,76.4,76.4,1.0,0.0,20.0,1.0,0.5,9.8,9.8,9.8,9.8,1.0,0.0,20.0,1.0,0.8,0.5,-8.49,-8.49,-8.49,-8.49,1.0,0.0,20.0,1.0,0.8,0.5,-4.9,-4.9,-4.9,-4.9,1.0,0.0,20.0,1.0,0.8,0.5,1012.27,1013.5,1014.73,1013.5,2.0,2.55,24.0,1.0,0.5,0.7,6.2,6.5,6.8,6.5,2.0,0.7,24.0,1.0,0.5,0.7,-83.2,-83.2,-83.2,-83.2,1.0,0.0,20.0,1.0,0.8,0.5,-48.0,-48.0,-48.0,-48.0,1.0,0.0,20.0,1.0,0.8,0.5,2.0,2.0,2.0,2.0,1.0,0.0,20.0,1.0,0.8,0.5,19.6,19.6,19.6,19.6,1.0,0.0,20.0,1.0,0.8,0.5,6.8,6.8,6.8,6.8,1.0,0.0,20.0,1.0,0.8,0.5,66.7,66.7,66.7,66.7,1.0,0.0,20.0,1.0,0.8,0.5,-203.7,-203.7,-203.7,-203.7,1.0,0.0,20.0,1.0,0.8,0.5,-117.6,-117.6,-117.6,-117.6,1.0,0.0,20.0,1.0,0.8,0.5,-120.1,-120.1,-120.1,-120.1,1.0,0.0,20.0,1.0,0.8,0.5,-69.3,-69.3,-69.3,-69.3,1.0,0.0,20.0,1.0,0.8,0.5,-57.7,-57.7,-57.7,-57.7,1.0,0.0,20.0,1.0,0.8,0.5,-33.3,-33.3,-33.3,-33.3,1.0,0.0,20.0,1.0,0.8,0.5,941.0,941.0,941.0,941.0,1.0,0.0,20.0,1.0,0.8,0.5,940.0,940.0,940.0,940.0,1.0,0.0,20.0,1.0,0.8,0.5
1974,2,230.0,13.0,23.6,23.6,23.6,23.6,1.0,0.0,22.0,0.0,0.4,0.7,23.6,23.6,23.6,23.6,1.0,0.0,22.0,0.0,0.4,0.7,13.14,13.14,13.14,13.14,1.0,0.0,22.0,0.0,0.4,0.7,72.6,72.6,72.6,72.6,1.0,0.0,22.0,0.0,0.7,4.6,4.6,4.6,4.6,1.0,0.0,22.0,0.0,0.4,0.7,-4.32,-4.32,-4.32,-4.32,1.0,0.0,22.0,0.0,0.4,0.7,-1.57,-1.57,-1.57,-1.57,1.0,0.0,22.0,0.0,0.4,0.7,1013.5,1013.5,1013.5,1013.5,1.0,0.0,22.0,0.0,0.4,0.7,6.0,6.0,6.0,6.0,1.0,0.0,22.0,0.0,0.4,0.7,-19.9,-19.9,-19.9,-19.9,1.0,0.0,22.0,0.0,0.4,0.7,-7.2,-7.2,-7.2,-7.2,1.0,0.0,22.0,0.0,0.4,0.7,0.0,0.0,0.0,0.0,1.0,0.0,22.0,0.0,0.4,0.7,0.0,0.0,0.0,0.0,1.0,0.0,22.0,0.0,0.4,0.7,5.01,5.01,5.01,5.01,1.0,0.0,22.0,0.0,0.4,0.7,23.0,23.0,23.0,23.0,1.0,0.0,22.0,0.0,0.4,0.7,-102.0,-102.0,-102.0,-102.0,1.0,0.0,22.0,0.0,0.4,0.7,-37.1,-37.1,-37.1,-37.1,1.0,0.0,22.0,0.0,0.4,0.7,-56.8,-56.8,-56.8,-56.8,1.0,0.0,22.0,0.0,0.4,0.7,-20.7,-20.7,-20.7,-20.7,1.0,0.0,22.0,0.0,0.4,0.7,-21.7,-21.7,-21.7,-21.7,1.0,0.0,22.0,0.0,0.4,0.7,-7.9,-7.9,-7.9,-7.9,1.0,0.0,22.0,0.0,0.4,0.7,97.5,97.5,97.5,97.5,1.0,0.0,22.0,0.0,0.4,0.7,95.0,95.0,95.0,95.0,1.0,0.0,22.0,0.0,0.4,0.7
1974,2,230.0,14.0,23.63,24.0,24.73,24.2,5.0,1.1,16.0,0.4,0.7,0.6,21.92,22.55,23.21,22.62,6.0,0.84,16.0,0.5,0.7,0.5,12.06,12.79,14.06,13.05,5.0,1.18,14.0,0.4,0.7,0.5,70.7,72.3,85.8,77.0,5.0,8.3,14.0,0.4,0.5,5.7,6.7,7.25,6.6,5.0,1.02,14.0,0.4,0.7,0.5,-5.22,-4.31,-3.44,-4.27,5.0,1.27,14.0,0.4,0.7,0.5,-6.59,-5.13,-1.81,-4.28,5.0,2.88,14.0,0.4,0.7,0.5,1012.1,1014.35,1016.44,1014.03,6.0,2.64,16.0,0.5,0.7,0.5,4.6,5.5,8.0,5.8,6.0,1.9,16.0,0.5,0.7,0.5,-32.9,-28.9,-23.5,-27.7,5.0,7.3,14.0,0.4,0.7,0.5,-48.0,-34.4,-10.3,-30.2,5.0,22.7,14.0,0.4,0.7,0.5,0.89,2.0,2.8,1.86,5.0,1.29,16.0,0.4,0.7,0.6,10.6,16.5,19.8,15.3,4.0,5.7,12.0,0.3,0.6,0.5,5.59,6.36,6.58,6.1,4.0,0.78,12.0,0.3,0.6,0.5,36.2,38.6,42.9,39.5,4.0,4.2,12.0,0.3,0.6,0.5,-117.6,-103.4,-74.6,-96.4,5.0,29.5,14.0,0.4,0.7,0.5,-143.9,-123.2,-40.7,-95.8,5.0,63.4,14.0,0.4,0.7,0.5,-70.7,-56.0,-44.9,-56.1,5.0,18.0,14.0,0.4,0.7,0.5,-82.7,-65.6,-26.7,-55.9,5.0,36.9,14.0,0.4,0.7,0.5,-34.0,-25.7,-17.7,-25.9,4.0,9.7,12.0,0.3,0.6,0.5,-38.9,-26.6,-8.5,-23.8,4.0,18.9,12.0,0.3,0.6,0.5,185.0,301.0,392.5,304.5,5.0,149.5,14.0,0.4,0.7,0.5,185.0,300.0,390.0,305.0,5.0,150.0,14.0,0.4,0.7,0.5
1974,2,230.0,16.0,23.1,23.1,23.1,23.1,1.0,0.0,14.0,0.0,0.6,0.6,21.44,21.95,22.46,21.95,2.0,1.06,10.0,0.5,0.6,0.7,11.54,12.23,12.92,12.23,2.0,1.43,10.0,0.5,0.6,0.7,68.6,75.3,82.0,75.3,2.0,13.9,10.0,0.5,0.7,6.0,7.95,9.9,7.95,2.0,4.03,10.0,0.5,0.6,0.7,-8.63,-7.07,-5.52,-7.07,2.0,3.22,10.0,0.5,0.6,0.7,-4.82,-3.57,-2.32,-3.57,2.0,2.58,10.0,0.5,0.6,0.7,1013.28,1015.6,1017.92,1015.6,2.0,4.81,10.0,0.5,0.6,0.7,7.0,7.0,7.0,7.0,1.0,0.0,4.0,1.0,0.6,0.8,-88.9,-62.7,-36.6,-62.7,2.0,54.1,10.0,0.5,0.6,0.7,-50.5,-33.6,-16.7,-33.6,2.0,34.9,10.0,0.5,0.6,0.7,1.9,1.9,1.9,1.9,1.0,0.0,14.0,0.0,0.6,0.6,20.5,20.5,20.5,20.5,1.0,0.0,14.0,0.0,0.6,0.6,4.27,4.27,4.27,4.27,1.0,0.0,14.0,0.0,0.6,0.6,46.2,46.2,46.2,46.2,1.0,0.0,14.0,0.0,0.6,0.6,-184.1,-153.5,-123.0,-153.5,2.0,63.3,10.0,0.5,0.6,0.7,-102.6,-77.0,-51.5,-77.0,2.0,53.0,10.0,0.5,0.6,0.7,-112.7,-88.8,-64.9,-88.8,2.0,49.5,10.0,0.5,0.6,0.7,-63.3,-45.5,-27.8,-45.5,2.0,36.7,10.0,0.5,0.6,0.7,-40.0,-40.0,-40.0,-40.0,1.0,0.0,14.0,0.0,0.6,0.6,-23.1,-23.1,-23.1,-23.1,1.0,0.0,14.0,0.0,0.6,0.6,311.5,696.0,1081.0,696.0,2.0,797.0,10.0,0.5,0.6,0.7,310.0,695.0,1080.0,695.0,2.0,795.0,10.0,0.5,0.6,0.7
1974,2,230.0,17.0,22.0,22.0,23.0,22.4,5.0,0.55,12.0,0.6,0.5,0.4,20.25,22.0,22.37,21.48,5.0,1.25,12.0,0.6,0.5,0.4,11.56,11.96,14.02,12.77,3.0,1.93,10.0,0.7,0.6,0.5,71.0,82.9,88.6,79.9,3.0,13.1,10.0,0.7,0.5,8.71,9.3,10.61,9.74,5.0,1.82,12.0,0.6,0.5,0.4,-9.97,-8.05,-6.67,-8.42,5.0,2.28,12.0,0.6,0.5,0.4,-5.46,-4.65,-3.96,-4.66,5.0,0.99,12.0,0.6,0.5,0.4,1016.63,1019.0,1019.93,1018.42,5.0,2.21,12.0,0.6,0.5,0.4,5.6,6.0,7.4,6.4,5.0,1.1,12.0,0.6,0.5,0.4,-108.7,-74.9,-58.2,-85.2,5.0,41.4,12.0,0.6,0.5,0.4,-53.8,-43.2,-38.2,-45.0,5.0,10.4,12.0,0.6,0.5,0.4,-0.37,1.0,2.22,0.92,5.0,1.46,12.0,0.6,0.5,0.4,-3.4,9.3,23.0,9.4,5.0,14.6,12.0,0.6,0.5,0.4,3.11,4.41,4.82,3.97,3.0,1.31,10.0,0.7,0.6,0.5,30.7,46.6,53.6,42.3,3.0,17.2,10.0,0.7,0.6,0.5,-210.6,-185.2,-143.1,-180.0,5.0,43.5,12.0,0.6,0.5,0.4,-114.7,-106.9,-81.6,-100.0,5.0,21.7,12.0,0.6,0.5,0.4,-140.5,-130.8,-104.1,-122.5,3.0,27.6,10.0,0.7,0.6,0.5,-52.9,-52.8,-49.3,-51.1,3.0,3.0,10.0,0.7,0.6,0.5,-49.3,-40.4,-27.7,-38.6,3.0,15.9,10.0,0.7,0.6,0.5,-22.1,-19.5,-11.6,-16.9,3.0,8.0,10.0,0.7,0.6,0.5,664.0,804.5,1294.5,1007.0,5.0,645.5,12.0,0.6,0.5,0.4,665.0,805.0,1295.0,1005.0,5.0,645.0,12.0,0.6,0.5,0.4
1974,2,230.0,18.0,20.48,21.1,21.72,21.14,7.0,0.74,18.0,0.7,0.7,0.4,19.31,20.0,20.53,19.86,7.0,1.17,18.0,0.7,0.7,0.4,9.86,10.0,11.12,10.41,7.0,1.05,18.0,0.7,0.7,0.4,68.1,71.4,81.1,72.8,7.0,7.1,18.0,0.7,0.4,7.46,7.7,11.38,8.6,7.0,3.34,18.0,0.7,0.7,0.4,-10.72,-7.24,-4.82,-7.81,7.0,3.54,18.0,0.7,0.7,0.4,-3.96,-2.63,-2.2,-3.16,7.0,1.47,18.0,0.7,0.7,0.4,1017.14,1019.5,1020.0,1018.59,7.0,2.24,18.0,0.7,0.7,0.4,6.8,8.0,8.0,7.1,7.0,1.9,18.0,0.7,0.7,0.4,-122.1,-55.7,-36.6,-77.0,7.0,53.8,18.0,0.7,0.7,0.4,-43.8,-28.9,-19.5,-28.3,7.0,15.0,18.0,0.7,0.7,0.4,0.48,1.0,2.24,1.29,7.0,1.06,18.0,0.7,0.7,0.4,1.2,7.7,22.0,11.0,7.0,9.6,18.0,0.7,0.7,0.4,4.55,4.94,5.65,5.13,7.0,1.32,18.0,0.7,0.7,0.4,35.5,52.3,58.1,45.8,7.0,20.6,18.0,0.7,0.7,0.4,-214.0,-148.3,-96.5,-154.7,7.0,70.6,18.0,0.7,0.7,0.4,-79.2,-54.0,-42.7,-62.8,7.0,30.1,18.0,0.7,0.7,0.4,-106.1,-80.1,-44.2,-79.8,7.0,34.7,18.0,0.7,0.7,0.4,-39.0,-29.1,-21.9,-31.8,7.0,12.4,18.0,0.7,0.7,0.4,-53.9,-36.9,-33.3,-41.0,7.0,19.7,18.0,0.7,0.7,0.4,-20.5,-13.0,-12.0,-17.6,7.0,12.6,18.0,0.7,0.7,0.4,435.5,456.5,1476.5,867.0,7.0,735.5,18.0,0.7,0.7,0.4,435.0,455.0,1475.0,865.0,7.0,735.0,18.0,0.7,0.7,0.4
1974,2,230.0,19.0,20.07,22.0,23.05,21.71,7.0,1.58,16.0,0.4,0.7,0.5,19.5,20.35,21.89,20.6,8.0,1.48,14.0,0.5,0.6,0.5,10.87,11.59,13.63,11.96,7.0,1.43,16.0,0.4,0.6,0.5,74.8,78.2,91.2,81.1,7.0,11.6,16.0,0.4,0.5,5.1,9.3,10.35,8.51,7.0,2.47,14.0,0.6,0.7,0.5,-9.68,-9.16,-3.76,-7.31,7.0,3.49,14.0,0.6,0.7,0.5,-5.05,-3.28,-1.27,-2.42,7.0,3.04,14.0,0.6,0.7,0.5,1015.29,1017.25,1020.0,1017.9,8.0,2.76,14.0,0.5,0.6,0.5,6.1,7.5,8.0,7.1,8.0,1.1,14.0,0.5,0.6,0.5,-100.2,-85.2,-19.2,-69.2,7.0,40.8,14.0,0.6,0.7,0.5,-34.3,-16.7,-10.8,-18.7,7.0,29.9,14.0,0.6,0.7,0.5,0.48,1.3,3.5,1.5,7.0,1.9,16.0,0.4,0.7,0.5,0.6,10.1,19.2,8.5,6.0,14.3,16.0,0.5,0.7,0.5,3.41,4.72,5.04,4.28,6.0,1.19,18.0,0.3,0.7,0.5,24.3,25.2,41.5,32.3,5.0,12.5,18.0,0.4,0.7,0.5,-199.0,-179.6,-77.2,-151.7,7.0,74.1,14.0,0.6,0.7,0.5,-105.9,-65.4,-25.0,-47.7,7.0,65.6,14.0,0.6,0.7,0.5,-111.6,-96.9,-44.3,-82.9,6.0,44.3,16.0,0.5,0.7,0.5,-62.3,-40.6,-5.1,-32.6,6.0,40.4,16.0,0.5,0.7,0.5,-40.0,-20.8,-13.8,-25.7,5.0,17.2,18.0,0.4,0.7,0.5,-20.3,-16.2,-9.8,-15.3,5.0,6.7,18.0,0.4,0.7,0.5,132.5,804.5,1109.5,743.5,7.0,484.5,14.0,0.6,0.7,0.5,135.0,805.0,1110.0,745.0,7.0,485.0,14.0,0.6,0.7,0.5
1974,2,230.0,20.0,20.67,21.85,22.3,21.5,6.0,1.17,16.0,0.7,0.5,0.5,19.25,20.5,21.35,20.37,6.0,1.4,16.0,0.7,0.5,0.5,10.25,11.12,11.46,10.91,5.0,0.74,18.0,0.6,0.6,0.5,69.4,72.2,79.2,74.7,5.0,9.3,18.0,0.6,0.5,4.58,6.4,11.73,8.08,4.0,5.11,12.0,0.8,0.3,0.5,-10.76,-5.35,-2.39,-6.52,4.0,5.81,12.0,0.8,0.3,0.5,-5.15,-4.44,-1.46,-3.36,4.0,2.78,12.0,0.8,0.3,0.5,1016.16,1018.15,1021.06,1018.42,6.0,2.46,16.0,0.7,0.5,0.5,3.8,8.0,8.0,6.5,6.0,2.3,16.0,0.7,0.5,0.5,-141.2,-34.0,-10.2,-73.8,4.0,101.3,12.0,0.8,0.3,0.5,-56.6,-27.6,-10.7,-33.4,4.0,35.0,12.0,0.8,0.3,0.5,0.56,1.05,1.64,1.13,6.0,0.65,16.0,0.7,0.5,0.5,3.6,7.8,23.2,13.1,4.0,14.3,12.0,0.8,0.3,0.5,3.89,5.55,5.98,4.92,5.0,1.63,18.0,0.6,0.6,0.5,30.7,42.7,78.1,54.1,3.0,36.1,14.0,0.7,0.4,0.4,-213.5,-107.4,-50.2,-130.7,4.0,115.3,12.0,0.8,0.3,0.5,-105.7,-90.2,-27.9,-67.9,4.0,57.1,12.0,0.8,0.3,0.5,-124.3,-65.9,-27.6,-75.7,3.0,71.3,14.0,0.7,0.4,0.4,-55.6,-55.1,-43.5,-49.7,3.0,10.1,14.0,0.7,0.4,0.4,-72.4,-37.0,-14.7,-43.4,3.0,42.6,14.0,0.7,0.4,0.4,-29.9,-24.7,-22.4,-26.1,3.0,5.6,14.0,0.7,0.4,0.4,99.5,294.5,2131.0,1077.5,4.0,1725.0,12.0,0.8,0.3,0.5,100.0,295.0,2130.0,1080.0,4.0,1725.0,12.0,0.8,0.3,0.5
1974,2,230.0,21.0,20.16,20.5,20.57,20.37,3.0,0.32,20.0,0.7,0.5,0.3,20.0,20.0,20.82,20.4,3.0,0.69,20.0,0.7,0.5,0.3,10.89,11.23,11.58,11.24,3.0,0.5,20.0,0.7,0.5,0.3,72.9,74.3,79.1,75.9,3.0,4.8,20.0,0.7,0.3,4.22,7.7,10.16,7.2,3.0,4.37,20.0,0.7,0.5,0.3,-9.71,-6.67,-3.86,-6.79,3.0,4.29,20.0,0.7,0.5,0.3,-3.25,-1.96,-0.93,-2.09,3.0,1.7,20.0,0.7,0.5,0.3,1017.76,1017.9,1017.97,1017.87,3.0,0.15,20.0,0.7,0.5,0.3,5.0,5.0,5.7,5.3,3.0,0.6,20.0,0.7,0.5,0.3,-102.1,-51.3,-20.8,-61.3,3.0,60.2,20.0,0.7,0.5,0.3,-27.3,-22.2,-7.8,-17.7,3.0,14.8,20.0,0.7,0.5,0.3,-0.66,0.5,0.57,-0.03,3.0,1.01,20.0,0.7,0.5,0.3,-8.8,1.6,3.1,-2.7,3.0,9.5,20.0,0.7,0.5,0.3,3.25,3.28,3.91,3.57,3.0,0.54,20.0,0.7,0.5,0.3,16.1,32.3,35.3,25.8,3.0,15.1,20.0,0.7,0.5,0.3,-203.4,-133.4,-77.3,-140.2,3.0,92.5,20.0,0.7,0.5,0.3,-65.8,-41.6,-19.4,-42.5,3.0,34.0,20.0,0.7,0.5,0.3,-108.0,-71.6,-43.3,-75.5,3.0,47.6,20.0,0.7,0.5,0.3,-35.2,-22.0,-10.6,-22.9,3.0,18.0,20.0,0.7,0.5,0.3,-33.5,-28.0,-14.6,-24.2,3.0,14.2,20.0,0.7,0.5,0.3,-13.1,-6.4,-3.0,-8.0,3.0,7.5,20.0,0.7,0.5,0.3,157.0,456.5,1130.0,639.0,3.0,730.0,20.0,0.7,0.5,0.3,155.0,455.0,1130.0,640.0,3.0,730.0,20.0,0.7,0.5,0.3
1974,2,230.0,22.0,18.27,20.6,21.11,19.84,5.0,1.91,22.0,0.4,0.6,0.3,17.82,18.5,18.87,18.36,5.0,0.61,22.0,0.4,0.6,0.3,9.56,9.98,11.05,10.34,5.0,1.41,22.0,0.4,0.6,0.3,71.3,77.0,87.9,79.8,5.0,12.4,22.0,0.4,0.3,7.15,7.7,10.98,8.74,5.0,2.2,22.0,0.4,0.6,0.3,-8.17,-7.24,-6.64,-7.46,5.0,1.38,22.0,0.4,0.6,0.3,-6.61,-2.63,-1.28,-3.62,5.0,3.53,22.0,0.4,0.6,0.3,1019.08,1020.7,1024.09,1021.36,5.0,2.78,22.0,0.4,0.6,0.3,6.6,8.0,8.0,7.4,5.0,0.9,22.0,0.4,0.6,0.3,-88.0,-55.7,-49.2,-67.0,5.0,27.7,22.0,0.4,0.6,0.3,-73.2,-20.3,-10.4,-37.4,5.0,38.5,22.0,0.4,0.6,0.3,0.59,1.6,2.42,1.48,5.0,1.61,22.0,0.4,0.6,0.3,5.6,13.9,24.6,14.9,5.0,15.7,22.0,0.4,0.6,0.3,1.99,5.15,6.0,4.01,5.0,2.86,22.0,0.4,0.6,0.3,23.4,40.6,53.2,37.5,5.0,26.2,22.0,0.4,0.6,0.3,-149.8,-136.0,-121.7,-136.6,5.0,22.3,22.0,0.4,0.6,0.3,-118.7,-50.0,-24.4,-66.4,5.0,64.2,22.0,0.4,0.6,0.3,-85.1,-71.2,-68.3,-76.4,5.0,12.7,22.0,0.4,0.6,0.3,-66.2,-25.9,-10.1,-35.1,5.0,36.6,22.0,0.4,0.6,0.3,-42.7,-37.2,-20.6,-30.7,5.0,20.1,22.0,0.4,0.6,0.3,-31.7,-15.5,-8.9,-20.3,5.0,18.8,22.0,0.4,0.6,0.3,377.0,456.5,1326.5,771.0,5.0,541.0,22.0,0.4,0.6,0.3,375.0,455.0,1325.0,770.0,5.0,540.0,22.0,0.4,0.6,0.3
1974,2,230.0,23.0,20.0,20.0,20.0,20.0,1.0,0.0,20.0,1.0,1.0,0.8,18.03,18.1,18.17,18.1,2.0,0.14,18.0,1.0,0.5,0.4,8.66,8.66,8.66,8.66,1.0,0.0,20.0,1.0,1.0,0.8,67.5,67.5,67.5,67.5,1.0,0.0,20.0,1.0,0.8,7.11,8.0,8.89,8.0,2.0,1.84,18.0,1.0,0.5,0.4,-5.62,-5.23,-4.83,-5.23,2.0,0.81,18.0,1.0,0.5,0.4,-7.31,-5.7,-4.1,-5.7,2.0,3.33,18.0,1.0,0.5,0.4,1021.49,1022.1,1022.71,1022.1,2.0,1.27,18.0,1.0,0.5,0.4,6.3,7.0,7.7,7.0,2.0,1.4,18.0,1.0,0.5,0.4,-42.6,-41.1,-39.6,-41.1,2.0,3.1,18.0,1.0,0.5,0.4,-66.6,-48.7,-30.8,-48.7,2.0,37.1,18.0,1.0,0.5,0.4,1.8,1.8,1.8,1.8,1.0,0.0,20.0,1.0,1.0,0.8,12.1,12.1,12.1,12.1,1.0,0.0,20.0,1.0,1.0,0.8,5.74,5.74,5.74,5.74,1.0,0.0,20.0,1.0,1.0,0.8,38.4,38.4,38.4,38.4,1.0,0.0,20.0,1.0,1.0,0.8,-102.1,-94.7,-87.2,-94.7,2.0,15.5,18.0,1.0,0.5,0.4,-131.6,-103.0,-74.3,-103.0,2.0,59.4,18.0,1.0,0.5,0.4,-50.3,-50.3,-50.3,-50.3,1.0,0.0,20.0,1.0,1.0,0.8,-29.0,-29.0,-29.0,-29.0,1.0,0.0,20.0,1.0,1.0,0.8,-33.3,-33.3,-33.3,-33.3,1.0,0.0,20.0,1.0,1.0,0.8,-19.2,-19.2,-19.2,-19.2,1.0,0.0,20.0,1.0,1.0,0.8,380.5,552.5,724.5,552.5,2.0,356.0,18.0,1.0,0.5,0.4,380.0,555.0,725.0,555.0,2.0,355.0,18.0,1.0,0.5,0.4
1974,2,230.0,24.0,18.9,18.9,18.9,18.9,1.0,0.0,8.0,1.0,0.3,0.5,18.2,18.2,18.2,18.2,1.0,0.0,8.0,1.0,0.3,0.5,8.28,8.28,8.28,8.28,1.0,0.0,8.0,1.0,0.3,0.5,64.5,64.5,64.5,64.5,1.0,0.0,8.0,1.0,0.5,6.2,6.2,6.2,6.2,1.0,0.0,8.0,1.0,0.3,0.5,-5.83,-5.83,-5.83,-5.83,1.0,0.0,8.0,1.0,0.3,0.5,-2.12,-2.12,-2.12,-2.12,1.0,0.0,8.0,1.0,0.3,0.5,1021.2,1021.2,1021.2,1021.2,1.0,0.0,8.0,1.0,0.3,0.5,7.0,7.0,7.0,7.0,1.0,0.0,8.0,1.0,0.3,0.5,-36.1,-36.1,-36.1,-36.1,1.0,0.0,8.0,1.0,0.3,0.5,-13.1,-13.1,-13.1,-13.1,1.0,0.0,8.0,1.0,0.3,0.5,0.7,0.7,0.7,0.7,1.0,0.0,8.0,1.0,0.3,0.5,4.3,4.3,4.3,4.3,1.0,0.0,8.0,1.0,0.3,0.5,5.18,5.18,5.18,5.18,1.0,0.0,8.0,1.0,0.3,0.5,32.1,32.1,32.1,32.1,1.0,0.0,8.0,1.0,0.3,0.5,-106.0,-106.0,-106.0,-106.0,1.0,0.0,8.0,1.0,0.3,0.5,-38.6,-38.6,-38.6,-38.6,1.0,0.0,8.0,1.0,0.3,0.5,-48.3,-48.3,-48.3,-48.3,1.0,0.0,8.0,1.0,0.3,0.5,-17.6,-17.6,-17.6,-17.6,1.0,0.0,8.0,1.0,0.3,0.5,-30.2,-30.2,-30.2,-30.2,1.0,0.0,8.0,1.0,0.3,0.5,-11.0,-11.0,-11.0,-11.0,1.0,0.0,8.0,1.0,0.3,0.5,238.5,238.5,238.5,238.5,1.0,0.0,8.0,1.0,0.3,0.5,240.0,240.0,240.0,240.0,1.0,0.0,8.0,1.0,0.3,0.5
1974,2,230.0,25.0,18.12,18.8,19.21,18.67,3.0,0.81,16.0,0.7,0.5,0.3,17.39,17.8,18.14,17.77,3.0,0.55,16.0,0.7,0.5,0.3,8.36,8.43,8.67,8.51,3.0,0.23,16.0,0.7,0.5,0.3,66.6,69.1,69.9,68.2,3.0,2.5,16.0,0.7,0.3,6.08,8.2,11.41,8.73,3.0,3.93,16.0,0.7,0.5,0.3,-10.72,-7.71,-5.11,-7.91,3.0,4.11,16.0,0.7,0.5,0.3,-4.05,-3.28,-2.95,-3.5,3.0,0.83,16.0,0.7,0.5,0.3,1022.44,1023.4,1023.4,1022.93,3.0,0.81,16.0,0.7,0.5,0.3,3.3,4.0,6.0,4.7,3.0,2.1,16.0,0.7,0.5,0.3,-126.8,-63.2,-33.7,-79.8,3.0,69.7,16.0,0.7,0.5,0.3,-46.1,-23.0,-18.7,-32.2,3.0,21.6,16.0,0.7,0.5,0.3,0.16,0.5,1.66,0.9,3.0,1.15,16.0,0.7,0.5,0.3,1.3,4.1,20.7,10.8,3.0,15.3,16.0,0.7,0.5,0.3,4.13,4.92,5.35,4.74,3.0,0.91,16.0,0.7,0.5,0.3,25.9,40.3,61.7,43.7,3.0,26.4,16.0,0.7,0.5,0.3,-187.1,-141.0,-92.2,-139.7,3.0,69.5,16.0,0.7,0.5,0.3,-70.3,-58.4,-53.6,-61.9,3.0,12.7,16.0,0.7,0.5,0.3,-89.6,-65.0,-44.0,-66.8,3.0,33.4,16.0,0.7,0.5,0.3,-34.2,-28.8,-25.3,-29.7,3.0,6.6,16.0,0.7,0.5,0.3,-58.0,-37.9,-22.0,-39.9,3.0,26.4,16.0,0.7,0.5,0.3,-21.1,-13.8,-12.8,-16.9,3.0,6.6,16.0,0.7,0.5,0.3,265.5,551.5,1640.5,943.5,3.0,1063.0,16.0,0.7,0.5,0.3,265.0,550.0,1640.0,945.0,3.0,1065.0,16.0,0.7,0.5,0.3
1974,2,230.0,26.0,17.3,18.8,19.05,18.43,7.0,1.03,16.0,0.4,0.5,0.5,15.99,17.8,19.4,17.64,7.0,1.48,18.0,0.6,0.6,0.6,8.1,9.54,10.04,9.1,6.0,1.21,18.0,0.5,0.5,0.5,65.0,71.4,82.0,73.7,6.0,9.6,18.0,0.5,0.5,3.32,5.4,7.09,5.21,8.0,1.82,18.0,0.5,0.6,0.6,-4.92,-3.95,-1.54,-3.44,8.0,2.45,18.0,0.5,0.6,0.6,-4.59,-2.3,-0.66,-2.42,8.0,2.84,18.0,0.5,0.6,0.6,1018.48,1023.2,1024.97,1021.4,8.0,5.18,18.0,0.5,0.6,0.6,3.3,7.0,7.9,5.9,8.0,2.5,18.0,0.5,0.6,0.6,-27.8,-22.2,-3.6,-18.7,8.0,17.6,18.0,0.5,0.6,0.6,-28.0,-12.6,-1.9,-13.7,8.0,20.4,18.0,0.5,0.6,0.6,-0.73,0.45,2.25,0.77,6.0,2.04,18.0,0.5,0.5,0.5,-4.8,1.1,10.4,2.9,6.0,11.6,18.0,0.5,0.5,0.5,2.45,4.42,4.97,3.91,6.0,1.25,18.0,0.5,0.5,0.5,12.7,16.0,25.1,17.7,6.0,6.3,18.0,0.5,0.5,0.5,-88.4,-70.9,-57.8,-73.1,7.0,32.7,18.0,0.6,0.6,0.6,-53.4,-31.4,-7.7,-29.1,7.0,41.1,18.0,0.6,0.6,0.6,-53.2,-33.9,-24.2,-37.3,6.0,19.8,18.0,0.5,0.5,0.5,-32.5,-18.3,1.2,-15.5,6.0,24.5,18.0,0.5,0.5,0.5,-19.9,-15.4,-8.2,-14.5,6.0,6.0,18.0,0.5,0.5,0.5,-13.3,-9.1,-0.6,-7.2,6.0,8.0,18.0,0.5,0.5,0.5,41.0,159.0,358.5,184.5,8.0,138.5,18.0,0.5,0.6,0.6,40.0,160.0,360.0,185.0,8.0,140.0,18.0,0.5,0.6,0.6
1974,2,230.0,27.0,17.0,18.5,20.05,18.5,12.0,1.43,12.0,0.4,0.5,0.5,15.45,16.7,19.54,17.4,12.0,2.76,12.0,0.4,0.5,0.5,6.94,7.74,8.69,7.9,10.0,1.09,14.0,0.5,0.5,0.5,63.9,67.2,75.7,69.4,10.0,7.7,14.0,0.5,0.5,4.1,6.45,9.93,6.9,12.0,2.6,12.0,0.4,0.5,0.5,-9.66,-6.4,-2.49,-5.93,12.0,3.51,12.0,0.4,0.5,0.5,-3.56,-2.89,0.43,-1.78,12.0,2.13,12.0,0.4,0.5,0.5,1021.92,1023.0,1027.48,1024.16,12.0,2.74,12.0,0.4,0.5,0.5,3.0,6.0,8.0,5.8,12.0,2.1,12.0,0.4,0.5,0.5,-95.9,-41.4,-10.2,-49.1,12.0,40.0,12.0,0.4,0.5,0.5,-20.0,-12.9,4.2,-8.9,12.0,15.4,12.0,0.4,0.5,0.5,-1.43,1.05,3.63,1.1,12.0,2.59,12.0,0.4,0.5,0.5,-14.4,5.9,20.8,3.9,12.0,18.2,12.0,0.4,0.5,0.5,3.97,4.97,6.31,4.95,10.0,1.6,14.0,0.5,0.5,0.5,24.8,28.3,39.9,30.5,10.0,12.5,14.0,0.5,0.5,0.5,-186.8,-106.7,-41.5,-109.0,12.0,73.8,12.0,0.4,0.5,0.5,-56.0,-47.0,9.9,-26.3,12.0,37.5,12.0,0.4,0.5,0.5,-71.9,-38.1,-17.4,-41.6,10.0,27.1,14.0,0.5,0.5,0.5,-27.9,-24.3,-3.4,-19.4,10.0,12.0,14.0,0.5,0.5,0.5,-38.5,-23.0,-8.6,-24.0,10.0,16.1,14.0,0.5,0.5,0.5,-23.3,-14.7,-2.1,-13.1,10.0,10.0,14.0,0.5,0.5,0.5,69.0,269.5,979.5,459.5,12.0,429.5,12.0,0.4,0.5,0.5,70.0,270.0,980.0,460.0,12.0,430.0,12.0,0.4,0.5,0.5
1974,2,230.0,28.0,17.93,18.2,19.41,18.7,5.0,1.31,12.0,0.8,0.5,0.5,15.2,15.6,19.37,16.94,5.0,2.41,12.0,0.8,0.5,0.5,7.05,8.48,9.25,8.28,5.0,1.47,12.0,0.8,0.5,0.5,64.8,67.5,74.8,69.5,5.0,5.9,12.0,0.8,0.5,5.1,6.7,9.6,7.5,5.0,3.22,12.0,0.8,0.5,0.5,-7.22,-5.9,-0.47,-3.93,5.0,5.0,12.0,0.8,0.5,0.5,-6.75,-3.91,-2.04,-4.49,5.0,3.33,12.0,0.8,0.5,0.5,1024.63,1025.0,1026.91,1025.7,5.0,1.72,12.0,0.8,0.5,0.5,6.6,7.0,8.0,7.2,5.0,0.8,12.0,0.8,0.5,0.5,-67.9,-44.2,-2.4,-38.2,5.0,47.3,12.0,0.8,0.5,0.5,-70.7,-19.9,-11.1,-41.3,5.0,49.5,12.0,0.8,0.5,0.5,0.72,2.2,2.87,1.76,5.0,1.94,12.0,0.8,0.5,0.5,5.0,13.4,28.4,15.0,5.0,14.9,12.0,0.8,0.5,0.5,3.52,5.35,6.39,4.99,5.0,1.66,12.0,0.8,0.5,0.5,22.2,44.8,49.5,37.1,5.0,16.3,12.0,0.8,0.5,0.5,-126.8,-85.5,-0.2,-60.6,5.0,89.2,12.0,0.8,0.5,0.5,-101.9,-60.9,-40.4,-72.0,5.0,49.5,12.0,0.8,0.5,0.5,-61.5,-39.0,1.7,-28.7,5.0,45.4,12.0,0.8,0.5,0.5,-51.4,-28.6,-20.6,-36.3,5.0,27.9,12.0,0.8,0.5,0.5,-39.4,-33.5,-6.9,-24.1,5.0,22.2,12.0,0.8,0.5,0.5,-34.1,-20.9,-7.4,-21.2,5.0,14.4,12.0,0.8,0.5,0.5,132.5,301.0,1074.0,634.0,5.0,856.5,12.0,0.8,0.5,0.5,135.0,300.0,1075.0,635.0,5.0,855.0,12.0,0.8,0.5,0.5
1974,2,230.0,29.0,16.58,16.75,16.92,16.75,2.0,0.35,24.0,0.0,0.6,0.7,13.66,14.0,14.82,14.23,3.0,0.87,24.0,0.3,0.7,0.6,6.63,6.78,7.3,6.96,3.0,0.52,24.0,0.3,0.7,0.6,69.4,69.4,70.6,70.0,3.0,1.0,24.0,0.3,0.6,5.1,5.1,5.1,5.1,3.0,0.0,24.0,0.3,0.7,0.6,-4.79,-4.79,-3.76,-4.29,3.0,0.87,24.0,0.3,0.7,0.6,-3.22,-1.74,-1.74,-2.47,3.0,1.25,24.0,0.3,0.7,0.6,1022.86,1026.0,1026.0,1024.47,3.0,2.66,24.0,0.3,0.7,0.6,5.3,6.0,7.4,6.3,3.0,1.5,24.0,0.3,0.7,0.6,-24.4,-24.4,-19.2,-21.9,3.0,4.5,24.0,0.3,0.7,0.6,-16.4,-8.9,-8.9,-12.6,3.0,6.4,24.0,0.3,0.7,0.6,3.0,3.0,3.0,3.0,2.0,0.0,24.0,0.0,0.6,0.7,15.3,15.3,15.3,15.3,2.0,0.0,24.0,0.0,0.6,0.7,4.97,5.02,5.07,5.02,2.0,0.1,24.0,0.0,0.6,0.7,25.4,25.6,25.9,25.6,2.0,0.5,24.0,0.0,0.6,0.7,-66.3,-64.7,-54.5,-60.5,3.0,9.4,24.0,0.3,0.7,0.6,-48.3,-24.4,-23.8,-35.8,3.0,20.4,24.0,0.3,0.7,0.6,-32.2,-31.4,-26.8,-29.6,3.0,4.2,24.0,0.3,0.7,0.6,-23.9,-11.8,-11.6,-17.6,3.0,10.3,24.0,0.3,0.7,0.6,-24.3,-24.1,-23.8,-24.1,2.0,0.5,24.0,0.0,0.6,0.7,-8.8,-8.8,-8.7,-8.8,2.0,0.2,24.0,0.0,0.6,0.7,132.5,132.5,132.5,132.5,3.0,0.0,24.0,0.3,0.7,0.6,135.0,135.0,135.0,135.0,3.0,0.0,24.0,0.3,0.7,0.6
1974,2,230.0,30.0,15.6,16.35,17.41,16.65,6.0,1.31,18.0,0.7,0.7,0.5,14.75,15.25,16.26,15.33,6.0,0.97,18.0,0.7,0.7,0.5,7.12,7.85,8.76,7.9,6.0,1.04,18.0,0.7,0.7,0.5,69.4,71.2,81.5,73.8,6.0,6.5,18.0,0.7,0.5,2.06,2.85,7.24,4.05,6.0,3.35,18.0,0.7,0.7,0.5,-3.6,-1.15,0.82,-1.57,6.0,3.28,18.0,0.7,0.7,0.5,-6.04,-1.93,0.32,-2.43,6.0,3.18,18.0,0.7,0.7,0.5,1023.86,1025.7,1026.57,1025.53,6.0,1.61,18.0,0.7,0.7,0.5,1.8,3.0,8.0,4.2,6.0,3.1,18.0,0.7,0.7,0.5,-25.9,-4.2,2.1,-13.8,6.0,26.8,18.0,0.7,0.7,0.5,-45.0,-5.0,1.0,-17.2,6.0,25.2,18.0,0.7,0.7,0.5,-0.62,1.0,2.66,1.32,6.0,2.18,18.0,0.7,0.7,0.5,-1.6,0.9,17.4,9.4,6.0,19.5,18.0,0.7,0.7,0.5,2.15,3.48,5.08,3.75,6.0,1.97,18.0,0.7,0.7,0.5,3.4,7.1,36.1,18.7,6.0,25.0,18.0,0.7,0.7,0.5,-52.3,-17.8,13.4,-21.7,6.0,47.1,18.0,0.7,0.7,0.5,-85.6,-31.7,4.8,-36.7,6.0,46.9,18.0,0.7,0.7,0.5,-27.8,-8.7,7.1,-10.6,6.0,22.8,18.0,0.7,0.7,0.5,-40.2,-17.3,2.8,-17.9,6.0,23.2,18.0,0.7,0.7,0.5,-18.1,-3.1,1.9,-9.9,6.0,20.5,18.0,0.7,0.7,0.5,-29.9,-3.9,0.7,-12.2,6.0,18.1,18.0,0.7,0.7,0.5,14.0,23.5,405.0,195.0,6.0,319.5,18.0,0.7,0.7,0.5,15.0,25.0,405.0,195.0,6.0,320.0,18.0,0.7,0.7,0.5
1974,2,230.0,31.0,15.6,16.5,17.29,16.49,14.0,1.37,12.0,0.6,0.6,0.6,13.37,14.4,18.14,15.63,12.0,2.9,12.0,0.6,0.6,0.6,6.42,7.62,8.71,7.75,12.0,1.39,12.0,0.6,0.6,0.6,67.5,68.8,78.5,71.0,12.0,8.4,12.0,0.6,0.6,3.0,7.7,9.85,6.45,13.0,3.71,12.0,0.5,0.6,0.6,-2.96,0.0,2.8,-0.16,13.0,3.78,12.0,0.5,0.6,0.6,-7.95,-1.99,2.49,-2.75,13.0,6.02,12.0,0.5,0.6,0.6,1022.18,1026.0,1027.46,1024.64,13.0,4.21,12.0,0.5,0.6,0.6,4.0,7.0,8.0,6.6,12.0,1.8,10.0,0.6,0.6,0.6,-26.2,0.0,20.8,-5.1,13.0,33.5,12.0,0.5,0.6,0.6,-69.4,-6.2,10.9,-27.8,13.0,60.0,12.0,0.5,0.6,0.6,-1.16,0.8,2.33,0.56,12.0,2.51,12.0,0.6,0.6,0.6,-7.1,1.5,20.0,2.9,12.0,17.2,12.0,0.6,0.6,0.6,2.57,3.35,4.83,3.55,12.0,1.36,12.0,0.6,0.6,0.6,8.0,15.5,42.7,21.5,12.0,17.0,12.0,0.6,0.6,0.6,-46.8,0.0,47.8,-6.4,12.0,54.6,12.0,0.6,0.6,0.6,-114.1,-32.6,51.4,-30.3,12.0,99.2,12.0,0.6,0.6,0.6,-24.6,0.0,19.9,-3.8,12.0,26.4,12.0,0.6,0.6,0.6,-66.1,-16.2,22.2,-18.3,12.0,49.4,12.0,0.6,0.6,0.6,-11.4,0.0,8.6,-2.9,12.0,15.2,12.0,0.6,0.6,0.6,-24.6,-6.6,6.4,-8.1,12.0,22.0,12.0,0.6,0.6,0.6,28.0,456.5,955.5,510.5,13.0,611.5,12.0,0.5,0.6,0.6,30.0,455.0,955.0,510.0,13.0,610.0,12.0,0.5,0.6,0.6
1974,2,230.0,32.0,14.69,15.55,16.31,15.5,4.0,0.97,20.0,0.3,0.6,0.4,11.19,12.8,15.91,13.34,5.0,3.19,18.0,0.2,0.6,0.4,5.72,7.32,8.62,7.23,5.0,1.97,18.0,0.2,0.6,0.4,68.8,70.2,84.3,75.4,5.0,9.3,18.0,0.2,0.4,5.8,8.2,11.57,8.64,5.0,3.22,18.0,0.2,0.6,0.4,-1.24,1.88,4.09,1.2,5.0,3.87,18.0,0.2,0.6,0.4,-11.18,-6.28,-2.68,-6.37,5.0,6.01,18.0,0.2,0.6,0.4,1020.8,1025.9,1028.21,1024.3,5.0,5.53,18.0,0.2,0.6,0.4,3.3,7.0,8.0,5.8,5.0,2.7,18.0,0.2,0.6,0.4,-11.5,19.9,33.6,12.1,5.0,36.1,18.0,0.2,0.6,0.4,-130.0,-51.5,-17.9,-68.8,5.0,67.8,18.0,0.2,0.6,0.4,-0.52,0.8,2.65,1.05,4.0,2.01,20.0,0.3,0.6,0.4,-2.7,5.0,20.2,8.6,4.0,15.3,20.0,0.3,0.6,0.4,2.26,3.27,3.55,2.92,4.0,1.0,20.0,0.3,0.6,0.4,14.8,25.4,34.5,24.7,4.0,13.7,20.0,0.3,0.6,0.4,-15.3,16.7,67.0,19.8,5.0,54.5,18.0,0.2,0.6,0.4,-126.5,-78.5,-28.7,-75.2,5.0,85.6,18.0,0.2,0.6,0.4,-10.7,8.8,34.8,9.2,5.0,31.5,18.0,0.2,0.6,0.4,-64.0,-49.0,-12.5,-38.6,5.0,44.3,18.0,0.2,0.6,0.4,-7.5,4.8,10.0,1.4,4.0,13.6,20.0,0.3,0.6,0.4,-30.7,-21.9,-7.6,-19.3,4.0,17.8,20.0,0.3,0.6,0.4,199.5,551.5,1583.5,865.5,5.0,840.5,18.0,0.2,0.6,0.4,200.0,550.0,1585.0,865.0,5.0,840.0,18.0,0.2,0.6,0.4
1974,2,230.0,33.0,14.23,15.6,16.91,15.49,11.0,1.18,18.0,0.4,0.6,0.4,12.52,13.0,14.37,13.09,14.0,1.45,18.0,0.4,0.6,0.4,6.29,7.19,8.67,7.46,11.0,1.35,20.0,0.4,0.6,0.4,69.4,76.6,89.7,78.2,11.0,9.5,20.0,0.4,0.4,4.1,5.9,10.24,6.87,14.0,3.68,18.0,0.4,0.6,0.4,-4.46,0.11,4.03,0.2,14.0,3.64,18.0,0.4,0.6,0.4,-9.14,-3.69,1.4,-2.97,14.0,6.45,18.0,0.4,0.6,0.4,1020.57,1027.55,1028.99,1025.92,14.0,4.61,18.0,0.4,0.6,0.4,2.0,5.5,8.0,5.1,12.0,2.6,16.0,0.3,0.5,0.4,-32.6,1.0,16.5,-2.6,14.0,32.2,18.0,0.4,0.6,0.4,-91.5,-15.8,5.6,-29.8,14.0,71.1,18.0,0.4,0.6,0.4,0.65,2.8,4.5,2.61,11.0,1.83,18.0,0.4,0.6,0.4,5.8,12.9,25.4,15.7,11.0,11.7,18.0,0.4,0.6,0.4,2.32,4.02,5.43,3.79,9.0,1.66,18.0,0.3,0.7,0.4,10.0,18.5,38.8,24.2,9.0,15.7,18.0,0.3,0.7,0.4,-55.8,1.9,53.8,5.0,14.0,49.1,18.0,0.4,0.6,0.4,-119.0,-46.1,19.6,-35.8,14.0,88.8,18.0,0.4,0.6,0.4,-12.3,17.3,36.1,11.5,11.0,25.9,20.0,0.4,0.6,0.4,-58.6,-21.9,38.8,-9.1,11.0,52.1,20.0,0.4,0.6,0.4,-7.7,3.7,11.0,0.8,9.0,12.0,18.0,0.3,0.7,0.4,-34.7,-16.1,1.2,-18.6,9.0,19.4,18.0,0.3,0.7,0.4,69.0,235.5,1074.5,600.5,14.0,762.0,18.0,0.4,0.6,0.4,70.0,235.0,1075.0,600.0,14.0,760.0,18.0,0.4,0.6,0.4
1974,2,230.0,34.0,13.07,14.0,15.0,13.93,15.0,1.77,14.0,0.7,0.6,0.4,12.0,13.9,15.99,14.29,15.0,2.33,14.0,0.7,0.6,0.4,5.83,7.48,9.86,7.88,15.0,2.25,14.0,0.7,0.6,0.4,58.8,80.2,93.7,77.9,15.0,16.0,14.0,0.7,0.4,4.71,6.7,10.3,7.34,15.0,2.56,14.0,0.7,0.6,0.4,-4.65,-1.79,1.91,-1.05,15.0,4.78,14.0,0.7,0.6,0.4,-7.18,-3.99,2.74,-2.13,15.0,5.95,14.0,0.7,0.6,0.4,1020.27,1026.8,1029.73,1025.13,15.0,5.78,14.0,0.7,0.6,0.4,3.0,6.0,8.0,5.5,13.0,2.1,12.0,0.7,0.6,0.5,-28.2,-16.2,8.6,-5.4,15.0,45.1,14.0,0.7,0.6,0.4,-56.8,-21.2,28.2,-10.0,15.0,55.9,14.0,0.7,0.6,0.4,-3.84,0.5,1.81,-0.35,15.0,2.98,14.0,0.7,0.6,0.4,-26.9,5.2,13.4,-3.1,15.0,24.4,14.0,0.7,0.6,0.4,0.36,2.49,4.21,1.92,15.0,2.37,14.0,0.7,0.6,0.4,3.4,14.9,25.9,12.4,15.0,16.7,14.0,0.7,0.6,0.4,-56.9,-26.8,23.1,-14.0,15.0,65.2,14.0,0.7,0.6,0.4,-92.0,-47.8,42.8,-30.7,15.0,89.0,14.0,0.7,0.6,0.4,-27.8,-17.7,12.8,-7.2,15.0,39.1,14.0,0.7,0.6,0.4,-53.8,-27.4,26.6,-12.2,15.0,53.4,14.0,0.7,0.6,0.4,-18.0,-1.1,6.2,-2.5,15.0,12.9,14.0,0.7,0.6,0.4,-22.9,-11.3,4.3,-9.6,15.0,13.1,14.0,0.7,0.6,0.4,105.0,301.0,1092.5,530.5,15.0,449.5,14.0,0.7,0.6,0.4,105.0,300.0,1095.0,530.0,15.0,450.0,14.0,0.7,0.6,0.4
1974,2,230.0,35.0,13.26,14.4,15.67,14.8,19.0,1.59,14.0,0.6,0.6,0.5,11.37,13.15,15.53,13.37,18.0,1.95,14.0,0.6,0.6,0.5,5.56,7.69,9.34,7.37,17.0,1.72,12.0,0.6,0.6,0.5,62.8,80.0,86.7,76.4,17.0,11.3,12.0,0.6,0.5,3.53,5.7,8.2,5.71,19.0,2.06,14.0,0.6,0.6,0.5,-2.76,2.12,5.88,1.48,19.0,4.23,14.0,0.6,0.6,0.5,-4.86,-1.99,3.49,-1.04,19.0,4.16,14.0,0.6,0.6,0.5,1022.24,1025.1,1029.59,1024.76,19.0,6.26,14.0,0.6,0.6,0.5,3.0,6.0,8.0,5.6,19.0,2.4,14.0,0.6,0.6,0.5,-13.6,12.8,50.0,10.7,19.0,30.6,14.0,0.6,0.6,0.5,-30.4,-5.2,18.4,-6.3,19.0,29.8,14.0,0.6,0.6,0.5,-1.13,1.25,2.86,1.42,18.0,2.36,14.0,0.6,0.6,0.5,-5.5,5.6,17.7,8.2,18.0,15.9,14.0,0.6,0.6,0.5,0.92,3.42,5.18,3.05,17.0,2.0,12.0,0.6,0.6,0.5,6.2,14.8,24.8,16.6,17.0,13.7,12.0,0.6,0.6,0.5,-32.7,21.3,66.2,17.9,18.0,55.3,14.0,0.6,0.6,0.5,-64.6,-17.2,57.8,-8.3,18.0,57.1,14.0,0.6,0.6,0.5,-19.0,8.8,38.6,10.3,17.0,32.0,12.0,0.6,0.6,0.5,-33.7,-6.0,33.3,-2.0,17.0,32.2,12.0,0.6,0.6,0.5,-11.4,1.3,8.8,-0.5,17.0,12.1,12.0,0.6,0.6,0.5,-16.1,0.0,4.9,-7.1,17.0,16.7,12.0,0.6,0.6,0.5,44.0,185.0,551.5,255.0,19.0,226.0,14.0,0.6,0.6,0.5,45.0,185.0,550.0,255.0,19.0,225.0,14.0,0.6,0.6,0.5
1974,2,230.0,36.0,11.7,13.3,15.65,13.73,13.0,1.94,16.0,0.8,0.6,0.5,10.64,11.15,15.62,12.81,16.0,2.99,14.0,0.7,0.6,0.5,5.16,6.05,7.53,6.44,14.0,1.47,16.0,0.8,0.6,0.5,62.4,67.2,81.5,70.7,14.0,10.1,16.0,0.8,0.5,3.1,5.7,9.17,6.68,15.0,3.48,16.0,0.7,0.6,0.5,-5.71,-0.54,3.26,-0.94,15.0,4.49,16.0,0.7,0.6,0.5,-5.76,-3.1,2.35,-2.28,15.0,5.76,16.0,0.7,0.6,0.5,1021.0,1029.5,1032.19,1027.23,16.0,5.44,14.0,0.7,0.6,0.5,4.0,7.0,8.0,6.1,16.0,2.4,14.0,0.7,0.6,0.5,-46.8,-1.7,28.8,-11.8,15.0,47.9,16.0,0.7,0.6,0.5,-44.9,-9.6,16.3,-19.5,15.0,63.8,16.0,0.7,0.6,0.5,-1.01,1.1,2.28,1.05,13.0,1.92,16.0,0.8,0.6,0.5,-6.5,6.2,15.7,5.5,13.0,10.5,16.0,0.8,0.6,0.5,2.2,2.79,3.99,3.22,12.0,1.15,16.0,0.8,0.6,0.5,10.7,15.7,20.8,17.1,12.0,7.5,16.0,0.8,0.6,0.5,-64.7,-8.6,44.2,-12.1,15.0,59.0,16.0,0.7,0.6,0.5,-63.6,-41.4,43.2,-20.6,15.0,73.1,16.0,0.7,0.6,0.5,-33.0,-8.9,19.7,-10.3,13.0,29.2,16.0,0.8,0.6,0.5,-35.3,-21.0,13.6,-13.8,13.0,37.6,16.0,0.8,0.6,0.5,-18.5,-3.6,7.3,-4.6,12.0,12.3,16.0,0.8,0.6,0.5,-16.8,-10.5,5.7,-7.0,12.0,12.2,16.0,0.8,0.6,0.5,30.0,185.0,772.0,561.5,15.0,926.0,16.0,0.7,0.6,0.5,30.0,185.0,770.0,560.0,15.0,925.0,16.0,0.7,0.6,0.5
1974,2,230.0,37.0,10.96,12.2,14.55,12.43,13.0,1.67,12.0,0.5,0.6,0.3,10.0,11.55,13.5,11.71,14.0,2.29,12.0,0.5,0.6,0.3,5.6,6.13,7.88,6.65,13.0,1.67,12.0,0.5,0.6,0.3,66.9,78.9,88.6,76.9,13.0,12.1,12.0,0.5,0.3,6.2,8.2,12.74,9.01,14.0,4.72,12.0,0.5,0.6,0.3,-4.88,1.4,6.94,1.0,14.0,6.18,12.0,0.5,0.6,0.3,-7.08,-4.37,7.41,-1.16,14.0,8.31,12.0,0.5,0.6,0.3,1022.01,1026.7,1031.16,1024.87,14.0,9.53,12.0,0.5,0.6,0.3,4.0,7.0,8.0,5.7,14.0,2.7,12.0,0.5,0.6,0.3,-33.3,11.5,92.0,14.3,14.0,74.9,12.0,0.5,0.6,0.3,-58.1,-27.6,60.4,3.0,14.0,129.0,12.0,0.5,0.6,0.3,-2.31,1.1,2.72,0.59,13.0,3.18,12.0,0.5,0.6,0.3,-42.8,0.0,21.2,-2.5,13.0,28.3,12.0,0.5,0.6,0.3,0.02,1.97,4.7,2.23,13.0,2.24,12.0,0.5,0.6,0.3,-1.6,13.5,31.1,14.8,13.0,22.6,12.0,0.5,0.6,0.3,-43.9,15.6,92.8,18.1,14.0,79.5,12.0,0.5,0.6,0.3,-75.0,-43.7,82.7,-9.3,14.0,108.3,12.0,0.5,0.6,0.3,-28.9,15.5,65.3,14.2,13.0,45.4,12.0,0.5,0.6,0.3,-44.6,-16.0,45.0,-1.4,13.0,68.7,12.0,0.5,0.6,0.3,-23.6,0.0,9.6,-5.6,13.0,18.8,12.0,0.5,0.6,0.3,-20.4,-11.7,2.3,-7.9,13.0,17.2,12.0,0.5,0.6,0.3,238.5,551.5,2080.0,1357.5,14.0,2257.5,12.0,0.5,0.6,0.3,240.0,550.0,2080.0,1360.0,14.0,2260.0,12.0,0.5,0.6,0.3
1974,2,230.0,38.0,12.33,12.75,13.43,12.88,4.0,0.83,12.0,1.0,0.6,0.5,10.0,11.1,13.05,11.52,5.0,1.73,12.0,1.0,0.5,0.5,5.97,6.54,7.68,6.81,4.0,1.32,12.0,1.0,0.6,0.5,77.1,87.4,92.6,85.0,4.0,11.9,12.0,1.0,0.5,8.4,10.3,11.88,9.98,5.0,2.93,12.0,1.0,0.5,0.5,-10.21,0.0,6.07,-1.73,5.0,8.86,12.0,1.0,0.5,0.5,-2.65,0.89,7.96,2.11,5.0,6.73,12.0,1.0,0.5,0.5,1022.35,1026.1,1030.55,1025.92,5.0,6.05,12.0,1.0,0.5,0.5,7.0,7.5,8.0,7.5,4.0,0.6,10.0,1.0,0.4,0.5,-122.9,0.0,45.9,-31.5,5.0,99.5,12.0,1.0,0.5,0.5,-30.0,4.5,82.0,19.3,5.0,72.1,12.0,1.0,0.5,0.5,1.6,1.85,2.37,1.98,4.0,0.53,12.0,1.0,0.6,0.5,11.9,20.6,28.3,20.1,4.0,9.9,12.0,1.0,0.6,0.5,1.58,2.22,3.02,2.3,4.0,0.97,12.0,1.0,0.6,0.5,15.1,21.8,26.7,21.0,4.0,7.0,12.0,1.0,0.6,0.5,-102.1,0.0,71.4,-12.2,5.0,95.2,12.0,1.0,0.5,0.5,-26.5,9.8,105.2,32.8,5.0,83.1,12.0,1.0,0.5,0.5,-71.3,-14.2,49.0,-11.3,4.0,71.5,12.0,1.0,0.6,0.5,-24.6,2.4,32.4,3.8,4.0,42.7,12.0,1.0,0.6,0.5,-23.5,-5.8,13.9,-4.9,4.0,21.7,12.0,1.0,0.6,0.5,-9.4,1.6,5.7,-1.7,4.0,11.3,12.0,1.0,0.6,0.5,742.0,1092.5,1700.0,1181.5,5.0,727.5,12.0,1.0,0.5,0.5,740.0,1095.0,1700.0,1180.0,5.0,725.0,12.0,1.0,0.5,0.5
1974,2,230.0,39.0,11.7,11.7,11.7,11.7,1.0,0.0,18.0,1.0,0.2,0.7,8.97,11.7,14.43,11.7,2.0,5.66,18.0,1.0,0.3,0.8,5.9,6.9,7.89,6.9,2.0,2.06,18.0,1.0,0.3,0.8,77.2,79.5,81.9,79.5,2.0,4.9,18.0,1.0,0.8,8.53,9.25,9.97,9.25,2.0,1.48,18.0,1.0,0.3,0.8,-5.74,-0.73,4.29,-0.73,2.0,10.39,18.0,1.0,0.3,0.8,2.45,4.66,6.86,4.66,2.0,4.57,18.0,1.0,0.3,0.8,1006.88,1012.0,1017.12,1012.0,2.0,10.61,18.0,1.0,0.3,0.8,8.0,8.0,8.0,8.0,2.0,0.0,18.0,1.0,0.3,0.8,-44.9,1.0,46.9,1.0,2.0,95.0,18.0,1.0,0.3,0.8,22.7,46.5,70.2,46.5,2.0,49.2,18.0,1.0,0.3,0.8,-4.0,-4.0,-4.0,-4.0,1.0,0.0,18.0,1.0,0.2,0.7,-41.2,-41.2,-41.2,-41.2,1.0,0.0,18.0,1.0,0.2,0.7,0.11,0.11,0.11,0.11,1.0,0.0,18.0,1.0,0.2,0.7,1.2,1.2,1.2,1.2,1.0,0.0,18.0,1.0,0.2,0.7,-35.8,20.9,77.6,20.9,2.0,117.5,18.0,1.0,0.3,0.8,28.9,67.4,106.0,67.4,2.0,79.8,18.0,1.0,0.3,0.8,-28.2,5.7,39.6,5.7,2.0,70.2,18.0,1.0,0.3,0.8,17.0,36.8,56.7,36.8,2.0,41.1,18.0,1.0,0.3,0.8,0.7,0.7,0.7,0.7,1.0,0.0,18.0,1.0,0.2,0.7,0.9,0.9,0.9,0.9,1.0,0.0,18.0,1.0,0.2,0.7,637.5,822.0,1007.0,822.0,2.0,383.0,18.0,1.0,0.3,0.8,635.0,820.0,1005.0,820.0,2.0,385.0,18.0,1.0,0.3,0.8
1974,2,230.0,41.0,8.9,8.9,8.9,8.9,1.0,0.0,22.0,1.0,0.3,0.8,9.4,9.4,9.4,9.4,1.0,0.0,22.0,1.0,0.3,0.8,4.8,4.8,4.8,4.8,1.0,0.0,22.0,1.0,0.3,0.8,67.1,67.1,67.1,67.1,1.0,0.0,22.0,1.0,0.8,8.7,8.7,8.7,8.7,1.0,0.0,22.0,1.0,0.3,0.8,8.18,8.18,8.18,8.18,1.0,0.0,22.0,1.0,0.3,0.8,-2.98,-2.98,-2.98,-2.98,1.0,0.0,22.0,1.0,0.3,0.8,1032.0,1032.0,1032.0,1032.0,1.0,0.0,22.0,1.0,0.3,0.8,5.0,5.0,5.0,5.0,1.0,0.0,22.0,1.0,0.3,0.8,71.1,71.1,71.1,71.1,1.0,0.0,22.0,1.0,0.3,0.8,-25.9,-25.9,-25.9,-25.9,1.0,0.0,22.0,1.0,0.3,0.8,-0.5,-0.5,-0.5,-0.5,1.0,0.0,22.0,1.0,0.3,0.8,-4.3,-4.3,-4.3,-4.3,1.0,0.0,22.0,1.0,0.3,0.8,2.13,2.13,2.13,2.13,1.0,0.0,22.0,1.0,0.3,0.8,18.5,18.5,18.5,18.5,1.0,0.0,22.0,1.0,0.3,0.8,76.8,76.8,76.8,76.8,1.0,0.0,22.0,1.0,0.3,0.8,-28.0,-28.0,-28.0,-28.0,1.0,0.0,22.0,1.0,0.3,0.8,39.3,39.3,39.3,39.3,1.0,0.0,22.0,1.0,0.3,0.8,-14.3,-14.3,-14.3,-14.3,1.0,0.0,22.0,1.0,0.3,0.8,17.4,17.4,17.4,17.4,1.0,0.0,22.0,1.0,0.3,0.8,-6.3,-6.3,-6.3,-6.3,1.0,0.0,22.0,1.0,0.3,0.8,658.5,658.5,658.5,658.5,1.0,0.0,22.0,1.0,0.3,0.8,660.0,660.0,660.0,660.0,1.0,0.0,22.0,1.0,0.3,0.8
1974,2,230.0,42.0,7.7,7.7,7.7,7.7,1.0,0.0,10.0,1.0,0.3,0.8,9.5,9.5,9.5,9.5,1.0,0.0,10.0,1.0,0.3,0.8,5.65,5.65,5.65,5.65,1.0,0.0,10.0,1.0,0.3,0.8,78.2,78.2,78.2,78.2,1.0,0.0,10.0,1.0,0.8,10.3,10.3,10.3,10.3,1.0,0.0,10.0,1.0,0.3,0.8,-3.52,-3.52,-3.52,-3.52,1.0,0.0,10.0,1.0,0.3,0.8,-9.68,-9.68,-9.68,-9.68,1.0,0.0,10.0,1.0,0.3,0.8,1030.1,1030.1,1030.1,1030.1,1.0,0.0,10.0,1.0,0.3,0.8,7.0,7.0,7.0,7.0,1.0,0.0,10.0,1.0,0.3,0.8,-36.3,-36.3,-36.3,-36.3,1.0,0.0,10.0,1.0,0.3,0.8,-99.7,-99.7,-99.7,-99.7,1.0,0.0,10.0,1.0,0.3,0.8,-1.8,-1.8,-1.8,-1.8,1.0,0.0,10.0,1.0,0.3,0.8,-18.5,-18.5,-18.5,-18.5,1.0,0.0,10.0,1.0,0.3,0.8,0.75,0.75,0.75,0.75,1.0,0.0,10.0,1.0,0.3,0.8,7.7,7.7,7.7,7.7,1.0,0.0,10.0,1.0,0.3,0.8,-33.5,-33.5,-33.5,-33.5,1.0,0.0,10.0,1.0,0.3,0.8,-91.9,-91.9,-91.9,-91.9,1.0,0.0,10.0,1.0,0.3,0.8,-19.9,-19.9,-19.9,-19.9,1.0,0.0,10.0,1.0,0.3,0.8,-54.7,-54.7,-54.7,-54.7,1.0,0.0,10.0,1.0,0.3,0.8,-2.6,-2.6,-2.6,-2.6,1.0,0.0,10.0,1.0,0.3,0.8,-7.2,-7.2,-7.2,-7.2,1.0,0.0,10.0,1.0,0.3,0.8,1092.5,1092.5,1092.5,1092.5,1.0,0.0,10.0,1.0,0.3,0.8,1095.0,1095.0,1095.0,1095.0,1.0,0.0,10.0,1.0,0.3,0.8
1974,2,230.0,43.0,7.49,8.05,9.82,8.63,4.0,1.77,16.0,1.0,0.6,0.3,8.59,10.0,11.43,9.92,5.0,1.9,14.0,0.8,0.6,0.4,5.44,5.98,7.16,6.23,5.0,0.9,14.0,0.8,0.6,0.4,78.5,83.0,86.2,82.4,5.0,4.4,14.0,0.8,0.4,3.94,7.2,16.35,9.36,5.0,7.3,14.0,0.8,0.6,0.4,0.0,3.99,8.99,4.8,5.0,5.69,14.0,0.8,0.6,0.4,-1.31,4.75,12.97,5.62,5.0,7.88,14.0,0.8,0.6,0.4,1011.02,1021.3,1025.23,1018.9,5.0,7.96,14.0,0.8,0.6,0.4,4.3,8.0,8.0,6.4,5.0,2.3,14.0,0.8,0.6,0.4,0.0,24.7,119.1,63.6,5.0,104.9,14.0,0.8,0.6,0.4,-9.5,29.4,218.8,89.8,5.0,123.3,14.0,0.8,0.6,0.4,-3.09,-1.5,0.3,-1.4,4.0,2.2,16.0,1.0,0.6,0.3,-43.3,-13.0,-5.9,-24.0,4.0,31.4,16.0,1.0,0.6,0.3,-0.21,0.75,1.25,0.53,4.0,0.99,16.0,1.0,0.6,0.3,-7.8,1.5,9.8,1.0,4.0,12.6,16.0,1.0,0.6,0.3,0.0,39.9,93.5,50.4,5.0,62.9,14.0,0.8,0.6,0.4,-12.5,47.5,149.0,65.3,5.0,90.5,14.0,0.8,0.6,0.4,0.0,23.8,57.8,31.3,5.0,40.4,14.0,0.8,0.6,0.4,-7.3,28.4,92.9,40.4,5.0,55.2,14.0,0.8,0.6,0.4,-6.0,0.0,1.0,-2.4,4.0,6.1,16.0,1.0,0.6,0.3,-5.0,1.1,9.4,2.2,4.0,10.5,16.0,1.0,0.6,0.3,151.5,373.0,4448.5,2019.0,5.0,2606.0,14.0,0.8,0.6,0.4,150.0,375.0,4450.0,2020.0,5.0,2605.0,14.0,0.8,0.6,0.4
1974,2,230.0,44.0,8.15,8.75,10.51,9.31,12.0,1.71,14.0,0.8,0.4,0.5,5.59,8.0,10.78,8.09,15.0,2.33,16.0,0.7,0.5,0.5,4.44,6.13,6.84,5.69,11.0,1.23,14.0,0.7,0.5,0.6,78.2,86.1,88.3,84.3,11.0,5.6,14.0,0.7,0.6,5.1,10.3,12.66,9.26,15.0,3.66,16.0,0.8,0.5,0.5,-0.69,7.58,10.14,5.3,15.0,5.88,16.0,0.8,0.5,0.5,-1.79,1.79,8.64,2.63,15.0,5.77,16.0,0.8,0.5,0.5,1010.14,1019.0,1032.34,1020.36,16.0,10.81,14.0,0.8,0.5,0.5,3.0,7.0,8.0,5.8,15.0,2.3,16.0,0.7,0.5,0.5,-3.5,89.5,104.5,61.9,15.0,65.4,16.0,0.8,0.5,0.5,-18.4,18.4,101.5,33.4,15.0,66.3,16.0,0.8,0.5,0.5,-1.32,1.0,3.38,1.2,11.0,2.92,14.0,0.8,0.4,0.5,-17.8,0.8,23.7,2.9,10.0,21.0,14.0,0.9,0.5,0.5,0.1,1.34,2.8,1.55,10.0,1.49,12.0,0.8,0.5,0.6,0.6,6.4,18.1,8.7,9.0,9.3,14.0,0.9,0.5,0.5,0.0,53.3,104.1,47.2,14.0,52.2,16.0,0.8,0.5,0.5,-15.7,4.5,88.5,24.7,14.0,52.7,16.0,0.8,0.5,0.5,-2.2,32.1,66.2,30.0,10.0,37.2,14.0,0.8,0.5,0.5,-9.7,-3.4,37.5,12.0,10.0,33.1,14.0,0.8,0.5,0.5,-1.8,2.1,15.1,5.3,9.0,9.5,14.0,0.9,0.5,0.5,-6.0,-1.1,0.9,-1.8,9.0,6.9,14.0,0.9,0.5,0.5,132.5,1092.5,2035.0,1111.5,15.0,862.0,16.0,0.8,0.5,0.5,135.0,1095.0,2035.0,1110.0,15.0,860.0,16.0,0.8,0.5,0.5
1974,2,230.0,45.0,8.97,9.75,10.0,9.56,8.0,0.81,14.0,0.5,0.6,0.5,6.09,6.75,8.5,7.19,10.0,1.31,16.0,0.6,0.5,0.5,4.1,5.37,6.47,5.39,10.0,1.11,16.0,0.6,0.5,0.5,70.9,91.4,93.5,85.4,10.0,12.9,16.0,0.6,0.5,6.7,8.2,15.4,10.22,9.0,5.32,16.0,0.7,0.5,0.6,0.0,2.29,6.96,3.12,9.0,3.48,16.0,0.7,0.5,0.6,-5.09,6.3,13.33,3.72,9.0,10.36,16.0,0.7,0.5,0.6,1010.6,1013.0,1023.26,1016.27,10.0,9.98,16.0,0.6,0.5,0.5,6.4,8.0,8.0,7.1,10.0,1.6,16.0,0.6,0.5,0.5,0.0,15.4,73.4,31.6,9.0,42.9,16.0,0.7,0.5,0.6,-35.6,42.2,190.3,56.4,9.0,167.4,16.0,0.7,0.5,0.6,0.17,2.65,3.48,2.2,8.0,1.74,14.0,0.5,0.6,0.5,-0.5,21.6,27.2,14.7,7.0,14.9,16.0,0.6,0.6,0.5,0.92,1.95,2.39,1.65,8.0,1.01,14.0,0.5,0.6,0.5,5.5,14.3,16.9,10.4,7.0,8.2,16.0,0.6,0.6,0.5,0.0,17.4,49.8,21.6,9.0,22.7,16.0,0.7,0.5,0.6,-38.7,36.9,111.7,31.4,9.0,82.3,16.0,0.7,0.5,0.6,0.0,14.7,30.0,15.0,9.0,15.2,16.0,0.7,0.5,0.6,-30.7,34.7,83.8,27.5,9.0,61.0,16.0,0.7,0.5,0.6,0.0,2.0,5.9,2.7,7.0,3.5,16.0,0.6,0.6,0.5,-6.2,5.6,16.3,4.9,7.0,12.0,16.0,0.6,0.6,0.5,301.0,551.5,3652.5,1907.0,9.0,2506.5,16.0,0.7,0.5,0.6,300.0,550.0,3650.0,1905.0,9.0,2505.0,16.0,0.7,0.5,0.6
1974,2,230.0,46.0,5.95,7.1,7.62,6.8,4.0,1.28,12.0,0.3,0.6,0.4,5.63,6.6,8.14,6.88,4.0,1.62,12.0,0.3,0.6,0.4,4.39,5.25,6.3,5.34,4.0,1.23,12.0,0.3,0.6,0.4,76.3,87.8,98.4,87.4,4.0,12.9,12.0,0.3,0.4,2.48,8.5,16.93,9.65,4.0,8.87,12.0,0.3,0.6,0.4,0.34,0.79,3.79,2.01,4.0,2.99,12.0,0.3,0.6,0.4,-6.09,1.77,12.71,3.24,4.0,13.21,12.0,0.3,0.6,0.4,1021.98,1032.55,1036.57,1029.42,4.0,10.97,12.0,0.3,0.6,0.4,6.0,7.5,8.0,7.0,4.0,1.4,12.0,0.3,0.6,0.4,0.4,1.9,45.0,21.7,4.0,41.0,12.0,0.3,0.6,0.4,-75.7,8.0,230.2,74.1,4.0,244.4,12.0,0.3,0.6,0.4,-0.67,-0.15,0.52,-0.07,4.0,0.83,12.0,0.3,0.6,0.4,-10.9,-0.1,6.8,-2.0,4.0,13.8,12.0,0.3,0.6,0.4,0.07,0.85,1.3,0.69,4.0,0.75,12.0,0.3,0.6,0.4,-1.9,3.3,5.3,1.8,4.0,4.7,12.0,0.3,0.6,0.4,2.2,4.9,22.7,12.1,4.0,17.9,12.0,0.3,0.6,0.4,-36.4,13.2,111.0,36.2,4.0,107.2,12.0,0.3,0.6,0.4,1.6,3.5,20.8,10.9,4.0,17.2,12.0,0.3,0.6,0.4,-34.1,8.8,83.4,23.9,4.0,85.9,12.0,0.3,0.6,0.4,0.4,1.0,1.9,1.2,4.0,1.1,12.0,0.3,0.6,0.4,-4.6,-2.6,2.4,-1.2,4.0,4.7,12.0,0.3,0.6,0.4,33.5,1108.0,5602.0,2739.5,4.0,4123.5,12.0,0.3,0.6,0.4,35.0,1110.0,5600.0,2740.0,4.0,4125.0,12.0,0.3,0.6,0.4
1974,2,230.0,47.0,7.9,8.15,8.35,8.13,4.0,0.28,18.0,0.5,0.5,0.2,5.85,7.0,7.73,6.92,5.0,1.32,18.0,0.6,0.6,0.2,4.54,5.36,5.7,5.15,5.0,0.89,18.0,0.6,0.6,0.2,72.5,85.8,91.8,83.2,5.0,12.2,18.0,0.6,0.2,5.1,8.7,10.35,8.0,5.0,2.8,18.0,0.6,0.6,0.2,2.76,3.91,8.85,5.53,5.0,3.78,18.0,0.6,0.6,0.2,-0.5,3.28,6.12,2.8,5.0,5.05,18.0,0.6,0.6,0.2,1006.46,1013.3,1017.56,1012.64,5.0,6.52,18.0,0.6,0.6,0.2,4.5,5.5,7.0,5.8,4.0,1.7,20.0,0.8,0.7,0.2,15.9,32.8,87.5,50.6,5.0,47.1,18.0,0.6,0.6,0.2,1.7,22.2,57.0,28.5,5.0,41.5,18.0,0.6,0.6,0.2,0.9,1.7,2.56,1.73,4.0,0.96,18.0,0.5,0.5,0.2,6.8,11.0,18.1,12.4,4.0,8.1,18.0,0.5,0.5,0.2,0.78,1.55,2.42,1.59,4.0,1.08,18.0,0.5,0.5,0.2,5.5,10.8,19.1,12.2,4.0,9.8,18.0,0.5,0.5,0.2,18.7,27.3,63.4,40.7,5.0,35.1,18.0,0.6,0.6,0.2,0.7,22.9,39.0,20.1,5.0,33.1,18.0,0.6,0.6,0.2,14.6,24.4,39.9,27.9,5.0,19.3,18.0,0.6,0.6,0.2,-2.0,16.5,31.1,14.7,5.0,26.2,18.0,0.6,0.6,0.2,2.3,3.7,13.5,7.7,4.0,9.6,18.0,0.5,0.5,0.2,-4.1,6.3,12.1,4.1,4.0,10.1,18.0,0.5,0.5,0.2,132.5,658.5,1124.5,661.5,5.0,558.5,18.0,0.6,0.6,0.2,135.0,660.0,1125.0,660.0,5.0,560.0,18.0,0.6,0.6,0.2
1974,2,230.0,48.0,4.7,6.15,6.82,5.9,6.0,1.06,22.0,0.7,0.6,0.7,4.81,5.9,6.45,5.8,6.0,1.24,22.0,0.7,0.6,0.7,4.68,4.68,4.69,4.69,3.0,0.01,20.0,0.7,0.8,0.8,80.5,80.5,84.0,82.2,3.0,3.0,20.0,0.7,0.8,3.92,11.15,19.59,12.27,6.0,8.49,22.0,0.7,0.6,0.7,-1.68,3.26,12.44,3.85,6.0,10.19,22.0,0.7,0.6,0.7,3.68,5.13,11.67,8.1,6.0,7.24,22.0,0.7,0.6,0.7,989.37,1005.8,1014.3,1001.4,5.0,16.34,22.0,0.6,0.6,0.7,6.5,8.0,8.0,7.2,5.0,1.8,22.0,0.6,0.6,0.7,-64.7,29.3,170.2,28.7,6.0,208.8,22.0,0.7,0.6,0.7,14.4,70.6,206.0,141.9,6.0,214.5,22.0,0.7,0.6,0.7,-0.92,0.55,0.7,0.1,6.0,0.82,22.0,0.7,0.6,0.7,-13.9,2.7,6.3,-2.5,6.0,13.4,22.0,0.7,0.6,0.7,1.12,1.43,1.43,1.28,3.0,0.26,20.0,0.7,0.8,0.8,5.3,5.7,8.7,7.0,3.0,2.7,20.0,0.7,0.8,0.8,-9.2,17.0,73.2,20.9,6.0,56.7,22.0,0.7,0.6,0.7,22.5,28.6,61.6,45.4,6.0,40.8,22.0,0.7,0.6,0.7,6.0,6.4,18.5,12.1,3.0,10.4,20.0,0.7,0.8,0.8,16.4,17.6,34.2,25.1,3.0,14.5,20.0,0.7,0.8,0.8,1.8,2.0,4.1,2.9,3.0,1.9,20.0,0.7,0.8,0.8,5.0,5.4,7.7,6.3,3.0,2.1,20.0,0.7,0.8,0.8,60.5,1410.5,8133.0,4289.5,6.0,6571.5,22.0,0.7,0.6,0.7,60.0,1410.0,8135.0,4290.0,6.0,6570.0,22.0,0.7,0.6,0.7
1974,2,230.0,49.0,6.27,8.0,8.37,7.44,9.0,0.98,14.0,0.4,0.5,0.6,4.46,7.25,8.0,6.72,10.0,2.0,14.0,0.4,0.5,0.6,4.26,5.76,5.92,5.29,9.0,0.89,12.0,0.3,0.5,0.5,75.5,87.2,93.7,84.9,9.0,10.2,12.0,0.3,0.5,9.3,10.8,11.17,10.52,9.0,1.61,12.0,0.3,0.5,0.5,-5.9,7.12,10.15,3.71,9.0,7.65,12.0,0.3,0.5,0.5,-3.38,3.69,9.51,3.38,9.0,6.35,12.0,0.3,0.5,0.5,1000.78,1011.75,1016.14,1009.75,10.0,8.95,14.0,0.4,0.5,0.6,2.9,7.5,8.0,5.9,10.0,2.6,14.0,0.4,0.5,0.6,-48.4,66.3,109.6,42.0,9.0,76.9,12.0,0.3,0.5,0.5,-35.6,39.9,104.9,41.7,9.0,76.1,12.0,0.3,0.5,0.5,-0.37,1.0,2.42,1.09,9.0,1.49,14.0,0.4,0.5,0.6,-4.6,8.1,21.9,10.1,8.0,15.8,14.0,0.4,0.5,0.5,0.45,1.0,2.38,1.23,8.0,0.97,14.0,0.4,0.5,0.5,5.7,10.8,26.6,13.1,8.0,10.8,14.0,0.4,0.5,0.5,-42.3,38.0,74.8,24.1,9.0,54.2,12.0,0.3,0.5,0.5,-21.5,16.3,65.7,21.1,9.0,50.1,12.0,0.3,0.5,0.5,-32.1,36.0,53.9,18.7,9.0,41.8,12.0,0.3,0.5,0.5,-20.0,20.8,40.5,16.8,9.0,35.9,12.0,0.3,0.5,0.5,0.0,5.6,11.0,6.9,8.0,10.7,14.0,0.4,0.5,0.5,1.4,4.6,9.9,7.3,8.0,9.1,14.0,0.4,0.5,0.5,804.5,1259.5,1393.5,1240.0,9.0,613.0,12.0,0.3,0.5,0.5,805.0,1260.0,1395.0,1240.0,9.0,615.0,12.0,0.3,0.5,0.5
1974,2,230.0,50.0,6.75,7.2,8.45,7.31,12.0,1.41,16.0,0.6,0.4,0.4,4.85,6.5,7.7,6.41,12.0,1.34,16.0,0.6,0.4,0.4,4.07,4.82,5.51,4.77,10.0,0.72,16.0,0.6,0.5,0.3,76.7,80.2,90.5,82.8,11.0,8.4,16.0,0.6,0.4,5.78,8.75,12.45,8.83,12.0,3.63,16.0,0.6,0.4,0.4,0.0,5.03,7.89,4.31,12.0,3.9,16.0,0.6,0.4,0.4,-1.49,3.7,10.85,4.18,12.0,6.62,16.0,0.6,0.4,0.4,1004.11,1008.1,1027.26,1012.91,11.0,11.64,16.0,0.5,0.5,0.3,4.3,7.0,8.0,6.3,10.0,2.2,16.0,0.5,0.5,0.3,0.0,49.5,73.6,39.4,12.0,40.5,16.0,0.6,0.4,0.4,-6.2,24.6,124.1,45.9,12.0,84.0,16.0,0.6,0.4,0.4,-0.28,1.25,2.73,0.9,12.0,1.51,16.0,0.6,0.4,0.4,-2.2,6.7,15.5,7.3,12.0,12.9,16.0,0.6,0.4,0.4,0.82,1.43,2.51,1.6,10.0,0.78,16.0,0.6,0.5,0.3,6.8,12.3,17.2,13.3,10.0,8.6,16.0,0.6,0.5,0.3,0.0,33.2,52.1,26.8,12.0,27.4,16.0,0.6,0.4,0.4,-8.2,26.1,84.8,28.1,12.0,47.7,16.0,0.6,0.4,0.4,3.0,27.7,43.2,24.6,10.0,17.3,16.0,0.6,0.5,0.3,-6.8,12.9,50.5,17.2,10.0,36.6,16.0,0.6,0.5,0.3,1.7,6.1,12.4,7.1,10.0,5.6,16.0,0.6,0.5,0.3,-3.8,4.2,12.5,5.7,10.0,12.2,16.0,0.6,0.5,0.3,232.0,678.0,1933.5,997.0,12.0,919.5,16.0,0.6,0.4,0.4,230.0,680.0,1935.0,995.0,12.0,920.0,16.0,0.6,0.4,0.4
1974,2,230.0,53.0,3.52,4.0,4.27,3.9,3.0,0.56,26.0,0.7,0.4,0.5,1.0,1.0,2.57,1.77,3.0,1.33,26.0,0.7,0.4,0.5,4.08,4.1,4.25,4.17,3.0,0.14,26.0,0.7,0.4,0.5,94.0,100.0,100.0,97.1,3.0,5.1,26.0,0.7,0.5,1.97,6.2,9.0,5.5,3.0,5.19,26.0,0.7,0.4,0.5,-5.78,-3.99,-1.26,-3.54,3.0,3.33,26.0,0.7,0.4,0.5,1.51,4.75,6.89,4.21,3.0,3.97,26.0,0.7,0.4,0.5,1005.63,1011.5,1019.15,1012.37,3.0,9.93,26.0,0.7,0.4,0.5,4.0,4.0,4.0,4.0,1.0,0.0,24.0,0.0,0.6,0.4,-54.4,-24.7,-7.8,-31.0,3.0,34.5,26.0,0.7,0.4,0.5,9.3,29.4,64.8,36.9,3.0,41.1,26.0,0.7,0.4,0.5,1.21,2.3,3.05,2.13,3.0,1.36,26.0,0.7,0.4,0.5,1.4,4.3,25.3,13.1,3.0,19.1,26.0,0.7,0.4,0.5,0.68,0.73,0.99,0.84,3.0,0.24,26.0,0.7,0.4,0.5,1.3,4.1,9.1,5.2,3.0,5.8,26.0,0.7,0.4,0.5,-11.1,-6.6,-2.1,-6.6,3.0,6.6,26.0,0.7,0.4,0.5,2.5,7.9,13.2,7.9,3.0,7.8,26.0,0.7,0.4,0.5,-23.9,-17.2,-5.5,-14.7,3.0,13.6,26.0,0.7,0.4,0.5,6.5,20.5,28.4,17.5,3.0,16.3,26.0,0.7,0.4,0.5,-5.9,-2.6,-0.8,-3.3,3.0,3.7,26.0,0.7,0.4,0.5,1.0,3.1,7.0,4.0,3.0,4.5,26.0,0.7,0.4,0.5,75.5,238.5,821.5,443.5,3.0,574.5,26.0,0.7,0.4,0.5,75.0,240.0,820.0,445.0,3.0,575.0,26.0,0.7,0.4,0.5
1974,2,231.0,-61.0,,,,,,,,,,,,,,,,,,,,,,,,,,,,,,,,,,,,,,,,7.7,7.7,7.7,7.7,1.0,0.0,22.0,1.0,0.7,0.4,6.67,6.67,6.67,6.67,1.0,0.0,22.0,1.0,0.7,0.4,-3.85,-3.85,-3.85,-3.85,1.0,0.0,22.0,1.0,0.7,0.4,983.7,983.7,983.7,983.7,1.0,0.0,22.0,1.0,0.7,0.4,,,,,,,,,,,,,,,,,,,,,,,,,,,,,,,,,,,,,,,,,,,,,,,,,,,,,,,,,,,,,,,,,,,,,,,,,,,,,,,,,,,,,,,,,,,,,,,,,,,,,,,,,,,,,,,,,,,,,,,,,,,,,,,,,,,,,,,,,,,,,,,,,,,,,,
1974,2,231.0,-57.0,,,,,,,,,,,,,,,,,,,,,,,,,,,,,,,,,,,,,,,,12.0,12.0,12.0,12.0,1.0,0.0,24.0,1.0,0.8,0.1,9.19,9.19,9.19,9.19,1.0,0.0,24.0,1.0,0.8,0.1,7.71,7.71,7.71,7.71,1.0,0.0,24.0,1.0,0.8,0.1,992.1,992.1,992.1,992.1,1.0,0.0,24.0,1.0,0.8,0.1,,,,,,,,,,,,,,,,,,,,,,,,,,,,,,,,,,,,,,,,,,,,,,,,,,,,,,,,,,,,,,,,,,,,,,,,,,,,,,,,,,,,,,,,,,,,,,,,,,,,,,,,,,,,,,,,,,,,,,,,,,,,,,,,,,,,,,,,,,,,,,,,,,,,,,
1974,2,231.0,-36.0,21.18,22.0,22.82,22.0,2.0,1.7,12.0,0.0,0.6,0.6,21.38,22.2,23.02,22.2,2.0,1.7,12.0,0.0,0.6,0.6,13.14,14.25,15.36,14.25,2.0,2.3,12.0,0.0,0.6,0.6,83.9,86.0,88.1,86.0,2.0,4.3,12.0,0.0,0.6,6.94,7.45,7.96,7.45,2.0,1.06,12.0,0.0,0.6,0.6,-5.8,-1.7,2.4,-1.7,2.0,8.49,12.0,0.0,0.6,0.6,-4.76,-3.97,-3.17,-3.97,2.0,1.65,12.0,0.0,0.6,0.6,1020.44,1023.75,1027.06,1023.75,2.0,6.86,12.0,0.0,0.6,0.6,0.8,2.5,4.2,2.5,2.0,3.5,12.0,0.0,0.6,0.6,-48.6,-17.2,14.2,-17.2,2.0,65.1,12.0,0.0,0.6,0.6,-32.6,-28.7,-24.8,-28.7,2.0,8.1,12.0,0.0,0.6,0.6,-0.2,-0.2,-0.2,-0.2,2.0,0.0,12.0,0.0,0.6,0.6,-1.6,-1.5,-1.4,-1.5,2.0,0.2,12.0,0.0,0.6,0.6,1.86,2.09,2.32,2.09,2.0,0.48,12.0,0.0,0.6,0.6,13.0,15.8,18.6,15.8,2.0,5.8,12.0,0.0,0.6,0.6,-120.1,-30.5,59.1,-30.5,2.0,185.7,12.0,0.0,0.6,0.6,-110.4,-89.5,-68.6,-89.5,2.0,43.3,12.0,0.0,0.6,0.6,-71.0,-14.5,42.1,-14.5,2.0,117.1,12.0,0.0,0.6,0.6,-74.2,-58.4,-42.7,-58.4,2.0,32.6,12.0,0.0,0.6,0.6,-14.5,-5.6,3.4,-5.6,2.0,18.6,12.0,0.0,0.6,0.6,-8.6,-7.9,-7.2,-7.9,2.0,1.5,12.0,0.0,0.6,0.6,340.5,426.0,511.5,426.0,2.0,177.0,12.0,0.0,0.6,0.6,340.0,425.0,510.0,425.0,2.0,175.0,12.0,0.0,0.6,0.6
1974,2,231.0,-35.0,23.9,23.9,23.9,23.9,1.0,0.0,22.0,1.0,0.9,0.6,25.0,25.0,25.0,25.0,1.0,0.0,22.0,1.0,0.9,0.6,16.21,16.21,16.21,16.21,1.0,0.0,22.0,1.0,0.9,0.6,82.9,82.9,82.9,82.9,1.0,0.0,22.0,1.0,0.6,4.1,4.1,4.1,4.1,1.0,0.0,22.0,1.0,0.9,0.6,1.4,1.4,1.4,1.4,1.0,0.0,22.0,1.0,0.9,0.6,-3.85,-3.85,-3.85,-3.85,1.0,0.0,22.0,1.0,0.9,0.6,1022.8,1022.8,1022.8,1022.8,1.0,0.0,22.0,1.0,0.9,0.6,6.0,6.0,6.0,6.0,1.0,0.0,22.0,1.0,0.9,0.6,5.7,5.7,5.7,5.7,1.0,0.0,22.0,1.0,0.9,0.6,-15.8,-15.8,-15.8,-15.8,1.0,0.0,22.0,1.0,0.9,0.6,-1.1,-1.1,-1.1,-1.1,1.0,0.0,22.0,1.0,0.9,0.6,-4.5,-4.5,-4.5,-4.5,1.0,0.0,22.0,1.0,0.9,0.6,2.11,2.11,2.11,2.11,1.0,0.0,22.0,1.0,0.9,0.6,8.7,8.7,8.7,8.7,1.0,0.0,22.0,1.0,0.9,0.6,35.1,35.1,35.1,35.1,1.0,0.0,22.0,1.0,0.9,0.6,-96.3,-96.3,-96.3,-96.3,1.0,0.0,22.0,1.0,0.9,0.6,22.7,22.7,22.7,22.7,1.0,0.0,22.0,1.0,0.9,0.6,-62.4,-62.4,-62.4,-62.4,1.0,0.0,22.0,1.0,0.9,0.6,3.0,3.0,3.0,3.0,1.0,0.0,22.0,1.0,0.9,0.6,-8.1,-8.1,-8.1,-8.1,1.0,0.0,22.0,1.0,0.9,0.6,69.0,69.0,69.0,69.0,1.0,0.0,22.0,1.0,0.9,0.6,70.0,70.0,70.0,70.0,1.0,0.0,22.0,1.0,0.9,0.6
1974,2,231.0,-31.0,26.3,26.3,26.3,26.3,1.0,0.0,20.0,1.0,0.8,1.0,27.5,27.5,27.5,27.5,1.0,0.0,20.0,1.0,0.8,1.0,15.22,15.22,15.22,15.22,1.0,0.0,20.0,1.0,0.8,1.0,67.3,67.3,67.3,67.3,1.0,0.0,20.0,1.0,1.0,6.2,6.2,6.2,6.2,1.0,0.0,20.0,1.0,0.8,1.0,-3.99,-3.99,-3.99,-3.99,1.0,0.0,20.0,1.0,0.8,1.0,-4.75,-4.75,-4.75,-4.75,1.0,0.0,20.0,1.0,0.8,1.0,1024.0,1024.0,1024.0,1024.0,1.0,0.0,20.0,1.0,0.8,1.0,1.0,1.0,1.0,1.0,1.0,0.0,20.0,1.0,0.8,1.0,-24.7,-24.7,-24.7,-24.7,1.0,0.0,20.0,1.0,0.8,1.0,-29.4,-29.4,-29.4,-29.4,1.0,0.0,20.0,1.0,0.8,1.0,-1.2,-1.2,-1.2,-1.2,1.0,0.0,20.0,1.0,0.8,1.0,-7.4,-7.4,-7.4,-7.4,1.0,0.0,20.0,1.0,0.8,1.0,5.94,5.94,5.94,5.94,1.0,0.0,20.0,1.0,0.8,1.0,36.8,36.8,36.8,36.8,1.0,0.0,20.0,1.0,0.8,1.0,-109.6,-109.6,-109.6,-109.6,1.0,0.0,20.0,1.0,0.8,1.0,-130.6,-130.6,-130.6,-130.6,1.0,0.0,20.0,1.0,0.8,1.0,-60.6,-60.6,-60.6,-60.6,1.0,0.0,20.0,1.0,0.8,1.0,-72.3,-72.3,-72.3,-72.3,1.0,0.0,20.0,1.0,0.8,1.0,-23.7,-23.7,-23.7,-23.7,1.0,0.0,20.0,1.0,0.8,1.0,-28.2,-28.2,-28.2,-28.2,1.0,0.0,20.0,1.0,0.8,1.0,238.5,238.5,238.5,238.5,1.0,0.0,20.0,1.0,0.8,1.0,240.0,240.0,240.0,240.0,1.0,0.0,20.0,1.0,0.8,1.0
1974,2,231.0,-30.0,26.1,26.1,26.1,26.1,1.0,0.0,20.0,0.0,0.5,1.0,25.5,25.5,25.5,25.5,1.0,0.0,20.0,0.0,0.5,1.0,15.33,15.33,15.33,15.33,1.0,0.0,20.0,0.0,0.5,1.0,76.2,76.2,76.2,76.2,1.0,0.0,20.0,0.0,1.0,3.6,3.6,3.6,3.6,1.0,0.0,20.0,0.0,0.5,1.0,-3.38,-3.38,-3.38,-3.38,1.0,0.0,20.0,0.0,0.5,1.0,-1.23,-1.23,-1.23,-1.23,1.0,0.0,20.0,0.0,0.5,1.0,1023.0,1023.0,1023.0,1023.0,1.0,0.0,20.0,0.0,0.5,1.0,2.0,2.0,2.0,2.0,1.0,0.0,20.0,0.0,0.5,1.0,-12.2,-12.2,-12.2,-12.2,1.0,0.0,20.0,0.0,0.5,1.0,-4.4,-4.4,-4.4,-4.4,1.0,0.0,20.0,0.0,0.5,1.0,0.6,0.6,0.6,0.6,1.0,0.0,20.0,0.0,0.5,1.0,2.2,2.2,2.2,2.2,1.0,0.0,20.0,0.0,0.5,1.0,5.59,5.59,5.59,5.59,1.0,0.0,20.0,0.0,0.5,1.0,20.1,20.1,20.1,20.1,1.0,0.0,20.0,0.0,0.5,1.0,-86.3,-86.3,-86.3,-86.3,1.0,0.0,20.0,0.0,0.5,1.0,-31.4,-31.4,-31.4,-31.4,1.0,0.0,20.0,0.0,0.5,1.0,-51.8,-51.8,-51.8,-51.8,1.0,0.0,20.0,0.0,0.5,1.0,-18.9,-18.9,-18.9,-18.9,1.0,0.0,20.0,0.0,0.5,1.0,-18.9,-18.9,-18.9,-18.9,1.0,0.0,20.0,0.0,0.5,1.0,-6.9,-6.9,-6.9,-6.9,1.0,0.0,20.0,0.0,0.5,1.0,46.5,46.5,46.5,46.5,1.0,0.0,20.0,0.0,0.5,1.0,45.0,45.0,45.0,45.0,1.0,0.0,20.0,0.0,0.5,1.0
1974,2,231.0,-27.0,,,,,,,,,,,,,,,,,,,,,,,,,,,,,,,,,,,,,,,,6.0,6.0,6.0,6.0,1.0,0.0,28.0,0.0,0.3,0.4,-3.0,-3.0,-3.0,-3.0,1.0,0.0,28.0,0.0,0.3,0.4,5.2,5.2,5.2,5.2,1.0,0.0,28.0,0.0,0.3,0.4,1027.1,1027.1,1027.1,1027.1,1.0,0.0,28.0,0.0,0.3,0.4,,,,,,,,,,,,,,,,,,,,,,,,,,,,,,,,,,,,,,,,,,,,,,,,,,,,,,,,,,,,,,,,,,,,,,,,,,,,,,,,,,,,,,,,,,,,,,,,,,,,,,,,,,,,,,,,,,,,,,,,,,,,,,,,,,,,,,,,,,,,,,,,,,,,,,
1974,2,231.0,-26.0,,,,,,,,,,,,,,,,,,,,,,,,,,,,,,,,,,,,,,,,6.2,6.2,6.2,6.2,1.0,0.0,4.0,0.0,0.8,1.0,-3.99,-3.99,-3.99,-3.99,1.0,0.0,4.0,0.0,0.8,1.0,4.75,4.75,4.75,4.75,1.0,0.0,4.0,0.0,0.8,1.0,1017.6,1017.6,1017.6,1017.6,1.0,0.0,4.0,0.0,0.8,1.0,3.0,3.0,3.0,3.0,1.0,0.0,4.0,0.0,0.8,1.0,-24.7,-24.7,-24.7,-24.7,1.0,0.0,4.0,0.0,0.8,1.0,29.4,29.4,29.4,29.4,1.0,0.0,4.0,0.0,0.8,1.0,,,,,,,,,,,,,,,,,,,,,,,,,,,,,,,,,,,,,,,,,-102.8,-102.8,-102.8,-102.8,1.0,0.0,4.0,0.0,0.8,1.0,122.5,122.5,122.5,122.5,1.0,0.0,4.0,0.0,0.8,1.0,-64.9,-64.9,-64.9,-64.9,1.0,0.0,4.0,0.0,0.8,1.0,77.4,77.4,77.4,77.4,1.0,0.0,4.0,0.0,0.8,1.0,,,,,,,,,,,,,,,,,,,,,,,,,,,,,,,,,,,,,,,,
1974,2,231.0,-25.0,26.53,27.25,27.97,27.25,2.0,1.48,22.0,0.5,0.5,0.6,25.28,26.95,28.62,26.95,2.0,3.46,22.0,0.5,0.5,0.6,13.11,14.04,14.96,14.04,2.0,1.92,22.0,0.5,0.5,0.6,61.6,63.6,65.7,63.6,2.0,4.3,22.0,0.5,0.6,8.53,10.3,12.07,10.3,2.0,3.68,22.0,0.5,0.5,0.6,-12.0,-10.07,-8.13,-10.07,2.0,4.01,22.0,0.5,0.5,0.6,0.42,1.32,2.22,1.32,2.0,1.86,22.0,0.5,0.5,0.6,1018.1,1018.3,1018.5,1018.3,2.0,0.42,22.0,0.5,0.5,0.6,1.2,1.5,1.8,1.5,2.0,0.7,22.0,0.5,0.5,0.6,-148.8,-111.1,-73.3,-111.1,2.0,78.3,22.0,0.5,0.5,0.6,3.2,10.1,17.1,10.1,2.0,14.3,22.0,0.5,0.5,0.6,-2.09,0.3,2.69,0.3,2.0,4.95,22.0,0.5,0.5,0.6,-30.1,-6.0,18.1,-6.0,2.0,49.9,22.0,0.5,0.5,0.6,6.63,8.52,10.41,8.52,2.0,3.92,22.0,0.5,0.5,0.6,76.2,80.5,84.9,80.5,2.0,9.1,22.0,0.5,0.5,0.6,-347.2,-278.3,-209.3,-278.3,2.0,142.8,22.0,0.5,0.5,0.6,10.2,32.3,54.3,32.3,2.0,45.6,22.0,0.5,0.5,0.6,-181.6,-145.2,-108.7,-145.2,2.0,75.5,22.0,0.5,0.5,0.6,5.3,16.7,28.1,16.7,2.0,23.6,22.0,0.5,0.5,0.6,-80.5,-77.9,-75.3,-77.9,2.0,5.3,22.0,0.5,0.5,0.6,4.7,14.9,25.0,14.9,2.0,21.0,22.0,0.5,0.5,0.6,725.0,1301.5,1878.5,1301.5,2.0,1195.0,22.0,0.5,0.5,0.6,725.0,1300.0,1880.0,1300.0,2.0,1195.0,22.0,0.5,0.5,0.6
1974,2,231.0,-24.0,28.9,28.9,28.9,28.9,1.0,0.0,28.0,0.0,0.1,0.1,25.2,25.2,25.2,25.2,1.0,0.0,28.0,0.0,0.1,0.1,15.23,15.23,15.23,15.23,1.0,0.0,28.0,0.0,0.1,0.1,76.6,76.6,76.6,76.6,1.0,0.0,28.0,0.0,0.1,4.6,4.6,4.6,4.6,1.0,0.0,28.0,0.0,0.1,0.1,-4.53,-4.53,-4.53,-4.53,1.0,0.0,28.0,0.0,0.1,0.1,0.8,0.8,0.8,0.8,1.0,0.0,28.0,0.0,0.1,0.1,1017.0,1017.0,1017.0,1017.0,1.0,0.0,28.0,0.0,0.1,0.1,2.0,2.0,2.0,2.0,1.0,0.0,28.0,0.0,0.1,0.1,-20.8,-20.8,-20.8,-20.8,1.0,0.0,28.0,0.0,0.1,0.1,3.7,3.7,3.7,3.7,1.0,0.0,28.0,0.0,0.1,0.1,3.7,3.7,3.7,3.7,1.0,0.0,28.0,0.0,0.1,0.1,17.0,17.0,17.0,17.0,1.0,0.0,28.0,0.0,0.1,0.1,9.63,9.63,9.63,9.63,1.0,0.0,28.0,0.0,0.1,0.1,44.3,44.3,44.3,44.3,1.0,0.0,28.0,0.0,0.1,0.1,-114.2,-114.2,-114.2,-114.2,1.0,0.0,28.0,0.0,0.1,0.1,20.1,20.1,20.1,20.1,1.0,0.0,28.0,0.0,0.1,0.1,-69.0,-69.0,-69.0,-69.0,1.0,0.0,28.0,0.0,0.1,0.1,12.2,12.2,12.2,12.2,1.0,0.0,28.0,0.0,0.1,0.1,-43.6,-43.6,-43.6,-43.6,1.0,0.0,28.0,0.0,0.1,0.1,7.7,7.7,7.7,7.7,1.0,0.0,28.0,0.0,0.1,0.1,97.5,97.5,97.5,97.5,1.0,0.0,28.0,0.0,0.1,0.1,95.0,95.0,95.0,95.0,1.0,0.0,28.0,0.0,0.1,0.1
1974,2,231.0,-22.0,26.5,26.5,26.5,26.5,1.0,0.0,16.0,1.0,0.5,0.3,24.32,25.0,25.68,25.0,2.0,1.41,22.0,1.0,0.5,0.5,16.37,16.37,16.37,16.37,2.0,0.01,22.0,1.0,0.5,0.5,80.2,83.6,87.0,83.6,2.0,7.0,22.0,1.0,0.5,7.75,7.85,7.95,7.85,2.0,0.21,22.0,1.0,0.5,0.5,-7.83,-7.73,-7.63,-7.73,2.0,0.21,22.0,1.0,0.5,0.5,-0.9,0.03,0.96,0.03,2.0,1.93,22.0,1.0,0.5,0.5,1018.7,1018.9,1019.1,1018.9,2.0,0.42,22.0,1.0,0.5,0.5,5.0,5.0,5.0,5.0,2.0,0.0,22.0,1.0,0.5,0.5,-62.3,-60.7,-59.1,-60.7,2.0,3.3,22.0,1.0,0.5,0.5,-6.9,0.4,7.7,0.4,2.0,15.1,22.0,1.0,0.5,0.5,0.5,0.5,0.5,0.5,1.0,0.0,16.0,1.0,0.5,0.3,3.9,3.9,3.9,3.9,1.0,0.0,16.0,1.0,0.5,0.3,5.14,5.14,5.14,5.14,1.0,0.0,16.0,1.0,0.5,0.3,39.6,39.6,39.6,39.6,1.0,0.0,16.0,1.0,0.5,0.3,-195.9,-193.1,-190.4,-193.1,2.0,5.7,22.0,1.0,0.5,0.5,-24.0,-0.7,22.5,-0.7,2.0,48.2,22.0,1.0,0.5,0.5,-128.2,-126.6,-124.9,-126.6,2.0,3.5,22.0,1.0,0.5,0.5,-14.8,0.4,15.7,0.4,2.0,31.6,22.0,1.0,0.5,0.5,-39.0,-39.0,-39.0,-39.0,1.0,0.0,16.0,1.0,0.5,0.3,-6.9,-6.9,-6.9,-6.9,1.0,0.0,16.0,1.0,0.5,0.3,465.5,484.5,503.0,484.5,2.0,39.0,22.0,1.0,0.5,0.5,465.0,485.0,505.0,485.0,2.0,40.0,22.0,1.0,0.5,0.5
1974,2,231.0,-18.0,25.3,25.3,25.3,25.3,1.0,0.0,12.0,1.0,1.0,0.9,26.3,26.3,26.3,26.3,1.0,0.0,12.0,1.0,1.0,0.9,15.76,15.76,15.76,15.76,1.0,0.0,12.0,1.0,1.0,0.9,74.5,74.5,74.5,74.5,1.0,0.0,12.0,1.0,0.9,6.2,6.2,6.2,6.2,1.0,0.0,12.0,1.0,1.0,0.9,-6.11,-6.11,-6.11,-6.11,1.0,0.0,12.0,1.0,1.0,0.9,1.08,1.08,1.08,1.08,1.0,0.0,12.0,1.0,1.0,0.9,1020.0,1020.0,1020.0,1020.0,1.0,0.0,12.0,1.0,1.0,0.9,4.0,4.0,4.0,4.0,1.0,0.0,12.0,1.0,1.0,0.9,-37.9,-37.9,-37.9,-37.9,1.0,0.0,12.0,1.0,1.0,0.9,6.7,6.7,6.7,6.7,1.0,0.0,12.0,1.0,1.0,0.9,-1.0,-1.0,-1.0,-1.0,1.0,0.0,12.0,1.0,1.0,0.9,-6.2,-6.2,-6.2,-6.2,1.0,0.0,12.0,1.0,1.0,0.9,4.24,4.24,4.24,4.24,1.0,0.0,12.0,1.0,1.0,0.9,26.3,26.3,26.3,26.3,1.0,0.0,12.0,1.0,1.0,0.9,-160.6,-160.6,-160.6,-160.6,1.0,0.0,12.0,1.0,1.0,0.9,28.3,28.3,28.3,28.3,1.0,0.0,12.0,1.0,1.0,0.9,-96.2,-96.2,-96.2,-96.2,1.0,0.0,12.0,1.0,1.0,0.9,17.0,17.0,17.0,17.0,1.0,0.0,12.0,1.0,1.0,0.9,-25.9,-25.9,-25.9,-25.9,1.0,0.0,12.0,1.0,1.0,0.9,4.6,4.6,4.6,4.6,1.0,0.0,12.0,1.0,1.0,0.9,238.5,238.5,238.5,238.5,1.0,0.0,12.0,1.0,1.0,0.9,240.0,240.0,240.0,240.0,1.0,0.0,12.0,1.0,1.0,0.9
1974,2,231.0,-13.0,,,,,,,,,,,,,,,,,,,,,,,,,,,,,,,,,,,,,,,,,,,,,,,,,,,,,,,,,,,,,,,,,,,,,,,,,,,,,,,,4.0,4.0,4.0,4.0,1.0,0.0,12.0,1.0,1.0,0.9,-37.9,-37.9,-37.9,-37.9,1.0,0.0,12.0,1.0,1.0,0.9,6.7,6.7,6.7,6.7,1.0,0.0,12.0,1.0,1.0,0.9,,,,,,,,,,,,,,,,,,,,,,,,,,,,,,,,,,,,,,,,,,,,,,,,,,,,,,,,,,,,,,,,,,,,,,,,,,,,,,,,,,,,,,,,,,,,,,,,,,,,,,,,,,,,,,,,,,,,,,,,
1974,2,231.0,-10.0,25.83,25.9,25.97,25.9,2.0,0.14,12.0,0.5,0.4,0.3,24.96,25.3,25.64,25.3,2.0,0.71,12.0,0.5,0.4,0.3,15.04,15.34,15.64,15.34,2.0,0.62,12.0,0.5,0.4,0.3,73.5,76.5,79.5,76.5,2.0,6.2,12.0,0.5,0.3,5.59,6.65,7.71,6.65,2.0,2.19,12.0,0.5,0.4,0.3,-7.52,-6.05,-4.59,-6.05,2.0,3.04,12.0,0.5,0.4,0.3,0.52,1.64,2.76,1.64,2.0,2.32,12.0,0.5,0.4,0.3,1012.87,1013.25,1013.63,1013.25,2.0,0.78,12.0,0.5,0.4,0.3,1.0,1.0,1.0,1.0,2.0,0.0,12.0,0.5,0.4,0.3,-59.7,-43.6,-27.4,-43.6,2.0,33.5,12.0,0.5,0.4,0.3,2.7,8.4,14.1,8.4,2.0,11.8,12.0,0.5,0.4,0.3,0.33,0.6,0.87,0.6,2.0,0.57,12.0,0.5,0.4,0.3,2.2,4.6,7.1,4.6,2.0,5.1,12.0,0.5,0.4,0.3,5.16,5.54,5.91,5.54,2.0,0.78,12.0,0.5,0.4,0.3,32.6,36.0,39.3,36.0,2.0,7.0,12.0,0.5,0.4,0.3,-187.1,-152.1,-117.1,-152.1,2.0,72.5,12.0,0.5,0.4,0.3,13.4,42.3,71.2,42.3,2.0,59.8,12.0,0.5,0.4,0.3,-118.1,-93.8,-69.5,-93.8,2.0,50.3,12.0,0.5,0.4,0.3,7.8,24.4,41.1,24.4,2.0,34.5,12.0,0.5,0.4,0.3,-38.2,-32.3,-26.5,-32.3,2.0,12.1,12.0,0.5,0.4,0.3,3.2,10.0,16.8,10.0,2.0,14.1,12.0,0.5,0.4,0.3,199.0,342.0,485.0,342.0,2.0,296.0,12.0,0.5,0.4,0.3,200.0,340.0,485.0,340.0,2.0,295.0,12.0,0.5,0.4,0.3
1974,2,231.0,-9.0,26.5,26.5,26.5,26.5,1.0,0.0,6.0,1.0,0.8,0.2,26.8,26.8,26.8,26.8,1.0,0.0,6.0,1.0,0.8,0.2,16.35,16.35,16.35,16.35,1.0,0.0,6.0,1.0,0.8,0.2,74.5,74.5,74.5,74.5,1.0,0.0,6.0,1.0,0.2,4.1,4.1,4.1,4.1,1.0,0.0,6.0,1.0,0.8,0.2,-3.14,-3.14,-3.14,-3.14,1.0,0.0,6.0,1.0,0.8,0.2,2.64,2.64,2.64,2.64,1.0,0.0,6.0,1.0,0.8,0.2,1013.7,1013.7,1013.7,1013.7,1.0,0.0,6.0,1.0,0.8,0.2,2.0,2.0,2.0,2.0,1.0,0.0,6.0,1.0,0.8,0.2,-12.9,-12.9,-12.9,-12.9,1.0,0.0,6.0,1.0,0.8,0.2,10.8,10.8,10.8,10.8,1.0,0.0,6.0,1.0,0.8,0.2,-0.3,-0.3,-0.3,-0.3,1.0,0.0,6.0,1.0,0.8,0.2,-1.2,-1.2,-1.2,-1.2,1.0,0.0,6.0,1.0,0.8,0.2,5.27,5.27,5.27,5.27,1.0,0.0,6.0,1.0,0.8,0.2,21.6,21.6,21.6,21.6,1.0,0.0,6.0,1.0,0.8,0.2,-84.2,-84.2,-84.2,-84.2,1.0,0.0,6.0,1.0,0.8,0.2,70.6,70.6,70.6,70.6,1.0,0.0,6.0,1.0,0.8,0.2,-51.4,-51.4,-51.4,-51.4,1.0,0.0,6.0,1.0,0.8,0.2,43.1,43.1,43.1,43.1,1.0,0.0,6.0,1.0,0.8,0.2,-16.6,-16.6,-16.6,-16.6,1.0,0.0,6.0,1.0,0.8,0.2,13.9,13.9,13.9,13.9,1.0,0.0,6.0,1.0,0.8,0.2,69.0,69.0,69.0,69.0,1.0,0.0,6.0,1.0,0.8,0.2,70.0,70.0,70.0,70.0,1.0,0.0,6.0,1.0,0.8,0.2
1974,2,231.0,-8.0,25.13,25.4,25.67,25.4,2.0,0.57,12.0,0.0,0.3,0.5,24.54,24.85,25.16,24.85,2.0,0.64,12.0,0.0,0.3,0.5,16.73,17.28,17.82,17.28,2.0,1.14,12.0,0.0,0.3,0.5,84.0,88.3,92.7,88.3,2.0,9.0,12.0,0.0,0.5,4.68,4.85,5.02,4.85,2.0,0.35,12.0,0.0,0.3,0.5,-4.39,-3.94,-3.49,-3.94,2.0,0.93,12.0,0.0,0.3,0.5,0.62,1.95,3.29,1.95,2.0,2.76,12.0,0.0,0.3,0.5,1011.76,1012.1,1012.44,1012.1,2.0,0.71,12.0,0.0,0.3,0.5,1.3,4.0,6.7,4.0,2.0,5.7,12.0,0.0,0.3,0.5,-20.5,-18.9,-17.4,-18.9,2.0,3.1,12.0,0.0,0.3,0.5,3.2,10.0,16.8,10.0,2.0,14.1,12.0,0.0,0.3,0.5,0.52,0.55,0.58,0.55,2.0,0.07,12.0,0.0,0.3,0.5,2.4,2.7,2.9,2.7,2.0,0.5,12.0,0.0,0.3,0.5,2.13,3.01,3.88,3.01,2.0,1.81,12.0,0.0,0.3,0.5,10.5,14.3,18.0,14.3,2.0,7.7,12.0,0.0,0.3,0.5,-110.6,-98.2,-85.8,-98.2,2.0,25.7,12.0,0.0,0.3,0.5,15.1,47.7,80.2,47.7,2.0,67.4,12.0,0.0,0.3,0.5,-73.2,-67.5,-61.9,-67.5,2.0,11.7,12.0,0.0,0.3,0.5,11.2,35.3,59.4,35.3,2.0,49.9,12.0,0.0,0.3,0.5,-17.5,-12.7,-7.9,-12.7,2.0,9.9,12.0,0.0,0.3,0.5,1.1,3.4,5.7,3.4,2.0,4.8,12.0,0.0,0.3,0.5,103.0,115.0,127.0,115.0,2.0,25.0,12.0,0.0,0.3,0.5,105.0,115.0,125.0,115.0,2.0,25.0,12.0,0.0,0.3,0.5
1974,2,231.0,-7.0,25.7,26.0,26.04,25.9,5.0,0.19,26.0,0.6,0.6,0.3,25.46,25.5,27.39,26.28,5.0,1.15,26.0,0.6,0.6,0.3,16.93,17.24,17.38,17.15,5.0,0.33,26.0,0.6,0.6,0.3,74.9,84.0,85.1,80.5,5.0,6.4,26.0,0.6,0.3,8.0,8.2,9.0,8.44,5.0,0.52,26.0,0.6,0.6,0.3,-8.61,-7.1,-6.64,-7.5,5.0,1.13,26.0,0.6,0.6,0.3,2.52,4.0,4.48,3.58,5.0,1.34,26.0,0.6,0.6,0.3,1010.0,1010.7,1011.07,1010.58,5.0,0.56,26.0,0.6,0.6,0.3,1.6,6.0,6.7,4.6,5.0,3.0,26.0,0.6,0.6,0.3,-77.4,-58.2,-53.1,-63.7,5.0,13.5,26.0,0.6,0.6,0.3,22.7,32.0,36.4,29.7,5.0,10.0,26.0,0.6,0.6,0.3,-1.36,0.2,0.37,-0.38,5.0,1.01,26.0,0.6,0.6,0.3,-11.5,1.6,3.2,-3.3,5.0,8.9,26.0,0.6,0.6,0.3,3.43,3.71,4.1,3.78,5.0,0.5,26.0,0.6,0.6,0.3,27.9,29.7,36.9,32.0,5.0,5.9,26.0,0.6,0.6,0.3,-227.2,-181.1,-172.4,-197.2,5.0,33.6,26.0,0.6,0.6,0.3,65.8,101.6,117.3,93.5,5.0,35.4,26.0,0.6,0.6,0.3,-146.3,-121.6,-115.6,-128.3,5.0,17.7,26.0,0.6,0.6,0.3,43.2,69.8,77.1,61.6,5.0,23.7,26.0,0.6,0.6,0.3,-35.3,-25.2,-22.6,-28.6,5.0,7.7,26.0,0.6,0.6,0.3,10.1,12.9,16.2,13.1,5.0,4.3,26.0,0.6,0.6,0.3,512.0,551.5,729.0,606.5,5.0,113.0,26.0,0.6,0.6,0.3,510.0,550.0,730.0,605.0,5.0,115.0,26.0,0.6,0.6,0.3
1974,2,231.0,-6.0,26.0,26.0,26.0,26.0,1.0,0.0,10.0,0.0,0.6,0.1,25.0,25.0,25.0,25.0,1.0,0.0,10.0,0.0,0.6,0.1,15.87,15.87,15.87,15.87,1.0,0.0,10.0,0.0,0.6,0.1,80.4,80.4,80.4,80.4,1.0,0.0,10.0,0.0,0.1,6.2,6.2,6.2,6.2,1.0,0.0,10.0,0.0,0.6,0.1,-5.83,-5.83,-5.83,-5.83,1.0,0.0,10.0,0.0,0.6,0.1,-2.12,-2.12,-2.12,-2.12,1.0,0.0,10.0,0.0,0.6,0.1,1013.0,1013.0,1013.0,1013.0,1.0,0.0,10.0,0.0,0.6,0.1,3.0,3.0,3.0,3.0,1.0,0.0,10.0,0.0,0.6,0.1,-36.1,-36.1,-36.1,-36.1,1.0,0.0,10.0,0.0,0.6,0.1,-13.1,-13.1,-13.1,-13.1,1.0,0.0,10.0,0.0,0.6,0.1,1.0,1.0,1.0,1.0,1.0,0.0,10.0,0.0,0.6,0.1,6.2,6.2,6.2,6.2,1.0,0.0,10.0,0.0,0.6,0.1,5.14,5.14,5.14,5.14,1.0,0.0,10.0,0.0,0.6,0.1,31.8,31.8,31.8,31.8,1.0,0.0,10.0,0.0,0.6,0.1,-145.7,-145.7,-145.7,-145.7,1.0,0.0,10.0,0.0,0.6,0.1,-53.0,-53.0,-53.0,-53.0,1.0,0.0,10.0,0.0,0.6,0.1,-92.4,-92.4,-92.4,-92.4,1.0,0.0,10.0,0.0,0.6,0.1,-33.6,-33.6,-33.6,-33.6,1.0,0.0,10.0,0.0,0.6,0.1,-29.9,-29.9,-29.9,-29.9,1.0,0.0,10.0,0.0,0.6,0.1,-10.9,-10.9,-10.9,-10.9,1.0,0.0,10.0,0.0,0.6,0.1,238.5,238.5,238.5,238.5,1.0,0.0,10.0,0.0,0.6,0.1,240.0,240.0,240.0,240.0,1.0,0.0,10.0,0.0,0.6,0.1
1974,2,231.0,-5.0,25.0,25.0,25.0,25.0,1.0,0.0,6.0,1.0,1.0,0.2,28.5,28.5,28.5,28.5,1.0,0.0,6.0,1.0,1.0,0.2,19.37,19.37,19.37,19.37,1.0,0.0,6.0,1.0,1.0,0.2,79.4,79.4,79.4,79.4,1.0,0.0,6.0,1.0,0.2,7.7,7.7,7.7,7.7,1.0,0.0,6.0,1.0,1.0,0.2,-7.58,-7.58,-7.58,-7.58,1.0,0.0,6.0,1.0,1.0,0.2,1.34,1.34,1.34,1.34,1.0,0.0,6.0,1.0,1.0,0.2,1009.6,1009.6,1009.6,1009.6,1.0,0.0,6.0,1.0,1.0,0.2,1.0,1.0,1.0,1.0,1.0,0.0,6.0,1.0,1.0,0.2,-58.4,-58.4,-58.4,-58.4,1.0,0.0,6.0,1.0,1.0,0.2,10.3,10.3,10.3,10.3,1.0,0.0,6.0,1.0,1.0,0.2,-3.5,-3.5,-3.5,-3.5,1.0,0.0,6.0,1.0,1.0,0.2,-26.9,-26.9,-26.9,-26.9,1.0,0.0,6.0,1.0,1.0,0.2,0.47,0.47,0.47,0.47,1.0,0.0,6.0,1.0,1.0,0.2,3.7,3.7,3.7,3.7,1.0,0.0,6.0,1.0,1.0,0.2,-216.1,-216.1,-216.1,-216.1,1.0,0.0,6.0,1.0,1.0,0.2,38.1,38.1,38.1,38.1,1.0,0.0,6.0,1.0,1.0,0.2,-146.9,-146.9,-146.9,-146.9,1.0,0.0,6.0,1.0,1.0,0.2,25.9,25.9,25.9,25.9,1.0,0.0,6.0,1.0,1.0,0.2,-3.6,-3.6,-3.6,-3.6,1.0,0.0,6.0,1.0,1.0,0.2,0.6,0.6,0.6,0.6,1.0,0.0,6.0,1.0,1.0,0.2,456.5,456.5,456.5,456.5,1.0,0.0,6.0,1.0,1.0,0.2,455.0,455.0,455.0,455.0,1.0,0.0,6.0,1.0,1.0,0.2
1974,2,231.0,-4.0,24.5,24.5,24.5,24.5,1.0,0.0,4.0,1.0,0.8,0.3,25.4,25.4,25.4,25.4,1.0,0.0,4.0,1.0,0.8,0.3,13.71,13.71,13.71,13.71,1.0,0.0,4.0,1.0,0.8,0.3,67.7,67.7,67.7,67.7,1.0,0.0,4.0,1.0,0.3,2.6,2.6,2.6,2.6,1.0,0.0,4.0,1.0,0.8,0.3,-2.56,-2.56,-2.56,-2.56,1.0,0.0,4.0,1.0,0.8,0.3,0.45,0.45,0.45,0.45,1.0,0.0,4.0,1.0,0.8,0.3,1009.4,1009.4,1009.4,1009.4,1.0,0.0,4.0,1.0,0.8,0.3,1.0,1.0,1.0,1.0,1.0,0.0,4.0,1.0,0.8,0.3,-6.7,-6.7,-6.7,-6.7,1.0,0.0,4.0,1.0,0.8,0.3,1.2,1.2,1.2,1.2,1.0,0.0,4.0,1.0,0.8,0.3,-0.9,-0.9,-0.9,-0.9,1.0,0.0,4.0,1.0,0.8,0.3,-2.3,-2.3,-2.3,-2.3,1.0,0.0,4.0,1.0,0.8,0.3,5.55,5.55,5.55,5.55,1.0,0.0,4.0,1.0,0.8,0.3,14.4,14.4,14.4,14.4,1.0,0.0,4.0,1.0,0.8,0.3,-65.0,-65.0,-65.0,-65.0,1.0,0.0,4.0,1.0,0.8,0.3,11.5,11.5,11.5,11.5,1.0,0.0,4.0,1.0,0.8,0.3,-35.1,-35.1,-35.1,-35.1,1.0,0.0,4.0,1.0,0.8,0.3,6.2,6.2,6.2,6.2,1.0,0.0,4.0,1.0,0.8,0.3,-14.2,-14.2,-14.2,-14.2,1.0,0.0,4.0,1.0,0.8,0.3,2.5,2.5,2.5,2.5,1.0,0.0,4.0,1.0,0.8,0.3,17.5,17.5,17.5,17.5,1.0,0.0,4.0,1.0,0.8,0.3,20.0,20.0,20.0,20.0,1.0,0.0,4.0,1.0,0.8,0.3
1974,2,231.0,-3.0,24.5,24.5,24.5,24.5,1.0,0.0,22.0,0.0,0.8,0.8,24.5,24.5,24.5,24.5,1.0,0.0,22.0,0.0,0.8,0.8,16.32,16.32,16.32,16.32,1.0,0.0,22.0,0.0,0.8,0.8,84.9,84.9,84.9,84.9,1.0,0.0,22.0,0.0,0.8,5.7,5.7,5.7,5.7,1.0,0.0,22.0,0.0,0.8,0.8,-5.61,-5.61,-5.61,-5.61,1.0,0.0,22.0,0.0,0.8,0.8,-0.99,-0.99,-0.99,-0.99,1.0,0.0,22.0,0.0,0.8,0.8,1009.5,1009.5,1009.5,1009.5,1.0,0.0,22.0,0.0,0.8,0.8,2.0,2.0,2.0,2.0,1.0,0.0,22.0,0.0,0.8,0.8,-32.0,-32.0,-32.0,-32.0,1.0,0.0,22.0,0.0,0.8,0.8,-5.6,-5.6,-5.6,-5.6,1.0,0.0,22.0,0.0,0.8,0.8,0.0,0.0,0.0,0.0,1.0,0.0,22.0,0.0,0.8,0.8,0.0,0.0,0.0,0.0,1.0,0.0,22.0,0.0,0.8,0.8,2.93,2.93,2.93,2.93,1.0,0.0,22.0,0.0,0.8,0.8,16.7,16.7,16.7,16.7,1.0,0.0,22.0,0.0,0.8,0.8,-137.5,-137.5,-137.5,-137.5,1.0,0.0,22.0,0.0,0.8,0.8,-24.2,-24.2,-24.2,-24.2,1.0,0.0,22.0,0.0,0.8,0.8,-91.6,-91.6,-91.6,-91.6,1.0,0.0,22.0,0.0,0.8,0.8,-16.2,-16.2,-16.2,-16.2,1.0,0.0,22.0,0.0,0.8,0.8,-16.5,-16.5,-16.5,-16.5,1.0,0.0,22.0,0.0,0.8,0.8,-2.9,-2.9,-2.9,-2.9,1.0,0.0,22.0,0.0,0.8,0.8,185.0,185.0,185.0,185.0,1.0,0.0,22.0,0.0,0.8,0.8,185.0,185.0,185.0,185.0,1.0,0.0,22.0,0.0,0.8,0.8
1974,2,231.0,7.0,26.4,27.05,27.7,27.05,2.0,1.34,16.0,0.5,0.8,0.4,26.16,26.5,26.84,26.5,2.0,0.71,16.0,0.5,0.8,0.4,16.73,17.45,18.17,17.45,2.0,1.5,16.0,0.5,0.8,0.4,76.0,80.9,85.9,80.9,2.0,10.3,16.0,0.5,0.4,7.69,8.75,9.81,8.75,2.0,2.19,16.0,0.5,0.8,0.4,-7.71,-7.33,-6.94,-7.33,2.0,0.8,16.0,0.5,0.8,0.4,-5.96,-4.54,-3.12,-4.54,2.0,2.94,16.0,0.5,0.8,0.4,1011.49,1011.9,1012.31,1011.9,2.0,0.85,16.0,0.5,0.8,0.4,3.0,5.0,7.0,5.0,2.0,4.2,16.0,0.5,0.8,0.4,-76.1,-65.0,-53.9,-65.0,2.0,23.0,16.0,0.5,0.8,0.4,-60.2,-43.0,-25.7,-43.0,2.0,35.7,16.0,0.5,0.8,0.4,-0.44,0.55,1.54,0.55,2.0,2.05,16.0,0.5,0.8,0.4,-5.5,2.6,10.6,2.6,2.0,16.7,16.0,0.5,0.8,0.4,4.84,4.97,5.1,4.97,2.0,0.28,16.0,0.5,0.8,0.4,39.1,43.2,47.3,43.2,2.0,8.5,16.0,0.5,0.8,0.4,-207.1,-194.5,-181.8,-194.5,2.0,26.3,16.0,0.5,0.8,0.4,-160.6,-121.4,-82.2,-121.4,2.0,81.1,16.0,0.5,0.8,0.4,-128.7,-127.3,-125.9,-127.3,2.0,2.9,16.0,0.5,0.8,0.4,-98.5,-77.1,-55.6,-77.1,2.0,44.5,16.0,0.5,0.8,0.4,-37.2,-36.3,-35.4,-36.3,2.0,1.9,16.0,0.5,0.8,0.4,-28.6,-22.2,-15.7,-22.2,2.0,13.3,16.0,0.5,0.8,0.4,487.5,733.0,978.5,733.0,2.0,508.5,16.0,0.5,0.8,0.4,485.0,735.0,980.0,735.0,2.0,510.0,16.0,0.5,0.8,0.4
1974,2,231.0,13.0,24.0,24.0,24.68,24.33,3.0,0.58,24.0,1.0,0.5,0.5,22.66,23.0,23.27,22.97,3.0,0.45,24.0,1.0,0.5,0.5,12.95,13.24,13.54,13.24,2.0,0.61,20.0,1.0,0.6,0.5,76.1,76.9,77.8,76.9,2.0,1.8,20.0,1.0,0.5,4.49,7.7,8.79,6.67,3.0,3.27,24.0,1.0,0.5,0.5,-6.84,-5.98,-3.95,-5.4,3.0,2.18,24.0,1.0,0.5,0.5,-5.7,-2.63,-0.84,-3.25,3.0,3.6,24.0,1.0,0.5,0.5,1012.36,1014.0,1015.09,1013.73,3.0,2.01,24.0,1.0,0.5,0.5,4.6,6.0,7.4,6.0,3.0,2.0,24.0,1.0,0.5,0.5,-55.7,-55.6,-23.8,-40.1,3.0,26.9,24.0,1.0,0.5,0.5,-51.7,-20.3,-6.4,-28.8,3.0,33.9,24.0,1.0,0.5,0.5,1.16,1.5,1.57,1.37,3.0,0.32,24.0,1.0,0.5,0.5,5.7,7.7,12.0,8.8,3.0,4.7,24.0,1.0,0.5,0.5,5.09,5.37,5.65,5.37,2.0,0.58,20.0,1.0,0.6,0.5,40.7,46.0,51.3,46.0,2.0,11.0,20.0,1.0,0.6,0.5,-156.3,-134.5,-90.6,-123.7,3.0,49.0,24.0,1.0,0.5,0.5,-128.6,-60.6,-19.2,-73.6,3.0,80.9,24.0,1.0,0.5,0.5,-95.4,-87.8,-80.1,-87.8,2.0,15.8,20.0,1.0,0.6,0.5,-82.5,-63.6,-44.8,-63.6,2.0,39.1,20.0,1.0,0.6,0.5,-35.7,-35.2,-34.8,-35.2,2.0,0.9,20.0,1.0,0.6,0.5,-36.7,-27.1,-17.5,-27.1,2.0,19.9,20.0,1.0,0.6,0.5,163.5,456.5,694.0,429.5,3.0,389.5,24.0,1.0,0.5,0.5,165.0,455.0,695.0,430.0,3.0,390.0,24.0,1.0,0.5,0.5
1974,2,231.0,15.0,23.65,24.2,24.75,24.2,2.0,1.13,18.0,0.0,0.5,0.5,20.46,21.45,22.44,21.45,2.0,2.05,18.0,0.0,0.5,0.5,13.82,15.05,16.27,15.05,2.0,2.54,18.0,0.0,0.5,0.5,92.0,94.0,96.1,94.0,2.0,4.2,18.0,0.0,0.5,5.09,6.15,7.21,6.15,2.0,2.19,18.0,0.0,0.5,0.5,-6.3,-5.5,-4.69,-5.5,2.0,1.66,18.0,0.0,0.5,0.5,-3.49,-2.71,-1.93,-2.71,2.0,1.61,18.0,0.0,0.5,0.5,1012.32,1013.45,1014.58,1013.45,2.0,2.33,18.0,0.0,0.5,0.5,7.2,7.5,7.8,7.5,2.0,0.7,18.0,0.0,0.5,0.5,-46.4,-35.6,-24.9,-35.6,2.0,22.2,18.0,0.0,0.5,0.5,-26.1,-18.4,-10.8,-18.4,2.0,15.8,18.0,0.0,0.5,0.5,1.21,2.75,4.29,2.75,2.0,3.18,18.0,0.0,0.5,0.5,8.0,20.4,32.8,20.4,2.0,25.6,18.0,0.0,0.5,0.5,1.93,3.81,5.68,3.81,2.0,3.88,18.0,0.0,0.5,0.5,12.1,27.7,43.2,27.7,2.0,32.2,18.0,0.0,0.5,0.5,-127.9,-116.2,-104.4,-116.2,2.0,24.3,18.0,0.0,0.5,0.5,-70.5,-56.5,-42.5,-56.5,2.0,29.0,18.0,0.0,0.5,0.5,-85.9,-80.6,-75.3,-80.6,2.0,11.0,18.0,0.0,0.5,0.5,-47.1,-38.8,-30.4,-38.8,2.0,17.3,18.0,0.0,0.5,0.5,-37.5,-24.1,-10.8,-24.1,2.0,27.6,18.0,0.0,0.5,0.5,-21.5,-13.4,-5.4,-13.4,2.0,16.6,18.0,0.0,0.5,0.5,154.5,277.0,399.5,277.0,2.0,254.0,18.0,0.0,0.5,0.5,155.0,275.0,400.0,275.0,2.0,255.0,18.0,0.0,0.5,0.5
1974,2,231.0,16.0,22.32,23.15,23.67,23.0,4.0,0.96,18.0,1.0,0.5,0.7,20.77,22.2,22.75,21.82,5.0,1.15,14.0,1.0,0.5,0.7,11.81,13.37,13.78,12.82,4.0,1.51,14.0,1.0,0.5,0.7,76.1,81.1,83.7,80.0,4.0,5.4,14.0,1.0,0.7,6.2,10.3,10.48,8.76,5.0,2.35,14.0,1.0,0.5,0.7,-7.94,-5.83,-5.0,-6.47,5.0,1.98,14.0,1.0,0.5,0.7,-8.51,-3.99,-3.01,-5.36,5.0,3.04,14.0,1.0,0.5,0.7,1016.88,1017.7,1019.43,1018.14,5.0,1.65,14.0,1.0,0.5,0.7,4.0,4.5,5.5,4.8,4.0,1.0,14.0,1.0,0.6,0.8,-84.0,-53.0,-33.7,-58.7,5.0,28.9,14.0,1.0,0.5,0.7,-90.3,-36.3,-20.5,-51.1,5.0,37.0,14.0,1.0,0.5,0.7,-0.07,0.7,1.63,0.78,4.0,1.13,18.0,1.0,0.5,0.7,0.4,7.3,16.8,8.5,4.0,10.9,18.0,1.0,0.5,0.7,3.15,4.56,4.58,3.88,3.0,1.2,18.0,1.0,0.4,0.6,25.5,47.0,47.2,36.6,3.0,18.3,18.0,1.0,0.4,0.6,-180.9,-117.7,-107.5,-142.3,5.0,49.4,14.0,1.0,0.5,0.7,-187.4,-88.5,-67.1,-117.5,5.0,66.3,14.0,1.0,0.5,0.7,-102.9,-66.1,-63.1,-82.3,4.0,35.2,14.0,1.0,0.5,0.7,-87.2,-51.7,-35.2,-60.7,4.0,40.1,14.0,1.0,0.5,0.7,-37.7,-23.5,-15.6,-26.6,3.0,16.5,18.0,1.0,0.4,0.6,-32.9,-16.1,-11.9,-22.3,3.0,16.3,18.0,1.0,0.4,0.6,238.5,1092.5,1153.5,784.5,5.0,503.0,14.0,1.0,0.5,0.7,240.0,1095.0,1155.0,785.0,5.0,505.0,14.0,1.0,0.5,0.7
1974,2,231.0,17.0,21.57,23.05,24.48,23.03,4.0,1.77,16.0,0.8,0.8,0.4,20.32,20.6,21.75,20.94,5.0,0.83,16.0,0.8,0.8,0.5,8.79,10.56,12.2,10.5,4.0,2.23,16.0,0.8,0.8,0.4,60.0,68.4,79.2,69.6,4.0,13.6,16.0,0.8,0.4,7.47,8.7,11.03,9.14,5.0,2.29,16.0,0.8,0.8,0.5,-10.37,-7.53,-2.99,-6.94,5.0,3.91,16.0,0.8,0.8,0.5,-6.22,-4.35,-3.96,-5.03,5.0,1.63,16.0,0.8,0.8,0.5,1014.78,1017.5,1021.43,1017.9,5.0,4.34,16.0,0.8,0.8,0.5,4.4,7.5,8.0,6.3,4.0,2.9,16.0,0.8,0.8,0.4,-115.2,-65.5,-21.6,-69.9,5.0,52.2,16.0,0.8,0.8,0.5,-55.9,-37.8,-35.2,-44.5,5.0,12.6,16.0,0.8,0.8,0.5,0.73,2.75,3.93,2.35,4.0,2.18,16.0,0.8,0.8,0.4,5.4,19.3,30.3,17.9,4.0,18.6,16.0,0.8,0.8,0.4,5.38,7.58,8.6,7.02,4.0,2.09,16.0,0.8,0.8,0.4,47.4,55.4,65.4,56.4,4.0,12.0,16.0,0.8,0.8,0.4,-225.6,-154.5,-61.0,-147.6,5.0,87.5,16.0,0.8,0.8,0.5,-126.5,-92.6,-84.4,-104.5,5.0,30.3,16.0,0.8,0.8,0.5,-103.9,-64.6,-26.0,-65.0,4.0,45.0,16.0,0.8,0.8,0.4,-58.6,-55.0,-46.0,-52.4,4.0,9.0,16.0,0.8,0.8,0.4,-45.7,-33.3,-25.3,-35.4,4.0,12.4,16.0,0.8,0.8,0.4,-56.9,-37.3,-21.6,-39.1,4.0,22.6,16.0,0.8,0.8,0.4,437.0,658.5,1373.5,880.5,5.0,627.5,16.0,0.8,0.8,0.5,435.0,660.0,1375.0,880.0,5.0,630.0,16.0,0.8,0.8,0.5
1974,2,231.0,18.0,21.66,22.0,22.2,21.93,3.0,0.4,10.0,0.3,0.3,0.4,20.0,20.0,20.82,20.4,3.0,0.69,10.0,0.3,0.3,0.4,10.34,11.88,13.12,11.73,3.0,2.04,10.0,0.3,0.3,0.4,69.7,76.5,88.4,79.0,3.0,13.9,10.0,0.3,0.4,4.93,6.7,7.04,6.0,3.0,1.66,10.0,0.3,0.3,0.4,-4.97,-4.63,-3.61,-4.3,3.0,1.04,10.0,0.3,0.3,0.4,-5.13,-4.31,-3.17,-4.15,3.0,1.45,10.0,0.3,0.3,0.4,1012.22,1017.0,1018.57,1015.43,3.0,4.84,10.0,0.3,0.3,0.4,4.0,6.0,6.7,5.3,3.0,2.1,10.0,0.3,0.3,0.4,-34.0,-33.3,-19.4,-26.9,3.0,12.1,10.0,0.3,0.3,0.4,-36.3,-28.9,-16.5,-26.5,3.0,14.6,10.0,0.3,0.3,0.4,1.23,1.5,1.84,1.53,3.0,0.45,10.0,0.3,0.3,0.4,6.5,10.8,12.6,9.6,3.0,4.6,10.0,0.3,0.3,0.4,3.44,4.79,5.81,4.63,3.0,1.74,10.0,0.3,0.3,0.4,19.1,19.6,37.1,27.9,3.0,15.0,10.0,0.3,0.3,0.4,-99.4,-92.6,-74.8,-87.3,3.0,18.6,10.0,0.3,0.3,0.4,-102.6,-86.1,-65.5,-84.1,3.0,27.3,10.0,0.3,0.3,0.4,-62.1,-44.5,-39.6,-50.7,3.0,17.4,10.0,0.3,0.3,0.4,-57.1,-53.1,-38.2,-47.8,3.0,14.6,10.0,0.3,0.3,0.4,-24.6,-15.0,-14.6,-19.5,3.0,8.3,10.0,0.3,0.3,0.4,-27.7,-12.6,-12.3,-19.8,3.0,12.9,10.0,0.3,0.3,0.4,142.5,301.0,350.0,247.5,3.0,159.0,10.0,0.3,0.3,0.4,145.0,300.0,350.0,250.0,3.0,160.0,10.0,0.3,0.3,0.4
1974,2,231.0,19.0,21.52,22.0,22.91,22.1,8.0,0.79,18.0,0.6,0.7,0.4,19.5,20.0,20.78,20.23,8.0,1.34,18.0,0.6,0.7,0.4,10.47,10.87,11.99,11.21,8.0,1.58,18.0,0.6,0.7,0.4,66.3,75.7,85.6,76.7,8.0,11.1,18.0,0.6,0.4,5.39,8.2,12.9,9.13,8.0,3.54,18.0,0.6,0.7,0.4,-12.43,-6.67,-3.75,-7.8,8.0,3.9,18.0,0.6,0.7,0.4,-6.24,-3.88,-3.06,-4.03,8.0,2.09,18.0,0.6,0.7,0.4,1017.34,1018.4,1018.59,1018.03,8.0,1.02,18.0,0.6,0.7,0.4,3.9,8.0,8.0,6.3,7.0,2.4,18.0,0.7,0.7,0.5,-163.9,-51.3,-20.3,-82.9,8.0,65.6,18.0,0.6,0.7,0.4,-61.0,-29.6,-14.3,-36.9,8.0,28.0,18.0,0.6,0.7,0.4,1.13,1.65,3.32,1.88,8.0,1.8,18.0,0.6,0.7,0.4,6.7,12.9,42.8,19.3,8.0,23.0,18.0,0.6,0.7,0.4,3.49,5.61,6.99,5.29,8.0,1.87,18.0,0.6,0.7,0.4,25.9,42.9,90.1,53.0,8.0,34.2,18.0,0.6,0.7,0.4,-246.7,-130.0,-79.4,-156.3,8.0,76.3,18.0,0.6,0.7,0.4,-115.7,-76.6,-63.0,-81.7,8.0,44.4,18.0,0.6,0.7,0.4,-119.5,-75.3,-52.4,-83.7,8.0,35.2,18.0,0.6,0.7,0.4,-66.8,-44.7,-40.7,-45.7,8.0,22.7,18.0,0.6,0.7,0.4,-88.9,-32.8,-17.5,-46.4,8.0,34.6,18.0,0.6,0.7,0.4,-33.5,-21.7,-7.0,-21.2,8.0,14.5,18.0,0.6,0.7,0.4,168.5,557.5,2146.5,1062.5,8.0,989.0,18.0,0.6,0.7,0.4,170.0,560.0,2145.0,1065.0,8.0,990.0,18.0,0.6,0.7,0.4
1974,2,231.0,20.0,19.97,22.0,24.05,21.93,7.0,2.02,16.0,0.6,0.6,0.4,19.09,20.0,21.07,20.23,8.0,1.81,16.0,0.6,0.6,0.5,9.15,10.67,12.0,10.77,6.0,1.79,18.0,0.7,0.6,0.4,67.3,68.9,79.4,73.2,6.0,11.5,18.0,0.7,0.4,6.85,8.45,10.61,8.38,6.0,2.79,18.0,0.7,0.6,0.5,-9.97,-7.42,-3.99,-7.21,6.0,3.02,18.0,0.7,0.6,0.5,-4.67,-3.69,-2.23,-3.48,6.0,2.48,18.0,0.7,0.6,0.5,1017.52,1019.0,1021.33,1019.03,7.0,2.09,16.0,0.6,0.6,0.4,7.1,8.0,8.0,7.6,8.0,0.7,16.0,0.6,0.6,0.5,-106.1,-61.2,-29.3,-66.6,6.0,43.5,18.0,0.7,0.6,0.5,-49.8,-33.0,-20.1,-32.6,6.0,20.8,18.0,0.7,0.6,0.5,-0.06,2.0,2.25,1.67,7.0,2.0,16.0,0.6,0.6,0.4,0.1,15.4,27.5,14.5,5.0,20.8,18.0,0.6,0.6,0.4,3.56,5.71,7.4,5.63,6.0,2.26,18.0,0.7,0.6,0.4,29.2,44.9,64.7,46.9,4.0,24.0,18.0,0.8,0.6,0.4,-208.6,-147.6,-76.5,-145.2,6.0,63.1,18.0,0.7,0.6,0.5,-91.9,-75.8,-44.2,-69.0,6.0,47.6,18.0,0.7,0.6,0.5,-97.7,-89.6,-61.5,-80.1,4.0,28.8,18.0,0.8,0.6,0.4,-59.7,-45.3,-34.5,-47.0,4.0,15.4,18.0,0.8,0.6,0.4,-55.7,-31.1,-21.2,-38.1,4.0,24.5,18.0,0.8,0.6,0.4,-35.6,-20.0,-11.7,-23.5,4.0,15.3,18.0,0.8,0.6,0.4,372.0,605.0,1206.5,741.5,6.0,555.5,18.0,0.7,0.6,0.5,370.0,605.0,1205.0,740.0,6.0,555.0,18.0,0.7,0.6,0.5
1974,2,231.0,22.0,19.0,19.85,21.28,20.37,6.0,1.85,20.0,0.7,0.5,0.3,18.0,18.4,19.94,19.32,6.0,2.47,20.0,0.7,0.5,0.3,9.2,9.35,9.87,9.58,6.0,0.85,20.0,0.7,0.5,0.3,64.3,72.4,73.5,69.5,6.0,5.7,20.0,0.7,0.3,6.56,8.5,9.8,7.98,6.0,2.2,20.0,0.7,0.5,0.3,-9.21,-6.74,-4.34,-6.61,6.0,2.45,20.0,0.7,0.5,0.3,-4.52,-3.35,-2.64,-3.94,6.0,2.06,20.0,0.7,0.5,0.3,1018.66,1020.35,1022.1,1020.4,6.0,1.66,20.0,0.7,0.5,0.3,6.8,7.5,8.0,7.3,6.0,0.8,20.0,0.7,0.5,0.3,-90.2,-50.3,-37.0,-56.2,6.0,30.0,20.0,0.7,0.5,0.3,-41.5,-29.4,-18.3,-32.9,6.0,22.2,20.0,0.7,0.5,0.3,0.71,1.2,1.56,1.05,6.0,0.77,20.0,0.7,0.5,0.3,7.4,10.3,13.2,9.3,6.0,5.6,20.0,0.7,0.5,0.3,4.23,5.05,6.14,5.27,6.0,1.15,20.0,0.7,0.5,0.3,32.6,41.4,44.6,40.4,6.0,8.7,20.0,0.7,0.5,0.3,-165.8,-124.1,-85.1,-123.9,6.0,38.4,20.0,0.7,0.5,0.3,-82.7,-62.2,-58.1,-75.1,6.0,37.8,20.0,0.7,0.5,0.3,-86.1,-63.5,-39.5,-62.5,6.0,21.9,20.0,0.7,0.5,0.3,-41.1,-31.3,-28.6,-36.9,6.0,16.6,20.0,0.7,0.5,0.3,-39.1,-33.9,-26.3,-32.7,6.0,7.4,20.0,0.7,0.5,0.3,-24.8,-15.6,-14.2,-20.9,6.0,13.0,20.0,0.7,0.5,0.3,310.5,630.5,941.0,597.5,6.0,354.5,20.0,0.7,0.5,0.3,310.0,630.0,940.0,600.0,6.0,355.0,20.0,0.7,0.5,0.3
1974,2,231.0,23.0,17.3,17.3,17.3,17.3,1.0,0.0,26.0,0.0,0.4,0.3,16.0,16.0,16.0,16.0,1.0,0.0,26.0,0.0,0.4,0.3,8.99,8.99,8.99,8.99,1.0,0.0,26.0,0.0,0.4,0.3,80.2,80.2,80.2,80.2,1.0,0.0,26.0,0.0,0.3,7.2,7.2,7.2,7.2,1.0,0.0,26.0,0.0,0.4,0.3,-4.63,-4.63,-4.63,-4.63,1.0,0.0,26.0,0.0,0.4,0.3,-5.52,-5.52,-5.52,-5.52,1.0,0.0,26.0,0.0,0.4,0.3,1019.3,1019.3,1019.3,1019.3,1.0,0.0,26.0,0.0,0.4,0.3,2.0,2.0,2.0,2.0,1.0,0.0,26.0,0.0,0.4,0.3,-33.3,-33.3,-33.3,-33.3,1.0,0.0,26.0,0.0,0.4,0.3,-39.7,-39.7,-39.7,-39.7,1.0,0.0,26.0,0.0,0.4,0.3,1.3,1.3,1.3,1.3,1.0,0.0,26.0,0.0,0.4,0.3,9.4,9.4,9.4,9.4,1.0,0.0,26.0,0.0,0.4,0.3,3.2,3.2,3.2,3.2,1.0,0.0,26.0,0.0,0.4,0.3,23.1,23.1,23.1,23.1,1.0,0.0,26.0,0.0,0.4,0.3,-74.0,-74.0,-74.0,-74.0,1.0,0.0,26.0,0.0,0.4,0.3,-88.2,-88.2,-88.2,-88.2,1.0,0.0,26.0,0.0,0.4,0.3,-41.6,-41.6,-41.6,-41.6,1.0,0.0,26.0,0.0,0.4,0.3,-49.6,-49.6,-49.6,-49.6,1.0,0.0,26.0,0.0,0.4,0.3,-14.8,-14.8,-14.8,-14.8,1.0,0.0,26.0,0.0,0.4,0.3,-17.7,-17.7,-17.7,-17.7,1.0,0.0,26.0,0.0,0.4,0.3,373.0,373.0,373.0,373.0,1.0,0.0,26.0,0.0,0.4,0.3,375.0,375.0,375.0,375.0,1.0,0.0,26.0,0.0,0.4,0.3
1974,2,231.0,24.0,18.59,19.0,19.58,19.0,7.0,1.38,10.0,0.7,0.4,0.4,18.0,18.6,19.08,18.73,7.0,0.95,10.0,0.7,0.4,0.4,8.81,9.92,10.3,9.61,7.0,0.88,10.0,0.7,0.4,0.4,64.2,75.1,81.0,72.5,7.0,8.6,10.0,0.7,0.4,4.45,5.1,8.76,6.1,7.0,2.97,10.0,0.7,0.4,0.4,-8.75,-4.79,-4.38,-5.73,7.0,2.84,10.0,0.7,0.4,0.4,-1.91,-0.51,0.8,-1.1,7.0,2.12,10.0,0.7,0.4,0.4,1018.98,1021.0,1021.71,1020.5,7.0,1.33,10.0,0.7,0.4,0.4,3.0,5.0,8.0,5.4,7.0,2.4,10.0,0.7,0.4,0.4,-76.8,-24.4,-19.9,-42.0,7.0,34.7,10.0,0.7,0.4,0.4,-18.6,-0.8,3.7,-9.0,7.0,16.9,10.0,0.7,0.4,0.4,-0.07,0.6,0.91,0.27,7.0,0.89,10.0,0.7,0.4,0.4,-0.6,3.7,5.0,0.8,7.0,6.5,10.0,0.7,0.4,0.4,2.91,4.09,5.53,3.99,7.0,1.77,10.0,0.7,0.4,0.4,10.7,18.8,43.9,24.9,7.0,18.3,10.0,0.7,0.4,0.4,-158.1,-86.3,-78.5,-107.4,7.0,53.9,10.0,0.7,0.4,0.4,-36.6,-9.7,14.3,-21.9,7.0,42.8,10.0,0.7,0.4,0.4,-89.5,-46.3,-38.1,-54.5,7.0,27.4,10.0,0.7,0.4,0.4,-17.5,-5.4,7.9,-9.5,7.0,19.0,10.0,0.7,0.4,0.4,-42.0,-18.5,-10.7,-22.7,7.0,15.1,10.0,0.7,0.4,0.4,-10.8,-1.5,2.5,-6.9,7.0,13.4,10.0,0.7,0.4,0.4,93.0,132.5,675.0,363.0,7.0,377.0,10.0,0.7,0.4,0.4,95.0,135.0,675.0,365.0,7.0,375.0,10.0,0.7,0.4,0.4
1974,2,231.0,25.0,18.21,19.5,20.52,19.38,4.0,1.49,6.0,0.5,0.4,0.6,16.45,16.75,17.42,16.93,4.0,0.64,6.0,0.5,0.4,0.6,9.21,9.9,10.56,9.89,4.0,0.78,6.0,0.5,0.4,0.6,78.7,83.3,88.5,83.6,4.0,6.4,6.0,0.5,0.6,4.1,4.1,5.99,5.0,4.0,1.8,6.0,0.5,0.4,0.6,-5.66,-3.35,-2.88,-4.23,4.0,2.27,6.0,0.5,0.4,0.6,-2.9,-2.34,-1.68,-2.29,4.0,0.78,6.0,0.5,0.4,0.6,1022.93,1025.2,1025.95,1024.48,4.0,2.1,6.0,0.5,0.4,0.6,1.0,5.0,8.0,4.5,4.0,4.1,6.0,0.5,0.4,0.6,-37.5,-13.7,-11.8,-24.2,4.0,22.9,6.0,0.5,0.4,0.6,-11.9,-10.6,-9.3,-10.6,4.0,1.8,6.0,0.5,0.4,0.6,1.1,2.4,3.81,2.45,4.0,1.57,6.0,0.5,0.4,0.6,4.5,9.8,23.2,13.6,4.0,12.4,6.0,0.5,0.4,0.6,2.87,3.42,5.15,3.98,4.0,1.6,6.0,0.5,0.4,0.6,11.8,14.0,32.9,22.0,4.0,17.6,6.0,0.5,0.4,0.6,-95.4,-57.2,-49.3,-71.7,4.0,38.8,6.0,0.5,0.4,0.6,-49.3,-40.4,-28.0,-38.7,4.0,13.0,6.0,0.5,0.4,0.6,-52.0,-33.3,-30.2,-40.8,4.0,18.9,6.0,0.5,0.4,0.6,-30.6,-23.6,-15.5,-23.1,4.0,9.2,6.0,0.5,0.4,0.6,-29.8,-10.3,-9.6,-19.3,4.0,18.8,6.0,0.5,0.4,0.6,-10.4,-7.9,-6.7,-8.5,4.0,2.7,6.0,0.5,0.4,0.6,69.0,69.0,272.0,166.0,4.0,194.0,6.0,0.5,0.4,0.6,70.0,70.0,270.0,165.0,4.0,195.0,6.0,0.5,0.4,0.6
1974,2,231.0,26.0,17.68,18.3,19.17,18.3,11.0,1.07,14.0,0.5,0.8,0.5,15.3,16.55,17.78,16.48,12.0,1.18,16.0,0.4,0.8,0.6,7.29,8.23,8.89,8.11,12.0,0.9,16.0,0.4,0.8,0.6,65.3,70.8,74.2,70.4,12.0,5.5,16.0,0.4,0.6,4.59,7.45,10.3,7.08,12.0,3.24,16.0,0.4,0.8,0.6,-9.11,-5.2,-4.24,-5.99,12.0,2.97,16.0,0.4,0.8,0.6,-4.78,-3.75,-0.8,-3.33,12.0,2.27,16.0,0.4,0.8,0.6,1021.12,1022.45,1025.59,1023.16,12.0,2.58,16.0,0.4,0.8,0.6,2.7,7.0,8.0,6.1,12.0,2.6,16.0,0.4,0.8,0.6,-93.9,-38.3,-21.5,-50.6,12.0,35.6,16.0,0.4,0.8,0.6,-45.7,-24.7,-3.8,-28.2,12.0,22.2,16.0,0.4,0.8,0.6,0.39,1.5,3.65,1.72,11.0,1.85,14.0,0.5,0.8,0.5,-0.7,12.4,22.6,10.4,11.0,14.7,14.0,0.5,0.8,0.5,3.82,4.95,5.68,4.71,11.0,1.27,14.0,0.5,0.8,0.5,17.8,33.8,44.2,31.5,11.0,16.1,14.0,0.5,0.8,0.5,-150.3,-84.6,-62.6,-99.2,12.0,52.3,16.0,0.4,0.8,0.6,-79.2,-57.2,-13.0,-54.2,12.0,36.0,16.0,0.4,0.8,0.6,-74.7,-40.7,-29.2,-49.0,12.0,27.4,16.0,0.4,0.8,0.6,-41.0,-28.1,-6.2,-26.0,12.0,16.3,16.0,0.4,0.8,0.6,-38.3,-27.4,-17.6,-27.7,11.0,14.2,14.0,0.5,0.8,0.5,-22.3,-18.1,-3.1,-14.0,11.0,9.4,14.0,0.5,0.8,0.5,106.5,448.5,1092.5,535.0,12.0,433.0,16.0,0.4,0.8,0.6,105.0,450.0,1095.0,535.0,12.0,435.0,16.0,0.4,0.8,0.6
1974,2,231.0,27.0,16.83,18.5,19.0,17.97,10.0,1.19,12.0,0.6,0.4,0.4,15.43,16.1,17.57,16.34,10.0,1.17,14.0,0.5,0.5,0.4,7.93,9.75,10.39,9.41,10.0,1.34,14.0,0.5,0.5,0.4,72.7,85.0,89.7,82.3,10.0,8.8,14.0,0.5,0.4,4.69,6.7,9.92,6.92,11.0,2.92,14.0,0.5,0.5,0.4,-5.89,-4.31,-0.93,-3.71,11.0,2.37,14.0,0.5,0.5,0.4,-8.04,-5.27,-1.56,-4.71,11.0,4.0,14.0,0.5,0.5,0.4,1021.09,1024.0,1025.91,1023.54,11.0,2.29,14.0,0.5,0.5,0.4,2.2,6.0,7.0,5.2,11.0,2.5,14.0,0.5,0.5,0.4,-53.2,-36.1,-5.1,-30.4,11.0,21.2,14.0,0.5,0.5,0.4,-80.6,-37.9,-8.0,-41.4,11.0,39.0,14.0,0.5,0.5,0.4,0.63,2.0,2.87,1.59,9.0,1.87,12.0,0.6,0.4,0.4,1.6,12.3,20.2,12.8,9.0,16.6,12.0,0.6,0.4,0.4,2.27,3.19,4.33,3.25,9.0,1.23,12.0,0.6,0.4,0.4,7.2,25.5,33.7,23.6,9.0,15.9,12.0,0.6,0.4,0.4,-93.4,-70.5,-14.0,-58.4,10.0,39.2,14.0,0.5,0.5,0.4,-123.3,-89.4,-22.9,-74.8,10.0,66.7,14.0,0.5,0.5,0.4,-55.6,-37.7,-7.6,-33.3,10.0,23.3,14.0,0.5,0.5,0.4,-71.8,-45.1,-14.4,-41.7,10.0,39.9,14.0,0.5,0.5,0.4,-21.4,-11.2,-2.6,-11.9,9.0,10.2,12.0,0.6,0.4,0.4,-29.6,-16.8,-2.1,-15.8,9.0,18.3,12.0,0.6,0.4,0.4,106.5,301.0,992.5,483.0,11.0,446.5,14.0,0.5,0.5,0.4,105.0,300.0,990.0,485.0,11.0,445.0,14.0,0.5,0.5,0.4
1974,2,231.0,28.0,17.85,18.45,19.52,18.68,4.0,1.04,10.0,0.8,0.8,0.2,14.84,15.7,17.13,15.98,4.0,1.42,10.0,0.8,0.8,0.2,7.21,7.83,8.65,7.92,4.0,0.97,10.0,0.8,0.8,0.2,66.8,70.4,75.3,71.0,4.0,5.1,10.0,0.8,0.2,4.84,5.65,9.4,7.05,4.0,3.56,10.0,0.8,0.8,0.2,-5.12,-2.86,-0.27,-2.7,4.0,3.09,10.0,0.8,0.8,0.2,-8.49,-5.45,-3.49,-5.96,4.0,3.5,10.0,0.8,0.8,0.2,1021.75,1023.7,1026.12,1023.93,4.0,2.9,10.0,0.8,0.8,0.2,3.4,5.5,6.5,5.0,4.0,2.2,10.0,0.8,0.8,0.2,-48.4,-13.6,-0.7,-24.0,4.0,35.9,10.0,0.8,0.8,0.2,-86.7,-31.1,-17.2,-51.0,4.0,54.5,10.0,0.8,0.8,0.2,1.34,2.3,4.1,2.7,4.0,1.75,10.0,0.8,0.8,0.2,7.2,11.6,39.7,22.9,4.0,26.0,10.0,0.8,0.8,0.2,4.66,5.33,6.01,5.33,4.0,0.86,10.0,0.8,0.8,0.2,24.9,27.7,54.6,39.2,4.0,26.1,10.0,0.8,0.8,0.2,-79.4,-45.5,-2.2,-41.0,4.0,48.6,10.0,0.8,0.8,0.2,-135.5,-89.6,-53.3,-94.2,4.0,52.5,10.0,0.8,0.8,0.2,-40.4,-21.1,-0.5,-20.5,4.0,25.4,10.0,0.8,0.8,0.2,-71.7,-44.5,-24.8,-48.1,4.0,29.8,10.0,0.8,0.8,0.2,-30.1,-14.9,-2.2,-16.1,4.0,18.4,10.0,0.8,0.8,0.2,-48.3,-26.7,-18.6,-33.2,4.0,24.1,10.0,0.8,0.8,0.2,114.0,185.5,1088.5,582.5,4.0,854.5,10.0,0.8,0.8,0.2,115.0,185.0,1090.0,580.0,4.0,855.0,10.0,0.8,0.8,0.2
1974,2,231.0,29.0,16.56,17.7,18.48,17.52,5.0,1.17,10.0,0.6,0.4,0.4,14.86,15.45,18.34,16.45,6.0,2.43,10.0,0.7,0.5,0.4,7.05,7.74,10.33,8.8,6.0,2.94,10.0,0.7,0.5,0.4,64.5,74.7,80.2,74.6,6.0,11.8,10.0,0.7,0.4,4.92,5.1,8.3,6.12,6.0,1.82,10.0,0.7,0.5,0.4,-5.42,-4.08,-0.7,-3.47,6.0,2.55,10.0,0.7,0.5,0.4,-6.13,-4.12,-1.25,-3.93,6.0,2.96,10.0,0.7,0.5,0.4,1017.37,1024.7,1025.94,1022.77,6.0,4.74,10.0,0.7,0.5,0.4,3.6,5.5,8.0,5.5,6.0,2.3,10.0,0.7,0.5,0.4,-32.6,-19.5,-3.6,-21.3,6.0,20.5,10.0,0.7,0.5,0.4,-52.5,-20.8,-5.7,-27.5,6.0,25.8,10.0,0.7,0.5,0.4,0.66,2.0,3.17,1.94,5.0,1.56,10.0,0.6,0.4,0.4,3.2,13.8,17.1,10.7,5.0,8.1,10.0,0.6,0.4,0.4,3.93,4.19,5.56,4.66,5.0,0.96,10.0,0.6,0.4,0.4,23.3,30.8,32.9,28.5,5.0,5.3,10.0,0.6,0.4,0.4,-93.5,-70.7,-10.5,-58.5,6.0,42.9,10.0,0.7,0.5,0.4,-96.0,-71.1,-17.9,-62.8,6.0,44.8,10.0,0.7,0.5,0.4,-49.6,-40.1,-4.5,-31.6,6.0,23.5,10.0,0.7,0.5,0.4,-50.2,-36.2,-9.5,-32.6,6.0,23.5,10.0,0.7,0.5,0.4,-23.8,-21.4,-3.4,-15.0,5.0,11.5,10.0,0.6,0.4,0.4,-31.2,-21.2,-5.3,-18.5,5.0,14.1,10.0,0.6,0.4,0.4,119.5,132.5,573.5,283.0,6.0,252.0,10.0,0.7,0.5,0.4,120.0,135.0,575.0,285.0,6.0,250.0,10.0,0.7,0.5,0.4
1974,2,231.0,30.0,13.3,16.35,17.94,16.01,8.0,2.52,16.0,0.4,0.7,0.3,13.23,13.8,15.37,13.9,9.0,1.8,16.0,0.4,0.6,0.4,7.28,7.93,9.05,7.81,8.0,1.47,16.0,0.4,0.7,0.3,75.7,83.0,88.0,80.6,8.0,9.2,16.0,0.4,0.3,5.97,9.3,9.67,8.53,9.0,2.65,16.0,0.4,0.6,0.4,-7.09,-2.29,4.25,-1.8,9.0,5.65,16.0,0.4,0.6,0.4,-8.3,-6.3,2.42,-3.82,9.0,6.07,16.0,0.4,0.6,0.4,1015.35,1024.4,1025.99,1022.1,9.0,5.16,16.0,0.4,0.6,0.4,3.0,5.0,7.0,4.9,9.0,2.3,16.0,0.4,0.6,0.4,-68.7,-13.0,39.6,-21.4,9.0,62.8,16.0,0.4,0.6,0.4,-77.2,-42.2,21.8,-35.2,9.0,60.7,16.0,0.4,0.6,0.4,0.01,2.1,3.36,2.38,8.0,3.53,16.0,0.4,0.7,0.3,0.1,21.3,31.4,23.0,8.0,32.6,16.0,0.4,0.7,0.3,1.13,3.21,4.76,3.49,8.0,3.06,16.0,0.4,0.7,0.3,6.4,31.8,46.6,32.2,8.0,30.2,16.0,0.4,0.7,0.3,-103.7,-31.6,62.9,-26.8,9.0,84.0,16.0,0.4,0.6,0.4,-94.7,-86.9,38.5,-48.0,9.0,88.5,16.0,0.4,0.6,0.4,-57.4,-19.1,12.3,-21.9,8.0,46.6,16.0,0.4,0.7,0.3,-51.2,-47.8,-35.9,-38.4,8.0,37.2,16.0,0.4,0.7,0.3,-32.2,-5.6,-0.4,-9.6,8.0,22.0,16.0,0.4,0.7,0.3,-31.5,-24.3,-6.1,-26.1,8.0,27.0,16.0,0.4,0.7,0.3,216.5,804.5,904.5,790.5,9.0,772.0,16.0,0.4,0.6,0.4,215.0,805.0,905.0,790.0,9.0,770.0,16.0,0.4,0.6,0.4
1974,2,231.0,31.0,14.31,15.7,16.57,15.76,13.0,1.77,18.0,0.6,0.5,0.5,13.65,15.0,16.44,15.19,11.0,1.7,18.0,0.5,0.5,0.6,7.23,7.63,9.37,8.22,9.0,1.32,20.0,0.7,0.6,0.5,65.2,77.3,88.3,75.9,9.0,11.5,20.0,0.7,0.5,6.29,8.2,10.93,8.82,12.0,3.09,16.0,0.6,0.5,0.5,-1.76,0.67,7.5,1.79,12.0,4.77,16.0,0.6,0.5,0.5,-9.59,-6.17,5.59,-3.76,12.0,7.25,16.0,0.6,0.5,0.5,1016.3,1024.45,1026.03,1022.56,12.0,5.07,16.0,0.6,0.5,0.5,5.2,7.0,8.0,6.2,12.0,2.2,16.0,0.6,0.5,0.5,-10.7,2.9,68.3,22.7,12.0,57.2,16.0,0.6,0.5,0.5,-102.3,-43.1,40.0,-36.1,12.0,80.6,16.0,0.6,0.5,0.5,-1.18,0.1,1.95,0.12,11.0,2.07,18.0,0.5,0.5,0.6,-15.1,1.1,17.0,-1.7,11.0,21.7,18.0,0.5,0.5,0.6,0.58,3.09,3.93,2.61,9.0,1.81,20.0,0.7,0.6,0.5,0.5,22.2,28.9,18.3,9.0,16.0,20.0,0.7,0.6,0.5,-36.3,0.0,120.5,30.9,11.0,79.0,18.0,0.5,0.5,0.6,-136.6,-80.1,105.3,-43.4,11.0,118.0,18.0,0.5,0.5,0.6,-4.6,10.5,85.7,28.3,9.0,45.4,20.0,0.7,0.6,0.5,-59.2,-36.0,66.3,-15.3,9.0,65.3,20.0,0.7,0.6,0.5,-5.4,0.0,11.9,1.3,9.0,10.5,20.0,0.7,0.6,0.5,-21.0,-11.3,16.7,-3.7,9.0,22.5,20.0,0.7,0.6,0.5,258.0,551.5,1306.5,928.5,12.0,977.5,16.0,0.6,0.5,0.5,260.0,550.0,1305.0,930.0,12.0,980.0,16.0,0.6,0.5,0.5
1974,2,231.0,32.0,14.66,15.9,16.7,15.66,10.0,1.21,14.0,0.5,0.6,0.2,12.88,13.7,14.9,13.69,11.0,1.42,14.0,0.5,0.5,0.2,6.52,7.33,8.78,7.67,10.0,1.49,14.0,0.5,0.6,0.2,72.6,77.8,85.5,79.3,10.0,9.5,14.0,0.5,0.2,0.0,6.2,9.3,5.38,11.0,3.86,14.0,0.5,0.5,0.2,-6.1,0.0,4.71,-0.93,11.0,4.74,14.0,0.5,0.5,0.2,-6.45,-3.85,0.0,-3.35,11.0,3.31,14.0,0.5,0.5,0.2,1021.64,1025.7,1027.88,1025.19,11.0,3.55,14.0,0.5,0.5,0.2,2.6,6.0,8.0,5.4,11.0,2.6,14.0,0.5,0.5,0.2,-53.2,0.0,30.0,-10.2,11.0,37.9,14.0,0.5,0.5,0.2,-60.0,-15.8,0.0,-27.6,11.0,30.0,14.0,0.5,0.5,0.2,0.54,1.4,2.81,1.65,10.0,1.23,14.0,0.5,0.6,0.2,0.0,4.0,16.2,8.5,10.0,11.8,14.0,0.5,0.6,0.2,2.18,3.02,4.22,3.03,9.0,1.4,14.0,0.6,0.6,0.2,0.6,21.8,32.7,19.0,9.0,16.8,14.0,0.6,0.6,0.2,-85.4,0.0,53.9,-13.2,11.0,64.3,14.0,0.5,0.5,0.2,-86.4,-53.6,0.0,-44.3,11.0,44.6,14.0,0.5,0.5,0.2,-46.7,-4.9,31.9,-5.2,10.0,39.2,14.0,0.5,0.6,0.2,-48.4,-31.3,0.0,-25.4,10.0,24.1,14.0,0.5,0.6,0.2,-21.1,-4.2,1.6,-9.6,9.0,15.1,14.0,0.6,0.6,0.2,-25.1,-14.1,0.0,-13.8,9.0,12.0,14.0,0.6,0.6,0.2,0.0,238.5,804.5,351.0,11.0,343.0,14.0,0.5,0.5,0.2,0.0,240.0,805.0,350.0,11.0,345.0,14.0,0.5,0.5,0.2
1974,2,231.0,33.0,14.14,14.5,16.73,15.01,7.0,1.5,16.0,0.7,0.5,0.5,12.0,13.3,14.02,13.23,7.0,0.96,16.0,0.7,0.5,0.5,6.33,7.03,7.83,6.82,6.0,1.44,16.0,0.7,0.5,0.5,65.6,74.9,83.3,72.6,6.0,15.6,16.0,0.7,0.5,4.98,6.7,10.42,7.43,7.0,3.4,16.0,0.7,0.5,0.5,-4.11,-1.3,2.67,-0.44,7.0,3.55,16.0,0.7,0.5,0.5,-9.07,-6.6,-4.1,-6.1,7.0,4.44,16.0,0.7,0.5,0.5,1026.68,1027.1,1030.15,1028.01,7.0,2.42,16.0,0.7,0.5,0.5,1.8,4.5,6.2,4.2,6.0,2.5,14.0,0.7,0.5,0.4,-34.7,-3.4,14.9,-4.7,7.0,35.2,16.0,0.7,0.5,0.5,-95.0,-44.2,-21.2,-57.6,7.0,53.0,16.0,0.7,0.5,0.5,0.05,2.2,3.71,1.79,7.0,1.94,16.0,0.7,0.5,0.5,-0.1,18.0,25.5,14.2,7.0,15.6,16.0,0.7,0.5,0.5,2.29,3.0,4.44,3.66,6.0,2.19,16.0,0.7,0.5,0.5,12.4,20.8,35.7,23.9,6.0,15.3,16.0,0.7,0.5,0.5,-49.4,-18.7,35.0,-4.0,7.0,46.1,16.0,0.7,0.5,0.5,-125.0,-85.2,-53.1,-78.5,7.0,57.1,16.0,0.7,0.5,0.5,-13.9,-0.2,23.8,2.9,6.0,23.3,16.0,0.7,0.5,0.5,-52.1,-41.3,-15.1,-33.3,6.0,28.0,16.0,0.7,0.5,0.5,-12.9,-0.3,10.4,-0.7,6.0,12.5,16.0,0.7,0.5,0.5,-31.7,-18.0,-9.9,-19.8,6.0,17.1,16.0,0.7,0.5,0.5,127.0,301.0,1143.0,640.0,7.0,753.0,16.0,0.7,0.5,0.5,125.0,300.0,1145.0,640.0,7.0,755.0,16.0,0.7,0.5,0.5
1974,2,231.0,34.0,14.47,15.0,16.1,15.31,7.0,1.34,14.0,0.9,0.6,0.3,13.4,14.5,15.67,14.4,7.0,1.72,14.0,0.9,0.6,0.3,6.53,7.86,9.3,7.84,7.0,1.32,14.0,0.9,0.6,0.3,69.2,76.9,84.8,77.5,7.0,9.3,14.0,0.9,0.3,4.5,6.2,14.02,8.09,7.0,5.16,14.0,0.9,0.6,0.3,-4.06,-1.57,2.81,-1.03,7.0,4.87,14.0,0.9,0.6,0.3,-7.03,-4.32,5.43,-1.93,7.0,8.57,14.0,0.9,0.6,0.3,1012.66,1027.5,1028.63,1022.86,7.0,8.11,14.0,0.9,0.6,0.3,2.0,7.0,7.0,5.3,7.0,2.6,14.0,0.9,0.6,0.3,-34.7,-7.2,11.1,-12.7,7.0,68.4,14.0,0.9,0.6,0.3,-60.2,-19.9,32.8,-21.0,7.0,119.2,14.0,0.9,0.6,0.3,-1.71,0.3,2.22,0.91,7.0,2.86,14.0,0.9,0.6,0.3,-5.4,4.2,14.7,16.7,7.0,40.5,14.0,0.9,0.6,0.3,1.09,2.44,4.44,2.88,7.0,1.99,14.0,0.9,0.6,0.3,4.8,18.8,25.9,26.8,7.0,34.6,14.0,0.9,0.6,0.3,-54.0,-22.0,47.0,-9.6,7.0,65.8,14.0,0.9,0.6,0.3,-93.6,-60.5,84.2,-19.5,7.0,115.3,14.0,0.9,0.6,0.3,-31.3,-10.7,24.4,-3.6,7.0,38.6,14.0,0.9,0.6,0.3,-54.2,-29.3,50.6,-6.6,7.0,68.5,14.0,0.9,0.6,0.3,-12.9,-6.8,5.0,-9.5,7.0,19.9,14.0,0.9,0.6,0.3,-22.4,-16.3,3.4,-18.2,7.0,33.8,14.0,0.9,0.6,0.3,93.5,238.5,2772.0,1160.0,7.0,1744.5,14.0,0.9,0.6,0.3,95.0,240.0,2770.0,1160.0,7.0,1745.0,14.0,0.9,0.6,0.3
1974,2,231.0,35.0,13.06,14.45,15.6,14.45,14.0,1.16,16.0,0.4,0.6,0.4,11.04,12.25,14.81,12.58,16.0,1.97,16.0,0.4,0.5,0.4,6.09,6.58,8.58,7.0,16.0,1.28,16.0,0.4,0.5,0.4,71.7,78.2,86.9,78.2,16.0,9.4,16.0,0.4,0.4,3.1,5.65,11.11,6.87,16.0,4.11,16.0,0.4,0.5,0.4,-1.84,0.0,4.91,1.33,16.0,4.16,16.0,0.4,0.5,0.4,-8.01,-3.95,-1.47,-4.35,16.0,5.27,16.0,0.4,0.5,0.4,1022.3,1027.3,1032.36,1027.2,16.0,4.35,16.0,0.4,0.5,0.4,1.2,8.0,8.0,5.3,15.0,3.3,16.0,0.4,0.5,0.4,-6.3,0.0,57.8,19.8,16.0,48.8,16.0,0.4,0.5,0.4,-64.2,-22.3,-3.3,-35.9,16.0,72.1,16.0,0.4,0.5,0.4,0.03,1.45,3.3,1.73,14.0,2.15,16.0,0.4,0.6,0.4,0.0,7.8,25.0,8.2,14.0,16.3,16.0,0.4,0.6,0.4,1.47,3.31,4.6,3.01,14.0,1.52,16.0,0.4,0.6,0.4,6.5,14.3,37.5,19.1,14.0,15.4,16.0,0.4,0.6,0.4,-24.2,0.0,79.5,20.7,16.0,56.6,16.0,0.4,0.5,0.4,-109.9,-47.7,-17.3,-55.3,16.0,78.6,16.0,0.4,0.5,0.4,-13.6,0.0,45.2,12.1,16.0,33.6,16.0,0.4,0.5,0.4,-56.5,-26.2,-9.9,-28.6,16.0,44.0,16.0,0.4,0.5,0.4,-4.8,0.0,6.1,0.8,14.0,12.2,16.0,0.4,0.6,0.4,-37.4,-12.7,-3.4,-15.8,14.0,14.5,16.0,0.4,0.6,0.4,30.0,185.5,1539.5,701.0,16.0,1106.0,16.0,0.4,0.5,0.4,30.0,185.0,1540.0,700.0,16.0,1105.0,16.0,0.4,0.5,0.4
1974,2,231.0,36.0,11.17,12.0,15.07,12.71,19.0,1.75,14.0,0.5,0.5,0.4,11.0,11.7,13.63,12.15,21.0,2.11,14.0,0.5,0.5,0.5,5.34,6.24,6.82,6.36,20.0,1.23,14.0,0.5,0.5,0.4,63.5,74.4,79.4,72.8,20.0,7.5,14.0,0.5,0.4,4.6,6.2,10.13,7.4,21.0,2.98,14.0,0.5,0.5,0.5,-2.33,3.38,6.67,3.12,21.0,4.37,14.0,0.5,0.5,0.5,-7.7,-3.85,-0.21,-4.08,21.0,4.42,14.0,0.5,0.5,0.5,1023.59,1026.5,1029.91,1026.69,21.0,3.51,14.0,0.5,0.5,0.5,3.2,6.0,8.0,5.5,21.0,2.5,14.0,0.5,0.5,0.5,-15.6,23.0,51.3,26.3,21.0,41.1,14.0,0.5,0.5,0.5,-62.5,-29.4,-0.8,-37.4,21.0,57.3,14.0,0.5,0.5,0.5,-1.66,1.0,2.29,0.63,19.0,2.13,14.0,0.5,0.5,0.4,-18.9,6.5,14.4,2.0,19.0,15.8,14.0,0.5,0.5,0.4,1.72,2.66,4.32,2.75,19.0,1.29,14.0,0.5,0.5,0.4,9.0,18.6,28.7,19.4,19.0,10.1,14.0,0.5,0.5,0.4,-28.3,41.3,95.0,39.6,21.0,55.6,14.0,0.5,0.5,0.5,-84.8,-44.4,-2.6,-45.4,21.0,57.9,14.0,0.5,0.5,0.5,-17.4,24.0,46.4,21.0,20.0,29.1,14.0,0.5,0.5,0.4,-41.1,-24.5,-0.1,-22.0,20.0,30.9,14.0,0.5,0.5,0.4,-3.9,9.1,22.0,9.6,19.0,12.7,14.0,0.5,0.5,0.4,-21.1,-7.8,0.0,-11.0,19.0,10.6,14.0,0.5,0.5,0.4,97.5,238.5,1042.5,618.5,21.0,852.0,14.0,0.5,0.5,0.5,95.0,240.0,1045.0,620.0,21.0,850.0,14.0,0.5,0.5,0.5
1974,2,231.0,37.0,10.0,11.45,11.87,11.38,10.0,1.35,14.0,0.8,0.6,0.4,10.85,11.7,12.53,11.71,11.0,1.09,14.0,0.8,0.5,0.4,5.32,6.53,7.42,6.32,11.0,1.06,14.0,0.8,0.5,0.4,61.8,69.5,93.5,75.6,11.0,15.3,14.0,0.8,0.4,3.53,8.45,14.33,8.89,10.0,5.21,14.0,0.8,0.6,0.3,-1.51,1.19,8.7,2.65,10.0,5.75,14.0,0.8,0.6,0.3,-10.46,-1.99,2.02,-2.41,10.0,8.22,14.0,0.8,0.6,0.3,1022.41,1024.5,1030.45,1025.59,11.0,4.16,14.0,0.8,0.5,0.4,4.0,6.0,8.0,5.9,11.0,1.9,14.0,0.8,0.5,0.4,-6.2,3.7,88.9,25.0,10.0,72.1,14.0,0.8,0.6,0.3,-139.8,-10.9,16.5,-33.7,10.0,117.7,14.0,0.8,0.6,0.3,-2.44,0.25,0.87,-0.35,10.0,2.0,14.0,0.8,0.6,0.4,-9.2,2.5,11.5,3.2,9.0,15.8,14.0,0.8,0.6,0.3,0.65,1.63,3.42,1.84,10.0,1.47,14.0,0.8,0.6,0.4,3.4,6.8,20.4,13.7,9.0,17.4,14.0,0.8,0.6,0.3,-16.7,14.5,97.3,30.0,10.0,63.2,14.0,0.8,0.6,0.3,-118.1,-21.7,24.2,-25.7,10.0,94.3,14.0,0.8,0.6,0.3,-6.8,7.9,63.9,21.0,10.0,41.4,14.0,0.8,0.6,0.3,-59.8,-12.1,14.8,-15.1,10.0,50.7,14.0,0.8,0.6,0.3,-2.6,0.0,6.0,1.5,9.0,6.6,14.0,0.8,0.6,0.3,-10.2,-1.2,2.9,1.6,9.0,21.5,14.0,0.8,0.6,0.3,46.5,888.0,3007.5,1363.5,10.0,1492.5,14.0,0.8,0.6,0.3,45.0,890.0,3005.0,1365.0,10.0,1490.0,14.0,0.8,0.6,0.3
1974,2,231.0,38.0,13.0,13.0,13.0,13.0,1.0,0.0,10.0,1.0,0.6,0.0,9.8,9.8,9.8,9.8,1.0,0.0,10.0,1.0,0.6,0.0,5.33,5.33,5.33,5.33,1.0,0.0,10.0,1.0,0.6,0.0,72.0,72.0,72.0,72.0,1.0,0.0,10.0,1.0,0.0,3.1,3.1,3.1,3.1,1.0,0.0,10.0,1.0,0.6,0.0,0.0,0.0,0.0,0.0,1.0,0.0,10.0,1.0,0.6,0.0,-3.1,-3.1,-3.1,-3.1,1.0,0.0,10.0,1.0,0.6,0.0,1025.0,1025.0,1025.0,1025.0,1.0,0.0,10.0,1.0,0.6,0.0,8.0,8.0,8.0,8.0,1.0,0.0,10.0,1.0,0.6,0.0,0.0,0.0,0.0,0.0,1.0,0.0,10.0,1.0,0.6,0.0,-9.6,-9.6,-9.6,-9.6,1.0,0.0,10.0,1.0,0.6,0.0,3.2,3.2,3.2,3.2,1.0,0.0,10.0,1.0,0.6,0.0,9.9,9.9,9.9,9.9,1.0,0.0,10.0,1.0,0.6,0.0,3.84,3.84,3.84,3.84,1.0,0.0,10.0,1.0,0.6,0.0,11.9,11.9,11.9,11.9,1.0,0.0,10.0,1.0,0.6,0.0,0.0,0.0,0.0,0.0,1.0,0.0,10.0,1.0,0.6,0.0,-30.4,-30.4,-30.4,-30.4,1.0,0.0,10.0,1.0,0.6,0.0,0.0,0.0,0.0,0.0,1.0,0.0,10.0,1.0,0.6,0.0,-16.5,-16.5,-16.5,-16.5,1.0,0.0,10.0,1.0,0.6,0.0,0.0,0.0,0.0,0.0,1.0,0.0,10.0,1.0,0.6,0.0,-11.9,-11.9,-11.9,-11.9,1.0,0.0,10.0,1.0,0.6,0.0,30.0,30.0,30.0,30.0,1.0,0.0,10.0,1.0,0.6,0.0,30.0,30.0,30.0,30.0,1.0,0.0,10.0,1.0,0.6,0.0
1974,2,231.0,40.0,8.5,8.5,8.5,8.5,1.0,0.0,20.0,1.0,0.6,0.5,11.0,11.0,11.0,11.0,1.0,0.0,20.0,1.0,0.6,0.5,7.54,7.54,7.54,7.54,1.0,0.0,20.0,1.0,0.6,0.5,93.5,93.5,93.5,93.5,1.0,0.0,20.0,1.0,0.5,5.1,5.1,5.1,5.1,1.0,0.0,20.0,1.0,0.6,0.5,5.1,5.1,5.1,5.1,1.0,0.0,20.0,1.0,0.6,0.5,0.0,0.0,0.0,0.0,1.0,0.0,20.0,1.0,0.6,0.5,1021.5,1021.5,1021.5,1021.5,1.0,0.0,20.0,1.0,0.6,0.5,5.0,5.0,5.0,5.0,1.0,0.0,20.0,1.0,0.6,0.5,26.0,26.0,26.0,26.0,1.0,0.0,20.0,1.0,0.6,0.5,0.0,0.0,0.0,0.0,1.0,0.0,20.0,1.0,0.6,0.5,-2.5,-2.5,-2.5,-2.5,1.0,0.0,20.0,1.0,0.6,0.5,-12.7,-12.7,-12.7,-12.7,1.0,0.0,20.0,1.0,0.6,0.5,-0.73,-0.73,-0.73,-0.73,1.0,0.0,20.0,1.0,0.6,0.5,-3.7,-3.7,-3.7,-3.7,1.0,0.0,20.0,1.0,0.6,0.5,56.1,56.1,56.1,56.1,1.0,0.0,20.0,1.0,0.6,0.5,0.0,0.0,0.0,0.0,1.0,0.0,20.0,1.0,0.6,0.5,38.5,38.5,38.5,38.5,1.0,0.0,20.0,1.0,0.6,0.5,0.0,0.0,0.0,0.0,1.0,0.0,20.0,1.0,0.6,0.5,-3.7,-3.7,-3.7,-3.7,1.0,0.0,20.0,1.0,0.6,0.5,0.0,0.0,0.0,0.0,1.0,0.0,20.0,1.0,0.6,0.5,132.5,132.5,132.5,132.5,1.0,0.0,20.0,1.0,0.6,0.5,135.0,135.0,135.0,135.0,1.0,0.0,20.0,1.0,0.6,0.5
1974,2,231.0,41.0,8.08,8.9,9.65,8.87,3.0,1.15,16.0,1.0,0.6,0.3,8.91,10.0,12.39,10.63,3.0,2.61,16.0,1.0,0.6,0.3,4.95,5.77,6.32,5.64,3.0,1.01,16.0,1.0,0.6,0.3,63.9,69.3,80.7,72.2,3.0,12.6,16.0,1.0,0.3,4.75,6.15,7.55,6.15,2.0,2.9,20.0,1.0,0.5,0.1,3.77,5.12,6.47,5.12,2.0,2.8,20.0,1.0,0.5,0.1,-1.57,0.73,3.03,0.73,2.0,4.76,20.0,1.0,0.5,0.1,1025.06,1029.5,1032.03,1028.57,3.0,5.16,16.0,1.0,0.6,0.3,5.3,8.0,8.0,6.7,3.0,2.3,16.0,1.0,0.6,0.3,20.1,35.6,51.0,35.6,2.0,32.1,20.0,1.0,0.5,0.1,-3.8,11.4,26.6,11.4,2.0,31.4,20.0,1.0,0.5,0.1,-2.74,-1.1,-0.83,-1.77,3.0,1.51,16.0,1.0,0.6,0.3,-24.9,-16.6,-8.3,-16.6,2.0,17.1,20.0,1.0,0.5,0.1,0.73,0.95,1.91,1.31,3.0,0.92,16.0,1.0,0.6,0.3,8.1,8.7,9.4,8.7,2.0,1.3,20.0,1.0,0.5,0.1,41.6,63.6,85.6,63.6,2.0,45.6,20.0,1.0,0.5,0.1,-13.4,14.5,42.4,14.5,2.0,57.8,20.0,1.0,0.5,0.1,19.5,30.5,41.6,30.5,2.0,22.9,20.0,1.0,0.5,0.1,-5.8,7.5,20.8,7.5,2.0,27.6,20.0,1.0,0.5,0.1,6.9,7.1,7.3,7.1,2.0,0.4,20.0,1.0,0.5,0.1,-4.6,-1.2,2.3,-1.2,2.0,7.2,20.0,1.0,0.5,0.1,145.5,310.0,475.0,310.0,2.0,341.0,20.0,1.0,0.5,0.1,145.0,310.0,475.0,310.0,2.0,340.0,20.0,1.0,0.5,0.1
1974,2,231.0,42.0,7.7,8.8,8.97,8.44,9.0,0.89,16.0,0.3,0.5,0.5,8.85,10.0,10.44,9.73,9.0,0.97,16.0,0.3,0.5,0.5,5.58,6.27,6.94,6.26,9.0,0.79,16.0,0.3,0.5,0.5,76.2,86.1,88.0,84.4,9.0,7.0,16.0,0.3,0.5,4.37,7.7,8.2,7.58,9.0,3.4,16.0,0.3,0.5,0.5,3.25,4.1,6.67,4.99,9.0,3.94,16.0,0.3,0.5,0.5,-3.7,2.05,7.54,1.46,9.0,5.5,16.0,0.3,0.5,0.5,1013.15,1023.0,1031.53,1022.31,9.0,9.46,16.0,0.3,0.5,0.5,2.3,4.0,7.7,4.7,9.0,2.5,16.0,0.3,0.5,0.5,13.3,33.6,51.3,46.2,9.0,63.0,16.0,0.3,0.5,0.5,-26.2,8.4,64.1,19.8,9.0,53.1,16.0,0.3,0.5,0.5,-3.08,-1.1,0.0,-1.29,9.0,1.5,16.0,0.3,0.5,0.5,-24.9,-5.6,0.0,-12.3,9.0,18.6,16.0,0.3,0.5,0.5,-0.31,0.84,0.96,0.53,9.0,0.95,16.0,0.3,0.5,0.5,-5.6,3.5,7.5,2.8,9.0,8.0,16.0,0.3,0.5,0.5,31.6,41.0,63.1,49.2,9.0,43.9,16.0,0.3,0.5,0.5,-30.3,18.5,81.7,17.2,9.0,55.8,16.0,0.3,0.5,0.5,19.9,27.0,35.4,30.8,9.0,27.5,16.0,0.3,0.5,0.5,-19.3,12.8,52.3,11.3,9.0,36.7,16.0,0.3,0.5,0.5,1.8,2.6,5.8,3.1,9.0,5.5,16.0,0.3,0.5,0.5,-7.0,-2.2,3.2,-1.8,9.0,5.3,16.0,0.3,0.5,0.5,86.0,456.5,551.5,710.5,9.0,1121.0,16.0,0.3,0.5,0.5,85.0,455.0,550.0,710.0,9.0,1120.0,16.0,0.3,0.5,0.5
1974,2,231.0,43.0,7.7,7.8,10.0,8.53,8.0,1.7,14.0,0.5,0.6,0.6,7.02,7.95,9.89,8.25,8.0,1.34,14.0,0.5,0.6,0.6,4.44,5.77,6.6,5.65,8.0,0.98,14.0,0.5,0.6,0.6,73.3,86.9,88.9,84.0,8.0,8.2,14.0,0.5,0.6,6.26,9.5,15.06,11.11,8.0,5.89,14.0,0.5,0.6,0.6,-3.54,0.0,7.43,1.81,8.0,5.84,14.0,0.5,0.6,0.6,-4.46,0.0,14.23,4.54,8.0,10.7,14.0,0.5,0.6,0.6,1016.97,1027.0,1038.03,1026.25,8.0,11.14,14.0,0.5,0.6,0.6,7.1,8.0,8.0,7.0,8.0,2.4,14.0,0.5,0.6,0.6,-22.0,0.0,78.7,25.9,8.0,57.3,14.0,0.5,0.6,0.6,-27.6,0.0,214.9,102.5,8.0,198.7,14.0,0.5,0.6,0.6,-0.99,0.25,0.98,0.28,8.0,1.85,14.0,0.5,0.6,0.6,-16.3,1.6,11.5,-0.2,8.0,15.8,14.0,0.5,0.6,0.6,0.35,0.96,1.93,1.18,8.0,1.2,14.0,0.5,0.6,0.6,4.7,9.6,15.3,10.4,8.0,7.7,14.0,0.5,0.6,0.6,-25.5,0.0,74.3,17.5,8.0,46.2,14.0,0.5,0.6,0.6,-32.0,0.0,140.9,44.9,8.0,93.5,14.0,0.5,0.6,0.6,-18.3,0.0,48.9,12.6,8.0,32.2,14.0,0.5,0.6,0.6,-22.8,0.0,94.2,32.1,8.0,64.8,14.0,0.5,0.6,0.6,-4.3,0.0,3.9,-1.0,8.0,5.4,14.0,0.5,0.6,0.6,-5.5,0.0,10.8,-0.1,8.0,12.3,14.0,0.5,0.6,0.6,245.5,949.5,3453.5,2564.5,8.0,4116.5,14.0,0.5,0.6,0.6,245.0,950.0,3455.0,2565.0,8.0,4115.0,14.0,0.5,0.6,0.6
1974,2,231.0,44.0,8.0,10.0,10.5,9.5,6.0,1.18,14.0,0.8,0.5,0.6,6.06,7.5,8.89,7.5,8.0,1.34,16.0,0.8,0.6,0.6,4.36,5.45,6.24,5.42,6.0,1.14,14.0,0.8,0.5,0.6,73.5,80.5,89.8,81.6,6.0,11.4,14.0,0.8,0.6,6.31,12.35,16.27,11.39,8.0,4.89,16.0,0.8,0.6,0.6,-5.96,4.9,11.18,3.86,8.0,8.33,16.0,0.8,0.6,0.6,-3.44,4.37,13.21,4.95,8.0,7.6,16.0,0.8,0.6,0.6,1006.76,1014.5,1018.53,1013.43,8.0,12.98,16.0,0.8,0.6,0.6,3.2,8.0,8.0,6.3,8.0,2.5,16.0,0.8,0.6,0.6,-79.8,32.2,188.3,44.9,8.0,123.9,16.0,0.8,0.6,0.6,-18.8,40.5,225.8,80.2,8.0,112.7,16.0,0.8,0.6,0.6,0.0,1.0,4.0,1.67,6.0,1.89,14.0,0.8,0.5,0.6,0.0,10.8,29.6,17.9,6.0,25.2,14.0,0.8,0.5,0.6,0.84,1.62,3.17,1.96,6.0,1.24,14.0,0.8,0.5,0.6,9.7,12.0,36.7,22.9,6.0,21.7,14.0,0.8,0.5,0.6,-47.7,42.1,85.1,28.8,8.0,61.6,16.0,0.8,0.6,0.6,-24.5,29.3,103.2,38.1,8.0,57.7,16.0,0.8,0.6,0.6,-36.0,18.6,58.3,12.6,6.0,46.7,14.0,0.8,0.5,0.6,-20.9,28.5,71.5,27.6,6.0,47.3,14.0,0.8,0.5,0.6,-10.7,4.5,11.6,0.1,6.0,17.9,14.0,0.8,0.5,0.6,-5.5,4.4,29.4,11.7,6.0,24.8,14.0,0.8,0.5,0.6,253.5,1924.5,4325.0,2174.5,8.0,2002.5,16.0,0.8,0.6,0.6,255.0,1925.0,4325.0,2175.0,8.0,2005.0,16.0,0.8,0.6,0.6
1974,2,231.0,45.0,8.19,9.0,10.11,9.43,7.0,1.5,18.0,0.3,0.5,0.4,5.9,7.8,8.5,7.53,9.0,1.58,18.0,0.3,0.5,0.5,4.78,5.27,5.92,5.43,8.0,0.78,18.0,0.4,0.5,0.5,79.6,86.8,92.0,84.5,8.0,11.9,18.0,0.4,0.5,4.73,7.2,12.93,8.18,9.0,3.9,18.0,0.3,0.5,0.5,-2.1,1.61,7.95,2.52,9.0,5.27,18.0,0.3,0.5,0.5,-1.12,4.79,8.6,4.78,9.0,5.47,18.0,0.3,0.5,0.5,1007.08,1015.0,1026.26,1015.5,9.0,10.18,18.0,0.3,0.5,0.5,3.1,6.5,7.9,5.6,8.0,2.3,18.0,0.3,0.5,0.5,-14.3,8.9,77.3,28.6,9.0,64.7,18.0,0.3,0.5,0.5,-5.7,24.4,94.5,48.3,9.0,68.4,18.0,0.3,0.5,0.5,-0.01,2.0,3.07,1.89,7.0,1.68,18.0,0.3,0.5,0.4,-0.1,15.3,28.9,17.0,7.0,16.9,18.0,0.3,0.5,0.4,0.75,1.54,2.51,1.65,6.0,1.24,16.0,0.3,0.5,0.4,5.2,10.0,26.0,14.6,6.0,13.6,16.0,0.3,0.5,0.4,-17.0,13.7,59.6,18.5,9.0,38.0,18.0,0.3,0.5,0.5,-6.6,38.5,73.1,39.0,9.0,44.6,18.0,0.3,0.5,0.5,-13.7,7.8,14.9,6.2,8.0,21.5,18.0,0.4,0.5,0.5,-11.5,22.2,52.8,26.5,8.0,34.0,18.0,0.4,0.5,0.5,-4.2,0.8,10.4,5.3,6.0,15.2,16.0,0.3,0.5,0.4,-6.0,4.4,13.0,4.1,6.0,12.5,16.0,0.3,0.5,0.4,107.0,373.0,2256.0,903.5,9.0,1085.5,18.0,0.3,0.5,0.5,105.0,375.0,2255.0,905.0,9.0,1085.0,18.0,0.3,0.5,0.5
1974,2,231.0,46.0,6.0,7.35,8.03,7.23,6.0,1.13,18.0,0.5,0.7,0.5,4.73,6.7,8.18,6.48,5.0,1.87,20.0,0.4,0.7,0.6,4.88,5.72,6.4,5.64,4.0,0.89,22.0,0.5,0.8,0.7,88.4,93.0,93.7,91.2,4.0,4.4,22.0,0.5,0.7,7.44,10.3,14.83,10.47,6.0,4.84,18.0,0.5,0.7,0.5,-2.67,2.82,8.49,2.92,6.0,5.65,18.0,0.5,0.7,0.5,-4.36,2.21,14.63,3.61,6.0,9.85,18.0,0.5,0.7,0.5,1005.04,1019.5,1028.54,1016.22,6.0,17.1,18.0,0.5,0.7,0.5,8.0,8.0,8.0,8.0,5.0,0.0,16.0,0.4,0.6,0.5,-12.5,35.6,94.5,36.9,6.0,58.1,18.0,0.5,0.7,0.5,-41.1,19.3,217.4,62.7,6.0,139.1,18.0,0.5,0.7,0.5,-0.81,0.9,2.01,0.66,5.0,1.46,20.0,0.4,0.7,0.6,-12.4,7.8,20.7,4.7,5.0,17.5,20.0,0.4,0.7,0.6,0.04,0.6,1.52,0.77,4.0,0.9,22.0,0.5,0.8,0.7,0.6,6.3,15.6,8.0,4.0,9.2,22.0,0.5,0.8,0.7,-5.3,41.7,52.3,27.4,5.0,33.3,20.0,0.4,0.7,0.6,-24.1,23.6,123.0,43.0,5.0,76.6,20.0,0.4,0.7,0.6,-8.7,18.0,42.8,17.1,4.0,30.6,22.0,0.5,0.8,0.7,-15.3,55.2,95.8,40.9,4.0,68.3,22.0,0.5,0.8,0.7,-2.0,0.0,9.6,3.6,4.0,10.0,22.0,0.5,0.8,0.7,-5.6,0.6,4.1,-0.7,4.0,7.3,22.0,0.5,0.8,0.7,526.0,1092.5,3297.0,1723.5,6.0,1679.0,18.0,0.5,0.7,0.5,525.0,1095.0,3295.0,1725.0,6.0,1680.0,18.0,0.5,0.7,0.5
1974,2,231.0,47.0,6.75,7.5,7.74,7.28,5.0,0.56,16.0,0.4,0.5,0.5,5.56,6.75,7.94,6.54,8.0,1.8,20.0,0.5,0.6,0.6,4.8,5.33,5.72,5.22,5.0,0.68,16.0,0.6,0.7,0.7,81.8,89.0,92.2,86.6,5.0,8.3,16.0,0.6,0.7,4.9,8.2,12.41,8.69,7.0,6.25,18.0,0.6,0.5,0.6,-1.79,3.91,8.26,1.03,7.0,10.4,18.0,0.6,0.5,0.6,-0.18,1.42,3.8,1.9,7.0,3.68,18.0,0.6,0.5,0.6,991.0,1011.6,1024.06,1009.95,8.0,17.9,20.0,0.5,0.6,0.6,3.0,8.0,8.0,6.1,7.0,2.6,18.0,0.6,0.5,0.6,-20.8,19.9,69.9,-23.4,7.0,181.2,18.0,0.6,0.5,0.6,-1.0,11.7,67.5,21.3,7.0,35.7,18.0,0.6,0.5,0.6,0.04,0.3,1.76,0.78,5.0,1.05,16.0,0.4,0.5,0.5,-1.6,2.5,9.5,3.5,5.0,6.4,16.0,0.4,0.5,0.5,0.71,1.09,1.78,1.24,4.0,0.7,16.0,0.5,0.6,0.6,3.6,6.9,9.8,6.7,4.0,4.8,16.0,0.5,0.6,0.6,-8.0,21.5,65.7,19.1,7.0,48.6,18.0,0.6,0.5,0.6,-1.1,10.7,20.1,11.8,7.0,25.4,18.0,0.6,0.5,0.6,-1.7,17.8,29.9,16.0,5.0,20.2,16.0,0.6,0.7,0.7,-3.8,8.2,27.9,11.9,5.0,22.7,16.0,0.6,0.7,0.7,-0.3,2.6,7.5,3.6,4.0,4.8,16.0,0.5,0.6,0.6,-4.1,2.3,5.7,0.9,4.0,6.5,16.0,0.5,0.6,0.6,126.5,551.5,2063.5,1699.0,7.0,3158.5,18.0,0.6,0.5,0.6,125.0,550.0,2065.0,1700.0,7.0,3160.0,18.0,0.6,0.5,0.6
1974,2,231.0,48.0,6.27,7.05,7.8,7.06,12.0,0.97,14.0,0.4,0.5,0.5,5.49,7.5,8.54,7.09,13.0,1.74,16.0,0.5,0.5,0.5,4.48,5.07,5.64,5.06,10.0,0.84,14.0,0.4,0.6,0.4,73.8,83.3,87.1,81.1,10.0,6.7,14.0,0.4,0.4,5.1,13.65,16.06,11.84,12.0,5.97,14.0,0.5,0.5,0.5,-4.88,3.07,10.94,3.37,12.0,6.62,14.0,0.5,0.5,0.5,-0.8,5.24,15.09,6.57,12.0,9.23,14.0,0.5,0.5,0.5,1000.36,1010.2,1019.73,1010.07,13.0,14.5,16.0,0.5,0.5,0.5,8.0,8.0,8.0,7.7,10.0,0.9,12.0,0.6,0.5,0.5,-69.9,18.8,155.3,31.5,12.0,96.4,14.0,0.5,0.5,0.5,-3.3,36.8,243.6,109.8,12.0,180.4,14.0,0.5,0.5,0.5,-1.25,0.0,1.16,-0.04,12.0,1.44,14.0,0.4,0.5,0.5,-14.2,0.0,11.2,-1.4,11.0,17.9,14.0,0.5,0.5,0.5,0.76,1.12,1.87,1.16,10.0,0.7,14.0,0.4,0.6,0.4,3.4,9.4,24.1,11.9,9.0,11.9,14.0,0.4,0.6,0.4,-35.8,21.8,71.6,23.5,12.0,50.4,14.0,0.5,0.5,0.5,-6.0,33.0,121.0,54.5,12.0,65.9,14.0,0.5,0.5,0.5,-13.4,18.8,39.2,18.4,9.0,30.5,14.0,0.4,0.6,0.4,-12.7,20.1,60.8,23.8,9.0,38.3,14.0,0.4,0.6,0.4,-5.3,3.0,7.8,3.4,9.0,10.1,14.0,0.4,0.6,0.4,-2.3,3.2,14.8,3.6,9.0,13.1,14.0,0.4,0.6,0.4,132.5,2546.0,4206.5,2864.5,12.0,3500.0,14.0,0.5,0.5,0.5,135.0,2545.0,4205.0,2865.0,12.0,3500.0,14.0,0.5,0.5,0.5
1974,2,231.0,49.0,6.0,7.5,8.36,7.33,13.0,1.12,12.0,0.5,0.4,0.6,5.6,7.0,9.0,7.37,15.0,1.83,12.0,0.5,0.5,0.6,4.95,5.54,6.8,5.76,12.0,0.99,10.0,0.6,0.5,0.5,81.0,88.5,93.5,88.0,12.0,6.8,10.0,0.6,0.5,7.56,10.3,12.91,10.24,13.0,2.89,10.0,0.5,0.5,0.6,-6.44,2.8,8.72,1.15,13.0,7.09,10.0,0.5,0.5,0.6,-6.57,4.75,10.53,3.87,13.0,7.35,10.0,0.5,0.5,0.6,996.03,1008.65,1014.87,1007.21,14.0,11.5,12.0,0.5,0.5,0.6,8.0,8.0,8.0,7.6,13.0,1.4,10.0,0.5,0.5,0.5,-84.4,24.7,87.6,4.7,13.0,81.3,10.0,0.5,0.5,0.6,-65.0,29.6,111.6,45.2,13.0,92.3,10.0,0.5,0.5,0.6,-1.73,0.0,1.16,0.13,13.0,1.74,12.0,0.5,0.4,0.6,-6.9,0.0,19.1,4.3,11.0,17.1,12.0,0.5,0.5,0.6,-0.02,1.0,1.42,0.84,11.0,0.98,12.0,0.5,0.5,0.6,-0.2,9.2,19.9,9.6,10.0,10.8,12.0,0.6,0.5,0.6,-48.3,20.2,60.6,13.4,13.0,53.2,10.0,0.5,0.5,0.6,-39.3,40.1,63.1,31.9,13.0,54.0,10.0,0.5,0.5,0.6,-30.9,16.2,51.0,14.5,11.0,38.6,10.0,0.6,0.5,0.5,-14.1,31.6,60.5,28.6,11.0,41.1,10.0,0.6,0.5,0.5,-6.4,-0.1,4.0,-1.8,10.0,7.0,12.0,0.6,0.5,0.6,-5.6,1.8,15.9,4.8,10.0,11.9,12.0,0.6,0.5,0.6,435.5,1092.5,2151.5,1312.0,13.0,1005.5,10.0,0.5,0.5,0.6,435.0,1095.0,2150.0,1310.0,13.0,1005.0,10.0,0.5,0.5,0.6
1974,2,231.0,50.0,5.63,6.1,7.07,6.26,5.0,0.88,20.0,1.0,0.6,0.6,2.8,3.9,5.78,4.24,5.0,1.55,20.0,1.0,0.6,0.6,4.62,4.67,5.03,4.8,5.0,0.26,20.0,1.0,0.6,0.6,89.0,90.7,100.0,93.5,5.0,6.2,20.0,1.0,0.6,1.9,6.7,10.85,6.36,5.0,4.92,20.0,1.0,0.6,0.6,-7.7,-5.8,-0.65,-4.46,5.0,3.71,20.0,1.0,0.6,0.6,1.79,3.35,7.5,4.37,5.0,3.51,20.0,1.0,0.6,0.6,999.42,1003.0,1017.18,1008.2,5.0,13.72,20.0,1.0,0.6,0.6,6.6,8.0,8.0,7.4,5.0,0.9,20.0,1.0,0.6,0.6,-84.3,-38.9,-2.0,-42.5,5.0,42.1,20.0,1.0,0.6,0.6,5.4,22.4,82.2,41.2,5.0,45.1,20.0,1.0,0.6,0.6,1.03,1.6,3.24,2.02,5.0,1.15,20.0,1.0,0.6,0.6,1.7,7.4,24.4,12.6,5.0,14.0,20.0,1.0,0.6,0.6,1.05,1.17,1.21,1.12,5.0,0.14,20.0,1.0,0.6,0.6,2.2,5.9,13.1,7.2,5.0,6.0,20.0,1.0,0.6,0.6,-29.9,-22.1,-4.0,-18.7,5.0,16.6,20.0,1.0,0.6,0.6,8.3,17.2,30.3,19.9,5.0,18.7,20.0,1.0,0.6,0.6,-37.7,-26.6,-3.2,-21.6,5.0,18.1,20.0,1.0,0.6,0.6,8.8,15.3,36.7,21.4,5.0,18.0,20.0,1.0,0.6,0.6,-9.3,-5.1,-0.7,-5.0,5.0,4.4,20.0,1.0,0.6,0.6,1.9,3.2,9.1,5.0,5.0,4.4,20.0,1.0,0.6,0.6,17.0,301.0,1293.5,612.5,5.0,726.0,20.0,1.0,0.6,0.6,15.0,300.0,1295.0,615.0,5.0,725.0,20.0,1.0,0.6,0.6
1974,2,231.0,52.0,4.53,4.8,5.69,5.1,3.0,0.89,26.0,0.0,0.7,0.3,3.16,3.5,4.66,3.9,3.0,1.15,26.0,0.0,0.7,0.3,3.84,3.96,4.56,4.2,3.0,0.56,26.0,0.0,0.7,0.3,79.1,83.0,86.5,82.8,3.0,5.4,26.0,0.0,0.3,5.1,5.1,9.33,7.17,3.0,3.58,26.0,0.0,0.7,0.3,-7.15,-3.91,-1.24,-4.19,3.0,4.33,26.0,0.0,0.7,0.3,-2.44,3.28,6.0,1.81,3.0,6.31,26.0,0.0,0.7,0.3,997.04,1004.0,1008.03,1002.57,3.0,8.15,26.0,0.0,0.7,0.3,1.9,6.0,7.4,4.7,3.0,4.2,26.0,0.0,0.7,0.3,-73.1,-19.9,-6.3,-39.2,3.0,51.7,26.0,0.0,0.7,0.3,-12.4,16.7,61.3,24.3,3.0,54.4,26.0,0.0,0.7,0.3,0.17,1.4,2.22,1.2,3.0,1.51,26.0,0.0,0.7,0.3,-0.8,7.1,11.3,5.3,3.0,9.0,26.0,0.0,0.7,0.3,0.76,1.31,1.85,1.3,3.0,0.8,26.0,0.0,0.7,0.3,6.0,6.7,9.4,7.7,3.0,2.7,26.0,0.0,0.7,0.3,-35.1,-13.7,-4.3,-19.6,3.0,23.1,26.0,0.0,0.7,0.3,-6.8,11.5,29.4,11.3,3.0,26.5,26.0,0.0,0.7,0.3,-33.3,-14.8,-4.7,-18.9,3.0,21.2,26.0,0.0,0.7,0.3,-9.9,12.4,27.9,9.1,3.0,27.8,26.0,0.0,0.7,0.3,-7.0,-4.3,-1.4,-4.2,3.0,4.1,26.0,0.0,0.7,0.3,-3.4,3.6,5.8,1.3,3.0,7.1,26.0,0.0,0.7,0.3,132.5,132.5,1027.0,569.5,3.0,756.5,26.0,0.0,0.7,0.3,135.0,135.0,1025.0,570.0,3.0,755.0,26.0,0.0,0.7,0.3
1974,2,232.0,-42.0,17.0,17.0,17.0,17.0,1.0,0.0,26.0,1.0,0.2,0.8,16.5,16.5,16.5,16.5,1.0,0.0,26.0,1.0,0.2,0.8,9.38,9.38,9.38,9.38,1.0,0.0,26.0,1.0,0.2,0.8,81.4,81.4,81.4,81.4,1.0,0.0,26.0,1.0,0.8,,,,,,,,,,,,,,,,,,,,,,,,,,,,,,,,,,,,,,,,,,,,,,,,,,,,,,,,,,,,,,,,,,,,,,,,,,,,,,,,,,,,,,,,,,,,,,,,,,,,,,,,,,,,,,,,,,,,,,,,,,,,,,,,,,,,,,,,,,,,,,,,,,,,,,,,,,,,,,,,,,,,,,,,,,,,,,,,,,,,,,,,,,,,,,
1974,2,232.0,-35.0,22.1,22.1,22.1,22.1,1.0,0.0,2.0,1.0,0.1,0.9,23.8,23.8,23.8,23.8,1.0,0.0,2.0,1.0,0.1,0.9,13.48,13.48,13.48,13.48,1.0,0.0,2.0,1.0,0.1,0.9,74.5,74.5,74.5,74.5,1.0,0.0,2.0,1.0,0.9,5.7,5.7,5.7,5.7,1.0,0.0,2.0,1.0,0.1,0.9,-4.94,-4.94,-4.94,-4.94,1.0,0.0,2.0,1.0,0.1,0.9,-2.85,-2.85,-2.85,-2.85,1.0,0.0,2.0,1.0,0.1,0.9,1026.2,1026.2,1026.2,1026.2,1.0,0.0,2.0,1.0,0.1,0.9,1.0,1.0,1.0,1.0,1.0,0.0,2.0,1.0,0.1,0.9,-28.1,-28.1,-28.1,-28.1,1.0,0.0,2.0,1.0,0.1,0.9,-16.2,-16.2,-16.2,-16.2,1.0,0.0,2.0,1.0,0.1,0.9,-1.7,-1.7,-1.7,-1.7,1.0,0.0,2.0,1.0,0.1,0.9,-9.7,-9.7,-9.7,-9.7,1.0,0.0,2.0,1.0,0.1,0.9,2.87,2.87,2.87,2.87,1.0,0.0,2.0,1.0,0.1,0.9,16.4,16.4,16.4,16.4,1.0,0.0,2.0,1.0,0.1,0.9,-117.5,-117.5,-117.5,-117.5,1.0,0.0,2.0,1.0,0.1,0.9,-67.8,-67.8,-67.8,-67.8,1.0,0.0,2.0,1.0,0.1,0.9,-66.6,-66.6,-66.6,-66.6,1.0,0.0,2.0,1.0,0.1,0.9,-38.4,-38.4,-38.4,-38.4,1.0,0.0,2.0,1.0,0.1,0.9,-14.2,-14.2,-14.2,-14.2,1.0,0.0,2.0,1.0,0.1,0.9,-8.2,-8.2,-8.2,-8.2,1.0,0.0,2.0,1.0,0.1,0.9,185.0,185.0,185.0,185.0,1.0,0.0,2.0,1.0,0.1,0.9,185.0,185.0,185.0,185.0,1.0,0.0,2.0,1.0,0.1,0.9
1974,2,232.0,-33.0,,,,,,,,,,,,,,,,,,,,,,,,,,,,,,,,,,,,,,,,5.14,6.3,7.46,6.3,2.0,2.4,6.0,0.5,0.6,0.5,-1.99,1.3,4.6,1.3,2.0,6.83,6.0,0.5,0.6,0.5,-4.8,-4.05,-3.3,-4.05,2.0,1.55,6.0,0.5,0.6,0.5,1020.05,1022.3,1024.55,1022.3,2.0,4.67,6.0,0.5,0.6,0.5,3.2,3.5,3.8,3.5,2.0,0.7,6.0,0.5,0.6,0.5,-5.9,16.4,38.7,16.4,2.0,46.1,6.0,0.5,0.6,0.5,-36.8,-27.4,-18.0,-27.4,2.0,19.5,6.0,0.5,0.6,0.5,,,,,,,,,,,,,,,,,,,,,,,,,,,,,,,,,,,,,,,,,-45.4,34.2,113.7,34.2,2.0,164.9,6.0,0.5,0.6,0.5,-117.4,-97.8,-78.3,-97.8,2.0,40.5,6.0,0.5,0.6,0.5,-50.6,-50.6,-50.6,-50.6,1.0,0.0,2.0,1.0,0.3,0.3,-42.5,-42.5,-42.5,-42.5,1.0,0.0,2.0,1.0,0.3,0.3,,,,,,,,,,,,,,,,,,,,,,,,,,,,,,,,,,,,,,,,
1974,2,232.0,-32.0,25.66,25.8,25.94,25.8,2.0,0.28,12.0,1.0,0.6,0.4,25.8,25.8,25.8,25.8,1.0,0.0,14.0,1.0,0.5,0.4,16.86,16.86,16.86,16.86,1.0,0.0,14.0,1.0,0.5,0.4,82.0,82.0,82.0,82.0,1.0,0.0,14.0,1.0,0.4,6.07,6.85,7.63,6.85,2.0,1.63,12.0,1.0,0.6,0.4,2.61,4.04,5.47,4.04,2.0,2.95,12.0,1.0,0.6,0.4,-5.32,-5.25,-5.18,-5.25,2.0,0.15,12.0,1.0,0.6,0.4,1020.0,1020.0,1020.0,1020.0,2.0,0.0,12.0,1.0,0.6,0.4,3.0,3.0,3.0,3.0,2.0,0.0,12.0,1.0,0.6,0.4,17.1,30.1,43.0,30.1,2.0,26.8,12.0,1.0,0.6,0.4,-39.5,-35.8,-32.2,-35.8,2.0,7.5,12.0,1.0,0.6,0.4,-0.2,-0.2,-0.2,-0.2,1.0,0.0,14.0,1.0,0.5,0.4,-1.1,-1.1,-1.1,-1.1,1.0,0.0,14.0,1.0,0.5,0.4,3.5,3.5,3.5,3.5,1.0,0.0,14.0,1.0,0.5,0.4,19.9,19.9,19.9,19.9,1.0,0.0,14.0,1.0,0.5,0.4,50.3,50.3,50.3,50.3,1.0,0.0,14.0,1.0,0.5,0.4,-138.2,-138.2,-138.2,-138.2,1.0,0.0,14.0,1.0,0.5,0.4,32.9,32.9,32.9,32.9,1.0,0.0,14.0,1.0,0.5,0.4,-90.3,-90.3,-90.3,-90.3,1.0,0.0,14.0,1.0,0.5,0.4,6.8,6.8,6.8,6.8,1.0,0.0,14.0,1.0,0.5,0.4,-18.7,-18.7,-18.7,-18.7,1.0,0.0,14.0,1.0,0.5,0.4,237.0,348.5,460.0,348.5,2.0,231.0,12.0,1.0,0.6,0.4,235.0,350.0,460.0,350.0,2.0,230.0,12.0,1.0,0.6,0.4
1974,2,232.0,-31.0,26.7,26.7,26.7,26.7,1.0,0.0,28.0,1.0,0.5,0.8,26.0,26.0,26.0,26.0,1.0,0.0,28.0,1.0,0.5,0.8,16.04,16.04,16.04,16.04,1.0,0.0,28.0,1.0,0.5,0.8,77.2,77.2,77.2,77.2,1.0,0.0,28.0,1.0,0.8,4.6,4.6,4.6,4.6,1.0,0.0,28.0,1.0,0.5,0.8,-3.52,-3.52,-3.52,-3.52,1.0,0.0,28.0,1.0,0.5,0.8,-2.96,-2.96,-2.96,-2.96,1.0,0.0,28.0,1.0,0.5,0.8,1020.6,1020.6,1020.6,1020.6,1.0,0.0,28.0,1.0,0.5,0.8,5.0,5.0,5.0,5.0,1.0,0.0,28.0,1.0,0.5,0.8,-16.2,-16.2,-16.2,-16.2,1.0,0.0,28.0,1.0,0.5,0.8,-13.6,-13.6,-13.6,-13.6,1.0,0.0,28.0,1.0,0.5,0.8,0.7,0.7,0.7,0.7,1.0,0.0,28.0,1.0,0.5,0.8,3.2,3.2,3.2,3.2,1.0,0.0,28.0,1.0,0.5,0.8,5.69,5.69,5.69,5.69,1.0,0.0,28.0,1.0,0.5,0.8,26.2,26.2,26.2,26.2,1.0,0.0,28.0,1.0,0.5,0.8,-91.6,-91.6,-91.6,-91.6,1.0,0.0,28.0,1.0,0.5,0.8,-76.9,-76.9,-76.9,-76.9,1.0,0.0,28.0,1.0,0.5,0.8,-56.5,-56.5,-56.5,-56.5,1.0,0.0,28.0,1.0,0.5,0.8,-47.4,-47.4,-47.4,-47.4,1.0,0.0,28.0,1.0,0.5,0.8,-20.1,-20.1,-20.1,-20.1,1.0,0.0,28.0,1.0,0.5,0.8,-16.8,-16.8,-16.8,-16.8,1.0,0.0,28.0,1.0,0.5,0.8,97.5,97.5,97.5,97.5,1.0,0.0,28.0,1.0,0.5,0.8,95.0,95.0,95.0,95.0,1.0,0.0,28.0,1.0,0.5,0.8
1974,2,232.0,-30.0,26.1,26.1,26.1,26.1,1.0,0.0,6.0,1.0,0.7,0.2,26.1,26.1,26.1,26.1,1.0,0.0,6.0,1.0,0.7,0.2,16.52,16.52,16.52,16.52,1.0,0.0,6.0,1.0,0.7,0.2,79.1,79.1,79.1,79.1,1.0,0.0,6.0,1.0,0.2,3.6,3.6,3.6,3.6,1.0,0.0,6.0,1.0,0.7,0.2,-2.76,-2.76,-2.76,-2.76,1.0,0.0,6.0,1.0,0.7,0.2,-2.31,-2.31,-2.31,-2.31,1.0,0.0,6.0,1.0,0.7,0.2,1022.4,1022.4,1022.4,1022.4,1.0,0.0,6.0,1.0,0.7,0.2,6.0,6.0,6.0,6.0,1.0,0.0,6.0,1.0,0.7,0.2,-9.9,-9.9,-9.9,-9.9,1.0,0.0,6.0,1.0,0.7,0.2,-8.3,-8.3,-8.3,-8.3,1.0,0.0,6.0,1.0,0.7,0.2,0.0,0.0,0.0,0.0,1.0,0.0,6.0,1.0,0.7,0.2,0.0,0.0,0.0,0.0,1.0,0.0,6.0,1.0,0.7,0.2,4.42,4.42,4.42,4.42,1.0,0.0,6.0,1.0,0.7,0.2,15.9,15.9,15.9,15.9,1.0,0.0,6.0,1.0,0.7,0.2,-72.0,-72.0,-72.0,-72.0,1.0,0.0,6.0,1.0,0.7,0.2,-60.4,-60.4,-60.4,-60.4,1.0,0.0,6.0,1.0,0.7,0.2,-45.5,-45.5,-45.5,-45.5,1.0,0.0,6.0,1.0,0.7,0.2,-38.2,-38.2,-38.2,-38.2,1.0,0.0,6.0,1.0,0.7,0.2,-12.2,-12.2,-12.2,-12.2,1.0,0.0,6.0,1.0,0.7,0.2,-10.2,-10.2,-10.2,-10.2,1.0,0.0,6.0,1.0,0.7,0.2,46.5,46.5,46.5,46.5,1.0,0.0,6.0,1.0,0.7,0.2,45.0,45.0,45.0,45.0,1.0,0.0,6.0,1.0,0.7,0.2
1974,2,232.0,-28.0,,,,,,,,,,,,,,,,,,,,,,,,,,,,,,,,,,,,,,,,5.1,5.1,5.1,5.1,1.0,0.0,18.0,0.0,0.4,0.5,-2.55,-2.55,-2.55,-2.55,1.0,0.0,18.0,0.0,0.4,0.5,-4.42,-4.42,-4.42,-4.42,1.0,0.0,18.0,0.0,0.4,0.5,1020.8,1020.8,1020.8,1020.8,1.0,0.0,18.0,0.0,0.4,0.5,5.0,5.0,5.0,5.0,1.0,0.0,18.0,0.0,0.4,0.5,-13.0,-13.0,-13.0,-13.0,1.0,0.0,18.0,0.0,0.4,0.5,-22.5,-22.5,-22.5,-22.5,1.0,0.0,18.0,0.0,0.4,0.5,,,,,,,,,,,,,,,,,,,,,,,,,,,,,,,,,,,,,,,,,-62.7,-62.7,-62.7,-62.7,1.0,0.0,18.0,0.0,0.4,0.5,-108.7,-108.7,-108.7,-108.7,1.0,0.0,18.0,0.0,0.4,0.5,-44.3,-44.3,-44.3,-44.3,1.0,0.0,18.0,0.0,0.4,0.5,-76.7,-76.7,-76.7,-76.7,1.0,0.0,18.0,0.0,0.4,0.5,,,,,,,,,,,,,,,,,,,,,,,,,,,,,,,,,,,,,,,,
1974,2,232.0,-27.0,,,,,,,,,,,,,,,,,,,,,,,,,,,,,,,,,,,,,,,,6.0,6.0,6.0,6.0,1.0,0.0,28.0,1.0,0.5,0.8,-6.0,-6.0,-6.0,-6.0,1.0,0.0,28.0,1.0,0.5,0.8,0.0,0.0,0.0,0.0,1.0,0.0,28.0,1.0,0.5,0.8,1025.6,1025.6,1025.6,1025.6,1.0,0.0,28.0,1.0,0.5,0.8,,,,,,,,,,,,,,,,,,,,,,,,,,,,,,,,,,,,,,,,,,,,,,,,,,,,,,,,,,,,,,,,,,,,,,,,,,,,,,,,,,,,,,,,,,,,,,,,,,,,,,,,,,,,,,,,,,,,,,,,,,,,,,,,,,,,,,,,,,,,,,,,,,,,,,
1974,2,232.0,-26.0,25.0,25.0,25.0,25.0,1.0,0.0,14.0,1.0,0.8,0.9,26.1,26.1,26.1,26.1,1.0,0.0,14.0,1.0,0.8,0.9,12.41,12.41,12.41,12.41,1.0,0.0,14.0,1.0,0.8,0.9,59.5,59.5,59.5,59.5,1.0,0.0,14.0,1.0,0.9,4.6,4.6,4.6,4.6,1.0,0.0,14.0,1.0,0.8,0.9,-3.98,-3.98,-3.98,-3.98,1.0,0.0,14.0,1.0,0.8,0.9,2.3,2.3,2.3,2.3,1.0,0.0,14.0,1.0,0.8,0.9,1020.0,1020.0,1020.0,1020.0,1.0,0.0,14.0,1.0,0.8,0.9,2.0,2.0,2.0,2.0,1.0,0.0,14.0,1.0,0.8,0.9,-18.3,-18.3,-18.3,-18.3,1.0,0.0,14.0,1.0,0.8,0.9,10.6,10.6,10.6,10.6,1.0,0.0,14.0,1.0,0.8,0.9,-1.1,-1.1,-1.1,-1.1,1.0,0.0,14.0,1.0,0.8,0.9,-5.1,-5.1,-5.1,-5.1,1.0,0.0,14.0,1.0,0.8,0.9,7.22,7.22,7.22,7.22,1.0,0.0,14.0,1.0,0.8,0.9,33.2,33.2,33.2,33.2,1.0,0.0,14.0,1.0,0.8,0.9,-104.0,-104.0,-104.0,-104.0,1.0,0.0,14.0,1.0,0.8,0.9,60.0,60.0,60.0,60.0,1.0,0.0,14.0,1.0,0.8,0.9,-49.5,-49.5,-49.5,-49.5,1.0,0.0,14.0,1.0,0.8,0.9,28.6,28.6,28.6,28.6,1.0,0.0,14.0,1.0,0.8,0.9,-28.8,-28.8,-28.8,-28.8,1.0,0.0,14.0,1.0,0.8,0.9,16.6,16.6,16.6,16.6,1.0,0.0,14.0,1.0,0.8,0.9,97.5,97.5,97.5,97.5,1.0,0.0,14.0,1.0,0.8,0.9,95.0,95.0,95.0,95.0,1.0,0.0,14.0,1.0,0.8,0.9
1974,2,232.0,-25.0,25.4,25.4,26.15,25.77,3.0,0.64,12.0,0.0,0.7,0.9,24.0,25.15,25.46,24.75,4.0,1.13,10.0,0.3,0.7,0.9,14.86,15.26,15.66,15.26,4.0,0.47,10.0,0.3,0.7,0.9,75.7,78.3,82.4,79.0,4.0,4.2,10.0,0.3,0.9,4.6,5.65,7.49,6.03,4.0,1.76,10.0,0.3,0.7,0.9,-6.09,-4.32,-4.31,-5.16,4.0,1.69,10.0,0.3,0.7,0.9,-0.72,1.57,3.44,1.37,4.0,3.25,10.0,0.3,0.7,0.9,1016.79,1018.65,1019.88,1018.35,4.0,2.08,10.0,0.3,0.7,0.9,1.5,3.5,5.0,3.3,4.0,2.1,10.0,0.3,0.7,0.9,-46.8,-24.4,-19.9,-33.0,4.0,20.6,10.0,0.3,0.7,0.9,-8.6,7.2,21.5,6.5,4.0,23.4,10.0,0.3,0.7,0.9,0.54,1.5,2.05,1.3,3.0,1.11,12.0,0.0,0.7,0.9,2.7,6.9,9.4,6.1,3.0,4.9,12.0,0.0,0.7,0.9,5.21,5.41,5.64,5.42,3.0,0.31,12.0,0.0,0.7,0.9,25.4,26.4,37.0,31.1,3.0,9.5,12.0,0.0,0.7,0.9,-154.6,-109.2,-103.8,-128.3,4.0,44.7,10.0,0.3,0.7,0.9,-19.9,37.8,87.6,34.0,4.0,82.7,10.0,0.3,0.7,0.9,-93.0,-67.5,-65.2,-78.6,4.0,24.7,10.0,0.3,0.7,0.9,-11.0,24.0,53.6,21.4,4.0,49.8,10.0,0.3,0.7,0.9,-34.8,-24.8,-23.8,-29.2,3.0,8.9,12.0,0.0,0.7,0.9,-7.1,8.5,8.9,1.1,3.0,13.4,12.0,0.0,0.7,0.9,97.5,199.0,432.0,261.5,4.0,215.5,10.0,0.3,0.7,0.9,95.0,200.0,430.0,260.0,4.0,215.0,10.0,0.3,0.7,0.9
1974,2,232.0,-24.0,25.77,27.0,28.3,27.03,3.0,1.85,18.0,0.7,0.4,0.4,25.55,26.3,26.57,26.07,3.0,0.78,18.0,0.7,0.4,0.4,14.98,15.76,15.83,15.41,3.0,0.69,18.0,0.7,0.4,0.4,69.7,74.5,78.2,74.0,3.0,6.2,18.0,0.7,0.4,6.83,8.2,9.63,8.23,3.0,2.05,18.0,0.7,0.4,0.4,-7.61,-6.62,-6.27,-6.93,3.0,1.02,18.0,0.7,0.4,0.4,-0.63,1.08,5.73,2.51,3.0,4.82,18.0,0.7,0.4,0.4,1019.62,1020.1,1020.17,1019.9,3.0,0.44,18.0,0.7,0.4,0.4,2.6,4.0,4.7,3.7,3.0,1.5,18.0,0.7,0.4,0.4,-67.6,-66.2,-46.9,-57.4,3.0,17.0,18.0,0.7,0.4,0.4,-5.9,6.7,57.6,25.4,3.0,49.2,18.0,0.7,0.4,0.4,-0.45,1.8,2.35,0.97,3.0,2.17,18.0,0.7,0.4,0.4,-7.0,11.2,18.1,5.7,3.0,19.0,18.0,0.7,0.4,0.4,5.58,6.29,8.16,6.86,3.0,1.95,18.0,0.7,0.4,0.4,43.8,54.1,67.7,55.7,3.0,17.5,18.0,0.7,0.4,0.4,-201.1,-176.8,-161.1,-181.0,3.0,29.5,18.0,0.7,0.4,0.4,-17.0,27.1,152.4,66.8,3.0,128.7,18.0,0.7,0.4,0.4,-117.6,-96.9,-96.8,-107.0,3.0,17.6,18.0,0.7,0.4,0.4,-9.9,17.1,84.2,36.7,3.0,71.0,18.0,0.7,0.4,0.4,-61.9,-38.4,-35.9,-48.7,3.0,21.0,18.0,0.7,0.4,0.4,-6.6,6.8,30.4,11.8,3.0,27.5,18.0,0.7,0.4,0.4,337.5,551.5,921.0,627.5,3.0,432.5,18.0,0.7,0.4,0.4,340.0,550.0,920.0,625.0,3.0,430.0,18.0,0.7,0.4,0.4
1974,2,232.0,-16.0,,,,,,,,,,,,,,,,,,,,,,,,,,,,,,,,,,,,,,,,2.6,2.6,2.6,2.6,1.0,0.0,4.0,0.0,0.8,0.6,-2.56,-2.56,-2.56,-2.56,1.0,0.0,4.0,0.0,0.8,0.6,0.45,0.45,0.45,0.45,1.0,0.0,4.0,0.0,0.8,0.6,1012.5,1012.5,1012.5,1012.5,1.0,0.0,4.0,0.0,0.8,0.6,,,,,,,,,,,,,,,,,,,,,,,,,,,,,,,,,,,,,,,,,,,,,,,,,,,,,,,,,,,,,,,,,,,,,,,,,,,,,,,,,,,,,,,,,,,,,,,,,,,,,,,,,,,,,,,,,,,,,,,,,,,,,,,,,,,,,,,,,,,,,,,,,,,,,,
1974,2,232.0,-10.0,24.19,24.8,25.41,24.8,2.0,1.27,10.0,0.0,0.6,0.6,24.43,24.5,24.57,24.5,2.0,0.14,10.0,0.0,0.6,0.6,15.56,15.68,15.81,15.68,2.0,0.26,10.0,0.0,0.6,0.6,80.9,81.9,82.9,81.9,2.0,2.1,10.0,0.0,0.6,6.36,6.7,7.04,6.7,2.0,0.71,10.0,0.0,0.6,0.6,-6.98,-6.51,-6.04,-6.51,2.0,0.97,10.0,0.0,0.6,0.6,0.34,1.06,1.78,1.06,2.0,1.5,10.0,0.0,0.6,0.6,1011.87,1012.25,1012.63,1012.25,2.0,0.78,10.0,0.0,0.6,0.6,2.6,4.0,5.4,4.0,2.0,2.8,10.0,0.0,0.6,0.6,-49.3,-44.0,-38.6,-44.0,2.0,11.1,10.0,0.0,0.6,0.6,2.1,6.6,11.1,6.6,2.0,9.3,10.0,0.0,0.6,0.6,-0.25,0.3,0.85,0.3,2.0,1.13,10.0,0.0,0.6,0.6,-1.4,2.4,6.2,2.4,2.0,7.8,10.0,0.0,0.6,0.6,3.03,3.89,4.76,3.89,2.0,1.78,10.0,0.0,0.6,0.6,19.6,26.7,33.8,26.7,2.0,14.7,10.0,0.0,0.6,0.6,-171.6,-159.6,-147.7,-159.6,2.0,24.7,10.0,0.0,0.6,0.6,8.2,25.9,43.5,25.9,2.0,36.6,10.0,0.0,0.6,0.6,-108.6,-102.0,-95.5,-102.0,2.0,13.5,10.0,0.0,0.6,0.6,5.3,16.8,28.3,16.8,2.0,23.8,10.0,0.0,0.6,0.6,-33.7,-26.2,-18.8,-26.2,2.0,15.4,10.0,0.0,0.6,0.6,0.9,2.8,4.7,2.8,2.0,3.9,10.0,0.0,0.6,0.6,259.5,306.0,352.0,306.0,2.0,95.5,10.0,0.0,0.6,0.6,260.0,305.0,350.0,305.0,2.0,95.0,10.0,0.0,0.6,0.6
1974,2,232.0,-9.0,25.06,25.2,25.75,25.4,3.0,0.53,12.0,0.3,0.8,0.4,24.82,25.3,26.46,25.63,3.0,1.23,12.0,0.3,0.8,0.4,15.32,16.1,16.31,15.82,3.0,0.76,12.0,0.3,0.8,0.4,73.9,74.3,80.5,77.1,3.0,5.4,12.0,0.3,0.4,4.93,6.7,7.38,6.17,3.0,1.86,12.0,0.3,0.8,0.4,-7.17,-6.3,-3.8,-5.5,3.0,2.57,12.0,0.3,0.8,0.4,1.64,2.29,2.87,2.26,3.0,0.9,12.0,0.3,0.8,0.4,1010.09,1010.7,1010.9,1010.5,3.0,0.62,12.0,0.3,0.8,0.4,3.3,4.0,4.0,3.7,3.0,0.6,12.0,0.3,0.8,0.4,-53.2,-42.2,-20.8,-37.1,3.0,24.2,12.0,0.3,0.8,0.4,11.1,12.9,14.6,12.8,3.0,2.5,12.0,0.3,0.8,0.4,-0.71,-0.1,0.24,-0.23,3.0,0.71,12.0,0.3,0.8,0.4,-5.5,-0.7,0.9,-2.2,3.0,4.9,12.0,0.3,0.8,0.4,4.01,4.65,4.97,4.5,3.0,0.71,12.0,0.3,0.8,0.4,21.3,34.3,35.3,28.5,3.0,11.5,12.0,0.3,0.8,0.4,-190.3,-159.3,-94.8,-143.0,3.0,71.4,12.0,0.3,0.8,0.4,43.0,58.0,71.1,57.1,3.0,20.6,12.0,0.3,0.8,0.4,-114.8,-94.2,-58.8,-87.0,3.0,41.5,12.0,0.3,0.8,0.4,25.9,34.3,45.4,35.6,3.0,14.4,12.0,0.3,0.8,0.4,-34.3,-32.2,-16.9,-25.8,3.0,13.9,12.0,0.3,0.8,0.4,7.9,11.7,11.7,9.9,3.0,3.2,12.0,0.3,0.8,0.4,142.5,301.0,407.0,275.5,3.0,195.0,12.0,0.3,0.8,0.4,145.0,300.0,405.0,275.0,3.0,195.0,12.0,0.3,0.8,0.4
1974,2,232.0,-8.0,26.29,26.9,27.51,26.9,2.0,1.27,12.0,1.0,0.8,0.8,26.87,27.65,28.43,27.65,2.0,1.63,12.0,1.0,0.8,0.8,16.12,16.28,16.44,16.28,2.0,0.33,12.0,1.0,0.8,0.8,68.0,70.6,73.3,70.6,2.0,5.5,12.0,1.0,0.8,4.93,5.65,6.37,5.65,2.0,1.48,12.0,1.0,0.8,0.8,-5.57,-5.06,-4.56,-5.06,2.0,1.05,12.0,1.0,0.8,0.8,1.86,2.46,3.07,2.46,2.0,1.26,12.0,1.0,0.8,0.8,1010.68,1012.15,1013.62,1012.15,2.0,3.04,12.0,1.0,0.8,0.8,2.2,2.5,2.8,2.5,2.0,0.7,12.0,1.0,0.8,0.8,-35.9,-29.4,-22.9,-29.4,2.0,13.4,12.0,1.0,0.8,0.8,9.7,14.8,20.0,14.8,2.0,10.8,12.0,1.0,0.8,0.8,-2.15,-0.75,0.65,-0.75,2.0,2.9,12.0,1.0,0.8,0.8,-9.5,-2.1,5.3,-2.1,2.0,15.3,12.0,1.0,0.8,0.8,4.99,5.93,6.87,5.93,2.0,1.95,12.0,1.0,0.8,0.8,25.4,35.0,44.5,35.0,2.0,19.8,12.0,1.0,0.8,0.8,-149.1,-139.1,-129.1,-139.1,2.0,20.7,12.0,1.0,0.8,0.8,52.2,67.0,81.9,67.0,2.0,30.7,12.0,1.0,0.8,0.8,-89.6,-82.2,-74.8,-82.2,2.0,15.3,12.0,1.0,0.8,0.8,30.4,39.9,49.3,39.9,2.0,19.6,12.0,1.0,0.8,0.8,-38.8,-31.0,-23.3,-31.0,2.0,16.1,12.0,1.0,0.8,0.8,9.9,15.8,21.7,15.8,2.0,12.3,12.0,1.0,0.8,0.8,129.5,199.0,268.5,199.0,2.0,144.0,12.0,1.0,0.8,0.8,130.0,200.0,270.0,200.0,2.0,145.0,12.0,1.0,0.8,0.8
1974,2,232.0,-7.0,25.33,25.75,25.8,25.58,4.0,0.39,24.0,0.0,0.6,0.2,24.84,25.2,25.45,25.15,4.0,0.37,24.0,0.0,0.6,0.2,17.56,17.73,18.2,17.87,4.0,0.5,24.0,0.0,0.6,0.2,86.5,89.2,92.6,89.5,4.0,3.8,24.0,0.0,0.2,7.53,9.0,10.05,8.8,4.0,1.97,24.0,0.0,0.6,0.2,-9.44,-8.13,-5.8,-7.64,4.0,2.67,24.0,0.0,0.6,0.2,3.4,4.13,4.63,4.02,4.0,0.76,24.0,0.0,0.6,0.2,1009.84,1010.35,1012.64,1011.2,4.0,2.24,24.0,0.0,0.6,0.2,2.5,5.5,8.0,5.3,4.0,3.2,24.0,0.0,0.6,0.2,-95.8,-73.1,-46.3,-71.2,4.0,36.5,24.0,0.0,0.6,0.2,28.5,35.0,41.0,34.8,4.0,7.2,24.0,0.0,0.6,0.2,0.14,0.3,0.72,0.43,4.0,0.47,24.0,0.0,0.6,0.2,1.3,2.7,7.6,4.4,4.0,5.3,24.0,0.0,0.6,0.2,1.99,3.03,3.26,2.64,4.0,1.0,24.0,0.0,0.6,0.2,16.2,28.2,32.5,24.6,4.0,12.1,24.0,0.0,0.6,0.2,-236.4,-206.8,-146.5,-192.1,4.0,66.2,24.0,0.0,0.6,0.2,85.4,103.6,116.6,101.1,4.0,18.8,24.0,0.0,0.6,0.2,-166.0,-143.0,-104.8,-135.7,4.0,45.3,24.0,0.0,0.6,0.2,59.8,73.3,84.3,72.1,4.0,15.2,24.0,0.0,0.6,0.2,-30.6,-25.5,-13.2,-22.1,4.0,12.3,24.0,0.0,0.6,0.2,7.8,11.1,12.5,10.2,4.0,3.3,24.0,0.0,0.6,0.2,472.0,729.0,1044.5,757.0,4.0,447.0,24.0,0.0,0.6,0.2,470.0,730.0,1045.0,755.0,4.0,445.0,24.0,0.0,0.6,0.2
1974,2,232.0,-6.0,26.0,26.0,26.61,26.3,3.0,0.52,14.0,1.0,0.7,0.3,25.59,26.2,26.81,26.2,3.0,0.9,14.0,1.0,0.7,0.3,15.88,15.93,17.21,16.53,3.0,1.11,14.0,1.0,0.7,0.3,76.5,79.0,79.2,77.9,3.0,2.2,14.0,1.0,0.3,6.83,8.2,8.2,7.53,3.0,1.15,14.0,1.0,0.7,0.3,-7.71,-7.71,-6.42,-7.08,3.0,1.09,14.0,1.0,0.7,0.3,-2.59,-2.12,1.24,-0.71,3.0,3.06,14.0,1.0,0.7,0.3,1009.81,1013.5,1014.87,1012.37,3.0,3.83,14.0,1.0,0.7,0.3,3.0,3.0,3.7,3.3,3.0,0.6,14.0,1.0,0.7,0.3,-63.2,-63.2,-44.7,-54.2,3.0,15.6,14.0,1.0,0.7,0.3,-19.9,-13.1,11.5,-4.4,3.0,24.2,14.0,1.0,0.7,0.3,-0.2,-0.2,0.41,0.1,3.0,0.52,14.0,1.0,0.7,0.3,-1.6,-1.6,2.4,0.4,3.0,3.5,14.0,1.0,0.7,0.3,4.64,5.02,5.1,4.87,3.0,0.36,14.0,1.0,0.7,0.3,33.3,36.6,39.7,36.5,3.0,4.7,14.0,1.0,0.7,0.3,-206.6,-201.9,-164.7,-186.0,3.0,33.6,14.0,1.0,0.7,0.3,-67.2,-53.6,34.9,-17.0,3.0,81.2,14.0,1.0,0.7,0.3,-132.6,-122.7,-102.0,-117.5,3.0,22.9,14.0,1.0,0.7,0.3,-41.2,-33.6,23.4,-9.4,3.0,51.7,14.0,1.0,0.7,0.3,-37.3,-34.4,-31.3,-34.3,3.0,4.4,14.0,1.0,0.7,0.3,-13.1,-10.9,5.1,-4.2,3.0,14.5,14.0,1.0,0.7,0.3,337.5,551.5,551.5,447.0,3.0,180.5,14.0,1.0,0.7,0.3,340.0,550.0,550.0,445.0,3.0,180.0,14.0,1.0,0.7,0.3
1974,2,232.0,-3.0,24.0,24.0,24.0,24.0,1.0,0.0,10.0,0.0,0.1,0.2,23.0,23.0,23.0,23.0,1.0,0.0,10.0,0.0,0.1,0.2,14.75,14.75,14.75,14.75,1.0,0.0,10.0,0.0,0.1,0.2,84.2,84.2,84.2,84.2,1.0,0.0,10.0,0.0,0.2,5.1,5.1,5.1,5.1,1.0,0.0,10.0,0.0,0.1,0.2,-5.02,-5.02,-5.02,-5.02,1.0,0.0,10.0,0.0,0.1,0.2,0.89,0.89,0.89,0.89,1.0,0.0,10.0,0.0,0.1,0.2,1011.5,1011.5,1011.5,1011.5,1.0,0.0,10.0,0.0,0.1,0.2,3.0,3.0,3.0,3.0,1.0,0.0,10.0,0.0,0.1,0.2,-25.6,-25.6,-25.6,-25.6,1.0,0.0,10.0,0.0,0.1,0.2,4.5,4.5,4.5,4.5,1.0,0.0,10.0,0.0,0.1,0.2,1.0,1.0,1.0,1.0,1.0,0.0,10.0,0.0,0.1,0.2,5.1,5.1,5.1,5.1,1.0,0.0,10.0,0.0,0.1,0.2,3.89,3.89,3.89,3.89,1.0,0.0,10.0,0.0,0.1,0.2,19.8,19.8,19.8,19.8,1.0,0.0,10.0,0.0,0.1,0.2,-115.5,-115.5,-115.5,-115.5,1.0,0.0,10.0,0.0,0.1,0.2,20.4,20.4,20.4,20.4,1.0,0.0,10.0,0.0,0.1,0.2,-74.1,-74.1,-74.1,-74.1,1.0,0.0,10.0,0.0,0.1,0.2,13.1,13.1,13.1,13.1,1.0,0.0,10.0,0.0,0.1,0.2,-19.5,-19.5,-19.5,-19.5,1.0,0.0,10.0,0.0,0.1,0.2,3.4,3.4,3.4,3.4,1.0,0.0,10.0,0.0,0.1,0.2,132.5,132.5,132.5,132.5,1.0,0.0,10.0,0.0,0.1,0.2,135.0,135.0,135.0,135.0,1.0,0.0,10.0,0.0,0.1,0.2
1974,2,232.0,2.0,24.5,24.5,24.5,24.5,1.0,0.0,28.0,1.0,0.9,0.5,28.8,28.8,28.8,28.8,1.0,0.0,28.0,1.0,0.9,0.5,17.56,17.56,17.56,17.56,1.0,0.0,28.0,1.0,0.9,0.5,70.9,70.9,70.9,70.9,1.0,0.0,28.0,1.0,0.5,3.1,3.1,3.1,3.1,1.0,0.0,28.0,1.0,0.9,0.5,-2.37,-2.37,-2.37,-2.37,1.0,0.0,28.0,1.0,0.9,0.5,1.99,1.99,1.99,1.99,1.0,0.0,28.0,1.0,0.9,0.5,1010.0,1010.0,1010.0,1010.0,1.0,0.0,28.0,1.0,0.9,0.5,6.0,6.0,6.0,6.0,1.0,0.0,28.0,1.0,0.9,0.5,-7.4,-7.4,-7.4,-7.4,1.0,0.0,28.0,1.0,0.9,0.5,6.2,6.2,6.2,6.2,1.0,0.0,28.0,1.0,0.9,0.5,-4.3,-4.3,-4.3,-4.3,1.0,0.0,28.0,1.0,0.9,0.5,-13.3,-13.3,-13.3,-13.3,1.0,0.0,28.0,1.0,0.9,0.5,1.68,1.68,1.68,1.68,1.0,0.0,28.0,1.0,0.9,0.5,5.2,5.2,5.2,5.2,1.0,0.0,28.0,1.0,0.9,0.5,-68.4,-68.4,-68.4,-68.4,1.0,0.0,28.0,1.0,0.9,0.5,57.4,57.4,57.4,57.4,1.0,0.0,28.0,1.0,0.9,0.5,-41.7,-41.7,-41.7,-41.7,1.0,0.0,28.0,1.0,0.9,0.5,35.0,35.0,35.0,35.0,1.0,0.0,28.0,1.0,0.9,0.5,-4.0,-4.0,-4.0,-4.0,1.0,0.0,28.0,1.0,0.9,0.5,3.3,3.3,3.3,3.3,1.0,0.0,28.0,1.0,0.9,0.5,30.0,30.0,30.0,30.0,1.0,0.0,28.0,1.0,0.9,0.5,30.0,30.0,30.0,30.0,1.0,0.0,28.0,1.0,0.9,0.5
1974,2,232.0,6.0,25.6,25.6,25.6,25.6,1.0,0.0,22.0,1.0,0.5,0.9,25.4,25.4,25.4,25.4,1.0,0.0,22.0,1.0,0.5,0.9,17.17,17.17,17.17,17.17,1.0,0.0,22.0,1.0,0.5,0.9,84.5,84.5,84.5,84.5,1.0,0.0,22.0,1.0,0.9,7.2,7.2,7.2,7.2,1.0,0.0,22.0,1.0,0.5,0.9,-6.77,-6.77,-6.77,-6.77,1.0,0.0,22.0,1.0,0.5,0.9,-2.46,-2.46,-2.46,-2.46,1.0,0.0,22.0,1.0,0.5,0.9,1008.3,1008.3,1008.3,1008.3,1.0,0.0,22.0,1.0,0.5,0.9,8.0,8.0,8.0,8.0,1.0,0.0,22.0,1.0,0.5,0.9,-48.7,-48.7,-48.7,-48.7,1.0,0.0,22.0,1.0,0.5,0.9,-17.7,-17.7,-17.7,-17.7,1.0,0.0,22.0,1.0,0.5,0.9,0.2,0.2,0.2,0.2,1.0,0.0,22.0,1.0,0.5,0.9,1.4,1.4,1.4,1.4,1.0,0.0,22.0,1.0,0.5,0.9,3.43,3.43,3.43,3.43,1.0,0.0,22.0,1.0,0.5,0.9,24.7,24.7,24.7,24.7,1.0,0.0,22.0,1.0,0.5,0.9,-171.9,-171.9,-171.9,-171.9,1.0,0.0,22.0,1.0,0.5,0.9,-62.5,-62.5,-62.5,-62.5,1.0,0.0,22.0,1.0,0.5,0.9,-116.1,-116.1,-116.1,-116.1,1.0,0.0,22.0,1.0,0.5,0.9,-42.3,-42.3,-42.3,-42.3,1.0,0.0,22.0,1.0,0.5,0.9,-23.2,-23.2,-23.2,-23.2,1.0,0.0,22.0,1.0,0.5,0.9,-8.5,-8.5,-8.5,-8.5,1.0,0.0,22.0,1.0,0.5,0.9,373.0,373.0,373.0,373.0,1.0,0.0,22.0,1.0,0.5,0.9,375.0,375.0,375.0,375.0,1.0,0.0,22.0,1.0,0.5,0.9
1974,2,232.0,7.0,24.63,26.0,27.37,26.0,2.0,2.83,8.0,1.0,0.9,0.4,27.16,27.5,27.84,27.5,2.0,0.71,8.0,1.0,0.9,0.4,19.2,19.6,20.01,19.6,2.0,0.84,8.0,1.0,0.9,0.4,85.2,85.2,85.3,85.2,2.0,0.1,8.0,1.0,0.4,1.57,2.8,4.03,2.8,2.0,2.55,8.0,1.0,0.9,0.4,-3.97,-2.77,-1.56,-2.77,2.0,2.5,8.0,1.0,0.9,0.4,-0.67,-0.4,-0.13,-0.4,2.0,0.56,8.0,1.0,0.9,0.4,1010.0,1010.0,1010.0,1010.0,2.0,0.0,8.0,1.0,0.9,0.4,4.3,5.0,5.7,5.0,2.0,1.4,8.0,1.0,0.9,0.4,-17.7,-10.9,-4.1,-10.9,2.0,14.0,8.0,1.0,0.9,0.4,-3.1,-1.8,-0.6,-1.8,2.0,2.6,8.0,1.0,0.9,0.4,-3.21,-1.5,0.21,-1.5,2.0,3.54,8.0,1.0,0.9,0.4,-2.6,0.3,3.2,0.3,2.0,6.1,8.0,1.0,0.9,0.4,-0.54,1.6,3.73,1.6,2.0,4.42,8.0,1.0,0.9,0.4,2.2,10.1,18.0,10.1,2.0,16.4,8.0,1.0,0.9,0.4,-107.3,-75.2,-43.0,-75.2,2.0,66.7,8.0,1.0,0.9,0.4,-18.1,-10.8,-3.4,-10.8,2.0,15.3,8.0,1.0,0.9,0.4,-75.7,-53.2,-30.7,-53.2,2.0,46.6,8.0,1.0,0.9,0.4,-12.8,-7.6,-2.4,-7.6,2.0,10.7,8.0,1.0,0.9,0.4,-17.8,-9.9,-2.1,-9.9,2.0,16.2,8.0,1.0,0.9,0.4,-3.2,-1.9,-0.6,-1.9,2.0,2.7,8.0,1.0,0.9,0.4,16.5,49.0,82.0,49.0,2.0,68.0,8.0,1.0,0.9,0.4,15.0,50.0,80.0,50.0,2.0,70.0,8.0,1.0,0.9,0.4
1974,2,232.0,10.0,,,,,,,,,,,,,,,,,,,,,,,,,,,,,,,,,,,,,,,,12.0,12.0,12.0,12.0,1.0,0.0,18.0,1.0,0.8,0.5,-11.28,-11.28,-11.28,-11.28,1.0,0.0,18.0,1.0,0.8,0.5,-4.1,-4.1,-4.1,-4.1,1.0,0.0,18.0,1.0,0.8,0.5,1019.3,1019.3,1019.3,1019.3,1.0,0.0,18.0,1.0,0.8,0.5,,,,,,,,,,,,,,,,,,,,,,,,,,,,,,,,,,,,,,,,,,,,,,,,,,,,,,,,,,,,,,,,,,,,,,,,,,,,,,,,,,,,,,,,,,,,,,,,,,,,,,,,,,,,,,,,,,,,,,,,,,,,,,,,,,,,,,,,,,,,,,,,,,,,,,
1974,2,232.0,11.0,27.0,27.0,27.0,27.0,1.0,0.0,20.0,0.0,0.3,0.1,23.5,23.5,23.5,23.5,1.0,0.0,20.0,0.0,0.3,0.1,15.22,15.22,15.22,15.22,1.0,0.0,20.0,0.0,0.3,0.1,84.3,84.3,84.3,84.3,1.0,0.0,20.0,0.0,0.1,13.9,13.9,13.9,13.9,1.0,0.0,20.0,0.0,0.3,0.1,-13.06,-13.06,-13.06,-13.06,1.0,0.0,20.0,0.0,0.3,0.1,-4.75,-4.75,-4.75,-4.75,1.0,0.0,20.0,0.0,0.3,0.1,1011.4,1011.4,1011.4,1011.4,1.0,0.0,20.0,0.0,0.3,0.1,6.0,6.0,6.0,6.0,1.0,0.0,20.0,0.0,0.3,0.1,-181.6,-181.6,-181.6,-181.6,1.0,0.0,20.0,0.0,0.3,0.1,-66.1,-66.1,-66.1,-66.1,1.0,0.0,20.0,0.0,0.3,0.1,3.5,3.5,3.5,3.5,1.0,0.0,20.0,0.0,0.3,0.1,48.7,48.7,48.7,48.7,1.0,0.0,20.0,0.0,0.3,0.1,7.12,7.12,7.12,7.12,1.0,0.0,20.0,0.0,0.3,0.1,98.9,98.9,98.9,98.9,1.0,0.0,20.0,0.0,0.3,0.1,-307.0,-307.0,-307.0,-307.0,1.0,0.0,20.0,0.0,0.3,0.1,-111.7,-111.7,-111.7,-111.7,1.0,0.0,20.0,0.0,0.3,0.1,-198.8,-198.8,-198.8,-198.8,1.0,0.0,20.0,0.0,0.3,0.1,-72.3,-72.3,-72.3,-72.3,1.0,0.0,20.0,0.0,0.3,0.1,-93.0,-93.0,-93.0,-93.0,1.0,0.0,20.0,0.0,0.3,0.1,-33.8,-33.8,-33.8,-33.8,1.0,0.0,20.0,0.0,0.3,0.1,2685.5,2685.5,2685.5,2685.5,1.0,0.0,20.0,0.0,0.3,0.1,2685.0,2685.0,2685.0,2685.0,1.0,0.0,20.0,0.0,0.3,0.1
1974,2,232.0,13.0,24.24,24.55,24.86,24.55,2.0,0.64,24.0,1.0,0.9,0.3,22.93,23.85,24.77,23.85,2.0,1.91,24.0,1.0,0.9,0.3,13.64,13.64,13.64,13.64,1.0,0.0,20.0,1.0,0.7,0.5,80.6,80.6,80.6,80.6,1.0,0.0,20.0,1.0,0.5,8.37,8.75,9.13,8.75,2.0,0.78,24.0,1.0,0.9,0.3,-7.12,-7.11,-7.11,-7.11,2.0,0.02,24.0,1.0,0.9,0.3,-5.68,-5.04,-4.4,-5.04,2.0,1.33,24.0,1.0,0.9,0.3,1014.7,1014.7,1014.7,1014.7,2.0,0.0,24.0,1.0,0.9,0.3,8.0,8.0,8.0,8.0,2.0,0.0,24.0,1.0,0.9,0.3,-65.0,-62.2,-59.5,-62.2,2.0,5.7,24.0,1.0,0.9,0.3,-52.1,-44.6,-37.1,-44.6,2.0,15.5,24.0,1.0,0.9,0.3,0.09,0.7,1.31,0.7,2.0,1.27,24.0,1.0,0.9,0.3,1.0,6.6,12.3,6.6,2.0,11.7,24.0,1.0,0.9,0.3,5.06,5.06,5.06,5.06,1.0,0.0,20.0,1.0,0.7,0.5,47.0,47.0,47.0,47.0,1.0,0.0,20.0,1.0,0.7,0.5,-176.0,-169.6,-163.3,-169.6,2.0,13.2,24.0,1.0,0.9,0.3,-129.6,-118.9,-108.3,-118.9,2.0,22.0,24.0,1.0,0.9,0.3,-97.1,-97.1,-97.1,-97.1,1.0,0.0,20.0,1.0,0.7,0.5,-81.5,-81.5,-81.5,-81.5,1.0,0.0,20.0,1.0,0.7,0.5,-36.0,-36.0,-36.0,-36.0,1.0,0.0,20.0,1.0,0.7,0.5,-30.2,-30.2,-30.2,-30.2,1.0,0.0,20.0,1.0,0.7,0.5,591.5,678.0,764.0,678.0,2.0,179.0,24.0,1.0,0.9,0.3,590.0,680.0,765.0,680.0,2.0,180.0,24.0,1.0,0.9,0.3
1974,2,232.0,14.0,23.95,24.15,24.67,24.3,4.0,0.5,16.0,0.8,0.5,0.4,22.45,22.7,23.67,23.08,5.0,1.1,18.0,0.8,0.6,0.4,12.54,12.79,13.33,12.93,3.0,0.59,12.0,1.0,0.4,0.4,73.3,75.2,77.2,75.3,3.0,2.9,12.0,1.0,0.4,6.02,8.2,10.84,8.48,5.0,2.73,18.0,0.8,0.6,0.4,-8.18,-4.1,-3.46,-5.49,5.0,2.59,18.0,0.8,0.6,0.4,-7.95,-5.37,-4.77,-6.25,5.0,2.04,18.0,0.8,0.6,0.4,1012.43,1013.25,1014.59,1013.5,4.0,1.43,16.0,0.8,0.5,0.4,7.0,7.0,8.0,7.4,5.0,0.5,18.0,0.8,0.6,0.4,-90.5,-33.6,-20.3,-51.5,5.0,37.5,18.0,0.8,0.6,0.4,-79.3,-50.0,-30.2,-56.5,5.0,35.7,18.0,0.8,0.6,0.4,1.2,1.45,2.23,1.7,4.0,0.76,16.0,0.8,0.5,0.4,8.2,9.5,19.4,13.6,4.0,9.7,16.0,0.8,0.5,0.4,5.24,5.66,6.26,5.75,3.0,0.75,12.0,1.0,0.4,0.4,34.9,40.5,41.1,38.1,3.0,5.0,12.0,1.0,0.4,0.4,-194.2,-93.9,-78.3,-127.4,5.0,62.3,18.0,0.8,0.6,0.4,-189.3,-121.9,-106.5,-145.9,5.0,55.5,18.0,0.8,0.6,0.4,-52.9,-46.9,-41.2,-47.0,3.0,8.6,12.0,1.0,0.4,0.4,-87.0,-66.7,-59.3,-73.0,3.0,21.0,12.0,1.0,0.4,0.4,-20.7,-20.7,-20.4,-20.6,3.0,0.3,12.0,1.0,0.4,0.4,-35.6,-35.1,-28.0,-31.9,3.0,6.2,12.0,1.0,0.4,0.4,219.0,551.5,1314.5,767.0,5.0,692.0,18.0,0.8,0.6,0.4,220.0,550.0,1315.0,765.0,5.0,690.0,18.0,0.8,0.6,0.4
1974,2,232.0,15.0,23.0,23.0,23.0,23.0,1.0,0.0,10.0,0.0,0.1,0.5,22.1,22.1,22.1,22.1,1.0,0.0,10.0,0.0,0.1,0.5,14.53,14.53,14.53,14.53,1.0,0.0,10.0,0.0,0.1,0.5,87.9,87.9,87.9,87.9,1.0,0.0,10.0,0.0,0.5,6.7,6.7,6.7,6.7,1.0,0.0,10.0,0.0,0.1,0.5,-5.8,-5.8,-5.8,-5.8,1.0,0.0,10.0,0.0,0.1,0.5,-3.35,-3.35,-3.35,-3.35,1.0,0.0,10.0,0.0,0.1,0.5,1014.2,1014.2,1014.2,1014.2,1.0,0.0,10.0,0.0,0.1,0.5,6.0,6.0,6.0,6.0,1.0,0.0,10.0,0.0,0.1,0.5,-38.9,-38.9,-38.9,-38.9,1.0,0.0,10.0,0.0,0.1,0.5,-22.4,-22.4,-22.4,-22.4,1.0,0.0,10.0,0.0,0.1,0.5,0.9,0.9,0.9,0.9,1.0,0.0,10.0,0.0,0.1,0.5,6.0,6.0,6.0,6.0,1.0,0.0,10.0,0.0,0.1,0.5,2.96,2.96,2.96,2.96,1.0,0.0,10.0,0.0,0.1,0.5,19.9,19.9,19.9,19.9,1.0,0.0,10.0,0.0,0.1,0.5,-128.2,-128.2,-128.2,-128.2,1.0,0.0,10.0,0.0,0.1,0.5,-74.0,-74.0,-74.0,-74.0,1.0,0.0,10.0,0.0,0.1,0.5,-84.3,-84.3,-84.3,-84.3,1.0,0.0,10.0,0.0,0.1,0.5,-48.7,-48.7,-48.7,-48.7,1.0,0.0,10.0,0.0,0.1,0.5,-17.2,-17.2,-17.2,-17.2,1.0,0.0,10.0,0.0,0.1,0.5,-9.9,-9.9,-9.9,-9.9,1.0,0.0,10.0,0.0,0.1,0.5,301.0,301.0,301.0,301.0,1.0,0.0,10.0,0.0,0.1,0.5,300.0,300.0,300.0,300.0,1.0,0.0,10.0,0.0,0.1,0.5
1974,2,232.0,16.0,22.8,23.3,24.37,23.58,5.0,0.93,18.0,0.6,0.6,0.5,21.0,21.3,21.82,21.42,5.0,0.5,18.0,0.6,0.6,0.5,12.84,12.91,13.7,13.26,3.0,0.7,18.0,0.3,0.7,0.4,78.3,81.0,87.9,83.1,3.0,7.2,18.0,0.3,0.4,6.2,10.0,10.85,8.68,5.0,3.2,18.0,0.6,0.6,0.5,-10.19,-7.66,-5.04,-7.57,5.0,2.99,18.0,0.6,0.6,0.5,-5.49,-4.04,-2.46,-3.91,5.0,2.14,18.0,0.6,0.6,0.5,1014.58,1019.3,1020.14,1017.84,5.0,3.2,18.0,0.6,0.6,0.5,4.2,6.0,8.0,5.8,5.0,2.9,18.0,0.6,0.6,0.5,-111.1,-76.6,-33.5,-73.1,5.0,46.0,18.0,0.6,0.6,0.5,-53.7,-38.1,-23.9,-37.7,5.0,22.7,18.0,0.6,0.6,0.5,1.17,1.7,3.37,2.16,5.0,1.34,18.0,0.6,0.6,0.5,8.5,17.5,25.8,18.1,5.0,13.4,18.0,0.6,0.6,0.5,4.48,4.51,4.72,4.6,3.0,0.19,18.0,0.3,0.7,0.4,22.0,34.4,44.8,33.4,3.0,16.7,18.0,0.3,0.7,0.4,-219.0,-160.9,-110.3,-162.3,5.0,63.9,18.0,0.6,0.6,0.5,-119.0,-86.0,-53.1,-84.0,5.0,45.7,18.0,0.6,0.6,0.5,-109.2,-75.5,-58.0,-83.4,3.0,38.1,18.0,0.3,0.7,0.4,-57.7,-45.5,-20.4,-39.2,3.0,27.8,18.0,0.3,0.7,0.4,-40.2,-26.4,-19.3,-29.7,3.0,15.6,18.0,0.3,0.7,0.4,-20.5,-17.0,-7.3,-14.0,3.0,10.0,18.0,0.3,0.7,0.4,307.0,1000.0,1293.5,848.0,5.0,614.5,18.0,0.6,0.6,0.5,305.0,1000.0,1295.0,850.0,5.0,615.0,18.0,0.6,0.6,0.5
1974,2,232.0,17.0,20.16,20.5,20.84,20.5,2.0,0.71,28.0,0.0,0.7,0.3,19.74,20.25,20.76,20.25,2.0,1.06,28.0,0.0,0.7,0.3,12.77,12.77,12.77,12.77,1.0,0.0,28.0,0.0,0.9,0.3,83.4,84.2,85.1,84.2,2.0,1.8,28.0,0.0,0.3,6.36,6.7,7.04,6.7,2.0,0.71,28.0,0.0,0.7,0.3,-5.25,-5.0,-4.75,-5.0,2.0,0.52,28.0,0.0,0.7,0.3,-5.13,-4.31,-3.48,-4.31,2.0,1.71,28.0,0.0,0.7,0.3,1017.5,1017.5,1017.5,1017.5,1.0,0.0,28.0,0.0,0.9,0.3,6.3,7.0,7.7,7.0,2.0,1.4,28.0,0.0,0.7,0.3,-33.3,-33.3,-33.3,-33.3,2.0,0.0,28.0,0.0,0.7,0.3,-36.5,-29.5,-22.5,-29.5,2.0,14.5,28.0,0.0,0.7,0.3,0.08,0.25,0.42,0.25,2.0,0.35,28.0,0.0,0.7,0.3,0.6,1.8,3.0,1.8,2.0,2.5,28.0,0.0,0.7,0.3,2.64,2.64,2.64,2.64,1.0,0.0,28.0,0.0,0.9,0.3,16.4,16.4,16.4,16.4,1.0,0.0,28.0,0.0,0.9,0.3,-109.2,-101.5,-93.8,-101.5,2.0,15.9,28.0,0.0,0.7,0.3,-100.8,-86.3,-71.8,-86.3,2.0,30.0,28.0,0.0,0.7,0.3,-68.5,-68.5,-68.5,-68.5,1.0,0.0,28.0,0.0,0.9,0.3,-39.6,-39.6,-39.6,-39.6,1.0,0.0,28.0,0.0,0.9,0.3,-14.2,-14.2,-14.2,-14.2,1.0,0.0,28.0,0.0,0.9,0.3,-8.2,-8.2,-8.2,-8.2,1.0,0.0,28.0,0.0,0.9,0.3,259.5,306.0,352.0,306.0,2.0,95.5,28.0,0.0,0.7,0.3,260.0,305.0,350.0,305.0,2.0,95.0,28.0,0.0,0.7,0.3
1974,2,232.0,18.0,20.82,21.5,21.57,21.24,5.0,0.49,12.0,0.4,0.7,0.3,19.32,20.3,21.66,20.52,5.0,1.49,12.0,0.4,0.7,0.3,10.1,10.38,12.35,11.15,5.0,1.52,12.0,0.4,0.7,0.3,71.8,74.3,76.8,74.3,5.0,3.6,12.0,0.4,0.3,7.52,7.7,9.1,8.22,5.0,1.04,12.0,0.4,0.7,0.3,-8.29,-7.24,-5.55,-6.83,5.0,1.95,12.0,0.4,0.7,0.3,-5.39,-3.85,-2.85,-4.12,5.0,1.47,12.0,0.4,0.7,0.3,1016.31,1017.5,1017.9,1017.2,5.0,1.06,12.0,0.4,0.7,0.3,4.8,7.0,8.0,6.2,5.0,2.9,12.0,0.4,0.7,0.3,-75.5,-55.7,-42.1,-57.5,5.0,21.7,12.0,0.4,0.7,0.3,-46.0,-29.6,-23.8,-33.7,5.0,12.1,12.0,0.4,0.7,0.3,-0.47,1.0,1.8,0.72,5.0,1.44,12.0,0.4,0.7,0.3,-3.4,7.7,14.8,6.2,5.0,11.7,12.0,0.4,0.7,0.3,3.26,4.54,5.92,4.5,5.0,1.53,12.0,0.4,0.7,0.3,28.2,37.4,47.8,37.2,5.0,13.4,12.0,0.4,0.7,0.3,-163.7,-141.1,-115.9,-138.4,5.0,35.6,12.0,0.4,0.7,0.3,-117.2,-78.2,-54.6,-86.2,5.0,37.3,12.0,0.4,0.7,0.3,-87.6,-75.1,-61.1,-74.4,5.0,18.2,12.0,0.4,0.7,0.3,-67.1,-39.3,-28.8,-47.6,5.0,23.9,12.0,0.4,0.7,0.3,-42.8,-32.8,-23.6,-32.3,5.0,15.0,12.0,0.4,0.7,0.3,-20.2,-17.7,-13.5,-17.1,5.0,4.1,12.0,0.4,0.7,0.3,426.0,456.5,761.5,577.0,5.0,229.0,12.0,0.4,0.7,0.3,425.0,455.0,760.0,575.0,5.0,230.0,12.0,0.4,0.7,0.3
1974,2,232.0,19.0,20.0,20.8,21.4,20.89,10.0,1.32,18.0,0.4,0.6,0.4,19.0,19.5,20.0,19.42,10.0,0.54,18.0,0.4,0.6,0.4,9.82,11.08,12.12,11.19,10.0,1.49,18.0,0.4,0.6,0.4,69.5,82.3,85.8,80.3,10.0,10.1,18.0,0.4,0.4,6.63,9.0,10.59,8.7,10.0,1.97,18.0,0.4,0.6,0.4,-8.49,-6.89,-4.68,-6.68,10.0,1.73,18.0,0.4,0.6,0.4,-6.67,-5.39,-4.4,-5.53,10.0,1.18,18.0,0.4,0.6,0.4,1016.56,1018.65,1020.61,1018.73,10.0,2.12,18.0,0.4,0.6,0.4,7.0,8.0,8.0,7.2,9.0,1.3,18.0,0.3,0.6,0.5,-90.8,-62.5,-31.1,-61.1,10.0,27.5,18.0,0.4,0.6,0.4,-69.3,-48.1,-30.4,-50.0,10.0,20.3,18.0,0.4,0.6,0.4,0.21,1.35,2.8,1.47,10.0,1.35,18.0,0.4,0.6,0.4,1.5,12.1,20.3,11.5,10.0,9.0,18.0,0.4,0.6,0.4,2.34,4.51,6.13,4.14,10.0,1.89,18.0,0.4,0.6,0.4,17.9,38.4,46.9,34.2,10.0,14.1,18.0,0.4,0.6,0.4,-167.4,-135.6,-90.2,-129.7,10.0,33.9,18.0,0.4,0.6,0.4,-132.0,-106.5,-82.1,-107.6,10.0,24.0,18.0,0.4,0.6,0.4,-93.8,-73.1,-53.7,-75.1,10.0,23.7,18.0,0.4,0.6,0.4,-71.1,-61.3,-48.3,-62.4,10.0,18.1,18.0,0.4,0.6,0.4,-36.0,-29.4,-13.1,-26.3,10.0,11.0,18.0,0.4,0.6,0.4,-30.2,-24.7,-12.4,-21.8,10.0,9.2,18.0,0.4,0.6,0.4,296.0,746.5,1188.0,748.0,10.0,444.5,18.0,0.4,0.6,0.4,295.0,745.0,1190.0,750.0,10.0,445.0,18.0,0.4,0.6,0.4
1974,2,232.0,20.0,20.7,22.0,23.37,22.02,5.0,1.57,16.0,0.6,0.7,0.6,19.18,20.0,21.28,20.34,5.0,1.84,16.0,0.6,0.7,0.6,11.56,11.94,12.82,12.18,4.0,0.99,16.0,0.8,0.6,0.6,78.9,83.3,85.2,82.1,4.0,4.4,16.0,0.8,0.6,5.2,9.3,9.67,7.64,5.0,3.12,16.0,0.6,0.7,0.6,-9.44,-9.16,-4.19,-7.17,5.0,3.17,16.0,0.6,0.7,0.6,-3.81,0.0,0.88,-1.15,5.0,2.6,16.0,0.6,0.7,0.6,1017.81,1018.6,1020.73,1019.14,5.0,2.0,16.0,0.6,0.7,0.6,7.5,8.0,8.0,7.8,4.0,0.5,16.0,0.8,0.6,0.6,-91.3,-85.2,-24.3,-62.5,5.0,39.9,16.0,0.6,0.7,0.6,-31.6,0.0,6.2,-9.8,5.0,21.8,16.0,0.6,0.7,0.6,-0.2,2.0,3.8,1.68,5.0,3.2,16.0,0.6,0.7,0.6,-5.8,18.6,37.3,16.2,5.0,28.5,16.0,0.6,0.7,0.6,2.14,4.53,6.4,4.28,4.0,2.72,16.0,0.8,0.6,0.6,7.5,30.3,63.3,35.1,4.0,33.2,16.0,0.8,0.6,0.6,-184.2,-182.0,-94.7,-144.3,5.0,59.5,16.0,0.6,0.7,0.6,-79.0,0.0,17.4,-25.3,5.0,56.0,16.0,0.6,0.7,0.6,-109.8,-89.3,-49.3,-80.0,4.0,37.9,16.0,0.8,0.6,0.6,-49.5,-19.8,2.8,-23.2,4.0,31.0,16.0,0.8,0.6,0.6,-60.9,-30.2,-6.7,-33.6,4.0,31.9,16.0,0.8,0.6,0.6,-15.1,-1.9,0.8,-6.9,4.0,12.5,16.0,0.8,0.6,0.6,197.5,804.5,909.5,604.0,5.0,434.5,16.0,0.6,0.7,0.6,195.0,805.0,910.0,605.0,5.0,435.0,16.0,0.6,0.7,0.6
1974,2,232.0,21.0,19.59,20.55,21.41,20.52,6.0,1.64,20.0,0.2,0.7,0.4,18.4,19.0,19.0,18.75,6.0,0.42,20.0,0.2,0.7,0.4,9.25,10.52,10.68,9.99,4.0,1.25,18.0,0.3,0.7,0.4,68.4,77.8,80.2,74.5,4.0,9.8,18.0,0.3,0.4,7.39,7.85,8.63,8.02,6.0,1.32,20.0,0.2,0.7,0.4,-6.16,-5.63,-4.72,-5.41,6.0,0.95,20.0,0.2,0.7,0.4,-7.13,-5.58,-3.86,-5.14,6.0,3.34,20.0,0.2,0.7,0.4,1018.4,1020.45,1021.5,1020.07,6.0,1.53,20.0,0.2,0.7,0.4,6.0,7.0,7.4,6.8,5.0,0.8,20.0,0.2,0.6,0.5,-51.8,-43.6,-36.2,-43.2,6.0,9.4,20.0,0.2,0.7,0.4,-59.7,-44.3,-31.3,-44.4,6.0,31.4,20.0,0.2,0.7,0.4,0.87,1.75,2.41,1.77,6.0,1.32,20.0,0.2,0.7,0.4,9.0,13.8,19.4,14.3,6.0,10.0,20.0,0.2,0.7,0.4,4.2,4.82,5.67,4.93,4.0,1.12,18.0,0.3,0.7,0.4,33.3,39.1,53.3,43.1,4.0,16.1,18.0,0.3,0.7,0.4,-117.0,-103.9,-87.8,-101.4,6.0,17.5,20.0,0.2,0.7,0.4,-135.5,-104.6,-73.5,-97.3,6.0,63.0,20.0,0.2,0.7,0.4,-65.4,-58.9,-47.4,-56.5,4.0,11.3,18.0,0.3,0.7,0.4,-68.3,-59.7,-54.8,-61.5,4.0,8.5,18.0,0.3,0.7,0.4,-31.6,-29.9,-23.7,-27.8,4.0,6.6,18.0,0.3,0.7,0.4,-42.0,-25.1,-23.2,-32.2,4.0,16.7,18.0,0.3,0.7,0.4,411.5,484.5,663.0,551.0,6.0,286.5,20.0,0.2,0.7,0.4,410.0,485.0,665.0,550.0,6.0,285.0,20.0,0.2,0.7,0.4
1974,2,232.0,22.0,,,,,,,,,,,,,,,,,,,,,,,,,,,,,,,,,,,,,,,,9.46,9.8,10.14,9.8,2.0,0.71,22.0,1.0,0.3,0.6,-4.59,-3.38,-2.18,-3.38,2.0,2.5,22.0,1.0,0.3,0.6,-9.12,-9.04,-8.96,-9.04,2.0,0.17,22.0,1.0,0.3,0.6,1023.5,1023.5,1023.5,1023.5,1.0,0.0,16.0,1.0,0.2,0.5,,,,,,,,,,,,,,,,,,,,,,,,,,,,,,,,,,,,,,,,,,,,,,,,,,,,,,,,,,,,,,,,,,,,,,,,,,,,,,,,,,,,,,,,,,,,,,,,,,,,,,,,,,,,,,,,,,,,,,,,,,,,,,,,,,,,,,,,,,,,,,,,,,,,,,
1974,2,232.0,23.0,18.85,19.2,19.76,19.3,4.0,0.56,10.0,0.5,0.6,0.7,17.33,17.75,18.17,17.75,4.0,0.61,10.0,0.5,0.6,0.7,8.86,9.07,9.63,9.24,4.0,0.61,10.0,0.5,0.6,0.7,69.3,74.4,78.8,74.0,4.0,6.2,10.0,0.5,0.7,3.53,6.15,7.72,5.65,4.0,2.7,10.0,0.5,0.6,0.7,-6.26,-5.51,-3.37,-4.84,4.0,1.98,10.0,0.5,0.6,0.7,-4.48,-2.67,-1.02,-2.74,4.0,2.14,10.0,0.5,0.6,0.7,1019.29,1020.35,1023.41,1021.3,4.0,2.94,10.0,0.5,0.6,0.7,2.4,6.0,8.0,5.3,4.0,3.4,10.0,0.5,0.6,0.7,-48.4,-34.7,-13.9,-31.3,4.0,21.3,10.0,0.5,0.6,0.7,-35.0,-17.4,-4.6,-19.7,4.0,18.9,10.0,0.5,0.6,0.7,1.07,1.8,2.01,1.55,4.0,0.79,10.0,0.5,0.6,0.7,3.3,8.8,13.9,8.6,4.0,6.2,10.0,0.5,0.6,0.7,4.08,4.53,5.08,4.58,4.0,0.63,10.0,0.5,0.6,0.7,17.5,27.6,31.4,24.6,4.0,9.5,10.0,0.5,0.6,0.7,-108.7,-97.3,-61.5,-85.7,4.0,34.0,10.0,0.5,0.6,0.7,-78.0,-46.7,-18.8,-48.3,4.0,37.4,10.0,0.5,0.6,0.7,-60.2,-49.0,-29.7,-45.1,4.0,19.8,10.0,0.5,0.6,0.7,-43.4,-23.9,-9.0,-26.1,4.0,21.8,10.0,0.5,0.6,0.7,-25.6,-23.7,-16.7,-21.3,4.0,7.0,10.0,0.5,0.6,0.7,-18.1,-11.9,-5.0,-11.6,4.0,8.1,10.0,0.5,0.6,0.7,68.0,253.0,466.5,266.5,4.0,242.5,10.0,0.5,0.6,0.7,70.0,255.0,465.0,265.0,4.0,245.0,10.0,0.5,0.6,0.7
1974,2,232.0,24.0,16.69,18.0,19.05,17.96,5.0,1.41,12.0,0.4,0.8,0.4,17.0,17.5,19.8,18.22,5.0,1.69,12.0,0.4,0.8,0.4,9.35,9.84,9.86,9.6,5.0,0.47,12.0,0.4,0.8,0.4,69.2,77.2,79.6,74.7,5.0,5.9,12.0,0.4,0.4,4.67,5.1,7.07,5.72,5.0,1.45,12.0,0.4,0.8,0.4,-6.64,-5.0,-3.32,-4.87,5.0,2.23,12.0,0.4,0.8,0.4,-3.08,-2.55,-1.45,-2.27,5.0,1.4,12.0,0.4,0.8,0.4,1018.82,1020.2,1023.55,1021.04,5.0,2.6,12.0,0.4,0.8,0.4,3.3,8.0,8.0,6.0,5.0,2.8,12.0,0.4,0.8,0.4,-47.1,-25.0,-16.4,-30.2,5.0,19.2,12.0,0.4,0.8,0.4,-17.4,-15.4,-8.3,-12.9,5.0,7.7,12.0,0.4,0.8,0.4,-2.03,0.5,1.27,-0.26,5.0,2.44,12.0,0.4,0.8,0.4,-14.1,2.6,6.0,-3.7,5.0,16.0,12.0,0.4,0.8,0.4,2.47,2.98,3.82,3.12,5.0,1.07,12.0,0.4,0.8,0.4,14.2,16.5,19.5,16.8,5.0,2.9,12.0,0.4,0.8,0.4,-119.3,-97.0,-58.0,-89.9,5.0,44.9,12.0,0.4,0.8,0.4,-58.8,-44.6,-23.7,-40.6,5.0,25.3,12.0,0.4,0.8,0.4,-61.1,-49.3,-32.5,-46.6,5.0,21.2,12.0,0.4,0.8,0.4,-30.1,-25.1,-12.8,-21.7,5.0,13.7,12.0,0.4,0.8,0.4,-17.3,-12.8,-10.4,-13.4,5.0,4.6,12.0,0.4,0.8,0.4,-11.3,-6.8,-2.9,-7.4,5.0,6.7,12.0,0.4,0.8,0.4,104.5,132.5,357.5,217.0,5.0,159.5,12.0,0.4,0.8,0.4,105.0,135.0,360.0,215.0,5.0,160.0,12.0,0.4,0.8,0.4
1974,2,232.0,25.0,17.74,18.9,19.31,18.53,3.0,1.19,18.0,0.7,0.4,0.3,16.81,19.4,20.97,18.9,3.0,3.08,18.0,0.7,0.4,0.3,8.39,8.63,9.31,8.85,3.0,0.7,18.0,0.7,0.4,0.3,61.0,62.3,71.7,66.2,3.0,8.6,18.0,0.7,0.3,5.45,6.2,10.77,8.07,3.0,4.22,18.0,0.7,0.4,0.3,-9.68,-4.42,-2.14,-5.87,3.0,5.66,18.0,0.7,0.4,0.3,-5.57,-4.41,-3.14,-4.36,3.0,1.78,18.0,0.7,0.4,0.3,1020.54,1021.7,1022.38,1021.47,3.0,1.37,18.0,0.7,0.4,0.3,2.6,4.0,6.0,4.3,3.0,2.5,18.0,0.7,0.4,0.3,-113.9,-22.5,-11.7,-61.9,3.0,82.2,18.0,0.7,0.4,0.3,-50.9,-37.9,-20.9,-35.9,3.0,22.0,18.0,0.7,0.4,0.3,-3.04,0.1,2.28,-0.37,3.0,3.92,18.0,0.7,0.4,0.3,-18.6,1.3,11.9,-3.3,3.0,22.7,18.0,0.7,0.4,0.3,3.31,5.18,5.31,4.33,3.0,1.64,18.0,0.7,0.4,0.3,18.7,26.4,55.6,36.9,3.0,28.5,18.0,0.7,0.4,0.3,-182.4,-68.9,-37.8,-109.1,3.0,111.5,18.0,0.7,0.4,0.3,-117.6,-85.6,-54.3,-86.0,3.0,46.4,18.0,0.7,0.4,0.3,-83.0,-36.6,-18.7,-50.5,3.0,48.7,18.0,0.7,0.4,0.3,-52.2,-38.1,-26.5,-39.3,3.0,18.9,18.0,0.7,0.4,0.3,-51.7,-22.9,-9.1,-30.2,3.0,31.9,18.0,0.7,0.4,0.3,-20.9,-14.9,-13.7,-17.3,3.0,5.6,18.0,0.7,0.4,0.3,166.0,238.5,1541.0,839.0,3.0,1133.5,18.0,0.7,0.4,0.3,165.0,240.0,1540.0,840.0,3.0,1135.0,18.0,0.7,0.4,0.3
1974,2,232.0,26.0,17.69,18.0,20.0,18.6,7.0,1.07,10.0,0.4,0.5,0.5,16.63,17.4,18.0,17.41,9.0,1.01,10.0,0.6,0.5,0.5,7.74,9.17,10.26,9.16,7.0,1.47,10.0,0.4,0.6,0.4,65.1,73.2,86.0,75.6,7.0,10.3,10.0,0.4,0.4,3.64,7.2,9.0,6.69,9.0,2.92,10.0,0.6,0.5,0.5,-7.96,-5.52,-3.3,-5.67,9.0,3.09,10.0,0.6,0.5,0.5,-4.72,-2.8,-0.86,-2.89,9.0,1.93,10.0,0.6,0.5,0.5,1022.5,1023.5,1024.0,1023.39,9.0,1.17,10.0,0.6,0.5,0.5,3.5,7.0,8.0,6.1,9.0,2.3,10.0,0.6,0.5,0.5,-71.7,-39.7,-13.5,-45.7,9.0,38.9,10.0,0.6,0.5,0.5,-36.8,-23.0,-2.3,-20.2,9.0,16.8,10.0,0.6,0.5,0.5,0.05,1.0,2.12,1.26,7.0,1.71,10.0,0.4,0.5,0.5,0.6,3.1,16.2,8.5,7.0,12.7,10.0,0.4,0.5,0.5,2.75,3.06,5.02,3.79,6.0,1.61,10.0,0.3,0.6,0.5,7.5,19.8,43.7,24.2,6.0,17.6,10.0,0.3,0.6,0.5,-139.8,-85.5,-58.3,-99.6,9.0,55.9,10.0,0.6,0.5,0.5,-86.9,-50.5,-14.8,-50.5,9.0,34.3,10.0,0.6,0.5,0.5,-62.7,-39.4,-30.0,-41.1,7.0,20.3,10.0,0.4,0.6,0.4,-47.4,-35.6,-13.4,-30.4,7.0,18.7,10.0,0.4,0.6,0.4,-36.9,-14.1,-6.5,-18.7,6.0,14.9,10.0,0.3,0.6,0.5,-23.3,-13.8,-5.4,-14.6,6.0,10.6,10.0,0.3,0.6,0.5,57.5,373.0,736.0,448.5,9.0,453.5,10.0,0.6,0.5,0.5,60.0,375.0,735.0,450.0,9.0,455.0,10.0,0.6,0.5,0.5
1974,2,232.0,27.0,17.62,18.0,19.0,18.22,5.0,0.76,16.0,0.6,0.6,0.3,15.45,15.9,16.1,15.91,7.0,1.06,18.0,0.6,0.6,0.4,7.49,9.49,9.85,8.83,7.0,1.26,18.0,0.6,0.6,0.4,67.5,77.4,90.8,79.4,7.0,10.0,18.0,0.6,0.4,5.05,5.1,8.25,6.37,7.0,1.99,18.0,0.6,0.6,0.4,-5.99,-4.79,-1.66,-3.97,7.0,2.3,18.0,0.6,0.6,0.4,-5.96,-5.1,-1.69,-4.38,7.0,2.3,18.0,0.6,0.6,0.4,1020.98,1022.0,1025.54,1022.91,7.0,2.29,18.0,0.6,0.6,0.4,3.0,6.0,7.0,5.3,7.0,1.7,18.0,0.6,0.6,0.4,-51.7,-24.4,-8.5,-27.9,7.0,21.2,18.0,0.6,0.6,0.4,-46.4,-26.0,-8.6,-31.0,7.0,22.2,18.0,0.6,0.6,0.4,1.63,2.3,3.06,2.32,5.0,0.93,16.0,0.6,0.6,0.3,8.9,14.3,22.3,15.8,5.0,10.4,16.0,0.6,0.6,0.3,3.53,3.72,4.69,4.06,5.0,0.82,16.0,0.6,0.6,0.3,19.5,26.2,29.9,25.0,5.0,7.1,16.0,0.6,0.6,0.3,-93.0,-76.2,-24.1,-63.8,7.0,37.0,18.0,0.6,0.6,0.4,-95.1,-79.0,-27.0,-68.3,7.0,35.5,18.0,0.6,0.6,0.4,-58.8,-39.7,-13.0,-36.8,7.0,22.5,18.0,0.6,0.6,0.4,-51.0,-37.6,-17.1,-37.6,7.0,20.8,18.0,0.6,0.6,0.4,-20.9,-15.0,-4.8,-13.0,5.0,9.2,16.0,0.6,0.6,0.3,-26.7,-20.6,-11.7,-18.8,5.0,10.0,16.0,0.6,0.6,0.3,129.5,132.5,563.5,325.5,7.0,281.5,18.0,0.6,0.6,0.4,130.0,135.0,565.0,325.0,7.0,280.0,18.0,0.6,0.6,0.4
1974,2,232.0,28.0,15.38,17.0,17.86,16.96,7.0,1.41,14.0,1.0,0.7,0.6,14.38,15.6,17.6,16.0,7.0,1.92,14.0,1.0,0.7,0.6,6.9,7.26,8.43,7.56,7.0,0.91,14.0,1.0,0.7,0.6,64.1,69.4,72.9,68.3,7.0,9.9,14.0,1.0,0.6,3.45,7.7,8.42,6.53,7.0,3.94,14.0,1.0,0.7,0.6,-7.62,-2.63,0.11,-3.19,7.0,3.99,14.0,1.0,0.7,0.6,-7.36,-5.02,-1.3,-4.72,7.0,3.38,14.0,1.0,0.7,0.6,1024.38,1025.8,1026.29,1025.31,7.0,1.87,14.0,1.0,0.7,0.6,4.0,6.0,7.0,5.7,7.0,1.5,14.0,1.0,0.7,0.6,-60.7,-20.3,0.4,-32.1,7.0,40.8,14.0,1.0,0.7,0.6,-59.1,-25.6,-9.5,-40.1,7.0,44.0,14.0,1.0,0.7,0.6,-0.52,1.0,2.22,0.96,7.0,1.42,14.0,1.0,0.7,0.6,-0.4,7.7,16.4,7.8,7.0,8.2,14.0,1.0,0.7,0.6,3.35,4.58,5.53,4.33,7.0,1.69,14.0,1.0,0.7,0.6,4.3,26.6,42.8,27.5,7.0,18.8,14.0,1.0,0.7,0.6,-119.6,-37.9,1.8,-50.8,7.0,66.1,14.0,1.0,0.7,0.6,-107.5,-70.3,-20.3,-73.8,7.0,56.2,14.0,1.0,0.7,0.6,-54.0,-19.1,1.0,-23.6,7.0,31.9,14.0,1.0,0.7,0.6,-54.0,-34.1,-9.1,-36.3,7.0,27.2,14.0,1.0,0.7,0.6,-34.8,-9.1,0.1,-15.8,7.0,17.6,14.0,1.0,0.7,0.6,-29.3,-24.5,-3.4,-19.0,7.0,14.6,14.0,1.0,0.7,0.6,44.5,456.5,627.5,541.5,7.0,741.0,14.0,1.0,0.7,0.6,45.0,455.0,630.0,540.0,7.0,740.0,14.0,1.0,0.7,0.6
1974,2,232.0,29.0,16.37,19.0,20.08,18.42,5.0,2.15,20.0,0.6,0.7,0.6,15.16,15.5,15.91,15.53,3.0,0.55,20.0,0.7,0.5,0.7,6.96,7.67,7.88,7.42,3.0,0.71,20.0,0.7,0.5,0.7,63.9,68.5,73.9,68.9,3.0,7.4,20.0,0.7,0.7,6.12,8.7,11.67,8.82,5.0,3.03,20.0,0.6,0.7,0.6,-6.38,-2.29,3.43,-1.86,5.0,5.7,20.0,0.6,0.7,0.6,-9.41,-6.3,-4.52,-6.85,5.0,3.32,20.0,0.6,0.7,0.6,1020.09,1024.4,1027.6,1023.76,5.0,5.1,20.0,0.6,0.7,0.6,6.0,7.0,7.4,6.8,5.0,0.8,20.0,0.6,0.7,0.6,-54.7,-15.4,35.3,-14.2,5.0,61.9,20.0,0.6,0.7,0.6,-97.1,-63.8,-31.5,-66.5,5.0,48.0,20.0,0.6,0.7,0.6,0.66,0.8,2.64,1.63,3.0,1.62,20.0,0.7,0.5,0.7,3.8,5.4,28.7,16.0,3.0,20.4,20.0,0.7,0.5,0.7,3.33,4.0,5.92,4.61,3.0,1.97,20.0,0.7,0.5,0.7,20.3,20.4,59.0,39.2,3.0,32.7,20.0,0.7,0.5,0.7,-126.1,-71.1,-46.0,-85.7,3.0,60.0,20.0,0.7,0.5,0.7,-92.3,-87.6,-55.8,-74.4,3.0,29.0,20.0,0.7,0.5,0.7,-55.0,-33.9,-23.2,-39.0,3.0,23.7,20.0,0.7,0.5,0.7,-46.1,-37.4,-25.2,-35.7,3.0,15.4,20.0,0.7,0.5,0.7,-51.1,-17.7,-10.3,-30.4,3.0,31.9,20.0,0.7,0.5,0.7,-32.3,-19.0,-13.0,-22.6,3.0,14.5,20.0,0.7,0.5,0.7,239.5,658.5,1595.5,879.0,5.0,745.5,20.0,0.6,0.7,0.6,240.0,660.0,1595.0,880.0,5.0,745.0,20.0,0.6,0.7,0.6
1974,2,232.0,30.0,15.56,16.35,17.0,16.52,6.0,1.25,18.0,0.3,0.6,0.3,12.67,14.2,15.02,13.64,7.0,1.91,16.0,0.4,0.6,0.3,6.5,7.44,7.8,7.18,6.0,1.22,18.0,0.3,0.6,0.3,70.8,73.4,76.2,73.4,6.0,4.5,18.0,0.3,0.3,5.0,8.2,9.47,7.94,7.0,3.16,16.0,0.4,0.6,0.3,-1.82,0.0,2.26,-0.26,7.0,2.95,16.0,0.4,0.6,0.3,-9.33,-5.1,7.28,-3.12,7.0,7.97,16.0,0.4,0.6,0.3,1016.27,1024.6,1026.02,1022.57,7.0,4.6,16.0,0.4,0.6,0.3,4.9,6.0,7.0,5.9,7.0,1.7,16.0,0.4,0.6,0.3,-17.0,0.0,20.7,-1.6,7.0,27.9,16.0,0.4,0.6,0.3,-88.9,-26.0,56.2,-32.7,7.0,80.9,16.0,0.4,0.6,0.3,1.16,1.35,3.9,2.73,6.0,3.07,18.0,0.3,0.6,0.3,7.5,10.2,34.2,26.9,6.0,43.2,18.0,0.3,0.6,0.3,3.27,3.86,4.94,4.42,6.0,2.05,18.0,0.3,0.6,0.3,18.7,26.2,47.5,37.7,6.0,35.9,18.0,0.3,0.6,0.3,-25.5,0.0,23.2,-3.4,7.0,38.5,16.0,0.4,0.6,0.3,-127.2,-66.3,109.3,-32.4,7.0,106.4,16.0,0.4,0.6,0.3,-5.7,5.6,14.0,4.6,6.0,11.9,18.0,0.3,0.6,0.3,-64.5,-29.0,57.9,-10.7,6.0,59.4,18.0,0.3,0.6,0.3,-2.8,2.1,11.7,4.2,6.0,9.0,18.0,0.3,0.6,0.3,-46.8,-16.3,24.1,-20.2,6.0,49.1,18.0,0.3,0.6,0.3,127.5,551.5,868.5,703.5,7.0,703.0,16.0,0.4,0.6,0.3,130.0,550.0,870.0,705.0,7.0,705.0,16.0,0.4,0.6,0.3
1974,2,232.0,31.0,14.98,15.55,16.27,15.48,6.0,1.4,18.0,0.7,0.5,0.4,14.03,15.0,16.05,15.04,5.0,1.39,16.0,0.6,0.5,0.4,7.16,8.59,8.94,8.14,5.0,1.13,16.0,0.6,0.5,0.4,71.6,74.4,83.5,77.4,5.0,8.0,16.0,0.6,0.4,3.55,12.3,12.52,8.84,5.0,5.05,16.0,0.6,0.5,0.4,-4.24,0.89,5.7,0.82,5.0,5.74,16.0,0.6,0.5,0.4,-10.16,-2.64,5.77,-1.83,5.0,9.23,16.0,0.6,0.5,0.4,1020.86,1024.7,1024.94,1022.8,5.0,4.16,16.0,0.6,0.5,0.4,6.6,8.0,8.0,7.4,5.0,0.9,16.0,0.6,0.5,0.4,-35.8,2.3,71.9,14.5,5.0,68.9,16.0,0.6,0.5,0.4,-128.8,-10.8,56.0,-24.2,5.0,112.8,16.0,0.6,0.5,0.4,-1.62,0.0,2.8,0.44,5.0,2.27,16.0,0.6,0.5,0.4,-11.7,0.0,19.9,3.3,5.0,22.0,16.0,0.6,0.5,0.4,1.33,2.28,4.62,2.7,5.0,2.03,16.0,0.6,0.5,0.4,2.6,18.9,38.2,21.2,5.0,23.2,16.0,0.6,0.5,0.4,-58.6,15.1,86.8,15.6,5.0,82.8,16.0,0.6,0.5,0.4,-143.4,-38.2,91.8,-21.3,5.0,136.7,16.0,0.6,0.5,0.4,-29.6,7.6,51.7,11.7,5.0,47.4,16.0,0.6,0.5,0.4,-78.1,-19.8,49.9,-12.2,5.0,76.8,16.0,0.6,0.5,0.4,-19.6,-2.0,4.7,-6.7,5.0,14.9,16.0,0.6,0.5,0.4,-25.7,2.4,13.0,-5.6,5.0,28.0,16.0,0.6,0.5,0.4,50.0,1861.0,1965.0,1191.0,5.0,1054.5,16.0,0.6,0.5,0.4,50.0,1860.0,1965.0,1190.0,5.0,1055.0,16.0,0.6,0.5,0.4
1974,2,232.0,32.0,13.14,14.45,15.69,14.43,10.0,1.45,18.0,0.2,0.4,0.4,12.79,15.0,15.82,14.42,11.0,1.55,16.0,0.3,0.4,0.4,6.76,7.82,8.7,7.74,9.0,1.23,18.0,0.3,0.4,0.4,69.8,76.0,85.2,76.5,9.0,7.3,18.0,0.3,0.4,3.41,7.2,7.91,5.97,11.0,2.98,16.0,0.3,0.4,0.4,-0.37,1.61,6.26,2.28,11.0,3.05,16.0,0.3,0.4,0.4,-7.43,-2.63,2.83,-1.93,11.0,5.39,16.0,0.3,0.4,0.4,1019.41,1024.0,1025.87,1022.85,11.0,4.82,16.0,0.3,0.4,0.4,3.0,5.0,8.0,5.0,11.0,2.8,16.0,0.3,0.4,0.4,-1.9,15.0,43.3,17.5,11.0,21.8,16.0,0.3,0.4,0.4,-57.2,-20.3,19.7,-11.3,11.0,43.7,16.0,0.3,0.4,0.4,-1.34,0.0,2.2,0.13,10.0,2.18,18.0,0.2,0.4,0.4,-10.1,-0.5,10.3,-1.6,10.0,16.0,18.0,0.2,0.4,0.4,1.55,2.32,4.23,2.37,8.0,1.81,20.0,0.3,0.4,0.5,1.2,12.1,21.6,12.1,8.0,13.6,20.0,0.3,0.4,0.5,-4.8,25.8,96.6,34.9,11.0,47.1,16.0,0.3,0.4,0.4,-99.7,-41.3,44.0,-25.3,11.0,81.4,16.0,0.3,0.4,0.4,-4.5,15.2,42.7,16.2,9.0,23.3,18.0,0.3,0.4,0.4,-53.6,-35.1,28.4,-10.5,9.0,50.3,18.0,0.3,0.4,0.4,-2.1,0.0,11.2,3.1,8.0,6.5,20.0,0.3,0.4,0.5,-21.3,-11.5,3.7,-10.5,8.0,13.1,20.0,0.3,0.4,0.5,78.5,373.0,495.5,333.0,11.0,249.0,16.0,0.3,0.4,0.4,80.0,375.0,495.0,335.0,11.0,250.0,16.0,0.3,0.4,0.4
1974,2,232.0,33.0,12.63,14.5,16.4,14.48,10.0,1.78,16.0,0.6,0.5,0.3,12.0,13.35,14.74,13.4,10.0,1.67,16.0,0.6,0.5,0.3,6.45,6.83,8.35,7.4,9.0,1.27,18.0,0.7,0.4,0.3,70.7,76.0,82.8,77.2,9.0,7.6,18.0,0.7,0.3,6.21,8.75,12.21,8.79,10.0,4.06,16.0,0.6,0.5,0.3,-5.35,-0.67,3.69,-0.57,10.0,4.82,16.0,0.6,0.5,0.3,-11.25,-7.34,-1.67,-6.08,10.0,6.13,16.0,0.6,0.5,0.3,1022.14,1026.45,1027.84,1024.41,10.0,5.84,16.0,0.6,0.5,0.3,2.9,6.0,7.6,5.4,10.0,2.6,16.0,0.6,0.5,0.3,-43.8,-5.1,39.1,-2.1,10.0,51.2,16.0,0.6,0.5,0.3,-137.1,-58.3,-8.5,-63.5,10.0,77.8,16.0,0.6,0.5,0.3,-1.04,0.65,3.31,1.08,10.0,2.3,16.0,0.6,0.5,0.3,-12.0,3.1,28.0,5.6,10.0,18.3,16.0,0.6,0.5,0.3,1.2,3.29,4.79,2.97,9.0,1.75,18.0,0.7,0.4,0.3,8.1,28.6,36.1,23.4,9.0,15.9,18.0,0.7,0.4,0.3,-64.3,-8.8,48.3,-3.6,10.0,69.9,16.0,0.6,0.5,0.3,-159.2,-93.0,-18.7,-76.3,10.0,87.7,16.0,0.6,0.5,0.3,-25.8,0.0,26.5,2.5,9.0,39.4,18.0,0.7,0.4,0.3,-83.6,-52.8,-6.4,-40.7,9.0,51.3,18.0,0.7,0.4,0.3,-13.9,0.0,5.8,-1.0,9.0,12.7,18.0,0.7,0.4,0.3,-35.9,-21.9,-2.6,-19.8,9.0,16.3,18.0,0.7,0.4,0.3,271.5,678.0,1845.5,1021.5,10.0,884.0,16.0,0.6,0.5,0.3,270.0,680.0,1845.0,1020.0,10.0,885.0,16.0,0.6,0.5,0.3
1974,2,232.0,34.0,12.55,13.7,15.12,13.7,11.0,1.47,20.0,0.5,0.6,0.5,11.22,13.2,14.41,12.84,11.0,1.95,20.0,0.5,0.6,0.5,5.7,6.69,9.46,7.19,11.0,1.68,20.0,0.5,0.6,0.5,66.2,78.3,88.7,78.4,11.0,12.0,20.0,0.5,0.5,5.75,7.2,11.96,8.28,11.0,2.95,20.0,0.5,0.7,0.5,-4.08,-1.08,2.91,-1.14,11.0,4.17,20.0,0.5,0.7,0.5,-6.71,-5.8,3.39,-2.78,11.0,7.54,20.0,0.5,0.7,0.5,1012.71,1027.8,1029.76,1024.02,12.0,8.63,20.0,0.4,0.6,0.5,3.0,6.5,8.0,5.8,12.0,2.2,20.0,0.4,0.6,0.5,-25.5,-6.7,35.0,-5.0,11.0,41.2,20.0,0.5,0.7,0.5,-49.8,-37.9,41.9,-14.3,11.0,86.0,20.0,0.5,0.7,0.5,-1.1,1.1,2.48,0.86,11.0,2.59,20.0,0.5,0.6,0.5,-14.2,9.8,19.8,4.0,10.0,23.2,20.0,0.5,0.7,0.5,0.73,2.59,4.01,2.45,11.0,1.8,20.0,0.5,0.6,0.5,2.6,17.6,27.0,16.6,10.0,11.9,20.0,0.5,0.7,0.5,-42.0,-5.4,49.7,-7.6,10.0,59.5,20.0,0.5,0.7,0.5,-80.1,-64.8,91.2,-25.2,10.0,114.0,20.0,0.5,0.7,0.5,-22.3,-3.1,27.5,-5.3,10.0,38.7,20.0,0.5,0.7,0.5,-44.6,-34.4,49.1,-11.6,10.0,67.1,20.0,0.5,0.7,0.5,-12.8,-3.1,1.4,-4.6,10.0,6.5,20.0,0.5,0.7,0.5,-25.5,-16.9,-1.4,-14.9,10.0,11.7,20.0,0.5,0.7,0.5,194.5,373.0,1733.5,777.5,11.0,782.5,20.0,0.5,0.7,0.5,195.0,375.0,1735.0,775.0,11.0,785.0,20.0,0.5,0.7,0.5
1974,2,232.0,35.0,10.99,12.8,14.15,12.73,13.0,2.17,18.0,0.7,0.6,0.6,10.95,12.2,14.3,13.02,13.0,2.98,18.0,0.7,0.6,0.6,5.48,6.96,9.02,6.99,13.0,1.73,18.0,0.7,0.6,0.6,61.7,73.2,93.1,75.5,13.0,15.0,18.0,0.7,0.6,4.91,7.7,8.85,6.84,13.0,2.75,18.0,0.7,0.6,0.6,-1.52,1.34,5.61,1.11,13.0,4.31,18.0,0.7,0.6,0.6,-7.59,-2.91,2.55,-1.72,13.0,5.92,18.0,0.7,0.6,0.6,1016.11,1026.8,1030.14,1023.67,13.0,7.97,18.0,0.7,0.6,0.6,6.6,8.0,8.0,7.1,11.0,1.5,18.0,0.6,0.6,0.6,-7.5,10.3,44.1,9.2,13.0,35.1,18.0,0.7,0.6,0.6,-58.5,-9.0,17.4,-9.1,13.0,54.5,18.0,0.7,0.6,0.6,-2.47,-0.5,2.81,-0.28,13.0,3.95,18.0,0.7,0.6,0.6,-25.4,-3.1,20.3,-5.4,13.0,26.4,18.0,0.7,0.6,0.6,-0.13,1.85,5.25,2.11,13.0,2.58,18.0,0.7,0.6,0.6,-1.3,10.3,28.3,13.0,13.0,19.9,18.0,0.7,0.6,0.6,-17.5,16.3,69.3,17.5,13.0,59.7,18.0,0.7,0.6,0.6,-93.3,-30.6,43.9,-21.4,13.0,79.9,18.0,0.7,0.6,0.6,-9.1,8.2,41.3,9.9,13.0,30.6,18.0,0.7,0.6,0.6,-44.5,-16.0,24.2,-7.0,13.0,45.4,18.0,0.7,0.6,0.6,-7.1,-0.4,4.2,-1.8,13.0,13.2,18.0,0.7,0.6,0.6,-24.0,-1.4,0.4,-9.8,13.0,17.2,18.0,0.7,0.6,0.6,123.0,456.5,700.0,453.5,13.0,414.0,18.0,0.7,0.6,0.6,125.0,455.0,700.0,455.0,13.0,415.0,18.0,0.7,0.6,0.6
1974,2,232.0,36.0,11.23,12.8,14.4,12.83,22.0,1.87,12.0,0.6,0.5,0.4,10.0,11.1,12.7,11.28,22.0,1.5,12.0,0.6,0.5,0.4,5.61,6.69,7.71,6.68,22.0,1.01,12.0,0.6,0.5,0.4,72.2,80.7,91.3,81.4,22.0,10.4,12.0,0.6,0.4,5.1,7.95,12.9,8.6,22.0,4.05,12.0,0.6,0.5,0.4,-1.7,1.41,6.72,1.66,22.0,4.77,12.0,0.6,0.5,0.4,-10.06,-6.84,0.23,-5.98,22.0,5.55,12.0,0.6,0.5,0.4,1023.87,1027.45,1028.77,1025.76,22.0,5.64,12.0,0.6,0.5,0.4,2.0,6.0,7.7,5.0,22.0,2.7,12.0,0.6,0.5,0.4,-16.7,7.5,67.2,16.7,22.0,60.5,12.0,0.6,0.5,0.4,-127.5,-50.8,-1.4,-68.9,22.0,76.0,12.0,0.6,0.5,0.4,0.0,1.85,3.0,1.55,22.0,2.17,12.0,0.6,0.5,0.4,0.0,11.7,32.1,14.2,22.0,16.8,12.0,0.6,0.5,0.4,1.22,2.42,3.77,2.45,22.0,1.4,12.0,0.6,0.5,0.4,5.6,18.8,35.4,21.1,22.0,14.2,12.0,0.6,0.5,0.4,-18.0,14.1,76.8,19.4,22.0,54.8,12.0,0.6,0.5,0.4,-122.5,-75.9,4.1,-64.0,22.0,63.5,12.0,0.6,0.5,0.4,-10.0,8.5,45.7,11.1,22.0,30.7,12.0,0.6,0.5,0.4,-77.0,-48.9,3.7,-39.6,22.0,38.9,12.0,0.6,0.5,0.4,-5.4,1.5,14.0,3.0,22.0,14.9,12.0,0.6,0.5,0.4,-27.2,-16.4,0.2,-15.3,22.0,13.8,12.0,0.6,0.5,0.4,132.5,504.0,2146.5,1072.5,22.0,1322.5,12.0,0.6,0.5,0.4,135.0,505.0,2145.0,1070.0,22.0,1325.0,12.0,0.6,0.5,0.4
1974,2,232.0,37.0,10.56,11.1,12.0,11.26,11.0,0.9,16.0,0.8,0.5,0.4,10.0,11.7,12.08,11.19,11.0,1.15,16.0,0.7,0.5,0.4,5.15,6.32,7.24,6.08,10.0,1.32,16.0,0.8,0.5,0.4,66.8,75.7,83.5,73.4,10.0,12.0,16.0,0.8,0.4,4.69,7.7,10.13,7.35,11.0,3.03,16.0,0.7,0.5,0.5,0.0,1.67,7.4,2.91,11.0,3.7,16.0,0.7,0.5,0.5,-8.92,-5.1,-1.34,-4.81,11.0,4.48,16.0,0.7,0.5,0.5,1024.31,1026.5,1030.98,1026.5,12.0,5.22,16.0,0.8,0.5,0.4,3.2,7.0,8.0,5.7,11.0,2.8,16.0,0.7,0.5,0.4,0.0,4.3,58.4,21.1,11.0,34.0,16.0,0.7,0.5,0.5,-91.2,-26.0,-5.5,-43.8,11.0,53.4,16.0,0.7,0.5,0.5,-1.06,-0.25,1.34,-0.03,10.0,1.37,16.0,0.8,0.5,0.4,-7.2,-3.8,6.0,-0.7,9.0,9.0,16.0,0.8,0.5,0.4,0.75,2.23,2.78,2.11,10.0,1.3,16.0,0.8,0.5,0.4,5.7,12.7,24.8,14.6,9.0,11.5,16.0,0.8,0.5,0.4,0.0,31.8,86.2,40.5,10.0,41.2,16.0,0.7,0.5,0.4,-83.5,-40.6,-15.9,-43.4,10.0,41.7,16.0,0.7,0.5,0.4,0.0,22.9,43.2,24.1,9.0,22.1,16.0,0.8,0.5,0.4,-43.1,-14.3,-7.9,-22.1,9.0,24.6,16.0,0.8,0.5,0.4,0.0,8.2,15.8,7.1,9.0,7.4,16.0,0.8,0.5,0.4,-18.9,-3.1,-1.0,-8.9,9.0,13.0,16.0,0.8,0.5,0.4,106.5,456.5,1068.0,588.0,11.0,656.0,16.0,0.7,0.5,0.5,105.0,455.0,1070.0,590.0,11.0,655.0,16.0,0.7,0.5,0.5
1974,2,232.0,38.0,10.54,11.7,11.7,11.13,3.0,0.98,14.0,1.0,0.4,0.4,8.85,11.5,13.16,11.03,4.0,2.62,16.0,1.0,0.4,0.4,5.18,5.53,5.91,5.55,3.0,0.53,14.0,1.0,0.4,0.4,68.0,74.1,76.7,72.4,3.0,6.6,14.0,1.0,0.4,7.58,10.3,10.82,9.25,4.0,2.81,16.0,1.0,0.4,0.4,-2.02,0.0,5.07,1.45,4.0,5.78,16.0,1.0,0.4,0.4,-7.82,-0.79,7.24,-0.31,4.0,9.25,16.0,1.0,0.4,0.4,1026.38,1030.0,1030.34,1028.4,3.0,3.21,14.0,1.0,0.4,0.4,3.5,6.0,8.0,5.8,4.0,2.6,16.0,1.0,0.4,0.4,-22.9,0.0,52.2,14.0,4.0,60.7,16.0,1.0,0.4,0.4,-68.0,5.1,80.1,6.0,4.0,95.7,16.0,1.0,0.4,0.4,-1.09,0.0,2.66,0.77,3.0,2.83,14.0,1.0,0.4,0.4,-11.2,0.0,27.4,7.9,3.0,29.1,14.0,1.0,0.4,0.4,2.07,2.33,3.03,2.55,3.0,0.73,14.0,1.0,0.4,0.4,14.4,24.0,31.3,22.9,3.0,12.4,14.0,1.0,0.4,0.4,-26.3,0.0,67.4,19.6,4.0,76.5,16.0,1.0,0.4,0.4,-66.4,-2.1,94.6,13.4,4.0,99.3,16.0,1.0,0.4,0.4,0.0,0.0,40.2,19.6,3.0,34.0,14.0,1.0,0.4,0.4,-44.2,-28.2,5.7,-19.5,3.0,37.3,14.0,1.0,0.4,0.4,0.0,0.0,15.4,7.5,3.0,13.0,14.0,1.0,0.4,0.4,-26.8,-9.9,2.5,-12.1,3.0,21.5,14.0,1.0,0.4,0.4,589.5,1092.5,1276.0,940.5,4.0,563.0,16.0,1.0,0.4,0.4,590.0,1095.0,1275.0,940.0,4.0,565.0,16.0,1.0,0.4,0.4
1974,2,232.0,39.0,11.19,11.6,12.01,11.6,2.0,0.85,8.0,0.5,0.5,0.1,9.46,12.6,15.74,12.6,2.0,6.51,8.0,0.5,0.5,0.1,5.9,6.16,6.42,6.16,2.0,0.54,8.0,0.5,0.5,0.1,59.8,70.9,82.0,70.9,2.0,23.0,8.0,0.5,0.1,10.71,11.6,12.49,11.6,2.0,1.84,8.0,0.5,0.5,0.1,-3.65,2.75,9.15,2.75,2.0,13.25,8.0,0.5,0.5,0.1,-7.34,-6.15,-4.96,-6.15,2.0,2.46,8.0,0.5,0.5,0.1,1016.77,1021.65,1026.53,1021.65,2.0,10.11,8.0,0.5,0.5,0.1,6.3,7.0,7.7,7.0,2.0,1.4,8.0,0.5,0.5,0.1,-32.6,44.1,120.7,44.1,2.0,158.8,8.0,0.5,0.5,0.1,-77.4,-69.1,-60.8,-69.1,2.0,17.2,8.0,0.5,0.5,0.1,-3.73,-1.0,1.73,-1.0,2.0,5.66,8.0,0.5,0.5,0.1,-37.2,-6.4,24.4,-6.4,2.0,63.8,8.0,0.5,0.5,0.1,2.17,2.24,2.31,2.24,2.0,0.15,8.0,0.5,0.5,0.1,23.3,26.1,28.9,26.1,2.0,5.8,8.0,0.5,0.5,0.1,-80.4,-8.4,63.5,-8.4,2.0,149.1,8.0,0.5,0.5,0.1,-119.8,-85.5,-51.2,-85.5,2.0,71.0,8.0,0.5,0.5,0.1,-25.3,13.4,52.1,13.4,2.0,80.1,8.0,0.5,0.5,0.1,-47.4,-38.5,-29.6,-38.5,2.0,18.5,8.0,0.5,0.5,0.1,-7.4,7.1,21.6,7.1,2.0,30.1,8.0,0.5,0.5,0.1,-15.8,-13.6,-11.4,-13.6,2.0,4.6,8.0,0.5,0.5,0.1,1260.0,1619.5,1979.5,1619.5,2.0,745.5,8.0,0.5,0.5,0.1,1260.0,1620.0,1980.0,1620.0,2.0,745.0,8.0,0.5,0.5,0.1
1974,2,232.0,40.0,8.15,8.9,9.31,8.73,3.0,0.86,16.0,0.3,0.8,0.4,9.03,10.6,11.35,10.2,3.0,1.73,16.0,0.3,0.8,0.4,4.99,6.25,7.4,6.2,3.0,1.77,16.0,0.3,0.8,0.4,70.7,80.0,88.9,79.8,3.0,13.3,16.0,0.3,0.4,4.73,9.3,12.78,8.77,3.0,5.92,16.0,0.3,0.8,0.4,-2.73,1.99,2.8,0.08,3.0,4.38,16.0,0.3,0.8,0.4,-9.77,-1.67,5.43,-2.15,3.0,11.14,16.0,0.3,0.8,0.4,1014.93,1026.4,1031.59,1023.33,3.0,12.49,16.0,0.3,0.8,0.4,0.6,2.0,6.1,3.3,3.0,4.2,16.0,0.3,0.8,0.4,-46.8,5.2,21.8,-12.1,3.0,52.4,16.0,0.3,0.8,0.4,-134.4,-4.3,54.1,-39.3,3.0,141.3,16.0,0.3,0.8,0.4,-2.61,-2.2,-0.29,-1.47,3.0,1.81,16.0,0.3,0.8,0.4,-34.0,-20.5,-5.4,-19.7,3.0,20.9,16.0,0.3,0.8,0.4,-0.32,0.22,1.79,0.72,3.0,1.6,16.0,0.3,0.8,0.4,-2.6,3.1,5.5,1.5,3.0,6.1,16.0,0.3,0.8,0.4,-30.4,16.5,30.7,0.5,3.0,46.8,16.0,0.3,0.8,0.4,-102.3,-13.9,65.4,-18.4,3.0,122.9,16.0,0.3,0.8,0.4,-18.2,8.8,20.0,1.1,3.0,28.8,16.0,0.3,0.8,0.4,-60.0,-7.4,45.1,-7.5,3.0,77.0,16.0,0.3,0.8,0.4,-1.6,-1.1,3.1,0.7,3.0,3.7,16.0,0.3,0.8,0.4,-4.7,-4.2,-3.3,-4.0,3.0,1.0,16.0,0.3,0.8,0.4,267.5,804.5,2293.5,1269.5,3.0,1538.0,16.0,0.3,0.8,0.4,265.0,805.0,2295.0,1270.0,3.0,1540.0,16.0,0.3,0.8,0.4
1974,2,232.0,41.0,7.7,8.1,10.25,8.8,6.0,1.47,16.0,0.7,0.7,0.4,8.59,10.0,11.2,10.09,7.0,1.25,16.0,0.7,0.6,0.3,4.91,6.15,7.06,6.03,6.0,1.08,16.0,0.7,0.7,0.4,72.7,78.0,85.7,78.8,6.0,6.7,16.0,0.7,0.4,4.03,7.7,12.92,8.39,7.0,4.64,16.0,0.7,0.6,0.3,-0.11,2.63,5.39,3.2,7.0,4.24,16.0,0.7,0.6,0.3,-0.56,6.45,12.74,5.24,7.0,6.45,16.0,0.7,0.6,0.3,1012.49,1018.0,1031.95,1022.24,7.0,9.11,16.0,0.7,0.6,0.3,6.7,8.0,8.0,6.7,7.0,3.0,16.0,0.7,0.6,0.3,-1.4,12.9,31.7,25.9,7.0,55.1,16.0,0.7,0.6,0.3,-1.6,55.7,164.6,67.2,7.0,79.2,16.0,0.7,0.6,0.3,-3.5,-1.15,0.37,-1.3,6.0,2.06,16.0,0.7,0.7,0.4,-45.1,-6.0,1.1,-16.4,6.0,22.8,16.0,0.7,0.7,0.4,-0.55,1.17,2.03,0.94,6.0,1.27,16.0,0.7,0.7,0.4,-7.2,5.8,8.3,2.6,6.0,7.8,16.0,0.7,0.7,0.4,-1.2,26.1,54.5,32.7,7.0,47.4,16.0,0.7,0.6,0.3,-4.7,72.2,134.4,57.8,7.0,67.4,16.0,0.7,0.6,0.3,6.8,16.5,38.4,22.8,6.0,31.2,16.0,0.7,0.7,0.4,-4.4,22.8,57.8,28.3,6.0,39.8,16.0,0.7,0.7,0.4,-0.3,4.3,6.1,2.7,6.0,4.7,16.0,0.7,0.7,0.4,-5.4,-2.4,2.0,-1.1,6.0,6.0,16.0,0.7,0.7,0.4,66.5,456.5,2159.0,1053.5,7.0,1115.5,16.0,0.7,0.6,0.3,65.0,455.0,2160.0,1055.0,7.0,1115.0,16.0,0.7,0.6,0.3
1974,2,232.0,42.0,8.87,10.0,10.03,9.54,7.0,0.82,16.0,0.7,0.6,0.6,8.43,10.0,11.25,9.81,7.0,1.89,16.0,0.7,0.6,0.6,5.01,5.21,5.88,5.43,6.0,0.64,18.0,0.7,0.5,0.6,63.8,72.3,88.0,75.1,6.0,12.4,18.0,0.7,0.6,7.58,10.3,13.5,10.57,7.0,3.44,16.0,0.7,0.6,0.6,-5.15,3.28,7.74,1.71,7.0,5.7,16.0,0.7,0.6,0.6,-7.65,8.92,11.2,3.31,7.0,9.67,16.0,0.7,0.6,0.6,997.0,1022.5,1032.42,1017.4,7.0,15.85,16.0,0.7,0.6,0.6,5.9,7.0,8.0,6.7,7.0,1.8,16.0,0.7,0.6,0.6,-53.0,16.7,115.6,26.0,7.0,71.8,16.0,0.7,0.6,0.6,-60.0,91.9,140.8,56.5,7.0,113.0,16.0,0.7,0.6,0.6,-1.33,0.0,1.52,-0.27,7.0,1.97,16.0,0.7,0.6,0.6,-13.7,0.0,14.9,-2.3,7.0,20.3,16.0,0.7,0.6,0.6,1.24,2.33,2.53,2.04,6.0,0.71,18.0,0.7,0.5,0.6,13.4,19.4,29.2,20.7,6.0,8.9,18.0,0.7,0.5,0.6,-58.0,34.3,73.4,13.0,7.0,57.8,16.0,0.7,0.6,0.6,-55.3,87.3,110.8,32.5,7.0,94.5,16.0,0.7,0.6,0.6,-11.5,18.0,46.4,16.3,6.0,29.8,18.0,0.7,0.5,0.6,-43.7,16.9,61.0,14.4,6.0,57.7,18.0,0.7,0.5,0.6,-3.8,8.5,12.0,5.7,6.0,11.2,18.0,0.7,0.5,0.6,-12.8,1.8,25.6,4.1,6.0,20.3,18.0,0.7,0.5,0.6,441.0,1092.5,2465.5,1496.5,7.0,1208.5,16.0,0.7,0.6,0.6,440.0,1095.0,2465.0,1495.0,7.0,1210.0,16.0,0.7,0.6,0.6
1974,2,232.0,43.0,11.2,11.2,11.2,11.2,1.0,0.0,18.0,0.0,0.2,0.5,10.0,10.0,10.0,10.0,1.0,0.0,18.0,0.0,0.2,0.5,7.18,7.18,7.18,7.18,1.0,0.0,18.0,0.0,0.2,0.5,94.1,94.1,94.1,94.1,1.0,0.0,18.0,0.0,0.5,9.3,9.3,9.3,9.3,1.0,0.0,18.0,0.0,0.2,0.5,4.65,4.65,4.65,4.65,1.0,0.0,18.0,0.0,0.2,0.5,8.05,8.05,8.05,8.05,1.0,0.0,18.0,0.0,0.2,0.5,1010.2,1010.2,1010.2,1010.2,1.0,0.0,18.0,0.0,0.2,0.5,,,,,,,,,,,,,,,,,,,,,,,,,,,,,,,1.2,1.2,1.2,1.2,1.0,0.0,18.0,0.0,0.2,0.5,11.2,11.2,11.2,11.2,1.0,0.0,18.0,0.0,0.2,0.5,1.09,1.09,1.09,1.09,1.0,0.0,18.0,0.0,0.2,0.5,10.1,10.1,10.1,10.1,1.0,0.0,18.0,0.0,0.2,0.5,46.5,46.5,46.5,46.5,1.0,0.0,18.0,0.0,0.2,0.5,80.5,80.5,80.5,80.5,1.0,0.0,18.0,0.0,0.2,0.5,33.4,33.4,33.4,33.4,1.0,0.0,18.0,0.0,0.2,0.5,57.8,57.8,57.8,57.8,1.0,0.0,18.0,0.0,0.2,0.5,5.1,5.1,5.1,5.1,1.0,0.0,18.0,0.0,0.2,0.5,8.8,8.8,8.8,8.8,1.0,0.0,18.0,0.0,0.2,0.5,804.5,804.5,804.5,804.5,1.0,0.0,18.0,0.0,0.2,0.5,805.0,805.0,805.0,805.0,1.0,0.0,18.0,0.0,0.2,0.5
1974,2,232.0,44.0,9.48,10.35,10.86,10.18,4.0,0.89,22.0,0.0,0.5,0.6,5.69,7.75,8.21,7.17,6.0,1.63,20.0,0.2,0.5,0.6,4.17,5.43,6.63,5.33,6.0,1.28,20.0,0.2,0.5,0.6,77.9,86.5,95.3,84.3,6.0,15.5,20.0,0.2,0.6,8.43,9.55,11.18,9.97,6.0,3.67,20.0,0.2,0.5,0.6,-0.35,4.03,9.88,4.69,6.0,5.99,20.0,0.2,0.5,0.6,-5.71,3.36,9.85,2.09,6.0,8.07,20.0,0.2,0.5,0.6,1009.63,1017.0,1019.55,1012.97,6.0,11.9,20.0,0.2,0.5,0.6,4.9,7.0,8.0,6.4,5.0,2.1,18.0,0.2,0.6,0.7,-3.4,37.5,110.7,58.7,6.0,84.8,20.0,0.2,0.5,0.6,-54.1,20.5,111.2,28.6,6.0,96.6,20.0,0.2,0.5,0.6,1.0,3.0,5.63,3.3,4.0,2.7,22.0,0.0,0.5,0.6,13.0,21.0,42.3,27.4,4.0,21.2,22.0,0.0,0.5,0.6,1.12,2.26,3.38,2.25,4.0,1.32,22.0,0.0,0.5,0.6,12.3,19.2,28.1,20.2,4.0,10.3,22.0,0.0,0.5,0.6,-3.2,20.6,72.0,31.9,6.0,45.2,20.0,0.2,0.5,0.6,-44.7,18.9,85.3,16.5,6.0,64.6,20.0,0.2,0.5,0.6,-2.3,19.9,57.8,26.1,6.0,34.9,20.0,0.2,0.5,0.6,-31.6,16.1,63.1,15.6,6.0,43.4,20.0,0.2,0.5,0.6,-0.8,8.6,25.3,12.1,4.0,16.2,22.0,0.0,0.5,0.6,7.2,11.6,15.3,11.3,4.0,4.8,22.0,0.0,0.5,0.6,665.5,873.0,1674.5,1352.5,6.0,1567.5,20.0,0.2,0.5,0.6,665.0,875.0,1675.0,1355.0,6.0,1565.0,20.0,0.2,0.5,0.6
1974,2,232.0,45.0,8.09,10.0,11.06,9.71,7.0,1.58,14.0,0.6,0.7,0.4,7.2,7.6,7.98,7.83,8.0,1.45,14.0,0.5,0.7,0.4,4.76,5.27,5.55,5.2,7.0,0.5,14.0,0.6,0.7,0.4,67.2,85.9,87.2,80.7,7.0,9.8,14.0,0.6,0.4,7.76,9.55,12.08,9.14,8.0,3.2,14.0,0.5,0.7,0.4,-2.64,0.85,8.81,2.68,8.0,6.53,14.0,0.5,0.7,0.4,-7.4,-1.13,8.84,-0.09,8.0,7.4,14.0,0.5,0.7,0.4,1005.73,1026.25,1037.57,1022.99,8.0,15.42,14.0,0.5,0.7,0.4,4.0,7.0,8.0,6.0,7.0,2.0,16.0,0.4,0.7,0.4,-20.8,8.3,96.7,37.6,8.0,72.9,14.0,0.5,0.7,0.4,-60.4,-2.9,82.8,6.7,8.0,73.5,14.0,0.5,0.7,0.4,0.59,2.2,2.83,1.91,7.0,1.21,14.0,0.6,0.7,0.4,4.9,14.2,22.9,14.8,7.0,9.3,14.0,0.6,0.7,0.4,1.11,2.15,3.17,2.2,7.0,0.94,14.0,0.6,0.7,0.4,8.3,16.3,33.0,19.7,7.0,14.0,14.0,0.6,0.7,0.4,-19.0,6.1,68.9,27.8,8.0,59.9,14.0,0.5,0.7,0.4,-52.7,-8.4,68.1,1.9,8.0,55.4,14.0,0.5,0.7,0.4,-15.4,0.0,40.1,9.6,7.0,33.8,14.0,0.6,0.7,0.4,-41.0,-12.5,23.8,-7.3,7.0,36.5,14.0,0.6,0.7,0.4,-3.7,0.0,28.9,8.1,7.0,20.3,14.0,0.6,0.7,0.4,-11.0,-5.7,8.8,-3.0,7.0,12.4,14.0,0.6,0.7,0.4,467.0,873.0,1775.5,984.0,8.0,713.5,14.0,0.5,0.7,0.4,465.0,875.0,1775.0,985.0,8.0,715.0,14.0,0.5,0.7,0.4
1974,2,232.0,46.0,7.74,8.2,8.91,8.39,13.0,1.3,14.0,0.6,0.5,0.6,6.0,7.1,8.49,7.29,14.0,1.6,14.0,0.6,0.5,0.6,4.56,5.31,5.94,5.32,11.0,0.84,12.0,0.6,0.4,0.6,75.6,81.3,99.2,84.4,11.0,12.1,12.0,0.6,0.6,4.1,6.2,12.78,8.01,14.0,5.07,14.0,0.6,0.5,0.6,0.0,1.82,9.14,3.22,14.0,4.55,14.0,0.6,0.5,0.6,-4.79,-0.62,6.6,1.91,14.0,7.68,14.0,0.6,0.5,0.6,1006.85,1021.2,1033.77,1019.08,14.0,14.83,14.0,0.6,0.5,0.6,3.1,8.0,8.0,6.4,14.0,2.4,14.0,0.6,0.5,0.6,0.0,9.0,100.0,32.5,14.0,55.2,14.0,0.6,0.5,0.6,-27.7,-2.2,43.7,35.8,14.0,124.2,14.0,0.6,0.5,0.6,-0.55,1.1,2.09,1.08,13.0,1.44,14.0,0.6,0.5,0.6,-2.9,11.9,14.4,7.5,13.0,10.0,14.0,0.6,0.5,0.6,0.63,1.22,2.47,1.51,11.0,1.14,12.0,0.6,0.4,0.6,2.3,9.4,20.8,12.0,11.0,15.0,12.0,0.6,0.4,0.6,0.0,13.1,55.1,27.0,14.0,43.0,14.0,0.6,0.5,0.6,-32.2,-4.4,46.5,15.8,14.0,57.9,14.0,0.6,0.5,0.6,-1.3,5.1,17.1,10.7,11.0,20.4,12.0,0.6,0.4,0.6,-14.4,15.9,61.2,20.3,11.0,45.3,12.0,0.6,0.4,0.6,-1.2,0.0,3.6,4.8,11.0,14.1,12.0,0.6,0.4,0.6,-3.1,0.0,10.8,4.8,11.0,11.6,12.0,0.6,0.4,0.6,69.0,243.0,2095.0,1217.5,14.0,2300.5,14.0,0.6,0.5,0.6,70.0,245.0,2095.0,1215.0,14.0,2300.0,14.0,0.6,0.5,0.6
1974,2,232.0,47.0,7.18,7.65,8.71,7.91,26.0,1.67,10.0,0.3,0.7,0.4,5.14,7.0,8.63,7.03,29.0,1.66,10.0,0.3,0.7,0.4,4.58,5.19,5.94,5.16,26.0,0.64,10.0,0.3,0.7,0.4,72.0,89.2,96.1,85.7,26.0,11.0,10.0,0.3,0.4,3.9,5.95,10.3,6.9,30.0,4.87,10.0,0.3,0.7,0.4,-1.35,1.92,4.98,1.37,30.0,3.75,10.0,0.3,0.7,0.4,-6.26,-2.7,5.39,-0.77,30.0,7.51,10.0,0.3,0.7,0.4,1014.22,1031.65,1037.52,1026.29,30.0,14.63,10.0,0.3,0.7,0.4,3.3,8.0,8.0,6.4,28.0,2.4,10.0,0.3,0.7,0.4,-5.1,10.6,35.2,5.5,30.0,49.5,10.0,0.3,0.7,0.4,-45.1,-10.4,32.2,7.3,30.0,121.8,10.0,0.3,0.7,0.4,-0.71,0.6,2.82,0.97,26.0,2.13,10.0,0.3,0.7,0.4,-4.3,4.7,11.8,8.2,26.0,20.9,10.0,0.3,0.7,0.4,0.64,1.39,1.95,1.34,24.0,0.65,10.0,0.3,0.7,0.3,2.9,7.1,13.1,9.6,24.0,9.7,10.0,0.3,0.7,0.3,-11.9,15.2,36.0,11.7,29.0,27.4,10.0,0.3,0.7,0.4,-43.5,-21.6,38.0,-5.8,29.0,55.6,10.0,0.3,0.7,0.4,-10.7,8.3,22.2,6.3,26.0,18.3,10.0,0.3,0.7,0.4,-28.4,-12.7,29.5,-4.7,26.0,42.5,10.0,0.3,0.7,0.4,-2.7,0.9,4.9,0.9,24.0,6.3,10.0,0.3,0.7,0.3,-9.0,-4.1,5.0,-3.2,24.0,11.9,10.0,0.3,0.7,0.3,60.0,212.0,1092.5,981.0,30.0,2429.0,10.0,0.3,0.7,0.4,60.0,210.0,1095.0,980.0,30.0,2430.0,10.0,0.3,0.7,0.4
1974,2,232.0,48.0,6.31,7.7,8.67,7.6,16.0,1.32,12.0,0.4,0.5,0.6,5.29,7.5,8.09,7.06,18.0,1.54,12.0,0.5,0.5,0.6,4.67,5.42,6.18,5.36,16.0,0.72,12.0,0.4,0.5,0.6,78.3,86.9,94.5,86.5,16.0,7.6,12.0,0.4,0.6,5.22,9.8,12.9,9.07,18.0,4.38,12.0,0.5,0.5,0.6,0.0,4.87,10.78,4.62,18.0,6.54,12.0,0.5,0.5,0.6,-0.42,3.68,6.29,2.76,18.0,5.73,12.0,0.5,0.5,0.6,1006.02,1015.55,1019.81,1014.16,18.0,9.43,12.0,0.5,0.5,0.6,4.2,7.0,8.0,5.9,15.0,2.4,12.0,0.5,0.5,0.6,0.0,29.1,130.9,48.9,18.0,83.1,12.0,0.5,0.5,0.6,-1.7,29.2,70.4,23.4,18.0,82.5,12.0,0.5,0.5,0.6,-1.24,0.65,2.69,0.66,16.0,1.97,12.0,0.4,0.5,0.6,-15.2,1.3,20.8,1.2,16.0,21.9,12.0,0.4,0.5,0.6,0.1,1.3,1.93,1.12,16.0,0.81,12.0,0.4,0.5,0.6,0.2,6.8,20.8,9.6,16.0,9.8,12.0,0.4,0.5,0.6,0.0,31.0,76.9,31.7,18.0,49.8,12.0,0.5,0.5,0.6,-2.3,21.1,53.7,20.5,18.0,44.8,12.0,0.5,0.5,0.6,0.0,29.9,57.0,22.4,16.0,37.7,12.0,0.4,0.5,0.6,-4.8,20.4,38.3,15.3,16.0,31.6,12.0,0.4,0.5,0.6,-1.5,2.7,16.2,6.2,16.0,9.4,12.0,0.4,0.5,0.6,-1.2,1.6,7.1,3.5,16.0,7.2,12.0,0.4,0.5,0.6,150.0,948.5,2146.5,1219.5,18.0,1327.5,12.0,0.5,0.5,0.6,150.0,950.0,2145.0,1220.0,18.0,1325.0,12.0,0.5,0.5,0.6
1974,2,232.0,49.0,6.0,7.0,8.01,6.86,7.0,1.47,16.0,0.7,0.4,0.4,4.56,6.5,6.97,6.04,8.0,1.4,16.0,0.8,0.4,0.4,4.57,4.85,5.68,4.98,7.0,0.71,16.0,0.7,0.4,0.5,76.9,86.6,92.1,83.6,7.0,8.3,16.0,0.7,0.5,7.76,9.8,10.92,8.9,8.0,3.11,16.0,0.8,0.4,0.4,-4.13,5.52,9.38,2.91,8.0,7.78,16.0,0.8,0.4,0.4,-4.44,0.0,5.08,0.18,8.0,5.47,16.0,0.8,0.4,0.4,1004.89,1008.75,1020.28,1011.39,8.0,10.32,16.0,0.8,0.4,0.4,5.0,7.0,8.0,6.3,7.0,1.6,16.0,0.9,0.4,0.4,-42.2,49.2,91.5,21.3,8.0,85.3,16.0,0.8,0.4,0.4,-34.0,0.0,55.6,3.7,8.0,54.3,16.0,0.8,0.4,0.4,-0.5,0.5,1.67,0.67,7.0,1.31,16.0,0.7,0.4,0.4,-4.0,1.1,14.1,6.2,7.0,14.0,16.0,0.7,0.4,0.4,0.24,1.01,1.55,1.0,6.0,0.74,16.0,0.7,0.4,0.5,2.7,5.2,13.8,7.5,6.0,6.3,16.0,0.7,0.4,0.5,-33.8,31.3,47.1,11.9,8.0,48.1,16.0,0.8,0.4,0.4,-20.1,0.0,20.5,1.5,8.0,37.2,16.0,0.8,0.4,0.4,-30.4,28.0,36.6,6.2,7.0,40.7,16.0,0.7,0.4,0.5,-25.2,0.0,8.5,-2.6,7.0,29.8,16.0,0.7,0.4,0.5,-3.1,2.1,8.7,3.5,6.0,7.7,16.0,0.7,0.4,0.5,-3.1,-0.3,1.3,-1.0,6.0,5.7,16.0,0.7,0.4,0.5,467.0,941.0,1304.5,898.0,8.0,568.5,16.0,0.8,0.4,0.4,465.0,940.0,1305.0,900.0,8.0,570.0,16.0,0.8,0.4,0.4
1974,2,232.0,50.0,6.29,6.7,7.11,6.7,2.0,0.85,28.0,1.0,0.1,0.3,3.09,5.0,6.16,4.63,3.0,2.27,28.0,0.7,0.2,0.5,4.19,4.42,4.64,4.42,2.0,0.47,28.0,1.0,0.1,0.3,78.4,80.9,88.3,83.3,3.0,7.5,28.0,0.7,0.5,5.12,12.9,12.9,9.1,3.0,6.58,28.0,0.7,0.2,0.5,-10.72,-6.45,-2.56,-6.63,3.0,5.98,28.0,0.7,0.2,0.5,-0.18,2.24,8.34,4.04,3.0,6.43,28.0,0.7,0.2,0.5,1000.92,1003.75,1006.58,1003.75,2.0,5.87,28.0,1.0,0.1,0.3,6.3,7.0,7.0,6.7,3.0,0.6,28.0,0.7,0.2,0.5,-138.3,-83.2,-27.2,-82.7,3.0,81.4,28.0,0.7,0.2,0.5,7.8,28.9,107.5,57.0,3.0,77.0,28.0,0.7,0.2,0.5,1.12,2.25,3.38,2.25,2.0,2.33,28.0,1.0,0.1,0.3,6.1,6.8,7.4,6.8,2.0,1.3,28.0,1.0,0.1,0.3,1.68,1.72,1.76,1.72,2.0,0.08,28.0,1.0,0.1,0.3,5.6,12.1,18.5,12.1,2.0,13.3,28.0,1.0,0.1,0.3,-68.3,-32.2,-11.4,-39.7,3.0,42.2,28.0,0.7,0.2,0.5,2.8,15.0,42.9,22.7,3.0,30.1,28.0,0.7,0.2,0.5,-51.3,-31.7,-12.2,-31.7,2.0,40.5,28.0,1.0,0.1,0.3,-2.8,2.7,8.1,2.7,2.0,11.3,28.0,1.0,0.1,0.3,-18.0,-11.2,-4.5,-11.2,2.0,14.0,28.0,1.0,0.1,0.3,-1.3,0.7,2.8,0.7,2.0,4.3,28.0,1.0,0.1,0.3,683.5,2146.5,2146.5,1432.5,3.0,1237.5,28.0,0.7,0.2,0.5,685.0,2145.0,2145.0,1430.0,3.0,1235.0,28.0,0.7,0.2,0.5
1974,2,232.0,51.0,8.3,8.3,8.3,8.3,1.0,0.0,14.0,1.0,0.1,0.8,4.4,4.4,4.4,4.4,1.0,0.0,14.0,1.0,0.1,0.8,4.37,4.37,4.37,4.37,1.0,0.0,14.0,1.0,0.1,0.8,83.8,83.8,83.8,83.8,1.0,0.0,14.0,1.0,0.8,1.0,1.0,1.0,1.0,1.0,0.0,14.0,1.0,0.1,0.8,0.17,0.17,0.17,0.17,1.0,0.0,14.0,1.0,0.1,0.8,-0.98,-0.98,-0.98,-0.98,1.0,0.0,14.0,1.0,0.1,0.8,1005.3,1005.3,1005.3,1005.3,1.0,0.0,14.0,1.0,0.1,0.8,7.0,7.0,7.0,7.0,1.0,0.0,14.0,1.0,0.1,0.8,0.2,0.2,0.2,0.2,1.0,0.0,14.0,1.0,0.1,0.8,-1.0,-1.0,-1.0,-1.0,1.0,0.0,14.0,1.0,0.1,0.8,3.9,3.9,3.9,3.9,1.0,0.0,14.0,1.0,0.1,0.8,3.9,3.9,3.9,3.9,1.0,0.0,14.0,1.0,0.1,0.8,2.46,2.46,2.46,2.46,1.0,0.0,14.0,1.0,0.1,0.8,2.5,2.5,2.5,2.5,1.0,0.0,14.0,1.0,0.1,0.8,0.8,0.8,0.8,0.8,1.0,0.0,14.0,1.0,0.1,0.8,-4.3,-4.3,-4.3,-4.3,1.0,0.0,14.0,1.0,0.1,0.8,0.8,0.8,0.8,0.8,1.0,0.0,14.0,1.0,0.1,0.8,-4.3,-4.3,-4.3,-4.3,1.0,0.0,14.0,1.0,0.1,0.8,0.4,0.4,0.4,0.4,1.0,0.0,14.0,1.0,0.1,0.8,-2.4,-2.4,-2.4,-2.4,1.0,0.0,14.0,1.0,0.1,0.8,1.0,1.0,1.0,1.0,1.0,0.0,14.0,1.0,0.1,0.8,0.0,0.0,0.0,0.0,1.0,0.0,14.0,1.0,0.1,0.8
1974,2,233.0,-41.0,18.0,18.0,18.0,18.0,1.0,0.0,26.0,0.0,0.6,0.2,15.5,15.5,15.5,15.5,1.0,0.0,26.0,0.0,0.6,0.2,9.19,9.19,9.19,9.19,1.0,0.0,26.0,0.0,0.6,0.2,85.1,85.1,85.1,85.1,1.0,0.0,26.0,0.0,0.2,7.7,7.7,7.7,7.7,1.0,0.0,26.0,0.0,0.6,0.2,-7.58,-7.58,-7.58,-7.58,1.0,0.0,26.0,0.0,0.6,0.2,-1.34,-1.34,-1.34,-1.34,1.0,0.0,26.0,0.0,0.6,0.2,1023.6,1023.6,1023.6,1023.6,1.0,0.0,26.0,0.0,0.6,0.2,8.0,8.0,8.0,8.0,1.0,0.0,26.0,0.0,0.6,0.2,-58.4,-58.4,-58.4,-58.4,1.0,0.0,26.0,0.0,0.6,0.2,-10.3,-10.3,-10.3,-10.3,1.0,0.0,26.0,0.0,0.6,0.2,2.5,2.5,2.5,2.5,1.0,0.0,26.0,0.0,0.6,0.2,19.3,19.3,19.3,19.3,1.0,0.0,26.0,0.0,0.6,0.2,3.5,3.5,3.5,3.5,1.0,0.0,26.0,0.0,0.6,0.2,27.0,27.0,27.0,27.0,1.0,0.0,26.0,0.0,0.6,0.2,-117.5,-117.5,-117.5,-117.5,1.0,0.0,26.0,0.0,0.6,0.2,-20.7,-20.7,-20.7,-20.7,1.0,0.0,26.0,0.0,0.6,0.2,-69.7,-69.7,-69.7,-69.7,1.0,0.0,26.0,0.0,0.6,0.2,-12.3,-12.3,-12.3,-12.3,1.0,0.0,26.0,0.0,0.6,0.2,-26.6,-26.6,-26.6,-26.6,1.0,0.0,26.0,0.0,0.6,0.2,-4.7,-4.7,-4.7,-4.7,1.0,0.0,26.0,0.0,0.6,0.2,456.5,456.5,456.5,456.5,1.0,0.0,26.0,0.0,0.6,0.2,455.0,455.0,455.0,455.0,1.0,0.0,26.0,0.0,0.6,0.2
1974,2,233.0,-36.0,18.68,20.15,21.62,20.15,2.0,3.04,6.0,1.0,0.6,0.8,20.67,21.45,22.23,21.45,2.0,1.63,6.0,1.0,0.6,0.8,12.0,12.0,12.0,12.0,1.0,0.0,2.0,1.0,0.9,0.6,71.5,71.5,71.5,71.5,1.0,0.0,2.0,1.0,0.6,2.14,4.6,7.06,4.6,2.0,5.09,6.0,1.0,0.6,0.8,-6.11,-3.98,-1.86,-3.98,2.0,4.41,6.0,1.0,0.6,0.8,-3.53,-2.3,-1.07,-2.3,2.0,2.55,6.0,1.0,0.6,0.8,1024.21,1025.95,1027.69,1025.95,2.0,3.61,6.0,1.0,0.6,0.8,7.2,7.5,7.8,7.5,2.0,0.7,6.0,1.0,0.6,0.8,-49.1,-29.5,-10.0,-29.5,2.0,40.6,6.0,1.0,0.6,0.8,-28.4,-17.1,-5.8,-17.1,2.0,23.4,6.0,1.0,0.6,0.8,-1.98,-1.3,-0.62,-1.3,2.0,1.41,6.0,1.0,0.6,0.8,-2.4,-2.4,-2.3,-2.4,2.0,0.1,6.0,1.0,0.6,0.8,4.52,4.52,4.52,4.52,1.0,0.0,2.0,1.0,0.9,0.6,37.0,37.0,37.0,37.0,1.0,0.0,2.0,1.0,0.9,0.6,-137.8,-89.0,-40.3,-89.0,2.0,101.1,6.0,1.0,0.6,0.8,-79.6,-51.4,-23.2,-51.4,2.0,58.3,6.0,1.0,0.6,0.8,-85.2,-85.2,-85.2,-85.2,1.0,0.0,2.0,1.0,0.9,0.6,-49.2,-49.2,-49.2,-49.2,1.0,0.0,2.0,1.0,0.9,0.6,-32.1,-32.1,-32.1,-32.1,1.0,0.0,2.0,1.0,0.9,0.6,-18.5,-18.5,-18.5,-18.5,1.0,0.0,2.0,1.0,0.9,0.6,88.5,276.0,464.0,276.0,2.0,389.0,6.0,1.0,0.6,0.8,90.0,275.0,465.0,275.0,2.0,390.0,6.0,1.0,0.6,0.8
1974,2,233.0,-34.0,23.83,24.55,25.27,24.55,2.0,1.48,22.0,0.5,0.6,0.4,22.6,23.45,24.3,23.45,2.0,1.77,22.0,0.5,0.6,0.4,16.05,16.17,16.28,16.17,2.0,0.25,22.0,0.5,0.6,0.4,85.8,91.1,96.3,91.1,2.0,10.9,22.0,0.5,0.4,5.17,6.4,7.63,6.4,2.0,2.55,22.0,0.5,0.6,0.4,2.59,3.2,3.81,3.2,2.0,1.27,22.0,0.5,0.6,0.4,-6.61,-5.54,-4.48,-5.54,2.0,2.2,22.0,0.5,0.6,0.4,1021.29,1022.35,1023.41,1022.35,2.0,2.19,22.0,0.5,0.6,0.4,4.2,4.5,4.8,4.5,2.0,0.7,22.0,0.5,0.6,0.4,14.2,22.1,30.0,22.1,2.0,16.3,22.0,0.5,0.6,0.4,-51.9,-38.3,-24.7,-38.3,2.0,28.2,22.0,0.5,0.6,0.4,0.96,1.1,1.24,1.1,2.0,0.28,22.0,0.5,0.6,0.4,5.2,7.4,9.6,7.4,2.0,4.6,22.0,0.5,0.6,0.4,2.01,2.93,3.86,2.93,2.0,1.92,22.0,0.5,0.6,0.4,14.0,16.3,18.7,16.3,2.0,4.8,22.0,0.5,0.6,0.4,62.2,73.9,85.6,73.9,2.0,24.2,22.0,0.5,0.6,0.4,-148.2,-128.0,-107.8,-128.0,2.0,41.9,22.0,0.5,0.6,0.4,41.6,51.9,62.2,51.9,2.0,21.4,22.0,0.5,0.6,0.4,-107.7,-89.9,-72.0,-89.9,2.0,37.0,22.0,0.5,0.6,0.4,7.0,8.2,9.3,8.2,2.0,2.4,22.0,0.5,0.6,0.4,-16.2,-14.1,-12.1,-14.1,2.0,4.2,22.0,0.5,0.6,0.4,169.5,324.5,479.5,324.5,2.0,321.0,22.0,0.5,0.6,0.4,170.0,325.0,480.0,325.0,2.0,320.0,22.0,0.5,0.6,0.4
1974,2,233.0,-32.0,25.6,25.6,25.6,25.6,1.0,0.0,4.0,1.0,1.0,0.1,25.4,25.4,25.4,25.4,1.0,0.0,4.0,1.0,1.0,0.1,14.69,14.69,14.69,14.69,1.0,0.0,4.0,1.0,1.0,0.1,73.4,73.4,73.4,73.4,1.0,0.0,4.0,1.0,0.1,9.8,9.8,9.8,9.8,1.0,0.0,4.0,1.0,1.0,0.1,-9.21,-9.21,-9.21,-9.21,1.0,0.0,4.0,1.0,1.0,0.1,-3.35,-3.35,-3.35,-3.35,1.0,0.0,4.0,1.0,1.0,0.1,1022.0,1022.0,1022.0,1022.0,1.0,0.0,4.0,1.0,1.0,0.1,5.0,5.0,5.0,5.0,1.0,0.0,4.0,1.0,1.0,0.1,-90.2,-90.2,-90.2,-90.2,1.0,0.0,4.0,1.0,1.0,0.1,-32.8,-32.8,-32.8,-32.8,1.0,0.0,4.0,1.0,1.0,0.1,0.2,0.2,0.2,0.2,1.0,0.0,4.0,1.0,1.0,0.1,2.0,2.0,2.0,2.0,1.0,0.0,4.0,1.0,1.0,0.1,5.63,5.63,5.63,5.63,1.0,0.0,4.0,1.0,1.0,0.1,55.2,55.2,55.2,55.2,1.0,0.0,4.0,1.0,1.0,0.1,-233.9,-233.9,-233.9,-233.9,1.0,0.0,4.0,1.0,1.0,0.1,-85.1,-85.1,-85.1,-85.1,1.0,0.0,4.0,1.0,1.0,0.1,-135.3,-135.3,-135.3,-135.3,1.0,0.0,4.0,1.0,1.0,0.1,-49.2,-49.2,-49.2,-49.2,1.0,0.0,4.0,1.0,1.0,0.1,-51.9,-51.9,-51.9,-51.9,1.0,0.0,4.0,1.0,1.0,0.1,-18.9,-18.9,-18.9,-18.9,1.0,0.0,4.0,1.0,1.0,0.1,941.0,941.0,941.0,941.0,1.0,0.0,4.0,1.0,1.0,0.1,940.0,940.0,940.0,940.0,1.0,0.0,4.0,1.0,1.0,0.1
1974,2,233.0,-29.0,26.5,26.5,26.5,26.5,1.0,0.0,20.0,0.0,0.4,0.8,23.7,23.7,23.7,23.7,1.0,0.0,20.0,0.0,0.4,0.8,13.63,13.63,13.63,13.63,1.0,0.0,20.0,0.0,0.4,0.8,75.4,75.4,75.4,75.4,1.0,0.0,20.0,0.0,0.8,5.1,5.1,5.1,5.1,1.0,0.0,20.0,0.0,0.4,0.8,-4.79,-4.79,-4.79,-4.79,1.0,0.0,20.0,0.0,0.4,0.8,-1.74,-1.74,-1.74,-1.74,1.0,0.0,20.0,0.0,0.4,0.8,1021.4,1021.4,1021.4,1021.4,1.0,0.0,20.0,0.0,0.4,0.8,2.0,2.0,2.0,2.0,1.0,0.0,20.0,0.0,0.4,0.8,-24.4,-24.4,-24.4,-24.4,1.0,0.0,20.0,0.0,0.4,0.8,-8.9,-8.9,-8.9,-8.9,1.0,0.0,20.0,0.0,0.4,0.8,2.8,2.8,2.8,2.8,1.0,0.0,20.0,0.0,0.4,0.8,14.3,14.3,14.3,14.3,1.0,0.0,20.0,0.0,0.4,0.8,7.83,7.83,7.83,7.83,1.0,0.0,20.0,0.0,0.4,0.8,39.9,39.9,39.9,39.9,1.0,0.0,20.0,0.0,0.4,0.8,-113.6,-113.6,-113.6,-113.6,1.0,0.0,20.0,0.0,0.4,0.8,-41.3,-41.3,-41.3,-41.3,1.0,0.0,20.0,0.0,0.4,0.8,-65.3,-65.3,-65.3,-65.3,1.0,0.0,20.0,0.0,0.4,0.8,-23.8,-23.8,-23.8,-23.8,1.0,0.0,20.0,0.0,0.4,0.8,-37.5,-37.5,-37.5,-37.5,1.0,0.0,20.0,0.0,0.4,0.8,-13.7,-13.7,-13.7,-13.7,1.0,0.0,20.0,0.0,0.4,0.8,132.5,132.5,132.5,132.5,1.0,0.0,20.0,0.0,0.4,0.8,135.0,135.0,135.0,135.0,1.0,0.0,20.0,0.0,0.4,0.8
1974,2,233.0,-27.0,,,,,,,,,,,,,,,,,,,,,,,,,,,,,,,,,,,,,,,,6.0,6.0,6.0,6.0,1.0,0.0,28.0,1.0,0.8,1.0,-5.64,-5.64,-5.64,-5.64,1.0,0.0,28.0,1.0,0.8,1.0,-2.05,-2.05,-2.05,-2.05,1.0,0.0,28.0,1.0,0.8,1.0,1026.6,1026.6,1026.6,1026.6,1.0,0.0,28.0,1.0,0.8,1.0,,,,,,,,,,,,,,,,,,,,,,,,,,,,,,,,,,,,,,,,,,,,,,,,,,,,,,,,,,,,,,,,,,,,,,,,,,,,,,,,,,,,,,,,,,,,,,,,,,,,,,,,,,,,,,,,,,,,,,,,,,,,,,,,,,,,,,,,,,,,,,,,,,,,,,
1974,2,233.0,-26.0,26.0,26.0,26.0,26.0,1.0,0.0,2.0,1.0,0.9,0.8,26.8,26.8,26.8,26.8,1.0,0.0,2.0,1.0,0.9,0.8,15.34,15.34,15.34,15.34,1.0,0.0,2.0,1.0,0.9,0.8,70.5,70.5,70.5,70.5,1.0,0.0,2.0,1.0,0.8,5.1,5.1,5.1,5.1,1.0,0.0,2.0,1.0,0.9,0.8,-4.79,-4.79,-4.79,-4.79,1.0,0.0,2.0,1.0,0.9,0.8,-1.74,-1.74,-1.74,-1.74,1.0,0.0,2.0,1.0,0.9,0.8,1021.9,1021.9,1021.9,1021.9,1.0,0.0,2.0,1.0,0.9,0.8,2.0,2.0,2.0,2.0,1.0,0.0,2.0,1.0,0.9,0.8,-24.4,-24.4,-24.4,-24.4,1.0,0.0,2.0,1.0,0.9,0.8,-8.9,-8.9,-8.9,-8.9,1.0,0.0,2.0,1.0,0.9,0.8,-0.8,-0.8,-0.8,-0.8,1.0,0.0,2.0,1.0,0.9,0.8,-4.1,-4.1,-4.1,-4.1,1.0,0.0,2.0,1.0,0.9,0.8,5.48,5.48,5.48,5.48,1.0,0.0,2.0,1.0,0.9,0.8,27.9,27.9,27.9,27.9,1.0,0.0,2.0,1.0,0.9,0.8,-128.4,-128.4,-128.4,-128.4,1.0,0.0,2.0,1.0,0.9,0.8,-46.7,-46.7,-46.7,-46.7,1.0,0.0,2.0,1.0,0.9,0.8,-73.5,-73.5,-73.5,-73.5,1.0,0.0,2.0,1.0,0.9,0.8,-26.8,-26.8,-26.8,-26.8,1.0,0.0,2.0,1.0,0.9,0.8,-26.2,-26.2,-26.2,-26.2,1.0,0.0,2.0,1.0,0.9,0.8,-9.6,-9.6,-9.6,-9.6,1.0,0.0,2.0,1.0,0.9,0.8,132.5,132.5,132.5,132.5,1.0,0.0,2.0,1.0,0.9,0.8,135.0,135.0,135.0,135.0,1.0,0.0,2.0,1.0,0.9,0.8
1974,2,233.0,-24.0,28.3,28.3,28.3,28.3,1.0,0.0,24.0,0.0,0.7,0.2,23.4,23.4,23.4,23.4,1.0,0.0,24.0,0.0,0.7,0.2,12.37,12.37,12.37,12.37,1.0,0.0,24.0,0.0,0.7,0.2,69.5,69.5,69.5,69.5,1.0,0.0,24.0,0.0,0.2,9.3,9.3,9.3,9.3,1.0,0.0,24.0,0.0,0.7,0.2,-9.16,-9.16,-9.16,-9.16,1.0,0.0,24.0,0.0,0.7,0.2,1.61,1.61,1.61,1.61,1.0,0.0,24.0,0.0,0.7,0.2,1017.0,1017.0,1017.0,1017.0,1.0,0.0,24.0,0.0,0.7,0.2,5.0,5.0,5.0,5.0,1.0,0.0,24.0,0.0,0.7,0.2,-85.2,-85.2,-85.2,-85.2,1.0,0.0,24.0,0.0,0.7,0.2,15.0,15.0,15.0,15.0,1.0,0.0,24.0,0.0,0.7,0.2,4.9,4.9,4.9,4.9,1.0,0.0,24.0,0.0,0.7,0.2,45.6,45.6,45.6,45.6,1.0,0.0,24.0,0.0,0.7,0.2,11.62,11.62,11.62,11.62,1.0,0.0,24.0,0.0,0.7,0.2,108.1,108.1,108.1,108.1,1.0,0.0,24.0,0.0,0.7,0.2,-214.3,-214.3,-214.3,-214.3,1.0,0.0,24.0,0.0,0.7,0.2,37.8,37.8,37.8,37.8,1.0,0.0,24.0,0.0,0.7,0.2,-113.3,-113.3,-113.3,-113.3,1.0,0.0,24.0,0.0,0.7,0.2,20.0,20.0,20.0,20.0,1.0,0.0,24.0,0.0,0.7,0.2,-106.4,-106.4,-106.4,-106.4,1.0,0.0,24.0,0.0,0.7,0.2,18.8,18.8,18.8,18.8,1.0,0.0,24.0,0.0,0.7,0.2,804.5,804.5,804.5,804.5,1.0,0.0,24.0,0.0,0.7,0.2,805.0,805.0,805.0,805.0,1.0,0.0,24.0,0.0,0.7,0.2
1974,2,233.0,-23.0,28.3,28.3,28.3,28.3,1.0,0.0,28.0,1.0,0.8,0.5,25.8,25.8,25.8,25.8,1.0,0.0,28.0,1.0,0.8,0.5,14.77,14.77,14.77,14.77,1.0,0.0,28.0,1.0,0.8,0.5,71.7,71.7,71.7,71.7,1.0,0.0,28.0,1.0,0.5,8.7,8.7,8.7,8.7,1.0,0.0,28.0,1.0,0.8,0.5,-8.7,-8.7,-8.7,-8.7,1.0,0.0,28.0,1.0,0.8,0.5,0.0,0.0,0.0,0.0,1.0,0.0,28.0,1.0,0.8,0.5,1016.2,1016.2,1016.2,1016.2,1.0,0.0,28.0,1.0,0.8,0.5,4.0,4.0,4.0,4.0,1.0,0.0,28.0,1.0,0.8,0.5,-75.7,-75.7,-75.7,-75.7,1.0,0.0,28.0,1.0,0.8,0.5,0.0,0.0,0.0,0.0,1.0,0.0,28.0,1.0,0.8,0.5,2.5,2.5,2.5,2.5,1.0,0.0,28.0,1.0,0.8,0.5,21.8,21.8,21.8,21.8,1.0,0.0,28.0,1.0,0.8,0.5,9.24,9.24,9.24,9.24,1.0,0.0,28.0,1.0,0.8,0.5,80.4,80.4,80.4,80.4,1.0,0.0,28.0,1.0,0.8,0.5,-224.5,-224.5,-224.5,-224.5,1.0,0.0,28.0,1.0,0.8,0.5,0.0,0.0,0.0,0.0,1.0,0.0,28.0,1.0,0.8,0.5,-128.5,-128.5,-128.5,-128.5,1.0,0.0,28.0,1.0,0.8,0.5,0.0,0.0,0.0,0.0,1.0,0.0,28.0,1.0,0.8,0.5,-80.4,-80.4,-80.4,-80.4,1.0,0.0,28.0,1.0,0.8,0.5,0.0,0.0,0.0,0.0,1.0,0.0,28.0,1.0,0.8,0.5,658.5,658.5,658.5,658.5,1.0,0.0,28.0,1.0,0.8,0.5,660.0,660.0,660.0,660.0,1.0,0.0,28.0,1.0,0.8,0.5
1974,2,233.0,-21.0,25.5,25.5,25.5,25.5,1.0,0.0,28.0,1.0,0.4,0.5,26.0,26.0,26.0,26.0,1.0,0.0,28.0,1.0,0.4,0.5,16.41,16.41,16.41,16.41,1.0,0.0,28.0,1.0,0.4,0.5,78.6,78.6,78.6,78.6,1.0,0.0,28.0,1.0,0.5,7.2,7.2,7.2,7.2,1.0,0.0,28.0,1.0,0.4,0.5,-4.63,-4.63,-4.63,-4.63,1.0,0.0,28.0,1.0,0.4,0.5,5.52,5.52,5.52,5.52,1.0,0.0,28.0,1.0,0.4,0.5,1016.7,1016.7,1016.7,1016.7,1.0,0.0,28.0,1.0,0.4,0.5,7.0,7.0,7.0,7.0,1.0,0.0,28.0,1.0,0.4,0.5,-33.3,-33.3,-33.3,-33.3,1.0,0.0,28.0,1.0,0.4,0.5,39.7,39.7,39.7,39.7,1.0,0.0,28.0,1.0,0.4,0.5,-0.5,-0.5,-0.5,-0.5,1.0,0.0,28.0,1.0,0.4,0.5,-3.6,-3.6,-3.6,-3.6,1.0,0.0,28.0,1.0,0.4,0.5,3.9,3.9,3.9,3.9,1.0,0.0,28.0,1.0,0.4,0.5,28.1,28.1,28.1,28.1,1.0,0.0,28.0,1.0,0.4,0.5,-120.3,-120.3,-120.3,-120.3,1.0,0.0,28.0,1.0,0.4,0.5,143.4,143.4,143.4,143.4,1.0,0.0,28.0,1.0,0.4,0.5,-75.9,-75.9,-75.9,-75.9,1.0,0.0,28.0,1.0,0.4,0.5,90.5,90.5,90.5,90.5,1.0,0.0,28.0,1.0,0.4,0.5,-18.1,-18.1,-18.1,-18.1,1.0,0.0,28.0,1.0,0.4,0.5,21.5,21.5,21.5,21.5,1.0,0.0,28.0,1.0,0.4,0.5,373.0,373.0,373.0,373.0,1.0,0.0,28.0,1.0,0.4,0.5,375.0,375.0,375.0,375.0,1.0,0.0,28.0,1.0,0.4,0.5
1974,2,233.0,-17.0,25.6,25.6,25.6,25.6,1.0,0.0,12.0,0.0,0.5,0.2,25.0,25.0,25.0,25.0,1.0,0.0,12.0,0.0,0.5,0.2,14.57,14.57,14.57,14.57,1.0,0.0,12.0,0.0,0.5,0.2,74.2,74.2,74.2,74.2,1.0,0.0,12.0,0.0,0.2,6.2,6.2,6.2,6.2,1.0,0.0,12.0,0.0,0.5,0.2,-5.83,-5.83,-5.83,-5.83,1.0,0.0,12.0,0.0,0.5,0.2,2.12,2.12,2.12,2.12,1.0,0.0,12.0,0.0,0.5,0.2,1017.2,1017.2,1017.2,1017.2,1.0,0.0,12.0,0.0,0.5,0.2,2.0,2.0,2.0,2.0,1.0,0.0,12.0,0.0,0.5,0.2,-36.1,-36.1,-36.1,-36.1,1.0,0.0,12.0,0.0,0.5,0.2,13.1,13.1,13.1,13.1,1.0,0.0,12.0,0.0,0.5,0.2,0.6,0.6,0.6,0.6,1.0,0.0,12.0,0.0,0.5,0.2,3.7,3.7,3.7,3.7,1.0,0.0,12.0,0.0,0.5,0.2,5.85,5.85,5.85,5.85,1.0,0.0,12.0,0.0,0.5,0.2,36.2,36.2,36.2,36.2,1.0,0.0,12.0,0.0,0.5,0.2,-145.7,-145.7,-145.7,-145.7,1.0,0.0,12.0,0.0,0.5,0.2,53.0,53.0,53.0,53.0,1.0,0.0,12.0,0.0,0.5,0.2,-84.9,-84.9,-84.9,-84.9,1.0,0.0,12.0,0.0,0.5,0.2,30.9,30.9,30.9,30.9,1.0,0.0,12.0,0.0,0.5,0.2,-34.1,-34.1,-34.1,-34.1,1.0,0.0,12.0,0.0,0.5,0.2,12.4,12.4,12.4,12.4,1.0,0.0,12.0,0.0,0.5,0.2,238.5,238.5,238.5,238.5,1.0,0.0,12.0,0.0,0.5,0.2,240.0,240.0,240.0,240.0,1.0,0.0,12.0,0.0,0.5,0.2
1974,2,233.0,-15.0,25.0,25.0,25.0,25.0,1.0,0.0,24.0,1.0,0.3,0.7,25.7,25.7,25.7,25.7,1.0,0.0,24.0,1.0,0.3,0.7,18.7,18.7,18.7,18.7,1.0,0.0,24.0,1.0,0.3,0.7,90.9,90.9,90.9,90.9,1.0,0.0,24.0,1.0,0.7,7.7,7.7,7.7,7.7,1.0,0.0,24.0,1.0,0.3,0.7,-4.95,-4.95,-4.95,-4.95,1.0,0.0,24.0,1.0,0.3,0.7,5.9,5.9,5.9,5.9,1.0,0.0,24.0,1.0,0.3,0.7,1014.4,1014.4,1014.4,1014.4,1.0,0.0,24.0,1.0,0.3,0.7,7.0,7.0,7.0,7.0,1.0,0.0,24.0,1.0,0.3,0.7,-38.1,-38.1,-38.1,-38.1,1.0,0.0,24.0,1.0,0.3,0.7,45.4,45.4,45.4,45.4,1.0,0.0,24.0,1.0,0.3,0.7,-0.7,-0.7,-0.7,-0.7,1.0,0.0,24.0,1.0,0.3,0.7,-5.4,-5.4,-5.4,-5.4,1.0,0.0,24.0,1.0,0.3,0.7,1.05,1.05,1.05,1.05,1.0,0.0,24.0,1.0,0.3,0.7,8.1,8.1,8.1,8.1,1.0,0.0,24.0,1.0,0.3,0.7,-127.2,-127.2,-127.2,-127.2,1.0,0.0,24.0,1.0,0.3,0.7,151.6,151.6,151.6,151.6,1.0,0.0,24.0,1.0,0.3,0.7,-92.6,-92.6,-92.6,-92.6,1.0,0.0,24.0,1.0,0.3,0.7,110.3,110.3,110.3,110.3,1.0,0.0,24.0,1.0,0.3,0.7,-5.2,-5.2,-5.2,-5.2,1.0,0.0,24.0,1.0,0.3,0.7,6.2,6.2,6.2,6.2,1.0,0.0,24.0,1.0,0.3,0.7,456.5,456.5,456.5,456.5,1.0,0.0,24.0,1.0,0.3,0.7,455.0,455.0,455.0,455.0,1.0,0.0,24.0,1.0,0.3,0.7
1974,2,233.0,-8.0,25.7,25.7,25.97,25.83,3.0,0.23,18.0,1.0,0.5,0.8,26.3,26.3,26.98,26.63,3.0,0.58,18.0,1.0,0.5,0.8,16.5,17.33,17.56,17.04,3.0,0.82,18.0,1.0,0.5,0.8,76.2,77.9,80.1,78.1,3.0,2.9,18.0,1.0,0.8,5.04,6.0,6.68,5.87,3.0,1.21,18.0,1.0,0.5,0.8,-6.58,-5.91,-3.45,-5.03,3.0,2.42,18.0,1.0,0.5,0.8,1.1,1.22,3.11,2.08,3.0,1.65,18.0,1.0,0.5,0.8,1009.73,1010.0,1010.61,1010.17,3.0,0.67,18.0,1.0,0.5,0.8,5.3,6.0,6.7,6.0,3.0,1.0,18.0,1.0,0.5,0.8,-44.2,-35.5,-18.5,-31.4,3.0,19.2,18.0,1.0,0.5,0.8,7.0,8.5,15.2,11.0,3.0,6.4,18.0,1.0,0.5,0.8,-1.28,-0.6,-0.33,-0.8,3.0,0.72,18.0,1.0,0.5,0.8,-8.8,-3.6,-1.8,-5.2,3.0,5.3,18.0,1.0,0.5,0.8,3.12,3.34,4.53,3.81,3.0,1.11,18.0,1.0,0.5,0.8,20.4,21.1,22.7,21.5,3.0,1.7,18.0,1.0,0.5,0.8,-177.8,-155.4,-90.6,-134.7,3.0,66.3,18.0,1.0,0.5,0.8,29.2,33.2,82.0,55.1,3.0,43.1,18.0,1.0,0.5,0.8,-115.7,-102.4,-57.8,-87.1,3.0,44.4,18.0,1.0,0.5,0.8,19.1,21.5,50.7,34.6,3.0,25.7,18.0,1.0,0.5,0.8,-20.5,-19.7,-14.2,-17.4,3.0,5.0,18.0,1.0,0.5,0.8,3.5,3.7,15.0,9.1,3.0,9.6,18.0,1.0,0.5,0.8,135.0,216.0,302.5,219.0,3.0,123.0,18.0,1.0,0.5,0.8,135.0,215.0,305.0,220.0,3.0,125.0,18.0,1.0,0.5,0.8
1974,2,233.0,-7.0,25.56,25.9,25.97,25.77,3.0,0.32,14.0,1.0,0.6,0.5,25.44,26.4,27.08,26.27,3.0,1.21,14.0,1.0,0.6,0.5,16.85,17.48,19.79,18.3,3.0,2.27,14.0,1.0,0.6,0.5,78.8,83.9,92.9,85.8,3.0,10.4,14.0,1.0,0.5,5.74,8.2,8.75,7.27,3.0,2.34,14.0,1.0,0.6,0.5,-7.77,-7.71,-5.54,-6.68,3.0,1.86,14.0,1.0,0.6,0.5,1.44,2.8,3.96,2.7,3.0,1.85,14.0,1.0,0.6,0.5,1010.12,1013.4,1013.74,1011.97,3.0,2.93,14.0,1.0,0.6,0.5,2.0,4.0,5.4,3.7,3.0,2.5,14.0,1.0,0.6,0.5,-67.9,-63.2,-34.3,-51.4,3.0,26.7,14.0,1.0,0.6,0.5,9.8,23.0,34.9,22.4,3.0,18.4,14.0,1.0,0.6,0.5,-1.15,-0.4,0.15,-0.5,3.0,0.95,14.0,1.0,0.6,0.5,-9.8,-1.8,1.7,-4.0,3.0,8.6,14.0,1.0,0.6,0.5,1.19,3.49,3.62,2.43,3.0,2.0,14.0,1.0,0.6,0.5,10.0,30.2,31.0,20.7,3.0,17.5,14.0,1.0,0.6,0.5,-206.9,-192.6,-142.8,-175.3,3.0,49.3,14.0,1.0,0.6,0.5,36.6,70.1,106.4,71.5,3.0,51.1,14.0,1.0,0.6,0.5,-133.5,-127.6,-105.0,-119.4,3.0,22.0,14.0,1.0,0.6,0.5,26.1,46.4,68.4,47.3,3.0,31.0,14.0,1.0,0.6,0.5,-28.0,-27.2,-9.0,-18.7,3.0,15.7,14.0,1.0,0.6,0.5,3.4,10.3,14.0,8.7,3.0,7.9,14.0,1.0,0.6,0.5,241.5,551.5,672.5,459.0,3.0,326.0,14.0,1.0,0.6,0.5,240.0,550.0,675.0,460.0,3.0,325.0,14.0,1.0,0.6,0.5
1974,2,233.0,-6.0,26.0,26.0,26.0,26.0,1.0,0.0,6.0,1.0,0.5,0.3,28.5,28.5,28.5,28.5,1.0,0.0,6.0,1.0,0.5,0.3,20.0,20.0,20.0,20.0,1.0,0.0,6.0,1.0,0.5,0.3,82.3,82.3,82.3,82.3,1.0,0.0,6.0,1.0,0.3,7.7,7.7,7.7,7.7,1.0,0.0,6.0,1.0,0.5,0.3,-7.58,-7.58,-7.58,-7.58,1.0,0.0,6.0,1.0,0.5,0.3,1.34,1.34,1.34,1.34,1.0,0.0,6.0,1.0,0.5,0.3,1013.8,1013.8,1013.8,1013.8,1.0,0.0,6.0,1.0,0.5,0.3,1.0,1.0,1.0,1.0,1.0,0.0,6.0,1.0,0.5,0.3,-58.4,-58.4,-58.4,-58.4,1.0,0.0,6.0,1.0,0.5,0.3,10.3,10.3,10.3,10.3,1.0,0.0,6.0,1.0,0.5,0.3,-2.5,-2.5,-2.5,-2.5,1.0,0.0,6.0,1.0,0.5,0.3,-19.2,-19.2,-19.2,-19.2,1.0,0.0,6.0,1.0,0.5,0.3,0.99,0.99,0.99,0.99,1.0,0.0,6.0,1.0,0.5,0.3,7.6,7.6,7.6,7.6,1.0,0.0,6.0,1.0,0.5,0.3,-216.1,-216.1,-216.1,-216.1,1.0,0.0,6.0,1.0,0.5,0.3,38.1,38.1,38.1,38.1,1.0,0.0,6.0,1.0,0.5,0.3,-151.7,-151.7,-151.7,-151.7,1.0,0.0,6.0,1.0,0.5,0.3,26.7,26.7,26.7,26.7,1.0,0.0,6.0,1.0,0.5,0.3,-7.5,-7.5,-7.5,-7.5,1.0,0.0,6.0,1.0,0.5,0.3,1.3,1.3,1.3,1.3,1.0,0.0,6.0,1.0,0.5,0.3,456.5,456.5,456.5,456.5,1.0,0.0,6.0,1.0,0.5,0.3,455.0,455.0,455.0,455.0,1.0,0.0,6.0,1.0,0.5,0.3
1974,2,233.0,-5.0,25.5,25.5,25.5,25.5,1.0,0.0,14.0,0.0,1.0,0.6,25.0,25.0,25.0,25.0,1.0,0.0,14.0,0.0,1.0,0.6,17.44,17.44,17.44,17.44,1.0,0.0,14.0,0.0,1.0,0.6,88.1,88.1,88.1,88.1,1.0,0.0,14.0,0.0,0.6,6.2,6.2,6.2,6.2,1.0,0.0,14.0,0.0,1.0,0.6,-3.1,-3.1,-3.1,-3.1,1.0,0.0,14.0,0.0,1.0,0.6,5.37,5.37,5.37,5.37,1.0,0.0,14.0,0.0,1.0,0.6,1011.0,1011.0,1011.0,1011.0,1.0,0.0,14.0,0.0,1.0,0.6,7.0,7.0,7.0,7.0,1.0,0.0,14.0,0.0,1.0,0.6,-19.2,-19.2,-19.2,-19.2,1.0,0.0,14.0,0.0,1.0,0.6,33.3,33.3,33.3,33.3,1.0,0.0,14.0,0.0,1.0,0.6,0.5,0.5,0.5,0.5,1.0,0.0,14.0,0.0,1.0,0.6,3.1,3.1,3.1,3.1,1.0,0.0,14.0,0.0,1.0,0.6,2.98,2.98,2.98,2.98,1.0,0.0,14.0,0.0,1.0,0.6,18.5,18.5,18.5,18.5,1.0,0.0,14.0,0.0,1.0,0.6,-77.5,-77.5,-77.5,-77.5,1.0,0.0,14.0,0.0,1.0,0.6,134.2,134.2,134.2,134.2,1.0,0.0,14.0,0.0,1.0,0.6,-54.1,-54.1,-54.1,-54.1,1.0,0.0,14.0,0.0,1.0,0.6,93.6,93.6,93.6,93.6,1.0,0.0,14.0,0.0,1.0,0.6,-9.3,-9.3,-9.3,-9.3,1.0,0.0,14.0,0.0,1.0,0.6,16.0,16.0,16.0,16.0,1.0,0.0,14.0,0.0,1.0,0.6,238.5,238.5,238.5,238.5,1.0,0.0,14.0,0.0,1.0,0.6,240.0,240.0,240.0,240.0,1.0,0.0,14.0,0.0,1.0,0.6
1974,2,233.0,-4.0,23.59,24.0,24.34,23.97,3.0,0.55,10.0,0.7,0.5,0.6,24.11,25.0,26.37,25.23,3.0,1.66,10.0,0.7,0.5,0.6,15.83,16.57,17.19,16.51,3.0,1.0,10.0,0.7,0.5,0.6,80.1,83.9,84.6,82.4,3.0,3.6,10.0,0.7,0.6,2.58,3.6,5.03,3.8,3.0,1.81,10.0,0.7,0.5,0.6,-4.82,-3.12,-2.4,-3.6,3.0,1.82,10.0,0.7,0.5,0.6,0.56,0.99,1.54,1.05,3.0,0.72,10.0,0.7,0.5,0.6,1009.8,1012.6,1013.01,1011.43,3.0,2.56,10.0,0.7,0.5,0.6,2.0,4.0,6.0,4.0,3.0,3.0,10.0,0.7,0.5,0.6,-25.4,-11.2,-6.5,-15.9,3.0,14.4,10.0,0.7,0.5,0.6,2.3,5.6,6.2,4.3,3.0,3.1,10.0,0.7,0.5,0.6,-2.21,-0.5,-0.36,-1.27,3.0,1.5,10.0,0.7,0.5,0.6,-12.2,-1.8,-1.0,-6.5,3.0,9.2,10.0,0.7,0.5,0.6,1.61,2.47,2.57,2.1,3.0,0.77,10.0,0.7,0.5,0.6,5.7,6.9,8.6,7.2,3.0,2.1,10.0,0.7,0.5,0.6,-128.2,-77.9,-58.2,-92.8,3.0,52.9,10.0,0.7,0.5,0.6,14.4,26.7,39.2,26.8,3.0,18.2,10.0,0.7,0.5,0.6,-83.4,-51.6,-38.3,-60.6,3.0,34.0,10.0,0.7,0.5,0.6,9.3,17.3,25.8,17.6,3.0,12.1,10.0,0.7,0.5,0.6,-7.7,-6.8,-5.6,-6.7,3.0,1.5,10.0,0.7,0.5,0.6,1.0,1.2,3.6,2.3,3.0,2.1,10.0,0.7,0.5,0.6,21.0,46.5,141.0,80.5,3.0,92.5,10.0,0.7,0.5,0.6,20.0,45.0,140.0,80.0,3.0,95.0,10.0,0.7,0.5,0.6
1974,2,233.0,-2.0,24.79,25.4,25.47,25.13,3.0,0.55,16.0,0.3,0.8,0.5,23.13,23.4,23.81,23.47,3.0,0.5,16.0,0.3,0.8,0.5,16.16,16.35,16.36,16.26,3.0,0.16,16.0,0.3,0.8,0.5,88.9,90.7,91.5,90.2,3.0,1.9,16.0,0.3,0.5,0.0,0.0,3.48,1.7,3.0,2.94,16.0,0.3,0.8,0.5,-3.43,0.0,0.0,-1.67,3.0,2.9,16.0,0.3,0.8,0.5,-0.6,0.0,0.0,-0.3,3.0,0.51,16.0,0.3,0.8,0.5,1008.38,1012.0,1013.5,1010.97,3.0,3.86,16.0,0.3,0.8,0.5,4.3,7.0,7.0,5.7,3.0,2.3,16.0,0.3,0.8,0.5,-17.5,0.0,0.0,-8.5,3.0,14.8,16.0,0.3,0.8,0.5,-3.1,0.0,0.0,-1.5,3.0,2.6,16.0,0.3,0.8,0.5,1.2,1.4,2.15,1.67,3.0,0.74,16.0,0.3,0.8,0.5,0.0,0.0,3.8,1.9,3.0,3.2,16.0,0.3,0.8,0.5,3.24,3.89,4.18,3.72,3.0,0.71,16.0,0.3,0.8,0.5,0.0,0.0,10.2,5.0,3.0,8.7,16.0,0.3,0.8,0.5,-80.2,0.0,0.0,-39.2,3.0,67.9,16.0,0.3,0.8,0.5,-14.1,0.0,0.0,-6.9,3.0,12.0,16.0,0.3,0.8,0.5,-56.1,0.0,0.0,-27.4,3.0,47.5,16.0,0.3,0.8,0.5,-9.9,0.0,0.0,-4.8,3.0,8.4,16.0,0.3,0.8,0.5,-10.1,0.0,0.0,-4.9,3.0,8.5,16.0,0.3,0.8,0.5,-1.8,0.0,0.0,-0.9,3.0,1.5,16.0,0.3,0.8,0.5,0.0,0.0,90.5,44.0,3.0,76.5,16.0,0.3,0.8,0.5,0.0,0.0,90.0,45.0,3.0,75.0,16.0,0.3,0.8,0.5
1974,2,233.0,0.0,24.9,24.9,24.9,24.9,1.0,0.0,16.0,0.0,1.0,0.6,23.0,23.0,23.0,23.0,1.0,0.0,16.0,0.0,1.0,0.6,17.53,17.53,17.53,17.53,1.0,0.0,16.0,0.0,1.0,0.6,100.0,100.0,100.0,100.0,1.0,0.0,16.0,0.0,0.6,0.0,0.0,0.0,0.0,1.0,0.0,16.0,0.0,1.0,0.6,0.0,0.0,0.0,0.0,1.0,0.0,16.0,0.0,1.0,0.6,0.0,0.0,0.0,0.0,1.0,0.0,16.0,0.0,1.0,0.6,1012.0,1012.0,1012.0,1012.0,1.0,0.0,16.0,0.0,1.0,0.6,5.0,5.0,5.0,5.0,1.0,0.0,16.0,0.0,1.0,0.6,0.0,0.0,0.0,0.0,1.0,0.0,16.0,0.0,1.0,0.6,0.0,0.0,0.0,0.0,1.0,0.0,16.0,0.0,1.0,0.6,1.9,1.9,1.9,1.9,1.0,0.0,16.0,0.0,1.0,0.6,0.0,0.0,0.0,0.0,1.0,0.0,16.0,0.0,1.0,0.6,2.15,2.15,2.15,2.15,1.0,0.0,16.0,0.0,1.0,0.6,0.0,0.0,0.0,0.0,1.0,0.0,16.0,0.0,1.0,0.6,0.0,0.0,0.0,0.0,1.0,0.0,16.0,0.0,1.0,0.6,0.0,0.0,0.0,0.0,1.0,0.0,16.0,0.0,1.0,0.6,0.0,0.0,0.0,0.0,1.0,0.0,16.0,0.0,1.0,0.6,0.0,0.0,0.0,0.0,1.0,0.0,16.0,0.0,1.0,0.6,0.0,0.0,0.0,0.0,1.0,0.0,16.0,0.0,1.0,0.6,0.0,0.0,0.0,0.0,1.0,0.0,16.0,0.0,1.0,0.6,0.0,0.0,0.0,0.0,1.0,0.0,16.0,0.0,1.0,0.6,0.0,0.0,0.0,0.0,1.0,0.0,16.0,0.0,1.0,0.6
1974,2,233.0,1.0,24.7,24.7,24.7,24.7,1.0,0.0,16.0,1.0,1.0,0.7,24.0,24.0,24.0,24.0,1.0,0.0,16.0,1.0,1.0,0.7,17.07,17.07,17.07,17.07,1.0,0.0,16.0,1.0,1.0,0.7,91.9,91.9,91.9,91.9,1.0,0.0,16.0,1.0,0.7,4.1,4.1,4.1,4.1,1.0,0.0,16.0,1.0,1.0,0.7,0.0,0.0,0.0,0.0,1.0,0.0,16.0,1.0,1.0,0.7,4.1,4.1,4.1,4.1,1.0,0.0,16.0,1.0,1.0,0.7,1013.9,1013.9,1013.9,1013.9,1.0,0.0,16.0,1.0,1.0,0.7,1.0,1.0,1.0,1.0,1.0,0.0,16.0,1.0,1.0,0.7,0.0,0.0,0.0,0.0,1.0,0.0,16.0,1.0,1.0,0.7,16.8,16.8,16.8,16.8,1.0,0.0,16.0,1.0,1.0,0.7,0.7,0.7,0.7,0.7,1.0,0.0,16.0,1.0,1.0,0.7,2.9,2.9,2.9,2.9,1.0,0.0,16.0,1.0,1.0,0.7,2.33,2.33,2.33,2.33,1.0,0.0,16.0,1.0,1.0,0.7,9.6,9.6,9.6,9.6,1.0,0.0,16.0,1.0,1.0,0.7,0.0,0.0,0.0,0.0,1.0,0.0,16.0,1.0,1.0,0.7,98.4,98.4,98.4,98.4,1.0,0.0,16.0,1.0,1.0,0.7,0.0,0.0,0.0,0.0,1.0,0.0,16.0,1.0,1.0,0.7,70.0,70.0,70.0,70.0,1.0,0.0,16.0,1.0,1.0,0.7,0.0,0.0,0.0,0.0,1.0,0.0,16.0,1.0,1.0,0.7,9.6,9.6,9.6,9.6,1.0,0.0,16.0,1.0,1.0,0.7,69.0,69.0,69.0,69.0,1.0,0.0,16.0,1.0,1.0,0.7,70.0,70.0,70.0,70.0,1.0,0.0,16.0,1.0,1.0,0.7
1974,2,233.0,6.0,25.6,25.6,25.6,25.6,1.0,0.0,22.0,0.0,0.6,0.9,24.8,24.8,24.8,24.8,1.0,0.0,22.0,0.0,0.6,0.9,17.98,17.98,17.98,17.98,1.0,0.0,22.0,0.0,0.6,0.9,91.9,91.9,91.9,91.9,1.0,0.0,22.0,0.0,0.9,10.8,10.8,10.8,10.8,1.0,0.0,22.0,0.0,0.6,0.9,-9.35,-9.35,-9.35,-9.35,1.0,0.0,22.0,0.0,0.6,0.9,-5.4,-5.4,-5.4,-5.4,1.0,0.0,22.0,0.0,0.6,0.9,1011.0,1011.0,1011.0,1011.0,1.0,0.0,22.0,0.0,0.6,0.9,8.0,8.0,8.0,8.0,1.0,0.0,22.0,0.0,0.6,0.9,-101.0,-101.0,-101.0,-101.0,1.0,0.0,22.0,0.0,0.6,0.9,-58.3,-58.3,-58.3,-58.3,1.0,0.0,22.0,0.0,0.6,0.9,0.8,0.8,0.8,0.8,1.0,0.0,22.0,0.0,0.6,0.9,8.6,8.6,8.6,8.6,1.0,0.0,22.0,0.0,0.6,0.9,2.57,2.57,2.57,2.57,1.0,0.0,22.0,0.0,0.6,0.9,27.7,27.7,27.7,27.7,1.0,0.0,22.0,0.0,0.6,0.9,-232.0,-232.0,-232.0,-232.0,1.0,0.0,22.0,0.0,0.6,0.9,-133.9,-133.9,-133.9,-133.9,1.0,0.0,22.0,0.0,0.6,0.9,-168.2,-168.2,-168.2,-168.2,1.0,0.0,22.0,0.0,0.6,0.9,-97.1,-97.1,-97.1,-97.1,1.0,0.0,22.0,0.0,0.6,0.9,-24.0,-24.0,-24.0,-24.0,1.0,0.0,22.0,0.0,0.6,0.9,-13.9,-13.9,-13.9,-13.9,1.0,0.0,22.0,0.0,0.6,0.9,1259.5,1259.5,1259.5,1259.5,1.0,0.0,22.0,0.0,0.6,0.9,1260.0,1260.0,1260.0,1260.0,1.0,0.0,22.0,0.0,0.6,0.9
1974,2,233.0,9.0,25.5,25.5,25.5,25.5,1.0,0.0,18.0,1.0,0.5,0.2,25.5,25.5,25.5,25.5,1.0,0.0,18.0,1.0,0.5,0.2,16.62,16.62,16.62,16.62,1.0,0.0,18.0,1.0,0.5,0.2,81.5,81.5,81.5,81.5,1.0,0.0,18.0,1.0,0.2,13.4,13.4,13.4,13.4,1.0,0.0,18.0,1.0,0.5,0.2,-13.2,-13.2,-13.2,-13.2,1.0,0.0,18.0,1.0,0.5,0.2,-2.33,-2.33,-2.33,-2.33,1.0,0.0,18.0,1.0,0.5,0.2,1010.0,1010.0,1010.0,1010.0,1.0,0.0,18.0,1.0,0.5,0.2,8.0,8.0,8.0,8.0,1.0,0.0,18.0,1.0,0.5,0.2,-176.8,-176.8,-176.8,-176.8,1.0,0.0,18.0,1.0,0.5,0.2,-31.2,-31.2,-31.2,-31.2,1.0,0.0,18.0,1.0,0.5,0.2,0.0,0.0,0.0,0.0,1.0,0.0,18.0,1.0,0.5,0.2,0.0,0.0,0.0,0.0,1.0,0.0,18.0,1.0,0.5,0.2,3.82,3.82,3.82,3.82,1.0,0.0,18.0,1.0,0.5,0.2,51.2,51.2,51.2,51.2,1.0,0.0,18.0,1.0,0.5,0.2,-336.5,-336.5,-336.5,-336.5,1.0,0.0,18.0,1.0,0.5,0.2,-59.3,-59.3,-59.3,-59.3,1.0,0.0,18.0,1.0,0.5,0.2,-219.3,-219.3,-219.3,-219.3,1.0,0.0,18.0,1.0,0.5,0.2,-38.7,-38.7,-38.7,-38.7,1.0,0.0,18.0,1.0,0.5,0.2,-50.5,-50.5,-50.5,-50.5,1.0,0.0,18.0,1.0,0.5,0.2,-8.9,-8.9,-8.9,-8.9,1.0,0.0,18.0,1.0,0.5,0.2,2406.0,2406.0,2406.0,2406.0,1.0,0.0,18.0,1.0,0.5,0.2,2405.0,2405.0,2405.0,2405.0,1.0,0.0,18.0,1.0,0.5,0.2
1974,2,233.0,10.0,27.0,27.0,27.0,27.0,1.0,0.0,20.0,0.0,0.7,0.8,24.0,24.0,24.0,24.0,1.0,0.0,20.0,0.0,0.7,0.8,15.64,15.64,15.64,15.64,1.0,0.0,20.0,0.0,0.7,0.8,84.4,84.4,84.4,84.4,1.0,0.0,20.0,0.0,0.8,9.3,9.3,9.3,9.3,1.0,0.0,20.0,0.0,0.7,0.8,-8.05,-8.05,-8.05,-8.05,1.0,0.0,20.0,0.0,0.7,0.8,-4.65,-4.65,-4.65,-4.65,1.0,0.0,20.0,0.0,0.7,0.8,1014.8,1014.8,1014.8,1014.8,1.0,0.0,20.0,0.0,0.7,0.8,8.0,8.0,8.0,8.0,1.0,0.0,20.0,0.0,0.7,0.8,-74.9,-74.9,-74.9,-74.9,1.0,0.0,20.0,0.0,0.7,0.8,-43.2,-43.2,-43.2,-43.2,1.0,0.0,20.0,0.0,0.7,0.8,3.0,3.0,3.0,3.0,1.0,0.0,20.0,0.0,0.7,0.8,27.9,27.9,27.9,27.9,1.0,0.0,20.0,0.0,0.7,0.8,6.61,6.61,6.61,6.61,1.0,0.0,20.0,0.0,0.7,0.8,61.5,61.5,61.5,61.5,1.0,0.0,20.0,0.0,0.7,0.8,-193.3,-193.3,-193.3,-193.3,1.0,0.0,20.0,0.0,0.7,0.8,-111.6,-111.6,-111.6,-111.6,1.0,0.0,20.0,0.0,0.7,0.8,-126.0,-126.0,-126.0,-126.0,1.0,0.0,20.0,0.0,0.7,0.8,-72.7,-72.7,-72.7,-72.7,1.0,0.0,20.0,0.0,0.7,0.8,-53.3,-53.3,-53.3,-53.3,1.0,0.0,20.0,0.0,0.7,0.8,-30.8,-30.8,-30.8,-30.8,1.0,0.0,20.0,0.0,0.7,0.8,804.5,804.5,804.5,804.5,1.0,0.0,20.0,0.0,0.7,0.8,805.0,805.0,805.0,805.0,1.0,0.0,20.0,0.0,0.7,0.8
1974,2,233.0,11.0,,,,,,,,,,,,,,,,,,,,,,,,,,,,,,,,,,,,,,,,12.9,12.9,12.9,12.9,1.0,0.0,28.0,0.0,0.5,0.1,-9.88,-9.88,-9.88,-9.88,1.0,0.0,28.0,0.0,0.5,0.1,-8.29,-8.29,-8.29,-8.29,1.0,0.0,28.0,0.0,0.5,0.1,1011.4,1011.4,1011.4,1011.4,1.0,0.0,28.0,0.0,0.5,0.1,,,,,,,,,,,,,,,,,,,,,,,,,,,,,,,,,,,,,,,,,,,,,,,,,,,,,,,,,,,,,,,,,,,,,,,,,,,,,,,,,,,,,,,,,,,,,,,,,,,,,,,,,,,,,,,,,,,,,,,,,,,,,,,,,,,,,,,,,,,,,,,,,,,,,,
1974,2,233.0,13.0,24.03,24.3,24.57,24.3,2.0,0.57,22.0,1.0,0.7,0.6,21.9,22.55,23.2,22.55,2.0,1.34,22.0,1.0,0.7,0.6,12.55,12.66,12.78,12.66,2.0,0.23,22.0,1.0,0.7,0.6,71.1,74.7,78.3,74.7,2.0,7.4,22.0,1.0,0.6,8.37,8.75,9.13,8.75,2.0,0.78,22.0,1.0,0.7,0.6,-7.43,-6.08,-4.73,-6.08,2.0,2.8,22.0,1.0,0.7,0.6,-6.71,-5.88,-5.04,-5.88,2.0,1.73,22.0,1.0,0.7,0.6,1012.58,1012.75,1012.92,1012.75,2.0,0.35,22.0,1.0,0.7,0.6,7.2,7.5,7.8,7.5,2.0,0.7,22.0,1.0,0.7,0.6,-68.4,-54.3,-40.2,-54.3,2.0,29.2,22.0,1.0,0.7,0.6,-55.9,-50.7,-45.6,-50.7,2.0,10.6,22.0,1.0,0.7,0.6,1.37,1.75,2.13,1.75,2.0,0.78,22.0,1.0,0.7,0.6,11.7,15.6,19.6,15.6,2.0,8.2,22.0,1.0,0.7,0.6,5.88,6.3,6.72,6.3,2.0,0.88,22.0,1.0,0.7,0.6,53.4,54.8,56.1,54.8,2.0,2.8,22.0,1.0,0.7,0.6,-161.6,-135.2,-108.7,-135.2,2.0,54.9,22.0,1.0,0.7,0.6,-156.3,-133.7,-111.0,-133.7,2.0,47.0,22.0,1.0,0.7,0.6,-95.1,-77.3,-59.5,-77.3,2.0,36.8,22.0,1.0,0.7,0.6,-84.2,-74.2,-64.3,-74.2,2.0,20.6,22.0,1.0,0.7,0.6,-43.0,-37.1,-31.1,-37.1,2.0,12.3,22.0,1.0,0.7,0.6,-45.5,-37.8,-30.0,-37.8,2.0,16.1,22.0,1.0,0.7,0.6,591.5,678.0,764.0,678.0,2.0,179.0,22.0,1.0,0.7,0.6,590.0,680.0,765.0,680.0,2.0,180.0,22.0,1.0,0.7,0.6
1974,2,233.0,14.0,25.0,25.0,25.0,25.0,1.0,0.0,6.0,1.0,0.7,0.6,23.5,23.5,23.5,23.5,1.0,0.0,6.0,1.0,0.7,0.6,11.18,11.18,11.18,11.18,1.0,0.0,6.0,1.0,0.7,0.6,62.4,62.4,62.4,62.4,1.0,0.0,6.0,1.0,0.6,4.6,4.6,4.6,4.6,1.0,0.0,6.0,1.0,0.7,0.6,0.8,0.8,0.8,0.8,1.0,0.0,6.0,1.0,0.7,0.6,-4.53,-4.53,-4.53,-4.53,1.0,0.0,6.0,1.0,0.7,0.6,1015.7,1015.7,1015.7,1015.7,1.0,0.0,6.0,1.0,0.7,0.6,7.0,7.0,7.0,7.0,1.0,0.0,6.0,1.0,0.7,0.6,3.7,3.7,3.7,3.7,1.0,0.0,6.0,1.0,0.7,0.6,-20.8,-20.8,-20.8,-20.8,1.0,0.0,6.0,1.0,0.7,0.6,1.5,1.5,1.5,1.5,1.0,0.0,6.0,1.0,0.7,0.6,6.9,6.9,6.9,6.9,1.0,0.0,6.0,1.0,0.7,0.6,8.54,8.54,8.54,8.54,1.0,0.0,6.0,1.0,0.7,0.6,39.3,39.3,39.3,39.3,1.0,0.0,6.0,1.0,0.7,0.6,18.8,18.8,18.8,18.8,1.0,0.0,6.0,1.0,0.7,0.6,-106.5,-106.5,-106.5,-106.5,1.0,0.0,6.0,1.0,0.7,0.6,8.9,8.9,8.9,8.9,1.0,0.0,6.0,1.0,0.7,0.6,-50.7,-50.7,-50.7,-50.7,1.0,0.0,6.0,1.0,0.7,0.6,6.8,6.8,6.8,6.8,1.0,0.0,6.0,1.0,0.7,0.6,-38.7,-38.7,-38.7,-38.7,1.0,0.0,6.0,1.0,0.7,0.6,97.5,97.5,97.5,97.5,1.0,0.0,6.0,1.0,0.7,0.6,95.0,95.0,95.0,95.0,1.0,0.0,6.0,1.0,0.7,0.6
1974,2,233.0,15.0,22.9,22.9,22.9,22.9,1.0,0.0,10.0,0.0,0.5,0.3,22.56,23.55,24.54,23.55,2.0,2.05,16.0,0.5,0.6,0.3,14.57,14.57,14.57,14.57,1.0,0.0,10.0,0.0,0.5,0.3,87.9,87.9,87.9,87.9,1.0,0.0,10.0,0.0,0.3,7.11,8.0,8.89,8.0,2.0,1.84,16.0,0.5,0.6,0.3,-7.7,-6.93,-6.16,-6.93,2.0,1.59,16.0,0.5,0.6,0.3,-4.44,-4.0,-3.56,-4.0,2.0,0.92,16.0,0.5,0.6,0.3,1011.0,1011.0,1011.0,1011.0,1.0,0.0,10.0,0.0,0.5,0.3,6.2,6.5,6.8,6.5,2.0,0.7,16.0,0.5,0.6,0.3,-69.2,-56.9,-44.6,-56.9,2.0,25.5,16.0,0.5,0.6,0.3,-39.9,-32.8,-25.7,-32.8,2.0,14.7,16.0,0.5,0.6,0.3,0.8,0.8,0.8,0.8,1.0,0.0,10.0,0.0,0.5,0.3,5.4,5.4,5.4,5.4,1.0,0.0,10.0,0.0,0.5,0.3,2.87,2.87,2.87,2.87,1.0,0.0,10.0,0.0,0.5,0.3,19.2,19.2,19.2,19.2,1.0,0.0,10.0,0.0,0.5,0.3,-189.7,-164.8,-139.8,-164.8,2.0,51.7,16.0,0.5,0.6,0.3,-109.6,-95.1,-80.7,-95.1,2.0,29.9,16.0,0.5,0.6,0.3,-84.6,-84.6,-84.6,-84.6,1.0,0.0,10.0,0.0,0.5,0.3,-48.8,-48.8,-48.8,-48.8,1.0,0.0,10.0,0.0,0.5,0.3,-16.6,-16.6,-16.6,-16.6,1.0,0.0,10.0,0.0,0.5,0.3,-9.6,-9.6,-9.6,-9.6,1.0,0.0,10.0,0.0,0.5,0.3,380.5,552.5,724.5,552.5,2.0,356.0,16.0,0.5,0.6,0.3,380.0,555.0,725.0,555.0,2.0,355.0,16.0,0.5,0.6,0.3
1974,2,233.0,16.0,23.75,24.5,24.84,24.3,3.0,0.82,16.0,0.7,0.5,0.3,21.05,21.4,22.59,21.8,4.0,1.11,12.0,0.8,0.5,0.4,9.75,11.62,12.9,11.34,4.0,1.91,12.0,0.8,0.5,0.4,62.1,71.0,77.9,70.0,4.0,10.8,12.0,0.8,0.4,6.58,9.3,9.82,8.25,4.0,2.81,12.0,0.8,0.5,0.4,-7.37,-5.09,-3.36,-5.35,4.0,2.37,12.0,0.8,0.5,0.4,-8.33,-6.27,-3.29,-5.83,4.0,3.08,12.0,0.8,0.5,0.4,1015.43,1017.15,1017.87,1016.68,4.0,1.81,12.0,0.8,0.5,0.4,7.0,7.0,7.7,7.3,3.0,0.6,12.0,1.0,0.6,0.4,-71.7,-48.9,-21.7,-46.8,4.0,29.3,12.0,0.8,0.5,0.4,-81.3,-62.3,-25.0,-53.5,4.0,35.0,12.0,0.8,0.5,0.4,1.63,1.7,2.86,2.23,3.0,1.01,16.0,0.7,0.5,0.3,15.2,15.8,28.9,21.9,3.0,11.4,16.0,0.7,0.5,0.3,6.47,6.6,8.14,7.29,3.0,1.36,16.0,0.7,0.5,0.3,62.8,66.0,77.2,69.9,3.0,11.1,16.0,0.7,0.5,0.3,-165.2,-107.1,-71.7,-117.9,4.0,56.9,12.0,0.8,0.5,0.4,-178.6,-137.6,-74.4,-127.0,4.0,65.5,12.0,0.8,0.5,0.4,-95.2,-60.7,-32.9,-63.9,4.0,36.8,12.0,0.8,0.5,0.4,-89.9,-69.8,-40.4,-65.3,4.0,33.2,12.0,0.8,0.5,0.4,-49.7,-42.4,-32.7,-41.3,3.0,12.5,16.0,0.7,0.5,0.3,-68.9,-50.6,-37.0,-52.9,3.0,23.5,16.0,0.7,0.5,0.3,419.0,804.5,955.5,692.5,4.0,437.5,12.0,0.8,0.5,0.4,420.0,805.0,955.0,695.0,4.0,435.0,12.0,0.8,0.5,0.4
1974,2,233.0,17.0,22.06,22.2,24.45,23.23,3.0,1.97,22.0,0.7,0.5,0.3,19.25,20.0,21.37,20.3,3.0,1.57,22.0,0.7,0.5,0.3,10.86,13.56,13.61,12.26,3.0,2.3,22.0,0.7,0.5,0.3,75.1,83.1,90.5,82.8,3.0,11.3,22.0,0.7,0.3,5.29,5.7,10.21,7.7,3.0,3.99,22.0,0.7,0.5,0.3,-7.34,-2.85,-2.1,-4.67,3.0,4.15,22.0,0.7,0.5,0.3,-6.96,-4.94,-4.84,-5.88,3.0,1.76,22.0,0.7,0.5,0.3,1016.48,1018.6,1019.56,1018.03,3.0,2.3,22.0,0.7,0.5,0.3,8.0,8.0,8.0,8.0,3.0,0.0,22.0,0.7,0.5,0.3,-84.3,-16.2,-11.2,-47.0,3.0,59.8,22.0,0.7,0.5,0.3,-75.3,-28.1,-25.6,-49.9,3.0,41.0,22.0,0.7,0.5,0.3,2.41,3.3,3.44,2.93,3.0,0.81,22.0,0.7,0.5,0.3,17.8,20.0,23.1,20.5,3.0,3.9,22.0,0.7,0.5,0.3,4.03,6.71,6.89,5.49,3.0,2.34,22.0,0.7,0.5,0.3,34.7,35.6,37.4,36.0,3.0,2.0,22.0,0.7,0.5,0.3,-148.5,-62.7,-42.4,-94.7,3.0,82.5,22.0,0.7,0.5,0.3,-142.4,-108.6,-96.3,-119.1,3.0,35.0,22.0,0.7,0.5,0.3,-99.6,-38.8,-23.8,-61.1,3.0,58.8,22.0,0.7,0.5,0.3,-94.6,-67.3,-52.8,-73.5,3.0,31.1,22.0,0.7,0.5,0.3,-24.0,-19.1,-14.4,-19.2,3.0,7.1,22.0,0.7,0.5,0.3,-33.3,-33.1,-25.6,-29.5,3.0,6.5,22.0,0.7,0.5,0.3,149.5,185.0,1329.0,726.0,3.0,983.0,22.0,0.7,0.5,0.3,150.0,185.0,1330.0,725.0,3.0,985.0,22.0,0.7,0.5,0.3
1974,2,233.0,18.0,19.98,22.3,22.98,21.5,3.0,2.31,12.0,0.7,0.5,0.7,19.52,20.0,21.57,20.53,3.0,1.57,12.0,0.7,0.5,0.7,9.74,10.11,11.21,10.47,3.0,1.12,12.0,0.7,0.5,0.7,62.5,73.3,78.7,70.7,3.0,12.1,12.0,0.7,0.7,5.59,6.65,7.71,6.65,2.0,2.19,6.0,0.5,0.3,0.5,-7.1,-5.81,-4.51,-5.81,2.0,2.69,6.0,0.5,0.3,0.5,-3.2,-3.04,-2.88,-3.04,2.0,0.33,6.0,0.5,0.3,0.5,1016.41,1019.0,1019.55,1018.0,3.0,2.46,12.0,0.7,0.5,0.7,6.3,7.0,7.7,7.0,3.0,1.0,12.0,0.7,0.5,0.7,-56.3,-41.6,-26.8,-41.6,2.0,30.6,6.0,0.5,0.3,0.5,-22.0,-19.9,-17.7,-19.9,2.0,4.4,6.0,0.5,0.3,0.5,0.04,1.0,1.89,0.97,3.0,1.35,12.0,0.7,0.5,0.7,-0.9,4.2,9.3,4.2,2.0,10.6,6.0,0.5,0.3,0.5,3.87,4.94,7.18,5.51,3.0,2.47,12.0,0.7,0.5,0.7,25.6,26.4,27.3,26.4,2.0,1.8,6.0,0.5,0.3,0.5,-137.5,-113.4,-89.3,-113.4,2.0,49.9,6.0,0.5,0.3,0.5,-63.7,-59.8,-55.9,-59.8,2.0,8.1,6.0,0.5,0.3,0.5,-72.8,-61.9,-50.9,-61.9,2.0,22.7,6.0,0.5,0.3,0.5,-36.8,-33.4,-30.0,-33.4,2.0,7.1,6.0,0.5,0.3,0.5,-25.0,-22.7,-20.4,-22.7,2.0,4.8,6.0,0.5,0.3,0.5,-15.1,-12.8,-10.5,-12.8,2.0,4.7,6.0,0.5,0.3,0.5,199.0,342.0,485.0,342.0,2.0,296.0,6.0,0.5,0.3,0.5,200.0,340.0,485.0,340.0,2.0,295.0,6.0,0.5,0.3,0.5
1974,2,233.0,19.0,21.0,21.0,22.16,21.62,5.0,1.33,16.0,0.6,0.7,0.3,19.13,20.0,20.87,20.0,5.0,1.12,16.0,0.6,0.7,0.3,10.75,11.87,12.19,11.48,4.0,1.11,16.0,0.5,0.6,0.4,79.0,82.9,86.3,82.4,5.0,4.7,16.0,0.6,0.3,5.8,7.7,8.97,7.5,5.0,1.99,16.0,0.6,0.7,0.3,-6.6,-3.99,-3.89,-5.19,5.0,2.17,16.0,0.6,0.7,0.3,-6.42,-5.15,-4.21,-5.23,5.0,1.34,16.0,0.6,0.7,0.3,1019.21,1020.0,1020.26,1019.75,4.0,0.87,16.0,0.5,0.6,0.4,5.5,7.0,7.4,6.4,5.0,1.9,16.0,0.6,0.7,0.3,-61.0,-29.6,-23.0,-41.9,5.0,29.3,16.0,0.6,0.7,0.3,-52.1,-51.3,-24.8,-40.4,5.0,16.5,16.0,0.6,0.7,0.3,0.88,1.5,2.5,1.62,5.0,0.88,16.0,0.6,0.7,0.3,6.5,12.8,17.3,12.1,5.0,6.6,16.0,0.6,0.7,0.3,3.18,3.55,4.68,3.92,4.0,1.12,16.0,0.5,0.6,0.4,23.6,31.6,40.2,31.9,4.0,11.1,16.0,0.5,0.6,0.4,-125.4,-84.0,-80.0,-102.8,5.0,40.5,16.0,0.6,0.7,0.3,-122.5,-100.4,-87.5,-103.6,5.0,23.4,16.0,0.6,0.7,0.3,-80.9,-50.6,-47.0,-63.4,4.0,29.4,16.0,0.5,0.6,0.4,-70.4,-61.9,-60.2,-65.1,4.0,8.8,16.0,0.5,0.6,0.4,-29.5,-21.8,-13.2,-21.4,4.0,9.4,16.0,0.5,0.6,0.4,-30.1,-21.1,-15.8,-22.8,4.0,9.1,16.0,0.5,0.6,0.4,199.5,456.5,749.0,494.5,5.0,374.0,16.0,0.6,0.7,0.3,200.0,455.0,750.0,495.0,5.0,375.0,16.0,0.6,0.7,0.3
1974,2,233.0,20.0,20.32,21.0,21.68,21.0,2.0,1.41,18.0,0.5,0.6,0.3,19.32,20.0,23.07,21.17,3.0,2.93,20.0,0.7,0.7,0.4,10.69,11.19,11.69,11.19,2.0,1.03,18.0,0.5,0.6,0.3,64.2,67.5,70.9,67.5,2.0,7.0,18.0,0.5,0.3,7.18,8.2,9.63,8.4,3.0,1.81,20.0,0.7,0.7,0.4,-8.55,-5.13,-4.43,-6.46,3.0,3.23,20.0,0.7,0.7,0.4,-6.21,-4.31,-2.59,-4.4,3.0,2.66,20.0,0.7,0.7,0.4,1013.26,1016.2,1017.43,1015.37,3.0,3.13,20.0,0.7,0.7,0.4,6.3,7.0,7.7,7.0,3.0,1.0,20.0,0.7,0.7,0.4,-82.2,-34.4,-33.9,-57.5,3.0,40.7,20.0,0.7,0.7,0.4,-48.9,-28.9,-21.7,-35.2,3.0,20.6,20.0,0.7,0.7,0.4,-2.1,-1.25,-0.4,-1.25,2.0,1.77,18.0,0.5,0.6,0.3,-14.1,-8.4,-2.7,-8.4,2.0,11.8,18.0,0.5,0.6,0.3,4.09,4.26,4.42,4.26,2.0,0.34,18.0,0.5,0.6,0.3,31.9,35.7,39.6,35.7,2.0,7.9,18.0,0.5,0.6,0.3,-178.4,-125.7,-93.1,-135.5,3.0,63.1,20.0,0.7,0.7,0.4,-125.6,-105.5,-57.9,-92.1,3.0,50.9,20.0,0.7,0.7,0.4,-99.0,-83.6,-68.3,-83.6,2.0,31.8,18.0,0.5,0.6,0.3,-46.1,-35.0,-23.9,-35.0,2.0,23.1,18.0,0.5,0.6,0.3,-37.9,-31.9,-25.9,-31.9,2.0,12.5,18.0,0.5,0.6,0.3,-17.4,-13.3,-9.1,-13.3,2.0,8.6,18.0,0.5,0.6,0.3,380.5,551.5,921.0,648.5,3.0,405.0,20.0,0.7,0.7,0.4,380.0,550.0,920.0,650.0,3.0,405.0,20.0,0.7,0.7,0.4
1974,2,233.0,21.0,19.32,20.0,20.41,19.87,3.0,0.81,20.0,0.3,0.7,0.5,17.32,18.0,18.55,17.93,3.0,0.9,20.0,0.3,0.7,0.5,9.43,9.67,9.91,9.67,3.0,0.35,20.0,0.3,0.7,0.5,74.0,75.1,79.1,76.5,3.0,3.9,20.0,0.3,0.5,7.02,7.7,8.79,7.9,3.0,1.31,20.0,0.3,0.7,0.5,-6.33,-2.63,-2.4,-4.33,3.0,3.23,20.0,0.3,0.7,0.5,-6.94,-6.3,-5.17,-6.06,3.0,1.31,20.0,0.3,0.7,0.5,1019.47,1022.2,1022.95,1021.23,3.0,2.68,20.0,0.3,0.7,0.5,6.0,8.0,8.0,7.0,3.0,1.7,20.0,0.3,0.7,0.5,-57.6,-20.3,-16.9,-36.8,3.0,33.1,20.0,0.3,0.7,0.5,-51.8,-43.2,-42.5,-47.0,3.0,7.5,20.0,0.3,0.7,0.5,1.86,2.0,2.0,1.93,3.0,0.12,20.0,0.3,0.7,0.5,13.5,13.9,17.1,15.3,3.0,2.9,20.0,0.3,0.7,0.5,4.24,4.94,5.04,4.65,3.0,0.64,20.0,0.3,0.7,0.5,34.8,36.4,37.6,36.2,3.0,2.0,20.0,0.3,0.7,0.5,-109.2,-49.5,-43.9,-75.9,3.0,53.0,20.0,0.3,0.7,0.5,-128.8,-113.3,-89.9,-109.5,3.0,28.7,20.0,0.3,0.7,0.5,-61.5,-26.4,-22.9,-41.9,3.0,31.3,20.0,0.3,0.7,0.5,-68.1,-58.6,-49.3,-58.7,3.0,13.8,20.0,0.3,0.7,0.5,-25.7,-13.0,-12.1,-18.7,3.0,11.1,20.0,0.3,0.7,0.5,-34.6,-32.0,-22.6,-28.7,3.0,9.2,20.0,0.3,0.7,0.5,350.0,456.5,694.0,520.5,3.0,258.0,20.0,0.3,0.7,0.5,350.0,455.0,695.0,520.0,3.0,260.0,20.0,0.3,0.7,0.5
1974,2,233.0,22.0,18.24,18.75,19.26,18.75,2.0,1.06,16.0,1.0,1.0,0.7,16.3,19.1,20.12,18.23,3.0,2.9,16.0,0.7,0.7,0.5,11.19,11.42,11.66,11.42,2.0,0.49,16.0,1.0,1.0,0.7,78.8,79.8,80.7,79.8,2.0,2.0,16.0,1.0,0.7,6.08,8.2,9.63,7.87,3.0,2.62,16.0,0.7,0.7,0.5,-5.92,-5.15,-3.87,-4.9,3.0,1.52,16.0,0.7,0.7,0.5,-7.76,-5.27,-4.34,-6.03,3.0,2.59,16.0,0.7,0.7,0.5,1016.73,1018.5,1019.52,1018.13,3.0,2.07,16.0,0.7,0.7,0.5,4.3,7.0,7.7,6.0,3.0,2.6,16.0,0.7,0.7,0.5,-52.6,-51.5,-27.8,-40.4,3.0,20.5,16.0,0.7,0.7,0.5,-76.4,-43.2,-27.3,-51.7,3.0,36.7,16.0,0.7,0.7,0.5,-1.1,-1.1,-1.1,-1.1,2.0,0.0,16.0,1.0,1.0,0.7,-8.5,-7.3,-6.2,-7.3,2.0,2.4,16.0,1.0,1.0,0.7,1.77,1.98,2.19,1.98,2.0,0.43,16.0,1.0,1.0,0.7,10.2,13.6,17.1,13.6,2.0,7.2,16.0,1.0,1.0,0.7,-112.8,-77.2,-67.3,-89.8,3.0,35.1,16.0,0.7,0.7,0.5,-125.8,-108.6,-85.4,-105.7,3.0,29.7,16.0,0.7,0.7,0.5,-68.0,-55.1,-42.3,-55.1,2.0,26.6,16.0,1.0,1.0,0.7,-59.1,-52.7,-46.3,-52.7,2.0,13.3,16.0,1.0,1.0,0.7,-12.9,-9.9,-6.9,-9.9,2.0,6.3,16.0,1.0,1.0,0.7,-11.2,-9.3,-7.4,-9.3,2.0,3.9,16.0,1.0,1.0,0.7,265.5,551.5,921.0,592.0,3.0,481.5,16.0,0.7,0.7,0.5,265.0,550.0,920.0,590.0,3.0,480.0,16.0,0.7,0.7,0.5
1974,2,233.0,23.0,18.14,19.6,20.0,19.08,5.0,1.26,14.0,0.6,0.2,0.6,16.95,18.0,18.37,17.66,5.0,1.0,14.0,0.6,0.2,0.6,8.48,9.34,9.54,9.05,5.0,0.74,14.0,0.6,0.2,0.6,66.1,72.1,78.8,73.0,5.0,9.1,14.0,0.6,0.6,5.57,7.7,8.6,7.1,5.0,2.17,14.0,0.6,0.2,0.6,-7.15,-6.3,-4.93,-5.95,5.0,1.67,14.0,0.6,0.2,0.6,-5.2,-2.63,-0.8,-2.87,5.0,3.23,14.0,0.6,0.2,0.6,1017.86,1020.3,1021.78,1020.1,5.0,2.53,14.0,0.6,0.2,0.6,7.3,8.0,8.0,7.6,5.0,0.9,14.0,0.6,0.2,0.6,-56.6,-55.6,-30.9,-44.6,5.0,19.7,14.0,0.6,0.2,0.6,-45.5,-20.3,-7.4,-25.8,5.0,26.8,14.0,0.6,0.2,0.6,-0.05,1.1,3.05,1.42,5.0,1.91,14.0,0.6,0.2,0.6,-2.3,7.4,24.2,10.4,5.0,16.2,14.0,0.6,0.2,0.6,3.53,4.6,5.73,4.61,5.0,1.45,14.0,0.6,0.2,0.6,20.7,35.5,42.2,32.4,5.0,13.5,14.0,0.6,0.2,0.6,-120.2,-113.6,-89.1,-104.3,5.0,27.3,14.0,0.6,0.2,0.6,-88.5,-46.1,-14.9,-49.9,5.0,57.7,14.0,0.6,0.2,0.6,-61.7,-55.8,-45.9,-53.5,5.0,14.8,14.0,0.6,0.2,0.6,-49.9,-20.8,-6.7,-26.2,5.0,30.6,14.0,0.6,0.2,0.6,-38.3,-32.6,-14.5,-28.3,5.0,14.2,14.0,0.6,0.2,0.6,-18.7,-17.1,-5.0,-11.9,5.0,11.1,14.0,0.6,0.2,0.6,208.0,456.5,644.0,432.0,5.0,282.5,14.0,0.6,0.2,0.6,210.0,455.0,645.0,430.0,5.0,280.0,14.0,0.6,0.2,0.6
1974,2,233.0,24.0,18.73,19.65,20.57,19.65,2.0,1.91,12.0,0.0,0.3,0.5,15.85,16.4,16.95,16.4,2.0,1.13,12.0,0.0,0.3,0.5,9.22,9.38,9.53,9.38,2.0,0.33,12.0,0.0,0.3,0.5,80.1,81.7,83.2,81.7,2.0,3.2,12.0,0.0,0.5,7.69,8.75,9.81,8.75,2.0,2.19,12.0,0.0,0.3,0.5,-5.97,-3.55,-1.13,-3.55,2.0,5.01,12.0,0.0,0.3,0.5,-8.86,-5.78,-2.69,-5.78,2.0,6.4,12.0,0.0,0.3,0.5,1018.63,1020.0,1021.37,1020.0,2.0,2.83,12.0,0.0,0.3,0.5,3.8,5.5,7.2,5.5,2.0,3.5,12.0,0.0,0.3,0.5,-43.0,-25.5,-8.1,-25.5,2.0,36.1,12.0,0.0,0.3,0.5,-90.7,-57.5,-24.4,-57.5,2.0,68.7,12.0,0.0,0.3,0.5,2.87,3.25,3.63,3.25,2.0,0.78,12.0,0.0,0.3,0.5,27.4,27.6,27.7,27.6,2.0,0.3,12.0,0.0,0.3,0.5,4.13,4.8,5.48,4.8,2.0,1.4,12.0,0.0,0.3,0.5,39.6,40.5,41.3,40.5,2.0,1.7,12.0,0.0,0.3,0.5,-102.6,-61.0,-19.4,-61.0,2.0,86.2,12.0,0.0,0.3,0.5,-138.6,-91.1,-43.6,-91.1,2.0,98.4,12.0,0.0,0.3,0.5,-57.3,-34.1,-10.8,-34.1,2.0,48.2,12.0,0.0,0.3,0.5,-81.1,-53.1,-25.0,-53.1,2.0,58.1,12.0,0.0,0.3,0.5,-34.6,-20.5,-6.5,-20.5,2.0,29.0,12.0,0.0,0.3,0.5,-34.2,-23.3,-12.3,-23.3,2.0,22.6,12.0,0.0,0.3,0.5,487.5,733.0,978.5,733.0,2.0,508.5,12.0,0.0,0.3,0.5,485.0,735.0,980.0,735.0,2.0,510.0,12.0,0.0,0.3,0.5
1974,2,233.0,25.0,18.92,18.95,18.98,18.95,2.0,0.07,20.0,0.5,0.5,0.7,14.98,16.0,17.5,16.23,3.0,1.86,22.0,0.3,0.7,0.8,7.47,8.15,8.83,8.15,2.0,1.4,20.0,0.5,0.5,0.7,70.6,70.8,71.1,70.8,2.0,0.5,20.0,0.5,0.7,6.08,8.2,8.95,7.53,3.0,2.18,22.0,0.3,0.7,0.8,-7.37,-4.42,-1.4,-4.39,3.0,4.37,22.0,0.3,0.7,0.8,-6.61,-3.18,-2.75,-4.64,3.0,3.1,22.0,0.3,0.7,0.8,1020.16,1022.0,1022.68,1021.43,3.0,1.91,22.0,0.3,0.7,0.8,0.6,2.0,4.0,2.3,3.0,2.5,22.0,0.3,0.7,0.8,-62.6,-22.5,-7.1,-34.6,3.0,42.0,22.0,0.3,0.7,0.8,-55.3,-29.6,-18.3,-36.6,3.0,27.8,22.0,0.3,0.7,0.8,1.37,2.6,3.83,2.6,2.0,2.55,20.0,0.5,0.5,0.7,9.1,14.5,19.9,14.5,2.0,11.2,20.0,0.5,0.5,0.7,4.7,5.36,6.02,5.36,2.0,1.37,20.0,0.5,0.5,0.7,32.9,34.2,35.5,34.2,2.0,2.7,20.0,0.5,0.5,0.7,-115.8,-64.0,-20.3,-68.0,3.0,70.0,22.0,0.3,0.7,0.8,-118.0,-50.9,-41.4,-79.0,3.0,61.2,22.0,0.3,0.7,0.8,-26.6,-15.8,-5.0,-15.8,2.0,22.4,20.0,0.5,0.5,0.7,-66.0,-46.6,-27.3,-46.6,2.0,40.1,20.0,0.5,0.5,0.7,-23.5,-14.0,-4.4,-14.0,2.0,19.8,20.0,0.5,0.5,0.7,-32.9,-26.1,-19.3,-26.1,2.0,14.1,20.0,0.5,0.5,0.7,265.5,551.5,724.0,496.0,3.0,339.0,22.0,0.3,0.7,0.8,265.0,550.0,725.0,495.0,3.0,340.0,22.0,0.3,0.7,0.8
1974,2,233.0,26.0,17.37,18.5,19.63,18.53,12.0,1.34,14.0,0.6,0.6,0.4,15.25,16.5,17.0,16.38,12.0,1.43,14.0,0.6,0.6,0.4,7.55,8.21,9.03,8.25,11.0,0.92,16.0,0.5,0.6,0.5,70.9,74.7,80.0,73.9,11.0,8.6,16.0,0.5,0.5,6.07,8.75,10.3,7.99,12.0,2.43,14.0,0.6,0.6,0.4,-8.09,-5.0,-1.61,-5.09,12.0,2.92,14.0,0.6,0.6,0.4,-8.33,-5.38,-1.68,-5.06,12.0,3.29,14.0,0.6,0.6,0.4,1021.87,1023.5,1027.13,1024.14,12.0,2.54,14.0,0.6,0.6,0.4,4.6,6.0,7.0,5.5,11.0,1.9,16.0,0.6,0.6,0.5,-69.9,-39.8,-12.9,-43.9,12.0,30.5,14.0,0.6,0.6,0.4,-82.3,-40.6,-9.0,-44.1,12.0,34.0,14.0,0.6,0.6,0.4,0.37,2.65,3.38,2.15,12.0,1.72,14.0,0.6,0.6,0.4,3.5,16.4,23.2,15.0,12.0,13.6,14.0,0.6,0.6,0.4,3.6,5.19,5.87,4.79,11.0,1.29,16.0,0.5,0.6,0.5,26.6,34.1,49.6,36.7,11.0,14.0,16.0,0.5,0.6,0.5,-128.8,-82.6,-26.6,-84.5,12.0,51.5,14.0,0.6,0.6,0.4,-137.5,-78.9,-28.3,-81.3,12.0,54.7,14.0,0.6,0.6,0.4,-64.1,-40.9,-13.6,-40.6,11.0,26.1,16.0,0.5,0.6,0.5,-72.1,-46.1,-15.8,-44.6,11.0,23.7,16.0,0.5,0.6,0.5,-27.0,-23.1,-8.8,-21.2,11.0,11.1,16.0,0.5,0.6,0.5,-37.1,-29.3,-9.8,-26.6,11.0,16.7,16.0,0.5,0.6,0.5,225.0,678.0,1092.5,625.5,12.0,378.0,14.0,0.6,0.6,0.4,225.0,680.0,1095.0,625.0,12.0,380.0,14.0,0.6,0.6,0.4
1974,2,233.0,27.0,16.9,17.5,18.0,17.45,4.0,0.64,14.0,0.8,0.8,0.2,15.69,17.5,18.21,16.98,4.0,1.75,14.0,0.8,0.8,0.2,8.19,9.07,9.54,8.87,4.0,0.97,14.0,0.8,0.8,0.2,70.4,73.5,78.6,74.5,4.0,5.9,14.0,0.8,0.2,4.6,5.95,8.61,6.58,4.0,3.03,14.0,0.8,0.8,0.2,-4.65,-1.96,0.16,-2.23,4.0,3.65,14.0,0.8,0.8,0.2,-7.11,-5.59,-4.18,-5.64,4.0,2.11,14.0,0.8,0.8,0.2,1020.14,1021.7,1022.47,1021.33,4.0,1.67,14.0,0.8,0.8,0.2,4.4,6.5,7.0,5.8,4.0,1.9,14.0,0.8,0.8,0.2,-45.5,-9.8,2.7,-20.9,4.0,37.5,14.0,0.8,0.8,0.2,-64.0,-33.3,-20.4,-41.8,4.0,33.4,14.0,0.8,0.8,0.2,-0.21,0.0,1.2,0.48,4.0,1.23,14.0,0.8,0.8,0.2,-0.8,0.0,7.5,3.2,4.0,7.4,14.0,0.8,0.8,0.2,2.77,3.66,4.03,3.42,4.0,0.93,14.0,0.8,0.8,0.2,12.8,20.0,32.4,22.5,4.0,12.1,14.0,0.8,0.8,0.2,-81.2,-31.9,2.7,-38.9,4.0,65.1,14.0,0.8,0.8,0.2,-121.4,-87.8,-70.3,-95.5,4.0,38.5,14.0,0.8,0.8,0.2,-41.2,-16.0,2.4,-19.2,4.0,34.2,14.0,0.8,0.8,0.2,-65.0,-48.2,-35.5,-50.2,4.0,20.3,14.0,0.8,0.8,0.2,-17.1,-7.9,-1.1,-9.0,4.0,11.7,14.0,0.8,0.8,0.2,-27.0,-18.3,-11.5,-19.2,4.0,9.0,14.0,0.8,0.8,0.2,112.5,212.0,773.5,432.5,4.0,557.5,14.0,0.8,0.8,0.2,115.0,210.0,775.0,430.0,4.0,555.0,14.0,0.8,0.8,0.2
1974,2,233.0,28.0,14.4,17.8,18.61,16.94,7.0,1.87,16.0,0.7,0.7,0.6,13.88,15.15,15.94,14.95,6.0,1.1,16.0,0.7,0.6,0.5,7.48,7.75,8.43,7.96,6.0,0.7,16.0,0.7,0.6,0.5,72.6,73.9,82.6,76.3,6.0,5.6,16.0,0.7,0.5,6.15,7.7,12.52,9.24,7.0,4.1,16.0,0.7,0.7,0.6,-5.49,-1.34,4.24,-0.58,7.0,6.27,16.0,0.7,0.7,0.6,-9.59,-7.58,-3.27,-7.45,7.0,3.46,16.0,0.7,0.7,0.6,1018.23,1021.7,1025.06,1021.83,7.0,3.37,16.0,0.7,0.7,0.6,0.0,6.0,8.0,4.3,7.0,3.5,16.0,0.7,0.7,0.6,-36.3,-10.3,27.9,4.1,7.0,87.8,16.0,0.7,0.7,0.6,-120.9,-58.4,-19.1,-80.2,7.0,70.7,16.0,0.7,0.7,0.6,0.55,2.2,3.01,1.85,6.0,1.84,16.0,0.7,0.6,0.5,4.8,14.9,29.3,17.8,6.0,19.4,16.0,0.7,0.6,0.5,2.04,4.36,5.49,3.88,6.0,1.91,16.0,0.7,0.6,0.5,15.2,33.3,45.4,33.4,6.0,23.0,16.0,0.7,0.6,0.5,-91.7,-31.6,-1.6,-37.0,6.0,61.4,16.0,0.7,0.6,0.5,-125.5,-108.0,-50.8,-96.2,6.0,37.6,16.0,0.7,0.6,0.5,-45.4,-16.3,-0.8,-18.0,6.0,32.7,16.0,0.7,0.6,0.5,-64.1,-59.1,-29.0,-51.0,6.0,19.1,16.0,0.7,0.6,0.5,-32.6,-9.4,-1.8,-15.7,6.0,18.8,16.0,0.7,0.6,0.5,-40.0,-25.3,-13.8,-27.0,6.0,18.5,16.0,0.7,0.6,0.5,233.5,456.5,2007.0,1245.0,7.0,1716.0,16.0,0.7,0.7,0.6,235.0,455.0,2005.0,1245.0,7.0,1715.0,16.0,0.7,0.7,0.6
1974,2,233.0,29.0,16.57,17.2,18.1,17.2,7.0,1.78,16.0,0.4,0.6,0.2,13.98,14.0,14.34,14.17,6.0,0.37,16.0,0.3,0.6,0.2,6.72,7.42,7.92,7.35,6.0,0.67,16.0,0.3,0.6,0.2,68.6,74.4,79.9,74.4,6.0,6.6,16.0,0.3,0.2,4.58,6.7,9.44,6.9,7.0,2.98,16.0,0.4,0.6,0.2,-2.37,0.0,3.76,0.85,7.0,3.91,16.0,0.4,0.6,0.2,-9.31,-6.3,-2.29,-5.8,7.0,3.01,16.0,0.4,0.6,0.2,1021.52,1025.5,1028.5,1024.54,7.0,3.95,16.0,0.4,0.6,0.2,2.9,7.0,8.0,5.9,7.0,2.7,16.0,0.4,0.6,0.2,-15.5,0.0,18.5,11.7,7.0,39.4,16.0,0.4,0.6,0.2,-87.9,-42.2,-10.5,-47.0,7.0,40.5,16.0,0.4,0.6,0.2,1.83,2.75,3.62,2.57,6.0,1.42,16.0,0.3,0.6,0.2,8.4,17.8,24.4,16.3,6.0,9.9,16.0,0.3,0.6,0.2,3.35,4.7,5.49,4.36,6.0,1.34,16.0,0.3,0.6,0.2,17.2,29.9,35.1,26.5,6.0,11.0,16.0,0.3,0.6,0.2,-38.1,0.0,19.1,-5.2,6.0,37.5,16.0,0.3,0.6,0.2,-101.3,-76.2,-33.1,-73.2,6.0,38.8,16.0,0.3,0.6,0.2,-18.2,0.0,10.2,-2.1,6.0,19.8,16.0,0.3,0.6,0.2,-51.8,-36.4,-17.6,-38.0,6.0,22.0,16.0,0.3,0.6,0.2,-12.9,0.0,5.0,-2.8,6.0,9.5,16.0,0.3,0.6,0.2,-34.7,-28.8,-8.6,-23.8,6.0,13.7,16.0,0.3,0.6,0.2,96.0,301.0,855.0,504.5,7.0,650.0,16.0,0.4,0.6,0.2,95.0,300.0,855.0,505.0,7.0,650.0,16.0,0.4,0.6,0.2
1974,2,233.0,30.0,15.32,16.0,16.48,15.9,3.0,0.85,14.0,0.0,0.6,0.4,13.93,14.0,15.16,14.53,3.0,1.01,14.0,0.0,0.6,0.4,7.81,7.99,8.02,7.92,3.0,0.16,14.0,0.0,0.6,0.4,75.3,78.9,81.1,78.2,3.0,4.3,14.0,0.0,0.4,1.62,5.1,6.87,4.27,3.0,3.92,14.0,0.0,0.6,0.4,-3.85,-2.63,-0.84,-2.35,3.0,2.22,14.0,0.0,0.6,0.4,-5.75,-2.55,-0.81,-3.26,3.0,3.67,14.0,0.0,0.6,0.4,1023.66,1024.0,1025.37,1024.5,3.0,1.32,14.0,0.0,0.6,0.4,3.3,6.0,6.7,5.0,3.0,2.6,14.0,0.0,0.6,0.4,-21.8,-20.3,-6.4,-14.3,3.0,12.4,14.0,0.0,0.6,0.4,-42.2,-13.0,-4.1,-22.9,3.0,29.1,14.0,0.0,0.6,0.4,0.16,2.0,2.55,1.37,3.0,1.83,14.0,0.0,0.6,0.4,3.2,10.2,18.0,10.6,3.0,10.8,14.0,0.0,0.6,0.4,2.74,3.44,3.61,3.18,3.0,0.67,14.0,0.0,0.6,0.4,5.6,17.5,24.9,15.3,3.0,14.3,14.0,0.0,0.6,0.4,-53.8,-36.6,-11.6,-32.8,3.0,31.1,14.0,0.0,0.6,0.4,-80.0,-35.7,-11.3,-45.4,3.0,51.0,14.0,0.0,0.6,0.4,-30.0,-21.0,-6.7,-18.4,3.0,17.2,14.0,0.0,0.6,0.4,-45.7,-19.7,-6.3,-25.8,3.0,29.4,14.0,0.0,0.6,0.4,-13.4,-9.7,-3.1,-8.3,3.0,7.7,14.0,0.0,0.6,0.4,-21.0,-8.8,-2.8,-11.8,3.0,13.6,14.0,0.0,0.6,0.4,42.0,132.5,353.5,196.5,3.0,235.0,14.0,0.0,0.6,0.4,40.0,135.0,355.0,195.0,3.0,235.0,14.0,0.0,0.6,0.4
1974,2,233.0,31.0,13.51,15.65,15.98,15.18,8.0,1.36,16.0,0.4,0.5,0.6,13.26,14.2,17.0,14.79,7.0,1.78,16.0,0.4,0.5,0.6,7.02,8.18,9.03,8.08,6.0,1.05,16.0,0.5,0.6,0.5,67.3,76.4,81.9,76.4,6.0,9.1,16.0,0.5,0.5,5.05,10.8,11.35,9.27,7.0,3.26,16.0,0.4,0.5,0.6,-2.15,0.0,2.12,-0.72,7.0,3.36,16.0,0.4,0.5,0.6,-11.35,-8.27,-2.92,-5.91,7.0,7.63,16.0,0.4,0.5,0.6,1022.46,1025.05,1025.37,1023.5,6.0,4.01,16.0,0.5,0.6,0.5,2.0,6.0,7.0,5.0,7.0,2.3,16.0,0.4,0.5,0.6,-23.6,0.0,9.7,-8.6,7.0,34.2,16.0,0.4,0.5,0.6,-128.8,-89.4,-9.1,-61.0,7.0,87.7,16.0,0.4,0.5,0.6,-1.61,0.5,2.71,0.3,7.0,2.33,16.0,0.4,0.5,0.6,-18.5,2.1,29.4,5.7,7.0,20.7,16.0,0.4,0.5,0.6,0.87,2.77,4.31,2.67,6.0,1.96,16.0,0.5,0.6,0.5,3.6,31.4,47.1,28.6,6.0,23.3,16.0,0.5,0.6,0.5,-32.6,0.0,29.8,-8.9,7.0,47.0,16.0,0.4,0.5,0.6,-162.8,-110.0,-39.8,-85.0,7.0,116.4,16.0,0.4,0.5,0.6,-23.2,0.0,20.6,-3.0,6.0,27.8,16.0,0.5,0.6,0.5,-80.0,-52.0,-8.4,-38.0,6.0,62.8,16.0,0.5,0.6,0.5,-5.8,0.1,3.8,-2.7,6.0,12.9,16.0,0.5,0.6,0.5,-40.1,-18.7,5.7,-17.7,6.0,31.2,16.0,0.5,0.6,0.5,129.5,1259.5,1463.0,1027.0,7.0,675.5,16.0,0.4,0.5,0.6,130.0,1260.0,1465.0,1025.0,7.0,675.0,16.0,0.4,0.5,0.6
1974,2,233.0,32.0,13.34,15.5,16.7,14.95,15.0,1.63,16.0,0.6,0.6,0.5,12.2,12.9,15.37,13.52,16.0,2.07,16.0,0.6,0.6,0.5,5.8,6.9,8.53,7.04,14.0,1.22,14.0,0.5,0.6,0.5,64.7,71.2,86.7,73.6,14.0,11.6,14.0,0.5,0.5,2.1,7.45,8.2,6.68,16.0,3.92,16.0,0.6,0.6,0.5,-1.34,0.36,4.4,1.39,16.0,3.1,16.0,0.6,0.6,0.5,-7.93,-6.46,-1.57,-5.35,16.0,4.56,16.0,0.6,0.6,0.5,1023.0,1024.85,1026.72,1024.98,16.0,2.0,16.0,0.6,0.6,0.5,1.4,6.0,7.0,4.8,16.0,2.6,16.0,0.6,0.6,0.5,-10.3,0.8,50.8,14.0,16.0,30.5,16.0,0.6,0.6,0.5,-63.6,-43.6,-2.8,-49.5,16.0,64.0,16.0,0.6,0.6,0.5,-1.17,1.1,3.16,1.23,15.0,2.09,16.0,0.6,0.6,0.5,-2.0,5.9,16.1,8.1,15.0,17.9,16.0,0.6,0.6,0.5,2.19,2.8,4.89,3.32,13.0,1.38,16.0,0.5,0.6,0.4,9.1,14.2,22.1,16.1,13.0,7.6,16.0,0.5,0.6,0.4,-18.5,4.4,53.8,17.8,16.0,42.8,16.0,0.6,0.6,0.5,-127.6,-81.0,-23.8,-71.5,16.0,61.0,16.0,0.6,0.6,0.5,-9.8,-1.6,24.6,6.7,14.0,23.7,14.0,0.5,0.6,0.5,-55.8,-25.9,-9.1,-29.7,14.0,27.7,14.0,0.5,0.6,0.5,-4.1,-1.9,9.4,2.1,13.0,8.7,16.0,0.5,0.6,0.4,-20.9,-12.0,-5.9,-12.4,13.0,9.5,16.0,0.5,0.6,0.4,9.5,415.0,551.5,620.5,16.0,991.0,16.0,0.6,0.6,0.5,10.0,415.0,550.0,620.0,16.0,990.0,16.0,0.6,0.6,0.5
1974,2,233.0,33.0,13.34,14.15,15.94,14.37,10.0,1.51,14.0,0.5,0.6,0.4,12.38,14.3,15.25,13.96,11.0,1.43,14.0,0.5,0.6,0.4,7.31,7.77,8.34,7.89,9.0,0.73,14.0,0.4,0.6,0.4,76.6,83.3,92.5,83.7,9.0,10.4,14.0,0.4,0.4,4.69,6.7,8.86,6.68,11.0,2.36,14.0,0.5,0.6,0.4,-2.07,3.35,6.13,2.23,11.0,4.27,14.0,0.5,0.6,0.4,-6.87,-5.8,0.37,-3.73,11.0,3.96,14.0,0.5,0.6,0.4,1024.16,1025.0,1027.57,1025.7,11.0,1.99,14.0,0.5,0.6,0.4,2.6,3.0,7.0,4.2,11.0,2.6,14.0,0.5,0.6,0.4,-10.9,16.6,39.4,15.4,11.0,34.4,14.0,0.5,0.6,0.4,-60.9,-37.9,1.9,-32.0,11.0,33.9,14.0,0.5,0.6,0.4,-1.23,0.85,2.36,0.44,10.0,2.38,14.0,0.5,0.6,0.4,-6.5,7.0,14.7,2.6,10.0,17.6,14.0,0.5,0.6,0.4,1.69,2.02,2.57,2.2,8.0,0.67,14.0,0.4,0.6,0.4,8.9,13.4,17.5,13.4,8.0,5.4,14.0,0.4,0.6,0.4,-31.1,50.3,82.2,28.2,11.0,61.3,14.0,0.5,0.6,0.4,-107.5,-73.3,5.3,-51.6,11.0,54.9,14.0,0.5,0.6,0.4,2.3,29.1,55.2,28.5,9.0,26.0,14.0,0.4,0.6,0.4,-50.0,-10.2,5.4,-23.5,9.0,32.5,14.0,0.4,0.6,0.4,0.2,8.6,13.1,7.0,8.0,6.5,14.0,0.4,0.6,0.4,-14.7,-6.9,1.3,-7.1,8.0,8.8,14.0,0.4,0.6,0.4,106.5,301.0,712.5,399.0,11.0,351.5,14.0,0.5,0.6,0.4,105.0,300.0,710.0,400.0,11.0,350.0,14.0,0.5,0.6,0.4
1974,2,233.0,34.0,12.03,13.0,13.79,12.92,9.0,0.78,18.0,0.3,0.6,0.3,11.23,12.25,13.9,12.52,10.0,1.23,18.0,0.3,0.6,0.4,6.46,7.44,8.41,7.36,10.0,1.41,18.0,0.3,0.6,0.4,75.9,82.8,91.5,82.1,10.0,11.5,18.0,0.3,0.4,4.6,7.2,12.0,7.92,10.0,3.78,18.0,0.3,0.6,0.4,-3.67,-0.54,3.7,-0.57,10.0,4.7,18.0,0.3,0.6,0.4,-7.9,-4.67,-2.47,-3.94,10.0,6.66,18.0,0.3,0.6,0.4,1016.25,1025.8,1027.46,1023.04,10.0,7.25,18.0,0.3,0.6,0.4,4.3,6.0,7.7,5.9,9.0,2.0,18.0,0.3,0.6,0.3,-36.1,-3.3,39.8,-4.6,10.0,51.1,18.0,0.3,0.6,0.4,-70.9,-31.7,-10.6,-26.2,10.0,84.9,18.0,0.3,0.6,0.4,-0.29,0.0,0.97,0.23,9.0,0.72,18.0,0.3,0.6,0.3,-3.8,0.0,5.6,0.4,9.0,7.4,18.0,0.3,0.6,0.3,0.85,1.72,2.18,1.49,9.0,0.96,18.0,0.3,0.6,0.3,5.4,9.6,19.4,10.1,9.0,10.8,18.0,0.3,0.6,0.3,-52.3,-6.5,48.7,-7.4,10.0,60.8,18.0,0.3,0.6,0.4,-94.4,-54.8,-31.3,-47.6,10.0,91.0,18.0,0.3,0.6,0.4,-28.3,-4.1,33.2,-2.7,10.0,37.5,18.0,0.3,0.6,0.4,-56.9,-31.4,-18.1,-23.9,10.0,58.3,18.0,0.3,0.6,0.4,-8.4,-2.7,3.2,-3.7,9.0,8.1,18.0,0.3,0.6,0.3,-10.0,-8.8,-5.2,-9.6,9.0,6.9,18.0,0.3,0.6,0.3,97.5,395.0,1767.0,818.0,10.0,943.0,18.0,0.3,0.6,0.4,95.0,395.0,1765.0,820.0,10.0,945.0,18.0,0.3,0.6,0.4
1974,2,233.0,35.0,11.75,11.85,11.95,11.85,2.0,0.21,20.0,0.5,0.3,0.4,10.86,13.8,15.98,13.43,3.0,3.76,20.0,0.7,0.4,0.3,5.81,5.89,7.49,6.63,3.0,1.39,20.0,0.7,0.4,0.3,59.3,79.3,83.1,71.4,3.0,18.8,20.0,0.7,0.3,4.77,6.2,8.66,6.7,3.0,2.88,20.0,0.7,0.4,0.3,-1.01,4.04,5.26,2.17,3.0,4.87,20.0,0.7,0.4,0.3,-6.96,-2.12,-0.19,-3.54,3.0,5.11,20.0,0.7,0.4,0.3,1020.82,1021.3,1027.92,1024.3,3.0,5.81,20.0,0.7,0.4,0.3,4.3,5.0,6.4,5.3,3.0,1.5,20.0,0.7,0.4,0.3,-17.2,16.6,29.9,6.6,3.0,35.5,20.0,0.7,0.4,0.3,-65.8,-13.1,-2.2,-33.5,3.0,49.8,20.0,0.7,0.4,0.3,-1.17,0.2,1.57,0.2,2.0,2.83,20.0,0.5,0.3,0.4,-4.0,3.1,10.3,3.1,2.0,14.9,20.0,0.5,0.3,0.4,0.75,1.53,2.31,1.53,2.0,1.61,20.0,0.5,0.3,0.4,4.0,9.1,14.2,9.1,2.0,10.6,20.0,0.5,0.3,0.4,-21.3,55.3,55.6,18.0,3.0,65.0,20.0,0.7,0.4,0.3,-113.3,-20.1,0.3,-55.6,3.0,88.7,20.0,0.7,0.4,0.3,-2.9,33.2,33.5,15.7,3.0,30.7,20.0,0.7,0.4,0.3,-40.9,-12.3,0.1,-20.2,3.0,30.8,20.0,0.7,0.4,0.3,3.8,8.6,13.3,8.6,2.0,9.9,20.0,0.5,0.3,0.4,-4.7,-2.7,-0.7,-2.7,2.0,4.2,20.0,0.5,0.3,0.4,122.5,238.5,718.0,416.0,3.0,462.5,20.0,0.7,0.4,0.3,125.0,240.0,720.0,415.0,3.0,465.0,20.0,0.7,0.4,0.3
1974,2,233.0,36.0,11.08,12.25,13.43,12.55,26.0,1.61,16.0,0.6,0.5,0.4,10.16,11.7,13.26,11.76,27.0,1.27,16.0,0.6,0.5,0.4,5.51,6.82,8.42,6.95,27.0,1.33,16.0,0.6,0.5,0.4,68.5,84.0,92.9,81.7,27.0,11.4,16.0,0.6,0.4,4.1,7.2,10.66,7.55,28.0,3.6,16.0,0.6,0.5,0.3,0.0,2.68,4.82,2.6,28.0,3.12,16.0,0.6,0.5,0.3,-10.01,-3.52,4.0,-2.7,28.0,6.91,16.0,0.6,0.5,0.3,1021.58,1026.0,1028.8,1024.91,27.0,5.4,16.0,0.6,0.5,0.4,2.0,6.0,8.0,5.2,28.0,2.9,16.0,0.6,0.5,0.3,0.0,13.5,36.3,21.1,28.0,33.1,16.0,0.6,0.5,0.3,-104.3,-15.8,19.0,-24.8,28.0,78.1,16.0,0.6,0.5,0.3,-1.0,0.9,2.32,0.83,26.0,1.97,16.0,0.6,0.5,0.4,-7.5,5.0,18.5,6.4,26.0,18.3,16.0,0.6,0.5,0.4,0.28,2.09,3.83,2.04,26.0,1.6,16.0,0.6,0.5,0.4,1.4,9.7,30.0,14.5,26.0,14.6,16.0,0.6,0.5,0.4,0.0,28.0,56.4,29.3,27.0,36.1,16.0,0.6,0.5,0.4,-106.9,-56.1,52.4,-30.6,27.0,79.8,16.0,0.6,0.5,0.4,0.0,15.2,38.6,17.3,27.0,21.2,16.0,0.6,0.5,0.4,-65.8,-27.6,26.7,-16.7,27.0,50.9,16.0,0.6,0.5,0.4,-0.4,2.9,10.6,4.2,26.0,8.2,16.0,0.6,0.5,0.4,-26.1,-7.1,2.9,-11.6,26.0,14.4,16.0,0.6,0.5,0.4,69.0,378.5,1212.0,718.5,28.0,799.0,16.0,0.6,0.5,0.3,70.0,380.0,1210.0,720.0,28.0,800.0,16.0,0.6,0.5,0.3
1974,2,233.0,37.0,10.0,11.05,12.17,10.97,14.0,1.11,14.0,0.6,0.6,0.3,9.37,10.5,12.11,11.14,19.0,2.22,12.0,0.5,0.6,0.3,5.29,5.77,6.96,6.17,16.0,1.1,12.0,0.6,0.6,0.3,68.4,77.3,89.1,77.4,16.0,12.7,12.0,0.6,0.3,4.6,7.7,10.3,7.79,18.0,3.0,12.0,0.6,0.6,0.3,-1.79,3.61,7.98,3.2,18.0,4.68,12.0,0.6,0.6,0.3,-7.76,-4.85,0.0,-4.33,18.0,4.55,12.0,0.6,0.6,0.3,1022.79,1025.4,1028.14,1025.66,19.0,3.2,12.0,0.5,0.6,0.3,1.7,5.0,8.0,4.6,19.0,3.0,12.0,0.5,0.6,0.3,-9.5,20.0,69.1,27.5,18.0,43.3,12.0,0.6,0.6,0.3,-72.1,-23.6,0.0,-40.2,18.0,59.0,12.0,0.6,0.6,0.3,-1.47,0.5,1.86,-0.08,14.0,2.27,14.0,0.6,0.6,0.3,-16.3,0.0,11.4,-3.9,13.0,21.4,12.0,0.6,0.6,0.3,0.48,2.08,2.64,1.68,14.0,1.26,14.0,0.6,0.6,0.3,1.7,14.7,21.3,11.3,13.0,10.7,12.0,0.6,0.6,0.3,-18.5,36.4,88.0,38.5,18.0,57.5,12.0,0.6,0.6,0.3,-87.3,-47.9,0.0,-46.4,18.0,50.9,12.0,0.6,0.6,0.3,-12.8,33.1,54.0,23.9,15.0,31.9,12.0,0.6,0.6,0.3,-48.7,-26.6,0.0,-22.5,15.0,29.3,12.0,0.6,0.6,0.3,-2.9,5.2,14.4,5.4,13.0,10.3,12.0,0.6,0.6,0.3,-14.9,-6.0,0.0,-7.2,13.0,7.9,12.0,0.6,0.6,0.3,97.5,456.5,1092.5,684.0,18.0,829.0,12.0,0.6,0.6,0.3,95.0,455.0,1095.0,685.0,18.0,830.0,12.0,0.6,0.6,0.3
1974,2,233.0,38.0,9.74,10.55,11.78,10.75,4.0,1.29,14.0,0.5,0.5,0.3,10.52,11.4,11.96,11.25,4.0,0.95,14.0,0.5,0.5,0.3,6.6,6.85,7.5,7.04,4.0,0.61,14.0,0.5,0.5,0.3,81.2,87.4,90.6,86.0,4.0,7.1,14.0,0.5,0.3,9.78,10.8,13.45,11.58,4.0,2.68,14.0,0.5,0.5,0.3,-9.33,1.27,9.92,0.34,4.0,11.24,14.0,0.5,0.5,0.3,-8.94,-5.88,-0.99,-5.01,4.0,5.08,14.0,0.5,0.5,0.3,1017.3,1020.4,1026.01,1021.6,4.0,5.67,14.0,0.5,0.5,0.3,1.5,5.0,8.0,4.8,4.0,3.8,14.0,0.5,0.5,0.3,-127.6,8.5,103.4,-11.2,4.0,140.0,14.0,0.5,0.5,0.3,-118.6,-62.5,-12.9,-65.6,4.0,70.2,14.0,0.5,0.5,0.3,-1.15,0.0,0.1,-0.5,4.0,1.14,14.0,0.5,0.5,0.3,-10.7,0.0,1.1,-4.6,4.0,10.6,14.0,0.5,0.5,0.3,0.14,0.99,1.66,0.91,4.0,1.14,14.0,0.5,0.5,0.3,3.0,13.1,18.6,10.9,4.0,11.7,14.0,0.5,0.5,0.3,-100.3,13.2,112.8,6.6,4.0,123.3,14.0,0.5,0.5,0.3,-97.7,-69.6,-10.5,-54.8,4.0,55.5,14.0,0.5,0.5,0.3,-61.7,14.3,73.7,6.4,4.0,78.9,14.0,0.5,0.5,0.3,-59.1,-39.6,-6.3,-33.0,4.0,34.4,14.0,0.5,0.5,0.3,-12.8,-7.9,3.5,-4.8,4.0,11.4,14.0,0.5,0.5,0.3,-13.4,-6.6,-2.4,-7.9,4.0,7.2,14.0,0.5,0.5,0.3,941.5,1268.0,2600.5,1748.0,4.0,1296.0,14.0,0.5,0.5,0.3,940.0,1270.0,2600.0,1750.0,4.0,1295.0,14.0,0.5,0.5,0.3
1974,2,233.0,39.0,8.18,9.0,9.68,8.93,3.0,1.1,14.0,1.0,0.7,0.4,10.64,11.6,11.87,11.27,3.0,0.95,14.0,1.0,0.7,0.4,6.55,7.48,8.31,7.43,3.0,1.29,14.0,1.0,0.7,0.4,83.1,88.7,96.4,89.7,3.0,9.8,14.0,1.0,0.4,13.22,13.9,13.9,13.57,3.0,0.58,14.0,1.0,0.7,0.4,-2.53,2.24,8.93,3.17,3.0,8.43,14.0,1.0,0.7,0.4,-6.71,6.95,10.88,2.2,3.0,13.52,14.0,1.0,0.7,0.4,1013.1,1015.9,1023.41,1018.2,3.0,7.81,14.0,1.0,0.7,0.4,3.2,8.0,8.0,5.7,3.0,4.0,14.0,1.0,0.7,0.4,-35.9,28.9,123.4,43.4,3.0,117.4,14.0,1.0,0.7,0.4,-93.3,96.6,142.5,26.3,3.0,183.1,14.0,1.0,0.7,0.4,-3.55,-3.0,-1.09,-2.33,3.0,1.89,14.0,1.0,0.7,0.4,-48.3,-38.7,-14.2,-31.4,3.0,25.8,14.0,1.0,0.7,0.4,-1.38,-0.95,0.64,-0.38,3.0,1.56,14.0,1.0,0.7,0.4,-18.1,-13.2,9.0,-4.8,3.0,21.1,14.0,1.0,0.7,0.4,-24.6,26.9,103.8,39.3,3.0,94.7,14.0,1.0,0.7,0.4,-65.4,80.6,129.7,33.3,3.0,148.6,14.0,1.0,0.7,0.4,-13.7,19.5,67.7,26.8,3.0,59.9,14.0,1.0,0.7,0.4,-38.0,52.0,92.0,27.5,3.0,97.5,14.0,1.0,0.7,0.4,-9.9,-6.6,-4.5,-7.2,3.0,4.0,14.0,1.0,0.7,0.4,-19.5,-18.1,-10.2,-14.9,3.0,7.3,14.0,1.0,0.7,0.4,2317.5,2685.5,2685.5,2506.0,3.0,311.0,14.0,1.0,0.7,0.4,2320.0,2685.0,2685.0,2505.0,3.0,310.0,14.0,1.0,0.7,0.4
1974,2,233.0,40.0,8.68,9.5,10.44,9.58,5.0,1.11,12.0,0.8,0.6,0.5,9.05,10.6,11.37,10.32,5.0,1.32,12.0,0.8,0.6,0.5,5.1,5.37,5.85,5.47,5.0,0.45,12.0,0.8,0.6,0.5,63.3,66.5,84.1,72.0,5.0,12.1,12.0,0.8,0.5,8.17,12.9,13.81,11.34,5.0,3.6,12.0,0.8,0.6,0.5,-7.98,-4.41,6.41,-1.67,5.0,8.71,12.0,0.8,0.6,0.5,-12.98,-3.99,0.82,-5.67,5.0,7.36,12.0,0.8,0.6,0.5,1018.23,1028.1,1032.57,1025.94,5.0,7.42,12.0,0.8,0.6,0.5,2.3,4.0,5.4,3.8,5.0,1.9,12.0,0.8,0.6,0.5,-111.3,-56.9,50.3,-37.2,5.0,97.6,12.0,0.8,0.6,0.5,-180.7,-24.7,10.6,-75.0,5.0,108.9,12.0,0.8,0.6,0.5,-1.99,-0.9,0.57,-0.74,5.0,1.47,12.0,0.8,0.6,0.5,-19.1,-10.5,7.9,-6.8,5.0,18.7,12.0,0.8,0.6,0.5,1.32,1.79,2.5,1.85,5.0,0.86,12.0,0.8,0.6,0.5,9.5,26.3,28.4,20.3,5.0,10.6,12.0,0.8,0.6,0.5,-76.3,-46.4,69.3,-12.7,5.0,87.8,12.0,0.8,0.6,0.5,-134.0,-42.2,7.5,-58.9,5.0,74.6,12.0,0.8,0.6,0.5,-47.5,-22.1,33.8,-11.1,5.0,49.8,12.0,0.8,0.6,0.5,-68.7,-20.5,5.0,-30.0,5.0,40.6,12.0,0.8,0.6,0.5,-9.7,-6.7,15.0,1.7,5.0,15.7,12.0,0.8,0.6,0.5,-26.7,-7.1,0.4,-12.0,5.0,14.1,12.0,0.8,0.6,0.5,597.5,2146.5,2696.5,1797.5,5.0,1332.5,12.0,0.8,0.6,0.5,600.0,2145.0,2695.0,1800.0,5.0,1330.0,12.0,0.8,0.6,0.5
1974,2,233.0,41.0,8.3,8.95,10.51,9.15,8.0,1.19,14.0,0.0,0.5,0.6,7.92,9.4,10.89,9.7,8.0,1.8,14.0,0.0,0.5,0.6,5.74,6.75,7.53,6.59,8.0,0.88,14.0,0.0,0.5,0.6,80.1,92.2,94.0,88.7,8.0,9.6,14.0,0.0,0.6,10.41,12.6,14.4,11.31,8.0,4.85,14.0,0.0,0.5,0.6,0.25,5.7,7.26,3.99,8.0,4.74,14.0,0.0,0.5,0.6,-10.28,6.9,12.47,3.24,8.0,10.82,14.0,0.0,0.5,0.6,1011.0,1016.45,1033.68,1018.73,8.0,13.67,14.0,0.0,0.5,0.6,6.1,7.5,8.0,6.6,8.0,2.4,14.0,0.0,0.5,0.6,3.2,66.9,102.4,48.3,8.0,62.5,14.0,0.0,0.5,0.6,-126.4,75.4,177.8,40.4,8.0,148.5,14.0,0.0,0.5,0.6,-1.97,-0.75,1.28,-0.55,8.0,2.54,14.0,0.0,0.5,0.6,-22.5,-2.9,18.5,-3.1,8.0,29.2,14.0,0.0,0.5,0.6,-0.43,0.19,1.24,0.57,8.0,1.22,14.0,0.0,0.5,0.6,-5.0,2.4,18.4,7.6,8.0,15.5,14.0,0.0,0.5,0.6,2.5,50.2,78.5,43.7,8.0,50.0,14.0,0.0,0.5,0.6,-80.2,81.9,117.2,40.7,8.0,95.7,14.0,0.0,0.5,0.6,1.9,34.9,54.6,27.9,8.0,31.3,14.0,0.0,0.5,0.6,-52.1,50.3,85.5,28.7,8.0,68.1,14.0,0.0,0.5,0.6,-3.4,0.6,7.8,1.5,8.0,6.3,14.0,0.0,0.5,0.6,-16.7,-2.1,2.7,-6.1,8.0,15.0,14.0,0.0,0.5,0.6,1131.5,2004.0,2986.0,1978.0,8.0,1123.0,14.0,0.0,0.5,0.6,1130.0,2005.0,2985.0,1980.0,8.0,1125.0,14.0,0.0,0.5,0.6
1974,2,233.0,42.0,8.68,9.5,10.62,9.68,5.0,1.3,18.0,0.8,0.5,0.4,9.0,9.5,10.67,9.78,5.0,0.87,18.0,0.8,0.5,0.4,5.73,6.27,6.79,6.27,5.0,0.58,18.0,0.8,0.5,0.4,75.7,80.0,96.2,84.5,5.0,12.4,18.0,0.8,0.4,5.1,10.3,11.35,8.72,5.0,3.39,18.0,0.8,0.5,0.4,3.82,5.02,8.79,5.98,5.0,3.0,18.0,0.8,0.5,0.4,0.78,3.52,8.83,4.69,5.0,5.03,18.0,0.8,0.5,0.4,1011.22,1018.6,1023.92,1016.88,5.0,10.12,18.0,0.8,0.5,0.4,6.6,8.0,8.0,7.4,5.0,0.9,18.0,0.8,0.5,0.4,25.2,26.3,93.1,53.1,5.0,38.0,18.0,0.8,0.5,0.4,4.0,36.3,102.0,52.9,5.0,61.7,18.0,0.8,0.5,0.4,-1.35,-0.1,1.12,-0.1,5.0,1.66,18.0,0.8,0.5,0.4,-14.3,-0.5,8.0,-3.2,5.0,14.1,18.0,0.8,0.5,0.4,0.26,0.66,2.3,1.16,5.0,1.16,18.0,0.8,0.5,0.4,3.0,8.2,16.5,9.6,5.0,8.3,18.0,0.8,0.5,0.4,35.7,45.5,93.8,60.4,5.0,34.8,18.0,0.8,0.5,0.4,7.6,38.0,86.5,45.9,5.0,46.3,18.0,0.8,0.5,0.4,22.8,35.3,52.8,36.7,5.0,16.8,18.0,0.8,0.5,0.4,4.1,19.8,57.0,29.6,5.0,33.7,18.0,0.8,0.5,0.4,0.8,3.7,15.5,7.6,5.0,8.7,18.0,0.8,0.5,0.4,2.0,4.7,7.6,4.6,5.0,3.3,18.0,0.8,0.5,0.4,132.5,1092.5,1479.5,895.5,5.0,753.0,18.0,0.8,0.5,0.4,135.0,1095.0,1480.0,895.0,5.0,755.0,18.0,0.8,0.5,0.4
1974,2,233.0,43.0,9.66,10.0,10.0,9.83,3.0,0.29,14.0,0.7,0.6,0.6,8.49,8.9,9.38,8.93,3.0,0.65,14.0,0.7,0.6,0.6,5.35,5.55,6.19,5.77,3.0,0.64,14.0,0.7,0.6,0.6,79.2,79.2,85.6,82.3,3.0,5.4,14.0,0.7,0.6,8.21,9.3,9.98,9.1,3.0,1.31,14.0,0.7,0.6,0.6,3.12,5.98,6.84,5.0,3.0,2.85,14.0,0.7,0.6,0.6,4.06,7.12,9.19,6.63,3.0,3.78,14.0,0.7,0.6,0.6,1020.72,1022.9,1028.77,1024.7,3.0,6.1,14.0,0.7,0.6,0.6,3.9,8.0,8.0,6.0,3.0,3.5,14.0,0.7,0.6,0.6,30.2,55.6,55.7,43.2,3.0,21.5,14.0,0.7,0.6,0.6,34.9,66.3,92.3,63.7,3.0,42.2,14.0,0.7,0.6,0.6,0.46,0.6,1.35,0.9,3.0,0.7,14.0,0.7,0.6,0.6,4.5,6.2,10.9,7.7,3.0,4.9,14.0,0.7,0.6,0.6,1.27,1.75,2.06,1.67,3.0,0.58,14.0,0.7,0.6,0.6,12.0,17.0,17.7,14.9,3.0,4.5,14.0,0.7,0.6,0.6,29.1,57.4,59.2,44.5,3.0,24.7,14.0,0.7,0.6,0.6,36.6,68.4,83.3,60.2,3.0,34.9,14.0,0.7,0.6,0.6,18.9,38.1,38.6,28.9,3.0,16.5,14.0,0.7,0.6,0.6,24.1,46.2,53.1,38.8,3.0,22.2,14.0,0.7,0.6,0.6,4.1,6.2,12.9,8.4,3.0,6.7,14.0,0.7,0.6,0.6,6.3,7.4,14.5,10.3,3.0,6.5,14.0,0.7,0.6,0.6,567.0,804.5,1001.0,784.5,3.0,318.5,14.0,0.7,0.6,0.6,565.0,805.0,1000.0,785.0,3.0,320.0,14.0,0.7,0.6,0.6
1974,2,233.0,44.0,8.54,9.5,10.37,9.48,5.0,1.11,12.0,0.6,0.6,0.4,6.39,7.8,8.83,7.68,5.0,1.34,12.0,0.6,0.6,0.4,5.08,5.49,5.84,5.44,5.0,0.49,12.0,0.6,0.6,0.4,79.8,80.8,90.8,84.5,5.0,6.1,12.0,0.6,0.4,10.12,10.3,14.45,11.94,5.0,2.54,12.0,0.6,0.6,0.4,-1.8,8.92,12.3,5.71,5.0,9.02,12.0,0.6,0.6,0.4,-5.69,-2.67,9.2,0.83,5.0,7.86,12.0,0.6,0.6,0.4,1016.74,1023.0,1028.64,1022.6,5.0,10.58,12.0,0.6,0.6,0.4,5.5,7.0,8.0,6.6,5.0,2.1,12.0,0.6,0.6,0.4,-19.1,91.9,179.3,81.8,5.0,120.8,12.0,0.6,0.6,0.4,-58.6,-41.2,105.4,11.3,5.0,90.7,12.0,0.6,0.6,0.4,0.92,2.5,2.75,1.8,5.0,1.76,12.0,0.6,0.6,0.4,7.8,24.5,34.2,20.0,5.0,22.3,12.0,0.6,0.6,0.4,1.27,1.74,2.57,1.85,5.0,0.75,12.0,0.6,0.6,0.4,14.2,25.0,26.8,21.1,5.0,7.2,12.0,0.6,0.6,0.4,-13.3,58.0,96.2,41.0,5.0,66.7,12.0,0.6,0.6,0.4,-40.1,-16.6,82.7,12.9,5.0,65.2,12.0,0.6,0.6,0.4,-11.1,41.7,68.7,29.4,5.0,50.0,12.0,0.6,0.6,0.4,-29.5,-14.2,52.3,5.5,5.0,43.8,12.0,0.6,0.6,0.4,-1.7,8.6,24.4,10.1,5.0,15.5,12.0,0.6,0.6,0.4,-11.4,-4.6,13.6,0.7,5.0,15.5,12.0,0.6,0.6,0.4,1037.5,1092.5,3038.5,1893.0,5.0,1215.5,12.0,0.6,0.6,0.4,1035.0,1095.0,3040.0,1895.0,5.0,1215.0,12.0,0.6,0.6,0.4
1974,2,233.0,45.0,8.82,9.4,9.71,9.28,4.0,0.71,20.0,0.8,0.7,0.5,5.38,7.0,9.08,7.18,5.0,1.95,18.0,0.6,0.7,0.4,4.11,4.29,5.5,4.8,3.0,1.11,20.0,0.7,0.8,0.4,75.5,76.0,82.9,79.1,3.0,6.0,20.0,0.7,0.4,6.57,9.3,11.29,8.88,5.0,2.87,18.0,0.6,0.7,0.4,5.42,8.74,10.44,8.06,5.0,2.71,18.0,0.6,0.7,0.4,-4.17,-1.91,1.81,-1.21,5.0,4.06,18.0,0.6,0.7,0.4,1011.93,1019.0,1020.41,1016.64,5.0,5.19,18.0,0.6,0.7,0.4,3.6,7.0,8.0,6.0,5.0,2.3,18.0,0.6,0.7,0.4,36.6,81.3,119.7,77.5,5.0,44.2,18.0,0.6,0.7,0.4,-44.2,-21.0,13.9,-16.4,5.0,39.6,18.0,0.6,0.7,0.4,-0.05,2.45,4.11,2.05,4.0,2.54,20.0,0.8,0.7,0.5,-0.2,21.1,35.4,17.8,4.0,23.0,20.0,0.8,0.7,0.5,2.01,3.04,3.16,2.59,3.0,0.93,20.0,0.7,0.8,0.4,19.8,23.4,27.8,23.8,3.0,5.9,20.0,0.7,0.8,0.4,32.7,43.7,94.9,60.3,5.0,33.4,18.0,0.6,0.7,0.4,-30.6,-15.9,10.1,-11.7,5.0,29.2,18.0,0.6,0.7,0.4,28.4,35.2,53.5,40.8,3.0,19.0,20.0,0.7,0.8,0.4,-28.5,-12.8,10.4,-9.1,3.0,28.7,20.0,0.7,0.8,0.4,16.4,17.9,24.9,20.5,3.0,6.6,20.0,0.7,0.8,0.4,-9.8,-9.0,7.4,-1.4,3.0,14.3,20.0,0.7,0.8,0.4,325.5,804.5,1445.0,866.5,5.0,629.0,18.0,0.6,0.7,0.4,325.0,805.0,1445.0,865.0,5.0,630.0,18.0,0.6,0.7,0.4
1974,2,233.0,46.0,5.63,6.7,8.2,6.88,5.0,1.52,12.0,0.6,0.5,0.3,6.62,7.15,9.37,7.75,6.0,1.51,14.0,0.5,0.5,0.2,4.71,5.06,5.86,5.28,4.0,0.93,12.0,0.5,0.4,0.2,74.9,83.5,88.6,81.8,4.0,10.1,12.0,0.5,0.2,7.49,8.85,13.75,10.33,6.0,3.96,14.0,0.5,0.5,0.2,5.81,6.95,8.91,7.34,6.0,1.63,14.0,0.5,0.5,0.2,-7.27,-0.61,4.37,-1.76,6.0,8.53,14.0,0.5,0.5,0.2,1004.93,1010.1,1022.71,1013.17,6.0,11.02,14.0,0.5,0.5,0.2,5.2,7.5,8.0,6.5,6.0,2.3,14.0,0.5,0.5,0.2,48.8,71.2,104.8,76.5,6.0,33.7,14.0,0.5,0.5,0.2,-95.8,-4.7,39.9,-33.6,6.0,128.6,14.0,0.5,0.5,0.2,-2.5,-0.3,1.44,-0.42,5.0,2.09,12.0,0.6,0.5,0.3,-24.0,-3.0,17.0,-4.1,5.0,21.9,12.0,0.6,0.5,0.3,0.2,1.28,1.72,0.97,4.0,1.08,12.0,0.5,0.4,0.2,0.0,11.3,20.5,10.3,4.0,13.9,12.0,0.5,0.4,0.2,43.6,54.4,64.8,57.0,6.0,18.0,14.0,0.5,0.5,0.2,-47.4,-3.0,42.3,-6.1,6.0,64.1,14.0,0.5,0.5,0.2,30.6,32.7,50.2,40.0,4.0,16.8,12.0,0.5,0.4,0.2,-51.7,-3.9,34.1,-8.5,4.0,57.0,12.0,0.5,0.4,0.2,0.7,8.2,10.8,5.9,4.0,7.9,12.0,0.5,0.4,0.2,-16.3,-6.0,-0.8,-8.4,4.0,11.5,12.0,0.5,0.4,0.2,424.5,728.5,2718.0,1545.5,6.0,1784.5,14.0,0.5,0.5,0.2,425.0,730.0,2720.0,1545.0,6.0,1785.0,14.0,0.5,0.5,0.2
1974,2,233.0,47.0,7.2,7.8,9.18,8.14,71.0,1.11,10.0,0.5,0.5,0.6,6.49,7.75,9.4,7.67,76.0,1.49,10.0,0.5,0.5,0.6,4.31,5.25,6.28,5.27,74.0,0.88,10.0,0.5,0.5,0.6,69.0,79.9,94.3,81.4,74.0,11.5,10.0,0.5,0.6,4.69,7.7,12.3,8.32,84.0,4.36,10.0,0.5,0.5,0.6,0.0,3.85,9.04,4.24,84.0,5.02,10.0,0.5,0.5,0.6,-6.67,-3.08,5.77,-1.18,84.0,6.67,10.0,0.5,0.5,0.6,1009.53,1030.5,1037.73,1025.89,85.0,12.94,10.0,0.5,0.5,0.6,4.7,8.0,8.0,6.6,81.0,2.2,10.0,0.5,0.5,0.6,0.0,29.5,103.1,47.8,84.0,76.1,10.0,0.5,0.5,0.6,-72.6,-17.7,48.7,-6.5,84.0,90.2,10.0,0.5,0.5,0.6,-1.56,0.0,1.99,0.38,71.0,1.94,10.0,0.5,0.5,0.6,-13.0,0.0,16.6,2.6,70.0,18.5,8.0,0.5,0.5,0.6,0.52,1.32,2.5,1.4,70.0,1.02,8.0,0.5,0.5,0.6,1.8,9.3,18.4,11.5,70.0,11.2,8.0,0.5,0.5,0.6,0.0,36.2,75.0,32.4,75.0,37.9,10.0,0.5,0.5,0.6,-48.2,-18.4,59.3,-3.7,75.0,53.9,10.0,0.5,0.5,0.6,0.0,22.8,45.5,21.9,74.0,25.9,10.0,0.5,0.5,0.6,-34.9,-12.4,38.4,-1.7,74.0,37.4,10.0,0.5,0.5,0.6,-0.5,3.8,14.7,6.6,70.0,10.2,8.0,0.5,0.5,0.6,-10.4,-3.3,4.5,-3.1,70.0,10.0,8.0,0.5,0.5,0.6,103.5,456.5,1861.0,1109.5,84.0,1822.5,10.0,0.5,0.5,0.6,105.0,455.0,1860.0,1110.0,84.0,1820.0,10.0,0.5,0.5,0.6
1974,2,233.0,48.0,6.97,8.3,8.85,8.07,17.0,0.96,10.0,0.7,0.6,0.2,5.95,7.4,8.25,7.07,21.0,2.1,10.0,0.7,0.6,0.2,4.49,5.16,5.96,5.31,17.0,0.76,10.0,0.7,0.6,0.2,71.1,83.0,92.7,83.1,17.0,9.5,10.0,0.7,0.2,5.1,10.3,13.9,9.93,22.0,4.05,10.0,0.7,0.6,0.2,0.71,4.43,10.11,4.78,22.0,4.94,10.0,0.7,0.6,0.2,-7.48,-2.3,8.59,-0.3,22.0,8.44,10.0,0.7,0.6,0.2,1011.33,1025.95,1031.6,1023.21,22.0,10.13,10.0,0.7,0.6,0.2,5.0,7.0,8.0,6.8,21.0,1.4,10.0,0.7,0.6,0.2,4.4,29.3,148.7,55.5,22.0,65.7,10.0,0.7,0.6,0.2,-73.2,-16.5,100.6,-3.0,22.0,115.0,10.0,0.7,0.6,0.2,-1.05,1.2,2.35,0.51,17.0,2.16,10.0,0.7,0.6,0.2,-8.7,9.8,17.9,2.8,17.0,26.8,10.0,0.7,0.6,0.2,0.35,1.25,2.3,1.3,17.0,1.08,10.0,0.7,0.6,0.2,2.8,10.5,24.0,13.0,17.0,14.6,10.0,0.7,0.6,0.2,1.7,29.3,73.7,34.5,21.0,40.8,10.0,0.7,0.6,0.2,-55.9,-17.2,76.0,-6.4,21.0,65.5,10.0,0.7,0.6,0.2,12.9,25.8,57.0,31.1,17.0,21.5,10.0,0.7,0.6,0.2,-44.9,-21.7,47.9,-8.5,17.0,42.3,10.0,0.7,0.6,0.2,0.6,6.5,12.6,6.5,17.0,7.8,10.0,0.7,0.6,0.2,-19.5,-3.0,4.2,-5.2,17.0,16.1,10.0,0.7,0.6,0.2,132.5,1092.5,2685.5,1454.0,22.0,1484.5,10.0,0.7,0.6,0.2,135.0,1095.0,2685.0,1455.0,22.0,1485.0,10.0,0.7,0.6,0.2
1974,2,233.0,49.0,7.1,7.4,8.62,7.79,9.0,1.49,16.0,0.4,0.4,0.2,5.83,6.85,8.0,6.65,10.0,1.63,14.0,0.4,0.4,0.2,4.61,5.27,6.09,5.34,9.0,0.74,16.0,0.4,0.4,0.2,79.5,87.2,99.6,87.8,9.0,10.0,16.0,0.4,0.2,3.17,7.6,12.5,7.89,10.0,4.97,14.0,0.4,0.4,0.2,-3.44,-0.61,3.35,-1.1,10.0,6.16,14.0,0.4,0.4,0.2,1.12,5.7,7.65,5.45,10.0,4.65,14.0,0.4,0.4,0.2,1002.26,1017.3,1030.23,1015.29,10.0,14.16,14.0,0.4,0.4,0.2,6.0,7.5,8.0,6.8,10.0,1.6,14.0,0.4,0.4,0.2,-24.8,-3.6,26.2,-22.6,10.0,91.5,14.0,0.4,0.4,0.2,7.0,48.5,88.6,58.8,10.0,65.9,14.0,0.4,0.4,0.2,-0.69,0.8,2.93,1.07,9.0,1.85,16.0,0.4,0.4,0.2,-5.9,2.9,16.2,7.0,9.0,15.5,16.0,0.4,0.4,0.2,0.21,1.27,1.62,1.22,9.0,1.11,16.0,0.4,0.4,0.2,-0.3,7.1,17.2,8.2,9.0,8.8,16.0,0.4,0.4,0.2,-27.2,-4.7,11.6,-10.0,10.0,40.3,14.0,0.4,0.4,0.2,5.3,36.5,57.0,37.8,10.0,36.4,14.0,0.4,0.4,0.2,-20.7,0.0,17.7,-5.4,9.0,35.1,16.0,0.4,0.4,0.2,1.2,34.6,40.3,31.9,9.0,31.0,16.0,0.4,0.4,0.2,-8.0,-1.2,2.2,-3.0,9.0,8.0,16.0,0.4,0.4,0.2,-1.9,7.0,12.3,5.0,9.0,7.0,16.0,0.4,0.4,0.2,47.0,447.0,2235.5,1082.5,10.0,1663.0,14.0,0.4,0.4,0.2,45.0,445.0,2235.0,1085.0,10.0,1665.0,14.0,0.4,0.4,0.2
1974,2,233.0,50.0,7.2,7.2,7.2,7.2,1.0,0.0,14.0,1.0,0.5,0.5,5.0,5.0,5.0,5.0,1.0,0.0,14.0,1.0,0.5,0.5,4.96,4.96,4.96,4.96,1.0,0.0,14.0,1.0,0.5,0.5,90.7,90.7,90.7,90.7,1.0,0.0,14.0,1.0,0.5,,,,,,,,,,,,,,,,,,,,,,,,,,,,,,,,,,,,,,,,,,,,,,,,,,,,,,,,,,,,,,,,,,,,,,,,,,,,,,,,,,,,,,,,,,,,,,,,,,,,,,,,,,,,,,,,,,,,,,,,,,,,,,,,,,,,,,,,,,,,,,,,,,,,,,,,,,,,,,,,,,,,,,,,,,,,,,,,,,,,,,,,,,,,,,
1974,2,233.0,51.0,5.0,5.0,5.0,5.0,1.0,0.0,12.0,1.0,0.1,0.9,7.2,7.2,7.2,7.2,1.0,0.0,12.0,1.0,0.1,0.9,4.39,4.39,4.39,4.39,1.0,0.0,12.0,1.0,0.1,0.9,69.5,69.5,69.5,69.5,1.0,0.0,12.0,1.0,0.9,2.1,2.1,2.1,2.1,1.0,0.0,12.0,1.0,0.1,0.9,-1.05,-1.05,-1.05,-1.05,1.0,0.0,12.0,1.0,0.1,0.9,-1.82,-1.82,-1.82,-1.82,1.0,0.0,12.0,1.0,0.1,0.9,1007.2,1007.2,1007.2,1007.2,1.0,0.0,12.0,1.0,0.1,0.9,2.0,2.0,2.0,2.0,1.0,0.0,12.0,1.0,0.1,0.9,-2.2,-2.2,-2.2,-2.2,1.0,0.0,12.0,1.0,0.1,0.9,-3.8,-3.8,-3.8,-3.8,1.0,0.0,12.0,1.0,0.1,0.9,-2.2,-2.2,-2.2,-2.2,1.0,0.0,12.0,1.0,0.1,0.9,-4.6,-4.6,-4.6,-4.6,1.0,0.0,12.0,1.0,0.1,0.9,1.04,1.04,1.04,1.04,1.0,0.0,12.0,1.0,0.1,0.9,2.2,2.2,2.2,2.2,1.0,0.0,12.0,1.0,0.1,0.9,-7.6,-7.6,-7.6,-7.6,1.0,0.0,12.0,1.0,0.1,0.9,-13.1,-13.1,-13.1,-13.1,1.0,0.0,12.0,1.0,0.1,0.9,-4.6,-4.6,-4.6,-4.6,1.0,0.0,12.0,1.0,0.1,0.9,-8.0,-8.0,-8.0,-8.0,1.0,0.0,12.0,1.0,0.1,0.9,-1.1,-1.1,-1.1,-1.1,1.0,0.0,12.0,1.0,0.1,0.9,-1.9,-1.9,-1.9,-1.9,1.0,0.0,12.0,1.0,0.1,0.9,9.5,9.5,9.5,9.5,1.0,0.0,12.0,1.0,0.1,0.9,10.0,10.0,10.0,10.0,1.0,0.0,12.0,1.0,0.1,0.9
1974,2,233.0,83.0,,,,,,,,,,,,,,,,,,,,,,,,,,,,,,,,,,,,,,,,1.5,1.5,1.5,1.5,1.0,0.0,14.0,0.0,0.8,0.6,-0.26,-0.26,-0.26,-0.26,1.0,0.0,14.0,0.0,0.8,0.6,-1.48,-1.48,-1.48,-1.48,1.0,0.0,14.0,0.0,0.8,0.6,1023.0,1023.0,1023.0,1023.0,1.0,0.0,14.0,0.0,0.8,0.6,,,,,,,,,,,,,,,,,,,,,,,,,,,,,,,,,,,,,,,,,,,,,,,,,,,,,,,,,,,,,,,,,,,,,,,,,,,,,,,,,,,,,,,,,,,,,,,,,,,,,,,,,,,,,,,,,,,,,,,,,,,,,,,,,,,,,,,,,,,,,,,,,,,,,,
1974,2,234.0,-36.0,22.3,22.3,22.3,22.3,1.0,0.0,2.0,0.0,0.2,0.9,21.2,21.2,21.2,21.2,1.0,0.0,2.0,0.0,0.2,0.9,11.12,11.12,11.12,11.12,1.0,0.0,2.0,0.0,0.2,0.9,72.2,72.2,72.2,72.2,1.0,0.0,2.0,0.0,0.9,4.6,4.6,4.6,4.6,1.0,0.0,2.0,0.0,0.2,0.9,-4.32,-4.32,-4.32,-4.32,1.0,0.0,2.0,0.0,0.2,0.9,-1.57,-1.57,-1.57,-1.57,1.0,0.0,2.0,0.0,0.2,0.9,1028.3,1028.3,1028.3,1028.3,1.0,0.0,2.0,0.0,0.2,0.9,1.0,1.0,1.0,1.0,1.0,0.0,2.0,0.0,0.2,0.9,-19.9,-19.9,-19.9,-19.9,1.0,0.0,2.0,0.0,0.2,0.9,-7.2,-7.2,-7.2,-7.2,1.0,0.0,2.0,0.0,0.2,0.9,1.1,1.1,1.1,1.1,1.0,0.0,2.0,0.0,0.2,0.9,5.1,5.1,5.1,5.1,1.0,0.0,2.0,0.0,0.2,0.9,5.41,5.41,5.41,5.41,1.0,0.0,2.0,0.0,0.2,0.9,24.9,24.9,24.9,24.9,1.0,0.0,2.0,0.0,0.2,0.9,-91.6,-91.6,-91.6,-91.6,1.0,0.0,2.0,0.0,0.2,0.9,-33.4,-33.4,-33.4,-33.4,1.0,0.0,2.0,0.0,0.2,0.9,-48.1,-48.1,-48.1,-48.1,1.0,0.0,2.0,0.0,0.2,0.9,-17.5,-17.5,-17.5,-17.5,1.0,0.0,2.0,0.0,0.2,0.9,-23.4,-23.4,-23.4,-23.4,1.0,0.0,2.0,0.0,0.2,0.9,-8.5,-8.5,-8.5,-8.5,1.0,0.0,2.0,0.0,0.2,0.9,97.5,97.5,97.5,97.5,1.0,0.0,2.0,0.0,0.2,0.9,95.0,95.0,95.0,95.0,1.0,0.0,2.0,0.0,0.2,0.9
1974,2,234.0,-35.0,,,,,,,,,,,,,,,,,,,,,,,,,,,,,,,,,,,,,,,,9.0,9.0,9.0,9.0,1.0,0.0,10.0,1.0,0.5,0.7,-8.46,-8.46,-8.46,-8.46,1.0,0.0,10.0,1.0,0.5,0.7,3.08,3.08,3.08,3.08,1.0,0.0,10.0,1.0,0.5,0.7,1019.1,1019.1,1019.1,1019.1,1.0,0.0,10.0,1.0,0.5,0.7,,,,,,,,,,,,,,,,,,,,,,,,,,,,,,,,,,,,,,,,,,,,,,,,,,,,,,,,,,,,,,,,,,,,,,,,,,,,,,,,,,,,,,,,,,,,,,,,,,,,,,,,,,,,,,,,,,,,,,,,,,,,,,,,,,,,,,,,,,,,,,,,,,,,,,
1974,2,234.0,-34.0,,,,,,,,,,,,,,,,,,,,,,,,,,,,,,,,,,,,,,,,9.0,9.0,9.0,9.0,1.0,0.0,12.0,0.0,0.2,0.9,4.5,4.5,4.5,4.5,1.0,0.0,12.0,0.0,0.2,0.9,-7.79,-7.79,-7.79,-7.79,1.0,0.0,12.0,0.0,0.2,0.9,1019.0,1019.0,1019.0,1019.0,1.0,0.0,12.0,0.0,0.2,0.9,,,,,,,,,,,,,,,,,,,,,,,,,,,,,,,,,,,,,,,,,,,,,,,,,,,,,,,,,,,,,,,,,,,,,,,,,,,,,,,,,,,,,,,,,,,,,,,,,,,,,,,,,,,,,,,,,,,,,,,,,,,,,,,,,,,,,,,,,,,,,,,,,,,,,,
1974,2,234.0,-31.0,25.3,25.3,25.3,25.3,1.0,0.0,14.0,0.0,0.1,0.2,24.6,24.6,24.6,24.6,1.0,0.0,14.0,0.0,0.1,0.2,14.24,14.24,14.24,14.24,1.0,0.0,14.0,0.0,0.1,0.2,74.6,74.6,74.6,74.6,1.0,0.0,14.0,0.0,0.2,5.7,5.7,5.7,5.7,1.0,0.0,14.0,0.0,0.1,0.2,1.95,1.95,1.95,1.95,1.0,0.0,14.0,0.0,0.1,0.2,-5.36,-5.36,-5.36,-5.36,1.0,0.0,14.0,0.0,0.1,0.2,1022.0,1022.0,1022.0,1022.0,1.0,0.0,14.0,0.0,0.1,0.2,3.0,3.0,3.0,3.0,1.0,0.0,14.0,0.0,0.1,0.2,11.1,11.1,11.1,11.1,1.0,0.0,14.0,0.0,0.1,0.2,-30.5,-30.5,-30.5,-30.5,1.0,0.0,14.0,0.0,0.1,0.2,0.7,0.7,0.7,0.7,1.0,0.0,14.0,0.0,0.1,0.2,4.0,4.0,4.0,4.0,1.0,0.0,14.0,0.0,0.1,0.2,5.72,5.72,5.72,5.72,1.0,0.0,14.0,0.0,0.1,0.2,32.6,32.6,32.6,32.6,1.0,0.0,14.0,0.0,0.1,0.2,48.0,48.0,48.0,48.0,1.0,0.0,14.0,0.0,0.1,0.2,-131.8,-131.8,-131.8,-131.8,1.0,0.0,14.0,0.0,0.1,0.2,27.8,27.8,27.8,27.8,1.0,0.0,14.0,0.0,0.1,0.2,-76.2,-76.2,-76.2,-76.2,1.0,0.0,14.0,0.0,0.1,0.2,11.2,11.2,11.2,11.2,1.0,0.0,14.0,0.0,0.1,0.2,-30.7,-30.7,-30.7,-30.7,1.0,0.0,14.0,0.0,0.1,0.2,185.0,185.0,185.0,185.0,1.0,0.0,14.0,0.0,0.1,0.2,185.0,185.0,185.0,185.0,1.0,0.0,14.0,0.0,0.1,0.2
1974,2,234.0,-29.0,26.11,26.35,26.59,26.35,2.0,0.49,12.0,0.0,0.8,0.5,24.56,24.7,24.84,24.7,2.0,0.28,12.0,0.0,0.8,0.5,14.11,14.12,14.12,14.12,2.0,0.01,12.0,0.0,0.8,0.5,73.1,73.7,74.3,73.7,2.0,1.2,12.0,0.0,0.5,5.43,6.15,6.87,6.15,2.0,1.48,12.0,0.0,0.8,0.5,-6.68,-5.55,-4.43,-5.55,2.0,2.33,12.0,0.0,0.8,0.5,-2.76,-1.64,-0.52,-1.64,2.0,2.32,12.0,0.0,0.8,0.5,1023.94,1024.25,1024.56,1024.25,2.0,0.64,12.0,0.0,0.8,0.5,1.2,1.5,1.8,1.5,2.0,0.7,12.0,0.0,0.8,0.5,-46.8,-35.9,-25.0,-35.9,2.0,22.6,12.0,0.0,0.8,0.5,-14.1,-8.4,-2.7,-8.4,2.0,11.8,12.0,0.0,0.8,0.5,1.27,1.65,2.03,1.65,2.0,0.78,12.0,0.0,0.8,0.5,8.4,9.6,10.7,9.6,2.0,2.3,12.0,0.0,0.8,0.5,6.8,7.1,7.4,7.1,2.0,0.62,12.0,0.0,0.8,0.5,40.0,43.2,46.4,43.2,2.0,6.7,12.0,0.0,0.8,0.5,-166.0,-137.5,-109.0,-137.5,2.0,59.1,12.0,0.0,0.8,0.5,-67.6,-40.2,-12.7,-40.2,2.0,56.8,12.0,0.0,0.8,0.5,-94.3,-78.4,-62.5,-78.4,2.0,32.9,12.0,0.0,0.8,0.5,-38.9,-23.1,-7.3,-23.1,2.0,32.7,12.0,0.0,0.8,0.5,-45.0,-38.7,-32.4,-38.7,2.0,13.1,12.0,0.0,0.8,0.5,-20.8,-12.4,-3.9,-12.4,2.0,17.5,12.0,0.0,0.8,0.5,171.0,253.0,335.0,253.0,2.0,170.0,12.0,0.0,0.8,0.5,170.0,255.0,335.0,255.0,2.0,170.0,12.0,0.0,0.8,0.5
1974,2,234.0,-28.0,26.2,26.2,26.2,26.2,1.0,0.0,20.0,1.0,0.8,0.5,25.0,25.0,25.0,25.0,1.0,0.0,20.0,1.0,0.8,0.5,19.58,19.58,19.58,19.58,1.0,0.0,20.0,1.0,0.8,0.5,100.0,100.0,100.0,100.0,1.0,0.0,20.0,1.0,0.5,4.6,4.6,4.6,4.6,1.0,0.0,20.0,1.0,0.8,0.5,-4.32,-4.32,-4.32,-4.32,1.0,0.0,20.0,1.0,0.8,0.5,-1.57,-1.57,-1.57,-1.57,1.0,0.0,20.0,1.0,0.8,0.5,1023.1,1023.1,1023.1,1023.1,1.0,0.0,20.0,1.0,0.8,0.5,7.0,7.0,7.0,7.0,1.0,0.0,20.0,1.0,0.8,0.5,-19.9,-19.9,-19.9,-19.9,1.0,0.0,20.0,1.0,0.8,0.5,-7.2,-7.2,-7.2,-7.2,1.0,0.0,20.0,1.0,0.8,0.5,1.2,1.2,1.2,1.2,1.0,0.0,20.0,1.0,0.8,0.5,5.5,5.5,5.5,5.5,1.0,0.0,20.0,1.0,0.8,0.5,1.47,1.47,1.47,1.47,1.0,0.0,20.0,1.0,0.8,0.5,6.7,6.7,6.7,6.7,1.0,0.0,20.0,1.0,0.8,0.5,-108.1,-108.1,-108.1,-108.1,1.0,0.0,20.0,1.0,0.8,0.5,-39.3,-39.3,-39.3,-39.3,1.0,0.0,20.0,1.0,0.8,0.5,-84.6,-84.6,-84.6,-84.6,1.0,0.0,20.0,1.0,0.8,0.5,-30.8,-30.8,-30.8,-30.8,1.0,0.0,20.0,1.0,0.8,0.5,-6.3,-6.3,-6.3,-6.3,1.0,0.0,20.0,1.0,0.8,0.5,-2.3,-2.3,-2.3,-2.3,1.0,0.0,20.0,1.0,0.8,0.5,97.5,97.5,97.5,97.5,1.0,0.0,20.0,1.0,0.8,0.5,95.0,95.0,95.0,95.0,1.0,0.0,20.0,1.0,0.8,0.5
1974,2,234.0,-27.0,,,,,,,,,,,,,,,,,,,,,,,,,,,,,,,,,,,,,,,,4.6,4.6,4.6,4.6,1.0,0.0,18.0,1.0,0.1,0.4,-4.32,-4.32,-4.32,-4.32,1.0,0.0,18.0,1.0,0.1,0.4,-1.57,-1.57,-1.57,-1.57,1.0,0.0,18.0,1.0,0.1,0.4,1022.0,1022.0,1022.0,1022.0,1.0,0.0,18.0,1.0,0.1,0.4,5.0,5.0,5.0,5.0,1.0,0.0,18.0,1.0,0.1,0.4,-19.9,-19.9,-19.9,-19.9,1.0,0.0,18.0,1.0,0.1,0.4,-7.2,-7.2,-7.2,-7.2,1.0,0.0,18.0,1.0,0.1,0.4,,,,,,,,,,,,,,,,,,,,,,,,,,,,,,,,,,,,,,,,,-112.0,-112.0,-112.0,-112.0,1.0,0.0,18.0,1.0,0.1,0.4,-40.7,-40.7,-40.7,-40.7,1.0,0.0,18.0,1.0,0.1,0.4,-81.2,-81.2,-81.2,-81.2,1.0,0.0,18.0,1.0,0.1,0.4,-29.6,-29.6,-29.6,-29.6,1.0,0.0,18.0,1.0,0.1,0.4,,,,,,,,,,,,,,,,,,,,,,,,,,,,,,,,,,,,,,,,
1974,2,234.0,-25.0,25.0,25.0,25.0,25.0,1.0,0.0,14.0,0.0,0.9,1.0,24.2,24.2,24.2,24.2,1.0,0.0,14.0,0.0,0.9,1.0,13.34,13.34,13.34,13.34,1.0,0.0,14.0,0.0,0.9,1.0,71.4,71.4,71.4,71.4,1.0,0.0,14.0,0.0,1.0,6.2,6.2,6.2,6.2,1.0,0.0,14.0,0.0,0.9,1.0,-6.2,-6.2,-6.2,-6.2,1.0,0.0,14.0,0.0,0.9,1.0,0.0,0.0,0.0,0.0,1.0,0.0,14.0,0.0,0.9,1.0,1018.0,1018.0,1018.0,1018.0,1.0,0.0,14.0,0.0,0.9,1.0,3.0,3.0,3.0,3.0,1.0,0.0,14.0,0.0,0.9,1.0,-38.4,-38.4,-38.4,-38.4,1.0,0.0,14.0,0.0,0.9,1.0,0.0,0.0,0.0,0.0,1.0,0.0,14.0,0.0,0.9,1.0,0.8,0.8,0.8,0.8,1.0,0.0,14.0,0.0,0.9,1.0,5.0,5.0,5.0,5.0,1.0,0.0,14.0,0.0,0.9,1.0,6.34,6.34,6.34,6.34,1.0,0.0,14.0,0.0,0.9,1.0,39.3,39.3,39.3,39.3,1.0,0.0,14.0,0.0,0.9,1.0,-150.0,-150.0,-150.0,-150.0,1.0,0.0,14.0,0.0,0.9,1.0,0.0,0.0,0.0,0.0,1.0,0.0,14.0,0.0,0.9,1.0,-82.7,-82.7,-82.7,-82.7,1.0,0.0,14.0,0.0,0.9,1.0,0.0,0.0,0.0,0.0,1.0,0.0,14.0,0.0,0.9,1.0,-39.3,-39.3,-39.3,-39.3,1.0,0.0,14.0,0.0,0.9,1.0,0.0,0.0,0.0,0.0,1.0,0.0,14.0,0.0,0.9,1.0,238.5,238.5,238.5,238.5,1.0,0.0,14.0,0.0,0.9,1.0,240.0,240.0,240.0,240.0,1.0,0.0,14.0,0.0,0.9,1.0
1974,2,234.0,-24.0,24.82,25.2,26.43,25.56,5.0,0.99,12.0,0.2,0.4,0.8,24.74,25.1,26.15,25.47,6.0,1.09,12.0,0.3,0.4,0.7,13.8,14.52,16.52,14.95,6.0,1.62,12.0,0.3,0.4,0.7,68.2,72.0,80.3,74.2,6.0,7.8,12.0,0.3,0.7,5.47,6.2,8.5,7.47,6.0,3.95,12.0,0.3,0.4,0.7,-7.75,-5.59,-4.25,-6.52,6.0,3.45,12.0,0.3,0.4,0.7,0.78,2.04,5.36,2.63,6.0,3.35,12.0,0.3,0.4,0.7,1017.76,1018.35,1019.67,1018.65,6.0,1.08,12.0,0.3,0.4,0.7,1.8,3.0,5.0,3.2,6.0,1.6,12.0,0.3,0.4,0.7,-75.9,-33.3,-23.7,-59.8,6.0,71.8,12.0,0.3,0.4,0.7,2.6,12.1,47.9,27.4,6.0,46.9,12.0,0.3,0.4,0.7,0.02,0.3,0.97,0.5,5.0,0.78,12.0,0.2,0.4,0.8,0.2,1.4,9.0,4.0,5.0,5.3,12.0,0.2,0.4,0.8,4.75,5.06,6.91,5.68,5.0,1.13,12.0,0.2,0.4,0.8,29.2,31.8,56.1,41.9,5.0,18.9,12.0,0.2,0.4,0.8,-192.4,-139.8,-111.1,-164.2,6.0,81.9,12.0,0.3,0.4,0.7,20.4,50.9,142.6,67.4,6.0,84.3,12.0,0.3,0.4,0.7,-121.5,-78.4,-64.1,-97.2,6.0,52.0,12.0,0.3,0.4,0.7,11.5,32.1,85.1,41.5,6.0,49.7,12.0,0.3,0.4,0.7,-50.8,-29.9,-27.5,-38.3,5.0,15.5,12.0,0.2,0.4,0.8,0.5,10.1,20.2,10.3,5.0,18.5,12.0,0.2,0.4,0.8,167.0,238.5,993.0,785.5,6.0,1406.0,12.0,0.3,0.4,0.7,165.0,240.0,995.0,785.0,6.0,1405.0,12.0,0.3,0.4,0.7
1974,2,234.0,-23.0,27.2,27.2,27.2,27.2,1.0,0.0,24.0,1.0,0.2,0.6,25.3,25.3,25.3,25.3,1.0,0.0,24.0,1.0,0.2,0.6,15.67,15.67,15.67,15.67,1.0,0.0,24.0,1.0,0.2,0.6,78.5,78.5,78.5,78.5,1.0,0.0,24.0,1.0,0.6,4.6,4.6,4.6,4.6,1.0,0.0,24.0,1.0,0.2,0.6,-3.98,-3.98,-3.98,-3.98,1.0,0.0,24.0,1.0,0.2,0.6,-2.3,-2.3,-2.3,-2.3,1.0,0.0,24.0,1.0,0.2,0.6,1019.4,1019.4,1019.4,1019.4,1.0,0.0,24.0,1.0,0.2,0.6,4.0,4.0,4.0,4.0,1.0,0.0,24.0,1.0,0.2,0.6,-18.3,-18.3,-18.3,-18.3,1.0,0.0,24.0,1.0,0.2,0.6,-10.6,-10.6,-10.6,-10.6,1.0,0.0,24.0,1.0,0.2,0.6,1.9,1.9,1.9,1.9,1.0,0.0,24.0,1.0,0.2,0.6,8.7,8.7,8.7,8.7,1.0,0.0,24.0,1.0,0.2,0.6,6.75,6.75,6.75,6.75,1.0,0.0,24.0,1.0,0.2,0.6,31.1,31.1,31.1,31.1,1.0,0.0,24.0,1.0,0.2,0.6,-100.8,-100.8,-100.8,-100.8,1.0,0.0,24.0,1.0,0.2,0.6,-58.2,-58.2,-58.2,-58.2,1.0,0.0,24.0,1.0,0.2,0.6,-62.4,-62.4,-62.4,-62.4,1.0,0.0,24.0,1.0,0.2,0.6,-36.0,-36.0,-36.0,-36.0,1.0,0.0,24.0,1.0,0.2,0.6,-26.9,-26.9,-26.9,-26.9,1.0,0.0,24.0,1.0,0.2,0.6,-15.5,-15.5,-15.5,-15.5,1.0,0.0,24.0,1.0,0.2,0.6,97.5,97.5,97.5,97.5,1.0,0.0,24.0,1.0,0.2,0.6,95.0,95.0,95.0,95.0,1.0,0.0,24.0,1.0,0.2,0.6
1974,2,234.0,-16.0,25.4,25.4,25.4,25.4,1.0,0.0,12.0,0.0,0.9,1.0,25.0,25.0,25.0,25.0,1.0,0.0,12.0,0.0,0.9,1.0,15.79,15.79,15.79,15.79,1.0,0.0,12.0,0.0,0.9,1.0,80.4,80.4,80.4,80.4,1.0,0.0,12.0,0.0,1.0,6.2,6.2,6.2,6.2,1.0,0.0,12.0,0.0,0.9,1.0,-5.83,-5.83,-5.83,-5.83,1.0,0.0,12.0,0.0,0.9,1.0,2.12,2.12,2.12,2.12,1.0,0.0,12.0,0.0,0.9,1.0,1017.9,1017.9,1017.9,1017.9,1.0,0.0,12.0,0.0,0.9,1.0,2.0,2.0,2.0,2.0,1.0,0.0,12.0,0.0,0.9,1.0,-36.1,-36.1,-36.1,-36.1,1.0,0.0,12.0,0.0,0.9,1.0,13.1,13.1,13.1,13.1,1.0,0.0,12.0,0.0,0.9,1.0,0.4,0.4,0.4,0.4,1.0,0.0,12.0,0.0,0.9,1.0,2.5,2.5,2.5,2.5,1.0,0.0,12.0,0.0,0.9,1.0,4.37,4.37,4.37,4.37,1.0,0.0,12.0,0.0,0.9,1.0,27.1,27.1,27.1,27.1,1.0,0.0,12.0,0.0,0.9,1.0,-145.7,-145.7,-145.7,-145.7,1.0,0.0,12.0,0.0,0.9,1.0,53.0,53.0,53.0,53.0,1.0,0.0,12.0,0.0,0.9,1.0,-92.0,-92.0,-92.0,-92.0,1.0,0.0,12.0,0.0,0.9,1.0,33.5,33.5,33.5,33.5,1.0,0.0,12.0,0.0,0.9,1.0,-25.5,-25.5,-25.5,-25.5,1.0,0.0,12.0,0.0,0.9,1.0,9.3,9.3,9.3,9.3,1.0,0.0,12.0,0.0,0.9,1.0,238.5,238.5,238.5,238.5,1.0,0.0,12.0,0.0,0.9,1.0,240.0,240.0,240.0,240.0,1.0,0.0,12.0,0.0,0.9,1.0
1974,2,234.0,-9.0,24.97,25.7,25.9,25.45,4.0,0.72,12.0,0.5,0.5,0.5,25.44,25.85,26.94,26.18,4.0,1.13,12.0,0.5,0.5,0.5,14.86,15.32,15.44,15.16,4.0,0.49,12.0,0.5,0.5,0.5,68.9,73.4,74.4,71.7,4.0,4.1,12.0,0.5,0.5,5.86,7.2,7.7,6.8,4.0,1.23,12.0,0.5,0.5,0.5,-6.79,-6.1,-4.53,-5.68,4.0,1.69,12.0,0.5,0.5,0.5,2.45,3.27,4.45,3.45,4.0,1.22,12.0,0.5,0.5,0.5,1011.02,1012.55,1013.97,1012.5,4.0,1.77,12.0,0.5,0.5,0.5,2.0,2.5,5.1,3.5,4.0,2.4,12.0,0.5,0.5,0.5,-50.8,-43.8,-28.8,-40.0,4.0,16.6,12.0,0.5,0.5,0.5,17.5,20.1,29.6,23.4,4.0,10.0,12.0,0.5,0.5,0.5,-1.88,-0.15,0.37,-0.72,4.0,1.84,12.0,0.5,0.5,0.5,-9.8,-1.1,2.9,-3.3,4.0,9.9,12.0,0.5,0.5,0.5,4.45,5.2,5.92,5.18,4.0,1.12,12.0,0.5,0.5,0.5,26.8,37.4,45.4,36.1,4.0,12.9,12.0,0.5,0.5,0.5,-172.6,-157.6,-120.8,-147.2,4.0,39.3,12.0,0.5,0.5,0.5,62.5,87.5,119.1,90.6,4.0,33.5,12.0,0.5,0.5,0.5,-100.6,-94.1,-70.0,-85.7,4.0,24.2,12.0,0.5,0.5,0.5,36.5,49.0,68.8,52.5,4.0,19.7,12.0,0.5,0.5,0.5,-40.5,-31.7,-21.0,-30.8,4.0,14.3,12.0,0.5,0.5,0.5,13.3,16.0,21.6,17.4,4.0,5.9,12.0,0.5,0.5,0.5,212.5,378.5,456.5,336.5,4.0,154.5,12.0,0.5,0.5,0.5,215.0,380.0,455.0,335.0,4.0,155.0,12.0,0.5,0.5,0.5
1974,2,234.0,-8.0,25.58,25.7,25.72,25.67,6.0,0.1,20.0,0.3,0.5,0.8,24.79,25.2,25.24,25.0,6.0,0.51,20.0,0.3,0.5,0.8,16.48,16.77,17.15,16.79,6.0,0.36,20.0,0.3,0.5,0.8,83.6,84.5,86.5,84.9,6.0,1.9,20.0,0.3,0.8,6.4,8.0,8.37,7.38,6.0,1.73,20.0,0.3,0.5,0.8,-8.34,-7.7,-5.76,-6.95,6.0,2.24,20.0,0.3,0.5,0.8,1.1,1.98,2.82,1.87,6.0,1.14,20.0,0.3,0.5,0.8,1009.31,1010.5,1012.76,1011.03,6.0,2.25,20.0,0.3,0.5,0.8,2.0,4.0,6.2,4.2,6.0,2.0,20.0,0.3,0.5,0.8,-69.8,-61.6,-38.8,-54.5,6.0,24.0,20.0,0.3,0.5,0.8,8.8,13.5,17.8,12.8,6.0,7.3,20.0,0.3,0.5,0.8,0.4,0.5,0.75,0.67,6.0,0.51,20.0,0.3,0.5,0.8,3.0,3.6,6.1,5.0,6.0,4.4,20.0,0.3,0.5,0.8,3.63,3.79,4.09,3.84,6.0,0.28,20.0,0.3,0.5,0.8,22.4,29.8,35.2,28.4,6.0,7.6,20.0,0.3,0.5,0.8,-204.9,-193.1,-145.1,-173.6,6.0,55.9,20.0,0.3,0.5,0.8,28.0,49.9,70.9,47.1,6.0,28.5,20.0,0.3,0.5,0.8,-137.3,-130.7,-99.0,-116.6,6.0,37.3,20.0,0.3,0.5,0.8,18.9,33.5,47.6,31.6,6.0,19.1,20.0,0.3,0.5,0.8,-35.1,-28.6,-20.1,-26.8,6.0,9.5,20.0,0.3,0.5,0.8,4.1,7.3,10.7,7.0,6.0,4.3,20.0,0.3,0.5,0.8,286.5,512.0,588.0,452.5,6.0,224.5,20.0,0.3,0.5,0.8,285.0,510.0,590.0,455.0,6.0,225.0,20.0,0.3,0.5,0.8
1974,2,234.0,-7.0,25.0,25.5,26.59,25.84,5.0,1.16,10.0,0.4,0.6,0.5,24.32,24.5,26.37,25.2,5.0,1.25,10.0,0.4,0.6,0.5,15.03,15.99,17.28,16.19,5.0,1.94,10.0,0.4,0.6,0.5,75.4,83.4,85.0,80.7,5.0,5.8,10.0,0.4,0.5,3.42,7.2,7.38,5.76,5.0,2.22,10.0,0.4,0.6,0.5,-7.13,-5.9,-3.23,-5.28,5.0,2.07,10.0,0.4,0.6,0.5,-0.23,1.25,2.79,1.42,5.0,2.16,10.0,0.4,0.6,0.5,1010.75,1011.5,1012.5,1011.64,5.0,1.06,10.0,0.4,0.6,0.5,1.0,1.0,3.1,2.0,5.0,1.7,10.0,0.4,0.6,0.5,-51.3,-45.4,-11.1,-33.9,5.0,21.5,10.0,0.4,0.6,0.5,-0.8,4.8,19.6,9.9,5.0,16.3,10.0,0.4,0.6,0.5,-1.05,1.0,2.09,0.64,5.0,2.0,10.0,0.4,0.6,0.5,-6.8,7.2,10.1,2.1,5.0,10.9,10.0,0.4,0.6,0.5,2.83,4.22,7.19,4.68,5.0,2.76,10.0,0.4,0.6,0.5,11.3,23.0,37.3,24.6,5.0,17.3,10.0,0.4,0.6,0.5,-172.4,-159.3,-82.5,-132.8,5.0,50.4,10.0,0.4,0.6,0.5,-5.9,30.0,72.9,37.1,5.0,58.3,10.0,0.4,0.6,0.5,-112.1,-99.7,-52.0,-84.9,5.0,32.6,10.0,0.4,0.6,0.5,-3.7,19.6,50.5,25.9,5.0,41.3,10.0,0.4,0.6,0.5,-37.1,-19.9,-10.8,-23.7,5.0,17.8,10.0,0.4,0.6,0.5,-1.0,2.9,7.5,3.4,5.0,5.4,10.0,0.4,0.6,0.5,40.5,373.0,403.5,256.0,5.0,201.5,10.0,0.4,0.6,0.5,40.0,375.0,405.0,255.0,5.0,200.0,10.0,0.4,0.6,0.5
1974,2,234.0,-6.0,26.0,26.0,26.2,26.1,3.0,0.17,14.0,0.7,0.4,0.8,26.33,26.4,26.67,26.5,3.0,0.26,14.0,0.7,0.4,0.8,16.91,17.2,17.58,17.24,3.0,0.49,14.0,0.7,0.4,0.8,78.2,78.3,81.5,79.8,3.0,2.8,14.0,0.7,0.8,8.87,10.3,10.3,9.6,3.0,1.21,14.0,0.7,0.4,0.8,-10.3,-10.3,-7.56,-8.96,3.0,2.32,14.0,0.7,0.4,0.8,0.0,0.0,3.6,1.76,3.0,3.04,14.0,0.7,0.4,0.8,1011.82,1012.5,1012.5,1012.17,3.0,0.58,14.0,0.7,0.4,0.8,3.0,3.0,4.4,3.7,3.0,1.2,14.0,0.7,0.4,0.8,-106.1,-106.1,-68.8,-87.9,3.0,31.5,14.0,0.7,0.4,0.8,0.0,0.0,29.5,14.4,3.0,25.0,14.0,0.7,0.4,0.8,-0.67,-0.4,-0.13,-0.4,3.0,0.4,14.0,0.7,0.4,0.8,-6.9,-4.1,-1.3,-4.1,3.0,4.1,14.0,0.7,0.4,0.8,3.71,3.81,4.1,3.9,3.0,0.29,14.0,0.7,0.4,0.8,33.0,39.3,42.2,37.6,3.0,6.9,14.0,0.7,0.4,0.8,-274.7,-271.9,-199.1,-237.7,3.0,62.8,14.0,0.7,0.4,0.8,0.0,0.0,94.6,46.2,3.0,80.0,14.0,0.7,0.4,0.8,-175.8,-172.9,-131.0,-153.8,3.0,36.7,14.0,0.7,0.4,0.8,0.0,0.0,63.9,31.2,3.0,54.0,14.0,0.7,0.4,0.8,-42.2,-39.3,-28.2,-35.3,3.0,10.8,14.0,0.7,0.4,0.8,0.0,0.0,13.2,6.4,3.0,11.2,14.0,0.7,0.4,0.8,723.0,1092.5,1092.5,912.5,3.0,312.5,14.0,0.7,0.4,0.8,725.0,1095.0,1095.0,910.0,3.0,315.0,14.0,0.7,0.4,0.8
1974,2,234.0,-5.0,25.0,25.0,25.0,25.0,1.0,0.0,10.0,1.0,0.3,0.6,25.0,25.0,25.0,25.0,1.0,0.0,10.0,1.0,0.3,0.6,16.07,16.07,16.07,16.07,1.0,0.0,10.0,1.0,0.3,0.6,81.4,81.4,81.4,81.4,1.0,0.0,10.0,1.0,0.6,5.7,5.7,5.7,5.7,1.0,0.0,10.0,1.0,0.3,0.6,-5.61,-5.61,-5.61,-5.61,1.0,0.0,10.0,1.0,0.3,0.6,0.99,0.99,0.99,0.99,1.0,0.0,10.0,1.0,0.3,0.6,1012.5,1012.5,1012.5,1012.5,1.0,0.0,10.0,1.0,0.3,0.6,3.0,3.0,3.0,3.0,1.0,0.0,10.0,1.0,0.3,0.6,-32.0,-32.0,-32.0,-32.0,1.0,0.0,10.0,1.0,0.3,0.6,5.6,5.6,5.6,5.6,1.0,0.0,10.0,1.0,0.3,0.6,0.0,0.0,0.0,0.0,1.0,0.0,10.0,1.0,0.3,0.6,0.0,0.0,0.0,0.0,1.0,0.0,10.0,1.0,0.3,0.6,3.71,3.71,3.71,3.71,1.0,0.0,10.0,1.0,0.3,0.6,21.2,21.2,21.2,21.2,1.0,0.0,10.0,1.0,0.3,0.6,-140.3,-140.3,-140.3,-140.3,1.0,0.0,10.0,1.0,0.3,0.6,24.7,24.7,24.7,24.7,1.0,0.0,10.0,1.0,0.3,0.6,-90.2,-90.2,-90.2,-90.2,1.0,0.0,10.0,1.0,0.3,0.6,15.9,15.9,15.9,15.9,1.0,0.0,10.0,1.0,0.3,0.6,-20.8,-20.8,-20.8,-20.8,1.0,0.0,10.0,1.0,0.3,0.6,3.7,3.7,3.7,3.7,1.0,0.0,10.0,1.0,0.3,0.6,185.0,185.0,185.0,185.0,1.0,0.0,10.0,1.0,0.3,0.6,185.0,185.0,185.0,185.0,1.0,0.0,10.0,1.0,0.3,0.6
1974,2,234.0,-4.0,,,,,,,,,,,,,,,,,,,,,,,,,,,,,,,,,,,,,,,,2.6,2.6,2.6,2.6,1.0,0.0,4.0,0.0,0.3,0.8,-2.56,-2.56,-2.56,-2.56,1.0,0.0,4.0,0.0,0.3,0.8,0.45,0.45,0.45,0.45,1.0,0.0,4.0,0.0,0.3,0.8,1009.7,1009.7,1009.7,1009.7,1.0,0.0,4.0,0.0,0.3,0.8,7.0,7.0,7.0,7.0,1.0,0.0,4.0,0.0,0.3,0.8,-6.7,-6.7,-6.7,-6.7,1.0,0.0,4.0,0.0,0.3,0.8,1.2,1.2,1.2,1.2,1.0,0.0,4.0,0.0,0.3,0.8,,,,,,,,,,,,,,,,,,,,,,,,,,,,,,,,,,,,,,,,,-58.9,-58.9,-58.9,-58.9,1.0,0.0,4.0,0.0,0.3,0.8,10.4,10.4,10.4,10.4,1.0,0.0,4.0,0.0,0.3,0.8,-40.8,-40.8,-40.8,-40.8,1.0,0.0,4.0,0.0,0.3,0.8,7.2,7.2,7.2,7.2,1.0,0.0,4.0,0.0,0.3,0.8,,,,,,,,,,,,,,,,,,,,,,,,,,,,,,,,,,,,,,,,
1974,2,234.0,-1.0,24.5,24.5,24.5,24.5,1.0,0.0,22.0,1.0,0.5,0.6,25.5,25.5,25.5,25.5,1.0,0.0,22.0,1.0,0.5,0.6,17.35,17.35,17.35,17.35,1.0,0.0,22.0,1.0,0.5,0.6,85.0,85.0,85.0,85.0,1.0,0.0,22.0,1.0,0.6,1.5,1.5,1.5,1.5,1.0,0.0,22.0,1.0,0.5,0.6,-1.48,-1.48,-1.48,-1.48,1.0,0.0,22.0,1.0,0.5,0.6,-0.26,-0.26,-0.26,-0.26,1.0,0.0,22.0,1.0,0.5,0.6,1010.0,1010.0,1010.0,1010.0,1.0,0.0,22.0,1.0,0.5,0.6,7.0,7.0,7.0,7.0,1.0,0.0,22.0,1.0,0.5,0.6,-2.2,-2.2,-2.2,-2.2,1.0,0.0,22.0,1.0,0.5,0.6,-0.4,-0.4,-0.4,-0.4,1.0,0.0,22.0,1.0,0.5,0.6,-1.0,-1.0,-1.0,-1.0,1.0,0.0,22.0,1.0,0.5,0.6,-1.5,-1.5,-1.5,-1.5,1.0,0.0,22.0,1.0,0.5,0.6,1.89,1.89,1.89,1.89,1.0,0.0,22.0,1.0,0.5,0.6,2.8,2.8,2.8,2.8,1.0,0.0,22.0,1.0,0.5,0.6,-37.7,-37.7,-37.7,-37.7,1.0,0.0,22.0,1.0,0.5,0.6,-6.6,-6.6,-6.6,-6.6,1.0,0.0,22.0,1.0,0.5,0.6,-25.6,-25.6,-25.6,-25.6,1.0,0.0,22.0,1.0,0.5,0.6,-4.5,-4.5,-4.5,-4.5,1.0,0.0,22.0,1.0,0.5,0.6,-2.8,-2.8,-2.8,-2.8,1.0,0.0,22.0,1.0,0.5,0.6,-0.5,-0.5,-0.5,-0.5,1.0,0.0,22.0,1.0,0.5,0.6,3.5,3.5,3.5,3.5,1.0,0.0,22.0,1.0,0.5,0.6,5.0,5.0,5.0,5.0,1.0,0.0,22.0,1.0,0.5,0.6
1974,2,234.0,2.0,25.9,25.9,25.9,25.9,1.0,0.0,16.0,0.0,0.1,0.8,23.5,23.5,23.5,23.5,1.0,0.0,16.0,0.0,0.1,0.8,16.58,16.58,16.58,16.58,1.0,0.0,16.0,0.0,0.1,0.8,91.9,91.9,91.9,91.9,1.0,0.0,16.0,0.0,0.8,0.0,0.0,0.0,0.0,1.0,0.0,16.0,0.0,0.1,0.8,0.0,0.0,0.0,0.0,1.0,0.0,16.0,0.0,0.1,0.8,0.0,0.0,0.0,0.0,1.0,0.0,16.0,0.0,0.1,0.8,1012.0,1012.0,1012.0,1012.0,1.0,0.0,16.0,0.0,0.1,0.8,3.0,3.0,3.0,3.0,1.0,0.0,16.0,0.0,0.1,0.8,0.0,0.0,0.0,0.0,1.0,0.0,16.0,0.0,0.1,0.8,0.0,0.0,0.0,0.0,1.0,0.0,16.0,0.0,0.1,0.8,2.4,2.4,2.4,2.4,1.0,0.0,16.0,0.0,0.1,0.8,0.0,0.0,0.0,0.0,1.0,0.0,16.0,0.0,0.1,0.8,4.31,4.31,4.31,4.31,1.0,0.0,16.0,0.0,0.1,0.8,0.0,0.0,0.0,0.0,1.0,0.0,16.0,0.0,0.1,0.8,0.0,0.0,0.0,0.0,1.0,0.0,16.0,0.0,0.1,0.8,0.0,0.0,0.0,0.0,1.0,0.0,16.0,0.0,0.1,0.8,0.0,0.0,0.0,0.0,1.0,0.0,16.0,0.0,0.1,0.8,0.0,0.0,0.0,0.0,1.0,0.0,16.0,0.0,0.1,0.8,0.0,0.0,0.0,0.0,1.0,0.0,16.0,0.0,0.1,0.8,0.0,0.0,0.0,0.0,1.0,0.0,16.0,0.0,0.1,0.8,0.0,0.0,0.0,0.0,1.0,0.0,16.0,0.0,0.1,0.8,0.0,0.0,0.0,0.0,1.0,0.0,16.0,0.0,0.1,0.8
1974,2,234.0,5.0,25.5,25.5,25.5,25.5,1.0,0.0,18.0,0.0,0.6,0.5,25.0,25.0,25.0,25.0,1.0,0.0,18.0,0.0,0.6,0.5,17.45,17.45,17.45,17.45,1.0,0.0,18.0,0.0,0.6,0.5,88.1,88.1,88.1,88.1,1.0,0.0,18.0,0.0,0.5,,,,,,,,,,,,,,,,,,,,,,,,,,,,,,,,,,,,,,,,,,,,,,,,,,,,,,,,,,,,,,,,,,,,,,,,,,,,,,,,,,,,,,,,,,,,,,,,,,,,,,,,,,,,,,,,,,,,,,,,,,,,,,,,,,,,,,,,,,,,,,,,,,,,,,,,,,,,,,,,,,,,,,,,,,,,,,,,,,,,,,,,,,,,,,
1974,2,234.0,6.0,25.6,25.6,25.6,25.6,1.0,0.0,22.0,0.0,1.0,0.9,25.0,25.0,25.0,25.0,1.0,0.0,22.0,0.0,1.0,0.9,17.05,17.05,17.05,17.05,1.0,0.0,22.0,0.0,1.0,0.9,86.0,86.0,86.0,86.0,1.0,0.0,22.0,0.0,0.9,8.7,8.7,8.7,8.7,1.0,0.0,22.0,0.0,1.0,0.9,-8.18,-8.18,-8.18,-8.18,1.0,0.0,22.0,0.0,1.0,0.9,-2.98,-2.98,-2.98,-2.98,1.0,0.0,22.0,0.0,1.0,0.9,1008.9,1008.9,1008.9,1008.9,1.0,0.0,22.0,0.0,1.0,0.9,8.0,8.0,8.0,8.0,1.0,0.0,22.0,0.0,1.0,0.9,-71.1,-71.1,-71.1,-71.1,1.0,0.0,22.0,0.0,1.0,0.9,-25.9,-25.9,-25.9,-25.9,1.0,0.0,22.0,0.0,1.0,0.9,0.6,0.6,0.6,0.6,1.0,0.0,22.0,0.0,1.0,0.9,5.2,5.2,5.2,5.2,1.0,0.0,22.0,0.0,1.0,0.9,3.54,3.54,3.54,3.54,1.0,0.0,22.0,0.0,1.0,0.9,30.8,30.8,30.8,30.8,1.0,0.0,22.0,0.0,1.0,0.9,-204.4,-204.4,-204.4,-204.4,1.0,0.0,22.0,0.0,1.0,0.9,-74.4,-74.4,-74.4,-74.4,1.0,0.0,22.0,0.0,1.0,0.9,-139.4,-139.4,-139.4,-139.4,1.0,0.0,22.0,0.0,1.0,0.9,-50.7,-50.7,-50.7,-50.7,1.0,0.0,22.0,0.0,1.0,0.9,-28.9,-28.9,-28.9,-28.9,1.0,0.0,22.0,0.0,1.0,0.9,-10.5,-10.5,-10.5,-10.5,1.0,0.0,22.0,0.0,1.0,0.9,658.5,658.5,658.5,658.5,1.0,0.0,22.0,0.0,1.0,0.9,660.0,660.0,660.0,660.0,1.0,0.0,22.0,0.0,1.0,0.9
1974,2,234.0,10.0,,,,,,,,,,,,,,,,,,,,,,,,,,,,,,,,,,,,,,,,12.0,12.0,12.0,12.0,1.0,0.0,28.0,1.0,1.0,0.8,-7.71,-7.71,-7.71,-7.71,1.0,0.0,28.0,1.0,1.0,0.8,-9.19,-9.19,-9.19,-9.19,1.0,0.0,28.0,1.0,1.0,0.8,1015.6,1015.6,1015.6,1015.6,1.0,0.0,28.0,1.0,1.0,0.8,,,,,,,,,,,,,,,,,,,,,,,,,,,,,,,,,,,,,,,,,,,,,,,,,,,,,,,,,,,,,,,,,,,,,,,,,,,,,,,,,,,,,,,,,,,,,,,,,,,,,,,,,,,,,,,,,,,,,,,,,,,,,,,,,,,,,,,,,,,,,,,,,,,,,,
1974,2,234.0,13.0,24.08,24.9,24.97,24.53,3.0,0.72,24.0,0.0,0.6,0.3,22.63,22.9,23.65,23.13,3.0,0.78,24.0,0.0,0.6,0.3,12.91,12.92,12.92,12.92,2.0,0.0,22.0,0.0,0.6,0.5,74.6,75.3,75.9,75.3,2.0,1.3,22.0,0.0,0.5,7.45,8.0,8.89,8.17,3.0,1.06,24.0,0.0,0.6,0.3,-7.06,-6.93,-3.88,-5.5,3.0,2.64,24.0,0.0,0.6,0.3,-6.52,-5.98,-4.63,-5.58,3.0,1.42,24.0,0.0,0.6,0.3,1012.06,1012.2,1012.27,1012.17,3.0,0.15,24.0,0.0,0.6,0.3,2.9,7.0,7.0,5.0,3.0,3.5,24.0,0.0,0.6,0.3,-62.8,-55.4,-29.7,-46.5,3.0,25.5,24.0,0.0,0.6,0.3,-53.4,-48.7,-37.3,-45.4,3.0,12.1,24.0,0.0,0.6,0.3,1.06,1.2,1.75,1.4,3.0,0.53,24.0,0.0,0.6,0.3,9.0,11.2,13.4,11.2,3.0,3.2,24.0,0.0,0.6,0.3,5.6,6.07,6.54,6.07,2.0,0.98,22.0,0.0,0.6,0.5,48.9,49.3,49.8,49.3,2.0,1.0,22.0,0.0,0.6,0.5,-164.4,-160.3,-89.4,-127.7,3.0,61.8,24.0,0.0,0.6,0.3,-148.5,-134.5,-108.2,-128.5,3.0,29.9,24.0,0.0,0.6,0.3,-82.5,-61.9,-41.4,-61.9,2.0,42.6,22.0,0.0,0.6,0.5,-85.8,-82.3,-78.8,-82.3,2.0,7.2,22.0,0.0,0.6,0.5,-34.9,-27.5,-20.1,-27.5,2.0,15.3,22.0,0.0,0.6,0.5,-43.6,-38.9,-34.3,-38.9,2.0,9.6,22.0,0.0,0.6,0.5,417.5,512.0,711.5,563.0,3.0,220.0,24.0,0.0,0.6,0.3,415.0,510.0,710.0,565.0,3.0,220.0,24.0,0.0,0.6,0.3
1974,2,234.0,14.0,23.83,24.25,24.67,24.25,4.0,0.61,10.0,0.0,0.6,0.3,22.39,23.05,24.02,23.2,4.0,1.02,10.0,0.0,0.6,0.3,12.45,12.66,13.31,12.87,3.0,0.65,4.0,0.0,0.6,0.4,74.3,74.3,75.4,74.8,3.0,0.9,4.0,0.0,0.4,4.6,7.2,9.8,7.2,4.0,3.0,10.0,0.0,0.6,0.3,-8.02,-4.9,-0.68,-4.37,4.0,4.39,10.0,0.0,0.6,0.3,-5.63,-4.72,-4.24,-4.93,4.0,0.99,10.0,0.0,0.6,0.3,1012.7,1014.05,1016.24,1014.45,4.0,2.12,10.0,0.0,0.6,0.3,3.0,5.0,7.5,5.3,4.0,2.6,10.0,0.0,0.6,0.3,-78.6,-42.1,-3.1,-40.9,4.0,43.8,10.0,0.0,0.6,0.3,-55.2,-34.4,-19.5,-37.2,4.0,21.2,10.0,0.0,0.6,0.3,0.24,1.05,1.86,1.05,4.0,0.97,10.0,0.0,0.6,0.3,2.3,6.1,8.6,5.5,4.0,4.1,10.0,0.0,0.6,0.3,4.95,6.18,6.48,5.72,3.0,1.19,4.0,0.0,0.6,0.4,29.1,30.4,38.9,33.9,3.0,7.8,4.0,0.0,0.6,0.4,-192.9,-114.2,-15.5,-104.6,4.0,105.8,10.0,0.0,0.6,0.3,-134.7,-110.3,-95.0,-114.7,4.0,25.5,10.0,0.0,0.6,0.3,-79.0,-29.1,-2.5,-40.5,3.0,56.9,4.0,0.0,0.6,0.4,-76.3,-55.9,-52.2,-64.0,3.0,19.0,4.0,0.0,0.6,0.4,-26.9,-14.2,-0.9,-13.9,3.0,19.1,4.0,0.0,0.6,0.4,-29.2,-27.6,-25.6,-27.4,3.0,2.7,4.0,0.0,0.6,0.4,97.5,519.5,941.0,519.5,4.0,487.0,10.0,0.0,0.6,0.3,95.0,520.0,940.0,520.0,4.0,485.0,10.0,0.0,0.6,0.3
1974,2,234.0,15.0,23.28,24.0,24.3,23.8,4.0,0.71,20.0,0.3,0.4,0.5,21.8,22.7,23.5,22.65,4.0,0.98,20.0,0.3,0.4,0.5,14.49,14.84,15.81,15.14,4.0,0.91,20.0,0.3,0.4,0.5,85.2,90.7,92.1,88.7,4.0,5.5,20.0,0.3,0.5,5.36,6.45,8.59,6.95,4.0,2.41,20.0,0.3,0.4,0.5,-5.49,-4.95,-4.35,-4.92,4.0,0.76,20.0,0.3,0.4,0.5,-6.57,-3.67,-2.8,-4.64,4.0,2.94,20.0,0.3,0.4,0.5,1014.85,1016.15,1017.92,1016.38,4.0,2.23,20.0,0.3,0.4,0.5,6.0,7.0,7.5,6.8,4.0,1.3,20.0,0.3,0.4,0.5,-46.3,-34.2,-23.6,-34.9,4.0,14.7,20.0,0.3,0.4,0.5,-59.9,-23.6,-16.2,-37.4,4.0,36.8,20.0,0.3,0.4,0.5,0.49,0.8,1.84,1.15,4.0,1.06,20.0,0.3,0.4,0.5,3.0,5.1,17.2,9.9,4.0,12.1,20.0,0.3,0.4,0.5,2.0,3.2,4.4,3.2,4.0,1.38,20.0,0.3,0.4,0.5,10.8,20.9,38.0,24.2,4.0,17.1,20.0,0.3,0.4,0.5,-124.6,-107.9,-98.6,-111.4,4.0,18.2,20.0,0.3,0.4,0.5,-143.0,-83.0,-65.8,-103.4,4.0,61.7,20.0,0.3,0.4,0.5,-79.6,-73.2,-68.5,-74.0,4.0,7.9,20.0,0.3,0.4,0.5,-96.3,-54.5,-43.0,-68.9,4.0,41.0,20.0,0.3,0.4,0.5,-24.1,-16.6,-8.7,-16.4,4.0,8.9,20.0,0.3,0.4,0.5,-27.9,-11.4,-6.3,-16.8,4.0,16.1,20.0,0.3,0.4,0.5,164.5,269.5,715.5,432.5,4.0,448.5,20.0,0.3,0.4,0.5,165.0,270.0,715.0,430.0,4.0,450.0,20.0,0.3,0.4,0.5
1974,2,234.0,16.0,24.16,24.5,24.84,24.5,2.0,0.71,14.0,0.0,0.6,0.4,21.07,21.45,21.83,21.45,2.0,0.78,14.0,0.0,0.6,0.4,13.62,13.62,13.62,13.62,1.0,0.0,10.0,0.0,0.6,0.4,83.1,83.1,83.1,83.1,1.0,0.0,10.0,0.0,0.4,10.71,11.6,12.49,11.6,2.0,1.84,14.0,0.0,0.6,0.4,-8.53,-7.69,-6.84,-7.69,2.0,1.75,14.0,0.0,0.6,0.4,-10.22,-8.16,-6.11,-8.16,2.0,4.26,14.0,0.0,0.6,0.4,1016.35,1017.1,1017.85,1017.1,2.0,1.56,14.0,0.0,0.6,0.4,7.2,7.5,7.8,7.5,2.0,0.7,14.0,0.0,0.6,0.4,-90.5,-87.5,-84.6,-87.5,2.0,6.1,14.0,0.0,0.6,0.4,-129.7,-98.6,-67.5,-98.6,2.0,64.4,14.0,0.0,0.6,0.4,2.33,3.05,3.77,3.05,2.0,1.48,14.0,0.0,0.6,0.4,25.7,36.7,47.8,36.7,2.0,22.8,14.0,0.0,0.6,0.4,4.94,4.94,4.94,4.94,1.0,0.0,10.0,0.0,0.6,0.4,50.9,50.9,50.9,50.9,1.0,0.0,10.0,0.0,0.6,0.4,-186.5,-165.5,-144.6,-165.5,2.0,43.4,14.0,0.0,0.6,0.4,-214.4,-173.4,-132.4,-173.4,2.0,85.0,14.0,0.0,0.6,0.4,-121.5,-121.5,-121.5,-121.5,1.0,0.0,10.0,0.0,0.6,0.4,-70.1,-70.1,-70.1,-70.1,1.0,0.0,10.0,0.0,0.6,0.4,-44.1,-44.1,-44.1,-44.1,1.0,0.0,10.0,0.0,0.6,0.4,-25.4,-25.4,-25.4,-25.4,1.0,0.0,10.0,0.0,0.6,0.4,1260.0,1619.5,1979.5,1619.5,2.0,745.5,14.0,0.0,0.6,0.4,1260.0,1620.0,1980.0,1620.0,2.0,745.0,14.0,0.0,0.6,0.4
1974,2,234.0,17.0,21.5,21.7,22.37,21.9,5.0,0.47,12.0,0.2,0.8,0.6,19.4,20.8,22.55,20.98,6.0,1.69,14.0,0.3,0.8,0.6,10.07,10.95,12.12,11.2,6.0,1.31,14.0,0.3,0.8,0.6,67.2,72.2,78.8,72.8,6.0,6.0,14.0,0.3,0.6,5.1,6.4,7.91,6.57,6.0,1.65,14.0,0.3,0.8,0.6,-7.3,-5.29,-2.96,-5.06,6.0,2.41,14.0,0.3,0.8,0.6,-4.44,-3.88,-3.15,-3.8,6.0,0.77,14.0,0.3,0.8,0.6,1016.93,1017.65,1020.0,1018.02,6.0,1.75,14.0,0.3,0.8,0.6,5.6,7.5,8.0,6.8,6.0,1.6,14.0,0.3,0.8,0.6,-57.7,-35.6,-15.1,-36.4,6.0,23.9,14.0,0.3,0.8,0.6,-31.3,-22.4,-19.3,-24.8,6.0,7.8,14.0,0.3,0.8,0.6,0.7,1.5,2.18,1.42,5.0,0.95,12.0,0.2,0.8,0.6,4.9,8.5,14.4,9.3,5.0,6.5,12.0,0.2,0.8,0.6,4.3,5.95,5.96,5.2,5.0,1.21,12.0,0.2,0.8,0.6,25.2,30.4,44.0,33.2,5.0,11.8,12.0,0.2,0.8,0.6,-151.7,-112.2,-61.5,-107.2,6.0,52.5,14.0,0.3,0.8,0.6,-86.1,-80.7,-70.8,-78.7,6.0,10.2,14.0,0.3,0.8,0.6,-82.9,-60.1,-32.1,-56.8,6.0,26.7,14.0,0.3,0.8,0.6,-47.5,-43.6,-37.3,-42.0,6.0,6.3,14.0,0.3,0.8,0.6,-38.1,-19.6,-11.7,-23.9,5.0,13.8,12.0,0.2,0.8,0.6,-25.2,-22.9,-17.4,-21.3,5.0,6.7,12.0,0.2,0.8,0.6,132.5,294.5,498.0,328.5,6.0,226.5,14.0,0.3,0.8,0.6,135.0,295.0,500.0,330.0,6.0,225.0,14.0,0.3,0.8,0.6
1974,2,234.0,18.0,20.06,21.1,21.94,21.34,8.0,1.46,20.0,0.5,0.5,0.7,18.88,20.05,21.09,20.29,8.0,1.87,20.0,0.5,0.5,0.7,9.85,10.87,13.64,11.66,7.0,2.1,22.0,0.6,0.5,0.8,70.0,80.0,88.7,78.5,7.0,11.7,22.0,0.6,0.8,4.39,8.2,10.3,7.65,8.0,3.03,20.0,0.5,0.5,0.7,-8.26,-7.3,-3.45,-6.6,8.0,2.68,20.0,0.5,0.5,0.7,-6.44,-2.81,-0.1,-3.13,8.0,2.8,20.0,0.5,0.5,0.7,1017.06,1017.9,1018.27,1017.75,8.0,0.62,20.0,0.5,0.5,0.7,5.4,7.5,8.0,6.7,6.0,2.0,20.0,0.7,0.5,0.6,-88.5,-58.3,-16.4,-57.2,8.0,35.9,20.0,0.5,0.5,0.7,-64.9,-18.3,-0.3,-27.5,8.0,30.4,20.0,0.5,0.5,0.7,0.0,0.45,3.21,1.05,8.0,2.86,20.0,0.5,0.5,0.7,0.0,2.8,34.5,10.5,8.0,23.0,20.0,0.5,0.5,0.7,0.87,5.44,6.61,4.31,7.0,3.01,22.0,0.6,0.5,0.8,5.7,58.7,64.0,38.6,7.0,31.0,22.0,0.6,0.5,0.8,-160.7,-150.6,-70.9,-133.3,8.0,54.9,20.0,0.5,0.5,0.7,-120.2,-56.8,-2.0,-59.7,8.0,51.9,20.0,0.5,0.5,0.7,-91.4,-77.9,-42.3,-70.0,7.0,23.7,22.0,0.6,0.5,0.8,-65.6,-35.8,0.0,-33.9,7.0,30.1,22.0,0.6,0.5,0.8,-52.1,-45.0,-5.7,-31.9,7.0,26.0,22.0,0.6,0.5,0.8,-40.8,-6.1,0.0,-18.3,7.0,21.0,22.0,0.6,0.5,0.8,94.5,557.5,1092.5,618.5,8.0,486.0,20.0,0.5,0.5,0.7,95.0,560.0,1095.0,620.0,8.0,485.0,20.0,0.5,0.5,0.7
1974,2,234.0,19.0,19.8,21.25,22.11,21.11,10.0,1.2,16.0,0.6,0.4,0.7,18.67,19.45,20.0,19.69,10.0,1.58,16.0,0.6,0.4,0.7,9.17,10.7,12.48,10.82,10.0,1.68,16.0,0.6,0.4,0.7,62.9,77.7,86.4,76.5,10.0,11.4,16.0,0.6,0.7,6.83,7.2,10.3,8.29,9.0,1.86,16.0,0.6,0.4,0.7,-9.93,-5.27,-2.52,-5.86,9.0,3.41,16.0,0.6,0.4,0.7,-6.27,-5.15,-3.98,-4.82,9.0,2.09,16.0,0.6,0.4,0.7,1016.81,1019.25,1022.4,1019.38,10.0,2.82,16.0,0.6,0.4,0.7,6.0,7.0,8.0,7.0,10.0,1.1,16.0,0.6,0.4,0.7,-102.3,-39.7,-16.6,-53.7,9.0,41.4,16.0,0.6,0.4,0.7,-51.4,-43.7,-30.1,-38.1,9.0,16.6,16.0,0.6,0.4,0.7,0.09,1.5,3.11,1.42,10.0,1.71,16.0,0.6,0.4,0.7,3.0,13.4,27.3,14.4,9.0,14.6,16.0,0.6,0.4,0.7,3.27,5.24,6.03,4.7,10.0,1.57,16.0,0.6,0.4,0.7,20.5,42.6,55.9,39.1,9.0,17.1,16.0,0.6,0.4,0.7,-186.7,-102.6,-56.1,-112.6,9.0,62.4,16.0,0.6,0.4,0.7,-134.6,-95.3,-76.9,-95.8,9.0,43.0,16.0,0.6,0.4,0.7,-104.9,-53.6,-28.6,-62.7,9.0,35.3,16.0,0.6,0.4,0.7,-68.2,-59.3,-40.4,-53.8,9.0,25.8,16.0,0.6,0.4,0.7,-51.0,-27.4,-10.7,-29.2,9.0,19.9,16.0,0.6,0.4,0.7,-31.6,-21.3,-10.7,-21.3,9.0,12.4,16.0,0.6,0.4,0.7,320.5,373.0,1092.5,648.5,9.0,440.5,16.0,0.6,0.4,0.7,320.0,375.0,1095.0,650.0,9.0,440.0,16.0,0.6,0.4,0.7
1974,2,234.0,20.0,20.52,21.55,22.0,21.28,4.0,0.95,14.0,0.5,0.6,0.3,20.44,21.4,22.36,21.4,2.0,1.98,18.0,0.5,0.7,0.3,10.89,11.84,12.79,11.84,2.0,1.96,18.0,0.5,0.7,0.3,73.2,74.8,76.4,74.8,2.0,3.4,18.0,0.5,0.3,1.76,5.95,9.82,5.8,4.0,4.68,14.0,0.5,0.6,0.3,-9.43,-5.86,-1.73,-5.6,4.0,4.47,14.0,0.5,0.6,0.3,-2.61,-0.72,0.32,-1.13,4.0,1.84,14.0,0.5,0.6,0.3,1016.74,1017.8,1019.33,1018.03,4.0,1.59,14.0,0.5,0.6,0.3,6.0,6.5,7.5,6.8,4.0,1.0,14.0,0.5,0.6,0.3,-92.8,-45.9,-3.7,-48.1,4.0,51.6,14.0,0.5,0.6,0.3,-26.2,-7.4,0.7,-12.5,4.0,17.5,14.0,0.5,0.6,0.3,-1.43,-0.85,-0.27,-0.85,2.0,1.2,18.0,0.5,0.7,0.3,-3.7,-2.2,-0.7,-2.2,2.0,3.1,18.0,0.5,0.7,0.3,2.52,3.13,3.73,3.13,2.0,1.25,18.0,0.5,0.7,0.3,11.5,23.6,35.7,23.6,2.0,25.1,18.0,0.5,0.7,0.3,-172.1,-126.0,-79.8,-126.0,2.0,95.6,18.0,0.5,0.7,0.3,-57.6,-30.1,-2.5,-30.1,2.0,57.1,18.0,0.5,0.7,0.3,-90.5,-67.5,-44.5,-67.5,2.0,47.6,18.0,0.5,0.7,0.3,-30.0,-15.4,-0.8,-15.4,2.0,30.3,18.0,0.5,0.7,0.3,-33.6,-22.3,-11.0,-22.3,2.0,23.4,18.0,0.5,0.7,0.3,-11.7,-6.6,-1.4,-6.6,2.0,10.7,18.0,0.5,0.7,0.3,9.0,411.0,955.5,479.0,4.0,555.0,14.0,0.5,0.6,0.3,10.0,410.0,955.0,480.0,4.0,555.0,14.0,0.5,0.6,0.3
1974,2,234.0,21.0,17.95,19.7,20.71,19.35,4.0,1.78,16.0,0.5,0.3,0.5,18.27,19.0,20.1,19.2,5.0,1.79,16.0,0.4,0.4,0.5,8.98,9.25,10.92,9.92,4.0,1.59,16.0,0.5,0.3,0.5,66.4,68.4,72.5,69.4,4.0,4.2,16.0,0.5,0.5,5.75,8.7,9.98,7.7,5.0,3.57,16.0,0.4,0.4,0.5,-7.61,-5.15,-2.44,-5.04,5.0,2.87,16.0,0.4,0.4,0.5,-8.45,-4.9,-2.6,-5.22,5.0,3.57,16.0,0.4,0.4,0.5,1017.93,1018.0,1021.68,1019.46,5.0,2.1,16.0,0.4,0.4,0.5,5.0,7.0,8.0,6.6,5.0,1.5,16.0,0.4,0.4,0.5,-67.3,-53.0,-17.3,-44.5,5.0,31.2,16.0,0.4,0.4,0.5,-78.7,-48.0,-21.3,-48.9,5.0,35.2,16.0,0.4,0.4,0.5,-2.62,0.7,1.71,-0.4,4.0,3.18,16.0,0.5,0.3,0.5,-3.9,6.1,16.1,6.1,4.0,12.1,16.0,0.5,0.3,0.5,1.82,4.94,6.13,4.02,4.0,3.05,16.0,0.5,0.3,0.5,16.0,41.9,57.1,36.8,4.0,27.7,16.0,0.5,0.3,0.5,-144.5,-87.5,-47.9,-94.7,5.0,53.3,16.0,0.4,0.4,0.5,-153.0,-93.1,-49.5,-95.6,5.0,63.6,16.0,0.4,0.4,0.5,-71.3,-47.0,-22.5,-46.9,4.0,28.4,16.0,0.5,0.3,0.5,-59.6,-41.1,-18.4,-39.1,4.0,30.5,16.0,0.5,0.3,0.5,-43.1,-23.3,-7.8,-25.4,4.0,23.5,16.0,0.5,0.3,0.5,-39.6,-24.5,-8.1,-23.9,4.0,20.0,16.0,0.5,0.3,0.5,351.0,658.5,996.5,649.5,5.0,421.0,16.0,0.4,0.4,0.5,350.0,660.0,995.0,650.0,5.0,420.0,16.0,0.4,0.4,0.5
1974,2,234.0,22.0,16.99,17.6,18.21,17.6,2.0,1.27,24.0,0.5,0.7,0.6,16.33,16.4,16.47,16.4,2.0,0.14,24.0,0.5,0.7,0.6,7.47,8.25,9.03,8.25,2.0,1.61,24.0,0.5,0.7,0.6,65.4,71.9,78.4,71.9,2.0,13.4,24.0,0.5,0.6,6.44,6.95,7.46,6.95,2.0,1.06,24.0,0.5,0.7,0.6,-3.77,-3.31,-2.85,-3.31,2.0,0.96,24.0,0.5,0.7,0.6,-6.84,-5.99,-5.14,-5.99,2.0,1.76,24.0,0.5,0.7,0.6,1019.57,1020.15,1020.73,1020.15,2.0,1.2,24.0,0.5,0.7,0.6,7.2,7.5,7.8,7.5,2.0,0.7,24.0,0.5,0.7,0.6,-24.0,-22.5,-21.0,-22.5,2.0,3.1,24.0,0.5,0.7,0.6,-51.5,-42.6,-33.6,-42.6,2.0,18.6,24.0,0.5,0.7,0.6,0.65,1.2,1.75,1.2,2.0,1.13,24.0,0.5,0.7,0.6,4.6,7.7,10.9,7.7,2.0,6.6,24.0,0.5,0.7,0.6,3.88,4.18,4.48,4.18,2.0,0.62,24.0,0.5,0.7,0.6,25.1,29.4,33.6,29.4,2.0,8.8,24.0,0.5,0.7,0.6,-62.1,-54.3,-46.6,-54.3,2.0,16.1,24.0,0.5,0.7,0.6,-111.7,-98.2,-84.6,-98.2,2.0,28.0,24.0,0.5,0.7,0.6,-34.5,-28.1,-21.7,-28.1,2.0,13.2,24.0,0.5,0.7,0.6,-50.4,-48.0,-45.7,-48.0,2.0,4.8,24.0,0.5,0.7,0.6,-14.5,-13.5,-12.6,-13.5,2.0,1.9,24.0,0.5,0.7,0.6,-30.9,-25.6,-20.2,-25.6,2.0,11.1,24.0,0.5,0.7,0.6,273.0,347.5,422.0,347.5,2.0,154.5,24.0,0.5,0.7,0.6,275.0,345.0,420.0,345.0,2.0,155.0,24.0,0.5,0.7,0.6
1974,2,234.0,23.0,18.46,19.0,19.37,18.98,5.0,0.63,14.0,0.4,0.7,0.4,17.15,17.9,18.21,17.73,6.0,0.92,12.0,0.5,0.7,0.5,8.55,9.98,10.85,9.71,6.0,1.36,12.0,0.5,0.7,0.5,69.6,79.8,83.1,77.4,6.0,7.2,12.0,0.5,0.5,0.79,6.7,7.7,4.97,6.0,3.5,12.0,0.5,0.7,0.5,-5.98,-3.88,-0.75,-3.48,6.0,2.68,12.0,0.5,0.7,0.5,-5.42,-3.3,0.07,-3.07,6.0,2.97,12.0,0.5,0.7,0.5,1019.16,1020.2,1022.66,1020.68,6.0,1.68,12.0,0.5,0.7,0.5,4.0,7.0,8.0,6.3,6.0,1.9,12.0,0.5,0.7,0.5,-42.9,-27.3,-0.7,-23.9,6.0,20.1,12.0,0.5,0.7,0.5,-41.7,-22.1,0.1,-22.9,6.0,22.2,12.0,0.5,0.7,0.5,0.32,0.6,2.4,1.3,5.0,1.51,14.0,0.4,0.7,0.4,0.0,0.5,11.8,6.0,5.0,11.0,14.0,0.4,0.7,0.4,2.41,4.1,5.19,3.99,5.0,1.81,14.0,0.4,0.7,0.4,1.5,18.7,34.8,19.1,5.0,19.0,14.0,0.4,0.7,0.4,-107.4,-66.6,-13.4,-61.4,6.0,46.7,12.0,0.5,0.7,0.5,-99.1,-55.3,1.3,-55.2,6.0,55.0,12.0,0.5,0.7,0.5,-56.7,-34.1,-8.0,-32.6,6.0,24.5,12.0,0.5,0.7,0.5,-57.8,-26.4,0.8,-30.3,6.0,32.2,12.0,0.5,0.7,0.5,-29.8,-6.4,-1.4,-14.1,5.0,15.8,14.0,0.4,0.7,0.4,-21.9,-9.8,0.3,-11.2,5.0,12.7,14.0,0.4,0.7,0.4,1.0,301.0,456.5,252.5,6.0,207.5,12.0,0.5,0.7,0.5,0.0,300.0,455.0,255.0,6.0,205.0,12.0,0.5,0.7,0.5
1974,2,234.0,24.0,17.08,18.45,19.71,18.4,4.0,1.56,10.0,0.3,0.4,0.4,17.1,17.45,17.86,17.48,4.0,0.46,10.0,0.3,0.4,0.4,8.61,9.0,9.85,9.22,4.0,0.93,10.0,0.3,0.4,0.4,70.3,73.9,79.9,75.0,4.0,6.2,10.0,0.3,0.4,4.86,5.7,8.63,6.7,4.0,3.16,10.0,0.3,0.4,0.4,-8.11,-4.86,-2.81,-5.44,4.0,3.84,10.0,0.3,0.4,0.4,-3.86,-3.76,-2.77,-3.33,4.0,0.93,10.0,0.3,0.4,0.4,1019.62,1021.85,1023.98,1021.8,4.0,2.58,10.0,0.3,0.4,0.4,6.0,7.5,8.0,7.0,4.0,1.4,10.0,0.3,0.4,0.4,-77.4,-27.7,-14.9,-45.3,4.0,50.9,10.0,0.3,0.4,0.4,-32.8,-18.3,-13.3,-22.9,4.0,14.4,10.0,0.3,0.4,0.4,-0.29,1.25,2.1,0.93,4.0,1.49,10.0,0.3,0.4,0.4,-1.6,5.5,16.9,7.6,4.0,12.9,10.0,0.3,0.4,0.4,3.0,3.55,4.75,3.86,4.0,1.21,10.0,0.3,0.4,0.4,15.8,17.2,41.7,28.2,4.0,23.1,10.0,0.3,0.4,0.4,-139.0,-84.2,-50.0,-94.1,4.0,65.5,10.0,0.3,0.4,0.4,-68.0,-65.7,-48.2,-58.5,4.0,17.0,10.0,0.3,0.4,0.4,-69.7,-43.8,-26.2,-47.8,4.0,30.8,10.0,0.3,0.4,0.4,-36.8,-32.4,-24.7,-30.8,4.0,9.5,10.0,0.3,0.4,0.4,-39.2,-14.8,-8.6,-23.5,4.0,24.2,10.0,0.3,0.4,0.4,-18.3,-12.5,-8.2,-13.2,4.0,6.5,10.0,0.3,0.4,0.4,124.5,185.0,844.0,470.5,4.0,650.5,10.0,0.3,0.4,0.4,125.0,185.0,845.0,470.0,4.0,650.0,10.0,0.3,0.4,0.4
1974,2,234.0,25.0,17.03,18.0,19.21,18.05,6.0,1.38,16.0,0.7,0.5,0.5,16.69,17.5,18.31,17.53,7.0,0.78,14.0,0.7,0.5,0.5,8.86,9.19,9.61,9.28,7.0,0.83,14.0,0.7,0.5,0.5,71.1,73.5,79.5,75.3,7.0,4.6,14.0,0.7,0.5,5.17,7.2,10.3,7.65,8.0,2.35,12.0,0.6,0.5,0.6,-6.62,-5.58,-1.72,-4.49,8.0,4.47,12.0,0.6,0.5,0.6,-7.86,-2.65,-1.75,-3.81,8.0,3.59,12.0,0.6,0.5,0.6,1020.22,1023.0,1024.0,1022.44,8.0,2.21,12.0,0.6,0.5,0.6,6.1,7.5,8.0,7.3,8.0,0.9,12.0,0.6,0.5,0.6,-68.2,-34.7,-11.9,-40.1,8.0,39.8,12.0,0.6,0.5,0.6,-78.7,-20.4,-9.1,-34.1,8.0,34.7,12.0,0.6,0.5,0.6,-0.81,0.65,1.71,0.47,6.0,1.57,16.0,0.7,0.5,0.5,-6.3,4.2,10.9,1.6,6.0,12.3,16.0,0.7,0.5,0.5,1.94,3.67,4.82,3.55,6.0,1.5,16.0,0.7,0.5,0.5,14.3,25.1,31.8,23.4,6.0,9.8,16.0,0.7,0.5,0.5,-117.2,-93.7,-19.5,-74.1,7.0,82.3,14.0,0.7,0.5,0.5,-135.9,-34.1,-26.2,-56.1,7.0,61.6,14.0,0.7,0.5,0.5,-64.8,-47.7,-9.6,-38.9,7.0,43.9,14.0,0.7,0.5,0.5,-69.9,-17.3,-14.3,-29.0,7.0,33.1,14.0,0.7,0.5,0.5,-27.4,-14.1,-1.6,-12.7,6.0,16.2,16.0,0.7,0.5,0.5,-19.1,-8.0,-1.9,-10.7,6.0,12.6,16.0,0.7,0.5,0.5,138.5,378.5,1092.5,560.5,8.0,453.0,12.0,0.6,0.5,0.6,140.0,380.0,1095.0,560.0,8.0,455.0,12.0,0.6,0.5,0.6
1974,2,234.0,26.0,16.83,18.15,19.0,18.24,8.0,1.53,14.0,0.5,0.5,0.4,15.52,16.5,17.92,16.96,8.0,1.9,14.0,0.5,0.5,0.4,7.32,8.78,11.61,9.42,8.0,2.36,14.0,0.5,0.5,0.4,66.8,79.4,90.6,78.6,8.0,14.2,14.0,0.5,0.4,2.82,5.4,8.96,5.74,8.0,2.89,14.0,0.5,0.5,0.4,-6.97,-3.01,-1.33,-3.79,8.0,2.8,14.0,0.5,0.5,0.4,-5.96,-3.8,-2.0,-3.78,8.0,2.32,14.0,0.5,0.5,0.4,1020.67,1022.25,1023.89,1022.05,8.0,2.04,14.0,0.5,0.5,0.4,4.1,5.5,6.9,5.5,8.0,1.6,14.0,0.5,0.5,0.4,-62.5,-16.5,-3.8,-28.2,8.0,30.1,14.0,0.5,0.5,0.4,-53.4,-18.3,-4.3,-25.8,8.0,25.2,14.0,0.5,0.5,0.4,1.06,2.1,2.94,1.28,8.0,2.63,14.0,0.5,0.5,0.4,6.6,10.2,16.3,9.2,8.0,10.4,14.0,0.5,0.5,0.4,1.71,4.29,5.41,3.52,8.0,3.22,14.0,0.5,0.5,0.4,9.0,17.8,44.8,22.1,8.0,19.4,14.0,0.5,0.5,0.4,-108.3,-49.3,-25.0,-62.7,8.0,45.8,14.0,0.5,0.5,0.4,-92.2,-61.8,-36.8,-62.8,8.0,36.3,14.0,0.5,0.5,0.4,-51.2,-33.0,-14.0,-33.9,8.0,22.4,14.0,0.5,0.5,0.4,-52.6,-38.1,-16.0,-34.3,8.0,19.0,14.0,0.5,0.5,0.4,-35.0,-6.3,-5.4,-15.2,8.0,16.2,14.0,0.5,0.5,0.4,-28.8,-15.4,-0.6,-13.8,8.0,13.8,14.0,0.5,0.5,0.4,26.5,159.0,741.5,322.0,8.0,401.5,14.0,0.5,0.5,0.4,25.0,160.0,740.0,320.0,8.0,400.0,14.0,0.5,0.5,0.4
1974,2,234.0,27.0,15.5,15.5,15.5,15.5,1.0,0.0,4.0,1.0,0.9,0.8,14.0,14.0,14.0,14.0,1.0,0.0,4.0,1.0,0.9,0.8,6.41,6.41,6.41,6.41,1.0,0.0,4.0,1.0,0.9,0.8,65.3,65.3,65.3,65.3,1.0,0.0,4.0,1.0,0.8,7.2,7.2,7.2,7.2,1.0,0.0,4.0,1.0,0.9,0.8,-3.6,-3.6,-3.6,-3.6,1.0,0.0,4.0,1.0,0.9,0.8,-6.24,-6.24,-6.24,-6.24,1.0,0.0,4.0,1.0,0.9,0.8,1021.4,1021.4,1021.4,1021.4,1.0,0.0,4.0,1.0,0.9,0.8,5.0,5.0,5.0,5.0,1.0,0.0,4.0,1.0,0.9,0.8,-25.9,-25.9,-25.9,-25.9,1.0,0.0,4.0,1.0,0.9,0.8,-44.9,-44.9,-44.9,-44.9,1.0,0.0,4.0,1.0,0.9,0.8,1.5,1.5,1.5,1.5,1.0,0.0,4.0,1.0,0.9,0.8,10.8,10.8,10.8,10.8,1.0,0.0,4.0,1.0,0.9,0.8,4.43,4.43,4.43,4.43,1.0,0.0,4.0,1.0,0.9,0.8,31.9,31.9,31.9,31.9,1.0,0.0,4.0,1.0,0.9,0.8,-50.4,-50.4,-50.4,-50.4,1.0,0.0,4.0,1.0,0.9,0.8,-87.3,-87.3,-87.3,-87.3,1.0,0.0,4.0,1.0,0.9,0.8,-23.1,-23.1,-23.1,-23.1,1.0,0.0,4.0,1.0,0.9,0.8,-40.0,-40.0,-40.0,-40.0,1.0,0.0,4.0,1.0,0.9,0.8,-15.9,-15.9,-15.9,-15.9,1.0,0.0,4.0,1.0,0.9,0.8,-27.6,-27.6,-27.6,-27.6,1.0,0.0,4.0,1.0,0.9,0.8,373.0,373.0,373.0,373.0,1.0,0.0,4.0,1.0,0.9,0.8,375.0,375.0,375.0,375.0,1.0,0.0,4.0,1.0,0.9,0.8
1974,2,234.0,28.0,17.43,18.0,18.56,17.98,5.0,0.8,10.0,0.6,0.6,0.4,15.45,15.9,16.51,15.98,4.0,0.63,12.0,0.8,0.6,0.4,8.35,8.74,9.05,8.7,4.0,0.5,12.0,0.8,0.6,0.4,74.3,80.8,81.8,78.2,4.0,6.2,12.0,0.8,0.4,6.75,8.2,10.8,8.74,5.0,3.03,10.0,0.6,0.6,0.4,-7.16,-4.79,1.37,-2.67,5.0,6.57,10.0,0.6,0.6,0.4,-8.64,-5.98,-0.15,-4.61,5.0,5.1,10.0,0.6,0.6,0.4,1019.65,1022.0,1023.8,1021.8,5.0,3.25,10.0,0.6,0.6,0.4,1.3,5.0,6.7,4.2,5.0,3.2,10.0,0.6,0.6,0.4,-59.6,-24.4,27.6,-10.8,5.0,73.1,10.0,0.6,0.6,0.4,-90.3,-55.6,1.8,-49.0,5.0,60.2,10.0,0.6,0.6,0.4,1.02,2.1,3.07,2.05,4.0,1.29,12.0,0.8,0.6,0.4,7.2,18.3,26.5,16.9,4.0,11.8,12.0,0.8,0.6,0.4,3.15,4.36,4.88,4.03,4.0,1.12,12.0,0.8,0.6,0.4,23.7,36.7,38.9,31.6,4.0,12.6,12.0,0.8,0.6,0.4,-115.5,-93.9,-60.0,-88.0,4.0,34.8,12.0,0.8,0.6,0.4,-106.4,-60.2,9.5,-49.0,4.0,72.8,12.0,0.8,0.6,0.4,-60.6,-51.3,-33.9,-47.4,4.0,17.3,12.0,0.8,0.6,0.4,-60.1,-34.4,3.4,-28.6,4.0,39.5,12.0,0.8,0.6,0.4,-31.6,-20.5,-12.8,-22.1,4.0,11.2,12.0,0.8,0.6,0.4,-30.6,-13.7,4.7,-13.0,4.0,22.0,12.0,0.8,0.6,0.4,338.5,551.5,1389.5,870.0,5.0,891.5,10.0,0.6,0.6,0.4,340.0,550.0,1390.0,870.0,5.0,890.0,10.0,0.6,0.6,0.4
1974,2,234.0,29.0,15.02,15.6,16.67,15.82,5.0,1.43,16.0,0.2,0.5,0.5,13.52,13.9,15.34,14.85,6.0,2.78,14.0,0.3,0.5,0.5,6.59,7.47,7.72,7.21,5.0,0.75,16.0,0.2,0.5,0.5,70.1,76.8,79.7,74.9,5.0,7.2,16.0,0.2,0.5,3.5,5.15,6.91,5.23,6.0,1.88,14.0,0.3,0.5,0.5,-2.46,0.53,1.79,0.09,6.0,2.46,14.0,0.3,0.5,0.5,-6.56,-4.48,-1.03,-3.66,6.0,3.77,14.0,0.3,0.5,0.5,1022.25,1023.4,1024.79,1023.45,6.0,1.53,14.0,0.3,0.5,0.5,1.0,4.0,8.0,4.3,6.0,3.7,14.0,0.3,0.5,0.5,-16.2,1.6,11.2,-1.1,6.0,13.6,14.0,0.3,0.5,0.5,-45.5,-23.1,-4.8,-24.4,6.0,24.7,14.0,0.3,0.5,0.5,1.14,1.9,3.02,2.1,5.0,1.72,16.0,0.2,0.5,0.5,4.3,11.2,22.0,13.7,5.0,14.0,16.0,0.2,0.5,0.5,2.81,3.57,5.15,3.86,5.0,1.52,16.0,0.2,0.5,0.5,10.8,22.8,35.1,23.4,5.0,14.7,16.0,0.2,0.5,0.5,-33.6,8.8,27.5,2.5,6.0,34.7,14.0,0.3,0.5,0.5,-88.6,-62.2,-10.4,-46.5,6.0,57.9,14.0,0.3,0.5,0.5,-17.8,0.0,16.3,0.4,5.0,19.7,16.0,0.2,0.5,0.5,-48.9,-32.7,-23.2,-35.1,5.0,14.6,16.0,0.2,0.5,0.5,-10.4,0.0,6.8,-1.7,5.0,9.6,16.0,0.2,0.5,0.5,-32.3,-21.4,-9.5,-21.5,5.0,15.1,16.0,0.2,0.5,0.5,43.0,153.5,333.0,190.0,6.0,171.0,14.0,0.3,0.5,0.5,45.0,155.0,335.0,190.0,6.0,170.0,14.0,0.3,0.5,0.5
1974,2,234.0,30.0,15.5,15.5,15.5,15.5,1.0,0.0,26.0,1.0,0.3,0.9,13.49,13.9,14.31,13.9,2.0,0.85,24.0,1.0,0.4,0.8,5.74,6.66,7.58,6.66,2.0,1.9,24.0,1.0,0.4,0.8,60.6,68.1,75.5,68.1,2.0,15.4,24.0,1.0,0.8,7.92,10.55,13.18,10.55,2.0,5.44,24.0,1.0,0.4,0.8,-9.1,-4.93,-0.77,-4.93,2.0,8.62,24.0,1.0,0.4,0.8,-8.83,-7.93,-7.02,-7.93,2.0,1.88,24.0,1.0,0.4,0.8,1023.08,1025.4,1027.72,1025.4,2.0,4.81,24.0,1.0,0.4,0.8,2.3,3.0,3.7,3.0,2.0,1.4,24.0,1.0,0.4,0.8,-132.4,-75.5,-18.7,-75.5,2.0,117.8,24.0,1.0,0.4,0.8,-119.2,-88.7,-58.3,-88.7,2.0,63.0,24.0,1.0,0.4,0.8,1.0,1.0,1.0,1.0,1.0,0.0,26.0,1.0,0.3,0.9,6.7,6.7,6.7,6.7,1.0,0.0,26.0,1.0,0.3,0.9,2.82,2.82,2.82,2.82,1.0,0.0,26.0,1.0,0.3,0.9,18.9,18.9,18.9,18.9,1.0,0.0,26.0,1.0,0.3,0.9,-120.8,-64.9,-9.1,-64.9,2.0,115.7,24.0,1.0,0.4,0.8,-118.8,-109.4,-100.0,-109.4,2.0,19.4,24.0,1.0,0.4,0.8,-47.8,-24.7,-1.5,-24.7,2.0,48.0,24.0,1.0,0.4,0.8,-52.2,-51.0,-49.8,-51.0,2.0,2.6,24.0,1.0,0.4,0.8,3.3,3.3,3.3,3.3,1.0,0.0,26.0,1.0,0.3,0.9,-18.6,-18.6,-18.6,-18.6,1.0,0.0,26.0,1.0,0.3,0.9,727.0,1643.5,2560.0,1643.5,2.0,1898.5,24.0,1.0,0.4,0.8,725.0,1645.0,2560.0,1645.0,2.0,1900.0,24.0,1.0,0.4,0.8
1974,2,234.0,31.0,13.59,15.4,16.04,15.08,11.0,1.3,18.0,0.3,0.6,0.5,13.53,14.25,16.17,15.15,10.0,2.41,16.0,0.3,0.7,0.4,7.67,8.34,9.02,8.28,10.0,0.98,16.0,0.3,0.7,0.4,73.3,80.3,85.9,78.4,10.0,9.4,16.0,0.3,0.4,4.53,7.7,9.3,7.46,10.0,2.95,16.0,0.3,0.7,0.4,-2.95,-0.7,3.36,0.21,10.0,4.06,16.0,0.3,0.7,0.4,-8.1,-4.88,2.81,-3.27,10.0,6.49,16.0,0.3,0.7,0.4,1018.38,1022.85,1025.57,1022.15,10.0,3.61,16.0,0.3,0.7,0.4,1.0,3.0,7.2,3.4,9.0,3.0,16.0,0.3,0.7,0.4,-25.6,-2.9,20.1,5.9,10.0,43.6,16.0,0.3,0.7,0.4,-70.3,-31.1,27.7,-27.0,10.0,63.9,16.0,0.3,0.7,0.4,-1.0,0.1,1.67,-0.32,9.0,2.82,16.0,0.3,0.7,0.4,-12.3,0.8,7.0,-5.5,9.0,20.2,16.0,0.3,0.7,0.4,1.25,2.16,3.1,2.18,9.0,0.99,16.0,0.3,0.7,0.4,9.1,13.9,19.7,13.6,9.0,5.2,16.0,0.3,0.7,0.4,-39.0,-10.2,53.7,1.6,10.0,63.5,16.0,0.3,0.7,0.4,-121.3,-73.9,47.6,-45.8,10.0,99.7,16.0,0.3,0.7,0.4,-22.2,-5.5,31.7,3.7,10.0,34.8,16.0,0.3,0.7,0.4,-60.9,-38.8,25.2,-24.6,10.0,55.3,16.0,0.3,0.7,0.4,-6.7,0.0,5.2,-0.5,9.0,5.9,16.0,0.3,0.7,0.4,-17.8,-6.9,8.7,-5.7,9.0,12.8,16.0,0.3,0.7,0.4,96.0,456.5,804.5,599.0,10.0,690.0,16.0,0.3,0.7,0.4,95.0,455.0,805.0,600.0,10.0,690.0,16.0,0.3,0.7,0.4
1974,2,234.0,32.0,12.38,13.6,15.37,13.91,9.0,1.71,10.0,0.3,0.6,0.6,12.53,13.4,13.4,13.09,9.0,0.55,10.0,0.3,0.6,0.6,6.22,6.8,7.18,6.46,8.0,1.16,12.0,0.3,0.5,0.7,65.9,73.9,76.1,69.5,8.0,11.3,12.0,0.3,0.7,3.0,7.7,9.87,6.28,9.0,3.66,10.0,0.3,0.6,0.6,-2.43,0.0,0.65,-0.15,9.0,3.31,10.0,0.3,0.6,0.6,-9.87,-4.6,-2.49,-5.37,9.0,3.77,10.0,0.3,0.6,0.6,1021.46,1026.0,1026.8,1024.71,9.0,3.54,10.0,0.3,0.6,0.6,0.8,4.0,7.7,4.1,9.0,3.1,10.0,0.3,0.6,0.6,-17.7,0.0,1.7,-1.2,9.0,25.2,10.0,0.3,0.6,0.6,-97.9,-21.2,-8.1,-44.7,9.0,43.7,10.0,0.3,0.6,0.6,-0.6,1.0,1.97,0.82,9.0,1.62,10.0,0.3,0.6,0.6,-5.6,2.6,10.2,1.9,9.0,11.5,10.0,0.3,0.6,0.6,1.99,3.21,5.37,3.38,8.0,1.65,12.0,0.3,0.5,0.7,7.6,13.9,27.5,17.1,8.0,15.4,12.0,0.3,0.5,0.7,-32.1,0.0,8.2,-1.7,9.0,43.9,10.0,0.3,0.6,0.6,-125.7,-63.9,-32.0,-69.5,9.0,48.0,10.0,0.3,0.6,0.6,-16.9,0.0,5.3,0.6,8.0,24.1,12.0,0.3,0.5,0.7,-38.6,-27.2,-16.6,-29.5,8.0,21.9,12.0,0.3,0.5,0.7,-7.7,0.0,2.2,1.5,8.0,11.3,12.0,0.3,0.5,0.7,-14.0,-10.2,-7.2,-13.9,8.0,14.9,12.0,0.3,0.5,0.7,31.5,456.5,975.5,456.5,9.0,470.5,10.0,0.3,0.6,0.6,30.0,455.0,975.0,455.0,9.0,470.0,10.0,0.3,0.6,0.6
1974,2,234.0,33.0,15.29,16.3,16.7,15.98,5.0,0.96,20.0,0.4,0.3,0.3,11.86,14.35,15.0,13.67,6.0,1.6,18.0,0.5,0.3,0.3,7.2,8.07,9.41,8.05,6.0,1.36,18.0,0.5,0.3,0.3,73.7,84.6,92.2,83.6,6.0,12.0,18.0,0.5,0.3,3.79,5.1,9.77,6.58,6.0,4.11,18.0,0.5,0.3,0.3,2.03,3.83,5.74,3.92,6.0,2.81,18.0,0.5,0.3,0.3,-5.36,-1.93,-0.36,-3.56,6.0,5.23,18.0,0.5,0.3,0.3,1022.14,1023.75,1024.91,1023.43,6.0,2.02,18.0,0.5,0.3,0.3,1.6,4.5,7.0,4.2,6.0,2.9,18.0,0.5,0.3,0.3,5.3,18.2,35.3,23.4,6.0,25.6,18.0,0.5,0.3,0.3,-60.4,-8.7,-0.9,-39.6,6.0,75.9,18.0,0.5,0.3,0.3,0.95,1.7,2.91,1.98,5.0,1.83,20.0,0.4,0.3,0.3,2.5,8.7,13.0,8.3,5.0,7.7,20.0,0.4,0.3,0.3,2.25,2.49,3.16,2.66,5.0,0.47,20.0,0.4,0.3,0.3,10.3,11.5,16.2,13.2,5.0,5.1,20.0,0.4,0.3,0.3,23.6,56.0,85.0,56.0,6.0,42.0,18.0,0.5,0.3,0.3,-68.4,-24.4,-5.1,-44.1,6.0,62.4,18.0,0.5,0.3,0.3,16.1,34.5,50.9,33.2,6.0,23.0,18.0,0.5,0.3,0.3,-37.0,-15.4,-2.8,-23.4,6.0,29.7,18.0,0.5,0.3,0.3,8.3,11.3,14.7,11.9,5.0,5.0,20.0,0.4,0.3,0.3,-8.3,-2.0,-0.9,-4.2,5.0,4.3,20.0,0.4,0.3,0.3,58.5,132.5,1077.0,616.0,6.0,1040.0,18.0,0.5,0.3,0.3,60.0,135.0,1075.0,615.0,6.0,1040.0,18.0,0.5,0.3,0.3
1974,2,234.0,34.0,12.33,14.1,14.45,13.43,4.0,1.65,10.0,0.8,0.7,0.4,11.39,11.85,12.42,11.9,4.0,0.71,10.0,0.8,0.7,0.4,5.78,5.87,6.0,5.89,4.0,0.13,10.0,0.8,0.7,0.4,66.3,68.3,72.5,69.4,4.0,4.3,10.0,0.8,0.4,5.6,7.2,10.42,7.98,4.0,3.53,10.0,0.8,0.7,0.4,-2.82,-1.79,0.57,-1.16,4.0,2.45,10.0,0.8,0.7,0.4,-10.27,-6.69,-4.85,-7.52,4.0,3.76,10.0,0.8,0.7,0.4,1025.06,1027.7,1029.29,1027.2,4.0,2.89,10.0,0.8,0.7,0.4,5.5,6.0,7.0,6.3,4.0,1.3,10.0,0.8,0.7,0.4,-25.8,-16.4,0.6,-12.8,4.0,17.4,10.0,0.8,0.7,0.4,-113.7,-48.6,-28.1,-69.9,4.0,64.8,10.0,0.8,0.7,0.4,-0.09,2.25,3.07,1.53,4.0,2.31,10.0,0.8,0.7,0.4,1.4,19.1,30.7,16.2,4.0,18.8,10.0,0.8,0.7,0.4,2.97,3.96,4.11,3.56,4.0,0.97,10.0,0.8,0.7,0.4,17.6,28.5,43.1,30.3,4.0,18.4,10.0,0.8,0.7,0.4,-33.5,-20.5,8.4,-13.0,4.0,30.1,10.0,0.8,0.7,0.4,-117.9,-76.9,-59.9,-88.4,4.0,42.4,10.0,0.8,0.7,0.4,-16.3,-10.6,3.3,-6.7,4.0,14.3,10.0,0.8,0.7,0.4,-60.6,-39.6,-28.3,-44.2,4.0,21.8,10.0,0.8,0.7,0.4,-11.3,-7.4,0.0,-5.7,4.0,7.7,10.0,0.8,0.7,0.4,-42.5,-26.5,-15.2,-28.7,4.0,18.8,10.0,0.8,0.7,0.4,194.0,378.5,1342.0,750.5,4.0,942.5,10.0,0.8,0.7,0.4,195.0,380.0,1340.0,750.0,4.0,940.0,10.0,0.8,0.7,0.4
1974,2,234.0,35.0,12.15,13.5,14.05,13.27,7.0,1.27,14.0,0.3,0.7,0.6,10.19,11.0,12.14,11.39,7.0,1.72,14.0,0.3,0.7,0.6,6.44,7.0,7.55,7.04,6.0,1.43,14.0,0.3,0.7,0.6,81.7,88.1,90.7,84.1,6.0,13.3,14.0,0.3,0.6,5.65,8.7,10.54,8.77,7.0,3.52,14.0,0.3,0.7,0.6,-1.52,0.0,3.18,1.27,7.0,3.28,14.0,0.3,0.7,0.6,-10.3,-8.57,3.72,-5.06,7.0,7.72,14.0,0.3,0.7,0.6,1022.71,1027.4,1029.52,1025.9,7.0,4.54,14.0,0.3,0.7,0.6,1.9,3.0,6.0,3.9,7.0,2.5,14.0,0.3,0.7,0.6,-13.4,0.0,19.1,16.4,7.0,46.7,14.0,0.3,0.7,0.6,-109.3,-74.5,18.3,-60.2,7.0,86.1,14.0,0.3,0.7,0.6,0.9,2.0,3.05,1.89,7.0,1.58,14.0,0.3,0.7,0.6,8.3,20.6,26.5,17.6,7.0,12.5,14.0,0.3,0.7,0.6,1.44,2.37,3.69,2.52,6.0,1.55,14.0,0.3,0.7,0.6,15.6,22.3,28.8,21.7,6.0,11.8,14.0,0.3,0.7,0.6,-16.0,0.0,45.9,14.5,7.0,34.9,14.0,0.3,0.7,0.6,-112.6,-90.0,54.7,-49.0,7.0,86.6,14.0,0.3,0.7,0.6,-10.8,0.0,33.2,9.7,6.0,25.8,14.0,0.3,0.7,0.6,-75.9,-49.3,34.2,-31.9,6.0,55.1,14.0,0.3,0.7,0.6,-3.8,0.0,3.6,1.1,6.0,6.3,14.0,0.3,0.7,0.6,-22.7,-20.3,8.9,-7.8,6.0,24.2,14.0,0.3,0.7,0.6,181.0,658.5,1215.0,981.5,7.0,1225.0,14.0,0.3,0.7,0.6,180.0,660.0,1215.0,980.0,7.0,1225.0,14.0,0.3,0.7,0.6
1974,2,234.0,36.0,10.42,11.1,11.85,11.4,18.0,1.64,12.0,0.8,0.5,0.6,10.0,10.65,11.7,10.83,22.0,1.05,14.0,0.8,0.5,0.6,5.91,6.67,7.25,6.6,17.0,0.85,14.0,0.8,0.5,0.6,72.9,83.0,88.9,82.3,17.0,9.6,14.0,0.8,0.6,5.1,8.2,11.13,8.22,21.0,3.98,12.0,0.8,0.5,0.6,0.0,2.8,5.02,2.27,21.0,3.51,12.0,0.8,0.5,0.6,-10.24,-7.52,-0.24,-6.22,21.0,5.34,12.0,0.8,0.5,0.6,1023.03,1026.1,1030.87,1025.17,22.0,6.41,14.0,0.8,0.5,0.6,1.3,7.0,8.0,5.1,22.0,3.0,14.0,0.8,0.5,0.6,0.0,21.9,43.6,20.2,21.0,33.4,12.0,0.8,0.5,0.6,-112.4,-59.3,-1.0,-67.1,21.0,83.3,12.0,0.8,0.5,0.6,-0.35,0.4,1.72,0.71,18.0,1.8,12.0,0.8,0.5,0.6,-2.6,3.6,10.1,4.2,17.0,9.3,12.0,0.8,0.5,0.6,0.26,2.0,2.57,1.8,14.0,1.36,14.0,0.7,0.5,0.6,1.6,11.0,24.2,15.7,13.0,14.1,14.0,0.7,0.5,0.6,0.0,27.9,60.0,24.2,21.0,39.4,12.0,0.8,0.5,0.6,-106.0,-76.7,-2.4,-66.6,21.0,59.2,12.0,0.8,0.5,0.6,-11.6,17.6,32.6,12.6,16.0,26.9,14.0,0.8,0.4,0.6,-55.0,-36.0,0.0,-35.9,16.0,38.6,14.0,0.8,0.4,0.6,-1.3,0.0,8.0,2.3,13.0,9.2,14.0,0.7,0.5,0.6,-23.1,-7.2,0.0,-12.8,13.0,14.1,14.0,0.7,0.5,0.6,132.5,551.5,1382.0,959.0,21.0,1399.5,12.0,0.8,0.5,0.6,135.0,550.0,1380.0,960.0,21.0,1400.0,12.0,0.8,0.5,0.6
1974,2,234.0,37.0,9.94,10.5,12.28,11.01,13.0,1.5,16.0,0.6,0.7,0.4,10.0,11.1,13.53,11.62,13.0,2.29,16.0,0.6,0.7,0.4,5.5,6.42,7.41,6.56,13.0,1.14,16.0,0.6,0.7,0.4,70.4,82.2,86.9,77.9,13.0,10.1,16.0,0.6,0.4,3.5,5.7,11.35,7.32,13.0,4.68,16.0,0.6,0.7,0.4,-0.31,3.55,5.41,2.35,13.0,3.4,16.0,0.6,0.7,0.4,-10.73,-2.56,0.77,-4.4,13.0,6.43,16.0,0.6,0.7,0.4,1019.36,1023.3,1027.93,1022.64,14.0,6.46,16.0,0.6,0.7,0.3,2.0,3.5,7.0,4.0,14.0,2.5,16.0,0.6,0.7,0.3,-1.6,12.8,43.8,12.0,13.0,30.9,16.0,0.6,0.7,0.4,-121.8,-11.1,2.8,-58.0,13.0,102.6,16.0,0.6,0.7,0.4,-3.12,-0.6,1.55,-0.62,13.0,2.1,16.0,0.6,0.7,0.4,-17.1,-1.7,7.2,-3.9,12.0,14.0,16.0,0.6,0.7,0.4,0.81,1.68,2.36,1.53,13.0,0.93,16.0,0.6,0.7,0.4,5.9,7.3,11.3,7.7,12.0,5.7,16.0,0.6,0.7,0.4,0.0,38.9,60.0,34.4,12.0,40.7,16.0,0.6,0.7,0.4,-109.5,-29.3,10.4,-34.8,12.0,53.0,16.0,0.6,0.7,0.4,0.0,22.2,36.1,20.3,12.0,23.2,16.0,0.6,0.7,0.4,-64.6,-14.3,6.3,-21.0,12.0,32.3,16.0,0.6,0.7,0.4,-1.2,2.6,9.9,3.4,12.0,5.8,16.0,0.6,0.7,0.4,-9.9,-1.8,2.3,-3.3,12.0,6.2,16.0,0.6,0.7,0.4,44.0,185.0,1462.0,942.5,13.0,1858.0,16.0,0.6,0.7,0.4,45.0,185.0,1460.0,945.0,13.0,1860.0,16.0,0.6,0.7,0.4
1974,2,234.0,38.0,11.0,11.0,11.0,11.0,1.0,0.0,12.0,0.0,0.6,0.5,8.38,10.2,11.81,10.1,4.0,2.46,18.0,0.3,0.5,0.4,6.42,6.42,6.42,6.42,1.0,0.0,12.0,0.0,0.6,0.5,82.2,82.2,82.2,82.2,1.0,0.0,12.0,0.0,0.5,9.62,10.3,14.87,12.2,3.0,4.19,14.0,0.0,0.6,0.4,-2.02,0.0,6.92,2.4,3.0,6.87,14.0,0.0,0.6,0.4,4.17,9.3,14.38,9.28,3.0,7.48,14.0,0.0,0.6,0.4,1013.49,1018.4,1018.67,1016.13,3.0,4.28,18.0,0.3,0.6,0.4,8.0,8.0,8.0,8.0,4.0,0.0,18.0,0.3,0.5,0.4,-34.3,0.0,71.3,18.1,3.0,78.9,14.0,0.0,0.6,0.4,40.0,86.5,221.7,129.8,3.0,138.3,14.0,0.0,0.6,0.4,0.5,0.5,0.5,0.5,1.0,0.0,12.0,0.0,0.6,0.5,4.7,4.7,4.7,4.7,1.0,0.0,12.0,0.0,0.6,0.5,1.66,1.66,1.66,1.66,1.0,0.0,12.0,0.0,0.6,0.5,15.4,15.4,15.4,15.4,1.0,0.0,12.0,0.0,0.6,0.5,-14.1,0.0,90.0,37.1,3.0,82.7,14.0,0.0,0.6,0.4,46.9,97.7,111.0,79.4,3.0,49.6,14.0,0.0,0.6,0.4,0.0,0.0,0.0,0.0,1.0,0.0,12.0,0.0,0.6,0.5,59.7,59.7,59.7,59.7,1.0,0.0,12.0,0.0,0.6,0.5,0.0,0.0,0.0,0.0,1.0,0.0,12.0,0.0,0.6,0.5,15.4,15.4,15.4,15.4,1.0,0.0,12.0,0.0,0.6,0.5,896.0,1092.5,3700.5,2270.0,3.0,2293.5,14.0,0.0,0.6,0.4,895.0,1095.0,3700.0,2270.0,3.0,2295.0,14.0,0.0,0.6,0.4
1974,2,234.0,39.0,8.75,8.9,10.0,9.14,7.0,0.8,12.0,0.3,0.5,0.5,8.38,10.0,11.58,10.05,8.0,1.73,14.0,0.4,0.6,0.5,5.11,6.25,6.58,5.95,8.0,0.81,14.0,0.4,0.6,0.5,78.3,79.6,82.7,79.1,8.0,10.2,14.0,0.4,0.5,5.17,6.95,11.13,7.46,8.0,3.14,14.0,0.4,0.6,0.5,0.0,0.0,3.93,1.01,8.0,2.35,14.0,0.4,0.6,0.5,-6.17,-4.38,8.3,-1.72,8.0,7.96,14.0,0.4,0.6,0.5,1019.37,1027.1,1032.12,1025.65,8.0,8.41,14.0,0.4,0.6,0.5,0.3,3.0,7.9,4.0,8.0,3.3,14.0,0.4,0.6,0.5,0.0,0.0,22.3,5.9,8.0,17.2,14.0,0.4,0.6,0.5,-44.6,-23.4,83.4,-5.4,8.0,81.1,14.0,0.4,0.6,0.5,-2.8,-1.2,0.56,-0.91,7.0,1.73,12.0,0.3,0.5,0.5,-16.1,-11.8,3.9,-7.6,7.0,10.1,12.0,0.3,0.5,0.5,0.65,0.72,2.16,1.17,7.0,0.75,12.0,0.3,0.5,0.5,4.9,7.1,8.6,7.0,7.0,3.2,12.0,0.3,0.5,0.5,0.0,0.0,40.0,10.3,8.0,24.1,14.0,0.4,0.6,0.5,-64.8,-45.6,83.5,-17.8,8.0,80.8,14.0,0.4,0.6,0.5,0.0,0.0,18.8,5.7,8.0,14.0,14.0,0.4,0.6,0.5,-38.8,-24.5,52.1,-9.7,8.0,49.6,14.0,0.4,0.6,0.5,-0.1,0.0,3.6,1.8,7.0,3.7,12.0,0.3,0.5,0.5,-8.2,-5.6,-1.6,-4.1,7.0,5.5,12.0,0.3,0.5,0.5,138.5,347.5,1387.5,607.0,8.0,587.5,14.0,0.4,0.6,0.5,140.0,345.0,1385.0,605.0,8.0,590.0,14.0,0.4,0.6,0.5
1974,2,234.0,40.0,8.64,9.5,11.11,9.79,19.0,1.21,16.0,0.5,0.7,0.5,9.0,10.65,11.59,10.59,20.0,1.46,16.0,0.5,0.7,0.5,5.3,6.1,7.19,6.26,19.0,0.94,16.0,0.5,0.7,0.5,67.1,78.2,88.2,79.6,19.0,10.1,16.0,0.5,0.5,3.69,7.7,15.4,9.25,21.0,6.96,16.0,0.5,0.7,0.5,-1.85,2.07,5.27,1.62,21.0,3.49,16.0,0.5,0.7,0.5,-6.4,-0.36,13.92,1.5,21.0,11.0,16.0,0.5,0.7,0.5,1018.12,1027.0,1030.0,1023.29,21.0,10.12,16.0,0.5,0.7,0.5,1.0,7.0,8.0,5.2,21.0,3.3,16.0,0.5,0.7,0.5,-23.9,4.3,40.6,7.8,21.0,48.7,16.0,0.5,0.7,0.5,-49.0,-0.8,197.2,55.4,21.0,214.5,16.0,0.5,0.7,0.5,-1.74,-0.8,1.1,-0.78,19.0,1.79,16.0,0.5,0.7,0.5,-20.3,-3.4,8.5,-5.3,19.0,14.7,16.0,0.5,0.7,0.5,0.17,1.32,2.33,1.23,18.0,1.07,14.0,0.6,0.7,0.5,0.2,8.0,19.7,9.5,18.0,10.6,14.0,0.6,0.7,0.5,0.0,24.2,55.4,20.3,20.0,36.7,16.0,0.5,0.7,0.5,-76.8,-9.9,129.7,8.0,20.0,116.6,16.0,0.5,0.7,0.5,0.0,15.2,32.9,14.0,19.0,18.8,16.0,0.5,0.7,0.5,-40.9,-9.2,41.9,3.8,19.0,70.5,16.0,0.5,0.7,0.5,-0.6,0.0,7.3,2.9,18.0,5.0,14.0,0.6,0.7,0.5,-14.9,-1.4,3.5,-5.1,18.0,12.1,14.0,0.6,0.7,0.5,50.5,456.5,3652.5,2376.0,21.0,4683.5,16.0,0.5,0.7,0.5,50.0,455.0,3650.0,2375.0,21.0,4685.0,16.0,0.5,0.7,0.5
1974,2,234.0,41.0,8.91,10.0,11.05,10.01,14.0,1.3,16.0,0.4,0.7,0.4,7.29,9.5,12.05,9.92,13.0,2.01,16.0,0.3,0.6,0.4,4.94,6.09,6.5,5.85,11.0,0.72,18.0,0.3,0.7,0.4,69.8,78.1,88.3,79.7,11.0,10.4,18.0,0.3,0.4,4.86,8.7,10.85,8.08,13.0,3.67,16.0,0.4,0.6,0.3,-2.07,2.56,3.76,1.53,13.0,3.74,16.0,0.4,0.6,0.3,-10.62,-1.97,8.07,-1.26,13.0,8.12,16.0,0.4,0.6,0.3,1002.53,1025.15,1029.69,1020.62,14.0,11.83,16.0,0.4,0.7,0.4,0.0,4.5,8.0,4.0,14.0,3.5,16.0,0.4,0.7,0.4,-22.5,13.1,41.4,10.7,13.0,36.6,16.0,0.4,0.6,0.3,-115.4,-4.1,71.5,-17.0,13.0,93.0,16.0,0.4,0.6,0.3,-2.08,0.6,2.44,0.09,13.0,2.39,16.0,0.3,0.6,0.4,-19.5,2.9,13.7,-1.3,12.0,19.0,16.0,0.3,0.6,0.3,0.81,1.26,2.74,1.61,11.0,1.03,18.0,0.3,0.7,0.4,4.8,7.9,20.9,11.8,10.0,8.4,16.0,0.3,0.7,0.3,-26.6,22.7,36.1,15.0,12.0,40.6,16.0,0.3,0.6,0.3,-107.4,-19.5,63.1,-14.3,12.0,86.5,16.0,0.3,0.6,0.3,8.2,16.0,27.4,16.7,10.0,18.0,16.0,0.3,0.7,0.3,-48.3,-10.5,49.9,-5.6,10.0,50.6,16.0,0.3,0.7,0.3,1.1,3.6,5.4,3.0,10.0,5.1,16.0,0.3,0.7,0.3,-18.9,-2.1,7.3,-3.8,10.0,13.2,16.0,0.3,0.7,0.3,121.5,658.5,1277.0,831.0,13.0,965.5,16.0,0.4,0.6,0.3,120.0,660.0,1275.0,830.0,13.0,965.0,16.0,0.4,0.6,0.3
1974,2,234.0,42.0,8.72,10.0,10.72,9.58,18.0,1.25,18.0,0.4,0.6,0.4,7.62,8.65,11.21,9.14,18.0,1.87,18.0,0.4,0.6,0.4,4.71,5.68,6.55,5.62,17.0,1.01,18.0,0.4,0.6,0.4,69.3,77.4,87.5,78.6,17.0,13.1,18.0,0.4,0.4,5.1,10.3,15.4,10.52,18.0,4.79,20.0,0.5,0.6,0.4,-2.18,4.68,8.2,3.22,18.0,5.2,20.0,0.5,0.6,0.4,-5.57,5.89,12.14,4.33,18.0,9.07,20.0,0.5,0.6,0.4,996.36,1021.2,1032.0,1016.28,19.0,15.47,20.0,0.5,0.6,0.4,1.7,6.0,8.0,5.2,18.0,3.1,18.0,0.5,0.6,0.4,-27.9,25.9,96.3,36.7,18.0,69.5,20.0,0.5,0.6,0.4,-35.7,60.6,160.3,61.3,18.0,140.2,20.0,0.5,0.6,0.4,-0.9,0.7,2.45,0.44,18.0,2.51,18.0,0.4,0.6,0.4,-6.6,7.0,39.0,7.5,17.0,29.6,20.0,0.5,0.6,0.4,0.37,1.87,2.58,1.77,17.0,1.24,18.0,0.4,0.6,0.4,3.7,13.3,33.4,17.1,16.0,13.2,20.0,0.4,0.6,0.4,-24.0,34.0,61.2,24.2,17.0,43.9,20.0,0.5,0.6,0.4,-60.1,40.4,107.6,36.6,17.0,82.9,20.0,0.5,0.6,0.4,-8.2,22.0,44.4,17.5,16.0,26.7,20.0,0.4,0.6,0.4,-42.1,26.5,77.8,22.0,16.0,59.0,20.0,0.4,0.6,0.4,-0.2,4.8,12.9,6.2,16.0,10.6,20.0,0.4,0.6,0.4,-5.6,2.5,23.8,5.8,16.0,17.1,20.0,0.4,0.6,0.4,132.5,1092.5,3652.5,1857.5,18.0,2138.5,20.0,0.5,0.6,0.4,135.0,1095.0,3650.0,1860.0,18.0,2140.0,20.0,0.5,0.6,0.4
1974,2,234.0,43.0,8.9,9.7,10.06,9.52,18.0,0.82,18.0,0.4,0.7,0.4,7.2,9.0,10.0,9.11,20.0,1.89,18.0,0.4,0.7,0.4,4.78,5.09,6.77,5.46,19.0,0.92,18.0,0.4,0.6,0.4,66.3,75.2,88.8,76.7,19.0,11.8,18.0,0.4,0.4,5.1,11.3,18.91,11.55,21.0,7.02,18.0,0.4,0.6,0.4,-3.02,2.63,5.86,2.11,21.0,4.65,18.0,0.4,0.6,0.4,-5.7,5.15,18.54,4.98,21.0,11.7,18.0,0.4,0.6,0.4,994.03,1025.5,1032.41,1016.61,21.0,16.43,18.0,0.4,0.6,0.4,0.7,6.5,8.0,4.9,18.0,3.2,16.0,0.4,0.6,0.4,-51.4,20.3,85.0,15.2,21.0,75.6,18.0,0.4,0.6,0.4,-34.4,45.4,349.2,103.9,21.0,233.2,18.0,0.4,0.6,0.4,-0.12,0.6,2.2,0.43,18.0,2.14,18.0,0.4,0.7,0.4,-0.7,8.2,24.7,2.9,18.0,29.0,18.0,0.4,0.7,0.4,0.96,1.99,2.71,1.83,17.0,0.9,18.0,0.5,0.7,0.4,8.2,14.3,30.4,19.8,17.0,16.3,18.0,0.5,0.7,0.4,-26.5,24.5,56.5,15.6,20.0,39.4,18.0,0.4,0.7,0.4,-50.9,38.9,177.2,50.7,20.0,109.4,18.0,0.4,0.7,0.4,-21.1,13.0,28.1,8.9,19.0,23.2,18.0,0.4,0.6,0.4,-30.8,24.7,119.8,30.1,19.0,72.7,18.0,0.4,0.6,0.4,-3.8,2.7,10.0,2.2,17.0,10.6,18.0,0.5,0.7,0.4,-13.4,7.9,24.0,7.8,17.0,22.4,18.0,0.5,0.7,0.4,132.5,1443.0,6767.0,3341.5,21.0,4811.0,18.0,0.4,0.6,0.4,135.0,1445.0,6765.0,3340.0,21.0,4810.0,18.0,0.4,0.6,0.4
1974,2,234.0,44.0,7.25,9.0,10.0,8.99,14.0,1.49,16.0,0.6,0.7,0.4,7.43,8.75,11.0,8.94,16.0,1.53,16.0,0.6,0.7,0.4,5.18,5.55,6.18,5.84,14.0,0.83,16.0,0.6,0.7,0.4,73.8,80.3,86.5,80.7,15.0,8.4,16.0,0.6,0.4,5.1,10.3,14.86,10.92,17.0,6.93,16.0,0.6,0.7,0.4,-3.15,2.12,4.08,1.61,17.0,5.17,16.0,0.6,0.7,0.4,-5.06,4.41,14.4,5.62,17.0,10.57,16.0,0.6,0.7,0.4,1003.3,1020.45,1029.66,1016.81,16.0,13.97,16.0,0.6,0.7,0.4,5.5,7.0,8.0,6.4,17.0,2.6,16.0,0.6,0.7,0.4,-35.5,9.5,79.2,24.8,17.0,90.6,16.0,0.6,0.7,0.4,-25.8,36.1,207.4,108.1,17.0,219.9,16.0,0.6,0.7,0.4,-3.99,0.65,1.95,-0.05,14.0,2.53,16.0,0.6,0.7,0.4,-43.6,5.6,12.2,-11.7,14.0,43.9,16.0,0.6,0.7,0.4,0.74,1.83,2.09,1.27,13.0,1.22,18.0,0.5,0.7,0.4,2.6,9.3,24.4,6.8,13.0,20.8,18.0,0.5,0.7,0.4,-25.8,19.9,48.0,18.2,16.0,49.8,16.0,0.6,0.7,0.4,-36.6,44.5,114.5,59.0,16.0,105.3,16.0,0.6,0.7,0.4,-11.4,15.7,37.4,14.9,14.0,32.4,16.0,0.6,0.7,0.4,-2.8,29.8,72.4,43.5,14.0,72.0,16.0,0.6,0.7,0.4,-7.6,3.1,6.1,1.7,13.0,8.4,18.0,0.5,0.7,0.4,-10.8,7.1,18.5,2.6,13.0,20.1,18.0,0.5,0.7,0.4,132.5,1092.5,3293.0,3068.5,17.0,5460.0,16.0,0.6,0.7,0.4,135.0,1095.0,3295.0,3070.0,17.0,5460.0,16.0,0.6,0.7,0.4
1974,2,234.0,45.0,6.92,9.05,10.18,8.71,12.0,1.6,16.0,0.5,0.6,0.4,7.0,8.3,9.88,8.64,13.0,1.55,16.0,0.6,0.6,0.4,4.74,5.52,6.31,5.52,11.0,0.83,16.0,0.6,0.6,0.5,73.7,85.9,89.8,82.0,11.0,9.7,16.0,0.6,0.5,5.77,7.45,12.08,9.63,12.0,6.17,16.0,0.5,0.6,0.4,2.02,4.19,5.51,3.42,12.0,4.57,16.0,0.5,0.6,0.4,-4.76,3.5,11.35,4.51,12.0,9.13,16.0,0.5,0.6,0.4,1008.07,1022.05,1034.87,1017.89,14.0,15.49,18.0,0.6,0.6,0.4,3.0,7.0,8.0,5.8,13.0,2.4,16.0,0.5,0.5,0.4,12.1,34.4,50.3,14.5,12.0,88.7,16.0,0.5,0.6,0.4,-25.7,19.6,137.3,86.1,12.0,204.0,16.0,0.5,0.6,0.4,-1.6,0.0,2.71,0.44,11.0,1.98,14.0,0.5,0.6,0.4,-13.3,-1.2,9.8,1.3,10.0,16.8,14.0,0.5,0.6,0.3,0.15,1.27,2.81,1.43,10.0,1.3,14.0,0.6,0.7,0.4,-0.5,11.3,20.9,11.5,9.0,11.5,14.0,0.6,0.6,0.4,16.2,35.3,55.0,28.9,11.0,35.4,16.0,0.5,0.6,0.4,-37.9,35.2,114.1,39.6,11.0,77.1,16.0,0.5,0.6,0.4,8.7,20.0,26.2,14.6,9.0,27.3,14.0,0.6,0.6,0.4,-21.5,23.8,63.3,26.5,9.0,56.1,14.0,0.6,0.6,0.4,-1.0,4.5,7.8,5.6,9.0,11.2,14.0,0.6,0.6,0.4,-8.9,-2.8,8.6,-0.1,9.0,11.0,14.0,0.6,0.6,0.4,195.0,448.5,1771.0,2335.5,12.0,5709.5,16.0,0.5,0.6,0.4,195.0,450.0,1770.0,2335.0,12.0,5710.0,16.0,0.5,0.6,0.4
1974,2,234.0,46.0,5.5,8.25,9.6,7.88,16.0,1.73,14.0,0.5,0.7,0.4,5.93,7.5,9.49,7.57,19.0,1.57,12.0,0.5,0.7,0.4,4.73,5.37,6.0,5.33,18.0,0.66,12.0,0.5,0.7,0.4,73.7,83.8,93.3,83.2,18.0,9.3,12.0,0.5,0.4,3.6,6.7,15.57,8.89,21.0,5.66,14.0,0.5,0.7,0.4,-1.64,3.55,6.21,2.52,21.0,6.15,14.0,0.5,0.7,0.4,-2.52,2.29,11.48,3.44,21.0,7.61,14.0,0.5,0.7,0.4,1008.35,1018.5,1030.99,1018.51,21.0,9.76,14.0,0.5,0.7,0.4,2.7,7.5,8.0,6.0,18.0,2.7,14.0,0.4,0.7,0.4,-16.9,22.4,76.1,13.0,21.0,101.5,14.0,0.5,0.7,0.4,-8.6,13.1,139.3,49.6,21.0,118.5,14.0,0.5,0.7,0.4,-1.91,0.0,1.89,-0.08,15.0,2.2,12.0,0.5,0.7,0.4,-13.1,0.0,10.2,-2.5,15.0,20.6,12.0,0.5,0.7,0.4,0.27,1.02,2.29,1.14,15.0,1.11,12.0,0.5,0.7,0.4,0.6,5.2,17.1,7.6,15.0,8.8,12.0,0.5,0.7,0.4,-13.2,26.3,48.5,19.1,19.0,42.9,12.0,0.5,0.7,0.4,-25.9,14.4,89.7,27.8,19.0,61.8,12.0,0.5,0.7,0.4,-10.3,16.0,27.7,7.9,18.0,31.7,12.0,0.5,0.7,0.4,-9.8,13.1,72.3,24.0,18.0,41.2,12.0,0.5,0.7,0.4,-2.4,1.6,7.9,3.6,15.0,6.4,12.0,0.5,0.7,0.4,-1.7,0.0,10.3,2.5,15.0,8.8,12.0,0.5,0.7,0.4,46.5,301.0,3797.5,1603.0,21.0,2332.0,14.0,0.5,0.7,0.4,45.0,300.0,3800.0,1605.0,21.0,2330.0,14.0,0.5,0.7,0.4
1974,2,234.0,47.0,7.23,8.15,9.46,8.22,16.0,1.17,18.0,0.7,0.7,0.5,5.98,7.9,8.75,7.6,16.0,1.33,18.0,0.7,0.7,0.5,4.45,5.24,6.04,5.2,15.0,0.75,18.0,0.7,0.7,0.5,73.4,79.9,93.2,80.7,15.0,10.9,18.0,0.7,0.5,3.48,7.7,12.1,7.78,16.0,4.37,18.0,0.7,0.7,0.5,-0.31,3.85,5.36,2.46,16.0,4.59,18.0,0.7,0.7,0.5,-3.45,2.9,8.66,3.06,16.0,6.79,18.0,0.7,0.7,0.5,1000.84,1008.5,1029.74,1011.31,17.0,14.73,18.0,0.7,0.7,0.5,6.0,7.0,7.8,6.3,15.0,1.9,18.0,0.7,0.6,0.5,-0.3,21.3,50.4,22.3,16.0,51.9,18.0,0.7,0.7,0.5,-21.8,16.4,105.1,39.4,16.0,87.8,18.0,0.7,0.7,0.5,-0.5,0.3,2.16,0.47,15.0,2.05,18.0,0.7,0.7,0.5,-3.7,2.2,15.4,3.8,14.0,20.1,18.0,0.6,0.6,0.5,0.38,1.54,2.4,1.57,14.0,1.03,18.0,0.6,0.7,0.5,1.8,13.5,19.3,12.1,13.0,10.7,18.0,0.6,0.7,0.5,-2.2,27.0,41.8,14.3,15.0,34.5,18.0,0.7,0.7,0.6,-31.6,7.0,53.5,18.8,15.0,53.1,18.0,0.7,0.7,0.6,-2.2,17.5,26.8,11.4,14.0,21.2,18.0,0.6,0.7,0.5,-25.8,13.2,41.7,16.0,14.0,38.9,18.0,0.6,0.7,0.5,-0.5,1.4,9.5,1.8,13.0,11.1,18.0,0.6,0.7,0.5,-4.3,0.6,16.3,3.7,13.0,11.5,18.0,0.6,0.7,0.5,44.5,456.5,1809.0,916.0,16.0,1268.0,18.0,0.7,0.7,0.5,45.0,455.0,1810.0,915.0,16.0,1270.0,18.0,0.7,0.7,0.5
1974,2,234.0,48.0,6.7,7.2,8.63,7.49,24.0,1.13,12.0,0.4,0.7,0.5,5.13,7.0,8.14,6.8,28.0,1.98,14.0,0.5,0.6,0.5,4.54,5.18,5.78,5.16,23.0,0.56,14.0,0.3,0.7,0.5,75.8,81.9,95.3,84.2,23.0,8.5,14.0,0.3,0.5,3.95,7.2,13.43,8.53,26.0,5.07,14.0,0.5,0.7,0.4,-4.43,1.82,8.64,2.37,26.0,6.3,14.0,0.5,0.7,0.4,-2.63,1.25,11.2,3.49,26.0,6.58,14.0,0.5,0.7,0.4,1009.14,1016.45,1028.64,1017.74,30.0,8.66,14.0,0.5,0.6,0.4,4.0,7.5,8.0,6.5,28.0,2.2,14.0,0.5,0.6,0.4,-50.2,6.1,87.4,22.0,26.0,79.3,14.0,0.5,0.7,0.4,-20.6,5.6,156.5,47.2,26.0,96.8,14.0,0.5,0.7,0.4,-1.38,0.45,3.03,0.45,24.0,2.29,12.0,0.4,0.7,0.5,-18.6,2.8,24.7,3.1,20.0,24.3,14.0,0.3,0.7,0.5,0.51,1.06,1.95,1.26,22.0,0.71,12.0,0.3,0.7,0.5,3.4,8.3,17.5,10.1,20.0,7.3,14.0,0.3,0.7,0.5,-31.1,8.0,63.1,16.2,24.0,48.5,14.0,0.4,0.7,0.4,-19.7,8.3,71.0,22.6,24.0,48.7,14.0,0.4,0.7,0.4,-25.3,6.2,42.1,10.9,21.0,34.6,14.0,0.3,0.7,0.5,-11.8,7.4,70.8,20.8,21.0,36.9,14.0,0.3,0.7,0.5,-3.1,1.8,11.2,3.1,20.0,8.3,14.0,0.3,0.7,0.5,-0.6,2.0,10.9,3.5,20.0,8.3,14.0,0.3,0.7,0.5,62.5,378.5,2425.0,1271.0,26.0,1534.5,14.0,0.5,0.7,0.4,60.0,380.0,2425.0,1270.0,26.0,1535.0,14.0,0.5,0.7,0.4
1974,2,234.0,49.0,7.1,7.1,7.1,7.1,1.0,0.0,10.0,0.0,0.8,0.1,5.7,5.7,5.7,5.7,1.0,0.0,10.0,0.0,0.8,0.1,4.95,4.95,4.95,4.95,1.0,0.0,10.0,0.0,0.8,0.1,88.8,88.8,88.8,88.8,1.0,0.0,10.0,0.0,0.1,1.0,1.0,1.0,1.0,1.0,0.0,10.0,0.0,0.8,0.1,0.77,0.77,0.77,0.77,1.0,0.0,10.0,0.0,0.8,0.1,-0.64,-0.64,-0.64,-0.64,1.0,0.0,10.0,0.0,0.8,0.1,1030.3,1030.3,1030.3,1030.3,1.0,0.0,10.0,0.0,0.8,0.1,6.0,6.0,6.0,6.0,1.0,0.0,10.0,0.0,0.8,0.1,0.8,0.8,0.8,0.8,1.0,0.0,10.0,0.0,0.8,0.1,-0.6,-0.6,-0.6,-0.6,1.0,0.0,10.0,0.0,0.8,0.1,1.4,1.4,1.4,1.4,1.0,0.0,10.0,0.0,0.8,0.1,1.4,1.4,1.4,1.4,1.0,0.0,10.0,0.0,0.8,0.1,1.19,1.19,1.19,1.19,1.0,0.0,10.0,0.0,0.8,0.1,1.2,1.2,1.2,1.2,1.0,0.0,10.0,0.0,0.8,0.1,4.4,4.4,4.4,4.4,1.0,0.0,10.0,0.0,0.8,0.1,-3.7,-3.7,-3.7,-3.7,1.0,0.0,10.0,0.0,0.8,0.1,3.8,3.8,3.8,3.8,1.0,0.0,10.0,0.0,0.8,0.1,-3.2,-3.2,-3.2,-3.2,1.0,0.0,10.0,0.0,0.8,0.1,0.9,0.9,0.9,0.9,1.0,0.0,10.0,0.0,0.8,0.1,-0.8,-0.8,-0.8,-0.8,1.0,0.0,10.0,0.0,0.8,0.1,1.0,1.0,1.0,1.0,1.0,0.0,10.0,0.0,0.8,0.1,0.0,0.0,0.0,0.0,1.0,0.0,10.0,0.0,0.8,0.1
1974,2,234.0,50.0,6.3,6.7,7.14,6.66,5.0,0.63,18.0,0.2,0.4,0.4,3.67,4.7,5.1,4.43,6.0,0.97,20.0,0.2,0.4,0.4,4.1,4.27,4.71,4.4,4.0,0.44,20.0,0.3,0.5,0.3,78.0,86.8,91.6,84.9,4.0,9.0,20.0,0.3,0.3,2.6,4.6,5.1,3.78,5.0,2.15,18.0,0.2,0.4,0.4,-4.63,-4.04,1.83,-1.67,5.0,4.22,18.0,0.2,0.4,0.4,-0.83,0.0,1.09,0.15,5.0,1.1,18.0,0.2,0.4,0.4,1004.43,1007.6,1015.65,1009.17,6.0,6.84,20.0,0.2,0.4,0.4,5.6,8.0,8.0,7.0,5.0,1.4,18.0,0.2,0.4,0.4,-22.2,-16.6,9.4,-7.2,5.0,20.6,18.0,0.2,0.4,0.4,-4.0,0.0,5.1,0.7,5.0,5.5,18.0,0.2,0.4,0.4,1.52,1.7,3.64,2.44,5.0,1.33,18.0,0.2,0.4,0.4,3.5,8.7,16.5,10.0,5.0,8.5,18.0,0.2,0.4,0.4,1.12,1.3,1.88,1.5,3.0,0.58,18.0,0.3,0.5,0.4,1.9,6.0,9.4,5.6,3.0,5.5,18.0,0.3,0.5,0.4,-21.4,-15.7,5.1,-9.1,5.0,15.8,18.0,0.2,0.4,0.4,-2.9,0.0,4.9,1.1,5.0,4.9,18.0,0.2,0.4,0.4,-13.5,0.0,14.3,0.4,3.0,20.4,18.0,0.3,0.5,0.4,-3.6,-3.5,-1.1,-2.4,3.0,2.1,18.0,0.3,0.5,0.4,-4.0,0.0,7.3,1.6,3.0,8.5,18.0,0.3,0.5,0.4,-1.6,-1.0,-0.3,-1.0,3.0,1.0,18.0,0.3,0.5,0.4,44.0,97.5,132.5,86.5,5.0,55.0,18.0,0.2,0.4,0.4,45.0,95.0,135.0,85.0,5.0,55.0,18.0,0.2,0.4,0.4
1974,2,235.0,-41.0,16.5,16.5,16.5,16.5,1.0,0.0,26.0,0.0,0.2,0.6,15.0,15.0,15.0,15.0,1.0,0.0,26.0,0.0,0.2,0.6,8.36,8.36,8.36,8.36,1.0,0.0,26.0,0.0,0.2,0.6,80.1,80.1,80.1,80.1,1.0,0.0,26.0,0.0,0.6,7.7,7.7,7.7,7.7,1.0,0.0,26.0,0.0,0.2,0.6,-7.58,-7.58,-7.58,-7.58,1.0,0.0,26.0,0.0,0.2,0.6,-1.34,-1.34,-1.34,-1.34,1.0,0.0,26.0,0.0,0.2,0.6,1025.0,1025.0,1025.0,1025.0,1.0,0.0,26.0,0.0,0.2,0.6,8.0,8.0,8.0,8.0,1.0,0.0,26.0,0.0,0.2,0.6,-58.4,-58.4,-58.4,-58.4,1.0,0.0,26.0,0.0,0.2,0.6,-10.3,-10.3,-10.3,-10.3,1.0,0.0,26.0,0.0,0.2,0.6,1.5,1.5,1.5,1.5,1.0,0.0,26.0,0.0,0.2,0.6,11.6,11.6,11.6,11.6,1.0,0.0,26.0,0.0,0.2,0.6,3.15,3.15,3.15,3.15,1.0,0.0,26.0,0.0,0.2,0.6,24.3,24.3,24.3,24.3,1.0,0.0,26.0,0.0,0.2,0.6,-113.7,-113.7,-113.7,-113.7,1.0,0.0,26.0,0.0,0.2,0.6,-20.1,-20.1,-20.1,-20.1,1.0,0.0,26.0,0.0,0.2,0.6,-63.4,-63.4,-63.4,-63.4,1.0,0.0,26.0,0.0,0.2,0.6,-11.2,-11.2,-11.2,-11.2,1.0,0.0,26.0,0.0,0.2,0.6,-23.9,-23.9,-23.9,-23.9,1.0,0.0,26.0,0.0,0.2,0.6,-4.2,-4.2,-4.2,-4.2,1.0,0.0,26.0,0.0,0.2,0.6,456.5,456.5,456.5,456.5,1.0,0.0,26.0,0.0,0.2,0.6,455.0,455.0,455.0,455.0,1.0,0.0,26.0,0.0,0.2,0.6
1974,2,235.0,-36.0,21.5,21.5,21.5,21.5,1.0,0.0,2.0,1.0,1.0,0.8,20.9,20.9,20.9,20.9,1.0,0.0,2.0,1.0,1.0,0.8,10.73,10.73,10.73,10.73,1.0,0.0,2.0,1.0,1.0,0.8,71.2,71.2,71.2,71.2,1.0,0.0,2.0,1.0,0.8,7.7,7.7,7.7,7.7,1.0,0.0,2.0,1.0,1.0,0.8,-7.58,-7.58,-7.58,-7.58,1.0,0.0,2.0,1.0,1.0,0.8,1.34,1.34,1.34,1.34,1.0,0.0,2.0,1.0,1.0,0.8,1031.6,1031.6,1031.6,1031.6,1.0,0.0,2.0,1.0,1.0,0.8,4.0,4.0,4.0,4.0,1.0,0.0,2.0,1.0,1.0,0.8,-58.4,-58.4,-58.4,-58.4,1.0,0.0,2.0,1.0,1.0,0.8,10.3,10.3,10.3,10.3,1.0,0.0,2.0,1.0,1.0,0.8,0.6,0.6,0.6,0.6,1.0,0.0,2.0,1.0,1.0,0.8,4.6,4.6,4.6,4.6,1.0,0.0,2.0,1.0,1.0,0.8,4.95,4.95,4.95,4.95,1.0,0.0,2.0,1.0,1.0,0.8,38.1,38.1,38.1,38.1,1.0,0.0,2.0,1.0,1.0,0.8,-158.5,-158.5,-158.5,-158.5,1.0,0.0,2.0,1.0,1.0,0.8,27.9,27.9,27.9,27.9,1.0,0.0,2.0,1.0,1.0,0.8,-81.4,-81.4,-81.4,-81.4,1.0,0.0,2.0,1.0,1.0,0.8,14.3,14.3,14.3,14.3,1.0,0.0,2.0,1.0,1.0,0.8,-37.5,-37.5,-37.5,-37.5,1.0,0.0,2.0,1.0,1.0,0.8,6.6,6.6,6.6,6.6,1.0,0.0,2.0,1.0,1.0,0.8,456.5,456.5,456.5,456.5,1.0,0.0,2.0,1.0,1.0,0.8,455.0,455.0,455.0,455.0,1.0,0.0,2.0,1.0,1.0,0.8
1974,2,235.0,-34.0,,,,,,,,,,,,,,,,,,,,,,,,,,,,,,,,,,,,,,,,10.0,10.0,10.0,10.0,1.0,0.0,12.0,1.0,0.5,0.1,6.43,6.43,6.43,6.43,1.0,0.0,12.0,1.0,0.5,0.1,-7.66,-7.66,-7.66,-7.66,1.0,0.0,12.0,1.0,0.5,0.1,1017.6,1017.6,1017.6,1017.6,1.0,0.0,12.0,1.0,0.5,0.1,,,,,,,,,,,,,,,,,,,,,,,,,,,,,,,,,,,,,,,,,,,,,,,,,,,,,,,,,,,,,,,,,,,,,,,,,,,,,,,,,,,,,,,,,,,,,,,,,,,,,,,,,,,,,,,,,,,,,,,,,,,,,,,,,,,,,,,,,,,,,,,,,,,,,,
1974,2,235.0,-33.0,25.1,25.1,25.1,25.1,1.0,0.0,24.0,1.0,0.7,0.3,25.3,25.3,25.3,25.3,1.0,0.0,24.0,1.0,0.7,0.3,15.47,15.47,15.47,15.47,1.0,0.0,24.0,1.0,0.7,0.3,77.6,77.6,77.6,77.6,1.0,0.0,24.0,1.0,0.3,5.1,5.1,5.1,5.1,1.0,0.0,24.0,1.0,0.7,0.3,3.91,3.91,3.91,3.91,1.0,0.0,24.0,1.0,0.7,0.3,-3.28,-3.28,-3.28,-3.28,1.0,0.0,24.0,1.0,0.7,0.3,1019.9,1019.9,1019.9,1019.9,1.0,0.0,24.0,1.0,0.7,0.3,8.0,8.0,8.0,8.0,1.0,0.0,24.0,1.0,0.7,0.3,19.9,19.9,19.9,19.9,1.0,0.0,24.0,1.0,0.7,0.3,-16.7,-16.7,-16.7,-16.7,1.0,0.0,24.0,1.0,0.7,0.3,-0.2,-0.2,-0.2,-0.2,1.0,0.0,24.0,1.0,0.7,0.3,-1.0,-1.0,-1.0,-1.0,1.0,0.0,24.0,1.0,0.7,0.3,4.29,4.29,4.29,4.29,1.0,0.0,24.0,1.0,0.7,0.3,21.9,21.9,21.9,21.9,1.0,0.0,24.0,1.0,0.7,0.3,98.8,98.8,98.8,98.8,1.0,0.0,24.0,1.0,0.7,0.3,-82.9,-82.9,-82.9,-82.9,1.0,0.0,24.0,1.0,0.7,0.3,60.4,60.4,60.4,60.4,1.0,0.0,24.0,1.0,0.7,0.3,-50.7,-50.7,-50.7,-50.7,1.0,0.0,24.0,1.0,0.7,0.3,16.8,16.8,16.8,16.8,1.0,0.0,24.0,1.0,0.7,0.3,-14.1,-14.1,-14.1,-14.1,1.0,0.0,24.0,1.0,0.7,0.3,132.5,132.5,132.5,132.5,1.0,0.0,24.0,1.0,0.7,0.3,135.0,135.0,135.0,135.0,1.0,0.0,24.0,1.0,0.7,0.3
1974,2,235.0,-32.0,26.7,26.7,26.7,26.7,1.0,0.0,4.0,0.0,0.6,0.9,24.0,24.0,24.0,24.0,1.0,0.0,4.0,0.0,0.6,0.9,15.62,15.62,15.62,15.62,1.0,0.0,4.0,0.0,0.6,0.9,84.9,84.9,84.9,84.9,1.0,0.0,4.0,0.0,0.9,9.8,9.8,9.8,9.8,1.0,0.0,4.0,0.0,0.6,0.9,-9.21,-9.21,-9.21,-9.21,1.0,0.0,4.0,0.0,0.6,0.9,-3.35,-3.35,-3.35,-3.35,1.0,0.0,4.0,0.0,0.6,0.9,1022.9,1022.9,1022.9,1022.9,1.0,0.0,4.0,0.0,0.6,0.9,8.0,8.0,8.0,8.0,1.0,0.0,4.0,0.0,0.6,0.9,-90.2,-90.2,-90.2,-90.2,1.0,0.0,4.0,0.0,0.6,0.9,-32.8,-32.8,-32.8,-32.8,1.0,0.0,4.0,0.0,0.6,0.9,2.7,2.7,2.7,2.7,1.0,0.0,4.0,0.0,0.6,0.9,26.5,26.5,26.5,26.5,1.0,0.0,4.0,0.0,0.6,0.9,6.07,6.07,6.07,6.07,1.0,0.0,4.0,0.0,0.6,0.9,59.5,59.5,59.5,59.5,1.0,0.0,4.0,0.0,0.6,0.9,-221.0,-221.0,-221.0,-221.0,1.0,0.0,4.0,0.0,0.6,0.9,-80.4,-80.4,-80.4,-80.4,1.0,0.0,4.0,0.0,0.6,0.9,-143.8,-143.8,-143.8,-143.8,1.0,0.0,4.0,0.0,0.6,0.9,-52.3,-52.3,-52.3,-52.3,1.0,0.0,4.0,0.0,0.6,0.9,-55.9,-55.9,-55.9,-55.9,1.0,0.0,4.0,0.0,0.6,0.9,-20.4,-20.4,-20.4,-20.4,1.0,0.0,4.0,0.0,0.6,0.9,941.0,941.0,941.0,941.0,1.0,0.0,4.0,0.0,0.6,0.9,940.0,940.0,940.0,940.0,1.0,0.0,4.0,0.0,0.6,0.9
1974,2,235.0,-31.0,24.1,24.1,24.1,24.1,1.0,0.0,2.0,1.0,0.9,0.2,24.1,24.1,24.1,24.1,1.0,0.0,2.0,1.0,0.9,0.2,12.25,12.25,12.25,12.25,1.0,0.0,2.0,1.0,0.9,0.2,66.6,66.6,66.6,66.6,1.0,0.0,2.0,1.0,0.2,10.8,10.8,10.8,10.8,1.0,0.0,2.0,1.0,0.9,0.2,-10.64,-10.64,-10.64,-10.64,1.0,0.0,2.0,1.0,0.9,0.2,1.88,1.88,1.88,1.88,1.0,0.0,2.0,1.0,0.9,0.2,1027.1,1027.1,1027.1,1027.1,1.0,0.0,2.0,1.0,0.9,0.2,2.0,2.0,2.0,2.0,1.0,0.0,2.0,1.0,0.9,0.2,-114.9,-114.9,-114.9,-114.9,1.0,0.0,2.0,1.0,0.9,0.2,20.3,20.3,20.3,20.3,1.0,0.0,2.0,1.0,0.9,0.2,0.0,0.0,0.0,0.0,1.0,0.0,2.0,1.0,0.9,0.2,0.0,0.0,0.0,0.0,1.0,0.0,2.0,1.0,0.9,0.2,6.22,6.22,6.22,6.22,1.0,0.0,2.0,1.0,0.9,0.2,67.1,67.1,67.1,67.1,1.0,0.0,2.0,1.0,0.9,0.2,-256.3,-256.3,-256.3,-256.3,1.0,0.0,2.0,1.0,0.9,0.2,45.2,45.2,45.2,45.2,1.0,0.0,2.0,1.0,0.9,0.2,-130.3,-130.3,-130.3,-130.3,1.0,0.0,2.0,1.0,0.9,0.2,23.0,23.0,23.0,23.0,1.0,0.0,2.0,1.0,0.9,0.2,-66.1,-66.1,-66.1,-66.1,1.0,0.0,2.0,1.0,0.9,0.2,11.7,11.7,11.7,11.7,1.0,0.0,2.0,1.0,0.9,0.2,1259.5,1259.5,1259.5,1259.5,1.0,0.0,2.0,1.0,0.9,0.2,1260.0,1260.0,1260.0,1260.0,1.0,0.0,2.0,1.0,0.9,0.2
1974,2,235.0,-30.0,25.9,25.9,25.9,25.9,1.0,0.0,14.0,0.0,0.7,0.3,24.4,24.4,24.4,24.4,1.0,0.0,14.0,0.0,0.7,0.3,13.63,13.63,13.63,13.63,1.0,0.0,14.0,0.0,0.7,0.3,72.3,72.3,72.3,72.3,1.0,0.0,14.0,0.0,0.3,2.6,2.6,2.6,2.6,1.0,0.0,14.0,0.0,0.7,0.3,1.67,1.67,1.67,1.67,1.0,0.0,14.0,0.0,0.7,0.3,-1.99,-1.99,-1.99,-1.99,1.0,0.0,14.0,0.0,0.7,0.3,1021.8,1021.8,1021.8,1021.8,1.0,0.0,14.0,0.0,0.7,0.3,8.0,8.0,8.0,8.0,1.0,0.0,14.0,0.0,0.7,0.3,4.3,4.3,4.3,4.3,1.0,0.0,14.0,0.0,0.7,0.3,-5.2,-5.2,-5.2,-5.2,1.0,0.0,14.0,0.0,0.7,0.3,1.5,1.5,1.5,1.5,1.0,0.0,14.0,0.0,0.7,0.3,3.9,3.9,3.9,3.9,1.0,0.0,14.0,0.0,0.7,0.3,7.07,7.07,7.07,7.07,1.0,0.0,14.0,0.0,0.7,0.3,18.4,18.4,18.4,18.4,1.0,0.0,14.0,0.0,0.7,0.3,40.8,40.8,40.8,40.8,1.0,0.0,14.0,0.0,0.7,0.3,-48.6,-48.6,-48.6,-48.6,1.0,0.0,14.0,0.0,0.7,0.3,22.8,22.8,22.8,22.8,1.0,0.0,14.0,0.0,0.7,0.3,-27.1,-27.1,-27.1,-27.1,1.0,0.0,14.0,0.0,0.7,0.3,11.8,11.8,11.8,11.8,1.0,0.0,14.0,0.0,0.7,0.3,-14.1,-14.1,-14.1,-14.1,1.0,0.0,14.0,0.0,0.7,0.3,17.5,17.5,17.5,17.5,1.0,0.0,14.0,0.0,0.7,0.3,20.0,20.0,20.0,20.0,1.0,0.0,14.0,0.0,0.7,0.3
1974,2,235.0,-29.0,26.7,26.7,26.7,26.7,1.0,0.0,28.0,0.0,1.0,0.7,25.0,25.0,25.0,25.0,1.0,0.0,28.0,0.0,1.0,0.7,15.92,15.92,15.92,15.92,1.0,0.0,28.0,0.0,1.0,0.7,81.4,81.4,81.4,81.4,1.0,0.0,28.0,0.0,0.7,4.6,4.6,4.6,4.6,1.0,0.0,28.0,0.0,1.0,0.7,-3.52,-3.52,-3.52,-3.52,1.0,0.0,28.0,0.0,1.0,0.7,-2.96,-2.96,-2.96,-2.96,1.0,0.0,28.0,0.0,1.0,0.7,1022.1,1022.1,1022.1,1022.1,1.0,0.0,28.0,0.0,1.0,0.7,0.0,0.0,0.0,0.0,1.0,0.0,28.0,0.0,1.0,0.7,-16.2,-16.2,-16.2,-16.2,1.0,0.0,28.0,0.0,1.0,0.7,-13.6,-13.6,-13.6,-13.6,1.0,0.0,28.0,0.0,1.0,0.7,1.7,1.7,1.7,1.7,1.0,0.0,28.0,0.0,1.0,0.7,7.8,7.8,7.8,7.8,1.0,0.0,28.0,0.0,1.0,0.7,5.78,5.78,5.78,5.78,1.0,0.0,28.0,0.0,1.0,0.7,26.6,26.6,26.6,26.6,1.0,0.0,28.0,0.0,1.0,0.7,-88.1,-88.1,-88.1,-88.1,1.0,0.0,28.0,0.0,1.0,0.7,-73.9,-73.9,-73.9,-73.9,1.0,0.0,28.0,0.0,1.0,0.7,-56.1,-56.1,-56.1,-56.1,1.0,0.0,28.0,0.0,1.0,0.7,-47.1,-47.1,-47.1,-47.1,1.0,0.0,28.0,0.0,1.0,0.7,-20.4,-20.4,-20.4,-20.4,1.0,0.0,28.0,0.0,1.0,0.7,-17.1,-17.1,-17.1,-17.1,1.0,0.0,28.0,0.0,1.0,0.7,97.5,97.5,97.5,97.5,1.0,0.0,28.0,0.0,1.0,0.7,95.0,95.0,95.0,95.0,1.0,0.0,28.0,0.0,1.0,0.7
1974,2,235.0,-28.0,25.9,25.9,25.9,25.9,1.0,0.0,20.0,1.0,0.6,0.3,25.0,25.0,25.0,25.0,1.0,0.0,20.0,1.0,0.6,0.3,15.12,15.12,15.12,15.12,1.0,0.0,20.0,1.0,0.6,0.3,77.5,77.5,77.5,77.5,1.0,0.0,20.0,1.0,0.3,8.7,8.7,8.7,8.7,1.0,0.0,20.0,1.0,0.6,0.3,-8.18,-8.18,-8.18,-8.18,1.0,0.0,20.0,1.0,0.6,0.3,2.98,2.98,2.98,2.98,1.0,0.0,20.0,1.0,0.6,0.3,1024.0,1024.0,1024.0,1024.0,1.0,0.0,20.0,1.0,0.6,0.3,3.0,3.0,3.0,3.0,1.0,0.0,20.0,1.0,0.6,0.3,-71.1,-71.1,-71.1,-71.1,1.0,0.0,20.0,1.0,0.6,0.3,25.9,25.9,25.9,25.9,1.0,0.0,20.0,1.0,0.6,0.3,0.9,0.9,0.9,0.9,1.0,0.0,20.0,1.0,0.6,0.3,7.8,7.8,7.8,7.8,1.0,0.0,20.0,1.0,0.6,0.3,5.53,5.53,5.53,5.53,1.0,0.0,20.0,1.0,0.6,0.3,48.1,48.1,48.1,48.1,1.0,0.0,20.0,1.0,0.6,0.3,-204.4,-204.4,-204.4,-204.4,1.0,0.0,20.0,1.0,0.6,0.3,74.4,74.4,74.4,74.4,1.0,0.0,20.0,1.0,0.6,0.3,-123.6,-123.6,-123.6,-123.6,1.0,0.0,20.0,1.0,0.6,0.3,45.0,45.0,45.0,45.0,1.0,0.0,20.0,1.0,0.6,0.3,-45.2,-45.2,-45.2,-45.2,1.0,0.0,20.0,1.0,0.6,0.3,16.5,16.5,16.5,16.5,1.0,0.0,20.0,1.0,0.6,0.3,658.5,658.5,658.5,658.5,1.0,0.0,20.0,1.0,0.6,0.3,660.0,660.0,660.0,660.0,1.0,0.0,20.0,1.0,0.6,0.3
1974,2,235.0,-25.0,26.0,26.0,26.0,26.0,1.0,0.0,2.0,0.0,0.8,0.7,25.6,25.6,25.6,25.6,1.0,0.0,2.0,0.0,0.8,0.7,15.34,15.34,15.34,15.34,1.0,0.0,2.0,0.0,0.8,0.7,75.7,75.7,75.7,75.7,1.0,0.0,2.0,0.0,0.7,6.2,6.2,6.2,6.2,1.0,0.0,2.0,0.0,0.8,0.7,0.0,0.0,0.0,0.0,1.0,0.0,2.0,0.0,0.8,0.7,6.2,6.2,6.2,6.2,1.0,0.0,2.0,0.0,0.8,0.7,1022.4,1022.4,1022.4,1022.4,1.0,0.0,2.0,0.0,0.8,0.7,7.0,7.0,7.0,7.0,1.0,0.0,2.0,0.0,0.8,0.7,0.0,0.0,0.0,0.0,1.0,0.0,2.0,0.0,0.8,0.7,38.4,38.4,38.4,38.4,1.0,0.0,2.0,0.0,0.8,0.7,0.4,0.4,0.4,0.4,1.0,0.0,2.0,0.0,0.8,0.7,2.5,2.5,2.5,2.5,1.0,0.0,2.0,0.0,0.8,0.7,5.47,5.47,5.47,5.47,1.0,0.0,2.0,0.0,0.8,0.7,33.9,33.9,33.9,33.9,1.0,0.0,2.0,0.0,0.8,0.7,0.0,0.0,0.0,0.0,1.0,0.0,2.0,0.0,0.8,0.7,158.7,158.7,158.7,158.7,1.0,0.0,2.0,0.0,0.8,0.7,0.0,0.0,0.0,0.0,1.0,0.0,2.0,0.0,0.8,0.7,95.1,95.1,95.1,95.1,1.0,0.0,2.0,0.0,0.8,0.7,0.0,0.0,0.0,0.0,1.0,0.0,2.0,0.0,0.8,0.7,33.9,33.9,33.9,33.9,1.0,0.0,2.0,0.0,0.8,0.7,238.5,238.5,238.5,238.5,1.0,0.0,2.0,0.0,0.8,0.7,240.0,240.0,240.0,240.0,1.0,0.0,2.0,0.0,0.8,0.7
1974,2,235.0,-24.0,,,,,,,,,,,,,,,,,,,,,,,,,,,,,,,,,,,,,,,,6.2,6.2,6.2,6.2,1.0,0.0,2.0,0.0,0.2,0.9,-3.99,-3.99,-3.99,-3.99,1.0,0.0,2.0,0.0,0.2,0.9,4.75,4.75,4.75,4.75,1.0,0.0,2.0,0.0,0.2,0.9,1016.6,1016.6,1016.6,1016.6,1.0,0.0,2.0,0.0,0.2,0.9,5.0,5.0,5.0,5.0,1.0,0.0,2.0,0.0,0.2,0.9,-24.7,-24.7,-24.7,-24.7,1.0,0.0,2.0,0.0,0.2,0.9,29.4,29.4,29.4,29.4,1.0,0.0,2.0,0.0,0.2,0.9,,,,,,,,,,,,,,,,,,,,,,,,,,,,,,,,,,,,,,,,,-100.0,-100.0,-100.0,-100.0,1.0,0.0,2.0,0.0,0.2,0.9,119.2,119.2,119.2,119.2,1.0,0.0,2.0,0.0,0.2,0.9,-65.0,-65.0,-65.0,-65.0,1.0,0.0,2.0,0.0,0.2,0.9,77.5,77.5,77.5,77.5,1.0,0.0,2.0,0.0,0.2,0.9,,,,,,,,,,,,,,,,,,,,,,,,,,,,,,,,,,,,,,,,
1974,2,235.0,-23.0,26.29,26.9,27.51,26.9,2.0,1.27,16.0,1.0,0.4,0.4,25.76,26.1,26.44,26.1,2.0,0.71,16.0,1.0,0.4,0.4,13.1,13.5,13.9,13.5,2.0,0.83,16.0,1.0,0.4,0.4,63.9,64.5,65.2,64.5,2.0,1.3,16.0,1.0,0.4,5.5,7.45,9.4,7.45,2.0,4.03,16.0,1.0,0.4,0.4,-9.3,-7.14,-4.99,-7.14,2.0,4.47,16.0,1.0,0.4,0.4,0.37,1.15,1.93,1.15,2.0,1.63,16.0,1.0,0.4,0.4,1018.74,1019.25,1019.76,1019.25,2.0,1.06,16.0,1.0,0.4,0.4,3.0,3.0,3.0,3.0,2.0,0.0,16.0,1.0,0.4,0.4,-92.2,-62.2,-32.3,-62.2,2.0,62.1,16.0,1.0,0.4,0.4,1.7,5.3,8.9,5.3,2.0,7.5,16.0,1.0,0.4,0.4,-0.16,0.8,1.76,0.8,2.0,1.98,16.0,1.0,0.4,0.4,1.3,10.0,18.6,10.0,2.0,18.0,16.0,1.0,0.4,0.4,7.34,8.56,9.78,8.56,2.0,2.52,16.0,1.0,0.4,0.4,43.1,68.8,94.6,68.8,2.0,53.3,16.0,1.0,0.4,0.4,-238.7,-184.8,-131.0,-184.8,2.0,111.5,16.0,1.0,0.4,0.4,9.7,30.6,51.5,30.6,2.0,43.3,16.0,1.0,0.4,0.4,-120.8,-94.6,-68.3,-94.6,2.0,54.4,16.0,1.0,0.4,0.4,5.1,16.2,27.3,16.2,2.0,22.9,16.0,1.0,0.4,0.4,-93.9,-66.7,-39.6,-66.7,2.0,56.2,16.0,1.0,0.4,0.4,2.5,7.8,13.1,7.8,2.0,11.0,16.0,1.0,0.4,0.4,255.5,595.0,935.0,595.0,2.0,704.0,16.0,1.0,0.4,0.4,255.0,595.0,935.0,595.0,2.0,705.0,16.0,1.0,0.4,0.4
1974,2,235.0,-22.0,27.3,27.5,27.7,27.5,2.0,0.42,26.0,0.5,0.5,0.4,24.83,24.9,24.97,24.9,2.0,0.14,26.0,0.5,0.5,0.4,14.47,14.61,14.75,14.61,2.0,0.29,26.0,0.5,0.5,0.4,73.8,74.9,76.0,74.9,2.0,2.3,26.0,0.5,0.4,8.7,8.7,8.7,8.7,2.0,0.0,26.0,0.5,0.5,0.4,-8.57,-8.57,-8.57,-8.57,2.0,0.0,26.0,0.5,0.5,0.4,-1.03,0.0,1.03,0.0,2.0,2.14,26.0,0.5,0.5,0.4,1016.78,1017.8,1018.82,1017.8,2.0,2.12,26.0,0.5,0.5,0.4,4.3,5.0,5.7,5.0,2.0,1.4,26.0,0.5,0.5,0.4,-74.5,-74.5,-74.5,-74.5,2.0,0.0,26.0,0.5,0.5,0.4,-9.0,0.0,9.0,0.0,2.0,18.6,26.0,0.5,0.5,0.4,2.33,2.6,2.87,2.6,2.0,0.57,26.0,0.5,0.5,0.4,20.2,22.6,25.0,22.6,2.0,4.9,26.0,0.5,0.5,0.4,8.14,8.25,8.37,8.25,2.0,0.24,26.0,0.5,0.5,0.4,70.8,71.8,72.8,71.8,2.0,2.1,26.0,0.5,0.5,0.4,-213.9,-213.3,-212.8,-213.3,2.0,1.2,26.0,0.5,0.5,0.4,-25.8,-0.2,25.5,-0.2,2.0,53.2,26.0,0.5,0.5,0.4,-126.4,-125.2,-124.0,-125.2,2.0,2.5,26.0,0.5,0.5,0.4,-14.8,0.3,15.4,0.3,2.0,31.2,26.0,0.5,0.5,0.4,-71.7,-70.7,-69.7,-70.7,2.0,2.0,26.0,0.5,0.5,0.4,-8.3,0.3,8.8,0.3,2.0,17.6,26.0,0.5,0.5,0.4,658.5,658.5,658.5,658.5,2.0,0.0,26.0,0.5,0.5,0.4,660.0,660.0,660.0,660.0,2.0,0.0,26.0,0.5,0.5,0.4
1974,2,235.0,-16.0,26.0,26.0,26.0,26.0,1.0,0.0,4.0,0.0,0.7,0.5,24.5,24.5,24.5,24.5,1.0,0.0,4.0,0.0,0.7,0.5,16.12,16.12,16.12,16.12,1.0,0.0,4.0,0.0,0.7,0.5,84.4,84.4,84.4,84.4,1.0,0.0,4.0,0.0,0.5,4.1,4.1,4.1,4.1,1.0,0.0,4.0,0.0,0.7,0.5,-4.04,-4.04,-4.04,-4.04,1.0,0.0,4.0,0.0,0.7,0.5,0.71,0.71,0.71,0.71,1.0,0.0,4.0,0.0,0.7,0.5,1015.5,1015.5,1015.5,1015.5,1.0,0.0,4.0,0.0,0.7,0.5,6.0,6.0,6.0,6.0,1.0,0.0,4.0,0.0,0.7,0.5,-16.6,-16.6,-16.6,-16.6,1.0,0.0,4.0,0.0,0.7,0.5,2.9,2.9,2.9,2.9,1.0,0.0,4.0,0.0,0.7,0.5,1.5,1.5,1.5,1.5,1.0,0.0,4.0,0.0,0.7,0.5,6.2,6.2,6.2,6.2,1.0,0.0,4.0,0.0,0.7,0.5,4.83,4.83,4.83,4.83,1.0,0.0,4.0,0.0,0.7,0.5,19.8,19.8,19.8,19.8,1.0,0.0,4.0,0.0,0.7,0.5,-98.9,-98.9,-98.9,-98.9,1.0,0.0,4.0,0.0,0.7,0.5,17.4,17.4,17.4,17.4,1.0,0.0,4.0,0.0,0.7,0.5,-65.1,-65.1,-65.1,-65.1,1.0,0.0,4.0,0.0,0.7,0.5,11.5,11.5,11.5,11.5,1.0,0.0,4.0,0.0,0.7,0.5,-19.5,-19.5,-19.5,-19.5,1.0,0.0,4.0,0.0,0.7,0.5,3.4,3.4,3.4,3.4,1.0,0.0,4.0,0.0,0.7,0.5,69.0,69.0,69.0,69.0,1.0,0.0,4.0,0.0,0.7,0.5,70.0,70.0,70.0,70.0,1.0,0.0,4.0,0.0,0.7,0.5
1974,2,235.0,-14.0,25.0,25.0,25.0,25.0,1.0,0.0,24.0,0.0,0.5,0.5,24.6,24.6,24.6,24.6,1.0,0.0,24.0,0.0,0.5,0.5,17.52,17.52,17.52,17.52,1.0,0.0,24.0,0.0,0.5,0.5,90.8,90.8,90.8,90.8,1.0,0.0,24.0,0.0,0.5,7.7,7.7,7.7,7.7,1.0,0.0,24.0,0.0,0.5,0.5,-7.7,-7.7,-7.7,-7.7,1.0,0.0,24.0,0.0,0.5,0.5,0.0,0.0,0.0,0.0,1.0,0.0,24.0,0.0,0.5,0.5,1012.7,1012.7,1012.7,1012.7,1.0,0.0,24.0,0.0,0.5,0.5,8.0,8.0,8.0,8.0,1.0,0.0,24.0,0.0,0.5,0.5,-59.3,-59.3,-59.3,-59.3,1.0,0.0,24.0,0.0,0.5,0.5,0.0,0.0,0.0,0.0,1.0,0.0,24.0,0.0,0.5,0.5,0.4,0.4,0.4,0.4,1.0,0.0,24.0,0.0,0.5,0.5,3.1,3.1,3.1,3.1,1.0,0.0,24.0,0.0,0.5,0.5,2.27,2.27,2.27,2.27,1.0,0.0,24.0,0.0,0.5,0.5,17.4,17.4,17.4,17.4,1.0,0.0,24.0,0.0,0.5,0.5,-189.4,-189.4,-189.4,-189.4,1.0,0.0,24.0,0.0,0.5,0.5,0.0,0.0,0.0,0.0,1.0,0.0,24.0,0.0,0.5,0.5,-134.9,-134.9,-134.9,-134.9,1.0,0.0,24.0,0.0,0.5,0.5,0.0,0.0,0.0,0.0,1.0,0.0,24.0,0.0,0.5,0.5,-17.4,-17.4,-17.4,-17.4,1.0,0.0,24.0,0.0,0.5,0.5,0.0,0.0,0.0,0.0,1.0,0.0,24.0,0.0,0.5,0.5,456.5,456.5,456.5,456.5,1.0,0.0,24.0,0.0,0.5,0.5,455.0,455.0,455.0,455.0,1.0,0.0,24.0,0.0,0.5,0.5
1974,2,235.0,-13.0,25.5,25.5,25.5,25.5,1.0,0.0,28.0,0.0,0.2,0.4,24.0,24.0,24.0,24.0,1.0,0.0,28.0,0.0,0.2,0.4,15.42,15.42,15.42,15.42,1.0,0.0,28.0,0.0,0.2,0.4,83.3,83.3,83.3,83.3,1.0,0.0,28.0,0.0,0.4,7.2,7.2,7.2,7.2,1.0,0.0,28.0,0.0,0.2,0.4,-7.2,-7.2,-7.2,-7.2,1.0,0.0,28.0,0.0,0.2,0.4,0.0,0.0,0.0,0.0,1.0,0.0,28.0,0.0,0.2,0.4,1017.0,1017.0,1017.0,1017.0,1.0,0.0,28.0,0.0,0.2,0.4,4.0,4.0,4.0,4.0,1.0,0.0,28.0,0.0,0.2,0.4,-51.8,-51.8,-51.8,-51.8,1.0,0.0,28.0,0.0,0.2,0.4,0.0,0.0,0.0,0.0,1.0,0.0,28.0,0.0,0.2,0.4,1.5,1.5,1.5,1.5,1.0,0.0,28.0,0.0,0.2,0.4,10.8,10.8,10.8,10.8,1.0,0.0,28.0,0.0,0.2,0.4,4.88,4.88,4.88,4.88,1.0,0.0,28.0,0.0,0.2,0.4,35.2,35.2,35.2,35.2,1.0,0.0,28.0,0.0,0.2,0.4,-172.8,-172.8,-172.8,-172.8,1.0,0.0,28.0,0.0,0.2,0.4,0.0,0.0,0.0,0.0,1.0,0.0,28.0,0.0,0.2,0.4,-111.0,-111.0,-111.0,-111.0,1.0,0.0,28.0,0.0,0.2,0.4,0.0,0.0,0.0,0.0,1.0,0.0,28.0,0.0,0.2,0.4,-35.2,-35.2,-35.2,-35.2,1.0,0.0,28.0,0.0,0.2,0.4,0.0,0.0,0.0,0.0,1.0,0.0,28.0,0.0,0.2,0.4,373.0,373.0,373.0,373.0,1.0,0.0,28.0,0.0,0.2,0.4,375.0,375.0,375.0,375.0,1.0,0.0,28.0,0.0,0.2,0.4
1974,2,235.0,-9.0,26.0,26.0,26.0,26.0,1.0,0.0,18.0,1.0,0.9,0.9,26.0,26.0,26.0,26.0,1.0,0.0,18.0,1.0,0.9,0.9,15.52,15.52,15.52,15.52,1.0,0.0,18.0,1.0,0.9,0.9,73.9,73.9,73.9,73.9,1.0,0.0,18.0,1.0,0.9,9.3,9.3,9.3,9.3,1.0,0.0,18.0,1.0,0.9,0.9,-8.74,-8.74,-8.74,-8.74,1.0,0.0,18.0,1.0,0.9,0.9,3.18,3.18,3.18,3.18,1.0,0.0,18.0,1.0,0.9,0.9,1010.2,1010.2,1010.2,1010.2,1.0,0.0,18.0,1.0,0.9,0.9,3.0,3.0,3.0,3.0,1.0,0.0,18.0,1.0,0.9,0.9,-81.3,-81.3,-81.3,-81.3,1.0,0.0,18.0,1.0,0.9,0.9,29.6,29.6,29.6,29.6,1.0,0.0,18.0,1.0,0.9,0.9,0.0,0.0,0.0,0.0,1.0,0.0,18.0,1.0,0.9,0.9,0.0,0.0,0.0,0.0,1.0,0.0,18.0,1.0,0.9,0.9,5.54,5.54,5.54,5.54,1.0,0.0,18.0,1.0,0.9,0.9,51.5,51.5,51.5,51.5,1.0,0.0,18.0,1.0,0.9,0.9,-227.2,-227.2,-227.2,-227.2,1.0,0.0,18.0,1.0,0.9,0.9,82.7,82.7,82.7,82.7,1.0,0.0,18.0,1.0,0.9,0.9,-135.6,-135.6,-135.6,-135.6,1.0,0.0,18.0,1.0,0.9,0.9,49.4,49.4,49.4,49.4,1.0,0.0,18.0,1.0,0.9,0.9,-48.4,-48.4,-48.4,-48.4,1.0,0.0,18.0,1.0,0.9,0.9,17.6,17.6,17.6,17.6,1.0,0.0,18.0,1.0,0.9,0.9,804.5,804.5,804.5,804.5,1.0,0.0,18.0,1.0,0.9,0.9,805.0,805.0,805.0,805.0,1.0,0.0,18.0,1.0,0.9,0.9
1974,2,235.0,-8.0,25.5,25.5,25.66,25.58,4.0,0.15,20.0,0.8,0.6,0.6,24.81,26.05,26.56,25.7,4.0,1.21,20.0,0.8,0.6,0.6,16.28,16.84,17.07,16.68,4.0,0.52,20.0,0.8,0.6,0.6,77.4,80.8,84.3,80.9,4.0,4.3,20.0,0.8,0.6,7.53,9.0,9.0,8.3,4.0,1.4,20.0,0.8,0.6,0.6,-8.46,-8.46,-6.51,-7.53,4.0,1.85,20.0,0.8,0.6,0.6,3.08,3.08,3.55,3.3,4.0,0.45,20.0,0.8,0.6,0.6,1008.0,1009.05,1011.57,1009.75,4.0,2.32,20.0,0.8,0.6,0.6,4.0,5.5,7.0,5.5,4.0,2.1,20.0,0.8,0.6,0.6,-76.1,-76.1,-51.7,-64.4,4.0,23.3,20.0,0.8,0.6,0.6,26.1,27.7,27.7,27.0,4.0,1.5,20.0,0.8,0.6,0.6,-1.06,-0.4,0.83,-0.12,4.0,1.22,20.0,0.8,0.6,0.6,-9.5,-3.6,5.3,-2.2,4.0,9.1,20.0,0.8,0.6,0.6,3.59,3.81,4.13,3.86,4.0,0.41,20.0,0.8,0.6,0.6,29.0,32.4,34.3,31.7,4.0,3.3,20.0,0.8,0.6,0.6,-224.6,-220.3,-163.2,-195.1,4.0,54.2,20.0,0.8,0.6,0.6,80.1,81.7,89.2,84.6,4.0,7.5,20.0,0.8,0.6,0.6,-144.3,-142.4,-106.6,-126.3,4.0,33.7,20.0,0.8,0.6,0.6,51.8,52.5,58.3,55.0,4.0,5.8,20.0,0.8,0.6,0.6,-32.2,-30.5,-24.7,-28.6,4.0,5.3,20.0,0.8,0.6,0.6,11.1,11.7,14.8,12.9,4.0,3.2,20.0,0.8,0.6,0.6,472.0,729.0,729.0,606.5,4.0,245.5,20.0,0.8,0.6,0.6,470.0,730.0,730.0,605.0,4.0,245.0,20.0,0.8,0.6,0.6
1974,2,235.0,-7.0,24.74,25.25,25.76,25.25,2.0,1.06,4.0,0.0,0.7,0.5,24.02,24.05,24.08,24.05,2.0,0.07,4.0,0.0,0.7,0.5,16.54,16.83,17.11,16.83,2.0,0.59,4.0,0.0,0.7,0.5,88.7,90.0,91.3,90.0,2.0,2.7,4.0,0.0,0.5,2.92,3.6,4.28,3.6,2.0,1.41,4.0,0.0,0.7,0.5,-4.02,-3.38,-2.74,-3.38,2.0,1.33,4.0,0.0,0.7,0.5,1.0,1.23,1.46,1.23,2.0,0.48,4.0,0.0,0.7,0.5,1010.02,1010.05,1010.08,1010.05,2.0,0.07,4.0,0.0,0.7,0.5,3.2,3.5,3.8,3.5,2.0,0.7,4.0,0.0,0.7,0.5,-17.7,-13.1,-8.5,-13.1,2.0,9.6,4.0,0.0,0.7,0.5,3.1,4.8,6.5,4.8,2.0,3.5,4.0,0.0,0.7,0.5,0.72,1.2,1.68,1.2,2.0,0.99,4.0,0.0,0.7,0.5,2.5,5.0,7.6,5.0,2.0,5.3,4.0,0.0,0.7,0.5,2.99,3.33,3.67,3.33,2.0,0.7,4.0,0.0,0.7,0.5,9.0,12.5,16.0,12.5,2.0,7.2,4.0,0.0,0.7,0.5,-96.9,-81.4,-65.9,-81.4,2.0,32.2,4.0,0.0,0.7,0.5,24.0,29.6,35.3,29.6,2.0,11.7,4.0,0.0,0.7,0.5,-69.1,-57.3,-45.6,-57.3,2.0,24.3,4.0,0.0,0.7,0.5,16.6,20.9,25.1,20.9,2.0,8.9,4.0,0.0,0.7,0.5,-15.0,-11.7,-8.4,-11.7,2.0,6.8,4.0,0.0,0.7,0.5,3.1,4.3,5.5,4.3,2.0,2.5,4.0,0.0,0.7,0.5,30.0,57.5,84.5,57.5,2.0,56.5,4.0,0.0,0.7,0.5,30.0,55.0,85.0,55.0,2.0,55.0,4.0,0.0,0.7,0.5
1974,2,235.0,-6.0,24.32,25.0,25.68,25.0,3.0,1.0,12.0,0.3,0.5,0.7,25.6,26.9,28.2,26.9,2.0,2.69,14.0,0.5,0.6,0.7,15.87,16.58,17.28,16.58,2.0,1.46,14.0,0.5,0.6,0.7,72.5,75.1,77.8,75.1,2.0,5.4,14.0,0.5,0.7,5.29,5.7,6.72,6.0,3.0,1.08,12.0,0.3,0.5,0.7,-6.51,-5.02,-3.54,-5.02,3.0,2.18,12.0,0.3,0.5,0.7,0.28,0.89,3.65,1.94,3.0,2.63,12.0,0.3,0.5,0.7,1010.71,1013.3,1014.46,1012.6,3.0,2.82,12.0,0.3,0.5,0.7,1.3,2.0,2.7,2.0,3.0,1.0,12.0,0.3,0.5,0.7,-43.5,-25.6,-19.2,-31.2,3.0,18.5,12.0,0.3,0.5,0.7,1.4,4.5,20.6,10.9,3.0,15.1,12.0,0.3,0.5,0.7,-3.88,-1.9,0.08,-1.9,2.0,4.1,14.0,0.5,0.6,0.7,-21.9,-10.1,1.7,-10.1,2.0,24.4,14.0,0.5,0.6,0.7,1.7,3.21,4.72,3.21,2.0,3.13,14.0,0.5,0.6,0.7,11.0,22.3,33.7,22.3,2.0,23.6,14.0,0.5,0.6,0.7,-164.5,-131.0,-97.6,-131.0,2.0,69.2,14.0,0.5,0.6,0.7,22.6,71.1,119.6,71.1,2.0,100.5,14.0,0.5,0.6,0.7,-102.1,-81.1,-60.0,-81.1,2.0,43.6,14.0,0.5,0.6,0.7,13.8,43.5,73.1,43.5,2.0,61.5,14.0,0.5,0.6,0.7,-33.3,-20.9,-8.6,-20.9,2.0,25.6,14.0,0.5,0.6,0.7,0.8,2.5,4.1,2.5,2.0,3.5,14.0,0.5,0.6,0.7,149.5,185.0,313.5,230.5,3.0,126.5,12.0,0.3,0.5,0.7,150.0,185.0,315.0,230.0,3.0,125.0,12.0,0.3,0.5,0.7
1974,2,235.0,0.0,26.0,26.0,26.0,26.0,1.0,0.0,22.0,1.0,1.0,0.5,25.0,25.0,25.0,25.0,1.0,0.0,22.0,1.0,1.0,0.5,16.9,16.9,16.9,16.9,1.0,0.0,22.0,1.0,1.0,0.5,85.0,85.0,85.0,85.0,1.0,0.0,22.0,1.0,0.5,5.7,5.7,5.7,5.7,1.0,0.0,22.0,1.0,1.0,0.5,-4.94,-4.94,-4.94,-4.94,1.0,0.0,22.0,1.0,1.0,0.5,2.85,2.85,2.85,2.85,1.0,0.0,22.0,1.0,1.0,0.5,1005.6,1005.6,1005.6,1005.6,1.0,0.0,22.0,1.0,1.0,0.5,7.0,7.0,7.0,7.0,1.0,0.0,22.0,1.0,1.0,0.5,-28.1,-28.1,-28.1,-28.1,1.0,0.0,22.0,1.0,1.0,0.5,16.2,16.2,16.2,16.2,1.0,0.0,22.0,1.0,1.0,0.5,1.0,1.0,1.0,1.0,1.0,0.0,22.0,1.0,1.0,0.5,5.7,5.7,5.7,5.7,1.0,0.0,22.0,1.0,1.0,0.5,4.26,4.26,4.26,4.26,1.0,0.0,22.0,1.0,1.0,0.5,24.3,24.3,24.3,24.3,1.0,0.0,22.0,1.0,1.0,0.5,-123.4,-123.4,-123.4,-123.4,1.0,0.0,22.0,1.0,1.0,0.5,71.3,71.3,71.3,71.3,1.0,0.0,22.0,1.0,1.0,0.5,-83.4,-83.4,-83.4,-83.4,1.0,0.0,22.0,1.0,1.0,0.5,48.2,48.2,48.2,48.2,1.0,0.0,22.0,1.0,1.0,0.5,-21.0,-21.0,-21.0,-21.0,1.0,0.0,22.0,1.0,1.0,0.5,12.1,12.1,12.1,12.1,1.0,0.0,22.0,1.0,1.0,0.5,185.0,185.0,185.0,185.0,1.0,0.0,22.0,1.0,1.0,0.5,185.0,185.0,185.0,185.0,1.0,0.0,22.0,1.0,1.0,0.5
1974,2,235.0,10.0,27.0,27.0,27.0,27.0,1.0,0.0,20.0,1.0,0.1,0.4,25.0,25.0,25.0,25.0,1.0,0.0,20.0,1.0,0.1,0.4,15.32,15.32,15.32,15.32,1.0,0.0,20.0,1.0,0.1,0.4,77.5,77.5,77.5,77.5,1.0,0.0,20.0,1.0,0.4,9.3,9.3,9.3,9.3,1.0,0.0,20.0,1.0,0.1,0.4,-8.05,-8.05,-8.05,-8.05,1.0,0.0,20.0,1.0,0.1,0.4,-4.65,-4.65,-4.65,-4.65,1.0,0.0,20.0,1.0,0.1,0.4,1010.8,1010.8,1010.8,1010.8,1.0,0.0,20.0,1.0,0.1,0.4,7.0,7.0,7.0,7.0,1.0,0.0,20.0,1.0,0.1,0.4,-74.9,-74.9,-74.9,-74.9,1.0,0.0,20.0,1.0,0.1,0.4,-43.2,-43.2,-43.2,-43.2,1.0,0.0,20.0,1.0,0.1,0.4,2.0,2.0,2.0,2.0,1.0,0.0,20.0,1.0,0.1,0.4,18.6,18.6,18.6,18.6,1.0,0.0,20.0,1.0,0.1,0.4,7.03,7.03,7.03,7.03,1.0,0.0,20.0,1.0,0.1,0.4,65.3,65.3,65.3,65.3,1.0,0.0,20.0,1.0,0.1,0.4,-201.4,-201.4,-201.4,-201.4,1.0,0.0,20.0,1.0,0.1,0.4,-116.2,-116.2,-116.2,-116.2,1.0,0.0,20.0,1.0,0.1,0.4,-123.4,-123.4,-123.4,-123.4,1.0,0.0,20.0,1.0,0.1,0.4,-71.2,-71.2,-71.2,-71.2,1.0,0.0,20.0,1.0,0.1,0.4,-56.6,-56.6,-56.6,-56.6,1.0,0.0,20.0,1.0,0.1,0.4,-32.7,-32.7,-32.7,-32.7,1.0,0.0,20.0,1.0,0.1,0.4,804.5,804.5,804.5,804.5,1.0,0.0,20.0,1.0,0.1,0.4,805.0,805.0,805.0,805.0,1.0,0.0,20.0,1.0,0.1,0.4
1974,2,235.0,13.0,24.03,24.1,24.17,24.1,3.0,0.1,16.0,0.0,0.6,0.4,22.04,23.2,23.54,22.8,3.0,1.15,16.0,0.0,0.6,0.4,13.17,13.2,13.5,13.33,3.0,0.27,16.0,0.0,0.6,0.4,74.6,75.0,80.5,77.5,3.0,4.8,16.0,0.0,0.4,7.7,7.7,8.04,7.87,3.0,0.29,16.0,0.0,0.6,0.4,-3.85,-3.85,-3.14,-3.5,3.0,0.6,16.0,0.0,0.6,0.4,-7.38,-6.67,-6.67,-7.01,3.0,0.6,16.0,0.0,0.6,0.4,1013.52,1014.2,1015.09,1014.3,3.0,1.15,16.0,0.0,0.6,0.4,3.6,7.0,7.0,5.3,3.0,2.9,16.0,0.0,0.6,0.4,-29.6,-29.6,-25.1,-27.4,3.0,3.8,16.0,0.0,0.6,0.4,-59.4,-51.3,-51.3,-55.3,3.0,6.8,16.0,0.0,0.6,0.4,0.59,1.0,2.02,1.3,3.0,1.08,16.0,0.0,0.6,0.4,4.5,7.7,16.4,10.4,3.0,9.0,16.0,0.0,0.6,0.4,5.16,5.36,5.59,5.37,3.0,0.31,16.0,0.0,0.6,0.4,40.5,43.8,43.9,42.3,3.0,2.8,16.0,0.0,0.6,0.4,-90.6,-89.3,-69.5,-80.3,3.0,17.3,16.0,0.0,0.6,0.4,-163.2,-158.0,-155.8,-159.5,3.0,5.6,16.0,0.0,0.6,0.4,-51.9,-50.6,-41.3,-46.7,3.0,8.5,16.0,0.0,0.6,0.4,-98.3,-91.0,-88.7,-93.5,3.0,7.3,16.0,0.0,0.6,0.4,-21.1,-19.5,-16.5,-18.8,3.0,3.5,16.0,0.0,0.6,0.4,-40.3,-37.9,-35.1,-37.7,3.0,3.8,16.0,0.0,0.6,0.4,456.5,456.5,521.5,488.0,3.0,55.0,16.0,0.0,0.6,0.4,455.0,455.0,520.0,490.0,3.0,55.0,16.0,0.0,0.6,0.4
1974,2,235.0,14.0,24.0,24.0,24.0,24.0,1.0,0.0,10.0,1.0,0.7,0.8,24.0,24.0,24.0,24.0,1.0,0.0,10.0,1.0,0.7,0.8,15.51,15.51,15.51,15.51,1.0,0.0,10.0,1.0,0.7,0.8,83.3,83.3,83.3,83.3,1.0,0.0,10.0,1.0,0.8,6.7,6.7,6.7,6.7,1.0,0.0,10.0,1.0,0.7,0.8,-5.8,-5.8,-5.8,-5.8,1.0,0.0,10.0,1.0,0.7,0.8,-3.35,-3.35,-3.35,-3.35,1.0,0.0,10.0,1.0,0.7,0.8,1010.9,1010.9,1010.9,1010.9,1.0,0.0,10.0,1.0,0.7,0.8,5.0,5.0,5.0,5.0,1.0,0.0,10.0,1.0,0.7,0.8,-38.9,-38.9,-38.9,-38.9,1.0,0.0,10.0,1.0,0.7,0.8,-22.4,-22.4,-22.4,-22.4,1.0,0.0,10.0,1.0,0.7,0.8,0.0,0.0,0.0,0.0,1.0,0.0,10.0,1.0,0.7,0.8,0.0,0.0,0.0,0.0,1.0,0.0,10.0,1.0,0.7,0.8,3.14,3.14,3.14,3.14,1.0,0.0,10.0,1.0,0.7,0.8,21.0,21.0,21.0,21.0,1.0,0.0,10.0,1.0,0.7,0.8,-139.3,-139.3,-139.3,-139.3,1.0,0.0,10.0,1.0,0.7,0.8,-80.4,-80.4,-80.4,-80.4,1.0,0.0,10.0,1.0,0.7,0.8,-90.0,-90.0,-90.0,-90.0,1.0,0.0,10.0,1.0,0.7,0.8,-52.0,-52.0,-52.0,-52.0,1.0,0.0,10.0,1.0,0.7,0.8,-18.2,-18.2,-18.2,-18.2,1.0,0.0,10.0,1.0,0.7,0.8,-10.5,-10.5,-10.5,-10.5,1.0,0.0,10.0,1.0,0.7,0.8,301.0,301.0,301.0,301.0,1.0,0.0,10.0,1.0,0.7,0.8,300.0,300.0,300.0,300.0,1.0,0.0,10.0,1.0,0.7,0.8
1974,2,235.0,15.0,23.3,23.3,23.3,23.3,2.0,0.0,20.0,0.5,0.7,0.6,22.37,22.75,23.13,22.75,2.0,0.78,20.0,0.5,0.7,0.6,14.03,14.46,14.89,14.46,2.0,0.89,20.0,0.5,0.7,0.6,80.2,84.4,88.7,84.4,2.0,8.8,20.0,0.5,0.6,8.27,9.5,10.73,9.5,2.0,2.55,20.0,0.5,0.7,0.6,-9.17,-7.84,-6.52,-7.84,2.0,2.75,20.0,0.5,0.7,0.6,-5.54,-5.3,-5.06,-5.3,2.0,0.5,20.0,0.5,0.7,0.6,1014.47,1016.55,1018.63,1016.55,2.0,4.31,20.0,0.5,0.7,0.6,7.2,7.5,7.8,7.5,2.0,0.7,20.0,0.5,0.7,0.6,-100.2,-78.0,-55.8,-78.0,2.0,46.1,20.0,0.5,0.7,0.6,-59.8,-51.0,-42.2,-51.0,2.0,18.2,20.0,0.5,0.7,0.6,0.17,0.55,0.93,0.55,2.0,0.78,20.0,0.5,0.7,0.6,1.3,4.2,7.1,4.2,2.0,6.0,20.0,0.5,0.7,0.6,2.92,3.31,3.71,3.31,2.0,0.82,20.0,0.5,0.7,0.6,24.7,32.5,40.3,32.5,2.0,16.2,20.0,0.5,0.7,0.6,-212.6,-179.5,-146.4,-179.5,2.0,68.6,20.0,0.5,0.7,0.6,-128.2,-120.8,-113.3,-120.8,2.0,15.4,20.0,0.5,0.7,0.6,-128.0,-112.2,-96.4,-112.2,2.0,32.7,20.0,0.5,0.7,0.6,-77.6,-76.4,-75.2,-76.4,2.0,2.4,20.0,0.5,0.7,0.6,-34.6,-27.1,-19.6,-27.1,2.0,15.5,20.0,0.5,0.7,0.6,-20.6,-17.8,-14.9,-17.8,2.0,6.0,20.0,0.5,0.7,0.6,613.0,949.5,1286.5,949.5,2.0,697.5,20.0,0.5,0.7,0.6,615.0,950.0,1285.0,950.0,2.0,695.0,20.0,0.5,0.7,0.6
1974,2,235.0,16.0,24.09,24.5,26.21,25.13,3.0,1.64,18.0,1.0,0.8,0.4,21.79,22.4,23.43,22.6,4.0,1.06,14.0,0.8,0.7,0.4,10.12,12.76,14.98,12.56,4.0,2.95,14.0,0.8,0.7,0.4,61.4,77.4,85.6,73.7,4.0,15.4,14.0,0.8,0.4,4.1,5.65,7.99,6.03,4.0,2.31,14.0,0.8,0.7,0.4,-5.33,-3.7,-2.35,-3.83,4.0,2.22,14.0,0.8,0.7,0.4,-6.38,-3.82,-1.71,-4.03,4.0,2.75,14.0,0.8,0.7,0.4,1014.37,1015.55,1018.3,1016.3,4.0,2.83,14.0,0.8,0.7,0.4,5.4,7.0,7.5,6.5,4.0,1.7,14.0,0.8,0.7,0.4,-37.9,-15.2,-11.6,-24.3,4.0,22.6,14.0,0.8,0.7,0.4,-49.9,-28.5,-7.0,-28.5,4.0,24.7,14.0,0.8,0.7,0.4,1.54,2.5,2.84,2.2,3.0,0.98,18.0,1.0,0.8,0.4,8.7,10.3,21.1,14.8,3.0,9.9,18.0,1.0,0.8,0.4,5.45,6.61,8.43,6.93,3.0,2.2,18.0,1.0,0.8,0.4,32.0,57.5,63.8,48.1,3.0,24.7,18.0,1.0,0.8,0.4,-124.2,-80.7,-51.4,-87.5,4.0,54.3,14.0,0.8,0.7,0.4,-148.6,-89.2,-37.2,-92.8,4.0,64.9,14.0,0.8,0.7,0.4,-80.8,-47.4,-25.0,-52.6,4.0,38.9,14.0,0.8,0.7,0.4,-76.5,-43.8,-21.5,-48.8,4.0,32.8,14.0,0.8,0.7,0.4,-36.1,-18.9,-13.9,-24.9,3.0,17.0,18.0,1.0,0.8,0.4,-56.6,-37.0,-16.4,-36.5,3.0,29.4,18.0,1.0,0.8,0.4,69.0,221.0,522.5,292.5,4.0,283.0,14.0,0.8,0.7,0.4,70.0,220.0,525.0,290.0,4.0,285.0,14.0,0.8,0.7,0.4
1974,2,235.0,17.0,20.9,21.75,22.6,21.75,2.0,1.77,20.0,0.5,0.6,0.3,20.16,20.5,20.84,20.5,2.0,0.71,20.0,0.5,0.6,0.3,11.1,11.45,11.81,11.45,2.0,0.74,20.0,0.5,0.6,0.3,73.1,77.1,81.0,77.1,2.0,8.2,20.0,0.5,0.3,7.85,9.25,10.65,9.25,2.0,2.9,20.0,0.5,0.6,0.3,-10.01,-8.69,-7.38,-8.69,2.0,2.72,20.0,0.5,0.6,0.3,-3.64,-3.16,-2.69,-3.16,2.0,0.99,20.0,0.5,0.6,0.3,1018.16,1018.5,1018.84,1018.5,2.0,0.71,20.0,0.5,0.6,0.3,8.0,8.0,8.0,8.0,2.0,0.0,20.0,0.5,0.6,0.3,-108.7,-84.4,-60.0,-84.4,2.0,50.4,20.0,0.5,0.6,0.3,-39.6,-30.7,-21.8,-30.7,2.0,18.3,20.0,0.5,0.6,0.3,0.06,1.25,2.44,1.25,2.0,2.47,20.0,0.5,0.6,0.3,2.4,15.2,27.9,15.2,2.0,26.5,20.0,0.5,0.6,0.3,4.22,4.72,5.22,4.72,2.0,1.04,20.0,0.5,0.6,0.3,33.9,45.1,56.4,45.1,2.0,23.3,20.0,0.5,0.6,0.3,-201.2,-177.2,-153.2,-177.2,2.0,49.7,20.0,0.5,0.6,0.3,-73.2,-64.5,-55.8,-64.5,2.0,18.1,20.0,0.5,0.6,0.3,-118.7,-100.5,-82.4,-100.5,2.0,37.6,20.0,0.5,0.6,0.3,-43.2,-36.6,-30.0,-36.6,2.0,13.7,20.0,0.5,0.6,0.3,-53.0,-42.4,-31.9,-42.4,2.0,21.9,20.0,0.5,0.6,0.3,-19.3,-15.4,-11.6,-15.4,2.0,8.0,20.0,0.5,0.6,0.3,543.0,908.0,1273.0,908.0,2.0,756.5,20.0,0.5,0.6,0.3,545.0,910.0,1275.0,910.0,2.0,755.0,20.0,0.5,0.6,0.3
1974,2,235.0,18.0,21.53,22.65,23.67,22.6,4.0,1.3,18.0,0.8,0.6,0.6,19.21,20.1,21.0,20.02,6.0,0.99,18.0,0.7,0.6,0.7,9.86,10.98,12.85,11.27,6.0,1.43,18.0,0.7,0.6,0.7,68.8,77.0,87.3,78.1,6.0,10.6,18.0,0.7,0.7,4.58,10.25,13.08,9.1,6.0,4.46,18.0,0.7,0.6,0.7,-10.79,-6.69,-3.6,-7.13,6.0,4.14,18.0,0.7,0.6,0.7,-7.8,-5.41,-1.97,-5.03,6.0,3.27,18.0,0.7,0.6,0.7,1017.48,1018.0,1019.21,1018.27,6.0,1.07,18.0,0.7,0.6,0.7,6.4,8.0,8.0,7.2,6.0,1.6,18.0,0.7,0.6,0.7,-143.5,-72.3,-17.1,-79.1,6.0,66.8,18.0,0.7,0.6,0.7,-94.9,-47.4,-13.7,-53.1,6.0,44.3,18.0,0.7,0.6,0.7,1.99,2.65,3.26,2.63,4.0,0.79,18.0,0.8,0.6,0.6,24.0,28.5,36.3,30.1,4.0,8.3,18.0,0.8,0.6,0.6,5.34,5.69,6.46,5.89,4.0,0.85,18.0,0.8,0.6,0.6,54.8,66.5,84.5,69.5,4.0,19.4,18.0,0.8,0.6,0.6,-222.3,-129.3,-71.4,-141.6,6.0,80.8,18.0,0.7,0.6,0.7,-162.9,-102.5,-38.5,-101.0,6.0,67.3,18.0,0.7,0.6,0.7,-112.9,-78.8,-45.8,-78.1,6.0,40.0,18.0,0.7,0.6,0.7,-92.8,-64.4,-19.4,-58.0,6.0,38.2,18.0,0.7,0.6,0.7,-72.4,-59.0,-35.0,-53.9,4.0,22.9,18.0,0.8,0.6,0.6,-52.6,-41.0,-25.0,-38.9,4.0,20.0,18.0,0.8,0.6,0.6,109.0,1151.0,2240.0,1176.0,6.0,1046.0,18.0,0.7,0.6,0.7,110.0,1150.0,2240.0,1175.0,6.0,1045.0,18.0,0.7,0.6,0.7
1974,2,235.0,19.0,19.97,21.0,21.62,20.99,7.0,1.52,16.0,0.7,0.9,0.5,18.97,19.8,20.1,19.73,7.0,1.18,16.0,0.7,0.9,0.5,9.84,10.2,11.12,10.54,6.0,1.1,18.0,0.7,0.9,0.4,73.1,73.4,77.2,75.8,6.0,6.1,18.0,0.7,0.4,5.1,7.7,8.63,7.35,6.0,2.01,16.0,0.7,0.9,0.4,-6.98,-4.27,-1.95,-4.5,6.0,3.36,16.0,0.7,0.9,0.4,-6.38,-5.19,-3.83,-5.14,6.0,1.27,16.0,0.7,0.9,0.4,1017.22,1017.8,1019.52,1018.0,7.0,1.47,16.0,0.7,0.9,0.5,7.0,7.0,8.0,7.3,7.0,0.8,16.0,0.7,0.9,0.5,-61.5,-30.5,-13.3,-38.1,6.0,35.6,16.0,0.7,0.9,0.4,-49.3,-39.8,-24.8,-37.6,6.0,12.6,16.0,0.7,0.9,0.4,-0.05,1.1,2.14,1.26,7.0,1.93,16.0,0.7,0.9,0.5,-1.1,6.7,20.4,10.1,6.0,15.0,16.0,0.7,0.9,0.4,3.57,4.78,6.11,4.92,6.0,2.2,18.0,0.7,0.9,0.4,29.7,42.3,51.0,40.0,5.0,18.9,16.0,0.6,0.9,0.4,-139.7,-86.1,-37.1,-89.7,6.0,66.9,16.0,0.7,0.9,0.4,-121.2,-103.2,-82.8,-101.8,6.0,21.3,16.0,0.7,0.9,0.4,-79.8,-52.3,-15.5,-49.1,5.0,39.0,16.0,0.6,0.9,0.4,-65.3,-62.3,-49.4,-57.4,5.0,12.1,16.0,0.6,0.9,0.4,-34.8,-28.8,-13.4,-24.2,5.0,15.0,16.0,0.6,0.9,0.4,-43.0,-27.2,-12.5,-28.7,5.0,19.2,16.0,0.6,0.9,0.4,132.5,462.5,663.0,472.5,6.0,357.0,16.0,0.7,0.9,0.4,135.0,460.0,665.0,470.0,6.0,355.0,16.0,0.7,0.9,0.4
1974,2,235.0,20.0,19.56,21.0,21.37,20.56,5.0,1.21,8.0,0.8,0.5,0.4,17.38,18.75,19.86,18.63,6.0,2.26,10.0,0.8,0.5,0.4,9.03,10.1,12.01,10.46,5.0,1.69,8.0,0.8,0.5,0.4,73.5,78.0,85.4,79.1,5.0,8.6,8.0,0.8,0.4,7.39,8.2,9.3,8.15,6.0,1.2,10.0,0.8,0.5,0.4,-8.82,-5.24,-3.85,-6.03,6.0,2.42,10.0,0.8,0.5,0.4,-6.95,-4.39,0.0,-3.92,6.0,3.64,10.0,0.8,0.5,0.4,1016.36,1019.5,1021.66,1019.18,6.0,4.59,10.0,0.8,0.5,0.4,6.4,7.0,8.0,6.8,6.0,1.5,10.0,0.8,0.5,0.4,-77.9,-39.7,-29.6,-50.1,6.0,24.7,10.0,0.8,0.5,0.4,-56.2,-32.2,0.0,-31.8,6.0,31.6,10.0,0.8,0.5,0.4,0.35,2.5,3.87,2.0,5.0,2.43,8.0,0.8,0.5,0.4,5.5,19.3,34.6,18.6,5.0,19.5,8.0,0.8,0.5,0.4,3.63,4.79,5.57,4.52,5.0,1.66,8.0,0.8,0.5,0.4,29.6,41.2,49.0,38.7,5.0,17.0,8.0,0.8,0.5,0.4,-138.1,-109.0,-72.8,-110.0,6.0,38.3,10.0,0.8,0.5,0.4,-132.6,-85.0,0.0,-75.4,6.0,68.6,10.0,0.8,0.5,0.4,-86.8,-74.2,-41.6,-67.8,5.0,28.0,8.0,0.8,0.5,0.4,-70.1,-27.0,0.0,-33.8,5.0,35.9,8.0,0.8,0.5,0.4,-42.4,-28.4,-16.5,-28.9,5.0,14.4,8.0,0.8,0.5,0.4,-40.2,-3.6,0.0,-17.6,5.0,23.0,8.0,0.8,0.5,0.4,411.5,557.5,804.5,570.0,6.0,225.0,10.0,0.8,0.5,0.4,410.0,560.0,805.0,570.0,6.0,225.0,10.0,0.8,0.5,0.4
1974,2,235.0,21.0,18.19,19.75,20.31,19.28,4.0,1.58,14.0,0.5,0.7,0.5,17.32,19.75,21.6,19.48,4.0,2.51,14.0,0.5,0.7,0.5,9.38,9.66,10.58,9.97,4.0,0.9,14.0,0.5,0.7,0.5,65.0,74.4,78.4,71.8,4.0,9.1,14.0,0.5,0.5,5.55,7.7,9.59,7.58,4.0,3.15,14.0,0.5,0.7,0.5,-7.94,-5.42,-3.3,-5.61,4.0,3.29,14.0,0.5,0.7,0.5,-5.78,-5.3,-0.72,-3.35,4.0,4.33,14.0,0.5,0.7,0.5,1018.43,1020.25,1021.55,1020.0,4.0,2.27,14.0,0.5,0.7,0.5,6.5,7.5,8.0,7.3,4.0,1.0,14.0,0.5,0.7,0.5,-79.6,-41.8,-21.5,-50.1,4.0,43.7,14.0,0.5,0.7,0.5,-55.1,-41.8,-12.3,-34.0,4.0,32.1,14.0,0.5,0.7,0.5,-3.17,-0.1,2.76,-0.2,4.0,3.67,14.0,0.5,0.7,0.5,-14.7,1.9,23.8,4.4,4.0,22.7,14.0,0.5,0.7,0.5,2.32,4.57,5.37,3.88,4.0,2.23,14.0,0.5,0.7,0.5,19.6,41.2,45.5,32.9,4.0,20.6,14.0,0.5,0.7,0.5,-153.2,-105.3,-59.6,-106.4,4.0,59.1,14.0,0.5,0.7,0.5,-104.7,-100.1,-11.8,-60.1,4.0,84.9,14.0,0.5,0.7,0.5,-77.0,-51.0,-32.5,-54.6,4.0,31.5,14.0,0.5,0.7,0.5,-55.1,-50.9,-4.0,-30.5,4.0,43.9,14.0,0.5,0.7,0.5,-35.3,-28.9,-14.1,-24.9,4.0,16.7,14.0,0.5,0.7,0.5,-29.4,-24.1,-10.1,-19.9,4.0,15.4,14.0,0.5,0.7,0.5,242.0,456.5,973.5,600.5,4.0,594.0,14.0,0.5,0.7,0.5,240.0,455.0,975.0,600.0,4.0,595.0,14.0,0.5,0.7,0.5
1974,2,235.0,22.0,19.65,20.2,20.75,20.2,2.0,1.13,8.0,0.5,0.4,0.6,16.83,17.1,17.37,17.1,2.0,0.57,8.0,0.5,0.4,0.6,9.19,9.74,10.28,9.74,2.0,1.13,8.0,0.5,0.4,0.6,75.2,81.1,87.0,81.1,2.0,12.2,8.0,0.5,0.6,8.45,9.0,9.55,9.0,2.0,1.13,8.0,0.5,0.4,0.6,-7.59,-5.65,-3.71,-5.65,2.0,4.02,8.0,0.5,0.4,0.6,-7.26,-6.3,-5.35,-6.3,2.0,1.98,8.0,0.5,0.4,0.6,1017.11,1017.35,1017.59,1017.35,2.0,0.5,8.0,0.5,0.4,0.6,4.5,5.5,6.5,5.5,2.0,2.1,8.0,0.5,0.4,0.6,-73.6,-53.1,-32.5,-53.1,2.0,42.6,8.0,0.5,0.4,0.6,-60.8,-55.6,-50.4,-55.6,2.0,10.7,8.0,0.5,0.4,0.6,2.83,3.1,3.37,3.1,2.0,0.57,8.0,0.5,0.4,0.6,24.1,28.2,32.4,28.2,2.0,8.6,8.0,0.5,0.4,0.6,3.9,4.94,5.98,4.94,2.0,2.16,8.0,0.5,0.4,0.6,33.6,45.7,57.7,45.7,2.0,25.0,8.0,0.5,0.4,0.6,-132.4,-97.7,-63.0,-97.7,2.0,71.9,8.0,0.5,0.4,0.6,-121.9,-107.2,-92.6,-107.2,2.0,30.4,8.0,0.5,0.4,0.6,-68.5,-52.7,-36.9,-52.7,2.0,32.8,8.0,0.5,0.4,0.6,-75.3,-62.5,-49.7,-62.5,2.0,26.4,8.0,0.5,0.4,0.6,-47.7,-32.2,-16.8,-32.2,2.0,32.0,8.0,0.5,0.4,0.6,-30.8,-29.0,-27.2,-29.0,2.0,3.8,8.0,0.5,0.4,0.6,613.0,746.5,879.5,746.5,2.0,275.5,8.0,0.5,0.4,0.6,615.0,745.0,880.0,745.0,2.0,275.0,8.0,0.5,0.4,0.6
1974,2,235.0,23.0,17.97,18.8,20.0,18.84,5.0,1.35,14.0,0.4,0.6,0.5,16.2,16.6,19.47,17.55,6.0,1.84,12.0,0.3,0.7,0.5,8.01,9.41,10.55,9.35,6.0,1.39,12.0,0.3,0.7,0.5,67.0,74.4,83.4,75.6,6.0,9.4,12.0,0.3,0.5,5.1,5.9,8.43,6.58,6.0,1.82,12.0,0.3,0.7,0.5,-6.47,-5.69,-3.78,-5.33,6.0,1.51,12.0,0.3,0.7,0.5,-5.42,-3.59,-1.82,-3.45,6.0,2.15,12.0,0.3,0.7,0.5,1017.79,1020.75,1022.89,1020.47,6.0,2.58,12.0,0.3,0.7,0.5,7.8,8.0,8.0,7.8,6.0,0.4,12.0,0.3,0.7,0.5,-54.6,-34.1,-19.3,-37.1,6.0,19.6,12.0,0.3,0.7,0.5,-45.8,-18.3,-12.2,-25.1,6.0,20.4,12.0,0.3,0.7,0.5,-0.5,0.5,2.86,1.08,5.0,1.77,14.0,0.4,0.6,0.5,-3.3,2.6,20.9,8.0,5.0,13.7,14.0,0.4,0.6,0.5,2.51,4.61,5.97,4.31,5.0,1.84,14.0,0.4,0.6,0.5,12.8,38.7,46.1,31.6,5.0,18.2,14.0,0.4,0.6,0.5,-113.4,-100.0,-62.1,-94.7,6.0,33.0,12.0,0.3,0.7,0.5,-95.2,-58.7,-29.5,-60.8,6.0,42.1,12.0,0.3,0.7,0.5,-60.0,-49.4,-38.2,-49.4,6.0,14.0,12.0,0.3,0.7,0.5,-46.1,-34.5,-13.8,-31.4,6.0,20.5,12.0,0.3,0.7,0.5,-37.5,-32.8,-10.1,-25.7,5.0,14.7,14.0,0.4,0.6,0.5,-29.6,-13.2,-6.8,-16.9,5.0,13.4,14.0,0.4,0.6,0.5,132.5,216.5,603.5,342.5,6.0,279.5,12.0,0.3,0.7,0.5,135.0,215.0,605.0,340.0,6.0,280.0,12.0,0.3,0.7,0.5
1974,2,235.0,24.0,18.14,18.55,19.43,18.78,4.0,0.88,14.0,0.5,0.5,0.2,15.65,16.75,18.01,16.83,4.0,1.37,14.0,0.5,0.5,0.2,8.2,9.36,10.54,9.37,4.0,1.37,14.0,0.5,0.5,0.2,75.0,78.6,83.1,79.0,4.0,5.4,14.0,0.5,0.2,4.1,7.2,11.66,7.85,4.0,4.46,14.0,0.5,0.5,0.2,-7.61,-2.02,-0.67,-4.04,4.0,5.49,14.0,0.5,0.5,0.2,-7.5,-4.13,-3.48,-5.43,4.0,3.29,14.0,0.5,0.5,0.2,1020.11,1021.5,1022.0,1021.08,4.0,1.27,14.0,0.5,0.5,0.2,5.5,6.5,7.5,6.5,4.0,1.3,14.0,0.5,0.5,0.2,-87.1,-8.3,-2.7,-43.2,4.0,75.6,14.0,0.5,0.5,0.2,-82.7,-36.4,-14.3,-47.9,4.0,43.7,14.0,0.5,0.5,0.2,0.96,2.2,2.91,1.95,4.0,1.3,14.0,0.5,0.5,0.2,3.9,17.1,34.4,19.1,4.0,18.5,14.0,0.5,0.5,0.2,2.99,4.32,4.99,4.01,4.0,1.47,14.0,0.5,0.5,0.2,12.3,31.7,58.8,35.4,4.0,28.4,14.0,0.5,0.5,0.2,-121.4,-36.2,-12.2,-65.4,4.0,84.7,14.0,0.5,0.5,0.2,-118.1,-69.5,-62.1,-89.1,4.0,48.8,14.0,0.5,0.5,0.2,-64.2,-21.4,-6.9,-34.9,4.0,42.8,14.0,0.5,0.5,0.2,-64.4,-37.4,-34.5,-48.9,4.0,25.5,14.0,0.5,0.5,0.2,-37.2,-5.5,-2.4,-19.2,4.0,31.2,14.0,0.5,0.5,0.2,-35.7,-19.9,-10.8,-23.1,4.0,17.2,14.0,0.5,0.5,0.2,69.0,581.0,1645.0,844.5,4.0,993.5,14.0,0.5,0.5,0.2,70.0,580.0,1645.0,845.0,4.0,995.0,14.0,0.5,0.5,0.2
1974,2,235.0,25.0,17.6,18.5,19.89,18.46,15.0,1.22,14.0,0.6,0.6,0.5,16.29,17.0,17.93,16.99,15.0,0.75,14.0,0.6,0.6,0.5,7.53,9.1,9.67,9.03,14.0,1.33,14.0,0.6,0.6,0.5,63.8,78.1,80.9,76.1,14.0,10.6,14.0,0.6,0.5,5.1,8.2,10.3,8.04,16.0,2.9,14.0,0.6,0.6,0.6,-7.92,-4.68,-2.7,-5.14,16.0,3.5,14.0,0.6,0.6,0.6,-7.66,-3.8,-0.74,-3.89,16.0,4.57,14.0,0.6,0.6,0.6,1019.07,1021.6,1024.24,1021.41,16.0,3.17,14.0,0.6,0.6,0.6,5.4,6.5,8.0,6.3,16.0,1.6,14.0,0.6,0.6,0.6,-70.4,-33.4,-14.3,-47.9,16.0,48.3,14.0,0.6,0.6,0.6,-70.8,-21.4,-4.2,-29.9,16.0,51.1,14.0,0.6,0.6,0.6,0.22,1.7,2.16,1.47,15.0,1.26,14.0,0.6,0.6,0.5,1.0,10.3,19.8,11.4,15.0,11.1,14.0,0.6,0.6,0.5,2.09,4.11,5.6,4.0,14.0,1.49,14.0,0.6,0.6,0.5,13.1,28.1,51.8,30.5,14.0,16.9,14.0,0.6,0.6,0.5,-120.9,-79.5,-46.9,-78.9,15.0,49.7,14.0,0.6,0.6,0.5,-130.2,-68.7,-36.2,-77.7,15.0,59.4,14.0,0.6,0.6,0.5,-57.0,-45.4,-23.1,-37.6,14.0,21.6,14.0,0.6,0.6,0.5,-71.9,-38.9,-21.3,-43.1,14.0,30.1,14.0,0.6,0.6,0.5,-31.4,-17.4,-4.5,-17.9,14.0,14.2,14.0,0.6,0.6,0.5,-38.8,-15.8,-9.5,-21.0,14.0,16.3,14.0,0.6,0.6,0.5,132.5,551.5,1092.5,723.0,16.0,805.5,14.0,0.6,0.6,0.6,135.0,550.0,1095.0,725.0,16.0,805.0,14.0,0.6,0.6,0.6
1974,2,235.0,26.0,18.0,18.5,19.29,18.6,10.0,0.84,10.0,0.7,0.6,0.3,15.67,17.0,19.0,17.34,10.0,1.99,12.0,0.8,0.6,0.3,8.23,9.12,9.62,9.01,10.0,0.7,12.0,0.8,0.6,0.3,66.0,72.8,83.4,74.3,10.0,8.3,12.0,0.8,0.3,5.12,8.7,11.88,8.47,21.0,3.0,12.0,0.6,0.6,0.3,-9.35,-2.98,1.3,-3.21,21.0,5.55,12.0,0.6,0.6,0.3,-8.13,-2.3,4.84,-1.59,21.0,6.33,12.0,0.6,0.6,0.3,1011.6,1020.75,1023.12,1018.9,16.0,5.59,14.0,0.7,0.6,0.3,3.0,7.0,8.0,6.1,20.0,2.3,14.0,0.6,0.5,0.4,-110.0,-19.2,6.5,-33.6,21.0,63.0,12.0,0.6,0.6,0.3,-82.7,-15.8,52.6,-12.0,21.0,63.5,12.0,0.6,0.6,0.3,-0.87,2.0,3.0,1.28,9.0,2.35,10.0,0.8,0.6,0.2,-5.9,13.1,24.2,9.0,9.0,19.2,10.0,0.8,0.6,0.2,3.2,4.45,5.49,4.35,9.0,1.12,10.0,0.8,0.6,0.2,25.5,28.8,40.3,35.4,9.0,16.7,10.0,0.8,0.6,0.2,-65.6,-49.5,-27.6,-57.1,10.0,41.1,12.0,0.8,0.6,0.3,-164.7,-112.9,-71.0,-116.8,10.0,50.2,12.0,0.8,0.6,0.3,-32.1,-25.7,-14.2,-28.6,10.0,17.7,12.0,0.8,0.6,0.3,-81.1,-64.6,-39.1,-60.1,10.0,23.0,12.0,0.8,0.6,0.3,-20.0,-13.4,-6.0,-16.8,9.0,16.0,10.0,0.8,0.6,0.2,-37.9,-28.4,-17.0,-29.5,9.0,11.6,10.0,0.8,0.6,0.2,135.5,658.5,1678.5,823.0,21.0,707.0,12.0,0.6,0.6,0.3,135.0,660.0,1680.0,825.0,21.0,705.0,12.0,0.6,0.6,0.3
1974,2,235.0,27.0,19.66,20.0,20.0,19.83,3.0,0.29,8.0,0.7,0.6,0.3,12.77,14.0,16.39,14.57,3.0,2.7,4.0,1.0,0.8,0.4,6.61,7.6,7.91,7.27,3.0,0.99,4.0,1.0,0.8,0.4,63.6,65.6,79.8,71.6,3.0,12.9,4.0,1.0,0.4,3.0,7.1,12.51,8.06,18.0,4.73,10.0,0.8,0.6,0.4,-10.15,-3.05,1.52,-3.31,18.0,5.76,10.0,0.8,0.6,0.4,-9.45,0.0,2.87,-2.75,18.0,6.2,10.0,0.8,0.6,0.4,1012.96,1015.9,1021.04,1016.27,13.0,4.37,10.0,0.7,0.6,0.4,6.0,7.0,8.0,6.8,21.0,1.9,12.0,0.6,0.7,0.4,-123.7,-24.5,9.2,-36.0,18.0,68.4,10.0,0.8,0.6,0.4,-112.1,0.0,20.1,-38.6,18.0,77.0,10.0,0.8,0.6,0.4,2.0,2.0,2.0,2.0,1.0,0.0,8.0,1.0,0.5,0.2,24.6,24.6,24.6,24.6,1.0,0.0,8.0,1.0,0.5,0.2,5.9,5.9,5.9,5.9,1.0,0.0,8.0,1.0,0.5,0.2,72.6,72.6,72.6,72.6,1.0,0.0,8.0,1.0,0.5,0.2,-128.6,-50.4,-35.4,-81.2,3.0,73.3,4.0,1.0,0.8,0.4,-153.8,-138.4,-103.5,-128.9,3.0,37.8,4.0,1.0,0.8,0.4,-58.8,-22.1,-19.1,-38.6,3.0,32.4,4.0,1.0,0.8,0.4,-88.6,-63.7,-46.4,-67.4,3.0,31.1,4.0,1.0,0.8,0.4,-55.6,-55.6,-55.6,-55.6,1.0,0.0,8.0,1.0,0.5,0.2,-46.7,-46.7,-46.7,-46.7,1.0,0.0,8.0,1.0,0.5,0.2,27.0,358.0,1962.5,1022.0,18.0,1102.5,10.0,0.8,0.6,0.4,25.0,360.0,1960.0,1020.0,18.0,1100.0,10.0,0.8,0.6,0.4
1974,2,235.0,28.0,16.59,17.0,17.68,17.13,3.0,0.81,16.0,0.7,0.5,0.5,13.63,15.0,15.27,14.47,3.0,1.29,16.0,0.7,0.5,0.5,7.45,8.03,8.43,7.94,3.0,0.72,16.0,0.7,0.5,0.5,77.4,78.2,79.5,78.5,3.0,1.6,16.0,0.7,0.5,5.73,8.0,11.57,8.35,10.0,2.83,10.0,0.5,0.4,0.2,-5.17,-1.41,0.0,-2.37,10.0,3.86,10.0,0.5,0.4,0.2,-8.24,-4.32,6.65,-2.07,10.0,7.72,10.0,0.5,0.4,0.2,1009.75,1011.9,1022.84,1014.73,9.0,6.83,8.0,0.6,0.3,0.3,6.0,7.0,8.0,7.0,7.0,1.0,10.0,0.4,0.4,0.3,-42.0,-11.4,0.0,-23.7,10.0,42.5,10.0,0.5,0.4,0.2,-90.5,-29.4,46.7,-18.9,10.0,79.4,10.0,0.5,0.4,0.2,1.78,2.6,3.56,2.67,3.0,1.3,16.0,0.7,0.5,0.5,10.2,12.0,26.2,18.0,3.0,12.8,16.0,0.7,0.5,0.5,3.62,4.09,4.53,4.08,3.0,0.66,16.0,0.7,0.5,0.5,20.1,22.8,33.7,26.8,3.0,10.6,16.0,0.7,0.5,0.5,-47.8,-18.5,38.2,-5.1,3.0,64.0,16.0,0.7,0.5,0.5,-96.1,-77.0,-48.6,-72.5,3.0,35.0,16.0,0.7,0.5,0.5,-26.7,-10.2,20.4,-3.3,3.0,35.0,16.0,0.7,0.5,0.5,-52.7,-41.2,-26.6,-39.7,3.0,19.1,16.0,0.7,0.5,0.5,-13.3,-6.7,7.9,-2.8,3.0,15.9,16.0,0.7,0.5,0.5,-31.6,-17.5,-12.0,-21.7,3.0,14.9,16.0,0.7,0.5,0.5,200.5,512.0,1558.0,769.5,10.0,724.0,10.0,0.5,0.4,0.2,200.0,510.0,1560.0,770.0,10.0,725.0,10.0,0.5,0.4,0.2
1974,2,235.0,29.0,15.83,16.5,17.32,16.38,6.0,1.3,20.0,0.0,0.4,0.3,13.46,13.7,14.83,14.18,6.0,1.2,20.0,0.0,0.4,0.3,5.92,7.04,8.44,7.29,6.0,1.56,20.0,0.0,0.4,0.3,60.5,74.4,85.3,73.0,6.0,12.3,20.0,0.0,0.3,4.5,6.2,8.44,6.68,6.0,2.6,20.0,0.0,0.4,0.3,-1.91,-0.67,0.44,-0.75,6.0,1.99,20.0,0.0,0.4,0.3,-8.21,-6.01,-2.85,-5.16,6.0,4.87,20.0,0.0,0.4,0.3,1020.6,1023.2,1025.26,1022.38,6.0,3.79,20.0,0.0,0.4,0.3,0.8,5.0,7.2,4.3,6.0,3.3,20.0,0.0,0.4,0.3,-17.2,-2.9,2.7,-7.8,6.0,19.3,20.0,0.0,0.4,0.3,-71.1,-37.3,-13.5,-43.1,6.0,45.1,20.0,0.0,0.4,0.3,0.56,2.7,3.46,2.2,6.0,1.51,20.0,0.0,0.4,0.3,4.3,14.8,26.1,16.1,6.0,13.8,20.0,0.0,0.4,0.3,1.76,4.71,5.75,4.2,6.0,2.1,20.0,0.0,0.4,0.3,12.3,24.9,42.8,30.2,6.0,24.8,20.0,0.0,0.4,0.3,-29.9,-8.9,5.9,-11.3,6.0,28.3,20.0,0.0,0.4,0.3,-111.6,-81.2,-37.6,-69.4,6.0,72.1,20.0,0.0,0.4,0.3,-15.6,-5.4,3.3,-5.1,6.0,13.4,20.0,0.0,0.4,0.3,-60.9,-42.2,-13.9,-32.6,6.0,37.0,20.0,0.0,0.4,0.3,-7.4,-1.2,1.8,-3.8,6.0,11.8,20.0,0.0,0.4,0.3,-41.9,-24.1,-9.2,-26.9,6.0,26.2,20.0,0.0,0.4,0.3,91.5,238.5,660.0,423.5,6.0,518.0,20.0,0.0,0.4,0.3,90.0,240.0,660.0,425.0,6.0,520.0,20.0,0.0,0.4,0.3
1974,2,235.0,30.0,13.52,14.4,15.55,14.46,5.0,1.62,18.0,0.2,0.7,0.2,12.21,13.0,13.24,12.74,5.0,0.66,18.0,0.2,0.7,0.2,6.24,6.56,7.98,6.97,5.0,0.97,18.0,0.2,0.7,0.2,70.3,73.0,85.8,77.1,5.0,8.5,18.0,0.2,0.2,4.73,6.7,9.98,7.2,5.0,2.77,18.0,0.2,0.7,0.2,0.0,3.35,3.53,2.09,5.0,1.9,18.0,0.2,0.7,0.2,-9.38,-6.7,-3.99,-6.55,5.0,3.13,18.0,0.2,0.7,0.2,1022.84,1025.4,1025.72,1024.5,5.0,1.64,18.0,0.2,0.7,0.2,4.3,8.0,8.0,6.4,5.0,2.3,18.0,0.2,0.7,0.2,0.0,14.6,34.1,16.7,5.0,17.4,18.0,0.2,0.7,0.2,-93.7,-44.9,-19.6,-53.8,5.0,39.8,18.0,0.2,0.7,0.2,0.29,1.4,3.56,1.72,5.0,2.07,18.0,0.2,0.7,0.2,3.2,13.7,25.7,14.9,5.0,17.0,18.0,0.2,0.7,0.2,1.52,3.49,4.78,3.17,5.0,1.83,18.0,0.2,0.7,0.2,13.5,23.4,33.9,24.3,5.0,17.7,18.0,0.2,0.7,0.2,0.0,43.6,45.2,27.0,5.0,24.7,18.0,0.2,0.7,0.2,-120.2,-88.4,-47.8,-83.2,5.0,40.2,18.0,0.2,0.7,0.2,0.0,22.8,27.4,15.6,5.0,14.4,18.0,0.2,0.7,0.2,-66.7,-43.9,-24.9,-45.3,5.0,23.5,18.0,0.2,0.7,0.2,0.0,2.3,10.8,5.4,5.0,7.4,18.0,0.2,0.7,0.2,-32.8,-23.4,-12.3,-23.1,5.0,17.0,18.0,0.2,0.7,0.2,109.5,301.0,996.5,507.5,5.0,476.0,18.0,0.2,0.7,0.2,110.0,300.0,995.0,505.0,5.0,475.0,18.0,0.2,0.7,0.2
1974,2,235.0,31.0,14.65,14.8,15.55,15.1,5.0,0.81,24.0,0.4,0.7,0.6,14.38,15.5,16.11,15.28,5.0,1.33,18.0,0.6,0.6,0.5,8.33,9.27,9.65,9.0,3.0,0.99,24.0,0.3,0.7,0.7,78.5,85.1,88.6,83.6,3.0,7.5,24.0,0.3,0.7,6.57,7.7,13.63,9.56,5.0,4.22,18.0,0.6,0.6,0.5,-1.61,0.0,4.28,1.08,5.0,4.26,18.0,0.6,0.6,0.5,-13.05,-4.6,1.14,-5.27,5.0,8.82,18.0,0.6,0.6,0.5,1019.19,1022.6,1025.23,1022.2,5.0,5.26,18.0,0.6,0.6,0.5,4.4,6.0,7.0,5.8,4.0,2.1,18.0,0.5,0.6,0.5,-20.8,0.0,44.8,7.5,5.0,43.4,18.0,0.6,0.6,0.5,-179.1,-21.2,8.8,-71.4,5.0,113.0,18.0,0.6,0.6,0.5,-1.62,-0.95,0.45,-0.6,4.0,1.5,22.0,0.5,0.7,0.5,-16.7,-10.4,1.0,-7.9,4.0,11.3,22.0,0.5,0.7,0.5,0.54,1.16,2.86,1.69,3.0,1.76,24.0,0.3,0.7,0.7,5.5,8.9,14.3,9.9,3.0,6.5,24.0,0.3,0.7,0.7,-21.4,0.0,70.5,20.9,5.0,67.1,18.0,0.6,0.6,0.5,-185.9,-69.0,15.2,-76.9,5.0,132.1,18.0,0.6,0.6,0.5,0.0,0.0,17.4,8.5,3.0,14.7,24.0,0.3,0.7,0.7,-109.9,-36.3,37.2,-36.4,3.0,107.8,24.0,0.3,0.7,0.7,0.0,0.0,0.5,0.2,3.0,0.4,24.0,0.3,0.7,0.7,-12.7,-3.8,4.9,-3.9,3.0,12.8,24.0,0.3,0.7,0.7,325.5,456.5,2571.0,1293.0,5.0,1380.0,18.0,0.6,0.6,0.5,325.0,455.0,2570.0,1295.0,5.0,1380.0,18.0,0.6,0.6,0.5
1974,2,235.0,32.0,12.2,13.75,15.95,13.85,16.0,1.53,16.0,0.6,0.5,0.5,11.14,12.75,15.79,13.15,16.0,2.32,16.0,0.6,0.5,0.5,6.39,6.97,8.81,7.43,15.0,1.55,16.0,0.5,0.5,0.5,69.0,78.3,90.5,79.8,15.0,11.3,16.0,0.5,0.5,4.48,7.7,12.9,8.13,16.0,4.27,16.0,0.6,0.5,0.5,-2.17,0.0,3.39,0.74,16.0,3.17,16.0,0.6,0.5,0.5,-12.48,-7.47,-2.28,-7.32,16.0,4.58,16.0,0.6,0.5,0.5,1022.81,1023.85,1026.1,1024.48,16.0,3.05,16.0,0.6,0.5,0.5,1.2,3.0,7.0,3.7,15.0,2.7,16.0,0.5,0.5,0.5,-21.1,0.0,33.7,6.8,16.0,33.0,16.0,0.6,0.5,0.5,-161.0,-57.5,-6.9,-76.5,16.0,70.0,16.0,0.6,0.5,0.5,-3.0,1.35,2.87,0.7,16.0,2.92,16.0,0.6,0.5,0.5,-7.5,8.0,21.4,4.9,16.0,24.1,16.0,0.6,0.5,0.5,0.94,2.13,4.16,2.29,15.0,1.98,16.0,0.5,0.5,0.5,0.7,18.6,32.2,16.4,15.0,18.8,16.0,0.5,0.5,0.5,-24.9,0.0,38.8,7.8,16.0,40.5,16.0,0.6,0.5,0.5,-148.3,-97.2,-31.8,-95.4,16.0,61.1,16.0,0.6,0.5,0.5,-15.4,0.0,23.9,4.7,15.0,25.9,16.0,0.5,0.5,0.5,-88.7,-53.1,-13.7,-54.7,15.0,36.8,16.0,0.5,0.5,0.5,-2.5,0.0,6.5,0.8,15.0,7.2,16.0,0.5,0.5,0.5,-30.2,-18.3,0.0,-15.2,15.0,18.5,16.0,0.5,0.5,0.5,93.0,456.5,2146.5,943.5,16.0,1071.5,16.0,0.6,0.5,0.5,95.0,455.0,2145.0,945.0,16.0,1070.0,16.0,0.6,0.5,0.5
1974,2,235.0,33.0,12.09,13.35,15.56,13.63,10.0,1.52,14.0,0.5,0.5,0.5,11.2,12.0,14.24,12.59,10.0,1.49,14.0,0.5,0.5,0.5,5.59,7.02,7.4,6.61,10.0,1.04,14.0,0.5,0.5,0.5,64.8,73.3,84.5,73.9,10.0,10.1,14.0,0.5,0.5,4.1,6.95,9.61,7.04,10.0,3.51,14.0,0.5,0.5,0.5,-2.92,-0.65,4.21,0.33,10.0,3.98,14.0,0.5,0.5,0.5,-8.6,-4.2,-1.13,-5.13,10.0,4.71,14.0,0.5,0.5,0.5,1023.5,1024.75,1026.01,1024.96,10.0,1.63,14.0,0.5,0.5,0.5,0.0,2.0,4.7,2.3,10.0,2.5,14.0,0.5,0.5,0.5,-17.1,-1.7,35.3,4.8,10.0,31.8,14.0,0.5,0.5,0.5,-83.0,-23.6,-4.6,-49.2,10.0,63.0,14.0,0.5,0.5,0.5,-1.63,1.1,3.54,1.04,10.0,2.53,14.0,0.5,0.5,0.5,-11.0,2.9,27.3,5.8,10.0,19.6,14.0,0.5,0.5,0.5,1.63,2.85,4.1,2.99,10.0,1.54,14.0,0.5,0.5,0.5,11.2,14.1,32.9,20.0,10.0,14.0,14.0,0.5,0.5,0.5,-32.6,-7.3,60.1,6.6,10.0,54.4,14.0,0.5,0.5,0.5,-116.7,-56.7,-12.5,-66.0,10.0,61.9,14.0,0.5,0.5,0.5,-18.0,-4.2,30.8,3.6,10.0,27.5,14.0,0.5,0.5,0.5,-62.6,-29.8,-6.9,-35.1,10.0,35.9,14.0,0.5,0.5,0.5,-11.8,-1.9,8.6,-1.1,10.0,10.9,14.0,0.5,0.5,0.5,-29.8,-11.9,-3.4,-14.9,10.0,16.6,14.0,0.5,0.5,0.5,69.0,337.0,906.5,612.0,10.0,898.0,14.0,0.5,0.5,0.5,70.0,335.0,905.0,610.0,10.0,900.0,14.0,0.5,0.5,0.5
1974,2,235.0,34.0,12.14,12.3,12.67,12.4,4.0,0.42,14.0,0.8,0.8,0.7,10.8,10.9,11.05,10.93,4.0,0.15,14.0,0.8,0.8,0.7,6.1,6.15,6.2,6.15,2.0,0.1,22.0,0.5,1.0,0.6,75.6,76.4,77.1,76.4,2.0,1.5,22.0,0.5,0.6,9.46,9.8,10.14,9.8,2.0,0.71,22.0,0.5,1.0,0.6,-0.8,0.95,2.71,0.95,2.0,3.63,22.0,0.5,1.0,0.6,-9.6,-9.42,-9.24,-9.42,2.0,0.37,22.0,0.5,1.0,0.6,1025.33,1029.1,1031.4,1028.4,4.0,3.65,14.0,0.8,0.8,0.7,4.4,6.5,7.5,6.0,4.0,2.2,14.0,0.8,0.8,0.7,-6.9,10.6,28.1,10.6,2.0,36.3,22.0,0.5,1.0,0.6,-97.4,-92.4,-87.5,-92.4,2.0,10.3,22.0,0.5,1.0,0.6,1.2,1.35,1.76,1.48,4.0,0.38,14.0,0.8,0.8,0.7,12.7,15.9,19.1,15.9,2.0,6.7,22.0,0.5,1.0,0.6,2.72,2.82,2.92,2.82,2.0,0.21,22.0,0.5,1.0,0.6,25.7,27.7,29.6,27.7,2.0,4.0,22.0,0.5,1.0,0.6,-8.9,10.4,29.8,10.4,2.0,40.1,22.0,0.5,1.0,0.6,-105.7,-104.1,-102.4,-104.1,2.0,3.4,22.0,0.5,1.0,0.6,-4.8,6.0,16.9,6.0,2.0,22.4,22.0,0.5,1.0,0.6,-59.5,-57.9,-56.4,-57.9,2.0,3.2,22.0,0.5,1.0,0.6,-2.0,3.1,8.1,3.1,2.0,10.4,22.0,0.5,1.0,0.6,-28.0,-26.6,-25.1,-26.6,2.0,3.0,22.0,0.5,1.0,0.6,850.0,948.5,1047.0,948.5,2.0,204.0,22.0,0.5,1.0,0.6,850.0,950.0,1045.0,950.0,2.0,205.0,22.0,0.5,1.0,0.6
1974,2,235.0,35.0,11.55,12.65,13.33,12.46,12.0,1.21,12.0,0.5,0.5,0.6,9.9,11.0,13.83,11.92,13.0,2.42,10.0,0.5,0.5,0.7,6.13,8.14,8.5,7.4,5.0,1.68,16.0,0.4,0.4,0.6,75.1,86.1,91.8,83.4,5.0,14.4,16.0,0.4,0.6,8.83,12.9,14.1,11.38,13.0,3.48,10.0,0.5,0.5,0.7,-3.08,0.0,4.01,0.23,13.0,4.19,10.0,0.5,0.5,0.7,-14.1,-10.15,-6.31,-9.4,13.0,6.27,10.0,0.5,0.5,0.7,1024.72,1028.2,1030.18,1026.76,12.0,5.13,12.0,0.5,0.5,0.6,0.0,2.0,6.0,2.7,13.0,2.7,10.0,0.5,0.5,0.7,-27.7,0.0,39.7,-2.5,13.0,44.9,10.0,0.5,0.5,0.7,-198.8,-109.6,-59.4,-125.1,13.0,88.6,10.0,0.5,0.5,0.7,-1.9,0.2,2.63,0.3,12.0,2.27,12.0,0.5,0.5,0.6,-19.0,3.2,37.5,8.0,12.0,28.4,12.0,0.5,0.5,0.6,-0.05,1.0,2.04,1.09,5.0,1.58,16.0,0.4,0.4,0.6,-0.3,4.1,21.5,9.9,5.0,15.3,16.0,0.4,0.4,0.6,-40.6,0.0,58.7,7.3,13.0,48.9,10.0,0.5,0.5,0.7,-153.6,-125.1,-64.7,-101.4,13.0,73.9,10.0,0.5,0.5,0.7,-25.1,28.2,31.8,4.9,5.0,43.3,16.0,0.4,0.4,0.6,-91.0,-57.6,-16.7,-53.3,5.0,45.7,16.0,0.4,0.4,0.6,-5.2,0.0,10.5,2.6,5.0,12.1,16.0,0.4,0.4,0.6,-15.4,-2.8,2.8,-6.3,5.0,12.3,16.0,0.4,0.4,0.6,695.0,2146.5,2804.5,1834.0,13.0,1260.0,10.0,0.5,0.5,0.7,695.0,2145.0,2805.0,1835.0,13.0,1260.0,10.0,0.5,0.5,0.7
1974,2,235.0,36.0,10.58,11.7,12.79,11.74,8.0,1.16,14.0,0.6,0.3,0.6,11.11,12.0,12.74,11.98,8.0,0.83,14.0,0.6,0.3,0.6,5.33,6.09,7.02,6.18,7.0,0.86,16.0,0.7,0.3,0.7,63.4,65.2,82.1,71.4,7.0,10.1,16.0,0.7,0.7,4.16,7.85,11.19,7.75,8.0,3.65,14.0,0.6,0.3,0.6,0.17,2.67,4.38,2.57,8.0,1.98,14.0,0.6,0.3,0.6,-11.04,-7.36,-0.26,-5.65,8.0,5.83,14.0,0.6,0.3,0.6,1021.46,1023.8,1026.18,1023.85,8.0,2.81,14.0,0.6,0.3,0.6,1.1,3.0,8.0,4.1,8.0,3.4,14.0,0.6,0.3,0.6,0.7,12.0,49.7,20.3,8.0,22.8,14.0,0.6,0.3,0.6,-123.7,-59.9,-0.8,-60.4,8.0,63.8,14.0,0.6,0.3,0.6,-2.22,-0.3,1.54,-0.24,8.0,1.8,14.0,0.6,0.3,0.6,-14.9,-1.5,14.1,0.1,8.0,15.8,14.0,0.6,0.3,0.6,0.86,2.34,3.4,2.22,7.0,1.22,16.0,0.7,0.3,0.7,5.8,10.5,30.5,17.6,7.0,13.9,16.0,0.7,0.3,0.7,2.1,32.6,57.8,31.7,8.0,24.7,14.0,0.6,0.3,0.6,-123.1,-87.1,-2.9,-67.3,8.0,71.1,14.0,0.6,0.3,0.6,9.6,23.1,26.9,17.4,7.0,10.4,16.0,0.7,0.3,0.7,-74.1,-40.0,1.5,-31.7,7.0,40.2,16.0,0.7,0.3,0.7,0.5,6.7,10.7,7.2,7.0,6.8,16.0,0.7,0.3,0.7,-28.5,-8.0,0.1,-14.2,7.0,14.6,16.0,0.7,0.3,0.7,72.0,515.0,1404.0,738.5,8.0,770.5,14.0,0.6,0.3,0.6,70.0,515.0,1405.0,740.0,8.0,770.0,14.0,0.6,0.3,0.6
1974,2,235.0,37.0,10.1,11.0,12.2,11.18,21.0,0.95,14.0,0.3,0.5,0.3,9.1,10.6,11.7,10.52,23.0,1.29,16.0,0.3,0.5,0.3,4.92,6.21,7.73,6.21,21.0,1.22,16.0,0.3,0.5,0.3,67.0,80.1,90.8,79.0,21.0,11.6,16.0,0.3,0.3,4.85,7.2,11.87,7.91,23.0,3.72,14.0,0.3,0.5,0.3,0.44,2.68,6.99,3.37,23.0,3.56,14.0,0.3,0.5,0.3,-9.77,-5.02,-1.47,-5.56,23.0,4.73,14.0,0.3,0.5,0.3,1020.84,1024.7,1028.08,1024.68,23.0,4.32,16.0,0.3,0.5,0.3,0.0,3.5,8.0,4.1,22.0,3.3,16.0,0.3,0.6,0.3,2.2,18.4,78.8,32.0,23.0,43.3,14.0,0.3,0.5,0.3,-110.0,-39.9,-4.4,-57.9,23.0,63.1,14.0,0.3,0.5,0.3,-0.8,0.85,1.9,0.62,20.0,1.22,16.0,0.4,0.5,0.3,-3.1,6.2,13.5,6.4,19.0,9.5,14.0,0.4,0.5,0.3,0.95,1.61,2.81,1.87,19.0,1.19,16.0,0.4,0.5,0.3,5.2,13.3,26.5,16.5,18.0,11.9,16.0,0.4,0.5,0.3,3.3,30.4,67.0,32.7,22.0,36.3,14.0,0.4,0.5,0.3,-92.9,-51.0,-11.8,-52.4,22.0,48.9,14.0,0.4,0.5,0.3,5.4,17.5,36.0,20.1,20.0,18.7,16.0,0.4,0.5,0.3,-62.8,-28.3,-13.1,-33.1,20.0,30.8,16.0,0.4,0.5,0.3,0.0,2.5,17.2,8.1,18.0,11.7,16.0,0.4,0.5,0.3,-21.1,-12.9,-3.6,-11.9,18.0,8.6,16.0,0.4,0.5,0.3,114.5,373.0,1711.0,831.0,23.0,1024.0,14.0,0.3,0.5,0.3,115.0,375.0,1710.0,830.0,23.0,1025.0,14.0,0.3,0.5,0.3
1974,2,235.0,38.0,9.1,10.0,12.05,10.35,12.0,1.47,14.0,0.5,0.7,0.4,9.27,10.05,13.23,11.03,12.0,2.34,14.0,0.5,0.7,0.4,5.69,6.54,7.77,6.73,11.0,0.95,14.0,0.5,0.7,0.4,74.8,84.2,94.1,84.1,11.0,9.1,14.0,0.5,0.4,3.85,6.95,12.3,7.36,12.0,3.88,14.0,0.5,0.7,0.4,1.27,1.77,6.4,3.44,12.0,3.19,14.0,0.5,0.7,0.4,-9.93,-4.92,0.98,-4.12,12.0,5.7,14.0,0.5,0.7,0.4,1022.64,1025.65,1028.1,1024.56,12.0,4.56,14.0,0.5,0.7,0.4,0.0,5.5,7.3,4.1,12.0,3.4,14.0,0.5,0.7,0.4,3.0,18.2,68.6,32.4,12.0,40.0,14.0,0.5,0.7,0.4,-107.7,-27.1,4.0,-38.9,12.0,64.3,14.0,0.5,0.7,0.4,-2.36,-0.45,1.25,-0.68,12.0,2.19,14.0,0.5,0.7,0.4,-25.0,-3.3,9.2,-8.7,12.0,22.8,14.0,0.5,0.7,0.4,-0.15,0.95,2.08,0.98,11.0,1.09,14.0,0.5,0.7,0.4,-0.9,7.4,12.1,6.4,11.0,8.3,14.0,0.5,0.7,0.4,12.0,17.6,98.3,42.2,12.0,44.8,14.0,0.5,0.7,0.4,-98.5,-47.6,12.1,-43.9,12.0,68.1,14.0,0.5,0.7,0.4,7.8,12.2,52.5,25.9,11.0,26.1,14.0,0.5,0.7,0.4,-60.7,-42.3,-2.3,-31.5,11.0,37.0,14.0,0.5,0.7,0.4,0.0,2.7,5.3,2.2,11.0,4.0,14.0,0.5,0.7,0.4,-11.4,-4.8,0.0,-6.3,11.0,6.9,14.0,0.5,0.7,0.4,59.0,347.5,1861.0,706.5,12.0,770.5,14.0,0.5,0.7,0.4,60.0,345.0,1860.0,705.0,12.0,770.0,14.0,0.5,0.7,0.4
1974,2,235.0,39.0,9.3,10.0,11.2,10.34,26.0,1.37,16.0,0.5,0.5,0.4,8.93,10.0,11.91,10.38,28.0,1.75,16.0,0.5,0.5,0.4,5.01,6.03,7.1,6.04,25.0,1.1,16.0,0.5,0.5,0.4,65.4,78.2,89.8,77.9,25.0,12.8,16.0,0.5,0.4,2.98,7.2,10.92,7.52,31.0,4.37,16.0,0.5,0.5,0.4,-3.48,2.25,3.96,0.95,31.0,4.12,16.0,0.5,0.5,0.4,-8.03,-1.97,7.6,-0.78,31.0,7.69,16.0,0.5,0.5,0.4,1017.31,1022.7,1027.54,1022.29,31.0,5.43,16.0,0.5,0.5,0.4,0.0,3.0,8.0,3.9,30.0,3.2,16.0,0.6,0.5,0.4,-36.2,6.4,34.1,2.2,31.0,43.3,16.0,0.5,0.5,0.4,-81.7,-6.4,60.4,2.6,31.0,106.0,16.0,0.5,0.5,0.4,-1.52,-0.05,1.81,-0.07,26.0,2.2,16.0,0.5,0.5,0.4,-12.5,-0.2,14.3,-2.0,26.0,20.6,16.0,0.5,0.5,0.4,0.49,1.57,3.38,1.75,24.0,1.3,16.0,0.5,0.6,0.4,1.7,9.8,24.1,12.8,24.0,11.2,16.0,0.5,0.6,0.4,-28.5,24.0,44.6,13.4,28.0,43.3,16.0,0.5,0.5,0.4,-92.7,-15.5,73.6,-11.4,28.0,84.8,16.0,0.5,0.5,0.4,-14.7,13.9,26.6,8.1,25.0,26.5,16.0,0.5,0.5,0.4,-50.0,-14.1,16.7,-11.0,25.0,45.0,16.0,0.5,0.5,0.4,-2.8,2.7,11.4,3.6,24.0,9.7,16.0,0.5,0.6,0.4,-19.6,-2.7,0.3,-5.7,24.0,12.4,16.0,0.5,0.6,0.4,27.0,373.0,1344.5,911.5,31.0,1583.0,16.0,0.5,0.5,0.4,25.0,375.0,1345.0,910.0,31.0,1585.0,16.0,0.5,0.5,0.4
1974,2,235.0,40.0,9.53,10.2,12.23,10.73,15.0,1.33,14.0,0.7,0.4,0.4,8.77,9.8,10.46,9.76,17.0,1.28,14.0,0.6,0.4,0.4,5.01,5.52,6.51,5.79,16.0,0.9,14.0,0.6,0.4,0.4,67.2,78.5,87.2,78.0,16.0,9.9,14.0,0.6,0.4,3.95,6.95,12.48,7.83,18.0,4.08,14.0,0.7,0.4,0.4,-2.75,-0.58,4.7,1.13,18.0,4.61,14.0,0.7,0.4,0.4,-8.02,2.09,7.76,0.76,18.0,7.64,14.0,0.7,0.4,0.4,1020.49,1024.1,1030.11,1025.12,18.0,6.34,14.0,0.7,0.4,0.4,0.5,5.0,8.0,4.5,17.0,3.4,14.0,0.7,0.4,0.4,-15.2,-2.2,34.2,13.5,18.0,55.9,14.0,0.7,0.4,0.4,-81.9,7.3,61.8,8.5,18.0,92.1,14.0,0.7,0.4,0.4,-0.87,1.1,2.47,0.96,14.0,2.01,14.0,0.6,0.4,0.4,-6.4,7.9,18.0,11.0,14.0,20.4,14.0,0.6,0.4,0.4,0.92,2.16,3.22,2.09,14.0,1.17,14.0,0.6,0.4,0.4,5.6,13.5,32.3,17.8,14.0,14.8,14.0,0.6,0.4,0.4,-28.6,-10.5,49.8,8.7,17.0,44.7,14.0,0.6,0.4,0.4,-67.3,24.9,73.9,12.7,17.0,72.1,14.0,0.6,0.4,0.4,-18.2,-3.5,25.6,4.6,16.0,27.2,14.0,0.6,0.4,0.4,-40.5,12.4,48.8,7.7,16.0,46.1,14.0,0.6,0.4,0.4,-5.5,0.2,14.7,5.7,14.0,13.8,14.0,0.6,0.4,0.4,-18.8,1.4,10.5,0.4,14.0,18.4,14.0,0.6,0.4,0.4,62.0,337.0,1947.0,885.5,18.0,1182.0,14.0,0.7,0.4,0.4,60.0,335.0,1945.0,885.0,18.0,1180.0,14.0,0.7,0.4,0.4
1974,2,235.0,41.0,9.34,10.0,11.28,10.35,15.0,1.19,16.0,0.7,0.3,0.5,8.07,9.5,11.28,9.82,17.0,1.82,16.0,0.5,0.3,0.5,4.9,5.68,6.95,5.89,14.0,0.98,16.0,0.5,0.3,0.5,71.0,74.5,86.8,77.4,14.0,8.0,16.0,0.5,0.5,2.95,8.35,10.75,7.86,18.0,4.94,16.0,0.6,0.3,0.5,-0.16,1.73,3.81,1.78,18.0,2.91,16.0,0.6,0.3,0.5,-3.37,5.61,9.16,4.09,18.0,7.77,16.0,0.6,0.3,0.5,1017.27,1023.05,1027.37,1022.64,18.0,5.94,16.0,0.6,0.3,0.5,0.0,5.0,8.0,4.3,17.0,3.2,16.0,0.5,0.3,0.5,-0.5,5.6,41.2,15.7,18.0,35.5,16.0,0.6,0.3,0.5,-12.2,32.0,88.3,54.3,18.0,117.3,16.0,0.6,0.3,0.5,-1.79,0.1,2.49,0.19,14.0,2.36,14.0,0.6,0.3,0.5,-12.1,1.2,29.2,3.1,14.0,21.7,14.0,0.6,0.3,0.5,0.39,2.15,3.34,1.78,12.0,1.33,14.0,0.6,0.3,0.5,1.3,11.3,32.1,15.5,12.0,15.0,14.0,0.6,0.3,0.5,-2.5,20.5,42.5,16.0,17.0,27.0,16.0,0.5,0.3,0.5,-32.6,47.7,101.9,37.7,17.0,77.8,16.0,0.5,0.3,0.5,-2.8,8.0,33.8,9.1,14.0,18.2,16.0,0.5,0.3,0.5,-21.0,28.3,64.4,23.3,14.0,53.2,16.0,0.5,0.3,0.5,-0.5,0.5,4.7,3.1,12.0,9.2,14.0,0.6,0.3,0.5,-3.1,8.7,18.7,9.3,12.0,17.3,14.0,0.6,0.3,0.5,26.0,593.0,1259.0,1128.5,18.0,2094.5,16.0,0.6,0.3,0.5,25.0,595.0,1260.0,1130.0,18.0,2095.0,16.0,0.6,0.3,0.5
1974,2,235.0,42.0,9.27,10.0,11.16,10.11,15.0,1.01,16.0,0.3,0.3,0.4,7.66,9.0,10.51,9.24,17.0,1.73,16.0,0.4,0.3,0.4,4.78,5.6,6.51,5.61,13.0,0.96,16.0,0.3,0.3,0.5,67.2,76.2,100.0,81.1,13.0,14.2,16.0,0.3,0.5,3.1,5.7,14.05,7.78,17.0,5.03,16.0,0.4,0.3,0.4,-0.46,1.48,2.87,1.09,17.0,2.34,16.0,0.4,0.3,0.4,-3.75,3.0,13.84,3.62,17.0,8.3,16.0,0.4,0.3,0.4,1014.62,1024.0,1027.23,1023.0,17.0,6.97,16.0,0.4,0.3,0.4,2.0,5.5,8.0,5.1,16.0,3.0,16.0,0.4,0.3,0.4,-2.6,2.2,25.0,7.5,17.0,16.8,16.0,0.4,0.3,0.4,-19.8,9.0,196.0,56.8,17.0,118.2,16.0,0.4,0.3,0.4,0.0,0.9,2.98,1.11,15.0,1.52,16.0,0.3,0.3,0.4,0.0,3.3,17.0,7.0,15.0,9.8,16.0,0.3,0.3,0.4,1.01,1.91,2.86,2.0,13.0,1.03,16.0,0.3,0.3,0.5,3.2,17.8,26.2,16.4,13.0,12.7,16.0,0.3,0.3,0.5,-4.1,11.5,28.3,11.5,17.0,19.9,16.0,0.4,0.3,0.4,-33.8,23.8,136.3,34.8,17.0,81.4,16.0,0.4,0.3,0.4,-0.9,9.5,21.3,7.4,13.0,13.3,16.0,0.3,0.3,0.5,-28.4,-3.8,87.4,14.3,13.0,50.0,16.0,0.3,0.3,0.5,-0.3,1.5,5.7,3.2,13.0,6.6,16.0,0.3,0.3,0.5,-6.4,-1.6,20.4,4.1,13.0,19.5,16.0,0.3,0.3,0.5,30.0,185.0,2840.5,1121.5,17.0,1804.0,16.0,0.4,0.3,0.4,30.0,185.0,2840.0,1120.0,17.0,1805.0,16.0,0.4,0.3,0.4
1974,2,235.0,43.0,9.01,10.0,11.09,10.07,14.0,1.31,16.0,0.7,0.3,0.4,7.75,9.3,10.37,9.51,17.0,1.85,18.0,0.7,0.3,0.4,4.68,6.0,6.69,5.89,14.0,1.23,18.0,0.8,0.3,0.4,72.9,81.6,86.7,80.3,14.0,8.6,18.0,0.8,0.4,5.1,8.2,12.9,8.96,17.0,4.13,18.0,0.7,0.3,0.4,-1.28,0.0,6.3,1.8,17.0,3.83,18.0,0.7,0.3,0.4,-3.27,5.02,11.42,4.0,17.0,8.2,18.0,0.7,0.3,0.4,1014.48,1024.0,1029.68,1022.22,17.0,7.59,18.0,0.7,0.3,0.4,2.0,5.0,8.0,5.1,17.0,2.8,18.0,0.7,0.3,0.4,-6.5,0.0,55.4,15.1,17.0,34.3,18.0,0.7,0.3,0.4,-16.8,33.6,135.8,51.7,17.0,112.0,18.0,0.7,0.3,0.4,-0.99,0.65,2.19,0.39,14.0,2.09,16.0,0.7,0.3,0.4,-7.9,4.5,19.8,5.3,14.0,16.0,16.0,0.7,0.3,0.4,0.93,1.61,2.95,1.64,12.0,1.35,18.0,0.8,0.3,0.5,6.4,14.4,27.7,16.8,12.0,14.9,18.0,0.8,0.3,0.5,-10.2,0.0,58.6,18.3,17.0,36.0,18.0,0.7,0.3,0.4,-27.9,41.0,103.4,38.3,17.0,75.7,18.0,0.7,0.3,0.4,-4.1,4.8,34.9,12.1,14.0,22.7,18.0,0.8,0.3,0.4,-4.4,39.5,84.5,34.9,14.0,47.6,18.0,0.8,0.3,0.4,-5.6,0.0,6.7,1.1,12.0,7.1,18.0,0.8,0.3,0.5,-9.7,6.6,25.0,4.4,12.0,21.3,18.0,0.8,0.3,0.5,132.5,551.5,2146.5,1179.0,17.0,1455.5,18.0,0.7,0.3,0.4,135.0,550.0,2145.0,1180.0,17.0,1455.0,18.0,0.7,0.3,0.4
1974,2,235.0,44.0,8.5,9.4,11.95,10.04,14.0,1.92,16.0,0.4,0.4,0.2,8.31,9.4,11.98,10.01,14.0,2.18,16.0,0.4,0.4,0.2,4.81,5.5,6.61,5.68,13.0,1.06,16.0,0.5,0.4,0.2,69.0,76.2,94.3,77.0,13.0,13.1,16.0,0.5,0.2,2.63,5.65,12.74,7.13,14.0,4.77,16.0,0.4,0.4,0.2,-0.34,0.27,3.22,1.93,14.0,5.16,16.0,0.4,0.4,0.2,-3.92,0.0,6.63,0.8,14.0,6.79,16.0,0.4,0.4,0.2,1017.98,1022.95,1029.43,1023.52,14.0,6.2,16.0,0.4,0.4,0.2,2.1,4.5,7.0,4.6,14.0,2.7,16.0,0.4,0.4,0.2,-0.7,0.8,28.1,25.1,14.0,69.1,16.0,0.4,0.4,0.2,-17.8,0.0,56.7,9.9,14.0,77.8,16.0,0.4,0.4,0.2,-1.09,-0.4,1.91,0.04,14.0,2.07,16.0,0.4,0.4,0.2,-7.7,-1.5,16.5,2.6,14.0,18.5,16.0,0.4,0.4,0.2,0.12,1.84,3.38,1.77,13.0,1.65,16.0,0.5,0.4,0.2,0.4,9.4,30.0,16.0,13.0,16.5,16.0,0.5,0.4,0.2,-4.5,2.0,27.8,19.6,14.0,53.3,16.0,0.4,0.4,0.2,-43.8,0.0,65.6,11.1,14.0,64.5,16.0,0.4,0.4,0.2,-3.5,3.2,20.1,10.8,13.0,27.9,16.0,0.5,0.4,0.2,-19.7,0.0,39.0,7.3,13.0,39.5,16.0,0.5,0.4,0.2,-0.1,0.1,7.4,3.7,13.0,11.6,16.0,0.5,0.4,0.2,-7.9,-0.1,9.4,-1.4,13.0,19.9,16.0,0.5,0.4,0.2,18.5,185.5,2080.0,845.5,14.0,1169.0,16.0,0.4,0.4,0.2,20.0,185.0,2080.0,845.0,14.0,1170.0,16.0,0.4,0.4,0.2
1974,2,235.0,45.0,8.13,10.0,10.44,9.44,9.0,1.19,16.0,0.4,0.5,0.4,7.21,8.0,9.79,8.3,10.0,1.34,16.0,0.5,0.4,0.4,5.07,6.14,7.16,6.01,9.0,1.1,16.0,0.4,0.5,0.4,78.5,89.1,95.7,86.8,9.0,10.3,16.0,0.4,0.4,7.56,11.05,15.81,11.26,10.0,4.42,16.0,0.5,0.4,0.4,-1.17,1.99,7.02,2.5,10.0,4.05,16.0,0.5,0.4,0.4,-8.08,-4.25,13.84,0.98,10.0,11.66,16.0,0.5,0.4,0.4,1008.77,1017.95,1025.72,1017.38,10.0,9.56,16.0,0.5,0.4,0.4,4.1,7.0,8.0,6.4,8.0,1.8,14.0,0.5,0.4,0.5,-13.8,23.2,85.3,31.3,10.0,48.7,16.0,0.5,0.4,0.4,-79.3,-29.5,205.0,36.0,10.0,170.4,16.0,0.5,0.4,0.4,0.0,0.5,2.73,0.89,9.0,1.47,16.0,0.4,0.5,0.4,0.0,2.1,39.6,13.1,9.0,23.3,16.0,0.4,0.5,0.4,0.32,1.0,2.37,1.3,9.0,1.26,16.0,0.4,0.5,0.4,3.3,8.7,40.1,17.1,9.0,20.5,16.0,0.4,0.5,0.4,-11.7,16.4,61.0,19.8,10.0,34.8,16.0,0.5,0.4,0.4,-63.7,-36.9,122.7,14.3,10.0,97.1,16.0,0.5,0.4,0.4,-11.3,10.9,44.0,14.4,9.0,25.6,16.0,0.4,0.5,0.4,-49.2,-25.1,90.6,17.2,9.0,71.0,16.0,0.4,0.5,0.4,0.3,1.7,8.9,4.2,9.0,6.4,16.0,0.4,0.5,0.4,-11.0,-3.8,14.7,-1.4,9.0,26.2,16.0,0.4,0.5,0.4,454.0,1351.5,3985.0,2031.0,10.0,2041.5,16.0,0.5,0.4,0.4,455.0,1350.0,3985.0,2030.0,10.0,2040.0,16.0,0.5,0.4,0.4
1974,2,235.0,46.0,8.0,9.0,10.0,8.94,210.0,0.88,14.0,0.4,0.8,0.2,6.5,7.8,9.05,7.74,212.0,1.45,14.0,0.4,0.8,0.2,5.0,5.69,6.27,5.67,204.0,0.7,16.0,0.4,0.8,0.2,76.8,87.2,96.7,87.0,204.0,9.6,16.0,0.4,0.2,4.6,8.7,14.4,9.33,212.0,4.66,14.0,0.4,0.8,0.2,0.0,3.16,8.29,3.16,212.0,5.17,14.0,0.4,0.8,0.2,-3.52,4.7,12.12,4.27,212.0,7.36,14.0,0.4,0.8,0.2,1005.76,1018.0,1029.91,1018.0,213.0,10.98,14.0,0.4,0.8,0.2,2.0,7.0,8.0,5.7,159.0,2.6,16.0,0.3,0.8,0.2,0.0,20.8,91.9,34.6,212.0,71.0,14.0,0.4,0.8,0.2,-19.4,32.7,170.8,62.3,212.0,106.7,14.0,0.4,0.8,0.2,-0.2,1.0,2.5,1.18,209.0,1.49,14.0,0.4,0.8,0.2,-1.8,7.0,21.6,9.7,208.0,13.9,14.0,0.4,0.8,0.2,0.53,1.38,2.22,1.39,203.0,0.83,16.0,0.4,0.8,0.2,3.3,10.3,22.2,12.0,202.0,9.4,16.0,0.4,0.8,0.2,0.0,23.3,63.0,25.5,211.0,41.0,14.0,0.4,0.8,0.2,-24.9,32.6,107.3,35.3,211.0,60.0,14.0,0.4,0.8,0.2,0.0,17.9,45.9,19.0,203.0,29.2,16.0,0.4,0.8,0.2,-20.3,25.4,75.9,25.7,203.0,44.5,16.0,0.4,0.8,0.2,-0.2,2.9,10.9,4.1,202.0,8.8,16.0,0.4,0.8,0.2,-4.2,3.7,14.8,5.2,202.0,10.6,16.0,0.4,0.8,0.2,97.5,658.5,2986.0,1454.5,212.0,1879.5,14.0,0.4,0.8,0.2,95.0,660.0,2985.0,1455.0,212.0,1880.0,14.0,0.4,0.8,0.2
1974,2,235.0,47.0,6.86,8.35,9.11,8.0,4.0,1.48,16.0,0.5,0.1,0.4,5.42,6.8,7.75,6.56,5.0,1.43,14.0,0.6,0.2,0.5,4.41,5.29,5.57,5.04,5.0,0.69,14.0,0.6,0.2,0.5,78.8,89.0,91.1,84.4,5.0,13.0,14.0,0.6,0.5,5.52,7.7,9.67,7.42,5.0,2.97,14.0,0.6,0.2,0.5,-1.46,0.0,4.19,1.43,5.0,4.54,14.0,0.6,0.2,0.5,0.13,6.77,8.58,4.76,5.0,5.11,14.0,0.6,0.2,0.5,1006.21,1012.2,1022.91,1014.52,5.0,10.8,14.0,0.6,0.2,0.5,6.0,7.0,8.0,7.0,5.0,1.0,14.0,0.6,0.2,0.5,-7.9,0.0,37.6,15.1,5.0,40.4,14.0,0.6,0.2,0.5,7.2,48.7,75.8,44.4,5.0,43.2,14.0,0.6,0.2,0.5,-0.36,1.15,2.14,0.9,4.0,1.86,16.0,0.5,0.1,0.4,-1.1,11.2,17.5,8.3,4.0,14.2,16.0,0.5,0.1,0.4,0.55,1.42,2.5,1.52,4.0,1.32,16.0,0.5,0.1,0.4,5.6,12.4,22.0,13.7,4.0,12.2,16.0,0.5,0.1,0.4,-9.3,0.0,31.9,11.7,5.0,35.7,14.0,0.6,0.2,0.5,4.3,45.5,58.2,33.8,5.0,32.3,14.0,0.6,0.2,0.5,-7.8,0.0,18.1,5.2,5.0,19.6,14.0,0.6,0.2,0.5,0.1,39.3,45.9,26.2,5.0,27.6,14.0,0.6,0.2,0.5,-0.1,1.2,16.5,7.9,4.0,14.4,16.0,0.5,0.1,0.4,2.6,8.3,12.3,7.5,4.0,5.9,16.0,0.5,0.1,0.4,243.5,456.5,909.5,549.0,5.0,413.0,14.0,0.6,0.2,0.5,245.0,455.0,910.0,550.0,5.0,415.0,14.0,0.6,0.2,0.5
1974,2,235.0,48.0,6.03,7.0,7.71,7.01,19.0,1.3,12.0,0.4,0.5,0.4,6.58,7.8,9.12,7.81,18.0,1.62,14.0,0.3,0.5,0.4,5.04,5.75,6.45,5.75,18.0,0.69,14.0,0.3,0.5,0.4,78.5,89.6,95.3,87.4,18.0,9.4,14.0,0.3,0.4,3.6,8.2,10.3,7.45,20.0,3.88,12.0,0.4,0.5,0.4,-5.3,1.03,9.15,1.64,20.0,6.49,12.0,0.4,0.5,0.4,-0.17,2.64,7.51,2.48,20.0,4.68,12.0,0.4,0.5,0.4,1001.1,1009.5,1016.2,1008.65,20.0,8.72,12.0,0.4,0.5,0.4,6.7,8.0,8.0,7.2,19.0,1.8,14.0,0.4,0.5,0.4,-30.2,6.2,89.7,21.2,20.0,74.5,12.0,0.4,0.5,0.4,-0.2,14.0,65.5,22.6,20.0,43.1,12.0,0.4,0.5,0.4,-2.53,-0.5,1.02,-0.72,18.0,1.75,14.0,0.3,0.5,0.4,-30.9,-3.6,2.7,-9.2,18.0,16.2,14.0,0.3,0.5,0.4,0.09,0.55,1.29,0.53,18.0,0.7,14.0,0.3,0.5,0.4,0.0,3.4,8.5,3.6,18.0,6.6,14.0,0.3,0.5,0.4,-41.8,12.1,69.0,16.9,18.0,57.7,14.0,0.3,0.5,0.4,-0.3,22.4,63.5,26.6,18.0,38.7,14.0,0.3,0.5,0.4,-28.5,10.7,52.6,11.6,18.0,40.8,14.0,0.3,0.5,0.4,-0.2,15.7,43.4,17.1,18.0,26.1,14.0,0.3,0.5,0.4,-3.4,0.5,3.8,-0.3,18.0,5.3,14.0,0.3,0.5,0.4,-3.1,0.2,5.8,1.1,18.0,5.3,14.0,0.3,0.5,0.4,46.5,557.5,1092.5,721.0,20.0,811.5,12.0,0.4,0.5,0.4,45.0,560.0,1095.0,720.0,20.0,810.0,12.0,0.4,0.5,0.4
1974,2,235.0,49.0,5.61,6.5,6.84,6.23,3.0,0.93,18.0,0.7,0.3,0.3,6.11,7.2,7.95,7.03,3.0,1.36,18.0,0.7,0.3,0.3,5.09,5.37,5.4,5.25,3.0,0.25,18.0,0.7,0.3,0.3,79.4,80.3,90.9,85.1,3.0,9.4,18.0,0.7,0.3,2.3,5.1,6.87,4.6,3.0,3.38,18.0,0.7,0.3,0.3,-5.79,-3.91,-1.24,-3.53,3.0,3.35,18.0,0.7,0.3,0.3,1.72,3.28,3.67,2.71,3.0,1.51,18.0,0.7,0.3,0.3,1014.3,1015.8,1017.78,1016.03,3.0,2.56,18.0,0.7,0.3,0.3,2.3,3.0,5.0,3.7,3.0,2.1,18.0,0.7,0.3,0.3,-41.4,-19.9,-6.3,-23.8,3.0,25.9,18.0,0.7,0.3,0.3,6.0,16.7,25.5,15.8,3.0,14.3,18.0,0.7,0.3,0.3,-1.94,-1.8,0.38,-0.8,3.0,1.91,18.0,0.7,0.3,0.3,-13.4,-9.2,-2.0,-7.7,3.0,8.5,18.0,0.7,0.3,0.3,0.53,0.55,0.72,0.62,3.0,0.15,18.0,0.7,0.3,0.3,1.4,2.8,3.6,2.5,3.0,1.6,18.0,0.7,0.3,0.3,-43.1,-32.4,-10.3,-26.8,3.0,24.5,18.0,0.7,0.3,0.3,12.5,27.2,27.6,20.2,3.0,12.6,18.0,0.7,0.3,0.3,-29.3,-21.2,-6.7,-18.1,3.0,16.7,18.0,0.7,0.3,0.3,9.3,17.8,18.7,14.1,3.0,7.6,18.0,0.7,0.3,0.3,-3.0,-2.2,-0.7,-1.9,3.0,1.7,18.0,0.7,0.3,0.3,1.1,1.8,1.9,1.5,3.0,0.6,18.0,0.7,0.3,0.3,43.0,132.5,353.5,196.5,3.0,234.5,18.0,0.7,0.3,0.3,45.0,135.0,355.0,195.0,3.0,235.0,18.0,0.7,0.3,0.3
1974,2,236.0,-41.0,17.0,17.0,17.0,17.0,1.0,0.0,26.0,1.0,0.5,1.0,17.0,17.0,17.0,17.0,1.0,0.0,26.0,1.0,0.5,1.0,9.59,9.59,9.59,9.59,1.0,0.0,26.0,1.0,0.5,1.0,80.9,80.9,80.9,80.9,1.0,0.0,26.0,1.0,1.0,7.7,7.7,7.7,7.7,1.0,0.0,26.0,1.0,0.5,1.0,-7.24,-7.24,-7.24,-7.24,1.0,0.0,26.0,1.0,0.5,1.0,-2.63,-2.63,-2.63,-2.63,1.0,0.0,26.0,1.0,0.5,1.0,1027.0,1027.0,1027.0,1027.0,1.0,0.0,26.0,1.0,0.5,1.0,8.0,8.0,8.0,8.0,1.0,0.0,26.0,1.0,0.5,1.0,-55.7,-55.7,-55.7,-55.7,1.0,0.0,26.0,1.0,0.5,1.0,-20.3,-20.3,-20.3,-20.3,1.0,0.0,26.0,1.0,0.5,1.0,0.0,0.0,0.0,0.0,1.0,0.0,26.0,1.0,0.5,1.0,0.0,0.0,0.0,0.0,1.0,0.0,26.0,1.0,0.5,1.0,2.28,2.28,2.28,2.28,1.0,0.0,26.0,1.0,0.5,1.0,17.6,17.6,17.6,17.6,1.0,0.0,26.0,1.0,0.5,1.0,-123.0,-123.0,-123.0,-123.0,1.0,0.0,26.0,1.0,0.5,1.0,-44.8,-44.8,-44.8,-44.8,1.0,0.0,26.0,1.0,0.5,1.0,-69.4,-69.4,-69.4,-69.4,1.0,0.0,26.0,1.0,0.5,1.0,-25.2,-25.2,-25.2,-25.2,1.0,0.0,26.0,1.0,0.5,1.0,-16.5,-16.5,-16.5,-16.5,1.0,0.0,26.0,1.0,0.5,1.0,-6.0,-6.0,-6.0,-6.0,1.0,0.0,26.0,1.0,0.5,1.0,456.5,456.5,456.5,456.5,1.0,0.0,26.0,1.0,0.5,1.0,455.0,455.0,455.0,455.0,1.0,0.0,26.0,1.0,0.5,1.0
1974,2,236.0,-37.0,20.3,20.3,20.3,20.3,1.0,0.0,2.0,0.0,0.8,0.8,19.5,19.5,19.5,19.5,1.0,0.0,2.0,0.0,0.8,0.8,11.34,11.34,11.34,11.34,1.0,0.0,2.0,0.0,0.8,0.8,82.3,82.3,82.3,82.3,1.0,0.0,2.0,0.0,0.8,3.6,3.6,3.6,3.6,1.0,0.0,2.0,0.0,0.8,0.8,-3.38,-3.38,-3.38,-3.38,1.0,0.0,2.0,0.0,0.8,0.8,-1.23,-1.23,-1.23,-1.23,1.0,0.0,2.0,0.0,0.8,0.8,1034.2,1034.2,1034.2,1034.2,1.0,0.0,2.0,0.0,0.8,0.8,7.0,7.0,7.0,7.0,1.0,0.0,2.0,0.0,0.8,0.8,-12.2,-12.2,-12.2,-12.2,1.0,0.0,2.0,0.0,0.8,0.8,-4.4,-4.4,-4.4,-4.4,1.0,0.0,2.0,0.0,0.8,0.8,0.8,0.8,0.8,0.8,1.0,0.0,2.0,0.0,0.8,0.8,2.9,2.9,2.9,2.9,1.0,0.0,2.0,0.0,0.8,0.8,3.17,3.17,3.17,3.17,1.0,0.0,2.0,0.0,0.8,0.8,11.4,11.4,11.4,11.4,1.0,0.0,2.0,0.0,0.8,0.8,-66.0,-66.0,-66.0,-66.0,1.0,0.0,2.0,0.0,0.8,0.8,-24.0,-24.0,-24.0,-24.0,1.0,0.0,2.0,0.0,0.8,0.8,-38.4,-38.4,-38.4,-38.4,1.0,0.0,2.0,0.0,0.8,0.8,-14.0,-14.0,-14.0,-14.0,1.0,0.0,2.0,0.0,0.8,0.8,-10.7,-10.7,-10.7,-10.7,1.0,0.0,2.0,0.0,0.8,0.8,-3.9,-3.9,-3.9,-3.9,1.0,0.0,2.0,0.0,0.8,0.8,46.5,46.5,46.5,46.5,1.0,0.0,2.0,0.0,0.8,0.8,45.0,45.0,45.0,45.0,1.0,0.0,2.0,0.0,0.8,0.8
1974,2,236.0,-35.0,,,,,,,,,,,,,,,,,,,,,,,,,,,,,,,,,,,,,,,,11.8,11.8,11.8,11.8,1.0,0.0,10.0,1.0,0.7,0.5,7.58,7.58,7.58,7.58,1.0,0.0,10.0,1.0,0.7,0.5,-9.04,-9.04,-9.04,-9.04,1.0,0.0,10.0,1.0,0.7,0.5,1017.6,1017.6,1017.6,1017.6,1.0,0.0,10.0,1.0,0.7,0.5,,,,,,,,,,,,,,,,,,,,,,,,,,,,,,,,,,,,,,,,,,,,,,,,,,,,,,,,,,,,,,,,,,,,,,,,,,,,,,,,,,,,,,,,,,,,,,,,,,,,,,,,,,,,,,,,,,,,,,,,,,,,,,,,,,,,,,,,,,,,,,,,,,,,,,
1974,2,236.0,-34.0,,,,,,,,,,,,,,,,,,,,,,,,,,,,,,,,,,,,,,,,4.0,4.0,4.0,4.0,1.0,0.0,10.0,0.0,0.5,0.8,-1.37,-1.37,-1.37,-1.37,1.0,0.0,10.0,0.0,0.5,0.8,-3.76,-3.76,-3.76,-3.76,1.0,0.0,10.0,0.0,0.5,0.8,1019.1,1019.1,1019.1,1019.1,1.0,0.0,10.0,0.0,0.5,0.8,,,,,,,,,,,,,,,,,,,,,,,,,,,,,,,,,,,,,,,,,,,,,,,,,,,,,,,,,,,,,,,,,,,,,,,,,,,,,,,,,,,,,,,,,,,,,,,,,,,,,,,,,,,,,,,,,,,,,,,,,,,,,,,,,,,,,,,,,,,,,,,,,,,,,,
1974,2,236.0,-30.0,26.1,26.1,26.1,26.1,1.0,0.0,20.0,0.0,0.5,1.0,25.5,25.5,25.5,25.5,1.0,0.0,20.0,0.0,0.5,1.0,14.4,14.4,14.4,14.4,1.0,0.0,20.0,0.0,0.5,1.0,71.6,71.6,71.6,71.6,1.0,0.0,20.0,0.0,1.0,3.6,3.6,3.6,3.6,1.0,0.0,20.0,0.0,0.5,1.0,-3.38,-3.38,-3.38,-3.38,1.0,0.0,20.0,0.0,0.5,1.0,-1.23,-1.23,-1.23,-1.23,1.0,0.0,20.0,0.0,0.5,1.0,1023.0,1023.0,1023.0,1023.0,1.0,0.0,20.0,0.0,0.5,1.0,2.0,2.0,2.0,2.0,1.0,0.0,20.0,0.0,0.5,1.0,-12.2,-12.2,-12.2,-12.2,1.0,0.0,20.0,0.0,0.5,1.0,-4.4,-4.4,-4.4,-4.4,1.0,0.0,20.0,0.0,0.5,1.0,0.6,0.6,0.6,0.6,1.0,0.0,20.0,0.0,0.5,1.0,2.2,2.2,2.2,2.2,1.0,0.0,20.0,0.0,0.5,1.0,6.52,6.52,6.52,6.52,1.0,0.0,20.0,0.0,0.5,1.0,23.5,23.5,23.5,23.5,1.0,0.0,20.0,0.0,0.5,1.0,-86.3,-86.3,-86.3,-86.3,1.0,0.0,20.0,0.0,0.5,1.0,-31.4,-31.4,-31.4,-31.4,1.0,0.0,20.0,0.0,0.5,1.0,-48.7,-48.7,-48.7,-48.7,1.0,0.0,20.0,0.0,0.5,1.0,-17.7,-17.7,-17.7,-17.7,1.0,0.0,20.0,0.0,0.5,1.0,-22.1,-22.1,-22.1,-22.1,1.0,0.0,20.0,0.0,0.5,1.0,-8.0,-8.0,-8.0,-8.0,1.0,0.0,20.0,0.0,0.5,1.0,46.5,46.5,46.5,46.5,1.0,0.0,20.0,0.0,0.5,1.0,45.0,45.0,45.0,45.0,1.0,0.0,20.0,0.0,0.5,1.0
1974,2,236.0,-28.0,26.1,26.1,26.1,26.1,1.0,0.0,6.0,0.0,0.9,0.4,23.9,23.9,23.9,23.9,1.0,0.0,6.0,0.0,0.9,0.4,14.32,14.32,14.32,14.32,1.0,0.0,6.0,0.0,0.9,0.4,78.3,78.3,78.3,78.3,1.0,0.0,6.0,0.0,0.4,5.1,5.1,5.1,5.1,1.0,0.0,6.0,0.0,0.9,0.4,-5.1,-5.1,-5.1,-5.1,1.0,0.0,6.0,0.0,0.9,0.4,0.0,0.0,0.0,0.0,1.0,0.0,6.0,0.0,0.9,0.4,1022.0,1022.0,1022.0,1022.0,1.0,0.0,6.0,0.0,0.9,0.4,4.0,4.0,4.0,4.0,1.0,0.0,6.0,0.0,0.9,0.4,-26.0,-26.0,-26.0,-26.0,1.0,0.0,6.0,0.0,0.9,0.4,0.0,0.0,0.0,0.0,1.0,0.0,6.0,0.0,0.9,0.4,2.2,2.2,2.2,2.2,1.0,0.0,6.0,0.0,0.9,0.4,11.2,11.2,11.2,11.2,1.0,0.0,6.0,0.0,0.9,0.4,6.62,6.62,6.62,6.62,1.0,0.0,6.0,0.0,0.9,0.4,33.7,33.7,33.7,33.7,1.0,0.0,6.0,0.0,0.9,0.4,-121.9,-121.9,-121.9,-121.9,1.0,0.0,6.0,0.0,0.9,0.4,0.0,0.0,0.0,0.0,1.0,0.0,6.0,0.0,0.9,0.4,-73.1,-73.1,-73.1,-73.1,1.0,0.0,6.0,0.0,0.9,0.4,0.0,0.0,0.0,0.0,1.0,0.0,6.0,0.0,0.9,0.4,-33.7,-33.7,-33.7,-33.7,1.0,0.0,6.0,0.0,0.9,0.4,0.0,0.0,0.0,0.0,1.0,0.0,6.0,0.0,0.9,0.4,132.5,132.5,132.5,132.5,1.0,0.0,6.0,0.0,0.9,0.4,135.0,135.0,135.0,135.0,1.0,0.0,6.0,0.0,0.9,0.4
1974,2,236.0,-27.0,26.1,26.1,26.1,26.1,1.0,0.0,22.0,1.0,0.7,0.5,26.2,26.2,26.2,26.2,1.0,0.0,22.0,1.0,0.7,0.5,14.44,14.44,14.44,14.44,1.0,0.0,22.0,1.0,0.7,0.5,68.7,68.7,68.7,68.7,1.0,0.0,22.0,1.0,0.5,8.2,8.2,8.2,8.2,1.0,0.0,22.0,1.0,0.7,0.5,-7.71,-7.71,-7.71,-7.71,1.0,0.0,22.0,1.0,0.7,0.5,-2.8,-2.8,-2.8,-2.8,1.0,0.0,22.0,1.0,0.7,0.5,1019.9,1019.9,1019.9,1019.9,1.0,0.0,22.0,1.0,0.7,0.5,4.0,4.0,4.0,4.0,1.0,0.0,22.0,1.0,0.7,0.5,-63.2,-63.2,-63.2,-63.2,1.0,0.0,22.0,1.0,0.7,0.5,-23.0,-23.0,-23.0,-23.0,1.0,0.0,22.0,1.0,0.7,0.5,-0.1,-0.1,-0.1,-0.1,1.0,0.0,22.0,1.0,0.7,0.5,-0.8,-0.8,-0.8,-0.8,1.0,0.0,22.0,1.0,0.7,0.5,6.54,6.54,6.54,6.54,1.0,0.0,22.0,1.0,0.7,0.5,53.6,53.6,53.6,53.6,1.0,0.0,22.0,1.0,0.7,0.5,-201.9,-201.9,-201.9,-201.9,1.0,0.0,22.0,1.0,0.7,0.5,-73.5,-73.5,-73.5,-73.5,1.0,0.0,22.0,1.0,0.7,0.5,-111.3,-111.3,-111.3,-111.3,1.0,0.0,22.0,1.0,0.7,0.5,-40.5,-40.5,-40.5,-40.5,1.0,0.0,22.0,1.0,0.7,0.5,-50.4,-50.4,-50.4,-50.4,1.0,0.0,22.0,1.0,0.7,0.5,-18.3,-18.3,-18.3,-18.3,1.0,0.0,22.0,1.0,0.7,0.5,551.5,551.5,551.5,551.5,1.0,0.0,22.0,1.0,0.7,0.5,550.0,550.0,550.0,550.0,1.0,0.0,22.0,1.0,0.7,0.5
1974,2,236.0,-26.0,24.0,24.0,24.0,24.0,1.0,0.0,28.0,0.0,0.2,0.8,25.15,25.25,25.35,25.25,2.0,0.21,24.0,0.5,0.2,0.7,18.74,18.74,18.74,18.74,1.0,0.0,20.0,1.0,0.2,0.5,93.1,93.1,93.1,93.1,1.0,0.0,20.0,1.0,0.5,4.0,6.15,8.3,6.15,2.0,4.45,24.0,0.5,0.2,0.7,-8.15,-5.99,-3.83,-5.99,2.0,4.48,24.0,0.5,0.2,0.7,-1.2,-0.29,0.61,-0.29,2.0,1.87,24.0,0.5,0.2,0.7,1019.76,1022.25,1024.74,1022.25,2.0,5.16,24.0,0.5,0.2,0.7,3.2,3.5,3.8,3.5,2.0,0.7,24.0,0.5,0.2,0.7,-73.0,-46.8,-20.6,-46.8,2.0,54.2,24.0,0.5,0.2,0.7,-12.1,-6.0,0.2,-6.0,2.0,12.8,24.0,0.5,0.2,0.7,,,,,,,,,,,,,,,,,,,,,,,,,,,,,,,,,,,,,,,,,-206.9,-151.7,-96.4,-151.7,2.0,114.5,24.0,0.5,0.2,0.7,-30.4,-7.6,15.2,-7.6,2.0,47.2,24.0,0.5,0.2,0.7,-171.6,-171.6,-171.6,-171.6,1.0,0.0,20.0,1.0,0.2,0.5,-30.3,-30.3,-30.3,-30.3,1.0,0.0,20.0,1.0,0.2,0.5,,,,,,,,,,,,,,,,,,,,,,,,,,,,,,,,,,,,,,,,
1974,2,236.0,-25.0,,,,,,,,,,,,,,,,,,,,,,,,,,,,,,,,,,,,,,,,4.0,4.0,4.0,4.0,1.0,0.0,28.0,1.0,0.5,0.5,-3.76,-3.76,-3.76,-3.76,1.0,0.0,28.0,1.0,0.5,0.5,1.37,1.37,1.37,1.37,1.0,0.0,28.0,1.0,0.5,0.5,1023.1,1023.1,1023.1,1023.1,1.0,0.0,28.0,1.0,0.5,0.5,,,,,,,,,,,,,,,,,,,,,,,,,,,,,,,,,,,,,,,,,,,,,,,,,,,,,,,,,,,,,,,,,,,,,,,,,,,,,,,,,,,,,,,,,,,,,,,,,,,,,,,,,,,,,,,,,,,,,,,,,,,,,,,,,,,,,,,,,,,,,,,,,,,,,,
1974,2,236.0,-24.0,25.0,25.0,25.0,25.0,1.0,0.0,14.0,0.0,0.9,0.8,25.4,25.4,25.4,25.4,1.0,0.0,14.0,0.0,0.9,0.8,13.91,13.91,13.91,13.91,1.0,0.0,14.0,0.0,0.9,0.8,69.4,69.4,69.4,69.4,1.0,0.0,14.0,0.0,0.8,6.7,6.7,6.7,6.7,1.0,0.0,14.0,0.0,0.9,0.8,-6.6,-6.6,-6.6,-6.6,1.0,0.0,14.0,0.0,0.9,0.8,1.16,1.16,1.16,1.16,1.0,0.0,14.0,0.0,0.9,0.8,1020.0,1020.0,1020.0,1020.0,1.0,0.0,14.0,0.0,0.9,0.8,2.0,2.0,2.0,2.0,1.0,0.0,14.0,0.0,0.9,0.8,-44.2,-44.2,-44.2,-44.2,1.0,0.0,14.0,0.0,0.9,0.8,7.8,7.8,7.8,7.8,1.0,0.0,14.0,0.0,0.9,0.8,-0.4,-0.4,-0.4,-0.4,1.0,0.0,14.0,0.0,0.9,0.8,-2.7,-2.7,-2.7,-2.7,1.0,0.0,14.0,0.0,0.9,0.8,5.73,5.73,5.73,5.73,1.0,0.0,14.0,0.0,0.9,0.8,38.4,38.4,38.4,38.4,1.0,0.0,14.0,0.0,0.9,0.8,-167.6,-167.6,-167.6,-167.6,1.0,0.0,14.0,0.0,0.9,0.8,29.6,29.6,29.6,29.6,1.0,0.0,14.0,0.0,0.9,0.8,-91.8,-91.8,-91.8,-91.8,1.0,0.0,14.0,0.0,0.9,0.8,16.2,16.2,16.2,16.2,1.0,0.0,14.0,0.0,0.9,0.8,-37.8,-37.8,-37.8,-37.8,1.0,0.0,14.0,0.0,0.9,0.8,6.7,6.7,6.7,6.7,1.0,0.0,14.0,0.0,0.9,0.8,301.0,301.0,301.0,301.0,1.0,0.0,14.0,0.0,0.9,0.8,300.0,300.0,300.0,300.0,1.0,0.0,14.0,0.0,0.9,0.8
1974,2,236.0,-23.0,24.89,25.0,27.58,26.06,5.0,1.69,12.0,0.6,0.6,0.7,25.16,25.7,26.24,25.7,5.0,0.92,12.0,0.6,0.6,0.7,13.47,13.51,15.76,14.48,5.0,1.52,12.0,0.6,0.6,0.7,66.2,71.4,74.5,70.7,5.0,4.6,12.0,0.6,0.7,5.7,7.2,9.3,7.44,5.0,1.8,12.0,0.6,0.6,0.7,-7.49,-5.98,-4.99,-6.24,5.0,1.65,12.0,0.6,0.6,0.7,0.08,2.46,4.93,2.4,5.0,3.72,12.0,0.6,0.6,0.7,1017.96,1018.2,1019.11,1018.48,5.0,0.63,12.0,0.6,0.6,0.7,3.0,4.0,4.7,4.0,5.0,1.2,12.0,0.6,0.6,0.7,-65.0,-48.7,-28.5,-48.2,5.0,22.4,12.0,0.6,0.6,0.7,-3.7,17.7,37.5,17.3,5.0,34.1,12.0,0.6,0.6,0.7,-0.75,0.0,1.4,0.36,5.0,1.49,12.0,0.6,0.6,0.7,-5.6,0.0,9.4,1.8,5.0,9.6,12.0,0.6,0.6,0.7,5.67,6.17,7.3,6.56,5.0,1.56,12.0,0.6,0.6,0.7,37.0,52.8,55.8,47.7,5.0,10.2,12.0,0.6,0.6,0.7,-198.0,-145.9,-128.2,-160.6,5.0,43.7,12.0,0.6,0.6,0.7,1.8,66.5,123.5,60.6,5.0,92.7,12.0,0.6,0.6,0.7,-115.4,-80.7,-70.0,-90.1,5.0,24.0,12.0,0.6,0.6,0.7,1.1,41.6,70.3,35.4,5.0,50.8,12.0,0.6,0.6,0.7,-44.5,-36.9,-34.8,-39.5,5.0,7.2,12.0,0.6,0.6,0.7,0.8,13.0,37.6,16.8,5.0,24.2,12.0,0.6,0.6,0.7,185.0,373.0,804.5,470.5,5.0,314.5,12.0,0.6,0.6,0.7,185.0,375.0,805.0,470.0,5.0,315.0,12.0,0.6,0.6,0.7
1974,2,236.0,-22.0,27.8,27.8,27.8,27.8,1.0,0.0,28.0,0.0,0.4,0.9,24.5,24.5,24.5,24.5,1.0,0.0,28.0,0.0,0.4,0.9,14.23,14.23,14.23,14.23,1.0,0.0,28.0,0.0,0.4,0.9,74.6,74.6,74.6,74.6,1.0,0.0,28.0,0.0,0.9,5.1,5.1,5.1,5.1,1.0,0.0,28.0,0.0,0.4,0.9,-5.02,-5.02,-5.02,-5.02,1.0,0.0,28.0,0.0,0.4,0.9,0.89,0.89,0.89,0.89,1.0,0.0,28.0,0.0,0.4,0.9,1016.2,1016.2,1016.2,1016.2,1.0,0.0,28.0,0.0,0.4,0.9,2.0,2.0,2.0,2.0,1.0,0.0,28.0,0.0,0.4,0.9,-25.6,-25.6,-25.6,-25.6,1.0,0.0,28.0,0.0,0.4,0.9,4.5,4.5,4.5,4.5,1.0,0.0,28.0,0.0,0.4,0.9,3.3,3.3,3.3,3.3,1.0,0.0,28.0,0.0,0.4,0.9,16.8,16.8,16.8,16.8,1.0,0.0,28.0,0.0,0.4,0.9,9.08,9.08,9.08,9.08,1.0,0.0,28.0,0.0,0.4,0.9,46.3,46.3,46.3,46.3,1.0,0.0,28.0,0.0,0.4,0.9,-123.1,-123.1,-123.1,-123.1,1.0,0.0,28.0,0.0,0.4,0.9,21.7,21.7,21.7,21.7,1.0,0.0,28.0,0.0,0.4,0.9,-71.5,-71.5,-71.5,-71.5,1.0,0.0,28.0,0.0,0.4,0.9,12.6,12.6,12.6,12.6,1.0,0.0,28.0,0.0,0.4,0.9,-45.6,-45.6,-45.6,-45.6,1.0,0.0,28.0,0.0,0.4,0.9,8.0,8.0,8.0,8.0,1.0,0.0,28.0,0.0,0.4,0.9,132.5,132.5,132.5,132.5,1.0,0.0,28.0,0.0,0.4,0.9,135.0,135.0,135.0,135.0,1.0,0.0,28.0,0.0,0.4,0.9
1974,2,236.0,-16.0,26.0,26.0,26.0,26.0,1.0,0.0,4.0,0.0,0.6,0.5,24.5,24.5,24.5,24.5,1.0,0.0,4.0,0.0,0.6,0.5,15.93,15.93,15.93,15.93,1.0,0.0,4.0,0.0,0.6,0.5,83.4,83.4,83.4,83.4,1.0,0.0,4.0,0.0,0.5,4.1,4.1,4.1,4.1,1.0,0.0,4.0,0.0,0.6,0.5,-4.04,-4.04,-4.04,-4.04,1.0,0.0,4.0,0.0,0.6,0.5,0.71,0.71,0.71,0.71,1.0,0.0,4.0,0.0,0.6,0.5,1015.5,1015.5,1015.5,1015.5,1.0,0.0,4.0,0.0,0.6,0.5,6.0,6.0,6.0,6.0,1.0,0.0,4.0,0.0,0.6,0.5,-16.6,-16.6,-16.6,-16.6,1.0,0.0,4.0,0.0,0.6,0.5,2.9,2.9,2.9,2.9,1.0,0.0,4.0,0.0,0.6,0.5,1.5,1.5,1.5,1.5,1.0,0.0,4.0,0.0,0.6,0.5,6.2,6.2,6.2,6.2,1.0,0.0,4.0,0.0,0.6,0.5,5.02,5.02,5.02,5.02,1.0,0.0,4.0,0.0,0.6,0.5,20.6,20.6,20.6,20.6,1.0,0.0,4.0,0.0,0.6,0.5,-98.9,-98.9,-98.9,-98.9,1.0,0.0,4.0,0.0,0.6,0.5,17.4,17.4,17.4,17.4,1.0,0.0,4.0,0.0,0.6,0.5,-64.3,-64.3,-64.3,-64.3,1.0,0.0,4.0,0.0,0.6,0.5,11.3,11.3,11.3,11.3,1.0,0.0,4.0,0.0,0.6,0.5,-20.3,-20.3,-20.3,-20.3,1.0,0.0,4.0,0.0,0.6,0.5,3.6,3.6,3.6,3.6,1.0,0.0,4.0,0.0,0.6,0.5,69.0,69.0,69.0,69.0,1.0,0.0,4.0,0.0,0.6,0.5,70.0,70.0,70.0,70.0,1.0,0.0,4.0,0.0,0.6,0.5
1974,2,236.0,-14.0,26.2,26.2,26.2,26.2,1.0,0.0,12.0,1.0,0.4,0.1,26.2,26.2,26.2,26.2,1.0,0.0,12.0,1.0,0.4,0.1,15.94,15.94,15.94,15.94,1.0,0.0,12.0,1.0,0.4,0.1,75.4,75.4,75.4,75.4,1.0,0.0,12.0,1.0,0.1,8.2,8.2,8.2,8.2,1.0,0.0,12.0,1.0,0.4,0.1,-8.08,-8.08,-8.08,-8.08,1.0,0.0,12.0,1.0,0.4,0.1,1.42,1.42,1.42,1.42,1.0,0.0,12.0,1.0,0.4,0.1,1014.4,1014.4,1014.4,1014.4,1.0,0.0,12.0,1.0,0.4,0.1,3.0,3.0,3.0,3.0,1.0,0.0,12.0,1.0,0.4,0.1,-66.2,-66.2,-66.2,-66.2,1.0,0.0,12.0,1.0,0.4,0.1,11.7,11.7,11.7,11.7,1.0,0.0,12.0,1.0,0.4,0.1,0.0,0.0,0.0,0.0,1.0,0.0,12.0,1.0,0.4,0.1,0.0,0.0,0.0,0.0,1.0,0.0,12.0,1.0,0.4,0.1,5.28,5.28,5.28,5.28,1.0,0.0,12.0,1.0,0.4,0.1,43.3,43.3,43.3,43.3,1.0,0.0,12.0,1.0,0.4,0.1,-211.6,-211.6,-211.6,-211.6,1.0,0.0,12.0,1.0,0.4,0.1,37.3,37.3,37.3,37.3,1.0,0.0,12.0,1.0,0.4,0.1,-128.8,-128.8,-128.8,-128.8,1.0,0.0,12.0,1.0,0.4,0.1,22.7,22.7,22.7,22.7,1.0,0.0,12.0,1.0,0.4,0.1,-42.7,-42.7,-42.7,-42.7,1.0,0.0,12.0,1.0,0.4,0.1,7.5,7.5,7.5,7.5,1.0,0.0,12.0,1.0,0.4,0.1,551.5,551.5,551.5,551.5,1.0,0.0,12.0,1.0,0.4,0.1,550.0,550.0,550.0,550.0,1.0,0.0,12.0,1.0,0.4,0.1
1974,2,236.0,-9.0,24.75,25.5,25.84,25.3,3.0,0.82,12.0,0.7,0.5,0.7,25.18,26.0,26.82,26.0,2.0,1.7,4.0,0.5,0.6,0.8,15.38,15.39,15.41,15.39,2.0,0.03,4.0,0.5,0.6,0.8,70.1,73.7,77.3,73.7,2.0,7.4,4.0,0.5,0.8,3.39,5.1,5.85,4.63,3.0,1.84,12.0,0.7,0.5,0.7,-5.21,-3.28,-1.93,-3.56,3.0,2.42,12.0,0.7,0.5,0.7,-1.2,1.08,3.01,0.91,3.0,3.08,12.0,0.7,0.5,0.7,1011.32,1012.0,1013.3,1012.3,3.0,1.47,12.0,0.7,0.5,0.7,1.6,3.0,5.0,3.3,3.0,2.5,12.0,0.7,0.5,0.7,-31.1,-16.7,-7.6,-19.3,3.0,17.4,12.0,0.7,0.5,0.7,-1.9,6.7,15.7,6.9,3.0,12.9,12.0,0.7,0.5,0.7,-2.24,-1.05,0.14,-1.05,2.0,2.47,4.0,0.5,0.6,0.8,-11.3,-5.0,1.4,-5.0,2.0,13.2,4.0,0.5,0.6,0.8,3.89,4.35,4.8,4.35,2.0,0.94,4.0,0.5,0.6,0.8,20.7,24.9,29.1,24.9,2.0,8.7,4.0,0.5,0.6,0.8,-141.5,-120.3,-99.0,-120.3,2.0,44.0,4.0,0.5,0.6,0.8,39.3,66.5,93.6,66.5,2.0,56.3,4.0,0.5,0.6,0.8,-87.2,-72.2,-57.3,-72.2,2.0,30.9,4.0,0.5,0.6,0.8,23.5,38.3,53.1,38.3,2.0,30.7,4.0,0.5,0.6,0.8,-27.6,-21.3,-15.0,-21.3,2.0,13.1,4.0,0.5,0.6,0.8,6.8,9.9,13.0,9.9,2.0,6.4,4.0,0.5,0.6,0.8,54.0,132.5,205.0,129.5,3.0,110.5,12.0,0.7,0.5,0.7,55.0,135.0,205.0,130.0,3.0,110.0,12.0,0.7,0.5,0.7
1974,2,236.0,-8.0,25.25,25.4,25.47,25.36,5.0,0.22,16.0,0.8,0.3,0.6,24.82,25.4,26.0,25.38,5.0,0.65,16.0,0.8,0.3,0.6,15.63,16.87,17.18,16.43,5.0,1.11,16.0,0.8,0.3,0.6,74.4,86.0,86.8,81.4,5.0,7.9,16.0,0.8,0.6,5.75,7.7,8.0,6.9,5.0,1.65,16.0,0.8,0.3,0.6,-8.0,-7.24,-4.96,-6.43,5.0,2.24,16.0,0.8,0.3,0.6,0.0,2.29,2.82,1.61,5.0,1.5,16.0,0.8,0.3,0.6,1009.09,1010.0,1011.95,1010.54,5.0,1.89,16.0,0.8,0.3,0.6,2.0,3.0,8.0,4.6,5.0,3.1,16.0,0.8,0.3,0.6,-64.0,-55.7,-30.7,-47.3,5.0,22.3,16.0,0.8,0.3,0.6,0.0,12.9,17.2,9.7,5.0,9.2,16.0,0.8,0.3,0.6,-0.47,0.0,0.44,-0.02,5.0,0.48,16.0,0.8,0.3,0.6,-2.5,0.0,3.4,0.3,5.0,3.3,16.0,0.8,0.3,0.6,2.88,3.29,4.86,3.83,5.0,1.23,16.0,0.8,0.3,0.6,20.7,22.9,30.7,25.6,5.0,7.8,16.0,0.8,0.3,0.6,-201.2,-177.3,-128.9,-162.5,5.0,55.0,16.0,0.8,0.3,0.6,0.0,59.6,70.8,41.2,5.0,38.5,16.0,0.8,0.3,0.6,-137.4,-122.0,-74.0,-106.5,5.0,40.3,16.0,0.8,0.3,0.6,0.0,33.5,46.8,25.8,5.0,24.3,16.0,0.8,0.3,0.6,-29.9,-22.9,-17.5,-23.6,5.0,8.9,16.0,0.8,0.3,0.6,0.0,7.6,13.3,6.9,5.0,6.7,16.0,0.8,0.3,0.6,216.0,456.5,512.0,370.0,5.0,189.0,16.0,0.8,0.3,0.6,215.0,455.0,510.0,370.0,5.0,190.0,16.0,0.8,0.3,0.6
1974,2,236.0,-7.0,25.32,26.0,27.23,26.27,3.0,1.42,10.0,0.0,0.6,0.9,23.38,24.2,24.75,24.07,3.0,1.01,10.0,0.0,0.6,0.9,15.77,16.56,17.21,16.49,3.0,1.06,10.0,0.0,0.6,0.9,85.2,88.0,91.4,88.3,3.0,4.5,10.0,0.0,0.9,4.76,5.1,5.85,5.3,3.0,0.82,10.0,0.0,0.6,0.9,-5.38,-4.42,-4.35,-4.86,3.0,0.84,10.0,0.0,0.6,0.9,1.75,2.12,2.41,2.08,3.0,0.49,10.0,0.0,0.6,0.9,1012.19,1012.6,1013.42,1012.8,3.0,0.92,10.0,0.0,0.6,0.9,1.0,1.0,4.4,2.7,3.0,2.9,10.0,0.0,0.6,0.9,-31.8,-22.5,-20.7,-26.2,3.0,8.7,10.0,0.0,0.6,0.9,9.1,13.0,13.1,11.1,3.0,3.4,10.0,0.0,0.6,0.9,1.86,2.0,2.55,2.2,3.0,0.53,10.0,0.0,0.6,0.9,9.6,12.4,13.7,11.7,3.0,3.1,10.0,0.0,0.6,0.9,3.78,4.4,6.04,4.9,3.0,1.71,10.0,0.0,0.6,0.9,19.6,27.3,32.4,26.0,3.0,9.4,10.0,0.0,0.6,0.9,-126.5,-110.4,-106.5,-116.3,3.0,15.6,10.0,0.0,0.6,0.9,41.5,48.8,59.0,50.2,3.0,12.9,10.0,0.0,0.6,0.9,-85.3,-75.7,-73.9,-79.5,3.0,8.9,10.0,0.0,0.6,0.9,29.2,32.7,39.2,34.1,3.0,7.4,10.0,0.0,0.6,0.9,-28.7,-25.6,-18.4,-23.6,3.0,7.7,10.0,0.0,0.6,0.9,6.7,9.3,14.8,10.7,3.0,6.1,10.0,0.0,0.6,0.9,108.5,132.5,205.0,156.0,3.0,73.5,10.0,0.0,0.6,0.9,110.0,135.0,205.0,155.0,3.0,75.0,10.0,0.0,0.6,0.9
1974,2,236.0,-5.0,24.66,25.0,25.68,25.17,3.0,0.76,14.0,0.7,0.4,0.5,25.02,25.5,25.7,25.37,3.0,0.51,14.0,0.7,0.4,0.5,16.45,16.65,17.05,16.75,3.0,0.44,14.0,0.7,0.4,0.5,80.0,82.0,86.2,83.1,3.0,4.6,14.0,0.7,0.5,7.52,8.2,8.2,7.87,3.0,0.58,14.0,0.7,0.4,0.5,-8.2,-8.2,-5.76,-7.01,3.0,2.06,14.0,0.7,0.4,0.5,0.0,0.0,3.76,1.84,3.0,3.18,14.0,0.7,0.4,0.5,1011.49,1013.2,1014.09,1012.8,3.0,1.93,14.0,0.7,0.4,0.5,2.0,4.0,4.7,3.3,3.0,2.1,14.0,0.7,0.4,0.5,-67.2,-67.2,-44.1,-55.9,3.0,19.6,14.0,0.7,0.4,0.5,0.0,0.0,27.1,13.2,3.0,22.9,14.0,0.7,0.4,0.5,-0.64,-0.3,0.25,-0.2,3.0,0.66,14.0,0.7,0.4,0.5,-5.2,-2.2,2.1,-1.5,3.0,5.4,14.0,0.7,0.4,0.5,2.45,3.41,4.04,3.25,3.0,1.17,14.0,0.7,0.4,0.5,18.7,28.0,33.1,25.9,3.0,10.7,14.0,0.7,0.4,0.5,-210.8,-209.1,-144.7,-178.5,3.0,55.2,14.0,0.7,0.4,0.5,0.0,0.0,93.4,45.6,3.0,79.0,14.0,0.7,0.4,0.5,-135.8,-134.2,-97.0,-116.8,3.0,32.1,14.0,0.7,0.4,0.5,0.0,0.0,64.9,31.7,3.0,54.9,14.0,0.7,0.4,0.5,-33.1,-28.0,-15.2,-24.2,3.0,13.5,14.0,0.7,0.4,0.5,0.0,0.0,7.5,3.7,3.0,6.4,14.0,0.7,0.4,0.5,430.0,551.5,551.5,492.0,3.0,103.0,14.0,0.7,0.4,0.5,430.0,550.0,550.0,490.0,3.0,105.0,14.0,0.7,0.4,0.5
1974,2,236.0,-4.0,25.8,25.8,25.8,25.8,1.0,0.0,10.0,0.0,1.0,0.5,24.0,24.0,24.0,24.0,1.0,0.0,10.0,0.0,1.0,0.5,13.7,13.7,13.7,13.7,1.0,0.0,10.0,0.0,1.0,0.5,73.6,73.6,73.6,73.6,1.0,0.0,10.0,0.0,0.5,6.2,6.2,6.2,6.2,1.0,0.0,10.0,0.0,1.0,0.5,-6.2,-6.2,-6.2,-6.2,1.0,0.0,10.0,0.0,1.0,0.5,0.0,0.0,0.0,0.0,1.0,0.0,10.0,0.0,1.0,0.5,1010.2,1010.2,1010.2,1010.2,1.0,0.0,10.0,0.0,1.0,0.5,3.0,3.0,3.0,3.0,1.0,0.0,10.0,0.0,1.0,0.5,-38.4,-38.4,-38.4,-38.4,1.0,0.0,10.0,0.0,1.0,0.5,0.0,0.0,0.0,0.0,1.0,0.0,10.0,0.0,1.0,0.5,1.8,1.8,1.8,1.8,1.0,0.0,10.0,0.0,1.0,0.5,11.2,11.2,11.2,11.2,1.0,0.0,10.0,0.0,1.0,0.5,7.11,7.11,7.11,7.11,1.0,0.0,10.0,0.0,1.0,0.5,44.1,44.1,44.1,44.1,1.0,0.0,10.0,0.0,1.0,0.5,-148.8,-148.8,-148.8,-148.8,1.0,0.0,10.0,0.0,1.0,0.5,0.0,0.0,0.0,0.0,1.0,0.0,10.0,0.0,1.0,0.5,-84.9,-84.9,-84.9,-84.9,1.0,0.0,10.0,0.0,1.0,0.5,0.0,0.0,0.0,0.0,1.0,0.0,10.0,0.0,1.0,0.5,-44.1,-44.1,-44.1,-44.1,1.0,0.0,10.0,0.0,1.0,0.5,0.0,0.0,0.0,0.0,1.0,0.0,10.0,0.0,1.0,0.5,238.5,238.5,238.5,238.5,1.0,0.0,10.0,0.0,1.0,0.5,240.0,240.0,240.0,240.0,1.0,0.0,10.0,0.0,1.0,0.5
1974,2,236.0,-3.0,22.6,22.6,22.6,22.6,1.0,0.0,4.0,1.0,0.1,0.4,24.8,24.8,24.8,24.8,1.0,0.0,4.0,1.0,0.1,0.4,16.38,16.38,16.38,16.38,1.0,0.0,4.0,1.0,0.1,0.4,83.9,83.9,83.9,83.9,1.0,0.0,4.0,1.0,0.4,3.6,3.6,3.6,3.6,1.0,0.0,4.0,1.0,0.1,0.4,-3.6,-3.6,-3.6,-3.6,1.0,0.0,4.0,1.0,0.1,0.4,0.0,0.0,0.0,0.0,1.0,0.0,4.0,1.0,0.1,0.4,1012.4,1012.4,1012.4,1012.4,1.0,0.0,4.0,1.0,0.1,0.4,2.0,2.0,2.0,2.0,1.0,0.0,4.0,1.0,0.1,0.4,-13.0,-13.0,-13.0,-13.0,1.0,0.0,4.0,1.0,0.1,0.4,0.0,0.0,0.0,0.0,1.0,0.0,4.0,1.0,0.1,0.4,-2.2,-2.2,-2.2,-2.2,1.0,0.0,4.0,1.0,0.1,0.4,-7.9,-7.9,-7.9,-7.9,1.0,0.0,4.0,1.0,0.1,0.4,0.72,0.72,0.72,0.72,1.0,0.0,4.0,1.0,0.1,0.4,2.6,2.6,2.6,2.6,1.0,0.0,4.0,1.0,0.1,0.4,-89.3,-89.3,-89.3,-89.3,1.0,0.0,4.0,1.0,0.1,0.4,0.0,0.0,0.0,0.0,1.0,0.0,4.0,1.0,0.1,0.4,-59.0,-59.0,-59.0,-59.0,1.0,0.0,4.0,1.0,0.1,0.4,0.0,0.0,0.0,0.0,1.0,0.0,4.0,1.0,0.1,0.4,-2.6,-2.6,-2.6,-2.6,1.0,0.0,4.0,1.0,0.1,0.4,0.0,0.0,0.0,0.0,1.0,0.0,4.0,1.0,0.1,0.4,46.5,46.5,46.5,46.5,1.0,0.0,4.0,1.0,0.1,0.4,45.0,45.0,45.0,45.0,1.0,0.0,4.0,1.0,0.1,0.4
1974,2,236.0,6.0,25.6,25.6,25.6,25.6,1.0,0.0,22.0,1.0,0.3,0.9,24.8,24.8,24.8,24.8,1.0,0.0,22.0,1.0,0.3,0.9,16.78,16.78,16.78,16.78,1.0,0.0,22.0,1.0,0.3,0.9,86.0,86.0,86.0,86.0,1.0,0.0,22.0,1.0,0.9,7.7,7.7,7.7,7.7,1.0,0.0,22.0,1.0,0.3,0.9,-5.9,-5.9,-5.9,-5.9,1.0,0.0,22.0,1.0,0.3,0.9,-4.95,-4.95,-4.95,-4.95,1.0,0.0,22.0,1.0,0.3,0.9,1012.5,1012.5,1012.5,1012.5,1.0,0.0,22.0,1.0,0.3,0.9,8.0,8.0,8.0,8.0,1.0,0.0,22.0,1.0,0.3,0.9,-45.4,-45.4,-45.4,-45.4,1.0,0.0,22.0,1.0,0.3,0.9,-38.1,-38.1,-38.1,-38.1,1.0,0.0,22.0,1.0,0.3,0.9,0.8,0.8,0.8,0.8,1.0,0.0,22.0,1.0,0.3,0.9,6.2,6.2,6.2,6.2,1.0,0.0,22.0,1.0,0.3,0.9,3.73,3.73,3.73,3.73,1.0,0.0,22.0,1.0,0.3,0.9,28.7,28.7,28.7,28.7,1.0,0.0,22.0,1.0,0.3,0.9,-146.3,-146.3,-146.3,-146.3,1.0,0.0,22.0,1.0,0.3,0.9,-122.7,-122.7,-122.7,-122.7,1.0,0.0,22.0,1.0,0.3,0.9,-99.0,-99.0,-99.0,-99.0,1.0,0.0,22.0,1.0,0.3,0.9,-83.1,-83.1,-83.1,-83.1,1.0,0.0,22.0,1.0,0.3,0.9,-22.0,-22.0,-22.0,-22.0,1.0,0.0,22.0,1.0,0.3,0.9,-18.5,-18.5,-18.5,-18.5,1.0,0.0,22.0,1.0,0.3,0.9,456.5,456.5,456.5,456.5,1.0,0.0,22.0,1.0,0.3,0.9,455.0,455.0,455.0,455.0,1.0,0.0,22.0,1.0,0.3,0.9
1974,2,236.0,7.0,26.3,26.3,26.3,26.3,1.0,0.0,18.0,0.0,1.0,0.0,25.0,25.0,25.0,25.0,1.0,0.0,18.0,0.0,1.0,0.0,16.11,16.11,16.11,16.11,1.0,0.0,18.0,0.0,1.0,0.0,81.4,81.4,81.4,81.4,1.0,0.0,18.0,0.0,0.0,,,,,,,,,,,,,,,,,,,,,,,,,,,,,,,,,,,,,,,,,,,,,,,,,,,,,,,,,,,,,,,,,,,,,,,,,,,,,,,,,,,,,,,,,,,,,,,,,,,,,,,,,,,,,,,,,,,,,,,,,,,,,,,,,,,,,,,,,,,,,,,,,,,,,,,,,,,,,,,,,,,,,,,,,,,,,,,,,,,,,,,,,,,,,,
1974,2,236.0,10.0,25.58,25.75,25.92,25.75,2.0,0.35,24.0,1.0,0.6,0.3,25.06,25.2,25.34,25.2,2.0,0.28,24.0,1.0,0.6,0.3,16.55,16.55,16.55,16.55,1.0,0.0,20.0,1.0,0.8,0.0,83.9,83.9,83.9,83.9,1.0,0.0,20.0,1.0,0.0,10.41,10.65,10.89,10.65,2.0,0.49,24.0,1.0,0.6,0.3,-8.84,-8.67,-8.5,-8.67,2.0,0.35,24.0,1.0,0.6,0.3,-6.77,-6.11,-5.45,-6.11,2.0,1.36,24.0,1.0,0.6,0.3,1012.2,1013.05,1013.9,1013.05,2.0,1.77,24.0,1.0,0.6,0.3,5.2,5.5,5.8,5.5,2.0,0.7,24.0,1.0,0.6,0.3,-92.6,-92.3,-92.0,-92.3,2.0,0.6,24.0,1.0,0.6,0.3,-73.9,-65.4,-57.0,-65.4,2.0,17.5,24.0,1.0,0.6,0.3,0.24,0.55,0.86,0.55,2.0,0.64,24.0,1.0,0.6,0.3,2.6,5.7,8.8,5.7,2.0,6.5,24.0,1.0,0.6,0.3,4.43,4.43,4.43,4.43,1.0,0.0,20.0,1.0,0.8,0.0,45.6,45.6,45.6,45.6,1.0,0.0,20.0,1.0,0.8,0.0,-221.6,-218.5,-215.5,-218.5,2.0,6.3,24.0,1.0,0.6,0.3,-171.5,-154.2,-136.8,-154.2,2.0,36.0,24.0,1.0,0.6,0.3,-147.6,-147.6,-147.6,-147.6,1.0,0.0,20.0,1.0,0.8,0.0,-85.2,-85.2,-85.2,-85.2,1.0,0.0,20.0,1.0,0.8,0.0,-39.5,-39.5,-39.5,-39.5,1.0,0.0,20.0,1.0,0.8,0.0,-22.8,-22.8,-22.8,-22.8,1.0,0.0,20.0,1.0,0.8,0.0,1130.5,1212.0,1293.0,1212.0,2.0,168.5,24.0,1.0,0.6,0.3,1130.0,1210.0,1295.0,1210.0,2.0,170.0,24.0,1.0,0.6,0.3
1974,2,236.0,12.0,,,,,,,,,,,,,,,,,,,,,,,,,,,,,,,,,,,,,,,,8.2,8.2,8.2,8.2,1.0,0.0,28.0,0.0,0.3,0.7,-6.28,-6.28,-6.28,-6.28,1.0,0.0,28.0,0.0,0.3,0.7,-5.27,-5.27,-5.27,-5.27,1.0,0.0,28.0,0.0,0.3,0.7,1011.7,1011.7,1011.7,1011.7,1.0,0.0,28.0,0.0,0.3,0.7,,,,,,,,,,,,,,,,,,,,,,,,,,,,,,,,,,,,,,,,,,,,,,,,,,,,,,,,,,,,,,,,,,,,,,,,,,,,,,,,,,,,,,,,,,,,,,,,,,,,,,,,,,,,,,,,,,,,,,,,,,,,,,,,,,,,,,,,,,,,,,,,,,,,,,
1974,2,236.0,13.0,24.8,25.0,25.0,24.9,3.0,0.17,20.0,0.7,0.5,0.6,22.99,23.4,23.47,23.23,3.0,0.38,20.0,0.7,0.5,0.6,13.73,13.85,13.97,13.85,2.0,0.25,16.0,0.5,0.6,0.5,77.1,78.7,80.4,78.7,2.0,3.4,16.0,0.5,0.5,5.7,5.7,9.32,7.47,3.0,3.06,20.0,0.7,0.5,0.6,-6.91,-3.66,-3.11,-4.98,3.0,3.01,20.0,0.7,0.5,0.6,-6.39,-4.94,-4.55,-5.46,3.0,1.43,20.0,0.7,0.5,0.6,1011.93,1012.0,1012.34,1012.13,3.0,0.32,20.0,0.7,0.5,0.6,5.0,7.0,7.7,6.3,3.0,2.1,20.0,0.7,0.5,0.6,-69.9,-20.9,-17.7,-43.3,3.0,42.9,20.0,0.7,0.5,0.6,-62.0,-28.1,-25.9,-43.6,3.0,29.6,20.0,0.7,0.5,0.6,1.53,1.6,1.8,1.67,3.0,0.21,20.0,0.7,0.5,0.6,9.7,10.8,14.7,12.2,3.0,3.9,20.0,0.7,0.5,0.6,5.53,5.77,6.01,5.77,2.0,0.5,16.0,0.5,0.6,0.5,31.5,32.9,34.3,32.9,2.0,2.8,16.0,0.5,0.6,0.5,-162.4,-85.7,-71.6,-116.2,3.0,71.6,20.0,0.7,0.5,0.6,-149.1,-112.5,-105.5,-127.0,3.0,34.3,20.0,0.7,0.5,0.6,-48.5,-45.0,-41.6,-45.0,2.0,7.2,16.0,0.5,0.6,0.5,-67.7,-64.5,-61.2,-64.5,2.0,6.7,16.0,0.5,0.6,0.5,-21.3,-18.9,-16.6,-18.9,2.0,4.9,16.0,0.5,0.6,0.5,-26.7,-26.7,-26.7,-26.7,2.0,0.0,16.0,0.5,0.6,0.5,185.0,185.0,967.5,567.0,3.0,661.5,20.0,0.7,0.5,0.6,185.0,185.0,965.0,565.0,3.0,660.0,20.0,0.7,0.5,0.6
1974,2,236.0,14.0,23.99,24.4,24.81,24.4,2.0,0.85,18.0,0.5,0.3,0.5,22.96,23.3,23.64,23.3,2.0,0.71,18.0,0.5,0.3,0.5,13.94,15.34,16.73,15.34,2.0,2.89,18.0,0.5,0.3,0.5,80.0,85.9,91.9,85.9,2.0,12.4,18.0,0.5,0.5,4.68,4.85,5.02,4.85,2.0,0.35,18.0,0.5,0.3,0.5,-3.21,-1.55,0.11,-1.55,2.0,3.44,18.0,0.5,0.3,0.5,-4.59,-3.66,-2.73,-3.66,2.0,1.93,18.0,0.5,0.3,0.5,1014.36,1014.5,1014.64,1014.5,2.0,0.28,18.0,0.5,0.3,0.5,5.5,6.5,7.5,6.5,2.0,2.1,18.0,0.5,0.3,0.5,-14.7,-6.9,0.9,-6.9,2.0,16.2,18.0,0.5,0.3,0.5,-23.2,-18.1,-13.0,-18.1,2.0,10.6,18.0,0.5,0.3,0.5,0.35,1.1,1.85,1.1,2.0,1.56,18.0,0.5,0.3,0.5,1.8,5.6,9.4,5.6,2.0,7.9,18.0,0.5,0.3,0.5,1.85,3.71,5.58,3.71,2.0,3.86,18.0,0.5,0.3,0.5,9.0,18.7,28.4,18.7,2.0,20.1,18.0,0.5,0.3,0.5,-76.6,-37.3,1.9,-37.3,2.0,81.3,18.0,0.5,0.3,0.5,-105.0,-84.6,-64.2,-84.6,2.0,42.3,18.0,0.5,0.3,0.5,-56.4,-28.7,-1.1,-28.7,2.0,57.3,18.0,0.5,0.3,0.5,-62.5,-53.4,-44.2,-53.4,2.0,19.0,18.0,0.5,0.3,0.5,-2.4,0.9,4.2,0.9,2.0,6.8,18.0,0.5,0.3,0.5,-27.6,-17.3,-7.0,-17.3,2.0,21.3,18.0,0.5,0.3,0.5,103.0,115.0,127.0,115.0,2.0,25.0,18.0,0.5,0.3,0.5,105.0,115.0,125.0,115.0,2.0,25.0,18.0,0.5,0.3,0.5
1974,2,236.0,15.0,22.16,22.5,23.05,22.6,3.0,0.66,14.0,0.7,0.5,0.6,21.29,21.7,22.04,21.67,3.0,0.55,14.0,0.7,0.5,0.6,14.06,14.31,14.57,14.31,2.0,0.53,16.0,0.5,0.6,0.6,90.2,90.6,91.0,90.6,2.0,0.8,16.0,0.5,0.6,8.89,10.8,11.14,10.03,3.0,1.78,14.0,0.7,0.5,0.6,-8.69,-7.26,-6.49,-7.58,3.0,1.64,14.0,0.7,0.5,0.6,-7.62,-5.4,-5.22,-6.4,3.0,1.96,14.0,0.7,0.5,0.6,1016.33,1017.9,1018.51,1017.43,3.0,1.65,14.0,0.7,0.5,0.6,8.0,8.0,8.0,8.0,3.0,0.0,14.0,0.7,0.5,0.6,-95.0,-82.1,-59.5,-77.4,3.0,26.3,14.0,0.7,0.5,0.6,-85.3,-58.3,-46.6,-65.8,3.0,29.1,14.0,0.7,0.5,0.6,0.31,1.4,1.54,0.93,3.0,0.99,14.0,0.7,0.5,0.6,3.9,15.8,16.8,10.5,3.0,10.5,14.0,0.7,0.5,0.6,2.98,3.03,3.08,3.03,2.0,0.1,16.0,0.5,0.6,0.6,33.5,33.5,33.5,33.5,2.0,0.0,16.0,0.5,0.6,0.6,-187.2,-153.3,-141.5,-164.1,3.0,34.7,14.0,0.7,0.5,0.6,-161.9,-117.2,-115.1,-138.0,3.0,38.7,14.0,0.7,0.5,0.6,-131.6,-119.3,-107.0,-119.3,2.0,25.6,16.0,0.5,0.6,0.6,-114.1,-100.0,-85.9,-100.0,2.0,29.2,16.0,0.5,0.6,0.6,-27.8,-25.2,-22.7,-25.2,2.0,5.3,16.0,0.5,0.6,0.6,-24.2,-21.2,-18.2,-21.2,2.0,6.3,16.0,0.5,0.6,0.6,749.5,1259.5,1385.0,1071.5,3.0,493.0,14.0,0.7,0.5,0.6,750.0,1260.0,1385.0,1070.0,3.0,495.0,14.0,0.7,0.5,0.6
1974,2,236.0,16.0,21.9,22.9,23.02,22.57,6.0,0.66,16.0,0.5,0.4,0.5,20.4,21.35,22.1,21.28,6.0,0.93,16.0,0.5,0.4,0.5,10.57,12.13,14.05,12.3,4.0,2.03,16.0,0.8,0.6,0.7,69.8,79.1,88.6,79.2,4.0,11.1,16.0,0.8,0.7,5.1,8.9,13.11,9.13,6.0,3.92,16.0,0.5,0.4,0.5,-8.78,-7.58,-3.46,-6.63,6.0,3.25,16.0,0.5,0.4,0.5,-9.13,-5.87,-2.85,-5.84,6.0,3.35,16.0,0.5,0.4,0.5,1017.09,1018.15,1019.27,1018.1,6.0,1.64,16.0,0.5,0.4,0.5,7.0,8.0,8.0,7.7,6.0,0.5,16.0,0.5,0.4,0.5,-115.4,-68.8,-17.6,-70.2,6.0,53.9,16.0,0.5,0.4,0.5,-124.9,-49.7,-15.0,-62.7,6.0,54.1,16.0,0.5,0.4,0.5,0.69,1.25,2.09,1.28,6.0,1.1,16.0,0.5,0.4,0.5,5.0,14.1,17.9,12.2,6.0,9.2,16.0,0.5,0.4,0.5,2.09,4.52,6.77,4.44,4.0,2.7,16.0,0.8,0.6,0.7,20.3,33.2,54.7,37.3,4.0,26.4,16.0,0.8,0.6,0.7,-186.2,-163.7,-77.0,-141.1,6.0,67.4,16.0,0.5,0.4,0.5,-188.6,-122.6,-64.1,-123.0,6.0,69.6,16.0,0.5,0.4,0.5,-117.9,-72.5,-36.5,-77.0,4.0,53.4,16.0,0.8,0.6,0.7,-98.9,-62.2,-48.7,-73.3,4.0,34.2,16.0,0.8,0.6,0.7,-41.0,-18.1,-9.5,-24.9,4.0,22.0,16.0,0.8,0.6,0.7,-40.1,-26.4,-13.0,-26.5,4.0,17.3,16.0,0.8,0.6,0.7,132.5,801.5,2258.0,1116.5,6.0,1102.5,16.0,0.5,0.4,0.5,135.0,800.0,2260.0,1115.0,6.0,1105.0,16.0,0.5,0.4,0.5
1974,2,236.0,17.0,22.08,22.5,22.97,22.53,4.0,0.69,8.0,0.8,0.7,0.6,20.43,21.2,22.13,21.28,4.0,1.13,8.0,0.8,0.7,0.6,9.79,11.66,13.48,11.64,4.0,2.13,8.0,0.8,0.7,0.6,62.8,71.8,86.4,74.5,4.0,15.0,8.0,0.8,0.6,5.1,6.45,7.22,6.18,4.0,1.52,8.0,0.8,0.7,0.6,-5.17,-4.63,-3.7,-4.44,4.0,0.97,8.0,0.8,0.7,0.6,-5.53,-4.12,-2.86,-4.19,4.0,1.57,8.0,0.8,0.7,0.6,1013.43,1016.0,1018.57,1016.0,4.0,3.37,8.0,0.8,0.7,0.6,2.0,4.5,7.0,4.5,4.0,3.1,8.0,0.8,0.7,0.6,-35.8,-31.1,-20.5,-28.3,4.0,10.9,8.0,0.8,0.7,0.6,-40.2,-26.8,-14.8,-27.5,4.0,15.4,8.0,0.8,0.7,0.6,0.75,0.9,1.79,1.25,4.0,0.84,8.0,0.8,0.7,0.6,4.4,6.4,11.3,7.8,4.0,5.4,8.0,0.8,0.7,0.6,3.88,5.3,6.78,5.33,4.0,1.79,8.0,0.8,0.7,0.6,19.5,33.8,48.3,33.9,4.0,16.6,8.0,0.8,0.7,0.6,-105.5,-98.0,-81.4,-93.7,4.0,16.2,8.0,0.8,0.7,0.6,-117.1,-86.2,-60.9,-88.9,4.0,32.7,8.0,0.8,0.7,0.6,-61.9,-45.7,-41.6,-51.5,4.0,15.0,8.0,0.8,0.7,0.6,-54.4,-45.8,-38.5,-46.4,4.0,10.2,8.0,0.8,0.7,0.6,-31.1,-24.0,-15.9,-23.5,4.0,8.8,8.0,0.8,0.7,0.6,-37.0,-23.9,-11.0,-24.0,4.0,15.0,8.0,0.8,0.7,0.6,149.5,269.5,382.5,266.0,4.0,160.5,8.0,0.8,0.7,0.6,150.0,270.0,380.0,265.0,4.0,160.0,8.0,0.8,0.7,0.6
1974,2,236.0,18.0,21.17,22.7,24.15,22.99,7.0,2.21,20.0,0.7,0.7,0.4,19.13,21.15,22.83,21.25,8.0,1.86,18.0,0.8,0.8,0.4,9.73,12.75,13.31,12.04,7.0,1.89,20.0,0.7,0.8,0.4,71.1,72.3,83.5,76.5,7.0,8.7,20.0,0.7,0.4,5.1,6.7,11.24,7.83,8.0,3.01,18.0,0.8,0.8,0.4,-8.95,-5.35,-3.02,-6.12,8.0,3.08,18.0,0.8,0.8,0.4,-6.72,-4.68,-2.03,-4.39,8.0,2.19,18.0,0.8,0.8,0.4,1015.0,1016.15,1018.94,1016.79,8.0,2.29,18.0,0.8,0.8,0.4,6.0,7.0,7.9,6.6,8.0,1.3,18.0,0.8,0.8,0.4,-104.7,-34.9,-16.9,-55.4,8.0,45.0,18.0,0.8,0.8,0.4,-70.9,-25.3,-14.0,-37.2,8.0,29.5,18.0,0.8,0.8,0.4,-1.74,2.2,2.78,1.73,7.0,3.52,20.0,0.7,0.7,0.4,-8.9,12.8,29.0,19.2,7.0,34.2,20.0,0.7,0.7,0.4,3.79,5.62,7.89,6.11,6.0,3.7,22.0,0.7,0.8,0.4,19.5,39.1,81.2,52.4,6.0,46.8,22.0,0.7,0.8,0.4,-186.1,-120.7,-68.7,-126.5,8.0,56.0,18.0,0.8,0.8,0.4,-129.2,-99.7,-43.8,-92.1,8.0,44.1,18.0,0.8,0.8,0.4,-80.7,-64.2,-37.6,-64.3,7.0,25.3,20.0,0.7,0.8,0.4,-65.4,-55.4,-22.1,-46.3,7.0,20.0,20.0,0.7,0.8,0.4,-73.7,-29.9,-11.8,-41.6,6.0,38.2,22.0,0.7,0.8,0.4,-44.3,-17.6,-8.1,-28.8,6.0,31.1,22.0,0.7,0.8,0.4,132.5,321.0,1422.5,673.0,8.0,659.0,18.0,0.8,0.8,0.4,135.0,320.0,1425.0,675.0,8.0,660.0,18.0,0.8,0.8,0.4
1974,2,236.0,19.0,20.77,21.35,21.93,21.35,2.0,1.2,8.0,0.5,0.5,0.4,18.32,19.0,19.27,18.8,3.0,0.72,12.0,0.3,0.6,0.5,9.16,10.28,10.87,10.02,3.0,1.27,12.0,0.3,0.6,0.5,68.2,81.0,81.8,75.2,3.0,11.2,12.0,0.3,0.5,6.41,10.3,11.32,8.9,3.0,3.8,12.0,0.3,0.6,0.5,-8.5,-7.58,-3.98,-6.27,3.0,3.5,12.0,0.3,0.6,0.5,-7.8,-5.15,-4.35,-6.06,3.0,2.65,12.0,0.3,0.6,0.5,1019.33,1019.4,1021.58,1020.43,3.0,1.88,12.0,0.3,0.6,0.5,8.0,8.0,8.0,8.0,3.0,0.0,12.0,0.3,0.6,0.5,-91.1,-89.5,-35.6,-64.0,3.0,46.3,12.0,0.3,0.6,0.5,-89.6,-53.0,-29.3,-59.3,3.0,44.5,12.0,0.3,0.6,0.5,1.71,2.15,2.59,2.15,2.0,0.92,8.0,0.5,0.5,0.4,10.4,17.9,25.4,17.9,2.0,15.5,8.0,0.5,0.5,0.4,4.43,5.85,7.27,5.85,2.0,2.94,8.0,0.5,0.5,0.4,27.5,49.5,71.5,49.5,2.0,45.5,8.0,0.5,0.5,0.4,-161.5,-136.5,-73.2,-117.8,3.0,66.7,12.0,0.3,0.6,0.5,-142.8,-99.9,-83.4,-112.8,3.0,44.9,12.0,0.3,0.6,0.5,-77.7,-77.0,-41.9,-60.2,3.0,30.0,12.0,0.3,0.6,0.5,-77.5,-44.5,-44.4,-60.6,3.0,28.0,12.0,0.3,0.6,0.5,-60.9,-39.7,-18.5,-39.7,2.0,43.9,8.0,0.5,0.5,0.4,-36.7,-27.9,-19.1,-27.9,2.0,18.3,8.0,0.5,0.5,0.4,413.5,1092.5,1468.5,944.5,3.0,783.5,12.0,0.3,0.6,0.5,415.0,1095.0,1470.0,945.0,3.0,785.0,12.0,0.3,0.6,0.5
1974,2,236.0,20.0,,,,,,,,,,,,,,,,,,,,,,,,,,,,,,,,,,,,,,,,6.94,7.45,7.96,7.45,2.0,1.06,20.0,0.5,0.4,0.6,-3.63,-2.63,-1.63,-2.63,2.0,2.08,20.0,0.5,0.4,0.6,-7.02,-6.85,-6.68,-6.85,2.0,0.36,20.0,0.5,0.4,0.6,1017.32,1018.0,1018.68,1018.0,2.0,1.41,20.0,0.5,0.4,0.6,,,,,,,,,,,,,,,,,,,,,,,,,,,,,,,,,,,,,,,,,,,,,,,,,,,,,,,,,,,,,,,,,,,,,,,,,,,,,,,,,,,,,,,,,,,,,,,,,,,,,,,,,,,,,,,,,,,,,,,,,,,,,,,,,,,,,,,,,,,,,,,,,,,,,,
1974,2,236.0,21.0,19.5,19.5,19.5,19.5,1.0,0.0,22.0,1.0,0.6,0.5,18.5,18.5,18.5,18.5,1.0,0.0,22.0,1.0,0.6,0.5,10.77,10.77,10.77,10.77,1.0,0.0,22.0,1.0,0.6,0.5,82.1,82.1,82.1,82.1,1.0,0.0,22.0,1.0,0.5,8.2,8.2,8.2,8.2,1.0,0.0,22.0,1.0,0.6,0.5,-5.27,-5.27,-5.27,-5.27,1.0,0.0,22.0,1.0,0.6,0.5,-6.28,-6.28,-6.28,-6.28,1.0,0.0,22.0,1.0,0.6,0.5,1021.3,1021.3,1021.3,1021.3,1.0,0.0,22.0,1.0,0.6,0.5,6.0,6.0,6.0,6.0,1.0,0.0,22.0,1.0,0.6,0.5,-43.2,-43.2,-43.2,-43.2,1.0,0.0,22.0,1.0,0.6,0.5,-51.5,-51.5,-51.5,-51.5,1.0,0.0,22.0,1.0,0.6,0.5,1.0,1.0,1.0,1.0,1.0,0.0,22.0,1.0,0.6,0.5,8.2,8.2,8.2,8.2,1.0,0.0,22.0,1.0,0.6,0.5,3.21,3.21,3.21,3.21,1.0,0.0,22.0,1.0,0.6,0.5,26.3,26.3,26.3,26.3,1.0,0.0,22.0,1.0,0.6,0.5,-97.5,-97.5,-97.5,-97.5,1.0,0.0,22.0,1.0,0.6,0.5,-116.2,-116.2,-116.2,-116.2,1.0,0.0,22.0,1.0,0.6,0.5,-56.8,-56.8,-56.8,-56.8,1.0,0.0,22.0,1.0,0.6,0.5,-67.6,-67.6,-67.6,-67.6,1.0,0.0,22.0,1.0,0.6,0.5,-16.9,-16.9,-16.9,-16.9,1.0,0.0,22.0,1.0,0.6,0.5,-20.2,-20.2,-20.2,-20.2,1.0,0.0,22.0,1.0,0.6,0.5,551.5,551.5,551.5,551.5,1.0,0.0,22.0,1.0,0.6,0.5,550.0,550.0,550.0,550.0,1.0,0.0,22.0,1.0,0.6,0.5
1974,2,236.0,22.0,18.29,18.9,19.08,18.7,6.0,0.65,18.0,0.3,0.4,0.4,17.21,17.5,18.12,17.53,6.0,0.61,18.0,0.3,0.4,0.4,8.57,9.32,9.57,9.13,6.0,0.56,18.0,0.3,0.4,0.4,71.2,74.0,75.9,73.8,6.0,2.5,18.0,0.3,0.4,1.67,3.9,7.3,4.13,6.0,3.16,18.0,0.3,0.4,0.4,-3.86,-2.35,-1.07,-2.39,6.0,1.65,18.0,0.3,0.4,0.4,-5.87,-2.99,0.08,-3.06,6.0,3.11,18.0,0.3,0.4,0.4,1016.62,1018.15,1019.52,1018.3,6.0,1.88,18.0,0.3,0.4,0.4,5.2,6.0,7.2,5.8,6.0,2.0,18.0,0.3,0.4,0.4,-23.5,-12.3,-2.2,-13.6,6.0,13.2,18.0,0.3,0.4,0.4,-43.0,-14.1,0.2,-20.5,6.0,23.6,18.0,0.3,0.4,0.4,0.96,1.15,1.42,1.17,6.0,0.27,18.0,0.3,0.4,0.4,2.2,5.2,7.8,4.8,6.0,3.3,18.0,0.3,0.4,0.4,4.0,4.18,4.45,4.21,6.0,0.41,18.0,0.3,0.4,0.4,7.1,17.5,27.2,16.9,6.0,12.3,18.0,0.3,0.4,0.4,-67.6,-40.4,-18.6,-41.6,6.0,28.8,18.0,0.3,0.4,0.4,-101.2,-52.2,1.4,-52.3,6.0,52.6,18.0,0.3,0.4,0.4,-35.8,-20.9,-9.3,-21.9,6.0,15.6,18.0,0.3,0.4,0.4,-54.1,-27.0,0.7,-27.1,6.0,27.3,18.0,0.3,0.4,0.4,-16.1,-9.8,-5.2,-9.8,6.0,6.2,18.0,0.3,0.4,0.4,-22.0,-13.4,0.3,-12.5,6.0,12.4,18.0,0.3,0.4,0.4,7.5,97.0,390.5,172.0,6.0,202.0,18.0,0.3,0.4,0.4,5.0,95.0,390.0,170.0,6.0,200.0,18.0,0.3,0.4,0.4
1974,2,236.0,23.0,18.45,19.75,20.0,19.25,4.0,1.19,8.0,0.8,0.6,0.5,17.0,17.5,18.42,17.7,4.0,0.87,8.0,0.8,0.6,0.5,9.21,9.22,9.81,9.5,4.0,0.56,8.0,0.8,0.6,0.5,74.7,77.2,77.3,76.1,4.0,2.3,8.0,0.8,0.5,7.41,9.3,9.3,8.4,4.0,1.8,8.0,0.8,0.6,0.5,-5.98,-3.8,-1.29,-3.64,4.0,2.71,8.0,0.8,0.6,0.5,-8.19,-7.12,-6.33,-7.26,4.0,1.46,8.0,0.8,0.6,0.5,1017.38,1019.5,1021.21,1019.3,4.0,2.65,8.0,0.8,0.6,0.5,3.5,5.0,6.5,5.0,4.0,1.8,8.0,0.8,0.6,0.5,-55.6,-35.3,-10.1,-33.0,4.0,26.4,8.0,0.8,0.6,0.5,-76.2,-66.3,-48.3,-62.4,4.0,22.2,8.0,0.8,0.6,0.5,0.31,1.85,2.76,1.55,4.0,1.56,8.0,0.8,0.6,0.5,0.8,15.0,25.7,13.3,4.0,15.0,8.0,0.8,0.6,0.5,3.61,4.47,5.01,4.32,4.0,0.92,8.0,0.8,0.6,0.5,26.2,36.7,46.6,36.4,4.0,12.0,8.0,0.8,0.6,0.5,-104.8,-64.5,-22.8,-63.8,4.0,47.3,8.0,0.8,0.6,0.5,-142.6,-124.7,-112.9,-127.6,4.0,21.0,8.0,0.8,0.6,0.5,-55.1,-34.9,-12.5,-33.8,4.0,24.6,8.0,0.8,0.6,0.5,-75.6,-65.6,-61.6,-68.5,4.0,11.3,8.0,0.8,0.6,0.5,-23.8,-13.5,-6.2,-14.9,4.0,10.9,8.0,0.8,0.6,0.5,-41.3,-28.7,-22.7,-31.9,4.0,12.0,8.0,0.8,0.6,0.5,480.0,804.5,804.5,649.5,4.0,309.5,8.0,0.8,0.6,0.5,480.0,805.0,805.0,650.0,4.0,310.0,8.0,0.8,0.6,0.5
1974,2,236.0,24.0,17.06,17.2,17.61,17.33,3.0,0.42,12.0,0.7,0.4,0.5,16.22,16.7,17.25,16.73,3.0,0.75,12.0,0.7,0.4,0.5,8.5,8.57,9.18,8.84,3.0,0.55,12.0,0.7,0.4,0.5,74.2,76.1,76.6,75.4,3.0,1.9,12.0,0.7,0.5,6.86,7.2,7.2,7.03,3.0,0.29,12.0,0.7,0.4,0.5,-6.05,-5.52,-1.75,-3.94,3.0,3.43,12.0,0.7,0.4,0.5,-6.38,-4.63,-3.03,-4.71,3.0,2.46,12.0,0.7,0.4,0.5,1020.29,1020.7,1023.77,1022.0,3.0,2.79,12.0,0.7,0.4,0.5,3.2,8.0,8.0,5.7,3.0,4.0,12.0,0.7,0.4,0.5,-41.4,-39.7,-12.6,-27.3,3.0,23.7,12.0,0.7,0.4,0.5,-46.0,-33.3,-21.1,-33.5,3.0,18.2,12.0,0.7,0.4,0.5,0.36,0.5,0.84,0.6,3.0,0.36,12.0,0.7,0.4,0.5,2.5,3.6,6.1,4.3,3.0,2.7,12.0,0.7,0.4,0.5,3.21,3.41,3.49,3.35,3.0,0.22,12.0,0.7,0.4,0.5,22.0,24.6,25.1,23.6,3.0,2.4,12.0,0.7,0.4,0.5,-103.2,-88.2,-28.0,-66.1,3.0,58.3,12.0,0.7,0.4,0.5,-105.6,-74.0,-50.9,-78.1,3.0,40.2,12.0,0.7,0.4,0.5,-55.5,-46.7,-14.8,-35.4,3.0,31.4,12.0,0.7,0.4,0.5,-54.6,-39.2,-27.3,-40.9,3.0,20.1,12.0,0.7,0.4,0.5,-19.3,-18.8,-6.0,-12.8,3.0,11.1,12.0,0.7,0.4,0.5,-22.3,-15.8,-9.9,-16.1,3.0,9.1,12.0,0.7,0.4,0.5,324.0,373.0,373.0,349.0,3.0,42.0,12.0,0.7,0.4,0.5,325.0,375.0,375.0,350.0,3.0,40.0,12.0,0.7,0.4,0.5
1974,2,236.0,25.0,16.83,18.5,19.79,18.27,10.0,1.41,18.0,0.5,0.6,0.6,15.54,16.0,19.14,16.95,10.0,2.02,18.0,0.5,0.6,0.6,7.93,8.63,9.6,8.71,10.0,0.84,18.0,0.5,0.6,0.6,61.1,76.1,86.2,74.2,10.0,12.5,18.0,0.5,0.6,2.81,5.1,8.27,5.29,10.0,2.96,18.0,0.5,0.6,0.6,-4.83,-2.81,-0.38,-2.72,10.0,2.05,18.0,0.5,0.6,0.6,-6.82,-3.95,-2.07,-4.23,10.0,2.73,18.0,0.5,0.6,0.6,1018.39,1021.1,1024.0,1021.22,10.0,2.65,18.0,0.5,0.6,0.6,2.4,7.5,8.0,6.1,10.0,2.6,18.0,0.5,0.6,0.6,-35.4,-15.4,-1.9,-18.2,10.0,16.5,18.0,0.5,0.6,0.6,-57.0,-21.2,-6.0,-29.2,10.0,27.7,18.0,0.5,0.6,0.6,-1.74,1.55,3.79,1.32,10.0,2.55,18.0,0.5,0.6,0.6,-10.4,9.0,17.7,7.0,10.0,17.6,18.0,0.5,0.6,0.6,2.3,4.6,5.84,4.27,10.0,1.56,18.0,0.5,0.6,0.6,13.6,19.5,35.5,22.5,10.0,13.1,18.0,0.5,0.6,0.6,-86.8,-48.1,-5.7,-47.8,10.0,38.4,18.0,0.5,0.6,0.6,-116.8,-63.2,-36.8,-70.6,10.0,43.8,18.0,0.5,0.6,0.6,-40.0,-24.2,-2.8,-23.8,10.0,18.3,18.0,0.5,0.6,0.6,-60.8,-33.1,-17.3,-37.0,10.0,25.8,18.0,0.5,0.6,0.6,-14.2,-11.9,-2.2,-10.5,10.0,7.5,18.0,0.5,0.6,0.6,-32.6,-17.0,-8.0,-18.6,10.0,13.1,18.0,0.5,0.6,0.6,23.0,132.5,572.0,267.5,10.0,289.5,18.0,0.5,0.6,0.6,25.0,135.0,570.0,265.0,10.0,290.0,18.0,0.5,0.6,0.6
1974,2,236.0,26.0,17.54,18.15,18.41,18.01,10.0,0.52,6.0,0.7,0.5,0.4,15.29,16.9,18.3,16.78,11.0,2.15,6.0,0.6,0.5,0.4,7.58,8.7,9.56,8.57,10.0,0.94,8.0,0.6,0.4,0.4,67.4,73.0,83.3,74.6,10.0,7.5,8.0,0.6,0.4,7.0,8.7,12.0,9.02,17.0,2.46,12.0,0.6,0.5,0.4,-7.53,-4.95,-0.87,-3.75,17.0,4.87,12.0,0.6,0.5,0.4,-9.28,-4.63,4.65,-3.02,17.0,6.64,12.0,0.6,0.5,0.4,1011.7,1020.2,1023.25,1019.03,13.0,5.28,8.0,0.7,0.5,0.4,3.5,7.0,8.0,6.1,17.0,2.3,10.0,0.6,0.5,0.4,-73.5,-38.1,-7.0,-34.7,17.0,51.1,12.0,0.6,0.5,0.4,-100.9,-37.8,35.8,-30.8,17.0,72.0,12.0,0.6,0.5,0.4,-0.5,0.8,2.11,0.77,10.0,1.48,6.0,0.7,0.5,0.4,-4.6,7.1,12.2,6.2,10.0,14.7,6.0,0.7,0.5,0.4,3.35,4.11,4.7,4.01,9.0,0.76,8.0,0.7,0.4,0.4,29.9,35.1,37.2,35.3,9.0,12.2,8.0,0.7,0.4,0.4,-125.7,-92.1,-34.1,-83.3,11.0,42.5,6.0,0.6,0.5,0.4,-162.8,-104.6,-77.4,-121.9,11.0,46.1,6.0,0.6,0.5,0.4,-63.1,-51.6,-19.8,-45.1,10.0,20.6,8.0,0.6,0.4,0.4,-88.3,-47.0,-40.7,-60.0,10.0,23.4,8.0,0.6,0.4,0.4,-30.6,-24.0,-11.9,-23.1,9.0,10.9,8.0,0.7,0.4,0.4,-29.8,-23.1,-18.5,-25.5,9.0,9.9,8.0,0.7,0.4,0.4,343.0,658.5,1728.0,888.5,17.0,652.5,12.0,0.6,0.5,0.4,345.0,660.0,1730.0,890.0,17.0,650.0,12.0,0.6,0.5,0.4
1974,2,236.0,27.0,16.57,17.8,17.94,17.27,3.0,1.1,4.0,0.0,0.7,0.3,14.66,15.0,16.16,15.4,3.0,1.15,4.0,0.0,0.7,0.3,8.47,8.63,8.99,8.73,3.0,0.39,4.0,0.0,0.7,0.3,75.8,80.1,86.9,81.3,3.0,8.2,4.0,0.0,0.3,3.0,6.0,10.0,6.43,33.0,3.0,18.0,0.5,0.6,0.3,-7.71,-2.57,1.97,-2.47,33.0,4.72,18.0,0.5,0.6,0.3,-0.29,3.06,5.9,2.63,33.0,3.99,18.0,0.5,0.6,0.3,1013.8,1019.5,1021.4,1017.65,19.0,3.75,16.0,0.4,0.6,0.3,7.0,8.0,8.0,7.3,26.0,1.3,18.0,0.4,0.6,0.2,-69.7,-11.1,6.2,-25.5,33.0,44.0,18.0,0.5,0.6,0.3,-0.6,16.8,59.5,19.2,33.0,35.1,18.0,0.5,0.6,0.3,1.03,1.1,2.74,1.87,3.0,1.42,4.0,0.0,0.7,0.3,8.0,9.6,22.6,15.2,3.0,11.8,4.0,0.0,0.7,0.3,3.04,3.58,3.83,3.44,3.0,0.58,4.0,0.0,0.7,0.3,23.1,29.3,32.7,27.9,3.0,7.2,4.0,0.0,0.7,0.3,-98.0,-69.4,-22.0,-60.2,3.0,56.2,4.0,0.0,0.7,0.3,-110.8,-93.4,-86.1,-98.3,3.0,18.6,4.0,0.0,0.7,0.3,-51.6,-38.8,-12.3,-32.1,3.0,29.3,4.0,0.0,0.7,0.3,-66.6,-48.3,-46.9,-56.6,3.0,16.1,4.0,0.0,0.7,0.3,-22.0,-12.9,-4.1,-13.1,3.0,13.1,4.0,0.0,0.7,0.3,-27.0,-22.0,-17.5,-22.3,3.0,6.9,4.0,0.0,0.7,0.3,27.0,216.0,1000.0,437.0,33.0,469.5,18.0,0.5,0.6,0.3,25.0,215.0,1000.0,435.0,33.0,470.0,18.0,0.5,0.6,0.3
1974,2,236.0,30.0,12.16,13.3,14.29,13.37,6.0,1.25,18.0,1.0,0.8,0.7,13.33,14.2,15.87,14.62,6.0,1.76,18.0,1.0,0.8,0.7,6.41,7.84,8.46,7.57,6.0,1.06,18.0,1.0,0.8,0.7,68.4,72.3,78.1,73.9,6.0,6.7,18.0,1.0,0.7,4.19,6.4,9.71,6.77,6.0,3.25,18.0,1.0,0.8,0.7,-0.63,0.0,5.49,1.75,6.0,3.51,18.0,1.0,0.8,0.7,-8.79,-6.09,-2.21,-5.6,6.0,3.45,18.0,1.0,0.8,0.7,1021.46,1022.65,1024.82,1023.2,6.0,2.13,18.0,1.0,0.8,0.7,0.8,3.0,7.2,3.7,6.0,3.2,18.0,1.0,0.8,0.7,-3.1,0.0,37.3,16.0,6.0,34.5,18.0,1.0,0.8,0.7,-88.8,-39.8,-6.2,-45.8,6.0,40.9,18.0,1.0,0.8,0.7,-2.64,-0.35,0.12,-1.25,6.0,2.24,18.0,1.0,0.8,0.7,-18.3,-1.4,1.4,-9.5,6.0,21.1,18.0,1.0,0.8,0.7,0.18,2.43,2.96,1.87,6.0,1.4,18.0,1.0,0.8,0.7,0.9,8.9,25.2,13.0,6.0,14.1,18.0,1.0,0.8,0.7,-8.9,0.0,74.4,22.9,6.0,46.0,18.0,1.0,0.8,0.7,-121.2,-86.6,-32.0,-82.9,6.0,54.8,18.0,1.0,0.8,0.7,-4.5,0.0,42.7,12.4,6.0,24.2,18.0,1.0,0.8,0.7,-58.9,-43.4,-16.8,-41.3,6.0,26.2,18.0,1.0,0.8,0.7,-1.6,0.0,5.8,3.3,6.0,10.0,18.0,1.0,0.8,0.7,-23.1,-8.9,-0.2,-11.3,6.0,11.6,18.0,1.0,0.8,0.7,81.0,294.5,936.0,492.0,6.0,550.0,18.0,1.0,0.8,0.7,80.0,295.0,935.0,490.0,6.0,550.0,18.0,1.0,0.8,0.7
1974,2,236.0,31.0,12.68,14.0,15.1,13.92,6.0,1.26,14.0,0.5,0.6,0.6,12.76,13.0,15.67,13.79,7.0,1.81,14.0,0.6,0.6,0.6,7.42,7.75,8.0,7.77,7.0,0.67,14.0,0.6,0.6,0.6,75.7,83.1,87.6,80.5,7.0,7.1,14.0,0.6,0.6,5.08,6.7,11.92,8.07,7.0,3.66,14.0,0.6,0.6,0.6,-2.69,0.0,2.3,0.08,7.0,3.71,14.0,0.6,0.6,0.6,-11.66,-6.7,-4.54,-7.39,7.0,3.45,14.0,0.6,0.6,0.6,1021.29,1022.7,1023.07,1022.49,7.0,1.13,14.0,0.6,0.6,0.6,0.0,2.0,3.1,2.0,7.0,2.1,14.0,0.6,0.6,0.6,-19.9,0.0,28.0,10.6,7.0,43.8,14.0,0.6,0.6,0.6,-139.2,-44.9,-20.9,-70.2,7.0,62.9,14.0,0.6,0.6,0.6,-1.52,-0.55,1.25,-0.17,6.0,1.53,14.0,0.5,0.6,0.6,-12.1,-3.7,6.0,-4.0,6.0,12.0,14.0,0.5,0.6,0.6,1.58,2.13,2.42,1.98,6.0,0.58,14.0,0.5,0.6,0.6,8.9,11.9,27.5,16.6,6.0,11.0,14.0,0.5,0.6,0.6,-36.7,0.0,30.3,3.0,7.0,54.8,14.0,0.6,0.6,0.6,-150.9,-89.1,-58.9,-102.9,7.0,52.5,14.0,0.6,0.6,0.6,-20.4,0.0,16.0,-0.3,7.0,28.3,14.0,0.6,0.6,0.6,-80.6,-52.9,-35.2,-56.3,7.0,23.3,14.0,0.6,0.6,0.6,-5.0,0.0,7.1,1.3,6.0,9.1,14.0,0.5,0.6,0.6,-26.2,-9.9,-7.9,-14.9,6.0,10.0,14.0,0.5,0.6,0.6,131.0,301.0,1707.0,836.5,7.0,1088.0,14.0,0.6,0.6,0.6,130.0,300.0,1705.0,835.0,7.0,1090.0,14.0,0.6,0.6,0.6
1974,2,236.0,32.0,13.31,14.55,15.5,14.28,8.0,1.75,16.0,0.8,0.6,0.4,12.41,14.4,15.19,14.09,7.0,2.66,14.0,0.7,0.6,0.4,7.02,8.14,8.66,7.92,5.0,1.0,14.0,0.6,0.5,0.4,76.7,85.7,91.4,83.9,5.0,9.5,14.0,0.6,0.4,6.62,9.3,12.45,9.69,7.0,3.44,14.0,0.7,0.6,0.4,-1.74,0.0,0.25,-0.25,7.0,2.86,14.0,0.7,0.6,0.4,-11.7,-9.16,-4.54,-7.53,7.0,6.85,14.0,0.7,0.6,0.4,1024.12,1025.3,1027.84,1024.8,7.0,4.98,14.0,0.7,0.6,0.4,1.9,4.0,7.0,4.3,7.0,3.1,14.0,0.7,0.6,0.4,-16.8,0.0,3.9,0.9,7.0,39.9,14.0,0.7,0.6,0.4,-146.0,-85.2,-22.7,-87.7,7.0,84.6,14.0,0.7,0.6,0.4,-1.71,0.1,1.01,0.13,7.0,1.71,14.0,0.7,0.6,0.4,-21.4,0.7,8.8,-1.7,7.0,19.4,14.0,0.7,0.6,0.4,1.28,1.91,2.29,1.82,5.0,0.59,14.0,0.6,0.5,0.4,7.2,19.7,24.7,16.8,5.0,9.1,14.0,0.6,0.5,0.4,-22.2,0.0,4.8,0.0,7.0,49.5,14.0,0.7,0.6,0.4,-178.2,-114.5,-46.9,-111.1,7.0,114.3,14.0,0.7,0.6,0.4,-19.6,-10.8,0.0,-10.9,5.0,12.4,14.0,0.6,0.5,0.4,-83.4,-76.1,0.6,-43.2,5.0,61.9,14.0,0.6,0.5,0.4,-5.9,-1.3,0.0,-2.9,5.0,3.8,14.0,0.6,0.5,0.4,-23.9,-19.7,-1.9,-13.5,5.0,13.5,14.0,0.6,0.5,0.4,292.5,804.5,1946.5,1214.5,7.0,1215.0,14.0,0.7,0.6,0.4,295.0,805.0,1945.0,1215.0,7.0,1215.0,14.0,0.7,0.6,0.4
1974,2,236.0,33.0,11.48,12.3,13.77,12.53,13.0,1.19,12.0,0.6,0.6,0.4,11.01,11.9,13.26,12.21,14.0,1.54,12.0,0.6,0.6,0.4,6.47,7.02,7.33,6.92,9.0,0.48,12.0,0.7,0.6,0.5,77.5,79.9,81.9,80.1,9.0,3.4,12.0,0.7,0.5,3.91,6.7,9.59,6.75,13.0,3.67,12.0,0.6,0.6,0.4,-1.48,2.07,5.84,1.77,13.0,3.44,12.0,0.6,0.6,0.4,-9.43,-5.1,-0.33,-4.95,13.0,4.57,12.0,0.6,0.6,0.4,1022.06,1023.6,1027.82,1024.67,14.0,3.52,12.0,0.6,0.6,0.4,1.0,3.0,7.0,3.7,14.0,2.8,12.0,0.6,0.6,0.4,-10.6,4.3,51.9,16.3,13.0,30.8,12.0,0.6,0.6,0.4,-90.7,-26.0,-0.7,-44.9,13.0,53.7,12.0,0.6,0.6,0.4,-1.19,0.3,2.16,0.19,13.0,2.26,12.0,0.6,0.6,0.4,-12.1,0.3,15.2,-1.2,12.0,18.6,14.0,0.7,0.6,0.4,1.27,2.1,3.0,2.11,8.0,0.89,14.0,0.8,0.5,0.4,8.5,12.0,24.0,14.5,8.0,7.3,14.0,0.8,0.5,0.4,-17.6,22.7,65.3,22.3,13.0,46.0,12.0,0.6,0.6,0.4,-108.4,-62.7,-3.6,-57.9,13.0,58.2,12.0,0.6,0.6,0.4,-12.3,19.7,36.0,10.9,9.0,24.8,12.0,0.7,0.6,0.5,-64.5,-38.6,-23.6,-46.0,9.0,23.5,12.0,0.7,0.6,0.5,-3.0,2.0,8.4,2.7,8.0,5.8,14.0,0.8,0.5,0.4,-22.6,-8.6,-6.1,-12.7,8.0,8.3,14.0,0.8,0.5,0.4,63.0,301.0,905.5,557.0,13.0,687.5,12.0,0.6,0.6,0.4,65.0,300.0,905.0,555.0,13.0,685.0,12.0,0.6,0.6,0.4
1974,2,236.0,34.0,11.95,13.1,13.83,12.9,4.0,1.41,12.0,0.5,0.7,0.3,10.69,11.2,13.12,11.96,5.0,2.08,12.0,0.6,0.6,0.4,6.26,6.95,8.89,7.55,4.0,2.03,12.0,0.8,0.6,0.5,76.9,88.4,94.0,85.6,4.0,11.7,12.0,0.8,0.5,0.95,5.1,8.65,5.14,5.0,5.03,12.0,0.6,0.6,0.4,-1.38,-0.26,1.13,-0.06,5.0,1.97,12.0,0.6,0.6,0.4,-8.05,-5.02,0.54,-4.32,5.0,5.57,12.0,0.6,0.6,0.4,1022.48,1023.3,1029.39,1025.52,5.0,4.0,12.0,0.6,0.6,0.4,0.0,6.0,6.4,3.8,5.0,3.5,12.0,0.6,0.6,0.4,-13.4,-0.4,7.0,-2.9,5.0,17.2,12.0,0.6,0.6,0.4,-81.0,-25.6,0.8,-44.1,5.0,68.7,12.0,0.6,0.6,0.4,1.06,2.25,2.6,1.85,4.0,1.14,12.0,0.5,0.7,0.3,0.6,7.0,24.3,12.2,4.0,16.1,12.0,0.5,0.7,0.3,1.54,2.06,3.52,2.52,3.0,1.51,12.0,0.7,0.6,0.4,8.8,10.5,40.3,24.2,3.0,26.0,12.0,0.7,0.6,0.4,-15.5,-4.1,12.2,-1.2,5.0,21.8,12.0,0.6,0.6,0.4,-91.1,-52.7,8.4,-47.3,5.0,66.3,12.0,0.6,0.6,0.4,-9.8,-4.5,9.7,-0.3,4.0,14.8,12.0,0.8,0.6,0.5,-56.0,-36.1,-9.0,-32.6,4.0,36.7,12.0,0.8,0.6,0.5,-7.0,-1.8,2.2,-2.4,3.0,6.7,12.0,0.7,0.6,0.4,-39.7,-10.3,-8.0,-23.6,3.0,25.9,12.0,0.7,0.6,0.4,2.0,132.5,935.5,504.0,5.0,923.5,12.0,0.6,0.6,0.4,0.0,135.0,935.0,505.0,5.0,925.0,12.0,0.6,0.6,0.4
1974,2,236.0,35.0,10.0,10.5,11.59,10.89,17.0,1.27,16.0,0.4,0.6,0.5,11.01,12.15,12.7,11.98,18.0,0.85,14.0,0.3,0.6,0.4,5.64,6.9,7.73,6.73,15.0,0.98,16.0,0.4,0.5,0.5,67.7,78.2,86.1,77.3,15.0,8.9,16.0,0.4,0.5,4.29,6.45,9.92,6.94,16.0,2.92,16.0,0.4,0.6,0.5,1.61,3.33,5.46,3.15,16.0,2.9,16.0,0.4,0.6,0.5,-8.59,-5.07,0.83,-4.33,16.0,4.59,16.0,0.4,0.6,0.5,1021.67,1022.4,1027.09,1023.53,18.0,3.38,14.0,0.3,0.6,0.4,1.7,4.0,6.0,4.0,18.0,2.5,14.0,0.3,0.6,0.4,5.3,16.9,55.4,23.5,16.0,28.2,16.0,0.4,0.6,0.5,-85.4,-30.1,5.2,-38.7,16.0,49.1,16.0,0.4,0.6,0.5,-2.38,-1.7,0.09,-1.07,17.0,1.88,16.0,0.4,0.6,0.5,-16.3,-9.7,-6.9,-7.8,15.0,16.4,16.0,0.4,0.6,0.5,0.01,1.01,2.06,1.24,14.0,1.43,16.0,0.4,0.6,0.5,0.1,6.9,15.4,9.9,14.0,13.1,16.0,0.4,0.6,0.5,18.0,41.6,68.6,39.9,16.0,34.9,16.0,0.4,0.6,0.5,-101.8,-59.4,11.0,-51.4,16.0,56.9,16.0,0.4,0.6,0.5,10.4,25.9,39.3,23.5,15.0,20.7,16.0,0.4,0.5,0.5,-54.6,-30.2,8.3,-29.0,15.0,33.9,16.0,0.4,0.5,0.5,-0.7,1.2,5.8,1.1,14.0,8.1,16.0,0.4,0.6,0.5,-13.5,-5.7,0.0,-8.8,14.0,11.3,16.0,0.4,0.6,0.5,79.5,269.5,983.0,511.0,16.0,592.0,16.0,0.4,0.6,0.5,80.0,270.0,985.0,510.0,16.0,590.0,16.0,0.4,0.6,0.5
1974,2,236.0,36.0,10.0,10.0,11.1,10.61,29.0,1.08,14.0,0.5,0.7,0.4,10.42,11.6,12.62,11.7,30.0,1.42,14.0,0.5,0.7,0.4,5.42,5.96,7.27,6.22,27.0,0.97,14.0,0.5,0.8,0.4,63.5,72.8,86.6,73.3,27.0,10.3,14.0,0.5,0.4,4.48,7.2,12.9,8.15,31.0,4.44,14.0,0.5,0.7,0.4,0.0,3.28,6.4,3.34,31.0,3.09,14.0,0.5,0.7,0.4,-11.0,-6.89,-0.55,-6.22,31.0,5.22,14.0,0.5,0.7,0.4,1018.83,1022.2,1026.27,1022.99,31.0,3.99,14.0,0.5,0.7,0.4,0.0,2.0,7.0,2.9,31.0,3.0,14.0,0.5,0.7,0.4,0.0,20.3,75.1,36.7,31.0,47.3,14.0,0.5,0.7,0.4,-135.3,-48.3,-1.1,-70.5,31.0,82.1,14.0,0.5,0.7,0.4,-2.07,-1.1,0.17,-0.92,29.0,1.6,14.0,0.5,0.7,0.4,-18.8,-5.6,1.4,-8.6,29.0,17.6,14.0,0.5,0.7,0.4,0.4,1.64,2.68,1.71,26.0,1.23,14.0,0.5,0.8,0.4,2.6,12.6,26.8,13.4,26.0,10.8,14.0,0.5,0.8,0.4,0.0,35.9,76.4,39.9,30.0,40.2,14.0,0.5,0.7,0.4,-126.5,-73.3,-4.5,-74.4,30.0,69.2,14.0,0.5,0.7,0.4,0.9,21.8,37.1,23.0,27.0,19.7,14.0,0.5,0.8,0.4,-64.7,-38.9,-5.0,-41.0,27.0,37.0,14.0,0.5,0.8,0.4,0.0,4.1,9.1,5.4,26.0,7.6,14.0,0.5,0.8,0.4,-16.9,-7.5,0.0,-8.7,26.0,11.7,14.0,0.5,0.8,0.4,90.5,373.0,2146.5,1062.0,31.0,1705.0,14.0,0.5,0.7,0.4,90.0,375.0,2145.0,1060.0,31.0,1705.0,14.0,0.5,0.7,0.4
1974,2,236.0,37.0,9.97,11.05,12.86,11.31,38.0,1.59,14.0,0.5,0.7,0.5,9.48,11.05,12.2,11.14,40.0,2.0,14.0,0.5,0.7,0.5,5.16,6.59,7.8,6.52,31.0,1.25,14.0,0.6,0.7,0.5,63.3,77.4,87.5,77.8,31.0,12.3,14.0,0.6,0.5,4.1,7.0,10.63,7.09,41.0,3.43,12.0,0.5,0.7,0.5,-1.0,2.05,5.6,2.49,41.0,3.24,12.0,0.5,0.7,0.5,-8.49,-5.52,-0.25,-4.4,41.0,5.16,12.0,0.5,0.7,0.5,1018.62,1024.0,1027.9,1023.21,41.0,6.5,12.0,0.5,0.7,0.5,0.0,4.0,7.8,4.3,40.0,3.0,12.0,0.5,0.7,0.5,-4.1,11.7,42.0,23.3,41.0,36.6,12.0,0.5,0.7,0.5,-91.2,-38.9,-0.5,-41.0,41.0,61.7,12.0,0.5,0.7,0.5,-2.23,0.2,2.13,0.14,37.0,2.52,14.0,0.5,0.7,0.5,-15.2,1.4,16.1,1.7,37.0,16.3,14.0,0.5,0.7,0.5,0.22,2.04,3.07,1.85,31.0,1.44,14.0,0.6,0.7,0.5,0.7,14.0,27.6,14.8,31.0,14.4,14.0,0.6,0.7,0.5,-10.3,28.9,56.8,27.4,40.0,36.0,14.0,0.5,0.7,0.5,-92.1,-57.1,-1.7,-46.5,40.0,58.4,14.0,0.5,0.7,0.5,-5.8,15.2,32.4,16.2,31.0,19.8,14.0,0.6,0.7,0.5,-50.3,-34.9,2.6,-25.2,31.0,34.6,14.0,0.6,0.7,0.5,-0.4,2.8,13.1,5.4,31.0,9.0,14.0,0.6,0.7,0.5,-20.9,-7.2,0.3,-10.0,31.0,14.8,14.0,0.6,0.7,0.5,69.0,343.0,1201.5,629.5,41.0,934.5,12.0,0.5,0.7,0.5,70.0,345.0,1200.0,630.0,41.0,935.0,12.0,0.5,0.7,0.5
1974,2,236.0,38.0,9.76,10.2,11.2,10.39,31.0,1.06,20.0,0.4,0.3,0.2,9.74,10.65,13.16,11.25,30.0,1.86,20.0,0.4,0.3,0.2,5.76,6.37,7.14,6.45,17.0,0.74,16.0,0.4,0.3,0.3,65.1,83.0,90.0,78.7,17.0,12.8,16.0,0.4,0.3,2.17,6.7,12.28,7.35,33.0,4.56,20.0,0.4,0.3,0.2,-1.81,3.46,6.27,2.23,33.0,4.63,20.0,0.4,0.3,0.2,-5.79,0.51,9.83,1.84,33.0,6.8,20.0,0.4,0.3,0.2,1015.15,1020.3,1026.09,1020.41,33.0,5.77,20.0,0.4,0.3,0.2,0.8,6.0,8.0,5.0,31.0,3.3,20.0,0.4,0.3,0.2,-16.3,15.0,56.8,16.0,33.0,52.3,20.0,0.4,0.3,0.2,-35.9,0.8,114.6,27.3,33.0,86.8,20.0,0.4,0.3,0.2,-2.42,-0.6,0.7,-0.8,29.0,2.01,20.0,0.4,0.3,0.2,-16.7,-2.5,2.8,-3.9,29.0,16.3,20.0,0.4,0.3,0.2,0.46,1.3,2.46,1.48,16.0,1.02,16.0,0.4,0.3,0.3,2.0,10.9,21.9,12.6,16.0,12.8,16.0,0.4,0.3,0.3,-17.9,41.0,68.6,32.3,30.0,49.7,20.0,0.4,0.3,0.2,-63.6,5.7,109.5,15.5,30.0,76.8,20.0,0.4,0.3,0.2,16.3,33.7,47.2,30.7,17.0,20.1,16.0,0.4,0.3,0.3,-41.2,-12.3,44.2,-3.0,17.0,45.0,16.0,0.4,0.3,0.3,-0.2,8.0,16.0,9.4,16.0,11.0,16.0,0.4,0.3,0.3,-15.2,-2.5,2.3,-4.9,16.0,9.6,16.0,0.4,0.3,0.3,10.5,301.0,1850.5,860.0,33.0,1212.5,20.0,0.4,0.3,0.2,10.0,300.0,1850.0,860.0,33.0,1210.0,20.0,0.4,0.3,0.2
1974,2,236.0,39.0,10.23,12.0,12.2,11.23,3.0,1.59,16.0,0.7,0.4,0.1,11.44,11.95,12.46,11.95,2.0,1.06,14.0,1.0,0.1,0.0,5.49,5.49,5.5,5.49,2.0,0.01,14.0,1.0,0.1,0.0,62.1,64.3,66.5,64.3,2.0,4.5,14.0,1.0,0.0,3.58,5.7,5.7,4.67,3.0,1.79,16.0,0.7,0.4,0.1,2.59,5.36,5.59,4.12,3.0,2.45,16.0,0.7,0.4,0.1,-1.54,0.0,1.33,-0.1,3.0,2.1,16.0,0.7,0.4,0.1,1023.13,1024.7,1031.59,1027.3,3.0,6.6,16.0,0.7,0.4,0.1,0.6,2.0,6.1,3.3,3.0,4.2,16.0,0.7,0.4,0.1,12.0,30.5,31.9,22.1,3.0,16.3,16.0,0.7,0.4,0.1,-4.0,0.0,7.6,1.8,3.0,8.6,16.0,0.7,0.4,0.1,-2.6,-1.1,0.4,-1.1,2.0,3.11,14.0,1.0,0.1,0.0,-6.2,-1.2,3.9,-1.2,2.0,10.5,14.0,1.0,0.1,0.0,1.98,2.51,3.04,2.51,2.0,1.1,14.0,1.0,0.1,0.0,6.8,11.6,16.5,11.6,2.0,10.1,14.0,1.0,0.1,0.0,24.0,40.2,56.3,40.2,2.0,33.5,14.0,1.0,0.1,0.0,-24.1,-14.3,-4.5,-14.3,2.0,20.2,14.0,1.0,0.1,0.0,11.0,19.2,27.5,19.2,2.0,17.1,14.0,1.0,0.1,0.0,-10.4,-6.2,-2.0,-6.2,2.0,8.7,14.0,1.0,0.1,0.0,4.9,10.5,16.1,10.5,2.0,11.6,14.0,1.0,0.1,0.0,-3.3,-2.0,-0.6,-2.0,2.0,2.8,14.0,1.0,0.1,0.0,71.0,185.0,185.0,129.5,3.0,97.0,16.0,0.7,0.4,0.1,70.0,185.0,185.0,130.0,3.0,95.0,16.0,0.7,0.4,0.1
1974,2,236.0,44.0,,,,,,,,,,,,,,,,,,,,,,,,,,,,,,,,,,,,,,,,7.7,7.7,7.7,7.7,2.0,0.0,18.0,0.5,0.5,0.6,0.0,0.0,0.0,0.0,2.0,0.0,18.0,0.5,0.5,0.6,7.7,7.7,7.7,7.7,2.0,0.0,18.0,0.5,0.5,0.6,1003.1,1003.1,1003.1,1003.1,2.0,0.0,18.0,0.5,0.5,0.6,,,,,,,,,,,,,,,,,,,,,,,,,,,,,,,,,,,,,,,,,,,,,,,,,,,,,,,,,,,,,,,,,,,,,,,,,,,,,,,,,,,,,,,,,,,,,,,,,,,,,,,,,,,,,,,,,,,,,,,,,,,,,,,,,,,,,,,,,,,,,,,,,,,,,,
1974,2,236.0,48.0,6.05,7.4,8.33,7.22,13.0,1.23,16.0,0.8,0.6,0.2,5.72,6.8,9.92,7.51,14.0,1.88,16.0,0.8,0.6,0.3,4.58,5.43,5.79,5.26,13.0,0.61,16.0,0.8,0.6,0.2,74.0,81.6,84.9,81.4,13.0,6.4,16.0,0.8,0.2,2.66,5.1,6.67,4.63,14.0,2.04,16.0,0.8,0.6,0.3,-4.96,1.87,5.01,0.64,14.0,4.63,16.0,0.8,0.6,0.3,-1.69,0.44,2.45,0.69,14.0,2.2,16.0,0.8,0.6,0.3,1012.26,1015.0,1030.31,1017.2,14.0,11.25,16.0,0.8,0.6,0.3,3.1,7.0,8.0,6.0,14.0,2.4,16.0,0.8,0.6,0.3,-25.4,4.9,25.5,3.2,14.0,27.6,16.0,0.8,0.6,0.3,-5.8,1.2,17.1,4.5,14.0,13.3,16.0,0.8,0.6,0.3,-2.8,-0.6,1.51,-0.42,13.0,2.04,16.0,0.8,0.6,0.2,-13.8,0.0,4.7,-2.2,13.0,10.9,16.0,0.8,0.6,0.2,0.64,0.82,1.46,1.03,13.0,0.66,16.0,0.8,0.6,0.2,0.7,5.0,6.3,4.8,13.0,3.3,16.0,0.8,0.6,0.2,-32.0,11.7,47.5,10.0,14.0,38.2,16.0,0.8,0.6,0.3,-13.6,2.7,25.6,5.8,14.0,16.8,16.0,0.8,0.6,0.3,-23.2,6.0,30.6,4.0,13.0,26.1,16.0,0.8,0.6,0.2,-10.4,0.0,14.3,3.8,13.0,12.0,16.0,0.8,0.6,0.2,-4.8,0.6,4.9,0.1,13.0,5.5,16.0,0.8,0.6,0.2,-2.2,0.0,1.9,0.1,13.0,2.3,16.0,0.8,0.6,0.2,19.5,132.5,297.0,147.5,14.0,129.5,16.0,0.8,0.6,0.3,20.0,135.0,295.0,150.0,14.0,130.0,16.0,0.8,0.6,0.3
1974,2,236.0,49.0,6.6,6.6,6.6,6.6,1.0,0.0,26.0,1.0,0.5,0.8,6.7,6.7,6.7,6.7,1.0,0.0,26.0,1.0,0.5,0.8,5.6,5.6,5.6,5.6,1.0,0.0,26.0,1.0,0.5,0.8,92.0,92.0,92.0,92.0,1.0,0.0,26.0,1.0,0.8,7.2,7.2,7.2,7.2,1.0,0.0,26.0,1.0,0.5,0.8,-7.09,-7.09,-7.09,-7.09,1.0,0.0,26.0,1.0,0.5,0.8,1.25,1.25,1.25,1.25,1.0,0.0,26.0,1.0,0.5,0.8,1010.4,1010.4,1010.4,1010.4,1.0,0.0,26.0,1.0,0.5,0.8,7.0,7.0,7.0,7.0,1.0,0.0,26.0,1.0,0.5,0.8,-51.1,-51.1,-51.1,-51.1,1.0,0.0,26.0,1.0,0.5,0.8,9.0,9.0,9.0,9.0,1.0,0.0,26.0,1.0,0.5,0.8,-0.1,-0.1,-0.1,-0.1,1.0,0.0,26.0,1.0,0.5,0.8,-0.7,-0.7,-0.7,-0.7,1.0,0.0,26.0,1.0,0.5,0.8,0.44,0.44,0.44,0.44,1.0,0.0,26.0,1.0,0.5,0.8,3.2,3.2,3.2,3.2,1.0,0.0,26.0,1.0,0.5,0.8,-47.5,-47.5,-47.5,-47.5,1.0,0.0,26.0,1.0,0.5,0.8,8.4,8.4,8.4,8.4,1.0,0.0,26.0,1.0,0.5,0.8,-39.7,-39.7,-39.7,-39.7,1.0,0.0,26.0,1.0,0.5,0.8,7.0,7.0,7.0,7.0,1.0,0.0,26.0,1.0,0.5,0.8,-3.1,-3.1,-3.1,-3.1,1.0,0.0,26.0,1.0,0.5,0.8,0.6,0.6,0.6,0.6,1.0,0.0,26.0,1.0,0.5,0.8,373.0,373.0,373.0,373.0,1.0,0.0,26.0,1.0,0.5,0.8,375.0,375.0,375.0,375.0,1.0,0.0,26.0,1.0,0.5,0.8
1974,2,237.0,-70.0,0.5,0.5,0.5,0.5,1.0,0.0,22.0,1.0,0.1,0.1,-1.2,-1.2,-1.2,-1.2,1.0,0.0,22.0,1.0,0.1,0.1,2.92,2.92,2.92,2.92,1.0,0.0,22.0,1.0,0.1,0.1,81.3,81.3,81.3,81.3,1.0,0.0,22.0,1.0,0.1,7.2,7.2,7.2,7.2,1.0,0.0,22.0,1.0,0.1,0.1,3.6,3.6,3.6,3.6,1.0,0.0,22.0,1.0,0.1,0.1,-6.24,-6.24,-6.24,-6.24,1.0,0.0,22.0,1.0,0.1,0.1,975.9,975.9,975.9,975.9,1.0,0.0,22.0,1.0,0.1,0.1,7.0,7.0,7.0,7.0,1.0,0.0,22.0,1.0,0.1,0.1,25.9,25.9,25.9,25.9,1.0,0.0,22.0,1.0,0.1,0.1,-44.9,-44.9,-44.9,-44.9,1.0,0.0,22.0,1.0,0.1,0.1,1.7,1.7,1.7,1.7,1.0,0.0,22.0,1.0,0.1,0.1,12.2,12.2,12.2,12.2,1.0,0.0,22.0,1.0,0.1,0.1,1.15,1.15,1.15,1.15,1.0,0.0,22.0,1.0,0.1,0.1,8.3,8.3,8.3,8.3,1.0,0.0,22.0,1.0,0.1,0.1,-4.3,-4.3,-4.3,-4.3,1.0,0.0,22.0,1.0,0.1,0.1,7.5,7.5,7.5,7.5,1.0,0.0,22.0,1.0,0.1,0.1,10.5,10.5,10.5,10.5,1.0,0.0,22.0,1.0,0.1,0.1,-18.2,-18.2,-18.2,-18.2,1.0,0.0,22.0,1.0,0.1,0.1,4.1,4.1,4.1,4.1,1.0,0.0,22.0,1.0,0.1,0.1,-7.2,-7.2,-7.2,-7.2,1.0,0.0,22.0,1.0,0.1,0.1,373.0,373.0,373.0,373.0,1.0,0.0,22.0,1.0,0.1,0.1,375.0,375.0,375.0,375.0,1.0,0.0,22.0,1.0,0.1,0.1
1974,2,237.0,-40.0,16.5,16.5,16.5,16.5,1.0,0.0,28.0,1.0,0.9,0.3,19.0,19.0,19.0,19.0,1.0,0.0,28.0,1.0,0.9,0.3,10.36,10.36,10.36,10.36,1.0,0.0,28.0,1.0,0.9,0.3,77.1,77.1,77.1,77.1,1.0,0.0,28.0,1.0,0.3,7.2,7.2,7.2,7.2,1.0,0.0,28.0,1.0,0.9,0.3,-4.63,-4.63,-4.63,-4.63,1.0,0.0,28.0,1.0,0.9,0.3,-5.52,-5.52,-5.52,-5.52,1.0,0.0,28.0,1.0,0.9,0.3,1027.3,1027.3,1027.3,1027.3,1.0,0.0,28.0,1.0,0.9,0.3,8.0,8.0,8.0,8.0,1.0,0.0,28.0,1.0,0.9,0.3,-33.3,-33.3,-33.3,-33.3,1.0,0.0,28.0,1.0,0.9,0.3,-39.7,-39.7,-39.7,-39.7,1.0,0.0,28.0,1.0,0.9,0.3,-2.5,-2.5,-2.5,-2.5,1.0,0.0,28.0,1.0,0.9,0.3,-18.0,-18.0,-18.0,-18.0,1.0,0.0,28.0,1.0,0.9,0.3,1.13,1.13,1.13,1.13,1.0,0.0,28.0,1.0,0.9,0.3,8.1,8.1,8.1,8.1,1.0,0.0,28.0,1.0,0.9,0.3,-87.9,-87.9,-87.9,-87.9,1.0,0.0,28.0,1.0,0.9,0.3,-104.8,-104.8,-104.8,-104.8,1.0,0.0,28.0,1.0,0.9,0.3,-48.0,-48.0,-48.0,-48.0,1.0,0.0,28.0,1.0,0.9,0.3,-57.2,-57.2,-57.2,-57.2,1.0,0.0,28.0,1.0,0.9,0.3,-5.2,-5.2,-5.2,-5.2,1.0,0.0,28.0,1.0,0.9,0.3,-6.2,-6.2,-6.2,-6.2,1.0,0.0,28.0,1.0,0.9,0.3,373.0,373.0,373.0,373.0,1.0,0.0,28.0,1.0,0.9,0.3,375.0,375.0,375.0,375.0,1.0,0.0,28.0,1.0,0.9,0.3
1974,2,237.0,-33.0,,,,,,,,,,,,,,,,,,,,,,,,,,,,,,,,,,,,,,,,10.0,10.0,10.0,10.0,1.0,0.0,10.0,0.0,1.0,0.7,-3.42,-3.42,-3.42,-3.42,1.0,0.0,10.0,0.0,1.0,0.7,-9.4,-9.4,-9.4,-9.4,1.0,0.0,10.0,0.0,1.0,0.7,1019.1,1019.1,1019.1,1019.1,1.0,0.0,10.0,0.0,1.0,0.7,,,,,,,,,,,,,,,,,,,,,,,,,,,,,,,,,,,,,,,,,,,,,,,,,,,,,,,,,,,,,,,,,,,,,,,,,,,,,,,,,,,,,,,,,,,,,,,,,,,,,,,,,,,,,,,,,,,,,,,,,,,,,,,,,,,,,,,,,,,,,,,,,,,,,,
1974,2,237.0,-32.0,24.6,25.45,26.3,25.45,2.0,1.77,22.0,0.5,0.4,0.6,24.65,24.75,24.85,24.75,2.0,0.21,22.0,0.5,0.4,0.6,13.9,14.1,14.3,14.1,2.0,0.41,22.0,0.5,0.4,0.6,72.6,73.3,73.9,73.3,2.0,1.3,22.0,0.5,0.6,4.26,4.6,4.94,4.6,2.0,0.71,22.0,0.5,0.4,0.6,2.84,3.27,3.71,3.27,2.0,0.9,22.0,0.5,0.4,0.6,-3.26,-3.21,-3.16,-3.21,2.0,0.1,22.0,0.5,0.4,0.6,1021.41,1022.3,1023.19,1022.3,2.0,1.84,22.0,0.5,0.4,0.6,0.0,0.0,0.0,0.0,2.0,0.0,22.0,0.5,0.4,0.6,12.3,15.4,18.5,15.4,2.0,6.4,22.0,0.5,0.4,0.6,-16.1,-14.8,-13.5,-14.8,2.0,2.7,22.0,0.5,0.4,0.6,-0.05,0.7,1.45,0.7,2.0,1.56,22.0,0.5,0.4,0.6,-0.5,2.7,5.9,2.7,2.0,6.7,22.0,0.5,0.4,0.6,5.26,6.08,6.9,6.08,2.0,1.7,22.0,0.5,0.4,0.6,25.7,27.4,29.1,27.4,2.0,3.5,22.0,0.5,0.4,0.6,70.5,80.9,91.3,80.9,2.0,21.6,22.0,0.5,0.4,0.6,-80.3,-79.4,-78.6,-79.4,2.0,1.7,22.0,0.5,0.4,0.6,40.5,45.9,51.4,45.9,2.0,11.3,22.0,0.5,0.4,0.6,-45.3,-45.2,-45.2,-45.2,2.0,0.0,22.0,0.5,0.4,0.6,19.1,19.1,19.2,19.1,2.0,0.1,22.0,0.5,0.4,0.6,-21.8,-19.4,-17.1,-19.4,2.0,4.9,22.0,0.5,0.4,0.6,79.0,101.0,122.5,101.0,2.0,45.0,22.0,0.5,0.4,0.6,80.0,100.0,125.0,100.0,2.0,45.0,22.0,0.5,0.4,0.6
1974,2,237.0,-31.0,,,,,,,,,,,,,,,,,,,,,,,,,,,,,,,,,,,,,,,,8.7,8.7,8.7,8.7,1.0,0.0,4.0,0.0,0.5,0.8,-8.57,-8.57,-8.57,-8.57,1.0,0.0,4.0,0.0,0.5,0.8,-1.51,-1.51,-1.51,-1.51,1.0,0.0,4.0,0.0,0.5,0.8,1019.1,1019.1,1019.1,1019.1,1.0,0.0,4.0,0.0,0.5,0.8,7.0,7.0,7.0,7.0,1.0,0.0,4.0,0.0,0.5,0.8,-74.5,-74.5,-74.5,-74.5,1.0,0.0,4.0,0.0,0.5,0.8,-13.1,-13.1,-13.1,-13.1,1.0,0.0,4.0,0.0,0.5,0.8,,,,,,,,,,,,,,,,,,,,,,,,,,,,,,,,,,,,,,,,,-193.6,-193.6,-193.6,-193.6,1.0,0.0,4.0,0.0,0.5,0.8,-34.1,-34.1,-34.1,-34.1,1.0,0.0,4.0,0.0,0.5,0.8,-133.5,-133.5,-133.5,-133.5,1.0,0.0,4.0,0.0,0.5,0.8,-23.5,-23.5,-23.5,-23.5,1.0,0.0,4.0,0.0,0.5,0.8,,,,,,,,,,,,,,,,,,,,,,,,,,,,,,,,,,,,,,,,
1974,2,237.0,-30.0,25.71,25.95,26.19,25.95,2.0,0.49,8.0,0.5,0.3,0.6,24.24,24.75,25.26,24.75,2.0,1.06,8.0,0.5,0.3,0.6,13.06,13.5,13.94,13.5,2.0,0.91,8.0,0.5,0.3,0.6,70.3,70.4,70.4,70.4,2.0,0.1,8.0,0.5,0.6,4.32,6.95,9.58,6.95,2.0,5.44,8.0,0.5,0.3,0.6,-8.96,-6.42,-3.87,-6.42,2.0,5.28,8.0,0.5,0.3,0.6,-0.72,1.07,2.86,1.07,2.0,3.71,8.0,0.5,0.3,0.6,1023.09,1025.65,1028.21,1025.65,2.0,5.3,8.0,0.5,0.3,0.6,4.6,6.0,7.4,6.0,2.0,2.8,8.0,0.5,0.3,0.6,-93.5,-59.0,-24.4,-59.0,2.0,71.6,8.0,0.5,0.3,0.6,2.3,17.5,32.8,17.5,2.0,31.6,8.0,0.5,0.3,0.6,0.93,1.2,1.47,1.2,2.0,0.57,8.0,0.5,0.3,0.6,4.8,9.9,14.9,9.9,2.0,10.5,8.0,0.5,0.3,0.6,7.09,7.18,7.27,7.18,2.0,0.19,8.0,0.5,0.3,0.6,30.9,50.4,69.9,50.4,2.0,40.4,8.0,0.5,0.3,0.6,-215.8,-156.0,-96.2,-156.0,2.0,123.8,8.0,0.5,0.3,0.6,-19.2,24.6,68.3,24.6,2.0,90.6,8.0,0.5,0.3,0.6,-115.8,-84.2,-52.7,-84.2,2.0,65.4,8.0,0.5,0.3,0.6,-10.9,12.8,36.5,12.8,2.0,49.1,8.0,0.5,0.3,0.6,-65.5,-46.6,-27.7,-46.6,2.0,39.1,8.0,0.5,0.3,0.6,-4.9,8.0,21.0,8.0,2.0,26.8,8.0,0.5,0.3,0.6,225.0,645.0,1064.5,645.0,2.0,869.5,8.0,0.5,0.3,0.6,225.0,645.0,1065.0,645.0,2.0,870.0,8.0,0.5,0.3,0.6
1974,2,237.0,-29.0,,,,,,,,,,,,,,,,,,,,,,,,,,,,,,,,,,,,,,,,4.6,4.6,4.6,4.6,1.0,0.0,28.0,1.0,1.0,0.5,-3.98,-3.98,-3.98,-3.98,1.0,0.0,28.0,1.0,1.0,0.5,-2.3,-2.3,-2.3,-2.3,1.0,0.0,28.0,1.0,1.0,0.5,1021.8,1021.8,1021.8,1021.8,1.0,0.0,28.0,1.0,1.0,0.5,2.0,2.0,2.0,2.0,1.0,0.0,28.0,1.0,1.0,0.5,-18.3,-18.3,-18.3,-18.3,1.0,0.0,28.0,1.0,1.0,0.5,-10.6,-10.6,-10.6,-10.6,1.0,0.0,28.0,1.0,1.0,0.5,,,,,,,,,,,,,,,,,,,,,,,,,,,,,,,,,,,,,,,,,-99.6,-99.6,-99.6,-99.6,1.0,0.0,28.0,1.0,1.0,0.5,-57.5,-57.5,-57.5,-57.5,1.0,0.0,28.0,1.0,1.0,0.5,-65.0,-65.0,-65.0,-65.0,1.0,0.0,28.0,1.0,1.0,0.5,-37.5,-37.5,-37.5,-37.5,1.0,0.0,28.0,1.0,1.0,0.5,,,,,,,,,,,,,,,,,,,,,,,,,,,,,,,,,,,,,,,,
1974,2,237.0,-28.0,26.37,27.15,27.93,27.15,2.0,1.63,14.0,0.5,0.8,0.7,25.32,26.0,26.68,26.0,2.0,1.41,14.0,0.5,0.8,0.7,16.37,16.38,16.39,16.38,2.0,0.02,14.0,0.5,0.8,0.7,76.0,79.0,82.0,79.0,2.0,6.3,14.0,0.5,0.7,5.62,7.8,9.98,7.8,2.0,4.53,14.0,0.5,0.8,0.7,-9.89,-7.49,-5.1,-7.49,2.0,4.96,14.0,0.5,0.8,0.7,-1.93,-1.15,-0.37,-1.15,2.0,1.63,14.0,0.5,0.8,0.7,1019.73,1021.3,1022.87,1021.3,2.0,3.25,14.0,0.5,0.8,0.7,2.3,3.0,3.7,3.0,2.0,1.4,14.0,0.5,0.8,0.7,-104.7,-69.7,-34.6,-69.7,2.0,72.6,14.0,0.5,0.8,0.7,-8.9,-5.3,-1.7,-5.3,2.0,7.5,14.0,0.5,0.8,0.7,1.05,1.15,1.25,1.15,2.0,0.21,14.0,0.5,0.8,0.7,6.8,8.5,10.2,8.5,2.0,3.5,14.0,0.5,0.8,0.7,4.97,5.97,6.97,5.97,2.0,2.07,14.0,0.5,0.8,0.7,36.7,41.9,47.2,41.9,2.0,10.9,14.0,0.5,0.8,0.7,-248.4,-191.3,-134.1,-191.3,2.0,118.4,14.0,0.5,0.8,0.7,-52.2,-31.0,-9.9,-31.0,2.0,43.9,14.0,0.5,0.8,0.7,-161.9,-122.7,-83.5,-122.7,2.0,81.1,14.0,0.5,0.8,0.7,-31.7,-18.9,-6.0,-18.9,2.0,26.7,14.0,0.5,0.8,0.7,-46.4,-39.6,-32.8,-39.6,2.0,14.1,14.0,0.5,0.8,0.7,-14.4,-8.6,-2.7,-8.6,2.0,12.1,14.0,0.5,0.8,0.7,293.0,714.0,1135.0,714.0,2.0,872.5,14.0,0.5,0.8,0.7,295.0,715.0,1135.0,715.0,2.0,870.0,14.0,0.5,0.8,0.7
1974,2,237.0,-27.0,25.0,25.0,25.0,25.0,1.0,0.0,22.0,1.0,0.6,0.3,27.0,27.0,27.0,27.0,1.0,0.0,4.0,1.0,1.0,0.9,15.42,15.42,15.42,15.42,1.0,0.0,4.0,1.0,1.0,0.9,69.7,69.7,69.7,69.7,1.0,0.0,4.0,1.0,0.9,1.75,2.3,2.85,2.3,2.0,1.13,12.0,1.0,0.8,0.6,-1.82,-0.61,0.59,-0.61,2.0,2.49,12.0,1.0,0.8,0.6,1.13,1.48,1.83,1.48,2.0,0.73,12.0,1.0,0.8,0.6,1011.89,1013.8,1015.71,1013.8,2.0,3.96,12.0,1.0,0.8,0.6,1.5,2.5,3.5,2.5,2.0,2.1,12.0,1.0,0.8,0.6,-5.9,-2.8,0.3,-2.8,2.0,6.4,12.0,1.0,0.8,0.6,2.2,3.8,5.4,3.8,2.0,3.3,12.0,1.0,0.8,0.6,,,,,,,,,,,,,,,,,,,,,,,,,,,,,,,,,,,,,,,,,-64.1,-64.1,-64.1,-64.1,1.0,0.0,4.0,1.0,1.0,0.9,53.8,53.8,53.8,53.8,1.0,0.0,4.0,1.0,1.0,0.9,-36.6,-36.6,-36.6,-36.6,1.0,0.0,4.0,1.0,1.0,0.9,30.7,30.7,30.7,30.7,1.0,0.0,4.0,1.0,1.0,0.9,,,,,,,,,,,,,,,,,,,,,,,,,,,,,,,,,,,,,,,,
1974,2,237.0,-25.0,,,,,,,,,,,,,,,,,,,,,,,,,,,,,,,,,,,,,,,,10.3,10.3,10.3,10.3,1.0,0.0,20.0,0.0,0.9,0.4,-10.14,-10.14,-10.14,-10.14,1.0,0.0,20.0,0.0,0.9,0.4,-1.79,-1.79,-1.79,-1.79,1.0,0.0,20.0,0.0,0.9,0.4,1020.6,1020.6,1020.6,1020.6,1.0,0.0,20.0,0.0,0.9,0.4,4.0,4.0,4.0,4.0,1.0,0.0,20.0,0.0,0.9,0.4,-104.5,-104.5,-104.5,-104.5,1.0,0.0,20.0,0.0,0.9,0.4,-18.4,-18.4,-18.4,-18.4,1.0,0.0,20.0,0.0,0.9,0.4,,,,,,,,,,,,,,,,,,,,,,,,,,,,,,,,,,,,,,,,,-253.6,-253.6,-253.6,-253.6,1.0,0.0,20.0,0.0,0.9,0.4,-44.7,-44.7,-44.7,-44.7,1.0,0.0,20.0,0.0,0.9,0.4,-177.4,-177.4,-177.4,-177.4,1.0,0.0,20.0,0.0,0.9,0.4,-31.3,-31.3,-31.3,-31.3,1.0,0.0,20.0,0.0,0.9,0.4,,,,,,,,,,,,,,,,,,,,,,,,,,,,,,,,,,,,,,,,
1974,2,237.0,-23.0,26.08,27.1,28.12,27.1,2.0,2.12,4.0,0.0,0.6,0.9,24.54,25.05,25.56,25.05,2.0,1.06,4.0,0.0,0.6,0.9,13.72,14.02,14.32,14.02,2.0,0.62,4.0,0.0,0.6,0.9,70.7,71.3,72.0,71.3,2.0,1.4,4.0,0.0,0.9,4.77,5.15,5.53,5.15,2.0,0.78,4.0,0.0,0.6,0.9,-4.31,-4.18,-4.04,-4.18,2.0,0.27,4.0,0.0,0.6,0.9,2.52,2.98,3.45,2.98,2.0,0.96,4.0,0.0,0.6,0.9,1018.5,1018.7,1018.9,1018.7,2.0,0.42,4.0,0.0,0.6,0.9,2.3,3.0,3.7,3.0,2.0,1.4,4.0,0.0,0.6,0.9,-23.8,-21.6,-19.4,-21.6,2.0,4.6,4.0,0.0,0.6,0.9,12.2,15.7,19.2,15.7,2.0,7.3,4.0,0.0,0.6,0.9,1.54,2.05,2.56,2.05,2.0,1.06,4.0,0.0,0.6,0.9,7.6,11.0,14.4,11.0,2.0,7.1,4.0,0.0,0.6,0.9,7.3,8.36,9.42,8.36,2.0,2.2,4.0,0.0,0.6,0.9,35.3,43.9,52.5,43.9,2.0,17.8,4.0,0.0,0.6,0.9,-110.1,-104.7,-99.3,-104.7,2.0,11.2,4.0,0.0,0.6,0.9,62.0,75.2,88.4,75.2,2.0,27.3,4.0,0.0,0.6,0.9,-61.7,-58.6,-55.6,-58.6,2.0,6.4,4.0,0.0,0.6,0.9,34.7,42.1,49.5,42.1,2.0,15.4,4.0,0.0,0.6,0.9,-40.7,-35.2,-29.7,-35.2,2.0,11.4,4.0,0.0,0.6,0.9,18.9,26.0,33.0,26.0,2.0,14.6,4.0,0.0,0.6,0.9,111.5,141.5,171.5,141.5,2.0,62.0,4.0,0.0,0.6,0.9,110.0,140.0,170.0,140.0,2.0,60.0,4.0,0.0,0.6,0.9
1974,2,237.0,-22.0,26.04,27.2,28.29,27.17,3.0,1.65,16.0,1.0,0.8,0.3,24.65,25.2,25.68,25.17,3.0,0.75,16.0,1.0,0.8,0.3,13.18,14.04,15.64,14.4,3.0,1.83,16.0,1.0,0.8,0.3,68.5,70.7,76.4,72.4,3.0,6.0,16.0,1.0,0.3,5.11,6.2,7.91,6.5,3.0,2.07,16.0,1.0,0.8,0.3,-7.55,-5.37,-4.84,-6.18,3.0,2.1,16.0,1.0,0.8,0.3,0.48,1.51,2.6,1.54,3.0,1.55,16.0,1.0,0.8,0.3,1016.63,1016.9,1017.86,1017.23,3.0,0.95,16.0,1.0,0.8,0.3,3.3,4.0,4.0,3.7,3.0,0.6,16.0,1.0,0.8,0.3,-61.4,-33.3,-25.0,-43.0,3.0,28.0,16.0,1.0,0.8,0.3,4.2,13.1,17.3,10.8,3.0,9.8,16.0,1.0,0.8,0.3,1.09,2.8,2.87,2.0,3.0,1.47,16.0,1.0,0.8,0.3,6.6,18.0,22.3,14.6,3.0,11.9,16.0,1.0,0.8,0.3,6.91,8.3,9.26,8.09,3.0,1.73,16.0,1.0,0.8,0.3,36.0,51.4,74.0,54.9,3.0,28.0,16.0,1.0,0.8,0.3,-186.8,-139.1,-123.3,-154.7,3.0,48.5,16.0,1.0,0.8,0.3,11.7,36.9,66.5,39.1,3.0,40.2,16.0,1.0,0.8,0.3,-102.6,-88.0,-72.0,-87.3,3.0,22.5,16.0,1.0,0.8,0.3,6.1,19.3,40.8,23.4,3.0,25.6,16.0,1.0,0.8,0.3,-70.9,-44.6,-33.8,-52.2,3.0,28.0,16.0,1.0,0.8,0.3,4.7,14.7,22.2,13.5,3.0,12.9,16.0,1.0,0.8,0.3,142.0,238.5,525.0,331.5,3.0,292.0,16.0,1.0,0.8,0.3,140.0,240.0,525.0,330.0,3.0,290.0,16.0,1.0,0.8,0.3
1974,2,237.0,-21.0,26.27,26.65,27.03,26.65,2.0,0.78,26.0,0.5,0.5,0.6,24.78,24.95,25.12,24.95,2.0,0.35,26.0,0.5,0.5,0.6,14.36,14.74,15.13,14.74,2.0,0.79,26.0,0.5,0.5,0.6,72.8,75.5,78.2,75.5,2.0,5.5,26.0,0.5,0.6,6.1,6.95,7.8,6.95,2.0,1.77,26.0,0.5,0.5,0.6,-7.79,-6.91,-6.02,-6.91,2.0,1.83,26.0,0.5,0.5,0.6,-0.83,-0.49,-0.16,-0.49,2.0,0.7,26.0,0.5,0.5,0.6,1018.39,1018.8,1019.21,1018.8,2.0,0.85,26.0,0.5,0.5,0.6,2.0,4.0,6.0,4.0,2.0,4.2,26.0,0.5,0.5,0.6,-61.6,-49.6,-37.6,-49.6,2.0,24.9,26.0,0.5,0.5,0.6,-4.7,-2.8,-0.9,-2.8,2.0,4.0,26.0,0.5,0.5,0.6,1.5,1.7,1.9,1.7,2.0,0.42,26.0,0.5,0.5,0.6,9.3,12.2,15.1,12.2,2.0,6.0,26.0,0.5,0.5,0.6,6.12,6.98,7.84,6.98,2.0,1.78,26.0,0.5,0.5,0.6,38.1,50.1,62.0,50.1,2.0,24.7,26.0,0.5,0.5,0.6,-195.9,-172.6,-149.4,-172.6,2.0,48.1,26.0,0.5,0.5,0.6,-20.6,-12.2,-3.9,-12.2,2.0,17.3,26.0,0.5,0.5,0.6,-111.5,-101.1,-90.7,-101.1,2.0,21.5,26.0,0.5,0.5,0.6,-12.7,-7.6,-2.4,-7.6,2.0,10.7,26.0,0.5,0.5,0.6,-61.9,-49.8,-37.7,-49.8,2.0,25.1,26.0,0.5,0.5,0.6,-4.8,-2.8,-0.9,-2.8,2.0,4.0,26.0,0.5,0.5,0.6,243.5,368.5,493.5,368.5,2.0,259.0,26.0,0.5,0.5,0.6,245.0,370.0,495.0,370.0,2.0,260.0,26.0,0.5,0.5,0.6
1974,2,237.0,-13.0,25.0,25.0,25.0,25.0,2.0,0.0,20.0,0.0,0.3,0.4,24.63,24.7,24.77,24.7,2.0,0.14,20.0,0.0,0.3,0.4,15.07,16.24,17.4,16.24,2.0,2.41,20.0,0.0,0.3,0.4,77.6,83.9,90.1,83.9,2.0,13.0,20.0,0.0,0.4,7.86,8.2,8.54,8.2,2.0,0.71,20.0,0.0,0.3,0.4,-8.14,-7.23,-6.32,-7.23,2.0,1.89,20.0,0.0,0.3,0.4,2.06,3.23,4.4,3.23,2.0,2.43,20.0,0.0,0.3,0.4,1013.3,1013.5,1013.7,1013.5,2.0,0.42,20.0,0.0,0.3,0.4,7.2,7.5,7.8,7.5,2.0,0.7,20.0,0.0,0.3,0.4,-69.9,-60.0,-50.0,-60.0,2.0,20.6,20.0,0.0,0.3,0.4,17.1,25.6,34.1,25.6,2.0,17.7,20.0,0.0,0.3,0.4,0.23,0.3,0.37,0.3,2.0,0.14,20.0,0.0,0.3,0.4,2.0,2.4,2.9,2.4,2.0,0.9,20.0,0.0,0.3,0.4,2.37,3.53,4.69,3.53,2.0,2.4,20.0,0.0,0.3,0.4,19.1,29.8,40.5,29.8,2.0,22.2,20.0,0.0,0.3,0.4,-201.8,-178.8,-155.8,-178.8,2.0,47.6,20.0,0.0,0.3,0.4,50.8,79.6,108.4,79.6,2.0,59.6,20.0,0.0,0.3,0.4,-121.5,-115.2,-108.8,-115.2,2.0,13.2,20.0,0.0,0.3,0.4,32.6,55.4,78.2,55.4,2.0,47.3,20.0,0.0,0.3,0.4,-39.4,-27.8,-16.2,-27.8,2.0,24.0,20.0,0.0,0.3,0.4,8.1,8.5,8.9,8.5,2.0,0.8,20.0,0.0,0.3,0.4,488.5,557.5,626.5,557.5,2.0,143.0,20.0,0.0,0.3,0.4,490.0,560.0,625.0,560.0,2.0,145.0,20.0,0.0,0.3,0.4
1974,2,237.0,-9.0,25.5,25.5,25.5,25.5,1.0,0.0,6.0,1.0,0.8,0.9,28.5,28.5,28.5,28.5,1.0,0.0,6.0,1.0,0.8,0.9,19.35,19.35,19.35,19.35,1.0,0.0,6.0,1.0,0.8,0.9,79.4,79.4,79.4,79.4,1.0,0.0,6.0,1.0,0.9,7.7,7.7,7.7,7.7,1.0,0.0,6.0,1.0,0.8,0.9,-7.24,-7.24,-7.24,-7.24,1.0,0.0,6.0,1.0,0.8,0.9,2.63,2.63,2.63,2.63,1.0,0.0,6.0,1.0,0.8,0.9,1010.3,1010.3,1010.3,1010.3,1.0,0.0,6.0,1.0,0.8,0.9,1.0,1.0,1.0,1.0,1.0,0.0,6.0,1.0,0.8,0.9,-55.7,-55.7,-55.7,-55.7,1.0,0.0,6.0,1.0,0.8,0.9,20.3,20.3,20.3,20.3,1.0,0.0,6.0,1.0,0.8,0.9,-3.0,-3.0,-3.0,-3.0,1.0,0.0,6.0,1.0,0.8,0.9,-23.1,-23.1,-23.1,-23.1,1.0,0.0,6.0,1.0,0.8,0.9,1.08,1.08,1.08,1.08,1.0,0.0,6.0,1.0,0.8,0.9,8.3,8.3,8.3,8.3,1.0,0.0,6.0,1.0,0.8,0.9,-206.2,-206.2,-206.2,-206.2,1.0,0.0,6.0,1.0,0.8,0.9,75.1,75.1,75.1,75.1,1.0,0.0,6.0,1.0,0.8,0.9,-140.0,-140.0,-140.0,-140.0,1.0,0.0,6.0,1.0,0.8,0.9,51.0,51.0,51.0,51.0,1.0,0.0,6.0,1.0,0.8,0.9,-7.8,-7.8,-7.8,-7.8,1.0,0.0,6.0,1.0,0.8,0.9,2.8,2.8,2.8,2.8,1.0,0.0,6.0,1.0,0.8,0.9,456.5,456.5,456.5,456.5,1.0,0.0,6.0,1.0,0.8,0.9,455.0,455.0,455.0,455.0,1.0,0.0,6.0,1.0,0.8,0.9
1974,2,237.0,-8.0,24.96,25.45,25.5,25.28,6.0,0.31,18.0,0.3,0.7,0.7,24.96,25.2,26.21,25.53,6.0,0.84,18.0,0.3,0.7,0.7,15.16,16.74,17.26,16.32,6.0,1.14,18.0,0.3,0.7,0.7,73.2,80.8,87.7,80.1,6.0,7.6,18.0,0.3,0.7,4.5,7.1,8.21,6.65,6.0,2.0,18.0,0.3,0.7,0.7,-7.71,-6.67,-4.16,-6.2,6.0,1.96,18.0,0.3,0.7,0.7,1.95,2.43,2.81,2.38,6.0,0.56,18.0,0.3,0.7,0.7,1010.08,1010.6,1012.53,1011.22,6.0,1.5,18.0,0.3,0.7,0.7,1.8,5.5,8.0,5.0,6.0,3.3,18.0,0.3,0.7,0.7,-63.4,-48.1,-18.8,-44.5,6.0,24.7,18.0,0.3,0.7,0.7,8.2,17.5,23.1,16.7,6.0,8.3,18.0,0.3,0.7,0.7,-1.37,0.3,0.52,-0.25,6.0,1.09,18.0,0.3,0.7,0.7,-6.9,1.5,4.2,-1.0,6.0,6.7,18.0,0.3,0.7,0.7,3.09,3.36,5.02,3.83,6.0,0.95,18.0,0.3,0.7,0.7,20.8,23.8,26.0,24.1,6.0,3.7,18.0,0.3,0.7,0.7,-193.5,-171.9,-107.5,-157.9,6.0,48.6,18.0,0.3,0.7,0.7,49.1,62.6,70.4,60.6,6.0,13.5,18.0,0.3,0.7,0.7,-133.2,-112.7,-61.2,-102.9,6.0,37.8,18.0,0.3,0.7,0.7,29.7,41.0,48.5,39.4,6.0,11.4,18.0,0.3,0.7,0.7,-24.4,-22.4,-19.0,-22.4,6.0,3.8,18.0,0.3,0.7,0.7,7.7,8.4,10.5,8.8,6.0,1.4,18.0,0.3,0.7,0.7,91.5,375.0,557.0,359.5,6.0,265.0,18.0,0.3,0.7,0.7,90.0,375.0,555.0,360.0,6.0,265.0,18.0,0.3,0.7,0.7
1974,2,237.0,-7.0,24.8,25.0,25.27,25.03,3.0,0.35,6.0,0.7,0.6,0.5,24.91,26.0,27.37,26.13,3.0,1.8,6.0,0.7,0.6,0.5,15.7,16.17,16.21,15.96,3.0,0.41,6.0,0.7,0.6,0.5,71.3,77.2,80.0,75.7,3.0,6.5,6.0,0.7,0.5,1.51,2.6,5.06,3.27,3.0,2.66,6.0,0.7,0.6,0.5,-4.51,-1.67,-1.17,-2.81,3.0,2.64,6.0,0.7,0.6,0.5,0.87,1.99,2.08,1.48,3.0,0.99,6.0,0.7,0.6,0.5,1010.48,1012.6,1012.67,1011.6,3.0,1.82,6.0,0.7,0.6,0.5,1.6,3.0,5.7,3.7,3.0,3.1,6.0,0.7,0.6,0.5,-26.0,-4.3,-2.0,-13.8,3.0,19.4,6.0,0.7,0.6,0.5,1.9,5.2,10.6,6.2,3.0,6.5,6.0,0.7,0.6,0.5,-2.46,-1.3,0.27,-1.1,3.0,2.01,6.0,0.7,0.6,0.5,-13.8,-3.4,-0.4,-7.0,3.0,10.3,6.0,0.7,0.6,0.5,3.37,3.62,4.41,3.89,3.0,0.8,6.0,0.7,0.6,0.5,6.0,8.5,18.0,11.9,3.0,9.3,6.0,0.7,0.6,0.5,-125.1,-43.5,-29.4,-76.5,3.0,75.7,6.0,0.7,0.6,0.5,22.1,51.8,57.0,39.8,3.0,27.5,6.0,0.7,0.6,0.5,-73.1,-27.0,-18.5,-45.4,3.0,43.0,6.0,0.7,0.6,0.5,13.8,32.2,33.7,24.0,3.0,16.2,6.0,0.7,0.6,0.5,-16.1,-5.4,-4.8,-10.4,3.0,9.3,6.0,0.7,0.6,0.5,3.2,6.5,7.3,5.3,3.0,3.2,6.0,0.7,0.6,0.5,6.5,17.5,168.5,85.5,3.0,132.5,6.0,0.7,0.6,0.5,5.0,20.0,170.0,85.0,3.0,130.0,6.0,0.7,0.6,0.5
1974,2,237.0,-6.0,24.0,24.0,24.0,24.0,1.0,0.0,18.0,0.0,1.0,1.0,24.5,24.5,24.5,24.5,1.0,0.0,18.0,0.0,1.0,1.0,17.44,17.44,17.44,17.44,1.0,0.0,18.0,0.0,1.0,1.0,90.8,90.8,90.8,90.8,1.0,0.0,18.0,0.0,1.0,5.1,5.1,5.1,5.1,1.0,0.0,18.0,0.0,1.0,1.0,-4.42,-4.42,-4.42,-4.42,1.0,0.0,18.0,0.0,1.0,1.0,2.55,2.55,2.55,2.55,1.0,0.0,18.0,0.0,1.0,1.0,1011.1,1011.1,1011.1,1011.1,1.0,0.0,18.0,0.0,1.0,1.0,1.0,1.0,1.0,1.0,1.0,0.0,18.0,0.0,1.0,1.0,-22.5,-22.5,-22.5,-22.5,1.0,0.0,18.0,0.0,1.0,1.0,13.0,13.0,13.0,13.0,1.0,0.0,18.0,0.0,1.0,1.0,-0.5,-0.5,-0.5,-0.5,1.0,0.0,18.0,0.0,1.0,1.0,-2.5,-2.5,-2.5,-2.5,1.0,0.0,18.0,0.0,1.0,1.0,1.21,1.21,1.21,1.21,1.0,0.0,18.0,0.0,1.0,1.0,6.2,6.2,6.2,6.2,1.0,0.0,18.0,0.0,1.0,1.0,-108.2,-108.2,-108.2,-108.2,1.0,0.0,18.0,0.0,1.0,1.0,62.5,62.5,62.5,62.5,1.0,0.0,18.0,0.0,1.0,1.0,-77.0,-77.0,-77.0,-77.0,1.0,0.0,18.0,0.0,1.0,1.0,44.5,44.5,44.5,44.5,1.0,0.0,18.0,0.0,1.0,1.0,-5.4,-5.4,-5.4,-5.4,1.0,0.0,18.0,0.0,1.0,1.0,3.1,3.1,3.1,3.1,1.0,0.0,18.0,0.0,1.0,1.0,132.5,132.5,132.5,132.5,1.0,0.0,18.0,0.0,1.0,1.0,135.0,135.0,135.0,135.0,1.0,0.0,18.0,0.0,1.0,1.0
1974,2,237.0,-5.0,25.66,25.8,25.94,25.8,2.0,0.28,16.0,0.5,0.5,0.7,25.15,25.7,26.25,25.7,2.0,1.13,16.0,0.5,0.5,0.7,16.86,16.96,17.06,16.96,2.0,0.2,16.0,0.5,0.5,0.7,79.6,82.6,85.7,82.6,2.0,6.3,16.0,0.5,0.7,7.61,8.5,9.39,8.5,2.0,1.84,16.0,0.5,0.5,0.7,-9.12,-7.66,-6.2,-7.66,2.0,3.03,16.0,0.5,0.5,0.7,0.73,2.31,3.89,2.31,2.0,3.27,16.0,0.5,0.5,0.7,1012.63,1014.2,1015.77,1014.2,2.0,3.25,16.0,0.5,0.5,0.7,6.2,6.5,6.8,6.5,2.0,0.7,16.0,0.5,0.5,0.7,-87.1,-67.9,-48.7,-67.9,2.0,39.8,16.0,0.5,0.5,0.7,5.3,16.7,28.0,16.7,2.0,23.6,16.0,0.5,0.5,0.7,-0.31,0.1,0.51,0.1,2.0,0.85,16.0,0.5,0.5,0.7,-3.3,0.1,3.5,0.1,2.0,7.0,16.0,0.5,0.5,0.7,3.53,3.77,4.0,3.77,2.0,0.49,16.0,0.5,0.5,0.7,27.1,32.5,37.8,32.5,2.0,11.1,16.0,0.5,0.5,0.7,-240.3,-198.5,-156.8,-198.5,2.0,86.5,16.0,0.5,0.5,0.7,18.3,57.6,97.0,57.6,2.0,81.5,16.0,0.5,0.5,0.7,-153.6,-129.6,-105.5,-129.6,2.0,49.8,16.0,0.5,0.5,0.7,12.6,39.6,66.6,39.6,2.0,56.0,16.0,0.5,0.5,0.7,-36.9,-29.6,-22.3,-29.6,2.0,15.1,16.0,0.5,0.5,0.7,2.5,7.9,13.3,7.9,2.0,11.2,16.0,0.5,0.5,0.7,463.5,657.0,851.0,657.0,2.0,401.5,16.0,0.5,0.5,0.7,465.0,655.0,850.0,655.0,2.0,400.0,16.0,0.5,0.5,0.7
1974,2,237.0,-3.0,23.6,23.6,23.6,23.6,1.0,0.0,6.0,1.0,0.3,0.4,25.6,25.6,25.6,25.6,1.0,0.0,6.0,1.0,0.3,0.4,17.59,17.59,17.59,17.59,1.0,0.0,6.0,1.0,0.3,0.4,85.6,85.6,85.6,85.6,1.0,0.0,6.0,1.0,0.4,3.6,3.6,3.6,3.6,1.0,0.0,6.0,1.0,0.3,0.4,-3.6,-3.6,-3.6,-3.6,1.0,0.0,6.0,1.0,0.3,0.4,0.0,0.0,0.0,0.0,1.0,0.0,6.0,1.0,0.3,0.4,1008.6,1008.6,1008.6,1008.6,1.0,0.0,6.0,1.0,0.3,0.4,2.0,2.0,2.0,2.0,1.0,0.0,6.0,1.0,0.3,0.4,-13.0,-13.0,-13.0,-13.0,1.0,0.0,6.0,1.0,0.3,0.4,0.0,0.0,0.0,0.0,1.0,0.0,6.0,1.0,0.3,0.4,-2.0,-2.0,-2.0,-2.0,1.0,0.0,6.0,1.0,0.3,0.4,-7.2,-7.2,-7.2,-7.2,1.0,0.0,6.0,1.0,0.3,0.4,0.66,0.66,0.66,0.66,1.0,0.0,6.0,1.0,0.3,0.4,2.4,2.4,2.4,2.4,1.0,0.0,6.0,1.0,0.3,0.4,-92.2,-92.2,-92.2,-92.2,1.0,0.0,6.0,1.0,0.3,0.4,0.0,0.0,0.0,0.0,1.0,0.0,6.0,1.0,0.3,0.4,-63.3,-63.3,-63.3,-63.3,1.0,0.0,6.0,1.0,0.3,0.4,0.0,0.0,0.0,0.0,1.0,0.0,6.0,1.0,0.3,0.4,-2.4,-2.4,-2.4,-2.4,1.0,0.0,6.0,1.0,0.3,0.4,0.0,0.0,0.0,0.0,1.0,0.0,6.0,1.0,0.3,0.4,46.5,46.5,46.5,46.5,1.0,0.0,6.0,1.0,0.3,0.4,45.0,45.0,45.0,45.0,1.0,0.0,6.0,1.0,0.3,0.4
1974,2,237.0,1.0,26.5,26.5,26.5,26.5,1.0,0.0,22.0,0.0,0.5,0.3,25.6,25.6,25.6,25.6,1.0,0.0,22.0,0.0,0.5,0.3,16.84,16.84,16.84,16.84,1.0,0.0,22.0,0.0,0.5,0.3,82.0,82.0,82.0,82.0,1.0,0.0,22.0,0.0,0.3,,,,,,,,,,,,,,,,,,,,,,,,,,,,,,,,,,,,,,,,,,,,,,,,,,,,,,,,,,,,,,,,,,,,,,,,,,,,,,,,,,,,,,,,,,,,,,,,,,,,,,,,,,,,,,,,,,,,,,,,,,,,,,,,,,,,,,,,,,,,,,,,,,,,,,,,,,,,,,,,,,,,,,,,,,,,,,,,,,,,,,,,,,,,,,
1974,2,237.0,6.0,25.0,25.0,25.0,25.0,1.0,0.0,24.0,1.0,0.6,0.9,25.2,25.2,25.2,25.2,1.0,0.0,24.0,1.0,0.6,0.9,17.93,17.93,17.93,17.93,1.0,0.0,24.0,1.0,0.6,0.9,89.2,89.2,89.2,89.2,1.0,0.0,24.0,1.0,0.9,9.3,9.3,9.3,9.3,1.0,0.0,24.0,1.0,0.6,0.9,-7.12,-7.12,-7.12,-7.12,1.0,0.0,24.0,1.0,0.6,0.9,-5.98,-5.98,-5.98,-5.98,1.0,0.0,24.0,1.0,0.6,0.9,1007.7,1007.7,1007.7,1007.7,1.0,0.0,24.0,1.0,0.6,0.9,6.0,6.0,6.0,6.0,1.0,0.0,24.0,1.0,0.6,0.9,-66.3,-66.3,-66.3,-66.3,1.0,0.0,24.0,1.0,0.6,0.9,-55.6,-55.6,-55.6,-55.6,1.0,0.0,24.0,1.0,0.6,0.9,-0.2,-0.2,-0.2,-0.2,1.0,0.0,24.0,1.0,0.6,0.9,-1.9,-1.9,-1.9,-1.9,1.0,0.0,24.0,1.0,0.6,0.9,1.95,1.95,1.95,1.95,1.0,0.0,24.0,1.0,0.6,0.9,18.1,18.1,18.1,18.1,1.0,0.0,24.0,1.0,0.6,0.9,-179.5,-179.5,-179.5,-179.5,1.0,0.0,24.0,1.0,0.6,0.9,-150.6,-150.6,-150.6,-150.6,1.0,0.0,24.0,1.0,0.6,0.9,-127.7,-127.7,-127.7,-127.7,1.0,0.0,24.0,1.0,0.6,0.9,-107.2,-107.2,-107.2,-107.2,1.0,0.0,24.0,1.0,0.6,0.9,-13.9,-13.9,-13.9,-13.9,1.0,0.0,24.0,1.0,0.6,0.9,-11.7,-11.7,-11.7,-11.7,1.0,0.0,24.0,1.0,0.6,0.9,804.5,804.5,804.5,804.5,1.0,0.0,24.0,1.0,0.6,0.9,805.0,805.0,805.0,805.0,1.0,0.0,24.0,1.0,0.6,0.9
1974,2,237.0,7.0,26.0,26.0,26.0,26.0,1.0,0.0,18.0,1.0,0.5,0.5,25.5,25.5,25.5,25.5,1.0,0.0,18.0,1.0,0.5,0.5,16.59,16.59,16.59,16.59,1.0,0.0,18.0,1.0,0.5,0.5,81.5,81.5,81.5,81.5,1.0,0.0,18.0,1.0,0.5,10.3,10.3,10.3,10.3,1.0,0.0,18.0,1.0,0.5,0.5,-10.14,-10.14,-10.14,-10.14,1.0,0.0,18.0,1.0,0.5,0.5,-1.79,-1.79,-1.79,-1.79,1.0,0.0,18.0,1.0,0.5,0.5,1011.9,1011.9,1011.9,1011.9,1.0,0.0,18.0,1.0,0.5,0.5,8.0,8.0,8.0,8.0,1.0,0.0,18.0,1.0,0.5,0.5,-104.5,-104.5,-104.5,-104.5,1.0,0.0,18.0,1.0,0.5,0.5,-18.4,-18.4,-18.4,-18.4,1.0,0.0,18.0,1.0,0.5,0.5,0.5,0.5,0.5,0.5,1.0,0.0,18.0,1.0,0.5,0.5,5.2,5.2,5.2,5.2,1.0,0.0,18.0,1.0,0.5,0.5,4.44,4.44,4.44,4.44,1.0,0.0,18.0,1.0,0.5,0.5,45.7,45.7,45.7,45.7,1.0,0.0,18.0,1.0,0.5,0.5,-258.7,-258.7,-258.7,-258.7,1.0,0.0,18.0,1.0,0.5,0.5,-45.6,-45.6,-45.6,-45.6,1.0,0.0,18.0,1.0,0.5,0.5,-168.2,-168.2,-168.2,-168.2,1.0,0.0,18.0,1.0,0.5,0.5,-29.7,-29.7,-29.7,-29.7,1.0,0.0,18.0,1.0,0.5,0.5,-45.0,-45.0,-45.0,-45.0,1.0,0.0,18.0,1.0,0.5,0.5,-7.9,-7.9,-7.9,-7.9,1.0,0.0,18.0,1.0,0.5,0.5,1092.5,1092.5,1092.5,1092.5,1.0,0.0,18.0,1.0,0.5,0.5,1095.0,1095.0,1095.0,1095.0,1.0,0.0,18.0,1.0,0.5,0.5
1974,2,237.0,8.0,25.6,25.6,25.6,25.6,1.0,0.0,2.0,1.0,1.0,0.2,25.6,25.6,25.6,25.6,1.0,0.0,2.0,1.0,1.0,0.2,16.78,16.78,16.78,16.78,1.0,0.0,2.0,1.0,1.0,0.2,82.0,82.0,82.0,82.0,1.0,0.0,2.0,1.0,0.2,7.7,7.7,7.7,7.7,1.0,0.0,2.0,1.0,1.0,0.2,-5.9,-5.9,-5.9,-5.9,1.0,0.0,2.0,1.0,1.0,0.2,-4.95,-4.95,-4.95,-4.95,1.0,0.0,2.0,1.0,1.0,0.2,1012.5,1012.5,1012.5,1012.5,1.0,0.0,2.0,1.0,1.0,0.2,8.0,8.0,8.0,8.0,1.0,0.0,2.0,1.0,1.0,0.2,-45.4,-45.4,-45.4,-45.4,1.0,0.0,2.0,1.0,1.0,0.2,-38.1,-38.1,-38.1,-38.1,1.0,0.0,2.0,1.0,1.0,0.2,0.0,0.0,0.0,0.0,1.0,0.0,2.0,1.0,1.0,0.2,0.0,0.0,0.0,0.0,1.0,0.0,2.0,1.0,1.0,0.2,3.73,3.73,3.73,3.73,1.0,0.0,2.0,1.0,1.0,0.2,28.7,28.7,28.7,28.7,1.0,0.0,2.0,1.0,1.0,0.2,-151.0,-151.0,-151.0,-151.0,1.0,0.0,2.0,1.0,1.0,0.2,-126.7,-126.7,-126.7,-126.7,1.0,0.0,2.0,1.0,1.0,0.2,-99.0,-99.0,-99.0,-99.0,1.0,0.0,2.0,1.0,1.0,0.2,-83.1,-83.1,-83.1,-83.1,1.0,0.0,2.0,1.0,1.0,0.2,-22.0,-22.0,-22.0,-22.0,1.0,0.0,2.0,1.0,1.0,0.2,-18.5,-18.5,-18.5,-18.5,1.0,0.0,2.0,1.0,1.0,0.2,456.5,456.5,456.5,456.5,1.0,0.0,2.0,1.0,1.0,0.2,455.0,455.0,455.0,455.0,1.0,0.0,2.0,1.0,1.0,0.2
1974,2,237.0,12.0,,,,,,,,,,,,,,,,,,,,,,,,,,,,,,,,,,,,,,,,8.03,8.1,8.17,8.1,2.0,0.14,28.0,1.0,1.0,0.5,-8.04,-7.98,-7.91,-7.98,2.0,0.14,28.0,1.0,1.0,0.5,-1.42,-1.41,-1.39,-1.41,2.0,0.02,28.0,1.0,1.0,0.5,1011.7,1011.7,1011.7,1011.7,2.0,0.0,28.0,1.0,1.0,0.5,,,,,,,,,,,,,,,,,,,,,,,,,,,,,,,,,,,,,,,,,,,,,,,,,,,,,,,,,,,,,,,,,,,,,,,,,,,,,,,,,,,,,,,,,,,,,,,,,,,,,,,,,,,,,,,,,,,,,,,,,,,,,,,,,,,,,,,,,,,,,,,,,,,,,,
1974,2,237.0,13.0,24.5,24.9,25.08,24.82,6.0,0.44,20.0,0.7,0.7,0.3,23.39,23.5,24.1,23.93,7.0,0.99,20.0,0.7,0.7,0.3,13.38,14.08,14.58,13.95,6.0,0.71,20.0,0.7,0.6,0.3,74.8,77.8,80.3,77.0,6.0,4.3,20.0,0.7,0.3,5.93,6.7,9.33,7.14,7.0,1.9,20.0,0.7,0.7,0.3,-5.34,-3.18,-3.0,-4.34,7.0,2.36,20.0,0.7,0.7,0.3,-6.36,-5.2,-3.52,-5.26,7.0,1.84,20.0,0.7,0.7,0.3,1010.49,1010.8,1012.24,1011.49,7.0,1.7,20.0,0.7,0.7,0.3,4.0,6.0,7.0,5.9,7.0,1.5,20.0,0.7,0.7,0.3,-37.2,-25.9,-17.8,-33.5,7.0,27.6,20.0,0.7,0.7,0.3,-46.6,-33.3,-28.3,-38.6,7.0,20.7,20.0,0.7,0.7,0.3,0.33,1.1,1.57,0.9,6.0,1.12,20.0,0.7,0.7,0.3,0.3,7.9,10.2,5.4,6.0,9.0,20.0,0.7,0.7,0.3,4.96,5.12,5.79,5.39,5.0,0.8,20.0,0.6,0.6,0.3,28.0,32.3,46.0,35.9,5.0,10.5,20.0,0.6,0.6,0.3,-129.0,-75.7,-70.4,-105.7,7.0,64.3,20.0,0.7,0.7,0.3,-147.7,-122.1,-88.9,-125.1,7.0,42.5,20.0,0.7,0.7,0.3,-52.2,-45.6,-43.0,-48.3,6.0,9.1,20.0,0.7,0.6,0.3,-93.2,-76.8,-53.9,-78.1,6.0,27.9,20.0,0.7,0.6,0.3,-19.2,-15.4,-15.1,-17.2,5.0,4.0,20.0,0.6,0.6,0.3,-41.9,-28.0,-23.4,-31.3,5.0,10.5,20.0,0.6,0.6,0.3,210.5,301.0,813.5,433.0,7.0,336.0,20.0,0.7,0.7,0.3,210.0,300.0,815.0,435.0,7.0,335.0,20.0,0.7,0.7,0.3
1974,2,237.0,14.0,24.0,24.0,24.0,24.0,2.0,0.0,6.0,0.5,0.4,0.5,21.13,22.9,24.67,22.9,2.0,3.68,6.0,0.5,0.4,0.5,13.74,14.06,14.38,14.06,2.0,0.65,6.0,0.5,0.4,0.5,72.2,82.7,93.3,82.7,2.0,21.8,6.0,0.5,0.5,7.19,8.25,9.31,8.25,2.0,2.19,6.0,0.5,0.4,0.5,-8.67,-7.51,-6.34,-7.51,2.0,2.41,6.0,0.5,0.4,0.5,-3.35,-3.35,-3.35,-3.35,2.0,0.0,6.0,0.5,0.4,0.5,1014.98,1016.0,1017.02,1016.0,2.0,2.12,6.0,0.5,0.4,0.5,2.8,4.5,6.2,4.5,2.0,3.5,6.0,0.5,0.4,0.5,-82.1,-64.6,-47.0,-64.6,2.0,36.3,6.0,0.5,0.4,0.5,-31.2,-27.6,-24.1,-27.6,2.0,7.4,6.0,0.5,0.4,0.5,-0.67,1.1,2.87,1.1,2.0,3.68,6.0,0.5,0.4,0.5,-8.4,5.0,18.5,5.0,2.0,27.9,6.0,0.5,0.4,0.5,4.2,4.5,4.79,4.5,2.0,0.61,6.0,0.5,0.4,0.5,30.6,37.8,45.0,37.8,2.0,14.9,6.0,0.5,0.4,0.5,-216.3,-176.3,-136.4,-176.3,2.0,82.8,6.0,0.5,0.4,0.5,-82.7,-76.7,-70.8,-76.7,2.0,12.4,6.0,0.5,0.4,0.5,-118.7,-104.7,-90.8,-104.7,2.0,29.0,6.0,0.5,0.4,0.5,-48.2,-47.1,-46.1,-47.1,2.0,2.2,6.0,0.5,0.4,0.5,-41.9,-34.5,-27.0,-34.5,2.0,15.4,6.0,0.5,0.4,0.5,-16.1,-15.1,-14.1,-15.1,2.0,2.1,6.0,0.5,0.4,0.5,402.5,621.0,839.5,621.0,2.0,453.0,6.0,0.5,0.4,0.5,400.0,620.0,840.0,620.0,2.0,455.0,6.0,0.5,0.4,0.5
1974,2,237.0,15.0,23.3,23.6,23.95,23.63,4.0,0.38,16.0,0.8,0.4,0.6,21.62,22.35,22.92,22.28,4.0,0.91,16.0,0.8,0.4,0.6,11.81,14.83,15.57,13.74,4.0,3.1,16.0,0.8,0.4,0.6,72.5,88.7,90.7,81.9,4.0,15.1,16.0,0.8,0.6,5.94,7.45,9.54,7.73,4.0,2.16,16.0,0.8,0.4,0.6,-6.3,-3.36,-1.42,-3.83,4.0,2.98,16.0,0.8,0.4,0.6,-8.22,-5.23,-3.56,-5.86,4.0,3.15,16.0,0.8,0.4,0.6,1016.03,1016.7,1019.41,1017.68,4.0,2.74,16.0,0.8,0.4,0.6,6.6,8.0,8.0,7.3,3.0,1.2,18.0,0.7,0.4,0.6,-47.7,-23.3,-12.3,-29.7,4.0,25.5,16.0,0.8,0.4,0.6,-72.8,-37.9,-26.5,-49.1,4.0,38.3,16.0,0.8,0.4,0.6,0.71,1.6,1.96,1.35,4.0,0.95,16.0,0.8,0.4,0.6,6.2,13.3,15.7,11.1,4.0,7.6,16.0,0.8,0.4,0.6,2.48,3.62,6.34,4.37,4.0,2.96,16.0,0.8,0.4,0.6,21.0,34.2,44.4,32.8,4.0,17.9,16.0,0.8,0.4,0.6,-143.6,-77.4,-30.8,-86.7,4.0,68.2,16.0,0.8,0.4,0.6,-179.3,-113.4,-81.4,-129.6,4.0,68.6,16.0,0.8,0.4,0.6,-95.8,-53.1,-17.9,-56.7,4.0,46.6,16.0,0.8,0.4,0.6,-110.0,-60.0,-50.8,-79.4,4.0,48.8,16.0,0.8,0.4,0.6,-19.7,-8.7,-7.1,-13.2,4.0,10.8,16.0,0.8,0.4,0.6,-43.7,-25.5,-10.5,-27.0,4.0,20.8,16.0,0.8,0.4,0.6,210.5,448.5,886.0,543.5,4.0,423.0,16.0,0.8,0.4,0.6,210.0,450.0,885.0,545.0,4.0,425.0,16.0,0.8,0.4,0.6
1974,2,237.0,16.0,22.0,23.0,23.73,23.0,5.0,1.22,14.0,0.6,0.8,0.3,20.79,21.45,24.6,22.18,6.0,1.97,12.0,0.7,0.8,0.3,10.27,10.64,11.05,10.66,4.0,0.45,10.0,0.5,0.8,0.4,67.7,69.4,70.9,69.3,4.0,1.9,10.0,0.5,0.4,7.39,8.45,11.84,9.1,6.0,2.33,12.0,0.7,0.8,0.3,-7.61,-6.47,-4.37,-5.89,6.0,2.1,12.0,0.7,0.8,0.3,-9.07,-5.86,-5.53,-6.8,6.0,1.81,12.0,0.7,0.8,0.3,1015.32,1017.25,1017.5,1016.42,6.0,1.74,12.0,0.7,0.8,0.3,6.0,8.0,8.0,7.3,6.0,1.0,12.0,0.7,0.8,0.3,-90.1,-54.7,-33.0,-57.1,6.0,30.4,12.0,0.7,0.8,0.3,-107.4,-47.0,-41.8,-65.1,6.0,33.9,12.0,0.7,0.8,0.3,-1.6,1.0,2.73,0.76,5.0,2.41,14.0,0.6,0.8,0.3,-19.0,8.7,18.8,2.2,5.0,20.2,14.0,0.6,0.8,0.3,5.69,6.21,8.36,7.01,3.0,2.08,12.0,0.3,0.8,0.5,47.5,47.8,54.8,51.1,3.0,6.0,12.0,0.3,0.8,0.5,-187.2,-138.8,-87.7,-132.9,6.0,55.0,12.0,0.7,0.8,0.3,-223.1,-120.2,-117.0,-153.6,6.0,54.8,12.0,0.7,0.8,0.3,-71.5,-60.3,-35.5,-53.8,4.0,23.5,10.0,0.5,0.8,0.4,-60.8,-60.2,-59.4,-60.1,4.0,1.0,10.0,0.5,0.8,0.4,-34.5,-30.7,-23.3,-29.0,3.0,8.4,12.0,0.3,0.8,0.5,-48.9,-36.6,-32.4,-40.5,3.0,12.5,12.0,0.3,0.8,0.5,411.5,605.0,1660.5,879.5,6.0,640.0,12.0,0.7,0.8,0.3,410.0,605.0,1660.0,880.0,6.0,640.0,12.0,0.7,0.8,0.3
1974,2,237.0,17.0,22.06,22.2,22.75,22.4,3.0,0.53,12.0,0.7,0.5,0.3,20.9,21.1,22.4,21.63,3.0,1.19,12.0,0.7,0.5,0.3,9.89,11.22,11.7,10.81,3.0,1.37,12.0,0.7,0.5,0.3,63.6,68.5,71.3,67.5,3.0,5.7,12.0,0.7,0.3,5.43,7.2,10.0,7.7,3.0,3.38,12.0,0.7,0.5,0.3,-7.66,-5.52,-3.77,-5.71,3.0,2.85,12.0,0.7,0.5,0.3,-6.43,-4.63,-3.87,-5.14,3.0,1.92,12.0,0.7,0.5,0.3,1016.89,1018.8,1019.76,1018.33,3.0,2.14,12.0,0.7,0.5,0.3,4.3,7.0,7.7,6.0,3.0,2.6,12.0,0.7,0.5,0.3,-79.4,-39.7,-21.9,-50.4,3.0,43.1,12.0,0.7,0.5,0.3,-66.6,-33.3,-21.6,-43.9,3.0,34.2,12.0,0.7,0.5,0.3,-0.24,1.4,1.74,0.77,3.0,1.55,12.0,0.7,0.5,0.3,-4.9,8.7,9.7,2.5,3.0,12.0,12.0,0.7,0.5,0.3,5.04,6.19,6.93,5.99,3.0,1.4,12.0,0.7,0.5,0.3,35.6,50.8,51.9,43.9,3.0,13.4,12.0,0.7,0.5,0.3,-172.3,-114.7,-79.0,-125.4,3.0,69.0,12.0,0.7,0.5,0.3,-144.6,-96.3,-81.3,-112.6,3.0,48.5,12.0,0.7,0.5,0.3,-86.7,-51.2,-38.9,-62.5,3.0,36.4,12.0,0.7,0.5,0.3,-72.7,-42.9,-40.6,-56.4,3.0,26.2,12.0,0.7,0.5,0.3,-39.7,-38.9,-24.9,-32.5,3.0,12.3,12.0,0.7,0.5,0.3,-33.3,-32.7,-25.3,-29.4,3.0,6.6,12.0,0.7,0.5,0.3,185.0,373.0,1103.5,638.0,3.0,710.5,12.0,0.7,0.5,0.3,185.0,375.0,1105.0,640.0,3.0,710.0,12.0,0.7,0.5,0.3
1974,2,237.0,18.0,22.0,22.1,23.66,22.5,8.0,1.35,20.0,0.6,0.5,0.5,18.36,20.0,20.94,19.95,8.0,1.63,20.0,0.6,0.5,0.5,9.95,11.41,13.39,11.82,7.0,1.98,22.0,0.6,0.5,0.6,70.2,76.5,87.7,80.2,7.0,10.5,22.0,0.6,0.6,4.66,7.85,10.19,7.49,8.0,2.62,20.0,0.6,0.5,0.5,-7.81,-4.33,-0.23,-3.62,8.0,4.55,20.0,0.6,0.5,0.5,-6.91,-6.05,-3.02,-4.87,8.0,2.85,20.0,0.6,0.5,0.5,1014.76,1016.85,1020.33,1017.45,8.0,2.93,20.0,0.6,0.5,0.5,4.6,7.0,8.0,6.3,6.0,2.0,20.0,0.7,0.6,0.5,-79.6,-28.7,-0.9,-34.6,8.0,41.5,20.0,0.6,0.5,0.5,-67.2,-52.3,-13.7,-41.3,8.0,29.3,20.0,0.6,0.5,0.5,-0.22,2.1,5.51,2.55,8.0,2.69,20.0,0.6,0.5,0.5,-0.3,18.1,32.6,22.5,8.0,24.1,20.0,0.6,0.5,0.5,2.98,5.03,6.85,4.95,7.0,3.15,22.0,0.6,0.5,0.6,12.2,51.8,62.0,44.6,7.0,35.1,22.0,0.6,0.5,0.6,-148.1,-88.4,-5.2,-72.4,8.0,85.1,20.0,0.6,0.5,0.5,-126.8,-122.6,-64.3,-97.3,8.0,54.0,20.0,0.6,0.5,0.5,-82.7,-53.4,-26.0,-54.0,7.0,32.0,22.0,0.6,0.5,0.6,-76.5,-62.5,-47.1,-65.2,7.0,17.8,22.0,0.6,0.5,0.6,-47.5,-34.5,0.0,-29.5,7.0,29.9,22.0,0.6,0.5,0.6,-42.4,-33.3,-10.6,-31.5,7.0,22.0,22.0,0.6,0.5,0.6,101.5,484.5,1060.5,553.0,8.0,460.5,20.0,0.6,0.5,0.5,100.0,485.0,1060.0,555.0,8.0,460.0,20.0,0.6,0.5,0.5
1974,2,237.0,19.0,20.56,21.55,22.91,21.85,8.0,1.6,12.0,0.6,0.6,0.4,19.0,20.0,22.37,20.59,9.0,1.71,14.0,0.7,0.6,0.4,10.39,11.0,12.33,11.14,7.0,1.21,12.0,0.7,0.6,0.4,63.2,72.4,82.2,72.4,7.0,8.3,12.0,0.7,0.4,6.33,8.7,9.67,8.41,9.0,2.32,14.0,0.7,0.6,0.4,-8.34,-4.65,-3.93,-5.91,9.0,2.87,14.0,0.7,0.6,0.4,-7.42,-4.75,-3.61,-5.5,9.0,1.85,14.0,0.7,0.6,0.4,1015.2,1017.75,1019.56,1017.55,8.0,2.11,12.0,0.6,0.6,0.4,6.1,7.5,8.0,7.3,8.0,0.9,12.0,0.8,0.6,0.4,-80.9,-37.8,-26.0,-54.7,9.0,43.5,14.0,0.7,0.6,0.4,-66.1,-51.3,-29.0,-47.0,9.0,20.5,14.0,0.7,0.6,0.4,-1.78,1.0,2.18,1.06,8.0,2.75,12.0,0.6,0.6,0.4,-15.1,8.3,26.4,7.5,8.0,20.2,12.0,0.6,0.6,0.4,3.63,4.48,7.56,5.29,7.0,2.09,12.0,0.7,0.6,0.4,31.3,37.3,56.9,47.1,7.0,24.3,12.0,0.7,0.6,0.4,-184.2,-93.0,-76.5,-122.3,9.0,60.6,14.0,0.7,0.6,0.4,-159.0,-90.4,-77.5,-113.6,9.0,40.5,14.0,0.7,0.6,0.4,-111.0,-65.7,-42.9,-70.4,7.0,30.3,12.0,0.7,0.6,0.4,-82.1,-55.1,-41.2,-61.1,7.0,18.6,12.0,0.7,0.6,0.4,-49.5,-20.4,-18.6,-35.5,7.0,26.9,12.0,0.7,0.6,0.4,-33.5,-29.9,-17.2,-27.8,7.0,9.4,12.0,0.7,0.6,0.4,255.0,658.5,904.5,720.5,9.0,604.5,14.0,0.7,0.6,0.4,255.0,660.0,905.0,720.0,9.0,605.0,14.0,0.7,0.6,0.4
1974,2,237.0,20.0,20.46,20.6,21.21,20.83,3.0,0.59,12.0,0.7,0.7,0.3,18.0,18.25,18.76,18.38,4.0,0.48,14.0,0.8,0.6,0.3,8.45,9.04,9.06,8.76,3.0,0.51,12.0,0.7,0.7,0.3,66.0,69.4,70.6,68.3,3.0,3.5,12.0,0.7,0.3,8.94,10.3,10.3,9.65,4.0,1.3,14.0,0.8,0.6,0.3,-4.38,-3.52,-3.06,-3.71,4.0,1.05,14.0,0.8,0.6,0.3,-9.68,-9.3,-8.04,-8.88,4.0,1.15,14.0,0.8,0.6,0.3,1020.71,1021.5,1022.39,1021.55,4.0,1.31,14.0,0.8,0.6,0.3,4.4,6.0,6.5,5.5,4.0,1.7,14.0,0.8,0.6,0.3,-45.1,-36.3,-27.9,-36.5,4.0,13.4,14.0,0.8,0.6,0.3,-99.7,-95.8,-72.9,-86.7,4.0,21.0,14.0,0.8,0.6,0.3,2.46,2.6,2.87,2.67,3.0,0.31,12.0,0.7,0.7,0.3,21.1,26.8,29.6,25.4,3.0,6.3,12.0,0.7,0.7,0.3,6.16,6.61,6.7,6.43,3.0,0.42,12.0,0.7,0.7,0.3,54.2,61.3,66.8,60.5,3.0,9.2,12.0,0.7,0.7,0.3,-81.8,-65.2,-55.0,-68.3,4.0,19.9,14.0,0.8,0.6,0.3,-179.3,-169.6,-146.8,-163.3,4.0,23.4,14.0,0.8,0.6,0.3,-42.0,-31.8,-24.8,-33.4,3.0,12.7,12.0,0.7,0.7,0.3,-85.4,-80.9,-66.0,-75.8,3.0,14.8,12.0,0.7,0.7,0.3,-30.3,-21.0,-18.5,-24.4,3.0,9.1,12.0,0.7,0.7,0.3,-59.3,-57.6,-51.0,-55.2,3.0,6.5,12.0,0.7,0.7,0.3,759.5,1092.5,1092.5,933.5,4.0,318.0,14.0,0.8,0.6,0.3,760.0,1095.0,1095.0,935.0,4.0,320.0,14.0,0.8,0.6,0.3
1974,2,237.0,21.0,18.43,19.0,19.51,18.86,7.0,0.92,12.0,0.6,0.6,0.7,17.0,18.0,19.02,18.14,7.0,1.03,12.0,0.6,0.6,0.7,9.03,9.38,11.25,9.88,7.0,1.21,12.0,0.6,0.6,0.7,67.2,75.3,81.1,77.0,7.0,11.4,12.0,0.6,0.7,2.6,4.6,10.32,5.59,7.0,3.53,12.0,0.6,0.6,0.7,-6.99,-3.28,-0.89,-3.57,7.0,2.85,12.0,0.6,0.6,0.7,-6.7,-2.96,-2.44,-4.19,7.0,2.33,12.0,0.6,0.6,0.7,1014.77,1017.2,1019.05,1016.9,7.0,2.15,12.0,0.6,0.6,0.7,3.0,6.0,7.0,5.1,7.0,2.0,12.0,0.6,0.6,0.7,-75.3,-16.2,-2.3,-28.4,7.0,34.6,12.0,0.6,0.6,0.7,-69.2,-13.6,-6.4,-30.3,7.0,34.0,12.0,0.6,0.6,0.7,0.0,0.8,1.05,0.71,7.0,0.72,12.0,0.6,0.6,0.7,0.0,2.6,5.4,3.2,7.0,3.7,12.0,0.6,0.6,0.7,2.66,4.24,4.69,3.62,7.0,1.8,12.0,0.6,0.6,0.7,10.5,14.4,30.5,18.5,7.0,12.8,12.0,0.6,0.6,0.7,-135.5,-55.7,-16.0,-65.2,7.0,52.5,12.0,0.6,0.6,0.7,-118.0,-56.2,-43.9,-76.6,7.0,45.1,12.0,0.6,0.6,0.7,-75.3,-31.4,-8.3,-36.3,7.0,29.8,12.0,0.6,0.6,0.7,-64.5,-26.3,-22.9,-42.6,7.0,27.0,12.0,0.6,0.6,0.7,-19.8,-7.2,-3.6,-11.7,7.0,10.6,12.0,0.6,0.6,0.7,-23.2,-12.5,-9.9,-13.9,7.0,8.2,12.0,0.6,0.6,0.7,17.5,97.5,1100.5,378.0,7.0,549.0,12.0,0.6,0.6,0.7,20.0,95.0,1100.0,380.0,7.0,550.0,12.0,0.6,0.6,0.7
1974,2,237.0,22.0,18.6,18.95,19.56,19.07,6.0,0.49,6.0,0.7,0.6,0.3,17.5,18.3,18.76,18.22,6.0,0.66,6.0,0.7,0.6,0.3,8.95,9.15,9.63,9.27,6.0,0.39,6.0,0.7,0.6,0.3,67.2,70.5,77.5,71.8,6.0,4.9,6.0,0.7,0.3,3.06,4.1,5.57,4.45,6.0,2.7,6.0,0.7,0.6,0.3,-4.01,-1.67,-0.64,-2.6,6.0,2.87,6.0,0.7,0.6,0.3,-4.16,-3.53,-2.65,-3.28,6.0,1.34,6.0,0.7,0.6,0.3,1014.93,1015.3,1018.56,1016.45,6.0,2.83,6.0,0.7,0.6,0.3,2.8,4.5,6.2,4.5,6.0,1.9,6.0,0.7,0.6,0.3,-26.3,-6.9,-1.9,-17.5,6.0,28.6,6.0,0.7,0.6,0.3,-22.1,-14.5,-10.3,-17.1,6.0,14.1,6.0,0.7,0.6,0.3,0.14,0.95,1.52,0.85,6.0,0.69,6.0,0.7,0.6,0.3,0.6,2.2,7.5,4.1,6.0,5.3,6.0,0.7,0.6,0.3,4.07,4.45,4.71,4.41,6.0,0.45,6.0,0.7,0.6,0.3,12.7,19.3,25.2,20.2,6.0,12.9,6.0,0.7,0.6,0.3,-73.0,-31.7,-11.2,-47.0,6.0,50.2,6.0,0.7,0.6,0.3,-76.7,-64.7,-50.1,-59.9,6.0,24.1,6.0,0.7,0.6,0.3,-35.8,-15.5,-6.2,-23.6,6.0,25.4,6.0,0.7,0.6,0.3,-37.3,-33.3,-24.8,-30.1,6.0,11.9,6.0,0.7,0.6,0.3,-18.2,-8.0,-2.6,-11.9,6.0,13.4,6.0,0.7,0.6,0.3,-19.1,-15.5,-12.3,-14.8,6.0,6.4,6.0,0.7,0.6,0.3,37.0,69.0,243.5,181.0,6.0,307.0,6.0,0.7,0.6,0.3,35.0,70.0,245.0,180.0,6.0,305.0,6.0,0.7,0.6,0.3
1974,2,237.0,23.0,16.76,17.3,18.58,17.56,5.0,1.13,10.0,0.6,0.5,0.5,15.5,16.1,16.61,16.08,5.0,0.58,10.0,0.6,0.5,0.5,8.05,8.8,9.54,8.81,5.0,0.79,10.0,0.6,0.5,0.5,72.2,78.2,84.6,78.5,5.0,8.2,10.0,0.6,0.5,7.15,9.3,10.67,8.96,5.0,2.04,10.0,0.6,0.5,0.5,-8.2,-5.9,-2.53,-5.3,5.0,3.49,10.0,0.6,0.5,0.5,-8.33,-4.95,-4.18,-6.16,5.0,3.12,10.0,0.6,0.5,0.5,1020.38,1021.0,1021.14,1020.72,5.0,0.8,10.0,0.6,0.5,0.5,3.9,7.0,7.4,5.8,5.0,2.4,10.0,0.6,0.5,0.5,-81.3,-45.4,-15.7,-46.5,5.0,35.6,10.0,0.6,0.5,0.5,-89.9,-38.1,-29.5,-58.6,5.0,41.8,10.0,0.6,0.5,0.5,0.83,1.7,2.17,1.48,5.0,1.21,10.0,0.6,0.5,0.5,4.9,17.5,22.4,14.0,5.0,11.5,10.0,0.6,0.5,0.5,2.18,4.02,4.8,3.59,5.0,1.42,10.0,0.6,0.5,0.5,22.3,31.2,42.2,31.4,5.0,11.9,10.0,0.6,0.5,0.5,-129.0,-97.3,-42.5,-85.5,5.0,55.2,10.0,0.6,0.5,0.5,-129.1,-81.7,-69.4,-98.1,5.0,46.8,10.0,0.6,0.5,0.5,-68.5,-55.4,-20.3,-45.6,5.0,30.3,10.0,0.6,0.5,0.5,-74.3,-46.5,-34.4,-55.3,5.0,32.3,10.0,0.6,0.5,0.5,-35.1,-20.1,-6.7,-20.6,5.0,16.3,10.0,0.6,0.5,0.5,-26.8,-23.9,-12.7,-20.3,5.0,8.0,10.0,0.6,0.5,0.5,377.0,804.5,1220.5,807.0,5.0,483.0,10.0,0.6,0.5,0.5,375.0,805.0,1220.0,805.0,5.0,485.0,10.0,0.6,0.5,0.5
1974,2,237.0,24.0,16.9,17.9,19.0,17.88,6.0,1.02,16.0,0.5,0.6,0.6,16.67,17.2,18.01,17.23,7.0,0.76,14.0,0.4,0.6,0.6,7.84,8.99,10.38,9.09,6.0,1.35,16.0,0.5,0.6,0.6,65.3,81.0,86.0,76.1,7.0,11.0,14.0,0.4,0.6,5.03,6.2,9.52,7.2,7.0,3.47,14.0,0.4,0.6,0.6,-8.75,-3.99,-3.25,-5.1,7.0,2.6,14.0,0.4,0.6,0.6,-6.45,-3.91,-2.08,-4.07,7.0,4.0,14.0,0.4,0.6,0.6,1018.29,1020.5,1022.21,1020.33,6.0,2.09,16.0,0.5,0.6,0.6,5.9,8.0,8.0,6.9,7.0,1.9,14.0,0.4,0.6,0.6,-83.3,-24.7,-16.4,-43.6,7.0,42.6,14.0,0.4,0.6,0.6,-49.8,-29.4,-7.3,-38.2,7.0,51.8,14.0,0.4,0.6,0.6,-1.26,0.8,2.21,0.65,6.0,1.77,16.0,0.5,0.6,0.6,-10.9,4.1,11.1,1.6,6.0,10.3,16.0,0.5,0.6,0.6,1.98,3.8,4.84,3.56,6.0,1.63,16.0,0.5,0.6,0.6,10.7,18.1,36.1,21.7,6.0,12.8,16.0,0.5,0.6,0.6,-153.9,-67.7,-54.2,-88.8,7.0,47.3,14.0,0.4,0.6,0.6,-115.6,-65.2,-33.1,-70.2,7.0,69.6,14.0,0.4,0.6,0.6,-51.3,-34.1,-27.3,-39.6,6.0,16.1,16.0,0.5,0.6,0.6,-42.7,-28.1,-12.8,-25.6,6.0,29.8,16.0,0.5,0.6,0.6,-25.5,-12.4,-8.5,-16.2,6.0,11.4,16.0,0.5,0.6,0.6,-19.9,-10.6,-5.1,-11.5,6.0,11.0,16.0,0.5,0.6,0.6,128.5,238.5,894.5,630.5,7.0,941.0,14.0,0.4,0.6,0.6,130.0,240.0,895.0,630.0,7.0,940.0,14.0,0.4,0.6,0.6
1974,2,237.0,25.0,18.0,18.75,19.0,18.66,10.0,0.69,12.0,0.6,0.7,0.3,15.91,16.15,17.37,16.69,14.0,1.42,12.0,0.6,0.6,0.3,7.9,8.23,9.36,8.49,10.0,1.06,10.0,0.7,0.6,0.3,67.3,72.5,78.1,73.6,10.0,7.7,10.0,0.7,0.3,6.05,9.3,11.8,8.63,13.0,2.94,12.0,0.7,0.6,0.3,-7.77,-2.24,0.0,-3.56,13.0,3.92,12.0,0.7,0.6,0.3,-9.74,-6.3,-4.3,-6.94,13.0,2.83,12.0,0.7,0.6,0.3,1019.81,1021.0,1023.02,1020.61,13.0,3.45,12.0,0.6,0.6,0.3,5.0,7.0,8.0,6.4,14.0,1.7,12.0,0.6,0.6,0.3,-78.1,-19.2,0.0,-36.1,13.0,45.5,12.0,0.7,0.6,0.3,-100.3,-59.3,-32.0,-64.6,13.0,41.6,12.0,0.7,0.6,0.3,1.37,2.4,2.87,1.96,10.0,1.76,12.0,0.6,0.7,0.3,7.9,15.8,24.1,13.3,10.0,17.8,12.0,0.6,0.7,0.3,3.42,4.97,5.29,4.64,8.0,1.04,10.0,0.6,0.7,0.3,21.9,27.7,46.9,32.4,8.0,15.1,10.0,0.6,0.7,0.3,-118.9,-35.8,0.0,-62.5,13.0,74.2,12.0,0.7,0.6,0.3,-154.2,-103.2,-81.4,-114.3,13.0,43.6,12.0,0.7,0.6,0.3,-43.5,-10.9,0.0,-21.0,10.0,27.3,10.0,0.7,0.6,0.3,-80.1,-51.6,-39.1,-56.6,10.0,20.0,10.0,0.7,0.6,0.3,-18.7,-6.8,0.0,-8.6,8.0,8.7,10.0,0.6,0.7,0.3,-46.8,-24.1,-16.6,-30.0,8.0,15.3,10.0,0.6,0.7,0.3,225.0,804.5,1643.0,842.0,13.0,664.0,12.0,0.7,0.6,0.3,225.0,805.0,1645.0,840.0,13.0,665.0,12.0,0.7,0.6,0.3
1974,2,237.0,26.0,16.38,17.2,18.43,17.4,3.0,1.51,6.0,0.3,0.7,0.4,15.25,15.8,15.94,15.6,3.0,0.53,6.0,0.3,0.7,0.4,8.57,8.96,9.29,8.93,3.0,0.53,6.0,0.3,0.7,0.4,77.4,80.2,87.0,82.2,3.0,7.2,6.0,0.3,0.4,5.83,9.4,10.57,8.62,10.0,2.4,10.0,0.6,0.5,0.4,-8.85,-5.69,-1.38,-5.0,10.0,4.38,10.0,0.6,0.5,0.4,-4.97,2.46,8.54,1.89,10.0,6.11,10.0,0.6,0.5,0.4,1011.04,1014.6,1022.01,1016.24,7.0,5.51,12.0,0.3,0.5,0.5,5.0,7.0,8.0,6.7,9.0,1.6,10.0,0.3,0.5,0.5,-90.0,-51.2,-7.8,-48.2,10.0,48.0,10.0,0.6,0.5,0.4,-38.0,12.3,84.4,19.1,10.0,57.8,10.0,0.6,0.5,0.4,1.13,1.4,2.49,1.8,3.0,1.06,6.0,0.3,0.7,0.4,7.3,10.8,23.5,15.3,3.0,12.5,6.0,0.3,0.7,0.4,2.36,3.69,4.3,3.33,3.0,1.45,6.0,0.3,0.7,0.4,15.8,28.4,39.6,27.7,3.0,17.5,6.0,0.3,0.7,0.4,-66.9,-42.7,23.0,-22.4,3.0,68.2,6.0,0.3,0.7,0.4,-87.1,-74.0,77.1,-6.6,3.0,133.7,6.0,0.3,0.7,0.4,-36.9,-26.9,12.0,-12.8,3.0,37.8,6.0,0.3,0.7,0.4,-48.6,-46.6,41.5,-4.5,3.0,75.4,6.0,0.3,0.7,0.4,-14.0,-5.0,8.9,-2.6,3.0,16.9,6.0,0.3,0.7,0.4,-17.6,-8.6,26.0,3.9,3.0,33.7,6.0,0.3,0.7,0.4,198.5,835.0,1189.0,771.0,10.0,530.5,10.0,0.6,0.5,0.4,200.0,835.0,1190.0,770.0,10.0,530.0,10.0,0.6,0.5,0.4
1974,2,237.0,27.0,16.88,17.2,18.09,17.43,11.0,0.72,12.0,0.4,0.5,0.5,15.0,15.5,16.22,15.68,11.0,0.9,12.0,0.4,0.5,0.5,7.45,8.28,9.01,8.21,11.0,0.76,12.0,0.4,0.5,0.5,69.5,73.5,81.8,75.0,11.0,6.8,12.0,0.4,0.5,3.86,6.0,10.0,6.62,19.0,3.2,14.0,0.5,0.5,0.4,-4.91,-3.21,1.91,-1.9,19.0,3.67,14.0,0.5,0.5,0.4,-8.58,-3.83,0.74,-3.3,19.0,5.26,14.0,0.5,0.5,0.4,1014.0,1021.05,1024.44,1020.24,14.0,4.38,12.0,0.4,0.5,0.5,4.0,6.0,8.0,5.5,17.0,2.2,12.0,0.4,0.5,0.5,-48.3,-16.7,4.2,-19.4,19.0,29.2,14.0,0.5,0.5,0.4,-83.7,-19.9,2.1,-29.3,19.0,49.7,14.0,0.5,0.5,0.4,0.98,1.7,2.84,1.75,11.0,1.22,12.0,0.4,0.5,0.5,4.3,13.3,20.3,12.1,11.0,9.8,12.0,0.4,0.5,0.5,2.92,4.03,4.9,4.06,11.0,1.03,12.0,0.4,0.5,0.5,19.5,27.2,39.3,28.8,11.0,13.5,12.0,0.4,0.5,0.5,-78.8,-54.0,-13.3,-51.7,11.0,37.1,12.0,0.4,0.5,0.5,-142.9,-102.6,-50.5,-93.3,11.0,50.0,12.0,0.4,0.5,0.5,-40.0,-27.9,-7.3,-26.8,11.0,19.2,12.0,0.4,0.5,0.5,-72.4,-54.9,-25.5,-48.8,11.0,27.6,12.0,0.4,0.5,0.5,-23.4,-13.5,-2.8,-13.3,11.0,10.0,12.0,0.4,0.5,0.5,-36.8,-25.2,-11.8,-24.0,11.0,12.8,12.0,0.4,0.5,0.5,58.5,216.0,1000.0,471.5,19.0,441.5,14.0,0.5,0.5,0.4,60.0,215.0,1000.0,470.0,19.0,440.0,14.0,0.5,0.5,0.4
1974,2,237.0,28.0,16.7,16.85,17.04,16.88,6.0,0.21,14.0,0.5,0.7,0.3,13.9,15.55,17.04,15.47,6.0,1.52,14.0,0.5,0.7,0.3,7.59,8.49,9.48,8.55,6.0,1.16,14.0,0.5,0.7,0.3,72.8,80.9,84.3,78.8,6.0,7.0,14.0,0.5,0.3,5.58,6.45,8.82,6.95,6.0,1.74,14.0,0.5,0.7,0.3,-2.92,-0.97,0.51,-0.92,6.0,2.15,14.0,0.5,0.7,0.3,-8.71,-6.06,-3.03,-4.95,6.0,5.09,14.0,0.5,0.7,0.3,1019.73,1021.0,1023.5,1021.23,6.0,2.01,14.0,0.5,0.7,0.3,2.8,5.0,6.0,4.5,6.0,1.8,14.0,0.5,0.7,0.3,-19.0,-5.6,3.7,-6.5,6.0,16.3,14.0,0.5,0.7,0.3,-76.8,-39.6,-14.8,-39.0,6.0,39.9,14.0,0.5,0.7,0.3,-0.1,1.15,3.14,1.42,6.0,1.65,14.0,0.5,0.7,0.3,-1.0,7.3,20.2,9.9,6.0,13.3,14.0,0.5,0.7,0.3,2.29,3.22,4.35,3.3,6.0,1.21,14.0,0.5,0.7,0.3,11.9,22.2,35.5,24.0,6.0,12.8,14.0,0.5,0.7,0.3,-49.7,-13.6,7.8,-15.5,6.0,34.8,14.0,0.5,0.7,0.3,-124.2,-92.0,-42.2,-73.8,6.0,81.9,14.0,0.5,0.7,0.3,-26.5,-7.5,4.5,-8.1,6.0,19.2,14.0,0.5,0.7,0.3,-63.2,-53.6,-22.4,-38.4,6.0,44.8,14.0,0.5,0.7,0.3,-8.8,-2.4,1.5,-2.9,6.0,6.6,14.0,0.5,0.7,0.3,-33.9,-20.9,-8.1,-20.1,6.0,17.7,14.0,0.5,0.7,0.3,174.5,279.0,688.5,390.0,6.0,281.0,14.0,0.5,0.7,0.3,175.0,280.0,690.0,390.0,6.0,280.0,14.0,0.5,0.7,0.3
1974,2,237.0,29.0,16.35,16.9,16.97,16.67,3.0,0.49,14.0,0.7,0.6,0.3,13.16,13.5,14.11,13.63,3.0,0.71,14.0,0.7,0.6,0.3,6.03,7.51,7.53,6.79,3.0,1.26,14.0,0.7,0.6,0.3,63.5,74.9,77.9,70.8,3.0,11.1,14.0,0.7,0.3,7.87,9.3,10.67,9.27,3.0,2.05,14.0,0.7,0.6,0.3,-2.64,0.0,2.17,-0.23,3.0,3.53,14.0,0.7,0.6,0.3,-10.02,-8.74,-7.69,-8.85,3.0,1.71,14.0,0.7,0.6,0.3,1023.32,1024.0,1024.75,1024.03,3.0,1.05,14.0,0.7,0.6,0.3,5.0,7.0,7.7,6.3,3.0,2.1,14.0,0.7,0.6,0.3,-29.8,0.0,20.2,-4.7,3.0,36.9,14.0,0.7,0.6,0.3,-107.7,-81.3,-61.2,-84.4,3.0,34.2,14.0,0.7,0.6,0.3,2.24,3.4,3.81,3.03,3.0,1.19,14.0,0.7,0.6,0.3,22.3,28.8,30.7,26.5,3.0,6.5,14.0,0.7,0.6,0.3,3.9,4.31,5.85,4.86,3.0,1.51,14.0,0.7,0.6,0.3,40.6,41.9,45.6,43.1,3.0,3.7,14.0,0.7,0.6,0.3,-38.0,0.0,29.3,-4.2,3.0,49.4,14.0,0.7,0.6,0.3,-141.8,-118.0,-101.3,-121.5,3.0,29.8,14.0,0.7,0.6,0.3,-19.8,0.0,16.3,-1.7,3.0,26.5,14.0,0.7,0.6,0.3,-75.4,-65.8,-47.1,-61.3,3.0,21.0,14.0,0.7,0.6,0.3,-9.8,0.0,9.4,-0.2,3.0,14.0,14.0,0.7,0.6,0.3,-44.8,-39.4,-38.2,-41.4,3.0,5.1,14.0,0.7,0.6,0.3,510.0,804.5,1240.0,873.5,3.0,538.0,14.0,0.7,0.6,0.3,510.0,805.0,1240.0,875.0,3.0,540.0,14.0,0.7,0.6,0.3
1974,2,237.0,31.0,12.55,13.3,13.94,13.31,11.0,0.87,14.0,0.9,0.7,0.7,12.0,12.2,15.64,13.07,13.0,1.68,14.0,0.8,0.7,0.7,6.17,7.08,8.0,7.11,9.0,1.09,14.0,0.8,0.7,0.6,66.3,76.0,88.8,77.6,9.0,11.0,14.0,0.8,0.6,4.96,10.3,15.4,10.31,13.0,4.66,14.0,0.8,0.7,0.7,0.0,2.46,10.03,4.48,13.0,4.56,14.0,0.8,0.7,0.7,-12.95,-8.46,-4.66,-8.65,13.0,3.62,14.0,0.8,0.7,0.7,1020.63,1024.2,1026.46,1023.92,13.0,3.19,14.0,0.8,0.7,0.7,2.0,3.5,7.0,3.9,12.0,2.2,14.0,0.8,0.7,0.7,0.0,27.7,155.2,61.2,13.0,72.5,14.0,0.8,0.7,0.7,-182.5,-82.1,-23.3,-103.5,13.0,74.0,14.0,0.8,0.7,0.7,-1.12,0.6,1.47,0.08,11.0,1.74,14.0,0.9,0.7,0.7,-13.8,4.0,13.5,-1.8,11.0,21.0,14.0,0.9,0.7,0.7,1.14,2.46,3.41,2.45,8.0,1.19,14.0,0.9,0.7,0.6,12.5,16.2,41.7,23.1,8.0,14.0,14.0,0.9,0.7,0.6,0.0,32.1,145.2,57.5,13.0,61.1,14.0,0.8,0.7,0.7,-182.7,-101.5,-57.9,-114.8,13.0,56.2,14.0,0.8,0.7,0.7,10.2,35.8,85.7,43.4,9.0,38.0,14.0,0.8,0.7,0.6,-94.7,-54.8,-34.7,-60.0,9.0,29.6,14.0,0.8,0.7,0.6,3.8,6.7,26.7,11.4,8.0,12.9,14.0,0.9,0.7,0.6,-28.0,-13.6,-10.3,-18.6,8.0,9.7,14.0,0.9,0.7,0.6,124.5,1092.5,3652.5,1703.5,13.0,1686.0,14.0,0.8,0.7,0.7,125.0,1095.0,3650.0,1705.0,13.0,1685.0,14.0,0.8,0.7,0.7
1974,2,237.0,32.0,12.7,13.2,14.87,13.46,8.0,1.5,18.0,0.6,0.6,0.3,11.23,11.8,13.29,12.18,8.0,1.03,16.0,0.6,0.5,0.3,6.56,7.07,8.19,7.3,6.0,1.06,18.0,0.5,0.6,0.4,76.4,81.5,87.5,82.2,6.0,7.1,18.0,0.5,0.4,3.23,6.2,12.02,7.51,8.0,4.62,16.0,0.6,0.5,0.3,0.0,1.69,3.04,1.23,8.0,2.37,16.0,0.6,0.5,0.3,-10.95,-4.89,-1.95,-4.71,8.0,7.29,16.0,0.6,0.5,0.3,1022.0,1023.25,1026.75,1023.66,8.0,3.57,16.0,0.6,0.5,0.3,0.0,3.0,7.0,3.5,8.0,3.6,16.0,0.6,0.5,0.3,0.0,6.8,18.5,8.1,8.0,23.5,16.0,0.6,0.5,0.3,-130.6,-27.9,-4.6,-49.1,8.0,98.9,16.0,0.6,0.5,0.3,-0.14,1.7,2.23,1.23,7.0,1.31,16.0,0.6,0.6,0.3,-1.0,8.7,22.7,10.8,7.0,14.6,16.0,0.6,0.6,0.3,1.7,2.73,3.19,2.34,6.0,1.2,18.0,0.5,0.6,0.4,10.6,18.1,33.7,21.1,6.0,15.6,18.0,0.5,0.6,0.4,0.0,19.8,40.1,14.7,8.0,30.3,16.0,0.6,0.5,0.3,-126.0,-63.6,-23.1,-53.8,8.0,89.7,16.0,0.6,0.5,0.3,-6.2,12.4,25.6,8.1,6.0,21.7,18.0,0.5,0.6,0.4,-84.7,-39.7,-8.2,-35.3,6.0,64.3,18.0,0.5,0.6,0.4,0.0,5.3,10.0,5.1,6.0,5.0,18.0,0.5,0.6,0.4,-32.2,-15.7,-10.2,-19.7,6.0,15.9,18.0,0.5,0.6,0.4,38.5,238.5,1759.0,887.5,8.0,1283.0,16.0,0.6,0.5,0.3,40.0,240.0,1760.0,885.0,8.0,1285.0,16.0,0.6,0.5,0.3
1974,2,237.0,33.0,11.59,12.2,13.4,12.43,19.0,0.98,16.0,0.5,0.6,0.4,10.6,11.5,12.73,11.68,21.0,1.15,16.0,0.6,0.6,0.5,5.38,6.59,7.62,6.43,15.0,1.25,16.0,0.6,0.6,0.4,60.5,78.1,92.6,76.0,15.0,15.7,16.0,0.6,0.4,3.12,5.1,9.3,6.22,20.0,3.13,16.0,0.6,0.6,0.4,-3.25,0.89,4.62,0.82,20.0,3.66,16.0,0.6,0.6,0.4,-7.87,-4.78,-1.74,-4.46,20.0,3.93,16.0,0.6,0.6,0.4,1022.7,1024.0,1026.72,1024.18,21.0,2.57,16.0,0.6,0.6,0.5,0.0,5.0,7.1,4.3,19.0,3.1,16.0,0.6,0.6,0.5,-16.5,4.5,29.5,6.0,20.0,29.4,16.0,0.6,0.6,0.4,-80.9,-23.2,-4.0,-37.6,20.0,45.2,16.0,0.6,0.6,0.4,-0.01,1.1,1.77,0.93,19.0,1.05,16.0,0.5,0.6,0.4,-0.2,2.4,14.8,5.3,18.0,7.8,16.0,0.6,0.6,0.4,1.1,2.46,3.36,2.39,14.0,1.3,16.0,0.6,0.7,0.4,6.6,15.3,30.2,16.9,14.0,10.8,16.0,0.6,0.7,0.4,-34.5,11.8,50.2,9.2,20.0,42.2,16.0,0.6,0.6,0.4,-83.5,-56.9,-18.3,-53.8,20.0,49.3,16.0,0.6,0.6,0.4,-23.0,7.2,29.9,5.4,15.0,24.7,16.0,0.6,0.6,0.4,-44.4,-33.1,-13.6,-30.6,15.0,25.4,16.0,0.6,0.6,0.4,-13.5,3.7,7.5,-0.5,14.0,13.1,16.0,0.6,0.7,0.4,-20.1,-11.6,-3.5,-11.7,14.0,10.2,16.0,0.6,0.7,0.4,31.0,132.5,804.5,427.5,20.0,567.0,16.0,0.6,0.6,0.4,30.0,135.0,805.0,430.0,20.0,565.0,16.0,0.6,0.6,0.4
1974,2,237.0,34.0,10.37,11.65,12.05,11.52,12.0,1.06,14.0,0.5,0.6,0.5,11.15,11.45,12.7,11.85,12.0,0.87,14.0,0.5,0.6,0.5,5.4,6.13,7.31,6.39,9.0,1.04,16.0,0.7,0.6,0.6,65.3,73.0,86.6,73.8,9.0,10.8,16.0,0.7,0.6,2.6,10.3,12.12,7.86,11.0,4.65,14.0,0.5,0.6,0.6,0.0,1.99,4.85,2.24,11.0,2.31,14.0,0.5,0.6,0.6,-10.83,-10.3,-1.86,-7.28,11.0,4.52,14.0,0.5,0.6,0.6,1021.15,1023.85,1029.9,1025.03,12.0,4.01,14.0,0.5,0.6,0.5,0.3,3.0,5.0,2.9,9.0,2.3,16.0,0.6,0.6,0.6,0.0,5.2,57.7,22.4,11.0,29.5,14.0,0.5,0.6,0.6,-130.9,-106.1,-4.8,-76.2,11.0,61.5,14.0,0.5,0.6,0.6,-1.48,-1.05,0.58,-0.33,12.0,1.37,14.0,0.5,0.6,0.5,-11.7,-4.4,3.7,-2.8,11.0,14.6,14.0,0.5,0.6,0.6,0.47,2.26,3.06,1.92,9.0,1.25,16.0,0.7,0.6,0.6,1.5,27.8,33.9,21.2,9.0,16.2,16.0,0.7,0.6,0.6,0.0,24.3,54.0,26.0,11.0,25.8,14.0,0.5,0.6,0.6,-127.5,-117.2,-24.0,-86.9,11.0,55.4,14.0,0.5,0.6,0.6,0.0,13.7,30.3,14.8,9.0,13.5,16.0,0.7,0.6,0.6,-67.1,-56.2,-25.0,-50.7,9.0,22.5,16.0,0.7,0.6,0.6,0.0,0.9,14.7,5.9,9.0,7.3,16.0,0.7,0.6,0.6,-31.6,-24.1,-1.3,-19.8,9.0,15.2,16.0,0.7,0.6,0.6,17.5,1092.5,1783.0,911.5,11.0,843.5,14.0,0.5,0.6,0.6,20.0,1095.0,1785.0,910.0,11.0,845.0,14.0,0.5,0.6,0.6
1974,2,237.0,35.0,10.0,11.0,12.38,11.36,18.0,1.38,14.0,0.5,0.6,0.6,10.0,11.4,12.63,11.52,18.0,1.24,14.0,0.4,0.6,0.5,5.37,6.53,7.58,6.6,15.0,1.07,14.0,0.3,0.6,0.5,66.9,85.0,88.6,79.5,15.0,11.2,14.0,0.3,0.5,5.0,6.7,12.9,8.41,17.0,4.24,14.0,0.4,0.6,0.5,1.01,3.69,5.13,3.44,17.0,2.18,14.0,0.4,0.6,0.5,-11.32,-4.37,-3.83,-5.84,17.0,6.29,14.0,0.4,0.6,0.5,1018.6,1022.6,1025.17,1022.26,19.0,3.53,14.0,0.5,0.6,0.5,0.0,1.0,6.0,2.9,19.0,2.9,14.0,0.5,0.6,0.5,8.7,34.4,56.9,33.4,17.0,26.9,14.0,0.4,0.6,0.5,-134.0,-28.9,-18.1,-59.3,17.0,91.4,14.0,0.4,0.6,0.5,-2.21,-0.5,1.43,-0.29,17.0,1.78,14.0,0.5,0.6,0.6,-16.8,-3.9,11.2,-4.5,16.0,18.4,14.0,0.4,0.6,0.6,0.63,1.42,2.71,1.63,14.0,1.25,14.0,0.4,0.6,0.5,1.1,14.2,21.6,12.7,13.0,10.2,14.0,0.3,0.6,0.5,11.7,45.0,57.2,38.8,17.0,23.2,14.0,0.4,0.6,0.5,-128.5,-53.6,-43.1,-65.5,17.0,74.8,14.0,0.4,0.6,0.5,0.8,24.6,28.2,20.0,14.0,13.8,14.0,0.3,0.6,0.5,-75.2,-37.3,-20.4,-32.8,14.0,45.7,14.0,0.3,0.6,0.5,-0.2,4.4,14.0,6.4,13.0,7.2,14.0,0.3,0.6,0.5,-17.8,-11.7,-8.4,-11.6,13.0,6.1,14.0,0.3,0.6,0.5,125.0,301.0,2146.5,1029.5,17.0,1264.5,14.0,0.4,0.6,0.5,125.0,300.0,2145.0,1030.0,17.0,1265.0,14.0,0.4,0.6,0.5
1974,2,237.0,36.0,10.46,11.2,12.3,11.41,31.0,1.13,14.0,0.4,0.6,0.5,10.48,11.2,12.39,11.52,36.0,1.41,12.0,0.4,0.6,0.5,5.98,7.03,7.82,6.94,25.0,1.05,14.0,0.5,0.6,0.5,73.2,81.2,90.7,81.0,25.0,9.5,14.0,0.5,0.5,3.07,5.1,10.8,6.75,37.0,3.66,14.0,0.4,0.6,0.5,-0.2,2.05,4.52,1.96,37.0,2.98,14.0,0.4,0.6,0.5,-9.5,-4.04,0.75,-3.44,37.0,5.93,14.0,0.4,0.6,0.5,1019.38,1023.5,1029.89,1023.27,37.0,5.58,14.0,0.4,0.6,0.5,0.0,2.0,7.4,3.2,36.0,3.2,14.0,0.4,0.6,0.5,-0.7,10.3,56.0,16.5,37.0,32.6,14.0,0.4,0.6,0.5,-102.5,-19.9,1.9,-30.3,37.0,66.1,14.0,0.4,0.6,0.5,-1.37,0.2,1.02,-0.09,31.0,1.6,14.0,0.4,0.6,0.5,-12.2,0.6,5.8,-2.5,31.0,12.6,14.0,0.4,0.6,0.5,0.4,1.16,2.9,1.46,23.0,1.31,14.0,0.5,0.6,0.5,2.3,6.8,17.3,9.9,23.0,12.4,14.0,0.5,0.6,0.5,0.0,22.2,51.2,24.8,36.0,35.8,12.0,0.4,0.6,0.5,-111.3,-47.3,-6.6,-41.5,36.0,71.4,12.0,0.4,0.6,0.5,-4.7,12.9,32.0,13.7,25.0,24.3,14.0,0.5,0.6,0.5,-59.5,-30.8,22.0,-19.2,25.0,46.8,14.0,0.5,0.6,0.5,-2.1,1.2,5.1,2.4,23.0,5.2,14.0,0.5,0.6,0.5,-13.7,-4.2,3.5,-6.3,23.0,13.4,14.0,0.5,0.6,0.5,29.0,132.5,1259.5,589.5,37.0,749.5,14.0,0.4,0.6,0.5,30.0,135.0,1260.0,590.0,37.0,750.0,14.0,0.4,0.6,0.5
1974,2,237.0,37.0,10.37,11.05,12.6,11.4,22.0,1.37,14.0,0.8,0.3,0.4,9.99,11.1,13.2,11.18,26.0,1.53,14.0,0.8,0.3,0.4,5.62,6.3,7.24,6.58,21.0,1.16,14.0,0.9,0.4,0.4,72.9,81.3,93.1,80.9,21.0,10.6,14.0,0.9,0.4,2.6,7.1,9.3,6.8,28.0,4.02,14.0,0.9,0.3,0.4,-2.29,1.67,5.65,2.02,28.0,3.89,14.0,0.9,0.3,0.4,-7.36,-2.46,6.06,-2.31,28.0,6.26,14.0,0.9,0.3,0.4,1017.3,1021.7,1025.1,1021.82,29.0,4.05,14.0,0.9,0.3,0.4,1.0,3.5,8.0,4.2,28.0,3.3,12.0,0.9,0.3,0.4,-11.2,4.3,43.2,21.7,28.0,43.1,14.0,0.9,0.3,0.4,-64.5,-7.5,45.3,-23.5,28.0,71.4,14.0,0.9,0.3,0.4,-1.29,0.0,1.69,0.2,20.0,1.56,14.0,0.8,0.3,0.4,-10.4,0.0,14.0,2.4,19.0,12.5,14.0,0.8,0.3,0.4,0.79,1.93,3.1,2.09,16.0,1.42,14.0,0.8,0.3,0.4,4.3,17.9,33.1,18.1,16.0,15.0,14.0,0.8,0.3,0.4,-29.9,22.2,60.8,23.3,25.0,43.9,14.0,0.8,0.3,0.4,-84.1,-27.5,82.3,-26.7,25.0,74.1,14.0,0.8,0.3,0.4,-17.9,4.4,36.5,10.3,21.0,25.8,14.0,0.9,0.4,0.4,-50.4,-15.9,49.2,-10.3,21.0,45.3,14.0,0.9,0.4,0.4,-7.2,1.7,14.5,4.4,16.0,13.6,14.0,0.8,0.3,0.4,-25.1,-4.0,16.9,-3.6,16.0,18.9,14.0,0.8,0.3,0.4,17.5,358.0,804.5,652.0,28.0,1001.5,14.0,0.9,0.3,0.4,20.0,360.0,805.0,650.0,28.0,1000.0,14.0,0.9,0.3,0.4
1974,2,237.0,48.0,5.95,6.7,7.45,6.7,2.0,1.56,16.0,0.5,0.1,0.1,9.62,10.1,10.58,10.1,2.0,0.99,16.0,0.5,0.1,0.1,5.07,5.27,5.47,5.27,2.0,0.42,16.0,0.5,0.1,0.1,64.2,69.0,73.8,69.0,2.0,10.0,16.0,0.5,0.1,5.1,5.1,5.1,5.1,1.0,0.0,16.0,1.0,0.2,0.2,3.91,3.91,3.91,3.91,1.0,0.0,16.0,1.0,0.2,0.2,3.28,3.28,3.28,3.28,1.0,0.0,16.0,1.0,0.2,0.2,1010.8,1010.8,1010.8,1010.8,2.0,0.0,16.0,0.5,0.1,0.1,6.2,6.5,6.8,6.5,2.0,0.7,16.0,0.5,0.1,0.1,19.9,19.9,19.9,19.9,1.0,0.0,16.0,1.0,0.2,0.2,16.7,16.7,16.7,16.7,1.0,0.0,16.0,1.0,0.2,0.2,-4.63,-3.4,-2.17,-3.4,2.0,2.55,16.0,0.5,0.1,0.1,-8.2,-8.2,-8.2,-8.2,1.0,0.0,16.0,1.0,0.2,0.2,0.72,0.84,0.95,0.84,2.0,0.24,16.0,0.5,0.1,0.1,5.1,5.1,5.1,5.1,1.0,0.0,16.0,1.0,0.2,0.2,36.7,36.7,36.7,36.7,1.0,0.0,16.0,1.0,0.2,0.2,30.8,30.8,30.8,30.8,1.0,0.0,16.0,1.0,0.2,0.2,21.7,21.7,21.7,21.7,1.0,0.0,16.0,1.0,0.2,0.2,18.2,18.2,18.2,18.2,1.0,0.0,16.0,1.0,0.2,0.2,3.9,3.9,3.9,3.9,1.0,0.0,16.0,1.0,0.2,0.2,3.3,3.3,3.3,3.3,1.0,0.0,16.0,1.0,0.2,0.2,132.5,132.5,132.5,132.5,1.0,0.0,16.0,1.0,0.2,0.2,135.0,135.0,135.0,135.0,1.0,0.0,16.0,1.0,0.2,0.2
1974,2,238.0,-70.0,0.6,0.6,0.6,0.6,1.0,0.0,22.0,1.0,1.0,0.3,-0.1,-0.1,-0.1,-0.1,1.0,0.0,22.0,1.0,1.0,0.3,3.19,3.19,3.19,3.19,1.0,0.0,22.0,1.0,1.0,0.3,82.0,82.0,82.0,82.0,1.0,0.0,22.0,1.0,0.3,7.7,7.7,7.7,7.7,1.0,0.0,22.0,1.0,1.0,0.3,3.85,3.85,3.85,3.85,1.0,0.0,22.0,1.0,1.0,0.3,-6.67,-6.67,-6.67,-6.67,1.0,0.0,22.0,1.0,1.0,0.3,975.0,975.0,975.0,975.0,1.0,0.0,22.0,1.0,1.0,0.3,8.0,8.0,8.0,8.0,1.0,0.0,22.0,1.0,1.0,0.3,29.6,29.6,29.6,29.6,1.0,0.0,22.0,1.0,1.0,0.3,-51.3,-51.3,-51.3,-51.3,1.0,0.0,22.0,1.0,1.0,0.3,0.7,0.7,0.7,0.7,1.0,0.0,22.0,1.0,1.0,0.3,5.4,5.4,5.4,5.4,1.0,0.0,22.0,1.0,1.0,0.3,0.91,0.91,0.91,0.91,1.0,0.0,22.0,1.0,1.0,0.3,7.0,7.0,7.0,7.0,1.0,0.0,22.0,1.0,1.0,0.3,-0.4,-0.4,-0.4,-0.4,1.0,0.0,22.0,1.0,1.0,0.3,0.7,0.7,0.7,0.7,1.0,0.0,22.0,1.0,1.0,0.3,12.3,12.3,12.3,12.3,1.0,0.0,22.0,1.0,1.0,0.3,-21.3,-21.3,-21.3,-21.3,1.0,0.0,22.0,1.0,1.0,0.3,3.5,3.5,3.5,3.5,1.0,0.0,22.0,1.0,1.0,0.3,-6.0,-6.0,-6.0,-6.0,1.0,0.0,22.0,1.0,1.0,0.3,456.5,456.5,456.5,456.5,1.0,0.0,22.0,1.0,1.0,0.3,455.0,455.0,455.0,455.0,1.0,0.0,22.0,1.0,1.0,0.3
1974,2,238.0,-38.0,19.3,19.3,19.3,19.3,1.0,0.0,2.0,1.0,0.5,0.4,19.5,19.5,19.5,19.5,1.0,0.0,2.0,1.0,0.5,0.4,10.76,10.76,10.76,10.76,1.0,0.0,2.0,1.0,0.5,0.4,78.2,78.2,78.2,78.2,1.0,0.0,2.0,1.0,0.4,4.6,4.6,4.6,4.6,1.0,0.0,2.0,1.0,0.5,0.4,-4.32,-4.32,-4.32,-4.32,1.0,0.0,2.0,1.0,0.5,0.4,-1.57,-1.57,-1.57,-1.57,1.0,0.0,2.0,1.0,0.5,0.4,1035.2,1035.2,1035.2,1035.2,1.0,0.0,2.0,1.0,0.5,0.4,5.0,5.0,5.0,5.0,1.0,0.0,2.0,1.0,0.5,0.4,-19.9,-19.9,-19.9,-19.9,1.0,0.0,2.0,1.0,0.5,0.4,-7.2,-7.2,-7.2,-7.2,1.0,0.0,2.0,1.0,0.5,0.4,-0.2,-0.2,-0.2,-0.2,1.0,0.0,2.0,1.0,0.5,0.4,-0.9,-0.9,-0.9,-0.9,1.0,0.0,2.0,1.0,0.5,0.4,2.86,2.86,2.86,2.86,1.0,0.0,2.0,1.0,0.5,0.4,13.1,13.1,13.1,13.1,1.0,0.0,2.0,1.0,0.5,0.4,-84.3,-84.3,-84.3,-84.3,1.0,0.0,2.0,1.0,0.5,0.4,-30.7,-30.7,-30.7,-30.7,1.0,0.0,2.0,1.0,0.5,0.4,-46.5,-46.5,-46.5,-46.5,1.0,0.0,2.0,1.0,0.5,0.4,-16.9,-16.9,-16.9,-16.9,1.0,0.0,2.0,1.0,0.5,0.4,-12.4,-12.4,-12.4,-12.4,1.0,0.0,2.0,1.0,0.5,0.4,-4.5,-4.5,-4.5,-4.5,1.0,0.0,2.0,1.0,0.5,0.4,97.5,97.5,97.5,97.5,1.0,0.0,2.0,1.0,0.5,0.4,95.0,95.0,95.0,95.0,1.0,0.0,2.0,1.0,0.5,0.4
1974,2,238.0,-36.0,21.2,21.2,21.2,21.2,1.0,0.0,2.0,0.0,0.1,0.9,20.69,21.3,21.91,21.3,2.0,1.27,6.0,0.0,0.1,0.9,10.89,10.89,10.89,10.89,1.0,0.0,2.0,0.0,0.1,0.9,74.4,74.4,74.4,74.4,1.0,0.0,2.0,0.0,0.9,4.62,6.8,8.98,6.8,2.0,4.53,6.0,0.0,0.1,0.9,-1.6,1.66,4.91,1.66,2.0,6.75,6.0,0.0,0.1,0.9,-6.16,-2.93,0.3,-2.93,2.0,6.69,6.0,0.0,0.1,0.9,1017.2,1022.15,1027.1,1022.15,2.0,10.25,6.0,0.0,0.1,0.9,6.2,6.5,6.8,6.5,2.0,0.7,6.0,0.0,0.1,0.9,0.8,26.5,52.3,26.5,2.0,53.4,6.0,0.0,0.1,0.9,-63.4,-35.1,-6.7,-35.1,2.0,58.7,6.0,0.0,0.1,0.9,0.8,0.8,0.8,0.8,1.0,0.0,2.0,0.0,0.1,0.9,2.9,2.9,2.9,2.9,1.0,0.0,2.0,0.0,0.1,0.9,4.53,4.53,4.53,4.53,1.0,0.0,2.0,0.0,0.1,0.9,16.3,16.3,16.3,16.3,1.0,0.0,2.0,0.0,0.1,0.9,-30.9,39.5,110.0,39.5,2.0,145.9,6.0,0.0,0.1,0.9,-137.2,-66.7,3.9,-66.7,2.0,146.2,6.0,0.0,0.1,0.9,-34.0,-34.0,-34.0,-34.0,1.0,0.0,2.0,0.0,0.1,0.9,19.6,19.6,19.6,19.6,1.0,0.0,2.0,0.0,0.1,0.9,-14.1,-14.1,-14.1,-14.1,1.0,0.0,2.0,0.0,0.1,0.9,8.2,8.2,8.2,8.2,1.0,0.0,2.0,0.0,0.1,0.9,198.0,523.5,848.5,523.5,2.0,674.0,6.0,0.0,0.1,0.9,200.0,525.0,850.0,525.0,2.0,675.0,6.0,0.0,0.1,0.9
1974,2,238.0,-31.0,,,,,,,,,,,,,,,,,,,,,,,,,,,,,,,,,,,,,,,,4.1,4.1,4.1,4.1,1.0,0.0,24.0,1.0,0.8,0.5,2.64,2.64,2.64,2.64,1.0,0.0,24.0,1.0,0.8,0.5,-3.14,-3.14,-3.14,-3.14,1.0,0.0,24.0,1.0,0.8,0.5,1021.2,1021.2,1021.2,1021.2,1.0,0.0,24.0,1.0,0.8,0.5,1.0,1.0,1.0,1.0,1.0,0.0,24.0,1.0,0.8,0.5,10.8,10.8,10.8,10.8,1.0,0.0,24.0,1.0,0.8,0.5,-12.9,-12.9,-12.9,-12.9,1.0,0.0,24.0,1.0,0.8,0.5,,,,,,,,,,,,,,,,,,,,,,,,,,,,,,,,,,,,,,,,,68.5,68.5,68.5,68.5,1.0,0.0,24.0,1.0,0.8,0.5,-81.7,-81.7,-81.7,-81.7,1.0,0.0,24.0,1.0,0.8,0.5,36.8,36.8,36.8,36.8,1.0,0.0,24.0,1.0,0.8,0.5,-43.9,-43.9,-43.9,-43.9,1.0,0.0,24.0,1.0,0.8,0.5,,,,,,,,,,,,,,,,,,,,,,,,,,,,,,,,,,,,,,,,
1974,2,238.0,-30.0,27.2,27.2,27.2,27.2,1.0,0.0,4.0,1.0,1.0,0.6,25.4,25.4,25.4,25.4,1.0,0.0,4.0,1.0,1.0,0.6,16.34,16.34,16.34,16.34,1.0,0.0,4.0,1.0,1.0,0.6,81.5,81.5,81.5,81.5,1.0,0.0,4.0,1.0,0.6,8.7,8.7,8.7,8.7,1.0,0.0,4.0,1.0,1.0,0.6,-6.66,-6.66,-6.66,-6.66,1.0,0.0,4.0,1.0,1.0,0.6,-5.59,-5.59,-5.59,-5.59,1.0,0.0,4.0,1.0,1.0,0.6,1020.7,1020.7,1020.7,1020.7,1.0,0.0,4.0,1.0,1.0,0.6,6.0,6.0,6.0,6.0,1.0,0.0,4.0,1.0,1.0,0.6,-58.0,-58.0,-58.0,-58.0,1.0,0.0,4.0,1.0,1.0,0.6,-48.7,-48.7,-48.7,-48.7,1.0,0.0,4.0,1.0,1.0,0.6,1.8,1.8,1.8,1.8,1.0,0.0,4.0,1.0,1.0,0.6,15.7,15.7,15.7,15.7,1.0,0.0,4.0,1.0,1.0,0.6,6.05,6.05,6.05,6.05,1.0,0.0,4.0,1.0,1.0,0.6,52.7,52.7,52.7,52.7,1.0,0.0,4.0,1.0,1.0,0.6,-169.3,-169.3,-169.3,-169.3,1.0,0.0,4.0,1.0,1.0,0.6,-142.0,-142.0,-142.0,-142.0,1.0,0.0,4.0,1.0,1.0,0.6,-108.9,-108.9,-108.9,-108.9,1.0,0.0,4.0,1.0,1.0,0.6,-91.4,-91.4,-91.4,-91.4,1.0,0.0,4.0,1.0,1.0,0.6,-40.3,-40.3,-40.3,-40.3,1.0,0.0,4.0,1.0,1.0,0.6,-33.8,-33.8,-33.8,-33.8,1.0,0.0,4.0,1.0,1.0,0.6,658.5,658.5,658.5,658.5,1.0,0.0,4.0,1.0,1.0,0.6,660.0,660.0,660.0,660.0,1.0,0.0,4.0,1.0,1.0,0.6
1974,2,238.0,-29.0,25.24,25.75,26.26,25.75,2.0,1.06,8.0,0.5,0.9,0.6,24.25,24.8,25.35,24.8,2.0,1.13,8.0,0.5,0.9,0.6,13.61,13.88,14.14,13.88,2.0,0.54,8.0,0.5,0.9,0.6,70.8,72.0,73.1,72.0,2.0,2.3,8.0,0.5,0.6,4.16,6.45,8.74,6.45,2.0,4.74,8.0,0.5,0.9,0.6,-6.69,-4.94,-3.19,-4.94,2.0,3.63,8.0,0.5,0.9,0.6,-0.68,2.15,4.98,2.15,2.0,5.86,8.0,0.5,0.9,0.6,1021.11,1022.85,1024.59,1022.85,2.0,3.61,8.0,0.5,0.9,0.6,1.5,2.5,3.5,2.5,2.0,2.1,8.0,0.5,0.9,0.6,-63.1,-40.5,-17.9,-40.5,2.0,46.8,8.0,0.5,0.9,0.6,4.6,27.8,51.0,27.8,2.0,48.0,8.0,0.5,0.9,0.6,0.92,0.95,0.98,0.95,2.0,0.07,8.0,0.5,0.9,0.6,3.9,6.3,8.7,6.3,2.0,5.0,8.0,0.5,0.9,0.6,6.23,6.63,7.04,6.63,2.0,0.84,8.0,0.5,0.9,0.6,28.2,40.8,53.4,40.8,2.0,26.0,8.0,0.5,0.9,0.6,-161.2,-120.5,-79.7,-120.5,2.0,84.4,8.0,0.5,0.9,0.6,-18.9,50.1,119.1,50.1,2.0,143.0,8.0,0.5,0.9,0.6,-90.6,-67.6,-44.6,-67.6,2.0,47.7,8.0,0.5,0.9,0.6,-10.4,28.3,67.0,28.3,2.0,80.2,8.0,0.5,0.9,0.6,-40.9,-31.3,-21.6,-31.3,2.0,19.9,8.0,0.5,0.9,0.6,-6.1,11.8,29.7,11.8,2.0,37.1,8.0,0.5,0.9,0.6,174.5,485.5,796.5,485.5,2.0,644.5,8.0,0.5,0.9,0.6,175.0,485.0,795.0,485.0,2.0,645.0,8.0,0.5,0.9,0.6
1974,2,238.0,-27.0,25.85,25.95,26.05,25.95,2.0,0.21,14.0,1.0,0.6,0.6,24.52,24.55,24.58,24.55,2.0,0.07,14.0,1.0,0.6,0.6,14.21,14.37,14.52,14.37,2.0,0.32,14.0,1.0,0.6,0.6,74.9,75.6,76.2,75.6,2.0,1.3,14.0,1.0,0.6,6.69,7.75,8.81,7.75,2.0,2.19,14.0,1.0,0.6,0.6,-8.34,-7.47,-6.6,-7.47,2.0,1.8,14.0,1.0,0.6,0.6,0.5,1.59,2.68,1.59,2.0,2.25,14.0,1.0,0.6,0.6,1022.42,1022.45,1022.48,1022.45,2.0,0.07,14.0,1.0,0.6,0.6,5.3,6.0,6.7,6.0,2.0,1.4,14.0,1.0,0.6,0.6,-74.5,-59.9,-45.2,-59.9,2.0,30.3,14.0,1.0,0.6,0.6,4.7,14.8,24.9,14.8,2.0,20.9,14.0,1.0,0.6,0.6,1.26,1.4,1.54,1.4,2.0,0.28,14.0,1.0,0.6,0.6,8.6,11.2,13.7,11.2,2.0,5.3,14.0,1.0,0.6,0.6,6.1,6.38,6.66,6.38,2.0,0.58,14.0,1.0,0.6,0.6,41.2,50.1,59.0,50.1,2.0,18.5,14.0,1.0,0.6,0.6,-204.3,-183.3,-162.3,-183.3,2.0,43.5,14.0,1.0,0.6,0.6,12.4,39.0,65.6,39.0,2.0,55.1,14.0,1.0,0.6,0.6,-118.3,-107.0,-95.7,-107.0,2.0,23.4,14.0,1.0,0.6,0.6,7.1,22.5,37.8,22.5,2.0,31.8,14.0,1.0,0.6,0.6,-55.8,-48.2,-40.6,-48.2,2.0,15.8,14.0,1.0,0.6,0.6,3.4,10.8,18.2,10.8,2.0,15.3,14.0,1.0,0.6,0.6,328.0,521.5,714.5,521.5,2.0,400.0,14.0,1.0,0.6,0.6,330.0,520.0,715.0,520.0,2.0,400.0,14.0,1.0,0.6,0.6
1974,2,238.0,-26.0,25.7,25.7,25.7,25.7,1.0,0.0,22.0,0.0,0.3,0.5,25.0,25.0,25.0,25.0,1.0,0.0,22.0,0.0,0.3,0.5,13.37,13.37,13.37,13.37,1.0,0.0,22.0,0.0,0.3,0.5,68.5,68.5,68.5,68.5,1.0,0.0,22.0,0.0,0.5,5.1,5.1,5.1,5.1,1.0,0.0,22.0,0.0,0.3,0.5,-4.79,-4.79,-4.79,-4.79,1.0,0.0,22.0,0.0,0.3,0.5,-1.74,-1.74,-1.74,-1.74,1.0,0.0,22.0,0.0,0.3,0.5,1021.7,1021.7,1021.7,1021.7,1.0,0.0,22.0,0.0,0.3,0.5,2.0,2.0,2.0,2.0,1.0,0.0,22.0,0.0,0.3,0.5,-24.4,-24.4,-24.4,-24.4,1.0,0.0,22.0,0.0,0.3,0.5,-8.9,-8.9,-8.9,-8.9,1.0,0.0,22.0,0.0,0.3,0.5,0.7,0.7,0.7,0.7,1.0,0.0,22.0,0.0,0.3,0.5,3.6,3.6,3.6,3.6,1.0,0.0,22.0,0.0,0.3,0.5,7.08,7.08,7.08,7.08,1.0,0.0,22.0,0.0,0.3,0.5,36.1,36.1,36.1,36.1,1.0,0.0,22.0,0.0,0.3,0.5,-119.8,-119.8,-119.8,-119.8,1.0,0.0,22.0,0.0,0.3,0.5,-43.6,-43.6,-43.6,-43.6,1.0,0.0,22.0,0.0,0.3,0.5,-64.1,-64.1,-64.1,-64.1,1.0,0.0,22.0,0.0,0.3,0.5,-23.3,-23.3,-23.3,-23.3,1.0,0.0,22.0,0.0,0.3,0.5,-33.9,-33.9,-33.9,-33.9,1.0,0.0,22.0,0.0,0.3,0.5,-12.3,-12.3,-12.3,-12.3,1.0,0.0,22.0,0.0,0.3,0.5,132.5,132.5,132.5,132.5,1.0,0.0,22.0,0.0,0.3,0.5,135.0,135.0,135.0,135.0,1.0,0.0,22.0,0.0,0.3,0.5
1974,2,238.0,-24.0,24.17,24.55,24.93,24.55,2.0,0.78,18.0,0.5,0.5,0.3,25.31,25.55,25.79,25.55,2.0,0.49,18.0,0.5,0.5,0.3,14.53,14.53,14.53,14.53,1.0,0.0,10.0,0.0,0.6,0.5,73.4,73.4,73.4,73.4,1.0,0.0,10.0,0.0,0.5,4.63,6.0,7.37,6.0,2.0,2.83,18.0,0.5,0.5,0.3,-7.22,-5.82,-4.41,-5.82,2.0,2.91,18.0,0.5,0.5,0.3,-0.93,0.01,0.95,0.01,2.0,1.95,18.0,0.5,0.5,0.3,1020.83,1022.6,1024.37,1022.6,2.0,3.68,18.0,0.5,0.5,0.3,2.5,3.5,4.5,3.5,2.0,2.1,18.0,0.5,0.5,0.3,-55.4,-39.0,-22.7,-39.0,2.0,33.9,18.0,0.5,0.5,0.3,-2.8,2.8,8.5,2.8,2.0,11.7,18.0,0.5,0.5,0.3,-1.61,-1.0,-0.39,-1.0,2.0,1.27,18.0,0.5,0.5,0.3,-12.9,-7.8,-2.7,-7.8,2.0,10.5,18.0,0.5,0.5,0.3,5.22,5.22,5.22,5.22,1.0,0.0,10.0,0.0,0.6,0.5,20.9,20.9,20.9,20.9,1.0,0.0,10.0,0.0,0.6,0.5,-186.7,-149.4,-112.1,-149.4,2.0,77.3,18.0,0.5,0.5,0.3,-23.3,0.8,24.8,0.8,2.0,49.8,18.0,0.5,0.5,0.3,-54.6,-54.6,-54.6,-54.6,1.0,0.0,10.0,0.0,0.6,0.5,-19.9,-19.9,-19.9,-19.9,1.0,0.0,10.0,0.0,0.6,0.5,-19.6,-19.6,-19.6,-19.6,1.0,0.0,10.0,0.0,0.6,0.5,-7.1,-7.1,-7.1,-7.1,1.0,0.0,10.0,0.0,0.6,0.5,135.0,288.0,441.0,288.0,2.0,317.0,18.0,0.5,0.5,0.3,135.0,290.0,440.0,290.0,2.0,315.0,18.0,0.5,0.5,0.3
1974,2,238.0,-23.0,25.0,25.0,25.0,25.0,1.0,0.0,14.0,1.0,0.9,0.8,23.56,24.75,25.94,24.75,2.0,2.47,20.0,1.0,0.9,0.9,13.17,13.17,13.17,13.17,1.0,0.0,14.0,1.0,0.9,0.8,61.5,61.5,61.5,61.5,1.0,0.0,14.0,1.0,0.8,7.86,8.2,8.54,8.2,2.0,0.71,20.0,1.0,0.9,0.9,-8.47,-7.97,-7.47,-7.97,2.0,1.04,20.0,1.0,0.9,0.9,0.42,1.32,2.22,1.32,2.0,1.86,20.0,1.0,0.9,0.9,1018.63,1020.0,1021.37,1020.0,2.0,2.83,20.0,1.0,0.9,0.9,3.0,5.0,7.0,5.0,2.0,4.2,20.0,1.0,0.9,0.9,-72.5,-65.7,-58.9,-65.7,2.0,14.1,20.0,1.0,0.9,0.9,3.2,10.1,17.1,10.1,2.0,14.3,20.0,1.0,0.9,0.9,-1.5,-1.5,-1.5,-1.5,1.0,0.0,14.0,1.0,0.9,0.8,-11.5,-11.5,-11.5,-11.5,1.0,0.0,14.0,1.0,0.9,0.8,6.51,6.51,6.51,6.51,1.0,0.0,14.0,1.0,0.9,0.8,50.1,50.1,50.1,50.1,1.0,0.0,14.0,1.0,0.9,0.8,-198.8,-195.9,-193.1,-195.9,2.0,5.9,20.0,1.0,0.9,0.9,11.1,34.9,58.7,34.9,2.0,49.3,20.0,1.0,0.9,0.9,-95.3,-95.3,-95.3,-95.3,1.0,0.0,14.0,1.0,0.9,0.8,34.7,34.7,34.7,34.7,1.0,0.0,14.0,1.0,0.9,0.8,-47.1,-47.1,-47.1,-47.1,1.0,0.0,14.0,1.0,0.9,0.8,17.1,17.1,17.1,17.1,1.0,0.0,14.0,1.0,0.9,0.8,488.5,557.5,626.5,557.5,2.0,143.0,20.0,1.0,0.9,0.9,490.0,560.0,625.0,560.0,2.0,145.0,20.0,1.0,0.9,0.9
1974,2,238.0,-22.0,24.08,24.25,24.42,24.25,2.0,0.35,16.0,1.0,0.6,0.9,24.83,25.55,26.27,25.55,2.0,1.48,16.0,1.0,0.6,0.9,14.0,14.21,14.41,14.21,2.0,0.42,16.0,1.0,0.6,0.9,68.1,70.2,72.3,70.2,2.0,4.3,16.0,1.0,0.9,7.7,7.7,7.7,7.7,1.0,0.0,12.0,1.0,1.0,1.0,-7.24,-7.24,-7.24,-7.24,1.0,0.0,12.0,1.0,1.0,1.0,2.63,2.63,2.63,2.63,1.0,0.0,12.0,1.0,1.0,1.0,1016.55,1017.95,1019.35,1017.95,2.0,2.9,16.0,1.0,0.6,0.9,4.3,5.0,5.7,5.0,2.0,1.4,16.0,1.0,0.6,0.9,-55.7,-55.7,-55.7,-55.7,1.0,0.0,12.0,1.0,1.0,1.0,20.3,20.3,20.3,20.3,1.0,0.0,12.0,1.0,1.0,1.0,-1.85,-1.3,-0.75,-1.3,2.0,1.13,16.0,1.0,0.6,0.9,-3.8,-3.8,-3.8,-3.8,1.0,0.0,12.0,1.0,1.0,1.0,4.58,4.6,4.62,4.6,2.0,0.04,16.0,1.0,0.6,0.9,35.2,35.2,35.2,35.2,1.0,0.0,12.0,1.0,1.0,1.0,-177.3,-177.3,-177.3,-177.3,1.0,0.0,12.0,1.0,1.0,1.0,64.5,64.5,64.5,64.5,1.0,0.0,12.0,1.0,1.0,1.0,-100.6,-100.6,-100.6,-100.6,1.0,0.0,12.0,1.0,1.0,1.0,36.6,36.6,36.6,36.6,1.0,0.0,12.0,1.0,1.0,1.0,-33.1,-33.1,-33.1,-33.1,1.0,0.0,12.0,1.0,1.0,1.0,12.0,12.0,12.0,12.0,1.0,0.0,12.0,1.0,1.0,1.0,456.5,456.5,456.5,456.5,1.0,0.0,12.0,1.0,1.0,1.0,455.0,455.0,455.0,455.0,1.0,0.0,12.0,1.0,1.0,1.0
1974,2,238.0,-21.0,25.0,25.0,25.0,25.0,1.0,0.0,6.0,1.0,1.0,0.1,26.0,26.0,26.0,26.0,1.0,0.0,6.0,1.0,1.0,0.1,16.06,16.06,16.06,16.06,1.0,0.0,6.0,1.0,1.0,0.1,77.2,77.2,77.2,77.2,1.0,0.0,6.0,1.0,0.1,6.2,6.2,6.2,6.2,1.0,0.0,6.0,1.0,1.0,0.1,-4.75,-4.75,-4.75,-4.75,1.0,0.0,6.0,1.0,1.0,0.1,3.99,3.99,3.99,3.99,1.0,0.0,6.0,1.0,1.0,0.1,1019.5,1019.5,1019.5,1019.5,1.0,0.0,6.0,1.0,1.0,0.1,6.0,6.0,6.0,6.0,1.0,0.0,6.0,1.0,1.0,0.1,-29.4,-29.4,-29.4,-29.4,1.0,0.0,6.0,1.0,1.0,0.1,24.7,24.7,24.7,24.7,1.0,0.0,6.0,1.0,1.0,0.1,-1.0,-1.0,-1.0,-1.0,1.0,0.0,6.0,1.0,1.0,0.1,-6.2,-6.2,-6.2,-6.2,1.0,0.0,6.0,1.0,1.0,0.1,3.59,3.59,3.59,3.59,1.0,0.0,6.0,1.0,1.0,0.1,22.2,22.2,22.2,22.2,1.0,0.0,6.0,1.0,1.0,0.1,-123.5,-123.5,-123.5,-123.5,1.0,0.0,6.0,1.0,1.0,0.1,103.6,103.6,103.6,103.6,1.0,0.0,6.0,1.0,1.0,0.1,-76.3,-76.3,-76.3,-76.3,1.0,0.0,6.0,1.0,1.0,0.1,64.0,64.0,64.0,64.0,1.0,0.0,6.0,1.0,1.0,0.1,-17.0,-17.0,-17.0,-17.0,1.0,0.0,6.0,1.0,1.0,0.1,14.3,14.3,14.3,14.3,1.0,0.0,6.0,1.0,1.0,0.1,238.5,238.5,238.5,238.5,1.0,0.0,6.0,1.0,1.0,0.1,240.0,240.0,240.0,240.0,1.0,0.0,6.0,1.0,1.0,0.1
1974,2,238.0,-20.0,26.4,26.4,26.4,26.4,1.0,0.0,26.0,0.0,0.7,0.1,24.0,24.0,24.0,24.0,1.0,0.0,26.0,0.0,0.7,0.1,14.51,14.51,14.51,14.51,1.0,0.0,26.0,0.0,0.7,0.1,78.3,78.3,78.3,78.3,1.0,0.0,26.0,0.0,0.1,5.7,5.7,5.7,5.7,1.0,0.0,26.0,0.0,0.7,0.1,-5.61,-5.61,-5.61,-5.61,1.0,0.0,26.0,0.0,0.7,0.1,-0.99,-0.99,-0.99,-0.99,1.0,0.0,26.0,0.0,0.7,0.1,1015.2,1015.2,1015.2,1015.2,1.0,0.0,26.0,0.0,0.7,0.1,2.0,2.0,2.0,2.0,1.0,0.0,26.0,0.0,0.7,0.1,-32.0,-32.0,-32.0,-32.0,1.0,0.0,26.0,0.0,0.7,0.1,-5.6,-5.6,-5.6,-5.6,1.0,0.0,26.0,0.0,0.7,0.1,2.4,2.4,2.4,2.4,1.0,0.0,26.0,0.0,0.7,0.1,13.7,13.7,13.7,13.7,1.0,0.0,26.0,0.0,0.7,0.1,6.95,6.95,6.95,6.95,1.0,0.0,26.0,0.0,0.7,0.1,39.6,39.6,39.6,39.6,1.0,0.0,26.0,0.0,0.7,0.1,-134.7,-134.7,-134.7,-134.7,1.0,0.0,26.0,0.0,0.7,0.1,-23.8,-23.8,-23.8,-23.8,1.0,0.0,26.0,0.0,0.7,0.1,-81.5,-81.5,-81.5,-81.5,1.0,0.0,26.0,0.0,0.7,0.1,-14.4,-14.4,-14.4,-14.4,1.0,0.0,26.0,0.0,0.7,0.1,-39.0,-39.0,-39.0,-39.0,1.0,0.0,26.0,0.0,0.7,0.1,-6.9,-6.9,-6.9,-6.9,1.0,0.0,26.0,0.0,0.7,0.1,185.0,185.0,185.0,185.0,1.0,0.0,26.0,0.0,0.7,0.1,185.0,185.0,185.0,185.0,1.0,0.0,26.0,0.0,0.7,0.1
1974,2,238.0,-13.0,24.3,24.3,24.3,24.3,1.0,0.0,10.0,1.0,0.3,0.2,25.9,25.9,25.9,25.9,1.0,0.0,10.0,1.0,0.3,0.2,15.23,15.23,15.23,15.23,1.0,0.0,10.0,1.0,0.3,0.2,73.5,73.5,73.5,73.5,1.0,0.0,10.0,1.0,0.2,8.2,8.2,8.2,8.2,1.0,0.0,10.0,1.0,0.3,0.2,-8.08,-8.08,-8.08,-8.08,1.0,0.0,10.0,1.0,0.3,0.2,1.42,1.42,1.42,1.42,1.0,0.0,10.0,1.0,0.3,0.2,1017.0,1017.0,1017.0,1017.0,1.0,0.0,10.0,1.0,0.3,0.2,1.0,1.0,1.0,1.0,1.0,0.0,10.0,1.0,0.3,0.2,-66.2,-66.2,-66.2,-66.2,1.0,0.0,10.0,1.0,0.3,0.2,11.7,11.7,11.7,11.7,1.0,0.0,10.0,1.0,0.3,0.2,-1.6,-1.6,-1.6,-1.6,1.0,0.0,10.0,1.0,0.3,0.2,-13.1,-13.1,-13.1,-13.1,1.0,0.0,10.0,1.0,0.3,0.2,3.65,3.65,3.65,3.65,1.0,0.0,10.0,1.0,0.3,0.2,30.0,30.0,30.0,30.0,1.0,0.0,10.0,1.0,0.3,0.2,-209.2,-209.2,-209.2,-209.2,1.0,0.0,10.0,1.0,0.3,0.2,36.9,36.9,36.9,36.9,1.0,0.0,10.0,1.0,0.3,0.2,-123.0,-123.0,-123.0,-123.0,1.0,0.0,10.0,1.0,0.3,0.2,21.7,21.7,21.7,21.7,1.0,0.0,10.0,1.0,0.3,0.2,-29.5,-29.5,-29.5,-29.5,1.0,0.0,10.0,1.0,0.3,0.2,5.2,5.2,5.2,5.2,1.0,0.0,10.0,1.0,0.3,0.2,551.5,551.5,551.5,551.5,1.0,0.0,10.0,1.0,0.3,0.2,550.0,550.0,550.0,550.0,1.0,0.0,10.0,1.0,0.3,0.2
1974,2,238.0,-8.0,24.63,25.5,25.6,25.14,5.0,0.68,20.0,0.8,0.7,0.6,25.08,25.7,26.06,25.6,5.0,0.66,20.0,0.8,0.7,0.6,15.96,16.55,16.97,16.47,5.0,0.6,20.0,0.8,0.7,0.6,77.1,80.0,84.0,80.4,5.0,3.9,20.0,0.8,0.6,5.77,7.0,7.98,7.08,6.0,2.24,16.0,0.7,0.7,0.6,-7.74,-6.67,-5.17,-6.62,6.0,2.68,16.0,0.7,0.7,0.6,0.96,2.26,2.6,1.89,6.0,1.12,16.0,0.7,0.7,0.6,1008.93,1010.8,1013.52,1011.02,6.0,2.39,16.0,0.7,0.7,0.6,4.4,6.0,8.0,5.8,6.0,2.2,16.0,0.7,0.7,0.6,-63.6,-47.2,-30.9,-51.8,6.0,36.8,16.0,0.7,0.7,0.6,6.8,13.0,17.0,11.5,6.0,6.5,16.0,0.7,0.7,0.6,-1.04,-0.1,0.24,-0.46,5.0,1.16,20.0,0.8,0.7,0.6,-7.1,-0.7,1.7,-3.0,5.0,7.2,20.0,0.8,0.7,0.6,2.73,3.61,4.38,3.53,5.0,1.18,20.0,0.8,0.7,0.6,18.6,26.0,37.9,28.5,5.0,16.0,20.0,0.8,0.7,0.6,-214.4,-169.1,-162.5,-189.8,5.0,53.1,20.0,0.8,0.7,0.6,19.5,56.2,61.1,41.9,5.0,26.6,20.0,0.8,0.7,0.6,-137.8,-109.3,-105.0,-121.3,5.0,29.1,20.0,0.8,0.7,0.6,13.2,35.8,39.7,27.2,5.0,17.1,20.0,0.8,0.7,0.6,-36.8,-24.4,-18.2,-27.7,5.0,16.3,20.0,0.8,0.7,0.6,2.3,4.0,9.2,5.3,5.0,4.0,20.0,0.8,0.7,0.6,203.5,343.0,571.0,449.5,6.0,446.0,16.0,0.7,0.7,0.6,205.0,345.0,570.0,450.0,6.0,445.0,16.0,0.7,0.7,0.6
1974,2,238.0,-7.0,24.7,24.7,24.7,24.7,1.0,0.0,6.0,1.0,0.8,0.2,26.0,26.0,26.0,26.0,1.0,0.0,6.0,1.0,0.8,0.2,16.47,16.47,16.47,16.47,1.0,0.0,6.0,1.0,0.8,0.2,78.6,78.6,78.6,78.6,1.0,0.0,6.0,1.0,0.2,2.6,2.6,2.6,2.6,1.0,0.0,6.0,1.0,0.8,0.2,-1.67,-1.67,-1.67,-1.67,1.0,0.0,6.0,1.0,0.8,0.2,1.99,1.99,1.99,1.99,1.0,0.0,6.0,1.0,0.8,0.2,1012.6,1012.6,1012.6,1012.6,1.0,0.0,6.0,1.0,0.8,0.2,1.0,1.0,1.0,1.0,1.0,0.0,6.0,1.0,0.8,0.2,-4.3,-4.3,-4.3,-4.3,1.0,0.0,6.0,1.0,0.8,0.2,5.2,5.2,5.2,5.2,1.0,0.0,6.0,1.0,0.8,0.2,-1.3,-1.3,-1.3,-1.3,1.0,0.0,6.0,1.0,0.8,0.2,-3.4,-3.4,-3.4,-3.4,1.0,0.0,6.0,1.0,0.8,0.2,2.95,2.95,2.95,2.95,1.0,0.0,6.0,1.0,0.8,0.2,7.7,7.7,7.7,7.7,1.0,0.0,6.0,1.0,0.8,0.2,-43.5,-43.5,-43.5,-43.5,1.0,0.0,6.0,1.0,0.8,0.2,51.8,51.8,51.8,51.8,1.0,0.0,6.0,1.0,0.8,0.2,-27.5,-27.5,-27.5,-27.5,1.0,0.0,6.0,1.0,0.8,0.2,32.8,32.8,32.8,32.8,1.0,0.0,6.0,1.0,0.8,0.2,-4.9,-4.9,-4.9,-4.9,1.0,0.0,6.0,1.0,0.8,0.2,5.9,5.9,5.9,5.9,1.0,0.0,6.0,1.0,0.8,0.2,17.5,17.5,17.5,17.5,1.0,0.0,6.0,1.0,0.8,0.2,20.0,20.0,20.0,20.0,1.0,0.0,6.0,1.0,0.8,0.2
1974,2,238.0,-6.0,26.06,26.2,27.29,26.67,3.0,0.99,8.0,1.0,0.6,0.2,26.22,26.9,27.17,26.7,3.0,0.72,8.0,1.0,0.6,0.2,15.92,16.33,16.73,16.33,3.0,0.59,8.0,1.0,0.6,0.2,70.7,73.6,78.7,74.7,3.0,5.9,8.0,1.0,0.2,4.08,5.1,6.19,5.13,3.0,1.55,8.0,1.0,0.6,0.2,-5.1,-5.02,-4.01,-4.57,3.0,0.89,8.0,1.0,0.6,0.2,0.71,0.89,3.22,1.94,3.0,2.05,8.0,1.0,0.6,0.2,1009.03,1009.1,1010.19,1009.6,3.0,0.95,8.0,1.0,0.6,0.2,2.0,2.0,2.7,2.3,3.0,0.6,8.0,1.0,0.6,0.2,-31.6,-25.6,-16.8,-24.3,3.0,10.9,8.0,1.0,0.6,0.2,3.0,4.5,21.1,11.9,3.0,14.7,8.0,1.0,0.6,0.2,-1.04,-0.9,1.01,-0.03,3.0,1.68,8.0,1.0,0.6,0.2,-5.4,-4.0,5.4,-0.1,3.0,8.5,8.0,1.0,0.6,0.2,5.03,5.61,6.23,5.63,3.0,0.88,8.0,1.0,0.6,0.2,23.9,31.9,32.8,28.4,3.0,7.2,8.0,1.0,0.6,0.2,-135.5,-130.1,-107.4,-121.6,3.0,21.9,8.0,1.0,0.6,0.2,18.9,22.9,86.4,52.0,3.0,55.4,8.0,1.0,0.6,0.2,-84.6,-83.8,-64.7,-74.8,3.0,16.5,8.0,1.0,0.6,0.2,11.5,15.0,52.8,31.7,3.0,33.5,8.0,1.0,0.6,0.2,-30.1,-24.4,-21.3,-25.7,3.0,6.5,8.0,1.0,0.6,0.2,4.2,5.8,15.8,9.9,3.0,9.2,8.0,1.0,0.6,0.2,74.0,132.5,247.5,160.0,3.0,129.0,8.0,1.0,0.6,0.2,75.0,135.0,245.0,160.0,3.0,130.0,8.0,1.0,0.6,0.2
1974,2,238.0,-5.0,26.0,26.0,26.0,26.0,1.0,0.0,12.0,1.0,0.9,1.0,26.1,26.1,26.1,26.1,1.0,0.0,12.0,1.0,0.9,1.0,16.77,16.77,16.77,16.77,1.0,0.0,12.0,1.0,0.9,1.0,79.6,79.6,79.6,79.6,1.0,0.0,12.0,1.0,1.0,11.3,11.3,11.3,11.3,1.0,0.0,12.0,1.0,0.9,1.0,-11.13,-11.13,-11.13,-11.13,1.0,0.0,12.0,1.0,0.9,1.0,1.96,1.96,1.96,1.96,1.0,0.0,12.0,1.0,0.9,1.0,1013.5,1013.5,1013.5,1013.5,1.0,0.0,12.0,1.0,0.9,1.0,6.0,6.0,6.0,6.0,1.0,0.0,12.0,1.0,0.9,1.0,-125.7,-125.7,-125.7,-125.7,1.0,0.0,12.0,1.0,0.9,1.0,22.2,22.2,22.2,22.2,1.0,0.0,12.0,1.0,0.9,1.0,-0.1,-0.1,-0.1,-0.1,1.0,0.0,12.0,1.0,0.9,1.0,-1.1,-1.1,-1.1,-1.1,1.0,0.0,12.0,1.0,0.9,1.0,4.23,4.23,4.23,4.23,1.0,0.0,12.0,1.0,0.9,1.0,47.8,47.8,47.8,47.8,1.0,0.0,12.0,1.0,0.9,1.0,-290.4,-290.4,-290.4,-290.4,1.0,0.0,12.0,1.0,0.9,1.0,51.2,51.2,51.2,51.2,1.0,0.0,12.0,1.0,0.9,1.0,-186.6,-186.6,-186.6,-186.6,1.0,0.0,12.0,1.0,0.9,1.0,32.9,32.9,32.9,32.9,1.0,0.0,12.0,1.0,0.9,1.0,-47.0,-47.0,-47.0,-47.0,1.0,0.0,12.0,1.0,0.9,1.0,8.3,8.3,8.3,8.3,1.0,0.0,12.0,1.0,0.9,1.0,1443.0,1443.0,1443.0,1443.0,1.0,0.0,12.0,1.0,0.9,1.0,1445.0,1445.0,1445.0,1445.0,1.0,0.0,12.0,1.0,0.9,1.0
1974,2,238.0,-4.0,25.3,25.3,25.3,25.3,1.0,0.0,22.0,1.0,1.0,0.1,23.7,23.7,23.7,23.7,1.0,0.0,22.0,1.0,1.0,0.1,15.94,15.94,15.94,15.94,1.0,0.0,22.0,1.0,1.0,0.1,87.0,87.0,87.0,87.0,1.0,0.0,22.0,1.0,0.1,7.2,7.2,7.2,7.2,1.0,0.0,22.0,1.0,1.0,0.1,-4.63,-4.63,-4.63,-4.63,1.0,0.0,22.0,1.0,1.0,0.1,5.52,5.52,5.52,5.52,1.0,0.0,22.0,1.0,1.0,0.1,1008.7,1008.7,1008.7,1008.7,1.0,0.0,22.0,1.0,1.0,0.1,7.0,7.0,7.0,7.0,1.0,0.0,22.0,1.0,1.0,0.1,-33.3,-33.3,-33.3,-33.3,1.0,0.0,22.0,1.0,1.0,0.1,39.7,39.7,39.7,39.7,1.0,0.0,22.0,1.0,1.0,0.1,1.6,1.6,1.6,1.6,1.0,0.0,22.0,1.0,1.0,0.1,11.5,11.5,11.5,11.5,1.0,0.0,22.0,1.0,1.0,0.1,4.29,4.29,4.29,4.29,1.0,0.0,22.0,1.0,1.0,0.1,30.9,30.9,30.9,30.9,1.0,0.0,22.0,1.0,1.0,0.1,-109.7,-109.7,-109.7,-109.7,1.0,0.0,22.0,1.0,1.0,0.1,130.7,130.7,130.7,130.7,1.0,0.0,22.0,1.0,1.0,0.1,-73.7,-73.7,-73.7,-73.7,1.0,0.0,22.0,1.0,1.0,0.1,87.9,87.9,87.9,87.9,1.0,0.0,22.0,1.0,1.0,0.1,-19.8,-19.8,-19.8,-19.8,1.0,0.0,22.0,1.0,1.0,0.1,23.7,23.7,23.7,23.7,1.0,0.0,22.0,1.0,1.0,0.1,373.0,373.0,373.0,373.0,1.0,0.0,22.0,1.0,1.0,0.1,375.0,375.0,375.0,375.0,1.0,0.0,22.0,1.0,1.0,0.1
1974,2,238.0,-3.0,22.7,22.7,22.7,22.7,1.0,0.0,6.0,0.0,0.6,0.7,23.6,23.6,23.6,23.6,1.0,0.0,6.0,0.0,0.6,0.7,16.47,16.47,16.47,16.47,1.0,0.0,6.0,0.0,0.6,0.7,90.7,90.7,90.7,90.7,1.0,0.0,6.0,0.0,0.7,4.1,4.1,4.1,4.1,1.0,0.0,6.0,0.0,0.6,0.7,-4.1,-4.1,-4.1,-4.1,1.0,0.0,6.0,0.0,0.6,0.7,0.0,0.0,0.0,0.0,1.0,0.0,6.0,0.0,0.6,0.7,1012.6,1012.6,1012.6,1012.6,1.0,0.0,6.0,0.0,0.6,0.7,0.0,0.0,0.0,0.0,1.0,0.0,6.0,0.0,0.6,0.7,-16.8,-16.8,-16.8,-16.8,1.0,0.0,6.0,0.0,0.6,0.7,0.0,0.0,0.0,0.0,1.0,0.0,6.0,0.0,0.6,0.7,-0.9,-0.9,-0.9,-0.9,1.0,0.0,6.0,0.0,0.6,0.7,-3.7,-3.7,-3.7,-3.7,1.0,0.0,6.0,0.0,0.6,0.7,0.72,0.72,0.72,0.72,1.0,0.0,6.0,0.0,0.6,0.7,3.0,3.0,3.0,3.0,1.0,0.0,6.0,0.0,0.6,0.7,-96.8,-96.8,-96.8,-96.8,1.0,0.0,6.0,0.0,0.6,0.7,0.0,0.0,0.0,0.0,1.0,0.0,6.0,0.0,0.6,0.7,-67.5,-67.5,-67.5,-67.5,1.0,0.0,6.0,0.0,0.6,0.7,0.0,0.0,0.0,0.0,1.0,0.0,6.0,0.0,0.6,0.7,-3.0,-3.0,-3.0,-3.0,1.0,0.0,6.0,0.0,0.6,0.7,0.0,0.0,0.0,0.0,1.0,0.0,6.0,0.0,0.6,0.7,69.0,69.0,69.0,69.0,1.0,0.0,6.0,0.0,0.6,0.7,70.0,70.0,70.0,70.0,1.0,0.0,6.0,0.0,0.6,0.7
1974,2,238.0,-2.0,23.7,23.7,23.7,23.7,1.0,0.0,10.0,1.0,0.8,0.8,24.0,24.0,24.0,24.0,1.0,0.0,10.0,1.0,0.8,0.8,15.68,15.68,15.68,15.68,1.0,0.0,10.0,1.0,0.8,0.8,84.4,84.4,84.4,84.4,1.0,0.0,10.0,1.0,0.8,3.1,3.1,3.1,3.1,1.0,0.0,10.0,1.0,0.8,0.8,-2.68,-2.68,-2.68,-2.68,1.0,0.0,10.0,1.0,0.8,0.8,1.55,1.55,1.55,1.55,1.0,0.0,10.0,1.0,0.8,0.8,1012.2,1012.2,1012.2,1012.2,1.0,0.0,10.0,1.0,0.8,0.8,1.0,1.0,1.0,1.0,1.0,0.0,10.0,1.0,0.8,0.8,-8.3,-8.3,-8.3,-8.3,1.0,0.0,10.0,1.0,0.8,0.8,4.8,4.8,4.8,4.8,1.0,0.0,10.0,1.0,0.8,0.8,-0.3,-0.3,-0.3,-0.3,1.0,0.0,10.0,1.0,0.8,0.8,-0.9,-0.9,-0.9,-0.9,1.0,0.0,10.0,1.0,0.8,0.8,2.61,2.61,2.61,2.61,1.0,0.0,10.0,1.0,0.8,0.8,8.1,8.1,8.1,8.1,1.0,0.0,10.0,1.0,0.8,0.8,-64.4,-64.4,-64.4,-64.4,1.0,0.0,10.0,1.0,0.8,0.8,37.2,37.2,37.2,37.2,1.0,0.0,10.0,1.0,0.8,0.8,-42.1,-42.1,-42.1,-42.1,1.0,0.0,10.0,1.0,0.8,0.8,24.3,24.3,24.3,24.3,1.0,0.0,10.0,1.0,0.8,0.8,-7.0,-7.0,-7.0,-7.0,1.0,0.0,10.0,1.0,0.8,0.8,4.0,4.0,4.0,4.0,1.0,0.0,10.0,1.0,0.8,0.8,30.0,30.0,30.0,30.0,1.0,0.0,10.0,1.0,0.8,0.8,30.0,30.0,30.0,30.0,1.0,0.0,10.0,1.0,0.8,0.8
1974,2,238.0,2.0,26.0,26.0,26.0,26.0,1.0,0.0,22.0,0.0,0.9,0.0,25.0,25.0,25.0,25.0,1.0,0.0,22.0,0.0,0.9,0.0,15.11,15.11,15.11,15.11,1.0,0.0,22.0,0.0,0.9,0.0,76.1,76.1,76.1,76.1,1.0,0.0,22.0,0.0,0.0,,,,,,,,,,,,,,,,,,,,,,,,,,,,,,,,,,,,,,,,,,,,,,,,,,,,,,,,,,,,,,,,,,,,,,,,,,,,,,,,,,,,,,,,,,,,,,,,,,,,,,,,,,,,,,,,,,,,,,,,,,,,,,,,,,,,,,,,,,,,,,,,,,,,,,,,,,,,,,,,,,,,,,,,,,,,,,,,,,,,,,,,,,,,,,
1974,2,238.0,6.0,25.6,25.6,25.6,25.6,1.0,0.0,24.0,0.0,0.9,0.9,26.0,26.0,26.0,26.0,1.0,0.0,24.0,0.0,0.9,0.9,18.18,18.18,18.18,18.18,1.0,0.0,24.0,0.0,0.9,0.9,86.6,86.6,86.6,86.6,1.0,0.0,24.0,0.0,0.9,6.7,6.7,6.7,6.7,1.0,0.0,24.0,0.0,0.9,0.9,-5.8,-5.8,-5.8,-5.8,1.0,0.0,24.0,0.0,0.9,0.9,-3.35,-3.35,-3.35,-3.35,1.0,0.0,24.0,0.0,0.9,0.9,1012.1,1012.1,1012.1,1012.1,1.0,0.0,24.0,0.0,0.9,0.9,5.0,5.0,5.0,5.0,1.0,0.0,24.0,0.0,0.9,0.9,-38.9,-38.9,-38.9,-38.9,1.0,0.0,24.0,0.0,0.9,0.9,-22.4,-22.4,-22.4,-22.4,1.0,0.0,24.0,0.0,0.9,0.9,-0.4,-0.4,-0.4,-0.4,1.0,0.0,24.0,0.0,0.9,0.9,-2.7,-2.7,-2.7,-2.7,1.0,0.0,24.0,0.0,0.9,0.9,2.34,2.34,2.34,2.34,1.0,0.0,24.0,0.0,0.9,0.9,15.7,15.7,15.7,15.7,1.0,0.0,24.0,0.0,0.9,0.9,-150.9,-150.9,-150.9,-150.9,1.0,0.0,24.0,0.0,0.9,0.9,-87.1,-87.1,-87.1,-87.1,1.0,0.0,24.0,0.0,0.9,0.9,-105.5,-105.5,-105.5,-105.5,1.0,0.0,24.0,0.0,0.9,0.9,-60.9,-60.9,-60.9,-60.9,1.0,0.0,24.0,0.0,0.9,0.9,-13.6,-13.6,-13.6,-13.6,1.0,0.0,24.0,0.0,0.9,0.9,-7.8,-7.8,-7.8,-7.8,1.0,0.0,24.0,0.0,0.9,0.9,301.0,301.0,301.0,301.0,1.0,0.0,24.0,0.0,0.9,0.9,300.0,300.0,300.0,300.0,1.0,0.0,24.0,0.0,0.9,0.9
1974,2,238.0,9.0,27.0,27.0,27.0,27.0,1.0,0.0,20.0,0.0,0.2,0.6,24.5,24.5,24.5,24.5,1.0,0.0,20.0,0.0,0.2,0.6,15.41,15.41,15.41,15.41,1.0,0.0,20.0,0.0,0.2,0.6,80.4,80.4,80.4,80.4,1.0,0.0,20.0,0.0,0.6,10.3,10.3,10.3,10.3,1.0,0.0,20.0,0.0,0.2,0.6,-8.92,-8.92,-8.92,-8.92,1.0,0.0,20.0,0.0,0.2,0.6,-5.15,-5.15,-5.15,-5.15,1.0,0.0,20.0,0.0,0.2,0.6,1011.2,1011.2,1011.2,1011.2,1.0,0.0,20.0,0.0,0.2,0.6,5.0,5.0,5.0,5.0,1.0,0.0,20.0,0.0,0.2,0.6,-91.9,-91.9,-91.9,-91.9,1.0,0.0,20.0,0.0,0.2,0.6,-53.0,-53.0,-53.0,-53.0,1.0,0.0,20.0,0.0,0.2,0.6,2.5,2.5,2.5,2.5,1.0,0.0,20.0,0.0,0.2,0.6,25.8,25.8,25.8,25.8,1.0,0.0,20.0,0.0,0.2,0.6,6.93,6.93,6.93,6.93,1.0,0.0,20.0,0.0,0.2,0.6,71.4,71.4,71.4,71.4,1.0,0.0,20.0,0.0,0.2,0.6,-218.5,-218.5,-218.5,-218.5,1.0,0.0,20.0,0.0,0.2,0.6,-126.2,-126.2,-126.2,-126.2,1.0,0.0,20.0,0.0,0.2,0.6,-137.5,-137.5,-137.5,-137.5,1.0,0.0,20.0,0.0,0.2,0.6,-79.4,-79.4,-79.4,-79.4,1.0,0.0,20.0,0.0,0.2,0.6,-61.8,-61.8,-61.8,-61.8,1.0,0.0,20.0,0.0,0.2,0.6,-35.7,-35.7,-35.7,-35.7,1.0,0.0,20.0,0.0,0.2,0.6,1092.5,1092.5,1092.5,1092.5,1.0,0.0,20.0,0.0,0.2,0.6,1095.0,1095.0,1095.0,1095.0,1.0,0.0,20.0,0.0,0.2,0.6
1974,2,238.0,10.0,25.5,25.5,25.5,25.5,2.0,0.0,24.0,0.0,0.1,0.3,24.63,24.9,25.17,24.9,2.0,0.57,24.0,0.0,0.1,0.3,16.1,16.1,16.1,16.1,1.0,0.0,20.0,0.0,0.1,0.4,83.9,83.9,83.9,83.9,1.0,0.0,20.0,0.0,0.4,13.9,13.9,13.9,13.9,1.0,0.0,28.0,0.0,0.1,0.2,-12.04,-12.04,-12.04,-12.04,1.0,0.0,28.0,0.0,0.1,0.2,-6.95,-6.95,-6.95,-6.95,1.0,0.0,28.0,0.0,0.1,0.2,1011.47,1012.25,1013.04,1012.25,2.0,1.63,24.0,0.0,0.1,0.3,7.0,7.0,7.0,7.0,2.0,0.0,24.0,0.0,0.1,0.3,-167.3,-167.3,-167.3,-167.3,1.0,0.0,28.0,0.0,0.1,0.2,-96.6,-96.6,-96.6,-96.6,1.0,0.0,28.0,0.0,0.1,0.2,,,,,,,,,,,,,,,,,,,,,,,,,,,,,,,,,,,,,,,,,,,,,,,,,,,,,,,,,,,,,,,,,,,,,,,,,,,,,,,,,,,,,,,,,,,,,,,,,,,,,,,,,,,,,,,,,,,,,,,,
1974,2,238.0,11.0,25.2,25.2,25.2,25.2,1.0,0.0,20.0,1.0,0.2,0.2,24.5,24.5,24.5,24.5,1.0,0.0,20.0,1.0,0.2,0.2,15.38,15.38,15.38,15.38,1.0,0.0,20.0,1.0,0.2,0.2,80.4,80.4,80.4,80.4,1.0,0.0,20.0,1.0,0.2,9.3,9.3,9.3,9.3,1.0,0.0,20.0,1.0,0.2,0.2,-8.05,-8.05,-8.05,-8.05,1.0,0.0,20.0,1.0,0.2,0.2,-4.65,-4.65,-4.65,-4.65,1.0,0.0,20.0,1.0,0.2,0.2,1013.2,1013.2,1013.2,1013.2,1.0,0.0,20.0,1.0,0.2,0.2,6.0,6.0,6.0,6.0,1.0,0.0,20.0,1.0,0.2,0.2,-74.9,-74.9,-74.9,-74.9,1.0,0.0,20.0,1.0,0.2,0.2,-43.2,-43.2,-43.2,-43.2,1.0,0.0,20.0,1.0,0.2,0.2,0.7,0.7,0.7,0.7,1.0,0.0,20.0,1.0,0.2,0.2,6.5,6.5,6.5,6.5,1.0,0.0,20.0,1.0,0.2,0.2,4.63,4.63,4.63,4.63,1.0,0.0,20.0,1.0,0.2,0.2,43.1,43.1,43.1,43.1,1.0,0.0,20.0,1.0,0.2,0.2,-197.3,-197.3,-197.3,-197.3,1.0,0.0,20.0,1.0,0.2,0.2,-113.9,-113.9,-113.9,-113.9,1.0,0.0,20.0,1.0,0.2,0.2,-123.9,-123.9,-123.9,-123.9,1.0,0.0,20.0,1.0,0.2,0.2,-71.5,-71.5,-71.5,-71.5,1.0,0.0,20.0,1.0,0.2,0.2,-37.3,-37.3,-37.3,-37.3,1.0,0.0,20.0,1.0,0.2,0.2,-21.5,-21.5,-21.5,-21.5,1.0,0.0,20.0,1.0,0.2,0.2,804.5,804.5,804.5,804.5,1.0,0.0,20.0,1.0,0.2,0.2,805.0,805.0,805.0,805.0,1.0,0.0,20.0,1.0,0.2,0.2
1974,2,238.0,12.0,25.06,25.2,25.34,25.2,2.0,0.28,22.0,1.0,0.7,0.8,24.42,24.45,24.48,24.45,2.0,0.07,22.0,1.0,0.7,0.8,13.96,14.58,15.2,14.58,2.0,1.29,22.0,1.0,0.7,0.8,73.0,76.4,79.8,76.4,2.0,7.0,22.0,1.0,0.8,5.77,7.2,8.63,7.2,2.0,2.97,22.0,1.0,0.7,0.8,-5.43,-4.26,-3.09,-4.26,2.0,2.42,22.0,1.0,0.7,0.8,-6.69,-5.77,-4.85,-5.77,2.0,1.91,22.0,1.0,0.7,0.8,1012.12,1012.15,1012.18,1012.15,2.0,0.07,22.0,1.0,0.7,0.8,5.3,6.0,6.7,6.0,2.0,1.4,22.0,1.0,0.7,0.8,-48.8,-34.3,-19.8,-34.3,2.0,30.1,22.0,1.0,0.7,0.8,-59.3,-44.4,-29.5,-44.4,2.0,30.9,22.0,1.0,0.7,0.8,0.58,0.75,0.92,0.75,2.0,0.35,22.0,1.0,0.7,0.8,4.7,4.9,5.0,4.9,2.0,0.3,22.0,1.0,0.7,0.8,5.0,5.45,5.91,5.45,2.0,0.95,22.0,1.0,0.7,0.8,29.6,40.7,51.8,40.7,2.0,23.0,22.0,1.0,0.7,0.8,-133.1,-104.3,-75.6,-104.3,2.0,59.6,22.0,1.0,0.7,0.8,-163.9,-141.2,-118.4,-141.2,2.0,47.2,22.0,1.0,0.7,0.8,-75.0,-60.6,-46.2,-60.6,2.0,29.8,22.0,1.0,0.7,0.8,-92.8,-82.9,-73.0,-82.9,2.0,20.5,22.0,1.0,0.7,0.8,-32.7,-24.4,-16.1,-24.4,2.0,17.3,22.0,1.0,0.7,0.8,-40.0,-32.4,-24.7,-32.4,2.0,15.9,22.0,1.0,0.7,0.8,239.5,468.5,698.0,468.5,2.0,475.0,22.0,1.0,0.7,0.8,240.0,470.0,700.0,470.0,2.0,475.0,22.0,1.0,0.7,0.8
1974,2,238.0,13.0,25.0,25.0,25.0,25.0,2.0,0.0,12.0,0.5,0.8,0.4,23.16,23.5,23.84,23.5,2.0,0.71,12.0,0.5,0.8,0.4,13.85,13.92,13.99,13.92,2.0,0.15,12.0,0.5,0.8,0.4,75.4,77.4,79.3,77.4,2.0,4.0,12.0,0.5,0.4,5.1,5.1,5.1,5.1,1.0,0.0,4.0,1.0,0.8,0.3,-3.28,-3.28,-3.28,-3.28,1.0,0.0,4.0,1.0,0.8,0.3,-3.91,-3.91,-3.91,-3.91,1.0,0.0,4.0,1.0,0.8,0.3,1012.55,1013.3,1014.05,1013.3,2.0,1.56,12.0,0.5,0.8,0.4,4.2,4.5,4.8,4.5,2.0,0.7,12.0,0.5,0.8,0.4,-16.7,-16.7,-16.7,-16.7,1.0,0.0,4.0,1.0,0.8,0.3,-19.9,-19.9,-19.9,-19.9,1.0,0.0,4.0,1.0,0.8,0.3,1.16,1.5,1.84,1.5,2.0,0.71,12.0,0.5,0.8,0.4,5.1,5.1,5.1,5.1,1.0,0.0,4.0,1.0,0.8,0.3,5.8,5.85,5.91,5.85,2.0,0.11,12.0,0.5,0.8,0.4,30.3,30.3,30.3,30.3,1.0,0.0,4.0,1.0,0.8,0.3,-78.7,-78.7,-78.7,-78.7,1.0,0.0,4.0,1.0,0.8,0.3,-93.8,-93.8,-93.8,-93.8,1.0,0.0,4.0,1.0,0.8,0.3,-45.3,-45.3,-45.3,-45.3,1.0,0.0,4.0,1.0,0.8,0.3,-54.0,-54.0,-54.0,-54.0,1.0,0.0,4.0,1.0,0.8,0.3,-19.5,-19.5,-19.5,-19.5,1.0,0.0,4.0,1.0,0.8,0.3,-23.2,-23.2,-23.2,-23.2,1.0,0.0,4.0,1.0,0.8,0.3,132.5,132.5,132.5,132.5,1.0,0.0,4.0,1.0,0.8,0.3,135.0,135.0,135.0,135.0,1.0,0.0,4.0,1.0,0.8,0.3
1974,2,238.0,14.0,24.1,24.1,24.1,24.1,2.0,0.0,24.0,1.0,0.7,0.3,23.16,23.5,24.46,23.8,3.0,0.98,20.0,0.7,0.5,0.4,13.29,15.02,16.76,15.02,2.0,3.59,24.0,1.0,0.7,0.3,72.7,79.6,86.5,79.6,2.0,14.3,24.0,1.0,0.3,5.45,6.2,7.57,6.5,3.0,1.57,20.0,0.7,0.5,0.4,-6.55,-5.37,-4.72,-5.63,3.0,1.36,20.0,0.7,0.5,0.4,-3.78,-3.1,-2.72,-3.25,3.0,0.79,20.0,0.7,0.5,0.4,1013.3,1014.6,1015.62,1014.47,3.0,1.7,20.0,0.7,0.5,0.4,4.3,5.0,6.4,5.3,3.0,1.5,20.0,0.7,0.5,0.4,-50.3,-33.3,-25.9,-38.0,3.0,18.3,20.0,0.7,0.5,0.4,-29.0,-19.2,-15.0,-21.9,3.0,10.6,20.0,0.7,0.5,0.4,-0.58,-0.1,0.38,-0.1,2.0,0.99,24.0,1.0,0.7,0.3,-2.7,0.4,3.5,0.4,2.0,6.4,24.0,1.0,0.7,0.3,1.92,3.66,5.4,3.66,2.0,3.61,24.0,1.0,0.7,0.3,12.8,28.3,43.8,28.3,2.0,32.1,24.0,1.0,0.7,0.3,-153.1,-123.5,-114.3,-133.5,3.0,29.7,20.0,0.7,0.5,0.4,-88.4,-71.3,-66.0,-77.0,3.0,17.2,20.0,0.7,0.5,0.4,-86.9,-83.1,-79.3,-83.1,2.0,7.8,24.0,1.0,0.7,0.3,-50.2,-48.0,-45.8,-48.0,2.0,4.5,24.0,1.0,0.7,0.3,-37.9,-24.5,-11.1,-24.5,2.0,27.8,24.0,1.0,0.7,0.3,-21.9,-14.1,-6.4,-14.1,2.0,16.0,24.0,1.0,0.7,0.3,166.0,238.5,452.0,307.5,3.0,217.5,20.0,0.7,0.5,0.4,165.0,240.0,450.0,305.0,3.0,220.0,20.0,0.7,0.5,0.4
1974,2,238.0,15.0,25.16,25.5,25.84,25.5,2.0,0.71,12.0,0.0,0.5,0.4,22.21,22.65,23.09,22.65,2.0,0.92,12.0,0.0,0.5,0.4,15.02,15.06,15.1,15.06,2.0,0.08,12.0,0.0,0.5,0.4,86.3,88.3,90.3,88.3,2.0,4.2,12.0,0.0,0.4,4.08,6.2,8.32,6.2,2.0,4.38,12.0,0.0,0.5,0.4,-8.13,-5.92,-3.71,-5.92,2.0,4.58,12.0,0.0,0.5,0.4,-1.6,-1.58,-1.56,-1.58,2.0,0.05,12.0,0.0,0.5,0.4,1013.73,1015.3,1016.87,1015.3,2.0,3.25,12.0,0.0,0.5,0.4,8.0,8.0,8.0,8.0,1.0,0.0,10.0,0.0,0.5,0.7,-73.0,-46.7,-20.5,-46.7,2.0,54.3,12.0,0.0,0.5,0.4,-13.4,-9.9,-6.4,-9.9,2.0,7.2,12.0,0.0,0.5,0.4,2.07,2.85,3.63,2.85,2.0,1.63,12.0,0.0,0.5,0.4,12.9,14.1,15.3,14.1,2.0,2.4,12.0,0.0,0.5,0.4,4.79,5.28,5.77,5.28,2.0,1.02,12.0,0.0,0.5,0.4,22.4,30.5,38.6,30.5,2.0,16.9,12.0,0.0,0.5,0.4,-188.9,-136.2,-83.6,-136.2,2.0,109.1,12.0,0.0,0.5,0.4,-37.1,-35.9,-34.7,-35.9,2.0,2.5,12.0,0.0,0.5,0.4,-122.9,-89.4,-55.9,-89.4,2.0,69.5,12.0,0.0,0.5,0.4,-24.2,-23.8,-23.4,-23.8,2.0,0.8,12.0,0.0,0.5,0.4,-37.7,-28.9,-20.2,-28.9,2.0,18.2,12.0,0.0,0.5,0.4,-9.0,-8.3,-7.7,-8.3,2.0,1.4,12.0,0.0,0.5,0.4,152.5,417.0,681.5,417.0,2.0,547.5,12.0,0.0,0.5,0.4,155.0,415.0,680.0,415.0,2.0,550.0,12.0,0.0,0.5,0.4
1974,2,238.0,16.0,22.5,22.5,22.5,22.5,1.0,0.0,20.0,1.0,0.5,0.7,21.31,22.2,23.09,22.2,2.0,1.84,10.0,1.0,0.5,0.5,12.39,13.24,14.09,13.24,2.0,1.76,10.0,1.0,0.5,0.5,78.8,79.6,80.4,79.6,2.0,1.7,10.0,1.0,0.5,11.11,12.85,14.59,12.85,2.0,3.61,10.0,1.0,0.5,0.5,-10.74,-8.47,-6.2,-8.47,2.0,4.7,10.0,1.0,0.5,0.5,-9.74,-9.41,-9.08,-9.41,2.0,0.69,10.0,1.0,0.5,0.5,1016.58,1016.75,1016.92,1016.75,2.0,0.35,10.0,1.0,0.5,0.5,3.8,5.5,7.2,5.5,2.0,3.5,10.0,1.0,0.5,0.5,-161.3,-117.4,-73.5,-117.4,2.0,91.0,10.0,1.0,0.5,0.5,-142.8,-122.2,-101.5,-122.2,2.0,42.8,10.0,1.0,0.5,0.5,-1.0,-1.0,-1.0,-1.0,1.0,0.0,20.0,1.0,0.5,0.7,-15.4,-15.4,-15.4,-15.4,1.0,0.0,20.0,1.0,0.5,0.7,2.43,2.43,2.43,2.43,1.0,0.0,20.0,1.0,0.5,0.7,37.4,37.4,37.4,37.4,1.0,0.0,20.0,1.0,0.5,0.7,-250.3,-192.4,-134.5,-192.4,2.0,119.9,10.0,1.0,0.5,0.5,-225.3,-209.5,-193.8,-209.5,2.0,32.7,10.0,1.0,0.5,0.5,-153.6,-116.3,-79.1,-116.3,2.0,77.2,10.0,1.0,0.5,0.5,-137.6,-125.2,-112.7,-125.2,2.0,25.8,10.0,1.0,0.5,0.5,-28.6,-28.6,-28.6,-28.6,1.0,0.0,20.0,1.0,0.5,0.7,-24.0,-24.0,-24.0,-24.0,1.0,0.0,20.0,1.0,0.5,0.7,1499.0,2372.5,3246.0,2372.5,2.0,1810.0,10.0,1.0,0.5,0.5,1500.0,2370.0,3245.0,2370.0,2.0,1810.0,10.0,1.0,0.5,0.5
1974,2,238.0,17.0,22.86,23.9,24.26,23.58,4.0,1.09,14.0,0.5,0.5,0.4,21.27,22.1,22.83,22.05,4.0,1.15,14.0,0.5,0.5,0.4,11.32,12.55,13.69,12.51,4.0,1.37,14.0,0.5,0.5,0.4,72.1,76.8,79.8,76.0,4.0,5.7,14.0,0.5,0.4,3.53,5.1,5.94,4.75,4.0,1.92,14.0,0.5,0.5,0.4,-4.55,-3.91,-2.57,-3.57,4.0,1.59,14.0,0.5,0.5,0.4,-3.82,-3.28,-2.4,-3.12,4.0,1.12,14.0,0.5,0.5,0.4,1015.34,1016.0,1017.23,1016.28,4.0,1.22,14.0,0.5,0.5,0.4,4.4,6.5,7.0,5.8,4.0,1.9,14.0,0.5,0.5,0.4,-27.5,-19.9,-11.0,-19.3,4.0,12.9,14.0,0.5,0.5,0.4,-23.1,-16.7,-9.7,-16.4,4.0,10.4,14.0,0.5,0.5,0.4,0.52,1.45,2.53,1.53,4.0,1.34,14.0,0.5,0.5,0.4,2.7,8.8,14.3,8.5,4.0,7.2,14.0,0.5,0.5,0.4,5.08,5.28,6.13,5.59,4.0,0.87,14.0,0.5,0.5,0.4,18.7,30.1,34.1,26.6,4.0,10.9,14.0,0.5,0.5,0.4,-103.2,-86.0,-53.9,-78.9,4.0,35.6,14.0,0.5,0.5,0.4,-86.6,-72.1,-50.7,-68.8,4.0,25.2,14.0,0.5,0.5,0.4,-62.2,-49.3,-29.3,-45.9,4.0,23.0,14.0,0.5,0.5,0.4,-52.2,-41.4,-27.3,-39.8,4.0,17.0,14.0,0.5,0.5,0.4,-26.1,-23.1,-13.6,-20.0,4.0,9.0,14.0,0.5,0.5,0.4,-21.9,-19.4,-12.7,-17.4,4.0,6.4,14.0,0.5,0.5,0.4,68.0,132.5,220.5,144.0,4.0,119.5,14.0,0.5,0.5,0.4,70.0,135.0,220.0,145.0,4.0,120.0,14.0,0.5,0.5,0.4
1974,2,238.0,18.0,21.99,23.0,23.52,22.83,7.0,0.85,16.0,0.4,0.5,0.4,20.02,20.4,20.5,20.3,8.0,0.72,16.0,0.5,0.5,0.4,10.01,11.98,13.69,11.95,8.0,2.0,16.0,0.5,0.5,0.4,69.0,81.1,92.3,80.7,8.0,10.5,16.0,0.5,0.4,4.21,7.75,9.3,6.96,8.0,3.01,16.0,0.5,0.5,0.4,-8.66,-5.72,-2.17,-5.53,8.0,3.23,16.0,0.5,0.5,0.4,-5.7,-3.8,-0.23,-3.3,8.0,2.57,16.0,0.5,0.5,0.4,1017.0,1017.15,1018.17,1017.5,8.0,0.64,16.0,0.5,0.5,0.4,6.0,7.0,8.0,7.0,7.0,1.2,14.0,0.4,0.5,0.4,-81.3,-44.7,-13.0,-46.1,8.0,37.5,16.0,0.5,0.5,0.4,-42.5,-26.1,-0.9,-25.9,8.0,23.6,16.0,0.5,0.5,0.4,2.02,2.8,3.31,2.54,7.0,1.01,16.0,0.4,0.5,0.4,12.4,24.2,28.2,20.6,7.0,11.0,16.0,0.4,0.5,0.4,4.28,6.17,7.18,5.58,7.0,2.18,16.0,0.4,0.5,0.4,30.1,41.1,67.1,45.6,7.0,26.7,16.0,0.4,0.5,0.4,-165.1,-115.1,-45.3,-111.2,8.0,63.6,16.0,0.5,0.5,0.4,-115.2,-75.3,-4.6,-66.2,8.0,52.0,16.0,0.5,0.5,0.4,-100.4,-63.4,-31.0,-62.5,8.0,32.7,16.0,0.5,0.5,0.4,-64.8,-41.5,-3.1,-37.4,8.0,29.1,16.0,0.5,0.5,0.4,-62.5,-35.6,-10.4,-36.3,7.0,26.8,16.0,0.4,0.5,0.4,-30.8,-22.7,0.0,-21.7,7.0,18.2,16.0,0.4,0.5,0.4,76.0,521.5,804.5,494.5,8.0,424.0,16.0,0.5,0.5,0.4,75.0,520.0,805.0,495.0,8.0,425.0,16.0,0.5,0.5,0.4
1974,2,238.0,19.0,19.69,20.5,22.0,20.7,5.0,1.35,10.0,0.2,0.7,0.4,17.96,18.7,20.0,18.87,6.0,1.05,10.0,0.3,0.7,0.4,8.21,9.15,11.7,9.92,4.0,2.35,8.0,0.3,0.6,0.4,64.8,68.8,82.2,73.3,4.0,12.4,8.0,0.3,0.4,4.73,6.2,8.47,6.58,5.0,2.24,8.0,0.4,0.8,0.5,-6.6,-3.99,-2.42,-4.6,5.0,2.84,8.0,0.4,0.8,0.5,-5.66,-3.55,-2.13,-3.78,5.0,2.62,8.0,0.4,0.8,0.5,1014.54,1016.95,1018.1,1016.27,6.0,2.38,10.0,0.3,0.7,0.4,7.0,7.5,8.0,7.5,6.0,0.5,10.0,0.3,0.7,0.4,-49.5,-24.7,-15.9,-33.9,5.0,32.2,8.0,0.4,0.8,0.5,-41.2,-29.4,-9.2,-26.5,5.0,20.9,8.0,0.4,0.8,0.5,1.06,2.0,2.07,1.66,5.0,0.56,10.0,0.2,0.7,0.4,7.9,9.6,15.1,11.4,4.0,5.6,6.0,0.3,0.8,0.4,4.01,5.06,5.87,4.95,4.0,1.33,8.0,0.3,0.6,0.4,27.7,30.2,31.1,29.4,3.0,2.6,6.0,0.3,0.7,0.5,-132.0,-77.3,-43.6,-89.6,5.0,58.8,8.0,0.4,0.8,0.5,-106.1,-67.0,-40.6,-70.7,5.0,47.6,8.0,0.4,0.8,0.5,-95.6,-40.1,-24.2,-59.4,3.0,54.9,6.0,0.3,0.7,0.5,-46.7,-44.2,-33.9,-40.4,3.0,9.9,6.0,0.3,0.7,0.5,-26.4,-19.4,-15.2,-20.8,3.0,8.3,6.0,0.3,0.7,0.5,-23.1,-22.9,-14.6,-19.0,3.0,7.1,6.0,0.3,0.7,0.5,109.5,238.5,633.5,367.5,5.0,353.0,8.0,0.4,0.8,0.5,110.0,240.0,635.0,370.0,5.0,355.0,8.0,0.4,0.8,0.5
1974,2,238.0,20.0,,,,,,,,,,,,,,,,,,,,,,,,,,,,,,,,,,,,,,,,6.7,6.7,6.7,6.7,1.0,0.0,24.0,0.0,0.1,0.1,-1.16,-1.16,-1.16,-1.16,1.0,0.0,24.0,0.0,0.1,0.1,-6.6,-6.6,-6.6,-6.6,1.0,0.0,24.0,0.0,0.1,0.1,1019.0,1019.0,1019.0,1019.0,1.0,0.0,24.0,0.0,0.1,0.1,,,,,,,,,,,,,,,,,,,,,,,,,,,,,,,,,,,,,,,,,,,,,,,,,,,,,,,,,,,,,,,,,,,,,,,,,,,,,,,,,,,,,,,,,,,,,,,,,,,,,,,,,,,,,,,,,,,,,,,,,,,,,,,,,,,,,,,,,,,,,,,,,,,,,,
1974,2,238.0,21.0,19.11,19.35,19.59,19.35,2.0,0.49,14.0,1.0,0.7,0.3,19.32,20.0,21.91,20.6,3.0,1.97,10.0,1.0,0.8,0.3,8.89,9.81,10.73,9.81,2.0,1.9,14.0,1.0,0.7,0.3,65.0,79.1,81.2,73.3,3.0,12.9,10.0,1.0,0.3,5.43,7.2,9.32,7.37,3.0,2.85,10.0,1.0,0.8,0.3,-5.3,-2.46,-1.86,-3.55,3.0,2.69,10.0,1.0,0.8,0.3,-7.53,-6.77,-5.1,-6.33,3.0,1.82,10.0,1.0,0.8,0.3,1013.94,1015.75,1017.56,1015.75,2.0,3.75,14.0,1.0,0.7,0.3,6.0,6.0,6.0,6.0,3.0,0.0,10.0,1.0,0.8,0.3,-52.2,-17.7,-10.6,-31.1,3.0,32.6,10.0,1.0,0.8,0.3,-70.9,-48.7,-29.0,-50.0,3.0,30.7,10.0,1.0,0.8,0.3,-0.25,-0.15,-0.05,-0.15,2.0,0.21,14.0,1.0,0.7,0.3,-1.2,-0.7,-0.2,-0.7,2.0,1.0,14.0,1.0,0.7,0.3,2.97,4.12,5.27,4.12,2.0,2.39,14.0,1.0,0.7,0.3,25.3,25.9,26.5,25.9,2.0,1.2,14.0,1.0,0.7,0.3,-103.7,-56.1,-39.3,-71.1,3.0,48.9,10.0,1.0,0.8,0.3,-152.9,-149.9,-106.6,-130.2,3.0,38.0,10.0,1.0,0.8,0.3,-64.2,-43.6,-22.9,-43.6,2.0,42.8,14.0,1.0,0.7,0.3,-79.8,-62.3,-44.7,-62.3,2.0,36.4,14.0,1.0,0.7,0.3,-15.0,-12.6,-10.2,-12.6,2.0,4.9,14.0,1.0,0.7,0.3,-24.2,-22.2,-20.1,-22.2,2.0,4.2,14.0,1.0,0.7,0.3,185.0,373.0,864.5,521.0,3.0,514.0,10.0,1.0,0.8,0.3,185.0,375.0,865.0,520.0,3.0,515.0,10.0,1.0,0.8,0.3
1974,2,238.0,22.0,17.01,18.8,19.18,18.22,5.0,1.26,14.0,0.8,0.6,0.6,17.44,18.75,20.0,18.37,6.0,2.04,12.0,0.8,0.7,0.5,8.33,9.24,10.29,9.23,5.0,1.47,14.0,0.8,0.6,0.6,67.1,71.8,85.5,74.7,6.0,9.8,12.0,0.8,0.5,7.56,9.55,10.3,8.83,6.0,1.99,12.0,0.8,0.7,0.5,-6.37,-5.65,-2.52,-4.57,6.0,2.57,12.0,0.8,0.7,0.5,-9.06,-7.7,-4.0,-6.47,6.0,3.96,12.0,0.8,0.7,0.5,1017.04,1017.3,1018.84,1017.9,5.0,1.43,14.0,0.8,0.6,0.6,5.2,7.0,8.0,6.3,6.0,2.3,12.0,0.8,0.7,0.5,-63.1,-40.5,-20.3,-39.4,6.0,25.7,12.0,0.8,0.7,0.5,-86.4,-77.4,-33.4,-63.5,6.0,38.9,12.0,0.8,0.7,0.5,-1.67,0.8,1.66,0.18,5.0,2.06,14.0,0.8,0.6,0.6,-14.6,4.1,16.8,2.2,5.0,19.1,14.0,0.8,0.6,0.6,2.29,4.31,4.97,3.74,5.0,1.52,14.0,0.8,0.6,0.6,13.6,40.1,49.7,33.7,5.0,19.1,14.0,0.8,0.6,0.6,-117.1,-93.7,-50.5,-81.2,6.0,44.6,12.0,0.8,0.7,0.5,-181.2,-126.6,-76.1,-119.7,6.0,77.1,12.0,0.8,0.7,0.5,-59.7,-54.8,-39.8,-50.1,5.0,13.2,14.0,0.8,0.6,0.6,-73.2,-54.8,-29.7,-49.3,5.0,34.8,14.0,0.8,0.6,0.6,-31.9,-13.7,-12.2,-20.5,5.0,11.2,14.0,0.8,0.6,0.6,-39.1,-36.0,-4.7,-24.3,5.0,19.8,14.0,0.8,0.6,0.6,465.0,873.0,1092.5,769.0,6.0,372.0,12.0,0.8,0.7,0.5,465.0,875.0,1095.0,770.0,6.0,370.0,12.0,0.8,0.7,0.5
1974,2,238.0,23.0,17.21,18.0,19.18,18.14,5.0,1.13,16.0,0.6,0.7,0.5,15.98,17.25,19.26,17.8,6.0,2.4,14.0,0.5,0.6,0.5,8.26,9.53,10.94,9.6,5.0,1.4,16.0,0.6,0.7,0.5,72.9,76.2,86.7,78.4,6.0,8.1,14.0,0.5,0.5,4.89,7.2,8.2,6.67,6.0,1.81,14.0,0.5,0.6,0.5,-3.31,-2.27,-1.42,-2.43,6.0,1.08,14.0,0.5,0.6,0.5,-8.08,-6.54,-3.8,-5.67,6.0,3.12,14.0,0.5,0.6,0.5,1018.77,1020.0,1020.94,1019.84,5.0,1.54,16.0,0.6,0.7,0.5,3.6,7.0,7.4,5.8,5.0,2.2,14.0,0.6,0.7,0.5,-20.0,-14.2,-11.1,-15.2,6.0,5.4,14.0,0.5,0.6,0.5,-66.2,-48.2,-19.4,-42.2,6.0,27.5,14.0,0.5,0.6,0.5,0.56,1.0,2.0,1.22,5.0,0.74,16.0,0.6,0.7,0.5,4.1,4.9,11.0,7.1,5.0,3.9,16.0,0.6,0.7,0.5,2.81,3.21,3.67,3.27,5.0,0.58,16.0,0.6,0.7,0.5,13.3,26.1,26.8,21.1,5.0,7.7,16.0,0.6,0.7,0.5,-65.1,-38.9,-24.5,-43.9,6.0,21.8,14.0,0.5,0.6,0.5,-147.5,-106.6,-64.6,-101.2,6.0,60.5,14.0,0.5,0.6,0.5,-32.9,-18.7,-13.0,-23.1,5.0,13.9,16.0,0.6,0.7,0.5,-70.8,-51.5,-27.7,-47.9,5.0,29.8,16.0,0.6,0.7,0.5,-11.8,-5.0,-4.7,-7.7,5.0,4.1,16.0,0.6,0.7,0.5,-26.4,-22.6,-8.7,-17.9,5.0,11.3,16.0,0.6,0.7,0.5,119.5,395.0,551.5,349.0,6.0,228.0,14.0,0.5,0.6,0.5,120.0,395.0,550.0,350.0,6.0,230.0,14.0,0.5,0.6,0.5
1974,2,238.0,24.0,18.95,19.0,19.0,18.98,4.0,0.05,16.0,0.5,0.7,0.4,15.79,17.0,18.52,17.15,4.0,1.62,16.0,0.5,0.7,0.4,8.81,9.43,9.83,9.32,3.0,0.75,18.0,0.3,0.7,0.5,75.6,78.1,86.0,80.7,3.0,7.9,18.0,0.3,0.5,3.84,5.4,8.59,6.18,4.0,3.07,16.0,0.5,0.7,0.4,-6.99,-3.23,-2.87,-4.85,4.0,3.64,16.0,0.5,0.7,0.4,-4.54,-2.47,-0.86,-2.69,4.0,2.44,16.0,0.5,0.7,0.4,1020.48,1022.0,1023.26,1021.88,4.0,1.65,16.0,0.5,0.7,0.4,3.5,6.0,8.0,5.8,4.0,2.6,16.0,0.5,0.7,0.4,-66.3,-16.8,-11.0,-37.6,4.0,46.0,16.0,0.5,0.7,0.4,-26.5,-9.7,-3.1,-14.6,4.0,17.0,16.0,0.5,0.7,0.4,0.48,2.0,3.16,1.83,4.0,1.59,16.0,0.5,0.7,0.4,3.2,8.8,12.2,7.8,4.0,5.9,16.0,0.5,0.7,0.4,3.7,4.09,4.68,4.19,3.0,0.73,18.0,0.3,0.7,0.5,15.1,20.3,25.1,20.1,3.0,7.4,18.0,0.3,0.7,0.5,-131.2,-55.1,-45.3,-86.7,4.0,73.1,16.0,0.5,0.7,0.4,-78.0,-38.9,-13.7,-45.6,4.0,44.1,16.0,0.5,0.7,0.4,-31.5,-31.2,-25.2,-28.4,3.0,5.2,18.0,0.3,0.7,0.5,-45.9,-26.8,-20.8,-33.2,3.0,19.2,18.0,0.3,0.7,0.5,-13.5,-13.1,-11.6,-12.6,3.0,1.4,18.0,0.3,0.7,0.5,-21.1,-15.6,-9.3,-15.2,3.0,8.7,18.0,0.3,0.7,0.5,57.5,185.0,715.5,377.5,4.0,490.5,16.0,0.5,0.7,0.4,55.0,185.0,715.0,375.0,4.0,490.0,16.0,0.5,0.7,0.4
1974,2,238.0,25.0,16.19,18.0,19.05,17.96,7.0,1.5,16.0,0.6,0.4,0.3,15.5,17.0,20.02,17.56,7.0,2.1,16.0,0.6,0.4,0.3,8.62,9.22,9.84,9.09,7.0,0.64,16.0,0.6,0.4,0.3,63.8,75.5,85.2,74.1,7.0,10.6,16.0,0.6,0.3,5.67,6.7,9.4,7.57,7.0,2.25,16.0,0.6,0.4,0.3,-3.37,-2.29,-1.74,-3.19,7.0,2.48,16.0,0.6,0.4,0.3,-8.22,-6.3,-5.33,-6.63,7.0,1.63,16.0,0.6,0.4,0.3,1017.48,1019.0,1020.52,1019.21,7.0,1.55,16.0,0.6,0.4,0.3,1.9,7.0,7.0,5.4,7.0,3.1,16.0,0.6,0.4,0.3,-29.3,-15.4,-11.0,-27.6,7.0,31.4,16.0,0.6,0.4,0.3,-82.2,-42.2,-30.2,-52.7,7.0,25.9,16.0,0.6,0.4,0.3,-2.21,0.5,3.07,0.4,7.0,2.61,16.0,0.6,0.4,0.3,-12.0,3.1,25.7,1.9,7.0,19.6,16.0,0.6,0.4,0.3,2.95,3.72,4.39,3.66,7.0,1.17,16.0,0.6,0.4,0.3,22.3,29.1,33.0,28.1,7.0,11.5,16.0,0.6,0.4,0.3,-58.7,-45.8,-30.0,-58.7,7.0,53.4,16.0,0.6,0.4,0.3,-142.3,-125.9,-87.9,-115.7,7.0,27.5,16.0,0.6,0.4,0.3,-31.5,-21.1,-17.0,-28.6,7.0,21.1,16.0,0.6,0.4,0.3,-75.1,-58.0,-47.3,-59.9,7.0,13.6,16.0,0.6,0.4,0.3,-12.6,-10.2,-4.8,-12.3,7.0,10.8,16.0,0.6,0.4,0.3,-29.9,-27.7,-19.3,-24.3,7.0,8.3,16.0,0.6,0.4,0.3,182.5,301.0,835.0,537.5,7.0,472.5,16.0,0.6,0.4,0.3,185.0,300.0,835.0,540.0,7.0,470.0,16.0,0.6,0.4,0.3
1974,2,238.0,26.0,17.21,18.25,18.55,17.9,4.0,0.97,6.0,0.5,0.6,0.4,15.14,16.65,19.57,17.33,4.0,2.8,6.0,0.5,0.6,0.4,8.16,8.74,9.69,8.92,4.0,1.16,6.0,0.5,0.6,0.4,68.5,71.0,78.1,73.2,4.0,6.5,6.0,0.5,0.4,4.35,7.0,10.0,7.28,11.0,2.63,10.0,0.4,0.6,0.5,-7.73,-3.52,0.45,-3.34,11.0,4.57,10.0,0.4,0.6,0.5,-5.24,2.3,6.22,0.91,11.0,5.59,10.0,0.4,0.6,0.5,1010.27,1018.5,1021.81,1016.33,7.0,5.59,8.0,0.4,0.7,0.4,5.5,7.0,8.0,6.6,12.0,1.7,12.0,0.3,0.7,0.5,-67.3,-19.2,1.7,-30.6,11.0,40.8,10.0,0.4,0.6,0.5,-41.4,8.5,55.8,9.2,11.0,49.5,10.0,0.4,0.6,0.5,-1.31,0.6,2.46,0.58,4.0,2.54,6.0,0.5,0.6,0.4,-10.5,3.7,12.2,1.0,4.0,15.6,6.0,0.5,0.6,0.4,2.7,3.41,4.81,3.74,4.0,1.34,6.0,0.5,0.6,0.4,19.0,23.2,33.9,26.3,4.0,10.7,6.0,0.5,0.6,0.4,-109.3,-50.1,-37.9,-72.5,4.0,59.6,6.0,0.5,0.6,0.4,-130.8,-87.4,-62.3,-96.2,4.0,50.6,6.0,0.5,0.6,0.4,-53.5,-27.2,-20.6,-36.6,4.0,27.8,6.0,0.5,0.6,0.4,-65.8,-46.0,-33.2,-49.3,4.0,24.8,6.0,0.5,0.6,0.4,-28.1,-14.0,-6.0,-16.9,4.0,14.3,6.0,0.5,0.6,0.4,-20.8,-18.5,-15.6,-18.2,4.0,3.0,6.0,0.5,0.6,0.4,83.5,343.0,1000.0,520.0,11.0,423.0,10.0,0.4,0.6,0.5,85.0,345.0,1000.0,520.0,11.0,425.0,10.0,0.4,0.6,0.5
1974,2,238.0,27.0,,,,,,,,,,,,,,,,,,,,,,,,,,,,,,,,,,,,,,,,3.97,6.5,11.41,7.0,6.0,4.6,6.0,0.5,0.5,0.4,-6.9,-2.25,4.51,-1.65,6.0,5.71,6.0,0.5,0.5,0.4,-7.94,-4.18,-1.98,-4.87,6.0,3.97,6.0,0.5,0.5,0.4,1010.99,1013.2,1017.56,1014.23,4.0,4.2,12.0,0.8,0.5,0.5,4.9,7.0,8.0,6.4,7.0,1.9,10.0,0.3,0.6,0.4,-86.2,-15.7,23.6,-26.0,6.0,53.1,6.0,0.5,0.5,0.4,-91.9,-27.8,-9.9,-48.7,6.0,55.0,6.0,0.5,0.5,0.4,,,,,,,,,,,,,,,,,,,,,,,,,,,,,,,,,,,,,,,,,0.0,0.0,0.0,0.0,1.0,0.0,26.0,1.0,0.9,0.9,0.0,0.0,0.0,0.0,1.0,0.0,26.0,1.0,0.9,0.9,0.0,0.0,0.0,0.0,1.0,0.0,26.0,1.0,0.9,0.9,0.0,0.0,0.0,0.0,1.0,0.0,26.0,1.0,0.9,0.9,,,,,,,,,,,,,,,,,,,,,,,,,,,,,,,,,,,,,,,,
1974,2,238.0,28.0,16.7,16.7,17.07,16.86,5.0,0.23,10.0,1.0,0.6,0.7,14.11,15.5,17.1,15.48,6.0,1.69,12.0,1.0,0.7,0.8,7.31,8.41,9.51,8.3,6.0,1.31,12.0,1.0,0.7,0.8,71.6,77.4,80.4,76.1,6.0,4.9,12.0,1.0,0.8,4.52,7.45,10.9,7.12,6.0,4.17,12.0,1.0,0.7,0.8,-3.73,-0.97,0.22,-1.41,6.0,2.08,12.0,1.0,0.7,0.8,-10.25,-7.4,-4.25,-6.82,6.0,3.95,12.0,1.0,0.7,0.8,1019.76,1021.65,1023.29,1021.63,6.0,1.75,12.0,1.0,0.7,0.8,3.8,5.5,7.0,5.3,6.0,1.6,12.0,1.0,0.7,0.8,-40.7,-5.6,1.4,-14.7,6.0,21.8,12.0,1.0,0.7,0.8,-111.7,-56.8,-24.2,-62.3,6.0,47.4,12.0,1.0,0.7,0.8,0.34,1.7,2.99,1.68,5.0,1.83,10.0,1.0,0.6,0.7,3.9,18.4,26.0,14.9,5.0,13.0,10.0,1.0,0.6,0.7,2.71,3.85,4.72,3.79,5.0,1.34,10.0,1.0,0.6,0.7,21.1,35.9,43.8,32.5,5.0,13.3,10.0,1.0,0.6,0.7,-55.5,-17.1,2.9,-21.9,6.0,30.5,12.0,1.0,0.7,0.8,-152.4,-116.5,-63.0,-102.9,6.0,59.1,12.0,1.0,0.7,0.8,-28.5,-9.2,1.4,-11.7,6.0,16.0,12.0,1.0,0.7,0.8,-79.1,-63.8,-30.3,-54.5,6.0,32.1,12.0,1.0,0.7,0.8,-15.0,-4.4,2.3,-5.6,5.0,9.4,10.0,1.0,0.6,0.7,-41.2,-35.4,-20.8,-31.2,5.0,12.4,10.0,1.0,0.6,0.7,147.0,448.5,1297.5,631.0,6.0,601.0,12.0,1.0,0.7,0.8,145.0,450.0,1300.0,630.0,6.0,600.0,12.0,1.0,0.7,0.8
1974,2,238.0,29.0,16.58,17.2,17.8,17.13,6.0,0.66,4.0,0.3,0.7,0.2,13.5,14.8,16.72,15.07,6.0,1.75,4.0,0.3,0.7,0.2,7.46,8.45,9.43,8.43,6.0,1.11,4.0,0.3,0.7,0.2,78.5,79.6,80.6,79.5,6.0,2.6,4.0,0.3,0.2,7.7,9.3,11.3,9.43,6.0,1.61,4.0,0.3,0.7,0.2,-1.39,0.0,0.33,-0.22,6.0,1.16,4.0,0.3,0.7,0.2,-11.3,-9.16,-7.68,-9.37,6.0,1.64,4.0,0.3,0.7,0.2,1017.68,1020.9,1021.6,1020.05,6.0,1.89,4.0,0.3,0.7,0.2,2.0,2.5,6.2,3.7,6.0,2.3,4.0,0.3,0.7,0.2,-11.3,0.0,3.1,-1.7,6.0,10.4,4.0,0.3,0.7,0.2,-127.7,-85.2,-59.1,-90.6,6.0,31.1,4.0,0.3,0.7,0.2,0.48,1.6,4.3,2.07,6.0,1.94,4.0,0.3,0.7,0.2,3.7,14.9,48.6,21.9,6.0,22.2,4.0,0.3,0.7,0.2,2.48,3.47,4.98,3.63,6.0,1.23,4.0,0.3,0.7,0.2,19.1,32.3,56.2,35.8,6.0,17.5,4.0,0.3,0.7,0.2,-22.6,0.0,4.5,-4.4,6.0,17.6,4.0,0.3,0.7,0.2,-152.5,-142.2,-123.3,-139.2,6.0,14.8,4.0,0.3,0.7,0.2,-13.1,0.0,2.4,-2.7,6.0,9.7,4.0,0.3,0.7,0.2,-85.4,-79.6,-70.0,-77.8,6.0,8.8,4.0,0.3,0.7,0.2,-3.4,0.0,1.4,-0.2,6.0,3.9,4.0,0.3,0.7,0.2,-56.2,-31.8,-19.0,-35.6,6.0,17.6,4.0,0.3,0.7,0.2,456.5,804.5,1443.0,901.5,6.0,447.5,4.0,0.3,0.7,0.2,455.0,805.0,1445.0,900.0,6.0,445.0,4.0,0.3,0.7,0.2
1974,2,238.0,30.0,,,,,,,,,,,,,,,,,,,,,,,,,,,,,,,,,,,,,,,,7.45,8.0,8.14,7.8,3.0,0.53,16.0,0.0,0.8,0.4,1.4,1.42,2.13,1.76,3.0,0.61,16.0,0.0,0.8,0.4,-8.01,-7.88,-7.12,-7.57,3.0,0.71,16.0,0.0,0.8,0.4,1025.17,1026.4,1026.81,1026.0,3.0,1.25,16.0,0.0,0.8,0.4,,,,,,,,,,,,,,,,,,,,,,,,,,,,,,,,,,,,,,,,,,,,,,,,,,,,,,,,,,,,,,,,,,,,,,,,,,,,,,,,,,,,,,,,,,,,,,,,,,,,,,,,,,,,,,,,,,,,,,,,,,,,,,,,,,,,,,,,,,,,,,,,,,,,,,
1974,2,238.0,31.0,12.2,13.3,13.9,13.33,13.0,0.96,16.0,0.5,0.6,0.7,11.6,11.9,12.19,11.81,14.0,0.7,14.0,0.5,0.6,0.7,6.34,6.72,7.19,6.75,12.0,0.4,14.0,0.4,0.6,0.7,73.9,78.7,85.6,79.4,12.0,5.8,14.0,0.4,0.7,6.25,8.2,9.3,8.25,14.0,1.73,14.0,0.5,0.6,0.7,2.4,3.04,4.09,3.31,14.0,2.12,14.0,0.5,0.6,0.7,-8.67,-7.47,-6.14,-7.35,14.0,1.36,14.0,0.5,0.6,0.7,1021.3,1022.0,1023.94,1022.77,14.0,2.02,14.0,0.5,0.6,0.7,1.1,3.5,6.0,3.6,14.0,2.2,14.0,0.5,0.6,0.7,16.8,23.9,36.1,29.5,14.0,27.3,14.0,0.5,0.6,0.7,-80.9,-60.7,-38.4,-62.3,14.0,22.2,14.0,0.5,0.6,0.7,0.0,1.8,2.26,1.52,13.0,1.17,16.0,0.5,0.6,0.7,0.0,14.8,19.8,12.8,13.0,9.8,16.0,0.5,0.6,0.7,1.92,2.98,3.39,2.76,11.0,0.74,16.0,0.4,0.6,0.7,16.1,24.5,30.5,24.2,11.0,8.8,16.0,0.4,0.6,0.7,27.8,34.9,46.9,38.8,14.0,25.0,14.0,0.5,0.6,0.7,-97.4,-89.6,-71.3,-86.9,14.0,17.7,14.0,0.5,0.6,0.7,15.9,21.6,29.1,22.8,12.0,13.9,14.0,0.4,0.6,0.7,-61.7,-51.4,-41.9,-50.2,12.0,9.2,14.0,0.4,0.6,0.7,5.5,9.2,12.5,10.2,11.0,7.9,16.0,0.4,0.6,0.7,-26.9,-23.0,-14.7,-21.3,11.0,6.6,16.0,0.4,0.6,0.7,245.0,551.5,804.5,633.5,14.0,433.5,14.0,0.5,0.6,0.7,245.0,550.0,805.0,635.0,14.0,435.0,14.0,0.5,0.6,0.7
1974,2,238.0,32.0,11.68,12.5,13.51,12.56,11.0,0.91,16.0,0.5,0.6,0.5,11.0,12.4,13.51,12.11,11.0,1.29,16.0,0.5,0.5,0.6,6.22,6.73,8.3,7.05,7.0,0.98,20.0,0.7,0.7,0.6,72.7,77.3,85.4,78.9,7.0,8.6,20.0,0.7,0.6,4.47,10.3,14.0,10.16,9.0,5.26,16.0,0.4,0.6,0.6,0.0,0.0,3.77,1.65,9.0,2.77,16.0,0.4,0.6,0.6,-13.94,-8.7,-1.2,-7.42,9.0,8.42,16.0,0.4,0.6,0.6,1019.59,1020.6,1025.58,1021.92,11.0,2.82,16.0,0.5,0.5,0.6,1.6,3.0,7.0,4.0,11.0,2.8,16.0,0.5,0.5,0.6,0.0,0.0,41.7,21.2,9.0,46.1,16.0,0.4,0.6,0.6,-195.6,-75.7,-3.6,-100.3,9.0,133.1,16.0,0.4,0.6,0.6,-0.84,0.75,1.8,0.65,10.0,1.65,16.0,0.4,0.6,0.5,-8.7,5.4,16.4,5.7,9.0,21.9,16.0,0.4,0.6,0.6,0.57,1.77,3.26,1.91,6.0,1.37,20.0,0.7,0.7,0.6,4.8,21.2,56.1,27.8,6.0,24.6,20.0,0.7,0.7,0.6,0.0,0.0,43.4,19.7,9.0,35.0,16.0,0.4,0.6,0.6,-163.0,-114.0,-13.3,-90.2,9.0,104.6,16.0,0.4,0.6,0.6,-3.1,12.0,32.9,14.0,6.0,22.5,20.0,0.7,0.7,0.6,-93.0,-76.3,-35.6,-57.5,6.0,71.4,20.0,0.7,0.7,0.6,-0.7,0.6,10.7,4.5,6.0,8.8,20.0,0.7,0.7,0.6,-55.3,-20.3,-3.4,-25.7,6.0,25.1,20.0,0.7,0.7,0.6,170.5,1092.5,2759.5,1816.5,9.0,2313.5,16.0,0.4,0.6,0.6,170.0,1095.0,2760.0,1815.0,9.0,2315.0,16.0,0.4,0.6,0.6
1974,2,238.0,33.0,11.44,12.3,13.84,12.57,15.0,1.24,14.0,0.5,0.5,0.6,11.25,11.8,12.48,12.16,17.0,1.52,14.0,0.6,0.5,0.6,6.63,7.05,8.13,7.32,15.0,0.97,14.0,0.7,0.5,0.6,77.1,81.4,92.1,83.0,15.0,8.9,14.0,0.7,0.6,4.59,7.7,11.26,7.85,17.0,3.45,14.0,0.6,0.5,0.6,0.0,2.0,5.06,2.13,17.0,3.31,14.0,0.6,0.5,0.6,-10.99,-5.9,-1.04,-5.45,17.0,5.48,14.0,0.6,0.5,0.6,1018.57,1020.7,1025.47,1021.41,17.0,3.95,14.0,0.6,0.5,0.6,0.5,3.0,7.0,3.8,17.0,2.8,14.0,0.6,0.5,0.6,0.0,13.0,49.5,19.0,17.0,30.3,14.0,0.6,0.5,0.6,-123.3,-45.4,-3.6,-55.7,17.0,62.6,14.0,0.6,0.5,0.6,-0.28,0.1,1.16,0.35,15.0,1.16,14.0,0.5,0.5,0.6,-2.8,1.2,4.9,0.7,15.0,9.1,14.0,0.5,0.5,0.6,0.62,2.21,2.44,1.75,13.0,0.88,14.0,0.6,0.5,0.6,6.1,14.3,24.1,13.7,13.0,9.2,14.0,0.6,0.5,0.6,0.0,24.5,60.3,25.9,17.0,42.1,14.0,0.6,0.5,0.6,-135.7,-72.0,-13.2,-67.3,17.0,68.4,14.0,0.6,0.5,0.6,0.0,14.3,32.1,13.1,15.0,25.9,14.0,0.7,0.5,0.6,-82.3,-44.3,-1.0,-40.7,15.0,43.1,14.0,0.7,0.5,0.6,0.0,4.3,10.6,4.1,13.0,7.8,14.0,0.6,0.5,0.6,-16.3,-8.9,0.1,-9.4,13.0,10.6,14.0,0.6,0.5,0.6,101.0,456.5,1436.5,741.5,17.0,720.0,14.0,0.6,0.5,0.6,100.0,455.0,1435.0,740.0,17.0,720.0,14.0,0.6,0.5,0.6
1974,2,238.0,34.0,10.46,11.8,12.93,11.87,32.0,1.33,14.0,0.5,0.7,0.6,11.06,11.85,13.04,12.04,36.0,1.27,14.0,0.5,0.7,0.6,6.13,6.98,7.75,6.93,26.0,0.88,16.0,0.3,0.6,0.5,70.0,79.5,91.1,79.8,26.0,9.8,16.0,0.3,0.5,3.22,6.7,11.8,7.31,34.0,4.04,14.0,0.5,0.7,0.6,0.32,2.86,5.31,2.82,34.0,2.88,14.0,0.5,0.7,0.6,-10.41,-5.27,-1.48,-5.22,34.0,5.18,14.0,0.5,0.7,0.6,1019.94,1021.4,1025.18,1022.1,35.0,2.55,14.0,0.5,0.7,0.6,1.0,4.0,7.0,4.1,34.0,3.0,14.0,0.5,0.7,0.6,1.0,16.2,47.9,24.6,34.0,30.3,14.0,0.5,0.7,0.6,-122.2,-38.5,-5.3,-53.5,34.0,71.0,14.0,0.5,0.7,0.6,-1.76,-0.1,1.05,-0.2,32.0,1.9,14.0,0.5,0.7,0.6,-18.5,-0.8,7.9,-2.7,30.0,16.3,16.0,0.5,0.7,0.5,0.59,1.3,2.68,1.75,24.0,1.23,16.0,0.4,0.6,0.5,4.1,10.7,29.4,14.6,22.0,12.0,16.0,0.4,0.6,0.5,4.1,32.3,61.7,32.2,34.0,33.8,14.0,0.5,0.7,0.6,-127.2,-60.4,-18.5,-63.7,34.0,62.2,14.0,0.5,0.7,0.6,6.0,17.1,39.0,20.5,24.0,21.6,16.0,0.4,0.6,0.5,-71.3,-41.1,-8.4,-39.6,24.0,38.8,16.0,0.4,0.6,0.5,0.2,4.8,14.3,6.5,22.0,8.2,16.0,0.4,0.6,0.5,-26.0,-6.5,-0.9,-10.0,22.0,12.3,16.0,0.4,0.6,0.5,34.0,301.0,1643.0,763.5,34.0,1037.0,14.0,0.5,0.7,0.6,35.0,300.0,1645.0,765.0,34.0,1035.0,14.0,0.5,0.7,0.6
1974,2,238.0,35.0,11.0,11.7,12.98,11.71,33.0,1.1,14.0,0.6,0.4,0.4,11.0,11.8,13.88,12.31,35.0,1.79,14.0,0.6,0.4,0.4,5.99,6.82,7.9,6.86,30.0,1.05,14.0,0.6,0.4,0.4,68.3,77.6,89.3,77.6,30.0,11.4,14.0,0.6,0.4,3.1,6.2,10.3,6.81,35.0,3.8,14.0,0.6,0.4,0.4,0.43,3.28,7.08,3.36,35.0,3.62,14.0,0.6,0.4,0.4,-8.82,-3.91,0.0,-3.97,35.0,4.61,14.0,0.6,0.4,0.4,1021.08,1023.0,1025.8,1023.05,35.0,2.64,14.0,0.6,0.4,0.4,0.0,2.5,6.8,3.0,34.0,2.8,14.0,0.6,0.4,0.4,1.6,16.7,78.7,29.5,35.0,46.9,14.0,0.6,0.4,0.4,-85.2,-19.9,0.0,-38.0,35.0,59.9,14.0,0.6,0.4,0.4,-2.45,-0.4,1.59,-0.56,33.0,2.47,14.0,0.6,0.4,0.4,-17.2,-2.5,10.7,-2.3,33.0,13.2,14.0,0.6,0.4,0.4,0.44,1.82,2.81,1.62,30.0,1.39,14.0,0.6,0.4,0.4,2.0,9.0,21.5,12.0,30.0,11.9,14.0,0.6,0.4,0.4,5.8,39.2,75.6,40.5,35.0,43.8,14.0,0.6,0.4,0.4,-104.5,-47.5,0.0,-47.2,35.0,53.6,14.0,0.6,0.4,0.4,4.8,21.5,48.5,21.5,30.0,26.1,14.0,0.6,0.4,0.4,-44.5,-27.2,0.0,-22.4,30.0,28.9,14.0,0.6,0.4,0.4,0.8,4.5,12.3,6.2,30.0,5.7,14.0,0.6,0.4,0.4,-17.4,-6.0,0.2,-8.9,30.0,11.7,14.0,0.6,0.4,0.4,30.0,238.5,1092.5,648.5,35.0,1055.0,14.0,0.6,0.4,0.4,30.0,240.0,1095.0,650.0,35.0,1055.0,14.0,0.6,0.4,0.4
1974,2,238.0,36.0,12.03,12.3,13.24,12.62,5.0,0.84,12.0,0.2,0.3,0.1,10.92,11.2,12.18,11.48,5.0,0.76,12.0,0.2,0.3,0.1,6.07,6.59,7.12,6.6,3.0,0.77,18.0,0.0,0.4,0.1,76.4,81.2,82.5,79.5,3.0,4.7,18.0,0.0,0.1,3.58,6.4,9.28,6.43,4.0,3.32,14.0,0.0,0.3,0.1,2.02,2.7,4.53,3.25,4.0,1.68,14.0,0.0,0.3,0.1,-8.0,-5.11,-2.93,-5.45,4.0,3.09,14.0,0.0,0.3,0.1,1020.12,1024.0,1028.48,1024.24,5.0,4.66,12.0,0.2,0.3,0.1,0.0,1.0,2.4,1.2,5.0,1.3,12.0,0.2,0.3,0.1,7.2,20.6,41.1,24.0,4.0,20.4,14.0,0.0,0.3,0.1,-74.9,-36.3,-10.8,-42.5,4.0,38.9,14.0,0.0,0.3,0.1,0.48,1.5,1.7,1.14,5.0,0.71,12.0,0.2,0.3,0.1,3.7,9.7,15.8,9.7,4.0,7.0,14.0,0.0,0.3,0.1,2.46,2.5,2.83,2.64,3.0,0.3,18.0,0.0,0.4,0.1,12.9,24.5,25.5,19.3,3.0,10.2,18.0,0.0,0.4,0.1,23.9,31.1,48.8,36.1,4.0,16.7,14.0,0.0,0.3,0.1,-87.2,-55.2,-34.5,-60.6,4.0,32.8,14.0,0.0,0.3,0.1,17.0,22.1,29.3,23.1,3.0,9.0,18.0,0.0,0.4,0.1,-53.8,-38.9,-24.3,-39.0,3.0,21.6,18.0,0.0,0.4,0.1,6.0,8.4,14.0,10.0,3.0,6.1,18.0,0.0,0.4,0.1,-22.0,-19.9,-10.3,-16.2,3.0,9.2,18.0,0.0,0.4,0.1,48.5,363.5,806.5,424.5,4.0,448.5,14.0,0.0,0.3,0.1,50.0,365.0,805.0,425.0,4.0,450.0,14.0,0.0,0.3,0.1
1974,2,239.0,-40.0,18.5,18.5,18.5,18.5,1.0,0.0,28.0,0.0,0.3,0.8,18.0,18.0,18.0,18.0,1.0,0.0,28.0,0.0,0.3,0.8,10.22,10.22,10.22,10.22,1.0,0.0,28.0,0.0,0.3,0.8,81.0,81.0,81.0,81.0,1.0,0.0,28.0,0.0,0.8,4.1,4.1,4.1,4.1,1.0,0.0,28.0,0.0,0.3,0.8,-3.85,-3.85,-3.85,-3.85,1.0,0.0,28.0,0.0,0.3,0.8,-1.4,-1.4,-1.4,-1.4,1.0,0.0,28.0,0.0,0.3,0.8,1028.0,1028.0,1028.0,1028.0,1.0,0.0,28.0,0.0,0.3,0.8,7.0,7.0,7.0,7.0,1.0,0.0,28.0,0.0,0.3,0.8,-15.8,-15.8,-15.8,-15.8,1.0,0.0,28.0,0.0,0.3,0.8,-5.7,-5.7,-5.7,-5.7,1.0,0.0,28.0,0.0,0.3,0.8,0.5,0.5,0.5,0.5,1.0,0.0,28.0,0.0,0.3,0.8,2.1,2.1,2.1,2.1,1.0,0.0,28.0,0.0,0.3,0.8,2.82,2.82,2.82,2.82,1.0,0.0,28.0,0.0,0.3,0.8,11.6,11.6,11.6,11.6,1.0,0.0,28.0,0.0,0.3,0.8,-69.3,-69.3,-69.3,-69.3,1.0,0.0,28.0,0.0,0.3,0.8,-25.2,-25.2,-25.2,-25.2,1.0,0.0,28.0,0.0,0.3,0.8,-39.4,-39.4,-39.4,-39.4,1.0,0.0,28.0,0.0,0.3,0.8,-14.3,-14.3,-14.3,-14.3,1.0,0.0,28.0,0.0,0.3,0.8,-10.9,-10.9,-10.9,-10.9,1.0,0.0,28.0,0.0,0.3,0.8,-4.0,-4.0,-4.0,-4.0,1.0,0.0,28.0,0.0,0.3,0.8,69.0,69.0,69.0,69.0,1.0,0.0,28.0,0.0,0.3,0.8,70.0,70.0,70.0,70.0,1.0,0.0,28.0,0.0,0.3,0.8
1974,2,239.0,-31.0,25.1,25.1,25.1,25.1,1.0,0.0,24.0,0.0,0.5,0.6,24.49,25.1,25.71,25.1,2.0,1.27,24.0,0.5,0.6,0.6,13.92,13.92,13.92,13.92,1.0,0.0,24.0,0.0,0.5,0.6,74.6,74.6,74.6,74.6,1.0,0.0,24.0,0.0,0.6,3.68,3.85,4.02,3.85,2.0,0.35,24.0,0.5,0.6,0.6,2.65,2.7,2.74,2.7,2.0,0.09,24.0,0.5,0.6,0.6,-3.01,-2.73,-2.45,-2.73,2.0,0.58,24.0,0.5,0.6,0.6,1019.52,1020.2,1020.88,1020.2,2.0,1.41,24.0,0.5,0.6,0.6,1.0,1.0,1.0,1.0,2.0,0.0,24.0,0.5,0.6,0.6,10.1,10.4,10.7,10.4,2.0,0.6,24.0,0.5,0.6,0.6,-12.2,-10.6,-9.1,-10.6,2.0,3.2,24.0,0.5,0.6,0.6,0.9,0.9,0.9,0.9,1.0,0.0,24.0,0.0,0.5,0.6,3.2,3.2,3.2,3.2,1.0,0.0,24.0,0.0,0.5,0.6,5.85,5.85,5.85,5.85,1.0,0.0,24.0,0.0,0.5,0.6,21.1,21.1,21.1,21.1,1.0,0.0,24.0,0.0,0.5,0.6,67.0,67.6,68.2,67.6,2.0,1.3,24.0,0.5,0.6,0.6,-77.6,-68.8,-60.1,-68.8,2.0,18.1,24.0,0.5,0.6,0.6,38.4,38.4,38.4,38.4,1.0,0.0,24.0,0.0,0.5,0.6,-32.2,-32.2,-32.2,-32.2,1.0,0.0,24.0,0.0,0.5,0.6,16.1,16.1,16.1,16.1,1.0,0.0,24.0,0.0,0.5,0.6,-13.5,-13.5,-13.5,-13.5,1.0,0.0,24.0,0.0,0.5,0.6,50.0,58.0,65.5,58.0,2.0,15.5,24.0,0.5,0.6,0.6,50.0,60.0,65.0,60.0,2.0,15.0,24.0,0.5,0.6,0.6
1974,2,239.0,-25.0,24.8,24.8,24.8,24.8,1.0,0.0,22.0,0.0,0.9,0.5,24.2,24.2,24.2,24.2,1.0,0.0,22.0,0.0,0.9,0.5,13.9,13.9,13.9,13.9,1.0,0.0,22.0,0.0,0.9,0.5,74.6,74.6,74.6,74.6,1.0,0.0,22.0,0.0,0.5,7.7,7.7,7.7,7.7,1.0,0.0,22.0,0.0,0.9,0.5,-7.24,-7.24,-7.24,-7.24,1.0,0.0,22.0,0.0,0.9,0.5,-2.63,-2.63,-2.63,-2.63,1.0,0.0,22.0,0.0,0.9,0.5,1020.4,1020.4,1020.4,1020.4,1.0,0.0,22.0,0.0,0.9,0.5,3.0,3.0,3.0,3.0,1.0,0.0,22.0,0.0,0.9,0.5,-55.7,-55.7,-55.7,-55.7,1.0,0.0,22.0,0.0,0.9,0.5,-20.3,-20.3,-20.3,-20.3,1.0,0.0,22.0,0.0,0.9,0.5,0.6,0.6,0.6,0.6,1.0,0.0,22.0,0.0,0.9,0.5,4.6,4.6,4.6,4.6,1.0,0.0,22.0,0.0,0.9,0.5,5.49,5.49,5.49,5.49,1.0,0.0,22.0,0.0,0.9,0.5,42.3,42.3,42.3,42.3,1.0,0.0,22.0,0.0,0.9,0.5,-175.1,-175.1,-175.1,-175.1,1.0,0.0,22.0,0.0,0.9,0.5,-63.7,-63.7,-63.7,-63.7,1.0,0.0,22.0,0.0,0.9,0.5,-100.6,-100.6,-100.6,-100.6,1.0,0.0,22.0,0.0,0.9,0.5,-36.6,-36.6,-36.6,-36.6,1.0,0.0,22.0,0.0,0.9,0.5,-39.7,-39.7,-39.7,-39.7,1.0,0.0,22.0,0.0,0.9,0.5,-14.5,-14.5,-14.5,-14.5,1.0,0.0,22.0,0.0,0.9,0.5,456.5,456.5,456.5,456.5,1.0,0.0,22.0,0.0,0.9,0.5,455.0,455.0,455.0,455.0,1.0,0.0,22.0,0.0,0.9,0.5
1974,2,239.0,-24.0,24.0,24.0,24.0,24.0,1.0,0.0,26.0,0.0,0.6,0.9,24.02,24.05,24.08,24.05,2.0,0.07,22.0,0.0,0.6,0.6,17.1,17.1,17.1,17.1,1.0,0.0,20.0,0.0,0.6,0.4,91.9,91.9,91.9,91.9,1.0,0.0,20.0,0.0,0.4,8.07,8.85,9.63,8.85,2.0,1.63,22.0,0.0,0.6,0.6,-8.49,-8.12,-7.75,-8.12,2.0,0.76,22.0,0.0,0.6,0.6,-0.33,1.83,3.99,1.83,2.0,4.48,22.0,0.0,0.6,0.6,1018.93,1020.5,1022.07,1020.5,2.0,3.25,22.0,0.0,0.6,0.6,2.0,2.0,2.0,2.0,2.0,0.0,22.0,0.0,0.6,0.6,-82.1,-72.5,-62.9,-72.5,2.0,19.9,22.0,0.0,0.6,0.6,-0.7,19.9,40.4,19.9,2.0,42.6,22.0,0.0,0.6,0.6,,,,,,,,,,,,,,,,,,,,,,,,,,,,,,,,,,,,,,,,,-203.9,-195.3,-186.7,-195.3,2.0,17.7,22.0,0.0,0.6,0.6,-8.1,43.9,95.8,43.9,2.0,107.6,22.0,0.0,0.6,0.6,-129.7,-129.7,-129.7,-129.7,1.0,0.0,20.0,0.0,0.6,0.4,-22.9,-22.9,-22.9,-22.9,1.0,0.0,20.0,0.0,0.6,0.4,,,,,,,,,,,,,,,,,,,,,,,,,,,,,,,,,,,,,,,,
1974,2,239.0,-23.0,26.0,26.0,26.0,26.0,1.0,0.0,2.0,1.0,0.5,0.7,26.5,26.5,26.5,26.5,1.0,0.0,2.0,1.0,0.5,0.7,16.35,16.35,16.35,16.35,1.0,0.0,2.0,1.0,0.5,0.7,76.3,76.3,76.3,76.3,1.0,0.0,2.0,1.0,0.7,9.3,9.3,9.3,9.3,1.0,0.0,2.0,1.0,0.5,0.7,-8.74,-8.74,-8.74,-8.74,1.0,0.0,2.0,1.0,0.5,0.7,3.18,3.18,3.18,3.18,1.0,0.0,2.0,1.0,0.5,0.7,1020.3,1020.3,1020.3,1020.3,1.0,0.0,2.0,1.0,0.5,0.7,5.0,5.0,5.0,5.0,1.0,0.0,2.0,1.0,0.5,0.7,-81.3,-81.3,-81.3,-81.3,1.0,0.0,2.0,1.0,0.5,0.7,29.6,29.6,29.6,29.6,1.0,0.0,2.0,1.0,0.5,0.7,-0.5,-0.5,-0.5,-0.5,1.0,0.0,2.0,1.0,0.5,0.7,-4.6,-4.6,-4.6,-4.6,1.0,0.0,2.0,1.0,0.5,0.7,4.5,4.5,4.5,4.5,1.0,0.0,2.0,1.0,0.5,0.7,41.9,41.9,41.9,41.9,1.0,0.0,2.0,1.0,0.5,0.7,-231.6,-231.6,-231.6,-231.6,1.0,0.0,2.0,1.0,0.5,0.7,84.3,84.3,84.3,84.3,1.0,0.0,2.0,1.0,0.5,0.7,-142.9,-142.9,-142.9,-142.9,1.0,0.0,2.0,1.0,0.5,0.7,52.0,52.0,52.0,52.0,1.0,0.0,2.0,1.0,0.5,0.7,-39.4,-39.4,-39.4,-39.4,1.0,0.0,2.0,1.0,0.5,0.7,14.3,14.3,14.3,14.3,1.0,0.0,2.0,1.0,0.5,0.7,804.5,804.5,804.5,804.5,1.0,0.0,2.0,1.0,0.5,0.7,805.0,805.0,805.0,805.0,1.0,0.0,2.0,1.0,0.5,0.7
1974,2,239.0,-22.0,25.6,26.9,28.2,26.9,2.0,2.69,4.0,0.5,0.4,0.9,23.63,25.0,25.75,24.7,3.0,1.57,12.0,0.3,0.6,0.8,13.92,14.66,15.4,14.66,2.0,1.53,4.0,0.5,0.4,0.9,70.3,72.3,74.4,72.3,2.0,4.2,4.0,0.5,0.9,4.27,5.7,6.72,5.5,3.0,1.81,12.0,0.3,0.6,0.8,-6.48,-4.94,-3.15,-4.82,3.0,2.45,12.0,0.3,0.6,0.8,0.88,2.76,2.82,1.87,3.0,1.62,12.0,0.3,0.6,0.8,1018.38,1019.2,1020.43,1019.4,3.0,1.51,12.0,0.3,0.6,0.8,3.6,7.0,7.7,5.7,3.0,3.2,12.0,0.3,0.6,0.8,-44.3,-28.1,-14.6,-29.4,3.0,21.8,12.0,0.3,0.6,0.8,3.2,9.9,14.2,8.7,3.0,8.2,12.0,0.3,0.6,0.8,0.43,1.35,2.27,1.35,2.0,1.91,4.0,0.5,0.4,0.9,1.5,4.9,8.2,4.9,2.0,6.9,4.0,0.5,0.4,0.9,6.52,7.47,8.43,7.47,2.0,1.97,4.0,0.5,0.4,0.9,32.4,33.3,34.2,33.3,2.0,1.9,4.0,0.5,0.4,0.9,-152.2,-123.4,-80.4,-116.5,3.0,52.9,12.0,0.3,0.6,0.8,22.6,71.3,71.7,47.7,3.0,41.3,12.0,0.3,0.6,0.8,-62.2,-51.7,-41.3,-51.7,2.0,21.6,4.0,0.5,0.4,0.9,39.4,41.1,42.7,41.1,2.0,3.3,4.0,0.5,0.4,0.9,-28.5,-25.3,-22.0,-25.3,2.0,6.7,4.0,0.5,0.4,0.9,18.5,20.9,23.3,20.9,2.0,5.0,4.0,0.5,0.4,0.9,90.5,185.0,313.5,201.5,3.0,164.0,12.0,0.3,0.6,0.8,90.0,185.0,315.0,200.0,3.0,165.0,12.0,0.3,0.6,0.8
1974,2,239.0,-21.0,25.61,26.05,26.49,26.05,2.0,0.92,22.0,0.0,0.8,0.4,23.53,23.8,24.07,23.8,2.0,0.57,22.0,0.0,0.8,0.4,13.13,13.21,13.29,13.21,2.0,0.17,22.0,0.0,0.8,0.4,71.7,72.4,73.2,72.4,2.0,1.5,22.0,0.0,0.4,8.28,8.45,8.62,8.45,2.0,0.35,22.0,0.0,0.8,0.4,-8.6,-8.39,-8.17,-8.39,2.0,0.44,22.0,0.0,0.8,0.4,-1.2,-0.71,-0.23,-0.71,2.0,1.01,22.0,0.0,0.8,0.4,1017.66,1018.0,1018.34,1018.0,2.0,0.71,22.0,0.0,0.8,0.4,2.2,2.5,2.8,2.5,2.0,0.7,22.0,0.0,0.8,0.4,-74.2,-71.0,-67.7,-71.0,2.0,6.7,22.0,0.0,0.8,0.4,-9.8,-5.8,-1.9,-5.8,2.0,8.3,22.0,0.0,0.8,0.4,1.53,2.25,2.97,2.25,2.0,1.48,22.0,0.0,0.8,0.4,12.8,19.3,25.7,19.3,2.0,13.3,22.0,0.0,0.8,0.4,7.12,7.77,8.41,7.77,2.0,1.34,22.0,0.0,0.8,0.4,59.1,65.9,72.6,65.9,2.0,14.1,22.0,0.0,0.8,0.4,-202.3,-199.5,-196.7,-199.5,2.0,5.8,22.0,0.0,0.8,0.4,-29.0,-17.2,-5.5,-17.2,2.0,24.4,22.0,0.0,0.8,0.4,-112.9,-110.8,-108.6,-110.8,2.0,4.4,22.0,0.0,0.8,0.4,-16.0,-9.5,-3.0,-9.5,2.0,13.4,22.0,0.0,0.8,0.4,-72.5,-65.4,-58.4,-65.4,2.0,14.7,22.0,0.0,0.8,0.4,-8.2,-4.9,-1.5,-4.9,2.0,6.9,22.0,0.0,0.8,0.4,568.5,605.0,641.5,605.0,2.0,76.0,22.0,0.0,0.8,0.4,570.0,605.0,640.0,605.0,2.0,75.0,22.0,0.0,0.8,0.4
1974,2,239.0,-16.0,25.0,25.0,25.0,25.0,1.0,0.0,4.0,1.0,1.0,0.5,24.0,24.0,24.0,24.0,1.0,0.0,4.0,1.0,1.0,0.5,11.12,11.12,11.12,11.12,1.0,0.0,4.0,1.0,1.0,0.5,60.1,60.1,60.1,60.1,1.0,0.0,4.0,1.0,0.5,6.2,6.2,6.2,6.2,1.0,0.0,4.0,1.0,1.0,0.5,-5.37,-5.37,-5.37,-5.37,1.0,0.0,4.0,1.0,1.0,0.5,3.1,3.1,3.1,3.1,1.0,0.0,4.0,1.0,1.0,0.5,1015.0,1015.0,1015.0,1015.0,1.0,0.0,4.0,1.0,1.0,0.5,1.0,1.0,1.0,1.0,1.0,0.0,4.0,1.0,1.0,0.5,-33.3,-33.3,-33.3,-33.3,1.0,0.0,4.0,1.0,1.0,0.5,19.2,19.2,19.2,19.2,1.0,0.0,4.0,1.0,1.0,0.5,1.0,1.0,1.0,1.0,1.0,0.0,4.0,1.0,1.0,0.5,6.2,6.2,6.2,6.2,1.0,0.0,4.0,1.0,1.0,0.5,8.62,8.62,8.62,8.62,1.0,0.0,4.0,1.0,1.0,0.5,53.4,53.4,53.4,53.4,1.0,0.0,4.0,1.0,1.0,0.5,-128.9,-128.9,-128.9,-128.9,1.0,0.0,4.0,1.0,1.0,0.5,74.4,74.4,74.4,74.4,1.0,0.0,4.0,1.0,1.0,0.5,-59.7,-59.7,-59.7,-59.7,1.0,0.0,4.0,1.0,1.0,0.5,34.5,34.5,34.5,34.5,1.0,0.0,4.0,1.0,1.0,0.5,-46.3,-46.3,-46.3,-46.3,1.0,0.0,4.0,1.0,1.0,0.5,26.7,26.7,26.7,26.7,1.0,0.0,4.0,1.0,1.0,0.5,238.5,238.5,238.5,238.5,1.0,0.0,4.0,1.0,1.0,0.5,240.0,240.0,240.0,240.0,1.0,0.0,4.0,1.0,1.0,0.5
1974,2,239.0,-13.0,25.2,25.2,25.2,25.2,1.0,0.0,10.0,0.0,0.7,0.9,24.5,24.5,24.5,24.5,1.0,0.0,10.0,0.0,0.7,0.9,15.95,15.95,15.95,15.95,1.0,0.0,10.0,0.0,0.7,0.9,83.4,83.4,83.4,83.4,1.0,0.0,10.0,0.0,0.9,6.2,6.2,6.2,6.2,1.0,0.0,10.0,0.0,0.7,0.9,-6.11,-6.11,-6.11,-6.11,1.0,0.0,10.0,0.0,0.7,0.9,1.08,1.08,1.08,1.08,1.0,0.0,10.0,0.0,0.7,0.9,1013.9,1013.9,1013.9,1013.9,1.0,0.0,10.0,0.0,0.7,0.9,4.0,4.0,4.0,4.0,1.0,0.0,10.0,0.0,0.7,0.9,-37.9,-37.9,-37.9,-37.9,1.0,0.0,10.0,0.0,0.7,0.9,6.7,6.7,6.7,6.7,1.0,0.0,10.0,0.0,0.7,0.9,0.7,0.7,0.7,0.7,1.0,0.0,10.0,0.0,0.7,0.9,4.3,4.3,4.3,4.3,1.0,0.0,10.0,0.0,0.7,0.9,4.05,4.05,4.05,4.05,1.0,0.0,10.0,0.0,0.7,0.9,25.1,25.1,25.1,25.1,1.0,0.0,10.0,0.0,0.7,0.9,-149.6,-149.6,-149.6,-149.6,1.0,0.0,10.0,0.0,0.7,0.9,26.4,26.4,26.4,26.4,1.0,0.0,10.0,0.0,0.7,0.9,-97.4,-97.4,-97.4,-97.4,1.0,0.0,10.0,0.0,0.7,0.9,17.2,17.2,17.2,17.2,1.0,0.0,10.0,0.0,0.7,0.9,-24.7,-24.7,-24.7,-24.7,1.0,0.0,10.0,0.0,0.7,0.9,4.4,4.4,4.4,4.4,1.0,0.0,10.0,0.0,0.7,0.9,238.5,238.5,238.5,238.5,1.0,0.0,10.0,0.0,0.7,0.9,240.0,240.0,240.0,240.0,1.0,0.0,10.0,0.0,0.7,0.9
1974,2,239.0,-9.0,25.0,25.0,25.0,25.0,2.0,0.0,6.0,0.5,0.7,0.5,23.71,25.25,26.79,25.25,2.0,3.18,6.0,0.5,0.7,0.5,15.41,16.8,18.19,16.8,2.0,2.88,6.0,0.5,0.7,0.5,82.5,83.2,83.9,83.2,2.0,1.4,6.0,0.5,0.5,4.67,5.9,7.13,5.9,2.0,2.55,6.0,0.5,0.7,0.5,-6.74,-5.67,-4.6,-5.67,2.0,2.22,6.0,0.5,0.7,0.5,0.42,1.32,2.22,1.32,2.0,1.86,6.0,0.5,0.7,0.5,1010.96,1011.95,1012.94,1011.95,2.0,2.05,6.0,0.5,0.7,0.5,1.5,2.5,3.5,2.5,2.0,2.1,6.0,0.5,0.7,0.5,-49.5,-36.3,-23.0,-36.3,2.0,27.5,6.0,0.5,0.7,0.5,3.2,10.1,17.1,10.1,2.0,14.3,6.0,0.5,0.7,0.5,-1.79,-0.25,1.29,-0.25,2.0,3.18,6.0,0.5,0.7,0.5,-14.9,-5.5,3.8,-5.5,2.0,19.4,6.0,0.5,0.7,0.5,1.59,3.0,4.41,3.0,2.0,2.92,6.0,0.5,0.7,0.5,9.4,14.0,18.6,14.0,2.0,9.6,6.0,0.5,0.7,0.5,-182.4,-146.6,-110.9,-146.6,2.0,74.0,6.0,0.5,0.7,0.5,11.5,36.2,60.9,36.2,2.0,51.2,6.0,0.5,0.7,0.5,-124.2,-98.4,-72.5,-98.4,2.0,53.6,6.0,0.5,0.7,0.5,7.9,24.8,41.7,24.8,2.0,35.1,6.0,0.5,0.7,0.5,-18.5,-13.8,-9.0,-13.8,2.0,9.9,6.0,0.5,0.7,0.5,0.4,1.2,2.1,1.2,2.0,1.7,6.0,0.5,0.7,0.5,130.5,262.5,395.0,262.5,2.0,274.0,6.0,0.5,0.7,0.5,130.0,265.0,395.0,265.0,2.0,275.0,6.0,0.5,0.7,0.5
1974,2,239.0,-8.0,25.24,25.6,25.75,25.5,5.0,0.44,22.0,0.6,0.5,0.6,24.51,25.2,27.56,25.86,5.0,1.71,22.0,0.6,0.5,0.6,16.58,17.56,17.67,17.14,4.0,0.98,22.0,0.5,0.6,0.6,81.2,86.0,88.7,85.0,4.0,5.0,22.0,0.5,0.6,6.57,8.0,9.0,7.66,5.0,1.81,22.0,0.6,0.5,0.6,-8.66,-8.0,-5.52,-7.13,5.0,2.19,22.0,0.6,0.5,0.6,-1.08,0.0,3.36,0.79,5.0,2.73,22.0,0.6,0.5,0.6,1009.95,1011.0,1012.86,1011.4,5.0,1.74,22.0,0.6,0.5,0.6,3.3,6.0,6.7,5.2,5.0,2.3,22.0,0.6,0.5,0.6,-77.9,-64.0,-38.5,-57.7,5.0,25.9,22.0,0.6,0.5,0.6,-5.0,0.0,28.4,8.7,5.0,19.0,22.0,0.6,0.5,0.6,-1.81,0.3,0.8,-0.36,5.0,1.38,22.0,0.6,0.5,0.6,-11.4,2.7,6.2,-1.8,5.0,9.8,22.0,0.6,0.5,0.6,2.83,2.94,3.46,3.13,4.0,0.5,22.0,0.5,0.6,0.6,24.5,25.5,27.9,26.2,4.0,2.5,22.0,0.5,0.6,0.6,-225.0,-198.4,-137.6,-183.2,5.0,56.4,22.0,0.6,0.5,0.6,-30.2,0.0,83.0,17.4,5.0,70.5,22.0,0.6,0.5,0.6,-154.5,-144.5,-121.7,-138.4,4.0,23.9,22.0,0.5,0.6,0.6,0.0,27.0,57.4,28.6,4.0,33.1,22.0,0.5,0.6,0.6,-25.4,-24.7,-24.2,-24.8,4.0,0.8,22.0,0.5,0.6,0.6,0.0,4.4,12.0,5.9,4.0,7.3,22.0,0.5,0.6,0.6,325.5,512.0,729.0,505.0,5.0,259.5,22.0,0.6,0.5,0.6,325.0,510.0,730.0,505.0,5.0,260.0,22.0,0.6,0.5,0.6
1974,2,239.0,-7.0,24.4,24.95,25.55,24.98,4.0,0.67,20.0,0.3,0.6,0.6,24.58,25.2,25.45,25.03,4.0,0.59,20.0,0.3,0.6,0.6,15.62,16.47,17.5,16.55,4.0,1.15,20.0,0.3,0.6,0.6,80.6,84.2,86.4,83.5,4.0,4.4,20.0,0.3,0.6,4.34,4.85,5.68,5.0,4.0,0.9,20.0,0.3,0.6,0.6,-4.16,-3.31,-2.59,-3.37,4.0,0.91,20.0,0.3,0.6,0.6,2.32,3.78,4.59,3.47,4.0,1.44,20.0,0.3,0.6,0.6,1009.43,1010.2,1012.33,1010.85,4.0,2.19,20.0,0.3,0.6,0.6,4.9,7.5,8.0,6.5,4.0,2.4,20.0,0.3,0.6,0.6,-22.4,-16.4,-11.9,-17.1,4.0,6.4,20.0,0.3,0.6,0.6,9.9,17.7,26.2,18.0,4.0,9.9,20.0,0.3,0.6,0.6,-0.31,0.1,0.2,-0.05,4.0,0.38,20.0,0.3,0.6,0.6,-1.4,0.4,0.9,-0.2,4.0,1.7,20.0,0.3,0.6,0.6,2.81,3.37,3.67,3.24,4.0,0.59,20.0,0.3,0.6,0.6,14.1,16.3,17.8,15.9,4.0,2.2,20.0,0.3,0.6,0.6,-105.0,-83.2,-64.2,-84.6,4.0,23.6,20.0,0.3,0.6,0.6,56.8,94.1,116.9,87.2,4.0,37.4,20.0,0.3,0.6,0.6,-69.0,-54.9,-42.6,-55.8,4.0,15.3,20.0,0.3,0.6,0.6,36.5,62.6,80.4,58.6,4.0,27.3,20.0,0.3,0.6,0.6,-13.2,-9.4,-8.7,-10.9,4.0,3.7,20.0,0.3,0.6,0.6,7.9,10.8,13.7,10.8,4.0,4.0,20.0,0.3,0.6,0.6,82.5,115.0,188.0,134.5,4.0,74.0,20.0,0.3,0.6,0.6,80.0,115.0,190.0,135.0,4.0,75.0,20.0,0.3,0.6,0.6
1974,2,239.0,-5.0,24.0,24.0,24.0,24.0,1.0,0.0,18.0,0.0,0.8,0.6,24.8,24.8,24.8,24.8,1.0,0.0,18.0,0.0,0.8,0.6,16.97,16.97,16.97,16.97,1.0,0.0,18.0,0.0,0.8,0.6,87.1,87.1,87.1,87.1,1.0,0.0,18.0,0.0,0.6,6.7,6.7,6.7,6.7,1.0,0.0,18.0,0.0,0.8,0.6,-5.8,-5.8,-5.8,-5.8,1.0,0.0,18.0,0.0,0.8,0.6,3.35,3.35,3.35,3.35,1.0,0.0,18.0,0.0,0.8,0.6,1013.5,1013.5,1013.5,1013.5,1.0,0.0,18.0,0.0,0.8,0.6,3.0,3.0,3.0,3.0,1.0,0.0,18.0,0.0,0.8,0.6,-38.9,-38.9,-38.9,-38.9,1.0,0.0,18.0,0.0,0.8,0.6,22.4,22.4,22.4,22.4,1.0,0.0,18.0,0.0,0.8,0.6,-0.8,-0.8,-0.8,-0.8,1.0,0.0,18.0,0.0,0.8,0.6,-5.4,-5.4,-5.4,-5.4,1.0,0.0,18.0,0.0,0.8,0.6,1.63,1.63,1.63,1.63,1.0,0.0,18.0,0.0,0.8,0.6,10.9,10.9,10.9,10.9,1.0,0.0,18.0,0.0,0.8,0.6,-143.9,-143.9,-143.9,-143.9,1.0,0.0,18.0,0.0,0.8,0.6,83.1,83.1,83.1,83.1,1.0,0.0,18.0,0.0,0.8,0.6,-98.5,-98.5,-98.5,-98.5,1.0,0.0,18.0,0.0,0.8,0.6,56.9,56.9,56.9,56.9,1.0,0.0,18.0,0.0,0.8,0.6,-9.5,-9.5,-9.5,-9.5,1.0,0.0,18.0,0.0,0.8,0.6,5.5,5.5,5.5,5.5,1.0,0.0,18.0,0.0,0.8,0.6,301.0,301.0,301.0,301.0,1.0,0.0,18.0,0.0,0.8,0.6,300.0,300.0,300.0,300.0,1.0,0.0,18.0,0.0,0.8,0.6
1974,2,239.0,-4.0,26.0,26.0,26.0,26.0,2.0,0.0,12.0,0.0,0.4,0.2,25.05,25.15,25.25,25.15,2.0,0.21,12.0,0.0,0.4,0.2,15.96,16.28,16.6,16.28,2.0,0.66,12.0,0.0,0.4,0.2,80.9,82.0,83.0,82.0,2.0,2.2,12.0,0.0,0.2,11.3,11.3,11.3,11.3,1.0,0.0,12.0,0.0,0.2,0.1,-11.13,-11.13,-11.13,-11.13,1.0,0.0,12.0,0.0,0.2,0.1,1.96,1.96,1.96,1.96,1.0,0.0,12.0,0.0,0.2,0.1,1014.77,1015.35,1015.93,1015.35,2.0,1.2,12.0,0.0,0.4,0.2,6.2,6.5,6.8,6.5,2.0,0.7,12.0,0.0,0.4,0.2,-125.7,-125.7,-125.7,-125.7,1.0,0.0,12.0,0.0,0.2,0.1,22.2,22.2,22.2,22.2,1.0,0.0,12.0,0.0,0.2,0.1,0.75,0.85,0.95,0.85,2.0,0.21,12.0,0.0,0.4,0.2,7.9,7.9,7.9,7.9,1.0,0.0,12.0,0.0,0.2,0.1,4.37,4.67,4.98,4.67,2.0,0.63,12.0,0.0,0.4,0.2,47.7,47.7,47.7,47.7,1.0,0.0,12.0,0.0,0.2,0.1,-281.5,-281.5,-281.5,-281.5,1.0,0.0,12.0,0.0,0.2,0.1,49.6,49.6,49.6,49.6,1.0,0.0,12.0,0.0,0.2,0.1,-186.4,-186.4,-186.4,-186.4,1.0,0.0,12.0,0.0,0.2,0.1,32.9,32.9,32.9,32.9,1.0,0.0,12.0,0.0,0.2,0.1,-47.0,-47.0,-47.0,-47.0,1.0,0.0,12.0,0.0,0.2,0.1,8.3,8.3,8.3,8.3,1.0,0.0,12.0,0.0,0.2,0.1,1443.0,1443.0,1443.0,1443.0,1.0,0.0,12.0,0.0,0.2,0.1,1445.0,1445.0,1445.0,1445.0,1.0,0.0,12.0,0.0,0.2,0.1
1974,2,239.0,-1.0,25.5,25.5,25.5,25.5,1.0,0.0,10.0,0.0,0.5,0.3,23.0,23.0,23.0,23.0,1.0,0.0,10.0,0.0,0.5,0.3,13.36,13.36,13.36,13.36,1.0,0.0,10.0,0.0,0.5,0.3,76.3,76.3,76.3,76.3,1.0,0.0,10.0,0.0,0.3,4.6,4.6,4.6,4.6,1.0,0.0,10.0,0.0,0.5,0.3,-3.98,-3.98,-3.98,-3.98,1.0,0.0,10.0,0.0,0.5,0.3,2.3,2.3,2.3,2.3,1.0,0.0,10.0,0.0,0.5,0.3,1010.0,1010.0,1010.0,1010.0,1.0,0.0,10.0,0.0,0.5,0.3,3.0,3.0,3.0,3.0,1.0,0.0,10.0,0.0,0.5,0.3,-18.3,-18.3,-18.3,-18.3,1.0,0.0,10.0,0.0,0.5,0.3,10.6,10.6,10.6,10.6,1.0,0.0,10.0,0.0,0.5,0.3,2.5,2.5,2.5,2.5,1.0,0.0,10.0,0.0,0.5,0.3,11.5,11.5,11.5,11.5,1.0,0.0,10.0,0.0,0.5,0.3,7.08,7.08,7.08,7.08,1.0,0.0,10.0,0.0,0.5,0.3,32.6,32.6,32.6,32.6,1.0,0.0,10.0,0.0,0.5,0.3,-91.6,-91.6,-91.6,-91.6,1.0,0.0,10.0,0.0,0.5,0.3,52.9,52.9,52.9,52.9,1.0,0.0,10.0,0.0,0.5,0.3,-53.2,-53.2,-53.2,-53.2,1.0,0.0,10.0,0.0,0.5,0.3,30.7,30.7,30.7,30.7,1.0,0.0,10.0,0.0,0.5,0.3,-28.2,-28.2,-28.2,-28.2,1.0,0.0,10.0,0.0,0.5,0.3,16.3,16.3,16.3,16.3,1.0,0.0,10.0,0.0,0.5,0.3,97.5,97.5,97.5,97.5,1.0,0.0,10.0,0.0,0.5,0.3,95.0,95.0,95.0,95.0,1.0,0.0,10.0,0.0,0.5,0.3
1974,2,239.0,2.0,26.5,26.5,26.5,26.5,1.0,0.0,22.0,1.0,0.4,0.1,25.2,25.2,25.2,25.2,1.0,0.0,22.0,1.0,0.4,0.1,16.74,16.74,16.74,16.74,1.0,0.0,22.0,1.0,0.4,0.1,83.5,83.5,83.5,83.5,1.0,0.0,22.0,1.0,0.1,5.7,5.7,5.7,5.7,1.0,0.0,22.0,1.0,0.4,0.1,-4.94,-4.94,-4.94,-4.94,1.0,0.0,22.0,1.0,0.4,0.1,2.85,2.85,2.85,2.85,1.0,0.0,22.0,1.0,0.4,0.1,1009.0,1009.0,1009.0,1009.0,1.0,0.0,22.0,1.0,0.4,0.1,7.0,7.0,7.0,7.0,1.0,0.0,22.0,1.0,0.4,0.1,-28.1,-28.1,-28.1,-28.1,1.0,0.0,22.0,1.0,0.4,0.1,16.2,16.2,16.2,16.2,1.0,0.0,22.0,1.0,0.4,0.1,1.3,1.3,1.3,1.3,1.0,0.0,22.0,1.0,0.4,0.1,7.4,7.4,7.4,7.4,1.0,0.0,22.0,1.0,0.4,0.1,4.99,4.99,4.99,4.99,1.0,0.0,22.0,1.0,0.4,0.1,28.5,28.5,28.5,28.5,1.0,0.0,22.0,1.0,0.4,0.1,-124.4,-124.4,-124.4,-124.4,1.0,0.0,22.0,1.0,0.4,0.1,71.8,71.8,71.8,71.8,1.0,0.0,22.0,1.0,0.4,0.1,-82.6,-82.6,-82.6,-82.6,1.0,0.0,22.0,1.0,0.4,0.1,47.7,47.7,47.7,47.7,1.0,0.0,22.0,1.0,0.4,0.1,-24.6,-24.6,-24.6,-24.6,1.0,0.0,22.0,1.0,0.4,0.1,14.2,14.2,14.2,14.2,1.0,0.0,22.0,1.0,0.4,0.1,185.0,185.0,185.0,185.0,1.0,0.0,22.0,1.0,0.4,0.1,185.0,185.0,185.0,185.0,1.0,0.0,22.0,1.0,0.4,0.1
1974,2,239.0,6.0,25.6,25.6,25.6,25.6,1.0,0.0,24.0,0.0,1.0,0.9,25.2,25.2,25.2,25.2,1.0,0.0,24.0,0.0,1.0,0.9,17.91,17.91,17.91,17.91,1.0,0.0,24.0,0.0,1.0,0.9,89.2,89.2,89.2,89.2,1.0,0.0,24.0,0.0,0.9,,,,,,,,,,,,,,,,,,,,,,,,,,,,,,,,,,,,,,,,,,,,,,,,,,,,,,,,,,,,,,,,,,,,,,,,,,,,,,,,,,,,,,,,,,,,,,,,,,,,,,,,,,,,,,,,,,,,,,,,,,,,,,,,,,,,,,,,,,,,,,,,,,,,,,,,,,,,,,,,,,,,,,,,,,,,,,,,,,,,,,,,,,,,,,
1974,2,239.0,8.0,25.6,25.6,25.6,25.6,1.0,0.0,2.0,0.0,0.8,0.2,26.2,26.2,26.2,26.2,1.0,0.0,2.0,0.0,0.8,0.2,16.95,16.95,16.95,16.95,1.0,0.0,2.0,0.0,0.8,0.2,80.1,80.1,80.1,80.1,1.0,0.0,2.0,0.0,0.2,7.7,7.7,7.7,7.7,1.0,0.0,2.0,0.0,0.8,0.2,-6.67,-6.67,-6.67,-6.67,1.0,0.0,2.0,0.0,0.8,0.2,-3.85,-3.85,-3.85,-3.85,1.0,0.0,2.0,0.0,0.8,0.2,1014.9,1014.9,1014.9,1014.9,1.0,0.0,2.0,0.0,0.8,0.2,7.0,7.0,7.0,7.0,1.0,0.0,2.0,0.0,0.8,0.2,-51.3,-51.3,-51.3,-51.3,1.0,0.0,2.0,0.0,0.8,0.2,-29.6,-29.6,-29.6,-29.6,1.0,0.0,2.0,0.0,0.8,0.2,-0.6,-0.6,-0.6,-0.6,1.0,0.0,2.0,0.0,0.8,0.2,-4.6,-4.6,-4.6,-4.6,1.0,0.0,2.0,0.0,0.8,0.2,3.52,3.52,3.52,3.52,1.0,0.0,2.0,0.0,0.8,0.2,27.1,27.1,27.1,27.1,1.0,0.0,2.0,0.0,0.8,0.2,-174.7,-174.7,-174.7,-174.7,1.0,0.0,2.0,0.0,0.8,0.2,-100.9,-100.9,-100.9,-100.9,1.0,0.0,2.0,0.0,0.8,0.2,-113.0,-113.0,-113.0,-113.0,1.0,0.0,2.0,0.0,0.8,0.2,-65.3,-65.3,-65.3,-65.3,1.0,0.0,2.0,0.0,0.8,0.2,-23.4,-23.4,-23.4,-23.4,1.0,0.0,2.0,0.0,0.8,0.2,-13.5,-13.5,-13.5,-13.5,1.0,0.0,2.0,0.0,0.8,0.2,456.5,456.5,456.5,456.5,1.0,0.0,2.0,0.0,0.8,0.2,455.0,455.0,455.0,455.0,1.0,0.0,2.0,0.0,0.8,0.2
1974,2,239.0,9.0,26.16,26.5,26.84,26.5,2.0,0.71,24.0,0.0,0.7,0.5,25.03,25.1,25.17,25.1,2.0,0.14,24.0,0.0,0.7,0.5,16.54,16.54,16.54,16.54,1.0,0.0,20.0,0.0,0.7,0.2,83.9,83.9,83.9,83.9,1.0,0.0,20.0,0.0,0.2,11.15,11.9,12.65,11.9,2.0,1.56,24.0,0.0,0.7,0.5,-10.12,-10.05,-9.99,-10.05,2.0,0.13,24.0,0.0,0.7,0.5,-7.62,-6.03,-4.43,-6.03,2.0,3.3,24.0,0.0,0.7,0.5,1011.6,1012.9,1014.2,1012.9,2.0,2.69,24.0,0.0,0.7,0.5,8.0,8.0,8.0,8.0,1.0,0.0,20.0,0.0,0.7,0.2,-126.3,-119.5,-112.8,-119.5,2.0,14.0,24.0,0.0,0.7,0.5,-97.7,-74.3,-50.8,-74.3,2.0,48.6,24.0,0.0,0.7,0.5,0.99,1.4,1.81,1.4,2.0,0.85,24.0,0.0,0.7,0.5,12.2,16.0,19.8,16.0,2.0,7.9,24.0,0.0,0.7,0.5,5.72,5.72,5.72,5.72,1.0,0.0,20.0,0.0,0.7,0.2,61.8,61.8,61.8,61.8,1.0,0.0,20.0,0.0,0.7,0.2,-253.3,-252.3,-251.4,-252.3,2.0,2.0,24.0,0.0,0.7,0.5,-191.8,-151.5,-111.1,-151.5,2.0,83.6,24.0,0.0,0.7,0.5,-167.8,-167.8,-167.8,-167.8,1.0,0.0,20.0,0.0,0.7,0.2,-61.1,-61.1,-61.1,-61.1,1.0,0.0,20.0,0.0,0.7,0.2,-58.0,-58.0,-58.0,-58.0,1.0,0.0,20.0,0.0,0.7,0.2,-21.1,-21.1,-21.1,-21.1,1.0,0.0,20.0,0.0,0.7,0.2,1408.5,1728.5,2048.5,1728.5,2.0,663.0,24.0,0.0,0.7,0.5,1410.0,1730.0,2050.0,1730.0,2.0,665.0,24.0,0.0,0.7,0.5
1974,2,239.0,12.0,24.83,24.9,27.02,25.9,3.0,1.82,22.0,1.0,0.6,0.5,24.89,25.5,27.14,26.0,3.0,1.71,22.0,1.0,0.6,0.5,14.53,14.54,14.54,14.54,2.0,0.01,20.0,1.0,0.6,0.5,72.2,73.6,74.9,73.6,2.0,2.8,20.0,1.0,0.5,7.11,8.0,8.89,8.0,2.0,1.84,20.0,1.0,0.6,0.5,-6.36,-4.71,-3.06,-4.71,2.0,3.42,20.0,1.0,0.6,0.5,-6.25,-6.14,-6.03,-6.14,2.0,0.22,20.0,1.0,0.6,0.5,1011.64,1012.8,1013.55,1012.6,3.0,1.41,22.0,1.0,0.6,0.5,5.0,7.0,7.7,6.3,3.0,2.1,22.0,1.0,0.6,0.5,-58.2,-40.8,-23.4,-40.8,2.0,36.0,20.0,1.0,0.6,0.5,-53.5,-48.9,-44.3,-48.9,2.0,9.5,20.0,1.0,0.6,0.5,-0.38,0.1,0.17,-0.1,3.0,0.44,22.0,1.0,0.6,0.5,-4.5,-2.1,0.2,-2.1,2.0,4.9,20.0,1.0,0.6,0.5,5.01,5.05,5.09,5.05,2.0,0.09,20.0,1.0,0.6,0.5,35.7,40.5,45.3,40.5,2.0,10.0,20.0,1.0,0.6,0.5,-161.8,-119.0,-76.3,-119.0,2.0,88.6,20.0,1.0,0.6,0.5,-154.5,-153.7,-152.8,-153.7,2.0,1.7,20.0,1.0,0.6,0.5,-92.5,-68.5,-44.5,-68.5,2.0,49.7,20.0,1.0,0.6,0.5,-90.8,-89.2,-87.7,-89.2,2.0,3.2,20.0,1.0,0.6,0.5,-32.5,-23.9,-15.4,-23.9,2.0,17.7,20.0,1.0,0.6,0.5,-31.3,-31.0,-30.7,-31.0,2.0,0.6,20.0,1.0,0.6,0.5,380.5,552.5,724.5,552.5,2.0,356.0,20.0,1.0,0.6,0.5,380.0,555.0,725.0,555.0,2.0,355.0,20.0,1.0,0.6,0.5
1974,2,239.0,13.0,26.08,26.25,26.42,26.25,2.0,0.35,16.0,0.5,0.4,0.5,23.69,24.5,26.05,24.85,4.0,1.58,18.0,0.8,0.5,0.4,13.64,13.64,13.64,13.64,2.0,0.01,12.0,1.0,0.4,0.4,70.4,72.8,75.2,72.8,2.0,4.9,12.0,1.0,0.4,7.41,8.75,9.56,8.5,4.0,1.37,18.0,0.8,0.5,0.4,-6.15,-5.14,-2.8,-4.5,4.0,2.23,18.0,0.8,0.5,0.4,-7.8,-7.32,-6.08,-6.96,4.0,1.28,18.0,0.8,0.5,0.4,1012.23,1014.0,1014.41,1013.33,3.0,1.7,18.0,0.7,0.5,0.4,3.9,6.5,7.5,5.8,4.0,2.6,18.0,0.8,0.5,0.4,-58.8,-42.2,-19.9,-39.5,4.0,23.4,18.0,0.8,0.5,0.4,-70.1,-66.2,-49.5,-60.1,4.0,17.5,18.0,0.8,0.5,0.4,2.17,2.55,2.93,2.55,2.0,0.78,16.0,0.5,0.4,0.5,20.5,22.5,24.5,22.5,2.0,4.1,16.0,0.5,0.4,0.5,7.97,7.97,7.97,7.97,1.0,0.0,6.0,1.0,0.1,0.8,65.4,65.4,65.4,65.4,1.0,0.0,6.0,1.0,0.1,0.8,-156.5,-129.4,-68.7,-113.4,4.0,58.2,18.0,0.8,0.5,0.4,-190.7,-184.6,-153.0,-172.5,4.0,29.9,18.0,0.8,0.5,0.4,-52.5,-39.1,-25.7,-39.1,2.0,27.8,12.0,1.0,0.4,0.4,-103.8,-90.1,-76.4,-90.1,2.0,28.3,12.0,1.0,0.4,0.4,-11.3,-11.3,-11.3,-11.3,1.0,0.0,6.0,1.0,0.1,0.8,-64.4,-64.4,-64.4,-64.4,1.0,0.0,6.0,1.0,0.1,0.8,420.0,678.0,876.0,649.5,4.0,283.0,18.0,0.8,0.5,0.4,420.0,680.0,875.0,650.0,4.0,285.0,18.0,0.8,0.5,0.4
1974,2,239.0,14.0,24.8,24.8,24.8,24.8,1.0,0.0,10.0,1.0,0.8,0.0,24.5,24.5,24.5,24.5,1.0,0.0,10.0,1.0,0.8,0.0,14.51,14.51,14.51,14.51,1.0,0.0,10.0,1.0,0.8,0.0,76.0,76.0,76.0,76.0,1.0,0.0,10.0,1.0,0.0,6.7,6.7,6.7,6.7,1.0,0.0,10.0,1.0,0.8,0.0,-5.13,-5.13,-5.13,-5.13,1.0,0.0,10.0,1.0,0.8,0.0,-4.31,-4.31,-4.31,-4.31,1.0,0.0,10.0,1.0,0.8,0.0,1015.2,1015.2,1015.2,1015.2,1.0,0.0,10.0,1.0,0.8,0.0,6.0,6.0,6.0,6.0,1.0,0.0,10.0,1.0,0.8,0.0,-34.4,-34.4,-34.4,-34.4,1.0,0.0,10.0,1.0,0.8,0.0,-28.9,-28.9,-28.9,-28.9,1.0,0.0,10.0,1.0,0.8,0.0,0.3,0.3,0.3,0.3,1.0,0.0,10.0,1.0,0.8,0.0,2.0,2.0,2.0,2.0,1.0,0.0,10.0,1.0,0.8,0.0,4.98,4.98,4.98,4.98,1.0,0.0,10.0,1.0,0.8,0.0,33.4,33.4,33.4,33.4,1.0,0.0,10.0,1.0,0.8,0.0,-125.7,-125.7,-125.7,-125.7,1.0,0.0,10.0,1.0,0.8,0.0,-105.5,-105.5,-105.5,-105.5,1.0,0.0,10.0,1.0,0.8,0.0,-74.5,-74.5,-74.5,-74.5,1.0,0.0,10.0,1.0,0.8,0.0,-62.5,-62.5,-62.5,-62.5,1.0,0.0,10.0,1.0,0.8,0.0,-25.6,-25.6,-25.6,-25.6,1.0,0.0,10.0,1.0,0.8,0.0,-21.5,-21.5,-21.5,-21.5,1.0,0.0,10.0,1.0,0.8,0.0,301.0,301.0,301.0,301.0,1.0,0.0,10.0,1.0,0.8,0.0,300.0,300.0,300.0,300.0,1.0,0.0,10.0,1.0,0.8,0.0
1974,2,239.0,15.0,23.67,25.25,26.21,25.03,6.0,1.5,16.0,0.3,0.4,0.4,21.94,22.6,23.41,22.82,6.0,1.19,16.0,0.3,0.4,0.4,10.9,14.69,14.91,13.26,5.0,2.17,16.0,0.2,0.4,0.3,67.2,75.6,86.8,76.9,5.0,10.8,16.0,0.2,0.3,5.97,8.5,10.67,8.68,6.0,3.16,16.0,0.3,0.4,0.4,-8.17,-5.21,-1.61,-5.24,6.0,3.82,16.0,0.3,0.4,0.4,-8.79,-6.2,-4.35,-6.26,6.0,2.41,16.0,0.3,0.4,0.4,1015.33,1016.95,1018.14,1016.88,6.0,2.1,16.0,0.3,0.4,0.4,3.6,5.5,8.0,5.5,6.0,2.3,16.0,0.3,0.4,0.4,-89.4,-42.6,-8.4,-54.1,6.0,53.9,16.0,0.3,0.4,0.4,-90.5,-49.8,-23.6,-58.6,6.0,40.3,16.0,0.3,0.4,0.4,0.89,3.15,3.6,2.22,6.0,2.3,16.0,0.3,0.4,0.4,4.9,24.7,39.8,20.7,6.0,22.2,16.0,0.3,0.4,0.4,4.27,7.55,8.02,6.33,5.0,2.52,16.0,0.2,0.4,0.3,35.0,47.2,58.6,46.8,5.0,19.8,16.0,0.2,0.4,0.3,-194.5,-121.3,-35.0,-122.0,6.0,90.5,16.0,0.3,0.4,0.4,-195.3,-140.2,-96.1,-141.6,6.0,53.0,16.0,0.3,0.4,0.4,-108.7,-47.5,-16.4,-59.3,5.0,47.4,16.0,0.2,0.4,0.3,-106.4,-66.0,-47.7,-76.2,5.0,36.2,16.0,0.2,0.4,0.3,-31.7,-17.0,-12.7,-22.9,5.0,19.3,16.0,0.2,0.4,0.3,-47.1,-46.5,-28.9,-37.8,5.0,17.8,16.0,0.2,0.4,0.3,216.5,630.5,1313.5,886.0,6.0,962.5,16.0,0.3,0.4,0.4,215.0,630.0,1315.0,885.0,6.0,965.0,16.0,0.3,0.4,0.4
1974,2,239.0,16.0,22.24,23.25,24.63,23.43,4.0,1.46,14.0,0.3,0.4,0.4,21.0,21.0,24.7,22.76,5.0,3.03,14.0,0.4,0.4,0.5,11.28,11.94,12.53,11.91,4.0,0.78,14.0,0.3,0.4,0.4,72.7,74.9,77.5,75.1,4.0,3.4,14.0,0.3,0.4,7.15,8.45,9.28,8.23,4.0,1.51,14.0,0.5,0.4,0.5,-7.56,-5.79,-4.6,-6.06,4.0,2.0,14.0,0.5,0.4,0.5,-6.92,-5.52,-2.26,-4.63,4.0,3.29,14.0,0.5,0.4,0.5,1014.82,1015.3,1015.94,1015.34,5.0,0.63,14.0,0.4,0.4,0.5,3.0,7.0,7.4,5.6,5.0,2.4,14.0,0.4,0.4,0.5,-69.0,-52.5,-33.5,-51.3,4.0,22.2,14.0,0.5,0.4,0.5,-63.1,-40.5,-14.0,-38.6,4.0,31.4,14.0,0.5,0.4,0.5,1.24,1.95,2.71,1.98,4.0,0.9,14.0,0.3,0.4,0.4,10.3,14.7,14.8,12.6,3.0,3.8,12.0,0.3,0.4,0.4,5.38,5.9,6.78,6.07,4.0,0.86,14.0,0.3,0.4,0.4,44.5,44.7,49.8,47.1,3.0,4.3,12.0,0.3,0.4,0.4,-190.6,-121.5,-100.3,-144.4,4.0,68.3,14.0,0.5,0.4,0.5,-145.4,-120.1,-51.6,-99.5,4.0,69.3,14.0,0.5,0.4,0.5,-68.4,-57.8,-53.1,-60.7,3.0,11.4,12.0,0.3,0.4,0.4,-81.5,-68.9,-63.3,-72.3,3.0,13.6,12.0,0.3,0.4,0.4,-32.0,-28.7,-28.6,-30.3,3.0,2.8,12.0,0.3,0.4,0.4,-38.1,-34.3,-34.1,-36.1,3.0,3.3,12.0,0.3,0.4,0.4,387.5,605.0,806.5,597.5,4.0,290.5,14.0,0.5,0.4,0.5,385.0,605.0,805.0,595.0,4.0,290.0,14.0,0.5,0.4,0.5
1974,2,239.0,17.0,23.02,23.4,24.26,23.61,8.0,0.75,18.0,0.6,0.6,0.5,20.71,21.2,23.72,21.85,10.0,2.02,18.0,0.6,0.6,0.5,10.81,11.46,12.57,11.73,7.0,1.06,20.0,0.6,0.6,0.5,73.6,78.3,80.5,77.5,8.0,7.7,18.0,0.6,0.5,5.03,7.7,9.14,7.09,9.0,2.3,18.0,0.6,0.6,0.5,-7.07,-5.9,-1.72,-4.74,9.0,2.95,18.0,0.6,0.6,0.5,-6.44,-4.65,-2.75,-4.56,9.0,2.11,18.0,0.6,0.6,0.5,1015.28,1016.7,1017.59,1016.44,8.0,1.42,18.0,0.6,0.6,0.5,4.9,7.0,8.0,6.3,10.0,2.3,18.0,0.6,0.6,0.5,-64.8,-45.4,-8.8,-38.8,9.0,27.1,18.0,0.6,0.6,0.5,-54.0,-36.1,-12.3,-34.8,9.0,24.1,18.0,0.6,0.6,0.5,1.56,2.4,3.07,2.25,8.0,1.16,18.0,0.6,0.6,0.5,13.0,18.6,24.1,19.4,7.0,5.9,20.0,0.6,0.6,0.5,6.05,6.32,6.63,6.17,7.0,0.99,20.0,0.6,0.6,0.5,30.1,48.8,63.3,48.5,7.0,15.3,20.0,0.6,0.6,0.5,-138.4,-125.0,-36.0,-99.1,9.0,62.1,18.0,0.6,0.6,0.5,-139.3,-98.6,-57.4,-97.6,9.0,44.4,18.0,0.6,0.6,0.5,-79.0,-73.8,-28.4,-60.8,7.0,27.3,20.0,0.6,0.6,0.5,-79.8,-62.0,-50.0,-62.0,7.0,20.1,20.0,0.6,0.6,0.5,-45.9,-40.6,-10.3,-33.5,7.0,16.8,20.0,0.6,0.6,0.5,-48.5,-28.8,-23.9,-32.5,7.0,12.2,20.0,0.6,0.6,0.5,135.5,456.5,765.0,452.5,9.0,348.5,18.0,0.6,0.6,0.5,135.0,455.0,765.0,450.0,9.0,350.0,18.0,0.6,0.6,0.5
1974,2,239.0,18.0,21.69,23.15,23.67,22.7,4.0,1.53,26.0,0.5,0.6,0.5,19.63,22.0,23.63,21.82,5.0,2.55,22.0,0.6,0.6,0.6,11.32,12.57,13.34,12.34,4.0,1.4,26.0,0.5,0.6,0.5,75.8,77.1,85.9,80.8,5.0,8.3,22.0,0.6,0.6,2.33,4.1,8.38,5.02,5.0,3.33,22.0,0.6,0.6,0.6,-4.69,-3.55,-1.23,-2.96,5.0,2.34,22.0,0.6,0.6,0.6,-6.74,-2.05,-1.03,-3.44,5.0,3.37,22.0,0.6,0.6,0.6,1016.69,1017.45,1018.26,1017.48,4.0,0.93,26.0,0.5,0.6,0.5,2.6,6.0,6.4,4.8,5.0,2.2,22.0,0.6,0.6,0.6,-39.8,-14.6,-4.4,-20.4,5.0,19.2,22.0,0.6,0.6,0.6,-56.6,-8.4,-3.7,-26.2,5.0,30.1,22.0,0.6,0.6,0.6,0.74,1.25,2.97,1.83,4.0,1.7,26.0,0.5,0.6,0.5,2.5,8.1,24.7,13.4,4.0,15.4,26.0,0.5,0.6,0.5,3.06,5.42,6.52,4.82,4.0,2.6,26.0,0.5,0.6,0.5,10.1,32.7,54.9,32.5,4.0,26.3,26.0,0.5,0.6,0.5,-98.7,-71.0,-26.0,-60.3,5.0,48.9,22.0,0.6,0.6,0.6,-137.7,-43.8,-20.0,-71.5,5.0,73.0,22.0,0.6,0.6,0.6,-55.5,-52.0,-38.6,-47.3,4.0,12.5,26.0,0.5,0.6,0.5,-82.0,-47.0,-26.3,-53.8,4.0,34.2,26.0,0.5,0.6,0.5,-31.9,-18.5,-8.0,-19.9,4.0,15.0,26.0,0.5,0.6,0.5,-44.4,-26.6,-6.1,-25.3,4.0,22.2,26.0,0.5,0.6,0.5,19.5,69.0,590.5,262.0,5.0,316.5,22.0,0.6,0.6,0.6,20.0,70.0,590.0,260.0,5.0,315.0,22.0,0.6,0.6,0.6
1974,2,239.0,19.0,20.0,21.35,23.62,21.95,6.0,2.34,14.0,0.3,0.6,0.2,18.46,18.95,21.38,20.23,6.0,3.22,14.0,0.3,0.5,0.3,9.45,9.62,10.2,9.8,5.0,0.56,16.0,0.4,0.5,0.2,71.1,73.2,74.6,73.0,6.0,1.9,14.0,0.3,0.3,4.89,6.2,9.17,7.12,6.0,3.15,12.0,0.3,0.5,0.3,-8.14,-3.99,-1.69,-4.4,6.0,5.25,12.0,0.3,0.5,0.3,-4.75,-4.26,-1.41,-2.89,6.0,3.12,12.0,0.3,0.5,0.3,1015.38,1016.95,1019.7,1017.38,6.0,3.15,14.0,0.3,0.6,0.2,2.9,7.0,8.0,5.1,7.0,3.1,14.0,0.3,0.6,0.3,-78.5,-24.7,-6.1,-42.8,6.0,61.0,12.0,0.3,0.5,0.3,-38.4,-29.4,-5.1,-23.9,6.0,24.8,12.0,0.3,0.5,0.3,1.08,2.0,4.65,2.8,5.0,2.63,16.0,0.4,0.5,0.2,6.6,28.3,43.0,25.0,4.0,21.6,14.0,0.5,0.4,0.1,4.74,5.38,8.44,6.48,5.0,2.76,16.0,0.4,0.5,0.2,33.1,56.0,79.6,56.3,4.0,29.1,14.0,0.5,0.4,0.1,-166.2,-79.7,-10.0,-82.0,5.0,121.1,12.0,0.4,0.4,0.3,-92.0,-83.4,-15.7,-51.2,5.0,77.9,12.0,0.4,0.4,0.3,-92.1,-53.8,-41.0,-66.0,4.0,35.7,14.0,0.5,0.4,0.1,-49.0,-44.8,-39.9,-44.5,4.0,5.7,14.0,0.5,0.4,0.1,-65.2,-40.9,-26.0,-45.4,4.0,29.1,14.0,0.5,0.4,0.1,-42.0,-26.4,-19.8,-30.7,4.0,15.3,14.0,0.5,0.4,0.1,119.5,238.5,881.0,562.5,6.0,793.5,12.0,0.3,0.5,0.3,120.0,240.0,880.0,565.0,6.0,795.0,12.0,0.3,0.5,0.3
1974,2,239.0,20.0,18.29,21.7,21.9,20.13,3.0,2.98,18.0,1.0,0.7,0.3,19.25,20.0,22.66,20.93,3.0,2.63,16.0,0.7,0.7,0.3,9.76,10.07,10.38,10.07,2.0,0.64,22.0,1.0,0.9,0.1,71.8,72.9,80.4,76.0,3.0,6.8,16.0,0.7,0.3,4.58,8.25,11.66,8.13,4.0,4.34,14.0,0.8,0.7,0.4,-4.16,1.53,2.12,-0.9,4.0,5.37,14.0,0.8,0.7,0.4,-9.56,-5.63,-1.21,-5.4,4.0,6.17,14.0,0.8,0.7,0.4,1017.68,1018.5,1021.16,1019.4,3.0,2.67,18.0,1.0,0.7,0.3,4.4,6.0,7.0,5.8,4.0,2.1,14.0,0.8,0.7,0.4,-45.2,6.4,18.3,-12.5,4.0,53.9,14.0,0.8,0.7,0.4,-111.1,-45.5,-14.2,-61.9,4.0,72.7,14.0,0.8,0.7,0.4,1.92,2.4,2.88,2.4,2.0,0.99,22.0,1.0,0.9,0.1,21.1,28.8,36.4,28.8,2.0,15.9,22.0,1.0,0.9,0.1,5.75,6.17,6.59,6.17,2.0,0.87,22.0,1.0,0.9,0.1,62.0,72.3,82.7,72.3,2.0,21.4,22.0,1.0,0.9,0.1,-108.3,42.3,45.9,-29.5,3.0,129.0,16.0,0.7,0.7,0.3,-196.6,-103.0,6.0,-95.4,3.0,148.6,16.0,0.7,0.7,0.3,-75.5,-36.2,3.2,-36.2,2.0,81.6,22.0,1.0,0.9,0.1,-111.4,-88.2,-65.0,-88.2,2.0,48.1,22.0,1.0,0.9,0.1,-39.3,-17.2,4.9,-17.2,2.0,45.8,22.0,1.0,0.9,0.1,-77.0,-57.4,-37.7,-57.4,2.0,40.7,22.0,1.0,0.9,0.1,129.0,665.5,1645.0,877.0,4.0,963.5,14.0,0.8,0.7,0.4,130.0,665.0,1645.0,875.0,4.0,965.0,14.0,0.8,0.7,0.4
1974,2,239.0,21.0,18.32,19.0,19.27,18.8,3.0,0.72,12.0,0.7,0.2,0.2,17.99,18.6,19.21,18.6,2.0,1.27,4.0,1.0,0.1,0.1,9.35,9.67,9.99,9.67,2.0,0.66,4.0,1.0,0.1,0.1,68.4,73.5,78.6,73.5,2.0,10.6,4.0,1.0,0.1,5.77,7.2,7.54,6.67,3.0,1.38,12.0,0.7,0.2,0.2,-3.29,-2.63,-2.58,-2.93,3.0,0.58,12.0,0.7,0.2,0.2,-6.92,-6.24,-4.99,-5.96,3.0,1.43,12.0,0.7,0.2,0.2,1017.61,1020.0,1021.37,1019.5,3.0,2.78,12.0,0.7,0.2,0.2,4.0,6.0,6.7,5.3,3.0,2.1,12.0,0.7,0.2,0.2,-24.1,-20.3,-15.3,-19.7,3.0,6.5,12.0,0.7,0.2,0.2,-52.3,-44.9,-29.6,-41.0,3.0,16.9,12.0,0.7,0.2,0.2,-0.15,0.6,1.35,0.6,2.0,1.56,4.0,1.0,0.1,0.1,-1.0,4.7,10.4,4.7,2.0,11.8,4.0,1.0,0.1,0.1,3.9,4.08,4.25,4.08,2.0,0.37,4.0,1.0,0.1,0.1,29.7,30.3,30.9,30.3,2.0,1.3,4.0,1.0,0.1,0.1,-66.5,-58.4,-50.4,-58.4,2.0,16.7,4.0,1.0,0.1,0.1,-127.0,-124.8,-122.6,-124.8,2.0,4.6,4.0,1.0,0.1,0.1,-32.1,-29.9,-27.7,-29.9,2.0,4.5,4.0,1.0,0.1,0.1,-70.8,-65.4,-59.9,-65.4,2.0,11.3,4.0,1.0,0.1,0.1,-14.7,-12.8,-10.9,-12.8,2.0,3.9,4.0,1.0,0.1,0.1,-27.5,-27.3,-27.1,-27.3,2.0,0.4,4.0,1.0,0.1,0.1,209.0,373.0,430.0,321.0,3.0,168.0,12.0,0.7,0.2,0.2,210.0,375.0,430.0,320.0,3.0,170.0,12.0,0.7,0.2,0.2
1974,2,239.0,22.0,17.16,17.5,17.84,17.5,2.0,0.71,18.0,0.5,0.9,0.3,16.94,17.9,19.33,18.13,3.0,1.76,14.0,0.7,0.6,0.5,9.23,10.12,10.86,10.05,3.0,1.2,14.0,0.7,0.6,0.5,76.7,77.7,79.3,78.0,3.0,1.9,14.0,0.7,0.5,5.75,9.3,9.98,7.9,3.0,3.33,14.0,0.7,0.6,0.5,-7.6,-6.62,-3.5,-5.57,3.0,3.14,14.0,0.7,0.6,0.5,-6.86,-4.65,-3.9,-5.36,3.0,2.26,14.0,0.7,0.6,0.5,1018.36,1018.5,1019.52,1018.93,3.0,0.93,14.0,0.7,0.6,0.5,3.3,6.0,6.7,5.0,3.0,2.6,14.0,0.7,0.6,0.5,-72.8,-68.2,-27.4,-50.5,3.0,36.6,14.0,0.7,0.6,0.5,-69.2,-43.2,-23.7,-46.4,3.0,33.5,14.0,0.7,0.6,0.5,0.16,0.3,0.44,0.3,2.0,0.28,18.0,0.5,0.9,0.3,1.2,2.8,4.4,2.8,2.0,3.4,18.0,0.5,0.9,0.3,2.72,2.89,3.07,2.89,2.0,0.37,18.0,0.5,0.9,0.3,14.2,21.6,29.0,21.6,2.0,15.3,18.0,0.5,0.9,0.3,-144.6,-109.2,-59.7,-102.3,3.0,62.5,14.0,0.7,0.6,0.5,-118.4,-93.0,-72.9,-95.6,3.0,33.4,14.0,0.7,0.6,0.5,-80.1,-58.4,-32.7,-56.5,3.0,34.8,14.0,0.7,0.6,0.5,-64.0,-52.1,-41.1,-52.5,3.0,16.8,14.0,0.7,0.6,0.5,-18.4,-13.1,-7.9,-13.1,2.0,10.9,18.0,0.5,0.9,0.3,-22.4,-17.1,-11.8,-17.1,2.0,11.0,18.0,0.5,0.9,0.3,302.5,804.5,1001.0,655.5,3.0,528.0,14.0,0.7,0.6,0.5,300.0,805.0,1000.0,655.0,3.0,530.0,14.0,0.7,0.6,0.5
1974,2,239.0,23.0,17.3,19.5,19.68,18.72,5.0,1.31,12.0,0.8,0.6,0.5,15.32,16.7,17.35,16.46,5.0,1.29,12.0,0.8,0.6,0.5,8.49,9.11,9.22,8.86,5.0,0.54,12.0,0.8,0.6,0.5,69.5,78.3,84.3,77.1,5.0,7.7,12.0,0.8,0.5,5.1,5.7,9.01,6.98,5.0,2.64,12.0,0.8,0.6,0.5,-4.24,0.0,0.36,-1.64,5.0,2.88,12.0,0.8,0.6,0.5,-7.69,-5.1,-4.57,-6.17,5.0,2.93,12.0,0.8,0.6,0.5,1017.9,1020.7,1021.56,1019.8,5.0,2.4,12.0,0.8,0.6,0.5,4.4,6.5,7.5,6.0,4.0,2.2,14.0,0.8,0.6,0.6,-27.2,0.0,2.1,-11.3,5.0,20.8,12.0,0.8,0.6,0.5,-70.8,-32.0,-23.8,-48.7,5.0,44.6,12.0,0.8,0.6,0.5,0.98,2.3,3.49,2.26,5.0,1.4,12.0,0.8,0.6,0.5,7.0,16.3,24.0,15.5,5.0,9.5,12.0,0.8,0.6,0.5,3.9,4.8,5.02,4.5,5.0,0.73,12.0,0.8,0.6,0.5,24.7,27.3,37.9,30.3,5.0,7.4,12.0,0.8,0.6,0.5,-74.4,0.0,5.6,-29.5,5.0,51.4,12.0,0.8,0.6,0.5,-119.4,-87.0,-78.0,-99.6,5.0,40.3,12.0,0.8,0.6,0.5,-38.8,0.0,3.3,-14.9,5.0,26.3,12.0,0.8,0.6,0.5,-69.3,-45.1,-38.9,-54.6,5.0,25.7,12.0,0.8,0.6,0.5,-21.4,0.0,1.7,-8.3,5.0,14.2,12.0,0.8,0.6,0.5,-31.0,-24.3,-21.1,-26.2,5.0,7.1,12.0,0.8,0.6,0.5,132.5,185.0,817.0,470.0,5.0,560.0,12.0,0.8,0.6,0.5,135.0,185.0,815.0,470.0,5.0,560.0,12.0,0.8,0.6,0.5
1974,2,239.0,24.0,16.49,18.25,19.0,17.91,10.0,1.19,12.0,0.4,0.5,0.5,15.33,15.5,17.79,16.21,10.0,1.55,12.0,0.4,0.5,0.5,7.59,8.56,9.84,8.75,10.0,1.42,12.0,0.4,0.5,0.5,67.8,78.9,84.8,77.1,10.0,11.4,12.0,0.4,0.5,4.03,5.65,8.61,5.91,10.0,2.91,12.0,0.4,0.5,0.5,-6.19,-2.42,0.0,-2.87,10.0,3.25,12.0,0.4,0.5,0.5,-6.79,-4.66,-2.39,-4.44,10.0,2.37,12.0,0.4,0.5,0.5,1018.0,1020.85,1022.46,1020.01,10.0,2.62,12.0,0.4,0.5,0.5,4.3,7.0,8.0,6.3,10.0,1.9,12.0,0.4,0.5,0.5,-55.1,-10.9,0.0,-22.4,10.0,32.2,12.0,0.4,0.5,0.5,-52.4,-27.6,-11.6,-30.4,10.0,19.9,12.0,0.4,0.5,0.5,-0.93,2.5,3.67,1.7,10.0,2.44,12.0,0.4,0.5,0.5,-5.8,8.6,23.6,8.1,10.0,16.3,12.0,0.4,0.5,0.5,2.25,4.4,5.22,3.94,10.0,1.69,12.0,0.4,0.5,0.5,6.0,25.4,38.8,23.2,10.0,15.7,12.0,0.4,0.5,0.5,-95.9,-37.9,0.0,-48.5,10.0,57.8,12.0,0.4,0.5,0.5,-102.4,-76.9,-41.9,-72.0,10.0,38.5,12.0,0.4,0.5,0.5,-49.8,-19.6,0.0,-24.0,10.0,26.4,12.0,0.4,0.5,0.5,-50.0,-40.5,-19.7,-39.3,10.0,24.0,12.0,0.4,0.5,0.5,-27.7,-7.8,0.0,-12.0,10.0,14.9,12.0,0.4,0.5,0.5,-30.0,-16.2,-5.6,-16.9,10.0,12.2,12.0,0.4,0.5,0.5,68.5,185.5,655.5,330.5,10.0,326.5,12.0,0.4,0.5,0.5,70.0,185.0,655.0,330.0,10.0,325.0,12.0,0.4,0.5,0.5
1974,2,239.0,25.0,16.16,16.5,16.84,16.5,2.0,0.71,18.0,0.5,0.4,0.6,15.24,15.75,16.26,15.75,2.0,1.06,18.0,0.5,0.4,0.6,8.55,8.88,9.22,8.88,2.0,0.69,18.0,0.5,0.4,0.6,80.3,80.7,81.2,80.7,2.0,0.9,18.0,0.5,0.6,7.61,8.5,9.39,8.5,2.0,1.84,18.0,0.5,0.4,0.6,-6.51,-4.38,-2.24,-4.38,2.0,4.42,18.0,0.5,0.4,0.6,-6.97,-6.69,-6.42,-6.69,2.0,0.56,18.0,0.5,0.4,0.6,1021.4,1022.25,1023.1,1022.25,2.0,1.77,18.0,0.5,0.4,0.6,2.6,4.0,5.4,4.0,2.0,2.8,18.0,0.5,0.4,0.6,-63.3,-41.3,-19.2,-41.3,2.0,45.7,18.0,0.5,0.4,0.6,-60.0,-56.4,-52.7,-56.4,2.0,7.6,18.0,0.5,0.4,0.6,-0.1,0.75,1.6,0.75,2.0,1.77,18.0,0.5,0.4,0.6,0.1,8.0,15.9,8.0,2.0,16.4,18.0,0.5,0.4,0.6,2.07,2.67,3.26,2.67,2.0,1.23,18.0,0.5,0.4,0.6,16.4,23.8,31.2,23.8,2.0,15.4,18.0,0.5,0.4,0.6,-98.0,-66.6,-35.2,-66.6,2.0,65.0,18.0,0.5,0.4,0.6,-113.4,-105.7,-98.1,-105.7,2.0,15.9,18.0,0.5,0.4,0.6,-54.9,-37.4,-19.9,-37.4,2.0,36.3,18.0,0.5,0.4,0.6,-64.3,-59.7,-55.0,-59.7,2.0,9.6,18.0,0.5,0.4,0.6,-22.7,-14.4,-6.1,-14.4,2.0,17.2,18.0,0.5,0.4,0.6,-20.8,-17.5,-14.3,-17.5,2.0,6.8,18.0,0.5,0.4,0.6,463.5,657.0,851.0,657.0,2.0,401.5,18.0,0.5,0.4,0.6,465.0,655.0,850.0,655.0,2.0,400.0,18.0,0.5,0.4,0.6
1974,2,239.0,26.0,16.6,16.8,17.62,17.1,3.0,0.79,18.0,1.0,0.7,0.3,15.82,16.5,17.8,16.8,3.0,1.47,18.0,1.0,0.7,0.3,8.28,8.4,9.34,8.8,3.0,0.85,18.0,1.0,0.7,0.3,66.8,71.8,84.4,75.5,3.0,13.2,18.0,1.0,0.3,5.0,7.2,9.41,6.92,11.0,2.97,14.0,0.7,0.6,0.5,-7.63,-5.64,0.0,-4.28,11.0,3.86,14.0,0.7,0.6,0.5,-2.96,1.56,7.27,1.52,11.0,4.88,14.0,0.7,0.6,0.5,1010.91,1017.1,1022.22,1017.05,8.0,6.57,18.0,0.8,0.6,0.3,3.9,7.0,8.0,6.1,7.0,2.3,18.0,0.6,0.5,0.5,-70.7,-33.8,0.0,-34.8,11.0,35.3,14.0,0.7,0.6,0.5,-19.0,12.3,60.4,13.9,11.0,41.8,14.0,0.7,0.6,0.5,-0.77,1.0,1.34,0.3,3.0,1.66,18.0,1.0,0.7,0.3,-3.6,8.2,10.0,3.3,3.0,10.8,18.0,1.0,0.7,0.3,2.3,3.39,4.08,3.2,3.0,1.32,18.0,1.0,0.7,0.3,16.2,19.3,27.8,21.9,3.0,8.8,18.0,1.0,0.7,0.3,-101.7,-80.3,4.2,-49.5,3.0,82.0,18.0,1.0,0.7,0.3,-102.9,-67.4,-49.1,-75.8,3.0,40.1,18.0,1.0,0.7,0.3,-49.7,-36.7,7.1,-21.6,3.0,43.5,18.0,1.0,0.7,0.3,-61.2,-30.8,-23.6,-42.1,3.0,29.2,18.0,1.0,0.7,0.3,-25.0,-14.8,-1.3,-13.2,3.0,17.5,18.0,1.0,0.7,0.3,-13.4,-12.4,-11.4,-12.4,3.0,1.5,18.0,1.0,0.7,0.3,135.0,373.0,841.0,472.0,11.0,355.0,14.0,0.7,0.6,0.5,135.0,375.0,840.0,470.0,11.0,355.0,14.0,0.7,0.6,0.5
1974,2,239.0,27.0,16.74,17.25,17.76,17.25,2.0,1.06,20.0,1.0,0.6,0.3,17.55,17.65,17.75,17.65,2.0,0.21,20.0,1.0,0.6,0.3,8.78,8.82,8.86,8.82,2.0,0.08,20.0,1.0,0.6,0.3,70.5,71.3,72.1,71.3,2.0,1.6,20.0,1.0,0.3,3.85,6.7,7.0,5.66,5.0,1.71,12.0,0.8,0.7,0.1,-4.5,-4.31,-2.69,-3.73,5.0,0.98,12.0,0.8,0.7,0.1,-3.34,3.06,5.36,1.27,5.0,4.76,12.0,0.8,0.7,0.1,1024.92,1024.95,1024.98,1024.95,2.0,0.07,20.0,1.0,0.6,0.3,4.9,6.0,7.0,5.9,7.0,1.5,14.0,0.6,0.8,0.2,-31.5,-28.9,-10.2,-22.4,5.0,11.3,12.0,0.8,0.7,0.1,-17.8,12.3,37.5,8.9,5.0,30.9,12.0,0.8,0.7,0.1,-0.81,-0.4,0.01,-0.4,2.0,0.85,20.0,1.0,0.6,0.3,-5.5,-3.0,-0.5,-3.0,2.0,5.2,20.0,1.0,0.6,0.3,2.84,3.27,3.71,3.27,2.0,0.9,20.0,1.0,0.6,0.3,14.7,15.9,17.1,15.9,2.0,2.5,20.0,1.0,0.6,0.3,-71.2,-62.2,-53.3,-62.2,2.0,18.6,20.0,1.0,0.6,0.3,-82.1,-65.5,-48.9,-65.5,2.0,34.4,20.0,1.0,0.6,0.3,-36.0,-31.2,-26.4,-31.2,2.0,10.0,20.0,1.0,0.6,0.3,-41.6,-32.9,-24.3,-32.9,2.0,17.9,20.0,1.0,0.6,0.3,-11.3,-11.1,-10.9,-11.1,2.0,0.4,20.0,1.0,0.6,0.3,-12.8,-11.3,-9.8,-11.3,2.0,3.2,20.0,1.0,0.6,0.3,57.5,301.0,343.0,219.5,5.0,151.0,12.0,0.8,0.7,0.1,60.0,300.0,345.0,220.0,5.0,150.0,12.0,0.8,0.7,0.1
1974,2,239.0,28.0,16.28,16.45,16.62,16.45,2.0,0.35,18.0,0.5,0.8,0.4,13.3,13.5,13.7,13.5,2.0,0.42,18.0,0.5,0.8,0.4,7.53,7.53,7.53,7.53,1.0,0.0,18.0,0.0,0.6,0.3,80.9,80.9,80.9,80.9,1.0,0.0,18.0,0.0,0.3,8.91,9.35,9.79,9.35,2.0,0.92,18.0,0.5,0.8,0.4,1.93,2.36,2.78,2.36,2.0,0.88,18.0,0.5,0.8,0.4,-9.58,-9.01,-8.44,-9.01,2.0,1.18,18.0,0.5,0.8,0.4,1014.03,1022.9,1025.15,1019.67,3.0,8.62,16.0,0.3,0.6,0.4,7.0,7.0,7.7,7.3,3.0,0.6,16.0,0.3,0.6,0.4,18.7,21.6,24.5,21.6,2.0,6.0,18.0,0.5,0.8,0.4,-94.1,-84.8,-75.5,-84.8,2.0,19.3,18.0,0.5,0.8,0.4,2.92,2.95,2.98,2.95,2.0,0.07,18.0,0.5,0.8,0.4,26.6,27.6,28.5,27.6,2.0,2.1,18.0,0.5,0.8,0.4,3.79,3.79,3.79,3.79,1.0,0.0,18.0,0.0,0.6,0.3,33.0,33.0,33.0,33.0,1.0,0.0,18.0,0.0,0.6,0.3,26.4,31.6,36.8,31.6,2.0,10.8,18.0,0.5,0.8,0.4,-131.5,-121.9,-112.4,-121.9,2.0,19.8,18.0,0.5,0.8,0.4,22.4,22.4,22.4,22.4,1.0,0.0,18.0,0.0,0.6,0.3,-61.6,-61.6,-61.6,-61.6,1.0,0.0,18.0,0.0,0.6,0.3,11.3,11.3,11.3,11.3,1.0,0.0,18.0,0.0,0.6,0.3,-31.0,-31.0,-31.0,-31.0,1.0,0.0,18.0,0.0,0.6,0.3,712.5,829.5,946.0,829.5,2.0,241.5,18.0,0.5,0.8,0.4,715.0,830.0,945.0,830.0,2.0,240.0,18.0,0.5,0.8,0.4
1974,2,239.0,29.0,15.69,16.45,16.8,16.22,6.0,0.93,14.0,0.2,0.3,0.6,12.92,13.65,14.76,13.77,6.0,1.02,14.0,0.2,0.3,0.6,7.37,8.1,8.92,8.14,3.0,1.13,10.0,0.3,0.2,0.6,72.4,80.5,85.9,79.2,3.0,9.9,10.0,0.3,0.6,4.5,8.5,9.84,7.4,6.0,3.0,14.0,0.2,0.3,0.6,0.88,1.71,2.34,1.71,6.0,1.76,14.0,0.2,0.3,0.6,-9.69,-7.82,-4.23,-7.05,6.0,2.92,14.0,0.2,0.3,0.6,1017.87,1025.1,1026.55,1023.23,6.0,4.59,14.0,0.2,0.3,0.6,5.6,7.0,8.0,6.7,6.0,1.6,14.0,0.2,0.3,0.6,6.3,13.5,22.7,15.6,6.0,15.3,14.0,0.2,0.3,0.6,-95.4,-66.6,-20.0,-59.4,6.0,37.7,14.0,0.2,0.3,0.6,1.78,2.3,3.42,2.45,6.0,0.86,14.0,0.2,0.3,0.6,8.2,19.6,33.7,20.1,6.0,12.7,14.0,0.2,0.3,0.6,3.09,3.66,3.98,3.54,3.0,0.66,10.0,0.3,0.2,0.6,14.2,21.8,30.1,22.2,3.0,11.6,10.0,0.3,0.2,0.6,13.2,21.8,31.6,23.3,6.0,25.3,14.0,0.2,0.3,0.6,-126.0,-114.5,-54.4,-96.3,6.0,38.8,14.0,0.2,0.3,0.6,-0.3,12.4,29.7,14.6,3.0,22.0,10.0,0.3,0.2,0.6,-68.8,-65.2,-32.4,-51.0,3.0,29.4,10.0,0.3,0.2,0.6,-1.3,3.8,12.8,5.7,3.0,10.5,10.0,0.3,0.2,0.6,-26.9,-21.4,-13.7,-20.3,3.0,9.7,10.0,0.3,0.2,0.6,103.0,630.5,953.5,557.5,6.0,422.5,14.0,0.2,0.3,0.6,105.0,630.0,955.0,555.0,6.0,425.0,14.0,0.2,0.3,0.6
1974,2,239.0,30.0,13.9,14.7,15.39,14.64,15.0,0.93,10.0,0.5,0.7,0.4,12.82,13.7,14.87,13.85,15.0,1.28,10.0,0.5,0.7,0.4,7.21,8.0,8.73,7.99,11.0,0.78,6.0,0.5,0.7,0.4,74.6,83.1,87.8,81.6,11.0,7.2,6.0,0.5,0.4,6.22,8.0,11.47,8.19,15.0,3.28,10.0,0.5,0.7,0.4,0.0,2.05,4.21,1.79,15.0,2.69,10.0,0.5,0.7,0.4,-11.14,-8.0,-5.77,-7.55,15.0,3.28,10.0,0.5,0.7,0.4,1015.94,1020.6,1026.58,1020.79,15.0,4.63,10.0,0.5,0.7,0.4,2.0,4.0,6.8,4.3,15.0,2.4,10.0,0.5,0.7,0.4,0.0,16.8,49.9,19.8,15.0,24.5,10.0,0.5,0.7,0.4,-128.8,-64.0,-36.3,-71.7,15.0,44.8,10.0,0.5,0.7,0.4,0.0,0.6,1.88,0.79,15.0,1.1,10.0,0.5,0.7,0.4,0.0,5.6,14.3,7.3,15.0,8.4,10.0,0.5,0.7,0.4,1.58,1.95,3.0,2.16,11.0,0.9,6.0,0.5,0.7,0.4,11.3,18.8,33.2,20.3,11.0,12.9,6.0,0.5,0.7,0.4,0.0,27.3,59.9,24.8,15.0,36.9,10.0,0.5,0.7,0.4,-152.5,-113.7,-73.0,-105.1,15.0,47.8,10.0,0.5,0.7,0.4,-10.3,25.4,34.0,16.0,11.0,24.4,6.0,0.5,0.7,0.4,-84.6,-69.9,-33.7,-62.0,11.0,29.7,6.0,0.5,0.7,0.4,-4.0,5.7,11.8,4.1,11.0,8.1,6.0,0.5,0.7,0.4,-31.9,-16.8,-8.1,-18.5,11.0,12.7,6.0,0.5,0.7,0.4,244.0,512.0,1521.0,767.0,15.0,621.5,10.0,0.5,0.7,0.4,245.0,510.0,1520.0,765.0,15.0,620.0,10.0,0.5,0.7,0.4
1974,2,239.0,31.0,12.41,13.3,13.71,13.07,3.0,0.97,12.0,1.0,0.6,0.3,12.39,12.8,15.05,13.7,3.0,2.1,12.0,1.0,0.6,0.3,6.3,6.9,8.6,7.44,3.0,1.75,12.0,1.0,0.6,0.3,71.3,76.1,81.1,76.2,3.0,7.2,12.0,1.0,0.3,8.89,9.3,11.76,10.3,3.0,2.27,12.0,1.0,0.6,0.3,3.55,4.35,5.78,4.66,3.0,1.66,12.0,1.0,0.6,0.3,-10.4,-8.74,-7.92,-9.15,3.0,1.85,12.0,1.0,0.6,0.3,1020.83,1021.1,1022.06,1021.43,3.0,0.95,12.0,1.0,0.6,0.3,3.3,6.0,6.7,5.0,3.0,2.6,12.0,1.0,0.6,0.3,32.2,37.8,68.8,50.2,3.0,28.9,12.0,1.0,0.6,0.3,-124.2,-81.3,-70.5,-97.0,3.0,41.6,12.0,1.0,0.6,0.3,-2.17,-0.8,0.91,-0.63,3.0,2.25,12.0,1.0,0.6,0.3,-19.0,-7.4,12.6,-3.3,3.0,23.4,12.0,1.0,0.6,0.3,0.54,1.71,3.1,1.82,3.0,1.88,12.0,1.0,0.6,0.3,5.0,15.9,38.0,21.4,3.0,24.6,12.0,1.0,0.6,0.3,50.0,70.0,75.9,63.1,3.0,19.9,12.0,1.0,0.6,0.3,-131.5,-121.3,-114.9,-123.2,3.0,12.3,12.0,1.0,0.6,0.3,27.3,38.9,40.2,33.9,3.0,10.4,12.0,1.0,0.6,0.3,-69.7,-67.3,-62.5,-66.1,3.0,5.3,12.0,1.0,0.6,0.3,1.7,5.4,18.2,9.9,3.0,12.7,12.0,1.0,0.6,0.3,-33.3,-14.9,-4.7,-18.9,3.0,21.2,12.0,1.0,0.6,0.3,705.0,804.5,1720.5,1203.0,3.0,820.5,12.0,1.0,0.6,0.3,705.0,805.0,1720.0,1205.0,3.0,820.0,12.0,1.0,0.6,0.3
1974,2,239.0,32.0,11.97,12.95,13.48,13.03,12.0,1.17,12.0,0.3,0.6,0.4,11.55,12.75,13.13,12.55,12.0,1.09,12.0,0.3,0.6,0.4,6.79,7.2,7.57,7.23,8.0,0.46,10.0,0.4,0.7,0.3,75.1,77.9,84.0,78.8,8.0,6.8,10.0,0.4,0.3,3.85,8.7,15.4,9.35,12.0,5.0,10.0,0.3,0.6,0.4,2.62,3.28,9.23,4.64,12.0,3.84,10.0,0.3,0.6,0.4,-12.65,-7.41,-1.53,-6.87,12.0,5.52,10.0,0.3,0.6,0.4,1018.37,1019.7,1025.08,1020.82,13.0,3.74,12.0,0.3,0.6,0.4,0.0,0.0,5.0,1.7,13.0,2.6,12.0,0.3,0.6,0.4,13.1,31.7,144.8,55.4,12.0,60.2,10.0,0.3,0.6,0.4,-194.9,-61.4,-6.3,-87.3,12.0,93.8,10.0,0.3,0.6,0.4,-0.9,0.3,1.85,0.48,12.0,1.82,12.0,0.3,0.6,0.4,-3.7,2.6,31.1,11.0,11.0,19.9,12.0,0.3,0.6,0.4,1.74,1.95,3.16,2.25,8.0,0.86,10.0,0.4,0.7,0.3,7.8,17.0,42.8,22.0,8.0,17.0,10.0,0.4,0.7,0.3,32.2,38.7,76.8,50.1,11.0,41.9,12.0,0.3,0.6,0.4,-133.2,-86.6,-18.1,-78.4,11.0,65.8,12.0,0.3,0.6,0.4,17.0,22.2,30.8,25.5,8.0,29.3,10.0,0.4,0.7,0.3,-61.6,-50.5,-16.4,-44.4,8.0,35.0,10.0,0.4,0.7,0.3,4.5,6.1,11.8,10.4,8.0,13.6,10.0,0.4,0.7,0.3,-20.7,-15.3,-4.5,-16.4,8.0,15.2,10.0,0.4,0.7,0.3,59.0,658.5,3652.5,1496.5,12.0,1884.0,10.0,0.3,0.6,0.4,60.0,660.0,3650.0,1495.0,12.0,1885.0,10.0,0.3,0.6,0.4
1974,2,239.0,33.0,11.28,12.2,13.73,12.47,29.0,1.22,16.0,0.6,0.6,0.5,11.04,12.0,14.0,12.33,35.0,1.72,14.0,0.5,0.6,0.5,6.17,7.39,8.1,7.25,25.0,0.95,14.0,0.5,0.6,0.5,72.1,81.9,92.0,81.1,25.0,12.2,14.0,0.5,0.5,4.6,7.45,11.36,7.6,32.0,3.52,14.0,0.6,0.6,0.4,1.04,4.72,7.94,4.38,32.0,3.99,14.0,0.6,0.6,0.4,-8.97,-4.32,-1.53,-4.97,32.0,3.27,14.0,0.6,0.6,0.4,1017.43,1020.3,1023.42,1020.38,37.0,3.08,14.0,0.5,0.6,0.5,0.0,2.0,6.3,2.5,37.0,2.9,14.0,0.5,0.6,0.5,3.6,29.5,82.6,41.7,32.0,45.1,14.0,0.6,0.6,0.4,-107.3,-27.1,-7.0,-46.8,32.0,44.1,14.0,0.6,0.6,0.4,-1.66,0.0,1.98,-0.01,29.0,1.97,16.0,0.6,0.6,0.5,-8.3,0.7,17.9,2.9,27.0,17.0,16.0,0.5,0.6,0.4,0.52,1.64,2.82,1.83,23.0,1.26,14.0,0.5,0.6,0.5,2.3,13.9,25.5,15.1,21.0,12.0,14.0,0.5,0.5,0.5,12.8,52.2,98.5,50.7,30.0,52.8,16.0,0.5,0.6,0.5,-104.0,-59.7,-28.6,-63.5,30.0,38.8,16.0,0.5,0.6,0.5,7.8,36.5,63.3,33.4,22.0,32.4,14.0,0.5,0.6,0.5,-60.4,-44.6,-20.3,-40.8,22.0,22.8,14.0,0.5,0.6,0.5,0.6,7.0,16.7,8.5,21.0,10.4,14.0,0.5,0.5,0.5,-19.9,-5.7,-1.6,-10.2,21.0,9.5,14.0,0.5,0.5,0.5,97.5,426.0,1466.0,711.0,32.0,753.0,14.0,0.6,0.6,0.4,95.0,425.0,1465.0,710.0,32.0,755.0,14.0,0.6,0.6,0.4
1974,2,239.0,34.0,11.1,11.7,12.3,11.7,22.0,0.75,12.0,0.7,0.4,0.3,11.4,12.8,15.0,12.98,23.0,1.9,12.0,0.7,0.4,0.3,5.84,6.54,7.99,6.75,17.0,1.16,14.0,0.7,0.3,0.3,64.9,75.0,82.5,73.7,17.0,8.8,14.0,0.7,0.3,4.05,7.7,9.8,7.0,23.0,3.46,12.0,0.7,0.4,0.3,0.43,3.85,6.05,3.38,23.0,2.57,12.0,0.7,0.4,0.3,-8.49,-6.67,-2.32,-5.48,23.0,3.66,12.0,0.7,0.4,0.3,1018.79,1022.2,1026.2,1022.31,23.0,3.58,12.0,0.7,0.4,0.3,0.0,1.0,6.0,2.3,23.0,2.5,12.0,0.7,0.4,0.3,0.4,20.3,56.3,30.1,23.0,26.9,12.0,0.7,0.4,0.3,-83.2,-48.7,-7.3,-49.1,23.0,42.5,12.0,0.7,0.4,0.3,-3.4,-1.4,0.87,-1.16,22.0,2.26,12.0,0.7,0.4,0.3,-30.1,-8.7,8.2,-8.2,22.0,19.6,12.0,0.7,0.4,0.3,0.63,1.8,3.16,1.81,16.0,1.35,14.0,0.7,0.3,0.3,2.6,13.6,29.2,15.1,16.0,13.8,14.0,0.7,0.3,0.3,5.4,44.5,74.5,42.7,23.0,32.5,12.0,0.7,0.4,0.3,-119.4,-66.7,-30.8,-70.5,23.0,48.9,12.0,0.7,0.4,0.3,-1.4,22.8,39.3,20.5,17.0,18.1,14.0,0.7,0.3,0.3,-59.9,-37.2,-22.4,-37.2,17.0,24.7,14.0,0.7,0.3,0.3,-0.9,6.5,11.8,6.5,16.0,7.5,14.0,0.7,0.3,0.3,-25.6,-11.7,-0.7,-12.5,16.0,12.9,14.0,0.7,0.3,0.3,66.5,456.5,941.0,572.0,23.0,582.0,12.0,0.7,0.4,0.3,65.0,455.0,940.0,570.0,23.0,580.0,12.0,0.7,0.4,0.3
1974,2,239.0,35.0,,,,,,,,,,,,,,,,,,,,,,,,,,,,,,,,,,,,,,,,3.0,3.0,3.0,3.0,1.0,0.0,10.0,1.0,0.2,0.1,2.3,2.3,2.3,2.3,1.0,0.0,10.0,1.0,0.2,0.1,-1.93,-1.93,-1.93,-1.93,1.0,0.0,10.0,1.0,0.2,0.1,1025.5,1025.5,1025.5,1025.5,1.0,0.0,10.0,1.0,0.2,0.1,,,,,,,,,,,,,,,,,,,,,,,,,,,,,,,,,,,,,,,,,,,,,,,,,,,,,,,,,,,,,,,,,,,,,,,,,,,,,,,,,,,,,,,,,,,,,,,,,,,,,,,,,,,,,,,,,,,,,,,,,,,,,,,,,,,,,,,,,,,,,,,,,,,,,,
1974,2,240.0,-70.0,-0.1,-0.1,-0.1,-0.1,1.0,0.0,22.0,0.0,0.9,0.4,-0.4,-0.4,-0.4,-0.4,1.0,0.0,22.0,0.0,0.9,0.4,2.92,2.92,2.92,2.92,1.0,0.0,22.0,0.0,0.9,0.4,76.6,76.6,76.6,76.6,1.0,0.0,22.0,0.0,0.4,7.7,7.7,7.7,7.7,1.0,0.0,22.0,0.0,0.9,0.4,4.95,4.95,4.95,4.95,1.0,0.0,22.0,0.0,0.9,0.4,-5.9,-5.9,-5.9,-5.9,1.0,0.0,22.0,0.0,0.9,0.4,974.6,974.6,974.6,974.6,1.0,0.0,22.0,0.0,0.9,0.4,8.0,8.0,8.0,8.0,1.0,0.0,22.0,0.0,0.9,0.4,38.1,38.1,38.1,38.1,1.0,0.0,22.0,0.0,0.9,0.4,-45.4,-45.4,-45.4,-45.4,1.0,0.0,22.0,0.0,0.9,0.4,0.3,0.3,0.3,0.3,1.0,0.0,22.0,0.0,0.9,0.4,2.3,2.3,2.3,2.3,1.0,0.0,22.0,0.0,0.9,0.4,0.98,0.98,0.98,0.98,1.0,0.0,22.0,0.0,0.9,0.4,7.5,7.5,7.5,7.5,1.0,0.0,22.0,0.0,0.9,0.4,-2.0,-2.0,-2.0,-2.0,1.0,0.0,22.0,0.0,0.9,0.4,2.4,2.4,2.4,2.4,1.0,0.0,22.0,0.0,0.9,0.4,14.5,14.5,14.5,14.5,1.0,0.0,22.0,0.0,0.9,0.4,-17.2,-17.2,-17.2,-17.2,1.0,0.0,22.0,0.0,0.9,0.4,4.8,4.8,4.8,4.8,1.0,0.0,22.0,0.0,0.9,0.4,-5.8,-5.8,-5.8,-5.8,1.0,0.0,22.0,0.0,0.9,0.4,456.5,456.5,456.5,456.5,1.0,0.0,22.0,0.0,0.9,0.4,455.0,455.0,455.0,455.0,1.0,0.0,22.0,0.0,0.9,0.4
1974,2,240.0,-39.0,18.6,18.6,18.6,18.6,1.0,0.0,2.0,1.0,0.6,0.8,17.14,17.45,17.76,17.45,2.0,0.64,14.0,0.5,0.6,0.6,8.56,8.56,8.56,8.56,1.0,0.0,28.0,0.0,0.7,0.4,73.0,74.4,75.8,74.4,2.0,2.9,14.0,0.5,0.6,4.1,4.1,4.1,4.1,2.0,0.0,14.0,0.5,0.6,0.6,-3.85,-3.85,-3.85,-3.85,2.0,0.0,14.0,0.5,0.6,0.6,-0.96,0.0,0.96,0.0,2.0,1.98,14.0,0.5,0.6,0.6,1029.0,1029.0,1029.0,1029.0,1.0,0.0,28.0,0.0,0.7,0.4,1.3,2.0,2.7,2.0,2.0,1.4,14.0,0.5,0.6,0.6,-15.8,-15.8,-15.8,-15.8,2.0,0.0,14.0,0.5,0.6,0.6,-3.9,0.0,3.9,0.0,2.0,8.1,14.0,0.5,0.6,0.6,,,,,,,,,,,,,,,,,,,,,,,,,,,,,,,,,,,,,,,,,-68.4,-67.2,-66.0,-67.2,2.0,2.5,14.0,0.5,0.6,0.6,-16.1,0.6,17.3,0.6,2.0,34.6,14.0,0.5,0.6,0.6,-33.0,-33.0,-33.0,-33.0,1.0,0.0,28.0,0.0,0.7,0.4,-12.0,-12.0,-12.0,-12.0,1.0,0.0,28.0,0.0,0.7,0.4,,,,,,,,,,,,,,,,,,,,,,,,,,,,,,,,,,,,,,,,
1974,2,240.0,-35.0,21.8,21.8,21.8,21.8,1.0,0.0,2.0,0.0,0.2,0.2,21.0,21.0,21.0,21.0,1.0,0.0,2.0,0.0,0.2,0.2,9.75,9.75,9.75,9.75,1.0,0.0,2.0,0.0,0.2,0.2,64.3,64.3,64.3,64.3,1.0,0.0,2.0,0.0,0.2,3.6,3.6,3.6,3.6,1.0,0.0,2.0,0.0,0.2,0.2,-3.12,-3.12,-3.12,-3.12,1.0,0.0,2.0,0.0,0.2,0.2,1.8,1.8,1.8,1.8,1.0,0.0,2.0,0.0,0.2,0.2,1030.0,1030.0,1030.0,1030.0,1.0,0.0,2.0,0.0,0.2,0.2,3.0,3.0,3.0,3.0,1.0,0.0,2.0,0.0,0.2,0.2,-11.2,-11.2,-11.2,-11.2,1.0,0.0,2.0,0.0,0.2,0.2,6.5,6.5,6.5,6.5,1.0,0.0,2.0,0.0,0.2,0.2,0.8,0.8,0.8,0.8,1.0,0.0,2.0,0.0,0.2,0.2,2.9,2.9,2.9,2.9,1.0,0.0,2.0,0.0,0.2,0.2,6.25,6.25,6.25,6.25,1.0,0.0,2.0,0.0,0.2,0.2,22.5,22.5,22.5,22.5,1.0,0.0,2.0,0.0,0.2,0.2,-65.5,-65.5,-65.5,-65.5,1.0,0.0,2.0,0.0,0.2,0.2,37.8,37.8,37.8,37.8,1.0,0.0,2.0,0.0,0.2,0.2,-30.4,-30.4,-30.4,-30.4,1.0,0.0,2.0,0.0,0.2,0.2,17.5,17.5,17.5,17.5,1.0,0.0,2.0,0.0,0.2,0.2,-19.5,-19.5,-19.5,-19.5,1.0,0.0,2.0,0.0,0.2,0.2,11.2,11.2,11.2,11.2,1.0,0.0,2.0,0.0,0.2,0.2,46.5,46.5,46.5,46.5,1.0,0.0,2.0,0.0,0.2,0.2,45.0,45.0,45.0,45.0,1.0,0.0,2.0,0.0,0.2,0.2
1974,2,240.0,-31.0,,,,,,,,,,,,,,,,,,,,,,,,,,,,,,,,,,,,,,,,10.0,10.0,10.0,10.0,1.0,0.0,10.0,1.0,0.7,0.5,-7.66,-7.66,-7.66,-7.66,1.0,0.0,10.0,1.0,0.7,0.5,-6.43,-6.43,-6.43,-6.43,1.0,0.0,10.0,1.0,0.7,0.5,1021.8,1021.8,1021.8,1021.8,1.0,0.0,10.0,1.0,0.7,0.5,,,,,,,,,,,,,,,,,,,,,,,,,,,,,,,,,,,,,,,,,,,,,,,,,,,,,,,,,,,,,,,,,,,,,,,,,,,,,,,,,,,,,,,,,,,,,,,,,,,,,,,,,,,,,,,,,,,,,,,,,,,,,,,,,,,,,,,,,,,,,,,,,,,,,,
1974,2,240.0,-30.0,26.5,26.5,26.5,26.5,1.0,0.0,24.0,0.0,0.5,0.5,24.5,24.5,24.5,24.5,1.0,0.0,24.0,0.0,0.5,0.5,14.68,14.68,14.68,14.68,1.0,0.0,24.0,0.0,0.5,0.5,77.4,77.4,77.4,77.4,1.0,0.0,24.0,0.0,0.5,3.6,3.6,3.6,3.6,1.0,0.0,24.0,0.0,0.5,0.5,2.31,2.31,2.31,2.31,1.0,0.0,24.0,0.0,0.5,0.5,-2.76,-2.76,-2.76,-2.76,1.0,0.0,24.0,0.0,0.5,0.5,1022.8,1022.8,1022.8,1022.8,1.0,0.0,24.0,0.0,0.5,0.5,0.0,0.0,0.0,0.0,1.0,0.0,24.0,0.0,0.5,0.5,8.3,8.3,8.3,8.3,1.0,0.0,24.0,0.0,0.5,0.5,-9.9,-9.9,-9.9,-9.9,1.0,0.0,24.0,0.0,0.5,0.5,2.0,2.0,2.0,2.0,1.0,0.0,24.0,0.0,0.5,0.5,7.2,7.2,7.2,7.2,1.0,0.0,24.0,0.0,0.5,0.5,6.76,6.76,6.76,6.76,1.0,0.0,24.0,0.0,0.5,0.5,24.3,24.3,24.3,24.3,1.0,0.0,24.0,0.0,0.5,0.5,56.7,56.7,56.7,56.7,1.0,0.0,24.0,0.0,0.5,0.5,-67.6,-67.6,-67.6,-67.6,1.0,0.0,24.0,0.0,0.5,0.5,34.0,34.0,34.0,34.0,1.0,0.0,24.0,0.0,0.5,0.5,-40.5,-40.5,-40.5,-40.5,1.0,0.0,24.0,0.0,0.5,0.5,15.6,15.6,15.6,15.6,1.0,0.0,24.0,0.0,0.5,0.5,-18.6,-18.6,-18.6,-18.6,1.0,0.0,24.0,0.0,0.5,0.5,46.5,46.5,46.5,46.5,1.0,0.0,24.0,0.0,0.5,0.5,45.0,45.0,45.0,45.0,1.0,0.0,24.0,0.0,0.5,0.5
1974,2,240.0,-29.0,,,,,,,,,,,,,,,,,,,,,,,,,,,,,,,,,,,,,,,,14.9,14.9,14.9,14.9,1.0,0.0,4.0,1.0,0.6,0.6,-12.9,-12.9,-12.9,-12.9,1.0,0.0,4.0,1.0,0.6,0.6,-7.45,-7.45,-7.45,-7.45,1.0,0.0,4.0,1.0,0.6,0.6,1021.2,1021.2,1021.2,1021.2,1.0,0.0,4.0,1.0,0.6,0.6,7.0,7.0,7.0,7.0,1.0,0.0,4.0,1.0,0.6,0.6,-192.3,-192.3,-192.3,-192.3,1.0,0.0,4.0,1.0,0.6,0.6,-111.0,-111.0,-111.0,-111.0,1.0,0.0,4.0,1.0,0.6,0.6,,,,,,,,,,,,,,,,,,,,,,,,,,,,,,,,,,,,,,,,,-344.5,-344.5,-344.5,-344.5,1.0,0.0,4.0,1.0,0.6,0.6,-198.9,-198.9,-198.9,-198.9,1.0,0.0,4.0,1.0,0.6,0.6,-221.4,-221.4,-221.4,-221.4,1.0,0.0,4.0,1.0,0.6,0.6,-127.8,-127.8,-127.8,-127.8,1.0,0.0,4.0,1.0,0.6,0.6,,,,,,,,,,,,,,,,,,,,,,,,,,,,,,,,,,,,,,,,
1974,2,240.0,-28.0,26.28,26.45,26.62,26.45,2.0,0.35,8.0,0.5,0.3,0.5,24.53,24.6,24.67,24.6,2.0,0.14,8.0,0.5,0.3,0.5,13.42,14.0,14.59,14.0,2.0,1.22,8.0,0.5,0.3,0.5,70.9,73.6,76.2,73.6,2.0,5.5,8.0,0.5,0.5,6.85,8.25,9.65,8.25,2.0,2.9,8.0,0.5,0.3,0.5,-7.49,-6.63,-5.77,-6.63,2.0,1.78,8.0,0.5,0.3,0.5,-1.56,1.76,5.08,1.76,2.0,6.87,8.0,0.5,0.3,0.5,1023.1,1024.4,1025.7,1024.4,2.0,2.69,8.0,0.5,0.3,0.5,3.0,5.0,7.0,5.0,2.0,4.2,8.0,0.5,0.3,0.5,-73.7,-57.3,-40.9,-57.3,2.0,33.9,8.0,0.5,0.3,0.5,-5.3,24.5,54.3,24.5,2.0,61.8,8.0,0.5,0.3,0.5,1.61,1.85,2.09,1.85,2.0,0.49,8.0,0.5,0.3,0.5,11.4,16.0,20.5,16.0,2.0,9.4,8.0,0.5,0.3,0.5,6.55,7.33,8.11,7.33,2.0,1.61,8.0,0.5,0.3,0.5,46.2,62.8,79.5,62.8,2.0,34.5,8.0,0.5,0.3,0.5,-183.7,-163.0,-142.3,-163.0,2.0,42.9,8.0,0.5,0.3,0.5,-38.7,42.8,124.3,42.8,2.0,168.8,8.0,0.5,0.3,0.5,-99.9,-91.8,-83.6,-91.8,2.0,16.9,8.0,0.5,0.3,0.5,-25.0,20.5,65.9,20.5,2.0,94.1,8.0,0.5,0.3,0.5,-61.5,-50.0,-38.6,-50.0,2.0,23.7,8.0,0.5,0.3,0.5,-7.3,18.4,44.1,18.4,2.0,53.2,8.0,0.5,0.3,0.5,374.0,665.5,957.0,665.5,2.0,604.0,8.0,0.5,0.3,0.5,375.0,665.0,955.0,665.0,2.0,605.0,8.0,0.5,0.3,0.5
1974,2,240.0,-26.0,26.1,26.1,26.1,26.1,1.0,0.0,8.0,1.0,0.8,0.7,25.0,25.0,25.0,25.0,1.0,0.0,8.0,1.0,0.8,0.7,14.82,14.82,14.82,14.82,1.0,0.0,8.0,1.0,0.8,0.7,75.6,75.6,75.6,75.6,1.0,0.0,8.0,1.0,0.7,10.3,10.3,10.3,10.3,1.0,0.0,8.0,1.0,0.8,0.7,-9.68,-9.68,-9.68,-9.68,1.0,0.0,8.0,1.0,0.8,0.7,3.52,3.52,3.52,3.52,1.0,0.0,8.0,1.0,0.8,0.7,1019.3,1019.3,1019.3,1019.3,1.0,0.0,8.0,1.0,0.8,0.7,6.0,6.0,6.0,6.0,1.0,0.0,8.0,1.0,0.8,0.7,-99.7,-99.7,-99.7,-99.7,1.0,0.0,8.0,1.0,0.8,0.7,36.3,36.3,36.3,36.3,1.0,0.0,8.0,1.0,0.8,0.7,1.1,1.1,1.1,1.1,1.0,0.0,8.0,1.0,0.8,0.7,11.3,11.3,11.3,11.3,1.0,0.0,8.0,1.0,0.8,0.7,6.18,6.18,6.18,6.18,1.0,0.0,8.0,1.0,0.8,0.7,63.6,63.6,63.6,63.6,1.0,0.0,8.0,1.0,0.8,0.7,-242.0,-242.0,-242.0,-242.0,1.0,0.0,8.0,1.0,0.8,0.7,88.1,88.1,88.1,88.1,1.0,0.0,8.0,1.0,0.8,0.7,-143.4,-143.4,-143.4,-143.4,1.0,0.0,8.0,1.0,0.8,0.7,52.2,52.2,52.2,52.2,1.0,0.0,8.0,1.0,0.8,0.7,-59.8,-59.8,-59.8,-59.8,1.0,0.0,8.0,1.0,0.8,0.7,21.8,21.8,21.8,21.8,1.0,0.0,8.0,1.0,0.8,0.7,1092.5,1092.5,1092.5,1092.5,1.0,0.0,8.0,1.0,0.8,0.7,1095.0,1095.0,1095.0,1095.0,1.0,0.0,8.0,1.0,0.8,0.7
1974,2,240.0,-23.0,,,,,,,,,,,,,,,,,,,,,,,,,,,,,,,,,,,,,,,,8.0,8.0,8.0,8.0,1.0,0.0,26.0,0.0,0.6,0.5,-8.0,-8.0,-8.0,-8.0,1.0,0.0,26.0,0.0,0.6,0.5,0.0,0.0,0.0,0.0,1.0,0.0,26.0,0.0,0.6,0.5,1024.3,1024.3,1024.3,1024.3,1.0,0.0,26.0,0.0,0.6,0.5,,,,,,,,,,,,,,,,,,,,,,,,,,,,,,,,,,,,,,,,,,,,,,,,,,,,,,,,,,,,,,,,,,,,,,,,,,,,,,,,,,,,,,,,,,,,,,,,,,,,,,,,,,,,,,,,,,,,,,,,,,,,,,,,,,,,,,,,,,,,,,,,,,,,,,
1974,2,240.0,-22.0,24.16,24.5,24.84,24.5,2.0,0.71,8.0,1.0,0.9,0.8,25.69,26.1,26.51,26.1,2.0,0.85,8.0,1.0,0.9,0.8,14.02,14.99,15.95,14.99,2.0,2.0,8.0,1.0,0.9,0.8,68.6,71.4,74.1,71.4,2.0,5.8,8.0,1.0,0.8,7.95,8.5,9.05,8.5,2.0,1.13,8.0,1.0,0.9,0.8,-8.91,-8.37,-7.83,-8.37,2.0,1.11,8.0,1.0,0.9,0.8,1.38,1.48,1.57,1.48,2.0,0.2,8.0,1.0,0.9,0.8,1017.34,1018.3,1019.26,1018.3,2.0,1.98,8.0,1.0,0.9,0.8,3.6,5.0,6.4,5.0,2.0,2.8,8.0,1.0,0.9,0.8,-80.9,-71.8,-62.6,-71.8,2.0,18.9,8.0,1.0,0.9,0.8,11.0,12.7,14.3,12.7,2.0,3.3,8.0,1.0,0.9,0.8,-1.67,-1.6,-1.53,-1.6,2.0,0.14,8.0,1.0,0.9,0.8,-15.1,-13.7,-12.2,-13.7,2.0,3.0,8.0,1.0,0.9,0.8,3.55,4.11,4.66,4.11,2.0,1.15,8.0,1.0,0.9,0.8,31.8,34.3,36.7,34.3,2.0,5.1,8.0,1.0,0.9,0.8,-236.4,-219.0,-201.5,-219.0,2.0,36.2,8.0,1.0,0.9,0.8,35.5,38.6,41.7,38.6,2.0,6.4,8.0,1.0,0.9,0.8,-142.7,-126.6,-110.4,-126.6,2.0,33.5,8.0,1.0,0.9,0.8,19.5,22.3,25.2,22.3,2.0,5.9,8.0,1.0,0.9,0.8,-36.2,-33.8,-31.3,-33.8,2.0,5.0,8.0,1.0,0.9,0.8,5.5,6.0,6.4,6.0,2.0,0.9,8.0,1.0,0.9,0.8,511.5,630.5,749.0,630.5,2.0,246.0,8.0,1.0,0.9,0.8,510.0,630.0,750.0,630.0,2.0,245.0,8.0,1.0,0.9,0.8
1974,2,240.0,-21.0,23.99,24.65,27.04,25.48,4.0,2.28,10.0,0.5,0.7,0.8,23.57,24.8,26.6,25.08,4.0,2.01,10.0,0.5,0.7,0.8,13.76,14.16,15.12,14.43,4.0,0.96,10.0,0.5,0.7,0.8,65.0,73.9,82.4,73.7,4.0,10.3,10.0,0.5,0.8,4.34,6.2,8.59,6.45,4.0,2.98,10.0,0.5,0.7,0.8,-8.31,-5.62,-3.39,-5.84,4.0,3.38,10.0,0.5,0.7,0.8,0.15,2.33,2.62,1.43,4.0,2.16,10.0,0.5,0.7,0.8,1017.43,1017.9,1017.95,1017.7,4.0,0.47,10.0,0.5,0.7,0.8,3.0,4.5,6.0,4.5,4.0,2.1,10.0,0.5,0.7,0.8,-74.8,-35.2,-16.6,-45.2,4.0,42.2,10.0,0.5,0.7,0.8,-6.1,11.4,15.8,5.1,4.0,16.2,10.0,0.5,0.7,0.8,-2.19,0.45,2.98,0.4,4.0,3.52,10.0,0.5,0.7,0.8,-21.9,3.2,11.3,-4.9,4.0,24.4,10.0,0.5,0.7,0.8,4.34,5.51,7.62,5.96,4.0,2.18,10.0,0.5,0.7,0.8,29.8,33.8,38.0,33.9,4.0,5.4,10.0,0.5,0.7,0.8,-216.1,-135.1,-85.0,-149.8,4.0,96.9,10.0,0.5,0.7,0.8,-0.9,55.1,65.3,33.3,4.0,55.8,10.0,0.5,0.7,0.8,-118.2,-77.5,-48.5,-83.1,4.0,47.9,10.0,0.5,0.7,0.8,1.7,34.7,38.2,20.6,4.0,31.0,10.0,0.5,0.7,0.8,-35.4,-30.5,-23.7,-29.6,4.0,9.0,10.0,0.5,0.7,0.8,1.6,14.4,19.5,10.7,4.0,12.5,10.0,0.5,0.7,0.8,104.0,243.0,715.5,402.0,4.0,473.5,10.0,0.5,0.7,0.8,105.0,245.0,715.0,400.0,4.0,475.0,10.0,0.5,0.7,0.8
1974,2,240.0,-20.0,24.63,26.0,26.07,25.37,3.0,1.18,10.0,0.7,0.5,0.4,23.75,24.3,25.12,24.43,3.0,1.01,10.0,0.7,0.5,0.4,13.51,13.69,14.68,14.08,3.0,0.92,10.0,0.7,0.5,0.4,69.6,76.3,79.1,74.4,3.0,7.1,10.0,0.7,0.4,7.5,10.3,10.98,9.27,3.0,2.7,10.0,0.7,0.5,0.4,-9.67,-8.66,-5.47,-7.6,3.0,3.21,10.0,0.7,0.5,0.4,2.73,4.75,6.47,4.6,3.0,2.74,10.0,0.7,0.5,0.4,1016.63,1016.7,1017.59,1017.1,3.0,0.78,10.0,0.7,0.5,0.4,1.6,3.0,5.7,3.7,3.0,3.1,10.0,0.7,0.5,0.4,-102.4,-97.8,-47.9,-75.7,3.0,44.3,10.0,0.7,0.5,0.4,21.9,29.4,65.4,43.3,3.0,34.0,10.0,0.7,0.5,0.4,-0.48,1.7,2.31,0.93,3.0,2.15,10.0,0.7,0.5,0.4,-8.2,10.5,21.6,6.8,3.0,22.1,10.0,0.7,0.5,0.4,5.32,5.79,6.86,6.08,3.0,1.16,10.0,0.7,0.5,0.4,42.8,57.6,70.0,56.4,3.0,20.0,10.0,0.7,0.5,0.4,-232.8,-220.7,-136.2,-185.3,3.0,77.1,10.0,0.7,0.5,0.4,65.3,115.4,163.1,114.2,3.0,71.6,10.0,0.7,0.5,0.4,-131.7,-116.2,-78.1,-105.1,3.0,40.4,10.0,0.7,0.5,0.4,39.5,71.9,89.4,64.6,3.0,37.0,10.0,0.7,0.5,0.4,-65.0,-44.1,-29.8,-47.3,3.0,25.9,10.0,0.7,0.5,0.4,17.7,27.5,34.0,25.9,3.0,12.0,10.0,0.7,0.5,0.4,509.5,1092.5,1332.0,924.5,3.0,619.5,10.0,0.7,0.5,0.4,510.0,1095.0,1330.0,925.0,3.0,620.0,10.0,0.7,0.5,0.4
1974,2,240.0,-17.0,24.5,24.5,24.5,24.5,1.0,0.0,28.0,1.0,0.5,0.2,22.0,22.0,22.0,22.0,1.0,0.0,28.0,1.0,0.5,0.2,14.48,14.48,14.48,14.48,1.0,0.0,28.0,1.0,0.5,0.2,88.4,88.4,88.4,88.4,1.0,0.0,28.0,1.0,0.2,7.2,7.2,7.2,7.2,1.0,0.0,28.0,1.0,0.5,0.2,-6.77,-6.77,-6.77,-6.77,1.0,0.0,28.0,1.0,0.5,0.2,2.46,2.46,2.46,2.46,1.0,0.0,28.0,1.0,0.5,0.2,1017.1,1017.1,1017.1,1017.1,1.0,0.0,28.0,1.0,0.5,0.2,7.0,7.0,7.0,7.0,1.0,0.0,28.0,1.0,0.5,0.2,-48.7,-48.7,-48.7,-48.7,1.0,0.0,28.0,1.0,0.5,0.2,17.7,17.7,17.7,17.7,1.0,0.0,28.0,1.0,0.5,0.2,2.5,2.5,2.5,2.5,1.0,0.0,28.0,1.0,0.5,0.2,18.0,18.0,18.0,18.0,1.0,0.0,28.0,1.0,0.5,0.2,4.62,4.62,4.62,4.62,1.0,0.0,28.0,1.0,0.5,0.2,33.3,33.3,33.3,33.3,1.0,0.0,28.0,1.0,0.5,0.2,-148.8,-148.8,-148.8,-148.8,1.0,0.0,28.0,1.0,0.5,0.2,54.2,54.2,54.2,54.2,1.0,0.0,28.0,1.0,0.5,0.2,-98.0,-98.0,-98.0,-98.0,1.0,0.0,28.0,1.0,0.5,0.2,35.7,35.7,35.7,35.7,1.0,0.0,28.0,1.0,0.5,0.2,-31.3,-31.3,-31.3,-31.3,1.0,0.0,28.0,1.0,0.5,0.2,11.4,11.4,11.4,11.4,1.0,0.0,28.0,1.0,0.5,0.2,373.0,373.0,373.0,373.0,1.0,0.0,28.0,1.0,0.5,0.2,375.0,375.0,375.0,375.0,1.0,0.0,28.0,1.0,0.5,0.2
1974,2,240.0,-14.0,25.1,25.1,25.1,25.1,1.0,0.0,16.0,1.0,0.4,1.0,24.9,24.9,24.9,24.9,1.0,0.0,16.0,1.0,0.4,1.0,14.54,14.54,14.54,14.54,1.0,0.0,16.0,1.0,0.4,1.0,74.2,74.2,74.2,74.2,1.0,0.0,16.0,1.0,1.0,8.7,8.7,8.7,8.7,1.0,0.0,16.0,1.0,0.4,1.0,-8.18,-8.18,-8.18,-8.18,1.0,0.0,16.0,1.0,0.4,1.0,2.98,2.98,2.98,2.98,1.0,0.0,16.0,1.0,0.4,1.0,1013.4,1013.4,1013.4,1013.4,1.0,0.0,16.0,1.0,0.4,1.0,7.0,7.0,7.0,7.0,1.0,0.0,16.0,1.0,0.4,1.0,-71.1,-71.1,-71.1,-71.1,1.0,0.0,16.0,1.0,0.4,1.0,25.9,25.9,25.9,25.9,1.0,0.0,16.0,1.0,0.4,1.0,0.2,0.2,0.2,0.2,1.0,0.0,16.0,1.0,0.4,1.0,1.7,1.7,1.7,1.7,1.0,0.0,16.0,1.0,0.4,1.0,5.35,5.35,5.35,5.35,1.0,0.0,16.0,1.0,0.4,1.0,46.5,46.5,46.5,46.5,1.0,0.0,16.0,1.0,0.4,1.0,-203.6,-203.6,-203.6,-203.6,1.0,0.0,16.0,1.0,0.4,1.0,74.1,74.1,74.1,74.1,1.0,0.0,16.0,1.0,0.4,1.0,-118.9,-118.9,-118.9,-118.9,1.0,0.0,16.0,1.0,0.4,1.0,43.3,43.3,43.3,43.3,1.0,0.0,16.0,1.0,0.4,1.0,-43.7,-43.7,-43.7,-43.7,1.0,0.0,16.0,1.0,0.4,1.0,15.9,15.9,15.9,15.9,1.0,0.0,16.0,1.0,0.4,1.0,658.5,658.5,658.5,658.5,1.0,0.0,16.0,1.0,0.4,1.0,660.0,660.0,660.0,660.0,1.0,0.0,16.0,1.0,0.4,1.0
1974,2,240.0,-10.0,24.5,24.5,24.5,24.5,1.0,0.0,4.0,0.0,0.7,0.5,23.0,23.0,23.0,23.0,1.0,0.0,4.0,0.0,0.7,0.5,16.08,16.08,16.08,16.08,1.0,0.0,4.0,0.0,0.7,0.5,91.8,91.8,91.8,91.8,1.0,0.0,4.0,0.0,0.5,7.7,7.7,7.7,7.7,1.0,0.0,4.0,0.0,0.7,0.5,-7.24,-7.24,-7.24,-7.24,1.0,0.0,4.0,0.0,0.7,0.5,2.63,2.63,2.63,2.63,1.0,0.0,4.0,0.0,0.7,0.5,1012.0,1012.0,1012.0,1012.0,1.0,0.0,4.0,0.0,0.7,0.5,1.0,1.0,1.0,1.0,1.0,0.0,4.0,0.0,0.7,0.5,-55.7,-55.7,-55.7,-55.7,1.0,0.0,4.0,0.0,0.7,0.5,20.3,20.3,20.3,20.3,1.0,0.0,4.0,0.0,0.7,0.5,1.5,1.5,1.5,1.5,1.0,0.0,4.0,0.0,0.7,0.5,11.6,11.6,11.6,11.6,1.0,0.0,4.0,0.0,0.7,0.5,3.12,3.12,3.12,3.12,1.0,0.0,4.0,0.0,0.7,0.5,24.1,24.1,24.1,24.1,1.0,0.0,4.0,0.0,0.7,0.5,-166.4,-166.4,-166.4,-166.4,1.0,0.0,4.0,0.0,0.7,0.5,60.6,60.6,60.6,60.6,1.0,0.0,4.0,0.0,0.7,0.5,-116.4,-116.4,-116.4,-116.4,1.0,0.0,4.0,0.0,0.7,0.5,42.3,42.3,42.3,42.3,1.0,0.0,4.0,0.0,0.7,0.5,-22.6,-22.6,-22.6,-22.6,1.0,0.0,4.0,0.0,0.7,0.5,8.2,8.2,8.2,8.2,1.0,0.0,4.0,0.0,0.7,0.5,456.5,456.5,456.5,456.5,1.0,0.0,4.0,0.0,0.7,0.5,455.0,455.0,455.0,455.0,1.0,0.0,4.0,0.0,0.7,0.5
1974,2,240.0,-8.0,25.5,25.5,25.5,25.5,2.0,0.0,24.0,0.0,0.5,0.6,24.5,24.7,24.9,24.7,2.0,0.42,24.0,0.0,0.5,0.6,17.35,17.39,17.43,17.39,2.0,0.08,24.0,0.0,0.5,0.6,88.2,89.5,90.8,89.5,2.0,2.7,24.0,0.0,0.6,8.16,8.5,8.84,8.5,2.0,0.71,24.0,0.0,0.5,0.6,-8.31,-7.99,-7.67,-7.99,2.0,0.66,24.0,0.0,0.5,0.6,2.79,2.91,3.02,2.91,2.0,0.24,24.0,0.0,0.5,0.6,1010.73,1010.8,1010.87,1010.8,2.0,0.14,24.0,0.0,0.5,0.6,6.3,7.0,7.7,7.0,2.0,1.4,24.0,0.0,0.5,0.6,-73.6,-68.1,-62.7,-68.1,2.0,11.3,24.0,0.0,0.5,0.6,22.8,24.8,26.8,24.8,2.0,4.1,24.0,0.0,0.5,0.6,0.6,0.8,1.0,0.8,2.0,0.42,24.0,0.0,0.5,0.6,5.2,6.7,8.1,6.7,2.0,3.0,24.0,0.0,0.5,0.6,3.0,3.04,3.07,3.04,2.0,0.07,24.0,0.0,0.5,0.6,24.5,25.8,27.2,25.8,2.0,2.8,24.0,0.0,0.5,0.6,-207.0,-197.4,-187.9,-197.4,2.0,19.8,24.0,0.0,0.5,0.6,68.4,71.9,75.3,71.9,2.0,7.2,24.0,0.0,0.5,0.6,-144.1,-138.9,-133.6,-138.9,2.0,10.9,24.0,0.0,0.5,0.6,48.6,50.5,52.5,50.5,2.0,4.0,24.0,0.0,0.5,0.6,-25.6,-24.3,-23.0,-24.3,2.0,2.6,24.0,0.0,0.5,0.6,8.4,8.8,9.3,8.8,2.0,1.0,24.0,0.0,0.5,0.6,546.5,620.5,694.5,620.5,2.0,153.5,24.0,0.0,0.5,0.6,545.0,620.0,695.0,620.0,2.0,155.0,24.0,0.0,0.5,0.6
1974,2,240.0,-7.0,25.19,25.6,26.01,25.6,2.0,0.85,22.0,0.0,1.0,0.7,24.25,25.0,25.55,24.9,3.0,0.95,16.0,0.0,0.9,0.6,14.47,14.53,16.35,15.39,3.0,1.57,16.0,0.0,0.9,0.6,75.2,78.3,81.5,78.4,3.0,4.6,16.0,0.0,0.6,5.1,5.1,5.85,5.47,3.0,0.64,16.0,0.0,0.9,0.6,-4.28,-3.28,-2.23,-3.26,3.0,1.5,16.0,0.0,0.9,0.6,3.93,3.99,4.54,4.23,3.0,0.49,16.0,0.0,0.9,0.6,1012.84,1014.0,1014.0,1013.43,3.0,0.98,16.0,0.0,0.9,0.6,1.3,2.0,5.4,3.3,3.0,3.2,16.0,0.0,0.9,0.6,-25.4,-16.7,-11.4,-18.4,3.0,10.4,16.0,0.0,0.9,0.6,21.4,24.4,24.6,23.0,3.0,2.7,16.0,0.0,0.9,0.6,0.06,0.2,0.34,0.2,2.0,0.28,22.0,0.0,1.0,0.7,0.3,1.0,1.7,1.0,2.0,1.4,22.0,0.0,1.0,0.7,4.25,4.65,5.04,4.65,2.0,0.82,22.0,0.0,1.0,0.7,22.6,26.6,30.6,26.6,2.0,8.2,22.0,0.0,1.0,0.7,-105.9,-78.3,-55.6,-80.7,3.0,36.9,16.0,0.0,0.9,0.6,95.4,99.6,116.0,105.6,3.0,16.0,16.0,0.0,0.9,0.6,-62.1,-47.3,-35.5,-48.8,3.0,19.5,16.0,0.0,0.9,0.6,56.9,57.9,74.7,65.6,3.0,14.6,16.0,0.0,0.9,0.6,-22.0,-16.0,-9.9,-16.0,2.0,12.5,22.0,0.0,1.0,0.7,19.7,20.2,20.6,20.2,2.0,0.9,22.0,0.0,1.0,0.7,132.5,132.5,205.0,168.0,3.0,61.0,16.0,0.0,0.9,0.6,135.0,135.0,205.0,170.0,3.0,60.0,16.0,0.0,0.9,0.6
1974,2,240.0,-6.0,26.29,26.9,27.51,26.9,2.0,1.27,10.0,1.0,0.5,0.7,26.0,26.0,26.0,26.0,2.0,0.0,10.0,1.0,0.5,0.7,17.34,18.13,18.93,18.13,2.0,1.65,10.0,1.0,0.5,0.7,82.8,86.5,90.3,86.5,2.0,7.7,10.0,1.0,0.7,4.68,4.85,5.02,4.85,2.0,0.35,10.0,1.0,0.5,0.7,-2.51,-2.42,-2.34,-2.42,2.0,0.18,10.0,1.0,0.5,0.7,4.05,4.2,4.35,4.2,2.0,0.31,10.0,1.0,0.5,0.7,1013.31,1013.55,1013.79,1013.55,2.0,0.49,10.0,1.0,0.5,0.7,4.3,5.0,5.7,5.0,2.0,1.4,10.0,1.0,0.5,0.7,-12.6,-11.8,-11.0,-11.8,2.0,1.7,10.0,1.0,0.5,0.7,19.0,20.4,21.9,20.4,2.0,3.0,10.0,1.0,0.5,0.7,0.29,0.9,1.51,0.9,2.0,1.27,10.0,1.0,0.5,0.7,1.5,4.6,7.7,4.6,2.0,6.5,10.0,1.0,0.5,0.7,2.45,4.05,5.65,4.05,2.0,3.32,10.0,1.0,0.5,0.7,11.8,20.2,28.7,20.2,2.0,17.5,10.0,1.0,0.5,0.7,-65.3,-63.0,-60.8,-63.0,2.0,4.6,10.0,1.0,0.5,0.7,105.4,109.2,113.0,109.2,2.0,8.0,10.0,1.0,0.5,0.7,-44.2,-43.8,-43.4,-43.8,2.0,0.8,10.0,1.0,0.5,0.7,75.2,75.9,76.6,75.9,2.0,1.4,10.0,1.0,0.5,0.7,-14.3,-10.1,-5.9,-10.1,2.0,8.8,10.0,1.0,0.5,0.7,10.2,17.5,24.8,17.5,2.0,15.2,10.0,1.0,0.5,0.7,103.0,115.0,127.0,115.0,2.0,25.0,10.0,1.0,0.5,0.7,105.0,115.0,125.0,115.0,2.0,25.0,10.0,1.0,0.5,0.7
1974,2,240.0,-4.0,26.0,26.0,26.0,26.0,1.0,0.0,22.0,1.0,0.5,0.5,26.3,26.3,26.3,26.3,1.0,0.0,22.0,1.0,0.5,0.5,16.67,16.67,16.67,16.67,1.0,0.0,22.0,1.0,0.5,0.5,78.2,78.2,78.2,78.2,1.0,0.0,22.0,1.0,0.5,6.2,6.2,6.2,6.2,1.0,0.0,22.0,1.0,0.5,0.5,-5.37,-5.37,-5.37,-5.37,1.0,0.0,22.0,1.0,0.5,0.5,3.1,3.1,3.1,3.1,1.0,0.0,22.0,1.0,0.5,0.5,1013.0,1013.0,1013.0,1013.0,1.0,0.0,22.0,1.0,0.5,0.5,6.0,6.0,6.0,6.0,1.0,0.0,22.0,1.0,0.5,0.5,-33.3,-33.3,-33.3,-33.3,1.0,0.0,22.0,1.0,0.5,0.5,19.2,19.2,19.2,19.2,1.0,0.0,22.0,1.0,0.5,0.5,-0.3,-0.3,-0.3,-0.3,1.0,0.0,22.0,1.0,0.5,0.5,-1.9,-1.9,-1.9,-1.9,1.0,0.0,22.0,1.0,0.5,0.5,4.33,4.33,4.33,4.33,1.0,0.0,22.0,1.0,0.5,0.5,26.9,26.9,26.9,26.9,1.0,0.0,22.0,1.0,0.5,0.5,-141.2,-141.2,-141.2,-141.2,1.0,0.0,22.0,1.0,0.5,0.5,81.5,81.5,81.5,81.5,1.0,0.0,22.0,1.0,0.5,0.5,-89.5,-89.5,-89.5,-89.5,1.0,0.0,22.0,1.0,0.5,0.5,51.7,51.7,51.7,51.7,1.0,0.0,22.0,1.0,0.5,0.5,-23.3,-23.3,-23.3,-23.3,1.0,0.0,22.0,1.0,0.5,0.5,13.4,13.4,13.4,13.4,1.0,0.0,22.0,1.0,0.5,0.5,238.5,238.5,238.5,238.5,1.0,0.0,22.0,1.0,0.5,0.5,240.0,240.0,240.0,240.0,1.0,0.0,22.0,1.0,0.5,0.5
1974,2,240.0,-1.0,25.0,25.0,25.0,25.0,1.0,0.0,26.0,1.0,0.3,0.2,27.2,27.2,27.2,27.2,1.0,0.0,26.0,1.0,0.3,0.2,18.63,18.63,18.63,18.63,1.0,0.0,26.0,1.0,0.3,0.2,82.7,82.7,82.7,82.7,1.0,0.0,26.0,1.0,0.2,2.6,2.6,2.6,2.6,1.0,0.0,26.0,1.0,0.3,0.2,-1.99,-1.99,-1.99,-1.99,1.0,0.0,26.0,1.0,0.3,0.2,1.67,1.67,1.67,1.67,1.0,0.0,26.0,1.0,0.3,0.2,1012.0,1012.0,1012.0,1012.0,1.0,0.0,26.0,1.0,0.3,0.2,3.0,3.0,3.0,3.0,1.0,0.0,26.0,1.0,0.3,0.2,-5.2,-5.2,-5.2,-5.2,1.0,0.0,26.0,1.0,0.3,0.2,4.3,4.3,4.3,4.3,1.0,0.0,26.0,1.0,0.3,0.2,-2.2,-2.2,-2.2,-2.2,1.0,0.0,26.0,1.0,0.3,0.2,-5.7,-5.7,-5.7,-5.7,1.0,0.0,26.0,1.0,0.3,0.2,1.16,1.16,1.16,1.16,1.0,0.0,26.0,1.0,0.3,0.2,3.0,3.0,3.0,3.0,1.0,0.0,26.0,1.0,0.3,0.2,-54.2,-54.2,-54.2,-54.2,1.0,0.0,26.0,1.0,0.3,0.2,45.5,45.5,45.5,45.5,1.0,0.0,26.0,1.0,0.3,0.2,-37.1,-37.1,-37.1,-37.1,1.0,0.0,26.0,1.0,0.3,0.2,31.1,31.1,31.1,31.1,1.0,0.0,26.0,1.0,0.3,0.2,-2.3,-2.3,-2.3,-2.3,1.0,0.0,26.0,1.0,0.3,0.2,1.9,1.9,1.9,1.9,1.0,0.0,26.0,1.0,0.3,0.2,17.5,17.5,17.5,17.5,1.0,0.0,26.0,1.0,0.3,0.2,20.0,20.0,20.0,20.0,1.0,0.0,26.0,1.0,0.3,0.2
1974,2,240.0,2.0,26.5,26.5,26.5,26.5,1.0,0.0,22.0,1.0,0.3,0.2,26.2,26.2,26.2,26.2,1.0,0.0,22.0,1.0,0.3,0.2,16.65,16.65,16.65,16.65,1.0,0.0,22.0,1.0,0.3,0.2,78.2,78.2,78.2,78.2,1.0,0.0,22.0,1.0,0.2,5.7,5.7,5.7,5.7,1.0,0.0,22.0,1.0,0.3,0.2,-4.94,-4.94,-4.94,-4.94,1.0,0.0,22.0,1.0,0.3,0.2,2.85,2.85,2.85,2.85,1.0,0.0,22.0,1.0,0.3,0.2,1008.0,1008.0,1008.0,1008.0,1.0,0.0,22.0,1.0,0.3,0.2,7.0,7.0,7.0,7.0,1.0,0.0,22.0,1.0,0.3,0.2,-28.1,-28.1,-28.1,-28.1,1.0,0.0,22.0,1.0,0.3,0.2,16.2,16.2,16.2,16.2,1.0,0.0,22.0,1.0,0.3,0.2,0.3,0.3,0.3,0.3,1.0,0.0,22.0,1.0,0.3,0.2,1.7,1.7,1.7,1.7,1.0,0.0,22.0,1.0,0.3,0.2,5.1,5.1,5.1,5.1,1.0,0.0,22.0,1.0,0.3,0.2,29.1,29.1,29.1,29.1,1.0,0.0,22.0,1.0,0.3,0.2,-129.3,-129.3,-129.3,-129.3,1.0,0.0,22.0,1.0,0.3,0.2,74.7,74.7,74.7,74.7,1.0,0.0,22.0,1.0,0.3,0.2,-82.2,-82.2,-82.2,-82.2,1.0,0.0,22.0,1.0,0.3,0.2,47.5,47.5,47.5,47.5,1.0,0.0,22.0,1.0,0.3,0.2,-25.2,-25.2,-25.2,-25.2,1.0,0.0,22.0,1.0,0.3,0.2,14.5,14.5,14.5,14.5,1.0,0.0,22.0,1.0,0.3,0.2,185.0,185.0,185.0,185.0,1.0,0.0,22.0,1.0,0.3,0.2,185.0,185.0,185.0,185.0,1.0,0.0,22.0,1.0,0.3,0.2
1974,2,240.0,12.0,24.85,24.95,25.05,24.95,2.0,0.21,22.0,0.0,0.6,0.4,24.29,24.75,26.05,25.15,4.0,1.29,24.0,0.0,0.7,0.5,14.93,15.13,15.32,15.13,2.0,0.41,22.0,0.0,0.6,0.4,78.2,79.9,81.5,79.9,2.0,3.4,22.0,0.0,0.4,2.58,4.9,8.06,5.3,4.0,3.32,24.0,0.0,0.7,0.5,-5.78,-3.15,-1.5,-3.62,4.0,2.71,24.0,0.0,0.7,0.5,-5.58,-3.75,-2.08,-3.83,4.0,2.04,24.0,0.0,0.7,0.5,1009.47,1010.55,1011.21,1010.35,4.0,1.16,24.0,0.0,0.7,0.5,7.3,8.0,8.0,7.7,3.0,0.6,24.0,0.0,0.8,0.3,-48.4,-17.5,-4.1,-25.9,4.0,29.4,24.0,0.0,0.7,0.5,-45.5,-20.9,-5.5,-25.3,4.0,24.4,24.0,0.0,0.7,0.5,0.62,0.65,0.68,0.65,2.0,0.07,22.0,0.0,0.6,0.4,4.8,5.1,5.4,5.1,2.0,0.6,22.0,0.0,0.6,0.4,4.31,4.62,4.94,4.62,2.0,0.65,22.0,0.0,0.6,0.4,31.0,37.6,44.2,37.6,2.0,13.7,22.0,0.0,0.6,0.4,-140.9,-76.8,-38.6,-89.1,4.0,65.2,24.0,0.0,0.7,0.5,-135.6,-91.5,-54.0,-94.7,4.0,47.8,24.0,0.0,0.7,0.5,-99.5,-86.1,-72.6,-86.1,2.0,27.8,22.0,0.0,0.6,0.4,-87.2,-83.9,-80.6,-83.9,2.0,6.8,22.0,0.0,0.6,0.4,-33.3,-27.1,-20.8,-27.1,2.0,12.9,22.0,0.0,0.6,0.4,-29.0,-25.9,-22.8,-25.9,2.0,6.4,22.0,0.0,0.6,0.4,19.0,165.5,564.5,286.0,4.0,370.0,24.0,0.0,0.7,0.5,20.0,165.0,565.0,285.0,4.0,370.0,24.0,0.0,0.7,0.5
1974,2,240.0,13.0,25.55,25.65,25.75,25.65,2.0,0.21,4.0,0.0,0.3,0.4,23.38,23.55,23.72,23.55,2.0,0.35,4.0,0.0,0.3,0.4,14.49,14.52,14.55,14.52,2.0,0.06,4.0,0.0,0.3,0.4,79.6,80.2,80.9,80.2,2.0,1.4,4.0,0.0,0.4,2.83,4.4,5.97,4.4,2.0,3.25,4.0,0.0,0.3,0.4,-1.84,-1.57,-1.29,-1.57,2.0,0.57,4.0,0.0,0.3,0.4,-5.67,-3.66,-1.65,-3.66,2.0,4.16,4.0,0.0,0.3,0.4,1011.35,1011.45,1011.55,1011.45,2.0,0.21,4.0,0.0,0.3,0.4,8.0,8.0,8.0,8.0,2.0,0.0,4.0,0.0,0.3,0.4,-7.2,-6.0,-4.7,-6.0,2.0,2.6,4.0,0.0,0.3,0.4,-37.4,-22.9,-8.3,-22.9,2.0,30.2,4.0,0.0,0.3,0.4,1.83,2.1,2.37,2.1,2.0,0.57,4.0,0.0,0.3,0.4,5.7,10.2,14.7,10.2,2.0,9.3,4.0,0.0,0.3,0.4,5.92,6.08,6.24,6.08,2.0,0.33,4.0,0.0,0.3,0.4,17.0,27.3,37.5,27.3,2.0,21.2,4.0,0.0,0.3,0.4,-43.8,-37.0,-30.3,-37.0,2.0,14.0,4.0,0.0,0.3,0.4,-132.1,-85.4,-38.8,-85.4,2.0,96.6,4.0,0.0,0.3,0.4,-26.9,-22.8,-18.7,-22.8,2.0,8.4,4.0,0.0,0.3,0.4,-82.0,-53.0,-24.0,-53.0,2.0,60.1,4.0,0.0,0.3,0.4,-10.9,-9.4,-8.0,-9.4,2.0,3.0,4.0,0.0,0.3,0.4,-35.7,-22.9,-10.1,-22.9,2.0,26.5,4.0,0.0,0.3,0.4,55.5,155.0,254.5,155.0,2.0,206.0,4.0,0.0,0.3,0.4,55.0,155.0,255.0,155.0,2.0,205.0,4.0,0.0,0.3,0.4
1974,2,240.0,14.0,25.05,25.15,25.41,25.23,4.0,0.26,20.0,0.5,0.5,0.6,23.59,24.05,24.3,23.95,4.0,0.48,20.0,0.5,0.5,0.6,12.67,15.63,16.7,14.73,4.0,3.17,20.0,0.5,0.5,0.6,68.7,85.1,90.1,79.6,4.0,16.7,20.0,0.5,0.6,6.2,9.25,12.88,9.53,4.0,3.87,20.0,0.5,0.5,0.6,-6.28,-5.29,-4.47,-5.37,4.0,1.11,20.0,0.5,0.5,0.6,-11.58,-7.77,-3.01,-7.32,4.0,4.98,20.0,0.5,0.5,0.6,1014.24,1015.2,1015.95,1015.1,4.0,1.0,20.0,0.5,0.5,0.6,2.5,4.0,5.5,4.0,4.0,1.8,20.0,0.5,0.5,0.6,-71.7,-43.9,-32.6,-51.8,4.0,27.0,20.0,0.5,0.5,0.6,-149.2,-83.4,-18.7,-83.9,4.0,75.3,20.0,0.5,0.5,0.6,1.1,1.2,1.46,1.28,4.0,0.3,20.0,0.5,0.5,0.6,8.3,12.7,15.5,11.9,4.0,4.5,20.0,0.5,0.5,0.6,3.35,4.45,7.29,5.28,4.0,3.09,20.0,0.5,0.5,0.6,20.8,44.3,92.0,55.9,4.0,46.8,20.0,0.5,0.5,0.6,-150.3,-125.3,-107.4,-128.7,4.0,27.3,20.0,0.5,0.5,0.6,-279.9,-186.3,-71.8,-176.3,4.0,120.9,20.0,0.5,0.5,0.6,-98.3,-86.5,-61.9,-80.4,4.0,26.9,20.0,0.5,0.5,0.6,-152.1,-93.6,-50.3,-100.9,4.0,65.2,20.0,0.5,0.5,0.6,-36.1,-28.0,-18.1,-27.2,4.0,12.1,20.0,0.5,0.5,0.6,-84.3,-31.8,-9.5,-46.2,4.0,48.6,20.0,0.5,0.5,0.6,238.5,1049.5,2146.5,1186.0,4.0,1116.5,20.0,0.5,0.5,0.6,240.0,1050.0,2145.0,1185.0,4.0,1115.0,20.0,0.5,0.5,0.6
1974,2,240.0,15.0,24.21,25.0,25.52,24.88,4.0,1.03,16.0,0.3,0.8,0.3,22.32,22.95,23.44,22.93,6.0,0.73,16.0,0.3,0.7,0.4,13.01,13.31,14.15,13.58,3.0,0.87,12.0,0.3,0.5,0.3,74.6,79.1,81.2,78.0,3.0,4.9,12.0,0.3,0.3,6.89,9.25,10.61,8.92,6.0,2.28,16.0,0.3,0.7,0.4,-5.17,-4.5,-3.93,-4.5,6.0,0.67,16.0,0.3,0.7,0.4,-9.97,-7.6,-5.13,-7.52,6.0,2.82,16.0,0.3,0.7,0.4,1014.76,1015.9,1017.22,1016.06,5.0,1.85,14.0,0.2,0.7,0.4,6.0,7.0,7.4,6.8,5.0,0.8,16.0,0.2,0.8,0.5,-48.7,-39.8,-31.6,-39.7,6.0,10.2,16.0,0.3,0.7,0.4,-106.1,-71.7,-35.8,-72.4,6.0,41.7,16.0,0.3,0.7,0.4,1.6,2.05,2.56,2.08,4.0,0.57,16.0,0.3,0.8,0.3,14.8,18.5,24.1,19.4,4.0,6.7,16.0,0.3,0.8,0.3,5.58,6.6,7.61,6.6,2.0,2.1,16.0,0.5,0.7,0.0,53.5,55.4,57.3,55.4,2.0,3.9,16.0,0.5,0.7,0.0,-115.5,-106.3,-89.3,-102.9,6.0,13.6,16.0,0.3,0.7,0.4,-230.7,-169.0,-120.1,-171.8,6.0,63.1,16.0,0.3,0.7,0.4,-65.7,-59.6,-53.9,-59.8,3.0,8.6,12.0,0.3,0.5,0.3,-133.8,-118.7,-86.1,-110.2,3.0,35.7,12.0,0.3,0.5,0.3,-34.3,-27.7,-21.1,-27.7,2.0,13.7,16.0,0.5,0.7,0.0,-48.7,-47.0,-45.4,-47.0,2.0,3.5,16.0,0.5,0.7,0.0,334.5,822.0,1206.5,823.0,6.0,548.0,16.0,0.3,0.7,0.4,335.0,820.0,1205.0,825.0,6.0,550.0,16.0,0.3,0.7,0.4
1974,2,240.0,16.0,24.16,24.5,24.5,24.33,3.0,0.29,20.0,0.3,0.4,0.4,21.43,23.2,25.13,23.28,4.0,2.74,16.0,0.3,0.4,0.4,12.07,13.61,14.19,13.14,3.0,1.6,20.0,0.3,0.4,0.4,74.4,78.2,79.8,77.2,4.0,4.4,16.0,0.3,0.4,2.95,5.1,5.68,4.35,4.0,2.29,16.0,0.3,0.4,0.4,-4.77,-4.2,-1.38,-3.13,4.0,2.78,16.0,0.3,0.4,0.4,-3.7,-1.27,0.09,-1.78,4.0,2.34,16.0,0.3,0.4,0.4,1014.25,1016.5,1018.14,1016.2,3.0,2.86,20.0,0.3,0.4,0.4,3.5,5.5,7.0,5.3,4.0,2.1,16.0,0.3,0.4,0.4,-25.4,-23.6,-10.2,-18.1,4.0,12.8,16.0,0.3,0.4,0.4,-21.6,-6.5,0.1,-10.6,4.0,14.0,16.0,0.3,0.4,0.4,1.23,1.5,3.21,2.2,3.0,1.57,20.0,0.3,0.4,0.4,6.3,7.7,19.4,12.7,3.0,10.5,20.0,0.3,0.4,0.4,4.9,5.51,6.7,5.79,3.0,1.34,20.0,0.3,0.4,0.4,25.0,28.1,39.6,32.2,3.0,11.3,20.0,0.3,0.4,0.4,-110.7,-91.5,-24.2,-68.5,4.0,65.1,16.0,0.3,0.4,0.4,-78.2,-29.8,2.4,-37.5,4.0,48.2,16.0,0.3,0.4,0.4,-67.7,-63.9,-51.2,-59.5,3.0,12.7,20.0,0.3,0.4,0.4,-48.5,-36.9,-11.7,-30.3,3.0,27.6,20.0,0.3,0.4,0.4,-28.6,-28.1,-22.8,-25.8,3.0,4.7,20.0,0.3,0.4,0.4,-27.3,-11.8,-3.7,-15.4,3.0,17.5,20.0,0.3,0.4,0.4,63.5,132.5,188.0,126.0,4.0,97.0,16.0,0.3,0.4,0.4,65.0,135.0,190.0,125.0,4.0,95.0,16.0,0.3,0.4,0.4
1974,2,240.0,17.0,23.24,23.95,24.33,23.97,6.0,0.9,20.0,0.3,0.6,0.6,20.4,20.55,22.1,21.02,6.0,0.99,20.0,0.3,0.6,0.6,10.59,12.3,13.73,12.21,6.0,1.76,20.0,0.3,0.6,0.6,70.6,79.7,85.2,79.0,6.0,8.5,20.0,0.3,0.6,5.47,7.95,9.51,7.63,6.0,2.15,20.0,0.3,0.6,0.6,-6.72,-6.09,-2.75,-5.14,6.0,2.14,20.0,0.3,0.6,0.6,-6.37,-5.31,-4.66,-5.49,6.0,1.43,20.0,0.3,0.6,0.6,1015.4,1016.35,1017.48,1016.58,6.0,1.53,20.0,0.3,0.6,0.6,5.8,6.5,7.2,6.5,6.0,1.0,20.0,0.3,0.6,0.6,-66.7,-48.5,-13.1,-42.7,6.0,25.0,20.0,0.3,0.6,0.6,-60.9,-40.7,-27.6,-44.2,6.0,22.4,20.0,0.3,0.6,0.6,1.69,3.3,3.83,2.95,6.0,1.55,20.0,0.3,0.6,0.6,9.5,26.2,38.4,24.9,6.0,16.3,20.0,0.3,0.6,0.6,4.6,5.83,8.27,6.32,6.0,2.47,20.0,0.3,0.6,0.6,25.5,53.0,67.1,50.7,6.0,27.7,20.0,0.3,0.6,0.6,-137.9,-123.6,-61.6,-106.4,6.0,41.6,20.0,0.3,0.6,0.6,-130.6,-111.6,-97.3,-114.8,6.0,27.5,20.0,0.3,0.6,0.6,-76.3,-66.1,-38.6,-60.6,6.0,22.8,20.0,0.3,0.6,0.6,-80.1,-59.5,-52.3,-67.0,6.0,21.3,20.0,0.3,0.6,0.6,-51.4,-37.5,-9.8,-35.5,6.0,24.0,20.0,0.3,0.6,0.6,-43.5,-36.9,-23.4,-35.4,6.0,16.3,20.0,0.3,0.6,0.6,167.0,504.0,864.0,531.5,6.0,375.0,20.0,0.3,0.6,0.6,165.0,505.0,865.0,530.0,6.0,375.0,20.0,0.3,0.6,0.6
1974,2,240.0,18.0,20.43,22.45,23.86,22.38,6.0,2.28,14.0,0.8,0.6,0.5,19.16,19.6,21.39,20.17,6.0,1.37,12.0,0.8,0.6,0.4,10.23,10.51,11.72,11.01,5.0,1.49,14.0,0.8,0.6,0.5,68.8,76.1,78.0,74.2,5.0,5.4,14.0,0.8,0.5,2.5,7.7,10.3,6.78,6.0,3.64,12.0,0.8,0.6,0.4,-9.08,-3.87,-1.18,-4.73,6.0,3.88,12.0,0.8,0.6,0.4,-6.38,-4.34,-2.19,-4.32,6.0,2.05,12.0,0.8,0.6,0.4,1015.86,1018.2,1020.9,1018.21,7.0,2.48,12.0,0.9,0.6,0.5,4.9,7.0,8.0,6.4,7.0,1.9,12.0,0.9,0.6,0.5,-93.5,-30.5,-3.0,-42.9,6.0,43.7,12.0,0.8,0.6,0.4,-51.8,-42.5,-5.5,-33.3,6.0,22.7,12.0,0.8,0.6,0.4,-0.15,0.4,4.71,2.06,5.0,3.07,14.0,0.8,0.6,0.5,-1.5,0.8,36.1,14.9,5.0,23.1,14.0,0.8,0.6,0.5,3.53,4.58,8.81,5.97,5.0,3.07,14.0,0.8,0.6,0.5,24.7,47.2,68.5,45.8,5.0,26.4,14.0,0.8,0.6,0.5,-179.5,-75.8,-22.9,-95.0,6.0,79.4,12.0,0.8,0.6,0.4,-125.5,-87.1,-44.1,-86.0,6.0,38.3,12.0,0.8,0.6,0.4,-97.3,-52.1,-19.9,-56.8,5.0,40.8,14.0,0.8,0.6,0.5,-65.2,-54.7,-33.3,-50.2,5.0,18.0,14.0,0.8,0.6,0.5,-42.6,-29.9,-17.2,-28.8,5.0,16.6,14.0,0.8,0.6,0.5,-57.2,-17.3,-12.9,-32.1,5.0,26.8,14.0,0.8,0.6,0.5,16.0,462.5,1092.5,523.0,6.0,488.0,12.0,0.8,0.6,0.4,15.0,460.0,1095.0,525.0,6.0,490.0,12.0,0.8,0.6,0.4
1974,2,240.0,19.0,20.82,21.3,21.78,21.3,2.0,0.99,6.0,0.0,0.2,0.3,18.06,18.2,20.11,19.07,3.0,1.68,8.0,0.0,0.3,0.3,8.88,10.13,11.38,10.13,2.0,2.59,6.0,0.0,0.2,0.3,66.6,71.2,75.8,71.2,2.0,9.5,6.0,0.0,0.3,4.24,6.7,9.16,6.7,3.0,3.6,8.0,0.0,0.3,0.3,-3.51,-1.79,-1.29,-2.39,3.0,1.7,8.0,0.0,0.3,0.3,-8.55,-5.13,-3.62,-6.06,3.0,3.7,8.0,0.0,0.3,0.3,1018.82,1019.5,1019.84,1019.33,3.0,0.76,8.0,0.0,0.3,0.3,4.6,8.0,8.0,6.3,3.0,2.9,8.0,0.0,0.3,0.3,-25.5,-18.4,-8.1,-16.9,3.0,12.9,8.0,0.0,0.3,0.3,-82.2,-34.4,-17.1,-49.3,3.0,49.4,8.0,0.0,0.3,0.3,1.22,1.7,2.18,1.7,2.0,0.99,6.0,0.0,0.2,0.3,6.8,7.1,7.3,7.1,2.0,0.5,6.0,0.0,0.2,0.3,4.77,5.56,6.34,5.56,2.0,1.62,6.0,0.0,0.2,0.3,22.2,25.2,28.2,25.2,2.0,6.2,6.0,0.0,0.2,0.3,-72.0,-32.2,-23.4,-47.3,3.0,37.9,8.0,0.0,0.3,0.3,-158.8,-107.8,-70.4,-114.5,3.0,65.0,8.0,0.0,0.3,0.3,-44.8,-30.2,-15.6,-30.2,2.0,30.2,6.0,0.0,0.2,0.3,-55.5,-42.8,-30.1,-42.8,2.0,26.3,6.0,0.0,0.2,0.3,-17.1,-13.1,-9.0,-13.1,2.0,8.4,6.0,0.0,0.2,0.3,-22.1,-21.1,-20.0,-21.1,2.0,2.2,6.0,0.0,0.2,0.3,116.0,301.0,841.5,474.5,3.0,552.5,8.0,0.0,0.3,0.3,115.0,300.0,840.0,475.0,3.0,550.0,8.0,0.0,0.3,0.3
1974,2,240.0,20.0,20.0,20.0,20.0,20.0,2.0,0.0,22.0,0.5,0.1,0.5,18.58,18.75,18.92,18.75,2.0,0.35,22.0,0.5,0.1,0.5,9.94,10.01,10.07,10.01,2.0,0.13,22.0,0.5,0.1,0.5,73.8,75.1,76.4,75.1,2.0,2.7,22.0,0.5,0.5,8.53,9.25,9.97,9.25,2.0,1.48,22.0,0.5,0.1,0.5,-7.53,-7.16,-6.79,-7.16,2.0,0.77,22.0,0.5,0.1,0.5,-7.08,-5.35,-3.61,-5.35,2.0,3.6,22.0,0.5,0.1,0.5,1019.49,1019.9,1020.31,1019.9,2.0,0.85,22.0,0.5,0.1,0.5,1.2,1.5,1.8,1.5,2.0,0.7,22.0,0.5,0.1,0.5,-67.4,-65.7,-64.0,-65.7,2.0,3.5,22.0,0.5,0.1,0.5,-72.0,-52.1,-32.2,-52.1,2.0,41.2,22.0,0.5,0.1,0.5,1.08,1.25,1.42,1.25,2.0,0.35,22.0,0.5,0.1,0.5,10.6,11.3,12.0,11.3,2.0,1.4,22.0,0.5,0.1,0.5,4.37,4.44,4.51,4.44,2.0,0.14,22.0,0.5,0.1,0.5,37.3,41.1,45.0,41.1,2.0,7.9,22.0,0.5,0.1,0.5,-139.9,-134.2,-128.5,-134.2,2.0,11.8,22.0,0.5,0.1,0.5,-134.4,-100.9,-67.4,-100.9,2.0,69.3,22.0,0.5,0.1,0.5,-75.9,-71.7,-67.6,-71.7,2.0,8.6,22.0,0.5,0.1,0.5,-70.3,-53.3,-36.2,-53.3,2.0,35.3,22.0,0.5,0.1,0.5,-32.9,-31.7,-30.6,-31.7,2.0,2.4,22.0,0.5,0.1,0.5,-32.1,-24.0,-15.9,-24.0,2.0,16.7,22.0,0.5,0.1,0.5,637.5,822.0,1007.0,822.0,2.0,383.0,22.0,0.5,0.1,0.5,635.0,820.0,1005.0,820.0,2.0,385.0,22.0,0.5,0.1,0.5
1974,2,240.0,21.0,17.71,18.9,20.19,18.95,4.0,1.67,16.0,0.5,0.4,0.2,17.71,19.2,20.48,19.1,4.0,1.73,16.0,0.5,0.4,0.2,8.33,9.38,12.17,10.21,4.0,2.69,16.0,0.5,0.4,0.2,63.9,74.7,84.4,74.2,4.0,14.4,16.0,0.5,0.2,3.58,4.35,5.7,4.63,4.0,1.52,16.0,0.5,0.4,0.2,-2.5,-0.79,0.0,-1.23,4.0,1.6,16.0,0.5,0.4,0.2,-5.1,-4.21,-3.58,-4.33,4.0,1.12,16.0,0.5,0.4,0.2,1017.1,1017.6,1018.79,1017.93,4.0,1.14,16.0,0.5,0.4,0.2,3.0,4.5,6.6,4.8,4.0,2.5,16.0,0.5,0.4,0.2,-15.2,-3.6,0.0,-7.4,4.0,10.6,16.0,0.5,0.4,0.2,-29.8,-18.3,-13.0,-21.3,4.0,12.5,16.0,0.5,0.4,0.2,-2.38,0.45,2.02,-0.15,4.0,2.87,16.0,0.5,0.4,0.2,-9.9,2.5,9.0,-0.3,4.0,12.1,16.0,0.5,0.4,0.2,1.07,4.9,5.56,3.39,4.0,3.67,16.0,0.5,0.4,0.2,3.4,21.6,28.6,16.2,4.0,17.5,16.0,0.5,0.4,0.2,-44.7,-15.7,0.0,-22.1,4.0,27.5,16.0,0.5,0.4,0.2,-92.7,-86.1,-71.0,-82.0,4.0,17.5,16.0,0.5,0.4,0.2,-21.2,-6.3,0.0,-10.4,4.0,13.7,16.0,0.5,0.4,0.2,-54.0,-42.4,-33.0,-43.4,4.0,12.4,16.0,0.5,0.4,0.2,-12.3,-4.6,0.0,-6.1,4.0,7.4,16.0,0.5,0.4,0.2,-25.7,-20.8,-3.4,-14.8,4.0,16.1,16.0,0.5,0.4,0.2,48.5,83.0,204.0,124.0,4.0,121.0,16.0,0.5,0.4,0.2,50.0,85.0,205.0,125.0,4.0,120.0,16.0,0.5,0.4,0.2
1974,2,240.0,22.0,17.23,18.7,19.52,18.27,7.0,1.44,10.0,0.3,0.5,0.6,16.4,16.6,17.1,16.73,7.0,1.32,10.0,0.3,0.5,0.6,8.03,9.24,9.88,8.97,7.0,0.85,10.0,0.3,0.5,0.6,68.1,77.4,85.2,76.4,7.0,7.8,10.0,0.3,0.6,5.16,6.7,9.17,7.22,6.0,3.27,8.0,0.3,0.5,0.6,-4.78,-2.54,-0.43,-2.6,6.0,2.35,8.0,0.3,0.5,0.6,-8.3,-5.56,-3.09,-6.21,6.0,3.63,8.0,0.3,0.5,0.6,1016.43,1018.5,1020.9,1018.49,7.0,2.2,10.0,0.3,0.5,0.6,5.9,7.0,8.0,6.4,7.0,1.7,10.0,0.3,0.5,0.6,-33.4,-19.5,-1.3,-17.9,6.0,17.1,8.0,0.3,0.5,0.6,-80.6,-35.9,-17.2,-54.2,6.0,57.5,8.0,0.3,0.5,0.6,0.44,2.0,2.81,1.54,7.0,1.34,10.0,0.3,0.5,0.6,1.2,7.2,22.2,11.2,6.0,14.4,8.0,0.3,0.5,0.6,2.85,4.32,5.25,4.05,7.0,1.69,10.0,0.3,0.5,0.6,14.6,25.7,43.1,28.6,6.0,16.9,8.0,0.3,0.5,0.6,-79.8,-43.2,-7.3,-44.0,6.0,39.1,8.0,0.3,0.5,0.6,-131.6,-99.1,-52.5,-101.2,6.0,50.1,8.0,0.3,0.5,0.6,-43.7,-23.8,-3.6,-23.5,6.0,21.1,8.0,0.3,0.5,0.6,-73.9,-53.2,-25.6,-54.2,6.0,28.5,8.0,0.3,0.5,0.6,-16.7,-5.2,-2.2,-10.0,6.0,12.7,8.0,0.3,0.5,0.6,-32.8,-20.4,-14.0,-24.3,6.0,16.8,8.0,0.3,0.5,0.6,153.0,306.0,881.0,587.5,6.0,784.0,8.0,0.3,0.5,0.6,155.0,305.0,880.0,585.0,6.0,785.0,8.0,0.3,0.5,0.6
1974,2,240.0,23.0,16.19,17.5,19.0,17.71,9.0,1.41,22.0,0.6,0.5,0.6,15.11,17.0,17.95,17.21,9.0,2.2,22.0,0.6,0.5,0.6,7.59,8.34,9.02,8.43,8.0,0.99,22.0,0.5,0.5,0.6,67.9,70.3,78.1,72.2,8.0,6.0,22.0,0.5,0.6,5.1,6.7,9.3,6.94,10.0,2.6,20.0,0.5,0.5,0.6,-4.14,-2.02,-1.51,-1.88,10.0,3.11,20.0,0.5,0.5,0.6,-8.69,-6.3,-2.81,-5.92,10.0,2.79,20.0,0.5,0.5,0.6,1015.86,1018.6,1021.5,1018.42,10.0,2.99,20.0,0.5,0.5,0.6,2.3,5.0,7.6,4.9,10.0,2.8,20.0,0.5,0.5,0.6,-21.1,-15.2,-6.3,-12.0,10.0,28.9,20.0,0.5,0.5,0.6,-77.1,-42.2,-13.6,-47.1,10.0,34.5,20.0,0.5,0.5,0.6,-1.76,0.5,1.84,0.5,9.0,2.07,22.0,0.6,0.5,0.6,-10.2,3.4,10.7,2.1,9.0,10.1,22.0,0.6,0.5,0.6,3.04,3.69,5.82,3.89,8.0,1.77,22.0,0.5,0.5,0.6,16.8,27.8,34.0,25.8,8.0,13.4,22.0,0.5,0.5,0.6,-84.0,-39.0,-24.6,-48.8,9.0,30.8,22.0,0.6,0.5,0.6,-154.9,-107.0,-46.9,-98.5,9.0,49.9,22.0,0.6,0.5,0.6,-32.3,-16.3,-12.2,-21.7,8.0,14.0,22.0,0.5,0.5,0.6,-77.6,-52.5,-38.2,-53.4,8.0,23.7,22.0,0.5,0.5,0.6,-10.7,-9.0,-5.0,-8.7,8.0,4.4,22.0,0.5,0.5,0.6,-29.8,-26.3,-13.2,-23.9,8.0,13.5,22.0,0.5,0.5,0.6,132.5,301.0,804.5,462.0,10.0,444.5,20.0,0.5,0.5,0.6,135.0,300.0,805.0,460.0,10.0,445.0,20.0,0.5,0.5,0.6
1974,2,240.0,24.0,17.0,18.0,19.0,17.94,11.0,1.14,12.0,0.7,0.5,0.5,15.0,16.5,18.37,16.78,11.0,1.86,12.0,0.7,0.5,0.5,7.73,9.31,10.35,9.21,11.0,1.29,12.0,0.7,0.5,0.5,70.1,77.4,84.6,78.1,11.0,8.5,12.0,0.7,0.5,3.69,7.2,9.71,6.69,11.0,2.87,12.0,0.7,0.5,0.5,-3.41,-1.4,0.0,-1.87,11.0,2.12,12.0,0.7,0.5,0.5,-8.71,-6.67,-2.93,-5.98,11.0,3.12,12.0,0.7,0.5,0.5,1018.59,1020.0,1022.77,1020.51,11.0,2.06,12.0,0.7,0.5,0.5,2.9,6.0,7.0,5.2,11.0,2.7,12.0,0.7,0.5,0.5,-23.5,-9.0,0.0,-11.4,11.0,19.0,12.0,0.7,0.5,0.5,-82.0,-51.1,-10.7,-47.9,11.0,37.8,12.0,0.7,0.5,0.5,-1.18,1.5,3.5,1.15,11.0,2.41,12.0,0.7,0.5,0.5,-6.1,11.6,28.6,10.7,11.0,16.6,12.0,0.7,0.5,0.5,1.8,4.06,4.98,3.5,11.0,1.58,12.0,0.7,0.5,0.5,9.6,25.0,43.1,25.5,11.0,17.4,12.0,0.7,0.5,0.5,-55.4,-27.3,0.0,-33.0,11.0,37.2,12.0,0.7,0.5,0.5,-141.9,-103.4,-50.7,-96.9,11.0,46.1,12.0,0.7,0.5,0.5,-29.7,-15.0,0.0,-17.4,11.0,18.2,12.0,0.7,0.5,0.5,-76.5,-57.8,-30.5,-52.9,11.0,24.8,12.0,0.7,0.5,0.5,-14.2,-3.0,0.0,-6.2,11.0,9.4,12.0,0.7,0.5,0.5,-37.9,-21.7,-4.3,-23.0,11.0,17.6,12.0,0.7,0.5,0.5,53.0,373.0,923.5,447.5,11.0,431.5,12.0,0.7,0.5,0.5,55.0,375.0,925.0,445.0,11.0,430.0,12.0,0.7,0.5,0.5
1974,2,240.0,25.0,16.07,17.05,17.61,16.85,4.0,1.01,10.0,1.0,0.8,0.7,15.29,15.7,15.9,15.6,4.0,0.43,10.0,1.0,0.8,0.7,6.93,7.32,8.2,7.55,4.0,1.01,10.0,1.0,0.8,0.7,62.8,67.7,76.0,69.3,4.0,8.9,10.0,1.0,0.7,7.44,7.7,8.54,7.98,4.0,0.91,10.0,1.0,0.8,0.7,-5.94,-2.95,1.29,-2.35,4.0,4.26,10.0,1.0,0.8,0.7,-7.43,-6.94,-5.81,-6.63,4.0,1.19,10.0,1.0,0.8,0.7,1020.49,1020.85,1021.05,1020.78,4.0,0.36,10.0,1.0,0.8,0.7,2.0,4.0,5.5,3.8,4.0,2.2,10.0,1.0,0.8,0.7,-50.7,-22.7,9.3,-20.8,4.0,35.3,10.0,1.0,0.8,0.7,-62.9,-54.0,-43.2,-53.1,4.0,12.3,10.0,1.0,0.8,0.7,0.69,1.15,1.82,1.25,4.0,0.73,10.0,1.0,0.8,0.7,5.2,10.0,15.1,10.1,4.0,6.0,10.0,1.0,0.8,0.7,3.1,4.22,5.49,4.29,4.0,1.45,10.0,1.0,0.8,0.7,23.0,35.6,46.0,34.6,4.0,13.3,10.0,1.0,0.8,0.7,-93.9,-46.0,19.4,-37.7,4.0,66.6,10.0,1.0,0.8,0.7,-118.0,-107.7,-88.8,-103.6,4.0,19.4,10.0,1.0,0.8,0.7,-41.4,-19.4,9.5,-16.1,4.0,30.0,10.0,1.0,0.8,0.7,-60.9,-50.8,-40.8,-50.8,4.0,14.9,10.0,1.0,0.8,0.7,-32.6,-14.8,4.5,-14.1,4.0,21.6,10.0,1.0,0.8,0.7,-32.6,-26.6,-22.3,-27.4,4.0,6.3,10.0,1.0,0.8,0.7,413.0,456.5,639.0,522.5,4.0,192.0,10.0,1.0,0.8,0.7,415.0,455.0,640.0,525.0,4.0,190.0,10.0,1.0,0.8,0.7
1974,2,240.0,26.0,15.8,15.8,15.8,15.8,1.0,0.0,16.0,1.0,0.1,0.8,15.88,17.35,18.82,17.35,2.0,3.04,16.0,1.0,0.5,0.4,6.94,7.4,7.86,7.4,2.0,0.95,16.0,1.0,0.5,0.4,58.8,60.6,62.5,60.6,2.0,3.9,16.0,1.0,0.4,5.74,8.2,10.66,8.2,2.0,5.09,16.0,1.0,0.5,0.4,-4.96,-2.95,-0.94,-2.95,2.0,4.17,16.0,1.0,0.5,0.4,-9.33,-7.41,-5.49,-7.41,2.0,3.97,16.0,1.0,0.5,0.4,1020.14,1020.45,1020.76,1020.45,2.0,0.64,16.0,1.0,0.5,0.4,7.0,7.0,7.0,7.0,1.0,0.0,16.0,1.0,0.1,0.8,-58.6,-34.8,-11.0,-34.8,2.0,49.2,16.0,1.0,0.5,0.4,-104.8,-70.9,-36.9,-70.9,2.0,70.3,16.0,1.0,0.5,0.4,0.6,0.6,0.6,0.6,1.0,0.0,16.0,1.0,0.1,0.8,2.8,2.8,2.8,2.8,1.0,0.0,16.0,1.0,0.1,0.8,4.33,4.33,4.33,4.33,1.0,0.0,16.0,1.0,0.1,0.8,19.9,19.9,19.9,19.9,1.0,0.0,16.0,1.0,0.1,0.8,-96.8,-57.5,-18.3,-57.5,2.0,81.4,16.0,1.0,0.5,0.4,-178.7,-134.6,-90.4,-134.6,2.0,91.5,16.0,1.0,0.5,0.4,-40.1,-23.8,-7.6,-23.8,2.0,33.7,16.0,1.0,0.5,0.4,-74.3,-56.7,-39.1,-56.7,2.0,36.5,16.0,1.0,0.5,0.4,0.0,0.0,0.0,0.0,1.0,0.0,16.0,1.0,0.1,0.8,-19.9,-19.9,-19.9,-19.9,1.0,0.0,16.0,1.0,0.1,0.8,342.5,870.0,1397.5,870.0,2.0,1093.0,16.0,1.0,0.5,0.4,345.0,870.0,1400.0,870.0,2.0,1095.0,16.0,1.0,0.5,0.4
1974,2,240.0,27.0,,,,,,,,,,,,,,,,,,,,,,,,,,,,,,,,,,,,,,,,7.36,7.7,8.04,7.7,2.0,0.71,22.0,0.5,0.7,0.4,0.0,0.0,0.0,0.0,2.0,0.0,22.0,0.5,0.7,0.4,-8.04,-7.7,-7.36,-7.7,2.0,0.71,22.0,0.5,0.7,0.4,1027.21,1027.45,1027.69,1027.45,2.0,0.49,22.0,0.5,0.7,0.4,,,,,,,,,,,,,,,,,,,,,,,,,,,,,,,,,,,,,,,,,,,,,,,,,,,,,,,,,,,,,,,,,,,,,,,,,,,,,,,,,,,,,,,,,,,,,,,,,,,,,,,,,,,,,,,,,,,,,,,,,,,,,,,,,,,,,,,,,,,,,,,,,,,,,,
1974,2,240.0,28.0,15.7,16.0,16.41,16.05,4.0,0.44,20.0,1.0,0.6,0.7,14.13,14.5,14.76,14.45,4.0,0.49,20.0,1.0,0.6,0.7,8.38,8.38,8.38,8.38,1.0,0.0,22.0,1.0,0.9,0.4,80.1,80.1,80.1,80.1,1.0,0.0,22.0,1.0,0.4,9.32,11.45,12.95,11.15,4.0,2.15,20.0,1.0,0.6,0.7,1.62,1.99,2.25,1.94,4.0,0.37,20.0,1.0,0.6,0.7,-12.76,-11.28,-9.18,-10.98,4.0,2.11,20.0,1.0,0.6,0.7,1022.98,1023.5,1024.91,1023.93,4.0,1.59,20.0,1.0,0.6,0.7,5.0,7.0,8.0,6.5,4.0,1.9,20.0,1.0,0.6,0.7,15.2,23.1,29.1,22.2,4.0,8.2,20.0,1.0,0.6,0.7,-165.2,-131.2,-85.9,-125.8,4.0,46.5,20.0,1.0,0.6,0.7,1.15,1.6,2.05,1.6,4.0,0.52,20.0,1.0,0.6,0.7,12.3,17.2,23.7,18.0,4.0,7.2,20.0,1.0,0.6,0.7,2.94,2.94,2.94,2.94,1.0,0.0,22.0,1.0,0.9,0.4,25.6,25.6,25.6,25.6,1.0,0.0,22.0,1.0,0.9,0.4,23.3,28.2,32.6,28.0,4.0,5.4,20.0,1.0,0.6,0.7,-185.0,-160.1,-132.0,-158.6,4.0,30.6,20.0,1.0,0.6,0.7,12.7,12.7,12.7,12.7,1.0,0.0,22.0,1.0,0.9,0.4,-71.8,-71.8,-71.8,-71.8,1.0,0.0,22.0,1.0,0.9,0.4,4.4,4.4,4.4,4.4,1.0,0.0,22.0,1.0,0.9,0.4,-25.2,-25.2,-25.2,-25.2,1.0,0.0,22.0,1.0,0.9,0.4,821.0,1573.5,2173.0,1500.5,4.0,788.0,20.0,1.0,0.6,0.7,820.0,1575.0,2175.0,1500.0,4.0,790.0,20.0,1.0,0.6,0.7
1974,2,240.0,29.0,14.57,14.95,15.33,14.95,2.0,0.78,16.0,0.5,0.8,0.4,13.56,13.7,13.84,13.7,2.0,0.28,16.0,0.5,0.8,0.4,7.14,7.3,7.47,7.3,2.0,0.34,16.0,0.5,0.8,0.4,73.4,75.8,78.2,75.8,2.0,5.0,16.0,0.5,0.4,2.99,4.9,6.81,4.9,2.0,3.96,16.0,0.5,0.8,0.4,-0.39,0.31,1.01,0.31,2.0,1.45,16.0,0.5,0.8,0.4,-6.69,-4.78,-2.86,-4.78,2.0,3.97,16.0,0.5,0.8,0.4,1020.24,1020.55,1020.86,1020.55,2.0,0.64,16.0,0.5,0.8,0.4,5.5,6.5,7.5,6.5,2.0,2.1,16.0,0.5,0.8,0.4,0.4,4.4,8.4,4.4,2.0,8.3,16.0,0.5,0.8,0.4,-49.8,-31.3,-12.8,-31.3,2.0,38.4,16.0,0.5,0.8,0.4,0.74,1.25,1.76,1.25,2.0,1.06,16.0,0.5,0.8,0.4,3.3,8.2,13.1,8.2,2.0,10.1,16.0,0.5,0.8,0.4,3.08,3.17,3.26,3.17,2.0,0.18,16.0,0.5,0.8,0.4,9.4,15.9,22.4,15.9,2.0,13.4,16.0,0.5,0.8,0.4,-5.5,4.0,13.6,4.0,2.0,19.8,16.0,0.5,0.8,0.4,-90.5,-64.9,-39.3,-64.9,2.0,53.0,16.0,0.5,0.8,0.4,-2.7,2.5,7.7,2.5,2.0,10.7,16.0,0.5,0.8,0.4,-50.3,-35.6,-20.8,-35.6,2.0,30.6,16.0,0.5,0.8,0.4,-1.1,1.1,3.4,1.1,2.0,4.7,16.0,0.5,0.8,0.4,-22.0,-15.5,-9.0,-15.5,2.0,13.4,16.0,0.5,0.8,0.4,80.0,233.0,385.5,233.0,2.0,316.5,16.0,0.5,0.8,0.4,80.0,235.0,385.0,235.0,2.0,315.0,16.0,0.5,0.8,0.4
1974,2,240.0,30.0,14.0,14.2,15.0,14.65,15.0,1.26,8.0,0.3,0.3,0.6,12.7,13.0,13.6,13.29,15.0,0.97,8.0,0.3,0.3,0.6,7.13,7.81,8.15,7.66,12.0,0.74,6.0,0.2,0.3,0.7,78.7,83.0,87.4,81.6,12.0,8.0,6.0,0.2,0.7,5.7,8.0,9.95,7.71,15.0,1.9,8.0,0.3,0.3,0.6,-1.95,1.79,3.4,0.68,15.0,3.46,8.0,0.3,0.3,0.6,-9.35,-7.24,-4.21,-6.72,15.0,2.53,8.0,0.3,0.3,0.6,1022.04,1023.2,1026.3,1022.93,15.0,3.67,8.0,0.3,0.3,0.6,5.2,6.0,7.0,5.9,15.0,1.8,8.0,0.3,0.3,0.6,-11.1,18.4,30.6,7.9,15.0,26.9,8.0,0.3,0.3,0.6,-93.4,-55.7,-22.3,-55.2,15.0,31.1,8.0,0.3,0.3,0.6,0.67,1.4,2.21,1.36,15.0,1.7,8.0,0.3,0.3,0.6,3.9,8.0,22.8,10.9,15.0,14.1,8.0,0.3,0.3,0.6,2.18,2.63,3.13,2.73,12.0,1.14,6.0,0.2,0.3,0.7,14.4,20.1,30.2,21.7,12.0,10.0,6.0,0.2,0.3,0.7,-26.5,22.4,40.5,7.2,15.0,48.4,8.0,0.3,0.3,0.6,-120.2,-96.2,-55.3,-88.0,15.0,31.5,8.0,0.3,0.3,0.6,-17.6,6.6,21.9,-1.2,12.0,27.3,6.0,0.2,0.3,0.7,-70.7,-59.1,-37.9,-53.4,12.0,19.9,6.0,0.2,0.3,0.7,-5.8,2.1,6.4,0.7,12.0,6.6,6.0,0.2,0.3,0.7,-28.8,-18.9,-12.5,-20.4,12.0,10.7,6.0,0.2,0.3,0.7,185.0,512.0,996.5,533.5,15.0,337.5,8.0,0.3,0.3,0.6,185.0,510.0,995.0,535.0,15.0,340.0,8.0,0.3,0.3,0.6
1974,2,240.0,31.0,13.62,13.9,14.35,13.9,17.0,0.55,8.0,0.7,0.5,0.3,12.91,13.6,15.08,13.99,17.0,1.74,8.0,0.7,0.5,0.3,6.66,7.52,8.67,7.77,14.0,1.46,6.0,0.7,0.4,0.3,67.3,78.7,83.8,77.1,14.0,10.5,6.0,0.7,0.3,5.21,7.7,12.67,8.23,16.0,3.44,8.0,0.8,0.5,0.3,-5.55,2.27,4.81,0.52,16.0,4.66,8.0,0.8,0.5,0.3,-11.75,-5.37,-2.7,-6.47,16.0,4.18,8.0,0.8,0.5,0.3,1016.84,1022.6,1025.0,1021.42,17.0,3.85,8.0,0.7,0.5,0.3,1.0,4.0,6.5,3.8,17.0,2.6,8.0,0.7,0.5,0.3,-38.7,9.8,42.6,6.5,16.0,42.1,8.0,0.8,0.5,0.3,-147.1,-35.9,-11.2,-65.7,16.0,60.7,8.0,0.8,0.5,0.3,-1.38,0.3,1.1,-0.09,17.0,1.63,8.0,0.7,0.5,0.3,-10.4,2.0,6.0,0.8,16.0,11.7,8.0,0.8,0.5,0.3,1.09,2.37,3.21,2.05,14.0,1.45,6.0,0.7,0.4,0.3,10.2,18.2,38.3,20.3,14.0,15.4,6.0,0.7,0.4,0.3,-81.1,29.6,66.8,6.4,16.0,65.8,8.0,0.8,0.5,0.3,-156.9,-75.8,-37.9,-89.1,16.0,56.0,8.0,0.8,0.5,0.3,-37.0,17.2,38.6,4.3,14.0,37.9,6.0,0.7,0.4,0.3,-84.2,-47.6,-21.0,-50.9,14.0,30.5,6.0,0.7,0.4,0.3,-13.7,-3.6,9.2,-1.7,14.0,12.2,6.0,0.7,0.4,0.3,-37.6,-11.1,-0.6,-16.7,14.0,15.1,6.0,0.7,0.4,0.3,151.0,456.5,2038.0,836.5,16.0,843.0,8.0,0.8,0.5,0.3,150.0,455.0,2040.0,835.0,16.0,845.0,8.0,0.8,0.5,0.3
1974,2,240.0,32.0,12.2,13.2,14.5,13.38,46.0,1.38,12.0,0.5,0.6,0.5,11.2,12.8,14.4,13.09,46.0,1.78,10.0,0.5,0.6,0.5,6.39,7.53,8.4,7.33,40.0,1.2,10.0,0.6,0.6,0.5,69.5,80.4,88.8,78.5,40.0,13.0,10.0,0.6,0.5,4.67,8.2,10.26,8.11,46.0,2.88,10.0,0.5,0.6,0.5,1.58,4.8,7.66,4.47,46.0,4.01,10.0,0.5,0.6,0.5,-7.98,-6.13,-3.32,-5.75,46.0,2.27,10.0,0.5,0.6,0.5,1016.36,1020.8,1024.52,1020.58,48.0,4.04,10.0,0.5,0.6,0.5,0.0,2.0,5.5,2.4,48.0,2.4,10.0,0.5,0.6,0.5,5.4,43.2,76.4,44.2,46.0,46.1,10.0,0.5,0.6,0.5,-74.9,-51.4,-16.9,-52.0,46.0,32.7,10.0,0.5,0.6,0.5,-1.1,0.45,2.22,0.24,44.0,2.12,10.0,0.5,0.6,0.5,-7.0,4.2,15.9,3.9,42.0,14.9,10.0,0.5,0.6,0.5,0.7,2.09,3.67,2.16,40.0,1.54,10.0,0.6,0.6,0.5,4.2,15.3,26.9,16.6,38.0,13.9,10.0,0.6,0.6,0.5,25.3,65.6,95.7,56.4,44.0,50.9,10.0,0.5,0.6,0.5,-100.2,-78.9,-47.8,-73.1,44.0,27.9,10.0,0.5,0.6,0.5,15.4,35.5,51.4,32.1,38.0,27.1,10.0,0.6,0.6,0.5,-56.0,-43.6,-18.3,-41.5,38.0,17.6,10.0,0.6,0.6,0.5,2.1,8.2,20.0,9.7,38.0,9.9,10.0,0.6,0.6,0.5,-19.7,-11.8,-2.5,-12.0,38.0,11.5,10.0,0.6,0.6,0.5,102.5,551.5,1079.5,733.0,46.0,708.0,10.0,0.5,0.6,0.5,100.0,550.0,1080.0,735.0,46.0,710.0,10.0,0.5,0.6,0.5
1974,2,240.0,33.0,11.0,13.3,13.94,12.77,32.0,1.35,18.0,0.5,0.5,0.5,11.7,12.8,15.6,13.46,34.0,2.21,18.0,0.5,0.5,0.5,6.26,7.35,8.26,7.45,31.0,1.33,18.0,0.5,0.5,0.5,66.9,81.3,92.0,78.2,31.0,14.5,18.0,0.5,0.5,3.64,6.7,12.3,7.63,33.0,3.94,18.0,0.5,0.5,0.5,0.12,3.99,7.91,4.46,33.0,4.15,18.0,0.5,0.5,0.5,-8.88,-4.42,-2.3,-4.78,33.0,3.78,18.0,0.5,0.5,0.5,1017.15,1019.45,1022.61,1019.94,34.0,2.79,18.0,0.5,0.5,0.5,0.0,2.0,5.1,2.3,32.0,2.4,18.0,0.6,0.5,0.5,0.4,24.7,97.2,44.1,33.0,53.8,18.0,0.5,0.5,0.5,-96.0,-28.1,-7.4,-47.7,33.0,50.4,18.0,0.5,0.5,0.5,-2.83,-0.95,1.65,-0.77,32.0,2.73,18.0,0.5,0.5,0.5,-19.4,-1.4,20.9,-2.9,31.0,23.1,18.0,0.5,0.5,0.5,0.59,1.43,3.13,1.69,31.0,1.46,18.0,0.5,0.5,0.5,1.3,13.0,25.1,14.6,30.0,15.6,18.0,0.5,0.5,0.5,1.6,58.6,113.5,57.3,33.0,53.0,18.0,0.5,0.5,0.5,-105.4,-52.3,-25.3,-63.5,33.0,54.0,18.0,0.5,0.5,0.5,0.0,30.7,61.5,31.3,30.0,31.6,18.0,0.5,0.5,0.5,-57.7,-32.0,-13.0,-34.2,30.0,27.7,18.0,0.5,0.5,0.5,-1.1,5.0,19.9,8.6,30.0,11.1,18.0,0.5,0.5,0.5,-14.4,-8.1,-0.4,-9.9,30.0,13.0,18.0,0.5,0.5,0.5,48.5,301.0,1861.0,802.0,33.0,935.5,18.0,0.5,0.5,0.5,50.0,300.0,1860.0,800.0,33.0,935.0,18.0,0.5,0.5,0.5
1974,2,240.0,34.0,11.7,13.3,14.0,13.05,6.0,1.12,10.0,0.2,0.4,0.1,11.68,12.6,13.3,12.57,7.0,0.84,12.0,0.1,0.4,0.2,3.77,7.54,8.61,6.66,7.0,2.11,12.0,0.1,0.4,0.2,41.9,80.4,91.9,74.3,7.0,22.8,12.0,0.1,0.2,3.08,5.1,12.9,7.21,7.0,4.78,12.0,0.1,0.4,0.2,-6.45,2.25,3.11,-0.26,7.0,5.3,12.0,0.1,0.4,0.2,-11.17,-1.3,1.17,-3.79,7.0,6.22,12.0,0.1,0.4,0.2,1016.6,1020.0,1022.7,1019.99,7.0,2.65,12.0,0.1,0.4,0.2,0.0,0.0,4.0,1.4,7.0,2.1,12.0,0.1,0.4,0.2,-83.2,5.9,12.2,-12.5,7.0,56.2,12.0,0.1,0.4,0.2,-144.1,-3.4,3.9,-51.1,7.0,72.5,12.0,0.1,0.4,0.2,-0.9,0.0,1.43,0.33,6.0,1.38,10.0,0.2,0.4,0.1,-11.6,0.0,8.3,1.5,6.0,14.9,10.0,0.2,0.4,0.1,0.77,2.93,4.72,2.81,6.0,1.79,10.0,0.2,0.4,0.1,2.4,21.2,60.9,28.2,6.0,28.3,10.0,0.2,0.4,0.1,-81.3,29.9,40.6,-3.3,7.0,64.8,12.0,0.1,0.4,0.2,-140.8,-17.3,15.3,-46.4,7.0,76.7,12.0,0.1,0.4,0.2,-24.6,17.0,26.0,4.7,7.0,30.4,12.0,0.1,0.4,0.2,-42.6,-9.8,9.9,-14.8,7.0,31.1,12.0,0.1,0.4,0.2,-30.5,2.2,9.3,-4.6,6.0,21.5,10.0,0.2,0.4,0.1,-52.8,-15.4,0.8,-22.4,6.0,25.7,10.0,0.2,0.4,0.1,29.0,132.5,2146.5,823.5,7.0,1006.5,12.0,0.1,0.4,0.2,30.0,135.0,2145.0,825.0,7.0,1005.0,12.0,0.1,0.4,0.2
1974,2,241.0,-30.0,24.8,24.8,24.8,24.8,1.0,0.0,24.0,1.0,0.2,0.7,24.2,24.2,24.2,24.2,1.0,0.0,24.0,1.0,0.2,0.7,11.19,11.19,11.19,11.19,1.0,0.0,24.0,1.0,0.2,0.7,60.2,60.2,60.2,60.2,1.0,0.0,24.0,1.0,0.7,2.6,2.6,2.6,2.6,1.0,0.0,24.0,1.0,0.2,0.7,1.67,1.67,1.67,1.67,1.0,0.0,24.0,1.0,0.2,0.7,-1.99,-1.99,-1.99,-1.99,1.0,0.0,24.0,1.0,0.2,0.7,1021.7,1021.7,1021.7,1021.7,1.0,0.0,24.0,1.0,0.2,0.7,1.0,1.0,1.0,1.0,1.0,0.0,24.0,1.0,0.2,0.7,4.3,4.3,4.3,4.3,1.0,0.0,24.0,1.0,0.2,0.7,-5.2,-5.2,-5.2,-5.2,1.0,0.0,24.0,1.0,0.2,0.7,0.6,0.6,0.6,0.6,1.0,0.0,24.0,1.0,0.2,0.7,1.6,1.6,1.6,1.6,1.0,0.0,24.0,1.0,0.2,0.7,8.18,8.18,8.18,8.18,1.0,0.0,24.0,1.0,0.2,0.7,21.3,21.3,21.3,21.3,1.0,0.0,24.0,1.0,0.2,0.7,40.4,40.4,40.4,40.4,1.0,0.0,24.0,1.0,0.2,0.7,-48.2,-48.2,-48.2,-48.2,1.0,0.0,24.0,1.0,0.2,0.7,18.7,18.7,18.7,18.7,1.0,0.0,24.0,1.0,0.2,0.7,-22.3,-22.3,-22.3,-22.3,1.0,0.0,24.0,1.0,0.2,0.7,13.7,13.7,13.7,13.7,1.0,0.0,24.0,1.0,0.2,0.7,-16.3,-16.3,-16.3,-16.3,1.0,0.0,24.0,1.0,0.2,0.7,17.5,17.5,17.5,17.5,1.0,0.0,24.0,1.0,0.2,0.7,20.0,20.0,20.0,20.0,1.0,0.0,24.0,1.0,0.2,0.7
1974,2,241.0,-28.0,25.5,25.5,25.5,25.5,1.0,0.0,2.0,1.0,0.7,1.0,24.7,24.7,24.7,24.7,1.0,0.0,2.0,1.0,0.7,1.0,15.46,15.46,15.46,15.46,1.0,0.0,2.0,1.0,0.7,1.0,80.4,80.4,80.4,80.4,1.0,0.0,2.0,1.0,1.0,,,,,,,,,,,,,,,,,,,,,,,,,,,,,,,,,,,,,,,,,,,,,,,,,,,,,,,,,,,,,,,,,,,,,,,,,,,,,,,,,,,,,,,,,,,,,,,,,,,,,,,,,,,,,,,,,,,,,,,,,,,,,,,,,,,,,,,,,,,,,,,,,,,,,,,,,,,,,,,,,,,,,,,,,,,,,,,,,,,,,,,,,,,,,,
1974,2,241.0,-27.0,25.5,25.5,25.5,25.5,1.0,0.0,14.0,0.0,0.8,0.8,23.8,23.8,23.8,23.8,1.0,0.0,14.0,0.0,0.8,0.8,14.98,14.98,14.98,14.98,1.0,0.0,14.0,0.0,0.8,0.8,82.3,82.3,82.3,82.3,1.0,0.0,14.0,0.0,0.8,6.2,6.2,6.2,6.2,1.0,0.0,14.0,0.0,0.8,0.8,-5.37,-5.37,-5.37,-5.37,1.0,0.0,14.0,0.0,0.8,0.8,-3.1,-3.1,-3.1,-3.1,1.0,0.0,14.0,0.0,0.8,0.8,1020.8,1020.8,1020.8,1020.8,1.0,0.0,14.0,0.0,0.8,0.8,2.0,2.0,2.0,2.0,1.0,0.0,14.0,0.0,0.8,0.8,-33.3,-33.3,-33.3,-33.3,1.0,0.0,14.0,0.0,0.8,0.8,-19.2,-19.2,-19.2,-19.2,1.0,0.0,14.0,0.0,0.8,0.8,1.7,1.7,1.7,1.7,1.0,0.0,14.0,0.0,0.8,0.8,10.5,10.5,10.5,10.5,1.0,0.0,14.0,0.0,0.8,0.8,5.24,5.24,5.24,5.24,1.0,0.0,14.0,0.0,0.8,0.8,32.5,32.5,32.5,32.5,1.0,0.0,14.0,0.0,0.8,0.8,-127.8,-127.8,-127.8,-127.8,1.0,0.0,14.0,0.0,0.8,0.8,-73.8,-73.8,-73.8,-73.8,1.0,0.0,14.0,0.0,0.8,0.8,-80.4,-80.4,-80.4,-80.4,1.0,0.0,14.0,0.0,0.8,0.8,-46.4,-46.4,-46.4,-46.4,1.0,0.0,14.0,0.0,0.8,0.8,-28.1,-28.1,-28.1,-28.1,1.0,0.0,14.0,0.0,0.8,0.8,-16.3,-16.3,-16.3,-16.3,1.0,0.0,14.0,0.0,0.8,0.8,238.5,238.5,238.5,238.5,1.0,0.0,14.0,0.0,0.8,0.8,240.0,240.0,240.0,240.0,1.0,0.0,14.0,0.0,0.8,0.8
1974,2,241.0,-25.0,24.8,24.8,24.8,24.8,1.0,0.0,20.0,0.0,0.2,0.6,24.3,24.3,24.3,24.3,1.0,0.0,20.0,0.0,0.2,0.6,11.48,11.48,11.48,11.48,1.0,0.0,20.0,0.0,0.2,0.6,61.4,61.4,61.4,61.4,1.0,0.0,20.0,0.0,0.6,9.3,9.3,9.3,9.3,1.0,0.0,20.0,0.0,0.2,0.6,-9.16,-9.16,-9.16,-9.16,1.0,0.0,20.0,0.0,0.2,0.6,1.61,1.61,1.61,1.61,1.0,0.0,20.0,0.0,0.2,0.6,1021.6,1021.6,1021.6,1021.6,1.0,0.0,20.0,0.0,0.2,0.6,3.0,3.0,3.0,3.0,1.0,0.0,20.0,0.0,0.2,0.6,-85.2,-85.2,-85.2,-85.2,1.0,0.0,20.0,0.0,0.2,0.6,15.0,15.0,15.0,15.0,1.0,0.0,20.0,0.0,0.2,0.6,0.5,0.5,0.5,0.5,1.0,0.0,20.0,0.0,0.2,0.6,4.7,4.7,4.7,4.7,1.0,0.0,20.0,0.0,0.2,0.6,7.89,7.89,7.89,7.89,1.0,0.0,20.0,0.0,0.2,0.6,73.4,73.4,73.4,73.4,1.0,0.0,20.0,0.0,0.2,0.6,-222.6,-222.6,-222.6,-222.6,1.0,0.0,20.0,0.0,0.2,0.6,39.2,39.2,39.2,39.2,1.0,0.0,20.0,0.0,0.2,0.6,-105.1,-105.1,-105.1,-105.1,1.0,0.0,20.0,0.0,0.2,0.6,18.5,18.5,18.5,18.5,1.0,0.0,20.0,0.0,0.2,0.6,-72.3,-72.3,-72.3,-72.3,1.0,0.0,20.0,0.0,0.2,0.6,12.7,12.7,12.7,12.7,1.0,0.0,20.0,0.0,0.2,0.6,804.5,804.5,804.5,804.5,1.0,0.0,20.0,0.0,0.2,0.6,805.0,805.0,805.0,805.0,1.0,0.0,20.0,0.0,0.2,0.6
1974,2,241.0,-24.0,24.81,25.05,25.29,25.05,2.0,0.49,20.0,1.0,1.0,0.3,24.66,25.0,25.34,25.0,2.0,0.71,20.0,1.0,1.0,0.3,14.0,14.06,14.12,14.06,2.0,0.13,20.0,1.0,1.0,0.3,70.8,72.0,73.2,72.0,2.0,2.4,20.0,1.0,0.3,7.95,8.5,9.05,8.5,2.0,1.13,20.0,1.0,1.0,0.3,-8.91,-8.37,-7.83,-8.37,2.0,1.11,20.0,1.0,1.0,0.3,1.38,1.48,1.57,1.48,2.0,0.2,20.0,1.0,1.0,0.3,1021.78,1021.95,1022.12,1021.95,2.0,0.35,20.0,1.0,1.0,0.3,5.0,5.0,5.0,5.0,2.0,0.0,20.0,1.0,1.0,0.3,-80.9,-71.8,-62.6,-71.8,2.0,18.9,20.0,1.0,1.0,0.3,11.0,12.7,14.3,12.7,2.0,3.3,20.0,1.0,1.0,0.3,-0.05,0.05,0.15,0.05,2.0,0.21,20.0,1.0,1.0,0.3,-0.4,0.5,1.4,0.5,2.0,1.9,20.0,1.0,1.0,0.3,5.38,5.61,5.83,5.61,2.0,0.47,20.0,1.0,1.0,0.3,46.2,47.4,48.5,47.4,2.0,2.4,20.0,1.0,1.0,0.3,-219.5,-208.9,-198.3,-208.9,2.0,21.9,20.0,1.0,1.0,0.3,35.0,36.8,38.7,36.8,2.0,3.9,20.0,1.0,1.0,0.3,-124.7,-117.6,-110.6,-117.6,2.0,14.6,20.0,1.0,1.0,0.3,19.5,20.7,22.0,20.7,2.0,2.6,20.0,1.0,1.0,0.3,-47.8,-46.7,-45.5,-46.7,2.0,2.4,20.0,1.0,1.0,0.3,8.0,8.2,8.4,8.2,2.0,0.4,20.0,1.0,1.0,0.3,511.5,630.5,749.0,630.5,2.0,246.0,20.0,1.0,1.0,0.3,510.0,630.0,750.0,630.0,2.0,245.0,20.0,1.0,1.0,0.3
1974,2,241.0,-23.0,,,,,,,,,,,,,,,,,,,,,,,,,,,,,,,,,,,,,,,,7.7,7.7,7.7,7.7,1.0,0.0,20.0,1.0,0.1,0.3,-7.7,-7.7,-7.7,-7.7,1.0,0.0,20.0,1.0,0.1,0.3,0.0,0.0,0.0,0.0,1.0,0.0,20.0,1.0,0.1,0.3,1018.5,1018.5,1018.5,1018.5,1.0,0.0,20.0,1.0,0.1,0.3,4.0,4.0,4.0,4.0,1.0,0.0,20.0,1.0,0.1,0.3,-59.3,-59.3,-59.3,-59.3,1.0,0.0,20.0,1.0,0.1,0.3,0.0,0.0,0.0,0.0,1.0,0.0,20.0,1.0,0.1,0.3,,,,,,,,,,,,,,,,,,,,,,,,,,,,,,,,,,,,,,,,,-189.4,-189.4,-189.4,-189.4,1.0,0.0,20.0,1.0,0.1,0.3,0.0,0.0,0.0,0.0,1.0,0.0,20.0,1.0,0.1,0.3,-145.2,-145.2,-145.2,-145.2,1.0,0.0,20.0,1.0,0.1,0.3,0.0,0.0,0.0,0.0,1.0,0.0,20.0,1.0,0.1,0.3,,,,,,,,,,,,,,,,,,,,,,,,,,,,,,,,,,,,,,,,
1974,2,241.0,-22.0,,,,,,,,,,,,,,,,,,,,,,,,,,,,,,,,,,,,,,,,9.0,9.0,9.0,9.0,1.0,0.0,26.0,1.0,0.7,0.2,-8.86,-8.86,-8.86,-8.86,1.0,0.0,26.0,1.0,0.7,0.2,1.56,1.56,1.56,1.56,1.0,0.0,26.0,1.0,0.7,0.2,1021.2,1021.2,1021.2,1021.2,1.0,0.0,26.0,1.0,0.7,0.2,,,,,,,,,,,,,,,,,,,,,,,,,,,,,,,,,,,,,,,,,,,,,,,,,,,,,,,,,,,,,,,,,,,,,,,,,,,,,,,,,,,,,,,,,,,,,,,,,,,,,,,,,,,,,,,,,,,,,,,,,,,,,,,,,,,,,,,,,,,,,,,,,,,,,,
1974,2,241.0,-21.0,,,,,,,,,,,,,,,,,,,,,,,,,,,,,,,,,,,,,,,,7.7,7.7,7.7,7.7,1.0,0.0,28.0,0.0,0.4,0.4,-7.7,-7.7,-7.7,-7.7,1.0,0.0,28.0,0.0,0.4,0.4,0.0,0.0,0.0,0.0,1.0,0.0,28.0,0.0,0.4,0.4,1019.0,1019.0,1019.0,1019.0,1.0,0.0,28.0,0.0,0.4,0.4,,,,,,,,,,,,,,,,,,,,,,,,,,,,,,,,,,,,,,,,,,,,,,,,,,,,,,,,,,,,,,,,,,,,,,,,,,,,,,,,,,,,,,,,,,,,,,,,,,,,,,,,,,,,,,,,,,,,,,,,,,,,,,,,,,,,,,,,,,,,,,,,,,,,,,
1974,2,241.0,-20.0,24.18,25.2,26.22,25.2,2.0,2.12,22.0,0.0,0.7,0.4,22.47,23.05,23.63,23.05,2.0,1.2,22.0,0.0,0.7,0.4,11.71,12.21,12.71,12.21,2.0,1.04,22.0,0.0,0.7,0.4,69.4,69.8,70.2,69.8,2.0,0.9,22.0,0.0,0.4,5.67,6.9,8.13,6.9,2.0,2.55,22.0,0.0,0.7,0.4,-7.97,-6.68,-5.39,-6.68,2.0,2.67,22.0,0.0,0.7,0.4,-1.23,-0.12,0.99,-0.12,2.0,2.3,22.0,0.0,0.7,0.4,1015.17,1015.55,1015.93,1015.55,2.0,0.78,22.0,0.0,0.7,0.4,2.0,4.0,6.0,4.0,2.0,4.2,22.0,0.0,0.7,0.4,-66.6,-49.5,-32.4,-49.5,2.0,35.4,22.0,0.0,0.7,0.4,-5.4,2.1,9.6,2.1,2.0,15.6,22.0,0.0,0.7,0.4,0.55,2.15,3.75,2.15,2.0,3.32,22.0,0.0,0.7,0.4,5.4,19.1,32.8,19.1,2.0,28.4,22.0,0.0,0.7,0.4,6.08,7.83,9.57,7.83,2.0,3.61,22.0,0.0,0.7,0.4,37.0,58.6,80.2,58.6,2.0,44.8,22.0,0.0,0.7,0.4,-178.2,-152.4,-126.5,-152.4,2.0,53.5,22.0,0.0,0.7,0.4,-29.8,-4.1,21.6,-4.1,2.0,53.2,22.0,0.0,0.7,0.4,-92.6,-80.2,-67.8,-80.2,2.0,25.7,22.0,0.0,0.7,0.4,-16.2,-2.6,11.0,-2.6,2.0,28.2,22.0,0.0,0.7,0.4,-78.8,-57.1,-35.4,-57.1,2.0,45.0,22.0,0.0,0.7,0.4,-5.3,3.2,11.7,3.2,2.0,17.6,22.0,0.0,0.7,0.4,216.0,395.5,575.0,395.5,2.0,372.0,22.0,0.0,0.7,0.4,215.0,395.0,575.0,395.0,2.0,370.0,22.0,0.0,0.7,0.4
1974,2,241.0,-19.0,26.1,26.1,26.1,26.1,1.0,0.0,26.0,1.0,0.6,0.8,24.6,24.6,24.6,24.6,1.0,0.0,26.0,1.0,0.6,0.8,14.35,14.35,14.35,14.35,1.0,0.0,26.0,1.0,0.6,0.8,74.6,74.6,74.6,74.6,1.0,0.0,26.0,1.0,0.8,6.2,6.2,6.2,6.2,1.0,0.0,26.0,1.0,0.6,0.8,-6.2,-6.2,-6.2,-6.2,1.0,0.0,26.0,1.0,0.6,0.8,0.0,0.0,0.0,0.0,1.0,0.0,26.0,1.0,0.6,0.8,1013.6,1013.6,1013.6,1013.6,1.0,0.0,26.0,1.0,0.6,0.8,3.0,3.0,3.0,3.0,1.0,0.0,26.0,1.0,0.6,0.8,-38.4,-38.4,-38.4,-38.4,1.0,0.0,26.0,1.0,0.6,0.8,0.0,0.0,0.0,0.0,1.0,0.0,26.0,1.0,0.6,0.8,1.5,1.5,1.5,1.5,1.0,0.0,26.0,1.0,0.6,0.8,9.3,9.3,9.3,9.3,1.0,0.0,26.0,1.0,0.6,0.8,6.76,6.76,6.76,6.76,1.0,0.0,26.0,1.0,0.6,0.8,41.9,41.9,41.9,41.9,1.0,0.0,26.0,1.0,0.6,0.8,-152.5,-152.5,-152.5,-152.5,1.0,0.0,26.0,1.0,0.6,0.8,0.0,0.0,0.0,0.0,1.0,0.0,26.0,1.0,0.6,0.8,-89.0,-89.0,-89.0,-89.0,1.0,0.0,26.0,1.0,0.6,0.8,0.0,0.0,0.0,0.0,1.0,0.0,26.0,1.0,0.6,0.8,-41.9,-41.9,-41.9,-41.9,1.0,0.0,26.0,1.0,0.6,0.8,0.0,0.0,0.0,0.0,1.0,0.0,26.0,1.0,0.6,0.8,238.5,238.5,238.5,238.5,1.0,0.0,26.0,1.0,0.6,0.8,240.0,240.0,240.0,240.0,1.0,0.0,26.0,1.0,0.6,0.8
1974,2,241.0,-17.0,25.5,25.5,25.5,25.5,1.0,0.0,18.0,1.0,0.5,0.3,26.0,26.0,26.0,26.0,1.0,0.0,18.0,1.0,0.5,0.3,14.54,14.54,14.54,14.54,1.0,0.0,18.0,1.0,0.5,0.3,69.5,69.5,69.5,69.5,1.0,0.0,18.0,1.0,0.3,6.7,6.7,6.7,6.7,1.0,0.0,18.0,1.0,0.5,0.3,-6.6,-6.6,-6.6,-6.6,1.0,0.0,18.0,1.0,0.5,0.3,-1.16,-1.16,-1.16,-1.16,1.0,0.0,18.0,1.0,0.5,0.3,1013.2,1013.2,1013.2,1013.2,1.0,0.0,18.0,1.0,0.5,0.3,6.0,6.0,6.0,6.0,1.0,0.0,18.0,1.0,0.5,0.3,-44.2,-44.2,-44.2,-44.2,1.0,0.0,18.0,1.0,0.5,0.3,-7.8,-7.8,-7.8,-7.8,1.0,0.0,18.0,1.0,0.5,0.3,-0.5,-0.5,-0.5,-0.5,1.0,0.0,18.0,1.0,0.5,0.3,-3.3,-3.3,-3.3,-3.3,1.0,0.0,18.0,1.0,0.5,0.3,5.84,5.84,5.84,5.84,1.0,0.0,18.0,1.0,0.5,0.3,39.1,39.1,39.1,39.1,1.0,0.0,18.0,1.0,0.5,0.3,-171.6,-171.6,-171.6,-171.6,1.0,0.0,18.0,1.0,0.5,0.3,-30.2,-30.2,-30.2,-30.2,1.0,0.0,18.0,1.0,0.5,0.3,-95.9,-95.9,-95.9,-95.9,1.0,0.0,18.0,1.0,0.5,0.3,-16.9,-16.9,-16.9,-16.9,1.0,0.0,18.0,1.0,0.5,0.3,-38.5,-38.5,-38.5,-38.5,1.0,0.0,18.0,1.0,0.5,0.3,-6.8,-6.8,-6.8,-6.8,1.0,0.0,18.0,1.0,0.5,0.3,301.0,301.0,301.0,301.0,1.0,0.0,18.0,1.0,0.5,0.3,300.0,300.0,300.0,300.0,1.0,0.0,18.0,1.0,0.5,0.3
1974,2,241.0,-16.0,25.0,25.0,25.0,25.0,1.0,0.0,2.0,1.0,0.3,0.4,25.0,25.0,25.0,25.0,1.0,0.0,2.0,1.0,0.3,0.4,13.79,13.79,13.79,13.79,1.0,0.0,2.0,1.0,0.3,0.4,70.2,70.2,70.2,70.2,1.0,0.0,2.0,1.0,0.4,8.2,8.2,8.2,8.2,1.0,0.0,2.0,1.0,0.3,0.4,-8.08,-8.08,-8.08,-8.08,1.0,0.0,2.0,1.0,0.3,0.4,-1.42,-1.42,-1.42,-1.42,1.0,0.0,2.0,1.0,0.3,0.4,1016.0,1016.0,1016.0,1016.0,1.0,0.0,2.0,1.0,0.3,0.4,4.0,4.0,4.0,4.0,1.0,0.0,2.0,1.0,0.3,0.4,-66.2,-66.2,-66.2,-66.2,1.0,0.0,2.0,1.0,0.3,0.4,-11.7,-11.7,-11.7,-11.7,1.0,0.0,2.0,1.0,0.3,0.4,0.0,0.0,0.0,0.0,1.0,0.0,2.0,1.0,0.3,0.4,0.0,0.0,0.0,0.0,1.0,0.0,2.0,1.0,0.3,0.4,5.93,5.93,5.93,5.93,1.0,0.0,2.0,1.0,0.3,0.4,48.6,48.6,48.6,48.6,1.0,0.0,2.0,1.0,0.3,0.4,-201.9,-201.9,-201.9,-201.9,1.0,0.0,2.0,1.0,0.3,0.4,-35.6,-35.6,-35.6,-35.6,1.0,0.0,2.0,1.0,0.3,0.4,-111.4,-111.4,-111.4,-111.4,1.0,0.0,2.0,1.0,0.3,0.4,-19.6,-19.6,-19.6,-19.6,1.0,0.0,2.0,1.0,0.3,0.4,-47.9,-47.9,-47.9,-47.9,1.0,0.0,2.0,1.0,0.3,0.4,-8.4,-8.4,-8.4,-8.4,1.0,0.0,2.0,1.0,0.3,0.4,551.5,551.5,551.5,551.5,1.0,0.0,2.0,1.0,0.3,0.4,550.0,550.0,550.0,550.0,1.0,0.0,2.0,1.0,0.3,0.4
1974,2,241.0,-12.0,24.8,24.8,24.8,24.8,1.0,0.0,10.0,0.0,0.8,0.8,24.8,24.8,24.8,24.8,1.0,0.0,10.0,0.0,0.8,0.8,15.26,15.26,15.26,15.26,1.0,0.0,10.0,0.0,0.8,0.8,78.5,78.5,78.5,78.5,1.0,0.0,10.0,0.0,0.8,6.2,6.2,6.2,6.2,1.0,0.0,10.0,0.0,0.8,0.8,-5.83,-5.83,-5.83,-5.83,1.0,0.0,10.0,0.0,0.8,0.8,2.12,2.12,2.12,2.12,1.0,0.0,10.0,0.0,0.8,0.8,1015.1,1015.1,1015.1,1015.1,1.0,0.0,10.0,0.0,0.8,0.8,3.0,3.0,3.0,3.0,1.0,0.0,10.0,0.0,0.8,0.8,-36.1,-36.1,-36.1,-36.1,1.0,0.0,10.0,0.0,0.8,0.8,13.1,13.1,13.1,13.1,1.0,0.0,10.0,0.0,0.8,0.8,0.0,0.0,0.0,0.0,1.0,0.0,10.0,0.0,0.8,0.8,0.0,0.0,0.0,0.0,1.0,0.0,10.0,0.0,0.8,0.8,4.24,4.24,4.24,4.24,1.0,0.0,10.0,0.0,0.8,0.8,26.3,26.3,26.3,26.3,1.0,0.0,10.0,0.0,0.8,0.8,-144.5,-144.5,-144.5,-144.5,1.0,0.0,10.0,0.0,0.8,0.8,52.6,52.6,52.6,52.6,1.0,0.0,10.0,0.0,0.8,0.8,-88.9,-88.9,-88.9,-88.9,1.0,0.0,10.0,0.0,0.8,0.8,32.3,32.3,32.3,32.3,1.0,0.0,10.0,0.0,0.8,0.8,-24.7,-24.7,-24.7,-24.7,1.0,0.0,10.0,0.0,0.8,0.8,9.0,9.0,9.0,9.0,1.0,0.0,10.0,0.0,0.8,0.8,238.5,238.5,238.5,238.5,1.0,0.0,10.0,0.0,0.8,0.8,240.0,240.0,240.0,240.0,1.0,0.0,10.0,0.0,0.8,0.8
1974,2,241.0,-11.0,25.0,25.0,25.0,25.0,1.0,0.0,24.0,1.0,0.8,0.2,27.2,27.2,27.2,27.2,1.0,0.0,24.0,1.0,0.8,0.2,16.07,16.07,16.07,16.07,1.0,0.0,24.0,1.0,0.8,0.2,71.5,71.5,71.5,71.5,1.0,0.0,24.0,1.0,0.2,7.7,7.7,7.7,7.7,1.0,0.0,24.0,1.0,0.8,0.2,-7.24,-7.24,-7.24,-7.24,1.0,0.0,24.0,1.0,0.8,0.2,2.63,2.63,2.63,2.63,1.0,0.0,24.0,1.0,0.8,0.2,1012.9,1012.9,1012.9,1012.9,1.0,0.0,24.0,1.0,0.8,0.2,6.0,6.0,6.0,6.0,1.0,0.0,24.0,1.0,0.8,0.2,-55.7,-55.7,-55.7,-55.7,1.0,0.0,24.0,1.0,0.8,0.2,20.3,20.3,20.3,20.3,1.0,0.0,24.0,1.0,0.8,0.2,-2.2,-2.2,-2.2,-2.2,1.0,0.0,24.0,1.0,0.8,0.2,-16.9,-16.9,-16.9,-16.9,1.0,0.0,24.0,1.0,0.8,0.2,3.71,3.71,3.71,3.71,1.0,0.0,24.0,1.0,0.8,0.2,28.6,28.6,28.6,28.6,1.0,0.0,24.0,1.0,0.8,0.2,-196.8,-196.8,-196.8,-196.8,1.0,0.0,24.0,1.0,0.8,0.2,71.6,71.6,71.6,71.6,1.0,0.0,24.0,1.0,0.8,0.2,-116.3,-116.3,-116.3,-116.3,1.0,0.0,24.0,1.0,0.8,0.2,42.3,42.3,42.3,42.3,1.0,0.0,24.0,1.0,0.8,0.2,-26.9,-26.9,-26.9,-26.9,1.0,0.0,24.0,1.0,0.8,0.2,9.8,9.8,9.8,9.8,1.0,0.0,24.0,1.0,0.8,0.2,456.5,456.5,456.5,456.5,1.0,0.0,24.0,1.0,0.8,0.2,455.0,455.0,455.0,455.0,1.0,0.0,24.0,1.0,0.8,0.2
1974,2,241.0,-10.0,25.0,25.0,25.0,25.0,1.0,0.0,8.0,0.0,0.2,1.0,23.0,23.0,23.0,23.0,1.0,0.0,8.0,0.0,0.2,1.0,14.72,14.72,14.72,14.72,1.0,0.0,8.0,0.0,0.2,1.0,84.2,84.2,84.2,84.2,1.0,0.0,8.0,0.0,1.0,6.2,6.2,6.2,6.2,1.0,0.0,8.0,0.0,0.2,1.0,-6.11,-6.11,-6.11,-6.11,1.0,0.0,8.0,0.0,0.2,1.0,1.08,1.08,1.08,1.08,1.0,0.0,8.0,0.0,0.2,1.0,1013.5,1013.5,1013.5,1013.5,1.0,0.0,8.0,0.0,0.2,1.0,2.0,2.0,2.0,2.0,1.0,0.0,8.0,0.0,0.2,1.0,-37.9,-37.9,-37.9,-37.9,1.0,0.0,8.0,0.0,0.2,1.0,6.7,6.7,6.7,6.7,1.0,0.0,8.0,0.0,0.2,1.0,2.0,2.0,2.0,2.0,1.0,0.0,8.0,0.0,0.2,1.0,12.4,12.4,12.4,12.4,1.0,0.0,8.0,0.0,0.2,1.0,5.05,5.05,5.05,5.05,1.0,0.0,8.0,0.0,0.2,1.0,31.3,31.3,31.3,31.3,1.0,0.0,8.0,0.0,0.2,1.0,-140.4,-140.4,-140.4,-140.4,1.0,0.0,8.0,0.0,0.2,1.0,24.8,24.8,24.8,24.8,1.0,0.0,8.0,0.0,0.2,1.0,-89.9,-89.9,-89.9,-89.9,1.0,0.0,8.0,0.0,0.2,1.0,15.8,15.8,15.8,15.8,1.0,0.0,8.0,0.0,0.2,1.0,-30.8,-30.8,-30.8,-30.8,1.0,0.0,8.0,0.0,0.2,1.0,5.4,5.4,5.4,5.4,1.0,0.0,8.0,0.0,0.2,1.0,238.5,238.5,238.5,238.5,1.0,0.0,8.0,0.0,0.2,1.0,240.0,240.0,240.0,240.0,1.0,0.0,8.0,0.0,0.2,1.0
1974,2,241.0,-8.0,25.5,25.5,25.5,25.5,4.0,0.0,22.0,0.8,0.5,0.4,25.5,25.6,26.07,25.78,4.0,0.49,22.0,0.8,0.5,0.4,16.38,16.7,16.88,16.63,4.0,0.31,22.0,0.8,0.5,0.4,78.6,79.8,81.8,80.2,4.0,2.1,22.0,0.8,0.4,7.43,9.5,10.52,9.0,4.0,2.16,22.0,0.8,0.5,0.4,-10.1,-9.15,-7.12,-8.64,4.0,1.99,22.0,0.8,0.5,0.4,1.37,2.41,3.44,2.4,4.0,1.24,22.0,0.8,0.5,0.4,1008.18,1008.95,1010.4,1009.28,4.0,1.54,22.0,0.8,0.5,0.4,3.5,5.0,6.0,4.8,4.0,1.5,22.0,0.8,0.5,0.4,-106.5,-87.3,-54.8,-80.9,4.0,34.0,22.0,0.8,0.5,0.4,11.5,22.5,34.9,23.2,4.0,15.0,22.0,0.8,0.5,0.4,-0.57,-0.1,0.0,-0.27,4.0,0.49,22.0,0.8,0.5,0.4,-3.7,-1.0,0.0,-1.8,4.0,2.9,22.0,0.8,0.5,0.4,3.56,3.78,4.09,3.83,4.0,0.33,22.0,0.8,0.5,0.4,26.6,36.0,43.1,34.9,4.0,10.8,22.0,0.8,0.5,0.4,-258.7,-233.5,-184.3,-222.0,4.0,48.5,22.0,0.8,0.5,0.4,35.6,61.3,87.7,61.6,4.0,31.2,22.0,0.8,0.5,0.4,-165.5,-152.7,-120.2,-143.3,4.0,30.9,22.0,0.8,0.5,0.4,22.9,40.3,56.7,39.8,4.0,20.1,22.0,0.8,0.5,0.4,-41.4,-34.7,-25.5,-33.5,4.0,10.1,22.0,0.8,0.5,0.4,5.2,9.0,13.7,9.4,4.0,5.3,22.0,0.8,0.5,0.4,460.0,864.5,1173.5,819.0,4.0,471.5,22.0,0.8,0.5,0.4,460.0,865.0,1175.0,820.0,4.0,470.0,22.0,0.8,0.5,0.4
1974,2,241.0,-7.0,25.3,25.3,25.3,25.3,1.0,0.0,28.0,0.0,0.9,0.9,25.5,25.5,25.5,25.5,1.0,0.0,28.0,0.0,0.9,0.9,17.98,17.98,17.98,17.98,1.0,0.0,28.0,0.0,0.9,0.9,88.2,88.2,88.2,88.2,1.0,0.0,28.0,0.0,0.9,5.7,5.7,5.7,5.7,1.0,0.0,28.0,0.0,0.9,0.9,-1.95,-1.95,-1.95,-1.95,1.0,0.0,28.0,0.0,0.9,0.9,5.36,5.36,5.36,5.36,1.0,0.0,28.0,0.0,0.9,0.9,1011.0,1011.0,1011.0,1011.0,1.0,0.0,28.0,0.0,0.9,0.9,4.0,4.0,4.0,4.0,1.0,0.0,28.0,0.0,0.9,0.9,-11.1,-11.1,-11.1,-11.1,1.0,0.0,28.0,0.0,0.9,0.9,30.5,30.5,30.5,30.5,1.0,0.0,28.0,0.0,0.9,0.9,-0.2,-0.2,-0.2,-0.2,1.0,0.0,28.0,0.0,0.9,0.9,-1.1,-1.1,-1.1,-1.1,1.0,0.0,28.0,0.0,0.9,0.9,2.2,2.2,2.2,2.2,1.0,0.0,28.0,0.0,0.9,0.9,12.5,12.5,12.5,12.5,1.0,0.0,28.0,0.0,0.9,0.9,-49.7,-49.7,-49.7,-49.7,1.0,0.0,28.0,0.0,0.9,0.9,136.6,136.6,136.6,136.6,1.0,0.0,28.0,0.0,0.9,0.9,-35.1,-35.1,-35.1,-35.1,1.0,0.0,28.0,0.0,0.9,0.9,96.3,96.3,96.3,96.3,1.0,0.0,28.0,0.0,0.9,0.9,-4.3,-4.3,-4.3,-4.3,1.0,0.0,28.0,0.0,0.9,0.9,11.8,11.8,11.8,11.8,1.0,0.0,28.0,0.0,0.9,0.9,185.0,185.0,185.0,185.0,1.0,0.0,28.0,0.0,0.9,0.9,185.0,185.0,185.0,185.0,1.0,0.0,28.0,0.0,0.9,0.9
1974,2,241.0,-6.0,24.64,24.9,25.31,24.98,4.0,0.46,8.0,0.5,0.3,0.3,24.84,25.75,26.5,25.68,4.0,0.96,8.0,0.5,0.3,0.3,15.96,16.17,16.32,16.14,3.0,0.27,10.0,0.3,0.2,0.3,73.3,78.3,83.2,78.3,4.0,5.7,8.0,0.5,0.3,3.84,4.35,6.22,5.0,4.0,1.85,8.0,0.5,0.3,0.3,-4.99,-3.68,-2.68,-3.83,4.0,1.6,8.0,0.5,0.3,0.3,1.74,2.93,4.28,3.01,4.0,1.6,8.0,0.5,0.3,0.3,1011.57,1012.8,1013.14,1012.37,3.0,1.21,10.0,0.3,0.2,0.3,2.5,5.0,7.5,5.0,4.0,2.9,8.0,0.5,0.3,0.3,-32.5,-15.3,-10.2,-21.1,4.0,16.7,8.0,0.5,0.3,0.3,7.4,12.6,26.9,16.9,4.0,14.7,8.0,0.5,0.3,0.3,-1.48,-0.55,0.06,-0.7,4.0,1.0,8.0,0.5,0.3,0.3,-9.6,-2.1,0.2,-4.6,4.0,7.4,8.0,0.5,0.3,0.3,3.32,3.61,4.31,3.81,3.0,0.75,10.0,0.3,0.2,0.3,14.7,14.8,16.1,15.4,3.0,1.1,10.0,0.3,0.2,0.3,-129.3,-94.6,-69.2,-99.0,4.0,43.6,8.0,0.5,0.3,0.3,44.5,72.6,110.5,77.2,4.0,42.4,8.0,0.5,0.3,0.3,-61.6,-53.7,-39.7,-50.7,3.0,16.3,10.0,0.3,0.2,0.3,25.3,37.7,51.2,38.2,3.0,18.9,10.0,0.3,0.2,0.3,-14.7,-12.7,-9.1,-11.9,3.0,4.2,10.0,0.3,0.2,0.3,6.2,7.3,11.1,8.6,3.0,3.7,10.0,0.3,0.2,0.3,57.5,83.0,285.5,167.5,4.0,194.0,8.0,0.5,0.3,0.3,55.0,85.0,285.0,165.0,4.0,195.0,8.0,0.5,0.3,0.3
1974,2,241.0,-4.0,24.29,24.8,25.52,24.9,4.0,0.84,16.0,0.8,0.6,0.7,24.84,25.5,26.26,25.55,4.0,0.84,16.0,0.8,0.6,0.7,16.76,17.13,17.97,17.35,4.0,0.79,16.0,0.8,0.6,0.7,82.7,85.1,87.5,85.1,4.0,3.7,16.0,0.8,0.7,3.95,8.75,11.35,7.7,4.0,4.93,16.0,0.8,0.6,0.7,-9.34,-7.33,-3.22,-6.33,4.0,4.52,16.0,0.8,0.6,0.7,1.7,4.31,6.4,4.06,4.0,2.76,16.0,0.8,0.6,0.7,1010.23,1013.35,1016.79,1013.5,4.0,3.82,16.0,0.8,0.6,0.7,5.5,6.0,6.5,6.0,4.0,0.8,16.0,0.8,0.6,0.7,-107.3,-65.0,-23.2,-65.3,4.0,55.1,16.0,0.8,0.6,0.7,9.0,43.0,72.1,40.6,4.0,36.9,16.0,0.8,0.6,0.7,-1.79,-0.55,0.48,-0.65,4.0,1.48,16.0,0.8,0.6,0.7,-14.3,-5.2,6.4,-4.0,4.0,13.1,16.0,0.8,0.6,0.7,1.03,2.4,3.58,2.31,4.0,1.68,16.0,0.8,0.6,0.7,1.8,15.8,41.3,21.3,4.0,24.3,16.0,0.8,0.6,0.7,-237.2,-192.2,-85.4,-162.7,4.0,114.4,16.0,0.8,0.6,0.7,44.0,109.5,163.4,104.0,4.0,70.5,16.0,0.8,0.6,0.7,-156.4,-128.6,-59.4,-108.9,4.0,76.3,16.0,0.8,0.6,0.7,30.8,74.1,107.2,69.2,4.0,45.3,16.0,0.8,0.6,0.7,-34.4,-12.1,-0.7,-17.3,4.0,21.1,16.0,0.8,0.6,0.7,1.2,10.5,22.7,11.9,4.0,12.6,16.0,0.8,0.6,0.7,178.0,733.0,1495.0,832.0,4.0,822.0,16.0,0.8,0.6,0.7,180.0,735.0,1495.0,830.0,4.0,820.0,16.0,0.8,0.6,0.7
1974,2,241.0,-2.0,21.8,21.8,21.8,21.8,1.0,0.0,6.0,1.0,0.4,0.2,24.1,24.1,24.1,24.1,1.0,0.0,6.0,1.0,0.4,0.2,15.88,15.88,15.88,15.88,1.0,0.0,6.0,1.0,0.4,0.2,84.9,84.9,84.9,84.9,1.0,0.0,6.0,1.0,0.2,4.6,4.6,4.6,4.6,1.0,0.0,6.0,1.0,0.4,0.2,-4.6,-4.6,-4.6,-4.6,1.0,0.0,6.0,1.0,0.4,0.2,0.0,0.0,0.0,0.0,1.0,0.0,6.0,1.0,0.4,0.2,1012.4,1012.4,1012.4,1012.4,1.0,0.0,6.0,1.0,0.4,0.2,1.0,1.0,1.0,1.0,1.0,0.0,6.0,1.0,0.4,0.2,-21.2,-21.2,-21.2,-21.2,1.0,0.0,6.0,1.0,0.4,0.2,0.0,0.0,0.0,0.0,1.0,0.0,6.0,1.0,0.4,0.2,-2.3,-2.3,-2.3,-2.3,1.0,0.0,6.0,1.0,0.4,0.2,-10.6,-10.6,-10.6,-10.6,1.0,0.0,6.0,1.0,0.4,0.2,0.4,0.4,0.4,0.4,1.0,0.0,6.0,1.0,0.4,0.2,1.8,1.8,1.8,1.8,1.0,0.0,6.0,1.0,0.4,0.2,-110.9,-110.9,-110.9,-110.9,1.0,0.0,6.0,1.0,0.4,0.2,0.0,0.0,0.0,0.0,1.0,0.0,6.0,1.0,0.4,0.2,-73.0,-73.0,-73.0,-73.0,1.0,0.0,6.0,1.0,0.4,0.2,0.0,0.0,0.0,0.0,1.0,0.0,6.0,1.0,0.4,0.2,-1.8,-1.8,-1.8,-1.8,1.0,0.0,6.0,1.0,0.4,0.2,0.0,0.0,0.0,0.0,1.0,0.0,6.0,1.0,0.4,0.2,97.5,97.5,97.5,97.5,1.0,0.0,6.0,1.0,0.4,0.2,95.0,95.0,95.0,95.0,1.0,0.0,6.0,1.0,0.4,0.2
1974,2,241.0,1.0,25.7,25.7,25.7,25.7,1.0,0.0,8.0,1.0,1.0,0.5,25.0,25.0,25.0,25.0,1.0,0.0,8.0,1.0,1.0,0.5,16.07,16.07,16.07,16.07,1.0,0.0,8.0,1.0,1.0,0.5,81.4,81.4,81.4,81.4,1.0,0.0,8.0,1.0,0.5,2.6,2.6,2.6,2.6,1.0,0.0,8.0,1.0,1.0,0.5,1.99,1.99,1.99,1.99,1.0,0.0,8.0,1.0,1.0,0.5,1.67,1.67,1.67,1.67,1.0,0.0,8.0,1.0,1.0,0.5,1012.5,1012.5,1012.5,1012.5,1.0,0.0,8.0,1.0,1.0,0.5,2.0,2.0,2.0,2.0,1.0,0.0,8.0,1.0,1.0,0.5,5.2,5.2,5.2,5.2,1.0,0.0,8.0,1.0,1.0,0.5,4.3,4.3,4.3,4.3,1.0,0.0,8.0,1.0,1.0,0.5,0.7,0.7,0.7,0.7,1.0,0.0,8.0,1.0,1.0,0.5,1.8,1.8,1.8,1.8,1.0,0.0,8.0,1.0,1.0,0.5,4.57,4.57,4.57,4.57,1.0,0.0,8.0,1.0,1.0,0.5,11.9,11.9,11.9,11.9,1.0,0.0,8.0,1.0,1.0,0.5,49.8,49.8,49.8,49.8,1.0,0.0,8.0,1.0,1.0,0.5,41.8,41.8,41.8,41.8,1.0,0.0,8.0,1.0,1.0,0.5,32.0,32.0,32.0,32.0,1.0,0.0,8.0,1.0,1.0,0.5,26.9,26.9,26.9,26.9,1.0,0.0,8.0,1.0,1.0,0.5,9.1,9.1,9.1,9.1,1.0,0.0,8.0,1.0,1.0,0.5,7.6,7.6,7.6,7.6,1.0,0.0,8.0,1.0,1.0,0.5,17.5,17.5,17.5,17.5,1.0,0.0,8.0,1.0,1.0,0.5,20.0,20.0,20.0,20.0,1.0,0.0,8.0,1.0,1.0,0.5
1974,2,241.0,6.0,25.6,25.6,25.6,25.6,1.0,0.0,24.0,1.0,0.3,0.9,27.3,27.3,27.3,27.3,1.0,0.0,24.0,1.0,0.3,0.9,17.53,17.53,17.53,17.53,1.0,0.0,24.0,1.0,0.3,0.9,77.4,77.4,77.4,77.4,1.0,0.0,24.0,1.0,0.9,3.6,3.6,3.6,3.6,1.0,0.0,24.0,1.0,0.3,0.9,-3.55,-3.55,-3.55,-3.55,1.0,0.0,24.0,1.0,0.3,0.9,-0.63,-0.63,-0.63,-0.63,1.0,0.0,24.0,1.0,0.3,0.9,1011.8,1011.8,1011.8,1011.8,1.0,0.0,24.0,1.0,0.3,0.9,5.0,5.0,5.0,5.0,1.0,0.0,24.0,1.0,0.3,0.9,-12.8,-12.8,-12.8,-12.8,1.0,0.0,24.0,1.0,0.3,0.9,-2.3,-2.3,-2.3,-2.3,1.0,0.0,24.0,1.0,0.3,0.9,-1.7,-1.7,-1.7,-1.7,1.0,0.0,24.0,1.0,0.3,0.9,-6.1,-6.1,-6.1,-6.1,1.0,0.0,24.0,1.0,0.3,0.9,3.0,3.0,3.0,3.0,1.0,0.0,24.0,1.0,0.3,0.9,10.8,10.8,10.8,10.8,1.0,0.0,24.0,1.0,0.3,0.9,-96.8,-96.8,-96.8,-96.8,1.0,0.0,24.0,1.0,0.3,0.9,-17.1,-17.1,-17.1,-17.1,1.0,0.0,24.0,1.0,0.3,0.9,-62.2,-62.2,-62.2,-62.2,1.0,0.0,24.0,1.0,0.3,0.9,-11.0,-11.0,-11.0,-11.0,1.0,0.0,24.0,1.0,0.3,0.9,-10.6,-10.6,-10.6,-10.6,1.0,0.0,24.0,1.0,0.3,0.9,-1.9,-1.9,-1.9,-1.9,1.0,0.0,24.0,1.0,0.3,0.9,46.5,46.5,46.5,46.5,1.0,0.0,24.0,1.0,0.3,0.9,45.0,45.0,45.0,45.0,1.0,0.0,24.0,1.0,0.3,0.9
1974,2,241.0,8.0,25.32,26.0,26.68,26.0,2.0,1.41,10.0,0.5,0.4,0.5,25.0,25.0,25.0,25.0,2.0,0.0,10.0,0.5,0.4,0.5,15.62,16.27,16.91,16.27,2.0,1.33,10.0,0.5,0.4,0.5,79.0,82.3,85.6,82.3,2.0,6.8,10.0,0.5,0.5,7.95,8.5,9.05,8.5,2.0,1.13,10.0,0.5,0.4,0.5,-8.29,-7.32,-6.35,-7.32,2.0,2.01,10.0,0.5,0.4,0.5,-4.67,-4.07,-3.46,-4.07,2.0,1.25,10.0,0.5,0.4,0.5,1010.89,1011.3,1011.71,1011.3,2.0,0.85,10.0,0.5,0.4,0.5,7.2,7.5,7.8,7.5,2.0,0.7,10.0,0.5,0.4,0.5,-75.6,-63.3,-51.1,-63.3,2.0,25.4,10.0,0.5,0.4,0.5,-36.8,-33.8,-30.9,-33.8,2.0,6.0,10.0,0.5,0.4,0.5,0.32,1.0,1.68,1.0,2.0,1.41,10.0,0.5,0.4,0.5,3.0,9.3,15.6,9.3,2.0,13.2,10.0,0.5,0.4,0.5,3.29,4.81,6.32,4.81,2.0,3.14,10.0,0.5,0.4,0.5,27.1,42.6,58.1,42.6,2.0,32.1,10.0,0.5,0.4,0.5,-207.2,-183.0,-158.7,-183.0,2.0,50.2,10.0,0.5,0.4,0.5,-116.7,-101.6,-86.5,-101.6,2.0,31.3,10.0,0.5,0.4,0.5,-128.8,-117.7,-106.7,-117.7,2.0,22.9,10.0,0.5,0.4,0.5,-79.4,-67.0,-54.5,-67.0,2.0,25.8,10.0,0.5,0.4,0.5,-54.1,-38.3,-22.6,-38.3,2.0,32.6,10.0,0.5,0.4,0.5,-20.8,-17.6,-14.3,-17.6,2.0,6.7,10.0,0.5,0.4,0.5,511.5,630.5,749.0,630.5,2.0,246.0,10.0,0.5,0.4,0.5,510.0,630.0,750.0,630.0,2.0,245.0,10.0,0.5,0.4,0.5
1974,2,241.0,9.0,,,,,,,,,,,,,,,,,,,,,,,,,,,,,,,,,,,,,,,,9.8,9.8,9.8,9.8,1.0,0.0,28.0,1.0,0.2,0.5,-8.49,-8.49,-8.49,-8.49,1.0,0.0,28.0,1.0,0.2,0.5,-4.9,-4.9,-4.9,-4.9,1.0,0.0,28.0,1.0,0.2,0.5,1014.7,1014.7,1014.7,1014.7,1.0,0.0,28.0,1.0,0.2,0.5,,,,,,,,,,,,,,,,,,,,,,,,,,,,,,,,,,,,,,,,,,,,,,,,,,,,,,,,,,,,,,,,,,,,,,,,,,,,,,,,,,,,,,,,,,,,,,,,,,,,,,,,,,,,,,,,,,,,,,,,,,,,,,,,,,,,,,,,,,,,,,,,,,,,,,
1974,2,241.0,10.0,,,,,,,,,,,,,,,,,,,,,,,,,,,,,,,,,,,,,,,,2.6,2.6,2.6,2.6,1.0,0.0,28.0,1.0,1.0,0.4,-0.89,-0.89,-0.89,-0.89,1.0,0.0,28.0,1.0,1.0,0.4,-2.44,-2.44,-2.44,-2.44,1.0,0.0,28.0,1.0,1.0,0.4,1009.1,1009.1,1009.1,1009.1,1.0,0.0,28.0,1.0,1.0,0.4,,,,,,,,,,,,,,,,,,,,,,,,,,,,,,,,,,,,,,,,,,,,,,,,,,,,,,,,,,,,,,,,,,,,,,,,,,,,,,,,,,,,,,,,,,,,,,,,,,,,,,,,,,,,,,,,,,,,,,,,,,,,,,,,,,,,,,,,,,,,,,,,,,,,,,
1974,2,241.0,11.0,,,,,,,,,,,,,,,,,,,,,,,,,,,,,,,,,,,,,,,,2.6,2.6,2.6,2.6,1.0,0.0,28.0,1.0,0.5,0.3,-1.67,-1.67,-1.67,-1.67,1.0,0.0,28.0,1.0,0.5,0.3,-1.99,-1.99,-1.99,-1.99,1.0,0.0,28.0,1.0,0.5,0.3,1009.8,1009.8,1009.8,1009.8,1.0,0.0,28.0,1.0,0.5,0.3,,,,,,,,,,,,,,,,,,,,,,,,,,,,,,,,,,,,,,,,,,,,,,,,,,,,,,,,,,,,,,,,,,,,,,,,,,,,,,,,,,,,,,,,,,,,,,,,,,,,,,,,,,,,,,,,,,,,,,,,,,,,,,,,,,,,,,,,,,,,,,,,,,,,,,
1974,2,241.0,12.0,25.14,25.7,26.57,25.85,4.0,0.9,18.0,0.0,0.6,0.4,24.24,24.55,25.44,24.83,4.0,0.95,18.0,0.0,0.6,0.4,14.62,14.71,14.79,14.71,3.0,0.12,16.0,0.0,0.7,0.5,76.2,77.4,78.7,77.4,3.0,1.9,16.0,0.0,0.5,8.2,8.75,10.19,9.18,4.0,1.32,18.0,0.0,0.6,0.4,-9.07,-4.96,-2.8,-5.89,4.0,3.87,18.0,0.0,0.6,0.4,-7.71,-6.84,-3.85,-5.82,4.0,2.73,18.0,0.0,0.6,0.4,1011.07,1012.1,1013.29,1012.18,4.0,1.47,18.0,0.0,0.6,0.4,6.5,7.5,8.0,7.3,4.0,1.0,18.0,0.0,0.6,0.4,-94.0,-44.6,-23.0,-57.9,4.0,45.7,18.0,0.0,0.6,0.4,-63.2,-59.4,-37.5,-50.7,4.0,20.1,18.0,0.0,0.6,0.4,0.64,1.05,1.4,1.03,4.0,0.46,18.0,0.0,0.6,0.4,6.6,9.7,11.5,9.1,4.0,3.3,18.0,0.0,0.6,0.4,5.1,5.41,6.22,5.66,3.0,0.85,16.0,0.0,0.7,0.5,44.9,46.1,51.6,48.2,3.0,5.2,16.0,0.0,0.7,0.5,-231.8,-121.8,-68.1,-148.7,4.0,103.1,18.0,0.0,0.6,0.4,-187.4,-165.7,-95.9,-142.7,4.0,64.8,18.0,0.0,0.6,0.4,-85.2,-41.3,-41.0,-62.6,3.0,37.3,16.0,0.0,0.7,0.5,-113.0,-112.3,-96.2,-104.8,3.0,14.0,16.0,0.0,0.7,0.5,-30.0,-18.5,-16.2,-23.0,3.0,10.8,16.0,0.0,0.7,0.5,-47.9,-41.7,-33.5,-40.7,3.0,10.6,16.0,0.0,0.7,0.5,551.5,678.0,1080.5,809.5,4.0,367.5,18.0,0.0,0.6,0.4,550.0,680.0,1080.0,810.0,4.0,370.0,18.0,0.0,0.6,0.4
1974,2,241.0,13.0,25.32,26.0,26.0,25.67,3.0,0.58,14.0,0.3,0.5,0.4,23.91,25.0,25.68,24.8,3.0,1.31,14.0,0.3,0.5,0.4,14.67,14.92,15.17,14.92,2.0,0.51,8.0,0.5,0.4,0.6,75.6,79.6,83.5,79.6,2.0,8.2,8.0,0.5,0.6,5.57,8.2,9.11,7.36,5.0,2.33,14.0,0.2,0.7,0.4,-5.78,-4.1,2.3,-2.23,5.0,4.45,14.0,0.2,0.7,0.4,-7.7,-5.79,-3.87,-5.81,5.0,2.22,14.0,0.2,0.7,0.4,1011.74,1012.7,1013.61,1012.68,4.0,1.1,12.0,0.3,0.6,0.5,2.0,5.0,6.7,4.6,5.0,2.6,14.0,0.2,0.7,0.4,-44.5,-33.6,14.9,-18.8,5.0,36.4,14.0,0.2,0.7,0.4,-66.6,-52.1,-22.4,-46.3,5.0,27.1,14.0,0.2,0.7,0.4,0.0,0.0,1.77,0.87,3.0,1.5,14.0,0.3,0.5,0.4,0.0,0.0,16.5,8.1,3.0,14.0,14.0,0.3,0.5,0.4,5.31,5.48,5.64,5.48,2.0,0.34,8.0,0.5,0.4,0.6,38.0,44.1,50.3,44.1,2.0,12.8,8.0,0.5,0.4,0.6,-163.1,-128.3,10.1,-77.7,3.0,134.2,14.0,0.3,0.5,0.4,-187.3,-150.4,-121.2,-154.2,3.0,48.5,14.0,0.3,0.5,0.4,-55.1,-13.1,29.0,-13.1,2.0,87.2,8.0,0.5,0.4,0.6,-122.3,-98.1,-73.9,-98.1,2.0,50.1,8.0,0.5,0.4,0.6,-19.7,-4.4,11.0,-4.4,2.0,31.9,8.0,0.5,0.4,0.6,-45.6,-36.2,-26.9,-36.2,2.0,19.4,8.0,0.5,0.4,0.6,208.0,551.5,756.5,486.5,5.0,313.0,14.0,0.2,0.7,0.4,210.0,550.0,755.0,485.0,5.0,315.0,14.0,0.2,0.7,0.4
1974,2,241.0,14.0,25.66,26.0,26.14,25.9,3.0,0.36,14.0,1.0,0.7,0.7,23.79,24.4,24.81,24.3,3.0,0.75,14.0,1.0,0.7,0.7,15.34,15.8,16.26,15.8,2.0,0.95,14.0,1.0,1.0,0.5,84.7,85.7,86.6,85.7,2.0,1.9,14.0,1.0,0.5,9.84,12.3,12.71,11.3,3.0,2.27,14.0,1.0,0.7,0.7,-8.48,-6.45,-5.86,-7.15,3.0,2.01,14.0,1.0,0.7,0.7,-10.14,-7.91,-7.06,-8.58,3.0,2.33,14.0,1.0,0.7,0.7,1015.66,1017.3,1018.19,1016.93,3.0,1.88,14.0,1.0,0.7,0.7,6.0,8.0,8.0,7.0,3.0,1.7,14.0,1.0,0.7,0.7,-105.5,-83.2,-59.6,-82.6,3.0,33.6,14.0,1.0,0.7,0.7,-129.2,-97.2,-70.4,-99.8,3.0,43.1,14.0,1.0,0.7,0.7,1.25,1.8,1.94,1.6,3.0,0.53,14.0,1.0,0.7,0.7,13.0,22.1,24.6,18.9,3.0,9.0,14.0,1.0,0.7,0.7,4.74,4.91,5.09,4.91,2.0,0.36,14.0,1.0,1.0,0.5,58.8,62.0,65.2,62.0,2.0,6.6,14.0,1.0,1.0,0.5,-205.0,-151.6,-143.5,-173.8,3.0,49.0,14.0,1.0,0.7,0.7,-240.4,-192.9,-175.0,-207.4,3.0,49.6,14.0,1.0,0.7,0.7,-146.1,-126.4,-106.7,-126.4,2.0,40.8,14.0,1.0,1.0,0.5,-162.9,-149.6,-136.4,-149.6,2.0,27.4,14.0,1.0,1.0,0.5,-42.2,-38.6,-35.0,-38.6,2.0,7.5,14.0,1.0,1.0,0.5,-54.4,-47.3,-40.2,-47.3,2.0,14.7,14.0,1.0,1.0,0.5,1040.0,1861.0,2056.0,1555.5,3.0,789.5,14.0,1.0,0.7,0.7,1040.0,1860.0,2055.0,1555.0,3.0,790.0,14.0,1.0,0.7,0.7
1974,2,241.0,15.0,23.66,24.0,25.37,24.5,3.0,1.32,12.0,1.0,0.6,0.7,22.16,23.0,23.52,22.85,4.0,1.08,10.0,0.8,0.7,0.6,12.33,13.23,14.22,13.27,4.0,1.21,10.0,0.8,0.7,0.6,70.9,77.3,82.7,76.8,4.0,7.1,10.0,0.8,0.6,5.84,7.45,9.06,7.45,4.0,2.34,10.0,0.8,0.7,0.6,-5.83,-4.79,-4.05,-4.93,4.0,1.28,10.0,0.8,0.7,0.6,-6.94,-5.71,-4.18,-5.57,4.0,2.03,10.0,0.8,0.7,0.6,1012.55,1014.05,1016.55,1014.53,4.0,2.42,10.0,0.8,0.7,0.6,4.5,5.0,6.6,5.5,4.0,1.7,10.0,0.8,0.7,0.6,-53.9,-35.7,-24.4,-39.0,4.0,21.6,10.0,0.8,0.7,0.6,-64.2,-42.6,-26.0,-45.0,4.0,27.9,10.0,0.8,0.7,0.6,-0.02,1.0,2.37,1.17,3.0,1.76,12.0,1.0,0.6,0.7,0.8,10.3,12.7,6.8,3.0,9.2,12.0,1.0,0.6,0.7,4.99,6.28,6.52,5.77,3.0,1.2,12.0,1.0,0.6,0.7,29.8,31.7,56.6,42.9,3.0,22.0,12.0,1.0,0.6,0.7,-132.7,-108.5,-92.9,-112.6,4.0,29.5,10.0,0.8,0.7,0.6,-158.1,-129.3,-95.7,-127.0,4.0,46.5,10.0,0.8,0.7,0.6,-71.4,-63.3,-57.3,-64.3,4.0,11.0,10.0,0.8,0.7,0.6,-85.1,-75.4,-58.7,-72.1,4.0,20.9,10.0,0.8,0.7,0.6,-37.0,-22.1,-20.9,-28.8,3.0,13.1,12.0,1.0,0.6,0.7,-43.4,-24.3,-20.4,-31.7,3.0,18.1,12.0,1.0,0.6,0.7,228.5,415.0,790.0,505.0,4.0,421.0,10.0,0.8,0.7,0.6,230.0,415.0,790.0,505.0,4.0,420.0,10.0,0.8,0.7,0.6
1974,2,241.0,16.0,24.13,24.4,24.47,24.3,3.0,0.26,14.0,0.3,0.6,0.5,20.63,22.0,22.14,21.4,3.0,1.22,14.0,0.3,0.6,0.5,9.1,9.98,11.58,10.33,3.0,1.84,14.0,0.3,0.6,0.5,60.1,60.5,70.5,65.2,3.0,8.6,14.0,0.3,0.5,6.2,6.2,8.66,7.4,3.0,2.08,14.0,0.3,0.6,0.5,-5.56,-3.99,-3.38,-4.46,3.0,1.65,14.0,0.3,0.6,0.5,-6.83,-5.37,-4.95,-5.88,3.0,1.45,14.0,0.3,0.6,0.5,1013.61,1014.5,1017.57,1015.57,3.0,3.04,14.0,0.3,0.6,0.5,7.3,8.0,8.0,7.7,3.0,0.6,14.0,0.3,0.6,0.5,-50.0,-24.7,-21.0,-35.2,3.0,23.1,14.0,0.3,0.6,0.5,-60.8,-33.3,-30.7,-45.4,3.0,24.4,14.0,0.3,0.6,0.5,2.3,2.5,3.52,2.9,3.0,0.96,14.0,0.3,0.6,0.5,17.1,24.5,24.7,21.0,3.0,6.4,14.0,0.3,0.6,0.5,7.51,8.97,9.62,8.58,3.0,1.58,14.0,0.3,0.6,0.5,57.5,61.5,65.2,61.4,3.0,5.7,14.0,0.3,0.6,0.5,-119.9,-79.7,-72.3,-95.7,3.0,37.5,14.0,0.3,0.6,0.5,-150.6,-119.2,-102.7,-126.4,3.0,35.6,14.0,0.3,0.6,0.5,-64.0,-34.6,-32.1,-47.7,3.0,26.0,14.0,0.3,0.6,0.5,-80.2,-53.6,-45.2,-62.5,3.0,26.8,14.0,0.3,0.6,0.5,-41.9,-39.5,-31.5,-36.8,3.0,8.0,14.0,0.3,0.6,0.5,-50.3,-48.2,-47.5,-48.9,3.0,2.2,14.0,0.3,0.6,0.5,238.5,238.5,718.0,472.5,3.0,406.0,14.0,0.3,0.6,0.5,240.0,240.0,720.0,475.0,3.0,405.0,14.0,0.3,0.6,0.5
1974,2,241.0,17.0,22.62,22.9,23.21,22.97,6.0,0.57,16.0,1.0,0.7,0.4,20.0,21.8,22.91,21.77,6.0,1.72,16.0,0.8,0.7,0.5,10.37,12.79,13.46,12.27,6.0,1.68,16.0,0.8,0.7,0.5,69.6,74.3,79.3,75.8,6.0,8.1,16.0,0.8,0.5,4.55,6.2,7.7,6.17,7.0,1.57,14.0,0.9,0.7,0.4,-5.96,-4.32,-2.05,-4.08,7.0,2.23,14.0,0.9,0.7,0.4,-5.85,-3.99,-2.58,-4.11,7.0,1.69,14.0,0.9,0.7,0.4,1014.9,1017.0,1017.98,1016.89,7.0,1.64,14.0,0.9,0.7,0.4,4.9,7.0,8.0,6.4,7.0,2.2,14.0,0.9,0.7,0.4,-45.9,-25.9,-12.6,-27.4,7.0,18.4,14.0,0.9,0.7,0.4,-38.4,-24.7,-12.5,-26.3,7.0,13.9,14.0,0.9,0.7,0.4,-0.55,1.5,2.74,1.1,5.0,1.84,18.0,1.0,0.7,0.5,-2.5,9.3,21.1,9.0,5.0,12.6,18.0,1.0,0.7,0.5,4.11,5.69,6.86,5.55,5.0,1.44,18.0,1.0,0.7,0.5,22.8,35.3,52.8,37.2,5.0,15.9,18.0,1.0,0.7,0.5,-123.5,-105.9,-40.6,-89.3,6.0,48.9,16.0,0.8,0.7,0.5,-105.6,-82.2,-49.8,-80.9,6.0,33.3,16.0,0.8,0.7,0.5,-63.6,-58.1,-23.5,-48.1,6.0,24.8,16.0,0.8,0.7,0.5,-55.8,-50.1,-26.2,-45.7,6.0,19.3,16.0,0.8,0.7,0.5,-44.6,-19.1,-15.8,-28.0,5.0,16.2,18.0,1.0,0.7,0.5,-34.1,-17.5,-12.6,-21.8,5.0,12.3,18.0,1.0,0.7,0.5,95.0,238.5,456.5,272.5,7.0,164.5,14.0,0.9,0.7,0.4,95.0,240.0,455.0,270.0,7.0,165.0,14.0,0.9,0.7,0.4
1974,2,241.0,18.0,21.69,22.6,23.17,22.42,6.0,1.11,12.0,0.7,0.6,0.3,20.17,21.5,23.48,22.21,7.0,2.52,14.0,0.7,0.7,0.4,9.78,12.45,13.56,11.89,5.0,2.13,14.0,0.6,0.6,0.3,62.9,70.3,78.3,71.3,5.0,12.4,14.0,0.6,0.3,4.58,6.2,7.78,6.31,7.0,1.87,14.0,0.7,0.7,0.4,-4.16,-3.18,-1.72,-3.57,7.0,2.1,14.0,0.7,0.7,0.4,-7.17,-4.75,-2.19,-4.33,7.0,2.98,14.0,0.7,0.7,0.4,1014.95,1015.5,1017.01,1015.8,7.0,1.18,14.0,0.7,0.7,0.4,3.9,6.0,8.0,5.9,7.0,2.2,14.0,0.7,0.7,0.4,-31.0,-18.3,-9.0,-23.2,7.0,17.7,14.0,0.7,0.7,0.4,-52.5,-24.4,-10.1,-29.7,7.0,28.1,14.0,0.7,0.7,0.4,-1.72,-0.25,2.88,0.0,6.0,2.85,12.0,0.7,0.6,0.3,-8.7,-0.5,16.4,2.2,6.0,15.5,12.0,0.7,0.6,0.3,2.67,5.86,7.5,5.08,5.0,3.03,14.0,0.6,0.6,0.3,11.0,40.2,47.2,31.3,5.0,21.8,14.0,0.6,0.6,0.3,-94.5,-84.8,-34.9,-77.6,7.0,40.5,14.0,0.7,0.7,0.4,-166.1,-96.8,-47.1,-96.5,7.0,64.1,14.0,0.7,0.7,0.4,-64.8,-40.7,-16.3,-41.5,5.0,26.3,14.0,0.6,0.6,0.3,-61.3,-34.2,-21.3,-40.4,5.0,31.8,14.0,0.6,0.6,0.3,-29.2,-12.5,-5.2,-18.2,5.0,21.7,14.0,0.6,0.6,0.3,-39.2,-10.5,-0.5,-18.1,5.0,20.1,14.0,0.6,0.6,0.3,96.0,238.5,473.0,310.0,7.0,261.5,14.0,0.7,0.7,0.4,95.0,240.0,475.0,310.0,7.0,260.0,14.0,0.7,0.7,0.4
1974,2,241.0,19.0,20.55,23.4,24.0,22.33,4.0,2.61,16.0,0.5,0.5,0.3,18.48,19.15,19.67,19.08,4.0,0.83,16.0,0.5,0.5,0.3,10.27,10.31,12.28,11.26,3.0,1.69,14.0,0.3,0.7,0.2,76.4,81.0,87.9,82.1,3.0,8.5,14.0,0.3,0.2,5.81,7.95,10.09,7.95,4.0,3.15,16.0,0.5,0.5,0.3,-3.61,-2.28,-1.38,-2.48,4.0,1.33,16.0,0.5,0.5,0.3,-9.65,-7.83,-4.99,-7.35,4.0,3.5,16.0,0.5,0.5,0.3,1016.74,1018.75,1019.71,1018.25,4.0,2.0,16.0,0.5,0.5,0.3,5.4,7.5,8.0,6.8,4.0,1.9,16.0,0.5,0.5,0.3,-31.1,-12.3,-11.0,-20.6,4.0,18.0,16.0,0.5,0.5,0.3,-100.1,-62.3,-33.5,-66.6,4.0,49.4,16.0,0.5,0.5,0.3,1.93,3.75,4.52,3.25,4.0,1.94,16.0,0.5,0.5,0.3,10.0,27.5,40.0,25.1,4.0,17.9,16.0,0.5,0.5,0.3,3.64,5.36,6.45,5.05,3.0,2.07,14.0,0.3,0.7,0.2,22.4,23.3,63.4,42.5,3.0,34.3,14.0,0.3,0.7,0.2,-70.7,-44.2,-25.5,-47.9,4.0,26.6,16.0,0.5,0.5,0.3,-181.3,-144.7,-96.2,-139.0,4.0,66.2,16.0,0.5,0.5,0.3,-41.4,-41.4,-23.2,-32.5,3.0,15.4,14.0,0.3,0.7,0.2,-104.1,-83.3,-50.2,-77.3,3.0,39.8,14.0,0.3,0.7,0.2,-24.5,-16.8,-8.1,-16.3,3.0,12.0,14.0,0.3,0.7,0.2,-59.9,-22.9,-16.9,-38.1,3.0,34.1,14.0,0.3,0.7,0.2,253.5,504.0,1123.5,680.0,4.0,675.0,16.0,0.5,0.5,0.3,255.0,505.0,1125.0,680.0,4.0,675.0,16.0,0.5,0.5,0.3
1974,2,241.0,20.0,19.63,21.0,22.37,21.0,2.0,2.83,4.0,0.5,0.5,0.4,16.7,17.25,18.69,17.68,4.0,1.32,14.0,0.3,0.6,0.3,7.56,8.48,9.42,8.49,4.0,1.07,14.0,0.3,0.6,0.3,64.6,66.0,71.1,67.8,4.0,4.7,14.0,0.3,0.3,5.6,6.7,7.22,6.43,4.0,1.3,14.0,0.3,0.6,0.3,-6.6,-3.97,-0.64,-3.63,4.0,3.47,14.0,0.3,0.6,0.3,-6.16,-1.72,1.16,-2.46,4.0,4.36,14.0,0.3,0.6,0.3,1015.03,1017.55,1018.6,1016.85,4.0,2.32,14.0,0.3,0.6,0.3,3.0,4.0,6.6,4.8,4.0,2.4,14.0,0.3,0.6,0.3,-44.2,-27.3,-4.9,-24.7,4.0,22.9,14.0,0.3,0.6,0.3,-40.7,-6.7,7.8,-16.0,4.0,31.4,14.0,0.3,0.6,0.3,1.57,2.35,3.13,2.35,2.0,1.63,4.0,0.5,0.5,0.4,8.9,16.2,23.5,16.2,2.0,15.2,4.0,0.5,0.5,0.4,4.85,6.13,7.42,6.13,2.0,2.66,4.0,0.5,0.5,0.4,26.2,40.6,55.0,40.6,2.0,29.8,4.0,0.5,0.5,0.4,-110.2,-68.1,-12.4,-61.6,4.0,57.1,14.0,0.3,0.6,0.3,-116.5,-31.2,19.4,-47.7,4.0,82.1,14.0,0.3,0.6,0.3,-49.9,-31.3,-6.0,-28.1,4.0,25.7,14.0,0.3,0.6,0.3,-58.1,-17.2,8.8,-24.3,4.0,39.9,14.0,0.3,0.6,0.3,-9.0,-5.4,-1.7,-5.4,2.0,7.6,4.0,0.5,0.5,0.4,-54.2,-40.2,-26.1,-40.2,2.0,29.1,4.0,0.5,0.5,0.4,194.0,301.0,382.5,289.0,4.0,147.5,14.0,0.3,0.6,0.3,195.0,300.0,380.0,290.0,4.0,145.0,14.0,0.3,0.6,0.3
1974,2,241.0,21.0,20.0,20.0,20.0,20.0,1.0,0.0,14.0,0.0,0.2,0.9,18.0,18.0,18.0,18.0,1.0,0.0,14.0,0.0,0.2,0.9,9.07,9.07,9.07,9.07,1.0,0.0,14.0,0.0,0.2,0.9,71.2,71.2,71.2,71.2,1.0,0.0,14.0,0.0,0.9,4.6,4.6,4.6,4.6,1.0,0.0,14.0,0.0,0.2,0.9,0.0,0.0,0.0,0.0,1.0,0.0,14.0,0.0,0.2,0.9,-4.6,-4.6,-4.6,-4.6,1.0,0.0,14.0,0.0,0.2,0.9,1017.5,1019.65,1021.8,1019.65,2.0,4.45,14.0,0.5,0.5,0.5,3.0,5.0,7.0,5.0,2.0,4.2,14.0,0.5,0.5,0.5,0.0,0.0,0.0,0.0,1.0,0.0,14.0,0.0,0.2,0.9,-21.2,-21.2,-21.2,-21.2,1.0,0.0,14.0,0.0,0.2,0.9,2.0,2.0,2.0,2.0,1.0,0.0,14.0,0.0,0.2,0.9,9.2,9.2,9.2,9.2,1.0,0.0,14.0,0.0,0.2,0.9,5.42,5.42,5.42,5.42,1.0,0.0,14.0,0.0,0.2,0.9,24.9,24.9,24.9,24.9,1.0,0.0,14.0,0.0,0.2,0.9,0.0,0.0,0.0,0.0,1.0,0.0,14.0,0.0,0.2,0.9,-82.8,-82.8,-82.8,-82.8,1.0,0.0,14.0,0.0,0.2,0.9,0.0,0.0,0.0,0.0,1.0,0.0,14.0,0.0,0.2,0.9,-41.7,-41.7,-41.7,-41.7,1.0,0.0,14.0,0.0,0.2,0.9,0.0,0.0,0.0,0.0,1.0,0.0,14.0,0.0,0.2,0.9,-24.9,-24.9,-24.9,-24.9,1.0,0.0,14.0,0.0,0.2,0.9,97.5,97.5,97.5,97.5,1.0,0.0,14.0,0.0,0.2,0.9,95.0,95.0,95.0,95.0,1.0,0.0,14.0,0.0,0.2,0.9
1974,2,241.0,22.0,16.64,17.0,19.21,17.66,7.0,1.53,14.0,0.6,0.8,0.3,16.5,16.7,18.52,17.23,7.0,1.05,14.0,0.6,0.8,0.3,8.67,9.31,10.14,9.35,7.0,0.74,14.0,0.6,0.8,0.3,74.2,77.0,79.4,77.0,7.0,2.8,14.0,0.6,0.3,3.6,7.7,9.37,6.99,7.0,2.78,14.0,0.6,0.8,0.3,-5.96,-1.88,0.06,-2.49,7.0,3.02,14.0,0.6,0.8,0.3,-8.2,-5.7,-3.35,-5.93,7.0,2.72,14.0,0.6,0.8,0.3,1017.44,1019.0,1020.35,1018.77,7.0,1.69,14.0,0.6,0.8,0.3,3.8,6.0,7.0,5.1,7.0,2.6,14.0,0.6,0.8,0.3,-46.4,-11.7,0.2,-21.1,7.0,25.8,14.0,0.6,0.8,0.3,-68.5,-38.1,-12.1,-47.1,7.0,36.3,14.0,0.6,0.8,0.3,-0.05,0.2,0.61,0.43,7.0,1.12,14.0,0.6,0.8,0.3,-0.3,0.9,4.9,3.2,7.0,8.3,14.0,0.6,0.8,0.3,2.47,3.15,3.56,3.17,7.0,1.17,14.0,0.6,0.8,0.3,11.5,23.5,33.1,22.2,7.0,12.1,14.0,0.6,0.8,0.3,-99.5,-31.3,1.1,-41.9,7.0,50.9,14.0,0.6,0.8,0.3,-135.4,-94.0,-62.1,-100.3,7.0,43.1,14.0,0.6,0.8,0.3,-51.3,-16.3,0.6,-22.5,7.0,27.6,14.0,0.6,0.8,0.3,-72.2,-53.7,-34.0,-54.1,7.0,22.0,14.0,0.6,0.8,0.3,-18.6,-5.7,0.2,-9.0,7.0,12.1,14.0,0.6,0.8,0.3,-26.7,-15.1,-8.9,-18.3,7.0,9.6,14.0,0.6,0.8,0.3,46.5,456.5,826.0,478.5,7.0,443.5,14.0,0.6,0.8,0.3,45.0,455.0,825.0,480.0,7.0,445.0,14.0,0.6,0.8,0.3
1974,2,241.0,23.0,16.37,18.75,20.15,18.34,12.0,1.75,16.0,0.5,0.6,0.5,15.57,17.25,19.1,17.35,12.0,1.57,18.0,0.4,0.6,0.5,7.56,8.83,9.95,8.67,12.0,1.37,18.0,0.4,0.6,0.5,61.4,75.3,79.3,71.2,12.0,11.4,18.0,0.4,0.5,4.85,5.1,6.7,5.73,12.0,2.27,16.0,0.5,0.6,0.5,-2.29,0.0,0.18,-0.6,12.0,2.13,16.0,0.5,0.6,0.5,-6.3,-5.1,-3.56,-5.28,12.0,2.37,16.0,0.5,0.6,0.5,1016.22,1018.15,1021.28,1018.81,12.0,2.21,18.0,0.4,0.6,0.5,3.0,6.0,7.1,5.2,13.0,2.0,16.0,0.5,0.6,0.5,-15.4,0.0,0.4,-1.6,12.0,17.6,16.0,0.5,0.6,0.5,-42.2,-26.0,-14.8,-34.8,12.0,32.5,16.0,0.5,0.6,0.5,-1.07,1.0,2.95,0.72,11.0,1.92,18.0,0.5,0.6,0.5,-5.5,5.1,17.9,5.6,11.0,12.4,18.0,0.5,0.6,0.5,2.89,3.95,5.91,4.32,11.0,1.74,18.0,0.5,0.6,0.5,10.4,24.5,37.3,24.9,11.0,13.2,18.0,0.5,0.6,0.5,-37.4,0.0,5.9,-11.5,11.0,40.0,18.0,0.5,0.6,0.5,-107.4,-90.4,-57.2,-90.8,11.0,42.4,18.0,0.5,0.6,0.5,-17.8,0.0,3.2,-3.8,11.0,19.6,18.0,0.5,0.6,0.5,-52.6,-46.7,-26.6,-46.4,11.0,26.8,18.0,0.5,0.6,0.5,-10.1,0.0,1.0,-3.2,11.0,9.8,18.0,0.5,0.6,0.5,-37.1,-24.2,-7.9,-22.7,11.0,13.5,18.0,0.5,0.6,0.5,116.5,132.5,301.0,284.0,12.0,436.5,16.0,0.5,0.6,0.5,115.0,135.0,300.0,285.0,12.0,435.0,16.0,0.5,0.6,0.5
1974,2,241.0,24.0,16.94,18.2,19.1,18.1,6.0,1.16,10.0,0.3,0.2,0.1,15.48,15.9,17.06,16.45,6.0,1.8,10.0,0.3,0.2,0.1,7.3,8.4,9.67,8.56,6.0,1.35,10.0,0.3,0.2,0.1,69.1,73.7,78.4,73.8,6.0,6.0,10.0,0.3,0.1,2.6,5.9,7.63,5.58,6.0,2.67,10.0,0.3,0.2,0.1,-2.77,-2.35,-0.92,-2.0,6.0,1.25,10.0,0.3,0.2,0.1,-7.16,-5.33,-1.22,-4.79,6.0,3.26,10.0,0.3,0.2,0.1,1018.48,1019.8,1021.12,1020.03,6.0,1.93,10.0,0.3,0.2,0.1,4.8,6.5,7.2,6.2,6.0,1.5,10.0,0.3,0.2,0.1,-15.7,-7.1,-4.6,-9.8,6.0,8.9,10.0,0.3,0.2,0.1,-53.5,-33.4,-3.2,-34.0,6.0,31.8,10.0,0.3,0.2,0.1,0.77,1.65,2.88,1.65,6.0,1.33,10.0,0.3,0.2,0.1,2.4,10.8,17.6,11.3,6.0,10.9,10.0,0.3,0.2,0.1,3.55,4.38,4.78,4.28,6.0,0.78,10.0,0.3,0.2,0.1,9.2,26.1,36.7,25.6,6.0,16.0,10.0,0.3,0.2,0.1,-49.9,-39.0,-14.4,-33.2,6.0,20.4,10.0,0.3,0.2,0.1,-111.6,-82.5,-20.5,-75.3,6.0,49.4,10.0,0.3,0.2,0.1,-26.2,-21.9,-6.6,-17.4,6.0,10.9,10.0,0.3,0.2,0.1,-52.5,-43.7,-11.1,-38.2,6.0,24.4,10.0,0.3,0.2,0.1,-11.8,-8.1,-4.3,-8.1,6.0,5.5,10.0,0.3,0.2,0.1,-34.6,-23.5,-4.3,-22.6,6.0,17.9,10.0,0.3,0.2,0.1,17.5,216.5,462.5,274.5,6.0,298.0,10.0,0.3,0.2,0.1,20.0,215.0,460.0,275.0,6.0,300.0,10.0,0.3,0.2,0.1
1974,2,241.0,25.0,16.45,17.0,18.0,17.09,7.0,0.92,20.0,0.3,0.6,0.4,15.48,16.5,16.84,16.29,7.0,0.86,20.0,0.3,0.6,0.4,8.89,9.44,10.03,9.52,6.0,0.72,20.0,0.3,0.6,0.4,77.0,82.5,91.2,83.9,6.0,7.5,20.0,0.3,0.4,5.1,6.65,8.82,6.92,6.0,2.02,20.0,0.3,0.7,0.5,-3.33,-2.68,-1.38,-2.47,6.0,1.11,20.0,0.3,0.7,0.5,-8.6,-6.36,-4.18,-6.29,6.0,2.34,20.0,0.3,0.7,0.5,1019.38,1021.0,1022.71,1021.01,7.0,2.45,20.0,0.3,0.6,0.4,0.0,4.0,7.0,3.9,7.0,3.0,20.0,0.3,0.6,0.4,-24.4,-16.5,-11.3,-17.2,6.0,8.8,20.0,0.3,0.7,0.5,-75.9,-44.4,-21.3,-47.3,6.0,28.9,20.0,0.3,0.7,0.5,0.38,0.5,1.51,0.8,7.0,0.66,20.0,0.3,0.6,0.4,1.6,3.2,9.4,5.1,6.0,5.2,20.0,0.3,0.7,0.5,1.9,2.32,3.04,2.51,6.0,0.81,20.0,0.3,0.6,0.4,14.1,14.7,24.0,19.2,5.0,9.7,18.0,0.4,0.6,0.4,-55.2,-44.2,-21.0,-40.6,6.0,18.9,20.0,0.3,0.7,0.5,-131.8,-101.4,-73.1,-101.4,6.0,34.4,20.0,0.3,0.7,0.5,-30.7,-27.4,-20.9,-25.9,5.0,8.0,18.0,0.4,0.6,0.4,-76.5,-75.4,-38.5,-60.4,5.0,22.2,18.0,0.4,0.6,0.4,-11.2,-7.2,-4.3,-7.6,5.0,3.9,18.0,0.4,0.6,0.4,-23.0,-13.8,-11.1,-17.2,5.0,10.0,18.0,0.4,0.6,0.4,132.5,342.0,688.5,402.0,6.0,306.0,20.0,0.3,0.7,0.5,135.0,340.0,690.0,400.0,6.0,305.0,20.0,0.3,0.7,0.5
1974,2,241.0,26.0,16.74,17.3,18.07,17.4,4.0,0.86,24.0,0.8,0.6,0.4,16.49,17.4,18.26,17.38,4.0,1.06,24.0,0.8,0.6,0.4,8.85,9.44,10.03,9.44,2.0,1.23,22.0,1.0,0.8,0.3,67.9,73.2,78.6,73.2,2.0,11.0,22.0,1.0,0.3,5.27,7.0,8.1,6.7,4.0,1.72,24.0,0.8,0.6,0.4,-2.56,-1.67,-0.5,-1.54,4.0,1.26,24.0,0.8,0.6,0.4,-7.86,-6.81,-0.73,-4.41,4.0,5.67,24.0,0.8,0.6,0.4,1019.63,1021.05,1023.04,1021.33,4.0,2.09,24.0,0.8,0.6,0.4,3.0,5.0,5.7,4.3,3.0,2.1,24.0,0.7,0.6,0.5,-17.1,-8.4,-3.0,-10.0,4.0,9.7,24.0,0.8,0.6,0.4,-63.6,-49.3,-7.3,-36.1,4.0,38.6,24.0,0.8,0.6,0.4,-0.35,-0.15,0.42,0.03,4.0,0.54,24.0,0.8,0.6,0.4,-2.9,-1.2,2.5,-0.2,4.0,3.6,24.0,0.8,0.6,0.4,2.5,3.34,4.18,3.34,2.0,1.74,22.0,1.0,0.8,0.3,17.9,19.2,20.4,19.2,2.0,2.6,22.0,1.0,0.8,0.3,-46.7,-29.7,-8.0,-27.5,4.0,23.3,24.0,0.8,0.6,0.4,-136.7,-115.1,-7.0,-73.8,4.0,100.2,24.0,0.8,0.6,0.4,-27.5,-24.3,-21.2,-24.3,2.0,6.5,22.0,1.0,0.8,0.3,-61.4,-22.6,16.1,-22.6,2.0,80.3,22.0,1.0,0.8,0.3,-9.8,-8.2,-6.7,-8.2,2.0,3.2,22.0,1.0,0.8,0.3,-10.8,1.0,12.7,1.0,2.0,24.4,22.0,1.0,0.8,0.3,154.0,364.0,532.5,344.0,4.0,222.5,24.0,0.8,0.6,0.4,155.0,365.0,535.0,345.0,4.0,220.0,24.0,0.8,0.6,0.4
1974,2,241.0,27.0,15.53,15.6,16.35,15.93,3.0,0.67,22.0,0.3,0.6,0.2,13.76,15.4,15.81,14.8,3.0,1.59,22.0,0.3,0.6,0.2,8.61,8.61,8.61,8.61,1.0,0.0,18.0,0.0,0.2,0.4,93.6,93.6,93.6,93.6,1.0,0.0,18.0,0.0,0.4,10.06,13.0,13.0,11.57,3.0,2.48,22.0,0.3,0.6,0.2,0.0,0.0,2.03,0.99,3.0,1.72,22.0,0.3,0.6,0.2,-13.0,-13.0,-9.71,-11.39,3.0,2.79,22.0,0.3,0.6,0.2,1022.39,1023.0,1023.2,1022.8,3.0,0.62,22.0,0.3,0.6,0.2,4.3,5.0,7.0,5.7,3.0,2.1,22.0,0.3,0.6,0.2,0.0,0.0,17.7,8.6,3.0,14.9,22.0,0.3,0.6,0.2,-169.0,-169.0,-102.2,-136.4,3.0,56.5,22.0,0.3,0.6,0.2,0.36,0.7,1.93,1.13,3.0,1.21,22.0,0.3,0.6,0.2,4.7,9.1,17.7,11.2,3.0,9.7,22.0,0.3,0.6,0.2,2.22,2.22,2.22,2.22,1.0,0.0,18.0,0.0,0.2,0.4,19.3,19.3,19.3,19.3,1.0,0.0,18.0,0.0,0.2,0.4,0.0,0.0,26.4,12.9,3.0,22.3,22.0,0.3,0.6,0.2,-205.5,-200.2,-136.1,-171.5,3.0,56.6,22.0,0.3,0.6,0.2,25.6,25.6,25.6,25.6,1.0,0.0,18.0,0.0,0.2,0.4,-70.4,-70.4,-70.4,-70.4,1.0,0.0,18.0,0.0,0.2,0.4,6.6,6.6,6.6,6.6,1.0,0.0,18.0,0.0,0.2,0.4,-18.1,-18.1,-18.1,-18.1,1.0,0.0,18.0,0.0,0.2,0.4,1147.0,2197.0,2197.0,1684.0,3.0,888.5,22.0,0.3,0.6,0.2,1145.0,2195.0,2195.0,1685.0,3.0,890.0,22.0,0.3,0.6,0.2
1974,2,241.0,28.0,14.94,15.3,15.56,15.26,5.0,0.53,20.0,0.6,0.7,0.5,13.34,14.6,16.6,14.74,5.0,2.09,20.0,0.6,0.7,0.5,6.61,7.06,7.52,7.06,2.0,0.94,20.0,0.5,0.9,0.5,75.6,76.2,76.7,76.2,2.0,1.1,20.0,0.5,0.5,5.05,6.4,8.54,6.78,4.0,2.1,20.0,0.8,0.8,0.6,0.64,2.83,4.38,2.52,4.0,2.21,20.0,0.8,0.8,0.6,-8.48,-5.07,-2.52,-5.48,4.0,3.49,20.0,0.8,0.8,0.6,1020.6,1027.8,1028.24,1024.88,5.0,4.93,20.0,0.6,0.7,0.5,1.6,3.0,3.4,2.6,5.0,1.1,20.0,0.6,0.7,0.5,4.9,16.0,22.1,13.6,4.0,10.7,20.0,0.8,0.8,0.6,-73.1,-35.7,-12.7,-42.6,4.0,36.3,20.0,0.8,0.8,0.6,-1.34,0.9,1.98,0.52,5.0,1.88,20.0,0.6,0.7,0.5,-6.8,3.3,18.3,5.6,4.0,14.9,20.0,0.8,0.8,0.6,3.55,3.63,3.71,3.63,2.0,0.17,20.0,0.5,0.9,0.5,29.4,30.7,32.0,30.7,2.0,2.7,20.0,0.5,0.9,0.5,7.3,43.6,72.6,40.1,4.0,38.0,20.0,0.8,0.8,0.6,-112.7,-64.8,-41.9,-76.7,4.0,44.8,20.0,0.8,0.8,0.6,1.4,4.3,7.2,4.3,2.0,6.1,20.0,0.5,0.9,0.5,-68.2,-60.2,-52.2,-60.2,2.0,16.5,20.0,0.5,0.9,0.5,0.8,2.5,4.2,2.5,2.0,3.5,20.0,0.5,0.9,0.5,-32.0,-30.5,-29.1,-30.5,2.0,3.0,20.0,0.5,0.9,0.5,128.5,294.5,639.0,379.5,4.0,322.5,20.0,0.8,0.8,0.6,130.0,295.0,640.0,380.0,4.0,325.0,20.0,0.8,0.8,0.6
1974,2,241.0,29.0,15.06,15.3,15.47,15.28,5.0,0.24,20.0,0.2,0.6,0.5,13.0,13.8,13.91,13.86,7.0,1.09,16.0,0.4,0.7,0.5,7.7,8.02,8.35,8.02,2.0,0.68,8.0,1.0,0.9,0.7,75.9,77.5,79.1,77.5,2.0,3.3,8.0,1.0,0.7,7.08,10.8,12.05,9.66,7.0,3.1,16.0,0.4,0.7,0.5,1.98,2.96,6.52,3.6,7.0,2.54,16.0,0.4,0.7,0.5,-11.82,-8.27,-5.42,-8.6,7.0,3.25,16.0,0.4,0.7,0.5,1021.68,1023.0,1024.01,1023.04,7.0,1.66,16.0,0.4,0.7,0.5,0.0,0.0,4.1,2.0,7.0,2.8,16.0,0.4,0.7,0.5,13.0,25.0,75.4,36.6,7.0,31.4,16.0,0.4,0.7,0.5,-142.0,-89.4,-38.6,-91.3,7.0,53.5,16.0,0.4,0.7,0.5,1.43,1.6,2.02,1.72,5.0,0.42,20.0,0.2,0.6,0.5,11.8,15.6,25.1,18.4,5.0,8.2,20.0,0.2,0.6,0.5,2.95,2.95,2.95,2.95,1.0,0.0,16.0,1.0,0.7,0.9,21.2,21.2,21.2,21.2,1.0,0.0,16.0,1.0,0.7,0.9,27.4,47.9,84.8,48.9,7.0,32.5,16.0,0.4,0.7,0.5,-163.1,-110.4,-73.1,-117.4,7.0,42.2,16.0,0.4,0.7,0.5,26.7,30.0,33.4,30.0,2.0,6.9,8.0,1.0,0.9,0.7,-39.8,-35.8,-31.8,-35.8,2.0,8.2,8.0,1.0,0.9,0.7,13.7,13.7,13.7,13.7,1.0,0.0,16.0,1.0,0.7,0.9,-16.3,-16.3,-16.3,-16.3,1.0,0.0,16.0,1.0,0.7,0.9,360.0,1259.5,1750.5,1128.0,7.0,805.5,16.0,0.4,0.7,0.5,360.0,1260.0,1750.0,1130.0,7.0,805.0,16.0,0.4,0.7,0.5
1974,2,241.0,30.0,13.94,14.3,15.11,14.59,10.0,0.96,14.0,0.3,0.5,0.6,12.4,13.9,15.08,13.72,12.0,1.25,14.0,0.3,0.5,0.6,5.71,7.08,9.19,7.38,7.0,1.66,14.0,0.1,0.6,0.7,60.1,67.3,89.2,73.9,7.0,15.6,14.0,0.1,0.7,2.6,6.15,9.93,6.4,12.0,3.93,14.0,0.3,0.5,0.6,0.0,2.16,6.29,2.87,12.0,3.64,14.0,0.3,0.5,0.6,-9.03,-4.86,-1.24,-4.83,12.0,3.52,14.0,0.3,0.5,0.6,1019.47,1022.25,1024.85,1022.27,12.0,3.06,14.0,0.3,0.5,0.6,0.7,3.5,5.3,3.2,12.0,2.2,14.0,0.3,0.5,0.6,0.0,5.1,54.1,26.3,12.0,44.5,14.0,0.3,0.5,0.6,-91.5,-29.7,-3.4,-42.6,12.0,44.2,14.0,0.3,0.5,0.6,-0.37,0.1,1.69,0.63,10.0,1.27,14.0,0.3,0.5,0.6,-1.9,0.3,12.1,5.3,10.0,9.4,14.0,0.3,0.5,0.6,1.09,3.59,4.35,2.96,7.0,1.46,14.0,0.1,0.6,0.7,2.8,9.3,43.3,20.6,7.0,19.2,14.0,0.1,0.6,0.7,0.0,32.7,76.2,36.3,12.0,44.8,14.0,0.3,0.5,0.6,-114.7,-60.8,-18.3,-65.1,12.0,48.1,14.0,0.3,0.5,0.6,-0.8,15.9,27.1,11.2,7.0,17.8,14.0,0.1,0.6,0.7,-58.8,-14.6,-8.9,-27.8,7.0,24.3,14.0,0.1,0.6,0.7,-0.1,1.8,9.0,6.2,7.0,10.3,14.0,0.1,0.6,0.7,-34.4,-4.7,-1.8,-17.4,7.0,19.0,14.0,0.1,0.6,0.7,17.5,253.0,979.5,556.0,12.0,780.0,14.0,0.3,0.5,0.6,20.0,255.0,980.0,555.0,12.0,780.0,14.0,0.3,0.5,0.6
1974,2,241.0,31.0,13.3,14.5,15.6,14.36,73.0,1.07,14.0,0.6,0.6,0.6,12.82,14.0,15.6,14.16,84.0,1.52,14.0,0.6,0.6,0.6,6.53,7.41,8.29,7.4,76.0,0.96,14.0,0.6,0.6,0.6,63.8,74.9,86.1,74.7,76.0,10.5,14.0,0.6,0.6,3.11,6.2,9.29,6.27,83.0,2.66,14.0,0.6,0.6,0.6,-1.06,2.25,5.9,2.19,83.0,3.53,14.0,0.6,0.6,0.6,-7.12,-4.75,-2.07,-4.44,83.0,3.1,14.0,0.6,0.6,0.6,1016.33,1020.5,1023.6,1020.19,85.0,3.63,14.0,0.6,0.6,0.6,0.0,4.0,7.0,3.8,83.0,2.7,14.0,0.6,0.6,0.6,-5.6,10.6,45.4,18.6,83.0,32.1,14.0,0.6,0.6,0.6,-61.7,-30.5,-6.4,-33.2,83.0,32.3,14.0,0.6,0.6,0.6,-1.19,0.5,1.6,0.26,71.0,1.62,14.0,0.6,0.6,0.6,-5.3,3.4,12.2,2.8,69.0,11.0,14.0,0.6,0.6,0.6,1.82,2.71,3.83,2.69,66.0,1.19,14.0,0.6,0.6,0.6,7.5,16.2,26.9,17.5,65.0,11.7,14.0,0.6,0.6,0.6,-14.1,29.9,79.3,31.4,81.0,48.0,14.0,0.6,0.6,0.6,-100.8,-67.4,-34.2,-64.0,81.0,42.9,14.0,0.6,0.6,0.6,-9.1,14.5,41.8,15.9,74.0,25.3,14.0,0.6,0.6,0.6,-49.0,-34.4,-16.6,-32.0,74.0,21.8,14.0,0.6,0.6,0.6,-4.1,4.0,13.7,4.7,65.0,10.1,14.0,0.6,0.6,0.6,-21.9,-12.3,-4.5,-13.1,65.0,12.2,14.0,0.6,0.6,0.6,30.0,238.5,802.5,384.0,83.0,465.5,14.0,0.6,0.6,0.6,30.0,240.0,800.0,385.0,83.0,465.0,14.0,0.6,0.6,0.6
1974,2,241.0,32.0,12.2,14.4,15.6,14.09,159.0,1.45,16.0,0.5,0.6,0.4,12.8,14.3,15.7,14.28,176.0,1.6,16.0,0.5,0.6,0.4,6.59,7.6,8.47,7.5,171.0,1.11,16.0,0.5,0.6,0.4,65.0,76.6,86.3,75.0,172.0,11.4,16.0,0.5,0.4,3.1,5.1,8.2,5.7,185.0,2.69,16.0,0.5,0.6,0.4,-0.33,2.96,5.52,2.73,185.0,3.26,16.0,0.5,0.6,0.4,-6.22,-3.52,-0.71,-3.37,185.0,3.21,16.0,0.5,0.6,0.4,1017.24,1019.5,1023.03,1019.51,182.0,3.26,16.0,0.5,0.6,0.4,0.0,2.0,7.0,3.2,184.0,2.9,16.0,0.5,0.6,0.4,-0.5,12.9,39.7,19.4,185.0,30.1,16.0,0.5,0.6,0.4,-50.8,-16.2,-1.5,-23.8,185.0,31.4,16.0,0.5,0.6,0.4,-2.2,0.2,1.8,-0.06,151.0,1.96,16.0,0.5,0.6,0.4,-13.9,0.9,8.7,-1.1,151.0,12.6,16.0,0.5,0.6,0.4,1.11,2.57,3.71,2.51,146.0,1.37,18.0,0.5,0.6,0.4,4.6,12.3,25.0,15.0,146.0,12.8,18.0,0.5,0.6,0.4,0.0,41.5,81.8,39.9,176.0,44.2,16.0,0.5,0.6,0.4,-86.9,-48.2,-10.6,-48.3,176.0,45.4,16.0,0.5,0.6,0.4,0.0,21.9,41.0,21.8,171.0,23.4,16.0,0.5,0.6,0.4,-44.1,-27.0,-5.8,-24.4,171.0,22.1,16.0,0.5,0.6,0.4,-0.3,5.6,14.7,6.3,146.0,9.6,18.0,0.5,0.6,0.4,-17.5,-8.1,-0.1,-10.1,146.0,12.4,18.0,0.5,0.6,0.4,30.0,132.5,551.5,317.5,185.0,421.5,16.0,0.5,0.6,0.4,30.0,135.0,550.0,320.0,185.0,420.0,16.0,0.5,0.6,0.4
1974,2,241.0,33.0,12.2,13.6,14.14,13.5,82.0,0.93,18.0,0.5,0.6,0.4,12.6,14.4,17.2,14.69,96.0,2.42,18.0,0.6,0.6,0.3,6.96,7.81,9.0,7.95,85.0,1.38,18.0,0.6,0.6,0.3,58.7,82.1,88.7,76.7,85.0,14.7,18.0,0.6,0.3,2.1,4.6,7.7,4.69,96.0,2.74,18.0,0.6,0.6,0.3,0.0,3.21,7.08,3.01,96.0,3.67,18.0,0.6,0.6,0.3,-3.38,-0.91,1.06,-0.97,96.0,2.5,18.0,0.6,0.6,0.3,1016.5,1019.75,1021.99,1019.44,96.0,2.74,18.0,0.6,0.6,0.3,0.0,2.0,6.0,2.8,96.0,2.6,18.0,0.6,0.6,0.3,0.0,12.8,55.4,21.1,96.0,29.9,18.0,0.6,0.6,0.3,-19.9,-2.3,3.3,-7.3,96.0,19.8,18.0,0.6,0.6,0.3,-3.39,-0.7,1.1,-0.95,82.0,2.23,18.0,0.5,0.6,0.4,-16.0,-0.8,5.6,-3.8,82.0,11.4,18.0,0.5,0.6,0.4,0.48,1.77,2.79,1.61,71.0,1.41,18.0,0.5,0.6,0.4,0.0,5.1,12.2,5.6,71.0,6.7,18.0,0.5,0.6,0.4,0.0,44.9,98.5,42.2,96.0,51.5,18.0,0.6,0.6,0.3,-45.3,-13.0,14.6,-13.5,96.0,37.9,18.0,0.6,0.6,0.3,-4.0,22.5,49.4,20.5,85.0,29.4,18.0,0.6,0.6,0.3,-24.9,-6.4,11.2,-7.7,85.0,21.2,18.0,0.6,0.6,0.3,-1.7,2.4,9.0,3.2,71.0,6.2,18.0,0.5,0.6,0.4,-4.7,-0.6,2.6,-1.1,71.0,5.1,18.0,0.5,0.6,0.4,9.5,97.5,456.5,215.5,96.0,333.5,18.0,0.6,0.6,0.3,10.0,95.0,455.0,215.0,96.0,335.0,18.0,0.6,0.6,0.3
1974,2,242.0,-70.0,0.1,0.1,0.1,0.1,1.0,0.0,22.0,0.0,0.2,0.5,-1.2,-1.2,-1.2,-1.2,1.0,0.0,22.0,0.0,0.2,0.5,2.92,2.92,2.92,2.92,1.0,0.0,22.0,0.0,0.2,0.5,81.3,81.3,81.3,81.3,1.0,0.0,22.0,0.0,0.5,6.2,6.2,6.2,6.2,1.0,0.0,22.0,0.0,0.2,0.5,3.99,3.99,3.99,3.99,1.0,0.0,22.0,0.0,0.2,0.5,-4.75,-4.75,-4.75,-4.75,1.0,0.0,22.0,0.0,0.2,0.5,973.7,973.7,973.7,973.7,1.0,0.0,22.0,0.0,0.2,0.5,8.0,8.0,8.0,8.0,1.0,0.0,22.0,0.0,0.2,0.5,24.7,24.7,24.7,24.7,1.0,0.0,22.0,0.0,0.2,0.5,-29.4,-29.4,-29.4,-29.4,1.0,0.0,22.0,0.0,0.2,0.5,1.3,1.3,1.3,1.3,1.0,0.0,22.0,0.0,0.2,0.5,8.1,8.1,8.1,8.1,1.0,0.0,22.0,0.0,0.2,0.5,1.03,1.03,1.03,1.03,1.0,0.0,22.0,0.0,0.2,0.5,6.4,6.4,6.4,6.4,1.0,0.0,22.0,0.0,0.2,0.5,-4.8,-4.8,-4.8,-4.8,1.0,0.0,22.0,0.0,0.2,0.5,5.7,5.7,5.7,5.7,1.0,0.0,22.0,0.0,0.2,0.5,11.7,11.7,11.7,11.7,1.0,0.0,22.0,0.0,0.2,0.5,-13.9,-13.9,-13.9,-13.9,1.0,0.0,22.0,0.0,0.2,0.5,4.1,4.1,4.1,4.1,1.0,0.0,22.0,0.0,0.2,0.5,-4.9,-4.9,-4.9,-4.9,1.0,0.0,22.0,0.0,0.2,0.5,238.5,238.5,238.5,238.5,1.0,0.0,22.0,0.0,0.2,0.5,240.0,240.0,240.0,240.0,1.0,0.0,22.0,0.0,0.2,0.5
1974,2,242.0,-40.0,,,,,,,,,,,,,,,,,,,,,,,,,,,,,,,,,,,,,,,,,,,,,,,,,,,,,,,,,,,,,,,,,,,,,,,,,,,,,,,,5.0,5.0,5.0,5.0,1.0,0.0,2.0,0.0,0.7,0.8,-14.6,-14.6,-14.6,-14.6,1.0,0.0,2.0,0.0,0.7,0.8,8.4,8.4,8.4,8.4,1.0,0.0,2.0,0.0,0.7,0.8,,,,,,,,,,,,,,,,,,,,,,,,,,,,,,,,,,,,,,,,,,,,,,,,,,,,,,,,,,,,,,,,,,,,,,,,,,,,,,,,,,,,,,,,,,,,,,,,,,,,,,,,,,,,,,,,,,,,,,,,
1974,2,242.0,-39.0,,,,,,,,,,,,,,,,,,,,,,,,,,,,,,,,,,,,,,,,,,,,,,,,,,,,,,,,,,,,,,,,,,,,,,,,,,,,,,,,2.0,2.0,2.0,2.0,1.0,0.0,28.0,1.0,0.2,0.9,-4.1,-4.1,-4.1,-4.1,1.0,0.0,28.0,1.0,0.2,0.9,-1.5,-1.5,-1.5,-1.5,1.0,0.0,28.0,1.0,0.2,0.9,,,,,,,,,,,,,,,,,,,,,,,,,,,,,,,,,,,,,,,,,,,,,,,,,,,,,,,,,,,,,,,,,,,,,,,,,,,,,,,,,,,,,,,,,,,,,,,,,,,,,,,,,,,,,,,,,,,,,,,,
1974,2,242.0,-35.0,22.0,22.0,22.0,22.0,1.0,0.0,2.0,1.0,0.3,0.4,21.0,21.0,21.0,21.0,1.0,0.0,2.0,1.0,0.3,0.4,9.46,9.46,9.46,9.46,1.0,0.0,2.0,1.0,0.3,0.4,62.2,62.2,62.2,62.2,1.0,0.0,2.0,1.0,0.4,3.6,3.6,3.6,3.6,1.0,0.0,2.0,1.0,0.3,0.4,-3.12,-3.12,-3.12,-3.12,1.0,0.0,2.0,1.0,0.3,0.4,1.8,1.8,1.8,1.8,1.0,0.0,2.0,1.0,0.3,0.4,1027.0,1027.0,1027.0,1027.0,1.0,0.0,2.0,1.0,0.3,0.4,7.0,7.0,7.0,7.0,1.0,0.0,2.0,1.0,0.3,0.4,-11.2,-11.2,-11.2,-11.2,1.0,0.0,2.0,1.0,0.3,0.4,6.5,6.5,6.5,6.5,1.0,0.0,2.0,1.0,0.3,0.4,1.0,1.0,1.0,1.0,1.0,0.0,2.0,1.0,0.3,0.4,3.6,3.6,3.6,3.6,1.0,0.0,2.0,1.0,0.3,0.4,6.78,6.78,6.78,6.78,1.0,0.0,2.0,1.0,0.3,0.4,24.4,24.4,24.4,24.4,1.0,0.0,2.0,1.0,0.3,0.4,-65.5,-65.5,-65.5,-65.5,1.0,0.0,2.0,1.0,0.3,0.4,37.8,37.8,37.8,37.8,1.0,0.0,2.0,1.0,0.3,0.4,-29.5,-29.5,-29.5,-29.5,1.0,0.0,2.0,1.0,0.3,0.4,17.0,17.0,17.0,17.0,1.0,0.0,2.0,1.0,0.3,0.4,-21.1,-21.1,-21.1,-21.1,1.0,0.0,2.0,1.0,0.3,0.4,12.2,12.2,12.2,12.2,1.0,0.0,2.0,1.0,0.3,0.4,46.5,46.5,46.5,46.5,1.0,0.0,2.0,1.0,0.3,0.4,45.0,45.0,45.0,45.0,1.0,0.0,2.0,1.0,0.3,0.4
1974,2,242.0,-30.0,,,,,,,,,,,,,,,,,,,,,,,,,,,,,,,,,,,,,,,,6.0,6.0,6.0,6.0,1.0,0.0,10.0,0.0,0.5,0.7,-5.64,-5.64,-5.64,-5.64,1.0,0.0,10.0,0.0,0.5,0.7,-2.05,-2.05,-2.05,-2.05,1.0,0.0,10.0,0.0,0.5,0.7,1027.0,1027.0,1027.0,1027.0,1.0,0.0,10.0,0.0,0.5,0.7,,,,,,,,,,,,,,,,,,,,,,,,,,,,,,,,,,,,,,,,,,,,,,,,,,,,,,,,,,,,,,,,,,,,,,,,,,,,,,,,,,,,,,,,,,,,,,,,,,,,,,,,,,,,,,,,,,,,,,,,,,,,,,,,,,,,,,,,,,,,,,,,,,,,,,
1974,2,242.0,-28.0,,,,,,,,,,,,,,,,,,,,,,,,,,,,,,,,,,,,,,,,10.3,10.3,10.3,10.3,1.0,0.0,4.0,0.0,0.2,0.5,-8.92,-8.92,-8.92,-8.92,1.0,0.0,4.0,0.0,0.2,0.5,-5.15,-5.15,-5.15,-5.15,1.0,0.0,4.0,0.0,0.2,0.5,1022.8,1022.8,1022.8,1022.8,1.0,0.0,4.0,0.0,0.2,0.5,6.0,6.0,6.0,6.0,1.0,0.0,4.0,0.0,0.2,0.5,-91.9,-91.9,-91.9,-91.9,1.0,0.0,4.0,0.0,0.2,0.5,-53.0,-53.0,-53.0,-53.0,1.0,0.0,4.0,0.0,0.2,0.5,,,,,,,,,,,,,,,,,,,,,,,,,,,,,,,,,,,,,,,,,-221.2,-221.2,-221.2,-221.2,1.0,0.0,4.0,0.0,0.2,0.5,-127.7,-127.7,-127.7,-127.7,1.0,0.0,4.0,0.0,0.2,0.5,-154.7,-154.7,-154.7,-154.7,1.0,0.0,4.0,0.0,0.2,0.5,-89.3,-89.3,-89.3,-89.3,1.0,0.0,4.0,0.0,0.2,0.5,,,,,,,,,,,,,,,,,,,,,,,,,,,,,,,,,,,,,,,,
1974,2,242.0,-25.0,25.6,25.6,25.6,25.6,1.0,0.0,8.0,0.0,0.7,0.9,23.3,23.3,23.3,23.3,1.0,0.0,8.0,0.0,0.7,0.9,14.52,14.52,14.52,14.52,1.0,0.0,8.0,0.0,0.7,0.9,82.2,82.2,82.2,82.2,1.0,0.0,8.0,0.0,0.9,6.2,6.2,6.2,6.2,1.0,0.0,8.0,0.0,0.7,0.9,-5.83,-5.83,-5.83,-5.83,1.0,0.0,8.0,0.0,0.7,0.9,2.12,2.12,2.12,2.12,1.0,0.0,8.0,0.0,0.7,0.9,1020.7,1020.7,1020.7,1020.7,1.0,0.0,8.0,0.0,0.7,0.9,4.0,4.0,4.0,4.0,1.0,0.0,8.0,0.0,0.7,0.9,-36.1,-36.1,-36.1,-36.1,1.0,0.0,8.0,0.0,0.7,0.9,13.1,13.1,13.1,13.1,1.0,0.0,8.0,0.0,0.7,0.9,2.3,2.3,2.3,2.3,1.0,0.0,8.0,0.0,0.7,0.9,14.3,14.3,14.3,14.3,1.0,0.0,8.0,0.0,0.7,0.9,5.82,5.82,5.82,5.82,1.0,0.0,8.0,0.0,0.7,0.9,36.1,36.1,36.1,36.1,1.0,0.0,8.0,0.0,0.7,0.9,-135.7,-135.7,-135.7,-135.7,1.0,0.0,8.0,0.0,0.7,0.9,49.4,49.4,49.4,49.4,1.0,0.0,8.0,0.0,0.7,0.9,-84.6,-84.6,-84.6,-84.6,1.0,0.0,8.0,0.0,0.7,0.9,30.8,30.8,30.8,30.8,1.0,0.0,8.0,0.0,0.7,0.9,-33.9,-33.9,-33.9,-33.9,1.0,0.0,8.0,0.0,0.7,0.9,12.4,12.4,12.4,12.4,1.0,0.0,8.0,0.0,0.7,0.9,238.5,238.5,238.5,238.5,1.0,0.0,8.0,0.0,0.7,0.9,240.0,240.0,240.0,240.0,1.0,0.0,8.0,0.0,0.7,0.9
1974,2,242.0,-23.0,24.8,24.8,24.8,24.8,1.0,0.0,22.0,1.0,0.8,0.6,24.0,24.0,24.0,24.0,1.0,0.0,22.0,1.0,0.8,0.6,13.59,13.59,13.59,13.59,1.0,0.0,22.0,1.0,0.8,0.6,73.6,73.6,73.6,73.6,1.0,0.0,22.0,1.0,0.6,8.0,8.0,8.0,8.0,1.0,0.0,22.0,1.0,0.8,0.6,-7.88,-7.88,-7.88,-7.88,1.0,0.0,22.0,1.0,0.8,0.6,1.39,1.39,1.39,1.39,1.0,0.0,22.0,1.0,0.8,0.6,1018.0,1018.0,1018.0,1018.0,1.0,0.0,22.0,1.0,0.8,0.6,3.0,3.0,3.0,3.0,1.0,0.0,22.0,1.0,0.8,0.6,-63.0,-63.0,-63.0,-63.0,1.0,0.0,22.0,1.0,0.8,0.6,11.1,11.1,11.1,11.1,1.0,0.0,22.0,1.0,0.8,0.6,0.8,0.8,0.8,0.8,1.0,0.0,22.0,1.0,0.8,0.6,6.4,6.4,6.4,6.4,1.0,0.0,22.0,1.0,0.8,0.6,5.85,5.85,5.85,5.85,1.0,0.0,22.0,1.0,0.8,0.6,46.8,46.8,46.8,46.8,1.0,0.0,22.0,1.0,0.8,0.6,-189.1,-189.1,-189.1,-189.1,1.0,0.0,22.0,1.0,0.8,0.6,33.3,33.3,33.3,33.3,1.0,0.0,22.0,1.0,0.8,0.6,-107.1,-107.1,-107.1,-107.1,1.0,0.0,22.0,1.0,0.8,0.6,18.9,18.9,18.9,18.9,1.0,0.0,22.0,1.0,0.8,0.6,-46.1,-46.1,-46.1,-46.1,1.0,0.0,22.0,1.0,0.8,0.6,8.1,8.1,8.1,8.1,1.0,0.0,22.0,1.0,0.8,0.6,512.0,512.0,512.0,512.0,1.0,0.0,22.0,1.0,0.8,0.6,510.0,510.0,510.0,510.0,1.0,0.0,22.0,1.0,0.8,0.6
1974,2,242.0,-22.0,24.0,24.0,24.0,24.0,1.0,0.0,26.0,1.0,0.8,1.0,23.97,24.55,25.13,24.55,2.0,1.2,22.0,1.0,0.9,0.7,16.42,16.42,16.42,16.42,1.0,0.0,20.0,1.0,0.9,0.3,90.2,90.2,90.2,90.2,1.0,0.0,20.0,1.0,0.3,7.94,9.95,11.96,9.95,2.0,4.17,22.0,1.0,0.9,0.7,-11.78,-9.8,-7.82,-9.8,2.0,4.11,22.0,1.0,0.9,0.7,-0.67,0.51,1.69,0.51,2.0,2.44,22.0,1.0,0.9,0.7,1016.8,1019.15,1021.51,1019.15,2.0,4.88,22.0,1.0,0.9,0.7,3.0,5.0,7.0,5.0,2.0,4.2,22.0,1.0,0.9,0.7,-145.5,-106.1,-66.6,-106.1,2.0,81.8,22.0,1.0,0.9,0.7,-2.6,10.2,23.0,10.2,2.0,26.4,22.0,1.0,0.9,0.7,,,,,,,,,,,,,,,,,,,,,,,,,,,,,,,,,,,,,,,,,-281.1,-238.1,-195.1,-238.1,2.0,89.1,22.0,1.0,0.9,0.7,-17.5,11.1,39.8,11.1,2.0,59.4,22.0,1.0,0.9,0.7,-208.6,-208.6,-208.6,-208.6,1.0,0.0,20.0,1.0,0.9,0.3,36.8,36.8,36.8,36.8,1.0,0.0,20.0,1.0,0.9,0.3,,,,,,,,,,,,,,,,,,,,,,,,,,,,,,,,,,,,,,,,
1974,2,242.0,-21.0,24.16,24.5,24.84,24.5,2.0,0.71,8.0,0.0,0.9,0.7,23.5,23.5,23.5,23.5,1.0,0.0,12.0,0.0,0.9,1.0,13.68,13.68,13.68,13.68,1.0,0.0,12.0,0.0,0.9,1.0,76.3,76.3,76.3,76.3,1.0,0.0,12.0,0.0,1.0,7.7,7.7,7.7,7.7,2.0,0.0,8.0,0.0,0.9,0.7,-7.24,-7.24,-7.24,-7.24,2.0,0.0,8.0,0.0,0.9,0.7,2.63,2.63,2.63,2.63,2.0,0.0,8.0,0.0,0.9,0.7,1017.58,1017.75,1017.92,1017.75,2.0,0.35,8.0,0.0,0.9,0.7,2.1,4.5,6.9,4.5,2.0,4.9,8.0,0.0,0.9,0.7,-55.7,-55.7,-55.7,-55.7,2.0,0.0,8.0,0.0,0.9,0.7,20.3,20.3,20.3,20.3,2.0,0.0,8.0,0.0,0.9,0.7,0.5,0.5,0.5,0.5,1.0,0.0,12.0,0.0,0.9,1.0,3.9,3.9,3.9,3.9,1.0,0.0,12.0,0.0,0.9,1.0,4.84,4.84,4.84,4.84,1.0,0.0,12.0,0.0,0.9,1.0,37.3,37.3,37.3,37.3,1.0,0.0,12.0,0.0,0.9,1.0,-170.0,-170.0,-170.0,-170.0,1.0,0.0,12.0,0.0,0.9,1.0,61.9,61.9,61.9,61.9,1.0,0.0,12.0,0.0,0.9,1.0,-99.0,-99.0,-99.0,-99.0,1.0,0.0,12.0,0.0,0.9,1.0,36.0,36.0,36.0,36.0,1.0,0.0,12.0,0.0,0.9,1.0,-35.0,-35.0,-35.0,-35.0,1.0,0.0,12.0,0.0,0.9,1.0,12.8,12.8,12.8,12.8,1.0,0.0,12.0,0.0,0.9,1.0,456.5,456.5,456.5,456.5,2.0,0.0,8.0,0.0,0.9,0.7,455.0,455.0,455.0,455.0,2.0,0.0,8.0,0.0,0.9,0.7
1974,2,242.0,-20.0,23.8,24.4,26.68,25.2,4.0,2.08,12.0,0.5,0.6,0.7,24.4,25.0,25.15,24.84,5.0,0.43,14.0,0.6,0.6,0.6,13.34,13.61,13.74,13.55,4.0,0.28,12.0,0.5,0.6,0.7,68.0,71.0,71.9,70.0,4.0,3.0,12.0,0.5,0.7,6.33,7.7,7.88,7.2,5.0,1.0,14.0,0.6,0.6,0.6,-7.84,-7.24,-5.02,-6.5,5.0,1.8,14.0,0.6,0.6,0.6,0.9,2.63,3.72,2.35,5.0,1.7,14.0,0.6,0.6,0.6,1016.2,1018.3,1019.6,1017.98,5.0,2.29,14.0,0.6,0.6,0.6,2.5,3.5,5.0,3.8,4.0,1.7,18.0,0.8,0.6,0.7,-61.8,-55.7,-32.3,-48.2,5.0,18.3,14.0,0.6,0.6,0.6,7.4,20.3,23.3,15.9,5.0,10.2,14.0,0.6,0.6,0.6,-0.6,-0.5,1.49,0.4,4.0,1.87,12.0,0.5,0.6,0.7,-4.8,-3.6,8.3,1.5,4.0,11.2,12.0,0.5,0.6,0.7,4.71,5.65,8.31,6.47,4.0,2.47,12.0,0.5,0.6,0.7,37.4,40.7,50.4,43.8,4.0,9.1,12.0,0.5,0.6,0.7,-194.2,-176.5,-127.0,-161.0,5.0,43.4,14.0,0.6,0.6,0.6,22.1,64.3,93.9,58.7,5.0,42.7,14.0,0.6,0.6,0.6,-104.5,-87.2,-62.9,-83.9,4.0,26.3,12.0,0.5,0.6,0.7,27.2,39.9,52.6,39.9,4.0,17.0,12.0,0.5,0.6,0.7,-37.5,-36.9,-35.6,-36.6,4.0,1.3,12.0,0.5,0.6,0.7,9.5,17.2,33.1,21.1,4.0,16.1,12.0,0.5,0.6,0.7,258.5,456.5,491.0,390.0,5.0,145.5,14.0,0.6,0.6,0.6,260.0,455.0,490.0,390.0,5.0,145.0,14.0,0.6,0.6,0.6
1974,2,242.0,-19.0,23.92,23.95,23.98,23.95,2.0,0.07,6.0,0.0,0.4,0.2,24.05,24.15,24.25,24.15,2.0,0.21,6.0,0.0,0.4,0.2,13.28,13.4,13.51,13.4,2.0,0.24,6.0,0.0,0.4,0.2,71.0,72.1,73.1,72.1,2.0,2.2,6.0,0.0,0.2,9.3,9.3,9.3,9.3,2.0,0.0,6.0,0.0,0.4,0.2,-8.48,-7.93,-7.38,-7.93,2.0,1.14,6.0,0.0,0.4,0.2,3.62,4.58,5.53,4.58,2.0,1.98,6.0,0.0,0.4,0.2,1020.0,1020.0,1020.0,1020.0,2.0,0.0,6.0,0.0,0.4,0.2,1.5,2.5,3.5,2.5,2.0,2.1,6.0,0.0,0.4,0.2,-78.9,-73.8,-68.6,-73.8,2.0,10.6,6.0,0.0,0.4,0.2,33.7,42.6,51.5,42.6,2.0,18.4,6.0,0.0,0.4,0.2,-0.34,-0.2,-0.06,-0.2,2.0,0.28,6.0,0.0,0.4,0.2,-3.1,-1.9,-0.6,-1.9,2.0,2.6,6.0,0.0,0.4,0.2,4.95,5.03,5.11,5.03,2.0,0.16,6.0,0.0,0.4,0.2,46.1,46.8,47.5,46.8,2.0,1.5,6.0,0.0,0.4,0.2,-205.8,-191.7,-177.5,-191.7,2.0,29.3,6.0,0.0,0.4,0.2,87.8,110.4,133.0,110.4,2.0,46.8,6.0,0.0,0.4,0.2,-112.6,-106.1,-99.6,-106.1,2.0,13.4,6.0,0.0,0.4,0.2,48.3,61.6,74.9,61.6,2.0,27.6,6.0,0.0,0.4,0.2,-43.4,-40.0,-36.6,-40.0,2.0,7.0,6.0,0.0,0.4,0.2,18.4,22.9,27.3,22.9,2.0,9.2,6.0,0.0,0.4,0.2,804.5,804.5,804.5,804.5,2.0,0.0,6.0,0.0,0.4,0.2,805.0,805.0,805.0,805.0,2.0,0.0,6.0,0.0,0.4,0.2
1974,2,242.0,-18.0,25.6,25.6,25.6,25.6,1.0,0.0,26.0,0.0,0.8,0.4,23.7,23.7,23.7,23.7,1.0,0.0,26.0,0.0,0.8,0.4,15.14,15.14,15.14,15.14,1.0,0.0,26.0,0.0,0.8,0.4,83.3,83.3,83.3,83.3,1.0,0.0,26.0,0.0,0.4,8.7,8.7,8.7,8.7,1.0,0.0,26.0,0.0,0.8,0.4,-8.57,-8.57,-8.57,-8.57,1.0,0.0,26.0,0.0,0.8,0.4,1.51,1.51,1.51,1.51,1.0,0.0,26.0,0.0,0.8,0.4,1016.3,1016.3,1016.3,1016.3,1.0,0.0,26.0,0.0,0.8,0.4,3.0,3.0,3.0,3.0,1.0,0.0,26.0,0.0,0.8,0.4,-74.5,-74.5,-74.5,-74.5,1.0,0.0,26.0,0.0,0.8,0.4,13.1,13.1,13.1,13.1,1.0,0.0,26.0,0.0,0.8,0.4,1.9,1.9,1.9,1.9,1.0,0.0,26.0,0.0,0.8,0.4,16.5,16.5,16.5,16.5,1.0,0.0,26.0,0.0,0.8,0.4,5.29,5.29,5.29,5.29,1.0,0.0,26.0,0.0,0.8,0.4,46.1,46.1,46.1,46.1,1.0,0.0,26.0,0.0,0.8,0.4,-203.1,-203.1,-203.1,-203.1,1.0,0.0,26.0,0.0,0.8,0.4,35.8,35.8,35.8,35.8,1.0,0.0,26.0,0.0,0.8,0.4,-129.7,-129.7,-129.7,-129.7,1.0,0.0,26.0,0.0,0.8,0.4,22.9,22.9,22.9,22.9,1.0,0.0,26.0,0.0,0.8,0.4,-45.4,-45.4,-45.4,-45.4,1.0,0.0,26.0,0.0,0.8,0.4,8.0,8.0,8.0,8.0,1.0,0.0,26.0,0.0,0.8,0.4,658.5,658.5,658.5,658.5,1.0,0.0,26.0,0.0,0.8,0.4,660.0,660.0,660.0,660.0,1.0,0.0,26.0,0.0,0.8,0.4
1974,2,242.0,-12.0,24.4,24.4,24.4,24.4,1.0,0.0,16.0,1.0,1.0,0.3,25.0,25.0,25.0,25.0,1.0,0.0,16.0,1.0,1.0,0.3,16.42,16.42,16.42,16.42,1.0,0.0,16.0,1.0,1.0,0.3,83.4,83.4,83.4,83.4,1.0,0.0,16.0,1.0,0.3,7.0,7.0,7.0,7.0,1.0,0.0,16.0,1.0,1.0,0.3,-5.36,-5.36,-5.36,-5.36,1.0,0.0,16.0,1.0,1.0,0.3,4.5,4.5,4.5,4.5,1.0,0.0,16.0,1.0,1.0,0.3,1016.0,1016.0,1016.0,1016.0,1.0,0.0,16.0,1.0,1.0,0.3,1.0,1.0,1.0,1.0,1.0,0.0,16.0,1.0,1.0,0.3,-37.5,-37.5,-37.5,-37.5,1.0,0.0,16.0,1.0,1.0,0.3,31.5,31.5,31.5,31.5,1.0,0.0,16.0,1.0,1.0,0.3,-0.6,-0.6,-0.6,-0.6,1.0,0.0,16.0,1.0,1.0,0.3,-4.2,-4.2,-4.2,-4.2,1.0,0.0,16.0,1.0,1.0,0.3,2.6,2.6,2.6,2.6,1.0,0.0,16.0,1.0,1.0,0.3,18.2,18.2,18.2,18.2,1.0,0.0,16.0,1.0,1.0,0.3,-134.1,-134.1,-134.1,-134.1,1.0,0.0,16.0,1.0,1.0,0.3,112.5,112.5,112.5,112.5,1.0,0.0,16.0,1.0,1.0,0.3,-88.0,-88.0,-88.0,-88.0,1.0,0.0,16.0,1.0,1.0,0.3,73.9,73.9,73.9,73.9,1.0,0.0,16.0,1.0,1.0,0.3,-13.9,-13.9,-13.9,-13.9,1.0,0.0,16.0,1.0,1.0,0.3,11.7,11.7,11.7,11.7,1.0,0.0,16.0,1.0,1.0,0.3,343.0,343.0,343.0,343.0,1.0,0.0,16.0,1.0,1.0,0.3,345.0,345.0,345.0,345.0,1.0,0.0,16.0,1.0,1.0,0.3
1974,2,242.0,-11.0,24.5,24.5,24.5,24.5,1.0,0.0,4.0,0.0,0.2,0.8,24.0,24.0,24.0,24.0,1.0,0.0,4.0,0.0,0.2,0.8,16.34,16.34,16.34,16.34,1.0,0.0,4.0,0.0,0.2,0.8,88.0,88.0,88.0,88.0,1.0,0.0,4.0,0.0,0.8,7.7,7.7,7.7,7.7,1.0,0.0,4.0,0.0,0.2,0.8,-7.24,-7.24,-7.24,-7.24,1.0,0.0,4.0,0.0,0.2,0.8,2.63,2.63,2.63,2.63,1.0,0.0,4.0,0.0,0.2,0.8,1014.8,1014.8,1014.8,1014.8,1.0,0.0,4.0,0.0,0.2,0.8,0.0,0.0,0.0,0.0,1.0,0.0,4.0,0.0,0.2,0.8,-55.7,-55.7,-55.7,-55.7,1.0,0.0,4.0,0.0,0.2,0.8,20.3,20.3,20.3,20.3,1.0,0.0,4.0,0.0,0.2,0.8,0.5,0.5,0.5,0.5,1.0,0.0,4.0,0.0,0.2,0.8,3.9,3.9,3.9,3.9,1.0,0.0,4.0,0.0,0.2,0.8,2.82,2.82,2.82,2.82,1.0,0.0,4.0,0.0,0.2,0.8,21.7,21.7,21.7,21.7,1.0,0.0,4.0,0.0,0.2,0.8,-173.7,-173.7,-173.7,-173.7,1.0,0.0,4.0,0.0,0.2,0.8,63.2,63.2,63.2,63.2,1.0,0.0,4.0,0.0,0.2,0.8,-118.2,-118.2,-118.2,-118.2,1.0,0.0,4.0,0.0,0.2,0.8,43.0,43.0,43.0,43.0,1.0,0.0,4.0,0.0,0.2,0.8,-20.4,-20.4,-20.4,-20.4,1.0,0.0,4.0,0.0,0.2,0.8,7.4,7.4,7.4,7.4,1.0,0.0,4.0,0.0,0.2,0.8,456.5,456.5,456.5,456.5,1.0,0.0,4.0,0.0,0.2,0.8,455.0,455.0,455.0,455.0,1.0,0.0,4.0,0.0,0.2,0.8
1974,2,242.0,-10.0,,,,,,,,,,,,,,,,,,,,,,,,,,,,,,,,,,,,,,,,6.2,6.2,6.2,6.2,1.0,0.0,8.0,1.0,0.3,0.3,-6.11,-6.11,-6.11,-6.11,1.0,0.0,8.0,1.0,0.3,0.3,1.08,1.08,1.08,1.08,1.0,0.0,8.0,1.0,0.3,0.3,1010.5,1010.5,1010.5,1010.5,1.0,0.0,8.0,1.0,0.3,0.3,,,,,,,,,,,,,,,,,,,,,,,,,,,,,,,,,,,,,,,,,,,,,,,,,,,,,,,,,,,,,,,,,,,,,,,,,,,,,,,,,,,,,,,,,,,,,,,,,,,,,,,,,,,,,,,,,,,,,,,,,,,,,,,,,,,,,,,,,,,,,,,,,,,,,,
1974,2,242.0,-8.0,25.5,25.5,25.5,25.5,1.0,0.0,22.0,1.0,0.6,0.3,24.8,24.8,24.8,24.8,1.0,0.0,22.0,1.0,0.6,0.3,16.5,16.5,16.5,16.5,1.0,0.0,22.0,1.0,0.6,0.3,84.4,84.4,84.4,84.4,1.0,0.0,22.0,1.0,0.3,10.0,10.0,10.0,10.0,1.0,0.0,22.0,1.0,0.6,0.3,-8.66,-8.66,-8.66,-8.66,1.0,0.0,22.0,1.0,0.6,0.3,5.0,5.0,5.0,5.0,1.0,0.0,22.0,1.0,0.6,0.3,1011.0,1011.0,1011.0,1011.0,1.0,0.0,22.0,1.0,0.6,0.3,4.0,4.0,4.0,4.0,1.0,0.0,22.0,1.0,0.6,0.3,-86.6,-86.6,-86.6,-86.6,1.0,0.0,22.0,1.0,0.6,0.3,50.0,50.0,50.0,50.0,1.0,0.0,22.0,1.0,0.6,0.3,0.7,0.7,0.7,0.7,1.0,0.0,22.0,1.0,0.6,0.3,7.0,7.0,7.0,7.0,1.0,0.0,22.0,1.0,0.6,0.3,3.92,3.92,3.92,3.92,1.0,0.0,22.0,1.0,0.6,0.3,39.2,39.2,39.2,39.2,1.0,0.0,22.0,1.0,0.6,0.3,-214.8,-214.8,-214.8,-214.8,1.0,0.0,22.0,1.0,0.6,0.3,124.0,124.0,124.0,124.0,1.0,0.0,22.0,1.0,0.6,0.3,-142.9,-142.9,-142.9,-142.9,1.0,0.0,22.0,1.0,0.6,0.3,82.5,82.5,82.5,82.5,1.0,0.0,22.0,1.0,0.6,0.3,-34.0,-34.0,-34.0,-34.0,1.0,0.0,22.0,1.0,0.6,0.3,19.6,19.6,19.6,19.6,1.0,0.0,22.0,1.0,0.6,0.3,1000.0,1000.0,1000.0,1000.0,1.0,0.0,22.0,1.0,0.6,0.3,1000.0,1000.0,1000.0,1000.0,1.0,0.0,22.0,1.0,0.6,0.3
1974,2,242.0,-7.0,25.2,25.2,25.2,25.2,1.0,0.0,16.0,1.0,1.0,1.0,25.6,25.6,25.6,25.6,1.0,0.0,16.0,1.0,1.0,1.0,15.52,15.52,15.52,15.52,1.0,0.0,16.0,1.0,1.0,1.0,75.7,75.7,75.7,75.7,1.0,0.0,16.0,1.0,1.0,9.3,9.3,9.3,9.3,1.0,0.0,16.0,1.0,1.0,1.0,-7.12,-7.12,-7.12,-7.12,1.0,0.0,16.0,1.0,1.0,1.0,5.98,5.98,5.98,5.98,1.0,0.0,16.0,1.0,1.0,1.0,1010.2,1010.2,1010.2,1010.2,1.0,0.0,16.0,1.0,1.0,1.0,3.0,3.0,3.0,3.0,1.0,0.0,16.0,1.0,1.0,1.0,-66.3,-66.3,-66.3,-66.3,1.0,0.0,16.0,1.0,1.0,1.0,55.6,55.6,55.6,55.6,1.0,0.0,16.0,1.0,1.0,1.0,-0.4,-0.4,-0.4,-0.4,1.0,0.0,16.0,1.0,1.0,1.0,-3.7,-3.7,-3.7,-3.7,1.0,0.0,16.0,1.0,1.0,1.0,4.55,4.55,4.55,4.55,1.0,0.0,16.0,1.0,1.0,1.0,42.3,42.3,42.3,42.3,1.0,0.0,16.0,1.0,1.0,1.0,-182.4,-182.4,-182.4,-182.4,1.0,0.0,16.0,1.0,1.0,1.0,153.0,153.0,153.0,153.0,1.0,0.0,16.0,1.0,1.0,1.0,-110.6,-110.6,-110.6,-110.6,1.0,0.0,16.0,1.0,1.0,1.0,92.8,92.8,92.8,92.8,1.0,0.0,16.0,1.0,1.0,1.0,-32.4,-32.4,-32.4,-32.4,1.0,0.0,16.0,1.0,1.0,1.0,27.2,27.2,27.2,27.2,1.0,0.0,16.0,1.0,1.0,1.0,804.5,804.5,804.5,804.5,1.0,0.0,16.0,1.0,1.0,1.0,805.0,805.0,805.0,805.0,1.0,0.0,16.0,1.0,1.0,1.0
1974,2,242.0,-6.0,24.38,25.2,26.11,25.16,5.0,1.17,14.0,0.6,0.5,0.4,24.14,25.3,26.5,25.28,5.0,1.56,14.0,0.6,0.5,0.4,15.33,16.95,17.53,16.53,5.0,1.31,14.0,0.6,0.5,0.4,74.8,80.4,92.8,82.8,5.0,12.2,14.0,0.6,0.4,2.02,6.2,6.7,4.64,5.0,2.66,14.0,0.6,0.5,0.4,-4.61,-2.12,-1.3,-2.77,5.0,1.88,14.0,0.6,0.5,0.4,1.54,4.31,5.39,3.6,5.0,2.15,14.0,0.6,0.5,0.4,1009.88,1011.2,1012.95,1011.3,5.0,1.79,14.0,0.6,0.5,0.4,2.6,3.0,3.0,2.8,5.0,0.4,14.0,0.6,0.5,0.4,-30.9,-13.1,-3.0,-16.3,5.0,14.9,14.0,0.6,0.5,0.4,3.6,28.9,35.0,21.1,5.0,16.8,14.0,0.6,0.5,0.4,-1.49,0.2,1.22,-0.12,5.0,2.46,14.0,0.6,0.5,0.4,-1.8,1.3,3.7,1.2,5.0,4.3,14.0,0.6,0.5,0.4,2.69,3.82,4.26,3.51,5.0,1.0,14.0,0.6,0.5,0.4,7.4,12.2,28.5,16.6,5.0,11.8,14.0,0.6,0.5,0.4,-117.8,-53.6,-30.8,-69.9,5.0,47.7,14.0,0.6,0.5,0.4,36.7,106.8,138.9,91.0,5.0,55.3,14.0,0.6,0.5,0.4,-75.7,-38.3,-21.7,-46.0,5.0,30.0,14.0,0.6,0.5,0.4,25.9,67.5,93.6,61.1,5.0,38.3,14.0,0.6,0.5,0.4,-20.1,-6.4,-3.4,-10.6,5.0,9.0,14.0,0.6,0.5,0.4,5.7,11.4,19.7,12.5,5.0,8.2,14.0,0.6,0.5,0.4,11.5,238.5,301.0,171.5,5.0,150.5,14.0,0.6,0.5,0.4,10.0,240.0,300.0,170.0,5.0,150.0,14.0,0.6,0.5,0.4
1974,2,242.0,-5.0,27.8,27.8,27.8,27.8,1.0,0.0,16.0,0.0,0.2,0.5,24.5,24.5,24.5,24.5,1.0,0.0,16.0,0.0,0.2,0.5,16.91,16.91,16.91,16.91,1.0,0.0,16.0,0.0,0.2,0.5,88.1,88.1,88.1,88.1,1.0,0.0,16.0,0.0,0.5,4.1,4.1,4.1,4.1,1.0,0.0,16.0,0.0,0.2,0.5,-3.55,-3.55,-3.55,-3.55,1.0,0.0,16.0,0.0,0.2,0.5,2.05,2.05,2.05,2.05,1.0,0.0,16.0,0.0,0.2,0.5,1010.9,1010.9,1010.9,1010.9,1.0,0.0,16.0,0.0,0.2,0.5,1.0,1.0,1.0,1.0,1.0,0.0,16.0,0.0,0.2,0.5,-14.6,-14.6,-14.6,-14.6,1.0,0.0,16.0,0.0,0.2,0.5,8.4,8.4,8.4,8.4,1.0,0.0,16.0,0.0,0.2,0.5,3.3,3.3,3.3,3.3,1.0,0.0,16.0,0.0,0.2,0.5,13.5,13.5,13.5,13.5,1.0,0.0,16.0,0.0,0.2,0.5,6.52,6.52,6.52,6.52,1.0,0.0,16.0,0.0,0.2,0.5,26.7,26.7,26.7,26.7,1.0,0.0,16.0,0.0,0.2,0.5,-87.0,-87.0,-87.0,-87.0,1.0,0.0,16.0,0.0,0.2,0.5,50.2,50.2,50.2,50.2,1.0,0.0,16.0,0.0,0.2,0.5,-60.1,-60.1,-60.1,-60.1,1.0,0.0,16.0,0.0,0.2,0.5,34.7,34.7,34.7,34.7,1.0,0.0,16.0,0.0,0.2,0.5,-23.2,-23.2,-23.2,-23.2,1.0,0.0,16.0,0.0,0.2,0.5,13.4,13.4,13.4,13.4,1.0,0.0,16.0,0.0,0.2,0.5,69.0,69.0,69.0,69.0,1.0,0.0,16.0,0.0,0.2,0.5,70.0,70.0,70.0,70.0,1.0,0.0,16.0,0.0,0.2,0.5
1974,2,242.0,-4.0,23.0,23.0,23.0,23.0,1.0,0.0,16.0,1.0,0.8,0.5,25.0,25.0,25.0,25.0,1.0,0.0,16.0,1.0,0.8,0.5,17.71,17.71,17.71,17.71,1.0,0.0,16.0,1.0,0.8,0.5,89.7,89.7,89.7,89.7,1.0,0.0,16.0,1.0,0.5,8.2,8.2,8.2,8.2,1.0,0.0,16.0,1.0,0.8,0.5,-8.2,-8.2,-8.2,-8.2,1.0,0.0,16.0,1.0,0.8,0.5,0.0,0.0,0.0,0.0,1.0,0.0,16.0,1.0,0.8,0.5,1013.8,1013.8,1013.8,1013.8,1.0,0.0,16.0,1.0,0.8,0.5,8.0,8.0,8.0,8.0,1.0,0.0,16.0,1.0,0.8,0.5,-67.2,-67.2,-67.2,-67.2,1.0,0.0,16.0,1.0,0.8,0.5,0.0,0.0,0.0,0.0,1.0,0.0,16.0,1.0,0.8,0.5,-2.0,-2.0,-2.0,-2.0,1.0,0.0,16.0,1.0,0.8,0.5,-16.4,-16.4,-16.4,-16.4,1.0,0.0,16.0,1.0,0.8,0.5,-0.22,-0.22,-0.22,-0.22,1.0,0.0,16.0,1.0,0.8,0.5,-1.8,-1.8,-1.8,-1.8,1.0,0.0,16.0,1.0,0.8,0.5,-205.0,-205.0,-205.0,-205.0,1.0,0.0,16.0,1.0,0.8,0.5,0.0,0.0,0.0,0.0,1.0,0.0,16.0,1.0,0.8,0.5,-145.2,-145.2,-145.2,-145.2,1.0,0.0,16.0,1.0,0.8,0.5,0.0,0.0,0.0,0.0,1.0,0.0,16.0,1.0,0.8,0.5,1.8,1.8,1.8,1.8,1.0,0.0,16.0,1.0,0.8,0.5,0.0,0.0,0.0,0.0,1.0,0.0,16.0,1.0,0.8,0.5,551.5,551.5,551.5,551.5,1.0,0.0,16.0,1.0,0.8,0.5,550.0,550.0,550.0,550.0,1.0,0.0,16.0,1.0,0.8,0.5
1974,2,242.0,-3.0,25.0,25.0,25.0,25.0,1.0,0.0,12.0,1.0,0.8,0.2,25.5,25.5,25.5,25.5,1.0,0.0,12.0,1.0,0.8,0.2,17.28,17.28,17.28,17.28,1.0,0.0,12.0,1.0,0.8,0.2,85.0,85.0,85.0,85.0,1.0,0.0,12.0,1.0,0.2,8.2,8.2,8.2,8.2,1.0,0.0,12.0,1.0,0.8,0.2,-6.28,-6.28,-6.28,-6.28,1.0,0.0,12.0,1.0,0.8,0.2,5.27,5.27,5.27,5.27,1.0,0.0,12.0,1.0,0.8,0.2,1014.0,1014.0,1014.0,1014.0,1.0,0.0,12.0,1.0,0.8,0.2,7.0,7.0,7.0,7.0,1.0,0.0,12.0,1.0,0.8,0.2,-51.5,-51.5,-51.5,-51.5,1.0,0.0,12.0,1.0,0.8,0.2,43.2,43.2,43.2,43.2,1.0,0.0,12.0,1.0,0.8,0.2,-0.5,-0.5,-0.5,-0.5,1.0,0.0,12.0,1.0,0.8,0.2,-4.1,-4.1,-4.1,-4.1,1.0,0.0,12.0,1.0,0.8,0.2,2.48,2.48,2.48,2.48,1.0,0.0,12.0,1.0,0.8,0.2,20.3,20.3,20.3,20.3,1.0,0.0,12.0,1.0,0.8,0.2,-160.2,-160.2,-160.2,-160.2,1.0,0.0,12.0,1.0,0.8,0.2,134.4,134.4,134.4,134.4,1.0,0.0,12.0,1.0,0.8,0.2,-108.5,-108.5,-108.5,-108.5,1.0,0.0,12.0,1.0,0.8,0.2,91.1,91.1,91.1,91.1,1.0,0.0,12.0,1.0,0.8,0.2,-15.6,-15.6,-15.6,-15.6,1.0,0.0,12.0,1.0,0.8,0.2,13.1,13.1,13.1,13.1,1.0,0.0,12.0,1.0,0.8,0.2,551.5,551.5,551.5,551.5,1.0,0.0,12.0,1.0,0.8,0.2,550.0,550.0,550.0,550.0,1.0,0.0,12.0,1.0,0.8,0.2
1974,2,242.0,-2.0,22.7,22.7,22.7,22.7,1.0,0.0,6.0,1.0,0.7,0.5,24.5,24.5,24.5,24.5,1.0,0.0,6.0,1.0,0.7,0.5,15.83,15.83,15.83,15.83,1.0,0.0,6.0,1.0,0.7,0.5,82.4,82.4,82.4,82.4,1.0,0.0,6.0,1.0,0.5,3.6,3.6,3.6,3.6,1.0,0.0,6.0,1.0,0.7,0.5,-3.6,-3.6,-3.6,-3.6,1.0,0.0,6.0,1.0,0.7,0.5,0.0,0.0,0.0,0.0,1.0,0.0,6.0,1.0,0.7,0.5,1009.2,1009.2,1009.2,1009.2,1.0,0.0,6.0,1.0,0.7,0.5,1.0,1.0,1.0,1.0,1.0,0.0,6.0,1.0,0.7,0.5,-13.0,-13.0,-13.0,-13.0,1.0,0.0,6.0,1.0,0.7,0.5,0.0,0.0,0.0,0.0,1.0,0.0,6.0,1.0,0.7,0.5,-1.8,-1.8,-1.8,-1.8,1.0,0.0,6.0,1.0,0.7,0.5,-6.5,-6.5,-6.5,-6.5,1.0,0.0,6.0,1.0,0.7,0.5,1.43,1.43,1.43,1.43,1.0,0.0,6.0,1.0,0.7,0.5,5.1,5.1,5.1,5.1,1.0,0.0,6.0,1.0,0.7,0.5,-88.2,-88.2,-88.2,-88.2,1.0,0.0,6.0,1.0,0.7,0.5,0.0,0.0,0.0,0.0,1.0,0.0,6.0,1.0,0.7,0.5,-57.0,-57.0,-57.0,-57.0,1.0,0.0,6.0,1.0,0.7,0.5,0.0,0.0,0.0,0.0,1.0,0.0,6.0,1.0,0.7,0.5,-5.1,-5.1,-5.1,-5.1,1.0,0.0,6.0,1.0,0.7,0.5,0.0,0.0,0.0,0.0,1.0,0.0,6.0,1.0,0.7,0.5,46.5,46.5,46.5,46.5,1.0,0.0,6.0,1.0,0.7,0.5,45.0,45.0,45.0,45.0,1.0,0.0,6.0,1.0,0.7,0.5
1974,2,242.0,6.0,25.6,25.6,25.6,25.6,1.0,0.0,24.0,1.0,0.7,0.9,28.2,28.2,28.2,28.2,1.0,0.0,24.0,1.0,0.7,0.9,16.86,16.86,16.86,16.86,1.0,0.0,24.0,1.0,0.7,0.9,70.4,70.4,70.4,70.4,1.0,0.0,24.0,1.0,0.9,5.7,5.7,5.7,5.7,1.0,0.0,24.0,1.0,0.7,0.9,-5.61,-5.61,-5.61,-5.61,1.0,0.0,24.0,1.0,0.7,0.9,-0.99,-0.99,-0.99,-0.99,1.0,0.0,24.0,1.0,0.7,0.9,1007.8,1007.8,1007.8,1007.8,1.0,0.0,24.0,1.0,0.7,0.9,2.0,2.0,2.0,2.0,1.0,0.0,24.0,1.0,0.7,0.9,-32.0,-32.0,-32.0,-32.0,1.0,0.0,24.0,1.0,0.7,0.9,-5.6,-5.6,-5.6,-5.6,1.0,0.0,24.0,1.0,0.7,0.9,-2.6,-2.6,-2.6,-2.6,1.0,0.0,24.0,1.0,0.7,0.9,-14.8,-14.8,-14.8,-14.8,1.0,0.0,24.0,1.0,0.7,0.9,3.75,3.75,3.75,3.75,1.0,0.0,24.0,1.0,0.7,0.9,21.4,21.4,21.4,21.4,1.0,0.0,24.0,1.0,0.7,0.9,-158.3,-158.3,-158.3,-158.3,1.0,0.0,24.0,1.0,0.7,0.9,-27.9,-27.9,-27.9,-27.9,1.0,0.0,24.0,1.0,0.7,0.9,-94.6,-94.6,-94.6,-94.6,1.0,0.0,24.0,1.0,0.7,0.9,-16.7,-16.7,-16.7,-16.7,1.0,0.0,24.0,1.0,0.7,0.9,-21.1,-21.1,-21.1,-21.1,1.0,0.0,24.0,1.0,0.7,0.9,-3.7,-3.7,-3.7,-3.7,1.0,0.0,24.0,1.0,0.7,0.9,185.0,185.0,185.0,185.0,1.0,0.0,24.0,1.0,0.7,0.9,185.0,185.0,185.0,185.0,1.0,0.0,24.0,1.0,0.7,0.9
1974,2,242.0,9.0,,,,,,,,,,,,,,,,,,,,,,,,,,,,,,,,,,,,,,,,3.1,3.1,3.1,3.1,1.0,0.0,28.0,0.0,0.7,0.5,-1.06,-1.06,-1.06,-1.06,1.0,0.0,28.0,0.0,0.7,0.5,-2.91,-2.91,-2.91,-2.91,1.0,0.0,28.0,0.0,0.7,0.5,1009.5,1009.5,1009.5,1009.5,1.0,0.0,28.0,0.0,0.7,0.5,,,,,,,,,,,,,,,,,,,,,,,,,,,,,,,,,,,,,,,,,,,,,,,,,,,,,,,,,,,,,,,,,,,,,,,,,,,,,,,,,,,,,,,,,,,,,,,,,,,,,,,,,,,,,,,,,,,,,,,,,,,,,,,,,,,,,,,,,,,,,,,,,,,,,,
1974,2,242.0,12.0,25.9,26.75,27.6,26.75,2.0,1.77,22.0,0.0,0.6,0.1,25.91,27.65,29.39,27.65,2.0,3.61,22.0,0.0,0.6,0.1,14.53,14.53,14.53,14.53,1.0,0.0,20.0,0.0,0.3,0.1,73.3,73.3,73.3,73.3,1.0,0.0,20.0,0.0,0.1,9.3,9.3,9.3,9.3,1.0,0.0,20.0,0.0,0.3,0.1,-4.65,-4.65,-4.65,-4.65,1.0,0.0,20.0,0.0,0.3,0.1,-8.05,-8.05,-8.05,-8.05,1.0,0.0,20.0,0.0,0.3,0.1,1011.09,1012.15,1013.21,1012.15,2.0,2.19,22.0,0.0,0.6,0.1,4.3,5.0,5.7,5.0,2.0,1.4,22.0,0.0,0.6,0.1,-43.2,-43.2,-43.2,-43.2,1.0,0.0,20.0,0.0,0.3,0.1,-74.9,-74.9,-74.9,-74.9,1.0,0.0,20.0,0.0,0.3,0.1,-1.79,-0.9,-0.01,-0.9,2.0,1.84,22.0,0.0,0.6,0.1,3.7,3.7,3.7,3.7,1.0,0.0,20.0,0.0,0.3,0.1,5.83,5.83,5.83,5.83,1.0,0.0,20.0,0.0,0.3,0.1,54.3,54.3,54.3,54.3,1.0,0.0,20.0,0.0,0.3,0.1,-116.7,-116.7,-116.7,-116.7,1.0,0.0,20.0,0.0,0.3,0.1,-202.2,-202.2,-202.2,-202.2,1.0,0.0,20.0,0.0,0.3,0.1,-67.6,-67.6,-67.6,-67.6,1.0,0.0,20.0,0.0,0.3,0.1,-117.1,-117.1,-117.1,-117.1,1.0,0.0,20.0,0.0,0.3,0.1,-27.1,-27.1,-27.1,-27.1,1.0,0.0,20.0,0.0,0.3,0.1,-47.0,-47.0,-47.0,-47.0,1.0,0.0,20.0,0.0,0.3,0.1,804.5,804.5,804.5,804.5,1.0,0.0,20.0,0.0,0.3,0.1,805.0,805.0,805.0,805.0,1.0,0.0,20.0,0.0,0.3,0.1
1974,2,242.0,13.0,25.18,26.2,26.54,25.87,3.0,1.04,6.0,0.7,0.4,0.6,24.45,25.2,25.81,25.13,3.0,1.0,6.0,0.7,0.4,0.6,15.01,16.1,16.93,15.98,3.0,1.41,6.0,0.7,0.4,0.6,75.8,82.1,84.7,80.3,3.0,6.7,6.0,0.7,0.6,3.9,6.7,8.47,6.2,3.0,3.38,6.0,0.7,0.4,0.6,-5.71,-5.13,-3.17,-4.45,3.0,1.95,6.0,0.7,0.4,0.6,-6.23,-4.31,-0.48,-3.38,3.0,4.29,6.0,0.7,0.4,0.6,1011.01,1011.9,1014.43,1012.7,3.0,2.59,6.0,0.7,0.4,0.6,2.3,3.0,6.4,4.3,3.0,3.2,6.0,0.7,0.4,0.6,-48.9,-34.4,-14.9,-31.9,3.0,25.0,6.0,0.7,0.4,0.6,-54.4,-28.9,-6.9,-30.6,3.0,34.8,6.0,0.7,0.4,0.6,-0.15,0.6,1.62,0.73,3.0,1.31,6.0,0.7,0.4,0.6,-1.8,1.6,13.8,5.9,3.0,12.0,6.0,0.7,0.4,0.6,4.69,4.86,5.1,4.89,3.0,0.3,6.0,0.7,0.4,0.6,18.5,32.6,43.4,31.0,3.0,18.3,6.0,0.7,0.4,0.6,-139.4,-129.3,-81.2,-110.7,3.0,45.6,6.0,0.7,0.4,0.6,-151.6,-108.5,-11.3,-82.1,3.0,105.3,6.0,0.7,0.4,0.6,-89.3,-74.5,-50.2,-69.9,3.0,28.9,6.0,0.7,0.4,0.6,-98.1,-62.5,-4.5,-51.6,3.0,69.3,6.0,0.7,0.4,0.6,-29.2,-25.0,-15.0,-22.2,3.0,10.6,6.0,0.7,0.4,0.6,-32.0,-20.9,-2.6,-17.3,3.0,21.8,6.0,0.7,0.4,0.6,107.5,301.0,644.5,374.0,3.0,398.5,6.0,0.7,0.4,0.6,105.0,300.0,645.0,375.0,3.0,400.0,6.0,0.7,0.4,0.6
1974,2,242.0,14.0,25.6,25.8,26.05,25.83,4.0,0.26,18.0,0.8,0.4,0.5,23.3,24.15,25.63,24.45,4.0,1.42,18.0,0.8,0.4,0.5,11.44,12.32,14.47,12.94,3.0,2.28,20.0,0.7,0.4,0.6,60.5,69.4,81.4,70.9,3.0,15.4,20.0,0.7,0.6,7.7,8.2,9.54,8.6,4.0,1.23,18.0,0.8,0.4,0.5,-6.45,-5.27,-2.36,-4.44,4.0,3.12,18.0,0.8,0.4,0.5,-8.57,-6.28,-4.19,-6.37,4.0,3.15,18.0,0.8,0.4,0.5,1014.52,1015.75,1016.56,1015.55,4.0,1.29,18.0,0.8,0.4,0.5,4.5,6.0,7.5,6.0,4.0,1.8,18.0,0.8,0.4,0.5,-52.4,-43.4,-18.1,-35.6,4.0,24.8,18.0,0.8,0.4,0.5,-83.2,-51.7,-32.2,-57.4,4.0,36.0,18.0,0.8,0.4,0.5,0.18,1.45,2.56,1.38,4.0,1.41,18.0,0.8,0.4,0.5,2.0,11.9,19.7,10.9,4.0,10.7,18.0,0.8,0.4,0.5,6.21,8.77,9.2,7.73,3.0,2.37,20.0,0.7,0.4,0.6,47.8,67.5,87.6,67.7,3.0,29.1,20.0,0.7,0.4,0.6,-158.1,-130.9,-54.9,-107.6,4.0,75.0,18.0,0.8,0.4,0.5,-218.0,-156.0,-97.6,-157.7,4.0,81.5,18.0,0.8,0.4,0.5,-95.7,-61.0,-19.3,-57.6,3.0,56.0,20.0,0.7,0.4,0.6,-100.6,-72.6,-50.9,-75.7,3.0,36.5,20.0,0.7,0.4,0.6,-41.2,-36.3,-11.5,-26.6,3.0,23.3,20.0,0.7,0.4,0.6,-82.5,-51.7,-25.4,-53.9,3.0,41.9,20.0,0.7,0.4,0.6,456.5,557.5,886.0,666.0,4.0,300.0,18.0,0.8,0.4,0.5,455.0,560.0,885.0,665.0,4.0,300.0,18.0,0.8,0.4,0.5
1974,2,242.0,15.0,24.48,25.5,26.52,25.5,4.0,1.29,16.0,0.5,0.4,0.4,23.0,23.0,24.57,23.75,4.0,1.5,16.0,0.5,0.4,0.4,13.32,14.79,16.26,14.79,2.0,3.05,14.0,1.0,0.4,0.4,73.9,76.8,79.7,76.8,2.0,6.0,14.0,1.0,0.4,6.91,8.85,10.42,8.68,4.0,2.11,16.0,0.5,0.4,0.4,-6.45,-5.45,-4.47,-5.46,4.0,1.26,16.0,0.5,0.4,0.4,-8.48,-6.61,-4.84,-6.66,4.0,2.1,16.0,0.5,0.4,0.4,1015.34,1016.35,1017.3,1016.33,4.0,1.14,16.0,0.5,0.4,0.4,4.4,6.5,7.0,5.8,4.0,1.9,16.0,0.5,0.4,0.4,-63.1,-47.7,-34.6,-48.8,4.0,20.6,16.0,0.5,0.4,0.4,-88.0,-62.4,-33.6,-60.9,4.0,31.5,16.0,0.5,0.4,0.4,0.48,1.5,3.05,1.75,4.0,1.71,16.0,0.5,0.4,0.4,3.0,13.9,31.2,17.0,4.0,17.8,16.0,0.5,0.4,0.4,4.32,4.98,5.63,4.98,2.0,1.36,14.0,1.0,0.4,0.4,31.8,33.9,35.9,33.9,2.0,4.2,14.0,1.0,0.4,0.4,-156.7,-134.2,-102.8,-129.9,4.0,32.3,16.0,0.5,0.4,0.4,-194.9,-159.5,-118.5,-156.8,4.0,44.6,16.0,0.5,0.4,0.4,-92.1,-75.1,-58.2,-75.1,2.0,35.1,14.0,1.0,0.4,0.4,-80.1,-71.9,-63.8,-71.9,2.0,16.9,14.0,1.0,0.4,0.4,-23.7,-23.7,-23.7,-23.7,2.0,0.0,14.0,1.0,0.4,0.4,-26.9,-24.0,-21.2,-24.0,2.0,5.9,14.0,1.0,0.4,0.4,342.0,728.5,1136.0,738.5,4.0,472.5,16.0,0.5,0.4,0.4,340.0,730.0,1135.0,740.0,4.0,470.0,16.0,0.5,0.4,0.4
1974,2,242.0,16.0,22.4,24.5,24.76,23.63,4.0,2.1,18.0,0.5,0.5,0.4,21.95,24.0,25.26,23.63,4.0,2.06,18.0,0.5,0.5,0.4,12.46,13.34,14.39,13.42,4.0,1.31,18.0,0.5,0.5,0.4,67.4,71.4,81.7,74.4,4.0,9.9,18.0,0.5,0.4,2.58,4.65,6.99,4.78,4.0,2.62,18.0,0.5,0.5,0.4,-6.05,-3.36,-1.2,-3.61,4.0,2.83,18.0,0.5,0.5,0.4,-3.49,-3.01,-2.23,-2.87,4.0,0.93,18.0,0.5,0.5,0.4,1013.98,1014.85,1015.62,1014.8,4.0,1.06,18.0,0.5,0.5,0.4,2.0,4.5,7.0,4.5,4.0,3.1,18.0,0.5,0.5,0.4,-42.7,-18.3,-3.0,-22.7,4.0,23.8,18.0,0.5,0.5,0.4,-24.7,-14.1,-6.1,-15.3,4.0,11.6,18.0,0.5,0.5,0.4,-0.76,-0.5,0.81,0.0,4.0,1.35,18.0,0.5,0.5,0.4,-5.1,-2.4,2.7,-1.2,4.0,5.4,18.0,0.5,0.5,0.4,2.65,5.09,7.0,4.83,4.0,2.78,18.0,0.5,0.5,0.4,13.0,24.7,36.6,24.8,4.0,18.0,18.0,0.5,0.5,0.4,-152.5,-82.6,-26.3,-89.1,4.0,73.5,18.0,0.5,0.5,0.4,-88.1,-73.0,-49.6,-69.0,4.0,26.4,18.0,0.5,0.5,0.4,-84.0,-49.7,-15.4,-49.7,4.0,39.6,18.0,0.5,0.5,0.4,-48.5,-40.7,-28.1,-38.4,4.0,12.8,18.0,0.5,0.5,0.4,-31.7,-15.1,-4.9,-18.2,4.0,17.2,18.0,0.5,0.5,0.4,-23.1,-17.7,-7.2,-15.3,4.0,10.0,18.0,0.5,0.5,0.4,19.0,134.0,352.5,183.5,4.0,209.5,18.0,0.5,0.5,0.4,20.0,135.0,355.0,185.0,4.0,210.0,18.0,0.5,0.5,0.4
1974,2,242.0,17.0,23.48,23.9,24.52,23.91,7.0,0.67,20.0,0.6,0.4,0.4,20.51,21.35,24.33,22.26,8.0,2.18,18.0,0.6,0.5,0.4,10.15,11.82,12.79,11.85,8.0,1.68,18.0,0.6,0.5,0.4,64.0,70.8,79.8,71.3,8.0,10.0,18.0,0.6,0.4,6.7,7.7,9.87,8.04,9.0,1.89,16.0,0.7,0.5,0.4,-6.65,-5.9,-4.01,-5.03,9.0,2.82,16.0,0.7,0.5,0.4,-7.5,-5.27,-5.0,-5.79,9.0,1.5,16.0,0.7,0.5,0.4,1013.1,1015.0,1017.03,1015.1,9.0,1.88,16.0,0.7,0.5,0.4,6.0,7.0,7.9,6.6,8.0,1.3,16.0,0.8,0.6,0.4,-65.4,-45.4,-22.3,-43.1,9.0,31.1,16.0,0.7,0.5,0.4,-75.1,-43.2,-34.4,-48.6,9.0,21.9,16.0,0.7,0.5,0.4,-0.62,2.0,3.33,1.41,7.0,2.44,20.0,0.6,0.4,0.4,-4.6,17.4,26.1,13.9,7.0,20.1,20.0,0.6,0.4,0.4,5.5,6.58,8.01,6.44,7.0,2.18,20.0,0.6,0.4,0.4,42.3,56.5,70.9,58.0,7.0,27.8,20.0,0.6,0.4,0.4,-142.2,-126.9,-91.3,-113.0,8.0,67.8,18.0,0.6,0.5,0.4,-171.3,-126.8,-106.0,-136.1,8.0,32.1,18.0,0.6,0.5,0.4,-83.5,-68.5,-47.6,-59.5,8.0,33.5,18.0,0.6,0.5,0.4,-94.5,-67.7,-56.6,-72.3,8.0,18.2,18.0,0.6,0.5,0.4,-54.3,-38.8,-10.3,-37.2,7.0,29.2,20.0,0.6,0.4,0.4,-46.8,-42.8,-31.6,-40.7,7.0,17.1,20.0,0.6,0.4,0.4,301.0,456.5,975.5,599.0,9.0,418.0,16.0,0.7,0.5,0.4,300.0,455.0,975.0,600.0,9.0,420.0,16.0,0.7,0.5,0.4
1974,2,242.0,18.0,21.58,23.0,24.52,23.05,4.0,1.75,18.0,0.5,0.7,0.3,20.0,21.0,23.05,21.5,4.0,1.91,18.0,0.5,0.7,0.3,11.66,13.06,13.42,12.56,4.0,1.4,18.0,0.5,0.7,0.3,73.0,76.3,85.3,79.0,4.0,8.5,18.0,0.5,0.3,5.34,6.95,8.3,6.83,4.0,2.14,18.0,0.5,0.7,0.3,-5.89,-4.47,-1.5,-3.73,4.0,2.81,18.0,0.5,0.7,0.3,-7.16,-5.24,-2.98,-5.08,4.0,2.43,18.0,0.5,0.7,0.3,1014.28,1015.9,1017.26,1015.78,4.0,1.76,18.0,0.5,0.7,0.3,1.4,5.0,7.5,4.5,4.0,3.7,18.0,0.5,0.7,0.3,-47.6,-25.9,-6.1,-26.8,4.0,25.1,18.0,0.5,0.7,0.3,-59.4,-37.1,-16.3,-37.8,4.0,25.6,18.0,0.5,0.7,0.3,-0.48,1.6,3.57,1.55,4.0,2.88,18.0,0.5,0.7,0.3,-3.1,9.7,24.2,10.5,4.0,20.2,18.0,0.5,0.7,0.3,3.92,5.38,6.08,5.02,4.0,1.58,18.0,0.5,0.7,0.3,20.8,34.9,47.5,34.2,4.0,15.4,18.0,0.5,0.7,0.3,-129.9,-94.3,-32.9,-82.0,4.0,62.1,18.0,0.5,0.7,0.3,-143.3,-111.4,-68.7,-106.2,4.0,43.7,18.0,0.5,0.7,0.3,-71.3,-51.7,-19.3,-45.6,4.0,34.3,18.0,0.5,0.7,0.3,-85.3,-60.2,-39.6,-62.4,4.0,27.7,18.0,0.5,0.7,0.3,-24.5,-16.9,-7.7,-16.2,4.0,12.6,18.0,0.5,0.7,0.3,-42.1,-25.8,-11.9,-27.0,4.0,17.8,18.0,0.5,0.7,0.3,179.5,337.0,599.0,387.0,4.0,307.0,18.0,0.5,0.7,0.3,180.0,335.0,600.0,385.0,4.0,305.0,18.0,0.5,0.7,0.3
1974,2,242.0,20.0,18.55,18.65,18.75,18.65,2.0,0.21,2.0,0.0,0.8,0.4,17.22,17.7,18.18,17.7,2.0,0.99,2.0,0.0,0.8,0.4,9.3,9.49,9.68,9.49,2.0,0.4,2.0,0.0,0.8,0.4,75.0,75.9,76.9,75.9,2.0,1.9,2.0,0.0,0.4,4.93,5.65,6.37,5.65,2.0,1.48,2.0,0.0,0.8,0.4,-3.62,-2.15,-0.68,-2.15,2.0,3.05,2.0,0.0,0.8,0.4,-5.05,-4.87,-4.68,-4.87,2.0,0.38,2.0,0.0,0.8,0.4,1015.36,1017.65,1019.94,1017.65,2.0,4.74,2.0,0.0,0.8,0.4,5.3,6.0,6.7,6.0,2.0,1.4,2.0,0.0,0.8,0.4,-24.3,-14.4,-4.6,-14.4,2.0,20.4,2.0,0.0,0.8,0.4,-32.3,-27.8,-23.3,-27.8,2.0,9.4,2.0,0.0,0.8,0.4,0.57,0.95,1.33,0.95,2.0,0.78,2.0,0.0,0.8,0.4,3.1,5.9,8.7,5.9,2.0,5.8,2.0,0.0,0.8,0.4,3.73,3.81,3.88,3.81,2.0,0.16,2.0,0.0,0.8,0.4,18.5,21.6,24.8,21.6,2.0,6.5,2.0,0.0,0.8,0.4,-61.6,-36.6,-11.6,-36.6,2.0,51.8,2.0,0.0,0.8,0.4,-86.8,-85.9,-85.1,-85.9,2.0,1.8,2.0,0.0,0.8,0.4,-33.4,-19.8,-6.3,-19.8,2.0,28.0,2.0,0.0,0.8,0.4,-46.9,-46.1,-45.3,-46.1,2.0,1.6,2.0,0.0,0.8,0.4,-14.2,-8.4,-2.7,-8.4,2.0,11.9,2.0,0.0,0.8,0.4,-19.6,-18.6,-17.5,-18.6,2.0,2.2,2.0,0.0,0.8,0.4,129.5,199.0,268.5,199.0,2.0,144.0,2.0,0.0,0.8,0.4,130.0,200.0,270.0,200.0,2.0,145.0,2.0,0.0,0.8,0.4
1974,2,242.0,21.0,17.9,18.5,19.52,18.7,4.0,1.01,16.0,0.8,0.6,0.2,17.4,19.0,19.73,18.7,5.0,1.6,14.0,0.8,0.6,0.3,8.13,9.43,10.69,9.49,5.0,1.46,14.0,0.8,0.6,0.3,67.6,69.5,75.3,70.8,5.0,4.6,14.0,0.8,0.3,5.75,7.2,8.51,7.2,5.0,2.39,14.0,0.8,0.6,0.3,-3.31,-2.46,-0.05,-1.7,5.0,2.2,14.0,0.8,0.6,0.3,-8.18,-6.6,-4.92,-6.57,5.0,2.84,14.0,0.8,0.6,0.3,1016.6,1019.0,1019.49,1018.28,5.0,1.58,14.0,0.8,0.6,0.3,3.8,6.0,8.0,5.6,5.0,3.3,14.0,0.8,0.6,0.3,-20.7,-12.9,2.4,-8.8,5.0,17.6,14.0,0.8,0.6,0.3,-72.9,-44.9,-32.0,-52.7,5.0,38.0,14.0,0.8,0.6,0.3,-1.57,0.5,1.05,-0.22,4.0,1.92,16.0,0.8,0.6,0.2,-6.4,3.4,7.3,0.6,4.0,9.3,16.0,0.8,0.6,0.2,2.6,4.23,4.37,3.52,4.0,1.58,16.0,0.8,0.6,0.2,16.1,29.4,31.1,23.9,4.0,12.8,16.0,0.8,0.6,0.2,-66.8,-41.1,-1.8,-32.8,5.0,41.6,14.0,0.8,0.6,0.3,-148.7,-118.5,-91.9,-120.3,5.0,47.6,14.0,0.8,0.6,0.3,-34.8,-20.1,-2.0,-17.4,5.0,20.8,14.0,0.8,0.6,0.3,-74.0,-58.8,-46.2,-59.5,5.0,20.1,14.0,0.8,0.6,0.3,-13.1,-8.0,-4.3,-8.7,4.0,5.3,16.0,0.8,0.6,0.2,-29.2,-27.1,-14.0,-21.9,4.0,12.7,16.0,0.8,0.6,0.2,216.0,373.0,697.0,475.0,5.0,456.0,14.0,0.8,0.6,0.3,215.0,375.0,695.0,475.0,5.0,455.0,14.0,0.8,0.6,0.3
1974,2,242.0,22.0,16.93,17.2,17.27,17.1,3.0,0.26,18.0,0.0,0.8,0.3,14.81,15.7,16.04,15.43,3.0,0.93,18.0,0.0,0.8,0.3,8.64,9.13,9.71,9.17,3.0,0.79,18.0,0.0,0.8,0.3,83.0,83.3,86.5,84.7,3.0,2.8,18.0,0.0,0.3,5.07,9.3,11.76,8.43,3.0,4.96,18.0,0.0,0.8,0.3,-4.86,0.0,0.0,-2.37,3.0,4.11,18.0,0.0,0.8,0.3,-10.7,-5.98,-4.01,-7.33,3.0,5.04,18.0,0.0,0.8,0.3,1017.25,1019.3,1019.3,1018.3,3.0,1.73,18.0,0.0,0.8,0.3,5.6,7.0,7.7,6.7,3.0,1.5,18.0,0.0,0.8,0.3,-45.2,0.0,0.0,-22.1,3.0,38.3,18.0,0.0,0.8,0.3,-131.2,-55.6,-24.2,-77.2,3.0,80.6,18.0,0.0,0.8,0.3,1.03,1.1,2.33,1.67,3.0,1.07,18.0,0.0,0.8,0.3,5.4,10.2,28.8,16.9,3.0,18.1,18.0,0.0,0.8,0.3,2.31,2.71,3.44,2.87,3.0,0.84,18.0,0.0,0.8,0.3,12.5,25.2,41.3,26.8,3.0,21.1,18.0,0.0,0.8,0.3,-76.3,0.0,0.0,-37.3,3.0,64.6,18.0,0.0,0.8,0.3,-156.6,-93.9,-64.1,-109.9,3.0,69.2,18.0,0.0,0.8,0.3,-44.4,0.0,0.0,-21.7,3.0,37.6,18.0,0.0,0.8,0.3,-91.4,-54.6,-38.4,-64.7,3.0,39.7,18.0,0.0,0.8,0.3,-13.2,0.0,0.0,-6.4,3.0,11.1,18.0,0.0,0.8,0.3,-38.4,-16.2,-9.6,-23.8,3.0,22.1,18.0,0.0,0.8,0.3,275.5,804.5,1720.5,993.5,3.0,1071.0,18.0,0.0,0.8,0.3,275.0,805.0,1720.0,995.0,3.0,1070.0,18.0,0.0,0.8,0.3
1974,2,242.0,23.0,16.99,18.5,19.0,18.15,13.0,1.13,14.0,0.6,0.5,0.5,15.98,17.0,18.1,17.18,13.0,1.24,14.0,0.6,0.5,0.5,7.99,9.25,10.58,9.19,12.0,1.29,14.0,0.7,0.6,0.5,65.8,77.7,83.4,76.3,12.0,10.0,14.0,0.7,0.5,4.96,6.2,9.94,7.21,13.0,2.8,14.0,0.6,0.5,0.5,-4.8,-1.96,0.0,-2.31,13.0,1.96,14.0,0.6,0.5,0.5,-9.79,-6.2,-2.74,-6.41,13.0,3.16,14.0,0.6,0.5,0.5,1016.0,1019.0,1021.0,1018.75,13.0,2.3,14.0,0.6,0.5,0.5,2.9,6.0,8.0,5.4,13.0,2.6,14.0,0.6,0.5,0.5,-31.7,-15.0,0.0,-17.7,13.0,16.1,14.0,0.6,0.5,0.5,-97.6,-38.4,-11.0,-53.8,13.0,42.8,14.0,0.6,0.5,0.5,-0.1,1.5,2.02,0.96,13.0,1.69,14.0,0.6,0.5,0.5,-0.8,6.2,18.1,8.3,13.0,10.8,14.0,0.6,0.5,0.5,2.82,3.94,4.5,3.65,12.0,1.33,14.0,0.7,0.6,0.5,14.5,29.1,44.2,27.9,12.0,15.0,14.0,0.7,0.6,0.5,-86.4,-32.4,0.0,-40.3,13.0,35.4,14.0,0.6,0.5,0.5,-155.5,-113.1,-52.9,-108.0,13.0,50.0,14.0,0.6,0.5,0.5,-38.8,-15.0,0.0,-19.3,12.0,18.2,14.0,0.7,0.6,0.5,-87.4,-51.5,-29.0,-59.1,12.0,28.2,14.0,0.7,0.6,0.5,-16.0,-7.5,0.0,-7.4,12.0,7.0,14.0,0.7,0.6,0.5,-43.5,-24.7,-8.7,-25.7,12.0,15.5,14.0,0.7,0.6,0.5,124.5,238.5,989.0,533.5,13.0,528.5,14.0,0.6,0.5,0.5,125.0,240.0,990.0,535.0,13.0,530.0,14.0,0.6,0.5,0.5
1974,2,242.0,24.0,16.31,17.0,17.62,17.18,6.0,1.48,8.0,1.0,0.3,0.3,18.28,19.0,21.82,19.74,7.0,1.72,12.0,1.0,0.4,0.3,8.82,9.96,11.23,10.03,7.0,1.42,12.0,1.0,0.4,0.3,65.3,69.6,73.6,70.2,7.0,6.2,12.0,1.0,0.3,3.1,5.7,10.35,6.61,7.0,3.46,12.0,1.0,0.4,0.3,-3.93,-1.55,0.36,-0.99,7.0,4.14,12.0,1.0,0.4,0.3,-9.0,-4.35,-2.9,-5.5,7.0,3.06,12.0,1.0,0.4,0.3,1014.49,1017.0,1018.66,1017.06,7.0,2.6,12.0,1.0,0.4,0.3,1.0,4.0,6.0,3.4,7.0,2.4,12.0,1.0,0.4,0.3,-44.1,-4.8,3.1,-7.9,7.0,38.5,12.0,1.0,0.4,0.3,-93.2,-28.1,-9.0,-44.6,7.0,43.9,12.0,1.0,0.4,0.3,-5.59,-2.0,-0.63,-2.8,6.0,2.63,8.0,1.0,0.3,0.3,-55.4,-7.2,-3.6,-22.0,6.0,26.9,8.0,1.0,0.3,0.3,0.08,2.57,4.33,2.22,6.0,2.22,8.0,1.0,0.3,0.3,1.1,9.0,30.0,14.9,6.0,21.2,8.0,1.0,0.3,0.3,-79.0,-28.4,8.0,-17.3,7.0,89.9,12.0,1.0,0.4,0.3,-195.3,-87.9,-55.1,-110.6,7.0,65.8,12.0,1.0,0.4,0.3,-39.1,-16.3,4.3,-7.6,7.0,47.3,12.0,1.0,0.4,0.3,-100.0,-40.9,-28.2,-55.7,7.0,33.0,12.0,1.0,0.4,0.3,-13.3,-5.5,-1.5,-7.1,6.0,6.8,8.0,1.0,0.3,0.3,-26.8,-8.7,-1.7,-14.4,6.0,18.9,8.0,1.0,0.3,0.3,30.0,185.0,1109.5,501.0,7.0,576.5,12.0,1.0,0.4,0.3,30.0,185.0,1110.0,500.0,7.0,575.0,12.0,1.0,0.4,0.3
1974,2,242.0,25.0,16.73,17.15,18.09,17.4,4.0,1.06,20.0,0.5,0.5,0.3,15.62,16.3,17.66,16.63,4.0,1.56,20.0,0.5,0.5,0.3,7.39,7.59,7.79,7.59,2.0,0.42,14.0,0.5,0.4,0.4,68.6,68.9,69.1,68.9,2.0,0.5,14.0,0.5,0.4,3.52,4.35,5.7,4.6,4.0,1.55,20.0,0.5,0.5,0.3,-3.07,-0.14,2.11,-0.46,4.0,3.61,20.0,0.5,0.5,0.3,-4.42,-3.63,-2.48,-3.46,4.0,1.17,20.0,0.5,0.5,0.3,1018.56,1021.25,1022.69,1020.65,4.0,2.87,20.0,0.5,0.5,0.3,1.4,4.0,6.6,4.0,4.0,3.4,20.0,0.5,0.5,0.3,-19.8,-1.1,8.4,-5.5,4.0,20.7,20.0,0.5,0.5,0.3,-25.0,-14.9,-8.6,-16.7,4.0,9.9,20.0,0.5,0.5,0.3,-0.83,1.5,2.31,0.78,4.0,2.22,20.0,0.5,0.5,0.3,-2.0,6.7,13.4,5.7,4.0,10.1,20.0,0.5,0.5,0.3,4.93,5.22,5.5,5.22,2.0,0.59,14.0,0.5,0.4,0.4,24.6,29.9,35.3,29.9,2.0,11.1,14.0,0.5,0.4,0.4,-49.8,-1.1,34.8,-7.2,4.0,59.0,20.0,0.5,0.5,0.3,-69.6,-62.0,-43.8,-56.9,4.0,17.2,20.0,0.5,0.5,0.3,-35.0,-23.2,-11.3,-23.2,2.0,24.5,14.0,0.5,0.4,0.4,-33.8,-33.5,-33.2,-33.5,2.0,0.6,14.0,0.5,0.4,0.4,-24.9,-16.4,-7.8,-16.4,2.0,17.7,14.0,0.5,0.4,0.4,-23.9,-23.0,-22.1,-23.0,2.0,1.8,14.0,0.5,0.4,0.4,47.0,83.0,204.0,123.5,4.0,121.5,20.0,0.5,0.5,0.3,45.0,85.0,205.0,125.0,4.0,120.0,20.0,0.5,0.5,0.3
1974,2,242.0,26.0,15.7,15.7,15.8,15.74,5.0,0.05,24.0,1.0,0.6,0.6,14.75,15.3,16.0,15.28,5.0,0.9,24.0,1.0,0.6,0.6,8.05,8.05,8.05,8.05,1.0,0.0,18.0,1.0,0.8,0.4,83.2,83.2,83.2,83.2,1.0,0.0,18.0,1.0,0.4,4.27,5.1,6.26,5.16,5.0,1.39,24.0,1.0,0.6,0.6,-0.94,-0.87,0.09,-0.43,5.0,0.91,24.0,1.0,0.6,0.6,-6.16,-5.02,-4.2,-5.08,5.0,1.37,24.0,1.0,0.6,0.6,1021.9,1023.3,1023.8,1022.94,5.0,0.97,24.0,1.0,0.6,0.6,6.0,6.0,7.0,6.4,5.0,0.5,24.0,1.0,0.6,0.6,-5.2,-4.3,1.9,-1.8,5.0,5.6,24.0,1.0,0.6,0.6,-38.7,-25.6,-18.9,-27.8,5.0,13.2,24.0,1.0,0.6,0.6,-0.2,0.4,0.95,0.46,5.0,0.86,24.0,1.0,0.6,0.6,-1.0,1.2,6.2,2.9,5.0,5.7,24.0,1.0,0.6,0.6,2.91,2.91,2.91,2.91,1.0,0.0,18.0,1.0,0.8,0.4,19.5,19.5,19.5,19.5,1.0,0.0,18.0,1.0,0.8,0.4,-14.8,-13.9,0.8,-7.2,5.0,13.3,24.0,1.0,0.6,0.6,-90.6,-80.4,-66.5,-77.2,5.0,18.7,24.0,1.0,0.6,0.6,9.4,9.4,9.4,9.4,1.0,0.0,18.0,1.0,0.8,0.4,-53.1,-53.1,-53.1,-53.1,1.0,0.0,18.0,1.0,0.8,0.4,3.4,3.4,3.4,3.4,1.0,0.0,18.0,1.0,0.8,0.4,-19.2,-19.2,-19.2,-19.2,1.0,0.0,18.0,1.0,0.8,0.4,89.0,132.5,247.0,160.5,5.0,103.0,24.0,1.0,0.6,0.6,90.0,135.0,245.0,160.0,5.0,105.0,24.0,1.0,0.6,0.6
1974,2,242.0,27.0,15.23,15.5,15.57,15.4,3.0,0.26,22.0,0.0,0.7,0.5,13.66,14.0,14.96,14.3,3.0,0.98,22.0,0.0,0.7,0.5,8.01,8.01,8.01,8.01,1.0,0.0,22.0,0.0,0.9,0.4,84.3,84.3,84.3,84.3,1.0,0.0,22.0,0.0,0.4,8.32,11.8,12.55,10.47,3.0,3.31,22.0,0.0,0.7,0.5,-4.5,0.0,0.0,-2.2,3.0,3.81,22.0,0.0,0.7,0.5,-12.55,-11.8,-4.54,-8.62,3.0,6.48,22.0,0.0,0.7,0.5,1021.16,1021.5,1022.8,1021.97,3.0,1.27,22.0,0.0,0.7,0.5,0.0,0.0,1.4,0.7,3.0,1.2,22.0,0.0,0.7,0.5,-30.2,0.0,0.0,-14.7,3.0,25.5,22.0,0.0,0.7,0.5,-157.8,-139.2,-49.5,-104.5,3.0,84.8,22.0,0.0,0.7,0.5,0.49,1.1,1.71,1.1,3.0,0.9,22.0,0.0,0.7,0.5,5.9,13.0,13.3,9.7,3.0,6.1,22.0,0.0,0.7,0.5,2.83,2.83,2.83,2.83,1.0,0.0,22.0,0.0,0.9,0.4,18.9,18.9,18.9,18.9,1.0,0.0,22.0,0.0,0.9,0.4,-60.8,0.0,0.0,-29.7,3.0,51.4,22.0,0.0,0.7,0.5,-188.0,-165.2,-63.2,-126.5,3.0,97.4,22.0,0.0,0.7,0.5,-52.9,-52.9,-52.9,-52.9,1.0,0.0,22.0,0.0,0.9,0.4,-9.3,-9.3,-9.3,-9.3,1.0,0.0,22.0,0.0,0.9,0.4,-18.7,-18.7,-18.7,-18.7,1.0,0.0,22.0,0.0,0.9,0.4,-3.3,-3.3,-3.3,-3.3,1.0,0.0,22.0,0.0,0.9,0.4,727.0,1643.0,1987.0,1363.5,3.0,954.0,22.0,0.0,0.7,0.5,725.0,1645.0,1985.0,1365.0,3.0,955.0,22.0,0.0,0.7,0.5
1974,2,242.0,28.0,15.49,15.5,15.62,15.54,7.0,0.24,18.0,0.6,0.6,0.5,12.8,15.0,15.67,14.67,7.0,1.57,18.0,0.6,0.6,0.5,7.21,7.66,8.63,7.92,5.0,1.16,18.0,0.4,0.6,0.3,69.5,77.4,85.7,77.4,5.0,10.1,18.0,0.4,0.3,2.08,6.7,9.13,6.17,6.0,3.59,16.0,0.7,0.6,0.5,0.71,3.82,6.72,3.64,6.0,3.22,16.0,0.7,0.6,0.5,-6.16,-5.27,-1.85,-4.58,6.0,2.65,16.0,0.7,0.6,0.5,1019.38,1020.5,1022.5,1021.47,7.0,3.22,18.0,0.6,0.6,0.5,0.8,3.0,6.2,3.3,6.0,2.8,16.0,0.7,0.6,0.5,2.6,25.5,61.5,31.1,6.0,32.5,16.0,0.7,0.6,0.5,-57.1,-35.1,-3.9,-35.7,6.0,32.2,16.0,0.7,0.6,0.5,-0.09,0.5,2.7,0.87,7.0,1.68,18.0,0.6,0.6,0.5,-0.7,11.7,22.0,10.8,6.0,12.3,16.0,0.7,0.6,0.5,2.27,3.29,3.79,3.02,5.0,1.18,18.0,0.4,0.6,0.3,14.7,26.3,33.7,24.3,4.0,13.5,16.0,0.5,0.6,0.3,10.6,52.2,87.9,49.5,6.0,42.2,16.0,0.7,0.6,0.5,-90.9,-67.2,-29.1,-64.1,6.0,35.9,16.0,0.7,0.6,0.5,1.6,28.4,51.8,26.8,4.0,29.1,16.0,0.5,0.6,0.3,-53.3,-39.7,-26.4,-39.8,4.0,19.2,16.0,0.5,0.6,0.3,1.4,13.1,23.4,12.4,4.0,12.8,16.0,0.5,0.6,0.3,-26.7,-21.0,-12.0,-19.4,4.0,9.9,16.0,0.5,0.6,0.3,9.0,321.0,782.5,429.5,6.0,481.0,16.0,0.7,0.6,0.5,10.0,320.0,785.0,430.0,6.0,480.0,16.0,0.7,0.6,0.5
1974,2,242.0,29.0,14.01,15.2,15.48,14.97,15.0,1.02,16.0,0.4,0.7,0.6,13.08,14.45,16.61,14.53,16.0,1.7,14.0,0.4,0.7,0.6,6.99,8.19,9.29,8.14,12.0,1.22,14.0,0.3,0.8,0.6,72.7,77.6,88.1,79.5,12.0,7.2,14.0,0.3,0.6,2.71,5.1,9.83,5.48,15.0,3.58,16.0,0.5,0.7,0.6,1.44,2.05,6.45,3.11,15.0,2.53,16.0,0.5,0.7,0.6,-7.31,-3.55,-2.12,-4.27,15.0,2.94,16.0,0.5,0.7,0.6,1016.78,1019.75,1022.42,1019.99,16.0,3.61,14.0,0.4,0.7,0.6,0.0,2.0,5.6,2.6,16.0,2.7,14.0,0.4,0.7,0.6,3.9,8.9,64.5,24.6,15.0,29.7,16.0,0.5,0.7,0.6,-72.8,-15.0,-6.0,-32.9,15.0,41.3,16.0,0.5,0.7,0.6,-1.53,0.0,2.2,0.47,15.0,2.13,16.0,0.4,0.7,0.6,-4.6,0.6,20.5,8.2,14.0,13.9,16.0,0.4,0.7,0.6,1.16,1.75,4.15,2.33,12.0,1.51,14.0,0.3,0.8,0.6,2.4,7.5,28.0,13.5,11.0,13.3,14.0,0.4,0.8,0.6,21.5,34.4,79.9,42.0,15.0,31.4,16.0,0.5,0.7,0.6,-92.2,-56.4,-31.2,-59.0,15.0,37.0,16.0,0.5,0.7,0.6,7.4,18.4,36.2,20.1,11.0,16.6,14.0,0.4,0.8,0.6,-38.0,-31.8,-21.4,-30.2,11.0,13.8,14.0,0.4,0.8,0.6,0.4,4.1,19.8,8.3,11.0,10.1,14.0,0.4,0.8,0.6,-21.4,-5.6,-2.2,-10.0,11.0,9.3,14.0,0.4,0.8,0.6,20.5,132.5,972.5,391.0,15.0,638.0,16.0,0.5,0.7,0.6,20.0,135.0,975.0,390.0,15.0,640.0,16.0,0.5,0.7,0.6
1974,2,242.0,30.0,13.8,14.0,15.6,14.43,21.0,0.99,14.0,0.4,0.6,0.5,12.8,14.0,16.03,14.57,26.0,1.93,12.0,0.4,0.6,0.4,7.41,8.1,9.63,8.3,23.0,1.1,12.0,0.4,0.6,0.5,73.8,83.2,88.8,82.0,23.0,9.1,12.0,0.4,0.5,2.6,6.7,8.24,6.25,26.0,2.85,12.0,0.4,0.6,0.4,-1.25,3.44,5.98,2.94,26.0,2.98,12.0,0.4,0.6,0.4,-7.24,-4.2,-1.59,-4.57,26.0,3.02,12.0,0.4,0.6,0.4,1014.67,1019.55,1022.34,1018.92,26.0,4.28,12.0,0.4,0.6,0.4,0.0,4.0,8.0,3.8,26.0,3.2,12.0,0.4,0.6,0.4,-2.9,21.4,43.5,23.3,26.0,24.8,12.0,0.4,0.6,0.4,-55.7,-30.6,-5.1,-35.9,26.0,33.8,12.0,0.4,0.6,0.4,-1.51,0.0,1.7,-0.01,21.0,2.16,14.0,0.4,0.6,0.5,-7.4,0.0,10.1,2.4,21.0,11.0,14.0,0.4,0.6,0.5,0.46,2.15,3.15,1.84,20.0,1.5,14.0,0.4,0.6,0.5,3.1,8.8,26.0,12.4,20.0,12.6,14.0,0.4,0.6,0.5,-20.0,45.7,85.5,42.2,26.0,43.7,12.0,0.4,0.6,0.4,-108.2,-55.3,-23.7,-65.2,26.0,42.5,12.0,0.4,0.6,0.4,-8.9,26.6,51.7,24.7,23.0,23.7,12.0,0.4,0.6,0.5,-62.2,-31.7,-14.8,-37.6,23.0,24.1,12.0,0.4,0.6,0.5,-3.2,3.2,12.5,4.3,20.0,8.6,14.0,0.4,0.6,0.5,-21.1,-6.1,-0.3,-9.4,20.0,11.7,14.0,0.4,0.6,0.5,17.5,301.0,559.5,390.0,26.0,453.0,12.0,0.4,0.6,0.4,20.0,300.0,560.0,390.0,26.0,455.0,12.0,0.4,0.6,0.4
1974,2,242.0,31.0,12.87,13.9,14.93,13.95,60.0,0.98,12.0,0.5,0.6,0.6,12.4,14.0,16.17,14.31,66.0,2.11,10.0,0.5,0.6,0.6,6.9,7.86,8.9,7.75,57.0,1.31,10.0,0.5,0.6,0.6,65.2,77.2,88.9,76.3,57.0,13.3,10.0,0.5,0.6,1.5,5.1,8.54,5.45,66.0,3.21,10.0,0.5,0.6,0.6,0.0,1.85,4.42,2.36,66.0,2.88,10.0,0.5,0.6,0.6,-7.44,-4.3,-1.08,-4.22,66.0,2.91,10.0,0.5,0.6,0.6,1014.33,1018.8,1021.91,1018.49,66.0,3.39,10.0,0.5,0.6,0.6,0.0,2.0,6.0,3.0,65.0,2.9,10.0,0.5,0.6,0.6,0.0,9.9,32.3,17.7,66.0,30.7,10.0,0.5,0.6,0.6,-65.9,-24.4,-2.1,-30.6,66.0,31.1,10.0,0.5,0.6,0.6,-2.45,0.05,1.69,-0.36,60.0,2.18,12.0,0.5,0.6,0.6,-11.4,0.0,11.5,-1.0,60.0,14.3,12.0,0.5,0.6,0.6,0.7,1.78,3.67,2.12,52.0,1.52,10.0,0.5,0.6,0.6,1.3,8.8,21.1,13.0,52.0,13.3,10.0,0.5,0.6,0.6,0.0,27.9,65.9,32.1,66.0,37.9,10.0,0.5,0.6,0.6,-110.1,-56.0,-14.4,-60.8,66.0,43.9,10.0,0.5,0.6,0.6,0.0,12.9,32.9,14.7,57.0,16.3,10.0,0.5,0.6,0.6,-56.9,-33.6,-11.3,-33.1,57.0,21.4,10.0,0.5,0.6,0.6,0.0,2.6,10.8,3.9,52.0,8.0,10.0,0.5,0.6,0.6,-18.2,-7.1,-1.2,-10.9,52.0,12.2,10.0,0.5,0.6,0.6,3.5,132.5,624.5,335.0,66.0,486.0,10.0,0.5,0.6,0.6,5.0,135.0,625.0,335.0,66.0,485.0,10.0,0.5,0.6,0.6
1974,2,242.0,32.0,12.0,14.0,15.0,13.67,155.0,1.42,18.0,0.5,0.5,0.5,12.8,14.0,16.71,14.48,145.0,2.37,18.0,0.5,0.5,0.5,6.48,7.51,8.61,7.4,133.0,1.23,18.0,0.5,0.5,0.5,61.6,76.2,86.9,73.7,134.0,14.6,18.0,0.5,0.5,1.5,3.6,6.87,4.17,169.0,2.64,18.0,0.5,0.5,0.5,-0.82,1.3,4.95,1.69,169.0,2.91,18.0,0.5,0.5,0.5,-5.22,-2.25,0.29,-2.24,169.0,2.85,18.0,0.5,0.5,0.5,1016.29,1019.0,1023.0,1019.19,171.0,3.39,18.0,0.5,0.5,0.5,0.0,2.0,7.0,3.3,165.0,2.8,18.0,0.5,0.5,0.5,-1.0,4.5,26.0,11.5,169.0,22.8,18.0,0.5,0.5,0.5,-33.3,-7.4,0.4,-14.4,169.0,22.5,18.0,0.5,0.5,0.5,-3.54,-0.5,1.4,-0.92,131.0,2.61,18.0,0.5,0.5,0.5,-12.5,-0.6,4.2,-3.5,127.0,11.0,18.0,0.5,0.5,0.5,0.88,1.92,3.56,2.06,120.0,1.34,18.0,0.5,0.5,0.5,1.1,6.7,18.7,9.8,119.0,9.8,18.0,0.5,0.5,0.5,-11.8,21.0,70.6,24.9,141.0,43.1,18.0,0.5,0.5,0.5,-80.6,-31.0,0.0,-35.9,141.0,39.1,18.0,0.5,0.5,0.5,-5.9,9.7,35.9,12.9,132.0,22.8,18.0,0.5,0.5,0.5,-38.2,-17.6,0.3,-17.9,132.0,19.8,18.0,0.5,0.5,0.5,-2.4,2.3,10.2,3.5,119.0,7.7,18.0,0.5,0.5,0.5,-13.7,-4.5,0.0,-6.4,119.0,8.9,18.0,0.5,0.5,0.5,3.5,46.5,325.5,170.5,169.0,292.5,18.0,0.5,0.5,0.5,5.0,45.0,325.0,170.0,169.0,290.0,18.0,0.5,0.5,0.5
1974,2,242.0,33.0,13.02,13.9,15.0,13.98,29.0,1.01,16.0,0.4,0.4,0.2,12.18,13.2,16.52,13.54,32.0,2.3,18.0,0.4,0.4,0.2,6.25,7.67,8.5,7.29,28.0,1.43,18.0,0.4,0.3,0.2,57.4,82.5,92.6,77.4,28.0,15.3,18.0,0.4,0.2,1.0,3.1,5.7,3.31,35.0,2.04,18.0,0.4,0.4,0.2,-1.49,0.72,4.18,0.85,35.0,2.63,18.0,0.4,0.4,0.2,-3.58,-1.99,0.0,-1.67,35.0,2.21,18.0,0.4,0.4,0.2,1017.68,1020.1,1022.62,1020.25,35.0,2.32,18.0,0.4,0.4,0.2,0.0,3.0,6.6,3.2,35.0,2.8,18.0,0.4,0.4,0.2,-4.1,0.9,21.5,4.7,35.0,13.6,18.0,0.4,0.4,0.2,-18.2,-5.9,0.0,-8.3,35.0,12.0,18.0,0.4,0.4,0.2,-2.8,1.1,2.26,0.56,27.0,2.85,16.0,0.4,0.4,0.2,-8.1,2.0,7.1,0.3,27.0,8.8,16.0,0.4,0.4,0.2,1.17,1.86,3.5,2.53,23.0,1.7,18.0,0.4,0.4,0.2,3.6,5.7,13.7,7.3,23.0,5.8,18.0,0.4,0.4,0.2,-20.7,5.4,58.0,12.0,32.0,37.2,18.0,0.4,0.4,0.2,-46.5,-19.4,0.0,-23.7,32.0,35.7,18.0,0.4,0.4,0.2,-12.6,3.1,31.2,6.6,28.0,20.9,18.0,0.4,0.3,0.2,-25.2,-16.4,0.0,-12.4,28.0,14.1,18.0,0.4,0.3,0.2,-5.2,1.2,5.4,1.3,23.0,7.4,18.0,0.4,0.4,0.2,-8.6,-3.0,0.0,-3.5,23.0,4.4,18.0,0.4,0.4,0.2,1.0,30.0,185.0,76.0,35.0,87.5,18.0,0.4,0.4,0.2,0.0,30.0,185.0,75.0,35.0,85.0,18.0,0.4,0.4,0.2
1974,2,243.0,-38.0,21.0,21.0,21.0,21.0,1.0,0.0,28.0,1.0,0.3,0.4,20.0,20.0,20.0,20.0,1.0,0.0,28.0,1.0,0.3,0.4,8.33,8.33,8.33,8.33,1.0,0.0,28.0,1.0,0.3,0.4,58.4,58.4,58.4,58.4,1.0,0.0,28.0,1.0,0.4,5.1,5.1,5.1,5.1,1.0,0.0,28.0,1.0,0.3,0.4,-4.79,-4.79,-4.79,-4.79,1.0,0.0,28.0,1.0,0.3,0.4,-1.74,-1.74,-1.74,-1.74,1.0,0.0,28.0,1.0,0.3,0.4,1029.5,1029.5,1029.5,1029.5,1.0,0.0,28.0,1.0,0.3,0.4,3.0,3.0,3.0,3.0,1.0,0.0,28.0,1.0,0.3,0.4,-24.4,-24.4,-24.4,-24.4,1.0,0.0,28.0,1.0,0.3,0.4,-8.9,-8.9,-8.9,-8.9,1.0,0.0,28.0,1.0,0.3,0.4,1.0,1.0,1.0,1.0,1.0,0.0,28.0,1.0,0.3,0.4,5.1,5.1,5.1,5.1,1.0,0.0,28.0,1.0,0.3,0.4,6.9,6.9,6.9,6.9,1.0,0.0,28.0,1.0,0.3,0.4,35.2,35.2,35.2,35.2,1.0,0.0,28.0,1.0,0.3,0.4,-95.8,-95.8,-95.8,-95.8,1.0,0.0,28.0,1.0,0.3,0.4,-34.9,-34.9,-34.9,-34.9,1.0,0.0,28.0,1.0,0.3,0.4,-39.9,-39.9,-39.9,-39.9,1.0,0.0,28.0,1.0,0.3,0.4,-14.5,-14.5,-14.5,-14.5,1.0,0.0,28.0,1.0,0.3,0.4,-33.1,-33.1,-33.1,-33.1,1.0,0.0,28.0,1.0,0.3,0.4,-12.0,-12.0,-12.0,-12.0,1.0,0.0,28.0,1.0,0.3,0.4,132.5,132.5,132.5,132.5,1.0,0.0,28.0,1.0,0.3,0.4,135.0,135.0,135.0,135.0,1.0,0.0,28.0,1.0,0.3,0.4
1974,2,243.0,-28.0,27.0,27.0,27.0,27.0,1.0,0.0,24.0,1.0,0.2,0.1,24.7,24.7,24.7,24.7,1.0,0.0,24.0,1.0,0.2,0.1,11.57,11.57,11.57,11.57,1.0,0.0,24.0,1.0,0.2,0.1,60.3,60.3,60.3,60.3,1.0,0.0,24.0,1.0,0.1,0.0,0.0,0.0,0.0,1.0,0.0,24.0,1.0,0.2,0.1,0.0,0.0,0.0,0.0,1.0,0.0,24.0,1.0,0.2,0.1,0.0,0.0,0.0,0.0,1.0,0.0,24.0,1.0,0.2,0.1,1019.9,1019.9,1019.9,1019.9,1.0,0.0,24.0,1.0,0.2,0.1,1.0,1.0,1.0,1.0,1.0,0.0,24.0,1.0,0.2,0.1,0.0,0.0,0.0,0.0,1.0,0.0,24.0,1.0,0.2,0.1,0.0,0.0,0.0,0.0,1.0,0.0,24.0,1.0,0.2,0.1,2.3,2.3,2.3,2.3,1.0,0.0,24.0,1.0,0.2,0.1,0.0,0.0,0.0,0.0,1.0,0.0,24.0,1.0,0.2,0.1,10.57,10.57,10.57,10.57,1.0,0.0,24.0,1.0,0.2,0.1,0.0,0.0,0.0,0.0,1.0,0.0,24.0,1.0,0.2,0.1,0.0,0.0,0.0,0.0,1.0,0.0,24.0,1.0,0.2,0.1,0.0,0.0,0.0,0.0,1.0,0.0,24.0,1.0,0.2,0.1,0.0,0.0,0.0,0.0,1.0,0.0,24.0,1.0,0.2,0.1,0.0,0.0,0.0,0.0,1.0,0.0,24.0,1.0,0.2,0.1,0.0,0.0,0.0,0.0,1.0,0.0,24.0,1.0,0.2,0.1,0.0,0.0,0.0,0.0,1.0,0.0,24.0,1.0,0.2,0.1,0.0,0.0,0.0,0.0,1.0,0.0,24.0,1.0,0.2,0.1,0.0,0.0,0.0,0.0,1.0,0.0,24.0,1.0,0.2,0.1
1974,2,243.0,-27.0,26.7,26.7,26.7,26.7,1.0,0.0,2.0,0.0,0.2,1.0,24.66,24.8,24.94,24.8,2.0,0.28,4.0,0.0,0.6,0.8,15.4,15.46,15.51,15.46,2.0,0.12,4.0,0.0,0.6,0.8,78.9,79.9,80.9,79.9,2.0,2.0,4.0,0.0,0.8,5.1,5.1,5.1,5.1,1.0,0.0,4.0,0.0,1.0,0.6,-4.79,-4.79,-4.79,-4.79,1.0,0.0,4.0,0.0,1.0,0.6,-1.74,-1.74,-1.74,-1.74,1.0,0.0,4.0,0.0,1.0,0.6,1020.32,1020.8,1021.28,1020.8,2.0,0.99,4.0,0.0,0.6,0.8,5.5,6.5,7.5,6.5,2.0,2.1,4.0,0.0,0.6,0.8,-24.4,-24.4,-24.4,-24.4,1.0,0.0,4.0,0.0,1.0,0.6,-8.9,-8.9,-8.9,-8.9,1.0,0.0,4.0,0.0,1.0,0.6,,,,,,,,,,,,,,,,,,,,,,,,,,,,,,,,,,,,,,,,,-117.9,-117.9,-117.9,-117.9,1.0,0.0,4.0,0.0,1.0,0.6,-42.9,-42.9,-42.9,-42.9,1.0,0.0,4.0,0.0,1.0,0.6,-74.5,-74.5,-74.5,-74.5,1.0,0.0,4.0,0.0,1.0,0.6,-27.1,-27.1,-27.1,-27.1,1.0,0.0,4.0,0.0,1.0,0.6,,,,,,,,,,,,,,,,,,,,,,,,,,,,,,,,,,,,,,,,
1974,2,243.0,-26.0,25.8,25.8,25.8,25.8,1.0,0.0,14.0,1.0,0.2,0.9,25.6,25.6,25.6,25.6,1.0,0.0,14.0,1.0,0.2,0.9,14.49,14.49,14.49,14.49,1.0,0.0,14.0,1.0,0.2,0.9,71.6,71.6,71.6,71.6,1.0,0.0,14.0,1.0,0.9,7.2,7.2,7.2,7.2,1.0,0.0,14.0,1.0,0.2,0.9,-6.24,-6.24,-6.24,-6.24,1.0,0.0,14.0,1.0,0.2,0.9,-3.6,-3.6,-3.6,-3.6,1.0,0.0,14.0,1.0,0.2,0.9,1023.3,1023.3,1023.3,1023.3,1.0,0.0,14.0,1.0,0.2,0.9,4.0,4.0,4.0,4.0,1.0,0.0,14.0,1.0,0.2,0.9,-44.9,-44.9,-44.9,-44.9,1.0,0.0,14.0,1.0,0.2,0.9,-25.9,-25.9,-25.9,-25.9,1.0,0.0,14.0,1.0,0.2,0.9,0.2,0.2,0.2,0.2,1.0,0.0,14.0,1.0,0.2,0.9,1.4,1.4,1.4,1.4,1.0,0.0,14.0,1.0,0.2,0.9,6.06,6.06,6.06,6.06,1.0,0.0,14.0,1.0,0.2,0.9,43.6,43.6,43.6,43.6,1.0,0.0,14.0,1.0,0.2,0.9,-159.6,-159.6,-159.6,-159.6,1.0,0.0,14.0,1.0,0.2,0.9,-92.2,-92.2,-92.2,-92.2,1.0,0.0,14.0,1.0,0.2,0.9,-90.3,-90.3,-90.3,-90.3,1.0,0.0,14.0,1.0,0.2,0.9,-52.2,-52.2,-52.2,-52.2,1.0,0.0,14.0,1.0,0.2,0.9,-37.8,-37.8,-37.8,-37.8,1.0,0.0,14.0,1.0,0.2,0.9,-21.8,-21.8,-21.8,-21.8,1.0,0.0,14.0,1.0,0.2,0.9,373.0,373.0,373.0,373.0,1.0,0.0,14.0,1.0,0.2,0.9,375.0,375.0,375.0,375.0,1.0,0.0,14.0,1.0,0.2,0.9
1974,2,243.0,-23.0,23.93,24.2,24.47,24.2,2.0,0.57,22.0,1.0,0.6,0.6,23.74,24.25,24.76,24.25,2.0,1.06,22.0,1.0,0.6,0.6,12.24,12.67,13.11,12.67,2.0,0.9,22.0,1.0,0.6,0.6,67.4,67.7,67.9,67.7,2.0,0.5,22.0,1.0,0.6,8.69,9.75,10.81,9.75,2.0,2.19,22.0,1.0,0.6,0.6,-9.77,-7.94,-6.12,-7.94,2.0,3.78,22.0,1.0,0.6,0.6,4.25,5.07,5.9,5.07,2.0,1.71,22.0,1.0,0.6,0.6,1019.19,1019.6,1020.01,1019.6,2.0,0.85,22.0,1.0,0.6,0.6,3.0,3.0,3.0,3.0,2.0,0.0,22.0,1.0,0.6,0.6,-107.8,-81.6,-55.4,-81.6,2.0,54.3,22.0,1.0,0.6,0.6,44.9,47.6,50.3,47.6,2.0,5.5,22.0,1.0,0.6,0.6,-0.29,-0.05,0.19,-0.05,2.0,0.49,22.0,1.0,0.6,0.6,-3.4,-1.0,1.4,-1.0,2.0,4.9,22.0,1.0,0.6,0.6,5.92,6.05,6.18,6.05,2.0,0.27,22.0,1.0,0.6,0.6,53.6,58.7,63.8,58.7,2.0,10.6,22.0,1.0,0.6,0.6,-243.0,-194.7,-146.3,-194.7,2.0,100.1,22.0,1.0,0.6,0.6,104.7,122.1,139.5,122.1,2.0,36.1,22.0,1.0,0.6,0.6,-129.0,-102.4,-75.8,-102.4,2.0,55.1,22.0,1.0,0.6,0.6,55.3,63.5,71.8,63.5,2.0,17.1,22.0,1.0,0.6,0.6,-57.5,-47.5,-37.5,-47.5,2.0,20.7,22.0,1.0,0.6,0.6,25.3,30.9,36.6,30.9,2.0,11.7,22.0,1.0,0.6,0.6,693.0,997.0,1301.5,997.0,2.0,630.5,22.0,1.0,0.6,0.6,695.0,995.0,1300.0,995.0,2.0,630.0,22.0,1.0,0.6,0.6
1974,2,243.0,-21.0,,,,,,,,,,,,,,,,,,,,,,,,,,,,,,,,,,,,,,,,8.7,8.7,8.7,8.7,1.0,0.0,26.0,0.0,0.9,0.7,-8.7,-8.7,-8.7,-8.7,1.0,0.0,26.0,0.0,0.9,0.7,0.0,0.0,0.0,0.0,1.0,0.0,26.0,0.0,0.9,0.7,1020.0,1020.0,1020.0,1020.0,1.0,0.0,26.0,0.0,0.9,0.7,,,,,,,,,,,,,,,,,,,,,,,,,,,,,,,,,,,,,,,,,,,,,,,,,,,,,,,,,,,,,,,,,,,,,,,,,,,,,,,,,,,,,,,,,,,,,,,,,,,,,,,,,,,,,,,,,,,,,,,,,,,,,,,,,,,,,,,,,,,,,,,,,,,,,,
1974,2,243.0,-20.0,28.9,28.9,28.9,28.9,1.0,0.0,2.0,1.0,0.4,0.7,25.8,25.8,25.8,25.8,1.0,0.0,2.0,1.0,0.4,0.7,14.11,14.11,14.11,14.11,1.0,0.0,2.0,1.0,0.4,0.7,68.6,68.6,68.6,68.6,1.0,0.0,2.0,1.0,0.7,6.2,6.2,6.2,6.2,1.0,0.0,2.0,1.0,0.4,0.7,-3.99,-3.99,-3.99,-3.99,1.0,0.0,2.0,1.0,0.4,0.7,4.75,4.75,4.75,4.75,1.0,0.0,2.0,1.0,0.4,0.7,1018.3,1018.3,1018.3,1018.3,1.0,0.0,2.0,1.0,0.4,0.7,2.0,2.0,2.0,2.0,1.0,0.0,2.0,1.0,0.4,0.7,-24.7,-24.7,-24.7,-24.7,1.0,0.0,2.0,1.0,0.4,0.7,29.4,29.4,29.4,29.4,1.0,0.0,2.0,1.0,0.4,0.7,3.1,3.1,3.1,3.1,1.0,0.0,2.0,1.0,0.4,0.7,19.2,19.2,19.2,19.2,1.0,0.0,2.0,1.0,0.4,0.7,10.71,10.71,10.71,10.71,1.0,0.0,2.0,1.0,0.4,0.7,66.4,66.4,66.4,66.4,1.0,0.0,2.0,1.0,0.4,0.7,-102.8,-102.8,-102.8,-102.8,1.0,0.0,2.0,1.0,0.4,0.7,122.5,122.5,122.5,122.5,1.0,0.0,2.0,1.0,0.4,0.7,-56.2,-56.2,-56.2,-56.2,1.0,0.0,2.0,1.0,0.4,0.7,67.0,67.0,67.0,67.0,1.0,0.0,2.0,1.0,0.4,0.7,-42.7,-42.7,-42.7,-42.7,1.0,0.0,2.0,1.0,0.4,0.7,50.9,50.9,50.9,50.9,1.0,0.0,2.0,1.0,0.4,0.7,238.5,238.5,238.5,238.5,1.0,0.0,2.0,1.0,0.4,0.7,240.0,240.0,240.0,240.0,1.0,0.0,2.0,1.0,0.4,0.7
1974,2,243.0,-19.0,24.15,24.7,25.25,24.7,2.0,1.13,16.0,0.5,0.4,0.4,24.42,24.45,24.48,24.45,2.0,0.07,16.0,0.5,0.4,0.4,13.06,13.82,14.58,13.82,2.0,1.57,16.0,0.5,0.4,0.4,68.6,72.8,76.9,72.8,2.0,8.6,16.0,0.5,0.4,8.53,9.25,9.97,9.25,2.0,1.48,16.0,0.5,0.4,0.4,-9.89,-9.0,-8.12,-9.0,2.0,1.83,16.0,0.5,0.4,0.4,0.45,1.4,2.36,1.4,2.0,1.98,16.0,0.5,0.4,0.4,1016.32,1017.0,1017.68,1017.0,2.0,1.41,16.0,0.5,0.4,0.4,6.0,6.0,6.0,6.0,2.0,0.0,16.0,0.5,0.4,0.4,-99.3,-84.6,-70.0,-84.6,2.0,30.3,16.0,0.5,0.4,0.4,3.6,11.5,19.3,11.5,2.0,16.3,16.0,0.5,0.4,0.4,-0.33,0.25,0.83,0.25,2.0,1.2,16.0,0.5,0.4,0.4,-3.8,1.4,6.6,1.4,2.0,10.7,16.0,0.5,0.4,0.4,5.41,5.55,5.68,5.55,2.0,0.28,16.0,0.5,0.4,0.4,46.3,51.5,56.7,51.5,2.0,10.8,16.0,0.5,0.4,0.4,-242.1,-220.2,-198.2,-220.2,2.0,45.5,16.0,0.5,0.4,0.4,10.9,34.2,57.6,34.2,2.0,48.4,16.0,0.5,0.4,0.4,-128.3,-122.9,-117.6,-122.9,2.0,11.2,16.0,0.5,0.4,0.4,6.6,20.9,35.2,20.9,2.0,29.6,16.0,0.5,0.4,0.4,-56.3,-50.2,-44.1,-50.2,2.0,12.7,16.0,0.5,0.4,0.4,2.4,7.5,12.6,7.5,2.0,10.6,16.0,0.5,0.4,0.4,637.5,822.0,1007.0,822.0,2.0,383.0,16.0,0.5,0.4,0.4,635.0,820.0,1005.0,820.0,2.0,385.0,16.0,0.5,0.4,0.4
1974,2,243.0,-14.0,24.4,24.4,24.4,24.4,1.0,0.0,6.0,1.0,0.9,0.9,24.3,24.3,24.3,24.3,1.0,0.0,6.0,1.0,0.9,0.9,14.54,14.54,14.54,14.54,1.0,0.0,6.0,1.0,0.9,0.9,76.9,76.9,76.9,76.9,1.0,0.0,6.0,1.0,0.9,11.8,11.8,11.8,11.8,1.0,0.0,6.0,1.0,0.9,0.9,-10.22,-10.22,-10.22,-10.22,1.0,0.0,6.0,1.0,0.9,0.9,5.9,5.9,5.9,5.9,1.0,0.0,6.0,1.0,0.9,0.9,1013.5,1013.5,1013.5,1013.5,1.0,0.0,6.0,1.0,0.9,0.9,3.0,3.0,3.0,3.0,1.0,0.0,6.0,1.0,0.9,0.9,-120.6,-120.6,-120.6,-120.6,1.0,0.0,6.0,1.0,0.9,0.9,69.6,69.6,69.6,69.6,1.0,0.0,6.0,1.0,0.9,0.9,0.1,0.1,0.1,0.1,1.0,0.0,6.0,1.0,0.9,0.9,1.2,1.2,1.2,1.2,1.0,0.0,6.0,1.0,0.9,0.9,4.52,4.52,4.52,4.52,1.0,0.0,6.0,1.0,0.9,0.9,53.4,53.4,53.4,53.4,1.0,0.0,6.0,1.0,0.9,0.9,-248.3,-248.3,-248.3,-248.3,1.0,0.0,6.0,1.0,0.9,0.9,143.4,143.4,143.4,143.4,1.0,0.0,6.0,1.0,0.9,0.9,-148.5,-148.5,-148.5,-148.5,1.0,0.0,6.0,1.0,0.9,0.9,85.8,85.8,85.8,85.8,1.0,0.0,6.0,1.0,0.9,0.9,-46.2,-46.2,-46.2,-46.2,1.0,0.0,6.0,1.0,0.9,0.9,26.7,26.7,26.7,26.7,1.0,0.0,6.0,1.0,0.9,0.9,1643.0,1643.0,1643.0,1643.0,1.0,0.0,6.0,1.0,0.9,0.9,1645.0,1645.0,1645.0,1645.0,1.0,0.0,6.0,1.0,0.9,0.9
1974,2,243.0,-12.0,25.0,25.0,25.0,25.0,1.0,0.0,4.0,1.0,0.7,1.0,28.5,28.5,28.5,28.5,1.0,0.0,4.0,1.0,0.7,1.0,18.29,18.29,18.29,18.29,1.0,0.0,4.0,1.0,0.7,1.0,75.3,75.3,75.3,75.3,1.0,0.0,4.0,1.0,1.0,7.7,7.7,7.7,7.7,1.0,0.0,4.0,1.0,0.7,1.0,-7.24,-7.24,-7.24,-7.24,1.0,0.0,4.0,1.0,0.7,1.0,2.63,2.63,2.63,2.63,1.0,0.0,4.0,1.0,0.7,1.0,1012.0,1012.0,1012.0,1012.0,1.0,0.0,4.0,1.0,0.7,1.0,2.0,2.0,2.0,2.0,1.0,0.0,4.0,1.0,0.7,1.0,-55.7,-55.7,-55.7,-55.7,1.0,0.0,4.0,1.0,0.7,1.0,20.3,20.3,20.3,20.3,1.0,0.0,4.0,1.0,0.7,1.0,-3.5,-3.5,-3.5,-3.5,1.0,0.0,4.0,1.0,0.7,1.0,-26.9,-26.9,-26.9,-26.9,1.0,0.0,4.0,1.0,0.7,1.0,1.5,1.5,1.5,1.5,1.0,0.0,4.0,1.0,0.7,1.0,11.6,11.6,11.6,11.6,1.0,0.0,4.0,1.0,0.7,1.0,-206.2,-206.2,-206.2,-206.2,1.0,0.0,4.0,1.0,0.7,1.0,75.1,75.1,75.1,75.1,1.0,0.0,4.0,1.0,0.7,1.0,-132.4,-132.4,-132.4,-132.4,1.0,0.0,4.0,1.0,0.7,1.0,48.2,48.2,48.2,48.2,1.0,0.0,4.0,1.0,0.7,1.0,-10.9,-10.9,-10.9,-10.9,1.0,0.0,4.0,1.0,0.7,1.0,4.0,4.0,4.0,4.0,1.0,0.0,4.0,1.0,0.7,1.0,456.5,456.5,456.5,456.5,1.0,0.0,4.0,1.0,0.7,1.0,455.0,455.0,455.0,455.0,1.0,0.0,4.0,1.0,0.7,1.0
1974,2,243.0,-11.0,25.13,25.4,25.67,25.4,2.0,0.57,8.0,1.0,0.4,0.5,24.91,25.15,25.39,25.15,2.0,0.49,8.0,1.0,0.4,0.5,15.37,15.52,15.68,15.52,2.0,0.31,8.0,1.0,0.4,0.5,77.7,78.0,78.3,78.0,2.0,0.6,8.0,1.0,0.5,5.86,6.2,6.54,6.2,2.0,0.71,8.0,1.0,0.4,0.5,-5.77,-5.71,-5.64,-5.71,2.0,0.13,8.0,1.0,0.4,0.5,1.36,2.17,2.98,2.17,2.0,1.67,8.0,1.0,0.4,0.5,1012.4,1013.25,1014.1,1013.25,2.0,1.77,8.0,1.0,0.4,0.5,2.3,3.0,3.7,3.0,2.0,1.4,8.0,1.0,0.4,0.5,-37.8,-35.4,-33.1,-35.4,2.0,4.9,8.0,1.0,0.4,0.5,8.3,14.0,19.8,14.0,2.0,11.9,8.0,1.0,0.4,0.5,-0.26,0.25,0.76,0.25,2.0,1.06,8.0,1.0,0.4,0.5,-1.3,1.9,5.2,1.9,2.0,6.8,8.0,1.0,0.4,0.5,4.23,4.74,5.24,4.74,2.0,1.04,8.0,1.0,0.4,0.5,25.0,29.7,34.5,29.7,2.0,9.8,8.0,1.0,0.4,0.5,-143.8,-143.5,-143.3,-143.5,2.0,0.5,8.0,1.0,0.4,0.5,34.4,54.2,73.9,54.2,2.0,40.9,8.0,1.0,0.4,0.5,-88.7,-88.6,-88.5,-88.6,2.0,0.3,8.0,1.0,0.4,0.5,21.2,33.4,45.6,33.4,2.0,25.2,8.0,1.0,0.4,0.5,-30.3,-27.1,-23.9,-27.1,2.0,6.6,8.0,1.0,0.4,0.5,6.2,11.1,16.0,11.1,2.0,10.2,8.0,1.0,0.4,0.5,203.5,243.0,282.5,243.0,2.0,81.5,8.0,1.0,0.4,0.5,205.0,245.0,280.0,245.0,2.0,80.0,8.0,1.0,0.4,0.5
1974,2,243.0,-8.0,25.33,25.4,25.47,25.4,3.0,0.1,22.0,0.0,0.3,0.3,24.19,24.6,25.01,24.6,3.0,0.6,22.0,0.0,0.3,0.3,16.85,17.0,17.24,17.04,3.0,0.28,22.0,0.0,0.3,0.3,85.8,89.7,90.8,88.3,3.0,3.9,22.0,0.0,0.3,6.63,8.0,8.0,7.33,3.0,1.15,22.0,0.0,0.3,0.3,-6.38,-5.2,-4.38,-5.37,3.0,1.47,22.0,0.0,0.3,0.3,3.32,4.0,6.0,4.64,3.0,2.04,22.0,0.0,0.3,0.3,1010.61,1011.7,1012.18,1011.4,3.0,1.18,22.0,0.0,0.3,0.3,2.3,3.0,5.7,4.0,3.0,2.6,22.0,0.0,0.3,0.3,-48.0,-32.0,-31.4,-39.5,3.0,13.8,22.0,0.0,0.3,0.3,22.4,32.0,48.0,35.1,3.0,18.9,22.0,0.0,0.3,0.3,0.46,0.8,1.14,0.8,3.0,0.5,22.0,0.0,0.3,0.3,3.3,6.4,9.1,6.2,3.0,4.3,22.0,0.0,0.3,0.3,3.03,3.16,3.47,3.25,3.0,0.33,22.0,0.0,0.3,0.3,22.3,23.8,24.8,23.6,3.0,1.8,22.0,0.0,0.3,0.3,-157.9,-130.9,-107.1,-132.5,3.0,37.2,22.0,0.0,0.3,0.3,82.8,98.4,144.7,113.4,3.0,47.2,22.0,0.0,0.3,0.3,-109.7,-87.2,-74.1,-91.8,3.0,26.4,22.0,0.0,0.3,0.3,56.4,69.4,102.4,79.2,3.0,34.8,22.0,0.0,0.3,0.3,-20.0,-18.8,-14.6,-17.3,3.0,4.2,22.0,0.0,0.3,0.3,11.2,11.9,18.7,14.9,3.0,6.1,22.0,0.0,0.3,0.3,310.0,512.0,512.0,413.5,3.0,171.0,22.0,0.0,0.3,0.3,310.0,510.0,510.0,415.0,3.0,170.0,22.0,0.0,0.3,0.3
1974,2,243.0,-6.0,25.25,25.6,25.88,25.58,5.0,0.44,16.0,0.8,0.5,0.6,24.8,25.3,26.37,25.48,5.0,0.97,16.0,0.8,0.5,0.6,15.18,16.23,17.29,16.21,5.0,1.19,16.0,0.8,0.5,0.6,77.5,80.5,81.7,79.5,5.0,3.8,16.0,0.8,0.6,5.3,6.2,6.7,5.98,5.0,0.88,16.0,0.8,0.5,0.6,-4.89,-3.98,-2.9,-3.92,5.0,1.35,16.0,0.8,0.5,0.6,2.97,3.66,5.81,4.19,5.0,1.57,16.0,0.8,0.5,0.6,1008.44,1009.1,1011.54,1009.78,5.0,1.66,16.0,0.8,0.5,0.6,3.3,4.0,6.7,4.8,5.0,2.3,16.0,0.8,0.5,0.6,-30.0,-22.4,-16.4,-23.5,5.0,9.7,16.0,0.8,0.5,0.6,17.1,22.4,37.1,25.8,5.0,11.7,16.0,0.8,0.5,0.6,-0.41,0.2,0.52,0.1,5.0,0.58,16.0,0.8,0.5,0.6,-2.6,0.9,3.3,0.6,5.0,3.8,16.0,0.8,0.5,0.6,3.68,4.3,4.86,4.34,5.0,0.86,16.0,0.8,0.5,0.6,23.8,25.1,27.3,25.5,5.0,2.5,16.0,0.8,0.5,0.6,-121.2,-100.4,-76.7,-99.0,5.0,30.7,16.0,0.8,0.5,0.6,72.4,92.7,153.4,107.7,5.0,43.6,16.0,0.8,0.5,0.6,-77.8,-58.7,-50.2,-62.8,5.0,19.6,16.0,0.8,0.5,0.6,45.2,59.5,100.6,69.3,5.0,30.3,16.0,0.8,0.5,0.6,-23.6,-19.0,-10.7,-17.4,5.0,7.3,16.0,0.8,0.5,0.6,14.0,16.0,21.1,17.2,5.0,3.8,16.0,0.8,0.5,0.6,153.0,238.5,301.0,224.5,5.0,86.0,16.0,0.8,0.5,0.6,155.0,240.0,300.0,225.0,5.0,85.0,16.0,0.8,0.5,0.6
1974,2,243.0,-5.0,23.0,23.0,23.0,23.0,1.0,0.0,2.0,0.0,0.1,0.3,23.3,23.3,23.3,23.3,1.0,0.0,2.0,0.0,0.1,0.3,15.23,15.23,15.23,15.23,1.0,0.0,2.0,0.0,0.1,0.3,85.3,85.3,85.3,85.3,1.0,0.0,2.0,0.0,0.3,2.6,2.6,2.6,2.6,1.0,0.0,2.0,0.0,0.1,0.3,-1.3,-1.3,-1.3,-1.3,1.0,0.0,2.0,0.0,0.1,0.3,2.25,2.25,2.25,2.25,1.0,0.0,2.0,0.0,0.1,0.3,1010.2,1010.2,1010.2,1010.2,1.0,0.0,2.0,0.0,0.1,0.3,2.0,2.0,2.0,2.0,1.0,0.0,2.0,0.0,0.1,0.3,-3.4,-3.4,-3.4,-3.4,1.0,0.0,2.0,0.0,0.1,0.3,5.9,5.9,5.9,5.9,1.0,0.0,2.0,0.0,0.1,0.3,-0.3,-0.3,-0.3,-0.3,1.0,0.0,2.0,0.0,0.1,0.3,-0.8,-0.8,-0.8,-0.8,1.0,0.0,2.0,0.0,0.1,0.3,2.32,2.32,2.32,2.32,1.0,0.0,2.0,0.0,0.1,0.3,6.0,6.0,6.0,6.0,1.0,0.0,2.0,0.0,0.1,0.3,-30.3,-30.3,-30.3,-30.3,1.0,0.0,2.0,0.0,0.1,0.3,52.5,52.5,52.5,52.5,1.0,0.0,2.0,0.0,0.1,0.3,-19.8,-19.8,-19.8,-19.8,1.0,0.0,2.0,0.0,0.1,0.3,34.3,34.3,34.3,34.3,1.0,0.0,2.0,0.0,0.1,0.3,-3.0,-3.0,-3.0,-3.0,1.0,0.0,2.0,0.0,0.1,0.3,5.2,5.2,5.2,5.2,1.0,0.0,2.0,0.0,0.1,0.3,17.5,17.5,17.5,17.5,1.0,0.0,2.0,0.0,0.1,0.3,20.0,20.0,20.0,20.0,1.0,0.0,2.0,0.0,0.1,0.3
1974,2,243.0,-3.0,25.03,25.1,25.17,25.1,2.0,0.14,16.0,0.0,0.8,0.5,24.55,24.65,24.75,24.65,2.0,0.21,16.0,0.0,0.8,0.5,16.83,16.85,16.87,16.85,2.0,0.04,16.0,0.0,0.8,0.5,86.8,87.3,87.8,87.3,2.0,1.1,16.0,0.0,0.5,5.35,6.95,8.55,6.95,2.0,3.32,16.0,0.0,0.8,0.5,-6.55,-5.32,-4.1,-5.32,2.0,2.55,16.0,0.0,0.8,0.5,3.44,4.47,5.5,4.47,2.0,2.14,16.0,0.0,0.8,0.5,1013.3,1014.6,1015.9,1014.6,2.0,2.69,16.0,0.0,0.8,0.5,2.8,4.5,6.2,4.5,2.0,3.5,16.0,0.0,0.8,0.5,-58.3,-41.2,-24.2,-41.2,2.0,35.4,16.0,0.0,0.8,0.5,20.3,34.6,48.9,34.6,2.0,29.7,16.0,0.0,0.8,0.5,0.28,0.45,0.62,0.45,2.0,0.35,16.0,0.0,0.8,0.5,2.1,2.5,3.0,2.5,2.0,1.0,16.0,0.0,0.8,0.5,2.93,3.01,3.1,3.01,2.0,0.18,16.0,0.0,0.8,0.5,16.4,20.7,24.9,20.7,2.0,8.8,16.0,0.0,0.8,0.5,-162.3,-131.5,-100.7,-131.5,2.0,63.9,16.0,0.0,0.8,0.5,84.5,110.3,136.2,110.3,2.0,53.6,16.0,0.0,0.8,0.5,-110.2,-89.7,-69.1,-89.7,2.0,42.7,16.0,0.0,0.8,0.5,58.0,75.2,92.5,75.2,2.0,35.8,16.0,0.0,0.8,0.5,-19.1,-15.8,-12.6,-15.8,2.0,6.7,16.0,0.0,0.8,0.5,10.6,13.3,16.0,13.3,2.0,5.6,16.0,0.0,0.8,0.5,209.5,451.0,692.0,451.0,2.0,500.0,16.0,0.0,0.8,0.5,210.0,450.0,690.0,450.0,2.0,500.0,16.0,0.0,0.8,0.5
1974,2,243.0,2.0,26.08,26.25,26.42,26.25,2.0,0.35,16.0,0.0,0.3,0.4,24.19,24.6,25.01,24.6,2.0,0.85,16.0,0.0,0.3,0.4,15.87,16.22,16.57,16.22,2.0,0.73,16.0,0.0,0.3,0.4,83.6,83.9,84.2,83.9,2.0,0.6,16.0,0.0,0.4,3.09,4.15,5.21,4.15,2.0,2.19,16.0,0.0,0.3,0.4,-4.41,-1.81,0.78,-1.81,2.0,5.38,16.0,0.0,0.3,0.4,-0.57,0.34,1.25,0.34,2.0,1.88,16.0,0.0,0.3,0.4,1009.32,1010.0,1010.68,1010.0,2.0,1.41,16.0,0.0,0.3,0.4,2.8,4.5,6.2,4.5,2.0,3.5,16.0,0.0,0.3,0.4,-26.1,-13.4,-0.7,-13.4,2.0,26.3,16.0,0.0,0.3,0.4,-4.1,-0.6,2.8,-0.6,2.0,7.1,16.0,0.0,0.3,0.4,1.07,1.65,2.23,1.65,2.0,1.2,16.0,0.0,0.3,0.4,4.9,5.5,6.2,5.5,2.0,1.4,16.0,0.0,0.3,0.4,4.61,5.17,5.72,5.17,2.0,1.15,16.0,0.0,0.3,0.4,17.0,20.2,23.3,20.2,2.0,6.5,16.0,0.0,0.3,0.4,-111.4,-46.8,17.8,-46.8,2.0,133.8,16.0,0.0,0.3,0.4,-14.6,7.6,29.8,7.6,2.0,46.0,16.0,0.0,0.3,0.4,-74.1,-31.3,11.4,-31.3,2.0,88.6,16.0,0.0,0.3,0.4,-9.8,4.8,19.4,4.8,2.0,30.3,16.0,0.0,0.3,0.4,-18.7,-6.3,6.1,-6.3,2.0,25.7,16.0,0.0,0.3,0.4,-2.0,2.8,7.7,2.8,2.0,10.1,16.0,0.0,0.3,0.4,44.0,101.5,158.5,101.5,2.0,118.5,16.0,0.0,0.3,0.4,45.0,100.0,160.0,100.0,2.0,120.0,16.0,0.0,0.3,0.4
1974,2,243.0,6.0,26.1,26.1,26.1,26.1,1.0,0.0,24.0,0.0,1.0,0.9,27.0,27.0,27.0,27.0,1.0,0.0,24.0,0.0,1.0,0.9,17.67,17.67,17.67,17.67,1.0,0.0,24.0,0.0,1.0,0.9,79.2,79.2,79.2,79.2,1.0,0.0,24.0,0.0,0.9,7.2,7.2,7.2,7.2,1.0,0.0,24.0,0.0,1.0,0.9,-7.09,-7.09,-7.09,-7.09,1.0,0.0,24.0,0.0,1.0,0.9,-1.25,-1.25,-1.25,-1.25,1.0,0.0,24.0,0.0,1.0,0.9,1010.1,1010.1,1010.1,1010.1,1.0,0.0,24.0,0.0,1.0,0.9,2.0,2.0,2.0,2.0,1.0,0.0,24.0,0.0,1.0,0.9,-51.1,-51.1,-51.1,-51.1,1.0,0.0,24.0,0.0,1.0,0.9,-9.0,-9.0,-9.0,-9.0,1.0,0.0,24.0,0.0,1.0,0.9,-0.9,-0.9,-0.9,-0.9,1.0,0.0,24.0,0.0,1.0,0.9,-6.5,-6.5,-6.5,-6.5,1.0,0.0,24.0,0.0,1.0,0.9,3.52,3.52,3.52,3.52,1.0,0.0,24.0,0.0,1.0,0.9,25.4,25.4,25.4,25.4,1.0,0.0,24.0,0.0,1.0,0.9,-191.4,-191.4,-191.4,-191.4,1.0,0.0,24.0,0.0,1.0,0.9,-33.8,-33.8,-33.8,-33.8,1.0,0.0,24.0,0.0,1.0,0.9,-125.3,-125.3,-125.3,-125.3,1.0,0.0,24.0,0.0,1.0,0.9,-22.1,-22.1,-22.1,-22.1,1.0,0.0,24.0,0.0,1.0,0.9,-25.0,-25.0,-25.0,-25.0,1.0,0.0,24.0,0.0,1.0,0.9,-4.4,-4.4,-4.4,-4.4,1.0,0.0,24.0,0.0,1.0,0.9,373.0,373.0,373.0,373.0,1.0,0.0,24.0,0.0,1.0,0.9,375.0,375.0,375.0,375.0,1.0,0.0,24.0,0.0,1.0,0.9
1974,2,243.0,7.0,,,,,,,,,,,,,,,,,,,,,,,,,,,,,,,,,,,,,,,,3.1,3.1,3.1,3.1,1.0,0.0,28.0,1.0,1.0,0.7,-1.55,-1.55,-1.55,-1.55,1.0,0.0,28.0,1.0,1.0,0.7,-2.68,-2.68,-2.68,-2.68,1.0,0.0,28.0,1.0,1.0,0.7,1009.1,1009.1,1009.1,1009.1,1.0,0.0,28.0,1.0,1.0,0.7,,,,,,,,,,,,,,,,,,,,,,,,,,,,,,,,,,,,,,,,,,,,,,,,,,,,,,,,,,,,,,,,,,,,,,,,,,,,,,,,,,,,,,,,,,,,,,,,,,,,,,,,,,,,,,,,,,,,,,,,,,,,,,,,,,,,,,,,,,,,,,,,,,,,,,
1974,2,243.0,8.0,26.91,27.35,27.79,27.35,2.0,0.92,10.0,1.0,0.3,0.2,26.0,26.0,26.82,26.4,3.0,0.69,16.0,0.7,0.3,0.3,16.41,16.98,17.55,16.98,2.0,1.19,10.0,1.0,0.3,0.2,77.5,78.2,78.9,78.2,2.0,1.5,10.0,1.0,0.2,7.77,9.0,10.23,9.0,2.0,2.55,10.0,1.0,0.3,0.2,-7.84,-6.89,-5.95,-6.89,2.0,1.95,10.0,1.0,0.3,0.2,-6.57,-5.79,-5.0,-5.79,2.0,1.64,10.0,1.0,0.3,0.2,1010.21,1013.9,1014.31,1012.3,3.0,3.3,16.0,0.7,0.3,0.3,2.3,5.0,5.7,4.0,3.0,2.6,16.0,0.7,0.3,0.3,-81.5,-64.5,-47.6,-64.5,2.0,35.1,10.0,1.0,0.3,0.2,-68.4,-54.1,-39.9,-54.1,2.0,29.5,10.0,1.0,0.3,0.2,-0.1,0.75,1.6,0.75,2.0,1.77,10.0,1.0,0.3,0.2,0.4,9.0,17.6,9.0,2.0,17.8,10.0,1.0,0.3,0.2,4.61,5.78,6.94,5.78,2.0,2.42,10.0,1.0,0.3,0.2,37.5,55.1,72.7,55.1,2.0,36.5,10.0,1.0,0.3,0.2,-204.8,-182.6,-160.4,-182.6,2.0,46.0,10.0,1.0,0.3,0.2,-171.8,-153.2,-134.6,-153.2,2.0,38.6,10.0,1.0,0.3,0.2,-127.9,-115.9,-103.9,-115.9,2.0,24.9,10.0,1.0,0.3,0.2,-107.4,-97.3,-87.2,-97.3,2.0,20.9,10.0,1.0,0.3,0.2,-55.7,-42.2,-28.7,-42.2,2.0,28.0,10.0,1.0,0.3,0.2,-46.7,-35.4,-24.1,-35.4,2.0,23.5,10.0,1.0,0.3,0.2,514.0,816.5,1119.0,816.5,2.0,627.0,10.0,1.0,0.3,0.2,515.0,815.0,1120.0,815.0,2.0,625.0,10.0,1.0,0.3,0.2
1974,2,243.0,11.0,26.2,26.2,26.2,26.2,1.0,0.0,20.0,1.0,0.8,0.9,26.0,26.0,26.0,26.0,1.0,0.0,20.0,1.0,0.8,0.9,13.7,13.7,13.7,13.7,1.0,0.0,20.0,1.0,0.8,0.9,65.3,65.3,65.3,65.3,1.0,0.0,20.0,1.0,0.9,7.7,7.7,7.7,7.7,1.0,0.0,20.0,1.0,0.8,0.9,-5.9,-5.9,-5.9,-5.9,1.0,0.0,20.0,1.0,0.8,0.9,-4.95,-4.95,-4.95,-4.95,1.0,0.0,20.0,1.0,0.8,0.9,1010.2,1010.2,1010.2,1010.2,1.0,0.0,20.0,1.0,0.8,0.9,4.0,4.0,4.0,4.0,1.0,0.0,20.0,1.0,0.8,0.9,-45.4,-45.4,-45.4,-45.4,1.0,0.0,20.0,1.0,0.8,0.9,-38.1,-38.1,-38.1,-38.1,1.0,0.0,20.0,1.0,0.8,0.9,0.2,0.2,0.2,0.2,1.0,0.0,20.0,1.0,0.8,0.9,1.5,1.5,1.5,1.5,1.0,0.0,20.0,1.0,0.8,0.9,7.62,7.62,7.62,7.62,1.0,0.0,20.0,1.0,0.8,0.9,58.7,58.7,58.7,58.7,1.0,0.0,20.0,1.0,0.8,0.9,-153.4,-153.4,-153.4,-153.4,1.0,0.0,20.0,1.0,0.8,0.9,-128.7,-128.7,-128.7,-128.7,1.0,0.0,20.0,1.0,0.8,0.9,-80.8,-80.8,-80.8,-80.8,1.0,0.0,20.0,1.0,0.8,0.9,-67.8,-67.8,-67.8,-67.8,1.0,0.0,20.0,1.0,0.8,0.9,-44.9,-44.9,-44.9,-44.9,1.0,0.0,20.0,1.0,0.8,0.9,-37.7,-37.7,-37.7,-37.7,1.0,0.0,20.0,1.0,0.8,0.9,456.5,456.5,456.5,456.5,1.0,0.0,20.0,1.0,0.8,0.9,455.0,455.0,455.0,455.0,1.0,0.0,20.0,1.0,0.8,0.9
1974,2,243.0,12.0,25.75,25.9,26.05,25.9,4.0,0.18,18.0,0.8,0.4,0.4,24.82,25.1,26.11,25.44,5.0,0.96,18.0,0.6,0.5,0.4,14.09,14.57,14.92,14.51,4.0,0.64,16.0,0.5,0.6,0.3,70.2,74.9,76.3,73.3,4.0,4.4,16.0,0.5,0.3,6.7,7.2,7.96,7.33,4.0,0.75,16.0,0.5,0.6,0.3,-5.14,-3.83,-3.06,-4.09,4.0,1.36,16.0,0.5,0.6,0.3,-6.8,-5.47,-5.04,-5.9,4.0,1.26,16.0,0.5,0.6,0.3,1010.29,1010.9,1012.18,1011.18,5.0,1.03,18.0,0.6,0.5,0.4,3.0,6.0,7.4,5.4,5.0,2.3,18.0,0.6,0.5,0.4,-37.5,-25.9,-22.7,-29.9,4.0,10.7,16.0,0.5,0.6,0.3,-51.6,-38.5,-36.2,-43.6,4.0,13.2,16.0,0.5,0.6,0.3,-0.48,0.55,1.16,0.35,4.0,1.03,18.0,0.8,0.4,0.4,2.7,6.7,9.4,6.0,3.0,5.0,16.0,0.7,0.5,0.3,6.04,6.23,6.74,6.39,3.0,0.53,16.0,0.7,0.5,0.3,43.4,51.0,52.9,48.2,3.0,7.3,16.0,0.7,0.5,0.3,-130.6,-95.9,-75.9,-102.9,4.0,35.9,16.0,0.5,0.6,0.3,-168.0,-136.9,-127.7,-147.3,4.0,28.8,16.0,0.5,0.6,0.3,-73.5,-57.2,-44.6,-59.0,4.0,17.8,16.0,0.5,0.6,0.3,-99.1,-81.3,-72.7,-85.7,4.0,19.1,16.0,0.5,0.6,0.3,-36.2,-25.6,-20.1,-28.1,3.0,12.0,16.0,0.7,0.5,0.3,-43.7,-34.5,-31.8,-37.7,3.0,9.1,16.0,0.7,0.5,0.3,301.0,378.5,506.0,402.5,4.0,123.5,16.0,0.5,0.6,0.3,300.0,380.0,505.0,400.0,4.0,125.0,16.0,0.5,0.6,0.3
1974,2,243.0,13.0,24.74,25.25,25.76,25.25,4.0,0.65,12.0,0.3,0.7,0.3,24.9,25.05,25.62,25.25,4.0,0.58,12.0,0.3,0.7,0.3,16.27,17.11,18.12,17.19,4.0,1.2,12.0,0.3,0.7,0.3,80.2,85.0,91.6,85.8,4.0,6.9,12.0,0.3,0.3,6.44,7.2,7.7,7.08,4.0,0.75,12.0,0.3,0.7,0.3,-5.05,-4.85,-4.28,-4.67,4.0,0.57,12.0,0.3,0.7,0.3,-6.3,-5.1,-4.14,-5.21,4.0,1.28,12.0,0.3,0.7,0.3,1011.51,1013.5,1014.44,1013.0,4.0,2.28,12.0,0.3,0.7,0.3,1.5,3.0,6.1,3.8,4.0,3.1,12.0,0.3,0.7,0.3,-36.3,-32.0,-29.5,-32.9,4.0,4.2,12.0,0.3,0.7,0.3,-48.5,-37.1,-26.7,-37.6,4.0,12.8,12.0,0.3,0.7,0.3,-0.81,-0.05,0.82,0.0,4.0,1.01,12.0,0.3,0.7,0.3,-6.0,-0.4,6.0,0.0,4.0,7.6,12.0,0.3,0.7,0.3,1.66,2.39,4.17,2.89,4.0,1.64,12.0,0.3,0.7,0.3,10.7,17.6,32.1,21.2,4.0,13.7,12.0,0.3,0.7,0.3,-128.8,-123.8,-106.8,-118.0,4.0,15.7,12.0,0.3,0.7,0.3,-159.9,-130.8,-103.7,-131.8,4.0,32.7,12.0,0.3,0.7,0.3,-89.3,-85.8,-71.4,-80.6,4.0,13.4,12.0,0.3,0.7,0.3,-102.4,-87.0,-74.9,-88.6,4.0,16.0,12.0,0.3,0.7,0.3,-17.7,-12.0,-8.2,-12.9,4.0,5.7,12.0,0.3,0.7,0.3,-26.7,-12.8,-6.9,-16.6,4.0,12.9,12.0,0.3,0.7,0.3,268.0,378.5,456.5,363.0,4.0,111.0,12.0,0.3,0.7,0.3,270.0,380.0,455.0,365.0,4.0,110.0,12.0,0.3,0.7,0.3
1974,2,243.0,14.0,25.48,26.0,26.02,25.78,6.0,0.42,16.0,0.5,0.7,0.3,23.95,24.7,25.12,24.53,6.0,0.9,16.0,0.5,0.7,0.3,14.44,16.07,16.59,15.55,5.0,1.67,16.0,0.6,0.6,0.4,74.8,79.5,91.2,81.8,5.0,9.7,16.0,0.6,0.4,4.79,7.7,8.84,7.27,6.0,2.67,16.0,0.5,0.7,0.3,-7.9,-4.71,-1.38,-4.59,6.0,3.55,16.0,0.5,0.7,0.3,-7.35,-4.32,-2.7,-4.79,6.0,2.26,16.0,0.5,0.7,0.3,1013.2,1014.5,1016.98,1015.17,6.0,2.53,16.0,0.5,0.7,0.3,3.0,4.5,6.2,4.7,6.0,1.6,16.0,0.5,0.7,0.3,-70.3,-30.6,-7.1,-38.5,6.0,38.6,16.0,0.5,0.7,0.3,-64.0,-27.0,-20.0,-37.8,6.0,27.4,16.0,0.5,0.7,0.3,0.48,1.05,2.05,1.25,6.0,1.04,16.0,0.5,0.7,0.3,5.4,8.3,9.5,7.2,6.0,3.8,16.0,0.5,0.7,0.3,3.59,4.94,6.55,5.09,5.0,2.09,16.0,0.6,0.6,0.4,24.2,32.5,42.3,32.6,5.0,10.4,16.0,0.6,0.6,0.4,-196.5,-117.1,-33.5,-113.4,6.0,88.9,16.0,0.5,0.7,0.3,-180.4,-107.3,-66.6,-117.9,6.0,56.4,16.0,0.5,0.7,0.3,-123.2,-44.3,-14.2,-64.8,5.0,62.2,16.0,0.6,0.6,0.4,-120.9,-62.4,-52.6,-81.0,5.0,38.8,16.0,0.6,0.6,0.4,-23.9,-14.3,-8.6,-15.5,5.0,10.5,16.0,0.6,0.6,0.4,-40.7,-18.0,-14.5,-25.6,5.0,14.5,16.0,0.6,0.6,0.4,115.0,456.5,735.5,514.5,6.0,497.0,16.0,0.5,0.7,0.3,115.0,455.0,735.0,515.0,6.0,495.0,16.0,0.5,0.7,0.3
1974,2,243.0,15.0,24.0,24.2,25.76,24.85,4.0,1.45,18.0,0.8,0.4,0.5,22.31,23.9,24.0,23.2,5.0,1.25,16.0,0.8,0.4,0.5,12.55,14.49,15.02,13.87,5.0,1.7,16.0,0.8,0.4,0.5,74.8,78.3,81.1,78.1,5.0,4.4,16.0,0.8,0.5,7.7,8.7,10.3,8.94,5.0,1.31,16.0,0.8,0.4,0.5,-7.11,-6.62,-4.1,-5.75,5.0,2.03,16.0,0.8,0.4,0.5,-7.47,-6.62,-5.79,-6.65,5.0,0.94,16.0,0.8,0.4,0.5,1012.63,1013.0,1014.28,1013.5,5.0,1.73,16.0,0.8,0.4,0.5,4.0,7.0,7.0,5.8,5.0,1.6,16.0,0.8,0.4,0.5,-73.0,-58.0,-31.6,-53.2,5.0,24.2,16.0,0.8,0.4,0.5,-73.0,-55.7,-47.5,-59.8,5.0,14.8,16.0,0.8,0.4,0.5,0.48,2.0,3.16,1.83,4.0,1.59,18.0,0.8,0.4,0.5,4.9,17.9,25.8,15.5,4.0,12.6,18.0,0.8,0.4,0.5,4.64,5.96,7.27,5.96,4.0,1.65,18.0,0.8,0.4,0.5,42.3,56.1,59.1,51.0,4.0,13.4,18.0,0.8,0.4,0.5,-170.4,-152.3,-95.7,-135.0,5.0,50.9,16.0,0.8,0.4,0.5,-166.7,-152.7,-138.9,-153.6,5.0,18.2,16.0,0.8,0.4,0.5,-108.5,-88.2,-56.3,-81.9,5.0,33.6,16.0,0.8,0.4,0.5,-99.9,-87.6,-83.9,-91.3,5.0,9.7,16.0,0.8,0.4,0.5,-39.8,-27.9,-20.4,-30.0,4.0,11.7,18.0,0.8,0.4,0.5,-49.7,-39.4,-30.2,-39.9,4.0,13.6,18.0,0.8,0.4,0.5,456.5,658.5,1092.5,751.5,5.0,322.5,16.0,0.8,0.4,0.5,455.0,660.0,1095.0,750.0,5.0,320.0,16.0,0.8,0.4,0.5
1974,2,243.0,16.0,23.72,24.4,25.15,24.43,3.0,1.05,8.0,1.0,0.7,0.3,22.06,22.2,24.11,23.07,3.0,1.68,8.0,1.0,0.7,0.3,12.01,13.63,14.27,13.15,3.0,1.7,8.0,1.0,0.7,0.3,70.5,74.2,79.6,75.0,3.0,6.7,8.0,1.0,0.3,5.24,5.55,5.86,5.55,2.0,0.64,6.0,1.0,0.6,0.2,-4.36,-3.42,-2.49,-3.42,2.0,1.94,6.0,1.0,0.6,0.2,-5.02,-3.69,-2.36,-3.69,2.0,2.75,6.0,1.0,0.6,0.2,1015.1,1015.3,1017.14,1016.1,3.0,1.65,8.0,1.0,0.7,0.3,1.0,1.0,2.4,1.7,3.0,1.2,8.0,1.0,0.7,0.3,-22.5,-18.4,-14.2,-18.4,2.0,8.6,6.0,1.0,0.6,0.2,-29.9,-21.4,-12.9,-21.4,2.0,17.6,6.0,1.0,0.6,0.2,-0.33,2.4,3.01,1.37,3.0,2.61,8.0,1.0,0.7,0.3,-4.6,3.1,10.8,3.1,2.0,16.0,6.0,1.0,0.6,0.2,4.38,6.71,7.43,5.92,3.0,2.34,8.0,1.0,0.7,0.3,21.5,31.7,41.9,31.7,2.0,21.1,6.0,1.0,0.6,0.2,-108.0,-82.5,-57.0,-82.5,2.0,52.8,6.0,1.0,0.6,0.2,-111.3,-83.8,-56.4,-83.8,2.0,56.9,6.0,1.0,0.6,0.2,-62.4,-46.4,-30.5,-46.4,2.0,33.0,6.0,1.0,0.6,0.2,-57.4,-44.4,-31.4,-44.4,2.0,26.9,6.0,1.0,0.6,0.2,-15.9,-15.9,-15.8,-15.9,2.0,0.1,6.0,1.0,0.6,0.2,-37.8,-24.8,-11.8,-24.8,2.0,26.9,6.0,1.0,0.6,0.2,146.0,174.5,203.0,174.5,2.0,59.0,6.0,1.0,0.6,0.2,145.0,175.0,205.0,175.0,2.0,60.0,6.0,1.0,0.6,0.2
1974,2,243.0,17.0,23.71,24.0,24.0,23.82,6.0,0.4,20.0,0.7,0.5,0.2,20.48,21.4,22.0,21.23,6.0,0.8,20.0,0.7,0.5,0.2,10.13,11.73,13.11,11.6,6.0,1.81,20.0,0.7,0.5,0.2,66.5,73.8,82.6,74.2,6.0,10.2,20.0,0.7,0.2,4.58,6.45,7.7,6.0,6.0,1.93,20.0,0.7,0.5,0.2,-4.44,-3.31,-2.3,-3.34,6.0,1.25,20.0,0.7,0.5,0.2,-6.17,-4.96,-3.95,-4.78,6.0,2.12,20.0,0.7,0.5,0.2,1014.71,1017.25,1018.79,1016.92,6.0,2.26,20.0,0.7,0.5,0.2,6.0,6.5,7.2,6.7,6.0,0.8,20.0,0.7,0.5,0.2,-30.8,-22.5,-8.4,-21.2,6.0,12.1,20.0,0.7,0.5,0.2,-47.5,-31.9,-19.9,-32.0,6.0,18.4,20.0,0.7,0.5,0.2,1.79,2.6,3.44,2.58,6.0,1.04,20.0,0.7,0.5,0.2,8.2,14.1,21.6,14.8,6.0,7.0,20.0,0.7,0.5,0.2,5.47,6.26,8.36,6.73,6.0,1.78,20.0,0.7,0.5,0.2,28.2,38.6,48.5,38.2,6.0,10.2,20.0,0.7,0.5,0.2,-97.0,-68.8,-47.7,-70.9,6.0,26.6,20.0,0.7,0.5,0.2,-132.6,-108.0,-79.2,-102.3,6.0,46.9,20.0,0.7,0.5,0.2,-52.3,-37.0,-22.3,-39.2,6.0,17.9,20.0,0.7,0.5,0.2,-83.6,-59.5,-41.0,-58.0,6.0,28.8,20.0,0.7,0.5,0.2,-28.0,-23.0,-15.1,-21.9,6.0,7.8,20.0,0.7,0.5,0.2,-39.7,-29.7,-23.2,-29.7,6.0,12.5,20.0,0.7,0.5,0.2,109.0,269.5,456.5,267.0,6.0,175.5,20.0,0.7,0.5,0.2,110.0,270.0,455.0,265.0,6.0,175.0,20.0,0.7,0.5,0.2
1974,2,243.0,18.0,22.09,23.0,24.0,22.86,7.0,1.45,14.0,0.6,0.4,0.3,19.56,21.7,22.0,20.92,9.0,1.87,16.0,0.7,0.5,0.3,10.19,11.17,13.36,11.98,6.0,2.75,16.0,0.7,0.5,0.3,72.9,77.2,82.8,78.2,6.0,10.2,16.0,0.7,0.3,4.23,7.7,10.17,7.26,9.0,2.76,16.0,0.7,0.5,0.3,-4.83,-3.52,-0.38,-3.18,9.0,3.01,16.0,0.7,0.5,0.3,-8.37,-5.15,-3.18,-5.87,9.0,2.77,16.0,0.7,0.5,0.3,1013.91,1015.45,1017.22,1015.34,8.0,1.8,14.0,0.6,0.4,0.3,3.5,7.0,8.0,5.9,9.0,2.3,16.0,0.7,0.5,0.3,-46.7,-16.2,-1.5,-25.1,9.0,31.4,16.0,0.7,0.5,0.3,-80.9,-53.0,-14.2,-48.3,9.0,35.2,16.0,0.7,0.5,0.3,0.55,2.0,4.05,2.24,7.0,1.99,14.0,0.6,0.4,0.3,5.2,8.2,32.8,15.3,7.0,15.1,14.0,0.6,0.4,0.3,3.13,6.57,6.92,5.19,6.0,2.71,16.0,0.7,0.5,0.3,20.6,37.6,56.0,36.6,6.0,22.1,16.0,0.7,0.5,0.3,-104.4,-70.5,-8.3,-66.8,9.0,59.1,16.0,0.7,0.5,0.3,-180.9,-99.9,-71.9,-122.0,9.0,58.9,16.0,0.7,0.5,0.3,-62.7,-42.9,-11.1,-39.9,6.0,36.2,16.0,0.7,0.5,0.3,-77.4,-54.4,-44.7,-59.6,6.0,21.1,16.0,0.7,0.5,0.3,-32.5,-17.9,1.5,-15.6,6.0,18.2,16.0,0.7,0.5,0.3,-53.5,-23.4,-16.0,-29.3,6.0,21.1,16.0,0.7,0.5,0.3,76.5,456.5,1052.0,528.5,9.0,454.5,16.0,0.7,0.5,0.3,75.0,455.0,1050.0,530.0,9.0,455.0,16.0,0.7,0.5,0.3
1974,2,243.0,19.0,20.32,21.0,21.0,20.67,3.0,0.58,16.0,1.0,0.7,0.5,19.48,21.0,22.52,21.0,4.0,1.83,18.0,0.8,0.8,0.4,10.29,12.29,12.94,11.63,3.0,2.03,16.0,1.0,0.7,0.5,70.7,75.1,75.9,73.3,3.0,4.1,16.0,1.0,0.5,3.31,4.1,4.62,3.98,4.0,1.03,18.0,0.8,0.8,0.4,-2.44,-0.89,-0.42,-1.41,4.0,1.68,18.0,0.8,0.8,0.4,-4.58,-3.27,-1.9,-3.24,4.0,1.63,18.0,0.8,0.8,0.4,1014.54,1018.0,1019.0,1016.83,4.0,3.16,18.0,0.8,0.8,0.4,2.0,3.5,6.6,4.3,4.0,2.9,18.0,0.8,0.8,0.4,-10.4,-3.4,-1.1,-5.7,4.0,7.0,18.0,0.8,0.8,0.4,-21.4,-11.6,-6.0,-13.6,4.0,9.5,18.0,0.8,0.8,0.4,-2.0,-2.0,0.73,-0.67,3.0,2.31,16.0,1.0,0.7,0.5,-9.6,-8.2,3.0,-3.4,3.0,10.1,16.0,1.0,0.7,0.5,2.16,2.19,4.89,3.49,3.0,2.29,16.0,1.0,0.7,0.5,9.6,11.2,20.7,15.0,3.0,8.8,16.0,1.0,0.7,0.5,-55.7,-18.6,-8.5,-31.5,4.0,39.1,18.0,0.8,0.8,0.4,-95.0,-63.4,-40.2,-67.4,4.0,34.4,18.0,0.8,0.8,0.4,-38.3,-10.9,-3.5,-20.6,3.0,26.9,16.0,1.0,0.7,0.5,-54.3,-38.3,-24.8,-39.6,3.0,21.6,16.0,1.0,0.7,0.5,-6.3,-1.9,-0.6,-3.4,3.0,4.3,16.0,1.0,0.7,0.5,-20.7,-11.0,-5.5,-13.1,3.0,11.2,16.0,1.0,0.7,0.5,42.0,69.0,102.5,72.0,4.0,47.0,18.0,0.8,0.8,0.4,40.0,70.0,100.0,70.0,4.0,45.0,18.0,0.8,0.8,0.4
1974,2,243.0,20.0,17.63,19.0,19.68,18.67,3.0,1.53,24.0,0.7,0.8,0.5,19.66,20.0,20.0,19.83,3.0,0.29,24.0,0.7,0.8,0.5,9.43,10.39,12.31,10.86,3.0,2.14,24.0,0.7,0.8,0.5,66.2,74.3,85.7,75.9,3.0,14.4,24.0,0.7,0.5,4.93,6.7,7.72,6.33,3.0,2.07,24.0,0.7,0.8,0.5,-3.8,-3.14,-2.56,-3.18,3.0,0.9,24.0,0.7,0.8,0.5,-6.85,-6.3,-3.8,-5.34,3.0,2.38,24.0,0.7,0.8,0.5,1016.63,1018.0,1018.68,1017.67,3.0,1.53,24.0,0.7,0.8,0.5,2.3,5.0,6.4,4.3,3.0,3.1,24.0,0.7,0.8,0.5,-27.8,-15.4,-13.7,-20.6,3.0,11.3,24.0,0.7,0.8,0.5,-53.1,-42.2,-20.8,-37.1,3.0,24.1,24.0,0.7,0.8,0.5,-2.21,-0.5,-0.16,-1.17,3.0,1.61,24.0,0.7,0.8,0.5,-9.5,-3.3,-1.1,-5.2,3.0,6.4,24.0,0.7,0.8,0.5,0.2,3.2,4.75,2.49,3.0,3.39,24.0,0.7,0.8,0.5,3.4,21.4,37.4,20.5,3.0,24.9,24.0,0.7,0.8,0.5,-75.9,-62.8,-50.4,-63.2,3.0,18.7,24.0,0.7,0.8,0.5,-135.9,-122.8,-74.9,-105.8,3.0,47.0,24.0,0.7,0.8,0.5,-40.0,-36.9,-28.0,-34.0,3.0,9.1,24.0,0.7,0.8,0.5,-64.9,-63.8,-44.0,-54.7,3.0,17.3,24.0,0.7,0.8,0.5,-17.6,-7.3,0.2,-8.7,3.0,13.1,24.0,0.7,0.8,0.5,-32.9,-20.2,-4.2,-18.6,3.0,21.0,24.0,0.7,0.8,0.5,142.5,301.0,472.0,307.0,3.0,241.5,24.0,0.7,0.8,0.5,145.0,300.0,470.0,305.0,3.0,240.0,24.0,0.7,0.8,0.5
1974,2,243.0,21.0,19.25,20.0,20.68,19.97,3.0,1.05,10.0,0.3,0.8,0.5,17.11,18.0,18.82,17.97,3.0,1.25,10.0,0.3,0.8,0.5,8.94,9.69,9.82,9.39,3.0,0.7,10.0,0.3,0.8,0.5,71.4,73.3,76.1,73.7,3.0,3.5,10.0,0.3,0.5,2.92,3.6,8.51,5.67,3.0,4.47,10.0,0.3,0.8,0.5,-0.57,-0.45,3.54,1.44,3.0,3.43,10.0,0.3,0.8,0.5,-7.51,-3.55,-2.87,-5.15,3.0,3.67,10.0,0.3,0.8,0.5,1015.8,1015.8,1017.23,1016.5,3.0,1.21,10.0,0.3,0.8,0.5,4.0,4.0,6.7,5.3,3.0,2.3,10.0,0.3,0.8,0.5,-1.9,-1.2,39.4,18.3,3.0,34.7,10.0,0.3,0.8,0.5,-73.0,-12.8,-8.6,-40.1,3.0,52.8,10.0,0.3,0.8,0.5,1.24,2.2,2.75,2.0,3.0,1.11,10.0,0.3,0.8,0.5,4.8,10.8,19.6,12.2,3.0,10.9,10.0,0.3,0.8,0.5,4.84,4.92,5.35,5.09,3.0,0.4,10.0,0.3,0.8,0.5,14.9,20.0,42.6,28.5,3.0,21.6,10.0,0.3,0.8,0.5,-10.4,-8.7,58.8,23.4,3.0,57.8,10.0,0.3,0.8,0.5,-126.9,-63.8,-53.8,-89.7,3.0,58.0,10.0,0.3,0.8,0.5,-5.6,-4.4,30.3,11.9,3.0,29.8,10.0,0.3,0.8,0.5,-66.0,-35.0,-28.1,-46.7,3.0,29.6,10.0,0.3,0.8,0.5,-3.1,-2.2,17.4,7.0,3.0,17.0,10.0,0.3,0.8,0.5,-37.6,-19.7,-14.7,-26.0,3.0,17.7,10.0,0.3,0.8,0.5,27.0,46.5,874.5,441.5,3.0,709.0,10.0,0.3,0.8,0.5,25.0,45.0,875.0,440.0,3.0,710.0,10.0,0.3,0.8,0.5
1974,2,243.0,22.0,16.73,17.25,19.49,17.95,8.0,1.43,20.0,0.5,0.8,0.5,16.68,17.0,19.73,18.29,7.0,2.9,18.0,0.4,0.8,0.5,8.87,9.84,10.63,9.73,6.0,1.15,18.0,0.3,0.8,0.4,73.8,78.8,89.3,80.0,6.0,8.5,18.0,0.3,0.4,2.77,4.6,7.59,5.2,8.0,2.29,20.0,0.5,0.8,0.5,-3.1,-1.59,-0.76,-1.81,8.0,2.1,20.0,0.5,0.8,0.5,-6.42,-3.97,-2.2,-4.49,8.0,2.23,20.0,0.5,0.8,0.5,1016.1,1017.5,1019.91,1017.89,8.0,1.85,20.0,0.5,0.8,0.5,3.0,5.5,7.0,5.0,8.0,2.4,20.0,0.5,0.8,0.5,-16.3,-6.1,-3.1,-11.1,8.0,15.4,20.0,0.5,0.8,0.5,-43.5,-18.2,-6.4,-27.4,8.0,23.6,20.0,0.5,0.8,0.5,-2.9,0.5,2.51,-0.2,7.0,2.77,18.0,0.4,0.8,0.5,-11.5,4.4,10.8,2.2,7.0,11.9,18.0,0.4,0.8,0.5,2.42,3.31,3.5,2.94,6.0,0.9,18.0,0.3,0.8,0.4,12.1,18.4,27.0,18.4,6.0,8.5,18.0,0.3,0.8,0.4,-56.8,-25.7,-10.6,-32.0,7.0,39.0,18.0,0.4,0.8,0.5,-108.7,-75.1,-64.4,-85.0,7.0,32.1,18.0,0.4,0.8,0.5,-33.5,-12.2,-3.2,-17.6,6.0,25.3,18.0,0.3,0.8,0.4,-64.5,-48.2,-38.6,-51.2,6.0,16.5,18.0,0.3,0.8,0.4,-13.6,-4.0,-1.6,-6.9,6.0,8.0,18.0,0.3,0.8,0.4,-20.0,-15.7,-11.8,-15.9,6.0,7.5,18.0,0.3,0.8,0.4,23.5,101.0,439.5,215.0,8.0,236.0,20.0,0.5,0.8,0.5,25.0,100.0,440.0,215.0,8.0,235.0,20.0,0.5,0.8,0.5
1974,2,243.0,23.0,17.11,18.4,19.0,18.14,15.0,0.98,12.0,0.7,0.4,0.4,15.82,16.5,19.0,17.09,17.0,1.53,12.0,0.7,0.4,0.4,7.82,9.02,9.82,9.15,15.0,1.56,10.0,0.7,0.4,0.4,68.8,74.3,83.5,76.5,15.0,9.2,10.0,0.7,0.4,4.37,6.7,9.99,7.04,17.0,2.77,12.0,0.7,0.4,0.4,-2.36,0.0,0.92,-0.77,17.0,2.32,12.0,0.7,0.4,0.4,-9.92,-6.28,-4.3,-6.66,17.0,2.65,12.0,0.7,0.4,0.4,1017.95,1019.2,1020.96,1019.11,17.0,1.68,12.0,0.7,0.4,0.4,1.0,5.0,7.0,4.3,16.0,2.7,12.0,0.7,0.4,0.4,-13.5,0.0,3.5,-7.4,17.0,22.2,12.0,0.7,0.4,0.4,-100.4,-44.2,-18.9,-53.6,17.0,40.0,12.0,0.7,0.4,0.4,0.11,1.5,2.5,1.3,15.0,1.61,12.0,0.7,0.4,0.4,0.9,9.3,16.9,10.3,15.0,10.6,12.0,0.7,0.4,0.4,2.66,4.18,4.95,3.65,14.0,1.53,10.0,0.6,0.4,0.4,11.6,22.5,42.3,25.9,14.0,17.9,10.0,0.6,0.4,0.4,-42.3,0.0,15.7,-12.8,17.0,39.4,12.0,0.7,0.4,0.4,-165.0,-99.0,-73.7,-113.8,17.0,46.8,12.0,0.7,0.4,0.4,-17.2,0.0,9.8,-5.6,15.0,19.9,10.0,0.7,0.4,0.4,-87.0,-48.7,-35.2,-58.9,15.0,25.6,10.0,0.7,0.4,0.4,-5.9,-0.7,3.0,-3.9,14.0,11.1,10.0,0.6,0.4,0.4,-42.2,-22.1,-10.9,-24.3,14.0,16.3,10.0,0.6,0.4,0.4,84.0,301.0,1014.0,507.5,17.0,540.0,12.0,0.7,0.4,0.4,85.0,300.0,1015.0,505.0,17.0,540.0,12.0,0.7,0.4,0.4
1974,2,243.0,25.0,,,,,,,,,,,,,,,,,,,,,,,,,,,,,,,,,,,,,,,,3.0,3.0,3.0,3.0,2.0,0.0,26.0,1.0,0.4,0.5,0.6,0.77,0.95,0.77,2.0,0.36,26.0,1.0,0.4,0.5,-2.93,-2.89,-2.84,-2.89,2.0,0.1,26.0,1.0,0.4,0.5,1021.9,1021.9,1022.92,1022.4,3.0,0.87,26.0,1.0,0.5,0.6,,,,,,,,,,,,,,,,,,,,,,,,,,,,,,,,,,,,,,,,,,,,,,,,,,,,,,,,,,,,,,,,,,,,,,,,,,,,,,,,,,,,,,,,,,,,,,,,,,,,,,,,,,,,,,,,,,,,,,,,,,,,,,,,,,,,,,,,,,,,,,,,,,,,,,
1974,2,243.0,26.0,15.61,15.85,16.09,15.85,2.0,0.49,18.0,0.5,0.6,0.6,14.85,15.6,16.35,15.6,2.0,1.56,18.0,0.5,0.6,0.6,7.19,8.01,8.84,8.01,2.0,1.7,18.0,0.5,0.6,0.6,63.5,74.5,85.6,74.5,2.0,22.9,18.0,0.5,0.6,7.86,8.2,8.54,8.2,2.0,0.71,18.0,0.5,0.6,0.6,-4.09,-0.87,2.35,-0.87,2.0,6.68,18.0,0.5,0.6,0.6,-6.67,-6.67,-6.67,-6.67,2.0,0.0,18.0,0.5,0.6,0.6,1020.42,1021.1,1021.78,1021.1,2.0,1.41,18.0,0.5,0.6,0.6,2.2,2.5,2.8,2.5,2.0,0.7,18.0,0.5,0.6,0.6,-36.2,-9.5,17.2,-9.5,2.0,55.4,18.0,0.5,0.6,0.6,-56.9,-54.7,-52.4,-54.7,2.0,4.7,18.0,0.5,0.6,0.6,-0.74,0.25,1.24,0.25,2.0,2.05,18.0,0.5,0.6,0.6,-6.7,1.3,9.4,1.3,2.0,16.6,18.0,0.5,0.6,0.6,2.43,3.08,3.72,3.08,2.0,1.34,18.0,0.5,0.6,0.6,19.4,25.7,32.0,25.7,2.0,13.1,18.0,0.5,0.6,0.6,-69.7,-18.8,32.1,-18.8,2.0,105.5,18.0,0.5,0.6,0.6,-109.0,-104.0,-99.0,-104.0,2.0,10.3,18.0,0.5,0.6,0.6,-26.4,-1.3,23.8,-1.3,2.0,52.0,18.0,0.5,0.6,0.6,-58.9,-53.4,-47.9,-53.4,2.0,11.4,18.0,0.5,0.6,0.6,-17.6,-7.1,3.3,-7.1,2.0,21.7,18.0,0.5,0.6,0.6,-24.8,-20.5,-16.2,-20.5,2.0,8.9,18.0,0.5,0.6,0.6,488.5,557.5,626.5,557.5,2.0,143.0,18.0,0.5,0.6,0.6,490.0,560.0,625.0,560.0,2.0,145.0,18.0,0.5,0.6,0.6
1974,2,243.0,27.0,14.82,15.6,17.27,16.16,5.0,2.2,18.0,0.4,0.5,0.3,14.83,15.8,16.48,15.64,5.0,1.07,18.0,0.4,0.5,0.3,6.45,6.66,6.81,6.63,3.0,0.27,12.0,0.7,0.5,0.2,58.3,58.4,59.0,58.6,3.0,0.5,12.0,0.7,0.2,3.37,5.1,10.29,6.52,5.0,4.04,18.0,0.4,0.5,0.3,-0.96,0.0,3.5,1.26,5.0,4.02,18.0,0.4,0.5,0.3,-7.57,-4.65,-2.76,-5.38,5.0,3.88,18.0,0.4,0.5,0.3,1016.96,1018.6,1021.65,1019.18,5.0,2.4,18.0,0.4,0.5,0.3,0.0,2.0,3.5,2.0,5.0,2.4,18.0,0.4,0.5,0.3,-3.9,0.0,30.2,13.7,5.0,34.7,18.0,0.4,0.5,0.3,-80.0,-25.6,-9.8,-46.0,5.0,56.7,18.0,0.4,0.5,0.3,-0.63,-0.1,1.67,0.52,5.0,1.88,18.0,0.4,0.5,0.3,-3.0,-0.2,16.4,6.6,5.0,16.1,18.0,0.4,0.5,0.3,4.1,4.19,6.67,5.36,3.0,2.14,12.0,0.7,0.5,0.2,18.3,20.7,56.3,36.9,3.0,31.1,12.0,0.7,0.5,0.2,-14.7,0.0,57.4,21.2,5.0,64.9,18.0,0.4,0.5,0.3,-114.9,-75.8,-42.6,-81.9,5.0,52.4,18.0,0.4,0.5,0.3,-9.5,6.1,38.5,14.3,3.0,35.9,12.0,0.7,0.5,0.2,-33.4,-31.0,-23.4,-28.5,3.0,7.6,12.0,0.7,0.5,0.2,-6.4,3.6,44.2,18.5,3.0,39.2,12.0,0.7,0.5,0.2,-31.3,-20.4,-15.4,-23.3,3.0,11.9,12.0,0.7,0.5,0.2,47.0,132.5,1141.5,548.5,5.0,733.0,18.0,0.4,0.5,0.3,45.0,135.0,1140.0,550.0,5.0,735.0,18.0,0.4,0.5,0.3
1974,2,243.0,28.0,13.9,15.0,15.6,15.07,26.0,1.55,14.0,0.6,0.8,0.5,14.0,15.0,17.31,15.42,29.0,1.94,14.0,0.6,0.8,0.5,7.11,8.57,9.48,8.32,24.0,1.29,12.0,0.5,0.8,0.5,70.2,78.2,87.2,76.9,24.0,10.7,12.0,0.5,0.5,3.1,5.1,9.69,5.87,29.0,2.83,14.0,0.6,0.8,0.5,-0.49,1.95,3.63,1.54,29.0,2.65,14.0,0.6,0.8,0.5,-9.05,-3.91,-2.02,-4.93,29.0,3.01,14.0,0.6,0.8,0.5,1015.0,1019.0,1021.33,1018.15,29.0,3.2,14.0,0.6,0.8,0.5,0.0,3.5,7.0,3.7,28.0,2.9,14.0,0.6,0.8,0.5,-1.8,6.2,22.6,8.8,29.0,20.3,14.0,0.6,0.8,0.5,-88.9,-24.4,-6.3,-36.8,29.0,37.0,14.0,0.6,0.8,0.5,-2.3,0.05,1.6,-0.25,26.0,2.32,14.0,0.6,0.8,0.5,-7.7,0.5,13.2,0.9,26.0,11.2,14.0,0.6,0.8,0.5,1.06,1.98,3.32,2.3,24.0,1.51,12.0,0.5,0.8,0.5,3.7,10.4,30.5,14.4,24.0,12.6,12.0,0.5,0.8,0.5,-7.0,29.5,60.5,24.4,29.0,39.0,14.0,0.6,0.8,0.5,-127.6,-71.8,-32.5,-73.2,29.0,40.2,14.0,0.6,0.8,0.5,-2.2,18.7,30.7,16.0,24.0,19.2,12.0,0.5,0.8,0.5,-63.6,-30.1,-17.8,-36.1,24.0,20.5,12.0,0.5,0.8,0.5,-0.4,3.5,12.3,3.5,24.0,9.2,12.0,0.5,0.8,0.5,-24.9,-7.6,-3.0,-12.1,24.0,11.2,12.0,0.5,0.8,0.5,30.0,132.5,913.0,349.0,29.0,422.5,14.0,0.6,0.8,0.5,30.0,135.0,915.0,350.0,29.0,420.0,14.0,0.6,0.8,0.5
1974,2,243.0,29.0,14.0,15.0,16.0,15.02,51.0,1.12,14.0,0.6,0.6,0.4,13.9,15.0,17.19,15.45,58.0,1.84,14.0,0.7,0.6,0.4,6.61,8.66,9.53,8.16,51.0,1.58,14.0,0.6,0.6,0.4,64.3,80.2,87.8,75.6,51.0,13.2,14.0,0.6,0.4,2.88,5.1,9.73,6.47,55.0,3.5,14.0,0.7,0.6,0.4,1.08,3.28,5.93,3.36,55.0,2.81,14.0,0.7,0.6,0.4,-8.16,-4.75,-1.91,-5.0,55.0,3.16,14.0,0.7,0.6,0.4,1015.61,1019.0,1021.5,1018.59,58.0,3.4,14.0,0.7,0.6,0.4,0.0,2.0,7.0,3.2,56.0,2.9,14.0,0.6,0.6,0.4,1.5,20.3,54.1,29.0,55.0,34.3,14.0,0.7,0.6,0.4,-74.9,-24.4,-5.5,-42.6,55.0,42.7,14.0,0.7,0.6,0.4,-2.3,0.0,1.54,-0.23,51.0,2.05,14.0,0.6,0.6,0.4,-13.8,0.0,15.5,0.0,48.0,15.6,14.0,0.6,0.6,0.4,0.7,1.84,4.53,2.4,47.0,1.87,14.0,0.6,0.6,0.4,2.4,9.2,29.3,14.0,46.0,14.2,14.0,0.6,0.6,0.4,16.3,51.0,90.4,50.7,55.0,40.7,14.0,0.7,0.6,0.4,-131.1,-74.2,-32.0,-76.0,55.0,46.3,14.0,0.7,0.6,0.4,8.5,28.7,43.9,27.6,50.0,21.0,14.0,0.7,0.6,0.4,-66.0,-37.8,-14.9,-39.0,50.0,25.6,14.0,0.7,0.6,0.4,-0.6,4.9,17.1,6.8,46.0,9.8,14.0,0.6,0.6,0.4,-22.6,-5.8,-0.5,-10.4,46.0,12.2,14.0,0.6,0.6,0.4,24.5,132.5,928.5,521.5,55.0,730.0,14.0,0.7,0.6,0.4,25.0,135.0,930.0,520.0,55.0,730.0,14.0,0.7,0.6,0.4
1974,2,243.0,30.0,13.0,14.4,15.0,14.2,33.0,1.07,12.0,0.4,0.4,0.4,13.3,14.0,15.0,14.17,34.0,1.43,12.0,0.4,0.4,0.4,7.21,8.09,9.42,8.17,29.0,1.16,10.0,0.4,0.3,0.4,71.8,82.1,91.2,81.2,29.0,9.7,10.0,0.4,0.4,2.1,5.65,8.08,5.37,34.0,2.99,12.0,0.4,0.4,0.4,0.12,2.59,6.03,2.88,34.0,2.82,12.0,0.4,0.4,0.4,-6.49,-3.73,0.0,-3.64,34.0,2.91,12.0,0.4,0.4,0.4,1018.0,1018.95,1022.37,1019.46,34.0,2.62,12.0,0.4,0.4,0.4,0.0,1.0,6.9,2.8,33.0,3.0,12.0,0.5,0.4,0.4,0.2,13.1,56.8,21.9,34.0,24.7,12.0,0.4,0.4,0.4,-50.7,-21.2,0.0,-26.5,34.0,25.7,12.0,0.4,0.4,0.4,-1.47,0.0,1.68,0.02,33.0,1.76,12.0,0.4,0.4,0.4,-6.1,0.0,7.9,0.3,33.0,10.2,12.0,0.4,0.4,0.4,0.2,1.99,2.96,1.79,28.0,1.38,12.0,0.4,0.3,0.4,0.0,5.2,21.1,9.1,28.0,10.0,12.0,0.4,0.3,0.4,1.9,36.3,83.4,40.4,34.0,38.3,12.0,0.4,0.4,0.4,-91.9,-53.3,0.0,-51.8,34.0,41.3,12.0,0.4,0.4,0.4,0.0,16.5,37.5,19.4,29.0,22.3,10.0,0.4,0.3,0.4,-49.6,-26.9,0.0,-26.1,29.0,23.5,10.0,0.4,0.3,0.4,-0.9,2.3,13.9,5.3,28.0,7.9,12.0,0.4,0.3,0.4,-15.5,-2.1,1.4,-5.3,28.0,8.1,12.0,0.4,0.3,0.4,9.5,185.5,529.0,291.5,34.0,322.0,12.0,0.4,0.4,0.4,10.0,185.0,530.0,290.0,34.0,320.0,12.0,0.4,0.4,0.4
1974,2,243.0,31.0,13.19,13.7,15.05,14.1,4.0,1.33,14.0,0.8,0.3,0.3,12.93,14.0,17.38,14.87,6.0,3.1,12.0,0.5,0.2,0.3,7.19,8.01,8.68,7.99,6.0,1.16,12.0,0.5,0.2,0.3,67.3,78.2,85.2,76.9,6.0,9.6,12.0,0.5,0.3,2.6,3.6,5.74,4.28,6.0,2.15,12.0,0.5,0.2,0.3,-1.82,0.13,3.9,0.96,6.0,3.4,12.0,0.5,0.2,0.3,-4.19,-1.99,2.38,-1.22,6.0,3.49,12.0,0.5,0.2,0.3,1016.9,1020.3,1023.59,1020.63,6.0,3.91,12.0,0.5,0.2,0.3,0.0,1.0,3.8,2.0,5.0,2.9,14.0,0.6,0.2,0.3,-6.1,0.0,23.9,9.2,6.0,22.6,12.0,0.5,0.2,0.3,-24.7,-5.7,7.4,-8.9,6.0,20.6,12.0,0.5,0.2,0.3,-3.67,-2.4,0.81,-1.47,4.0,3.1,14.0,0.8,0.3,0.3,-14.7,-11.3,-0.2,-7.6,4.0,11.4,14.0,0.8,0.3,0.3,1.28,1.72,2.85,2.05,4.0,1.08,14.0,0.8,0.3,0.3,6.5,10.2,10.8,8.7,4.0,3.5,14.0,0.8,0.3,0.3,-27.8,1.9,62.2,15.0,6.0,50.2,12.0,0.5,0.2,0.3,-67.6,-24.5,42.3,-16.5,6.0,52.8,12.0,0.5,0.2,0.3,-15.2,0.8,29.8,7.5,6.0,26.9,12.0,0.5,0.2,0.3,-31.8,-14.2,22.2,-8.0,6.0,28.6,12.0,0.5,0.2,0.3,-5.5,2.3,7.2,0.9,4.0,7.7,14.0,0.8,0.3,0.3,-7.6,-6.7,-1.6,-4.7,4.0,5.0,14.0,0.8,0.3,0.3,17.5,49.5,219.0,136.5,6.0,208.0,12.0,0.5,0.2,0.3,20.0,50.0,220.0,135.0,6.0,210.0,12.0,0.5,0.2,0.3
1974,2,244.0,-70.0,0.9,0.9,0.9,0.9,1.0,0.0,22.0,1.0,0.1,0.6,-1.0,-1.0,-1.0,-1.0,1.0,0.0,22.0,1.0,0.1,0.6,2.84,2.84,2.84,2.84,1.0,0.0,22.0,1.0,0.1,0.6,77.7,77.7,77.7,77.7,1.0,0.0,22.0,1.0,0.6,6.7,6.7,6.7,6.7,1.0,0.0,22.0,1.0,0.1,0.6,5.13,5.13,5.13,5.13,1.0,0.0,22.0,1.0,0.1,0.6,-4.31,-4.31,-4.31,-4.31,1.0,0.0,22.0,1.0,0.1,0.6,972.8,972.8,972.8,972.8,1.0,0.0,22.0,1.0,0.1,0.6,6.0,6.0,6.0,6.0,1.0,0.0,22.0,1.0,0.1,0.6,34.4,34.4,34.4,34.4,1.0,0.0,22.0,1.0,0.1,0.6,-28.9,-28.9,-28.9,-28.9,1.0,0.0,22.0,1.0,0.1,0.6,1.9,1.9,1.9,1.9,1.0,0.0,22.0,1.0,0.1,0.6,12.7,12.7,12.7,12.7,1.0,0.0,22.0,1.0,0.1,0.6,1.36,1.36,1.36,1.36,1.0,0.0,22.0,1.0,0.1,0.6,9.1,9.1,9.1,9.1,1.0,0.0,22.0,1.0,0.1,0.6,-5.1,-5.1,-5.1,-5.1,1.0,0.0,22.0,1.0,0.1,0.6,4.3,4.3,4.3,4.3,1.0,0.0,22.0,1.0,0.1,0.6,14.6,14.6,14.6,14.6,1.0,0.0,22.0,1.0,0.1,0.6,-12.2,-12.2,-12.2,-12.2,1.0,0.0,22.0,1.0,0.1,0.6,7.0,7.0,7.0,7.0,1.0,0.0,22.0,1.0,0.1,0.6,-5.9,-5.9,-5.9,-5.9,1.0,0.0,22.0,1.0,0.1,0.6,301.0,301.0,301.0,301.0,1.0,0.0,22.0,1.0,0.1,0.6,300.0,300.0,300.0,300.0,1.0,0.0,22.0,1.0,0.1,0.6
1974,2,244.0,-38.0,20.5,20.5,20.5,20.5,1.0,0.0,28.0,0.0,0.6,0.9,17.5,17.5,17.5,17.5,1.0,0.0,28.0,0.0,0.6,0.9,9.44,9.44,9.44,9.44,1.0,0.0,28.0,0.0,0.6,0.9,77.4,77.4,77.4,77.4,1.0,0.0,28.0,0.0,0.9,5.1,5.1,5.1,5.1,1.0,0.0,28.0,0.0,0.6,0.9,-4.79,-4.79,-4.79,-4.79,1.0,0.0,28.0,0.0,0.6,0.9,-1.74,-1.74,-1.74,-1.74,1.0,0.0,28.0,0.0,0.6,0.9,1029.8,1029.8,1029.8,1029.8,1.0,0.0,28.0,0.0,0.6,0.9,3.0,3.0,3.0,3.0,1.0,0.0,28.0,0.0,0.6,0.9,-24.4,-24.4,-24.4,-24.4,1.0,0.0,28.0,0.0,0.6,0.9,-8.9,-8.9,-8.9,-8.9,1.0,0.0,28.0,0.0,0.6,0.9,3.0,3.0,3.0,3.0,1.0,0.0,28.0,0.0,0.6,0.9,15.3,15.3,15.3,15.3,1.0,0.0,28.0,0.0,0.6,0.9,5.32,5.32,5.32,5.32,1.0,0.0,28.0,0.0,0.6,0.9,27.1,27.1,27.1,27.1,1.0,0.0,28.0,0.0,0.6,0.9,-83.9,-83.9,-83.9,-83.9,1.0,0.0,28.0,0.0,0.6,0.9,-30.5,-30.5,-30.5,-30.5,1.0,0.0,28.0,0.0,0.6,0.9,-45.2,-45.2,-45.2,-45.2,1.0,0.0,28.0,0.0,0.6,0.9,-16.5,-16.5,-16.5,-16.5,1.0,0.0,28.0,0.0,0.6,0.9,-25.5,-25.5,-25.5,-25.5,1.0,0.0,28.0,0.0,0.6,0.9,-9.3,-9.3,-9.3,-9.3,1.0,0.0,28.0,0.0,0.6,0.9,132.5,132.5,132.5,132.5,1.0,0.0,28.0,0.0,0.6,0.9,135.0,135.0,135.0,135.0,1.0,0.0,28.0,0.0,0.6,0.9
1974,2,244.0,-34.0,,,,,,,,,,,,,,,,,,,,,,,,,,,,,,,,,,,,,,,,1.0,1.0,1.0,1.0,1.0,0.0,20.0,0.0,0.3,0.3,-0.17,-0.17,-0.17,-0.17,1.0,0.0,20.0,0.0,0.3,0.3,-0.98,-0.98,-0.98,-0.98,1.0,0.0,20.0,0.0,0.3,0.3,1012.0,1012.0,1012.0,1012.0,1.0,0.0,20.0,0.0,0.3,0.3,,,,,,,,,,,,,,,,,,,,,,,,,,,,,,,,,,,,,,,,,,,,,,,,,,,,,,,,,,,,,,,,,,,,,,,,,,,,,,,,,,,,,,,,,,,,,,,,,,,,,,,,,,,,,,,,,,,,,,,,,,,,,,,,,,,,,,,,,,,,,,,,,,,,,,
1974,2,244.0,-28.0,,,,,,,,,,,,,,,,,,,,,,,,,,,,,,,,,,,,,,,,3.6,3.6,3.6,3.6,1.0,0.0,24.0,1.0,0.7,0.7,2.76,2.76,2.76,2.76,1.0,0.0,24.0,1.0,0.7,0.7,-2.31,-2.31,-2.31,-2.31,1.0,0.0,24.0,1.0,0.7,0.7,1021.9,1021.9,1021.9,1021.9,1.0,0.0,24.0,1.0,0.7,0.7,2.0,2.0,2.0,2.0,1.0,0.0,24.0,1.0,0.7,0.7,9.9,9.9,9.9,9.9,1.0,0.0,24.0,1.0,0.7,0.7,-8.3,-8.3,-8.3,-8.3,1.0,0.0,24.0,1.0,0.7,0.7,,,,,,,,,,,,,,,,,,,,,,,,,,,,,,,,,,,,,,,,,70.3,70.3,70.3,70.3,1.0,0.0,24.0,1.0,0.7,0.7,-59.0,-59.0,-59.0,-59.0,1.0,0.0,24.0,1.0,0.7,0.7,41.3,41.3,41.3,41.3,1.0,0.0,24.0,1.0,0.7,0.7,-34.6,-34.6,-34.6,-34.6,1.0,0.0,24.0,1.0,0.7,0.7,,,,,,,,,,,,,,,,,,,,,,,,,,,,,,,,,,,,,,,,
1974,2,244.0,-27.0,24.0,24.0,24.0,24.0,1.0,0.0,24.0,0.0,0.9,0.3,24.0,24.0,24.0,24.0,1.0,0.0,24.0,0.0,0.9,0.3,12.8,12.8,12.8,12.8,1.0,0.0,24.0,0.0,0.9,0.3,69.6,69.6,69.6,69.6,1.0,0.0,24.0,0.0,0.3,0.0,0.0,0.0,0.0,1.0,0.0,24.0,0.0,0.9,0.3,0.0,0.0,0.0,0.0,1.0,0.0,24.0,0.0,0.9,0.3,0.0,0.0,0.0,0.0,1.0,0.0,24.0,0.0,0.9,0.3,1021.5,1021.5,1021.5,1021.5,1.0,0.0,24.0,0.0,0.9,0.3,0.0,0.0,0.0,0.0,1.0,0.0,24.0,0.0,0.9,0.3,0.0,0.0,0.0,0.0,1.0,0.0,24.0,0.0,0.9,0.3,0.0,0.0,0.0,0.0,1.0,0.0,24.0,0.0,0.9,0.3,0.0,0.0,0.0,0.0,1.0,0.0,24.0,0.0,0.9,0.3,0.0,0.0,0.0,0.0,1.0,0.0,24.0,0.0,0.9,0.3,5.66,5.66,5.66,5.66,1.0,0.0,24.0,0.0,0.9,0.3,0.0,0.0,0.0,0.0,1.0,0.0,24.0,0.0,0.9,0.3,0.0,0.0,0.0,0.0,1.0,0.0,24.0,0.0,0.9,0.3,0.0,0.0,0.0,0.0,1.0,0.0,24.0,0.0,0.9,0.3,0.0,0.0,0.0,0.0,1.0,0.0,24.0,0.0,0.9,0.3,0.0,0.0,0.0,0.0,1.0,0.0,24.0,0.0,0.9,0.3,0.0,0.0,0.0,0.0,1.0,0.0,24.0,0.0,0.9,0.3,0.0,0.0,0.0,0.0,1.0,0.0,24.0,0.0,0.9,0.3,0.0,0.0,0.0,0.0,1.0,0.0,24.0,0.0,0.9,0.3,0.0,0.0,0.0,0.0,1.0,0.0,24.0,0.0,0.9,0.3
1974,2,244.0,-26.0,25.7,25.7,25.7,25.7,1.0,0.0,2.0,0.0,0.7,1.0,24.1,24.1,24.1,24.1,1.0,0.0,2.0,0.0,0.7,1.0,15.71,15.71,15.71,15.71,1.0,0.0,2.0,0.0,0.7,1.0,84.4,84.4,84.4,84.4,1.0,0.0,2.0,0.0,1.0,6.2,6.2,6.2,6.2,1.0,0.0,2.0,0.0,0.7,1.0,-3.1,-3.1,-3.1,-3.1,1.0,0.0,2.0,0.0,0.7,1.0,5.37,5.37,5.37,5.37,1.0,0.0,2.0,0.0,0.7,1.0,1016.9,1016.9,1016.9,1016.9,1.0,0.0,2.0,0.0,0.7,1.0,1.0,1.0,1.0,1.0,1.0,0.0,2.0,0.0,0.7,1.0,-19.2,-19.2,-19.2,-19.2,1.0,0.0,2.0,0.0,0.7,1.0,33.3,33.3,33.3,33.3,1.0,0.0,2.0,0.0,0.7,1.0,1.6,1.6,1.6,1.6,1.0,0.0,2.0,0.0,0.7,1.0,9.9,9.9,9.9,9.9,1.0,0.0,2.0,0.0,0.7,1.0,4.84,4.84,4.84,4.84,1.0,0.0,2.0,0.0,0.7,1.0,30.0,30.0,30.0,30.0,1.0,0.0,2.0,0.0,0.7,1.0,-74.7,-74.7,-74.7,-74.7,1.0,0.0,2.0,0.0,0.7,1.0,129.4,129.4,129.4,129.4,1.0,0.0,2.0,0.0,0.7,1.0,-48.7,-48.7,-48.7,-48.7,1.0,0.0,2.0,0.0,0.7,1.0,84.3,84.3,84.3,84.3,1.0,0.0,2.0,0.0,0.7,1.0,-15.0,-15.0,-15.0,-15.0,1.0,0.0,2.0,0.0,0.7,1.0,26.0,26.0,26.0,26.0,1.0,0.0,2.0,0.0,0.7,1.0,238.5,238.5,238.5,238.5,1.0,0.0,2.0,0.0,0.7,1.0,240.0,240.0,240.0,240.0,1.0,0.0,2.0,0.0,0.7,1.0
1974,2,244.0,-25.0,25.2,25.2,25.2,25.2,1.0,0.0,16.0,1.0,0.5,0.7,24.5,24.5,24.5,24.5,1.0,0.0,16.0,1.0,0.5,0.7,14.16,14.16,14.16,14.16,1.0,0.0,16.0,1.0,0.5,0.7,74.6,74.6,74.6,74.6,1.0,0.0,16.0,1.0,0.7,6.7,6.7,6.7,6.7,1.0,0.0,16.0,1.0,0.5,0.7,-6.7,-6.7,-6.7,-6.7,1.0,0.0,16.0,1.0,0.5,0.7,0.0,0.0,0.0,0.0,1.0,0.0,16.0,1.0,0.5,0.7,1021.2,1021.2,1021.2,1021.2,1.0,0.0,16.0,1.0,0.5,0.7,7.0,7.0,7.0,7.0,1.0,0.0,16.0,1.0,0.5,0.7,-44.9,-44.9,-44.9,-44.9,1.0,0.0,16.0,1.0,0.5,0.7,0.0,0.0,0.0,0.0,1.0,0.0,16.0,1.0,0.5,0.7,0.7,0.7,0.7,0.7,1.0,0.0,16.0,1.0,0.5,0.7,4.7,4.7,4.7,4.7,1.0,0.0,16.0,1.0,0.5,0.7,5.7,5.7,5.7,5.7,1.0,0.0,16.0,1.0,0.5,0.7,38.2,38.2,38.2,38.2,1.0,0.0,16.0,1.0,0.5,0.7,-164.1,-164.1,-164.1,-164.1,1.0,0.0,16.0,1.0,0.5,0.7,0.0,0.0,0.0,0.0,1.0,0.0,16.0,1.0,0.5,0.7,-94.9,-94.9,-94.9,-94.9,1.0,0.0,16.0,1.0,0.5,0.7,0.0,0.0,0.0,0.0,1.0,0.0,16.0,1.0,0.5,0.7,-38.2,-38.2,-38.2,-38.2,1.0,0.0,16.0,1.0,0.5,0.7,0.0,0.0,0.0,0.0,1.0,0.0,16.0,1.0,0.5,0.7,301.0,301.0,301.0,301.0,1.0,0.0,16.0,1.0,0.5,0.7,300.0,300.0,300.0,300.0,1.0,0.0,16.0,1.0,0.5,0.7
1974,2,244.0,-23.0,25.6,25.6,25.6,25.6,1.0,0.0,8.0,0.0,0.5,0.2,23.3,23.3,23.3,23.3,1.0,0.0,8.0,0.0,0.5,0.2,14.56,14.56,14.56,14.56,1.0,0.0,8.0,0.0,0.5,0.2,82.2,82.2,82.2,82.2,1.0,0.0,8.0,0.0,0.2,5.1,5.1,5.1,5.1,1.0,0.0,8.0,0.0,0.5,0.2,-4.79,-4.79,-4.79,-4.79,1.0,0.0,8.0,0.0,0.5,0.2,1.74,1.74,1.74,1.74,1.0,0.0,8.0,0.0,0.5,0.2,1018.3,1018.3,1018.3,1018.3,1.0,0.0,8.0,0.0,0.5,0.2,6.0,6.0,6.0,6.0,1.0,0.0,8.0,0.0,0.5,0.2,-24.4,-24.4,-24.4,-24.4,1.0,0.0,8.0,0.0,0.5,0.2,8.9,8.9,8.9,8.9,1.0,0.0,8.0,0.0,0.5,0.2,2.3,2.3,2.3,2.3,1.0,0.0,8.0,0.0,0.5,0.2,11.7,11.7,11.7,11.7,1.0,0.0,8.0,0.0,0.5,0.2,5.84,5.84,5.84,5.84,1.0,0.0,8.0,0.0,0.5,0.2,29.8,29.8,29.8,29.8,1.0,0.0,8.0,0.0,0.5,0.2,-111.7,-111.7,-111.7,-111.7,1.0,0.0,8.0,0.0,0.5,0.2,40.6,40.6,40.6,40.6,1.0,0.0,8.0,0.0,0.5,0.2,-69.8,-69.8,-69.8,-69.8,1.0,0.0,8.0,0.0,0.5,0.2,25.4,25.4,25.4,25.4,1.0,0.0,8.0,0.0,0.5,0.2,-28.0,-28.0,-28.0,-28.0,1.0,0.0,8.0,0.0,0.5,0.2,10.2,10.2,10.2,10.2,1.0,0.0,8.0,0.0,0.5,0.2,132.5,132.5,132.5,132.5,1.0,0.0,8.0,0.0,0.5,0.2,135.0,135.0,135.0,135.0,1.0,0.0,8.0,0.0,0.5,0.2
1974,2,244.0,-22.0,24.5,24.5,24.5,24.5,1.0,0.0,22.0,0.0,0.4,0.7,24.0,24.0,24.0,24.0,1.0,0.0,22.0,0.0,0.4,0.7,13.58,13.58,13.58,13.58,1.0,0.0,22.0,0.0,0.4,0.7,73.6,73.6,73.6,73.6,1.0,0.0,22.0,0.0,0.7,8.2,8.2,8.2,8.2,1.0,0.0,22.0,0.0,0.4,0.7,-8.08,-8.08,-8.08,-8.08,1.0,0.0,22.0,0.0,0.4,0.7,1.42,1.42,1.42,1.42,1.0,0.0,22.0,0.0,0.4,0.7,1019.0,1019.0,1019.0,1019.0,1.0,0.0,22.0,0.0,0.4,0.7,1.0,1.0,1.0,1.0,1.0,0.0,22.0,0.0,0.4,0.7,-66.2,-66.2,-66.2,-66.2,1.0,0.0,22.0,0.0,0.4,0.7,11.7,11.7,11.7,11.7,1.0,0.0,22.0,0.0,0.4,0.7,0.5,0.5,0.5,0.5,1.0,0.0,22.0,0.0,0.4,0.7,4.1,4.1,4.1,4.1,1.0,0.0,22.0,0.0,0.4,0.7,5.49,5.49,5.49,5.49,1.0,0.0,22.0,0.0,0.4,0.7,45.1,45.1,45.1,45.1,1.0,0.0,22.0,0.0,0.4,0.7,-193.8,-193.8,-193.8,-193.8,1.0,0.0,22.0,0.0,0.4,0.7,34.2,34.2,34.2,34.2,1.0,0.0,22.0,0.0,0.4,0.7,-109.6,-109.6,-109.6,-109.6,1.0,0.0,22.0,0.0,0.4,0.7,19.3,19.3,19.3,19.3,1.0,0.0,22.0,0.0,0.4,0.7,-44.4,-44.4,-44.4,-44.4,1.0,0.0,22.0,0.0,0.4,0.7,7.8,7.8,7.8,7.8,1.0,0.0,22.0,0.0,0.4,0.7,551.5,551.5,551.5,551.5,1.0,0.0,22.0,0.0,0.4,0.7,550.0,550.0,550.0,550.0,1.0,0.0,22.0,0.0,0.4,0.7
1974,2,244.0,-21.0,,,,,,,,,,,,,,,,,,,,,,,,,,,,,,,,,,,,,,,,12.9,12.9,12.9,12.9,1.0,0.0,20.0,0.0,0.5,0.1,-12.7,-12.7,-12.7,-12.7,1.0,0.0,20.0,0.0,0.5,0.1,2.24,2.24,2.24,2.24,1.0,0.0,20.0,0.0,0.5,0.1,1017.7,1017.7,1017.7,1017.7,1.0,0.0,20.0,0.0,0.5,0.1,7.0,7.0,7.0,7.0,1.0,0.0,20.0,0.0,0.5,0.1,-163.9,-163.9,-163.9,-163.9,1.0,0.0,20.0,0.0,0.5,0.1,28.9,28.9,28.9,28.9,1.0,0.0,20.0,0.0,0.5,0.1,,,,,,,,,,,,,,,,,,,,,,,,,,,,,,,,,,,,,,,,,-302.4,-302.4,-302.4,-302.4,1.0,0.0,20.0,0.0,0.5,0.1,53.3,53.3,53.3,53.3,1.0,0.0,20.0,0.0,0.5,0.1,-216.1,-216.1,-216.1,-216.1,1.0,0.0,20.0,0.0,0.5,0.1,38.1,38.1,38.1,38.1,1.0,0.0,20.0,0.0,0.5,0.1,,,,,,,,,,,,,,,,,,,,,,,,,,,,,,,,,,,,,,,,
1974,2,244.0,-20.0,,,,,,,,,,,,,,,,,,,,,,,,,,,,,,,,,,,,,,,,9.0,9.0,9.0,9.0,1.0,0.0,26.0,0.0,1.0,0.4,-8.46,-8.46,-8.46,-8.46,1.0,0.0,26.0,0.0,1.0,0.4,3.08,3.08,3.08,3.08,1.0,0.0,26.0,0.0,1.0,0.4,1021.9,1021.9,1021.9,1021.9,1.0,0.0,26.0,0.0,1.0,0.4,,,,,,,,,,,,,,,,,,,,,,,,,,,,,,,,,,,,,,,,,,,,,,,,,,,,,,,,,,,,,,,,,,,,,,,,,,,,,,,,,,,,,,,,,,,,,,,,,,,,,,,,,,,,,,,,,,,,,,,,,,,,,,,,,,,,,,,,,,,,,,,,,,,,,,
1974,2,244.0,-19.0,23.84,24.1,26.03,24.9,4.0,1.88,10.0,0.5,0.6,0.6,23.9,24.4,26.0,24.78,5.0,1.21,14.0,0.6,0.6,0.5,12.72,13.3,13.5,13.12,4.0,0.55,10.0,0.5,0.6,0.6,65.4,67.5,73.1,69.2,4.0,5.2,10.0,0.5,0.6,6.44,7.7,8.47,7.58,5.0,1.43,14.0,0.6,0.6,0.5,-8.12,-6.67,-5.36,-6.79,5.0,1.88,14.0,0.6,0.6,0.5,2.29,3.35,3.85,3.08,5.0,0.92,14.0,0.6,0.6,0.5,1015.76,1019.0,1019.62,1017.92,5.0,2.5,14.0,0.6,0.6,0.5,1.6,2.0,2.4,2.0,5.0,0.7,14.0,0.6,0.6,0.5,-69.9,-51.3,-34.7,-53.6,5.0,25.4,14.0,0.6,0.6,0.5,19.0,22.4,25.5,22.4,5.0,4.8,14.0,0.6,0.6,0.5,-0.5,0.3,1.37,0.43,4.0,1.11,10.0,0.5,0.6,0.6,-4.5,1.8,8.5,2.0,4.0,7.7,10.0,0.5,0.6,0.6,5.34,5.64,7.81,6.53,4.0,2.01,10.0,0.5,0.6,0.6,38.3,49.1,57.6,48.0,4.0,11.3,10.0,0.5,0.6,0.6,-205.1,-162.7,-129.1,-167.9,5.0,45.6,14.0,0.6,0.6,0.5,58.6,77.7,96.3,76.4,5.0,23.3,14.0,0.6,0.6,0.5,-104.1,-82.9,-69.8,-86.7,4.0,23.9,10.0,0.5,0.6,0.6,32.4,47.8,51.5,42.2,4.0,14.5,10.0,0.5,0.6,0.6,-50.8,-39.7,-33.2,-41.9,4.0,11.5,10.0,0.5,0.6,0.6,13.8,19.2,29.0,21.3,4.0,11.2,10.0,0.5,0.6,0.6,270.0,456.5,633.5,474.0,5.0,281.0,14.0,0.6,0.6,0.5,270.0,455.0,635.0,475.0,5.0,280.0,14.0,0.6,0.6,0.5
1974,2,244.0,-18.0,23.62,24.0,26.78,25.12,5.0,2.32,10.0,0.4,0.5,0.3,23.36,24.4,25.58,24.54,5.0,1.35,10.0,0.4,0.5,0.3,12.98,13.14,14.23,13.58,4.0,1.07,10.0,0.5,0.5,0.2,71.0,73.0,75.4,73.2,4.0,3.0,10.0,0.5,0.2,6.81,7.95,8.78,7.8,4.0,1.37,14.0,0.5,0.6,0.4,-8.48,-7.72,-6.59,-7.54,4.0,1.2,14.0,0.5,0.6,0.4,0.0,1.32,2.92,1.45,4.0,1.69,14.0,0.5,0.6,0.4,1013.41,1016.2,1016.87,1015.26,5.0,2.06,10.0,0.4,0.5,0.3,1.0,2.0,4.5,2.8,5.0,2.5,10.0,0.4,0.5,0.3,-74.6,-61.5,-45.4,-60.1,4.0,19.1,14.0,0.5,0.6,0.4,0.0,10.1,25.2,12.5,4.0,14.9,14.0,0.5,0.6,0.4,-0.22,0.5,1.26,0.58,5.0,1.12,10.0,0.4,0.5,0.3,-2.9,1.9,9.4,3.2,4.0,8.4,14.0,0.5,0.6,0.4,5.02,5.16,5.32,5.17,4.0,0.22,10.0,0.5,0.5,0.2,40.0,40.3,45.4,42.6,3.0,4.4,12.0,0.7,0.6,0.2,-202.7,-186.0,-169.7,-186.2,4.0,22.3,14.0,0.5,0.6,0.4,0.0,32.9,72.0,35.9,4.0,41.7,14.0,0.5,0.6,0.4,-113.5,-109.8,-106.9,-110.2,3.0,4.9,12.0,0.7,0.6,0.2,12.7,40.0,41.3,27.3,3.0,23.7,12.0,0.7,0.6,0.2,-43.4,-40.3,-38.4,-40.9,3.0,3.7,12.0,0.7,0.6,0.2,4.3,13.6,15.5,10.0,3.0,8.8,12.0,0.7,0.6,0.2,330.5,504.0,684.0,507.0,4.0,243.5,14.0,0.5,0.6,0.4,330.0,505.0,685.0,505.0,4.0,245.0,14.0,0.5,0.6,0.4
1974,2,244.0,-17.0,25.0,25.0,25.0,25.0,1.0,0.0,26.0,0.0,0.3,0.4,23.5,23.5,23.5,23.5,1.0,0.0,26.0,0.0,0.3,0.4,14.99,14.99,14.99,14.99,1.0,0.0,26.0,0.0,0.3,0.4,83.3,83.3,83.3,83.3,1.0,0.0,26.0,0.0,0.4,8.2,8.2,8.2,8.2,1.0,0.0,26.0,0.0,0.3,0.4,-8.2,-8.2,-8.2,-8.2,1.0,0.0,26.0,0.0,0.3,0.4,0.0,0.0,0.0,0.0,1.0,0.0,26.0,0.0,0.3,0.4,1013.8,1013.8,1013.8,1013.8,1.0,0.0,26.0,0.0,0.3,0.4,0.0,0.0,0.0,0.0,1.0,0.0,26.0,0.0,0.3,0.4,-67.2,-67.2,-67.2,-67.2,1.0,0.0,26.0,0.0,0.3,0.4,0.0,0.0,0.0,0.0,1.0,0.0,26.0,0.0,0.3,0.4,1.5,1.5,1.5,1.5,1.0,0.0,26.0,0.0,0.3,0.4,12.3,12.3,12.3,12.3,1.0,0.0,26.0,0.0,0.3,0.4,4.77,4.77,4.77,4.77,1.0,0.0,26.0,0.0,0.3,0.4,39.1,39.1,39.1,39.1,1.0,0.0,26.0,0.0,0.3,0.4,-192.7,-192.7,-192.7,-192.7,1.0,0.0,26.0,0.0,0.3,0.4,0.0,0.0,0.0,0.0,1.0,0.0,26.0,0.0,0.3,0.4,-122.9,-122.9,-122.9,-122.9,1.0,0.0,26.0,0.0,0.3,0.4,0.0,0.0,0.0,0.0,1.0,0.0,26.0,0.0,0.3,0.4,-39.1,-39.1,-39.1,-39.1,1.0,0.0,26.0,0.0,0.3,0.4,0.0,0.0,0.0,0.0,1.0,0.0,26.0,0.0,0.3,0.4,551.5,551.5,551.5,551.5,1.0,0.0,26.0,0.0,0.3,0.4,550.0,550.0,550.0,550.0,1.0,0.0,26.0,0.0,0.3,0.4
1974,2,244.0,-14.0,24.6,24.6,24.6,24.6,1.0,0.0,18.0,1.0,1.0,0.8,24.3,24.3,24.3,24.3,1.0,0.0,18.0,1.0,1.0,0.8,12.83,12.83,12.83,12.83,1.0,0.0,18.0,1.0,1.0,0.8,67.9,67.9,67.9,67.9,1.0,0.0,18.0,1.0,0.8,7.2,7.2,7.2,7.2,1.0,0.0,18.0,1.0,1.0,0.8,-6.77,-6.77,-6.77,-6.77,1.0,0.0,18.0,1.0,1.0,0.8,2.46,2.46,2.46,2.46,1.0,0.0,18.0,1.0,1.0,0.8,1012.7,1012.7,1012.7,1012.7,1.0,0.0,18.0,1.0,1.0,0.8,7.0,7.0,7.0,7.0,1.0,0.0,18.0,1.0,1.0,0.8,-48.7,-48.7,-48.7,-48.7,1.0,0.0,18.0,1.0,1.0,0.8,17.7,17.7,17.7,17.7,1.0,0.0,18.0,1.0,1.0,0.8,0.3,0.3,0.3,0.3,1.0,0.0,18.0,1.0,1.0,0.8,2.2,2.2,2.2,2.2,1.0,0.0,18.0,1.0,1.0,0.8,6.48,6.48,6.48,6.48,1.0,0.0,18.0,1.0,1.0,0.8,46.7,46.7,46.7,46.7,1.0,0.0,18.0,1.0,1.0,0.8,-164.4,-164.4,-164.4,-164.4,1.0,0.0,18.0,1.0,1.0,0.8,59.8,59.8,59.8,59.8,1.0,0.0,18.0,1.0,1.0,0.8,-86.8,-86.8,-86.8,-86.8,1.0,0.0,18.0,1.0,1.0,0.8,31.6,31.6,31.6,31.6,1.0,0.0,18.0,1.0,1.0,0.8,-43.9,-43.9,-43.9,-43.9,1.0,0.0,18.0,1.0,1.0,0.8,16.0,16.0,16.0,16.0,1.0,0.0,18.0,1.0,1.0,0.8,373.0,373.0,373.0,373.0,1.0,0.0,18.0,1.0,1.0,0.8,375.0,375.0,375.0,375.0,1.0,0.0,18.0,1.0,1.0,0.8
1974,2,244.0,-12.0,24.16,24.5,24.84,24.5,2.0,0.71,6.0,0.5,0.9,0.6,28.0,28.0,28.0,28.0,1.0,0.0,4.0,1.0,1.0,0.3,18.45,18.45,18.45,18.45,1.0,0.0,4.0,1.0,1.0,0.3,78.4,78.4,78.4,78.4,1.0,0.0,4.0,1.0,0.3,6.02,6.7,7.38,6.7,2.0,1.41,6.0,0.5,0.9,0.6,-6.98,-6.42,-5.87,-6.42,2.0,1.15,6.0,0.5,0.9,0.6,1.25,1.81,2.37,1.81,2.0,1.16,6.0,0.5,0.9,0.6,1013.02,1014.15,1015.28,1014.15,2.0,2.33,6.0,0.5,0.9,0.6,1.2,1.5,1.8,1.5,2.0,0.7,6.0,0.5,0.9,0.6,-52.0,-43.9,-35.8,-43.9,2.0,16.8,6.0,0.5,0.9,0.6,8.0,13.0,18.0,13.0,2.0,10.3,6.0,0.5,0.9,0.6,-3.0,-3.0,-3.0,-3.0,1.0,0.0,4.0,1.0,1.0,0.3,-23.1,-23.1,-23.1,-23.1,1.0,0.0,4.0,1.0,1.0,0.3,1.27,1.27,1.27,1.27,1.0,0.0,4.0,1.0,1.0,0.3,9.8,9.8,9.8,9.8,1.0,0.0,4.0,1.0,1.0,0.3,-202.6,-202.6,-202.6,-202.6,1.0,0.0,4.0,1.0,1.0,0.3,73.7,73.7,73.7,73.7,1.0,0.0,4.0,1.0,1.0,0.3,-133.5,-133.5,-133.5,-133.5,1.0,0.0,4.0,1.0,1.0,0.3,48.6,48.6,48.6,48.6,1.0,0.0,4.0,1.0,1.0,0.3,-9.2,-9.2,-9.2,-9.2,1.0,0.0,4.0,1.0,1.0,0.3,3.4,3.4,3.4,3.4,1.0,0.0,4.0,1.0,1.0,0.3,228.5,321.0,413.5,321.0,2.0,192.0,6.0,0.5,0.9,0.6,230.0,320.0,415.0,320.0,2.0,190.0,6.0,0.5,0.9,0.6
1974,2,244.0,-10.0,24.3,24.3,24.3,24.3,1.0,0.0,10.0,1.0,0.8,0.1,26.0,26.0,26.0,26.0,1.0,0.0,10.0,1.0,0.8,0.1,16.14,16.14,16.14,16.14,1.0,0.0,10.0,1.0,0.8,0.1,77.2,77.2,77.2,77.2,1.0,0.0,10.0,1.0,0.1,6.7,6.7,6.7,6.7,1.0,0.0,10.0,1.0,0.8,0.1,-5.8,-5.8,-5.8,-5.8,1.0,0.0,10.0,1.0,0.8,0.1,3.35,3.35,3.35,3.35,1.0,0.0,10.0,1.0,0.8,0.1,1014.6,1014.6,1014.6,1014.6,1.0,0.0,10.0,1.0,0.8,0.1,3.0,3.0,3.0,3.0,1.0,0.0,10.0,1.0,0.8,0.1,-38.9,-38.9,-38.9,-38.9,1.0,0.0,10.0,1.0,0.8,0.1,22.4,22.4,22.4,22.4,1.0,0.0,10.0,1.0,0.8,0.1,-1.7,-1.7,-1.7,-1.7,1.0,0.0,10.0,1.0,0.8,0.1,-11.4,-11.4,-11.4,-11.4,1.0,0.0,10.0,1.0,0.8,0.1,2.79,2.79,2.79,2.79,1.0,0.0,10.0,1.0,0.8,0.1,18.7,18.7,18.7,18.7,1.0,0.0,10.0,1.0,0.8,0.1,-150.9,-150.9,-150.9,-150.9,1.0,0.0,10.0,1.0,0.8,0.1,87.1,87.1,87.1,87.1,1.0,0.0,10.0,1.0,0.8,0.1,-93.6,-93.6,-93.6,-93.6,1.0,0.0,10.0,1.0,0.8,0.1,54.1,54.1,54.1,54.1,1.0,0.0,10.0,1.0,0.8,0.1,-16.2,-16.2,-16.2,-16.2,1.0,0.0,10.0,1.0,0.8,0.1,9.3,9.3,9.3,9.3,1.0,0.0,10.0,1.0,0.8,0.1,301.0,301.0,301.0,301.0,1.0,0.0,10.0,1.0,0.8,0.1,300.0,300.0,300.0,300.0,1.0,0.0,10.0,1.0,0.8,0.1
1974,2,244.0,-8.0,25.5,25.55,25.6,25.55,4.0,0.06,22.0,0.8,0.4,0.3,25.7,26.15,26.76,26.23,4.0,0.64,22.0,0.8,0.4,0.3,15.88,16.05,16.12,16.0,4.0,0.16,22.0,0.8,0.4,0.3,72.4,75.8,78.1,75.3,4.0,3.5,22.0,0.8,0.3,6.48,7.0,7.52,7.0,4.0,0.82,22.0,0.8,0.4,0.3,-7.46,-6.79,-6.09,-6.77,4.0,0.93,22.0,0.8,0.4,0.3,0.66,1.72,2.23,1.46,4.0,1.06,22.0,0.8,0.4,0.3,1009.86,1010.7,1011.75,1010.8,4.0,1.47,22.0,0.8,0.4,0.3,4.5,5.0,5.5,5.0,4.0,0.8,22.0,0.8,0.4,0.3,-56.3,-47.5,-39.6,-48.0,4.0,12.0,22.0,0.8,0.4,0.3,5.3,11.7,14.6,10.0,4.0,7.1,22.0,0.8,0.4,0.3,-1.16,-0.6,-0.2,-0.67,4.0,0.59,22.0,0.8,0.4,0.3,-8.6,-4.6,-1.3,-4.9,4.0,4.3,22.0,0.8,0.4,0.3,4.33,4.44,4.65,4.49,4.0,0.2,22.0,0.8,0.4,0.3,28.0,31.7,34.9,31.5,4.0,4.4,22.0,0.8,0.4,0.3,-199.4,-179.4,-156.4,-178.0,4.0,27.5,22.0,0.8,0.4,0.3,17.5,44.7,57.4,37.8,4.0,27.2,22.0,0.8,0.4,0.3,-118.6,-108.2,-98.1,-108.3,4.0,14.5,22.0,0.8,0.4,0.3,10.6,27.7,36.0,23.5,4.0,17.1,22.0,0.8,0.4,0.3,-34.6,-30.8,-26.3,-30.5,4.0,5.1,22.0,0.8,0.4,0.3,3.0,7.6,9.7,6.4,4.0,4.6,22.0,0.8,0.4,0.3,276.5,343.0,431.5,353.5,4.0,121.5,22.0,0.8,0.4,0.3,275.0,345.0,430.0,355.0,4.0,120.0,22.0,0.8,0.4,0.3
1974,2,244.0,-6.0,23.84,25.0,25.41,24.63,3.0,1.19,14.0,0.7,0.6,0.7,25.33,25.6,26.42,25.87,3.0,0.83,14.0,0.7,0.6,0.7,15.6,16.55,17.18,16.39,3.0,1.16,14.0,0.7,0.6,0.7,74.7,75.5,83.4,79.0,3.0,7.1,14.0,0.7,0.7,6.36,6.7,7.38,6.87,3.0,0.76,14.0,0.7,0.6,0.7,-6.68,-4.75,-3.79,-5.23,3.0,2.16,14.0,0.7,0.6,0.7,2.18,3.99,5.23,3.71,3.0,2.25,14.0,0.7,0.6,0.7,1010.89,1014.1,1014.71,1012.83,3.0,3.01,14.0,0.7,0.6,0.7,2.0,2.0,6.1,4.0,3.0,3.5,14.0,0.7,0.6,0.7,-49.2,-29.4,-24.7,-36.8,3.0,19.1,14.0,0.7,0.6,0.7,14.9,24.7,34.4,24.6,3.0,14.3,14.0,0.7,0.6,0.7,-2.14,-1.8,-0.3,-1.23,3.0,1.44,14.0,0.7,0.6,0.7,-15.6,-11.2,-1.7,-8.7,3.0,10.4,14.0,0.7,0.6,0.7,2.79,3.11,3.17,2.98,3.0,0.3,14.0,0.7,0.6,0.7,20.0,20.3,20.7,20.3,3.0,0.5,14.0,0.7,0.6,0.7,-172.9,-127.3,-98.0,-135.3,3.0,55.3,14.0,0.7,0.6,0.7,57.3,106.8,133.7,95.8,3.0,56.8,14.0,0.7,0.6,0.7,-103.4,-78.6,-64.9,-84.0,3.0,28.6,14.0,0.7,0.6,0.7,34.8,66.0,90.1,62.5,3.0,40.6,14.0,0.7,0.6,0.7,-18.5,-15.2,-11.9,-15.2,3.0,4.8,14.0,0.7,0.6,0.7,6.5,12.8,16.4,11.5,3.0,7.4,14.0,0.7,0.6,0.7,258.0,301.0,407.0,332.0,3.0,112.5,14.0,0.7,0.6,0.7,260.0,300.0,405.0,330.0,3.0,110.0,14.0,0.7,0.6,0.7
1974,2,244.0,-5.0,24.56,25.3,26.26,25.42,5.0,0.94,14.0,0.4,0.5,0.4,24.03,24.5,25.22,24.62,5.0,0.69,14.0,0.4,0.5,0.4,15.43,15.98,17.5,16.4,5.0,1.2,14.0,0.4,0.5,0.4,83.0,83.4,87.5,84.9,5.0,2.6,14.0,0.4,0.4,3.55,4.6,6.07,4.74,5.0,1.56,14.0,0.4,0.5,0.4,-3.68,-2.29,-1.78,-2.71,5.0,1.38,14.0,0.4,0.5,0.4,2.63,3.52,4.55,3.69,5.0,1.55,14.0,0.4,0.5,0.4,1011.99,1012.9,1013.45,1012.76,5.0,0.8,14.0,0.4,0.5,0.4,2.6,7.0,8.0,5.6,5.0,2.9,14.0,0.4,0.5,0.4,-20.0,-13.6,-6.6,-13.8,5.0,9.3,14.0,0.4,0.5,0.4,11.4,16.2,25.7,19.0,5.0,13.7,14.0,0.4,0.5,0.4,-0.05,0.6,1.77,0.8,5.0,0.97,14.0,0.4,0.5,0.4,-0.4,1.6,7.6,3.2,5.0,4.5,14.0,0.4,0.5,0.4,2.88,3.99,4.97,3.91,5.0,1.28,14.0,0.4,0.5,0.4,12.7,19.0,21.4,17.5,5.0,5.6,14.0,0.4,0.5,0.4,-89.4,-58.7,-43.9,-66.6,5.0,33.7,14.0,0.4,0.5,0.4,64.0,84.9,115.2,91.7,5.0,41.2,14.0,0.4,0.5,0.4,-58.1,-41.4,-29.6,-44.3,5.0,21.8,14.0,0.4,0.5,0.4,41.4,54.9,80.3,61.9,5.0,30.7,14.0,0.4,0.5,0.4,-16.2,-9.7,-5.0,-10.4,5.0,5.7,14.0,0.4,0.5,0.4,9.3,13.1,17.6,13.5,5.0,4.4,14.0,0.4,0.5,0.4,50.0,97.5,227.5,134.0,5.0,111.5,14.0,0.4,0.5,0.4,50.0,95.0,225.0,135.0,5.0,110.0,14.0,0.4,0.5,0.4
1974,2,244.0,-3.0,23.0,23.0,23.0,23.0,1.0,0.0,16.0,0.0,0.8,0.1,24.0,24.0,24.0,24.0,1.0,0.0,16.0,0.0,0.8,0.1,17.12,17.12,17.12,17.12,1.0,0.0,16.0,0.0,0.8,0.1,91.9,91.9,91.9,91.9,1.0,0.0,16.0,0.0,0.1,5.1,5.1,5.1,5.1,1.0,0.0,16.0,0.0,0.8,0.1,-3.28,-3.28,-3.28,-3.28,1.0,0.0,16.0,0.0,0.8,0.1,3.91,3.91,3.91,3.91,1.0,0.0,16.0,0.0,0.8,0.1,1011.1,1011.1,1011.1,1011.1,1.0,0.0,16.0,0.0,0.8,0.1,8.0,8.0,8.0,8.0,1.0,0.0,16.0,0.0,0.8,0.1,-16.7,-16.7,-16.7,-16.7,1.0,0.0,16.0,0.0,0.8,0.1,19.9,19.9,19.9,19.9,1.0,0.0,16.0,0.0,0.8,0.1,-1.0,-1.0,-1.0,-1.0,1.0,0.0,16.0,0.0,0.8,0.1,-5.1,-5.1,-5.1,-5.1,1.0,0.0,16.0,0.0,0.8,0.1,0.43,0.43,0.43,0.43,1.0,0.0,16.0,0.0,0.8,0.1,2.2,2.2,2.2,2.2,1.0,0.0,16.0,0.0,0.8,0.1,-78.7,-78.7,-78.7,-78.7,1.0,0.0,16.0,0.0,0.8,0.1,93.8,93.8,93.8,93.8,1.0,0.0,16.0,0.0,0.8,0.1,-56.1,-56.1,-56.1,-56.1,1.0,0.0,16.0,0.0,0.8,0.1,66.9,66.9,66.9,66.9,1.0,0.0,16.0,0.0,0.8,0.1,-1.4,-1.4,-1.4,-1.4,1.0,0.0,16.0,0.0,0.8,0.1,1.7,1.7,1.7,1.7,1.0,0.0,16.0,0.0,0.8,0.1,132.5,132.5,132.5,132.5,1.0,0.0,16.0,0.0,0.8,0.1,135.0,135.0,135.0,135.0,1.0,0.0,16.0,0.0,0.8,0.1
1974,2,244.0,-2.0,22.0,22.0,22.0,22.0,1.0,0.0,6.0,0.0,0.1,0.9,22.9,22.9,22.9,22.9,1.0,0.0,6.0,0.0,0.1,0.9,15.97,15.97,15.97,15.97,1.0,0.0,6.0,0.0,0.1,0.9,91.8,91.8,91.8,91.8,1.0,0.0,6.0,0.0,0.9,4.6,4.6,4.6,4.6,1.0,0.0,6.0,0.0,0.1,0.9,-4.6,-4.6,-4.6,-4.6,1.0,0.0,6.0,0.0,0.1,0.9,0.0,0.0,0.0,0.0,1.0,0.0,6.0,0.0,0.1,0.9,1012.7,1012.7,1012.7,1012.7,1.0,0.0,6.0,0.0,0.1,0.9,1.0,1.0,1.0,1.0,1.0,0.0,6.0,0.0,0.1,0.9,-21.2,-21.2,-21.2,-21.2,1.0,0.0,6.0,0.0,0.1,0.9,0.0,0.0,0.0,0.0,1.0,0.0,6.0,0.0,0.1,0.9,-0.9,-0.9,-0.9,-0.9,1.0,0.0,6.0,0.0,0.1,0.9,-4.1,-4.1,-4.1,-4.1,1.0,0.0,6.0,0.0,0.1,0.9,0.5,0.5,0.5,0.5,1.0,0.0,6.0,0.0,0.1,0.9,2.3,2.3,2.3,2.3,1.0,0.0,6.0,0.0,0.1,0.9,-105.3,-105.3,-105.3,-105.3,1.0,0.0,6.0,0.0,0.1,0.9,0.0,0.0,0.0,0.0,1.0,0.0,6.0,0.0,0.1,0.9,-73.5,-73.5,-73.5,-73.5,1.0,0.0,6.0,0.0,0.1,0.9,0.0,0.0,0.0,0.0,1.0,0.0,6.0,0.0,0.1,0.9,-2.3,-2.3,-2.3,-2.3,1.0,0.0,6.0,0.0,0.1,0.9,0.0,0.0,0.0,0.0,1.0,0.0,6.0,0.0,0.1,0.9,97.5,97.5,97.5,97.5,1.0,0.0,6.0,0.0,0.1,0.9,95.0,95.0,95.0,95.0,1.0,0.0,6.0,0.0,0.1,0.9
1974,2,244.0,2.0,26.0,26.0,26.0,26.0,1.0,0.0,24.0,0.0,0.9,0.7,25.0,25.0,25.0,25.0,1.0,0.0,24.0,0.0,0.9,0.7,16.88,16.88,16.88,16.88,1.0,0.0,24.0,0.0,0.9,0.7,85.0,85.0,85.0,85.0,1.0,0.0,24.0,0.0,0.7,4.6,4.6,4.6,4.6,1.0,0.0,24.0,0.0,0.9,0.7,-4.53,-4.53,-4.53,-4.53,1.0,0.0,24.0,0.0,0.9,0.7,-0.8,-0.8,-0.8,-0.8,1.0,0.0,24.0,0.0,0.9,0.7,1006.4,1006.4,1006.4,1006.4,1.0,0.0,24.0,0.0,0.9,0.7,5.0,5.0,5.0,5.0,1.0,0.0,24.0,0.0,0.9,0.7,-20.8,-20.8,-20.8,-20.8,1.0,0.0,24.0,0.0,0.9,0.7,-3.7,-3.7,-3.7,-3.7,1.0,0.0,24.0,0.0,0.9,0.7,1.0,1.0,1.0,1.0,1.0,0.0,24.0,0.0,0.9,0.7,4.6,4.6,4.6,4.6,1.0,0.0,24.0,0.0,0.9,0.7,4.26,4.26,4.26,4.26,1.0,0.0,24.0,0.0,0.9,0.7,19.6,19.6,19.6,19.6,1.0,0.0,24.0,0.0,0.9,0.7,-113.3,-113.3,-113.3,-113.3,1.0,0.0,24.0,0.0,0.9,0.7,-20.0,-20.0,-20.0,-20.0,1.0,0.0,24.0,0.0,0.9,0.7,-76.5,-76.5,-76.5,-76.5,1.0,0.0,24.0,0.0,0.9,0.7,-13.5,-13.5,-13.5,-13.5,1.0,0.0,24.0,0.0,0.9,0.7,-19.3,-19.3,-19.3,-19.3,1.0,0.0,24.0,0.0,0.9,0.7,-3.4,-3.4,-3.4,-3.4,1.0,0.0,24.0,0.0,0.9,0.7,97.5,97.5,97.5,97.5,1.0,0.0,24.0,0.0,0.9,0.7,95.0,95.0,95.0,95.0,1.0,0.0,24.0,0.0,0.9,0.7
1974,2,244.0,4.0,27.0,27.0,27.0,27.0,1.0,0.0,8.0,1.0,0.8,0.2,25.5,25.5,25.5,25.5,1.0,0.0,8.0,1.0,0.8,0.2,17.08,17.08,17.08,17.08,1.0,0.0,8.0,1.0,0.8,0.2,84.0,84.0,84.0,84.0,1.0,0.0,8.0,1.0,0.2,0.0,0.0,0.0,0.0,1.0,0.0,8.0,1.0,0.8,0.2,0.0,0.0,0.0,0.0,1.0,0.0,8.0,1.0,0.8,0.2,0.0,0.0,0.0,0.0,1.0,0.0,8.0,1.0,0.8,0.2,1013.2,1013.2,1013.2,1013.2,1.0,0.0,8.0,1.0,0.8,0.2,2.0,2.0,2.0,2.0,1.0,0.0,8.0,1.0,0.8,0.2,0.0,0.0,0.0,0.0,1.0,0.0,8.0,1.0,0.8,0.2,0.0,0.0,0.0,0.0,1.0,0.0,8.0,1.0,0.8,0.2,1.5,1.5,1.5,1.5,1.0,0.0,8.0,1.0,0.8,0.2,0.0,0.0,0.0,0.0,1.0,0.0,8.0,1.0,0.8,0.2,5.21,5.21,5.21,5.21,1.0,0.0,8.0,1.0,0.8,0.2,0.0,0.0,0.0,0.0,1.0,0.0,8.0,1.0,0.8,0.2,0.0,0.0,0.0,0.0,1.0,0.0,8.0,1.0,0.8,0.2,0.0,0.0,0.0,0.0,1.0,0.0,8.0,1.0,0.8,0.2,0.0,0.0,0.0,0.0,1.0,0.0,8.0,1.0,0.8,0.2,0.0,0.0,0.0,0.0,1.0,0.0,8.0,1.0,0.8,0.2,0.0,0.0,0.0,0.0,1.0,0.0,8.0,1.0,0.8,0.2,0.0,0.0,0.0,0.0,1.0,0.0,8.0,1.0,0.8,0.2,0.0,0.0,0.0,0.0,1.0,0.0,8.0,1.0,0.8,0.2,0.0,0.0,0.0,0.0,1.0,0.0,8.0,1.0,0.8,0.2
1974,2,244.0,6.0,,,,,,,,,,,,,,,,,,,,,,,,,,,,,,,,,,,,,,,,2.6,2.6,2.6,2.6,1.0,0.0,26.0,0.0,0.7,0.5,-1.3,-1.3,-1.3,-1.3,1.0,0.0,26.0,0.0,0.7,0.5,-2.25,-2.25,-2.25,-2.25,1.0,0.0,26.0,0.0,0.7,0.5,1007.5,1007.5,1007.5,1007.5,1.0,0.0,26.0,0.0,0.7,0.5,,,,,,,,,,,,,,,,,,,,,,,,,,,,,,,,,,,,,,,,,,,,,,,,,,,,,,,,,,,,,,,,,,,,,,,,,,,,,,,,,,,,,,,,,,,,,,,,,,,,,,,,,,,,,,,,,,,,,,,,,,,,,,,,,,,,,,,,,,,,,,,,,,,,,,
1974,2,244.0,7.0,,,,,,,,,,,,,,,,,,,,,,,,,,,,,,,,,,,,,,,,3.1,3.1,3.1,3.1,1.0,0.0,26.0,1.0,0.2,0.3,-1.06,-1.06,-1.06,-1.06,1.0,0.0,26.0,1.0,0.2,0.3,-2.91,-2.91,-2.91,-2.91,1.0,0.0,26.0,1.0,0.2,0.3,1008.7,1008.7,1008.7,1008.7,1.0,0.0,26.0,1.0,0.2,0.3,,,,,,,,,,,,,,,,,,,,,,,,,,,,,,,,,,,,,,,,,,,,,,,,,,,,,,,,,,,,,,,,,,,,,,,,,,,,,,,,,,,,,,,,,,,,,,,,,,,,,,,,,,,,,,,,,,,,,,,,,,,,,,,,,,,,,,,,,,,,,,,,,,,,,,
1974,2,244.0,8.0,28.0,28.0,28.0,28.0,1.0,0.0,18.0,0.0,0.6,0.3,25.5,25.5,25.5,25.5,1.0,0.0,18.0,0.0,0.6,0.3,16.61,16.61,16.61,16.61,1.0,0.0,18.0,0.0,0.6,0.3,81.5,81.5,81.5,81.5,1.0,0.0,18.0,0.0,0.3,11.3,11.3,11.3,11.3,1.0,0.0,18.0,0.0,0.6,0.3,-8.66,-8.66,-8.66,-8.66,1.0,0.0,18.0,0.0,0.6,0.3,-7.26,-7.26,-7.26,-7.26,1.0,0.0,18.0,0.0,0.6,0.3,1010.5,1010.5,1010.5,1010.5,1.0,0.0,18.0,0.0,0.6,0.3,7.0,7.0,7.0,7.0,1.0,0.0,18.0,0.0,0.6,0.3,-97.8,-97.8,-97.8,-97.8,1.0,0.0,18.0,0.0,0.6,0.3,-82.1,-82.1,-82.1,-82.1,1.0,0.0,18.0,0.0,0.6,0.3,2.5,2.5,2.5,2.5,1.0,0.0,18.0,0.0,0.6,0.3,28.3,28.3,28.3,28.3,1.0,0.0,18.0,0.0,0.6,0.3,7.11,7.11,7.11,7.11,1.0,0.0,18.0,0.0,0.6,0.3,80.4,80.4,80.4,80.4,1.0,0.0,18.0,0.0,0.6,0.3,-220.7,-220.7,-220.7,-220.7,1.0,0.0,18.0,0.0,0.6,0.3,-185.2,-185.2,-185.2,-185.2,1.0,0.0,18.0,0.0,0.6,0.3,-143.8,-143.8,-143.8,-143.8,1.0,0.0,18.0,0.0,0.6,0.3,-120.6,-120.6,-120.6,-120.6,1.0,0.0,18.0,0.0,0.6,0.3,-61.6,-61.6,-61.6,-61.6,1.0,0.0,18.0,0.0,0.6,0.3,-51.7,-51.7,-51.7,-51.7,1.0,0.0,18.0,0.0,0.6,0.3,1443.0,1443.0,1443.0,1443.0,1.0,0.0,18.0,0.0,0.6,0.3,1445.0,1445.0,1445.0,1445.0,1.0,0.0,18.0,0.0,0.6,0.3
1974,2,244.0,11.0,26.9,27.1,27.3,27.1,2.0,0.42,20.0,1.0,0.6,0.9,25.58,25.75,25.92,25.75,2.0,0.35,20.0,1.0,0.6,0.9,14.56,15.51,16.47,15.51,2.0,1.98,20.0,1.0,0.6,0.9,69.9,75.2,80.5,75.2,2.0,11.0,20.0,1.0,0.9,6.44,6.95,7.46,6.95,2.0,1.06,20.0,1.0,0.6,0.9,-5.3,-4.01,-2.72,-4.01,2.0,2.67,20.0,1.0,0.6,0.9,-5.69,-5.39,-5.09,-5.39,2.0,0.62,20.0,1.0,0.6,0.9,1011.13,1011.4,1011.67,1011.4,2.0,0.57,20.0,1.0,0.6,0.9,3.0,3.0,3.0,3.0,2.0,0.0,20.0,1.0,0.6,0.9,-40.3,-29.3,-18.3,-29.3,2.0,22.8,20.0,1.0,0.6,0.9,-37.8,-37.1,-36.4,-37.1,2.0,1.4,20.0,1.0,0.6,0.9,1.32,1.35,1.38,1.35,2.0,0.07,20.0,1.0,0.6,0.9,8.5,9.4,10.3,9.4,2.0,1.9,20.0,1.0,0.6,0.9,5.74,6.96,8.18,6.96,2.0,2.53,20.0,1.0,0.6,0.9,37.6,49.7,61.8,49.7,2.0,25.0,20.0,1.0,0.6,0.9,-137.6,-103.7,-69.8,-103.7,2.0,70.2,20.0,1.0,0.6,0.9,-145.4,-138.6,-131.8,-138.6,2.0,14.1,20.0,1.0,0.6,0.9,-75.7,-59.5,-43.4,-59.5,2.0,33.5,20.0,1.0,0.6,0.9,-94.0,-84.2,-74.4,-84.2,2.0,20.3,20.0,1.0,0.6,0.9,-45.2,-31.3,-17.4,-31.3,2.0,28.8,20.0,1.0,0.6,0.9,-41.2,-36.7,-32.2,-36.7,2.0,9.3,20.0,1.0,0.6,0.9,273.0,347.5,422.0,347.5,2.0,154.5,20.0,1.0,0.6,0.9,275.0,345.0,420.0,345.0,2.0,155.0,20.0,1.0,0.6,0.9
1974,2,244.0,12.0,,,,,,,,,,,,,,,,,,,,,,,,,,,,,,,,,,,,,,,,10.83,10.9,10.97,10.9,2.0,0.14,26.0,1.0,0.5,0.1,-10.8,-10.73,-10.67,-10.73,2.0,0.14,26.0,1.0,0.5,0.1,-1.9,-1.89,-1.88,-1.89,2.0,0.02,26.0,1.0,0.5,0.1,1010.1,1010.1,1010.1,1010.1,2.0,0.0,26.0,1.0,0.5,0.1,,,,,,,,,,,,,,,,,,,,,,,,,,,,,,,,,,,,,,,,,,,,,,,,,,,,,,,,,,,,,,,,,,,,,,,,,,,,,,,,,,,,,,,,,,,,,,,,,,,,,,,,,,,,,,,,,,,,,,,,,,,,,,,,,,,,,,,,,,,,,,,,,,,,,,
1974,2,244.0,13.0,26.2,26.2,26.2,26.2,1.0,0.0,28.0,1.0,1.0,0.3,26.5,26.5,26.5,26.5,1.0,0.0,28.0,1.0,1.0,0.3,19.08,19.08,19.08,19.08,1.0,0.0,28.0,1.0,1.0,0.3,88.3,88.3,88.3,88.3,1.0,0.0,28.0,1.0,0.3,8.2,8.2,8.2,8.2,1.0,0.0,28.0,1.0,1.0,0.3,-7.1,-7.1,-7.1,-7.1,1.0,0.0,28.0,1.0,1.0,0.3,-4.1,-4.1,-4.1,-4.1,1.0,0.0,28.0,1.0,1.0,0.3,1012.3,1012.3,1012.3,1012.3,1.0,0.0,28.0,1.0,1.0,0.3,3.0,3.0,3.0,3.0,1.0,0.0,28.0,1.0,1.0,0.3,-58.2,-58.2,-58.2,-58.2,1.0,0.0,28.0,1.0,1.0,0.3,-33.6,-33.6,-33.6,-33.6,1.0,0.0,28.0,1.0,1.0,0.3,-0.3,-0.3,-0.3,-0.3,1.0,0.0,28.0,1.0,1.0,0.3,-2.5,-2.5,-2.5,-2.5,1.0,0.0,28.0,1.0,1.0,0.3,2.19,2.19,2.19,2.19,1.0,0.0,28.0,1.0,1.0,0.3,17.9,17.9,17.9,17.9,1.0,0.0,28.0,1.0,1.0,0.3,-188.2,-188.2,-188.2,-188.2,1.0,0.0,28.0,1.0,1.0,0.3,-108.6,-108.6,-108.6,-108.6,1.0,0.0,28.0,1.0,1.0,0.3,-135.5,-135.5,-135.5,-135.5,1.0,0.0,28.0,1.0,1.0,0.3,-78.2,-78.2,-78.2,-78.2,1.0,0.0,28.0,1.0,1.0,0.3,-15.5,-15.5,-15.5,-15.5,1.0,0.0,28.0,1.0,1.0,0.3,-9.0,-9.0,-9.0,-9.0,1.0,0.0,28.0,1.0,1.0,0.3,551.5,551.5,551.5,551.5,1.0,0.0,28.0,1.0,1.0,0.3,550.0,550.0,550.0,550.0,1.0,0.0,28.0,1.0,1.0,0.3
1974,2,244.0,14.0,26.5,26.5,26.5,26.5,1.0,0.0,16.0,0.0,1.0,0.1,23.74,24.05,24.36,24.05,2.0,0.64,8.0,0.5,1.0,0.5,15.14,16.11,17.09,16.11,2.0,2.02,8.0,0.5,1.0,0.5,82.9,86.6,90.2,86.6,2.0,7.5,8.0,0.5,0.5,7.7,7.7,7.7,7.7,2.0,0.0,8.0,0.5,1.0,0.5,-4.58,-3.79,-3.0,-3.79,2.0,1.64,8.0,0.5,1.0,0.5,-7.02,-6.57,-6.11,-6.57,2.0,0.95,8.0,0.5,1.0,0.5,1016.21,1016.65,1017.09,1016.65,2.0,0.92,8.0,0.5,1.0,0.5,2.6,4.0,5.4,4.0,2.0,2.8,8.0,0.5,1.0,0.5,-35.3,-29.2,-23.1,-29.2,2.0,12.6,8.0,0.5,1.0,0.5,-54.1,-50.6,-47.1,-50.6,2.0,7.3,8.0,0.5,1.0,0.5,2.0,2.0,2.0,2.0,1.0,0.0,16.0,0.0,1.0,0.1,15.4,15.4,15.4,15.4,1.0,0.0,16.0,0.0,1.0,0.1,4.01,4.01,4.01,4.01,1.0,0.0,16.0,0.0,1.0,0.1,30.9,30.9,30.9,30.9,1.0,0.0,16.0,0.0,1.0,0.1,-108.5,-90.7,-72.8,-90.7,2.0,37.0,8.0,0.5,1.0,0.5,-171.2,-158.2,-145.2,-158.2,2.0,26.9,8.0,0.5,1.0,0.5,-68.5,-59.4,-50.4,-59.4,2.0,18.7,8.0,0.5,1.0,0.5,-120.5,-106.8,-93.0,-106.8,2.0,28.5,8.0,0.5,1.0,0.5,-10.6,-10.6,-10.6,-10.6,1.0,0.0,16.0,0.0,1.0,0.1,-29.0,-29.0,-29.0,-29.0,1.0,0.0,16.0,0.0,1.0,0.1,456.5,456.5,456.5,456.5,2.0,0.0,8.0,0.5,1.0,0.5,455.0,455.0,455.0,455.0,2.0,0.0,8.0,0.5,1.0,0.5
1974,2,244.0,15.0,25.17,25.55,25.93,25.55,2.0,0.78,10.0,0.5,0.6,0.5,23.25,23.8,23.94,23.6,3.0,0.53,6.0,0.7,0.6,0.4,13.08,15.44,15.57,14.35,3.0,2.06,6.0,0.7,0.6,0.4,73.5,84.3,84.3,79.1,3.0,9.1,6.0,0.7,0.4,4.27,5.7,7.07,5.67,3.0,2.05,6.0,0.7,0.6,0.4,-2.42,-1.95,-1.05,-1.74,3.0,1.02,6.0,0.7,0.6,0.4,-6.64,-5.36,-4.12,-5.38,3.0,1.85,6.0,0.7,0.6,0.4,1012.43,1015.5,1015.64,1014.07,3.0,2.66,6.0,0.7,0.6,0.4,2.3,3.0,5.0,3.7,3.0,2.1,6.0,0.7,0.6,0.4,-17.4,-11.1,-5.1,-11.2,3.0,9.0,6.0,0.7,0.6,0.4,-47.7,-30.5,-18.4,-33.0,3.0,21.6,6.0,0.7,0.6,0.4,2.05,2.15,2.25,2.15,2.0,0.21,10.0,0.5,0.6,0.5,8.8,9.8,10.9,9.8,2.0,2.2,10.0,0.5,0.6,0.5,5.99,6.74,7.49,6.74,2.0,1.56,10.0,0.5,0.6,0.5,24.2,32.5,40.8,32.5,2.0,17.2,10.0,0.5,0.6,0.5,-57.4,-44.8,-24.4,-41.0,3.0,24.4,6.0,0.7,0.6,0.4,-157.6,-123.2,-96.7,-127.1,3.0,44.8,6.0,0.7,0.6,0.4,-35.5,-23.4,-14.0,-24.7,3.0,15.8,6.0,0.7,0.6,0.4,-97.6,-64.2,-57.7,-77.3,3.0,31.3,6.0,0.7,0.6,0.4,-13.4,-9.4,-5.4,-9.4,2.0,8.3,10.0,0.5,0.6,0.5,-38.5,-31.0,-23.5,-31.0,2.0,15.6,10.0,0.5,0.6,0.5,90.5,185.0,370.5,229.5,3.0,208.5,6.0,0.7,0.6,0.4,90.0,185.0,370.0,230.0,3.0,210.0,6.0,0.7,0.6,0.4
1974,2,244.0,16.0,23.85,24.0,25.02,24.23,7.0,0.87,22.0,0.4,0.4,0.6,21.2,22.45,23.78,22.46,8.0,1.55,20.0,0.5,0.4,0.6,10.8,12.28,15.56,12.82,8.0,2.23,20.0,0.5,0.4,0.6,69.6,74.8,81.4,75.5,8.0,8.3,20.0,0.5,0.6,5.17,6.2,7.64,6.3,8.0,1.36,20.0,0.5,0.4,0.6,-5.22,-4.56,-0.91,-3.03,8.0,3.63,20.0,0.5,0.4,0.6,-6.03,-3.99,-3.68,-4.29,8.0,1.58,20.0,0.5,0.4,0.6,1014.02,1016.25,1017.27,1015.75,8.0,1.8,20.0,0.5,0.4,0.6,3.1,5.5,6.9,5.3,8.0,1.8,20.0,0.5,0.4,0.6,-41.7,-24.7,-4.6,-20.6,8.0,25.1,20.0,0.5,0.4,0.6,-46.6,-24.7,-17.0,-28.2,8.0,14.9,20.0,0.5,0.4,0.6,1.48,2.8,2.8,1.97,7.0,1.4,22.0,0.4,0.4,0.6,9.2,14.4,21.6,13.5,7.0,9.6,22.0,0.4,0.4,0.6,5.66,6.86,7.24,6.54,7.0,2.08,22.0,0.4,0.4,0.6,33.6,47.6,53.8,43.4,7.0,14.8,22.0,0.4,0.4,0.6,-111.0,-102.1,-21.1,-67.0,8.0,81.1,20.0,0.5,0.4,0.6,-128.5,-91.2,-86.0,-96.4,8.0,33.9,20.0,0.5,0.4,0.6,-69.1,-53.5,-13.6,-39.7,8.0,43.4,20.0,0.5,0.4,0.6,-77.6,-53.8,-43.1,-55.1,8.0,20.3,20.0,0.5,0.4,0.6,-34.4,-30.6,-8.8,-18.0,7.0,30.4,22.0,0.4,0.4,0.6,-38.8,-28.4,-11.7,-28.3,7.0,13.7,22.0,0.4,0.4,0.6,138.5,238.5,447.5,280.5,8.0,165.5,20.0,0.5,0.4,0.6,140.0,240.0,445.0,280.0,8.0,165.0,20.0,0.5,0.4,0.6
1974,2,244.0,17.0,23.69,24.0,25.37,24.46,5.0,1.03,14.0,0.2,0.5,0.5,20.79,21.4,23.0,21.63,6.0,1.2,14.0,0.2,0.6,0.5,11.57,12.46,14.57,13.04,4.0,2.23,14.0,0.3,0.6,0.4,75.7,79.6,88.2,81.8,4.0,8.2,14.0,0.3,0.4,4.29,6.2,7.3,5.83,6.0,1.71,14.0,0.2,0.6,0.5,-3.33,-1.9,-0.43,-2.01,6.0,1.75,14.0,0.2,0.6,0.5,-6.93,-5.09,-3.43,-5.19,6.0,1.9,14.0,0.2,0.6,0.5,1015.19,1016.2,1016.68,1015.92,6.0,1.07,14.0,0.2,0.6,0.5,1.8,3.0,7.0,3.8,6.0,2.6,14.0,0.2,0.6,0.5,-20.1,-11.9,-1.3,-12.1,6.0,10.9,14.0,0.2,0.6,0.5,-50.7,-31.6,-14.8,-32.7,6.0,19.1,14.0,0.2,0.6,0.5,0.82,2.0,5.0,2.7,5.0,2.17,14.0,0.2,0.5,0.5,4.8,15.4,32.8,18.2,5.0,14.9,14.0,0.2,0.5,0.5,3.88,7.16,8.43,6.2,4.0,3.13,14.0,0.3,0.6,0.4,26.9,50.7,56.4,42.1,4.0,23.0,14.0,0.3,0.6,0.4,-76.5,-40.4,-9.0,-44.9,6.0,40.3,14.0,0.2,0.6,0.5,-146.9,-107.8,-77.6,-111.4,6.0,38.9,14.0,0.2,0.6,0.5,-40.1,-23.8,-7.7,-23.9,4.0,20.5,14.0,0.3,0.6,0.4,-89.4,-77.4,-62.5,-76.0,4.0,16.1,14.0,0.3,0.6,0.4,-14.4,-6.8,-2.5,-8.4,4.0,8.5,14.0,0.3,0.6,0.4,-54.5,-50.4,-25.6,-40.5,4.0,23.1,14.0,0.3,0.6,0.4,83.5,238.5,390.5,239.0,6.0,160.5,14.0,0.2,0.6,0.5,85.0,240.0,390.0,240.0,6.0,160.0,14.0,0.2,0.6,0.5
1974,2,244.0,18.0,21.06,24.4,25.49,23.3,3.0,3.39,16.0,1.0,0.4,0.5,21.29,23.0,25.53,23.4,3.0,3.12,16.0,1.0,0.4,0.5,11.63,12.87,14.11,12.87,2.0,2.57,12.0,1.0,0.4,0.5,76.0,79.3,82.7,79.3,2.0,6.9,12.0,1.0,0.5,4.76,5.1,6.53,5.63,3.0,1.38,16.0,1.0,0.4,0.5,-2.18,-1.57,-1.1,-1.64,3.0,0.79,16.0,1.0,0.4,0.5,-6.21,-5.02,-4.54,-5.37,3.0,1.26,16.0,1.0,0.4,0.5,1015.45,1016.0,1019.41,1017.4,3.0,3.14,16.0,1.0,0.4,0.5,6.3,7.0,7.7,7.0,3.0,1.0,16.0,1.0,0.4,0.5,-14.4,-7.2,-5.4,-9.8,3.0,7.0,16.0,1.0,0.4,0.5,-41.4,-25.6,-21.7,-31.4,3.0,15.3,16.0,1.0,0.4,0.5,-1.89,-1.0,1.73,-0.1,3.0,2.76,16.0,1.0,0.4,0.5,-10.3,-7.2,7.1,-1.7,3.0,13.6,16.0,1.0,0.4,0.5,3.46,4.59,5.73,4.59,2.0,2.35,12.0,1.0,0.4,0.5,22.3,24.9,27.6,24.9,2.0,5.4,12.0,1.0,0.4,0.5,-45.9,-36.2,-27.6,-36.8,3.0,13.4,16.0,1.0,0.4,0.5,-137.2,-134.1,-110.4,-124.1,3.0,21.5,16.0,1.0,0.4,0.5,-26.6,-25.2,-23.8,-25.2,2.0,2.9,12.0,1.0,0.4,0.5,-73.0,-69.1,-65.3,-69.1,2.0,8.0,12.0,1.0,0.4,0.5,-9.4,-8.5,-7.6,-8.5,2.0,1.9,12.0,1.0,0.4,0.5,-25.9,-23.4,-21.0,-23.4,2.0,5.1,12.0,1.0,0.4,0.5,108.5,132.5,297.0,201.0,3.0,150.0,16.0,1.0,0.4,0.5,110.0,135.0,295.0,200.0,3.0,150.0,16.0,1.0,0.4,0.5
1974,2,244.0,19.0,20.5,20.5,20.5,20.5,1.0,0.0,24.0,1.0,0.3,0.5,20.2,20.2,20.2,20.2,1.0,0.0,24.0,1.0,0.3,0.5,9.9,9.9,9.9,9.9,1.0,0.0,24.0,1.0,0.3,0.5,67.5,67.5,67.5,67.5,1.0,0.0,24.0,1.0,0.5,5.7,5.7,5.7,5.7,1.0,0.0,24.0,1.0,0.3,0.5,-1.95,-1.95,-1.95,-1.95,1.0,0.0,24.0,1.0,0.3,0.5,-5.36,-5.36,-5.36,-5.36,1.0,0.0,24.0,1.0,0.3,0.5,1014.4,1014.4,1014.4,1014.4,1.0,0.0,24.0,1.0,0.3,0.5,1.0,1.0,1.0,1.0,1.0,0.0,24.0,1.0,0.3,0.5,-11.1,-11.1,-11.1,-11.1,1.0,0.0,24.0,1.0,0.3,0.5,-30.5,-30.5,-30.5,-30.5,1.0,0.0,24.0,1.0,0.3,0.5,0.3,0.3,0.3,0.3,1.0,0.0,24.0,1.0,0.3,0.5,1.7,1.7,1.7,1.7,1.0,0.0,24.0,1.0,0.3,0.5,5.08,5.08,5.08,5.08,1.0,0.0,24.0,1.0,0.3,0.5,29.0,29.0,29.0,29.0,1.0,0.0,24.0,1.0,0.3,0.5,-39.4,-39.4,-39.4,-39.4,1.0,0.0,24.0,1.0,0.3,0.5,-108.2,-108.2,-108.2,-108.2,1.0,0.0,24.0,1.0,0.3,0.5,-19.3,-19.3,-19.3,-19.3,1.0,0.0,24.0,1.0,0.3,0.5,-53.0,-53.0,-53.0,-53.0,1.0,0.0,24.0,1.0,0.3,0.5,-9.9,-9.9,-9.9,-9.9,1.0,0.0,24.0,1.0,0.3,0.5,-27.2,-27.2,-27.2,-27.2,1.0,0.0,24.0,1.0,0.3,0.5,185.0,185.0,185.0,185.0,1.0,0.0,24.0,1.0,0.3,0.5,185.0,185.0,185.0,185.0,1.0,0.0,24.0,1.0,0.3,0.5
1974,2,244.0,20.0,19.74,20.25,20.76,20.25,2.0,1.06,2.0,1.0,0.6,0.5,18.4,19.25,20.1,19.25,2.0,1.77,2.0,1.0,0.6,0.5,9.01,9.63,10.24,9.63,2.0,1.27,2.0,1.0,0.6,0.5,68.8,69.5,70.3,69.5,2.0,1.6,2.0,1.0,0.5,8.2,8.2,8.2,8.2,2.0,0.0,2.0,1.0,0.6,0.5,-4.1,-4.1,-4.1,-4.1,2.0,0.0,2.0,1.0,0.6,0.5,-7.1,-7.1,-7.1,-7.1,2.0,0.0,2.0,1.0,0.6,0.5,1016.07,1016.85,1017.64,1016.85,2.0,1.63,2.0,1.0,0.6,0.5,6.0,6.0,6.0,6.0,2.0,0.0,2.0,1.0,0.6,0.5,-33.6,-33.6,-33.6,-33.6,2.0,0.0,2.0,1.0,0.6,0.5,-58.2,-58.2,-58.2,-58.2,2.0,0.0,2.0,1.0,0.6,0.5,0.66,1.0,1.34,1.0,2.0,0.71,2.0,1.0,0.6,0.5,5.4,8.2,11.0,8.2,2.0,5.8,2.0,1.0,0.6,0.5,4.95,5.1,5.26,5.1,2.0,0.32,2.0,1.0,0.6,0.5,40.6,41.9,43.1,41.9,2.0,2.6,2.0,1.0,0.6,0.5,-82.4,-78.9,-75.4,-78.9,2.0,7.2,2.0,1.0,0.6,0.5,-142.8,-136.7,-130.6,-136.7,2.0,12.6,2.0,1.0,0.6,0.5,-42.0,-39.5,-36.9,-39.5,2.0,5.2,2.0,1.0,0.6,0.5,-72.7,-68.4,-64.0,-68.4,2.0,9.0,2.0,1.0,0.6,0.5,-21.6,-20.9,-20.3,-20.9,2.0,1.3,2.0,1.0,0.6,0.5,-37.4,-36.2,-35.1,-36.2,2.0,2.3,2.0,1.0,0.6,0.5,551.5,551.5,551.5,551.5,2.0,0.0,2.0,1.0,0.6,0.5,550.0,550.0,550.0,550.0,2.0,0.0,2.0,1.0,0.6,0.5
1974,2,244.0,21.0,18.32,19.0,20.37,19.33,3.0,1.53,12.0,1.0,0.7,0.4,17.43,19.0,19.68,18.57,3.0,1.69,12.0,1.0,0.7,0.4,9.4,10.89,11.19,10.31,3.0,1.4,12.0,1.0,0.7,0.4,75.5,78.2,79.5,77.5,3.0,3.0,12.0,1.0,0.4,5.58,7.7,9.47,7.53,3.0,2.85,12.0,1.0,0.7,0.4,-0.91,0.0,0.0,-0.45,3.0,0.77,12.0,1.0,0.7,0.4,-9.44,-7.58,-5.55,-7.49,3.0,2.85,12.0,1.0,0.7,0.4,1015.82,1016.5,1017.05,1016.43,3.0,0.9,12.0,1.0,0.7,0.4,4.3,7.0,7.7,6.0,3.0,2.6,12.0,1.0,0.7,0.4,-7.0,0.0,0.0,-3.4,3.0,5.9,12.0,1.0,0.7,0.4,-90.9,-58.4,-33.0,-61.9,3.0,42.6,12.0,1.0,0.7,0.4,-0.73,2.0,2.2,0.77,3.0,2.4,12.0,1.0,0.7,0.4,-7.6,9.2,19.1,5.8,3.0,19.8,12.0,1.0,0.7,0.4,2.44,4.54,4.78,3.63,3.0,1.89,12.0,1.0,0.7,0.4,14.3,20.9,41.0,27.5,3.0,20.4,12.0,1.0,0.7,0.4,-18.3,0.0,0.0,-8.9,3.0,15.4,12.0,1.0,0.7,0.4,-165.6,-151.7,-107.8,-137.0,3.0,44.2,12.0,1.0,0.7,0.4,-10.3,0.0,0.0,-5.0,3.0,8.7,12.0,1.0,0.7,0.4,-88.5,-85.9,-61.5,-75.2,3.0,21.9,12.0,1.0,0.7,0.4,-1.3,0.0,0.0,-0.7,3.0,1.1,12.0,1.0,0.7,0.4,-41.0,-20.9,-14.2,-27.4,3.0,20.4,12.0,1.0,0.7,0.4,211.5,456.5,891.0,549.0,3.0,504.0,12.0,1.0,0.7,0.4,210.0,455.0,890.0,550.0,3.0,505.0,12.0,1.0,0.7,0.4
1974,2,244.0,22.0,18.24,19.0,19.27,18.81,7.0,1.08,14.0,0.6,0.6,0.7,16.0,17.3,18.23,17.24,7.0,1.09,14.0,0.6,0.6,0.7,8.14,8.54,9.16,8.67,7.0,0.67,14.0,0.6,0.6,0.7,65.1,69.5,76.7,71.7,7.0,8.5,14.0,0.6,0.7,3.98,5.1,9.32,5.73,7.0,2.98,14.0,0.6,0.6,0.7,0.0,0.51,2.1,0.92,7.0,1.23,14.0,0.6,0.6,0.7,-8.79,-5.1,-3.45,-5.55,7.0,2.95,14.0,0.6,0.6,0.7,1016.74,1017.2,1017.69,1017.57,7.0,1.84,14.0,0.6,0.6,0.7,2.9,6.0,8.0,5.6,7.0,2.6,14.0,0.6,0.6,0.7,0.0,0.8,9.4,6.0,7.0,10.9,14.0,0.6,0.6,0.7,-82.0,-26.0,-14.0,-39.3,7.0,35.8,14.0,0.6,0.6,0.7,0.99,1.6,1.76,1.57,7.0,0.71,14.0,0.6,0.6,0.7,4.9,6.6,10.0,7.8,7.0,3.7,14.0,0.6,0.6,0.7,3.7,4.86,5.48,4.79,7.0,0.95,14.0,0.6,0.6,0.7,19.2,31.1,34.3,27.0,7.0,12.3,14.0,0.6,0.6,0.7,0.0,8.2,36.4,15.9,7.0,21.7,14.0,0.6,0.6,0.7,-154.0,-96.4,-59.6,-95.9,7.0,49.5,14.0,0.6,0.6,0.7,0.0,5.0,16.9,8.0,7.0,10.9,14.0,0.6,0.6,0.7,-80.0,-45.7,-27.5,-47.8,7.0,26.1,14.0,0.6,0.6,0.7,0.0,1.9,11.1,4.4,7.0,6.0,14.0,0.6,0.6,0.7,-34.1,-31.1,-18.3,-26.2,7.0,12.1,14.0,0.6,0.6,0.7,66.0,132.5,811.0,322.5,7.0,385.0,14.0,0.6,0.6,0.7,65.0,135.0,810.0,325.0,7.0,385.0,14.0,0.6,0.6,0.7
1974,2,244.0,23.0,17.79,18.0,20.68,19.1,7.0,1.79,14.0,0.9,0.6,0.5,16.94,17.6,19.0,17.7,7.0,1.13,14.0,0.9,0.6,0.5,8.51,9.87,11.33,9.85,6.0,1.54,16.0,0.8,0.5,0.5,66.1,80.8,87.0,77.4,6.0,12.7,16.0,0.8,0.5,0.0,6.2,10.3,5.74,7.0,4.53,14.0,0.9,0.6,0.5,-1.34,0.0,3.14,0.06,7.0,3.37,14.0,0.9,0.6,0.5,-8.81,-6.11,0.0,-5.07,7.0,4.19,14.0,0.9,0.6,0.5,1016.48,1017.3,1018.55,1017.51,7.0,1.23,14.0,0.9,0.6,0.5,2.0,4.0,8.0,4.9,7.0,2.7,14.0,0.9,0.6,0.5,-9.6,0.0,19.0,-2.0,7.0,31.7,14.0,0.9,0.6,0.5,-82.4,-37.9,0.0,-45.1,7.0,43.7,14.0,0.9,0.6,0.5,-1.02,0.3,3.74,1.4,7.0,2.84,14.0,0.9,0.6,0.5,-0.7,0.0,17.3,11.1,7.0,26.5,14.0,0.9,0.6,0.5,1.31,3.74,4.87,3.41,6.0,1.88,16.0,0.8,0.5,0.5,0.0,22.8,39.7,21.8,6.0,19.3,16.0,0.8,0.5,0.5,-24.1,0.0,53.6,-0.8,7.0,62.1,14.0,0.9,0.6,0.5,-157.4,-107.5,0.0,-88.5,7.0,72.6,14.0,0.9,0.6,0.5,-19.7,0.0,27.9,-1.1,6.0,29.6,16.0,0.8,0.5,0.5,-67.1,-42.7,0.0,-37.7,6.0,34.0,16.0,0.8,0.5,0.5,-9.2,0.0,14.1,-0.4,6.0,17.0,16.0,0.8,0.5,0.5,-35.6,-18.3,0.0,-18.0,6.0,16.1,16.0,0.8,0.5,0.5,0.0,238.5,1092.5,471.0,7.0,507.0,14.0,0.9,0.6,0.5,0.0,240.0,1095.0,470.0,7.0,505.0,14.0,0.9,0.6,0.5
1974,2,244.0,24.0,17.12,17.4,19.15,17.98,5.0,1.15,12.0,0.0,0.3,0.2,15.06,16.25,17.17,16.22,6.0,1.11,12.0,0.0,0.4,0.2,7.66,8.17,8.79,8.29,6.0,0.9,12.0,0.0,0.4,0.2,67.6,68.4,82.3,73.0,6.0,8.8,12.0,0.0,0.2,3.39,4.1,6.17,4.97,6.0,2.75,12.0,0.0,0.4,0.2,-4.47,-2.31,1.35,-1.86,6.0,3.45,12.0,0.0,0.4,0.2,-4.79,-3.02,-2.31,-3.69,6.0,2.19,12.0,0.0,0.4,0.2,1015.87,1017.7,1020.4,1017.93,6.0,2.33,12.0,0.0,0.4,0.2,0.0,6.0,8.0,4.7,6.0,3.8,12.0,0.0,0.4,0.2,-29.9,-9.5,4.2,-15.6,6.0,27.9,12.0,0.0,0.4,0.2,-31.3,-13.3,-6.5,-23.2,6.0,28.9,12.0,0.0,0.4,0.2,0.17,2.0,2.57,1.5,5.0,1.44,12.0,0.0,0.3,0.2,0.9,5.7,14.8,7.7,5.0,8.7,12.0,0.0,0.3,0.2,3.29,4.99,5.7,4.51,5.0,1.65,12.0,0.0,0.3,0.2,11.8,18.8,34.5,23.9,5.0,18.6,12.0,0.0,0.3,0.2,-73.8,-39.2,20.2,-32.5,6.0,56.2,12.0,0.0,0.4,0.2,-84.0,-49.1,-34.8,-61.1,6.0,38.8,12.0,0.0,0.4,0.2,-41.8,-18.4,10.6,-16.1,6.0,29.2,12.0,0.0,0.4,0.2,-39.2,-26.9,-17.2,-30.6,6.0,18.0,12.0,0.0,0.4,0.2,-22.2,-9.4,-3.1,-12.5,5.0,14.8,12.0,0.0,0.3,0.2,-26.4,-16.3,-10.0,-18.9,5.0,14.1,12.0,0.0,0.3,0.2,40.5,72.0,331.0,239.0,6.0,420.5,12.0,0.0,0.4,0.2,40.0,70.0,330.0,240.0,6.0,420.0,12.0,0.0,0.4,0.2
1974,2,244.0,25.0,15.93,16.2,16.34,16.13,3.0,0.31,20.0,1.0,0.7,0.4,14.85,15.6,19.01,16.9,3.0,3.25,20.0,1.0,0.7,0.4,9.87,9.95,10.02,9.95,2.0,0.16,16.0,1.0,0.5,0.6,91.5,94.5,97.4,94.5,2.0,6.0,16.0,1.0,0.6,4.42,5.1,7.97,6.17,3.0,2.76,20.0,1.0,0.7,0.4,0.0,0.0,1.8,0.88,3.0,1.52,20.0,1.0,0.7,0.4,-7.97,-5.1,-3.76,-5.85,3.0,3.15,20.0,1.0,0.7,0.4,1017.22,1017.9,1019.88,1018.53,3.0,2.03,20.0,1.0,0.7,0.4,2.0,2.0,4.0,3.0,3.0,1.7,20.0,1.0,0.7,0.4,0.0,0.0,7.4,3.6,3.0,6.2,20.0,1.0,0.7,0.4,-67.3,-26.0,-17.0,-41.8,3.0,39.3,20.0,1.0,0.7,0.4,-3.09,0.6,1.49,-0.77,3.0,3.55,20.0,1.0,0.7,0.4,-12.5,3.1,13.0,0.4,3.0,18.8,20.0,1.0,0.7,0.4,1.47,1.48,1.5,1.48,2.0,0.03,16.0,1.0,0.5,0.6,8.6,10.6,12.7,10.6,2.0,4.2,16.0,1.0,0.5,0.6,0.0,0.0,37.1,18.1,3.0,31.3,20.0,1.0,0.7,0.4,-117.3,-79.6,-69.4,-93.0,3.0,37.0,20.0,1.0,0.7,0.4,0.0,0.0,0.0,0.0,2.0,0.0,16.0,1.0,0.5,0.6,-86.7,-71.9,-57.1,-71.9,2.0,30.7,16.0,1.0,0.5,0.6,0.0,0.0,0.0,0.0,2.0,0.0,16.0,1.0,0.5,0.6,-12.7,-10.6,-8.6,-10.6,2.0,4.2,16.0,1.0,0.5,0.6,89.0,132.5,591.0,335.5,3.0,407.5,20.0,1.0,0.7,0.4,90.0,135.0,590.0,335.0,3.0,405.0,20.0,1.0,0.7,0.4
1974,2,244.0,26.0,15.0,15.9,16.55,16.22,9.0,1.96,18.0,0.2,0.7,0.4,14.79,15.7,16.15,15.83,9.0,1.3,18.0,0.2,0.7,0.4,8.17,8.44,9.49,8.82,5.0,1.04,10.0,0.4,0.8,0.5,75.6,78.2,82.2,78.4,5.0,4.5,10.0,0.4,0.5,3.1,6.0,7.09,5.5,8.0,2.46,16.0,0.3,0.8,0.4,0.1,2.5,3.77,2.22,8.0,1.81,16.0,0.3,0.8,0.4,-7.0,-4.9,-2.52,-4.85,8.0,2.21,16.0,0.3,0.8,0.4,1015.55,1018.2,1022.38,1019.0,9.0,3.13,18.0,0.2,0.7,0.4,2.0,3.0,3.7,3.0,9.0,1.7,18.0,0.2,0.7,0.4,0.3,12.1,22.7,14.6,8.0,16.3,16.0,0.3,0.8,0.4,-49.8,-29.4,-7.6,-31.3,8.0,26.2,16.0,0.3,0.8,0.4,-1.07,0.4,0.6,0.39,9.0,2.46,18.0,0.2,0.7,0.4,-7.1,0.3,3.7,0.6,8.0,9.2,16.0,0.3,0.8,0.4,1.3,1.65,4.25,2.76,5.0,2.41,10.0,0.4,0.8,0.5,5.8,11.9,16.5,11.5,5.0,6.8,10.0,0.4,0.8,0.5,1.5,41.8,60.1,34.8,8.0,27.3,16.0,0.3,0.8,0.4,-112.8,-76.5,-44.9,-75.5,8.0,32.4,16.0,0.3,0.8,0.4,0.0,7.0,28.5,13.9,5.0,17.6,10.0,0.4,0.8,0.5,-66.8,-25.9,-22.9,-41.1,5.0,24.6,10.0,0.4,0.8,0.5,0.0,2.3,4.0,2.3,5.0,2.8,10.0,0.4,0.8,0.5,-15.4,-11.7,-5.2,-10.9,5.0,7.1,10.0,0.4,0.8,0.5,30.0,216.0,358.5,257.5,8.0,304.0,16.0,0.3,0.8,0.4,30.0,215.0,360.0,260.0,8.0,305.0,16.0,0.3,0.8,0.4
1974,2,244.0,27.0,14.33,15.0,16.7,15.21,44.0,1.21,16.0,0.5,0.7,0.7,13.64,15.0,17.29,15.37,52.0,1.72,14.0,0.5,0.7,0.6,7.36,8.52,9.44,8.54,46.0,1.05,14.0,0.5,0.7,0.6,71.2,80.1,87.7,79.2,46.0,9.1,14.0,0.5,0.6,2.6,7.2,10.3,6.98,51.0,3.72,14.0,0.5,0.7,0.6,0.32,2.8,6.32,3.01,51.0,3.28,14.0,0.5,0.7,0.6,-8.77,-5.83,-1.99,-5.58,51.0,3.43,14.0,0.5,0.7,0.6,1015.03,1018.0,1020.0,1017.8,52.0,2.42,14.0,0.5,0.7,0.6,0.0,2.0,7.0,3.1,50.0,2.8,14.0,0.5,0.7,0.6,0.3,16.7,62.2,29.0,51.0,39.4,14.0,0.5,0.7,0.6,-90.5,-44.9,-6.4,-49.9,51.0,45.7,14.0,0.5,0.7,0.6,-2.8,0.0,2.12,-0.33,44.0,2.24,16.0,0.5,0.7,0.7,-14.2,0.0,18.0,-0.3,43.0,16.6,14.0,0.6,0.7,0.6,1.02,2.1,3.57,2.22,41.0,1.38,14.0,0.6,0.7,0.7,3.5,15.9,34.9,16.7,41.0,14.1,14.0,0.6,0.7,0.7,5.4,39.8,91.6,44.4,51.0,48.2,14.0,0.5,0.7,0.6,-130.7,-85.4,-33.8,-83.9,51.0,50.9,14.0,0.5,0.7,0.6,3.3,22.5,57.8,27.2,46.0,27.2,14.0,0.5,0.7,0.6,-73.0,-51.7,-17.6,-46.2,46.0,28.5,14.0,0.5,0.7,0.6,0.0,4.8,17.8,7.5,41.0,10.7,14.0,0.6,0.7,0.7,-24.9,-13.2,-2.9,-12.8,41.0,12.0,14.0,0.6,0.7,0.7,17.5,373.0,1092.5,628.5,51.0,776.0,14.0,0.5,0.7,0.6,20.0,375.0,1095.0,630.0,51.0,775.0,14.0,0.5,0.7,0.6
1974,2,244.0,28.0,14.11,14.8,16.7,15.34,36.0,1.48,16.0,0.7,0.3,0.3,14.27,15.2,16.1,15.2,37.0,1.01,16.0,0.7,0.4,0.3,6.14,8.32,9.19,7.95,27.0,1.55,14.0,0.7,0.3,0.3,54.1,79.8,85.6,74.4,28.0,13.8,14.0,0.7,0.3,3.1,6.6,10.3,6.8,34.0,3.7,16.0,0.7,0.3,0.3,-0.41,1.25,5.73,2.18,34.0,3.79,16.0,0.7,0.3,0.3,-8.48,-5.49,-2.32,-5.62,34.0,3.08,16.0,0.7,0.3,0.3,1017.16,1019.3,1022.49,1019.36,36.0,3.02,16.0,0.7,0.3,0.3,0.7,2.0,5.0,2.7,37.0,2.3,16.0,0.7,0.4,0.3,-1.3,7.0,51.2,23.0,34.0,43.3,16.0,0.7,0.3,0.3,-89.4,-35.7,-9.0,-48.5,34.0,42.7,16.0,0.7,0.3,0.3,-1.39,-0.25,1.41,0.09,36.0,1.82,16.0,0.7,0.3,0.3,-11.0,0.0,10.0,1.8,34.0,14.4,16.0,0.7,0.3,0.3,0.99,2.58,5.02,2.97,27.0,1.78,14.0,0.7,0.3,0.3,4.6,16.9,40.7,21.8,25.0,17.5,14.0,0.7,0.3,0.3,-6.2,18.8,87.3,32.9,34.0,57.7,16.0,0.7,0.3,0.3,-126.9,-84.3,-37.8,-85.2,34.0,46.1,16.0,0.7,0.3,0.3,-12.4,33.5,58.2,25.9,25.0,32.8,14.0,0.7,0.3,0.3,-72.1,-51.2,-22.5,-47.8,25.0,23.4,14.0,0.7,0.3,0.3,-5.1,3.5,16.7,4.7,25.0,14.0,14.0,0.7,0.3,0.3,-30.5,-12.8,-3.2,-18.1,25.0,15.5,14.0,0.7,0.3,0.3,30.0,290.5,1092.5,591.5,34.0,786.0,16.0,0.7,0.3,0.3,30.0,290.0,1095.0,590.0,34.0,785.0,16.0,0.7,0.3,0.3
1974,2,244.0,29.0,13.0,14.4,14.87,14.58,9.0,2.18,14.0,0.6,0.3,0.3,13.82,14.7,16.51,14.83,8.0,1.33,14.0,0.6,0.3,0.3,7.03,8.36,8.98,8.02,7.0,1.09,12.0,0.6,0.3,0.3,67.1,78.3,85.3,76.7,7.0,9.6,12.0,0.6,0.3,7.33,10.3,10.3,8.52,9.0,2.73,14.0,0.6,0.3,0.3,1.28,3.52,6.62,3.54,9.0,3.19,14.0,0.6,0.3,0.3,-9.47,-7.89,-4.72,-7.15,9.0,2.71,14.0,0.6,0.3,0.3,1015.42,1017.9,1021.25,1018.4,9.0,3.11,14.0,0.6,0.3,0.3,0.4,6.0,7.9,4.9,8.0,3.3,14.0,0.5,0.3,0.3,4.5,36.3,64.1,33.6,9.0,31.3,14.0,0.6,0.3,0.3,-97.6,-81.3,-35.4,-66.8,9.0,33.3,14.0,0.6,0.3,0.3,-1.89,-0.5,0.9,-0.24,8.0,1.8,14.0,0.6,0.3,0.3,-10.0,-2.1,9.2,-1.0,8.0,15.0,14.0,0.6,0.3,0.3,0.84,2.76,3.13,2.35,7.0,1.87,12.0,0.6,0.3,0.3,8.6,21.5,31.7,21.1,7.0,16.0,12.0,0.6,0.3,0.3,18.3,47.2,96.9,46.1,8.0,50.5,14.0,0.6,0.3,0.3,-131.4,-125.4,-62.7,-103.6,8.0,40.9,14.0,0.6,0.3,0.3,10.4,29.4,47.8,26.7,7.0,27.7,12.0,0.6,0.3,0.3,-72.9,-66.4,-26.6,-55.8,7.0,25.0,12.0,0.6,0.3,0.3,-0.4,6.3,14.4,5.3,7.0,11.4,12.0,0.6,0.3,0.3,-29.8,-10.7,-7.1,-17.9,7.0,15.5,12.0,0.6,0.3,0.3,395.5,1092.5,1092.5,761.5,9.0,418.5,14.0,0.6,0.3,0.3,395.0,1095.0,1095.0,760.0,9.0,420.0,14.0,0.6,0.3,0.3
1974,2,244.0,30.0,,,,,,,,,,,,,,,,,,,,,,,,,,,,,,,,,,,,,,,,0.0,0.0,0.0,0.0,1.0,0.0,24.0,0.0,0.4,0.5,0.0,0.0,0.0,0.0,1.0,0.0,24.0,0.0,0.4,0.5,0.0,0.0,0.0,0.0,1.0,0.0,24.0,0.0,0.4,0.5,1020.0,1020.0,1020.0,1020.0,1.0,0.0,24.0,0.0,0.4,0.5,,,,,,,,,,,,,,,,,,,,,,,,,,,,,,,,,,,,,,,,,,,,,,,,,,,,,,,,,,,,,,,,,,,,,,,,,,,,,,,,,,,,,,,,,,,,,,,,,,,,,,,,,,,,,,,,,,,,,,,,,,,,,,,,,,,,,,,,,,,,,,,,,,,,,,
1974,2,245.0,-37.0,21.0,21.0,21.0,21.0,1.0,0.0,28.0,0.0,0.9,0.4,18.5,18.5,18.5,18.5,1.0,0.0,28.0,0.0,0.9,0.4,9.01,9.01,9.01,9.01,1.0,0.0,28.0,0.0,0.9,0.4,69.4,69.4,69.4,69.4,1.0,0.0,28.0,0.0,0.4,4.1,4.1,4.1,4.1,1.0,0.0,28.0,0.0,0.9,0.4,-4.1,-4.1,-4.1,-4.1,1.0,0.0,28.0,0.0,0.9,0.4,0.0,0.0,0.0,0.0,1.0,0.0,28.0,0.0,0.9,0.4,1029.7,1029.7,1029.7,1029.7,1.0,0.0,28.0,0.0,0.9,0.4,3.0,3.0,3.0,3.0,1.0,0.0,28.0,0.0,0.9,0.4,-16.8,-16.8,-16.8,-16.8,1.0,0.0,28.0,0.0,0.9,0.4,0.0,0.0,0.0,0.0,1.0,0.0,28.0,0.0,0.9,0.4,2.5,2.5,2.5,2.5,1.0,0.0,28.0,0.0,0.9,0.4,10.3,10.3,10.3,10.3,1.0,0.0,28.0,0.0,0.9,0.4,6.21,6.21,6.21,6.21,1.0,0.0,28.0,0.0,0.9,0.4,25.5,25.5,25.5,25.5,1.0,0.0,28.0,0.0,0.9,0.4,-75.8,-75.8,-75.8,-75.8,1.0,0.0,28.0,0.0,0.9,0.4,0.0,0.0,0.0,0.0,1.0,0.0,28.0,0.0,0.9,0.4,-37.0,-37.0,-37.0,-37.0,1.0,0.0,28.0,0.0,0.9,0.4,0.0,0.0,0.0,0.0,1.0,0.0,28.0,0.0,0.9,0.4,-25.5,-25.5,-25.5,-25.5,1.0,0.0,28.0,0.0,0.9,0.4,0.0,0.0,0.0,0.0,1.0,0.0,28.0,0.0,0.9,0.4,69.0,69.0,69.0,69.0,1.0,0.0,28.0,0.0,0.9,0.4,70.0,70.0,70.0,70.0,1.0,0.0,28.0,0.0,0.9,0.4
1974,2,245.0,-28.0,,,,,,,,,,,,,,,,,,,,,,,,,,,,,,,,,,,,,,,,10.0,10.0,10.0,10.0,1.0,0.0,10.0,1.0,0.5,0.6,-7.66,-7.66,-7.66,-7.66,1.0,0.0,10.0,1.0,0.5,0.6,-6.43,-6.43,-6.43,-6.43,1.0,0.0,10.0,1.0,0.5,0.6,1027.0,1027.0,1027.0,1027.0,1.0,0.0,10.0,1.0,0.5,0.6,,,,,,,,,,,,,,,,,,,,,,,,,,,,,,,,,,,,,,,,,,,,,,,,,,,,,,,,,,,,,,,,,,,,,,,,,,,,,,,,,,,,,,,,,,,,,,,,,,,,,,,,,,,,,,,,,,,,,,,,,,,,,,,,,,,,,,,,,,,,,,,,,,,,,,
1974,2,245.0,-27.0,,,,,,,,,,,,,,,,,,,,,,,,,,,,,,,,,,,,,,,,3.6,3.6,3.6,3.6,1.0,0.0,24.0,1.0,0.3,0.8,-3.55,-3.55,-3.55,-3.55,1.0,0.0,24.0,1.0,0.3,0.8,-0.63,-0.63,-0.63,-0.63,1.0,0.0,24.0,1.0,0.3,0.8,1019.4,1019.4,1019.4,1019.4,1.0,0.0,24.0,1.0,0.3,0.8,2.0,2.0,2.0,2.0,1.0,0.0,24.0,1.0,0.3,0.8,-12.8,-12.8,-12.8,-12.8,1.0,0.0,24.0,1.0,0.3,0.8,-2.3,-2.3,-2.3,-2.3,1.0,0.0,24.0,1.0,0.3,0.8,,,,,,,,,,,,,,,,,,,,,,,,,,,,,,,,,,,,,,,,,-94.0,-94.0,-94.0,-94.0,1.0,0.0,24.0,1.0,0.3,0.8,-16.6,-16.6,-16.6,-16.6,1.0,0.0,24.0,1.0,0.3,0.8,-56.6,-56.6,-56.6,-56.6,1.0,0.0,24.0,1.0,0.3,0.8,-10.0,-10.0,-10.0,-10.0,1.0,0.0,24.0,1.0,0.3,0.8,,,,,,,,,,,,,,,,,,,,,,,,,,,,,,,,,,,,,,,,
1974,2,245.0,-26.0,,,,,,,,,,,,,,,,,,,,,,,,,,,,,,,,,,,,,,,,4.6,4.6,4.6,4.6,1.0,0.0,4.0,1.0,0.5,0.5,-4.32,-4.32,-4.32,-4.32,1.0,0.0,4.0,1.0,0.5,0.5,-1.57,-1.57,-1.57,-1.57,1.0,0.0,4.0,1.0,0.5,0.5,1022.6,1022.6,1022.6,1022.6,1.0,0.0,4.0,1.0,0.5,0.5,6.0,6.0,6.0,6.0,1.0,0.0,4.0,1.0,0.5,0.5,-19.9,-19.9,-19.9,-19.9,1.0,0.0,4.0,1.0,0.5,0.5,-7.2,-7.2,-7.2,-7.2,1.0,0.0,4.0,1.0,0.5,0.5,,,,,,,,,,,,,,,,,,,,,,,,,,,,,,,,,,,,,,,,,-107.2,-107.2,-107.2,-107.2,1.0,0.0,4.0,1.0,0.5,0.5,-39.0,-39.0,-39.0,-39.0,1.0,0.0,4.0,1.0,0.5,0.5,-69.6,-69.6,-69.6,-69.6,1.0,0.0,4.0,1.0,0.5,0.5,-25.3,-25.3,-25.3,-25.3,1.0,0.0,4.0,1.0,0.5,0.5,,,,,,,,,,,,,,,,,,,,,,,,,,,,,,,,,,,,,,,,
1974,2,245.0,-24.0,24.8,24.8,24.8,24.8,1.0,0.0,16.0,0.0,0.8,0.7,23.9,23.9,23.9,23.9,1.0,0.0,16.0,0.0,0.8,0.7,14.14,14.14,14.14,14.14,1.0,0.0,16.0,0.0,0.8,0.7,77.4,77.4,77.4,77.4,1.0,0.0,16.0,0.0,0.7,9.8,9.8,9.8,9.8,1.0,0.0,16.0,0.0,0.8,0.7,-9.21,-9.21,-9.21,-9.21,1.0,0.0,16.0,0.0,0.8,0.7,-3.35,-3.35,-3.35,-3.35,1.0,0.0,16.0,0.0,0.8,0.7,1022.6,1022.6,1022.6,1022.6,1.0,0.0,16.0,0.0,0.8,0.7,4.0,4.0,4.0,4.0,1.0,0.0,16.0,0.0,0.8,0.7,-90.2,-90.2,-90.2,-90.2,1.0,0.0,16.0,0.0,0.8,0.7,-32.8,-32.8,-32.8,-32.8,1.0,0.0,16.0,0.0,0.8,0.7,0.9,0.9,0.9,0.9,1.0,0.0,16.0,0.0,0.8,0.7,8.8,8.8,8.8,8.8,1.0,0.0,16.0,0.0,0.8,0.7,5.22,5.22,5.22,5.22,1.0,0.0,16.0,0.0,0.8,0.7,51.1,51.1,51.1,51.1,1.0,0.0,16.0,0.0,0.8,0.7,-220.1,-220.1,-220.1,-220.1,1.0,0.0,16.0,0.0,0.8,0.7,-80.1,-80.1,-80.1,-80.1,1.0,0.0,16.0,0.0,0.8,0.7,-130.2,-130.2,-130.2,-130.2,1.0,0.0,16.0,0.0,0.8,0.7,-47.4,-47.4,-47.4,-47.4,1.0,0.0,16.0,0.0,0.8,0.7,-48.0,-48.0,-48.0,-48.0,1.0,0.0,16.0,0.0,0.8,0.7,-17.5,-17.5,-17.5,-17.5,1.0,0.0,16.0,0.0,0.8,0.7,941.0,941.0,941.0,941.0,1.0,0.0,16.0,0.0,0.8,0.7,940.0,940.0,940.0,940.0,1.0,0.0,16.0,0.0,0.8,0.7
1974,2,245.0,-21.0,23.9,23.9,23.9,23.9,1.0,0.0,22.0,0.0,0.9,0.8,23.4,23.4,23.4,23.4,1.0,0.0,22.0,0.0,0.9,0.8,13.96,13.96,13.96,13.96,1.0,0.0,22.0,0.0,0.9,0.8,78.2,78.2,78.2,78.2,1.0,0.0,22.0,0.0,0.8,8.7,8.7,8.7,8.7,1.0,0.0,22.0,0.0,0.9,0.8,-8.57,-8.57,-8.57,-8.57,1.0,0.0,22.0,0.0,0.9,0.8,1.51,1.51,1.51,1.51,1.0,0.0,22.0,0.0,0.9,0.8,1016.3,1016.3,1016.3,1016.3,1.0,0.0,22.0,0.0,0.9,0.8,3.0,3.0,3.0,3.0,1.0,0.0,22.0,0.0,0.9,0.8,-74.5,-74.5,-74.5,-74.5,1.0,0.0,22.0,0.0,0.9,0.8,13.1,13.1,13.1,13.1,1.0,0.0,22.0,0.0,0.9,0.8,0.5,0.5,0.5,0.5,1.0,0.0,22.0,0.0,0.9,0.8,4.4,4.4,4.4,4.4,1.0,0.0,22.0,0.0,0.9,0.8,4.48,4.48,4.48,4.48,1.0,0.0,22.0,0.0,0.9,0.8,39.0,39.0,39.0,39.0,1.0,0.0,22.0,0.0,0.9,0.8,-200.5,-200.5,-200.5,-200.5,1.0,0.0,22.0,0.0,0.9,0.8,35.4,35.4,35.4,35.4,1.0,0.0,22.0,0.0,0.9,0.8,-119.6,-119.6,-119.6,-119.6,1.0,0.0,22.0,0.0,0.9,0.8,21.1,21.1,21.1,21.1,1.0,0.0,22.0,0.0,0.9,0.8,-38.4,-38.4,-38.4,-38.4,1.0,0.0,22.0,0.0,0.9,0.8,6.8,6.8,6.8,6.8,1.0,0.0,22.0,0.0,0.9,0.8,658.5,658.5,658.5,658.5,1.0,0.0,22.0,0.0,0.9,0.8,660.0,660.0,660.0,660.0,1.0,0.0,22.0,0.0,0.9,0.8
1974,2,245.0,-20.0,,,,,,,,,,,,,,,,,,,,,,,,,,,,,,,,,,,,,,,,8.0,8.0,8.0,8.0,1.0,0.0,26.0,1.0,1.0,1.0,-7.52,-7.52,-7.52,-7.52,1.0,0.0,26.0,1.0,1.0,1.0,2.74,2.74,2.74,2.74,1.0,0.0,26.0,1.0,1.0,1.0,1019.8,1019.8,1019.8,1019.8,1.0,0.0,26.0,1.0,1.0,1.0,,,,,,,,,,,,,,,,,,,,,,,,,,,,,,,,,,,,,,,,,,,,,,,,,,,,,,,,,,,,,,,,,,,,,,,,,,,,,,,,,,,,,,,,,,,,,,,,,,,,,,,,,,,,,,,,,,,,,,,,,,,,,,,,,,,,,,,,,,,,,,,,,,,,,,
1974,2,245.0,-19.0,,,,,,,,,,,,,,,,,,,,,,,,,,,,,,,,,,,,,,,,7.2,7.2,7.2,7.2,1.0,0.0,28.0,0.0,0.9,0.8,-6.24,-6.24,-6.24,-6.24,1.0,0.0,28.0,0.0,0.9,0.8,3.6,3.6,3.6,3.6,1.0,0.0,28.0,0.0,0.9,0.8,1015.0,1015.0,1015.0,1015.0,1.0,0.0,28.0,0.0,0.9,0.8,,,,,,,,,,,,,,,,,,,,,,,,,,,,,,,,,,,,,,,,,,,,,,,,,,,,,,,,,,,,,,,,,,,,,,,,,,,,,,,,,,,,,,,,,,,,,,,,,,,,,,,,,,,,,,,,,,,,,,,,,,,,,,,,,,,,,,,,,,,,,,,,,,,,,,
1974,2,245.0,-18.0,24.75,25.3,25.85,25.3,2.0,1.13,16.0,0.5,0.8,0.4,23.05,23.15,23.25,23.15,2.0,0.21,16.0,0.5,0.8,0.4,12.49,12.8,13.12,12.8,2.0,0.65,16.0,0.5,0.8,0.4,70.5,72.9,75.2,72.9,2.0,4.8,16.0,0.5,0.4,7.27,8.5,9.73,8.5,2.0,2.55,16.0,0.5,0.8,0.4,-9.45,-7.97,-6.49,-7.97,2.0,3.07,16.0,0.5,0.8,0.4,2.04,2.57,3.1,2.57,2.0,1.1,16.0,0.5,0.8,0.4,1013.67,1015.1,1016.53,1015.1,2.0,2.97,16.0,0.5,0.8,0.4,3.6,5.0,6.4,5.0,2.0,2.8,16.0,0.5,0.8,0.4,-94.1,-71.7,-49.3,-71.7,2.0,46.4,16.0,0.5,0.8,0.4,19.1,20.4,21.8,20.4,2.0,2.8,16.0,0.5,0.8,0.4,1.71,2.15,2.59,2.15,2.0,0.92,16.0,0.5,0.8,0.4,13.0,19.4,25.9,19.4,2.0,13.3,16.0,0.5,0.8,0.4,6.31,7.32,8.32,7.32,2.0,2.08,16.0,0.5,0.8,0.4,47.3,64.8,82.4,64.8,2.0,36.3,16.0,0.5,0.8,0.4,-220.0,-184.9,-149.8,-184.9,2.0,72.8,16.0,0.5,0.8,0.4,47.3,59.4,71.4,59.4,2.0,25.0,16.0,0.5,0.8,0.4,-117.5,-101.1,-84.6,-101.1,2.0,34.1,16.0,0.5,0.8,0.4,25.6,33.3,40.9,33.3,2.0,15.8,16.0,0.5,0.8,0.4,-80.4,-61.5,-42.7,-61.5,2.0,39.1,16.0,0.5,0.8,0.4,16.3,17.6,19.0,17.6,2.0,2.7,16.0,0.5,0.8,0.4,426.5,696.5,967.0,696.5,2.0,560.0,16.0,0.5,0.8,0.4,425.0,695.0,965.0,695.0,2.0,560.0,16.0,0.5,0.8,0.4
1974,2,245.0,-16.0,25.0,25.0,25.0,25.0,1.0,0.0,26.0,1.0,1.0,0.2,23.8,23.8,23.8,23.8,1.0,0.0,26.0,1.0,1.0,0.2,15.43,15.43,15.43,15.43,1.0,0.0,26.0,1.0,1.0,0.2,84.3,84.3,84.3,84.3,1.0,0.0,26.0,1.0,0.2,8.7,8.7,8.7,8.7,1.0,0.0,26.0,1.0,1.0,0.2,-8.7,-8.7,-8.7,-8.7,1.0,0.0,26.0,1.0,1.0,0.2,0.0,0.0,0.0,0.0,1.0,0.0,26.0,1.0,1.0,0.2,1015.9,1015.9,1015.9,1015.9,1.0,0.0,26.0,1.0,1.0,0.2,4.0,4.0,4.0,4.0,1.0,0.0,26.0,1.0,1.0,0.2,-75.7,-75.7,-75.7,-75.7,1.0,0.0,26.0,1.0,1.0,0.2,0.0,0.0,0.0,0.0,1.0,0.0,26.0,1.0,1.0,0.2,1.2,1.2,1.2,1.2,1.0,0.0,26.0,1.0,1.0,0.2,10.4,10.4,10.4,10.4,1.0,0.0,26.0,1.0,1.0,0.2,4.28,4.28,4.28,4.28,1.0,0.0,26.0,1.0,1.0,0.2,37.3,37.3,37.3,37.3,1.0,0.0,26.0,1.0,1.0,0.2,-207.1,-207.1,-207.1,-207.1,1.0,0.0,26.0,1.0,1.0,0.2,0.0,0.0,0.0,0.0,1.0,0.0,26.0,1.0,1.0,0.2,-134.3,-134.3,-134.3,-134.3,1.0,0.0,26.0,1.0,1.0,0.2,0.0,0.0,0.0,0.0,1.0,0.0,26.0,1.0,1.0,0.2,-37.3,-37.3,-37.3,-37.3,1.0,0.0,26.0,1.0,1.0,0.2,0.0,0.0,0.0,0.0,1.0,0.0,26.0,1.0,1.0,0.2,658.5,658.5,658.5,658.5,1.0,0.0,26.0,1.0,1.0,0.2,660.0,660.0,660.0,660.0,1.0,0.0,26.0,1.0,1.0,0.2
1974,2,245.0,-12.0,24.0,24.0,24.0,24.0,1.0,0.0,8.0,0.0,0.9,0.1,22.5,22.5,22.5,22.5,1.0,0.0,8.0,0.0,0.9,0.1,14.07,14.07,14.07,14.07,1.0,0.0,8.0,0.0,0.9,0.1,83.2,83.2,83.2,83.2,1.0,0.0,8.0,0.0,0.1,5.7,5.7,5.7,5.7,1.0,0.0,8.0,0.0,0.9,0.1,-4.94,-4.94,-4.94,-4.94,1.0,0.0,8.0,0.0,0.9,0.1,2.85,2.85,2.85,2.85,1.0,0.0,8.0,0.0,0.9,0.1,1015.0,1015.0,1015.0,1015.0,1.0,0.0,8.0,0.0,0.9,0.1,2.0,2.0,2.0,2.0,1.0,0.0,8.0,0.0,0.9,0.1,-28.1,-28.1,-28.1,-28.1,1.0,0.0,8.0,0.0,0.9,0.1,16.2,16.2,16.2,16.2,1.0,0.0,8.0,0.0,0.9,0.1,1.5,1.5,1.5,1.5,1.0,0.0,8.0,0.0,0.9,0.1,8.6,8.6,8.6,8.6,1.0,0.0,8.0,0.0,0.9,0.1,4.51,4.51,4.51,4.51,1.0,0.0,8.0,0.0,0.9,0.1,25.7,25.7,25.7,25.7,1.0,0.0,8.0,0.0,0.9,0.1,-111.1,-111.1,-111.1,-111.1,1.0,0.0,8.0,0.0,0.9,0.1,64.1,64.1,64.1,64.1,1.0,0.0,8.0,0.0,0.9,0.1,-69.4,-69.4,-69.4,-69.4,1.0,0.0,8.0,0.0,0.9,0.1,40.1,40.1,40.1,40.1,1.0,0.0,8.0,0.0,0.9,0.1,-22.3,-22.3,-22.3,-22.3,1.0,0.0,8.0,0.0,0.9,0.1,12.8,12.8,12.8,12.8,1.0,0.0,8.0,0.0,0.9,0.1,185.0,185.0,185.0,185.0,1.0,0.0,8.0,0.0,0.9,0.1,185.0,185.0,185.0,185.0,1.0,0.0,8.0,0.0,0.9,0.1
1974,2,245.0,-8.0,25.5,25.5,25.5,25.5,3.0,0.0,22.0,0.3,0.6,0.2,25.0,25.0,25.0,25.0,3.0,0.0,22.0,0.3,0.6,0.2,15.44,15.71,15.9,15.67,3.0,0.34,22.0,0.3,0.6,0.2,78.1,79.4,80.5,79.3,3.0,1.7,22.0,0.3,0.2,7.32,8.0,8.0,7.67,3.0,0.58,22.0,0.3,0.6,0.2,-7.96,-7.88,-6.99,-7.49,3.0,0.79,22.0,0.3,0.6,0.2,0.44,1.39,2.08,1.26,3.0,1.2,22.0,0.3,0.6,0.2,1010.72,1011.4,1011.47,1011.1,3.0,0.61,22.0,0.3,0.6,0.2,5.6,7.0,7.7,6.7,3.0,1.5,22.0,0.3,0.6,0.2,-63.7,-63.0,-51.4,-57.7,3.0,10.1,22.0,0.3,0.6,0.2,3.5,11.1,15.0,9.3,3.0,8.5,22.0,0.3,0.6,0.2,0.5,0.5,0.5,0.5,3.0,0.0,22.0,0.3,0.6,0.2,3.7,4.0,4.0,3.8,3.0,0.3,22.0,0.3,0.6,0.2,4.52,4.72,4.98,4.75,3.0,0.34,22.0,0.3,0.6,0.2,33.8,35.4,39.1,36.4,3.0,4.0,22.0,0.3,0.6,0.2,-199.0,-197.0,-174.8,-187.1,3.0,19.7,22.0,0.3,0.6,0.2,11.0,34.7,51.9,31.5,3.0,30.1,22.0,0.3,0.6,0.2,-124.9,-122.5,-109.4,-117.3,3.0,12.2,22.0,0.3,0.6,0.2,7.1,22.2,32.7,19.9,3.0,18.9,22.0,0.3,0.6,0.2,-38.9,-34.8,-32.3,-35.6,3.0,4.9,22.0,0.3,0.6,0.2,2.0,6.1,9.7,5.8,3.0,5.7,22.0,0.3,0.6,0.2,396.5,512.0,512.0,455.5,3.0,97.5,22.0,0.3,0.6,0.2,395.0,510.0,510.0,455.0,3.0,100.0,22.0,0.3,0.6,0.2
1974,2,245.0,-6.0,25.2,25.2,25.2,25.2,1.0,0.0,16.0,1.0,0.5,0.7,24.5,24.5,24.5,24.5,1.0,0.0,16.0,1.0,0.5,0.7,16.16,16.16,16.16,16.16,1.0,0.0,16.0,1.0,0.5,0.7,84.4,84.4,84.4,84.4,1.0,0.0,16.0,1.0,0.7,7.7,7.7,7.7,7.7,1.0,0.0,16.0,1.0,0.5,0.7,-5.9,-5.9,-5.9,-5.9,1.0,0.0,16.0,1.0,0.5,0.7,4.95,4.95,4.95,4.95,1.0,0.0,16.0,1.0,0.5,0.7,1013.3,1013.3,1013.3,1013.3,1.0,0.0,16.0,1.0,0.5,0.7,4.0,4.0,4.0,4.0,1.0,0.0,16.0,1.0,0.5,0.7,-45.4,-45.4,-45.4,-45.4,1.0,0.0,16.0,1.0,0.5,0.7,38.1,38.1,38.1,38.1,1.0,0.0,16.0,1.0,0.5,0.7,0.7,0.7,0.7,0.7,1.0,0.0,16.0,1.0,0.5,0.7,5.4,5.4,5.4,5.4,1.0,0.0,16.0,1.0,0.5,0.7,3.85,3.85,3.85,3.85,1.0,0.0,16.0,1.0,0.5,0.7,29.6,29.6,29.6,29.6,1.0,0.0,16.0,1.0,0.5,0.7,-144.5,-144.5,-144.5,-144.5,1.0,0.0,16.0,1.0,0.5,0.7,121.3,121.3,121.3,121.3,1.0,0.0,16.0,1.0,0.5,0.7,-95.3,-95.3,-95.3,-95.3,1.0,0.0,16.0,1.0,0.5,0.7,80.0,80.0,80.0,80.0,1.0,0.0,16.0,1.0,0.5,0.7,-22.7,-22.7,-22.7,-22.7,1.0,0.0,16.0,1.0,0.5,0.7,19.1,19.1,19.1,19.1,1.0,0.0,16.0,1.0,0.5,0.7,456.5,456.5,456.5,456.5,1.0,0.0,16.0,1.0,0.5,0.7,455.0,455.0,455.0,455.0,1.0,0.0,16.0,1.0,0.5,0.7
1974,2,245.0,-5.0,24.9,25.5,26.0,25.45,4.0,0.64,10.0,0.5,0.6,0.3,24.8,24.85,25.58,25.18,4.0,0.68,10.0,0.5,0.6,0.3,15.66,16.28,17.99,16.8,4.0,1.72,10.0,0.5,0.6,0.3,78.5,80.2,90.2,84.2,4.0,9.5,10.0,0.5,0.3,4.6,4.6,4.86,4.73,4.0,0.25,10.0,0.5,0.6,0.3,-3.13,-2.27,-1.17,-2.15,4.0,1.17,10.0,0.5,0.6,0.3,3.71,4.11,4.43,4.07,4.0,0.45,10.0,0.5,0.6,0.3,1010.48,1012.15,1013.04,1011.78,4.0,2.01,10.0,0.5,0.6,0.3,2.0,3.5,5.0,3.5,4.0,2.1,10.0,0.5,0.6,0.3,-15.2,-10.4,-5.4,-10.3,4.0,5.9,10.0,0.5,0.6,0.3,18.0,19.9,20.4,19.2,4.0,2.1,10.0,0.5,0.6,0.3,-0.64,0.65,1.15,0.28,4.0,1.2,10.0,0.5,0.6,0.3,-2.9,3.0,5.3,1.3,4.0,5.5,10.0,0.5,0.6,0.3,2.37,3.68,4.73,3.56,4.0,1.44,10.0,0.5,0.6,0.3,10.9,18.0,22.8,16.9,4.0,7.1,10.0,0.5,0.6,0.3,-77.5,-57.3,-30.0,-53.9,4.0,28.6,10.0,0.5,0.6,0.3,91.9,104.8,113.0,102.6,4.0,12.7,10.0,0.5,0.6,0.3,-53.8,-38.2,-19.1,-36.5,4.0,20.7,10.0,0.5,0.6,0.3,63.8,69.8,72.1,68.0,4.0,5.7,10.0,0.5,0.6,0.3,-10.1,-5.0,-4.3,-7.1,4.0,4.9,10.0,0.5,0.6,0.3,9.5,15.0,20.1,14.8,4.0,6.9,10.0,0.5,0.6,0.3,97.5,97.5,116.0,106.0,4.0,17.5,10.0,0.5,0.6,0.3,95.0,95.0,115.0,105.0,4.0,20.0,10.0,0.5,0.6,0.3
1974,2,245.0,-3.0,23.95,25.0,25.37,24.68,4.0,1.16,20.0,0.8,0.8,0.7,24.0,25.15,26.56,25.28,4.0,1.89,20.0,0.8,0.8,0.7,16.36,17.44,18.16,17.27,4.0,1.29,20.0,0.8,0.8,0.7,78.6,83.7,93.8,86.1,4.0,10.1,20.0,0.8,0.7,4.6,4.8,5.63,5.1,4.0,0.76,20.0,0.8,0.8,0.7,-4.55,-4.16,-3.45,-4.01,4.0,0.77,20.0,0.8,0.8,0.7,2.4,3.01,3.77,3.08,4.0,0.81,20.0,0.8,0.8,0.7,1009.1,1010.05,1011.94,1010.5,4.0,1.78,20.0,0.8,0.8,0.7,2.0,3.0,6.1,4.0,4.0,2.8,20.0,0.8,0.8,0.7,-25.7,-20.0,-15.9,-20.8,4.0,6.7,20.0,0.8,0.8,0.7,11.5,14.4,20.7,16.0,4.0,6.3,20.0,0.8,0.8,0.7,-1.19,-0.2,-0.05,-0.6,4.0,0.94,20.0,0.8,0.8,0.7,-7.2,-1.0,-0.2,-3.6,4.0,5.9,20.0,0.8,0.8,0.7,0.91,2.31,3.5,2.21,4.0,1.82,20.0,0.8,0.8,0.7,5.4,12.2,17.3,11.4,4.0,9.1,20.0,0.8,0.8,0.7,-121.1,-104.6,-83.2,-102.3,4.0,26.3,20.0,0.8,0.8,0.7,60.2,72.3,96.6,78.1,4.0,23.8,20.0,0.8,0.8,0.7,-79.1,-68.0,-59.3,-69.2,4.0,15.0,20.0,0.8,0.8,0.7,39.2,50.9,68.5,53.7,4.0,17.4,20.0,0.8,0.8,0.7,-14.7,-10.0,-4.4,-9.6,4.0,7.8,20.0,0.8,0.8,0.7,2.6,7.0,9.5,6.1,4.0,4.8,20.0,0.8,0.8,0.7,97.5,111.0,184.5,139.5,4.0,67.0,20.0,0.8,0.8,0.7,95.0,110.0,185.0,140.0,4.0,65.0,20.0,0.8,0.8,0.7
1974,2,245.0,3.0,26.0,26.0,26.0,26.0,1.0,0.0,24.0,1.0,0.1,0.0,25.8,25.8,25.8,25.8,1.0,0.0,24.0,1.0,0.1,0.0,17.7,17.7,17.7,17.7,1.0,0.0,24.0,1.0,0.1,0.0,85.1,85.1,85.1,85.1,1.0,0.0,24.0,1.0,0.0,3.1,3.1,3.1,3.1,1.0,0.0,24.0,1.0,0.1,0.0,-3.05,-3.05,-3.05,-3.05,1.0,0.0,24.0,1.0,0.1,0.0,-0.54,-0.54,-0.54,-0.54,1.0,0.0,24.0,1.0,0.1,0.0,1008.4,1008.4,1008.4,1008.4,1.0,0.0,24.0,1.0,0.1,0.0,5.0,5.0,5.0,5.0,1.0,0.0,24.0,1.0,0.1,0.0,-9.5,-9.5,-9.5,-9.5,1.0,0.0,24.0,1.0,0.1,0.0,-1.7,-1.7,-1.7,-1.7,1.0,0.0,24.0,1.0,0.1,0.0,0.2,0.2,0.2,0.2,1.0,0.0,24.0,1.0,0.1,0.0,0.6,0.6,0.6,0.6,1.0,0.0,24.0,1.0,0.1,0.0,3.4,3.4,3.4,3.4,1.0,0.0,24.0,1.0,0.1,0.0,10.5,10.5,10.5,10.5,1.0,0.0,24.0,1.0,0.1,0.0,-78.8,-78.8,-78.8,-78.8,1.0,0.0,24.0,1.0,0.1,0.0,-13.9,-13.9,-13.9,-13.9,1.0,0.0,24.0,1.0,0.1,0.0,-54.0,-54.0,-54.0,-54.0,1.0,0.0,24.0,1.0,0.1,0.0,-9.5,-9.5,-9.5,-9.5,1.0,0.0,24.0,1.0,0.1,0.0,-10.4,-10.4,-10.4,-10.4,1.0,0.0,24.0,1.0,0.1,0.0,-1.8,-1.8,-1.8,-1.8,1.0,0.0,24.0,1.0,0.1,0.0,30.0,30.0,30.0,30.0,1.0,0.0,24.0,1.0,0.1,0.0,30.0,30.0,30.0,30.0,1.0,0.0,24.0,1.0,0.1,0.0
1974,2,245.0,4.0,27.0,27.0,27.0,27.0,1.0,0.0,8.0,0.0,0.1,0.7,25.0,25.0,25.0,25.0,1.0,0.0,8.0,0.0,0.1,0.7,16.11,16.11,16.11,16.11,1.0,0.0,8.0,0.0,0.1,0.7,81.4,81.4,81.4,81.4,1.0,0.0,8.0,0.0,0.7,0.0,0.0,0.0,0.0,1.0,0.0,8.0,0.0,0.1,0.7,0.0,0.0,0.0,0.0,1.0,0.0,8.0,0.0,0.1,0.7,0.0,0.0,0.0,0.0,1.0,0.0,8.0,0.0,0.1,0.7,1010.3,1010.3,1010.3,1010.3,1.0,0.0,8.0,0.0,0.1,0.7,3.0,3.0,3.0,3.0,1.0,0.0,8.0,0.0,0.1,0.7,0.0,0.0,0.0,0.0,1.0,0.0,8.0,0.0,0.1,0.7,0.0,0.0,0.0,0.0,1.0,0.0,8.0,0.0,0.1,0.7,2.0,2.0,2.0,2.0,1.0,0.0,8.0,0.0,0.1,0.7,0.0,0.0,0.0,0.0,1.0,0.0,8.0,0.0,0.1,0.7,6.25,6.25,6.25,6.25,1.0,0.0,8.0,0.0,0.1,0.7,0.0,0.0,0.0,0.0,1.0,0.0,8.0,0.0,0.1,0.7,0.0,0.0,0.0,0.0,1.0,0.0,8.0,0.0,0.1,0.7,0.0,0.0,0.0,0.0,1.0,0.0,8.0,0.0,0.1,0.7,0.0,0.0,0.0,0.0,1.0,0.0,8.0,0.0,0.1,0.7,0.0,0.0,0.0,0.0,1.0,0.0,8.0,0.0,0.1,0.7,0.0,0.0,0.0,0.0,1.0,0.0,8.0,0.0,0.1,0.7,0.0,0.0,0.0,0.0,1.0,0.0,8.0,0.0,0.1,0.7,0.0,0.0,0.0,0.0,1.0,0.0,8.0,0.0,0.1,0.7,0.0,0.0,0.0,0.0,1.0,0.0,8.0,0.0,0.1,0.7
1974,2,245.0,5.0,,,,,,,,,,,,,,,,,,,,,,,,,,,,,,,,,,,,,,,,2.6,2.6,2.6,2.6,1.0,0.0,26.0,0.0,0.4,0.8,-1.99,-1.99,-1.99,-1.99,1.0,0.0,26.0,0.0,0.4,0.8,-1.67,-1.67,-1.67,-1.67,1.0,0.0,26.0,0.0,0.4,0.8,1007.5,1007.5,1007.5,1007.5,1.0,0.0,26.0,0.0,0.4,0.8,,,,,,,,,,,,,,,,,,,,,,,,,,,,,,,,,,,,,,,,,,,,,,,,,,,,,,,,,,,,,,,,,,,,,,,,,,,,,,,,,,,,,,,,,,,,,,,,,,,,,,,,,,,,,,,,,,,,,,,,,,,,,,,,,,,,,,,,,,,,,,,,,,,,,,
1974,2,245.0,7.0,25.6,25.6,25.6,25.6,1.0,0.0,2.0,1.0,0.1,0.9,26.7,26.7,26.7,26.7,1.0,0.0,2.0,1.0,0.1,0.9,20.82,20.82,20.82,20.82,1.0,0.0,2.0,1.0,0.1,0.9,94.8,94.8,94.8,94.8,1.0,0.0,2.0,1.0,0.9,7.7,7.7,7.7,7.7,1.0,0.0,2.0,1.0,0.1,0.9,-7.58,-7.58,-7.58,-7.58,1.0,0.0,2.0,1.0,0.1,0.9,1.34,1.34,1.34,1.34,1.0,0.0,2.0,1.0,0.1,0.9,1009.8,1009.8,1009.8,1009.8,1.0,0.0,2.0,1.0,0.1,0.9,8.0,8.0,8.0,8.0,1.0,0.0,2.0,1.0,0.1,0.9,-58.4,-58.4,-58.4,-58.4,1.0,0.0,2.0,1.0,0.1,0.9,10.3,10.3,10.3,10.3,1.0,0.0,2.0,1.0,0.1,0.9,-1.1,-1.1,-1.1,-1.1,1.0,0.0,2.0,1.0,0.1,0.9,-8.5,-8.5,-8.5,-8.5,1.0,0.0,2.0,1.0,0.1,0.9,-0.25,-0.25,-0.25,-0.25,1.0,0.0,2.0,1.0,0.1,0.9,-1.9,-1.9,-1.9,-1.9,1.0,0.0,2.0,1.0,0.1,0.9,-202.5,-202.5,-202.5,-202.5,1.0,0.0,2.0,1.0,0.1,0.9,35.7,35.7,35.7,35.7,1.0,0.0,2.0,1.0,0.1,0.9,-157.9,-157.9,-157.9,-157.9,1.0,0.0,2.0,1.0,0.1,0.9,27.8,27.8,27.8,27.8,1.0,0.0,2.0,1.0,0.1,0.9,1.9,1.9,1.9,1.9,1.0,0.0,2.0,1.0,0.1,0.9,-0.3,-0.3,-0.3,-0.3,1.0,0.0,2.0,1.0,0.1,0.9,456.5,456.5,456.5,456.5,1.0,0.0,2.0,1.0,0.1,0.9,455.0,455.0,455.0,455.0,1.0,0.0,2.0,1.0,0.1,0.9
1974,2,245.0,11.0,26.0,26.0,26.0,26.0,2.0,0.0,20.0,0.5,0.6,0.6,25.17,25.55,25.93,25.55,2.0,0.78,20.0,0.5,0.6,0.6,14.63,14.85,15.06,14.85,2.0,0.45,20.0,0.5,0.6,0.6,70.3,72.8,75.4,72.8,2.0,5.3,20.0,0.5,0.6,8.8,9.0,9.2,9.0,2.0,0.42,20.0,0.5,0.6,0.6,-5.44,-5.12,-4.8,-5.12,2.0,0.67,20.0,0.5,0.6,0.6,-7.83,-7.36,-6.89,-7.36,2.0,0.98,20.0,0.5,0.6,0.6,1009.4,1011.35,1013.3,1011.35,2.0,4.03,20.0,0.5,0.6,0.6,3.8,5.5,7.2,5.5,2.0,3.5,20.0,0.5,0.6,0.6,-47.8,-45.9,-44.1,-45.9,2.0,3.8,20.0,0.5,0.6,0.6,-72.2,-66.4,-60.7,-66.4,2.0,12.0,20.0,0.5,0.6,0.6,0.07,0.45,0.83,0.45,2.0,0.78,20.0,0.5,0.6,0.6,0.6,3.9,7.2,3.9,2.0,6.8,20.0,0.5,0.6,0.6,6.01,6.19,6.37,6.19,2.0,0.37,20.0,0.5,0.6,0.6,52.9,55.8,58.7,55.8,2.0,5.9,20.0,0.5,0.6,0.6,-136.9,-130.6,-124.3,-130.6,2.0,13.0,20.0,0.5,0.6,0.6,-203.3,-188.4,-173.5,-188.4,2.0,30.8,20.0,0.5,0.6,0.6,-82.1,-76.2,-70.3,-76.2,2.0,12.2,20.0,0.5,0.6,0.6,-114.5,-109.0,-103.6,-109.0,2.0,11.3,20.0,0.5,0.6,0.6,-32.7,-31.6,-30.5,-31.6,2.0,2.2,20.0,0.5,0.6,0.6,-50.0,-45.7,-41.5,-45.7,2.0,8.8,20.0,0.5,0.6,0.6,681.5,731.5,781.0,731.5,2.0,103.0,20.0,0.5,0.6,0.6,680.0,730.0,780.0,730.0,2.0,105.0,20.0,0.5,0.6,0.6
1974,2,245.0,12.0,25.44,26.8,27.37,26.5,5.0,1.17,12.0,0.6,0.5,0.4,24.9,27.1,28.37,26.92,6.0,1.95,14.0,0.7,0.5,0.4,16.18,16.56,18.21,17.18,3.0,1.58,4.0,0.3,0.4,0.7,83.6,83.9,84.1,83.8,3.0,0.4,4.0,0.3,0.7,7.49,7.95,10.0,8.38,6.0,1.34,14.0,0.7,0.5,0.4,-8.91,-6.25,-4.82,-6.71,6.0,2.23,14.0,0.7,0.5,0.4,-5.98,-5.07,-2.45,-4.45,6.0,1.84,14.0,0.7,0.5,0.4,1010.93,1011.5,1013.51,1012.08,5.0,1.37,12.0,0.6,0.5,0.4,3.8,5.5,8.0,5.7,6.0,2.3,14.0,0.7,0.5,0.4,-89.1,-49.5,-36.2,-58.5,6.0,28.0,14.0,0.7,0.5,0.4,-50.3,-39.9,-19.7,-36.5,6.0,15.0,14.0,0.7,0.5,0.4,-1.95,0.0,1.28,-0.2,5.0,1.85,12.0,0.6,0.5,0.4,-17.3,0.0,10.1,-2.3,5.0,15.3,12.0,0.6,0.5,0.4,1.85,4.06,5.44,3.65,3.0,2.65,4.0,0.3,0.4,0.7,14.9,33.3,42.5,28.8,3.0,20.6,4.0,0.3,0.4,0.7,-246.1,-155.9,-129.5,-181.9,6.0,68.8,14.0,0.7,0.5,0.4,-157.7,-139.4,-61.9,-118.7,6.0,48.0,14.0,0.7,0.5,0.4,-108.9,-94.0,-89.4,-99.0,3.0,14.9,4.0,0.3,0.4,0.7,-109.5,-104.0,-61.8,-86.0,3.0,38.2,4.0,0.3,0.4,0.7,-36.8,-21.4,-9.6,-23.2,3.0,20.0,4.0,0.3,0.4,0.7,-22.5,-16.0,-8.4,-15.5,3.0,10.3,4.0,0.3,0.4,0.7,424.5,504.0,1000.0,627.5,6.0,299.5,14.0,0.7,0.5,0.4,425.0,505.0,1000.0,630.0,6.0,300.0,14.0,0.7,0.5,0.4
1974,2,245.0,13.0,25.69,26.1,26.17,25.93,3.0,0.38,8.0,0.7,0.2,0.5,25.38,26.2,27.43,26.4,3.0,1.51,8.0,0.7,0.2,0.5,17.22,17.45,17.52,17.38,3.0,0.23,8.0,0.7,0.2,0.5,76.9,82.6,85.6,81.3,3.0,6.5,8.0,0.7,0.5,7.53,9.3,9.3,8.43,3.0,1.5,8.0,0.7,0.2,0.5,-7.12,-7.12,-5.76,-6.46,3.0,1.15,8.0,0.7,0.2,0.5,-5.98,-5.98,-4.84,-5.42,3.0,0.96,8.0,0.7,0.2,0.5,1012.23,1016.6,1017.08,1014.7,3.0,3.91,8.0,0.7,0.2,0.5,4.0,4.0,6.0,5.0,3.0,1.7,8.0,0.7,0.2,0.5,-66.3,-66.3,-44.5,-55.6,3.0,18.4,8.0,0.7,0.2,0.5,-55.6,-55.6,-37.3,-46.7,3.0,15.4,8.0,0.7,0.2,0.5,-1.74,-0.1,0.79,-0.47,3.0,1.88,8.0,0.7,0.2,0.5,-16.1,-0.7,7.4,-4.3,3.0,17.5,8.0,0.7,0.2,0.5,3.11,3.61,3.91,3.51,3.0,0.59,8.0,0.7,0.2,0.5,25.0,26.8,34.2,29.5,3.0,7.2,8.0,0.7,0.2,0.5,-192.7,-178.1,-148.3,-170.7,3.0,33.1,8.0,0.7,0.2,0.5,-161.7,-149.4,-124.5,-143.2,3.0,27.8,8.0,0.7,0.2,0.5,-124.1,-122.0,-99.8,-112.2,3.0,19.7,8.0,0.7,0.2,0.5,-104.1,-102.3,-83.8,-94.1,3.0,16.5,8.0,0.7,0.2,0.5,-26.2,-20.5,-19.1,-22.6,3.0,5.5,8.0,0.7,0.2,0.5,-22.0,-17.2,-16.1,-19.0,3.0,4.6,8.0,0.7,0.2,0.5,460.5,804.5,804.5,636.5,3.0,291.0,8.0,0.7,0.2,0.5,460.0,805.0,805.0,635.0,3.0,290.0,8.0,0.7,0.2,0.5
1974,2,245.0,14.0,25.55,25.9,26.62,26.08,4.0,0.69,14.0,0.0,0.3,0.4,22.05,23.55,23.95,23.03,4.0,1.4,14.0,0.0,0.3,0.4,12.8,13.23,14.61,13.69,4.0,1.35,14.0,0.0,0.3,0.4,71.0,78.0,85.9,78.4,4.0,8.6,14.0,0.0,0.4,5.1,6.4,7.96,6.53,4.0,1.66,14.0,0.0,0.3,0.4,-4.95,-2.4,-0.42,-2.67,4.0,2.72,14.0,0.0,0.3,0.4,-6.69,-4.99,-4.07,-5.36,4.0,2.06,14.0,0.0,0.3,0.4,1013.38,1014.4,1014.95,1014.18,4.0,0.98,14.0,0.0,0.3,0.4,3.5,4.5,6.6,5.0,4.0,2.2,14.0,0.0,0.3,0.4,-33.3,-12.2,-2.2,-17.5,4.0,20.5,14.0,0.0,0.3,0.4,-53.4,-31.9,-21.0,-36.9,4.0,22.0,14.0,0.0,0.3,0.4,2.32,3.0,3.79,3.05,4.0,1.14,14.0,0.0,0.3,0.4,11.8,19.2,30.3,21.0,4.0,12.1,14.0,0.0,0.3,0.4,6.74,7.2,8.07,7.4,4.0,0.87,14.0,0.0,0.3,0.4,40.9,47.3,53.8,47.4,4.0,8.0,14.0,0.0,0.3,0.4,-118.6,-57.0,-9.8,-63.9,4.0,65.5,14.0,0.0,0.3,0.4,-146.8,-117.7,-96.5,-121.5,4.0,38.6,14.0,0.0,0.3,0.4,-72.5,-31.0,-5.3,-38.5,4.0,41.9,14.0,0.0,0.3,0.4,-94.7,-70.4,-52.5,-73.5,4.0,28.5,14.0,0.0,0.3,0.4,-34.4,-18.5,-3.6,-19.0,4.0,18.2,14.0,0.0,0.3,0.4,-50.1,-37.9,-28.5,-39.2,4.0,13.7,14.0,0.0,0.3,0.4,132.5,294.5,506.0,318.5,4.0,218.0,14.0,0.0,0.3,0.4,135.0,295.0,505.0,320.0,4.0,220.0,14.0,0.0,0.3,0.4
1974,2,245.0,15.0,25.45,26.5,28.0,26.64,7.0,1.41,14.0,0.7,0.4,0.3,23.03,24.85,25.91,24.78,8.0,1.72,12.0,0.6,0.4,0.3,12.92,13.6,13.99,13.46,4.0,0.65,4.0,0.3,0.5,0.4,71.6,73.2,76.5,74.0,5.0,3.8,8.0,0.4,0.4,5.22,7.7,11.52,8.11,8.0,2.75,12.0,0.6,0.4,0.3,-4.59,-3.97,-2.86,-3.83,8.0,0.96,12.0,0.6,0.4,0.3,-10.75,-7.24,-3.35,-6.9,8.0,3.28,12.0,0.6,0.4,0.3,1013.49,1014.5,1017.0,1014.89,7.0,1.54,10.0,0.6,0.4,0.3,2.1,3.0,5.7,3.5,8.0,2.0,12.0,0.6,0.4,0.3,-47.1,-28.1,-18.0,-31.3,8.0,13.8,12.0,0.6,0.4,0.3,-124.6,-55.9,-19.3,-63.6,8.0,47.9,12.0,0.6,0.4,0.3,0.0,2.2,2.83,1.83,7.0,1.39,14.0,0.7,0.4,0.3,0.0,14.0,33.1,16.7,7.0,14.3,14.0,0.7,0.4,0.3,5.8,7.14,8.39,7.09,3.0,1.9,6.0,0.3,0.5,0.5,40.1,48.1,59.4,49.7,3.0,14.2,6.0,0.3,0.5,0.5,-106.6,-101.6,-69.6,-95.7,8.0,29.0,12.0,0.6,0.4,0.3,-269.4,-170.4,-87.3,-169.5,8.0,81.2,12.0,0.6,0.4,0.3,-54.7,-41.3,-35.0,-44.7,4.0,14.5,4.0,0.3,0.5,0.4,-110.3,-96.7,-67.8,-89.4,4.0,27.8,4.0,0.3,0.5,0.4,-23.8,-23.4,-22.5,-23.2,3.0,1.0,6.0,0.3,0.5,0.5,-54.7,-41.7,-32.3,-43.4,3.0,16.5,6.0,0.3,0.5,0.5,144.5,462.5,1550.0,700.5,8.0,648.5,12.0,0.6,0.4,0.3,145.0,460.0,1550.0,700.0,8.0,650.0,12.0,0.6,0.4,0.3
1974,2,245.0,16.0,24.48,25.0,25.42,24.95,4.0,0.74,22.0,1.0,0.4,0.7,22.9,23.35,25.57,24.07,6.0,1.72,20.0,0.7,0.6,0.5,12.52,13.8,15.17,13.86,5.0,1.51,18.0,0.8,0.5,0.6,70.7,74.3,75.5,73.2,5.0,2.7,18.0,0.8,0.6,2.37,3.35,5.64,3.93,6.0,2.24,20.0,0.7,0.6,0.5,-3.4,-1.76,-0.36,-1.85,6.0,1.61,20.0,0.7,0.6,0.5,-4.48,-2.85,-2.25,-3.37,6.0,1.8,20.0,0.7,0.6,0.5,1012.19,1013.5,1017.02,1013.92,6.0,3.05,20.0,0.7,0.6,0.5,1.6,3.0,3.4,2.6,5.0,1.1,22.0,0.8,0.5,0.6,-19.4,-6.6,-0.9,-10.1,6.0,11.6,20.0,0.7,0.6,0.5,-26.4,-9.8,-5.5,-16.6,6.0,18.1,20.0,0.7,0.6,0.5,-1.14,0.4,2.2,0.53,4.0,2.22,22.0,1.0,0.4,0.7,-4.5,3.6,12.5,4.0,4.0,10.8,22.0,1.0,0.4,0.7,4.4,5.72,7.23,5.81,4.0,1.75,22.0,1.0,0.4,0.7,14.4,28.1,45.4,29.8,4.0,18.2,22.0,1.0,0.4,0.7,-76.8,-46.8,-8.2,-44.4,6.0,37.8,20.0,0.7,0.6,0.5,-101.4,-73.2,-54.1,-80.3,6.0,40.6,20.0,0.7,0.6,0.5,-43.6,-41.8,-8.3,-28.7,5.0,20.8,18.0,0.8,0.5,0.6,-61.1,-49.8,-30.5,-47.4,5.0,22.1,18.0,0.8,0.5,0.6,-25.5,-17.7,-7.2,-16.4,4.0,10.7,22.0,1.0,0.4,0.7,-37.4,-21.6,-12.2,-24.6,4.0,15.3,22.0,1.0,0.4,0.7,14.5,43.0,199.5,116.0,6.0,173.5,20.0,0.7,0.6,0.5,15.0,45.0,200.0,115.0,6.0,175.0,20.0,0.7,0.6,0.5
1974,2,245.0,17.0,23.24,24.5,25.42,24.78,9.0,1.79,16.0,0.6,0.5,0.2,21.0,23.3,23.87,22.51,9.0,1.56,16.0,0.4,0.5,0.3,11.66,12.25,15.96,13.31,9.0,2.16,16.0,0.4,0.5,0.3,68.9,79.0,87.0,78.3,9.0,8.1,16.0,0.4,0.3,4.53,6.2,7.7,6.01,10.0,1.79,16.0,0.5,0.5,0.3,-5.77,-3.37,-2.55,-3.58,10.0,2.42,16.0,0.5,0.5,0.3,-5.86,-4.26,-1.39,-3.62,10.0,2.94,16.0,0.5,0.5,0.3,1013.94,1016.25,1018.0,1016.07,10.0,2.3,16.0,0.5,0.5,0.3,1.4,3.0,7.0,3.6,10.0,2.6,16.0,0.5,0.5,0.3,-43.0,-19.6,-9.3,-22.6,10.0,20.9,16.0,0.5,0.5,0.3,-40.1,-26.0,-5.3,-23.1,10.0,22.4,16.0,0.5,0.5,0.3,0.07,1.45,2.0,1.44,8.0,1.54,14.0,0.5,0.5,0.2,0.2,7.2,14.3,9.7,8.0,12.5,14.0,0.5,0.5,0.2,2.45,5.73,7.8,5.3,8.0,2.33,14.0,0.5,0.5,0.2,14.6,20.8,59.0,31.8,8.0,21.8,14.0,0.5,0.5,0.2,-90.0,-75.6,-59.7,-70.2,9.0,46.7,16.0,0.4,0.5,0.3,-131.4,-95.0,-63.6,-96.8,9.0,47.7,16.0,0.4,0.5,0.3,-60.5,-41.9,-32.4,-42.5,9.0,27.6,16.0,0.4,0.5,0.3,-84.6,-53.3,-38.5,-57.2,9.0,26.8,16.0,0.4,0.5,0.3,-20.7,-15.7,-6.0,-16.2,8.0,19.5,14.0,0.5,0.5,0.2,-36.1,-13.6,-10.4,-22.8,8.0,19.0,14.0,0.5,0.5,0.2,96.0,238.5,456.5,266.5,10.0,183.5,16.0,0.5,0.5,0.3,95.0,240.0,455.0,265.0,10.0,185.0,16.0,0.5,0.5,0.3
1974,2,245.0,18.0,22.59,24.5,25.11,23.82,5.0,1.94,12.0,0.6,0.6,0.4,20.17,22.45,24.79,22.48,4.0,2.76,14.0,0.5,0.5,0.3,9.83,12.83,14.31,12.1,4.0,2.87,14.0,0.5,0.5,0.3,62.5,74.0,79.5,71.1,4.0,12.1,14.0,0.5,0.3,4.73,7.7,8.38,6.76,5.0,2.03,12.0,0.6,0.6,0.4,-2.87,-2.55,1.86,-0.75,5.0,2.99,12.0,0.6,0.6,0.4,-7.88,-6.67,-4.28,-6.2,5.0,1.89,12.0,0.6,0.6,0.4,1014.36,1016.0,1017.61,1015.88,5.0,1.98,12.0,0.6,0.6,0.4,2.6,3.0,5.5,4.0,5.0,2.3,12.0,0.6,0.6,0.4,-24.1,-13.0,12.7,-5.9,5.0,22.8,12.0,0.6,0.6,0.4,-66.1,-51.3,-20.3,-44.9,5.0,24.3,12.0,0.6,0.6,0.4,-0.02,0.75,2.0,0.98,4.0,1.43,14.0,0.5,0.5,0.3,0.7,6.3,15.6,8.1,4.0,10.5,14.0,0.5,0.5,0.3,4.16,5.09,7.76,5.92,4.0,2.88,14.0,0.5,0.5,0.3,27.3,35.7,61.2,43.9,4.0,23.7,14.0,0.5,0.5,0.3,-68.4,-59.9,16.1,-27.7,4.0,72.4,14.0,0.5,0.5,0.3,-174.3,-144.8,-125.4,-149.6,4.0,34.9,14.0,0.5,0.5,0.3,-39.6,-34.6,1.3,-19.9,4.0,34.7,14.0,0.5,0.5,0.3,-102.8,-76.5,-59.4,-80.9,4.0,27.1,14.0,0.5,0.5,0.3,-14.1,-11.4,15.7,0.3,4.0,25.8,14.0,0.5,0.5,0.3,-54.6,-33.5,-24.6,-39.3,4.0,20.1,14.0,0.5,0.5,0.3,109.5,456.5,590.5,373.5,5.0,260.0,12.0,0.6,0.6,0.4,110.0,455.0,590.0,375.0,5.0,260.0,12.0,0.6,0.6,0.4
1974,2,245.0,19.0,20.82,21.7,22.67,21.82,5.0,1.34,16.0,0.8,0.5,0.2,20.77,21.2,21.49,21.14,5.0,0.64,16.0,0.8,0.5,0.2,9.82,10.63,11.73,10.77,4.0,1.21,16.0,0.8,0.5,0.3,65.2,70.3,73.3,69.3,4.0,5.8,16.0,0.8,0.3,4.23,5.1,6.61,5.44,5.0,1.72,16.0,0.8,0.5,0.2,-2.26,-1.74,0.57,-0.99,5.0,1.76,16.0,0.8,0.5,0.2,-6.21,-4.79,-4.06,-5.16,5.0,1.56,16.0,0.8,0.5,0.2,1014.53,1016.5,1017.07,1015.94,5.0,1.34,16.0,0.8,0.5,0.2,0.6,2.0,5.1,2.8,5.0,2.8,16.0,0.8,0.5,0.2,-15.5,-8.9,2.6,-7.2,5.0,11.5,16.0,0.8,0.5,0.2,-42.5,-24.4,-17.4,-30.2,5.0,19.5,16.0,0.8,0.5,0.2,-0.17,0.5,1.53,0.68,5.0,1.37,16.0,0.8,0.5,0.2,-0.6,2.9,7.8,3.7,5.0,6.8,16.0,0.8,0.5,0.2,3.93,4.92,5.96,4.94,4.0,1.51,16.0,0.8,0.5,0.3,19.2,26.0,34.6,26.9,4.0,11.0,16.0,0.8,0.5,0.3,-46.7,-37.0,12.6,-20.2,5.0,37.4,16.0,0.8,0.5,0.2,-128.3,-101.6,-88.1,-108.8,5.0,32.8,16.0,0.8,0.5,0.2,-25.7,-9.9,10.1,-7.9,4.0,22.3,16.0,0.8,0.5,0.3,-70.7,-53.8,-43.2,-56.8,4.0,21.2,16.0,0.8,0.5,0.3,-11.8,-4.7,2.6,-4.6,4.0,8.6,16.0,0.8,0.5,0.3,-32.5,-25.2,-18.8,-25.6,4.0,10.3,16.0,0.8,0.5,0.3,79.0,132.5,319.0,202.5,5.0,201.5,16.0,0.8,0.5,0.2,80.0,135.0,320.0,205.0,5.0,200.0,16.0,0.8,0.5,0.2
1974,2,245.0,20.0,19.48,20.5,21.52,20.5,2.0,2.12,16.0,0.5,0.6,0.5,19.32,20.0,20.68,20.0,2.0,1.41,16.0,0.5,0.6,0.5,10.1,10.53,10.97,10.53,2.0,0.9,16.0,0.5,0.6,0.5,67.1,73.2,79.4,73.2,2.0,12.7,16.0,0.5,0.5,3.26,3.6,3.94,3.6,2.0,0.71,16.0,0.5,0.6,0.5,-2.64,-1.57,-0.5,-1.57,2.0,2.22,16.0,0.5,0.6,0.5,-3.03,-2.87,-2.71,-2.87,2.0,0.33,16.0,0.5,0.6,0.5,1015.07,1015.85,1016.64,1015.85,2.0,1.63,16.0,0.5,0.6,0.5,2.6,4.0,5.4,4.0,2.0,2.8,16.0,0.5,0.6,0.5,-10.8,-6.4,-2.0,-6.4,2.0,9.1,16.0,0.5,0.6,0.5,-10.6,-10.2,-9.8,-10.2,2.0,0.8,16.0,0.5,0.6,0.5,0.16,0.5,0.84,0.5,2.0,0.71,16.0,0.5,0.6,0.5,0.5,1.6,2.6,1.6,2.0,2.2,16.0,0.5,0.6,0.5,3.09,4.49,5.89,4.49,2.0,2.9,16.0,0.5,0.6,0.5,11.6,15.1,18.7,15.1,2.0,7.3,16.0,0.5,0.6,0.5,-50.2,-29.8,-9.5,-29.8,2.0,42.2,16.0,0.5,0.6,0.5,-62.7,-57.6,-52.5,-57.6,2.0,10.6,16.0,0.5,0.6,0.5,-29.5,-17.5,-5.6,-17.5,2.0,24.8,16.0,0.5,0.6,0.5,-30.5,-30.1,-29.6,-30.1,2.0,0.9,16.0,0.5,0.6,0.5,-6.4,-3.8,-1.2,-3.8,2.0,5.4,16.0,0.5,0.6,0.5,-18.1,-13.4,-8.6,-13.4,2.0,9.8,16.0,0.5,0.6,0.5,36.0,49.5,62.5,49.5,2.0,27.5,16.0,0.5,0.6,0.5,35.0,50.0,65.0,50.0,2.0,30.0,16.0,0.5,0.6,0.5
1974,2,245.0,21.0,18.54,19.0,19.52,19.05,6.0,0.6,18.0,0.7,0.6,0.4,17.09,18.05,19.27,18.17,6.0,1.83,18.0,0.7,0.6,0.4,8.66,9.9,10.83,9.89,6.0,1.26,18.0,0.7,0.6,0.4,72.8,78.3,81.6,76.6,6.0,7.6,18.0,0.7,0.4,2.46,5.1,9.13,5.47,6.0,3.86,18.0,0.7,0.6,0.4,-0.91,0.27,3.04,0.4,6.0,2.77,18.0,0.7,0.6,0.4,-8.72,-3.48,-2.02,-4.75,6.0,3.98,18.0,0.7,0.6,0.4,1015.38,1017.2,1018.6,1017.33,6.0,2.27,18.0,0.7,0.6,0.4,0.0,1.0,5.2,2.2,6.0,2.7,18.0,0.7,0.6,0.4,-4.7,0.8,18.6,3.6,6.0,16.6,18.0,0.7,0.6,0.4,-80.5,-16.5,-7.5,-38.4,6.0,45.8,18.0,0.7,0.6,0.4,-0.35,0.85,2.39,0.88,6.0,1.73,18.0,0.7,0.6,0.4,-1.1,5.6,15.9,6.3,6.0,9.2,18.0,0.7,0.6,0.4,2.98,3.73,4.7,3.76,6.0,1.08,18.0,0.7,0.6,0.4,5.2,21.5,30.2,19.4,6.0,14.2,18.0,0.7,0.6,0.4,-16.2,5.7,51.6,6.3,6.0,48.2,18.0,0.7,0.6,0.4,-157.7,-62.5,-36.0,-84.8,6.0,70.4,18.0,0.7,0.6,0.4,-9.6,3.2,28.7,2.9,6.0,27.7,18.0,0.7,0.6,0.4,-85.9,-35.1,-21.4,-47.6,6.0,39.3,18.0,0.7,0.6,0.4,-3.5,0.6,10.7,1.4,6.0,10.9,18.0,0.7,0.6,0.4,-28.8,-13.8,-5.1,-16.5,6.0,14.2,18.0,0.7,0.6,0.4,23.5,132.5,782.5,369.0,6.0,498.0,18.0,0.7,0.6,0.4,25.0,135.0,785.0,370.0,6.0,500.0,18.0,0.7,0.6,0.4
1974,2,245.0,22.0,18.0,19.05,20.0,19.11,12.0,1.09,16.0,0.5,0.4,0.4,16.35,18.0,20.18,18.39,11.0,1.99,16.0,0.5,0.4,0.4,9.18,9.88,12.1,10.49,11.0,1.94,16.0,0.5,0.4,0.4,70.9,78.4,90.3,79.8,11.0,10.5,16.0,0.5,0.4,2.6,5.1,8.65,5.75,11.0,2.8,16.0,0.5,0.3,0.5,-3.21,-0.89,0.67,-1.04,11.0,2.39,16.0,0.5,0.3,0.5,-8.42,-5.02,-2.26,-5.08,11.0,3.01,16.0,0.5,0.3,0.5,1015.0,1017.0,1019.13,1017.23,12.0,2.11,16.0,0.5,0.4,0.4,0.7,1.5,5.3,2.7,12.0,2.5,16.0,0.5,0.4,0.4,-18.1,-2.3,6.2,-4.4,11.0,18.7,16.0,0.5,0.3,0.5,-73.0,-25.6,-5.9,-36.4,11.0,32.4,16.0,0.5,0.3,0.5,-1.41,1.0,2.88,0.73,11.0,2.13,16.0,0.5,0.4,0.4,-4.4,7.7,14.9,5.1,10.0,11.1,16.0,0.4,0.4,0.4,1.9,3.8,4.61,3.24,11.0,1.8,16.0,0.5,0.4,0.4,3.8,16.2,34.7,17.7,10.0,15.7,16.0,0.4,0.4,0.4,-57.4,-15.4,16.4,-16.7,10.0,42.5,16.0,0.4,0.4,0.4,-153.1,-74.0,-39.6,-87.9,10.0,57.7,16.0,0.4,0.4,0.4,-30.7,-9.1,9.1,-9.2,10.0,21.9,16.0,0.4,0.4,0.4,-81.3,-44.9,-24.1,-51.4,10.0,35.7,16.0,0.4,0.4,0.4,-10.3,-1.5,3.6,-2.5,10.0,10.3,16.0,0.4,0.4,0.4,-31.0,-12.7,-1.1,-15.2,10.0,15.0,16.0,0.4,0.4,0.4,17.5,132.5,656.0,315.5,11.0,323.0,16.0,0.5,0.3,0.5,20.0,135.0,655.0,315.0,11.0,325.0,16.0,0.5,0.3,0.5
1974,2,245.0,23.0,18.25,19.0,20.0,19.08,5.0,0.91,14.0,0.4,0.9,0.4,16.93,17.8,18.37,17.72,5.0,0.88,14.0,0.4,0.9,0.4,8.29,8.67,9.35,8.79,5.0,0.55,14.0,0.4,0.9,0.4,66.7,72.4,73.9,70.3,5.0,5.1,14.0,0.4,0.4,2.1,7.7,11.48,7.22,5.0,5.26,14.0,0.4,0.9,0.4,-0.49,0.0,0.96,0.26,5.0,1.45,14.0,0.4,0.9,0.4,-11.48,-7.24,-1.92,-7.03,5.0,5.38,14.0,0.4,0.9,0.4,1014.96,1017.4,1021.49,1017.98,5.0,3.59,14.0,0.4,0.9,0.4,0.6,1.0,4.1,2.2,5.0,2.4,14.0,0.4,0.9,0.4,-1.0,0.0,7.4,3.5,5.0,9.5,14.0,0.4,0.9,0.4,-136.7,-55.7,-4.0,-73.4,5.0,84.3,14.0,0.4,0.9,0.4,0.38,1.0,2.44,1.36,5.0,1.26,14.0,0.4,0.9,0.4,0.8,6.7,16.3,8.4,5.0,8.5,14.0,0.4,0.9,0.4,3.61,4.95,6.16,4.89,5.0,1.32,14.0,0.4,0.9,0.4,11.2,26.1,62.8,36.7,5.0,32.5,14.0,0.4,0.9,0.4,-8.3,0.0,17.3,4.9,5.0,25.7,14.0,0.4,0.9,0.4,-205.7,-130.2,-33.6,-127.0,5.0,101.4,14.0,0.4,0.9,0.4,-4.0,0.0,9.0,2.7,5.0,13.1,14.0,0.4,0.9,0.4,-97.8,-67.5,-17.4,-61.1,5.0,45.0,14.0,0.4,0.9,0.4,-3.1,0.0,3.3,0.1,5.0,6.1,14.0,0.4,0.9,0.4,-62.8,-24.5,-9.3,-35.7,5.0,33.2,14.0,0.4,0.9,0.4,9.5,456.5,1688.0,880.5,5.0,1238.5,14.0,0.4,0.9,0.4,10.0,455.0,1690.0,880.0,5.0,1240.0,14.0,0.4,0.9,0.4
1974,2,245.0,24.0,18.8,18.8,18.8,18.8,1.0,0.0,12.0,1.0,0.8,0.7,18.8,18.8,18.8,18.8,1.0,0.0,12.0,1.0,0.8,0.7,11.21,11.21,11.21,11.21,1.0,0.0,12.0,1.0,0.8,0.7,83.8,83.8,83.8,83.8,1.0,0.0,12.0,1.0,0.7,5.1,5.1,5.1,5.1,1.0,0.0,12.0,1.0,0.8,0.7,3.91,3.91,3.91,3.91,1.0,0.0,12.0,1.0,0.8,0.7,-3.28,-3.28,-3.28,-3.28,1.0,0.0,12.0,1.0,0.8,0.7,1019.8,1019.8,1019.8,1019.8,1.0,0.0,12.0,1.0,0.8,0.7,3.0,3.0,3.0,3.0,1.0,0.0,12.0,1.0,0.8,0.7,19.9,19.9,19.9,19.9,1.0,0.0,12.0,1.0,0.8,0.7,-16.7,-16.7,-16.7,-16.7,1.0,0.0,12.0,1.0,0.8,0.7,0.0,0.0,0.0,0.0,1.0,0.0,12.0,1.0,0.8,0.7,0.0,0.0,0.0,0.0,1.0,0.0,12.0,1.0,0.8,0.7,2.19,2.19,2.19,2.19,1.0,0.0,12.0,1.0,0.8,0.7,11.2,11.2,11.2,11.2,1.0,0.0,12.0,1.0,0.8,0.7,73.4,73.4,73.4,73.4,1.0,0.0,12.0,1.0,0.8,0.7,-61.6,-61.6,-61.6,-61.6,1.0,0.0,12.0,1.0,0.8,0.7,43.8,43.8,43.8,43.8,1.0,0.0,12.0,1.0,0.8,0.7,-36.7,-36.7,-36.7,-36.7,1.0,0.0,12.0,1.0,0.8,0.7,8.6,8.6,8.6,8.6,1.0,0.0,12.0,1.0,0.8,0.7,-7.2,-7.2,-7.2,-7.2,1.0,0.0,12.0,1.0,0.8,0.7,132.5,132.5,132.5,132.5,1.0,0.0,12.0,1.0,0.8,0.7,135.0,135.0,135.0,135.0,1.0,0.0,12.0,1.0,0.8,0.7
1974,2,245.0,25.0,16.02,16.7,17.01,16.33,7.0,0.95,12.0,0.6,0.6,0.4,15.6,16.5,16.71,16.33,7.0,0.55,12.0,0.6,0.6,0.4,7.52,8.61,10.24,8.69,7.0,1.4,12.0,0.6,0.6,0.4,63.1,73.3,89.9,76.1,7.0,13.1,12.0,0.6,0.4,3.02,5.1,6.27,4.91,7.0,2.04,12.0,0.6,0.6,0.4,-1.34,1.55,2.6,0.88,7.0,2.09,12.0,0.6,0.6,0.4,-5.91,-4.42,-2.56,-4.27,7.0,2.41,12.0,0.6,0.6,0.4,1017.22,1018.6,1020.03,1018.59,7.0,1.68,12.0,0.6,0.6,0.4,1.9,4.0,4.1,3.3,7.0,1.9,12.0,0.6,0.6,0.4,-4.8,4.8,13.5,5.0,7.0,11.3,12.0,0.6,0.6,0.4,-37.2,-24.9,-7.9,-25.1,7.0,18.9,12.0,0.6,0.6,0.4,-0.66,0.0,0.55,0.0,7.0,1.06,12.0,0.6,0.6,0.4,-4.0,0.0,3.9,-0.8,7.0,5.1,12.0,0.6,0.6,0.4,1.03,2.72,4.3,2.79,7.0,1.81,12.0,0.6,0.6,0.4,4.5,13.2,22.6,14.9,7.0,13.2,12.0,0.6,0.6,0.4,-22.1,24.2,43.4,14.4,7.0,34.1,12.0,0.6,0.6,0.4,-98.6,-73.8,-39.9,-70.6,7.0,40.3,12.0,0.6,0.6,0.4,-9.3,12.2,27.1,8.6,7.0,19.2,12.0,0.6,0.6,0.4,-50.2,-40.6,-20.2,-35.3,7.0,18.6,12.0,0.6,0.6,0.4,-3.9,3.0,5.8,0.9,7.0,5.1,12.0,0.6,0.6,0.4,-22.2,-11.4,-3.4,-13.9,7.0,13.5,12.0,0.6,0.6,0.4,28.5,132.5,249.0,168.5,7.0,151.0,12.0,0.6,0.6,0.4,30.0,135.0,250.0,170.0,7.0,150.0,12.0,0.6,0.6,0.4
1974,2,245.0,26.0,15.0,16.3,17.0,16.14,61.0,1.14,14.0,0.4,0.7,0.6,14.33,16.0,17.75,16.18,66.0,1.96,14.0,0.4,0.7,0.5,7.5,8.74,10.11,8.84,59.0,1.44,12.0,0.4,0.7,0.5,68.2,79.1,87.8,77.5,59.0,10.4,12.0,0.4,0.5,2.6,5.1,8.7,5.64,65.0,3.1,14.0,0.4,0.7,0.5,0.0,2.0,4.58,2.28,65.0,2.6,14.0,0.4,0.7,0.5,-8.16,-3.91,-1.44,-4.57,65.0,2.95,14.0,0.4,0.7,0.5,1014.69,1017.0,1019.41,1016.98,66.0,2.41,14.0,0.4,0.7,0.5,0.0,3.0,6.0,3.4,65.0,2.6,14.0,0.4,0.7,0.5,0.0,10.8,42.4,16.8,65.0,24.3,14.0,0.4,0.7,0.5,-67.2,-19.9,-4.5,-33.9,65.0,32.4,14.0,0.4,0.7,0.5,-1.94,0.0,1.94,-0.13,61.0,2.11,14.0,0.4,0.7,0.6,-8.0,0.0,8.8,1.4,60.0,12.4,14.0,0.4,0.7,0.6,1.02,2.4,3.85,2.45,57.0,1.52,12.0,0.4,0.7,0.6,2.5,11.6,28.5,14.4,56.0,12.4,12.0,0.4,0.7,0.5,0.0,33.7,70.5,36.3,65.0,40.3,14.0,0.4,0.7,0.5,-119.7,-66.6,-25.7,-72.0,65.0,44.3,14.0,0.4,0.7,0.5,0.0,17.6,43.1,20.6,58.0,22.9,12.0,0.4,0.7,0.5,-65.5,-36.4,-13.6,-39.5,58.0,25.7,12.0,0.4,0.7,0.5,-0.6,2.9,12.1,4.5,56.0,9.2,12.0,0.4,0.7,0.5,-24.3,-7.9,-1.4,-11.6,56.0,11.1,12.0,0.4,0.7,0.5,17.5,132.5,658.5,342.0,65.0,408.5,14.0,0.4,0.7,0.5,20.0,135.0,660.0,340.0,65.0,410.0,14.0,0.4,0.7,0.5
1974,2,245.0,27.0,13.91,15.85,17.4,15.63,20.0,1.75,14.0,0.6,0.3,0.2,14.75,16.1,19.6,16.85,23.0,2.46,14.0,0.6,0.3,0.2,7.29,8.5,12.07,8.9,20.0,2.19,14.0,0.6,0.3,0.2,55.0,77.5,88.0,73.9,20.0,14.4,14.0,0.6,0.2,3.09,5.7,9.55,6.25,23.0,3.36,14.0,0.6,0.3,0.2,-0.96,2.8,5.67,2.33,23.0,3.8,14.0,0.6,0.3,0.2,-7.61,-4.42,-0.64,-4.26,23.0,3.61,14.0,0.6,0.3,0.2,1013.2,1017.0,1020.85,1017.14,23.0,3.15,14.0,0.6,0.3,0.2,0.0,2.0,5.7,2.4,22.0,2.5,14.0,0.6,0.3,0.2,-1.9,16.7,50.9,17.4,23.0,34.6,14.0,0.6,0.3,0.2,-70.0,-22.5,-1.0,-36.2,23.0,43.3,14.0,0.6,0.3,0.2,-3.5,-1.0,1.1,-1.09,20.0,3.56,14.0,0.6,0.3,0.2,-15.8,-4.2,8.4,0.4,20.0,20.3,14.0,0.6,0.3,0.2,-0.44,1.93,3.8,2.05,19.0,2.53,14.0,0.6,0.3,0.2,-1.6,9.4,38.6,16.5,19.0,21.8,14.0,0.6,0.3,0.2,-19.1,50.5,86.4,37.9,23.0,61.6,14.0,0.6,0.3,0.2,-109.8,-78.1,-14.2,-66.4,23.0,53.3,14.0,0.6,0.3,0.2,-19.5,30.4,52.9,22.6,20.0,33.5,14.0,0.6,0.3,0.2,-60.3,-36.7,-0.2,-35.1,20.0,30.0,14.0,0.6,0.3,0.2,-2.3,3.6,16.4,3.3,19.0,15.2,14.0,0.6,0.3,0.2,-29.8,-5.8,2.0,-11.4,19.0,19.6,14.0,0.6,0.3,0.2,32.0,185.0,874.0,454.5,23.0,610.5,14.0,0.6,0.3,0.2,30.0,185.0,875.0,455.0,23.0,610.0,14.0,0.6,0.3,0.2
1974,2,245.0,28.0,13.73,14.65,15.57,14.65,2.0,1.91,22.0,0.5,0.2,0.6,15.52,16.2,16.88,16.2,2.0,1.41,22.0,0.5,0.2,0.6,9.85,9.85,9.85,9.85,1.0,0.0,20.0,1.0,0.2,0.4,81.5,81.5,81.5,81.5,1.0,0.0,20.0,1.0,0.4,5.7,5.7,5.7,5.7,1.0,0.0,20.0,1.0,0.2,0.4,2.85,2.85,2.85,2.85,1.0,0.0,20.0,1.0,0.2,0.4,-4.94,-4.94,-4.94,-4.94,1.0,0.0,20.0,1.0,0.2,0.4,1019.66,1020.85,1022.04,1020.85,2.0,2.47,22.0,0.5,0.2,0.6,0.3,1.0,1.7,1.0,2.0,1.4,22.0,0.5,0.2,0.6,16.2,16.2,16.2,16.2,1.0,0.0,20.0,1.0,0.2,0.4,-28.1,-28.1,-28.1,-28.1,1.0,0.0,20.0,1.0,0.2,0.4,-1.79,-1.55,-1.31,-1.55,2.0,0.49,22.0,0.5,0.2,0.6,-6.8,-6.8,-6.8,-6.8,1.0,0.0,20.0,1.0,0.2,0.4,1.36,1.36,1.36,1.36,1.0,0.0,20.0,1.0,0.2,0.4,7.8,7.8,7.8,7.8,1.0,0.0,20.0,1.0,0.2,0.4,49.0,49.0,49.0,49.0,1.0,0.0,20.0,1.0,0.2,0.4,-84.9,-84.9,-84.9,-84.9,1.0,0.0,20.0,1.0,0.2,0.4,28.1,28.1,28.1,28.1,1.0,0.0,20.0,1.0,0.2,0.4,-48.6,-48.6,-48.6,-48.6,1.0,0.0,20.0,1.0,0.2,0.4,3.9,3.9,3.9,3.9,1.0,0.0,20.0,1.0,0.2,0.4,-6.7,-6.7,-6.7,-6.7,1.0,0.0,20.0,1.0,0.2,0.4,185.0,185.0,185.0,185.0,1.0,0.0,20.0,1.0,0.2,0.4,185.0,185.0,185.0,185.0,1.0,0.0,20.0,1.0,0.2,0.4
1974,2,246.0,-70.0,0.9,0.9,0.9,0.9,1.0,0.0,22.0,1.0,0.6,0.8,-0.6,-0.6,-0.6,-0.6,1.0,0.0,22.0,1.0,0.6,0.8,2.95,2.95,2.95,2.95,1.0,0.0,22.0,1.0,0.6,0.8,78.4,78.4,78.4,78.4,1.0,0.0,22.0,1.0,0.8,7.7,7.7,7.7,7.7,1.0,0.0,22.0,1.0,0.6,0.8,5.9,5.9,5.9,5.9,1.0,0.0,22.0,1.0,0.6,0.8,-4.95,-4.95,-4.95,-4.95,1.0,0.0,22.0,1.0,0.6,0.8,971.8,971.8,971.8,971.8,1.0,0.0,22.0,1.0,0.6,0.8,7.0,7.0,7.0,7.0,1.0,0.0,22.0,1.0,0.6,0.8,45.4,45.4,45.4,45.4,1.0,0.0,22.0,1.0,0.6,0.8,-38.1,-38.1,-38.1,-38.1,1.0,0.0,22.0,1.0,0.6,0.8,1.5,1.5,1.5,1.5,1.0,0.0,22.0,1.0,0.6,0.8,11.6,11.6,11.6,11.6,1.0,0.0,22.0,1.0,0.6,0.8,1.25,1.25,1.25,1.25,1.0,0.0,22.0,1.0,0.6,0.8,9.6,9.6,9.6,9.6,1.0,0.0,22.0,1.0,0.6,0.8,-3.5,-3.5,-3.5,-3.5,1.0,0.0,22.0,1.0,0.6,0.8,3.0,3.0,3.0,3.0,1.0,0.0,22.0,1.0,0.6,0.8,17.4,17.4,17.4,17.4,1.0,0.0,22.0,1.0,0.6,0.8,-14.6,-14.6,-14.6,-14.6,1.0,0.0,22.0,1.0,0.6,0.8,7.4,7.4,7.4,7.4,1.0,0.0,22.0,1.0,0.6,0.8,-6.2,-6.2,-6.2,-6.2,1.0,0.0,22.0,1.0,0.6,0.8,456.5,456.5,456.5,456.5,1.0,0.0,22.0,1.0,0.6,0.8,455.0,455.0,455.0,455.0,1.0,0.0,22.0,1.0,0.6,0.8
1974,2,246.0,-29.0,,,,,,,,,,,,,,,,,,,,,,,,,,,,,,,,,,,,,,,,4.0,4.0,4.0,4.0,1.0,0.0,12.0,1.0,0.7,0.5,3.06,3.06,3.06,3.06,1.0,0.0,12.0,1.0,0.7,0.5,-2.57,-2.57,-2.57,-2.57,1.0,0.0,12.0,1.0,0.7,0.5,1018.3,1018.3,1018.3,1018.3,1.0,0.0,12.0,1.0,0.7,0.5,,,,,,,,,,,,,,,,,,,,,,,,,,,,,,,,,,,,,,,,,,,,,,,,,,,,,,,,,,,,,,,,,,,,,,,,,,,,,,,,,,,,,,,,,,,,,,,,,,,,,,,,,,,,,,,,,,,,,,,,,,,,,,,,,,,,,,,,,,,,,,,,,,,,,,
1974,2,246.0,-26.0,24.26,24.6,24.94,24.6,2.0,0.71,24.0,0.0,0.6,0.8,23.43,23.7,23.97,23.7,2.0,0.57,24.0,0.0,0.6,0.8,13.38,14.22,15.06,14.22,2.0,1.74,24.0,0.0,0.6,0.8,75.1,78.4,81.8,78.4,2.0,7.0,24.0,0.0,0.8,3.18,3.35,3.52,3.35,2.0,0.35,24.0,0.0,0.6,0.8,-3.47,-3.32,-3.17,-3.32,2.0,0.31,24.0,0.0,0.6,0.8,-0.53,-0.31,-0.1,-0.31,2.0,0.44,24.0,0.0,0.6,0.8,1019.37,1020.15,1020.94,1020.15,2.0,1.63,24.0,0.0,0.6,0.8,0.2,0.5,0.8,0.5,2.0,0.7,24.0,0.0,0.6,0.8,-12.3,-11.2,-10.1,-11.2,2.0,2.2,24.0,0.0,0.6,0.8,-1.9,-1.1,-0.4,-1.1,2.0,1.6,24.0,0.0,0.6,0.8,0.83,0.9,0.97,0.9,2.0,0.14,24.0,0.0,0.6,0.8,2.7,3.0,3.4,3.0,2.0,0.8,24.0,0.0,0.6,0.8,4.5,4.95,5.41,4.95,2.0,0.95,24.0,0.0,0.6,0.8,15.7,16.4,17.1,16.4,2.0,1.4,24.0,0.0,0.6,0.8,-83.3,-78.8,-74.3,-78.8,2.0,9.3,24.0,0.0,0.6,0.8,-12.7,-7.5,-2.4,-7.5,2.0,10.7,24.0,0.0,0.6,0.8,-52.5,-47.5,-42.6,-47.5,2.0,10.2,24.0,0.0,0.6,0.8,-8.1,-4.8,-1.5,-4.8,2.0,6.8,24.0,0.0,0.6,0.8,-17.1,-16.3,-15.5,-16.3,2.0,1.6,24.0,0.0,0.6,0.8,-2.3,-1.3,-0.4,-1.3,2.0,1.9,24.0,0.0,0.6,0.8,32.5,38.0,44.0,38.0,2.0,12.0,24.0,0.0,0.6,0.8,30.0,40.0,45.0,40.0,2.0,10.0,24.0,0.0,0.6,0.8
1974,2,246.0,-25.0,26.1,26.1,26.1,26.1,1.0,0.0,2.0,1.0,0.2,1.0,25.41,25.65,25.89,25.65,2.0,0.49,4.0,1.0,0.6,0.8,14.65,15.06,15.47,15.06,2.0,0.85,4.0,1.0,0.6,0.8,70.9,74.0,77.1,74.0,2.0,6.4,4.0,1.0,0.8,5.51,6.4,7.29,6.4,2.0,1.84,4.0,1.0,0.6,0.8,-6.01,-4.61,-3.2,-4.61,2.0,2.91,4.0,1.0,0.6,0.8,-2.54,0.28,3.1,0.28,2.0,5.85,4.0,1.0,0.6,0.8,1019.31,1019.55,1019.79,1019.55,2.0,0.49,4.0,1.0,0.6,0.8,2.1,4.5,6.9,4.5,2.0,4.9,4.0,1.0,0.6,0.8,-45.3,-32.2,-19.1,-32.2,2.0,27.1,4.0,1.0,0.6,0.8,-21.4,-3.6,14.2,-3.6,2.0,36.9,4.0,1.0,0.6,0.8,0.1,0.1,0.1,0.1,1.0,0.0,2.0,1.0,0.2,1.0,0.5,0.5,0.5,0.5,1.0,0.0,2.0,1.0,0.2,1.0,6.55,6.55,6.55,6.55,1.0,0.0,2.0,1.0,0.2,1.0,33.4,33.4,33.4,33.4,1.0,0.0,2.0,1.0,0.2,1.0,-152.5,-117.5,-82.6,-117.5,2.0,72.4,4.0,1.0,0.6,0.8,-63.7,8.7,81.2,8.7,2.0,150.1,4.0,1.0,0.6,0.8,-93.7,-70.6,-47.6,-70.7,2.0,47.8,4.0,1.0,0.6,0.8,-40.6,1.8,44.1,1.8,2.0,87.8,4.0,1.0,0.6,0.8,-16.7,-16.7,-16.7,-16.7,1.0,0.0,2.0,1.0,0.2,1.0,28.9,28.9,28.9,28.9,1.0,0.0,2.0,1.0,0.2,1.0,184.0,294.5,405.0,294.5,2.0,229.0,4.0,1.0,0.6,0.8,185.0,295.0,405.0,295.0,2.0,230.0,4.0,1.0,0.6,0.8
1974,2,246.0,-22.0,25.0,25.0,25.0,25.0,1.0,0.0,8.0,1.0,0.3,0.3,23.8,23.8,23.8,23.8,1.0,0.0,8.0,1.0,0.3,0.3,14.45,14.45,14.45,14.45,1.0,0.0,8.0,1.0,0.3,0.3,79.3,79.3,79.3,79.3,1.0,0.0,8.0,1.0,0.3,5.1,5.1,5.1,5.1,1.0,0.0,8.0,1.0,0.3,0.3,-4.79,-4.79,-4.79,-4.79,1.0,0.0,8.0,1.0,0.3,0.3,1.74,1.74,1.74,1.74,1.0,0.0,8.0,1.0,0.3,0.3,1019.6,1019.6,1019.6,1019.6,1.0,0.0,8.0,1.0,0.3,0.3,4.0,4.0,4.0,4.0,1.0,0.0,8.0,1.0,0.3,0.3,-24.4,-24.4,-24.4,-24.4,1.0,0.0,8.0,1.0,0.3,0.3,8.9,8.9,8.9,8.9,1.0,0.0,8.0,1.0,0.3,0.3,1.2,1.2,1.2,1.2,1.0,0.0,8.0,1.0,0.3,0.3,6.1,6.1,6.1,6.1,1.0,0.0,8.0,1.0,0.3,0.3,5.2,5.2,5.2,5.2,1.0,0.0,8.0,1.0,0.3,0.3,26.5,26.5,26.5,26.5,1.0,0.0,8.0,1.0,0.3,0.3,-114.1,-114.1,-114.1,-114.1,1.0,0.0,8.0,1.0,0.3,0.3,41.5,41.5,41.5,41.5,1.0,0.0,8.0,1.0,0.3,0.3,-69.2,-69.2,-69.2,-69.2,1.0,0.0,8.0,1.0,0.3,0.3,25.2,25.2,25.2,25.2,1.0,0.0,8.0,1.0,0.3,0.3,-24.9,-24.9,-24.9,-24.9,1.0,0.0,8.0,1.0,0.3,0.3,9.1,9.1,9.1,9.1,1.0,0.0,8.0,1.0,0.3,0.3,132.5,132.5,132.5,132.5,1.0,0.0,8.0,1.0,0.3,0.3,135.0,135.0,135.0,135.0,1.0,0.0,8.0,1.0,0.3,0.3
1974,2,246.0,-20.0,,,,,,,,,,,,,,,,,,,,,,,,,,,,,,,,,,,,,,,,9.3,9.3,9.3,9.3,1.0,0.0,20.0,0.0,0.5,0.4,-9.16,-9.16,-9.16,-9.16,1.0,0.0,20.0,0.0,0.5,0.4,1.61,1.61,1.61,1.61,1.0,0.0,20.0,0.0,0.5,0.4,1015.7,1015.7,1015.7,1015.7,1.0,0.0,20.0,0.0,0.5,0.4,8.0,8.0,8.0,8.0,1.0,0.0,20.0,0.0,0.5,0.4,-85.2,-85.2,-85.2,-85.2,1.0,0.0,20.0,0.0,0.5,0.4,15.0,15.0,15.0,15.0,1.0,0.0,20.0,0.0,0.5,0.4,,,,,,,,,,,,,,,,,,,,,,,,,,,,,,,,,,,,,,,,,-212.5,-212.5,-212.5,-212.5,1.0,0.0,20.0,0.0,0.5,0.4,37.5,37.5,37.5,37.5,1.0,0.0,20.0,0.0,0.5,0.4,-141.4,-141.4,-141.4,-141.4,1.0,0.0,20.0,0.0,0.5,0.4,24.9,24.9,24.9,24.9,1.0,0.0,20.0,0.0,0.5,0.4,,,,,,,,,,,,,,,,,,,,,,,,,,,,,,,,,,,,,,,,
1974,2,246.0,-19.0,24.16,24.5,24.84,24.5,2.0,0.71,14.0,1.0,0.7,0.7,24.15,24.25,24.35,24.25,2.0,0.21,14.0,1.0,0.7,0.7,13.57,13.57,13.57,13.57,1.0,0.0,2.0,1.0,0.4,0.5,71.9,71.9,71.9,71.9,1.0,0.0,2.0,1.0,0.5,10.05,10.15,10.25,10.15,2.0,0.21,14.0,1.0,0.7,0.7,-10.12,-10.07,-10.02,-10.07,2.0,0.1,14.0,1.0,0.7,0.7,-1.5,-0.89,-0.28,-0.89,2.0,1.26,14.0,1.0,0.7,0.7,1019.99,1020.6,1021.21,1020.6,2.0,1.27,14.0,1.0,0.7,0.7,2.6,4.0,5.4,4.0,2.0,2.8,14.0,1.0,0.7,0.7,-103.8,-102.2,-100.7,-102.2,2.0,3.2,14.0,1.0,0.7,0.7,-15.5,-9.2,-2.9,-9.2,2.0,13.0,14.0,1.0,0.7,0.7,0.01,0.25,0.49,0.25,2.0,0.49,14.0,1.0,0.7,0.7,0.1,2.6,5.0,2.6,2.0,5.1,14.0,1.0,0.7,0.7,6.08,6.08,6.08,6.08,1.0,0.0,2.0,1.0,0.4,0.5,62.6,62.6,62.6,62.6,1.0,0.0,2.0,1.0,0.4,0.5,-246.5,-244.3,-242.0,-244.3,2.0,4.6,14.0,1.0,0.7,0.7,-36.7,-21.8,-6.9,-21.8,2.0,30.9,14.0,1.0,0.7,0.7,-137.6,-137.6,-137.6,-137.6,1.0,0.0,2.0,1.0,0.4,0.5,-24.3,-24.3,-24.3,-24.3,1.0,0.0,2.0,1.0,0.4,0.5,-61.6,-61.6,-61.6,-61.6,1.0,0.0,2.0,1.0,0.4,0.5,-10.9,-10.9,-10.9,-10.9,1.0,0.0,2.0,1.0,0.4,0.5,1014.5,1046.5,1078.0,1046.5,2.0,65.5,14.0,1.0,0.7,0.7,1015.0,1045.0,1080.0,1045.0,2.0,65.0,14.0,1.0,0.7,0.7
1974,2,246.0,-18.0,23.07,23.45,23.83,23.45,2.0,0.78,16.0,0.5,0.5,0.6,23.16,23.5,24.46,23.8,3.0,0.98,20.0,0.3,0.4,0.6,12.95,12.98,13.01,12.98,2.0,0.07,16.0,0.5,0.5,0.6,67.3,69.5,71.6,69.5,2.0,4.4,16.0,0.5,0.6,7.87,9.3,9.3,8.6,3.0,1.21,20.0,0.3,0.4,0.6,-9.12,-8.74,-7.03,-8.09,3.0,1.63,20.0,0.3,0.4,0.6,1.01,3.18,3.47,2.26,3.0,1.97,20.0,0.3,0.4,0.6,1016.33,1016.6,1016.87,1016.6,2.0,0.57,16.0,0.5,0.5,0.6,2.3,3.0,3.7,3.0,3.0,1.0,20.0,0.3,0.4,0.6,-84.8,-81.3,-56.4,-70.9,3.0,22.7,20.0,0.3,0.4,0.6,8.2,25.9,28.4,18.5,3.0,16.1,20.0,0.3,0.4,0.6,-0.85,-0.75,-0.65,-0.75,2.0,0.21,16.0,0.5,0.5,0.6,-7.9,-7.0,-6.0,-7.0,2.0,2.0,16.0,0.5,0.5,0.6,4.52,4.96,5.4,4.96,2.0,0.91,16.0,0.5,0.5,0.6,42.1,46.2,50.2,46.2,2.0,8.4,16.0,0.5,0.5,0.6,-218.2,-217.6,-167.0,-193.2,3.0,43.1,20.0,0.3,0.4,0.6,25.1,79.2,81.7,54.0,3.0,46.8,20.0,0.3,0.4,0.6,-119.9,-117.1,-114.3,-117.1,2.0,5.7,16.0,0.5,0.5,0.6,6.5,20.6,34.6,20.6,2.0,29.1,16.0,0.5,0.5,0.6,-47.6,-44.6,-41.6,-44.6,2.0,6.2,16.0,0.5,0.5,0.6,2.8,8.9,15.0,8.9,2.0,12.6,16.0,0.5,0.5,0.6,510.0,804.5,804.5,660.5,3.0,249.0,20.0,0.3,0.4,0.6,510.0,805.0,805.0,660.0,3.0,250.0,20.0,0.3,0.4,0.6
1974,2,246.0,-17.0,23.3,23.7,24.52,23.9,4.0,0.81,8.0,1.0,0.4,0.3,23.32,24.5,25.1,24.23,4.0,1.14,8.0,1.0,0.4,0.3,13.14,14.07,15.1,14.11,4.0,1.15,8.0,1.0,0.4,0.3,71.7,76.6,78.8,75.3,4.0,5.4,8.0,1.0,0.3,7.68,9.55,10.32,9.03,4.0,1.98,8.0,1.0,0.4,0.3,-8.62,-8.38,-6.99,-7.83,4.0,1.35,8.0,1.0,0.4,0.3,2.63,4.04,5.97,4.29,4.0,2.11,8.0,1.0,0.4,0.3,1015.71,1017.1,1018.23,1016.98,4.0,1.65,8.0,1.0,0.4,0.3,5.0,6.0,6.5,5.8,4.0,1.3,8.0,1.0,0.4,0.3,-86.4,-82.2,-57.6,-72.5,4.0,24.5,8.0,1.0,0.4,0.3,21.0,38.8,62.1,41.4,4.0,26.5,8.0,1.0,0.4,0.3,-0.93,-0.1,0.26,-0.32,4.0,0.9,8.0,1.0,0.4,0.3,-8.8,-0.6,2.4,-3.1,4.0,8.8,8.0,1.0,0.4,0.3,4.01,4.5,4.62,4.33,4.0,0.44,8.0,1.0,0.4,0.3,33.2,41.4,44.2,38.8,4.0,8.1,8.0,1.0,0.4,0.3,-205.7,-198.5,-171.4,-189.0,4.0,28.8,8.0,1.0,0.4,0.3,62.4,97.4,145.6,103.7,4.0,51.1,8.0,1.0,0.4,0.3,-118.4,-113.2,-100.5,-109.6,4.0,14.3,8.0,1.0,0.4,0.3,36.7,53.2,85.0,60.5,4.0,31.5,8.0,1.0,0.4,0.3,-39.9,-34.8,-27.9,-33.9,4.0,7.1,8.0,1.0,0.4,0.3,11.9,18.7,24.2,18.1,4.0,7.4,8.0,1.0,0.4,0.3,508.0,873.0,1108.0,811.0,4.0,426.5,8.0,1.0,0.4,0.3,510.0,875.0,1110.0,810.0,4.0,425.0,8.0,1.0,0.4,0.3
1974,2,246.0,-13.0,24.0,24.0,24.0,24.0,2.0,0.0,6.0,0.5,0.8,0.6,23.5,23.5,23.5,23.5,1.0,0.0,4.0,0.0,0.5,0.7,15.19,15.19,15.19,15.19,1.0,0.0,4.0,0.0,0.5,0.7,84.3,84.3,84.3,84.3,1.0,0.0,4.0,0.0,0.7,6.44,6.95,7.46,6.95,2.0,1.06,6.0,0.5,0.8,0.6,-6.94,-6.3,-5.67,-6.3,2.0,1.32,6.0,0.5,0.8,0.6,2.71,2.87,3.03,2.87,2.0,0.33,6.0,0.5,0.8,0.6,1012.16,1012.5,1012.84,1012.5,2.0,0.71,6.0,0.5,0.8,0.6,1.3,2.0,2.7,2.0,2.0,1.4,6.0,0.5,0.8,0.6,-52.2,-44.5,-36.8,-44.5,2.0,15.9,6.0,0.5,0.8,0.6,19.4,19.7,20.1,19.7,2.0,0.7,6.0,0.5,0.8,0.6,0.5,0.5,0.5,0.5,1.0,0.0,4.0,0.0,0.5,0.7,3.9,3.9,3.9,3.9,1.0,0.0,4.0,0.0,0.5,0.7,3.42,3.42,3.42,3.42,1.0,0.0,4.0,0.0,0.5,0.7,26.3,26.3,26.3,26.3,1.0,0.0,4.0,0.0,0.5,0.7,-170.0,-170.0,-170.0,-170.0,1.0,0.0,4.0,0.0,0.5,0.7,61.9,61.9,61.9,61.9,1.0,0.0,4.0,0.0,0.5,0.7,-109.9,-109.9,-109.9,-109.9,1.0,0.0,4.0,0.0,0.5,0.7,40.0,40.0,40.0,40.0,1.0,0.0,4.0,0.0,0.5,0.7,-24.7,-24.7,-24.7,-24.7,1.0,0.0,4.0,0.0,0.5,0.7,9.0,9.0,9.0,9.0,1.0,0.0,4.0,0.0,0.5,0.7,273.0,347.5,422.0,347.5,2.0,154.5,6.0,0.5,0.8,0.6,275.0,345.0,420.0,345.0,2.0,155.0,6.0,0.5,0.8,0.6
1974,2,246.0,-10.0,24.33,24.6,24.87,24.6,2.0,0.57,16.0,0.0,0.4,0.9,24.25,24.35,24.45,24.35,2.0,0.21,16.0,0.0,0.4,0.9,16.08,17.02,17.96,17.02,2.0,1.95,16.0,0.0,0.4,0.9,85.3,89.6,93.9,89.6,2.0,8.9,16.0,0.0,0.9,6.7,6.7,6.7,6.7,2.0,0.0,16.0,0.0,0.4,0.9,-5.0,-4.72,-4.44,-4.72,2.0,0.58,16.0,0.0,0.4,0.9,4.44,4.72,5.0,4.72,2.0,0.58,16.0,0.0,0.4,0.9,1012.75,1013.5,1014.25,1013.5,2.0,1.56,16.0,0.0,0.4,0.9,4.5,5.5,6.5,5.5,2.0,2.1,16.0,0.0,0.4,0.9,-33.5,-31.6,-29.7,-31.6,2.0,3.9,16.0,0.0,0.4,0.9,29.7,31.6,33.5,31.6,2.0,3.9,16.0,0.0,0.4,0.9,0.08,0.25,0.42,0.25,2.0,0.35,16.0,0.0,0.4,0.9,0.5,1.7,2.8,1.7,2.0,2.4,16.0,0.0,0.4,0.9,1.67,2.28,2.88,2.28,2.0,1.25,16.0,0.0,0.4,0.9,11.2,15.3,19.3,15.3,2.0,8.4,16.0,0.0,0.4,0.9,-121.2,-114.9,-108.5,-114.9,2.0,13.2,16.0,0.0,0.4,0.9,107.6,115.0,122.3,115.0,2.0,15.2,16.0,0.0,0.4,0.9,-80.1,-79.8,-79.4,-79.8,2.0,0.8,16.0,0.0,0.4,0.9,71.7,80.9,90.1,80.9,2.0,19.1,16.0,0.0,0.4,0.9,-14.6,-11.1,-7.6,-11.1,2.0,7.2,16.0,0.0,0.4,0.9,8.2,10.4,12.6,10.4,2.0,4.6,16.0,0.0,0.4,0.9,301.0,301.0,301.0,301.0,2.0,0.0,16.0,0.0,0.4,0.9,300.0,300.0,300.0,300.0,2.0,0.0,16.0,0.0,0.4,0.9
1974,2,246.0,-8.0,25.5,25.5,25.57,25.53,3.0,0.06,22.0,0.3,0.6,0.1,25.13,25.2,26.09,25.6,3.0,0.78,22.0,0.3,0.6,0.1,14.28,14.57,14.68,14.48,3.0,0.3,22.0,0.3,0.6,0.1,67.9,73.3,73.7,70.9,3.0,4.7,22.0,0.3,0.1,7.0,7.0,7.68,7.33,3.0,0.58,22.0,0.3,0.6,0.1,-7.32,-6.89,-6.89,-7.1,3.0,0.36,22.0,0.3,0.6,0.1,1.22,1.22,2.25,1.72,3.0,0.88,22.0,0.3,0.6,0.1,1010.01,1011.1,1012.12,1011.07,3.0,1.55,22.0,0.3,0.6,0.1,3.0,3.0,6.4,4.7,3.0,2.9,22.0,0.3,0.6,0.1,-56.4,-48.3,-48.3,-52.2,3.0,6.9,22.0,0.3,0.6,0.1,8.5,8.5,17.6,13.0,3.0,7.7,22.0,0.3,0.6,0.1,-0.52,0.3,0.37,-0.07,3.0,0.72,22.0,0.3,0.6,0.1,-3.6,2.1,2.9,-0.3,3.0,5.2,22.0,0.3,0.6,0.1,5.72,5.85,6.25,5.98,3.0,0.4,22.0,0.3,0.6,0.1,41.3,45.0,46.2,43.8,3.0,3.7,22.0,0.3,0.6,0.1,-186.8,-182.7,-176.6,-181.7,3.0,7.5,22.0,0.3,0.6,0.1,31.1,32.2,57.1,43.8,3.0,21.5,22.0,0.3,0.6,0.1,-107.0,-101.6,-98.8,-102.9,3.0,6.1,22.0,0.3,0.6,0.1,17.4,17.9,32.9,25.0,3.0,12.9,22.0,0.3,0.6,0.1,-44.2,-44.0,-40.6,-42.4,3.0,3.0,22.0,0.3,0.6,0.1,7.2,7.8,13.4,10.2,3.0,5.0,22.0,0.3,0.6,0.1,343.0,343.0,458.5,399.5,3.0,97.5,22.0,0.3,0.6,0.1,345.0,345.0,460.0,400.0,3.0,100.0,22.0,0.3,0.6,0.1
1974,2,246.0,-6.0,25.0,25.0,25.0,25.0,1.0,0.0,16.0,0.0,0.4,1.0,24.0,24.0,24.0,24.0,1.0,0.0,16.0,0.0,0.4,1.0,15.99,15.99,15.99,15.99,1.0,0.0,16.0,0.0,0.4,1.0,85.9,85.9,85.9,85.9,1.0,0.0,16.0,0.0,1.0,7.7,7.7,7.7,7.7,1.0,0.0,16.0,0.0,0.4,1.0,-5.9,-5.9,-5.9,-5.9,1.0,0.0,16.0,0.0,0.4,1.0,4.95,4.95,4.95,4.95,1.0,0.0,16.0,0.0,0.4,1.0,1011.3,1011.3,1011.3,1011.3,1.0,0.0,16.0,0.0,0.4,1.0,2.0,2.0,2.0,2.0,1.0,0.0,16.0,0.0,0.4,1.0,-45.4,-45.4,-45.4,-45.4,1.0,0.0,16.0,0.0,0.4,1.0,38.1,38.1,38.1,38.1,1.0,0.0,16.0,0.0,0.4,1.0,1.0,1.0,1.0,1.0,1.0,0.0,16.0,0.0,0.4,1.0,7.7,7.7,7.7,7.7,1.0,0.0,16.0,0.0,0.4,1.0,3.82,3.82,3.82,3.82,1.0,0.0,16.0,0.0,0.4,1.0,29.4,29.4,29.4,29.4,1.0,0.0,16.0,0.0,0.4,1.0,-141.6,-141.6,-141.6,-141.6,1.0,0.0,16.0,0.0,0.4,1.0,118.8,118.8,118.8,118.8,1.0,0.0,16.0,0.0,0.4,1.0,-94.3,-94.3,-94.3,-94.3,1.0,0.0,16.0,0.0,0.4,1.0,79.2,79.2,79.2,79.2,1.0,0.0,16.0,0.0,0.4,1.0,-22.5,-22.5,-22.5,-22.5,1.0,0.0,16.0,0.0,0.4,1.0,18.9,18.9,18.9,18.9,1.0,0.0,16.0,0.0,0.4,1.0,456.5,456.5,456.5,456.5,1.0,0.0,16.0,0.0,0.4,1.0,455.0,455.0,455.0,455.0,1.0,0.0,16.0,0.0,0.4,1.0
1974,2,246.0,-5.0,23.82,24.4,25.14,24.44,5.0,1.11,10.0,0.2,0.6,0.7,23.74,24.8,25.15,24.5,5.0,0.84,10.0,0.2,0.6,0.7,15.13,15.35,16.69,15.87,5.0,1.19,10.0,0.2,0.6,0.7,78.1,83.2,86.7,82.7,5.0,4.6,10.0,0.2,0.7,2.84,4.4,5.7,4.28,4.0,1.66,14.0,0.3,0.5,0.8,-3.51,-1.81,-1.35,-2.4,4.0,1.73,14.0,0.3,0.5,0.8,2.4,2.88,4.19,3.28,4.0,1.45,14.0,0.3,0.5,0.8,1009.45,1011.3,1012.06,1010.94,5.0,1.6,10.0,0.2,0.6,0.7,2.3,3.0,4.8,3.6,5.0,2.6,10.0,0.2,0.6,0.7,-20.0,-7.7,-3.8,-11.7,4.0,11.5,14.0,0.3,0.5,0.8,7.0,12.6,23.7,15.2,4.0,11.2,14.0,0.3,0.5,0.8,-0.44,-0.3,0.44,-0.06,5.0,0.47,10.0,0.2,0.6,0.7,-1.6,0.2,2.1,0.3,4.0,2.3,14.0,0.3,0.5,0.8,2.84,3.12,3.92,3.32,5.0,0.66,10.0,0.2,0.6,0.7,10.2,14.1,19.6,14.9,4.0,5.7,14.0,0.3,0.5,0.8,-87.7,-45.6,-33.2,-59.8,4.0,42.9,14.0,0.3,0.5,0.8,59.4,70.3,104.9,81.6,4.0,37.6,14.0,0.3,0.5,0.8,-56.3,-30.2,-21.1,-38.3,4.0,26.0,14.0,0.3,0.5,0.8,36.8,45.2,72.3,54.1,4.0,28.6,14.0,0.3,0.5,0.8,-13.1,-6.4,-4.6,-8.7,4.0,6.9,14.0,0.3,0.5,0.8,8.6,9.9,13.7,11.1,4.0,3.6,14.0,0.3,0.5,0.8,23.5,107.5,185.0,104.5,4.0,93.5,14.0,0.3,0.5,0.8,25.0,105.0,185.0,105.0,4.0,95.0,14.0,0.3,0.5,0.8
1974,2,246.0,-2.0,25.21,25.65,26.09,25.65,2.0,0.92,16.0,1.0,0.4,0.3,24.19,24.6,25.01,24.6,2.0,0.85,16.0,1.0,0.4,0.3,17.12,17.17,17.21,17.17,2.0,0.09,16.0,1.0,0.4,0.3,87.4,89.2,91.0,89.2,2.0,3.8,16.0,1.0,0.3,4.75,6.15,7.55,6.15,2.0,2.9,16.0,1.0,0.4,0.3,-5.51,-3.84,-2.18,-3.84,2.0,3.45,16.0,1.0,0.4,0.3,4.08,4.56,5.05,4.56,2.0,1.0,16.0,1.0,0.4,0.3,1012.85,1014.45,1016.05,1014.45,2.0,3.32,16.0,1.0,0.4,0.3,1.8,3.5,5.2,3.5,2.0,3.5,16.0,1.0,0.4,0.3,-44.2,-28.6,-13.0,-28.6,2.0,32.4,16.0,1.0,0.4,0.3,20.1,29.5,38.9,29.5,2.0,19.4,16.0,1.0,0.4,0.3,0.2,1.05,1.9,1.05,2.0,1.77,16.0,1.0,0.4,0.3,0.1,3.9,7.7,3.9,2.0,7.8,16.0,1.0,0.4,0.3,2.76,3.39,4.01,3.39,2.0,1.3,16.0,1.0,0.4,0.3,18.1,18.9,19.8,18.9,2.0,1.8,16.0,1.0,0.4,0.3,-138.5,-96.0,-53.4,-96.0,2.0,88.1,16.0,1.0,0.4,0.3,98.9,112.6,126.4,112.6,2.0,28.5,16.0,1.0,0.4,0.3,-94.9,-66.1,-37.4,-66.1,2.0,59.6,16.0,1.0,0.4,0.3,69.8,78.4,86.9,78.4,2.0,17.6,16.0,1.0,0.4,0.3,-14.0,-10.8,-7.5,-10.8,2.0,6.7,16.0,1.0,0.4,0.3,13.6,14.8,16.0,14.8,2.0,2.5,16.0,1.0,0.4,0.3,145.5,310.0,475.0,310.0,2.0,341.0,16.0,1.0,0.4,0.3,145.0,310.0,475.0,310.0,2.0,340.0,16.0,1.0,0.4,0.3
1974,2,246.0,-1.0,22.09,22.7,23.31,22.7,2.0,1.27,6.0,0.5,0.5,0.5,22.94,23.9,24.86,23.9,2.0,1.98,6.0,0.5,0.5,0.5,15.82,15.88,15.93,15.88,2.0,0.11,6.0,0.5,0.5,0.5,81.6,86.2,90.8,86.2,2.0,9.5,6.0,0.5,0.5,0.41,1.3,2.19,1.3,2.0,1.84,6.0,0.5,0.5,0.5,-2.15,-1.28,-0.41,-1.28,2.0,1.81,6.0,0.5,0.5,0.5,-0.38,-0.23,-0.07,-0.23,2.0,0.32,6.0,0.5,0.5,0.5,1011.5,1012.35,1013.2,1012.35,2.0,1.77,6.0,0.5,0.5,0.5,0.3,1.0,1.7,1.0,2.0,1.4,6.0,0.5,0.5,0.5,-5.6,-3.3,-1.1,-3.3,2.0,4.7,6.0,0.5,0.5,0.5,-1.0,-0.6,-0.2,-0.6,2.0,0.8,6.0,0.5,0.5,0.5,-1.54,-1.2,-0.86,-1.2,2.0,0.71,6.0,0.5,0.5,0.5,-3.7,-2.2,-0.7,-2.2,2.0,3.1,6.0,0.5,0.5,0.5,0.77,1.35,1.93,1.35,2.0,1.2,6.0,0.5,0.5,0.5,0.9,2.9,4.8,2.9,2.0,4.0,6.0,0.5,0.5,0.5,-54.5,-32.4,-10.3,-32.4,2.0,45.8,6.0,0.5,0.5,0.5,-9.6,-5.7,-1.8,-5.7,2.0,8.1,6.0,0.5,0.5,0.5,-34.4,-20.4,-6.5,-20.4,2.0,28.9,6.0,0.5,0.5,0.5,-6.1,-3.6,-1.1,-3.6,2.0,5.1,6.0,0.5,0.5,0.5,-4.7,-2.8,-0.9,-2.8,2.0,4.0,6.0,0.5,0.5,0.5,-0.8,-0.5,-0.2,-0.5,2.0,0.7,6.0,0.5,0.5,0.5,3.0,9.0,15.0,9.0,2.0,12.5,6.0,0.5,0.5,0.5,5.0,10.0,15.0,10.0,2.0,10.0,6.0,0.5,0.5,0.5
1974,2,246.0,3.0,26.0,26.0,26.0,26.0,1.0,0.0,24.0,1.0,0.4,0.1,26.6,26.6,26.6,26.6,1.0,0.0,24.0,1.0,0.4,0.1,18.35,18.35,18.35,18.35,1.0,0.0,24.0,1.0,0.4,0.1,84.1,84.1,84.1,84.1,1.0,0.0,24.0,1.0,0.1,6.2,6.2,6.2,6.2,1.0,0.0,24.0,1.0,0.4,0.1,-5.83,-5.83,-5.83,-5.83,1.0,0.0,24.0,1.0,0.4,0.1,2.12,2.12,2.12,2.12,1.0,0.0,24.0,1.0,0.4,0.1,1009.0,1009.0,1009.0,1009.0,1.0,0.0,24.0,1.0,0.4,0.1,6.0,6.0,6.0,6.0,1.0,0.0,24.0,1.0,0.4,0.1,-36.1,-36.1,-36.1,-36.1,1.0,0.0,24.0,1.0,0.4,0.1,13.1,13.1,13.1,13.1,1.0,0.0,24.0,1.0,0.4,0.1,-0.6,-0.6,-0.6,-0.6,1.0,0.0,24.0,1.0,0.4,0.1,-3.7,-3.7,-3.7,-3.7,1.0,0.0,24.0,1.0,0.4,0.1,2.74,2.74,2.74,2.74,1.0,0.0,24.0,1.0,0.4,0.1,17.0,17.0,17.0,17.0,1.0,0.0,24.0,1.0,0.4,0.1,-155.0,-155.0,-155.0,-155.0,1.0,0.0,24.0,1.0,0.4,0.1,56.4,56.4,56.4,56.4,1.0,0.0,24.0,1.0,0.4,0.1,-106.9,-106.9,-106.9,-106.9,1.0,0.0,24.0,1.0,0.4,0.1,38.9,38.9,38.9,38.9,1.0,0.0,24.0,1.0,0.4,0.1,-16.0,-16.0,-16.0,-16.0,1.0,0.0,24.0,1.0,0.4,0.1,5.8,5.8,5.8,5.8,1.0,0.0,24.0,1.0,0.4,0.1,238.5,238.5,238.5,238.5,1.0,0.0,24.0,1.0,0.4,0.1,240.0,240.0,240.0,240.0,1.0,0.0,24.0,1.0,0.4,0.1
1974,2,246.0,4.0,,,,,,,,,,,,,,,,,,,,,,,,,,,,,,,,,,,,,,,,2.1,2.1,2.1,2.1,1.0,0.0,26.0,1.0,0.8,0.4,-1.97,-1.97,-1.97,-1.97,1.0,0.0,26.0,1.0,0.8,0.4,-0.72,-0.72,-0.72,-0.72,1.0,0.0,26.0,1.0,0.8,0.4,1008.1,1008.1,1008.1,1008.1,1.0,0.0,26.0,1.0,0.8,0.4,,,,,,,,,,,,,,,,,,,,,,,,,,,,,,,,,,,,,,,,,,,,,,,,,,,,,,,,,,,,,,,,,,,,,,,,,,,,,,,,,,,,,,,,,,,,,,,,,,,,,,,,,,,,,,,,,,,,,,,,,,,,,,,,,,,,,,,,,,,,,,,,,,,,,,
1974,2,246.0,5.0,,,,,,,,,,,,,,,,,,,,,,,,,,,,,,,,,,,,,,,,2.1,2.1,2.1,2.1,1.0,0.0,26.0,1.0,0.2,0.0,-2.1,-2.1,-2.1,-2.1,1.0,0.0,26.0,1.0,0.2,0.0,0.0,0.0,0.0,0.0,1.0,0.0,26.0,1.0,0.2,0.0,1009.1,1009.1,1009.1,1009.1,1.0,0.0,26.0,1.0,0.2,0.0,,,,,,,,,,,,,,,,,,,,,,,,,,,,,,,,,,,,,,,,,,,,,,,,,,,,,,,,,,,,,,,,,,,,,,,,,,,,,,,,,,,,,,,,,,,,,,,,,,,,,,,,,,,,,,,,,,,,,,,,,,,,,,,,,,,,,,,,,,,,,,,,,,,,,,
1974,2,246.0,7.0,25.77,26.15,26.53,26.15,2.0,0.78,14.0,0.5,0.9,0.4,25.43,26.35,27.27,26.35,2.0,1.91,14.0,0.5,0.9,0.4,17.6,17.74,17.88,17.74,2.0,0.28,14.0,0.5,0.9,0.4,78.0,83.2,88.4,83.2,2.0,10.8,14.0,0.5,0.4,4.33,5.9,7.47,5.9,2.0,3.25,14.0,0.5,0.9,0.4,-7.16,-5.19,-3.23,-5.19,2.0,4.07,14.0,0.5,0.9,0.4,-0.76,0.67,2.09,0.67,2.0,2.96,14.0,0.5,0.9,0.4,1011.69,1012.3,1012.91,1012.3,2.0,1.27,14.0,0.5,0.9,0.4,3.8,5.5,7.2,5.5,2.0,3.5,14.0,0.5,0.9,0.4,-57.0,-37.3,-17.5,-37.3,2.0,40.9,14.0,0.5,0.9,0.4,-8.2,-0.9,6.5,-0.9,2.0,15.3,14.0,0.5,0.9,0.4,-1.5,-0.2,1.1,-0.2,2.0,2.69,14.0,0.5,0.9,0.4,-13.5,-5.5,2.4,-5.5,2.0,16.5,14.0,0.5,0.9,0.4,3.15,3.48,3.81,3.48,2.0,0.68,14.0,0.5,0.9,0.4,15.9,19.4,22.9,19.4,2.0,7.3,14.0,0.5,0.9,0.4,-197.4,-140.8,-84.2,-140.8,2.0,117.3,14.0,0.5,0.9,0.4,-22.2,14.8,51.7,14.8,2.0,76.6,14.0,0.5,0.9,0.4,-125.7,-91.6,-57.4,-91.6,2.0,70.8,14.0,0.5,0.9,0.4,-13.2,12.3,37.7,12.3,2.0,52.6,14.0,0.5,0.9,0.4,-21.8,-16.7,-11.5,-16.7,2.0,10.6,14.0,0.5,0.9,0.4,-1.9,3.3,8.5,3.3,2.0,10.7,14.0,0.5,0.9,0.4,127.0,299.0,471.5,299.0,2.0,357.0,14.0,0.5,0.9,0.4,125.0,300.0,470.0,300.0,2.0,355.0,14.0,0.5,0.9,0.4
1974,2,246.0,8.0,28.0,28.0,28.0,28.0,1.0,0.0,18.0,0.0,0.1,0.2,25.0,25.0,25.0,25.0,1.0,0.0,18.0,0.0,0.1,0.2,16.55,16.55,16.55,16.55,1.0,0.0,18.0,0.0,0.1,0.2,83.9,83.9,83.9,83.9,1.0,0.0,18.0,0.0,0.2,8.2,8.2,8.2,8.2,1.0,0.0,18.0,0.0,0.1,0.2,-7.1,-7.1,-7.1,-7.1,1.0,0.0,18.0,0.0,0.1,0.2,-4.1,-4.1,-4.1,-4.1,1.0,0.0,18.0,0.0,0.1,0.2,1014.0,1014.0,1014.0,1014.0,1.0,0.0,18.0,0.0,0.1,0.2,7.0,7.0,7.0,7.0,1.0,0.0,18.0,0.0,0.1,0.2,-58.2,-58.2,-58.2,-58.2,1.0,0.0,18.0,0.0,0.1,0.2,-33.6,-33.6,-33.6,-33.6,1.0,0.0,18.0,0.0,0.1,0.2,3.0,3.0,3.0,3.0,1.0,0.0,18.0,0.0,0.1,0.2,24.6,24.6,24.6,24.6,1.0,0.0,18.0,0.0,0.1,0.2,7.09,7.09,7.09,7.09,1.0,0.0,18.0,0.0,0.1,0.2,58.1,58.1,58.1,58.1,1.0,0.0,18.0,0.0,0.1,0.2,-177.5,-177.5,-177.5,-177.5,1.0,0.0,18.0,0.0,0.1,0.2,-102.5,-102.5,-102.5,-102.5,1.0,0.0,18.0,0.0,0.1,0.2,-117.5,-117.5,-117.5,-117.5,1.0,0.0,18.0,0.0,0.1,0.2,-67.9,-67.9,-67.9,-67.9,1.0,0.0,18.0,0.0,0.1,0.2,-50.3,-50.3,-50.3,-50.3,1.0,0.0,18.0,0.0,0.1,0.2,-29.1,-29.1,-29.1,-29.1,1.0,0.0,18.0,0.0,0.1,0.2,551.5,551.5,551.5,551.5,1.0,0.0,18.0,0.0,0.1,0.2,550.0,550.0,550.0,550.0,1.0,0.0,18.0,0.0,0.1,0.2
1974,2,246.0,11.0,25.9,26.1,26.71,26.3,3.0,0.62,20.0,0.3,0.7,0.7,25.66,26.0,26.14,25.9,3.0,0.36,20.0,0.3,0.7,0.7,13.8,14.12,14.43,14.12,2.0,0.64,18.0,0.5,0.6,0.5,66.3,68.5,70.6,68.5,2.0,4.4,18.0,0.5,0.5,4.6,4.6,6.92,5.73,3.0,1.96,20.0,0.3,0.7,0.7,-5.12,-2.96,-2.01,-3.55,3.0,2.34,20.0,0.3,0.7,0.7,-4.88,-4.32,-3.78,-4.33,3.0,0.81,20.0,0.3,0.7,0.7,1009.91,1011.0,1012.3,1011.1,3.0,1.75,20.0,0.3,0.7,0.7,4.0,4.0,6.7,5.3,3.0,2.3,20.0,0.3,0.7,0.7,-37.8,-13.6,-9.3,-23.3,3.0,22.5,20.0,0.3,0.7,0.7,-34.4,-19.9,-17.4,-25.7,3.0,13.5,20.0,0.3,0.7,0.7,0.05,0.6,0.74,0.4,3.0,0.53,20.0,0.3,0.7,0.7,0.2,2.8,5.2,2.7,3.0,3.7,20.0,0.3,0.7,0.7,6.68,6.85,7.02,6.85,2.0,0.35,18.0,0.5,0.6,0.5,30.7,31.5,32.3,31.5,2.0,1.6,18.0,0.5,0.6,0.5,-133.5,-75.4,-51.9,-92.3,3.0,61.6,20.0,0.3,0.7,0.7,-127.6,-112.4,-97.0,-112.3,3.0,22.4,20.0,0.3,0.7,0.7,-39.7,-32.3,-24.9,-32.3,2.0,15.3,18.0,0.5,0.6,0.5,-57.8,-55.2,-52.6,-55.2,2.0,5.4,18.0,0.5,0.6,0.5,-18.2,-15.3,-12.5,-15.3,2.0,5.9,18.0,0.5,0.6,0.5,-29.5,-27.0,-24.4,-27.0,2.0,5.2,18.0,0.5,0.6,0.5,97.5,97.5,380.5,235.5,3.0,239.5,20.0,0.3,0.7,0.7,95.0,95.0,380.0,235.0,3.0,240.0,20.0,0.3,0.7,0.7
1974,2,246.0,12.0,25.86,26.0,26.0,25.93,3.0,0.12,6.0,0.3,0.5,0.5,24.12,24.8,25.82,24.97,3.0,1.26,6.0,0.3,0.5,0.5,16.24,16.61,17.98,17.1,3.0,1.35,6.0,0.3,0.5,0.5,83.9,87.2,89.3,86.6,3.0,3.9,6.0,0.3,0.5,5.27,6.7,6.7,6.0,3.0,1.21,6.0,0.3,0.5,0.5,-4.96,-4.6,0.1,-2.48,3.0,4.14,6.0,0.3,0.5,0.5,-5.66,-4.31,-1.37,-3.53,3.0,3.22,6.0,0.3,0.5,0.5,1011.06,1012.7,1013.11,1012.1,3.0,1.59,6.0,0.3,0.5,0.5,7.3,8.0,8.0,7.7,3.0,0.6,6.0,0.3,0.5,0.5,-30.2,-21.2,3.8,-13.4,3.0,25.8,6.0,0.3,0.5,0.5,-38.0,-28.9,-9.2,-23.7,3.0,21.6,6.0,0.3,0.5,0.5,0.04,1.2,1.88,0.97,3.0,1.37,6.0,0.3,0.5,0.5,0.3,8.0,9.5,4.9,3.0,7.3,6.0,0.3,0.5,0.5,2.87,4.45,4.78,3.84,3.0,1.49,6.0,0.3,0.5,0.5,16.3,20.5,29.1,22.6,3.0,9.6,6.0,0.3,0.5,0.5,-126.9,-109.5,4.0,-62.5,3.0,104.2,6.0,0.3,0.5,0.5,-142.5,-113.3,-36.0,-89.8,3.0,80.7,6.0,0.3,0.5,0.5,-89.5,-76.4,0.9,-45.1,3.0,71.5,6.0,0.3,0.5,0.5,-94.5,-80.2,-25.4,-60.4,3.0,53.4,6.0,0.3,0.5,0.5,-17.5,-11.0,4.2,-6.7,3.0,16.3,6.0,0.3,0.5,0.5,-24.1,-9.2,-2.9,-13.4,3.0,16.0,6.0,0.3,0.5,0.5,162.0,301.0,301.0,233.0,3.0,117.5,6.0,0.3,0.5,0.5,160.0,300.0,300.0,235.0,3.0,115.0,6.0,0.3,0.5,0.5
1974,2,246.0,13.0,25.7,26.7,27.8,26.68,5.0,1.19,12.0,0.2,0.7,0.5,24.4,24.5,25.42,24.92,5.0,0.9,12.0,0.2,0.7,0.5,13.85,16.47,17.06,15.64,5.0,2.02,12.0,0.2,0.7,0.5,71.8,76.3,89.6,79.8,5.0,10.6,12.0,0.2,0.5,5.1,5.65,6.99,6.03,4.0,1.23,14.0,0.3,0.7,0.6,-5.89,-3.23,-2.32,-4.07,4.0,2.54,14.0,0.3,0.7,0.6,-5.16,-3.85,-1.56,-3.38,4.0,2.48,14.0,0.3,0.7,0.6,1012.63,1014.6,1016.59,1014.7,5.0,2.45,12.0,0.2,0.7,0.5,1.0,4.0,7.5,4.3,4.0,3.8,12.0,0.3,0.6,0.5,-40.5,-16.5,-13.1,-26.3,4.0,22.2,14.0,0.3,0.7,0.6,-29.6,-19.6,-8.0,-18.8,4.0,15.0,14.0,0.3,0.7,0.6,0.53,2.2,3.15,1.76,5.0,1.94,12.0,0.2,0.7,0.5,9.9,14.9,22.6,16.2,4.0,7.9,14.0,0.3,0.7,0.6,3.64,6.81,8.53,6.23,5.0,2.56,12.0,0.2,0.7,0.5,30.3,47.3,54.0,42.4,4.0,16.3,14.0,0.3,0.7,0.6,-143.8,-78.9,-57.3,-99.6,4.0,61.6,14.0,0.3,0.7,0.6,-127.2,-94.1,-38.1,-83.2,4.0,61.4,14.0,0.3,0.7,0.6,-90.5,-47.9,-37.9,-63.5,4.0,43.4,14.0,0.3,0.7,0.6,-81.9,-60.6,-20.0,-51.4,4.0,39.1,14.0,0.3,0.7,0.6,-42.9,-25.7,-14.1,-28.4,4.0,18.5,14.0,0.3,0.7,0.6,-40.2,-22.0,-8.0,-24.0,4.0,21.8,14.0,0.3,0.7,0.6,132.5,185.5,352.5,240.0,4.0,152.5,14.0,0.3,0.7,0.6,135.0,185.0,355.0,240.0,4.0,155.0,14.0,0.3,0.7,0.6
1974,2,246.0,14.0,26.24,26.75,27.1,26.68,4.0,0.54,12.0,0.8,0.7,0.7,24.32,25.0,25.37,24.9,5.0,0.74,10.0,0.6,0.6,0.7,14.4,15.45,15.87,15.11,5.0,1.44,10.0,0.6,0.6,0.7,71.9,80.4,83.6,77.3,5.0,9.6,10.0,0.6,0.7,4.92,7.7,7.7,6.56,5.0,1.57,10.0,0.6,0.6,0.7,-5.3,-3.85,-1.32,-3.43,5.0,2.15,10.0,0.6,0.6,0.7,-6.18,-5.02,-4.72,-5.37,5.0,0.92,10.0,0.6,0.6,0.7,1012.14,1013.0,1014.49,1013.2,5.0,1.52,10.0,0.6,0.6,0.7,4.0,5.0,5.0,4.6,5.0,0.5,10.0,0.6,0.6,0.7,-40.8,-29.6,-6.2,-25.0,5.0,18.3,10.0,0.6,0.6,0.7,-47.6,-38.1,-23.5,-36.1,5.0,13.2,10.0,0.6,0.6,0.7,0.71,1.85,2.62,1.68,4.0,1.27,12.0,0.8,0.7,0.7,4.8,10.8,17.6,11.2,4.0,9.5,12.0,0.8,0.7,0.7,5.9,6.94,7.75,6.83,4.0,1.35,12.0,0.8,0.7,0.7,35.7,40.9,47.8,41.7,4.0,8.3,12.0,0.8,0.7,0.7,-128.7,-96.2,-33.4,-84.3,5.0,51.4,10.0,0.6,0.6,0.7,-152.6,-130.6,-114.9,-133.7,5.0,22.9,10.0,0.6,0.6,0.7,-81.6,-63.8,-19.5,-53.3,5.0,34.2,10.0,0.6,0.6,0.7,-98.0,-76.5,-65.7,-81.6,5.0,19.3,10.0,0.6,0.6,0.7,-30.3,-15.3,-9.2,-19.6,4.0,14.6,12.0,0.8,0.7,0.7,-38.1,-33.8,-32.1,-35.0,4.0,4.9,12.0,0.8,0.7,0.7,120.0,456.5,456.5,320.0,5.0,187.5,10.0,0.6,0.6,0.7,120.0,455.0,455.0,320.0,5.0,185.0,10.0,0.6,0.6,0.7
1974,2,246.0,15.0,24.98,26.0,27.37,26.17,3.0,1.76,12.0,0.3,0.5,0.5,24.06,24.2,25.43,24.73,3.0,1.1,12.0,0.3,0.5,0.5,13.61,13.85,14.1,13.85,2.0,0.51,10.0,0.5,0.5,0.3,66.4,70.5,74.5,70.5,2.0,8.4,10.0,0.5,0.3,6.45,7.0,8.57,7.5,3.0,1.61,12.0,0.3,0.5,0.5,-6.6,-5.98,-4.62,-5.62,3.0,1.49,12.0,0.3,0.5,0.5,-6.37,-4.75,-2.34,-4.36,3.0,2.97,12.0,0.3,0.5,0.5,1011.48,1012.5,1013.32,1012.4,3.0,1.35,12.0,0.3,0.5,0.5,2.0,2.0,2.7,2.3,3.0,0.6,12.0,0.3,0.5,0.5,-53.3,-48.3,-32.2,-42.9,3.0,16.1,12.0,0.3,0.5,0.5,-54.6,-29.4,-15.2,-34.7,3.0,29.2,12.0,0.3,0.5,0.5,0.16,0.5,2.75,1.43,3.0,2.06,12.0,0.3,0.5,0.5,1.5,4.7,19.6,10.4,3.0,14.2,12.0,0.3,0.5,0.5,5.41,6.27,7.12,6.27,2.0,1.77,10.0,0.5,0.5,0.3,46.6,46.6,46.6,46.6,2.0,0.0,10.0,0.5,0.5,0.3,-159.4,-143.5,-116.3,-138.0,3.0,32.0,12.0,0.3,0.5,0.5,-155.9,-123.5,-59.3,-108.0,3.0,72.0,12.0,0.3,0.5,0.5,-80.0,-69.4,-58.7,-69.4,2.0,22.0,10.0,0.5,0.5,0.3,-95.4,-82.7,-70.0,-82.7,2.0,26.3,10.0,0.5,0.5,0.3,-30.0,-30.0,-30.0,-30.0,2.0,0.0,10.0,0.5,0.5,0.3,-35.7,-35.7,-35.7,-35.7,2.0,0.0,10.0,0.5,0.5,0.3,271.5,343.0,658.0,462.0,3.0,301.0,12.0,0.3,0.5,0.5,270.0,345.0,660.0,460.0,3.0,300.0,12.0,0.3,0.5,0.5
1974,2,246.0,16.0,24.17,25.85,26.09,25.45,8.0,1.34,18.0,0.6,0.5,0.5,22.26,23.9,25.03,23.68,10.0,1.44,18.0,0.5,0.5,0.5,11.24,13.92,15.64,13.39,8.0,2.37,18.0,0.5,0.6,0.4,61.9,77.4,86.5,74.9,8.0,13.2,18.0,0.5,0.4,4.53,6.2,7.7,6.02,10.0,1.68,18.0,0.5,0.5,0.5,-5.18,-2.63,-0.31,-2.64,10.0,2.5,18.0,0.5,0.5,0.5,-6.31,-5.04,-2.59,-4.81,10.0,1.84,18.0,0.5,0.5,0.5,1014.07,1015.65,1016.29,1015.4,10.0,1.14,18.0,0.5,0.5,0.5,2.0,4.0,7.1,4.3,10.0,2.5,18.0,0.5,0.5,0.5,-33.3,-13.1,-3.7,-17.9,10.0,16.9,18.0,0.5,0.5,0.5,-45.7,-35.3,-11.8,-31.0,10.0,17.1,18.0,0.5,0.5,0.5,1.43,1.85,3.33,1.73,8.0,2.18,18.0,0.6,0.5,0.5,5.4,12.1,22.3,11.5,8.0,12.1,18.0,0.6,0.5,0.5,3.39,5.33,8.67,6.04,7.0,2.44,18.0,0.6,0.6,0.4,23.6,40.5,57.9,38.8,7.0,16.5,18.0,0.6,0.6,0.4,-119.9,-66.3,-7.2,-62.3,10.0,59.4,18.0,0.5,0.5,0.5,-146.0,-116.8,-66.7,-112.6,10.0,41.2,18.0,0.5,0.5,0.5,-64.5,-47.2,-29.7,-44.8,8.0,32.0,18.0,0.5,0.6,0.4,-90.0,-69.3,-37.9,-64.9,8.0,27.9,18.0,0.5,0.6,0.4,-38.0,-15.2,-11.3,-24.6,7.0,16.9,18.0,0.6,0.6,0.4,-41.8,-26.0,-19.4,-27.5,7.0,12.5,18.0,0.6,0.6,0.4,96.0,238.5,456.5,260.5,10.0,160.0,18.0,0.5,0.5,0.5,95.0,240.0,455.0,260.0,10.0,160.0,18.0,0.5,0.5,0.5
1974,2,246.0,17.0,25.0,25.5,26.06,25.55,6.0,0.61,14.0,0.7,0.5,0.5,21.16,22.0,23.52,22.45,6.0,1.66,14.0,0.7,0.5,0.5,11.13,13.45,14.83,13.14,5.0,2.22,14.0,0.6,0.6,0.6,68.5,79.5,86.0,78.0,5.0,9.9,14.0,0.6,0.6,3.39,5.4,7.8,5.48,6.0,2.26,14.0,0.7,0.5,0.5,-3.21,-2.15,-0.97,-2.02,6.0,1.98,14.0,0.7,0.5,0.5,-7.61,-4.15,-2.53,-4.67,6.0,2.49,14.0,0.7,0.5,0.5,1013.29,1014.05,1014.89,1014.12,6.0,1.2,14.0,0.7,0.5,0.5,3.4,5.0,7.2,5.0,6.0,2.5,14.0,0.7,0.5,0.5,-24.3,-7.8,-2.0,-10.5,6.0,14.1,14.0,0.7,0.5,0.5,-59.4,-22.3,-8.8,-30.1,6.0,24.9,14.0,0.7,0.5,0.5,1.48,3.5,5.02,3.1,6.0,2.15,14.0,0.7,0.5,0.5,5.4,17.7,35.4,19.1,6.0,16.0,14.0,0.7,0.5,0.5,5.7,7.49,9.22,7.43,5.0,2.62,14.0,0.6,0.6,0.6,18.4,31.7,69.6,42.3,5.0,29.5,14.0,0.6,0.6,0.6,-71.1,-51.6,-20.4,-46.4,6.0,44.9,14.0,0.7,0.5,0.5,-162.3,-91.2,-63.5,-103.1,6.0,51.5,14.0,0.7,0.5,0.5,-37.5,-22.9,-8.9,-21.2,5.0,21.1,14.0,0.6,0.6,0.6,-88.5,-60.8,-35.3,-61.6,5.0,32.3,14.0,0.6,0.6,0.6,-18.1,-10.9,0.0,-8.4,5.0,13.8,14.0,0.6,0.6,0.6,-66.8,-29.8,-12.4,-38.8,5.0,30.8,14.0,0.6,0.6,0.6,40.5,168.0,476.0,234.5,6.0,224.0,14.0,0.7,0.5,0.5,40.0,170.0,475.0,235.0,6.0,225.0,14.0,0.7,0.5,0.5
1974,2,246.0,18.0,21.48,22.5,25.57,23.5,3.0,3.12,22.0,0.3,0.8,0.6,21.32,22.0,22.0,21.67,3.0,0.58,22.0,0.3,0.8,0.6,12.37,12.52,12.68,12.52,2.0,0.32,22.0,0.0,0.8,0.5,76.4,79.1,81.7,79.1,2.0,5.5,22.0,0.0,0.5,3.23,4.6,6.72,4.97,3.0,2.57,22.0,0.3,0.8,0.6,-2.08,-0.89,0.79,-0.65,3.0,2.11,22.0,0.3,0.8,0.6,-6.31,-4.32,-3.04,-4.67,3.0,2.41,22.0,0.3,0.8,0.6,1017.32,1018.0,1018.34,1017.83,3.0,0.76,22.0,0.3,0.8,0.6,1.3,4.0,4.7,3.0,3.0,2.6,22.0,0.3,0.8,0.6,-14.6,-2.3,4.2,-5.1,3.0,14.0,22.0,0.3,0.8,0.6,-44.3,-19.9,-10.6,-27.3,3.0,25.5,22.0,0.3,0.8,0.6,-0.21,1.5,3.89,1.83,3.0,3.01,22.0,0.3,0.8,0.6,0.5,11.6,12.5,6.7,3.0,9.8,22.0,0.3,0.8,0.6,3.28,3.63,3.98,3.63,2.0,0.72,22.0,0.0,0.8,0.5,17.1,23.1,29.1,23.1,2.0,12.4,22.0,0.0,0.8,0.5,-44.0,-19.6,17.4,-13.4,3.0,45.3,22.0,0.3,0.8,0.6,-133.9,-95.1,-66.9,-100.3,3.0,49.3,22.0,0.3,0.8,0.6,-25.2,-7.1,10.9,-7.1,2.0,37.4,22.0,0.0,0.8,0.5,-86.1,-72.7,-59.4,-72.7,2.0,27.7,22.0,0.0,0.8,0.5,-8.4,-3.0,2.4,-3.0,2.0,11.2,22.0,0.0,0.8,0.5,-27.3,-21.7,-16.1,-21.7,2.0,11.6,22.0,0.0,0.8,0.5,43.0,97.5,342.5,190.5,3.0,234.0,22.0,0.3,0.8,0.6,45.0,95.0,345.0,190.0,3.0,235.0,22.0,0.3,0.8,0.6
1974,2,246.0,19.0,20.4,21.25,22.1,21.25,2.0,1.77,14.0,0.0,0.8,0.0,19.33,19.6,19.87,19.6,2.0,0.57,14.0,0.0,0.8,0.0,11.13,11.21,11.29,11.21,2.0,0.16,14.0,0.0,0.8,0.0,78.5,79.2,79.9,79.2,2.0,1.4,14.0,0.0,0.0,4.18,4.35,4.52,4.35,2.0,0.35,14.0,0.0,0.8,0.0,-0.6,-0.36,-0.11,-0.36,2.0,0.5,14.0,0.0,0.8,0.0,-4.51,-4.32,-4.13,-4.32,2.0,0.4,14.0,0.0,0.8,0.0,1011.63,1013.4,1015.17,1013.4,2.0,3.68,14.0,0.0,0.8,0.0,0.8,2.5,4.2,2.5,2.0,3.5,14.0,0.0,0.8,0.0,-2.5,-1.5,-0.5,-1.5,2.0,2.1,14.0,0.0,0.8,0.0,-20.4,-18.9,-17.3,-18.9,2.0,3.3,14.0,0.0,0.8,0.0,0.52,1.65,2.78,1.65,2.0,2.33,14.0,0.0,0.8,0.0,2.4,7.6,12.8,7.6,2.0,10.7,14.0,0.0,0.8,0.0,3.61,4.55,5.49,4.55,2.0,1.94,14.0,0.0,0.8,0.0,15.3,20.1,25.0,20.1,2.0,10.1,14.0,0.0,0.8,0.0,-12.0,-7.1,-2.3,-7.1,2.0,10.1,14.0,0.0,0.8,0.0,-87.1,-84.5,-82.0,-84.5,2.0,5.3,14.0,0.0,0.8,0.0,-6.8,-4.0,-1.3,-4.0,2.0,5.7,14.0,0.0,0.8,0.0,-50.2,-48.4,-46.6,-48.4,2.0,3.8,14.0,0.0,0.8,0.0,-1.9,-1.1,-0.4,-1.1,2.0,1.6,14.0,0.0,0.8,0.0,-25.0,-20.0,-15.1,-20.0,2.0,10.2,14.0,0.0,0.8,0.0,73.5,83.0,93.0,83.0,2.0,20.0,14.0,0.0,0.8,0.0,75.0,85.0,95.0,85.0,2.0,20.0,14.0,0.0,0.8,0.0
1974,2,246.0,20.0,19.43,21.25,21.76,20.63,4.0,1.8,10.0,0.5,0.5,0.5,18.67,19.4,19.45,19.08,4.0,0.72,10.0,0.5,0.5,0.5,8.46,9.62,10.83,9.65,4.0,1.65,10.0,0.5,0.5,0.5,63.2,69.0,77.9,70.5,4.0,10.0,10.0,0.5,0.5,4.34,5.4,6.72,5.53,4.0,1.43,10.0,0.5,0.5,0.5,-2.37,-1.49,-0.01,-1.21,4.0,1.81,10.0,0.5,0.5,0.5,-6.27,-4.85,-4.08,-5.16,4.0,1.44,10.0,0.5,0.5,0.5,1015.76,1017.9,1019.0,1017.4,4.0,2.52,10.0,0.5,0.5,0.5,1.0,3.5,6.6,3.8,4.0,3.5,10.0,0.5,0.5,0.5,-13.5,-6.5,2.0,-5.8,4.0,11.6,10.0,0.5,0.5,0.5,-42.6,-26.6,-17.7,-30.0,4.0,15.9,10.0,0.5,0.5,0.5,-0.02,1.8,3.1,1.55,4.0,2.24,10.0,0.5,0.5,0.5,-2.0,7.8,17.1,7.6,4.0,14.3,10.0,0.5,0.5,0.5,3.49,5.17,7.48,5.47,4.0,2.55,10.0,0.5,0.5,0.5,18.7,24.3,41.7,30.0,4.0,16.7,10.0,0.5,0.5,0.5,-43.8,-28.9,-0.2,-22.4,4.0,33.6,10.0,0.5,0.5,0.5,-118.1,-90.5,-79.3,-98.3,4.0,27.7,10.0,0.5,0.5,0.5,-20.2,-15.5,-0.5,-10.6,4.0,15.8,10.0,0.5,0.5,0.5,-58.2,-43.1,-40.7,-49.2,4.0,14.2,10.0,0.5,0.5,0.5,-18.7,-7.8,-1.0,-9.8,4.0,12.8,10.0,0.5,0.5,0.5,-37.1,-23.3,-18.1,-27.4,4.0,13.6,10.0,0.5,0.5,0.5,82.5,168.0,309.0,194.5,4.0,140.5,10.0,0.5,0.5,0.5,80.0,170.0,310.0,195.0,4.0,140.0,10.0,0.5,0.5,0.5
1974,2,246.0,21.0,18.51,19.5,20.0,19.2,8.0,1.16,20.0,0.5,0.7,0.4,17.36,18.0,19.47,18.35,8.0,1.08,20.0,0.5,0.7,0.4,8.9,10.52,11.57,10.56,8.0,1.48,20.0,0.5,0.7,0.4,70.7,83.8,88.8,81.0,8.0,10.0,20.0,0.5,0.4,4.98,6.7,9.82,6.69,7.0,2.73,18.0,0.6,0.7,0.4,-2.35,1.7,2.5,0.35,7.0,2.59,18.0,0.6,0.7,0.4,-9.65,-6.3,-3.84,-6.22,7.0,2.76,18.0,0.6,0.7,0.4,1015.18,1018.55,1019.0,1017.58,8.0,1.8,20.0,0.5,0.7,0.4,1.0,3.5,6.9,3.8,8.0,3.1,20.0,0.5,0.7,0.4,-16.4,8.9,16.8,0.9,7.0,20.4,18.0,0.6,0.7,0.4,-94.8,-42.2,-19.3,-48.0,7.0,36.4,18.0,0.6,0.7,0.4,-0.71,1.25,2.18,0.85,8.0,1.96,20.0,0.5,0.7,0.4,3.7,9.8,14.8,9.2,7.0,8.4,18.0,0.6,0.7,0.4,2.81,3.5,4.51,3.24,8.0,2.05,20.0,0.5,0.7,0.4,14.1,23.3,31.4,26.5,7.0,16.1,18.0,0.6,0.7,0.4,-40.1,30.6,45.3,7.9,7.0,47.2,18.0,0.6,0.7,0.4,-172.4,-107.0,-74.6,-112.2,7.0,48.5,18.0,0.6,0.7,0.4,-23.8,17.9,26.0,4.1,7.0,24.8,18.0,0.6,0.7,0.4,-85.0,-64.5,-33.8,-62.6,7.0,26.5,18.0,0.6,0.7,0.4,-7.3,4.9,10.0,0.6,7.0,11.8,18.0,0.6,0.7,0.4,-30.8,-18.3,-13.2,-24.5,7.0,15.4,18.0,0.6,0.7,0.4,127.0,301.0,948.5,427.5,7.0,422.0,18.0,0.6,0.7,0.4,125.0,300.0,950.0,425.0,7.0,420.0,18.0,0.6,0.7,0.4
1974,2,246.0,22.0,18.34,19.5,21.62,19.91,16.0,2.15,16.0,0.5,0.6,0.2,17.04,17.7,21.22,18.49,15.0,2.37,14.0,0.5,0.6,0.3,9.0,9.99,12.31,10.25,15.0,1.93,14.0,0.5,0.6,0.3,70.0,77.0,83.9,77.4,15.0,8.8,14.0,0.5,0.3,3.1,5.1,7.98,5.2,15.0,2.67,14.0,0.5,0.6,0.3,-2.04,0.0,2.37,0.09,15.0,2.07,14.0,0.5,0.6,0.3,-7.5,-3.91,-2.42,-4.7,15.0,2.85,14.0,0.5,0.6,0.3,1016.0,1018.0,1018.7,1017.52,15.0,1.68,14.0,0.5,0.6,0.3,0.8,4.0,6.0,3.5,16.0,2.4,16.0,0.5,0.6,0.2,-11.0,0.0,8.9,-0.3,15.0,11.5,14.0,0.5,0.6,0.3,-60.0,-19.9,-6.8,-31.4,15.0,31.3,14.0,0.5,0.6,0.3,-2.18,1.6,2.89,1.01,15.0,2.72,14.0,0.5,0.6,0.3,-9.6,12.3,12.9,8.6,15.0,16.8,14.0,0.5,0.6,0.3,1.83,4.21,5.18,3.82,15.0,1.96,14.0,0.5,0.6,0.3,3.0,17.3,37.1,22.0,15.0,20.7,14.0,0.5,0.6,0.3,-41.8,0.0,40.7,0.8,15.0,40.3,14.0,0.5,0.6,0.3,-118.8,-87.9,-45.7,-84.4,15.0,48.2,14.0,0.5,0.6,0.3,-20.1,0.0,22.6,-0.2,15.0,22.3,14.0,0.5,0.6,0.3,-75.9,-50.2,-23.1,-47.3,15.0,27.5,14.0,0.5,0.6,0.3,-6.6,0.6,8.2,1.3,15.0,7.3,14.0,0.5,0.6,0.3,-34.9,-14.9,-1.6,-20.7,15.0,20.9,14.0,0.5,0.6,0.3,30.0,132.5,512.0,248.0,15.0,333.0,14.0,0.5,0.6,0.3,30.0,135.0,510.0,250.0,15.0,335.0,14.0,0.5,0.6,0.3
1974,2,246.0,23.0,19.02,19.5,20.25,19.63,3.0,0.91,14.0,1.0,0.4,0.2,18.07,18.9,19.0,18.55,4.0,0.77,12.0,0.8,0.6,0.2,8.66,10.04,11.2,9.94,4.0,1.47,12.0,0.8,0.6,0.2,67.3,75.7,83.0,75.2,4.0,9.2,12.0,0.8,0.2,2.76,3.1,6.24,4.47,3.0,2.81,14.0,1.0,0.4,0.2,-1.69,0.45,1.94,0.13,3.0,2.67,14.0,1.0,0.4,0.2,-5.75,-2.56,-1.87,-3.78,3.0,3.03,14.0,1.0,0.4,0.2,1015.43,1018.55,1020.21,1017.85,4.0,3.5,12.0,0.8,0.6,0.2,0.5,3.0,5.5,3.0,4.0,2.9,12.0,0.8,0.6,0.2,-5.3,1.2,14.2,4.4,3.0,14.6,14.0,1.0,0.4,0.2,-40.1,-6.7,-5.4,-22.4,3.0,28.9,14.0,1.0,0.4,0.2,0.51,1.6,1.94,1.23,3.0,1.1,14.0,1.0,0.4,0.2,1.7,5.5,10.1,5.9,3.0,6.2,14.0,1.0,0.4,0.2,3.25,5.54,5.95,4.62,3.0,2.13,14.0,1.0,0.4,0.2,9.2,14.4,36.9,22.8,3.0,21.5,14.0,1.0,0.4,0.2,-32.0,7.9,36.6,2.5,3.0,50.5,14.0,1.0,0.4,0.2,-108.0,-44.6,-34.0,-70.4,3.0,58.6,14.0,1.0,0.4,0.2,-19.3,3.8,17.2,-0.9,3.0,27.0,14.0,1.0,0.4,0.2,-50.7,-21.7,-18.7,-34.4,3.0,25.9,14.0,1.0,0.4,0.2,-3.2,2.5,11.8,4.3,3.0,11.1,14.0,1.0,0.4,0.2,-34.8,-14.2,-6.8,-20.7,3.0,21.3,14.0,1.0,0.4,0.2,21.5,30.0,321.0,168.0,3.0,250.0,14.0,1.0,0.4,0.2,20.0,30.0,320.0,170.0,3.0,250.0,14.0,1.0,0.4,0.2
1974,2,246.0,24.0,16.52,17.5,18.53,17.78,8.0,1.56,12.0,0.4,0.6,0.5,15.55,16.7,17.15,16.9,9.0,1.88,12.0,0.4,0.6,0.6,8.31,9.84,10.6,9.36,8.0,1.4,12.0,0.4,0.6,0.5,67.7,78.6,89.0,77.5,8.0,10.7,12.0,0.4,0.5,2.81,5.9,8.61,5.61,10.0,3.08,10.0,0.5,0.5,0.6,0.0,1.48,3.18,1.32,10.0,2.7,10.0,0.5,0.5,0.6,-8.48,-4.66,-0.66,-4.42,10.0,3.68,10.0,0.5,0.5,0.6,1016.09,1017.1,1018.66,1017.32,10.0,1.43,10.0,0.5,0.5,0.6,0.0,1.5,3.6,2.0,10.0,2.5,10.0,0.5,0.5,0.6,0.0,9.3,19.3,8.6,10.0,16.6,10.0,0.5,0.5,0.6,-73.7,-27.5,-2.1,-33.7,10.0,34.5,10.0,0.5,0.5,0.6,-0.39,0.7,2.7,0.64,8.0,2.24,12.0,0.4,0.6,0.5,-2.1,3.5,10.0,3.3,8.0,14.1,12.0,0.4,0.6,0.5,2.12,3.29,4.83,3.27,8.0,1.45,12.0,0.4,0.6,0.5,8.1,13.9,29.5,16.6,8.0,11.2,12.0,0.4,0.6,0.5,6.0,25.4,66.0,26.4,9.0,46.9,12.0,0.4,0.6,0.6,-127.8,-59.2,-6.3,-67.0,9.0,59.0,12.0,0.4,0.6,0.6,1.5,15.2,35.0,14.8,8.0,23.9,12.0,0.4,0.6,0.5,-79.4,-43.0,-2.5,-42.1,8.0,35.6,12.0,0.4,0.6,0.5,0.2,6.2,7.0,2.8,8.0,12.6,12.0,0.4,0.6,0.5,-21.8,-10.1,-0.9,-11.2,8.0,11.5,12.0,0.4,0.6,0.5,23.0,216.5,655.5,310.0,10.0,310.5,10.0,0.5,0.5,0.6,25.0,215.0,655.0,310.0,10.0,310.0,10.0,0.5,0.5,0.6
1974,2,246.0,25.0,15.6,17.05,18.8,17.14,68.0,1.51,14.0,0.4,0.6,0.4,15.6,16.95,18.27,17.0,72.0,1.59,14.0,0.4,0.6,0.4,8.44,9.6,10.54,9.56,68.0,1.28,14.0,0.4,0.6,0.4,73.3,80.2,88.4,79.9,68.0,9.6,14.0,0.4,0.4,1.62,5.1,7.7,4.84,71.0,2.98,14.0,0.4,0.6,0.4,0.0,2.63,4.61,2.55,71.0,2.25,14.0,0.4,0.6,0.4,-7.07,-3.28,-0.05,-3.57,71.0,2.84,14.0,0.4,0.6,0.4,1014.68,1016.75,1018.2,1016.46,72.0,2.32,14.0,0.4,0.6,0.4,0.0,3.0,6.4,3.1,68.0,2.8,14.0,0.4,0.6,0.4,0.0,12.2,29.6,16.8,71.0,21.8,14.0,0.4,0.6,0.4,-55.7,-16.7,-0.1,-24.7,71.0,26.4,14.0,0.4,0.6,0.4,-2.0,0.15,2.5,0.26,68.0,1.97,14.0,0.4,0.6,0.4,-5.4,0.0,13.8,3.0,67.0,12.0,14.0,0.4,0.6,0.4,1.05,2.58,4.13,2.61,67.0,1.6,14.0,0.4,0.6,0.4,0.9,10.4,25.0,13.8,66.0,13.6,14.0,0.4,0.6,0.4,0.0,41.1,75.0,42.3,71.0,37.4,14.0,0.4,0.6,0.4,-110.3,-56.1,-0.9,-59.3,71.0,46.8,14.0,0.4,0.6,0.4,0.0,24.6,45.3,24.8,67.0,21.6,14.0,0.4,0.6,0.4,-66.7,-31.5,0.0,-32.2,67.0,25.8,14.0,0.4,0.6,0.4,0.0,5.4,14.9,7.3,66.0,8.9,14.0,0.4,0.6,0.4,-19.8,-6.8,0.0,-10.1,66.0,12.0,14.0,0.4,0.6,0.4,5.0,132.5,456.5,245.0,71.0,341.0,14.0,0.4,0.6,0.4,5.0,135.0,455.0,245.0,71.0,340.0,14.0,0.4,0.6,0.4
1974,2,246.0,26.0,15.54,16.0,17.82,16.65,13.0,1.82,16.0,0.5,0.3,0.2,15.5,16.15,17.99,16.73,14.0,1.68,16.0,0.5,0.3,0.2,8.43,9.09,10.04,9.05,12.0,1.01,14.0,0.4,0.3,0.2,66.6,80.1,89.3,77.8,12.0,11.1,14.0,0.4,0.2,3.91,6.2,7.75,5.96,13.0,2.27,16.0,0.5,0.3,0.2,0.33,3.85,5.46,3.49,13.0,2.32,16.0,0.5,0.3,0.2,-6.03,-4.42,-2.01,-4.4,13.0,2.02,16.0,0.5,0.3,0.2,1014.91,1017.8,1018.87,1017.14,14.0,2.2,16.0,0.5,0.3,0.2,0.0,1.0,4.9,2.0,14.0,2.4,16.0,0.5,0.3,0.2,0.7,20.3,39.4,23.9,13.0,19.1,16.0,0.5,0.3,0.2,-46.4,-29.4,-5.6,-29.7,13.0,19.3,16.0,0.5,0.3,0.2,-3.01,-0.4,2.13,-0.17,13.0,2.66,16.0,0.5,0.3,0.2,-8.4,-3.1,11.7,2.6,13.0,15.8,16.0,0.5,0.3,0.2,1.37,2.22,3.66,2.83,11.0,2.42,16.0,0.5,0.3,0.2,4.1,12.8,25.2,17.9,11.0,20.1,16.0,0.5,0.3,0.2,5.9,70.9,90.2,57.2,13.0,37.9,16.0,0.5,0.3,0.2,-104.2,-68.5,-36.6,-71.8,13.0,30.4,16.0,0.5,0.3,0.2,1.9,33.0,58.1,31.7,11.0,24.6,16.0,0.5,0.3,0.2,-54.4,-40.9,-26.6,-40.3,11.0,14.8,16.0,0.5,0.3,0.2,0.4,7.9,10.7,6.2,11.0,4.8,16.0,0.5,0.3,0.2,-21.9,-8.2,-4.0,-15.6,11.0,20.6,16.0,0.5,0.3,0.2,63.0,238.5,465.5,288.5,13.0,206.5,16.0,0.5,0.3,0.2,65.0,240.0,465.0,290.0,13.0,205.0,16.0,0.5,0.3,0.2
1974,2,247.0,-25.0,,,,,,,,,,,,,,,,,,,,,,,,,,,,,,,,,,,,,,,,1.58,1.75,1.92,1.75,2.0,0.35,26.0,0.5,0.5,0.2,-1.8,-1.64,-1.48,-1.64,2.0,0.33,26.0,0.5,0.5,0.2,0.54,0.6,0.66,0.6,2.0,0.12,26.0,0.5,0.5,0.2,1018.1,1018.1,1018.1,1018.1,2.0,0.0,26.0,0.5,0.5,0.2,,,,,,,,,,,,,,,,,,,,,,,,,,,,,,,,,,,,,,,,,,,,,,,,,,,,,,,,,,,,,,,,,,,,,,,,,,,,,,,,,,,,,,,,,,,,,,,,,,,,,,,,,,,,,,,,,,,,,,,,,,,,,,,,,,,,,,,,,,,,,,,,,,,,,,
1974,2,247.0,-24.0,25.0,25.0,25.0,25.0,1.0,0.0,4.0,1.0,0.5,1.0,25.06,26.25,27.44,26.25,2.0,2.47,14.0,1.0,0.4,0.6,16.0,16.0,16.0,16.0,1.0,0.0,4.0,1.0,0.5,1.0,83.9,83.9,83.9,83.9,1.0,0.0,4.0,1.0,1.0,2.82,5.65,8.48,5.65,2.0,5.87,14.0,1.0,0.4,0.6,-7.57,-4.03,-0.49,-4.03,2.0,7.32,14.0,1.0,0.4,0.6,-2.67,-1.19,0.28,-1.19,2.0,3.05,14.0,1.0,0.4,0.6,1013.63,1015.0,1016.37,1015.0,2.0,2.83,14.0,1.0,0.4,0.6,4.3,5.0,5.7,5.0,2.0,1.4,14.0,1.0,0.4,0.6,-75.7,-44.3,-12.9,-44.3,2.0,65.0,14.0,1.0,0.4,0.6,-27.4,-15.7,-4.0,-15.7,2.0,24.2,14.0,1.0,0.4,0.6,0.5,0.5,0.5,0.5,1.0,0.0,4.0,1.0,0.5,1.0,4.9,4.9,4.9,4.9,1.0,0.0,4.0,1.0,0.5,1.0,3.7,3.7,3.7,3.7,1.0,0.0,4.0,1.0,0.5,1.0,36.2,36.2,36.2,36.2,1.0,0.0,4.0,1.0,0.5,1.0,-184.7,-96.7,-8.7,-96.7,2.0,182.3,14.0,1.0,0.4,0.6,-64.8,-27.6,9.7,-27.6,2.0,77.2,14.0,1.0,0.4,0.6,-147.4,-147.4,-147.4,-147.4,1.0,0.0,4.0,1.0,0.5,1.0,-53.6,-53.6,-53.6,-53.6,1.0,0.0,4.0,1.0,0.5,1.0,-34.0,-34.0,-34.0,-34.0,1.0,0.0,4.0,1.0,0.5,1.0,-12.4,-12.4,-12.4,-12.4,1.0,0.0,4.0,1.0,0.5,1.0,152.0,472.5,792.5,472.5,2.0,663.0,14.0,1.0,0.4,0.6,150.0,470.0,790.0,470.0,2.0,665.0,14.0,1.0,0.4,0.6
1974,2,247.0,-23.0,,,,,,,,,,,,,,,,,,,,,,,,,,,,,,,,,,,,,,,,7.0,7.0,7.0,7.0,1.0,0.0,14.0,1.0,0.4,0.5,-6.06,-6.06,-6.06,-6.06,1.0,0.0,14.0,1.0,0.4,0.5,-3.5,-3.5,-3.5,-3.5,1.0,0.0,14.0,1.0,0.4,0.5,1013.5,1013.5,1013.5,1013.5,1.0,0.0,14.0,1.0,0.4,0.5,,,,,,,,,,,,,,,,,,,,,,,,,,,,,,,,,,,,,,,,,,,,,,,,,,,,,,,,,,,,,,,,,,,,,,,,,,,,,,,,,,,,,,,,,,,,,,,,,,,,,,,,,,,,,,,,,,,,,,,,,,,,,,,,,,,,,,,,,,,,,,,,,,,,,,
1974,2,247.0,-21.0,23.81,24.05,24.29,24.05,2.0,0.49,14.0,0.5,0.5,0.7,23.22,23.25,23.28,23.25,2.0,0.07,14.0,0.5,0.5,0.7,13.06,13.39,13.73,13.39,2.0,0.69,14.0,0.5,0.5,0.7,74.2,75.9,77.5,75.9,2.0,3.4,14.0,0.5,0.7,6.34,9.0,11.66,9.0,2.0,5.52,14.0,0.5,0.5,0.7,-11.61,-8.85,-6.08,-8.85,2.0,5.73,14.0,0.5,0.5,0.7,0.28,0.87,1.47,0.87,2.0,1.23,14.0,0.5,0.5,0.7,1016.17,1017.4,1018.63,1017.4,2.0,2.55,14.0,0.5,0.5,0.7,2.3,3.0,3.7,3.0,2.0,1.4,14.0,0.5,0.5,0.7,-143.9,-95.4,-47.0,-95.4,2.0,100.4,14.0,0.5,0.5,0.7,1.4,4.4,7.5,4.4,2.0,6.3,14.0,0.5,0.5,0.7,0.6,0.8,1.0,0.8,2.0,0.42,14.0,0.5,0.5,0.7,5.7,6.0,6.3,6.0,2.0,0.6,14.0,0.5,0.5,0.7,5.16,5.2,5.24,5.2,2.0,0.08,14.0,0.5,0.5,0.7,32.8,47.0,61.2,47.0,2.0,29.4,14.0,0.5,0.5,0.7,-269.5,-205.5,-141.4,-205.5,2.0,132.7,14.0,0.5,0.5,0.7,6.5,20.3,34.2,20.3,2.0,28.7,14.0,0.5,0.5,0.7,-150.6,-116.5,-82.4,-116.5,2.0,70.7,14.0,0.5,0.5,0.7,3.8,12.1,20.4,12.1,2.0,17.1,14.0,0.5,0.5,0.7,-61.0,-46.2,-31.5,-46.2,2.0,30.5,14.0,0.5,0.5,0.7,1.4,4.5,7.5,4.5,2.0,6.3,14.0,0.5,0.5,0.7,452.5,1139.5,1827.0,1139.5,2.0,1424.0,14.0,0.5,0.5,0.7,450.0,1140.0,1825.0,1140.0,2.0,1425.0,14.0,0.5,0.5,0.7
1974,2,247.0,-20.0,23.63,23.9,24.17,23.9,2.0,0.57,22.0,1.0,0.8,0.6,22.64,22.95,23.26,22.95,2.0,0.64,22.0,1.0,0.8,0.6,12.09,12.65,13.22,12.65,2.0,1.17,22.0,1.0,0.8,0.6,68.6,73.3,77.9,73.3,2.0,9.7,22.0,1.0,0.6,8.77,10.0,11.23,10.0,2.0,2.55,22.0,1.0,0.8,0.6,-11.23,-10.0,-8.77,-10.0,2.0,2.55,22.0,1.0,0.8,0.6,0.0,0.0,0.0,0.0,2.0,0.0,22.0,1.0,0.8,0.6,1018.17,1018.95,1019.74,1018.95,2.0,1.63,22.0,1.0,0.8,0.6,5.2,5.5,5.8,5.5,2.0,0.7,22.0,1.0,0.8,0.6,-127.8,-103.2,-78.7,-103.2,2.0,50.9,22.0,1.0,0.8,0.6,0.0,0.0,0.0,0.0,2.0,0.0,22.0,1.0,0.8,0.6,0.92,0.95,0.98,0.95,2.0,0.07,22.0,1.0,0.8,0.6,8.1,9.6,11.1,9.6,2.0,3.1,22.0,1.0,0.8,0.6,4.86,5.75,6.63,5.75,2.0,1.83,22.0,1.0,0.8,0.6,53.3,55.1,56.9,55.1,2.0,3.7,22.0,1.0,0.8,0.6,-253.8,-228.7,-203.6,-228.7,2.0,52.1,22.0,1.0,0.8,0.6,0.0,0.0,0.0,0.0,2.0,0.0,22.0,1.0,0.8,0.6,-149.2,-128.0,-106.8,-128.0,2.0,43.9,22.0,1.0,0.8,0.6,0.0,0.0,0.0,0.0,2.0,0.0,22.0,1.0,0.8,0.6,-56.9,-55.1,-53.3,-55.1,2.0,3.7,22.0,1.0,0.8,0.6,0.0,0.0,0.0,0.0,2.0,0.0,22.0,1.0,0.8,0.6,724.5,1097.0,1470.0,1097.0,2.0,772.0,22.0,1.0,0.8,0.6,725.0,1095.0,1470.0,1095.0,2.0,770.0,22.0,1.0,0.8,0.6
1974,2,247.0,-18.0,,,,,,,,,,,,,,,,,,,,,,,,,,,,,,,,,,,,,,,,7.2,7.2,7.2,7.2,1.0,0.0,28.0,0.0,0.3,0.6,-6.77,-6.77,-6.77,-6.77,1.0,0.0,28.0,0.0,0.3,0.6,2.46,2.46,2.46,2.46,1.0,0.0,28.0,0.0,0.3,0.6,1016.0,1016.0,1016.0,1016.0,1.0,0.0,28.0,0.0,0.3,0.6,,,,,,,,,,,,,,,,,,,,,,,,,,,,,,,,,,,,,,,,,,,,,,,,,,,,,,,,,,,,,,,,,,,,,,,,,,,,,,,,,,,,,,,,,,,,,,,,,,,,,,,,,,,,,,,,,,,,,,,,,,,,,,,,,,,,,,,,,,,,,,,,,,,,,,
1974,2,247.0,-17.0,23.61,24.5,25.59,24.6,3.0,1.45,18.0,0.3,0.4,0.5,22.52,23.2,24.43,23.47,3.0,1.42,18.0,0.3,0.4,0.5,12.2,12.26,13.2,12.69,3.0,0.82,18.0,0.3,0.4,0.5,69.4,69.4,72.1,70.7,3.0,2.3,18.0,0.3,0.5,8.03,9.8,10.14,9.1,3.0,1.66,18.0,0.3,0.4,0.5,-9.99,-9.65,-7.32,-8.68,3.0,2.13,18.0,0.3,0.4,0.5,1.73,1.79,3.03,2.36,3.0,1.07,18.0,0.3,0.4,0.5,1013.48,1014.5,1014.84,1014.17,3.0,1.04,18.0,0.3,0.4,0.5,3.9,8.0,8.0,6.0,3.0,3.5,18.0,0.3,0.4,0.5,-101.3,-94.6,-60.7,-81.3,3.0,31.9,18.0,0.3,0.4,0.5,17.2,18.4,23.5,20.3,3.0,4.9,18.0,0.3,0.4,0.5,-0.34,0.0,2.66,1.13,3.0,2.41,18.0,0.3,0.4,0.5,-2.5,0.0,27.4,12.2,3.0,24.3,18.0,0.3,0.4,0.5,5.48,5.52,7.85,6.64,3.0,1.99,18.0,0.3,0.4,0.5,44.1,53.5,79.8,61.7,3.0,27.1,18.0,0.3,0.4,0.5,-224.8,-223.9,-177.5,-201.7,3.0,39.6,18.0,0.3,0.4,0.5,39.6,39.7,74.0,56.4,3.0,29.1,18.0,0.3,0.4,0.5,-121.8,-118.4,-95.6,-108.9,3.0,20.9,18.0,0.3,0.4,0.5,21.2,21.8,40.4,30.6,3.0,16.0,18.0,0.3,0.4,0.5,-78.6,-52.7,-40.2,-59.2,3.0,28.7,18.0,0.3,0.4,0.5,11.4,16.0,18.6,15.0,3.0,5.3,18.0,0.3,0.4,0.5,553.5,941.0,1044.5,802.5,3.0,379.5,18.0,0.3,0.4,0.5,555.0,940.0,1045.0,800.0,3.0,380.0,18.0,0.3,0.4,0.5
1974,2,247.0,-16.0,23.06,23.3,24.37,23.68,5.0,0.83,12.0,0.6,0.8,0.5,23.0,23.5,24.11,23.62,5.0,0.82,12.0,0.6,0.8,0.5,12.31,13.27,13.94,13.23,5.0,1.19,12.0,0.6,0.8,0.5,68.5,69.5,78.8,73.1,5.0,6.6,12.0,0.6,0.5,6.39,8.2,11.88,8.84,5.0,3.42,12.0,0.6,0.8,0.5,-9.92,-8.2,-5.89,-7.95,5.0,3.08,12.0,0.6,0.8,0.5,1.3,2.63,5.45,3.27,5.0,2.73,12.0,0.6,0.8,0.5,1013.29,1016.3,1016.68,1015.2,5.0,2.0,12.0,0.6,0.8,0.5,2.0,2.0,3.0,2.5,4.0,1.0,10.0,0.5,0.8,0.6,-119.2,-67.2,-40.7,-78.3,5.0,52.8,12.0,0.6,0.8,0.5,5.3,20.3,66.1,33.5,5.0,34.8,12.0,0.6,0.8,0.5,-0.94,0.1,1.15,0.06,5.0,1.23,12.0,0.6,0.8,0.5,-11.6,0.8,6.8,-2.2,5.0,12.6,12.0,0.6,0.8,0.5,4.42,4.68,5.57,5.01,5.0,0.91,12.0,0.6,0.8,0.5,30.8,38.4,57.1,42.6,5.0,14.1,12.0,0.6,0.8,0.5,-239.8,-193.5,-135.5,-189.6,5.0,79.5,12.0,0.6,0.8,0.5,29.9,60.6,132.4,77.7,5.0,65.1,12.0,0.6,0.8,0.5,-137.4,-108.1,-76.5,-106.3,5.0,43.2,12.0,0.6,0.8,0.5,15.6,35.0,70.3,41.8,5.0,34.5,12.0,0.6,0.8,0.5,-47.4,-38.4,-28.2,-38.1,5.0,11.9,12.0,0.6,0.8,0.5,7.2,13.4,25.9,16.2,5.0,13.4,12.0,0.6,0.8,0.5,315.0,551.5,1700.0,933.5,5.0,844.5,12.0,0.6,0.8,0.5,315.0,550.0,1700.0,935.0,5.0,845.0,12.0,0.6,0.8,0.5
1974,2,247.0,-14.0,24.0,24.0,24.0,24.0,1.0,0.0,4.0,0.0,1.0,1.0,23.0,23.0,23.0,23.0,1.0,0.0,4.0,0.0,1.0,1.0,14.69,14.69,14.69,14.69,1.0,0.0,4.0,0.0,1.0,1.0,84.2,84.2,84.2,84.2,1.0,0.0,4.0,0.0,1.0,6.2,6.2,6.2,6.2,1.0,0.0,4.0,0.0,1.0,1.0,-6.11,-6.11,-6.11,-6.11,1.0,0.0,4.0,0.0,1.0,1.0,1.08,1.08,1.08,1.08,1.0,0.0,4.0,0.0,1.0,1.0,1015.5,1015.5,1015.5,1015.5,1.0,0.0,4.0,0.0,1.0,1.0,2.0,2.0,2.0,2.0,1.0,0.0,4.0,0.0,1.0,1.0,-37.9,-37.9,-37.9,-37.9,1.0,0.0,4.0,0.0,1.0,1.0,6.7,6.7,6.7,6.7,1.0,0.0,4.0,0.0,1.0,1.0,1.0,1.0,1.0,1.0,1.0,0.0,4.0,0.0,1.0,1.0,6.2,6.2,6.2,6.2,1.0,0.0,4.0,0.0,1.0,1.0,3.88,3.88,3.88,3.88,1.0,0.0,4.0,0.0,1.0,1.0,24.0,24.0,24.0,24.0,1.0,0.0,4.0,0.0,1.0,1.0,-140.4,-140.4,-140.4,-140.4,1.0,0.0,4.0,0.0,1.0,1.0,24.8,24.8,24.8,24.8,1.0,0.0,4.0,0.0,1.0,1.0,-89.7,-89.7,-89.7,-89.7,1.0,0.0,4.0,0.0,1.0,1.0,15.8,15.8,15.8,15.8,1.0,0.0,4.0,0.0,1.0,1.0,-23.7,-23.7,-23.7,-23.7,1.0,0.0,4.0,0.0,1.0,1.0,4.2,4.2,4.2,4.2,1.0,0.0,4.0,0.0,1.0,1.0,238.5,238.5,238.5,238.5,1.0,0.0,4.0,0.0,1.0,1.0,240.0,240.0,240.0,240.0,1.0,0.0,4.0,0.0,1.0,1.0
1974,2,247.0,-8.0,25.15,25.2,25.3,25.23,4.0,0.13,20.0,0.8,0.7,0.1,24.88,25.8,26.3,25.6,4.0,0.91,20.0,0.8,0.7,0.1,14.44,14.74,14.98,14.71,4.0,0.33,20.0,0.8,0.7,0.1,69.1,72.4,74.7,71.9,4.0,3.4,20.0,0.8,0.1,7.0,7.0,7.52,7.25,4.0,0.5,20.0,0.8,0.7,0.1,-7.26,-6.58,-6.31,-6.77,4.0,0.78,20.0,0.8,0.7,0.1,1.87,2.39,2.97,2.42,4.0,0.86,20.0,0.8,0.7,0.1,1010.11,1011.2,1011.82,1010.98,4.0,1.22,20.0,0.8,0.7,0.1,4.0,4.5,5.0,4.5,4.0,0.6,20.0,0.8,0.7,0.1,-54.9,-46.0,-44.2,-49.4,4.0,9.3,20.0,0.8,0.7,0.1,13.8,16.8,20.8,17.3,4.0,5.5,20.0,0.8,0.7,0.1,-1.0,-0.6,0.27,-0.37,4.0,0.81,20.0,0.8,0.7,0.1,-7.5,-4.2,1.9,-2.9,4.0,5.9,20.0,0.8,0.7,0.1,5.06,5.38,5.69,5.37,4.0,0.36,20.0,0.8,0.7,0.1,35.4,37.6,42.8,39.1,4.0,4.9,20.0,0.8,0.7,0.1,-191.0,-166.4,-157.1,-173.7,4.0,24.1,20.0,0.8,0.7,0.1,47.0,60.6,76.4,61.7,4.0,21.4,20.0,0.8,0.7,0.1,-106.9,-96.2,-92.6,-99.6,4.0,10.5,20.0,0.8,0.7,0.1,26.9,35.0,44.6,35.7,4.0,13.3,20.0,0.8,0.7,0.1,-41.3,-35.4,-31.9,-36.6,4.0,6.3,20.0,0.8,0.7,0.1,10.0,12.9,15.6,12.8,4.0,4.0,20.0,0.8,0.7,0.1,343.0,343.0,431.5,385.5,4.0,84.5,20.0,0.8,0.7,0.1,345.0,345.0,430.0,385.0,4.0,85.0,20.0,0.8,0.7,0.1
1974,2,247.0,-5.0,24.74,25.5,26.0,25.38,4.0,0.75,12.0,0.5,0.5,0.7,24.4,24.75,25.94,25.15,4.0,1.14,12.0,0.5,0.5,0.7,16.02,16.58,18.86,17.4,4.0,2.37,12.0,0.5,0.5,0.7,83.1,85.0,90.6,86.8,4.0,5.6,12.0,0.5,0.7,3.55,6.15,7.7,5.65,4.0,2.5,12.0,0.5,0.5,0.7,-4.43,-3.69,-1.68,-3.08,4.0,2.14,12.0,0.5,0.5,0.7,2.77,4.43,6.3,4.53,4.0,2.05,12.0,0.5,0.5,0.7,1009.49,1011.35,1013.52,1011.5,4.0,2.35,12.0,0.5,0.5,0.7,0.5,2.0,4.6,2.5,4.0,2.6,12.0,0.5,0.5,0.7,-34.1,-22.9,-7.7,-21.0,4.0,16.6,12.0,0.5,0.5,0.7,10.0,29.5,48.5,29.3,4.0,22.4,12.0,0.5,0.5,0.7,-0.32,0.35,0.76,0.23,4.0,0.76,12.0,0.5,0.5,0.7,-1.2,2.1,3.3,1.1,4.0,3.3,12.0,0.5,0.5,0.7,1.65,3.46,4.05,2.88,4.0,1.9,12.0,0.5,0.5,0.7,5.8,18.6,26.7,16.4,4.0,12.7,12.0,0.5,0.5,0.7,-108.5,-94.0,-44.5,-77.3,4.0,53.1,12.0,0.5,0.5,0.7,71.8,111.9,153.7,112.7,4.0,47.8,12.0,0.5,0.5,0.7,-77.9,-66.7,-28.5,-53.8,4.0,37.0,12.0,0.5,0.5,0.7,52.0,79.6,100.8,76.5,4.0,28.9,12.0,0.5,0.5,0.7,-15.2,-7.2,-0.2,-7.7,4.0,8.7,12.0,0.5,0.5,0.7,5.7,15.6,21.9,13.9,4.0,10.4,12.0,0.5,0.5,0.7,55.5,277.0,456.5,257.0,4.0,232.5,12.0,0.5,0.5,0.7,55.0,275.0,455.0,255.0,4.0,235.0,12.0,0.5,0.5,0.7
1974,2,247.0,-4.0,23.8,23.8,23.8,23.8,1.0,0.0,2.0,1.0,0.5,0.4,26.0,26.0,26.0,26.0,1.0,0.0,2.0,1.0,0.5,0.4,15.55,15.55,15.55,15.55,1.0,0.0,2.0,1.0,0.5,0.4,74.4,74.4,74.4,74.4,1.0,0.0,2.0,1.0,0.4,3.1,3.1,3.1,3.1,1.0,0.0,2.0,1.0,0.5,0.4,-1.99,-1.99,-1.99,-1.99,1.0,0.0,2.0,1.0,0.5,0.4,2.37,2.37,2.37,2.37,1.0,0.0,2.0,1.0,0.5,0.4,1014.9,1014.9,1014.9,1014.9,1.0,0.0,2.0,1.0,0.5,0.4,1.0,1.0,1.0,1.0,1.0,0.0,2.0,1.0,0.5,0.4,-6.2,-6.2,-6.2,-6.2,1.0,0.0,2.0,1.0,0.5,0.4,7.4,7.4,7.4,7.4,1.0,0.0,2.0,1.0,0.5,0.4,-2.2,-2.2,-2.2,-2.2,1.0,0.0,2.0,1.0,0.5,0.4,-6.8,-6.8,-6.8,-6.8,1.0,0.0,2.0,1.0,0.5,0.4,2.81,2.81,2.81,2.81,1.0,0.0,2.0,1.0,0.5,0.4,8.7,8.7,8.7,8.7,1.0,0.0,2.0,1.0,0.5,0.4,-51.8,-51.8,-51.8,-51.8,1.0,0.0,2.0,1.0,0.5,0.4,61.7,61.7,61.7,61.7,1.0,0.0,2.0,1.0,0.5,0.4,-31.0,-31.0,-31.0,-31.0,1.0,0.0,2.0,1.0,0.5,0.4,36.9,36.9,36.9,36.9,1.0,0.0,2.0,1.0,0.5,0.4,-5.6,-5.6,-5.6,-5.6,1.0,0.0,2.0,1.0,0.5,0.4,6.7,6.7,6.7,6.7,1.0,0.0,2.0,1.0,0.5,0.4,30.0,30.0,30.0,30.0,1.0,0.0,2.0,1.0,0.5,0.4,30.0,30.0,30.0,30.0,1.0,0.0,2.0,1.0,0.5,0.4
1974,2,247.0,-3.0,26.1,26.1,26.1,26.1,1.0,0.0,16.0,1.0,0.2,0.2,26.1,26.1,26.1,26.1,1.0,0.0,16.0,1.0,0.2,0.2,17.92,17.92,17.92,17.92,1.0,0.0,16.0,1.0,0.2,0.2,85.1,85.1,85.1,85.1,1.0,0.0,16.0,1.0,0.2,4.6,4.6,4.6,4.6,1.0,0.0,16.0,1.0,0.2,0.2,-2.3,-2.3,-2.3,-2.3,1.0,0.0,16.0,1.0,0.2,0.2,3.98,3.98,3.98,3.98,1.0,0.0,16.0,1.0,0.2,0.2,1014.1,1014.1,1014.1,1014.1,1.0,0.0,16.0,1.0,0.2,0.2,6.0,6.0,6.0,6.0,1.0,0.0,16.0,1.0,0.2,0.2,-10.6,-10.6,-10.6,-10.6,1.0,0.0,16.0,1.0,0.2,0.2,18.3,18.3,18.3,18.3,1.0,0.0,16.0,1.0,0.2,0.2,0.0,0.0,0.0,0.0,1.0,0.0,16.0,1.0,0.2,0.2,0.0,0.0,0.0,0.0,1.0,0.0,16.0,1.0,0.2,0.2,3.18,3.18,3.18,3.18,1.0,0.0,16.0,1.0,0.2,0.2,14.6,14.6,14.6,14.6,1.0,0.0,16.0,1.0,0.2,0.2,-60.0,-60.0,-60.0,-60.0,1.0,0.0,16.0,1.0,0.2,0.2,104.0,104.0,104.0,104.0,1.0,0.0,16.0,1.0,0.2,0.2,-41.2,-41.2,-41.2,-41.2,1.0,0.0,16.0,1.0,0.2,0.2,71.4,71.4,71.4,71.4,1.0,0.0,16.0,1.0,0.2,0.2,-7.3,-7.3,-7.3,-7.3,1.0,0.0,16.0,1.0,0.2,0.2,12.7,12.7,12.7,12.7,1.0,0.0,16.0,1.0,0.2,0.2,97.5,97.5,97.5,97.5,1.0,0.0,16.0,1.0,0.2,0.2,95.0,95.0,95.0,95.0,1.0,0.0,16.0,1.0,0.2,0.2
1974,2,247.0,-2.0,23.58,23.75,23.92,23.75,2.0,0.35,18.0,0.5,0.9,0.4,23.28,23.45,23.62,23.45,2.0,0.35,18.0,0.5,0.9,0.4,17.08,17.14,17.2,17.14,2.0,0.13,18.0,0.5,0.9,0.4,94.4,95.0,95.6,95.0,2.0,1.2,18.0,0.5,0.4,4.1,4.1,4.1,4.1,2.0,0.0,18.0,0.5,0.9,0.4,-1.99,-0.62,0.76,-0.62,2.0,2.86,18.0,0.5,0.9,0.4,3.25,3.5,3.74,3.5,2.0,0.5,18.0,0.5,0.9,0.4,1009.42,1009.9,1010.38,1009.9,2.0,0.99,18.0,0.5,0.9,0.4,2.1,4.5,6.9,4.5,2.0,4.9,18.0,0.5,0.9,0.4,-8.2,-2.5,3.1,-2.5,2.0,11.7,18.0,0.5,0.9,0.4,13.3,14.3,15.3,14.3,2.0,2.1,18.0,0.5,0.9,0.4,0.3,0.3,0.3,0.3,2.0,0.0,18.0,0.5,0.9,0.4,1.2,1.2,1.2,1.2,2.0,0.0,18.0,0.5,0.9,0.4,1.13,1.25,1.37,1.25,2.0,0.25,18.0,0.5,0.9,0.4,4.6,5.1,5.6,5.1,2.0,1.0,18.0,0.5,0.9,0.4,-47.4,-15.0,17.5,-15.0,2.0,67.2,18.0,0.5,0.9,0.4,76.8,81.9,87.0,81.9,2.0,10.6,18.0,0.5,0.9,0.4,-34.4,-10.8,12.9,-10.8,2.0,49.0,18.0,0.5,0.9,0.4,56.0,59.9,63.8,59.9,2.0,8.2,18.0,0.5,0.9,0.4,-2.9,-1.1,0.7,-1.1,2.0,3.7,18.0,0.5,0.9,0.4,4.2,4.3,4.4,4.3,2.0,0.2,18.0,0.5,0.9,0.4,69.0,69.0,69.0,69.0,2.0,0.0,18.0,0.5,0.9,0.4,70.0,70.0,70.0,70.0,2.0,0.0,18.0,0.5,0.9,0.4
1974,2,247.0,3.0,26.5,26.5,26.5,26.5,1.0,0.0,24.0,1.0,1.0,0.3,26.4,26.4,26.4,26.4,1.0,0.0,24.0,1.0,1.0,0.3,17.22,17.22,17.22,17.22,1.0,0.0,24.0,1.0,1.0,0.3,79.6,79.6,79.6,79.6,1.0,0.0,24.0,1.0,0.3,6.7,6.7,6.7,6.7,1.0,0.0,24.0,1.0,1.0,0.3,-6.3,-6.3,-6.3,-6.3,1.0,0.0,24.0,1.0,1.0,0.3,-2.29,-2.29,-2.29,-2.29,1.0,0.0,24.0,1.0,1.0,0.3,1005.2,1005.2,1005.2,1005.2,1.0,0.0,24.0,1.0,1.0,0.3,7.0,7.0,7.0,7.0,1.0,0.0,24.0,1.0,1.0,0.3,-42.2,-42.2,-42.2,-42.2,1.0,0.0,24.0,1.0,1.0,0.3,-15.4,-15.4,-15.4,-15.4,1.0,0.0,24.0,1.0,1.0,0.3,0.1,0.1,0.1,0.1,1.0,0.0,24.0,1.0,1.0,0.3,0.7,0.7,0.7,0.7,1.0,0.0,24.0,1.0,1.0,0.3,4.59,4.59,4.59,4.59,1.0,0.0,24.0,1.0,1.0,0.3,30.8,30.8,30.8,30.8,1.0,0.0,24.0,1.0,1.0,0.3,-166.2,-166.2,-166.2,-166.2,1.0,0.0,24.0,1.0,1.0,0.3,-60.5,-60.5,-60.5,-60.5,1.0,0.0,24.0,1.0,1.0,0.3,-108.4,-108.4,-108.4,-108.4,1.0,0.0,24.0,1.0,1.0,0.3,-39.5,-39.5,-39.5,-39.5,1.0,0.0,24.0,1.0,1.0,0.3,-28.9,-28.9,-28.9,-28.9,1.0,0.0,24.0,1.0,1.0,0.3,-10.5,-10.5,-10.5,-10.5,1.0,0.0,24.0,1.0,1.0,0.3,301.0,301.0,301.0,301.0,1.0,0.0,24.0,1.0,1.0,0.3,300.0,300.0,300.0,300.0,1.0,0.0,24.0,1.0,1.0,0.3
1974,2,247.0,6.0,26.7,26.7,26.7,26.7,1.0,0.0,6.0,1.0,0.4,0.9,26.5,26.5,26.5,26.5,1.0,0.0,6.0,1.0,0.4,0.9,16.87,16.87,16.87,16.87,1.0,0.0,6.0,1.0,0.4,0.9,78.2,78.2,78.2,78.2,1.0,0.0,6.0,1.0,0.9,4.1,4.1,4.1,4.1,1.0,0.0,6.0,1.0,0.4,0.9,-2.64,-2.64,-2.64,-2.64,1.0,0.0,6.0,1.0,0.4,0.9,-3.14,-3.14,-3.14,-3.14,1.0,0.0,6.0,1.0,0.4,0.9,1013.2,1013.2,1013.2,1013.2,1.0,0.0,6.0,1.0,0.4,0.9,5.0,5.0,5.0,5.0,1.0,0.0,6.0,1.0,0.4,0.9,-10.8,-10.8,-10.8,-10.8,1.0,0.0,6.0,1.0,0.4,0.9,-12.9,-12.9,-12.9,-12.9,1.0,0.0,6.0,1.0,0.4,0.9,0.2,0.2,0.2,0.2,1.0,0.0,6.0,1.0,0.4,0.9,0.8,0.8,0.8,0.8,1.0,0.0,6.0,1.0,0.4,0.9,5.02,5.02,5.02,5.02,1.0,0.0,6.0,1.0,0.4,0.9,20.6,20.6,20.6,20.6,1.0,0.0,6.0,1.0,0.4,0.9,-69.8,-69.8,-69.8,-69.8,1.0,0.0,6.0,1.0,0.4,0.9,-83.2,-83.2,-83.2,-83.2,1.0,0.0,6.0,1.0,0.4,0.9,-44.5,-44.5,-44.5,-44.5,1.0,0.0,6.0,1.0,0.4,0.9,-53.0,-53.0,-53.0,-53.0,1.0,0.0,6.0,1.0,0.4,0.9,-13.2,-13.2,-13.2,-13.2,1.0,0.0,6.0,1.0,0.4,0.9,-15.8,-15.8,-15.8,-15.8,1.0,0.0,6.0,1.0,0.4,0.9,69.0,69.0,69.0,69.0,1.0,0.0,6.0,1.0,0.4,0.9,70.0,70.0,70.0,70.0,1.0,0.0,6.0,1.0,0.4,0.9
1974,2,247.0,7.0,25.82,26.3,26.78,26.3,2.0,0.99,16.0,0.5,1.0,0.3,25.96,26.95,27.94,26.95,2.0,2.05,16.0,0.5,1.0,0.3,16.78,17.16,17.53,17.16,2.0,0.78,16.0,0.5,1.0,0.3,74.4,77.2,80.1,77.2,2.0,6.0,16.0,0.5,0.3,4.51,5.4,6.29,5.4,2.0,1.84,16.0,0.5,1.0,0.3,-5.96,-4.37,-2.79,-4.37,2.0,3.29,16.0,0.5,1.0,0.3,-2.99,-1.78,-0.56,-1.78,2.0,2.51,16.0,0.5,1.0,0.3,1008.26,1009.25,1010.24,1009.25,2.0,2.05,16.0,0.5,1.0,0.3,1.3,2.0,2.7,2.0,2.0,1.4,16.0,0.5,1.0,0.3,-39.1,-26.6,-14.2,-26.6,2.0,25.8,16.0,0.5,1.0,0.3,-12.2,-7.3,-2.3,-7.3,2.0,10.3,16.0,0.5,1.0,0.3,-2.12,-0.65,0.82,-0.65,2.0,3.04,16.0,0.5,1.0,0.3,-14.8,-6.3,2.2,-6.3,2.0,17.6,16.0,0.5,1.0,0.3,3.35,4.32,5.29,4.32,2.0,2.01,16.0,0.5,1.0,0.3,20.1,21.5,22.9,21.5,2.0,2.9,16.0,0.5,1.0,0.3,-168.4,-121.3,-74.2,-121.3,2.0,97.6,16.0,0.5,1.0,0.3,-76.2,-45.3,-14.4,-45.3,2.0,64.0,16.0,0.5,1.0,0.3,-105.2,-76.3,-47.5,-76.3,2.0,59.8,16.0,0.5,1.0,0.3,-49.6,-29.5,-9.4,-29.5,2.0,41.7,16.0,0.5,1.0,0.3,-18.2,-15.6,-13.0,-15.6,2.0,5.4,16.0,0.5,1.0,0.3,-17.2,-10.2,-3.2,-10.2,2.0,14.4,16.0,0.5,1.0,0.3,105.5,185.0,264.0,185.0,2.0,164.0,16.0,0.5,1.0,0.3,105.0,185.0,265.0,185.0,2.0,165.0,16.0,0.5,1.0,0.3
1974,2,247.0,8.0,28.0,28.0,28.0,28.0,1.0,0.0,18.0,1.0,0.6,0.0,27.5,27.5,27.5,27.5,1.0,0.0,18.0,1.0,0.6,0.0,17.34,17.34,17.34,17.34,1.0,0.0,18.0,1.0,0.6,0.0,75.6,75.6,75.6,75.6,1.0,0.0,18.0,1.0,0.0,7.7,7.7,7.7,7.7,1.0,0.0,18.0,1.0,0.6,0.0,-7.7,-7.7,-7.7,-7.7,1.0,0.0,18.0,1.0,0.6,0.0,0.0,0.0,0.0,0.0,1.0,0.0,18.0,1.0,0.6,0.0,1010.4,1010.4,1010.4,1010.4,1.0,0.0,18.0,1.0,0.6,0.0,3.0,3.0,3.0,3.0,1.0,0.0,18.0,1.0,0.6,0.0,-59.3,-59.3,-59.3,-59.3,1.0,0.0,18.0,1.0,0.6,0.0,0.0,0.0,0.0,0.0,1.0,0.0,18.0,1.0,0.6,0.0,0.5,0.5,0.5,0.5,1.0,0.0,18.0,1.0,0.6,0.0,3.9,3.9,3.9,3.9,1.0,0.0,18.0,1.0,0.6,0.0,6.38,6.38,6.38,6.38,1.0,0.0,18.0,1.0,0.6,0.0,49.1,49.1,49.1,49.1,1.0,0.0,18.0,1.0,0.6,0.0,-211.7,-211.7,-211.7,-211.7,1.0,0.0,18.0,1.0,0.6,0.0,0.0,0.0,0.0,0.0,1.0,0.0,18.0,1.0,0.6,0.0,-133.5,-133.5,-133.5,-133.5,1.0,0.0,18.0,1.0,0.6,0.0,0.0,0.0,0.0,0.0,1.0,0.0,18.0,1.0,0.6,0.0,-49.1,-49.1,-49.1,-49.1,1.0,0.0,18.0,1.0,0.6,0.0,0.0,0.0,0.0,0.0,1.0,0.0,18.0,1.0,0.6,0.0,456.5,456.5,456.5,456.5,1.0,0.0,18.0,1.0,0.6,0.0,455.0,455.0,455.0,455.0,1.0,0.0,18.0,1.0,0.6,0.0
1974,2,247.0,11.0,26.29,26.9,27.67,26.98,4.0,0.85,18.0,0.0,0.6,0.6,25.1,25.45,26.64,25.85,4.0,1.14,18.0,0.0,0.6,0.6,15.02,16.96,18.67,16.85,3.0,2.68,14.0,0.0,0.6,0.5,74.1,86.0,93.6,83.9,3.0,14.3,14.0,0.0,0.5,3.29,4.85,6.72,5.0,4.0,2.5,18.0,0.0,0.6,0.6,-3.97,-2.55,-2.2,-3.06,4.0,1.34,18.0,0.0,0.6,0.6,-5.93,-2.43,-0.42,-3.14,4.0,3.49,18.0,0.0,0.6,0.6,1010.29,1011.15,1012.95,1011.6,4.0,1.76,18.0,0.0,0.6,0.6,1.5,4.0,7.0,4.3,4.0,3.3,18.0,0.0,0.6,0.6,-24.4,-16.8,-7.3,-15.9,4.0,10.1,18.0,0.0,0.6,0.6,-41.8,-11.4,-2.2,-21.5,4.0,28.9,18.0,0.0,0.6,0.6,0.64,0.95,1.62,1.13,4.0,0.69,18.0,0.0,0.6,0.6,2.4,3.1,10.8,6.4,4.0,7.2,18.0,0.0,0.6,0.6,3.56,4.14,6.47,5.0,3.0,2.26,14.0,0.0,0.6,0.5,14.5,27.0,32.3,23.5,3.0,13.4,14.0,0.0,0.6,0.5,-106.0,-64.9,-55.6,-80.1,4.0,39.4,18.0,0.0,0.6,0.6,-150.5,-63.4,-11.6,-80.2,4.0,87.6,18.0,0.0,0.6,0.6,-48.6,-35.6,-33.5,-40.9,3.0,12.0,14.0,0.0,0.6,0.5,-120.2,-56.2,-17.8,-68.7,3.0,75.8,14.0,0.0,0.6,0.5,-14.8,-9.2,-8.9,-11.8,3.0,4.9,14.0,0.0,0.6,0.5,-28.6,-25.3,-8.0,-18.5,3.0,16.2,14.0,0.0,0.6,0.5,51.0,115.0,352.0,197.5,4.0,241.5,18.0,0.0,0.6,0.6,50.0,115.0,350.0,200.0,4.0,240.0,18.0,0.0,0.6,0.6
1974,2,247.0,12.0,25.98,26.8,26.94,26.47,3.0,0.76,12.0,1.0,0.6,0.4,24.44,27.1,29.08,26.77,3.0,3.41,12.0,1.0,0.6,0.4,17.05,19.27,20.09,18.59,3.0,2.3,12.0,1.0,0.6,0.4,80.1,86.2,88.9,84.6,3.0,6.6,12.0,1.0,0.4,7.36,7.7,8.04,7.7,3.0,0.5,12.0,1.0,0.6,0.4,-6.42,-4.95,-4.73,-5.56,3.0,1.34,12.0,1.0,0.6,0.4,-5.78,-5.52,-4.55,-5.17,3.0,0.95,12.0,1.0,0.6,0.4,1011.32,1014.6,1014.74,1013.07,3.0,2.83,12.0,1.0,0.6,0.4,2.0,4.0,6.7,4.3,3.0,3.5,12.0,1.0,0.6,0.4,-51.8,-38.1,-34.8,-43.2,3.0,13.2,12.0,1.0,0.6,0.4,-43.6,-39.7,-35.6,-39.6,3.0,5.9,12.0,1.0,0.6,0.4,-3.1,-0.3,2.5,-0.3,3.0,4.1,12.0,1.0,0.6,0.4,-23.9,-2.5,17.9,-3.0,3.0,30.6,12.0,1.0,0.6,0.4,0.87,2.73,5.2,3.03,3.0,3.19,12.0,1.0,0.6,0.4,7.1,22.4,38.3,22.7,3.0,22.9,12.0,1.0,0.6,0.4,-178.5,-148.5,-120.4,-149.4,3.0,42.5,12.0,1.0,0.6,0.4,-161.4,-128.0,-116.5,-138.7,3.0,34.2,12.0,1.0,0.6,0.4,-125.6,-101.3,-82.8,-104.1,3.0,31.4,12.0,1.0,0.6,0.4,-110.5,-88.3,-82.0,-96.0,3.0,21.9,12.0,1.0,0.6,0.4,-26.2,-19.4,-6.1,-16.3,3.0,14.9,12.0,1.0,0.6,0.4,-27.5,-11.2,-3.5,-15.4,3.0,17.9,12.0,1.0,0.6,0.4,399.5,456.5,521.5,460.5,3.0,89.0,12.0,1.0,0.6,0.4,400.0,455.0,520.0,460.0,3.0,90.0,12.0,1.0,0.6,0.4
1974,2,247.0,13.0,,,,,,,,,,,,,,,,,,,,,,,,,,,,,,,,,,,,,,,,7.0,7.0,7.0,7.0,1.0,0.0,12.0,1.0,1.0,0.0,-6.58,-6.58,-6.58,-6.58,1.0,0.0,12.0,1.0,1.0,0.0,-2.39,-2.39,-2.39,-2.39,1.0,0.0,12.0,1.0,1.0,0.0,1013.5,1013.5,1013.5,1013.5,1.0,0.0,12.0,1.0,1.0,0.0,,,,,,,,,,,,,,,,,,,,,,,,,,,,,,,,,,,,,,,,,,,,,,,,,,,,,,,,,,,,,,,,,,,,,,,,,,,,,,,,,,,,,,,,,,,,,,,,,,,,,,,,,,,,,,,,,,,,,,,,,,,,,,,,,,,,,,,,,,,,,,,,,,,,,,
1974,2,247.0,14.0,25.25,25.35,25.45,25.35,2.0,0.21,20.0,0.0,0.4,0.5,23.83,23.9,23.97,23.9,2.0,0.14,20.0,0.0,0.4,0.5,15.46,15.46,15.46,15.46,1.0,0.0,26.0,0.0,0.2,0.8,83.3,83.3,83.3,83.3,1.0,0.0,26.0,0.0,0.8,6.93,8.5,10.07,8.5,2.0,3.25,20.0,0.0,0.4,0.5,-7.71,-6.51,-5.31,-6.51,2.0,2.49,20.0,0.0,0.4,0.5,-6.47,-5.46,-4.45,-5.46,2.0,2.09,20.0,0.0,0.4,0.5,1013.66,1014.0,1014.34,1014.0,2.0,0.71,20.0,0.0,0.4,0.5,2.3,3.0,3.7,3.0,2.0,1.4,20.0,0.0,0.4,0.5,-79.8,-59.4,-39.0,-59.4,2.0,42.4,20.0,0.0,0.4,0.5,-67.0,-49.8,-32.7,-49.8,2.0,35.5,20.0,0.0,0.4,0.5,1.42,1.45,1.48,1.45,2.0,0.07,20.0,0.0,0.4,0.5,10.2,12.2,14.2,12.2,2.0,4.1,20.0,0.0,0.4,0.5,4.9,4.9,4.9,4.9,1.0,0.0,26.0,0.0,0.2,0.8,30.4,30.4,30.4,30.4,1.0,0.0,26.0,0.0,0.2,0.8,-183.7,-155.4,-127.1,-155.4,2.0,58.6,20.0,0.0,0.4,0.5,-154.2,-130.4,-106.7,-130.4,2.0,49.2,20.0,0.0,0.4,0.5,-73.4,-73.4,-73.4,-73.4,1.0,0.0,26.0,0.0,0.2,0.8,-61.6,-61.6,-61.6,-61.6,1.0,0.0,26.0,0.0,0.2,0.8,-23.3,-23.3,-23.3,-23.3,1.0,0.0,26.0,0.0,0.2,0.8,-19.5,-19.5,-19.5,-19.5,1.0,0.0,26.0,0.0,0.2,0.8,400.5,749.0,1097.5,749.0,2.0,722.0,20.0,0.0,0.4,0.5,400.0,750.0,1100.0,750.0,2.0,720.0,20.0,0.0,0.4,0.5
1974,2,247.0,15.0,26.05,26.1,26.41,26.23,4.0,0.32,16.0,0.5,0.6,0.5,22.9,24.15,24.71,23.83,4.0,1.3,16.0,0.5,0.6,0.5,13.86,14.26,15.51,14.66,4.0,1.27,16.0,0.5,0.6,0.5,74.8,80.7,85.1,80.0,4.0,6.7,16.0,0.5,0.5,4.05,6.9,9.54,6.8,4.0,3.29,16.0,0.5,0.6,0.5,-6.64,-4.95,-1.01,-3.88,4.0,3.65,16.0,0.5,0.6,0.5,-6.8,-4.75,-3.39,-5.08,4.0,2.18,16.0,0.5,0.6,0.5,1013.68,1015.45,1016.49,1015.1,4.0,2.12,16.0,0.5,0.6,0.5,1.5,2.5,3.0,2.3,4.0,1.0,16.0,0.5,0.6,0.5,-63.3,-37.4,-6.2,-34.9,4.0,33.8,16.0,0.5,0.6,0.5,-65.7,-34.3,-14.2,-39.7,4.0,32.4,16.0,0.5,0.6,0.5,1.39,2.25,3.43,2.4,4.0,1.28,16.0,0.5,0.6,0.5,8.2,12.8,25.0,16.4,4.0,12.8,16.0,0.5,0.6,0.5,5.73,7.18,7.38,6.58,4.0,1.37,16.0,0.5,0.6,0.5,25.4,50.8,68.3,47.1,4.0,26.4,16.0,0.5,0.6,0.5,-156.5,-112.5,-23.7,-91.2,4.0,86.5,16.0,0.5,0.6,0.5,-161.9,-108.2,-81.7,-121.2,4.0,55.0,16.0,0.5,0.6,0.5,-92.2,-69.0,-13.3,-53.5,4.0,51.8,16.0,0.5,0.6,0.5,-94.6,-66.3,-52.0,-73.0,4.0,28.2,16.0,0.5,0.6,0.5,-47.8,-35.5,-9.1,-28.7,4.0,25.0,16.0,0.5,0.6,0.5,-48.6,-35.0,-20.8,-34.7,4.0,18.0,16.0,0.5,0.6,0.5,79.0,395.5,886.0,478.5,4.0,493.5,16.0,0.5,0.6,0.5,80.0,395.0,885.0,480.0,4.0,495.0,16.0,0.5,0.6,0.5
1974,2,247.0,16.0,25.0,25.9,26.19,25.81,13.0,0.94,20.0,0.6,0.5,0.5,22.38,23.3,25.78,23.87,15.0,1.67,18.0,0.6,0.5,0.4,11.41,14.08,15.83,13.91,14.0,2.0,18.0,0.6,0.5,0.4,67.5,74.4,86.3,76.2,14.0,9.7,18.0,0.6,0.4,2.71,5.7,6.2,5.05,15.0,1.99,18.0,0.6,0.5,0.4,-3.1,-1.34,0.0,-1.55,15.0,2.01,18.0,0.6,0.5,0.4,-6.09,-5.36,-1.13,-4.2,15.0,2.43,18.0,0.6,0.5,0.4,1013.42,1015.0,1017.23,1015.25,15.0,1.62,18.0,0.6,0.5,0.4,1.2,4.0,7.0,3.9,15.0,2.4,18.0,0.6,0.5,0.4,-18.7,-6.4,0.0,-8.2,15.0,12.1,18.0,0.6,0.5,0.4,-37.3,-30.5,-2.7,-24.7,15.0,19.3,18.0,0.6,0.5,0.4,0.45,1.7,3.81,2.05,13.0,1.92,20.0,0.6,0.5,0.5,2.6,7.7,23.6,10.8,13.0,11.8,20.0,0.6,0.5,0.5,4.57,6.46,9.55,6.81,13.0,2.24,20.0,0.6,0.5,0.5,16.1,36.8,55.4,35.9,13.0,17.9,20.0,0.6,0.5,0.5,-77.4,-34.8,0.0,-38.5,15.0,51.6,18.0,0.6,0.5,0.4,-135.0,-118.7,-26.3,-99.2,15.0,57.8,18.0,0.6,0.5,0.4,-43.1,-20.4,0.0,-22.3,14.0,31.5,18.0,0.6,0.5,0.4,-83.2,-60.2,-13.0,-53.6,14.0,31.0,18.0,0.6,0.5,0.4,-23.7,-10.5,0.5,-10.3,13.0,12.7,20.0,0.6,0.5,0.5,-55.1,-34.7,-11.2,-30.7,13.0,20.4,20.0,0.6,0.5,0.5,20.5,185.0,238.5,180.5,15.0,143.0,18.0,0.6,0.5,0.4,20.0,185.0,240.0,180.0,15.0,145.0,18.0,0.6,0.5,0.4
1974,2,247.0,17.0,22.81,25.6,26.37,25.04,9.0,1.9,10.0,0.7,0.5,0.4,22.0,25.0,26.0,24.14,9.0,1.86,10.0,0.7,0.5,0.4,11.51,12.31,14.28,12.93,5.0,2.16,8.0,0.4,0.6,0.6,67.3,75.1,80.8,74.4,5.0,7.5,8.0,0.4,0.6,5.1,5.1,8.2,6.2,8.0,1.83,10.0,0.6,0.5,0.4,-4.22,-0.89,0.79,-1.65,8.0,2.69,10.0,0.6,0.5,0.4,-7.28,-5.06,-5.02,-5.46,8.0,1.68,10.0,0.6,0.5,0.4,1013.24,1014.9,1015.9,1014.59,9.0,1.39,10.0,0.7,0.5,0.4,2.0,5.0,7.7,4.8,9.0,2.7,10.0,0.7,0.5,0.4,-35.1,-4.5,4.0,-11.9,8.0,21.8,10.0,0.6,0.5,0.4,-63.1,-25.8,-25.6,-36.1,8.0,20.3,10.0,0.6,0.5,0.4,-0.29,0.0,2.1,0.9,9.0,1.64,10.0,0.7,0.5,0.4,-1.8,2.1,18.8,6.0,8.0,10.1,10.0,0.6,0.5,0.4,4.32,5.16,8.85,6.31,5.0,2.42,8.0,0.4,0.6,0.6,29.3,42.3,55.6,43.2,5.0,20.8,8.0,0.4,0.6,0.6,-93.8,-23.1,20.5,-37.5,8.0,60.2,10.0,0.6,0.5,0.4,-161.9,-130.6,-112.4,-130.0,8.0,36.9,10.0,0.6,0.5,0.4,-59.2,-52.0,6.1,-31.5,5.0,37.5,8.0,0.4,0.6,0.6,-93.7,-66.1,-52.7,-71.2,5.0,22.4,8.0,0.4,0.6,0.6,-23.2,-13.9,4.8,-10.2,5.0,17.4,8.0,0.4,0.6,0.6,-55.1,-31.0,-21.5,-37.7,5.0,23.5,8.0,0.4,0.6,0.6,132.5,132.5,551.5,295.0,8.0,245.0,10.0,0.6,0.5,0.4,135.0,135.0,550.0,295.0,8.0,245.0,10.0,0.6,0.5,0.4
1974,2,247.0,18.0,23.86,24.0,24.27,24.07,3.0,0.31,12.0,0.7,0.7,0.4,22.34,25.0,25.82,24.1,3.0,2.67,12.0,0.7,0.7,0.4,10.31,11.15,12.83,11.56,3.0,1.88,12.0,0.7,0.7,0.4,54.1,69.3,71.3,62.8,3.0,13.8,12.0,0.7,0.4,7.02,7.7,8.04,7.53,3.0,0.76,12.0,0.7,0.7,0.4,-4.02,-1.34,-1.22,-2.59,3.0,2.32,12.0,0.7,0.7,0.4,-7.27,-6.6,-6.38,-6.82,3.0,0.68,12.0,0.7,0.7,0.4,1014.22,1016.4,1017.7,1015.97,3.0,2.58,12.0,0.7,0.7,0.4,3.0,5.0,7.0,5.0,3.0,3.0,12.0,0.7,0.7,0.4,-32.8,-10.3,-8.6,-20.4,3.0,19.8,12.0,0.7,0.7,0.4,-56.2,-51.5,-46.5,-51.4,3.0,7.1,12.0,0.7,0.7,0.4,-1.55,-1.0,1.53,-0.03,3.0,2.4,12.0,0.7,0.7,0.4,-12.2,-6.7,12.1,-0.2,3.0,18.6,12.0,0.7,0.7,0.4,5.64,7.14,8.52,7.08,3.0,2.11,12.0,0.7,0.7,0.4,40.0,55.0,68.7,54.4,3.0,21.0,12.0,0.7,0.7,0.4,-103.5,-29.1,-28.5,-65.1,3.0,63.2,12.0,0.7,0.7,0.4,-164.8,-164.6,-161.5,-163.2,3.0,2.8,12.0,0.7,0.7,0.4,-40.7,-15.8,-15.2,-27.7,3.0,21.3,12.0,0.7,0.7,0.4,-88.2,-84.6,-69.3,-78.9,3.0,14.6,12.0,0.7,0.7,0.4,-36.0,-9.5,-6.9,-21.2,3.0,23.5,12.0,0.7,0.7,0.4,-56.4,-54.1,-39.4,-48.1,3.0,13.5,12.0,0.7,0.7,0.4,350.0,456.5,521.5,436.0,3.0,126.5,12.0,0.7,0.7,0.4,350.0,455.0,520.0,435.0,3.0,125.0,12.0,0.7,0.7,0.4
1974,2,247.0,20.0,19.11,20.25,21.94,20.51,8.0,1.28,14.0,0.4,0.6,0.4,18.03,19.0,21.78,19.73,8.0,2.24,14.0,0.4,0.6,0.4,9.23,10.45,11.92,10.61,8.0,1.52,14.0,0.4,0.6,0.4,65.8,73.8,82.2,74.4,8.0,8.0,14.0,0.4,0.4,3.21,4.85,10.01,5.91,8.0,3.16,14.0,0.4,0.6,0.4,-2.31,0.0,1.91,0.18,8.0,3.41,14.0,0.4,0.6,0.4,-7.87,-4.47,-3.15,-5.27,8.0,2.54,14.0,0.4,0.6,0.4,1014.96,1016.0,1017.63,1016.78,8.0,2.77,14.0,0.4,0.6,0.4,0.1,4.0,6.9,3.6,8.0,3.2,14.0,0.4,0.6,0.4,-11.6,0.0,7.9,1.7,8.0,33.2,14.0,0.4,0.6,0.4,-78.8,-21.7,-10.2,-38.0,8.0,34.3,14.0,0.4,0.6,0.4,-1.4,1.75,2.89,0.79,8.0,2.62,14.0,0.4,0.6,0.4,-13.9,7.7,19.0,5.6,8.0,16.3,14.0,0.4,0.6,0.4,1.9,4.29,6.38,4.39,8.0,2.22,14.0,0.4,0.6,0.4,7.4,26.0,45.1,28.8,8.0,22.2,14.0,0.4,0.6,0.4,-42.3,0.0,45.5,7.7,8.0,70.4,14.0,0.4,0.6,0.4,-161.7,-87.9,-58.6,-103.3,8.0,49.2,14.0,0.4,0.6,0.4,-19.8,0.0,24.5,4.1,8.0,34.4,14.0,0.4,0.6,0.4,-81.1,-49.9,-32.7,-54.1,8.0,23.0,14.0,0.4,0.6,0.4,-18.5,0.0,3.6,-2.4,8.0,18.6,14.0,0.4,0.6,0.4,-35.8,-25.8,-6.6,-25.4,8.0,18.6,14.0,0.4,0.6,0.4,34.0,115.0,1022.0,372.5,8.0,466.0,14.0,0.4,0.6,0.4,35.0,115.0,1020.0,370.0,8.0,465.0,14.0,0.4,0.6,0.4
1974,2,247.0,21.0,20.0,20.0,20.97,20.15,14.0,0.93,14.0,0.7,0.7,0.5,19.06,20.0,22.96,20.8,14.0,1.78,14.0,0.7,0.7,0.5,9.95,10.7,11.8,10.8,13.0,1.33,16.0,0.8,0.7,0.6,61.4,74.3,81.5,72.1,13.0,10.6,16.0,0.8,0.6,2.6,4.35,5.7,4.23,14.0,1.65,14.0,0.7,0.7,0.5,-1.67,0.49,2.04,0.28,14.0,2.23,14.0,0.7,0.7,0.5,-5.31,-3.79,-2.0,-3.66,14.0,1.58,14.0,0.7,0.7,0.5,1014.84,1016.8,1019.66,1017.14,14.0,2.13,14.0,0.7,0.7,0.5,0.0,2.0,5.2,2.7,13.0,2.7,14.0,0.7,0.7,0.6,-4.3,1.7,11.1,2.3,14.0,11.6,14.0,0.7,0.7,0.5,-30.2,-15.6,-5.2,-17.7,14.0,13.1,14.0,0.7,0.7,0.5,-2.29,-0.65,1.94,-0.65,14.0,2.07,14.0,0.7,0.7,0.5,-9.9,-1.5,8.0,-0.8,14.0,9.2,14.0,0.7,0.7,0.5,2.92,3.73,4.7,3.78,13.0,1.11,16.0,0.8,0.7,0.6,11.4,15.9,27.0,17.3,13.0,8.4,16.0,0.8,0.7,0.6,-37.1,10.1,40.9,3.5,14.0,46.8,14.0,0.7,0.7,0.5,-101.2,-75.9,-44.3,-73.8,14.0,26.8,14.0,0.7,0.7,0.5,-17.3,9.4,23.0,3.3,13.0,23.9,16.0,0.8,0.7,0.6,-58.0,-38.0,-26.6,-41.1,13.0,16.4,16.0,0.8,0.7,0.6,-8.4,2.3,9.2,1.3,13.0,10.0,16.0,0.8,0.7,0.6,-24.8,-13.2,-8.8,-14.8,13.0,7.6,16.0,0.8,0.7,0.6,17.5,83.0,185.0,107.5,14.0,102.0,14.0,0.7,0.7,0.5,20.0,85.0,185.0,110.0,14.0,100.0,14.0,0.7,0.7,0.5
1974,2,247.0,22.0,19.75,20.0,20.73,20.28,5.0,0.98,10.0,0.8,0.5,0.3,19.39,20.1,21.83,20.63,6.0,2.39,12.0,0.8,0.5,0.3,10.34,10.7,12.9,11.53,5.0,1.82,10.0,0.8,0.5,0.3,74.3,78.4,86.3,80.6,5.0,8.1,10.0,0.8,0.3,3.06,4.6,6.84,4.88,6.0,2.78,12.0,0.8,0.5,0.3,0.16,2.22,4.4,2.12,6.0,2.9,12.0,0.8,0.5,0.3,-5.24,-3.78,-2.58,-3.84,6.0,2.2,12.0,0.8,0.5,0.3,1015.59,1016.5,1018.22,1016.92,6.0,2.33,12.0,0.8,0.5,0.3,0.0,4.0,7.2,3.8,6.0,3.4,12.0,0.8,0.5,0.3,-2.0,8.6,31.1,14.2,6.0,23.7,12.0,0.8,0.5,0.3,-37.0,-17.7,-9.0,-23.8,6.0,23.0,12.0,0.8,0.5,0.3,-0.07,0.1,1.26,0.52,5.0,0.8,10.0,0.8,0.5,0.3,-0.3,0.1,9.7,4.3,5.0,7.0,10.0,0.8,0.5,0.3,2.29,3.73,3.93,3.22,5.0,0.96,10.0,0.8,0.5,0.3,7.9,11.9,22.7,15.6,5.0,13.4,10.0,0.8,0.5,0.3,0.4,44.6,88.4,38.8,6.0,59.6,12.0,0.8,0.5,0.3,-113.8,-81.6,-51.5,-78.8,6.0,42.4,12.0,0.8,0.5,0.3,15.6,31.6,58.2,35.4,5.0,22.5,10.0,0.8,0.5,0.3,-69.3,-37.7,-23.1,-43.1,5.0,27.2,10.0,0.8,0.5,0.3,5.4,6.7,13.9,9.8,5.0,8.6,10.0,0.8,0.5,0.3,-18.2,-9.1,-5.7,-12.0,5.0,10.5,10.0,0.8,0.5,0.3,37.0,101.0,355.0,215.5,6.0,300.0,12.0,0.8,0.5,0.3,35.0,100.0,355.0,215.0,6.0,300.0,12.0,0.8,0.5,0.3
1974,2,247.0,23.0,17.89,19.4,20.22,19.2,13.0,1.49,10.0,0.3,0.6,0.5,16.81,17.8,18.19,17.64,16.0,0.83,10.0,0.3,0.6,0.5,8.35,9.81,10.47,9.66,14.0,1.24,12.0,0.3,0.7,0.5,69.6,76.5,85.2,77.1,14.0,9.9,12.0,0.3,0.5,2.13,3.35,5.1,3.39,14.0,1.94,10.0,0.4,0.6,0.6,-2.49,0.62,2.54,0.35,14.0,2.68,10.0,0.4,0.6,0.6,-4.3,-1.32,0.0,-1.23,14.0,2.68,10.0,0.4,0.6,0.6,1015.61,1016.9,1019.69,1017.28,16.0,2.07,10.0,0.3,0.6,0.5,0.0,0.0,4.0,1.3,15.0,1.8,12.0,0.3,0.6,0.5,-6.6,1.7,12.6,2.0,14.0,12.8,10.0,0.4,0.6,0.6,-21.9,-3.1,0.0,-5.2,14.0,14.1,10.0,0.4,0.6,0.6,-0.02,0.9,3.43,1.47,13.0,1.79,10.0,0.3,0.6,0.5,-0.3,2.6,11.0,4.5,12.0,6.3,10.0,0.3,0.6,0.5,2.6,4.3,6.21,4.29,13.0,1.74,10.0,0.3,0.6,0.5,4.8,15.8,22.6,14.3,12.0,8.8,10.0,0.3,0.6,0.5,-42.7,10.3,45.3,5.5,14.0,48.2,10.0,0.4,0.6,0.6,-77.2,-22.1,0.0,-21.2,14.0,48.5,10.0,0.4,0.6,0.6,-28.6,5.9,27.9,4.4,12.0,27.3,10.0,0.3,0.6,0.5,-42.0,-6.0,3.2,-12.2,12.0,28.8,10.0,0.3,0.6,0.5,-8.8,3.8,10.9,0.7,12.0,12.2,10.0,0.3,0.6,0.5,-14.6,-3.4,2.5,-4.6,12.0,11.4,10.0,0.3,0.6,0.5,10.0,38.0,132.5,72.0,14.0,77.5,10.0,0.4,0.6,0.6,10.0,40.0,135.0,70.0,14.0,75.0,10.0,0.4,0.6,0.6
1974,2,247.0,24.0,16.7,18.3,19.53,18.32,51.0,1.6,14.0,0.7,0.6,0.4,16.7,17.8,19.98,18.12,58.0,1.79,14.0,0.7,0.6,0.4,8.64,10.21,11.84,10.13,53.0,1.52,14.0,0.7,0.6,0.4,64.9,80.3,89.4,78.5,53.0,10.8,14.0,0.7,0.4,0.02,3.6,7.7,4.11,58.0,3.07,16.0,0.7,0.6,0.4,0.0,1.74,3.84,1.97,58.0,2.26,16.0,0.7,0.6,0.4,-6.76,-2.58,0.0,-2.97,58.0,2.93,16.0,0.7,0.6,0.4,1014.04,1016.0,1017.98,1016.04,59.0,2.22,16.0,0.7,0.6,0.4,0.0,2.0,6.0,2.8,55.0,2.6,14.0,0.7,0.6,0.4,0.0,5.5,28.6,12.4,58.0,19.5,16.0,0.7,0.6,0.4,-51.2,-7.8,0.0,-20.1,58.0,26.4,16.0,0.7,0.6,0.4,-2.02,0.3,2.22,0.25,50.0,2.26,14.0,0.7,0.6,0.4,-5.6,0.0,9.9,2.0,50.0,11.2,14.0,0.7,0.6,0.4,1.07,2.68,5.47,3.01,49.0,2.11,14.0,0.7,0.6,0.4,0.0,8.3,32.3,14.0,49.0,16.8,14.0,0.7,0.6,0.4,0.0,32.4,69.3,34.6,57.0,40.2,14.0,0.7,0.6,0.4,-120.3,-45.3,0.0,-52.4,57.0,52.4,14.0,0.7,0.6,0.4,0.0,20.0,36.1,18.4,52.0,20.7,14.0,0.8,0.6,0.4,-56.4,-25.4,0.0,-26.7,52.0,26.7,14.0,0.8,0.6,0.4,0.0,2.8,16.1,6.4,49.0,10.5,14.0,0.7,0.6,0.4,-22.6,-5.0,0.0,-10.4,49.0,14.8,14.0,0.7,0.6,0.4,0.0,46.5,456.5,195.5,58.0,313.0,16.0,0.7,0.6,0.4,0.0,45.0,455.0,195.0,58.0,315.0,16.0,0.7,0.6,0.4
1974,2,247.0,25.0,15.37,16.7,17.85,16.52,12.0,1.23,18.0,0.6,0.2,0.1,16.1,16.95,18.69,17.34,14.0,1.78,18.0,0.6,0.3,0.1,8.46,9.77,10.81,9.67,14.0,1.34,18.0,0.6,0.3,0.1,72.2,78.3,87.4,78.7,14.0,7.7,18.0,0.6,0.1,0.13,5.4,8.17,5.18,14.0,3.86,18.0,0.6,0.3,0.1,0.0,2.09,3.86,1.81,14.0,2.31,18.0,0.6,0.3,0.1,-7.2,-4.58,-0.02,-4.28,14.0,3.89,18.0,0.6,0.3,0.1,1015.91,1016.05,1017.57,1016.78,14.0,1.78,18.0,0.6,0.3,0.1,0.0,4.0,5.9,3.1,14.0,2.6,18.0,0.6,0.3,0.1,0.0,14.9,29.2,14.1,14.0,17.1,18.0,0.6,0.3,0.1,-55.4,-24.7,0.0,-35.7,14.0,42.4,18.0,0.6,0.3,0.1,-2.78,-0.5,0.88,-0.77,12.0,1.76,18.0,0.6,0.2,0.1,-13.5,-0.4,7.8,-3.8,12.0,13.3,18.0,0.6,0.2,0.1,1.04,2.01,3.11,1.96,12.0,1.27,18.0,0.6,0.2,0.1,0.0,13.3,22.0,12.6,12.0,12.9,18.0,0.6,0.2,0.1,0.0,35.5,73.7,30.9,14.0,41.0,18.0,0.6,0.3,0.1,-132.1,-75.4,-0.4,-72.7,14.0,66.2,18.0,0.6,0.3,0.1,0.0,18.2,39.9,17.1,14.0,22.8,18.0,0.6,0.3,0.1,-69.6,-43.4,-0.2,-38.8,14.0,34.5,18.0,0.6,0.3,0.1,0.0,4.9,12.9,5.5,12.0,5.8,18.0,0.6,0.2,0.1,-17.8,-12.6,0.0,-11.0,12.0,11.8,18.0,0.6,0.2,0.1,0.5,159.0,545.5,358.0,14.0,496.5,18.0,0.6,0.3,0.1,0.0,160.0,545.0,360.0,14.0,495.0,18.0,0.6,0.3,0.1
1974,2,247.0,27.0,17.34,17.65,17.96,17.65,2.0,0.64,12.0,1.0,0.5,0.3,17.39,17.8,18.21,17.8,2.0,0.85,12.0,1.0,0.5,0.3,8.22,8.54,8.86,8.54,2.0,0.66,12.0,1.0,0.5,0.3,64.0,68.2,72.4,68.2,2.0,8.7,12.0,1.0,0.3,7.7,7.7,7.7,7.7,1.0,0.0,12.0,1.0,0.9,0.3,3.85,3.85,3.85,3.85,1.0,0.0,12.0,1.0,0.9,0.3,-6.67,-6.67,-6.67,-6.67,1.0,0.0,12.0,1.0,0.9,0.3,1017.56,1018.75,1019.94,1018.75,2.0,2.47,12.0,1.0,0.5,0.3,1.1,3.5,5.9,3.5,2.0,4.9,12.0,1.0,0.5,0.3,29.6,29.6,29.6,29.6,1.0,0.0,12.0,1.0,0.9,0.3,-51.3,-51.3,-51.3,-51.3,1.0,0.0,12.0,1.0,0.9,0.3,-0.25,-0.15,-0.05,-0.15,2.0,0.21,12.0,1.0,0.5,0.3,0.0,0.0,0.0,0.0,1.0,0.0,12.0,1.0,0.9,0.3,3.39,3.93,4.48,3.93,2.0,1.14,12.0,1.0,0.5,0.3,24.1,24.1,24.1,24.1,1.0,0.0,12.0,1.0,0.9,0.3,66.2,66.2,66.2,66.2,1.0,0.0,12.0,1.0,0.9,0.3,-114.7,-114.7,-114.7,-114.7,1.0,0.0,12.0,1.0,0.9,0.3,34.7,34.7,34.7,34.7,1.0,0.0,12.0,1.0,0.9,0.3,-60.1,-60.1,-60.1,-60.1,1.0,0.0,12.0,1.0,0.9,0.3,12.1,12.1,12.1,12.1,1.0,0.0,12.0,1.0,0.9,0.3,-20.9,-20.9,-20.9,-20.9,1.0,0.0,12.0,1.0,0.9,0.3,456.5,456.5,456.5,456.5,1.0,0.0,12.0,1.0,0.9,0.3,455.0,455.0,455.0,455.0,1.0,0.0,12.0,1.0,0.9,0.3
1974,2,248.0,-70.0,1.1,1.1,1.1,1.1,1.0,0.0,22.0,1.0,0.8,0.9,-0.1,-0.1,-0.1,-0.1,1.0,0.0,22.0,1.0,0.8,0.9,3.14,3.14,3.14,3.14,1.0,0.0,22.0,1.0,0.8,0.9,80.2,80.2,80.2,80.2,1.0,0.0,22.0,1.0,0.9,5.1,5.1,5.1,5.1,1.0,0.0,22.0,1.0,0.8,0.9,4.42,4.42,4.42,4.42,1.0,0.0,22.0,1.0,0.8,0.9,-2.55,-2.55,-2.55,-2.55,1.0,0.0,22.0,1.0,0.8,0.9,970.5,970.5,970.5,970.5,1.0,0.0,22.0,1.0,0.8,0.9,7.0,7.0,7.0,7.0,1.0,0.0,22.0,1.0,0.8,0.9,22.5,22.5,22.5,22.5,1.0,0.0,22.0,1.0,0.8,0.9,-13.0,-13.0,-13.0,-13.0,1.0,0.0,22.0,1.0,0.8,0.9,1.2,1.2,1.2,1.2,1.0,0.0,22.0,1.0,0.8,0.9,6.1,6.1,6.1,6.1,1.0,0.0,22.0,1.0,0.8,0.9,1.13,1.13,1.13,1.13,1.0,0.0,22.0,1.0,0.8,0.9,5.8,5.8,5.8,5.8,1.0,0.0,22.0,1.0,0.8,0.9,-0.4,-0.4,-0.4,-0.4,1.0,0.0,22.0,1.0,0.8,0.9,0.3,0.3,0.3,0.3,1.0,0.0,22.0,1.0,0.8,0.9,13.9,13.9,13.9,13.9,1.0,0.0,22.0,1.0,0.8,0.9,-8.0,-8.0,-8.0,-8.0,1.0,0.0,22.0,1.0,0.8,0.9,5.0,5.0,5.0,5.0,1.0,0.0,22.0,1.0,0.8,0.9,-2.9,-2.9,-2.9,-2.9,1.0,0.0,22.0,1.0,0.8,0.9,132.5,132.5,132.5,132.5,1.0,0.0,22.0,1.0,0.8,0.9,135.0,135.0,135.0,135.0,1.0,0.0,22.0,1.0,0.8,0.9
1974,2,248.0,-25.0,23.7,23.7,23.7,23.7,1.0,0.0,24.0,1.0,0.3,0.9,23.8,23.8,23.8,23.8,1.0,0.0,24.0,1.0,0.3,0.9,12.8,12.8,12.8,12.8,1.0,0.0,24.0,1.0,0.3,0.9,70.4,70.4,70.4,70.4,1.0,0.0,24.0,1.0,0.9,7.2,7.2,7.2,7.2,1.0,0.0,24.0,1.0,0.3,0.9,-7.09,-7.09,-7.09,-7.09,1.0,0.0,24.0,1.0,0.3,0.9,1.25,1.25,1.25,1.25,1.0,0.0,24.0,1.0,0.3,0.9,1020.8,1020.8,1020.8,1020.8,1.0,0.0,24.0,1.0,0.3,0.9,3.0,3.0,3.0,3.0,1.0,0.0,24.0,1.0,0.3,0.9,-51.1,-51.1,-51.1,-51.1,1.0,0.0,24.0,1.0,0.3,0.9,9.0,9.0,9.0,9.0,1.0,0.0,24.0,1.0,0.3,0.9,-0.1,-0.1,-0.1,-0.1,1.0,0.0,24.0,1.0,0.3,0.9,-0.7,-0.7,-0.7,-0.7,1.0,0.0,24.0,1.0,0.3,0.9,5.33,5.33,5.33,5.33,1.0,0.0,24.0,1.0,0.3,0.9,38.4,38.4,38.4,38.4,1.0,0.0,24.0,1.0,0.3,0.9,-168.8,-168.8,-168.8,-168.8,1.0,0.0,24.0,1.0,0.3,0.9,29.8,29.8,29.8,29.8,1.0,0.0,24.0,1.0,0.3,0.9,-90.8,-90.8,-90.8,-90.8,1.0,0.0,24.0,1.0,0.3,0.9,16.0,16.0,16.0,16.0,1.0,0.0,24.0,1.0,0.3,0.9,-37.8,-37.8,-37.8,-37.8,1.0,0.0,24.0,1.0,0.3,0.9,6.7,6.7,6.7,6.7,1.0,0.0,24.0,1.0,0.3,0.9,373.0,373.0,373.0,373.0,1.0,0.0,24.0,1.0,0.3,0.9,375.0,375.0,375.0,375.0,1.0,0.0,24.0,1.0,0.3,0.9
1974,2,248.0,-24.0,25.6,26.25,26.9,26.25,2.0,1.34,14.0,0.0,0.3,0.3,24.22,24.25,24.28,24.25,2.0,0.07,14.0,0.0,0.3,0.3,15.15,15.23,15.31,15.23,2.0,0.17,14.0,0.0,0.3,0.3,80.7,81.3,82.0,81.3,2.0,1.4,14.0,0.0,0.3,6.86,7.2,7.54,7.2,2.0,0.71,14.0,0.0,0.3,0.3,-6.66,-6.63,-6.61,-6.63,2.0,0.05,14.0,0.0,0.3,0.3,-3.42,-2.51,-1.59,-2.51,2.0,1.9,14.0,0.0,0.3,0.3,1018.94,1019.9,1020.86,1019.9,2.0,1.98,14.0,0.0,0.3,0.3,2.0,4.0,6.0,4.0,2.0,4.2,14.0,0.0,0.3,0.3,-50.2,-47.8,-45.3,-47.8,2.0,5.0,14.0,0.0,0.3,0.3,-26.2,-18.7,-11.3,-18.7,2.0,15.5,14.0,0.0,0.3,0.3,1.32,2.0,2.68,2.0,2.0,1.41,14.0,0.0,0.3,0.3,9.3,14.9,20.5,14.9,2.0,11.6,14.0,0.0,0.3,0.3,5.25,5.97,6.69,5.97,2.0,1.49,14.0,0.0,0.3,0.3,36.3,43.5,50.8,43.5,2.0,15.0,14.0,0.0,0.3,0.3,-161.2,-160.9,-160.5,-160.9,2.0,0.7,14.0,0.0,0.3,0.3,-82.9,-60.7,-38.6,-60.7,2.0,45.9,14.0,0.0,0.3,0.3,-101.9,-101.0,-100.1,-101.0,2.0,1.9,14.0,0.0,0.3,0.3,-52.5,-38.3,-24.2,-38.3,2.0,29.4,14.0,0.0,0.3,0.3,-44.6,-39.7,-34.7,-39.7,2.0,10.2,14.0,0.0,0.3,0.3,-23.7,-16.4,-9.1,-16.4,2.0,15.1,14.0,0.0,0.3,0.3,325.5,378.5,432.0,378.5,2.0,110.0,14.0,0.0,0.3,0.3,325.0,380.0,430.0,380.0,2.0,110.0,14.0,0.0,0.3,0.3
1974,2,248.0,-22.0,25.1,25.3,25.5,25.3,2.0,0.42,10.0,0.5,0.7,0.4,23.24,23.75,24.26,23.75,2.0,1.06,10.0,0.5,0.7,0.4,12.65,13.17,13.69,13.17,2.0,1.08,10.0,0.5,0.7,0.4,71.9,72.4,73.0,72.4,2.0,1.2,10.0,0.5,0.4,5.78,5.95,6.12,5.95,2.0,0.35,10.0,0.5,0.7,0.4,-6.07,-5.78,-5.49,-5.78,2.0,0.6,10.0,0.5,0.7,0.4,-1.64,-0.97,-0.31,-0.97,2.0,1.38,10.0,0.5,0.7,0.4,1019.1,1019.75,1020.4,1019.75,2.0,1.34,10.0,0.5,0.7,0.4,5.2,5.5,5.8,5.5,2.0,0.7,10.0,0.5,0.7,0.4,-37.2,-34.5,-31.8,-34.5,2.0,5.6,10.0,0.5,0.7,0.4,-9.3,-5.6,-1.8,-5.6,2.0,7.9,10.0,0.5,0.7,0.4,1.24,1.55,1.86,1.55,2.0,0.64,10.0,0.5,0.7,0.4,7.2,9.3,11.4,9.3,2.0,4.3,10.0,0.5,0.7,0.4,6.58,6.84,7.1,6.84,2.0,0.54,10.0,0.5,0.7,0.4,38.1,40.8,43.5,40.8,2.0,5.6,10.0,0.5,0.7,0.4,-140.8,-136.9,-133.0,-136.9,2.0,8.0,10.0,0.5,0.7,0.4,-40.2,-23.9,-7.6,-23.9,2.0,33.8,10.0,0.5,0.7,0.4,-76.5,-75.8,-75.0,-75.8,2.0,1.6,10.0,0.5,0.7,0.4,-22.8,-13.6,-4.3,-13.6,2.0,19.2,10.0,0.5,0.7,0.4,-43.1,-39.7,-36.2,-39.7,2.0,7.2,10.0,0.5,0.7,0.4,-10.6,-6.3,-2.0,-6.3,2.0,8.9,10.0,0.5,0.7,0.4,193.5,212.0,230.0,212.0,2.0,37.5,10.0,0.5,0.7,0.4,195.0,210.0,230.0,210.0,2.0,40.0,10.0,0.5,0.7,0.4
1974,2,248.0,-19.0,23.9,23.9,23.9,23.9,1.0,0.0,24.0,1.0,0.8,0.9,23.58,23.75,23.92,23.75,2.0,0.35,22.0,1.0,0.4,0.6,12.88,14.56,16.24,14.56,2.0,3.48,22.0,1.0,0.4,0.6,71.2,79.6,88.0,79.6,2.0,17.4,22.0,1.0,0.6,8.95,10.55,12.15,10.55,2.0,3.32,22.0,1.0,0.4,0.6,-11.52,-8.99,-6.45,-8.99,2.0,5.26,22.0,1.0,0.4,0.6,2.88,4.26,5.64,4.26,2.0,2.86,22.0,1.0,0.4,0.6,1013.91,1015.0,1016.09,1015.0,2.0,2.26,22.0,1.0,0.4,0.6,6.0,6.0,6.0,6.0,2.0,0.0,22.0,1.0,0.4,0.6,-144.7,-103.6,-62.4,-103.6,2.0,85.3,22.0,1.0,0.4,0.6,32.5,40.2,47.9,40.2,2.0,16.0,22.0,1.0,0.4,0.6,0.4,0.4,0.4,0.4,1.0,0.0,24.0,1.0,0.8,0.9,3.3,3.3,3.3,3.3,1.0,0.0,24.0,1.0,0.8,0.9,6.39,6.39,6.39,6.39,1.0,0.0,24.0,1.0,0.8,0.9,52.4,52.4,52.4,52.4,1.0,0.0,24.0,1.0,0.8,0.9,-276.2,-214.4,-152.6,-214.4,2.0,128.0,22.0,1.0,0.4,0.6,68.7,100.7,132.7,100.7,2.0,66.4,22.0,1.0,0.4,0.6,-192.1,-140.0,-88.0,-140.0,2.0,107.8,22.0,1.0,0.4,0.6,44.2,57.1,70.0,57.1,2.0,26.8,22.0,1.0,0.4,0.6,-33.7,-33.7,-33.7,-33.7,1.0,0.0,24.0,1.0,0.8,0.9,40.1,40.1,40.1,40.1,1.0,0.0,24.0,1.0,0.8,0.9,804.5,1349.0,1893.5,1349.0,2.0,1128.0,22.0,1.0,0.4,0.6,805.0,1350.0,1895.0,1350.0,2.0,1130.0,22.0,1.0,0.4,0.6
1974,2,248.0,-17.0,23.0,23.0,23.0,23.0,1.0,0.0,12.0,1.0,0.5,0.4,24.08,24.25,24.42,24.25,2.0,0.35,20.0,1.0,0.5,0.4,13.25,13.25,13.25,13.25,1.0,0.0,12.0,1.0,0.5,0.4,69.7,69.7,69.7,69.7,1.0,0.0,12.0,1.0,0.4,7.36,7.7,8.04,7.7,2.0,0.71,20.0,1.0,0.5,0.4,-7.05,-6.93,-6.82,-6.93,2.0,0.24,20.0,1.0,0.5,0.4,2.72,3.28,3.84,3.28,2.0,1.16,20.0,1.0,0.5,0.4,1014.63,1016.0,1017.37,1016.0,2.0,2.83,20.0,1.0,0.5,0.4,4.3,5.0,5.7,5.0,2.0,1.4,20.0,1.0,0.5,0.4,-56.7,-53.5,-50.2,-53.5,2.0,6.7,20.0,1.0,0.5,0.4,20.3,25.7,31.1,25.7,2.0,11.2,20.0,1.0,0.5,0.4,-1.5,-1.5,-1.5,-1.5,1.0,0.0,12.0,1.0,0.5,0.4,-12.3,-12.3,-12.3,-12.3,1.0,0.0,12.0,1.0,0.5,0.4,4.17,4.17,4.17,4.17,1.0,0.0,12.0,1.0,0.5,0.4,34.2,34.2,34.2,34.2,1.0,0.0,12.0,1.0,0.5,0.4,-172.1,-168.2,-164.2,-168.2,2.0,8.2,20.0,1.0,0.5,0.4,65.7,79.8,93.9,79.8,2.0,29.2,20.0,1.0,0.5,0.4,-94.1,-94.1,-94.1,-94.1,1.0,0.0,12.0,1.0,0.5,0.4,54.3,54.3,54.3,54.3,1.0,0.0,12.0,1.0,0.5,0.4,-29.6,-29.6,-29.6,-29.6,1.0,0.0,12.0,1.0,0.5,0.4,17.1,17.1,17.1,17.1,1.0,0.0,12.0,1.0,0.5,0.4,401.5,462.5,523.0,462.5,2.0,126.0,20.0,1.0,0.5,0.4,400.0,460.0,525.0,460.0,2.0,125.0,20.0,1.0,0.5,0.4
1974,2,248.0,-16.0,23.98,25.0,25.41,24.7,3.0,1.08,12.0,0.3,0.9,0.5,21.61,22.5,24.55,23.07,3.0,2.21,12.0,0.3,0.9,0.5,12.43,13.46,13.56,13.01,3.0,0.91,12.0,0.3,0.9,0.5,70.2,76.5,78.6,74.5,3.0,6.4,12.0,0.3,0.5,5.45,6.2,9.0,7.2,3.0,2.74,12.0,0.3,0.9,0.5,-8.62,-5.02,-4.84,-6.69,3.0,3.13,12.0,0.3,0.9,0.5,0.28,0.89,3.0,1.62,3.0,2.09,12.0,0.3,0.9,0.5,1013.63,1015.0,1016.5,1015.07,3.0,2.1,12.0,0.3,0.9,0.5,6.0,6.0,7.4,6.7,3.0,1.2,12.0,0.3,0.9,0.5,-81.8,-29.4,-26.8,-53.7,3.0,45.4,12.0,0.3,0.9,0.5,1.4,4.5,18.3,9.7,3.0,13.2,12.0,0.3,0.9,0.5,-0.57,2.5,3.8,1.63,3.0,3.29,12.0,0.3,0.9,0.5,-4.4,12.8,35.0,15.2,3.0,28.9,12.0,0.3,0.9,0.5,4.98,6.28,7.83,6.4,3.0,2.09,12.0,0.3,0.9,0.5,28.7,32.0,70.3,49.1,3.0,33.9,12.0,0.3,0.9,0.5,-187.5,-121.1,-115.6,-150.8,3.0,58.6,12.0,0.3,0.9,0.5,6.3,19.9,75.7,40.5,3.0,53.9,12.0,0.3,0.9,0.5,-105.5,-67.6,-65.6,-85.1,3.0,33.0,12.0,0.3,0.9,0.5,3.8,11.9,40.8,22.0,3.0,28.5,12.0,0.3,0.9,0.5,-70.1,-31.5,-24.2,-46.8,3.0,36.1,12.0,0.3,0.9,0.5,1.8,5.6,13.7,7.7,3.0,8.9,12.0,0.3,0.9,0.5,166.0,238.5,821.5,488.0,3.0,526.5,12.0,0.3,0.9,0.5,165.0,240.0,820.0,490.0,3.0,525.0,12.0,0.3,0.9,0.5
1974,2,248.0,-15.0,25.0,25.0,25.0,25.0,1.0,0.0,28.0,0.0,0.8,0.8,23.5,23.5,23.5,23.5,1.0,0.0,28.0,0.0,0.8,0.8,15.17,15.17,15.17,15.17,1.0,0.0,28.0,0.0,0.8,0.8,84.3,84.3,84.3,84.3,1.0,0.0,28.0,0.0,0.8,6.2,6.2,6.2,6.2,1.0,0.0,28.0,0.0,0.8,0.8,-6.2,-6.2,-6.2,-6.2,1.0,0.0,28.0,0.0,0.8,0.8,0.0,0.0,0.0,0.0,1.0,0.0,28.0,0.0,0.8,0.8,1014.4,1014.4,1014.4,1014.4,1.0,0.0,28.0,0.0,0.8,0.8,1.0,1.0,1.0,1.0,1.0,0.0,28.0,0.0,0.8,0.8,-38.4,-38.4,-38.4,-38.4,1.0,0.0,28.0,0.0,0.8,0.8,0.0,0.0,0.0,0.0,1.0,0.0,28.0,0.0,0.8,0.8,1.5,1.5,1.5,1.5,1.0,0.0,28.0,0.0,0.8,0.8,9.3,9.3,9.3,9.3,1.0,0.0,28.0,0.0,0.8,0.8,4.58,4.58,4.58,4.58,1.0,0.0,28.0,0.0,0.8,0.8,28.4,28.4,28.4,28.4,1.0,0.0,28.0,0.0,0.8,0.8,-145.7,-145.7,-145.7,-145.7,1.0,0.0,28.0,0.0,0.8,0.8,0.0,0.0,0.0,0.0,1.0,0.0,28.0,0.0,0.8,0.8,-94.1,-94.1,-94.1,-94.1,1.0,0.0,28.0,0.0,0.8,0.8,0.0,0.0,0.0,0.0,1.0,0.0,28.0,0.0,0.8,0.8,-28.4,-28.4,-28.4,-28.4,1.0,0.0,28.0,0.0,0.8,0.8,0.0,0.0,0.0,0.0,1.0,0.0,28.0,0.0,0.8,0.8,238.5,238.5,238.5,238.5,1.0,0.0,28.0,0.0,0.8,0.8,240.0,240.0,240.0,240.0,1.0,0.0,28.0,0.0,0.8,0.8
1974,2,248.0,-14.0,24.0,24.0,24.0,24.0,1.0,0.0,6.0,1.0,0.4,0.7,25.0,25.0,25.0,25.0,1.0,0.0,6.0,1.0,0.4,0.7,15.25,15.25,15.25,15.25,1.0,0.0,6.0,1.0,0.4,0.7,77.5,77.5,77.5,77.5,1.0,0.0,6.0,1.0,0.7,6.2,6.2,6.2,6.2,1.0,0.0,6.0,1.0,0.4,0.7,-5.37,-5.37,-5.37,-5.37,1.0,0.0,6.0,1.0,0.4,0.7,3.1,3.1,3.1,3.1,1.0,0.0,6.0,1.0,0.4,0.7,1015.5,1015.5,1015.5,1015.5,1.0,0.0,6.0,1.0,0.4,0.7,6.0,6.0,6.0,6.0,1.0,0.0,6.0,1.0,0.4,0.7,-33.3,-33.3,-33.3,-33.3,1.0,0.0,6.0,1.0,0.4,0.7,19.2,19.2,19.2,19.2,1.0,0.0,6.0,1.0,0.4,0.7,-1.0,-1.0,-1.0,-1.0,1.0,0.0,6.0,1.0,0.4,0.7,-6.2,-6.2,-6.2,-6.2,1.0,0.0,6.0,1.0,0.4,0.7,3.32,3.32,3.32,3.32,1.0,0.0,6.0,1.0,0.4,0.7,20.6,20.6,20.6,20.6,1.0,0.0,6.0,1.0,0.4,0.7,-134.2,-134.2,-134.2,-134.2,1.0,0.0,6.0,1.0,0.4,0.7,77.5,77.5,77.5,77.5,1.0,0.0,6.0,1.0,0.4,0.7,-81.9,-81.9,-81.9,-81.9,1.0,0.0,6.0,1.0,0.4,0.7,47.3,47.3,47.3,47.3,1.0,0.0,6.0,1.0,0.4,0.7,-17.8,-17.8,-17.8,-17.8,1.0,0.0,6.0,1.0,0.4,0.7,10.3,10.3,10.3,10.3,1.0,0.0,6.0,1.0,0.4,0.7,238.5,238.5,238.5,238.5,1.0,0.0,6.0,1.0,0.4,0.7,240.0,240.0,240.0,240.0,1.0,0.0,6.0,1.0,0.4,0.7
1974,2,248.0,-13.0,24.5,24.5,24.5,24.5,1.0,0.0,20.0,1.0,0.5,0.2,25.0,25.0,25.0,25.0,1.0,0.0,20.0,1.0,0.5,0.2,13.69,13.69,13.69,13.69,1.0,0.0,20.0,1.0,0.5,0.2,69.3,69.3,69.3,69.3,1.0,0.0,20.0,1.0,0.2,6.7,6.7,6.7,6.7,1.0,0.0,20.0,1.0,0.5,0.2,-5.8,-5.8,-5.8,-5.8,1.0,0.0,20.0,1.0,0.5,0.2,3.35,3.35,3.35,3.35,1.0,0.0,20.0,1.0,0.5,0.2,1011.0,1011.0,1011.0,1011.0,1.0,0.0,20.0,1.0,0.5,0.2,3.0,3.0,3.0,3.0,1.0,0.0,20.0,1.0,0.5,0.2,-38.9,-38.9,-38.9,-38.9,1.0,0.0,20.0,1.0,0.5,0.2,22.4,22.4,22.4,22.4,1.0,0.0,20.0,1.0,0.5,0.2,-0.5,-0.5,-0.5,-0.5,1.0,0.0,20.0,1.0,0.5,0.2,-3.3,-3.3,-3.3,-3.3,1.0,0.0,20.0,1.0,0.5,0.2,5.54,5.54,5.54,5.54,1.0,0.0,20.0,1.0,0.5,0.2,37.1,37.1,37.1,37.1,1.0,0.0,20.0,1.0,0.5,0.2,-145.1,-145.1,-145.1,-145.1,1.0,0.0,20.0,1.0,0.5,0.2,83.8,83.8,83.8,83.8,1.0,0.0,20.0,1.0,0.5,0.2,-79.4,-79.4,-79.4,-79.4,1.0,0.0,20.0,1.0,0.5,0.2,45.8,45.8,45.8,45.8,1.0,0.0,20.0,1.0,0.5,0.2,-32.1,-32.1,-32.1,-32.1,1.0,0.0,20.0,1.0,0.5,0.2,18.6,18.6,18.6,18.6,1.0,0.0,20.0,1.0,0.5,0.2,301.0,301.0,301.0,301.0,1.0,0.0,20.0,1.0,0.5,0.2,300.0,300.0,300.0,300.0,1.0,0.0,20.0,1.0,0.5,0.2
1974,2,248.0,-9.0,25.3,25.3,25.67,25.48,4.0,0.35,18.0,0.3,0.4,0.8,24.59,24.8,25.27,24.93,4.0,0.55,18.0,0.3,0.4,0.8,14.22,15.11,17.24,15.7,4.0,2.01,18.0,0.3,0.4,0.8,72.8,78.3,86.5,79.6,4.0,8.2,18.0,0.3,0.8,5.08,7.35,9.57,7.33,4.0,3.07,18.0,0.3,0.4,0.8,-9.34,-6.33,-3.89,-6.6,4.0,3.52,18.0,0.3,0.4,0.8,1.1,2.53,3.56,2.34,4.0,1.78,18.0,0.3,0.4,0.8,1009.24,1010.45,1011.4,1010.33,4.0,1.26,18.0,0.3,0.4,0.8,2.0,2.5,3.5,2.8,4.0,1.0,18.0,0.3,0.4,0.8,-92.0,-47.3,-21.6,-56.4,4.0,47.7,18.0,0.3,0.4,0.8,4.0,15.1,25.5,14.8,4.0,13.0,18.0,0.3,0.4,0.8,0.4,0.5,0.71,0.55,4.0,0.25,18.0,0.3,0.4,0.8,2.6,3.6,4.8,3.7,4.0,1.5,18.0,0.3,0.4,0.8,3.41,5.08,5.97,4.71,4.0,1.6,18.0,0.3,0.4,0.8,16.4,33.0,57.0,36.5,4.0,24.1,18.0,0.3,0.4,0.8,-231.7,-159.2,-98.1,-164.6,4.0,87.0,18.0,0.3,0.4,0.8,26.9,62.2,90.3,58.8,4.0,45.6,18.0,0.3,0.4,0.8,-133.1,-100.4,-68.1,-100.6,4.0,46.7,18.0,0.3,0.4,0.8,17.5,37.7,60.0,38.7,4.0,32.5,18.0,0.3,0.4,0.8,-55.6,-29.5,-12.6,-33.9,4.0,25.8,18.0,0.3,0.4,0.8,4.7,10.6,14.1,9.4,4.0,6.9,18.0,0.3,0.4,0.8,167.5,406.5,941.0,547.5,4.0,556.0,18.0,0.3,0.4,0.8,170.0,405.0,940.0,550.0,4.0,555.0,18.0,0.3,0.4,0.8
1974,2,248.0,-8.0,25.16,25.3,25.44,25.3,2.0,0.28,24.0,0.5,0.3,0.4,24.98,25.8,26.62,25.8,2.0,1.7,24.0,0.5,0.3,0.4,15.36,16.62,17.89,16.62,2.0,2.62,24.0,0.5,0.3,0.4,77.6,79.8,82.1,79.8,2.0,4.7,24.0,0.5,0.4,5.56,6.55,7.54,6.55,2.0,2.05,24.0,0.5,0.3,0.4,-6.73,-5.03,-3.34,-5.03,2.0,3.51,24.0,0.5,0.3,0.4,3.0,3.58,4.15,3.58,2.0,1.19,24.0,0.5,0.3,0.4,1010.6,1012.1,1013.6,1012.1,2.0,3.11,24.0,0.5,0.3,0.4,3.2,3.5,3.8,3.5,2.0,0.7,24.0,0.5,0.3,0.4,-52.7,-36.6,-20.5,-36.6,2.0,33.3,24.0,0.5,0.3,0.4,22.0,22.2,22.4,22.2,2.0,0.4,24.0,0.5,0.3,0.4,-1.18,-0.5,0.18,-0.5,2.0,1.41,24.0,0.5,0.3,0.4,-5.8,-1.8,2.2,-1.8,2.0,8.2,24.0,0.5,0.3,0.4,2.4,3.53,4.66,3.53,2.0,2.34,24.0,0.5,0.3,0.4,14.6,25.5,36.4,25.5,2.0,22.6,24.0,0.5,0.3,0.4,-166.5,-126.9,-87.3,-126.9,2.0,82.1,24.0,0.5,0.3,0.4,75.6,93.3,111.0,93.3,2.0,36.7,24.0,0.5,0.3,0.4,-100.9,-79.1,-57.3,-79.1,2.0,45.2,24.0,0.5,0.3,0.4,47.0,61.0,75.1,61.0,2.0,29.1,24.0,0.5,0.3,0.4,-33.6,-21.9,-10.2,-21.9,2.0,24.2,24.0,0.5,0.3,0.4,9.2,11.2,13.3,11.2,2.0,4.2,24.0,0.5,0.3,0.4,193.0,322.5,452.0,322.5,2.0,268.0,24.0,0.5,0.3,0.4,195.0,320.0,450.0,320.0,2.0,270.0,24.0,0.5,0.3,0.4
1974,2,248.0,-4.0,22.96,23.85,24.63,23.8,4.0,1.27,12.0,0.3,0.6,0.4,23.07,24.6,25.66,24.38,4.0,1.56,12.0,0.3,0.6,0.4,14.29,15.6,17.33,15.8,4.0,1.96,12.0,0.3,0.6,0.4,76.7,88.5,89.5,83.3,4.0,11.2,12.0,0.3,0.4,1.48,4.1,5.41,3.48,4.0,2.57,12.0,0.3,0.6,0.4,-3.13,-1.54,-0.26,-1.69,4.0,1.71,12.0,0.3,0.6,0.4,1.45,3.71,4.39,2.96,4.0,2.07,12.0,0.3,0.6,0.4,1012.24,1012.45,1013.71,1012.95,4.0,1.24,12.0,0.3,0.6,0.4,5.5,6.5,7.5,6.5,4.0,1.3,12.0,0.3,0.6,0.4,-17.1,-7.3,-0.8,-8.9,4.0,9.9,12.0,0.3,0.6,0.4,4.5,16.0,23.8,14.2,4.0,11.7,12.0,0.3,0.6,0.4,-1.98,0.0,0.78,-0.57,4.0,2.11,12.0,0.3,0.6,0.4,-0.5,0.3,4.2,1.8,4.0,3.8,12.0,0.3,0.6,0.4,2.04,2.58,3.21,2.62,4.0,0.72,12.0,0.3,0.6,0.4,3.3,8.2,14.9,9.1,4.0,8.2,12.0,0.3,0.6,0.4,-74.1,-38.9,-6.1,-40.1,4.0,39.9,12.0,0.3,0.6,0.4,34.4,85.3,105.8,70.8,4.0,50.1,12.0,0.3,0.6,0.4,-50.8,-27.7,-4.2,-27.5,4.0,27.2,12.0,0.3,0.6,0.4,23.7,57.4,73.3,48.9,4.0,35.0,12.0,0.3,0.6,0.4,-8.9,-3.0,-0.6,-4.7,4.0,5.7,12.0,0.3,0.6,0.4,3.3,7.5,11.9,7.6,4.0,6.2,12.0,0.3,0.6,0.4,14.0,81.0,160.0,87.0,4.0,86.5,12.0,0.3,0.6,0.4,15.0,80.0,160.0,85.0,4.0,85.0,12.0,0.3,0.6,0.4
1974,2,248.0,-3.0,24.0,24.0,24.0,24.0,1.0,0.0,4.0,1.0,0.7,0.3,24.16,24.5,24.84,24.5,2.0,0.71,10.0,0.5,0.9,0.5,16.43,17.01,17.6,17.01,2.0,1.21,10.0,0.5,0.9,0.5,84.1,88.9,93.7,88.9,2.0,9.9,10.0,0.5,0.5,4.18,4.35,4.52,4.35,2.0,0.35,10.0,0.5,0.9,0.5,-3.49,-2.71,-1.94,-2.71,2.0,1.61,10.0,0.5,0.9,0.5,1.87,2.86,3.86,2.86,2.0,2.06,10.0,0.5,0.9,0.5,1011.48,1012.3,1013.12,1012.3,2.0,1.7,10.0,0.5,0.9,0.5,8.0,8.0,8.0,8.0,2.0,0.0,10.0,0.5,0.9,0.5,-14.4,-11.5,-8.6,-11.5,2.0,6.1,10.0,0.5,0.9,0.5,8.0,12.8,17.6,12.8,2.0,10.0,10.0,0.5,0.9,0.5,-1.0,-1.0,-1.0,-1.0,1.0,0.0,4.0,1.0,0.7,0.3,-4.1,-4.1,-4.1,-4.1,1.0,0.0,4.0,1.0,0.7,0.3,2.45,2.45,2.45,2.45,1.0,0.0,4.0,1.0,0.7,0.3,10.0,10.0,10.0,10.0,1.0,0.0,4.0,1.0,0.7,0.3,-87.0,-67.0,-47.1,-67.0,2.0,41.4,10.0,0.5,0.9,0.5,46.0,69.4,92.8,69.4,2.0,48.6,10.0,0.5,0.9,0.5,-56.8,-45.2,-33.5,-45.2,2.0,24.1,10.0,0.5,0.9,0.5,31.3,49.9,68.6,49.9,2.0,38.6,10.0,0.5,0.9,0.5,-9.4,-9.4,-9.4,-9.4,1.0,0.0,4.0,1.0,0.7,0.3,3.4,3.4,3.4,3.4,1.0,0.0,4.0,1.0,0.7,0.3,73.5,83.0,93.0,83.0,2.0,20.0,10.0,0.5,0.9,0.5,75.0,85.0,95.0,85.0,2.0,20.0,10.0,0.5,0.9,0.5
1974,2,248.0,-2.0,25.0,25.0,25.0,25.0,1.0,0.0,14.0,0.0,0.5,0.5,24.5,24.5,24.5,24.5,1.0,0.0,14.0,0.0,0.5,0.5,16.62,16.62,16.62,16.62,1.0,0.0,14.0,0.0,0.5,0.5,87.0,87.0,87.0,87.0,1.0,0.0,14.0,0.0,0.5,5.7,5.7,5.7,5.7,1.0,0.0,14.0,0.0,0.5,0.5,-4.37,-4.37,-4.37,-4.37,1.0,0.0,14.0,0.0,0.5,0.5,3.66,3.66,3.66,3.66,1.0,0.0,14.0,0.0,0.5,0.5,1016.0,1016.0,1016.0,1016.0,1.0,0.0,14.0,0.0,0.5,0.5,5.0,5.0,5.0,5.0,1.0,0.0,14.0,0.0,0.5,0.5,-24.9,-24.9,-24.9,-24.9,1.0,0.0,14.0,0.0,0.5,0.5,20.9,20.9,20.9,20.9,1.0,0.0,14.0,0.0,0.5,0.5,0.5,0.5,0.5,0.5,1.0,0.0,14.0,0.0,0.5,0.5,2.9,2.9,2.9,2.9,1.0,0.0,14.0,0.0,0.5,0.5,3.1,3.1,3.1,3.1,1.0,0.0,14.0,0.0,0.5,0.5,17.6,17.6,17.6,17.6,1.0,0.0,14.0,0.0,0.5,0.5,-107.0,-107.0,-107.0,-107.0,1.0,0.0,14.0,0.0,0.5,0.5,89.8,89.8,89.8,89.8,1.0,0.0,14.0,0.0,0.5,0.5,-72.6,-72.6,-72.6,-72.6,1.0,0.0,14.0,0.0,0.5,0.5,60.9,60.9,60.9,60.9,1.0,0.0,14.0,0.0,0.5,0.5,-13.5,-13.5,-13.5,-13.5,1.0,0.0,14.0,0.0,0.5,0.5,11.3,11.3,11.3,11.3,1.0,0.0,14.0,0.0,0.5,0.5,185.0,185.0,185.0,185.0,1.0,0.0,14.0,0.0,0.5,0.5,185.0,185.0,185.0,185.0,1.0,0.0,14.0,0.0,0.5,0.5
1974,2,248.0,-1.0,24.2,24.2,24.2,24.2,1.0,0.0,8.0,1.0,0.2,0.9,25.5,25.5,25.5,25.5,1.0,0.0,8.0,1.0,0.2,0.9,15.53,15.53,15.53,15.53,1.0,0.0,8.0,1.0,0.2,0.9,76.2,76.2,76.2,76.2,1.0,0.0,8.0,1.0,0.9,,,,,,,,,,,,,,,,,,,,,,,,,,,,,,,,,,,,,,,,,,,,,,,,,,,,,,,,,,,,,,,,,,,,,,,,,,,,,,,,,,,,,,,,,,,,,,,,,,,,,,,,,,,,,,,,,,,,,,,,,,,,,,,,,,,,,,,,,,,,,,,,,,,,,,,,,,,,,,,,,,,,,,,,,,,,,,,,,,,,,,,,,,,,,,
1974,2,248.0,3.0,,,,,,,,,,,,,,,,,,,,,,,,,,,,,,,,,,,,,,,,1.5,1.5,1.5,1.5,1.0,0.0,26.0,0.0,0.4,0.7,-0.51,-0.51,-0.51,-0.51,1.0,0.0,26.0,0.0,0.4,0.7,-1.41,-1.41,-1.41,-1.41,1.0,0.0,26.0,0.0,0.4,0.7,1016.1,1016.1,1016.1,1016.1,1.0,0.0,26.0,0.0,0.4,0.7,,,,,,,,,,,,,,,,,,,,,,,,,,,,,,,,,,,,,,,,,,,,,,,,,,,,,,,,,,,,,,,,,,,,,,,,,,,,,,,,,,,,,,,,,,,,,,,,,,,,,,,,,,,,,,,,,,,,,,,,,,,,,,,,,,,,,,,,,,,,,,,,,,,,,,
1974,2,248.0,7.0,25.68,25.85,26.02,25.85,2.0,0.35,14.0,0.0,0.9,0.3,25.32,26.0,26.68,26.0,2.0,1.41,14.0,0.0,0.9,0.3,17.38,17.68,17.97,17.68,2.0,0.61,14.0,0.0,0.9,0.3,82.1,84.1,86.1,84.1,2.0,4.2,14.0,0.0,0.3,4.83,6.4,7.97,6.4,2.0,3.25,14.0,0.0,0.9,0.3,-7.82,-5.92,-4.02,-5.92,2.0,3.93,14.0,0.0,0.9,0.3,0.42,1.32,2.22,1.32,2.0,1.86,14.0,0.0,0.9,0.3,1009.85,1009.95,1010.05,1009.95,2.0,0.21,14.0,0.0,0.9,0.3,4.6,6.0,7.4,6.0,2.0,2.8,14.0,0.0,0.9,0.3,-65.7,-44.3,-22.8,-44.3,2.0,44.4,14.0,0.0,0.9,0.3,1.7,5.4,9.1,5.4,2.0,7.6,14.0,0.0,0.9,0.3,-1.0,-0.15,0.7,-0.15,2.0,1.77,14.0,0.0,0.9,0.3,-9.5,-3.8,1.9,-3.8,2.0,11.8,14.0,0.0,0.9,0.3,2.69,3.2,3.71,3.2,2.0,1.06,14.0,0.0,0.9,0.3,17.0,18.8,20.6,18.8,2.0,3.7,14.0,0.0,0.9,0.3,-210.1,-156.7,-103.3,-156.7,2.0,110.6,14.0,0.0,0.9,0.3,10.5,32.9,55.4,32.9,2.0,46.6,14.0,0.0,0.9,0.3,-141.1,-105.8,-70.6,-105.8,2.0,73.1,14.0,0.0,0.9,0.3,7.2,22.7,38.2,22.7,2.0,32.1,14.0,0.0,0.9,0.3,-20.0,-16.9,-13.8,-16.9,2.0,6.3,14.0,0.0,0.9,0.3,1.7,5.2,8.8,5.2,2.0,7.4,14.0,0.0,0.9,0.3,162.5,363.5,565.0,363.5,2.0,417.0,14.0,0.0,0.9,0.3,160.0,365.0,565.0,365.0,2.0,415.0,14.0,0.0,0.9,0.3
1974,2,248.0,10.0,,,,,,,,,,,,,,,,,,,,,,,,,,,,,,,,,,,,,,,,4.1,4.1,4.1,4.1,1.0,0.0,28.0,1.0,0.5,0.1,-2.64,-2.64,-2.64,-2.64,1.0,0.0,28.0,1.0,0.5,0.1,-3.14,-3.14,-3.14,-3.14,1.0,0.0,28.0,1.0,0.5,0.1,1014.0,1014.0,1014.0,1014.0,1.0,0.0,28.0,1.0,0.5,0.1,3.0,3.0,3.0,3.0,1.0,0.0,28.0,1.0,0.5,0.1,-10.8,-10.8,-10.8,-10.8,1.0,0.0,28.0,1.0,0.5,0.1,-12.9,-12.9,-12.9,-12.9,1.0,0.0,28.0,1.0,0.5,0.1,,,,,,,,,,,,,,,,,,,,,,,,,,,,,,,,,,,,,,,,,-68.5,-68.5,-68.5,-68.5,1.0,0.0,28.0,1.0,0.5,0.1,-81.7,-81.7,-81.7,-81.7,1.0,0.0,28.0,1.0,0.5,0.1,-38.3,-38.3,-38.3,-38.3,1.0,0.0,28.0,1.0,0.5,0.1,-45.6,-45.6,-45.6,-45.6,1.0,0.0,28.0,1.0,0.5,0.1,,,,,,,,,,,,,,,,,,,,,,,,,,,,,,,,,,,,,,,,
1974,2,248.0,11.0,26.66,27.0,27.14,26.9,3.0,0.36,22.0,0.3,0.7,0.3,26.1,26.1,26.71,26.4,3.0,0.52,22.0,0.3,0.7,0.3,15.51,17.58,19.65,17.58,2.0,4.29,20.0,0.5,0.7,0.1,73.5,83.1,92.6,83.1,2.0,19.8,20.0,0.5,0.1,5.04,6.0,6.48,5.77,3.0,1.07,22.0,0.3,0.7,0.3,-3.75,-3.52,-2.68,-3.22,3.0,0.82,22.0,0.3,0.7,0.3,-5.76,-4.6,-3.48,-4.62,3.0,1.67,22.0,0.3,0.7,0.3,1009.09,1012.3,1012.64,1010.9,3.0,2.87,22.0,0.3,0.7,0.3,2.3,3.0,4.4,3.3,3.0,1.5,22.0,0.3,0.7,0.3,-20.9,-16.2,-15.6,-18.2,3.0,4.3,22.0,0.3,0.7,0.3,-37.5,-27.6,-18.0,-27.8,3.0,14.3,22.0,0.3,0.7,0.3,0.13,0.4,0.88,0.5,3.0,0.56,22.0,0.3,0.7,0.3,0.6,1.8,5.6,3.1,3.0,3.8,22.0,0.3,0.7,0.3,2.87,4.59,6.3,4.59,2.0,3.56,20.0,0.5,0.7,0.1,16.9,23.3,29.7,23.3,2.0,13.3,20.0,0.5,0.7,0.1,-100.3,-92.0,-70.0,-85.3,3.0,22.9,22.0,0.3,0.7,0.3,-151.6,-124.1,-92.1,-121.9,3.0,43.6,22.0,0.3,0.7,0.3,-50.6,-49.2,-47.9,-49.2,2.0,2.8,20.0,0.5,0.7,0.1,-116.0,-86.4,-56.8,-86.4,2.0,61.4,20.0,0.5,0.7,0.1,-21.8,-14.9,-8.0,-14.9,2.0,14.3,20.0,0.5,0.7,0.1,-19.7,-17.0,-14.3,-17.0,2.0,5.6,20.0,0.5,0.7,0.1,135.0,216.0,274.0,204.5,3.0,102.0,22.0,0.3,0.7,0.3,135.0,215.0,275.0,205.0,3.0,100.0,22.0,0.3,0.7,0.3
1974,2,248.0,12.0,25.4,25.4,25.4,25.4,1.0,0.0,12.0,0.0,0.1,0.6,26.18,27.0,27.14,26.67,3.0,0.76,16.0,0.3,0.3,0.2,15.01,16.01,17.01,16.01,2.0,2.07,16.0,0.5,0.3,0.3,67.9,74.7,81.4,74.7,2.0,14.0,16.0,0.5,0.3,5.27,6.7,6.7,6.0,3.0,1.21,16.0,0.3,0.3,0.2,-5.33,-4.31,-1.91,-3.64,3.0,2.57,16.0,0.3,0.3,0.2,-4.94,-4.53,-3.72,-4.34,3.0,0.91,16.0,0.3,0.3,0.2,1012.9,1013.75,1014.6,1013.75,2.0,1.77,16.0,0.5,0.3,0.3,2.0,2.0,3.4,2.7,3.0,1.2,16.0,0.3,0.3,0.2,-35.7,-28.9,-11.7,-23.8,3.0,18.1,16.0,0.3,0.3,0.2,-30.6,-22.4,-21.3,-25.9,3.0,7.4,16.0,0.3,0.3,0.2,-0.4,-0.4,-0.4,-0.4,1.0,0.0,12.0,0.0,0.1,0.6,-2.7,-2.7,-2.7,-2.7,1.0,0.0,12.0,0.0,0.1,0.6,2.74,2.74,2.74,2.74,1.0,0.0,12.0,0.0,0.1,0.6,18.4,18.4,18.4,18.4,1.0,0.0,12.0,0.0,0.1,0.6,-139.1,-116.3,-51.7,-95.9,3.0,66.4,16.0,0.3,0.3,0.2,-133.7,-123.2,-98.1,-116.1,3.0,26.8,16.0,0.3,0.3,0.2,-87.2,-56.5,-25.9,-56.5,2.0,63.5,16.0,0.5,0.3,0.3,-64.7,-62.2,-59.7,-62.2,2.0,5.2,16.0,0.5,0.3,0.3,-15.9,-15.9,-15.9,-15.9,1.0,0.0,12.0,0.0,0.1,0.6,-9.2,-9.2,-9.2,-9.2,1.0,0.0,12.0,0.0,0.1,0.6,162.0,301.0,301.0,233.0,3.0,117.5,16.0,0.3,0.3,0.2,160.0,300.0,300.0,235.0,3.0,115.0,16.0,0.3,0.3,0.2
1974,2,248.0,13.0,26.56,26.7,26.7,26.63,3.0,0.12,14.0,1.0,0.3,0.3,25.89,27.15,29.62,27.73,4.0,2.43,12.0,1.0,0.4,0.3,13.75,17.31,23.3,18.5,3.0,7.07,14.0,1.0,0.3,0.3,66.6,82.1,89.4,78.1,3.0,17.1,14.0,1.0,0.3,5.62,7.1,9.47,7.53,4.0,2.49,12.0,1.0,0.4,0.3,-9.15,-5.75,-3.94,-6.51,4.0,3.22,12.0,1.0,0.4,0.3,-4.05,-3.01,-2.29,-3.16,4.0,1.21,12.0,1.0,0.4,0.3,1012.42,1015.05,1017.16,1014.8,4.0,3.15,12.0,1.0,0.4,0.3,2.5,3.5,4.0,3.3,4.0,1.0,12.0,1.0,0.4,0.3,-88.8,-42.4,-22.2,-54.9,4.0,43.8,12.0,1.0,0.4,0.3,-25.8,-21.1,-18.4,-22.1,4.0,5.4,12.0,1.0,0.4,0.3,-2.91,0.5,0.91,-0.97,3.0,3.07,14.0,1.0,0.3,0.3,-17.3,5.4,5.5,-5.6,3.0,19.3,14.0,1.0,0.3,0.3,-1.65,4.48,8.1,3.25,3.0,7.22,14.0,1.0,0.3,0.3,-3.7,48.3,49.4,23.4,3.0,44.5,14.0,1.0,0.3,0.3,-246.6,-167.4,-111.2,-178.4,4.0,82.2,12.0,1.0,0.4,0.3,-117.1,-80.4,-62.3,-89.3,4.0,41.4,12.0,1.0,0.4,0.3,-158.7,-103.9,-65.2,-111.8,3.0,68.8,14.0,1.0,0.3,0.3,-97.1,-39.6,-34.7,-65.3,3.0,50.8,14.0,1.0,0.3,0.3,-44.6,-38.2,0.1,-22.6,3.0,35.4,14.0,1.0,0.3,0.3,-24.6,-8.4,11.9,-6.4,3.0,26.8,14.0,1.0,0.3,0.3,183.0,375.0,903.5,535.5,4.0,508.5,12.0,1.0,0.4,0.3,185.0,375.0,905.0,535.0,4.0,510.0,12.0,1.0,0.4,0.3
1974,2,248.0,14.0,26.0,26.5,27.24,26.67,7.0,0.77,12.0,0.7,0.5,0.4,24.13,25.0,26.16,25.16,9.0,1.1,10.0,0.7,0.4,0.4,14.48,15.33,16.32,15.57,8.0,1.58,10.0,0.8,0.5,0.4,73.6,80.4,84.3,78.9,8.0,6.5,10.0,0.8,0.4,4.23,7.7,10.03,7.39,9.0,2.88,10.0,0.7,0.4,0.4,-4.86,-3.18,-0.33,-3.09,9.0,2.57,10.0,0.7,0.4,0.4,-8.18,-5.9,-4.23,-6.37,9.0,2.59,10.0,0.7,0.4,0.4,1013.02,1014.0,1016.17,1014.51,9.0,1.6,10.0,0.7,0.4,0.4,2.3,4.0,5.7,4.0,9.0,2.1,10.0,0.7,0.4,0.4,-36.8,-29.6,-1.2,-26.8,9.0,25.2,10.0,0.7,0.4,0.4,-77.7,-45.4,-18.0,-53.1,9.0,40.5,10.0,0.7,0.4,0.4,0.43,1.0,2.24,1.19,7.0,1.28,12.0,0.7,0.5,0.4,2.9,7.7,14.1,6.6,7.0,9.3,12.0,0.7,0.5,0.4,4.81,6.31,6.91,5.8,6.0,2.01,12.0,0.8,0.5,0.4,21.7,31.6,42.0,32.7,6.0,11.2,12.0,0.8,0.5,0.4,-117.6,-77.9,-8.3,-78.6,9.0,67.6,10.0,0.7,0.4,0.4,-204.6,-140.6,-106.1,-161.1,9.0,69.3,10.0,0.7,0.4,0.4,-74.7,-51.3,-2.2,-52.3,8.0,49.0,10.0,0.8,0.5,0.4,-121.9,-87.4,-57.7,-88.7,8.0,28.0,10.0,0.8,0.5,0.4,-25.3,-11.8,0.0,-12.4,6.0,11.7,12.0,0.8,0.5,0.4,-35.0,-30.5,-19.1,-28.6,6.0,10.4,12.0,0.8,0.5,0.4,76.5,456.5,1015.0,569.5,9.0,557.0,10.0,0.7,0.4,0.4,75.0,455.0,1015.0,570.0,9.0,555.0,10.0,0.7,0.4,0.4
1974,2,248.0,15.0,25.6,26.0,26.75,26.23,7.0,0.79,22.0,0.4,0.5,0.6,23.21,24.35,25.0,24.13,8.0,1.14,20.0,0.5,0.5,0.6,13.68,14.42,15.18,14.2,8.0,1.13,20.0,0.5,0.5,0.6,70.7,77.0,81.9,76.0,8.0,5.7,20.0,0.5,0.6,2.71,5.4,7.7,5.33,8.0,2.62,20.0,0.5,0.5,0.6,-2.94,-2.59,-0.99,-2.26,8.0,1.28,20.0,0.5,0.5,0.6,-7.24,-4.04,-2.52,-4.72,8.0,2.51,20.0,0.5,0.5,0.6,1013.69,1015.4,1015.96,1014.7,8.0,1.87,20.0,0.5,0.5,0.6,1.0,2.0,4.9,3.0,8.0,2.5,20.0,0.5,0.5,0.6,-24.4,-16.6,-2.8,-14.2,8.0,10.1,20.0,0.5,0.5,0.6,-55.7,-21.7,-6.9,-30.7,8.0,26.3,20.0,0.5,0.5,0.6,0.95,1.0,4.5,1.99,7.0,1.83,22.0,0.4,0.5,0.6,4.5,5.7,17.4,10.6,7.0,11.7,22.0,0.4,0.5,0.6,5.66,6.62,8.39,7.13,7.0,2.19,22.0,0.4,0.5,0.6,27.4,41.3,52.3,40.2,7.0,15.2,22.0,0.4,0.5,0.6,-75.0,-61.1,-23.8,-55.1,8.0,31.7,20.0,0.5,0.5,0.6,-178.6,-100.1,-60.6,-114.6,8.0,62.6,20.0,0.5,0.5,0.6,-42.8,-35.7,-13.7,-32.5,8.0,19.8,20.0,0.5,0.5,0.6,-109.0,-58.9,-35.2,-67.4,8.0,37.2,20.0,0.5,0.5,0.6,-21.4,-18.0,-14.6,-17.2,7.0,5.5,22.0,0.4,0.5,0.6,-49.2,-35.8,-17.8,-35.8,7.0,15.7,22.0,0.4,0.5,0.6,21.0,159.0,456.5,244.5,8.0,246.5,20.0,0.5,0.5,0.6,20.0,160.0,455.0,245.0,8.0,245.0,20.0,0.5,0.5,0.6
1974,2,248.0,16.0,25.82,26.1,26.56,26.18,5.0,0.54,12.0,0.6,0.7,0.4,23.24,24.4,26.66,24.9,5.0,2.01,12.0,0.6,0.7,0.4,12.74,15.15,16.51,14.65,4.0,2.44,12.0,0.8,0.7,0.4,63.7,71.8,83.5,73.5,4.0,12.3,12.0,0.8,0.4,3.6,4.1,6.88,5.04,5.0,1.76,12.0,0.6,0.7,0.4,-3.77,0.63,2.14,-0.53,5.0,4.06,12.0,0.6,0.7,0.4,-4.58,-3.55,-2.59,-3.63,5.0,1.25,12.0,0.6,0.7,0.4,1014.4,1017.6,1018.07,1016.4,5.0,2.25,12.0,0.6,0.7,0.4,2.5,3.5,5.0,3.8,4.0,1.7,12.0,0.5,0.8,0.4,-20.7,2.3,14.0,-2.4,5.0,27.1,12.0,0.6,0.7,0.4,-25.0,-15.4,-11.7,-18.9,5.0,11.9,12.0,0.6,0.7,0.4,-0.62,1.1,3.5,1.28,5.0,2.26,12.0,0.6,0.7,0.4,-2.2,4.0,18.3,7.5,5.0,12.4,12.0,0.6,0.7,0.4,4.06,5.82,8.45,6.24,4.0,2.84,12.0,0.8,0.7,0.4,18.1,28.4,52.8,35.1,4.0,25.6,12.0,0.8,0.7,0.4,-95.6,16.7,49.6,-16.1,5.0,100.5,12.0,0.6,0.7,0.4,-108.5,-94.9,-64.5,-89.2,5.0,26.5,12.0,0.6,0.7,0.4,-71.7,-15.1,31.9,-19.7,4.0,66.1,12.0,0.8,0.7,0.4,-56.9,-48.5,-41.5,-49.2,4.0,10.8,12.0,0.8,0.7,0.4,-19.6,-1.8,26.1,3.0,4.0,32.0,12.0,0.8,0.7,0.4,-40.2,-17.6,-10.1,-24.8,4.0,21.0,12.0,0.8,0.7,0.4,46.5,69.0,327.0,167.0,5.0,157.5,12.0,0.6,0.7,0.4,45.0,70.0,325.0,165.0,5.0,155.0,12.0,0.6,0.7,0.4
1974,2,248.0,17.0,23.91,25.0,25.68,24.8,3.0,1.31,18.0,0.7,1.0,0.3,22.86,23.0,24.71,23.77,3.0,1.5,18.0,0.7,1.0,0.3,12.51,13.68,15.55,14.02,3.0,2.24,18.0,0.7,1.0,0.3,67.9,69.3,86.2,76.9,3.0,14.9,18.0,0.7,0.3,4.26,4.6,4.94,4.6,3.0,0.5,18.0,0.7,1.0,0.3,-3.45,-3.28,-3.18,-3.31,3.0,0.19,18.0,0.7,1.0,0.3,-3.61,-2.96,-2.74,-3.17,3.0,0.66,18.0,0.7,1.0,0.3,1011.6,1011.8,1014.67,1013.1,3.0,2.52,18.0,0.7,1.0,0.3,0.3,1.0,3.0,1.7,3.0,2.1,18.0,0.7,1.0,0.3,-16.6,-16.2,-13.9,-15.3,3.0,2.1,18.0,0.7,1.0,0.3,-17.9,-13.6,-11.7,-14.8,3.0,4.7,18.0,0.7,1.0,0.3,0.53,0.6,1.56,1.03,3.0,0.84,18.0,0.7,1.0,0.3,2.4,3.1,7.3,4.8,3.0,3.9,18.0,0.7,1.0,0.3,4.16,6.0,6.92,5.55,3.0,2.06,18.0,0.7,1.0,0.3,19.9,30.2,30.4,25.3,3.0,8.8,18.0,0.7,1.0,0.3,-80.7,-80.1,-76.4,-78.6,3.0,3.4,18.0,0.7,1.0,0.3,-82.4,-68.0,-67.5,-74.8,3.0,12.4,18.0,0.7,1.0,0.3,-53.1,-43.0,-40.4,-46.7,3.0,9.8,18.0,0.7,1.0,0.3,-48.0,-46.8,-39.5,-43.8,3.0,6.8,18.0,0.7,1.0,0.3,-22.0,-19.7,-14.2,-18.1,3.0,5.9,18.0,0.7,1.0,0.3,-22.1,-19.4,-12.8,-17.5,3.0,7.0,18.0,0.7,1.0,0.3,78.0,97.5,121.5,99.5,3.0,32.0,18.0,0.7,1.0,0.3,80.0,95.0,120.0,100.0,3.0,30.0,18.0,0.7,1.0,0.3
1974,2,248.0,18.0,23.66,23.8,23.94,23.8,2.0,0.28,16.0,0.5,0.3,0.3,22.63,24.0,25.37,24.0,2.0,2.83,16.0,0.5,0.3,0.3,11.74,12.87,14.0,12.87,2.0,2.34,16.0,0.5,0.3,0.3,68.5,68.9,69.3,68.9,2.0,0.9,16.0,0.5,0.3,3.68,3.85,4.02,3.85,2.0,0.35,16.0,0.5,0.3,0.3,-2.22,-1.32,-0.42,-1.32,2.0,1.86,16.0,0.5,0.3,0.3,-3.53,-3.37,-3.21,-3.37,2.0,0.32,16.0,0.5,0.3,0.3,1012.99,1013.4,1013.81,1013.4,2.0,0.85,16.0,0.5,0.3,0.3,3.5,4.5,5.5,4.5,2.0,2.1,16.0,0.5,0.3,0.3,-9.1,-5.4,-1.7,-5.4,2.0,7.6,16.0,0.5,0.3,0.3,-12.9,-12.9,-12.9,-12.9,2.0,0.1,16.0,0.5,0.3,0.3,-1.43,-0.2,1.03,-0.2,2.0,2.55,16.0,0.5,0.3,0.3,-6.0,-1.2,3.5,-1.2,2.0,9.9,16.0,0.5,0.3,0.3,4.52,5.51,6.5,5.51,2.0,2.04,16.0,0.5,0.3,0.3,18.0,20.9,23.7,20.9,2.0,5.9,16.0,0.5,0.3,0.3,-57.6,-34.3,-10.9,-34.3,2.0,48.5,16.0,0.5,0.3,0.3,-81.3,-80.4,-79.6,-80.4,2.0,1.7,16.0,0.5,0.3,0.3,-32.2,-19.1,-6.1,-19.1,2.0,27.1,16.0,0.5,0.3,0.3,-44.8,-43.0,-41.2,-43.0,2.0,3.7,16.0,0.5,0.3,0.3,-9.0,-5.4,-1.7,-5.4,2.0,7.6,16.0,0.5,0.3,0.3,-23.1,-18.9,-14.7,-18.9,2.0,8.7,16.0,0.5,0.3,0.3,50.0,58.0,65.5,58.0,2.0,15.5,16.0,0.5,0.3,0.3,50.0,60.0,65.0,60.0,2.0,15.0,16.0,0.5,0.3,0.3
1974,2,248.0,19.0,21.0,21.0,21.34,21.17,3.0,0.29,12.0,0.7,0.7,0.6,20.98,22.25,23.0,22.0,4.0,1.22,10.0,0.8,0.6,0.5,10.37,11.38,12.21,11.29,3.0,1.35,12.0,0.7,0.7,0.6,65.8,66.3,75.3,70.4,3.0,7.8,12.0,0.7,0.6,3.08,4.1,4.86,3.98,4.0,1.11,10.0,0.8,0.6,0.5,-1.29,-0.63,-0.21,-0.75,4.0,0.74,10.0,0.8,0.6,0.5,-4.67,-4.07,-3.06,-3.87,4.0,1.01,10.0,0.8,0.6,0.5,1014.48,1016.15,1017.93,1016.2,4.0,2.06,10.0,0.8,0.6,0.5,1.5,4.0,7.0,4.3,4.0,3.3,10.0,0.8,0.6,0.5,-6.4,-2.4,-0.6,-3.4,4.0,3.9,10.0,0.8,0.6,0.5,-22.7,-16.9,-9.7,-16.2,4.0,8.0,10.0,0.8,0.6,0.5,-1.52,-0.5,0.52,-0.5,3.0,1.5,12.0,0.7,0.7,0.6,-5.6,-2.3,2.8,-1.5,3.0,6.2,12.0,0.7,0.7,0.6,3.19,4.03,5.41,4.29,3.0,1.64,12.0,0.7,0.7,0.6,13.4,14.5,25.7,19.4,3.0,9.9,12.0,0.7,0.7,0.6,-26.9,-13.8,-4.9,-15.8,4.0,15.0,10.0,0.8,0.6,0.5,-97.8,-90.1,-70.3,-84.3,4.0,18.4,10.0,0.8,0.6,0.5,-15.0,-10.1,-3.2,-9.1,3.0,8.7,12.0,0.7,0.7,0.6,-54.0,-47.5,-43.0,-48.5,3.0,8.1,12.0,0.7,0.7,0.6,-7.9,-2.2,-0.7,-4.3,3.0,5.6,12.0,0.7,0.7,0.6,-24.4,-14.5,-13.3,-18.7,3.0,8.9,12.0,0.7,0.7,0.6,31.5,72.0,116.0,73.5,4.0,51.5,10.0,0.8,0.6,0.5,30.0,70.0,115.0,75.0,4.0,50.0,10.0,0.8,0.6,0.5
1974,2,248.0,20.0,21.0,21.5,23.87,22.1,8.0,1.71,16.0,0.5,0.7,0.4,19.0,20.9,22.44,20.73,8.0,1.73,16.0,0.5,0.7,0.4,10.73,11.56,12.4,11.48,7.0,0.86,16.0,0.4,0.7,0.4,67.9,79.1,86.2,77.3,7.0,11.0,16.0,0.4,0.4,4.0,5.7,8.25,5.81,7.0,2.42,16.0,0.4,0.8,0.5,-1.04,0.0,2.14,0.54,7.0,2.09,16.0,0.4,0.8,0.5,-8.25,-5.02,-3.35,-5.08,7.0,3.23,16.0,0.4,0.8,0.5,1015.23,1015.75,1017.39,1016.09,8.0,1.18,16.0,0.5,0.7,0.4,2.0,3.5,4.0,3.4,8.0,1.4,16.0,0.5,0.7,0.4,-4.6,0.0,15.5,4.8,7.0,11.6,16.0,0.4,0.8,0.5,-68.1,-29.4,-13.8,-36.1,7.0,30.1,16.0,0.4,0.8,0.5,-0.87,2.0,2.5,1.38,8.0,1.77,16.0,0.5,0.7,0.4,0.8,10.3,19.2,10.8,7.0,12.2,16.0,0.4,0.8,0.5,2.99,4.1,6.58,4.83,7.0,2.22,16.0,0.4,0.7,0.4,19.2,26.9,37.6,28.7,6.0,14.5,16.0,0.3,0.8,0.4,-21.7,0.0,47.4,9.7,7.0,41.8,16.0,0.4,0.8,0.5,-156.7,-105.5,-75.3,-100.6,7.0,61.7,16.0,0.4,0.8,0.5,-11.2,10.0,28.1,11.0,6.0,22.4,16.0,0.3,0.8,0.4,-93.5,-64.3,-51.1,-70.8,6.0,26.0,16.0,0.3,0.8,0.4,-2.1,2.5,16.4,5.4,6.0,9.1,16.0,0.3,0.8,0.4,-34.1,-24.7,-17.4,-26.8,6.0,14.8,16.0,0.3,0.8,0.4,66.0,185.0,563.5,284.5,7.0,288.5,16.0,0.4,0.8,0.5,65.0,185.0,565.0,285.0,7.0,290.0,16.0,0.4,0.8,0.5
1974,2,248.0,21.0,19.03,20.85,22.0,20.73,14.0,1.72,14.0,0.6,0.5,0.5,18.29,20.0,21.78,20.17,15.0,1.83,16.0,0.6,0.5,0.5,9.17,10.32,11.57,10.58,15.0,1.43,16.0,0.6,0.5,0.5,62.6,75.1,81.6,72.6,15.0,10.5,16.0,0.6,0.5,2.6,4.35,6.13,4.55,14.0,2.34,14.0,0.6,0.5,0.5,-0.83,0.0,1.74,0.74,14.0,1.73,14.0,0.6,0.5,0.5,-5.08,-3.57,-2.45,-4.18,14.0,2.31,14.0,0.6,0.5,0.5,1014.34,1016.0,1018.0,1016.25,15.0,1.85,16.0,0.6,0.5,0.5,0.2,1.0,4.6,2.3,15.0,2.4,16.0,0.6,0.5,0.5,-1.9,0.0,8.9,5.1,14.0,10.2,14.0,0.6,0.5,0.5,-25.9,-17.9,-6.4,-23.8,14.0,27.3,14.0,0.6,0.5,0.5,-2.09,0.7,3.87,0.42,14.0,3.17,14.0,0.6,0.5,0.5,-15.7,4.0,5.9,-0.2,13.0,11.1,14.0,0.6,0.5,0.5,1.76,5.14,6.79,4.61,14.0,2.23,14.0,0.6,0.5,0.5,6.8,18.6,34.0,20.2,13.0,15.0,14.0,0.6,0.5,0.5,-18.7,0.0,36.3,15.1,14.0,35.6,14.0,0.6,0.5,0.5,-100.1,-75.3,-49.7,-84.8,14.0,47.4,14.0,0.6,0.5,0.5,-10.5,0.0,23.4,7.2,14.0,17.2,14.0,0.6,0.5,0.5,-65.0,-38.3,-26.3,-43.8,14.0,22.9,14.0,0.6,0.5,0.5,-0.5,0.0,8.1,3.3,13.0,9.1,14.0,0.6,0.5,0.5,-25.8,-16.6,-6.5,-18.3,13.0,14.3,14.0,0.6,0.5,0.5,17.5,83.0,231.5,176.0,14.0,290.5,14.0,0.6,0.5,0.5,20.0,85.0,230.0,175.0,14.0,290.0,14.0,0.6,0.5,0.5
1974,2,248.0,22.0,19.4,20.0,21.1,20.2,11.0,0.92,12.0,0.6,0.6,0.5,17.01,18.4,19.97,18.74,14.0,2.01,12.0,0.5,0.6,0.6,9.08,9.91,11.58,10.46,11.0,2.02,12.0,0.6,0.6,0.5,64.6,77.3,84.7,75.6,11.0,9.9,12.0,0.6,0.5,2.6,4.1,7.7,5.18,13.0,2.42,12.0,0.5,0.5,0.6,-2.15,0.45,2.75,0.55,13.0,2.52,12.0,0.5,0.5,0.6,-6.77,-3.55,-2.33,-4.19,13.0,3.03,12.0,0.5,0.5,0.6,1015.41,1016.3,1018.96,1016.78,14.0,2.11,12.0,0.5,0.6,0.6,0.0,1.0,2.0,1.5,14.0,1.8,12.0,0.5,0.6,0.6,-8.8,1.2,16.0,3.0,13.0,15.1,12.0,0.5,0.5,0.6,-52.1,-14.6,-6.1,-27.7,13.0,30.8,12.0,0.5,0.5,0.6,-0.27,0.5,3.25,0.98,11.0,2.75,12.0,0.6,0.6,0.5,-1.5,1.5,15.1,1.6,10.0,16.7,12.0,0.7,0.6,0.5,3.19,4.95,5.9,4.23,11.0,2.38,12.0,0.6,0.6,0.5,12.8,19.5,28.6,19.3,10.0,15.6,12.0,0.7,0.6,0.5,-42.3,8.2,46.7,7.0,13.0,50.1,12.0,0.5,0.5,0.6,-151.1,-69.2,-41.8,-80.3,13.0,58.4,12.0,0.5,0.5,0.6,-29.9,2.1,34.7,1.9,10.0,33.6,12.0,0.7,0.6,0.5,-71.5,-36.6,-26.5,-43.5,10.0,32.4,12.0,0.7,0.6,0.5,-4.6,5.2,14.0,4.9,10.0,9.4,12.0,0.7,0.6,0.5,-26.6,-17.4,-0.6,-15.7,10.0,16.5,12.0,0.7,0.6,0.5,17.5,69.0,456.5,232.5,13.0,311.5,12.0,0.5,0.5,0.6,20.0,70.0,455.0,230.0,13.0,310.0,12.0,0.5,0.5,0.6
1974,2,248.0,23.0,17.2,18.9,20.22,18.95,45.0,2.13,14.0,0.5,0.7,0.5,17.23,18.7,20.21,18.92,47.0,1.9,14.0,0.5,0.7,0.5,8.84,10.2,11.38,10.18,43.0,1.24,14.0,0.5,0.7,0.5,64.3,78.0,84.9,75.4,43.0,9.9,14.0,0.5,0.5,0.65,3.1,6.55,3.66,47.0,2.7,14.0,0.5,0.7,0.5,0.0,1.3,3.45,1.37,47.0,2.27,14.0,0.5,0.7,0.5,-4.9,-1.8,0.0,-2.65,47.0,2.58,14.0,0.5,0.7,0.5,1014.93,1016.5,1017.88,1016.28,47.0,1.62,14.0,0.5,0.7,0.5,0.0,2.5,6.0,2.9,46.0,2.6,14.0,0.5,0.7,0.5,0.0,3.4,19.0,7.2,47.0,15.7,14.0,0.5,0.7,0.5,-31.0,-6.5,0.0,-15.5,47.0,22.2,14.0,0.5,0.7,0.5,-2.21,0.0,2.7,0.12,45.0,2.83,14.0,0.5,0.7,0.5,-5.7,0.0,11.5,2.7,45.0,11.3,14.0,0.5,0.7,0.5,1.23,3.25,5.75,3.48,43.0,2.36,14.0,0.5,0.7,0.5,0.0,10.2,23.2,13.8,43.0,15.7,14.0,0.5,0.7,0.5,0.0,23.3,64.9,26.2,47.0,42.9,14.0,0.5,0.7,0.5,-91.5,-41.2,0.0,-49.7,47.0,49.1,14.0,0.5,0.7,0.5,-2.3,11.6,32.0,12.9,43.0,22.6,14.0,0.5,0.7,0.5,-47.5,-18.6,0.0,-26.2,43.0,26.4,14.0,0.5,0.7,0.5,-0.8,1.5,12.5,3.2,43.0,8.8,14.0,0.5,0.7,0.5,-22.0,-5.8,0.0,-11.2,43.0,14.9,14.0,0.5,0.7,0.5,0.5,30.0,282.0,136.5,47.0,227.5,14.0,0.5,0.7,0.5,0.0,30.0,280.0,135.0,47.0,225.0,14.0,0.5,0.7,0.5
1974,2,248.0,24.0,17.13,17.8,19.31,18.04,19.0,1.54,14.0,0.5,0.4,0.1,16.63,17.8,19.23,18.25,19.0,1.96,14.0,0.5,0.4,0.1,7.49,9.4,11.64,9.45,18.0,2.03,16.0,0.5,0.4,0.1,54.1,75.7,84.0,72.3,18.0,14.0,16.0,0.5,0.1,2.44,4.6,8.79,5.08,19.0,3.16,14.0,0.5,0.4,0.1,-1.43,1.23,4.61,1.62,19.0,3.22,14.0,0.5,0.4,0.1,-7.6,-3.38,0.0,-3.69,19.0,3.11,14.0,0.5,0.4,0.1,1013.77,1015.0,1017.87,1015.18,19.0,2.56,14.0,0.5,0.4,0.1,0.0,4.0,7.0,3.9,19.0,2.8,14.0,0.5,0.4,0.1,-5.3,4.4,24.3,13.2,19.0,26.8,14.0,0.5,0.4,0.1,-58.5,-12.2,0.0,-26.7,19.0,28.5,14.0,0.5,0.4,0.1,-1.26,-0.1,1.69,-0.22,19.0,2.38,14.0,0.5,0.4,0.1,-6.0,0.0,12.4,-2.5,19.0,17.9,14.0,0.5,0.4,0.1,0.76,3.03,6.38,3.44,18.0,2.87,16.0,0.5,0.4,0.1,0.0,12.5,35.2,17.3,18.0,17.0,16.0,0.5,0.4,0.1,-22.7,23.5,86.2,32.8,19.0,62.7,14.0,0.5,0.4,0.1,-122.2,-64.6,0.0,-66.7,19.0,56.0,14.0,0.5,0.4,0.1,-3.4,13.8,51.9,19.8,18.0,32.9,16.0,0.5,0.4,0.1,-64.6,-37.5,0.0,-34.8,18.0,29.6,16.0,0.5,0.4,0.1,-3.6,1.0,9.9,2.9,18.0,11.8,16.0,0.5,0.4,0.1,-28.8,-9.0,0.1,-13.9,18.0,15.9,16.0,0.5,0.4,0.1,15.5,97.5,679.5,277.0,19.0,340.0,14.0,0.5,0.4,0.1,15.0,95.0,680.0,275.0,19.0,340.0,14.0,0.5,0.4,0.1
1974,2,248.0,26.0,15.92,16.7,17.38,16.66,5.0,0.84,14.0,0.8,0.7,0.5,17.65,18.6,21.1,19.0,6.0,1.78,14.0,0.8,0.8,0.4,7.54,9.43,12.55,9.92,6.0,2.45,14.0,0.8,0.8,0.4,59.1,69.6,87.2,72.6,6.0,15.3,14.0,0.8,0.4,3.79,7.7,11.15,7.8,6.0,4.26,14.0,0.8,0.8,0.4,2.09,3.24,6.0,3.92,6.0,3.12,14.0,0.8,0.8,0.4,-9.36,-6.95,-3.03,-6.6,6.0,3.27,14.0,0.8,0.8,0.4,1013.39,1016.8,1020.21,1016.47,6.0,4.03,14.0,0.8,0.8,0.4,0.8,1.5,2.4,1.7,6.0,1.4,14.0,0.8,0.8,0.4,8.6,25.0,69.6,41.2,6.0,48.6,14.0,0.8,0.8,0.4,-105.7,-53.5,-11.6,-62.9,6.0,56.4,14.0,0.8,0.8,0.4,-5.18,-1.7,-1.09,-2.8,5.0,2.32,14.0,0.8,0.7,0.5,-41.9,-12.3,-3.4,-23.6,5.0,31.9,14.0,0.8,0.7,0.5,-1.08,2.02,3.26,1.35,5.0,2.67,14.0,0.8,0.7,0.5,-5.8,5.2,34.9,12.8,5.0,21.4,14.0,0.8,0.7,0.5,37.4,63.0,108.6,75.8,6.0,65.4,14.0,0.8,0.8,0.4,-166.3,-125.8,-62.7,-124.8,6.0,65.4,14.0,0.8,0.8,0.4,15.8,36.7,54.4,36.8,6.0,27.0,14.0,0.8,0.8,0.4,-85.2,-60.7,-38.4,-61.3,6.0,25.7,14.0,0.8,0.8,0.4,-3.3,0.0,16.0,5.4,5.0,11.2,14.0,0.8,0.7,0.5,-29.1,-5.2,4.8,-11.3,5.0,18.5,14.0,0.8,0.7,0.5,58.5,456.5,1483.5,846.5,6.0,1116.5,14.0,0.8,0.8,0.4,60.0,455.0,1485.0,845.0,6.0,1115.0,14.0,0.8,0.8,0.4
1974,2,248.0,27.0,18.3,18.3,18.3,18.3,1.0,0.0,2.0,0.0,0.1,0.1,16.8,16.8,16.8,16.8,1.0,0.0,2.0,0.0,0.1,0.1,11.5,11.5,11.5,11.5,1.0,0.0,2.0,0.0,0.1,0.1,96.9,96.9,96.9,96.9,1.0,0.0,2.0,0.0,0.1,0.0,0.0,0.0,0.0,1.0,0.0,2.0,0.0,0.1,0.1,0.0,0.0,0.0,0.0,1.0,0.0,2.0,0.0,0.1,0.1,0.0,0.0,0.0,0.0,1.0,0.0,2.0,0.0,0.1,0.1,1013.2,1013.2,1013.2,1013.2,1.0,0.0,2.0,0.0,0.1,0.1,0.0,0.0,0.0,0.0,1.0,0.0,2.0,0.0,0.1,0.1,0.0,0.0,0.0,0.0,1.0,0.0,2.0,0.0,0.1,0.1,0.0,0.0,0.0,0.0,1.0,0.0,2.0,0.0,0.1,0.1,1.5,1.5,1.5,1.5,1.0,0.0,2.0,0.0,0.1,0.1,0.0,0.0,0.0,0.0,1.0,0.0,2.0,0.0,0.1,0.1,1.56,1.56,1.56,1.56,1.0,0.0,2.0,0.0,0.1,0.1,0.0,0.0,0.0,0.0,1.0,0.0,2.0,0.0,0.1,0.1,0.0,0.0,0.0,0.0,1.0,0.0,2.0,0.0,0.1,0.1,0.0,0.0,0.0,0.0,1.0,0.0,2.0,0.0,0.1,0.1,0.0,0.0,0.0,0.0,1.0,0.0,2.0,0.0,0.1,0.1,0.0,0.0,0.0,0.0,1.0,0.0,2.0,0.0,0.1,0.1,0.0,0.0,0.0,0.0,1.0,0.0,2.0,0.0,0.1,0.1,0.0,0.0,0.0,0.0,1.0,0.0,2.0,0.0,0.1,0.1,0.0,0.0,0.0,0.0,1.0,0.0,2.0,0.0,0.1,0.1,0.0,0.0,0.0,0.0,1.0,0.0,2.0,0.0,0.1,0.1
1974,2,249.0,-33.0,,,,,,,,,,,,,,,,,,,,,,,,,,,,,,,,,,,,,,,,4.6,4.6,4.6,4.6,1.0,0.0,20.0,0.0,1.0,0.3,4.32,4.32,4.32,4.32,1.0,0.0,20.0,0.0,1.0,0.3,1.57,1.57,1.57,1.57,1.0,0.0,20.0,0.0,1.0,0.3,1012.0,1012.0,1012.0,1012.0,1.0,0.0,20.0,0.0,1.0,0.3,,,,,,,,,,,,,,,,,,,,,,,,,,,,,,,,,,,,,,,,,,,,,,,,,,,,,,,,,,,,,,,,,,,,,,,,,,,,,,,,,,,,,,,,,,,,,,,,,,,,,,,,,,,,,,,,,,,,,,,,,,,,,,,,,,,,,,,,,,,,,,,,,,,,,,
1974,2,249.0,-25.0,,,,,,,,,,,,,,,,,,,,,,,,,,,,,,,,,,,,,,,,10.0,10.0,10.0,10.0,1.0,0.0,12.0,0.0,0.1,0.8,-9.4,-9.4,-9.4,-9.4,1.0,0.0,12.0,0.0,0.1,0.8,-3.42,-3.42,-3.42,-3.42,1.0,0.0,12.0,0.0,0.1,0.8,1022.7,1022.7,1022.7,1022.7,1.0,0.0,12.0,0.0,0.1,0.8,,,,,,,,,,,,,,,,,,,,,,,,,,,,,,,,,,,,,,,,,,,,,,,,,,,,,,,,,,,,,,,,,,,,,,,,,,,,,,,,,,,,,,,,,,,,,,,,,,,,,,,,,,,,,,,,,,,,,,,,,,,,,,,,,,,,,,,,,,,,,,,,,,,,,,
1974,2,249.0,-23.0,23.96,24.1,26.22,25.07,3.0,1.85,18.0,0.7,0.7,0.3,23.39,24.0,24.34,23.87,3.0,0.71,18.0,0.7,0.7,0.3,12.85,14.74,15.1,14.0,3.0,1.77,18.0,0.7,0.7,0.3,69.8,80.4,83.0,76.5,3.0,10.2,18.0,0.7,0.3,5.43,7.2,8.63,7.03,3.0,2.35,18.0,0.7,0.7,0.3,-8.22,-7.09,-5.39,-6.81,3.0,2.08,18.0,0.7,0.7,0.3,-2.57,-1.25,-0.4,-1.48,3.0,1.6,18.0,0.7,0.7,0.3,1018.03,1018.1,1019.6,1018.8,3.0,1.3,18.0,0.7,0.7,0.3,1.6,3.0,4.4,3.0,3.0,2.0,18.0,0.7,0.7,0.3,-71.7,-51.1,-30.6,-51.2,3.0,30.1,18.0,0.7,0.7,0.3,-23.0,-9.0,-2.9,-12.9,3.0,15.2,18.0,0.7,0.7,0.3,-0.3,-0.1,2.77,1.2,3.0,2.52,18.0,0.7,0.7,0.3,-2.1,-0.5,25.9,11.6,3.0,23.0,18.0,0.7,0.7,0.3,4.31,6.44,7.3,5.82,3.0,2.26,18.0,0.7,0.7,0.3,25.7,29.6,58.3,41.7,3.0,26.1,18.0,0.7,0.7,0.3,-192.9,-173.7,-130.5,-162.0,3.0,46.9,18.0,0.7,0.7,0.3,-59.9,-30.6,-9.7,-34.7,3.0,36.9,18.0,0.7,0.7,0.3,-122.3,-108.3,-72.0,-97.4,3.0,38.1,18.0,0.7,0.7,0.3,-38.1,-19.1,-6.1,-22.0,3.0,23.6,18.0,0.7,0.7,0.3,-55.4,-29.6,-25.5,-40.2,3.0,23.7,18.0,0.7,0.7,0.3,-18.1,-4.1,-1.3,-9.6,3.0,13.1,18.0,0.7,0.7,0.3,185.0,373.0,667.5,425.0,3.0,356.5,18.0,0.7,0.7,0.3,185.0,375.0,670.0,425.0,3.0,355.0,18.0,0.7,0.7,0.3
1974,2,249.0,-20.0,,,,,,,,,,,,,,,,,,,,,,,,,,,,,,,,,,,,,,,,3.1,3.1,3.1,3.1,1.0,0.0,8.0,0.0,0.7,0.9,-3.1,-3.1,-3.1,-3.1,1.0,0.0,8.0,0.0,0.7,0.9,0.0,0.0,0.0,0.0,1.0,0.0,8.0,0.0,0.7,0.9,1017.3,1017.3,1017.3,1017.3,1.0,0.0,8.0,0.0,0.7,0.9,,,,,,,,,,,,,,,,,,,,,,,,,,,,,,,,,,,,,,,,,,,,,,,,,,,,,,,,,,,,,,,,,,,,,,,,,,,,,,,,,,,,,,,,,,,,,,,,,,,,,,,,,,,,,,,,,,,,,,,,,,,,,,,,,,,,,,,,,,,,,,,,,,,,,,
1974,2,249.0,-18.0,24.3,24.3,24.3,24.3,1.0,0.0,22.0,1.0,0.4,0.4,23.6,23.6,23.6,23.6,1.0,0.0,22.0,1.0,0.4,0.4,16.47,16.47,16.47,16.47,1.0,0.0,22.0,1.0,0.4,0.4,90.7,90.7,90.7,90.7,1.0,0.0,22.0,1.0,0.4,11.3,11.3,11.3,11.3,1.0,0.0,22.0,1.0,0.4,0.4,-10.62,-10.62,-10.62,-10.62,1.0,0.0,22.0,1.0,0.4,0.4,3.86,3.86,3.86,3.86,1.0,0.0,22.0,1.0,0.4,0.4,1012.6,1012.6,1012.6,1012.6,1.0,0.0,22.0,1.0,0.4,0.4,5.0,5.0,5.0,5.0,1.0,0.0,22.0,1.0,0.4,0.4,-120.0,-120.0,-120.0,-120.0,1.0,0.0,22.0,1.0,0.4,0.4,43.7,43.7,43.7,43.7,1.0,0.0,22.0,1.0,0.4,0.4,0.7,0.7,0.7,0.7,1.0,0.0,22.0,1.0,0.4,0.4,7.9,7.9,7.9,7.9,1.0,0.0,22.0,1.0,0.4,0.4,2.49,2.49,2.49,2.49,1.0,0.0,22.0,1.0,0.4,0.4,28.1,28.1,28.1,28.1,1.0,0.0,22.0,1.0,0.4,0.4,-250.6,-250.6,-250.6,-250.6,1.0,0.0,22.0,1.0,0.4,0.4,91.2,91.2,91.2,91.2,1.0,0.0,22.0,1.0,0.4,0.4,-174.9,-174.9,-174.9,-174.9,1.0,0.0,22.0,1.0,0.4,0.4,63.7,63.7,63.7,63.7,1.0,0.0,22.0,1.0,0.4,0.4,-26.4,-26.4,-26.4,-26.4,1.0,0.0,22.0,1.0,0.4,0.4,9.6,9.6,9.6,9.6,1.0,0.0,22.0,1.0,0.4,0.4,1443.0,1443.0,1443.0,1443.0,1.0,0.0,22.0,1.0,0.4,0.4,1445.0,1445.0,1445.0,1445.0,1.0,0.0,22.0,1.0,0.4,0.4
1974,2,249.0,-17.0,23.16,23.5,23.84,23.5,2.0,0.71,14.0,0.0,0.5,0.4,23.14,23.45,23.76,23.45,2.0,0.64,14.0,0.0,0.5,0.4,15.45,15.45,15.45,15.45,1.0,0.0,4.0,0.0,0.7,0.6,88.5,88.5,88.5,88.5,1.0,0.0,4.0,0.0,0.6,10.41,10.65,10.89,10.65,2.0,0.49,14.0,0.0,0.5,0.4,-10.33,-10.32,-10.31,-10.32,2.0,0.03,14.0,0.0,0.5,0.4,0.6,1.88,3.17,1.88,2.0,2.66,14.0,0.0,0.5,0.4,1015.89,1017.8,1019.71,1017.8,2.0,3.96,14.0,0.0,0.5,0.4,3.0,5.0,7.0,5.0,2.0,4.2,14.0,0.0,0.5,0.4,-112.5,-109.9,-107.3,-109.9,2.0,5.4,14.0,0.0,0.5,0.4,6.6,20.7,34.8,20.7,2.0,29.3,14.0,0.0,0.5,0.4,0.02,0.05,0.08,0.05,2.0,0.07,14.0,0.0,0.5,0.4,0.2,0.6,0.9,0.6,2.0,0.8,14.0,0.0,0.5,0.4,2.03,2.03,2.03,2.03,1.0,0.0,4.0,0.0,0.7,0.6,20.9,20.9,20.9,20.9,1.0,0.0,4.0,0.0,0.7,0.6,-245.4,-242.0,-238.5,-242.0,2.0,7.2,14.0,0.0,0.5,0.4,14.3,45.0,75.6,45.0,2.0,63.6,14.0,0.0,0.5,0.4,-159.1,-159.1,-159.1,-159.1,1.0,0.0,4.0,0.0,0.7,0.6,0.0,0.0,0.0,0.0,1.0,0.0,4.0,0.0,0.7,0.6,-20.9,-20.9,-20.9,-20.9,1.0,0.0,4.0,0.0,0.7,0.6,0.0,0.0,0.0,0.0,1.0,0.0,4.0,0.0,0.7,0.6,1130.5,1212.0,1293.0,1212.0,2.0,168.5,14.0,0.0,0.5,0.4,1130.0,1210.0,1295.0,1210.0,2.0,170.0,14.0,0.0,0.5,0.4
1974,2,249.0,-16.0,23.57,24.15,24.73,24.15,2.0,1.2,10.0,1.0,0.6,0.6,22.98,24.0,26.73,24.83,3.0,2.84,16.0,1.0,0.8,0.4,12.2,12.61,13.02,12.61,2.0,0.85,10.0,1.0,0.6,0.6,67.0,71.5,76.0,71.5,2.0,9.3,10.0,1.0,0.6,6.68,7.7,8.04,7.37,3.0,1.04,16.0,1.0,0.8,0.4,-7.63,-6.67,-5.78,-6.7,3.0,1.35,16.0,1.0,0.8,0.4,0.01,3.1,3.61,1.84,3.0,2.85,16.0,1.0,0.8,0.4,1014.86,1015.0,1015.68,1015.27,3.0,0.64,16.0,1.0,0.8,0.4,1.3,2.0,5.4,3.3,3.0,3.2,16.0,1.0,0.8,0.4,-61.5,-51.3,-39.0,-50.3,3.0,16.5,16.0,1.0,0.8,0.4,-1.9,19.2,26.3,12.4,3.0,21.5,16.0,1.0,0.8,0.4,0.83,0.9,0.97,0.9,2.0,0.14,10.0,1.0,0.6,0.6,6.3,6.4,6.5,6.4,2.0,0.3,10.0,1.0,0.6,0.6,5.09,6.16,7.23,6.16,2.0,2.22,10.0,1.0,0.6,0.6,39.3,42.8,46.3,42.8,2.0,7.3,10.0,1.0,0.6,0.6,-185.1,-181.7,-145.6,-165.8,3.0,32.0,16.0,1.0,0.8,0.4,1.7,74.4,97.2,50.1,3.0,73.0,16.0,1.0,0.8,0.4,-100.0,-85.6,-71.2,-85.6,2.0,29.8,10.0,1.0,0.6,0.6,-9.9,9.2,28.3,9.2,2.0,39.6,10.0,1.0,0.6,0.6,-40.8,-39.3,-37.8,-39.3,2.0,3.1,10.0,1.0,0.6,0.6,-1.7,8.7,19.1,8.7,2.0,21.6,10.0,1.0,0.6,0.6,307.5,456.5,521.5,415.5,3.0,160.5,16.0,1.0,0.8,0.4,310.0,455.0,520.0,415.0,3.0,160.0,16.0,1.0,0.8,0.4
1974,2,249.0,-15.0,23.06,23.2,23.27,23.17,3.0,0.15,10.0,0.0,1.0,0.5,23.02,23.5,23.7,23.37,3.0,0.51,10.0,0.0,1.0,0.5,12.91,13.46,15.54,14.21,3.0,2.03,10.0,0.0,1.0,0.5,73.5,73.6,86.1,79.6,3.0,10.6,10.0,0.0,0.5,8.03,8.75,9.47,8.75,2.0,1.48,14.0,0.0,1.0,0.5,-8.29,-7.86,-7.43,-7.86,2.0,0.88,14.0,0.0,1.0,0.5,2.99,3.77,4.54,3.77,2.0,1.6,14.0,0.0,1.0,0.5,1013.84,1015.0,1016.37,1015.1,3.0,1.85,10.0,0.0,1.0,0.5,6.0,8.0,8.0,7.0,3.0,1.7,10.0,0.0,1.0,0.5,-78.8,-69.4,-60.1,-69.4,2.0,19.4,14.0,0.0,1.0,0.5,24.7,34.1,43.6,34.1,2.0,19.6,14.0,0.0,1.0,0.5,-0.64,-0.3,0.25,-0.2,3.0,0.66,10.0,0.0,1.0,0.5,-1.2,1.3,3.8,1.3,2.0,5.1,14.0,0.0,1.0,0.5,2.06,4.01,4.81,3.45,3.0,2.07,10.0,0.0,1.0,0.5,15.5,29.8,44.1,29.8,2.0,29.6,14.0,0.0,1.0,0.5,-189.8,-181.8,-173.8,-181.8,2.0,16.6,14.0,0.0,1.0,0.5,69.8,86.8,103.8,86.8,2.0,35.2,14.0,0.0,1.0,0.5,-117.5,-113.4,-109.3,-113.4,2.0,8.5,14.0,0.0,1.0,0.5,46.4,52.7,59.1,52.7,2.0,13.1,14.0,0.0,1.0,0.5,-38.3,-26.1,-14.0,-26.1,2.0,25.1,14.0,0.0,1.0,0.5,6.6,14.2,21.8,14.2,2.0,15.8,14.0,0.0,1.0,0.5,533.5,699.0,864.5,699.0,2.0,342.5,14.0,0.0,1.0,0.5,535.0,700.0,865.0,700.0,2.0,345.0,14.0,0.0,1.0,0.5
1974,2,249.0,-14.0,24.67,25.05,25.43,25.05,2.0,0.78,16.0,1.0,0.5,0.3,22.89,24.8,25.96,24.43,3.0,2.27,12.0,0.7,0.3,0.2,14.17,15.25,15.81,15.0,3.0,1.22,12.0,0.7,0.3,0.2,75.7,78.5,81.6,78.7,3.0,4.3,12.0,0.7,0.2,6.2,6.2,6.54,6.37,3.0,0.29,12.0,0.7,0.3,0.2,-6.27,-6.2,-5.63,-5.96,3.0,0.51,12.0,0.7,0.3,0.2,0.73,2.29,2.84,1.8,3.0,1.61,12.0,0.7,0.3,0.2,1012.53,1012.6,1014.51,1013.5,3.0,1.65,12.0,0.7,0.3,0.2,2.3,5.0,7.0,4.7,3.0,3.5,12.0,0.7,0.3,0.2,-41.0,-38.4,-34.9,-38.0,3.0,4.5,12.0,0.7,0.3,0.2,4.9,15.4,18.0,11.5,3.0,10.2,12.0,0.7,0.3,0.2,-1.56,-0.6,0.36,-0.6,2.0,1.98,16.0,1.0,0.5,0.3,-10.5,-4.2,2.0,-4.2,2.0,13.0,16.0,1.0,0.5,0.3,3.45,4.16,4.87,4.16,2.0,1.47,16.0,1.0,0.5,0.3,22.7,26.6,30.5,26.6,2.0,8.0,16.0,1.0,0.5,0.3,-162.7,-153.8,-129.4,-146.2,3.0,25.2,12.0,0.7,0.3,0.2,19.3,60.7,65.8,43.0,3.0,37.4,12.0,0.7,0.3,0.2,-99.1,-94.6,-80.1,-89.7,3.0,14.5,12.0,0.7,0.3,0.2,11.7,36.8,40.6,26.4,3.0,23.0,12.0,0.7,0.3,0.2,-30.3,-26.0,-21.7,-26.0,2.0,8.9,16.0,1.0,0.5,0.3,1.1,3.6,6.0,3.6,2.0,5.1,16.0,1.0,0.5,0.3,238.5,238.5,281.0,259.0,3.0,36.0,12.0,0.7,0.3,0.2,240.0,240.0,280.0,260.0,3.0,35.0,12.0,0.7,0.3,0.2
1974,2,249.0,-13.0,25.2,25.2,25.2,25.2,1.0,0.0,10.0,0.0,0.7,0.9,24.5,24.5,24.5,24.5,1.0,0.0,10.0,0.0,0.7,0.9,16.45,16.45,16.45,16.45,1.0,0.0,10.0,0.0,0.7,0.9,86.0,86.0,86.0,86.0,1.0,0.0,10.0,0.0,0.9,6.0,6.0,6.0,6.0,1.0,0.0,10.0,0.0,0.7,0.9,-5.91,-5.91,-5.91,-5.91,1.0,0.0,10.0,0.0,0.7,0.9,1.04,1.04,1.04,1.04,1.0,0.0,10.0,0.0,0.7,0.9,1013.9,1013.9,1013.9,1013.9,1.0,0.0,10.0,0.0,0.7,0.9,4.0,4.0,4.0,4.0,1.0,0.0,10.0,0.0,0.7,0.9,-35.5,-35.5,-35.5,-35.5,1.0,0.0,10.0,0.0,0.7,0.9,6.3,6.3,6.3,6.3,1.0,0.0,10.0,0.0,0.7,0.9,0.7,0.7,0.7,0.7,1.0,0.0,10.0,0.0,0.7,0.9,4.2,4.2,4.2,4.2,1.0,0.0,10.0,0.0,0.7,0.9,3.55,3.55,3.55,3.55,1.0,0.0,10.0,0.0,0.7,0.9,21.3,21.3,21.3,21.3,1.0,0.0,10.0,0.0,0.7,0.9,-144.8,-144.8,-144.8,-144.8,1.0,0.0,10.0,0.0,0.7,0.9,25.5,25.5,25.5,25.5,1.0,0.0,10.0,0.0,0.7,0.9,-97.2,-97.2,-97.2,-97.2,1.0,0.0,10.0,0.0,0.7,0.9,17.1,17.1,17.1,17.1,1.0,0.0,10.0,0.0,0.7,0.9,-21.0,-21.0,-21.0,-21.0,1.0,0.0,10.0,0.0,0.7,0.9,3.7,3.7,3.7,3.7,1.0,0.0,10.0,0.0,0.7,0.9,216.0,216.0,216.0,216.0,1.0,0.0,10.0,0.0,0.7,0.9,215.0,215.0,215.0,215.0,1.0,0.0,10.0,0.0,0.7,0.9
1974,2,249.0,-9.0,25.2,25.2,25.2,25.2,2.0,0.0,20.0,1.0,0.5,1.0,26.87,27.25,27.63,27.25,2.0,0.78,20.0,1.0,0.5,1.0,13.67,13.67,13.67,13.67,1.0,0.0,20.0,1.0,0.7,0.9,62.7,62.7,62.7,62.7,1.0,0.0,20.0,1.0,0.9,7.16,7.5,7.84,7.5,2.0,0.71,20.0,1.0,0.5,1.0,-7.72,-7.39,-7.05,-7.39,2.0,0.7,20.0,1.0,0.5,1.0,1.24,1.3,1.36,1.3,2.0,0.12,20.0,1.0,0.5,1.0,1011.21,1011.65,1012.09,1011.65,2.0,0.92,20.0,1.0,0.5,1.0,4.2,4.5,4.8,4.5,2.0,0.7,20.0,1.0,0.5,1.0,-60.7,-55.6,-50.6,-55.6,2.0,10.4,20.0,1.0,0.5,1.0,8.9,9.8,10.7,9.8,2.0,1.8,20.0,1.0,0.5,1.0,-2.43,-2.05,-1.67,-2.05,2.0,0.78,20.0,1.0,0.5,1.0,-17.2,-15.1,-13.0,-15.1,2.0,4.4,20.0,1.0,0.5,1.0,6.36,6.36,6.36,6.36,1.0,0.0,20.0,1.0,0.7,0.9,50.9,50.9,50.9,50.9,1.0,0.0,20.0,1.0,0.7,0.9,-207.4,-201.0,-194.6,-201.0,2.0,13.2,20.0,1.0,0.5,1.0,34.3,35.4,36.6,35.4,2.0,2.3,20.0,1.0,0.5,1.0,-107.7,-107.7,-107.7,-107.7,1.0,0.0,20.0,1.0,0.7,0.9,19.0,19.0,19.0,19.0,1.0,0.0,20.0,1.0,0.7,0.9,-50.1,-50.1,-50.1,-50.1,1.0,0.0,20.0,1.0,0.7,0.9,8.8,8.8,8.8,8.8,1.0,0.0,20.0,1.0,0.7,0.9,370.0,427.5,485.0,427.5,2.0,119.5,20.0,1.0,0.5,1.0,370.0,430.0,485.0,430.0,2.0,120.0,20.0,1.0,0.5,1.0
1974,2,249.0,-8.0,25.32,25.35,25.38,25.35,2.0,0.07,14.0,1.0,0.4,0.2,25.41,25.65,25.89,25.65,2.0,0.49,14.0,1.0,0.4,0.2,14.63,15.27,15.91,15.27,2.0,1.33,14.0,1.0,0.4,0.2,72.1,74.2,76.2,74.2,2.0,4.3,14.0,1.0,0.2,3.98,4.8,5.62,4.8,2.0,1.7,14.0,1.0,0.4,0.2,-4.81,-3.98,-3.14,-3.98,2.0,1.72,14.0,1.0,0.4,0.2,2.42,2.66,2.89,2.66,2.0,0.49,14.0,1.0,0.4,0.2,1008.95,1009.5,1010.05,1009.5,2.0,1.13,14.0,1.0,0.4,0.2,2.2,2.5,2.8,2.5,2.0,0.7,14.0,1.0,0.4,0.2,-27.8,-20.6,-13.3,-20.6,2.0,15.0,14.0,1.0,0.4,0.2,9.9,13.2,16.5,13.2,2.0,6.8,14.0,1.0,0.4,0.2,-0.5,-0.3,-0.1,-0.3,2.0,0.42,14.0,1.0,0.4,0.2,-1.8,-1.1,-0.3,-1.1,2.0,1.5,14.0,1.0,0.4,0.2,4.39,5.0,5.61,5.0,2.0,1.26,14.0,1.0,0.4,0.2,18.0,25.1,32.1,25.1,2.0,14.5,14.0,1.0,0.4,0.2,-122.0,-101.6,-81.2,-101.6,2.0,42.3,14.0,1.0,0.4,0.2,62.7,68.0,73.4,68.0,2.0,11.1,14.0,1.0,0.4,0.2,-69.8,-59.6,-49.4,-59.6,2.0,21.1,14.0,1.0,0.4,0.2,38.4,40.3,42.1,40.3,2.0,3.9,14.0,1.0,0.4,0.2,-27.5,-21.0,-14.4,-21.0,2.0,13.6,14.0,1.0,0.4,0.2,10.8,13.6,16.4,13.6,2.0,5.8,14.0,1.0,0.4,0.2,73.5,131.5,189.0,131.5,2.0,119.5,14.0,1.0,0.4,0.2,75.0,130.0,190.0,130.0,2.0,120.0,14.0,1.0,0.4,0.2
1974,2,249.0,-5.0,26.0,26.0,26.0,26.0,1.0,0.0,26.0,1.0,0.5,0.9,26.1,26.1,26.1,26.1,1.0,0.0,26.0,1.0,0.5,0.9,17.97,17.97,17.97,17.97,1.0,0.0,26.0,1.0,0.5,0.9,85.1,85.1,85.1,85.1,1.0,0.0,26.0,1.0,0.9,4.6,4.6,4.6,4.6,1.0,0.0,26.0,1.0,0.5,0.9,-2.3,-2.3,-2.3,-2.3,1.0,0.0,26.0,1.0,0.5,0.9,3.98,3.98,3.98,3.98,1.0,0.0,26.0,1.0,0.5,0.9,1011.4,1011.4,1011.4,1011.4,1.0,0.0,26.0,1.0,0.5,0.9,5.0,5.0,5.0,5.0,1.0,0.0,26.0,1.0,0.5,0.9,-10.6,-10.6,-10.6,-10.6,1.0,0.0,26.0,1.0,0.5,0.9,18.3,18.3,18.3,18.3,1.0,0.0,26.0,1.0,0.5,0.9,-0.1,-0.1,-0.1,-0.1,1.0,0.0,26.0,1.0,0.5,0.9,-0.5,-0.5,-0.5,-0.5,1.0,0.0,26.0,1.0,0.5,0.9,3.06,3.06,3.06,3.06,1.0,0.0,26.0,1.0,0.5,0.9,14.1,14.1,14.1,14.1,1.0,0.0,26.0,1.0,0.5,0.9,-60.0,-60.0,-60.0,-60.0,1.0,0.0,26.0,1.0,0.5,0.9,104.0,104.0,104.0,104.0,1.0,0.0,26.0,1.0,0.5,0.9,-41.3,-41.3,-41.3,-41.3,1.0,0.0,26.0,1.0,0.5,0.9,71.6,71.6,71.6,71.6,1.0,0.0,26.0,1.0,0.5,0.9,-7.0,-7.0,-7.0,-7.0,1.0,0.0,26.0,1.0,0.5,0.9,12.2,12.2,12.2,12.2,1.0,0.0,26.0,1.0,0.5,0.9,97.5,97.5,97.5,97.5,1.0,0.0,26.0,1.0,0.5,0.9,95.0,95.0,95.0,95.0,1.0,0.0,26.0,1.0,0.5,0.9
1974,2,249.0,-4.0,23.71,24.8,25.05,24.4,4.0,1.02,12.0,0.5,0.7,0.5,22.35,23.8,25.36,23.85,4.0,1.74,12.0,0.5,0.7,0.5,14.41,16.33,17.75,16.09,4.0,2.01,12.0,0.5,0.7,0.5,84.2,87.6,89.2,86.7,4.0,3.7,12.0,0.5,0.5,3.55,5.4,8.09,5.8,4.0,3.05,12.0,0.5,0.7,0.5,-4.04,-3.03,-2.28,-3.16,4.0,1.33,12.0,0.5,0.7,0.5,2.72,4.45,7.0,4.84,4.0,2.79,12.0,0.5,0.7,0.5,1009.43,1009.9,1011.41,1010.4,4.0,1.58,12.0,0.5,0.7,0.5,4.0,5.0,6.0,5.0,4.0,1.6,12.0,0.5,0.7,0.5,-34.3,-16.4,-8.8,-21.3,4.0,18.8,12.0,0.5,0.7,0.5,10.4,24.7,59.4,34.5,4.0,34.5,12.0,0.5,0.7,0.5,-0.5,0.05,1.65,0.55,4.0,1.51,12.0,0.5,0.7,0.5,-4.3,-0.6,7.1,1.3,4.0,7.9,12.0,0.5,0.7,0.5,1.93,2.09,4.27,3.05,4.0,2.06,12.0,0.5,0.7,0.5,8.8,15.4,23.7,16.2,4.0,9.6,12.0,0.5,0.7,0.5,-102.3,-72.5,-51.0,-76.5,4.0,35.8,12.0,0.5,0.7,0.5,60.8,107.7,177.2,118.5,4.0,74.1,12.0,0.5,0.7,0.5,-71.4,-48.2,-32.6,-51.8,4.0,25.7,12.0,0.5,0.7,0.5,38.8,72.5,123.7,80.9,4.0,52.9,12.0,0.5,0.7,0.5,-13.9,-7.7,-4.8,-9.3,4.0,6.3,12.0,0.5,0.7,0.5,7.3,13.3,19.0,13.2,4.0,7.4,12.0,0.5,0.7,0.5,55.5,168.0,606.5,323.5,4.0,421.5,12.0,0.5,0.7,0.5,55.0,170.0,605.0,325.0,4.0,420.0,12.0,0.5,0.7,0.5
1974,2,249.0,-3.0,24.7,24.7,24.7,24.7,1.0,0.0,20.0,1.0,0.9,0.3,23.8,23.8,23.8,23.8,1.0,0.0,20.0,1.0,0.9,0.3,15.83,15.83,15.83,15.83,1.0,0.0,20.0,1.0,0.9,0.3,85.9,85.9,85.9,85.9,1.0,0.0,20.0,1.0,0.3,1.0,1.0,1.0,1.0,1.0,0.0,20.0,1.0,0.9,0.3,-0.64,-0.64,-0.64,-0.64,1.0,0.0,20.0,1.0,0.9,0.3,0.77,0.77,0.77,0.77,1.0,0.0,20.0,1.0,0.9,0.3,1009.0,1009.0,1009.0,1009.0,1.0,0.0,20.0,1.0,0.9,0.3,8.0,8.0,8.0,8.0,1.0,0.0,20.0,1.0,0.9,0.3,-0.6,-0.6,-0.6,-0.6,1.0,0.0,20.0,1.0,0.9,0.3,0.8,0.8,0.8,0.8,1.0,0.0,20.0,1.0,0.9,0.3,0.9,0.9,0.9,0.9,1.0,0.0,20.0,1.0,0.9,0.3,0.9,0.9,0.9,0.9,1.0,0.0,20.0,1.0,0.9,0.3,3.67,3.67,3.67,3.67,1.0,0.0,20.0,1.0,0.9,0.3,3.7,3.7,3.7,3.7,1.0,0.0,20.0,1.0,0.9,0.3,-15.3,-15.3,-15.3,-15.3,1.0,0.0,20.0,1.0,0.9,0.3,18.2,18.2,18.2,18.2,1.0,0.0,20.0,1.0,0.9,0.3,-10.2,-10.2,-10.2,-10.2,1.0,0.0,20.0,1.0,0.9,0.3,12.1,12.1,12.1,12.1,1.0,0.0,20.0,1.0,0.9,0.3,-2.4,-2.4,-2.4,-2.4,1.0,0.0,20.0,1.0,0.9,0.3,2.8,2.8,2.8,2.8,1.0,0.0,20.0,1.0,0.9,0.3,1.0,1.0,1.0,1.0,1.0,0.0,20.0,1.0,0.9,0.3,0.0,0.0,0.0,0.0,1.0,0.0,20.0,1.0,0.9,0.3
1974,2,249.0,-2.0,24.16,24.5,24.84,24.5,2.0,0.71,14.0,0.5,0.5,0.8,24.25,24.8,25.35,24.8,2.0,1.13,14.0,0.5,0.5,0.8,16.83,16.97,17.11,16.97,2.0,0.29,14.0,0.5,0.5,0.8,83.7,87.2,90.8,87.2,2.0,7.4,14.0,0.5,0.8,4.1,4.1,4.1,4.1,2.0,0.0,14.0,0.5,0.5,0.8,-3.41,-3.09,-2.78,-3.09,2.0,0.65,14.0,0.5,0.5,0.8,2.22,2.6,2.97,2.6,2.0,0.77,14.0,0.5,0.5,0.8,1013.41,1013.65,1013.89,1013.65,2.0,0.5,14.0,0.5,0.5,0.8,6.3,7.0,7.7,7.0,2.0,1.4,14.0,0.5,0.5,0.8,-14.0,-12.7,-11.4,-12.7,2.0,2.7,14.0,0.5,0.5,0.8,9.1,10.6,12.2,10.6,2.0,3.2,14.0,0.5,0.5,0.8,-1.19,-0.3,0.59,-0.3,2.0,1.84,14.0,0.5,0.5,0.8,-4.9,-1.2,2.4,-1.2,2.0,7.5,14.0,0.5,0.5,0.8,1.96,2.21,2.46,2.21,2.0,0.53,14.0,0.5,0.5,0.8,8.0,9.1,10.1,9.1,2.0,2.2,14.0,0.5,0.5,0.8,-82.4,-76.3,-70.3,-76.3,2.0,12.6,14.0,0.5,0.5,0.8,54.2,64.8,75.5,64.8,2.0,22.1,14.0,0.5,0.5,0.8,-58.3,-52.6,-46.9,-52.6,2.0,11.9,14.0,0.5,0.5,0.8,38.0,43.9,49.9,43.9,2.0,12.3,14.0,0.5,0.5,0.8,-8.5,-7.0,-5.5,-7.0,2.0,3.1,14.0,0.5,0.5,0.8,5.4,5.5,5.7,5.5,2.0,0.3,14.0,0.5,0.5,0.8,69.0,69.0,69.0,69.0,2.0,0.0,14.0,0.5,0.5,0.8,70.0,70.0,70.0,70.0,2.0,0.0,14.0,0.5,0.5,0.8
1974,2,249.0,-1.0,24.8,24.8,24.8,24.8,1.0,0.0,20.0,0.0,0.4,0.1,24.1,24.1,24.1,24.1,1.0,0.0,20.0,0.0,0.4,0.1,16.7,16.7,16.7,16.7,1.0,0.0,20.0,0.0,0.4,0.1,89.1,89.1,89.1,89.1,1.0,0.0,20.0,0.0,0.1,4.6,4.6,4.6,4.6,1.0,0.0,20.0,0.0,0.4,0.1,-1.57,-1.57,-1.57,-1.57,1.0,0.0,20.0,0.0,0.4,0.1,4.32,4.32,4.32,4.32,1.0,0.0,20.0,0.0,0.4,0.1,1011.1,1011.1,1011.1,1011.1,1.0,0.0,20.0,0.0,0.4,0.1,2.0,2.0,2.0,2.0,1.0,0.0,20.0,0.0,0.4,0.1,-7.2,-7.2,-7.2,-7.2,1.0,0.0,20.0,0.0,0.4,0.1,19.9,19.9,19.9,19.9,1.0,0.0,20.0,0.0,0.4,0.1,0.7,0.7,0.7,0.7,1.0,0.0,20.0,0.0,0.4,0.1,3.2,3.2,3.2,3.2,1.0,0.0,20.0,0.0,0.4,0.1,2.87,2.87,2.87,2.87,1.0,0.0,20.0,0.0,0.4,0.1,13.2,13.2,13.2,13.2,1.0,0.0,20.0,0.0,0.4,0.1,-37.9,-37.9,-37.9,-37.9,1.0,0.0,20.0,0.0,0.4,0.1,104.2,104.2,104.2,104.2,1.0,0.0,20.0,0.0,0.4,0.1,-26.3,-26.3,-26.3,-26.3,1.0,0.0,20.0,0.0,0.4,0.1,72.2,72.2,72.2,72.2,1.0,0.0,20.0,0.0,0.4,0.1,-4.5,-4.5,-4.5,-4.5,1.0,0.0,20.0,0.0,0.4,0.1,12.4,12.4,12.4,12.4,1.0,0.0,20.0,0.0,0.4,0.1,97.5,97.5,97.5,97.5,1.0,0.0,20.0,0.0,0.4,0.1,95.0,95.0,95.0,95.0,1.0,0.0,20.0,0.0,0.4,0.1
1974,2,249.0,0.0,22.8,22.8,22.8,22.8,1.0,0.0,8.0,0.0,0.1,0.0,23.8,23.8,23.8,23.8,1.0,0.0,8.0,0.0,0.1,0.0,15.57,15.57,15.57,15.57,1.0,0.0,8.0,0.0,0.1,0.0,84.9,84.9,84.9,84.9,1.0,0.0,8.0,0.0,0.0,2.1,2.1,2.1,2.1,1.0,0.0,8.0,0.0,0.1,0.0,0.0,0.0,0.0,0.0,1.0,0.0,8.0,0.0,0.1,0.0,2.1,2.1,2.1,2.1,1.0,0.0,8.0,0.0,0.1,0.0,1013.4,1013.4,1013.4,1013.4,1.0,0.0,8.0,0.0,0.1,0.0,1.0,1.0,1.0,1.0,1.0,0.0,8.0,0.0,0.1,0.0,0.0,0.0,0.0,0.0,1.0,0.0,8.0,0.0,0.1,0.0,4.4,4.4,4.4,4.4,1.0,0.0,8.0,0.0,0.1,0.0,-1.0,-1.0,-1.0,-1.0,1.0,0.0,8.0,0.0,0.1,0.0,-2.1,-2.1,-2.1,-2.1,1.0,0.0,8.0,0.0,0.1,0.0,1.72,1.72,1.72,1.72,1.0,0.0,8.0,0.0,0.1,0.0,3.6,3.6,3.6,3.6,1.0,0.0,8.0,0.0,0.1,0.0,0.0,0.0,0.0,0.0,1.0,0.0,8.0,0.0,0.1,0.0,50.0,50.0,50.0,50.0,1.0,0.0,8.0,0.0,0.1,0.0,0.0,0.0,0.0,0.0,1.0,0.0,8.0,0.0,0.1,0.0,32.7,32.7,32.7,32.7,1.0,0.0,8.0,0.0,0.1,0.0,0.0,0.0,0.0,0.0,1.0,0.0,8.0,0.0,0.1,0.0,3.6,3.6,3.6,3.6,1.0,0.0,8.0,0.0,0.1,0.0,9.5,9.5,9.5,9.5,1.0,0.0,8.0,0.0,0.1,0.0,10.0,10.0,10.0,10.0,1.0,0.0,8.0,0.0,0.1,0.0
1974,2,249.0,1.0,22.8,22.8,22.8,22.8,1.0,0.0,8.0,0.0,0.1,0.0,23.8,23.8,23.8,23.8,1.0,0.0,8.0,0.0,0.1,0.0,15.47,15.47,15.47,15.47,1.0,0.0,8.0,0.0,0.1,0.0,84.3,84.3,84.3,84.3,1.0,0.0,8.0,0.0,0.0,2.0,2.0,2.0,2.0,1.0,0.0,8.0,0.0,0.1,0.0,0.0,0.0,0.0,0.0,1.0,0.0,8.0,0.0,0.1,0.0,2.0,2.0,2.0,2.0,1.0,0.0,8.0,0.0,0.1,0.0,1013.4,1013.4,1013.4,1013.4,1.0,0.0,8.0,0.0,0.1,0.0,1.0,1.0,1.0,1.0,1.0,0.0,8.0,0.0,0.1,0.0,0.0,0.0,0.0,0.0,1.0,0.0,8.0,0.0,0.1,0.0,4.0,4.0,4.0,4.0,1.0,0.0,8.0,0.0,0.1,0.0,-1.0,-1.0,-1.0,-1.0,1.0,0.0,8.0,0.0,0.1,0.0,-2.0,-2.0,-2.0,-2.0,1.0,0.0,8.0,0.0,0.1,0.0,1.82,1.82,1.82,1.82,1.0,0.0,8.0,0.0,0.1,0.0,3.6,3.6,3.6,3.6,1.0,0.0,8.0,0.0,0.1,0.0,0.0,0.0,0.0,0.0,1.0,0.0,8.0,0.0,0.1,0.0,47.6,47.6,47.6,47.6,1.0,0.0,8.0,0.0,0.1,0.0,0.0,0.0,0.0,0.0,1.0,0.0,8.0,0.0,0.1,0.0,30.9,30.9,30.9,30.9,1.0,0.0,8.0,0.0,0.1,0.0,0.0,0.0,0.0,0.0,1.0,0.0,8.0,0.0,0.1,0.0,3.6,3.6,3.6,3.6,1.0,0.0,8.0,0.0,0.1,0.0,8.0,8.0,8.0,8.0,1.0,0.0,8.0,0.0,0.1,0.0,10.0,10.0,10.0,10.0,1.0,0.0,8.0,0.0,0.1,0.0
1974,2,249.0,3.0,26.5,26.5,26.5,26.5,1.0,0.0,24.0,0.0,0.6,0.5,25.83,25.9,25.97,25.9,2.0,0.14,24.0,0.5,0.5,0.4,17.7,17.7,17.7,17.7,1.0,0.0,24.0,0.0,0.6,0.5,85.1,85.1,85.1,85.1,1.0,0.0,24.0,0.0,0.5,1.08,1.25,1.42,1.25,2.0,0.35,24.0,0.5,0.5,0.4,-1.39,-1.21,-1.02,-1.21,2.0,0.38,24.0,0.5,0.5,0.4,-0.25,-0.04,0.16,-0.04,2.0,0.43,24.0,0.5,0.5,0.4,1008.55,1008.65,1008.75,1008.65,2.0,0.21,24.0,0.5,0.5,0.4,3.0,5.0,7.0,5.0,2.0,4.2,24.0,0.5,0.5,0.4,-2.0,-1.6,-1.1,-1.6,2.0,0.9,24.0,0.5,0.5,0.4,-0.2,0.0,0.3,0.0,2.0,0.5,24.0,0.5,0.5,0.4,0.7,0.7,0.7,0.7,1.0,0.0,24.0,0.0,0.6,0.5,1.1,1.1,1.1,1.1,1.0,0.0,24.0,0.0,0.6,0.5,4.04,4.04,4.04,4.04,1.0,0.0,24.0,0.0,0.6,0.5,6.1,6.1,6.1,6.1,1.0,0.0,24.0,0.0,0.6,0.5,-35.9,-31.3,-26.6,-31.3,2.0,9.7,24.0,0.5,0.5,0.4,-6.4,-1.1,4.2,-1.1,2.0,11.0,24.0,0.5,0.5,0.4,-26.1,-26.1,-26.1,-26.1,1.0,0.0,24.0,0.0,0.6,0.5,4.6,4.6,4.6,4.6,1.0,0.0,24.0,0.0,0.6,0.5,-6.0,-6.0,-6.0,-6.0,1.0,0.0,24.0,0.0,0.6,0.5,1.1,1.1,1.1,1.1,1.0,0.0,24.0,0.0,0.6,0.5,1.5,2.0,3.0,2.0,2.0,1.5,24.0,0.5,0.5,0.4,0.0,0.0,5.0,0.0,2.0,0.0,24.0,0.5,0.5,0.4
1974,2,249.0,8.0,28.0,28.0,28.0,28.0,1.0,0.0,18.0,1.0,0.3,0.0,27.0,27.0,27.0,27.0,1.0,0.0,18.0,1.0,0.3,0.0,15.83,15.83,15.83,15.83,1.0,0.0,18.0,1.0,0.3,0.0,71.4,71.4,71.4,71.4,1.0,0.0,18.0,1.0,0.0,6.7,6.7,6.7,6.7,1.0,0.0,18.0,1.0,0.3,0.0,-6.6,-6.6,-6.6,-6.6,1.0,0.0,18.0,1.0,0.3,0.0,-1.16,-1.16,-1.16,-1.16,1.0,0.0,18.0,1.0,0.3,0.0,1015.3,1015.3,1015.3,1015.3,1.0,0.0,18.0,1.0,0.3,0.0,4.0,4.0,4.0,4.0,1.0,0.0,18.0,1.0,0.3,0.0,-44.2,-44.2,-44.2,-44.2,1.0,0.0,18.0,1.0,0.3,0.0,-7.8,-7.8,-7.8,-7.8,1.0,0.0,18.0,1.0,0.3,0.0,1.0,1.0,1.0,1.0,1.0,0.0,18.0,1.0,0.3,0.0,6.7,6.7,6.7,6.7,1.0,0.0,18.0,1.0,0.3,0.0,7.78,7.78,7.78,7.78,1.0,0.0,18.0,1.0,0.3,0.0,52.1,52.1,52.1,52.1,1.0,0.0,18.0,1.0,0.3,0.0,-178.2,-178.2,-178.2,-178.2,1.0,0.0,18.0,1.0,0.3,0.0,-31.4,-31.4,-31.4,-31.4,1.0,0.0,18.0,1.0,0.3,0.0,-104.5,-104.5,-104.5,-104.5,1.0,0.0,18.0,1.0,0.3,0.0,-18.4,-18.4,-18.4,-18.4,1.0,0.0,18.0,1.0,0.3,0.0,-51.3,-51.3,-51.3,-51.3,1.0,0.0,18.0,1.0,0.3,0.0,-9.0,-9.0,-9.0,-9.0,1.0,0.0,18.0,1.0,0.3,0.0,301.0,301.0,301.0,301.0,1.0,0.0,18.0,1.0,0.3,0.0,300.0,300.0,300.0,300.0,1.0,0.0,18.0,1.0,0.3,0.0
1974,2,249.0,11.0,26.08,27.0,27.0,26.7,9.0,0.84,8.0,0.6,0.4,0.6,24.6,25.0,26.31,25.53,9.0,1.97,8.0,0.6,0.4,0.6,15.6,16.66,17.16,16.35,8.0,1.06,6.0,0.6,0.4,0.6,76.6,86.5,89.4,83.2,8.0,8.2,6.0,0.6,0.6,2.73,6.7,7.43,5.38,9.0,2.9,8.0,0.6,0.4,0.6,-6.6,-4.95,-1.19,-4.62,9.0,3.18,8.0,0.6,0.4,0.6,-2.86,-1.16,-0.15,-1.72,9.0,1.87,8.0,0.6,0.4,0.6,1010.35,1011.0,1012.57,1011.41,9.0,1.1,8.0,0.6,0.4,0.6,2.0,5.0,8.0,5.0,9.0,2.6,8.0,0.6,0.4,0.6,-44.2,-38.1,-2.7,-32.5,9.0,30.4,8.0,0.6,0.4,0.6,-12.0,-7.8,-0.4,-10.1,9.0,14.0,8.0,0.6,0.4,0.6,0.13,2.0,2.4,1.17,9.0,1.61,8.0,0.6,0.4,0.6,0.4,2.3,15.4,3.9,9.0,11.6,8.0,0.6,0.4,0.6,4.6,5.27,5.81,5.38,8.0,0.93,6.0,0.6,0.4,0.6,15.4,33.3,34.1,25.7,8.0,12.6,6.0,0.6,0.4,0.6,-164.2,-123.7,-29.0,-120.9,9.0,90.5,8.0,0.6,0.4,0.6,-74.3,-28.6,-3.6,-43.6,9.0,47.3,8.0,0.6,0.4,0.6,-113.1,-64.2,-12.9,-65.6,8.0,46.1,6.0,0.6,0.4,0.6,-42.8,-20.1,-10.3,-30.6,8.0,28.6,6.0,0.6,0.4,0.6,-33.6,-23.5,-3.9,-21.1,8.0,14.0,6.0,0.6,0.4,0.6,-20.9,-6.2,-3.2,-10.4,8.0,9.2,6.0,0.6,0.4,0.6,21.0,301.0,414.5,271.5,9.0,298.5,8.0,0.6,0.4,0.6,20.0,300.0,415.0,270.0,9.0,300.0,8.0,0.6,0.4,0.6
1974,2,249.0,12.0,25.24,26.0,26.87,26.05,4.0,0.99,14.0,0.3,0.6,0.5,25.55,25.8,27.05,26.28,4.0,1.17,14.0,0.3,0.6,0.5,17.54,18.09,18.99,18.26,4.0,0.87,14.0,0.3,0.6,0.5,82.3,86.1,89.2,85.8,4.0,5.4,14.0,0.3,0.5,6.94,7.45,7.96,7.45,4.0,0.65,14.0,0.3,0.6,0.5,-6.78,-6.04,-4.65,-5.73,4.0,1.54,14.0,0.3,0.6,0.5,-5.78,-4.31,-2.97,-4.37,4.0,1.67,14.0,0.3,0.6,0.5,1012.18,1012.8,1014.52,1013.33,4.0,1.79,14.0,0.3,0.6,0.5,2.0,3.5,5.6,3.8,4.0,2.5,14.0,0.3,0.6,0.5,-53.7,-45.2,-32.1,-43.0,4.0,13.5,14.0,0.3,0.6,0.5,-44.1,-32.8,-21.3,-32.7,4.0,13.2,14.0,0.3,0.6,0.5,-1.57,0.25,1.08,-0.22,4.0,1.97,14.0,0.3,0.6,0.5,-12.9,1.8,8.2,-2.2,4.0,15.8,14.0,0.3,0.6,0.5,1.72,2.61,3.95,2.83,4.0,1.57,14.0,0.3,0.6,0.5,13.0,18.1,29.1,20.9,4.0,12.1,14.0,0.3,0.6,0.5,-180.8,-161.9,-119.5,-150.7,4.0,41.2,14.0,0.3,0.6,0.5,-155.2,-116.5,-76.0,-115.6,4.0,46.3,14.0,0.3,0.6,0.5,-122.3,-109.3,-84.8,-103.8,4.0,25.1,14.0,0.3,0.6,0.5,-109.8,-78.4,-52.2,-80.9,4.0,34.4,14.0,0.3,0.6,0.5,-26.6,-12.5,-7.8,-17.0,4.0,13.1,14.0,0.3,0.6,0.5,-13.8,-11.3,-7.8,-10.8,4.0,3.8,14.0,0.3,0.6,0.5,335.5,415.0,506.0,420.5,4.0,108.0,14.0,0.3,0.6,0.5,335.0,415.0,505.0,420.0,4.0,110.0,14.0,0.3,0.6,0.5
1974,2,249.0,13.0,26.06,26.7,27.6,26.86,5.0,0.94,10.0,0.8,0.7,0.5,24.69,25.6,26.41,25.52,6.0,1.24,8.0,0.8,0.6,0.5,13.72,15.2,17.14,15.42,4.0,2.2,12.0,0.8,0.6,0.4,71.4,75.6,82.5,76.9,4.0,7.1,12.0,0.8,0.4,2.27,6.45,7.3,5.23,6.0,2.75,8.0,0.8,0.6,0.5,-3.4,-1.73,-1.03,-1.95,6.0,1.36,8.0,0.8,0.6,0.5,-6.51,-5.81,-1.99,-4.78,6.0,2.56,8.0,0.8,0.6,0.5,1011.74,1015.1,1017.14,1014.65,6.0,2.53,8.0,0.8,0.6,0.5,1.0,1.0,3.5,2.2,5.0,2.2,8.0,0.8,0.6,0.7,-23.2,-11.7,-2.7,-12.5,6.0,10.2,8.0,0.8,0.6,0.5,-47.7,-37.5,-4.9,-30.9,6.0,22.6,8.0,0.8,0.6,0.5,0.2,1.1,2.82,1.34,5.0,1.71,10.0,0.8,0.7,0.5,4.4,7.9,11.2,7.8,5.0,6.1,10.0,0.8,0.7,0.5,5.72,8.85,9.37,7.58,3.0,2.89,16.0,0.7,0.6,0.3,26.1,32.9,51.1,38.5,3.0,18.9,16.0,0.7,0.6,0.3,-86.4,-44.8,-24.2,-49.3,6.0,34.6,8.0,0.8,0.6,0.5,-164.7,-148.8,-47.6,-122.1,6.0,66.7,8.0,0.8,0.6,0.5,-42.6,-27.5,-20.5,-31.4,4.0,15.8,12.0,0.8,0.6,0.4,-116.5,-88.4,-55.4,-86.1,4.0,44.5,12.0,0.8,0.6,0.4,-17.6,-11.5,-7.5,-12.5,3.0,7.4,16.0,0.7,0.6,0.3,-48.5,-32.4,-23.9,-36.1,3.0,18.3,16.0,0.7,0.6,0.3,14.0,269.5,390.5,231.0,6.0,187.0,8.0,0.8,0.6,0.5,15.0,270.0,390.0,230.0,6.0,185.0,8.0,0.8,0.6,0.5
1974,2,249.0,14.0,27.11,28.0,28.96,28.03,3.0,1.35,18.0,1.0,0.4,0.7,25.0,25.5,26.8,25.82,5.0,0.92,12.0,0.8,0.6,0.5,15.26,15.3,16.07,15.65,3.0,0.67,12.0,1.0,0.4,0.7,75.1,75.2,76.8,75.9,3.0,1.4,12.0,1.0,0.7,4.58,6.55,8.0,6.3,4.0,2.0,16.0,0.8,0.6,0.5,-7.52,-5.4,-0.49,-4.07,4.0,4.54,16.0,0.8,0.6,0.5,-3.74,-3.14,0.13,-1.86,4.0,3.11,16.0,0.8,0.6,0.5,1012.83,1013.3,1015.9,1014.14,5.0,1.86,12.0,0.8,0.6,0.5,2.6,3.0,4.4,3.4,5.0,1.1,12.0,0.8,0.6,0.5,-60.1,-38.4,-3.6,-32.1,4.0,33.9,16.0,0.8,0.6,0.5,-21.0,-17.2,4.5,-8.6,4.0,20.6,16.0,0.8,0.6,0.5,1.2,1.2,2.16,1.67,3.0,0.81,18.0,1.0,0.4,0.7,5.3,6.1,16.1,10.6,3.0,8.8,18.0,1.0,0.4,0.7,7.03,7.92,8.8,7.92,2.0,1.83,18.0,1.0,0.3,0.9,40.1,53.7,67.3,53.7,2.0,28.2,18.0,1.0,0.3,0.9,-195.0,-135.8,-11.0,-104.5,4.0,118.6,16.0,0.8,0.6,0.5,-97.5,-81.8,5.9,-47.5,4.0,81.7,16.0,0.8,0.6,0.5,-111.8,-86.8,-61.8,-86.8,2.0,51.8,18.0,1.0,0.3,0.9,-43.2,-7.4,28.3,-7.4,2.0,74.1,18.0,1.0,0.3,0.9,-61.7,-45.5,-29.3,-45.5,2.0,33.6,18.0,1.0,0.3,0.9,-17.8,-0.3,17.1,-0.3,2.0,36.1,18.0,1.0,0.3,0.9,99.5,322.5,512.0,306.5,4.0,239.0,16.0,0.8,0.6,0.5,100.0,320.0,510.0,305.0,4.0,240.0,16.0,0.8,0.6,0.5
1974,2,249.0,15.0,25.79,26.5,27.04,26.46,7.0,0.76,18.0,0.7,0.6,0.4,23.85,25.1,25.95,24.97,9.0,1.08,16.0,0.8,0.6,0.5,12.92,14.86,15.82,14.91,8.0,2.16,16.0,0.8,0.6,0.4,63.3,77.3,84.2,76.6,8.0,12.0,16.0,0.8,0.4,1.68,4.35,6.08,4.23,8.0,2.17,18.0,0.8,0.6,0.5,-3.9,-2.08,-0.29,-2.08,8.0,1.78,18.0,0.8,0.6,0.5,-5.14,-2.61,-1.42,-3.23,8.0,2.24,18.0,0.8,0.6,0.5,1012.79,1014.0,1015.0,1014.13,9.0,1.16,16.0,0.8,0.6,0.5,2.0,3.0,5.7,3.8,9.0,1.9,16.0,0.8,0.6,0.5,-19.1,-9.5,-0.4,-9.7,8.0,9.3,18.0,0.8,0.6,0.5,-31.5,-9.8,-2.6,-17.4,8.0,19.7,18.0,0.8,0.6,0.5,-0.01,2.2,3.4,1.66,7.0,1.62,18.0,0.7,0.6,0.4,-0.2,2.9,13.4,6.3,6.0,8.8,20.0,0.7,0.7,0.5,7.01,7.51,8.25,7.3,7.0,1.06,18.0,0.7,0.6,0.4,15.1,34.8,42.4,30.5,6.0,13.9,20.0,0.7,0.7,0.5,-98.7,-50.0,-7.2,-52.1,8.0,45.0,18.0,0.8,0.6,0.5,-120.8,-67.8,-36.3,-80.9,8.0,57.1,18.0,0.8,0.6,0.5,-49.8,-47.1,-8.0,-32.7,7.0,21.6,18.0,0.7,0.7,0.5,-47.1,-30.4,-22.1,-38.3,7.0,21.4,18.0,0.7,0.7,0.5,-32.4,-25.6,-5.2,-21.0,6.0,13.3,20.0,0.7,0.7,0.5,-29.3,-17.2,-10.6,-20.1,6.0,10.8,20.0,0.7,0.7,0.5,6.5,83.0,226.5,129.0,8.0,153.5,18.0,0.8,0.6,0.5,5.0,85.0,225.0,130.0,8.0,155.0,18.0,0.8,0.6,0.5
1974,2,249.0,16.0,26.48,27.0,27.0,26.76,5.0,0.39,16.0,0.2,0.3,0.3,22.5,23.75,24.73,23.82,6.0,1.32,16.0,0.2,0.3,0.4,13.21,14.13,14.84,13.98,5.0,1.43,16.0,0.2,0.3,0.3,72.7,80.2,83.6,78.3,5.0,6.3,16.0,0.2,0.3,3.06,4.6,5.7,4.2,6.0,1.78,16.0,0.2,0.3,0.4,-1.11,0.67,0.99,0.08,6.0,1.22,16.0,0.2,0.3,0.4,-5.41,-4.53,-2.81,-3.93,6.0,2.08,16.0,0.2,0.3,0.4,1015.59,1016.5,1016.77,1016.12,5.0,1.2,16.0,0.2,0.3,0.3,0.8,1.5,6.0,2.7,6.0,2.7,16.0,0.2,0.3,0.4,-5.9,1.6,3.5,-0.6,6.0,6.1,16.0,0.2,0.3,0.4,-30.8,-21.1,-10.1,-19.6,6.0,12.2,16.0,0.2,0.3,0.4,2.53,3.5,4.31,3.38,5.0,1.11,16.0,0.2,0.3,0.3,11.3,17.1,23.3,16.9,5.0,7.2,16.0,0.2,0.3,0.3,6.8,7.82,8.9,7.93,5.0,1.39,16.0,0.2,0.3,0.3,29.4,37.6,47.6,38.8,5.0,12.3,16.0,0.2,0.3,0.3,-25.5,16.0,23.0,2.3,6.0,29.1,16.0,0.2,0.3,0.4,-126.8,-103.9,-68.6,-91.5,6.0,47.9,16.0,0.2,0.3,0.4,-19.0,8.8,10.7,-2.5,5.0,18.5,16.0,0.2,0.3,0.3,-75.4,-65.6,-55.2,-65.6,5.0,12.7,16.0,0.2,0.3,0.3,-9.3,4.3,7.2,0.0,5.0,9.6,16.0,0.2,0.3,0.3,-46.9,-35.4,-29.0,-37.9,5.0,12.2,16.0,0.2,0.3,0.3,37.0,101.0,185.0,103.5,6.0,76.5,16.0,0.2,0.3,0.4,35.0,100.0,185.0,105.0,6.0,75.0,16.0,0.2,0.3,0.4
1974,2,249.0,17.0,23.66,24.0,24.68,24.17,3.0,0.76,24.0,0.7,0.5,0.6,23.95,26.0,26.68,25.33,3.0,2.08,24.0,0.7,0.5,0.6,13.96,15.14,16.22,15.09,3.0,1.66,24.0,0.7,0.5,0.6,65.8,68.4,87.1,76.3,3.0,17.1,24.0,0.7,0.6,4.26,4.6,6.37,5.3,3.0,1.66,24.0,0.7,0.5,0.6,-3.54,-3.52,-1.97,-2.77,3.0,1.32,24.0,0.7,0.5,0.6,-5.78,-2.96,-2.34,-4.03,3.0,2.69,24.0,0.7,0.5,0.6,1016.16,1016.5,1018.0,1017.07,3.0,1.44,24.0,0.7,0.5,0.6,0.6,2.0,3.4,2.0,3.0,2.0,24.0,0.7,0.5,0.6,-15.7,-14.6,-10.8,-13.3,3.0,3.8,24.0,0.7,0.5,0.6,-39.2,-13.6,-10.1,-24.4,3.0,23.3,24.0,0.7,0.5,0.6,-2.84,-2.5,0.57,-1.17,3.0,2.75,24.0,0.7,0.5,0.6,-16.2,-12.3,2.4,-7.0,3.0,14.3,24.0,0.7,0.5,0.6,3.12,3.41,4.18,3.65,3.0,0.8,24.0,0.7,0.5,0.6,13.8,14.0,26.7,20.1,3.0,10.9,24.0,0.7,0.5,0.6,-91.2,-81.0,-47.9,-69.8,3.0,33.1,24.0,0.7,0.5,0.6,-147.4,-68.0,-59.4,-102.6,3.0,71.1,24.0,0.7,0.5,0.6,-57.3,-53.8,-28.5,-43.2,3.0,23.0,24.0,0.7,0.5,0.6,-80.6,-49.4,-36.9,-58.5,3.0,33.0,24.0,0.7,0.5,0.6,-11.6,-10.5,-7.2,-9.4,3.0,3.4,24.0,0.7,0.5,0.6,-24.8,-8.8,-7.6,-16.0,3.0,14.0,24.0,0.7,0.5,0.6,78.0,97.5,285.5,180.0,3.0,168.0,24.0,0.7,0.5,0.6,80.0,95.0,285.0,180.0,3.0,170.0,24.0,0.7,0.5,0.6
1974,2,249.0,18.0,20.38,24.2,25.16,22.8,3.0,3.7,14.0,1.0,0.5,0.2,21.05,22.2,22.88,21.98,4.0,1.45,16.0,0.8,0.5,0.2,11.83,11.83,11.83,11.83,1.0,0.0,4.0,1.0,0.4,0.0,65.6,65.6,65.6,65.6,1.0,0.0,4.0,1.0,0.0,2.73,4.1,4.44,3.6,3.0,1.32,14.0,0.7,0.3,0.3,0.0,0.0,2.76,1.35,3.0,2.33,14.0,0.7,0.3,0.3,-3.81,-2.1,-0.18,-2.0,3.0,2.66,14.0,0.7,0.3,0.3,1012.45,1016.0,1016.61,1014.57,3.0,3.29,16.0,0.7,0.6,0.1,1.0,3.5,5.5,3.3,4.0,2.8,16.0,0.8,0.5,0.2,0.0,0.0,11.3,5.5,3.0,9.6,14.0,0.7,0.3,0.3,-15.8,-4.4,0.6,-7.6,3.0,12.3,14.0,0.7,0.3,0.3,-2.24,0.7,2.54,0.17,3.0,3.53,14.0,1.0,0.5,0.2,4.9,8.6,12.2,8.6,2.0,7.6,10.0,1.0,0.3,0.3,7.05,7.05,7.05,7.05,1.0,0.0,4.0,1.0,0.4,0.0,32.4,32.4,32.4,32.4,1.0,0.0,4.0,1.0,0.4,0.0,0.0,0.0,61.2,29.9,3.0,51.8,14.0,0.7,0.3,0.3,-87.1,-42.0,-2.5,-44.8,3.0,62.0,14.0,0.7,0.3,0.3,0.0,0.0,0.0,0.0,1.0,0.0,4.0,1.0,0.4,0.0,-54.4,-54.4,-54.4,-54.4,1.0,0.0,4.0,1.0,0.4,0.0,0.0,0.0,0.0,0.0,1.0,0.0,4.0,1.0,0.4,0.0,-32.4,-32.4,-32.4,-32.4,1.0,0.0,4.0,1.0,0.4,0.0,28.0,69.0,88.5,58.5,3.0,45.0,14.0,0.7,0.3,0.3,30.0,70.0,90.0,60.0,3.0,45.0,14.0,0.7,0.3,0.3
1974,2,249.0,19.0,21.84,22.1,22.62,22.23,4.0,0.56,20.0,0.8,0.5,0.7,20.85,22.0,22.47,21.78,5.0,1.05,16.0,0.6,0.5,0.6,11.08,12.23,12.99,12.04,4.0,1.19,20.0,0.8,0.5,0.7,67.8,72.9,80.0,73.8,4.0,8.6,20.0,0.8,0.7,2.42,5.1,7.25,4.94,5.0,2.61,16.0,0.6,0.5,0.6,-2.75,-0.36,1.94,-0.58,5.0,3.01,16.0,0.6,0.5,0.6,-6.29,-4.79,-2.18,-4.34,5.0,2.08,16.0,0.6,0.5,0.6,1015.63,1017.0,1017.37,1016.56,5.0,1.05,16.0,0.6,0.5,0.6,1.9,3.0,6.4,3.8,5.0,2.8,16.0,0.6,0.5,0.6,-17.9,-0.8,11.3,-4.6,5.0,22.8,16.0,0.6,0.5,0.6,-45.6,-24.4,-5.3,-25.7,5.0,21.2,16.0,0.6,0.5,0.6,-0.58,0.5,1.05,0.25,4.0,1.03,20.0,0.8,0.5,0.7,-2.9,1.2,4.6,0.9,4.0,5.1,20.0,0.8,0.5,0.7,3.37,4.59,5.81,4.59,4.0,1.41,20.0,0.8,0.5,0.7,12.0,28.0,43.6,27.8,4.0,18.9,20.0,0.8,0.5,0.7,-59.7,-7.5,44.2,-11.9,5.0,66.6,16.0,0.6,0.5,0.6,-138.3,-111.7,-45.6,-95.7,5.0,47.6,16.0,0.6,0.5,0.6,-31.3,9.2,25.0,-2.6,4.0,38.0,20.0,0.8,0.5,0.7,-70.0,-64.7,-43.9,-57.3,4.0,21.0,20.0,0.8,0.5,0.7,-16.8,2.4,9.8,-3.2,4.0,19.4,20.0,0.8,0.5,0.7,-36.6,-26.3,-11.4,-24.1,4.0,14.9,20.0,0.8,0.5,0.7,14.5,132.5,392.5,202.5,5.0,228.0,16.0,0.6,0.5,0.6,15.0,135.0,390.0,200.0,5.0,230.0,16.0,0.6,0.5,0.6
1974,2,249.0,20.0,20.95,22.3,24.0,22.23,7.0,1.51,14.0,0.3,0.7,0.5,20.06,21.2,22.41,21.35,6.0,1.57,14.0,0.3,0.7,0.6,10.67,12.98,14.32,12.6,6.0,2.14,14.0,0.3,0.7,0.6,74.1,77.3,90.3,79.6,6.0,9.7,14.0,0.3,0.6,2.58,3.6,4.27,3.9,7.0,1.83,14.0,0.3,0.7,0.5,-2.58,-1.35,0.74,-1.33,7.0,2.74,14.0,0.3,0.7,0.5,-3.86,-3.55,-1.97,-2.98,7.0,1.06,14.0,0.3,0.7,0.5,1015.0,1016.0,1016.57,1015.96,7.0,1.07,14.0,0.3,0.7,0.5,1.0,1.0,3.2,2.3,7.0,2.4,14.0,0.3,0.7,0.5,-9.5,-2.8,3.1,-7.9,7.0,19.7,14.0,0.3,0.7,0.5,-17.2,-12.8,-5.1,-12.8,7.0,9.1,14.0,0.3,0.7,0.5,-1.06,1.5,2.52,0.87,6.0,2.84,14.0,0.3,0.7,0.6,-2.7,5.8,13.7,5.2,6.0,9.2,14.0,0.3,0.7,0.6,1.1,4.5,6.61,4.1,6.0,2.87,14.0,0.3,0.7,0.6,4.4,15.6,30.3,17.7,6.0,14.9,14.0,0.3,0.7,0.6,-55.8,-10.1,18.4,-24.8,6.0,62.7,14.0,0.3,0.7,0.6,-85.0,-75.2,-39.9,-66.7,6.0,21.9,14.0,0.3,0.7,0.6,-31.4,-4.6,12.3,-12.7,6.0,35.9,14.0,0.3,0.7,0.6,-57.2,-42.2,-22.0,-40.2,6.0,16.6,14.0,0.3,0.7,0.6,-15.8,0.2,4.8,-6.1,6.0,15.7,14.0,0.3,0.7,0.6,-22.0,-13.3,-4.3,-13.3,6.0,9.7,14.0,0.3,0.7,0.6,17.0,46.5,87.5,99.5,7.0,159.0,14.0,0.3,0.7,0.5,15.0,45.0,85.0,100.0,7.0,160.0,14.0,0.3,0.7,0.5
1974,2,249.0,21.0,20.9,21.45,22.13,21.47,12.0,0.63,16.0,0.7,0.7,0.4,19.03,20.6,21.67,20.78,14.0,1.85,16.0,0.7,0.6,0.4,9.04,10.3,11.37,10.31,12.0,1.11,16.0,0.7,0.7,0.4,57.7,70.3,76.4,67.8,12.0,9.8,16.0,0.7,0.4,3.13,4.1,5.1,4.15,14.0,1.41,16.0,0.7,0.6,0.4,-1.54,0.0,1.77,-0.13,14.0,2.49,16.0,0.7,0.6,0.4,-4.4,-3.25,-2.13,-3.23,14.0,1.76,16.0,0.7,0.6,0.4,1014.24,1017.0,1017.96,1016.15,14.0,2.16,16.0,0.7,0.6,0.4,0.0,2.0,5.0,2.6,14.0,2.4,16.0,0.7,0.6,0.4,-5.7,0.0,6.4,-2.0,14.0,15.3,16.0,0.7,0.6,0.4,-22.2,-11.7,-4.7,-13.5,14.0,11.2,16.0,0.7,0.6,0.4,-0.25,1.3,1.93,0.56,12.0,1.98,16.0,0.7,0.7,0.4,-1.3,3.7,8.0,3.1,12.0,6.2,16.0,0.7,0.7,0.4,4.53,5.4,6.62,5.59,12.0,1.26,16.0,0.7,0.7,0.4,14.9,21.1,33.0,23.1,12.0,10.0,16.0,0.7,0.7,0.4,-30.4,0.0,36.3,-3.0,14.0,52.0,16.0,0.7,0.6,0.4,-90.7,-64.7,-43.7,-66.2,14.0,35.5,16.0,0.7,0.6,0.4,-18.1,0.0,14.9,-4.0,12.0,25.8,16.0,0.7,0.7,0.4,-53.8,-34.2,-17.6,-33.2,12.0,19.5,16.0,0.7,0.7,0.4,-7.3,0.0,8.2,-2.4,12.0,14.7,16.0,0.7,0.7,0.4,-26.4,-18.5,-9.7,-17.5,12.0,11.3,16.0,0.7,0.7,0.4,31.0,69.0,132.5,96.0,14.0,100.0,16.0,0.7,0.6,0.4,30.0,70.0,135.0,95.0,14.0,100.0,16.0,0.7,0.6,0.4
1974,2,249.0,22.0,18.32,20.0,21.99,20.12,39.0,1.69,14.0,0.6,0.6,0.6,18.22,19.4,21.07,19.65,40.0,1.92,14.0,0.6,0.6,0.6,8.72,10.35,11.41,10.25,37.0,1.51,14.0,0.6,0.6,0.6,61.3,72.9,82.3,72.4,37.0,11.3,14.0,0.6,0.6,1.5,3.6,7.18,4.47,39.0,2.99,14.0,0.5,0.6,0.6,-1.59,0.0,2.6,0.59,39.0,2.62,14.0,0.5,0.6,0.6,-6.23,-2.6,-0.02,-3.39,39.0,3.24,14.0,0.5,0.6,0.6,1013.64,1015.9,1018.46,1015.99,40.0,2.26,14.0,0.6,0.6,0.6,0.0,2.0,6.0,2.7,39.0,2.8,14.0,0.6,0.6,0.6,-3.4,0.0,12.9,4.4,39.0,21.6,14.0,0.5,0.6,0.6,-44.7,-6.8,0.0,-23.6,39.0,31.7,14.0,0.5,0.6,0.6,-1.7,0.8,2.99,0.48,39.0,2.63,14.0,0.6,0.6,0.6,-5.3,3.0,19.8,5.3,38.0,13.4,14.0,0.6,0.6,0.6,1.86,4.34,6.23,4.36,37.0,2.24,14.0,0.6,0.6,0.6,3.5,15.2,41.8,22.1,36.0,20.9,14.0,0.6,0.6,0.6,-31.8,0.0,53.9,12.2,39.0,49.8,14.0,0.5,0.6,0.6,-128.1,-51.8,-0.4,-64.9,39.0,60.9,14.0,0.5,0.6,0.6,-18.6,0.0,28.5,8.0,36.0,27.4,14.0,0.6,0.6,0.6,-67.4,-29.1,0.0,-33.7,36.0,33.5,14.0,0.6,0.6,0.6,-6.1,0.0,10.6,0.1,36.0,12.7,14.0,0.6,0.6,0.6,-39.2,-12.1,0.0,-18.6,36.0,20.5,14.0,0.6,0.6,0.6,3.5,46.5,371.0,225.5,39.0,390.5,14.0,0.5,0.6,0.6,5.0,45.0,370.0,225.0,39.0,390.0,14.0,0.5,0.6,0.6
1974,2,249.0,23.0,17.74,20.0,22.11,19.91,29.0,2.36,14.0,0.7,0.4,0.2,18.0,19.65,22.15,19.79,34.0,2.0,14.0,0.7,0.4,0.1,8.97,10.27,11.76,10.37,32.0,1.6,14.0,0.7,0.4,0.2,62.3,74.4,82.8,72.9,32.0,9.7,14.0,0.7,0.2,1.04,4.6,9.3,5.38,33.0,3.78,14.0,0.7,0.4,0.1,0.0,1.61,5.52,2.16,33.0,2.54,14.0,0.7,0.4,0.1,-7.89,-2.76,0.0,-3.74,33.0,4.29,14.0,0.7,0.4,0.1,1013.59,1015.65,1017.0,1015.71,34.0,2.75,14.0,0.7,0.4,0.1,0.0,3.0,6.0,3.3,34.0,2.5,14.0,0.7,0.4,0.1,0.0,8.3,44.1,16.4,33.0,22.8,14.0,0.7,0.4,0.1,-81.3,-19.9,0.0,-33.6,33.0,46.9,14.0,0.7,0.4,0.1,-2.6,-0.2,2.89,0.0,29.0,2.93,14.0,0.7,0.4,0.2,-10.3,-0.6,13.6,3.8,28.0,24.0,14.0,0.7,0.4,0.2,1.25,3.9,7.07,4.03,28.0,2.87,14.0,0.7,0.4,0.2,0.4,16.4,55.5,28.6,27.0,37.1,14.0,0.7,0.4,0.2,0.0,35.6,107.9,43.7,33.0,49.8,14.0,0.7,0.4,0.1,-147.7,-57.9,0.0,-73.2,33.0,84.1,14.0,0.7,0.4,0.1,0.0,15.9,50.3,21.5,31.0,25.1,14.0,0.6,0.4,0.2,-80.2,-43.6,0.0,-37.6,31.0,40.7,14.0,0.6,0.4,0.2,0.0,3.2,18.1,9.4,27.0,14.0,14.0,0.7,0.4,0.2,-49.1,-8.3,0.0,-23.6,27.0,36.9,14.0,0.7,0.4,0.2,1.0,97.5,804.5,396.5,33.0,588.5,14.0,0.7,0.4,0.1,0.0,95.0,805.0,395.0,33.0,590.0,14.0,0.7,0.4,0.1
1974,2,249.0,24.0,16.09,17.8,18.55,17.33,3.0,1.84,8.0,0.7,0.9,0.8,15.95,16.7,19.29,17.6,3.0,2.57,8.0,0.7,0.9,0.8,7.96,9.18,10.13,9.04,3.0,1.59,8.0,0.7,0.9,0.8,68.5,70.7,75.9,72.1,3.0,5.5,8.0,0.7,0.8,5.4,8.2,11.0,8.2,2.0,5.8,10.0,0.5,0.8,0.8,2.39,3.13,3.86,3.13,2.0,1.53,10.0,0.5,0.8,0.8,-10.29,-7.55,-4.82,-7.55,2.0,5.66,10.0,0.5,0.8,0.8,1014.32,1015.0,1017.18,1015.73,3.0,2.19,8.0,0.7,0.9,0.8,0.0,0.0,0.7,0.3,3.0,0.6,8.0,0.7,0.9,0.8,15.3,30.1,44.9,30.1,2.0,30.6,10.0,0.5,0.8,0.8,-121.9,-78.4,-34.8,-78.4,2.0,90.2,10.0,0.5,0.8,0.8,-1.94,-0.3,1.41,-0.27,3.0,2.45,8.0,0.7,0.9,0.8,-1.7,2.7,7.0,2.7,2.0,9.0,10.0,0.5,0.8,0.8,2.49,3.38,4.03,3.26,3.0,1.13,8.0,0.7,0.9,0.8,21.5,29.6,37.8,29.6,2.0,16.8,10.0,0.5,0.8,0.8,39.2,49.9,60.6,49.9,2.0,22.2,10.0,0.5,0.8,0.8,-161.1,-119.8,-78.5,-119.8,2.0,85.6,10.0,0.5,0.8,0.8,20.8,24.9,29.1,24.9,2.0,8.7,10.0,0.5,0.8,0.8,-77.0,-59.0,-41.0,-59.0,2.0,37.3,10.0,0.5,0.8,0.8,9.7,11.5,13.4,11.5,2.0,3.8,10.0,0.5,0.8,0.8,-35.3,-27.2,-19.1,-27.2,2.0,16.7,10.0,0.5,0.8,0.8,353.5,965.0,1576.5,965.0,2.0,1267.0,10.0,0.5,0.8,0.8,355.0,965.0,1575.0,965.0,2.0,1265.0,10.0,0.5,0.8,0.8
1974,2,249.0,25.0,16.58,18.4,19.71,18.27,6.0,1.7,14.0,0.7,0.5,0.4,17.18,18.4,19.58,18.42,5.0,1.8,12.0,0.6,0.5,0.4,8.11,9.24,12.88,10.39,5.0,3.26,12.0,0.6,0.5,0.4,64.4,70.8,93.5,77.7,5.0,16.3,12.0,0.6,0.4,0.0,2.1,13.02,5.51,7.0,6.61,12.0,0.6,0.5,0.5,0.0,1.35,4.45,2.16,7.0,2.35,12.0,0.6,0.5,0.5,-12.23,-1.61,0.0,-5.04,7.0,6.21,12.0,0.6,0.5,0.5,1013.9,1015.0,1017.39,1015.29,7.0,2.34,12.0,0.6,0.5,0.5,0.0,0.0,0.0,0.1,7.0,0.4,12.0,0.6,0.5,0.5,0.0,2.8,58.1,24.9,7.0,33.2,12.0,0.6,0.5,0.5,-159.6,-3.4,0.0,-63.0,7.0,91.1,12.0,0.6,0.5,0.5,-1.9,0.0,1.36,-0.3,5.0,2.01,12.0,0.6,0.5,0.4,0.0,0.0,14.2,6.4,5.0,10.2,12.0,0.6,0.5,0.4,-0.78,4.18,5.34,2.56,5.0,3.74,12.0,0.6,0.5,0.4,0.0,39.3,70.5,37.0,5.0,36.9,12.0,0.6,0.5,0.4,0.0,75.4,83.3,48.5,5.0,44.5,12.0,0.6,0.5,0.4,-229.0,-130.7,0.0,-118.1,5.0,115.2,12.0,0.6,0.5,0.4,0.0,37.5,38.0,22.7,5.0,20.8,12.0,0.6,0.5,0.4,-103.8,-65.6,0.0,-54.8,5.0,52.4,12.0,0.6,0.5,0.4,0.0,19.6,24.1,13.9,5.0,13.0,12.0,0.6,0.5,0.4,-66.3,-34.0,0.0,-34.2,5.0,34.7,12.0,0.6,0.5,0.4,0.0,9.5,2218.5,908.5,7.0,1442.0,12.0,0.6,0.5,0.5,0.0,10.0,2220.0,910.0,7.0,1440.0,12.0,0.6,0.5,0.5
1974,2,249.0,26.0,,,,,,,,,,,,,,,,,,,,,,,,,,,,,,,,,,,,,,,,5.1,5.1,5.1,5.1,3.0,0.0,18.0,0.7,0.6,0.5,0.28,0.89,2.02,1.15,3.0,1.29,18.0,0.7,0.6,0.5,-5.08,-5.02,-4.61,-4.85,3.0,0.37,18.0,0.7,0.6,0.5,1014.32,1015.0,1015.68,1015.0,3.0,1.0,18.0,0.7,0.6,0.5,,,,,,,,,,,,,,,,,,,,,,,,,,,,,,,,,,,,,,,,,,,,,,,,,,,,,,,,,,,,,,,,,,,,,,,,,,,,,,,,,,,,,,,,,,,,,,,,,,,,,,,,,,,,,,,,,,,,,,,,,,,,,,,,,,,,,,,,,,,,,,,,,,,,,,
1974,2,250.0,-70.0,0.8,0.8,0.8,0.8,1.0,0.0,22.0,1.0,0.7,1.0,1.4,1.4,1.4,1.4,1.0,0.0,22.0,1.0,0.7,1.0,3.36,3.36,3.36,3.36,1.0,0.0,22.0,1.0,0.7,1.0,76.9,76.9,76.9,76.9,1.0,0.0,22.0,1.0,1.0,7.2,7.2,7.2,7.2,1.0,0.0,22.0,1.0,0.7,1.0,6.24,6.24,6.24,6.24,1.0,0.0,22.0,1.0,0.7,1.0,-3.6,-3.6,-3.6,-3.6,1.0,0.0,22.0,1.0,0.7,1.0,969.1,969.1,969.1,969.1,1.0,0.0,22.0,1.0,0.7,1.0,7.0,7.0,7.0,7.0,1.0,0.0,22.0,1.0,0.7,1.0,44.9,44.9,44.9,44.9,1.0,0.0,22.0,1.0,0.7,1.0,-25.9,-25.9,-25.9,-25.9,1.0,0.0,22.0,1.0,0.7,1.0,-0.6,-0.6,-0.6,-0.6,1.0,0.0,22.0,1.0,0.7,1.0,-4.3,-4.3,-4.3,-4.3,1.0,0.0,22.0,1.0,0.7,1.0,0.82,0.82,0.82,0.82,1.0,0.0,22.0,1.0,0.7,1.0,5.9,5.9,5.9,5.9,1.0,0.0,22.0,1.0,0.7,1.0,8.7,8.7,8.7,8.7,1.0,0.0,22.0,1.0,0.7,1.0,-5.0,-5.0,-5.0,-5.0,1.0,0.0,22.0,1.0,0.7,1.0,21.0,21.0,21.0,21.0,1.0,0.0,22.0,1.0,0.7,1.0,-12.1,-12.1,-12.1,-12.1,1.0,0.0,22.0,1.0,0.7,1.0,5.1,5.1,5.1,5.1,1.0,0.0,22.0,1.0,0.7,1.0,-3.0,-3.0,-3.0,-3.0,1.0,0.0,22.0,1.0,0.7,1.0,373.0,373.0,373.0,373.0,1.0,0.0,22.0,1.0,0.7,1.0,375.0,375.0,375.0,375.0,1.0,0.0,22.0,1.0,0.7,1.0
1974,2,250.0,-24.0,,,,,,,,,,,,,,,,,,,,,,,,,,,,,,,,,,,,,,,,11.0,11.0,11.0,11.0,1.0,0.0,12.0,1.0,0.3,1.0,-10.83,-10.83,-10.83,-10.83,1.0,0.0,12.0,1.0,0.3,1.0,-1.91,-1.91,-1.91,-1.91,1.0,0.0,12.0,1.0,0.3,1.0,1022.7,1022.7,1022.7,1022.7,1.0,0.0,12.0,1.0,0.3,1.0,,,,,,,,,,,,,,,,,,,,,,,,,,,,,,,,,,,,,,,,,,,,,,,,,,,,,,,,,,,,,,,,,,,,,,,,,,,,,,,,,,,,,,,,,,,,,,,,,,,,,,,,,,,,,,,,,,,,,,,,,,,,,,,,,,,,,,,,,,,,,,,,,,,,,,
1974,2,250.0,-22.0,24.78,24.95,25.12,24.95,2.0,0.35,14.0,0.5,0.6,0.7,23.89,24.95,26.01,24.95,2.0,2.19,14.0,0.5,0.6,0.7,14.72,14.81,14.91,14.81,2.0,0.19,14.0,0.5,0.6,0.7,71.6,75.9,80.2,75.9,2.0,8.9,14.0,0.5,0.7,7.11,8.0,8.89,8.0,2.0,1.84,14.0,0.5,0.6,0.7,-7.04,-6.86,-6.68,-6.86,2.0,0.37,14.0,0.5,0.6,0.7,-0.03,2.41,4.84,2.41,2.0,5.05,14.0,0.5,0.6,0.7,1016.3,1016.5,1016.7,1016.5,2.0,0.42,14.0,0.5,0.6,0.7,2.8,4.5,6.2,4.5,2.0,3.5,14.0,0.5,0.6,0.7,-62.8,-55.2,-47.7,-55.2,2.0,15.6,14.0,0.5,0.6,0.7,2.3,23.9,45.5,23.9,2.0,44.8,14.0,0.5,0.6,0.7,-1.23,0.0,1.23,0.0,2.0,2.55,14.0,0.5,0.6,0.7,-7.5,2.3,12.2,2.3,2.0,20.4,14.0,0.5,0.6,0.7,4.54,4.84,5.13,4.84,2.0,0.62,14.0,0.5,0.6,0.7,32.6,39.3,45.9,39.3,2.0,13.8,14.0,0.5,0.6,0.7,-173.6,-170.8,-168.0,-170.8,2.0,5.8,14.0,0.5,0.6,0.7,-3.7,54.5,112.8,54.5,2.0,120.7,14.0,0.5,0.6,0.7,-103.6,-101.6,-99.6,-101.6,2.0,4.2,14.0,0.5,0.6,0.7,-0.7,35.2,71.1,35.2,2.0,74.3,14.0,0.5,0.6,0.7,-36.2,-33.3,-30.4,-33.3,2.0,6.0,14.0,0.5,0.6,0.7,0.7,13.2,25.7,13.2,2.0,25.9,14.0,0.5,0.6,0.7,380.5,552.5,724.5,552.5,2.0,356.0,14.0,0.5,0.6,0.7,380.0,555.0,725.0,555.0,2.0,355.0,14.0,0.5,0.6,0.7
1974,2,250.0,-18.0,23.38,23.55,23.72,23.55,2.0,0.35,22.0,0.5,0.3,0.6,23.02,23.05,23.08,23.05,2.0,0.07,22.0,0.5,0.3,0.6,12.64,12.87,13.1,12.87,2.0,0.48,22.0,0.5,0.3,0.6,72.6,73.7,74.8,73.7,2.0,2.3,22.0,0.5,0.6,8.77,10.0,11.23,10.0,2.0,2.55,22.0,0.5,0.3,0.6,-10.77,-8.95,-7.13,-8.95,2.0,3.78,22.0,0.5,0.3,0.6,2.56,3.66,4.76,3.66,2.0,2.28,22.0,0.5,0.3,0.6,1015.52,1016.2,1016.88,1016.2,2.0,1.41,22.0,0.5,0.3,0.6,5.3,6.0,6.7,6.0,2.0,1.4,22.0,0.5,0.3,0.6,-123.5,-94.3,-65.1,-94.3,2.0,60.5,22.0,0.5,0.3,0.6,27.2,33.7,40.2,33.7,2.0,13.5,22.0,0.5,0.3,0.6,0.36,0.5,0.64,0.5,2.0,0.28,22.0,0.5,0.3,0.6,3.9,4.6,5.4,4.6,2.0,1.6,22.0,0.5,0.3,0.6,5.16,5.19,5.22,5.19,2.0,0.06,22.0,0.5,0.3,0.6,45.3,52.0,58.6,52.0,2.0,13.8,22.0,0.5,0.3,0.6,-247.9,-206.2,-164.5,-206.2,2.0,86.4,22.0,0.5,0.3,0.6,59.0,84.4,109.9,84.4,2.0,52.8,22.0,0.5,0.3,0.6,-135.6,-114.3,-92.9,-114.3,2.0,44.3,22.0,0.5,0.3,0.6,32.6,47.6,62.6,47.6,2.0,31.1,22.0,0.5,0.3,0.6,-56.3,-46.5,-36.8,-46.5,2.0,20.2,22.0,0.5,0.3,0.6,13.3,18.9,24.5,18.9,2.0,11.6,22.0,0.5,0.3,0.6,724.5,1097.0,1470.0,1097.0,2.0,772.0,22.0,0.5,0.3,0.6,725.0,1095.0,1470.0,1095.0,2.0,770.0,22.0,0.5,0.3,0.6
1974,2,250.0,-17.0,,,,,,,,,,,,,,,,,,,,,,,,,,,,,,,,,,,,,,,,11.0,11.0,11.0,11.0,1.0,0.0,24.0,1.0,0.2,0.8,-11.0,-11.0,-11.0,-11.0,1.0,0.0,24.0,1.0,0.2,0.8,0.0,0.0,0.0,0.0,1.0,0.0,24.0,1.0,0.2,0.8,1017.4,1017.4,1017.4,1017.4,1.0,0.0,24.0,1.0,0.2,0.8,,,,,,,,,,,,,,,,,,,,,,,,,,,,,,,,,,,,,,,,,,,,,,,,,,,,,,,,,,,,,,,,,,,,,,,,,,,,,,,,,,,,,,,,,,,,,,,,,,,,,,,,,,,,,,,,,,,,,,,,,,,,,,,,,,,,,,,,,,,,,,,,,,,,,,
1974,2,250.0,-16.0,23.08,23.25,23.42,23.25,2.0,0.35,8.0,0.0,0.4,0.9,22.41,22.85,23.29,22.85,2.0,0.92,8.0,0.0,0.4,0.9,12.09,12.79,13.49,12.79,2.0,1.45,8.0,0.0,0.4,0.9,68.4,74.4,80.3,74.4,2.0,12.4,8.0,0.0,0.9,6.69,7.75,8.81,7.75,2.0,2.19,8.0,0.0,0.4,0.9,-8.11,-6.74,-5.38,-6.74,2.0,2.82,8.0,0.0,0.4,0.9,3.31,3.58,3.86,3.58,2.0,0.57,8.0,0.0,0.4,0.9,1014.32,1015.0,1015.68,1015.0,2.0,1.41,8.0,0.0,0.4,0.9,2.1,4.5,6.9,4.5,2.0,4.9,8.0,0.0,0.4,0.9,-73.0,-55.4,-37.7,-55.4,2.0,36.6,8.0,0.0,0.4,0.9,25.5,27.1,28.8,27.1,2.0,3.4,8.0,0.0,0.4,0.9,-0.21,0.4,1.01,0.4,2.0,1.27,8.0,0.0,0.4,0.9,-2.6,1.7,6.0,1.7,2.0,9.0,8.0,0.0,0.4,0.9,4.45,4.95,5.46,4.95,2.0,1.04,8.0,0.0,0.4,0.9,30.4,39.5,48.7,39.5,2.0,18.9,8.0,0.0,0.4,0.9,-189.5,-155.4,-121.3,-155.4,2.0,70.7,8.0,0.0,0.4,0.9,76.9,81.6,86.3,81.6,2.0,9.7,8.0,0.0,0.4,0.9,-96.9,-84.2,-71.5,-84.2,2.0,26.3,8.0,0.0,0.4,0.9,40.2,46.3,52.3,46.3,2.0,12.5,8.0,0.0,0.4,0.9,-45.0,-34.9,-24.7,-34.9,2.0,21.0,8.0,0.0,0.4,0.9,17.0,17.5,17.9,17.5,2.0,0.9,8.0,0.0,0.4,0.9,328.0,521.5,714.5,521.5,2.0,400.0,8.0,0.0,0.4,0.9,330.0,520.0,715.0,520.0,2.0,400.0,8.0,0.0,0.4,0.9
1974,2,250.0,-15.0,22.95,23.6,25.22,23.94,5.0,1.41,12.0,0.6,0.8,0.5,23.32,23.8,24.3,23.84,5.0,0.74,12.0,0.6,0.8,0.5,12.96,13.97,15.12,14.14,5.0,1.46,12.0,0.6,0.8,0.5,70.4,79.7,81.5,76.9,5.0,6.2,12.0,0.6,0.5,6.52,7.2,9.6,8.14,5.0,2.72,12.0,0.6,0.8,0.5,-9.31,-6.6,-5.92,-7.6,5.0,2.66,12.0,0.6,0.8,0.5,-0.42,3.1,3.9,1.99,5.0,2.43,12.0,0.6,0.8,0.5,1013.04,1015.5,1015.87,1014.56,5.0,2.06,12.0,0.6,0.8,0.5,5.2,7.0,7.0,6.0,5.0,2.2,12.0,0.6,0.8,0.5,-94.7,-44.9,-40.2,-67.6,5.0,50.5,12.0,0.6,0.8,0.5,-2.8,19.2,37.2,18.9,5.0,25.3,12.0,0.6,0.8,0.5,-1.18,-0.2,1.57,0.1,5.0,1.45,12.0,0.6,0.8,0.5,-8.2,-1.5,13.9,2.5,5.0,13.1,12.0,0.6,0.8,0.5,2.1,5.27,6.17,4.42,5.0,2.44,12.0,0.6,0.8,0.5,14.8,33.5,61.1,39.7,5.0,34.2,12.0,0.6,0.8,0.5,-222.1,-165.0,-137.1,-181.5,5.0,64.2,12.0,0.6,0.8,0.5,-10.6,72.9,91.1,46.4,5.0,57.8,12.0,0.6,0.8,0.5,-126.6,-99.5,-83.4,-106.0,5.0,31.1,12.0,0.6,0.8,0.5,-7.0,44.4,52.8,26.5,5.0,34.0,12.0,0.6,0.8,0.5,-59.0,-29.0,-13.3,-37.1,5.0,32.4,12.0,0.6,0.8,0.5,-0.6,8.8,22.7,11.4,5.0,14.2,12.0,0.6,0.8,0.5,278.0,373.0,1074.0,703.0,5.0,811.0,12.0,0.6,0.8,0.5,280.0,375.0,1075.0,705.0,5.0,810.0,12.0,0.6,0.8,0.5
1974,2,250.0,-14.0,25.6,25.6,25.6,25.6,1.0,0.0,28.0,0.0,0.3,1.0,23.8,23.8,23.8,23.8,1.0,0.0,28.0,0.0,0.3,1.0,16.33,16.33,16.33,16.33,1.0,0.0,28.0,0.0,0.3,1.0,89.1,89.1,89.1,89.1,1.0,0.0,28.0,0.0,1.0,6.2,6.2,6.2,6.2,1.0,0.0,28.0,0.0,0.3,1.0,-6.2,-6.2,-6.2,-6.2,1.0,0.0,28.0,0.0,0.3,1.0,0.0,0.0,0.0,0.0,1.0,0.0,28.0,0.0,0.3,1.0,1015.0,1015.0,1015.0,1015.0,1.0,0.0,28.0,0.0,0.3,1.0,1.0,1.0,1.0,1.0,1.0,0.0,28.0,0.0,0.3,1.0,-38.4,-38.4,-38.4,-38.4,1.0,0.0,28.0,0.0,0.3,1.0,0.0,0.0,0.0,0.0,1.0,0.0,28.0,0.0,0.3,1.0,1.8,1.8,1.8,1.8,1.0,0.0,28.0,0.0,0.3,1.0,11.2,11.2,11.2,11.2,1.0,0.0,28.0,0.0,0.3,1.0,4.13,4.13,4.13,4.13,1.0,0.0,28.0,0.0,0.3,1.0,25.6,25.6,25.6,25.6,1.0,0.0,28.0,0.0,0.3,1.0,-147.6,-147.6,-147.6,-147.6,1.0,0.0,28.0,0.0,0.3,1.0,0.0,0.0,0.0,0.0,1.0,0.0,28.0,0.0,0.3,1.0,-101.3,-101.3,-101.3,-101.3,1.0,0.0,28.0,0.0,0.3,1.0,0.0,0.0,0.0,0.0,1.0,0.0,28.0,0.0,0.3,1.0,-25.6,-25.6,-25.6,-25.6,1.0,0.0,28.0,0.0,0.3,1.0,0.0,0.0,0.0,0.0,1.0,0.0,28.0,0.0,0.3,1.0,238.5,238.5,238.5,238.5,1.0,0.0,28.0,0.0,0.3,1.0,240.0,240.0,240.0,240.0,1.0,0.0,28.0,0.0,0.3,1.0
1974,2,250.0,-9.0,25.0,25.05,25.15,25.08,4.0,0.1,20.0,0.3,0.6,0.7,24.0,24.15,24.46,24.23,4.0,0.29,20.0,0.3,0.6,0.7,14.11,14.58,14.62,14.37,4.0,0.46,20.0,0.3,0.6,0.7,74.1,77.9,78.3,76.3,4.0,3.5,20.0,0.3,0.7,8.0,8.5,9.0,8.5,4.0,0.58,20.0,0.3,0.6,0.7,-8.46,-7.69,-6.93,-7.69,4.0,0.88,20.0,0.3,0.6,0.7,3.08,3.54,4.0,3.54,4.0,0.53,20.0,0.3,0.6,0.7,1010.24,1010.85,1011.82,1011.03,4.0,0.99,20.0,0.3,0.6,0.7,2.5,3.0,3.5,3.0,4.0,0.8,20.0,0.3,0.6,0.7,-76.1,-65.8,-55.4,-65.8,4.0,11.9,20.0,0.3,0.6,0.7,27.7,29.9,32.0,29.9,4.0,2.5,20.0,0.3,0.6,0.7,0.69,0.95,1.0,0.85,4.0,0.24,20.0,0.3,0.6,0.7,5.9,8.1,8.6,7.3,4.0,2.2,20.0,0.3,0.6,0.7,5.25,5.32,5.84,5.53,4.0,0.48,20.0,0.3,0.6,0.7,44.5,47.8,49.3,46.9,4.0,3.5,20.0,0.3,0.6,0.7,-204.3,-186.7,-168.3,-186.3,4.0,20.8,20.0,0.3,0.6,0.7,74.3,85.4,97.3,85.8,4.0,13.2,20.0,0.3,0.6,0.7,-123.6,-112.2,-97.8,-110.8,4.0,15.1,20.0,0.3,0.6,0.7,45.0,49.9,56.6,50.8,4.0,6.8,20.0,0.3,0.6,0.7,-45.0,-43.8,-39.6,-42.4,4.0,4.1,20.0,0.3,0.6,0.7,16.4,18.8,23.1,19.7,4.0,4.2,20.0,0.3,0.6,0.7,512.0,620.5,729.0,620.5,4.0,125.5,20.0,0.3,0.6,0.7,510.0,620.0,730.0,620.0,4.0,125.0,20.0,0.3,0.6,0.7
1974,2,250.0,-8.0,25.0,25.0,25.0,25.0,2.0,0.0,26.0,1.0,0.6,0.9,25.96,26.3,26.64,26.3,2.0,0.71,26.0,1.0,0.6,0.9,17.25,17.85,18.45,17.85,2.0,1.24,26.0,1.0,0.6,0.9,82.5,83.6,84.7,83.6,2.0,2.2,26.0,1.0,0.9,6.78,6.95,7.12,6.95,2.0,0.35,26.0,1.0,0.6,0.9,-5.05,-4.88,-4.71,-4.88,2.0,0.36,26.0,1.0,0.6,0.9,4.5,4.91,5.32,4.91,2.0,0.85,26.0,1.0,0.6,0.9,1012.84,1013.15,1013.46,1013.15,2.0,0.64,26.0,1.0,0.6,0.9,3.5,4.5,5.5,4.5,2.0,2.1,26.0,1.0,0.6,0.9,-34.2,-33.9,-33.5,-33.9,2.0,0.8,26.0,1.0,0.6,0.9,30.6,34.3,38.0,34.3,2.0,7.7,26.0,1.0,0.6,0.9,-1.64,-1.3,-0.96,-1.3,2.0,0.71,26.0,1.0,0.6,0.9,-11.1,-8.9,-6.8,-8.9,2.0,4.5,26.0,1.0,0.6,0.9,1.33,1.92,2.52,1.92,2.0,1.23,26.0,1.0,0.6,0.9,9.1,13.6,18.0,13.6,2.0,9.2,26.0,1.0,0.6,0.9,-134.7,-128.5,-122.3,-128.5,2.0,12.8,26.0,1.0,0.6,0.9,119.7,128.9,138.0,128.9,2.0,19.0,26.0,1.0,0.6,0.9,-93.3,-87.3,-81.3,-87.3,2.0,12.4,26.0,1.0,0.6,0.9,82.7,87.1,91.6,87.1,2.0,9.1,26.0,1.0,0.6,0.9,-11.7,-9.2,-6.6,-9.2,2.0,5.3,26.0,1.0,0.6,0.9,6.2,10.0,13.7,10.0,2.0,7.7,26.0,1.0,0.6,0.9,312.5,337.0,361.5,337.0,2.0,51.5,26.0,1.0,0.6,0.9,310.0,335.0,360.0,335.0,2.0,50.0,26.0,1.0,0.6,0.9
1974,2,250.0,-7.0,23.9,23.9,23.9,23.9,1.0,0.0,28.0,0.0,0.1,0.3,25.0,25.0,25.0,25.0,1.0,0.0,28.0,0.0,0.1,0.3,18.98,18.98,18.98,18.98,1.0,0.0,28.0,0.0,0.1,0.3,95.9,95.9,95.9,95.9,1.0,0.0,28.0,0.0,0.3,3.1,3.1,3.1,3.1,1.0,0.0,28.0,0.0,0.1,0.3,-3.05,-3.05,-3.05,-3.05,1.0,0.0,28.0,0.0,0.1,0.3,0.54,0.54,0.54,0.54,1.0,0.0,28.0,0.0,0.1,0.3,1011.7,1011.7,1011.7,1011.7,1.0,0.0,28.0,0.0,0.1,0.3,8.0,8.0,8.0,8.0,1.0,0.0,28.0,0.0,0.1,0.3,-9.5,-9.5,-9.5,-9.5,1.0,0.0,28.0,0.0,0.1,0.3,1.7,1.7,1.7,1.7,1.0,0.0,28.0,0.0,0.1,0.3,-1.1,-1.1,-1.1,-1.1,1.0,0.0,28.0,0.0,0.1,0.3,-3.4,-3.4,-3.4,-3.4,1.0,0.0,28.0,0.0,0.1,0.3,-0.46,-0.46,-0.46,-0.46,1.0,0.0,28.0,0.0,0.1,0.3,-1.4,-1.4,-1.4,-1.4,1.0,0.0,28.0,0.0,0.1,0.3,-76.3,-76.3,-76.3,-76.3,1.0,0.0,28.0,0.0,0.1,0.3,13.5,13.5,13.5,13.5,1.0,0.0,28.0,0.0,0.1,0.3,-57.9,-57.9,-57.9,-57.9,1.0,0.0,28.0,0.0,0.1,0.3,10.2,10.2,10.2,10.2,1.0,0.0,28.0,0.0,0.1,0.3,1.4,1.4,1.4,1.4,1.0,0.0,28.0,0.0,0.1,0.3,-0.2,-0.2,-0.2,-0.2,1.0,0.0,28.0,0.0,0.1,0.3,30.0,30.0,30.0,30.0,1.0,0.0,28.0,0.0,0.1,0.3,30.0,30.0,30.0,30.0,1.0,0.0,28.0,0.0,0.1,0.3
1974,2,250.0,-5.0,25.05,25.15,25.25,25.15,2.0,0.21,26.0,0.5,0.5,0.9,25.08,25.25,25.42,25.25,2.0,0.35,26.0,0.5,0.5,0.9,16.64,16.89,17.15,16.89,2.0,0.53,26.0,0.5,0.5,0.9,82.0,84.0,86.1,84.0,2.0,4.3,26.0,0.5,0.9,6.02,6.7,7.38,6.7,2.0,1.41,26.0,0.5,0.5,0.9,-5.41,-4.37,-3.33,-4.37,2.0,2.16,26.0,0.5,0.5,0.9,4.94,4.94,4.95,4.94,2.0,0.01,26.0,0.5,0.5,0.9,1008.82,1009.3,1009.78,1009.3,2.0,0.99,26.0,0.5,0.5,0.9,1.3,4.0,6.7,4.0,2.0,5.7,26.0,0.5,0.5,0.9,-40.8,-30.8,-20.9,-30.8,2.0,20.6,26.0,0.5,0.5,0.9,29.7,33.1,36.5,33.1,2.0,7.1,26.0,0.5,0.5,0.9,-0.37,-0.1,0.17,-0.1,2.0,0.57,26.0,0.5,0.5,0.9,-3.0,-1.1,0.8,-1.1,2.0,3.9,26.0,0.5,0.5,0.9,3.02,3.14,3.26,3.14,2.0,0.25,26.0,0.5,0.5,0.9,18.2,21.2,24.2,21.2,2.0,6.1,26.0,0.5,0.5,0.9,-137.8,-110.8,-83.8,-110.8,2.0,56.0,26.0,0.5,0.5,0.9,123.9,124.8,125.8,124.8,2.0,2.0,26.0,0.5,0.5,0.9,-89.8,-73.3,-56.9,-73.3,2.0,34.1,26.0,0.5,0.5,0.9,82.3,83.5,84.7,83.5,2.0,2.5,26.0,0.5,0.5,0.9,-17.8,-14.0,-10.2,-14.0,2.0,7.9,26.0,0.5,0.5,0.9,14.9,15.5,16.1,15.5,2.0,1.3,26.0,0.5,0.5,0.9,228.5,321.0,413.5,321.0,2.0,192.0,26.0,0.5,0.5,0.9,230.0,320.0,415.0,320.0,2.0,190.0,26.0,0.5,0.5,0.9
1974,2,250.0,-4.0,24.02,24.05,24.08,24.05,2.0,0.07,4.0,0.5,0.6,0.9,23.6,23.8,24.62,24.1,3.0,0.79,2.0,0.7,0.7,0.9,15.2,15.8,16.37,15.79,3.0,0.86,2.0,0.7,0.7,0.9,78.9,85.9,90.0,84.5,3.0,8.2,2.0,0.7,0.9,4.26,4.6,5.69,4.97,3.0,1.1,2.0,0.7,0.7,0.9,-3.77,-2.12,-1.63,-2.68,3.0,1.64,2.0,0.7,0.7,0.9,1.77,3.85,5.2,3.49,3.0,2.53,2.0,0.7,0.7,0.9,1009.56,1011.2,1011.81,1010.7,3.0,1.71,2.0,0.7,0.7,0.9,2.9,7.0,7.7,5.3,3.0,3.8,2.0,0.7,0.7,0.9,-18.4,-13.1,-8.1,-13.2,3.0,7.5,2.0,0.7,0.7,0.9,7.5,15.8,29.7,18.5,3.0,16.4,2.0,0.7,0.7,0.9,0.26,0.4,0.54,0.4,2.0,0.28,4.0,0.5,0.6,0.9,1.2,1.7,2.2,1.7,2.0,1.1,4.0,0.5,0.6,0.9,2.27,2.51,2.74,2.51,2.0,0.48,4.0,0.5,0.6,0.9,9.6,11.0,12.4,11.0,2.0,3.0,4.0,0.5,0.6,0.9,-90.4,-53.0,-39.3,-64.6,3.0,38.8,2.0,0.7,0.7,0.9,41.7,90.5,128.2,85.1,3.0,63.5,2.0,0.7,0.7,0.9,-58.9,-31.6,-26.0,-42.2,3.0,25.8,2.0,0.7,0.7,0.9,29.0,64.1,79.7,54.6,3.0,38.1,2.0,0.7,0.7,0.9,-11.3,-8.0,-4.6,-8.0,2.0,7.0,4.0,0.5,0.6,0.9,3.2,5.3,7.4,5.3,2.0,4.3,4.0,0.5,0.6,0.9,78.0,97.5,193.5,135.0,3.0,90.5,2.0,0.7,0.7,0.9,80.0,95.0,195.0,135.0,3.0,90.0,2.0,0.7,0.7,0.9
1974,2,250.0,-3.0,25.5,25.5,25.5,25.5,1.0,0.0,26.0,0.0,0.9,0.3,24.3,24.3,24.3,24.3,1.0,0.0,26.0,0.0,0.9,0.3,18.64,18.64,18.64,18.64,1.0,0.0,26.0,0.0,0.9,0.3,98.2,98.2,98.2,98.2,1.0,0.0,26.0,0.0,0.3,6.2,6.2,6.2,6.2,1.0,0.0,26.0,0.0,0.9,0.3,2.12,2.12,2.12,2.12,1.0,0.0,26.0,0.0,0.9,0.3,5.83,5.83,5.83,5.83,1.0,0.0,26.0,0.0,0.9,0.3,1011.6,1011.6,1011.6,1011.6,1.0,0.0,26.0,0.0,0.9,0.3,5.0,5.0,5.0,5.0,1.0,0.0,26.0,0.0,0.9,0.3,13.1,13.1,13.1,13.1,1.0,0.0,26.0,0.0,0.9,0.3,36.1,36.1,36.1,36.1,1.0,0.0,26.0,0.0,0.9,0.3,1.2,1.2,1.2,1.2,1.0,0.0,26.0,0.0,0.9,0.3,7.4,7.4,7.4,7.4,1.0,0.0,26.0,0.0,0.9,0.3,1.77,1.77,1.77,1.77,1.0,0.0,26.0,0.0,0.9,0.3,11.0,11.0,11.0,11.0,1.0,0.0,26.0,0.0,0.9,0.3,51.5,51.5,51.5,51.5,1.0,0.0,26.0,0.0,0.9,0.3,141.6,141.6,141.6,141.6,1.0,0.0,26.0,0.0,0.9,0.3,39.5,39.5,39.5,39.5,1.0,0.0,26.0,0.0,0.9,0.3,108.6,108.6,108.6,108.6,1.0,0.0,26.0,0.0,0.9,0.3,3.8,3.8,3.8,3.8,1.0,0.0,26.0,0.0,0.9,0.3,10.3,10.3,10.3,10.3,1.0,0.0,26.0,0.0,0.9,0.3,238.5,238.5,238.5,238.5,1.0,0.0,26.0,0.0,0.9,0.3,240.0,240.0,240.0,240.0,1.0,0.0,26.0,0.0,0.9,0.3
1974,2,250.0,-2.0,27.8,27.8,27.8,27.8,1.0,0.0,16.0,0.0,0.7,0.2,23.5,23.5,23.5,23.5,1.0,0.0,16.0,0.0,0.7,0.2,16.81,16.81,16.81,16.81,1.0,0.0,16.0,0.0,0.7,0.2,93.0,93.0,93.0,93.0,1.0,0.0,16.0,0.0,0.2,4.6,4.6,4.6,4.6,1.0,0.0,16.0,0.0,0.7,0.2,-2.3,-2.3,-2.3,-2.3,1.0,0.0,16.0,0.0,0.7,0.2,3.98,3.98,3.98,3.98,1.0,0.0,16.0,0.0,0.7,0.2,1010.6,1010.6,1010.6,1010.6,1.0,0.0,16.0,0.0,0.7,0.2,8.0,8.0,8.0,8.0,1.0,0.0,16.0,0.0,0.7,0.2,-10.6,-10.6,-10.6,-10.6,1.0,0.0,16.0,0.0,0.7,0.2,18.3,18.3,18.3,18.3,1.0,0.0,16.0,0.0,0.7,0.2,4.3,4.3,4.3,4.3,1.0,0.0,16.0,0.0,0.7,0.2,19.8,19.8,19.8,19.8,1.0,0.0,16.0,0.0,0.7,0.2,6.63,6.63,6.63,6.63,1.0,0.0,16.0,0.0,0.7,0.2,30.5,30.5,30.5,30.5,1.0,0.0,16.0,0.0,0.7,0.2,-54.0,-54.0,-54.0,-54.0,1.0,0.0,16.0,0.0,0.7,0.2,93.6,93.6,93.6,93.6,1.0,0.0,16.0,0.0,0.7,0.2,-38.7,-38.7,-38.7,-38.7,1.0,0.0,16.0,0.0,0.7,0.2,67.0,67.0,67.0,67.0,1.0,0.0,16.0,0.0,0.7,0.2,-15.2,-15.2,-15.2,-15.2,1.0,0.0,16.0,0.0,0.7,0.2,26.4,26.4,26.4,26.4,1.0,0.0,16.0,0.0,0.7,0.2,97.5,97.5,97.5,97.5,1.0,0.0,16.0,0.0,0.7,0.2,95.0,95.0,95.0,95.0,1.0,0.0,16.0,0.0,0.7,0.2
1974,2,250.0,-1.0,24.16,24.5,24.84,24.5,2.0,0.71,16.0,1.0,0.9,0.2,24.79,25.2,25.61,25.2,2.0,0.85,16.0,1.0,0.9,0.2,16.87,16.9,16.92,16.9,2.0,0.05,16.0,1.0,0.9,0.2,82.8,84.5,86.2,84.5,2.0,3.5,16.0,1.0,0.2,4.93,5.65,6.37,5.65,2.0,1.48,16.0,1.0,0.9,0.2,-4.88,-2.9,-0.92,-2.9,2.0,4.1,16.0,1.0,0.9,0.2,3.55,3.98,4.4,3.98,2.0,0.88,16.0,1.0,0.9,0.2,1009.02,1011.85,1014.68,1011.85,2.0,5.87,16.0,1.0,0.9,0.2,3.3,4.0,4.7,4.0,2.0,1.4,16.0,1.0,0.9,0.2,-32.7,-19.4,-6.2,-19.4,2.0,27.5,16.0,1.0,0.9,0.2,21.4,21.8,22.2,21.8,2.0,0.9,16.0,1.0,0.9,0.2,-1.45,-0.7,0.05,-0.7,2.0,1.56,16.0,1.0,0.9,0.2,-9.9,-5.1,-0.4,-5.1,2.0,9.8,16.0,1.0,0.9,0.2,1.85,2.32,2.8,2.32,2.0,0.98,16.0,1.0,0.9,0.2,11.4,12.4,13.4,12.4,2.0,2.1,16.0,1.0,0.9,0.2,-125.9,-74.9,-23.8,-74.9,2.0,105.9,16.0,1.0,0.9,0.2,90.7,99.8,108.9,99.8,2.0,18.9,16.0,1.0,0.9,0.2,-82.6,-49.1,-15.6,-49.1,2.0,69.5,16.0,1.0,0.9,0.2,60.0,67.1,74.3,67.1,2.0,14.7,16.0,1.0,0.9,0.2,-7.9,-4.7,-1.5,-4.7,2.0,6.7,16.0,1.0,0.9,0.2,6.8,9.7,12.5,9.7,2.0,6.0,16.0,1.0,0.9,0.2,129.5,199.0,268.5,199.0,2.0,144.0,16.0,1.0,0.9,0.2,130.0,200.0,270.0,200.0,2.0,145.0,16.0,1.0,0.9,0.2
1974,2,250.0,0.0,24.0,24.0,24.0,24.0,1.0,0.0,8.0,0.0,0.8,0.3,23.8,23.8,23.8,23.8,1.0,0.0,8.0,0.0,0.8,0.3,15.32,15.32,15.32,15.32,1.0,0.0,8.0,0.0,0.8,0.3,83.3,83.3,83.3,83.3,1.0,0.0,8.0,0.0,0.3,2.6,2.6,2.6,2.6,1.0,0.0,8.0,0.0,0.8,0.3,0.0,0.0,0.0,0.0,1.0,0.0,8.0,0.0,0.8,0.3,2.6,2.6,2.6,2.6,1.0,0.0,8.0,0.0,0.8,0.3,1011.0,1011.0,1011.0,1011.0,1.0,0.0,8.0,0.0,0.8,0.3,2.0,2.0,2.0,2.0,1.0,0.0,8.0,0.0,0.8,0.3,0.0,0.0,0.0,0.0,1.0,0.0,8.0,0.0,0.8,0.3,6.8,6.8,6.8,6.8,1.0,0.0,8.0,0.0,0.8,0.3,0.2,0.2,0.2,0.2,1.0,0.0,8.0,0.0,0.8,0.3,0.5,0.5,0.5,0.5,1.0,0.0,8.0,0.0,0.8,0.3,3.33,3.33,3.33,3.33,1.0,0.0,8.0,0.0,0.8,0.3,8.7,8.7,8.7,8.7,1.0,0.0,8.0,0.0,0.8,0.3,0.0,0.0,0.0,0.0,1.0,0.0,8.0,0.0,0.8,0.3,61.9,61.9,61.9,61.9,1.0,0.0,8.0,0.0,0.8,0.3,0.0,0.0,0.0,0.0,1.0,0.0,8.0,0.0,0.8,0.3,39.8,39.8,39.8,39.8,1.0,0.0,8.0,0.0,0.8,0.3,0.0,0.0,0.0,0.0,1.0,0.0,8.0,0.0,0.8,0.3,8.7,8.7,8.7,8.7,1.0,0.0,8.0,0.0,0.8,0.3,17.5,17.5,17.5,17.5,1.0,0.0,8.0,0.0,0.8,0.3,20.0,20.0,20.0,20.0,1.0,0.0,8.0,0.0,0.8,0.3
1974,2,250.0,2.0,,,,,,,,,,,,,,,,,,,,,,,,,,,,,,,,,,,,,,,,1.5,1.5,1.5,1.5,1.0,0.0,24.0,1.0,0.4,0.3,-0.26,-0.26,-0.26,-0.26,1.0,0.0,24.0,1.0,0.4,0.3,-1.48,-1.48,-1.48,-1.48,1.0,0.0,24.0,1.0,0.4,0.3,1017.1,1017.1,1017.1,1017.1,1.0,0.0,24.0,1.0,0.4,0.3,,,,,,,,,,,,,,,,,,,,,,,,,,,,,,,,,,,,,,,,,,,,,,,,,,,,,,,,,,,,,,,,,,,,,,,,,,,,,,,,,,,,,,,,,,,,,,,,,,,,,,,,,,,,,,,,,,,,,,,,,,,,,,,,,,,,,,,,,,,,,,,,,,,,,,
1974,2,250.0,7.0,26.29,26.7,27.59,26.93,3.0,0.97,14.0,0.3,0.4,0.6,24.32,25.0,26.23,25.27,3.0,1.42,14.0,0.3,0.4,0.6,15.28,17.59,18.28,16.8,3.0,2.3,14.0,0.3,0.4,0.6,77.5,79.7,89.6,83.4,3.0,9.5,14.0,0.3,0.6,5.1,5.1,7.56,6.3,3.0,2.08,14.0,0.3,0.4,0.6,-7.34,-4.42,-0.21,-3.79,3.0,5.25,14.0,0.3,0.4,0.6,-1.74,0.0,3.27,0.75,3.0,3.73,14.0,0.3,0.4,0.6,1009.42,1011.6,1013.17,1011.3,3.0,2.76,14.0,0.3,0.4,0.6,2.3,3.0,5.7,4.0,3.0,2.6,14.0,0.3,0.4,0.6,-58.8,-22.5,-1.1,-29.8,3.0,42.8,14.0,0.3,0.4,0.6,-8.9,0.0,16.7,3.8,3.0,19.0,14.0,0.3,0.4,0.6,0.06,1.7,3.27,1.67,3.0,2.35,14.0,0.3,0.4,0.6,-1.4,8.7,16.7,7.7,3.0,13.3,14.0,0.3,0.4,0.6,3.4,3.64,7.63,5.47,3.0,3.49,14.0,0.3,0.4,0.6,21.5,31.6,43.1,32.3,3.0,15.8,14.0,0.3,0.4,0.6,-192.8,-106.0,-3.9,-98.5,3.0,138.5,14.0,0.3,0.4,0.6,-41.8,0.0,81.8,19.5,3.0,92.1,14.0,0.3,0.4,0.6,-124.4,-62.7,2.2,-61.1,3.0,92.7,14.0,0.3,0.4,0.6,-24.7,0.0,60.8,17.6,3.0,64.5,14.0,0.3,0.4,0.6,-38.7,-31.6,-6.1,-22.6,3.0,25.1,14.0,0.3,0.4,0.6,-16.5,0.0,10.8,-2.8,3.0,20.1,14.0,0.3,0.4,0.6,132.5,132.5,491.5,308.0,3.0,303.5,14.0,0.3,0.4,0.6,135.0,135.0,490.0,310.0,3.0,305.0,14.0,0.3,0.4,0.6
1974,2,250.0,9.0,27.2,27.2,27.2,27.2,1.0,0.0,6.0,1.0,0.4,0.9,27.2,27.2,27.2,27.2,1.0,0.0,6.0,1.0,0.4,0.9,17.41,17.41,17.41,17.41,1.0,0.0,6.0,1.0,0.4,0.9,77.4,77.4,77.4,77.4,1.0,0.0,6.0,1.0,0.9,5.1,5.1,5.1,5.1,1.0,0.0,6.0,1.0,0.4,0.9,-4.42,-4.42,-4.42,-4.42,1.0,0.0,6.0,1.0,0.4,0.9,-2.55,-2.55,-2.55,-2.55,1.0,0.0,6.0,1.0,0.4,0.9,1012.5,1012.5,1012.5,1012.5,1.0,0.0,6.0,1.0,0.4,0.9,2.0,2.0,2.0,2.0,1.0,0.0,6.0,1.0,0.4,0.9,-22.5,-22.5,-22.5,-22.5,1.0,0.0,6.0,1.0,0.4,0.9,-13.0,-13.0,-13.0,-13.0,1.0,0.0,6.0,1.0,0.4,0.9,0.0,0.0,0.0,0.0,1.0,0.0,6.0,1.0,0.4,0.9,0.0,0.0,0.0,0.0,1.0,0.0,6.0,1.0,0.4,0.9,5.16,5.16,5.16,5.16,1.0,0.0,6.0,1.0,0.4,0.9,26.3,26.3,26.3,26.3,1.0,0.0,6.0,1.0,0.4,0.9,-120.1,-120.1,-120.1,-120.1,1.0,0.0,6.0,1.0,0.4,0.9,-69.4,-69.4,-69.4,-69.4,1.0,0.0,6.0,1.0,0.4,0.9,-76.9,-76.9,-76.9,-76.9,1.0,0.0,6.0,1.0,0.4,0.9,-44.4,-44.4,-44.4,-44.4,1.0,0.0,6.0,1.0,0.4,0.9,-22.8,-22.8,-22.8,-22.8,1.0,0.0,6.0,1.0,0.4,0.9,-13.2,-13.2,-13.2,-13.2,1.0,0.0,6.0,1.0,0.4,0.9,132.5,132.5,132.5,132.5,1.0,0.0,6.0,1.0,0.4,0.9,135.0,135.0,135.0,135.0,1.0,0.0,6.0,1.0,0.4,0.9
1974,2,250.0,10.0,26.7,26.7,26.7,26.7,1.0,0.0,18.0,1.0,0.2,0.8,26.4,26.4,26.4,26.4,1.0,0.0,18.0,1.0,0.2,0.8,15.14,15.14,15.14,15.14,1.0,0.0,18.0,1.0,0.2,0.8,70.5,70.5,70.5,70.5,1.0,0.0,18.0,1.0,0.8,4.6,4.6,4.6,4.6,1.0,0.0,18.0,1.0,0.2,0.8,-2.96,-2.96,-2.96,-2.96,1.0,0.0,18.0,1.0,0.2,0.8,-3.52,-3.52,-3.52,-3.52,1.0,0.0,18.0,1.0,0.2,0.8,1010.2,1010.2,1010.2,1010.2,1.0,0.0,18.0,1.0,0.2,0.8,4.0,4.0,4.0,4.0,1.0,0.0,18.0,1.0,0.2,0.8,-13.6,-13.6,-13.6,-13.6,1.0,0.0,18.0,1.0,0.2,0.8,-16.2,-16.2,-16.2,-16.2,1.0,0.0,18.0,1.0,0.2,0.8,0.3,0.3,0.3,0.3,1.0,0.0,18.0,1.0,0.2,0.8,1.4,1.4,1.4,1.4,1.0,0.0,18.0,1.0,0.2,0.8,6.82,6.82,6.82,6.82,1.0,0.0,18.0,1.0,0.2,0.8,31.4,31.4,31.4,31.4,1.0,0.0,18.0,1.0,0.2,0.8,-78.1,-78.1,-78.1,-78.1,1.0,0.0,18.0,1.0,0.2,0.8,-93.0,-93.0,-93.0,-93.0,1.0,0.0,18.0,1.0,0.2,0.8,-44.8,-44.8,-44.8,-44.8,1.0,0.0,18.0,1.0,0.2,0.8,-53.4,-53.4,-53.4,-53.4,1.0,0.0,18.0,1.0,0.2,0.8,-20.2,-20.2,-20.2,-20.2,1.0,0.0,18.0,1.0,0.2,0.8,-24.0,-24.0,-24.0,-24.0,1.0,0.0,18.0,1.0,0.2,0.8,97.5,97.5,97.5,97.5,1.0,0.0,18.0,1.0,0.2,0.8,95.0,95.0,95.0,95.0,1.0,0.0,18.0,1.0,0.2,0.8
1974,2,250.0,11.0,27.13,27.4,27.81,27.47,3.0,0.5,24.0,1.0,0.5,0.3,24.28,26.4,27.63,25.97,3.0,2.48,16.0,0.7,0.5,0.1,16.89,18.33,19.77,18.33,2.0,2.98,12.0,0.5,0.6,0.0,91.4,92.8,94.2,92.8,2.0,2.9,12.0,0.5,0.0,5.1,7.55,10.16,7.63,4.0,2.92,18.0,0.8,0.6,0.2,-9.0,-6.15,-3.02,-6.01,4.0,3.66,18.0,0.8,0.6,0.2,-5.75,-3.67,-1.21,-3.49,4.0,2.86,18.0,0.8,0.6,0.2,1009.59,1009.95,1010.2,1009.9,4.0,0.39,18.0,0.8,0.6,0.2,2.5,3.5,5.0,3.8,4.0,1.7,18.0,0.8,0.6,0.2,-91.1,-51.9,-15.4,-53.2,4.0,44.3,18.0,0.8,0.6,0.2,-47.4,-18.7,-6.2,-26.4,4.0,29.6,18.0,0.8,0.6,0.2,-0.85,-0.1,0.65,-0.1,2.0,1.56,24.0,1.0,0.3,0.2,-4.3,-0.5,3.3,-0.5,2.0,7.9,24.0,1.0,0.3,0.2,2.46,2.46,2.46,2.46,1.0,0.0,22.0,1.0,0.3,0.0,12.6,12.6,12.6,12.6,1.0,0.0,22.0,1.0,0.3,0.0,-165.0,-124.6,-71.0,-118.1,3.0,69.1,16.0,0.7,0.5,0.1,-145.5,-126.5,-89.2,-117.6,3.0,41.9,16.0,0.7,0.5,0.1,-113.3,-81.8,-50.3,-81.8,2.0,65.3,12.0,0.5,0.6,0.0,-105.9,-102.7,-99.4,-102.7,2.0,6.7,12.0,0.5,0.6,0.0,-4.3,-4.3,-4.3,-4.3,1.0,0.0,22.0,1.0,0.3,0.0,-11.8,-11.8,-11.8,-11.8,1.0,0.0,22.0,1.0,0.3,0.0,132.5,566.5,1048.5,589.5,4.0,529.0,18.0,0.8,0.6,0.2,135.0,565.0,1050.0,590.0,4.0,530.0,18.0,0.8,0.6,0.2
1974,2,250.0,12.0,27.05,27.8,27.94,27.5,3.0,0.7,14.0,0.7,0.7,0.6,25.98,27.0,27.55,26.77,3.0,1.17,14.0,0.7,0.7,0.6,14.28,17.47,18.29,16.31,3.0,3.1,14.0,0.7,0.7,0.6,62.7,78.8,87.8,75.3,3.0,18.6,14.0,0.7,0.6,4.61,5.7,8.16,6.37,3.0,2.66,14.0,0.7,0.7,0.6,-4.37,-3.14,-1.0,-2.69,3.0,2.5,14.0,0.7,0.7,0.6,-7.25,-2.85,-2.7,-4.93,3.0,3.79,14.0,0.7,0.7,0.6,1014.82,1015.3,1015.71,1015.27,3.0,0.65,14.0,0.7,0.7,0.6,0.0,0.0,2.0,1.0,3.0,1.7,14.0,0.7,0.7,0.6,-23.3,-12.9,-4.1,-13.7,3.0,14.1,14.0,0.7,0.7,0.6,-64.2,-16.2,-12.5,-37.8,3.0,42.2,14.0,0.7,0.7,0.6,-0.5,0.8,1.96,0.73,3.0,1.8,14.0,0.7,0.7,0.6,-1.6,4.6,17.3,7.8,3.0,14.2,14.0,0.7,0.7,0.6,5.22,5.86,8.05,6.62,3.0,2.17,14.0,0.7,0.7,0.6,34.6,37.2,43.0,38.8,3.0,6.3,14.0,0.7,0.7,0.6,-118.7,-87.3,-27.7,-73.5,3.0,67.7,14.0,0.7,0.7,0.6,-186.3,-76.9,-74.4,-129.1,3.0,93.6,14.0,0.7,0.7,0.6,-71.6,-40.2,-12.8,-42.1,3.0,43.2,14.0,0.7,0.7,0.6,-134.3,-49.8,-38.8,-85.7,3.0,76.6,14.0,0.7,0.7,0.6,-28.8,-28.5,-9.0,-19.1,3.0,16.6,14.0,0.7,0.7,0.6,-38.8,-23.9,-19.0,-28.8,3.0,15.1,14.0,0.7,0.7,0.6,106.0,185.0,608.0,353.0,3.0,395.5,14.0,0.7,0.7,0.6,105.0,185.0,610.0,355.0,3.0,395.0,14.0,0.7,0.7,0.6
1974,2,250.0,13.0,27.21,28.3,28.78,28.0,3.0,1.18,12.0,1.0,0.6,0.7,26.91,27.8,27.94,27.43,3.0,0.81,12.0,1.0,0.6,0.7,12.8,12.8,12.8,12.8,1.0,0.0,14.0,1.0,0.4,0.7,58.5,65.8,73.0,65.8,2.0,14.9,12.0,1.0,0.7,1.3,4.1,6.76,4.03,3.0,4.0,12.0,1.0,0.6,0.7,-3.01,-2.74,-0.87,-1.96,3.0,1.71,12.0,1.0,0.6,0.7,-5.97,-2.64,-0.84,-3.38,3.0,3.81,12.0,1.0,0.6,0.7,1014.79,1015.2,1015.61,1015.2,2.0,0.85,14.0,1.0,0.6,0.7,0.0,0.0,2.0,1.0,3.0,1.7,12.0,1.0,0.6,0.7,-19.0,-12.9,-4.1,-11.6,3.0,11.0,12.0,1.0,0.6,0.7,-44.5,-10.8,-3.4,-23.6,3.0,32.1,12.0,1.0,0.6,0.7,-0.43,1.0,1.55,0.57,3.0,1.5,12.0,1.0,0.6,0.7,-3.1,0.0,5.5,1.2,3.0,6.3,12.0,1.0,0.6,0.7,9.07,9.07,9.07,9.07,1.0,0.0,14.0,1.0,0.4,0.7,37.2,37.2,37.2,37.2,1.0,0.0,14.0,1.0,0.4,0.7,-83.9,-76.6,-24.3,-54.6,3.0,47.6,12.0,1.0,0.6,0.7,-166.9,-73.3,-23.3,-94.6,3.0,106.9,12.0,1.0,0.6,0.7,-40.2,-40.2,-40.2,-40.2,1.0,0.0,14.0,1.0,0.4,0.7,-33.7,-33.7,-33.7,-33.7,1.0,0.0,14.0,1.0,0.4,0.7,-28.5,-28.5,-28.5,-28.5,1.0,0.0,14.0,1.0,0.4,0.7,-23.9,-23.9,-23.9,-23.9,1.0,0.0,14.0,1.0,0.4,0.7,22.0,69.0,371.5,193.5,3.0,278.0,12.0,1.0,0.6,0.7,20.0,70.0,370.0,195.0,3.0,280.0,12.0,1.0,0.6,0.7
1974,2,250.0,14.0,26.0,27.0,28.07,27.27,7.0,1.25,16.0,0.4,0.5,0.4,23.91,25.25,26.7,25.23,8.0,1.5,14.0,0.4,0.5,0.5,13.84,14.95,16.55,14.96,6.0,1.58,18.0,0.5,0.5,0.4,67.2,76.4,79.0,73.3,6.0,8.7,18.0,0.5,0.4,3.16,4.1,6.97,4.69,8.0,1.86,14.0,0.4,0.5,0.5,-4.49,-2.83,0.93,-2.15,8.0,3.0,14.0,0.4,0.5,0.5,-4.83,-3.09,-2.02,-3.25,8.0,1.49,14.0,0.4,0.5,0.5,1012.32,1013.55,1015.36,1013.75,8.0,1.56,14.0,0.4,0.5,0.5,1.1,3.5,4.9,3.5,8.0,2.3,14.0,0.4,0.5,0.5,-31.5,-10.3,2.2,-13.4,8.0,18.8,14.0,0.4,0.5,0.5,-36.1,-12.7,-5.9,-17.4,8.0,14.2,14.0,0.4,0.5,0.5,0.9,2.8,3.0,2.01,7.0,1.5,16.0,0.4,0.5,0.4,3.7,8.7,19.4,9.5,7.0,9.0,16.0,0.4,0.5,0.4,6.34,7.26,9.19,8.01,6.0,2.75,18.0,0.5,0.5,0.4,26.1,28.7,38.8,32.7,6.0,11.3,18.0,0.5,0.5,0.4,-104.5,-69.0,24.8,-53.1,8.0,75.0,14.0,0.4,0.5,0.5,-123.9,-80.3,-49.0,-82.1,8.0,36.6,14.0,0.4,0.5,0.5,-60.3,-41.2,-23.7,-41.4,6.0,36.6,18.0,0.5,0.5,0.4,-64.8,-43.9,-25.9,-45.9,6.0,24.8,18.0,0.5,0.5,0.4,-30.4,-17.9,-7.1,-16.8,6.0,19.6,18.0,0.5,0.5,0.4,-31.0,-22.4,-13.8,-22.5,6.0,9.3,18.0,0.5,0.5,0.4,31.5,69.0,346.5,149.5,8.0,169.0,14.0,0.4,0.5,0.5,30.0,70.0,345.0,150.0,8.0,170.0,14.0,0.4,0.5,0.5
1974,2,250.0,15.0,26.08,26.6,28.14,27.0,6.0,1.1,22.0,0.5,0.5,0.4,24.13,24.75,26.06,25.27,6.0,1.94,22.0,0.5,0.5,0.4,12.04,14.65,16.92,14.53,6.0,2.51,22.0,0.5,0.5,0.4,63.2,69.3,84.1,72.4,6.0,10.6,22.0,0.5,0.4,3.39,5.1,7.7,5.3,6.0,2.09,22.0,0.5,0.5,0.4,-2.77,-2.54,1.78,-0.98,6.0,2.89,22.0,0.5,0.5,0.4,-7.24,-3.64,-2.78,-4.32,6.0,2.49,22.0,0.5,0.5,0.4,1012.38,1013.75,1014.66,1013.57,6.0,1.26,22.0,0.5,0.5,0.4,1.8,2.5,3.2,2.5,6.0,1.0,22.0,0.5,0.5,0.4,-20.3,-11.5,7.6,-6.5,6.0,16.1,22.0,0.5,0.5,0.4,-55.7,-18.3,-10.1,-27.1,6.0,23.0,22.0,0.5,0.5,0.4,0.33,2.45,3.21,1.73,6.0,2.54,22.0,0.5,0.5,0.4,0.3,9.6,24.7,10.7,6.0,16.8,22.0,0.5,0.5,0.4,4.21,7.86,11.23,7.79,6.0,3.4,22.0,0.5,0.5,0.4,15.5,35.5,86.4,46.0,6.0,34.3,22.0,0.5,0.5,0.4,-72.1,-61.8,43.7,-27.0,6.0,72.2,22.0,0.5,0.5,0.4,-177.0,-99.4,-65.6,-109.2,6.0,61.6,22.0,0.5,0.5,0.4,-42.1,-33.8,26.3,-15.8,6.0,39.4,22.0,0.5,0.5,0.4,-90.2,-62.3,-32.7,-60.3,6.0,31.1,22.0,0.5,0.5,0.4,-29.6,-14.3,11.9,-7.5,6.0,25.7,22.0,0.5,0.5,0.4,-81.2,-24.2,-12.2,-38.6,6.0,34.7,22.0,0.5,0.5,0.4,40.5,132.5,456.5,207.0,6.0,198.5,22.0,0.5,0.5,0.4,40.0,135.0,455.0,205.0,6.0,200.0,22.0,0.5,0.5,0.4
1974,2,250.0,16.0,26.0,27.0,28.05,27.13,6.0,1.14,12.0,0.2,0.7,0.5,22.97,23.6,24.67,24.06,7.0,1.88,12.0,0.3,0.6,0.4,12.91,13.92,16.33,14.85,6.0,2.76,12.0,0.3,0.7,0.5,75.1,78.7,83.6,78.8,6.0,5.2,12.0,0.3,0.5,3.98,5.7,7.22,5.37,7.0,2.07,12.0,0.3,0.6,0.4,-0.01,0.0,2.11,1.19,7.0,2.01,12.0,0.3,0.6,0.4,-7.12,-5.36,-1.93,-4.77,7.0,2.4,12.0,0.3,0.6,0.4,1011.57,1014.5,1015.0,1013.24,7.0,2.23,12.0,0.3,0.6,0.4,2.9,3.0,7.0,4.3,7.0,2.8,12.0,0.3,0.6,0.4,0.0,0.0,12.0,7.2,7.0,11.4,12.0,0.3,0.6,0.4,-51.4,-30.5,-10.7,-29.1,7.0,20.8,12.0,0.3,0.6,0.4,1.38,3.5,4.71,3.0,6.0,2.3,12.0,0.2,0.7,0.5,4.5,15.8,24.6,14.7,6.0,12.4,12.0,0.2,0.7,0.5,4.88,8.98,9.99,7.56,5.0,3.38,14.0,0.2,0.7,0.5,12.5,36.8,54.3,34.2,5.0,22.2,14.0,0.2,0.7,0.5,-0.3,0.0,48.4,26.8,7.0,45.0,12.0,0.3,0.6,0.4,-170.7,-123.2,-43.1,-114.4,7.0,56.5,12.0,0.3,0.6,0.4,-0.8,0.0,34.9,15.2,6.0,28.6,12.0,0.3,0.7,0.5,-86.2,-76.9,-24.7,-63.9,6.0,32.2,12.0,0.3,0.7,0.5,-0.9,0.0,31.6,14.2,5.0,24.8,14.0,0.2,0.7,0.5,-40.9,-20.5,-12.3,-25.7,5.0,16.3,14.0,0.2,0.7,0.5,66.0,185.0,377.0,208.0,7.0,159.0,12.0,0.3,0.6,0.4,65.0,185.0,375.0,210.0,7.0,160.0,12.0,0.3,0.6,0.4
1974,2,250.0,17.0,23.43,25.25,25.55,24.53,4.0,1.7,8.0,0.5,0.7,0.4,22.34,24.3,27.1,24.7,4.0,2.82,8.0,0.5,0.7,0.4,12.54,13.1,13.46,13.01,4.0,0.58,8.0,0.5,0.7,0.4,58.1,70.8,78.1,68.2,4.0,12.5,8.0,0.5,0.4,3.55,4.85,5.41,4.5,4.0,1.34,8.0,0.5,0.7,0.4,-1.39,-0.49,1.2,-0.11,4.0,1.76,8.0,0.5,0.7,0.4,-5.22,-4.39,-3.26,-4.25,4.0,1.28,8.0,0.5,0.7,0.4,1012.28,1013.95,1015.25,1013.78,4.0,1.73,8.0,0.5,0.7,0.4,3.0,4.5,5.0,4.0,4.0,1.4,8.0,0.5,0.7,0.4,-7.3,-2.8,5.5,-1.0,4.0,8.5,8.0,0.5,0.7,0.4,-28.4,-21.4,-12.3,-20.4,4.0,10.7,8.0,0.5,0.7,0.4,-1.78,-0.8,1.49,-0.17,4.0,2.45,8.0,0.5,0.7,0.4,-7.1,-2.9,7.5,0.0,4.0,11.9,8.0,0.5,0.7,0.4,4.55,6.88,7.92,6.26,4.0,2.3,8.0,0.5,0.7,0.4,16.7,27.7,38.3,27.5,4.0,12.4,8.0,0.5,0.7,0.4,-30.9,-11.1,33.7,0.9,4.0,45.2,8.0,0.5,0.7,0.4,-119.3,-109.0,-86.2,-103.0,4.0,24.9,8.0,0.5,0.7,0.4,-18.0,-6.6,14.8,-1.9,4.0,22.1,8.0,0.5,0.7,0.4,-68.6,-55.2,-41.7,-55.2,4.0,17.1,8.0,0.5,0.7,0.4,-8.4,-1.5,9.9,0.7,4.0,13.4,8.0,0.5,0.7,0.4,-34.6,-25.0,-16.6,-25.6,4.0,10.5,8.0,0.5,0.7,0.4,55.5,115.0,160.0,108.0,4.0,70.5,8.0,0.5,0.7,0.4,55.0,115.0,160.0,110.0,4.0,70.0,8.0,0.5,0.7,0.4
1974,2,250.0,18.0,23.1,23.3,26.51,24.77,3.0,2.8,16.0,0.7,0.5,0.3,21.21,22.5,23.52,22.38,4.0,1.49,12.0,0.5,0.4,0.3,11.82,12.31,13.23,12.52,3.0,1.05,16.0,0.7,0.5,0.3,70.0,77.3,77.9,74.0,3.0,6.5,16.0,0.7,0.3,2.34,3.1,4.12,3.23,4.0,1.11,12.0,0.5,0.4,0.3,-0.72,-0.31,0.19,-0.26,4.0,0.54,12.0,0.5,0.4,0.3,-4.06,-3.07,-2.32,-3.19,4.0,1.08,12.0,0.5,0.4,0.3,1012.52,1013.6,1015.0,1013.75,4.0,1.67,12.0,0.5,0.4,0.3,2.0,3.0,3.5,2.8,4.0,1.3,12.0,0.5,0.4,0.3,-3.0,-1.1,0.4,-1.3,4.0,2.0,12.0,0.5,0.4,0.3,-17.0,-9.8,-5.5,-11.2,4.0,7.4,12.0,0.5,0.4,0.3,0.21,2.8,4.3,2.27,3.0,3.04,16.0,0.7,0.5,0.3,0.9,10.5,12.1,6.6,3.0,8.9,16.0,0.7,0.5,0.3,5.51,6.26,8.82,7.14,3.0,2.54,16.0,0.7,0.5,0.3,19.3,21.0,26.3,22.8,3.0,5.4,16.0,0.7,0.5,0.3,-15.7,-7.5,4.4,-5.7,4.0,12.0,12.0,0.5,0.4,0.3,-89.2,-71.1,-52.2,-70.7,4.0,21.7,12.0,0.5,0.4,0.3,-8.8,-7.7,1.0,-4.0,3.0,7.8,16.0,0.7,0.5,0.3,-49.7,-43.6,-33.1,-41.5,3.0,12.3,16.0,0.7,0.5,0.3,-4.4,-3.2,1.5,-1.5,3.0,4.6,16.0,0.7,0.5,0.3,-25.9,-20.7,-19.0,-22.4,3.0,5.3,16.0,0.7,0.5,0.3,13.0,32.0,73.0,42.5,4.0,40.0,12.0,0.5,0.4,0.3,15.0,30.0,75.0,45.0,4.0,40.0,12.0,0.5,0.4,0.3
1974,2,250.0,19.0,21.0,22.8,24.46,22.58,10.0,1.69,16.0,0.5,0.6,0.4,20.54,21.4,23.0,21.74,10.0,1.37,16.0,0.5,0.6,0.4,11.44,12.08,13.17,12.35,9.0,0.85,14.0,0.4,0.6,0.5,69.4,80.3,86.1,78.2,9.0,8.0,14.0,0.4,0.5,2.87,6.7,8.07,5.6,9.0,2.44,14.0,0.4,0.6,0.5,-3.14,-0.45,0.0,-1.47,9.0,2.19,14.0,0.4,0.6,0.5,-7.57,-5.27,-2.83,-4.83,9.0,2.8,14.0,0.4,0.6,0.5,1014.21,1015.25,1015.96,1015.29,10.0,1.22,16.0,0.5,0.6,0.4,0.4,1.5,4.7,2.2,10.0,2.2,16.0,0.5,0.6,0.4,-18.2,-1.2,0.0,-9.3,9.0,17.4,14.0,0.4,0.6,0.5,-57.3,-38.9,-8.3,-32.4,9.0,25.1,14.0,0.4,0.6,0.5,-1.83,1.35,3.37,0.84,10.0,2.54,16.0,0.5,0.6,0.4,-7.6,8.2,19.9,5.4,9.0,15.1,14.0,0.4,0.6,0.5,2.66,4.38,6.83,4.73,9.0,2.18,14.0,0.4,0.6,0.5,14.4,17.3,33.9,23.8,9.0,12.4,14.0,0.4,0.6,0.5,-71.1,-9.5,0.0,-31.5,9.0,45.9,14.0,0.4,0.6,0.5,-159.8,-108.1,-59.8,-102.9,9.0,58.5,14.0,0.4,0.6,0.5,-38.3,-5.1,0.0,-18.6,9.0,28.3,14.0,0.4,0.6,0.5,-99.9,-68.7,-31.8,-60.1,9.0,37.0,14.0,0.4,0.6,0.5,-14.5,-2.7,0.0,-5.7,9.0,7.3,14.0,0.4,0.6,0.5,-33.8,-15.2,-13.0,-20.3,9.0,15.4,14.0,0.4,0.6,0.5,25.5,301.0,526.0,262.5,9.0,232.0,14.0,0.4,0.6,0.5,25.0,300.0,525.0,260.0,9.0,230.0,14.0,0.4,0.6,0.5
1974,2,250.0,20.0,20.65,22.0,22.41,21.72,11.0,0.97,16.0,0.5,0.5,0.5,19.6,20.25,21.7,20.53,12.0,1.24,14.0,0.5,0.5,0.5,10.06,11.22,12.15,11.09,11.0,1.17,16.0,0.5,0.5,0.5,67.1,75.1,78.6,73.8,11.0,6.2,16.0,0.5,0.5,2.97,4.35,6.58,4.81,12.0,2.39,14.0,0.5,0.5,0.5,0.0,1.07,2.13,0.76,12.0,1.68,14.0,0.5,0.5,0.5,-6.39,-4.26,-2.2,-4.46,12.0,2.41,14.0,0.5,0.5,0.5,1013.15,1015.6,1017.53,1015.28,12.0,1.97,14.0,0.5,0.5,0.5,0.0,0.5,2.3,1.2,12.0,1.4,14.0,0.5,0.5,0.5,0.0,3.1,8.3,1.8,12.0,13.4,14.0,0.5,0.5,0.5,-42.4,-19.0,-6.6,-26.7,12.0,27.8,14.0,0.5,0.5,0.5,0.0,1.2,2.14,1.14,11.0,1.07,16.0,0.5,0.5,0.5,0.0,4.7,9.2,5.0,11.0,5.5,16.0,0.5,0.5,0.5,3.56,5.38,6.17,5.07,11.0,1.14,16.0,0.5,0.5,0.5,14.5,20.1,39.8,26.0,11.0,14.5,16.0,0.5,0.5,0.5,0.0,22.1,43.1,16.0,12.0,34.3,14.0,0.5,0.5,0.5,-133.1,-91.1,-44.8,-91.4,12.0,48.3,14.0,0.5,0.5,0.5,0.0,10.9,24.7,7.9,11.0,17.4,16.0,0.5,0.5,0.5,-69.3,-51.6,-29.0,-50.8,11.0,21.6,16.0,0.5,0.5,0.5,0.0,4.9,11.4,3.4,11.0,9.3,16.0,0.5,0.5,0.5,-38.4,-20.1,-13.0,-24.5,11.0,14.0,16.0,0.5,0.5,0.5,26.5,83.0,294.0,199.0,12.0,309.5,14.0,0.5,0.5,0.5,25.0,85.0,295.0,200.0,12.0,310.0,14.0,0.5,0.5,0.5
1974,2,250.0,21.0,20.0,21.1,22.1,21.26,23.0,1.57,16.0,0.6,0.6,0.6,19.3,20.0,21.45,20.25,23.0,1.23,16.0,0.6,0.6,0.6,9.89,10.59,11.79,10.56,22.0,1.36,16.0,0.6,0.6,0.6,62.5,73.2,80.0,72.1,22.0,8.5,16.0,0.6,0.6,2.69,5.1,7.53,5.61,21.0,2.85,14.0,0.6,0.6,0.6,-2.2,0.45,2.1,0.25,21.0,2.72,14.0,0.6,0.6,0.6,-7.41,-4.79,-2.41,-5.06,21.0,2.62,14.0,0.6,0.6,0.6,1012.3,1015.0,1017.45,1015.13,23.0,2.44,16.0,0.6,0.6,0.6,0.0,1.0,3.5,1.5,23.0,2.1,16.0,0.6,0.6,0.6,-14.2,1.2,12.5,0.0,21.0,24.5,14.0,0.6,0.6,0.6,-55.9,-24.4,-6.8,-35.4,21.0,39.4,14.0,0.6,0.6,0.6,-0.8,1.0,2.15,1.01,23.0,1.92,16.0,0.6,0.6,0.6,-3.9,3.6,13.6,5.5,21.0,12.5,14.0,0.6,0.6,0.6,3.84,4.88,6.98,5.25,22.0,2.06,16.0,0.6,0.6,0.6,12.8,27.2,53.1,30.2,20.0,19.0,16.0,0.6,0.6,0.6,-44.7,9.0,42.9,5.7,21.0,54.8,14.0,0.6,0.6,0.6,-144.8,-95.8,-51.3,-102.9,21.0,52.1,14.0,0.6,0.6,0.6,-27.4,2.7,23.2,2.4,20.0,29.0,16.0,0.6,0.6,0.6,-79.6,-51.2,-30.7,-55.0,20.0,26.8,16.0,0.6,0.6,0.6,-9.4,0.9,14.7,1.7,20.0,15.6,16.0,0.6,0.6,0.6,-44.7,-23.1,-11.7,-27.3,20.0,17.2,16.0,0.6,0.6,0.6,19.5,132.5,429.5,333.0,21.0,593.0,14.0,0.6,0.6,0.6,20.0,135.0,430.0,335.0,21.0,595.0,14.0,0.6,0.6,0.6
1974,2,250.0,22.0,19.4,21.05,22.24,20.85,44.0,1.5,16.0,0.4,0.5,0.3,19.31,20.0,21.7,20.42,46.0,1.71,14.0,0.4,0.5,0.3,9.63,11.19,12.13,11.07,46.0,1.26,14.0,0.4,0.5,0.3,62.6,74.4,86.0,74.8,46.0,11.0,14.0,0.4,0.3,1.0,4.85,7.79,4.67,44.0,3.32,14.0,0.4,0.5,0.3,0.0,1.79,3.98,2.09,44.0,2.68,14.0,0.4,0.5,0.3,-6.99,-3.33,0.0,-3.54,44.0,2.98,14.0,0.4,0.5,0.3,1013.2,1014.95,1016.77,1014.87,46.0,1.95,14.0,0.4,0.5,0.3,0.0,1.0,5.0,2.4,45.0,2.5,14.0,0.4,0.5,0.3,0.0,6.7,26.4,15.6,44.0,26.4,14.0,0.4,0.5,0.3,-56.2,-16.7,0.0,-25.5,44.0,29.5,14.0,0.4,0.5,0.3,-1.52,0.55,2.41,0.49,44.0,2.13,16.0,0.4,0.5,0.3,-6.2,0.3,10.4,1.8,42.0,10.1,14.0,0.4,0.5,0.3,2.43,4.56,6.12,4.33,44.0,1.83,16.0,0.4,0.5,0.3,2.8,18.7,37.5,19.8,42.0,17.1,14.0,0.4,0.5,0.3,0.0,31.5,85.7,42.8,44.0,53.7,14.0,0.4,0.5,0.3,-154.5,-67.6,0.0,-73.1,44.0,61.8,14.0,0.4,0.5,0.3,0.0,19.3,47.5,23.9,44.0,30.7,14.0,0.4,0.5,0.3,-76.2,-39.6,0.0,-39.4,44.0,32.5,14.0,0.4,0.5,0.3,0.0,7.2,15.2,7.7,42.0,11.2,14.0,0.4,0.5,0.3,-30.7,-14.4,0.0,-15.5,42.0,16.2,14.0,0.4,0.5,0.3,1.0,115.0,473.0,266.5,44.0,428.0,14.0,0.4,0.5,0.3,0.0,115.0,475.0,265.0,44.0,430.0,14.0,0.4,0.5,0.3
1974,2,250.0,23.0,18.49,20.0,20.97,19.77,9.0,1.43,14.0,0.6,0.6,0.4,17.23,19.0,23.55,20.31,11.0,3.35,14.0,0.5,0.6,0.4,8.58,10.45,12.58,10.77,8.0,2.2,12.0,0.4,0.6,0.6,67.6,74.6,83.8,75.3,8.0,8.8,12.0,0.4,0.6,2.1,4.35,9.19,5.15,10.0,3.7,12.0,0.4,0.6,0.4,-2.24,1.94,3.56,0.96,10.0,2.69,12.0,0.4,0.6,0.4,-8.7,0.0,1.08,-2.7,10.0,5.18,12.0,0.4,0.6,0.4,1012.88,1015.0,1017.03,1014.87,11.0,2.4,14.0,0.5,0.6,0.4,0.0,0.0,2.4,0.9,11.0,1.2,14.0,0.5,0.6,0.4,-5.4,8.3,24.8,9.5,10.0,17.4,12.0,0.4,0.6,0.4,-81.7,0.0,3.5,-28.6,10.0,47.4,12.0,0.4,0.6,0.4,-3.44,-0.6,2.72,-1.09,9.0,3.76,14.0,0.6,0.6,0.4,-16.9,-4.6,23.8,-1.3,8.0,25.6,12.0,0.5,0.6,0.5,1.9,3.05,5.17,2.98,7.0,2.42,12.0,0.4,0.5,0.6,2.7,10.8,40.2,19.1,6.0,22.6,10.0,0.3,0.5,0.6,-52.2,39.3,65.2,15.3,10.0,55.9,12.0,0.4,0.6,0.4,-147.2,0.0,25.0,-48.2,10.0,103.8,12.0,0.4,0.6,0.4,-31.4,19.7,36.9,3.0,7.0,34.3,10.0,0.3,0.5,0.6,-73.3,0.0,12.9,-22.8,7.0,53.0,10.0,0.3,0.5,0.6,-6.6,3.8,18.3,4.9,6.0,12.0,10.0,0.3,0.5,0.6,-35.7,-0.6,4.1,-11.9,6.0,24.7,10.0,0.3,0.5,0.6,9.5,89.5,820.0,340.0,10.0,471.0,12.0,0.4,0.6,0.4,10.0,90.0,820.0,340.0,10.0,470.0,12.0,0.4,0.6,0.4
1974,2,250.0,24.0,17.13,17.4,17.67,17.4,2.0,0.57,12.0,0.0,0.4,0.6,16.11,16.35,16.59,16.35,2.0,0.49,12.0,0.0,0.4,0.6,8.09,8.09,8.09,8.09,1.0,0.0,22.0,0.0,0.1,0.6,69.0,69.0,69.0,69.0,1.0,0.0,22.0,0.0,0.6,6.16,8.45,10.74,8.45,2.0,4.74,12.0,0.0,0.4,0.6,0.94,2.95,4.96,2.95,2.0,4.17,12.0,0.0,0.4,0.6,-9.41,-7.66,-5.91,-7.66,2.0,3.62,12.0,0.0,0.4,0.6,1015.48,1016.5,1017.52,1016.5,2.0,2.12,12.0,0.0,0.4,0.6,0.0,0.0,0.0,0.0,2.0,0.0,12.0,0.0,0.4,0.6,11.0,34.8,58.6,34.8,2.0,49.2,12.0,0.0,0.4,0.6,-105.6,-73.3,-41.0,-73.3,2.0,66.9,12.0,0.0,0.4,0.6,1.02,1.05,1.08,1.05,2.0,0.07,12.0,0.0,0.4,0.6,6.4,9.0,11.7,9.0,2.0,5.6,12.0,0.0,0.4,0.6,4.51,4.51,4.51,4.51,1.0,0.0,22.0,0.0,0.1,0.6,53.2,53.2,53.2,53.2,1.0,0.0,22.0,0.0,0.1,0.6,15.6,49.3,82.9,49.3,2.0,69.7,12.0,0.0,0.4,0.6,-156.5,-126.1,-95.7,-126.1,2.0,63.0,12.0,0.0,0.4,0.6,47.7,47.7,47.7,47.7,1.0,0.0,22.0,0.0,0.1,0.6,-82.7,-82.7,-82.7,-82.7,1.0,0.0,22.0,0.0,0.1,0.6,26.6,26.6,26.6,26.6,1.0,0.0,22.0,0.0,0.1,0.6,-46.1,-46.1,-46.1,-46.1,1.0,0.0,22.0,0.0,0.1,0.6,372.5,888.0,1403.5,888.0,2.0,1068.0,12.0,0.0,0.4,0.6,370.0,890.0,1405.0,890.0,2.0,1070.0,12.0,0.0,0.4,0.6
1974,2,250.0,25.0,,,,,,,,,,,,,,,,,,,,,,,,,,,,,,,,,,,,,,,,7.7,7.7,7.7,7.7,1.0,0.0,26.0,1.0,0.6,0.0,3.85,3.85,3.85,3.85,1.0,0.0,26.0,1.0,0.6,0.0,-6.67,-6.67,-6.67,-6.67,1.0,0.0,26.0,1.0,0.6,0.0,1013.0,1013.0,1013.0,1013.0,1.0,0.0,26.0,1.0,0.6,0.0,,,,,,,,,,,,,,,,,,,,,,,,,,,,,,,,,,,,,,,,,,,,,,,,,,,,,,,,,,,,,,,,,,,,,,,,,,,,,,,,,,,,,,,,,,,,,,,,,,,,,,,,,,,,,,,,,,,,,,,,,,,,,,,,,,,,,,,,,,,,,,,,,,,,,,
1974,2,251.0,-22.0,23.92,26.1,26.71,25.33,3.0,2.15,14.0,0.7,0.4,0.6,23.44,24.4,26.38,24.9,3.0,2.19,14.0,0.7,0.4,0.6,13.02,13.6,14.18,13.6,2.0,1.2,16.0,0.5,0.4,0.4,73.9,75.0,76.0,75.0,2.0,2.1,16.0,0.5,0.4,8.8,9.0,12.0,10.37,3.0,2.63,14.0,0.7,0.4,0.6,-11.19,-8.18,-7.92,-9.52,3.0,2.67,14.0,0.7,0.4,0.6,-0.6,4.5,4.56,2.04,3.0,4.34,14.0,0.7,0.4,0.6,1018.95,1019.5,1020.11,1019.53,3.0,0.85,14.0,0.7,0.4,0.6,5.3,6.0,6.7,6.0,3.0,1.0,14.0,0.7,0.4,0.6,-137.8,-71.1,-70.5,-103.3,3.0,56.6,14.0,0.7,0.4,0.6,-4.8,40.5,54.8,25.3,3.0,45.6,14.0,0.7,0.4,0.6,-0.24,-0.1,1.13,0.43,3.0,1.1,14.0,0.7,0.4,0.6,-2.3,-1.3,9.7,3.6,3.0,9.7,14.0,0.7,0.4,0.6,4.87,5.55,6.23,5.55,2.0,1.41,16.0,0.5,0.4,0.4,57.6,59.0,60.4,59.0,2.0,2.9,16.0,0.5,0.4,0.4,-265.2,-212.8,-203.7,-234.0,3.0,48.7,14.0,0.7,0.4,0.6,-16.1,105.4,117.3,51.9,3.0,108.2,14.0,0.7,0.4,0.6,-153.8,-139.3,-124.9,-139.3,2.0,30.0,16.0,0.5,0.4,0.4,-26.9,7.7,42.3,7.7,2.0,71.7,16.0,0.5,0.4,0.4,-56.7,-55.4,-54.1,-55.4,2.0,2.7,16.0,0.5,0.4,0.4,-13.1,0.7,14.5,0.7,2.0,28.5,16.0,0.5,0.4,0.4,681.0,729.0,1874.0,1264.5,3.0,989.5,14.0,0.7,0.4,0.6,680.0,730.0,1875.0,1265.0,3.0,990.0,14.0,0.7,0.4,0.6
1974,2,251.0,-20.0,24.04,24.35,24.66,24.35,2.0,0.64,10.0,0.5,0.3,0.5,23.07,23.65,24.23,23.65,2.0,1.2,10.0,0.5,0.3,0.5,14.04,15.77,17.5,15.77,2.0,3.59,10.0,0.5,0.3,0.5,80.2,86.5,92.9,86.5,2.0,13.2,10.0,0.5,0.5,9.78,10.8,11.82,10.8,2.0,2.12,10.0,0.5,0.3,0.5,-11.48,-9.71,-7.95,-9.71,2.0,3.66,10.0,0.5,0.3,0.5,0.95,2.99,5.03,2.99,2.0,4.23,10.0,0.5,0.3,0.5,1017.6,1018.25,1018.9,1018.25,2.0,1.34,10.0,0.5,0.3,0.5,1.2,1.5,1.8,1.5,2.0,0.7,10.0,0.5,0.3,0.5,-137.8,-108.8,-79.8,-108.8,2.0,60.1,10.0,0.5,0.3,0.5,8.8,27.8,46.8,27.8,2.0,39.3,10.0,0.5,0.3,0.5,-0.19,0.7,1.59,0.7,2.0,1.84,10.0,0.5,0.3,0.5,-0.8,9.5,19.8,9.5,2.0,21.3,10.0,0.5,0.3,0.5,1.08,3.15,5.22,3.15,2.0,4.29,10.0,0.5,0.3,0.5,12.9,38.5,64.1,38.5,2.0,53.0,10.0,0.5,0.3,0.5,-263.6,-227.5,-191.3,-227.5,2.0,74.9,10.0,0.5,0.3,0.5,23.2,73.2,123.2,73.2,2.0,103.6,10.0,0.5,0.3,0.5,-157.7,-146.6,-135.6,-146.6,2.0,22.9,10.0,0.5,0.3,0.5,17.4,54.7,92.1,54.7,2.0,77.4,10.0,0.5,0.3,0.5,-64.1,-38.4,-12.7,-38.4,2.0,53.2,10.0,0.5,0.3,0.5,0.1,0.3,0.6,0.3,2.0,0.5,10.0,0.5,0.3,0.5,972.0,1332.5,1693.0,1332.5,2.0,747.0,10.0,0.5,0.3,0.5,970.0,1335.0,1695.0,1335.0,2.0,745.0,10.0,0.5,0.3,0.5
1974,2,251.0,-18.0,,,,,,,,,,,,,,,,,,,,,,,,,,,,,,,,,,,,,,,,5.1,5.1,5.1,5.1,1.0,0.0,8.0,0.0,0.4,0.2,-5.02,-5.02,-5.02,-5.02,1.0,0.0,8.0,0.0,0.4,0.2,0.89,0.89,0.89,0.89,1.0,0.0,8.0,0.0,0.4,0.2,1014.0,1014.0,1014.0,1014.0,1.0,0.0,8.0,0.0,0.4,0.2,,,,,,,,,,,,,,,,,,,,,,,,,,,,,,,,,,,,,,,,,,,,,,,,,,,,,,,,,,,,,,,,,,,,,,,,,,,,,,,,,,,,,,,,,,,,,,,,,,,,,,,,,,,,,,,,,,,,,,,,,,,,,,,,,,,,,,,,,,,,,,,,,,,,,,
1974,2,251.0,-17.0,,,,,,,,,,,,,,,,,,,,,,,,,,,,,,,,,,,,,,,,12.3,12.3,12.3,12.3,1.0,0.0,22.0,0.0,0.5,0.5,-10.65,-10.65,-10.65,-10.65,1.0,0.0,22.0,0.0,0.5,0.5,6.15,6.15,6.15,6.15,1.0,0.0,22.0,0.0,0.5,0.5,1015.6,1015.6,1015.6,1015.6,1.0,0.0,22.0,0.0,0.5,0.5,4.0,4.0,4.0,4.0,1.0,0.0,22.0,0.0,0.5,0.5,-131.0,-131.0,-131.0,-131.0,1.0,0.0,22.0,0.0,0.5,0.5,75.6,75.6,75.6,75.6,1.0,0.0,22.0,0.0,0.5,0.5,,,,,,,,,,,,,,,,,,,,,,,,,,,,,,,,,,,,,,,,,-240.7,-240.7,-240.7,-240.7,1.0,0.0,22.0,0.0,0.5,0.5,139.0,139.0,139.0,139.0,1.0,0.0,22.0,0.0,0.5,0.5,-175.0,-175.0,-175.0,-175.0,1.0,0.0,22.0,0.0,0.5,0.5,101.0,101.0,101.0,101.0,1.0,0.0,22.0,0.0,0.5,0.5,,,,,,,,,,,,,,,,,,,,,,,,,,,,,,,,,,,,,,,,
1974,2,251.0,-16.0,24.16,24.5,24.84,24.5,2.0,0.71,24.0,0.5,0.4,0.4,22.86,23.0,23.75,23.3,3.0,0.7,24.0,0.3,0.3,0.6,13.16,13.16,13.16,13.16,1.0,0.0,24.0,0.0,0.4,0.3,76.2,76.2,76.2,76.2,1.0,0.0,24.0,0.0,0.3,7.52,8.2,10.11,8.8,3.0,1.97,24.0,0.3,0.3,0.6,-9.39,-6.28,-6.25,-7.78,3.0,2.64,24.0,0.3,0.3,0.6,2.45,3.6,4.74,3.59,3.0,1.68,24.0,0.3,0.3,0.6,1013.11,1014.0,1017.82,1015.43,3.0,3.67,24.0,0.3,0.3,0.6,3.6,5.0,7.0,5.3,3.0,2.5,24.0,0.3,0.3,0.6,-97.7,-51.5,-47.0,-71.9,3.0,41.1,24.0,0.3,0.3,0.6,22.6,25.9,37.7,30.1,3.0,11.7,24.0,0.3,0.3,0.6,0.95,1.05,1.15,1.05,2.0,0.21,24.0,0.5,0.4,0.4,9.8,9.9,9.9,9.9,2.0,0.0,24.0,0.5,0.4,0.4,5.46,5.46,5.46,5.46,1.0,0.0,24.0,0.0,0.4,0.3,44.8,44.8,44.8,44.8,1.0,0.0,24.0,0.0,0.4,0.3,-223.7,-143.4,-143.3,-182.6,3.0,68.0,24.0,0.3,0.3,0.6,57.7,82.8,108.3,83.0,3.0,37.1,24.0,0.3,0.3,0.6,-82.6,-82.6,-82.6,-82.6,1.0,0.0,24.0,0.0,0.4,0.3,69.3,69.3,69.3,69.3,1.0,0.0,24.0,0.0,0.4,0.3,-34.3,-34.3,-34.3,-34.3,1.0,0.0,24.0,0.0,0.4,0.3,28.8,28.8,28.8,28.8,1.0,0.0,24.0,0.0,0.4,0.3,430.0,551.5,1083.5,752.0,3.0,509.5,24.0,0.3,0.3,0.6,430.0,550.0,1085.0,750.0,3.0,510.0,24.0,0.3,0.3,0.6
1974,2,251.0,-14.0,23.1,23.3,23.78,23.43,3.0,0.51,10.0,0.3,0.8,0.6,23.0,23.0,23.34,23.17,3.0,0.29,10.0,0.3,0.8,0.6,12.57,13.27,13.58,13.08,3.0,0.76,10.0,0.3,0.8,0.6,72.2,76.3,76.3,74.3,3.0,3.5,10.0,0.3,0.6,7.95,8.5,9.05,8.5,2.0,1.13,14.0,0.5,0.9,0.6,-8.5,-7.99,-7.47,-7.99,2.0,1.06,14.0,0.5,0.9,0.6,2.72,2.91,3.09,2.91,2.0,0.39,14.0,0.5,0.9,0.6,1014.29,1014.9,1016.2,1015.23,3.0,1.43,10.0,0.3,0.8,0.6,2.0,4.0,6.7,4.3,3.0,3.5,10.0,0.3,0.8,0.6,-77.2,-68.5,-59.8,-68.5,2.0,18.1,14.0,0.5,0.9,0.6,21.8,24.9,28.1,24.9,2.0,6.6,14.0,0.5,0.9,0.6,0.1,0.3,0.44,0.27,3.0,0.25,10.0,0.3,0.8,0.6,2.7,3.5,4.3,3.5,2.0,1.7,14.0,0.5,0.9,0.6,4.39,4.86,5.34,4.87,3.0,0.69,10.0,0.3,0.8,0.6,43.2,44.0,44.8,44.0,2.0,1.7,14.0,0.5,0.9,0.6,-199.2,-185.9,-172.6,-185.9,2.0,27.5,14.0,0.5,0.9,0.6,62.8,67.7,72.5,67.7,2.0,10.0,14.0,0.5,0.9,0.6,-115.0,-104.3,-93.6,-104.3,2.0,22.2,14.0,0.5,0.9,0.6,34.1,38.0,41.9,38.0,2.0,8.1,14.0,0.5,0.9,0.6,-42.1,-41.4,-40.6,-41.4,2.0,1.6,14.0,0.5,0.9,0.6,14.8,15.1,15.3,15.1,2.0,0.6,14.0,0.5,0.9,0.6,511.5,630.5,749.0,630.5,2.0,246.0,14.0,0.5,0.9,0.6,510.0,630.0,750.0,630.0,2.0,245.0,14.0,0.5,0.9,0.6
1974,2,251.0,-9.0,25.0,25.2,25.24,25.14,5.0,0.13,18.0,0.8,0.7,0.6,24.85,25.1,26.38,25.52,5.0,0.89,18.0,0.8,0.7,0.6,14.12,14.68,14.92,14.55,5.0,0.4,18.0,0.8,0.7,0.6,68.3,73.3,74.5,71.6,5.0,4.3,18.0,0.8,0.6,7.0,7.0,8.73,7.8,5.0,1.3,18.0,0.8,0.7,0.6,-7.56,-6.58,-6.58,-7.06,5.0,0.9,18.0,0.8,0.7,0.6,2.39,2.39,4.37,3.24,5.0,1.21,18.0,0.8,0.7,0.6,1010.53,1011.0,1012.48,1011.36,5.0,1.22,18.0,0.8,0.7,0.6,4.0,5.0,6.0,5.0,5.0,1.0,18.0,0.8,0.7,0.6,-66.8,-46.0,-46.0,-56.0,5.0,17.6,18.0,0.8,0.7,0.6,16.8,16.8,38.6,26.5,5.0,14.7,18.0,0.8,0.7,0.6,-1.31,0.0,0.35,-0.38,5.0,0.92,18.0,0.8,0.7,0.6,-9.7,0.0,2.8,-2.8,5.0,7.0,18.0,0.8,0.7,0.6,4.87,5.52,5.93,5.42,5.0,0.54,18.0,0.8,0.7,0.6,34.1,41.5,50.3,42.5,5.0,9.1,18.0,0.8,0.7,0.6,-196.8,-172.3,-163.5,-180.2,5.0,22.7,18.0,0.8,0.7,0.6,59.5,62.7,113.6,82.8,5.0,31.2,18.0,0.8,0.7,0.6,-108.7,-98.1,-96.0,-102.8,5.0,13.8,18.0,0.8,0.7,0.6,35.0,35.7,62.7,47.0,5.0,17.4,18.0,0.8,0.7,0.6,-43.6,-39.0,-32.0,-38.4,5.0,6.7,18.0,0.8,0.7,0.6,11.7,14.2,25.1,17.8,5.0,7.4,18.0,0.8,0.7,0.6,343.0,343.0,690.0,508.0,5.0,284.5,18.0,0.8,0.7,0.6,345.0,345.0,690.0,510.0,5.0,285.0,18.0,0.8,0.7,0.6
1974,2,251.0,-8.0,25.8,25.8,25.8,25.8,1.0,0.0,8.0,1.0,0.7,1.0,25.8,25.8,25.8,25.8,1.0,0.0,8.0,1.0,0.7,1.0,16.56,16.56,16.56,16.56,1.0,0.0,8.0,1.0,0.7,1.0,80.0,80.0,80.0,80.0,1.0,0.0,8.0,1.0,1.0,3.6,3.6,3.6,3.6,1.0,0.0,8.0,1.0,0.7,1.0,-1.8,-1.8,-1.8,-1.8,1.0,0.0,8.0,1.0,0.7,1.0,3.12,3.12,3.12,3.12,1.0,0.0,8.0,1.0,0.7,1.0,1013.4,1013.4,1013.4,1013.4,1.0,0.0,8.0,1.0,0.7,1.0,3.0,3.0,3.0,3.0,1.0,0.0,8.0,1.0,0.7,1.0,-6.5,-6.5,-6.5,-6.5,1.0,0.0,8.0,1.0,0.7,1.0,11.2,11.2,11.2,11.2,1.0,0.0,8.0,1.0,0.7,1.0,0.0,0.0,0.0,0.0,1.0,0.0,8.0,1.0,0.7,1.0,0.0,0.0,0.0,0.0,1.0,0.0,8.0,1.0,0.7,1.0,4.18,4.18,4.18,4.18,1.0,0.0,8.0,1.0,0.7,1.0,15.1,15.1,15.1,15.1,1.0,0.0,8.0,1.0,0.7,1.0,-46.4,-46.4,-46.4,-46.4,1.0,0.0,8.0,1.0,0.7,1.0,80.4,80.4,80.4,80.4,1.0,0.0,8.0,1.0,0.7,1.0,-29.8,-29.8,-29.8,-29.8,1.0,0.0,8.0,1.0,0.7,1.0,51.6,51.6,51.6,51.6,1.0,0.0,8.0,1.0,0.7,1.0,-7.5,-7.5,-7.5,-7.5,1.0,0.0,8.0,1.0,0.7,1.0,13.0,13.0,13.0,13.0,1.0,0.0,8.0,1.0,0.7,1.0,46.5,46.5,46.5,46.5,1.0,0.0,8.0,1.0,0.7,1.0,45.0,45.0,45.0,45.0,1.0,0.0,8.0,1.0,0.7,1.0
1974,2,251.0,-7.0,25.5,25.5,25.5,25.5,1.0,0.0,28.0,0.0,0.6,1.0,25.0,25.0,25.0,25.0,1.0,0.0,28.0,0.0,0.6,1.0,18.95,18.95,18.95,18.95,1.0,0.0,28.0,0.0,0.6,1.0,95.9,95.9,95.9,95.9,1.0,0.0,28.0,0.0,1.0,5.1,5.1,5.1,5.1,1.0,0.0,28.0,0.0,0.6,1.0,-1.74,-1.74,-1.74,-1.74,1.0,0.0,28.0,0.0,0.6,1.0,4.79,4.79,4.79,4.79,1.0,0.0,28.0,0.0,0.6,1.0,1013.0,1013.0,1013.0,1013.0,1.0,0.0,28.0,0.0,0.6,1.0,8.0,8.0,8.0,8.0,1.0,0.0,28.0,0.0,0.6,1.0,-8.9,-8.9,-8.9,-8.9,1.0,0.0,28.0,0.0,0.6,1.0,24.4,24.4,24.4,24.4,1.0,0.0,28.0,0.0,0.6,1.0,0.5,0.5,0.5,0.5,1.0,0.0,28.0,0.0,0.6,1.0,2.6,2.6,2.6,2.6,1.0,0.0,28.0,0.0,0.6,1.0,1.43,1.43,1.43,1.43,1.0,0.0,28.0,0.0,0.6,1.0,7.3,7.3,7.3,7.3,1.0,0.0,28.0,0.0,0.6,1.0,-43.6,-43.6,-43.6,-43.6,1.0,0.0,28.0,0.0,0.6,1.0,119.8,119.8,119.8,119.8,1.0,0.0,28.0,0.0,0.6,1.0,-33.1,-33.1,-33.1,-33.1,1.0,0.0,28.0,0.0,0.6,1.0,90.8,90.8,90.8,90.8,1.0,0.0,28.0,0.0,0.6,1.0,-2.5,-2.5,-2.5,-2.5,1.0,0.0,28.0,0.0,0.6,1.0,6.8,6.8,6.8,6.8,1.0,0.0,28.0,0.0,0.6,1.0,132.5,132.5,132.5,132.5,1.0,0.0,28.0,0.0,0.6,1.0,135.0,135.0,135.0,135.0,1.0,0.0,28.0,0.0,0.6,1.0
1974,2,251.0,-5.0,26.2,26.2,26.2,26.2,1.0,0.0,24.0,1.0,0.6,0.3,24.5,24.5,24.5,24.5,1.0,0.0,24.0,1.0,0.6,0.3,16.47,16.47,16.47,16.47,1.0,0.0,24.0,1.0,0.6,0.3,86.0,86.0,86.0,86.0,1.0,0.0,24.0,1.0,0.3,7.7,7.7,7.7,7.7,1.0,0.0,24.0,1.0,0.6,0.3,-5.9,-5.9,-5.9,-5.9,1.0,0.0,24.0,1.0,0.6,0.3,4.95,4.95,4.95,4.95,1.0,0.0,24.0,1.0,0.6,0.3,1012.5,1012.5,1012.5,1012.5,1.0,0.0,24.0,1.0,0.6,0.3,8.0,8.0,8.0,8.0,1.0,0.0,24.0,1.0,0.6,0.3,-45.4,-45.4,-45.4,-45.4,1.0,0.0,24.0,1.0,0.6,0.3,38.1,38.1,38.1,38.1,1.0,0.0,24.0,1.0,0.6,0.3,1.7,1.7,1.7,1.7,1.0,0.0,24.0,1.0,0.6,0.3,13.1,13.1,13.1,13.1,1.0,0.0,24.0,1.0,0.6,0.3,4.79,4.79,4.79,4.79,1.0,0.0,24.0,1.0,0.6,0.3,36.9,36.9,36.9,36.9,1.0,0.0,24.0,1.0,0.6,0.3,-144.5,-144.5,-144.5,-144.5,1.0,0.0,24.0,1.0,0.6,0.3,121.3,121.3,121.3,121.3,1.0,0.0,24.0,1.0,0.6,0.3,-97.2,-97.2,-97.2,-97.2,1.0,0.0,24.0,1.0,0.6,0.3,81.5,81.5,81.5,81.5,1.0,0.0,24.0,1.0,0.6,0.3,-28.3,-28.3,-28.3,-28.3,1.0,0.0,24.0,1.0,0.6,0.3,23.7,23.7,23.7,23.7,1.0,0.0,24.0,1.0,0.6,0.3,456.5,456.5,456.5,456.5,1.0,0.0,24.0,1.0,0.6,0.3,455.0,455.0,455.0,455.0,1.0,0.0,24.0,1.0,0.6,0.3
1974,2,251.0,-4.0,25.0,25.0,25.68,25.33,3.0,0.58,14.0,0.3,0.6,0.5,24.17,25.4,26.01,25.1,3.0,1.37,14.0,0.3,0.6,0.5,17.42,17.45,17.58,17.5,3.0,0.12,14.0,0.3,0.6,0.5,83.0,86.1,93.5,88.2,3.0,7.9,14.0,0.3,0.5,2.49,5.7,7.07,4.8,3.0,3.44,14.0,0.3,0.6,0.5,-4.0,-1.95,-0.1,-2.04,3.0,2.86,14.0,0.3,0.6,0.5,2.14,5.36,5.73,3.97,3.0,2.89,14.0,0.3,0.6,0.5,1011.04,1012.0,1012.55,1011.8,3.0,1.11,14.0,0.3,0.6,0.5,0.6,2.0,3.4,2.0,3.0,2.0,14.0,0.3,0.6,0.5,-29.5,-11.1,-3.0,-16.2,3.0,19.9,14.0,0.3,0.6,0.5,10.1,30.5,40.7,25.5,3.0,22.8,14.0,0.3,0.6,0.5,-1.01,-0.4,1.51,0.23,3.0,1.93,14.0,0.3,0.6,0.5,-7.6,-2.3,0.9,-3.3,3.0,6.3,14.0,0.3,0.6,0.5,2.37,2.38,3.07,2.71,3.0,0.59,14.0,0.3,0.6,0.5,6.6,13.6,16.8,11.7,3.0,7.6,14.0,0.3,0.6,0.5,-104.6,-49.5,-3.4,-53.9,3.0,74.2,14.0,0.3,0.6,0.5,53.5,136.0,149.1,102.1,3.0,75.9,14.0,0.3,0.6,0.5,-69.6,-34.0,-1.6,-35.6,3.0,49.9,14.0,0.3,0.6,0.5,37.4,93.4,99.7,69.2,3.0,50.3,14.0,0.3,0.6,0.5,-9.5,-4.6,0.3,-4.6,3.0,7.2,14.0,0.3,0.6,0.5,5.5,12.7,13.6,9.6,3.0,6.5,14.0,0.3,0.6,0.5,59.5,185.0,370.5,214.0,3.0,229.0,14.0,0.3,0.6,0.5,60.0,185.0,370.0,215.0,3.0,230.0,14.0,0.3,0.6,0.5
1974,2,251.0,-3.0,23.78,24.6,24.87,24.33,3.0,0.83,16.0,0.3,0.6,0.5,23.34,24.5,24.57,23.97,3.0,1.01,16.0,0.3,0.6,0.5,16.08,16.58,17.33,16.7,3.0,0.92,16.0,0.3,0.6,0.5,87.8,91.8,91.9,89.9,3.0,3.4,16.0,0.3,0.5,2.48,4.6,4.6,3.57,3.0,1.79,16.0,0.3,0.6,0.5,-2.52,-1.57,-0.15,-1.34,3.0,1.75,16.0,0.3,0.6,0.5,0.16,3.52,4.07,2.15,3.0,3.1,16.0,0.3,0.6,0.5,1010.32,1012.5,1013.73,1012.03,3.0,2.53,16.0,0.3,0.6,0.5,7.0,7.0,7.7,7.3,3.0,0.6,16.0,0.3,0.6,0.5,-11.6,-7.2,-1.8,-6.7,3.0,7.2,16.0,0.3,0.6,0.5,3.7,16.2,18.7,11.3,3.0,11.8,16.0,0.3,0.6,0.5,0.16,0.5,0.57,0.37,3.0,0.32,16.0,0.3,0.6,0.5,0.7,2.3,2.6,1.7,3.0,1.5,16.0,0.3,0.6,0.5,2.1,2.17,2.55,2.33,3.0,0.36,16.0,0.3,0.6,0.5,5.8,9.5,9.8,7.9,3.0,3.3,16.0,0.3,0.6,0.5,-58.3,-38.5,-3.6,-31.1,3.0,40.5,16.0,0.3,0.6,0.5,1.8,80.3,97.8,50.5,3.0,74.9,16.0,0.3,0.6,0.5,-40.8,-27.8,-3.0,-22.1,3.0,28.1,16.0,0.3,0.6,0.5,1.8,55.8,69.9,36.3,3.0,52.7,16.0,0.3,0.6,0.5,-5.3,-3.4,-0.1,-2.7,3.0,3.8,16.0,0.3,0.6,0.5,-0.3,7.3,8.7,4.3,3.0,7.1,16.0,0.3,0.6,0.5,33.0,97.5,97.5,66.0,3.0,54.0,16.0,0.3,0.6,0.5,35.0,95.0,95.0,65.0,3.0,55.0,16.0,0.3,0.6,0.5
1974,2,251.0,-1.0,24.0,24.0,24.0,24.0,1.0,0.0,16.0,0.0,0.6,0.2,23.9,23.9,23.9,23.9,1.0,0.0,16.0,0.0,0.6,0.2,17.43,17.43,17.43,17.43,1.0,0.0,16.0,0.0,0.6,0.2,94.1,94.1,94.1,94.1,1.0,0.0,16.0,0.0,0.2,,,,,,,,,,,,,,,,,,,,,,,,,,,,,,,,,,,,,,,,,,,,,,,,,,,,,,,,,,,,,,,,,,,,,,,,,,,,,,,,,,,,,,,,,,,,,,,,,,,,,,,,,,,,,,,,,,,,,,,,,,,,,,,,,,,,,,,,,,,,,,,,,,,,,,,,,,,,,,,,,,,,,,,,,,,,,,,,,,,,,,,,,,,,,,
1974,2,251.0,0.0,24.5,24.5,24.5,24.5,1.0,0.0,8.0,1.0,0.9,0.6,25.3,25.3,25.3,25.3,1.0,0.0,8.0,1.0,0.9,0.6,15.38,15.38,15.38,15.38,1.0,0.0,8.0,1.0,0.9,0.6,76.6,76.6,76.6,76.6,1.0,0.0,8.0,1.0,0.6,2.1,2.1,2.1,2.1,1.0,0.0,8.0,1.0,0.9,0.6,0.36,0.36,0.36,0.36,1.0,0.0,8.0,1.0,0.9,0.6,2.07,2.07,2.07,2.07,1.0,0.0,8.0,1.0,0.9,0.6,1013.4,1013.4,1013.4,1013.4,1.0,0.0,8.0,1.0,0.9,0.6,3.0,3.0,3.0,3.0,1.0,0.0,8.0,1.0,0.9,0.6,0.8,0.8,0.8,0.8,1.0,0.0,8.0,1.0,0.9,0.6,4.3,4.3,4.3,4.3,1.0,0.0,8.0,1.0,0.9,0.6,-0.8,-0.8,-0.8,-0.8,1.0,0.0,8.0,1.0,0.9,0.6,-1.7,-1.7,-1.7,-1.7,1.0,0.0,8.0,1.0,0.9,0.6,3.8,3.8,3.8,3.8,1.0,0.0,8.0,1.0,0.9,0.6,8.0,8.0,8.0,8.0,1.0,0.0,8.0,1.0,0.9,0.6,9.2,9.2,9.2,9.2,1.0,0.0,8.0,1.0,0.9,0.6,52.3,52.3,52.3,52.3,1.0,0.0,8.0,1.0,0.9,0.6,5.6,5.6,5.6,5.6,1.0,0.0,8.0,1.0,0.9,0.6,31.8,31.8,31.8,31.8,1.0,0.0,8.0,1.0,0.9,0.6,1.4,1.4,1.4,1.4,1.0,0.0,8.0,1.0,0.9,0.6,7.9,7.9,7.9,7.9,1.0,0.0,8.0,1.0,0.9,0.6,9.5,9.5,9.5,9.5,1.0,0.0,8.0,1.0,0.9,0.6,10.0,10.0,10.0,10.0,1.0,0.0,8.0,1.0,0.9,0.6
1974,2,251.0,2.0,,,,,,,,,,,,,,,,,,,,,,,,,,,,,,,,,,,,,,,,1.5,1.5,1.5,1.5,1.0,0.0,24.0,1.0,0.8,0.6,-0.26,-0.26,-0.26,-0.26,1.0,0.0,24.0,1.0,0.8,0.6,-1.48,-1.48,-1.48,-1.48,1.0,0.0,24.0,1.0,0.8,0.6,1016.1,1016.1,1016.1,1016.1,1.0,0.0,24.0,1.0,0.8,0.6,,,,,,,,,,,,,,,,,,,,,,,,,,,,,,,,,,,,,,,,,,,,,,,,,,,,,,,,,,,,,,,,,,,,,,,,,,,,,,,,,,,,,,,,,,,,,,,,,,,,,,,,,,,,,,,,,,,,,,,,,,,,,,,,,,,,,,,,,,,,,,,,,,,,,,
1974,2,251.0,3.0,26.5,26.5,26.5,26.5,1.0,0.0,24.0,0.0,0.3,0.8,25.41,25.65,25.89,25.65,2.0,0.49,24.0,0.0,0.3,0.4,17.63,17.63,17.63,17.63,1.0,0.0,24.0,0.0,0.3,0.8,87.1,87.1,87.1,87.1,1.0,0.0,24.0,0.0,0.8,1.91,2.8,3.69,2.8,2.0,1.84,24.0,0.0,0.3,0.4,-3.2,-1.8,-0.39,-1.8,2.0,2.91,24.0,0.0,0.3,0.4,-1.47,-1.44,-1.41,-1.44,2.0,0.05,24.0,0.0,0.3,0.4,1006.15,1006.25,1006.35,1006.25,2.0,0.21,24.0,0.0,0.3,0.4,2.2,2.5,2.8,2.5,2.0,0.7,24.0,0.0,0.3,0.4,-13.2,-7.7,-2.2,-7.7,2.0,11.4,24.0,0.0,0.3,0.4,-5.2,-4.0,-2.8,-4.0,2.0,2.5,24.0,0.0,0.3,0.4,1.2,1.2,1.2,1.2,1.0,0.0,24.0,0.0,0.3,0.8,4.9,4.9,4.9,4.9,1.0,0.0,24.0,0.0,0.3,0.8,4.16,4.16,4.16,4.16,1.0,0.0,24.0,0.0,0.3,0.8,17.1,17.1,17.1,17.1,1.0,0.0,24.0,0.0,0.3,0.8,-80.9,-45.4,-9.8,-45.4,2.0,73.7,24.0,0.0,0.3,0.4,-37.9,-36.9,-35.9,-36.9,2.0,2.1,24.0,0.0,0.3,0.4,-67.9,-67.9,-67.9,-67.9,1.0,0.0,24.0,0.0,0.3,0.8,-24.7,-24.7,-24.7,-24.7,1.0,0.0,24.0,0.0,0.3,0.8,-16.0,-16.0,-16.0,-16.0,1.0,0.0,24.0,0.0,0.3,0.8,-5.8,-5.8,-5.8,-5.8,1.0,0.0,24.0,0.0,0.3,0.8,14.0,36.0,58.5,36.0,2.0,46.5,24.0,0.0,0.3,0.4,15.0,35.0,60.0,35.0,2.0,45.0,24.0,0.0,0.3,0.4
1974,2,251.0,7.0,26.15,26.35,27.29,26.7,4.0,0.88,12.0,0.5,0.7,0.4,25.0,25.5,26.89,25.93,4.0,1.27,12.0,0.5,0.7,0.4,16.57,17.01,17.54,17.05,4.0,0.56,12.0,0.5,0.7,0.4,79.4,83.5,83.9,81.7,4.0,3.8,12.0,0.5,0.4,4.05,6.15,7.99,6.03,4.0,2.45,12.0,0.5,0.7,0.4,-7.92,-5.81,-3.73,-5.82,4.0,2.5,12.0,0.5,0.7,0.4,-0.79,0.0,1.34,0.26,4.0,1.68,12.0,0.5,0.7,0.4,1011.05,1011.8,1013.71,1012.35,4.0,1.77,12.0,0.5,0.7,0.4,1.5,2.0,4.6,3.0,4.0,2.7,12.0,0.5,0.7,0.4,-63.7,-37.2,-15.8,-39.6,4.0,29.2,12.0,0.5,0.7,0.4,-6.9,0.0,6.8,0.0,4.0,10.7,12.0,0.5,0.7,0.4,-0.74,0.85,2.29,0.78,4.0,1.95,12.0,0.5,0.7,0.4,-6.8,2.8,13.5,3.3,4.0,14.6,12.0,0.5,0.7,0.4,3.68,4.47,6.13,4.88,4.0,1.61,12.0,0.5,0.7,0.4,17.6,25.1,41.3,29.3,4.0,15.8,12.0,0.5,0.7,0.4,-210.0,-147.4,-95.3,-152.4,4.0,70.7,12.0,0.5,0.7,0.4,-21.9,0.0,34.7,6.1,4.0,44.7,12.0,0.5,0.7,0.4,-135.9,-98.0,-63.6,-99.7,4.0,44.3,12.0,0.5,0.7,0.4,-14.0,0.0,23.3,4.4,4.0,29.5,12.0,0.5,0.7,0.4,-41.1,-23.6,-16.4,-28.5,4.0,16.4,12.0,0.5,0.7,0.4,-2.8,0.0,5.2,1.1,4.0,6.3,12.0,0.5,0.7,0.4,79.0,253.0,522.5,298.5,4.0,280.0,12.0,0.5,0.7,0.4,80.0,255.0,525.0,300.0,4.0,280.0,12.0,0.5,0.7,0.4
1974,2,251.0,10.0,26.95,27.0,27.16,27.05,4.0,0.17,16.0,0.5,0.6,0.7,25.75,26.3,26.96,26.35,4.0,0.7,16.0,0.5,0.6,0.7,14.99,16.22,18.79,16.86,4.0,2.6,16.0,0.5,0.6,0.7,67.7,76.3,90.5,79.0,4.0,14.6,16.0,0.5,0.7,3.31,4.35,4.6,3.98,4.0,0.95,16.0,0.5,0.6,0.7,-3.27,-2.63,-1.56,-2.42,4.0,1.14,16.0,0.5,0.6,0.7,-3.76,-2.98,-2.24,-3.0,4.0,0.9,16.0,0.5,0.6,0.7,1009.02,1010.55,1012.71,1010.85,4.0,2.32,16.0,0.5,0.6,0.7,2.5,3.0,3.5,3.0,4.0,0.8,16.0,0.5,0.6,0.7,-14.1,-12.1,-6.2,-10.3,4.0,5.6,16.0,0.5,0.6,0.7,-17.3,-12.3,-7.3,-12.3,4.0,5.8,16.0,0.5,0.6,0.7,-0.01,0.75,1.4,0.7,4.0,0.83,16.0,0.5,0.6,0.7,0.0,2.4,4.6,2.3,4.0,2.8,16.0,0.5,0.6,0.7,3.81,6.13,7.24,5.55,4.0,2.33,16.0,0.5,0.6,0.7,13.8,26.9,33.3,23.7,4.0,12.9,16.0,0.5,0.6,0.7,-85.5,-70.8,-41.7,-63.9,4.0,29.8,16.0,0.5,0.6,0.7,-101.5,-78.7,-57.6,-79.5,4.0,26.0,16.0,0.5,0.6,0.7,-53.3,-39.6,-25.5,-39.4,4.0,17.9,16.0,0.5,0.6,0.7,-56.3,-52.3,-42.0,-49.3,4.0,10.3,16.0,0.5,0.6,0.7,-19.8,-18.4,-9.4,-14.8,4.0,8.5,16.0,0.5,0.6,0.7,-27.4,-17.6,-8.3,-17.8,4.0,11.4,16.0,0.5,0.6,0.7,42.0,83.0,97.5,70.5,4.0,37.5,16.0,0.5,0.6,0.7,40.0,85.0,95.0,70.0,4.0,40.0,16.0,0.5,0.6,0.7
1974,2,251.0,11.0,26.52,27.0,27.5,26.98,5.0,0.55,8.0,0.8,0.7,0.5,25.32,26.0,26.61,25.96,5.0,0.73,8.0,0.8,0.7,0.5,17.58,18.0,18.8,18.18,4.0,0.77,10.0,0.8,0.6,0.6,84.6,85.6,86.7,85.6,4.0,1.4,10.0,0.8,0.6,4.55,5.1,8.7,6.24,5.0,2.33,8.0,0.8,0.7,0.5,-5.98,-4.42,-4.08,-5.1,5.0,2.04,8.0,0.8,0.7,0.5,-4.37,-2.55,0.0,-2.53,5.0,3.08,8.0,0.8,0.7,0.5,1011.13,1013.1,1013.27,1012.38,5.0,1.18,8.0,0.8,0.7,0.5,5.5,7.0,8.0,6.6,5.0,2.1,8.0,0.8,0.7,0.5,-51.7,-22.5,-19.0,-34.3,5.0,24.8,8.0,0.8,0.7,0.5,-32.2,-13.0,0.0,-18.3,5.0,27.2,8.0,0.8,0.7,0.5,0.63,0.7,1.36,1.02,5.0,0.83,8.0,0.8,0.7,0.5,2.5,3.6,11.8,7.3,5.0,8.2,8.0,0.8,0.7,0.5,3.77,3.85,4.11,3.93,4.0,0.24,10.0,0.8,0.6,0.6,17.2,19.5,26.7,21.9,4.0,7.6,10.0,0.8,0.6,0.6,-153.7,-116.6,-105.7,-131.5,5.0,49.0,8.0,0.8,0.7,0.5,-116.6,-65.0,0.0,-66.9,5.0,82.4,8.0,0.8,0.7,0.5,-82.4,-79.3,-70.1,-76.4,4.0,9.0,10.0,0.8,0.6,0.6,-98.0,-45.8,-21.3,-59.0,4.0,61.0,10.0,0.8,0.6,0.6,-16.9,-16.5,-15.9,-16.4,4.0,0.8,10.0,0.8,0.6,0.6,-19.7,-9.8,-4.6,-12.0,4.0,11.9,10.0,0.8,0.6,0.6,101.0,132.5,658.5,326.0,5.0,305.5,8.0,0.8,0.7,0.5,100.0,135.0,660.0,325.0,5.0,305.0,8.0,0.8,0.7,0.5
1974,2,251.0,12.0,27.3,27.5,27.7,27.5,2.0,0.42,12.0,0.0,0.6,0.4,25.95,26.7,27.93,26.93,3.0,1.46,10.0,0.3,0.6,0.4,13.74,17.24,17.46,15.64,3.0,3.05,10.0,0.3,0.6,0.4,63.4,72.1,77.0,70.2,3.0,10.1,10.0,0.3,0.4,4.58,6.7,7.72,6.17,3.0,2.35,10.0,0.3,0.6,0.4,-7.23,-5.13,-4.09,-5.64,3.0,2.34,10.0,0.3,0.6,0.4,-2.94,0.0,0.0,-1.44,3.0,2.49,10.0,0.3,0.6,0.4,1010.7,1012.2,1015.2,1012.93,3.0,3.36,10.0,0.3,0.6,0.4,1.0,1.0,1.7,1.3,3.0,0.6,10.0,0.3,0.6,0.4,-56.8,-34.4,-19.8,-38.2,3.0,27.3,10.0,0.3,0.6,0.4,-19.7,0.0,0.0,-9.6,3.0,16.7,10.0,0.3,0.6,0.4,1.18,1.35,1.52,1.35,2.0,0.35,12.0,0.0,0.6,0.4,6.3,7.4,8.5,7.4,2.0,2.3,12.0,0.0,0.6,0.4,6.76,8.27,9.77,8.27,2.0,3.11,12.0,0.0,0.6,0.4,39.6,43.7,47.8,43.7,2.0,8.5,12.0,0.0,0.6,0.4,-195.9,-146.3,-109.3,-152.5,3.0,63.6,10.0,0.3,0.6,0.4,-83.8,0.0,0.0,-40.9,3.0,70.9,10.0,0.3,0.6,0.4,-125.1,-90.1,-58.4,-91.7,3.0,48.9,10.0,0.3,0.6,0.4,-51.6,0.0,0.0,-25.2,3.0,43.7,10.0,0.3,0.6,0.4,-47.8,-43.7,-39.6,-43.7,2.0,8.5,12.0,0.0,0.6,0.4,0.0,0.0,0.0,0.0,2.0,0.0,12.0,0.0,0.6,0.4,127.5,301.0,472.0,299.5,3.0,252.5,10.0,0.3,0.6,0.4,125.0,300.0,470.0,300.0,3.0,250.0,10.0,0.3,0.6,0.4
1974,2,251.0,13.0,27.0,27.2,27.75,27.36,5.0,0.43,14.0,0.2,0.5,0.6,25.0,25.2,26.91,25.98,5.0,1.71,14.0,0.2,0.5,0.6,13.47,15.68,19.52,16.46,4.0,3.8,16.0,0.3,0.6,0.6,68.4,77.8,85.2,76.9,4.0,9.8,16.0,0.3,0.6,2.02,3.6,5.73,3.9,5.0,2.51,14.0,0.2,0.5,0.6,-3.27,-1.23,-0.69,-1.94,5.0,1.83,14.0,0.2,0.5,0.6,-4.68,-3.38,-1.89,-3.33,5.0,1.84,14.0,0.2,0.5,0.6,1012.32,1013.4,1015.5,1013.84,5.0,1.77,14.0,0.2,0.5,0.6,1.0,2.0,3.5,2.4,5.0,2.1,14.0,0.2,0.5,0.6,-20.6,-4.4,-1.6,-11.2,5.0,15.6,14.0,0.2,0.5,0.6,-28.2,-12.2,-4.4,-16.6,5.0,17.3,14.0,0.2,0.5,0.6,0.78,1.9,2.07,1.38,5.0,1.34,14.0,0.2,0.5,0.6,-0.5,5.7,10.0,5.0,5.0,7.3,14.0,0.2,0.5,0.6,3.85,7.11,8.95,6.43,4.0,3.2,16.0,0.3,0.6,0.6,15.1,21.3,48.0,31.0,4.0,27.2,16.0,0.3,0.6,0.6,-87.5,-31.6,-17.3,-50.6,5.0,46.2,14.0,0.2,0.5,0.6,-127.2,-86.9,-47.4,-86.9,5.0,47.8,14.0,0.2,0.5,0.6,-57.3,-35.4,-16.7,-37.0,4.0,24.3,16.0,0.3,0.6,0.6,-81.4,-68.1,-45.9,-63.9,4.0,22.7,16.0,0.3,0.6,0.6,-27.6,-7.3,-6.0,-16.4,4.0,19.6,16.0,0.3,0.6,0.6,-38.6,-20.0,-13.7,-25.9,4.0,19.8,16.0,0.3,0.6,0.6,11.5,46.5,228.5,124.0,5.0,189.5,14.0,0.2,0.5,0.6,10.0,45.0,230.0,125.0,5.0,190.0,14.0,0.2,0.5,0.6
1974,2,251.0,14.0,27.63,28.0,28.82,28.08,6.0,0.7,18.0,0.7,0.6,0.6,24.38,25.0,26.05,25.17,7.0,1.02,18.0,0.6,0.7,0.6,14.4,15.02,15.96,15.17,4.0,1.03,18.0,0.5,0.7,0.6,75.3,78.8,82.1,78.8,5.0,5.5,18.0,0.6,0.6,3.79,5.9,8.7,5.98,6.0,2.49,18.0,0.7,0.6,0.6,-3.92,-1.85,0.0,-2.37,6.0,2.8,18.0,0.7,0.6,0.6,-6.68,-4.72,-3.59,-5.06,6.0,1.96,18.0,0.7,0.6,0.6,1011.19,1014.0,1015.47,1013.53,6.0,2.39,16.0,0.5,0.7,0.6,3.0,3.0,4.1,3.6,7.0,1.1,18.0,0.6,0.7,0.6,-34.1,-10.6,0.0,-18.8,6.0,25.0,18.0,0.7,0.6,0.6,-48.2,-31.9,-13.9,-33.3,6.0,22.8,18.0,0.7,0.6,0.6,1.79,3.65,4.0,3.05,6.0,1.26,18.0,0.7,0.6,0.6,9.9,12.2,28.3,17.3,6.0,10.5,18.0,0.7,0.6,0.6,6.91,7.98,9.95,8.41,4.0,1.9,18.0,0.5,0.7,0.6,31.7,47.8,78.1,54.5,4.0,30.0,18.0,0.5,0.7,0.6,-101.0,-44.6,0.0,-61.2,6.0,75.7,18.0,0.7,0.6,0.6,-162.1,-122.5,-87.9,-126.5,6.0,48.3,18.0,0.7,0.6,0.6,-38.1,-28.4,-11.0,-24.7,4.0,18.2,18.0,0.5,0.7,0.6,-104.6,-85.4,-70.6,-87.5,4.0,22.0,18.0,0.5,0.7,0.6,-26.7,-15.0,-4.5,-15.6,4.0,14.0,18.0,0.5,0.7,0.6,-73.3,-46.0,-30.8,-51.8,4.0,27.7,18.0,0.5,0.7,0.6,58.5,216.5,658.5,306.0,6.0,289.0,18.0,0.7,0.6,0.6,60.0,215.0,660.0,305.0,6.0,290.0,18.0,0.7,0.6,0.6
1974,2,251.0,15.0,26.56,27.0,27.81,27.1,7.0,0.75,16.0,0.6,0.4,0.4,25.43,26.2,28.0,26.3,7.0,1.44,16.0,0.6,0.4,0.4,15.23,17.56,18.84,17.18,6.0,2.27,18.0,0.5,0.4,0.3,76.0,81.4,85.1,79.8,6.0,6.9,18.0,0.5,0.3,3.02,5.1,5.18,4.31,7.0,1.71,16.0,0.6,0.4,0.4,-4.81,-1.99,0.29,-2.01,7.0,2.47,16.0,0.6,0.4,0.4,-4.34,-3.6,-1.73,-3.2,7.0,1.35,16.0,0.6,0.4,0.4,1012.98,1015.6,1016.65,1014.91,7.0,2.06,16.0,0.6,0.4,0.4,1.9,3.0,5.0,3.3,7.0,2.0,16.0,0.6,0.4,0.4,-24.9,-6.2,0.6,-11.0,7.0,14.6,16.0,0.6,0.4,0.4,-25.8,-13.0,-7.1,-15.1,7.0,9.9,16.0,0.6,0.4,0.4,-1.0,-0.2,2.29,0.8,7.0,1.94,16.0,0.6,0.4,0.4,-3.7,-0.6,11.0,4.1,7.0,11.2,16.0,0.6,0.4,0.4,2.58,4.18,8.31,5.13,6.0,3.0,18.0,0.5,0.4,0.3,13.1,13.9,22.5,20.1,6.0,16.4,18.0,0.5,0.4,0.3,-123.3,-53.4,7.4,-52.1,7.0,62.9,16.0,0.6,0.4,0.4,-110.3,-100.8,-45.3,-84.1,7.0,34.8,16.0,0.6,0.4,0.4,-81.4,-50.1,0.7,-43.8,6.0,39.7,18.0,0.5,0.4,0.3,-69.7,-53.7,-29.1,-50.8,6.0,23.3,18.0,0.5,0.4,0.3,-18.7,-8.1,0.5,-11.2,6.0,15.6,18.0,0.5,0.4,0.3,-18.3,-12.3,-7.7,-14.4,6.0,10.4,18.0,0.5,0.4,0.3,28.5,132.5,140.5,111.0,7.0,100.0,16.0,0.6,0.4,0.4,30.0,135.0,140.0,110.0,7.0,100.0,16.0,0.6,0.4,0.4
1974,2,251.0,16.0,23.59,26.0,27.0,25.33,4.0,2.23,18.0,0.3,0.6,0.6,23.27,25.1,26.14,24.73,4.0,2.21,18.0,0.3,0.6,0.6,12.9,16.05,18.0,15.48,4.0,3.1,18.0,0.3,0.6,0.6,68.1,80.8,90.6,79.4,4.0,13.3,18.0,0.3,0.6,3.84,4.1,5.99,4.88,4.0,1.9,18.0,0.3,0.6,0.6,-4.4,-1.73,-0.34,-2.34,4.0,2.64,18.0,0.3,0.6,0.6,-4.55,-4.07,-3.13,-3.85,4.0,1.11,18.0,0.3,0.6,0.6,1012.85,1013.2,1013.55,1013.2,4.0,0.41,18.0,0.3,0.6,0.6,0.6,2.0,4.0,2.3,3.0,2.5,16.0,0.3,0.8,0.6,-28.5,-6.4,-1.4,-14.6,4.0,21.0,18.0,0.3,0.6,0.6,-28.0,-16.7,-12.2,-20.0,4.0,12.7,18.0,0.3,0.6,0.6,-0.1,0.3,1.33,0.6,4.0,0.99,18.0,0.3,0.6,0.6,-0.4,2.3,6.5,3.0,4.0,4.2,18.0,0.3,0.6,0.6,2.98,4.63,6.64,4.8,4.0,2.53,18.0,0.3,0.6,0.6,11.7,24.9,36.3,24.1,4.0,14.8,18.0,0.3,0.6,0.6,-100.1,-44.4,-9.2,-54.2,4.0,57.3,18.0,0.3,0.6,0.6,-108.2,-105.0,-79.4,-94.3,4.0,24.2,18.0,0.3,0.6,0.6,-59.4,-29.7,-4.8,-32.0,4.0,32.4,18.0,0.3,0.6,0.6,-66.5,-57.7,-49.1,-57.8,4.0,13.6,18.0,0.3,0.6,0.6,-18.5,-5.5,-2.5,-10.3,4.0,13.5,18.0,0.3,0.6,0.6,-29.0,-21.1,-10.4,-19.8,4.0,12.0,18.0,0.3,0.6,0.6,57.5,69.0,272.0,160.5,4.0,198.0,18.0,0.3,0.6,0.6,55.0,70.0,270.0,160.0,4.0,200.0,18.0,0.3,0.6,0.6
1974,2,251.0,17.0,23.63,25.0,26.1,25.0,5.0,1.87,20.0,0.6,0.6,0.5,23.0,24.4,26.29,24.64,5.0,1.73,20.0,0.6,0.6,0.5,13.54,13.96,15.96,14.77,5.0,1.96,20.0,0.6,0.6,0.5,68.9,80.2,83.2,76.6,5.0,8.4,20.0,0.6,0.5,2.92,5.1,7.7,5.46,5.0,3.08,20.0,0.6,0.6,0.5,-2.63,-0.89,0.17,-1.09,5.0,2.04,20.0,0.6,0.6,0.5,-7.23,-5.02,-0.68,-4.12,5.0,4.46,20.0,0.6,0.6,0.5,1012.73,1015.0,1015.47,1014.34,5.0,1.59,20.0,0.6,0.6,0.5,0.0,1.0,2.4,1.2,5.0,1.3,20.0,0.6,0.6,0.5,-21.6,-4.5,0.8,-10.0,5.0,16.2,20.0,0.6,0.6,0.5,-59.3,-25.6,-1.3,-32.1,5.0,41.4,20.0,0.6,0.6,0.5,-0.37,0.6,1.07,0.36,5.0,0.89,20.0,0.6,0.6,0.5,-3.8,1.6,4.6,0.2,5.0,6.3,20.0,0.6,0.6,0.5,3.74,5.5,6.23,5.07,5.0,1.31,20.0,0.6,0.6,0.5,16.7,17.8,38.9,27.9,5.0,20.8,20.0,0.6,0.6,0.5,-64.4,-21.7,6.6,-25.8,5.0,52.9,20.0,0.6,0.6,0.5,-177.0,-115.5,-14.6,-99.4,5.0,114.9,20.0,0.6,0.6,0.5,-37.1,-12.4,5.6,-13.4,5.0,31.4,20.0,0.6,0.6,0.5,-101.9,-70.1,-5.3,-55.2,5.0,65.1,20.0,0.6,0.6,0.5,-13.3,-5.5,2.0,-5.6,5.0,11.8,20.0,0.6,0.6,0.5,-36.5,-17.5,-4.9,-20.6,5.0,26.4,20.0,0.6,0.6,0.5,25.5,132.5,550.5,302.0,5.0,451.0,20.0,0.6,0.6,0.5,25.0,135.0,550.0,300.0,5.0,450.0,20.0,0.6,0.6,0.5
1974,2,251.0,18.0,23.16,23.5,24.11,23.63,3.0,0.71,16.0,0.7,0.7,0.7,21.51,22.55,23.43,22.48,4.0,1.33,12.0,0.8,0.7,0.6,12.11,13.23,13.63,12.88,3.0,1.16,16.0,0.7,0.7,0.7,77.2,79.1,79.8,78.5,3.0,1.9,16.0,0.7,0.7,2.84,4.65,6.2,4.53,4.0,1.94,12.0,0.8,0.7,0.6,-0.78,-0.23,0.0,-0.38,4.0,0.51,12.0,0.8,0.7,0.6,-6.16,-4.6,-2.82,-4.49,4.0,1.93,12.0,0.8,0.7,0.6,1013.69,1014.45,1017.1,1015.35,4.0,2.51,12.0,0.8,0.7,0.6,0.0,1.0,4.6,2.3,4.0,3.3,12.0,0.8,0.7,0.6,-4.1,-0.6,0.0,-2.0,4.0,3.2,12.0,0.8,0.7,0.6,-38.2,-23.7,-8.1,-23.1,4.0,17.4,12.0,0.8,0.7,0.6,1.33,1.6,2.01,1.67,3.0,0.5,16.0,0.7,0.7,0.7,7.0,7.4,9.1,8.1,3.0,1.6,16.0,0.7,0.7,0.7,4.95,5.23,5.64,5.29,3.0,0.51,16.0,0.7,0.7,0.7,21.8,29.9,31.6,26.8,3.0,7.7,16.0,0.7,0.7,0.7,-17.7,-5.4,0.0,-8.7,4.0,11.4,12.0,0.8,0.7,0.6,-138.9,-100.3,-62.9,-100.9,4.0,43.8,12.0,0.8,0.7,0.6,-9.7,0.0,0.0,-4.7,3.0,8.2,16.0,0.7,0.7,0.7,-84.1,-80.8,-50.1,-67.5,3.0,27.4,16.0,0.7,0.7,0.7,-3.5,0.0,0.0,-1.7,3.0,3.0,16.0,0.7,0.7,0.7,-31.5,-29.4,-21.7,-26.6,3.0,7.6,16.0,0.7,0.7,0.7,23.5,134.0,238.5,131.0,4.0,124.0,12.0,0.8,0.7,0.6,25.0,135.0,240.0,130.0,4.0,125.0,12.0,0.8,0.7,0.6
1974,2,251.0,19.0,21.27,22.25,23.19,22.36,16.0,0.96,14.0,0.4,0.5,0.5,20.0,21.05,22.69,21.45,16.0,1.51,14.0,0.4,0.5,0.5,10.79,12.11,13.8,12.14,16.0,1.42,14.0,0.4,0.5,0.5,68.7,78.6,85.6,76.9,16.0,10.7,14.0,0.4,0.5,2.71,5.1,6.2,4.69,15.0,2.46,14.0,0.4,0.5,0.5,-2.69,0.0,1.74,-0.11,15.0,1.88,14.0,0.4,0.5,0.5,-5.63,-4.79,-2.39,-4.39,15.0,2.33,14.0,0.4,0.5,0.5,1013.2,1014.8,1016.0,1014.85,16.0,1.65,14.0,0.4,0.5,0.5,0.0,2.0,5.0,2.3,16.0,2.4,14.0,0.4,0.5,0.5,-17.0,0.0,8.3,-3.0,15.0,12.9,14.0,0.4,0.5,0.5,-33.3,-24.4,-6.6,-25.9,15.0,24.6,14.0,0.4,0.5,0.5,-0.31,1.05,1.92,0.91,16.0,1.58,14.0,0.4,0.5,0.5,0.0,2.9,10.2,3.6,15.0,8.9,14.0,0.4,0.5,0.5,2.86,4.6,5.92,4.69,16.0,1.78,14.0,0.4,0.5,0.5,12.1,18.0,24.5,21.2,15.0,18.9,14.0,0.4,0.5,0.5,-54.9,0.0,38.5,-2.3,15.0,39.5,14.0,0.4,0.5,0.5,-124.9,-98.2,-49.2,-94.3,15.0,51.3,14.0,0.4,0.5,0.5,-28.8,0.0,24.8,0.3,15.0,22.3,14.0,0.4,0.5,0.5,-74.6,-56.4,-28.6,-53.4,15.0,25.9,14.0,0.4,0.5,0.5,-10.4,0.0,4.7,-1.7,15.0,10.4,14.0,0.4,0.5,0.5,-23.0,-14.1,-11.4,-19.7,15.0,17.7,14.0,0.4,0.5,0.5,20.5,132.5,238.5,186.0,15.0,271.5,14.0,0.4,0.5,0.5,20.0,135.0,240.0,185.0,15.0,270.0,14.0,0.4,0.5,0.5
1974,2,251.0,20.0,20.92,22.0,24.0,22.08,18.0,1.5,14.0,0.4,0.5,0.4,19.82,21.1,23.3,21.38,18.0,2.34,14.0,0.4,0.5,0.4,8.9,12.16,14.04,12.24,18.0,2.61,14.0,0.4,0.5,0.4,69.3,77.2,85.7,76.7,18.0,10.7,14.0,0.4,0.4,3.37,5.1,10.03,6.14,17.0,3.07,12.0,0.5,0.5,0.5,-3.72,0.17,2.16,-0.1,17.0,3.23,12.0,0.5,0.5,0.5,-9.03,-5.1,-1.72,-5.23,17.0,3.15,12.0,0.5,0.5,0.5,1012.35,1014.2,1016.15,1014.36,18.0,2.09,14.0,0.4,0.5,0.4,0.0,2.5,4.3,2.3,18.0,2.3,14.0,0.4,0.5,0.4,-27.6,0.2,11.1,-2.1,17.0,26.6,12.0,0.5,0.5,0.5,-87.5,-26.0,-6.0,-40.9,17.0,36.7,12.0,0.5,0.5,0.5,-1.3,0.9,2.66,0.71,18.0,2.07,14.0,0.4,0.5,0.4,-8.0,4.9,23.4,6.6,17.0,14.5,12.0,0.5,0.5,0.5,1.98,4.59,6.69,4.35,18.0,2.21,14.0,0.4,0.5,0.4,8.6,22.0,50.8,28.0,17.0,22.9,12.0,0.5,0.5,0.5,-74.3,3.7,46.6,0.4,17.0,71.0,12.0,0.5,0.5,0.5,-183.1,-107.1,-41.0,-109.2,17.0,62.6,12.0,0.5,0.5,0.5,-46.1,1.5,26.0,0.8,17.0,41.6,12.0,0.5,0.5,0.5,-92.1,-65.9,-24.1,-62.3,17.0,35.8,12.0,0.5,0.5,0.5,-17.3,1.2,11.2,-2.2,17.0,15.3,12.0,0.5,0.5,0.5,-48.0,-16.9,-6.3,-24.5,17.0,22.0,12.0,0.5,0.5,0.5,39.0,132.5,1011.0,396.5,17.0,428.5,12.0,0.5,0.5,0.5,40.0,135.0,1010.0,395.0,17.0,430.0,12.0,0.5,0.5,0.5
1974,2,251.0,21.0,20.6,22.2,22.92,21.8,54.0,1.21,14.0,0.6,0.6,0.4,19.5,20.85,22.2,20.98,60.0,1.68,14.0,0.6,0.6,0.4,10.21,11.74,13.11,11.75,56.0,1.57,14.0,0.6,0.6,0.4,67.6,75.9,85.1,76.6,56.0,9.2,14.0,0.6,0.4,2.6,5.1,8.6,5.3,59.0,3.02,14.0,0.6,0.6,0.4,-0.69,0.71,3.24,1.03,59.0,2.33,14.0,0.6,0.6,0.4,-7.7,-4.04,-2.09,-4.6,59.0,3.1,14.0,0.6,0.6,0.4,1013.38,1015.1,1017.13,1015.27,60.0,2.23,14.0,0.6,0.6,0.4,0.0,1.0,6.0,2.4,60.0,2.7,14.0,0.6,0.6,0.4,-2.8,2.9,19.8,5.6,59.0,17.4,14.0,0.6,0.6,0.4,-62.4,-19.9,-6.0,-33.1,59.0,38.9,14.0,0.6,0.6,0.4,-1.1,1.1,2.66,0.83,54.0,1.99,14.0,0.6,0.6,0.4,-5.6,3.9,13.3,3.4,53.0,11.3,14.0,0.6,0.6,0.4,2.72,4.74,6.51,4.6,53.0,1.88,14.0,0.6,0.6,0.4,8.3,20.1,37.2,22.9,52.0,18.7,14.0,0.6,0.6,0.4,-13.9,15.7,64.7,22.3,59.0,48.3,14.0,0.6,0.6,0.4,-167.6,-84.8,-44.9,-96.6,59.0,63.6,14.0,0.6,0.6,0.4,-8.3,10.2,38.7,13.8,55.0,29.7,14.0,0.6,0.6,0.4,-93.2,-47.8,-22.2,-51.6,55.0,32.3,14.0,0.6,0.6,0.4,-2.7,1.4,16.0,4.7,52.0,10.4,14.0,0.6,0.6,0.4,-29.0,-15.5,-6.5,-20.1,52.0,18.5,14.0,0.6,0.6,0.4,17.5,132.5,636.5,307.5,59.0,490.0,14.0,0.6,0.6,0.4,20.0,135.0,635.0,310.0,59.0,490.0,14.0,0.6,0.6,0.4
1974,2,251.0,22.0,21.11,21.35,21.59,21.35,2.0,0.49,14.0,0.5,0.8,0.4,19.24,19.55,19.86,19.55,2.0,0.64,14.0,0.5,0.8,0.4,10.64,10.93,11.23,10.93,2.0,0.62,14.0,0.5,0.8,0.4,74.2,77.9,81.6,77.9,2.0,7.7,14.0,0.5,0.4,3.13,6.65,10.17,6.65,2.0,7.28,14.0,0.5,0.8,0.4,1.73,2.67,3.6,2.67,2.0,1.94,14.0,0.5,0.8,0.4,-9.45,-5.92,-2.39,-5.92,2.0,7.31,14.0,0.5,0.8,0.4,1014.7,1016.2,1017.7,1016.2,2.0,3.11,14.0,0.5,0.8,0.4,0.0,0.0,0.0,0.0,2.0,0.0,14.0,0.5,0.8,0.4,9.2,24.8,40.4,24.8,2.0,32.3,14.0,0.5,0.8,0.4,-110.3,-66.0,-21.7,-66.0,2.0,91.7,14.0,0.5,0.8,0.4,1.73,1.8,1.87,1.8,2.0,0.14,14.0,0.5,0.8,0.4,5.6,11.5,17.3,11.5,2.0,12.2,14.0,0.5,0.8,0.4,4.28,4.84,5.39,4.84,2.0,1.15,14.0,0.5,0.8,0.4,15.7,36.3,57.0,36.3,2.0,42.9,14.0,0.5,0.8,0.4,33.7,52.8,71.8,52.8,2.0,39.5,14.0,0.5,0.8,0.4,-188.8,-118.0,-47.2,-118.0,2.0,146.7,14.0,0.5,0.8,0.4,19.2,28.6,38.0,28.6,2.0,19.5,14.0,0.5,0.8,0.4,-99.3,-62.5,-25.7,-62.5,2.0,76.3,14.0,0.5,0.8,0.4,8.0,14.0,20.0,14.0,2.0,12.4,14.0,0.5,0.8,0.4,-53.2,-32.8,-12.5,-32.8,2.0,42.2,14.0,0.5,0.8,0.4,263.5,823.0,1383.0,823.0,2.0,1159.5,14.0,0.5,0.8,0.4,265.0,825.0,1385.0,825.0,2.0,1160.0,14.0,0.5,0.8,0.4
1974,2,251.0,23.0,19.63,21.0,21.37,20.6,5.0,1.14,14.0,0.4,0.7,0.2,18.42,19.1,20.22,19.34,5.0,1.66,14.0,0.4,0.7,0.2,8.85,10.5,10.95,9.92,3.0,1.62,14.0,0.3,0.6,0.1,69.3,76.1,79.6,74.5,3.0,7.7,14.0,0.3,0.1,5.1,6.4,8.22,6.65,4.0,1.84,12.0,0.3,0.7,0.2,0.83,2.36,3.43,2.14,4.0,1.67,12.0,0.3,0.7,0.2,-7.46,-5.88,0.08,-3.79,4.0,5.86,12.0,0.3,0.7,0.2,1012.34,1014.0,1016.28,1014.34,5.0,2.72,14.0,0.4,0.7,0.2,0.0,0.0,1.1,0.6,5.0,1.3,14.0,0.4,0.7,0.2,4.2,17.4,27.9,16.1,4.0,14.0,12.0,0.3,0.7,0.2,-61.7,-38.7,0.4,-31.0,4.0,41.3,12.0,0.3,0.7,0.2,0.57,1.6,1.87,1.26,5.0,0.82,14.0,0.4,0.7,0.2,2.2,10.0,15.5,8.9,4.0,7.9,12.0,0.3,0.7,0.2,3.9,4.96,5.33,4.62,3.0,1.08,14.0,0.3,0.6,0.1,21.5,30.3,39.1,30.3,2.0,18.2,10.0,0.0,0.5,0.0,15.9,45.2,65.5,40.9,4.0,31.8,12.0,0.3,0.7,0.2,-142.6,-119.4,-5.5,-76.1,4.0,113.3,12.0,0.3,0.7,0.2,21.3,25.4,29.4,25.4,2.0,8.3,10.0,0.0,0.5,0.0,-63.7,-16.2,31.4,-16.2,2.0,98.5,10.0,0.0,0.5,0.0,7.3,10.4,13.4,10.4,2.0,6.2,10.0,0.0,0.5,0.0,-31.5,-12.1,7.3,-12.1,2.0,40.2,10.0,0.0,0.5,0.0,132.5,294.5,562.5,345.0,4.0,259.0,12.0,0.3,0.7,0.2,135.0,295.0,560.0,345.0,4.0,260.0,12.0,0.3,0.7,0.2
1974,2,252.0,-69.0,1.0,1.0,1.0,1.0,1.0,0.0,22.0,1.0,0.4,0.2,-0.5,-0.5,-0.5,-0.5,1.0,0.0,22.0,1.0,0.4,0.2,3.39,3.39,3.39,3.39,1.0,0.0,22.0,1.0,0.4,0.2,88.9,88.9,88.9,88.9,1.0,0.0,22.0,1.0,0.2,7.2,7.2,7.2,7.2,1.0,0.0,22.0,1.0,0.4,0.2,7.2,7.2,7.2,7.2,1.0,0.0,22.0,1.0,0.4,0.2,0.0,0.0,0.0,0.0,1.0,0.0,22.0,1.0,0.4,0.2,967.1,967.1,967.1,967.1,1.0,0.0,22.0,1.0,0.4,0.2,7.0,7.0,7.0,7.0,1.0,0.0,22.0,1.0,0.4,0.2,51.8,51.8,51.8,51.8,1.0,0.0,22.0,1.0,0.4,0.2,0.0,0.0,0.0,0.0,1.0,0.0,22.0,1.0,0.4,0.2,1.5,1.5,1.5,1.5,1.0,0.0,22.0,1.0,0.4,0.2,10.8,10.8,10.8,10.8,1.0,0.0,22.0,1.0,0.4,0.2,0.86,0.86,0.86,0.86,1.0,0.0,22.0,1.0,0.4,0.2,6.2,6.2,6.2,6.2,1.0,0.0,22.0,1.0,0.4,0.2,-3.6,-3.6,-3.6,-3.6,1.0,0.0,22.0,1.0,0.4,0.2,0.0,0.0,0.0,0.0,1.0,0.0,22.0,1.0,0.4,0.2,24.4,24.4,24.4,24.4,1.0,0.0,22.0,1.0,0.4,0.2,0.0,0.0,0.0,0.0,1.0,0.0,22.0,1.0,0.4,0.2,6.2,6.2,6.2,6.2,1.0,0.0,22.0,1.0,0.4,0.2,0.0,0.0,0.0,0.0,1.0,0.0,22.0,1.0,0.4,0.2,373.0,373.0,373.0,373.0,1.0,0.0,22.0,1.0,0.4,0.2,375.0,375.0,375.0,375.0,1.0,0.0,22.0,1.0,0.4,0.2
1974,2,252.0,-22.0,,,,,,,,,,,,,,,,,,,,,,,,,,,,,,,,,,,,,,,,1.69,4.25,6.81,4.25,2.0,5.3,20.0,0.0,0.5,1.0,-6.79,-4.19,-1.59,-4.19,2.0,5.39,20.0,0.0,0.5,1.0,-0.27,-0.16,-0.05,-0.16,2.0,0.23,20.0,0.0,0.5,1.0,1018.74,1019.9,1021.06,1019.9,2.0,2.4,20.0,0.0,0.5,1.0,,,,,,,,,,,,,,,,,,,,,,,,,,,,,,,,,,,,,,,,,,,,,,,,,,,,,,,,,,,,,,,,,,,,,,,,,,,,,,,,,,,,,,,,,,,,,,,,,,,,,,,,,,,,,,,,,,,,,,,,,,,,,,,,,,,,,,,,,,,,,,,,,,,,,,
1974,2,252.0,-21.0,23.91,24.8,25.69,24.8,2.0,1.84,16.0,0.5,0.5,0.6,24.33,24.4,24.47,24.4,2.0,0.14,16.0,0.5,0.5,0.6,14.31,14.49,14.66,14.49,2.0,0.36,16.0,0.5,0.5,0.6,75.2,76.5,77.8,76.5,2.0,2.7,16.0,0.5,0.6,7.02,7.7,8.38,7.7,2.0,1.41,16.0,0.5,0.5,0.6,-8.27,-7.63,-7.0,-7.63,2.0,1.32,16.0,0.5,0.5,0.6,0.24,0.76,1.27,0.76,2.0,1.07,16.0,0.5,0.5,0.6,1016.32,1017.0,1017.68,1017.0,2.0,1.41,16.0,0.5,0.5,0.6,3.0,5.0,7.0,5.0,2.0,4.2,16.0,0.5,0.5,0.6,-69.8,-59.7,-49.6,-59.7,2.0,21.0,16.0,0.5,0.5,0.6,2.1,6.6,11.1,6.6,2.0,9.3,16.0,0.5,0.5,0.6,-0.42,0.4,1.22,0.4,2.0,1.7,16.0,0.5,0.5,0.6,-2.3,4.3,10.9,4.3,2.0,13.6,16.0,0.5,0.5,0.6,3.79,5.03,6.26,5.03,2.0,2.56,16.0,0.5,0.5,0.6,27.6,40.5,53.5,40.5,2.0,26.8,16.0,0.5,0.5,0.6,-202.4,-186.4,-170.3,-186.4,2.0,33.3,16.0,0.5,0.5,0.6,5.9,18.5,31.1,18.5,2.0,26.2,16.0,0.5,0.5,0.6,-118.3,-110.4,-102.5,-110.4,2.0,16.4,16.0,0.5,0.5,0.6,3.4,10.7,18.1,10.7,2.0,15.2,16.0,0.5,0.5,0.6,-52.7,-40.1,-27.4,-40.1,2.0,26.2,16.0,0.5,0.5,0.6,1.6,5.2,8.7,5.2,2.0,7.3,16.0,0.5,0.5,0.6,357.5,479.5,601.5,479.5,2.0,253.0,16.0,0.5,0.5,0.6,360.0,480.0,600.0,480.0,2.0,255.0,16.0,0.5,0.5,0.6
1974,2,252.0,-19.0,23.3,23.3,23.3,23.3,2.0,0.0,10.0,0.5,0.6,0.5,21.17,21.55,21.93,21.55,2.0,0.78,10.0,0.5,0.6,0.5,13.75,13.88,14.01,13.88,2.0,0.27,10.0,0.5,0.6,0.5,84.4,87.1,89.9,87.1,2.0,5.7,10.0,0.5,0.5,8.28,8.45,8.62,8.45,2.0,0.35,10.0,0.5,0.6,0.5,-8.49,-8.32,-8.15,-8.32,2.0,0.35,10.0,0.5,0.6,0.5,1.44,1.47,1.5,1.47,2.0,0.06,10.0,0.5,0.6,0.5,1014.97,1015.75,1016.54,1015.75,2.0,1.63,10.0,0.5,0.6,0.5,8.0,8.0,8.0,8.0,2.0,0.0,10.0,0.5,0.6,0.5,-73.2,-70.4,-67.5,-70.4,2.0,5.9,10.0,0.5,0.6,0.5,11.9,12.4,12.9,12.4,2.0,1.0,10.0,0.5,0.6,0.5,1.37,1.75,2.13,1.75,2.0,0.78,10.0,0.5,0.6,0.5,11.8,14.7,17.5,14.7,2.0,6.0,10.0,0.5,0.6,0.5,3.79,3.9,4.02,3.9,2.0,0.24,10.0,0.5,0.6,0.5,31.4,33.0,34.7,33.0,2.0,3.4,10.0,0.5,0.6,0.5,-186.2,-179.5,-172.7,-179.5,2.0,14.0,10.0,0.5,0.6,0.5,30.5,31.6,32.8,31.6,2.0,2.5,10.0,0.5,0.6,0.5,-116.7,-115.5,-114.2,-115.5,2.0,2.6,10.0,0.5,0.6,0.5,20.1,20.4,20.6,20.4,2.0,0.5,10.0,0.5,0.6,0.5,-34.1,-32.5,-30.9,-32.5,2.0,3.4,10.0,0.5,0.6,0.5,5.4,5.7,6.0,5.7,2.0,0.6,10.0,0.5,0.6,0.5,568.5,605.0,641.5,605.0,2.0,76.0,10.0,0.5,0.6,0.5,570.0,605.0,640.0,605.0,2.0,75.0,10.0,0.5,0.6,0.5
1974,2,252.0,-16.0,22.16,22.5,23.52,22.83,3.0,1.04,4.0,0.7,0.5,0.8,22.33,22.85,24.83,23.55,4.0,2.01,8.0,0.5,0.6,0.8,13.09,14.52,15.84,14.47,4.0,1.66,8.0,0.5,0.6,0.8,71.9,77.8,89.2,80.4,4.0,10.9,8.0,0.5,0.8,5.86,7.45,9.3,7.58,4.0,2.21,8.0,0.5,0.6,0.8,-8.34,-6.42,-4.95,-6.64,4.0,2.0,8.0,0.5,0.6,0.8,2.25,3.56,4.75,3.5,4.0,1.52,8.0,0.5,0.6,0.8,1013.07,1014.05,1016.29,1014.65,4.0,2.37,8.0,0.5,0.6,0.8,3.4,6.5,7.0,5.3,4.0,2.9,8.0,0.5,0.6,0.8,-78.2,-48.8,-29.2,-53.5,4.0,30.4,8.0,0.5,0.6,0.8,15.6,25.9,41.5,28.4,4.0,18.4,8.0,0.5,0.6,0.8,-2.91,0.5,0.84,-1.0,3.0,3.04,4.0,0.7,0.5,0.8,-30.3,4.1,5.9,-11.8,3.0,29.9,4.0,0.7,0.5,0.8,1.79,3.32,5.1,3.44,3.0,2.42,4.0,0.7,0.5,0.8,16.3,27.2,35.7,26.0,3.0,14.3,4.0,0.7,0.5,0.8,-204.5,-143.8,-113.2,-158.2,4.0,58.6,8.0,0.5,0.6,0.8,50.1,80.4,118.7,84.2,4.0,42.6,8.0,0.5,0.6,0.8,-122.0,-91.5,-71.0,-96.2,4.0,32.1,8.0,0.5,0.6,0.8,33.1,46.3,67.4,50.0,4.0,22.2,8.0,0.5,0.6,0.8,-28.9,-25.6,-14.7,-21.9,3.0,10.8,4.0,0.7,0.5,0.8,6.8,9.3,20.4,13.5,3.0,10.6,4.0,0.7,0.5,0.8,212.5,426.0,835.0,519.5,4.0,419.0,8.0,0.5,0.6,0.8,215.0,425.0,835.0,520.0,4.0,420.0,8.0,0.5,0.6,0.8
1974,2,252.0,-15.0,23.29,23.9,24.51,23.9,2.0,1.27,18.0,0.0,0.4,0.5,23.03,23.1,23.65,23.33,3.0,0.49,20.0,0.0,0.4,0.6,12.77,12.77,12.77,12.77,1.0,0.0,12.0,0.0,0.3,0.8,69.6,69.6,69.6,69.6,1.0,0.0,12.0,0.0,0.8,7.02,7.7,10.64,8.8,3.0,2.82,20.0,0.0,0.4,0.6,-9.21,-6.67,-5.62,-7.4,3.0,2.7,20.0,0.0,0.4,0.6,3.99,4.31,5.46,4.72,3.0,1.13,20.0,0.0,0.4,0.6,1015.54,1016.7,1016.77,1016.17,3.0,1.01,20.0,0.0,0.4,0.6,3.0,3.0,5.0,4.0,3.0,1.7,20.0,0.0,0.4,0.6,-101.4,-51.3,-39.8,-70.1,3.0,48.0,20.0,0.0,0.4,0.6,29.1,29.6,58.6,43.5,3.0,24.7,20.0,0.0,0.4,0.6,-0.49,0.4,1.29,0.4,2.0,1.84,18.0,0.0,0.4,0.5,-1.8,7.2,16.2,7.2,2.0,18.7,18.0,0.0,0.4,0.5,4.67,4.67,4.67,4.67,1.0,0.0,12.0,0.0,0.3,0.8,31.3,31.3,31.3,31.3,1.0,0.0,12.0,0.0,0.3,0.8,-212.5,-153.4,-132.4,-172.0,3.0,60.9,20.0,0.0,0.4,0.6,93.1,102.9,127.3,110.0,3.0,25.8,20.0,0.0,0.4,0.6,-65.6,-65.6,-65.6,-65.6,1.0,0.0,12.0,0.0,0.3,0.8,55.0,55.0,55.0,55.0,1.0,0.0,12.0,0.0,0.3,0.8,-24.0,-24.0,-24.0,-24.0,1.0,0.0,12.0,0.0,0.3,0.8,20.1,20.1,20.1,20.1,1.0,0.0,12.0,0.0,0.3,0.8,350.0,456.5,1324.5,828.5,3.0,783.0,20.0,0.0,0.4,0.6,350.0,455.0,1325.0,830.0,3.0,785.0,20.0,0.0,0.4,0.6
1974,2,252.0,-14.0,23.69,24.5,25.84,24.75,4.0,1.4,14.0,0.5,0.5,0.6,23.4,23.65,24.95,24.15,4.0,1.25,14.0,0.5,0.5,0.6,13.16,13.62,14.53,13.83,4.0,0.89,14.0,0.5,0.5,0.6,72.1,73.5,75.4,73.8,4.0,2.1,14.0,0.5,0.6,5.86,7.2,7.96,6.93,4.0,1.37,14.0,0.5,0.5,0.6,-6.54,-5.19,-4.18,-5.36,4.0,1.79,14.0,0.5,0.5,0.6,0.0,2.9,6.05,3.02,4.0,3.49,14.0,0.5,0.5,0.6,1011.43,1012.6,1013.82,1012.63,4.0,1.46,14.0,0.5,0.5,0.6,3.0,5.5,7.0,5.0,4.0,2.4,14.0,0.5,0.5,0.6,-51.6,-34.6,-24.1,-37.7,4.0,17.0,14.0,0.5,0.5,0.6,0.0,19.4,45.5,22.6,4.0,26.6,14.0,0.5,0.5,0.6,-0.57,0.05,1.82,0.6,4.0,1.87,14.0,0.5,0.5,0.6,-3.0,0.3,14.8,5.6,4.0,14.5,14.0,0.5,0.5,0.6,4.68,4.83,6.8,5.7,4.0,1.91,14.0,0.5,0.5,0.6,27.4,34.2,54.6,40.7,4.0,20.3,14.0,0.5,0.5,0.6,-157.9,-127.7,-100.2,-129.0,4.0,41.5,14.0,0.5,0.5,0.6,0.0,69.0,142.4,71.1,4.0,82.2,14.0,0.5,0.5,0.6,-89.2,-73.3,-57.8,-73.5,4.0,22.1,14.0,0.5,0.5,0.6,0.0,40.6,82.3,41.1,4.0,47.5,14.0,0.5,0.5,0.6,-41.5,-30.9,-19.7,-30.6,4.0,13.3,14.0,0.5,0.5,0.6,0.0,13.3,40.9,20.1,4.0,25.7,14.0,0.5,0.5,0.6,212.5,378.5,506.0,360.5,4.0,183.5,14.0,0.5,0.5,0.6,215.0,380.0,505.0,360.0,4.0,185.0,14.0,0.5,0.5,0.6
1974,2,252.0,-9.0,24.73,24.8,24.87,24.8,2.0,0.14,18.0,0.0,0.7,0.5,24.03,24.1,24.17,24.1,2.0,0.14,18.0,0.0,0.7,0.5,14.6,14.66,14.73,14.66,2.0,0.14,18.0,0.0,0.7,0.5,77.7,78.4,79.0,78.4,2.0,1.4,18.0,0.0,0.5,11.0,11.0,11.0,11.0,2.0,0.0,18.0,0.0,0.7,0.5,-9.53,-9.53,-9.53,-9.53,2.0,0.0,18.0,0.0,0.7,0.5,5.5,5.5,5.5,5.5,2.0,0.0,18.0,0.0,0.7,0.5,1010.71,1010.95,1011.19,1010.95,2.0,0.49,18.0,0.0,0.7,0.5,2.0,2.0,2.0,2.0,2.0,0.0,18.0,0.0,0.7,0.5,-104.8,-104.8,-104.8,-104.8,2.0,0.0,18.0,0.0,0.7,0.5,60.5,60.5,60.5,60.5,2.0,0.0,18.0,0.0,0.7,0.5,0.56,0.7,0.84,0.7,2.0,0.28,18.0,0.0,0.7,0.5,6.2,7.7,9.2,7.7,2.0,3.1,18.0,0.0,0.7,0.5,4.89,4.91,4.93,4.91,2.0,0.04,18.0,0.0,0.7,0.5,53.8,54.1,54.3,54.1,2.0,0.4,18.0,0.0,0.7,0.5,-230.2,-229.6,-228.9,-229.6,2.0,1.3,18.0,0.0,0.7,0.5,132.2,132.6,132.9,132.6,2.0,0.8,18.0,0.0,0.7,0.5,-140.3,-139.7,-139.1,-139.7,2.0,1.3,18.0,0.0,0.7,0.5,80.3,80.7,81.0,80.7,2.0,0.8,18.0,0.0,0.7,0.5,-47.0,-46.8,-46.6,-46.8,2.0,0.4,18.0,0.0,0.7,0.5,26.9,27.0,27.1,27.0,2.0,0.2,18.0,0.0,0.7,0.5,1331.0,1331.0,1331.0,1331.0,2.0,0.0,18.0,0.0,0.7,0.5,1330.0,1330.0,1330.0,1330.0,2.0,0.0,18.0,0.0,0.7,0.5
1974,2,252.0,-7.0,26.0,26.0,26.0,26.0,1.0,0.0,22.0,0.0,0.6,0.3,25.0,25.0,25.0,25.0,1.0,0.0,22.0,0.0,0.6,0.3,17.99,17.99,17.99,17.99,1.0,0.0,22.0,0.0,0.6,0.3,90.8,90.8,90.8,90.8,1.0,0.0,22.0,0.0,0.3,6.7,6.7,6.7,6.7,1.0,0.0,22.0,0.0,0.6,0.3,-3.35,-3.35,-3.35,-3.35,1.0,0.0,22.0,0.0,0.6,0.3,5.8,5.8,5.8,5.8,1.0,0.0,22.0,0.0,0.6,0.3,1010.2,1010.2,1010.2,1010.2,1.0,0.0,22.0,0.0,0.6,0.3,8.0,8.0,8.0,8.0,1.0,0.0,22.0,0.0,0.6,0.3,-22.4,-22.4,-22.4,-22.4,1.0,0.0,22.0,0.0,0.6,0.3,38.9,38.9,38.9,38.9,1.0,0.0,22.0,0.0,0.6,0.3,1.0,1.0,1.0,1.0,1.0,0.0,22.0,0.0,0.6,0.3,6.7,6.7,6.7,6.7,1.0,0.0,22.0,0.0,0.6,0.3,3.07,3.07,3.07,3.07,1.0,0.0,22.0,0.0,0.6,0.3,20.6,20.6,20.6,20.6,1.0,0.0,22.0,0.0,0.6,0.3,-83.7,-83.7,-83.7,-83.7,1.0,0.0,22.0,0.0,0.6,0.3,145.1,145.1,145.1,145.1,1.0,0.0,22.0,0.0,0.6,0.3,-60.3,-60.3,-60.3,-60.3,1.0,0.0,22.0,0.0,0.6,0.3,104.4,104.4,104.4,104.4,1.0,0.0,22.0,0.0,0.6,0.3,-10.3,-10.3,-10.3,-10.3,1.0,0.0,22.0,0.0,0.6,0.3,17.8,17.8,17.8,17.8,1.0,0.0,22.0,0.0,0.6,0.3,301.0,301.0,301.0,301.0,1.0,0.0,22.0,0.0,0.6,0.3,300.0,300.0,300.0,300.0,1.0,0.0,22.0,0.0,0.6,0.3
1974,2,252.0,-4.0,24.5,24.5,24.5,24.5,1.0,0.0,14.0,1.0,0.3,1.0,24.5,24.5,24.5,24.5,1.0,0.0,14.0,1.0,0.3,1.0,17.31,17.31,17.31,17.31,1.0,0.0,14.0,1.0,0.3,1.0,90.3,90.3,90.3,90.3,1.0,0.0,14.0,1.0,1.0,5.1,5.1,5.1,5.1,1.0,0.0,14.0,1.0,0.3,1.0,-3.28,-3.28,-3.28,-3.28,1.0,0.0,14.0,1.0,0.3,1.0,3.91,3.91,3.91,3.91,1.0,0.0,14.0,1.0,0.3,1.0,1012.2,1012.2,1012.2,1012.2,1.0,0.0,14.0,1.0,0.3,1.0,4.0,4.0,4.0,4.0,1.0,0.0,14.0,1.0,0.3,1.0,-16.7,-16.7,-16.7,-16.7,1.0,0.0,14.0,1.0,0.3,1.0,19.9,19.9,19.9,19.9,1.0,0.0,14.0,1.0,0.3,1.0,0.0,0.0,0.0,0.0,1.0,0.0,14.0,1.0,0.3,1.0,0.0,0.0,0.0,0.0,1.0,0.0,14.0,1.0,0.3,1.0,1.89,1.89,1.89,1.89,1.0,0.0,14.0,1.0,0.3,1.0,9.6,9.6,9.6,9.6,1.0,0.0,14.0,1.0,0.3,1.0,-80.3,-80.3,-80.3,-80.3,1.0,0.0,14.0,1.0,0.3,1.0,95.7,95.7,95.7,95.7,1.0,0.0,14.0,1.0,0.3,1.0,-56.7,-56.7,-56.7,-56.7,1.0,0.0,14.0,1.0,0.3,1.0,67.6,67.6,67.6,67.6,1.0,0.0,14.0,1.0,0.3,1.0,-6.2,-6.2,-6.2,-6.2,1.0,0.0,14.0,1.0,0.3,1.0,7.4,7.4,7.4,7.4,1.0,0.0,14.0,1.0,0.3,1.0,132.5,132.5,132.5,132.5,1.0,0.0,14.0,1.0,0.3,1.0,135.0,135.0,135.0,135.0,1.0,0.0,14.0,1.0,0.3,1.0
1974,2,252.0,-3.0,23.84,24.0,25.68,24.73,4.0,1.66,6.0,0.5,0.6,0.6,24.39,25.35,26.47,25.43,4.0,1.23,6.0,0.5,0.6,0.6,15.34,16.27,16.78,16.06,3.0,1.07,2.0,0.7,0.5,0.5,78.2,79.5,84.1,81.1,4.0,4.8,6.0,0.5,0.6,1.24,2.25,3.58,2.4,4.0,1.42,6.0,0.5,0.6,0.6,-2.09,-1.45,-0.58,-1.34,4.0,1.15,6.0,0.5,0.6,0.6,0.74,1.79,2.88,1.81,4.0,1.26,6.0,0.5,0.6,0.6,1011.68,1012.5,1013.39,1012.53,3.0,1.25,2.0,0.7,0.5,0.5,2.5,4.0,5.5,4.0,4.0,1.8,6.0,0.5,0.6,0.6,-7.8,-3.3,-0.9,-4.3,4.0,4.7,6.0,0.5,0.6,0.6,0.9,4.4,10.5,5.6,4.0,5.8,6.0,0.5,0.6,0.6,-1.53,-0.55,0.11,-0.7,4.0,1.07,6.0,0.5,0.6,0.6,-2.9,-1.2,0.5,-1.2,4.0,2.1,6.0,0.5,0.6,0.6,1.63,2.35,3.27,2.45,3.0,1.2,2.0,0.7,0.5,0.5,3.3,5.3,5.5,4.4,3.0,1.8,2.0,0.7,0.5,0.5,-53.1,-37.2,-13.9,-33.7,4.0,28.7,6.0,0.5,0.6,0.6,18.7,47.7,73.6,46.3,4.0,32.0,6.0,0.5,0.6,0.6,-37.3,-21.0,-4.7,-21.0,3.0,23.8,2.0,0.7,0.5,0.5,10.3,16.0,41.6,25.7,3.0,24.4,2.0,0.7,0.5,0.5,-4.6,-3.4,-0.8,-2.7,3.0,2.9,2.0,0.7,0.5,0.5,2.0,2.3,3.5,2.8,3.0,1.2,2.0,0.7,0.5,0.5,2.0,15.0,49.0,25.0,4.0,31.5,6.0,0.5,0.6,0.6,0.0,15.0,50.0,25.0,4.0,30.0,6.0,0.5,0.6,0.6
1974,2,252.0,-2.0,26.7,26.7,26.7,26.7,1.0,0.0,16.0,1.0,0.4,0.6,24.9,24.9,24.9,24.9,1.0,0.0,16.0,1.0,0.4,0.6,17.82,17.82,17.82,17.82,1.0,0.0,16.0,1.0,0.4,0.6,90.8,90.8,90.8,90.8,1.0,0.0,16.0,1.0,0.6,4.6,4.6,4.6,4.6,1.0,0.0,16.0,1.0,0.4,0.6,-1.57,-1.57,-1.57,-1.57,1.0,0.0,16.0,1.0,0.4,0.6,4.32,4.32,4.32,4.32,1.0,0.0,16.0,1.0,0.4,0.6,1013.6,1013.6,1013.6,1013.6,1.0,0.0,16.0,1.0,0.4,0.6,5.0,5.0,5.0,5.0,1.0,0.0,16.0,1.0,0.4,0.6,-7.2,-7.2,-7.2,-7.2,1.0,0.0,16.0,1.0,0.4,0.6,19.9,19.9,19.9,19.9,1.0,0.0,16.0,1.0,0.4,0.6,1.8,1.8,1.8,1.8,1.0,0.0,16.0,1.0,0.4,0.6,8.3,8.3,8.3,8.3,1.0,0.0,16.0,1.0,0.4,0.6,4.07,4.07,4.07,4.07,1.0,0.0,16.0,1.0,0.4,0.6,18.7,18.7,18.7,18.7,1.0,0.0,16.0,1.0,0.4,0.6,-39.2,-39.2,-39.2,-39.2,1.0,0.0,16.0,1.0,0.4,0.6,107.6,107.6,107.6,107.6,1.0,0.0,16.0,1.0,0.4,0.6,-28.0,-28.0,-28.0,-28.0,1.0,0.0,16.0,1.0,0.4,0.6,77.0,77.0,77.0,77.0,1.0,0.0,16.0,1.0,0.4,0.6,-6.4,-6.4,-6.4,-6.4,1.0,0.0,16.0,1.0,0.4,0.6,17.6,17.6,17.6,17.6,1.0,0.0,16.0,1.0,0.4,0.6,97.5,97.5,97.5,97.5,1.0,0.0,16.0,1.0,0.4,0.6,95.0,95.0,95.0,95.0,1.0,0.0,16.0,1.0,0.4,0.6
1974,2,252.0,-1.0,25.13,25.4,25.67,25.4,2.0,0.57,16.0,0.5,0.7,0.7,23.02,23.5,23.98,23.5,2.0,0.99,16.0,0.5,0.7,0.7,16.23,16.56,16.88,16.56,2.0,0.68,16.0,0.5,0.7,0.7,91.1,91.9,92.6,91.9,2.0,1.5,16.0,0.5,0.7,3.18,3.35,3.52,3.35,2.0,0.35,16.0,0.5,0.7,0.7,-2.12,-1.69,-1.26,-1.69,2.0,0.89,16.0,0.5,0.7,0.7,2.78,2.84,2.89,2.84,2.0,0.11,16.0,0.5,0.7,0.7,1012.89,1014.15,1015.41,1014.15,2.0,2.62,16.0,0.5,0.7,0.7,2.8,4.5,6.2,4.5,2.0,3.5,16.0,0.5,0.7,0.7,-7.5,-5.8,-4.1,-5.8,2.0,3.6,16.0,0.5,0.7,0.7,9.2,9.5,9.8,9.5,2.0,0.6,16.0,0.5,0.7,0.7,1.15,1.9,2.65,1.9,2.0,1.56,16.0,0.5,0.7,0.7,3.9,6.1,8.3,6.1,2.0,4.5,16.0,0.5,0.7,0.7,3.0,3.69,4.37,3.69,2.0,1.42,16.0,0.5,0.7,0.7,10.4,12.1,13.8,12.1,2.0,3.5,16.0,0.5,0.7,0.7,-50.9,-40.1,-29.2,-40.1,2.0,22.5,16.0,0.5,0.7,0.7,66.5,66.6,66.7,66.6,2.0,0.2,16.0,0.5,0.7,0.7,-35.9,-28.2,-20.6,-28.2,2.0,15.8,16.0,0.5,0.7,0.7,46.9,46.9,47.0,46.9,2.0,0.1,16.0,0.5,0.7,0.7,-6.0,-5.6,-5.2,-5.6,2.0,0.9,16.0,0.5,0.7,0.7,8.4,10.5,12.7,10.5,2.0,4.4,16.0,0.5,0.7,0.7,32.5,38.0,44.0,38.0,2.0,12.0,16.0,0.5,0.7,0.7,30.0,40.0,45.0,40.0,2.0,10.0,16.0,0.5,0.7,0.7
1974,2,252.0,0.0,24.7,24.7,24.7,24.7,1.0,0.0,8.0,1.0,0.8,0.8,25.2,25.2,25.2,25.2,1.0,0.0,8.0,1.0,0.8,0.8,14.59,14.59,14.59,14.59,1.0,0.0,8.0,1.0,0.8,0.8,72.9,72.9,72.9,72.9,1.0,0.0,8.0,1.0,0.8,4.6,4.6,4.6,4.6,1.0,0.0,8.0,1.0,0.8,0.8,3.52,3.52,3.52,3.52,1.0,0.0,8.0,1.0,0.8,0.8,2.96,2.96,2.96,2.96,1.0,0.0,8.0,1.0,0.8,0.8,1009.7,1009.7,1009.7,1009.7,1.0,0.0,8.0,1.0,0.8,0.8,3.0,3.0,3.0,3.0,1.0,0.0,8.0,1.0,0.8,0.8,16.2,16.2,16.2,16.2,1.0,0.0,8.0,1.0,0.8,0.8,13.6,13.6,13.6,13.6,1.0,0.0,8.0,1.0,0.8,0.8,-0.5,-0.5,-0.5,-0.5,1.0,0.0,8.0,1.0,0.8,0.8,-2.3,-2.3,-2.3,-2.3,1.0,0.0,8.0,1.0,0.8,0.8,4.89,4.89,4.89,4.89,1.0,0.0,8.0,1.0,0.8,0.8,22.5,22.5,22.5,22.5,1.0,0.0,8.0,1.0,0.8,0.8,88.8,88.8,88.8,88.8,1.0,0.0,8.0,1.0,0.8,0.8,74.5,74.5,74.5,74.5,1.0,0.0,8.0,1.0,0.8,0.8,51.4,51.4,51.4,51.4,1.0,0.0,8.0,1.0,0.8,0.8,43.1,43.1,43.1,43.1,1.0,0.0,8.0,1.0,0.8,0.8,17.2,17.2,17.2,17.2,1.0,0.0,8.0,1.0,0.8,0.8,14.5,14.5,14.5,14.5,1.0,0.0,8.0,1.0,0.8,0.8,97.5,97.5,97.5,97.5,1.0,0.0,8.0,1.0,0.8,0.8,95.0,95.0,95.0,95.0,1.0,0.0,8.0,1.0,0.8,0.8
1974,2,252.0,4.0,26.5,26.5,26.5,26.5,1.0,0.0,24.0,1.0,1.0,0.1,27.2,27.2,27.2,27.2,1.0,0.0,24.0,1.0,1.0,0.1,17.37,17.37,17.37,17.37,1.0,0.0,24.0,1.0,1.0,0.1,76.9,76.9,76.9,76.9,1.0,0.0,24.0,1.0,0.1,9.3,9.3,9.3,9.3,1.0,0.0,24.0,1.0,1.0,0.1,-8.74,-8.74,-8.74,-8.74,1.0,0.0,24.0,1.0,1.0,0.1,-3.18,-3.18,-3.18,-3.18,1.0,0.0,24.0,1.0,1.0,0.1,1008.9,1008.9,1008.9,1008.9,1.0,0.0,24.0,1.0,1.0,0.1,1.0,1.0,1.0,1.0,1.0,0.0,24.0,1.0,1.0,0.1,-81.3,-81.3,-81.3,-81.3,1.0,0.0,24.0,1.0,1.0,0.1,-29.6,-29.6,-29.6,-29.6,1.0,0.0,24.0,1.0,1.0,0.1,-0.7,-0.7,-0.7,-0.7,1.0,0.0,24.0,1.0,1.0,0.1,-6.5,-6.5,-6.5,-6.5,1.0,0.0,24.0,1.0,1.0,0.1,4.36,4.36,4.36,4.36,1.0,0.0,24.0,1.0,1.0,0.1,40.6,40.6,40.6,40.6,1.0,0.0,24.0,1.0,1.0,0.1,-237.7,-237.7,-237.7,-237.7,1.0,0.0,24.0,1.0,1.0,0.1,-86.5,-86.5,-86.5,-86.5,1.0,0.0,24.0,1.0,1.0,0.1,-151.8,-151.8,-151.8,-151.8,1.0,0.0,24.0,1.0,1.0,0.1,-55.2,-55.2,-55.2,-55.2,1.0,0.0,24.0,1.0,1.0,0.1,-38.1,-38.1,-38.1,-38.1,1.0,0.0,24.0,1.0,1.0,0.1,-13.9,-13.9,-13.9,-13.9,1.0,0.0,24.0,1.0,1.0,0.1,804.5,804.5,804.5,804.5,1.0,0.0,24.0,1.0,1.0,0.1,805.0,805.0,805.0,805.0,1.0,0.0,24.0,1.0,1.0,0.1
1974,2,252.0,7.0,25.35,25.9,26.45,25.9,2.0,1.13,14.0,1.0,0.3,0.4,27.26,27.4,27.54,27.4,2.0,0.28,14.0,1.0,0.3,0.4,17.42,17.8,18.18,17.8,2.0,0.79,14.0,1.0,0.3,0.4,76.9,77.9,78.9,77.9,2.0,2.0,14.0,1.0,0.4,2.64,5.1,7.56,5.1,2.0,5.09,14.0,1.0,0.3,0.4,-6.97,-3.53,-0.1,-3.53,2.0,7.12,14.0,1.0,0.3,0.4,-1.27,-0.76,-0.24,-0.76,2.0,1.07,14.0,1.0,0.3,0.4,1009.02,1009.5,1009.98,1009.5,2.0,0.99,14.0,1.0,0.3,0.4,1.3,2.0,2.7,2.0,2.0,1.4,14.0,1.0,0.3,0.4,-62.4,-36.1,-9.9,-36.1,2.0,54.3,14.0,1.0,0.3,0.4,-11.1,-6.6,-2.1,-6.6,2.0,9.3,14.0,1.0,0.3,0.4,-2.18,-1.5,-0.82,-1.5,2.0,1.41,14.0,1.0,0.3,0.4,-18.4,-11.2,-4.1,-11.2,2.0,14.8,14.0,1.0,0.3,0.4,2.12,3.18,4.23,3.18,2.0,2.19,14.0,1.0,0.3,0.4,8.2,10.6,13.0,10.6,2.0,5.0,14.0,1.0,0.3,0.4,-192.5,-97.8,-3.2,-97.8,2.0,196.1,14.0,1.0,0.3,0.4,-35.1,-20.8,-6.6,-20.8,2.0,29.5,14.0,1.0,0.3,0.4,-128.2,-65.7,-3.2,-65.7,2.0,129.5,14.0,1.0,0.3,0.4,-23.3,-13.9,-4.4,-13.9,2.0,19.6,14.0,1.0,0.3,0.4,-10.6,-3.4,3.7,-3.4,2.0,14.9,14.0,1.0,0.3,0.4,-2.1,-1.2,-0.4,-1.2,2.0,1.7,14.0,1.0,0.3,0.4,107.5,331.0,554.5,331.0,2.0,463.0,14.0,1.0,0.3,0.4,105.0,330.0,555.0,330.0,2.0,465.0,14.0,1.0,0.3,0.4
1974,2,252.0,10.0,26.9,27.1,27.17,27.03,3.0,0.21,14.0,1.0,0.7,0.6,26.2,26.4,29.27,27.7,3.0,2.52,14.0,1.0,0.7,0.6,14.54,14.54,14.54,14.54,1.0,0.0,18.0,1.0,0.7,0.6,67.9,67.9,67.9,67.9,1.0,0.0,18.0,1.0,0.6,6.44,6.95,7.46,6.95,2.0,1.06,12.0,1.0,0.7,0.6,-5.81,-5.63,-5.45,-5.63,2.0,0.37,12.0,1.0,0.7,0.6,-1.82,0.92,3.67,0.92,2.0,5.69,12.0,1.0,0.7,0.6,1010.39,1010.8,1012.37,1011.37,3.0,1.53,14.0,1.0,0.7,0.6,2.3,3.0,6.4,4.3,3.0,3.2,14.0,1.0,0.7,0.6,-43.5,-39.4,-35.2,-39.4,2.0,8.6,12.0,1.0,0.7,0.6,-10.1,9.4,29.0,9.4,2.0,40.5,12.0,1.0,0.7,0.6,,,,,,,,,,,,,,,,,,,,,,,,,,,,,,,,,,,,,,,,,,,,,,,,,,,,,,,,,,,,,,,,,,,,,,,,,,,,,,,,,,,,,,,,,,,,,,,,,,,,,,,,,,,,,,,,,,,,,,,,
1974,2,252.0,11.0,26.63,27.0,28.71,27.61,8.0,1.23,14.0,0.5,0.7,0.4,25.04,27.05,28.22,26.84,8.0,1.65,16.0,0.4,0.7,0.4,15.49,17.05,17.72,16.78,6.0,1.09,12.0,0.2,0.8,0.5,72.3,78.4,85.4,78.8,6.0,6.3,12.0,0.2,0.5,3.44,7.2,8.07,6.41,9.0,2.49,14.0,0.4,0.7,0.4,-7.54,-4.6,-2.94,-5.3,9.0,2.53,14.0,0.4,0.7,0.4,-5.63,-1.3,0.0,-2.28,9.0,2.93,14.0,0.4,0.7,0.4,1011.05,1012.2,1013.4,1012.19,9.0,1.14,14.0,0.4,0.7,0.4,2.3,3.0,7.7,4.4,9.0,2.9,14.0,0.4,0.7,0.4,-57.1,-29.6,-11.6,-38.7,9.0,29.3,14.0,0.4,0.7,0.4,-43.7,-3.4,0.0,-15.7,9.0,22.7,14.0,0.4,0.7,0.4,-0.64,0.5,1.74,0.66,7.0,1.37,14.0,0.4,0.7,0.4,-4.1,3.9,11.9,3.5,7.0,10.9,14.0,0.4,0.7,0.4,4.96,6.68,7.87,6.51,5.0,1.64,10.0,0.2,0.8,0.4,26.3,38.1,62.2,42.7,5.0,22.3,10.0,0.2,0.8,0.4,-213.7,-135.9,-70.4,-150.1,8.0,79.3,16.0,0.4,0.7,0.4,-105.4,-16.2,0.0,-47.2,8.0,70.6,16.0,0.4,0.7,0.4,-127.0,-81.1,-41.7,-83.3,6.0,41.5,12.0,0.2,0.8,0.5,-68.3,-10.1,4.6,-27.9,6.0,49.3,12.0,0.2,0.8,0.5,-49.9,-33.3,-23.4,-35.7,5.0,16.6,10.0,0.2,0.8,0.4,-35.5,0.0,2.1,-14.6,5.0,25.2,10.0,0.2,0.8,0.4,63.0,373.0,526.0,364.0,9.0,306.5,14.0,0.4,0.7,0.4,65.0,375.0,525.0,365.0,9.0,305.0,14.0,0.4,0.7,0.4
1974,2,252.0,12.0,27.25,27.8,28.48,27.87,3.0,0.9,14.0,0.7,0.6,0.5,26.61,27.5,29.34,27.97,3.0,2.04,14.0,0.7,0.6,0.5,15.22,17.18,19.14,17.18,2.0,4.06,16.0,0.5,0.4,0.6,67.6,78.6,89.7,78.6,2.0,22.9,16.0,0.5,0.6,4.06,7.2,7.54,5.83,3.0,2.81,14.0,0.7,0.6,0.5,-5.45,-1.67,-0.53,-2.96,3.0,3.77,14.0,0.7,0.6,0.5,-5.89,-1.99,-0.63,-3.23,3.0,4.0,14.0,0.7,0.6,0.5,1010.83,1012.2,1015.68,1013.23,3.0,3.66,14.0,0.7,0.6,0.5,1.3,2.0,2.0,1.7,3.0,0.6,14.0,0.7,0.6,0.5,-36.8,-4.3,-1.4,-18.7,3.0,28.8,14.0,0.7,0.6,0.5,-42.1,-5.2,-1.6,-21.5,3.0,32.8,14.0,0.7,0.6,0.5,-2.09,0.3,1.87,-0.1,3.0,2.92,14.0,0.7,0.6,0.5,-15.5,0.8,13.9,-0.7,3.0,21.6,14.0,0.7,0.6,0.5,5.36,6.89,8.43,6.89,2.0,3.17,16.0,0.5,0.4,0.6,25.7,29.8,33.9,29.8,2.0,8.5,16.0,0.5,0.4,0.6,-163.0,-46.0,-14.6,-87.8,3.0,114.6,14.0,0.7,0.6,0.5,-155.1,-54.8,-17.4,-85.5,3.0,104.3,14.0,0.7,0.6,0.5,-20.1,-12.0,-3.8,-12.0,2.0,16.9,16.0,0.5,0.4,0.6,-134.4,-91.5,-48.5,-91.5,2.0,89.0,16.0,0.5,0.4,0.6,-12.8,-7.6,-2.4,-7.6,2.0,10.8,16.0,0.5,0.4,0.6,-33.0,-27.0,-21.0,-27.0,2.0,12.5,16.0,0.5,0.4,0.6,130.5,373.0,430.0,282.5,3.0,233.0,14.0,0.7,0.6,0.5,130.0,375.0,430.0,280.0,3.0,235.0,14.0,0.7,0.6,0.5
1974,2,252.0,13.0,26.57,27.0,28.62,27.31,7.0,1.1,8.0,0.4,0.5,0.4,25.2,26.25,30.0,27.38,8.0,2.58,8.0,0.4,0.5,0.4,15.82,16.92,17.23,16.53,3.0,1.09,4.0,0.0,0.4,0.6,77.8,78.3,81.5,79.6,3.0,3.0,4.0,0.0,0.6,2.66,5.05,6.2,4.55,8.0,2.12,8.0,0.4,0.5,0.4,-3.1,-1.81,-0.04,-1.72,8.0,1.53,8.0,0.4,0.5,0.4,-5.37,-4.71,-2.63,-4.11,8.0,1.79,8.0,0.4,0.5,0.4,1010.49,1012.2,1014.53,1012.19,7.0,1.98,6.0,0.3,0.5,0.5,1.1,2.0,3.0,2.5,8.0,2.1,8.0,0.4,0.5,0.4,-19.2,-8.1,0.0,-10.1,8.0,10.5,8.0,0.4,0.5,0.4,-33.3,-23.8,-7.0,-22.0,8.0,15.3,8.0,0.4,0.5,0.4,-3.3,1.0,1.9,-0.11,7.0,2.9,8.0,0.4,0.5,0.4,-20.5,1.8,5.8,-2.7,7.0,14.6,8.0,0.4,0.5,0.4,5.74,5.78,5.82,5.78,2.0,0.08,6.0,0.0,0.4,0.8,17.4,22.2,27.0,22.2,2.0,9.9,6.0,0.0,0.4,0.8,-93.0,-48.4,-1.0,-48.6,8.0,43.3,8.0,0.4,0.5,0.4,-161.1,-118.2,-69.0,-113.4,8.0,51.4,8.0,0.4,0.5,0.4,-55.1,-39.0,-12.4,-33.9,3.0,31.6,4.0,0.0,0.4,0.6,-95.4,-67.6,-51.5,-73.3,3.0,32.6,4.0,0.0,0.4,0.6,-12.3,-7.3,-2.3,-7.3,2.0,10.3,6.0,0.0,0.4,0.8,-23.7,-20.2,-16.8,-20.2,2.0,7.1,6.0,0.0,0.4,0.8,19.0,129.0,238.5,144.5,8.0,131.0,8.0,0.4,0.5,0.4,20.0,130.0,240.0,145.0,8.0,130.0,8.0,0.4,0.5,0.4
1974,2,252.0,14.0,25.79,27.65,28.31,27.3,6.0,1.59,14.0,0.8,0.7,0.4,24.96,26.7,28.6,26.94,7.0,2.21,12.0,0.7,0.7,0.5,14.59,16.11,16.85,15.54,6.0,1.83,12.0,0.7,0.7,0.5,66.5,73.4,80.1,73.2,6.0,11.6,12.0,0.7,0.5,2.52,4.1,6.2,4.04,7.0,1.88,12.0,0.7,0.7,0.5,-3.12,-1.57,-0.26,-1.58,7.0,1.69,12.0,0.7,0.7,0.5,-5.4,-2.64,-1.76,-3.35,7.0,1.94,12.0,0.7,0.7,0.5,1012.77,1014.2,1014.74,1013.87,6.0,1.23,12.0,0.7,0.7,0.5,0.0,2.0,5.0,2.3,7.0,2.1,12.0,0.7,0.7,0.5,-13.2,-7.2,-0.2,-7.7,7.0,7.6,12.0,0.7,0.7,0.5,-33.5,-10.8,-5.6,-16.4,7.0,14.4,12.0,0.7,0.7,0.5,-2.72,-0.25,2.56,-0.12,6.0,2.81,14.0,0.8,0.7,0.4,-12.0,-1.4,11.7,-0.9,6.0,12.6,14.0,0.8,0.7,0.4,3.97,7.5,9.91,7.36,5.0,4.04,14.0,0.8,0.7,0.5,21.8,35.3,39.8,31.7,5.0,11.8,14.0,0.8,0.7,0.5,-88.7,-39.3,-6.2,-44.5,7.0,48.7,12.0,0.7,0.7,0.5,-153.3,-73.0,-53.5,-90.1,7.0,51.6,12.0,0.7,0.7,0.5,-50.8,-20.7,-1.4,-22.4,6.0,26.2,12.0,0.7,0.7,0.5,-92.1,-54.1,-24.7,-56.7,6.0,33.9,12.0,0.7,0.7,0.5,-12.3,-11.6,1.4,-5.3,5.0,13.1,14.0,0.8,0.7,0.5,-37.8,-31.1,-17.6,-28.4,5.0,13.4,14.0,0.8,0.7,0.5,17.0,69.0,238.5,101.0,7.0,99.0,12.0,0.7,0.7,0.5,15.0,70.0,240.0,100.0,7.0,100.0,12.0,0.7,0.7,0.5
1974,2,252.0,15.0,26.7,27.0,27.95,27.48,9.0,1.11,20.0,0.4,0.6,0.2,24.11,25.3,27.46,25.62,9.0,1.8,20.0,0.4,0.6,0.2,13.61,15.78,16.99,15.57,7.0,1.95,20.0,0.3,0.5,0.2,73.4,78.5,82.4,78.0,7.0,5.2,20.0,0.3,0.2,2.16,3.1,6.08,3.93,8.0,2.19,18.0,0.4,0.6,0.3,-2.37,-0.23,1.53,-0.03,8.0,2.97,18.0,0.4,0.6,0.3,-4.81,-2.34,-1.37,-2.9,8.0,2.0,18.0,0.4,0.6,0.3,1012.27,1013.3,1016.07,1013.87,9.0,1.79,20.0,0.4,0.6,0.2,1.0,1.0,3.5,2.0,9.0,1.9,20.0,0.4,0.6,0.2,-6.5,-0.6,4.4,0.0,8.0,18.1,18.0,0.4,0.6,0.3,-24.2,-8.9,-2.4,-14.4,8.0,16.9,18.0,0.4,0.6,0.3,-0.46,1.1,3.95,1.86,9.0,2.24,20.0,0.4,0.6,0.2,-2.9,6.8,8.4,6.0,8.0,8.9,18.0,0.4,0.6,0.3,5.23,6.02,10.8,7.44,7.0,2.93,20.0,0.3,0.5,0.2,14.6,16.3,41.7,26.3,7.0,17.7,20.0,0.3,0.5,0.2,-58.6,-5.7,36.9,-2.2,8.0,73.6,18.0,0.4,0.6,0.3,-139.2,-57.8,-32.6,-76.6,8.0,55.6,18.0,0.4,0.6,0.3,-40.0,-7.1,23.1,-6.3,7.0,47.2,20.0,0.3,0.5,0.2,-60.1,-29.0,-16.8,-42.1,7.0,34.6,20.0,0.3,0.5,0.2,-15.0,-2.5,19.3,4.2,7.0,26.1,20.0,0.3,0.5,0.2,-21.3,-14.6,-11.5,-16.9,7.0,9.4,20.0,0.3,0.5,0.2,10.0,32.0,226.5,115.0,8.0,160.0,18.0,0.4,0.6,0.3,10.0,30.0,225.0,115.0,8.0,160.0,18.0,0.4,0.6,0.3
1974,2,252.0,16.0,24.24,24.75,25.58,24.9,4.0,0.9,22.0,0.5,0.5,0.6,22.51,23.95,26.33,24.4,4.0,2.66,22.0,0.5,0.5,0.6,12.82,14.59,16.59,14.7,4.0,2.22,22.0,0.5,0.5,0.6,73.0,75.5,80.9,76.9,4.0,5.2,22.0,0.5,0.6,2.5,4.35,5.68,4.1,4.0,2.03,22.0,0.5,0.5,0.6,-3.42,-2.7,-0.74,-2.11,4.0,1.85,22.0,0.5,0.5,0.6,-4.91,-2.66,-1.0,-2.94,4.0,2.38,22.0,0.5,0.5,0.6,1012.05,1012.55,1014.05,1013.03,4.0,1.39,22.0,0.5,0.5,0.6,0.5,2.5,5.6,3.0,4.0,3.2,22.0,0.5,0.5,0.6,-15.0,-13.0,-5.7,-10.5,4.0,7.7,22.0,0.5,0.5,0.6,-28.4,-11.1,-2.2,-15.1,4.0,16.3,22.0,0.5,0.5,0.6,-1.81,1.1,2.75,0.5,4.0,2.79,22.0,0.5,0.5,0.6,-3.2,6.2,15.6,6.2,4.0,10.9,22.0,0.5,0.5,0.6,2.61,4.69,7.37,4.98,4.0,2.77,22.0,0.5,0.5,0.6,6.5,21.6,42.2,24.2,4.0,21.4,22.0,0.5,0.5,0.6,-79.4,-60.4,-16.1,-48.3,4.0,44.5,22.0,0.5,0.5,0.6,-111.8,-62.1,-26.8,-69.0,4.0,53.3,22.0,0.5,0.5,0.6,-49.3,-34.5,-8.7,-29.2,4.0,28.0,22.0,0.5,0.5,0.6,-63.4,-36.5,-16.7,-39.9,4.0,29.3,22.0,0.5,0.5,0.6,-19.5,-13.0,-3.6,-11.6,4.0,10.2,22.0,0.5,0.5,0.6,-36.8,-15.0,-2.6,-19.5,4.0,21.1,22.0,0.5,0.5,0.6,24.0,89.5,188.0,105.5,4.0,103.5,22.0,0.5,0.5,0.6,25.0,90.0,190.0,105.0,4.0,105.0,22.0,0.5,0.5,0.6
1974,2,252.0,17.0,25.39,25.8,26.52,25.95,4.0,0.77,16.0,0.5,0.6,0.3,23.19,23.5,26.55,24.66,5.0,1.99,14.0,0.6,0.6,0.4,13.48,14.27,15.09,14.28,3.0,1.19,14.0,0.3,0.7,0.1,65.7,72.6,82.4,74.0,3.0,12.3,14.0,0.3,0.1,3.05,4.6,5.1,4.1,5.0,1.27,14.0,0.6,0.6,0.4,0.23,0.8,2.34,1.25,5.0,1.32,14.0,0.6,0.6,0.4,-4.74,-3.91,-2.73,-3.74,5.0,1.19,14.0,0.6,0.6,0.4,1010.63,1013.0,1013.98,1012.48,5.0,1.99,14.0,0.6,0.6,0.4,1.0,1.0,3.7,2.2,5.0,1.8,14.0,0.6,0.6,0.4,0.5,3.7,10.2,5.5,5.0,6.8,14.0,0.6,0.6,0.4,-22.7,-19.9,-8.7,-16.5,5.0,8.6,14.0,0.6,0.6,0.4,-0.31,1.35,2.01,0.88,4.0,1.67,16.0,0.5,0.6,0.3,-3.0,4.1,9.1,3.1,4.0,8.2,16.0,0.5,0.6,0.3,5.57,6.73,6.89,6.24,3.0,1.06,14.0,0.3,0.7,0.1,25.3,25.6,31.6,28.3,3.0,5.2,14.0,0.3,0.7,0.1,6.0,18.4,59.8,32.1,5.0,36.1,14.0,0.6,0.6,0.4,-111.6,-104.2,-66.1,-91.5,5.0,27.0,14.0,0.6,0.6,0.4,7.5,23.6,39.4,23.5,3.0,23.4,14.0,0.3,0.7,0.1,-71.6,-55.7,-45.6,-58.5,3.0,19.2,14.0,0.3,0.7,0.1,4.0,12.5,19.0,11.5,3.0,11.1,14.0,0.3,0.7,0.1,-26.1,-25.6,-23.0,-24.5,3.0,2.5,14.0,0.3,0.7,0.1,33.0,97.5,132.5,83.5,5.0,54.5,14.0,0.6,0.6,0.4,35.0,95.0,135.0,85.0,5.0,55.0,14.0,0.6,0.6,0.4
1974,2,252.0,18.0,23.1,24.25,25.65,24.4,12.0,1.47,14.0,0.7,0.5,0.5,21.97,22.8,25.05,23.08,13.0,1.56,16.0,0.6,0.5,0.5,11.74,12.17,14.77,12.95,12.0,1.47,14.0,0.6,0.5,0.5,68.1,71.5,86.9,74.7,12.0,9.0,14.0,0.6,0.5,4.55,6.2,9.3,6.75,13.0,2.86,16.0,0.6,0.5,0.5,-1.82,0.0,3.27,0.27,13.0,2.64,16.0,0.6,0.5,0.5,-8.74,-5.9,-4.3,-6.26,13.0,2.84,16.0,0.6,0.5,0.5,1013.77,1014.6,1015.45,1014.57,13.0,1.35,16.0,0.6,0.5,0.5,0.0,1.0,2.1,1.2,13.0,1.5,16.0,0.6,0.5,0.5,-9.2,0.0,30.0,5.1,13.0,20.9,16.0,0.6,0.5,0.5,-81.3,-37.9,-19.6,-49.7,13.0,42.6,16.0,0.6,0.5,0.5,-0.13,1.2,2.73,1.29,12.0,1.63,14.0,0.7,0.5,0.5,-0.3,6.7,24.0,9.4,12.0,11.3,14.0,0.7,0.5,0.5,4.24,6.03,6.98,5.98,11.0,2.36,14.0,0.6,0.5,0.5,18.4,32.8,60.3,39.6,11.0,22.5,14.0,0.6,0.5,0.5,-40.8,0.0,72.1,5.9,13.0,61.9,16.0,0.6,0.5,0.5,-193.3,-139.2,-97.3,-142.8,13.0,61.6,16.0,0.6,0.5,0.5,-23.5,-9.4,31.5,-0.2,12.0,31.3,14.0,0.6,0.5,0.5,-127.7,-64.7,-51.5,-81.6,12.0,39.4,14.0,0.6,0.5,0.5,-13.6,-8.1,10.2,-3.2,11.0,12.0,14.0,0.6,0.5,0.5,-57.9,-30.9,-16.7,-37.5,11.0,22.9,14.0,0.6,0.5,0.5,94.5,238.5,804.5,470.5,13.0,574.5,16.0,0.6,0.5,0.5,95.0,240.0,805.0,470.0,13.0,575.0,16.0,0.6,0.5,0.5
1974,2,252.0,19.0,21.47,23.0,23.87,22.58,15.0,1.44,14.0,0.6,0.6,0.5,20.64,22.1,23.87,22.19,16.0,1.96,14.0,0.6,0.5,0.5,10.84,11.96,13.03,11.88,13.0,1.46,14.0,0.6,0.5,0.5,67.8,73.2,78.5,73.0,13.0,9.0,14.0,0.6,0.5,1.42,5.4,7.7,5.14,16.0,2.94,14.0,0.6,0.5,0.5,-1.34,0.0,1.79,0.34,16.0,2.65,14.0,0.6,0.5,0.5,-7.18,-4.53,-0.4,-4.38,16.0,3.02,14.0,0.6,0.5,0.5,1012.88,1015.05,1018.3,1015.36,16.0,2.49,14.0,0.6,0.5,0.5,0.0,0.0,2.0,1.0,16.0,1.6,14.0,0.6,0.5,0.5,-7.8,0.0,7.7,2.7,16.0,18.2,14.0,0.6,0.5,0.5,-53.9,-27.4,-0.8,-30.3,16.0,28.5,14.0,0.6,0.5,0.5,-1.16,0.6,1.41,0.24,15.0,1.36,14.0,0.6,0.6,0.5,-2.7,0.0,8.3,1.7,15.0,6.5,14.0,0.6,0.6,0.5,3.74,4.84,5.99,4.94,13.0,1.56,14.0,0.6,0.5,0.5,13.4,30.2,38.4,27.2,13.0,16.8,14.0,0.6,0.5,0.5,-28.4,0.0,40.2,8.3,16.0,58.7,14.0,0.6,0.5,0.5,-148.9,-100.6,-8.0,-94.7,16.0,64.0,14.0,0.6,0.5,0.5,-17.2,0.0,21.9,4.2,13.0,34.9,14.0,0.6,0.5,0.5,-79.6,-53.8,-40.4,-57.2,13.0,32.4,14.0,0.6,0.5,0.5,-11.0,0.0,8.4,0.2,13.0,14.6,14.0,0.6,0.5,0.5,-33.8,-19.4,-12.8,-23.4,13.0,16.7,14.0,0.6,0.5,0.5,4.0,159.0,456.5,254.5,16.0,288.0,14.0,0.6,0.5,0.5,5.0,160.0,455.0,255.0,16.0,290.0,14.0,0.6,0.5,0.5
1974,2,252.0,20.0,21.06,22.2,23.3,22.28,49.0,1.42,14.0,0.5,0.6,0.6,20.4,21.1,22.61,21.47,50.0,1.71,14.0,0.5,0.6,0.6,11.14,11.99,13.23,12.21,45.0,1.37,14.0,0.4,0.6,0.6,69.0,78.8,85.1,77.8,46.0,7.5,14.0,0.5,0.6,3.41,5.1,8.2,5.79,49.0,2.51,14.0,0.5,0.6,0.6,0.0,0.71,2.12,0.8,49.0,1.93,14.0,0.5,0.6,0.6,-7.88,-5.1,-2.79,-5.32,49.0,2.67,14.0,0.5,0.6,0.6,1012.5,1014.75,1016.92,1014.7,50.0,2.15,14.0,0.5,0.6,0.6,0.0,1.0,6.0,2.1,51.0,2.5,14.0,0.5,0.6,0.6,0.0,2.9,15.0,5.3,49.0,14.7,14.0,0.5,0.6,0.6,-62.3,-26.0,-11.0,-37.1,49.0,30.5,14.0,0.5,0.6,0.6,-0.55,1.05,2.5,0.84,48.0,2.23,14.0,0.5,0.6,0.6,-3.6,4.4,12.7,3.3,46.0,16.9,14.0,0.5,0.6,0.6,2.9,4.36,6.53,4.55,45.0,2.14,14.0,0.4,0.6,0.6,10.0,22.2,38.9,24.5,43.0,16.8,14.0,0.4,0.6,0.6,0.0,12.3,48.6,17.7,48.0,43.0,14.0,0.5,0.6,0.6,-170.1,-108.7,-61.6,-116.4,48.0,61.2,14.0,0.5,0.6,0.6,0.0,0.0,28.0,8.5,43.0,24.2,14.0,0.4,0.6,0.6,-90.0,-57.2,-34.0,-60.3,43.0,30.3,14.0,0.4,0.6,0.6,-1.0,0.0,11.5,3.0,43.0,10.3,14.0,0.4,0.6,0.6,-33.9,-19.6,-8.9,-22.2,43.0,16.7,14.0,0.4,0.6,0.6,40.0,132.5,551.5,302.0,49.0,364.5,14.0,0.5,0.6,0.6,40.0,135.0,550.0,300.0,49.0,365.0,14.0,0.5,0.6,0.6
1974,2,252.0,21.0,20.35,21.1,22.5,21.48,11.0,1.27,18.0,0.5,0.4,0.3,20.27,21.2,23.0,21.67,15.0,1.54,18.0,0.4,0.5,0.3,11.11,11.75,12.75,12.03,8.0,1.29,18.0,0.3,0.3,0.3,73.5,79.2,93.3,82.1,10.0,10.2,18.0,0.3,0.3,2.21,5.1,7.7,5.07,15.0,3.2,18.0,0.4,0.5,0.3,-0.49,0.64,4.16,1.33,15.0,2.15,18.0,0.4,0.5,0.3,-6.57,-3.91,-1.55,-4.2,15.0,3.5,18.0,0.4,0.5,0.3,1012.45,1014.0,1015.54,1013.76,13.0,2.05,18.0,0.4,0.5,0.3,0.0,1.0,3.6,1.7,15.0,2.1,18.0,0.4,0.5,0.3,-1.7,0.6,33.6,10.6,15.0,19.3,18.0,0.4,0.5,0.3,-48.0,-19.9,-2.6,-30.7,15.0,40.8,18.0,0.4,0.5,0.3,-1.33,0.4,2.09,0.11,11.0,2.47,18.0,0.5,0.4,0.3,-3.6,1.2,12.4,-2.0,11.0,25.3,18.0,0.5,0.4,0.3,2.67,4.05,5.91,3.94,8.0,2.01,18.0,0.3,0.3,0.3,6.0,16.4,30.7,19.5,8.0,15.8,18.0,0.3,0.3,0.3,-11.2,13.0,93.2,29.0,15.0,47.1,18.0,0.4,0.5,0.3,-138.3,-86.7,-35.7,-92.2,15.0,80.3,18.0,0.4,0.5,0.3,0.8,12.1,39.0,18.1,8.0,23.7,18.0,0.3,0.3,0.3,-84.9,-43.0,-10.9,-42.3,8.0,41.6,18.0,0.3,0.3,0.3,0.3,4.2,16.9,5.9,8.0,9.3,18.0,0.3,0.3,0.3,-23.5,-15.4,-1.1,-15.1,8.0,17.2,18.0,0.3,0.3,0.3,11.0,132.5,456.5,301.5,15.0,545.5,18.0,0.4,0.5,0.3,10.0,135.0,455.0,300.0,15.0,545.0,18.0,0.4,0.5,0.3
1974,2,252.0,22.0,21.1,21.5,22.12,21.58,9.0,0.55,24.0,0.8,0.7,0.4,20.71,21.1,22.15,21.27,9.0,0.75,24.0,0.8,0.7,0.4,11.29,11.29,11.29,11.29,1.0,0.0,28.0,0.0,0.5,0.9,72.2,72.2,72.2,72.2,1.0,0.0,28.0,0.0,0.9,2.66,4.6,6.52,4.95,8.0,2.59,24.0,0.9,0.8,0.4,1.99,2.55,3.27,2.53,8.0,1.44,24.0,0.9,0.8,0.4,-5.65,-3.78,-2.4,-4.17,8.0,2.34,24.0,0.9,0.8,0.4,1013.54,1015.2,1015.2,1014.82,9.0,1.19,24.0,0.8,0.7,0.4,0.0,2.0,2.0,1.6,9.0,1.9,24.0,0.8,0.7,0.4,5.3,11.9,21.4,15.5,8.0,16.6,24.0,0.9,0.8,0.4,-37.1,-17.7,-6.8,-25.9,8.0,29.0,24.0,0.9,0.8,0.4,,,,,,,,,,,,,,,,,,,,,,,,,,,,,,,,,,,,,,,,,,,,,,,,,,,,,,,,,,,,,,,,,,,,,,,,,,,,,,,,,,,,,,,,,,,,,,,,,,,,,,,,,,,,,,,,,,,,,,,,
1974,2,252.0,23.0,19.32,20.0,20.0,19.67,3.0,0.58,20.0,0.0,0.5,0.3,18.34,19.2,20.43,19.38,4.0,1.3,22.0,0.0,0.6,0.2,10.61,10.91,11.12,10.86,3.0,0.38,20.0,0.0,0.5,0.3,77.8,81.0,83.3,80.5,3.0,4.1,20.0,0.0,0.3,2.1,2.85,6.59,4.28,4.0,3.42,22.0,0.0,0.6,0.2,1.35,2.05,3.75,2.53,4.0,1.56,22.0,0.0,0.6,0.2,-5.32,-1.96,-1.61,-3.4,4.0,3.12,22.0,0.0,0.6,0.2,1011.8,1013.5,1016.71,1014.23,4.0,3.46,22.0,0.0,0.6,0.2,0.0,0.0,0.0,0.0,4.0,0.0,22.0,0.0,0.6,0.2,2.8,6.4,27.4,14.7,4.0,19.3,22.0,0.0,0.6,0.2,-43.2,-5.9,-3.4,-22.5,4.0,35.0,22.0,0.0,0.6,0.2,0.42,0.9,1.24,0.83,3.0,0.6,20.0,0.0,0.5,0.3,1.3,3.2,9.9,5.6,3.0,6.6,20.0,0.0,0.5,0.3,3.26,3.33,3.52,3.39,3.0,0.2,20.0,0.0,0.5,0.3,8.9,11.6,24.8,16.7,3.0,12.5,20.0,0.0,0.5,0.3,27.5,39.1,69.1,47.9,4.0,27.8,22.0,0.0,0.6,0.2,-98.4,-37.8,-32.8,-64.3,4.0,57.1,22.0,0.0,0.6,0.2,19.2,28.9,44.8,31.9,3.0,18.9,20.0,0.0,0.5,0.3,-69.3,-24.2,-19.7,-44.0,3.0,40.2,20.0,0.0,0.5,0.3,6.2,8.9,13.4,9.8,3.0,5.4,20.0,0.0,0.5,0.3,-20.7,-7.5,-6.3,-13.4,3.0,11.7,20.0,0.0,0.5,0.3,9.5,28.0,443.5,217.5,4.0,391.5,22.0,0.0,0.6,0.2,10.0,30.0,445.0,215.0,4.0,390.0,22.0,0.0,0.6,0.2
1974,2,253.0,-21.0,23.38,24.85,26.32,24.85,2.0,3.04,18.0,0.0,0.5,0.9,22.98,24.0,25.02,24.0,2.0,2.12,18.0,0.0,0.5,0.9,11.55,11.55,11.55,11.55,1.0,0.0,26.0,0.0,0.1,0.9,68.4,68.4,68.4,68.4,1.0,0.0,26.0,0.0,0.9,8.49,9.1,9.71,9.1,2.0,1.27,18.0,0.0,0.5,0.9,-9.69,-9.04,-8.38,-9.04,2.0,1.36,18.0,0.0,0.5,0.9,0.23,0.71,1.2,0.71,2.0,1.01,18.0,0.0,0.5,0.9,1015.82,1016.95,1018.08,1016.95,2.0,2.33,18.0,0.0,0.5,0.9,8.0,8.0,8.0,8.0,1.0,0.0,26.0,0.0,0.1,0.9,-94.6,-83.1,-71.6,-83.1,2.0,23.9,18.0,0.0,0.5,0.9,1.9,5.8,9.8,5.8,2.0,8.3,18.0,0.0,0.5,0.9,0.41,0.85,1.29,0.85,2.0,0.92,18.0,0.0,0.5,0.9,3.8,8.3,12.9,8.3,2.0,9.4,18.0,0.0,0.5,0.9,5.6,5.6,5.6,5.6,1.0,0.0,26.0,0.0,0.1,0.9,45.9,45.9,45.9,45.9,1.0,0.0,26.0,0.0,0.1,0.9,-243.4,-218.3,-193.3,-218.3,2.0,51.8,18.0,0.0,0.5,0.9,5.1,16.0,27.0,16.0,2.0,22.7,18.0,0.0,0.5,0.9,-93.3,-93.3,-93.3,-93.3,1.0,0.0,26.0,0.0,0.1,0.9,16.4,16.4,16.4,16.4,1.0,0.0,26.0,0.0,0.1,0.9,-45.2,-45.2,-45.2,-45.2,1.0,0.0,26.0,0.0,0.1,0.9,8.0,8.0,8.0,8.0,1.0,0.0,26.0,0.0,0.1,0.9,622.5,775.5,929.0,775.5,2.0,317.0,18.0,0.0,0.5,0.9,625.0,775.0,930.0,775.0,2.0,315.0,18.0,0.0,0.5,0.9
1974,2,253.0,-20.0,23.5,24.35,25.2,24.35,2.0,1.77,16.0,0.0,0.6,0.8,22.63,22.9,23.17,22.9,2.0,0.57,16.0,0.0,0.6,0.8,12.57,13.09,13.62,13.09,2.0,1.08,16.0,0.0,0.6,0.8,71.5,75.8,80.1,75.8,2.0,9.0,16.0,0.0,0.8,6.86,7.2,7.54,7.2,2.0,0.71,16.0,0.0,0.6,0.8,-7.48,-7.0,-6.52,-7.0,2.0,0.99,16.0,0.0,0.6,0.8,-1.93,-1.15,-0.36,-1.15,2.0,1.62,16.0,0.0,0.6,0.8,1014.88,1015.9,1016.92,1015.9,2.0,2.12,16.0,0.0,0.6,0.8,4.6,6.0,7.4,6.0,2.0,2.8,16.0,0.0,0.6,0.8,-56.6,-50.7,-44.9,-50.7,2.0,12.1,16.0,0.0,0.6,0.8,-12.9,-7.7,-2.4,-7.7,2.0,10.9,16.0,0.0,0.6,0.8,0.32,1.45,2.58,1.45,2.0,2.33,16.0,0.0,0.6,0.8,2.0,9.6,17.2,9.6,2.0,15.8,16.0,0.0,0.6,0.8,5.47,5.91,6.35,5.91,2.0,0.91,16.0,0.0,0.6,0.8,41.1,42.2,43.4,42.2,2.0,2.4,16.0,0.0,0.6,0.8,-173.4,-160.5,-147.6,-160.5,2.0,26.7,16.0,0.0,0.6,0.8,-43.4,-25.8,-8.2,-25.8,2.0,36.5,16.0,0.0,0.6,0.8,-93.7,-91.1,-88.5,-91.1,2.0,5.4,16.0,0.0,0.6,0.8,-26.7,-15.9,-5.0,-15.9,2.0,22.5,16.0,0.0,0.6,0.8,-41.2,-40.9,-40.7,-40.9,2.0,0.5,16.0,0.0,0.6,0.8,-12.6,-7.5,-2.4,-7.5,2.0,10.6,16.0,0.0,0.6,0.8,325.5,378.5,432.0,378.5,2.0,110.0,16.0,0.0,0.6,0.8,325.0,380.0,430.0,380.0,2.0,110.0,16.0,0.0,0.6,0.8
1974,2,253.0,-18.0,23.3,23.3,23.3,23.3,1.0,0.0,16.0,1.0,0.6,0.7,23.5,23.5,23.5,23.5,1.0,0.0,16.0,1.0,0.6,0.7,13.0,13.0,13.0,13.0,1.0,0.0,16.0,1.0,0.6,0.7,72.6,72.6,72.6,72.6,1.0,0.0,16.0,1.0,0.7,12.3,12.3,12.3,12.3,1.0,0.0,16.0,1.0,0.6,0.7,-12.11,-12.11,-12.11,-12.11,1.0,0.0,16.0,1.0,0.6,0.7,2.14,2.14,2.14,2.14,1.0,0.0,16.0,1.0,0.6,0.7,1018.4,1018.4,1018.4,1018.4,1.0,0.0,16.0,1.0,0.6,0.7,7.0,7.0,7.0,7.0,1.0,0.0,16.0,1.0,0.6,0.7,-149.0,-149.0,-149.0,-149.0,1.0,0.0,16.0,1.0,0.6,0.7,26.3,26.3,26.3,26.3,1.0,0.0,16.0,1.0,0.6,0.7,-0.2,-0.2,-0.2,-0.2,1.0,0.0,16.0,1.0,0.6,0.7,-2.5,-2.5,-2.5,-2.5,1.0,0.0,16.0,1.0,0.6,0.7,4.74,4.74,4.74,4.74,1.0,0.0,16.0,1.0,0.6,0.7,58.3,58.3,58.3,58.3,1.0,0.0,16.0,1.0,0.6,0.7,-284.7,-284.7,-284.7,-284.7,1.0,0.0,16.0,1.0,0.6,0.7,50.2,50.2,50.2,50.2,1.0,0.0,16.0,1.0,0.6,0.7,-157.5,-157.5,-157.5,-157.5,1.0,0.0,16.0,1.0,0.6,0.7,27.8,27.8,27.8,27.8,1.0,0.0,16.0,1.0,0.6,0.7,-57.4,-57.4,-57.4,-57.4,1.0,0.0,16.0,1.0,0.6,0.7,10.1,10.1,10.1,10.1,1.0,0.0,16.0,1.0,0.6,0.7,1861.0,1861.0,1861.0,1861.0,1.0,0.0,16.0,1.0,0.6,0.7,1860.0,1860.0,1860.0,1860.0,1.0,0.0,16.0,1.0,0.6,0.7
1974,2,253.0,-17.0,22.21,22.65,23.09,22.65,2.0,0.92,6.0,1.0,0.2,0.8,23.41,23.65,23.89,23.65,2.0,0.49,6.0,1.0,0.2,0.8,13.92,14.0,14.09,14.0,2.0,0.18,6.0,1.0,0.2,0.8,76.7,77.3,77.9,77.3,2.0,1.3,6.0,1.0,0.8,8.03,8.75,9.47,8.75,2.0,1.48,6.0,1.0,0.2,0.8,-8.2,-7.58,-6.96,-7.58,2.0,1.29,6.0,1.0,0.2,0.8,4.02,4.38,4.73,4.38,2.0,0.74,6.0,1.0,0.2,0.8,1016.33,1016.4,1016.47,1016.4,2.0,0.14,6.0,1.0,0.2,0.8,5.0,5.0,5.0,5.0,2.0,0.0,6.0,1.0,0.2,0.8,-78.1,-67.3,-56.4,-67.3,2.0,22.5,6.0,1.0,0.2,0.8,32.6,38.8,45.1,38.8,2.0,13.0,6.0,1.0,0.2,0.8,-1.68,-1.0,-0.32,-1.0,2.0,1.41,6.0,1.0,0.2,0.8,-16.5,-9.8,-3.1,-9.8,2.0,13.9,6.0,1.0,0.2,0.8,2.53,3.09,3.64,3.09,2.0,1.15,6.0,1.0,0.2,0.8,23.5,26.2,28.8,26.2,2.0,5.5,6.0,1.0,0.2,0.8,-196.0,-179.5,-163.0,-179.5,2.0,34.2,6.0,1.0,0.2,0.8,94.1,103.7,113.2,103.7,2.0,19.7,6.0,1.0,0.2,0.8,-115.6,-106.2,-96.9,-106.2,2.0,19.4,6.0,1.0,0.2,0.8,55.9,61.3,66.7,61.3,2.0,11.2,6.0,1.0,0.2,0.8,-25.0,-22.7,-20.4,-22.7,2.0,4.7,6.0,1.0,0.2,0.8,11.8,13.1,14.4,13.1,2.0,2.7,6.0,1.0,0.2,0.8,533.5,699.0,864.5,699.0,2.0,342.5,6.0,1.0,0.2,0.8,535.0,700.0,865.0,700.0,2.0,345.0,6.0,1.0,0.2,0.8
1974,2,253.0,-16.0,22.56,22.7,22.84,22.7,2.0,0.28,12.0,0.0,0.5,0.2,22.08,22.25,22.42,22.25,2.0,0.35,12.0,0.0,0.5,0.2,13.29,13.67,14.04,13.67,2.0,0.78,12.0,0.0,0.5,0.2,79.1,82.2,85.3,82.2,2.0,6.5,12.0,0.0,0.2,8.85,10.25,11.65,10.25,2.0,2.9,12.0,0.0,0.5,0.2,-11.32,-9.61,-7.9,-9.61,2.0,3.54,12.0,0.0,0.5,0.2,2.45,3.12,3.79,3.12,2.0,1.39,12.0,0.0,0.5,0.2,1015.82,1016.3,1016.78,1016.3,2.0,0.99,12.0,0.0,0.5,0.2,6.2,6.5,6.8,6.5,2.0,0.7,12.0,0.0,0.5,0.2,-134.6,-103.6,-72.6,-103.6,2.0,64.2,12.0,0.0,0.5,0.2,27.4,29.9,32.5,29.9,2.0,5.2,12.0,0.0,0.5,0.2,0.42,0.45,0.48,0.45,2.0,0.07,12.0,0.0,0.5,0.2,4.2,4.5,4.8,4.5,2.0,0.6,12.0,0.0,0.5,0.2,2.94,3.47,4.0,3.47,2.0,1.09,12.0,0.0,0.5,0.2,26.9,37.1,47.4,37.1,2.0,21.2,12.0,0.0,0.5,0.2,-254.1,-214.4,-174.7,-214.4,2.0,82.2,12.0,0.0,0.5,0.2,54.7,69.1,83.5,69.1,2.0,29.8,12.0,0.0,0.5,0.2,-149.7,-129.9,-110.2,-129.9,2.0,41.0,12.0,0.0,0.5,0.2,32.8,43.2,53.5,43.2,2.0,21.4,12.0,0.0,0.5,0.2,-46.3,-35.3,-24.3,-35.3,2.0,22.8,12.0,0.0,0.5,0.2,9.4,10.1,10.7,10.1,2.0,1.4,12.0,0.0,0.5,0.2,759.0,1206.0,1653.0,1206.0,2.0,926.0,12.0,0.0,0.5,0.2,760.0,1205.0,1655.0,1205.0,2.0,925.0,12.0,0.0,0.5,0.2
1974,2,253.0,-15.0,23.25,23.8,24.0,23.63,3.0,0.57,16.0,0.7,0.3,0.7,23.23,23.5,24.46,23.83,3.0,0.95,16.0,0.7,0.3,0.7,14.3,14.77,15.24,14.77,2.0,0.97,14.0,1.0,0.3,0.6,79.1,79.6,80.0,79.6,2.0,0.9,14.0,1.0,0.6,8.71,9.8,11.98,10.33,3.0,2.44,16.0,0.7,0.3,0.7,-11.43,-8.49,-7.95,-9.67,3.0,2.75,16.0,0.7,0.3,0.7,2.43,2.8,4.23,3.32,3.0,1.39,16.0,0.7,0.3,0.7,1013.86,1014.2,1017.27,1015.53,3.0,2.75,16.0,0.7,0.3,0.7,4.3,7.0,7.0,5.7,3.0,2.3,16.0,0.7,0.3,0.7,-140.0,-83.2,-69.5,-104.3,3.0,54.8,16.0,0.7,0.3,0.7,25.0,29.3,42.1,33.5,3.0,13.0,16.0,0.7,0.3,0.7,-1.2,0.3,0.78,-0.2,3.0,1.51,16.0,0.7,0.3,0.7,-11.5,3.9,6.8,-2.2,3.0,14.4,16.0,0.7,0.3,0.7,2.44,3.33,4.22,3.33,2.0,1.84,14.0,1.0,0.3,0.6,22.8,28.9,35.1,28.9,2.0,12.8,14.0,1.0,0.3,0.6,-272.4,-211.3,-188.6,-230.1,3.0,63.5,16.0,0.7,0.3,0.7,56.8,64.8,103.8,79.9,3.0,36.9,16.0,0.7,0.3,0.7,-127.6,-119.9,-112.1,-119.9,2.0,16.0,14.0,1.0,0.3,0.6,45.3,57.6,70.0,57.6,2.0,25.6,14.0,1.0,0.3,0.6,-32.7,-26.4,-20.1,-26.4,2.0,13.0,14.0,1.0,0.3,0.6,10.4,11.5,12.5,11.5,2.0,2.1,14.0,1.0,0.3,0.6,675.0,941.0,1798.5,1230.0,3.0,860.0,16.0,0.7,0.3,0.7,675.0,940.0,1800.0,1230.0,3.0,860.0,16.0,0.7,0.3,0.7
1974,2,253.0,-14.0,24.0,24.0,24.0,24.0,1.0,0.0,6.0,1.0,0.3,1.0,25.16,25.5,25.84,25.5,2.0,0.71,16.0,1.0,0.6,0.9,13.67,13.67,13.67,13.67,1.0,0.0,6.0,1.0,0.3,1.0,65.3,65.3,65.3,65.3,1.0,0.0,6.0,1.0,1.0,6.86,7.2,7.54,7.2,2.0,0.71,16.0,1.0,0.6,0.9,-5.78,-5.52,-5.25,-5.52,2.0,0.54,16.0,1.0,0.6,0.9,4.41,4.63,4.85,4.63,2.0,0.45,16.0,1.0,0.6,0.9,1012.0,1012.0,1012.0,1012.0,2.0,0.0,16.0,1.0,0.6,0.9,1.6,3.0,4.4,3.0,2.0,2.8,16.0,1.0,0.6,0.9,-43.7,-39.9,-36.1,-39.9,2.0,7.8,16.0,1.0,0.6,0.9,30.3,33.5,36.6,33.5,2.0,6.5,16.0,1.0,0.6,0.9,-2.0,-2.0,-2.0,-2.0,1.0,0.0,6.0,1.0,0.3,1.0,-13.4,-13.4,-13.4,-13.4,1.0,0.0,6.0,1.0,0.3,1.0,4.96,4.96,4.96,4.96,1.0,0.0,6.0,1.0,0.3,1.0,33.2,33.2,33.2,33.2,1.0,0.0,6.0,1.0,0.3,1.0,-145.2,-140.5,-135.7,-140.5,2.0,9.9,16.0,1.0,0.6,0.9,113.8,117.9,121.9,117.9,2.0,8.3,16.0,1.0,0.6,0.9,-70.2,-70.2,-70.2,-70.2,1.0,0.0,6.0,1.0,0.3,1.0,58.9,58.9,58.9,58.9,1.0,0.0,6.0,1.0,0.3,1.0,-25.5,-25.5,-25.5,-25.5,1.0,0.0,6.0,1.0,0.3,1.0,21.4,21.4,21.4,21.4,1.0,0.0,6.0,1.0,0.3,1.0,325.5,378.5,432.0,378.5,2.0,110.0,16.0,1.0,0.6,0.9,325.0,380.0,430.0,380.0,2.0,110.0,16.0,1.0,0.6,0.9
1974,2,253.0,-13.0,23.16,23.5,23.7,23.43,3.0,0.4,10.0,0.7,0.8,0.8,23.2,23.2,23.75,23.47,3.0,0.46,10.0,0.7,0.8,0.8,13.37,13.79,14.17,13.77,3.0,0.58,10.0,0.7,0.8,0.8,74.4,74.5,79.1,76.7,3.0,3.9,10.0,0.7,0.8,5.58,7.7,9.82,7.7,3.0,3.1,10.0,0.7,0.8,0.8,-7.14,-6.94,-5.34,-6.26,3.0,1.44,10.0,0.7,0.8,0.8,0.84,2.63,6.48,3.64,3.0,4.23,10.0,0.7,0.8,0.8,1012.02,1014.2,1015.43,1013.73,3.0,2.53,10.0,0.7,0.8,0.8,2.0,4.0,6.7,4.3,3.0,3.5,10.0,0.7,0.8,0.8,-68.9,-55.7,-32.1,-50.6,3.0,27.3,10.0,0.7,0.8,0.8,6.4,20.3,67.4,36.5,3.0,46.8,10.0,0.7,0.8,0.8,-0.4,-0.2,0.35,-0.03,3.0,0.57,10.0,0.7,0.8,0.8,-3.3,-2.2,1.2,-1.1,3.0,3.4,10.0,0.7,0.8,0.8,3.48,4.21,4.92,4.2,3.0,1.05,10.0,0.7,0.8,0.8,26.8,32.4,33.5,30.2,3.0,5.3,10.0,0.7,0.8,0.8,-169.7,-161.1,-124.0,-147.1,3.0,35.6,10.0,0.7,0.8,0.8,20.1,63.2,151.1,85.0,3.0,97.8,10.0,0.7,0.8,0.8,-99.7,-99.6,-73.0,-86.7,3.0,22.6,10.0,0.7,0.8,0.8,11.5,36.3,92.5,51.7,3.0,60.8,10.0,0.7,0.8,0.8,-28.5,-24.1,-22.6,-25.5,3.0,4.5,10.0,0.7,0.8,0.8,3.5,11.1,21.3,12.4,3.0,13.1,10.0,0.7,0.8,0.8,211.5,456.5,1005.0,604.5,3.0,595.0,10.0,0.7,0.8,0.8,210.0,455.0,1005.0,605.0,3.0,595.0,10.0,0.7,0.8,0.8
1974,2,253.0,-12.0,25.6,25.6,25.6,25.6,1.0,0.0,28.0,1.0,0.1,0.5,24.6,24.6,24.6,24.6,1.0,0.0,28.0,1.0,0.1,0.5,16.14,16.14,16.14,16.14,1.0,0.0,28.0,1.0,0.1,0.5,83.9,83.9,83.9,83.9,1.0,0.0,28.0,1.0,0.5,6.7,6.7,6.7,6.7,1.0,0.0,28.0,1.0,0.1,0.5,-6.7,-6.7,-6.7,-6.7,1.0,0.0,28.0,1.0,0.1,0.5,0.0,0.0,0.0,0.0,1.0,0.0,28.0,1.0,0.1,0.5,1014.7,1014.7,1014.7,1014.7,1.0,0.0,28.0,1.0,0.1,0.5,6.0,6.0,6.0,6.0,1.0,0.0,28.0,1.0,0.1,0.5,-44.9,-44.9,-44.9,-44.9,1.0,0.0,28.0,1.0,0.1,0.5,0.0,0.0,0.0,0.0,1.0,0.0,28.0,1.0,0.1,0.5,1.0,1.0,1.0,1.0,1.0,0.0,28.0,1.0,0.1,0.5,6.7,6.7,6.7,6.7,1.0,0.0,28.0,1.0,0.1,0.5,4.33,4.33,4.33,4.33,1.0,0.0,28.0,1.0,0.1,0.5,29.0,29.0,29.0,29.0,1.0,0.0,28.0,1.0,0.1,0.5,-164.8,-164.8,-164.8,-164.8,1.0,0.0,28.0,1.0,0.1,0.5,0.0,0.0,0.0,0.0,1.0,0.0,28.0,1.0,0.1,0.5,-108.1,-108.1,-108.1,-108.1,1.0,0.0,28.0,1.0,0.1,0.5,0.0,0.0,0.0,0.0,1.0,0.0,28.0,1.0,0.1,0.5,-29.0,-29.0,-29.0,-29.0,1.0,0.0,28.0,1.0,0.1,0.5,0.0,0.0,0.0,0.0,1.0,0.0,28.0,1.0,0.1,0.5,301.0,301.0,301.0,301.0,1.0,0.0,28.0,1.0,0.1,0.5,300.0,300.0,300.0,300.0,1.0,0.0,28.0,1.0,0.1,0.5
1974,2,253.0,-9.0,24.92,24.95,24.98,24.95,2.0,0.07,18.0,0.0,0.5,0.5,24.52,24.55,24.58,24.55,2.0,0.07,18.0,0.0,0.5,0.5,14.46,14.65,14.84,14.65,2.0,0.4,18.0,0.0,0.5,0.5,75.5,76.3,77.1,76.3,2.0,1.7,18.0,0.0,0.5,6.63,8.0,9.37,8.0,2.0,2.83,18.0,0.0,0.5,0.5,-8.84,-7.65,-6.46,-7.65,2.0,2.47,18.0,0.0,0.5,0.5,1.42,2.23,3.04,2.23,2.0,1.68,18.0,0.0,0.5,0.5,1011.71,1012.15,1012.59,1012.15,2.0,0.92,18.0,0.0,0.5,0.5,2.0,2.0,2.0,2.0,2.0,0.0,18.0,0.0,0.5,0.5,-84.7,-64.7,-44.7,-64.7,2.0,41.4,18.0,0.0,0.5,0.5,10.7,20.2,29.8,20.2,2.0,19.8,18.0,0.0,0.5,0.5,0.4,0.4,0.4,0.4,2.0,0.0,18.0,0.0,0.5,0.5,2.7,3.2,3.7,3.2,2.0,1.1,18.0,0.0,0.5,0.5,4.94,5.08,5.23,5.08,2.0,0.3,18.0,0.0,0.5,0.5,34.5,40.2,46.0,40.2,2.0,12.0,18.0,0.0,0.5,0.5,-217.5,-188.0,-158.5,-188.0,2.0,61.1,18.0,0.0,0.5,0.5,34.8,54.8,74.8,54.8,2.0,41.4,18.0,0.0,0.5,0.5,-131.5,-112.6,-93.7,-112.6,2.0,39.2,18.0,0.0,0.5,0.5,20.7,33.0,45.3,33.0,2.0,25.5,18.0,0.0,0.5,0.5,-43.5,-38.5,-33.6,-38.5,2.0,10.2,18.0,0.0,0.5,0.5,7.3,11.1,14.9,11.1,2.0,7.9,18.0,0.0,0.5,0.5,340.5,608.0,875.5,608.0,2.0,554.5,18.0,0.0,0.5,0.5,340.0,610.0,875.0,610.0,2.0,555.0,18.0,0.0,0.5,0.5
1974,2,253.0,-7.0,25.17,25.55,25.93,25.55,2.0,0.78,18.0,0.0,0.2,0.8,24.06,24.4,24.74,24.4,2.0,0.71,18.0,0.0,0.2,0.8,16.83,16.86,16.9,16.86,2.0,0.07,18.0,0.0,0.2,0.8,86.8,88.4,90.0,88.4,2.0,3.4,18.0,0.0,0.8,3.84,4.35,4.86,4.35,2.0,1.06,18.0,0.0,0.2,0.8,-2.34,-1.89,-1.44,-1.89,2.0,0.93,18.0,0.0,0.2,0.8,3.55,3.9,4.25,3.9,2.0,0.73,18.0,0.0,0.2,0.8,1010.8,1010.8,1010.8,1010.8,2.0,0.0,18.0,0.0,0.2,0.8,1.3,2.0,2.7,2.0,2.0,1.4,18.0,0.0,0.2,0.8,-11.6,-8.7,-5.8,-8.7,2.0,6.1,18.0,0.0,0.2,0.8,13.8,17.4,20.9,17.4,2.0,7.3,18.0,0.0,0.2,0.8,0.43,1.15,1.87,1.15,2.0,1.48,18.0,0.0,0.2,0.8,1.7,4.2,6.7,4.2,2.0,5.2,18.0,0.0,0.2,0.8,3.14,3.64,4.13,3.64,2.0,1.03,18.0,0.0,0.2,0.8,15.0,15.3,15.6,15.3,2.0,0.6,18.0,0.0,0.2,0.8,-58.1,-46.5,-34.8,-46.5,2.0,24.1,18.0,0.0,0.2,0.8,85.5,95.4,105.4,95.4,2.0,20.6,18.0,0.0,0.2,0.8,-39.6,-31.9,-24.3,-31.9,2.0,15.9,18.0,0.0,0.2,0.8,59.7,65.8,71.9,65.8,2.0,12.6,18.0,0.0,0.2,0.8,-7.1,-6.4,-5.7,-6.4,2.0,1.4,18.0,0.0,0.2,0.8,13.1,13.8,14.5,13.8,2.0,1.4,18.0,0.0,0.2,0.8,60.5,89.5,119.0,89.5,2.0,61.0,18.0,0.0,0.2,0.8,60.0,90.0,120.0,90.0,2.0,60.0,18.0,0.0,0.2,0.8
1974,2,253.0,-6.0,25.9,25.9,25.9,25.9,1.0,0.0,28.0,1.0,0.3,0.8,25.5,25.5,25.5,25.5,1.0,0.0,28.0,1.0,0.3,0.8,19.59,19.59,19.59,19.59,1.0,0.0,28.0,1.0,0.3,0.8,95.9,95.9,95.9,95.9,1.0,0.0,28.0,1.0,0.8,4.6,4.6,4.6,4.6,1.0,0.0,28.0,1.0,0.3,0.8,-3.98,-3.98,-3.98,-3.98,1.0,0.0,28.0,1.0,0.3,0.8,2.3,2.3,2.3,2.3,1.0,0.0,28.0,1.0,0.3,0.8,1010.3,1010.3,1010.3,1010.3,1.0,0.0,28.0,1.0,0.3,0.8,6.0,6.0,6.0,6.0,1.0,0.0,28.0,1.0,0.3,0.8,-18.3,-18.3,-18.3,-18.3,1.0,0.0,28.0,1.0,0.3,0.8,10.6,10.6,10.6,10.6,1.0,0.0,28.0,1.0,0.3,0.8,0.4,0.4,0.4,0.4,1.0,0.0,28.0,1.0,0.3,0.8,1.8,1.8,1.8,1.8,1.0,0.0,28.0,1.0,0.3,0.8,1.34,1.34,1.34,1.34,1.0,0.0,28.0,1.0,0.3,0.8,6.2,6.2,6.2,6.2,1.0,0.0,28.0,1.0,0.3,0.8,-101.6,-101.6,-101.6,-101.6,1.0,0.0,28.0,1.0,0.3,0.8,58.7,58.7,58.7,58.7,1.0,0.0,28.0,1.0,0.3,0.8,-78.0,-78.0,-78.0,-78.0,1.0,0.0,28.0,1.0,0.3,0.8,45.1,45.1,45.1,45.1,1.0,0.0,28.0,1.0,0.3,0.8,-5.4,-5.4,-5.4,-5.4,1.0,0.0,28.0,1.0,0.3,0.8,3.1,3.1,3.1,3.1,1.0,0.0,28.0,1.0,0.3,0.8,97.5,97.5,97.5,97.5,1.0,0.0,28.0,1.0,0.3,0.8,95.0,95.0,95.0,95.0,1.0,0.0,28.0,1.0,0.3,0.8
1974,2,253.0,-5.0,28.0,28.0,28.0,28.0,1.0,0.0,2.0,0.0,0.7,0.6,28.9,28.9,28.9,28.9,1.0,0.0,2.0,0.0,0.7,0.6,17.55,17.55,17.55,17.55,1.0,0.0,2.0,0.0,0.7,0.6,70.5,70.5,70.5,70.5,1.0,0.0,2.0,0.0,0.6,4.6,4.6,4.6,4.6,1.0,0.0,2.0,0.0,0.7,0.6,-3.52,-3.52,-3.52,-3.52,1.0,0.0,2.0,0.0,0.7,0.6,2.96,2.96,2.96,2.96,1.0,0.0,2.0,0.0,0.7,0.6,1010.6,1010.6,1010.6,1010.6,1.0,0.0,2.0,0.0,0.7,0.6,3.0,3.0,3.0,3.0,1.0,0.0,2.0,0.0,0.7,0.6,-16.2,-16.2,-16.2,-16.2,1.0,0.0,2.0,0.0,0.7,0.6,13.6,13.6,13.6,13.6,1.0,0.0,2.0,0.0,0.7,0.6,-0.9,-0.9,-0.9,-0.9,1.0,0.0,2.0,0.0,0.7,0.6,-4.1,-4.1,-4.1,-4.1,1.0,0.0,2.0,0.0,0.7,0.6,6.17,6.17,6.17,6.17,1.0,0.0,2.0,0.0,0.7,0.6,28.4,28.4,28.4,28.4,1.0,0.0,2.0,0.0,0.7,0.6,-101.8,-101.8,-101.8,-101.8,1.0,0.0,2.0,0.0,0.7,0.6,85.5,85.5,85.5,85.5,1.0,0.0,2.0,0.0,0.7,0.6,-61.9,-61.9,-61.9,-61.9,1.0,0.0,2.0,0.0,0.7,0.6,51.9,51.9,51.9,51.9,1.0,0.0,2.0,0.0,0.7,0.6,-21.7,-21.7,-21.7,-21.7,1.0,0.0,2.0,0.0,0.7,0.6,18.2,18.2,18.2,18.2,1.0,0.0,2.0,0.0,0.7,0.6,97.5,97.5,97.5,97.5,1.0,0.0,2.0,0.0,0.7,0.6,95.0,95.0,95.0,95.0,1.0,0.0,2.0,0.0,0.7,0.6
1974,2,253.0,-4.0,26.0,26.0,26.0,26.0,1.0,0.0,4.0,1.0,0.1,0.7,23.8,23.8,23.8,23.8,1.0,0.0,4.0,1.0,0.1,0.7,17.58,17.58,17.58,17.58,1.0,0.0,4.0,1.0,0.1,0.7,95.3,95.3,95.3,95.3,1.0,0.0,4.0,1.0,0.7,2.6,2.6,2.6,2.6,1.0,0.0,4.0,1.0,0.1,0.7,-2.44,-2.44,-2.44,-2.44,1.0,0.0,4.0,1.0,0.1,0.7,0.89,0.89,0.89,0.89,1.0,0.0,4.0,1.0,0.1,0.7,1009.0,1009.0,1009.0,1009.0,1.0,0.0,4.0,1.0,0.1,0.7,3.0,3.0,3.0,3.0,1.0,0.0,4.0,1.0,0.1,0.7,-6.4,-6.4,-6.4,-6.4,1.0,0.0,4.0,1.0,0.1,0.7,2.3,2.3,2.3,2.3,1.0,0.0,4.0,1.0,0.1,0.7,2.2,2.2,2.2,2.2,1.0,0.0,4.0,1.0,0.1,0.7,5.7,5.7,5.7,5.7,1.0,0.0,4.0,1.0,0.1,0.7,3.51,3.51,3.51,3.51,1.0,0.0,4.0,1.0,0.1,0.7,9.1,9.1,9.1,9.1,1.0,0.0,4.0,1.0,0.1,0.7,-58.1,-58.1,-58.1,-58.1,1.0,0.0,4.0,1.0,0.1,0.7,21.2,21.2,21.2,21.2,1.0,0.0,4.0,1.0,0.1,0.7,-43.0,-43.0,-43.0,-43.0,1.0,0.0,4.0,1.0,0.1,0.7,15.6,15.6,15.6,15.6,1.0,0.0,4.0,1.0,0.1,0.7,-8.6,-8.6,-8.6,-8.6,1.0,0.0,4.0,1.0,0.1,0.7,3.1,3.1,3.1,3.1,1.0,0.0,4.0,1.0,0.1,0.7,17.5,17.5,17.5,17.5,1.0,0.0,4.0,1.0,0.1,0.7,20.0,20.0,20.0,20.0,1.0,0.0,4.0,1.0,0.1,0.7
1974,2,253.0,-3.0,25.07,25.65,26.23,25.65,2.0,1.2,20.0,0.5,0.3,0.6,24.45,25.0,26.3,25.37,3.0,1.39,22.0,0.7,0.4,0.5,16.74,17.44,19.09,17.9,3.0,1.77,22.0,0.7,0.4,0.5,87.4,88.1,89.0,88.2,3.0,1.2,22.0,0.7,0.5,4.76,5.1,7.97,6.33,3.0,2.58,22.0,0.7,0.4,0.5,-4.58,-1.57,0.11,-2.22,3.0,3.48,22.0,0.7,0.4,0.5,4.54,5.02,6.46,5.49,3.0,1.46,22.0,0.7,0.4,0.5,1009.38,1010.4,1010.74,1010.07,3.0,1.04,22.0,0.7,0.4,0.5,3.3,6.0,6.0,4.7,3.0,2.3,22.0,0.7,0.4,0.5,-40.2,-7.2,0.8,-19.4,3.0,31.9,22.0,0.7,0.4,0.5,21.7,25.6,53.4,37.3,3.0,25.3,22.0,0.7,0.4,0.5,0.74,1.05,1.36,1.05,2.0,0.64,20.0,0.5,0.3,0.6,5.8,6.2,6.7,6.2,2.0,0.9,20.0,0.5,0.3,0.6,3.35,3.71,4.08,3.71,2.0,0.75,20.0,0.5,0.3,0.6,21.1,24.6,28.0,24.6,2.0,7.1,20.0,0.5,0.3,0.6,-111.2,-39.3,3.8,-53.4,3.0,85.1,22.0,0.7,0.4,0.5,116.6,135.1,160.6,138.5,3.0,32.3,22.0,0.7,0.4,0.5,-75.7,-27.4,3.3,-36.0,3.0,58.3,22.0,0.7,0.4,0.5,83.1,99.7,111.4,97.3,3.0,20.9,22.0,0.7,0.4,0.5,-17.1,-12.8,-8.6,-12.8,2.0,8.7,20.0,0.5,0.3,0.6,19.0,20.5,22.0,20.5,2.0,3.0,20.0,0.5,0.3,0.6,108.5,132.5,591.0,345.0,3.0,398.5,22.0,0.7,0.4,0.5,110.0,135.0,590.0,345.0,3.0,400.0,22.0,0.7,0.4,0.5
1974,2,253.0,-2.0,23.72,24.2,24.75,24.23,3.0,0.75,8.0,0.3,0.8,0.2,22.98,24.0,24.75,23.87,3.0,1.31,8.0,0.3,0.8,0.2,15.27,15.53,15.59,15.43,3.0,0.25,8.0,0.3,0.8,0.2,78.4,83.3,89.1,83.7,3.0,7.9,8.0,0.3,0.2,0.49,1.55,2.61,1.55,2.0,2.19,10.0,0.5,0.7,0.3,-2.45,-1.46,-0.46,-1.46,2.0,2.06,10.0,0.5,0.7,0.3,0.17,0.53,0.89,0.53,2.0,0.75,10.0,0.5,0.7,0.3,1009.53,1009.6,1010.08,1009.8,3.0,0.44,8.0,0.3,0.8,0.2,2.3,3.0,6.4,4.3,3.0,3.2,8.0,0.3,0.8,0.2,-7.6,-4.5,-1.4,-4.5,2.0,6.4,10.0,0.5,0.7,0.3,0.5,1.6,2.8,1.6,2.0,2.3,10.0,0.5,0.7,0.3,0.0,0.2,0.75,0.37,3.0,0.57,8.0,0.3,0.8,0.2,-0.3,-0.2,0.0,-0.2,2.0,0.2,10.0,0.5,0.7,0.3,2.77,3.37,4.27,3.52,3.0,1.11,8.0,0.3,0.8,0.2,2.3,7.3,12.2,7.3,2.0,10.3,10.0,0.5,0.7,0.3,-61.5,-36.6,-11.6,-36.6,2.0,51.7,10.0,0.5,0.7,0.3,4.2,13.3,22.4,13.3,2.0,18.8,10.0,0.5,0.7,0.3,-37.1,-22.1,-7.0,-22.1,2.0,31.2,10.0,0.5,0.7,0.3,2.5,8.0,13.5,8.0,2.0,11.4,10.0,0.5,0.7,0.3,-11.5,-6.8,-2.2,-6.8,2.0,9.7,10.0,0.5,0.7,0.3,0.8,2.5,4.2,2.5,2.0,3.5,10.0,0.5,0.7,0.3,4.5,15.0,25.0,15.0,2.0,21.0,10.0,0.5,0.7,0.3,5.0,15.0,25.0,15.0,2.0,20.0,10.0,0.5,0.7,0.3
1974,2,253.0,-1.0,24.0,24.0,24.0,24.0,1.0,0.0,16.0,0.0,0.1,0.7,24.5,24.7,24.9,24.7,2.0,0.42,16.0,0.5,0.2,0.5,17.75,18.19,18.63,18.19,2.0,0.91,16.0,0.5,0.2,0.5,90.3,93.7,97.2,93.7,2.0,7.2,16.0,0.5,0.5,8.2,8.2,8.2,8.2,1.0,0.0,16.0,1.0,0.3,0.3,-5.27,-5.27,-5.27,-5.27,1.0,0.0,16.0,1.0,0.3,0.3,6.28,6.28,6.28,6.28,1.0,0.0,16.0,1.0,0.3,0.3,1011.41,1012.3,1013.19,1012.3,2.0,1.84,16.0,0.5,0.2,0.5,7.0,7.0,7.0,7.0,2.0,0.0,16.0,0.5,0.2,0.5,-43.2,-43.2,-43.2,-43.2,1.0,0.0,16.0,1.0,0.3,0.3,51.5,51.5,51.5,51.5,1.0,0.0,16.0,1.0,0.3,0.3,,,,,,,,,,,,,,,,,,,,,,,,,,,,,,,,,,,,,,,,,-131.8,-131.8,-131.8,-131.8,1.0,0.0,16.0,1.0,0.3,0.3,157.0,157.0,157.0,157.0,1.0,0.0,16.0,1.0,0.3,0.3,-92.5,-92.5,-92.5,-92.5,1.0,0.0,16.0,1.0,0.3,0.3,110.2,110.2,110.2,110.2,1.0,0.0,16.0,1.0,0.3,0.3,,,,,,,,,,,,,,,,,,,,,,,,,,,,,,,,,,,,,,,,
1974,2,253.0,0.0,,,,,,,,,,,,,,,,,,,,,,,,,,,,,,,,,,,,,,,,1.5,1.5,1.5,1.5,1.0,0.0,24.0,1.0,0.3,0.5,1.48,1.48,1.48,1.48,1.0,0.0,24.0,1.0,0.3,0.5,-0.26,-0.26,-0.26,-0.26,1.0,0.0,24.0,1.0,0.3,0.5,1006.4,1006.4,1006.4,1006.4,1.0,0.0,24.0,1.0,0.3,0.5,,,,,,,,,,,,,,,,,,,,,,,,,,,,,,,,,,,,,,,,,,,,,,,,,,,,,,,,,,,,,,,,,,,,,,,,,,,,,,,,,,,,,,,,,,,,,,,,,,,,,,,,,,,,,,,,,,,,,,,,,,,,,,,,,,,,,,,,,,,,,,,,,,,,,,
1974,2,253.0,1.0,24.3,24.3,24.3,24.3,1.0,0.0,8.0,0.0,1.0,0.0,24.7,24.7,24.7,24.7,1.0,0.0,8.0,0.0,1.0,0.0,15.48,15.48,15.48,15.48,1.0,0.0,8.0,0.0,1.0,0.0,79.9,79.9,79.9,79.9,1.0,0.0,8.0,0.0,0.0,2.6,2.6,2.6,2.6,1.0,0.0,8.0,0.0,1.0,0.0,1.67,1.67,1.67,1.67,1.0,0.0,8.0,0.0,1.0,0.0,1.99,1.99,1.99,1.99,1.0,0.0,8.0,0.0,1.0,0.0,1012.7,1012.7,1012.7,1012.7,1.0,0.0,8.0,0.0,1.0,0.0,3.0,3.0,3.0,3.0,1.0,0.0,8.0,0.0,1.0,0.0,4.3,4.3,4.3,4.3,1.0,0.0,8.0,0.0,1.0,0.0,5.2,5.2,5.2,5.2,1.0,0.0,8.0,0.0,1.0,0.0,-0.4,-0.4,-0.4,-0.4,1.0,0.0,8.0,0.0,1.0,0.0,-1.0,-1.0,-1.0,-1.0,1.0,0.0,8.0,0.0,1.0,0.0,3.48,3.48,3.48,3.48,1.0,0.0,8.0,0.0,1.0,0.0,9.0,9.0,9.0,9.0,1.0,0.0,8.0,0.0,1.0,0.0,41.3,41.3,41.3,41.3,1.0,0.0,8.0,0.0,1.0,0.0,49.2,49.2,49.2,49.2,1.0,0.0,8.0,0.0,1.0,0.0,25.9,25.9,25.9,25.9,1.0,0.0,8.0,0.0,1.0,0.0,30.8,30.8,30.8,30.8,1.0,0.0,8.0,0.0,1.0,0.0,5.8,5.8,5.8,5.8,1.0,0.0,8.0,0.0,1.0,0.0,6.9,6.9,6.9,6.9,1.0,0.0,8.0,0.0,1.0,0.0,17.5,17.5,17.5,17.5,1.0,0.0,8.0,0.0,1.0,0.0,20.0,20.0,20.0,20.0,1.0,0.0,8.0,0.0,1.0,0.0
1974,2,253.0,7.0,26.91,27.35,27.79,27.35,2.0,0.92,22.0,0.5,0.8,0.3,27.42,27.45,27.48,27.45,2.0,0.07,22.0,0.5,0.8,0.3,17.53,17.99,18.44,17.99,2.0,0.94,22.0,0.5,0.8,0.3,76.5,78.6,80.7,78.6,2.0,4.4,22.0,0.5,0.3,5.77,7.2,8.63,7.2,2.0,2.97,22.0,0.5,0.8,0.3,-8.05,-6.58,-5.1,-6.58,2.0,3.06,22.0,0.5,0.8,0.3,-3.08,-2.87,-2.65,-2.87,2.0,0.45,22.0,0.5,0.8,0.3,1011.06,1011.2,1011.34,1011.2,2.0,0.28,22.0,0.5,0.8,0.3,2.0,2.0,2.0,2.0,2.0,0.0,22.0,0.5,0.8,0.3,-72.0,-51.9,-31.8,-51.9,2.0,41.5,22.0,0.5,0.8,0.3,-27.0,-21.3,-15.6,-21.3,2.0,11.7,22.0,0.5,0.8,0.3,-0.51,-0.1,0.31,-0.1,2.0,0.85,22.0,0.5,0.8,0.3,-5.1,-2.0,1.1,-2.0,2.0,6.4,22.0,0.5,0.8,0.3,3.79,4.84,5.89,4.84,2.0,2.18,22.0,0.5,0.8,0.3,31.0,31.6,32.2,31.6,2.0,1.3,22.0,0.5,0.8,0.3,-220.7,-180.5,-140.2,-180.5,2.0,83.4,22.0,0.5,0.8,0.3,-84.5,-78.6,-72.8,-78.6,2.0,12.0,22.0,0.5,0.8,0.3,-149.3,-119.7,-90.2,-119.7,2.0,61.1,22.0,0.5,0.8,0.3,-56.9,-51.7,-46.6,-51.7,2.0,10.7,22.0,0.5,0.8,0.3,-28.7,-28.5,-28.3,-28.5,2.0,0.5,22.0,0.5,0.8,0.3,-15.3,-13.4,-11.4,-13.4,2.0,4.1,22.0,0.5,0.8,0.3,239.5,468.5,698.0,468.5,2.0,475.0,22.0,0.5,0.8,0.3,240.0,470.0,700.0,470.0,2.0,475.0,22.0,0.5,0.8,0.3
1974,2,253.0,9.0,26.73,27.15,27.36,27.05,4.0,0.47,16.0,1.0,0.4,0.4,27.12,27.8,27.9,27.53,4.0,0.69,16.0,1.0,0.4,0.4,16.91,16.91,16.91,16.91,1.0,0.0,4.0,1.0,0.1,0.1,78.2,78.2,78.2,78.2,1.0,0.0,4.0,1.0,0.1,4.31,6.95,8.54,6.45,4.0,2.86,16.0,1.0,0.4,0.4,-8.24,-5.4,-2.84,-5.53,4.0,3.14,16.0,1.0,0.4,0.4,-4.33,-1.59,0.0,-2.14,4.0,2.62,16.0,1.0,0.4,0.4,1010.8,1011.35,1012.06,1011.43,4.0,0.73,16.0,1.0,0.4,0.4,2.0,2.0,2.5,2.3,4.0,0.5,16.0,1.0,0.4,0.4,-70.8,-39.3,-12.7,-41.6,4.0,34.6,16.0,1.0,0.4,0.4,-31.5,-14.8,0.0,-15.7,4.0,18.2,16.0,1.0,0.4,0.4,-1.11,-0.55,0.17,-0.47,4.0,0.85,16.0,1.0,0.4,0.4,-7.5,-4.5,-0.5,-4.0,4.0,4.4,16.0,1.0,0.4,0.4,5.57,5.57,5.57,5.57,1.0,0.0,4.0,1.0,0.1,0.1,14.5,14.5,14.5,14.5,1.0,0.0,4.0,1.0,0.1,0.1,-229.9,-150.9,-77.1,-153.4,4.0,88.6,16.0,1.0,0.4,0.4,-120.3,-44.2,0.0,-59.4,4.0,73.0,16.0,1.0,0.4,0.4,-44.0,-44.0,-44.0,-44.0,1.0,0.0,4.0,1.0,0.1,0.1,0.0,0.0,0.0,0.0,1.0,0.0,4.0,1.0,0.1,0.1,-14.5,-14.5,-14.5,-14.5,1.0,0.0,4.0,1.0,0.1,0.1,0.0,0.0,0.0,0.0,1.0,0.0,4.0,1.0,0.1,0.1,122.5,347.5,639.0,379.0,4.0,335.5,16.0,1.0,0.4,0.4,125.0,345.0,640.0,380.0,4.0,335.0,16.0,1.0,0.4,0.4
1974,2,253.0,10.0,26.9,27.0,27.2,27.04,7.0,0.16,10.0,0.6,0.7,0.3,26.07,27.0,28.38,27.2,7.0,1.53,10.0,0.6,0.7,0.3,15.22,16.61,18.97,17.08,3.0,2.78,14.0,0.0,0.6,0.4,73.0,81.5,89.8,81.4,3.0,12.3,14.0,0.0,0.4,0.79,4.6,5.64,3.83,6.0,2.84,8.0,0.7,0.7,0.3,-5.39,-4.53,-0.27,-3.65,6.0,2.95,8.0,0.7,0.7,0.3,-1.11,-0.8,0.0,-0.71,6.0,0.66,8.0,0.7,0.7,0.3,1009.8,1010.5,1011.9,1010.76,7.0,0.88,10.0,0.6,0.7,0.3,1.0,2.0,8.0,3.3,7.0,3.3,10.0,0.6,0.7,0.3,-31.6,-20.8,-0.3,-21.0,6.0,21.7,8.0,0.7,0.7,0.3,-4.8,-2.3,0.0,-2.9,6.0,3.4,8.0,0.7,0.7,0.3,-1.2,0.2,0.93,-0.16,7.0,1.53,10.0,0.6,0.7,0.3,-10.0,0.0,0.6,-3.8,6.0,6.9,8.0,0.7,0.7,0.3,3.2,5.74,7.13,5.18,3.0,2.92,14.0,0.0,0.6,0.4,0.3,1.0,1.7,1.0,2.0,1.4,12.0,0.0,0.6,0.3,-159.1,-122.8,-7.1,-102.7,6.0,83.8,8.0,0.7,0.7,0.3,-30.4,-21.6,0.0,-20.1,6.0,19.4,8.0,0.7,0.7,0.3,-5.8,-3.4,-1.1,-3.4,2.0,4.9,12.0,0.0,0.6,0.3,-15.9,-9.4,-3.0,-9.4,2.0,13.3,12.0,0.0,0.6,0.3,-0.6,-0.3,-0.1,-0.3,2.0,0.5,12.0,0.0,0.6,0.3,-1.6,-1.0,-0.3,-1.0,2.0,1.3,12.0,0.0,0.6,0.3,1.0,97.5,199.5,131.0,6.0,168.5,8.0,0.7,0.7,0.3,0.0,95.0,200.0,130.0,6.0,170.0,8.0,0.7,0.7,0.3
1974,2,253.0,11.0,27.32,28.0,28.0,27.67,3.0,0.58,18.0,0.3,0.8,0.2,26.32,27.0,27.68,27.0,3.0,1.0,18.0,0.3,0.8,0.2,18.5,18.52,18.53,18.52,2.0,0.03,14.0,0.5,0.8,0.3,80.0,83.3,86.7,83.3,2.0,6.9,14.0,0.5,0.3,6.52,7.65,8.78,7.65,2.0,2.33,26.0,0.5,0.9,0.3,-8.25,-7.19,-6.13,-7.19,2.0,2.19,26.0,0.5,0.9,0.3,-3.0,-2.62,-2.23,-2.62,2.0,0.8,26.0,0.5,0.9,0.3,1010.29,1010.7,1012.34,1011.3,3.0,1.59,18.0,0.3,0.8,0.2,3.0,3.0,6.4,4.7,3.0,2.9,18.0,0.3,0.8,0.2,-73.7,-57.6,-41.4,-57.6,2.0,33.5,26.0,0.5,0.9,0.3,-26.8,-20.9,-15.1,-20.9,2.0,12.2,26.0,0.5,0.9,0.3,0.0,0.0,1.37,0.67,3.0,1.15,18.0,0.3,0.8,0.2,0.0,0.0,0.0,0.0,2.0,0.0,26.0,0.5,0.9,0.3,5.17,5.17,5.17,5.17,2.0,0.01,14.0,0.5,0.8,0.3,48.1,48.1,48.1,48.1,1.0,0.0,26.0,1.0,0.8,0.5,-230.0,-198.5,-166.9,-198.5,2.0,65.4,26.0,0.5,0.9,0.3,-83.7,-72.2,-60.7,-72.2,2.0,23.8,26.0,0.5,0.9,0.3,-162.0,-162.0,-162.0,-162.0,1.0,0.0,26.0,1.0,0.8,0.5,-59.0,-59.0,-59.0,-59.0,1.0,0.0,26.0,1.0,0.8,0.5,-45.2,-45.2,-45.2,-45.2,1.0,0.0,26.0,1.0,0.8,0.5,-16.5,-16.5,-16.5,-16.5,1.0,0.0,26.0,1.0,0.8,0.5,309.5,510.0,711.0,510.0,2.0,416.0,26.0,0.5,0.9,0.3,310.0,510.0,710.0,510.0,2.0,415.0,26.0,0.5,0.9,0.3
1974,2,253.0,12.0,27.45,28.0,29.37,28.4,3.0,1.44,22.0,0.7,0.7,0.2,26.84,27.1,27.62,27.23,4.0,0.56,16.0,0.8,0.7,0.3,15.18,17.44,18.1,16.68,4.0,2.41,16.0,0.8,0.7,0.3,68.7,78.1,78.6,73.9,4.0,9.0,16.0,0.8,0.3,4.84,7.2,8.78,6.83,4.0,2.5,16.0,0.8,0.7,0.3,-7.13,-4.73,-3.84,-5.45,4.0,2.31,16.0,0.8,0.7,0.3,-5.23,-1.59,1.62,-1.8,4.0,4.37,16.0,0.8,0.7,0.3,1011.03,1012.7,1014.1,1012.58,4.0,1.79,16.0,0.8,0.7,0.3,1.4,3.5,4.5,3.0,4.0,2.2,16.0,0.8,0.7,0.3,-58.6,-33.5,-22.6,-40.3,4.0,29.0,16.0,0.8,0.7,0.3,-44.6,-14.8,10.1,-17.1,4.0,34.0,16.0,0.8,0.7,0.3,0.16,0.5,2.07,1.1,3.0,1.49,22.0,0.7,0.7,0.2,0.6,1.8,12.4,6.4,3.0,9.5,22.0,0.7,0.7,0.2,6.34,9.1,9.32,7.86,3.0,2.43,22.0,0.7,0.7,0.2,38.1,47.1,53.4,45.8,3.0,11.3,22.0,0.7,0.7,0.2,-197.7,-128.4,-103.1,-149.4,4.0,66.9,16.0,0.8,0.7,0.3,-142.9,-44.5,44.2,-49.1,4.0,118.5,16.0,0.8,0.7,0.3,-130.1,-82.6,-58.8,-93.9,4.0,49.8,16.0,0.8,0.7,0.3,-92.9,-29.7,28.4,-32.1,4.0,76.5,16.0,0.8,0.7,0.3,-47.4,-44.2,-37.2,-42.3,3.0,7.6,22.0,0.7,0.7,0.2,-11.0,0.0,19.3,4.0,3.0,22.4,22.0,0.7,0.7,0.2,138.0,395.0,684.0,410.0,4.0,335.0,16.0,0.8,0.7,0.3,140.0,395.0,685.0,410.0,4.0,335.0,16.0,0.8,0.7,0.3
1974,2,253.0,13.0,26.56,27.35,28.44,27.46,8.0,1.02,14.0,0.5,0.6,0.5,25.06,26.25,26.5,26.19,8.0,1.36,14.0,0.5,0.6,0.5,15.02,15.33,17.68,16.51,7.0,2.34,14.0,0.6,0.6,0.5,74.2,77.4,81.3,77.6,7.0,4.6,14.0,0.6,0.5,3.98,5.1,6.87,5.71,7.0,2.33,12.0,0.6,0.6,0.4,-5.31,-3.85,-2.51,-4.19,7.0,2.35,12.0,0.6,0.6,0.4,-4.77,-4.31,-2.52,-3.67,7.0,1.35,12.0,0.6,0.6,0.4,1011.5,1013.75,1014.79,1013.13,8.0,1.88,14.0,0.5,0.6,0.5,2.0,2.0,2.2,2.4,7.0,1.6,12.0,0.6,0.6,0.4,-37.1,-15.8,-12.0,-28.4,7.0,29.5,12.0,0.6,0.6,0.4,-30.6,-22.5,-10.1,-23.0,7.0,16.2,12.0,0.6,0.6,0.4,0.56,1.3,2.4,1.28,8.0,1.01,14.0,0.5,0.6,0.5,1.8,6.2,16.5,7.0,7.0,7.2,12.0,0.6,0.6,0.4,4.7,6.55,8.27,6.34,7.0,2.01,14.0,0.6,0.6,0.5,18.7,30.6,63.4,39.8,6.0,27.4,12.0,0.7,0.5,0.4,-140.6,-101.6,-72.6,-110.3,7.0,60.9,12.0,0.6,0.6,0.4,-128.4,-114.1,-66.4,-97.2,7.0,36.6,12.0,0.6,0.6,0.4,-94.7,-63.8,-48.9,-71.4,6.0,35.9,12.0,0.7,0.5,0.4,-80.9,-71.3,-43.0,-64.4,6.0,24.6,12.0,0.7,0.5,0.4,-50.4,-22.3,-9.8,-30.1,6.0,25.1,12.0,0.7,0.5,0.4,-38.3,-24.5,-11.8,-24.8,6.0,14.3,12.0,0.7,0.5,0.4,63.0,132.5,338.5,277.5,7.0,372.0,12.0,0.6,0.6,0.4,65.0,135.0,340.0,280.0,7.0,370.0,12.0,0.6,0.6,0.4
1974,2,253.0,14.0,27.0,27.5,27.81,27.46,7.0,0.4,20.0,0.7,0.5,0.6,24.16,26.7,27.92,26.37,9.0,2.03,18.0,0.8,0.6,0.5,15.84,17.47,19.42,17.25,8.0,2.14,18.0,0.8,0.6,0.5,70.0,78.4,94.6,81.8,8.0,12.0,18.0,0.8,0.5,1.8,2.6,6.2,4.0,9.0,2.4,18.0,0.8,0.6,0.5,-2.09,-0.89,0.37,-1.16,9.0,2.18,18.0,0.8,0.6,0.5,-5.42,-2.12,-1.48,-3.23,9.0,2.4,18.0,0.8,0.6,0.5,1010.12,1012.0,1015.01,1012.66,9.0,2.54,18.0,0.8,0.6,0.5,1.3,4.0,6.0,3.9,9.0,2.4,18.0,0.8,0.6,0.5,-11.6,-2.3,0.6,-6.5,9.0,12.3,18.0,0.8,0.6,0.5,-31.7,-6.4,-2.7,-17.3,9.0,21.8,18.0,0.8,0.6,0.5,-0.14,2.3,3.31,1.37,7.0,2.28,20.0,0.7,0.5,0.6,-0.9,6.0,9.5,4.7,7.0,14.0,20.0,0.7,0.5,0.6,3.61,5.21,7.25,5.46,7.0,2.07,20.0,0.7,0.5,0.6,9.4,17.1,44.4,22.8,7.0,15.7,20.0,0.7,0.5,0.6,-59.3,-22.9,10.0,-32.3,9.0,59.4,18.0,0.8,0.6,0.5,-160.3,-58.7,-38.3,-85.6,9.0,62.7,18.0,0.8,0.6,0.5,-40.8,-13.0,8.3,-19.9,8.0,37.1,18.0,0.8,0.6,0.5,-106.8,-31.6,-22.8,-55.0,8.0,47.0,18.0,0.8,0.6,0.5,-11.5,-3.2,3.4,-5.8,7.0,18.2,20.0,0.7,0.5,0.6,-17.5,-14.9,-8.4,-16.5,7.0,13.0,20.0,0.7,0.5,0.6,7.0,17.5,238.5,131.5,9.0,184.5,18.0,0.8,0.6,0.5,5.0,20.0,240.0,130.0,9.0,185.0,18.0,0.8,0.6,0.5
1974,2,253.0,15.0,26.83,27.5,28.6,27.74,5.0,1.4,14.0,1.0,0.6,0.4,26.13,26.5,28.6,27.26,5.0,1.74,14.0,1.0,0.6,0.4,15.46,16.23,18.04,16.73,4.0,1.95,10.0,1.0,0.6,0.5,65.0,75.4,86.6,75.8,4.0,16.1,10.0,1.0,0.5,2.52,4.1,6.36,4.62,5.0,3.35,14.0,1.0,0.6,0.4,-1.95,0.0,1.84,-0.03,5.0,2.91,14.0,1.0,0.6,0.4,-5.7,-1.3,-0.45,-3.07,5.0,4.2,14.0,1.0,0.6,0.4,1012.99,1014.9,1015.15,1014.02,5.0,2.15,14.0,1.0,0.6,0.4,0.0,0.0,3.5,1.6,5.0,2.6,14.0,1.0,0.6,0.4,-6.8,0.0,7.2,0.2,5.0,11.8,14.0,1.0,0.6,0.4,-44.8,-2.9,-1.2,-24.1,5.0,46.0,14.0,1.0,0.6,0.4,-1.77,1.0,2.47,0.48,5.0,3.02,14.0,1.0,0.6,0.4,-15.9,4.0,5.1,-5.3,5.0,19.2,14.0,1.0,0.6,0.4,6.61,6.9,6.99,6.81,4.0,0.31,10.0,1.0,0.6,0.5,15.7,24.8,47.8,31.4,4.0,23.9,10.0,1.0,0.6,0.5,-51.2,0.0,50.7,0.4,5.0,79.1,14.0,1.0,0.6,0.4,-164.2,-33.1,-12.0,-88.4,5.0,126.9,14.0,1.0,0.6,0.4,-40.9,-7.3,4.6,-17.6,4.0,32.9,10.0,1.0,0.6,0.5,-104.6,-37.8,-18.0,-60.2,4.0,64.5,10.0,1.0,0.6,0.5,-17.1,-2.7,1.9,-7.4,4.0,14.1,10.0,1.0,0.6,0.5,-44.4,-15.1,-6.9,-25.2,4.0,27.8,10.0,1.0,0.6,0.5,20.0,69.0,443.0,252.5,5.0,470.5,14.0,1.0,0.6,0.4,20.0,70.0,445.0,255.0,5.0,470.0,14.0,1.0,0.6,0.4
1974,2,253.0,16.0,25.97,27.1,28.21,27.03,6.0,1.47,8.0,0.5,0.6,0.4,24.59,25.3,26.62,25.6,6.0,1.96,8.0,0.5,0.6,0.4,13.75,14.73,15.53,14.72,5.0,1.22,10.0,0.4,0.6,0.4,66.4,70.6,78.8,72.6,5.0,7.6,10.0,0.4,0.4,2.86,4.6,6.41,4.37,6.0,2.52,8.0,0.5,0.6,0.4,-2.76,-1.06,1.85,-0.77,6.0,2.44,8.0,0.5,0.6,0.4,-6.02,-3.41,-2.47,-3.76,6.0,2.37,8.0,0.5,0.6,0.4,1011.82,1012.25,1014.08,1012.95,6.0,1.78,8.0,0.5,0.6,0.4,0.0,1.0,2.8,1.7,6.0,2.3,8.0,0.5,0.6,0.4,-18.2,-6.6,6.9,-6.0,6.0,12.5,8.0,0.5,0.6,0.4,-38.7,-15.6,-8.9,-21.2,6.0,17.8,8.0,0.5,0.6,0.4,-1.13,1.25,3.62,1.43,6.0,2.91,8.0,0.5,0.6,0.4,-0.7,7.4,23.5,10.6,6.0,13.6,8.0,0.5,0.6,0.4,5.87,7.65,9.99,7.88,5.0,2.15,10.0,0.4,0.6,0.4,13.8,47.4,59.3,38.5,5.0,27.7,10.0,0.4,0.6,0.4,-67.4,-26.5,47.6,-17.5,6.0,59.7,8.0,0.5,0.6,0.4,-150.5,-86.1,-59.8,-93.7,6.0,59.5,8.0,0.5,0.6,0.4,-42.8,-31.6,8.8,-19.9,5.0,32.0,10.0,0.4,0.6,0.4,-89.6,-48.3,-26.6,-54.3,5.0,38.1,10.0,0.4,0.6,0.4,-30.1,-16.2,4.0,-14.0,5.0,20.2,10.0,0.4,0.6,0.4,-52.4,-34.0,-11.9,-32.7,5.0,25.1,10.0,0.4,0.6,0.4,37.0,101.0,266.0,143.5,6.0,139.5,8.0,0.5,0.6,0.4,35.0,100.0,265.0,145.0,6.0,140.0,8.0,0.5,0.6,0.4
1974,2,253.0,17.0,23.49,25.5,26.83,25.23,8.0,1.9,18.0,0.6,0.6,0.6,23.0,23.5,25.57,24.11,9.0,1.9,16.0,0.6,0.7,0.6,13.07,14.79,15.51,14.53,7.0,2.0,16.0,0.6,0.7,0.6,73.2,77.4,84.5,77.8,7.0,6.8,16.0,0.6,0.6,2.73,3.6,4.97,3.93,9.0,1.78,16.0,0.6,0.7,0.6,-1.54,-0.8,1.22,-0.17,9.0,2.35,16.0,0.6,0.7,0.6,-4.41,-3.6,-2.18,-3.29,9.0,1.68,16.0,0.6,0.7,0.6,1012.27,1013.9,1014.87,1013.59,9.0,1.16,16.0,0.6,0.7,0.6,0.3,1.0,2.0,1.3,9.0,1.0,16.0,0.6,0.7,0.6,-4.5,-2.2,3.2,1.3,9.0,15.0,16.0,0.6,0.7,0.6,-20.6,-13.0,-6.0,-15.4,9.0,13.2,16.0,0.6,0.7,0.6,-0.09,0.75,2.0,0.98,8.0,1.06,18.0,0.6,0.6,0.6,-0.4,2.3,6.2,3.0,8.0,3.8,18.0,0.6,0.6,0.6,4.67,5.18,6.75,5.57,7.0,1.14,16.0,0.6,0.7,0.6,16.9,19.2,20.9,17.8,7.0,4.8,16.0,0.6,0.7,0.6,-40.6,-18.4,29.9,-3.4,9.0,58.6,16.0,0.6,0.7,0.6,-102.0,-75.6,-55.5,-79.3,9.0,41.0,16.0,0.6,0.7,0.6,-28.9,-14.5,1.2,-13.0,7.0,24.1,16.0,0.6,0.7,0.6,-54.2,-42.0,-28.0,-39.0,7.0,19.9,16.0,0.6,0.7,0.6,-9.1,-7.1,0.6,-3.7,7.0,8.7,16.0,0.6,0.7,0.6,-19.2,-17.2,-14.2,-14.8,7.0,6.7,16.0,0.6,0.7,0.6,21.0,46.5,123.0,98.0,9.0,140.5,16.0,0.6,0.7,0.6,20.0,45.0,125.0,100.0,9.0,140.0,16.0,0.6,0.7,0.6
1974,2,253.0,18.0,22.79,24.0,24.65,23.79,11.0,0.97,18.0,0.5,0.6,0.4,21.92,23.8,25.41,23.72,11.0,1.61,18.0,0.5,0.6,0.4,13.03,13.92,15.01,13.88,10.0,1.18,16.0,0.5,0.6,0.4,71.2,75.7,83.4,76.4,10.0,7.6,16.0,0.5,0.4,2.15,5.7,8.36,5.47,11.0,3.18,18.0,0.5,0.6,0.4,-1.38,0.51,3.42,0.76,11.0,2.69,18.0,0.5,0.6,0.4,-7.85,-5.7,-1.9,-4.88,11.0,2.99,18.0,0.5,0.6,0.4,1012.09,1014.5,1015.68,1013.89,11.0,1.8,18.0,0.5,0.6,0.4,0.0,1.0,2.0,0.9,11.0,1.0,18.0,0.5,0.6,0.4,-8.2,0.8,28.2,6.8,11.0,20.5,18.0,0.5,0.6,0.4,-65.7,-32.5,-4.3,-35.2,11.0,31.9,18.0,0.5,0.6,0.4,-1.71,0.6,1.04,0.07,11.0,1.64,18.0,0.5,0.6,0.4,-4.5,2.6,8.4,2.8,11.0,10.6,18.0,0.5,0.6,0.4,3.18,3.87,6.39,4.44,10.0,1.88,16.0,0.5,0.6,0.4,5.9,22.9,30.0,24.2,10.0,21.2,16.0,0.5,0.6,0.4,-30.2,13.6,80.8,18.2,11.0,62.1,18.0,0.5,0.6,0.4,-177.1,-126.5,-48.5,-112.8,11.0,65.5,18.0,0.5,0.6,0.4,0.0,13.3,47.3,17.1,10.0,31.8,16.0,0.5,0.6,0.4,-113.0,-79.8,-25.3,-69.5,10.0,41.5,16.0,0.5,0.6,0.4,0.0,2.4,13.7,5.6,10.0,10.7,16.0,0.5,0.6,0.4,-28.2,-21.3,-5.5,-22.3,10.0,20.0,16.0,0.5,0.6,0.4,11.5,185.0,600.0,308.5,11.0,353.0,18.0,0.5,0.6,0.4,10.0,185.0,600.0,310.0,11.0,355.0,18.0,0.5,0.6,0.4
1974,2,253.0,19.0,21.4,22.3,23.9,22.74,31.0,1.4,14.0,0.5,0.7,0.6,20.77,21.7,23.91,22.16,38.0,2.0,12.0,0.6,0.7,0.6,11.5,13.04,14.65,13.35,31.0,2.43,14.0,0.5,0.7,0.6,71.4,81.3,86.5,80.1,31.0,8.8,14.0,0.5,0.6,2.6,5.1,7.84,5.23,37.0,2.57,12.0,0.5,0.7,0.6,0.0,0.89,3.22,1.22,37.0,1.89,12.0,0.5,0.7,0.6,-7.12,-4.79,-1.67,-4.77,37.0,2.51,12.0,0.5,0.7,0.6,1012.0,1014.0,1016.29,1014.2,37.0,2.33,12.0,0.5,0.7,0.6,0.0,0.5,5.1,1.7,38.0,2.4,12.0,0.6,0.7,0.6,0.0,4.5,22.0,8.2,37.0,14.0,12.0,0.5,0.7,0.6,-51.6,-24.4,-4.3,-31.0,37.0,25.8,12.0,0.5,0.7,0.6,-0.94,0.5,2.42,0.58,31.0,2.39,14.0,0.5,0.7,0.6,0.0,2.2,19.7,6.7,30.0,11.6,14.0,0.5,0.7,0.6,2.47,3.89,6.11,3.9,30.0,2.94,14.0,0.5,0.7,0.6,5.0,21.2,39.7,23.8,29.0,21.6,14.0,0.5,0.7,0.6,0.0,18.7,65.4,27.3,37.0,42.5,12.0,0.5,0.7,0.6,-152.6,-104.0,-41.5,-102.8,37.0,52.5,12.0,0.5,0.7,0.6,0.0,9.1,33.8,15.0,30.0,27.7,14.0,0.5,0.7,0.6,-87.3,-61.3,-31.5,-58.9,30.0,28.8,14.0,0.5,0.7,0.6,0.0,1.7,15.1,5.5,29.0,12.3,14.0,0.5,0.7,0.6,-37.2,-20.9,-4.0,-21.7,29.0,19.5,14.0,0.5,0.7,0.6,17.5,132.5,483.5,242.0,37.0,271.0,12.0,0.5,0.7,0.6,20.0,135.0,485.0,240.0,37.0,270.0,12.0,0.5,0.7,0.6
1974,2,253.0,20.0,20.87,22.0,23.93,22.21,43.0,1.71,16.0,0.6,0.5,0.2,20.21,21.55,22.79,21.6,46.0,1.22,16.0,0.6,0.5,0.2,11.63,12.94,14.25,12.92,38.0,1.31,16.0,0.5,0.4,0.2,75.5,81.7,88.9,81.1,38.0,6.8,16.0,0.5,0.2,3.1,5.1,7.7,5.77,46.0,2.82,16.0,0.6,0.5,0.2,0.0,1.32,3.55,1.41,46.0,2.39,16.0,0.6,0.5,0.2,-7.68,-4.61,-2.3,-5.02,46.0,2.91,16.0,0.6,0.5,0.2,1010.9,1013.2,1015.5,1013.15,45.0,2.26,14.0,0.6,0.5,0.2,0.0,1.0,4.0,1.8,46.0,2.2,16.0,0.6,0.5,0.2,0.0,5.0,24.1,10.1,46.0,20.1,16.0,0.6,0.5,0.2,-59.2,-26.0,-7.0,-36.6,46.0,37.1,16.0,0.6,0.5,0.2,-0.8,0.6,2.3,0.56,43.0,1.87,16.0,0.6,0.5,0.2,-5.1,2.9,12.6,3.4,43.0,11.1,16.0,0.6,0.5,0.2,1.9,3.54,5.43,3.69,36.0,2.21,16.0,0.6,0.4,0.2,6.6,17.9,40.4,21.8,36.0,17.7,16.0,0.6,0.4,0.2,0.0,29.0,80.0,31.3,46.0,51.6,16.0,0.6,0.5,0.2,-180.4,-96.4,-47.8,-107.7,46.0,62.3,16.0,0.6,0.5,0.2,-1.8,11.2,38.3,14.2,38.0,27.3,16.0,0.5,0.4,0.2,-103.4,-62.0,-30.6,-65.0,38.0,34.8,16.0,0.5,0.4,0.2,-2.2,0.5,18.1,5.3,36.0,11.9,16.0,0.6,0.4,0.2,-31.1,-15.9,-5.8,-19.0,36.0,16.1,16.0,0.6,0.4,0.2,30.0,132.5,456.5,341.0,46.0,494.0,16.0,0.6,0.5,0.2,30.0,135.0,455.0,340.0,46.0,495.0,16.0,0.6,0.5,0.2
1974,2,253.0,21.0,20.0,21.05,21.98,21.18,8.0,1.68,18.0,0.4,0.7,0.3,19.83,20.5,21.42,20.95,8.0,1.76,18.0,0.4,0.7,0.3,11.5,12.46,14.17,12.6,7.0,1.33,16.0,0.3,0.8,0.3,78.2,82.9,90.2,84.7,7.0,6.4,16.0,0.3,0.3,3.16,5.15,10.19,6.13,8.0,3.45,18.0,0.4,0.7,0.3,1.14,3.31,6.55,3.52,8.0,3.25,18.0,0.4,0.7,0.3,-7.07,-4.13,-1.26,-3.89,8.0,3.57,18.0,0.4,0.7,0.3,1012.07,1013.1,1015.71,1013.63,8.0,1.87,18.0,0.4,0.7,0.3,0.0,0.0,4.6,1.5,8.0,2.5,18.0,0.4,0.7,0.3,3.3,18.6,66.8,30.4,8.0,33.7,18.0,0.4,0.7,0.3,-68.0,-22.8,-3.0,-32.8,8.0,34.9,18.0,0.4,0.7,0.3,-0.77,-0.05,1.34,0.23,8.0,1.28,18.0,0.4,0.7,0.3,-7.8,-0.8,4.2,-2.2,8.0,7.1,18.0,0.4,0.7,0.3,1.33,2.74,3.99,2.61,7.0,1.53,16.0,0.3,0.8,0.3,4.8,10.0,19.8,12.1,7.0,9.0,16.0,0.3,0.8,0.3,23.3,68.0,147.4,75.9,8.0,71.0,18.0,0.4,0.7,0.3,-154.7,-83.7,-24.8,-83.4,8.0,78.3,18.0,0.4,0.7,0.3,11.5,32.8,74.4,39.9,7.0,44.2,16.0,0.3,0.8,0.3,-86.7,-40.9,-9.7,-41.6,7.0,45.8,16.0,0.3,0.8,0.3,1.2,4.2,12.7,6.3,7.0,7.4,16.0,0.3,0.8,0.3,-15.2,-7.2,-1.0,-8.2,7.0,8.6,16.0,0.3,0.8,0.3,31.5,173.5,1060.5,428.0,8.0,488.0,18.0,0.4,0.7,0.3,30.0,175.0,1060.0,430.0,8.0,490.0,18.0,0.4,0.7,0.3
1974,2,253.0,22.0,18.92,18.95,18.98,18.95,2.0,0.07,12.0,0.0,0.6,0.6,17.21,17.65,18.09,17.65,2.0,0.92,12.0,0.0,0.6,0.6,10.86,11.18,11.5,11.18,2.0,0.67,12.0,0.0,0.6,0.6,84.5,89.5,94.5,89.5,2.0,10.4,12.0,0.0,0.6,0.57,1.8,3.03,1.8,2.0,2.55,12.0,0.0,0.6,0.6,0.1,0.31,0.53,0.31,2.0,0.44,12.0,0.0,0.6,0.6,-2.98,-1.77,-0.56,-1.77,2.0,2.51,12.0,0.0,0.6,0.6,1013.0,1013.2,1013.4,1013.2,2.0,0.42,12.0,0.0,0.6,0.6,1.0,3.0,5.0,3.0,2.0,4.2,12.0,0.0,0.6,0.6,0.4,1.1,1.9,1.1,2.0,1.6,12.0,0.0,0.6,0.6,-10.7,-6.4,-2.0,-6.4,2.0,9.0,12.0,0.0,0.6,0.6,0.89,1.3,1.71,1.3,2.0,0.85,12.0,0.0,0.6,0.6,0.4,1.3,2.1,1.3,2.0,1.8,12.0,0.0,0.6,0.6,2.08,2.43,2.78,2.43,2.0,0.72,12.0,0.0,0.6,0.6,1.7,5.3,8.9,5.3,2.0,7.5,12.0,0.0,0.6,0.6,1.8,5.7,9.6,5.7,2.0,8.1,12.0,0.0,0.6,0.6,-54.6,-32.4,-10.3,-32.4,2.0,45.9,12.0,0.0,0.6,0.6,1.1,3.3,5.6,3.3,2.0,4.7,12.0,0.0,0.6,0.6,-31.9,-19.0,-6.0,-19.0,2.0,26.9,12.0,0.0,0.6,0.6,0.3,0.9,1.5,0.9,2.0,1.3,12.0,0.0,0.6,0.6,-8.8,-5.2,-1.7,-5.2,2.0,7.4,12.0,0.0,0.6,0.6,7.5,23.5,39.5,23.5,2.0,33.0,12.0,0.0,0.6,0.6,5.0,25.0,40.0,25.0,2.0,35.0,12.0,0.0,0.6,0.6
1974,2,253.0,23.0,18.32,19.0,19.68,19.0,2.0,1.41,8.0,0.5,0.5,0.1,17.56,18.55,19.54,18.55,2.0,2.05,8.0,0.5,0.5,0.1,10.57,10.74,10.92,10.74,2.0,0.36,8.0,0.5,0.5,0.1,75.4,81.7,88.0,81.7,2.0,13.0,8.0,0.5,0.1,3.42,4.1,4.78,4.1,2.0,1.41,8.0,0.5,0.5,0.1,-1.75,0.75,3.25,0.75,2.0,5.18,8.0,0.5,0.5,0.1,-2.31,-1.81,-1.3,-1.81,2.0,1.05,8.0,0.5,0.5,0.1,1013.23,1014.15,1015.07,1014.15,2.0,1.91,8.0,0.5,0.5,0.1,0.3,1.0,1.7,1.0,2.0,1.4,8.0,0.5,0.5,0.1,-4.0,6.7,17.5,6.7,2.0,22.3,8.0,0.5,0.5,0.1,-11.5,-8.1,-4.8,-8.1,2.0,6.9,8.0,0.5,0.5,0.1,0.14,0.45,0.76,0.45,2.0,0.64,8.0,0.5,0.5,0.1,0.7,2.3,3.9,2.3,2.0,3.2,8.0,0.5,0.5,0.1,2.17,2.92,3.67,2.92,2.0,1.55,8.0,0.5,0.5,0.1,9.8,10.9,12.0,10.9,2.0,2.2,8.0,0.5,0.5,0.1,-37.0,8.6,54.3,8.6,2.0,94.6,8.0,0.5,0.5,0.1,-40.1,-32.4,-24.8,-32.4,2.0,15.8,8.0,0.5,0.5,0.1,-18.0,9.0,36.0,9.0,2.0,55.9,8.0,0.5,0.5,0.1,-25.4,-19.6,-13.8,-19.6,2.0,12.0,8.0,0.5,0.5,0.1,-8.6,-1.8,4.9,-1.8,2.0,14.0,8.0,0.5,0.5,0.1,-4.6,-4.5,-4.3,-4.5,2.0,0.3,8.0,0.5,0.5,0.1,46.0,81.0,116.5,81.0,2.0,72.5,8.0,0.5,0.5,0.1,45.0,80.0,115.0,80.0,2.0,75.0,8.0,0.5,0.5,0.1
1974,2,254.0,-69.0,1.6,1.6,1.6,1.6,1.0,0.0,22.0,1.0,0.1,0.2,-0.8,-0.8,-0.8,-0.8,1.0,0.0,22.0,1.0,0.1,0.2,3.04,3.04,3.04,3.04,1.0,0.0,22.0,1.0,0.1,0.2,81.3,81.3,81.3,81.3,1.0,0.0,22.0,1.0,0.2,5.1,5.1,5.1,5.1,1.0,0.0,22.0,1.0,0.1,0.2,3.91,3.91,3.91,3.91,1.0,0.0,22.0,1.0,0.1,0.2,3.28,3.28,3.28,3.28,1.0,0.0,22.0,1.0,0.1,0.2,964.4,964.4,964.4,964.4,1.0,0.0,22.0,1.0,0.1,0.2,6.0,6.0,6.0,6.0,1.0,0.0,22.0,1.0,0.1,0.2,19.9,19.9,19.9,19.9,1.0,0.0,22.0,1.0,0.1,0.2,16.7,16.7,16.7,16.7,1.0,0.0,22.0,1.0,0.1,0.2,2.4,2.4,2.4,2.4,1.0,0.0,22.0,1.0,0.1,0.2,12.2,12.2,12.2,12.2,1.0,0.0,22.0,1.0,0.1,0.2,1.41,1.41,1.41,1.41,1.0,0.0,22.0,1.0,0.1,0.2,7.2,7.2,7.2,7.2,1.0,0.0,22.0,1.0,0.1,0.2,-3.1,-3.1,-3.1,-3.1,1.0,0.0,22.0,1.0,0.1,0.2,-2.6,-2.6,-2.6,-2.6,1.0,0.0,22.0,1.0,0.1,0.2,11.9,11.9,11.9,11.9,1.0,0.0,22.0,1.0,0.1,0.2,10.0,10.0,10.0,10.0,1.0,0.0,22.0,1.0,0.1,0.2,5.5,5.5,5.5,5.5,1.0,0.0,22.0,1.0,0.1,0.2,4.6,4.6,4.6,4.6,1.0,0.0,22.0,1.0,0.1,0.2,132.5,132.5,132.5,132.5,1.0,0.0,22.0,1.0,0.1,0.2,135.0,135.0,135.0,135.0,1.0,0.0,22.0,1.0,0.1,0.2
1974,2,254.0,-25.0,26.1,26.1,26.1,26.1,1.0,0.0,8.0,1.0,0.4,0.4,26.7,26.7,26.7,26.7,1.0,0.0,8.0,1.0,0.4,0.4,14.07,14.07,14.07,14.07,1.0,0.0,8.0,1.0,0.4,0.4,64.7,64.7,64.7,64.7,1.0,0.0,8.0,1.0,0.4,,,,,,,,,,,,,,,,,,,,,,,,,,,,,,,,,,,,,,,,,,,,,,,,,,,,,,,,,,,,,,,,,,,,,,,,,,,,,,,,,,,,,,,,,,,,,,,,,,,,,,,,,,,,,,,,,,,,,,,,,,,,,,,,,,,,,,,,,,,,,,,,,,,,,,,,,,,,,,,,,,,,,,,,,,,,,,,,,,,,,,,,,,,,,,
1974,2,254.0,-19.0,23.0,23.0,23.0,23.0,1.0,0.0,26.0,1.0,0.7,0.3,23.0,23.0,23.0,23.0,1.0,0.0,26.0,1.0,0.7,0.3,12.78,12.78,12.78,12.78,1.0,0.0,26.0,1.0,0.7,0.3,73.4,73.4,73.4,73.4,1.0,0.0,26.0,1.0,0.3,8.2,8.2,8.2,8.2,1.0,0.0,26.0,1.0,0.7,0.3,-8.08,-8.08,-8.08,-8.08,1.0,0.0,26.0,1.0,0.7,0.3,1.42,1.42,1.42,1.42,1.0,0.0,26.0,1.0,0.7,0.3,1016.5,1016.5,1016.5,1016.5,1.0,0.0,26.0,1.0,0.7,0.3,3.0,3.0,3.0,3.0,1.0,0.0,26.0,1.0,0.7,0.3,-66.2,-66.2,-66.2,-66.2,1.0,0.0,26.0,1.0,0.7,0.3,11.7,11.7,11.7,11.7,1.0,0.0,26.0,1.0,0.7,0.3,0.0,0.0,0.0,0.0,1.0,0.0,26.0,1.0,0.7,0.3,0.0,0.0,0.0,0.0,1.0,0.0,26.0,1.0,0.7,0.3,4.67,4.67,4.67,4.67,1.0,0.0,26.0,1.0,0.7,0.3,38.3,38.3,38.3,38.3,1.0,0.0,26.0,1.0,0.7,0.3,-185.7,-185.7,-185.7,-185.7,1.0,0.0,26.0,1.0,0.7,0.3,32.8,32.8,32.8,32.8,1.0,0.0,26.0,1.0,0.7,0.3,-103.2,-103.2,-103.2,-103.2,1.0,0.0,26.0,1.0,0.7,0.3,18.2,18.2,18.2,18.2,1.0,0.0,26.0,1.0,0.7,0.3,-37.7,-37.7,-37.7,-37.7,1.0,0.0,26.0,1.0,0.7,0.3,6.7,6.7,6.7,6.7,1.0,0.0,26.0,1.0,0.7,0.3,551.5,551.5,551.5,551.5,1.0,0.0,26.0,1.0,0.7,0.3,550.0,550.0,550.0,550.0,1.0,0.0,26.0,1.0,0.7,0.3
1974,2,254.0,-18.0,23.9,23.9,23.9,23.9,1.0,0.0,4.0,0.0,0.1,0.3,23.0,23.0,23.0,23.0,1.0,0.0,4.0,0.0,0.1,0.3,16.02,16.02,16.02,16.02,1.0,0.0,4.0,0.0,0.1,0.3,91.8,91.8,91.8,91.8,1.0,0.0,4.0,0.0,0.3,6.2,6.2,6.2,6.2,1.0,0.0,4.0,0.0,0.1,0.3,-6.11,-6.11,-6.11,-6.11,1.0,0.0,4.0,0.0,0.1,0.3,-1.08,-1.08,-1.08,-1.08,1.0,0.0,4.0,0.0,0.1,0.3,1016.0,1016.0,1016.0,1016.0,1.0,0.0,4.0,0.0,0.1,0.3,5.0,5.0,5.0,5.0,1.0,0.0,4.0,0.0,0.1,0.3,-37.9,-37.9,-37.9,-37.9,1.0,0.0,4.0,0.0,0.1,0.3,-6.7,-6.7,-6.7,-6.7,1.0,0.0,4.0,0.0,0.1,0.3,0.9,0.9,0.9,0.9,1.0,0.0,4.0,0.0,0.1,0.3,5.6,5.6,5.6,5.6,1.0,0.0,4.0,0.0,0.1,0.3,2.43,2.43,2.43,2.43,1.0,0.0,4.0,0.0,0.1,0.3,15.0,15.0,15.0,15.0,1.0,0.0,4.0,0.0,0.1,0.3,-140.4,-140.4,-140.4,-140.4,1.0,0.0,4.0,0.0,0.1,0.3,-24.8,-24.8,-24.8,-24.8,1.0,0.0,4.0,0.0,0.1,0.3,-97.8,-97.8,-97.8,-97.8,1.0,0.0,4.0,0.0,0.1,0.3,-17.2,-17.2,-17.2,-17.2,1.0,0.0,4.0,0.0,0.1,0.3,-14.8,-14.8,-14.8,-14.8,1.0,0.0,4.0,0.0,0.1,0.3,-2.6,-2.6,-2.6,-2.6,1.0,0.0,4.0,0.0,0.1,0.3,238.5,238.5,238.5,238.5,1.0,0.0,4.0,0.0,0.1,0.3,240.0,240.0,240.0,240.0,1.0,0.0,4.0,0.0,0.1,0.3
1974,2,254.0,-17.0,22.19,22.6,23.01,22.6,2.0,0.85,12.0,1.0,0.7,0.5,21.69,22.1,22.51,22.1,2.0,0.85,12.0,1.0,0.7,0.5,12.76,13.01,13.26,13.01,2.0,0.52,12.0,1.0,0.7,0.5,78.4,78.8,79.3,78.8,2.0,0.9,12.0,1.0,0.5,8.37,8.75,9.13,8.75,2.0,0.78,12.0,1.0,0.7,0.5,-8.07,-8.06,-8.06,-8.06,2.0,0.02,12.0,1.0,0.7,0.5,1.94,3.04,4.14,3.04,2.0,2.28,12.0,1.0,0.7,0.5,1014.31,1014.55,1014.79,1014.55,2.0,0.49,12.0,1.0,0.7,0.5,6.3,7.0,7.7,7.0,2.0,1.4,12.0,1.0,0.7,0.5,-73.5,-70.6,-67.6,-70.6,2.0,6.1,12.0,1.0,0.7,0.5,16.7,27.5,38.2,27.5,2.0,22.3,12.0,1.0,0.7,0.5,0.5,0.5,0.5,0.5,2.0,0.0,12.0,1.0,0.7,0.5,4.2,4.4,4.6,4.4,2.0,0.4,12.0,1.0,0.7,0.5,3.88,4.06,4.23,4.06,2.0,0.36,12.0,1.0,0.7,0.5,35.4,35.4,35.4,35.4,2.0,0.0,12.0,1.0,0.7,0.5,-181.7,-178.2,-174.8,-178.2,2.0,7.2,12.0,1.0,0.7,0.5,43.1,66.1,89.2,66.1,2.0,47.8,12.0,1.0,0.7,0.5,-107.0,-104.9,-102.8,-104.9,2.0,4.4,12.0,1.0,0.7,0.5,25.4,38.9,52.5,38.9,2.0,28.1,12.0,1.0,0.7,0.5,-34.2,-32.7,-31.3,-32.7,2.0,3.0,12.0,1.0,0.7,0.5,8.0,11.9,15.8,11.9,2.0,8.2,12.0,1.0,0.7,0.5,591.5,678.0,764.0,678.0,2.0,179.0,12.0,1.0,0.7,0.5,590.0,680.0,765.0,680.0,2.0,180.0,12.0,1.0,0.7,0.5
1974,2,254.0,-16.0,23.3,23.3,23.3,23.3,1.0,0.0,10.0,1.0,0.8,1.0,22.8,22.8,22.8,22.8,1.0,0.0,10.0,1.0,0.8,1.0,12.67,12.67,12.67,12.67,1.0,0.0,10.0,1.0,0.8,1.0,73.4,73.4,73.4,73.4,1.0,0.0,10.0,1.0,1.0,6.2,6.2,6.2,6.2,1.0,0.0,10.0,1.0,0.8,1.0,-3.99,-3.99,-3.99,-3.99,1.0,0.0,10.0,1.0,0.8,1.0,4.75,4.75,4.75,4.75,1.0,0.0,10.0,1.0,0.8,1.0,1012.4,1012.4,1012.4,1012.4,1.0,0.0,10.0,1.0,0.8,1.0,4.0,4.0,4.0,4.0,1.0,0.0,10.0,1.0,0.8,1.0,-24.7,-24.7,-24.7,-24.7,1.0,0.0,10.0,1.0,0.8,1.0,29.4,29.4,29.4,29.4,1.0,0.0,10.0,1.0,0.8,1.0,0.5,0.5,0.5,0.5,1.0,0.0,10.0,1.0,0.8,1.0,3.1,3.1,3.1,3.1,1.0,0.0,10.0,1.0,0.8,1.0,5.18,5.18,5.18,5.18,1.0,0.0,10.0,1.0,0.8,1.0,32.1,32.1,32.1,32.1,1.0,0.0,10.0,1.0,0.8,1.0,-90.9,-90.9,-90.9,-90.9,1.0,0.0,10.0,1.0,0.8,1.0,108.3,108.3,108.3,108.3,1.0,0.0,10.0,1.0,0.8,1.0,-50.5,-50.5,-50.5,-50.5,1.0,0.0,10.0,1.0,0.8,1.0,60.2,60.2,60.2,60.2,1.0,0.0,10.0,1.0,0.8,1.0,-20.6,-20.6,-20.6,-20.6,1.0,0.0,10.0,1.0,0.8,1.0,24.6,24.6,24.6,24.6,1.0,0.0,10.0,1.0,0.8,1.0,238.5,238.5,238.5,238.5,1.0,0.0,10.0,1.0,0.8,1.0,240.0,240.0,240.0,240.0,1.0,0.0,10.0,1.0,0.8,1.0
1974,2,254.0,-15.0,23.2,23.2,23.2,23.2,1.0,0.0,22.0,1.0,0.6,0.3,23.66,23.8,26.33,24.97,3.0,2.2,24.0,0.7,0.5,0.3,14.33,16.44,17.22,15.79,3.0,2.19,24.0,0.7,0.5,0.3,72.3,73.1,89.4,80.7,3.0,14.1,24.0,0.7,0.3,4.27,5.7,9.52,6.87,3.0,3.98,24.0,0.7,0.5,0.3,-8.95,-5.36,-1.7,-5.32,3.0,5.31,24.0,0.7,0.5,0.3,2.47,3.6,3.78,3.14,3.0,1.04,24.0,0.7,0.5,0.3,1014.72,1015.2,1016.5,1015.6,3.0,1.35,24.0,0.7,0.5,0.3,1.3,2.0,4.0,2.7,3.0,2.1,24.0,0.7,0.5,0.3,-91.6,-30.5,-9.7,-50.2,3.0,62.4,24.0,0.7,0.5,0.3,11.7,13.0,33.9,22.6,3.0,18.3,24.0,0.7,0.5,0.3,-0.6,-0.6,-0.6,-0.6,1.0,0.0,22.0,1.0,0.6,0.3,-6.8,-6.8,-6.8,-6.8,1.0,0.0,22.0,1.0,0.6,0.3,4.31,4.31,4.31,4.31,1.0,0.0,22.0,1.0,0.6,0.3,48.7,48.7,48.7,48.7,1.0,0.0,22.0,1.0,0.6,0.3,-212.6,-126.4,-40.1,-126.4,3.0,126.4,24.0,0.7,0.5,0.3,60.6,92.0,96.8,79.0,3.0,28.8,24.0,0.7,0.5,0.3,-126.6,-94.2,-29.9,-78.6,3.0,72.1,24.0,0.7,0.5,0.3,39.8,51.6,56.8,48.4,3.0,12.8,24.0,0.7,0.5,0.3,-45.7,-45.7,-45.7,-45.7,1.0,0.0,22.0,1.0,0.6,0.3,16.6,16.6,16.6,16.6,1.0,0.0,22.0,1.0,0.6,0.3,90.5,185.0,1043.5,558.0,3.0,769.5,24.0,0.7,0.5,0.3,90.0,185.0,1045.0,560.0,3.0,770.0,24.0,0.7,0.5,0.3
1974,2,254.0,-14.0,23.79,24.0,24.68,24.23,4.0,0.74,20.0,0.8,0.4,0.6,22.53,23.55,24.47,23.5,4.0,1.19,20.0,0.8,0.4,0.6,13.1,13.73,14.43,13.77,3.0,0.97,18.0,0.7,0.5,0.6,72.8,77.6,82.1,77.5,3.0,6.8,18.0,0.7,0.6,6.91,7.95,8.62,7.78,4.0,1.18,20.0,0.8,0.4,0.6,-8.09,-6.76,-5.8,-6.94,4.0,1.49,20.0,0.8,0.4,0.6,2.07,2.87,4.24,3.14,4.0,1.56,20.0,0.8,0.4,0.6,1012.13,1013.85,1015.47,1013.8,4.0,2.49,20.0,0.8,0.4,0.6,5.0,5.5,6.5,5.8,4.0,1.0,20.0,0.8,0.4,0.6,-68.3,-53.6,-42.0,-55.1,4.0,19.1,20.0,0.8,0.4,0.6,16.5,19.7,32.3,24.2,4.0,13.0,20.0,0.8,0.4,0.6,0.06,1.1,1.36,0.73,4.0,1.04,20.0,0.8,0.4,0.6,0.7,8.8,10.1,5.5,4.0,7.9,20.0,0.8,0.4,0.6,4.2,4.86,5.19,4.7,3.0,0.74,18.0,0.7,0.5,0.6,32.3,33.1,36.1,34.2,3.0,2.9,18.0,0.7,0.5,0.6,-197.3,-162.0,-131.0,-164.0,4.0,41.4,20.0,0.8,0.4,0.6,50.8,66.9,96.1,73.2,4.0,34.9,20.0,0.8,0.4,0.6,-97.2,-92.7,-76.4,-87.0,3.0,16.1,18.0,0.7,0.5,0.6,37.3,39.7,65.7,51.2,3.0,23.1,18.0,0.7,0.5,0.6,-33.1,-28.7,-25.8,-29.4,3.0,5.4,18.0,0.7,0.5,0.6,14.0,16.5,19.3,16.6,3.0,3.9,18.0,0.7,0.5,0.6,342.0,504.0,644.5,494.0,4.0,204.5,20.0,0.8,0.4,0.6,340.0,505.0,645.0,495.0,4.0,205.0,20.0,0.8,0.4,0.6
1974,2,254.0,-13.0,25.17,25.55,25.93,25.55,2.0,0.78,16.0,0.5,0.6,1.0,22.66,23.65,24.64,23.65,2.0,2.05,16.0,0.5,0.6,1.0,13.89,14.37,14.85,14.37,2.0,0.99,16.0,0.5,0.6,1.0,77.1,79.1,81.1,79.1,2.0,4.2,16.0,0.5,1.0,5.77,7.2,8.63,7.2,2.0,2.97,16.0,0.5,0.6,1.0,-7.97,-6.32,-4.67,-6.32,2.0,3.42,16.0,0.5,0.6,1.0,3.2,3.23,3.26,3.23,2.0,0.07,16.0,0.5,0.6,1.0,1012.43,1013.35,1014.27,1013.35,2.0,1.91,16.0,0.5,0.6,1.0,2.8,4.5,6.2,4.5,2.0,3.5,16.0,0.5,0.6,1.0,-71.5,-50.6,-29.7,-50.6,2.0,43.4,16.0,0.5,0.6,1.0,18.8,23.2,27.5,23.2,2.0,9.1,16.0,0.5,0.6,1.0,0.53,1.9,3.27,1.9,2.0,2.83,16.0,0.5,0.6,1.0,5.3,17.9,30.4,17.9,2.0,26.0,16.0,0.5,0.6,1.0,5.12,6.07,7.03,6.07,2.0,1.99,16.0,0.5,0.6,1.0,31.1,46.7,62.3,46.7,2.0,32.3,16.0,0.5,0.6,1.0,-178.8,-146.0,-113.3,-146.0,2.0,67.8,16.0,0.5,0.6,1.0,72.5,76.4,80.4,76.4,2.0,8.3,16.0,0.5,0.6,1.0,-109.9,-89.2,-68.5,-89.2,2.0,42.8,16.0,0.5,0.6,1.0,44.4,46.5,48.5,46.5,2.0,4.2,16.0,0.5,0.6,1.0,-57.9,-41.8,-25.7,-41.8,2.0,33.3,16.0,0.5,0.6,1.0,16.7,19.5,22.4,19.5,2.0,6.0,16.0,0.5,0.6,1.0,239.5,468.5,698.0,468.5,2.0,475.0,16.0,0.5,0.6,1.0,240.0,470.0,700.0,470.0,2.0,475.0,16.0,0.5,0.6,1.0
1974,2,254.0,-9.0,25.1,25.15,25.2,25.15,4.0,0.06,18.0,1.0,0.6,0.2,24.63,25.35,25.97,25.3,4.0,0.88,18.0,1.0,0.6,0.2,14.51,14.75,15.22,14.86,4.0,0.46,18.0,1.0,0.6,0.2,70.6,72.0,77.8,74.1,4.0,5.6,18.0,1.0,0.2,8.0,8.5,9.52,8.75,4.0,0.96,18.0,1.0,0.6,0.2,-8.56,-8.17,-7.38,-7.98,4.0,0.78,18.0,1.0,0.6,0.2,2.19,3.54,4.52,3.37,4.0,1.53,18.0,1.0,0.6,0.2,1011.15,1012.45,1013.07,1012.13,4.0,1.44,18.0,1.0,0.6,0.2,2.5,5.0,7.0,4.8,4.0,2.6,18.0,1.0,0.6,0.2,-81.6,-69.6,-59.0,-70.3,4.0,13.8,18.0,1.0,0.6,0.2,19.0,29.9,41.4,30.2,4.0,16.0,18.0,1.0,0.6,0.2,-0.77,-0.2,0.47,-0.15,4.0,0.83,18.0,1.0,0.6,0.2,-6.5,-2.0,4.2,-1.2,4.0,7.2,18.0,1.0,0.6,0.2,4.75,5.27,5.47,5.11,4.0,0.49,18.0,1.0,0.6,0.2,40.3,42.2,49.5,44.8,4.0,6.9,18.0,1.0,0.6,0.2,-214.8,-205.9,-188.5,-201.9,4.0,20.1,18.0,1.0,0.6,0.2,54.6,87.4,114.9,84.9,4.0,38.9,18.0,1.0,0.6,0.2,-128.7,-121.9,-108.4,-118.7,4.0,13.6,18.0,1.0,0.6,0.2,33.6,52.7,65.7,49.8,4.0,22.0,18.0,1.0,0.6,0.2,-44.1,-39.0,-37.5,-40.7,4.0,4.7,18.0,1.0,0.6,0.2,10.2,17.7,24.7,17.5,4.0,9.0,18.0,1.0,0.6,0.2,512.0,620.5,871.0,688.5,4.0,231.5,18.0,1.0,0.6,0.2,510.0,620.0,870.0,690.0,4.0,230.0,18.0,1.0,0.6,0.2
1974,2,254.0,-6.0,25.0,25.0,25.0,25.0,3.0,0.0,20.0,0.0,0.9,0.7,24.3,24.5,24.7,24.5,3.0,0.3,20.0,0.0,0.9,0.7,16.63,17.63,18.24,17.44,3.0,1.19,20.0,0.0,0.9,0.7,87.8,91.9,93.8,90.9,3.0,4.5,20.0,0.0,0.7,3.76,4.1,5.19,4.47,3.0,1.1,20.0,0.0,0.9,0.7,-3.33,-2.85,-1.75,-2.54,3.0,1.19,20.0,0.0,0.9,0.7,2.47,3.38,4.44,3.46,3.0,1.44,20.0,0.0,0.9,0.7,1011.9,1012.1,1012.71,1012.3,3.0,0.62,20.0,0.0,0.9,0.7,2.9,7.0,7.7,5.3,3.0,3.8,20.0,0.0,0.9,0.7,-15.7,-14.6,-7.6,-11.7,3.0,6.4,20.0,0.0,0.9,0.7,9.6,12.2,23.1,16.2,3.0,10.5,20.0,0.0,0.9,0.7,0.3,0.5,0.7,0.5,3.0,0.3,20.0,0.0,0.9,0.7,1.4,2.1,2.6,2.0,3.0,0.9,20.0,0.0,0.9,0.7,1.56,2.16,3.15,2.35,3.0,1.18,20.0,0.0,0.9,0.7,7.8,8.9,11.7,9.7,3.0,3.0,20.0,0.0,0.9,0.7,-81.8,-70.7,-42.8,-62.5,3.0,29.5,20.0,0.0,0.9,0.7,60.3,81.9,109.5,84.8,3.0,36.2,20.0,0.0,0.9,0.7,-59.5,-52.8,-30.3,-45.1,3.0,22.4,20.0,0.0,0.9,0.7,42.0,54.7,79.8,60.8,3.0,28.1,20.0,0.0,0.9,0.7,-6.6,-4.4,-3.9,-5.3,3.0,2.1,20.0,0.0,0.9,0.7,5.0,6.3,10.3,7.7,3.0,4.1,20.0,0.0,0.9,0.7,53.5,69.0,148.5,100.5,3.0,74.5,20.0,0.0,0.9,0.7,55.0,70.0,150.0,100.0,3.0,75.0,20.0,0.0,0.9,0.7
1974,2,254.0,-4.0,26.9,26.9,26.9,26.9,1.0,0.0,26.0,1.0,0.6,1.0,28.5,28.5,28.5,28.5,1.0,0.0,26.0,1.0,0.6,1.0,18.33,18.33,18.33,18.33,1.0,0.0,26.0,1.0,0.6,1.0,75.3,75.3,75.3,75.3,1.0,0.0,26.0,1.0,1.0,1.0,1.0,1.0,1.0,1.0,0.0,26.0,1.0,0.6,1.0,-0.34,-0.34,-0.34,-0.34,1.0,0.0,26.0,1.0,0.6,1.0,0.94,0.94,0.94,0.94,1.0,0.0,26.0,1.0,0.6,1.0,1010.0,1010.0,1010.0,1010.0,1.0,0.0,26.0,1.0,0.6,1.0,5.0,5.0,5.0,5.0,1.0,0.0,26.0,1.0,0.6,1.0,-0.3,-0.3,-0.3,-0.3,1.0,0.0,26.0,1.0,0.6,1.0,0.9,0.9,0.9,0.9,1.0,0.0,26.0,1.0,0.6,1.0,-1.6,-1.6,-1.6,-1.6,1.0,0.0,26.0,1.0,0.6,1.0,-1.6,-1.6,-1.6,-1.6,1.0,0.0,26.0,1.0,0.6,1.0,3.9,3.9,3.9,3.9,1.0,0.0,26.0,1.0,0.6,1.0,3.9,3.9,3.9,3.9,1.0,0.0,26.0,1.0,0.6,1.0,-9.7,-9.7,-9.7,-9.7,1.0,0.0,26.0,1.0,0.6,1.0,26.8,26.8,26.8,26.8,1.0,0.0,26.0,1.0,0.6,1.0,-6.3,-6.3,-6.3,-6.3,1.0,0.0,26.0,1.0,0.6,1.0,17.2,17.2,17.2,17.2,1.0,0.0,26.0,1.0,0.6,1.0,-1.3,-1.3,-1.3,-1.3,1.0,0.0,26.0,1.0,0.6,1.0,3.7,3.7,3.7,3.7,1.0,0.0,26.0,1.0,0.6,1.0,1.0,1.0,1.0,1.0,1.0,0.0,26.0,1.0,0.6,1.0,0.0,0.0,0.0,0.0,1.0,0.0,26.0,1.0,0.6,1.0
1974,2,254.0,-3.0,24.16,24.5,24.84,24.5,2.0,0.71,8.0,0.5,0.6,0.5,24.22,24.7,25.18,24.7,2.0,0.99,8.0,0.5,0.6,0.5,15.22,15.64,16.07,15.64,2.0,0.88,8.0,0.5,0.6,0.5,80.5,80.6,80.7,80.6,2.0,0.2,8.0,0.5,0.5,1.22,3.85,6.48,3.85,2.0,5.44,8.0,0.5,0.6,0.5,-4.96,-2.95,-0.94,-2.95,2.0,4.17,8.0,0.5,0.6,0.5,0.79,2.47,4.16,2.47,2.0,3.5,8.0,0.5,0.6,0.5,1012.16,1012.5,1012.84,1012.5,2.0,0.71,8.0,0.5,0.6,0.5,2.2,2.5,2.8,2.5,2.0,0.7,8.0,0.5,0.6,0.5,-38.2,-22.7,-7.2,-22.7,2.0,32.1,8.0,0.5,0.6,0.5,6.0,19.1,32.1,19.1,2.0,26.9,8.0,0.5,0.6,0.5,-0.34,-0.2,-0.06,-0.2,2.0,0.28,8.0,0.5,0.6,0.5,0.0,0.0,0.0,0.0,2.0,0.0,8.0,0.5,0.6,0.5,3.53,3.56,3.6,3.56,2.0,0.07,8.0,0.5,0.6,0.5,4.4,13.9,23.4,13.9,2.0,19.7,8.0,0.5,0.6,0.5,-119.1,-70.8,-22.5,-70.8,2.0,100.1,8.0,0.5,0.6,0.5,18.9,59.4,99.9,59.4,2.0,84.0,8.0,0.5,0.6,0.5,-74.5,-44.3,-14.1,-44.3,2.0,62.6,8.0,0.5,0.6,0.5,11.8,37.2,62.5,37.2,2.0,52.6,8.0,0.5,0.6,0.5,-17.9,-10.7,-3.4,-10.7,2.0,15.1,8.0,0.5,0.6,0.5,2.8,8.9,15.0,8.9,2.0,12.6,8.0,0.5,0.6,0.5,72.5,228.5,384.0,228.5,2.0,323.0,8.0,0.5,0.6,0.5,70.0,230.0,385.0,230.0,2.0,325.0,8.0,0.5,0.6,0.5
1974,2,254.0,-2.0,26.5,26.5,26.5,26.5,1.0,0.0,26.0,1.0,0.5,0.5,26.0,26.0,26.0,26.0,1.0,0.0,26.0,1.0,0.5,0.5,17.93,17.93,17.93,17.93,1.0,0.0,26.0,1.0,0.5,0.5,85.1,85.1,85.1,85.1,1.0,0.0,26.0,1.0,0.5,4.6,4.6,4.6,4.6,1.0,0.0,26.0,1.0,0.5,0.5,-0.8,-0.8,-0.8,-0.8,1.0,0.0,26.0,1.0,0.5,0.5,4.53,4.53,4.53,4.53,1.0,0.0,26.0,1.0,0.5,0.5,1007.5,1007.5,1007.5,1007.5,1.0,0.0,26.0,1.0,0.5,0.5,4.0,4.0,4.0,4.0,1.0,0.0,26.0,1.0,0.5,0.5,-3.7,-3.7,-3.7,-3.7,1.0,0.0,26.0,1.0,0.5,0.5,20.8,20.8,20.8,20.8,1.0,0.0,26.0,1.0,0.5,0.5,0.5,0.5,0.5,0.5,1.0,0.0,26.0,1.0,0.5,0.5,2.3,2.3,2.3,2.3,1.0,0.0,26.0,1.0,0.5,0.5,3.83,3.83,3.83,3.83,1.0,0.0,26.0,1.0,0.5,0.5,17.6,17.6,17.6,17.6,1.0,0.0,26.0,1.0,0.5,0.5,-20.8,-20.8,-20.8,-20.8,1.0,0.0,26.0,1.0,0.5,0.5,117.8,117.8,117.8,117.8,1.0,0.0,26.0,1.0,0.5,0.5,-14.3,-14.3,-14.3,-14.3,1.0,0.0,26.0,1.0,0.5,0.5,81.2,81.2,81.2,81.2,1.0,0.0,26.0,1.0,0.5,0.5,-3.1,-3.1,-3.1,-3.1,1.0,0.0,26.0,1.0,0.5,0.5,17.3,17.3,17.3,17.3,1.0,0.0,26.0,1.0,0.5,0.5,97.5,97.5,97.5,97.5,1.0,0.0,26.0,1.0,0.5,0.5,95.0,95.0,95.0,95.0,1.0,0.0,26.0,1.0,0.5,0.5
1974,2,254.0,-1.0,25.35,26.1,26.85,26.1,2.0,1.56,14.0,0.5,0.1,0.5,24.65,25.2,25.75,25.2,2.0,1.13,14.0,0.5,0.1,0.5,17.18,17.65,18.12,17.65,2.0,0.97,14.0,0.5,0.1,0.5,87.5,88.2,88.8,88.2,2.0,1.4,14.0,0.5,0.5,3.18,3.35,3.52,3.35,2.0,0.35,14.0,0.5,0.1,0.5,-2.12,-1.69,-1.26,-1.69,2.0,0.89,14.0,0.5,0.1,0.5,2.78,2.84,2.89,2.84,2.0,0.11,14.0,0.5,0.1,0.5,1010.47,1011.9,1013.33,1011.9,2.0,2.97,14.0,0.5,0.1,0.5,4.3,5.0,5.7,5.0,2.0,1.4,14.0,0.5,0.1,0.5,-7.5,-5.8,-4.1,-5.8,2.0,3.6,14.0,0.5,0.1,0.5,9.2,9.5,9.8,9.5,2.0,0.6,14.0,0.5,0.1,0.5,0.7,0.9,1.1,0.9,2.0,0.42,14.0,0.5,0.1,0.5,2.4,2.9,3.5,2.9,2.0,1.1,14.0,0.5,0.1,0.5,3.03,3.55,4.06,3.55,2.0,1.07,14.0,0.5,0.1,0.5,10.6,11.7,12.8,11.7,2.0,2.3,14.0,0.5,0.1,0.5,-51.9,-42.0,-32.2,-42.0,2.0,20.4,14.0,0.5,0.1,0.5,68.6,71.5,74.4,71.5,2.0,6.0,14.0,0.5,0.1,0.5,-36.1,-29.3,-22.6,-29.3,2.0,14.0,14.0,0.5,0.1,0.5,47.8,50.1,52.4,50.1,2.0,4.7,14.0,0.5,0.1,0.5,-6.2,-5.5,-4.9,-5.5,2.0,1.3,14.0,0.5,0.1,0.5,8.5,10.1,11.8,10.1,2.0,3.4,14.0,0.5,0.1,0.5,32.5,38.0,44.0,38.0,2.0,12.0,14.0,0.5,0.1,0.5,30.0,40.0,45.0,40.0,2.0,10.0,14.0,0.5,0.1,0.5
1974,2,254.0,0.0,25.74,26.25,26.76,26.25,2.0,1.06,18.0,0.5,0.5,0.2,25.04,26.0,26.2,25.63,3.0,0.91,20.0,0.3,0.7,0.4,18.09,19.19,20.29,19.19,2.0,2.29,18.0,0.5,0.5,0.2,91.8,93.9,96.1,93.9,2.0,4.4,18.0,0.5,0.2,1.49,2.55,3.61,2.55,2.0,2.19,22.0,0.0,0.5,0.5,-2.76,-1.95,-1.14,-1.95,2.0,1.68,22.0,0.0,0.5,0.5,-2.32,-1.64,-0.96,-1.64,2.0,1.41,22.0,0.0,0.5,0.5,1007.38,1009.5,1010.05,1008.73,3.0,2.06,20.0,0.3,0.7,0.4,1.6,3.0,5.7,3.7,3.0,3.1,20.0,0.3,0.7,0.4,-11.0,-6.8,-2.7,-6.8,2.0,8.6,22.0,0.0,0.5,0.5,-9.2,-5.7,-2.3,-5.7,2.0,7.2,22.0,0.0,0.5,0.5,-0.29,0.8,1.89,0.8,2.0,2.26,18.0,0.5,0.5,0.2,9.8,9.8,9.8,9.8,1.0,0.0,20.0,0.0,0.1,0.2,0.45,2.22,3.98,2.22,2.0,3.66,18.0,0.5,0.5,0.2,19.7,19.7,19.7,19.7,1.0,0.0,20.0,0.0,0.1,0.2,-68.2,-48.6,-29.0,-48.6,2.0,40.5,22.0,0.0,0.5,0.5,-57.2,-40.8,-24.3,-40.8,2.0,34.0,22.0,0.0,0.5,0.5,-55.2,-55.2,-55.2,-55.2,1.0,0.0,20.0,0.0,0.1,0.2,-46.3,-46.3,-46.3,-46.3,1.0,0.0,20.0,0.0,0.1,0.2,-15.1,-15.1,-15.1,-15.1,1.0,0.0,20.0,0.0,0.1,0.2,-12.7,-12.7,-12.7,-12.7,1.0,0.0,20.0,0.0,0.1,0.2,12.0,35.0,58.0,35.0,2.0,48.0,22.0,0.0,0.5,0.5,10.0,35.0,60.0,35.0,2.0,50.0,22.0,0.0,0.5,0.5
1974,2,254.0,6.0,26.7,26.7,26.7,26.7,1.0,0.0,26.0,0.0,0.8,0.9,27.0,27.0,27.0,27.0,1.0,0.0,26.0,0.0,0.8,0.9,18.12,18.12,18.12,18.12,1.0,0.0,26.0,0.0,0.8,0.9,81.2,81.2,81.2,81.2,1.0,0.0,26.0,0.0,0.9,10.8,10.8,10.8,10.8,1.0,0.0,26.0,0.0,0.8,0.9,-8.27,-8.27,-8.27,-8.27,1.0,0.0,26.0,0.0,0.8,0.9,-6.94,-6.94,-6.94,-6.94,1.0,0.0,26.0,0.0,0.8,0.9,1009.1,1009.1,1009.1,1009.1,1.0,0.0,26.0,0.0,0.8,0.9,2.0,2.0,2.0,2.0,1.0,0.0,26.0,0.0,0.8,0.9,-89.4,-89.4,-89.4,-89.4,1.0,0.0,26.0,0.0,0.8,0.9,-75.0,-75.0,-75.0,-75.0,1.0,0.0,26.0,0.0,0.8,0.9,-0.3,-0.3,-0.3,-0.3,1.0,0.0,26.0,0.0,0.8,0.9,-3.2,-3.2,-3.2,-3.2,1.0,0.0,26.0,0.0,0.8,0.9,3.86,3.86,3.86,3.86,1.0,0.0,26.0,0.0,0.8,0.9,41.7,41.7,41.7,41.7,1.0,0.0,26.0,0.0,0.8,0.9,-223.4,-223.4,-223.4,-223.4,1.0,0.0,26.0,0.0,0.8,0.9,-187.4,-187.4,-187.4,-187.4,1.0,0.0,26.0,0.0,0.8,0.9,-149.9,-149.9,-149.9,-149.9,1.0,0.0,26.0,0.0,0.8,0.9,-125.8,-125.8,-125.8,-125.8,1.0,0.0,26.0,0.0,0.8,0.9,-32.0,-32.0,-32.0,-32.0,1.0,0.0,26.0,0.0,0.8,0.9,-26.8,-26.8,-26.8,-26.8,1.0,0.0,26.0,0.0,0.8,0.9,1259.5,1259.5,1259.5,1259.5,1.0,0.0,26.0,0.0,0.8,0.9,1260.0,1260.0,1260.0,1260.0,1.0,0.0,26.0,0.0,0.8,0.9
1974,2,254.0,7.0,26.7,26.7,26.7,26.7,1.0,0.0,4.0,0.0,0.1,0.8,26.2,26.2,26.2,26.2,1.0,0.0,4.0,0.0,0.1,0.8,16.77,16.77,16.77,16.77,1.0,0.0,4.0,0.0,0.1,0.8,79.1,79.1,79.1,79.1,1.0,0.0,4.0,0.0,0.8,3.1,3.1,3.1,3.1,1.0,0.0,4.0,0.0,0.1,0.8,1.06,1.06,1.06,1.06,1.0,0.0,4.0,0.0,0.1,0.8,-2.91,-2.91,-2.91,-2.91,1.0,0.0,4.0,0.0,0.1,0.8,1013.2,1013.2,1013.2,1013.2,1.0,0.0,4.0,0.0,0.1,0.8,1.0,1.0,1.0,1.0,1.0,0.0,4.0,0.0,0.1,0.8,3.3,3.3,3.3,3.3,1.0,0.0,4.0,0.0,0.1,0.8,-9.0,-9.0,-9.0,-9.0,1.0,0.0,4.0,0.0,0.1,0.8,0.5,0.5,0.5,0.5,1.0,0.0,4.0,0.0,0.1,0.8,1.6,1.6,1.6,1.6,1.0,0.0,4.0,0.0,0.1,0.8,5.13,5.13,5.13,5.13,1.0,0.0,4.0,0.0,0.1,0.8,15.9,15.9,15.9,15.9,1.0,0.0,4.0,0.0,0.1,0.8,27.8,27.8,27.8,27.8,1.0,0.0,4.0,0.0,0.1,0.8,-76.3,-76.3,-76.3,-76.3,1.0,0.0,4.0,0.0,0.1,0.8,17.8,17.8,17.8,17.8,1.0,0.0,4.0,0.0,0.1,0.8,-48.9,-48.9,-48.9,-48.9,1.0,0.0,4.0,0.0,0.1,0.8,5.4,5.4,5.4,5.4,1.0,0.0,4.0,0.0,0.1,0.8,-14.9,-14.9,-14.9,-14.9,1.0,0.0,4.0,0.0,0.1,0.8,30.0,30.0,30.0,30.0,1.0,0.0,4.0,0.0,0.1,0.8,30.0,30.0,30.0,30.0,1.0,0.0,4.0,0.0,0.1,0.8
1974,2,254.0,8.0,26.22,26.7,27.18,26.7,2.0,0.99,8.0,1.0,1.0,0.4,25.94,26.45,26.96,26.45,2.0,1.06,8.0,1.0,1.0,0.4,16.37,16.37,16.37,16.37,1.0,0.0,2.0,1.0,1.0,0.0,79.5,79.5,79.5,79.5,1.0,0.0,2.0,1.0,0.0,0.81,2.55,4.29,2.55,2.0,3.61,8.0,1.0,1.0,0.4,-3.72,-2.21,-0.7,-2.21,2.0,3.12,8.0,1.0,1.0,0.4,-2.15,-1.27,-0.4,-1.27,2.0,1.8,8.0,1.0,1.0,0.4,1012.5,1012.5,1012.5,1012.5,1.0,0.0,2.0,1.0,1.0,0.0,1.8,3.5,5.2,3.5,2.0,3.5,8.0,1.0,1.0,0.4,-19.0,-11.3,-3.6,-11.3,2.0,15.9,8.0,1.0,1.0,0.4,-10.9,-6.5,-2.1,-6.5,2.0,9.2,8.0,1.0,1.0,0.4,0.22,0.25,0.28,0.25,2.0,0.07,8.0,1.0,1.0,0.4,0.2,0.5,0.9,0.5,2.0,0.7,8.0,1.0,1.0,0.4,4.64,4.64,4.64,4.64,1.0,0.0,2.0,1.0,1.0,0.0,0.0,0.0,0.0,0.0,1.0,0.0,2.0,1.0,1.0,0.0,-101.1,-60.1,-19.1,-60.1,2.0,84.9,8.0,1.0,1.0,0.4,-58.4,-34.7,-11.0,-34.7,2.0,49.0,8.0,1.0,1.0,0.4,0.0,0.0,0.0,0.0,1.0,0.0,2.0,1.0,1.0,0.0,0.0,0.0,0.0,0.0,1.0,0.0,2.0,1.0,1.0,0.0,0.0,0.0,0.0,0.0,1.0,0.0,2.0,1.0,1.0,0.0,0.0,0.0,0.0,0.0,1.0,0.0,2.0,1.0,1.0,0.0,21.0,66.5,111.5,66.5,2.0,94.0,8.0,1.0,1.0,0.4,20.0,65.0,110.0,65.0,2.0,95.0,8.0,1.0,1.0,0.4
1974,2,254.0,9.0,,,,,,,,,,,,,,,,,,,,,,,,,,,,,,,,,,,,,,,,4.6,4.6,4.94,4.77,3.0,0.29,8.0,1.0,0.9,0.6,-4.92,-4.53,-4.53,-4.72,3.0,0.33,8.0,1.0,0.9,0.6,-0.8,-0.8,-0.25,-0.53,3.0,0.46,8.0,1.0,0.9,0.6,1008.63,1008.9,1010.67,1009.63,3.0,1.63,8.0,1.0,0.9,0.6,,,,,,,,,,,,,,,,,,,,,,,,,,,,,,,,,,,,,,,,,,,,,,,,,,,,,,,,,,,,,,,,,,,,,,,,,,,,,,,,,,,,,,,,,,,,,,,,,,,,,,,,,,,,,,,,,,,,,,,,,,,,,,,,,,,,,,,,,,,,,,,,,,,,,,
1974,2,254.0,10.0,27.24,27.65,28.29,27.78,6.0,0.71,12.0,0.7,0.7,0.5,25.87,27.0,28.36,27.0,6.0,1.42,12.0,0.7,0.7,0.5,16.2,17.48,19.69,17.92,4.0,2.43,10.0,0.5,0.8,0.6,73.0,79.8,88.6,80.8,4.0,9.2,10.0,0.5,0.6,2.0,4.4,5.96,4.0,4.0,2.42,10.0,0.8,0.7,0.5,-5.2,-3.92,-1.66,-3.45,4.0,2.32,10.0,0.8,0.7,0.5,-2.54,-0.47,0.52,-0.98,4.0,2.15,10.0,0.8,0.7,0.5,1010.22,1011.7,1012.25,1011.23,6.0,1.77,12.0,0.7,0.7,0.5,0.0,3.5,8.0,3.8,6.0,3.9,12.0,0.7,0.7,0.5,-30.8,-19.5,-4.8,-17.8,4.0,15.4,10.0,0.8,0.7,0.5,-13.4,-0.5,3.0,-5.0,4.0,13.5,10.0,0.8,0.7,0.5,-0.09,0.7,2.0,0.78,6.0,1.11,12.0,0.7,0.7,0.5,-2.6,1.2,4.3,0.9,4.0,4.7,10.0,0.8,0.7,0.5,3.72,6.25,7.2,5.5,4.0,2.33,10.0,0.5,0.8,0.6,6.8,16.5,33.1,19.9,3.0,19.5,8.0,0.7,0.8,0.6,-148.1,-106.0,-41.9,-95.5,4.0,67.0,10.0,0.8,0.7,0.5,-71.5,-13.0,14.8,-27.6,4.0,61.0,10.0,0.8,0.7,0.5,-85.6,-52.6,-21.7,-53.6,3.0,46.9,8.0,0.7,0.8,0.6,-13.6,0.0,12.2,-0.7,3.0,18.9,8.0,0.7,0.8,0.6,-32.7,-16.5,-5.8,-19.2,3.0,19.9,8.0,0.7,0.8,0.6,-1.5,0.0,4.8,1.7,3.0,4.8,8.0,0.7,0.8,0.6,14.5,107.5,213.0,113.5,4.0,116.0,10.0,0.8,0.7,0.5,15.0,105.0,215.0,115.0,4.0,115.0,10.0,0.8,0.7,0.5
1974,2,254.0,11.0,27.42,27.9,27.97,27.7,3.0,0.44,18.0,0.7,0.6,0.4,27.62,28.3,28.64,28.13,3.0,0.76,18.0,0.7,0.6,0.4,17.35,17.35,17.35,17.35,1.0,0.0,10.0,1.0,0.7,0.3,70.5,70.5,70.5,70.5,1.0,0.0,10.0,1.0,0.3,5.91,9.8,11.51,8.73,3.0,4.2,18.0,0.7,0.6,0.4,-11.51,-9.8,-5.25,-8.41,3.0,4.73,18.0,0.7,0.6,0.4,-1.8,0.0,0.0,-0.88,3.0,1.52,18.0,0.7,0.6,0.4,1010.04,1011.2,1014.68,1012.33,3.0,3.54,18.0,0.7,0.6,0.4,1.3,2.0,2.0,1.7,3.0,0.6,18.0,0.7,0.6,0.4,-133.8,-96.0,-39.3,-86.7,3.0,69.7,18.0,0.7,0.6,0.4,-7.4,0.0,0.0,-3.6,3.0,6.2,18.0,0.7,0.6,0.4,-1.22,-0.4,0.35,-0.43,3.0,1.15,18.0,0.7,0.6,0.4,-14.0,-1.6,4.2,-4.8,3.0,13.6,18.0,0.7,0.6,0.4,5.14,5.14,5.14,5.14,1.0,0.0,10.0,1.0,0.7,0.3,63.3,63.3,63.3,63.3,1.0,0.0,10.0,1.0,0.7,0.3,-326.7,-267.5,-145.6,-236.9,3.0,135.3,18.0,0.7,0.6,0.4,-50.9,0.0,0.0,-24.9,3.0,43.1,18.0,0.7,0.6,0.4,-213.4,-213.4,-213.4,-213.4,1.0,0.0,10.0,1.0,0.7,0.3,0.0,0.0,0.0,0.0,1.0,0.0,10.0,1.0,0.7,0.3,-63.3,-63.3,-63.3,-63.3,1.0,0.0,10.0,1.0,0.7,0.3,0.0,0.0,0.0,0.0,1.0,0.0,10.0,1.0,0.7,0.3,346.0,941.0,1569.0,957.0,3.0,896.0,18.0,0.7,0.6,0.4,345.0,940.0,1570.0,955.0,3.0,895.0,18.0,0.7,0.6,0.4
1974,2,254.0,12.0,26.99,27.2,28.12,27.47,7.0,0.67,18.0,1.0,0.4,0.3,27.49,28.0,30.0,28.63,7.0,1.23,18.0,1.0,0.4,0.3,15.32,17.61,19.89,17.61,2.0,4.74,16.0,1.0,0.1,0.2,66.7,75.7,84.7,75.7,2.0,18.7,16.0,1.0,0.2,2.1,5.1,6.71,4.54,7.0,2.22,18.0,1.0,0.4,0.3,-6.24,-4.31,-1.64,-3.86,7.0,2.33,18.0,1.0,0.4,0.3,-2.14,-1.74,0.0,-1.63,7.0,1.76,18.0,1.0,0.4,0.3,1011.18,1013.9,1015.2,1013.41,7.0,1.82,18.0,1.0,0.4,0.3,1.0,2.0,4.1,2.6,7.0,1.8,18.0,1.0,0.4,0.3,-38.9,-24.4,-4.1,-21.6,7.0,18.6,18.0,1.0,0.4,0.3,-10.1,-3.8,0.0,-7.7,7.0,12.2,18.0,1.0,0.4,0.3,-2.62,-0.8,0.52,-1.16,7.0,1.54,18.0,1.0,0.4,0.3,-14.0,-5.4,1.9,-6.3,7.0,8.7,18.0,1.0,0.4,0.3,4.04,5.49,6.95,5.49,2.0,3.01,16.0,1.0,0.1,0.2,17.6,18.5,19.4,18.5,2.0,1.9,16.0,1.0,0.1,0.2,-187.2,-120.6,-45.1,-112.1,7.0,70.7,18.0,1.0,0.4,0.3,-59.0,-48.8,0.0,-45.4,7.0,49.1,18.0,1.0,0.4,0.3,-88.3,-62.1,-36.0,-62.1,2.0,54.2,16.0,1.0,0.1,0.2,-35.3,-32.5,-29.7,-32.5,2.0,5.8,16.0,1.0,0.1,0.2,-15.6,-14.4,-13.3,-14.4,2.0,2.4,16.0,1.0,0.1,0.2,-13.7,-10.5,-7.3,-10.5,2.0,6.6,16.0,1.0,0.1,0.2,9.5,132.5,303.0,150.0,7.0,144.5,18.0,1.0,0.4,0.3,10.0,135.0,305.0,150.0,7.0,145.0,18.0,1.0,0.4,0.3
1974,2,254.0,13.0,27.6,27.9,28.0,27.78,6.0,0.31,18.0,0.8,0.7,0.4,26.64,28.0,29.05,27.93,7.0,1.48,16.0,0.9,0.7,0.4,14.71,15.68,16.89,15.79,4.0,1.41,14.0,0.8,0.5,0.4,62.2,66.2,76.2,68.8,5.0,7.8,16.0,0.8,0.3,2.55,5.1,8.7,5.77,7.0,3.03,16.0,0.9,0.7,0.4,-6.71,-0.96,0.19,-2.34,7.0,4.19,16.0,0.9,0.7,0.4,-5.74,-3.28,-1.09,-3.67,7.0,2.9,16.0,0.9,0.7,0.4,1012.46,1013.3,1014.13,1013.15,6.0,1.53,14.0,0.8,0.7,0.5,1.0,3.0,6.0,3.0,7.0,2.3,16.0,0.9,0.7,0.4,-58.3,-1.4,1.0,-18.7,7.0,32.4,16.0,0.9,0.7,0.4,-49.9,-16.7,-1.6,-26.8,7.0,28.4,16.0,0.9,0.7,0.4,-0.81,0.0,0.85,0.03,6.0,1.37,18.0,0.8,0.7,0.4,-4.2,0.0,3.2,-1.6,6.0,8.1,18.0,0.8,0.7,0.4,6.6,7.78,8.8,7.71,4.0,1.33,14.0,0.8,0.5,0.4,15.4,36.0,67.1,41.0,4.0,31.3,14.0,0.8,0.5,0.4,-187.2,-27.5,5.0,-68.9,7.0,119.5,16.0,0.9,0.7,0.4,-159.7,-87.5,-31.2,-102.3,7.0,82.1,16.0,0.9,0.7,0.4,-56.8,-7.3,0.0,-27.4,4.0,45.6,14.0,0.8,0.5,0.4,-118.0,-60.9,-29.2,-73.0,4.0,59.0,14.0,0.8,0.5,0.4,-35.7,-4.1,0.0,-17.2,4.0,29.2,14.0,0.8,0.5,0.4,-52.4,-34.7,-13.9,-33.2,4.0,22.4,14.0,0.8,0.5,0.4,17.0,132.5,658.5,323.0,7.0,317.5,16.0,0.9,0.7,0.4,15.0,135.0,660.0,325.0,7.0,320.0,16.0,0.9,0.7,0.4
1974,2,254.0,14.0,26.29,27.8,28.0,27.36,11.0,1.19,16.0,0.5,0.4,0.5,25.0,25.6,28.21,26.52,11.0,1.98,16.0,0.5,0.4,0.5,14.78,16.45,17.7,16.44,11.0,2.24,16.0,0.5,0.4,0.5,66.4,80.5,84.4,76.2,11.0,10.2,16.0,0.5,0.5,1.76,3.1,4.89,3.08,10.0,1.65,16.0,0.6,0.4,0.4,-3.91,-1.09,0.51,-1.27,10.0,2.19,16.0,0.6,0.4,0.4,-3.28,-2.18,-1.52,-2.23,10.0,1.07,16.0,0.6,0.4,0.4,1010.76,1014.0,1015.17,1013.38,11.0,1.98,16.0,0.5,0.4,0.5,0.6,1.0,2.0,1.3,11.0,0.9,16.0,0.5,0.4,0.5,-19.2,-2.6,1.6,-5.7,10.0,10.1,16.0,0.6,0.4,0.4,-15.0,-7.6,-3.1,-8.3,10.0,5.9,16.0,0.6,0.4,0.4,-0.62,0.5,2.62,0.85,11.0,2.21,16.0,0.5,0.4,0.5,-2.8,1.2,7.6,2.0,10.0,6.2,16.0,0.6,0.4,0.4,3.74,5.82,8.43,6.39,11.0,3.11,16.0,0.5,0.4,0.5,7.9,15.4,33.5,18.4,10.0,12.7,16.0,0.6,0.4,0.4,-104.2,-31.4,13.2,-34.8,10.0,58.1,16.0,0.6,0.4,0.4,-87.7,-58.9,-42.7,-59.4,10.0,27.8,16.0,0.6,0.4,0.4,-64.1,-20.3,8.7,-22.2,10.0,35.7,16.0,0.6,0.4,0.4,-57.0,-37.9,-24.6,-37.4,10.0,18.1,16.0,0.6,0.4,0.4,-22.5,-4.1,2.8,-6.3,10.0,15.3,16.0,0.6,0.4,0.4,-20.2,-13.7,-5.5,-13.2,10.0,8.0,16.0,0.6,0.4,0.4,6.0,32.0,117.5,50.5,10.0,52.0,16.0,0.6,0.4,0.4,5.0,30.0,120.0,50.0,10.0,50.0,16.0,0.6,0.4,0.4
1974,2,254.0,15.0,26.91,27.5,27.8,27.49,14.0,0.69,16.0,0.8,0.8,0.3,25.34,26.4,29.93,27.04,14.0,2.0,16.0,0.8,0.8,0.3,14.56,16.95,18.15,16.69,6.0,1.94,16.0,0.7,0.7,0.5,73.5,82.3,86.5,79.2,6.0,12.7,16.0,0.7,0.5,2.6,3.85,5.1,4.29,14.0,2.2,16.0,0.8,0.8,0.3,-3.15,0.0,2.03,-0.28,14.0,2.15,16.0,0.8,0.8,0.3,-4.74,-3.33,-1.53,-3.56,14.0,2.51,16.0,0.8,0.8,0.3,1011.92,1013.7,1015.48,1013.38,14.0,1.96,16.0,0.8,0.8,0.3,0.0,0.0,2.9,1.3,14.0,2.2,16.0,0.8,0.8,0.3,-12.4,0.0,8.4,-0.8,14.0,9.5,16.0,0.8,0.8,0.3,-24.2,-12.1,-2.5,-20.0,14.0,27.3,16.0,0.8,0.8,0.3,-2.43,1.15,2.94,0.45,14.0,2.36,16.0,0.8,0.8,0.3,-9.8,3.4,10.0,0.6,14.0,14.3,16.0,0.8,0.8,0.3,5.68,6.31,7.98,6.7,6.0,1.41,16.0,0.7,0.7,0.5,21.2,29.8,55.4,36.2,6.0,20.6,16.0,0.7,0.7,0.5,-82.3,0.0,60.6,-6.3,14.0,57.7,16.0,0.8,0.8,0.3,-126.6,-89.5,-42.4,-97.7,14.0,73.7,16.0,0.8,0.8,0.3,-30.3,-9.5,13.1,-6.0,6.0,40.0,16.0,0.7,0.7,0.5,-116.8,-72.1,-39.6,-80.0,6.0,43.0,16.0,0.7,0.7,0.5,-11.1,-3.3,3.9,-2.6,6.0,12.8,16.0,0.7,0.7,0.5,-54.8,-23.1,-20.4,-33.5,6.0,21.9,16.0,0.7,0.7,0.5,17.5,58.0,132.5,150.5,14.0,282.0,16.0,0.8,0.8,0.3,20.0,60.0,135.0,150.0,14.0,280.0,16.0,0.8,0.8,0.3
1974,2,254.0,16.0,24.66,27.25,28.23,26.79,8.0,1.58,16.0,0.9,0.6,0.3,24.79,26.7,26.7,26.04,8.0,1.05,16.0,0.9,0.6,0.3,13.49,14.74,16.4,15.1,8.0,1.68,16.0,0.9,0.6,0.3,65.2,71.2,75.4,72.1,8.0,8.1,16.0,0.9,0.3,2.66,3.6,4.99,4.25,8.0,2.44,16.0,0.9,0.6,0.3,-1.99,-0.44,4.55,1.03,8.0,4.27,16.0,0.9,0.6,0.3,-3.06,-2.37,-2.06,-2.45,8.0,0.55,16.0,0.9,0.6,0.3,1012.14,1015.3,1016.9,1014.83,8.0,2.85,16.0,0.9,0.6,0.3,0.1,1.0,3.0,1.6,8.0,1.5,16.0,0.9,0.6,0.3,-6.2,-1.2,22.9,12.0,8.0,33.8,16.0,0.9,0.6,0.3,-12.4,-7.9,-6.5,-11.1,8.0,9.1,16.0,0.9,0.6,0.3,0.01,0.75,1.59,0.75,8.0,0.78,16.0,0.9,0.6,0.3,0.0,2.1,7.8,4.0,8.0,5.5,16.0,0.9,0.6,0.3,5.43,6.63,9.07,6.96,8.0,1.94,16.0,0.9,0.6,0.3,15.0,21.0,38.7,31.0,8.0,23.6,16.0,0.9,0.6,0.3,-52.9,-11.0,121.7,29.1,8.0,112.4,16.0,0.9,0.6,0.3,-82.4,-60.5,-50.5,-63.9,8.0,15.5,16.0,0.9,0.6,0.3,-35.3,-6.0,73.9,16.1,8.0,65.8,16.0,0.9,0.6,0.3,-43.0,-35.8,-28.7,-36.8,8.0,8.6,16.0,0.9,0.6,0.3,-10.5,-2.5,35.1,12.0,8.0,33.0,16.0,0.9,0.6,0.3,-27.7,-13.6,-11.6,-17.4,8.0,7.7,16.0,0.9,0.6,0.3,19.0,49.5,125.5,162.5,8.0,317.0,16.0,0.9,0.6,0.3,20.0,50.0,125.0,160.0,8.0,315.0,16.0,0.9,0.6,0.3
1974,2,254.0,17.0,24.0,25.2,25.52,24.91,7.0,0.79,14.0,0.6,0.4,0.6,22.99,24.5,25.76,24.83,7.0,2.1,14.0,0.6,0.4,0.6,11.97,13.47,15.19,13.51,5.0,1.99,16.0,0.4,0.3,0.6,61.6,73.4,77.3,70.0,5.0,8.7,16.0,0.4,0.6,2.0,3.1,6.2,3.61,7.0,2.32,14.0,0.6,0.4,0.6,0.0,2.25,3.99,1.95,7.0,1.73,14.0,0.6,0.4,0.6,-4.77,-1.55,0.09,-2.21,7.0,2.74,14.0,0.6,0.4,0.6,1011.49,1012.5,1014.05,1012.89,7.0,1.36,14.0,0.6,0.4,0.6,0.0,0.0,3.2,1.9,7.0,3.0,14.0,0.6,0.4,0.6,0.0,5.9,24.7,9.3,7.0,11.0,14.0,0.6,0.4,0.6,-29.4,-4.8,0.2,-12.7,7.0,14.9,14.0,0.6,0.4,0.6,-0.52,0.2,1.74,0.09,7.0,2.47,14.0,0.6,0.4,0.6,-2.3,0.0,4.1,0.1,7.0,5.6,14.0,0.6,0.4,0.6,4.92,6.54,7.22,6.03,5.0,1.93,16.0,0.4,0.3,0.6,3.7,16.0,28.1,16.6,5.0,15.4,16.0,0.4,0.3,0.6,0.0,55.2,99.7,48.5,7.0,43.1,14.0,0.6,0.4,0.6,-121.6,-35.6,2.7,-53.2,7.0,70.1,14.0,0.6,0.4,0.6,0.0,11.4,34.4,16.2,5.0,17.6,16.0,0.4,0.3,0.6,-33.2,-19.2,11.5,-12.7,5.0,31.5,16.0,0.4,0.3,0.6,0.0,2.0,15.6,6.9,5.0,8.7,16.0,0.4,0.3,0.6,-21.3,-8.0,2.0,-10.6,5.0,17.5,16.0,0.4,0.3,0.6,9.0,30.0,238.5,95.0,7.0,107.5,14.0,0.6,0.4,0.6,10.0,30.0,240.0,95.0,7.0,105.0,14.0,0.6,0.4,0.6
1974,2,254.0,18.0,22.84,24.0,25.0,23.81,15.0,0.98,14.0,0.9,0.6,0.6,21.81,23.75,25.37,23.61,16.0,1.72,12.0,0.9,0.6,0.6,13.49,14.02,15.22,13.9,15.0,1.78,14.0,0.9,0.6,0.6,71.6,76.3,81.6,75.9,15.0,7.3,14.0,0.9,0.6,2.6,3.6,5.1,4.11,15.0,2.28,12.0,0.9,0.6,0.6,-1.01,1.3,2.99,1.09,15.0,2.78,12.0,0.9,0.6,0.6,-4.56,-3.55,-0.4,-2.99,15.0,2.17,12.0,0.9,0.6,0.6,1012.6,1014.2,1015.96,1014.24,16.0,1.57,12.0,0.9,0.6,0.6,0.0,0.5,2.6,1.1,16.0,1.7,12.0,0.9,0.6,0.6,-2.6,2.3,12.6,7.6,15.0,20.0,12.0,0.9,0.6,0.6,-22.2,-12.8,-1.1,-15.9,15.0,17.1,12.0,0.9,0.6,0.6,-1.51,0.5,1.87,0.09,15.0,1.95,14.0,0.9,0.6,0.6,-6.1,2.2,7.2,0.9,14.0,7.8,12.0,0.9,0.6,0.6,3.24,4.45,5.68,4.5,15.0,1.97,14.0,0.9,0.6,0.6,6.9,20.5,32.2,19.6,14.0,13.9,12.0,0.9,0.6,0.6,-24.7,28.6,75.1,25.0,15.0,67.9,12.0,0.9,0.6,0.6,-112.0,-81.5,-9.1,-70.2,15.0,51.6,12.0,0.9,0.6,0.6,-12.9,13.1,44.1,14.5,14.0,40.4,12.0,0.9,0.6,0.6,-66.6,-41.4,-1.0,-40.3,14.0,32.1,12.0,0.9,0.6,0.6,-4.5,4.7,11.1,4.3,14.0,14.5,12.0,0.9,0.6,0.6,-30.0,-13.0,-0.2,-14.1,14.0,12.7,12.0,0.9,0.6,0.6,17.5,46.5,132.5,135.0,15.0,216.0,12.0,0.9,0.6,0.6,20.0,45.0,135.0,135.0,15.0,215.0,12.0,0.9,0.6,0.6
1974,2,254.0,19.0,21.1,23.3,26.7,23.54,57.0,2.29,14.0,0.4,0.6,0.4,20.5,22.3,25.64,22.9,61.0,2.45,14.0,0.4,0.6,0.4,12.36,13.6,15.49,13.81,55.0,1.55,14.0,0.3,0.6,0.4,74.0,81.3,86.3,80.5,57.0,7.7,14.0,0.4,0.4,1.5,4.1,7.7,4.36,59.0,2.79,14.0,0.4,0.6,0.4,0.0,0.96,4.28,1.89,59.0,2.49,14.0,0.4,0.6,0.4,-6.22,-2.44,0.0,-2.97,59.0,2.89,14.0,0.4,0.6,0.4,1011.94,1013.05,1015.0,1013.33,60.0,1.76,14.0,0.4,0.6,0.4,0.0,0.0,3.0,1.3,57.0,1.8,14.0,0.4,0.6,0.4,0.0,4.1,22.1,12.2,59.0,19.6,14.0,0.4,0.6,0.4,-50.0,-8.3,0.0,-19.0,59.0,24.2,14.0,0.4,0.6,0.4,-2.03,0.85,3.33,0.77,56.0,2.71,16.0,0.4,0.6,0.4,-7.1,1.4,15.3,3.5,53.0,14.0,16.0,0.4,0.6,0.4,2.32,3.9,6.74,4.31,53.0,2.8,14.0,0.3,0.6,0.4,0.9,13.0,37.0,18.8,50.0,20.8,16.0,0.3,0.6,0.4,0.0,24.2,102.4,43.9,58.0,57.5,14.0,0.4,0.6,0.4,-138.4,-56.0,0.0,-66.3,58.0,64.9,14.0,0.4,0.6,0.4,0.0,13.9,54.5,23.3,52.0,30.3,14.0,0.3,0.6,0.4,-84.4,-36.6,0.0,-41.6,52.0,36.5,14.0,0.3,0.6,0.4,0.0,3.0,18.7,10.2,50.0,18.5,16.0,0.3,0.6,0.4,-22.7,-8.5,0.0,-11.6,50.0,14.5,16.0,0.3,0.6,0.4,3.5,69.0,456.5,189.5,59.0,252.5,14.0,0.4,0.6,0.4,5.0,70.0,455.0,190.0,59.0,255.0,14.0,0.4,0.6,0.4
1974,2,254.0,20.0,20.63,21.1,23.33,21.8,5.0,1.6,14.0,0.2,0.3,0.4,19.75,20.7,21.76,20.65,6.0,1.17,14.0,0.3,0.3,0.4,12.02,13.23,14.09,13.13,5.0,1.12,14.0,0.2,0.3,0.4,85.7,90.0,90.4,88.0,5.0,4.4,14.0,0.2,0.4,2.89,3.6,6.17,4.63,6.0,2.94,14.0,0.3,0.3,0.4,-1.32,0.18,1.86,0.17,6.0,1.72,14.0,0.3,0.3,0.4,-5.93,-2.84,-2.62,-4.26,6.0,3.1,14.0,0.3,0.3,0.4,1010.87,1012.05,1013.04,1011.9,6.0,1.2,14.0,0.3,0.3,0.4,0.0,0.0,1.4,1.2,6.0,2.9,14.0,0.3,0.3,0.4,-4.3,0.4,8.4,1.1,6.0,6.7,14.0,0.3,0.3,0.4,-41.3,-9.9,-8.1,-27.3,6.0,39.2,14.0,0.3,0.3,0.4,0.85,1.2,2.14,1.42,5.0,0.7,14.0,0.2,0.3,0.4,2.8,7.6,10.6,6.8,5.0,4.3,14.0,0.2,0.3,0.4,2.47,3.55,3.78,3.2,5.0,0.74,14.0,0.2,0.3,0.4,7.8,13.2,21.3,14.4,5.0,7.1,14.0,0.2,0.3,0.4,-25.8,3.7,40.5,4.7,6.0,36.6,14.0,0.3,0.3,0.4,-125.1,-59.2,-52.2,-87.6,6.0,61.7,14.0,0.3,0.3,0.4,-19.7,0.0,12.1,-3.0,5.0,21.2,14.0,0.2,0.3,0.4,-94.1,-38.1,-31.2,-60.8,5.0,45.4,14.0,0.2,0.3,0.4,-4.9,0.0,3.3,-0.6,5.0,5.6,14.0,0.2,0.3,0.4,-20.5,-10.1,-7.5,-13.4,5.0,7.2,14.0,0.2,0.3,0.4,25.5,46.5,331.0,226.5,6.0,426.5,14.0,0.3,0.3,0.4,25.0,45.0,330.0,225.0,6.0,425.0,14.0,0.3,0.3,0.4
1974,2,254.0,21.0,,,,,,,,,,,,,,,,,,,,,,,,,,,,,,,,,,,,,,,,4.1,4.1,4.1,4.1,1.0,0.0,28.0,0.0,0.2,0.3,-1.4,-1.4,-1.4,-1.4,1.0,0.0,28.0,0.0,0.2,0.3,-3.85,-3.85,-3.85,-3.85,1.0,0.0,28.0,0.0,0.2,0.3,1015.0,1015.0,1015.0,1015.0,1.0,0.0,28.0,0.0,0.2,0.3,,,,,,,,,,,,,,,,,,,,,,,,,,,,,,,,,,,,,,,,,,,,,,,,,,,,,,,,,,,,,,,,,,,,,,,,,,,,,,,,,,,,,,,,,,,,,,,,,,,,,,,,,,,,,,,,,,,,,,,,,,,,,,,,,,,,,,,,,,,,,,,,,,,,,,
1974,2,255.0,-69.0,1.9,1.9,1.9,1.9,1.0,0.0,22.0,0.0,0.8,0.3,-1.8,-1.8,-1.8,-1.8,1.0,0.0,22.0,0.0,0.8,0.3,2.81,2.81,2.81,2.81,1.0,0.0,22.0,0.0,0.8,0.3,80.6,80.6,80.6,80.6,1.0,0.0,22.0,0.0,0.3,5.1,5.1,5.1,5.1,1.0,0.0,22.0,0.0,0.8,0.3,4.42,4.42,4.42,4.42,1.0,0.0,22.0,0.0,0.8,0.3,2.55,2.55,2.55,2.55,1.0,0.0,22.0,0.0,0.8,0.3,962.8,962.8,962.8,962.8,1.0,0.0,22.0,0.0,0.8,0.3,2.0,2.0,2.0,2.0,1.0,0.0,22.0,0.0,0.8,0.3,22.5,22.5,22.5,22.5,1.0,0.0,22.0,0.0,0.8,0.3,13.0,13.0,13.0,13.0,1.0,0.0,22.0,0.0,0.8,0.3,3.7,3.7,3.7,3.7,1.0,0.0,22.0,0.0,0.8,0.3,18.9,18.9,18.9,18.9,1.0,0.0,22.0,0.0,0.8,0.3,1.75,1.75,1.75,1.75,1.0,0.0,22.0,0.0,0.8,0.3,8.9,8.9,8.9,8.9,1.0,0.0,22.0,0.0,0.8,0.3,-8.0,-8.0,-8.0,-8.0,1.0,0.0,22.0,0.0,0.8,0.3,-4.6,-4.6,-4.6,-4.6,1.0,0.0,22.0,0.0,0.8,0.3,12.4,12.4,12.4,12.4,1.0,0.0,22.0,0.0,0.8,0.3,7.2,7.2,7.2,7.2,1.0,0.0,22.0,0.0,0.8,0.3,7.7,7.7,7.7,7.7,1.0,0.0,22.0,0.0,0.8,0.3,4.5,4.5,4.5,4.5,1.0,0.0,22.0,0.0,0.8,0.3,132.5,132.5,132.5,132.5,1.0,0.0,22.0,0.0,0.8,0.3,135.0,135.0,135.0,135.0,1.0,0.0,22.0,0.0,0.8,0.3
1974,2,255.0,-19.0,25.6,25.6,25.6,25.6,1.0,0.0,6.0,0.0,0.8,0.8,22.3,22.3,22.3,22.3,1.0,0.0,6.0,0.0,0.8,0.8,13.38,13.38,13.38,13.38,1.0,0.0,6.0,0.0,0.8,0.8,80.1,80.1,80.1,80.1,1.0,0.0,6.0,0.0,0.8,5.1,5.1,5.1,5.1,1.0,0.0,6.0,0.0,0.8,0.8,-5.1,-5.1,-5.1,-5.1,1.0,0.0,6.0,0.0,0.8,0.8,0.0,0.0,0.0,0.0,1.0,0.0,6.0,0.0,0.8,0.8,1014.8,1014.8,1014.8,1014.8,1.0,0.0,6.0,0.0,0.8,0.8,7.0,7.0,7.0,7.0,1.0,0.0,6.0,0.0,0.8,0.8,-26.0,-26.0,-26.0,-26.0,1.0,0.0,6.0,0.0,0.8,0.8,0.0,0.0,0.0,0.0,1.0,0.0,6.0,0.0,0.8,0.8,3.3,3.3,3.3,3.3,1.0,0.0,6.0,0.0,0.8,0.8,16.8,16.8,16.8,16.8,1.0,0.0,6.0,0.0,0.8,0.8,7.09,7.09,7.09,7.09,1.0,0.0,6.0,0.0,0.8,0.8,36.2,36.2,36.2,36.2,1.0,0.0,6.0,0.0,0.8,0.8,-113.7,-113.7,-113.7,-113.7,1.0,0.0,6.0,0.0,0.8,0.8,0.0,0.0,0.0,0.0,1.0,0.0,6.0,0.0,0.8,0.8,-68.2,-68.2,-68.2,-68.2,1.0,0.0,6.0,0.0,0.8,0.8,0.0,0.0,0.0,0.0,1.0,0.0,6.0,0.0,0.8,0.8,-36.2,-36.2,-36.2,-36.2,1.0,0.0,6.0,0.0,0.8,0.8,0.0,0.0,0.0,0.0,1.0,0.0,6.0,0.0,0.8,0.8,132.5,132.5,132.5,132.5,1.0,0.0,6.0,0.0,0.8,0.8,135.0,135.0,135.0,135.0,1.0,0.0,6.0,0.0,0.8,0.8
1974,2,255.0,-18.0,22.22,22.7,23.18,22.7,2.0,0.99,16.0,0.5,0.4,0.5,21.4,22.25,23.1,22.25,2.0,1.77,16.0,0.5,0.4,0.5,13.61,13.97,14.33,13.97,2.0,0.75,16.0,0.5,0.4,0.5,81.8,84.0,86.2,84.0,2.0,4.6,16.0,0.5,0.5,8.7,8.7,8.7,8.7,2.0,0.0,16.0,0.5,0.4,0.5,-8.68,-8.63,-8.59,-8.63,2.0,0.09,16.0,0.5,0.4,0.5,0.24,0.76,1.27,0.76,2.0,1.07,16.0,0.5,0.4,0.5,1016.25,1016.35,1016.45,1016.35,2.0,0.21,16.0,0.5,0.4,0.5,7.2,7.5,7.8,7.5,2.0,0.7,16.0,0.5,0.4,0.5,-75.5,-75.1,-74.7,-75.1,2.0,0.8,16.0,0.5,0.4,0.5,2.1,6.6,11.1,6.6,2.0,9.3,16.0,0.5,0.4,0.5,0.07,0.45,0.83,0.45,2.0,0.78,16.0,0.5,0.4,0.5,0.6,3.9,7.2,3.9,2.0,6.8,16.0,0.5,0.4,0.5,3.04,3.18,3.32,3.18,2.0,0.3,16.0,0.5,0.4,0.5,26.4,27.7,28.9,27.7,2.0,2.6,16.0,0.5,0.4,0.5,-200.6,-192.2,-183.8,-192.2,2.0,17.3,16.0,0.5,0.4,0.5,5.0,15.9,26.7,15.9,2.0,22.4,16.0,0.5,0.4,0.5,-124.4,-120.6,-116.9,-120.6,2.0,7.8,16.0,0.5,0.4,0.5,3.2,10.2,17.1,10.2,2.0,14.4,16.0,0.5,0.4,0.5,-28.8,-27.5,-26.1,-27.5,2.0,2.9,16.0,0.5,0.4,0.5,0.7,2.2,3.8,2.2,2.0,3.2,16.0,0.5,0.4,0.5,658.5,658.5,658.5,658.5,2.0,0.0,16.0,0.5,0.4,0.5,660.0,660.0,660.0,660.0,2.0,0.0,16.0,0.5,0.4,0.5
1974,2,255.0,-17.0,22.63,22.9,23.17,22.9,2.0,0.57,4.0,0.5,0.5,0.6,22.5,22.7,22.9,22.7,2.0,0.42,4.0,0.5,0.5,0.6,13.67,14.09,14.5,14.09,2.0,0.86,4.0,0.5,0.5,0.6,80.7,82.2,83.6,82.2,2.0,2.9,4.0,0.5,0.6,6.44,6.95,7.46,6.95,2.0,1.06,4.0,0.5,0.5,0.6,-7.07,-6.72,-6.36,-6.72,2.0,0.73,4.0,0.5,0.5,0.6,0.42,1.32,2.22,1.32,2.0,1.86,4.0,0.5,0.5,0.6,1013.82,1014.3,1014.78,1014.3,2.0,0.99,4.0,0.5,0.5,0.6,6.2,6.5,6.8,6.5,2.0,0.7,4.0,0.5,0.5,0.6,-53.0,-47.1,-41.2,-47.1,2.0,12.2,4.0,0.5,0.5,0.6,3.2,10.1,17.1,10.1,2.0,14.3,4.0,0.5,0.5,0.6,-0.28,0.2,0.68,0.2,2.0,0.99,4.0,0.5,0.5,0.6,-2.4,0.9,4.1,0.9,2.0,6.7,4.0,0.5,0.5,0.6,2.58,3.3,4.01,3.3,2.0,1.48,4.0,0.5,0.5,0.6,18.9,22.1,25.4,22.1,2.0,6.8,4.0,0.5,0.5,0.6,-162.0,-152.6,-143.3,-152.6,2.0,19.5,4.0,0.5,0.5,0.6,9.6,30.3,51.0,30.3,2.0,42.8,4.0,0.5,0.5,0.6,-102.7,-95.0,-87.2,-95.0,2.0,16.1,4.0,0.5,0.5,0.6,6.1,19.4,32.6,19.4,2.0,27.4,4.0,0.5,0.5,0.6,-25.2,-21.6,-18.0,-21.6,2.0,7.5,4.0,0.5,0.5,0.6,0.9,3.0,5.0,3.0,2.0,4.2,4.0,0.5,0.5,0.6,273.0,347.5,422.0,347.5,2.0,154.5,4.0,0.5,0.5,0.6,275.0,345.0,420.0,345.0,2.0,155.0,4.0,0.5,0.5,0.6
1974,2,255.0,-16.0,23.02,23.05,23.08,23.05,2.0,0.07,10.0,0.0,0.8,0.8,21.22,21.7,22.18,21.7,2.0,0.99,10.0,0.0,0.8,0.8,12.8,12.82,12.85,12.82,2.0,0.05,10.0,0.0,0.8,0.8,77.3,79.8,82.3,79.8,2.0,5.2,10.0,0.0,0.8,6.86,7.2,7.54,7.2,2.0,0.71,10.0,0.0,0.8,0.8,-6.34,-5.77,-5.21,-5.77,2.0,1.17,10.0,0.0,0.8,0.8,1.91,3.53,5.15,3.53,2.0,3.35,10.0,0.0,0.8,0.8,1016.15,1016.25,1016.35,1016.25,2.0,0.21,10.0,0.0,0.8,0.8,3.0,5.0,7.0,5.0,2.0,4.2,10.0,0.0,0.8,0.8,-43.2,-41.2,-39.1,-41.2,2.0,4.3,10.0,0.0,0.8,0.8,13.8,26.6,39.4,26.6,2.0,26.6,10.0,0.0,0.8,0.8,0.91,1.35,1.79,1.35,2.0,0.92,10.0,0.0,0.8,0.8,6.4,10.0,13.7,10.0,2.0,7.6,10.0,0.0,0.8,0.8,4.62,4.69,4.75,4.69,2.0,0.13,10.0,0.0,0.8,0.8,32.6,33.7,34.8,33.7,2.0,2.3,10.0,0.0,0.8,0.8,-140.8,-125.9,-110.9,-125.9,2.0,31.0,10.0,0.0,0.8,0.8,41.6,75.0,108.3,75.0,2.0,69.2,10.0,0.0,0.8,0.8,-81.1,-74.0,-66.9,-74.0,2.0,14.6,10.0,0.0,0.8,0.8,24.6,45.4,66.2,45.4,2.0,43.1,10.0,0.0,0.8,0.8,-30.1,-27.1,-24.1,-27.1,2.0,6.2,10.0,0.0,0.8,0.8,9.0,16.3,23.7,16.3,2.0,15.2,10.0,0.0,0.8,0.8,325.5,378.5,432.0,378.5,2.0,110.0,10.0,0.0,0.8,0.8,325.0,380.0,430.0,380.0,2.0,110.0,10.0,0.0,0.8,0.8
1974,2,255.0,-15.0,,,,,,,,,,,,,,,,,,,,,,,,,,,,,,,,,,,,,,,,3.6,3.6,3.6,3.6,1.0,0.0,28.0,1.0,1.0,0.9,-2.31,-2.31,-2.31,-2.31,1.0,0.0,28.0,1.0,1.0,0.9,2.76,2.76,2.76,2.76,1.0,0.0,28.0,1.0,1.0,0.9,1012.5,1012.5,1012.5,1012.5,1.0,0.0,28.0,1.0,1.0,0.9,,,,,,,,,,,,,,,,,,,,,,,,,,,,,,,,,,,,,,,,,,,,,,,,,,,,,,,,,,,,,,,,,,,,,,,,,,,,,,,,,,,,,,,,,,,,,,,,,,,,,,,,,,,,,,,,,,,,,,,,,,,,,,,,,,,,,,,,,,,,,,,,,,,,,,
1974,2,255.0,-14.0,23.7,23.7,23.7,23.7,1.0,0.0,24.0,1.0,1.0,0.5,22.82,23.3,23.78,23.3,2.0,0.99,22.0,1.0,1.0,0.8,14.69,15.98,17.26,15.98,2.0,2.67,22.0,1.0,1.0,0.8,84.7,89.3,93.8,89.3,2.0,9.3,22.0,1.0,0.8,5.93,7.7,9.47,7.7,2.0,3.68,22.0,1.0,1.0,0.8,-7.4,-6.34,-5.28,-6.34,2.0,2.19,22.0,1.0,1.0,0.8,2.52,4.18,5.85,4.18,2.0,3.45,22.0,1.0,1.0,0.8,1011.69,1012.3,1012.91,1012.3,2.0,1.27,22.0,1.0,1.0,0.8,4.5,5.5,6.5,5.5,2.0,2.1,22.0,1.0,1.0,0.8,-72.3,-52.9,-33.5,-52.9,2.0,40.2,22.0,1.0,1.0,0.8,18.3,38.5,58.8,38.5,2.0,41.9,22.0,1.0,1.0,0.8,1.1,1.1,1.1,1.1,1.0,0.0,24.0,1.0,1.0,0.5,11.3,11.3,11.3,11.3,1.0,0.0,24.0,1.0,1.0,0.5,4.18,4.18,4.18,4.18,1.0,0.0,24.0,1.0,1.0,0.5,43.1,43.1,43.1,43.1,1.0,0.0,24.0,1.0,1.0,0.5,-168.3,-146.7,-125.1,-146.7,2.0,44.8,22.0,1.0,1.0,0.8,59.0,95.7,132.5,95.7,2.0,76.2,22.0,1.0,1.0,0.8,-107.1,-98.4,-89.7,-98.4,2.0,18.1,22.0,1.0,1.0,0.8,41.0,62.2,83.4,62.2,2.0,43.9,22.0,1.0,1.0,0.8,-33.0,-33.0,-33.0,-33.0,1.0,0.0,24.0,1.0,1.0,0.5,27.7,27.7,27.7,27.7,1.0,0.0,24.0,1.0,1.0,0.5,285.0,612.5,940.5,612.5,2.0,679.0,22.0,1.0,1.0,0.8,285.0,615.0,940.0,615.0,2.0,680.0,22.0,1.0,1.0,0.8
1974,2,255.0,-13.0,24.1,24.1,24.1,24.1,2.0,0.0,24.0,0.5,0.6,0.3,24.02,24.5,26.21,25.1,3.0,1.68,24.0,0.7,0.5,0.4,15.58,15.58,15.58,15.58,1.0,0.0,24.0,0.0,0.9,0.3,84.9,84.9,84.9,84.9,1.0,0.0,24.0,0.0,0.3,5.93,7.7,7.9,6.93,3.0,1.59,24.0,0.7,0.5,0.4,-7.33,-5.9,-4.54,-5.94,3.0,2.05,24.0,0.7,0.5,0.4,1.04,3.28,4.42,2.74,3.0,2.52,24.0,0.7,0.5,0.4,1013.04,1014.0,1017.21,1015.1,3.0,3.2,24.0,0.7,0.5,0.4,5.3,6.0,6.7,6.0,3.0,1.0,24.0,0.7,0.5,0.4,-58.1,-45.4,-28.0,-43.1,3.0,22.1,24.0,0.7,0.5,0.4,5.3,16.7,31.3,18.3,3.0,19.1,24.0,0.7,0.5,0.4,-0.29,-0.05,0.19,-0.05,2.0,0.49,24.0,0.5,0.6,0.3,-2.4,-0.8,0.8,-0.8,2.0,3.3,24.0,0.5,0.6,0.3,3.15,3.15,3.15,3.15,1.0,0.0,24.0,0.0,0.9,0.3,16.1,16.1,16.1,16.1,1.0,0.0,24.0,0.0,0.9,0.3,-184.3,-159.3,-114.0,-149.4,3.0,52.2,24.0,0.7,0.5,0.4,24.8,78.0,116.0,70.6,3.0,67.1,24.0,0.7,0.5,0.4,-60.9,-60.9,-60.9,-60.9,1.0,0.0,24.0,0.0,0.9,0.3,51.1,51.1,51.1,51.1,1.0,0.0,24.0,0.0,0.9,0.3,-12.3,-12.3,-12.3,-12.3,1.0,0.0,24.0,0.0,0.9,0.3,10.3,10.3,10.3,10.3,1.0,0.0,24.0,0.0,0.9,0.3,235.5,456.5,494.5,367.0,3.0,205.0,24.0,0.7,0.5,0.4,235.0,455.0,495.0,365.0,3.0,205.0,24.0,0.7,0.5,0.4
1974,2,255.0,-12.0,23.74,24.0,24.06,23.93,6.0,0.27,10.0,0.8,0.5,0.5,23.9,24.45,25.21,24.62,6.0,0.99,10.0,0.8,0.5,0.5,13.43,13.63,14.07,13.74,6.0,0.36,10.0,0.8,0.5,0.5,68.3,73.4,74.7,71.5,6.0,4.8,10.0,0.8,0.5,4.6,7.45,9.51,7.28,6.0,2.36,10.0,0.8,0.5,0.5,-7.03,-5.91,-1.57,-4.96,6.0,2.78,10.0,0.8,0.5,0.5,3.56,4.32,5.53,4.75,6.0,2.18,10.0,0.8,0.5,0.5,1012.97,1014.55,1015.05,1013.92,6.0,2.15,10.0,0.8,0.5,0.5,1.0,2.5,7.0,3.5,6.0,2.8,10.0,0.8,0.5,0.5,-57.6,-50.0,-7.2,-40.4,6.0,27.3,10.0,0.8,0.5,0.5,19.4,24.8,53.3,37.0,6.0,28.5,10.0,0.8,0.5,0.5,-1.25,-0.45,-0.06,-0.68,6.0,1.05,10.0,0.8,0.5,0.5,-10.5,-2.1,-0.2,-4.6,6.0,8.1,10.0,0.8,0.5,0.5,4.36,4.94,5.03,4.79,6.0,0.38,10.0,0.8,0.5,0.5,20.0,37.0,47.6,35.6,6.0,13.7,10.0,0.8,0.5,0.5,-183.1,-142.2,-38.3,-123.3,6.0,70.9,10.0,0.8,0.5,0.5,88.3,104.6,135.2,115.7,6.0,49.2,10.0,0.8,0.5,0.5,-96.7,-79.9,-22.3,-67.8,6.0,37.7,10.0,0.8,0.5,0.5,49.6,60.5,75.0,65.2,6.0,29.0,10.0,0.8,0.5,0.5,-34.9,-29.9,-6.9,-24.5,6.0,14.3,10.0,0.8,0.5,0.5,17.1,19.0,27.9,23.0,6.0,12.1,10.0,0.8,0.5,0.5,97.5,415.0,864.0,487.0,6.0,396.5,10.0,0.8,0.5,0.5,95.0,415.0,865.0,485.0,6.0,395.0,10.0,0.8,0.5,0.5
1974,2,255.0,-11.0,22.8,22.8,22.8,22.8,1.0,0.0,10.0,0.0,0.4,0.2,23.5,23.5,23.5,23.5,1.0,0.0,10.0,0.0,0.4,0.2,16.98,16.98,16.98,16.98,1.0,0.0,10.0,0.0,0.4,0.2,94.1,94.1,94.1,94.1,1.0,0.0,10.0,0.0,0.2,6.7,6.7,6.7,6.7,1.0,0.0,10.0,0.0,0.4,0.2,-6.3,-6.3,-6.3,-6.3,1.0,0.0,10.0,0.0,0.4,0.2,2.29,2.29,2.29,2.29,1.0,0.0,10.0,0.0,0.4,0.2,1013.2,1013.2,1013.2,1013.2,1.0,0.0,10.0,0.0,0.4,0.2,4.0,4.0,4.0,4.0,1.0,0.0,10.0,0.0,0.4,0.2,-42.2,-42.2,-42.2,-42.2,1.0,0.0,10.0,0.0,0.4,0.2,15.4,15.4,15.4,15.4,1.0,0.0,10.0,0.0,0.4,0.2,-0.7,-0.7,-0.7,-0.7,1.0,0.0,10.0,0.0,0.4,0.2,-4.7,-4.7,-4.7,-4.7,1.0,0.0,10.0,0.0,0.4,0.2,0.32,0.32,0.32,0.32,1.0,0.0,10.0,0.0,0.4,0.2,2.1,2.1,2.1,2.1,1.0,0.0,10.0,0.0,0.4,0.2,-148.0,-148.0,-148.0,-148.0,1.0,0.0,10.0,0.0,0.4,0.2,53.9,53.9,53.9,53.9,1.0,0.0,10.0,0.0,0.4,0.2,-106.9,-106.9,-106.9,-106.9,1.0,0.0,10.0,0.0,0.4,0.2,38.9,38.9,38.9,38.9,1.0,0.0,10.0,0.0,0.4,0.2,-2.0,-2.0,-2.0,-2.0,1.0,0.0,10.0,0.0,0.4,0.2,0.7,0.7,0.7,0.7,1.0,0.0,10.0,0.0,0.4,0.2,301.0,301.0,301.0,301.0,1.0,0.0,10.0,0.0,0.4,0.2,300.0,300.0,300.0,300.0,1.0,0.0,10.0,0.0,0.4,0.2
1974,2,255.0,-10.0,24.9,24.9,24.9,24.9,1.0,0.0,18.0,0.0,1.0,1.0,24.3,24.3,24.3,24.3,1.0,0.0,18.0,0.0,1.0,1.0,14.63,14.63,14.63,14.63,1.0,0.0,18.0,0.0,1.0,1.0,77.4,77.4,77.4,77.4,1.0,0.0,18.0,0.0,1.0,8.0,8.0,8.0,8.0,1.0,0.0,18.0,0.0,1.0,1.0,-7.52,-7.52,-7.52,-7.52,1.0,0.0,18.0,0.0,1.0,1.0,2.74,2.74,2.74,2.74,1.0,0.0,18.0,0.0,1.0,1.0,1013.3,1013.3,1013.3,1013.3,1.0,0.0,18.0,0.0,1.0,1.0,8.0,8.0,8.0,8.0,1.0,0.0,18.0,0.0,1.0,1.0,-60.1,-60.1,-60.1,-60.1,1.0,0.0,18.0,0.0,1.0,1.0,21.9,21.9,21.9,21.9,1.0,0.0,18.0,0.0,1.0,1.0,0.6,0.6,0.6,0.6,1.0,0.0,18.0,0.0,1.0,1.0,4.8,4.8,4.8,4.8,1.0,0.0,18.0,0.0,1.0,1.0,5.02,5.02,5.02,5.02,1.0,0.0,18.0,0.0,1.0,1.0,40.2,40.2,40.2,40.2,1.0,0.0,18.0,0.0,1.0,1.0,-182.7,-182.7,-182.7,-182.7,1.0,0.0,18.0,0.0,1.0,1.0,66.5,66.5,66.5,66.5,1.0,0.0,18.0,0.0,1.0,1.0,-110.0,-110.0,-110.0,-110.0,1.0,0.0,18.0,0.0,1.0,1.0,40.0,40.0,40.0,40.0,1.0,0.0,18.0,0.0,1.0,1.0,-37.7,-37.7,-37.7,-37.7,1.0,0.0,18.0,0.0,1.0,1.0,13.7,13.7,13.7,13.7,1.0,0.0,18.0,0.0,1.0,1.0,512.0,512.0,512.0,512.0,1.0,0.0,18.0,0.0,1.0,1.0,510.0,510.0,510.0,510.0,1.0,0.0,18.0,0.0,1.0,1.0
1974,2,255.0,-9.0,24.72,24.75,24.78,24.75,2.0,0.07,18.0,0.0,0.4,0.1,24.06,24.2,24.34,24.2,2.0,0.28,18.0,0.0,0.4,0.1,15.05,15.08,15.11,15.08,2.0,0.06,18.0,0.0,0.4,0.1,79.6,80.1,80.6,80.1,2.0,1.0,18.0,0.0,0.1,8.0,8.0,8.0,8.0,2.0,0.0,18.0,0.0,0.4,0.1,-6.93,-6.93,-6.93,-6.93,2.0,0.0,18.0,0.0,0.4,0.1,4.0,4.0,4.0,4.0,2.0,0.0,18.0,0.0,0.4,0.1,1011.06,1011.2,1011.34,1011.2,2.0,0.28,18.0,0.0,0.4,0.1,6.2,6.5,6.8,6.5,2.0,0.7,18.0,0.0,0.4,0.1,-55.4,-55.4,-55.4,-55.4,2.0,0.0,18.0,0.0,0.4,0.1,32.0,32.0,32.0,32.0,2.0,0.0,18.0,0.0,0.4,0.1,0.38,0.55,0.72,0.55,2.0,0.35,18.0,0.0,0.4,0.1,3.0,4.4,5.8,4.4,2.0,2.8,18.0,0.0,0.4,0.1,4.36,4.44,4.51,4.44,2.0,0.15,18.0,0.0,0.4,0.1,34.9,35.5,36.1,35.5,2.0,1.2,18.0,0.0,0.4,0.1,-168.6,-167.7,-166.7,-167.7,2.0,2.0,18.0,0.0,0.4,0.1,96.3,96.8,97.3,96.8,2.0,1.1,18.0,0.0,0.4,0.1,-104.7,-104.5,-104.3,-104.5,2.0,0.4,18.0,0.0,0.4,0.1,60.2,60.3,60.4,60.3,2.0,0.2,18.0,0.0,0.4,0.1,-31.2,-30.7,-30.2,-30.7,2.0,1.0,18.0,0.0,0.4,0.1,17.5,17.7,18.0,17.7,2.0,0.6,18.0,0.0,0.4,0.1,512.0,512.0,512.0,512.0,2.0,0.0,18.0,0.0,0.4,0.1,510.0,510.0,510.0,510.0,2.0,0.0,18.0,0.0,0.4,0.1
1974,2,255.0,-5.0,26.0,26.0,26.0,26.0,1.0,0.0,28.0,1.0,0.3,0.5,24.5,24.5,24.5,24.5,1.0,0.0,28.0,1.0,0.3,0.5,18.84,18.84,18.84,18.84,1.0,0.0,28.0,1.0,0.3,0.5,98.2,98.2,98.2,98.2,1.0,0.0,28.0,1.0,0.5,5.1,5.1,5.1,5.1,1.0,0.0,28.0,1.0,0.3,0.5,0.0,0.0,0.0,0.0,1.0,0.0,28.0,1.0,0.3,0.5,5.1,5.1,5.1,5.1,1.0,0.0,28.0,1.0,0.3,0.5,1013.0,1013.0,1013.0,1013.0,1.0,0.0,28.0,1.0,0.3,0.5,8.0,8.0,8.0,8.0,1.0,0.0,28.0,1.0,0.3,0.5,0.0,0.0,0.0,0.0,1.0,0.0,28.0,1.0,0.3,0.5,26.0,26.0,26.0,26.0,1.0,0.0,28.0,1.0,0.3,0.5,1.5,1.5,1.5,1.5,1.0,0.0,28.0,1.0,0.3,0.5,7.7,7.7,7.7,7.7,1.0,0.0,28.0,1.0,0.3,0.5,2.16,2.16,2.16,2.16,1.0,0.0,28.0,1.0,0.3,0.5,11.0,11.0,11.0,11.0,1.0,0.0,28.0,1.0,0.3,0.5,0.0,0.0,0.0,0.0,1.0,0.0,28.0,1.0,0.3,0.5,125.0,125.0,125.0,125.0,1.0,0.0,28.0,1.0,0.3,0.5,0.0,0.0,0.0,0.0,1.0,0.0,28.0,1.0,0.3,0.5,96.1,96.1,96.1,96.1,1.0,0.0,28.0,1.0,0.3,0.5,0.0,0.0,0.0,0.0,1.0,0.0,28.0,1.0,0.3,0.5,11.0,11.0,11.0,11.0,1.0,0.0,28.0,1.0,0.3,0.5,132.5,132.5,132.5,132.5,1.0,0.0,28.0,1.0,0.3,0.5,135.0,135.0,135.0,135.0,1.0,0.0,28.0,1.0,0.3,0.5
1974,2,255.0,-2.0,23.36,23.5,25.21,24.27,3.0,1.5,10.0,0.3,0.7,0.7,23.6,24.9,25.65,24.63,3.0,1.52,10.0,0.3,0.7,0.7,15.24,15.77,17.21,16.21,3.0,1.49,10.0,0.3,0.7,0.7,79.3,85.1,88.5,83.9,3.0,6.9,10.0,0.3,0.7,1.85,2.6,2.6,2.23,3.0,0.64,10.0,0.3,0.7,0.7,-1.54,0.0,0.18,-0.66,3.0,1.38,10.0,0.3,0.7,0.7,1.36,1.48,2.24,1.79,3.0,0.7,10.0,0.3,0.7,0.7,1011.33,1012.9,1013.38,1012.37,3.0,1.57,10.0,0.3,0.7,0.7,2.0,2.0,3.4,2.7,3.0,1.2,10.0,0.3,0.7,0.7,-4.0,0.0,0.3,-1.8,3.0,3.5,10.0,0.3,0.7,0.7,2.6,3.4,5.7,4.1,3.0,2.4,10.0,0.3,0.7,0.7,-0.96,0.0,0.2,-0.37,3.0,0.91,10.0,0.3,0.7,0.7,-2.5,0.0,0.3,-1.1,3.0,2.2,10.0,0.3,0.7,0.7,2.38,3.05,3.14,2.76,3.0,0.61,10.0,0.3,0.7,0.7,4.6,7.9,8.2,6.4,3.0,2.9,10.0,0.3,0.7,0.7,-38.3,0.0,4.1,-16.7,3.0,34.2,10.0,0.3,0.7,0.7,32.9,34.0,56.9,44.6,3.0,19.9,10.0,0.3,0.7,0.7,-23.0,0.0,2.8,-9.9,3.0,20.8,10.0,0.3,0.7,0.7,20.7,23.3,39.1,29.8,3.0,14.6,10.0,0.3,0.7,0.7,-4.7,0.0,0.4,-2.1,3.0,4.1,10.0,0.3,0.7,0.7,3.3,4.0,6.9,5.1,3.0,2.8,10.0,0.3,0.7,0.7,8.0,17.5,17.5,13.0,3.0,8.0,10.0,0.3,0.7,0.7,10.0,20.0,20.0,15.0,3.0,10.0,10.0,0.3,0.7,0.7
1974,2,255.0,-1.0,24.0,24.0,24.0,24.0,1.0,0.0,18.0,0.0,0.1,0.2,25.5,25.5,25.5,25.5,1.0,0.0,18.0,0.0,0.1,0.2,18.53,18.53,18.53,18.53,1.0,0.0,18.0,0.0,0.1,0.2,90.9,90.9,90.9,90.9,1.0,0.0,18.0,0.0,0.2,0.0,0.0,0.0,0.0,1.0,0.0,18.0,0.0,0.1,0.2,0.0,0.0,0.0,0.0,1.0,0.0,18.0,0.0,0.1,0.2,0.0,0.0,0.0,0.0,1.0,0.0,18.0,0.0,0.1,0.2,1011.5,1011.5,1011.5,1011.5,1.0,0.0,18.0,0.0,0.1,0.2,8.0,8.0,8.0,8.0,1.0,0.0,18.0,0.0,0.1,0.2,0.0,0.0,0.0,0.0,1.0,0.0,18.0,0.0,0.1,0.2,0.0,0.0,0.0,0.0,1.0,0.0,18.0,0.0,0.1,0.2,-1.5,-1.5,-1.5,-1.5,1.0,0.0,18.0,0.0,0.1,0.2,0.0,0.0,0.0,0.0,1.0,0.0,18.0,0.0,0.1,0.2,0.11,0.11,0.11,0.11,1.0,0.0,18.0,0.0,0.1,0.2,0.0,0.0,0.0,0.0,1.0,0.0,18.0,0.0,0.1,0.2,0.0,0.0,0.0,0.0,1.0,0.0,18.0,0.0,0.1,0.2,0.0,0.0,0.0,0.0,1.0,0.0,18.0,0.0,0.1,0.2,0.0,0.0,0.0,0.0,1.0,0.0,18.0,0.0,0.1,0.2,0.0,0.0,0.0,0.0,1.0,0.0,18.0,0.0,0.1,0.2,0.0,0.0,0.0,0.0,1.0,0.0,18.0,0.0,0.1,0.2,0.0,0.0,0.0,0.0,1.0,0.0,18.0,0.0,0.1,0.2,0.0,0.0,0.0,0.0,1.0,0.0,18.0,0.0,0.1,0.2,0.0,0.0,0.0,0.0,1.0,0.0,18.0,0.0,0.1,0.2
1974,2,255.0,0.0,26.8,26.8,26.8,26.8,1.0,0.0,20.0,0.0,0.7,0.7,24.8,24.8,24.8,24.8,1.0,0.0,20.0,0.0,0.7,0.7,17.53,17.53,17.53,17.53,1.0,0.0,20.0,0.0,0.7,0.7,89.7,89.7,89.7,89.7,1.0,0.0,20.0,0.0,0.7,3.6,3.6,3.6,3.6,1.0,0.0,20.0,0.0,0.7,0.7,-0.63,-0.63,-0.63,-0.63,1.0,0.0,20.0,0.0,0.7,0.7,3.55,3.55,3.55,3.55,1.0,0.0,20.0,0.0,0.7,0.7,1011.9,1011.9,1011.9,1011.9,1.0,0.0,20.0,0.0,0.7,0.7,4.0,4.0,4.0,4.0,1.0,0.0,20.0,0.0,0.7,0.7,-2.3,-2.3,-2.3,-2.3,1.0,0.0,20.0,0.0,0.7,0.7,12.8,12.8,12.8,12.8,1.0,0.0,20.0,0.0,0.7,0.7,2.0,2.0,2.0,2.0,1.0,0.0,20.0,0.0,0.7,0.7,7.2,7.2,7.2,7.2,1.0,0.0,20.0,0.0,0.7,0.7,4.53,4.53,4.53,4.53,1.0,0.0,20.0,0.0,0.7,0.7,16.3,16.3,16.3,16.3,1.0,0.0,20.0,0.0,0.7,0.7,-15.5,-15.5,-15.5,-15.5,1.0,0.0,20.0,0.0,0.7,0.7,87.9,87.9,87.9,87.9,1.0,0.0,20.0,0.0,0.7,0.7,-11.0,-11.0,-11.0,-11.0,1.0,0.0,20.0,0.0,0.7,0.7,62.1,62.1,62.1,62.1,1.0,0.0,20.0,0.0,0.7,0.7,-2.8,-2.8,-2.8,-2.8,1.0,0.0,20.0,0.0,0.7,0.7,16.1,16.1,16.1,16.1,1.0,0.0,20.0,0.0,0.7,0.7,46.5,46.5,46.5,46.5,1.0,0.0,20.0,0.0,0.7,0.7,45.0,45.0,45.0,45.0,1.0,0.0,20.0,0.0,0.7,0.7
1974,2,255.0,1.0,24.3,24.3,24.3,24.3,1.0,0.0,8.0,0.0,0.1,0.3,24.6,24.6,24.6,24.6,1.0,0.0,8.0,0.0,0.1,0.3,16.11,16.11,16.11,16.11,1.0,0.0,8.0,0.0,0.1,0.3,83.4,83.4,83.4,83.4,1.0,0.0,8.0,0.0,0.3,3.6,3.6,3.6,3.6,1.0,0.0,8.0,0.0,0.1,0.3,3.12,3.12,3.12,3.12,1.0,0.0,8.0,0.0,0.1,0.3,1.8,1.8,1.8,1.8,1.0,0.0,8.0,0.0,0.1,0.3,1010.1,1010.1,1010.1,1010.1,1.0,0.0,8.0,0.0,0.1,0.3,7.0,7.0,7.0,7.0,1.0,0.0,8.0,0.0,0.1,0.3,11.2,11.2,11.2,11.2,1.0,0.0,8.0,0.0,0.1,0.3,6.5,6.5,6.5,6.5,1.0,0.0,8.0,0.0,0.1,0.3,-0.3,-0.3,-0.3,-0.3,1.0,0.0,8.0,0.0,0.1,0.3,-1.1,-1.1,-1.1,-1.1,1.0,0.0,8.0,0.0,0.1,0.3,2.9,2.9,2.9,2.9,1.0,0.0,8.0,0.0,0.1,0.3,10.4,10.4,10.4,10.4,1.0,0.0,8.0,0.0,0.1,0.3,76.7,76.7,76.7,76.7,1.0,0.0,8.0,0.0,0.1,0.3,44.3,44.3,44.3,44.3,1.0,0.0,8.0,0.0,0.1,0.3,50.2,50.2,50.2,50.2,1.0,0.0,8.0,0.0,0.1,0.3,29.0,29.0,29.0,29.0,1.0,0.0,8.0,0.0,0.1,0.3,9.0,9.0,9.0,9.0,1.0,0.0,8.0,0.0,0.1,0.3,5.2,5.2,5.2,5.2,1.0,0.0,8.0,0.0,0.1,0.3,46.5,46.5,46.5,46.5,1.0,0.0,8.0,0.0,0.1,0.3,45.0,45.0,45.0,45.0,1.0,0.0,8.0,0.0,0.1,0.3
1974,2,255.0,7.0,26.33,26.7,27.38,26.85,4.0,0.83,12.0,0.5,0.6,0.3,25.65,27.15,28.33,27.0,4.0,1.8,12.0,0.5,0.6,0.3,17.02,17.62,18.21,17.62,4.0,0.7,12.0,0.5,0.6,0.3,75.3,78.8,83.4,79.3,4.0,5.9,12.0,0.5,0.3,3.08,3.85,7.87,5.4,4.0,3.98,12.0,0.5,0.6,0.3,-6.61,-2.58,0.2,-3.18,4.0,4.98,12.0,0.5,0.6,0.3,-4.65,-2.68,-1.54,-3.08,4.0,1.97,12.0,0.5,0.6,0.3,1010.64,1011.1,1013.71,1012.13,4.0,2.48,12.0,0.5,0.6,0.3,2.5,3.5,4.5,3.5,4.0,1.3,12.0,0.5,0.6,0.3,-63.3,-9.8,-0.9,-31.1,4.0,53.5,12.0,0.5,0.6,0.3,-40.4,-10.5,-4.9,-22.1,4.0,28.2,12.0,0.5,0.6,0.3,-0.95,-0.45,0.68,-0.15,4.0,1.07,12.0,0.5,0.6,0.3,-7.0,-1.8,1.8,-2.6,4.0,5.8,12.0,0.5,0.6,0.3,3.87,4.48,5.17,4.52,4.0,0.81,12.0,0.5,0.6,0.3,15.0,19.8,30.9,22.8,4.0,12.9,12.0,0.5,0.6,0.3,-184.5,-72.6,3.1,-89.9,4.0,135.3,12.0,0.5,0.6,0.3,-126.8,-73.5,-41.7,-83.8,4.0,54.8,12.0,0.5,0.6,0.3,-120.7,-45.8,3.2,-58.2,4.0,90.2,12.0,0.5,0.6,0.3,-83.1,-46.7,-27.0,-54.7,4.0,36.4,12.0,0.5,0.6,0.3,-26.8,-13.5,0.2,-13.3,4.0,18.5,12.0,0.5,0.6,0.3,-18.9,-13.5,-7.5,-13.2,4.0,6.9,12.0,0.5,0.6,0.3,31.5,58.0,788.5,394.0,4.0,699.5,12.0,0.5,0.6,0.3,30.0,60.0,790.0,395.0,4.0,700.0,12.0,0.5,0.6,0.3
1974,2,255.0,9.0,26.3,26.7,27.21,26.77,7.0,0.49,10.0,1.0,0.5,0.3,27.14,28.3,30.22,28.54,5.0,1.83,6.0,1.0,0.5,0.3,17.83,17.83,17.83,17.83,1.0,0.0,2.0,1.0,1.0,0.0,85.1,85.1,85.1,85.1,1.0,0.0,2.0,1.0,0.0,4.16,8.2,10.12,7.13,8.0,2.96,12.0,1.0,0.6,0.3,-8.59,-6.62,-3.59,-5.8,8.0,2.89,12.0,1.0,0.6,0.3,-7.02,0.0,2.28,-1.28,8.0,4.25,12.0,1.0,0.6,0.3,1009.91,1011.0,1011.9,1011.05,8.0,1.5,12.0,1.0,0.6,0.3,2.0,2.0,2.0,2.5,8.0,1.4,12.0,1.0,0.6,0.3,-74.9,-63.7,-16.3,-47.7,8.0,30.8,12.0,1.0,0.6,0.3,-72.3,0.0,5.9,-17.8,8.0,39.5,12.0,1.0,0.6,0.3,-3.88,-1.1,-0.18,-1.84,5.0,1.99,6.0,1.0,0.5,0.3,-33.8,-4.5,-1.0,-14.9,5.0,17.9,6.0,1.0,0.5,0.3,3.42,3.42,3.42,3.42,1.0,0.0,2.0,1.0,1.0,0.0,8.9,8.9,8.9,8.9,1.0,0.0,2.0,1.0,1.0,0.0,-262.9,-116.0,-66.5,-150.6,5.0,110.5,6.0,1.0,0.5,0.3,0.0,0.0,72.3,29.8,5.0,41.1,6.0,1.0,0.5,0.3,-8.0,-8.0,-8.0,-8.0,1.0,0.0,2.0,1.0,1.0,0.0,45.6,45.6,45.6,45.6,1.0,0.0,2.0,1.0,1.0,0.0,-1.5,-1.5,-1.5,-1.5,1.0,0.0,2.0,1.0,1.0,0.0,8.8,8.8,8.8,8.8,1.0,0.0,2.0,1.0,1.0,0.0,72.0,557.5,1044.5,518.0,8.0,436.5,12.0,1.0,0.6,0.3,70.0,560.0,1045.0,520.0,8.0,435.0,12.0,1.0,0.6,0.3
1974,2,255.0,10.0,27.29,27.7,27.9,27.6,3.0,0.46,16.0,0.3,0.5,0.6,26.5,26.7,27.25,26.87,3.0,0.57,16.0,0.3,0.5,0.6,15.48,15.48,15.48,15.48,1.0,0.0,18.0,0.0,0.3,0.4,72.2,72.2,72.2,72.2,1.0,0.0,18.0,0.0,0.4,6.33,6.6,6.87,6.6,2.0,0.57,14.0,0.5,0.6,0.8,-6.29,-5.0,-3.7,-5.0,2.0,2.68,14.0,0.5,0.6,0.8,-4.71,-3.29,-1.87,-3.29,2.0,2.94,14.0,0.5,0.6,0.8,1010.12,1012.3,1012.91,1011.53,3.0,2.15,16.0,0.3,0.5,0.6,3.0,3.0,5.0,4.0,3.0,1.7,16.0,0.3,0.5,0.6,-43.6,-33.7,-23.8,-33.7,2.0,20.5,14.0,0.5,0.6,0.8,-29.4,-20.9,-12.4,-20.9,2.0,17.5,14.0,0.5,0.6,0.8,,,,,,,,,,,,,,,,,,,,,,,,,,,,,,,,,,,,,,,,,,,,,,,,,,,,,,,,,,,,,,,,,,,,,,,,,,,,,,,,,,,,,,,,,,,,,,,,,,,,,,,,,,,,,,,,,,,,,,,,
1974,2,255.0,11.0,27.46,27.8,28.0,27.73,3.0,0.4,14.0,1.0,0.7,0.5,27.3,27.5,28.39,27.83,3.0,0.85,14.0,1.0,0.7,0.5,16.83,17.64,18.45,17.64,2.0,1.67,20.0,1.0,0.8,0.4,72.6,74.1,75.5,74.1,2.0,3.0,20.0,1.0,0.4,5.29,5.7,7.41,6.33,3.0,1.64,14.0,1.0,0.7,0.5,-7.41,-5.7,-1.81,-4.63,3.0,4.2,14.0,1.0,0.7,0.5,-3.48,0.0,0.0,-1.7,3.0,2.94,14.0,1.0,0.7,0.5,1013.83,1013.9,1013.97,1013.9,2.0,0.14,20.0,1.0,0.8,0.4,2.0,2.0,3.4,2.7,3.0,1.2,14.0,1.0,0.7,0.5,-56.2,-32.5,-10.3,-33.2,3.0,33.6,14.0,1.0,0.7,0.5,-17.8,0.0,0.0,-8.7,3.0,15.0,14.0,1.0,0.7,0.5,-0.75,-0.2,0.55,-0.1,3.0,0.95,14.0,1.0,0.7,0.5,-6.0,-1.1,2.8,-1.6,3.0,6.4,14.0,1.0,0.7,0.5,4.81,5.38,5.96,5.38,2.0,1.19,20.0,1.0,0.8,0.4,35.8,36.4,37.0,36.4,2.0,1.2,20.0,1.0,0.8,0.4,-211.0,-156.7,-49.8,-131.0,3.0,120.2,14.0,1.0,0.7,0.5,-94.7,0.0,0.0,-46.2,3.0,80.1,14.0,1.0,0.7,0.5,-144.7,-124.1,-103.4,-124.1,2.0,42.8,20.0,1.0,0.8,0.4,0.0,0.0,0.0,0.0,2.0,0.0,20.0,1.0,0.8,0.4,-37.0,-36.4,-35.8,-36.4,2.0,1.2,20.0,1.0,0.8,0.4,0.0,0.0,0.0,0.0,2.0,0.0,20.0,1.0,0.8,0.4,149.5,185.0,435.0,289.5,3.0,228.0,14.0,1.0,0.7,0.5,150.0,185.0,435.0,290.0,3.0,230.0,14.0,1.0,0.7,0.5
1974,2,255.0,12.0,27.06,27.7,28.0,27.59,8.0,0.5,16.0,0.9,0.5,0.4,27.0,27.45,29.44,27.84,8.0,1.37,16.0,0.9,0.5,0.4,15.96,18.33,19.97,17.98,4.0,2.92,16.0,0.8,0.6,0.4,68.8,73.9,83.5,76.0,4.0,9.6,16.0,0.8,0.4,2.1,4.55,8.83,4.62,8.0,3.35,16.0,0.9,0.5,0.4,-6.82,-3.64,-1.15,-3.82,8.0,2.96,16.0,0.9,0.5,0.4,-3.83,-2.18,-0.08,-2.27,8.0,2.08,16.0,0.9,0.5,0.4,1010.53,1011.5,1015.63,1012.63,6.0,2.99,20.0,0.8,0.5,0.4,2.1,3.0,5.9,3.6,8.0,1.8,16.0,0.9,0.5,0.4,-61.4,-16.4,-2.4,-26.1,8.0,30.7,16.0,0.9,0.5,0.4,-28.5,-8.4,-0.2,-15.4,8.0,19.4,16.0,0.9,0.5,0.4,-2.28,0.35,0.99,-0.25,8.0,1.51,16.0,0.9,0.5,0.4,-5.1,0.0,7.7,0.2,8.0,6.5,16.0,0.9,0.5,0.4,3.12,4.84,6.63,4.87,4.0,2.41,16.0,0.8,0.6,0.4,4.8,13.8,22.5,13.7,4.0,11.5,16.0,0.8,0.6,0.4,-184.6,-106.2,-31.7,-106.5,8.0,80.2,16.0,0.9,0.5,0.4,-107.5,-59.9,-2.4,-62.4,8.0,56.6,16.0,0.9,0.5,0.4,-77.2,-72.0,-33.0,-55.9,4.0,37.5,16.0,0.8,0.6,0.4,-65.2,-23.0,0.0,-32.2,4.0,40.0,16.0,0.8,0.6,0.4,-20.6,-12.0,-3.1,-11.9,4.0,10.6,16.0,0.8,0.6,0.4,-10.8,-3.9,0.0,-5.3,4.0,6.6,16.0,0.8,0.6,0.4,9.5,98.5,730.0,244.5,8.0,349.5,16.0,0.9,0.5,0.4,10.0,100.0,730.0,245.0,8.0,350.0,16.0,0.9,0.5,0.4
1974,2,255.0,13.0,27.29,27.8,28.12,27.81,11.0,0.62,14.0,0.5,0.6,0.4,25.79,27.0,27.8,26.96,11.0,1.34,14.0,0.5,0.6,0.4,15.98,16.62,17.22,16.62,8.0,0.81,16.0,0.5,0.6,0.4,72.0,74.8,83.3,76.1,8.0,5.8,16.0,0.5,0.4,1.5,4.05,6.83,4.27,12.0,2.65,14.0,0.6,0.6,0.4,-6.72,-2.72,0.58,-2.79,12.0,3.47,14.0,0.6,0.6,0.4,-3.51,-0.81,1.55,-0.92,12.0,2.32,14.0,0.6,0.6,0.4,1012.0,1012.8,1015.91,1013.68,11.0,2.02,14.0,0.5,0.5,0.4,0.7,2.5,5.3,2.8,12.0,2.1,14.0,0.6,0.6,0.4,-45.9,-9.7,2.1,-18.1,12.0,25.1,14.0,0.6,0.6,0.4,-19.4,-1.3,5.3,-7.0,12.0,14.1,14.0,0.6,0.6,0.4,-0.14,1.3,2.0,0.85,11.0,1.34,14.0,0.5,0.6,0.4,-0.5,0.0,13.8,4.5,11.0,7.9,14.0,0.5,0.6,0.4,5.88,6.79,7.49,6.88,8.0,1.02,16.0,0.5,0.6,0.4,11.1,28.2,57.3,30.9,8.0,23.1,16.0,0.5,0.6,0.4,-175.4,-107.1,25.6,-80.1,11.0,94.9,14.0,0.5,0.6,0.4,-95.6,-6.8,45.6,-22.5,11.0,65.3,14.0,0.5,0.6,0.4,-109.1,-47.1,-2.6,-52.6,8.0,57.6,16.0,0.5,0.6,0.4,-60.5,-2.1,21.5,-17.4,8.0,40.9,16.0,0.5,0.6,0.4,-54.2,-16.4,-1.1,-22.1,8.0,26.7,16.0,0.5,0.6,0.4,-27.4,-0.9,7.2,-7.7,8.0,16.9,16.0,0.5,0.6,0.4,3.5,66.5,319.0,161.0,12.0,205.0,14.0,0.6,0.6,0.4,5.0,65.0,320.0,160.0,12.0,205.0,14.0,0.6,0.6,0.4
1974,2,255.0,14.0,27.65,27.9,28.62,28.09,17.0,0.69,20.0,0.7,0.6,0.4,25.0,26.2,27.29,26.42,17.0,1.34,20.0,0.7,0.6,0.4,15.46,16.37,17.34,16.43,12.0,1.32,22.0,0.7,0.5,0.4,68.8,76.9,80.6,75.9,12.0,6.0,22.0,0.7,0.4,1.73,2.85,4.72,3.22,16.0,2.02,20.0,0.7,0.6,0.4,-3.2,0.0,1.3,-0.59,16.0,2.9,20.0,0.7,0.6,0.4,-3.32,-2.12,-0.44,-1.9,16.0,1.58,20.0,0.7,0.6,0.4,1012.65,1013.85,1015.32,1014.08,16.0,1.64,20.0,0.7,0.5,0.4,0.0,1.0,6.0,2.2,17.0,2.4,20.0,0.7,0.6,0.4,-13.1,0.0,3.2,-3.3,16.0,17.4,20.0,0.7,0.6,0.4,-16.8,-5.9,-0.7,-7.6,16.0,8.2,20.0,0.7,0.6,0.4,0.36,1.3,3.05,1.68,17.0,1.68,20.0,0.7,0.6,0.4,0.2,3.1,14.1,5.0,16.0,7.7,20.0,0.7,0.6,0.4,5.98,7.29,8.86,7.32,12.0,1.82,22.0,0.7,0.5,0.4,6.2,22.0,35.0,22.2,12.0,16.1,22.0,0.7,0.5,0.4,-82.3,0.0,34.5,-15.8,16.0,75.4,20.0,0.7,0.6,0.4,-93.4,-57.4,-11.9,-51.1,16.0,42.2,20.0,0.7,0.6,0.4,-49.8,0.0,18.2,-13.3,12.0,52.9,22.0,0.7,0.5,0.4,-52.6,-33.0,-15.2,-32.8,12.0,20.6,22.0,0.7,0.5,0.4,-20.2,0.0,7.7,-3.1,12.0,22.0,22.0,0.7,0.5,0.4,-24.9,-13.1,-4.7,-14.1,12.0,9.4,22.0,0.7,0.5,0.4,5.5,23.5,108.5,73.0,16.0,110.0,20.0,0.7,0.6,0.4,5.0,25.0,110.0,75.0,16.0,110.0,20.0,0.7,0.6,0.4
1974,2,255.0,15.0,26.79,27.65,28.34,27.42,10.0,1.35,18.0,0.7,0.6,0.4,25.29,26.1,27.15,26.4,11.0,1.72,16.0,0.7,0.6,0.4,15.33,15.81,15.95,15.62,5.0,0.62,20.0,0.4,0.6,0.4,67.2,77.2,78.2,72.9,5.0,8.6,20.0,0.4,0.4,1.06,2.05,4.54,2.68,8.0,1.69,18.0,0.8,0.6,0.4,-0.98,0.88,2.45,0.72,8.0,2.1,18.0,0.8,0.6,0.4,-3.76,-1.04,-0.54,-1.73,8.0,1.62,18.0,0.8,0.6,0.4,1012.35,1014.5,1015.24,1013.99,11.0,1.67,16.0,0.7,0.6,0.4,0.0,0.0,1.8,0.7,11.0,1.4,16.0,0.7,0.6,0.4,-1.4,1.2,12.0,2.9,8.0,8.6,18.0,0.8,0.6,0.4,-16.9,-2.3,-0.8,-6.6,8.0,8.8,18.0,0.8,0.6,0.4,-1.7,1.4,2.96,0.88,10.0,2.42,18.0,0.7,0.6,0.4,-3.5,2.9,6.3,2.8,7.0,5.5,20.0,0.7,0.6,0.4,5.28,7.37,8.44,6.93,5.0,2.44,20.0,0.4,0.6,0.4,5.7,7.0,11.5,8.5,4.0,4.5,22.0,0.5,0.6,0.5,-29.6,22.4,61.6,17.4,8.0,54.8,18.0,0.8,0.6,0.4,-100.5,-27.6,-13.7,-45.2,8.0,41.5,18.0,0.8,0.6,0.4,-15.4,-4.9,14.3,-0.8,4.0,18.2,22.0,0.5,0.6,0.5,-16.7,-11.6,-5.3,-11.0,4.0,7.0,22.0,0.5,0.6,0.5,-4.8,-0.3,8.7,1.8,4.0,9.0,22.0,0.5,0.6,0.5,-6.2,-4.5,-2.4,-4.3,4.0,2.5,22.0,0.5,0.6,0.5,1.5,10.5,94.0,40.5,8.0,52.0,18.0,0.8,0.6,0.4,0.0,10.0,95.0,40.0,8.0,50.0,18.0,0.8,0.6,0.4
1974,2,255.0,16.0,23.63,26.0,26.9,25.42,5.0,1.88,12.0,0.6,0.7,0.6,23.69,26.85,28.19,26.18,6.0,2.45,14.0,0.7,0.7,0.5,13.79,14.27,15.81,14.79,5.0,1.53,12.0,0.6,0.7,0.6,63.3,78.3,79.5,72.5,5.0,9.4,12.0,0.6,0.6,2.6,2.85,4.74,3.7,6.0,1.81,14.0,0.7,0.7,0.5,-2.08,-0.63,0.46,-0.57,6.0,1.71,14.0,0.7,0.7,0.5,-3.92,-1.49,1.55,-1.36,6.0,3.76,14.0,0.7,0.7,0.5,1012.29,1012.75,1013.62,1013.08,6.0,1.53,14.0,0.7,0.7,0.5,0.0,0.5,1.4,0.8,6.0,1.2,14.0,0.7,0.7,0.5,-6.9,-2.6,1.2,-2.4,6.0,5.4,14.0,0.7,0.7,0.5,-18.2,-3.9,5.3,-8.2,6.0,22.9,14.0,0.7,0.7,0.5,-2.65,-1.0,1.46,-0.66,5.0,3.22,12.0,0.6,0.7,0.6,-8.3,-3.4,3.8,-2.5,5.0,9.3,12.0,0.6,0.7,0.6,3.54,3.65,6.08,4.76,4.0,2.32,8.0,0.5,0.7,0.7,12.7,18.1,24.2,18.4,4.0,7.0,8.0,0.5,0.7,0.7,-55.5,-15.0,12.4,-13.7,6.0,44.1,14.0,0.7,0.7,0.5,-104.0,-41.5,38.7,-34.9,6.0,95.3,14.0,0.7,0.7,0.5,-23.8,0.0,11.7,-3.9,5.0,24.4,12.0,0.6,0.7,0.6,-66.2,-18.6,33.6,-16.9,5.0,65.6,12.0,0.6,0.7,0.6,-12.8,-2.3,0.0,-6.2,4.0,9.6,8.0,0.5,0.7,0.7,-18.9,-1.8,11.2,-3.8,4.0,18.4,8.0,0.5,0.7,0.7,17.5,23.5,132.0,87.5,6.0,141.5,14.0,0.7,0.7,0.5,20.0,25.0,130.0,85.0,6.0,140.0,14.0,0.7,0.7,0.5
1974,2,255.0,17.0,24.19,24.75,25.52,24.85,4.0,0.89,14.0,0.5,0.6,0.3,23.55,24.0,24.1,23.77,6.0,0.8,12.0,0.3,0.5,0.2,11.38,12.89,14.1,12.75,4.0,1.67,14.0,0.5,0.6,0.3,60.7,70.9,80.3,70.5,4.0,11.5,14.0,0.5,0.3,0.95,4.6,6.75,4.0,5.0,3.21,12.0,0.4,0.4,0.2,0.0,1.48,3.64,2.06,5.0,2.99,12.0,0.4,0.4,0.2,-5.01,-2.63,-0.17,-2.68,5.0,2.65,12.0,0.4,0.4,0.2,1011.79,1012.5,1013.54,1012.82,6.0,1.69,12.0,0.3,0.5,0.2,0.8,1.0,3.0,2.0,6.0,2.5,12.0,0.3,0.5,0.2,0.0,2.2,24.9,13.0,5.0,24.0,12.0,0.4,0.4,0.2,-26.9,-19.9,-0.2,-15.8,5.0,16.1,12.0,0.4,0.4,0.2,0.0,1.0,2.42,1.2,4.0,1.42,14.0,0.5,0.6,0.3,0.0,0.0,0.0,0.0,3.0,0.0,12.0,0.7,0.5,0.3,6.27,6.76,7.45,6.86,4.0,0.74,14.0,0.5,0.6,0.3,15.3,48.3,52.5,34.3,3.0,29.8,12.0,0.7,0.5,0.3,0.0,35.5,88.7,50.1,5.0,73.4,12.0,0.4,0.4,0.2,-120.0,-64.5,-4.0,-64.5,5.0,63.4,12.0,0.4,0.4,0.2,0.0,0.0,59.8,29.2,3.0,50.6,12.0,0.7,0.5,0.3,-55.5,-31.9,-10.1,-32.8,3.0,33.2,12.0,0.7,0.5,0.3,0.0,0.0,35.0,17.1,3.0,29.6,12.0,0.7,0.5,0.3,-38.9,-18.6,-5.9,-22.3,3.0,24.3,12.0,0.7,0.5,0.3,2.0,97.5,318.0,159.0,5.0,192.5,12.0,0.4,0.4,0.2,0.0,95.0,320.0,160.0,5.0,190.0,12.0,0.4,0.4,0.2
1974,2,255.0,18.0,22.92,25.0,26.51,24.8,49.0,1.82,16.0,0.6,0.6,0.5,22.8,24.0,26.2,24.48,53.0,2.0,14.0,0.5,0.6,0.5,13.44,15.3,16.97,15.1,49.0,1.82,16.0,0.5,0.6,0.5,69.1,80.0,86.0,78.2,49.0,8.4,16.0,0.5,0.5,1.56,3.85,6.65,4.07,52.0,2.56,16.0,0.5,0.6,0.5,0.0,2.31,5.47,2.21,52.0,2.9,16.0,0.5,0.6,0.5,-3.98,-1.04,1.35,-1.46,52.0,2.82,16.0,0.5,0.6,0.5,1011.9,1013.5,1015.17,1013.45,53.0,1.77,14.0,0.5,0.6,0.5,0.0,1.0,4.0,2.1,52.0,2.1,14.0,0.5,0.6,0.5,0.0,7.1,35.9,13.3,52.0,21.2,16.0,0.5,0.6,0.5,-24.7,-4.1,2.3,-10.4,52.0,20.9,16.0,0.5,0.6,0.5,-1.74,0.6,2.4,0.2,49.0,2.37,16.0,0.6,0.6,0.5,-6.8,0.0,12.2,1.2,48.0,10.8,16.0,0.5,0.6,0.5,2.53,4.07,7.12,4.53,47.0,2.45,16.0,0.5,0.6,0.6,3.1,13.8,42.2,20.0,46.0,20.3,16.0,0.5,0.6,0.6,0.0,52.8,127.6,52.6,52.0,70.2,16.0,0.5,0.6,0.5,-95.0,-26.8,32.3,-33.4,52.0,67.1,16.0,0.5,0.6,0.5,0.0,34.4,71.7,30.2,48.0,43.2,16.0,0.5,0.6,0.5,-57.3,-14.1,19.1,-18.4,48.0,38.8,16.0,0.5,0.6,0.5,-0.8,7.5,31.3,12.4,46.0,17.3,16.0,0.5,0.6,0.6,-16.9,-3.2,4.2,-7.7,46.0,17.4,16.0,0.5,0.6,0.6,4.0,58.0,295.0,153.5,52.0,249.0,16.0,0.5,0.6,0.5,5.0,60.0,295.0,155.0,52.0,250.0,16.0,0.5,0.6,0.5
1974,2,255.0,19.0,22.29,24.0,26.08,24.09,15.0,1.69,12.0,0.5,0.3,0.1,21.2,22.45,25.07,22.87,16.0,2.32,12.0,0.5,0.3,0.1,12.21,13.87,14.83,13.81,16.0,1.61,12.0,0.5,0.3,0.1,73.2,81.7,87.1,79.9,16.0,9.8,12.0,0.5,0.1,2.6,4.85,7.7,4.97,16.0,2.19,12.0,0.5,0.3,0.1,0.09,3.54,6.73,3.15,16.0,3.35,12.0,0.5,0.3,0.1,-3.92,-2.02,0.0,-1.63,16.0,2.55,12.0,0.5,0.3,0.1,1011.61,1012.75,1015.12,1012.7,16.0,2.46,12.0,0.5,0.3,0.1,0.0,0.0,5.0,1.9,16.0,2.6,12.0,0.5,0.3,0.1,-0.2,15.4,51.8,20.0,16.0,25.3,12.0,0.5,0.3,0.1,-23.6,-8.4,0.0,-8.0,16.0,17.6,12.0,0.5,0.3,0.1,-1.16,2.1,3.34,1.12,15.0,2.9,12.0,0.5,0.3,0.1,-4.8,8.5,17.1,4.1,15.0,19.5,12.0,0.5,0.3,0.1,3.64,5.64,6.67,5.01,15.0,2.24,12.0,0.5,0.3,0.1,10.7,23.6,47.3,25.6,15.0,18.4,12.0,0.5,0.3,0.1,3.2,76.6,147.0,76.2,16.0,80.7,12.0,0.5,0.3,0.1,-93.0,-42.9,0.0,-35.0,16.0,61.3,12.0,0.5,0.3,0.1,1.8,44.9,92.6,44.9,16.0,48.3,12.0,0.5,0.3,0.1,-54.6,-27.5,0.0,-23.1,16.0,33.8,12.0,0.5,0.3,0.1,-4.8,12.2,42.6,15.8,15.0,21.3,12.0,0.5,0.3,0.1,-19.9,-8.5,4.2,-8.6,15.0,15.5,12.0,0.5,0.3,0.1,17.5,115.0,456.5,191.5,16.0,206.0,12.0,0.5,0.3,0.1,20.0,115.0,455.0,190.0,16.0,205.0,12.0,0.5,0.3,0.1
1974,2,256.0,-21.0,24.0,24.0,24.0,24.0,1.0,0.0,2.0,0.0,0.5,0.3,22.6,22.6,22.6,22.6,1.0,0.0,2.0,0.0,0.5,0.3,16.5,16.5,16.5,16.5,1.0,0.0,2.0,0.0,0.5,0.3,96.4,96.4,96.4,96.4,1.0,0.0,2.0,0.0,0.3,0.0,0.0,0.0,0.0,1.0,0.0,2.0,0.0,0.5,0.3,0.0,0.0,0.0,0.0,1.0,0.0,2.0,0.0,0.5,0.3,0.0,0.0,0.0,0.0,1.0,0.0,2.0,0.0,0.5,0.3,1011.1,1011.1,1011.1,1011.1,1.0,0.0,2.0,0.0,0.5,0.3,1.0,1.0,1.0,1.0,1.0,0.0,2.0,0.0,0.5,0.3,0.0,0.0,0.0,0.0,1.0,0.0,2.0,0.0,0.5,0.3,0.0,0.0,0.0,0.0,1.0,0.0,2.0,0.0,0.5,0.3,1.4,1.4,1.4,1.4,1.0,0.0,2.0,0.0,0.5,0.3,0.0,0.0,0.0,0.0,1.0,0.0,2.0,0.0,0.5,0.3,2.15,2.15,2.15,2.15,1.0,0.0,2.0,0.0,0.5,0.3,0.0,0.0,0.0,0.0,1.0,0.0,2.0,0.0,0.5,0.3,0.0,0.0,0.0,0.0,1.0,0.0,2.0,0.0,0.5,0.3,0.0,0.0,0.0,0.0,1.0,0.0,2.0,0.0,0.5,0.3,0.0,0.0,0.0,0.0,1.0,0.0,2.0,0.0,0.5,0.3,0.0,0.0,0.0,0.0,1.0,0.0,2.0,0.0,0.5,0.3,0.0,0.0,0.0,0.0,1.0,0.0,2.0,0.0,0.5,0.3,0.0,0.0,0.0,0.0,1.0,0.0,2.0,0.0,0.5,0.3,0.0,0.0,0.0,0.0,1.0,0.0,2.0,0.0,0.5,0.3,0.0,0.0,0.0,0.0,1.0,0.0,2.0,0.0,0.5,0.3
1974,2,256.0,-18.0,23.16,23.3,23.44,23.3,2.0,0.28,20.0,1.0,0.1,0.6,23.09,23.5,23.91,23.5,2.0,0.85,20.0,1.0,0.1,0.6,11.71,11.71,11.71,11.71,1.0,0.0,26.0,1.0,0.2,0.7,67.6,67.6,67.6,67.6,1.0,0.0,26.0,1.0,0.7,7.03,7.1,7.17,7.1,2.0,0.14,20.0,1.0,0.1,0.6,-6.87,-6.83,-6.79,-6.83,2.0,0.09,20.0,1.0,0.1,0.6,1.41,1.84,2.26,1.84,2.0,0.88,20.0,1.0,0.1,0.6,1014.44,1014.75,1015.06,1014.75,2.0,0.64,20.0,1.0,0.1,0.6,3.5,4.5,5.5,4.5,2.0,2.1,20.0,1.0,0.1,0.6,-48.6,-48.5,-48.3,-48.5,2.0,0.3,20.0,1.0,0.1,0.6,10.0,13.1,16.3,13.1,2.0,6.5,20.0,1.0,0.1,0.6,-0.47,-0.2,0.07,-0.2,2.0,0.57,20.0,1.0,0.1,0.6,-3.3,-1.4,0.5,-1.4,2.0,4.0,20.0,1.0,0.1,0.6,5.88,5.88,5.88,5.88,1.0,0.0,26.0,1.0,0.2,0.7,42.4,42.4,42.4,42.4,1.0,0.0,26.0,1.0,0.2,0.7,-164.4,-160.5,-156.7,-160.5,2.0,7.9,20.0,1.0,0.1,0.6,33.6,42.8,52.1,42.8,2.0,19.2,20.0,1.0,0.1,0.6,-79.2,-79.2,-79.2,-79.2,1.0,0.0,26.0,1.0,0.2,0.7,28.8,28.8,28.8,28.8,1.0,0.0,26.0,1.0,0.2,0.7,-39.8,-39.8,-39.8,-39.8,1.0,0.0,26.0,1.0,0.2,0.7,14.5,14.5,14.5,14.5,1.0,0.0,26.0,1.0,0.2,0.7,348.0,358.0,368.5,358.0,2.0,21.5,20.0,1.0,0.1,0.6,350.0,360.0,370.0,360.0,2.0,20.0,20.0,1.0,0.1,0.6
1974,2,256.0,-17.0,22.9,22.9,22.9,22.9,1.0,0.0,26.0,1.0,0.3,0.6,24.5,24.5,24.5,24.5,1.0,0.0,26.0,1.0,0.3,0.6,15.19,15.19,15.19,15.19,1.0,0.0,26.0,1.0,0.3,0.6,79.4,79.4,79.4,79.4,1.0,0.0,26.0,1.0,0.6,5.7,5.7,5.7,5.7,1.0,0.0,26.0,1.0,0.3,0.6,-4.94,-4.94,-4.94,-4.94,1.0,0.0,26.0,1.0,0.3,0.6,2.85,2.85,2.85,2.85,1.0,0.0,26.0,1.0,0.3,0.6,1013.3,1013.3,1013.3,1013.3,1.0,0.0,26.0,1.0,0.3,0.6,1.0,1.0,1.0,1.0,1.0,0.0,26.0,1.0,0.3,0.6,-28.1,-28.1,-28.1,-28.1,1.0,0.0,26.0,1.0,0.3,0.6,16.2,16.2,16.2,16.2,1.0,0.0,26.0,1.0,0.3,0.6,-1.6,-1.6,-1.6,-1.6,1.0,0.0,26.0,1.0,0.3,0.6,-9.1,-9.1,-9.1,-9.1,1.0,0.0,26.0,1.0,0.3,0.6,2.21,2.21,2.21,2.21,1.0,0.0,26.0,1.0,0.3,0.6,12.6,12.6,12.6,12.6,1.0,0.0,26.0,1.0,0.3,0.6,-120.9,-120.9,-120.9,-120.9,1.0,0.0,26.0,1.0,0.3,0.6,69.8,69.8,69.8,69.8,1.0,0.0,26.0,1.0,0.3,0.6,-75.0,-75.0,-75.0,-75.0,1.0,0.0,26.0,1.0,0.3,0.6,43.3,43.3,43.3,43.3,1.0,0.0,26.0,1.0,0.3,0.6,-10.9,-10.9,-10.9,-10.9,1.0,0.0,26.0,1.0,0.3,0.6,6.3,6.3,6.3,6.3,1.0,0.0,26.0,1.0,0.3,0.6,185.0,185.0,185.0,185.0,1.0,0.0,26.0,1.0,0.3,0.6,185.0,185.0,185.0,185.0,1.0,0.0,26.0,1.0,0.3,0.6
1974,2,256.0,-16.0,22.5,22.5,22.5,22.5,1.0,0.0,4.0,1.0,0.5,0.5,23.2,23.2,23.2,23.2,1.0,0.0,4.0,1.0,0.5,0.5,16.65,16.65,16.65,16.65,1.0,0.0,4.0,1.0,0.5,0.5,94.1,94.1,94.1,94.1,1.0,0.0,4.0,1.0,0.5,10.3,10.3,10.3,10.3,1.0,0.0,4.0,1.0,0.5,0.5,-10.3,-10.3,-10.3,-10.3,1.0,0.0,4.0,1.0,0.5,0.5,0.0,0.0,0.0,0.0,1.0,0.0,4.0,1.0,0.5,0.5,1014.5,1014.5,1014.5,1014.5,1.0,0.0,4.0,1.0,0.5,0.5,8.0,8.0,8.0,8.0,1.0,0.0,4.0,1.0,0.5,0.5,-106.1,-106.1,-106.1,-106.1,1.0,0.0,4.0,1.0,0.5,0.5,0.0,0.0,0.0,0.0,1.0,0.0,4.0,1.0,0.5,0.5,-0.7,-0.7,-0.7,-0.7,1.0,0.0,4.0,1.0,0.5,0.5,-7.2,-7.2,-7.2,-7.2,1.0,0.0,4.0,1.0,0.5,0.5,0.31,0.31,0.31,0.31,1.0,0.0,4.0,1.0,0.5,0.5,3.2,3.2,3.2,3.2,1.0,0.0,4.0,1.0,0.5,0.5,-239.0,-239.0,-239.0,-239.0,1.0,0.0,4.0,1.0,0.5,0.5,0.0,0.0,0.0,0.0,1.0,0.0,4.0,1.0,0.5,0.5,-171.5,-171.5,-171.5,-171.5,1.0,0.0,4.0,1.0,0.5,0.5,0.0,0.0,0.0,0.0,1.0,0.0,4.0,1.0,0.5,0.5,-3.2,-3.2,-3.2,-3.2,1.0,0.0,4.0,1.0,0.5,0.5,0.0,0.0,0.0,0.0,1.0,0.0,4.0,1.0,0.5,0.5,1092.5,1092.5,1092.5,1092.5,1.0,0.0,4.0,1.0,0.5,0.5,1095.0,1095.0,1095.0,1095.0,1.0,0.0,4.0,1.0,0.5,0.5
1974,2,256.0,-14.0,23.3,23.3,23.3,23.3,1.0,0.0,10.0,0.0,0.5,0.3,21.2,21.2,21.2,21.2,1.0,0.0,10.0,0.0,0.5,0.3,12.57,12.57,12.57,12.57,1.0,0.0,10.0,0.0,0.5,0.3,80.4,80.4,80.4,80.4,1.0,0.0,10.0,0.0,0.3,6.2,6.2,6.2,6.2,1.0,0.0,10.0,0.0,0.5,0.3,-3.99,-3.99,-3.99,-3.99,1.0,0.0,10.0,0.0,0.5,0.3,4.75,4.75,4.75,4.75,1.0,0.0,10.0,0.0,0.5,0.3,1013.9,1013.9,1013.9,1013.9,1.0,0.0,10.0,0.0,0.5,0.3,4.0,4.0,4.0,4.0,1.0,0.0,10.0,0.0,0.5,0.3,-24.7,-24.7,-24.7,-24.7,1.0,0.0,10.0,0.0,0.5,0.3,29.4,29.4,29.4,29.4,1.0,0.0,10.0,0.0,0.5,0.3,2.1,2.1,2.1,2.1,1.0,0.0,10.0,0.0,0.5,0.3,13.0,13.0,13.0,13.0,1.0,0.0,10.0,0.0,0.5,0.3,5.25,5.25,5.25,5.25,1.0,0.0,10.0,0.0,0.5,0.3,32.5,32.5,32.5,32.5,1.0,0.0,10.0,0.0,0.5,0.3,-84.5,-84.5,-84.5,-84.5,1.0,0.0,10.0,0.0,0.5,0.3,100.7,100.7,100.7,100.7,1.0,0.0,10.0,0.0,0.5,0.3,-50.1,-50.1,-50.1,-50.1,1.0,0.0,10.0,0.0,0.5,0.3,59.7,59.7,59.7,59.7,1.0,0.0,10.0,0.0,0.5,0.3,-20.9,-20.9,-20.9,-20.9,1.0,0.0,10.0,0.0,0.5,0.3,24.9,24.9,24.9,24.9,1.0,0.0,10.0,0.0,0.5,0.3,238.5,238.5,238.5,238.5,1.0,0.0,10.0,0.0,0.5,0.3,240.0,240.0,240.0,240.0,1.0,0.0,10.0,0.0,0.5,0.3
1974,2,256.0,-13.0,,,,,,,,,,,,,,,,,,,,,,,,,,,,,,,,,,,,,,,,10.0,10.0,10.0,10.0,1.0,0.0,22.0,0.0,0.4,1.0,-7.66,-7.66,-7.66,-7.66,1.0,0.0,22.0,0.0,0.4,1.0,6.43,6.43,6.43,6.43,1.0,0.0,22.0,0.0,0.4,1.0,1016.3,1016.3,1016.3,1016.3,1.0,0.0,22.0,0.0,0.4,1.0,,,,,,,,,,,,,,,,,,,,,,,,,,,,,,,,,,,,,,,,,,,,,,,,,,,,,,,,,,,,,,,,,,,,,,,,,,,,,,,,,,,,,,,,,,,,,,,,,,,,,,,,,,,,,,,,,,,,,,,,,,,,,,,,,,,,,,,,,,,,,,,,,,,,,,
1974,2,256.0,-12.0,24.32,25.0,25.34,24.83,3.0,0.76,10.0,0.0,0.6,0.8,23.14,23.65,24.0,23.58,4.0,0.51,14.0,0.0,0.5,0.7,14.33,14.65,15.64,14.98,3.0,1.0,10.0,0.0,0.6,0.8,78.7,83.7,88.1,83.4,3.0,6.9,10.0,0.0,0.8,2.6,3.85,6.46,4.5,4.0,2.44,14.0,0.0,0.5,0.7,-4.95,-2.6,-1.3,-3.1,4.0,2.23,14.0,0.0,0.5,0.7,2.25,2.76,4.15,3.18,4.0,1.27,14.0,0.0,0.5,0.7,1011.44,1011.85,1012.52,1011.98,4.0,0.76,14.0,0.0,0.5,0.7,6.5,7.5,8.0,7.3,4.0,1.0,14.0,0.0,0.5,0.7,-33.3,-11.7,-3.4,-18.0,4.0,19.9,14.0,0.0,0.5,0.7,5.9,11.3,27.9,16.6,4.0,15.2,14.0,0.0,0.5,0.7,0.8,1.0,2.02,1.4,3.0,0.96,10.0,0.0,0.6,0.8,2.9,3.6,5.6,4.2,3.0,2.0,10.0,0.0,0.6,0.8,3.52,5.59,5.7,4.63,3.0,1.8,10.0,0.0,0.6,0.8,13.5,14.5,14.8,14.2,3.0,1.0,10.0,0.0,0.6,0.8,-117.5,-61.1,-30.5,-73.4,4.0,53.6,14.0,0.0,0.5,0.7,52.9,65.2,98.6,75.2,4.0,31.1,14.0,0.0,0.5,0.7,-49.0,-19.0,-18.6,-33.5,3.0,25.5,10.0,0.0,0.6,0.8,32.3,33.0,46.5,39.2,3.0,11.7,10.0,0.0,0.6,0.8,-9.2,-7.5,-7.3,-8.2,3.0,1.5,10.0,0.0,0.6,0.8,9.7,12.6,12.8,11.3,3.0,2.6,10.0,0.0,0.6,0.8,17.5,75.0,302.5,156.0,4.0,207.5,14.0,0.0,0.5,0.7,20.0,75.0,300.0,155.0,4.0,210.0,14.0,0.0,0.5,0.7
1974,2,256.0,-11.0,26.7,26.7,26.7,26.7,1.0,0.0,28.0,0.0,0.1,0.2,22.2,22.2,22.2,22.2,1.0,0.0,28.0,0.0,0.1,0.2,13.69,13.69,13.69,13.69,1.0,0.0,28.0,0.0,0.1,0.2,82.1,82.1,82.1,82.1,1.0,0.0,28.0,0.0,0.2,7.7,7.7,7.7,7.7,1.0,0.0,28.0,0.0,0.1,0.2,0.0,0.0,0.0,0.0,1.0,0.0,28.0,0.0,0.1,0.2,7.7,7.7,7.7,7.7,1.0,0.0,28.0,0.0,0.1,0.2,1011.0,1011.0,1011.0,1011.0,1.0,0.0,28.0,0.0,0.1,0.2,6.0,6.0,6.0,6.0,1.0,0.0,28.0,0.0,0.1,0.2,0.0,0.0,0.0,0.0,1.0,0.0,28.0,0.0,0.1,0.2,59.3,59.3,59.3,59.3,1.0,0.0,28.0,0.0,0.1,0.2,4.5,4.5,4.5,4.5,1.0,0.0,28.0,0.0,0.1,0.2,34.7,34.7,34.7,34.7,1.0,0.0,28.0,0.0,0.1,0.2,8.26,8.26,8.26,8.26,1.0,0.0,28.0,0.0,0.1,0.2,63.6,63.6,63.6,63.6,1.0,0.0,28.0,0.0,0.1,0.2,0.0,0.0,0.0,0.0,1.0,0.0,28.0,0.0,0.1,0.2,170.9,170.9,170.9,170.9,1.0,0.0,28.0,0.0,0.1,0.2,0.0,0.0,0.0,0.0,1.0,0.0,28.0,0.0,0.1,0.2,105.4,105.4,105.4,105.4,1.0,0.0,28.0,0.0,0.1,0.2,0.0,0.0,0.0,0.0,1.0,0.0,28.0,0.0,0.1,0.2,63.6,63.6,63.6,63.6,1.0,0.0,28.0,0.0,0.1,0.2,456.5,456.5,456.5,456.5,1.0,0.0,28.0,0.0,0.1,0.2,455.0,455.0,455.0,455.0,1.0,0.0,28.0,0.0,0.1,0.2
1974,2,256.0,-10.0,24.83,24.9,25.04,24.93,3.0,0.15,16.0,0.7,0.7,0.9,24.56,24.9,24.97,24.77,3.0,0.32,16.0,0.7,0.7,0.9,14.18,14.55,14.69,14.44,3.0,0.38,16.0,0.7,0.7,0.9,73.9,74.2,74.5,74.2,3.0,0.5,16.0,0.7,0.9,6.63,8.0,8.68,7.67,3.0,1.53,16.0,0.7,0.7,0.9,-8.16,-7.52,-6.23,-7.2,3.0,1.44,16.0,0.7,0.7,0.9,-0.53,2.74,2.97,1.25,3.0,2.87,16.0,0.7,0.7,0.9,1011.65,1012.4,1012.67,1012.17,3.0,0.78,16.0,0.7,0.7,0.9,6.3,7.0,7.0,6.7,3.0,0.6,16.0,0.7,0.7,0.9,-71.0,-60.1,-42.2,-56.7,3.0,21.4,16.0,0.7,0.7,0.9,-1.5,21.9,25.9,12.4,3.0,21.6,16.0,0.7,0.7,0.9,-0.04,0.1,0.37,0.17,3.0,0.31,16.0,0.7,0.7,0.9,-0.3,0.9,2.3,1.0,3.0,1.9,16.0,0.7,0.7,0.9,5.05,5.18,5.5,5.28,3.0,0.34,16.0,0.7,0.7,0.9,35.8,40.0,44.5,40.2,3.0,6.3,16.0,0.7,0.7,0.9,-203.7,-187.2,-153.3,-178.7,3.0,37.6,16.0,0.7,0.7,0.9,-12.6,68.1,74.2,31.7,3.0,70.9,16.0,0.7,0.7,0.9,-119.9,-109.4,-88.6,-104.4,3.0,23.3,16.0,0.7,0.7,0.9,-7.0,39.8,43.6,18.8,3.0,41.3,16.0,0.7,0.7,0.9,-41.8,-37.6,-33.7,-37.7,3.0,6.0,16.0,0.7,0.7,0.9,-3.6,13.7,15.2,6.0,3.0,15.3,16.0,0.7,0.7,0.9,310.0,512.0,660.0,485.5,3.0,257.5,16.0,0.7,0.7,0.9,310.0,510.0,660.0,485.0,3.0,260.0,16.0,0.7,0.7,0.9
1974,2,256.0,-7.0,25.5,25.5,25.5,25.5,1.0,0.0,24.0,1.0,0.1,0.8,25.0,25.0,25.0,25.0,1.0,0.0,24.0,1.0,0.1,0.8,16.53,16.53,16.53,16.53,1.0,0.0,24.0,1.0,0.1,0.8,83.4,83.4,83.4,83.4,1.0,0.0,24.0,1.0,0.8,8.0,8.0,8.0,8.0,1.0,0.0,24.0,1.0,0.1,0.8,-5.14,-5.14,-5.14,-5.14,1.0,0.0,24.0,1.0,0.1,0.8,6.13,6.13,6.13,6.13,1.0,0.0,24.0,1.0,0.1,0.8,1009.0,1009.0,1009.0,1009.0,1.0,0.0,24.0,1.0,0.1,0.8,8.0,8.0,8.0,8.0,1.0,0.0,24.0,1.0,0.1,0.8,-41.1,-41.1,-41.1,-41.1,1.0,0.0,24.0,1.0,0.1,0.8,49.0,49.0,49.0,49.0,1.0,0.0,24.0,1.0,0.1,0.8,0.5,0.5,0.5,0.5,1.0,0.0,24.0,1.0,0.1,0.8,4.0,4.0,4.0,4.0,1.0,0.0,24.0,1.0,0.1,0.8,3.93,3.93,3.93,3.93,1.0,0.0,24.0,1.0,0.1,0.8,31.4,31.4,31.4,31.4,1.0,0.0,24.0,1.0,0.1,0.8,-128.6,-128.6,-128.6,-128.6,1.0,0.0,24.0,1.0,0.1,0.8,153.2,153.2,153.2,153.2,1.0,0.0,24.0,1.0,0.1,0.8,-85.0,-85.0,-85.0,-85.0,1.0,0.0,24.0,1.0,0.1,0.8,101.3,101.3,101.3,101.3,1.0,0.0,24.0,1.0,0.1,0.8,-20.2,-20.2,-20.2,-20.2,1.0,0.0,24.0,1.0,0.1,0.8,24.1,24.1,24.1,24.1,1.0,0.0,24.0,1.0,0.1,0.8,512.0,512.0,512.0,512.0,1.0,0.0,24.0,1.0,0.1,0.8,510.0,510.0,510.0,510.0,1.0,0.0,24.0,1.0,0.1,0.8
1974,2,256.0,-5.0,25.0,25.25,25.76,25.38,4.0,0.48,22.0,1.0,0.9,0.5,25.0,25.15,25.93,25.45,4.0,0.71,22.0,1.0,0.9,0.5,16.61,17.68,18.52,17.56,3.0,1.4,20.0,1.0,0.9,0.4,79.2,89.2,92.2,85.8,3.0,10.0,20.0,1.0,0.4,2.5,3.85,5.46,3.98,4.0,2.14,22.0,1.0,0.9,0.5,-3.46,-2.29,-1.09,-2.27,4.0,1.37,22.0,1.0,0.9,0.5,0.37,2.72,4.65,2.52,4.0,2.9,22.0,1.0,0.9,0.5,1009.6,1009.85,1011.57,1010.55,4.0,1.65,22.0,1.0,0.9,0.5,2.9,6.5,8.0,5.5,4.0,3.3,22.0,1.0,0.9,0.5,-18.7,-9.5,-2.9,-10.7,4.0,9.6,22.0,1.0,0.9,0.5,3.1,10.3,26.2,14.4,4.0,17.3,22.0,1.0,0.9,0.5,-0.67,-0.15,0.52,-0.07,4.0,0.83,22.0,1.0,0.9,0.5,-2.8,-1.0,0.8,-1.0,4.0,2.2,22.0,1.0,0.9,0.5,1.33,2.17,3.64,2.48,3.0,1.72,20.0,1.0,0.9,0.4,7.1,8.9,13.5,10.3,3.0,4.8,20.0,1.0,0.9,0.4,-86.9,-58.7,-28.2,-57.6,4.0,33.9,22.0,1.0,0.9,0.5,9.4,70.4,119.6,64.7,4.0,73.6,22.0,1.0,0.9,0.5,-63.2,-62.8,-33.5,-48.6,3.0,24.9,20.0,1.0,0.9,0.4,42.0,54.5,92.2,66.8,3.0,38.2,20.0,1.0,0.9,0.4,-6.9,-5.3,-3.8,-5.4,3.0,2.3,20.0,1.0,0.9,0.4,4.8,5.4,11.7,8.2,3.0,5.6,20.0,1.0,0.9,0.4,24.0,58.0,190.5,105.0,4.0,133.5,22.0,1.0,0.9,0.5,25.0,60.0,190.0,105.0,4.0,135.0,22.0,1.0,0.9,0.5
1974,2,256.0,-4.0,24.4,24.4,24.4,24.4,1.0,0.0,28.0,0.0,0.8,0.5,23.4,23.4,23.4,23.4,1.0,0.0,28.0,0.0,0.8,0.5,17.67,17.67,17.67,17.67,1.0,0.0,28.0,0.0,0.8,0.5,98.2,98.2,98.2,98.2,1.0,0.0,28.0,0.0,0.5,4.1,4.1,4.1,4.1,1.0,0.0,28.0,0.0,0.8,0.5,-3.55,-3.55,-3.55,-3.55,1.0,0.0,28.0,0.0,0.8,0.5,-2.05,-2.05,-2.05,-2.05,1.0,0.0,28.0,0.0,0.8,0.5,1010.0,1010.0,1010.0,1010.0,1.0,0.0,28.0,0.0,0.8,0.5,8.0,8.0,8.0,8.0,1.0,0.0,28.0,0.0,0.8,0.5,-14.6,-14.6,-14.6,-14.6,1.0,0.0,28.0,0.0,0.8,0.5,-8.4,-8.4,-8.4,-8.4,1.0,0.0,28.0,0.0,0.8,0.5,1.0,1.0,1.0,1.0,1.0,0.0,28.0,0.0,0.8,0.5,4.1,4.1,4.1,4.1,1.0,0.0,28.0,0.0,0.8,0.5,1.46,1.46,1.46,1.46,1.0,0.0,28.0,0.0,0.8,0.5,6.0,6.0,6.0,6.0,1.0,0.0,28.0,0.0,0.8,0.5,-83.1,-83.1,-83.1,-83.1,1.0,0.0,28.0,0.0,0.8,0.5,-48.0,-48.0,-48.0,-48.0,1.0,0.0,28.0,0.0,0.8,0.5,-62.7,-62.7,-62.7,-62.7,1.0,0.0,28.0,0.0,0.8,0.5,-36.2,-36.2,-36.2,-36.2,1.0,0.0,28.0,0.0,0.8,0.5,-5.2,-5.2,-5.2,-5.2,1.0,0.0,28.0,0.0,0.8,0.5,-3.0,-3.0,-3.0,-3.0,1.0,0.0,28.0,0.0,0.8,0.5,69.0,69.0,69.0,69.0,1.0,0.0,28.0,0.0,0.8,0.5,70.0,70.0,70.0,70.0,1.0,0.0,28.0,0.0,0.8,0.5
1974,2,256.0,-3.0,24.0,24.0,24.0,24.0,1.0,0.0,2.0,0.0,0.5,0.3,22.6,22.6,22.6,22.6,1.0,0.0,2.0,0.0,0.5,0.3,15.7,15.7,15.7,15.7,1.0,0.0,2.0,0.0,0.5,0.3,91.8,91.8,91.8,91.8,1.0,0.0,2.0,0.0,0.3,0.0,0.0,0.0,0.0,1.0,0.0,2.0,0.0,0.5,0.3,0.0,0.0,0.0,0.0,1.0,0.0,2.0,0.0,0.5,0.3,0.0,0.0,0.0,0.0,1.0,0.0,2.0,0.0,0.5,0.3,1011.1,1011.1,1011.1,1011.1,1.0,0.0,2.0,0.0,0.5,0.3,1.0,1.0,1.0,1.0,1.0,0.0,2.0,0.0,0.5,0.3,0.0,0.0,0.0,0.0,1.0,0.0,2.0,0.0,0.5,0.3,0.0,0.0,0.0,0.0,1.0,0.0,2.0,0.0,0.5,0.3,1.4,1.4,1.4,1.4,1.0,0.0,2.0,0.0,0.5,0.3,0.0,0.0,0.0,0.0,1.0,0.0,2.0,0.0,0.5,0.3,2.95,2.95,2.95,2.95,1.0,0.0,2.0,0.0,0.5,0.3,0.0,0.0,0.0,0.0,1.0,0.0,2.0,0.0,0.5,0.3,0.0,0.0,0.0,0.0,1.0,0.0,2.0,0.0,0.5,0.3,0.0,0.0,0.0,0.0,1.0,0.0,2.0,0.0,0.5,0.3,0.0,0.0,0.0,0.0,1.0,0.0,2.0,0.0,0.5,0.3,0.0,0.0,0.0,0.0,1.0,0.0,2.0,0.0,0.5,0.3,0.0,0.0,0.0,0.0,1.0,0.0,2.0,0.0,0.5,0.3,0.0,0.0,0.0,0.0,1.0,0.0,2.0,0.0,0.5,0.3,0.0,0.0,0.0,0.0,1.0,0.0,2.0,0.0,0.5,0.3,0.0,0.0,0.0,0.0,1.0,0.0,2.0,0.0,0.5,0.3
1974,2,256.0,-2.0,24.6,24.6,24.6,24.6,1.0,0.0,14.0,1.0,0.4,0.3,24.0,24.0,24.0,24.0,1.0,0.0,14.0,1.0,0.4,0.3,16.63,16.63,16.63,16.63,1.0,0.0,14.0,1.0,0.4,0.3,89.1,89.1,89.1,89.1,1.0,0.0,14.0,1.0,0.3,8.2,8.2,8.2,8.2,1.0,0.0,14.0,1.0,0.4,0.3,-6.28,-6.28,-6.28,-6.28,1.0,0.0,14.0,1.0,0.4,0.3,5.27,5.27,5.27,5.27,1.0,0.0,14.0,1.0,0.4,0.3,1009.4,1009.4,1009.4,1009.4,1.0,0.0,14.0,1.0,0.4,0.3,8.0,8.0,8.0,8.0,1.0,0.0,14.0,1.0,0.4,0.3,-51.5,-51.5,-51.5,-51.5,1.0,0.0,14.0,1.0,0.4,0.3,43.2,43.2,43.2,43.2,1.0,0.0,14.0,1.0,0.4,0.3,0.6,0.6,0.6,0.6,1.0,0.0,14.0,1.0,0.4,0.3,4.9,4.9,4.9,4.9,1.0,0.0,14.0,1.0,0.4,0.3,2.74,2.74,2.74,2.74,1.0,0.0,14.0,1.0,0.4,0.3,22.5,22.5,22.5,22.5,1.0,0.0,14.0,1.0,0.4,0.3,-150.8,-150.8,-150.8,-150.8,1.0,0.0,14.0,1.0,0.4,0.3,126.5,126.5,126.5,126.5,1.0,0.0,14.0,1.0,0.4,0.3,-104.4,-104.4,-104.4,-104.4,1.0,0.0,14.0,1.0,0.4,0.3,87.6,87.6,87.6,87.6,1.0,0.0,14.0,1.0,0.4,0.3,-17.2,-17.2,-17.2,-17.2,1.0,0.0,14.0,1.0,0.4,0.3,14.5,14.5,14.5,14.5,1.0,0.0,14.0,1.0,0.4,0.3,551.5,551.5,551.5,551.5,1.0,0.0,14.0,1.0,0.4,0.3,550.0,550.0,550.0,550.0,1.0,0.0,14.0,1.0,0.4,0.3
1974,2,256.0,-1.0,26.2,26.4,26.5,26.35,4.0,0.19,20.0,0.3,0.6,0.4,24.23,25.15,25.91,25.08,4.0,1.05,20.0,0.3,0.6,0.4,17.04,17.57,17.76,17.41,4.0,0.53,20.0,0.3,0.6,0.4,82.0,86.4,93.6,87.7,4.0,7.2,20.0,0.3,0.4,0.48,2.05,3.89,2.18,4.0,2.07,20.0,0.3,0.6,0.4,-1.55,0.0,0.26,-0.61,4.0,1.58,20.0,0.3,0.6,0.4,-0.45,1.55,3.32,1.44,4.0,2.2,20.0,0.3,0.6,0.4,1008.53,1009.8,1011.64,1010.08,4.0,1.93,20.0,0.3,0.6,0.4,0.0,3.0,7.0,3.5,4.0,4.1,20.0,0.3,0.6,0.4,-7.1,0.0,0.3,-3.3,4.0,6.9,20.0,0.3,0.6,0.4,-0.5,4.8,13.1,6.2,4.0,8.2,20.0,0.3,0.6,0.4,0.48,1.35,2.06,1.28,4.0,0.97,20.0,0.3,0.6,0.4,0.1,0.6,6.0,2.9,4.0,5.1,20.0,0.3,0.6,0.4,3.52,4.02,4.7,4.11,4.0,0.77,20.0,0.3,0.6,0.4,2.4,8.4,13.5,8.0,4.0,6.8,20.0,0.3,0.6,0.4,-36.9,0.0,6.7,-14.4,4.0,37.8,20.0,0.3,0.6,0.4,-11.6,40.6,82.6,35.7,4.0,54.8,20.0,0.3,0.6,0.4,-27.6,0.0,4.4,-11.1,4.0,28.0,20.0,0.3,0.6,0.4,-7.5,27.4,59.0,25.8,4.0,38.7,20.0,0.3,0.6,0.4,-5.1,0.0,1.3,-1.8,4.0,5.4,20.0,0.3,0.6,0.4,-2.3,5.8,11.7,4.7,4.0,8.2,20.0,0.3,0.6,0.4,0.5,15.5,65.0,32.0,4.0,45.5,20.0,0.3,0.6,0.4,0.0,15.0,65.0,30.0,4.0,45.0,20.0,0.3,0.6,0.4
1974,2,256.0,0.0,25.32,26.0,26.68,26.0,2.0,1.41,14.0,1.0,0.4,0.5,27.31,27.75,28.19,27.75,2.0,0.92,14.0,1.0,0.4,0.5,19.48,20.1,20.72,20.1,2.0,1.29,14.0,1.0,0.4,0.5,85.9,86.3,86.7,86.3,2.0,0.8,14.0,1.0,0.5,2.68,2.85,3.02,2.85,2.0,0.35,14.0,1.0,0.4,0.5,-1.75,-1.22,-0.7,-1.22,2.0,1.09,14.0,1.0,0.4,0.5,2.4,2.47,2.53,2.47,2.0,0.13,14.0,1.0,0.4,0.5,1012.83,1012.9,1012.97,1012.9,2.0,0.14,14.0,1.0,0.4,0.5,2.0,2.0,2.0,2.0,2.0,0.0,14.0,1.0,0.4,0.5,-5.4,-3.7,-2.0,-3.7,2.0,3.5,14.0,1.0,0.4,0.5,6.8,7.0,7.2,7.0,2.0,0.5,14.0,1.0,0.4,0.5,-2.88,-1.75,-0.62,-1.75,2.0,2.33,14.0,1.0,0.4,0.5,-7.5,-4.6,-1.7,-4.6,2.0,6.0,14.0,1.0,0.4,0.5,-0.54,0.94,2.42,0.94,2.0,3.07,14.0,1.0,0.4,0.5,-1.2,3.2,7.6,3.2,2.0,9.1,14.0,1.0,0.4,0.5,-47.5,-33.4,-19.4,-33.4,2.0,29.1,14.0,1.0,0.4,0.5,65.7,68.5,71.4,68.5,2.0,5.9,14.0,1.0,0.4,0.5,-33.7,-23.9,-14.0,-23.9,2.0,20.3,14.0,1.0,0.4,0.5,46.9,49.7,52.5,49.7,2.0,5.8,14.0,1.0,0.4,0.5,-5.1,-2.8,-0.5,-2.8,2.0,4.8,14.0,1.0,0.4,0.5,-1.5,2.1,5.7,2.1,2.0,7.4,14.0,1.0,0.4,0.5,19.5,23.5,28.0,23.5,2.0,8.5,14.0,1.0,0.4,0.5,20.0,25.0,30.0,25.0,2.0,10.0,14.0,1.0,0.4,0.5
1974,2,256.0,1.0,24.4,24.4,24.4,24.4,1.0,0.0,8.0,1.0,0.6,0.5,25.6,25.6,25.6,25.6,1.0,0.0,8.0,1.0,0.6,0.5,16.07,16.07,16.07,16.07,1.0,0.0,8.0,1.0,0.6,0.5,78.6,78.6,78.6,78.6,1.0,0.0,8.0,1.0,0.5,4.1,4.1,4.1,4.1,1.0,0.0,8.0,1.0,0.6,0.5,3.55,3.55,3.55,3.55,1.0,0.0,8.0,1.0,0.6,0.5,2.05,2.05,2.05,2.05,1.0,0.0,8.0,1.0,0.6,0.5,1012.6,1012.6,1012.6,1012.6,1.0,0.0,8.0,1.0,0.6,0.5,6.0,6.0,6.0,6.0,1.0,0.0,8.0,1.0,0.6,0.5,14.6,14.6,14.6,14.6,1.0,0.0,8.0,1.0,0.6,0.5,8.4,8.4,8.4,8.4,1.0,0.0,8.0,1.0,0.6,0.5,-1.2,-1.2,-1.2,-1.2,1.0,0.0,8.0,1.0,0.6,0.5,-4.9,-4.9,-4.9,-4.9,1.0,0.0,8.0,1.0,0.6,0.5,3.01,3.01,3.01,3.01,1.0,0.0,8.0,1.0,0.6,0.5,12.3,12.3,12.3,12.3,1.0,0.0,8.0,1.0,0.6,0.5,90.9,90.9,90.9,90.9,1.0,0.0,8.0,1.0,0.6,0.5,52.5,52.5,52.5,52.5,1.0,0.0,8.0,1.0,0.6,0.5,57.1,57.1,57.1,57.1,1.0,0.0,8.0,1.0,0.6,0.5,32.9,32.9,32.9,32.9,1.0,0.0,8.0,1.0,0.6,0.5,10.7,10.7,10.7,10.7,1.0,0.0,8.0,1.0,0.6,0.5,6.2,6.2,6.2,6.2,1.0,0.0,8.0,1.0,0.6,0.5,69.0,69.0,69.0,69.0,1.0,0.0,8.0,1.0,0.6,0.5,70.0,70.0,70.0,70.0,1.0,0.0,8.0,1.0,0.6,0.5
1974,2,256.0,4.0,26.2,26.2,26.2,26.2,1.0,0.0,26.0,0.0,0.2,0.6,25.8,25.8,25.8,25.8,1.0,0.0,26.0,0.0,0.2,0.6,16.75,16.75,16.75,16.75,1.0,0.0,26.0,0.0,0.2,0.6,80.5,80.5,80.5,80.5,1.0,0.0,26.0,0.0,0.6,5.7,5.7,5.7,5.7,1.0,0.0,26.0,0.0,0.2,0.6,-5.61,-5.61,-5.61,-5.61,1.0,0.0,26.0,0.0,0.2,0.6,-0.99,-0.99,-0.99,-0.99,1.0,0.0,26.0,0.0,0.2,0.6,1008.5,1008.5,1008.5,1008.5,1.0,0.0,26.0,0.0,0.2,0.6,0.0,0.0,0.0,0.0,1.0,0.0,26.0,0.0,0.2,0.6,-32.0,-32.0,-32.0,-32.0,1.0,0.0,26.0,0.0,0.2,0.6,-5.6,-5.6,-5.6,-5.6,1.0,0.0,26.0,0.0,0.2,0.6,0.4,0.4,0.4,0.4,1.0,0.0,26.0,0.0,0.2,0.6,2.3,2.3,2.3,2.3,1.0,0.0,26.0,0.0,0.2,0.6,4.61,4.61,4.61,4.61,1.0,0.0,26.0,0.0,0.2,0.6,26.3,26.3,26.3,26.3,1.0,0.0,26.0,0.0,0.2,0.6,-144.8,-144.8,-144.8,-144.8,1.0,0.0,26.0,0.0,0.2,0.6,-25.5,-25.5,-25.5,-25.5,1.0,0.0,26.0,0.0,0.2,0.6,-94.0,-94.0,-94.0,-94.0,1.0,0.0,26.0,0.0,0.2,0.6,-16.6,-16.6,-16.6,-16.6,1.0,0.0,26.0,0.0,0.2,0.6,-25.9,-25.9,-25.9,-25.9,1.0,0.0,26.0,0.0,0.2,0.6,-4.6,-4.6,-4.6,-4.6,1.0,0.0,26.0,0.0,0.2,0.6,185.0,185.0,185.0,185.0,1.0,0.0,26.0,0.0,0.2,0.6,185.0,185.0,185.0,185.0,1.0,0.0,26.0,0.0,0.2,0.6
1974,2,256.0,7.0,28.0,28.0,28.0,28.0,1.0,0.0,16.0,0.0,0.9,0.4,24.0,24.0,24.0,24.0,1.0,0.0,16.0,0.0,0.9,0.4,16.38,16.38,16.38,16.38,1.0,0.0,16.0,0.0,0.9,0.4,88.0,88.0,88.0,88.0,1.0,0.0,16.0,0.0,0.4,2.1,2.1,2.1,2.1,1.0,0.0,16.0,0.0,0.9,0.4,-2.07,-2.07,-2.07,-2.07,1.0,0.0,16.0,0.0,0.9,0.4,-0.36,-0.36,-0.36,-0.36,1.0,0.0,16.0,0.0,0.9,0.4,1012.0,1012.0,1012.0,1012.0,1.0,0.0,16.0,0.0,0.9,0.4,5.0,5.0,5.0,5.0,1.0,0.0,16.0,0.0,0.9,0.4,-4.3,-4.3,-4.3,-4.3,1.0,0.0,16.0,0.0,0.9,0.4,-0.8,-0.8,-0.8,-0.8,1.0,0.0,16.0,0.0,0.9,0.4,4.0,4.0,4.0,4.0,1.0,0.0,16.0,0.0,0.9,0.4,8.4,8.4,8.4,8.4,1.0,0.0,16.0,0.0,0.9,0.4,7.31,7.31,7.31,7.31,1.0,0.0,16.0,0.0,0.9,0.4,15.3,15.3,15.3,15.3,1.0,0.0,16.0,0.0,0.9,0.4,-49.6,-49.6,-49.6,-49.6,1.0,0.0,16.0,0.0,0.9,0.4,-8.8,-8.8,-8.8,-8.8,1.0,0.0,16.0,0.0,0.9,0.4,-33.9,-33.9,-33.9,-33.9,1.0,0.0,16.0,0.0,0.9,0.4,-6.0,-6.0,-6.0,-6.0,1.0,0.0,16.0,0.0,0.9,0.4,-15.1,-15.1,-15.1,-15.1,1.0,0.0,16.0,0.0,0.9,0.4,-2.7,-2.7,-2.7,-2.7,1.0,0.0,16.0,0.0,0.9,0.4,9.5,9.5,9.5,9.5,1.0,0.0,16.0,0.0,0.9,0.4,10.0,10.0,10.0,10.0,1.0,0.0,16.0,0.0,0.9,0.4
1974,2,256.0,9.0,26.4,26.7,26.71,26.63,7.0,0.18,16.0,1.0,0.8,0.2,25.6,26.6,27.23,26.59,7.0,0.86,16.0,1.0,0.8,0.2,20.66,20.66,20.66,20.66,1.0,0.0,22.0,1.0,0.7,0.9,94.8,94.8,94.8,94.8,1.0,0.0,22.0,1.0,0.9,1.24,4.6,10.42,5.78,4.0,5.64,16.0,1.0,0.8,0.3,-9.16,-3.7,-0.89,-4.97,4.0,5.34,16.0,1.0,0.8,0.3,-4.69,-2.68,-0.45,-2.58,4.0,2.47,16.0,1.0,0.8,0.3,1010.17,1010.5,1011.31,1010.67,7.0,0.71,16.0,1.0,0.8,0.2,0.0,2.0,2.0,1.6,7.0,1.1,16.0,1.0,0.8,0.2,-103.5,-23.8,-1.3,-51.1,4.0,73.2,16.0,1.0,0.8,0.3,-48.0,-19.5,-0.4,-24.0,4.0,28.2,16.0,1.0,0.8,0.3,-0.83,0.0,1.11,0.04,7.0,1.01,16.0,1.0,0.8,0.2,-6.0,-0.4,4.1,-0.9,4.0,7.6,16.0,1.0,0.8,0.3,1.15,1.15,1.15,1.15,1.0,0.0,22.0,1.0,0.7,0.9,1.1,1.1,1.1,1.1,1.0,0.0,22.0,1.0,0.7,0.9,-243.8,-102.4,-24.2,-132.6,4.0,139.6,16.0,1.0,0.8,0.3,-126.9,-70.1,-11.9,-69.4,4.0,67.2,16.0,1.0,0.8,0.3,-7.1,-7.1,-7.1,-7.1,1.0,0.0,22.0,1.0,0.7,0.9,-19.4,-19.4,-19.4,-19.4,1.0,0.0,22.0,1.0,0.7,0.9,-0.4,-0.4,-0.4,-0.4,1.0,0.0,22.0,1.0,0.7,0.9,-1.1,-1.1,-1.1,-1.1,1.0,0.0,22.0,1.0,0.7,0.9,2.0,230.0,1342.0,652.0,4.0,1019.5,16.0,1.0,0.8,0.3,0.0,230.0,1340.0,650.0,4.0,1020.0,16.0,1.0,0.8,0.3
1974,2,256.0,10.0,26.92,27.45,28.0,27.42,6.0,0.57,8.0,0.5,0.5,0.4,26.23,26.75,27.6,26.83,6.0,0.85,8.0,0.5,0.5,0.4,15.4,17.15,18.5,17.0,6.0,1.56,8.0,0.5,0.5,0.4,69.7,78.1,82.8,77.2,6.0,6.8,8.0,0.5,0.4,3.23,5.1,8.65,5.86,5.0,3.14,6.0,0.6,0.6,0.5,-8.15,-5.02,-3.18,-5.54,5.0,2.73,6.0,0.6,0.6,0.5,-2.45,-0.89,0.0,-1.38,5.0,2.15,6.0,0.6,0.6,0.5,1010.6,1011.85,1014.0,1012.15,6.0,1.74,8.0,0.5,0.5,0.4,0.6,3.0,4.4,2.6,5.0,2.1,10.0,0.6,0.4,0.5,-71.2,-25.6,-10.5,-39.2,5.0,35.8,6.0,0.6,0.6,0.5,-22.2,-2.3,0.0,-12.0,5.0,23.0,6.0,0.6,0.6,0.5,-0.08,0.5,1.07,0.58,6.0,0.86,8.0,0.5,0.5,0.4,-0.4,2.6,10.3,5.4,5.0,9.3,6.0,0.6,0.6,0.5,4.63,6.24,6.71,5.89,6.0,1.32,8.0,0.5,0.5,0.4,18.7,22.2,47.9,32.5,5.0,20.7,6.0,0.6,0.6,0.5,-217.8,-133.1,-88.1,-148.0,5.0,70.2,6.0,0.6,0.6,0.5,-63.4,-23.5,0.0,-35.9,5.0,55.0,6.0,0.6,0.6,0.5,-146.6,-92.5,-54.0,-97.6,5.0,49.2,6.0,0.6,0.6,0.5,-41.9,-13.8,0.0,-23.3,5.0,36.0,6.0,0.6,0.6,0.5,-44.6,-22.2,-18.1,-30.4,5.0,17.3,6.0,0.6,0.6,0.5,-15.7,-3.5,0.0,-8.5,5.0,14.1,6.0,0.6,0.6,0.5,36.0,132.5,689.0,349.0,5.0,451.0,6.0,0.6,0.6,0.5,35.0,135.0,690.0,350.0,5.0,450.0,6.0,0.6,0.6,0.5
1974,2,256.0,11.0,26.98,27.2,27.33,27.21,7.0,0.45,16.0,0.7,0.4,0.5,26.46,28.3,28.9,27.89,7.0,1.31,16.0,0.7,0.4,0.5,15.14,16.51,18.58,16.72,5.0,1.87,14.0,0.8,0.5,0.4,63.3,74.4,81.6,73.3,5.0,11.9,14.0,0.8,0.4,4.5,5.65,8.2,6.07,6.0,1.79,16.0,0.7,0.4,0.5,-8.1,-5.4,-3.73,-5.7,6.0,2.13,16.0,0.7,0.4,0.5,-1.94,-0.7,0.0,-1.12,6.0,1.53,16.0,0.7,0.4,0.5,1009.89,1011.55,1015.24,1012.28,8.0,2.41,14.0,0.6,0.4,0.5,1.1,2.0,3.0,2.1,8.0,1.2,14.0,0.6,0.4,0.5,-66.4,-29.8,-16.5,-37.6,6.0,24.0,16.0,0.7,0.4,0.5,-13.4,-2.9,0.0,-6.2,6.0,8.2,16.0,0.7,0.4,0.5,-1.64,-1.0,0.55,-0.67,7.0,1.36,16.0,0.7,0.4,0.5,-10.0,-6.6,-2.2,-5.0,6.0,6.9,16.0,0.7,0.4,0.5,3.61,5.85,7.48,5.63,5.0,2.16,14.0,0.8,0.5,0.4,16.1,29.1,48.3,32.0,4.0,20.1,14.0,0.8,0.4,0.5,-231.2,-154.7,-106.0,-161.3,6.0,62.6,16.0,0.7,0.4,0.5,-53.0,-20.3,0.0,-30.2,6.0,39.6,16.0,0.7,0.4,0.5,-101.3,-68.7,-63.2,-81.6,4.0,31.4,14.0,0.8,0.4,0.5,-50.4,-13.0,0.0,-24.7,4.0,34.2,14.0,0.8,0.4,0.5,-48.3,-25.6,-12.3,-30.1,4.0,22.0,14.0,0.8,0.4,0.5,-10.1,-2.1,0.0,-4.9,4.0,7.3,14.0,0.8,0.4,0.5,91.5,185.5,551.5,273.5,6.0,223.0,16.0,0.7,0.4,0.5,90.0,185.0,550.0,275.0,6.0,225.0,16.0,0.7,0.4,0.5
1974,2,256.0,12.0,26.79,27.65,28.19,27.53,6.0,0.98,18.0,0.8,0.6,0.6,25.0,26.55,28.41,26.85,6.0,1.91,18.0,0.8,0.6,0.6,15.5,17.33,18.86,17.19,3.0,2.46,18.0,0.7,0.6,0.7,70.0,73.7,77.5,73.7,3.0,5.4,18.0,0.7,0.7,4.69,6.2,7.8,6.08,6.0,1.84,18.0,0.8,0.6,0.6,-7.8,-5.6,-2.43,-5.27,6.0,2.57,18.0,0.8,0.6,0.6,-2.8,-1.06,0.64,-0.97,6.0,2.59,18.0,0.8,0.6,0.6,1011.13,1011.5,1014.17,1012.58,5.0,2.17,20.0,0.8,0.6,0.6,0.0,2.5,3.6,2.3,6.0,2.3,18.0,0.8,0.6,0.6,-60.9,-34.7,-11.6,-35.9,6.0,24.3,18.0,0.8,0.6,0.6,-15.1,-3.7,4.0,-4.0,6.0,14.2,18.0,0.8,0.6,0.6,-0.62,1.2,2.26,0.68,6.0,2.01,18.0,0.8,0.6,0.6,-3.2,5.9,15.8,4.8,6.0,11.9,18.0,0.8,0.6,0.6,4.32,7.67,8.42,6.4,3.0,3.19,18.0,0.7,0.6,0.7,26.9,54.3,57.6,42.5,3.0,24.7,18.0,0.7,0.6,0.7,-210.5,-144.0,-71.0,-141.6,6.0,70.3,18.0,0.8,0.6,0.6,-74.5,-28.0,16.0,-28.4,6.0,71.3,18.0,0.8,0.6,0.6,-118.2,-85.4,-61.2,-89.6,3.0,41.9,18.0,0.7,0.6,0.7,-68.9,-31.1,-9.9,-39.2,3.0,43.8,18.0,0.7,0.6,0.7,-56.5,-51.1,-21.0,-39.1,3.0,28.0,18.0,0.7,0.6,0.7,-16.6,-12.2,-3.9,-10.3,3.0,9.4,18.0,0.7,0.6,0.7,111.5,238.5,476.0,274.5,6.0,196.0,18.0,0.8,0.6,0.6,110.0,240.0,475.0,275.0,6.0,195.0,18.0,0.8,0.6,0.6
1974,2,256.0,13.0,27.24,27.95,28.96,27.96,14.0,1.07,20.0,0.4,0.5,0.5,26.23,27.15,27.8,27.13,14.0,1.2,20.0,0.4,0.5,0.5,15.52,17.07,17.38,16.74,13.0,1.4,22.0,0.4,0.5,0.5,68.1,74.4,78.9,75.3,13.0,8.8,22.0,0.4,0.5,1.03,2.6,5.66,3.24,14.0,2.12,20.0,0.4,0.5,0.5,-3.82,-1.86,-0.01,-1.91,14.0,1.7,20.0,0.4,0.5,0.5,-4.7,-1.17,-0.03,-1.94,14.0,2.22,20.0,0.4,0.5,0.5,1011.85,1013.9,1015.11,1013.78,13.0,1.98,22.0,0.4,0.5,0.5,1.0,2.0,2.0,1.9,14.0,1.2,20.0,0.4,0.5,0.5,-16.7,-6.1,0.0,-8.7,14.0,9.5,20.0,0.4,0.5,0.5,-24.7,-2.2,0.0,-10.1,14.0,12.8,20.0,0.4,0.5,0.5,-0.47,0.8,1.59,0.83,14.0,1.36,20.0,0.4,0.5,0.5,-1.4,1.4,3.1,1.3,14.0,3.0,20.0,0.4,0.5,0.5,5.21,6.79,8.06,6.9,13.0,2.34,22.0,0.4,0.5,0.5,7.9,20.8,38.0,22.2,13.0,14.4,22.0,0.4,0.5,0.5,-107.4,-50.3,-0.3,-52.8,14.0,46.6,20.0,0.4,0.5,0.5,-128.0,-30.8,-0.8,-53.4,14.0,61.7,20.0,0.4,0.5,0.5,-60.9,-33.7,-2.3,-34.5,13.0,28.6,22.0,0.4,0.5,0.5,-82.5,-21.3,-6.6,-37.7,13.0,36.0,22.0,0.4,0.5,0.5,-25.7,-13.2,-1.3,-14.2,13.0,11.1,22.0,0.4,0.5,0.5,-30.6,-8.3,-1.2,-14.1,13.0,13.5,22.0,0.4,0.5,0.5,1.0,17.5,182.0,75.5,14.0,91.5,20.0,0.4,0.5,0.5,0.0,20.0,180.0,75.0,14.0,90.0,20.0,0.4,0.5,0.5
1974,2,256.0,14.0,27.0,27.8,28.89,27.74,9.0,1.01,18.0,0.6,0.6,0.3,26.5,27.0,28.28,27.2,9.0,0.88,20.0,0.6,0.6,0.3,15.24,16.42,17.55,16.81,8.0,1.89,20.0,0.5,0.6,0.3,66.0,74.0,80.7,75.0,8.0,10.4,20.0,0.5,0.3,1.0,2.6,2.6,2.26,10.0,1.25,18.0,0.5,0.6,0.3,-1.99,-0.89,0.44,-1.0,10.0,1.56,18.0,0.5,0.6,0.3,-2.44,-1.01,1.08,-0.67,10.0,1.79,18.0,0.5,0.6,0.3,1012.78,1014.5,1016.37,1014.57,9.0,2.04,20.0,0.6,0.6,0.3,0.0,1.0,2.6,1.3,10.0,1.6,18.0,0.5,0.6,0.3,-5.2,-1.6,0.4,-3.8,10.0,6.9,18.0,0.5,0.6,0.3,-6.4,-2.3,1.5,-1.3,10.0,6.0,18.0,0.5,0.6,0.3,-1.27,0.75,1.89,0.45,8.0,1.68,20.0,0.6,0.6,0.3,-2.2,1.5,4.9,0.9,8.0,4.4,20.0,0.6,0.6,0.3,5.74,6.3,8.42,6.79,7.0,1.46,22.0,0.6,0.6,0.3,6.3,19.7,22.5,15.6,7.0,8.1,22.0,0.6,0.6,0.3,-54.9,-24.0,11.5,-31.0,9.0,45.2,20.0,0.6,0.6,0.3,-59.8,-9.1,31.4,-12.2,9.0,48.0,20.0,0.6,0.6,0.3,-31.5,-15.2,10.4,-18.1,8.0,30.1,20.0,0.5,0.6,0.3,-26.5,-4.9,21.4,-3.2,8.0,28.7,20.0,0.5,0.6,0.3,-17.4,-6.7,-2.8,-9.3,7.0,9.2,22.0,0.6,0.6,0.3,-14.6,-1.0,8.8,-3.3,7.0,12.3,22.0,0.6,0.6,0.3,1.0,17.5,17.5,22.5,10.0,39.5,18.0,0.5,0.6,0.3,0.0,20.0,20.0,25.0,10.0,40.0,18.0,0.5,0.6,0.3
1974,2,256.0,15.0,27.27,27.8,28.64,27.89,10.0,1.06,16.0,0.7,0.6,0.4,25.97,27.3,27.91,27.23,10.0,1.47,14.0,0.7,0.6,0.4,14.34,15.78,17.14,15.48,6.0,1.88,12.0,0.5,0.4,0.4,57.5,74.1,77.9,69.4,6.0,10.9,12.0,0.5,0.4,1.0,2.1,4.47,2.56,9.0,1.83,14.0,0.7,0.6,0.4,-1.34,0.5,3.19,0.9,9.0,2.17,14.0,0.7,0.6,0.4,-2.94,-0.17,0.59,-0.64,9.0,2.15,14.0,0.7,0.6,0.4,1010.47,1012.3,1014.49,1012.6,9.0,1.9,16.0,0.7,0.5,0.3,0.0,2.0,5.4,2.5,11.0,2.5,16.0,0.7,0.6,0.4,-1.9,0.5,15.8,4.6,9.0,8.7,14.0,0.7,0.6,0.4,-12.6,-0.2,2.2,-2.8,9.0,9.6,14.0,0.7,0.6,0.4,-0.59,0.6,2.22,0.68,9.0,1.73,14.0,0.7,0.6,0.4,-1.6,0.5,8.2,0.8,7.0,7.2,14.0,0.6,0.6,0.5,6.58,7.75,8.88,7.68,5.0,1.6,14.0,0.4,0.4,0.4,2.5,18.5,32.8,17.7,4.0,17.6,16.0,0.3,0.4,0.5,-38.5,6.9,89.4,22.9,8.0,63.2,14.0,0.6,0.6,0.5,-95.4,-2.2,17.6,-15.8,8.0,64.1,14.0,0.6,0.6,0.5,-5.7,6.0,54.9,21.3,5.0,35.3,14.0,0.4,0.5,0.4,-26.9,-2.7,4.5,-11.3,5.0,26.1,14.0,0.4,0.5,0.4,-2.7,10.9,26.7,12.0,4.0,17.4,16.0,0.3,0.4,0.5,-14.0,-0.5,2.9,-5.3,4.0,14.0,16.0,0.3,0.4,0.5,1.0,9.5,89.5,40.0,9.0,49.5,14.0,0.7,0.6,0.4,0.0,10.0,90.0,40.0,9.0,50.0,14.0,0.7,0.6,0.4
1974,2,256.0,16.0,25.45,26.55,27.58,26.53,12.0,1.13,18.0,0.8,0.6,0.4,23.77,26.0,27.35,25.79,12.0,1.74,16.0,0.8,0.6,0.4,13.83,14.83,18.3,15.58,6.0,2.25,16.0,0.7,0.7,0.3,67.6,73.4,78.7,74.5,6.0,9.5,16.0,0.7,0.3,1.0,2.85,5.25,2.96,12.0,1.97,16.0,0.8,0.6,0.4,0.48,1.14,3.24,1.54,12.0,1.31,16.0,0.8,0.6,0.4,-4.41,-1.96,0.0,-2.2,12.0,1.96,16.0,0.8,0.6,0.4,1011.0,1012.9,1013.45,1012.9,12.0,2.09,16.0,0.8,0.6,0.4,0.0,0.0,2.3,1.2,13.0,1.9,16.0,0.8,0.6,0.4,0.5,3.5,12.5,6.2,12.0,7.6,16.0,0.8,0.6,0.4,-24.6,-5.1,0.0,-9.7,12.0,10.8,16.0,0.8,0.6,0.4,-1.47,0.8,2.62,0.64,11.0,2.01,16.0,0.7,0.6,0.4,-1.8,2.5,8.6,2.5,11.0,5.3,16.0,0.7,0.6,0.4,4.67,5.4,6.36,5.53,6.0,1.92,16.0,0.7,0.7,0.3,4.2,17.4,23.5,14.9,6.0,10.2,16.0,0.7,0.7,0.3,11.5,29.3,87.1,39.8,12.0,34.9,16.0,0.8,0.6,0.4,-114.3,-48.8,0.0,-55.8,12.0,49.4,16.0,0.8,0.6,0.4,0.0,21.3,30.6,19.4,6.0,18.0,16.0,0.7,0.7,0.3,-49.0,-11.0,0.7,-21.7,6.0,28.8,16.0,0.7,0.7,0.3,0.0,7.1,17.5,8.2,6.0,8.0,16.0,0.7,0.7,0.3,-18.7,-7.3,0.2,-9.3,6.0,11.0,16.0,0.7,0.7,0.3,1.0,23.5,146.0,58.0,12.0,72.5,16.0,0.8,0.6,0.4,0.0,25.0,145.0,60.0,12.0,70.0,16.0,0.8,0.6,0.4
1974,2,256.0,17.0,23.91,25.65,27.19,25.77,20.0,1.58,16.0,0.8,0.7,0.7,23.25,25.2,26.95,25.14,23.0,1.93,14.0,0.7,0.7,0.7,14.24,15.53,17.53,15.71,18.0,1.92,14.0,0.7,0.7,0.7,71.5,78.4,83.4,78.5,18.0,7.1,14.0,0.7,0.7,2.1,5.1,6.2,4.41,19.0,1.77,12.0,0.8,0.7,0.7,0.34,2.56,5.48,2.39,19.0,3.49,12.0,0.8,0.7,0.7,-2.68,-0.45,0.77,-0.93,19.0,2.12,12.0,0.8,0.7,0.7,1010.3,1012.0,1014.25,1012.31,23.0,1.98,14.0,0.7,0.7,0.7,0.0,1.0,3.0,1.7,23.0,1.8,14.0,0.7,0.7,0.7,0.5,10.6,31.7,12.9,19.0,20.9,12.0,0.8,0.7,0.7,-17.8,-0.8,1.8,-5.4,19.0,11.3,12.0,0.8,0.7,0.7,-1.1,-0.1,2.29,0.22,20.0,1.73,16.0,0.8,0.7,0.7,-7.3,-0.1,8.8,0.4,16.0,9.0,14.0,0.9,0.7,0.7,2.94,4.56,6.26,4.75,17.0,1.85,16.0,0.8,0.7,0.7,14.1,26.9,30.8,23.2,13.0,10.8,14.0,0.8,0.7,0.8,10.2,66.6,141.2,62.5,19.0,90.4,12.0,0.8,0.7,0.7,-76.4,-11.7,20.6,-23.6,19.0,54.5,12.0,0.8,0.7,0.7,-45.8,51.3,110.3,37.1,14.0,70.5,14.0,0.8,0.7,0.8,-47.5,-3.7,17.0,-13.4,14.0,36.1,14.0,0.8,0.7,0.8,-13.6,14.2,27.4,10.7,13.0,19.9,14.0,0.8,0.7,0.8,-11.2,0.0,5.5,-3.9,13.0,12.7,14.0,0.8,0.7,0.8,9.5,132.5,238.5,124.5,19.0,115.0,12.0,0.8,0.7,0.7,10.0,135.0,240.0,125.0,19.0,115.0,12.0,0.8,0.7,0.7
1974,2,256.0,18.0,25.29,26.7,27.8,26.56,45.0,1.49,14.0,0.6,0.4,0.2,23.9,25.2,26.9,25.33,50.0,1.44,14.0,0.6,0.4,0.2,14.4,16.33,17.96,16.19,44.0,1.9,14.0,0.6,0.4,0.2,74.5,80.8,88.0,80.5,44.0,7.8,14.0,0.6,0.2,1.5,3.6,5.11,3.6,45.0,2.16,14.0,0.6,0.4,0.2,0.0,2.56,4.42,2.38,45.0,2.67,14.0,0.6,0.4,0.2,-2.64,-1.23,0.46,-1.16,45.0,1.9,14.0,0.6,0.4,0.2,1010.39,1012.5,1015.2,1012.72,50.0,2.6,14.0,0.6,0.4,0.2,0.0,1.0,4.2,1.8,50.0,2.2,14.0,0.6,0.4,0.2,0.0,8.4,22.5,12.9,45.0,20.9,14.0,0.6,0.4,0.2,-13.1,-4.4,0.9,-5.9,45.0,9.2,14.0,0.6,0.4,0.2,-0.5,1.1,3.01,1.27,45.0,1.93,14.0,0.6,0.4,0.2,0.0,2.7,11.7,4.9,41.0,8.4,14.0,0.6,0.4,0.2,3.83,5.47,8.69,5.61,42.0,2.79,16.0,0.6,0.4,0.2,7.5,19.6,41.5,21.7,38.0,16.2,14.0,0.6,0.4,0.2,0.0,61.5,108.6,59.2,45.0,66.8,14.0,0.6,0.4,0.2,-69.9,-32.1,11.0,-29.6,45.0,49.5,14.0,0.6,0.4,0.2,0.0,39.3,70.0,39.0,39.0,45.2,14.0,0.6,0.4,0.2,-41.9,-18.1,0.0,-17.8,39.0,28.7,14.0,0.6,0.4,0.2,-0.2,15.9,34.8,14.1,38.0,17.5,14.0,0.6,0.4,0.2,-19.4,-5.8,4.9,-7.3,38.0,13.5,14.0,0.6,0.4,0.2,3.5,46.5,133.5,102.5,45.0,203.0,14.0,0.6,0.4,0.2,5.0,45.0,135.0,105.0,45.0,205.0,14.0,0.6,0.4,0.2
1974,2,257.0,-69.0,2.1,2.1,2.1,2.1,1.0,0.0,22.0,0.0,0.1,0.4,-2.2,-2.2,-2.2,-2.2,1.0,0.0,22.0,0.0,0.1,0.4,2.92,2.92,2.92,2.92,1.0,0.0,22.0,0.0,0.1,0.4,86.2,86.2,86.2,86.2,1.0,0.0,22.0,0.0,0.4,4.1,4.1,4.1,4.1,1.0,0.0,22.0,0.0,0.1,0.4,1.4,1.4,1.4,1.4,1.0,0.0,22.0,0.0,0.1,0.4,3.85,3.85,3.85,3.85,1.0,0.0,22.0,0.0,0.1,0.4,960.1,960.1,960.1,960.1,1.0,0.0,22.0,0.0,0.1,0.4,2.0,2.0,2.0,2.0,1.0,0.0,22.0,0.0,0.1,0.4,5.7,5.7,5.7,5.7,1.0,0.0,22.0,0.0,0.1,0.4,15.8,15.8,15.8,15.8,1.0,0.0,22.0,0.0,0.1,0.4,4.3,4.3,4.3,4.3,1.0,0.0,22.0,0.0,0.1,0.4,17.6,17.6,17.6,17.6,1.0,0.0,22.0,0.0,0.1,0.4,1.72,1.72,1.72,1.72,1.0,0.0,22.0,0.0,0.1,0.4,7.0,7.0,7.0,7.0,1.0,0.0,22.0,0.0,0.1,0.4,-3.1,-3.1,-3.1,-3.1,1.0,0.0,22.0,0.0,0.1,0.4,-8.5,-8.5,-8.5,-8.5,1.0,0.0,22.0,0.0,0.1,0.4,4.1,4.1,4.1,4.1,1.0,0.0,22.0,0.0,0.1,0.4,11.3,11.3,11.3,11.3,1.0,0.0,22.0,0.0,0.1,0.4,2.4,2.4,2.4,2.4,1.0,0.0,22.0,0.0,0.1,0.4,6.6,6.6,6.6,6.6,1.0,0.0,22.0,0.0,0.1,0.4,69.0,69.0,69.0,69.0,1.0,0.0,22.0,0.0,0.1,0.4,70.0,70.0,70.0,70.0,1.0,0.0,22.0,0.0,0.1,0.4
1974,2,257.0,-19.0,22.0,22.0,22.0,22.0,1.0,0.0,6.0,1.0,0.1,1.0,22.0,22.0,22.0,22.0,1.0,0.0,6.0,1.0,0.1,1.0,12.97,12.97,12.97,12.97,1.0,0.0,6.0,1.0,0.1,1.0,79.0,79.0,79.0,79.0,1.0,0.0,6.0,1.0,1.0,8.7,8.7,8.7,8.7,1.0,0.0,6.0,1.0,0.1,1.0,-8.57,-8.57,-8.57,-8.57,1.0,0.0,6.0,1.0,0.1,1.0,1.51,1.51,1.51,1.51,1.0,0.0,6.0,1.0,0.1,1.0,1014.1,1014.1,1014.1,1014.1,1.0,0.0,6.0,1.0,0.1,1.0,7.0,7.0,7.0,7.0,1.0,0.0,6.0,1.0,0.1,1.0,-74.5,-74.5,-74.5,-74.5,1.0,0.0,6.0,1.0,0.1,1.0,13.1,13.1,13.1,13.1,1.0,0.0,6.0,1.0,0.1,1.0,0.0,0.0,0.0,0.0,1.0,0.0,6.0,1.0,0.1,1.0,0.0,0.0,0.0,0.0,1.0,0.0,6.0,1.0,0.1,1.0,3.48,3.48,3.48,3.48,1.0,0.0,6.0,1.0,0.1,1.0,30.2,30.2,30.2,30.2,1.0,0.0,6.0,1.0,0.1,1.0,-188.5,-188.5,-188.5,-188.5,1.0,0.0,6.0,1.0,0.1,1.0,33.2,33.2,33.2,33.2,1.0,0.0,6.0,1.0,0.1,1.0,-111.1,-111.1,-111.1,-111.1,1.0,0.0,6.0,1.0,0.1,1.0,19.6,19.6,19.6,19.6,1.0,0.0,6.0,1.0,0.1,1.0,-29.8,-29.8,-29.8,-29.8,1.0,0.0,6.0,1.0,0.1,1.0,5.3,5.3,5.3,5.3,1.0,0.0,6.0,1.0,0.1,1.0,658.5,658.5,658.5,658.5,1.0,0.0,6.0,1.0,0.1,1.0,660.0,660.0,660.0,660.0,1.0,0.0,6.0,1.0,0.1,1.0
1974,2,257.0,-18.0,22.9,23.75,24.6,23.75,2.0,1.77,4.0,1.0,0.5,0.9,23.14,24.1,25.06,24.1,2.0,1.98,4.0,1.0,0.5,0.9,13.91,14.36,14.81,14.36,2.0,0.93,4.0,1.0,0.5,0.9,75.2,77.2,79.2,77.2,2.0,4.1,4.0,1.0,0.9,5.59,6.65,7.71,6.65,2.0,2.19,4.0,1.0,0.5,0.9,-6.09,-5.69,-5.29,-5.69,2.0,0.84,4.0,1.0,0.5,0.9,0.84,2.64,4.43,2.64,2.0,3.73,4.0,1.0,0.5,0.9,1016.89,1017.5,1018.11,1017.5,2.0,1.27,4.0,1.0,0.5,0.9,6.3,7.0,7.7,7.0,2.0,1.4,4.0,1.0,0.5,0.9,-47.5,-38.8,-30.1,-38.8,2.0,18.0,4.0,1.0,0.5,0.9,6.9,21.6,36.4,21.6,2.0,30.6,4.0,1.0,0.5,0.9,-2.16,-0.35,1.46,-0.35,2.0,3.75,4.0,1.0,0.5,0.9,-18.8,-6.4,6.0,-6.4,2.0,25.7,4.0,1.0,0.5,0.9,2.53,3.94,5.35,3.94,2.0,2.92,4.0,1.0,0.5,0.9,17.8,23.0,28.2,23.0,2.0,10.8,4.0,1.0,0.5,0.9,-153.1,-138.0,-122.8,-138.0,2.0,31.4,4.0,1.0,0.5,0.9,21.3,67.2,113.1,67.2,2.0,95.0,4.0,1.0,0.5,0.9,-90.4,-82.1,-73.7,-82.1,2.0,17.3,4.0,1.0,0.5,0.9,12.6,39.6,66.6,39.6,2.0,56.0,4.0,1.0,0.5,0.9,-27.6,-21.2,-14.8,-21.2,2.0,13.4,4.0,1.0,0.5,0.9,1.6,4.9,8.3,4.9,2.0,7.0,4.0,1.0,0.5,0.9,199.0,342.0,485.0,342.0,2.0,296.0,4.0,1.0,0.5,0.9,200.0,340.0,485.0,340.0,2.0,295.0,4.0,1.0,0.5,0.9
1974,2,257.0,-17.0,,,,,,,,,,,,,,,,,,,,,,,,,,,,,,,,,,,,,,,,6.0,6.0,6.0,6.0,1.0,0.0,14.0,0.0,0.5,0.8,-5.64,-5.64,-5.64,-5.64,1.0,0.0,14.0,0.0,0.5,0.8,2.05,2.05,2.05,2.05,1.0,0.0,14.0,0.0,0.5,0.8,1015.2,1015.2,1015.2,1015.2,1.0,0.0,14.0,0.0,0.5,0.8,,,,,,,,,,,,,,,,,,,,,,,,,,,,,,,,,,,,,,,,,,,,,,,,,,,,,,,,,,,,,,,,,,,,,,,,,,,,,,,,,,,,,,,,,,,,,,,,,,,,,,,,,,,,,,,,,,,,,,,,,,,,,,,,,,,,,,,,,,,,,,,,,,,,,,
1974,2,257.0,-16.0,22.56,22.9,23.24,22.9,2.0,0.71,26.0,0.0,0.6,0.4,22.29,22.7,23.11,22.7,2.0,0.85,26.0,0.0,0.6,0.4,12.78,13.59,14.41,13.59,2.0,1.69,26.0,0.0,0.6,0.4,76.4,79.2,82.0,79.2,2.0,5.7,26.0,0.0,0.4,6.52,7.2,7.88,7.2,2.0,1.41,26.0,0.0,0.6,0.4,-6.73,-5.93,-5.12,-5.93,2.0,1.66,26.0,0.0,0.6,0.4,4.0,4.04,4.08,4.04,2.0,0.08,26.0,0.0,0.6,0.4,1015.02,1015.05,1015.08,1015.05,2.0,0.07,26.0,0.0,0.6,0.4,0.8,2.5,4.2,2.5,2.0,3.5,26.0,0.0,0.6,0.4,-53.7,-43.8,-34.0,-43.8,2.0,20.4,26.0,0.0,0.6,0.4,26.1,29.2,32.2,29.2,2.0,6.3,26.0,0.0,0.6,0.4,0.13,0.2,0.27,0.2,2.0,0.14,26.0,0.0,0.6,0.4,0.9,1.5,2.2,1.5,2.0,1.3,26.0,0.0,0.6,0.4,3.33,3.78,4.24,3.78,2.0,0.94,26.0,0.0,0.6,0.4,22.1,27.9,33.7,27.9,2.0,12.1,26.0,0.0,0.6,0.4,-149.6,-133.8,-118.0,-133.8,2.0,32.7,26.0,0.0,0.6,0.4,91.0,91.7,92.5,91.7,2.0,1.6,26.0,0.0,0.6,0.4,-85.2,-79.1,-73.1,-79.1,2.0,12.6,26.0,0.0,0.6,0.4,52.1,54.9,57.6,54.9,2.0,5.7,26.0,0.0,0.6,0.4,-28.9,-23.2,-17.5,-23.2,2.0,11.9,26.0,0.0,0.6,0.4,13.4,15.3,17.3,15.3,2.0,4.1,26.0,0.0,0.6,0.4,288.0,395.0,501.5,395.0,2.0,221.5,26.0,0.0,0.6,0.4,290.0,395.0,500.0,395.0,2.0,220.0,26.0,0.0,0.6,0.4
1974,2,257.0,-15.0,22.85,22.95,23.05,22.95,2.0,0.21,12.0,0.5,0.4,0.7,22.38,22.55,22.72,22.55,2.0,0.35,12.0,0.5,0.4,0.7,13.35,13.63,13.9,13.63,2.0,0.57,12.0,0.5,0.4,0.7,79.4,80.1,80.8,80.1,2.0,1.5,12.0,0.5,0.7,7.36,7.7,8.04,7.7,2.0,0.71,12.0,0.5,0.4,0.7,-7.1,-7.1,-7.09,-7.1,2.0,0.01,12.0,0.5,0.4,0.7,1.7,2.68,3.65,2.68,2.0,2.02,12.0,0.5,0.4,0.7,1011.7,1012.55,1013.4,1012.55,2.0,1.77,12.0,0.5,0.4,0.7,2.2,2.5,2.8,2.5,2.0,0.7,12.0,0.5,0.4,0.7,-57.1,-54.6,-52.2,-54.6,2.0,5.1,12.0,0.5,0.4,0.7,12.9,21.3,29.7,21.3,2.0,17.4,12.0,0.5,0.4,0.7,0.13,0.4,0.67,0.4,2.0,0.57,12.0,0.5,0.4,0.7,0.9,2.9,4.8,2.9,2.0,4.1,12.0,0.5,0.4,0.7,3.47,3.84,4.21,3.84,2.0,0.77,12.0,0.5,0.4,0.7,27.7,29.3,30.8,29.3,2.0,3.2,12.0,0.5,0.4,0.7,-161.3,-160.0,-158.7,-160.0,2.0,2.7,12.0,0.5,0.4,0.7,38.3,60.7,83.1,60.7,2.0,46.4,12.0,0.5,0.4,0.7,-98.7,-96.7,-94.7,-96.7,2.0,4.1,12.0,0.5,0.4,0.7,23.0,37.0,51.0,37.0,2.0,29.0,12.0,0.5,0.4,0.7,-29.8,-27.2,-24.6,-27.2,2.0,5.4,12.0,0.5,0.4,0.7,6.8,9.5,12.2,9.5,2.0,5.7,12.0,0.5,0.4,0.7,401.5,462.5,523.0,462.5,2.0,126.0,12.0,0.5,0.4,0.7,400.0,460.0,525.0,460.0,2.0,125.0,12.0,0.5,0.4,0.7
1974,2,257.0,-12.0,25.2,25.2,25.2,25.2,1.0,0.0,22.0,0.0,0.4,0.7,23.93,24.0,24.41,24.17,3.0,0.38,24.0,0.0,0.5,0.8,18.49,18.49,18.49,18.49,1.0,0.0,22.0,0.0,1.0,0.6,100.0,100.0,100.0,100.0,1.0,0.0,22.0,0.0,0.6,5.04,6.0,7.16,6.1,3.0,1.55,24.0,0.0,0.5,0.8,-5.49,-4.6,-4.41,-4.94,3.0,0.84,24.0,0.0,0.5,0.8,2.3,3.86,4.6,3.46,3.0,1.72,24.0,0.0,0.5,0.8,1013.52,1014.0,1016.94,1015.2,3.0,2.71,24.0,0.0,0.5,0.8,1.6,3.0,5.0,3.3,3.0,2.5,24.0,0.0,0.5,0.8,-39.8,-27.6,-22.3,-31.0,3.0,13.1,24.0,0.0,0.5,0.8,12.3,23.1,33.4,22.8,3.0,15.4,24.0,0.0,0.5,0.8,,,,,,,,,,,,,,,,,,,,,,,,,,,,,,,,,,,,,,,,,-132.5,-113.1,-106.4,-119.3,3.0,19.9,24.0,0.0,0.5,0.8,55.8,94.9,111.2,83.8,3.0,41.7,24.0,0.0,0.5,0.8,-79.9,-79.9,-79.9,-79.9,1.0,0.0,22.0,0.0,1.0,0.6,29.1,29.1,29.1,29.1,1.0,0.0,22.0,0.0,1.0,0.6,,,,,,,,,,,,,,,,,,,,,,,,,,,,,,,,,,,,,,,,
1974,2,257.0,-11.0,23.96,24.3,24.64,24.3,2.0,0.71,20.0,0.5,0.2,0.7,23.57,24.15,24.73,24.15,2.0,1.2,20.0,0.5,0.2,0.7,13.52,14.1,14.68,14.1,2.0,1.2,20.0,0.5,0.2,0.7,74.6,75.0,75.4,75.0,2.0,0.9,20.0,0.5,0.7,5.51,6.4,7.29,6.4,2.0,1.84,20.0,0.5,0.2,0.7,-6.85,-6.01,-5.18,-6.01,2.0,1.73,20.0,0.5,0.2,0.7,1.89,2.19,2.49,2.19,2.0,0.63,20.0,0.5,0.2,0.7,1010.81,1011.25,1011.69,1011.25,2.0,0.92,20.0,0.5,0.2,0.7,1.3,2.0,2.7,2.0,2.0,1.4,20.0,0.5,0.2,0.7,-50.8,-40.1,-29.4,-40.1,2.0,22.1,20.0,0.5,0.2,0.7,10.7,14.6,18.5,14.6,2.0,8.0,20.0,0.5,0.2,0.7,-0.09,0.15,0.39,0.15,2.0,0.49,20.0,0.5,0.2,0.7,-0.9,0.5,1.9,0.5,2.0,2.9,20.0,0.5,0.2,0.7,4.72,4.9,5.08,4.9,2.0,0.37,20.0,0.5,0.2,0.7,27.8,31.0,34.2,31.0,2.0,6.7,20.0,0.5,0.2,0.7,-169.9,-146.3,-122.6,-146.3,2.0,49.0,20.0,0.5,0.2,0.7,44.6,53.2,61.8,53.2,2.0,17.8,20.0,0.5,0.2,0.7,-101.1,-85.8,-70.6,-85.8,2.0,31.6,20.0,0.5,0.2,0.7,25.7,31.2,36.8,31.2,2.0,11.5,20.0,0.5,0.2,0.7,-32.2,-29.1,-26.1,-29.1,2.0,6.2,20.0,0.5,0.2,0.7,9.5,10.6,11.7,10.6,2.0,2.3,20.0,0.5,0.2,0.7,184.0,294.5,405.0,294.5,2.0,229.0,20.0,0.5,0.2,0.7,185.0,295.0,405.0,295.0,2.0,230.0,20.0,0.5,0.2,0.7
1974,2,257.0,-10.0,23.99,24.8,25.08,24.84,7.0,0.96,14.0,0.4,0.6,0.5,23.79,24.3,25.64,24.57,7.0,1.05,14.0,0.4,0.6,0.5,13.68,14.26,15.41,14.42,7.0,1.13,14.0,0.4,0.6,0.5,70.1,77.3,79.6,75.1,7.0,5.8,14.0,0.4,0.5,6.5,9.0,9.3,7.7,7.0,2.44,14.0,0.4,0.6,0.5,-7.01,-5.14,-4.16,-5.34,7.0,2.46,14.0,0.4,0.6,0.5,2.14,5.79,6.95,4.89,7.0,2.81,14.0,0.4,0.6,0.5,1012.2,1012.8,1014.11,1013.21,7.0,0.93,14.0,0.4,0.6,0.5,5.9,6.0,7.0,6.1,7.0,1.1,14.0,0.4,0.6,0.5,-63.2,-43.2,-27.6,-45.3,7.0,26.1,14.0,0.4,0.6,0.5,5.6,49.0,62.7,39.8,7.0,28.1,14.0,0.4,0.6,0.5,-0.84,0.7,1.1,0.27,7.0,1.06,14.0,0.4,0.6,0.5,-5.8,3.7,7.3,1.5,7.0,8.6,14.0,0.4,0.6,0.5,5.13,5.5,5.79,5.19,7.0,1.04,14.0,0.4,0.6,0.5,19.1,49.5,52.6,40.6,7.0,16.9,14.0,0.4,0.6,0.5,-170.9,-122.4,-101.9,-132.4,7.0,63.8,14.0,0.4,0.6,0.5,51.0,140.6,182.4,119.7,7.0,69.2,14.0,0.4,0.6,0.5,-100.8,-73.0,-57.3,-78.0,7.0,40.5,14.0,0.4,0.6,0.5,30.8,82.5,95.0,68.3,7.0,37.6,14.0,0.4,0.6,0.5,-38.6,-27.3,-12.2,-28.2,7.0,15.3,14.0,0.4,0.6,0.5,11.6,31.8,40.2,25.4,7.0,16.9,14.0,0.4,0.6,0.5,287.0,729.0,804.5,556.5,7.0,300.0,14.0,0.4,0.6,0.5,285.0,730.0,805.0,555.0,7.0,300.0,14.0,0.4,0.6,0.5
1974,2,257.0,-7.0,25.7,25.7,25.7,25.7,1.0,0.0,24.0,1.0,0.6,0.5,27.7,27.7,27.7,27.7,1.0,0.0,24.0,1.0,0.6,0.5,18.62,18.62,18.62,18.62,1.0,0.0,24.0,1.0,0.6,0.5,80.3,80.3,80.3,80.3,1.0,0.0,24.0,1.0,0.5,7.7,7.7,7.7,7.7,1.0,0.0,24.0,1.0,0.6,0.5,-3.85,-3.85,-3.85,-3.85,1.0,0.0,24.0,1.0,0.6,0.5,6.67,6.67,6.67,6.67,1.0,0.0,24.0,1.0,0.6,0.5,1012.5,1012.5,1012.5,1012.5,1.0,0.0,24.0,1.0,0.6,0.5,8.0,8.0,8.0,8.0,1.0,0.0,24.0,1.0,0.6,0.5,-29.6,-29.6,-29.6,-29.6,1.0,0.0,24.0,1.0,0.6,0.5,51.3,51.3,51.3,51.3,1.0,0.0,24.0,1.0,0.6,0.5,-2.0,-2.0,-2.0,-2.0,1.0,0.0,24.0,1.0,0.6,0.5,-15.4,-15.4,-15.4,-15.4,1.0,0.0,24.0,1.0,0.6,0.5,2.02,2.02,2.02,2.02,1.0,0.0,24.0,1.0,0.6,0.5,15.5,15.5,15.5,15.5,1.0,0.0,24.0,1.0,0.6,0.5,-106.6,-106.6,-106.6,-106.6,1.0,0.0,24.0,1.0,0.6,0.5,184.7,184.7,184.7,184.7,1.0,0.0,24.0,1.0,0.6,0.5,-71.7,-71.7,-71.7,-71.7,1.0,0.0,24.0,1.0,0.6,0.5,124.2,124.2,124.2,124.2,1.0,0.0,24.0,1.0,0.6,0.5,-7.8,-7.8,-7.8,-7.8,1.0,0.0,24.0,1.0,0.6,0.5,13.4,13.4,13.4,13.4,1.0,0.0,24.0,1.0,0.6,0.5,456.5,456.5,456.5,456.5,1.0,0.0,24.0,1.0,0.6,0.5,455.0,455.0,455.0,455.0,1.0,0.0,24.0,1.0,0.6,0.5
1974,2,257.0,-2.0,23.0,23.0,23.0,23.0,1.0,0.0,2.0,0.0,0.4,0.7,22.2,22.2,22.2,22.2,1.0,0.0,2.0,0.0,0.4,0.7,15.03,15.03,15.03,15.03,1.0,0.0,2.0,0.0,0.4,0.7,90.1,90.1,90.1,90.1,1.0,0.0,2.0,0.0,0.7,2.6,2.6,2.6,2.6,1.0,0.0,2.0,0.0,0.4,0.7,-2.25,-2.25,-2.25,-2.25,1.0,0.0,2.0,0.0,0.4,0.7,1.3,1.3,1.3,1.3,1.0,0.0,2.0,0.0,0.4,0.7,1011.5,1011.5,1011.5,1011.5,1.0,0.0,2.0,0.0,0.4,0.7,2.0,2.0,2.0,2.0,1.0,0.0,2.0,0.0,0.4,0.7,-5.9,-5.9,-5.9,-5.9,1.0,0.0,2.0,0.0,0.4,0.7,3.4,3.4,3.4,3.4,1.0,0.0,2.0,0.0,0.4,0.7,0.8,0.8,0.8,0.8,1.0,0.0,2.0,0.0,0.4,0.7,2.1,2.1,2.1,2.1,1.0,0.0,2.0,0.0,0.4,0.7,2.51,2.51,2.51,2.51,1.0,0.0,2.0,0.0,0.4,0.7,6.5,6.5,6.5,6.5,1.0,0.0,2.0,0.0,0.4,0.7,-50.0,-50.0,-50.0,-50.0,1.0,0.0,2.0,0.0,0.4,0.7,28.9,28.9,28.9,28.9,1.0,0.0,2.0,0.0,0.4,0.7,-33.8,-33.8,-33.8,-33.8,1.0,0.0,2.0,0.0,0.4,0.7,19.5,19.5,19.5,19.5,1.0,0.0,2.0,0.0,0.4,0.7,-5.7,-5.7,-5.7,-5.7,1.0,0.0,2.0,0.0,0.4,0.7,3.3,3.3,3.3,3.3,1.0,0.0,2.0,0.0,0.4,0.7,17.5,17.5,17.5,17.5,1.0,0.0,2.0,0.0,0.4,0.7,20.0,20.0,20.0,20.0,1.0,0.0,2.0,0.0,0.4,0.7
1974,2,257.0,-1.0,24.98,26.0,26.89,25.93,3.0,1.4,18.0,0.7,0.8,0.4,24.31,25.4,25.67,25.0,3.0,1.06,18.0,0.7,0.8,0.4,16.33,17.81,18.39,17.37,3.0,1.56,18.0,0.7,0.8,0.4,85.9,88.2,89.3,87.6,3.0,2.5,18.0,0.7,0.4,1.17,2.6,2.94,2.07,3.0,1.38,18.0,0.7,0.8,0.4,-1.36,0.0,0.3,-0.52,3.0,1.29,18.0,0.7,0.8,0.4,0.92,2.37,2.53,1.74,3.0,1.3,18.0,0.7,0.8,0.4,1009.27,1010.5,1013.03,1011.13,3.0,2.8,18.0,0.7,0.8,0.4,4.3,5.0,6.4,5.3,3.0,1.5,18.0,0.7,0.8,0.4,-4.2,0.0,0.1,-2.0,3.0,3.6,18.0,0.7,0.8,0.4,2.2,6.8,7.2,4.7,3.0,4.0,18.0,0.7,0.8,0.4,0.36,0.7,1.52,0.93,3.0,0.87,18.0,0.7,0.8,0.4,0.7,1.0,1.8,1.2,3.0,0.9,18.0,0.7,0.8,0.4,2.79,3.63,4.47,3.63,3.0,1.23,18.0,0.7,0.8,0.4,3.6,6.2,9.7,6.6,3.0,4.4,18.0,0.7,0.8,0.4,-32.4,0.0,7.5,-12.1,3.0,31.0,18.0,0.7,0.8,0.4,22.3,56.5,63.7,43.3,3.0,32.4,18.0,0.7,0.8,0.4,-21.3,0.0,5.3,-7.8,3.0,20.6,18.0,0.7,0.8,0.4,14.8,37.1,44.9,30.0,3.0,22.9,18.0,0.7,0.8,0.4,-4.9,0.0,1.4,-1.7,3.0,4.9,18.0,0.7,0.8,0.4,2.8,6.2,7.9,5.4,3.0,3.8,18.0,0.7,0.8,0.4,5.5,17.5,26.0,16.0,3.0,15.0,18.0,0.7,0.8,0.4,5.0,20.0,25.0,15.0,3.0,15.0,18.0,0.7,0.8,0.4
1974,2,257.0,0.0,27.13,27.4,27.67,27.4,2.0,0.57,14.0,0.0,0.6,0.5,25.22,25.7,26.18,25.7,2.0,0.99,14.0,0.0,0.6,0.5,17.04,17.52,17.99,17.52,2.0,0.99,14.0,0.0,0.6,0.5,80.8,85.3,89.8,85.3,2.0,9.4,14.0,0.0,0.5,3.26,3.6,3.94,3.6,2.0,0.71,14.0,0.0,0.6,0.5,-2.53,-2.31,-2.09,-2.31,2.0,0.45,14.0,0.0,0.6,0.5,2.5,2.76,3.02,2.76,2.0,0.54,14.0,0.0,0.6,0.5,1011.3,1013.45,1015.6,1013.45,2.0,4.45,14.0,0.0,0.6,0.5,2.2,2.5,2.8,2.5,2.0,0.7,14.0,0.0,0.6,0.5,-10.1,-8.5,-6.9,-8.5,2.0,3.3,14.0,0.0,0.6,0.5,8.2,10.1,12.0,10.1,2.0,3.9,14.0,0.0,0.6,0.5,0.95,1.7,2.45,1.7,2.0,1.56,14.0,0.0,0.6,0.5,3.4,5.6,7.7,5.6,2.0,4.4,14.0,0.0,0.6,0.5,5.26,5.32,5.37,5.32,2.0,0.12,14.0,0.0,0.6,0.5,17.2,19.2,21.2,19.2,2.0,4.2,14.0,0.0,0.6,0.5,-66.4,-59.7,-53.0,-59.7,2.0,14.0,14.0,0.0,0.6,0.5,63.1,71.1,79.2,71.1,2.0,16.7,14.0,0.0,0.6,0.5,-43.0,-40.3,-37.6,-40.3,2.0,5.7,14.0,0.0,0.6,0.5,44.8,48.0,51.3,48.0,2.0,6.8,14.0,0.0,0.6,0.5,-13.6,-12.3,-11.0,-12.3,2.0,2.7,14.0,0.0,0.6,0.5,13.1,14.7,16.2,14.7,2.0,3.2,14.0,0.0,0.6,0.5,36.0,49.5,62.5,49.5,2.0,27.5,14.0,0.0,0.6,0.5,35.0,50.0,65.0,50.0,2.0,30.0,14.0,0.0,0.6,0.5
1974,2,257.0,1.0,24.81,25.7,26.59,25.7,2.0,1.84,14.0,1.0,0.6,0.5,25.32,26.0,26.68,26.0,2.0,1.41,14.0,1.0,0.6,0.5,15.86,16.18,16.5,16.18,2.0,0.66,14.0,1.0,0.6,0.5,75.3,77.0,78.7,77.0,2.0,3.5,14.0,1.0,0.5,2.42,3.1,3.78,3.1,2.0,1.41,14.0,1.0,0.6,0.5,-0.19,0.96,2.1,0.96,2.0,2.37,14.0,1.0,0.6,0.5,-1.16,0.58,2.33,0.58,2.0,3.62,14.0,1.0,0.6,0.5,1008.77,1009.35,1009.93,1009.35,2.0,1.2,14.0,1.0,0.6,0.5,6.3,7.0,7.7,7.0,2.0,1.4,14.0,1.0,0.6,0.5,0.4,4.6,8.9,4.6,2.0,8.7,14.0,1.0,0.6,0.5,-1.4,4.4,10.2,4.4,2.0,12.0,14.0,1.0,0.6,0.5,-0.5,-0.3,-0.1,-0.3,2.0,0.42,14.0,1.0,0.6,0.5,-2.1,-1.2,-0.4,-1.2,2.0,1.7,14.0,1.0,0.6,0.5,3.78,4.58,5.38,4.58,2.0,1.66,14.0,1.0,0.6,0.5,12.4,13.0,13.7,13.0,2.0,1.3,14.0,1.0,0.6,0.5,-5.9,23.2,52.4,23.2,2.0,60.3,14.0,1.0,0.6,0.5,-32.4,12.6,57.6,12.6,2.0,93.2,14.0,1.0,0.6,0.5,-3.5,14.7,32.9,14.7,2.0,37.7,14.0,1.0,0.6,0.5,-19.8,8.3,36.3,8.3,2.0,58.1,14.0,1.0,0.6,0.5,-2.1,2.4,6.9,2.4,2.0,9.3,14.0,1.0,0.6,0.5,-7.9,-0.3,7.2,-0.3,2.0,15.6,14.0,1.0,0.6,0.5,18.5,39.0,59.5,39.0,2.0,42.0,14.0,1.0,0.6,0.5,20.0,40.0,60.0,40.0,2.0,40.0,14.0,1.0,0.6,0.5
1974,2,257.0,4.0,26.0,26.0,26.0,26.0,1.0,0.0,26.0,0.0,0.7,0.8,25.5,25.5,25.5,25.5,1.0,0.0,26.0,0.0,0.7,0.8,16.77,16.77,16.77,16.77,1.0,0.0,26.0,0.0,0.7,0.8,82.0,82.0,82.0,82.0,1.0,0.0,26.0,0.0,0.8,6.7,6.7,6.7,6.7,1.0,0.0,26.0,0.0,0.7,0.8,-6.3,-6.3,-6.3,-6.3,1.0,0.0,26.0,0.0,0.7,0.8,-2.29,-2.29,-2.29,-2.29,1.0,0.0,26.0,0.0,0.7,0.8,1006.8,1006.8,1006.8,1006.8,1.0,0.0,26.0,0.0,0.7,0.8,2.0,2.0,2.0,2.0,1.0,0.0,26.0,0.0,0.7,0.8,-42.2,-42.2,-42.2,-42.2,1.0,0.0,26.0,0.0,0.7,0.8,-15.4,-15.4,-15.4,-15.4,1.0,0.0,26.0,0.0,0.7,0.8,0.5,0.5,0.5,0.5,1.0,0.0,26.0,0.0,0.7,0.8,3.4,3.4,3.4,3.4,1.0,0.0,26.0,0.0,0.7,0.8,4.36,4.36,4.36,4.36,1.0,0.0,26.0,0.0,0.7,0.8,29.2,29.2,29.2,29.2,1.0,0.0,26.0,0.0,0.7,0.8,-160.5,-160.5,-160.5,-160.5,1.0,0.0,26.0,0.0,0.7,0.8,-58.4,-58.4,-58.4,-58.4,1.0,0.0,26.0,0.0,0.7,0.8,-105.6,-105.6,-105.6,-105.6,1.0,0.0,26.0,0.0,0.7,0.8,-38.4,-38.4,-38.4,-38.4,1.0,0.0,26.0,0.0,0.7,0.8,-27.4,-27.4,-27.4,-27.4,1.0,0.0,26.0,0.0,0.7,0.8,-10.0,-10.0,-10.0,-10.0,1.0,0.0,26.0,0.0,0.7,0.8,301.0,301.0,301.0,301.0,1.0,0.0,26.0,0.0,0.7,0.8,300.0,300.0,300.0,300.0,1.0,0.0,26.0,0.0,0.7,0.8
1974,2,257.0,6.0,26.7,26.7,26.7,26.7,1.0,0.0,28.0,1.0,0.1,0.9,27.0,27.0,27.0,27.0,1.0,0.0,28.0,1.0,0.1,0.9,17.9,17.9,17.9,17.9,1.0,0.0,28.0,1.0,0.1,0.9,80.2,80.2,80.2,80.2,1.0,0.0,28.0,1.0,0.9,11.8,11.8,11.8,11.8,1.0,0.0,28.0,1.0,0.1,0.9,-11.62,-11.62,-11.62,-11.62,1.0,0.0,28.0,1.0,0.1,0.9,-2.05,-2.05,-2.05,-2.05,1.0,0.0,28.0,1.0,0.1,0.9,1009.6,1009.6,1009.6,1009.6,1.0,0.0,28.0,1.0,0.1,0.9,2.0,2.0,2.0,2.0,1.0,0.0,28.0,1.0,0.1,0.9,-137.1,-137.1,-137.1,-137.1,1.0,0.0,28.0,1.0,0.1,0.9,-24.2,-24.2,-24.2,-24.2,1.0,0.0,28.0,1.0,0.1,0.9,-0.3,-0.3,-0.3,-0.3,1.0,0.0,28.0,1.0,0.1,0.9,-3.5,-3.5,-3.5,-3.5,1.0,0.0,28.0,1.0,0.1,0.9,4.08,4.08,4.08,4.08,1.0,0.0,28.0,1.0,0.1,0.9,48.2,48.2,48.2,48.2,1.0,0.0,28.0,1.0,0.1,0.9,-313.8,-313.8,-313.8,-313.8,1.0,0.0,28.0,1.0,0.1,0.9,-55.3,-55.3,-55.3,-55.3,1.0,0.0,28.0,1.0,0.1,0.9,-208.0,-208.0,-208.0,-208.0,1.0,0.0,28.0,1.0,0.1,0.9,-36.7,-36.7,-36.7,-36.7,1.0,0.0,28.0,1.0,0.1,0.9,-47.4,-47.4,-47.4,-47.4,1.0,0.0,28.0,1.0,0.1,0.9,-8.4,-8.4,-8.4,-8.4,1.0,0.0,28.0,1.0,0.1,0.9,1643.0,1643.0,1643.0,1643.0,1.0,0.0,28.0,1.0,0.1,0.9,1645.0,1645.0,1645.0,1645.0,1.0,0.0,28.0,1.0,0.1,0.9
1974,2,257.0,7.0,26.7,26.7,26.7,26.7,1.0,0.0,4.0,1.0,0.5,0.5,26.7,26.7,26.7,26.7,1.0,0.0,4.0,1.0,0.5,0.5,17.52,17.52,17.52,17.52,1.0,0.0,4.0,1.0,0.5,0.5,80.2,80.2,80.2,80.2,1.0,0.0,4.0,1.0,0.5,5.7,5.7,5.7,5.7,1.0,0.0,4.0,1.0,0.5,0.5,-4.94,-4.94,-4.94,-4.94,1.0,0.0,4.0,1.0,0.5,0.5,-2.85,-2.85,-2.85,-2.85,1.0,0.0,4.0,1.0,0.5,0.5,1012.5,1012.5,1012.5,1012.5,1.0,0.0,4.0,1.0,0.5,0.5,1.0,1.0,1.0,1.0,1.0,0.0,4.0,1.0,0.5,0.5,-28.1,-28.1,-28.1,-28.1,1.0,0.0,4.0,1.0,0.5,0.5,-16.2,-16.2,-16.2,-16.2,1.0,0.0,4.0,1.0,0.5,0.5,0.0,0.0,0.0,0.0,1.0,0.0,4.0,1.0,0.5,0.5,0.0,0.0,0.0,0.0,1.0,0.0,4.0,1.0,0.5,0.5,4.39,4.39,4.39,4.39,1.0,0.0,4.0,1.0,0.5,0.5,25.0,25.0,25.0,25.0,1.0,0.0,4.0,1.0,0.5,0.5,-131.8,-131.8,-131.8,-131.8,1.0,0.0,4.0,1.0,0.5,0.5,-76.1,-76.1,-76.1,-76.1,1.0,0.0,4.0,1.0,0.5,0.5,-86.5,-86.5,-86.5,-86.5,1.0,0.0,4.0,1.0,0.5,0.5,-49.9,-49.9,-49.9,-49.9,1.0,0.0,4.0,1.0,0.5,0.5,-21.7,-21.7,-21.7,-21.7,1.0,0.0,4.0,1.0,0.5,0.5,-12.5,-12.5,-12.5,-12.5,1.0,0.0,4.0,1.0,0.5,0.5,185.0,185.0,185.0,185.0,1.0,0.0,4.0,1.0,0.5,0.5,185.0,185.0,185.0,185.0,1.0,0.0,4.0,1.0,0.5,0.5
1974,2,257.0,9.0,26.4,26.65,26.9,26.65,4.0,0.29,12.0,0.8,0.7,0.3,25.33,26.85,29.05,27.18,4.0,2.28,12.0,0.8,0.7,0.3,20.11,20.11,20.11,20.11,1.0,0.0,22.0,0.0,0.6,0.8,97.1,97.1,97.1,97.1,1.0,0.0,22.0,0.0,0.8,1.76,3.85,6.2,3.98,4.0,2.73,12.0,0.8,0.7,0.3,-3.99,-2.63,-1.13,-2.56,4.0,1.83,12.0,0.8,0.7,0.3,-4.75,-2.79,-1.29,-3.01,4.0,2.09,12.0,0.8,0.7,0.3,1009.15,1010.5,1011.69,1010.43,4.0,1.77,12.0,0.8,0.7,0.3,1.5,2.0,2.0,1.8,4.0,0.5,12.0,0.8,0.7,0.3,-25.4,-10.9,-2.6,-13.9,4.0,14.7,12.0,0.8,0.7,0.3,-30.3,-12.1,-2.6,-16.2,4.0,17.7,12.0,0.8,0.7,0.3,-2.41,-0.2,1.33,-0.52,4.0,2.39,12.0,0.8,0.7,0.3,-16.3,-2.5,2.9,-6.5,4.0,13.7,12.0,0.8,0.7,0.3,1.5,1.5,1.5,1.5,1.0,0.0,22.0,0.0,0.6,0.8,1.5,1.5,1.5,1.5,1.0,0.0,22.0,0.0,0.6,0.8,-116.4,-70.8,-28.3,-72.3,4.0,55.8,12.0,0.8,0.7,0.3,-138.8,-75.6,-32.5,-85.2,4.0,64.9,12.0,0.8,0.7,0.3,-6.9,-6.9,-6.9,-6.9,1.0,0.0,22.0,0.0,0.6,0.8,-18.9,-18.9,-18.9,-18.9,1.0,0.0,22.0,0.0,0.6,0.8,-0.5,-0.5,-0.5,-0.5,1.0,0.0,22.0,0.0,0.6,0.8,-1.4,-1.4,-1.4,-1.4,1.0,0.0,22.0,0.0,0.6,0.8,9.0,75.0,258.5,131.0,4.0,171.5,12.0,0.8,0.7,0.3,10.0,75.0,260.0,130.0,4.0,170.0,12.0,0.8,0.7,0.3
1974,2,257.0,10.0,26.6,26.9,28.1,27.4,7.0,1.24,12.0,0.7,0.6,0.3,26.14,27.35,28.77,27.3,8.0,1.25,14.0,0.8,0.6,0.4,15.49,17.08,18.14,16.91,6.0,1.23,12.0,0.7,0.6,0.4,70.9,78.1,81.2,77.3,6.0,7.3,12.0,0.7,0.4,3.71,6.4,9.27,6.65,8.0,3.11,14.0,0.8,0.6,0.4,-8.01,-5.25,-2.99,-5.73,8.0,3.16,14.0,0.8,0.6,0.4,-3.86,-1.63,0.0,-1.48,8.0,3.18,14.0,0.8,0.6,0.4,1011.84,1012.45,1014.42,1012.7,8.0,1.83,14.0,0.8,0.6,0.4,1.1,2.0,2.9,2.0,8.0,0.8,14.0,0.8,0.6,0.4,-73.5,-38.0,-13.0,-46.4,8.0,41.8,14.0,0.8,0.6,0.4,-21.9,-9.8,0.0,-8.8,8.0,27.1,14.0,0.8,0.6,0.4,-1.14,0.1,1.56,0.13,7.0,1.66,12.0,0.7,0.6,0.3,-9.1,0.5,12.2,3.1,7.0,12.9,12.0,0.7,0.6,0.3,3.94,5.22,7.33,5.67,5.0,2.19,10.0,0.6,0.7,0.3,23.1,31.8,68.4,43.5,5.0,28.4,10.0,0.6,0.7,0.3,-216.9,-148.0,-80.2,-155.1,8.0,82.3,14.0,0.8,0.6,0.4,-110.7,-43.5,0.0,-41.8,8.0,89.1,14.0,0.8,0.6,0.4,-150.2,-102.6,-43.6,-102.0,6.0,61.5,12.0,0.7,0.6,0.4,-37.2,-10.1,16.8,-4.3,6.0,46.9,12.0,0.7,0.6,0.4,-63.7,-31.8,-16.6,-39.0,5.0,25.9,10.0,0.6,0.7,0.3,-14.6,0.0,15.5,2.0,5.0,24.4,10.0,0.6,0.7,0.3,52.5,294.5,796.0,466.0,8.0,501.5,14.0,0.8,0.6,0.4,50.0,295.0,795.0,465.0,8.0,500.0,14.0,0.8,0.6,0.4
1974,2,257.0,11.0,26.66,27.2,27.84,27.23,6.0,0.59,18.0,0.8,0.7,0.4,26.19,26.85,28.84,27.4,6.0,2.01,18.0,0.8,0.7,0.4,14.8,15.74,16.71,15.76,4.0,1.27,18.0,0.8,0.6,0.4,65.2,75.3,80.4,72.9,4.0,9.9,18.0,0.8,0.4,2.5,3.6,7.14,4.43,6.0,2.43,18.0,0.8,0.7,0.4,-7.04,-3.27,-2.22,-4.23,6.0,2.43,18.0,0.8,0.7,0.4,-1.54,-1.26,-0.36,-1.1,6.0,0.8,18.0,0.8,0.7,0.4,1010.73,1012.5,1013.61,1012.35,6.0,1.88,18.0,0.8,0.7,0.4,1.0,2.0,2.2,1.8,6.0,0.8,18.0,0.8,0.7,0.4,-50.3,-12.5,-5.6,-23.6,6.0,23.7,18.0,0.8,0.7,0.4,-10.4,-5.9,-0.9,-5.7,6.0,4.7,18.0,0.8,0.7,0.4,-1.87,0.35,1.34,-0.17,6.0,1.73,18.0,0.8,0.7,0.4,-10.0,1.9,3.9,-2.7,6.0,9.6,18.0,0.8,0.7,0.4,5.42,6.6,7.83,6.62,4.0,1.4,18.0,0.8,0.6,0.4,17.5,27.9,37.9,27.7,4.0,12.1,18.0,0.8,0.6,0.4,-204.6,-90.3,-56.6,-118.2,6.0,72.5,18.0,0.8,0.7,0.4,-43.2,-34.1,-9.5,-30.5,6.0,22.6,18.0,0.8,0.7,0.4,-95.7,-48.1,-37.7,-65.9,4.0,44.4,18.0,0.8,0.6,0.4,-28.2,-22.0,-13.6,-20.9,4.0,10.6,18.0,0.8,0.6,0.4,-35.4,-25.4,-16.4,-25.8,4.0,11.9,18.0,0.8,0.6,0.4,-12.6,-7.1,-5.2,-8.9,4.0,6.0,18.0,0.8,0.6,0.4,16.0,57.5,366.5,157.0,6.0,194.0,18.0,0.8,0.7,0.4,15.0,55.0,365.0,155.0,6.0,195.0,18.0,0.8,0.7,0.4
1974,2,257.0,12.0,27.15,27.8,28.67,27.74,16.0,0.96,20.0,0.8,0.6,0.4,26.6,27.9,29.53,28.08,18.0,1.52,18.0,0.8,0.6,0.4,15.54,16.33,17.53,16.52,10.0,1.48,22.0,0.7,0.7,0.4,61.9,68.8,76.7,69.3,10.0,7.3,22.0,0.7,0.4,1.92,4.6,7.35,4.36,18.0,2.48,18.0,0.8,0.6,0.4,-6.07,-2.57,-0.89,-3.01,18.0,3.29,18.0,0.8,0.6,0.4,-3.34,-1.66,0.15,-1.5,18.0,1.86,18.0,0.8,0.6,0.4,1010.18,1013.5,1015.9,1013.01,17.0,2.74,18.0,0.8,0.7,0.5,1.0,2.0,6.0,2.7,18.0,2.1,18.0,0.8,0.6,0.4,-41.1,-10.7,-2.1,-17.1,18.0,26.5,18.0,0.8,0.6,0.4,-19.4,-6.4,0.2,-7.2,18.0,11.0,18.0,0.8,0.6,0.4,-1.66,-0.15,1.1,-0.41,16.0,1.8,20.0,0.8,0.6,0.4,-4.8,-0.4,6.5,-1.9,16.0,9.5,20.0,0.8,0.6,0.4,5.44,6.6,8.45,6.84,10.0,1.52,22.0,0.7,0.7,0.4,17.0,28.4,41.7,28.9,10.0,16.5,22.0,0.7,0.7,0.4,-169.8,-70.8,-25.5,-85.4,18.0,92.8,18.0,0.8,0.6,0.4,-90.0,-50.5,4.6,-41.6,18.0,51.3,18.0,0.8,0.6,0.4,-80.3,-58.0,-31.6,-60.3,10.0,40.1,22.0,0.7,0.7,0.4,-59.6,-33.2,4.6,-29.4,10.0,32.8,22.0,0.7,0.7,0.4,-40.1,-21.7,-12.9,-23.7,10.0,15.5,22.0,0.7,0.7,0.4,-26.9,-11.9,2.3,-12.0,10.0,13.3,22.0,0.7,0.7,0.4,7.5,97.5,398.5,160.5,18.0,196.5,18.0,0.8,0.6,0.4,5.0,95.0,400.0,160.0,18.0,195.0,18.0,0.8,0.6,0.4
1974,2,257.0,13.0,27.9,28.6,29.04,28.47,13.0,1.01,18.0,0.5,0.5,0.5,26.1,27.3,28.0,27.13,12.0,1.14,16.0,0.5,0.4,0.5,16.03,16.99,18.23,17.22,10.0,1.73,18.0,0.4,0.5,0.5,68.3,76.1,87.1,77.4,10.0,10.0,18.0,0.4,0.5,2.19,2.85,4.23,3.22,12.0,1.83,16.0,0.5,0.4,0.5,-3.71,-2.52,-1.61,-2.65,12.0,1.69,16.0,0.5,0.4,0.5,-2.52,-0.68,0.35,-1.03,12.0,1.72,16.0,0.5,0.4,0.5,1012.2,1013.1,1014.56,1013.21,14.0,1.11,18.0,0.6,0.5,0.5,2.0,2.0,3.0,2.4,14.0,1.0,18.0,0.6,0.5,0.5,-16.3,-6.6,-4.7,-11.2,12.0,12.1,16.0,0.5,0.4,0.5,-8.9,-1.5,0.7,-5.6,12.0,11.2,16.0,0.5,0.4,0.5,0.47,0.8,2.85,1.38,12.0,1.91,16.0,0.5,0.4,0.5,1.3,2.3,5.9,3.6,12.0,6.1,16.0,0.5,0.4,0.5,5.11,8.19,8.94,7.3,10.0,2.24,18.0,0.4,0.5,0.5,8.8,18.3,35.4,24.2,10.0,18.8,18.0,0.4,0.5,0.5,-103.1,-69.6,-44.7,-72.3,12.0,45.6,16.0,0.5,0.4,0.5,-71.1,-18.0,9.4,-28.6,12.0,47.5,16.0,0.5,0.4,0.5,-76.8,-48.3,-19.6,-46.6,10.0,31.2,18.0,0.4,0.5,0.5,-46.1,-15.3,0.0,-23.2,10.0,24.9,18.0,0.4,0.5,0.5,-30.1,-18.2,-4.7,-19.2,10.0,16.6,18.0,0.4,0.5,0.5,-20.9,-5.9,0.0,-10.3,10.0,14.2,18.0,0.4,0.5,0.5,13.5,23.5,76.0,68.0,12.0,125.5,16.0,0.5,0.4,0.5,15.0,25.0,75.0,70.0,12.0,125.0,16.0,0.5,0.4,0.5
1974,2,257.0,14.0,27.8,28.3,29.52,28.7,7.0,0.87,16.0,0.6,0.6,0.4,26.52,27.65,29.36,27.74,8.0,1.97,14.0,0.6,0.6,0.4,15.9,15.91,16.0,15.95,3.0,0.08,8.0,0.0,0.4,0.8,72.4,74.5,80.6,76.4,3.0,6.2,8.0,0.0,0.8,0.95,2.1,2.77,2.37,7.0,1.93,16.0,0.7,0.5,0.4,-1.38,0.0,0.23,0.07,7.0,2.2,16.0,0.7,0.5,0.4,-2.67,-1.61,0.36,-1.39,7.0,1.78,16.0,0.7,0.5,0.4,1011.43,1012.5,1013.55,1012.34,7.0,1.44,16.0,0.6,0.6,0.4,0.2,2.0,3.8,2.3,8.0,2.0,14.0,0.6,0.6,0.4,-2.9,0.0,1.4,3.1,7.0,11.7,16.0,0.7,0.5,0.4,-7.6,-3.4,0.4,-5.7,7.0,9.0,16.0,0.7,0.5,0.4,-0.72,2.5,3.02,1.37,7.0,2.02,16.0,0.6,0.6,0.4,-2.0,-0.5,8.9,2.8,6.0,7.2,18.0,0.7,0.5,0.3,8.24,9.77,10.46,9.36,3.0,1.67,8.0,0.0,0.4,0.8,2.5,7.9,13.3,7.9,2.0,11.2,12.0,0.0,0.2,0.7,-38.7,0.0,6.1,1.7,7.0,58.7,16.0,0.7,0.5,0.4,-77.9,-45.5,10.8,-39.4,7.0,49.1,16.0,0.7,0.5,0.4,-26.4,-15.7,-5.0,-15.7,2.0,22.2,12.0,0.0,0.2,0.7,1.8,5.7,9.6,5.7,2.0,8.1,12.0,0.0,0.2,0.7,-12.5,-7.4,-2.4,-7.4,2.0,10.5,12.0,0.0,0.2,0.7,0.9,2.7,4.5,2.7,2.0,3.8,12.0,0.0,0.2,0.7,1.0,9.5,28.0,42.0,7.0,87.0,16.0,0.7,0.5,0.4,0.0,10.0,30.0,40.0,7.0,85.0,16.0,0.7,0.5,0.4
1974,2,257.0,15.0,27.22,27.8,28.29,27.67,14.0,0.78,18.0,0.8,0.6,0.2,26.7,27.8,28.91,27.82,13.0,1.11,18.0,0.8,0.6,0.2,15.72,16.41,17.17,16.44,3.0,1.07,14.0,0.3,0.4,0.4,70.5,71.5,74.1,72.3,3.0,2.7,14.0,0.3,0.4,2.6,2.6,5.27,3.44,9.0,1.66,16.0,0.7,0.6,0.3,-1.55,1.67,3.37,1.07,9.0,2.71,16.0,0.7,0.6,0.3,-3.13,-1.99,-0.5,-1.55,9.0,2.18,16.0,0.7,0.6,0.3,1012.15,1012.9,1013.6,1012.77,12.0,0.97,20.0,0.8,0.6,0.2,0.0,0.0,1.9,0.5,14.0,0.9,18.0,0.8,0.6,0.2,-5.4,4.3,17.0,5.7,9.0,13.8,16.0,0.7,0.6,0.3,-17.5,-5.2,-0.8,-6.8,9.0,10.8,16.0,0.7,0.6,0.3,-1.1,-0.2,0.86,-0.15,13.0,1.29,18.0,0.8,0.6,0.2,-2.4,0.6,5.0,0.7,9.0,4.3,16.0,0.7,0.6,0.3,4.25,5.88,6.48,5.38,3.0,1.69,14.0,0.3,0.4,0.4,6.9,9.1,14.9,10.8,3.0,6.0,14.0,0.3,0.4,0.4,-42.1,49.1,94.4,31.0,9.0,75.2,16.0,0.7,0.6,0.3,-86.7,-58.6,-14.0,-43.1,9.0,60.0,16.0,0.7,0.6,0.3,-13.7,-11.8,26.9,6.2,3.0,33.6,14.0,0.3,0.4,0.4,-30.5,-9.9,-8.5,-19.3,3.0,18.0,14.0,0.3,0.4,0.4,-5.5,-4.5,4.7,-0.5,3.0,8.2,14.0,0.3,0.4,0.4,-12.5,-3.8,-2.3,-7.3,3.0,8.1,14.0,0.3,0.4,0.4,17.5,17.5,154.0,68.0,9.0,85.0,16.0,0.7,0.6,0.3,20.0,20.0,155.0,70.0,9.0,85.0,16.0,0.7,0.6,0.3
1974,2,257.0,16.0,25.8,27.0,28.2,26.97,23.0,1.43,18.0,0.7,0.5,0.3,24.83,26.85,28.1,26.52,24.0,1.69,16.0,0.6,0.5,0.3,14.09,15.19,16.6,15.36,11.0,1.71,10.0,0.4,0.5,0.4,71.5,75.6,80.9,75.4,11.0,7.0,10.0,0.4,0.4,1.5,2.35,4.75,2.73,18.0,1.87,14.0,0.6,0.5,0.4,0.81,1.59,2.69,1.86,18.0,1.56,14.0,0.6,0.5,0.4,-3.01,0.0,1.29,-0.77,18.0,2.17,14.0,0.6,0.5,0.4,1010.95,1012.5,1014.2,1012.42,23.0,1.46,16.0,0.6,0.5,0.3,0.0,0.0,2.0,0.5,24.0,1.0,16.0,0.6,0.5,0.3,1.3,3.3,10.2,7.5,18.0,11.3,14.0,0.6,0.5,0.4,-14.8,0.0,3.4,-4.6,18.0,9.5,14.0,0.6,0.5,0.4,-0.73,0.25,1.33,0.35,22.0,1.43,18.0,0.6,0.5,0.3,-1.0,0.0,3.1,1.1,16.0,3.7,16.0,0.6,0.5,0.4,3.38,5.36,8.63,5.75,11.0,3.0,10.0,0.4,0.5,0.4,3.4,11.6,15.3,11.9,10.0,10.1,10.0,0.4,0.5,0.4,22.5,40.2,73.4,49.2,18.0,41.3,14.0,0.6,0.5,0.4,-74.1,0.0,35.9,-19.0,18.0,57.8,14.0,0.6,0.5,0.4,1.4,19.6,46.6,22.6,10.0,19.4,10.0,0.4,0.5,0.4,-32.5,0.0,15.2,-9.1,10.0,28.3,10.0,0.4,0.5,0.4,1.0,7.2,12.7,8.6,10.0,8.1,10.0,0.4,0.5,0.4,-13.9,0.0,4.5,-4.1,10.0,9.6,10.0,0.4,0.5,0.4,3.5,13.5,108.0,51.5,18.0,91.5,14.0,0.6,0.5,0.4,5.0,15.0,110.0,50.0,18.0,90.0,14.0,0.6,0.5,0.4
1974,2,257.0,17.0,25.6,27.0,28.3,26.88,80.0,1.36,16.0,0.7,0.6,0.6,25.0,26.1,27.43,26.35,85.0,1.53,16.0,0.7,0.6,0.5,15.09,16.27,17.44,16.39,68.0,1.69,16.0,0.6,0.6,0.6,72.3,77.4,83.2,77.4,69.0,6.0,16.0,0.6,0.6,0.0,2.6,4.17,2.51,82.0,1.96,16.0,0.7,0.6,0.6,-0.38,1.32,3.14,1.24,82.0,2.43,16.0,0.7,0.6,0.6,-1.75,0.0,1.1,-0.26,82.0,1.65,16.0,0.7,0.6,0.6,1010.8,1013.0,1015.0,1012.82,83.0,2.08,14.0,0.7,0.6,0.5,0.0,1.0,3.0,1.5,87.0,1.6,16.0,0.7,0.6,0.5,-0.4,2.2,12.0,5.3,82.0,14.0,16.0,0.7,0.6,0.6,-5.4,0.0,2.4,-2.0,82.0,7.6,16.0,0.7,0.6,0.6,-1.2,0.9,2.2,0.56,79.0,1.58,16.0,0.7,0.6,0.5,-1.4,0.2,5.7,1.3,74.0,4.9,16.0,0.7,0.6,0.6,3.76,5.7,7.92,5.58,67.0,2.32,16.0,0.6,0.6,0.6,0.0,12.0,25.3,13.7,62.0,13.3,16.0,0.6,0.6,0.6,-14.0,35.2,91.3,33.0,80.0,65.0,16.0,0.7,0.6,0.5,-45.4,0.0,31.0,-6.9,80.0,44.2,16.0,0.7,0.6,0.5,-8.9,17.5,58.5,19.4,63.0,41.8,16.0,0.6,0.6,0.6,-31.2,0.0,21.1,-5.3,63.0,30.3,16.0,0.6,0.6,0.6,-0.3,5.9,18.6,7.2,62.0,14.6,16.0,0.6,0.6,0.6,-9.2,0.0,6.6,-2.0,62.0,10.1,16.0,0.6,0.6,0.6,0.0,17.5,73.0,49.5,82.0,99.0,16.0,0.7,0.6,0.6,0.0,20.0,75.0,50.0,82.0,100.0,16.0,0.7,0.6,0.6
1974,2,258.0,-69.0,,,,,,,,,,,,,,,,,,,,,,,,,,,,,,,,,,,,,,,,,,,,,,,,,,,,,,,,,,,,,,,,,,,,,,,,,,,,,,,,6.0,6.0,6.0,6.0,1.0,0.0,22.0,1.0,1.0,0.6,5.9,5.9,5.9,5.9,1.0,0.0,22.0,1.0,1.0,0.6,3.4,3.4,3.4,3.4,1.0,0.0,22.0,1.0,1.0,0.6,,,,,,,,,,,,,,,,,,,,,,,,,,,,,,,,,,,,,,,,,,,,,,,,,,,,,,,,,,,,,,,,,,,,,,,,,,,,,,,,,,,,,,,,,,,,,,,,,,,,,,,,,,,,,,,,,,,,,,,,
1974,2,258.0,-19.0,22.0,22.0,22.0,22.0,1.0,0.0,4.0,1.0,0.1,0.5,24.5,24.5,24.5,24.5,1.0,0.0,4.0,1.0,0.1,0.5,13.92,13.92,13.92,13.92,1.0,0.0,4.0,1.0,0.1,0.5,73.2,73.2,73.2,73.2,1.0,0.0,4.0,1.0,0.5,8.7,8.7,8.7,8.7,1.0,0.0,4.0,1.0,0.1,0.5,-8.57,-8.57,-8.57,-8.57,1.0,0.0,4.0,1.0,0.1,0.5,1.51,1.51,1.51,1.51,1.0,0.0,4.0,1.0,0.1,0.5,1019.0,1019.0,1019.0,1019.0,1.0,0.0,4.0,1.0,0.1,0.5,8.0,8.0,8.0,8.0,1.0,0.0,4.0,1.0,0.1,0.5,-74.5,-74.5,-74.5,-74.5,1.0,0.0,4.0,1.0,0.1,0.5,13.1,13.1,13.1,13.1,1.0,0.0,4.0,1.0,0.1,0.5,-2.5,-2.5,-2.5,-2.5,1.0,0.0,4.0,1.0,0.1,0.5,-21.7,-21.7,-21.7,-21.7,1.0,0.0,4.0,1.0,0.1,0.5,2.45,2.45,2.45,2.45,1.0,0.0,4.0,1.0,0.1,0.5,21.3,21.3,21.3,21.3,1.0,0.0,4.0,1.0,0.1,0.5,-209.9,-209.9,-209.9,-209.9,1.0,0.0,4.0,1.0,0.1,0.5,37.0,37.0,37.0,37.0,1.0,0.0,4.0,1.0,0.1,0.5,-119.3,-119.3,-119.3,-119.3,1.0,0.0,4.0,1.0,0.1,0.5,21.0,21.0,21.0,21.0,1.0,0.0,4.0,1.0,0.1,0.5,-21.0,-21.0,-21.0,-21.0,1.0,0.0,4.0,1.0,0.1,0.5,3.7,3.7,3.7,3.7,1.0,0.0,4.0,1.0,0.1,0.5,658.5,658.5,658.5,658.5,1.0,0.0,4.0,1.0,0.1,0.5,660.0,660.0,660.0,660.0,1.0,0.0,4.0,1.0,0.1,0.5
1974,2,258.0,-18.0,21.5,21.5,21.5,21.5,1.0,0.0,2.0,0.0,0.6,0.4,20.5,20.5,20.5,20.5,1.0,0.0,2.0,0.0,0.6,0.4,13.6,13.6,13.6,13.6,1.0,0.0,2.0,0.0,0.6,0.4,91.1,91.1,91.1,91.1,1.0,0.0,2.0,0.0,0.4,4.6,4.6,4.6,4.6,1.0,0.0,2.0,0.0,0.6,0.4,-3.52,-3.52,-3.52,-3.52,1.0,0.0,2.0,0.0,0.6,0.4,2.96,2.96,2.96,2.96,1.0,0.0,2.0,0.0,0.6,0.4,1017.0,1017.0,1017.0,1017.0,1.0,0.0,2.0,0.0,0.6,0.4,7.0,7.0,7.0,7.0,1.0,0.0,2.0,0.0,0.6,0.4,-16.2,-16.2,-16.2,-16.2,1.0,0.0,2.0,0.0,0.6,0.4,13.6,13.6,13.6,13.6,1.0,0.0,2.0,0.0,0.6,0.4,1.0,1.0,1.0,1.0,1.0,0.0,2.0,0.0,0.6,0.4,4.6,4.6,4.6,4.6,1.0,0.0,2.0,0.0,0.6,0.4,2.3,2.3,2.3,2.3,1.0,0.0,2.0,0.0,0.6,0.4,10.6,10.6,10.6,10.6,1.0,0.0,2.0,0.0,0.6,0.4,-72.2,-72.2,-72.2,-72.2,1.0,0.0,2.0,0.0,0.6,0.4,60.6,60.6,60.6,60.6,1.0,0.0,2.0,0.0,0.6,0.4,-47.9,-47.9,-47.9,-47.9,1.0,0.0,2.0,0.0,0.6,0.4,40.2,40.2,40.2,40.2,1.0,0.0,2.0,0.0,0.6,0.4,-8.1,-8.1,-8.1,-8.1,1.0,0.0,2.0,0.0,0.6,0.4,6.8,6.8,6.8,6.8,1.0,0.0,2.0,0.0,0.6,0.4,97.5,97.5,97.5,97.5,1.0,0.0,2.0,0.0,0.6,0.4,95.0,95.0,95.0,95.0,1.0,0.0,2.0,0.0,0.6,0.4
1974,2,258.0,-17.0,25.6,25.6,25.6,25.6,1.0,0.0,8.0,1.0,1.0,1.0,24.3,24.3,24.3,24.3,1.0,0.0,8.0,1.0,1.0,1.0,14.81,14.81,14.81,14.81,1.0,0.0,8.0,1.0,1.0,1.0,78.4,78.4,78.4,78.4,1.0,0.0,8.0,1.0,1.0,5.1,5.1,5.1,5.1,1.0,0.0,8.0,1.0,1.0,1.0,-5.1,-5.1,-5.1,-5.1,1.0,0.0,8.0,1.0,1.0,1.0,0.0,0.0,0.0,0.0,1.0,0.0,8.0,1.0,1.0,1.0,1013.5,1013.5,1013.5,1013.5,1.0,0.0,8.0,1.0,1.0,1.0,6.0,6.0,6.0,6.0,1.0,0.0,8.0,1.0,1.0,1.0,-26.0,-26.0,-26.0,-26.0,1.0,0.0,8.0,1.0,1.0,1.0,0.0,0.0,0.0,0.0,1.0,0.0,8.0,1.0,1.0,1.0,1.3,1.3,1.3,1.3,1.0,0.0,8.0,1.0,1.0,1.0,6.6,6.6,6.6,6.6,1.0,0.0,8.0,1.0,1.0,1.0,5.68,5.68,5.68,5.68,1.0,0.0,8.0,1.0,1.0,1.0,29.0,29.0,29.0,29.0,1.0,0.0,8.0,1.0,1.0,1.0,-123.9,-123.9,-123.9,-123.9,1.0,0.0,8.0,1.0,1.0,1.0,0.0,0.0,0.0,0.0,1.0,0.0,8.0,1.0,1.0,1.0,-75.5,-75.5,-75.5,-75.5,1.0,0.0,8.0,1.0,1.0,1.0,0.0,0.0,0.0,0.0,1.0,0.0,8.0,1.0,1.0,1.0,-29.0,-29.0,-29.0,-29.0,1.0,0.0,8.0,1.0,1.0,1.0,0.0,0.0,0.0,0.0,1.0,0.0,8.0,1.0,1.0,1.0,132.5,132.5,132.5,132.5,1.0,0.0,8.0,1.0,1.0,1.0,135.0,135.0,135.0,135.0,1.0,0.0,8.0,1.0,1.0,1.0
1974,2,258.0,-16.0,23.48,24.5,25.52,24.5,2.0,2.12,8.0,0.0,0.6,1.0,22.59,23.85,25.11,23.85,2.0,2.62,8.0,0.0,0.6,1.0,13.69,13.69,13.69,13.69,1.0,0.0,2.0,0.0,0.5,1.0,83.6,83.6,83.6,83.6,1.0,0.0,2.0,0.0,1.0,5.56,6.55,7.54,6.55,2.0,2.05,8.0,0.0,0.6,1.0,-7.15,-5.58,-4.01,-5.58,2.0,3.25,8.0,0.0,0.6,1.0,1.79,2.65,3.51,2.65,2.0,1.78,8.0,0.0,0.6,1.0,1016.41,1016.65,1016.89,1016.65,2.0,0.5,8.0,0.0,0.6,1.0,4.2,4.5,4.8,4.5,2.0,0.7,8.0,0.0,0.6,1.0,-55.7,-39.9,-24.1,-39.9,2.0,32.7,8.0,0.0,0.6,1.0,12.5,15.5,18.5,15.5,2.0,6.2,8.0,0.0,0.6,1.0,0.41,0.65,0.89,0.65,2.0,0.49,8.0,0.0,0.6,1.0,2.8,3.8,4.7,3.8,2.0,1.9,8.0,0.0,0.6,1.0,3.75,3.75,3.75,3.75,1.0,0.0,2.0,0.0,0.5,1.0,19.1,19.1,19.1,19.1,1.0,0.0,2.0,0.0,0.5,1.0,-181.8,-137.3,-92.8,-137.3,2.0,92.2,8.0,0.0,0.6,1.0,43.7,60.8,78.0,60.8,2.0,35.5,8.0,0.0,0.6,1.0,-44.9,-44.9,-44.9,-44.9,1.0,0.0,2.0,0.0,0.5,1.0,53.5,53.5,53.5,53.5,1.0,0.0,2.0,0.0,0.5,1.0,-12.3,-12.3,-12.3,-12.3,1.0,0.0,2.0,0.0,0.5,1.0,14.7,14.7,14.7,14.7,1.0,0.0,2.0,0.0,0.5,1.0,193.0,322.5,452.0,322.5,2.0,268.0,8.0,0.0,0.6,1.0,195.0,320.0,450.0,320.0,2.0,270.0,8.0,0.0,0.6,1.0
1974,2,258.0,-15.0,24.0,24.0,24.0,24.0,1.0,0.0,26.0,0.0,1.0,0.9,23.4,23.4,23.4,23.4,1.0,0.0,26.0,0.0,1.0,0.9,15.76,15.76,15.76,15.76,1.0,0.0,26.0,0.0,1.0,0.9,88.0,88.0,88.0,88.0,1.0,0.0,26.0,0.0,0.9,5.7,5.7,5.7,5.7,1.0,0.0,26.0,0.0,1.0,0.9,-5.36,-5.36,-5.36,-5.36,1.0,0.0,26.0,0.0,1.0,0.9,1.95,1.95,1.95,1.95,1.0,0.0,26.0,0.0,1.0,0.9,1013.4,1013.4,1013.4,1013.4,1.0,0.0,26.0,0.0,1.0,0.9,7.0,7.0,7.0,7.0,1.0,0.0,26.0,0.0,1.0,0.9,-30.5,-30.5,-30.5,-30.5,1.0,0.0,26.0,0.0,1.0,0.9,11.1,11.1,11.1,11.1,1.0,0.0,26.0,0.0,1.0,0.9,0.6,0.6,0.6,0.6,1.0,0.0,26.0,0.0,1.0,0.9,3.4,3.4,3.4,3.4,1.0,0.0,26.0,0.0,1.0,0.9,2.84,2.84,2.84,2.84,1.0,0.0,26.0,0.0,1.0,0.9,16.2,16.2,16.2,16.2,1.0,0.0,26.0,0.0,1.0,0.9,-125.3,-125.3,-125.3,-125.3,1.0,0.0,26.0,0.0,1.0,0.9,45.6,45.6,45.6,45.6,1.0,0.0,26.0,0.0,1.0,0.9,-84.4,-84.4,-84.4,-84.4,1.0,0.0,26.0,0.0,1.0,0.9,30.7,30.7,30.7,30.7,1.0,0.0,26.0,0.0,1.0,0.9,-15.2,-15.2,-15.2,-15.2,1.0,0.0,26.0,0.0,1.0,0.9,5.5,5.5,5.5,5.5,1.0,0.0,26.0,0.0,1.0,0.9,185.0,185.0,185.0,185.0,1.0,0.0,26.0,0.0,1.0,0.9,185.0,185.0,185.0,185.0,1.0,0.0,26.0,0.0,1.0,0.9
1974,2,258.0,-14.0,23.22,23.25,23.28,23.25,2.0,0.07,12.0,0.5,0.5,0.6,23.19,23.6,24.01,23.6,2.0,0.85,12.0,0.5,0.5,0.6,13.78,14.99,16.2,14.99,2.0,2.51,12.0,0.5,0.5,0.6,74.5,83.2,91.8,83.2,2.0,17.9,12.0,0.5,0.6,7.36,7.7,8.04,7.7,2.0,0.71,12.0,0.5,0.5,0.6,-7.92,-7.58,-7.25,-7.58,2.0,0.7,12.0,0.5,0.5,0.6,1.28,1.34,1.4,1.34,2.0,0.12,12.0,0.5,0.5,0.6,1013.62,1014.1,1014.58,1014.1,2.0,0.99,12.0,0.5,0.5,0.6,3.3,4.0,4.7,4.0,2.0,1.4,12.0,0.5,0.5,0.6,-63.8,-58.6,-53.5,-58.6,2.0,10.7,12.0,0.5,0.5,0.6,9.4,10.3,11.3,10.3,2.0,1.9,12.0,0.5,0.5,0.6,-0.79,-0.35,0.09,-0.35,2.0,0.92,12.0,0.5,0.5,0.6,-5.7,-2.4,0.9,-2.4,2.0,6.8,12.0,0.5,0.5,0.6,1.6,2.77,3.94,2.77,2.0,2.42,12.0,0.5,0.5,0.6,12.4,20.5,28.5,20.5,2.0,16.7,12.0,0.5,0.5,0.6,-183.5,-178.7,-173.8,-178.7,2.0,10.0,12.0,0.5,0.5,0.6,30.7,31.5,32.4,31.5,2.0,1.8,12.0,0.5,0.5,0.6,-128.8,-114.5,-100.3,-114.5,2.0,29.5,12.0,0.5,0.5,0.6,17.7,20.2,22.7,20.2,2.0,5.2,12.0,0.5,0.5,0.6,-28.1,-20.2,-12.2,-20.2,2.0,16.4,12.0,0.5,0.5,0.6,2.2,3.6,5.0,3.6,2.0,2.9,12.0,0.5,0.5,0.6,401.5,462.5,523.0,462.5,2.0,126.0,12.0,0.5,0.5,0.6,400.0,460.0,525.0,460.0,2.0,125.0,12.0,0.5,0.5,0.6
1974,2,258.0,-13.0,23.9,23.9,23.9,23.9,1.0,0.0,10.0,0.0,0.2,0.7,21.7,21.7,21.7,21.7,1.0,0.0,10.0,0.0,0.2,0.7,13.08,13.08,13.08,13.08,1.0,0.0,10.0,0.0,0.2,0.7,81.0,81.0,81.0,81.0,1.0,0.0,10.0,0.0,0.7,6.2,6.2,6.2,6.2,1.0,0.0,10.0,0.0,0.2,0.7,-3.99,-3.99,-3.99,-3.99,1.0,0.0,10.0,0.0,0.2,0.7,4.75,4.75,4.75,4.75,1.0,0.0,10.0,0.0,0.2,0.7,1012.0,1012.0,1012.0,1012.0,1.0,0.0,10.0,0.0,0.2,0.7,3.0,3.0,3.0,3.0,1.0,0.0,10.0,0.0,0.2,0.7,-24.7,-24.7,-24.7,-24.7,1.0,0.0,10.0,0.0,0.2,0.7,29.4,29.4,29.4,29.4,1.0,0.0,10.0,0.0,0.2,0.7,2.2,2.2,2.2,2.2,1.0,0.0,10.0,0.0,0.2,0.7,13.6,13.6,13.6,13.6,1.0,0.0,10.0,0.0,0.2,0.7,5.44,5.44,5.44,5.44,1.0,0.0,10.0,0.0,0.2,0.7,33.7,33.7,33.7,33.7,1.0,0.0,10.0,0.0,0.2,0.7,-86.5,-86.5,-86.5,-86.5,1.0,0.0,10.0,0.0,0.2,0.7,103.1,103.1,103.1,103.1,1.0,0.0,10.0,0.0,0.2,0.7,-52.1,-52.1,-52.1,-52.1,1.0,0.0,10.0,0.0,0.2,0.7,62.1,62.1,62.1,62.1,1.0,0.0,10.0,0.0,0.2,0.7,-21.7,-21.7,-21.7,-21.7,1.0,0.0,10.0,0.0,0.2,0.7,25.8,25.8,25.8,25.8,1.0,0.0,10.0,0.0,0.2,0.7,238.5,238.5,238.5,238.5,1.0,0.0,10.0,0.0,0.2,0.7,240.0,240.0,240.0,240.0,1.0,0.0,10.0,0.0,0.2,0.7
1974,2,258.0,-12.0,23.8,23.8,23.8,23.8,1.0,0.0,24.0,0.0,0.8,0.8,23.0,23.0,23.0,23.0,1.0,0.0,24.0,0.0,0.8,0.8,14.73,14.73,14.73,14.73,1.0,0.0,24.0,0.0,0.8,0.8,84.2,84.2,84.2,84.2,1.0,0.0,24.0,0.0,0.8,10.3,10.3,10.3,10.3,1.0,0.0,24.0,0.0,0.8,0.8,-6.62,-6.62,-6.62,-6.62,1.0,0.0,24.0,0.0,0.8,0.8,7.89,7.89,7.89,7.89,1.0,0.0,24.0,0.0,0.8,0.8,1012.6,1012.6,1012.6,1012.6,1.0,0.0,24.0,0.0,0.8,0.8,7.0,7.0,7.0,7.0,1.0,0.0,24.0,0.0,0.8,0.8,-68.2,-68.2,-68.2,-68.2,1.0,0.0,24.0,0.0,0.8,0.8,81.3,81.3,81.3,81.3,1.0,0.0,24.0,0.0,0.8,0.8,0.8,0.8,0.8,0.8,1.0,0.0,24.0,0.0,0.8,0.8,8.2,8.2,8.2,8.2,1.0,0.0,24.0,0.0,0.8,0.8,3.66,3.66,3.66,3.66,1.0,0.0,24.0,0.0,0.8,0.8,37.7,37.7,37.7,37.7,1.0,0.0,24.0,0.0,0.8,0.8,-152.3,-152.3,-152.3,-152.3,1.0,0.0,24.0,0.0,0.8,0.8,181.5,181.5,181.5,181.5,1.0,0.0,24.0,0.0,0.8,0.8,-97.5,-97.5,-97.5,-97.5,1.0,0.0,24.0,0.0,0.8,0.8,116.2,116.2,116.2,116.2,1.0,0.0,24.0,0.0,0.8,0.8,-24.2,-24.2,-24.2,-24.2,1.0,0.0,24.0,0.0,0.8,0.8,28.9,28.9,28.9,28.9,1.0,0.0,24.0,0.0,0.8,0.8,1092.5,1092.5,1092.5,1092.5,1.0,0.0,24.0,0.0,0.8,0.8,1095.0,1095.0,1095.0,1095.0,1.0,0.0,24.0,0.0,0.8,0.8
1974,2,258.0,-11.0,24.41,25.3,25.78,25.1,3.0,1.01,18.0,0.7,0.5,0.5,24.82,25.0,25.22,25.02,5.0,0.39,22.0,0.6,0.6,0.7,15.01,15.44,15.87,15.44,2.0,0.9,18.0,0.5,0.5,0.6,78.1,79.4,80.8,79.4,2.0,2.8,18.0,0.5,0.6,4.92,7.0,7.86,6.58,5.0,1.77,22.0,0.6,0.6,0.7,-6.02,-5.36,-4.84,-5.46,5.0,0.88,22.0,0.6,0.6,0.7,0.85,4.5,5.05,3.32,5.0,2.32,22.0,0.6,0.6,0.7,1012.0,1012.6,1014.34,1013.12,5.0,1.35,22.0,0.6,0.6,0.7,3.0,5.0,5.4,4.4,5.0,1.3,22.0,0.6,0.6,0.7,-47.9,-37.5,-23.9,-37.2,5.0,16.0,22.0,0.6,0.6,0.7,4.2,31.5,40.2,25.0,5.0,20.7,22.0,0.6,0.6,0.7,-0.44,-0.3,0.59,0.07,3.0,0.81,18.0,0.7,0.5,0.5,-2.6,-2.3,2.8,0.0,3.0,4.4,18.0,0.7,0.5,0.5,3.97,4.37,4.76,4.37,2.0,0.81,18.0,0.5,0.5,0.6,18.7,21.3,24.0,21.3,2.0,5.5,18.0,0.5,0.5,0.6,-152.0,-134.1,-120.2,-137.0,5.0,24.4,22.0,0.6,0.6,0.7,21.2,112.5,127.5,83.6,5.0,59.0,22.0,0.6,0.6,0.7,-78.6,-73.9,-69.2,-73.9,2.0,9.7,18.0,0.5,0.5,0.6,12.2,13.0,13.9,13.0,2.0,1.7,18.0,0.5,0.5,0.6,-23.6,-21.0,-18.4,-21.0,2.0,5.4,18.0,0.5,0.5,0.6,3.2,3.7,4.2,3.7,2.0,1.0,18.0,0.5,0.5,0.6,120.0,343.0,503.0,335.0,5.0,252.0,22.0,0.6,0.6,0.7,120.0,345.0,505.0,335.0,5.0,250.0,22.0,0.6,0.6,0.7
1974,2,258.0,-10.0,24.56,24.8,25.24,24.94,5.0,0.61,14.0,0.0,0.5,0.5,23.82,24.0,24.18,24.0,5.0,0.35,14.0,0.0,0.5,0.5,14.15,14.73,15.01,14.64,5.0,0.52,14.0,0.0,0.5,0.5,76.2,79.8,80.9,78.9,5.0,2.5,14.0,0.0,0.5,4.76,7.0,7.81,6.26,5.0,2.19,14.0,0.0,0.5,0.5,-6.76,-6.58,-3.39,-5.21,5.0,2.38,14.0,0.0,0.5,0.5,2.34,3.85,3.91,3.27,5.0,0.87,14.0,0.0,0.5,0.5,1012.83,1013.2,1013.52,1013.2,5.0,0.46,14.0,0.0,0.5,0.5,1.3,2.0,4.8,3.0,5.0,3.0,14.0,0.0,0.5,0.5,-52.8,-46.0,-18.7,-36.8,5.0,21.5,14.0,0.0,0.5,0.5,12.8,23.1,30.5,21.5,5.0,10.6,14.0,0.0,0.5,0.5,0.38,0.8,1.42,0.94,5.0,0.93,14.0,0.0,0.5,0.5,2.3,5.6,6.4,4.4,5.0,2.7,14.0,0.0,0.5,0.5,4.38,5.21,5.69,5.07,5.0,0.91,14.0,0.0,0.5,0.5,24.5,31.3,36.6,30.5,5.0,9.5,14.0,0.0,0.5,0.5,-164.4,-157.9,-81.2,-125.7,5.0,57.9,14.0,0.0,0.5,0.5,55.8,92.6,94.9,78.7,5.0,21.5,14.0,0.0,0.5,0.5,-99.8,-97.4,-48.1,-76.4,5.0,35.4,14.0,0.0,0.5,0.5,34.6,54.4,57.6,47.8,5.0,12.4,14.0,0.0,0.5,0.5,-33.2,-25.4,-18.2,-25.1,5.0,10.8,14.0,0.0,0.5,0.5,13.1,14.6,20.6,16.3,5.0,4.3,14.0,0.0,0.5,0.5,143.5,343.0,477.0,309.0,5.0,198.5,14.0,0.0,0.5,0.5,145.0,345.0,475.0,310.0,5.0,200.0,14.0,0.0,0.5,0.5
1974,2,258.0,-9.0,25.2,25.2,25.2,25.2,1.0,0.0,10.0,1.0,0.7,0.4,24.5,24.5,24.5,24.5,1.0,0.0,10.0,1.0,0.7,0.4,16.1,16.1,16.1,16.1,1.0,0.0,10.0,1.0,0.7,0.4,83.9,83.9,83.9,83.9,1.0,0.0,10.0,1.0,0.4,6.7,6.7,6.7,6.7,1.0,0.0,10.0,1.0,0.7,0.4,-6.3,-6.3,-6.3,-6.3,1.0,0.0,10.0,1.0,0.7,0.4,2.29,2.29,2.29,2.29,1.0,0.0,10.0,1.0,0.7,0.4,1011.0,1011.0,1011.0,1011.0,1.0,0.0,10.0,1.0,0.7,0.4,6.0,6.0,6.0,6.0,1.0,0.0,10.0,1.0,0.7,0.4,-42.2,-42.2,-42.2,-42.2,1.0,0.0,10.0,1.0,0.7,0.4,15.4,15.4,15.4,15.4,1.0,0.0,10.0,1.0,0.7,0.4,0.7,0.7,0.7,0.7,1.0,0.0,10.0,1.0,0.7,0.4,4.7,4.7,4.7,4.7,1.0,0.0,10.0,1.0,0.7,0.4,3.96,3.96,3.96,3.96,1.0,0.0,10.0,1.0,0.7,0.4,26.5,26.5,26.5,26.5,1.0,0.0,10.0,1.0,0.7,0.4,-154.3,-154.3,-154.3,-154.3,1.0,0.0,10.0,1.0,0.7,0.4,56.1,56.1,56.1,56.1,1.0,0.0,10.0,1.0,0.7,0.4,-101.3,-101.3,-101.3,-101.3,1.0,0.0,10.0,1.0,0.7,0.4,36.9,36.9,36.9,36.9,1.0,0.0,10.0,1.0,0.7,0.4,-24.9,-24.9,-24.9,-24.9,1.0,0.0,10.0,1.0,0.7,0.4,9.1,9.1,9.1,9.1,1.0,0.0,10.0,1.0,0.7,0.4,301.0,301.0,301.0,301.0,1.0,0.0,10.0,1.0,0.7,0.4,300.0,300.0,300.0,300.0,1.0,0.0,10.0,1.0,0.7,0.4
1974,2,258.0,-5.0,24.3,24.3,24.3,24.3,1.0,0.0,8.0,1.0,0.7,0.7,26.2,26.2,26.2,26.2,1.0,0.0,8.0,1.0,0.7,0.7,16.57,16.57,16.57,16.57,1.0,0.0,8.0,1.0,0.7,0.7,78.2,78.2,78.2,78.2,1.0,0.0,8.0,1.0,0.7,3.6,3.6,3.6,3.6,1.0,0.0,8.0,1.0,0.7,0.7,0.0,0.0,0.0,0.0,1.0,0.0,8.0,1.0,0.7,0.7,3.6,3.6,3.6,3.6,1.0,0.0,8.0,1.0,0.7,0.7,1013.1,1013.1,1013.1,1013.1,1.0,0.0,8.0,1.0,0.7,0.7,4.0,4.0,4.0,4.0,1.0,0.0,8.0,1.0,0.7,0.7,0.0,0.0,0.0,0.0,1.0,0.0,8.0,1.0,0.7,0.7,13.0,13.0,13.0,13.0,1.0,0.0,8.0,1.0,0.7,0.7,-1.9,-1.9,-1.9,-1.9,1.0,0.0,8.0,1.0,0.7,0.7,-6.8,-6.8,-6.8,-6.8,1.0,0.0,8.0,1.0,0.7,0.7,2.39,2.39,2.39,2.39,1.0,0.0,8.0,1.0,0.7,0.7,8.6,8.6,8.6,8.6,1.0,0.0,8.0,1.0,0.7,0.7,0.0,0.0,0.0,0.0,1.0,0.0,8.0,1.0,0.7,0.7,94.3,94.3,94.3,94.3,1.0,0.0,8.0,1.0,0.7,0.7,0.0,0.0,0.0,0.0,1.0,0.0,8.0,1.0,0.7,0.7,59.6,59.6,59.6,59.6,1.0,0.0,8.0,1.0,0.7,0.7,0.0,0.0,0.0,0.0,1.0,0.0,8.0,1.0,0.7,0.7,8.6,8.6,8.6,8.6,1.0,0.0,8.0,1.0,0.7,0.7,46.5,46.5,46.5,46.5,1.0,0.0,8.0,1.0,0.7,0.7,45.0,45.0,45.0,45.0,1.0,0.0,8.0,1.0,0.7,0.7
1974,2,258.0,-4.0,25.16,25.5,25.84,25.5,2.0,0.71,24.0,1.0,0.7,0.7,25.01,26.1,27.19,26.1,2.0,2.26,24.0,1.0,0.7,0.7,17.94,18.6,19.25,18.6,2.0,1.36,24.0,1.0,0.7,0.7,85.5,88.1,90.7,88.1,2.0,5.4,24.0,1.0,0.7,2.92,3.6,4.28,3.6,2.0,1.41,24.0,1.0,0.7,0.7,-2.31,-2.01,-1.71,-2.01,2.0,0.62,24.0,1.0,0.7,0.7,-0.06,1.72,3.5,1.72,2.0,3.69,24.0,1.0,0.7,0.7,1011.92,1011.95,1011.98,1011.95,2.0,0.07,24.0,1.0,0.7,0.7,3.8,5.5,7.2,5.5,2.0,3.5,24.0,1.0,0.7,0.7,-7.1,-6.8,-6.5,-6.8,2.0,0.6,24.0,1.0,0.7,0.7,1.2,8.8,16.4,8.8,2.0,15.7,24.0,1.0,0.7,0.7,-1.35,-0.6,0.15,-0.6,2.0,1.56,24.0,1.0,0.7,0.7,-6.4,-3.3,-0.1,-3.3,2.0,6.4,24.0,1.0,0.7,0.7,1.58,1.81,2.05,1.81,2.0,0.49,24.0,1.0,0.7,0.7,5.8,6.2,6.6,6.2,2.0,0.8,24.0,1.0,0.7,0.7,-57.3,-51.7,-46.2,-51.7,2.0,11.5,24.0,1.0,0.7,0.7,0.7,49.0,97.3,49.0,2.0,100.1,24.0,1.0,0.7,0.7,-41.1,-36.9,-32.7,-36.9,2.0,8.7,24.0,1.0,0.7,0.7,0.2,34.4,68.6,34.4,2.0,70.9,24.0,1.0,0.7,0.7,-4.8,-3.8,-2.8,-3.8,2.0,2.1,24.0,1.0,0.7,0.7,-0.6,2.2,5.0,2.2,2.0,5.8,24.0,1.0,0.7,0.7,30.0,57.5,84.5,57.5,2.0,56.5,24.0,1.0,0.7,0.7,30.0,55.0,85.0,55.0,2.0,55.0,24.0,1.0,0.7,0.7
1974,2,258.0,-3.0,25.16,25.5,25.84,25.5,2.0,0.71,14.0,0.0,0.4,0.6,23.25,23.8,24.35,23.8,2.0,1.13,14.0,0.0,0.4,0.6,16.87,17.72,18.58,17.72,2.0,1.78,14.0,0.0,0.4,0.6,94.8,96.2,97.6,96.2,2.0,2.9,14.0,0.0,0.6,0.73,2.3,3.87,2.3,2.0,3.25,14.0,0.0,0.4,0.6,-0.67,-0.4,-0.13,-0.4,2.0,0.56,14.0,0.0,0.4,0.6,0.72,2.27,3.81,2.27,2.0,3.2,14.0,0.0,0.4,0.6,1011.99,1012.4,1012.81,1012.4,2.0,0.85,14.0,0.0,0.4,0.6,3.2,3.5,3.8,3.5,2.0,0.7,14.0,0.0,0.4,0.6,-3.1,-1.8,-0.6,-1.8,2.0,2.6,14.0,0.0,0.4,0.6,3.3,10.4,17.5,10.4,2.0,14.7,14.0,0.0,0.4,0.6,1.5,1.7,1.9,1.7,2.0,0.42,14.0,0.0,0.4,0.6,1.0,3.2,5.4,3.2,2.0,4.6,14.0,0.0,0.4,0.6,2.25,2.68,3.11,2.68,2.0,0.89,14.0,0.0,0.4,0.6,1.5,4.7,7.9,4.7,2.0,6.7,14.0,0.0,0.4,0.6,-16.5,-9.8,-3.1,-9.8,2.0,13.9,14.0,0.0,0.4,0.6,17.7,55.7,93.8,55.7,2.0,78.8,14.0,0.0,0.4,0.6,-12.8,-7.6,-2.4,-7.6,2.0,10.7,14.0,0.0,0.4,0.6,13.6,43.0,72.3,43.0,2.0,60.8,14.0,0.0,0.4,0.6,-1.4,-0.8,-0.3,-0.8,2.0,1.2,14.0,0.0,0.4,0.6,1.5,4.6,7.8,4.6,2.0,6.6,14.0,0.0,0.4,0.6,15.5,48.5,82.0,48.5,2.0,69.0,14.0,0.0,0.4,0.6,15.0,50.0,80.0,50.0,2.0,70.0,14.0,0.0,0.4,0.6
1974,2,258.0,-2.0,24.8,24.8,24.8,24.8,1.0,0.0,14.0,1.0,0.1,0.9,26.0,26.0,26.0,26.0,1.0,0.0,14.0,1.0,0.1,0.9,17.21,17.21,17.21,17.21,1.0,0.0,14.0,1.0,0.1,0.9,82.0,82.0,82.0,82.0,1.0,0.0,14.0,1.0,0.9,6.2,6.2,6.2,6.2,1.0,0.0,14.0,1.0,0.1,0.9,-3.99,-3.99,-3.99,-3.99,1.0,0.0,14.0,1.0,0.1,0.9,4.75,4.75,4.75,4.75,1.0,0.0,14.0,1.0,0.1,0.9,1011.8,1011.8,1011.8,1011.8,1.0,0.0,14.0,1.0,0.1,0.9,5.0,5.0,5.0,5.0,1.0,0.0,14.0,1.0,0.1,0.9,-24.7,-24.7,-24.7,-24.7,1.0,0.0,14.0,1.0,0.1,0.9,29.4,29.4,29.4,29.4,1.0,0.0,14.0,1.0,0.1,0.9,-1.2,-1.2,-1.2,-1.2,1.0,0.0,14.0,1.0,0.1,0.9,-7.4,-7.4,-7.4,-7.4,1.0,0.0,14.0,1.0,0.1,0.9,2.35,2.35,2.35,2.35,1.0,0.0,14.0,1.0,0.1,0.9,14.6,14.6,14.6,14.6,1.0,0.0,14.0,1.0,0.1,0.9,-103.6,-103.6,-103.6,-103.6,1.0,0.0,14.0,1.0,0.1,0.9,123.5,123.5,123.5,123.5,1.0,0.0,14.0,1.0,0.1,0.9,-68.6,-68.6,-68.6,-68.6,1.0,0.0,14.0,1.0,0.1,0.9,81.7,81.7,81.7,81.7,1.0,0.0,14.0,1.0,0.1,0.9,-9.4,-9.4,-9.4,-9.4,1.0,0.0,14.0,1.0,0.1,0.9,11.2,11.2,11.2,11.2,1.0,0.0,14.0,1.0,0.1,0.9,238.5,238.5,238.5,238.5,1.0,0.0,14.0,1.0,0.1,0.9,240.0,240.0,240.0,240.0,1.0,0.0,14.0,1.0,0.1,0.9
1974,2,258.0,-1.0,24.6,25.9,27.2,25.9,2.0,2.69,18.0,1.0,1.0,0.3,24.96,25.95,26.94,25.95,2.0,2.05,18.0,1.0,1.0,0.3,17.3,17.31,17.32,17.31,2.0,0.02,18.0,1.0,1.0,0.3,77.9,82.9,87.9,82.9,2.0,10.4,18.0,1.0,0.3,1.83,3.6,5.37,3.6,2.0,3.68,18.0,1.0,1.0,0.3,-3.51,-2.49,-1.46,-2.49,2.0,2.12,18.0,1.0,1.0,0.3,0.9,2.46,4.02,2.46,2.0,3.24,18.0,1.0,1.0,0.3,1007.9,1009.4,1010.9,1009.4,2.0,3.11,18.0,1.0,1.0,0.3,2.8,4.5,6.2,4.5,2.0,3.5,18.0,1.0,1.0,0.3,-20.9,-12.8,-4.7,-12.8,2.0,16.8,18.0,1.0,1.0,0.3,4.8,14.8,24.8,14.8,2.0,20.7,18.0,1.0,1.0,0.3,-0.36,-0.05,0.26,-0.05,2.0,0.64,18.0,1.0,1.0,0.3,-2.5,-1.3,-0.2,-1.3,2.0,2.5,18.0,1.0,1.0,0.3,2.1,3.77,5.45,3.77,2.0,3.47,18.0,1.0,1.0,0.3,6.5,7.2,7.9,7.2,2.0,1.4,18.0,1.0,1.0,0.3,-86.4,-62.3,-38.2,-62.3,2.0,50.0,18.0,1.0,1.0,0.3,22.5,60.6,98.7,60.6,2.0,78.9,18.0,1.0,1.0,0.3,-60.8,-43.0,-25.3,-43.0,2.0,36.8,18.0,1.0,1.0,0.3,15.6,42.6,69.7,42.6,2.0,56.0,18.0,1.0,1.0,0.3,-6.0,-5.7,-5.4,-5.7,2.0,0.6,18.0,1.0,1.0,0.3,1.9,3.7,5.4,3.7,2.0,3.7,18.0,1.0,1.0,0.3,38.5,119.5,200.5,119.5,2.0,168.0,18.0,1.0,1.0,0.3,40.0,120.0,200.0,120.0,2.0,170.0,18.0,1.0,1.0,0.3
1974,2,258.0,0.0,26.9,26.9,26.9,26.9,1.0,0.0,18.0,1.0,0.6,0.5,26.9,26.9,26.9,26.9,1.0,0.0,18.0,1.0,0.6,0.5,15.97,15.97,15.97,15.97,1.0,0.0,18.0,1.0,0.6,0.5,72.3,72.3,72.3,72.3,1.0,0.0,18.0,1.0,0.5,5.1,5.1,5.1,5.1,1.0,0.0,18.0,1.0,0.6,0.5,-3.91,-3.91,-3.91,-3.91,1.0,0.0,18.0,1.0,0.6,0.5,-3.28,-3.28,-3.28,-3.28,1.0,0.0,18.0,1.0,0.6,0.5,1012.5,1012.5,1012.5,1012.5,1.0,0.0,18.0,1.0,0.6,0.5,5.0,5.0,5.0,5.0,1.0,0.0,18.0,1.0,0.6,0.5,-19.9,-19.9,-19.9,-19.9,1.0,0.0,18.0,1.0,0.6,0.5,-16.7,-16.7,-16.7,-16.7,1.0,0.0,18.0,1.0,0.6,0.5,0.0,0.0,0.0,0.0,1.0,0.0,18.0,1.0,0.6,0.5,0.0,0.0,0.0,0.0,1.0,0.0,18.0,1.0,0.6,0.5,6.2,6.2,6.2,6.2,1.0,0.0,18.0,1.0,0.6,0.5,31.6,31.6,31.6,31.6,1.0,0.0,18.0,1.0,0.6,0.5,-105.1,-105.1,-105.1,-105.1,1.0,0.0,18.0,1.0,0.6,0.5,-88.2,-88.2,-88.2,-88.2,1.0,0.0,18.0,1.0,0.6,0.5,-62.4,-62.4,-62.4,-62.4,1.0,0.0,18.0,1.0,0.6,0.5,-52.4,-52.4,-52.4,-52.4,1.0,0.0,18.0,1.0,0.6,0.5,-24.2,-24.2,-24.2,-24.2,1.0,0.0,18.0,1.0,0.6,0.5,-20.3,-20.3,-20.3,-20.3,1.0,0.0,18.0,1.0,0.6,0.5,132.5,132.5,132.5,132.5,1.0,0.0,18.0,1.0,0.6,0.5,135.0,135.0,135.0,135.0,1.0,0.0,18.0,1.0,0.6,0.5
1974,2,258.0,1.0,26.21,26.65,27.09,26.65,2.0,0.92,16.0,0.5,0.5,0.4,25.12,25.8,26.48,25.8,2.0,1.41,16.0,0.5,0.5,0.4,17.28,17.88,18.49,17.88,2.0,1.25,16.0,0.5,0.5,0.4,80.3,86.6,92.9,86.6,2.0,13.1,16.0,0.5,0.4,2.18,2.35,2.52,2.35,2.0,0.35,16.0,0.5,0.5,0.4,-2.17,-1.58,-0.99,-1.58,2.0,1.22,16.0,0.5,0.5,0.4,-1.52,-0.54,0.43,-0.54,2.0,2.02,16.0,0.5,0.5,0.4,1010.92,1011.4,1011.88,1011.4,2.0,0.99,16.0,0.5,0.5,0.4,4.3,5.0,5.7,5.0,2.0,1.4,16.0,0.5,0.5,0.4,-5.6,-3.9,-2.3,-3.9,2.0,3.4,16.0,0.5,0.5,0.4,-3.1,-0.9,1.3,-0.9,2.0,4.6,16.0,0.5,0.5,0.4,0.61,0.85,1.09,0.85,2.0,0.49,16.0,0.5,0.5,0.4,1.4,2.1,2.8,2.1,2.0,1.5,16.0,0.5,0.5,0.4,2.83,4.0,5.18,4.0,2.0,2.43,16.0,0.5,0.5,0.4,6.9,9.0,11.1,9.0,2.0,4.3,16.0,0.5,0.5,0.4,-54.0,-39.9,-25.8,-39.9,2.0,29.2,16.0,0.5,0.5,0.4,-41.0,-15.4,10.2,-15.4,2.0,53.0,16.0,0.5,0.5,0.4,-40.5,-29.0,-17.5,-29.0,2.0,23.8,16.0,0.5,0.5,0.4,-25.6,-8.4,8.7,-8.4,2.0,35.5,16.0,0.5,0.5,0.4,-5.3,-4.8,-4.3,-4.8,2.0,1.0,16.0,0.5,0.5,0.4,-9.2,-4.6,-0.1,-4.6,2.0,9.4,16.0,0.5,0.5,0.4,10.5,13.5,16.5,13.5,2.0,6.0,16.0,0.5,0.5,0.4,10.0,15.0,15.0,15.0,2.0,5.0,16.0,0.5,0.5,0.4
1974,2,258.0,2.0,25.5,25.5,25.5,25.5,1.0,0.0,2.0,1.0,0.9,0.4,24.2,24.2,24.2,24.2,1.0,0.0,2.0,1.0,0.9,0.4,16.21,16.21,16.21,16.21,1.0,0.0,2.0,1.0,0.9,0.4,85.9,85.9,85.9,85.9,1.0,0.0,2.0,1.0,0.4,6.2,6.2,6.2,6.2,1.0,0.0,2.0,1.0,0.9,0.4,0.0,0.0,0.0,0.0,1.0,0.0,2.0,1.0,0.9,0.4,6.2,6.2,6.2,6.2,1.0,0.0,2.0,1.0,0.9,0.4,1010.4,1010.4,1010.4,1010.4,1.0,0.0,2.0,1.0,0.9,0.4,6.0,6.0,6.0,6.0,1.0,0.0,2.0,1.0,0.9,0.4,0.0,0.0,0.0,0.0,1.0,0.0,2.0,1.0,0.9,0.4,38.4,38.4,38.4,38.4,1.0,0.0,2.0,1.0,0.9,0.4,1.3,1.3,1.3,1.3,1.0,0.0,2.0,1.0,0.9,0.4,8.1,8.1,8.1,8.1,1.0,0.0,2.0,1.0,0.9,0.4,4.23,4.23,4.23,4.23,1.0,0.0,2.0,1.0,0.9,0.4,26.2,26.2,26.2,26.2,1.0,0.0,2.0,1.0,0.9,0.4,0.0,0.0,0.0,0.0,1.0,0.0,2.0,1.0,0.9,0.4,150.0,150.0,150.0,150.0,1.0,0.0,2.0,1.0,0.9,0.4,0.0,0.0,0.0,0.0,1.0,0.0,2.0,1.0,0.9,0.4,100.5,100.5,100.5,100.5,1.0,0.0,2.0,1.0,0.9,0.4,0.0,0.0,0.0,0.0,1.0,0.0,2.0,1.0,0.9,0.4,26.2,26.2,26.2,26.2,1.0,0.0,2.0,1.0,0.9,0.4,238.5,238.5,238.5,238.5,1.0,0.0,2.0,1.0,0.9,0.4,240.0,240.0,240.0,240.0,1.0,0.0,2.0,1.0,0.9,0.4
1974,2,258.0,3.0,,,,,,,,,,,,,,,,,,,,,,,,,,,,,,,,,,,,,,,,3.0,3.0,3.0,3.0,1.0,0.0,28.0,1.0,0.9,0.0,-2.82,-2.82,-2.82,-2.82,1.0,0.0,28.0,1.0,0.9,0.0,-1.03,-1.03,-1.03,-1.03,1.0,0.0,28.0,1.0,0.9,0.0,1012.0,1012.0,1012.0,1012.0,1.0,0.0,28.0,1.0,0.9,0.0,8.0,8.0,8.0,8.0,1.0,0.0,28.0,1.0,0.9,0.0,-8.5,-8.5,-8.5,-8.5,1.0,0.0,28.0,1.0,0.9,0.0,-3.1,-3.1,-3.1,-3.1,1.0,0.0,28.0,1.0,0.9,0.0,,,,,,,,,,,,,,,,,,,,,,,,,,,,,,,,,,,,,,,,,-67.7,-67.7,-67.7,-67.7,1.0,0.0,28.0,1.0,0.9,0.0,-24.6,-24.6,-24.6,-24.6,1.0,0.0,28.0,1.0,0.9,0.0,-49.4,-49.4,-49.4,-49.4,1.0,0.0,28.0,1.0,0.9,0.0,-18.0,-18.0,-18.0,-18.0,1.0,0.0,28.0,1.0,0.9,0.0,,,,,,,,,,,,,,,,,,,,,,,,,,,,,,,,,,,,,,,,
1974,2,258.0,6.0,26.7,26.7,26.7,26.7,1.0,0.0,28.0,0.0,0.6,0.9,27.0,27.0,27.0,27.0,1.0,0.0,28.0,0.0,0.6,0.9,17.87,17.87,17.87,17.87,1.0,0.0,28.0,0.0,0.6,0.9,80.2,80.2,80.2,80.2,1.0,0.0,28.0,0.0,0.9,12.3,12.3,12.3,12.3,1.0,0.0,28.0,0.0,0.6,0.9,-12.11,-12.11,-12.11,-12.11,1.0,0.0,28.0,0.0,0.6,0.9,-2.14,-2.14,-2.14,-2.14,1.0,0.0,28.0,0.0,0.6,0.9,1011.2,1011.2,1011.2,1011.2,1.0,0.0,28.0,0.0,0.6,0.9,3.0,3.0,3.0,3.0,1.0,0.0,28.0,0.0,0.6,0.9,-149.0,-149.0,-149.0,-149.0,1.0,0.0,28.0,0.0,0.6,0.9,-26.3,-26.3,-26.3,-26.3,1.0,0.0,28.0,0.0,0.6,0.9,-0.3,-0.3,-0.3,-0.3,1.0,0.0,28.0,0.0,0.6,0.9,-3.7,-3.7,-3.7,-3.7,1.0,0.0,28.0,0.0,0.6,0.9,4.08,4.08,4.08,4.08,1.0,0.0,28.0,0.0,0.6,0.9,50.1,50.1,50.1,50.1,1.0,0.0,28.0,0.0,0.6,0.9,-327.1,-327.1,-327.1,-327.1,1.0,0.0,28.0,0.0,0.6,0.9,-57.7,-57.7,-57.7,-57.7,1.0,0.0,28.0,0.0,0.6,0.9,-216.4,-216.4,-216.4,-216.4,1.0,0.0,28.0,0.0,0.6,0.9,-38.2,-38.2,-38.2,-38.2,1.0,0.0,28.0,0.0,0.6,0.9,-49.4,-49.4,-49.4,-49.4,1.0,0.0,28.0,0.0,0.6,0.9,-8.7,-8.7,-8.7,-8.7,1.0,0.0,28.0,0.0,0.6,0.9,1861.0,1861.0,1861.0,1861.0,1.0,0.0,28.0,0.0,0.6,0.9,1860.0,1860.0,1860.0,1860.0,1.0,0.0,28.0,0.0,0.6,0.9
1974,2,258.0,7.0,28.0,28.0,28.0,28.0,1.0,0.0,16.0,0.0,0.5,0.2,24.0,24.0,24.0,24.0,1.0,0.0,16.0,0.0,0.5,0.2,17.06,17.06,17.06,17.06,1.0,0.0,16.0,0.0,0.5,0.2,91.9,91.9,91.9,91.9,1.0,0.0,16.0,0.0,0.2,,,,,,,,,,,,,,,,,,,,,,,,,,,,,,,,,,,,,,,,,,,,,,,,,,,,,,,,,,,,,,,,,,,,,,,,,,,,,,,,,,,,,,,,,,,,,,,,,,,,,,,,,,,,,,,,,,,,,,,,,,,,,,,,,,,,,,,,,,,,,,,,,,,,,,,,,,,,,,,,,,,,,,,,,,,,,,,,,,,,,,,,,,,,,,
1974,2,258.0,8.0,,,,,,,,,,,,,,,,,,,,,,,,,,,,,,,,,,,,,,,,5.31,7.45,7.7,6.55,4.0,1.98,16.0,1.0,0.5,0.4,-4.95,-4.27,-1.71,-3.37,4.0,2.34,16.0,1.0,0.5,0.4,-6.58,-5.9,-2.81,-4.75,4.0,3.23,16.0,1.0,0.5,0.4,1011.68,1012.35,1013.02,1012.35,4.0,0.95,16.0,1.0,0.5,0.4,,,,,,,,,,,,,,,,,,,,,,,,,,,,,,,,,,,,,,,,,,,,,,,,,,,,,,,,,,,,,,,,,,,,,,,,,,,,,,,,,,,,,,,,,,,,,,,,,,,,,,,,,,,,,,,,,,,,,,,,,,,,,,,,,,,,,,,,,,,,,,,,,,,,,,
1974,2,258.0,9.0,26.7,26.9,27.2,26.94,5.0,0.25,18.0,0.6,0.7,0.5,25.99,26.1,28.2,26.94,5.0,1.35,18.0,0.6,0.7,0.5,18.0,18.99,19.98,18.99,2.0,2.05,22.0,0.0,0.8,0.7,85.5,90.6,95.8,90.6,2.0,10.7,22.0,0.0,0.7,2.02,3.6,4.87,3.5,5.0,1.92,18.0,0.6,0.7,0.5,-4.34,-2.6,-1.59,-2.82,5.0,1.72,18.0,0.6,0.7,0.5,-3.21,-0.94,0.0,-1.54,5.0,1.77,18.0,0.6,0.7,0.5,1009.93,1011.5,1012.27,1011.22,5.0,1.31,18.0,0.6,0.7,0.5,1.3,2.0,2.0,1.6,5.0,0.9,18.0,0.6,0.7,0.5,-21.4,-8.3,-4.4,-12.3,5.0,11.2,18.0,0.6,0.7,0.5,-15.3,-0.9,0.0,-7.1,5.0,10.7,18.0,0.6,0.7,0.5,-1.5,0.8,1.21,0.0,5.0,1.57,18.0,0.6,0.7,0.5,-4.6,1.4,4.6,0.4,5.0,5.2,18.0,0.6,0.7,0.5,2.65,3.63,4.61,3.63,2.0,2.03,22.0,0.0,0.8,0.7,6.8,16.8,26.8,16.8,2.0,20.6,22.0,0.0,0.8,0.7,-113.2,-75.1,-44.1,-75.9,5.0,44.5,18.0,0.6,0.7,0.5,-86.7,-24.2,0.0,-41.0,5.0,47.1,18.0,0.6,0.7,0.5,-71.2,-45.1,-19.1,-45.1,2.0,54.0,22.0,0.0,0.8,0.7,-61.8,-44.5,-27.3,-44.5,2.0,35.8,22.0,0.0,0.8,0.7,-20.3,-12.4,-4.4,-12.4,2.0,16.5,22.0,0.0,0.8,0.7,-17.3,-11.1,-4.9,-11.1,2.0,12.8,22.0,0.0,0.8,0.7,11.5,46.5,131.0,74.5,5.0,95.0,18.0,0.6,0.7,0.5,10.0,45.0,130.0,75.0,5.0,95.0,18.0,0.6,0.7,0.5
1974,2,258.0,10.0,26.66,27.1,27.32,27.07,6.0,0.45,18.0,0.5,0.6,0.3,25.79,26.6,27.17,26.5,6.0,0.98,18.0,0.5,0.6,0.3,16.13,17.06,17.82,16.98,4.0,0.98,18.0,0.3,0.5,0.4,74.5,80.2,87.5,81.0,4.0,7.7,18.0,0.3,0.4,4.1,6.15,9.92,7.02,6.0,3.36,18.0,0.5,0.6,0.3,-9.44,-4.48,-2.05,-5.65,6.0,4.23,18.0,0.5,0.6,0.3,-3.88,-3.55,-2.97,-3.38,6.0,0.67,18.0,0.5,0.6,0.3,1009.1,1010.9,1014.09,1011.5,6.0,2.5,18.0,0.5,0.6,0.3,0.0,1.0,2.2,1.2,6.0,1.2,18.0,0.5,0.6,0.3,-95.3,-31.0,-8.4,-51.5,6.0,56.2,18.0,0.5,0.6,0.3,-29.6,-22.3,-14.6,-22.2,6.0,7.2,18.0,0.5,0.6,0.3,-0.52,0.35,1.37,0.57,6.0,1.25,18.0,0.5,0.6,0.3,-2.3,3.5,11.8,5.5,6.0,9.2,18.0,0.5,0.6,0.3,4.85,5.47,5.8,5.33,4.0,0.63,18.0,0.3,0.5,0.4,32.5,42.6,59.0,45.6,4.0,20.2,18.0,0.3,0.5,0.4,-245.8,-114.4,-56.7,-147.6,6.0,109.1,18.0,0.5,0.6,0.3,-100.5,-96.1,-77.2,-89.5,6.0,18.3,18.0,0.5,0.6,0.3,-175.5,-137.3,-76.1,-126.3,4.0,66.5,18.0,0.3,0.5,0.4,-66.8,-61.0,-44.9,-56.1,4.0,15.5,18.0,0.3,0.5,0.4,-56.2,-38.5,-24.4,-40.2,4.0,24.4,18.0,0.3,0.5,0.4,-21.4,-17.6,-13.4,-17.4,4.0,4.7,18.0,0.3,0.5,0.4,69.0,277.0,1022.5,559.5,6.0,701.5,18.0,0.5,0.6,0.3,70.0,275.0,1025.0,560.0,6.0,700.0,18.0,0.5,0.6,0.3
1974,2,258.0,11.0,26.76,27.2,27.45,27.08,5.0,0.64,18.0,0.4,0.6,0.3,24.63,26.2,27.2,25.92,5.0,1.4,18.0,0.4,0.6,0.3,16.3,17.47,17.59,16.96,3.0,1.04,18.0,0.3,0.7,0.2,75.5,77.8,86.0,80.7,3.0,8.0,18.0,0.3,0.2,2.73,5.1,8.92,5.66,5.0,3.24,18.0,0.4,0.6,0.3,-8.78,-3.28,-2.06,-5.02,5.0,3.55,18.0,0.4,0.6,0.3,-2.93,-1.61,-0.96,-1.88,5.0,1.42,18.0,0.4,0.6,0.3,1013.13,1014.0,1016.09,1014.54,5.0,1.86,18.0,0.4,0.6,0.3,0.0,2.0,2.4,1.4,5.0,1.3,18.0,0.4,0.6,0.3,-78.4,-16.7,-5.5,-37.4,5.0,39.2,18.0,0.4,0.6,0.3,-16.8,-13.1,-4.7,-11.1,5.0,7.7,18.0,0.4,0.6,0.3,0.32,1.1,2.07,1.16,5.0,0.94,18.0,0.4,0.6,0.3,2.8,6.2,10.6,6.4,5.0,4.6,18.0,0.4,0.6,0.3,5.11,5.72,6.54,5.82,3.0,1.06,18.0,0.3,0.7,0.2,32.6,49.8,59.8,46.3,3.0,20.2,18.0,0.3,0.7,0.2,-235.6,-82.0,-53.7,-132.0,5.0,96.3,18.0,0.4,0.6,0.3,-71.8,-42.3,-26.1,-47.6,5.0,35.1,18.0,0.4,0.6,0.3,-148.0,-144.4,-85.3,-117.3,3.0,51.5,18.0,0.3,0.7,0.2,-55.4,-26.4,-25.8,-40.3,3.0,24.9,18.0,0.3,0.7,0.2,-58.9,-49.0,-26.3,-42.8,3.0,24.4,18.0,0.3,0.7,0.2,-16.4,-11.2,-9.5,-12.9,3.0,5.3,18.0,0.3,0.7,0.2,22.5,132.5,712.0,327.0,5.0,376.0,18.0,0.4,0.6,0.3,20.0,135.0,710.0,325.0,5.0,375.0,18.0,0.4,0.6,0.3
1974,2,258.0,12.0,27.82,28.0,29.88,28.43,8.0,1.14,14.0,0.5,0.6,0.6,26.23,26.8,27.18,26.79,8.0,0.81,14.0,0.5,0.6,0.6,15.82,16.46,17.62,16.7,5.0,1.03,12.0,0.4,0.8,0.6,70.7,78.3,81.8,76.6,5.0,6.0,12.0,0.4,0.6,1.57,2.85,4.04,3.19,8.0,1.8,14.0,0.5,0.6,0.6,-3.36,-1.18,-0.03,-1.81,8.0,2.25,14.0,0.5,0.6,0.6,-2.88,-2.18,-1.32,-2.18,8.0,0.82,14.0,0.5,0.6,0.6,1009.84,1012.55,1014.48,1012.34,8.0,2.81,14.0,0.5,0.6,0.6,1.0,1.0,3.1,2.0,7.0,2.0,14.0,0.4,0.5,0.6,-12.8,-3.3,0.0,-9.2,8.0,14.5,14.0,0.5,0.6,0.6,-10.6,-5.1,-2.5,-7.9,8.0,7.4,14.0,0.5,0.6,0.6,0.64,1.45,3.03,1.64,8.0,1.35,14.0,0.5,0.6,0.6,1.5,5.0,12.3,5.9,8.0,5.5,14.0,0.5,0.6,0.6,5.93,7.19,8.38,7.18,5.0,1.55,12.0,0.4,0.8,0.6,10.3,13.3,26.2,17.3,5.0,9.1,12.0,0.4,0.8,0.6,-88.6,-32.5,-0.8,-47.5,8.0,58.8,14.0,0.5,0.6,0.6,-80.7,-58.8,-35.6,-58.3,8.0,21.8,14.0,0.5,0.6,0.6,-33.2,-4.7,4.4,-13.4,5.0,24.7,12.0,0.4,0.8,0.6,-40.6,-32.8,-24.6,-32.5,5.0,9.1,12.0,0.4,0.8,0.6,-16.0,-1.4,2.1,-6.0,5.0,11.3,12.0,0.4,0.8,0.6,-19.7,-13.3,-9.3,-14.2,5.0,5.7,12.0,0.4,0.8,0.6,4.0,23.5,66.5,65.0,8.0,114.5,14.0,0.5,0.6,0.6,5.0,25.0,65.0,65.0,8.0,115.0,14.0,0.5,0.6,0.6
1974,2,258.0,13.0,27.0,28.25,29.26,28.07,10.0,1.42,16.0,0.9,0.5,0.4,27.02,27.55,30.13,28.24,12.0,1.62,14.0,0.8,0.5,0.4,14.39,15.26,17.38,15.84,10.0,1.57,16.0,0.8,0.5,0.3,63.3,65.1,74.1,67.7,10.0,9.4,16.0,0.8,0.3,0.0,1.25,3.39,1.69,10.0,1.76,16.0,0.9,0.5,0.4,-3.12,-0.36,0.1,-1.09,10.0,1.57,16.0,0.9,0.5,0.4,-1.58,-0.23,0.0,-0.68,10.0,1.41,16.0,0.9,0.5,0.4,1010.47,1012.35,1014.31,1012.38,12.0,1.83,14.0,0.8,0.5,0.4,1.0,2.0,3.4,2.2,11.0,1.5,14.0,0.8,0.5,0.3,-10.8,-0.8,0.0,-4.1,10.0,6.2,16.0,0.9,0.5,0.4,-3.8,-0.1,0.0,-2.4,10.0,6.6,16.0,0.9,0.5,0.4,-2.57,-0.55,1.81,-0.47,10.0,2.23,16.0,0.9,0.5,0.4,-7.1,-2.3,0.0,-4.8,8.0,7.0,16.0,1.0,0.5,0.4,5.65,8.43,10.82,8.32,8.0,2.92,16.0,0.9,0.5,0.3,0.0,8.7,17.4,9.4,7.0,9.7,18.0,1.0,0.5,0.3,-93.3,-10.8,2.5,-32.8,10.0,47.3,16.0,0.9,0.5,0.4,-47.7,-6.1,0.0,-19.9,10.0,41.9,16.0,0.9,0.5,0.4,-43.9,0.0,2.3,-14.1,9.0,24.4,16.0,0.9,0.5,0.3,-25.5,-8.7,0.0,-14.6,9.0,21.8,16.0,0.9,0.5,0.3,-11.3,0.0,0.3,-4.5,7.0,9.4,18.0,1.0,0.5,0.3,-13.0,-5.6,0.0,-6.1,7.0,6.6,18.0,1.0,0.5,0.3,0.0,2.0,39.5,22.5,10.0,42.0,16.0,0.9,0.5,0.4,0.0,0.0,40.0,20.0,10.0,40.0,16.0,0.9,0.5,0.4
1974,2,258.0,14.0,27.7,28.15,28.6,28.12,10.0,0.47,16.0,0.7,0.6,0.5,26.94,27.5,28.91,27.76,10.0,1.1,16.0,0.7,0.6,0.5,15.64,16.21,16.78,16.22,6.0,0.56,14.0,0.5,0.6,0.5,63.6,70.1,74.1,70.1,6.0,6.5,14.0,0.5,0.5,1.12,2.6,3.04,2.39,8.0,1.04,16.0,0.6,0.6,0.5,-1.53,-0.67,1.48,-0.2,8.0,1.54,16.0,0.6,0.6,0.5,-2.67,-1.9,-0.34,-1.5,8.0,1.61,16.0,0.6,0.6,0.5,1013.2,1013.7,1014.0,1013.71,9.0,0.98,16.0,0.7,0.6,0.6,0.4,1.5,2.0,1.5,10.0,1.2,16.0,0.7,0.6,0.5,-3.3,-1.1,4.4,0.1,8.0,4.6,16.0,0.6,0.6,0.5,-8.1,-4.6,-0.3,-4.5,8.0,5.6,16.0,0.6,0.6,0.5,-0.93,0.45,1.57,0.36,10.0,1.19,16.0,0.7,0.6,0.5,-2.0,1.2,1.8,0.8,8.0,3.1,16.0,0.6,0.6,0.5,6.68,7.34,8.2,7.5,6.0,0.87,14.0,0.5,0.6,0.5,14.5,17.9,23.2,19.0,6.0,7.9,14.0,0.5,0.6,0.5,-44.1,-18.7,38.6,-5.9,8.0,42.5,16.0,0.6,0.6,0.5,-74.7,-52.5,-9.2,-41.8,8.0,44.7,16.0,0.6,0.6,0.5,-16.6,3.6,28.0,4.7,6.0,23.8,14.0,0.5,0.6,0.5,-48.4,-40.6,-17.9,-35.4,6.0,19.2,14.0,0.5,0.6,0.5,-7.2,2.6,11.6,2.3,6.0,11.0,14.0,0.5,0.6,0.5,-20.3,-17.1,-8.7,-15.7,6.0,8.5,14.0,0.5,0.6,0.5,2.0,17.5,28.5,20.5,8.0,22.0,16.0,0.6,0.6,0.5,0.0,20.0,30.0,20.0,8.0,20.0,16.0,0.6,0.6,0.5
1974,2,258.0,15.0,26.33,28.05,28.3,27.81,22.0,1.27,20.0,0.6,0.6,0.4,26.0,27.0,28.1,27.0,24.0,1.54,18.0,0.5,0.6,0.4,14.56,16.17,18.24,16.63,13.0,2.21,18.0,0.3,0.5,0.4,69.8,77.6,81.4,76.7,13.0,8.8,18.0,0.3,0.4,1.43,2.6,3.67,2.63,19.0,1.23,16.0,0.4,0.6,0.4,0.0,1.3,2.72,1.33,19.0,1.57,16.0,0.4,0.6,0.4,-3.2,-1.15,0.06,-1.43,19.0,1.53,16.0,0.4,0.6,0.4,1011.2,1013.0,1014.6,1012.74,23.0,1.7,18.0,0.5,0.6,0.4,0.0,1.0,2.0,1.0,23.0,1.4,18.0,0.5,0.6,0.4,0.0,3.4,9.3,4.5,19.0,5.7,16.0,0.4,0.6,0.4,-12.9,-3.3,0.2,-4.8,19.0,6.4,16.0,0.4,0.6,0.4,-0.87,0.5,1.57,0.59,22.0,1.74,20.0,0.6,0.6,0.4,-1.2,1.0,4.6,0.6,17.0,5.1,18.0,0.5,0.6,0.4,3.47,6.14,9.31,6.37,13.0,3.27,18.0,0.3,0.5,0.4,4.1,12.5,21.6,13.4,13.0,9.5,18.0,0.3,0.5,0.4,0.0,29.9,74.2,35.8,19.0,43.2,16.0,0.4,0.6,0.4,-88.4,-29.2,1.7,-39.0,19.0,42.9,16.0,0.4,0.6,0.4,-1.6,13.6,42.9,15.0,13.0,28.3,18.0,0.3,0.5,0.4,-41.1,-15.5,0.6,-20.6,13.0,26.1,18.0,0.3,0.5,0.4,-0.2,6.2,17.0,7.4,13.0,10.7,18.0,0.3,0.5,0.4,-13.4,-6.2,0.4,-6.4,13.0,8.1,18.0,0.3,0.5,0.4,3.0,17.5,50.0,29.5,19.0,35.0,16.0,0.4,0.6,0.4,5.0,20.0,50.0,30.0,19.0,35.0,16.0,0.4,0.6,0.4
1974,2,258.0,16.0,26.78,28.0,28.8,28.01,25.0,1.06,14.0,0.6,0.7,0.6,25.5,27.25,29.42,27.62,26.0,1.76,12.0,0.6,0.7,0.6,14.55,16.18,17.41,16.18,21.0,1.47,12.0,0.5,0.7,0.7,67.8,71.5,78.4,72.0,21.0,7.8,12.0,0.5,0.7,1.4,3.1,5.1,3.18,25.0,2.0,14.0,0.6,0.6,0.6,0.0,2.6,4.24,2.16,25.0,2.68,14.0,0.6,0.6,0.6,-1.69,0.0,0.48,-0.39,25.0,1.53,14.0,0.6,0.6,0.6,1011.86,1012.9,1015.2,1012.97,26.0,2.07,14.0,0.6,0.7,0.6,0.0,0.0,2.0,0.7,27.0,1.1,14.0,0.6,0.6,0.6,0.0,6.8,21.9,10.2,25.0,16.3,14.0,0.6,0.6,0.6,-4.1,0.0,1.3,-1.8,25.0,6.8,14.0,0.6,0.6,0.6,-1.4,0.45,2.08,0.51,24.0,2.02,14.0,0.5,0.7,0.6,-3.3,0.0,4.8,0.7,22.0,10.1,14.0,0.6,0.7,0.6,6.09,7.27,8.56,7.31,20.0,1.84,14.0,0.5,0.7,0.7,5.4,18.8,36.6,23.0,18.0,19.6,14.0,0.5,0.7,0.7,0.0,59.1,120.5,58.4,24.0,77.7,12.0,0.6,0.7,0.6,-47.6,0.0,19.6,-9.6,24.0,43.2,12.0,0.6,0.7,0.6,-3.7,21.2,78.5,27.8,19.0,47.5,12.0,0.5,0.8,0.7,-39.8,0.0,0.6,-8.7,19.0,28.1,12.0,0.5,0.8,0.7,-3.4,10.2,35.4,14.4,18.0,24.5,14.0,0.5,0.7,0.7,-14.1,0.0,0.6,-3.8,18.0,10.3,14.0,0.5,0.7,0.7,3.0,30.0,132.5,71.0,25.0,113.5,14.0,0.6,0.6,0.6,5.0,30.0,135.0,70.0,25.0,115.0,14.0,0.6,0.6,0.6
1974,2,258.0,17.0,25.85,27.2,28.65,27.12,42.0,1.38,14.0,0.5,0.6,0.2,25.0,26.0,27.5,26.15,43.0,1.34,14.0,0.5,0.6,0.2,15.08,16.12,18.64,16.39,38.0,1.67,14.0,0.5,0.6,0.2,69.3,78.0,84.4,77.5,38.0,7.3,14.0,0.5,0.2,0.0,2.6,4.77,2.81,43.0,1.74,14.0,0.4,0.6,0.2,0.0,2.1,3.94,1.67,43.0,2.34,14.0,0.4,0.6,0.2,-2.23,0.0,1.03,-0.37,43.0,1.62,14.0,0.4,0.6,0.2,1010.5,1012.0,1013.9,1011.94,44.0,2.18,14.0,0.5,0.6,0.2,0.0,1.0,3.0,1.4,45.0,1.7,14.0,0.4,0.6,0.2,0.0,5.9,16.4,6.6,43.0,10.9,14.0,0.4,0.6,0.2,-6.4,0.0,2.5,-1.6,43.0,6.8,14.0,0.4,0.6,0.2,-0.57,0.6,2.59,0.95,41.0,1.73,14.0,0.5,0.6,0.2,-1.3,0.5,7.3,2.5,39.0,5.1,14.0,0.5,0.6,0.2,3.62,5.72,8.52,6.02,37.0,2.39,14.0,0.5,0.6,0.2,4.2,18.5,27.4,17.6,35.0,12.0,14.0,0.5,0.6,0.2,0.0,53.8,98.6,43.1,41.0,61.3,14.0,0.5,0.6,0.2,-57.8,0.0,29.1,-8.7,41.0,42.6,14.0,0.5,0.6,0.2,-6.1,33.5,67.5,27.4,36.0,40.9,14.0,0.5,0.6,0.2,-37.1,0.0,17.1,-7.2,36.0,27.0,14.0,0.5,0.6,0.2,-1.2,11.1,23.6,9.9,35.0,14.9,14.0,0.5,0.6,0.2,-10.6,0.0,5.9,-2.8,35.0,11.5,14.0,0.5,0.6,0.2,0.0,17.5,109.0,46.0,43.0,54.0,14.0,0.4,0.6,0.2,0.0,20.0,110.0,45.0,43.0,55.0,14.0,0.4,0.6,0.2
1974,2,259.0,-38.0,20.0,20.0,20.0,20.0,1.0,0.0,28.0,1.0,0.3,0.8,16.7,16.7,16.7,16.7,1.0,0.0,28.0,1.0,0.3,0.8,8.56,8.56,8.56,8.56,1.0,0.0,28.0,1.0,0.3,0.8,73.3,73.3,73.3,73.3,1.0,0.0,28.0,1.0,0.8,7.2,7.2,7.2,7.2,1.0,0.0,28.0,1.0,0.3,0.8,0.0,0.0,0.0,0.0,1.0,0.0,28.0,1.0,0.3,0.8,7.2,7.2,7.2,7.2,1.0,0.0,28.0,1.0,0.3,0.8,1021.7,1021.7,1021.7,1021.7,1.0,0.0,28.0,1.0,0.3,0.8,6.0,6.0,6.0,6.0,1.0,0.0,28.0,1.0,0.3,0.8,0.0,0.0,0.0,0.0,1.0,0.0,28.0,1.0,0.3,0.8,51.8,51.8,51.8,51.8,1.0,0.0,28.0,1.0,0.3,0.8,3.3,3.3,3.3,3.3,1.0,0.0,28.0,1.0,0.3,0.8,23.8,23.8,23.8,23.8,1.0,0.0,28.0,1.0,0.3,0.8,5.86,5.86,5.86,5.86,1.0,0.0,28.0,1.0,0.3,0.8,42.2,42.2,42.2,42.2,1.0,0.0,28.0,1.0,0.3,0.8,0.0,0.0,0.0,0.0,1.0,0.0,28.0,1.0,0.3,0.8,120.2,120.2,120.2,120.2,1.0,0.0,28.0,1.0,0.3,0.8,0.0,0.0,0.0,0.0,1.0,0.0,28.0,1.0,0.3,0.8,61.6,61.6,61.6,61.6,1.0,0.0,28.0,1.0,0.3,0.8,0.0,0.0,0.0,0.0,1.0,0.0,28.0,1.0,0.3,0.8,42.2,42.2,42.2,42.2,1.0,0.0,28.0,1.0,0.3,0.8,373.0,373.0,373.0,373.0,1.0,0.0,28.0,1.0,0.3,0.8,375.0,375.0,375.0,375.0,1.0,0.0,28.0,1.0,0.3,0.8
1974,2,259.0,-20.0,,,,,,,,,,,,,,,,,,,,,,,,,,,,,,,,,,,,,,,,8.2,8.2,8.2,8.2,1.0,0.0,4.0,0.0,0.6,0.8,-8.08,-8.08,-8.08,-8.08,1.0,0.0,4.0,0.0,0.6,0.8,1.42,1.42,1.42,1.42,1.0,0.0,4.0,0.0,0.6,0.8,1016.0,1016.0,1016.0,1016.0,1.0,0.0,4.0,0.0,0.6,0.8,8.0,8.0,8.0,8.0,1.0,0.0,4.0,0.0,0.6,0.8,-66.2,-66.2,-66.2,-66.2,1.0,0.0,4.0,0.0,0.6,0.8,11.7,11.7,11.7,11.7,1.0,0.0,4.0,0.0,0.6,0.8,,,,,,,,,,,,,,,,,,,,,,,,,,,,,,,,,,,,,,,,,-169.6,-169.6,-169.6,-169.6,1.0,0.0,4.0,0.0,0.6,0.8,29.9,29.9,29.9,29.9,1.0,0.0,4.0,0.0,0.6,0.8,-103.2,-103.2,-103.2,-103.2,1.0,0.0,4.0,0.0,0.6,0.8,18.2,18.2,18.2,18.2,1.0,0.0,4.0,0.0,0.6,0.8,,,,,,,,,,,,,,,,,,,,,,,,,,,,,,,,,,,,,,,,
1974,2,259.0,-15.0,23.69,25.6,25.87,24.8,3.0,1.74,16.0,0.3,0.7,0.5,22.4,22.6,25.81,24.07,3.0,2.8,16.0,0.3,0.7,0.5,13.69,13.77,13.85,13.77,2.0,0.17,16.0,0.0,0.6,0.3,80.6,81.6,82.6,81.6,2.0,2.1,16.0,0.0,0.3,6.08,8.2,8.75,7.43,3.0,2.06,16.0,0.3,0.7,0.5,-7.04,-6.89,-5.67,-6.37,3.0,1.1,16.0,0.3,0.7,0.5,1.3,4.1,5.25,3.3,3.0,2.98,16.0,0.3,0.7,0.5,1014.11,1015.0,1015.14,1014.63,3.0,0.81,16.0,0.3,0.7,0.5,3.3,4.0,6.7,5.0,3.0,2.6,16.0,0.3,0.7,0.5,-60.8,-58.2,-36.2,-48.8,3.0,19.8,16.0,0.3,0.7,0.5,10.7,33.6,46.2,28.6,3.0,26.4,16.0,0.3,0.7,0.5,-0.82,0.2,2.32,0.73,3.0,2.35,16.0,0.3,0.7,0.5,-7.5,1.6,12.0,2.3,3.0,14.3,16.0,0.3,0.7,0.5,4.1,5.1,6.11,5.1,2.0,2.08,16.0,0.0,0.6,0.3,30.4,31.7,32.9,31.7,2.0,2.6,16.0,0.0,0.6,0.3,-179.4,-160.5,-128.6,-154.1,3.0,37.6,16.0,0.3,0.7,0.5,29.4,92.7,137.2,83.5,3.0,79.4,16.0,0.3,0.7,0.5,-92.8,-83.9,-75.0,-83.9,2.0,18.4,16.0,0.0,0.6,0.3,8.9,28.0,47.1,28.0,2.0,39.6,16.0,0.0,0.6,0.3,-32.3,-29.7,-27.0,-29.7,2.0,5.4,16.0,0.0,0.6,0.3,2.4,7.5,12.5,7.5,2.0,10.5,16.0,0.0,0.6,0.3,265.5,551.5,672.5,471.0,3.0,306.0,16.0,0.3,0.7,0.5,265.0,550.0,675.0,470.0,3.0,305.0,16.0,0.3,0.7,0.5
1974,2,259.0,-12.0,23.9,23.9,23.9,23.9,1.0,0.0,10.0,1.0,0.7,1.0,24.5,24.5,24.5,24.5,1.0,0.0,10.0,1.0,0.7,1.0,14.26,14.26,14.26,14.26,1.0,0.0,10.0,1.0,0.7,1.0,74.6,74.6,74.6,74.6,1.0,0.0,10.0,1.0,1.0,5.1,5.1,5.1,5.1,1.0,0.0,10.0,1.0,0.7,1.0,-5.02,-5.02,-5.02,-5.02,1.0,0.0,10.0,1.0,0.7,1.0,0.89,0.89,0.89,0.89,1.0,0.0,10.0,1.0,0.7,1.0,1014.2,1014.2,1014.2,1014.2,1.0,0.0,10.0,1.0,0.7,1.0,4.0,4.0,4.0,4.0,1.0,0.0,10.0,1.0,0.7,1.0,-25.6,-25.6,-25.6,-25.6,1.0,0.0,10.0,1.0,0.7,1.0,4.5,4.5,4.5,4.5,1.0,0.0,10.0,1.0,0.7,1.0,-0.6,-0.6,-0.6,-0.6,1.0,0.0,10.0,1.0,0.7,1.0,-3.1,-3.1,-3.1,-3.1,1.0,0.0,10.0,1.0,0.7,1.0,4.22,4.22,4.22,4.22,1.0,0.0,10.0,1.0,0.7,1.0,21.5,21.5,21.5,21.5,1.0,0.0,10.0,1.0,0.7,1.0,-123.1,-123.1,-123.1,-123.1,1.0,0.0,10.0,1.0,0.7,1.0,21.7,21.7,21.7,21.7,1.0,0.0,10.0,1.0,0.7,1.0,-71.6,-71.6,-71.6,-71.6,1.0,0.0,10.0,1.0,0.7,1.0,12.6,12.6,12.6,12.6,1.0,0.0,10.0,1.0,0.7,1.0,-21.2,-21.2,-21.2,-21.2,1.0,0.0,10.0,1.0,0.7,1.0,3.7,3.7,3.7,3.7,1.0,0.0,10.0,1.0,0.7,1.0,132.5,132.5,132.5,132.5,1.0,0.0,10.0,1.0,0.7,1.0,135.0,135.0,135.0,135.0,1.0,0.0,10.0,1.0,0.7,1.0
1974,2,259.0,-11.0,25.4,25.4,25.4,25.4,1.0,0.0,22.0,1.0,0.4,0.9,24.17,24.55,24.93,24.55,2.0,0.78,22.0,0.5,0.3,0.7,17.87,17.87,17.87,17.87,1.0,0.0,22.0,0.0,0.1,0.5,95.9,95.9,95.9,95.9,1.0,0.0,22.0,0.0,0.5,5.14,6.3,7.46,6.3,2.0,2.4,22.0,0.5,0.3,0.7,-5.79,-5.06,-4.32,-5.06,2.0,1.52,22.0,0.5,0.3,0.7,2.75,3.72,4.69,3.72,2.0,2.01,22.0,0.5,0.3,0.7,1012.11,1014.5,1016.89,1014.5,2.0,4.95,22.0,0.5,0.3,0.7,3.8,5.5,7.2,5.5,2.0,3.5,22.0,0.5,0.3,0.7,-44.2,-33.7,-23.2,-33.7,2.0,21.7,22.0,0.5,0.3,0.7,15.4,25.9,36.3,25.9,2.0,21.6,22.0,0.5,0.3,0.7,,,,,,,,,,,,,,,,,,,,,,,,,,,,,,,,,,,,,,,,,-144.6,-124.7,-104.8,-124.7,2.0,41.2,22.0,0.5,0.3,0.7,66.9,92.1,117.3,92.1,2.0,52.2,22.0,0.5,0.3,0.7,-71.2,-71.2,-71.2,-71.2,1.0,0.0,22.0,0.0,0.1,0.5,41.1,41.1,41.1,41.1,1.0,0.0,22.0,0.0,0.1,0.5,,,,,,,,,,,,,,,,,,,,,,,,,,,,,,,,,,,,,,,,
1974,2,259.0,-10.0,23.99,24.4,24.9,24.47,7.0,0.46,14.0,0.7,0.5,0.6,24.51,24.7,25.98,25.28,8.0,1.3,16.0,0.8,0.5,0.6,14.05,14.8,15.07,14.71,7.0,0.8,14.0,0.7,0.5,0.6,68.6,76.5,78.2,75.2,7.0,5.7,14.0,0.7,0.6,5.22,7.0,8.09,6.6,8.0,1.84,16.0,0.8,0.5,0.6,-6.2,-4.93,-3.36,-4.78,8.0,1.91,16.0,0.8,0.5,0.6,3.97,4.56,5.21,4.45,8.0,0.85,16.0,0.8,0.5,0.6,1011.94,1012.95,1014.27,1012.85,8.0,1.76,16.0,0.8,0.5,0.6,2.3,6.0,7.0,5.1,8.0,2.4,16.0,0.8,0.5,0.6,-50.2,-34.5,-17.6,-34.6,8.0,20.4,16.0,0.8,0.5,0.6,21.0,32.4,40.2,30.5,8.0,11.5,16.0,0.8,0.5,0.6,-1.41,-0.1,0.3,-0.41,7.0,0.83,14.0,0.7,0.5,0.6,-10.0,-0.6,2.1,-3.5,7.0,6.5,14.0,0.7,0.5,0.6,3.77,4.66,4.89,4.46,7.0,0.58,14.0,0.7,0.5,0.6,26.7,28.8,34.7,30.1,7.0,9.0,14.0,0.7,0.5,0.6,-152.2,-123.5,-92.2,-120.9,8.0,48.9,16.0,0.8,0.5,0.6,109.8,115.2,127.8,112.2,8.0,20.1,16.0,0.8,0.5,0.6,-101.7,-76.1,-53.3,-73.5,7.0,29.0,14.0,0.7,0.5,0.6,62.2,65.3,80.8,66.7,7.0,14.4,14.0,0.7,0.5,0.6,-26.8,-21.0,-18.0,-22.1,7.0,9.3,14.0,0.7,0.5,0.6,17.3,22.0,22.5,20.0,7.0,4.1,14.0,0.7,0.5,0.6,144.5,343.0,531.5,342.5,8.0,222.5,16.0,0.8,0.5,0.6,145.0,345.0,530.0,345.0,8.0,225.0,16.0,0.8,0.5,0.6
1974,2,259.0,-9.0,24.43,25.35,26.27,25.35,2.0,1.91,16.0,0.5,0.4,0.3,23.22,23.7,24.18,23.7,2.0,0.99,16.0,0.5,0.4,0.3,13.63,14.25,14.87,14.25,2.0,1.28,16.0,0.5,0.4,0.3,76.8,77.8,78.9,77.8,2.0,2.2,16.0,0.5,0.3,8.95,9.5,10.05,9.5,2.0,1.13,16.0,0.5,0.4,0.3,-6.26,-5.49,-4.71,-5.49,2.0,1.61,16.0,0.5,0.4,0.3,7.59,7.71,7.83,7.71,2.0,0.25,16.0,0.5,0.4,0.3,1009.33,1010.05,1010.77,1010.05,2.0,1.48,16.0,0.5,0.4,0.3,4.2,4.5,4.8,4.5,2.0,0.7,16.0,0.5,0.4,0.3,-63.4,-53.0,-42.7,-53.0,2.0,21.5,16.0,0.5,0.4,0.3,68.0,73.4,78.8,73.4,2.0,11.1,16.0,0.5,0.4,0.3,1.21,1.65,2.09,1.65,2.0,0.92,16.0,0.5,0.4,0.3,11.1,16.2,21.3,16.2,2.0,10.6,16.0,0.5,0.4,0.3,5.55,6.07,6.59,6.07,2.0,1.08,16.0,0.5,0.4,0.3,50.0,58.3,66.5,58.3,2.0,17.1,16.0,0.5,0.4,0.3,-151.8,-130.8,-109.8,-130.8,2.0,43.5,16.0,0.5,0.4,0.3,176.3,182.9,189.5,182.9,2.0,13.6,16.0,0.5,0.4,0.3,-93.6,-79.2,-64.8,-79.2,2.0,29.9,16.0,0.5,0.4,0.3,103.6,110.1,116.6,110.1,2.0,13.5,16.0,0.5,0.4,0.3,-41.7,-34.2,-26.6,-34.2,2.0,15.7,16.0,0.5,0.4,0.3,42.2,46.9,51.7,46.9,2.0,9.9,16.0,0.5,0.4,0.3,727.5,875.5,1024.0,875.5,2.0,307.0,16.0,0.5,0.4,0.3,725.0,875.0,1025.0,875.0,2.0,305.0,16.0,0.5,0.4,0.3
1974,2,259.0,-4.0,24.65,25.2,25.75,25.2,2.0,1.13,22.0,1.0,0.3,0.6,25.33,25.6,25.87,25.6,2.0,0.57,22.0,1.0,0.3,0.6,17.57,17.57,17.57,17.57,1.0,0.0,14.0,1.0,0.1,0.2,87.6,87.6,87.6,87.6,1.0,0.0,14.0,1.0,0.2,4.18,4.35,4.52,4.35,2.0,0.35,22.0,1.0,0.3,0.6,-4.2,-3.94,-3.67,-3.94,2.0,0.55,22.0,1.0,0.3,0.6,-1.0,0.24,1.47,0.24,2.0,2.56,22.0,1.0,0.3,0.6,1010.3,1011.8,1013.3,1011.8,2.0,3.11,22.0,1.0,0.3,0.6,3.3,4.0,4.7,4.0,2.0,1.4,22.0,1.0,0.3,0.6,-19.0,-17.2,-15.4,-17.2,2.0,3.8,22.0,1.0,0.3,0.6,-4.8,0.6,5.9,0.6,2.0,11.1,22.0,1.0,0.3,0.6,-0.67,-0.4,-0.13,-0.4,2.0,0.57,22.0,1.0,0.3,0.6,-2.8,-1.6,-0.5,-1.6,2.0,2.3,22.0,1.0,0.3,0.6,1.57,1.57,1.57,1.57,1.0,0.0,14.0,1.0,0.1,0.2,6.4,6.4,6.4,6.4,1.0,0.0,14.0,1.0,0.1,0.2,-108.8,-100.9,-93.1,-100.9,2.0,16.2,22.0,1.0,0.3,0.6,-26.2,5.4,37.0,5.4,2.0,65.5,22.0,1.0,0.3,0.6,-62.4,-62.4,-62.4,-62.4,1.0,0.0,14.0,1.0,0.1,0.2,36.0,36.0,36.0,36.0,1.0,0.0,14.0,1.0,0.1,0.2,-5.6,-5.6,-5.6,-5.6,1.0,0.0,14.0,1.0,0.1,0.2,3.2,3.2,3.2,3.2,1.0,0.0,14.0,1.0,0.1,0.2,73.5,83.0,93.0,83.0,2.0,20.0,22.0,1.0,0.3,0.6,75.0,85.0,95.0,85.0,2.0,20.0,22.0,1.0,0.3,0.6
1974,2,259.0,-3.0,24.35,25.1,25.85,25.1,2.0,1.56,14.0,1.0,1.0,1.0,24.93,25.85,26.77,25.85,2.0,1.91,14.0,1.0,1.0,1.0,15.85,17.57,19.29,17.57,2.0,3.57,14.0,1.0,1.0,1.0,80.1,83.6,87.2,83.6,2.0,7.4,14.0,1.0,1.0,2.76,3.1,3.44,3.1,2.0,0.71,14.0,1.0,1.0,1.0,-2.59,-2.21,-1.84,-2.21,2.0,0.77,14.0,1.0,1.0,1.0,-1.63,-0.16,1.31,-0.16,2.0,3.04,14.0,1.0,1.0,1.0,1009.21,1009.45,1009.69,1009.45,2.0,0.49,14.0,1.0,1.0,1.0,2.5,3.5,4.5,3.5,2.0,2.1,14.0,1.0,1.0,1.0,-9.0,-7.1,-5.2,-7.1,2.0,3.9,14.0,1.0,1.0,1.0,-6.2,-1.6,3.0,-1.6,2.0,9.6,14.0,1.0,1.0,1.0,-0.92,-0.75,-0.58,-0.75,2.0,0.35,14.0,1.0,1.0,1.0,-3.2,-2.4,-1.7,-2.4,2.0,1.6,14.0,1.0,1.0,1.0,1.62,2.43,3.24,2.43,2.0,1.68,14.0,1.0,1.0,1.0,5.3,6.9,8.6,6.9,2.0,3.5,14.0,1.0,1.0,1.0,-69.6,-58.0,-46.4,-58.0,2.0,24.1,14.0,1.0,1.0,1.0,-45.2,-7.1,31.1,-7.1,2.0,79.0,14.0,1.0,1.0,1.0,-50.6,-40.3,-30.0,-40.3,2.0,21.4,14.0,1.0,1.0,1.0,-34.4,-8.3,17.8,-8.3,2.0,54.1,14.0,1.0,1.0,1.0,-5.6,-4.7,-3.8,-4.7,2.0,1.8,14.0,1.0,1.0,1.0,-1.3,2.2,5.6,2.2,2.0,7.1,14.0,1.0,1.0,1.0,22.0,32.0,42.0,32.0,2.0,20.5,14.0,1.0,1.0,1.0,20.0,30.0,40.0,30.0,2.0,20.0,14.0,1.0,1.0,1.0
1974,2,259.0,-1.0,22.86,23.0,24.71,23.77,3.0,1.5,6.0,0.3,0.4,0.8,23.45,24.0,24.61,24.03,3.0,0.85,6.0,0.3,0.4,0.8,14.56,15.98,16.35,15.47,3.0,1.38,6.0,0.3,0.4,0.8,79.6,81.4,86.3,82.9,3.0,5.1,6.0,0.3,0.8,0.66,1.0,4.55,2.57,3.0,3.16,6.0,0.3,0.4,0.8,-1.42,0.09,0.26,-0.56,3.0,1.35,6.0,0.3,0.4,0.8,0.63,0.94,4.28,2.42,3.0,2.96,6.0,0.3,0.4,0.8,1010.56,1012.2,1013.43,1012.0,3.0,2.11,6.0,0.3,0.4,0.8,2.0,2.0,4.0,3.0,3.0,1.7,6.0,0.3,0.4,0.8,-9.0,0.0,0.2,-4.3,3.0,7.7,6.0,0.3,0.4,0.8,0.5,0.9,25.0,12.4,3.0,20.5,6.0,0.3,0.4,0.8,-1.5,-0.2,0.96,-0.27,3.0,1.8,6.0,0.3,0.4,0.8,-1.5,-0.1,6.3,2.4,3.0,6.1,6.0,0.3,0.4,0.8,2.05,3.59,3.82,2.95,3.0,1.41,6.0,0.3,0.4,0.8,1.5,1.8,17.2,9.2,3.0,13.2,6.0,0.3,0.4,0.8,-34.1,2.0,6.5,-13.5,3.0,32.6,6.0,0.3,0.4,0.8,15.2,23.4,102.9,58.2,3.0,70.9,6.0,0.3,0.4,0.8,-23.5,1.2,4.1,-9.5,3.0,22.3,6.0,0.3,0.4,0.8,9.4,15.0,70.5,39.4,3.0,49.4,6.0,0.3,0.4,0.8,-5.6,0.3,0.4,-2.5,3.0,5.0,6.0,0.3,0.4,0.8,1.4,1.8,16.2,8.6,3.0,12.3,6.0,0.3,0.4,0.8,0.5,1.0,163.0,80.0,3.0,137.5,6.0,0.3,0.4,0.8,0.0,0.0,165.0,80.0,3.0,135.0,6.0,0.3,0.4,0.8
1974,2,259.0,0.0,23.61,25.4,27.66,25.63,4.0,2.61,10.0,1.0,0.4,0.5,24.22,25.2,25.87,25.05,4.0,1.1,10.0,1.0,0.4,0.5,15.32,16.73,18.26,16.79,4.0,1.71,10.0,1.0,0.4,0.5,81.0,85.2,87.7,84.4,4.0,4.2,10.0,1.0,0.5,0.98,2.55,4.12,2.55,4.0,1.88,10.0,1.0,0.4,0.5,-1.2,0.0,0.09,-0.53,4.0,1.18,10.0,1.0,0.4,0.5,0.96,2.55,3.8,2.39,4.0,1.68,10.0,1.0,0.4,0.5,1010.05,1011.6,1012.1,1011.1,4.0,1.47,10.0,1.0,0.4,0.5,3.5,4.0,4.5,4.0,4.0,0.8,10.0,1.0,0.4,0.5,-5.5,0.0,0.0,-2.6,4.0,5.3,10.0,1.0,0.4,0.5,1.2,7.6,15.8,8.4,4.0,8.6,10.0,1.0,0.4,0.5,-0.72,0.85,1.84,0.58,4.0,1.99,10.0,1.0,0.4,0.5,0.1,2.1,7.9,3.9,4.0,5.9,10.0,1.0,0.4,0.5,2.59,3.78,5.34,3.96,4.0,1.93,10.0,1.0,0.4,0.5,3.4,9.3,21.5,12.3,4.0,12.5,10.0,1.0,0.4,0.5,-31.6,0.0,2.2,-14.0,4.0,30.9,10.0,1.0,0.4,0.5,23.0,63.6,98.4,60.8,4.0,44.4,10.0,1.0,0.4,0.5,-22.3,0.0,1.4,-10.0,4.0,21.8,10.0,1.0,0.4,0.5,14.6,43.7,69.5,42.1,4.0,32.2,10.0,1.0,0.4,0.5,-7.8,0.0,0.2,-3.6,4.0,7.5,10.0,1.0,0.4,0.5,3.4,9.3,19.4,11.3,4.0,10.7,10.0,1.0,0.4,0.5,1.5,25.0,73.0,37.0,4.0,45.5,10.0,1.0,0.4,0.5,0.0,25.0,75.0,35.0,4.0,45.0,10.0,1.0,0.4,0.5
1974,2,259.0,1.0,25.45,26.0,26.68,26.07,3.0,0.9,10.0,0.7,0.4,0.6,24.44,25.4,27.58,26.0,3.0,2.36,10.0,0.7,0.4,0.6,15.58,17.02,18.35,16.97,3.0,2.03,10.0,0.7,0.4,0.6,73.3,80.3,89.4,81.3,3.0,11.8,10.0,0.7,0.6,3.76,4.1,4.78,4.27,3.0,0.76,10.0,0.7,0.4,0.6,-4.61,-3.55,-1.61,-3.12,3.0,2.22,10.0,0.7,0.4,0.6,0.2,0.63,2.95,1.55,3.0,2.17,10.0,0.7,0.4,0.6,1012.45,1013.2,1015.79,1014.1,3.0,2.57,10.0,0.7,0.4,0.6,4.0,6.0,6.7,5.3,3.0,2.1,10.0,0.7,0.4,0.6,-21.8,-12.8,-6.0,-13.9,3.0,11.6,10.0,0.7,0.4,0.6,0.7,2.3,12.0,6.3,3.0,9.0,10.0,0.7,0.4,0.6,-0.9,0.6,1.01,0.07,3.0,1.47,10.0,0.7,0.4,0.6,-4.9,2.2,4.0,-0.4,3.0,6.9,10.0,0.7,0.4,0.6,3.02,5.1,5.16,4.12,3.0,1.79,10.0,0.7,0.4,0.6,11.7,20.9,24.7,18.3,3.0,9.8,10.0,0.7,0.4,0.6,-128.1,-90.1,-40.2,-84.3,3.0,64.6,10.0,0.7,0.4,0.6,5.0,15.9,71.2,37.6,3.0,52.0,10.0,0.7,0.4,0.6,-80.6,-67.3,-28.6,-54.9,3.0,39.6,10.0,0.7,0.4,0.6,3.8,11.9,44.9,24.0,3.0,31.9,10.0,0.7,0.4,0.6,-20.4,-7.3,-4.8,-12.5,3.0,12.3,10.0,0.7,0.4,0.6,0.4,1.3,14.5,7.3,3.0,11.5,10.0,0.7,0.4,0.6,53.5,69.0,112.5,82.5,3.0,44.5,10.0,0.7,0.4,0.6,55.0,70.0,110.0,85.0,3.0,45.0,10.0,0.7,0.4,0.6
1974,2,259.0,2.0,24.45,25.2,25.2,24.83,3.0,0.64,4.0,0.0,0.2,0.3,23.23,23.5,23.5,23.37,3.0,0.23,4.0,0.0,0.2,0.3,14.27,14.28,15.43,14.84,3.0,0.98,4.0,0.0,0.2,0.3,79.2,79.2,87.1,83.1,3.0,6.6,4.0,0.0,0.3,3.08,4.1,4.44,3.77,3.0,1.04,4.0,0.0,0.2,0.3,0.0,0.0,2.72,1.33,3.0,2.3,4.0,0.0,0.2,0.3,2.4,2.6,3.62,3.0,3.0,0.96,4.0,0.0,0.2,0.3,1012.46,1012.8,1013.21,1012.83,3.0,0.55,4.0,0.0,0.2,0.3,4.6,6.0,7.4,6.0,3.0,2.0,4.0,0.0,0.2,0.3,0.0,0.0,12.5,6.1,3.0,10.6,4.0,0.0,0.2,0.3,8.0,10.6,14.8,11.4,3.0,5.1,4.0,0.0,0.2,0.3,1.22,1.7,1.7,1.47,3.0,0.4,4.0,0.0,0.2,0.3,4.5,4.6,6.2,5.3,3.0,1.4,4.0,0.0,0.2,0.3,3.71,5.74,5.75,4.75,3.0,1.72,4.0,0.0,0.2,0.3,13.4,14.9,20.8,17.1,3.0,5.7,4.0,0.0,0.2,0.3,0.0,0.0,62.8,30.7,3.0,53.1,4.0,0.0,0.2,0.3,55.7,61.1,85.2,70.2,3.0,23.0,4.0,0.0,0.2,0.3,0.0,0.0,43.4,21.2,3.0,36.7,4.0,0.0,0.2,0.3,36.8,37.1,51.7,44.1,3.0,12.5,4.0,0.0,0.2,0.3,0.0,0.0,7.5,3.7,3.0,6.3,4.0,0.0,0.2,0.3,9.1,14.9,20.8,14.9,3.0,8.6,4.0,0.0,0.2,0.3,34.0,69.0,88.5,61.5,3.0,40.5,4.0,0.0,0.2,0.3,35.0,70.0,90.0,60.0,3.0,40.0,4.0,0.0,0.2,0.3
1974,2,259.0,5.0,26.5,26.5,26.5,26.5,1.0,0.0,26.0,1.0,0.2,0.0,26.8,26.8,26.8,26.8,1.0,0.0,26.0,1.0,0.2,0.0,17.16,17.16,17.16,17.16,1.0,0.0,26.0,1.0,0.2,0.0,77.8,77.8,77.8,77.8,1.0,0.0,26.0,1.0,0.0,10.3,10.3,10.3,10.3,1.0,0.0,26.0,1.0,0.2,0.0,-8.92,-8.92,-8.92,-8.92,1.0,0.0,26.0,1.0,0.2,0.0,-5.15,-5.15,-5.15,-5.15,1.0,0.0,26.0,1.0,0.2,0.0,1008.4,1008.4,1008.4,1008.4,1.0,0.0,26.0,1.0,0.2,0.0,3.0,3.0,3.0,3.0,1.0,0.0,26.0,1.0,0.2,0.0,-91.9,-91.9,-91.9,-91.9,1.0,0.0,26.0,1.0,0.2,0.0,-53.0,-53.0,-53.0,-53.0,1.0,0.0,26.0,1.0,0.2,0.0,-0.3,-0.3,-0.3,-0.3,1.0,0.0,26.0,1.0,0.2,0.0,-3.1,-3.1,-3.1,-3.1,1.0,0.0,26.0,1.0,0.2,0.0,4.58,4.58,4.58,4.58,1.0,0.0,26.0,1.0,0.2,0.0,47.1,47.1,47.1,47.1,1.0,0.0,26.0,1.0,0.2,0.0,-239.1,-239.1,-239.1,-239.1,1.0,0.0,26.0,1.0,0.2,0.0,-138.0,-138.0,-138.0,-138.0,1.0,0.0,26.0,1.0,0.2,0.0,-153.1,-153.1,-153.1,-153.1,1.0,0.0,26.0,1.0,0.2,0.0,-88.4,-88.4,-88.4,-88.4,1.0,0.0,26.0,1.0,0.2,0.0,-40.8,-40.8,-40.8,-40.8,1.0,0.0,26.0,1.0,0.2,0.0,-23.6,-23.6,-23.6,-23.6,1.0,0.0,26.0,1.0,0.2,0.0,1092.5,1092.5,1092.5,1092.5,1.0,0.0,26.0,1.0,0.2,0.0,1095.0,1095.0,1095.0,1095.0,1.0,0.0,26.0,1.0,0.2,0.0
1974,2,259.0,6.0,26.1,26.1,26.1,26.1,1.0,0.0,28.0,0.0,0.4,0.8,26.2,26.2,26.2,26.2,1.0,0.0,28.0,0.0,0.4,0.8,17.23,17.23,17.23,17.23,1.0,0.0,28.0,0.0,0.4,0.8,81.1,81.1,81.1,81.1,1.0,0.0,28.0,0.0,0.8,12.3,12.3,12.3,12.3,1.0,0.0,28.0,0.0,0.4,0.8,-12.11,-12.11,-12.11,-12.11,1.0,0.0,28.0,0.0,0.4,0.8,-2.14,-2.14,-2.14,-2.14,1.0,0.0,28.0,0.0,0.4,0.8,1010.5,1010.5,1010.5,1010.5,1.0,0.0,28.0,0.0,0.4,0.8,3.0,3.0,3.0,3.0,1.0,0.0,28.0,0.0,0.4,0.8,-149.0,-149.0,-149.0,-149.0,1.0,0.0,28.0,0.0,0.4,0.8,-26.3,-26.3,-26.3,-26.3,1.0,0.0,28.0,0.0,0.4,0.8,-0.1,-0.1,-0.1,-0.1,1.0,0.0,28.0,0.0,0.4,0.8,-1.2,-1.2,-1.2,-1.2,1.0,0.0,28.0,0.0,0.4,0.8,3.95,3.95,3.95,3.95,1.0,0.0,28.0,0.0,0.4,0.8,48.6,48.6,48.6,48.6,1.0,0.0,28.0,0.0,0.4,0.8,-317.4,-317.4,-317.4,-317.4,1.0,0.0,28.0,0.0,0.4,0.8,-56.0,-56.0,-56.0,-56.0,1.0,0.0,28.0,0.0,0.4,0.8,-208.8,-208.8,-208.8,-208.8,1.0,0.0,28.0,0.0,0.4,0.8,-36.8,-36.8,-36.8,-36.8,1.0,0.0,28.0,0.0,0.4,0.8,-47.8,-47.8,-47.8,-47.8,1.0,0.0,28.0,0.0,0.4,0.8,-8.4,-8.4,-8.4,-8.4,1.0,0.0,28.0,0.0,0.4,0.8,1861.0,1861.0,1861.0,1861.0,1.0,0.0,28.0,0.0,0.4,0.8,1860.0,1860.0,1860.0,1860.0,1.0,0.0,28.0,0.0,0.4,0.8
1974,2,259.0,7.0,27.45,28.0,28.2,27.83,3.0,0.57,16.0,1.0,0.4,0.2,27.8,29.5,30.0,28.93,4.0,1.56,18.0,1.0,0.4,0.1,17.48,17.77,18.06,17.77,2.0,0.6,10.0,1.0,0.5,0.3,73.7,75.9,78.2,75.9,2.0,4.6,10.0,1.0,0.3,5.12,8.0,10.3,7.73,4.0,3.01,18.0,1.0,0.4,0.1,-9.68,-7.52,-4.81,-7.26,4.0,2.83,18.0,1.0,0.4,0.1,-3.52,-2.74,-1.75,-2.64,4.0,1.03,18.0,1.0,0.4,0.1,1010.77,1011.65,1011.9,1011.35,4.0,0.8,18.0,1.0,0.4,0.1,2.0,2.5,3.0,2.5,4.0,0.6,18.0,1.0,0.4,0.1,-99.7,-65.1,-25.0,-62.4,4.0,43.2,18.0,1.0,0.4,0.1,-36.3,-23.7,-9.1,-22.7,4.0,15.7,18.0,1.0,0.4,0.1,-2.23,-1.0,0.77,-0.73,3.0,2.21,16.0,1.0,0.4,0.2,-21.1,-4.6,4.8,-8.1,3.0,19.2,16.0,1.0,0.4,0.2,5.71,6.16,6.6,6.16,2.0,0.92,10.0,1.0,0.5,0.3,27.5,32.1,36.7,32.1,2.0,9.5,10.0,1.0,0.5,0.3,-290.4,-216.7,-133.8,-212.3,4.0,90.5,18.0,1.0,0.4,0.1,-105.7,-78.9,-48.7,-77.3,4.0,32.9,18.0,1.0,0.4,0.1,-90.6,-85.8,-80.9,-85.8,2.0,10.1,10.0,1.0,0.5,0.3,-33.0,-31.2,-29.4,-31.2,2.0,3.7,10.0,1.0,0.5,0.3,-34.5,-30.1,-25.8,-30.1,2.0,9.0,10.0,1.0,0.5,0.3,-12.5,-11.0,-9.4,-11.0,2.0,3.3,10.0,1.0,0.5,0.3,139.0,639.0,1092.5,617.0,4.0,550.5,18.0,1.0,0.4,0.1,140.0,640.0,1095.0,615.0,4.0,550.0,18.0,1.0,0.4,0.1
1974,2,259.0,8.0,26.7,26.7,26.7,26.7,2.0,0.0,14.0,1.0,0.8,0.6,26.39,28.1,29.81,28.1,2.0,3.54,14.0,1.0,0.8,0.6,18.64,18.64,18.64,18.64,1.0,0.0,24.0,1.0,1.0,0.3,90.9,90.9,90.9,90.9,1.0,0.0,24.0,1.0,0.3,5.51,6.4,7.29,6.4,2.0,1.84,14.0,1.0,0.8,0.6,-6.13,-4.97,-3.82,-4.97,2.0,2.4,14.0,1.0,0.8,0.6,-3.9,-3.88,-3.86,-3.88,2.0,0.04,14.0,1.0,0.8,0.6,1011.5,1011.5,1011.5,1011.5,2.0,0.0,14.0,1.0,0.8,0.6,5.2,5.5,5.8,5.5,2.0,0.7,14.0,1.0,0.8,0.6,-45.9,-34.0,-22.2,-34.0,2.0,24.5,14.0,1.0,0.8,0.6,-28.1,-24.8,-21.5,-24.8,2.0,6.9,14.0,1.0,0.8,0.6,-3.11,-1.4,0.31,-1.4,2.0,3.54,14.0,1.0,0.8,0.6,-15.4,-5.7,4.0,-5.7,2.0,20.1,14.0,1.0,0.8,0.6,3.29,3.29,3.29,3.29,1.0,0.0,24.0,1.0,1.0,0.3,25.4,25.4,25.4,25.4,1.0,0.0,24.0,1.0,1.0,0.3,-159.5,-135.5,-111.5,-135.5,2.0,49.8,14.0,1.0,0.8,0.6,-116.2,-109.1,-101.9,-109.1,2.0,14.8,14.0,1.0,0.8,0.6,-124.3,-124.3,-124.3,-124.3,1.0,0.0,24.0,1.0,1.0,0.3,-71.8,-71.8,-71.8,-71.8,1.0,0.0,24.0,1.0,1.0,0.3,-22.0,-22.0,-22.0,-22.0,1.0,0.0,24.0,1.0,1.0,0.3,-12.7,-12.7,-12.7,-12.7,1.0,0.0,24.0,1.0,1.0,0.3,184.0,294.5,405.0,294.5,2.0,229.0,14.0,1.0,0.8,0.6,185.0,295.0,405.0,295.0,2.0,230.0,14.0,1.0,0.8,0.6
1974,2,259.0,9.0,26.98,27.2,28.11,27.46,5.0,0.68,18.0,1.0,0.6,0.5,25.98,27.1,28.22,27.1,4.0,1.35,20.0,1.0,0.6,0.4,17.3,17.55,17.79,17.55,2.0,0.51,20.0,1.0,0.4,0.4,81.2,83.6,86.0,83.6,2.0,4.9,20.0,1.0,0.4,2.33,4.6,9.05,5.78,5.0,4.98,18.0,1.0,0.6,0.5,-7.82,-2.91,-1.23,-4.61,5.0,5.02,18.0,1.0,0.6,0.5,-4.49,-3.99,-0.95,-2.98,5.0,1.92,18.0,1.0,0.6,0.5,1009.47,1011.7,1012.55,1011.18,5.0,1.83,18.0,1.0,0.6,0.5,2.6,3.0,3.4,3.0,5.0,0.7,18.0,1.0,0.6,0.5,-86.0,-9.0,-4.8,-46.1,5.0,77.9,18.0,1.0,0.6,0.5,-40.2,-19.9,-2.4,-23.1,5.0,26.6,18.0,1.0,0.6,0.5,-0.6,-0.2,0.93,0.15,4.0,1.04,20.0,1.0,0.6,0.4,-4.7,0.2,5.6,0.5,4.0,7.5,20.0,1.0,0.6,0.4,4.61,4.66,4.72,4.66,2.0,0.12,20.0,1.0,0.4,0.4,22.4,25.3,28.1,25.3,2.0,5.9,20.0,1.0,0.4,0.4,-255.0,-81.6,-29.1,-139.3,4.0,164.1,20.0,1.0,0.6,0.4,-126.1,-108.1,-59.7,-93.6,4.0,50.3,20.0,1.0,0.6,0.4,-75.8,-56.0,-36.2,-56.0,2.0,41.0,20.0,1.0,0.4,0.4,-73.8,-72.8,-71.8,-72.8,2.0,2.1,20.0,1.0,0.4,0.4,-20.1,-14.9,-9.6,-14.9,2.0,10.9,20.0,1.0,0.4,0.4,-19.7,-19.4,-19.1,-19.4,2.0,0.6,20.0,1.0,0.4,0.4,19.5,97.5,1153.5,622.0,5.0,1189.5,18.0,1.0,0.6,0.5,20.0,95.0,1155.0,620.0,5.0,1190.0,18.0,1.0,0.6,0.5
1974,2,259.0,10.0,26.58,27.1,28.14,27.35,4.0,1.18,10.0,0.0,0.5,0.2,25.75,25.9,26.0,25.88,4.0,0.15,10.0,0.0,0.5,0.2,16.03,17.06,18.08,17.05,4.0,1.26,10.0,0.0,0.5,0.2,77.1,82.5,86.7,81.9,4.0,6.0,10.0,0.0,0.2,3.31,4.6,6.72,5.0,4.0,2.37,10.0,0.0,0.5,0.2,-6.15,-4.57,-3.26,-4.7,4.0,1.91,10.0,0.0,0.5,0.2,-2.49,-0.36,0.24,-1.09,4.0,2.06,10.0,0.0,0.5,0.2,1011.21,1012.05,1013.1,1012.15,4.0,1.43,10.0,0.0,0.5,0.2,0.5,1.0,3.1,1.8,4.0,2.2,10.0,0.0,0.5,0.2,-42.9,-21.3,-11.4,-26.9,4.0,22.4,10.0,0.0,0.5,0.2,-19.0,-1.5,0.6,-8.8,4.0,16.6,10.0,0.0,0.5,0.2,0.74,1.2,2.24,1.48,4.0,1.08,10.0,0.0,0.5,0.2,2.6,4.2,15.6,8.9,4.0,10.6,10.0,0.0,0.5,0.2,4.27,4.87,7.36,5.77,4.0,2.57,10.0,0.0,0.5,0.2,14.8,22.4,52.7,33.2,4.0,30.7,10.0,0.0,0.5,0.2,-159.1,-117.6,-84.5,-121.6,4.0,49.6,10.0,0.0,0.5,0.2,-64.6,-9.2,6.1,-28.3,4.0,53.6,10.0,0.0,0.5,0.2,-98.1,-77.6,-58.7,-78.4,4.0,26.5,10.0,0.0,0.5,0.2,-39.5,-6.3,4.4,-17.1,4.0,32.5,10.0,0.0,0.5,0.2,-47.2,-22.2,-14.6,-30.5,4.0,25.6,10.0,0.0,0.5,0.2,-22.2,-1.8,0.9,-10.2,4.0,19.4,10.0,0.0,0.5,0.2,42.0,101.0,352.0,192.5,4.0,243.5,10.0,0.0,0.5,0.2,40.0,100.0,350.0,195.0,4.0,245.0,10.0,0.0,0.5,0.2
1974,2,259.0,11.0,26.19,27.7,28.0,27.27,7.0,0.85,20.0,0.6,0.5,0.6,25.46,25.6,26.26,26.11,7.0,1.55,20.0,0.6,0.5,0.6,14.46,15.93,16.61,15.54,3.0,1.61,20.0,0.3,0.3,0.8,72.1,82.4,82.8,77.6,3.0,8.9,20.0,0.3,0.8,3.55,6.2,8.23,6.41,7.0,3.43,20.0,0.6,0.5,0.6,-7.07,-5.83,-2.1,-4.75,7.0,3.9,20.0,0.6,0.5,0.6,-4.21,-2.39,-2.08,-3.31,7.0,2.34,20.0,0.6,0.5,0.6,1010.45,1011.9,1015.0,1012.2,7.0,2.16,20.0,0.6,0.5,0.6,1.0,1.0,2.2,1.9,7.0,2.0,20.0,0.6,0.5,0.6,-58.9,-36.1,-7.7,-40.8,7.0,43.8,20.0,0.6,0.5,0.6,-35.6,-13.1,-9.6,-27.5,7.0,36.1,20.0,0.6,0.5,0.6,0.12,1.5,2.3,1.16,7.0,1.4,20.0,0.6,0.5,0.6,0.1,6.9,14.3,6.5,7.0,9.9,20.0,0.6,0.5,0.6,5.67,6.52,8.57,7.11,3.0,2.18,20.0,0.3,0.3,0.8,19.3,24.3,48.0,33.4,3.0,22.5,20.0,0.3,0.3,0.8,-206.9,-149.1,-54.1,-125.8,7.0,103.8,20.0,0.6,0.5,0.6,-122.7,-61.3,-53.3,-87.3,7.0,62.6,20.0,0.6,0.5,0.6,-74.9,-63.5,5.9,-35.2,3.0,64.0,20.0,0.3,0.3,0.8,-34.3,-29.2,-24.3,-29.3,3.0,7.3,20.0,0.3,0.3,0.8,-44.5,-21.0,3.4,-20.6,3.0,35.1,20.0,0.3,0.3,0.8,-17.6,-12.1,-9.6,-13.6,3.0,6.0,20.0,0.3,0.3,0.8,45.5,238.5,590.0,486.0,7.0,753.0,20.0,0.6,0.5,0.6,45.0,240.0,590.0,485.0,7.0,755.0,20.0,0.6,0.5,0.6
1974,2,259.0,12.0,26.6,27.9,28.95,27.76,12.0,1.42,14.0,0.6,0.7,0.3,26.05,27.0,28.09,27.08,13.0,1.19,12.0,0.6,0.7,0.4,15.24,16.1,18.22,16.4,9.0,1.49,16.0,0.4,0.6,0.4,68.5,74.0,78.3,74.1,10.0,5.2,14.0,0.5,0.4,2.32,4.35,9.3,4.94,12.0,3.07,14.0,0.6,0.7,0.4,-8.23,-3.87,-1.44,-4.35,12.0,3.19,14.0,0.6,0.7,0.4,-3.12,-1.34,0.27,-1.32,12.0,1.84,14.0,0.6,0.7,0.4,1010.39,1011.5,1014.61,1012.2,10.0,1.95,14.0,0.5,0.6,0.4,0.0,2.0,3.2,2.0,13.0,1.9,12.0,0.6,0.7,0.4,-76.5,-17.0,-3.8,-30.3,12.0,32.2,14.0,0.6,0.7,0.4,-21.9,-3.8,0.6,-10.0,12.0,14.5,14.0,0.6,0.7,0.4,-1.55,1.05,2.75,0.73,12.0,1.94,14.0,0.6,0.7,0.3,-7.5,3.1,12.3,3.7,11.0,9.9,14.0,0.5,0.7,0.3,4.91,7.02,8.43,7.14,9.0,2.1,16.0,0.4,0.6,0.4,23.5,32.9,65.1,40.9,9.0,22.2,16.0,0.4,0.6,0.4,-226.4,-109.1,-38.1,-117.2,12.0,85.9,14.0,0.6,0.7,0.4,-79.6,-35.4,7.1,-35.1,12.0,50.1,14.0,0.6,0.7,0.4,-140.7,-82.2,-45.0,-87.9,9.0,45.9,16.0,0.4,0.6,0.4,-51.7,-25.0,-4.4,-30.8,9.0,29.5,16.0,0.4,0.6,0.4,-56.6,-32.9,-20.7,-36.9,9.0,21.5,16.0,0.4,0.6,0.4,-21.5,-14.1,-1.3,-13.7,9.0,13.1,16.0,0.4,0.6,0.4,14.0,83.0,804.5,257.0,12.0,338.0,14.0,0.6,0.7,0.4,15.0,85.0,805.0,255.0,12.0,340.0,14.0,0.6,0.7,0.4
1974,2,259.0,13.0,28.41,28.8,29.4,28.87,11.0,0.62,16.0,0.7,0.6,0.4,26.33,27.8,28.58,27.63,11.0,1.25,16.0,0.7,0.6,0.4,15.15,16.38,17.72,16.43,4.0,1.71,14.0,0.5,0.6,0.2,68.6,73.4,83.5,75.9,4.0,9.4,14.0,0.5,0.2,2.6,3.1,4.22,3.47,11.0,2.28,16.0,0.7,0.6,0.4,-3.69,-1.99,0.69,-2.06,11.0,3.2,16.0,0.7,0.6,0.4,-1.88,-1.61,0.9,-0.63,11.0,1.77,16.0,0.7,0.6,0.4,1009.5,1013.5,1015.08,1012.61,11.0,2.56,16.0,0.7,0.6,0.4,0.0,2.0,6.0,2.6,11.0,2.6,16.0,0.7,0.6,0.4,-15.7,-5.2,1.8,-12.1,11.0,25.6,16.0,0.7,0.6,0.4,-10.0,-4.3,2.7,-3.3,11.0,7.6,16.0,0.7,0.6,0.4,0.0,1.5,2.15,1.25,11.0,1.41,16.0,0.7,0.6,0.4,0.0,2.9,9.9,4.1,11.0,5.5,16.0,0.7,0.6,0.4,7.42,8.92,10.12,8.78,4.0,1.66,14.0,0.5,0.6,0.2,12.0,37.4,56.6,34.4,4.0,27.8,14.0,0.5,0.6,0.2,-107.3,-55.4,20.3,-56.1,11.0,87.2,16.0,0.7,0.6,0.4,-53.8,-42.8,25.9,-17.7,11.0,48.6,16.0,0.7,0.6,0.4,-110.4,-45.5,-13.7,-61.3,4.0,67.0,14.0,0.5,0.6,0.2,-40.3,-13.6,26.0,-7.4,4.0,43.7,14.0,0.5,0.6,0.2,-50.6,-25.3,-6.0,-28.1,4.0,27.6,14.0,0.5,0.6,0.2,-21.9,-5.5,11.4,-5.2,4.0,22.4,14.0,0.5,0.6,0.2,17.5,30.0,82.0,105.5,11.0,234.5,16.0,0.7,0.6,0.4,20.0,30.0,80.0,105.0,11.0,235.0,16.0,0.7,0.6,0.4
1974,2,259.0,14.0,27.18,28.0,29.21,28.15,11.0,1.25,20.0,0.5,0.5,0.5,26.09,27.75,29.57,27.86,10.0,1.56,20.0,0.6,0.5,0.5,16.29,18.18,19.81,18.2,9.0,2.26,18.0,0.6,0.5,0.5,73.0,74.6,84.1,77.4,9.0,6.0,18.0,0.6,0.5,0.13,1.5,4.2,2.17,9.0,2.16,20.0,0.6,0.6,0.5,-1.35,0.0,1.25,0.04,9.0,1.54,20.0,0.6,0.6,0.5,-3.3,-0.26,0.0,-1.68,9.0,2.09,20.0,0.6,0.6,0.5,1010.89,1011.55,1013.36,1012.13,10.0,1.93,20.0,0.6,0.5,0.5,0.6,1.0,4.2,2.1,11.0,2.1,20.0,0.5,0.5,0.5,-1.9,0.0,3.6,0.3,9.0,6.9,20.0,0.6,0.6,0.5,-14.1,-0.4,0.0,-7.5,9.0,12.1,20.0,0.6,0.6,0.5,-1.34,0.0,1.57,0.16,10.0,1.95,20.0,0.6,0.5,0.5,-3.9,0.0,4.1,-1.7,8.0,7.6,20.0,0.6,0.6,0.5,2.78,5.58,7.05,5.49,9.0,3.24,18.0,0.6,0.5,0.5,0.2,7.7,20.2,10.8,8.0,11.5,20.0,0.6,0.6,0.5,-42.6,0.0,35.8,-2.1,8.0,46.0,20.0,0.6,0.6,0.5,-92.9,-38.8,0.0,-52.8,8.0,63.1,20.0,0.6,0.6,0.5,-27.7,0.0,23.4,-1.7,8.0,29.3,20.0,0.6,0.6,0.5,-58.2,-25.4,0.0,-35.2,8.0,41.7,20.0,0.6,0.6,0.5,-6.8,0.0,9.2,1.3,8.0,9.8,20.0,0.6,0.6,0.5,-17.6,-1.8,0.0,-7.7,8.0,10.0,20.0,0.6,0.6,0.5,0.0,3.5,79.0,43.0,9.0,79.5,20.0,0.6,0.6,0.5,0.0,5.0,80.0,45.0,9.0,80.0,20.0,0.6,0.6,0.5
1974,2,259.0,15.0,27.77,28.3,29.06,28.3,18.0,1.04,18.0,0.7,0.6,0.4,26.64,27.75,29.05,27.77,18.0,1.16,16.0,0.7,0.6,0.4,14.94,15.9,17.65,16.12,10.0,1.23,16.0,0.5,0.6,0.5,66.7,69.1,77.0,71.2,10.0,6.6,16.0,0.5,0.5,2.27,3.35,4.1,3.2,18.0,1.53,16.0,0.7,0.6,0.5,-3.69,0.46,2.99,0.29,18.0,2.82,16.0,0.7,0.6,0.5,-3.36,-0.58,0.0,-1.29,18.0,1.84,16.0,0.7,0.6,0.5,1011.7,1012.9,1014.94,1013.18,16.0,1.94,16.0,0.6,0.6,0.4,0.0,2.0,2.1,1.4,19.0,1.2,16.0,0.7,0.6,0.4,-14.1,0.9,10.9,0.8,18.0,12.1,16.0,0.7,0.6,0.5,-15.2,-1.3,0.0,-5.4,18.0,8.7,16.0,0.7,0.6,0.5,-0.74,0.5,1.38,0.45,17.0,1.23,16.0,0.7,0.6,0.4,-1.7,1.0,3.9,1.2,16.0,3.6,18.0,0.7,0.6,0.5,6.18,7.25,8.86,7.44,10.0,1.48,16.0,0.5,0.6,0.5,13.1,28.5,33.5,24.8,10.0,12.6,16.0,0.5,0.6,0.5,-102.6,11.5,85.9,7.0,17.0,80.4,16.0,0.6,0.6,0.5,-96.0,-12.2,0.0,-32.8,17.0,50.7,16.0,0.6,0.6,0.5,-44.5,10.2,49.1,4.1,10.0,45.0,16.0,0.5,0.6,0.5,-63.4,-24.8,0.0,-29.0,10.0,33.4,16.0,0.5,0.6,0.5,-20.2,3.6,18.5,1.9,10.0,22.1,16.0,0.5,0.6,0.5,-24.2,-12.2,0.0,-11.9,10.0,13.8,16.0,0.5,0.6,0.5,13.5,38.0,69.0,53.0,18.0,58.0,16.0,0.7,0.6,0.5,15.0,40.0,70.0,55.0,18.0,60.0,16.0,0.7,0.6,0.5
1974,2,259.0,16.0,26.0,27.7,28.9,27.46,50.0,1.29,16.0,0.5,0.6,0.6,25.33,26.75,28.98,27.03,52.0,1.59,16.0,0.5,0.6,0.6,15.46,16.17,17.4,16.31,46.0,1.68,14.0,0.5,0.6,0.6,65.9,75.0,83.0,73.8,46.0,8.8,14.0,0.5,0.6,0.0,2.6,4.1,2.37,49.0,1.9,16.0,0.5,0.6,0.6,0.0,1.0,3.67,1.27,49.0,2.34,16.0,0.5,0.6,0.6,-1.61,0.0,0.96,-0.29,49.0,1.48,16.0,0.5,0.6,0.6,1010.3,1012.5,1014.68,1012.59,54.0,2.17,16.0,0.5,0.6,0.6,0.0,1.0,2.0,1.2,54.0,1.4,16.0,0.5,0.6,0.6,0.0,1.4,15.0,4.9,49.0,12.3,16.0,0.5,0.6,0.6,-3.5,0.0,2.9,-1.0,49.0,7.1,16.0,0.5,0.6,0.6,-1.26,1.0,2.05,0.46,48.0,2.11,16.0,0.5,0.6,0.6,-3.4,0.5,5.8,0.3,43.0,6.7,16.0,0.5,0.6,0.6,4.17,6.66,8.61,6.5,45.0,2.22,16.0,0.5,0.6,0.6,0.0,11.9,29.3,15.9,40.0,14.7,16.0,0.5,0.6,0.6,0.0,26.8,101.8,35.5,47.0,65.0,16.0,0.5,0.6,0.6,-34.4,0.0,30.7,-6.1,47.0,41.0,16.0,0.5,0.6,0.6,0.0,16.0,57.6,19.8,41.0,41.2,16.0,0.5,0.6,0.6,-19.7,0.0,18.3,-3.3,41.0,26.5,16.0,0.5,0.6,0.6,0.0,5.6,25.5,8.7,40.0,17.6,16.0,0.5,0.6,0.6,-7.9,0.0,5.2,0.1,40.0,9.5,16.0,0.5,0.6,0.6,0.0,17.5,69.0,42.5,49.0,81.0,16.0,0.5,0.6,0.6,0.0,20.0,70.0,40.0,49.0,80.0,16.0,0.5,0.6,0.6
1974,2,259.0,17.0,26.17,26.75,27.79,26.83,8.0,0.97,14.0,0.5,0.1,0.0,25.41,26.3,26.79,26.46,8.0,1.33,14.0,0.5,0.1,0.0,15.55,17.06,18.87,17.25,8.0,1.65,14.0,0.5,0.1,0.0,75.3,79.4,87.9,80.2,8.0,8.1,14.0,0.5,0.0,0.0,2.6,4.15,2.06,7.0,2.11,12.0,0.4,0.2,0.0,-0.12,0.0,3.91,1.14,7.0,2.44,12.0,0.4,0.2,0.0,0.0,0.0,0.83,0.63,7.0,1.2,12.0,0.4,0.2,0.0,1011.32,1013.9,1015.2,1013.55,8.0,1.96,14.0,0.5,0.1,0.0,1.0,1.5,3.0,2.1,8.0,1.9,14.0,0.5,0.1,0.0,-0.3,0.0,16.7,5.2,7.0,9.7,12.0,0.4,0.2,0.0,0.0,0.0,3.6,3.0,7.0,6.2,12.0,0.4,0.2,0.0,-0.27,0.6,1.19,0.36,8.0,0.98,14.0,0.5,0.1,0.0,-0.3,0.0,3.1,0.4,7.0,3.4,12.0,0.4,0.2,0.0,3.34,4.87,6.35,4.83,8.0,1.43,14.0,0.5,0.1,0.0,0.0,8.4,26.3,11.2,7.0,12.1,12.0,0.4,0.2,0.0,-3.1,0.0,102.8,32.2,7.0,66.2,12.0,0.4,0.2,0.0,0.0,0.0,24.0,16.9,7.0,31.4,12.0,0.4,0.2,0.0,-1.9,0.0,65.3,20.9,7.0,41.2,12.0,0.4,0.2,0.0,0.0,0.0,14.1,10.5,7.0,20.0,12.0,0.4,0.2,0.0,-0.8,0.0,20.7,5.4,7.0,14.3,12.0,0.4,0.2,0.0,0.0,0.0,5.2,3.5,7.0,6.3,12.0,0.4,0.2,0.0,0.0,17.5,72.0,34.0,7.0,50.0,12.0,0.4,0.2,0.0,0.0,20.0,70.0,35.0,7.0,50.0,12.0,0.4,0.2,0.0
1974,2,260.0,-71.0,,,,,,,,,,,,,,,,,,,,,,,,,,,,,,,,,,,,,,,,6.48,7.0,8.05,7.25,4.0,1.26,14.0,1.0,0.8,0.7,-7.22,-6.11,-5.49,-6.34,4.0,1.1,14.0,1.0,0.8,0.7,-4.5,-1.22,2.23,-1.14,4.0,3.88,14.0,1.0,0.8,0.7,964.09,967.5,995.0,975.1,7.0,14.17,14.0,0.7,0.8,0.8,7.8,8.0,8.0,7.8,6.0,0.4,14.0,0.7,0.8,0.7,-58.7,-41.8,-35.6,-46.9,4.0,16.3,14.0,1.0,0.8,0.7,-36.2,-9.6,14.6,-10.7,4.0,29.5,14.0,1.0,0.8,0.7,,,,,,,,,,,,,,,,,,,,,,,,,,,,,,,,,,,,,,,,,-0.7,-0.7,-0.7,-0.7,1.0,0.0,18.0,1.0,0.9,0.6,0.2,0.2,0.2,0.2,1.0,0.0,18.0,1.0,0.9,0.6,-24.3,-24.3,-24.3,-24.3,1.0,0.0,18.0,1.0,0.9,0.6,8.8,8.8,8.8,8.8,1.0,0.0,18.0,1.0,0.9,0.6,,,,,,,,,,,,,,,,,,,,,,,,,,,,,,,,,,,,,,,,
1974,2,260.0,-69.0,,,,,,,,,,,,,,,,,,,,,,,,,,,,,,,,,,,,,,,,,,,,,,,,,,,,,,,,,,,,,,,,,,,,,,,,,,,,,,,,6.0,6.0,6.0,6.0,1.0,0.0,22.0,1.0,0.8,0.8,9.5,9.5,9.5,9.5,1.0,0.0,22.0,1.0,0.8,0.8,-1.7,-1.7,-1.7,-1.7,1.0,0.0,22.0,1.0,0.8,0.8,,,,,,,,,,,,,,,,,,,,,,,,,,,,,,,,,,,,,,,,,,,,,,,,,,,,,,,,,,,,,,,,,,,,,,,,,,,,,,,,,,,,,,,,,,,,,,,,,,,,,,,,,,,,,,,,,,,,,,,,
1974,2,260.0,-36.0,20.0,20.0,20.0,20.0,1.0,0.0,28.0,0.0,0.4,0.4,17.2,17.2,17.2,17.2,1.0,0.0,28.0,0.0,0.4,0.4,7.63,7.63,7.63,7.63,1.0,0.0,28.0,0.0,0.4,0.4,63.4,63.4,63.4,63.4,1.0,0.0,28.0,0.0,0.4,7.7,7.7,7.7,7.7,1.0,0.0,28.0,0.0,0.4,0.4,-2.63,-2.63,-2.63,-2.63,1.0,0.0,28.0,0.0,0.4,0.4,7.24,7.24,7.24,7.24,1.0,0.0,28.0,0.0,0.4,0.4,1022.7,1022.7,1022.7,1022.7,1.0,0.0,28.0,0.0,0.4,0.4,8.0,8.0,8.0,8.0,1.0,0.0,28.0,0.0,0.4,0.4,-20.3,-20.3,-20.3,-20.3,1.0,0.0,28.0,0.0,0.4,0.4,55.7,55.7,55.7,55.7,1.0,0.0,28.0,0.0,0.4,0.4,2.8,2.8,2.8,2.8,1.0,0.0,28.0,0.0,0.4,0.4,21.6,21.6,21.6,21.6,1.0,0.0,28.0,0.0,0.4,0.4,6.77,6.77,6.77,6.77,1.0,0.0,28.0,0.0,0.4,0.4,52.1,52.1,52.1,52.1,1.0,0.0,28.0,0.0,0.4,0.4,-45.3,-45.3,-45.3,-45.3,1.0,0.0,28.0,0.0,0.4,0.4,124.5,124.5,124.5,124.5,1.0,0.0,28.0,0.0,0.4,0.4,-20.1,-20.1,-20.1,-20.1,1.0,0.0,28.0,0.0,0.4,0.4,55.2,55.2,55.2,55.2,1.0,0.0,28.0,0.0,0.4,0.4,-17.8,-17.8,-17.8,-17.8,1.0,0.0,28.0,0.0,0.4,0.4,49.0,49.0,49.0,49.0,1.0,0.0,28.0,0.0,0.4,0.4,456.5,456.5,456.5,456.5,1.0,0.0,28.0,0.0,0.4,0.4,455.0,455.0,455.0,455.0,1.0,0.0,28.0,0.0,0.4,0.4
1974,2,260.0,-20.0,21.0,21.0,21.0,21.0,1.0,0.0,4.0,0.0,0.9,0.1,20.5,20.5,20.5,20.5,1.0,0.0,4.0,0.0,0.9,0.1,12.36,12.36,12.36,12.36,1.0,0.0,4.0,0.0,0.9,0.1,82.9,82.9,82.9,82.9,1.0,0.0,4.0,0.0,0.1,9.3,9.3,9.3,9.3,1.0,0.0,4.0,0.0,0.9,0.1,-8.05,-8.05,-8.05,-8.05,1.0,0.0,4.0,0.0,0.9,0.1,4.65,4.65,4.65,4.65,1.0,0.0,4.0,0.0,0.9,0.1,1018.0,1018.0,1018.0,1018.0,1.0,0.0,4.0,0.0,0.9,0.1,8.0,8.0,8.0,8.0,1.0,0.0,4.0,0.0,0.9,0.1,-74.9,-74.9,-74.9,-74.9,1.0,0.0,4.0,0.0,0.9,0.1,43.2,43.2,43.2,43.2,1.0,0.0,4.0,0.0,0.9,0.1,0.5,0.5,0.5,0.5,1.0,0.0,4.0,0.0,0.9,0.1,4.7,4.7,4.7,4.7,1.0,0.0,4.0,0.0,0.9,0.1,3.04,3.04,3.04,3.04,1.0,0.0,4.0,0.0,0.9,0.1,28.3,28.3,28.3,28.3,1.0,0.0,4.0,0.0,0.9,0.1,-165.1,-165.1,-165.1,-165.1,1.0,0.0,4.0,0.0,0.9,0.1,95.3,95.3,95.3,95.3,1.0,0.0,4.0,0.0,0.9,0.1,-99.5,-99.5,-99.5,-99.5,1.0,0.0,4.0,0.0,0.9,0.1,57.5,57.5,57.5,57.5,1.0,0.0,4.0,0.0,0.9,0.1,-24.5,-24.5,-24.5,-24.5,1.0,0.0,4.0,0.0,0.9,0.1,14.1,14.1,14.1,14.1,1.0,0.0,4.0,0.0,0.9,0.1,804.5,804.5,804.5,804.5,1.0,0.0,4.0,0.0,0.9,0.1,805.0,805.0,805.0,805.0,1.0,0.0,4.0,0.0,0.9,0.1
1974,2,260.0,-19.0,21.5,21.5,21.5,21.5,1.0,0.0,2.0,0.0,0.2,0.8,21.0,21.0,21.0,21.0,1.0,0.0,2.0,0.0,0.2,0.8,12.74,12.74,12.74,12.74,1.0,0.0,2.0,0.0,0.2,0.8,83.0,83.0,83.0,83.0,1.0,0.0,2.0,0.0,0.8,6.7,6.7,6.7,6.7,1.0,0.0,2.0,0.0,0.2,0.8,-5.8,-5.8,-5.8,-5.8,1.0,0.0,2.0,0.0,0.2,0.8,3.35,3.35,3.35,3.35,1.0,0.0,2.0,0.0,0.2,0.8,1019.5,1019.5,1019.5,1019.5,1.0,0.0,2.0,0.0,0.2,0.8,7.0,7.0,7.0,7.0,1.0,0.0,2.0,0.0,0.2,0.8,-38.9,-38.9,-38.9,-38.9,1.0,0.0,2.0,0.0,0.2,0.8,22.4,22.4,22.4,22.4,1.0,0.0,2.0,0.0,0.2,0.8,0.5,0.5,0.5,0.5,1.0,0.0,2.0,0.0,0.2,0.8,3.4,3.4,3.4,3.4,1.0,0.0,2.0,0.0,0.2,0.8,3.12,3.12,3.12,3.12,1.0,0.0,2.0,0.0,0.2,0.8,20.9,20.9,20.9,20.9,1.0,0.0,2.0,0.0,0.2,0.8,-121.8,-121.8,-121.8,-121.8,1.0,0.0,2.0,0.0,0.2,0.8,70.4,70.4,70.4,70.4,1.0,0.0,2.0,0.0,0.2,0.8,-73.9,-73.9,-73.9,-73.9,1.0,0.0,2.0,0.0,0.2,0.8,42.7,42.7,42.7,42.7,1.0,0.0,2.0,0.0,0.2,0.8,-18.1,-18.1,-18.1,-18.1,1.0,0.0,2.0,0.0,0.2,0.8,10.5,10.5,10.5,10.5,1.0,0.0,2.0,0.0,0.2,0.8,301.0,301.0,301.0,301.0,1.0,0.0,2.0,0.0,0.2,0.8,300.0,300.0,300.0,300.0,1.0,0.0,2.0,0.0,0.2,0.8
1974,2,260.0,-14.0,23.0,23.0,23.0,23.0,1.0,0.0,26.0,1.0,0.8,0.7,24.0,24.0,24.0,24.0,1.0,0.0,26.0,1.0,0.8,0.7,14.18,14.18,14.18,14.18,1.0,0.0,26.0,1.0,0.8,0.7,76.4,76.4,76.4,76.4,1.0,0.0,26.0,1.0,0.7,7.7,7.7,7.7,7.7,1.0,0.0,26.0,1.0,0.8,0.7,-7.58,-7.58,-7.58,-7.58,1.0,0.0,26.0,1.0,0.8,0.7,1.34,1.34,1.34,1.34,1.0,0.0,26.0,1.0,0.8,0.7,1013.5,1013.5,1013.5,1013.5,1.0,0.0,26.0,1.0,0.8,0.7,7.0,7.0,7.0,7.0,1.0,0.0,26.0,1.0,0.8,0.7,-58.4,-58.4,-58.4,-58.4,1.0,0.0,26.0,1.0,0.8,0.7,10.3,10.3,10.3,10.3,1.0,0.0,26.0,1.0,0.8,0.7,-1.0,-1.0,-1.0,-1.0,1.0,0.0,26.0,1.0,0.8,0.7,-7.7,-7.7,-7.7,-7.7,1.0,0.0,26.0,1.0,0.8,0.7,3.33,3.33,3.33,3.33,1.0,0.0,26.0,1.0,0.8,0.7,25.6,25.6,25.6,25.6,1.0,0.0,26.0,1.0,0.8,0.7,-182.0,-182.0,-182.0,-182.0,1.0,0.0,26.0,1.0,0.8,0.7,32.1,32.1,32.1,32.1,1.0,0.0,26.0,1.0,0.8,0.7,-107.5,-107.5,-107.5,-107.5,1.0,0.0,26.0,1.0,0.8,0.7,19.0,19.0,19.0,19.0,1.0,0.0,26.0,1.0,0.8,0.7,-25.2,-25.2,-25.2,-25.2,1.0,0.0,26.0,1.0,0.8,0.7,4.4,4.4,4.4,4.4,1.0,0.0,26.0,1.0,0.8,0.7,456.5,456.5,456.5,456.5,1.0,0.0,26.0,1.0,0.8,0.7,455.0,455.0,455.0,455.0,1.0,0.0,26.0,1.0,0.8,0.7
1974,2,260.0,-13.0,23.11,24.0,24.14,23.63,3.0,0.81,16.0,0.7,0.4,0.4,22.91,24.0,25.64,24.27,3.0,2.01,16.0,0.7,0.4,0.4,14.6,15.82,17.04,15.82,2.0,2.53,16.0,0.5,0.1,0.5,82.3,82.6,83.0,82.6,2.0,0.7,16.0,0.5,0.5,5.86,6.2,8.79,7.3,3.0,2.35,16.0,0.7,0.4,0.4,-7.76,-5.83,-5.51,-6.61,3.0,1.79,16.0,0.7,0.4,0.4,2.0,2.12,4.09,3.02,3.0,1.71,16.0,0.7,0.4,0.4,1012.03,1013.8,1013.87,1012.97,3.0,1.53,16.0,0.7,0.4,0.4,3.6,5.0,6.4,5.0,3.0,2.0,16.0,0.7,0.4,0.4,-70.6,-36.1,-32.3,-51.1,3.0,30.9,16.0,0.7,0.4,0.4,11.8,13.1,38.3,24.8,3.0,21.9,16.0,0.7,0.4,0.4,-1.5,0.0,0.2,-0.63,3.0,1.37,16.0,0.7,0.4,0.4,-8.6,0.0,1.3,-3.6,3.0,7.8,16.0,0.7,0.4,0.4,1.53,2.21,2.88,2.21,2.0,1.39,16.0,0.5,0.1,0.5,9.0,13.4,17.7,13.4,2.0,9.1,16.0,0.5,0.1,0.5,-186.8,-141.4,-134.0,-159.9,3.0,41.9,16.0,0.7,0.4,0.4,48.8,51.5,98.2,73.0,3.0,40.8,16.0,0.7,0.4,0.4,-92.3,-88.0,-83.7,-88.0,2.0,8.9,16.0,0.5,0.1,0.5,30.5,32.0,33.6,32.0,2.0,3.2,16.0,0.5,0.1,0.5,-16.7,-12.6,-8.5,-12.6,2.0,8.5,16.0,0.5,0.1,0.5,3.1,4.6,6.1,4.6,2.0,3.1,16.0,0.5,0.1,0.5,202.0,238.5,758.0,474.5,3.0,456.0,16.0,0.7,0.4,0.4,200.0,240.0,760.0,475.0,3.0,455.0,16.0,0.7,0.4,0.4
1974,2,260.0,-11.0,23.49,23.9,24.31,23.9,2.0,0.85,20.0,0.5,0.4,1.0,23.81,24.25,24.69,24.25,2.0,0.92,20.0,0.5,0.4,1.0,14.53,14.91,15.29,14.91,2.0,0.79,20.0,0.5,0.4,1.0,79.0,79.1,79.2,79.1,2.0,0.2,20.0,0.5,1.0,7.78,7.95,8.12,7.95,2.0,0.35,20.0,0.5,0.4,1.0,-7.94,-7.66,-7.37,-7.66,2.0,0.59,20.0,0.5,0.4,1.0,1.62,2.03,2.44,2.03,2.0,0.86,20.0,0.5,0.4,1.0,1013.93,1014.0,1014.07,1014.0,2.0,0.14,20.0,0.5,0.4,1.0,2.2,2.5,2.8,2.5,2.0,0.7,20.0,0.5,0.4,1.0,-64.6,-61.0,-57.4,-61.0,2.0,7.4,20.0,0.5,0.4,1.0,13.0,16.0,18.9,16.0,2.0,6.1,20.0,0.5,0.4,1.0,-0.38,-0.35,-0.32,-0.35,2.0,0.07,20.0,0.5,0.4,1.0,-3.0,-2.8,-2.6,-2.8,2.0,0.4,20.0,0.5,0.4,1.0,3.51,3.59,3.67,3.59,2.0,0.17,20.0,0.5,0.4,1.0,28.5,28.5,28.5,28.5,2.0,0.1,20.0,0.5,0.4,1.0,-188.9,-185.4,-181.8,-185.4,2.0,7.4,20.0,0.5,0.4,1.0,38.7,49.6,60.5,49.6,2.0,22.6,20.0,0.5,0.4,1.0,-115.2,-113.9,-112.5,-113.9,2.0,2.8,20.0,0.5,0.4,1.0,23.7,30.6,37.5,30.6,2.0,14.3,20.0,0.5,0.4,1.0,-27.8,-27.4,-27.0,-27.4,2.0,0.9,20.0,0.5,0.4,1.0,5.7,7.3,9.0,7.3,2.0,3.4,20.0,0.5,0.4,1.0,471.5,504.0,536.5,504.0,2.0,67.0,20.0,0.5,0.4,1.0,470.0,505.0,535.0,505.0,2.0,65.0,20.0,0.5,0.4,1.0
1974,2,260.0,-10.0,24.05,24.25,24.92,24.48,4.0,0.64,16.0,0.3,0.5,0.4,23.6,23.8,24.68,24.1,5.0,0.62,18.0,0.4,0.6,0.5,13.92,14.13,16.85,15.33,4.0,2.6,16.0,0.5,0.6,0.5,76.8,77.6,87.9,82.1,4.0,10.0,16.0,0.5,0.5,6.76,8.0,10.37,8.32,5.0,2.45,18.0,0.4,0.6,0.5,-7.48,-6.43,-5.35,-6.38,5.0,1.6,18.0,0.4,0.6,0.5,3.38,5.14,7.29,5.23,5.0,2.2,18.0,0.4,0.6,0.5,1012.49,1013.0,1014.61,1013.44,5.0,1.45,18.0,0.4,0.6,0.5,6.0,7.0,8.0,7.0,5.0,1.0,18.0,0.4,0.6,0.5,-74.7,-55.4,-37.8,-55.9,5.0,26.8,18.0,0.4,0.6,0.5,24.2,41.1,77.0,47.6,5.0,29.2,18.0,0.4,0.6,0.5,0.45,0.55,0.76,0.6,4.0,0.22,16.0,0.3,0.5,0.4,4.0,4.9,7.6,5.7,4.0,2.9,16.0,0.3,0.5,0.4,4.74,4.78,4.79,4.76,3.0,0.04,16.0,0.3,0.6,0.3,38.3,38.3,44.4,41.3,3.0,5.1,16.0,0.3,0.6,0.3,-180.1,-151.7,-128.2,-153.5,5.0,38.5,18.0,0.4,0.6,0.5,81.4,121.4,176.0,125.6,5.0,52.2,18.0,0.4,0.6,0.5,-94.6,-87.4,-80.5,-87.5,4.0,9.3,16.0,0.5,0.6,0.5,50.3,64.1,90.1,69.9,4.0,27.2,16.0,0.5,0.6,0.5,-32.3,-30.3,-29.6,-30.9,3.0,2.0,16.0,0.3,0.6,0.3,20.9,24.6,32.5,26.6,3.0,8.7,16.0,0.3,0.6,0.3,360.5,512.0,1121.0,690.5,5.0,480.0,18.0,0.4,0.6,0.5,360.0,510.0,1120.0,690.0,5.0,480.0,18.0,0.4,0.6,0.5
1974,2,260.0,-9.0,24.18,24.8,25.52,24.85,4.0,0.91,12.0,0.8,0.3,0.4,24.09,24.65,25.26,24.68,4.0,0.71,12.0,0.8,0.3,0.4,14.97,15.64,15.86,15.42,4.0,0.64,12.0,0.8,0.3,0.4,74.7,79.8,84.7,79.7,4.0,5.9,12.0,0.8,0.4,2.84,4.1,7.3,5.03,4.0,3.05,12.0,0.8,0.3,0.4,-6.12,-3.29,-0.74,-3.42,4.0,3.24,12.0,0.8,0.3,0.4,1.7,2.64,4.41,3.04,4.0,2.13,12.0,0.8,0.3,0.4,1009.69,1010.45,1012.0,1010.83,4.0,1.58,12.0,0.8,0.3,0.4,4.4,7.5,8.0,6.3,4.0,2.9,12.0,0.8,0.3,0.4,-46.9,-15.2,-2.3,-24.2,4.0,30.2,12.0,0.8,0.3,0.4,5.6,7.5,33.1,18.8,4.0,24.6,12.0,0.8,0.3,0.4,-0.31,0.1,0.67,0.18,4.0,0.64,12.0,0.8,0.3,0.4,-1.3,0.3,2.1,0.4,4.0,2.0,12.0,0.8,0.3,0.4,3.01,3.92,5.49,4.24,4.0,1.72,12.0,0.8,0.3,0.4,15.1,17.6,20.9,18.0,4.0,4.2,12.0,0.8,0.3,0.4,-147.3,-80.8,-18.8,-83.0,4.0,77.3,12.0,0.8,0.3,0.4,42.2,66.7,107.4,74.5,4.0,50.4,12.0,0.8,0.3,0.4,-97.2,-51.7,-11.4,-54.2,4.0,51.6,12.0,0.8,0.3,0.4,25.3,39.6,69.6,47.1,4.0,34.3,12.0,0.8,0.3,0.4,-17.9,-12.2,-3.2,-10.6,4.0,8.8,12.0,0.8,0.3,0.4,7.1,13.3,16.1,11.7,4.0,6.2,12.0,0.8,0.3,0.4,23.5,81.0,484.5,246.0,4.0,375.5,12.0,0.8,0.3,0.4,25.0,80.0,485.0,245.0,4.0,375.0,12.0,0.8,0.3,0.4
1974,2,260.0,-8.0,24.06,24.2,24.34,24.2,2.0,0.28,6.0,1.0,0.8,0.7,23.8,24.0,24.2,24.0,2.0,0.42,6.0,1.0,0.8,0.7,14.74,15.36,15.98,15.36,2.0,1.28,6.0,1.0,0.8,0.7,80.3,82.6,84.9,82.6,2.0,4.7,6.0,1.0,0.7,5.43,7.2,8.97,7.2,2.0,3.68,6.0,1.0,0.8,0.7,-4.68,-4.21,-3.74,-4.21,2.0,0.97,6.0,1.0,0.8,0.7,3.83,5.72,7.61,5.72,2.0,3.91,6.0,1.0,0.8,0.7,1012.83,1012.9,1012.97,1012.9,2.0,0.14,6.0,1.0,0.8,0.7,5.3,6.0,6.7,6.0,2.0,1.4,6.0,1.0,0.8,0.7,-43.0,-32.1,-21.3,-32.1,2.0,22.5,6.0,1.0,0.8,0.7,24.6,48.4,72.1,48.4,2.0,49.2,6.0,1.0,0.8,0.7,-0.14,0.2,0.54,0.2,2.0,0.71,6.0,1.0,0.8,0.7,-2.0,0.1,2.2,0.1,2.0,4.4,6.0,1.0,0.8,0.7,2.71,3.48,4.26,3.48,2.0,1.6,6.0,1.0,0.8,0.7,21.5,22.1,22.7,22.1,2.0,1.3,6.0,1.0,0.8,0.7,-113.4,-101.3,-89.2,-101.3,2.0,25.1,6.0,1.0,0.8,0.7,91.7,138.2,184.6,138.2,2.0,96.3,6.0,1.0,0.8,0.7,-75.1,-65.3,-55.5,-65.3,2.0,20.4,6.0,1.0,0.8,0.7,57.9,90.4,122.9,90.4,2.0,67.4,6.0,1.0,0.8,0.7,-15.5,-13.9,-12.3,-13.9,2.0,3.4,6.0,1.0,0.8,0.7,14.6,16.8,18.9,16.8,2.0,4.4,6.0,1.0,0.8,0.7,231.5,519.5,807.5,519.5,2.0,596.5,6.0,1.0,0.8,0.7,230.0,520.0,805.0,520.0,2.0,595.0,6.0,1.0,0.8,0.7
1974,2,260.0,-4.0,24.65,25.2,25.75,25.2,2.0,1.13,14.0,0.0,0.5,0.3,24.31,24.55,24.79,24.55,2.0,0.49,14.0,0.0,0.5,0.3,16.0,16.64,17.27,16.64,2.0,1.32,14.0,0.0,0.5,0.3,84.3,86.3,88.3,86.3,2.0,4.1,14.0,0.0,0.3,3.34,3.85,4.36,3.85,2.0,1.06,14.0,0.0,0.5,0.3,-1.85,-0.88,0.09,-0.88,2.0,2.01,14.0,0.0,0.5,0.3,3.2,3.52,3.84,3.52,2.0,0.66,14.0,0.0,0.5,0.3,1009.87,1010.25,1010.63,1010.25,2.0,0.78,14.0,0.0,0.5,0.3,2.0,4.0,6.0,4.0,2.0,4.2,14.0,0.0,0.5,0.3,-8.6,-4.5,-0.3,-4.5,2.0,8.7,14.0,0.0,0.5,0.3,10.9,13.9,16.9,13.9,2.0,6.3,14.0,0.0,0.5,0.3,0.34,0.65,0.96,0.65,2.0,0.64,14.0,0.0,0.5,0.3,1.3,2.8,4.4,2.8,2.0,3.1,14.0,0.0,0.5,0.3,3.42,3.46,3.49,3.46,2.0,0.07,14.0,0.0,0.5,0.3,11.4,13.3,15.2,13.3,2.0,3.9,14.0,0.0,0.5,0.3,-46.1,-22.1,1.9,-22.1,2.0,49.7,14.0,0.0,0.5,0.3,77.9,86.5,95.2,86.5,2.0,17.9,14.0,0.0,0.5,0.3,-32.7,-16.0,0.7,-16.0,2.0,34.6,14.0,0.0,0.5,0.3,51.4,59.0,66.5,59.0,2.0,15.6,14.0,0.0,0.5,0.3,-6.5,-3.1,0.3,-3.1,2.0,7.0,14.0,0.0,0.5,0.3,11.0,12.2,13.4,12.2,2.0,2.5,14.0,0.0,0.5,0.3,40.5,63.5,86.5,63.5,2.0,48.0,14.0,0.0,0.5,0.3,40.0,65.0,85.0,65.0,2.0,50.0,14.0,0.0,0.5,0.3
1974,2,260.0,0.0,23.58,24.9,26.43,25.0,4.0,1.72,12.0,0.5,0.7,0.4,23.33,25.3,26.38,24.88,4.0,2.1,12.0,0.5,0.7,0.4,15.03,16.07,17.1,16.06,4.0,1.29,12.0,0.5,0.7,0.4,76.8,79.6,87.4,82.0,4.0,8.4,12.0,0.5,0.4,0.0,0.0,0.0,0.0,3.0,0.0,10.0,0.7,0.7,0.2,0.0,0.0,0.0,0.0,3.0,0.0,10.0,0.7,0.7,0.2,0.0,0.0,0.0,0.0,3.0,0.0,10.0,0.7,0.7,0.2,1010.2,1010.55,1011.06,1010.63,4.0,0.54,12.0,0.5,0.7,0.4,2.5,3.0,3.0,2.8,4.0,0.5,12.0,0.5,0.7,0.4,0.0,0.0,0.0,0.0,3.0,0.0,10.0,0.7,0.7,0.2,0.0,0.0,0.0,0.0,3.0,0.0,10.0,0.7,0.7,0.2,-0.42,0.05,0.68,0.13,4.0,0.82,12.0,0.5,0.7,0.4,0.0,0.0,0.0,0.0,3.0,0.0,10.0,0.7,0.7,0.2,3.12,4.14,4.51,3.83,4.0,1.1,12.0,0.5,0.7,0.4,0.0,0.0,0.0,0.0,3.0,0.0,10.0,0.7,0.7,0.2,0.0,0.0,0.0,0.0,3.0,0.0,10.0,0.7,0.7,0.2,0.0,0.0,0.0,0.0,3.0,0.0,10.0,0.7,0.7,0.2,0.0,0.0,0.0,0.0,3.0,0.0,10.0,0.7,0.7,0.2,0.0,0.0,0.0,0.0,3.0,0.0,10.0,0.7,0.7,0.2,0.0,0.0,0.0,0.0,3.0,0.0,10.0,0.7,0.7,0.2,0.0,0.0,0.0,0.0,3.0,0.0,10.0,0.7,0.7,0.2,0.0,0.0,0.0,0.0,3.0,0.0,10.0,0.7,0.7,0.2,0.0,0.0,0.0,0.0,3.0,0.0,10.0,0.7,0.7,0.2
1974,2,260.0,2.0,25.03,26.8,26.94,26.0,3.0,1.56,14.0,0.3,0.6,0.2,23.86,25.5,27.41,25.63,3.0,2.6,14.0,0.3,0.6,0.2,16.33,16.62,16.87,16.6,3.0,0.39,14.0,0.3,0.6,0.2,74.2,81.5,88.5,81.4,3.0,10.5,14.0,0.3,0.2,2.42,3.1,4.47,3.43,3.0,1.53,14.0,0.3,0.6,0.2,-3.82,-1.06,0.9,-1.45,3.0,3.48,14.0,0.3,0.6,0.2,-1.99,0.0,0.72,-0.62,3.0,2.05,14.0,0.3,0.6,0.2,1010.42,1011.1,1012.4,1011.4,3.0,1.47,14.0,0.3,0.6,0.2,3.0,3.0,6.4,4.7,3.0,2.9,14.0,0.3,0.6,0.2,-18.8,-3.3,1.6,-8.5,3.0,15.6,14.0,0.3,0.6,0.2,-6.2,0.0,1.5,-2.3,3.0,6.0,14.0,0.3,0.6,0.2,-0.54,1.1,1.24,0.37,3.0,1.45,14.0,0.3,0.6,0.2,-3.8,2.3,3.5,-0.1,3.0,5.7,14.0,0.3,0.6,0.2,3.52,5.32,5.43,4.49,3.0,1.57,14.0,0.3,0.6,0.2,9.2,17.0,23.9,16.6,3.0,10.7,14.0,0.3,0.6,0.2,-107.1,-27.0,20.1,-43.1,3.0,94.2,14.0,0.3,0.6,0.2,-50.7,0.0,16.6,-16.7,3.0,51.3,14.0,0.3,0.6,0.2,-64.7,-17.6,14.5,-24.9,3.0,58.4,14.0,0.3,0.6,0.2,-33.0,0.0,11.6,-10.5,3.0,33.9,14.0,0.3,0.6,0.2,-20.4,-5.8,1.5,-9.4,3.0,16.3,14.0,0.3,0.6,0.2,-10.9,0.0,1.9,-4.4,3.0,10.1,14.0,0.3,0.6,0.2,16.0,30.0,100.0,57.0,3.0,66.0,14.0,0.3,0.6,0.2,15.0,30.0,100.0,55.0,3.0,65.0,14.0,0.3,0.6,0.2
1974,2,260.0,5.0,26.3,26.3,26.3,26.3,1.0,0.0,26.0,1.0,0.7,0.2,26.2,26.2,26.2,26.2,1.0,0.0,26.0,1.0,0.7,0.2,15.59,15.59,15.59,15.59,1.0,0.0,26.0,1.0,0.7,0.2,73.1,73.1,73.1,73.1,1.0,0.0,26.0,1.0,0.2,11.3,11.3,11.3,11.3,1.0,0.0,26.0,1.0,0.7,0.2,-9.79,-9.79,-9.79,-9.79,1.0,0.0,26.0,1.0,0.7,0.2,-5.65,-5.65,-5.65,-5.65,1.0,0.0,26.0,1.0,0.7,0.2,1006.0,1006.0,1006.0,1006.0,1.0,0.0,26.0,1.0,0.7,0.2,4.0,4.0,4.0,4.0,1.0,0.0,26.0,1.0,0.7,0.2,-110.6,-110.6,-110.6,-110.6,1.0,0.0,26.0,1.0,0.7,0.2,-63.8,-63.8,-63.8,-63.8,1.0,0.0,26.0,1.0,0.7,0.2,0.1,0.1,0.1,0.1,1.0,0.0,26.0,1.0,0.7,0.2,1.1,1.1,1.1,1.1,1.0,0.0,26.0,1.0,0.7,0.2,5.95,5.95,5.95,5.95,1.0,0.0,26.0,1.0,0.7,0.2,67.2,67.2,67.2,67.2,1.0,0.0,26.0,1.0,0.7,0.2,-256.4,-256.4,-256.4,-256.4,1.0,0.0,26.0,1.0,0.7,0.2,-148.0,-148.0,-148.0,-148.0,1.0,0.0,26.0,1.0,0.7,0.2,-152.5,-152.5,-152.5,-152.5,1.0,0.0,26.0,1.0,0.7,0.2,-88.1,-88.1,-88.1,-88.1,1.0,0.0,26.0,1.0,0.7,0.2,-58.2,-58.2,-58.2,-58.2,1.0,0.0,26.0,1.0,0.7,0.2,-33.6,-33.6,-33.6,-33.6,1.0,0.0,26.0,1.0,0.7,0.2,1443.0,1443.0,1443.0,1443.0,1.0,0.0,26.0,1.0,0.7,0.2,1445.0,1445.0,1445.0,1445.0,1.0,0.0,26.0,1.0,0.7,0.2
1974,2,260.0,6.0,26.7,26.7,26.7,26.7,1.0,0.0,28.0,1.0,0.4,0.9,27.4,27.4,27.4,27.4,1.0,0.0,28.0,1.0,0.4,0.9,17.74,17.74,17.74,17.74,1.0,0.0,28.0,1.0,0.4,0.9,77.9,77.9,77.9,77.9,1.0,0.0,28.0,1.0,0.9,12.3,12.3,12.3,12.3,1.0,0.0,28.0,1.0,0.4,0.9,-9.42,-9.42,-9.42,-9.42,1.0,0.0,28.0,1.0,0.4,0.9,-7.91,-7.91,-7.91,-7.91,1.0,0.0,28.0,1.0,0.4,0.9,1012.3,1012.3,1012.3,1012.3,1.0,0.0,28.0,1.0,0.4,0.9,6.0,6.0,6.0,6.0,1.0,0.0,28.0,1.0,0.4,0.9,-115.9,-115.9,-115.9,-115.9,1.0,0.0,28.0,1.0,0.4,0.9,-97.2,-97.2,-97.2,-97.2,1.0,0.0,28.0,1.0,0.4,0.9,-0.7,-0.7,-0.7,-0.7,1.0,0.0,28.0,1.0,0.4,0.9,-8.6,-8.6,-8.6,-8.6,1.0,0.0,28.0,1.0,0.4,0.9,4.18,4.18,4.18,4.18,1.0,0.0,28.0,1.0,0.4,0.9,51.4,51.4,51.4,51.4,1.0,0.0,28.0,1.0,0.4,0.9,-258.2,-258.2,-258.2,-258.2,1.0,0.0,28.0,1.0,0.4,0.9,-216.6,-216.6,-216.6,-216.6,1.0,0.0,28.0,1.0,0.4,0.9,-167.1,-167.1,-167.1,-167.1,1.0,0.0,28.0,1.0,0.4,0.9,-140.2,-140.2,-140.2,-140.2,1.0,0.0,28.0,1.0,0.4,0.9,-39.4,-39.4,-39.4,-39.4,1.0,0.0,28.0,1.0,0.4,0.9,-33.0,-33.0,-33.0,-33.0,1.0,0.0,28.0,1.0,0.4,0.9,1861.0,1861.0,1861.0,1861.0,1.0,0.0,28.0,1.0,0.4,0.9,1860.0,1860.0,1860.0,1860.0,1.0,0.0,28.0,1.0,0.4,0.9
1974,2,260.0,7.0,26.7,26.7,26.7,26.7,2.0,0.0,14.0,0.0,0.7,0.5,24.69,25.3,25.91,25.3,2.0,1.27,14.0,0.0,0.7,0.5,17.76,18.0,18.24,18.0,2.0,0.49,14.0,0.0,0.7,0.5,85.1,89.5,93.8,89.5,2.0,9.1,14.0,0.0,0.5,6.44,6.95,7.46,6.95,2.0,1.06,14.0,0.0,0.7,0.5,-5.89,-5.86,-5.84,-5.86,2.0,0.05,14.0,0.0,0.7,0.5,-4.5,-3.53,-2.57,-3.53,2.0,2.0,14.0,0.0,0.7,0.5,1009.35,1010.1,1010.85,1010.1,2.0,1.56,14.0,0.0,0.7,0.5,0.5,1.5,2.5,1.5,2.0,2.1,14.0,0.0,0.7,0.5,-43.9,-40.8,-37.6,-40.8,2.0,6.6,14.0,0.0,0.7,0.5,-34.1,-25.6,-17.1,-25.6,2.0,17.7,14.0,0.0,0.7,0.5,0.79,1.4,2.01,1.4,2.0,1.27,14.0,0.0,0.7,0.5,5.4,10.4,15.4,10.4,2.0,10.3,14.0,0.0,0.7,0.5,3.74,3.97,4.19,3.97,2.0,0.46,14.0,0.0,0.7,0.5,26.8,27.3,27.8,27.3,2.0,1.0,14.0,0.0,0.7,0.5,-151.3,-148.3,-145.3,-148.3,2.0,6.2,14.0,0.0,0.7,0.5,-110.4,-88.2,-65.9,-88.2,2.0,46.1,14.0,0.0,0.7,0.5,-107.4,-105.5,-103.7,-105.5,2.0,3.8,14.0,0.0,0.7,0.5,-82.3,-64.1,-45.9,-64.1,2.0,37.8,14.0,0.0,0.7,0.5,-24.4,-23.2,-22.0,-23.2,2.0,2.5,14.0,0.0,0.7,0.5,-16.6,-13.6,-10.5,-13.6,2.0,6.3,14.0,0.0,0.7,0.5,273.0,347.5,422.0,347.5,2.0,154.5,14.0,0.0,0.7,0.5,275.0,345.0,420.0,345.0,2.0,155.0,14.0,0.0,0.7,0.5
1974,2,260.0,8.0,26.99,27.6,28.21,27.6,2.0,1.27,22.0,1.0,0.7,0.0,26.75,26.85,26.95,26.85,2.0,0.21,22.0,1.0,0.7,0.0,19.03,19.03,19.03,19.03,1.0,0.0,28.0,1.0,1.0,0.0,85.2,85.2,85.2,85.2,1.0,0.0,28.0,1.0,0.0,2.64,5.1,7.56,5.1,2.0,5.09,22.0,1.0,0.7,0.0,-4.94,-3.55,-2.15,-3.55,2.0,2.89,22.0,1.0,0.7,0.0,-5.61,-3.33,-1.06,-3.33,2.0,4.71,22.0,1.0,0.7,0.0,1009.56,1010.75,1011.94,1010.75,2.0,2.47,22.0,1.0,0.7,0.0,2.3,3.0,3.7,3.0,2.0,1.4,22.0,1.0,0.7,0.0,-41.3,-25.5,-9.6,-25.5,2.0,32.8,22.0,1.0,0.7,0.0,-48.8,-29.0,-9.2,-29.0,2.0,41.0,22.0,1.0,0.7,0.0,0.24,0.75,1.26,0.75,2.0,1.06,22.0,1.0,0.7,0.0,2.1,6.5,11.0,6.5,2.0,9.2,22.0,1.0,0.7,0.0,5.44,5.44,5.44,5.44,1.0,0.0,28.0,1.0,1.0,0.0,47.3,47.3,47.3,47.3,1.0,0.0,28.0,1.0,1.0,0.0,-133.4,-95.5,-57.7,-95.5,2.0,78.4,22.0,1.0,0.7,0.0,-151.4,-90.0,-28.6,-90.0,2.0,127.2,22.0,1.0,0.7,0.0,-106.4,-106.4,-106.4,-106.4,1.0,0.0,28.0,1.0,1.0,0.0,-126.8,-126.8,-126.8,-126.8,1.0,0.0,28.0,1.0,1.0,0.0,-30.4,-30.4,-30.4,-30.4,1.0,0.0,28.0,1.0,1.0,0.0,-36.3,-36.3,-36.3,-36.3,1.0,0.0,28.0,1.0,1.0,0.0,107.5,331.0,554.5,331.0,2.0,463.0,22.0,1.0,0.7,0.0,105.0,330.0,555.0,330.0,2.0,465.0,22.0,1.0,0.7,0.0
1974,2,260.0,9.0,26.4,26.95,28.18,27.22,6.0,0.9,16.0,0.8,0.6,0.4,25.92,26.6,28.92,27.12,6.0,1.47,16.0,0.8,0.6,0.4,17.33,17.48,19.41,18.33,4.0,1.86,18.0,0.8,0.5,0.5,74.2,81.4,90.6,82.4,4.0,11.4,18.0,0.8,0.5,2.02,7.7,10.01,6.46,5.0,4.62,16.0,1.0,0.6,0.4,-8.63,-7.24,-0.05,-4.94,5.0,4.64,16.0,1.0,0.6,0.4,-4.78,-2.56,0.37,-2.35,5.0,3.81,16.0,1.0,0.6,0.4,1009.7,1011.45,1012.9,1011.4,6.0,2.45,16.0,0.8,0.6,0.4,2.0,3.5,4.2,3.3,6.0,1.2,16.0,0.8,0.6,0.4,-87.5,-55.7,0.2,-48.4,5.0,49.7,16.0,1.0,0.6,0.4,-51.9,-6.7,6.8,-22.1,5.0,45.1,16.0,1.0,0.6,0.4,-0.91,0.2,1.07,0.1,6.0,1.63,16.0,0.8,0.6,0.4,-5.1,0.0,7.5,1.8,5.0,10.2,16.0,1.0,0.6,0.4,2.73,4.3,5.84,4.29,4.0,2.22,18.0,0.8,0.5,0.5,19.0,56.5,59.4,39.6,3.0,33.0,18.0,1.0,0.6,0.5,-242.4,-185.2,-1.0,-134.0,5.0,126.8,16.0,1.0,0.6,0.4,-131.9,-74.0,8.8,-65.8,5.0,101.3,16.0,1.0,0.6,0.4,-156.2,-142.4,-50.1,-104.1,3.0,84.5,18.0,1.0,0.6,0.5,-109.6,-51.8,-30.0,-69.4,3.0,60.3,18.0,1.0,0.6,0.5,-52.7,-43.3,-14.1,-33.6,3.0,29.5,18.0,1.0,0.6,0.5,-31.4,-20.8,-7.6,-19.5,3.0,17.5,18.0,1.0,0.6,0.5,11.5,456.5,1097.5,599.0,5.0,760.0,16.0,1.0,0.6,0.4,10.0,455.0,1100.0,600.0,5.0,760.0,16.0,1.0,0.6,0.4
1974,2,260.0,10.0,27.18,27.4,27.76,27.42,6.0,0.44,16.0,0.5,0.3,0.6,24.38,26.5,28.36,26.47,7.0,2.0,16.0,0.6,0.4,0.6,15.62,16.93,18.18,16.62,6.0,2.05,16.0,0.5,0.3,0.6,66.7,75.4,84.5,75.3,6.0,9.6,16.0,0.5,0.6,2.58,5.1,8.73,5.66,7.0,2.93,16.0,0.6,0.4,0.6,-7.66,-4.42,-2.55,-4.87,7.0,2.75,16.0,0.6,0.4,0.6,-2.83,-1.61,-1.27,-2.31,7.0,2.11,16.0,0.6,0.4,0.6,1012.48,1013.5,1014.24,1013.37,7.0,1.05,16.0,0.6,0.4,0.6,1.0,2.0,4.1,2.7,7.0,2.3,16.0,0.6,0.4,0.6,-59.7,-22.5,-6.6,-34.0,7.0,30.8,16.0,0.6,0.4,0.6,-17.1,-10.8,-2.7,-15.7,7.0,19.4,16.0,0.6,0.4,0.6,-0.89,0.9,1.82,0.53,6.0,1.58,16.0,0.5,0.3,0.6,-3.1,7.6,10.5,4.7,6.0,8.9,16.0,0.5,0.3,0.6,5.21,6.1,7.11,6.24,6.0,1.66,16.0,0.5,0.3,0.6,29.6,37.6,44.2,35.6,6.0,11.8,16.0,0.5,0.3,0.6,-206.6,-130.3,-61.6,-129.4,7.0,74.2,16.0,0.6,0.4,0.6,-79.8,-42.8,-34.4,-61.0,7.0,53.9,16.0,0.6,0.4,0.6,-143.9,-84.1,-37.5,-90.5,6.0,55.7,16.0,0.5,0.3,0.6,-56.7,-31.9,-23.8,-44.4,6.0,35.0,16.0,0.5,0.3,0.6,-38.5,-30.0,-24.8,-29.8,6.0,10.9,16.0,0.5,0.3,0.6,-26.6,-12.9,-7.3,-16.7,6.0,11.8,16.0,0.5,0.3,0.6,17.0,132.5,665.5,307.0,7.0,330.0,16.0,0.6,0.4,0.6,15.0,135.0,665.0,305.0,7.0,330.0,16.0,0.6,0.4,0.6
1974,2,260.0,11.0,26.89,27.2,27.91,27.25,10.0,0.95,16.0,0.7,0.6,0.4,25.87,26.5,28.9,27.15,12.0,1.46,16.0,0.8,0.6,0.4,15.66,16.19,17.56,16.3,7.0,1.45,18.0,0.6,0.6,0.4,74.5,77.6,83.7,76.6,7.0,10.1,18.0,0.6,0.4,2.89,5.1,9.3,5.79,11.0,3.02,16.0,0.7,0.6,0.4,-6.92,-3.28,-2.68,-4.68,11.0,2.43,16.0,0.7,0.6,0.4,-5.61,-2.31,0.0,-2.73,11.0,2.79,16.0,0.7,0.6,0.4,1010.8,1012.65,1014.0,1012.52,12.0,1.6,16.0,0.8,0.6,0.4,0.7,1.5,6.0,2.5,12.0,2.3,16.0,0.8,0.6,0.4,-63.6,-16.7,-8.3,-33.3,11.0,29.8,16.0,0.7,0.6,0.4,-46.7,-8.3,0.0,-21.1,11.0,24.8,16.0,0.7,0.6,0.4,-1.4,1.15,2.0,0.46,10.0,1.69,16.0,0.7,0.6,0.4,-7.6,4.8,9.9,1.1,10.0,10.3,16.0,0.7,0.6,0.4,4.05,6.69,7.08,5.91,6.0,1.59,16.0,0.5,0.7,0.4,17.9,23.3,39.2,29.0,6.0,16.8,16.0,0.5,0.7,0.4,-181.5,-88.2,-70.0,-127.0,11.0,68.0,16.0,0.7,0.6,0.4,-154.7,-61.6,0.0,-73.0,11.0,74.3,16.0,0.7,0.6,0.4,-95.9,-60.1,-41.2,-68.6,7.0,33.8,18.0,0.6,0.6,0.4,-87.5,-71.7,0.3,-53.7,7.0,45.0,18.0,0.6,0.6,0.4,-31.2,-18.9,-14.3,-22.4,6.0,9.8,16.0,0.5,0.7,0.4,-22.9,-16.3,0.7,-15.4,6.0,17.6,16.0,0.5,0.7,0.4,24.5,132.5,804.5,340.0,11.0,354.5,16.0,0.7,0.6,0.4,25.0,135.0,805.0,340.0,11.0,355.0,16.0,0.7,0.6,0.4
1974,2,260.0,12.0,26.9,27.8,28.48,27.74,12.0,0.91,14.0,0.8,0.5,0.5,26.14,26.9,28.28,27.36,14.0,1.34,14.0,0.9,0.5,0.5,14.99,16.61,18.39,16.67,13.0,1.62,16.0,0.8,0.5,0.5,66.2,71.6,79.2,73.0,13.0,6.9,16.0,0.8,0.5,0.75,2.05,8.98,4.19,12.0,4.4,14.0,0.8,0.5,0.5,-8.54,-0.87,0.0,-3.53,12.0,4.59,14.0,0.8,0.5,0.5,-2.39,-1.07,0.0,-1.29,12.0,1.45,14.0,0.8,0.5,0.5,1012.53,1013.45,1013.99,1013.25,14.0,1.06,14.0,0.9,0.5,0.5,0.9,1.0,2.1,1.8,13.0,2.0,14.0,0.8,0.5,0.5,-77.6,-1.1,0.0,-33.0,12.0,52.9,14.0,0.8,0.5,0.5,-8.8,-1.4,0.0,-6.6,12.0,13.5,14.0,0.8,0.5,0.5,-0.21,1.0,1.4,0.65,12.0,1.1,14.0,0.8,0.5,0.5,-0.6,1.2,3.3,0.3,10.0,6.0,14.0,0.8,0.5,0.5,4.63,6.6,9.22,6.85,11.0,2.38,16.0,0.8,0.6,0.5,1.2,11.9,52.3,21.5,9.0,24.8,16.0,0.8,0.5,0.5,-242.3,-23.6,0.0,-97.6,12.0,125.8,14.0,0.8,0.5,0.5,-70.3,-28.7,0.0,-35.9,12.0,41.4,14.0,0.8,0.5,0.5,-158.0,-12.7,0.0,-57.0,11.0,83.8,14.0,0.8,0.5,0.5,-41.2,-16.9,0.0,-22.0,11.0,27.4,14.0,0.8,0.5,0.5,-50.9,-4.0,0.0,-18.5,9.0,25.8,16.0,0.8,0.5,0.5,-11.4,-3.4,0.0,-5.4,9.0,6.9,16.0,0.8,0.5,0.5,0.5,10.5,730.5,356.5,12.0,647.5,14.0,0.8,0.5,0.5,0.0,10.0,730.0,355.0,12.0,650.0,14.0,0.8,0.5,0.5
1974,2,260.0,13.0,28.3,28.4,28.98,28.78,8.0,0.95,16.0,1.0,0.5,0.4,27.27,29.4,31.1,29.53,9.0,1.93,16.0,1.0,0.5,0.4,15.61,17.35,22.15,18.75,5.0,3.81,14.0,1.0,0.5,0.4,60.8,78.3,88.9,75.2,5.0,16.5,14.0,1.0,0.4,2.6,5.1,6.77,5.07,7.0,2.22,16.0,1.0,0.4,0.4,-6.67,-3.55,-1.91,-3.53,7.0,4.31,16.0,1.0,0.4,0.4,-1.44,-0.89,1.16,-0.52,7.0,1.21,16.0,1.0,0.4,0.4,1009.5,1010.8,1015.22,1011.58,8.0,3.01,16.0,1.0,0.5,0.4,0.3,1.0,2.0,1.3,9.0,1.2,16.0,1.0,0.5,0.4,-45.3,-12.8,-4.4,-22.2,7.0,30.8,16.0,1.0,0.4,0.4,-9.0,-2.3,7.8,-1.8,7.0,7.5,16.0,1.0,0.4,0.4,-2.71,-0.9,1.33,-0.56,8.0,2.41,16.0,1.0,0.5,0.4,-12.0,-4.4,6.1,-3.2,6.0,11.8,14.0,1.0,0.5,0.4,4.73,7.34,8.53,6.5,5.0,3.25,14.0,1.0,0.5,0.4,13.1,23.8,41.2,27.9,5.0,23.4,14.0,1.0,0.5,0.4,-206.2,-95.7,-50.8,-103.3,7.0,130.2,16.0,1.0,0.4,0.4,-40.5,-28.6,36.2,-14.6,7.0,36.5,16.0,1.0,0.4,0.4,-92.5,-39.1,18.3,-31.9,5.0,90.2,14.0,1.0,0.5,0.4,-29.8,-22.0,-13.6,-22.8,5.0,11.9,14.0,1.0,0.5,0.4,-40.6,-22.4,-8.4,-25.2,5.0,25.6,14.0,1.0,0.5,0.4,-10.0,-8.1,-3.5,-7.0,5.0,4.0,14.0,1.0,0.5,0.4,17.5,132.5,312.5,195.5,7.0,199.5,16.0,1.0,0.4,0.4,20.0,135.0,315.0,195.0,7.0,200.0,16.0,1.0,0.4,0.4
1974,2,260.0,14.0,27.72,28.3,28.86,28.05,15.0,1.05,12.0,0.9,0.7,0.5,27.2,27.8,28.96,27.94,16.0,1.37,12.0,0.9,0.7,0.5,15.26,15.63,18.29,16.47,11.0,1.83,12.0,0.8,0.7,0.5,65.6,69.6,78.3,71.6,11.0,6.0,12.0,0.8,0.5,0.0,2.35,4.72,2.32,16.0,1.9,12.0,0.9,0.7,0.5,-3.26,0.0,0.29,-0.96,16.0,2.26,12.0,0.9,0.7,0.5,-2.02,-0.85,0.0,-1.0,16.0,1.48,12.0,0.9,0.7,0.5,1011.0,1013.2,1014.95,1012.99,14.0,2.23,12.0,0.9,0.7,0.5,0.0,1.0,3.0,1.1,16.0,1.3,12.0,0.9,0.7,0.5,-13.6,0.0,0.5,-5.0,16.0,10.6,12.0,0.9,0.7,0.5,-5.6,-1.6,0.0,-3.5,16.0,6.6,12.0,0.9,0.7,0.5,-0.68,0.5,1.47,0.32,15.0,1.22,12.0,0.9,0.7,0.5,-1.9,0.0,3.7,1.5,15.0,5.0,12.0,0.9,0.7,0.5,4.57,7.83,9.3,7.17,11.0,2.34,12.0,0.8,0.7,0.5,0.0,8.1,34.1,14.8,11.0,17.4,12.0,0.8,0.7,0.5,-93.4,0.0,7.7,-26.0,16.0,61.1,12.0,0.9,0.7,0.5,-51.9,-23.7,0.0,-28.0,16.0,41.4,12.0,0.9,0.7,0.5,-47.4,0.0,4.0,-14.0,11.0,37.1,12.0,0.8,0.7,0.5,-31.3,0.0,0.0,-13.1,11.0,16.0,12.0,0.8,0.7,0.5,-21.9,0.0,1.4,-6.5,11.0,20.5,12.0,0.8,0.7,0.5,-11.2,0.0,0.0,-5.3,11.0,6.9,12.0,0.8,0.7,0.5,0.0,13.5,108.5,38.5,16.0,59.0,12.0,0.9,0.7,0.5,0.0,15.0,110.0,40.0,16.0,60.0,12.0,0.9,0.7,0.5
1974,2,260.0,15.0,27.0,28.0,29.0,28.04,24.0,1.34,16.0,0.5,0.6,0.5,26.08,27.1,28.9,27.22,26.0,1.29,16.0,0.5,0.6,0.5,15.17,16.21,16.65,16.16,17.0,1.06,14.0,0.4,0.7,0.6,66.8,74.5,79.8,73.6,17.0,6.3,14.0,0.4,0.6,0.0,2.6,3.7,2.08,25.0,1.57,16.0,0.5,0.6,0.5,-0.57,1.05,3.41,1.09,25.0,2.14,16.0,0.5,0.6,0.5,-1.43,0.0,0.23,-0.23,25.0,1.06,16.0,0.5,0.6,0.5,1011.0,1012.5,1014.12,1012.61,26.0,1.44,16.0,0.5,0.6,0.5,0.0,1.0,3.0,1.5,26.0,1.7,16.0,0.5,0.6,0.5,-0.4,2.2,12.3,3.8,25.0,8.3,16.0,0.5,0.6,0.5,-4.5,0.0,0.4,-0.8,25.0,3.3,16.0,0.5,0.6,0.5,-1.24,0.8,3.04,0.85,24.0,1.99,16.0,0.5,0.6,0.5,-3.4,0.0,3.7,0.9,23.0,5.0,16.0,0.5,0.6,0.5,5.06,8.13,9.95,7.51,17.0,2.33,14.0,0.4,0.7,0.6,0.0,9.2,26.5,13.1,16.0,14.7,14.0,0.3,0.6,0.6,-15.4,29.4,89.1,29.3,25.0,58.5,16.0,0.5,0.6,0.5,-40.0,0.0,6.4,-5.9,25.0,29.4,16.0,0.5,0.6,0.5,0.0,20.4,57.0,26.8,16.0,28.9,14.0,0.3,0.6,0.6,-22.5,0.0,0.0,-6.2,16.0,16.0,14.0,0.3,0.6,0.6,0.0,6.2,25.4,11.5,16.0,14.4,14.0,0.3,0.6,0.6,-8.3,0.0,0.0,-2.6,16.0,6.8,14.0,0.3,0.6,0.6,0.0,17.5,51.0,24.0,25.0,32.0,16.0,0.5,0.6,0.5,0.0,20.0,50.0,25.0,25.0,30.0,16.0,0.5,0.6,0.5
1974,2,260.0,16.0,26.05,27.8,28.9,27.39,48.0,1.35,14.0,0.5,0.4,0.4,25.2,26.7,28.31,26.74,51.0,1.47,14.0,0.5,0.5,0.4,15.53,16.66,18.17,16.98,46.0,1.81,14.0,0.5,0.4,0.4,68.7,77.9,85.9,77.3,46.0,8.6,14.0,0.5,0.4,0.0,2.6,3.1,2.12,47.0,1.82,14.0,0.5,0.4,0.4,-0.49,0.26,3.01,1.16,47.0,2.15,14.0,0.5,0.4,0.4,-1.56,0.0,0.24,-0.41,47.0,1.32,14.0,0.5,0.4,0.4,1010.77,1013.5,1015.31,1012.99,51.0,2.4,14.0,0.5,0.5,0.4,0.0,1.0,2.0,1.4,50.0,1.2,14.0,0.5,0.5,0.4,-0.8,0.4,9.5,5.1,47.0,12.0,14.0,0.5,0.4,0.4,-3.9,0.0,0.1,-1.6,47.0,6.1,14.0,0.5,0.4,0.4,-1.2,0.7,2.65,0.6,48.0,2.0,14.0,0.5,0.4,0.4,-3.1,0.0,6.2,1.2,44.0,6.8,14.0,0.5,0.4,0.4,4.36,6.04,7.99,5.93,45.0,2.08,16.0,0.5,0.4,0.4,0.0,12.0,20.4,12.8,41.0,13.6,16.0,0.5,0.4,0.4,-13.1,6.6,76.1,31.2,47.0,58.0,14.0,0.5,0.4,0.4,-44.8,0.0,6.5,-11.0,47.0,34.6,14.0,0.5,0.4,0.4,-9.5,2.2,47.3,16.7,42.0,35.2,14.0,0.5,0.4,0.4,-30.9,0.0,6.2,-7.2,42.0,24.4,14.0,0.5,0.4,0.4,-3.6,0.9,17.4,6.7,41.0,15.1,16.0,0.5,0.4,0.4,-5.1,0.0,1.8,-2.5,41.0,8.4,16.0,0.5,0.4,0.4,0.0,17.5,30.0,36.0,47.0,92.0,14.0,0.5,0.4,0.4,0.0,20.0,30.0,35.0,47.0,90.0,14.0,0.5,0.4,0.4
1974,2,261.0,-71.0,,,,,,,,,,,,,,,,,,,,,,,,,,,,,,,,,,,,,,,,0.32,1.0,2.37,1.33,3.0,1.53,18.0,0.7,0.9,0.8,0.2,0.64,2.13,1.15,3.0,1.48,18.0,0.7,0.9,0.8,-0.7,0.0,0.52,-0.09,3.0,0.9,18.0,0.7,0.9,0.8,967.15,973.4,977.99,973.59,7.0,9.61,16.0,0.9,0.9,0.8,,,,,,,,,,,,,,,,,,,,,,,,,,,,,,,,,,,,,,,,,,,,,,,,,,,,,,,,,,,,,,,,,,,,,,,,,,,,,,,,,,,,,,,,,,,,,,,,,,,,,,,,,,,,,,,,,,,,,,,,,,,,,,,,,,,,,,,,,,,,,,,,,,,,,,
1974,2,261.0,-35.0,22.8,22.8,22.8,22.8,1.0,0.0,28.0,1.0,0.3,1.0,17.8,17.8,17.8,17.8,1.0,0.0,28.0,1.0,0.3,1.0,11.26,11.26,11.26,11.26,1.0,0.0,28.0,1.0,0.3,1.0,89.8,89.8,89.8,89.8,1.0,0.0,28.0,1.0,1.0,8.7,8.7,8.7,8.7,1.0,0.0,28.0,1.0,0.3,1.0,-6.66,-6.66,-6.66,-6.66,1.0,0.0,28.0,1.0,0.3,1.0,5.59,5.59,5.59,5.59,1.0,0.0,28.0,1.0,0.3,1.0,1021.7,1021.7,1021.7,1021.7,1.0,0.0,28.0,1.0,0.3,1.0,7.0,7.0,7.0,7.0,1.0,0.0,28.0,1.0,0.3,1.0,-58.0,-58.0,-58.0,-58.0,1.0,0.0,28.0,1.0,0.3,1.0,48.7,48.7,48.7,48.7,1.0,0.0,28.0,1.0,0.3,1.0,5.0,5.0,5.0,5.0,1.0,0.0,28.0,1.0,0.3,1.0,43.5,43.5,43.5,43.5,1.0,0.0,28.0,1.0,0.3,1.0,5.89,5.89,5.89,5.89,1.0,0.0,28.0,1.0,0.3,1.0,51.2,51.2,51.2,51.2,1.0,0.0,28.0,1.0,0.3,1.0,-118.6,-118.6,-118.6,-118.6,1.0,0.0,28.0,1.0,0.3,1.0,99.5,99.5,99.5,99.5,1.0,0.0,28.0,1.0,0.3,1.0,-75.0,-75.0,-75.0,-75.0,1.0,0.0,28.0,1.0,0.3,1.0,63.0,63.0,63.0,63.0,1.0,0.0,28.0,1.0,0.3,1.0,-39.2,-39.2,-39.2,-39.2,1.0,0.0,28.0,1.0,0.3,1.0,32.9,32.9,32.9,32.9,1.0,0.0,28.0,1.0,0.3,1.0,658.5,658.5,658.5,658.5,1.0,0.0,28.0,1.0,0.3,1.0,660.0,660.0,660.0,660.0,1.0,0.0,28.0,1.0,0.3,1.0
1974,2,261.0,-19.0,22.0,22.0,22.0,22.0,1.0,0.0,2.0,1.0,0.8,0.3,22.5,22.5,22.5,22.5,1.0,0.0,2.0,1.0,0.8,0.3,14.13,14.13,14.13,14.13,1.0,0.0,2.0,1.0,0.8,0.3,83.7,83.7,83.7,83.7,1.0,0.0,2.0,1.0,0.3,4.6,4.6,4.6,4.6,1.0,0.0,2.0,1.0,0.8,0.3,-2.96,-2.96,-2.96,-2.96,1.0,0.0,2.0,1.0,0.8,0.3,3.52,3.52,3.52,3.52,1.0,0.0,2.0,1.0,0.8,0.3,1017.0,1017.0,1017.0,1017.0,1.0,0.0,2.0,1.0,0.8,0.3,2.0,2.0,2.0,2.0,1.0,0.0,2.0,1.0,0.8,0.3,-13.6,-13.6,-13.6,-13.6,1.0,0.0,2.0,1.0,0.8,0.3,16.2,16.2,16.2,16.2,1.0,0.0,2.0,1.0,0.8,0.3,-0.5,-0.5,-0.5,-0.5,1.0,0.0,2.0,1.0,0.8,0.3,-2.3,-2.3,-2.3,-2.3,1.0,0.0,2.0,1.0,0.8,0.3,2.27,2.27,2.27,2.27,1.0,0.0,2.0,1.0,0.8,0.3,10.5,10.5,10.5,10.5,1.0,0.0,2.0,1.0,0.8,0.3,-66.5,-66.5,-66.5,-66.5,1.0,0.0,2.0,1.0,0.8,0.3,79.3,79.3,79.3,79.3,1.0,0.0,2.0,1.0,0.8,0.3,-41.8,-41.8,-41.8,-41.8,1.0,0.0,2.0,1.0,0.8,0.3,49.8,49.8,49.8,49.8,1.0,0.0,2.0,1.0,0.8,0.3,-6.7,-6.7,-6.7,-6.7,1.0,0.0,2.0,1.0,0.8,0.3,8.0,8.0,8.0,8.0,1.0,0.0,2.0,1.0,0.8,0.3,97.5,97.5,97.5,97.5,1.0,0.0,2.0,1.0,0.8,0.3,95.0,95.0,95.0,95.0,1.0,0.0,2.0,1.0,0.8,0.3
1974,2,261.0,-15.0,23.41,24.3,25.19,24.3,2.0,1.84,4.0,0.5,0.3,0.4,22.02,22.05,22.08,22.05,2.0,0.07,4.0,0.5,0.3,0.4,12.61,13.07,13.52,13.07,2.0,0.95,4.0,0.5,0.3,0.4,76.8,79.4,81.9,79.4,2.0,5.3,4.0,0.5,0.4,5.35,5.9,6.45,5.9,2.0,1.13,4.0,0.5,0.3,0.4,-5.13,-5.12,-5.11,-5.12,2.0,0.02,4.0,0.5,0.3,0.4,0.68,2.15,3.62,2.15,2.0,3.05,4.0,0.5,0.3,0.4,1013.77,1014.35,1014.93,1014.35,2.0,1.2,4.0,0.5,0.3,0.4,7.0,7.0,7.0,7.0,2.0,0.0,4.0,0.5,0.3,0.4,-33.1,-30.2,-27.3,-30.2,2.0,5.9,4.0,0.5,0.3,0.4,4.6,14.4,24.3,14.4,2.0,20.4,4.0,0.5,0.3,0.4,1.4,2.25,3.1,2.25,2.0,1.77,4.0,0.5,0.3,0.4,8.5,12.3,16.1,12.3,2.0,7.9,4.0,0.5,0.3,0.4,5.34,5.92,6.49,5.92,2.0,1.19,4.0,0.5,0.3,0.4,34.1,34.2,34.4,34.2,2.0,0.3,4.0,0.5,0.3,0.4,-112.9,-112.8,-112.7,-112.8,2.0,0.1,4.0,0.5,0.3,0.4,15.0,47.4,79.7,47.4,2.0,67.0,4.0,0.5,0.3,0.4,-69.0,-66.8,-64.6,-66.8,2.0,4.6,4.0,0.5,0.3,0.4,8.5,26.7,44.9,26.7,2.0,37.7,4.0,0.5,0.3,0.4,-33.1,-30.3,-27.4,-30.3,2.0,5.9,4.0,0.5,0.3,0.4,3.5,10.9,18.4,10.9,2.0,15.5,4.0,0.5,0.3,0.4,159.5,216.5,274.0,216.5,2.0,119.0,4.0,0.5,0.3,0.4,160.0,215.0,275.0,215.0,2.0,120.0,4.0,0.5,0.3,0.4
1974,2,261.0,-14.0,23.9,23.9,23.9,23.9,1.0,0.0,20.0,0.0,0.2,0.7,22.8,22.8,22.8,22.8,1.0,0.0,20.0,0.0,0.2,0.7,12.04,12.04,12.04,12.04,1.0,0.0,20.0,0.0,0.2,0.7,69.8,69.8,69.8,69.8,1.0,0.0,20.0,0.0,0.7,6.2,6.2,6.2,6.2,1.0,0.0,20.0,0.0,0.2,0.7,-5.37,-5.37,-5.37,-5.37,1.0,0.0,20.0,0.0,0.2,0.7,3.1,3.1,3.1,3.1,1.0,0.0,20.0,0.0,0.2,0.7,1012.3,1012.3,1012.3,1012.3,1.0,0.0,20.0,0.0,0.2,0.7,7.0,7.0,7.0,7.0,1.0,0.0,20.0,0.0,0.2,0.7,-33.3,-33.3,-33.3,-33.3,1.0,0.0,20.0,0.0,0.2,0.7,19.2,19.2,19.2,19.2,1.0,0.0,20.0,0.0,0.2,0.7,1.1,1.1,1.1,1.1,1.0,0.0,20.0,0.0,0.2,0.7,6.8,6.8,6.8,6.8,1.0,0.0,20.0,0.0,0.2,0.7,6.47,6.47,6.47,6.47,1.0,0.0,20.0,0.0,0.2,0.7,40.1,40.1,40.1,40.1,1.0,0.0,20.0,0.0,0.2,0.7,-122.4,-122.4,-122.4,-122.4,1.0,0.0,20.0,0.0,0.2,0.7,70.7,70.7,70.7,70.7,1.0,0.0,20.0,0.0,0.2,0.7,-64.6,-64.6,-64.6,-64.6,1.0,0.0,20.0,0.0,0.2,0.7,37.3,37.3,37.3,37.3,1.0,0.0,20.0,0.0,0.2,0.7,-34.8,-34.8,-34.8,-34.8,1.0,0.0,20.0,0.0,0.2,0.7,20.1,20.1,20.1,20.1,1.0,0.0,20.0,0.0,0.2,0.7,238.5,238.5,238.5,238.5,1.0,0.0,20.0,0.0,0.2,0.7,240.0,240.0,240.0,240.0,1.0,0.0,20.0,0.0,0.2,0.7
1974,2,261.0,-12.0,23.3,23.95,24.6,23.95,2.0,1.34,16.0,1.0,0.4,0.6,23.77,24.35,24.93,24.35,2.0,1.2,16.0,1.0,0.4,0.6,15.75,16.35,16.95,16.35,2.0,1.25,16.0,1.0,0.4,0.6,85.9,86.0,86.0,86.0,2.0,0.1,16.0,1.0,0.6,4.35,4.9,5.45,4.9,2.0,1.13,16.0,1.0,0.4,0.6,-5.12,-4.6,-4.09,-4.6,2.0,1.06,16.0,1.0,0.4,0.6,1.49,1.68,1.86,1.68,2.0,0.39,16.0,1.0,0.4,0.6,1011.19,1012.25,1013.31,1012.25,2.0,2.19,16.0,1.0,0.4,0.6,2.6,4.0,5.4,4.0,2.0,2.8,16.0,1.0,0.4,0.6,-28.2,-23.2,-18.1,-23.2,2.0,10.4,16.0,1.0,0.4,0.6,6.6,8.4,10.3,8.4,2.0,3.8,16.0,1.0,0.4,0.6,-0.47,-0.4,-0.33,-0.4,2.0,0.14,16.0,1.0,0.4,0.6,-2.0,-1.9,-1.8,-1.9,2.0,0.2,16.0,1.0,0.4,0.6,2.1,2.25,2.4,2.25,2.0,0.31,16.0,1.0,0.4,0.6,9.2,11.2,13.2,11.2,2.0,4.1,16.0,1.0,0.4,0.6,-127.9,-112.8,-97.6,-112.8,2.0,31.4,16.0,1.0,0.4,0.6,35.5,41.0,46.6,41.0,2.0,11.4,16.0,1.0,0.4,0.6,-87.1,-75.9,-64.8,-75.9,2.0,23.1,16.0,1.0,0.4,0.6,23.6,27.6,31.7,27.6,2.0,8.4,16.0,1.0,0.4,0.6,-12.4,-10.5,-8.7,-10.5,2.0,3.8,16.0,1.0,0.4,0.6,3.2,3.8,4.5,3.8,2.0,1.4,16.0,1.0,0.4,0.6,87.5,127.0,166.5,127.0,2.0,82.0,16.0,1.0,0.4,0.6,85.0,125.0,165.0,125.0,2.0,80.0,16.0,1.0,0.4,0.6
1974,2,261.0,-10.0,24.2,24.2,24.49,24.36,5.0,0.36,14.0,0.6,0.6,0.2,23.43,23.6,24.02,23.72,5.0,0.42,14.0,0.6,0.6,0.2,13.62,13.67,14.49,14.0,5.0,0.55,14.0,0.6,0.6,0.2,73.8,75.9,79.8,76.7,5.0,4.2,14.0,0.6,0.2,7.08,8.0,11.0,8.74,5.0,2.2,14.0,0.6,0.6,0.2,-9.12,-7.52,-6.29,-7.72,5.0,1.79,14.0,0.6,0.6,0.2,2.49,3.76,5.03,3.89,5.0,1.93,14.0,0.6,0.6,0.2,1011.56,1012.3,1013.27,1012.46,5.0,1.06,14.0,0.6,0.6,0.2,3.0,4.0,4.4,3.8,5.0,0.8,14.0,0.6,0.6,0.2,-100.4,-60.1,-44.9,-70.3,5.0,32.3,14.0,0.6,0.6,0.2,18.4,29.6,54.7,36.6,5.0,25.4,14.0,0.6,0.6,0.2,0.18,0.6,1.07,0.64,5.0,0.69,14.0,0.6,0.6,0.2,0.7,5.6,9.0,5.1,5.0,5.6,14.0,0.6,0.6,0.2,4.82,5.18,5.22,5.03,5.0,0.28,14.0,0.6,0.6,0.2,34.3,41.4,57.4,44.4,5.0,13.0,14.0,0.6,0.6,0.2,-219.6,-176.7,-147.6,-183.2,5.0,43.0,14.0,0.6,0.6,0.2,58.7,88.8,120.0,92.8,5.0,47.8,14.0,0.6,0.6,0.2,-124.4,-102.6,-92.2,-107.5,5.0,22.1,14.0,0.6,0.6,0.2,34.4,51.1,71.6,54.3,5.0,26.1,14.0,0.6,0.6,0.2,-47.6,-38.9,-30.4,-39.2,5.0,10.8,14.0,0.6,0.6,0.2,12.4,19.1,26.0,19.8,5.0,10.3,14.0,0.6,0.6,0.2,368.5,512.0,1331.0,769.5,5.0,524.5,14.0,0.6,0.6,0.2,370.0,510.0,1330.0,770.0,5.0,525.0,14.0,0.6,0.6,0.2
1974,2,261.0,-9.0,24.57,25.1,25.84,25.14,5.0,0.77,20.0,0.6,0.6,0.5,24.06,24.8,25.02,24.38,6.0,1.18,20.0,0.5,0.5,0.5,15.04,15.75,16.53,15.78,4.0,1.0,20.0,0.8,0.6,0.5,76.5,80.2,85.1,80.8,4.0,5.7,20.0,0.8,0.5,4.48,5.65,7.14,5.77,6.0,1.44,20.0,0.5,0.5,0.5,-4.3,-3.69,-3.24,-3.83,6.0,1.12,20.0,0.5,0.5,0.5,2.1,3.12,6.6,3.93,6.0,2.14,20.0,0.5,0.5,0.5,1010.31,1011.05,1012.6,1011.7,6.0,2.85,20.0,0.5,0.5,0.5,1.0,2.0,8.0,4.0,5.0,3.7,20.0,0.6,0.5,0.5,-31.0,-18.3,-15.7,-22.1,6.0,8.8,20.0,0.5,0.5,0.5,12.1,15.2,47.1,24.8,6.0,18.8,20.0,0.5,0.5,0.5,-0.23,0.5,0.77,0.28,5.0,0.67,20.0,0.6,0.6,0.5,-0.8,2.6,5.6,2.4,5.0,3.9,20.0,0.6,0.6,0.5,3.29,3.89,4.78,4.03,4.0,1.04,20.0,0.8,0.6,0.5,15.6,19.6,32.7,24.0,4.0,12.3,20.0,0.8,0.6,0.5,-106.2,-91.0,-73.9,-93.4,6.0,28.4,20.0,0.5,0.5,0.5,52.0,72.8,165.4,96.6,6.0,54.8,20.0,0.5,0.5,0.5,-80.5,-63.1,-54.9,-67.5,4.0,18.3,20.0,0.8,0.6,0.5,31.4,44.8,80.8,55.6,4.0,33.9,20.0,0.8,0.6,0.5,-21.2,-17.5,-12.7,-17.0,4.0,5.0,20.0,0.8,0.6,0.5,8.0,8.9,23.5,15.4,4.0,13.8,20.0,0.8,0.6,0.5,90.5,185.5,366.5,222.0,6.0,154.0,20.0,0.5,0.5,0.5,90.0,185.0,365.0,220.0,6.0,155.0,20.0,0.5,0.5,0.5
1974,2,261.0,-8.0,24.29,24.9,26.47,25.37,3.0,1.65,20.0,0.7,0.5,0.4,24.25,25.0,25.2,24.73,3.0,0.74,20.0,0.7,0.5,0.4,14.91,15.49,15.76,15.34,3.0,0.64,20.0,0.7,0.5,0.4,75.1,77.1,83.1,79.1,3.0,6.1,20.0,0.7,0.4,6.7,6.7,9.16,7.9,3.0,2.08,20.0,0.7,0.5,0.4,-6.52,-6.3,-5.5,-6.02,3.0,0.78,20.0,0.7,0.5,0.4,2.93,4.31,6.75,4.83,3.0,2.84,20.0,0.7,0.5,0.4,1012.06,1012.2,1012.61,1012.33,3.0,0.42,20.0,0.7,0.5,0.4,3.3,4.0,4.0,3.7,3.0,0.6,20.0,0.7,0.5,0.4,-59.9,-42.2,-36.9,-48.3,3.0,17.7,20.0,0.7,0.5,0.4,19.6,28.9,64.6,41.8,3.0,34.8,20.0,0.7,0.5,0.4,-0.92,-0.1,2.22,0.63,3.0,2.39,20.0,0.7,0.5,0.4,-6.2,-0.7,23.0,8.2,3.0,22.7,20.0,0.7,0.5,0.4,3.74,5.02,6.17,4.95,3.0,1.79,20.0,0.7,0.5,0.4,25.0,33.7,57.8,41.2,3.0,24.9,20.0,0.7,0.5,0.4,-158.0,-157.4,-138.6,-148.5,3.0,16.2,20.0,0.7,0.5,0.4,73.7,109.0,163.3,118.3,3.0,66.1,20.0,0.7,0.5,0.4,-101.0,-92.2,-83.5,-92.3,3.0,12.8,20.0,0.7,0.5,0.4,44.1,66.7,106.7,75.2,3.0,46.5,20.0,0.7,0.5,0.4,-40.3,-31.6,-21.0,-30.7,3.0,14.2,20.0,0.7,0.5,0.4,12.1,13.5,40.4,26.0,3.0,23.3,20.0,0.7,0.5,0.4,301.0,301.0,841.5,565.0,3.0,457.0,20.0,0.7,0.5,0.4,300.0,300.0,840.0,565.0,3.0,455.0,20.0,0.7,0.5,0.4
1974,2,261.0,-7.0,25.0,25.0,25.0,25.0,1.0,0.0,20.0,1.0,0.9,0.9,24.63,26.0,27.37,26.0,2.0,2.83,12.0,1.0,0.9,0.8,16.03,17.09,18.15,17.09,2.0,2.19,12.0,1.0,0.9,0.8,79.6,81.1,82.6,81.1,2.0,3.1,12.0,1.0,0.8,8.7,8.7,8.7,8.7,1.0,0.0,4.0,1.0,0.8,0.6,-6.66,-6.66,-6.66,-6.66,1.0,0.0,4.0,1.0,0.8,0.6,5.59,5.59,5.59,5.59,1.0,0.0,4.0,1.0,0.8,0.6,1009.41,1010.3,1011.19,1010.3,2.0,1.84,12.0,1.0,0.9,0.8,4.0,4.0,4.0,4.0,2.0,0.0,12.0,1.0,0.9,0.8,-58.0,-58.0,-58.0,-58.0,1.0,0.0,4.0,1.0,0.8,0.6,48.7,48.7,48.7,48.7,1.0,0.0,4.0,1.0,0.8,0.6,,,,,,,,,,,,,,,,,,,,,,,,,,,,,,,,,,,,,,,,,-159.9,-159.9,-159.9,-159.9,1.0,0.0,4.0,1.0,0.8,0.6,134.2,134.2,134.2,134.2,1.0,0.0,4.0,1.0,0.8,0.6,-103.6,-103.6,-103.6,-103.6,1.0,0.0,4.0,1.0,0.8,0.6,86.9,86.9,86.9,86.9,1.0,0.0,4.0,1.0,0.8,0.6,,,,,,,,,,,,,,,,,,,,,,,,,,,,,,,,,,,,,,,,
1974,2,261.0,-4.0,24.5,24.5,24.5,24.5,1.0,0.0,8.0,0.0,0.6,1.0,24.2,24.2,24.2,24.2,1.0,0.0,8.0,0.0,0.6,1.0,16.17,16.17,16.17,16.17,1.0,0.0,8.0,0.0,0.6,1.0,85.9,85.9,85.9,85.9,1.0,0.0,8.0,0.0,1.0,3.6,3.6,3.6,3.6,1.0,0.0,8.0,0.0,0.6,1.0,-0.63,-0.63,-0.63,-0.63,1.0,0.0,8.0,0.0,0.6,1.0,3.55,3.55,3.55,3.55,1.0,0.0,8.0,0.0,0.6,1.0,1012.5,1012.5,1012.5,1012.5,1.0,0.0,8.0,0.0,0.6,1.0,2.0,2.0,2.0,2.0,1.0,0.0,8.0,0.0,0.6,1.0,-2.3,-2.3,-2.3,-2.3,1.0,0.0,8.0,0.0,0.6,1.0,12.8,12.8,12.8,12.8,1.0,0.0,8.0,0.0,0.6,1.0,0.3,0.3,0.3,0.3,1.0,0.0,8.0,0.0,0.6,1.0,1.1,1.1,1.1,1.1,1.0,0.0,8.0,0.0,0.6,1.0,3.02,3.02,3.02,3.02,1.0,0.0,8.0,0.0,0.6,1.0,10.9,10.9,10.9,10.9,1.0,0.0,8.0,0.0,0.6,1.0,-15.1,-15.1,-15.1,-15.1,1.0,0.0,8.0,0.0,0.6,1.0,85.8,85.8,85.8,85.8,1.0,0.0,8.0,0.0,0.6,1.0,-10.1,-10.1,-10.1,-10.1,1.0,0.0,8.0,0.0,0.6,1.0,57.3,57.3,57.3,57.3,1.0,0.0,8.0,0.0,0.6,1.0,-1.9,-1.9,-1.9,-1.9,1.0,0.0,8.0,0.0,0.6,1.0,10.7,10.7,10.7,10.7,1.0,0.0,8.0,0.0,0.6,1.0,46.5,46.5,46.5,46.5,1.0,0.0,8.0,0.0,0.6,1.0,45.0,45.0,45.0,45.0,1.0,0.0,8.0,0.0,0.6,1.0
1974,2,261.0,-2.0,25.5,25.5,25.5,25.5,1.0,0.0,26.0,1.0,0.4,0.7,28.5,28.5,28.5,28.5,1.0,0.0,26.0,1.0,0.4,0.7,20.77,20.77,20.77,20.77,1.0,0.0,26.0,1.0,0.4,0.7,85.3,85.3,85.3,85.3,1.0,0.0,26.0,1.0,0.7,3.1,3.1,3.1,3.1,1.0,0.0,26.0,1.0,0.4,0.7,1.55,1.55,1.55,1.55,1.0,0.0,26.0,1.0,0.4,0.7,2.68,2.68,2.68,2.68,1.0,0.0,26.0,1.0,0.4,0.7,1012.1,1012.1,1012.1,1012.1,1.0,0.0,26.0,1.0,0.4,0.7,4.0,4.0,4.0,4.0,1.0,0.0,26.0,1.0,0.4,0.7,4.8,4.8,4.8,4.8,1.0,0.0,26.0,1.0,0.4,0.7,8.3,8.3,8.3,8.3,1.0,0.0,26.0,1.0,0.4,0.7,-3.0,-3.0,-3.0,-3.0,1.0,0.0,26.0,1.0,0.4,0.7,-9.3,-9.3,-9.3,-9.3,1.0,0.0,26.0,1.0,0.4,0.7,-0.37,-0.37,-0.37,-0.37,1.0,0.0,26.0,1.0,0.4,0.7,-1.2,-1.2,-1.2,-1.2,1.0,0.0,26.0,1.0,0.4,0.7,44.2,44.2,44.2,44.2,1.0,0.0,26.0,1.0,0.4,0.7,76.5,76.5,76.5,76.5,1.0,0.0,26.0,1.0,0.4,0.7,32.2,32.2,32.2,32.2,1.0,0.0,26.0,1.0,0.4,0.7,55.8,55.8,55.8,55.8,1.0,0.0,26.0,1.0,0.4,0.7,-0.6,-0.6,-0.6,-0.6,1.0,0.0,26.0,1.0,0.4,0.7,-1.0,-1.0,-1.0,-1.0,1.0,0.0,26.0,1.0,0.4,0.7,30.0,30.0,30.0,30.0,1.0,0.0,26.0,1.0,0.4,0.7,30.0,30.0,30.0,30.0,1.0,0.0,26.0,1.0,0.4,0.7
1974,2,261.0,0.0,23.63,25.5,26.0,24.94,5.0,1.24,12.0,0.0,0.5,0.3,22.93,25.1,25.77,24.54,5.0,1.57,12.0,0.0,0.5,0.3,15.01,16.55,17.19,16.22,5.0,1.2,12.0,0.0,0.5,0.3,82.6,83.5,85.9,84.1,5.0,1.9,12.0,0.0,0.3,0.0,0.0,2.1,0.84,5.0,1.15,12.0,0.0,0.5,0.3,-0.38,0.0,0.13,-0.14,5.0,0.53,12.0,0.0,0.5,0.3,0.0,0.0,1.91,0.78,5.0,1.07,12.0,0.0,0.5,0.3,1008.73,1009.5,1011.83,1010.1,5.0,1.82,12.0,0.0,0.5,0.3,1.0,1.0,5.1,2.8,5.0,2.7,12.0,0.0,0.5,0.3,-0.8,0.0,0.3,-0.3,5.0,1.1,12.0,0.0,0.5,0.3,0.0,0.0,4.0,1.6,5.0,2.2,12.0,0.0,0.5,0.3,0.11,0.5,0.71,0.4,5.0,0.48,12.0,0.0,0.5,0.3,0.0,0.0,1.4,0.6,5.0,0.9,12.0,0.0,0.5,0.3,3.23,3.4,4.01,3.58,5.0,0.43,12.0,0.0,0.5,0.3,0.0,0.0,6.7,2.7,5.0,3.7,12.0,0.0,0.5,0.3,-8.8,0.0,3.0,-3.2,5.0,12.3,12.0,0.0,0.5,0.3,0.0,0.0,43.8,17.8,5.0,24.4,12.0,0.0,0.5,0.3,-5.7,0.0,2.0,-2.0,5.0,8.0,12.0,0.0,0.5,0.3,0.0,0.0,28.6,11.7,5.0,16.0,12.0,0.0,0.5,0.3,-1.2,0.0,0.4,-0.4,5.0,1.7,12.0,0.0,0.5,0.3,0.0,0.0,6.1,2.5,5.0,3.4,12.0,0.0,0.5,0.3,0.0,0.0,9.5,3.5,5.0,5.0,12.0,0.0,0.5,0.3,0.0,0.0,10.0,5.0,5.0,5.0,12.0,0.0,0.5,0.3
1974,2,261.0,1.0,28.9,28.9,28.9,28.9,1.0,0.0,14.0,1.0,0.4,0.3,27.0,27.0,27.0,27.0,1.0,0.0,14.0,1.0,0.4,0.3,18.8,18.8,18.8,18.8,1.0,0.0,14.0,1.0,0.4,0.3,84.2,84.2,84.2,84.2,1.0,0.0,14.0,1.0,0.3,0.5,0.5,0.5,0.5,1.0,0.0,14.0,1.0,0.4,0.3,-0.49,-0.49,-0.49,-0.49,1.0,0.0,14.0,1.0,0.4,0.3,0.09,0.09,0.09,0.09,1.0,0.0,14.0,1.0,0.4,0.3,1009.2,1009.2,1009.2,1009.2,1.0,0.0,14.0,1.0,0.4,0.3,5.0,5.0,5.0,5.0,1.0,0.0,14.0,1.0,0.4,0.3,-0.2,-0.2,-0.2,-0.2,1.0,0.0,14.0,1.0,0.4,0.3,0.0,0.0,0.0,0.0,1.0,0.0,14.0,1.0,0.4,0.3,1.9,1.9,1.9,1.9,1.0,0.0,14.0,1.0,0.4,0.3,1.0,1.0,1.0,1.0,1.0,0.0,14.0,1.0,0.4,0.3,6.25,6.25,6.25,6.25,1.0,0.0,14.0,1.0,0.4,0.3,3.1,3.1,3.1,3.1,1.0,0.0,14.0,1.0,0.4,0.3,-13.3,-13.3,-13.3,-13.3,1.0,0.0,14.0,1.0,0.4,0.3,2.3,2.3,2.3,2.3,1.0,0.0,14.0,1.0,0.4,0.3,-9.3,-9.3,-9.3,-9.3,1.0,0.0,14.0,1.0,0.4,0.3,1.6,1.6,1.6,1.6,1.0,0.0,14.0,1.0,0.4,0.3,-3.1,-3.1,-3.1,-3.1,1.0,0.0,14.0,1.0,0.4,0.3,0.5,0.5,0.5,0.5,1.0,0.0,14.0,1.0,0.4,0.3,0.0,0.0,0.0,0.0,1.0,0.0,14.0,1.0,0.4,0.3,0.0,0.0,0.0,0.0,1.0,0.0,14.0,1.0,0.4,0.3
1974,2,261.0,2.0,26.05,26.15,26.25,26.15,2.0,0.21,16.0,0.5,0.8,0.3,25.57,25.95,26.33,25.95,2.0,0.78,16.0,0.5,0.8,0.3,17.21,18.77,20.33,18.77,2.0,3.24,16.0,0.5,0.8,0.3,84.0,89.3,94.6,89.3,2.0,11.0,16.0,0.5,0.3,3.0,3.85,4.7,3.85,2.0,1.77,16.0,0.5,0.8,0.3,-4.15,-2.29,-0.42,-2.29,2.0,3.87,16.0,0.5,0.8,0.3,-2.29,-1.72,-1.15,-1.72,2.0,1.18,16.0,0.5,0.8,0.3,1010.52,1011.2,1011.88,1011.2,2.0,1.41,16.0,0.5,0.8,0.3,1.6,3.0,4.4,3.0,2.0,2.8,16.0,0.5,0.8,0.3,-21.4,-12.2,-3.1,-12.2,2.0,18.9,16.0,0.5,0.8,0.3,-6.3,-5.6,-4.9,-5.6,2.0,1.5,16.0,0.5,0.8,0.3,-0.28,0.2,0.68,0.2,2.0,0.99,16.0,0.5,0.8,0.3,-1.8,-0.1,1.6,-0.1,2.0,3.5,16.0,0.5,0.8,0.3,0.78,2.46,4.14,2.46,2.0,3.48,16.0,0.5,0.8,0.3,2.0,6.4,10.8,6.4,2.0,9.0,16.0,0.5,0.8,0.3,-110.2,-60.8,-11.5,-60.8,2.0,102.2,16.0,0.5,0.8,0.3,-58.4,-44.3,-30.1,-44.3,2.0,29.4,16.0,0.5,0.8,0.3,-87.8,-49.2,-10.5,-49.2,2.0,80.1,16.0,0.5,0.8,0.3,-38.5,-30.4,-22.4,-30.4,2.0,16.6,16.0,0.5,0.8,0.3,0.4,1.1,1.9,1.1,2.0,1.6,16.0,0.5,0.8,0.3,-10.6,-6.3,-2.0,-6.3,2.0,8.9,16.0,0.5,0.8,0.3,36.0,75.0,114.5,75.0,2.0,81.5,16.0,0.5,0.8,0.3,35.0,75.0,115.0,75.0,2.0,80.0,16.0,0.5,0.8,0.3
1974,2,261.0,5.0,27.8,27.8,27.8,27.8,1.0,0.0,24.0,1.0,0.8,0.8,25.3,25.3,25.3,25.3,1.0,0.0,24.0,1.0,0.8,0.8,18.03,18.03,18.03,18.03,1.0,0.0,24.0,1.0,0.8,0.8,89.2,89.2,89.2,89.2,1.0,0.0,24.0,1.0,0.8,7.7,7.7,7.7,7.7,1.0,0.0,24.0,1.0,0.8,0.8,-5.9,-5.9,-5.9,-5.9,1.0,0.0,24.0,1.0,0.8,0.8,-4.95,-4.95,-4.95,-4.95,1.0,0.0,24.0,1.0,0.8,0.8,1008.3,1008.3,1008.3,1008.3,1.0,0.0,24.0,1.0,0.8,0.8,6.0,6.0,6.0,6.0,1.0,0.0,24.0,1.0,0.8,0.8,-45.4,-45.4,-45.4,-45.4,1.0,0.0,24.0,1.0,0.8,0.8,-38.1,-38.1,-38.1,-38.1,1.0,0.0,24.0,1.0,0.8,0.8,2.5,2.5,2.5,2.5,1.0,0.0,24.0,1.0,0.8,0.8,19.3,19.3,19.3,19.3,1.0,0.0,24.0,1.0,0.8,0.8,5.47,5.47,5.47,5.47,1.0,0.0,24.0,1.0,0.8,0.8,42.1,42.1,42.1,42.1,1.0,0.0,24.0,1.0,0.8,0.8,-149.2,-149.2,-149.2,-149.2,1.0,0.0,24.0,1.0,0.8,0.8,-125.2,-125.2,-125.2,-125.2,1.0,0.0,24.0,1.0,0.8,0.8,-106.3,-106.3,-106.3,-106.3,1.0,0.0,24.0,1.0,0.8,0.8,-89.2,-89.2,-89.2,-89.2,1.0,0.0,24.0,1.0,0.8,0.8,-32.2,-32.2,-32.2,-32.2,1.0,0.0,24.0,1.0,0.8,0.8,-27.1,-27.1,-27.1,-27.1,1.0,0.0,24.0,1.0,0.8,0.8,456.5,456.5,456.5,456.5,1.0,0.0,24.0,1.0,0.8,0.8,455.0,455.0,455.0,455.0,1.0,0.0,24.0,1.0,0.8,0.8
1974,2,261.0,6.0,26.29,26.7,26.9,26.6,3.0,0.46,22.0,0.7,0.5,0.8,26.39,27.0,27.34,26.87,3.0,0.71,22.0,0.7,0.5,0.8,17.39,17.9,18.25,17.82,3.0,0.64,22.0,0.7,0.5,0.8,76.7,80.2,85.0,80.8,3.0,6.1,22.0,0.7,0.8,7.78,7.95,8.12,7.95,2.0,0.35,26.0,0.5,0.5,0.7,-7.96,-7.43,-6.91,-7.43,2.0,1.08,26.0,0.5,0.5,0.7,-3.24,-1.92,-0.61,-1.92,2.0,2.72,26.0,0.5,0.5,0.7,1009.97,1011.2,1014.0,1011.97,3.0,3.02,22.0,0.7,0.5,0.8,1.6,3.0,4.4,3.0,3.0,2.0,22.0,0.7,0.5,0.8,-64.7,-59.3,-53.9,-59.3,2.0,11.2,26.0,0.5,0.5,0.7,-24.9,-14.8,-4.7,-14.8,2.0,21.0,26.0,0.5,0.5,0.7,-0.77,-0.5,0.25,-0.27,3.0,0.78,22.0,0.7,0.5,0.8,-5.5,-1.4,2.7,-1.4,2.0,8.5,26.0,0.5,0.5,0.7,3.38,3.52,4.6,3.97,3.0,0.98,22.0,0.7,0.5,0.8,27.1,27.1,27.1,27.1,2.0,0.0,26.0,0.5,0.5,0.7,-213.9,-197.7,-181.6,-197.7,2.0,33.5,26.0,0.5,0.5,0.7,-84.5,-50.2,-15.9,-50.2,2.0,71.1,26.0,0.5,0.5,0.7,-143.0,-134.8,-126.6,-134.8,2.0,16.9,26.0,0.5,0.5,0.7,-59.7,-35.5,-11.3,-35.5,2.0,50.1,26.0,0.5,0.5,0.7,-26.5,-25.3,-24.1,-25.3,2.0,2.6,26.0,0.5,0.5,0.7,-11.4,-6.8,-2.2,-6.8,2.0,9.6,26.0,0.5,0.5,0.7,471.5,504.0,536.5,504.0,2.0,67.0,26.0,0.5,0.5,0.7,470.0,505.0,535.0,505.0,2.0,65.0,26.0,0.5,0.5,0.7
1974,2,261.0,7.0,28.5,28.5,28.5,28.5,1.0,0.0,28.0,0.0,0.7,0.0,26.49,26.9,27.31,26.9,2.0,0.85,26.0,0.5,0.7,0.3,18.74,18.94,19.13,18.94,2.0,0.41,26.0,0.5,0.7,0.3,82.6,85.5,88.5,85.5,2.0,6.1,26.0,0.5,0.3,7.78,7.95,8.12,7.95,2.0,0.35,26.0,0.5,0.7,0.3,-6.45,-5.97,-5.49,-5.97,2.0,0.99,26.0,0.5,0.7,0.3,-4.67,-1.22,2.24,-1.22,2.0,7.16,26.0,0.5,0.7,0.3,1011.0,1011.0,1011.0,1011.0,2.0,0.0,26.0,0.5,0.7,0.3,2.5,3.5,4.5,3.5,2.0,2.1,26.0,0.5,0.7,0.3,-50.1,-47.3,-44.5,-47.3,2.0,5.7,26.0,0.5,0.7,0.3,-38.6,-10.9,16.8,-10.9,2.0,57.4,26.0,0.5,0.7,0.3,2.2,2.2,2.2,2.2,1.0,0.0,28.0,0.0,0.7,0.0,18.0,18.0,18.0,18.0,1.0,0.0,28.0,0.0,0.7,0.0,5.2,5.2,5.2,5.2,1.0,0.0,28.0,0.0,0.7,0.0,42.6,42.6,42.6,42.6,1.0,0.0,28.0,0.0,0.7,0.0,-176.3,-161.0,-145.7,-161.0,2.0,31.6,26.0,0.5,0.7,0.3,-122.2,-29.7,62.9,-29.7,2.0,191.7,26.0,0.5,0.7,0.3,-120.7,-112.8,-105.0,-112.8,2.0,16.3,26.0,0.5,0.7,0.3,-90.2,-24.5,41.2,-24.5,2.0,136.2,26.0,0.5,0.7,0.3,-27.4,-27.4,-27.4,-27.4,1.0,0.0,28.0,0.0,0.7,0.0,-32.7,-32.7,-32.7,-32.7,1.0,0.0,28.0,0.0,0.7,0.0,471.5,504.0,536.5,504.0,2.0,67.0,26.0,0.5,0.7,0.3,470.0,505.0,535.0,505.0,2.0,65.0,26.0,0.5,0.7,0.3
1974,2,261.0,8.0,,,,,,,,,,,,,,,,,,,,,,,,,,,,,,,,,,,,,,,,0.5,0.5,0.5,0.5,2.0,0.0,8.0,1.0,0.1,0.3,-0.32,-0.32,-0.32,-0.32,2.0,0.0,8.0,1.0,0.1,0.3,-0.38,-0.38,-0.38,-0.38,2.0,0.0,8.0,1.0,0.1,0.3,1012.2,1012.2,1012.2,1012.2,2.0,0.0,8.0,1.0,0.1,0.3,,,,,,,,,,,,,,,,,,,,,,,,,,,,,,,,,,,,,,,,,,,,,,,,,,,,,,,,,,,,,,,,,,,,,,,,,,,,,,,,,,,,,,,,,,,,,,,,,,,,,,,,,,,,,,,,,,,,,,,,,,,,,,,,,,,,,,,,,,,,,,,,,,,,,,
1974,2,261.0,9.0,26.61,26.85,27.43,26.95,8.0,0.56,14.0,0.4,0.5,0.5,25.78,26.6,27.91,26.73,8.0,1.1,14.0,0.4,0.5,0.5,16.5,16.72,17.0,16.75,4.0,0.31,10.0,0.0,0.4,0.4,77.7,80.6,83.0,80.4,4.0,3.0,10.0,0.0,0.4,2.2,3.1,5.16,3.66,5.0,2.09,14.0,0.2,0.5,0.5,-4.21,-2.25,-1.15,-2.57,5.0,1.68,14.0,0.2,0.5,0.5,-3.9,-1.3,-0.45,-2.09,5.0,2.15,14.0,0.2,0.5,0.5,1009.64,1011.0,1013.63,1011.5,8.0,1.84,14.0,0.4,0.5,0.5,0.1,2.0,3.9,2.3,8.0,2.1,14.0,0.4,0.5,0.5,-22.0,-5.9,-2.0,-11.6,5.0,12.6,14.0,0.2,0.5,0.5,-19.7,-3.4,-1.9,-10.7,5.0,15.4,14.0,0.2,0.5,0.5,-0.42,0.25,0.77,0.23,8.0,0.91,14.0,0.4,0.5,0.5,-1.3,1.2,3.7,1.1,5.0,3.6,14.0,0.2,0.5,0.5,4.64,5.18,5.39,5.02,4.0,0.59,10.0,0.0,0.4,0.4,10.0,13.5,18.7,14.3,3.0,6.4,8.0,0.0,0.5,0.4,-112.6,-59.4,-29.4,-68.3,5.0,45.5,14.0,0.2,0.5,0.5,-108.1,-34.3,-12.0,-57.1,5.0,59.1,14.0,0.2,0.5,0.5,-58.3,-37.3,-28.7,-43.4,3.0,22.3,8.0,0.0,0.5,0.4,-18.5,-12.0,-3.8,-11.2,3.0,10.8,8.0,0.0,0.5,0.4,-17.9,-11.7,-9.4,-13.6,3.0,6.4,8.0,0.0,0.5,0.4,-5.8,-3.7,-1.2,-3.5,3.0,3.4,8.0,0.0,0.5,0.4,12.5,30.0,169.0,92.5,5.0,142.0,14.0,0.2,0.5,0.5,10.0,30.0,170.0,95.0,5.0,140.0,14.0,0.2,0.5,0.5
1974,2,261.0,10.0,26.67,27.3,27.51,27.11,7.0,0.61,18.0,0.7,0.7,0.5,25.62,26.85,28.29,26.86,8.0,1.32,18.0,0.6,0.7,0.4,15.07,16.48,17.53,16.35,5.0,1.88,18.0,0.4,0.9,0.4,68.7,71.4,84.8,75.8,5.0,8.9,18.0,0.4,0.4,2.6,4.1,6.17,4.8,6.0,2.88,20.0,0.5,0.8,0.5,-4.16,-2.92,-2.1,-3.27,6.0,1.82,20.0,0.5,0.8,0.5,-4.73,-2.86,-1.88,-3.37,6.0,2.49,20.0,0.5,0.8,0.5,1012.14,1013.75,1014.57,1013.85,8.0,2.34,18.0,0.6,0.7,0.4,0.0,1.0,1.9,1.1,8.0,1.4,18.0,0.6,0.7,0.4,-27.3,-12.3,-6.0,-19.9,6.0,24.2,20.0,0.5,0.8,0.5,-32.6,-11.8,-4.9,-22.0,6.0,29.8,20.0,0.5,0.8,0.5,-1.01,0.2,1.1,-0.01,7.0,0.98,18.0,0.7,0.7,0.5,-3.3,1.3,5.3,0.5,5.0,6.4,20.0,0.6,0.7,0.6,5.13,6.57,7.65,6.39,4.0,1.64,18.0,0.5,0.9,0.5,20.1,29.7,50.5,35.0,4.0,20.0,18.0,0.5,0.9,0.5,-110.3,-78.3,-54.1,-87.7,6.0,53.1,20.0,0.5,0.8,0.5,-128.9,-73.4,-47.2,-90.5,6.0,71.7,20.0,0.5,0.8,0.5,-79.9,-48.4,-33.6,-56.6,5.0,33.6,18.0,0.4,0.9,0.4,-95.2,-40.6,-26.2,-58.2,5.0,47.5,18.0,0.4,0.9,0.4,-34.6,-23.4,-16.0,-25.2,4.0,11.6,18.0,0.5,0.9,0.5,-36.5,-20.4,-9.7,-22.9,4.0,18.6,18.0,0.5,0.9,0.5,17.5,72.0,331.0,234.0,6.0,423.0,20.0,0.5,0.8,0.5,20.0,70.0,330.0,235.0,6.0,425.0,20.0,0.5,0.8,0.5
1974,2,261.0,11.0,26.45,27.2,27.55,27.13,13.0,0.71,18.0,0.7,0.6,0.3,25.44,27.05,27.8,26.77,14.0,1.16,18.0,0.6,0.6,0.3,15.48,16.22,17.69,16.56,6.0,1.27,18.0,0.5,0.5,0.5,71.8,77.2,80.6,76.2,7.0,5.2,18.0,0.6,0.5,2.96,4.1,12.36,6.77,13.0,4.25,18.0,0.7,0.6,0.4,-11.67,-3.55,-2.01,-5.8,13.0,4.35,18.0,0.7,0.6,0.4,-4.7,-2.24,-1.56,-2.9,13.0,1.8,18.0,0.7,0.6,0.4,1010.0,1011.5,1013.09,1011.42,13.0,1.71,18.0,0.6,0.6,0.4,0.0,1.5,2.9,1.5,14.0,1.7,18.0,0.6,0.6,0.3,-144.2,-14.6,-8.0,-55.8,13.0,63.9,18.0,0.7,0.6,0.4,-51.4,-14.6,-3.4,-23.1,13.0,20.7,18.0,0.7,0.6,0.4,-0.83,0.2,1.23,0.22,13.0,0.97,18.0,0.7,0.6,0.3,-11.1,2.2,4.7,-1.2,12.0,7.3,18.0,0.8,0.6,0.4,5.64,5.96,6.21,5.91,6.0,0.37,18.0,0.5,0.5,0.5,16.2,25.2,62.2,36.8,5.0,25.5,16.0,0.6,0.5,0.6,-317.3,-92.3,-54.5,-157.4,13.0,122.2,18.0,0.7,0.6,0.4,-122.9,-62.7,-39.7,-77.4,13.0,46.3,18.0,0.7,0.6,0.4,-144.0,-57.5,-42.5,-87.2,5.0,62.6,16.0,0.6,0.5,0.6,-67.2,-33.2,-23.8,-43.1,5.0,23.6,16.0,0.6,0.5,0.6,-55.8,-21.8,-13.8,-32.6,5.0,24.3,16.0,0.6,0.5,0.6,-25.8,-12.6,-8.7,-16.3,5.0,9.6,16.0,0.6,0.5,0.6,26.0,69.0,1888.0,675.0,13.0,857.0,18.0,0.7,0.6,0.4,25.0,70.0,1890.0,675.0,13.0,855.0,18.0,0.7,0.6,0.4
1974,2,261.0,12.0,26.77,27.85,29.03,27.9,12.0,1.27,14.0,0.6,0.6,0.4,26.0,26.2,27.19,26.47,14.0,0.99,14.0,0.6,0.6,0.4,14.89,16.2,17.99,16.4,11.0,2.05,16.0,0.5,0.6,0.3,67.2,77.2,86.4,75.9,11.0,10.2,16.0,0.5,0.3,1.25,3.6,6.17,3.89,12.0,3.23,14.0,0.6,0.6,0.3,-5.75,-2.31,0.04,-2.81,12.0,3.14,14.0,0.6,0.6,0.3,-3.37,-1.74,-0.35,-2.1,12.0,1.91,14.0,0.6,0.6,0.3,1011.22,1012.25,1014.14,1012.59,14.0,1.82,14.0,0.6,0.6,0.4,0.0,1.0,3.0,1.6,14.0,1.7,14.0,0.6,0.6,0.4,-39.8,-8.3,0.0,-19.8,12.0,29.9,14.0,0.6,0.6,0.3,-22.4,-4.3,-0.2,-12.5,12.0,19.7,14.0,0.6,0.6,0.3,-0.08,1.25,3.15,1.55,12.0,1.8,14.0,0.6,0.6,0.4,-1.2,2.6,17.9,7.0,10.0,14.0,14.0,0.6,0.6,0.4,6.39,7.55,9.83,8.21,9.0,2.13,16.0,0.6,0.6,0.3,10.3,26.6,71.5,37.8,7.0,35.5,16.0,0.6,0.6,0.3,-146.6,-61.0,1.2,-74.9,12.0,85.4,14.0,0.6,0.6,0.3,-93.3,-44.4,-10.0,-55.7,12.0,50.6,14.0,0.6,0.6,0.3,-119.2,-15.6,2.5,-45.9,9.0,59.4,14.0,0.6,0.6,0.2,-64.7,-24.3,-10.9,-37.3,9.0,35.9,14.0,0.6,0.6,0.2,-66.4,-17.1,0.2,-29.5,7.0,32.5,16.0,0.6,0.6,0.3,-25.9,-12.1,-7.8,-19.4,7.0,20.7,16.0,0.6,0.6,0.3,2.5,46.5,303.5,195.0,12.0,360.5,14.0,0.6,0.6,0.3,5.0,45.0,305.0,195.0,12.0,360.0,14.0,0.6,0.6,0.3
1974,2,261.0,13.0,27.06,27.65,27.8,27.43,8.0,0.65,18.0,0.8,0.7,0.4,26.01,27.25,29.83,27.51,8.0,1.88,18.0,0.8,0.7,0.4,16.95,17.51,20.07,18.31,5.0,1.94,16.0,0.6,0.8,0.4,73.1,79.2,82.0,77.9,5.0,4.8,16.0,0.6,0.4,1.73,3.6,6.47,3.98,8.0,2.62,18.0,0.8,0.7,0.4,-5.07,-2.76,-0.17,-2.64,8.0,2.7,18.0,0.8,0.7,0.4,-4.17,-0.4,2.06,-1.11,8.0,2.87,18.0,0.8,0.7,0.4,1012.9,1013.5,1014.25,1013.62,6.0,0.98,18.0,0.7,0.8,0.5,0.2,2.5,3.9,2.5,8.0,2.0,18.0,0.8,0.7,0.4,-32.9,-9.9,-0.2,-15.3,8.0,19.4,18.0,0.8,0.7,0.4,-26.9,-1.8,7.4,-8.8,8.0,18.4,18.0,0.8,0.7,0.4,-1.94,0.4,1.68,-0.09,8.0,2.26,18.0,0.8,0.7,0.4,-12.5,0.0,5.1,-0.7,8.0,12.6,18.0,0.8,0.7,0.4,2.62,4.79,6.39,4.42,5.0,2.75,16.0,0.6,0.8,0.4,0.0,17.2,39.4,21.0,5.0,24.8,16.0,0.6,0.8,0.4,-152.0,-72.7,-4.6,-72.8,8.0,75.0,18.0,0.8,0.7,0.4,-124.7,-12.0,53.5,-31.5,8.0,77.5,18.0,0.8,0.7,0.4,-100.5,-95.1,11.5,-52.9,5.0,63.7,16.0,0.6,0.8,0.4,-84.3,-54.6,-10.6,-48.0,5.0,38.6,16.0,0.6,0.8,0.4,-30.2,0.0,3.1,-11.7,5.0,22.1,16.0,0.6,0.8,0.4,-25.4,-14.9,0.0,-14.2,5.0,15.9,16.0,0.6,0.8,0.4,8.0,46.5,278.0,136.5,8.0,193.0,18.0,0.8,0.7,0.4,10.0,45.0,280.0,135.0,8.0,195.0,18.0,0.8,0.7,0.4
1974,2,261.0,14.0,27.52,28.3,28.85,28.13,12.0,0.75,14.0,0.8,0.6,0.4,26.97,28.0,29.04,28.06,13.0,1.07,14.0,0.8,0.6,0.4,16.13,16.64,17.36,16.73,9.0,0.74,12.0,0.8,0.7,0.5,67.3,73.3,74.5,71.7,9.0,3.7,12.0,0.8,0.5,0.0,0.75,2.6,1.12,12.0,1.25,12.0,0.8,0.6,0.4,-1.6,0.0,0.7,-0.09,12.0,1.49,12.0,0.8,0.6,0.4,-0.32,0.0,0.11,-0.18,12.0,0.81,12.0,0.8,0.6,0.4,1010.56,1014.1,1015.02,1013.55,13.0,2.79,14.0,0.8,0.6,0.4,0.0,1.0,2.0,0.8,13.0,0.8,14.0,0.8,0.6,0.4,-2.7,0.0,1.4,0.0,12.0,3.9,12.0,0.8,0.6,0.4,-0.5,0.0,0.3,-0.4,12.0,2.1,12.0,0.8,0.6,0.4,-1.15,0.0,1.13,0.07,12.0,1.42,14.0,0.8,0.6,0.4,-0.8,0.0,1.1,0.2,11.0,2.8,12.0,0.8,0.6,0.4,5.82,7.3,8.75,7.23,9.0,1.68,12.0,0.8,0.7,0.5,0.0,0.0,18.0,7.3,9.0,9.0,12.0,0.8,0.7,0.5,-45.0,0.0,19.7,-2.4,12.0,40.2,12.0,0.8,0.6,0.4,-9.3,0.0,3.1,-5.4,12.0,23.2,12.0,0.8,0.6,0.4,-22.4,0.0,6.0,-1.6,9.0,26.0,12.0,0.8,0.7,0.5,0.0,0.0,5.5,-3.1,9.0,16.7,12.0,0.8,0.7,0.5,-13.3,0.0,1.4,-2.0,9.0,10.8,12.0,0.8,0.7,0.5,0.0,0.0,2.3,-0.1,9.0,4.6,12.0,0.8,0.7,0.5,0.0,1.5,17.5,6.5,12.0,10.0,12.0,0.8,0.6,0.4,0.0,0.0,20.0,5.0,12.0,10.0,12.0,0.8,0.6,0.4
1974,2,261.0,15.0,26.65,27.8,28.8,27.7,31.0,1.39,16.0,0.6,0.6,0.6,26.51,27.8,28.8,27.68,33.0,1.45,16.0,0.6,0.6,0.6,15.48,17.21,18.75,17.21,27.0,1.92,16.0,0.6,0.5,0.6,66.0,74.2,83.8,75.1,27.0,8.4,16.0,0.6,0.6,0.6,2.6,5.1,2.9,30.0,2.08,16.0,0.7,0.6,0.6,0.0,1.27,3.22,1.22,30.0,2.54,16.0,0.7,0.6,0.6,-1.89,0.0,2.58,-0.01,30.0,2.24,16.0,0.7,0.6,0.6,1010.05,1012.1,1015.29,1012.57,34.0,2.39,16.0,0.6,0.6,0.6,0.0,1.0,2.0,1.2,33.0,1.2,16.0,0.6,0.6,0.6,0.0,2.8,11.6,4.6,30.0,15.1,16.0,0.7,0.6,0.6,-5.0,0.0,11.0,0.3,30.0,11.8,16.0,0.7,0.6,0.6,-1.74,0.1,1.15,0.01,31.0,1.84,16.0,0.6,0.6,0.6,-4.3,0.0,3.9,-0.8,27.0,6.9,16.0,0.7,0.6,0.6,3.45,6.26,8.32,5.89,26.0,2.44,18.0,0.6,0.5,0.6,1.1,11.5,30.3,16.5,22.0,16.2,18.0,0.6,0.5,0.6,0.0,36.3,90.0,32.3,29.0,71.3,16.0,0.7,0.6,0.6,-50.6,0.0,74.7,0.2,29.0,64.7,16.0,0.7,0.6,0.6,0.0,3.0,56.8,20.5,23.0,41.3,16.0,0.6,0.5,0.6,-30.6,0.0,41.8,0.2,23.0,40.5,16.0,0.6,0.5,0.6,0.0,1.1,18.5,6.1,22.0,15.8,18.0,0.6,0.5,0.6,-13.3,0.0,7.4,-1.8,22.0,16.0,18.0,0.6,0.5,0.6,0.5,17.5,132.5,64.5,30.0,110.0,16.0,0.7,0.6,0.6,0.0,20.0,135.0,65.0,30.0,110.0,16.0,0.7,0.6,0.6
1974,2,261.0,16.0,26.46,27.2,28.3,27.19,32.0,1.07,14.0,0.4,0.4,0.1,25.59,26.6,27.8,26.74,32.0,1.23,14.0,0.4,0.4,0.1,15.26,16.47,19.49,16.9,29.0,2.21,12.0,0.4,0.4,0.1,69.0,75.7,86.7,76.9,29.0,9.3,12.0,0.4,0.1,0.0,2.6,5.15,2.61,32.0,2.29,14.0,0.4,0.4,0.1,-0.65,0.0,3.14,1.09,32.0,2.73,14.0,0.4,0.4,0.1,-1.18,0.0,0.89,-0.3,32.0,1.87,14.0,0.4,0.4,0.1,1011.78,1013.1,1014.91,1013.03,32.0,1.73,14.0,0.4,0.4,0.1,0.0,1.0,2.0,1.1,31.0,1.3,14.0,0.4,0.4,0.1,-1.5,0.0,13.4,5.4,32.0,16.3,14.0,0.4,0.4,0.1,-2.4,0.0,3.5,-1.3,32.0,9.7,14.0,0.4,0.4,0.1,-1.21,0.35,2.2,0.45,32.0,1.66,14.0,0.4,0.4,0.1,-2.6,0.0,3.7,0.7,32.0,5.1,14.0,0.4,0.4,0.1,3.05,5.7,7.91,5.57,29.0,2.61,12.0,0.4,0.4,0.1,0.0,8.5,35.9,15.2,29.0,17.7,12.0,0.4,0.4,0.1,-16.7,0.0,87.0,29.8,32.0,73.2,14.0,0.4,0.4,0.1,-30.0,0.0,23.7,-8.0,32.0,49.2,14.0,0.4,0.4,0.1,-7.1,0.0,66.9,21.6,29.0,47.0,12.0,0.4,0.4,0.1,-18.5,0.0,12.2,-3.7,29.0,26.8,12.0,0.4,0.4,0.1,-2.8,0.0,14.9,4.1,29.0,17.5,12.0,0.4,0.4,0.1,-6.4,0.0,1.6,-2.6,29.0,14.9,12.0,0.4,0.4,0.1,0.0,17.5,137.0,64.0,32.0,111.5,14.0,0.4,0.4,0.1,0.0,20.0,135.0,65.0,32.0,110.0,14.0,0.4,0.4,0.1
1974,2,262.0,-71.0,,,,,,,,,,,,,,,,,,,,,,,,,,,,,,,,,,,,,,,,3.0,3.0,3.0,3.0,1.0,0.0,16.0,0.0,0.7,0.6,2.3,2.3,2.3,2.3,1.0,0.0,16.0,0.0,0.7,0.6,-1.93,-1.93,-1.93,-1.93,1.0,0.0,16.0,0.0,0.7,0.6,971.8,971.8,971.8,971.8,1.0,0.0,16.0,0.0,0.7,0.6,,,,,,,,,,,,,,,,,,,,,,,,,,,,,,,,,,,,,,,,,,,,,,,,,,,,,,,,,,,,,,,,,,,,,,,,,,,,,,,,,,,,,,,,,,,,,,,,,,,,,,,,,,,,,,,,,,,,,,,,,,,,,,,,,,,,,,,,,,,,,,,,,,,,,,
1974,2,262.0,-69.0,,,,,,,,,,,,,,,,,,,,,,,,,,,,,,,,,,,,,,,,,,,,,,,,,,,,,,,,,,,,,,,,,,,,,,,,,,,,,,,,4.0,4.0,4.0,4.0,1.0,0.0,22.0,1.0,0.7,0.9,2.3,2.3,2.3,2.3,1.0,0.0,22.0,1.0,0.7,0.9,-6.4,-6.4,-6.4,-6.4,1.0,0.0,22.0,1.0,0.7,0.9,,,,,,,,,,,,,,,,,,,,,,,,,,,,,,,,,,,,,,,,,,,,,,,,,,,,,,,,,,,,,,,,,,,,,,,,,,,,,,,,,,,,,,,,,,,,,,,,,,,,,,,,,,,,,,,,,,,,,,,,
1974,2,262.0,-33.0,21.7,21.7,21.7,21.7,2.0,0.0,28.0,1.0,0.6,0.7,20.6,20.6,20.6,20.6,2.0,0.0,28.0,1.0,0.6,0.7,12.58,12.68,12.78,12.68,2.0,0.21,28.0,1.0,0.6,0.7,84.2,84.5,84.9,84.5,2.0,0.8,28.0,1.0,0.7,7.75,7.85,7.95,7.85,2.0,0.21,28.0,1.0,0.6,0.7,-5.11,-5.05,-4.98,-5.05,2.0,0.14,28.0,1.0,0.6,0.7,5.94,6.01,6.09,6.01,2.0,0.16,28.0,1.0,0.6,0.7,1014.15,1017.9,1021.65,1017.9,2.0,7.78,28.0,1.0,0.6,0.7,8.0,8.0,8.0,8.0,2.0,0.0,28.0,1.0,0.6,0.7,-40.7,-39.6,-38.6,-39.6,2.0,2.1,28.0,1.0,0.6,0.7,46.0,47.2,48.5,47.2,2.0,2.6,28.0,1.0,0.6,0.7,1.1,1.1,1.1,1.1,2.0,0.0,28.0,1.0,0.6,0.7,8.5,8.6,8.7,8.6,2.0,0.2,28.0,1.0,0.6,0.7,3.36,3.41,3.45,3.41,2.0,0.09,28.0,1.0,0.6,0.7,26.7,26.7,26.7,26.7,2.0,0.0,28.0,1.0,0.6,0.7,-105.3,-103.9,-102.6,-103.9,2.0,2.8,28.0,1.0,0.6,0.7,122.3,123.9,125.5,123.9,2.0,3.3,28.0,1.0,0.6,0.7,-65.3,-64.0,-62.7,-64.0,2.0,2.8,28.0,1.0,0.6,0.7,74.7,76.3,77.9,76.3,2.0,3.3,28.0,1.0,0.6,0.7,-17.2,-17.2,-17.2,-17.2,2.0,0.0,28.0,1.0,0.6,0.7,20.5,20.5,20.5,20.5,2.0,0.0,28.0,1.0,0.6,0.7,465.5,484.5,503.0,484.5,2.0,39.0,28.0,1.0,0.6,0.7,465.0,485.0,505.0,485.0,2.0,40.0,28.0,1.0,0.6,0.7
1974,2,262.0,-21.0,,,,,,,,,,,,,,,,,,,,,,,,,,,,,,,,,,,,,,,,9.3,9.3,9.3,9.3,1.0,0.0,4.0,1.0,0.2,0.3,-8.05,-8.05,-8.05,-8.05,1.0,0.0,4.0,1.0,0.2,0.3,4.65,4.65,4.65,4.65,1.0,0.0,4.0,1.0,0.2,0.3,1016.5,1016.5,1016.5,1016.5,1.0,0.0,4.0,1.0,0.2,0.3,,,,,,,,,,,,,,,,,,,,,,,,,,,,,,,,,,,,,,,,,,,,,,,,,,,,,,,,,,,,,,,,,,,,,,,,,,,,,,,,,,,,,,,,,,,,,,,,,,,,,,,,,,,,,,,,,,,,,,,,,,,,,,,,,,,,,,,,,,,,,,,,,,,,,,
1974,2,262.0,-13.0,26.1,26.1,26.1,26.1,1.0,0.0,8.0,1.0,0.7,0.6,25.3,25.3,25.3,25.3,1.0,0.0,8.0,1.0,0.7,0.6,14.88,14.88,14.88,14.88,1.0,0.0,8.0,1.0,0.7,0.6,74.3,74.3,74.3,74.3,1.0,0.0,8.0,1.0,0.6,5.1,5.1,5.1,5.1,1.0,0.0,8.0,1.0,0.7,0.6,-3.28,-3.28,-3.28,-3.28,1.0,0.0,8.0,1.0,0.7,0.6,3.91,3.91,3.91,3.91,1.0,0.0,8.0,1.0,0.7,0.6,1014.8,1014.8,1014.8,1014.8,1.0,0.0,8.0,1.0,0.7,0.6,6.0,6.0,6.0,6.0,1.0,0.0,8.0,1.0,0.7,0.6,-16.7,-16.7,-16.7,-16.7,1.0,0.0,8.0,1.0,0.7,0.6,19.9,19.9,19.9,19.9,1.0,0.0,8.0,1.0,0.7,0.6,0.8,0.8,0.8,0.8,1.0,0.0,8.0,1.0,0.7,0.6,4.1,4.1,4.1,4.1,1.0,0.0,8.0,1.0,0.7,0.6,6.21,6.21,6.21,6.21,1.0,0.0,8.0,1.0,0.7,0.6,31.7,31.7,31.7,31.7,1.0,0.0,8.0,1.0,0.7,0.6,-82.9,-82.9,-82.9,-82.9,1.0,0.0,8.0,1.0,0.7,0.6,98.8,98.8,98.8,98.8,1.0,0.0,8.0,1.0,0.7,0.6,-48.8,-48.8,-48.8,-48.8,1.0,0.0,8.0,1.0,0.7,0.6,58.2,58.2,58.2,58.2,1.0,0.0,8.0,1.0,0.7,0.6,-20.3,-20.3,-20.3,-20.3,1.0,0.0,8.0,1.0,0.7,0.6,24.3,24.3,24.3,24.3,1.0,0.0,8.0,1.0,0.7,0.6,132.5,132.5,132.5,132.5,1.0,0.0,8.0,1.0,0.7,0.6,135.0,135.0,135.0,135.0,1.0,0.0,8.0,1.0,0.7,0.6
1974,2,262.0,-12.0,23.2,23.2,23.2,23.2,1.0,0.0,28.0,1.0,0.2,0.1,24.9,24.9,24.9,24.9,1.0,0.0,28.0,1.0,0.2,0.1,14.57,14.57,14.57,14.57,1.0,0.0,28.0,1.0,0.2,0.1,74.2,74.2,74.2,74.2,1.0,0.0,28.0,1.0,0.1,4.6,4.6,4.6,4.6,1.0,0.0,28.0,1.0,0.2,0.1,-3.52,-3.52,-3.52,-3.52,1.0,0.0,28.0,1.0,0.2,0.1,2.96,2.96,2.96,2.96,1.0,0.0,28.0,1.0,0.2,0.1,1011.1,1011.1,1011.1,1011.1,1.0,0.0,28.0,1.0,0.2,0.1,3.0,3.0,3.0,3.0,1.0,0.0,28.0,1.0,0.2,0.1,-16.2,-16.2,-16.2,-16.2,1.0,0.0,28.0,1.0,0.2,0.1,13.6,13.6,13.6,13.6,1.0,0.0,28.0,1.0,0.2,0.1,-1.7,-1.7,-1.7,-1.7,1.0,0.0,28.0,1.0,0.2,0.1,-7.8,-7.8,-7.8,-7.8,1.0,0.0,28.0,1.0,0.2,0.1,3.19,3.19,3.19,3.19,1.0,0.0,28.0,1.0,0.2,0.1,14.7,14.7,14.7,14.7,1.0,0.0,28.0,1.0,0.2,0.1,-87.7,-87.7,-87.7,-87.7,1.0,0.0,28.0,1.0,0.2,0.1,73.6,73.6,73.6,73.6,1.0,0.0,28.0,1.0,0.2,0.1,-51.3,-51.3,-51.3,-51.3,1.0,0.0,28.0,1.0,0.2,0.1,43.1,43.1,43.1,43.1,1.0,0.0,28.0,1.0,0.2,0.1,-11.2,-11.2,-11.2,-11.2,1.0,0.0,28.0,1.0,0.2,0.1,9.4,9.4,9.4,9.4,1.0,0.0,28.0,1.0,0.2,0.1,97.5,97.5,97.5,97.5,1.0,0.0,28.0,1.0,0.2,0.1,95.0,95.0,95.0,95.0,1.0,0.0,28.0,1.0,0.2,0.1
1974,2,262.0,-11.0,24.1,24.3,24.61,24.35,4.0,0.34,16.0,0.5,0.7,0.8,23.7,23.8,24.17,23.93,4.0,0.39,16.0,0.5,0.7,0.8,14.26,15.18,16.29,15.27,4.0,1.3,16.0,0.5,0.7,0.8,78.2,83.0,86.5,82.4,4.0,5.4,16.0,0.5,0.8,5.62,8.1,10.52,8.08,4.0,2.87,16.0,0.5,0.7,0.8,-9.06,-6.04,-4.19,-6.6,4.0,2.98,16.0,0.5,0.7,0.8,3.13,4.26,5.63,4.37,4.0,1.64,16.0,0.5,0.7,0.8,1010.83,1012.55,1013.01,1011.95,4.0,1.74,16.0,0.5,0.7,0.8,2.5,5.0,7.5,5.0,4.0,2.9,16.0,0.5,0.7,0.8,-96.0,-50.7,-23.6,-59.4,4.0,44.0,16.0,0.5,0.7,0.8,20.8,35.4,53.4,37.0,4.0,21.6,16.0,0.5,0.7,0.8,0.35,0.4,0.5,0.43,4.0,0.13,16.0,0.5,0.7,0.8,2.6,3.9,4.2,3.4,4.0,1.3,16.0,0.5,0.7,0.8,3.06,3.7,4.47,3.77,4.0,0.97,16.0,0.5,0.7,0.8,17.5,30.3,47.4,32.3,4.0,18.5,16.0,0.5,0.7,0.8,-215.0,-144.5,-101.2,-157.5,4.0,70.1,16.0,0.5,0.7,0.8,75.4,101.3,133.3,104.2,4.0,37.8,16.0,0.5,0.7,0.8,-128.6,-93.7,-68.1,-98.2,4.0,36.8,16.0,0.5,0.7,0.8,47.3,63.1,85.0,66.0,4.0,23.2,16.0,0.5,0.7,0.8,-41.3,-21.9,-12.8,-26.8,4.0,18.5,16.0,0.5,0.7,0.8,11.5,17.7,22.1,16.8,4.0,7.6,16.0,0.5,0.7,0.8,183.0,619.0,1173.5,675.5,4.0,583.5,16.0,0.5,0.7,0.8,185.0,620.0,1175.0,675.0,4.0,585.0,16.0,0.5,0.7,0.8
1974,2,262.0,-10.0,24.4,24.4,24.4,24.4,1.0,0.0,14.0,1.0,0.3,0.1,25.6,25.6,25.6,25.6,1.0,0.0,14.0,1.0,0.3,0.1,13.55,13.55,13.55,13.55,1.0,0.0,14.0,1.0,0.3,0.1,66.5,66.5,66.5,66.5,1.0,0.0,14.0,1.0,0.1,9.0,9.0,9.0,9.0,1.0,0.0,14.0,1.0,0.3,0.1,-6.89,-6.89,-6.89,-6.89,1.0,0.0,14.0,1.0,0.3,0.1,5.79,5.79,5.79,5.79,1.0,0.0,14.0,1.0,0.3,0.1,1014.9,1014.9,1014.9,1014.9,1.0,0.0,14.0,1.0,0.3,0.1,6.0,6.0,6.0,6.0,1.0,0.0,14.0,1.0,0.3,0.1,-62.0,-62.0,-62.0,-62.0,1.0,0.0,14.0,1.0,0.3,0.1,52.1,52.1,52.1,52.1,1.0,0.0,14.0,1.0,0.3,0.1,-1.2,-1.2,-1.2,-1.2,1.0,0.0,14.0,1.0,0.3,0.1,-10.8,-10.8,-10.8,-10.8,1.0,0.0,14.0,1.0,0.3,0.1,5.49,5.49,5.49,5.49,1.0,0.0,14.0,1.0,0.3,0.1,49.4,49.4,49.4,49.4,1.0,0.0,14.0,1.0,0.3,0.1,-176.5,-176.5,-176.5,-176.5,1.0,0.0,14.0,1.0,0.3,0.1,148.1,148.1,148.1,148.1,1.0,0.0,14.0,1.0,0.3,0.1,-93.4,-93.4,-93.4,-93.4,1.0,0.0,14.0,1.0,0.3,0.1,78.4,78.4,78.4,78.4,1.0,0.0,14.0,1.0,0.3,0.1,-37.8,-37.8,-37.8,-37.8,1.0,0.0,14.0,1.0,0.3,0.1,31.7,31.7,31.7,31.7,1.0,0.0,14.0,1.0,0.3,0.1,729.0,729.0,729.0,729.0,1.0,0.0,14.0,1.0,0.3,0.1,730.0,730.0,730.0,730.0,1.0,0.0,14.0,1.0,0.3,0.1
1974,2,262.0,-9.0,25.02,25.05,25.08,25.05,2.0,0.07,16.0,0.5,0.8,0.9,23.43,25.0,25.14,24.3,3.0,1.39,18.0,0.7,0.6,0.8,14.74,16.16,17.58,16.16,2.0,2.94,16.0,0.5,0.6,0.8,83.7,87.0,90.4,87.0,2.0,6.9,16.0,0.5,0.8,5.1,5.1,9.67,7.33,3.0,3.87,18.0,0.7,0.6,0.8,-8.38,-4.42,-3.64,-5.97,3.0,3.72,18.0,0.7,0.6,0.8,2.98,3.91,5.27,4.12,3.0,1.69,18.0,0.7,0.6,0.8,1010.69,1014.1,1014.17,1012.47,3.0,2.92,18.0,0.7,0.6,0.8,3.0,5.0,7.0,5.0,2.0,4.2,16.0,0.5,0.6,0.8,-89.5,-22.5,-18.6,-53.3,3.0,58.4,18.0,0.7,0.6,0.8,15.2,19.9,53.8,34.2,3.0,30.9,18.0,0.7,0.6,0.8,0.28,1.1,1.92,1.1,2.0,1.7,16.0,0.5,0.8,0.9,0.9,5.3,9.7,5.3,2.0,9.1,16.0,0.5,0.8,0.9,5.67,5.67,5.67,5.67,1.0,0.0,10.0,0.0,1.0,0.8,28.9,28.9,28.9,28.9,1.0,0.0,10.0,0.0,1.0,0.8,-207.6,-100.3,-87.8,-146.6,3.0,96.5,18.0,0.7,0.6,0.8,70.5,97.7,132.5,101.4,3.0,45.5,18.0,0.7,0.6,0.8,-61.8,-61.0,-60.2,-61.0,2.0,1.7,16.0,0.5,0.6,0.8,41.5,53.6,65.6,53.6,2.0,25.0,16.0,0.5,0.6,0.8,-25.1,-25.1,-25.1,-25.1,1.0,0.0,10.0,0.0,1.0,0.8,14.5,14.5,14.5,14.5,1.0,0.0,10.0,0.0,1.0,0.8,132.5,132.5,1163.5,636.0,3.0,872.0,18.0,0.7,0.6,0.8,135.0,135.0,1165.0,635.0,3.0,870.0,18.0,0.7,0.6,0.8
1974,2,262.0,-8.0,25.0,25.0,25.68,25.33,3.0,0.58,10.0,0.3,0.5,0.6,24.32,24.9,25.37,24.88,5.0,0.74,16.0,0.2,0.5,0.7,15.43,16.47,18.35,16.87,4.0,1.87,14.0,0.3,0.5,0.7,80.5,87.0,94.2,87.3,4.0,8.9,14.0,0.3,0.7,3.1,4.6,6.23,4.82,5.0,2.09,16.0,0.2,0.5,0.7,-4.17,-2.55,-1.18,-2.78,5.0,2.17,16.0,0.2,0.5,0.7,2.92,3.52,4.73,3.79,5.0,1.05,16.0,0.2,0.5,0.7,1010.05,1012.0,1012.33,1011.32,5.0,1.49,16.0,0.2,0.5,0.7,2.6,7.0,8.0,5.6,5.0,2.9,16.0,0.2,0.5,0.7,-27.4,-13.0,-3.7,-16.9,5.0,20.0,16.0,0.2,0.5,0.7,9.0,16.2,30.1,19.9,5.0,14.2,16.0,0.2,0.5,0.7,0.66,1.0,1.0,0.83,3.0,0.29,10.0,0.3,0.5,0.6,3.1,3.1,3.8,3.4,3.0,0.6,10.0,0.3,0.5,0.6,3.08,4.11,5.27,4.17,3.0,1.61,10.0,0.3,0.5,0.6,14.4,18.0,20.2,17.3,3.0,4.3,10.0,0.3,0.5,0.6,-102.9,-66.3,-28.5,-68.9,5.0,53.2,16.0,0.2,0.5,0.7,72.0,87.7,120.1,94.5,5.0,26.9,16.0,0.2,0.5,0.7,-84.0,-40.8,-15.9,-49.5,4.0,44.2,14.0,0.3,0.5,0.7,44.1,57.3,80.1,61.9,4.0,22.5,14.0,0.3,0.5,0.7,-13.1,-6.4,-4.2,-8.6,3.0,6.9,10.0,0.3,0.5,0.6,11.9,13.7,16.5,14.1,3.0,3.4,10.0,0.3,0.5,0.6,30.0,97.5,285.5,168.0,5.0,219.0,16.0,0.2,0.5,0.7,30.0,95.0,285.0,170.0,5.0,220.0,16.0,0.2,0.5,0.7
1974,2,262.0,-7.0,23.83,23.9,23.97,23.9,2.0,0.14,10.0,1.0,0.7,0.4,24.93,25.65,26.37,25.65,2.0,1.48,10.0,1.0,0.7,0.4,15.25,15.46,15.67,15.46,2.0,0.43,10.0,1.0,0.7,0.4,73.2,75.3,77.4,75.3,2.0,4.3,10.0,1.0,0.4,5.67,6.9,8.13,6.9,2.0,2.55,10.0,1.0,0.7,0.4,-6.23,-5.29,-4.34,-5.29,2.0,1.95,10.0,1.0,0.7,0.4,3.65,4.44,5.23,4.44,2.0,1.64,10.0,1.0,0.7,0.4,1009.67,1011.1,1012.53,1011.1,2.0,2.97,10.0,1.0,0.7,0.4,4.6,6.0,7.4,6.0,2.0,2.8,10.0,1.0,0.7,0.4,-51.9,-39.0,-26.0,-39.0,2.0,26.9,10.0,1.0,0.7,0.4,21.8,32.7,43.6,32.7,2.0,22.6,10.0,1.0,0.7,0.4,-2.53,-1.75,-0.97,-1.75,2.0,1.63,10.0,1.0,0.7,0.4,-13.3,-10.0,-6.7,-10.0,2.0,6.8,10.0,1.0,0.7,0.4,2.76,3.07,3.38,3.07,2.0,0.64,10.0,1.0,0.7,0.4,16.1,22.0,27.9,22.0,2.0,12.3,10.0,1.0,0.7,0.4,-154.5,-134.1,-113.8,-134.1,2.0,42.2,10.0,1.0,0.7,0.4,95.5,112.5,129.6,112.5,2.0,35.4,10.0,1.0,0.7,0.4,-94.8,-81.3,-67.9,-81.3,2.0,27.9,10.0,1.0,0.7,0.4,56.9,68.2,79.5,68.2,2.0,23.4,10.0,1.0,0.7,0.4,-21.4,-16.9,-12.3,-16.9,2.0,9.4,10.0,1.0,0.7,0.4,10.4,14.2,18.0,14.2,2.0,7.9,10.0,1.0,0.7,0.4,216.0,395.5,575.0,395.5,2.0,372.0,10.0,1.0,0.7,0.4,215.0,395.0,575.0,395.0,2.0,370.0,10.0,1.0,0.7,0.4
1974,2,262.0,-6.0,23.8,23.8,23.8,23.8,1.0,0.0,10.0,0.0,0.4,0.1,24.5,24.5,24.5,24.5,1.0,0.0,10.0,0.0,0.4,0.1,17.64,17.64,17.64,17.64,1.0,0.0,10.0,0.0,0.4,0.1,91.9,91.9,91.9,91.9,1.0,0.0,10.0,0.0,0.1,4.6,4.6,4.6,4.6,1.0,0.0,10.0,0.0,0.4,0.1,-3.52,-3.52,-3.52,-3.52,1.0,0.0,10.0,0.0,0.4,0.1,2.96,2.96,2.96,2.96,1.0,0.0,10.0,0.0,0.4,0.1,1011.5,1011.5,1011.5,1011.5,1.0,0.0,10.0,0.0,0.4,0.1,4.0,4.0,4.0,4.0,1.0,0.0,10.0,0.0,0.4,0.1,-16.2,-16.2,-16.2,-16.2,1.0,0.0,10.0,0.0,0.4,0.1,13.6,13.6,13.6,13.6,1.0,0.0,10.0,0.0,0.4,0.1,-0.7,-0.7,-0.7,-0.7,1.0,0.0,10.0,0.0,0.4,0.1,-3.2,-3.2,-3.2,-3.2,1.0,0.0,10.0,0.0,0.4,0.1,0.77,0.77,0.77,0.77,1.0,0.0,10.0,0.0,0.4,0.1,3.5,3.5,3.5,3.5,1.0,0.0,10.0,0.0,0.4,0.1,-86.3,-86.3,-86.3,-86.3,1.0,0.0,10.0,0.0,0.4,0.1,72.4,72.4,72.4,72.4,1.0,0.0,10.0,0.0,0.4,0.1,-62.2,-62.2,-62.2,-62.2,1.0,0.0,10.0,0.0,0.4,0.1,52.2,52.2,52.2,52.2,1.0,0.0,10.0,0.0,0.4,0.1,-2.7,-2.7,-2.7,-2.7,1.0,0.0,10.0,0.0,0.4,0.1,2.3,2.3,2.3,2.3,1.0,0.0,10.0,0.0,0.4,0.1,97.5,97.5,97.5,97.5,1.0,0.0,10.0,0.0,0.4,0.1,95.0,95.0,95.0,95.0,1.0,0.0,10.0,0.0,0.4,0.1
1974,2,262.0,-3.0,24.5,24.5,24.5,24.5,1.0,0.0,22.0,0.0,1.0,1.0,25.4,25.4,25.4,25.4,1.0,0.0,22.0,0.0,1.0,1.0,18.63,18.63,18.63,18.63,1.0,0.0,22.0,0.0,1.0,1.0,92.0,92.0,92.0,92.0,1.0,0.0,22.0,0.0,1.0,4.1,4.1,4.1,4.1,1.0,0.0,22.0,0.0,1.0,1.0,-2.64,-2.64,-2.64,-2.64,1.0,0.0,22.0,0.0,1.0,1.0,3.14,3.14,3.14,3.14,1.0,0.0,22.0,0.0,1.0,1.0,1012.1,1012.1,1012.1,1012.1,1.0,0.0,22.0,0.0,1.0,1.0,1.0,1.0,1.0,1.0,1.0,0.0,22.0,0.0,1.0,1.0,-10.8,-10.8,-10.8,-10.8,1.0,0.0,22.0,0.0,1.0,1.0,12.9,12.9,12.9,12.9,1.0,0.0,22.0,0.0,1.0,1.0,-0.9,-0.9,-0.9,-0.9,1.0,0.0,22.0,0.0,1.0,1.0,-3.7,-3.7,-3.7,-3.7,1.0,0.0,22.0,0.0,1.0,1.0,0.57,0.57,0.57,0.57,1.0,0.0,22.0,0.0,1.0,1.0,2.4,2.4,2.4,2.4,1.0,0.0,22.0,0.0,1.0,1.0,-66.9,-66.9,-66.9,-66.9,1.0,0.0,22.0,0.0,1.0,1.0,79.8,79.8,79.8,79.8,1.0,0.0,22.0,0.0,1.0,1.0,-49.1,-49.1,-49.1,-49.1,1.0,0.0,22.0,0.0,1.0,1.0,58.5,58.5,58.5,58.5,1.0,0.0,22.0,0.0,1.0,1.0,-1.5,-1.5,-1.5,-1.5,1.0,0.0,22.0,0.0,1.0,1.0,1.8,1.8,1.8,1.8,1.0,0.0,22.0,0.0,1.0,1.0,69.0,69.0,69.0,69.0,1.0,0.0,22.0,0.0,1.0,1.0,70.0,70.0,70.0,70.0,1.0,0.0,22.0,0.0,1.0,1.0
1974,2,262.0,-2.0,26.1,26.1,26.1,26.1,1.0,0.0,24.0,0.0,1.0,0.6,26.1,26.1,26.1,26.1,1.0,0.0,24.0,0.0,1.0,0.6,17.54,17.54,17.54,17.54,1.0,0.0,24.0,0.0,1.0,0.6,83.1,83.1,83.1,83.1,1.0,0.0,24.0,0.0,0.6,1.0,1.0,1.0,1.0,1.0,0.0,24.0,0.0,1.0,0.6,-0.94,-0.94,-0.94,-0.94,1.0,0.0,24.0,0.0,1.0,0.6,0.34,0.34,0.34,0.34,1.0,0.0,24.0,0.0,1.0,0.6,1011.2,1011.2,1011.2,1011.2,1.0,0.0,24.0,0.0,1.0,0.6,2.0,2.0,2.0,2.0,1.0,0.0,24.0,0.0,1.0,0.6,-0.9,-0.9,-0.9,-0.9,1.0,0.0,24.0,0.0,1.0,0.6,0.3,0.3,0.3,0.3,1.0,0.0,24.0,0.0,1.0,0.6,0.0,0.0,0.0,0.0,1.0,0.0,24.0,0.0,1.0,0.6,0.0,0.0,0.0,0.0,1.0,0.0,24.0,0.0,1.0,0.6,3.63,3.63,3.63,3.63,1.0,0.0,24.0,0.0,1.0,0.6,3.6,3.6,3.6,3.6,1.0,0.0,24.0,0.0,1.0,0.6,-24.5,-24.5,-24.5,-24.5,1.0,0.0,24.0,0.0,1.0,0.6,8.9,8.9,8.9,8.9,1.0,0.0,24.0,0.0,1.0,0.6,-16.5,-16.5,-16.5,-16.5,1.0,0.0,24.0,0.0,1.0,0.6,6.0,6.0,6.0,6.0,1.0,0.0,24.0,0.0,1.0,0.6,-3.4,-3.4,-3.4,-3.4,1.0,0.0,24.0,0.0,1.0,0.6,1.2,1.2,1.2,1.2,1.0,0.0,24.0,0.0,1.0,0.6,1.0,1.0,1.0,1.0,1.0,0.0,24.0,0.0,1.0,0.6,0.0,0.0,0.0,0.0,1.0,0.0,24.0,0.0,1.0,0.6
1974,2,262.0,-1.0,23.23,23.5,23.77,23.5,2.0,0.57,14.0,0.5,0.6,0.5,24.11,24.35,24.59,24.35,2.0,0.49,14.0,0.5,0.6,0.5,15.8,16.83,17.86,16.83,2.0,2.13,14.0,0.5,0.6,0.5,84.2,88.2,92.3,88.2,2.0,8.4,14.0,0.5,0.5,0.49,1.55,2.61,1.55,2.0,2.19,14.0,0.5,0.6,0.5,-1.3,-0.77,-0.25,-0.77,2.0,1.1,14.0,0.5,0.6,0.5,0.43,1.34,2.26,1.34,2.0,1.9,14.0,0.5,0.6,0.5,1009.99,1010.4,1010.81,1010.4,2.0,0.85,14.0,0.5,0.6,0.5,0.5,1.5,2.5,1.5,2.0,2.1,14.0,0.5,0.6,0.5,-4.0,-2.4,-0.8,-2.4,2.0,3.4,14.0,0.5,0.6,0.5,1.3,4.2,7.0,4.2,2.0,5.9,14.0,0.5,0.6,0.5,-0.88,-0.85,-0.82,-0.85,2.0,0.07,14.0,0.5,0.6,0.5,-2.1,-1.2,-0.4,-1.2,2.0,1.8,14.0,0.5,0.6,0.5,0.56,1.28,2.0,1.28,2.0,1.49,14.0,0.5,0.6,0.5,0.1,0.3,0.6,0.3,2.0,0.5,14.0,0.5,0.6,0.5,-32.2,-19.1,-6.1,-19.1,2.0,27.1,14.0,0.5,0.6,0.5,10.5,33.2,55.8,33.2,2.0,46.9,14.0,0.5,0.6,0.5,-23.9,-14.2,-4.5,-14.2,2.0,20.1,14.0,0.5,0.6,0.5,7.8,24.6,41.4,24.6,2.0,34.8,14.0,0.5,0.6,0.5,-0.3,-0.2,-0.1,-0.2,2.0,0.2,14.0,0.5,0.6,0.5,0.1,0.3,0.5,0.3,2.0,0.4,14.0,0.5,0.6,0.5,4.5,15.0,25.0,15.0,2.0,21.0,14.0,0.5,0.6,0.5,5.0,15.0,25.0,15.0,2.0,20.0,14.0,0.5,0.6,0.5
1974,2,262.0,0.0,25.5,25.5,25.5,25.5,1.0,0.0,24.0,0.0,0.4,0.6,26.0,26.0,26.0,26.0,1.0,0.0,24.0,0.0,0.4,0.6,17.88,17.88,17.88,17.88,1.0,0.0,24.0,0.0,0.4,0.6,85.1,85.1,85.1,85.1,1.0,0.0,24.0,0.0,0.6,0.0,0.0,0.0,0.0,1.0,0.0,24.0,0.0,0.4,0.6,0.0,0.0,0.0,0.0,1.0,0.0,24.0,0.0,0.4,0.6,0.0,0.0,0.0,0.0,1.0,0.0,24.0,0.0,0.4,0.6,1010.7,1010.7,1010.7,1010.7,1.0,0.0,24.0,0.0,0.4,0.6,0.0,0.0,0.0,0.0,1.0,0.0,24.0,0.0,0.4,0.6,0.0,0.0,0.0,0.0,1.0,0.0,24.0,0.0,0.4,0.6,0.0,0.0,0.0,0.0,1.0,0.0,24.0,0.0,0.4,0.6,-0.5,-0.5,-0.5,-0.5,1.0,0.0,24.0,0.0,0.4,0.6,0.0,0.0,0.0,0.0,1.0,0.0,24.0,0.0,0.4,0.6,2.55,2.55,2.55,2.55,1.0,0.0,24.0,0.0,0.4,0.6,0.0,0.0,0.0,0.0,1.0,0.0,24.0,0.0,0.4,0.6,0.0,0.0,0.0,0.0,1.0,0.0,24.0,0.0,0.4,0.6,0.0,0.0,0.0,0.0,1.0,0.0,24.0,0.0,0.4,0.6,0.0,0.0,0.0,0.0,1.0,0.0,24.0,0.0,0.4,0.6,0.0,0.0,0.0,0.0,1.0,0.0,24.0,0.0,0.4,0.6,0.0,0.0,0.0,0.0,1.0,0.0,24.0,0.0,0.4,0.6,0.0,0.0,0.0,0.0,1.0,0.0,24.0,0.0,0.4,0.6,0.0,0.0,0.0,0.0,1.0,0.0,24.0,0.0,0.4,0.6,0.0,0.0,0.0,0.0,1.0,0.0,24.0,0.0,0.4,0.6
1974,2,262.0,1.0,24.44,25.4,25.88,25.17,3.0,1.07,14.0,0.3,0.6,0.2,25.13,25.4,26.08,25.6,3.0,0.72,14.0,0.3,0.6,0.2,15.18,16.79,16.94,16.08,3.0,1.43,14.0,0.3,0.6,0.2,74.9,78.2,82.2,78.5,3.0,5.3,14.0,0.3,0.2,1.83,2.55,3.27,2.55,2.0,1.48,12.0,0.5,0.8,0.0,0.73,0.96,1.19,0.96,2.0,0.48,12.0,0.5,0.8,0.0,1.19,2.15,3.1,2.15,2.0,1.98,12.0,0.5,0.8,0.0,1011.28,1012.1,1013.53,1012.4,3.0,1.67,14.0,0.3,0.6,0.2,2.0,2.0,6.1,4.0,3.0,3.5,14.0,0.3,0.6,0.2,2.0,2.1,2.2,2.1,2.0,0.2,12.0,0.5,0.8,0.0,3.0,6.9,10.9,6.9,2.0,8.2,12.0,0.5,0.8,0.0,-0.78,-0.3,-0.1,-0.43,3.0,0.51,14.0,0.3,0.6,0.2,-3.0,-1.8,-0.6,-1.8,2.0,2.5,12.0,0.5,0.8,0.0,3.56,4.15,4.29,3.93,3.0,0.57,14.0,0.3,0.6,0.2,6.5,9.9,13.4,9.9,2.0,7.1,12.0,0.5,0.8,0.0,18.4,24.3,30.2,24.3,2.0,12.3,12.0,0.5,0.8,0.0,30.1,53.8,77.6,53.8,2.0,49.2,12.0,0.5,0.8,0.0,11.1,15.6,20.0,15.6,2.0,9.2,12.0,0.5,0.8,0.0,18.9,32.0,45.1,32.0,2.0,27.2,12.0,0.5,0.8,0.0,2.9,3.4,4.0,3.4,2.0,1.2,12.0,0.5,0.8,0.0,4.4,8.6,12.8,8.6,2.0,8.7,12.0,0.5,0.8,0.0,10.0,25.0,40.0,25.0,2.0,30.5,12.0,0.5,0.8,0.0,10.0,25.0,40.0,25.0,2.0,30.0,12.0,0.5,0.8,0.0
1974,2,262.0,2.0,25.14,26.3,27.32,26.23,3.0,1.6,18.0,1.0,0.2,0.6,24.44,25.6,26.42,25.43,3.0,1.46,18.0,1.0,0.2,0.6,16.62,18.68,19.03,17.84,3.0,1.9,18.0,1.0,0.2,0.6,85.6,87.2,89.7,87.7,3.0,3.0,18.0,1.0,0.6,2.26,2.6,3.97,3.1,3.0,1.32,18.0,1.0,0.2,0.6,-1.65,-1.61,2.44,0.35,3.0,3.44,18.0,1.0,0.2,0.6,1.42,1.57,1.86,1.64,3.0,0.33,18.0,1.0,0.2,0.6,1010.44,1013.1,1013.37,1011.93,3.0,2.38,18.0,1.0,0.2,0.6,3.6,5.0,6.4,5.0,3.0,2.0,18.0,1.0,0.2,0.6,-4.0,-3.4,12.5,4.1,3.0,13.7,18.0,1.0,0.2,0.6,3.6,5.2,6.6,5.1,3.0,2.2,18.0,1.0,0.2,0.6,-0.12,0.7,1.72,0.8,3.0,1.35,18.0,1.0,0.2,0.6,0.3,3.2,4.9,2.6,3.0,3.4,18.0,1.0,0.2,0.6,2.65,3.63,4.42,3.54,3.0,1.3,18.0,1.0,0.2,0.6,7.1,12.5,15.3,11.3,3.0,6.1,18.0,1.0,0.2,0.6,-43.0,-42.8,56.9,5.8,3.0,84.4,18.0,1.0,0.2,0.6,36.6,37.6,46.7,41.6,3.0,8.2,18.0,1.0,0.2,0.6,-31.1,-30.9,36.4,1.9,3.0,57.0,18.0,1.0,0.2,0.6,25.0,25.9,33.6,29.3,3.0,6.9,18.0,1.0,0.2,0.6,-6.6,-3.5,9.6,1.4,3.0,12.6,18.0,1.0,0.2,0.6,3.8,5.7,8.3,6.1,3.0,3.3,18.0,1.0,0.2,0.6,12.0,17.5,72.0,41.5,3.0,48.5,18.0,1.0,0.2,0.6,10.0,20.0,70.0,40.0,3.0,50.0,18.0,1.0,0.2,0.6
1974,2,262.0,4.0,27.8,27.8,27.8,27.8,1.0,0.0,22.0,0.0,1.0,0.3,24.7,24.7,24.7,24.7,1.0,0.0,22.0,0.0,1.0,0.3,17.35,17.35,17.35,17.35,1.0,0.0,22.0,0.0,1.0,0.3,89.2,89.2,89.2,89.2,1.0,0.0,22.0,0.0,0.3,6.2,6.2,6.2,6.2,1.0,0.0,22.0,0.0,1.0,0.3,-4.75,-4.75,-4.75,-4.75,1.0,0.0,22.0,0.0,1.0,0.3,-3.99,-3.99,-3.99,-3.99,1.0,0.0,22.0,0.0,1.0,0.3,1010.1,1010.1,1010.1,1010.1,1.0,0.0,22.0,0.0,1.0,0.3,8.0,8.0,8.0,8.0,1.0,0.0,22.0,0.0,1.0,0.3,-29.4,-29.4,-29.4,-29.4,1.0,0.0,22.0,0.0,1.0,0.3,-24.7,-24.7,-24.7,-24.7,1.0,0.0,22.0,0.0,1.0,0.3,3.1,3.1,3.1,3.1,1.0,0.0,22.0,0.0,1.0,0.3,19.2,19.2,19.2,19.2,1.0,0.0,22.0,0.0,1.0,0.3,6.11,6.11,6.11,6.11,1.0,0.0,22.0,0.0,1.0,0.3,37.9,37.9,37.9,37.9,1.0,0.0,22.0,0.0,1.0,0.3,-117.3,-117.3,-117.3,-117.3,1.0,0.0,22.0,0.0,1.0,0.3,-98.4,-98.4,-98.4,-98.4,1.0,0.0,22.0,0.0,1.0,0.3,-82.4,-82.4,-82.4,-82.4,1.0,0.0,22.0,0.0,1.0,0.3,-69.1,-69.1,-69.1,-69.1,1.0,0.0,22.0,0.0,1.0,0.3,-29.0,-29.0,-29.0,-29.0,1.0,0.0,22.0,0.0,1.0,0.3,-24.3,-24.3,-24.3,-24.3,1.0,0.0,22.0,0.0,1.0,0.3,238.5,238.5,238.5,238.5,1.0,0.0,22.0,0.0,1.0,0.3,240.0,240.0,240.0,240.0,1.0,0.0,22.0,0.0,1.0,0.3
1974,2,262.0,5.0,26.66,27.0,27.14,26.9,3.0,0.36,26.0,0.3,0.6,0.4,25.19,25.6,26.01,25.6,3.0,0.6,26.0,0.3,0.6,0.4,15.28,15.34,17.06,16.15,3.0,1.48,26.0,0.3,0.6,0.4,73.6,77.5,84.1,78.8,3.0,7.8,26.0,0.3,0.4,7.36,7.7,9.82,8.57,3.0,1.95,26.0,0.3,0.6,0.4,-8.83,-7.7,-7.06,-7.94,3.0,1.31,26.0,0.3,0.6,0.4,-4.47,-2.46,-0.78,-2.62,3.0,2.7,26.0,0.3,0.6,0.4,1009.16,1009.5,1011.14,1010.13,3.0,1.55,26.0,0.3,0.6,0.4,1.3,2.0,4.0,2.7,3.0,2.1,26.0,0.3,0.6,0.4,-87.8,-59.3,-52.1,-69.7,3.0,27.7,26.0,0.3,0.6,0.4,-45.4,-17.7,-5.6,-25.4,3.0,29.9,26.0,0.3,0.6,0.4,0.71,1.6,1.87,1.3,3.0,0.89,26.0,0.3,0.6,0.4,5.9,11.5,14.2,10.1,3.0,6.2,26.0,0.3,0.6,0.4,5.29,6.48,6.86,6.08,3.0,1.2,26.0,0.3,0.6,0.4,40.5,54.2,64.9,52.7,3.0,18.0,26.0,0.3,0.6,0.4,-228.4,-192.5,-179.3,-203.6,3.0,37.2,26.0,0.3,0.6,0.4,-116.6,-63.0,-20.0,-68.2,3.0,70.9,26.0,0.3,0.6,0.4,-135.7,-120.8,-119.0,-127.2,3.0,13.5,26.0,0.3,0.6,0.4,-70.2,-44.0,-14.0,-42.1,3.0,41.2,26.0,0.3,0.6,0.4,-58.5,-54.2,-39.1,-48.9,3.0,15.0,26.0,0.3,0.6,0.4,-27.6,-11.7,-3.7,-15.5,3.0,17.8,26.0,0.3,0.6,0.4,399.5,456.5,1005.0,696.5,3.0,489.5,26.0,0.3,0.6,0.4,400.0,455.0,1005.0,695.0,3.0,490.0,26.0,0.3,0.6,0.4
1974,2,262.0,6.0,26.39,26.95,27.62,27.0,4.0,0.8,16.0,0.5,0.8,0.4,24.52,26.7,26.77,25.67,3.0,1.88,18.0,0.3,0.8,0.6,16.07,16.47,16.48,16.28,3.0,0.34,18.0,0.3,0.8,0.6,75.1,75.4,84.0,79.5,3.0,7.4,18.0,0.3,0.6,5.84,8.75,11.35,8.6,4.0,3.39,16.0,0.5,0.8,0.4,-10.19,-8.22,-5.07,-7.66,4.0,3.21,16.0,0.5,0.8,0.4,-4.9,-3.24,-2.7,-3.77,4.0,1.64,16.0,0.5,0.8,0.4,1012.2,1012.2,1012.75,1012.47,3.0,0.46,18.0,0.3,0.8,0.6,2.5,4.0,5.5,4.0,4.0,1.8,16.0,0.5,0.8,0.4,-116.1,-74.2,-31.7,-73.9,4.0,51.3,16.0,0.5,0.8,0.4,-56.9,-27.0,-15.6,-35.8,4.0,28.3,16.0,0.5,0.8,0.4,-0.48,0.0,3.07,1.27,3.0,2.82,18.0,0.3,0.8,0.6,-4.9,0.0,14.1,4.5,3.0,14.5,18.0,0.3,0.8,0.6,4.91,5.44,7.05,5.97,3.0,1.63,18.0,0.3,0.8,0.6,39.8,48.1,60.9,50.3,3.0,15.6,18.0,0.3,0.8,0.6,-276.5,-259.4,-138.9,-208.9,3.0,109.9,18.0,0.3,0.8,0.6,-142.1,-94.4,-77.4,-109.4,3.0,49.1,18.0,0.3,0.8,0.6,-170.4,-159.5,-88.8,-130.3,3.0,64.9,18.0,0.3,0.8,0.6,-87.6,-58.1,-50.5,-68.8,3.0,28.7,18.0,0.3,0.8,0.6,-53.9,-45.2,-33.1,-43.5,3.0,15.3,18.0,0.3,0.8,0.6,-30.1,-23.1,-18.5,-24.3,3.0,8.6,18.0,0.3,0.8,0.6,228.5,733.0,1495.0,856.0,4.0,790.5,16.0,0.5,0.8,0.4,230.0,735.0,1495.0,855.0,4.0,790.0,16.0,0.5,0.8,0.4
1974,2,262.0,7.0,26.42,26.7,27.28,26.88,5.0,0.83,10.0,0.6,0.6,0.3,25.38,26.7,28.33,26.84,5.0,1.62,10.0,0.6,0.6,0.3,16.37,16.55,16.73,16.55,2.0,0.37,6.0,0.0,0.6,0.4,82.1,82.2,82.4,82.2,2.0,0.3,6.0,0.0,0.4,1.5,3.6,8.11,4.75,4.0,4.2,12.0,0.8,0.5,0.3,-6.02,-2.68,0.0,-2.99,4.0,3.5,12.0,0.8,0.5,0.3,-5.06,-1.72,-1.5,-3.21,4.0,3.13,12.0,0.8,0.5,0.3,1010.2,1010.2,1011.06,1010.58,5.0,0.58,10.0,0.6,0.6,0.3,2.0,2.0,4.2,3.2,5.0,2.7,10.0,0.6,0.6,0.3,-50.3,-15.3,0.0,-24.7,4.0,32.4,12.0,0.8,0.5,0.3,-47.9,-6.7,-2.2,-24.2,4.0,38.3,12.0,0.8,0.5,0.3,-1.69,-0.6,2.07,0.04,5.0,2.08,10.0,0.6,0.6,0.3,-4.8,-2.7,7.1,1.0,4.0,9.8,12.0,0.8,0.5,0.3,5.91,6.49,7.06,6.49,2.0,1.19,6.0,0.0,0.6,0.4,41.8,41.8,41.8,41.8,1.0,0.0,4.0,0.0,0.3,0.4,-157.9,-68.6,0.0,-78.5,4.0,92.0,12.0,0.8,0.5,0.3,-134.1,-46.6,-42.6,-86.5,4.0,82.9,12.0,0.8,0.5,0.3,-90.0,-90.0,-90.0,-90.0,1.0,0.0,4.0,0.0,0.3,0.4,-32.8,-32.8,-32.8,-32.8,1.0,0.0,4.0,0.0,0.3,0.4,-39.3,-39.3,-39.3,-39.3,1.0,0.0,4.0,0.0,0.3,0.4,-14.3,-14.3,-14.3,-14.3,1.0,0.0,4.0,0.0,0.3,0.4,3.5,94.5,660.5,321.0,4.0,521.5,12.0,0.8,0.5,0.3,5.0,95.0,660.0,320.0,4.0,520.0,12.0,0.8,0.5,0.3
1974,2,262.0,9.0,26.56,27.0,27.5,27.03,11.0,0.51,16.0,0.8,0.7,0.4,26.58,27.2,29.65,27.69,11.0,1.49,16.0,0.8,0.7,0.4,16.47,16.79,18.38,17.62,6.0,2.04,14.0,0.7,0.6,0.5,73.5,76.6,84.3,78.3,6.0,8.9,14.0,0.7,0.5,2.89,5.1,6.82,4.91,11.0,2.34,16.0,0.8,0.7,0.4,-5.98,-4.04,-2.14,-4.11,11.0,2.27,16.0,0.8,0.7,0.4,-3.57,-2.63,-0.85,-2.35,11.0,1.45,16.0,0.8,0.7,0.4,1010.2,1011.8,1012.32,1011.53,11.0,1.63,16.0,0.8,0.7,0.4,2.0,2.0,6.0,3.2,11.0,2.2,16.0,0.8,0.7,0.4,-40.3,-19.9,-6.0,-24.9,11.0,22.6,16.0,0.8,0.7,0.4,-22.1,-12.9,-2.1,-13.5,11.0,12.9,16.0,0.8,0.7,0.4,-2.35,0.0,0.42,-0.66,11.0,1.56,16.0,0.8,0.7,0.4,-11.6,0.0,1.9,-3.9,11.0,10.0,16.0,0.8,0.7,0.4,3.42,5.37,5.85,4.57,6.0,2.03,14.0,0.7,0.6,0.5,11.1,27.2,32.2,22.4,6.0,12.8,14.0,0.7,0.6,0.5,-176.6,-108.2,-57.1,-114.8,11.0,66.1,16.0,0.8,0.7,0.4,-98.1,-79.0,-23.2,-65.5,11.0,40.4,16.0,0.8,0.7,0.4,-88.1,-66.7,-31.0,-63.8,6.0,40.2,14.0,0.7,0.6,0.5,-57.2,-33.8,-18.7,-36.7,6.0,21.7,14.0,0.7,0.6,0.5,-26.6,-23.6,-9.5,-19.2,6.0,11.0,14.0,0.7,0.6,0.5,-19.5,-8.9,-3.6,-10.6,6.0,8.3,14.0,0.7,0.6,0.5,24.5,132.5,328.5,194.0,11.0,240.5,16.0,0.8,0.7,0.4,25.0,135.0,330.0,195.0,11.0,240.0,16.0,0.8,0.7,0.4
1974,2,262.0,10.0,27.0,27.15,27.79,27.23,8.0,0.63,24.0,0.5,0.7,0.6,25.6,26.75,27.89,26.48,8.0,1.46,24.0,0.5,0.7,0.6,15.31,16.59,18.26,16.73,5.0,1.78,24.0,0.8,0.6,0.6,72.4,74.6,85.9,78.2,5.0,7.5,24.0,0.8,0.6,3.55,7.7,8.11,6.84,7.0,2.73,24.0,0.4,0.7,0.6,-7.68,-6.93,-1.96,-5.94,7.0,3.11,24.0,0.4,0.7,0.6,-4.0,-3.38,-1.66,-2.94,7.0,1.08,24.0,0.4,0.7,0.6,1010.21,1010.9,1013.28,1011.53,8.0,1.88,24.0,0.5,0.7,0.6,0.1,2.5,3.9,2.1,8.0,1.6,24.0,0.5,0.7,0.6,-60.4,-55.4,-5.1,-47.8,7.0,33.4,24.0,0.4,0.7,0.6,-32.2,-20.3,-10.0,-21.1,7.0,12.6,24.0,0.4,0.7,0.6,-0.27,0.65,2.06,0.75,8.0,1.64,24.0,0.5,0.7,0.6,-3.1,0.0,11.7,1.8,7.0,10.4,24.0,0.4,0.7,0.6,4.31,5.74,8.01,6.07,5.0,2.18,24.0,0.8,0.6,0.6,22.5,42.5,64.1,43.2,4.0,24.2,24.0,0.8,0.6,0.7,-207.4,-194.0,-51.7,-160.5,7.0,85.6,24.0,0.4,0.7,0.6,-112.1,-80.5,-43.9,-78.4,7.0,30.8,24.0,0.4,0.7,0.6,-152.8,-124.1,-66.1,-110.1,4.0,57.5,24.0,0.8,0.6,0.7,-48.7,-32.2,-25.9,-37.1,4.0,15.3,24.0,0.8,0.6,0.7,-60.2,-40.5,-19.9,-40.1,4.0,23.7,24.0,0.8,0.6,0.7,-21.9,-16.4,-8.3,-15.2,4.0,8.5,24.0,0.8,0.6,0.7,45.5,456.5,540.0,442.0,7.0,358.5,24.0,0.4,0.7,0.6,45.0,455.0,540.0,440.0,7.0,360.0,24.0,0.4,0.7,0.6
1974,2,262.0,11.0,26.1,26.7,28.0,27.05,17.0,0.96,16.0,0.8,0.5,0.4,25.99,27.25,28.69,27.29,18.0,1.55,16.0,0.8,0.6,0.4,16.81,17.52,18.26,17.37,8.0,1.45,14.0,0.8,0.6,0.4,74.5,83.1,85.6,81.0,9.0,5.9,14.0,0.7,0.5,2.29,5.65,10.3,6.39,16.0,4.3,16.0,0.8,0.5,0.4,-7.02,-3.52,-0.27,-4.03,16.0,3.58,16.0,0.8,0.5,0.4,-7.9,-2.76,-0.48,-3.94,16.0,3.93,16.0,0.8,0.5,0.4,1010.35,1013.0,1015.42,1013.02,17.0,2.25,16.0,0.8,0.5,0.4,0.0,1.5,3.0,1.4,18.0,1.5,16.0,0.8,0.6,0.4,-66.7,-25.7,-0.6,-38.2,16.0,44.0,16.0,0.8,0.5,0.4,-91.9,-11.8,-0.8,-38.7,16.0,43.1,16.0,0.8,0.5,0.4,-1.95,-0.3,1.09,-0.38,17.0,1.83,16.0,0.8,0.5,0.4,-16.6,-0.9,4.7,-2.3,15.0,14.8,16.0,0.8,0.5,0.4,3.14,5.17,7.34,5.5,8.0,2.16,14.0,0.8,0.6,0.4,12.7,35.2,65.2,37.9,7.0,32.5,14.0,0.7,0.5,0.4,-193.8,-98.6,-7.6,-109.3,16.0,95.0,16.0,0.8,0.5,0.4,-218.3,-80.7,-13.3,-109.1,16.0,108.5,16.0,0.8,0.5,0.4,-166.1,-116.3,-32.5,-99.1,7.0,69.4,14.0,0.7,0.5,0.4,-138.1,-38.7,-20.0,-67.2,7.0,61.1,14.0,0.7,0.5,0.4,-42.9,-27.0,-9.6,-30.5,7.0,27.4,14.0,0.7,0.5,0.4,-48.3,-8.4,-5.3,-19.7,7.0,21.0,14.0,0.7,0.5,0.4,12.5,221.0,1092.5,600.0,16.0,710.5,16.0,0.8,0.5,0.4,10.0,220.0,1095.0,600.0,16.0,710.0,16.0,0.8,0.5,0.4
1974,2,262.0,12.0,26.1,27.0,28.25,27.2,11.0,0.98,18.0,0.6,0.6,0.4,24.66,27.5,30.63,27.52,10.0,2.66,18.0,0.6,0.6,0.3,13.51,14.55,19.07,15.98,5.0,3.16,18.0,0.2,0.6,0.3,69.5,76.0,81.4,75.7,5.0,7.0,18.0,0.2,0.3,2.05,3.1,12.9,5.97,7.0,5.11,14.0,0.9,0.5,0.3,-8.29,-2.44,0.56,-3.35,7.0,3.86,14.0,0.9,0.5,0.3,-9.88,-3.05,-0.85,-4.4,7.0,4.14,14.0,0.9,0.5,0.3,1010.68,1011.9,1012.61,1011.51,11.0,1.31,18.0,0.6,0.6,0.4,0.0,1.0,3.7,1.6,11.0,2.3,18.0,0.6,0.6,0.4,-107.0,-6.4,1.0,-36.3,7.0,49.7,14.0,0.9,0.5,0.3,-127.5,-9.5,-2.2,-44.3,7.0,58.4,14.0,0.9,0.5,0.3,-2.5,-1.4,1.96,-0.38,10.0,2.46,18.0,0.6,0.6,0.3,-25.3,-5.9,0.7,-9.3,6.0,14.8,16.0,0.8,0.6,0.2,4.15,7.72,8.84,6.59,5.0,2.88,18.0,0.2,0.6,0.3,11.7,22.4,33.1,22.4,2.0,22.2,12.0,0.5,0.5,0.3,-232.7,-79.5,19.2,-96.4,6.0,119.0,16.0,0.8,0.6,0.2,-277.3,-118.9,-34.5,-139.6,6.0,117.9,16.0,0.8,0.6,0.2,-70.0,-37.2,-4.4,-37.2,2.0,68.0,12.0,0.5,0.5,0.3,-95.3,-81.6,-68.0,-81.6,2.0,28.3,12.0,0.5,0.5,0.3,-20.4,-11.7,-2.9,-11.7,2.0,18.1,12.0,0.5,0.5,0.3,-25.6,-17.9,-10.2,-17.9,2.0,15.9,12.0,0.5,0.5,0.3,9.0,30.0,2146.5,675.0,7.0,1014.0,14.0,0.9,0.5,0.3,10.0,30.0,2145.0,675.0,7.0,1015.0,14.0,0.9,0.5,0.3
1974,2,262.0,13.0,26.92,27.65,28.05,27.56,12.0,0.76,10.0,0.6,0.5,0.4,25.57,27.0,28.05,27.05,13.0,1.63,10.0,0.5,0.5,0.4,15.51,16.82,18.98,17.13,10.0,1.65,12.0,0.6,0.5,0.4,72.1,76.1,78.5,76.9,10.0,6.2,12.0,0.6,0.4,0.75,2.85,6.95,3.55,12.0,2.85,10.0,0.5,0.5,0.4,-5.63,-2.03,0.67,-1.88,12.0,3.59,10.0,0.5,0.5,0.4,-3.38,-0.76,0.09,-1.39,12.0,1.75,10.0,0.5,0.5,0.4,1010.39,1011.9,1012.6,1011.81,13.0,1.33,10.0,0.5,0.5,0.4,0.0,1.0,3.1,1.7,13.0,1.8,10.0,0.5,0.5,0.4,-39.8,-4.5,2.7,-11.6,12.0,25.2,10.0,0.5,0.5,0.4,-22.5,-2.2,0.1,-9.0,12.0,12.3,10.0,0.5,0.5,0.4,-1.63,0.85,2.15,0.43,12.0,1.84,10.0,0.6,0.5,0.4,-9.9,1.1,7.2,-0.9,11.0,10.0,10.0,0.5,0.5,0.4,4.25,6.83,7.58,6.03,10.0,1.71,12.0,0.6,0.5,0.4,8.2,20.6,31.3,19.2,9.0,11.7,10.0,0.6,0.5,0.4,-151.0,-52.3,18.8,-52.2,12.0,103.0,10.0,0.5,0.5,0.4,-94.1,-19.1,2.3,-38.6,12.0,48.7,10.0,0.5,0.5,0.4,-84.6,-39.7,33.8,-28.0,9.0,69.9,10.0,0.6,0.5,0.4,-54.3,-16.3,4.0,-25.8,9.0,31.8,10.0,0.6,0.5,0.4,-22.5,-11.3,6.7,-8.0,9.0,19.4,10.0,0.6,0.5,0.4,-11.4,-8.2,1.5,-6.6,9.0,7.3,10.0,0.6,0.5,0.4,0.5,23.5,340.5,131.5,12.0,195.0,10.0,0.5,0.5,0.4,0.0,25.0,340.0,130.0,12.0,195.0,10.0,0.5,0.5,0.4
1974,2,262.0,14.0,27.6,28.3,28.91,28.03,13.0,1.14,14.0,0.8,0.7,0.4,26.27,29.0,30.0,28.33,16.0,1.78,14.0,0.8,0.7,0.5,15.6,16.75,18.3,16.81,15.0,1.54,14.0,0.8,0.7,0.5,63.9,69.4,78.0,70.2,15.0,6.5,14.0,0.8,0.5,0.0,2.6,6.09,2.92,15.0,2.81,14.0,0.8,0.7,0.5,-1.9,0.0,3.67,0.45,15.0,3.95,14.0,0.8,0.7,0.5,-0.75,0.0,0.35,-0.19,15.0,1.07,14.0,0.8,0.7,0.5,1011.65,1013.0,1014.32,1012.76,16.0,1.8,14.0,0.8,0.7,0.5,0.0,2.0,3.0,1.8,16.0,1.8,14.0,0.8,0.7,0.5,-4.9,0.0,15.7,-0.8,15.0,26.8,14.0,0.8,0.7,0.5,-1.9,0.0,0.9,-0.3,15.0,5.0,14.0,0.8,0.7,0.5,-1.46,0.0,2.26,-0.3,13.0,2.43,14.0,0.8,0.7,0.4,-3.7,0.0,4.8,0.7,12.0,10.9,14.0,0.8,0.7,0.5,3.86,7.21,8.41,7.01,13.0,2.34,14.0,0.8,0.7,0.4,0.0,20.0,37.8,21.1,12.0,25.4,14.0,0.8,0.7,0.5,-57.0,0.0,102.0,15.8,15.0,108.5,14.0,0.8,0.7,0.5,-22.5,0.0,9.1,-5.4,15.0,30.9,14.0,0.8,0.7,0.5,-38.4,0.0,64.3,8.8,14.0,68.0,14.0,0.8,0.7,0.5,-14.2,0.0,0.0,-3.8,14.0,20.3,14.0,0.8,0.7,0.5,-28.0,0.0,20.2,-5.9,12.0,32.2,14.0,0.8,0.7,0.5,-9.4,0.0,0.0,-2.6,12.0,7.1,14.0,0.8,0.7,0.5,0.0,17.5,226.5,100.0,15.0,177.5,14.0,0.8,0.7,0.5,0.0,20.0,225.0,100.0,15.0,180.0,14.0,0.8,0.7,0.5
1974,2,262.0,15.0,26.0,27.7,28.9,27.32,51.0,1.51,14.0,0.6,0.5,0.4,25.6,27.0,28.65,27.15,54.0,1.51,14.0,0.6,0.5,0.4,15.95,16.83,18.08,17.12,44.0,1.54,14.0,0.5,0.5,0.4,70.5,77.7,85.1,77.4,44.0,7.6,14.0,0.5,0.4,0.0,2.6,4.1,2.41,53.0,2.17,14.0,0.6,0.5,0.4,0.0,0.89,3.48,1.34,53.0,2.39,14.0,0.6,0.5,0.4,-1.92,0.0,0.79,-0.32,53.0,1.72,14.0,0.6,0.5,0.4,1010.5,1013.2,1015.0,1012.72,55.0,2.25,14.0,0.6,0.5,0.4,0.0,1.0,2.0,1.2,54.0,1.4,14.0,0.6,0.5,0.4,0.0,1.5,16.4,6.4,53.0,14.7,14.0,0.6,0.5,0.4,-5.6,0.0,1.8,-1.7,53.0,8.1,14.0,0.6,0.5,0.4,-1.41,0.7,2.0,0.2,51.0,1.96,14.0,0.6,0.5,0.4,-5.1,0.0,4.3,-0.3,49.0,5.1,14.0,0.6,0.5,0.4,2.93,6.1,8.06,5.5,44.0,2.5,14.0,0.5,0.5,0.4,0.0,7.1,21.5,10.4,42.0,11.0,14.0,0.5,0.5,0.4,0.0,24.3,92.7,36.6,52.0,66.6,14.0,0.6,0.5,0.4,-49.3,0.0,23.2,-8.1,52.0,47.4,14.0,0.6,0.5,0.4,0.0,13.5,61.1,22.0,42.0,38.0,14.0,0.5,0.5,0.4,-32.4,0.0,10.9,-5.8,42.0,25.8,14.0,0.5,0.5,0.4,0.0,4.5,15.8,5.9,42.0,10.9,14.0,0.5,0.5,0.4,-11.0,0.0,2.7,-2.1,42.0,8.5,14.0,0.5,0.5,0.4,0.0,17.5,69.0,54.0,53.0,111.0,14.0,0.6,0.5,0.4,0.0,20.0,70.0,55.0,53.0,110.0,14.0,0.6,0.5,0.4
1974,2,262.0,20.0,25.0,25.0,25.0,25.0,1.0,0.0,4.0,1.0,0.8,0.9,23.0,23.0,23.0,23.0,1.0,0.0,4.0,1.0,0.8,0.9,15.51,15.51,15.51,15.51,1.0,0.0,4.0,1.0,0.8,0.9,88.5,88.5,88.5,88.5,1.0,0.0,4.0,1.0,0.9,2.6,2.6,2.6,2.6,1.0,0.0,4.0,1.0,0.8,0.9,0.45,0.45,0.45,0.45,1.0,0.0,4.0,1.0,0.8,0.9,-2.56,-2.56,-2.56,-2.56,1.0,0.0,4.0,1.0,0.8,0.9,1011.0,1011.0,1011.0,1011.0,1.0,0.0,4.0,1.0,0.8,0.9,8.0,8.0,8.0,8.0,1.0,0.0,4.0,1.0,0.8,0.9,1.2,1.2,1.2,1.2,1.0,0.0,4.0,1.0,0.8,0.9,-6.7,-6.7,-6.7,-6.7,1.0,0.0,4.0,1.0,0.8,0.9,2.0,2.0,2.0,2.0,1.0,0.0,4.0,1.0,0.8,0.9,5.2,5.2,5.2,5.2,1.0,0.0,4.0,1.0,0.8,0.9,4.31,4.31,4.31,4.31,1.0,0.0,4.0,1.0,0.8,0.9,11.2,11.2,11.2,11.2,1.0,0.0,4.0,1.0,0.8,0.9,10.4,10.4,10.4,10.4,1.0,0.0,4.0,1.0,0.8,0.9,-58.9,-58.9,-58.9,-58.9,1.0,0.0,4.0,1.0,0.8,0.9,7.0,7.0,7.0,7.0,1.0,0.0,4.0,1.0,0.8,0.9,-39.7,-39.7,-39.7,-39.7,1.0,0.0,4.0,1.0,0.8,0.9,1.9,1.9,1.9,1.9,1.0,0.0,4.0,1.0,0.8,0.9,-11.0,-11.0,-11.0,-11.0,1.0,0.0,4.0,1.0,0.8,0.9,17.5,17.5,17.5,17.5,1.0,0.0,4.0,1.0,0.8,0.9,20.0,20.0,20.0,20.0,1.0,0.0,4.0,1.0,0.8,0.9
1974,2,262.0,21.0,18.14,18.65,21.62,19.83,4.0,2.81,12.0,0.5,1.0,0.4,18.24,20.75,22.31,20.3,4.0,2.52,12.0,0.5,1.0,0.4,8.72,9.11,12.23,10.44,3.0,2.82,10.0,0.3,0.9,0.5,67.2,71.5,79.4,73.2,3.0,9.1,10.0,0.3,0.5,7.06,8.65,15.48,11.15,4.0,6.75,12.0,0.5,1.0,0.4,-2.33,-0.16,2.43,0.04,4.0,2.98,12.0,0.5,1.0,0.4,-14.64,-6.99,1.67,-6.51,4.0,12.09,12.0,0.5,1.0,0.4,1012.81,1016.75,1022.05,1017.4,4.0,5.96,12.0,0.5,1.0,0.4,5.0,7.0,8.0,6.5,4.0,1.9,12.0,0.5,1.0,0.4,-20.8,-2.2,43.7,10.8,4.0,46.7,12.0,0.5,1.0,0.4,-259.7,-50.4,24.6,-114.5,4.0,224.9,12.0,0.5,1.0,0.4,-2.67,0.1,1.66,-0.47,4.0,2.71,12.0,0.5,1.0,0.4,-23.0,1.9,26.3,1.7,4.0,32.5,12.0,0.5,1.0,0.4,0.66,3.88,4.62,2.67,3.0,3.09,10.0,0.3,0.9,0.5,2.3,24.1,79.2,40.4,3.0,58.0,10.0,0.3,0.9,0.5,-51.6,-5.2,42.8,-4.4,4.0,58.2,12.0,0.5,1.0,0.4,-270.9,-148.6,44.0,-115.0,4.0,228.2,12.0,0.5,1.0,0.4,-26.6,9.8,24.5,-0.8,3.0,38.5,10.0,0.3,0.9,0.5,-138.7,-55.6,64.0,-37.8,3.0,149.2,10.0,0.3,0.9,0.5,3.1,4.2,13.7,8.3,3.0,8.6,10.0,0.3,0.9,0.5,-78.0,-23.7,-12.5,-44.7,3.0,51.3,10.0,0.3,0.9,0.5,368.5,658.0,5304.5,2737.0,4.0,4444.0,12.0,0.5,1.0,0.4,370.0,660.0,5305.0,2735.0,4.0,4445.0,12.0,0.5,1.0,0.4
1974,2,262.0,22.0,17.66,17.8,21.76,19.67,3.0,3.41,14.0,0.7,0.7,0.3,15.06,15.2,19.57,17.27,3.0,3.75,14.0,0.7,0.7,0.3,7.38,7.78,8.18,7.78,2.0,0.83,10.0,0.5,0.8,0.1,72.0,80.0,80.1,76.1,3.0,6.8,14.0,0.7,0.3,9.8,15.4,16.83,13.37,3.0,5.44,14.0,0.7,0.7,0.3,-1.49,5.27,5.76,2.21,3.0,5.93,14.0,0.7,0.7,0.3,-15.82,-14.47,-0.83,-8.47,3.0,12.15,14.0,0.7,0.7,0.3,1024.73,1026.1,1027.47,1026.1,2.0,2.83,10.0,0.5,0.8,0.1,6.6,8.0,8.0,7.3,3.0,1.2,14.0,0.7,0.7,0.3,3.0,81.1,97.2,50.8,3.0,73.8,14.0,0.7,0.7,0.3,-267.2,-222.9,-43.6,-157.0,3.0,173.4,14.0,0.7,0.7,0.3,2.13,2.4,2.67,2.4,3.0,0.4,14.0,0.7,0.7,0.3,23.2,42.0,42.8,33.2,3.0,16.3,14.0,0.7,0.7,0.3,4.31,4.64,4.97,4.64,2.0,0.69,10.0,0.5,0.8,0.1,68.0,76.8,85.5,76.8,2.0,18.2,10.0,0.5,0.8,0.1,-43.2,79.0,87.2,23.3,3.0,107.0,14.0,0.7,0.7,0.3,-239.5,-217.1,12.4,-116.0,3.0,204.3,14.0,0.7,0.7,0.3,43.2,43.6,43.9,43.6,2.0,0.7,10.0,0.5,0.8,0.1,-120.7,-119.7,-118.8,-119.7,2.0,2.0,10.0,0.5,0.8,0.1,23.3,26.3,29.3,26.3,2.0,6.2,10.0,0.5,0.8,0.1,-80.4,-72.1,-63.9,-72.1,2.0,17.1,10.0,0.5,0.8,0.1,1414.0,3652.5,4817.5,3128.5,3.0,2534.0,14.0,0.7,0.7,0.3,1415.0,3650.0,4820.0,3130.0,3.0,2535.0,14.0,0.7,0.7,0.3
1974,2,262.0,23.0,20.89,22.8,22.94,21.93,3.0,1.68,16.0,0.3,0.7,0.3,15.86,16.0,20.14,17.43,7.0,3.26,18.0,0.4,0.7,0.4,9.57,10.45,11.02,10.3,3.0,1.07,16.0,0.3,0.7,0.3,78.0,89.8,96.8,87.4,3.0,13.9,16.0,0.3,0.3,2.1,9.25,20.6,10.65,6.0,8.56,18.0,0.3,0.7,0.4,-0.22,0.0,1.63,1.14,6.0,3.34,18.0,0.3,0.7,0.4,-20.6,-5.76,-0.41,-8.12,6.0,10.84,18.0,0.3,0.7,0.4,1020.88,1027.0,1030.12,1026.44,7.0,5.11,18.0,0.4,0.7,0.4,8.0,8.0,8.0,7.9,7.0,0.4,18.0,0.4,0.7,0.4,-1.4,0.0,20.1,15.1,6.0,40.3,18.0,0.3,0.7,0.4,-424.4,-60.2,4.3,-155.9,6.0,214.1,18.0,0.3,0.7,0.4,2.25,2.8,7.71,4.93,3.0,4.41,16.0,0.3,0.7,0.3,18.5,21.0,23.5,21.0,3.0,3.6,16.0,0.3,0.7,0.3,4.18,6.75,7.68,5.95,3.0,2.66,16.0,0.3,0.7,0.3,23.3,36.7,40.2,31.9,3.0,13.1,16.0,0.3,0.7,0.3,-4.4,0.0,29.4,20.1,6.0,60.5,18.0,0.3,0.7,0.4,-329.6,-109.0,3.6,-130.4,6.0,180.0,18.0,0.3,0.7,0.4,-7.7,0.0,60.9,26.0,3.0,55.1,16.0,0.3,0.7,0.3,-78.7,-19.2,37.5,-20.6,3.0,85.1,16.0,0.3,0.7,0.3,-5.0,0.0,16.1,5.4,3.0,16.1,16.0,0.3,0.7,0.3,-24.6,-17.0,22.7,-1.3,3.0,37.2,16.0,0.3,0.7,0.3,9.5,1049.5,8742.0,3267.0,6.0,4297.0,18.0,0.3,0.7,0.4,10.0,1050.0,8740.0,3265.0,6.0,4295.0,18.0,0.3,0.7,0.4
1974,2,262.0,27.0,21.2,21.2,21.2,21.2,1.0,0.0,18.0,1.0,0.6,0.5,22.9,22.9,22.9,22.9,1.0,0.0,18.0,1.0,0.6,0.5,13.16,13.16,13.16,13.16,1.0,0.0,18.0,1.0,0.6,0.5,75.3,75.3,75.3,75.3,1.0,0.0,18.0,1.0,0.5,12.9,12.9,12.9,12.9,1.0,0.0,18.0,1.0,0.6,0.5,0.0,0.0,0.0,0.0,1.0,0.0,18.0,1.0,0.6,0.5,12.9,12.9,12.9,12.9,1.0,0.0,18.0,1.0,0.6,0.5,1006.0,1006.0,1006.0,1006.0,1.0,0.0,18.0,1.0,0.6,0.5,8.0,8.0,8.0,8.0,1.0,0.0,18.0,1.0,0.6,0.5,0.0,0.0,0.0,0.0,1.0,0.0,18.0,1.0,0.6,0.5,166.4,166.4,166.4,166.4,1.0,0.0,18.0,1.0,0.6,0.5,-1.7,-1.7,-1.7,-1.7,1.0,0.0,18.0,1.0,0.6,0.5,-21.9,-21.9,-21.9,-21.9,1.0,0.0,18.0,1.0,0.6,0.5,2.62,2.62,2.62,2.62,1.0,0.0,18.0,1.0,0.6,0.5,33.8,33.8,33.8,33.8,1.0,0.0,18.0,1.0,0.6,0.5,0.0,0.0,0.0,0.0,1.0,0.0,18.0,1.0,0.6,0.5,295.4,295.4,295.4,295.4,1.0,0.0,18.0,1.0,0.6,0.5,0.0,0.0,0.0,0.0,1.0,0.0,18.0,1.0,0.6,0.5,169.8,169.8,169.8,169.8,1.0,0.0,18.0,1.0,0.6,0.5,0.0,0.0,0.0,0.0,1.0,0.0,18.0,1.0,0.6,0.5,33.8,33.8,33.8,33.8,1.0,0.0,18.0,1.0,0.6,0.5,2146.5,2146.5,2146.5,2146.5,1.0,0.0,18.0,1.0,0.6,0.5,2145.0,2145.0,2145.0,2145.0,1.0,0.0,18.0,1.0,0.6,0.5
1974,2,263.0,-71.0,,,,,,,,,,,,,,,,,,,,,,,,,,,,,,,,,,,,,,,,0.0,0.0,0.0,0.0,1.0,0.0,16.0,0.0,0.8,0.7,0.0,0.0,0.0,0.0,1.0,0.0,16.0,0.0,0.8,0.7,0.0,0.0,0.0,0.0,1.0,0.0,16.0,0.0,0.8,0.7,966.41,975.45,984.49,975.45,2.0,18.74,14.0,0.5,0.4,0.6,,,,,,,,,,,,,,,,,,,,,,,,,,,,,,,,,,,,,,,,,,,,,,,,,,,,,,,,,,,,,,,,,,,,,,,,,,,,,,,,,,,,,,,,,,,,,,,,,,,,,,,,,,,,,,,,,,,,,,,,,,,,,,,,,,,,,,,,,,,,,,,,,,,,,,
1974,2,263.0,-31.0,,,,,,,,,,,,,,,,,,,,,,,,,,,,,,,,,,,,,,,,8.2,8.2,8.2,8.2,1.0,0.0,28.0,1.0,0.2,0.3,-7.1,-7.1,-7.1,-7.1,1.0,0.0,28.0,1.0,0.2,0.3,4.1,4.1,4.1,4.1,1.0,0.0,28.0,1.0,0.2,0.3,1021.7,1021.7,1021.7,1021.7,1.0,0.0,28.0,1.0,0.2,0.3,,,,,,,,,,,,,,,,,,,,,,,,,,,,,,,,,,,,,,,,,,,,,,,,,,,,,,,,,,,,,,,,,,,,,,,,,,,,,,,,,,,,,,,,,,,,,,,,,,,,,,,,,,,,,,,,,,,,,,,,,,,,,,,,,,,,,,,,,,,,,,,,,,,,,,
1974,2,263.0,-22.0,,,,,,,,,,,,,,,,,,,,,,,,,,,,,,,,,,,,,,,,8.7,8.7,8.7,8.7,1.0,0.0,4.0,1.0,0.6,0.8,-7.53,-7.53,-7.53,-7.53,1.0,0.0,4.0,1.0,0.6,0.8,4.35,4.35,4.35,4.35,1.0,0.0,4.0,1.0,0.6,0.8,1020.0,1020.0,1020.0,1020.0,1.0,0.0,4.0,1.0,0.6,0.8,7.0,7.0,7.0,7.0,1.0,0.0,4.0,1.0,0.6,0.8,-65.5,-65.5,-65.5,-65.5,1.0,0.0,4.0,1.0,0.6,0.8,37.8,37.8,37.8,37.8,1.0,0.0,4.0,1.0,0.6,0.8,,,,,,,,,,,,,,,,,,,,,,,,,,,,,,,,,,,,,,,,,-188.4,-188.4,-188.4,-188.4,1.0,0.0,4.0,1.0,0.6,0.8,108.8,108.8,108.8,108.8,1.0,0.0,4.0,1.0,0.6,0.8,-113.7,-113.7,-113.7,-113.7,1.0,0.0,4.0,1.0,0.6,0.8,65.6,65.6,65.6,65.6,1.0,0.0,4.0,1.0,0.6,0.8,,,,,,,,,,,,,,,,,,,,,,,,,,,,,,,,,,,,,,,,
1974,2,263.0,-12.0,26.7,26.7,26.7,26.7,1.0,0.0,8.0,1.0,1.0,1.0,24.2,24.2,24.2,24.2,1.0,0.0,8.0,1.0,1.0,1.0,17.55,17.55,17.55,17.55,1.0,0.0,8.0,1.0,1.0,1.0,93.0,93.0,93.0,93.0,1.0,0.0,8.0,1.0,1.0,4.6,4.6,4.6,4.6,1.0,0.0,8.0,1.0,1.0,1.0,-2.96,-2.96,-2.96,-2.96,1.0,0.0,8.0,1.0,1.0,1.0,3.52,3.52,3.52,3.52,1.0,0.0,8.0,1.0,1.0,1.0,1010.7,1010.7,1010.7,1010.7,1.0,0.0,8.0,1.0,1.0,1.0,1.0,1.0,1.0,1.0,1.0,0.0,8.0,1.0,1.0,1.0,-13.6,-13.6,-13.6,-13.6,1.0,0.0,8.0,1.0,1.0,1.0,16.2,16.2,16.2,16.2,1.0,0.0,8.0,1.0,1.0,1.0,2.5,2.5,2.5,2.5,1.0,0.0,8.0,1.0,1.0,1.0,11.5,11.5,11.5,11.5,1.0,0.0,8.0,1.0,1.0,1.0,4.4,4.4,4.4,4.4,1.0,0.0,8.0,1.0,1.0,1.0,20.3,20.3,20.3,20.3,1.0,0.0,8.0,1.0,1.0,1.0,-71.6,-71.6,-71.6,-71.6,1.0,0.0,8.0,1.0,1.0,1.0,85.3,85.3,85.3,85.3,1.0,0.0,8.0,1.0,1.0,1.0,-51.9,-51.9,-51.9,-51.9,1.0,0.0,8.0,1.0,1.0,1.0,61.8,61.8,61.8,61.8,1.0,0.0,8.0,1.0,1.0,1.0,-13.0,-13.0,-13.0,-13.0,1.0,0.0,8.0,1.0,1.0,1.0,15.5,15.5,15.5,15.5,1.0,0.0,8.0,1.0,1.0,1.0,97.5,97.5,97.5,97.5,1.0,0.0,8.0,1.0,1.0,1.0,95.0,95.0,95.0,95.0,1.0,0.0,8.0,1.0,1.0,1.0
1974,2,263.0,-11.0,24.06,24.1,25.08,24.6,5.0,1.12,16.0,0.2,0.6,0.6,23.6,23.8,24.73,24.2,5.0,1.02,16.0,0.2,0.6,0.6,15.0,15.19,15.34,15.17,4.0,0.21,18.0,0.0,0.6,0.7,82.3,82.8,83.6,82.9,4.0,0.8,18.0,0.0,0.7,5.43,9.0,10.0,7.86,5.0,2.61,16.0,0.2,0.6,0.6,-7.71,-7.66,-4.42,-6.34,5.0,1.89,16.0,0.2,0.6,0.6,2.02,4.5,6.43,3.99,5.0,3.21,16.0,0.2,0.6,0.6,1011.69,1012.5,1012.98,1012.32,5.0,0.94,16.0,0.2,0.6,0.6,1.6,3.0,5.4,3.4,5.0,2.1,16.0,0.2,0.6,0.6,-76.6,-70.1,-24.5,-53.7,5.0,28.9,16.0,0.2,0.6,0.6,13.6,40.5,64.3,37.6,5.0,29.5,16.0,0.2,0.6,0.6,0.26,0.4,0.54,0.4,5.0,0.16,16.0,0.2,0.6,0.6,2.0,3.0,4.2,3.0,5.0,1.3,16.0,0.2,0.6,0.6,3.44,3.59,3.67,3.56,4.0,0.15,18.0,0.0,0.6,0.7,27.1,33.0,35.3,31.3,4.0,6.5,18.0,0.0,0.6,0.7,-182.9,-180.8,-108.9,-152.2,5.0,41.5,16.0,0.2,0.6,0.6,47.4,106.2,152.2,94.0,5.0,77.4,16.0,0.2,0.6,0.6,-117.8,-116.0,-92.5,-105.6,4.0,22.0,18.0,0.0,0.6,0.7,64.3,81.9,97.5,80.9,4.0,19.3,18.0,0.0,0.6,0.7,-28.3,-26.9,-21.0,-24.8,4.0,5.4,18.0,0.0,0.6,0.7,15.2,18.9,22.7,18.9,4.0,4.5,18.0,0.0,0.6,0.7,176.5,729.0,1000.0,607.0,5.0,433.0,16.0,0.2,0.6,0.6,175.0,730.0,1000.0,605.0,5.0,435.0,16.0,0.2,0.6,0.6
1974,2,263.0,-9.0,24.25,24.35,24.45,24.35,2.0,0.21,12.0,0.5,0.4,0.2,24.64,24.95,25.26,24.95,2.0,0.64,12.0,0.5,0.4,0.2,15.49,16.54,17.6,16.54,2.0,2.18,12.0,0.5,0.4,0.2,77.5,84.2,91.0,84.2,2.0,14.0,12.0,0.5,0.2,4.26,4.6,4.94,4.6,2.0,0.71,12.0,0.5,0.4,0.2,-4.13,-3.53,-2.92,-3.53,2.0,1.26,12.0,0.5,0.4,0.2,2.64,2.85,3.05,2.85,2.0,0.42,12.0,0.5,0.4,0.2,1011.55,1012.3,1013.05,1012.3,2.0,1.56,12.0,0.5,0.4,0.2,2.0,2.0,2.0,2.0,2.0,0.0,12.0,0.5,0.4,0.2,-20.7,-16.7,-12.7,-16.7,2.0,8.3,12.0,0.5,0.4,0.2,12.9,12.9,13.0,12.9,2.0,0.1,12.0,0.5,0.4,0.2,-1.01,-0.6,-0.19,-0.6,2.0,0.85,12.0,0.5,0.4,0.2,-5.1,-3.1,-1.0,-3.1,2.0,4.3,12.0,0.5,0.4,0.2,1.56,2.48,3.41,2.48,2.0,1.91,12.0,0.5,0.4,0.2,7.0,12.1,17.2,12.1,2.0,10.5,12.0,0.5,0.4,0.2,-104.6,-88.4,-72.1,-88.4,2.0,33.7,12.0,0.5,0.4,0.2,66.7,70.9,75.0,70.9,2.0,8.6,12.0,0.5,0.4,0.2,-63.3,-57.0,-50.6,-57.0,2.0,13.1,12.0,0.5,0.4,0.2,41.2,47.5,53.9,47.5,2.0,13.1,12.0,0.5,0.4,0.2,-14.7,-10.0,-5.2,-10.0,2.0,9.9,12.0,0.5,0.4,0.2,4.5,6.7,8.8,6.7,2.0,4.4,12.0,0.5,0.4,0.2,79.0,101.0,122.5,101.0,2.0,45.0,12.0,0.5,0.4,0.2,80.0,100.0,125.0,100.0,2.0,45.0,12.0,0.5,0.4,0.2
1974,2,263.0,-8.0,,,,,,,,,,,,,,,,,,,,,,,,,,,,,,,,,,,,,,,,9.0,9.0,9.0,9.0,1.0,0.0,20.0,1.0,0.5,0.8,-8.46,-8.46,-8.46,-8.46,1.0,0.0,20.0,1.0,0.5,0.8,3.08,3.08,3.08,3.08,1.0,0.0,20.0,1.0,0.5,0.8,1016.4,1016.4,1016.4,1016.4,1.0,0.0,20.0,1.0,0.5,0.8,,,,,,,,,,,,,,,,,,,,,,,,,,,,,,,,,,,,,,,,,,,,,,,,,,,,,,,,,,,,,,,,,,,,,,,,,,,,,,,,,,,,,,,,,,,,,,,,,,,,,,,,,,,,,,,,,,,,,,,,,,,,,,,,,,,,,,,,,,,,,,,,,,,,,,
1974,2,263.0,-7.0,24.29,25.55,27.18,25.73,4.0,1.75,16.0,0.5,0.4,0.6,22.63,24.6,25.57,24.37,6.0,1.78,14.0,0.5,0.5,0.6,14.97,15.48,15.63,15.29,5.0,0.61,12.0,0.4,0.5,0.6,76.5,79.4,91.5,83.3,5.0,8.8,12.0,0.4,0.6,3.0,5.15,7.44,5.5,6.0,2.81,14.0,0.5,0.5,0.6,-5.97,-3.31,0.0,-3.17,6.0,2.8,14.0,0.5,0.5,0.6,3.0,3.44,5.09,4.14,6.0,1.93,14.0,0.5,0.5,0.6,1009.83,1010.8,1012.37,1011.0,6.0,1.49,14.0,0.5,0.5,0.6,2.8,7.0,8.0,5.8,6.0,2.6,14.0,0.5,0.5,0.6,-44.9,-17.2,0.0,-23.6,6.0,26.2,14.0,0.5,0.5,0.6,9.0,19.3,36.5,26.9,6.0,27.6,14.0,0.5,0.5,0.6,-0.7,1.4,3.98,1.63,4.0,2.72,16.0,0.5,0.4,0.6,-4.3,3.8,23.9,9.5,4.0,18.6,16.0,0.5,0.4,0.6,3.47,4.86,7.63,5.52,4.0,2.73,16.0,0.5,0.4,0.6,16.5,21.8,62.0,38.5,4.0,38.0,16.0,0.5,0.4,0.6,-149.4,-85.3,0.0,-79.7,6.0,69.2,14.0,0.5,0.5,0.6,67.9,89.8,125.7,101.4,6.0,48.1,14.0,0.5,0.5,0.6,-91.6,-56.7,0.0,-48.2,5.0,46.4,12.0,0.4,0.5,0.6,45.3,52.0,83.9,64.1,5.0,28.6,12.0,0.4,0.5,0.6,-42.6,-16.9,-5.5,-23.7,4.0,26.5,16.0,0.5,0.4,0.6,13.3,14.5,45.4,28.7,4.0,29.5,16.0,0.5,0.4,0.6,27.5,141.5,464.5,287.0,6.0,408.5,14.0,0.5,0.5,0.6,25.0,140.0,465.0,285.0,6.0,410.0,14.0,0.5,0.5,0.6
1974,2,263.0,-5.0,24.5,24.5,24.5,24.5,1.0,0.0,10.0,0.0,1.0,0.3,24.8,24.8,24.8,24.8,1.0,0.0,10.0,0.0,1.0,0.3,16.08,16.08,16.08,16.08,1.0,0.0,10.0,0.0,1.0,0.3,82.4,82.4,82.4,82.4,1.0,0.0,10.0,0.0,0.3,4.6,4.6,4.6,4.6,1.0,0.0,10.0,0.0,1.0,0.3,0.0,0.0,0.0,0.0,1.0,0.0,10.0,0.0,1.0,0.3,4.6,4.6,4.6,4.6,1.0,0.0,10.0,0.0,1.0,0.3,1012.0,1012.0,1012.0,1012.0,1.0,0.0,10.0,0.0,1.0,0.3,3.0,3.0,3.0,3.0,1.0,0.0,10.0,0.0,1.0,0.3,0.0,0.0,0.0,0.0,1.0,0.0,10.0,0.0,1.0,0.3,21.2,21.2,21.2,21.2,1.0,0.0,10.0,0.0,1.0,0.3,-0.3,-0.3,-0.3,-0.3,1.0,0.0,10.0,0.0,1.0,0.3,-1.4,-1.4,-1.4,-1.4,1.0,0.0,10.0,0.0,1.0,0.3,3.12,3.12,3.12,3.12,1.0,0.0,10.0,0.0,1.0,0.3,14.4,14.4,14.4,14.4,1.0,0.0,10.0,0.0,1.0,0.3,0.0,0.0,0.0,0.0,1.0,0.0,10.0,0.0,1.0,0.3,114.1,114.1,114.1,114.1,1.0,0.0,10.0,0.0,1.0,0.3,0.0,0.0,0.0,0.0,1.0,0.0,10.0,0.0,1.0,0.3,74.0,74.0,74.0,74.0,1.0,0.0,10.0,0.0,1.0,0.3,0.0,0.0,0.0,0.0,1.0,0.0,10.0,0.0,1.0,0.3,14.4,14.4,14.4,14.4,1.0,0.0,10.0,0.0,1.0,0.3,97.5,97.5,97.5,97.5,1.0,0.0,10.0,0.0,1.0,0.3,95.0,95.0,95.0,95.0,1.0,0.0,10.0,0.0,1.0,0.3
1974,2,263.0,-3.0,24.05,24.15,24.25,24.15,2.0,0.21,4.0,1.0,0.5,0.9,24.4,24.6,24.8,24.6,2.0,0.42,4.0,1.0,0.5,0.9,16.36,16.42,16.48,16.42,2.0,0.12,4.0,1.0,0.5,0.9,83.6,85.0,86.4,85.0,2.0,2.9,4.0,1.0,0.9,3.68,3.85,4.02,3.85,2.0,0.35,4.0,1.0,0.5,0.9,-0.81,0.09,0.98,0.09,2.0,1.86,4.0,1.0,0.5,0.9,3.46,3.62,3.78,3.62,2.0,0.33,4.0,1.0,0.5,0.9,1009.07,1009.65,1010.23,1009.65,2.0,1.2,4.0,1.0,0.5,0.9,1.8,3.5,5.2,3.5,2.0,3.5,4.0,1.0,0.5,0.9,-2.8,0.7,4.1,0.7,2.0,7.2,4.0,1.0,0.5,0.9,12.8,14.0,15.2,14.0,2.0,2.6,4.0,1.0,0.5,0.9,-0.55,-0.45,-0.35,-0.45,2.0,0.21,4.0,1.0,0.5,0.9,-2.0,-1.7,-1.4,-1.7,2.0,0.7,4.0,1.0,0.5,0.9,2.24,2.43,2.61,2.43,2.0,0.39,4.0,1.0,0.5,0.9,9.0,9.3,9.6,9.3,2.0,0.6,4.0,1.0,0.5,0.9,-20.4,1.7,23.8,1.7,2.0,45.8,4.0,1.0,0.5,0.9,85.7,88.9,92.1,88.9,2.0,6.6,4.0,1.0,0.5,0.9,-13.2,1.5,16.3,1.5,2.0,30.6,4.0,1.0,0.5,0.9,56.6,59.4,62.3,59.4,2.0,5.9,4.0,1.0,0.5,0.9,-2.3,-0.2,2.0,-0.2,2.0,4.5,4.0,1.0,0.5,0.9,8.4,8.7,9.0,8.7,2.0,0.6,4.0,1.0,0.5,0.9,50.0,58.0,65.5,58.0,2.0,15.5,4.0,1.0,0.5,0.9,50.0,60.0,65.0,60.0,2.0,15.0,4.0,1.0,0.5,0.9
1974,2,263.0,-2.0,24.48,25.5,26.52,25.5,2.0,2.12,14.0,0.0,0.3,0.8,22.81,23.7,24.59,23.7,2.0,1.84,14.0,0.0,0.3,0.8,15.67,16.05,16.42,16.05,2.0,0.78,14.0,0.0,0.3,0.8,85.2,87.9,90.5,87.9,2.0,5.5,14.0,0.0,0.8,0.41,1.3,2.19,1.3,2.0,1.84,14.0,0.0,0.3,0.8,-2.06,-1.22,-0.39,-1.22,2.0,1.73,14.0,0.0,0.3,0.8,-0.75,-0.44,-0.14,-0.44,2.0,0.63,14.0,0.0,0.3,0.8,1011.3,1011.5,1011.7,1011.5,2.0,0.42,14.0,0.0,0.3,0.8,1.3,2.0,2.7,2.0,2.0,1.4,14.0,0.0,0.3,0.8,-5.3,-3.2,-1.0,-3.2,2.0,4.5,14.0,0.0,0.3,0.8,-1.9,-1.2,-0.4,-1.2,2.0,1.6,14.0,0.0,0.3,0.8,1.66,1.8,1.94,1.8,2.0,0.28,14.0,0.0,0.3,0.8,0.8,2.6,4.4,2.6,2.0,3.7,14.0,0.0,0.3,0.8,3.55,4.44,5.33,4.44,2.0,1.84,14.0,0.0,0.3,0.8,2.4,7.5,12.6,7.5,2.0,10.6,14.0,0.0,0.3,0.8,-51.4,-30.5,-9.7,-30.5,2.0,43.2,14.0,0.0,0.3,0.8,-18.7,-11.1,-3.5,-11.1,2.0,15.7,14.0,0.0,0.3,0.8,-34.1,-20.3,-6.4,-20.3,2.0,28.7,14.0,0.0,0.3,0.8,-12.4,-7.4,-2.3,-7.4,2.0,10.4,14.0,0.0,0.3,0.8,-11.8,-7.0,-2.2,-7.0,2.0,9.9,14.0,0.0,0.3,0.8,-4.3,-2.6,-0.8,-2.6,2.0,3.6,14.0,0.0,0.3,0.8,3.0,9.0,15.0,9.0,2.0,12.5,14.0,0.0,0.3,0.8,5.0,10.0,15.0,10.0,2.0,10.0,14.0,0.0,0.3,0.8
1974,2,263.0,-1.0,25.6,25.6,25.6,25.6,1.0,0.0,4.0,1.0,0.8,0.4,24.0,24.0,24.0,24.0,1.0,0.0,4.0,1.0,0.8,0.4,15.74,15.74,15.74,15.74,1.0,0.0,4.0,1.0,0.8,0.4,84.4,84.4,84.4,84.4,1.0,0.0,4.0,1.0,0.4,0.0,0.0,0.0,0.0,1.0,0.0,4.0,1.0,0.8,0.4,0.0,0.0,0.0,0.0,1.0,0.0,4.0,1.0,0.8,0.4,0.0,0.0,0.0,0.0,1.0,0.0,4.0,1.0,0.8,0.4,1008.4,1008.4,1008.4,1008.4,1.0,0.0,4.0,1.0,0.8,0.4,4.0,4.0,4.0,4.0,1.0,0.0,4.0,1.0,0.8,0.4,0.0,0.0,0.0,0.0,1.0,0.0,4.0,1.0,0.8,0.4,0.0,0.0,0.0,0.0,1.0,0.0,4.0,1.0,0.8,0.4,1.6,1.6,1.6,1.6,1.0,0.0,4.0,1.0,0.8,0.4,0.0,0.0,0.0,0.0,1.0,0.0,4.0,1.0,0.8,0.4,4.85,4.85,4.85,4.85,1.0,0.0,4.0,1.0,0.8,0.4,0.0,0.0,0.0,0.0,1.0,0.0,4.0,1.0,0.8,0.4,0.0,0.0,0.0,0.0,1.0,0.0,4.0,1.0,0.8,0.4,0.0,0.0,0.0,0.0,1.0,0.0,4.0,1.0,0.8,0.4,0.0,0.0,0.0,0.0,1.0,0.0,4.0,1.0,0.8,0.4,0.0,0.0,0.0,0.0,1.0,0.0,4.0,1.0,0.8,0.4,0.0,0.0,0.0,0.0,1.0,0.0,4.0,1.0,0.8,0.4,0.0,0.0,0.0,0.0,1.0,0.0,4.0,1.0,0.8,0.4,0.0,0.0,0.0,0.0,1.0,0.0,4.0,1.0,0.8,0.4,0.0,0.0,0.0,0.0,1.0,0.0,4.0,1.0,0.8,0.4
1974,2,263.0,0.0,27.3,27.3,27.3,27.3,1.0,0.0,14.0,1.0,0.1,0.9,26.7,26.7,26.7,26.7,1.0,0.0,14.0,1.0,0.1,0.9,16.84,16.84,16.84,16.84,1.0,0.0,14.0,1.0,0.1,0.9,76.8,76.8,76.8,76.8,1.0,0.0,14.0,1.0,0.9,0.0,0.0,0.0,0.0,1.0,0.0,14.0,1.0,0.1,0.9,0.0,0.0,0.0,0.0,1.0,0.0,14.0,1.0,0.1,0.9,0.0,0.0,0.0,0.0,1.0,0.0,14.0,1.0,0.1,0.9,1008.8,1008.8,1008.8,1008.8,1.0,0.0,14.0,1.0,0.1,0.9,6.0,6.0,6.0,6.0,1.0,0.0,14.0,1.0,0.1,0.9,0.0,0.0,0.0,0.0,1.0,0.0,14.0,1.0,0.1,0.9,0.0,0.0,0.0,0.0,1.0,0.0,14.0,1.0,0.1,0.9,0.6,0.6,0.6,0.6,1.0,0.0,14.0,1.0,0.1,0.9,0.0,0.0,0.0,0.0,1.0,0.0,14.0,1.0,0.1,0.9,5.95,5.95,5.95,5.95,1.0,0.0,14.0,1.0,0.1,0.9,0.0,0.0,0.0,0.0,1.0,0.0,14.0,1.0,0.1,0.9,0.0,0.0,0.0,0.0,1.0,0.0,14.0,1.0,0.1,0.9,0.0,0.0,0.0,0.0,1.0,0.0,14.0,1.0,0.1,0.9,0.0,0.0,0.0,0.0,1.0,0.0,14.0,1.0,0.1,0.9,0.0,0.0,0.0,0.0,1.0,0.0,14.0,1.0,0.1,0.9,0.0,0.0,0.0,0.0,1.0,0.0,14.0,1.0,0.1,0.9,0.0,0.0,0.0,0.0,1.0,0.0,14.0,1.0,0.1,0.9,0.0,0.0,0.0,0.0,1.0,0.0,14.0,1.0,0.1,0.9,0.0,0.0,0.0,0.0,1.0,0.0,14.0,1.0,0.1,0.9
1974,2,263.0,1.0,28.3,28.3,28.3,28.3,1.0,0.0,14.0,0.0,0.2,0.9,25.5,25.5,25.5,25.5,1.0,0.0,14.0,0.0,0.2,0.9,17.95,17.95,17.95,17.95,1.0,0.0,14.0,0.0,0.2,0.9,88.2,88.2,88.2,88.2,1.0,0.0,14.0,0.0,0.9,0.0,0.0,0.0,0.0,1.0,0.0,14.0,0.0,0.2,0.9,0.0,0.0,0.0,0.0,1.0,0.0,14.0,0.0,0.2,0.9,0.0,0.0,0.0,0.0,1.0,0.0,14.0,0.0,0.2,0.9,1012.5,1012.5,1012.5,1012.5,1.0,0.0,14.0,0.0,0.2,0.9,1.0,1.0,1.0,1.0,1.0,0.0,14.0,0.0,0.2,0.9,0.0,0.0,0.0,0.0,1.0,0.0,14.0,0.0,0.2,0.9,0.0,0.0,0.0,0.0,1.0,0.0,14.0,0.0,0.2,0.9,2.8,2.8,2.8,2.8,1.0,0.0,14.0,0.0,0.2,0.9,0.0,0.0,0.0,0.0,1.0,0.0,14.0,0.0,0.2,0.9,6.15,6.15,6.15,6.15,1.0,0.0,14.0,0.0,0.2,0.9,0.0,0.0,0.0,0.0,1.0,0.0,14.0,0.0,0.2,0.9,0.0,0.0,0.0,0.0,1.0,0.0,14.0,0.0,0.2,0.9,0.0,0.0,0.0,0.0,1.0,0.0,14.0,0.0,0.2,0.9,0.0,0.0,0.0,0.0,1.0,0.0,14.0,0.0,0.2,0.9,0.0,0.0,0.0,0.0,1.0,0.0,14.0,0.0,0.2,0.9,0.0,0.0,0.0,0.0,1.0,0.0,14.0,0.0,0.2,0.9,0.0,0.0,0.0,0.0,1.0,0.0,14.0,0.0,0.2,0.9,0.0,0.0,0.0,0.0,1.0,0.0,14.0,0.0,0.2,0.9,0.0,0.0,0.0,0.0,1.0,0.0,14.0,0.0,0.2,0.9
1974,2,263.0,2.0,26.16,26.5,26.84,26.5,2.0,0.71,14.0,0.5,0.2,0.5,26.63,28.0,29.37,28.0,2.0,2.83,14.0,0.5,0.2,0.5,16.85,16.85,16.85,16.85,1.0,0.0,16.0,0.0,0.2,0.5,80.6,80.6,80.6,80.6,1.0,0.0,16.0,0.0,0.5,3.34,3.85,4.36,3.85,2.0,1.06,14.0,0.5,0.2,0.5,-4.3,-3.79,-3.29,-3.79,2.0,1.04,14.0,0.5,0.2,0.5,-0.76,-0.67,-0.58,-0.67,2.0,0.18,14.0,0.5,0.2,0.5,1012.73,1013.45,1014.17,1013.45,2.0,1.48,14.0,0.5,0.2,0.5,3.0,3.0,3.0,3.0,2.0,0.0,14.0,0.5,0.2,0.5,-19.0,-15.2,-11.3,-15.2,2.0,8.0,14.0,0.5,0.2,0.5,-3.4,-2.7,-2.0,-2.7,2.0,1.4,14.0,0.5,0.2,0.5,-3.21,-1.5,0.21,-1.5,2.0,3.54,14.0,0.5,0.2,0.5,-9.7,-3.9,1.9,-3.9,2.0,12.0,14.0,0.5,0.2,0.5,5.41,5.41,5.41,5.41,1.0,0.0,16.0,0.0,0.2,0.5,24.9,24.9,24.9,24.9,1.0,0.0,16.0,0.0,0.2,0.5,-113.6,-104.7,-95.7,-104.7,2.0,18.5,14.0,0.5,0.2,0.5,-20.0,-18.5,-16.9,-18.5,2.0,3.3,14.0,0.5,0.2,0.5,-76.3,-76.3,-76.3,-76.3,1.0,0.0,16.0,0.0,0.2,0.5,-13.5,-13.5,-13.5,-13.5,1.0,0.0,16.0,0.0,0.2,0.5,-24.5,-24.5,-24.5,-24.5,1.0,0.0,16.0,0.0,0.2,0.5,-4.3,-4.3,-4.3,-4.3,1.0,0.0,16.0,0.0,0.2,0.5,40.5,63.5,86.5,63.5,2.0,48.0,14.0,0.5,0.2,0.5,40.0,65.0,85.0,65.0,2.0,50.0,14.0,0.5,0.2,0.5
1974,2,263.0,3.0,25.0,26.5,26.98,26.0,3.0,1.51,16.0,0.7,0.7,0.2,24.18,25.0,25.61,24.9,3.0,1.05,16.0,0.7,0.7,0.2,16.35,16.4,17.47,16.9,3.0,0.92,16.0,0.7,0.7,0.2,81.6,89.1,90.3,86.0,3.0,6.9,16.0,0.7,0.2,3.23,4.6,5.69,4.47,3.0,1.8,16.0,0.7,0.7,0.2,-1.3,0.45,2.86,0.77,3.0,3.06,16.0,0.7,0.7,0.2,-4.79,-2.56,0.76,-2.03,3.0,4.09,16.0,0.7,0.7,0.2,1009.74,1010.7,1011.52,1010.63,3.0,1.3,16.0,0.7,0.7,0.2,4.6,8.0,8.0,6.3,3.0,2.9,16.0,0.7,0.7,0.2,-8.6,1.2,12.9,2.1,3.0,15.8,16.0,0.7,0.7,0.2,-26.8,-6.7,5.1,-10.7,3.0,23.6,16.0,0.7,0.7,0.2,0.53,0.6,1.69,1.1,3.0,0.95,16.0,0.7,0.7,0.2,1.8,2.3,10.0,5.8,3.0,6.8,16.0,0.7,0.7,0.2,3.24,4.63,5.15,4.21,3.0,1.45,16.0,0.7,0.7,0.2,12.6,14.0,24.0,18.2,3.0,9.1,16.0,0.7,0.7,0.2,-32.5,11.7,68.4,17.8,3.0,74.1,16.0,0.7,0.7,0.2,-120.5,-66.3,16.3,-52.4,3.0,100.9,16.0,0.7,0.7,0.2,-23.7,7.4,46.9,11.5,3.0,51.8,16.0,0.7,0.7,0.2,-84.7,-41.8,12.5,-36.2,3.0,71.4,16.0,0.7,0.7,0.2,-5.9,2.4,7.8,1.0,3.0,10.2,16.0,0.7,0.7,0.2,-22.8,-13.8,-0.3,-11.6,3.0,16.6,16.0,0.7,0.7,0.2,43.0,97.5,193.5,117.5,3.0,112.0,16.0,0.7,0.7,0.2,45.0,95.0,195.0,120.0,3.0,110.0,16.0,0.7,0.7,0.2
1974,2,263.0,4.0,28.0,28.0,28.0,28.0,1.0,0.0,28.0,1.0,0.7,0.8,26.4,27.25,28.1,27.25,2.0,1.77,20.0,1.0,0.7,0.8,16.91,16.91,16.91,16.91,1.0,0.0,28.0,1.0,0.7,0.8,69.6,69.6,69.6,69.6,1.0,0.0,28.0,1.0,0.8,6.86,7.2,7.54,7.2,2.0,0.71,20.0,1.0,0.7,0.8,-6.53,-6.24,-5.94,-6.24,2.0,0.61,20.0,1.0,0.7,0.8,-3.77,-3.6,-3.43,-3.6,2.0,0.35,20.0,1.0,0.7,0.8,1010.21,1010.65,1011.09,1010.65,2.0,0.92,20.0,1.0,0.7,0.8,2.2,2.5,2.8,2.5,2.0,0.7,20.0,1.0,0.7,0.8,-49.4,-45.1,-40.9,-45.1,2.0,8.8,20.0,1.0,0.7,0.8,-28.5,-26.0,-23.6,-26.0,2.0,5.1,20.0,1.0,0.7,0.8,-0.5,-0.5,-0.5,-0.5,1.0,0.0,28.0,1.0,0.7,0.8,-3.3,-3.3,-3.3,-3.3,1.0,0.0,28.0,1.0,0.7,0.8,6.8,6.8,6.8,6.8,1.0,0.0,28.0,1.0,0.7,0.8,45.5,45.5,45.5,45.5,1.0,0.0,28.0,1.0,0.7,0.8,-172.1,-169.4,-166.6,-169.4,2.0,5.7,20.0,1.0,0.7,0.8,-99.4,-97.8,-96.2,-97.8,2.0,3.3,20.0,1.0,0.7,0.8,-98.1,-98.1,-98.1,-98.1,1.0,0.0,28.0,1.0,0.7,0.8,-56.6,-56.6,-56.6,-56.6,1.0,0.0,28.0,1.0,0.7,0.8,-39.4,-39.4,-39.4,-39.4,1.0,0.0,28.0,1.0,0.7,0.8,-22.8,-22.8,-22.8,-22.8,1.0,0.0,28.0,1.0,0.7,0.8,325.5,378.5,432.0,378.5,2.0,110.0,20.0,1.0,0.7,0.8,325.0,380.0,430.0,380.0,2.0,110.0,20.0,1.0,0.7,0.8
1974,2,263.0,5.0,26.0,26.0,26.0,26.0,1.0,0.0,26.0,0.0,0.7,0.5,25.2,25.2,25.2,25.2,1.0,0.0,26.0,0.0,0.7,0.5,15.56,15.56,15.56,15.56,1.0,0.0,26.0,0.0,0.7,0.5,77.5,77.5,77.5,77.5,1.0,0.0,26.0,0.0,0.5,11.3,11.3,11.3,11.3,1.0,0.0,26.0,0.0,0.7,0.5,-8.66,-8.66,-8.66,-8.66,1.0,0.0,26.0,0.0,0.7,0.5,-7.26,-7.26,-7.26,-7.26,1.0,0.0,26.0,0.0,0.7,0.5,1007.6,1007.6,1007.6,1007.6,1.0,0.0,26.0,0.0,0.7,0.5,1.0,1.0,1.0,1.0,1.0,0.0,26.0,0.0,0.7,0.5,-97.8,-97.8,-97.8,-97.8,1.0,0.0,26.0,0.0,0.7,0.5,-82.1,-82.1,-82.1,-82.1,1.0,0.0,26.0,0.0,0.7,0.5,0.8,0.8,0.8,0.8,1.0,0.0,26.0,0.0,0.7,0.5,9.0,9.0,9.0,9.0,1.0,0.0,26.0,0.0,0.7,0.5,5.55,5.55,5.55,5.55,1.0,0.0,26.0,0.0,0.7,0.5,62.8,62.8,62.8,62.8,1.0,0.0,26.0,0.0,0.7,0.5,-218.1,-218.1,-218.1,-218.1,1.0,0.0,26.0,0.0,0.7,0.5,-183.0,-183.0,-183.0,-183.0,1.0,0.0,26.0,0.0,0.7,0.5,-134.7,-134.7,-134.7,-134.7,1.0,0.0,26.0,0.0,0.7,0.5,-113.0,-113.0,-113.0,-113.0,1.0,0.0,26.0,0.0,0.7,0.5,-48.1,-48.1,-48.1,-48.1,1.0,0.0,26.0,0.0,0.7,0.5,-40.3,-40.3,-40.3,-40.3,1.0,0.0,26.0,0.0,0.7,0.5,1443.0,1443.0,1443.0,1443.0,1.0,0.0,26.0,0.0,0.7,0.5,1445.0,1445.0,1445.0,1445.0,1.0,0.0,26.0,0.0,0.7,0.5
1974,2,263.0,7.0,26.36,26.5,26.64,26.5,2.0,0.28,14.0,1.0,0.4,0.8,27.1,27.3,29.83,28.43,3.0,2.23,12.0,1.0,0.6,0.7,17.72,17.72,17.72,17.72,1.0,0.0,4.0,1.0,0.8,0.7,78.3,78.3,78.3,78.3,1.0,0.0,4.0,1.0,0.7,4.42,5.1,6.87,5.63,3.0,1.86,12.0,1.0,0.6,0.7,-4.27,-3.14,-2.79,-3.52,3.0,1.13,12.0,1.0,0.6,0.7,-5.78,-2.64,-2.03,-3.87,3.0,2.95,12.0,1.0,0.6,0.7,1010.68,1011.7,1012.72,1011.7,2.0,2.12,6.0,1.0,0.9,0.6,2.0,2.0,2.0,2.0,3.0,0.0,12.0,1.0,0.6,0.7,-23.1,-20.3,-15.2,-19.2,3.0,5.9,12.0,1.0,0.6,0.7,-41.5,-10.8,-9.5,-25.1,3.0,26.5,12.0,1.0,0.6,0.7,-4.05,-2.65,-1.25,-2.65,2.0,2.9,14.0,1.0,0.4,0.8,-30.9,-19.6,-8.3,-19.6,2.0,23.4,14.0,1.0,0.4,0.8,4.18,4.18,4.18,4.18,1.0,0.0,4.0,1.0,0.8,0.7,21.3,21.3,21.3,21.3,1.0,0.0,4.0,1.0,0.8,0.7,-116.2,-84.8,-82.6,-99.1,3.0,27.5,12.0,1.0,0.6,0.7,-175.7,-71.2,-55.1,-114.4,3.0,95.9,12.0,1.0,0.6,0.7,-84.9,-84.9,-84.9,-84.9,1.0,0.0,4.0,1.0,0.8,0.7,-30.9,-30.9,-30.9,-30.9,1.0,0.0,4.0,1.0,0.8,0.7,-20.0,-20.0,-20.0,-20.0,1.0,0.0,4.0,1.0,0.8,0.7,-7.3,-7.3,-7.3,-7.3,1.0,0.0,4.0,1.0,0.8,0.7,89.0,132.5,353.5,219.5,3.0,208.0,12.0,1.0,0.6,0.7,90.0,135.0,355.0,220.0,3.0,210.0,12.0,1.0,0.6,0.7
1974,2,263.0,8.0,26.2,26.4,26.6,26.4,2.0,0.42,14.0,0.5,0.7,0.7,25.77,26.35,26.93,26.35,2.0,1.2,14.0,0.5,0.7,0.7,18.82,18.82,18.82,18.82,1.0,0.0,20.0,0.0,1.0,0.9,92.0,92.0,92.0,92.0,1.0,0.0,20.0,0.0,0.9,1.33,2.05,2.77,2.05,2.0,1.48,14.0,0.5,0.7,0.7,-1.7,-1.08,-0.46,-1.08,2.0,1.29,14.0,0.5,0.7,0.7,-2.15,-1.68,-1.21,-1.68,2.0,0.98,14.0,0.5,0.7,0.7,1008.23,1009.15,1010.07,1009.15,2.0,1.91,14.0,0.5,0.7,0.7,4.3,5.0,5.7,5.0,2.0,1.4,14.0,0.5,0.7,0.7,-5.2,-3.2,-1.1,-3.2,2.0,4.2,14.0,0.5,0.7,0.7,-6.3,-4.2,-2.0,-4.2,2.0,4.5,14.0,0.5,0.7,0.7,-0.73,0.05,0.83,0.05,2.0,1.63,14.0,0.5,0.7,0.7,-2.7,-1.1,0.5,-1.1,2.0,3.3,14.0,0.5,0.7,0.7,3.19,3.19,3.19,3.19,1.0,0.0,20.0,0.0,1.0,0.9,3.2,3.2,3.2,3.2,1.0,0.0,20.0,0.0,1.0,0.9,-46.3,-29.3,-12.3,-29.3,2.0,35.2,14.0,0.5,0.7,0.7,-58.3,-44.9,-31.4,-44.9,2.0,27.9,14.0,0.5,0.7,0.7,-3.3,-3.3,-3.3,-3.3,1.0,0.0,20.0,0.0,1.0,0.9,-18.5,-18.5,-18.5,-18.5,1.0,0.0,20.0,0.0,1.0,0.9,-0.6,-0.6,-0.6,-0.6,1.0,0.0,20.0,0.0,1.0,0.9,-3.1,-3.1,-3.1,-3.1,1.0,0.0,20.0,0.0,1.0,0.9,5.5,15.5,25.0,15.5,2.0,20.5,14.0,0.5,0.7,0.7,5.0,15.0,25.0,15.0,2.0,20.0,14.0,0.5,0.7,0.7
1974,2,263.0,9.0,26.63,27.1,28.54,27.55,6.0,1.68,16.0,0.7,0.5,0.4,25.91,26.65,27.39,26.65,6.0,0.99,16.0,0.7,0.5,0.4,16.76,16.83,16.89,16.83,2.0,0.14,16.0,1.0,0.5,0.4,76.7,77.3,77.9,77.3,2.0,1.3,16.0,1.0,0.4,2.37,4.05,6.35,4.32,6.0,2.33,16.0,0.7,0.5,0.4,-3.76,-2.58,-0.94,-2.78,6.0,2.12,16.0,0.7,0.5,0.4,-4.98,-2.57,-1.13,-2.91,6.0,1.96,16.0,0.7,0.5,0.4,1010.06,1011.3,1012.98,1011.7,6.0,2.17,16.0,0.7,0.5,0.4,2.0,2.5,6.2,3.7,6.0,2.3,16.0,0.7,0.5,0.4,-24.9,-7.4,-3.7,-15.0,6.0,18.7,16.0,0.7,0.5,0.4,-30.0,-14.0,-3.0,-15.6,6.0,14.2,16.0,0.7,0.5,0.4,-0.27,0.05,2.36,0.9,6.0,1.97,16.0,0.7,0.5,0.4,-1.0,0.2,7.2,2.2,6.0,4.6,16.0,0.7,0.5,0.4,3.91,4.51,5.1,4.51,2.0,1.23,16.0,1.0,0.5,0.4,10.6,13.1,15.5,13.1,2.0,5.1,16.0,1.0,0.5,0.4,-104.3,-68.9,-24.5,-75.1,6.0,58.2,16.0,0.7,0.5,0.4,-128.6,-69.6,-29.7,-77.9,6.0,53.1,16.0,0.7,0.5,0.4,-47.1,-43.4,-39.8,-43.4,2.0,7.5,16.0,1.0,0.5,0.4,-21.3,-19.9,-18.4,-19.9,2.0,3.0,16.0,1.0,0.5,0.4,-14.5,-11.9,-9.4,-11.9,2.0,5.3,16.0,1.0,0.5,0.4,-5.5,-5.2,-4.9,-5.2,2.0,0.7,16.0,1.0,0.5,0.4,14.5,77.5,265.5,141.5,6.0,174.5,16.0,0.7,0.5,0.4,15.0,75.0,265.0,140.0,6.0,175.0,16.0,0.7,0.5,0.4
1974,2,263.0,10.0,26.42,27.4,27.85,27.14,12.0,0.84,20.0,0.6,0.8,0.5,25.07,26.15,27.48,26.3,12.0,1.22,22.0,0.6,0.7,0.4,15.32,16.12,19.63,16.94,8.0,2.33,22.0,0.5,0.7,0.3,77.8,78.9,88.9,80.5,9.0,8.7,22.0,0.6,0.3,4.09,7.7,9.55,6.97,12.0,2.77,20.0,0.6,0.7,0.5,-6.87,-4.46,-1.99,-4.65,12.0,2.51,20.0,0.6,0.7,0.5,-7.66,-3.95,-0.57,-3.47,12.0,4.2,20.0,0.6,0.7,0.5,1011.12,1012.6,1013.45,1012.42,11.0,1.28,20.0,0.5,0.7,0.4,0.0,1.0,3.1,1.6,13.0,1.8,20.0,0.6,0.8,0.4,-60.9,-30.5,-9.0,-36.8,12.0,30.7,20.0,0.6,0.7,0.5,-64.2,-25.6,-2.1,-26.3,12.0,40.3,20.0,0.6,0.7,0.5,0.0,0.9,1.54,0.75,11.0,1.1,20.0,0.5,0.8,0.4,0.0,8.5,13.5,7.2,10.0,7.3,20.0,0.5,0.7,0.5,3.37,4.97,6.49,5.22,8.0,2.01,22.0,0.5,0.7,0.3,29.7,44.0,50.8,43.2,7.0,14.1,22.0,0.4,0.7,0.3,-189.9,-113.8,-69.0,-129.1,11.0,68.0,20.0,0.5,0.7,0.4,-197.4,-134.6,-2.4,-92.4,11.0,112.9,20.0,0.5,0.7,0.4,-125.1,-67.5,-48.7,-84.8,7.0,57.0,22.0,0.4,0.7,0.3,-138.1,-68.6,-31.8,-63.6,7.0,88.3,22.0,0.4,0.7,0.3,-33.1,-22.9,-14.7,-26.3,7.0,14.0,22.0,0.4,0.7,0.3,-43.5,-38.3,-11.5,-26.5,7.0,23.6,22.0,0.4,0.7,0.3,77.0,456.5,877.5,481.0,12.0,439.5,20.0,0.6,0.7,0.5,75.0,455.0,880.0,480.0,12.0,440.0,20.0,0.6,0.7,0.5
1974,2,263.0,11.0,26.1,27.3,28.47,27.42,17.0,1.21,14.0,0.6,0.6,0.5,25.09,26.1,29.08,26.96,21.0,2.06,16.0,0.6,0.6,0.4,14.68,16.46,18.23,16.21,14.0,2.27,16.0,0.5,0.5,0.5,68.5,75.4,85.3,76.5,14.0,9.7,16.0,0.5,0.5,2.21,5.1,11.86,6.2,15.0,4.77,12.0,0.5,0.6,0.4,-8.71,-2.12,-0.16,-3.58,15.0,3.85,12.0,0.5,0.6,0.4,-8.96,-3.14,-0.7,-4.43,15.0,3.78,12.0,0.5,0.6,0.4,1010.27,1012.9,1013.93,1012.46,22.0,1.92,14.0,0.6,0.6,0.5,0.0,1.0,2.7,1.4,22.0,1.8,14.0,0.6,0.6,0.5,-98.7,-10.8,-0.2,-37.5,15.0,56.4,12.0,0.5,0.6,0.4,-99.1,-12.9,-1.4,-42.5,15.0,57.4,12.0,0.5,0.6,0.4,-2.62,0.55,2.06,0.43,16.0,2.39,16.0,0.6,0.6,0.4,-3.3,5.7,24.7,11.5,12.0,19.6,12.0,0.5,0.6,0.4,4.84,7.34,8.23,6.8,11.0,1.9,16.0,0.5,0.5,0.5,6.1,39.0,97.4,47.8,9.0,45.5,12.0,0.3,0.5,0.5,-227.2,-50.4,-1.2,-90.6,14.0,100.3,12.0,0.5,0.5,0.4,-234.2,-108.6,-19.0,-122.3,14.0,95.7,12.0,0.5,0.5,0.4,-151.5,-32.2,-6.6,-65.4,11.0,69.7,12.0,0.4,0.5,0.5,-127.6,-51.7,-5.5,-71.4,11.0,64.0,12.0,0.4,0.5,0.5,-74.5,-17.1,-3.0,-30.2,9.0,33.5,12.0,0.3,0.5,0.5,-62.6,-38.5,-1.0,-34.2,9.0,34.2,12.0,0.3,0.5,0.5,11.0,132.5,1690.5,706.0,15.0,1183.5,12.0,0.5,0.6,0.4,10.0,135.0,1690.0,705.0,15.0,1185.0,12.0,0.5,0.6,0.4
1974,2,263.0,12.0,26.7,27.0,28.0,27.13,8.0,0.76,18.0,0.6,0.5,0.4,25.07,26.05,26.68,25.88,8.0,0.83,18.0,0.6,0.5,0.4,14.12,14.83,15.97,15.14,6.0,1.31,16.0,0.5,0.5,0.4,71.1,73.0,75.9,73.9,6.0,3.9,16.0,0.5,0.4,2.06,3.85,10.51,5.32,6.0,4.55,12.0,0.5,0.6,0.4,-3.08,-1.0,0.91,-1.14,6.0,3.81,12.0,0.5,0.6,0.4,-9.0,-2.11,0.35,-3.58,6.0,4.82,12.0,0.5,0.6,0.4,1011.95,1012.9,1014.01,1012.86,7.0,1.23,18.0,0.6,0.5,0.4,0.0,0.0,1.7,0.6,9.0,0.9,16.0,0.7,0.6,0.5,-21.1,-2.6,4.7,-11.7,6.0,36.0,12.0,0.5,0.6,0.4,-99.5,-8.7,0.9,-36.2,6.0,51.4,12.0,0.5,0.6,0.4,0.54,1.05,1.67,1.25,8.0,1.26,18.0,0.6,0.5,0.4,-0.5,11.3,16.4,8.9,5.0,9.2,14.0,0.4,0.5,0.4,6.05,7.29,8.38,7.11,6.0,2.09,16.0,0.5,0.5,0.4,4.3,29.8,63.8,33.9,4.0,35.6,12.0,0.3,0.5,0.4,-102.5,0.0,39.4,-26.8,5.0,107.8,14.0,0.4,0.5,0.4,-243.3,-62.2,-28.1,-121.3,5.0,121.0,14.0,0.4,0.5,0.4,-75.8,-17.5,32.8,-21.3,4.0,73.2,12.0,0.3,0.5,0.4,-87.8,-32.7,-13.9,-50.0,4.0,58.6,12.0,0.3,0.5,0.4,-28.9,-3.5,22.9,-3.0,4.0,37.9,12.0,0.3,0.5,0.4,-42.5,-15.5,-2.8,-22.3,4.0,26.2,12.0,0.3,0.5,0.4,14.0,75.0,1165.0,450.5,6.0,644.5,12.0,0.5,0.6,0.4,15.0,75.0,1165.0,450.0,6.0,645.0,12.0,0.5,0.6,0.4
1974,2,263.0,13.0,26.41,27.5,29.17,27.57,11.0,1.48,14.0,0.3,0.6,0.5,24.21,26.0,28.0,26.25,11.0,1.86,12.0,0.3,0.6,0.5,14.78,16.73,18.23,16.62,10.0,1.66,12.0,0.3,0.5,0.5,75.7,78.4,83.3,78.8,10.0,4.4,12.0,0.3,0.5,0.27,4.1,5.1,3.07,9.0,2.21,14.0,0.2,0.6,0.6,-2.64,0.0,2.63,0.07,9.0,2.92,14.0,0.2,0.6,0.6,-3.41,0.0,0.72,-1.04,9.0,2.39,14.0,0.2,0.6,0.6,1011.0,1012.35,1012.88,1012.29,12.0,1.04,12.0,0.3,0.6,0.5,0.0,0.0,1.3,0.7,12.0,1.2,12.0,0.3,0.6,0.5,-10.7,0.0,12.8,0.8,9.0,13.9,14.0,0.2,0.6,0.6,-17.0,0.0,0.7,-6.2,9.0,10.7,14.0,0.2,0.6,0.6,-0.97,1.9,3.69,1.59,10.0,2.18,12.0,0.3,0.5,0.5,0.0,4.0,8.9,4.2,7.0,4.4,14.0,0.3,0.6,0.5,3.81,7.05,8.61,6.66,10.0,2.57,12.0,0.3,0.5,0.5,0.0,18.4,34.1,19.4,7.0,16.6,14.0,0.3,0.6,0.5,-82.6,0.0,88.0,2.6,8.0,85.8,12.0,0.3,0.6,0.5,-52.6,0.0,22.8,-16.6,8.0,53.4,12.0,0.3,0.6,0.5,-5.2,0.0,63.6,14.9,7.0,45.2,14.0,0.3,0.6,0.5,-32.5,0.0,16.9,-11.9,7.0,36.5,14.0,0.3,0.6,0.5,-3.1,0.0,22.5,4.8,7.0,20.7,14.0,0.3,0.6,0.5,-17.3,0.0,10.6,-4.1,7.0,15.4,14.0,0.3,0.6,0.5,0.5,69.0,132.5,65.0,9.0,61.0,14.0,0.2,0.6,0.6,0.0,70.0,135.0,65.0,9.0,60.0,14.0,0.2,0.6,0.6
1974,2,263.0,14.0,26.0,27.8,28.8,27.29,29.0,1.56,14.0,0.6,0.6,0.5,23.96,26.05,28.3,26.2,36.0,2.08,16.0,0.7,0.6,0.5,13.63,15.86,18.03,16.01,33.0,2.58,16.0,0.6,0.6,0.5,65.4,74.3,87.0,76.0,33.0,9.9,16.0,0.6,0.5,0.0,2.6,6.42,3.16,28.0,2.93,14.0,0.6,0.6,0.5,-4.32,0.0,2.95,-0.18,28.0,4.1,14.0,0.6,0.6,0.5,-1.06,0.0,1.5,0.1,28.0,1.45,14.0,0.6,0.6,0.5,1010.63,1012.15,1014.69,1012.31,36.0,1.99,16.0,0.7,0.6,0.5,0.0,1.0,2.0,1.3,35.0,1.6,14.0,0.7,0.6,0.5,-20.7,0.0,9.2,-2.0,28.0,29.8,14.0,0.6,0.6,0.5,-2.4,0.0,5.9,0.9,28.0,8.8,14.0,0.6,0.6,0.5,-1.21,0.5,3.22,0.8,29.0,1.93,14.0,0.6,0.6,0.5,-2.1,0.0,13.2,3.7,23.0,8.1,14.0,0.6,0.5,0.5,3.77,6.76,9.07,6.39,28.0,2.87,16.0,0.6,0.6,0.5,0.0,13.6,50.2,21.2,22.0,23.7,14.0,0.5,0.5,0.5,-106.9,0.0,86.3,-1.9,28.0,107.9,14.0,0.6,0.6,0.5,-24.9,0.0,38.1,2.3,28.0,37.6,14.0,0.6,0.6,0.5,-76.9,0.0,47.5,-5.8,25.0,68.1,14.0,0.6,0.5,0.5,-20.6,0.0,28.8,0.9,25.0,26.3,14.0,0.6,0.5,0.5,-23.6,0.0,18.2,-1.2,22.0,30.7,14.0,0.5,0.5,0.5,-1.2,0.0,13.3,2.4,22.0,9.2,14.0,0.5,0.5,0.5,0.0,17.5,268.0,124.5,28.0,217.0,14.0,0.6,0.6,0.5,0.0,20.0,270.0,125.0,28.0,215.0,14.0,0.6,0.6,0.5
1974,2,263.0,15.0,25.6,27.1,28.33,26.98,24.0,1.42,16.0,0.6,0.6,0.3,25.0,26.7,28.0,26.67,26.0,1.56,16.0,0.6,0.5,0.3,13.9,16.46,17.6,16.21,23.0,2.6,14.0,0.6,0.5,0.3,64.5,75.4,83.5,74.0,23.0,8.9,14.0,0.6,0.3,0.33,3.35,6.17,3.81,22.0,3.25,14.0,0.6,0.5,0.3,-6.15,0.0,2.24,-1.16,22.0,3.95,14.0,0.6,0.5,0.3,-3.43,0.0,1.0,-0.7,22.0,2.87,14.0,0.6,0.5,0.3,1010.2,1012.75,1014.03,1012.57,26.0,1.94,16.0,0.6,0.5,0.3,0.0,1.0,3.0,1.2,25.0,1.8,16.0,0.6,0.5,0.3,-38.6,0.0,5.5,-12.8,22.0,34.0,14.0,0.6,0.5,0.3,-13.5,0.0,3.0,-8.1,22.0,26.7,14.0,0.6,0.5,0.3,-1.3,0.35,1.63,0.17,24.0,1.72,16.0,0.6,0.6,0.3,-2.8,0.3,6.1,1.0,21.0,5.6,14.0,0.6,0.5,0.3,3.88,5.54,8.95,5.99,22.0,2.78,14.0,0.6,0.6,0.3,0.0,18.5,39.2,22.5,20.0,23.6,14.0,0.6,0.6,0.3,-159.9,0.0,59.9,-29.4,22.0,101.6,14.0,0.6,0.5,0.3,-90.5,0.0,26.8,-16.4,22.0,73.5,14.0,0.6,0.5,0.3,-75.2,0.0,38.9,-7.7,20.0,53.2,14.0,0.6,0.6,0.3,-44.0,0.0,14.6,-6.5,20.0,32.8,14.0,0.6,0.6,0.3,-38.3,0.0,10.5,-7.1,20.0,27.1,14.0,0.6,0.6,0.3,-12.5,0.0,4.2,-4.7,20.0,16.6,14.0,0.6,0.6,0.3,0.5,43.0,245.0,204.5,22.0,474.0,14.0,0.6,0.5,0.3,0.0,45.0,245.0,205.0,22.0,475.0,14.0,0.6,0.5,0.3
1974,2,263.0,19.0,23.16,23.5,23.84,23.5,2.0,0.71,12.0,0.0,0.9,0.8,23.42,23.45,23.48,23.45,2.0,0.07,12.0,0.0,0.9,0.8,16.11,16.29,16.47,16.29,2.0,0.37,12.0,0.0,0.9,0.8,89.5,90.5,91.4,90.5,2.0,2.0,12.0,0.0,0.8,4.24,6.7,9.16,6.7,2.0,5.09,12.0,0.0,0.9,0.8,-1.5,-0.89,-0.28,-0.89,2.0,1.26,12.0,0.0,0.9,0.8,-1.0,3.52,8.04,3.52,2.0,9.36,12.0,0.0,0.9,0.8,1009.96,1011.6,1013.24,1011.6,2.0,3.39,12.0,0.0,0.9,0.8,7.2,7.5,7.8,7.5,2.0,0.7,12.0,0.0,0.9,0.8,-15.5,-9.2,-2.9,-9.2,2.0,13.0,12.0,0.0,0.9,0.8,8.5,47.4,86.4,47.4,2.0,80.7,12.0,0.0,0.9,0.8,-0.26,0.05,0.36,0.05,2.0,0.64,12.0,0.0,0.9,0.8,-3.2,-1.3,0.7,-1.3,2.0,4.0,12.0,0.0,0.9,0.8,1.63,1.8,1.96,1.8,2.0,0.35,12.0,0.0,0.9,0.8,7.9,11.2,14.4,11.2,2.0,6.8,12.0,0.0,0.9,0.8,-35.2,-20.9,-6.6,-20.9,2.0,29.6,12.0,0.0,0.9,0.8,-23.6,82.3,188.1,82.3,2.0,219.4,12.0,0.0,0.9,0.8,-24.1,-14.3,-4.5,-14.3,2.0,20.3,12.0,0.0,0.9,0.8,-17.4,55.6,128.6,55.6,2.0,151.2,12.0,0.0,0.9,0.8,-2.3,-1.4,-0.4,-1.4,2.0,2.0,12.0,0.0,0.9,0.8,-2.8,4.7,12.2,4.7,2.0,15.6,12.0,0.0,0.9,0.8,198.5,561.5,924.0,561.5,2.0,751.5,12.0,0.0,0.9,0.8,200.0,560.0,925.0,560.0,2.0,750.0,12.0,0.0,0.9,0.8
1974,2,263.0,20.0,22.43,24.0,24.0,23.25,4.0,1.5,14.0,0.5,0.6,0.4,19.48,21.0,22.26,20.88,4.0,1.65,14.0,0.5,0.6,0.4,10.87,14.37,16.05,13.5,4.0,3.42,14.0,0.5,0.6,0.4,77.7,91.2,95.8,87.0,4.0,14.9,14.0,0.5,0.4,2.26,4.1,5.41,3.85,4.0,1.92,14.0,0.5,0.6,0.4,-2.18,0.97,3.31,0.58,4.0,3.28,14.0,0.5,0.6,0.4,-2.79,0.04,2.59,-0.09,4.0,3.5,14.0,0.5,0.6,0.4,1008.78,1017.5,1022.86,1015.9,4.0,8.84,14.0,0.5,0.6,0.4,1.4,4.0,6.6,4.0,4.0,3.4,14.0,0.5,0.6,0.4,-9.4,3.8,15.2,2.9,4.0,16.0,14.0,0.5,0.6,0.4,-14.6,-0.8,11.3,-1.6,4.0,18.4,14.0,0.5,0.6,0.4,1.24,1.75,3.57,2.38,4.0,1.8,14.0,0.5,0.6,0.4,5.1,6.6,8.9,7.0,4.0,2.4,14.0,0.5,0.6,0.4,2.18,2.69,6.53,4.28,4.0,3.57,14.0,0.5,0.6,0.4,10.3,11.8,13.6,11.9,4.0,2.0,14.0,0.5,0.6,0.4,-46.5,23.6,69.6,12.1,4.0,69.8,14.0,0.5,0.6,0.4,-57.1,-1.0,55.4,-0.9,4.0,73.2,14.0,0.5,0.6,0.4,-32.3,18.5,46.8,7.8,4.0,48.7,14.0,0.5,0.6,0.4,-37.9,-3.2,38.5,0.1,4.0,51.0,14.0,0.5,0.6,0.4,-8.2,0.6,8.7,0.3,4.0,9.8,14.0,0.5,0.6,0.4,-6.7,2.5,9.8,1.6,4.0,9.8,14.0,0.5,0.6,0.4,16.0,81.0,160.0,88.0,4.0,85.5,14.0,0.5,0.6,0.4,15.0,80.0,160.0,90.0,4.0,85.0,14.0,0.5,0.6,0.4
1974,2,263.0,21.0,22.16,22.5,22.84,22.5,2.0,0.71,22.0,1.0,0.1,0.3,21.58,21.75,21.92,21.75,2.0,0.35,22.0,1.0,0.1,0.3,12.96,13.77,14.59,13.77,2.0,1.69,22.0,1.0,0.1,0.3,81.3,85.3,89.3,85.3,2.0,8.3,22.0,1.0,0.3,3.1,3.1,3.1,3.1,2.0,0.0,22.0,1.0,0.1,0.3,-2.31,-2.18,-2.05,-2.18,2.0,0.27,22.0,1.0,0.1,0.3,-1.3,0.19,1.68,0.19,2.0,3.09,22.0,1.0,0.1,0.3,1016.22,1017.55,1018.88,1017.55,2.0,2.76,22.0,1.0,0.1,0.3,4.2,4.5,4.8,4.5,2.0,0.7,22.0,1.0,0.1,0.3,-7.2,-6.8,-6.4,-6.8,2.0,0.8,22.0,1.0,0.1,0.3,-4.0,0.6,5.2,0.6,2.0,9.6,22.0,1.0,0.1,0.3,0.58,0.75,0.92,0.75,2.0,0.35,22.0,1.0,0.1,0.3,1.8,2.3,2.9,2.3,2.0,1.1,22.0,1.0,0.1,0.3,2.7,3.14,3.58,3.14,2.0,0.91,22.0,1.0,0.1,0.3,8.4,9.7,11.1,9.7,2.0,2.8,22.0,1.0,0.1,0.3,-50.8,-47.5,-44.3,-47.5,2.0,6.6,22.0,1.0,0.1,0.3,-28.8,3.6,36.0,3.6,2.0,67.1,22.0,1.0,0.1,0.3,-33.9,-30.3,-26.7,-30.3,2.0,7.4,22.0,1.0,0.1,0.3,-20.3,0.0,20.4,0.0,2.0,42.2,22.0,1.0,0.1,0.3,-7.3,-6.7,-6.2,-6.7,2.0,1.1,22.0,1.0,0.1,0.3,-2.8,2.0,6.8,2.0,2.0,9.9,22.0,1.0,0.1,0.3,30.0,30.0,30.0,30.0,2.0,0.0,22.0,1.0,0.1,0.3,30.0,30.0,30.0,30.0,2.0,0.0,22.0,1.0,0.1,0.3
1974,2,263.0,22.0,27.2,27.2,27.2,27.2,1.0,0.0,20.0,1.0,0.5,0.2,26.6,26.6,26.6,26.6,1.0,0.0,20.0,1.0,0.5,0.2,19.2,19.2,19.2,19.2,1.0,0.0,20.0,1.0,0.5,0.2,87.2,87.2,87.2,87.2,1.0,0.0,20.0,1.0,0.2,7.7,7.7,7.7,7.7,1.0,0.0,20.0,1.0,0.5,0.2,-3.85,-3.85,-3.85,-3.85,1.0,0.0,20.0,1.0,0.5,0.2,6.67,6.67,6.67,6.67,1.0,0.0,20.0,1.0,0.5,0.2,1000.2,1000.2,1000.2,1000.2,1.0,0.0,20.0,1.0,0.5,0.2,6.0,6.0,6.0,6.0,1.0,0.0,20.0,1.0,0.5,0.2,-29.6,-29.6,-29.6,-29.6,1.0,0.0,20.0,1.0,0.5,0.2,51.3,51.3,51.3,51.3,1.0,0.0,20.0,1.0,0.5,0.2,0.6,0.6,0.6,0.6,1.0,0.0,20.0,1.0,0.5,0.2,4.6,4.6,4.6,4.6,1.0,0.0,20.0,1.0,0.5,0.2,3.66,3.66,3.66,3.66,1.0,0.0,20.0,1.0,0.5,0.2,28.2,28.2,28.2,28.2,1.0,0.0,20.0,1.0,0.5,0.2,-102.4,-102.4,-102.4,-102.4,1.0,0.0,20.0,1.0,0.5,0.2,177.4,177.4,177.4,177.4,1.0,0.0,20.0,1.0,0.5,0.2,-73.9,-73.9,-73.9,-73.9,1.0,0.0,20.0,1.0,0.5,0.2,128.0,128.0,128.0,128.0,1.0,0.0,20.0,1.0,0.5,0.2,-14.1,-14.1,-14.1,-14.1,1.0,0.0,20.0,1.0,0.5,0.2,24.4,24.4,24.4,24.4,1.0,0.0,20.0,1.0,0.5,0.2,456.5,456.5,456.5,456.5,1.0,0.0,20.0,1.0,0.5,0.2,455.0,455.0,455.0,455.0,1.0,0.0,20.0,1.0,0.5,0.2
1974,2,263.0,23.0,,,,,,,,,,,,,,,,,,,,,,,,,,,,,,,,,,,,,,,,7.2,7.2,7.2,7.2,1.0,0.0,24.0,1.0,0.4,0.0,2.46,2.46,2.46,2.46,1.0,0.0,24.0,1.0,0.4,0.0,6.77,6.77,6.77,6.77,1.0,0.0,24.0,1.0,0.4,0.0,1018.0,1018.0,1018.0,1018.0,1.0,0.0,24.0,1.0,0.4,0.0,,,,,,,,,,,,,,,,,,,,,,,,,,,,,,,,,,,,,,,,,,,,,,,,,,,,,,,,,,,,,,,,,,,,,,,,,,,,,,,,,,,,,,,,,,,,,,,,,,,,,,,,,,,,,,,,,,,,,,,,,,,,,,,,,,,,,,,,,,,,,,,,,,,,,,
1974,2,263.0,24.0,22.99,23.4,23.81,23.4,2.0,0.85,10.0,0.0,0.4,0.7,14.0,14.5,17.62,15.75,4.0,2.87,18.0,0.5,0.4,0.6,7.76,7.77,7.79,7.77,2.0,0.03,10.0,0.0,0.4,0.7,58.2,66.6,75.0,66.6,2.0,17.4,10.0,0.0,0.7,3.53,10.25,18.12,10.8,4.0,8.67,18.0,0.5,0.4,0.6,-4.86,-2.21,0.0,-2.42,4.0,2.82,18.0,0.5,0.4,0.6,-17.68,-8.29,0.34,-8.66,4.0,10.72,18.0,0.5,0.4,0.6,1021.39,1022.0,1030.19,1025.7,3.0,7.2,16.0,0.3,0.4,0.7,3.0,5.0,7.0,5.0,4.0,2.6,18.0,0.5,0.4,0.6,-53.2,-11.3,0.0,-25.9,4.0,38.3,18.0,0.5,0.4,0.6,-328.4,-113.6,4.7,-159.7,4.0,206.5,18.0,0.5,0.4,0.6,3.94,6.4,8.86,6.4,2.0,5.09,10.0,0.0,0.4,0.7,15.3,17.6,19.9,17.6,2.0,4.8,10.0,0.0,0.4,0.7,9.57,10.03,10.5,10.03,2.0,0.97,10.0,0.0,0.4,0.7,26.5,35.1,43.7,35.1,2.0,17.8,10.0,0.0,0.4,0.7,-81.4,-36.9,0.0,-40.5,4.0,47.2,18.0,0.5,0.4,0.6,-258.3,-116.0,12.7,-122.5,4.0,163.3,18.0,0.5,0.4,0.6,-29.0,-17.2,-5.5,-17.2,2.0,24.3,10.0,0.0,0.4,0.7,-10.5,1.8,14.1,1.8,2.0,25.6,10.0,0.0,0.4,0.7,-34.7,-20.6,-6.6,-20.6,2.0,29.2,10.0,0.0,0.4,0.7,-15.1,0.7,16.5,0.7,2.0,32.8,10.0,0.0,0.4,0.7,68.0,1892.5,6318.5,3134.0,4.0,4102.5,18.0,0.5,0.4,0.6,70.0,1890.0,6320.0,3135.0,4.0,4100.0,18.0,0.5,0.4,0.6
1974,2,263.0,25.0,21.11,23.5,25.89,23.5,2.0,4.95,22.0,0.5,0.2,0.1,15.9,20.0,22.83,19.6,5.0,4.51,26.0,0.8,0.4,0.2,9.08,12.52,15.96,12.52,2.0,7.14,22.0,0.5,0.2,0.1,66.6,73.5,80.3,73.5,2.0,14.3,22.0,0.5,0.1,3.65,12.9,15.4,10.06,5.0,6.32,26.0,0.8,0.4,0.2,-5.27,-1.97,1.65,-1.59,5.0,4.1,26.0,0.8,0.4,0.2,-13.47,0.35,5.79,-2.35,5.0,11.81,26.0,0.8,0.4,0.2,1005.49,1020.0,1031.11,1018.08,5.0,14.37,26.0,0.8,0.4,0.2,1.3,4.0,6.7,4.0,5.0,3.2,26.0,0.8,0.4,0.2,-81.1,-3.9,7.6,-29.1,5.0,48.4,26.0,0.8,0.4,0.2,-187.0,0.7,83.7,-32.4,5.0,174.5,26.0,0.8,0.4,0.2,1.32,2.0,2.68,2.0,2.0,1.41,22.0,0.5,0.2,0.1,10.0,21.7,33.3,21.7,2.0,24.1,22.0,0.5,0.2,0.1,5.12,5.81,6.5,5.81,2.0,1.43,22.0,0.5,0.2,0.1,32.5,55.0,77.5,55.0,2.0,46.6,22.0,0.5,0.2,0.1,-87.2,-39.4,43.0,-21.2,5.0,87.8,26.0,0.8,0.4,0.2,-208.7,6.9,124.2,-18.1,5.0,212.3,26.0,0.8,0.4,0.2,12.6,39.8,66.9,39.8,2.0,56.3,22.0,0.5,0.2,0.1,-78.9,-41.2,-3.5,-41.2,2.0,78.1,22.0,0.5,0.2,0.1,3.5,10.9,18.3,10.9,2.0,15.4,22.0,0.5,0.2,0.1,-73.4,-42.1,-10.7,-42.1,2.0,64.9,22.0,0.5,0.2,0.1,64.5,2146.5,3652.5,1911.5,5.0,1805.0,26.0,0.8,0.4,0.2,65.0,2145.0,3650.0,1910.0,5.0,1805.0,26.0,0.8,0.4,0.2
1974,2,263.0,26.0,19.86,20.85,21.65,20.75,6.0,1.8,14.0,0.2,0.7,0.4,19.38,20.85,22.53,20.73,6.0,2.21,14.0,0.2,0.7,0.4,10.92,13.73,15.38,13.12,6.0,3.31,14.0,0.2,0.7,0.4,77.2,94.6,100.0,86.6,6.0,21.1,14.0,0.2,0.4,3.24,5.7,8.65,5.98,5.0,4.6,12.0,0.2,0.7,0.5,-3.1,-0.99,1.61,-0.7,5.0,3.37,12.0,0.2,0.7,0.5,-4.43,1.74,5.69,0.21,5.0,7.34,12.0,0.2,0.7,0.5,1007.56,1010.0,1024.45,1014.33,6.0,9.88,14.0,0.2,0.7,0.4,0.0,1.5,5.6,2.8,4.0,3.8,14.0,0.3,0.9,0.6,-17.3,-5.6,20.8,2.7,5.0,31.6,12.0,0.2,0.7,0.5,-57.1,8.9,33.5,-15.9,5.0,80.0,12.0,0.2,0.7,0.5,-1.96,0.0,0.98,0.02,6.0,2.21,14.0,0.2,0.7,0.4,-3.5,0.0,19.6,8.6,5.0,24.4,12.0,0.2,0.7,0.5,0.29,1.67,4.2,2.17,6.0,3.09,14.0,0.2,0.7,0.4,3.8,13.6,39.7,20.1,5.0,19.4,12.0,0.2,0.7,0.5,-70.5,-20.3,27.4,-20.4,5.0,66.8,12.0,0.2,0.7,0.5,-75.3,38.9,122.8,16.8,5.0,136.4,12.0,0.2,0.7,0.5,-35.8,-12.8,19.1,-6.5,5.0,36.2,12.0,0.2,0.7,0.5,-52.4,13.0,82.2,8.2,5.0,94.2,12.0,0.2,0.7,0.5,-14.3,-2.0,5.5,-4.9,5.0,18.4,12.0,0.2,0.7,0.5,-15.0,5.6,13.0,-1.9,5.0,22.6,12.0,0.2,0.7,0.5,84.0,185.0,935.5,540.5,5.0,902.0,12.0,0.2,0.7,0.5,85.0,185.0,935.0,540.0,5.0,900.0,12.0,0.2,0.7,0.5
1974,2,263.0,27.0,18.56,19.7,23.7,20.67,10.0,2.5,14.0,0.4,0.8,0.6,15.14,20.3,22.5,18.92,11.0,4.69,14.0,0.5,0.8,0.6,5.21,7.87,13.74,9.39,9.0,4.11,14.0,0.6,0.7,0.5,52.6,63.2,80.3,66.3,9.0,13.9,14.0,0.6,0.5,6.84,7.7,10.3,8.27,10.0,2.3,14.0,0.4,0.8,0.6,-4.95,-1.78,0.0,-2.92,10.0,3.77,14.0,0.4,0.8,0.6,-7.42,4.69,7.65,1.61,10.0,7.4,14.0,0.4,0.8,0.6,1015.14,1019.0,1025.57,1020.07,11.0,7.27,14.0,0.5,0.8,0.6,0.6,2.0,5.4,2.7,11.0,2.6,14.0,0.5,0.8,0.6,-38.1,-11.7,0.0,-27.3,10.0,45.8,14.0,0.4,0.8,0.6,-62.1,25.3,58.9,9.4,10.0,66.5,14.0,0.4,0.8,0.6,-2.51,1.1,4.94,1.56,10.0,4.38,14.0,0.4,0.8,0.6,-20.2,7.8,41.7,14.3,10.0,42.4,14.0,0.4,0.8,0.6,1.39,5.52,8.68,5.31,8.0,3.44,16.0,0.5,0.7,0.5,12.3,42.5,74.6,47.1,8.0,31.6,16.0,0.5,0.7,0.5,-105.3,-32.4,0.0,-62.3,10.0,87.6,14.0,0.4,0.8,0.6,-98.7,92.2,157.5,55.4,10.0,126.8,14.0,0.4,0.8,0.6,-58.2,-8.5,0.0,-40.5,8.0,66.2,16.0,0.5,0.7,0.5,-43.6,28.6,66.3,22.6,8.0,73.5,16.0,0.5,0.7,0.5,-34.8,-6.9,0.0,-13.2,8.0,16.8,16.0,0.5,0.7,0.5,-67.3,3.3,44.3,-5.1,8.0,55.0,16.0,0.5,0.7,0.5,332.0,456.5,1092.5,684.0,10.0,527.5,14.0,0.4,0.8,0.6,330.0,455.0,1095.0,685.0,10.0,525.0,14.0,0.4,0.8,0.6
1974,2,263.0,28.0,21.1,21.1,21.1,21.1,1.0,0.0,12.0,0.0,0.9,0.7,19.9,19.9,19.9,19.9,1.0,0.0,12.0,0.0,0.9,0.7,9.63,9.63,9.63,9.63,1.0,0.0,12.0,0.0,0.9,0.7,67.5,67.5,67.5,67.5,1.0,0.0,12.0,0.0,0.7,5.1,5.1,5.1,5.1,1.0,0.0,12.0,0.0,0.9,0.7,-3.28,-3.28,-3.28,-3.28,1.0,0.0,12.0,0.0,0.9,0.7,3.91,3.91,3.91,3.91,1.0,0.0,12.0,0.0,0.9,0.7,1022.8,1022.8,1022.8,1022.8,1.0,0.0,12.0,0.0,0.9,0.7,0.0,0.0,0.0,0.0,1.0,0.0,12.0,0.0,0.9,0.7,-16.7,-16.7,-16.7,-16.7,1.0,0.0,12.0,0.0,0.9,0.7,19.9,19.9,19.9,19.9,1.0,0.0,12.0,0.0,0.9,0.7,1.2,1.2,1.2,1.2,1.0,0.0,12.0,0.0,0.9,0.7,6.1,6.1,6.1,6.1,1.0,0.0,12.0,0.0,0.9,0.7,5.8,5.8,5.8,5.8,1.0,0.0,12.0,0.0,0.9,0.7,29.6,29.6,29.6,29.6,1.0,0.0,12.0,0.0,0.9,0.7,-65.2,-65.2,-65.2,-65.2,1.0,0.0,12.0,0.0,0.9,0.7,77.7,77.7,77.7,77.7,1.0,0.0,12.0,0.0,0.9,0.7,-31.6,-31.6,-31.6,-31.6,1.0,0.0,12.0,0.0,0.9,0.7,37.6,37.6,37.6,37.6,1.0,0.0,12.0,0.0,0.9,0.7,-19.0,-19.0,-19.0,-19.0,1.0,0.0,12.0,0.0,0.9,0.7,22.7,22.7,22.7,22.7,1.0,0.0,12.0,0.0,0.9,0.7,132.5,132.5,132.5,132.5,1.0,0.0,12.0,0.0,0.9,0.7,135.0,135.0,135.0,135.0,1.0,0.0,12.0,0.0,0.9,0.7
1974,2,264.0,-68.0,,,,,,,,,,,,,,,,,,,,,,,,,,,,,,,,,,,,,,,,,,,,,,,,,,,,,,,,,,,,,,,,,,,,,,,,,,,,,,,,7.0,7.0,7.0,7.0,1.0,0.0,22.0,1.0,0.2,0.1,0.0,0.0,0.0,0.0,1.0,0.0,22.0,1.0,0.2,0.1,-9.6,-9.6,-9.6,-9.6,1.0,0.0,22.0,1.0,0.2,0.1,,,,,,,,,,,,,,,,,,,,,,,,,,,,,,,,,,,,,,,,,,,,,,,,,,,,,,,,,,,,,,,,,,,,,,,,,,,,,,,,,,,,,,,,,,,,,,,,,,,,,,,,,,,,,,,,,,,,,,,,
1974,2,264.0,-52.0,,,,,,,,,,,,,,,,,,,,,,,,,,,,,,,,,,,,,,,,14.0,14.0,14.0,14.0,1.0,0.0,18.0,1.0,0.5,0.2,13.16,13.16,13.16,13.16,1.0,0.0,18.0,1.0,0.5,0.2,4.79,4.79,4.79,4.79,1.0,0.0,18.0,1.0,0.5,0.2,1010.6,1010.6,1010.6,1010.6,1.0,0.0,18.0,1.0,0.5,0.2,,,,,,,,,,,,,,,,,,,,,,,,,,,,,,,,,,,,,,,,,,,,,,,,,,,,,,,,,,,,,,,,,,,,,,,,,,,,,,,,,,,,,,,,,,,,,,,,,,,,,,,,,,,,,,,,,,,,,,,,,,,,,,,,,,,,,,,,,,,,,,,,,,,,,,
1974,2,264.0,-32.0,,,,,,,,,,,,,,,,,,,,,,,,,,,,,,,,,,,,,,,,2.1,2.1,2.1,2.1,1.0,0.0,20.0,1.0,0.3,0.2,1.97,1.97,1.97,1.97,1.0,0.0,20.0,1.0,0.3,0.2,0.72,0.72,0.72,0.72,1.0,0.0,20.0,1.0,0.3,0.2,1013.0,1013.0,1013.0,1013.0,1.0,0.0,20.0,1.0,0.3,0.2,,,,,,,,,,,,,,,,,,,,,,,,,,,,,,,,,,,,,,,,,,,,,,,,,,,,,,,,,,,,,,,,,,,,,,,,,,,,,,,,,,,,,,,,,,,,,,,,,,,,,,,,,,,,,,,,,,,,,,,,,,,,,,,,,,,,,,,,,,,,,,,,,,,,,,
1974,2,264.0,-30.0,22.8,22.8,22.8,22.8,1.0,0.0,28.0,0.0,0.1,0.8,21.2,21.2,21.2,21.2,1.0,0.0,28.0,0.0,0.1,0.8,13.96,13.96,13.96,13.96,1.0,0.0,28.0,0.0,0.1,0.8,90.0,90.0,90.0,90.0,1.0,0.0,28.0,0.0,0.8,7.7,7.7,7.7,7.7,1.0,0.0,28.0,0.0,0.1,0.8,-7.58,-7.58,-7.58,-7.58,1.0,0.0,28.0,0.0,0.1,0.8,1.34,1.34,1.34,1.34,1.0,0.0,28.0,0.0,0.1,0.8,1022.7,1022.7,1022.7,1022.7,1.0,0.0,28.0,0.0,0.1,0.8,8.0,8.0,8.0,8.0,1.0,0.0,28.0,0.0,0.1,0.8,-58.4,-58.4,-58.4,-58.4,1.0,0.0,28.0,0.0,0.1,0.8,10.3,10.3,10.3,10.3,1.0,0.0,28.0,0.0,0.1,0.8,1.6,1.6,1.6,1.6,1.0,0.0,28.0,0.0,0.1,0.8,12.3,12.3,12.3,12.3,1.0,0.0,28.0,0.0,0.1,0.8,3.17,3.17,3.17,3.17,1.0,0.0,28.0,0.0,0.1,0.8,24.4,24.4,24.4,24.4,1.0,0.0,28.0,0.0,0.1,0.8,-160.8,-160.8,-160.8,-160.8,1.0,0.0,28.0,0.0,0.1,0.8,28.3,28.3,28.3,28.3,1.0,0.0,28.0,0.0,0.1,0.8,-105.9,-105.9,-105.9,-105.9,1.0,0.0,28.0,0.0,0.1,0.8,18.7,18.7,18.7,18.7,1.0,0.0,28.0,0.0,0.1,0.8,-24.0,-24.0,-24.0,-24.0,1.0,0.0,28.0,0.0,0.1,0.8,4.2,4.2,4.2,4.2,1.0,0.0,28.0,0.0,0.1,0.8,456.5,456.5,456.5,456.5,1.0,0.0,28.0,0.0,0.1,0.8,455.0,455.0,455.0,455.0,1.0,0.0,28.0,0.0,0.1,0.8
1974,2,264.0,-28.0,22.8,22.8,22.8,22.8,1.0,0.0,28.0,1.0,0.9,0.4,21.7,21.7,21.7,21.7,1.0,0.0,28.0,1.0,0.9,0.4,13.8,13.8,13.8,13.8,1.0,0.0,28.0,1.0,0.9,0.4,86.2,86.2,86.2,86.2,1.0,0.0,28.0,1.0,0.4,2.6,2.6,2.6,2.6,1.0,0.0,28.0,1.0,0.9,0.4,-1.67,-1.67,-1.67,-1.67,1.0,0.0,28.0,1.0,0.9,0.4,1.99,1.99,1.99,1.99,1.0,0.0,28.0,1.0,0.9,0.4,1022.0,1022.0,1022.0,1022.0,1.0,0.0,28.0,1.0,0.9,0.4,4.0,4.0,4.0,4.0,1.0,0.0,28.0,1.0,0.9,0.4,-4.3,-4.3,-4.3,-4.3,1.0,0.0,28.0,1.0,0.9,0.4,5.2,5.2,5.2,5.2,1.0,0.0,28.0,1.0,0.9,0.4,1.1,1.1,1.1,1.1,1.0,0.0,28.0,1.0,0.9,0.4,2.9,2.9,2.9,2.9,1.0,0.0,28.0,1.0,0.9,0.4,3.35,3.35,3.35,3.35,1.0,0.0,28.0,1.0,0.9,0.4,8.7,8.7,8.7,8.7,1.0,0.0,28.0,1.0,0.9,0.4,-36.3,-36.3,-36.3,-36.3,1.0,0.0,28.0,1.0,0.9,0.4,43.2,43.2,43.2,43.2,1.0,0.0,28.0,1.0,0.9,0.4,-23.1,-23.1,-23.1,-23.1,1.0,0.0,28.0,1.0,0.9,0.4,27.5,27.5,27.5,27.5,1.0,0.0,28.0,1.0,0.9,0.4,-5.6,-5.6,-5.6,-5.6,1.0,0.0,28.0,1.0,0.9,0.4,6.7,6.7,6.7,6.7,1.0,0.0,28.0,1.0,0.9,0.4,17.5,17.5,17.5,17.5,1.0,0.0,28.0,1.0,0.9,0.4,20.0,20.0,20.0,20.0,1.0,0.0,28.0,1.0,0.9,0.4
1974,2,264.0,-22.0,,,,,,,,,,,,,,,,,,,,,,,,,,,,,,,,,,,,,,,,9.3,9.3,9.3,9.3,1.0,0.0,4.0,0.0,0.8,0.3,-8.05,-8.05,-8.05,-8.05,1.0,0.0,4.0,0.0,0.8,0.3,4.65,4.65,4.65,4.65,1.0,0.0,4.0,0.0,0.8,0.3,1018.5,1018.5,1018.5,1018.5,1.0,0.0,4.0,0.0,0.8,0.3,8.0,8.0,8.0,8.0,1.0,0.0,4.0,0.0,0.8,0.3,-74.9,-74.9,-74.9,-74.9,1.0,0.0,4.0,0.0,0.8,0.3,43.2,43.2,43.2,43.2,1.0,0.0,4.0,0.0,0.8,0.3,,,,,,,,,,,,,,,,,,,,,,,,,,,,,,,,,,,,,,,,,-169.1,-169.1,-169.1,-169.1,1.0,0.0,4.0,0.0,0.8,0.3,97.7,97.7,97.7,97.7,1.0,0.0,4.0,0.0,0.8,0.3,-97.6,-97.6,-97.6,-97.6,1.0,0.0,4.0,0.0,0.8,0.3,56.4,56.4,56.4,56.4,1.0,0.0,4.0,0.0,0.8,0.3,,,,,,,,,,,,,,,,,,,,,,,,,,,,,,,,,,,,,,,,
1974,2,264.0,-14.0,23.6,23.6,23.6,23.6,1.0,0.0,20.0,1.0,0.5,0.7,23.1,23.1,23.1,23.1,1.0,0.0,20.0,1.0,0.5,0.7,12.84,12.84,12.84,12.84,1.0,0.0,20.0,1.0,0.5,0.7,73.0,73.0,73.0,73.0,1.0,0.0,20.0,1.0,0.7,8.2,8.2,8.2,8.2,1.0,0.0,20.0,1.0,0.5,0.7,-7.1,-7.1,-7.1,-7.1,1.0,0.0,20.0,1.0,0.5,0.7,4.1,4.1,4.1,4.1,1.0,0.0,20.0,1.0,0.5,0.7,1011.4,1011.4,1011.4,1011.4,1.0,0.0,20.0,1.0,0.5,0.7,6.0,6.0,6.0,6.0,1.0,0.0,20.0,1.0,0.5,0.7,-58.2,-58.2,-58.2,-58.2,1.0,0.0,20.0,1.0,0.5,0.7,33.6,33.6,33.6,33.6,1.0,0.0,20.0,1.0,0.5,0.7,0.5,0.5,0.5,0.5,1.0,0.0,20.0,1.0,0.5,0.7,4.1,4.1,4.1,4.1,1.0,0.0,20.0,1.0,0.5,0.7,5.35,5.35,5.35,5.35,1.0,0.0,20.0,1.0,0.5,0.7,43.9,43.9,43.9,43.9,1.0,0.0,20.0,1.0,0.5,0.7,-164.0,-164.0,-164.0,-164.0,1.0,0.0,20.0,1.0,0.5,0.7,94.7,94.7,94.7,94.7,1.0,0.0,20.0,1.0,0.5,0.7,-91.2,-91.2,-91.2,-91.2,1.0,0.0,20.0,1.0,0.5,0.7,52.7,52.7,52.7,52.7,1.0,0.0,20.0,1.0,0.5,0.7,-38.0,-38.0,-38.0,-38.0,1.0,0.0,20.0,1.0,0.5,0.7,21.9,21.9,21.9,21.9,1.0,0.0,20.0,1.0,0.5,0.7,551.5,551.5,551.5,551.5,1.0,0.0,20.0,1.0,0.5,0.7,550.0,550.0,550.0,550.0,1.0,0.0,20.0,1.0,0.5,0.7
1974,2,264.0,-11.0,24.33,24.4,24.47,24.4,3.0,0.1,14.0,1.0,0.6,0.6,24.3,24.5,25.18,24.73,3.0,0.68,14.0,1.0,0.6,0.6,14.98,15.08,15.36,15.17,3.0,0.29,14.0,1.0,0.6,0.6,75.9,79.3,80.4,78.2,3.0,3.4,14.0,1.0,0.6,10.16,10.5,10.84,10.5,2.0,0.71,14.0,1.0,0.5,0.6,-8.62,-8.54,-8.46,-8.54,2.0,0.17,14.0,1.0,0.5,0.6,5.33,6.04,6.74,6.04,2.0,1.46,14.0,1.0,0.5,0.6,1011.89,1012.3,1013.67,1012.77,3.0,1.36,14.0,1.0,0.6,0.6,8.0,8.0,8.0,8.0,3.0,0.0,14.0,1.0,0.6,0.6,-91.7,-89.6,-87.6,-89.6,2.0,4.3,14.0,1.0,0.5,0.6,54.4,63.9,73.4,63.9,2.0,19.6,14.0,1.0,0.5,0.6,-0.71,-0.1,0.04,-0.33,3.0,0.59,14.0,1.0,0.6,0.6,-0.7,0.1,0.8,0.1,2.0,1.5,14.0,1.0,0.5,0.6,3.74,4.05,4.07,3.91,3.0,0.27,14.0,1.0,0.6,0.6,37.3,40.2,43.2,40.2,2.0,6.1,14.0,1.0,0.5,0.6,-210.9,-208.0,-205.2,-208.0,2.0,5.8,14.0,1.0,0.5,0.6,130.2,146.8,163.4,146.8,2.0,34.4,14.0,1.0,0.5,0.6,-132.8,-130.0,-127.1,-130.0,2.0,5.9,14.0,1.0,0.5,0.6,81.9,91.5,101.1,91.5,2.0,19.9,14.0,1.0,0.5,0.6,-33.6,-32.6,-31.6,-32.6,2.0,2.1,14.0,1.0,0.5,0.6,19.7,23.3,26.9,23.3,2.0,7.5,14.0,1.0,0.5,0.6,1052.5,1165.5,1278.5,1165.5,2.0,234.0,14.0,1.0,0.5,0.6,1055.0,1165.0,1280.0,1165.0,2.0,235.0,14.0,1.0,0.5,0.6
1974,2,264.0,-10.0,24.8,24.8,24.8,24.8,1.0,0.0,28.0,0.0,0.1,0.8,24.4,24.4,24.4,24.4,1.0,0.0,28.0,0.0,0.1,0.8,17.75,17.75,17.75,17.75,1.0,0.0,28.0,0.0,0.1,0.8,93.0,93.0,93.0,93.0,1.0,0.0,28.0,0.0,0.8,7.2,7.2,7.2,7.2,1.0,0.0,28.0,0.0,0.1,0.8,-6.77,-6.77,-6.77,-6.77,1.0,0.0,28.0,0.0,0.1,0.8,2.46,2.46,2.46,2.46,1.0,0.0,28.0,0.0,0.1,0.8,1011.8,1011.8,1011.8,1011.8,1.0,0.0,28.0,0.0,0.1,0.8,1.0,1.0,1.0,1.0,1.0,0.0,28.0,0.0,0.1,0.8,-48.7,-48.7,-48.7,-48.7,1.0,0.0,28.0,0.0,0.1,0.8,17.7,17.7,17.7,17.7,1.0,0.0,28.0,0.0,0.1,0.8,0.4,0.4,0.4,0.4,1.0,0.0,28.0,0.0,0.1,0.8,2.9,2.9,2.9,2.9,1.0,0.0,28.0,0.0,0.1,0.8,1.81,1.81,1.81,1.81,1.0,0.0,28.0,0.0,0.1,0.8,13.1,13.1,13.1,13.1,1.0,0.0,28.0,0.0,0.1,0.8,-165.1,-165.1,-165.1,-165.1,1.0,0.0,28.0,0.0,0.1,0.8,60.1,60.1,60.1,60.1,1.0,0.0,28.0,0.0,0.1,0.8,-120.1,-120.1,-120.1,-120.1,1.0,0.0,28.0,0.0,0.1,0.8,43.7,43.7,43.7,43.7,1.0,0.0,28.0,0.0,0.1,0.8,-12.3,-12.3,-12.3,-12.3,1.0,0.0,28.0,0.0,0.1,0.8,4.5,4.5,4.5,4.5,1.0,0.0,28.0,0.0,0.1,0.8,373.0,373.0,373.0,373.0,1.0,0.0,28.0,0.0,0.1,0.8,375.0,375.0,375.0,375.0,1.0,0.0,28.0,0.0,0.1,0.8
1974,2,264.0,-8.0,24.33,24.4,25.29,24.8,3.0,0.78,14.0,0.3,0.7,0.4,23.82,24.5,24.57,24.2,3.0,0.61,14.0,0.3,0.7,0.4,15.93,16.59,16.61,16.27,3.0,0.56,14.0,0.3,0.7,0.4,82.8,86.0,90.0,86.4,3.0,5.3,14.0,0.3,0.4,3.76,4.1,4.44,4.1,3.0,0.5,14.0,0.3,0.7,0.4,-2.23,-2.05,-1.72,-1.98,3.0,0.38,14.0,0.3,0.7,0.4,3.01,3.55,4.08,3.54,3.0,0.78,14.0,0.3,0.7,0.4,1010.0,1010.2,1011.36,1010.67,3.0,1.08,14.0,0.3,0.7,0.4,1.3,2.0,2.0,1.7,3.0,0.6,14.0,0.3,0.7,0.4,-8.4,-8.3,-7.6,-8.0,3.0,0.7,14.0,0.3,0.7,0.4,11.4,14.6,18.2,14.8,3.0,5.0,14.0,0.3,0.7,0.4,0.15,0.9,1.04,0.6,3.0,0.7,14.0,0.3,0.7,0.4,0.5,3.7,3.9,2.2,3.0,2.7,14.0,0.3,0.7,0.4,2.79,3.39,3.85,3.32,3.0,0.78,14.0,0.3,0.7,0.4,11.7,14.6,15.3,13.5,3.0,2.8,14.0,0.3,0.7,0.4,-54.1,-48.2,-41.6,-47.9,3.0,9.2,14.0,0.3,0.7,0.4,72.8,83.4,98.8,85.7,3.0,19.1,14.0,0.3,0.7,0.4,-37.0,-34.1,-27.6,-32.3,3.0,7.1,14.0,0.3,0.7,0.4,49.9,59.0,64.8,57.4,3.0,11.0,14.0,0.3,0.7,0.4,-8.1,-5.3,-5.2,-6.6,3.0,2.4,14.0,0.3,0.7,0.4,9.6,11.2,13.6,11.6,3.0,2.9,14.0,0.3,0.7,0.4,53.5,69.0,88.5,71.0,3.0,25.5,14.0,0.3,0.7,0.4,55.0,70.0,90.0,70.0,3.0,25.0,14.0,0.3,0.7,0.4
1974,2,264.0,-7.0,24.76,25.6,26.13,25.46,5.0,0.98,16.0,0.2,0.6,0.6,23.62,24.4,25.11,24.36,5.0,0.83,16.0,0.2,0.6,0.6,14.62,15.22,17.01,15.79,4.0,1.65,16.0,0.3,0.6,0.6,80.7,82.5,86.5,83.5,4.0,4.4,16.0,0.3,0.6,3.72,7.2,7.88,5.92,5.0,2.76,16.0,0.2,0.6,0.6,-6.55,-4.95,-2.1,-4.44,5.0,2.42,16.0,0.2,0.6,0.6,2.47,4.1,4.9,3.69,5.0,1.97,16.0,0.2,0.6,0.6,1009.63,1011.9,1012.62,1011.36,5.0,1.76,16.0,0.2,0.6,0.6,1.9,5.0,5.4,3.8,5.0,2.4,16.0,0.2,0.6,0.6,-49.8,-38.1,-8.7,-31.2,5.0,23.2,16.0,0.2,0.6,0.6,14.0,25.9,37.9,25.5,5.0,16.5,16.0,0.2,0.6,0.6,0.58,0.8,1.73,1.1,5.0,0.79,16.0,0.2,0.6,0.6,2.6,5.8,13.8,7.9,5.0,6.8,16.0,0.2,0.6,0.6,3.97,4.17,5.1,4.52,4.0,0.92,16.0,0.3,0.6,0.6,17.8,31.1,38.8,28.4,4.0,16.3,16.0,0.3,0.6,0.6,-162.2,-115.3,-51.9,-108.6,5.0,60.7,16.0,0.2,0.6,0.6,60.2,103.7,118.9,89.9,5.0,47.0,16.0,0.2,0.6,0.6,-114.3,-85.5,-45.3,-80.0,4.0,45.8,16.0,0.3,0.6,0.6,31.0,65.5,80.6,56.2,4.0,34.7,16.0,0.3,0.6,0.6,-28.3,-27.0,-15.6,-22.2,4.0,11.0,16.0,0.3,0.6,0.6,8.4,15.6,25.7,17.0,4.0,13.4,16.0,0.3,0.6,0.6,80.5,373.0,491.0,302.0,5.0,230.0,16.0,0.2,0.6,0.6,80.0,375.0,490.0,300.0,5.0,230.0,16.0,0.2,0.6,0.6
1974,2,264.0,-6.0,25.0,25.2,26.03,25.62,6.0,1.04,16.0,0.2,0.7,0.6,24.0,24.8,26.19,25.31,7.0,1.41,18.0,0.3,0.7,0.5,15.32,16.19,16.95,16.19,6.0,0.92,16.0,0.2,0.7,0.6,77.0,82.2,88.9,82.7,6.0,5.9,16.0,0.2,0.6,4.08,4.6,9.32,5.8,7.0,2.59,18.0,0.3,0.7,0.5,-4.95,-3.52,-2.28,-3.56,7.0,1.49,18.0,0.3,0.7,0.5,2.75,2.96,7.19,4.46,7.0,2.38,18.0,0.3,0.7,0.5,1011.0,1011.5,1012.52,1011.71,7.0,0.81,18.0,0.3,0.7,0.5,5.8,7.0,8.0,6.6,7.0,2.1,18.0,0.3,0.7,0.5,-48.4,-16.2,-8.3,-23.5,7.0,19.8,18.0,0.3,0.7,0.5,10.8,13.6,67.1,31.0,7.0,30.4,18.0,0.3,0.7,0.5,0.16,0.75,1.28,0.75,6.0,0.66,16.0,0.2,0.7,0.6,0.7,4.2,7.5,5.0,6.0,5.4,16.0,0.2,0.7,0.6,3.49,4.35,5.25,4.39,6.0,0.97,16.0,0.2,0.7,0.6,16.0,18.2,48.2,28.0,6.0,17.3,16.0,0.2,0.7,0.6,-122.7,-84.6,-58.3,-90.3,7.0,38.6,18.0,0.3,0.7,0.5,70.9,73.8,187.1,112.7,7.0,59.9,18.0,0.3,0.7,0.5,-80.1,-58.6,-33.4,-59.4,6.0,28.3,16.0,0.2,0.7,0.6,47.4,59.2,125.3,77.0,6.0,39.1,16.0,0.2,0.7,0.6,-25.7,-12.2,-10.4,-16.6,6.0,10.3,16.0,0.2,0.7,0.6,10.3,15.5,40.6,22.1,6.0,14.7,16.0,0.2,0.7,0.6,68.0,97.5,811.0,307.5,7.0,388.5,18.0,0.3,0.7,0.5,70.0,95.0,810.0,310.0,7.0,390.0,18.0,0.3,0.7,0.5
1974,2,264.0,-2.0,24.25,24.35,24.45,24.35,2.0,0.21,4.0,0.5,1.0,0.9,24.34,25.5,26.66,25.5,2.0,2.4,4.0,0.5,1.0,0.9,16.46,16.51,16.56,16.51,2.0,0.11,4.0,0.5,1.0,0.9,76.1,81.4,86.7,81.4,2.0,10.9,4.0,0.5,0.9,2.68,2.85,3.02,2.85,2.0,0.35,4.0,0.5,1.0,0.9,0.14,0.44,0.75,0.44,2.0,0.63,4.0,0.5,1.0,0.9,2.55,2.77,3.0,2.77,2.0,0.46,4.0,0.5,1.0,0.9,1009.43,1010.35,1011.27,1010.35,2.0,1.91,4.0,0.5,1.0,0.9,4.5,5.5,6.5,5.5,2.0,2.1,4.0,0.5,1.0,0.9,0.4,1.2,1.9,1.2,2.0,1.6,4.0,0.5,1.0,0.9,6.9,8.0,9.1,8.0,2.0,2.3,4.0,0.5,1.0,0.9,-2.21,-1.15,-0.09,-1.15,2.0,2.19,4.0,0.5,1.0,0.9,-6.9,-3.7,-0.5,-3.7,2.0,6.7,4.0,0.5,1.0,0.9,2.51,2.55,2.6,2.55,2.0,0.1,4.0,0.5,1.0,0.9,6.7,7.3,7.9,7.3,2.0,1.2,4.0,0.5,1.0,0.9,3.4,10.6,17.8,10.6,2.0,15.0,4.0,0.5,1.0,0.9,62.3,71.2,80.2,71.2,2.0,18.5,4.0,0.5,1.0,0.9,2.3,7.3,12.3,7.3,2.0,10.3,4.0,0.5,1.0,0.9,41.9,45.8,49.6,45.8,2.0,8.0,4.0,0.5,1.0,0.9,0.4,1.1,1.9,1.1,2.0,1.6,4.0,0.5,1.0,0.9,6.4,7.1,7.8,7.1,2.0,1.5,4.0,0.5,1.0,0.9,19.5,23.5,28.0,23.5,2.0,8.5,4.0,0.5,1.0,0.9,20.0,25.0,30.0,25.0,2.0,10.0,4.0,0.5,1.0,0.9
1974,2,264.0,-1.0,24.32,25.45,26.58,25.45,2.0,2.33,14.0,0.0,0.3,0.5,23.65,24.4,25.15,24.4,2.0,1.56,14.0,0.0,0.3,0.5,15.86,16.63,17.4,16.63,2.0,1.6,14.0,0.0,0.3,0.5,86.9,87.0,87.1,87.0,2.0,0.1,14.0,0.0,0.5,0.0,0.0,0.0,0.0,2.0,0.0,14.0,0.0,0.3,0.5,0.0,0.0,0.0,0.0,2.0,0.0,14.0,0.0,0.3,0.5,0.0,0.0,0.0,0.0,2.0,0.0,14.0,0.0,0.3,0.5,1011.05,1011.15,1011.25,1011.15,2.0,0.21,14.0,0.0,0.3,0.5,1.8,3.5,5.2,3.5,2.0,3.5,14.0,0.0,0.3,0.5,0.0,0.0,0.0,0.0,2.0,0.0,14.0,0.0,0.3,0.5,0.0,0.0,0.0,0.0,2.0,0.0,14.0,0.0,0.3,0.5,0.67,1.05,1.43,1.05,2.0,0.78,14.0,0.0,0.3,0.5,0.0,0.0,0.0,0.0,2.0,0.0,14.0,0.0,0.3,0.5,3.2,3.81,4.43,3.81,2.0,1.27,14.0,0.0,0.3,0.5,0.0,0.0,0.0,0.0,2.0,0.0,14.0,0.0,0.3,0.5,0.0,0.0,0.0,0.0,2.0,0.0,14.0,0.0,0.3,0.5,0.0,0.0,0.0,0.0,2.0,0.0,14.0,0.0,0.3,0.5,0.0,0.0,0.0,0.0,2.0,0.0,14.0,0.0,0.3,0.5,0.0,0.0,0.0,0.0,2.0,0.0,14.0,0.0,0.3,0.5,0.0,0.0,0.0,0.0,2.0,0.0,14.0,0.0,0.3,0.5,0.0,0.0,0.0,0.0,2.0,0.0,14.0,0.0,0.3,0.5,0.0,0.0,0.0,0.0,2.0,0.0,14.0,0.0,0.3,0.5,0.0,0.0,0.0,0.0,2.0,0.0,14.0,0.0,0.3,0.5
1974,2,264.0,0.0,27.0,27.0,27.0,27.0,1.0,0.0,24.0,1.0,0.1,0.8,26.5,26.5,26.5,26.5,1.0,0.0,24.0,1.0,0.1,0.8,18.48,18.48,18.48,18.48,1.0,0.0,24.0,1.0,0.1,0.8,85.1,85.1,85.1,85.1,1.0,0.0,24.0,1.0,0.8,0.0,0.0,0.0,0.0,1.0,0.0,24.0,1.0,0.1,0.8,0.0,0.0,0.0,0.0,1.0,0.0,24.0,1.0,0.1,0.8,0.0,0.0,0.0,0.0,1.0,0.0,24.0,1.0,0.1,0.8,1007.7,1007.7,1007.7,1007.7,1.0,0.0,24.0,1.0,0.1,0.8,3.0,3.0,3.0,3.0,1.0,0.0,24.0,1.0,0.1,0.8,0.0,0.0,0.0,0.0,1.0,0.0,24.0,1.0,0.1,0.8,0.0,0.0,0.0,0.0,1.0,0.0,24.0,1.0,0.1,0.8,0.5,0.5,0.5,0.5,1.0,0.0,24.0,1.0,0.1,0.8,0.0,0.0,0.0,0.0,1.0,0.0,24.0,1.0,0.1,0.8,3.93,3.93,3.93,3.93,1.0,0.0,24.0,1.0,0.1,0.8,0.0,0.0,0.0,0.0,1.0,0.0,24.0,1.0,0.1,0.8,0.0,0.0,0.0,0.0,1.0,0.0,24.0,1.0,0.1,0.8,0.0,0.0,0.0,0.0,1.0,0.0,24.0,1.0,0.1,0.8,0.0,0.0,0.0,0.0,1.0,0.0,24.0,1.0,0.1,0.8,0.0,0.0,0.0,0.0,1.0,0.0,24.0,1.0,0.1,0.8,0.0,0.0,0.0,0.0,1.0,0.0,24.0,1.0,0.1,0.8,0.0,0.0,0.0,0.0,1.0,0.0,24.0,1.0,0.1,0.8,0.0,0.0,0.0,0.0,1.0,0.0,24.0,1.0,0.1,0.8,0.0,0.0,0.0,0.0,1.0,0.0,24.0,1.0,0.1,0.8
1974,2,264.0,1.0,26.13,26.7,27.8,26.83,10.0,0.81,16.0,0.5,0.5,0.4,24.29,25.4,26.46,25.34,10.0,1.06,16.0,0.5,0.5,0.4,15.74,17.45,18.13,17.15,10.0,1.41,16.0,0.5,0.5,0.4,79.7,84.1,90.8,84.8,10.0,5.5,16.0,0.5,0.4,1.47,3.35,5.1,3.39,10.0,1.88,16.0,0.5,0.5,0.4,-1.81,0.23,0.76,-0.38,10.0,1.74,16.0,0.5,0.5,0.4,-1.32,2.69,4.72,1.97,10.0,2.96,16.0,0.5,0.5,0.4,1009.33,1010.5,1012.01,1010.47,10.0,1.5,16.0,0.5,0.5,0.4,2.4,4.5,6.0,4.4,10.0,1.7,16.0,0.5,0.5,0.4,-6.8,0.1,1.8,-2.0,10.0,8.5,16.0,0.5,0.5,0.4,-3.8,8.6,23.2,10.2,10.0,14.4,16.0,0.5,0.5,0.4,0.44,1.2,2.89,1.49,10.0,1.24,16.0,0.5,0.5,0.4,0.7,4.1,12.2,6.4,10.0,6.2,16.0,0.5,0.5,0.4,3.97,5.2,6.11,5.0,10.0,1.19,16.0,0.5,0.5,0.4,4.9,17.4,30.0,18.3,10.0,12.8,16.0,0.5,0.5,0.4,-44.1,5.9,20.3,-9.3,10.0,43.6,16.0,0.5,0.5,0.4,-32.1,68.4,114.9,48.9,10.0,73.2,16.0,0.5,0.5,0.4,-29.6,4.1,13.6,-6.8,10.0,29.5,16.0,0.5,0.5,0.4,-22.9,48.9,76.4,32.1,10.0,49.0,16.0,0.5,0.5,0.4,-10.9,0.9,3.2,-2.5,10.0,9.9,16.0,0.5,0.5,0.4,-5.5,10.7,28.4,11.1,10.0,17.2,16.0,0.5,0.5,0.4,4.5,38.0,132.5,70.5,10.0,78.5,16.0,0.5,0.5,0.4,5.0,40.0,135.0,70.0,10.0,80.0,16.0,0.5,0.5,0.4
1974,2,264.0,2.0,27.2,27.2,27.8,27.41,15.0,0.39,20.0,0.5,0.6,0.5,24.4,25.6,26.49,25.55,15.0,1.0,20.0,0.5,0.6,0.5,16.64,17.56,17.96,17.44,15.0,0.68,20.0,0.5,0.6,0.5,79.4,87.0,90.2,85.3,15.0,5.4,20.0,0.5,0.5,0.0,2.6,5.1,2.72,14.0,2.28,20.0,0.5,0.6,0.6,-1.04,0.0,1.63,-0.01,14.0,1.51,20.0,0.5,0.6,0.6,-3.82,0.0,1.47,-0.73,14.0,3.21,20.0,0.5,0.6,0.6,1009.24,1010.3,1011.43,1010.31,15.0,1.02,20.0,0.5,0.6,0.5,3.0,7.0,7.8,5.8,15.0,2.2,20.0,0.5,0.6,0.5,-6.3,0.0,5.8,-0.5,14.0,6.6,20.0,0.5,0.6,0.6,-19.1,0.0,3.3,-3.4,14.0,17.4,20.0,0.5,0.6,0.6,0.71,1.6,3.19,1.85,15.0,1.12,20.0,0.5,0.6,0.5,0.0,4.6,10.1,6.1,14.0,6.7,20.0,0.5,0.6,0.6,4.65,5.29,6.62,5.47,15.0,0.92,20.0,0.5,0.6,0.5,0.0,14.3,29.3,15.6,14.0,13.9,20.0,0.5,0.6,0.6,-25.3,0.0,39.2,-0.8,14.0,38.9,20.0,0.5,0.6,0.6,-103.7,0.0,39.7,-18.1,14.0,80.9,20.0,0.5,0.6,0.6,-17.2,0.0,28.3,-0.4,14.0,26.3,20.0,0.5,0.6,0.6,-68.4,0.0,26.1,-12.1,14.0,55.5,20.0,0.5,0.6,0.6,-7.1,0.0,8.3,0.1,14.0,8.8,20.0,0.5,0.6,0.6,-21.3,0.0,8.5,-5.3,14.0,18.7,20.0,0.5,0.6,0.6,0.0,17.5,132.5,61.5,14.0,87.5,20.0,0.5,0.6,0.6,0.0,20.0,135.0,60.0,14.0,85.0,20.0,0.5,0.6,0.6
1974,2,264.0,3.0,25.85,27.8,28.06,27.14,5.0,1.26,18.0,0.8,0.6,0.3,25.26,25.7,26.81,25.92,5.0,0.99,18.0,0.8,0.6,0.3,16.62,19.04,19.13,18.07,5.0,1.46,18.0,0.8,0.6,0.3,80.6,85.2,91.9,86.5,5.0,8.3,18.0,0.8,0.3,2.65,5.1,5.1,3.98,5.0,1.79,18.0,0.8,0.6,0.3,-2.3,-0.17,0.72,-0.74,5.0,1.75,18.0,0.8,0.6,0.3,-4.88,-3.91,-2.61,-3.65,5.0,1.61,18.0,0.8,0.6,0.3,1008.82,1010.9,1012.84,1010.82,5.0,2.06,18.0,0.8,0.6,0.3,3.0,6.0,7.0,5.2,5.0,2.0,18.0,0.8,0.6,0.3,-11.8,-0.2,3.1,-3.8,5.0,8.8,18.0,0.8,0.6,0.3,-24.9,-19.9,-8.5,-16.7,5.0,10.2,18.0,0.8,0.6,0.3,0.66,1.5,1.72,1.22,5.0,0.82,18.0,0.8,0.6,0.3,0.8,5.6,8.8,5.0,5.0,4.5,18.0,0.8,0.6,0.3,3.4,4.44,5.84,4.51,5.0,1.75,18.0,0.8,0.6,0.3,10.8,22.0,29.8,20.2,5.0,12.1,18.0,0.8,0.6,0.3,-60.8,-4.3,18.8,-19.6,5.0,46.8,18.0,0.8,0.6,0.3,-127.2,-105.5,-66.7,-95.6,5.0,43.2,18.0,0.8,0.6,0.3,-41.6,-3.3,12.5,-13.7,5.0,32.5,18.0,0.8,0.6,0.3,-86.5,-74.4,-43.1,-65.5,5.0,29.5,18.0,0.8,0.6,0.3,-13.8,-0.3,3.2,-4.6,5.0,9.6,18.0,0.8,0.6,0.3,-25.2,-21.3,-10.6,-18.4,5.0,10.8,18.0,0.8,0.6,0.3,30.0,132.5,132.5,89.0,5.0,62.0,18.0,0.8,0.6,0.3,30.0,135.0,135.0,90.0,5.0,60.0,18.0,0.8,0.6,0.3
1974,2,264.0,5.0,26.5,26.5,26.5,26.5,1.0,0.0,26.0,1.0,0.5,0.7,26.0,26.0,26.0,26.0,1.0,0.0,26.0,1.0,0.5,0.7,16.42,16.42,16.42,16.42,1.0,0.0,26.0,1.0,0.5,0.7,78.1,78.1,78.1,78.1,1.0,0.0,26.0,1.0,0.7,12.9,12.9,12.9,12.9,1.0,0.0,26.0,1.0,0.5,0.7,-9.88,-9.88,-9.88,-9.88,1.0,0.0,26.0,1.0,0.5,0.7,-8.29,-8.29,-8.29,-8.29,1.0,0.0,26.0,1.0,0.5,0.7,1009.6,1009.6,1009.6,1009.6,1.0,0.0,26.0,1.0,0.5,0.7,1.0,1.0,1.0,1.0,1.0,0.0,26.0,1.0,0.5,0.7,-127.5,-127.5,-127.5,-127.5,1.0,0.0,26.0,1.0,0.5,0.7,-107.0,-107.0,-107.0,-107.0,1.0,0.0,26.0,1.0,0.5,0.7,0.5,0.5,0.5,0.5,1.0,0.0,26.0,1.0,0.5,0.7,6.5,6.5,6.5,6.5,1.0,0.0,26.0,1.0,0.5,0.7,5.29,5.29,5.29,5.29,1.0,0.0,26.0,1.0,0.5,0.7,68.3,68.3,68.3,68.3,1.0,0.0,26.0,1.0,0.5,0.7,-256.9,-256.9,-256.9,-256.9,1.0,0.0,26.0,1.0,0.5,0.7,-215.6,-215.6,-215.6,-215.6,1.0,0.0,26.0,1.0,0.5,0.7,-162.3,-162.3,-162.3,-162.3,1.0,0.0,26.0,1.0,0.5,0.7,-136.2,-136.2,-136.2,-136.2,1.0,0.0,26.0,1.0,0.5,0.7,-52.3,-52.3,-52.3,-52.3,1.0,0.0,26.0,1.0,0.5,0.7,-43.9,-43.9,-43.9,-43.9,1.0,0.0,26.0,1.0,0.5,0.7,2146.5,2146.5,2146.5,2146.5,1.0,0.0,26.0,1.0,0.5,0.7,2145.0,2145.0,2145.0,2145.0,1.0,0.0,26.0,1.0,0.5,0.7
1974,2,264.0,6.0,26.39,26.7,27.13,26.75,6.0,0.77,12.0,0.7,0.3,0.6,25.22,26.65,28.06,26.4,6.0,1.94,12.0,0.7,0.3,0.6,15.01,15.88,15.92,15.48,3.0,0.75,18.0,0.3,0.2,0.6,75.8,76.7,81.5,78.6,3.0,4.5,18.0,0.3,0.6,1.87,2.35,7.55,4.22,6.0,3.78,12.0,0.7,0.3,0.6,-5.51,-0.44,0.0,-2.56,6.0,4.08,12.0,0.7,0.3,0.6,-3.99,-2.27,-1.87,-2.74,6.0,1.45,12.0,0.7,0.3,0.6,1009.53,1010.2,1012.66,1010.93,6.0,2.22,12.0,0.7,0.3,0.6,2.0,5.0,7.2,4.8,6.0,2.6,12.0,0.7,0.3,0.6,-45.5,-1.2,0.0,-23.5,6.0,43.7,12.0,0.7,0.3,0.6,-35.5,-5.4,-3.7,-15.1,6.0,17.3,12.0,0.7,0.3,0.6,-1.44,-0.25,1.51,0.35,6.0,2.42,12.0,0.7,0.3,0.6,-3.0,-1.2,8.2,4.4,6.0,14.4,12.0,0.7,0.3,0.6,5.09,6.06,8.08,6.57,3.0,2.23,18.0,0.3,0.2,0.6,26.7,50.1,57.1,42.1,3.0,23.4,18.0,0.3,0.2,0.6,-132.7,-11.6,0.0,-64.0,6.0,104.2,12.0,0.7,0.3,0.6,-100.0,-61.6,-52.3,-70.4,6.0,31.8,12.0,0.7,0.3,0.6,-130.0,-62.9,-29.6,-79.4,3.0,74.9,18.0,0.3,0.2,0.6,-69.8,-58.7,-45.2,-57.5,3.0,18.0,18.0,0.3,0.2,0.6,-44.5,-38.8,-16.0,-30.4,3.0,22.1,18.0,0.3,0.2,0.6,-37.0,-17.1,-15.6,-26.1,3.0,17.5,18.0,0.3,0.2,0.6,7.5,13.5,499.0,266.5,6.0,500.5,12.0,0.7,0.3,0.6,10.0,15.0,500.0,265.0,6.0,500.0,12.0,0.7,0.3,0.6
1974,2,264.0,7.0,,,,,,,,,,,,,,,,,,,,,,,,,,,,,,,,,,,,,,,,7.7,7.7,9.06,8.35,4.0,1.3,18.0,1.0,0.5,0.6,-7.24,-6.93,-5.75,-6.51,4.0,1.08,18.0,1.0,0.5,0.6,-6.94,-4.27,-2.63,-4.76,4.0,2.59,18.0,1.0,0.5,0.6,1009.77,1010.7,1010.9,1010.35,4.0,0.85,18.0,1.0,0.5,0.6,,,,,,,,,,,,,,,,,,,,,,,,,,,,,,,,,,,,,,,,,,,,,,,,,,,,,,,,,,,,,,,,,,,,,,,,,,,,,,,,,,,,,,,,,,,,,,,,,,,,,,,,,,,,,,,,,,,,,,,,,,,,,,,,,,,,,,,,,,,,,,,,,,,,,,
1974,2,264.0,8.0,25.94,26.25,26.56,26.25,2.0,0.64,12.0,0.5,0.2,0.3,25.53,26.45,27.37,26.45,2.0,1.91,12.0,0.5,0.2,0.3,16.16,16.16,16.16,16.16,1.0,0.0,16.0,0.0,0.2,0.5,81.4,81.4,81.4,81.4,1.0,0.0,16.0,0.0,0.5,4.1,4.1,4.1,4.1,2.0,0.0,12.0,0.5,0.2,0.3,-3.49,-3.35,-3.21,-3.35,2.0,0.29,12.0,0.5,0.2,0.3,-2.54,-2.34,-2.14,-2.34,2.0,0.41,12.0,0.5,0.2,0.3,1010.64,1011.6,1012.56,1011.6,2.0,1.98,12.0,0.5,0.2,0.3,2.2,2.5,2.8,2.5,2.0,0.7,12.0,0.5,0.2,0.3,-14.3,-13.7,-13.1,-13.7,2.0,1.2,12.0,0.5,0.2,0.3,-10.4,-9.6,-8.8,-9.6,2.0,1.7,12.0,0.5,0.2,0.3,-0.81,-0.2,0.41,-0.2,2.0,1.27,12.0,0.5,0.2,0.3,-3.3,-0.8,1.7,-0.8,2.0,5.2,12.0,0.5,0.2,0.3,4.59,4.59,4.59,4.59,1.0,0.0,16.0,0.0,0.2,0.5,18.8,18.8,18.8,18.8,1.0,0.0,16.0,0.0,0.2,0.5,-88.8,-88.2,-87.6,-88.2,2.0,1.3,12.0,0.5,0.2,0.3,-69.8,-62.4,-54.9,-62.4,2.0,15.4,12.0,0.5,0.2,0.3,-57.4,-57.4,-57.4,-57.4,1.0,0.0,16.0,0.0,0.2,0.5,-33.1,-33.1,-33.1,-33.1,1.0,0.0,16.0,0.0,0.2,0.5,-16.3,-16.3,-16.3,-16.3,1.0,0.0,16.0,0.0,0.2,0.5,-9.4,-9.4,-9.4,-9.4,1.0,0.0,16.0,0.0,0.2,0.5,69.0,69.0,69.0,69.0,2.0,0.0,12.0,0.5,0.2,0.3,70.0,70.0,70.0,70.0,2.0,0.0,12.0,0.5,0.2,0.3
1974,2,264.0,9.0,26.18,26.65,27.56,26.82,6.0,0.69,18.0,0.5,0.6,0.4,25.0,26.5,26.76,26.19,7.0,1.07,18.0,0.6,0.6,0.5,16.3,16.83,18.86,17.34,6.0,1.57,18.0,0.5,0.5,0.4,77.8,78.7,85.7,82.3,6.0,8.9,18.0,0.5,0.4,3.08,4.6,5.15,4.4,7.0,1.24,18.0,0.6,0.6,0.5,-4.0,-3.28,-2.19,-3.28,7.0,1.47,18.0,0.6,0.6,0.5,-3.31,-2.91,-2.08,-2.73,7.0,0.84,18.0,0.6,0.6,0.5,1010.95,1012.5,1013.9,1012.29,7.0,1.49,18.0,0.6,0.6,0.5,0.0,1.0,2.0,1.0,7.0,0.8,18.0,0.6,0.6,0.5,-20.7,-16.2,-5.7,-15.9,7.0,10.8,18.0,0.6,0.6,0.5,-16.9,-13.1,-8.8,-12.4,7.0,5.4,18.0,0.6,0.6,0.5,-0.02,1.1,1.12,0.68,6.0,0.71,18.0,0.5,0.6,0.4,-0.4,5.0,5.6,3.1,6.0,3.7,18.0,0.5,0.6,0.4,3.31,4.9,5.31,4.3,5.0,1.64,18.0,0.4,0.6,0.4,10.6,26.1,27.7,20.3,5.0,9.9,18.0,0.4,0.6,0.4,-100.8,-83.9,-58.2,-86.3,7.0,41.1,18.0,0.6,0.6,0.5,-82.8,-73.9,-58.2,-71.0,7.0,20.3,18.0,0.6,0.6,0.5,-77.8,-57.7,-33.8,-58.2,6.0,30.8,18.0,0.5,0.5,0.4,-60.0,-49.4,-35.9,-47.4,6.0,15.3,18.0,0.5,0.5,0.4,-23.3,-16.8,-8.9,-16.1,5.0,8.2,18.0,0.4,0.6,0.4,-19.1,-9.2,-5.6,-11.7,5.0,7.1,18.0,0.4,0.6,0.4,29.0,97.5,137.5,102.5,7.0,75.0,18.0,0.6,0.6,0.5,30.0,95.0,140.0,100.0,7.0,75.0,18.0,0.6,0.6,0.5
1974,2,264.0,10.0,26.5,27.0,27.78,27.01,21.0,1.14,18.0,0.7,0.6,0.5,25.17,26.35,28.6,26.66,22.0,2.07,18.0,0.7,0.5,0.5,16.84,18.0,18.61,17.82,10.0,0.85,16.0,0.6,0.6,0.5,74.3,85.1,91.5,84.1,10.0,9.1,16.0,0.6,0.5,3.25,5.65,9.65,6.56,24.0,3.45,18.0,0.8,0.5,0.5,-6.35,-3.73,-0.11,-3.65,24.0,3.19,18.0,0.8,0.5,0.5,-8.8,-3.33,0.0,-4.14,24.0,3.86,18.0,0.8,0.5,0.5,1009.6,1011.5,1012.7,1011.46,23.0,2.1,16.0,0.7,0.5,0.5,0.0,2.0,4.3,2.4,24.0,2.0,18.0,0.8,0.5,0.5,-49.9,-22.8,-0.1,-29.6,24.0,39.1,18.0,0.8,0.5,0.5,-85.0,-16.7,0.0,-36.1,24.0,46.8,18.0,0.8,0.5,0.5,-2.0,0.6,1.8,0.35,19.0,2.04,18.0,0.7,0.6,0.5,-5.3,5.6,14.8,4.3,19.0,12.2,18.0,0.7,0.6,0.5,3.41,4.16,5.43,4.02,10.0,1.55,16.0,0.6,0.6,0.5,21.8,29.0,46.3,30.7,10.0,15.2,16.0,0.6,0.6,0.5,-180.7,-103.5,-27.1,-105.8,22.0,80.9,18.0,0.7,0.5,0.5,-235.1,-82.8,0.0,-109.8,22.0,104.6,18.0,0.7,0.5,0.5,-133.2,-92.6,-69.0,-97.4,10.0,53.3,16.0,0.6,0.6,0.5,-168.7,-58.2,9.5,-71.9,10.0,78.6,16.0,0.6,0.6,0.5,-33.9,-22.0,-16.3,-23.4,10.0,11.4,16.0,0.6,0.6,0.5,-35.3,-16.1,2.2,-14.9,10.0,17.0,16.0,0.6,0.6,0.5,36.5,185.5,905.5,529.5,24.0,754.0,18.0,0.8,0.5,0.5,35.0,185.0,905.0,530.0,24.0,755.0,18.0,0.8,0.5,0.5
1974,2,264.0,11.0,26.41,27.2,28.39,27.47,11.0,1.2,10.0,0.5,0.6,0.3,25.43,26.0,27.08,26.32,11.0,1.23,10.0,0.5,0.5,0.3,16.36,17.17,17.54,16.61,8.0,1.8,14.0,0.4,0.6,0.3,71.4,81.5,84.4,78.4,8.0,8.8,14.0,0.4,0.3,1.5,3.6,6.59,4.15,13.0,3.17,10.0,0.5,0.5,0.3,-6.28,-1.99,0.0,-3.2,13.0,3.16,10.0,0.5,0.5,0.3,-3.19,-1.79,-0.46,-2.0,13.0,1.82,10.0,0.5,0.5,0.3,1009.0,1010.9,1012.02,1010.57,13.0,1.6,10.0,0.5,0.5,0.3,0.9,2.0,5.1,2.5,13.0,2.0,10.0,0.5,0.5,0.3,-42.0,-6.5,0.0,-22.1,13.0,33.4,10.0,0.5,0.5,0.3,-18.6,-6.7,-0.7,-11.5,13.0,18.2,10.0,0.5,0.5,0.3,0.0,1.0,2.23,1.24,9.0,1.62,12.0,0.4,0.6,0.3,0.0,2.1,14.0,5.3,9.0,7.1,12.0,0.4,0.6,0.3,4.17,5.78,9.7,6.69,6.0,3.12,14.0,0.3,0.6,0.4,7.2,11.4,36.1,18.7,6.0,17.7,14.0,0.3,0.6,0.4,-95.7,-49.3,0.0,-59.8,11.0,60.9,10.0,0.5,0.5,0.3,-90.0,-46.8,-7.7,-55.6,11.0,51.5,10.0,0.5,0.5,0.3,-48.8,-27.2,0.0,-23.5,8.0,23.2,14.0,0.4,0.6,0.3,-42.6,-19.4,-0.9,-22.1,8.0,20.3,14.0,0.4,0.6,0.3,-22.9,-9.7,0.4,-13.6,6.0,17.8,14.0,0.3,0.6,0.4,-13.9,-4.7,0.0,-8.0,6.0,10.9,14.0,0.3,0.6,0.4,3.5,46.5,320.0,214.0,13.0,395.5,10.0,0.5,0.5,0.3,5.0,45.0,320.0,215.0,13.0,395.0,10.0,0.5,0.5,0.3
1974,2,264.0,12.0,26.61,26.95,27.8,26.98,8.0,0.97,16.0,0.5,0.4,0.3,24.71,26.0,26.96,25.87,10.0,1.52,14.0,0.5,0.4,0.3,13.94,15.9,17.89,15.99,7.0,2.13,14.0,0.4,0.4,0.3,72.6,73.6,85.4,78.2,7.0,7.8,14.0,0.4,0.3,1.43,4.1,7.82,4.33,7.0,3.58,10.0,0.4,0.4,0.4,-4.15,-2.25,-1.24,-3.25,7.0,3.28,10.0,0.4,0.4,0.4,-3.7,-1.79,0.78,-1.8,7.0,2.79,10.0,0.4,0.4,0.4,1010.99,1013.9,1014.42,1012.82,9.0,1.75,14.0,0.4,0.3,0.3,0.0,0.5,2.0,1.1,10.0,1.6,14.0,0.5,0.4,0.3,-33.2,-8.4,-1.9,-23.3,7.0,37.1,10.0,0.4,0.4,0.4,-20.0,-10.8,1.2,-12.9,7.0,18.9,10.0,0.4,0.4,0.4,0.01,1.85,2.18,1.3,8.0,1.49,16.0,0.5,0.4,0.3,0.0,0.2,7.9,3.2,5.0,4.4,10.0,0.4,0.4,0.4,4.31,5.73,8.16,6.17,6.0,2.01,16.0,0.3,0.3,0.3,4.2,13.4,30.6,17.2,4.0,18.2,10.0,0.3,0.4,0.4,-112.2,-58.5,-32.8,-83.5,7.0,82.1,10.0,0.4,0.4,0.4,-93.2,-44.7,20.5,-47.2,7.0,74.9,10.0,0.4,0.4,0.4,-97.6,-60.7,-13.1,-60.5,5.0,61.1,10.0,0.4,0.4,0.3,-71.7,-28.0,4.4,-35.0,5.0,47.6,10.0,0.4,0.4,0.3,-28.3,-10.7,-3.7,-15.7,4.0,18.1,10.0,0.3,0.4,0.4,-9.5,-3.7,2.3,-3.6,4.0,7.2,10.0,0.3,0.4,0.4,3.0,69.0,487.0,244.0,7.0,407.5,10.0,0.4,0.4,0.4,5.0,70.0,485.0,245.0,7.0,405.0,10.0,0.4,0.4,0.4
1974,2,264.0,13.0,23.39,27.2,28.73,26.72,13.0,2.27,12.0,0.5,0.8,0.5,23.3,26.05,26.99,25.36,14.0,1.8,12.0,0.4,0.8,0.5,14.02,16.24,17.45,15.84,12.0,1.66,12.0,0.5,0.8,0.5,71.1,79.4,83.4,78.6,12.0,6.5,12.0,0.5,0.5,0.0,2.85,4.35,3.04,12.0,3.09,10.0,0.4,0.8,0.6,-2.45,0.0,1.06,-0.54,12.0,2.6,10.0,0.4,0.8,0.6,-3.34,-0.75,0.09,-1.89,12.0,2.94,10.0,0.4,0.8,0.6,1009.92,1013.2,1015.0,1012.86,15.0,2.6,12.0,0.4,0.8,0.5,0.0,1.0,2.8,1.7,15.0,2.2,12.0,0.4,0.8,0.5,-10.2,0.0,3.3,-6.3,12.0,20.2,10.0,0.4,0.8,0.6,-11.4,-1.1,0.2,-12.6,12.0,31.4,10.0,0.4,0.8,0.6,0.0,1.1,3.9,1.66,12.0,2.22,12.0,0.5,0.8,0.5,0.0,1.3,21.8,9.2,10.0,15.2,10.0,0.5,0.8,0.6,4.47,6.41,10.03,6.59,12.0,3.1,12.0,0.5,0.8,0.5,0.0,12.3,47.7,25.9,10.0,36.1,10.0,0.5,0.8,0.6,-56.6,0.0,27.0,-11.4,12.0,62.3,10.0,0.4,0.8,0.6,-89.4,-18.3,2.2,-46.7,12.0,70.5,10.0,0.4,0.8,0.6,-48.9,0.0,0.0,-10.9,10.0,37.2,10.0,0.5,0.8,0.6,-48.4,-11.9,0.0,-26.8,10.0,39.6,10.0,0.5,0.8,0.6,-34.4,0.0,0.0,-8.6,10.0,28.0,10.0,0.5,0.8,0.6,-15.8,-4.2,0.0,-14.3,10.0,30.9,10.0,0.5,0.8,0.6,0.0,23.5,85.0,148.5,12.0,409.5,10.0,0.4,0.8,0.6,0.0,25.0,85.0,150.0,12.0,410.0,10.0,0.4,0.8,0.6
1974,2,264.0,14.0,22.7,26.0,28.42,25.87,35.0,2.34,14.0,0.5,0.6,0.3,22.0,25.0,26.77,24.78,41.0,2.25,14.0,0.6,0.5,0.3,12.92,15.42,17.64,15.32,34.0,2.25,14.0,0.6,0.5,0.3,70.5,78.2,87.4,78.6,35.0,8.0,14.0,0.6,0.3,0.24,3.85,9.92,5.05,34.0,4.37,14.0,0.6,0.5,0.4,-5.77,0.0,1.58,-1.31,34.0,3.46,14.0,0.6,0.5,0.4,-8.69,-1.23,0.0,-3.22,34.0,4.58,14.0,0.6,0.5,0.4,1010.76,1012.05,1015.0,1012.63,44.0,2.19,14.0,0.5,0.5,0.3,0.0,0.0,2.0,0.8,44.0,1.3,14.0,0.5,0.5,0.3,-49.9,0.0,3.1,-15.3,34.0,29.0,14.0,0.6,0.5,0.4,-92.6,-4.0,0.0,-32.7,34.0,55.5,14.0,0.6,0.5,0.4,-1.32,1.55,3.44,1.28,32.0,2.49,14.0,0.6,0.5,0.3,-4.7,0.0,15.4,5.6,25.0,16.9,14.0,0.6,0.5,0.4,3.52,5.83,9.22,6.14,28.0,2.92,14.0,0.6,0.6,0.3,1.4,24.4,59.9,30.4,21.0,28.5,14.0,0.6,0.5,0.4,-150.0,0.0,40.2,-32.9,33.0,82.6,14.0,0.6,0.5,0.3,-212.1,-31.0,0.0,-79.5,33.0,114.6,14.0,0.6,0.5,0.3,-93.7,-7.4,27.2,-21.8,26.0,55.7,14.0,0.7,0.5,0.3,-138.3,-20.0,0.0,-49.7,26.0,75.2,14.0,0.7,0.5,0.3,-34.0,0.0,6.7,-11.8,21.0,29.5,14.0,0.6,0.5,0.4,-28.3,-5.7,0.0,-13.4,21.0,24.1,14.0,0.6,0.5,0.4,0.0,58.0,990.0,454.0,34.0,748.5,14.0,0.6,0.5,0.4,0.0,60.0,990.0,455.0,34.0,750.0,14.0,0.6,0.5,0.4
1974,2,264.0,15.0,23.82,26.6,27.33,25.73,12.0,1.81,14.0,0.6,0.5,0.5,22.99,24.4,27.57,24.98,16.0,2.2,14.0,0.6,0.4,0.5,10.0,13.08,17.59,13.93,14.0,3.69,12.0,0.5,0.5,0.4,55.4,72.1,83.4,71.3,14.0,13.3,12.0,0.5,0.4,2.31,5.65,12.9,6.39,12.0,4.6,12.0,0.5,0.4,0.5,-8.29,-4.64,1.03,-3.47,12.0,4.82,12.0,0.5,0.4,0.5,-9.88,-1.58,0.0,-3.31,12.0,4.18,12.0,0.5,0.4,0.5,1011.94,1013.4,1015.17,1013.49,16.0,2.3,14.0,0.6,0.4,0.5,0.0,0.0,2.0,0.8,16.0,1.1,14.0,0.6,0.4,0.5,-107.0,-25.1,4.2,-36.9,12.0,48.8,12.0,0.5,0.4,0.5,-127.5,-7.0,0.0,-37.1,12.0,55.2,12.0,0.5,0.4,0.5,-1.13,-0.75,3.13,0.45,12.0,2.31,14.0,0.6,0.5,0.5,-8.7,-3.0,12.7,2.6,8.0,17.7,12.0,0.5,0.4,0.4,3.44,6.28,9.42,6.25,10.0,3.45,12.0,0.5,0.5,0.4,0.8,29.5,47.1,39.2,7.0,52.7,10.0,0.4,0.4,0.4,-195.5,-107.5,28.5,-82.0,12.0,124.1,12.0,0.5,0.4,0.5,-226.6,-41.1,0.0,-79.5,12.0,98.3,12.0,0.5,0.4,0.5,-85.5,-51.6,30.1,-30.8,11.0,64.2,10.0,0.5,0.4,0.4,-97.3,-15.9,0.0,-36.5,11.0,45.4,10.0,0.5,0.4,0.4,-36.1,-0.6,16.2,-17.0,7.0,42.6,10.0,0.4,0.4,0.4,-31.2,-0.5,0.1,-21.1,7.0,43.6,10.0,0.4,0.4,0.4,22.0,185.5,2146.5,655.0,12.0,912.5,12.0,0.5,0.4,0.5,20.0,185.0,2145.0,655.0,12.0,915.0,12.0,0.5,0.4,0.5
1974,2,264.0,16.0,,,,,,,,,,,,,,,,,,,,,,,,,,,,,,,,,,,,,,,,7.7,7.7,7.7,7.7,1.0,0.0,18.0,1.0,1.0,0.0,4.95,4.95,4.95,4.95,1.0,0.0,18.0,1.0,1.0,0.0,5.9,5.9,5.9,5.9,1.0,0.0,18.0,1.0,1.0,0.0,1010.09,1013.5,1013.77,1011.97,3.0,3.01,22.0,1.0,0.9,0.1,,,,,,,,,,,,,,,,,,,,,,,,,,,,,,,,,,,,,,,,,,,,,,,,,,,,,,,,,,,,,,,,,,,,,,,,,,,,,,,,,,,,,,,,,,,,,,,,,,,,,,,,,,,,,,,,,,,,,,,,,,,,,,,,,,,,,,,,,,,,,,,,,,,,,,
1974,2,264.0,18.0,23.0,23.0,23.0,23.0,1.0,0.0,4.0,0.0,0.9,0.7,22.5,22.5,22.5,22.5,1.0,0.0,4.0,0.0,0.9,0.7,15.7,15.7,15.7,15.7,1.0,0.0,4.0,0.0,0.9,0.7,91.8,91.8,91.8,91.8,1.0,0.0,4.0,0.0,0.7,3.1,3.1,3.1,3.1,1.0,0.0,4.0,0.0,0.9,0.7,0.0,0.0,0.0,0.0,1.0,0.0,4.0,0.0,0.9,0.7,-3.1,-3.1,-3.1,-3.1,1.0,0.0,4.0,0.0,0.9,0.7,1005.0,1005.0,1005.0,1005.0,1.0,0.0,4.0,0.0,0.9,0.7,8.0,8.0,8.0,8.0,1.0,0.0,4.0,0.0,0.9,0.7,0.0,0.0,0.0,0.0,1.0,0.0,4.0,0.0,0.9,0.7,-9.6,-9.6,-9.6,-9.6,1.0,0.0,4.0,0.0,0.9,0.7,0.5,0.5,0.5,0.5,1.0,0.0,4.0,0.0,0.9,0.7,1.6,1.6,1.6,1.6,1.0,0.0,4.0,0.0,0.9,0.7,1.95,1.95,1.95,1.95,1.0,0.0,4.0,0.0,0.9,0.7,6.0,6.0,6.0,6.0,1.0,0.0,4.0,0.0,0.9,0.7,0.0,0.0,0.0,0.0,1.0,0.0,4.0,0.0,0.9,0.7,-69.7,-69.7,-69.7,-69.7,1.0,0.0,4.0,0.0,0.9,0.7,0.0,0.0,0.0,0.0,1.0,0.0,4.0,0.0,0.9,0.7,-48.7,-48.7,-48.7,-48.7,1.0,0.0,4.0,0.0,0.9,0.7,0.0,0.0,0.0,0.0,1.0,0.0,4.0,0.0,0.9,0.7,-6.0,-6.0,-6.0,-6.0,1.0,0.0,4.0,0.0,0.9,0.7,30.0,30.0,30.0,30.0,1.0,0.0,4.0,0.0,0.9,0.7,30.0,30.0,30.0,30.0,1.0,0.0,4.0,0.0,0.9,0.7
1974,2,264.0,19.0,23.22,24.0,24.94,24.14,8.0,1.01,12.0,0.5,0.3,0.5,21.5,23.75,24.27,23.16,8.0,2.05,12.0,0.5,0.3,0.5,10.91,12.91,16.0,13.28,6.0,2.89,14.0,0.5,0.4,0.5,67.2,78.1,86.5,77.9,6.0,10.8,14.0,0.5,0.5,1.06,2.85,8.19,3.94,8.0,3.55,12.0,0.5,0.3,0.5,-3.65,-1.48,0.39,-2.16,8.0,3.57,12.0,0.5,0.3,0.5,-1.64,0.09,1.12,-0.89,8.0,3.37,12.0,0.5,0.3,0.5,1010.27,1015.15,1021.06,1015.59,8.0,5.54,12.0,0.5,0.3,0.5,0.0,3.0,6.0,2.7,7.0,2.9,14.0,0.6,0.4,0.5,-14.7,-3.3,0.4,-14.4,8.0,35.5,12.0,0.5,0.3,0.5,-5.6,0.0,1.6,-9.3,8.0,26.6,12.0,0.5,0.3,0.5,-0.42,0.85,1.99,0.98,8.0,1.73,12.0,0.5,0.3,0.5,-1.1,1.4,5.9,1.7,8.0,8.8,12.0,0.5,0.3,0.5,2.79,4.92,6.67,4.94,6.0,2.48,14.0,0.5,0.4,0.5,10.1,13.8,22.8,16.3,6.0,12.1,14.0,0.5,0.4,0.5,-86.8,-31.1,9.4,-54.1,8.0,93.3,12.0,0.5,0.3,0.5,-38.9,2.1,22.7,-19.8,8.0,72.8,12.0,0.5,0.3,0.5,-31.9,-15.8,-2.3,-17.3,6.0,26.4,14.0,0.5,0.4,0.5,-41.3,-8.8,14.2,-19.6,6.0,50.7,14.0,0.5,0.4,0.5,-11.8,-9.7,0.7,-6.3,6.0,7.6,14.0,0.5,0.4,0.5,-15.0,-2.0,11.1,-4.3,6.0,18.4,14.0,0.5,0.4,0.5,1.5,23.5,593.0,222.5,8.0,386.0,12.0,0.5,0.3,0.5,0.0,25.0,595.0,220.0,8.0,385.0,12.0,0.5,0.3,0.5
1974,2,264.0,20.0,22.95,24.0,24.1,23.55,4.0,1.04,18.0,0.3,0.4,0.2,23.81,24.75,25.95,24.88,4.0,1.64,18.0,0.3,0.4,0.2,15.12,16.11,17.09,16.11,2.0,2.05,18.0,0.0,0.3,0.3,85.1,87.0,88.9,87.0,2.0,3.9,18.0,0.0,0.3,4.05,6.4,7.86,5.98,4.0,2.32,18.0,0.3,0.4,0.2,-7.37,-5.54,-3.35,-5.36,4.0,2.48,18.0,0.3,0.4,0.2,-1.04,1.28,3.23,1.1,4.0,2.61,18.0,0.3,0.4,0.2,1007.13,1013.0,1016.14,1011.67,3.0,6.7,16.0,0.3,0.4,0.2,0.0,1.5,3.5,1.8,4.0,2.1,18.0,0.3,0.4,0.2,-58.0,-36.9,-14.6,-36.3,4.0,26.0,18.0,0.3,0.4,0.2,-3.2,6.5,21.7,9.1,4.0,15.8,18.0,0.3,0.4,0.2,-2.9,-1.65,0.29,-1.32,4.0,1.92,18.0,0.3,0.4,0.2,-19.4,-9.1,-0.2,-9.8,4.0,11.9,18.0,0.3,0.4,0.2,1.83,2.66,3.48,2.66,2.0,1.71,18.0,0.0,0.3,0.3,11.3,11.6,11.9,11.6,2.0,0.6,18.0,0.0,0.3,0.3,-191.6,-137.1,-80.8,-136.2,4.0,69.6,18.0,0.3,0.4,0.2,-24.0,31.6,79.9,28.1,4.0,63.2,18.0,0.3,0.4,0.2,-104.0,-75.9,-47.9,-75.9,2.0,58.2,18.0,0.0,0.3,0.3,-13.9,19.2,52.2,19.2,2.0,68.4,18.0,0.0,0.3,0.3,-9.6,-9.4,-9.3,-9.4,2.0,0.3,18.0,0.0,0.3,0.3,-5.6,-1.1,3.5,-1.1,2.0,9.4,18.0,0.0,0.3,0.3,79.0,294.5,485.5,282.5,4.0,237.5,18.0,0.3,0.4,0.2,80.0,295.0,485.0,285.0,4.0,240.0,18.0,0.3,0.4,0.2
1974,2,264.0,21.0,23.61,23.85,24.09,23.85,2.0,0.49,12.0,0.5,0.6,0.5,24.06,24.2,25.43,24.73,3.0,1.1,14.0,0.7,0.6,0.6,16.0,16.65,17.3,16.65,2.0,1.35,12.0,0.5,0.6,0.5,85.1,88.7,92.4,88.7,2.0,7.6,12.0,0.5,0.5,4.76,5.1,8.65,6.67,3.0,3.16,14.0,0.7,0.6,0.6,-7.61,-4.79,0.88,-3.4,3.0,6.34,14.0,0.7,0.6,0.6,2.13,2.96,4.45,3.28,3.0,1.73,14.0,0.7,0.6,0.6,1008.46,1009.65,1010.84,1009.65,2.0,2.47,12.0,0.5,0.6,0.5,1.3,4.0,4.7,3.0,3.0,2.6,14.0,0.7,0.6,0.6,-70.5,-24.4,3.3,-33.4,3.0,54.6,14.0,0.7,0.6,0.6,10.4,13.6,40.5,25.2,3.0,24.2,14.0,0.7,0.6,0.6,-0.56,-0.25,0.06,-0.25,2.0,0.64,12.0,0.5,0.6,0.5,-5.9,-3.1,-0.3,-3.1,2.0,5.8,12.0,0.5,0.6,0.5,1.5,1.86,2.22,1.86,2.0,0.74,12.0,0.5,0.6,0.5,9.6,15.7,21.8,15.7,2.0,12.6,12.0,0.5,0.6,0.5,-183.9,-115.0,26.0,-79.8,3.0,156.7,14.0,0.7,0.6,0.6,53.0,76.9,109.5,81.1,3.0,41.5,14.0,0.7,0.6,0.6,-131.2,-112.2,-93.2,-112.2,2.0,39.4,12.0,0.5,0.6,0.5,38.7,55.8,72.9,55.8,2.0,35.5,12.0,0.5,0.6,0.5,-18.9,-13.8,-8.8,-13.8,2.0,10.5,12.0,0.5,0.6,0.5,3.9,7.3,10.7,7.3,2.0,7.0,12.0,0.5,0.6,0.5,108.5,132.5,788.0,441.0,3.0,565.0,14.0,0.7,0.6,0.6,110.0,135.0,790.0,440.0,3.0,565.0,14.0,0.7,0.6,0.6
1974,2,264.0,22.0,24.51,24.95,25.39,24.95,2.0,0.92,6.0,1.0,0.7,0.4,22.34,24.8,25.35,23.87,3.0,2.34,4.0,1.0,0.8,0.3,13.15,13.15,13.15,13.15,1.0,0.0,6.0,1.0,0.6,0.1,84.0,84.0,84.0,84.0,1.0,0.0,6.0,1.0,0.1,5.33,8.2,12.09,8.7,3.0,4.97,4.0,1.0,0.8,0.3,-11.48,-8.08,-5.29,-8.38,3.0,4.54,4.0,1.0,0.8,0.3,-0.97,0.0,3.25,1.11,3.0,3.24,4.0,1.0,0.8,0.3,1013.64,1014.6,1015.28,1014.47,3.0,1.21,4.0,1.0,0.8,0.3,4.3,7.0,7.7,6.0,3.0,2.6,4.0,1.0,0.8,0.3,-144.9,-66.2,-31.9,-87.9,3.0,84.9,4.0,1.0,0.8,0.3,-8.0,0.0,45.1,18.1,3.0,41.9,4.0,1.0,0.8,0.3,1.17,1.95,2.73,1.95,2.0,1.63,6.0,1.0,0.7,0.4,12.4,24.8,37.3,24.8,2.0,25.8,6.0,1.0,0.7,0.4,5.8,5.8,5.8,5.8,1.0,0.0,6.0,1.0,0.6,0.1,80.7,80.7,80.7,80.7,1.0,0.0,6.0,1.0,0.6,0.1,-252.6,-200.3,-133.5,-193.2,3.0,87.5,4.0,1.0,0.8,0.3,-24.1,0.0,68.8,21.8,3.0,70.6,4.0,1.0,0.8,0.3,-171.7,-171.7,-171.7,-171.7,1.0,0.0,6.0,1.0,0.6,0.1,62.5,62.5,62.5,62.5,1.0,0.0,6.0,1.0,0.6,0.1,-75.8,-75.8,-75.8,-75.8,1.0,0.0,6.0,1.0,0.6,0.1,27.6,27.6,27.6,27.6,1.0,0.0,6.0,1.0,0.6,0.1,218.5,551.5,2008.0,1100.5,3.0,1394.5,4.0,1.0,0.8,0.3,220.0,550.0,2010.0,1100.0,3.0,1395.0,4.0,1.0,0.8,0.3
1974,2,264.0,23.0,23.0,23.0,23.0,23.0,1.0,0.0,6.0,0.0,1.0,0.5,18.32,19.0,19.68,19.0,2.0,1.41,14.0,0.0,0.9,0.6,13.17,13.17,13.17,13.17,1.0,0.0,6.0,0.0,1.0,0.5,91.1,91.1,91.1,91.1,1.0,0.0,6.0,0.0,0.5,4.93,5.65,6.37,5.65,2.0,1.48,14.0,0.0,0.9,0.6,-3.37,-1.37,0.64,-1.37,2.0,4.16,14.0,0.0,0.9,0.6,-2.82,0.4,3.63,0.4,2.0,6.69,14.0,0.0,0.9,0.6,1018.16,1018.5,1018.84,1018.5,2.0,0.71,14.0,0.0,0.9,0.6,2.1,4.5,6.9,4.5,2.0,4.9,14.0,0.0,0.9,0.6,-23.1,-10.8,1.5,-10.8,2.0,25.5,14.0,0.0,0.9,0.6,-11.3,7.3,25.8,7.3,2.0,38.4,14.0,0.0,0.9,0.6,3.0,3.0,3.0,3.0,1.0,0.0,6.0,0.0,1.0,0.5,20.1,20.1,20.1,20.1,1.0,0.0,6.0,0.0,1.0,0.5,4.25,4.25,4.25,4.25,1.0,0.0,6.0,0.0,1.0,0.5,28.5,28.5,28.5,28.5,1.0,0.0,6.0,0.0,1.0,0.5,-68.0,-28.9,10.2,-28.9,2.0,80.9,14.0,0.0,0.9,0.6,-49.2,12.4,74.0,12.4,2.0,127.6,14.0,0.0,0.9,0.6,-56.7,-56.7,-56.7,-56.7,1.0,0.0,6.0,0.0,1.0,0.5,67.6,67.6,67.6,67.6,1.0,0.0,6.0,0.0,1.0,0.5,-18.3,-18.3,-18.3,-18.3,1.0,0.0,6.0,0.0,1.0,0.5,21.8,21.8,21.8,21.8,1.0,0.0,6.0,0.0,1.0,0.5,129.5,199.0,268.5,199.0,2.0,144.0,14.0,0.0,0.9,0.6,130.0,200.0,270.0,200.0,2.0,145.0,14.0,0.0,0.9,0.6
1974,2,264.0,25.0,23.6,23.6,23.6,23.6,1.0,0.0,20.0,0.0,0.3,0.5,21.3,21.3,21.3,21.3,1.0,0.0,20.0,0.0,0.3,0.5,10.6,10.6,10.6,10.6,1.0,0.0,20.0,0.0,0.3,0.5,67.3,67.3,67.3,67.3,1.0,0.0,20.0,0.0,0.5,7.2,7.2,7.2,7.2,1.0,0.0,20.0,0.0,0.3,0.5,-4.63,-4.63,-4.63,-4.63,1.0,0.0,20.0,0.0,0.3,0.5,5.52,5.52,5.52,5.52,1.0,0.0,20.0,0.0,0.3,0.5,1011.3,1011.3,1011.3,1011.3,1.0,0.0,20.0,0.0,0.3,0.5,0.0,0.0,0.0,0.0,1.0,0.0,20.0,0.0,0.3,0.5,-33.3,-33.3,-33.3,-33.3,1.0,0.0,20.0,0.0,0.3,0.5,39.7,39.7,39.7,39.7,1.0,0.0,20.0,0.0,0.3,0.5,2.3,2.3,2.3,2.3,1.0,0.0,20.0,0.0,0.3,0.5,16.6,16.6,16.6,16.6,1.0,0.0,20.0,0.0,0.3,0.5,7.6,7.6,7.6,7.6,1.0,0.0,20.0,0.0,0.3,0.5,54.7,54.7,54.7,54.7,1.0,0.0,20.0,0.0,0.3,0.5,-98.6,-98.6,-98.6,-98.6,1.0,0.0,20.0,0.0,0.3,0.5,117.5,117.5,117.5,117.5,1.0,0.0,20.0,0.0,0.3,0.5,-49.0,-49.0,-49.0,-49.0,1.0,0.0,20.0,0.0,0.3,0.5,58.4,58.4,58.4,58.4,1.0,0.0,20.0,0.0,0.3,0.5,-35.2,-35.2,-35.2,-35.2,1.0,0.0,20.0,0.0,0.3,0.5,41.9,41.9,41.9,41.9,1.0,0.0,20.0,0.0,0.3,0.5,373.0,373.0,373.0,373.0,1.0,0.0,20.0,0.0,0.3,0.5,375.0,375.0,375.0,375.0,1.0,0.0,20.0,0.0,0.3,0.5
1974,2,264.0,26.0,17.38,18.85,20.32,18.85,2.0,3.04,16.0,0.0,0.1,0.0,12.95,15.9,18.95,15.95,4.0,3.62,16.0,0.3,0.2,0.4,6.28,7.06,11.27,8.73,3.0,3.93,12.0,0.3,0.2,0.3,57.5,60.2,81.3,69.2,3.0,19.0,12.0,0.3,0.3,4.58,7.2,9.82,7.2,4.0,3.06,16.0,0.3,0.2,0.4,-5.41,-3.29,-0.85,-3.14,4.0,2.74,16.0,0.3,0.2,0.4,-8.71,-5.61,-1.04,-4.91,4.0,5.07,16.0,0.3,0.2,0.4,1016.38,1019.15,1025.95,1021.08,4.0,7.68,16.0,0.3,0.2,0.4,1.0,5.0,8.0,4.5,4.0,4.1,16.0,0.3,0.2,0.4,-40.8,-21.4,-8.8,-24.6,4.0,23.1,16.0,0.3,0.2,0.4,-86.3,-41.5,-3.3,-44.7,4.0,50.6,16.0,0.3,0.2,0.4,0.19,2.95,5.71,2.95,2.0,5.73,16.0,0.0,0.1,0.0,-0.2,11.5,23.3,11.5,2.0,24.3,16.0,0.0,0.1,0.0,5.43,7.07,8.71,7.07,2.0,3.4,16.0,0.0,0.1,0.0,26.2,31.3,36.5,31.3,2.0,10.6,16.0,0.0,0.1,0.0,-78.8,-53.8,-17.0,-48.2,4.0,38.3,16.0,0.3,0.2,0.4,-147.0,-71.4,-11.1,-78.7,4.0,96.5,16.0,0.3,0.2,0.4,-30.6,-23.6,-7.5,-19.2,3.0,17.4,12.0,0.3,0.2,0.3,-99.2,-24.2,0.7,-48.7,3.0,76.2,12.0,0.3,0.2,0.3,-18.8,-11.2,-3.5,-11.2,2.0,15.8,16.0,0.0,0.1,0.0,-31.4,-15.4,0.7,-15.4,2.0,33.2,16.0,0.0,0.1,0.0,99.5,468.5,955.5,524.5,4.0,504.0,16.0,0.3,0.2,0.4,100.0,470.0,955.0,525.0,4.0,505.0,16.0,0.3,0.2,0.4
1974,2,264.0,27.0,18.9,20.4,23.95,21.3,17.0,2.33,14.0,0.4,0.6,0.3,18.0,20.0,23.38,19.85,21.0,3.39,16.0,0.4,0.6,0.4,7.66,8.86,13.81,10.18,17.0,3.41,14.0,0.4,0.6,0.3,59.4,66.3,88.0,68.9,17.0,15.5,14.0,0.4,0.3,3.13,6.2,9.79,7.42,20.0,4.32,16.0,0.4,0.6,0.4,-6.15,-1.06,2.54,-1.74,20.0,4.14,16.0,0.4,0.6,0.4,-4.4,2.4,8.72,2.7,20.0,6.97,16.0,0.4,0.6,0.4,1010.0,1020.0,1025.98,1018.41,21.0,7.44,16.0,0.4,0.6,0.4,0.2,3.0,6.0,3.2,21.0,2.6,16.0,0.4,0.6,0.4,-74.1,-6.6,12.9,-21.1,20.0,43.6,16.0,0.4,0.6,0.4,-32.7,13.1,80.9,40.8,20.0,98.4,16.0,0.4,0.6,0.4,-1.34,0.6,4.69,1.06,17.0,3.67,14.0,0.4,0.6,0.3,-13.7,4.5,17.6,2.0,16.0,21.4,14.0,0.4,0.6,0.3,2.92,5.32,8.22,5.75,16.0,3.9,14.0,0.4,0.6,0.3,17.6,23.7,50.1,29.0,15.0,23.0,14.0,0.3,0.6,0.3,-122.9,-20.1,45.8,-30.6,20.0,82.3,16.0,0.4,0.6,0.4,-78.9,43.0,209.2,64.9,20.0,142.4,16.0,0.4,0.6,0.4,-49.6,0.0,13.4,-14.8,16.0,39.1,14.0,0.4,0.6,0.3,-39.5,18.2,96.1,26.1,16.0,64.3,14.0,0.4,0.6,0.3,-21.0,0.0,16.1,-2.3,15.0,21.1,14.0,0.3,0.6,0.3,-25.6,7.6,18.0,-3.5,15.0,31.1,14.0,0.3,0.6,0.3,31.5,238.5,939.0,899.0,20.0,1715.5,16.0,0.4,0.6,0.4,30.0,240.0,940.0,900.0,20.0,1715.0,16.0,0.4,0.6,0.4
1974,2,264.0,28.0,16.14,17.3,18.46,17.3,2.0,2.4,18.0,0.0,0.5,0.1,16.29,16.9,17.65,16.97,3.0,1.0,20.0,0.0,0.7,0.3,5.49,5.66,5.84,5.66,2.0,0.36,18.0,0.0,0.5,0.1,47.1,49.6,52.1,49.6,2.0,5.2,18.0,0.0,0.1,12.9,12.9,14.61,13.73,3.0,1.44,20.0,0.0,0.7,0.3,-2.19,4.41,5.8,1.86,3.0,6.26,20.0,0.0,0.7,0.3,-11.82,-11.17,6.33,-2.94,3.0,15.09,20.0,0.0,0.7,0.3,1022.11,1024.5,1025.18,1023.67,3.0,2.36,20.0,0.0,0.7,0.3,0.6,2.0,2.7,1.7,3.0,1.5,20.0,0.0,0.7,0.3,-37.3,56.9,74.9,19.7,3.0,88.3,20.0,0.0,0.7,0.3,-152.5,-144.1,106.4,-25.9,3.0,215.5,20.0,0.0,0.7,0.3,-0.62,0.85,2.32,0.85,2.0,3.04,18.0,0.0,0.5,0.1,-8.0,11.0,29.9,11.0,2.0,39.2,18.0,0.0,0.5,0.1,5.8,6.52,7.24,6.52,2.0,1.49,18.0,0.0,0.5,0.1,74.8,84.1,93.4,84.1,2.0,19.3,18.0,0.0,0.5,0.1,-42.3,70.6,96.8,28.3,3.0,108.3,20.0,0.0,0.7,0.3,-192.3,-188.8,117.9,-40.8,3.0,260.9,20.0,0.0,0.7,0.3,27.5,30.5,33.5,30.5,2.0,6.2,18.0,0.0,0.5,0.1,-69.9,-66.1,-62.2,-66.1,2.0,8.0,18.0,0.0,0.5,0.1,33.7,34.3,34.9,34.3,2.0,1.3,18.0,0.0,0.5,0.1,-86.9,-76.4,-65.9,-76.4,2.0,21.8,18.0,0.0,0.5,0.1,2146.5,2146.5,3174.5,2648.5,3.0,869.0,20.0,0.0,0.7,0.3,2145.0,2145.0,3175.0,2650.0,3.0,870.0,20.0,0.0,0.7,0.3
1974,2,265.0,-71.0,,,,,,,,,,,,,,,,,,,,,,,,,,,,,,,,,,,,,,,,6.0,6.0,6.0,6.0,1.0,0.0,12.0,1.0,0.7,0.7,-6.0,-6.0,-6.0,-6.0,1.0,0.0,12.0,1.0,0.7,0.7,0.0,0.0,0.0,0.0,1.0,0.0,12.0,1.0,0.7,0.7,984.49,984.9,985.31,984.9,2.0,0.85,12.0,0.5,0.6,0.9,,,,,,,,,,,,,,,,,,,,,,,,,,,,,,,,,,,,,,,,,,,,,,,,,,,,,,,,,,,,,,,,,,,,,,,,,,,,,,,,,,,,,,,,,,,,,,,,,,,,,,,,,,,,,,,,,,,,,,,,,,,,,,,,,,,,,,,,,,,,,,,,,,,,,,
1974,2,265.0,-27.0,22.8,22.8,22.8,22.8,1.0,0.0,28.0,1.0,0.7,1.0,23.3,23.3,23.3,23.3,1.0,0.0,28.0,1.0,0.7,1.0,13.1,13.1,13.1,13.1,1.0,0.0,28.0,1.0,0.7,1.0,74.4,74.4,74.4,74.4,1.0,0.0,28.0,1.0,1.0,6.2,6.2,6.2,6.2,1.0,0.0,28.0,1.0,0.7,1.0,-5.83,-5.83,-5.83,-5.83,1.0,0.0,28.0,1.0,0.7,1.0,2.12,2.12,2.12,2.12,1.0,0.0,28.0,1.0,0.7,1.0,1023.4,1023.4,1023.4,1023.4,1.0,0.0,28.0,1.0,0.7,1.0,7.0,7.0,7.0,7.0,1.0,0.0,28.0,1.0,0.7,1.0,-36.1,-36.1,-36.1,-36.1,1.0,0.0,28.0,1.0,0.7,1.0,13.1,13.1,13.1,13.1,1.0,0.0,28.0,1.0,0.7,1.0,-0.5,-0.5,-0.5,-0.5,1.0,0.0,28.0,1.0,0.7,1.0,-3.1,-3.1,-3.1,-3.1,1.0,0.0,28.0,1.0,0.7,1.0,4.02,4.02,4.02,4.02,1.0,0.0,28.0,1.0,0.7,1.0,24.9,24.9,24.9,24.9,1.0,0.0,28.0,1.0,0.7,1.0,-135.7,-135.7,-135.7,-135.7,1.0,0.0,28.0,1.0,0.7,1.0,49.4,49.4,49.4,49.4,1.0,0.0,28.0,1.0,0.7,1.0,-76.3,-76.3,-76.3,-76.3,1.0,0.0,28.0,1.0,0.7,1.0,27.8,27.8,27.8,27.8,1.0,0.0,28.0,1.0,0.7,1.0,-23.4,-23.4,-23.4,-23.4,1.0,0.0,28.0,1.0,0.7,1.0,8.5,8.5,8.5,8.5,1.0,0.0,28.0,1.0,0.7,1.0,238.5,238.5,238.5,238.5,1.0,0.0,28.0,1.0,0.7,1.0,240.0,240.0,240.0,240.0,1.0,0.0,28.0,1.0,0.7,1.0
1974,2,265.0,-23.0,,,,,,,,,,,,,,,,,,,,,,,,,,,,,,,,,,,,,,,,8.2,8.2,8.2,8.2,1.0,0.0,4.0,0.0,0.9,0.7,-7.71,-7.71,-7.71,-7.71,1.0,0.0,4.0,0.0,0.9,0.7,2.8,2.8,2.8,2.8,1.0,0.0,4.0,0.0,0.9,0.7,1020.0,1020.0,1020.0,1020.0,1.0,0.0,4.0,0.0,0.9,0.7,8.0,8.0,8.0,8.0,1.0,0.0,4.0,0.0,0.9,0.7,-63.2,-63.2,-63.2,-63.2,1.0,0.0,4.0,0.0,0.9,0.7,23.0,23.0,23.0,23.0,1.0,0.0,4.0,0.0,0.9,0.7,,,,,,,,,,,,,,,,,,,,,,,,,,,,,,,,,,,,,,,,,-158.0,-158.0,-158.0,-158.0,1.0,0.0,4.0,0.0,0.9,0.7,57.5,57.5,57.5,57.5,1.0,0.0,4.0,0.0,0.9,0.7,-95.1,-95.1,-95.1,-95.1,1.0,0.0,4.0,0.0,0.9,0.7,34.6,34.6,34.6,34.6,1.0,0.0,4.0,0.0,0.9,0.7,,,,,,,,,,,,,,,,,,,,,,,,,,,,,,,,,,,,,,,,
1974,2,265.0,-11.0,24.23,24.3,24.3,24.27,3.0,0.06,14.0,0.3,0.5,0.3,22.64,23.8,23.94,23.3,3.0,1.04,14.0,0.3,0.5,0.3,15.09,15.11,15.23,15.16,3.0,0.11,14.0,0.3,0.5,0.3,82.3,82.3,88.4,85.3,3.0,5.1,14.0,0.3,0.3,10.0,10.0,10.0,10.0,3.0,0.0,14.0,0.3,0.5,0.3,-8.85,-7.66,-7.66,-8.24,3.0,1.0,14.0,0.3,0.5,0.3,4.37,6.43,6.43,5.43,3.0,1.74,14.0,0.3,0.5,0.3,1012.41,1013.3,1014.05,1013.23,3.0,1.2,14.0,0.3,0.5,0.3,6.6,8.0,8.0,7.3,3.0,1.2,14.0,0.3,0.5,0.3,-88.5,-76.6,-76.6,-82.4,3.0,10.0,14.0,0.3,0.5,0.3,43.7,64.3,64.3,54.3,3.0,17.4,14.0,0.3,0.5,0.3,0.33,0.4,1.63,0.97,3.0,1.07,14.0,0.3,0.5,0.3,3.3,4.0,16.3,9.7,3.0,10.7,14.0,0.3,0.5,0.3,3.69,3.75,3.82,3.75,3.0,0.09,14.0,0.3,0.5,0.3,36.9,37.5,38.2,37.5,3.0,0.9,14.0,0.3,0.5,0.3,-200.1,-183.9,-182.8,-191.3,3.0,14.2,14.0,0.3,0.5,0.3,100.2,153.0,153.9,127.6,3.0,45.1,14.0,0.3,0.5,0.3,-133.9,-117.1,-116.2,-124.8,3.0,14.6,14.0,0.3,0.5,0.3,66.0,97.1,97.9,82.3,3.0,26.6,14.0,0.3,0.5,0.3,-33.8,-28.7,-28.3,-31.0,3.0,4.5,14.0,0.3,0.5,0.3,16.5,23.6,23.9,20.3,3.0,6.2,14.0,0.3,0.5,0.3,1000.0,1000.0,1000.0,1000.0,3.0,0.0,14.0,0.3,0.5,0.3,1000.0,1000.0,1000.0,1000.0,3.0,0.0,14.0,0.3,0.5,0.3
1974,2,265.0,-10.0,25.1,25.75,26.4,25.75,2.0,1.34,18.0,0.0,0.2,0.6,24.0,24.2,24.4,24.2,2.0,0.42,18.0,0.0,0.2,0.6,16.01,16.04,16.07,16.04,2.0,0.06,18.0,0.0,0.2,0.6,84.0,85.2,86.4,85.2,2.0,2.5,18.0,0.0,0.6,5.01,5.9,6.79,5.9,2.0,1.84,18.0,0.0,0.2,0.6,-5.11,-4.24,-3.36,-4.24,2.0,1.81,18.0,0.0,0.2,0.6,3.7,4.08,4.45,4.08,2.0,0.78,18.0,0.0,0.2,0.6,1011.17,1011.55,1011.93,1011.55,2.0,0.78,18.0,0.0,0.2,0.6,8.0,8.0,8.0,8.0,2.0,0.0,18.0,0.0,0.2,0.6,-35.6,-26.7,-17.7,-26.7,2.0,18.5,18.0,0.0,0.2,0.6,18.9,24.8,30.6,24.8,2.0,12.1,18.0,0.0,0.2,0.6,0.7,1.55,2.4,1.55,2.0,1.77,18.0,0.0,0.2,0.6,3.9,7.5,11.2,7.5,2.0,7.6,18.0,0.0,0.2,0.6,3.94,4.71,5.48,4.71,2.0,1.6,18.0,0.0,0.2,0.6,25.9,26.3,26.7,26.3,2.0,0.8,18.0,0.0,0.2,0.6,-124.9,-102.9,-80.9,-102.9,2.0,45.6,18.0,0.0,0.2,0.6,88.8,98.8,108.8,98.8,2.0,20.6,18.0,0.0,0.2,0.6,-81.8,-67.9,-54.0,-67.9,2.0,28.8,18.0,0.0,0.2,0.6,59.4,65.3,71.3,65.3,2.0,12.3,18.0,0.0,0.2,0.6,-19.4,-18.5,-17.7,-18.5,2.0,1.7,18.0,0.0,0.2,0.6,17.2,18.6,20.0,18.6,2.0,2.8,18.0,0.0,0.2,0.6,141.0,235.5,329.5,235.5,2.0,195.0,18.0,0.0,0.2,0.6,140.0,235.0,330.0,235.0,2.0,195.0,18.0,0.0,0.2,0.6
1974,2,265.0,-9.0,25.83,25.9,25.97,25.9,2.0,0.14,22.0,0.5,0.3,1.0,26.13,26.4,26.67,26.4,2.0,0.57,22.0,0.5,0.3,1.0,18.97,18.97,18.97,18.97,1.0,0.0,28.0,1.0,0.2,1.0,86.2,86.2,86.2,86.2,1.0,0.0,28.0,1.0,1.0,7.64,8.6,9.56,8.6,2.0,1.98,22.0,0.5,0.3,1.0,-7.57,-7.38,-7.18,-7.38,2.0,0.4,22.0,0.5,0.3,1.0,2.07,3.84,5.61,3.84,2.0,3.66,22.0,0.5,0.3,1.0,1009.74,1010.7,1011.66,1010.7,2.0,1.98,22.0,0.5,0.3,1.0,5.2,5.5,5.8,5.5,2.0,0.7,22.0,0.5,0.3,1.0,-72.5,-63.8,-55.1,-63.8,2.0,18.1,22.0,0.5,0.3,1.0,17.8,36.6,55.5,36.6,2.0,39.1,22.0,0.5,0.3,1.0,-0.84,-0.5,-0.16,-0.5,2.0,0.71,22.0,0.5,0.3,1.0,-6.1,-3.6,-1.1,-3.6,2.0,5.1,22.0,0.5,0.3,1.0,1.8,1.8,1.8,1.8,1.0,0.0,28.0,1.0,0.2,1.0,13.0,13.0,13.0,13.0,1.0,0.0,28.0,1.0,0.2,1.0,-197.7,-194.6,-191.5,-194.6,2.0,6.5,22.0,0.5,0.3,1.0,54.7,100.3,145.9,100.3,2.0,94.5,22.0,0.5,0.3,1.0,-134.5,-134.5,-134.5,-134.5,1.0,0.0,28.0,1.0,0.2,1.0,23.7,23.7,23.7,23.7,1.0,0.0,28.0,1.0,0.2,1.0,-12.8,-12.8,-12.8,-12.8,1.0,0.0,28.0,1.0,0.2,1.0,2.2,2.2,2.2,2.2,1.0,0.0,28.0,1.0,0.2,1.0,472.5,686.5,900.5,686.5,2.0,443.0,22.0,0.5,0.3,1.0,475.0,685.0,900.0,685.0,2.0,445.0,22.0,0.5,0.3,1.0
1974,2,265.0,-6.0,25.43,26.0,26.21,25.86,5.0,0.45,16.0,0.8,0.6,0.7,25.09,25.5,26.09,25.6,5.0,0.65,16.0,0.8,0.6,0.7,14.87,15.97,17.21,16.03,4.0,1.43,16.0,1.0,0.7,0.8,73.8,76.0,83.6,78.6,4.0,7.7,16.0,1.0,0.8,3.73,5.1,7.65,5.66,5.0,2.43,16.0,0.8,0.6,0.7,-5.87,-3.91,0.0,-3.14,5.0,2.98,16.0,0.8,0.6,0.7,3.21,3.35,5.2,4.19,5.0,1.68,16.0,0.8,0.6,0.7,1009.34,1013.4,1014.48,1012.2,5.0,3.0,16.0,0.8,0.6,0.7,2.6,3.0,7.4,4.6,5.0,2.7,16.0,0.8,0.6,0.7,-45.0,-19.9,0.0,-22.9,5.0,24.4,16.0,0.8,0.6,0.7,14.1,16.8,38.4,26.4,5.0,22.8,16.0,0.8,0.6,0.7,-0.54,0.3,0.93,0.26,5.0,0.86,16.0,0.8,0.6,0.7,-2.8,0.9,6.3,1.6,5.0,4.9,16.0,0.8,0.6,0.7,4.11,5.08,5.89,5.01,4.0,1.04,16.0,1.0,0.7,0.8,19.2,24.5,42.3,30.4,4.0,16.6,16.0,1.0,0.7,0.8,-153.1,-97.3,0.0,-80.8,5.0,77.2,16.0,0.8,0.6,0.7,80.3,89.1,133.5,107.3,5.0,42.9,16.0,0.8,0.6,0.7,-94.1,-80.2,-32.9,-64.3,4.0,44.5,16.0,1.0,0.7,0.8,50.1,56.9,84.6,66.9,4.0,28.5,16.0,1.0,0.7,0.8,-30.2,-20.2,-7.3,-18.8,4.0,14.9,16.0,1.0,0.7,0.8,13.6,16.5,30.6,21.8,4.0,13.4,16.0,1.0,0.7,0.8,54.5,132.5,484.5,267.5,5.0,317.5,16.0,0.8,0.6,0.7,55.0,135.0,485.0,265.0,5.0,320.0,16.0,0.8,0.6,0.7
1974,2,265.0,-5.0,26.0,26.0,26.0,26.0,1.0,0.0,2.0,0.0,0.7,0.1,24.5,24.5,24.5,24.5,1.0,0.0,2.0,0.0,0.7,0.1,15.4,15.4,15.4,15.4,1.0,0.0,2.0,0.0,0.7,0.1,80.4,80.4,80.4,80.4,1.0,0.0,2.0,0.0,0.1,2.1,2.1,2.1,2.1,1.0,0.0,2.0,0.0,0.7,0.1,0.72,0.72,0.72,0.72,1.0,0.0,2.0,0.0,0.7,0.1,1.97,1.97,1.97,1.97,1.0,0.0,2.0,0.0,0.7,0.1,1011.9,1011.9,1011.9,1011.9,1.0,0.0,2.0,0.0,0.7,0.1,2.0,2.0,2.0,2.0,1.0,0.0,2.0,0.0,0.7,0.1,1.5,1.5,1.5,1.5,1.0,0.0,2.0,0.0,0.7,0.1,4.1,4.1,4.1,4.1,1.0,0.0,2.0,0.0,0.7,0.1,1.5,1.5,1.5,1.5,1.0,0.0,2.0,0.0,0.7,0.1,3.2,3.2,3.2,3.2,1.0,0.0,2.0,0.0,0.7,0.1,5.63,5.63,5.63,5.63,1.0,0.0,2.0,0.0,0.7,0.1,11.8,11.8,11.8,11.8,1.0,0.0,2.0,0.0,0.7,0.1,17.6,17.6,17.6,17.6,1.0,0.0,2.0,0.0,0.7,0.1,48.3,48.3,48.3,48.3,1.0,0.0,2.0,0.0,0.7,0.1,11.1,11.1,11.1,11.1,1.0,0.0,2.0,0.0,0.7,0.1,30.4,30.4,30.4,30.4,1.0,0.0,2.0,0.0,0.7,0.1,4.0,4.0,4.0,4.0,1.0,0.0,2.0,0.0,0.7,0.1,11.1,11.1,11.1,11.1,1.0,0.0,2.0,0.0,0.7,0.1,9.5,9.5,9.5,9.5,1.0,0.0,2.0,0.0,0.7,0.1,10.0,10.0,10.0,10.0,1.0,0.0,2.0,0.0,0.7,0.1
1974,2,265.0,-4.0,25.0,25.0,25.0,25.0,1.0,0.0,10.0,1.0,0.4,0.6,25.5,25.5,25.5,25.5,1.0,0.0,10.0,1.0,0.4,0.6,20.1,20.1,20.1,20.1,1.0,0.0,10.0,1.0,0.4,0.6,98.2,98.2,98.2,98.2,1.0,0.0,10.0,1.0,0.6,4.6,4.6,4.6,4.6,1.0,0.0,10.0,1.0,0.4,0.6,0.0,0.0,0.0,0.0,1.0,0.0,10.0,1.0,0.4,0.6,4.6,4.6,4.6,4.6,1.0,0.0,10.0,1.0,0.4,0.6,1009.0,1009.0,1009.0,1009.0,1.0,0.0,10.0,1.0,0.4,0.6,3.0,3.0,3.0,3.0,1.0,0.0,10.0,1.0,0.4,0.6,0.0,0.0,0.0,0.0,1.0,0.0,10.0,1.0,0.4,0.6,21.2,21.2,21.2,21.2,1.0,0.0,10.0,1.0,0.4,0.6,-0.5,-0.5,-0.5,-0.5,1.0,0.0,10.0,1.0,0.4,0.6,-2.3,-2.3,-2.3,-2.3,1.0,0.0,10.0,1.0,0.4,0.6,-0.24,-0.24,-0.24,-0.24,1.0,0.0,10.0,1.0,0.4,0.6,-1.1,-1.1,-1.1,-1.1,1.0,0.0,10.0,1.0,0.4,0.6,0.0,0.0,0.0,0.0,1.0,0.0,10.0,1.0,0.4,0.6,117.3,117.3,117.3,117.3,1.0,0.0,10.0,1.0,0.4,0.6,0.0,0.0,0.0,0.0,1.0,0.0,10.0,1.0,0.4,0.6,92.4,92.4,92.4,92.4,1.0,0.0,10.0,1.0,0.4,0.6,0.0,0.0,0.0,0.0,1.0,0.0,10.0,1.0,0.4,0.6,-1.1,-1.1,-1.1,-1.1,1.0,0.0,10.0,1.0,0.4,0.6,97.5,97.5,97.5,97.5,1.0,0.0,10.0,1.0,0.4,0.6,95.0,95.0,95.0,95.0,1.0,0.0,10.0,1.0,0.4,0.6
1974,2,265.0,-2.0,23.48,24.15,25.19,24.33,4.0,1.25,6.0,0.8,0.5,0.8,23.48,24.55,25.99,24.73,4.0,1.63,6.0,0.8,0.5,0.8,16.81,17.52,18.48,17.64,4.0,1.09,6.0,0.8,0.5,0.8,87.3,89.2,94.2,90.7,4.0,5.2,6.0,0.8,0.8,1.76,2.85,6.03,3.85,4.0,3.36,6.0,0.8,0.5,0.8,-0.08,1.1,2.35,1.14,4.0,1.55,6.0,0.8,0.5,0.8,1.35,2.52,5.74,3.5,4.0,3.26,6.0,0.8,0.5,0.8,1009.85,1011.45,1013.05,1011.45,4.0,2.13,6.0,0.8,0.5,0.8,2.0,3.0,6.1,4.0,4.0,2.8,6.0,0.8,0.5,0.8,0.5,3.0,15.6,7.8,4.0,12.2,6.0,0.8,0.5,0.8,2.9,7.3,41.8,21.6,4.0,33.2,6.0,0.8,0.5,0.8,-0.9,-0.8,0.14,-0.4,4.0,0.94,6.0,0.8,0.5,0.8,-5.7,-1.6,1.0,-2.3,4.0,4.7,6.0,0.8,0.5,0.8,1.08,1.27,1.75,1.41,4.0,0.46,6.0,0.8,0.5,0.8,2.7,3.6,6.5,4.6,4.0,3.1,6.0,0.8,0.5,0.8,-2.6,26.0,55.7,26.5,4.0,37.6,6.0,0.8,0.5,0.8,32.6,61.2,139.3,84.8,4.0,77.7,6.0,0.8,0.5,0.8,-1.8,19.2,39.4,18.8,4.0,26.2,6.0,0.8,0.5,0.8,23.9,44.4,96.6,59.5,4.0,52.7,6.0,0.8,0.5,0.8,-0.4,1.5,2.8,1.2,4.0,2.0,6.0,0.8,0.5,0.8,2.2,3.1,6.1,4.1,4.0,3.1,6.0,0.8,0.5,0.8,9.0,23.5,359.0,176.5,4.0,321.5,6.0,0.8,0.5,0.8,10.0,25.0,360.0,175.0,4.0,320.0,6.0,0.8,0.5,0.8
1974,2,265.0,0.0,27.1,27.1,27.1,27.1,1.0,0.0,26.0,1.0,0.4,0.8,27.0,27.0,27.0,27.0,1.0,0.0,26.0,1.0,0.4,0.8,19.51,19.51,19.51,19.51,1.0,0.0,26.0,1.0,0.4,0.8,87.2,87.2,87.2,87.2,1.0,0.0,26.0,1.0,0.8,3.1,3.1,3.1,3.1,1.0,0.0,26.0,1.0,0.4,0.8,-3.05,-3.05,-3.05,-3.05,1.0,0.0,26.0,1.0,0.4,0.8,0.54,0.54,0.54,0.54,1.0,0.0,26.0,1.0,0.4,0.8,1008.4,1008.4,1008.4,1008.4,1.0,0.0,26.0,1.0,0.4,0.8,2.0,2.0,2.0,2.0,1.0,0.0,26.0,1.0,0.4,0.8,-9.5,-9.5,-9.5,-9.5,1.0,0.0,26.0,1.0,0.4,0.8,1.7,1.7,1.7,1.7,1.0,0.0,26.0,1.0,0.4,0.8,0.1,0.1,0.1,0.1,1.0,0.0,26.0,1.0,0.4,0.8,0.3,0.3,0.3,0.3,1.0,0.0,26.0,1.0,0.4,0.8,3.03,3.03,3.03,3.03,1.0,0.0,26.0,1.0,0.4,0.8,9.4,9.4,9.4,9.4,1.0,0.0,26.0,1.0,0.4,0.8,-82.4,-82.4,-82.4,-82.4,1.0,0.0,26.0,1.0,0.4,0.8,14.5,14.5,14.5,14.5,1.0,0.0,26.0,1.0,0.4,0.8,-59.6,-59.6,-59.6,-59.6,1.0,0.0,26.0,1.0,0.4,0.8,10.5,10.5,10.5,10.5,1.0,0.0,26.0,1.0,0.4,0.8,-9.2,-9.2,-9.2,-9.2,1.0,0.0,26.0,1.0,0.4,0.8,1.6,1.6,1.6,1.6,1.0,0.0,26.0,1.0,0.4,0.8,30.0,30.0,30.0,30.0,1.0,0.0,26.0,1.0,0.4,0.8,30.0,30.0,30.0,30.0,1.0,0.0,26.0,1.0,0.4,0.8
1974,2,265.0,1.0,26.52,26.55,26.58,26.55,2.0,0.07,22.0,0.5,0.8,0.8,25.9,26.55,27.2,26.55,2.0,1.34,22.0,0.5,0.8,0.8,16.88,17.71,18.54,17.71,2.0,1.72,22.0,0.5,0.8,0.8,80.8,81.4,82.0,81.4,2.0,1.2,22.0,0.5,0.8,1.0,1.0,1.0,1.0,1.0,0.0,24.0,0.0,1.0,0.8,0.87,0.87,0.87,0.87,1.0,0.0,24.0,0.0,1.0,0.8,-0.5,-0.5,-0.5,-0.5,1.0,0.0,24.0,0.0,1.0,0.8,1008.76,1009.75,1010.74,1009.75,2.0,2.05,22.0,0.5,0.8,0.8,2.8,4.5,6.2,4.5,2.0,3.5,22.0,0.5,0.8,0.8,0.9,0.9,0.9,0.9,1.0,0.0,24.0,0.0,1.0,0.8,-0.5,-0.5,-0.5,-0.5,1.0,0.0,24.0,0.0,1.0,0.8,-0.68,0.0,0.68,0.0,2.0,1.41,22.0,0.5,0.8,0.8,-1.0,-1.0,-1.0,-1.0,1.0,0.0,24.0,0.0,1.0,0.8,3.21,4.07,4.92,4.07,2.0,1.77,22.0,0.5,0.8,0.8,2.8,2.8,2.8,2.8,1.0,0.0,24.0,0.0,1.0,0.8,23.8,23.8,23.8,23.8,1.0,0.0,24.0,0.0,1.0,0.8,-13.7,-13.7,-13.7,-13.7,1.0,0.0,24.0,0.0,1.0,0.8,16.4,16.4,16.4,16.4,1.0,0.0,24.0,0.0,1.0,0.8,-9.5,-9.5,-9.5,-9.5,1.0,0.0,24.0,0.0,1.0,0.8,2.4,2.4,2.4,2.4,1.0,0.0,24.0,0.0,1.0,0.8,-1.4,-1.4,-1.4,-1.4,1.0,0.0,24.0,0.0,1.0,0.8,1.0,1.0,1.0,1.0,1.0,0.0,24.0,0.0,1.0,0.8,0.0,0.0,0.0,0.0,1.0,0.0,24.0,0.0,1.0,0.8
1974,2,265.0,2.0,26.51,27.1,28.24,27.34,5.0,1.13,16.0,0.4,0.5,0.4,25.66,26.6,26.86,26.3,5.0,0.89,16.0,0.4,0.5,0.4,15.83,16.98,18.09,16.95,5.0,1.63,16.0,0.4,0.5,0.4,75.4,78.2,83.5,79.2,5.0,4.2,16.0,0.4,0.4,2.81,3.85,4.62,3.73,4.0,1.25,16.0,0.3,0.6,0.5,-2.97,-1.32,0.33,-1.32,4.0,1.92,16.0,0.3,0.6,0.5,-3.54,-2.62,0.86,-1.4,4.0,3.38,16.0,0.3,0.6,0.5,1010.75,1012.9,1013.49,1012.24,5.0,1.68,16.0,0.4,0.5,0.4,3.9,6.0,6.7,5.4,5.0,2.2,16.0,0.4,0.5,0.4,-13.9,-5.4,1.2,-6.3,4.0,9.0,16.0,0.3,0.6,0.5,-16.6,-8.6,4.6,-6.1,4.0,14.1,16.0,0.3,0.6,0.5,0.39,1.1,1.7,1.04,5.0,0.68,16.0,0.4,0.5,0.4,2.4,5.5,7.9,5.2,4.0,3.4,16.0,0.3,0.6,0.5,5.54,5.87,6.16,5.86,5.0,0.36,16.0,0.4,0.5,0.4,16.9,23.5,27.6,22.3,4.0,8.0,16.0,0.3,0.6,0.5,-79.6,-34.4,8.2,-35.7,4.0,51.3,16.0,0.3,0.6,0.5,-94.9,-68.9,19.7,-39.1,4.0,87.4,16.0,0.3,0.6,0.5,-54.8,-23.1,4.8,-24.9,4.0,34.9,16.0,0.3,0.6,0.5,-65.3,-45.3,10.2,-28.4,4.0,55.8,16.0,0.3,0.6,0.5,-17.7,-7.7,2.1,-7.8,4.0,11.6,16.0,0.3,0.6,0.5,-21.2,-14.9,6.4,-7.7,4.0,20.8,16.0,0.3,0.6,0.5,27.0,58.0,102.5,64.5,4.0,51.5,16.0,0.3,0.6,0.5,25.0,60.0,100.0,65.0,4.0,50.0,16.0,0.3,0.6,0.5
1974,2,265.0,3.0,24.7,24.7,24.7,24.7,1.0,0.0,10.0,0.0,0.2,0.3,25.6,25.6,25.6,25.6,1.0,0.0,10.0,0.0,0.2,0.3,16.26,16.26,16.26,16.26,1.0,0.0,10.0,0.0,0.2,0.3,79.5,79.5,79.5,79.5,1.0,0.0,10.0,0.0,0.3,4.6,4.6,4.6,4.6,1.0,0.0,10.0,0.0,0.2,0.3,3.98,3.98,3.98,3.98,1.0,0.0,10.0,0.0,0.2,0.3,2.3,2.3,2.3,2.3,1.0,0.0,10.0,0.0,0.2,0.3,1013.4,1013.4,1013.4,1013.4,1.0,0.0,10.0,0.0,0.2,0.3,6.0,6.0,6.0,6.0,1.0,0.0,10.0,0.0,0.2,0.3,18.3,18.3,18.3,18.3,1.0,0.0,10.0,0.0,0.2,0.3,10.6,10.6,10.6,10.6,1.0,0.0,10.0,0.0,0.2,0.3,-0.9,-0.9,-0.9,-0.9,1.0,0.0,10.0,0.0,0.2,0.3,-4.1,-4.1,-4.1,-4.1,1.0,0.0,10.0,0.0,0.2,0.3,3.15,3.15,3.15,3.15,1.0,0.0,10.0,0.0,0.2,0.3,14.5,14.5,14.5,14.5,1.0,0.0,10.0,0.0,0.2,0.3,102.0,102.0,102.0,102.0,1.0,0.0,10.0,0.0,0.2,0.3,58.9,58.9,58.9,58.9,1.0,0.0,10.0,0.0,0.2,0.3,64.8,64.8,64.8,64.8,1.0,0.0,10.0,0.0,0.2,0.3,37.4,37.4,37.4,37.4,1.0,0.0,10.0,0.0,0.2,0.3,12.6,12.6,12.6,12.6,1.0,0.0,10.0,0.0,0.2,0.3,7.3,7.3,7.3,7.3,1.0,0.0,10.0,0.0,0.2,0.3,97.5,97.5,97.5,97.5,1.0,0.0,10.0,0.0,0.2,0.3,95.0,95.0,95.0,95.0,1.0,0.0,10.0,0.0,0.2,0.3
1974,2,265.0,4.0,26.7,26.7,26.7,26.7,1.0,0.0,8.0,1.0,0.4,0.7,27.8,27.8,27.8,27.8,1.0,0.0,8.0,1.0,0.4,0.7,17.87,17.87,17.87,17.87,1.0,0.0,8.0,1.0,0.4,0.7,76.5,76.5,76.5,76.5,1.0,0.0,8.0,1.0,0.7,2.6,2.6,2.6,2.6,1.0,0.0,8.0,1.0,0.4,0.7,2.56,2.56,2.56,2.56,1.0,0.0,8.0,1.0,0.4,0.7,-0.45,-0.45,-0.45,-0.45,1.0,0.0,8.0,1.0,0.4,0.7,1011.2,1011.2,1011.2,1011.2,1.0,0.0,8.0,1.0,0.4,0.7,2.0,2.0,2.0,2.0,1.0,0.0,8.0,1.0,0.4,0.7,6.7,6.7,6.7,6.7,1.0,0.0,8.0,1.0,0.4,0.7,-1.2,-1.2,-1.2,-1.2,1.0,0.0,8.0,1.0,0.4,0.7,-1.1,-1.1,-1.1,-1.1,1.0,0.0,8.0,1.0,0.4,0.7,-2.9,-2.9,-2.9,-2.9,1.0,0.0,8.0,1.0,0.4,0.7,4.08,4.08,4.08,4.08,1.0,0.0,8.0,1.0,0.4,0.7,10.6,10.6,10.6,10.6,1.0,0.0,8.0,1.0,0.4,0.7,71.2,71.2,71.2,71.2,1.0,0.0,8.0,1.0,0.4,0.7,-12.6,-12.6,-12.6,-12.6,1.0,0.0,8.0,1.0,0.4,0.7,45.7,45.7,45.7,45.7,1.0,0.0,8.0,1.0,0.4,0.7,-8.1,-8.1,-8.1,-8.1,1.0,0.0,8.0,1.0,0.4,0.7,10.4,10.4,10.4,10.4,1.0,0.0,8.0,1.0,0.4,0.7,-1.8,-1.8,-1.8,-1.8,1.0,0.0,8.0,1.0,0.4,0.7,17.5,17.5,17.5,17.5,1.0,0.0,8.0,1.0,0.4,0.7,20.0,20.0,20.0,20.0,1.0,0.0,8.0,1.0,0.4,0.7
1974,2,265.0,5.0,26.56,26.7,29.29,27.9,3.0,2.25,18.0,1.0,0.4,0.4,26.61,27.5,28.05,27.33,3.0,1.06,18.0,1.0,0.4,0.4,16.26,16.79,17.31,16.79,2.0,1.08,24.0,1.0,0.2,0.5,75.5,75.9,76.3,75.9,2.0,0.8,24.0,1.0,0.5,4.61,5.7,8.16,6.37,3.0,2.66,18.0,1.0,0.4,0.4,-6.33,-2.64,-0.16,-3.23,3.0,4.55,18.0,1.0,0.4,0.4,-2.18,3.14,4.83,1.37,3.0,5.36,18.0,1.0,0.4,0.4,1009.66,1010.0,1010.34,1010.0,2.0,0.71,24.0,1.0,0.2,0.5,2.0,2.0,3.4,2.7,3.0,1.2,18.0,1.0,0.4,0.4,-54.6,-10.8,0.4,-26.7,3.0,42.6,18.0,1.0,0.4,0.4,-25.4,12.9,25.9,0.5,3.0,39.1,18.0,1.0,0.4,0.4,-1.0,0.3,2.14,0.57,3.0,2.31,18.0,1.0,0.4,0.4,-5.3,2.8,9.3,2.0,3.0,10.7,18.0,1.0,0.4,0.4,6.37,7.81,9.25,7.81,2.0,2.99,24.0,1.0,0.2,0.5,42.6,46.8,51.0,46.8,2.0,8.7,24.0,1.0,0.2,0.5,-167.0,-72.5,-3.9,-85.2,3.0,120.0,18.0,1.0,0.4,0.4,-55.7,86.4,135.9,41.1,3.0,145.7,18.0,1.0,0.4,0.4,-115.9,-87.6,-59.4,-87.6,2.0,58.5,24.0,1.0,0.2,0.5,-53.9,-9.7,34.6,-9.7,2.0,91.7,24.0,1.0,0.2,0.5,-42.7,-36.0,-29.3,-36.0,2.0,13.9,24.0,1.0,0.2,0.5,-17.3,2.3,22.0,2.3,2.0,40.8,24.0,1.0,0.2,0.5,106.0,185.0,608.0,353.0,3.0,395.5,18.0,1.0,0.4,0.4,105.0,185.0,610.0,355.0,3.0,395.0,18.0,1.0,0.4,0.4
1974,2,265.0,6.0,25.4,25.6,27.24,26.3,3.0,1.48,20.0,1.0,0.6,0.7,24.32,25.0,26.02,25.17,3.0,1.26,20.0,1.0,0.6,0.7,15.4,15.78,15.91,15.66,3.0,0.39,20.0,1.0,0.6,0.7,75.0,77.0,82.4,78.6,3.0,5.6,20.0,1.0,0.7,4.42,5.1,9.33,6.83,3.0,3.9,20.0,1.0,0.6,0.7,-7.25,0.0,0.0,-3.54,3.0,6.13,20.0,1.0,0.6,0.7,-4.78,-4.1,-3.94,-4.35,3.0,0.66,20.0,1.0,0.6,0.7,1011.52,1012.2,1012.61,1012.07,3.0,0.81,20.0,1.0,0.6,0.7,2.6,6.0,6.0,4.3,3.0,2.9,20.0,1.0,0.6,0.7,-81.9,0.0,0.0,-40.0,3.0,69.3,20.0,1.0,0.6,0.7,-38.1,-26.0,-19.7,-28.8,3.0,13.7,20.0,1.0,0.6,0.7,-0.2,1.3,2.46,1.13,3.0,1.96,20.0,1.0,0.6,0.7,-5.3,5.3,12.1,3.5,3.0,12.8,20.0,1.0,0.6,0.7,4.42,4.54,7.23,5.8,3.0,2.33,20.0,1.0,0.6,0.7,26.0,43.3,48.8,37.5,3.0,17.4,20.0,1.0,0.6,0.7,-192.1,0.0,0.0,-93.8,3.0,162.5,20.0,1.0,0.6,0.7,-119.5,-102.4,-99.7,-109.4,3.0,15.8,20.0,1.0,0.6,0.7,-115.7,0.0,0.0,-56.5,3.0,97.9,20.0,1.0,0.6,0.7,-73.5,-64.7,-62.7,-68.0,3.0,8.5,20.0,1.0,0.6,0.7,-32.9,0.0,0.0,-16.1,3.0,27.8,20.0,1.0,0.6,0.7,-35.2,-17.9,-17.7,-26.2,3.0,14.8,20.0,1.0,0.6,0.7,89.0,132.5,1027.0,548.0,3.0,775.5,20.0,1.0,0.6,0.7,90.0,135.0,1025.0,550.0,3.0,775.0,20.0,1.0,0.6,0.7
1974,2,265.0,7.0,26.2,26.4,26.6,26.4,2.0,0.42,14.0,1.0,0.3,0.3,26.2,26.4,26.6,26.4,2.0,0.42,14.0,1.0,0.3,0.3,16.92,16.92,16.92,16.92,1.0,0.0,6.0,1.0,0.5,0.6,77.3,77.3,77.3,77.3,1.0,0.0,6.0,1.0,0.6,5.78,5.95,6.12,5.95,2.0,0.35,14.0,1.0,0.3,0.3,-5.91,-5.28,-4.66,-5.28,2.0,1.3,14.0,1.0,0.3,0.3,-3.08,-1.83,-0.58,-1.83,2.0,2.59,14.0,1.0,0.3,0.3,1010.25,1010.35,1010.45,1010.35,2.0,0.21,14.0,1.0,0.3,0.3,1.8,3.5,5.2,3.5,2.0,3.5,14.0,1.0,0.3,0.3,-36.3,-31.7,-27.0,-31.7,2.0,9.6,14.0,1.0,0.3,0.3,-17.6,-10.4,-3.3,-10.4,2.0,14.8,14.0,1.0,0.3,0.3,0.0,0.0,0.0,0.0,2.0,0.0,14.0,1.0,0.3,0.3,0.0,0.0,0.0,0.0,2.0,0.0,14.0,1.0,0.3,0.3,5.04,5.04,5.04,5.04,1.0,0.0,6.0,1.0,0.5,0.6,28.7,28.7,28.7,28.7,1.0,0.0,6.0,1.0,0.5,0.6,-154.6,-139.2,-123.8,-139.2,2.0,32.0,14.0,1.0,0.3,0.3,-82.3,-48.9,-15.5,-48.9,2.0,69.2,14.0,1.0,0.3,0.3,-73.9,-73.9,-73.9,-73.9,1.0,0.0,6.0,1.0,0.5,0.6,-62.0,-62.0,-62.0,-62.0,1.0,0.0,6.0,1.0,0.5,0.6,-22.0,-22.0,-22.0,-22.0,1.0,0.0,6.0,1.0,0.5,0.6,-18.5,-18.5,-18.5,-18.5,1.0,0.0,6.0,1.0,0.5,0.6,193.5,212.0,230.0,212.0,2.0,37.5,14.0,1.0,0.3,0.3,195.0,210.0,230.0,210.0,2.0,40.0,14.0,1.0,0.3,0.3
1974,2,265.0,8.0,26.08,26.85,27.62,26.9,6.0,0.81,16.0,0.8,0.6,0.7,25.56,27.35,30.83,28.0,6.0,2.63,16.0,0.8,0.6,0.7,17.16,17.92,18.68,17.92,2.0,1.58,14.0,0.5,0.7,0.7,83.8,87.8,91.8,87.8,2.0,8.2,14.0,0.5,0.7,2.6,2.6,5.43,3.95,4.0,2.7,22.0,0.8,0.5,0.8,-2.38,-1.0,0.47,-0.96,4.0,1.69,22.0,0.8,0.5,0.8,-5.1,-2.06,0.57,-2.26,4.0,4.15,22.0,0.8,0.5,0.8,1008.68,1010.15,1011.34,1010.12,6.0,1.38,16.0,0.8,0.6,0.7,0.0,1.0,3.0,1.3,6.0,1.5,16.0,0.8,0.6,0.7,-13.9,-2.6,1.2,-6.2,4.0,10.9,22.0,0.8,0.5,0.8,-34.5,-5.3,1.5,-16.0,4.0,30.0,22.0,0.8,0.5,0.8,-3.62,-0.45,1.44,-1.1,6.0,2.95,16.0,0.8,0.6,0.7,-15.3,-11.3,-1.7,-8.6,4.0,9.2,22.0,0.8,0.5,0.8,3.64,4.25,4.86,4.25,2.0,1.26,14.0,0.5,0.7,0.7,8.7,8.7,8.7,8.7,1.0,0.0,20.0,0.0,0.4,0.7,-70.2,-31.6,11.8,-29.3,4.0,48.1,22.0,0.8,0.5,0.8,-139.8,-57.5,16.5,-61.5,4.0,118.6,22.0,0.8,0.5,0.8,16.9,16.9,16.9,16.9,1.0,0.0,20.0,0.0,0.4,0.7,-46.5,-46.5,-46.5,-46.5,1.0,0.0,20.0,0.0,0.4,0.7,3.0,3.0,3.0,3.0,1.0,0.0,20.0,0.0,0.4,0.7,-8.2,-8.2,-8.2,-8.2,1.0,0.0,20.0,0.0,0.4,0.7,17.5,17.5,276.5,141.0,4.0,247.0,22.0,0.8,0.5,0.8,20.0,20.0,275.0,140.0,4.0,245.0,22.0,0.8,0.5,0.8
1974,2,265.0,9.0,25.31,27.0,27.26,26.48,16.0,0.97,20.0,0.8,0.5,0.4,25.6,26.7,27.96,26.9,15.0,1.51,20.0,0.8,0.5,0.5,15.91,17.13,17.98,16.94,11.0,1.27,22.0,0.7,0.5,0.5,70.8,82.2,85.3,79.1,11.0,8.5,22.0,0.7,0.5,2.45,7.7,12.36,7.16,13.0,4.18,18.0,0.8,0.6,0.5,-7.94,-5.9,-0.99,-4.68,13.0,3.58,18.0,0.8,0.6,0.5,-8.4,-4.95,-1.05,-4.72,13.0,3.52,18.0,0.8,0.6,0.5,1009.52,1011.2,1013.04,1011.29,17.0,2.0,20.0,0.8,0.5,0.5,1.0,2.0,4.0,2.0,17.0,1.6,20.0,0.8,0.5,0.5,-98.2,-45.4,-1.0,-44.5,13.0,44.7,18.0,0.8,0.6,0.5,-107.8,-38.1,-4.0,-46.4,13.0,45.8,18.0,0.8,0.6,0.5,-2.14,0.15,0.98,-0.54,14.0,1.95,20.0,0.8,0.5,0.4,-12.9,-0.7,4.8,-4.5,11.0,12.0,20.0,0.8,0.6,0.4,2.86,4.48,5.77,4.37,10.0,1.34,22.0,0.7,0.5,0.4,5.6,36.5,50.5,32.7,8.0,20.8,20.0,0.8,0.6,0.4,-208.3,-161.8,-25.7,-124.7,12.0,100.4,20.0,0.8,0.5,0.5,-227.9,-122.7,-24.2,-122.2,12.0,94.1,20.0,0.8,0.5,0.5,-145.7,-102.3,-16.7,-81.2,9.0,68.6,20.0,0.8,0.5,0.4,-158.5,-115.1,-17.8,-93.7,9.0,64.8,20.0,0.8,0.5,0.4,-36.2,-27.6,-2.5,-19.7,8.0,18.3,20.0,0.8,0.6,0.4,-38.1,-26.4,-2.1,-23.1,8.0,16.3,20.0,0.8,0.6,0.4,16.0,456.5,1888.0,707.5,13.0,809.0,18.0,0.8,0.6,0.5,15.0,455.0,1890.0,710.0,13.0,810.0,18.0,0.8,0.6,0.5
1974,2,265.0,10.0,25.5,26.5,27.79,26.54,10.0,1.12,16.0,0.6,0.6,0.5,26.0,26.4,27.7,26.78,11.0,1.17,16.0,0.6,0.7,0.5,15.19,17.53,18.88,17.18,7.0,1.66,16.0,0.7,0.7,0.5,71.3,78.7,89.2,79.3,8.0,9.8,14.0,0.8,0.6,2.6,7.7,10.08,6.8,12.0,3.68,16.0,0.7,0.7,0.5,-7.92,-5.61,-0.57,-4.63,12.0,3.59,16.0,0.7,0.7,0.5,-7.85,-3.21,-0.48,-3.92,12.0,3.32,16.0,0.7,0.7,0.5,1009.83,1012.7,1013.2,1011.95,11.0,1.98,16.0,0.6,0.7,0.5,1.6,2.0,4.0,2.5,11.0,1.4,16.0,0.6,0.7,0.5,-75.9,-45.7,-0.6,-41.1,12.0,40.5,16.0,0.7,0.7,0.5,-71.3,-17.4,-0.5,-34.5,12.0,37.9,16.0,0.7,0.7,0.5,-2.01,-0.5,1.3,-0.3,9.0,1.58,18.0,0.6,0.6,0.5,-15.9,-3.8,13.1,-0.6,9.0,15.7,18.0,0.6,0.6,0.5,3.31,4.58,5.26,4.41,6.0,0.95,16.0,0.7,0.6,0.5,25.0,41.3,50.8,37.9,6.0,16.4,16.0,0.7,0.6,0.5,-218.5,-158.8,-12.5,-129.4,11.0,98.4,16.0,0.6,0.7,0.5,-206.4,-91.7,-29.1,-114.9,11.0,83.3,16.0,0.6,0.7,0.5,-146.1,-90.3,0.0,-79.8,7.0,75.5,16.0,0.7,0.7,0.5,-156.5,-51.7,-19.3,-79.1,7.0,64.9,16.0,0.7,0.7,0.5,-40.1,-26.8,-2.8,-23.3,6.0,18.0,16.0,0.7,0.6,0.5,-42.6,-22.9,-5.5,-23.0,6.0,19.6,16.0,0.7,0.6,0.5,17.5,456.5,1023.5,561.0,12.0,622.0,16.0,0.7,0.7,0.5,20.0,455.0,1025.0,560.0,12.0,620.0,16.0,0.7,0.7,0.5
1974,2,265.0,11.0,26.27,27.2,27.44,26.82,13.0,1.58,12.0,0.8,0.6,0.5,25.45,27.0,28.0,26.77,13.0,1.16,12.0,0.8,0.6,0.5,15.6,17.86,18.71,17.5,8.0,1.92,12.0,0.6,0.6,0.4,78.5,80.1,92.0,82.5,8.0,9.0,12.0,0.6,0.4,1.36,2.6,4.2,2.78,13.0,1.71,10.0,0.8,0.6,0.5,-2.75,-1.3,0.04,-1.57,13.0,1.66,10.0,0.8,0.6,0.5,-2.62,-0.45,0.94,-1.03,13.0,2.17,10.0,0.8,0.6,0.5,1010.24,1012.05,1013.0,1011.63,14.0,1.6,12.0,0.8,0.6,0.5,0.0,0.0,2.9,1.4,14.0,2.3,12.0,0.8,0.6,0.5,-11.3,-5.6,0.1,-5.9,13.0,7.5,10.0,0.8,0.6,0.5,-9.3,-1.2,2.5,-4.8,13.0,9.9,10.0,0.8,0.6,0.5,-1.15,0.2,1.98,0.15,12.0,1.98,14.0,0.8,0.6,0.5,-2.4,0.0,2.0,-0.5,11.0,2.9,12.0,0.8,0.6,0.5,1.3,5.19,7.87,4.42,8.0,3.93,12.0,0.6,0.6,0.4,0.0,9.6,25.0,11.7,7.0,11.6,10.0,0.7,0.6,0.4,-69.8,-30.1,3.2,-36.6,12.0,41.7,12.0,0.8,0.6,0.5,-75.8,-28.6,20.3,-34.4,12.0,58.7,12.0,0.8,0.6,0.5,-31.4,-18.4,0.0,-22.8,7.0,26.8,10.0,0.7,0.6,0.4,-38.0,0.0,12.8,-17.0,7.0,45.4,10.0,0.7,0.6,0.4,-16.4,-3.3,0.0,-7.6,7.0,9.5,10.0,0.7,0.6,0.4,-18.5,0.0,2.2,-5.7,7.0,9.9,10.0,0.7,0.6,0.4,3.0,17.5,75.0,43.5,13.0,57.0,10.0,0.8,0.6,0.5,5.0,20.0,75.0,45.0,13.0,55.0,10.0,0.8,0.6,0.5
1974,2,265.0,12.0,25.79,27.8,28.55,27.23,11.0,1.65,14.0,0.6,0.5,0.5,24.85,26.7,28.58,26.66,12.0,2.04,14.0,0.7,0.5,0.5,15.38,16.2,17.38,16.39,5.0,1.75,12.0,0.2,0.4,0.5,74.6,77.2,86.2,80.2,5.0,7.3,12.0,0.2,0.5,1.5,2.6,4.31,2.76,11.0,1.62,14.0,0.7,0.5,0.6,-1.99,-0.89,1.05,-0.82,11.0,1.99,14.0,0.7,0.5,0.6,-2.71,-1.35,0.99,-0.82,11.0,2.36,14.0,0.7,0.5,0.6,1010.92,1012.25,1012.94,1012.05,8.0,0.97,10.0,0.5,0.5,0.5,0.0,0.0,2.0,0.8,13.0,1.1,14.0,0.7,0.5,0.5,-5.4,-2.3,2.2,-4.3,11.0,10.2,14.0,0.7,0.5,0.6,-11.7,-2.8,2.2,-3.4,11.0,10.2,14.0,0.7,0.5,0.6,-0.54,1.0,1.77,0.6,11.0,1.41,14.0,0.6,0.5,0.5,-2.3,1.0,5.5,1.9,10.0,4.8,14.0,0.7,0.4,0.5,2.73,5.89,8.17,5.59,5.0,2.87,12.0,0.2,0.4,0.5,15.7,16.9,27.6,21.4,4.0,10.2,12.0,0.3,0.3,0.5,-51.1,-13.1,30.3,-18.5,10.0,53.3,14.0,0.7,0.4,0.5,-75.1,-42.6,8.9,-28.5,10.0,60.5,14.0,0.7,0.4,0.5,-57.0,-19.8,-8.1,-31.9,4.0,38.6,12.0,0.3,0.3,0.5,-48.8,-38.2,18.5,-16.2,4.0,53.2,12.0,0.3,0.3,0.5,-13.9,-8.9,-2.5,-8.2,4.0,6.9,12.0,0.3,0.3,0.5,-15.3,-11.6,13.9,-1.2,4.0,24.0,12.0,0.3,0.3,0.5,3.5,17.5,80.5,44.0,11.0,71.5,14.0,0.7,0.5,0.6,5.0,20.0,80.0,45.0,11.0,70.0,14.0,0.7,0.5,0.6
1974,2,265.0,13.0,24.88,27.0,28.07,26.52,31.0,1.77,16.0,0.4,0.6,0.4,23.69,25.6,28.0,25.84,36.0,2.14,14.0,0.4,0.5,0.5,13.92,15.77,16.66,15.54,27.0,1.41,14.0,0.4,0.5,0.5,74.5,78.5,83.7,78.2,27.0,5.5,14.0,0.4,0.5,0.0,2.6,6.0,3.34,35.0,3.54,14.0,0.4,0.6,0.5,-0.75,0.0,2.4,0.47,35.0,2.6,14.0,0.4,0.6,0.5,-5.67,0.0,0.1,-2.2,35.0,3.47,14.0,0.4,0.6,0.5,1011.65,1012.55,1014.6,1012.68,42.0,1.99,16.0,0.4,0.5,0.5,0.0,0.0,2.0,0.7,42.0,1.4,16.0,0.4,0.5,0.5,-2.7,0.0,6.5,3.4,35.0,24.7,14.0,0.4,0.6,0.5,-35.9,0.0,0.1,-17.9,35.0,34.3,14.0,0.4,0.6,0.5,-0.26,1.6,3.05,1.18,27.0,2.48,14.0,0.4,0.5,0.4,-0.4,0.0,5.5,0.8,24.0,5.5,14.0,0.4,0.6,0.4,4.51,5.83,9.55,6.55,23.0,2.32,16.0,0.4,0.5,0.4,0.0,8.6,30.1,12.7,20.0,14.0,14.0,0.4,0.5,0.4,-27.9,0.0,51.4,3.1,32.0,52.4,12.0,0.4,0.6,0.5,-116.5,0.0,4.9,-43.6,32.0,81.3,12.0,0.4,0.6,0.5,-25.5,0.0,24.1,-2.6,23.0,30.1,14.0,0.3,0.5,0.4,-77.4,0.0,0.0,-31.5,23.0,48.0,14.0,0.3,0.5,0.4,0.0,0.0,11.7,1.7,20.0,8.0,14.0,0.4,0.5,0.4,-30.1,0.0,0.0,-9.6,20.0,14.2,14.0,0.4,0.5,0.4,0.0,17.5,217.5,205.5,35.0,467.5,14.0,0.4,0.6,0.5,0.0,20.0,215.0,205.0,35.0,470.0,14.0,0.4,0.6,0.5
1974,2,265.0,14.0,24.67,26.7,28.85,26.46,17.0,2.06,12.0,0.5,0.6,0.4,21.94,24.5,27.45,24.78,18.0,2.66,12.0,0.6,0.6,0.4,12.95,15.65,18.15,15.62,16.0,2.5,12.0,0.5,0.5,0.4,72.0,82.0,89.1,81.1,16.0,8.3,12.0,0.5,0.4,0.8,5.1,9.42,5.35,16.0,4.06,14.0,0.5,0.6,0.4,-1.51,0.0,5.31,1.29,16.0,3.97,14.0,0.5,0.6,0.4,-7.0,-0.97,0.44,-2.96,16.0,4.49,14.0,0.5,0.6,0.4,1009.19,1013.0,1014.49,1012.35,19.0,2.43,14.0,0.5,0.6,0.4,0.0,1.0,4.1,1.9,19.0,2.5,14.0,0.5,0.6,0.4,-3.9,0.0,31.5,11.4,16.0,36.4,14.0,0.5,0.6,0.4,-63.4,-2.8,0.9,-28.0,16.0,48.6,14.0,0.5,0.6,0.4,-0.6,0.65,3.7,1.46,16.0,2.31,12.0,0.5,0.6,0.4,0.0,2.5,26.4,14.0,14.0,24.7,12.0,0.5,0.6,0.5,2.5,6.05,8.78,5.8,15.0,3.18,10.0,0.5,0.6,0.4,0.0,24.8,59.3,36.2,13.0,39.9,10.0,0.5,0.6,0.4,-55.3,0.0,95.9,22.0,15.0,91.2,12.0,0.5,0.6,0.4,-171.4,-26.7,14.9,-60.5,15.0,102.0,12.0,0.5,0.6,0.4,0.0,0.0,60.9,17.5,14.0,56.9,12.0,0.5,0.6,0.4,-123.5,-9.9,10.4,-39.9,14.0,67.2,12.0,0.5,0.6,0.4,0.0,0.0,26.4,11.4,13.0,23.7,10.0,0.5,0.6,0.4,-50.7,0.0,6.0,-21.8,13.0,42.4,10.0,0.5,0.6,0.4,3.5,132.5,872.0,419.5,16.0,630.5,14.0,0.5,0.6,0.4,5.0,135.0,870.0,420.0,16.0,630.0,14.0,0.5,0.6,0.4
1974,2,265.0,15.0,27.18,27.5,28.33,27.76,7.0,0.8,12.0,0.6,0.5,0.5,22.64,25.75,26.99,25.09,10.0,2.17,16.0,0.7,0.4,0.5,11.37,13.63,17.01,13.96,9.0,2.72,14.0,0.7,0.5,0.6,62.6,65.7,77.8,68.2,9.0,7.4,14.0,0.7,0.6,2.58,6.2,9.4,5.83,7.0,3.6,16.0,0.6,0.5,0.5,-0.1,1.97,4.84,2.51,7.0,3.62,16.0,0.6,0.5,0.5,-7.3,-5.13,0.76,-3.84,7.0,3.86,16.0,0.6,0.5,0.5,1009.27,1012.0,1013.36,1011.66,10.0,1.93,16.0,0.7,0.4,0.5,0.0,0.0,1.6,0.7,10.0,1.1,16.0,0.7,0.4,0.5,-0.2,4.1,45.9,24.1,7.0,37.1,16.0,0.6,0.5,0.5,-75.2,-34.4,1.6,-33.0,7.0,35.3,16.0,0.6,0.5,0.5,0.04,1.8,2.38,1.54,7.0,1.62,12.0,0.6,0.5,0.5,-2.3,3.8,13.3,5.9,5.0,12.3,14.0,0.4,0.5,0.3,6.64,7.58,10.57,8.46,7.0,1.97,12.0,0.6,0.5,0.5,16.2,19.7,52.9,33.2,5.0,24.9,14.0,0.4,0.5,0.3,-2.6,52.3,111.5,57.2,7.0,83.6,16.0,0.6,0.5,0.5,-173.0,-121.1,20.3,-92.3,7.0,93.8,16.0,0.6,0.5,0.5,-1.5,34.3,53.6,27.6,7.0,40.6,16.0,0.6,0.5,0.5,-89.8,-61.8,13.2,-46.6,7.0,48.3,16.0,0.6,0.5,0.5,-4.8,0.0,25.8,9.5,5.0,23.1,14.0,0.4,0.5,0.3,-46.6,-19.7,7.2,-20.2,5.0,28.9,14.0,0.4,0.5,0.3,17.0,238.5,835.0,404.5,7.0,537.5,16.0,0.6,0.5,0.5,15.0,240.0,835.0,405.0,7.0,535.0,16.0,0.6,0.5,0.5
1974,2,265.0,16.0,24.74,26.4,28.38,26.55,4.0,2.14,14.0,0.5,0.5,0.0,20.92,22.9,24.88,22.9,2.0,4.1,18.0,0.5,0.7,0.0,11.73,13.2,14.66,13.2,2.0,3.04,18.0,0.5,0.7,0.0,74.7,75.3,76.0,75.3,2.0,1.3,18.0,0.5,0.0,10.3,10.3,10.3,10.3,1.0,0.0,12.0,0.0,0.8,0.0,7.89,7.89,7.89,7.89,1.0,0.0,12.0,0.0,0.8,0.0,-6.62,-6.62,-6.62,-6.62,1.0,0.0,12.0,0.0,0.8,0.0,1014.89,1015.3,1015.87,1015.38,4.0,0.7,14.0,0.5,0.5,0.0,0.0,0.5,1.5,0.8,4.0,1.0,14.0,0.5,0.5,0.0,81.3,81.3,81.3,81.3,1.0,0.0,12.0,0.0,0.8,0.0,-68.2,-68.2,-68.2,-68.2,1.0,0.0,12.0,0.0,0.8,0.0,0.56,3.5,6.44,3.5,2.0,6.08,18.0,0.5,0.7,0.0,80.3,80.3,80.3,80.3,1.0,0.0,12.0,0.0,0.8,0.0,5.64,8.34,11.03,8.34,2.0,5.59,18.0,0.5,0.7,0.0,126.6,126.6,126.6,126.6,1.0,0.0,12.0,0.0,0.8,0.0,157.8,157.8,157.8,157.8,1.0,0.0,12.0,0.0,0.8,0.0,-132.4,-132.4,-132.4,-132.4,1.0,0.0,12.0,0.0,0.8,0.0,87.1,87.1,87.1,87.1,1.0,0.0,12.0,0.0,0.8,0.0,-73.1,-73.1,-73.1,-73.1,1.0,0.0,12.0,0.0,0.8,0.0,97.0,97.0,97.0,97.0,1.0,0.0,12.0,0.0,0.8,0.0,-81.4,-81.4,-81.4,-81.4,1.0,0.0,12.0,0.0,0.8,0.0,1092.5,1092.5,1092.5,1092.5,1.0,0.0,12.0,0.0,0.8,0.0,1095.0,1095.0,1095.0,1095.0,1.0,0.0,12.0,0.0,0.8,0.0
1974,2,265.0,18.0,22.0,22.7,24.0,22.88,10.0,1.2,12.0,0.3,0.5,0.5,19.38,20.0,24.0,21.08,13.0,2.37,12.0,0.3,0.6,0.5,11.32,12.71,15.6,13.23,11.0,2.06,12.0,0.3,0.5,0.5,76.2,83.3,91.5,83.1,13.0,7.2,12.0,0.3,0.5,2.94,9.0,18.29,9.43,12.0,7.16,12.0,0.3,0.5,0.5,-1.76,0.98,6.25,1.74,12.0,3.59,12.0,0.3,0.5,0.5,-17.19,-8.93,0.7,-7.74,12.0,8.17,12.0,0.3,0.5,0.5,1014.57,1022.0,1025.3,1019.88,11.0,5.97,12.0,0.3,0.5,0.5,3.0,8.0,8.0,6.5,13.0,2.7,12.0,0.3,0.6,0.5,-7.5,7.7,115.0,37.5,12.0,60.5,12.0,0.3,0.5,0.5,-316.0,-80.4,2.5,-123.2,12.0,155.0,12.0,0.3,0.5,0.5,-0.57,1.4,3.11,1.35,10.0,1.83,12.0,0.3,0.5,0.5,-1.1,3.6,64.9,23.9,9.0,34.6,14.0,0.2,0.5,0.5,2.97,3.6,4.66,3.66,9.0,0.98,14.0,0.3,0.5,0.5,4.0,28.9,85.8,41.3,8.0,39.5,14.0,0.3,0.5,0.5,-35.6,20.2,122.6,33.8,12.0,73.2,12.0,0.3,0.5,0.5,-336.8,-176.7,14.7,-153.5,12.0,163.0,12.0,0.3,0.5,0.5,-22.4,11.7,82.2,25.0,10.0,51.5,12.0,0.2,0.5,0.5,-225.7,-73.0,18.2,-95.1,10.0,117.6,12.0,0.2,0.5,0.5,-5.4,7.5,29.3,10.9,8.0,17.1,14.0,0.3,0.5,0.5,-80.6,-20.6,6.4,-33.2,8.0,42.8,14.0,0.3,0.5,0.5,35.0,731.5,6219.5,2294.5,12.0,3367.5,12.0,0.3,0.5,0.5,35.0,730.0,6220.0,2295.0,12.0,3370.0,12.0,0.3,0.5,0.5
1974,2,265.0,19.0,23.8,23.8,23.8,23.8,2.0,0.0,8.0,0.5,0.6,0.3,23.7,23.7,23.7,23.7,2.0,0.0,8.0,0.5,0.6,0.3,15.73,16.0,16.27,16.0,2.0,0.56,8.0,0.5,0.6,0.3,86.6,88.0,89.5,88.0,2.0,3.0,8.0,0.5,0.3,,,,,,,,,,,,,,,,,,,,,,,,,,,,,,,,,,,,,,,,,,,,,,,,,,,,,,,,,,,,,,,,,,,,,,,,,,,,,,,,,,,,,,,,,,,,,,,,,,,,,,,,,,,,,,,,,,,,,,,,,,,,,,,,,,,,,,,,,,,,,,,,,,,,,,,,,,,,,,,,,,,,,,,,,,,,,,,,,,,,,,,,,,,,,,
1974,2,265.0,20.0,23.86,24.65,25.0,24.43,6.0,0.7,12.0,0.2,0.6,0.1,23.16,23.65,24.3,23.73,6.0,0.67,12.0,0.2,0.6,0.1,14.42,16.02,16.55,15.51,4.0,1.56,12.0,0.0,0.6,0.1,79.1,85.7,91.0,85.1,4.0,8.4,12.0,0.0,0.1,3.25,5.8,10.04,6.32,6.0,4.48,12.0,0.2,0.6,0.1,-5.04,-2.73,0.91,-2.1,6.0,4.0,12.0,0.2,0.6,0.1,-9.77,0.0,0.92,-3.18,6.0,5.88,12.0,0.2,0.6,0.1,1011.24,1013.1,1014.96,1013.1,4.0,2.16,12.0,0.0,0.6,0.1,0.0,4.5,7.2,4.0,6.0,3.4,12.0,0.2,0.6,0.1,-26.7,-15.4,11.8,-7.3,6.0,35.3,12.0,0.2,0.6,0.1,-99.9,0.0,4.1,-38.7,6.0,67.5,12.0,0.2,0.6,0.1,0.24,0.9,1.02,0.7,6.0,0.45,12.0,0.2,0.6,0.1,0.0,5.3,10.8,5.6,6.0,5.3,12.0,0.2,0.6,0.1,2.76,3.76,4.37,3.57,4.0,1.05,12.0,0.0,0.6,0.1,17.2,19.6,37.4,27.0,4.0,17.5,12.0,0.0,0.6,0.1,-120.2,-63.6,21.9,-48.7,6.0,94.2,12.0,0.2,0.6,0.1,-228.7,0.0,22.1,-75.2,6.0,139.5,12.0,0.2,0.6,0.1,-63.1,-39.1,23.4,-20.7,4.0,63.0,12.0,0.0,0.6,0.1,-172.7,-70.2,15.9,-78.0,4.0,109.4,12.0,0.0,0.6,0.1,-16.6,-9.5,7.8,-4.6,4.0,16.4,12.0,0.0,0.6,0.1,-35.6,-8.6,4.7,-15.2,4.0,25.9,12.0,0.0,0.6,0.1,54.5,220.0,1081.5,576.5,6.0,823.5,12.0,0.2,0.6,0.1,55.0,220.0,1080.0,575.0,6.0,825.0,12.0,0.2,0.6,0.1
1974,2,265.0,21.0,24.13,24.4,25.49,24.8,3.0,1.06,10.0,0.0,0.5,0.4,23.57,24.8,24.94,24.27,3.0,1.1,10.0,0.0,0.5,0.4,16.18,16.32,16.47,16.32,2.0,0.29,14.0,0.0,0.6,0.5,84.8,87.6,90.5,87.6,2.0,5.9,14.0,0.0,0.5,5.04,6.0,7.16,6.1,3.0,1.55,10.0,0.0,0.5,0.4,-6.81,-5.91,-4.83,-5.82,3.0,1.46,10.0,0.0,0.5,0.4,-1.47,1.04,1.4,-0.01,3.0,2.29,10.0,0.0,0.5,0.4,1009.26,1009.6,1013.63,1011.4,3.0,3.56,10.0,0.0,0.5,0.4,0.0,0.0,0.0,0.0,2.0,0.0,14.0,0.0,0.6,0.5,-49.3,-35.5,-24.8,-37.0,3.0,18.0,10.0,0.0,0.5,0.4,-11.9,6.3,6.9,-2.3,3.0,15.6,10.0,0.0,0.5,0.4,-0.09,1.0,1.14,0.53,3.0,0.99,10.0,0.0,0.5,0.4,0.4,7.2,7.5,4.0,3.0,5.9,10.0,0.0,0.5,0.4,2.57,2.59,2.6,2.59,2.0,0.04,14.0,0.0,0.6,0.5,13.2,15.9,18.5,15.9,2.0,5.4,14.0,0.0,0.6,0.5,-160.1,-146.5,-120.3,-140.3,3.0,29.7,10.0,0.0,0.5,0.4,-33.1,25.8,35.0,1.5,3.0,54.2,10.0,0.0,0.5,0.4,-109.5,-94.0,-78.6,-94.0,2.0,31.9,14.0,0.0,0.6,0.5,-31.6,-8.2,15.1,-8.2,2.0,48.4,14.0,0.0,0.6,0.5,-17.4,-14.9,-12.4,-14.9,2.0,5.1,14.0,0.0,0.6,0.5,-5.0,-1.3,2.4,-1.3,2.0,7.7,14.0,0.0,0.6,0.5,135.0,216.0,380.0,256.5,3.0,183.0,10.0,0.0,0.5,0.4,135.0,215.0,380.0,255.0,3.0,185.0,10.0,0.0,0.5,0.4
1974,2,265.0,22.0,24.95,27.0,27.14,26.07,3.0,1.79,16.0,0.3,0.7,0.3,22.3,23.8,25.17,23.73,3.0,2.1,16.0,0.3,0.7,0.3,17.52,17.52,17.52,17.52,1.0,0.0,20.0,0.0,0.2,0.3,94.7,94.7,94.7,94.7,1.0,0.0,20.0,0.0,0.3,5.34,8.0,12.78,9.03,3.0,5.52,16.0,0.3,0.7,0.3,-6.39,-4.0,-3.9,-5.12,3.0,2.06,16.0,0.3,0.7,0.3,-4.28,1.4,9.31,2.49,3.0,10.0,16.0,0.3,0.7,0.3,1009.31,1016.2,1018.38,1013.9,3.0,6.94,16.0,0.3,0.7,0.3,7.0,7.0,7.7,7.3,3.0,0.6,16.0,0.3,0.7,0.3,-86.9,-32.0,-20.9,-53.4,3.0,51.8,16.0,0.3,0.7,0.3,-36.0,5.7,134.8,48.4,3.0,130.5,16.0,0.3,0.7,0.3,1.58,2.4,3.08,2.33,3.0,1.1,16.0,0.3,0.7,0.3,15.2,18.0,18.8,17.0,3.0,2.8,16.0,0.3,0.7,0.3,5.2,5.2,5.2,5.2,1.0,0.0,20.0,0.0,0.2,0.3,21.3,21.3,21.3,21.3,1.0,0.0,20.0,0.0,0.2,0.3,-161.2,-91.7,-88.1,-123.9,3.0,60.4,16.0,0.3,0.7,0.3,-91.6,33.4,239.4,73.0,3.0,244.8,16.0,0.3,0.7,0.3,-67.5,-67.5,-67.5,-67.5,1.0,0.0,20.0,0.0,0.2,0.3,24.6,24.6,24.6,24.6,1.0,0.0,20.0,0.0,0.2,0.3,-20.0,-20.0,-20.0,-20.0,1.0,0.0,20.0,0.0,0.2,0.3,7.3,7.3,7.3,7.3,1.0,0.0,20.0,0.0,0.2,0.3,209.5,512.0,2466.5,1318.5,3.0,1794.5,16.0,0.3,0.7,0.3,210.0,510.0,2465.0,1320.0,3.0,1795.0,16.0,0.3,0.7,0.3
1974,2,265.0,23.0,23.58,23.75,23.92,23.75,2.0,0.35,20.0,1.0,0.4,0.2,24.75,24.85,24.95,24.85,2.0,0.21,20.0,1.0,0.4,0.2,11.59,13.1,14.61,13.1,2.0,3.14,20.0,1.0,0.4,0.2,59.6,66.9,74.1,66.9,2.0,15.1,20.0,1.0,0.2,7.78,7.95,8.12,7.95,2.0,0.35,20.0,1.0,0.4,0.2,-6.74,-5.67,-4.6,-5.67,2.0,2.22,20.0,1.0,0.4,0.2,-6.39,-4.87,-3.34,-4.87,2.0,3.16,20.0,1.0,0.4,0.2,1010.58,1010.75,1010.92,1010.75,2.0,0.35,20.0,1.0,0.4,0.2,7.0,7.0,7.0,7.0,2.0,0.0,20.0,1.0,0.4,0.2,-52.2,-44.7,-37.1,-44.7,2.0,15.6,20.0,1.0,0.4,0.2,-52.2,-39.3,-26.3,-39.3,2.0,26.8,20.0,1.0,0.4,0.2,-1.17,-1.1,-1.03,-1.1,2.0,0.14,20.0,1.0,0.4,0.2,-9.5,-8.8,-8.0,-8.8,2.0,1.5,20.0,1.0,0.4,0.2,3.95,5.27,6.6,5.27,2.0,2.75,20.0,1.0,0.4,0.2,31.0,42.4,53.9,42.4,2.0,23.7,20.0,1.0,0.4,0.2,-168.3,-141.1,-113.9,-141.1,2.0,56.3,20.0,1.0,0.4,0.2,-158.0,-120.6,-83.2,-120.6,2.0,77.5,20.0,1.0,0.4,0.2,-100.3,-77.7,-55.1,-77.7,2.0,46.8,20.0,1.0,0.4,0.2,-71.4,-58.8,-46.2,-58.8,2.0,26.1,20.0,1.0,0.4,0.2,-28.7,-26.8,-25.0,-26.8,2.0,3.9,20.0,1.0,0.4,0.2,-44.5,-30.0,-15.5,-30.0,2.0,30.0,20.0,1.0,0.4,0.2,471.5,504.0,536.5,504.0,2.0,67.0,20.0,1.0,0.4,0.2,470.0,505.0,535.0,505.0,2.0,65.0,20.0,1.0,0.4,0.2
1974,2,265.0,24.0,23.16,23.5,23.84,23.5,2.0,0.71,12.0,0.0,0.4,0.8,17.65,21.2,23.11,20.4,3.0,4.06,16.0,0.0,0.5,0.7,10.79,12.82,14.84,12.82,2.0,4.19,12.0,0.0,0.4,0.8,66.8,73.9,81.0,73.9,2.0,14.8,12.0,0.0,0.8,6.02,6.7,8.47,7.23,3.0,1.86,16.0,0.0,0.5,0.7,-4.67,-3.66,1.01,-1.87,3.0,4.44,16.0,0.0,0.5,0.7,-4.6,4.31,4.35,-0.02,3.0,7.55,16.0,0.0,0.5,0.7,1010.29,1019.3,1020.46,1015.47,3.0,8.16,16.0,0.0,0.5,0.7,3.9,8.0,8.0,6.0,3.0,3.5,16.0,0.0,0.5,0.7,-30.1,-20.9,13.6,-8.6,3.0,33.7,16.0,0.0,0.5,0.7,-47.6,24.9,27.6,-9.2,3.0,62.5,16.0,0.0,0.5,0.7,0.29,0.9,1.51,0.9,2.0,1.27,12.0,0.0,0.4,0.8,1.9,6.0,10.1,6.0,2.0,8.5,12.0,0.0,0.4,0.8,3.69,5.26,6.82,5.26,2.0,3.25,12.0,0.0,0.4,0.8,22.2,33.7,45.2,33.7,2.0,23.8,12.0,0.0,0.4,0.8,-102.2,-87.9,6.8,-48.6,3.0,86.8,16.0,0.0,0.5,0.7,-66.5,91.3,100.5,18.8,3.0,137.5,16.0,0.0,0.5,0.7,-56.7,-54.2,-51.7,-54.2,2.0,5.1,12.0,0.0,0.4,0.8,46.6,55.7,64.7,55.7,2.0,18.7,12.0,0.0,0.4,0.8,-34.3,-24.8,-15.3,-24.8,2.0,19.7,12.0,0.0,0.4,0.8,16.0,22.7,29.4,22.7,2.0,13.9,12.0,0.0,0.4,0.8,222.0,301.0,644.5,430.0,3.0,329.0,16.0,0.0,0.5,0.7,220.0,300.0,645.0,430.0,3.0,330.0,16.0,0.0,0.5,0.7
1974,2,265.0,25.0,21.1,21.1,21.1,21.1,2.0,0.0,22.0,0.5,0.3,0.8,21.87,22.45,23.03,22.45,2.0,1.2,22.0,0.5,0.3,0.8,10.82,13.05,15.28,13.05,2.0,4.62,22.0,0.5,0.3,0.8,66.2,76.1,86.1,76.1,2.0,20.6,22.0,0.5,0.8,7.26,9.55,11.84,9.55,2.0,4.74,22.0,0.5,0.3,0.8,-5.6,-5.12,-4.64,-5.12,2.0,1.0,22.0,0.5,0.3,0.8,3.71,7.12,10.53,7.12,2.0,7.07,22.0,0.5,0.3,0.8,1006.29,1011.85,1017.41,1011.85,2.0,11.53,22.0,0.5,0.3,0.8,0.3,1.0,1.7,1.0,2.0,1.4,22.0,0.5,0.3,0.8,-53.6,-46.5,-39.4,-46.5,2.0,14.7,22.0,0.5,0.3,0.8,35.9,84.8,133.6,84.8,2.0,101.3,22.0,0.5,0.3,0.8,-1.93,-1.35,-0.77,-1.35,2.0,1.2,22.0,0.5,0.3,0.8,-24.4,-15.7,-7.1,-15.7,2.0,17.9,22.0,0.5,0.3,0.8,0.4,2.55,4.69,2.55,2.0,4.44,22.0,0.5,0.3,0.8,-0.9,13.8,28.4,13.8,2.0,30.4,22.0,0.5,0.3,0.8,-122.2,-114.3,-106.5,-114.3,2.0,16.3,22.0,0.5,0.3,0.8,83.4,164.1,244.9,164.1,2.0,167.3,22.0,0.5,0.3,0.8,-69.6,-64.5,-59.4,-64.5,2.0,10.6,22.0,0.5,0.3,0.8,48.8,109.3,169.7,109.3,2.0,125.2,22.0,0.5,0.3,0.8,-27.5,-15.3,-3.0,-15.3,2.0,25.3,22.0,0.5,0.3,0.8,-4.2,2.4,9.0,2.4,2.0,13.6,22.0,0.5,0.3,0.8,541.0,1192.5,1844.0,1192.5,2.0,1349.5,22.0,0.5,0.3,0.8,540.0,1195.0,1845.0,1195.0,2.0,1350.0,22.0,0.5,0.3,0.8
1974,2,265.0,26.0,21.05,21.2,24.0,21.92,13.0,1.85,14.0,0.3,0.5,0.6,15.59,22.0,24.0,20.24,14.0,4.49,14.0,0.3,0.5,0.6,5.61,11.77,16.05,11.35,14.0,4.96,14.0,0.3,0.5,0.6,53.2,70.9,91.4,71.8,14.0,16.8,14.0,0.3,0.6,5.73,7.7,10.24,7.96,14.0,2.83,14.0,0.3,0.5,0.6,-5.51,-3.92,-1.65,-3.61,14.0,2.84,14.0,0.3,0.5,0.6,-7.08,3.29,6.62,0.85,14.0,7.3,14.0,0.3,0.5,0.6,1008.66,1016.15,1026.34,1017.11,14.0,8.64,14.0,0.3,0.5,0.6,0.0,2.5,5.9,2.9,14.0,2.6,14.0,0.3,0.5,0.6,-39.6,-29.3,-7.3,-27.9,14.0,26.3,14.0,0.3,0.5,0.6,-54.1,19.6,52.9,6.9,14.0,78.2,14.0,0.3,0.5,0.6,-1.37,2.1,5.76,1.97,13.0,3.77,14.0,0.3,0.5,0.6,-9.1,10.3,35.0,15.7,13.0,40.6,14.0,0.3,0.5,0.6,1.12,6.08,9.86,5.5,13.0,4.07,14.0,0.3,0.5,0.6,14.6,26.2,77.0,42.1,13.0,36.9,14.0,0.3,0.5,0.6,-129.6,-79.4,-21.3,-79.6,14.0,64.1,14.0,0.3,0.5,0.6,-108.7,69.5,157.8,42.0,14.0,139.2,14.0,0.3,0.5,0.6,-84.9,-42.9,-8.5,-48.8,14.0,42.6,14.0,0.3,0.5,0.6,-44.8,34.2,112.3,32.7,14.0,77.5,14.0,0.3,0.5,0.6,-26.6,-15.9,0.8,-14.6,13.0,21.5,14.0,0.3,0.5,0.6,-73.1,-1.0,16.4,-14.5,13.0,48.6,14.0,0.3,0.5,0.6,188.5,456.5,1074.5,686.0,14.0,683.0,14.0,0.3,0.5,0.6,190.0,455.0,1075.0,685.0,14.0,685.0,14.0,0.3,0.5,0.6
1974,2,265.0,27.0,19.9,22.2,23.21,21.71,13.0,1.89,14.0,0.3,0.6,0.4,17.9,19.4,22.02,19.65,13.0,2.28,14.0,0.3,0.6,0.4,7.09,9.59,14.65,10.18,11.0,3.95,14.0,0.3,0.6,0.4,55.5,74.3,91.2,70.2,11.0,18.9,14.0,0.3,0.4,4.1,5.7,12.9,7.88,13.0,4.07,14.0,0.3,0.6,0.4,-4.48,-1.4,2.56,-1.32,13.0,5.45,14.0,0.3,0.6,0.4,-9.95,2.37,4.44,-0.9,13.0,7.16,14.0,0.3,0.6,0.4,1005.0,1020.3,1026.01,1017.87,13.0,8.61,14.0,0.3,0.6,0.4,0.9,2.0,7.0,2.8,13.0,2.8,14.0,0.3,0.6,0.4,-46.7,-5.7,13.4,-11.0,13.0,64.7,14.0,0.3,0.6,0.4,-120.7,7.4,25.0,-21.6,13.0,81.0,14.0,0.3,0.6,0.4,-0.01,2.5,4.07,2.06,13.0,3.18,14.0,0.3,0.6,0.4,1.7,11.5,40.3,16.0,13.0,19.6,14.0,0.3,0.6,0.4,0.99,6.17,9.68,5.82,11.0,5.06,14.0,0.3,0.6,0.4,11.9,37.4,99.6,47.7,11.0,39.7,14.0,0.3,0.6,0.4,-83.8,-27.2,56.1,-24.9,13.0,110.3,14.0,0.3,0.6,0.4,-179.1,55.1,92.7,-9.7,13.0,137.2,14.0,0.3,0.6,0.4,-54.1,-15.8,41.3,-12.7,11.0,71.9,14.0,0.3,0.6,0.4,-84.9,0.0,57.8,-7.2,11.0,80.4,14.0,0.3,0.6,0.4,-47.4,0.0,7.3,-13.1,11.0,40.7,14.0,0.3,0.6,0.4,-62.2,-1.9,22.1,-18.2,11.0,43.2,14.0,0.3,0.6,0.4,69.0,185.0,2146.5,869.5,13.0,1012.5,14.0,0.3,0.6,0.4,70.0,185.0,2145.0,870.0,13.0,1015.0,14.0,0.3,0.6,0.4
1974,2,265.0,28.0,18.16,20.0,22.51,20.03,9.0,2.52,10.0,0.7,0.7,0.6,13.17,16.4,20.61,16.87,10.0,3.84,12.0,0.7,0.6,0.6,5.18,7.04,13.88,8.99,9.0,4.07,10.0,0.7,0.7,0.6,51.6,68.3,86.1,69.2,9.0,18.3,10.0,0.7,0.6,1.5,5.1,8.32,5.33,7.0,3.36,12.0,0.6,0.7,0.6,-4.82,0.0,5.05,0.86,7.0,5.37,12.0,0.6,0.7,0.6,-1.74,0.96,5.16,1.58,7.0,3.44,12.0,0.6,0.7,0.6,1012.04,1020.05,1027.89,1020.33,10.0,7.85,12.0,0.7,0.6,0.6,0.0,1.0,7.5,3.0,9.0,3.4,14.0,0.8,0.6,0.6,-25.3,0.0,28.5,9.7,7.0,49.0,12.0,0.6,0.7,0.6,-8.9,1.4,40.4,14.1,7.0,24.8,12.0,0.6,0.7,0.6,-0.47,1.7,6.1,2.62,9.0,4.04,10.0,0.7,0.7,0.6,-6.5,0.3,9.2,3.2,6.0,15.7,10.0,0.5,0.8,0.6,0.78,6.04,9.25,5.64,9.0,4.22,10.0,0.7,0.7,0.6,-1.6,7.7,43.6,18.1,6.0,25.3,10.0,0.5,0.8,0.6,-59.8,0.0,68.0,14.9,7.0,91.3,12.0,0.6,0.7,0.6,-23.0,20.2,115.3,36.1,7.0,66.4,12.0,0.6,0.7,0.6,-15.8,6.1,38.9,6.3,6.0,48.5,10.0,0.5,0.8,0.6,-12.6,18.1,78.5,28.8,6.0,45.2,10.0,0.5,0.8,0.6,0.0,5.4,41.0,17.2,6.0,23.3,10.0,0.5,0.8,0.6,-6.9,-2.1,9.4,0.6,6.0,11.5,10.0,0.5,0.8,0.6,3.5,132.5,585.0,316.5,7.0,455.0,12.0,0.6,0.7,0.6,5.0,135.0,585.0,315.0,7.0,455.0,12.0,0.6,0.7,0.6
1974,2,265.0,29.0,14.97,17.85,21.25,18.1,4.0,4.16,8.0,0.5,0.7,0.2,8.83,12.8,17.63,13.36,5.0,5.82,6.0,0.4,0.7,0.2,5.36,5.41,6.28,5.81,3.0,0.75,10.0,0.7,0.7,0.2,54.2,59.0,78.8,66.3,3.0,19.1,10.0,0.7,0.2,3.05,5.05,6.63,4.85,4.0,2.23,6.0,0.3,0.6,0.2,0.0,0.52,3.39,1.64,4.0,2.63,6.0,0.3,0.6,0.2,-4.1,1.0,4.38,0.18,4.0,5.08,6.0,0.3,0.6,0.2,1015.29,1020.5,1024.77,1020.05,4.0,5.53,8.0,0.5,0.7,0.2,0.5,1.5,3.0,1.8,4.0,1.7,6.0,0.3,0.7,0.2,0.0,3.1,23.8,11.5,4.0,19.0,6.0,0.3,0.6,0.2,-20.7,6.2,25.5,2.6,4.0,29.7,6.0,0.3,0.6,0.2,-0.31,2.5,6.57,3.1,4.0,4.53,8.0,0.5,0.7,0.2,-6.4,4.5,14.3,4.0,3.0,15.2,6.0,0.3,0.6,0.2,4.75,6.33,6.76,5.77,3.0,1.55,10.0,0.7,0.7,0.2,16.9,21.8,26.6,21.8,2.0,10.1,10.0,0.5,0.6,0.2,0.0,3.5,46.7,22.5,4.0,40.3,6.0,0.3,0.6,0.2,-31.0,24.2,80.7,24.8,4.0,65.1,6.0,0.3,0.6,0.2,4.7,14.9,25.1,14.9,2.0,21.1,10.0,0.5,0.6,0.2,-7.8,5.5,18.8,5.5,2.0,27.6,10.0,0.5,0.6,0.2,3.5,11.1,18.6,11.1,2.0,15.6,10.0,0.5,0.6,0.2,-9.4,2.0,13.3,2.0,2.0,23.5,10.0,0.5,0.6,0.2,37.5,142.5,298.5,167.0,4.0,162.5,6.0,0.3,0.6,0.2,40.0,140.0,300.0,165.0,4.0,165.0,6.0,0.3,0.6,0.2
1974,2,266.0,-71.0,,,,,,,,,,,,,,,,,,,,,,,,,,,,,,,,,,,,,,,,6.0,6.0,6.0,6.0,1.0,0.0,12.0,1.0,0.3,1.0,-3.86,-3.86,-3.86,-3.86,1.0,0.0,12.0,1.0,0.3,1.0,-4.6,-4.6,-4.6,-4.6,1.0,0.0,12.0,1.0,0.3,1.0,980.7,980.7,980.7,980.7,1.0,0.0,12.0,1.0,0.3,1.0,,,,,,,,,,,,,,,,,,,,,,,,,,,,,,,,,,,,,,,,,,,,,,,,,,,,,,,,,,,,,,,,,,,,,,,,,,,,,,,,,,,,,,,,,,,,,,,,,,,,,,,,,,,,,,,,,,,,,,,,,,,,,,,,,,,,,,,,,,,,,,,,,,,,,,
1974,2,266.0,-12.0,24.5,24.5,24.5,24.5,1.0,0.0,12.0,1.0,1.0,0.9,24.8,24.8,24.8,24.8,1.0,0.0,12.0,1.0,1.0,0.9,15.01,15.01,15.01,15.01,1.0,0.0,12.0,1.0,1.0,0.9,77.0,77.0,77.0,77.0,1.0,0.0,12.0,1.0,0.9,10.0,10.0,10.0,10.0,1.0,0.0,12.0,1.0,1.0,0.9,-7.66,-7.66,-7.66,-7.66,1.0,0.0,12.0,1.0,1.0,0.9,6.43,6.43,6.43,6.43,1.0,0.0,12.0,1.0,1.0,0.9,1012.7,1012.7,1012.7,1012.7,1.0,0.0,12.0,1.0,1.0,0.9,6.0,6.0,6.0,6.0,1.0,0.0,12.0,1.0,1.0,0.9,-76.6,-76.6,-76.6,-76.6,1.0,0.0,12.0,1.0,1.0,0.9,64.3,64.3,64.3,64.3,1.0,0.0,12.0,1.0,1.0,0.9,-0.3,-0.3,-0.3,-0.3,1.0,0.0,12.0,1.0,1.0,0.9,-3.0,-3.0,-3.0,-3.0,1.0,0.0,12.0,1.0,1.0,0.9,4.18,4.18,4.18,4.18,1.0,0.0,12.0,1.0,1.0,0.9,41.8,41.8,41.8,41.8,1.0,0.0,12.0,1.0,1.0,0.9,-190.0,-190.0,-190.0,-190.0,1.0,0.0,12.0,1.0,1.0,0.9,159.4,159.4,159.4,159.4,1.0,0.0,12.0,1.0,1.0,0.9,-115.0,-115.0,-115.0,-115.0,1.0,0.0,12.0,1.0,1.0,0.9,96.5,96.5,96.5,96.5,1.0,0.0,12.0,1.0,1.0,0.9,-32.0,-32.0,-32.0,-32.0,1.0,0.0,12.0,1.0,1.0,0.9,26.9,26.9,26.9,26.9,1.0,0.0,12.0,1.0,1.0,0.9,1000.0,1000.0,1000.0,1000.0,1.0,0.0,12.0,1.0,1.0,0.9,1000.0,1000.0,1000.0,1000.0,1.0,0.0,12.0,1.0,1.0,0.9
1974,2,266.0,-11.0,24.33,24.4,24.47,24.4,3.0,0.1,14.0,0.3,0.6,0.2,23.93,24.0,24.41,24.17,3.0,0.38,14.0,0.3,0.6,0.2,15.1,15.28,15.3,15.2,3.0,0.16,14.0,0.3,0.6,0.2,80.0,81.3,82.0,81.0,3.0,1.5,14.0,0.3,0.2,6.63,8.0,8.68,7.67,3.0,1.53,14.0,0.3,0.6,0.2,-7.2,-5.91,-5.39,-6.28,3.0,1.36,14.0,0.3,0.6,0.2,2.14,4.5,5.61,3.89,3.0,2.6,14.0,0.3,0.6,0.2,1012.0,1012.0,1013.02,1012.5,3.0,0.87,14.0,0.3,0.6,0.2,4.6,8.0,8.0,6.3,3.0,2.9,14.0,0.3,0.6,0.2,-60.9,-41.1,-37.3,-48.9,3.0,18.6,14.0,0.3,0.6,0.2,17.1,40.5,46.3,31.9,3.0,22.6,14.0,0.3,0.6,0.2,0.06,0.4,0.4,0.23,3.0,0.29,14.0,0.3,0.6,0.2,0.2,2.4,3.2,1.7,3.0,2.3,14.0,0.3,0.6,0.2,3.82,3.9,3.94,3.88,3.0,0.09,14.0,0.3,0.6,0.2,25.4,31.2,34.2,29.8,3.0,6.6,14.0,0.3,0.6,0.2,-172.2,-141.8,-131.4,-151.5,3.0,31.1,14.0,0.3,0.6,0.2,51.2,107.6,137.0,94.4,3.0,63.9,14.0,0.3,0.6,0.2,-108.6,-90.3,-82.4,-95.3,3.0,19.7,14.0,0.3,0.6,0.2,32.3,67.6,85.5,59.1,3.0,39.6,14.0,0.3,0.6,0.2,-28.1,-22.3,-20.8,-24.4,3.0,5.7,14.0,0.3,0.6,0.2,8.3,17.8,22.0,15.2,3.0,10.2,14.0,0.3,0.6,0.2,310.0,512.0,660.0,485.5,3.0,257.5,14.0,0.3,0.6,0.2,310.0,510.0,660.0,485.0,3.0,260.0,14.0,0.3,0.6,0.2
1974,2,266.0,-9.0,26.7,26.7,26.7,26.7,1.0,0.0,8.0,0.0,0.5,0.8,23.5,23.5,23.5,23.5,1.0,0.0,8.0,0.0,0.5,0.8,16.61,16.61,16.61,16.61,1.0,0.0,8.0,0.0,0.5,0.8,91.9,91.9,91.9,91.9,1.0,0.0,8.0,0.0,0.8,4.6,4.6,4.6,4.6,1.0,0.0,8.0,0.0,0.5,0.8,-2.96,-2.96,-2.96,-2.96,1.0,0.0,8.0,0.0,0.5,0.8,3.52,3.52,3.52,3.52,1.0,0.0,8.0,0.0,0.5,0.8,1010.6,1010.6,1010.6,1010.6,1.0,0.0,8.0,0.0,0.5,0.8,1.0,1.0,1.0,1.0,1.0,0.0,8.0,0.0,0.5,0.8,-13.6,-13.6,-13.6,-13.6,1.0,0.0,8.0,0.0,0.5,0.8,16.2,16.2,16.2,16.2,1.0,0.0,8.0,0.0,0.5,0.8,3.2,3.2,3.2,3.2,1.0,0.0,8.0,0.0,0.5,0.8,14.7,14.7,14.7,14.7,1.0,0.0,8.0,0.0,0.5,0.8,5.35,5.35,5.35,5.35,1.0,0.0,8.0,0.0,0.5,0.8,24.6,24.6,24.6,24.6,1.0,0.0,8.0,0.0,0.5,0.8,-69.5,-69.5,-69.5,-69.5,1.0,0.0,8.0,0.0,0.5,0.8,82.8,82.8,82.8,82.8,1.0,0.0,8.0,0.0,0.5,0.8,-49.1,-49.1,-49.1,-49.1,1.0,0.0,8.0,0.0,0.5,0.8,58.5,58.5,58.5,58.5,1.0,0.0,8.0,0.0,0.5,0.8,-15.8,-15.8,-15.8,-15.8,1.0,0.0,8.0,0.0,0.5,0.8,18.8,18.8,18.8,18.8,1.0,0.0,8.0,0.0,0.5,0.8,97.5,97.5,97.5,97.5,1.0,0.0,8.0,0.0,0.5,0.8,95.0,95.0,95.0,95.0,1.0,0.0,8.0,0.0,0.5,0.8
1974,2,266.0,-8.0,25.16,25.5,25.84,25.5,2.0,0.71,22.0,0.5,0.5,0.6,25.29,25.7,26.11,25.7,2.0,0.85,22.0,0.5,0.5,0.6,16.17,16.17,16.17,16.17,1.0,0.0,28.0,1.0,0.6,0.1,81.4,81.4,81.4,81.4,1.0,0.0,28.0,1.0,0.1,8.38,9.85,11.32,9.85,2.0,3.04,22.0,0.5,0.5,0.6,-8.88,-8.21,-7.55,-8.21,2.0,1.38,22.0,0.5,0.5,0.6,3.44,5.17,6.91,5.17,2.0,3.59,22.0,0.5,0.5,0.6,1009.2,1010.5,1011.8,1010.5,2.0,2.69,22.0,0.5,0.5,0.6,7.2,7.5,7.8,7.5,2.0,0.7,22.0,0.5,0.5,0.6,-101.6,-83.0,-64.4,-83.0,2.0,38.6,22.0,0.5,0.5,0.6,31.7,56.4,81.1,56.4,2.0,51.1,22.0,0.5,0.5,0.6,-0.27,-0.2,-0.13,-0.2,2.0,0.14,22.0,0.5,0.5,0.6,-3.2,-2.2,-1.2,-2.2,2.0,2.0,22.0,0.5,0.5,0.6,3.61,3.61,3.61,3.61,1.0,0.0,28.0,1.0,0.6,0.1,27.8,27.8,27.8,27.8,1.0,0.0,28.0,1.0,0.6,0.1,-232.2,-211.7,-191.2,-211.7,2.0,42.5,22.0,0.5,0.5,0.6,87.8,134.5,181.2,134.5,2.0,96.7,22.0,0.5,0.5,0.6,-117.0,-117.0,-117.0,-117.0,1.0,0.0,28.0,1.0,0.6,0.1,42.6,42.6,42.6,42.6,1.0,0.0,28.0,1.0,0.6,0.1,-26.1,-26.1,-26.1,-26.1,1.0,0.0,28.0,1.0,0.6,0.1,9.5,9.5,9.5,9.5,1.0,0.0,28.0,1.0,0.6,0.1,658.5,1092.5,1526.0,1092.5,2.0,899.0,22.0,0.5,0.5,0.6,660.0,1090.0,1525.0,1090.0,2.0,900.0,22.0,0.5,0.5,0.6
1974,2,266.0,-7.0,25.33,25.4,25.47,25.4,2.0,0.14,18.0,1.0,0.3,0.5,26.19,26.6,27.01,26.6,2.0,0.85,18.0,1.0,0.3,0.5,19.76,20.07,20.39,20.07,2.0,0.65,18.0,1.0,0.3,0.5,91.3,92.0,92.8,92.0,2.0,1.5,18.0,1.0,0.5,3.49,5.4,7.31,5.4,2.0,3.96,18.0,1.0,0.3,0.5,-4.64,-3.29,-1.93,-3.29,2.0,2.81,18.0,1.0,0.3,0.5,2.89,4.27,5.64,4.27,2.0,2.85,18.0,1.0,0.3,0.5,1009.75,1010.5,1011.25,1010.5,2.0,1.56,18.0,1.0,0.3,0.5,1.8,3.5,5.2,3.5,2.0,3.5,18.0,1.0,0.3,0.5,-36.9,-23.3,-9.7,-23.3,2.0,28.2,18.0,1.0,0.3,0.5,13.1,28.7,44.3,28.7,2.0,32.3,18.0,1.0,0.3,0.5,-1.54,-1.2,-0.86,-1.2,2.0,0.71,18.0,1.0,0.3,0.5,-5.5,-5.1,-4.6,-5.1,2.0,0.9,18.0,1.0,0.3,0.5,-0.01,0.24,0.49,0.24,2.0,0.51,18.0,1.0,0.3,0.5,0.5,2.3,4.1,2.3,2.0,3.7,18.0,1.0,0.3,0.5,-120.9,-86.2,-51.5,-86.2,2.0,71.9,18.0,1.0,0.3,0.5,77.4,112.3,147.1,112.3,2.0,72.2,18.0,1.0,0.3,0.5,-91.2,-65.0,-38.9,-65.0,2.0,54.2,18.0,1.0,0.3,0.5,58.4,84.7,111.0,84.7,2.0,54.4,18.0,1.0,0.3,0.5,-2.6,-1.5,-0.4,-1.5,2.0,2.4,18.0,1.0,0.3,0.5,0.4,1.7,3.1,1.7,2.0,2.9,18.0,1.0,0.3,0.5,102.5,284.5,466.5,284.5,2.0,377.5,18.0,1.0,0.3,0.5,100.0,285.0,465.0,285.0,2.0,375.0,18.0,1.0,0.3,0.5
1974,2,266.0,-6.0,26.2,26.2,26.2,26.2,1.0,0.0,20.0,1.0,0.7,1.0,26.2,26.4,26.6,26.4,2.0,0.42,22.0,1.0,0.8,1.0,19.72,19.72,19.72,19.72,1.0,0.0,24.0,1.0,1.0,1.0,89.9,89.9,89.9,89.9,1.0,0.0,24.0,1.0,1.0,3.42,4.1,4.78,4.1,2.0,1.41,22.0,1.0,0.8,1.0,-1.95,-1.87,-1.78,-1.87,2.0,0.18,22.0,1.0,0.8,1.0,2.76,3.58,4.41,3.58,2.0,1.71,22.0,1.0,0.8,1.0,1010.3,1010.95,1011.6,1010.95,2.0,1.34,22.0,1.0,0.8,1.0,4.2,4.5,4.8,4.5,2.0,0.7,22.0,1.0,0.8,1.0,-8.5,-7.5,-6.6,-7.5,2.0,1.9,22.0,1.0,0.8,1.0,10.1,15.9,21.7,15.9,2.0,12.1,22.0,1.0,0.8,1.0,,,,,,,,,,,,,,,,,,,,,,,,,,,,,,,,,,,,,,,,,-52.0,-49.4,-46.7,-49.4,2.0,5.4,22.0,1.0,0.8,1.0,73.2,94.2,115.3,94.2,2.0,43.6,22.0,1.0,0.8,1.0,-39.3,-39.3,-39.3,-39.3,1.0,0.0,24.0,1.0,1.0,1.0,46.8,46.8,46.8,46.8,1.0,0.0,24.0,1.0,1.0,1.0,,,,,,,,,,,,,,,,,,,,,,,,,,,,,,,,,,,,,,,,
1974,2,266.0,-5.0,25.24,25.55,25.6,25.43,4.0,0.29,12.0,0.3,0.4,0.6,24.71,25.0,25.93,25.32,5.0,1.12,14.0,0.2,0.4,0.5,16.13,16.28,16.51,16.32,4.0,0.24,12.0,0.3,0.4,0.6,76.9,82.9,84.5,80.8,4.0,6.4,12.0,0.3,0.6,2.6,2.6,3.97,3.2,5.0,0.89,14.0,0.2,0.4,0.5,-2.94,-0.89,0.0,-1.4,5.0,1.59,14.0,0.2,0.4,0.5,1.55,2.6,3.19,2.32,5.0,1.37,14.0,0.2,0.4,0.5,1009.63,1012.0,1012.18,1011.1,5.0,1.52,14.0,0.2,0.4,0.5,1.6,2.0,4.8,3.2,5.0,2.8,14.0,0.2,0.4,0.5,-10.2,-2.3,0.0,-5.1,5.0,6.8,14.0,0.2,0.4,0.5,4.0,6.8,13.2,7.9,5.0,5.6,14.0,0.2,0.4,0.5,-0.7,0.5,0.7,0.03,4.0,1.16,12.0,0.3,0.4,0.6,-1.6,1.7,2.4,0.5,4.0,3.3,12.0,0.3,0.4,0.6,3.78,4.05,4.24,4.01,4.0,0.3,12.0,0.3,0.4,0.6,11.0,12.1,15.7,13.3,4.0,3.4,12.0,0.3,0.4,0.6,-73.7,-22.2,0.0,-35.2,5.0,40.0,14.0,0.2,0.4,0.5,38.8,70.7,79.1,58.7,5.0,34.1,14.0,0.2,0.4,0.5,-51.0,-21.3,0.0,-25.3,4.0,29.9,12.0,0.3,0.4,0.6,19.9,45.5,53.9,37.3,4.0,25.8,12.0,0.3,0.4,0.6,-12.4,-5.4,0.0,-6.2,4.0,7.2,12.0,0.3,0.4,0.6,5.3,11.5,12.4,9.0,4.0,6.0,12.0,0.3,0.4,0.6,17.5,17.5,65.0,39.5,5.0,35.0,14.0,0.2,0.4,0.5,20.0,20.0,65.0,40.0,5.0,35.0,14.0,0.2,0.4,0.5
1974,2,266.0,-4.0,25.0,25.0,25.0,25.0,1.0,0.0,6.0,1.0,0.9,0.2,23.4,23.4,23.4,23.4,1.0,0.0,6.0,1.0,0.9,0.2,16.53,16.53,16.53,16.53,1.0,0.0,6.0,1.0,0.9,0.2,91.9,91.9,91.9,91.9,1.0,0.0,6.0,1.0,0.2,2.1,2.1,2.1,2.1,1.0,0.0,6.0,1.0,0.9,0.2,-0.36,-0.36,-0.36,-0.36,1.0,0.0,6.0,1.0,0.9,0.2,2.07,2.07,2.07,2.07,1.0,0.0,6.0,1.0,0.9,0.2,1009.0,1009.0,1009.0,1009.0,1.0,0.0,6.0,1.0,0.9,0.2,8.0,8.0,8.0,8.0,1.0,0.0,6.0,1.0,0.9,0.2,-0.8,-0.8,-0.8,-0.8,1.0,0.0,6.0,1.0,0.9,0.2,4.3,4.3,4.3,4.3,1.0,0.0,6.0,1.0,0.9,0.2,1.6,1.6,1.6,1.6,1.0,0.0,6.0,1.0,0.9,0.2,3.4,3.4,3.4,3.4,1.0,0.0,6.0,1.0,0.9,0.2,3.32,3.32,3.32,3.32,1.0,0.0,6.0,1.0,0.9,0.2,7.0,7.0,7.0,7.0,1.0,0.0,6.0,1.0,0.9,0.2,-8.5,-8.5,-8.5,-8.5,1.0,0.0,6.0,1.0,0.9,0.2,48.4,48.4,48.4,48.4,1.0,0.0,6.0,1.0,0.9,0.2,-6.0,-6.0,-6.0,-6.0,1.0,0.0,6.0,1.0,0.9,0.2,34.2,34.2,34.2,34.2,1.0,0.0,6.0,1.0,0.9,0.2,-1.2,-1.2,-1.2,-1.2,1.0,0.0,6.0,1.0,0.9,0.2,6.9,6.9,6.9,6.9,1.0,0.0,6.0,1.0,0.9,0.2,9.5,9.5,9.5,9.5,1.0,0.0,6.0,1.0,0.9,0.2,10.0,10.0,10.0,10.0,1.0,0.0,6.0,1.0,0.9,0.2
1974,2,266.0,-3.0,24.65,25.2,25.75,25.2,2.0,1.13,22.0,0.5,0.7,1.0,27.3,27.95,28.6,27.95,2.0,1.34,22.0,0.5,0.7,1.0,17.32,17.32,17.32,17.32,1.0,0.0,16.0,1.0,0.5,0.9,69.6,69.6,69.6,69.6,1.0,0.0,16.0,1.0,0.9,3.0,3.85,4.7,3.85,2.0,1.77,22.0,0.5,0.7,1.0,-3.7,-3.25,-2.81,-3.25,2.0,0.92,22.0,0.5,0.7,1.0,-2.76,-1.64,-0.52,-1.64,2.0,2.32,22.0,0.5,0.7,1.0,1011.58,1011.75,1011.92,1011.75,2.0,0.35,22.0,0.5,0.7,1.0,2.2,2.5,2.8,2.5,2.0,0.7,22.0,0.5,0.7,1.0,-17.8,-13.3,-8.8,-13.3,2.0,9.3,22.0,0.5,0.7,1.0,-14.1,-8.4,-2.7,-8.4,2.0,11.8,22.0,0.5,0.7,1.0,-3.94,-2.75,-1.56,-2.75,2.0,2.47,22.0,0.5,0.7,1.0,-10.7,-8.4,-6.1,-8.4,2.0,4.7,22.0,0.5,0.7,1.0,1.78,1.78,1.78,1.78,1.0,0.0,16.0,1.0,0.5,0.9,4.6,4.6,4.6,4.6,1.0,0.0,16.0,1.0,0.5,0.9,-100.7,-90.3,-80.0,-90.3,2.0,21.5,22.0,0.5,0.7,1.0,-74.5,-44.3,-14.0,-44.3,2.0,62.6,22.0,0.5,0.7,1.0,-45.0,-45.0,-45.0,-45.0,1.0,0.0,16.0,1.0,0.5,0.9,0.0,0.0,0.0,0.0,1.0,0.0,16.0,1.0,0.5,0.9,-4.6,-4.6,-4.6,-4.6,1.0,0.0,16.0,1.0,0.5,0.9,0.0,0.0,0.0,0.0,1.0,0.0,16.0,1.0,0.5,0.9,36.0,75.0,114.5,75.0,2.0,81.5,22.0,0.5,0.7,1.0,35.0,75.0,115.0,75.0,2.0,80.0,22.0,0.5,0.7,1.0
1974,2,266.0,-2.0,25.0,25.0,25.0,25.0,1.0,0.0,4.0,1.0,0.2,0.3,24.8,24.8,24.8,24.8,1.0,0.0,4.0,1.0,0.2,0.3,17.07,17.07,17.07,17.07,1.0,0.0,4.0,1.0,0.2,0.3,87.1,87.1,87.1,87.1,1.0,0.0,4.0,1.0,0.3,4.1,4.1,4.1,4.1,1.0,0.0,4.0,1.0,0.2,0.3,-0.71,-0.71,-0.71,-0.71,1.0,0.0,4.0,1.0,0.2,0.3,4.04,4.04,4.04,4.04,1.0,0.0,4.0,1.0,0.2,0.3,1007.6,1007.6,1007.6,1007.6,1.0,0.0,4.0,1.0,0.2,0.3,6.0,6.0,6.0,6.0,1.0,0.0,4.0,1.0,0.2,0.3,-2.9,-2.9,-2.9,-2.9,1.0,0.0,4.0,1.0,0.2,0.3,16.6,16.6,16.6,16.6,1.0,0.0,4.0,1.0,0.2,0.3,0.2,0.2,0.2,0.2,1.0,0.0,4.0,1.0,0.2,0.3,0.8,0.8,0.8,0.8,1.0,0.0,4.0,1.0,0.2,0.3,2.81,2.81,2.81,2.81,1.0,0.0,4.0,1.0,0.2,0.3,11.5,11.5,11.5,11.5,1.0,0.0,4.0,1.0,0.2,0.3,-17.7,-17.7,-17.7,-17.7,1.0,0.0,4.0,1.0,0.2,0.3,100.1,100.1,100.1,100.1,1.0,0.0,4.0,1.0,0.2,0.3,-12.2,-12.2,-12.2,-12.2,1.0,0.0,4.0,1.0,0.2,0.3,68.9,68.9,68.9,68.9,1.0,0.0,4.0,1.0,0.2,0.3,-2.0,-2.0,-2.0,-2.0,1.0,0.0,4.0,1.0,0.2,0.3,11.3,11.3,11.3,11.3,1.0,0.0,4.0,1.0,0.2,0.3,69.0,69.0,69.0,69.0,1.0,0.0,4.0,1.0,0.2,0.3,70.0,70.0,70.0,70.0,1.0,0.0,4.0,1.0,0.2,0.3
1974,2,266.0,-1.0,24.17,24.55,24.93,24.55,2.0,0.78,4.0,0.5,1.0,0.6,23.54,23.85,24.16,23.85,2.0,0.64,4.0,0.5,1.0,0.6,16.53,16.98,17.44,16.98,2.0,0.95,4.0,0.5,1.0,0.6,87.9,92.1,96.3,92.1,2.0,8.7,4.0,0.5,0.6,2.76,3.1,3.44,3.1,2.0,0.71,4.0,0.5,1.0,0.6,1.38,1.55,1.72,1.55,2.0,0.35,4.0,0.5,1.0,0.6,2.39,2.68,2.98,2.68,2.0,0.61,4.0,0.5,1.0,0.6,1009.99,1010.4,1010.81,1010.4,2.0,0.85,4.0,0.5,1.0,0.6,3.6,5.0,6.4,5.0,2.0,2.8,4.0,0.5,1.0,0.6,3.9,4.9,6.0,4.9,2.0,2.2,4.0,0.5,1.0,0.6,6.7,8.5,10.4,8.5,2.0,3.8,4.0,0.5,1.0,0.6,0.63,0.7,0.77,0.7,2.0,0.14,4.0,0.5,1.0,0.6,1.8,2.2,2.7,2.2,2.0,0.9,4.0,0.5,1.0,0.6,1.42,2.32,3.22,2.32,2.0,1.87,4.0,0.5,1.0,0.6,4.3,7.9,11.4,7.9,2.0,7.4,4.0,0.5,1.0,0.6,32.5,37.1,41.6,37.1,2.0,9.4,4.0,0.5,1.0,0.6,56.4,64.2,72.1,64.2,2.0,16.3,4.0,0.5,1.0,0.6,24.0,26.2,28.4,26.2,2.0,4.5,4.0,0.5,1.0,0.6,41.5,45.3,49.1,45.3,2.0,7.9,4.0,0.5,1.0,0.6,2.1,3.9,5.7,3.9,2.0,3.7,4.0,0.5,1.0,0.6,3.7,6.8,9.9,6.8,2.0,6.4,4.0,0.5,1.0,0.6,22.0,32.0,42.0,32.0,2.0,20.5,4.0,0.5,1.0,0.6,20.0,30.0,40.0,30.0,2.0,20.0,4.0,0.5,1.0,0.6
1974,2,266.0,0.0,28.5,28.5,28.5,28.5,1.0,0.0,28.0,1.0,1.0,0.7,28.8,28.8,28.8,28.8,1.0,0.0,28.0,1.0,1.0,0.7,17.96,17.96,17.96,17.96,1.0,0.0,28.0,1.0,1.0,0.7,72.6,72.6,72.6,72.6,1.0,0.0,28.0,1.0,0.7,2.1,2.1,2.1,2.1,1.0,0.0,28.0,1.0,1.0,0.7,-1.97,-1.97,-1.97,-1.97,1.0,0.0,28.0,1.0,1.0,0.7,0.72,0.72,0.72,0.72,1.0,0.0,28.0,1.0,1.0,0.7,1012.3,1012.3,1012.3,1012.3,1.0,0.0,28.0,1.0,1.0,0.7,2.0,2.0,2.0,2.0,1.0,0.0,28.0,1.0,1.0,0.7,-4.1,-4.1,-4.1,-4.1,1.0,0.0,28.0,1.0,1.0,0.7,1.5,1.5,1.5,1.5,1.0,0.0,28.0,1.0,1.0,0.7,-0.3,-0.3,-0.3,-0.3,1.0,0.0,28.0,1.0,1.0,0.7,-0.6,-0.6,-0.6,-0.6,1.0,0.0,28.0,1.0,1.0,0.7,6.43,6.43,6.43,6.43,1.0,0.0,28.0,1.0,1.0,0.7,13.5,13.5,13.5,13.5,1.0,0.0,28.0,1.0,1.0,0.7,-56.8,-56.8,-56.8,-56.8,1.0,0.0,28.0,1.0,1.0,0.7,20.7,20.7,20.7,20.7,1.0,0.0,28.0,1.0,1.0,0.7,-35.4,-35.4,-35.4,-35.4,1.0,0.0,28.0,1.0,1.0,0.7,12.9,12.9,12.9,12.9,1.0,0.0,28.0,1.0,1.0,0.7,-12.7,-12.7,-12.7,-12.7,1.0,0.0,28.0,1.0,1.0,0.7,4.6,4.6,4.6,4.6,1.0,0.0,28.0,1.0,1.0,0.7,9.5,9.5,9.5,9.5,1.0,0.0,28.0,1.0,1.0,0.7,10.0,10.0,10.0,10.0,1.0,0.0,28.0,1.0,1.0,0.7
1974,2,266.0,1.0,25.5,26.6,28.33,26.9,4.0,1.72,20.0,0.3,0.4,0.5,25.45,25.75,26.79,26.1,4.0,0.97,20.0,0.3,0.4,0.5,16.95,17.83,18.56,17.76,4.0,1.03,20.0,0.3,0.4,0.5,80.3,84.1,87.7,84.0,4.0,4.6,20.0,0.3,0.5,2.34,3.1,4.39,3.35,4.0,1.32,20.0,0.3,0.4,0.5,-0.98,1.89,2.34,0.73,4.0,2.77,20.0,0.3,0.4,0.5,-1.04,0.62,2.9,0.91,4.0,2.69,20.0,0.3,0.4,0.5,1009.83,1010.6,1011.73,1010.78,4.0,1.24,20.0,0.3,0.4,0.5,1.0,2.5,4.0,2.5,4.0,2.1,20.0,0.3,0.4,0.5,-4.3,4.4,8.9,2.4,4.0,10.5,20.0,0.3,0.4,0.5,-2.7,2.2,13.9,5.4,4.0,12.0,20.0,0.3,0.4,0.5,-0.26,0.7,1.87,0.8,4.0,1.25,20.0,0.3,0.4,0.5,-1.2,2.6,5.6,2.2,4.0,3.9,20.0,0.3,0.4,0.5,3.02,4.88,6.02,4.54,4.0,1.88,20.0,0.3,0.4,0.5,9.4,17.7,21.7,15.6,4.0,8.2,20.0,0.3,0.4,0.5,-28.5,48.0,60.2,17.3,4.0,74.2,20.0,0.3,0.4,0.5,-26.5,16.9,76.3,24.5,4.0,69.5,20.0,0.3,0.4,0.5,-19.6,33.7,40.2,11.4,4.0,50.5,20.0,0.3,0.4,0.5,-18.2,11.6,49.2,15.3,4.0,45.1,20.0,0.3,0.4,0.5,-9.0,7.0,10.0,0.8,4.0,14.9,20.0,0.3,0.4,0.5,-6.0,3.9,13.0,3.5,4.0,12.4,20.0,0.3,0.4,0.5,13.0,32.0,91.5,51.5,4.0,56.5,20.0,0.3,0.4,0.5,15.0,30.0,90.0,50.0,4.0,55.0,20.0,0.3,0.4,0.5
1974,2,266.0,2.0,26.1,27.1,27.88,27.23,7.0,1.17,12.0,0.9,0.4,0.6,26.05,26.6,26.7,26.27,7.0,0.62,12.0,0.9,0.4,0.6,17.31,17.53,17.76,17.53,4.0,0.34,14.0,0.8,0.5,0.6,81.3,82.6,84.9,83.1,4.0,2.5,14.0,0.8,0.6,0.48,2.1,5.2,2.64,7.0,2.63,12.0,0.9,0.4,0.6,-0.08,0.0,1.18,0.59,7.0,2.01,12.0,0.9,0.4,0.6,-2.0,0.0,2.01,0.76,7.0,3.15,12.0,0.9,0.4,0.6,1010.67,1012.5,1013.2,1011.96,7.0,1.37,12.0,0.9,0.4,0.6,2.0,4.0,6.0,4.0,7.0,2.0,12.0,0.9,0.4,0.6,-0.2,0.0,2.1,3.0,7.0,9.6,12.0,0.9,0.4,0.6,-4.4,0.0,10.9,7.3,7.0,20.1,12.0,0.9,0.4,0.6,0.45,0.8,1.75,0.96,7.0,1.03,12.0,0.9,0.4,0.6,-0.1,1.0,4.3,1.2,7.0,2.6,12.0,0.9,0.4,0.6,4.4,5.4,6.87,5.62,4.0,1.63,14.0,0.8,0.5,0.6,1.9,7.1,12.9,7.4,4.0,6.8,14.0,0.8,0.5,0.6,-2.1,0.0,29.9,15.6,7.0,53.5,12.0,0.9,0.4,0.6,-52.2,0.0,53.3,20.0,7.0,82.3,12.0,0.9,0.4,0.6,-15.4,0.0,9.0,-3.1,4.0,19.3,14.0,0.8,0.5,0.6,-35.9,-17.5,0.0,-17.9,4.0,20.7,14.0,0.8,0.5,0.6,-5.2,0.0,2.1,-1.5,4.0,5.9,14.0,0.8,0.5,0.6,-11.1,-5.2,0.0,-5.5,4.0,6.4,14.0,0.8,0.5,0.6,0.0,9.5,144.0,76.5,7.0,139.5,12.0,0.9,0.4,0.6,0.0,10.0,145.0,75.0,7.0,140.0,12.0,0.9,0.4,0.6
1974,2,266.0,3.0,25.93,26.1,27.09,26.46,7.0,1.34,12.0,0.4,0.5,0.4,24.98,25.8,26.71,25.74,7.0,0.88,12.0,0.4,0.5,0.4,16.15,17.55,19.98,17.97,5.0,2.15,12.0,0.2,0.6,0.5,83.2,87.1,92.6,88.0,5.0,7.7,12.0,0.2,0.5,0.0,2.85,5.1,2.65,6.0,2.33,10.0,0.3,0.6,0.4,-0.37,1.03,3.59,1.39,6.0,2.43,10.0,0.3,0.6,0.4,-3.28,0.0,0.65,-0.82,6.0,2.2,10.0,0.3,0.6,0.4,1010.05,1011.5,1012.57,1011.41,7.0,1.65,12.0,0.4,0.5,0.4,2.0,4.0,7.0,4.4,7.0,2.6,12.0,0.4,0.5,0.4,-1.3,2.2,18.3,6.5,6.0,11.7,10.0,0.3,0.6,0.4,-13.0,0.0,2.4,-3.6,6.0,10.3,10.0,0.3,0.6,0.4,0.07,0.2,2.2,0.71,7.0,1.07,12.0,0.4,0.5,0.4,0.0,1.5,6.0,3.1,6.0,4.3,10.0,0.3,0.6,0.4,1.84,3.5,4.35,3.14,5.0,1.89,12.0,0.2,0.6,0.5,0.0,5.7,12.1,6.0,4.0,7.0,12.0,0.0,0.6,0.6,-9.4,25.3,95.2,36.2,6.0,63.2,10.0,0.3,0.6,0.4,-84.1,0.0,16.5,-21.5,6.0,57.4,10.0,0.3,0.6,0.4,-16.6,0.0,17.9,0.6,4.0,26.9,12.0,0.0,0.6,0.6,-28.7,0.0,3.2,-12.2,4.0,28.5,12.0,0.0,0.6,0.6,-3.3,0.0,5.9,1.2,4.0,7.3,12.0,0.0,0.6,0.6,-5.7,0.0,1.0,-2.2,4.0,5.9,12.0,0.0,0.6,0.6,0.0,28.0,132.5,53.5,6.0,63.5,10.0,0.3,0.6,0.4,0.0,30.0,135.0,55.0,6.0,65.0,10.0,0.3,0.6,0.4
1974,2,266.0,5.0,26.61,27.7,27.77,27.2,3.0,0.95,16.0,1.0,0.8,0.5,25.54,26.7,28.95,27.23,3.0,2.54,16.0,1.0,0.8,0.5,17.17,17.17,17.17,17.17,1.0,0.0,14.0,1.0,0.4,0.8,87.1,87.1,87.1,87.1,1.0,0.0,14.0,1.0,0.8,3.42,4.1,4.78,4.1,2.0,1.41,14.0,1.0,0.7,0.7,-1.64,-1.4,-1.17,-1.4,2.0,0.48,14.0,1.0,0.7,0.7,-4.49,-3.85,-3.21,-3.85,2.0,1.33,14.0,1.0,0.7,0.7,1010.34,1011.5,1013.41,1011.87,3.0,2.27,16.0,1.0,0.8,0.5,1.6,5.0,5.7,3.7,3.0,3.2,16.0,1.0,0.8,0.5,-8.0,-6.1,-4.2,-6.1,2.0,4.0,14.0,1.0,0.7,0.7,-22.0,-16.7,-11.5,-16.7,2.0,10.9,14.0,1.0,0.7,0.7,-1.22,1.1,1.1,-0.03,3.0,1.96,16.0,1.0,0.8,0.5,3.8,4.5,5.3,4.5,2.0,1.6,14.0,1.0,0.7,0.7,3.93,3.93,3.93,3.93,1.0,0.0,14.0,1.0,0.4,0.8,20.1,20.1,20.1,20.1,1.0,0.0,14.0,1.0,0.4,0.8,-41.2,-36.0,-30.7,-36.0,2.0,10.8,14.0,1.0,0.7,0.7,-113.1,-98.8,-84.4,-98.8,2.0,29.7,14.0,1.0,0.7,0.7,-29.9,-29.9,-29.9,-29.9,1.0,0.0,14.0,1.0,0.4,0.8,-82.3,-82.3,-82.3,-82.3,1.0,0.0,14.0,1.0,0.4,0.8,-6.9,-6.9,-6.9,-6.9,1.0,0.0,14.0,1.0,0.4,0.8,-18.8,-18.8,-18.8,-18.8,1.0,0.0,14.0,1.0,0.4,0.8,46.0,81.0,116.5,81.0,2.0,72.5,14.0,1.0,0.7,0.7,45.0,80.0,115.0,80.0,2.0,75.0,14.0,1.0,0.7,0.7
1974,2,266.0,6.0,25.0,25.0,25.0,25.0,1.0,0.0,28.0,1.0,0.9,0.0,25.0,25.0,25.0,25.0,1.0,0.0,28.0,1.0,0.9,0.0,16.68,16.68,16.68,16.68,1.0,0.0,28.0,1.0,0.9,0.0,83.9,83.9,83.9,83.9,1.0,0.0,28.0,1.0,0.0,12.3,12.3,12.3,12.3,1.0,0.0,28.0,1.0,0.9,0.0,-9.42,-9.42,-9.42,-9.42,1.0,0.0,28.0,1.0,0.9,0.0,-7.91,-7.91,-7.91,-7.91,1.0,0.0,28.0,1.0,0.9,0.0,1006.1,1006.1,1006.1,1006.1,1.0,0.0,28.0,1.0,0.9,0.0,4.0,4.0,4.0,4.0,1.0,0.0,28.0,1.0,0.9,0.0,-115.9,-115.9,-115.9,-115.9,1.0,0.0,28.0,1.0,0.9,0.0,-97.2,-97.2,-97.2,-97.2,1.0,0.0,28.0,1.0,0.9,0.0,0.0,0.0,0.0,0.0,1.0,0.0,28.0,1.0,0.9,0.0,0.0,0.0,0.0,0.0,1.0,0.0,28.0,1.0,0.9,0.0,3.23,3.23,3.23,3.23,1.0,0.0,28.0,1.0,0.9,0.0,39.7,39.7,39.7,39.7,1.0,0.0,28.0,1.0,0.9,0.0,-235.6,-235.6,-235.6,-235.6,1.0,0.0,28.0,1.0,0.9,0.0,-197.7,-197.7,-197.7,-197.7,1.0,0.0,28.0,1.0,0.9,0.0,-157.2,-157.2,-157.2,-157.2,1.0,0.0,28.0,1.0,0.9,0.0,-131.9,-131.9,-131.9,-131.9,1.0,0.0,28.0,1.0,0.9,0.0,-30.4,-30.4,-30.4,-30.4,1.0,0.0,28.0,1.0,0.9,0.0,-25.5,-25.5,-25.5,-25.5,1.0,0.0,28.0,1.0,0.9,0.0,1861.0,1861.0,1861.0,1861.0,1.0,0.0,28.0,1.0,0.9,0.0,1860.0,1860.0,1860.0,1860.0,1.0,0.0,28.0,1.0,0.9,0.0
1974,2,266.0,7.0,,,,,,,,,,,,,,,,,,,,,,,,,,,,,,,,,,,,,,,,4.1,4.1,4.1,4.1,1.0,0.0,20.0,1.0,0.1,0.8,-3.14,-3.14,-3.14,-3.14,1.0,0.0,20.0,1.0,0.1,0.8,-2.64,-2.64,-2.64,-2.64,1.0,0.0,20.0,1.0,0.1,0.8,1013.5,1013.5,1013.5,1013.5,1.0,0.0,20.0,1.0,0.1,0.8,,,,,,,,,,,,,,,,,,,,,,,,,,,,,,,,,,,,,,,,,,,,,,,,,,,,,,,,,,,,,,,,,,,,,,,,,,,,,,,,,,,,,,,,,,,,,,,,,,,,,,,,,,,,,,,,,,,,,,,,,,,,,,,,,,,,,,,,,,,,,,,,,,,,,,
1974,2,266.0,8.0,24.38,26.25,27.19,26.11,8.0,1.44,16.0,0.9,0.5,0.7,25.1,26.6,27.18,26.3,8.0,1.39,16.0,0.9,0.5,0.7,17.27,17.6,18.93,18.09,3.0,1.29,20.0,0.7,0.8,0.7,84.9,93.0,93.1,89.1,3.0,6.9,20.0,0.7,0.7,3.08,5.0,8.13,5.83,7.0,2.97,16.0,1.0,0.5,0.6,-6.89,-3.21,-1.52,-3.66,7.0,3.53,16.0,1.0,0.5,0.6,-5.47,-3.83,-2.36,-3.83,7.0,1.8,16.0,1.0,0.5,0.6,1008.0,1010.8,1012.11,1009.91,7.0,2.3,18.0,0.9,0.6,0.7,0.0,1.0,3.8,1.8,8.0,2.3,16.0,0.9,0.5,0.7,-51.2,-16.1,-3.9,-28.9,7.0,36.7,16.0,1.0,0.5,0.6,-55.6,-17.7,-7.3,-25.6,7.0,22.0,16.0,1.0,0.5,0.6,-2.04,0.45,0.89,-0.19,8.0,1.57,16.0,0.9,0.5,0.7,-15.2,1.3,5.0,-2.7,7.0,9.8,16.0,1.0,0.5,0.6,2.16,3.03,3.8,2.98,3.0,1.2,20.0,0.7,0.8,0.7,17.6,28.6,39.7,28.6,2.0,22.9,24.0,1.0,0.9,0.6,-172.9,-86.8,-40.8,-97.1,7.0,91.9,16.0,1.0,0.5,0.6,-145.6,-99.8,-61.2,-103.1,7.0,51.6,16.0,1.0,0.5,0.6,-134.1,-68.6,-3.0,-68.6,2.0,135.8,24.0,1.0,0.9,0.6,-91.9,-85.2,-78.5,-85.2,2.0,13.9,24.0,1.0,0.9,0.6,-32.0,-17.3,-2.6,-17.3,2.0,30.5,24.0,1.0,0.9,0.6,-20.7,-17.1,-13.4,-17.1,2.0,7.6,24.0,1.0,0.9,0.6,29.0,125.0,547.5,341.0,7.0,446.5,16.0,1.0,0.5,0.6,30.0,125.0,550.0,340.0,7.0,445.0,16.0,1.0,0.5,0.6
1974,2,266.0,9.0,26.1,27.0,27.5,26.83,14.0,0.74,20.0,0.7,0.6,0.4,26.09,27.2,28.12,27.25,13.0,1.19,20.0,0.8,0.6,0.4,15.0,16.63,17.25,16.19,6.0,1.78,20.0,0.5,0.6,0.6,62.3,76.2,82.3,73.7,6.0,11.2,20.0,0.5,0.6,2.6,5.1,6.95,5.14,12.0,2.0,20.0,0.8,0.6,0.4,-4.8,-3.44,-1.98,-3.4,12.0,1.89,20.0,0.8,0.6,0.4,-5.47,-3.28,-2.36,-3.63,12.0,1.5,20.0,0.8,0.6,0.4,1010.53,1012.2,1013.84,1012.12,14.0,1.57,20.0,0.7,0.6,0.4,0.0,1.5,2.0,1.5,14.0,1.8,20.0,0.7,0.6,0.4,-31.6,-18.1,-5.7,-20.4,12.0,17.8,20.0,0.8,0.6,0.4,-38.1,-16.7,-6.1,-21.0,12.0,14.3,20.0,0.8,0.6,0.4,-1.1,-0.1,0.61,-0.32,13.0,1.56,20.0,0.8,0.6,0.4,-5.9,-0.3,1.7,-3.7,11.0,12.5,18.0,0.8,0.6,0.4,3.43,6.32,7.09,5.65,6.0,2.04,20.0,0.5,0.6,0.6,26.0,31.4,32.0,29.1,4.0,5.4,18.0,0.5,0.5,0.6,-118.3,-89.4,-55.1,-90.4,11.0,56.8,18.0,0.8,0.6,0.4,-151.9,-87.9,-60.7,-98.7,11.0,42.7,18.0,0.8,0.6,0.4,-109.4,-78.5,-60.2,-84.5,4.0,31.7,18.0,0.5,0.5,0.6,-91.4,-64.3,-50.5,-70.6,4.0,27.4,18.0,0.5,0.5,0.6,-26.1,-24.5,-18.5,-22.4,4.0,6.1,18.0,0.5,0.5,0.6,-20.6,-18.2,-15.9,-18.2,4.0,2.7,18.0,0.5,0.5,0.6,17.5,132.5,340.5,193.5,12.0,196.5,20.0,0.8,0.6,0.4,20.0,135.0,340.0,195.0,12.0,195.0,20.0,0.8,0.6,0.4
1974,2,266.0,10.0,25.75,27.0,28.08,26.87,21.0,1.92,12.0,0.7,0.5,0.5,26.0,27.0,28.2,27.1,22.0,1.54,12.0,0.7,0.5,0.5,16.5,17.86,19.73,18.04,12.0,1.54,14.0,0.6,0.4,0.4,73.4,85.3,91.6,82.7,12.0,9.5,14.0,0.6,0.4,2.6,4.35,7.69,4.48,20.0,2.26,12.0,0.8,0.5,0.5,-4.78,-2.54,-0.94,-2.84,20.0,2.01,12.0,0.8,0.5,0.5,-3.98,-2.5,0.0,-2.61,20.0,2.56,12.0,0.8,0.5,0.5,1010.0,1011.2,1014.05,1011.88,23.0,2.44,12.0,0.7,0.5,0.5,0.0,2.0,4.0,2.0,22.0,1.9,12.0,0.8,0.5,0.5,-24.4,-11.7,-2.3,-15.4,20.0,15.5,12.0,0.8,0.5,0.5,-19.9,-9.6,0.0,-15.1,20.0,19.3,12.0,0.8,0.5,0.5,-2.48,0.3,1.69,-0.05,20.0,2.14,12.0,0.7,0.5,0.4,-11.5,0.0,9.3,-0.6,18.0,10.5,14.0,0.7,0.5,0.4,1.06,4.35,6.11,3.43,12.0,3.03,14.0,0.6,0.4,0.4,4.1,25.9,35.2,21.6,11.0,19.0,14.0,0.6,0.5,0.4,-123.6,-69.3,-33.0,-79.1,19.0,54.2,12.0,0.7,0.5,0.5,-126.2,-66.8,0.0,-75.0,19.0,69.8,12.0,0.7,0.5,0.5,-71.5,-51.3,-23.1,-48.6,11.0,23.8,14.0,0.6,0.5,0.4,-124.5,-66.1,-47.0,-76.8,11.0,37.4,14.0,0.6,0.5,0.4,-21.0,-10.2,-2.1,-10.8,11.0,11.1,14.0,0.6,0.5,0.4,-33.8,-12.9,-2.8,-17.3,11.0,17.2,14.0,0.6,0.5,0.4,17.5,83.0,455.0,156.0,20.0,174.0,12.0,0.8,0.5,0.5,20.0,85.0,455.0,155.0,20.0,175.0,12.0,0.8,0.5,0.5
1974,2,266.0,11.0,26.81,27.8,28.46,27.64,14.0,0.77,14.0,0.9,0.5,0.5,26.13,26.85,29.4,27.61,14.0,1.73,14.0,0.9,0.5,0.5,15.82,16.45,18.49,16.66,7.0,1.78,14.0,0.7,0.4,0.3,67.3,71.5,79.1,74.9,7.0,10.3,14.0,0.7,0.3,2.1,5.1,9.55,5.71,12.0,3.76,12.0,0.8,0.5,0.4,-7.96,-4.16,0.09,-4.24,12.0,3.7,12.0,0.8,0.5,0.4,-3.34,-2.26,0.0,-2.34,12.0,3.22,12.0,0.8,0.5,0.4,1011.9,1013.0,1014.56,1012.85,14.0,1.62,14.0,0.9,0.5,0.5,0.0,0.0,2.0,0.9,14.0,1.1,14.0,0.9,0.5,0.5,-81.8,-21.2,0.2,-35.4,12.0,37.7,12.0,0.8,0.5,0.4,-31.3,-5.3,0.0,-20.7,12.0,40.8,12.0,0.8,0.5,0.4,-1.88,0.25,1.89,0.02,14.0,1.89,14.0,0.9,0.5,0.5,-4.2,3.3,16.5,6.3,12.0,11.2,12.0,0.8,0.5,0.4,4.86,6.91,9.3,6.89,7.0,2.22,14.0,0.7,0.4,0.3,12.6,41.2,73.8,52.8,7.0,40.1,14.0,0.7,0.4,0.3,-208.9,-111.5,2.8,-112.0,12.0,97.6,12.0,0.8,0.5,0.4,-87.5,-66.1,0.0,-62.7,12.0,84.7,12.0,0.8,0.5,0.4,-159.5,-87.4,-33.0,-88.3,7.0,65.5,14.0,0.7,0.4,0.3,-64.6,-45.1,0.0,-50.9,7.0,50.9,14.0,0.7,0.4,0.3,-66.8,-38.7,-9.6,-39.6,7.0,28.4,14.0,0.7,0.4,0.3,-28.4,-14.1,0.0,-25.7,7.0,38.0,14.0,0.7,0.4,0.3,9.5,132.5,877.5,433.0,12.0,645.5,12.0,0.8,0.5,0.4,10.0,135.0,880.0,435.0,12.0,645.0,12.0,0.8,0.5,0.4
1974,2,266.0,12.0,26.69,27.5,28.5,27.46,38.0,0.95,12.0,0.8,0.6,0.4,25.35,27.0,29.4,27.24,38.0,1.82,12.0,0.8,0.6,0.4,15.26,16.46,17.45,16.31,17.0,1.33,14.0,0.6,0.6,0.5,72.6,81.1,83.5,78.4,17.0,7.3,14.0,0.6,0.5,1.55,3.1,6.2,3.82,33.0,2.22,12.0,0.8,0.6,0.4,-3.28,-0.96,1.04,-1.03,33.0,2.3,12.0,0.8,0.6,0.4,-5.77,-2.68,0.0,-2.41,33.0,2.75,12.0,0.8,0.6,0.4,1010.5,1011.95,1013.55,1012.16,38.0,1.7,12.0,0.8,0.7,0.4,0.0,2.0,3.0,1.9,39.0,2.2,12.0,0.8,0.6,0.4,-16.7,-1.7,3.1,-4.4,33.0,13.3,12.0,0.8,0.6,0.4,-35.3,-8.3,0.0,-13.9,33.0,18.9,12.0,0.8,0.6,0.4,-1.6,0.25,1.98,0.21,36.0,1.7,12.0,0.8,0.6,0.4,-4.3,0.9,7.0,1.5,30.0,7.7,12.0,0.8,0.6,0.4,4.21,5.73,7.81,6.09,17.0,1.7,14.0,0.6,0.6,0.5,13.3,20.8,37.9,23.7,16.0,13.7,14.0,0.6,0.6,0.6,-93.0,-19.3,29.9,-25.8,32.0,60.7,12.0,0.8,0.6,0.4,-162.1,-74.1,0.7,-63.4,32.0,74.6,12.0,0.8,0.6,0.4,-48.0,-4.4,28.8,-9.6,16.0,40.5,14.0,0.6,0.6,0.6,-103.5,-47.4,0.0,-46.5,16.0,46.6,14.0,0.6,0.6,0.6,-17.1,-1.2,7.1,-6.2,16.0,15.9,14.0,0.6,0.6,0.6,-26.2,-16.2,0.0,-15.4,16.0,15.5,14.0,0.6,0.6,0.6,4.0,30.0,238.5,114.0,33.0,151.0,12.0,0.8,0.6,0.4,5.0,30.0,240.0,115.0,33.0,150.0,12.0,0.8,0.6,0.4
1974,2,266.0,13.0,25.1,27.1,28.78,26.88,30.0,1.72,12.0,0.5,0.6,0.3,24.31,26.3,28.0,26.15,36.0,1.85,12.0,0.5,0.5,0.3,14.74,16.5,18.0,16.47,29.0,1.61,12.0,0.5,0.5,0.4,72.4,79.1,87.0,78.9,29.0,7.8,12.0,0.5,0.4,0.0,2.6,6.7,3.01,34.0,2.81,12.0,0.5,0.5,0.3,-1.03,0.0,2.91,0.6,34.0,1.98,12.0,0.5,0.5,0.3,-5.43,-0.74,0.5,-2.0,34.0,2.97,12.0,0.5,0.5,0.3,1010.97,1012.2,1013.64,1012.52,37.0,1.74,12.0,0.5,0.5,0.3,0.0,1.0,3.0,1.6,37.0,2.0,12.0,0.5,0.5,0.3,-1.5,0.0,9.0,3.0,34.0,11.6,12.0,0.5,0.5,0.3,-39.4,-0.6,1.0,-12.9,34.0,24.2,12.0,0.5,0.5,0.3,-1.34,1.0,2.5,0.64,30.0,1.98,12.0,0.5,0.6,0.3,-1.9,0.0,8.9,2.4,28.0,7.2,12.0,0.5,0.5,0.4,2.59,5.35,8.07,5.49,26.0,3.02,14.0,0.5,0.5,0.4,0.0,10.8,42.0,19.2,24.0,22.7,14.0,0.5,0.5,0.4,-31.5,0.0,75.0,14.1,33.0,52.3,12.0,0.5,0.5,0.3,-135.2,-13.0,14.1,-51.3,33.0,80.9,12.0,0.5,0.5,0.3,-20.8,0.0,46.5,7.7,26.0,31.0,12.0,0.5,0.5,0.4,-86.4,-4.3,10.0,-32.7,26.0,53.9,12.0,0.5,0.5,0.4,-0.5,0.0,10.4,4.2,24.0,11.5,14.0,0.5,0.5,0.4,-37.2,-1.2,1.3,-13.7,24.0,23.5,14.0,0.5,0.5,0.4,0.0,17.5,316.0,113.5,34.0,227.0,12.0,0.5,0.5,0.3,0.0,20.0,315.0,115.0,34.0,225.0,12.0,0.5,0.5,0.3
1974,2,266.0,14.0,23.6,26.8,27.98,26.23,8.0,2.1,12.0,0.4,0.6,0.4,24.05,27.0,27.95,26.23,9.0,2.68,14.0,0.4,0.6,0.4,14.31,15.16,16.81,15.33,9.0,1.75,14.0,0.4,0.6,0.4,66.1,72.5,77.5,72.3,9.0,7.5,14.0,0.4,0.4,2.66,5.65,9.12,5.93,8.0,3.24,14.0,0.5,0.6,0.5,0.08,2.69,4.75,2.53,8.0,2.6,14.0,0.5,0.6,0.5,-8.11,-4.97,0.65,-4.1,8.0,4.16,14.0,0.5,0.6,0.5,1011.5,1014.2,1015.0,1013.6,10.0,2.15,12.0,0.4,0.6,0.4,0.0,1.0,5.6,2.3,10.0,2.8,12.0,0.4,0.6,0.4,0.3,13.4,37.2,21.3,8.0,26.0,14.0,0.5,0.6,0.5,-77.7,-31.0,2.2,-34.8,8.0,37.2,14.0,0.5,0.6,0.5,-2.3,-0.1,2.09,0.04,7.0,2.27,12.0,0.4,0.6,0.4,-9.2,-2.2,7.1,-0.2,6.0,16.5,12.0,0.5,0.7,0.5,4.73,5.58,7.99,6.1,7.0,2.23,12.0,0.4,0.6,0.4,14.9,22.6,39.2,29.3,6.0,21.0,12.0,0.5,0.7,0.5,2.1,74.9,115.5,62.0,8.0,59.8,14.0,0.5,0.6,0.5,-187.0,-125.9,17.6,-103.2,8.0,104.3,14.0,0.5,0.6,0.5,1.1,41.6,69.5,36.0,8.0,35.0,14.0,0.5,0.6,0.5,-102.0,-72.2,10.8,-58.5,8.0,59.6,14.0,0.5,0.6,0.5,-1.5,6.9,20.5,11.0,6.0,18.2,12.0,0.5,0.7,0.5,-35.5,-18.8,8.1,-16.3,6.0,26.0,12.0,0.5,0.7,0.5,19.0,221.0,766.0,378.5,8.0,454.0,14.0,0.5,0.6,0.5,20.0,220.0,765.0,380.0,8.0,455.0,14.0,0.5,0.6,0.5
1974,2,266.0,15.0,25.03,27.1,28.36,26.9,10.0,1.79,14.0,0.5,0.5,0.3,24.69,26.4,28.0,26.44,10.0,2.4,14.0,0.5,0.5,0.3,12.83,14.31,17.67,14.94,8.0,2.36,16.0,0.4,0.5,0.3,62.0,75.4,84.0,72.2,9.0,11.3,16.0,0.4,0.3,1.8,5.1,7.7,4.9,9.0,3.13,16.0,0.4,0.4,0.3,-0.96,1.5,6.16,2.39,9.0,3.38,16.0,0.4,0.4,0.3,-6.19,-2.56,-0.47,-3.15,9.0,2.8,16.0,0.4,0.4,0.3,1012.93,1013.5,1014.52,1013.24,9.0,1.94,14.0,0.4,0.5,0.3,0.0,0.0,1.0,0.5,10.0,0.7,14.0,0.5,0.5,0.3,-1.6,4.5,44.1,19.8,9.0,29.1,16.0,0.4,0.4,0.3,-48.7,-8.9,-1.6,-22.1,9.0,25.1,16.0,0.4,0.4,0.3,-1.24,0.5,2.33,0.46,10.0,2.53,14.0,0.5,0.5,0.3,-5.8,4.2,13.6,3.3,9.0,10.3,16.0,0.4,0.4,0.3,4.21,6.84,11.09,7.32,8.0,3.32,16.0,0.4,0.5,0.3,16.9,31.3,62.3,38.6,7.0,24.2,16.0,0.3,0.4,0.3,-26.2,46.7,160.9,64.1,9.0,89.6,16.0,0.4,0.4,0.3,-164.5,-60.1,-13.2,-81.5,9.0,73.9,16.0,0.4,0.4,0.3,-15.1,11.4,88.5,32.9,7.0,57.6,16.0,0.3,0.4,0.3,-110.0,-49.9,-30.7,-59.1,7.0,47.6,16.0,0.3,0.4,0.3,-7.9,10.7,37.1,13.4,7.0,26.7,16.0,0.3,0.4,0.3,-51.8,-23.3,-12.2,-26.8,7.0,23.8,16.0,0.3,0.4,0.3,7.0,132.5,456.5,257.0,9.0,362.5,16.0,0.4,0.4,0.3,5.0,135.0,455.0,255.0,9.0,365.0,16.0,0.4,0.4,0.3
1974,2,266.0,16.0,27.8,27.8,27.8,27.8,1.0,0.0,6.0,1.0,0.7,0.3,26.5,26.5,26.5,26.5,1.0,0.0,6.0,1.0,0.7,0.3,17.5,17.5,17.5,17.5,1.0,0.0,6.0,1.0,0.7,0.3,81.1,81.1,81.1,81.1,1.0,0.0,6.0,1.0,0.3,0.0,0.0,0.0,0.0,1.0,0.0,6.0,1.0,0.7,0.3,0.0,0.0,0.0,0.0,1.0,0.0,6.0,1.0,0.7,0.3,0.0,0.0,0.0,0.0,1.0,0.0,6.0,1.0,0.7,0.3,1013.6,1013.6,1013.6,1013.6,1.0,0.0,6.0,1.0,0.7,0.3,1.0,1.0,1.0,1.0,1.0,0.0,6.0,1.0,0.7,0.3,0.0,0.0,0.0,0.0,1.0,0.0,6.0,1.0,0.7,0.3,0.0,0.0,0.0,0.0,1.0,0.0,6.0,1.0,0.7,0.3,1.3,1.3,1.3,1.3,1.0,0.0,6.0,1.0,0.7,0.3,0.0,0.0,0.0,0.0,1.0,0.0,6.0,1.0,0.7,0.3,5.87,5.87,5.87,5.87,1.0,0.0,6.0,1.0,0.7,0.3,0.0,0.0,0.0,0.0,1.0,0.0,6.0,1.0,0.7,0.3,0.0,0.0,0.0,0.0,1.0,0.0,6.0,1.0,0.7,0.3,0.0,0.0,0.0,0.0,1.0,0.0,6.0,1.0,0.7,0.3,0.0,0.0,0.0,0.0,1.0,0.0,6.0,1.0,0.7,0.3,0.0,0.0,0.0,0.0,1.0,0.0,6.0,1.0,0.7,0.3,0.0,0.0,0.0,0.0,1.0,0.0,6.0,1.0,0.7,0.3,0.0,0.0,0.0,0.0,1.0,0.0,6.0,1.0,0.7,0.3,0.0,0.0,0.0,0.0,1.0,0.0,6.0,1.0,0.7,0.3,0.0,0.0,0.0,0.0,1.0,0.0,6.0,1.0,0.7,0.3
1974,2,266.0,18.0,24.24,24.55,24.86,24.55,2.0,0.64,16.0,0.0,0.6,0.7,24.48,25.5,26.52,25.5,2.0,2.12,16.0,0.0,0.6,0.7,13.41,16.56,19.7,16.56,2.0,6.51,16.0,0.0,0.6,0.7,69.6,79.6,89.6,79.6,2.0,20.8,16.0,0.0,0.7,3.67,4.9,6.13,4.9,2.0,2.55,16.0,0.0,0.6,0.7,-5.72,-4.49,-3.26,-4.49,2.0,2.55,16.0,0.0,0.6,0.7,-2.17,-1.92,-1.67,-1.92,2.0,0.52,16.0,0.0,0.6,0.7,1007.77,1012.65,1017.53,1012.65,2.0,10.11,16.0,0.0,0.6,0.7,2.8,4.5,6.2,4.5,2.0,3.5,16.0,0.0,0.6,0.7,-36.8,-25.3,-13.7,-25.3,2.0,23.9,16.0,0.0,0.6,0.7,-13.7,-10.1,-6.5,-10.1,2.0,7.5,16.0,0.0,0.6,0.7,-1.67,-0.95,-0.23,-0.95,2.0,1.48,16.0,0.0,0.6,0.7,-5.1,-2.8,-0.4,-2.8,2.0,4.9,16.0,0.0,0.6,0.7,0.01,2.71,5.4,2.71,2.0,5.58,16.0,0.0,0.6,0.7,3.8,20.4,36.9,20.4,2.0,34.2,16.0,0.0,0.6,0.7,-138.6,-111.8,-85.0,-111.8,2.0,55.6,16.0,0.0,0.6,0.7,-52.9,-48.4,-43.9,-48.4,2.0,9.3,16.0,0.0,0.6,0.7,-72.3,-66.0,-59.7,-66.0,2.0,13.0,16.0,0.0,0.6,0.7,-31.9,-30.1,-28.2,-30.1,2.0,3.8,16.0,0.0,0.6,0.7,-34.7,-19.3,-3.9,-19.3,2.0,31.9,16.0,0.0,0.6,0.7,-12.5,-6.7,-0.8,-6.7,2.0,12.1,16.0,0.0,0.6,0.7,73.0,165.5,258.0,165.5,2.0,191.5,16.0,0.0,0.6,0.7,75.0,165.0,260.0,165.0,2.0,190.0,16.0,0.0,0.6,0.7
1974,2,266.0,19.0,25.0,25.0,25.0,25.0,1.0,0.0,20.0,0.0,0.2,0.6,24.3,24.3,24.3,24.3,1.0,0.0,20.0,0.0,0.2,0.6,17.07,17.07,17.07,17.07,1.0,0.0,20.0,0.0,0.2,0.6,89.7,89.7,89.7,89.7,1.0,0.0,20.0,0.0,0.6,2.1,2.1,2.1,2.1,1.0,0.0,20.0,0.0,0.2,0.6,-1.05,-1.05,-1.05,-1.05,1.0,0.0,20.0,0.0,0.2,0.6,-1.82,-1.82,-1.82,-1.82,1.0,0.0,20.0,0.0,0.2,0.6,1007.5,1007.5,1007.5,1007.5,1.0,0.0,20.0,0.0,0.2,0.6,0.0,0.0,0.0,0.0,1.0,0.0,20.0,0.0,0.2,0.6,-2.2,-2.2,-2.2,-2.2,1.0,0.0,20.0,0.0,0.2,0.6,-3.8,-3.8,-3.8,-3.8,1.0,0.0,20.0,0.0,0.2,0.6,0.7,0.7,0.7,0.7,1.0,0.0,20.0,0.0,0.2,0.6,1.5,1.5,1.5,1.5,1.0,0.0,20.0,0.0,0.2,0.6,2.81,2.81,2.81,2.81,1.0,0.0,20.0,0.0,0.2,0.6,5.9,5.9,5.9,5.9,1.0,0.0,20.0,0.0,0.2,0.6,-25.5,-25.5,-25.5,-25.5,1.0,0.0,20.0,0.0,0.2,0.6,-44.2,-44.2,-44.2,-44.2,1.0,0.0,20.0,0.0,0.2,0.6,-17.9,-17.9,-17.9,-17.9,1.0,0.0,20.0,0.0,0.2,0.6,-31.1,-31.1,-31.1,-31.1,1.0,0.0,20.0,0.0,0.2,0.6,-3.0,-3.0,-3.0,-3.0,1.0,0.0,20.0,0.0,0.2,0.6,-5.1,-5.1,-5.1,-5.1,1.0,0.0,20.0,0.0,0.2,0.6,9.5,9.5,9.5,9.5,1.0,0.0,20.0,0.0,0.2,0.6,10.0,10.0,10.0,10.0,1.0,0.0,20.0,0.0,0.2,0.6
1974,2,266.0,20.0,25.0,25.0,25.0,25.0,3.0,0.0,12.0,0.0,0.7,0.7,22.11,24.5,24.5,23.33,3.0,2.02,12.0,0.0,0.7,0.7,11.75,15.47,15.95,13.89,3.0,3.37,12.0,0.0,0.7,0.7,70.2,80.4,82.8,76.6,3.0,9.7,12.0,0.0,0.7,3.58,4.6,6.37,4.97,3.0,2.07,12.0,0.0,0.7,0.7,-4.1,-2.96,-2.3,-3.19,3.0,1.33,12.0,0.0,0.7,0.7,-0.5,3.52,4.88,2.22,3.0,4.1,12.0,0.0,0.7,0.7,1006.48,1007.5,1017.53,1011.9,3.0,8.95,12.0,0.0,0.7,0.7,0.0,0.0,2.0,1.0,3.0,1.7,12.0,0.0,0.7,0.7,-27.1,-13.6,-8.5,-17.7,3.0,14.0,12.0,0.0,0.7,0.7,0.1,16.2,32.3,16.2,3.0,23.5,12.0,0.0,0.7,0.7,0.5,0.5,2.89,1.67,3.0,2.02,12.0,0.0,0.7,0.7,2.7,3.6,9.6,6.1,3.0,5.5,12.0,0.0,0.7,0.7,3.95,4.42,7.94,5.91,3.0,3.19,12.0,0.0,0.7,0.7,21.2,29.7,31.1,26.2,3.0,7.9,12.0,0.0,0.7,0.7,-100.4,-72.4,-51.6,-75.9,3.0,35.9,12.0,0.0,0.7,0.7,-6.6,86.3,119.6,57.2,3.0,95.9,12.0,0.0,0.7,0.7,-64.0,-47.8,-28.8,-46.5,3.0,25.8,12.0,0.0,0.7,0.7,1.9,57.0,76.3,39.5,3.0,56.6,12.0,0.0,0.7,0.7,-20.0,-19.1,-13.6,-16.9,3.0,5.1,12.0,0.0,0.7,0.7,-11.3,13.2,20.8,4.9,3.0,24.6,12.0,0.0,0.7,0.7,51.0,97.5,285.5,167.0,3.0,182.0,12.0,0.0,0.7,0.7,50.0,95.0,285.0,165.0,3.0,180.0,12.0,0.0,0.7,0.7
1974,2,266.0,21.0,,,,,,,,,,,,,,,,,,,,,,,,,,,,,,,,,,,,,,,,11.8,11.8,11.8,11.8,1.0,0.0,10.0,0.0,0.4,0.1,0.0,0.0,0.0,0.0,1.0,0.0,10.0,0.0,0.4,0.1,-11.8,-11.8,-11.8,-11.8,1.0,0.0,10.0,0.0,0.4,0.1,1021.0,1021.0,1021.0,1021.0,1.0,0.0,10.0,0.0,0.4,0.1,,,,,,,,,,,,,,,,,,,,,,,,,,,,,,,,,,,,,,,,,,,,,,,,,,,,,,,,,,,,,,,,,,,,,,,,,,,,,,,,,,,,,,,,,,,,,,,,,,,,,,,,,,,,,,,,,,,,,,,,,,,,,,,,,,,,,,,,,,,,,,,,,,,,,,
1974,2,266.0,22.0,,,,,,,,,,,,,,,,,,,,,,,,,,,,,,,,,,,,,,,,1.62,5.1,9.81,5.7,3.0,6.02,14.0,0.0,0.3,0.3,0.0,0.0,1.19,0.58,3.0,1.01,14.0,0.0,0.3,0.3,-9.71,-4.79,-1.52,-5.6,3.0,6.04,14.0,0.0,0.3,0.3,1015.14,1020.6,1020.87,1018.07,3.0,4.74,12.0,0.0,0.3,0.3,,,,,,,,,,,,,,,,,,,,,,,,,,,,,,,,,,,,,,,,,,,,,,,,,,,,,,,,,,,,,,,,,,,,,,,,,,,,,,,,,,,,,,,,,,,,,,,,,,,,,,,,,,,,,,,,,,,,,,,,,,,,,,,,,,,,,,,,,,,,,,,,,,,,,,
1974,2,266.0,23.0,24.0,24.3,25.86,24.9,4.0,1.43,14.0,0.3,0.9,0.5,22.56,24.2,25.29,23.93,3.0,2.01,12.0,0.3,0.9,0.4,16.49,16.49,16.49,16.49,1.0,0.0,8.0,1.0,0.9,0.0,79.6,79.6,79.6,79.6,1.0,0.0,8.0,1.0,0.0,2.86,7.65,9.56,6.28,4.0,4.51,14.0,0.3,0.9,0.5,-3.41,-1.03,0.89,-1.25,4.0,2.74,14.0,0.3,0.9,0.5,-5.06,2.82,6.9,1.01,4.0,7.87,14.0,0.3,0.9,0.5,1012.34,1013.5,1018.14,1015.2,3.0,4.5,12.0,0.3,0.9,0.4,3.9,7.0,7.0,5.5,4.0,3.0,14.0,0.3,0.9,0.5,-28.5,-6.2,8.7,-9.7,4.0,25.3,14.0,0.3,0.9,0.5,-49.6,16.9,55.3,3.5,4.0,72.2,14.0,0.3,0.9,0.5,-0.12,2.2,2.61,1.27,3.0,2.16,12.0,0.3,0.9,0.4,-2.3,16.8,20.0,9.1,3.0,17.7,12.0,0.3,0.9,0.4,2.84,2.84,2.84,2.84,1.0,0.0,8.0,1.0,0.9,0.0,26.4,26.4,26.4,26.4,1.0,0.0,8.0,1.0,0.9,0.0,-97.7,-49.7,9.6,-44.2,3.0,78.7,12.0,0.3,0.9,0.4,-100.3,136.4,185.1,44.6,3.0,223.7,12.0,0.3,0.9,0.4,-76.7,-76.7,-76.7,-76.7,1.0,0.0,8.0,1.0,0.9,0.0,132.8,132.8,132.8,132.8,1.0,0.0,8.0,1.0,0.9,0.0,-13.2,-13.2,-13.2,-13.2,1.0,0.0,8.0,1.0,0.9,0.0,22.9,22.9,22.9,22.9,1.0,0.0,8.0,1.0,0.9,0.0,103.0,510.0,876.0,490.5,4.0,453.5,14.0,0.3,0.9,0.5,105.0,510.0,875.0,490.0,4.0,455.0,14.0,0.3,0.9,0.5
1974,2,266.0,25.0,21.08,21.2,24.46,22.56,7.0,2.02,18.0,0.6,0.9,0.8,16.9,20.6,23.78,20.47,9.0,3.6,18.0,0.4,0.8,0.8,7.81,10.43,16.17,11.65,8.0,4.15,18.0,0.5,0.9,0.8,63.5,70.3,87.8,73.7,8.0,11.6,18.0,0.5,0.8,6.1,7.7,12.9,9.09,9.0,3.77,18.0,0.4,0.8,0.8,-6.3,-4.1,-3.56,-4.05,9.0,4.04,18.0,0.4,0.8,0.8,-10.07,-3.66,6.2,-2.3,9.0,8.15,18.0,0.4,0.8,0.8,1011.17,1018.3,1029.57,1019.32,9.0,8.88,18.0,0.4,0.8,0.8,2.3,4.0,8.0,4.8,9.0,2.5,18.0,0.4,0.8,0.8,-73.0,-29.6,-17.3,-33.7,9.0,56.0,18.0,0.4,0.8,0.8,-121.0,-20.9,47.8,-31.8,9.0,101.7,18.0,0.4,0.8,0.8,-0.02,1.4,4.77,2.24,7.0,2.41,18.0,0.6,0.9,0.8,-0.1,15.4,36.0,20.9,7.0,28.3,18.0,0.6,0.9,0.8,3.98,6.5,8.54,6.16,7.0,2.26,18.0,0.6,0.9,0.8,32.6,42.8,58.3,50.4,7.0,29.1,18.0,0.6,0.9,0.8,-138.1,-92.4,-62.2,-87.0,9.0,85.8,18.0,0.4,0.8,0.8,-161.8,-77.7,151.6,-25.9,9.0,161.5,18.0,0.4,0.8,0.8,-92.3,-44.1,-33.1,-63.5,8.0,43.5,18.0,0.5,0.9,0.8,-70.4,-8.8,110.2,13.6,8.0,85.1,18.0,0.5,0.9,0.8,-38.2,-27.8,-22.8,-31.3,7.0,12.9,18.0,0.6,0.9,0.8,-50.5,-28.5,21.8,-20.4,7.0,44.8,18.0,0.6,0.9,0.8,236.0,456.5,2146.5,1115.5,9.0,1238.0,18.0,0.4,0.8,0.8,235.0,455.0,2145.0,1115.0,9.0,1240.0,18.0,0.4,0.8,0.8
1974,2,266.0,26.0,21.74,22.75,24.27,22.9,10.0,1.23,16.0,0.3,0.5,0.4,17.95,20.0,21.15,19.74,9.0,2.64,16.0,0.2,0.5,0.4,6.72,8.73,11.68,9.35,9.0,2.88,16.0,0.2,0.5,0.4,51.1,66.6,78.9,64.7,9.0,13.4,16.0,0.2,0.4,4.23,7.7,10.03,7.31,9.0,2.8,16.0,0.2,0.5,0.4,-4.02,0.0,2.48,-0.93,9.0,3.16,16.0,0.2,0.5,0.4,-8.33,-0.71,5.41,-1.23,9.0,7.44,16.0,0.2,0.5,0.4,1015.0,1020.9,1025.01,1020.18,10.0,5.46,16.0,0.3,0.5,0.4,0.0,1.0,5.7,2.7,9.0,3.0,16.0,0.2,0.5,0.4,-26.5,0.0,20.0,-4.3,9.0,22.7,16.0,0.2,0.5,0.4,-74.4,-2.9,37.7,-14.6,9.0,72.0,16.0,0.2,0.5,0.4,0.85,3.5,5.56,3.18,9.0,2.98,16.0,0.2,0.5,0.4,6.3,14.4,36.1,22.0,9.0,26.9,16.0,0.2,0.5,0.4,5.44,8.95,9.61,8.01,9.0,3.34,16.0,0.2,0.5,0.4,23.2,72.1,86.2,57.4,9.0,31.1,16.0,0.2,0.5,0.4,-83.4,0.0,45.6,-18.4,9.0,62.1,16.0,0.2,0.5,0.4,-126.9,-15.0,112.4,-13.3,9.0,152.4,16.0,0.2,0.5,0.4,-46.3,0.0,16.5,-12.4,9.0,28.8,16.0,0.2,0.5,0.4,-62.3,-8.7,54.2,3.0,9.0,75.7,16.0,0.2,0.5,0.4,-28.9,0.0,23.1,-4.3,9.0,28.8,16.0,0.2,0.5,0.4,-79.4,-3.6,31.2,-22.1,9.0,57.3,16.0,0.2,0.5,0.4,76.5,456.5,1015.0,547.5,9.0,540.5,16.0,0.2,0.5,0.4,75.0,455.0,1015.0,545.0,9.0,540.0,16.0,0.2,0.5,0.4
1974,2,266.0,27.0,21.76,22.8,24.34,22.53,8.0,2.37,10.0,0.1,0.6,0.3,21.06,23.1,24.4,22.71,8.0,2.08,10.0,0.1,0.6,0.3,11.8,14.7,16.27,13.89,8.0,3.01,10.0,0.1,0.6,0.3,76.1,82.3,86.0,79.5,8.0,10.1,10.0,0.1,0.3,5.33,7.7,12.5,8.81,8.0,4.76,10.0,0.1,0.6,0.3,-7.47,0.0,1.77,-1.69,8.0,4.45,10.0,0.1,0.6,0.3,2.04,7.22,9.12,5.48,8.0,7.35,10.0,0.1,0.6,0.3,1006.87,1012.6,1019.27,1013.01,8.0,5.79,10.0,0.1,0.6,0.3,1.4,5.5,6.9,4.6,8.0,2.7,10.0,0.1,0.6,0.3,-95.6,0.0,4.6,-31.0,8.0,66.0,10.0,0.1,0.6,0.3,6.7,53.8,83.5,54.6,8.0,112.5,10.0,0.1,0.6,0.3,-2.58,-0.4,2.67,-0.19,8.0,2.68,10.0,0.1,0.6,0.3,-14.0,-3.0,18.1,0.2,8.0,20.5,10.0,0.1,0.6,0.3,0.74,2.32,7.58,3.26,8.0,3.55,10.0,0.1,0.6,0.3,6.8,22.9,40.2,31.4,8.0,36.4,10.0,0.1,0.6,0.3,-143.6,0.0,38.1,-36.1,8.0,99.1,10.0,0.1,0.6,0.3,43.6,167.5,227.6,135.5,8.0,164.5,10.0,0.1,0.6,0.3,-57.9,0.0,24.5,-18.7,8.0,60.3,10.0,0.1,0.6,0.3,27.0,108.4,146.4,93.2,8.0,96.5,10.0,0.1,0.6,0.3,-15.1,-1.5,0.0,-11.7,8.0,25.7,10.0,0.1,0.6,0.3,-1.6,16.7,27.9,5.7,8.0,40.0,10.0,0.1,0.6,0.3,159.5,456.5,1998.0,1277.5,8.0,1956.0,10.0,0.1,0.6,0.3,160.0,455.0,2000.0,1275.0,8.0,1955.0,10.0,0.1,0.6,0.3
1974,2,266.0,28.0,17.34,19.5,22.2,19.53,33.0,2.49,16.0,0.3,0.6,0.6,14.16,17.7,20.6,17.3,35.0,3.59,14.0,0.3,0.6,0.6,5.77,8.6,12.94,8.92,28.0,3.19,14.0,0.4,0.6,0.5,53.1,67.4,88.9,69.7,28.0,14.8,14.0,0.4,0.5,3.14,6.7,11.22,7.19,33.0,4.17,14.0,0.3,0.6,0.6,-4.27,0.0,3.08,-0.37,33.0,4.55,14.0,0.3,0.6,0.6,-9.16,0.0,7.24,0.34,33.0,7.06,14.0,0.3,0.6,0.6,1012.51,1021.0,1025.2,1019.42,34.0,6.34,16.0,0.3,0.6,0.6,0.0,2.0,7.0,3.0,33.0,3.1,16.0,0.3,0.6,0.6,-38.1,0.0,20.2,-1.1,33.0,51.4,14.0,0.3,0.6,0.6,-90.2,0.0,55.7,-4.3,33.0,81.9,14.0,0.3,0.6,0.6,-2.16,2.1,5.46,2.04,33.0,4.03,16.0,0.3,0.6,0.6,-16.0,6.1,55.4,20.1,31.0,48.4,16.0,0.3,0.6,0.6,1.43,6.14,9.09,5.55,27.0,3.8,16.0,0.3,0.6,0.5,3.4,28.5,101.6,43.3,26.0,49.7,16.0,0.3,0.6,0.5,-91.1,0.0,58.8,-9.8,33.0,75.1,14.0,0.3,0.6,0.6,-114.3,0.0,142.8,22.7,33.0,117.4,14.0,0.3,0.6,0.6,-36.4,0.0,36.5,-3.1,27.0,39.2,16.0,0.3,0.6,0.5,-47.3,0.0,78.7,15.8,27.0,65.1,16.0,0.3,0.6,0.5,-13.8,1.8,29.6,8.0,26.0,32.5,16.0,0.3,0.6,0.5,-77.1,-5.7,20.4,-16.5,26.0,54.9,16.0,0.3,0.6,0.5,31.0,301.0,1415.5,751.0,33.0,1047.5,14.0,0.3,0.6,0.6,30.0,300.0,1415.0,750.0,33.0,1045.0,14.0,0.3,0.6,0.6
1974,2,266.0,29.0,16.88,18.0,20.14,18.53,7.0,2.69,12.0,0.4,0.6,0.2,13.5,17.5,21.64,17.79,7.0,3.55,12.0,0.4,0.6,0.2,4.76,9.49,13.64,9.69,7.0,4.27,12.0,0.4,0.6,0.2,50.0,72.4,96.0,73.0,7.0,20.1,12.0,0.4,0.2,2.52,5.1,7.59,5.94,7.0,4.67,12.0,0.4,0.6,0.2,-3.71,-2.25,-0.36,-1.71,7.0,3.48,12.0,0.4,0.6,0.2,-2.71,0.77,4.86,-0.49,7.0,6.87,12.0,0.4,0.6,0.2,1017.15,1018.6,1023.71,1020.3,7.0,4.65,12.0,0.4,0.6,0.2,0.0,1.0,4.8,2.4,5.0,3.4,10.0,0.2,0.6,0.1,-26.4,-8.9,3.3,-1.3,7.0,38.3,12.0,0.4,0.6,0.2,-23.2,0.8,25.4,-22.6,7.0,90.4,12.0,0.4,0.6,0.2,-4.82,1.1,4.74,0.74,7.0,5.6,12.0,0.4,0.6,0.2,-25.3,2.9,59.4,9.3,7.0,42.9,12.0,0.4,0.6,0.2,-0.62,2.41,8.24,3.62,7.0,5.5,12.0,0.4,0.6,0.2,-4.1,2.5,80.7,29.6,7.0,51.8,12.0,0.4,0.6,0.2,-77.8,-42.6,-7.3,-33.1,7.0,51.6,12.0,0.4,0.6,0.2,-36.6,13.4,109.1,7.5,7.0,108.9,12.0,0.4,0.6,0.2,-30.8,-27.8,-4.6,-19.1,7.0,21.5,12.0,0.4,0.6,0.2,-19.9,7.3,66.3,11.3,7.0,49.9,12.0,0.4,0.6,0.2,-19.6,-1.6,8.0,-6.3,7.0,34.8,12.0,0.4,0.6,0.2,-31.1,-2.9,2.4,-21.2,7.0,43.9,12.0,0.4,0.6,0.2,17.0,132.5,530.0,640.5,7.0,1334.5,12.0,0.4,0.6,0.2,15.0,135.0,530.0,640.0,7.0,1335.0,12.0,0.4,0.6,0.2
1974,2,267.0,-23.0,,,,,,,,,,,,,,,,,,,,,,,,,,,,,,,,,,,,,,,,8.2,8.2,8.2,8.2,1.0,0.0,4.0,1.0,0.4,0.1,-8.08,-8.08,-8.08,-8.08,1.0,0.0,4.0,1.0,0.4,0.1,1.42,1.42,1.42,1.42,1.0,0.0,4.0,1.0,0.4,0.1,1018.5,1018.5,1018.5,1018.5,1.0,0.0,4.0,1.0,0.4,0.1,3.0,3.0,3.0,3.0,1.0,0.0,4.0,1.0,0.4,0.1,-66.2,-66.2,-66.2,-66.2,1.0,0.0,4.0,1.0,0.4,0.1,11.7,11.7,11.7,11.7,1.0,0.0,4.0,1.0,0.4,0.1,,,,,,,,,,,,,,,,,,,,,,,,,,,,,,,,,,,,,,,,,-214.0,-214.0,-214.0,-214.0,1.0,0.0,4.0,1.0,0.4,0.1,37.7,37.7,37.7,37.7,1.0,0.0,4.0,1.0,0.4,0.1,-109.7,-109.7,-109.7,-109.7,1.0,0.0,4.0,1.0,0.4,0.1,19.3,19.3,19.3,19.3,1.0,0.0,4.0,1.0,0.4,0.1,,,,,,,,,,,,,,,,,,,,,,,,,,,,,,,,,,,,,,,,
1974,2,267.0,-12.0,24.3,24.3,24.3,24.3,1.0,0.0,12.0,1.0,0.8,0.9,25.0,25.0,25.0,25.0,1.0,0.0,12.0,1.0,0.8,0.9,14.89,14.89,14.89,14.89,1.0,0.0,12.0,1.0,0.8,0.9,75.6,75.6,75.6,75.6,1.0,0.0,12.0,1.0,0.9,5.0,5.0,5.0,5.0,1.0,0.0,12.0,1.0,0.8,0.9,-3.21,-3.21,-3.21,-3.21,1.0,0.0,12.0,1.0,0.8,0.9,3.83,3.83,3.83,3.83,1.0,0.0,12.0,1.0,0.8,0.9,1014.4,1014.4,1014.4,1014.4,1.0,0.0,12.0,1.0,0.8,0.9,6.0,6.0,6.0,6.0,1.0,0.0,12.0,1.0,0.8,0.9,-16.1,-16.1,-16.1,-16.1,1.0,0.0,12.0,1.0,0.8,0.9,19.2,19.2,19.2,19.2,1.0,0.0,12.0,1.0,0.8,0.9,-0.7,-0.7,-0.7,-0.7,1.0,0.0,12.0,1.0,0.8,0.9,-3.5,-3.5,-3.5,-3.5,1.0,0.0,12.0,1.0,0.8,0.9,4.04,4.04,4.04,4.04,1.0,0.0,12.0,1.0,0.8,0.9,20.2,20.2,20.2,20.2,1.0,0.0,12.0,1.0,0.8,0.9,-80.3,-80.3,-80.3,-80.3,1.0,0.0,12.0,1.0,0.8,0.9,95.8,95.8,95.8,95.8,1.0,0.0,12.0,1.0,0.8,0.9,-47.9,-47.9,-47.9,-47.9,1.0,0.0,12.0,1.0,0.8,0.9,57.0,57.0,57.0,57.0,1.0,0.0,12.0,1.0,0.8,0.9,-13.0,-13.0,-13.0,-13.0,1.0,0.0,12.0,1.0,0.8,0.9,15.5,15.5,15.5,15.5,1.0,0.0,12.0,1.0,0.8,0.9,125.0,125.0,125.0,125.0,1.0,0.0,12.0,1.0,0.8,0.9,125.0,125.0,125.0,125.0,1.0,0.0,12.0,1.0,0.8,0.9
1974,2,267.0,-11.0,,,,,,,,,,,,,,,,,,,,,,,,,,,,,,,,,,,,,,,,7.7,7.7,7.7,7.7,1.0,0.0,12.0,1.0,0.5,0.1,-7.7,-7.7,-7.7,-7.7,1.0,0.0,12.0,1.0,0.5,0.1,0.0,0.0,0.0,0.0,1.0,0.0,12.0,1.0,0.5,0.1,1009.0,1009.0,1009.0,1009.0,1.0,0.0,12.0,1.0,0.5,0.1,,,,,,,,,,,,,,,,,,,,,,,,,,,,,,,,,,,,,,,,,,,,,,,,,,,,,,,,,,,,,,,,,,,,,,,,,,,,,,,,,,,,,,,,,,,,,,,,,,,,,,,,,,,,,,,,,,,,,,,,,,,,,,,,,,,,,,,,,,,,,,,,,,,,,,
1974,2,267.0,-10.0,,,,,,,,,,,,,,,,,,,,,,,,,,,,,,,,,,,,,,,,7.7,7.7,7.7,7.7,1.0,0.0,22.0,1.0,1.0,0.1,-2.63,-2.63,-2.63,-2.63,1.0,0.0,22.0,1.0,1.0,0.1,7.24,7.24,7.24,7.24,1.0,0.0,22.0,1.0,1.0,0.1,1012.6,1012.6,1012.6,1012.6,1.0,0.0,22.0,1.0,1.0,0.1,,,,,,,,,,,,,,,,,,,,,,,,,,,,,,,,,,,,,,,,,,,,,,,,,,,,,,,,,,,,,,,,,,,,,,,,,,,,,,,,,,,,,,,,,,,,,,,,,,,,,,,,,,,,,,,,,,,,,,,,,,,,,,,,,,,,,,,,,,,,,,,,,,,,,,
1974,2,267.0,-9.0,28.0,28.0,28.0,28.0,1.0,0.0,4.0,1.0,0.6,0.4,26.0,26.0,26.0,26.0,1.0,0.0,4.0,1.0,0.6,0.4,19.38,19.38,19.38,19.38,1.0,0.0,4.0,1.0,0.6,0.4,92.0,92.0,92.0,92.0,1.0,0.0,4.0,1.0,0.4,3.6,3.6,3.6,3.6,1.0,0.0,4.0,1.0,0.6,0.4,-3.55,-3.55,-3.55,-3.55,1.0,0.0,4.0,1.0,0.6,0.4,0.63,0.63,0.63,0.63,1.0,0.0,4.0,1.0,0.6,0.4,1009.0,1009.0,1009.0,1009.0,1.0,0.0,4.0,1.0,0.6,0.4,3.0,3.0,3.0,3.0,1.0,0.0,4.0,1.0,0.6,0.4,-12.8,-12.8,-12.8,-12.8,1.0,0.0,4.0,1.0,0.6,0.4,2.3,2.3,2.3,2.3,1.0,0.0,4.0,1.0,0.6,0.4,2.0,2.0,2.0,2.0,1.0,0.0,4.0,1.0,0.6,0.4,7.2,7.2,7.2,7.2,1.0,0.0,4.0,1.0,0.6,0.4,4.38,4.38,4.38,4.38,1.0,0.0,4.0,1.0,0.6,0.4,15.8,15.8,15.8,15.8,1.0,0.0,4.0,1.0,0.6,0.4,-92.2,-92.2,-92.2,-92.2,1.0,0.0,4.0,1.0,0.6,0.4,16.3,16.3,16.3,16.3,1.0,0.0,4.0,1.0,0.6,0.4,-68.7,-68.7,-68.7,-68.7,1.0,0.0,4.0,1.0,0.6,0.4,12.1,12.1,12.1,12.1,1.0,0.0,4.0,1.0,0.6,0.4,-15.5,-15.5,-15.5,-15.5,1.0,0.0,4.0,1.0,0.6,0.4,2.7,2.7,2.7,2.7,1.0,0.0,4.0,1.0,0.6,0.4,46.5,46.5,46.5,46.5,1.0,0.0,4.0,1.0,0.6,0.4,45.0,45.0,45.0,45.0,1.0,0.0,4.0,1.0,0.6,0.4
1974,2,267.0,-7.0,27.2,27.2,27.2,27.2,1.0,0.0,8.0,1.0,0.5,0.1,26.5,26.5,26.5,26.5,1.0,0.0,8.0,1.0,0.5,0.1,17.96,17.96,17.96,17.96,1.0,0.0,8.0,1.0,0.5,0.1,83.1,83.1,83.1,83.1,1.0,0.0,8.0,1.0,0.1,6.2,6.2,6.2,6.2,1.0,0.0,8.0,1.0,0.5,0.1,-5.37,-5.37,-5.37,-5.37,1.0,0.0,8.0,1.0,0.5,0.1,3.1,3.1,3.1,3.1,1.0,0.0,8.0,1.0,0.5,0.1,1012.0,1012.0,1012.0,1012.0,1.0,0.0,8.0,1.0,0.5,0.1,4.0,4.0,4.0,4.0,1.0,0.0,8.0,1.0,0.5,0.1,-33.3,-33.3,-33.3,-33.3,1.0,0.0,8.0,1.0,0.5,0.1,19.2,19.2,19.2,19.2,1.0,0.0,8.0,1.0,0.5,0.1,0.7,0.7,0.7,0.7,1.0,0.0,8.0,1.0,0.5,0.1,4.3,4.3,4.3,4.3,1.0,0.0,8.0,1.0,0.5,0.1,4.63,4.63,4.63,4.63,1.0,0.0,8.0,1.0,0.5,0.1,28.7,28.7,28.7,28.7,1.0,0.0,8.0,1.0,0.5,0.1,-142.3,-142.3,-142.3,-142.3,1.0,0.0,8.0,1.0,0.5,0.1,82.2,82.2,82.2,82.2,1.0,0.0,8.0,1.0,0.5,0.1,-96.4,-96.4,-96.4,-96.4,1.0,0.0,8.0,1.0,0.5,0.1,55.7,55.7,55.7,55.7,1.0,0.0,8.0,1.0,0.5,0.1,-24.8,-24.8,-24.8,-24.8,1.0,0.0,8.0,1.0,0.5,0.1,14.3,14.3,14.3,14.3,1.0,0.0,8.0,1.0,0.5,0.1,238.5,238.5,238.5,238.5,1.0,0.0,8.0,1.0,0.5,0.1,240.0,240.0,240.0,240.0,1.0,0.0,8.0,1.0,0.5,0.1
1974,2,267.0,-6.0,25.84,26.35,26.8,26.33,4.0,0.57,18.0,0.5,0.5,0.5,25.57,26.35,26.87,26.23,4.0,0.92,18.0,0.5,0.5,0.5,17.59,18.32,19.16,18.38,3.0,1.15,18.0,0.7,0.5,0.6,83.1,87.1,90.4,86.8,3.0,5.4,18.0,0.7,0.6,3.26,3.6,4.62,3.93,3.0,1.04,18.0,0.7,0.5,0.6,-4.01,-2.31,-1.79,-2.89,3.0,1.7,18.0,0.7,0.5,0.6,2.04,2.68,2.73,2.4,3.0,0.57,18.0,0.7,0.5,0.6,1008.74,1009.9,1011.64,1010.18,4.0,1.78,18.0,0.5,0.5,0.5,1.0,3.0,4.4,2.7,3.0,2.5,18.0,0.7,0.5,0.6,-19.3,-8.3,-5.9,-12.5,3.0,10.5,18.0,0.7,0.5,0.6,8.5,8.9,9.6,9.0,3.0,0.8,18.0,0.7,0.5,0.6,-0.5,0.1,0.7,0.1,4.0,0.69,18.0,0.5,0.5,0.5,-0.5,2.2,3.1,1.3,3.0,2.8,18.0,0.7,0.5,0.6,2.89,3.45,3.58,3.24,3.0,0.54,18.0,0.7,0.5,0.6,11.5,13.1,13.3,12.4,3.0,1.5,18.0,0.7,0.5,0.6,-105.7,-62.9,-46.4,-75.8,3.0,44.8,18.0,0.7,0.5,0.6,52.5,67.1,72.5,62.6,3.0,15.2,18.0,0.7,0.5,0.6,-77.4,-42.4,-31.7,-54.3,3.0,35.0,18.0,0.7,0.5,0.6,38.0,46.3,49.2,43.6,3.0,8.5,18.0,0.7,0.5,0.6,-11.3,-8.4,-6.3,-8.8,3.0,3.6,18.0,0.7,0.5,0.6,6.1,9.3,9.8,8.0,3.0,2.9,18.0,0.7,0.5,0.6,35.0,46.5,105.5,69.5,3.0,55.0,18.0,0.7,0.5,0.6,35.0,45.0,105.0,70.0,3.0,55.0,18.0,0.7,0.5,0.6
1974,2,267.0,-5.0,26.06,26.2,26.34,26.2,3.0,0.2,20.0,0.7,0.5,0.8,24.59,26.0,26.0,25.33,4.0,1.35,20.0,0.8,0.5,0.8,16.31,16.54,17.46,16.88,3.0,0.89,20.0,0.7,0.5,0.8,80.7,85.1,88.9,84.8,3.0,6.1,20.0,0.7,0.8,3.84,4.6,6.46,5.13,4.0,1.83,20.0,0.8,0.5,0.8,-3.58,-2.34,-1.0,-2.29,4.0,1.52,20.0,0.8,0.5,0.8,3.69,3.88,5.35,4.49,4.0,1.46,20.0,0.8,0.5,0.8,1009.21,1010.45,1012.79,1010.98,4.0,2.62,20.0,0.8,0.5,0.8,2.5,4.5,7.0,4.8,4.0,2.8,20.0,0.8,0.5,0.8,-23.5,-11.2,-3.9,-13.6,4.0,12.4,20.0,0.8,0.5,0.8,14.2,17.9,36.4,25.0,4.0,17.8,20.0,0.8,0.5,0.8,0.13,0.4,2.11,1.1,3.0,1.57,20.0,0.7,0.5,0.8,0.6,2.0,15.9,8.1,3.0,12.3,20.0,0.7,0.5,0.8,3.96,4.56,4.93,4.45,3.0,0.71,20.0,0.7,0.5,0.8,17.2,18.8,32.8,24.8,3.0,12.6,20.0,0.7,0.5,0.8,-87.6,-60.8,-25.9,-56.9,4.0,36.3,20.0,0.8,0.5,0.8,96.0,100.9,129.8,112.3,4.0,29.0,20.0,0.8,0.5,0.8,-61.2,-58.6,-25.7,-43.8,3.0,29.0,20.0,0.7,0.5,0.8,62.2,69.9,95.9,78.9,3.0,25.9,20.0,0.7,0.5,0.8,-17.3,-12.1,-5.8,-11.5,3.0,8.4,20.0,0.7,0.5,0.8,15.0,16.2,28.4,21.5,3.0,10.9,20.0,0.7,0.5,0.8,57.5,101.0,302.5,176.0,4.0,190.5,20.0,0.8,0.5,0.8,55.0,100.0,300.0,175.0,4.0,190.0,20.0,0.8,0.5,0.8
1974,2,267.0,-4.0,24.37,25.6,26.62,25.5,4.0,1.4,12.0,0.8,0.6,0.5,25.38,25.6,26.04,25.66,5.0,0.43,14.0,0.6,0.7,0.5,15.78,16.71,17.31,16.55,4.0,0.97,12.0,0.8,0.6,0.5,78.5,81.0,83.1,80.8,4.0,2.8,12.0,0.8,0.5,2.6,3.1,4.28,3.4,5.0,0.91,14.0,0.6,0.7,0.5,-3.28,0.0,0.51,-1.14,5.0,2.38,14.0,0.6,0.7,0.5,0.34,2.6,3.37,1.98,5.0,1.76,14.0,0.6,0.7,0.5,1010.12,1011.0,1012.0,1010.96,5.0,1.19,14.0,0.6,0.7,0.5,2.6,4.0,6.4,4.4,5.0,2.1,14.0,0.6,0.7,0.5,-11.8,0.0,2.1,-4.3,5.0,10.2,14.0,0.6,0.7,0.5,1.9,6.8,11.9,6.9,5.0,6.4,14.0,0.6,0.7,0.5,-0.94,0.3,0.76,-0.07,4.0,1.21,12.0,0.8,0.6,0.5,-2.5,1.2,2.6,0.1,4.0,3.4,12.0,0.8,0.6,0.5,3.1,4.34,4.71,3.93,4.0,1.24,12.0,0.8,0.6,0.5,9.0,13.4,16.7,12.9,4.0,5.6,12.0,0.8,0.6,0.5,-84.0,0.0,13.3,-29.0,5.0,61.0,14.0,0.6,0.7,0.5,8.8,67.9,85.8,50.9,5.0,45.4,14.0,0.6,0.7,0.5,-60.5,-20.9,0.0,-29.8,4.0,37.4,12.0,0.8,0.6,0.5,2.7,29.6,46.5,24.8,4.0,26.4,12.0,0.8,0.6,0.5,-12.5,-2.7,0.0,-6.1,4.0,8.9,12.0,0.8,0.6,0.5,1.1,8.1,13.4,7.3,4.0,7.3,12.0,0.8,0.6,0.5,17.5,30.0,79.5,46.0,5.0,35.5,14.0,0.6,0.7,0.5,20.0,30.0,80.0,45.0,5.0,35.0,14.0,0.6,0.7,0.5
1974,2,267.0,-3.0,25.0,25.0,25.0,25.0,1.0,0.0,8.0,1.0,0.2,0.7,25.5,25.5,25.5,25.5,1.0,0.0,8.0,1.0,0.2,0.7,16.58,16.58,16.58,16.58,1.0,0.0,8.0,1.0,0.2,0.7,81.5,81.5,81.5,81.5,1.0,0.0,8.0,1.0,0.7,,,,,,,,,,,,,,,,,,,,,,,,,,,,,,,,,,,,,,,,,,,,,,,,,,,,,,,,,,,,,,,,,,,,,,,,,,,,,,,,,,,,,,,,,,,,,,,,,,,,,,,,,,,,,,,,,,,,,,,,,,,,,,,,,,,,,,,,,,,,,,,,,,,,,,,,,,,,,,,,,,,,,,,,,,,,,,,,,,,,,,,,,,,,,,
1974,2,267.0,-2.0,24.7,24.7,24.7,24.7,1.0,0.0,4.0,0.0,0.4,0.1,23.8,23.8,23.8,23.8,1.0,0.0,4.0,0.0,0.4,0.1,16.93,16.93,16.93,16.93,1.0,0.0,4.0,0.0,0.4,0.1,91.9,91.9,91.9,91.9,1.0,0.0,4.0,0.0,0.1,4.1,4.1,4.1,4.1,1.0,0.0,4.0,0.0,0.4,0.1,0.0,0.0,0.0,0.0,1.0,0.0,4.0,0.0,0.4,0.1,4.1,4.1,4.1,4.1,1.0,0.0,4.0,0.0,0.4,0.1,1009.8,1009.8,1009.8,1009.8,1.0,0.0,4.0,0.0,0.4,0.1,7.0,7.0,7.0,7.0,1.0,0.0,4.0,0.0,0.4,0.1,0.0,0.0,0.0,0.0,1.0,0.0,4.0,0.0,0.4,0.1,16.8,16.8,16.8,16.8,1.0,0.0,4.0,0.0,0.4,0.1,0.9,0.9,0.9,0.9,1.0,0.0,4.0,0.0,0.4,0.1,3.7,3.7,3.7,3.7,1.0,0.0,4.0,0.0,0.4,0.1,2.55,2.55,2.55,2.55,1.0,0.0,4.0,0.0,0.4,0.1,10.5,10.5,10.5,10.5,1.0,0.0,4.0,0.0,0.4,0.1,0.0,0.0,0.0,0.0,1.0,0.0,4.0,0.0,0.4,0.1,97.6,97.6,97.6,97.6,1.0,0.0,4.0,0.0,0.4,0.1,0.0,0.0,0.0,0.0,1.0,0.0,4.0,0.0,0.4,0.1,69.4,69.4,69.4,69.4,1.0,0.0,4.0,0.0,0.4,0.1,0.0,0.0,0.0,0.0,1.0,0.0,4.0,0.0,0.4,0.1,10.5,10.5,10.5,10.5,1.0,0.0,4.0,0.0,0.4,0.1,69.0,69.0,69.0,69.0,1.0,0.0,4.0,0.0,0.4,0.1,70.0,70.0,70.0,70.0,1.0,0.0,4.0,0.0,0.4,0.1
1974,2,267.0,-1.0,24.51,25.6,26.69,25.6,2.0,2.26,18.0,1.0,0.4,0.6,26.61,26.85,27.09,26.85,2.0,0.49,18.0,1.0,0.4,0.6,19.81,19.81,19.81,19.81,1.0,0.0,20.0,1.0,0.3,0.7,70.7,77.6,84.6,77.6,2.0,14.3,18.0,1.0,0.6,3.84,4.35,4.86,4.35,2.0,1.06,18.0,1.0,0.4,0.6,-2.04,-0.51,1.03,-0.51,2.0,3.18,18.0,1.0,0.4,0.6,2.71,3.55,4.4,3.55,2.0,1.75,18.0,1.0,0.4,0.6,1011.3,1011.3,1011.3,1011.3,1.0,0.0,20.0,1.0,0.3,0.7,3.6,5.0,6.4,5.0,2.0,2.8,18.0,1.0,0.4,0.6,-6.9,-0.5,5.9,-0.5,2.0,13.3,18.0,1.0,0.4,0.6,10.9,16.4,21.9,16.4,2.0,11.4,18.0,1.0,0.4,0.6,-2.58,-1.25,0.08,-1.25,2.0,2.76,18.0,1.0,0.4,0.6,-9.1,-4.0,1.2,-4.0,2.0,10.7,18.0,1.0,0.4,0.6,-1.17,-1.17,-1.17,-1.17,1.0,0.0,20.0,1.0,0.3,0.7,-4.2,-4.2,-4.2,-4.2,1.0,0.0,20.0,1.0,0.3,0.7,-55.8,-14.4,27.0,-14.4,2.0,85.7,18.0,1.0,0.4,0.6,73.1,95.0,116.8,95.0,2.0,45.3,18.0,1.0,0.4,0.6,-54.6,-54.6,-54.6,-54.6,1.0,0.0,20.0,1.0,0.3,0.7,45.8,45.8,45.8,45.8,1.0,0.0,20.0,1.0,0.3,0.7,3.2,3.2,3.2,3.2,1.0,0.0,20.0,1.0,0.3,0.7,-2.7,-2.7,-2.7,-2.7,1.0,0.0,20.0,1.0,0.3,0.7,60.5,89.5,119.0,89.5,2.0,61.0,18.0,1.0,0.4,0.6,60.0,90.0,120.0,90.0,2.0,60.0,18.0,1.0,0.4,0.6
1974,2,267.0,0.0,26.7,26.7,26.7,26.7,1.0,0.0,12.0,0.0,0.9,0.9,25.2,25.2,25.2,25.2,1.0,0.0,12.0,0.0,0.9,0.9,16.48,16.48,16.48,16.48,1.0,0.0,12.0,0.0,0.9,0.9,82.4,82.4,82.4,82.4,1.0,0.0,12.0,0.0,0.9,0.0,0.0,0.0,0.0,1.0,0.0,12.0,0.0,0.9,0.9,0.0,0.0,0.0,0.0,1.0,0.0,12.0,0.0,0.9,0.9,0.0,0.0,0.0,0.0,1.0,0.0,12.0,0.0,0.9,0.9,1011.9,1011.9,1011.9,1011.9,1.0,0.0,12.0,0.0,0.9,0.9,2.0,2.0,2.0,2.0,1.0,0.0,12.0,0.0,0.9,0.9,0.0,0.0,0.0,0.0,1.0,0.0,12.0,0.0,0.9,0.9,0.0,0.0,0.0,0.0,1.0,0.0,12.0,0.0,0.9,0.9,1.5,1.5,1.5,1.5,1.0,0.0,12.0,0.0,0.9,0.9,0.0,0.0,0.0,0.0,1.0,0.0,12.0,0.0,0.9,0.9,5.44,5.44,5.44,5.44,1.0,0.0,12.0,0.0,0.9,0.9,0.0,0.0,0.0,0.0,1.0,0.0,12.0,0.0,0.9,0.9,0.0,0.0,0.0,0.0,1.0,0.0,12.0,0.0,0.9,0.9,0.0,0.0,0.0,0.0,1.0,0.0,12.0,0.0,0.9,0.9,0.0,0.0,0.0,0.0,1.0,0.0,12.0,0.0,0.9,0.9,0.0,0.0,0.0,0.0,1.0,0.0,12.0,0.0,0.9,0.9,0.0,0.0,0.0,0.0,1.0,0.0,12.0,0.0,0.9,0.9,0.0,0.0,0.0,0.0,1.0,0.0,12.0,0.0,0.9,0.9,0.0,0.0,0.0,0.0,1.0,0.0,12.0,0.0,0.9,0.9,0.0,0.0,0.0,0.0,1.0,0.0,12.0,0.0,0.9,0.9
1974,2,267.0,1.0,27.06,27.2,27.75,27.4,3.0,0.53,22.0,1.0,0.4,0.6,26.71,27.8,29.23,27.97,3.0,1.86,22.0,1.0,0.4,0.6,17.28,18.73,20.23,18.75,3.0,2.16,22.0,1.0,0.4,0.6,78.5,79.2,79.9,79.2,3.0,1.1,22.0,1.0,0.6,0.98,3.1,3.44,2.23,3.0,1.95,22.0,1.0,0.4,0.6,-1.75,-0.54,-0.17,-0.95,3.0,1.21,22.0,1.0,0.4,0.6,0.88,2.76,2.96,1.94,3.0,1.68,22.0,1.0,0.4,0.6,1010.7,1010.7,1012.2,1011.43,3.0,1.27,22.0,1.0,0.4,0.6,1.6,3.0,3.7,2.7,3.0,1.5,22.0,1.0,0.4,0.6,-6.2,-1.7,-0.5,-3.3,3.0,4.4,22.0,1.0,0.4,0.6,3.0,9.5,9.8,6.5,3.0,5.6,22.0,1.0,0.4,0.6,-1.49,-0.6,0.36,-0.57,3.0,1.35,22.0,1.0,0.4,0.6,-4.0,0.0,2.0,-1.0,3.0,4.5,22.0,1.0,0.4,0.6,3.12,3.84,5.14,4.13,3.0,1.5,22.0,1.0,0.4,0.6,2.7,8.7,16.9,9.8,3.0,10.4,22.0,1.0,0.4,0.6,-46.5,-16.1,-5.1,-25.6,3.0,31.4,22.0,1.0,0.4,0.6,22.9,72.3,85.2,54.5,3.0,48.2,22.0,1.0,0.4,0.6,-29.8,-11.3,-3.6,-16.6,3.0,19.8,22.0,1.0,0.4,0.6,14.5,45.8,58.1,36.6,3.0,32.9,22.0,1.0,0.4,0.6,-9.5,-1.5,-0.5,-4.9,3.0,7.3,22.0,1.0,0.4,0.6,2.7,8.5,13.5,8.1,3.0,7.9,22.0,1.0,0.4,0.6,9.5,30.0,41.5,25.5,3.0,23.5,22.0,1.0,0.4,0.6,10.0,30.0,40.0,25.0,3.0,25.0,22.0,1.0,0.4,0.6
1974,2,267.0,2.0,25.85,26.0,27.1,26.42,5.0,0.87,10.0,0.2,0.6,0.4,24.65,25.2,26.25,25.4,5.0,0.88,10.0,0.2,0.6,0.4,15.91,16.4,17.28,16.52,5.0,0.89,10.0,0.2,0.6,0.4,79.3,81.1,84.3,81.5,5.0,3.6,10.0,0.2,0.4,2.33,3.6,5.55,3.9,5.0,2.26,10.0,0.2,0.6,0.4,1.36,3.1,3.67,2.68,5.0,1.44,10.0,0.2,0.6,0.4,-0.77,0.0,4.76,1.57,5.0,3.16,10.0,0.2,0.6,0.4,1010.29,1010.8,1011.37,1010.82,5.0,0.59,10.0,0.2,0.6,0.4,2.0,3.0,7.4,4.4,5.0,2.9,10.0,0.2,0.6,0.4,5.0,9.6,19.3,12.5,5.0,12.3,10.0,0.2,0.6,0.4,-2.5,0.0,27.1,10.6,5.0,19.1,10.0,0.2,0.6,0.4,0.33,0.8,1.92,1.02,5.0,1.06,10.0,0.2,0.6,0.4,2.2,5.8,6.5,4.4,5.0,3.0,10.0,0.2,0.6,0.4,3.98,5.55,6.0,5.09,5.0,1.17,10.0,0.2,0.6,0.4,12.2,19.6,29.7,21.0,5.0,13.8,10.0,0.2,0.6,0.4,34.3,75.6,94.2,67.8,5.0,36.0,10.0,0.2,0.6,0.4,-20.1,0.0,118.8,38.9,5.0,79.8,10.0,0.2,0.6,0.4,22.6,50.8,59.6,43.5,5.0,21.7,10.0,0.2,0.6,0.4,-13.2,0.0,75.4,24.1,5.0,50.2,10.0,0.2,0.6,0.4,5.5,17.2,22.3,14.8,5.0,9.6,10.0,0.2,0.6,0.4,-4.5,0.0,23.4,7.7,5.0,17.3,10.0,0.2,0.6,0.4,19.5,46.5,198.0,109.5,5.0,151.5,10.0,0.2,0.6,0.4,20.0,45.0,200.0,110.0,5.0,150.0,10.0,0.2,0.6,0.4
1974,2,267.0,3.0,25.9,26.1,26.51,26.2,3.0,0.46,10.0,0.7,0.7,0.2,25.9,26.1,26.51,26.2,3.0,0.46,10.0,0.7,0.7,0.2,15.6,15.6,15.6,15.6,1.0,0.0,16.0,0.0,0.8,0.0,75.3,75.3,75.3,75.3,1.0,0.0,16.0,0.0,0.0,1.41,2.3,3.19,2.3,2.0,1.84,6.0,1.0,0.6,0.3,1.13,1.4,1.67,1.4,2.0,0.57,6.0,1.0,0.6,0.3,0.49,1.56,2.62,1.56,2.0,2.2,6.0,1.0,0.6,0.3,1010.86,1011.0,1011.14,1011.0,2.0,0.28,12.0,0.5,0.9,0.0,3.3,6.0,6.0,4.7,3.0,2.3,10.0,0.7,0.7,0.2,1.9,3.7,5.6,3.7,2.0,3.9,6.0,1.0,0.6,0.3,1.8,5.6,9.4,5.6,2.0,7.9,6.0,1.0,0.6,0.3,,,,,,,,,,,,,,,,,,,,,,,,,,,,,,,,,,,,,,,,,,,,,,,,,,,,,,,,,,,,,,,,,,,,,,,,,,,,,,,,,,,,,,,,,,,,,,,,,,,,,,,,,,,,,,,,,,,,,,,,
1974,2,267.0,4.0,26.25,27.25,27.98,27.08,6.0,1.08,12.0,0.7,0.6,0.3,25.13,26.05,26.45,25.82,6.0,1.45,12.0,0.7,0.6,0.3,16.71,17.04,17.37,17.04,2.0,0.69,18.0,0.0,0.9,0.0,80.1,82.3,84.5,82.3,2.0,4.6,18.0,0.0,0.0,1.5,3.6,4.15,3.06,5.0,1.55,10.0,0.6,0.6,0.3,-0.42,0.51,1.42,0.47,5.0,1.12,10.0,0.6,0.6,0.3,-3.46,-0.96,2.64,-0.35,5.0,3.52,10.0,0.6,0.6,0.3,1011.78,1013.0,1013.92,1012.67,6.0,1.57,12.0,0.7,0.6,0.3,0.8,6.0,8.0,4.8,6.0,3.5,12.0,0.7,0.6,0.3,-0.6,0.8,6.1,2.5,5.0,4.2,10.0,0.6,0.6,0.3,-12.5,-1.4,10.3,0.0,5.0,15.2,10.0,0.6,0.6,0.3,-0.09,0.95,2.14,1.27,6.0,1.99,12.0,0.7,0.6,0.3,-1.4,3.2,5.0,2.1,5.0,4.3,10.0,0.6,0.6,0.3,4.39,4.93,5.47,4.93,2.0,1.12,18.0,0.0,0.9,0.0,15.8,17.7,19.7,17.7,2.0,4.0,18.0,0.0,0.9,0.0,-11.7,12.0,36.6,11.4,5.0,29.9,10.0,0.6,0.6,0.3,-89.2,-26.8,66.5,-9.8,5.0,91.1,10.0,0.6,0.6,0.3,3.4,10.8,18.2,10.8,2.0,15.3,18.0,0.0,0.9,0.0,-59.5,-59.4,-59.3,-59.4,2.0,0.2,18.0,0.0,0.9,0.0,0.8,2.5,4.3,2.5,2.0,3.6,18.0,0.0,0.9,0.0,-19.6,-17.3,-15.0,-17.3,2.0,4.7,18.0,0.0,0.9,0.0,3.5,46.5,78.0,46.5,5.0,53.0,10.0,0.6,0.6,0.3,5.0,45.0,80.0,45.0,5.0,55.0,10.0,0.6,0.6,0.3
1974,2,267.0,5.0,26.23,26.5,26.57,26.4,3.0,0.26,18.0,0.7,0.2,0.2,26.04,27.0,27.55,26.8,3.0,1.11,18.0,0.7,0.2,0.2,16.99,16.99,16.99,16.99,1.0,0.0,14.0,0.0,0.3,0.0,83.0,83.0,83.0,83.0,1.0,0.0,14.0,0.0,0.0,2.6,2.6,2.6,2.6,1.0,0.0,14.0,0.0,0.3,0.0,-0.89,-0.89,-0.89,-0.89,1.0,0.0,14.0,0.0,0.3,0.0,-2.44,-2.44,-2.44,-2.44,1.0,0.0,14.0,0.0,0.3,0.0,1009.2,1009.2,1011.38,1010.27,3.0,1.85,18.0,0.7,0.2,0.2,6.0,6.0,6.0,6.0,3.0,0.0,18.0,0.7,0.2,0.2,-2.3,-2.3,-2.3,-2.3,1.0,0.0,14.0,0.0,0.3,0.0,-6.4,-6.4,-6.4,-6.4,1.0,0.0,14.0,0.0,0.3,0.0,-0.98,-0.5,0.18,-0.4,3.0,0.85,18.0,0.7,0.2,0.2,1.3,1.3,1.3,1.3,1.0,0.0,14.0,0.0,0.3,0.0,4.15,4.15,4.15,4.15,1.0,0.0,14.0,0.0,0.3,0.0,10.8,10.8,10.8,10.8,1.0,0.0,14.0,0.0,0.3,0.0,-22.8,-22.8,-22.8,-22.8,1.0,0.0,14.0,0.0,0.3,0.0,-62.5,-62.5,-62.5,-62.5,1.0,0.0,14.0,0.0,0.3,0.0,-15.1,-15.1,-15.1,-15.1,1.0,0.0,14.0,0.0,0.3,0.0,-41.5,-41.5,-41.5,-41.5,1.0,0.0,14.0,0.0,0.3,0.0,-3.7,-3.7,-3.7,-3.7,1.0,0.0,14.0,0.0,0.3,0.0,-10.1,-10.1,-10.1,-10.1,1.0,0.0,14.0,0.0,0.3,0.0,17.5,17.5,17.5,17.5,1.0,0.0,14.0,0.0,0.3,0.0,20.0,20.0,20.0,20.0,1.0,0.0,14.0,0.0,0.3,0.0
1974,2,267.0,6.0,26.65,27.2,27.75,27.2,2.0,1.13,10.0,1.0,0.2,0.1,25.32,26.0,26.68,26.0,2.0,1.41,10.0,1.0,0.2,0.1,17.38,17.38,17.38,17.38,1.0,0.0,14.0,1.0,0.3,0.3,78.3,78.3,78.3,78.3,1.0,0.0,14.0,1.0,0.3,1.33,2.05,2.77,2.05,2.0,1.48,10.0,1.0,0.2,0.1,0.12,0.38,0.64,0.38,2.0,0.54,10.0,1.0,0.2,0.1,-2.51,-1.23,0.05,-1.23,2.0,2.65,10.0,1.0,0.2,0.1,1010.51,1012.05,1013.59,1012.05,2.0,3.18,10.0,1.0,0.2,0.1,7.2,7.5,7.8,7.5,2.0,0.7,10.0,1.0,0.2,0.1,0.1,0.4,0.6,0.4,2.0,0.5,10.0,1.0,0.2,0.1,-8.0,-4.5,-1.0,-4.5,2.0,7.2,10.0,1.0,0.2,0.1,1.06,1.2,1.34,1.2,2.0,0.28,10.0,1.0,0.2,0.1,1.7,2.3,2.8,2.3,2.0,1.2,10.0,1.0,0.2,0.1,6.25,6.25,6.25,6.25,1.0,0.0,14.0,1.0,0.3,0.3,19.4,19.4,19.4,19.4,1.0,0.0,14.0,1.0,0.3,0.3,3.0,9.6,16.1,9.6,2.0,13.5,10.0,1.0,0.2,0.1,-67.9,-33.8,0.2,-33.8,2.0,70.5,10.0,1.0,0.2,0.1,0.0,0.0,0.0,0.0,1.0,0.0,14.0,1.0,0.3,0.3,-53.9,-53.9,-53.9,-53.9,1.0,0.0,14.0,1.0,0.3,0.3,0.0,0.0,0.0,0.0,1.0,0.0,14.0,1.0,0.3,0.3,-19.4,-19.4,-19.4,-19.4,1.0,0.0,14.0,1.0,0.3,0.3,5.5,15.5,25.0,15.5,2.0,20.5,10.0,1.0,0.2,0.1,5.0,15.0,25.0,15.0,2.0,20.0,10.0,1.0,0.2,0.1
1974,2,267.0,7.0,25.6,25.6,25.6,25.6,1.0,0.0,6.0,0.0,0.3,0.5,25.0,25.0,25.0,25.0,1.0,0.0,6.0,0.0,0.3,0.5,17.21,17.21,17.21,17.21,1.0,0.0,6.0,0.0,0.3,0.5,87.1,87.1,87.1,87.1,1.0,0.0,6.0,0.0,0.5,5.7,5.7,5.7,5.7,1.0,0.0,6.0,0.0,0.3,0.5,-4.94,-4.94,-4.94,-4.94,1.0,0.0,6.0,0.0,0.3,0.5,-2.85,-2.85,-2.85,-2.85,1.0,0.0,6.0,0.0,0.3,0.5,1011.9,1011.9,1011.9,1011.9,1.0,0.0,6.0,0.0,0.3,0.5,1.0,1.0,1.0,1.0,1.0,0.0,6.0,0.0,0.3,0.5,-28.1,-28.1,-28.1,-28.1,1.0,0.0,6.0,0.0,0.3,0.5,-16.2,-16.2,-16.2,-16.2,1.0,0.0,6.0,0.0,0.3,0.5,0.6,0.6,0.6,0.6,1.0,0.0,6.0,0.0,0.3,0.5,3.4,3.4,3.4,3.4,1.0,0.0,6.0,0.0,0.3,0.5,3.32,3.32,3.32,3.32,1.0,0.0,6.0,0.0,0.3,0.5,18.9,18.9,18.9,18.9,1.0,0.0,6.0,0.0,0.3,0.5,-123.4,-123.4,-123.4,-123.4,1.0,0.0,6.0,0.0,0.3,0.5,-71.2,-71.2,-71.2,-71.2,1.0,0.0,6.0,0.0,0.3,0.5,-85.0,-85.0,-85.0,-85.0,1.0,0.0,6.0,0.0,0.3,0.5,-49.0,-49.0,-49.0,-49.0,1.0,0.0,6.0,0.0,0.3,0.5,-16.4,-16.4,-16.4,-16.4,1.0,0.0,6.0,0.0,0.3,0.5,-9.5,-9.5,-9.5,-9.5,1.0,0.0,6.0,0.0,0.3,0.5,185.0,185.0,185.0,185.0,1.0,0.0,6.0,0.0,0.3,0.5,185.0,185.0,185.0,185.0,1.0,0.0,6.0,0.0,0.3,0.5
1974,2,267.0,8.0,24.0,24.4,25.31,24.74,5.0,1.22,18.0,0.6,0.5,0.5,23.57,24.0,25.62,24.52,5.0,1.41,18.0,0.6,0.5,0.5,15.77,16.36,16.88,16.33,3.0,0.81,18.0,0.3,0.4,0.5,83.2,83.8,89.3,86.2,3.0,4.9,18.0,0.3,0.5,4.48,6.1,6.72,5.63,4.0,1.76,20.0,0.8,0.5,0.4,-5.55,-2.99,-1.57,-3.53,4.0,2.64,20.0,0.8,0.5,0.4,-5.24,-3.75,-2.04,-3.65,4.0,1.99,20.0,0.8,0.5,0.4,1010.58,1011.8,1012.48,1011.64,5.0,1.26,18.0,0.6,0.5,0.5,0.6,1.0,1.4,1.0,5.0,0.7,18.0,0.6,0.5,0.5,-37.8,-18.1,-8.0,-22.7,4.0,20.6,20.0,0.8,0.5,0.4,-32.1,-18.3,-9.0,-20.4,4.0,13.6,20.0,0.8,0.5,0.4,-0.22,0.2,0.68,0.22,5.0,0.59,18.0,0.6,0.5,0.5,-0.4,2.4,4.9,2.2,4.0,3.4,20.0,0.8,0.5,0.4,1.9,2.7,3.31,2.61,3.0,1.04,18.0,0.3,0.4,0.5,11.2,17.1,23.1,17.1,2.0,12.4,18.0,0.5,0.4,0.3,-131.0,-72.7,-40.8,-85.3,4.0,61.6,20.0,0.8,0.5,0.4,-131.8,-89.3,-50.3,-91.0,4.0,53.1,20.0,0.8,0.5,0.4,-95.2,-63.6,-32.0,-63.6,2.0,65.4,18.0,0.5,0.4,0.3,-43.2,-33.5,-23.9,-33.5,2.0,20.0,18.0,0.5,0.4,0.3,-21.9,-14.2,-6.5,-14.2,2.0,16.0,18.0,0.5,0.4,0.3,-7.3,-6.2,-5.0,-6.2,2.0,2.4,18.0,0.5,0.4,0.3,118.5,227.0,309.0,214.5,4.0,141.5,20.0,0.8,0.5,0.4,120.0,225.0,310.0,215.0,4.0,140.0,20.0,0.8,0.5,0.4
1974,2,267.0,9.0,25.7,26.5,27.15,26.34,18.0,1.02,20.0,0.6,0.6,0.4,25.0,26.1,27.07,26.41,19.0,1.8,18.0,0.5,0.6,0.4,15.37,15.88,18.42,16.68,11.0,1.71,18.0,0.4,0.6,0.6,71.0,77.6,84.1,78.5,11.0,6.5,18.0,0.4,0.6,4.6,6.2,11.53,7.39,16.0,4.01,20.0,0.4,0.6,0.5,-8.7,-4.14,-2.27,-5.15,16.0,3.37,20.0,0.4,0.6,0.5,-7.85,-4.87,-1.74,-4.6,16.0,3.49,20.0,0.4,0.6,0.5,1009.71,1010.9,1012.0,1010.94,18.0,1.35,20.0,0.6,0.6,0.4,0.0,2.0,6.0,2.6,19.0,2.4,18.0,0.5,0.6,0.4,-100.1,-24.3,-9.5,-50.1,16.0,59.5,20.0,0.4,0.6,0.5,-91.5,-29.0,-7.3,-44.9,16.0,50.5,20.0,0.4,0.6,0.5,-1.3,0.5,1.06,-0.14,18.0,1.74,20.0,0.6,0.6,0.4,-7.5,3.1,9.3,1.0,15.0,10.0,20.0,0.5,0.6,0.5,1.58,5.54,5.78,4.54,11.0,2.15,18.0,0.4,0.6,0.6,9.2,33.0,48.4,32.5,10.0,21.4,20.0,0.3,0.6,0.6,-224.1,-107.2,-63.3,-133.8,16.0,86.2,20.0,0.4,0.6,0.5,-201.8,-126.4,-43.6,-120.5,16.0,90.6,20.0,0.4,0.6,0.5,-104.4,-80.6,-48.7,-79.6,10.0,37.6,20.0,0.3,0.6,0.6,-111.5,-73.4,-42.7,-66.6,10.0,54.2,20.0,0.3,0.6,0.6,-37.2,-25.2,-5.5,-23.4,10.0,17.5,20.0,0.3,0.6,0.6,-34.7,-21.2,-7.4,-20.9,10.0,15.2,20.0,0.3,0.6,0.6,97.5,238.5,1636.0,795.0,16.0,1227.5,20.0,0.4,0.6,0.5,95.0,240.0,1635.0,795.0,16.0,1225.0,20.0,0.4,0.6,0.5
1974,2,267.0,10.0,26.0,27.0,27.79,27.07,27.0,1.29,14.0,0.4,0.6,0.5,26.0,27.1,28.3,27.07,28.0,1.32,14.0,0.4,0.6,0.5,16.04,17.12,17.78,16.83,13.0,1.03,12.0,0.1,0.7,0.4,74.9,78.6,84.6,79.1,13.0,5.6,12.0,0.1,0.4,2.6,4.6,7.7,5.32,26.0,3.17,12.0,0.3,0.6,0.5,-6.69,-2.58,0.0,-3.54,26.0,3.56,12.0,0.3,0.6,0.5,-4.41,-2.52,0.0,-2.55,26.0,2.64,12.0,0.3,0.6,0.5,1009.86,1010.65,1013.0,1011.2,28.0,1.47,14.0,0.4,0.6,0.5,0.0,0.0,2.7,1.3,28.0,2.1,14.0,0.4,0.6,0.5,-51.5,-9.8,0.0,-27.5,26.0,40.6,12.0,0.3,0.6,0.5,-47.7,-8.7,0.0,-17.5,26.0,21.8,12.0,0.3,0.6,0.5,-0.69,-0.3,0.69,-0.12,27.0,1.5,14.0,0.4,0.6,0.5,-3.9,-0.8,3.9,-0.8,25.0,10.4,14.0,0.4,0.6,0.5,3.06,5.17,6.7,5.2,12.0,2.5,12.0,0.1,0.7,0.4,12.5,14.6,40.5,24.8,10.0,18.9,12.0,0.0,0.6,0.4,-179.2,-70.8,0.0,-95.9,26.0,96.5,12.0,0.3,0.6,0.5,-115.0,-67.1,0.0,-69.5,26.0,73.5,12.0,0.3,0.6,0.5,-96.2,-45.5,0.0,-52.7,11.0,61.1,10.0,0.0,0.6,0.3,-54.2,-31.7,4.0,-24.3,11.0,36.1,10.0,0.0,0.6,0.3,-28.3,-11.9,0.0,-17.4,10.0,21.0,12.0,0.0,0.6,0.4,-14.3,-9.3,2.1,-8.6,10.0,13.7,12.0,0.0,0.6,0.4,17.5,101.0,456.5,323.5,26.0,512.5,12.0,0.3,0.6,0.5,20.0,100.0,455.0,325.0,26.0,515.0,12.0,0.3,0.6,0.5
1974,2,267.0,11.0,26.6,27.15,27.7,27.12,26.0,0.51,16.0,0.5,0.6,0.3,26.63,27.8,30.0,28.06,28.0,1.75,16.0,0.5,0.7,0.3,15.24,17.09,19.31,17.41,11.0,2.75,16.0,0.5,0.7,0.5,67.3,72.3,87.3,75.7,11.0,11.1,16.0,0.5,0.5,2.66,3.6,7.64,4.73,27.0,2.77,16.0,0.5,0.7,0.3,-7.53,-2.56,0.0,-3.31,27.0,3.36,16.0,0.5,0.7,0.3,-3.09,-1.99,0.0,-1.82,27.0,2.18,16.0,0.5,0.7,0.3,1010.64,1012.5,1013.77,1012.4,28.0,1.49,16.0,0.5,0.7,0.3,0.0,2.0,3.0,1.8,28.0,1.4,16.0,0.5,0.7,0.3,-57.6,-8.4,0.0,-23.4,27.0,33.6,16.0,0.5,0.7,0.3,-15.3,-9.5,0.0,-11.1,27.0,23.9,16.0,0.5,0.7,0.3,-2.5,-0.5,0.7,-0.87,26.0,1.63,16.0,0.5,0.6,0.3,-8.0,-2.3,4.1,-2.9,25.0,6.4,18.0,0.6,0.6,0.3,3.53,4.86,7.49,5.24,11.0,2.89,16.0,0.5,0.7,0.5,5.0,23.2,36.8,24.6,11.0,23.0,16.0,0.5,0.7,0.5,-203.4,-73.4,0.0,-92.4,27.0,92.1,16.0,0.5,0.7,0.3,-91.1,-55.8,0.0,-51.5,27.0,60.0,16.0,0.5,0.7,0.3,-105.1,-35.2,4.1,-50.2,11.0,59.5,16.0,0.5,0.7,0.5,-58.0,-36.7,-7.5,-34.7,11.0,24.7,16.0,0.5,0.7,0.5,-33.5,-15.3,0.8,-17.2,11.0,25.2,16.0,0.5,0.7,0.5,-20.3,-11.6,0.0,-10.5,11.0,10.5,16.0,0.5,0.7,0.5,19.0,46.5,446.0,237.5,27.0,518.0,16.0,0.5,0.7,0.3,20.0,45.0,445.0,240.0,27.0,520.0,16.0,0.5,0.7,0.3
1974,2,267.0,12.0,26.1,27.5,28.5,27.43,31.0,1.38,14.0,0.3,0.6,0.5,25.65,26.7,28.9,27.18,34.0,1.54,14.0,0.3,0.6,0.5,15.21,16.98,18.28,17.06,26.0,1.65,14.0,0.3,0.6,0.5,66.8,76.4,85.0,76.3,27.0,8.5,14.0,0.3,0.6,0.0,2.6,5.92,3.09,36.0,2.69,14.0,0.3,0.6,0.5,-4.67,-0.26,1.26,-1.26,36.0,2.86,14.0,0.3,0.6,0.5,-3.12,-0.39,0.0,-1.07,36.0,2.47,14.0,0.3,0.6,0.5,1010.66,1011.9,1014.52,1012.32,35.0,1.83,14.0,0.3,0.6,0.5,0.0,1.0,3.0,1.4,35.0,1.5,14.0,0.3,0.6,0.5,-23.2,-0.4,2.6,-7.0,36.0,17.8,14.0,0.3,0.6,0.5,-13.0,-0.6,0.0,-5.9,36.0,18.6,14.0,0.3,0.6,0.5,-1.0,0.5,1.57,0.38,29.0,1.6,14.0,0.3,0.6,0.5,-2.7,0.0,2.9,0.8,29.0,9.2,14.0,0.3,0.6,0.5,3.84,5.41,7.73,5.76,25.0,2.74,14.0,0.2,0.6,0.6,0.0,8.1,29.2,16.4,25.0,23.1,14.0,0.2,0.6,0.6,-112.0,0.0,39.0,-28.5,34.0,74.9,14.0,0.3,0.6,0.5,-73.2,-5.7,0.0,-24.1,34.0,64.0,14.0,0.3,0.6,0.5,-60.7,-4.7,13.3,-21.0,26.0,43.3,14.0,0.3,0.6,0.5,-46.1,-11.0,0.0,-22.4,26.0,36.5,14.0,0.3,0.6,0.5,-21.3,0.0,4.8,-5.0,25.0,15.4,14.0,0.2,0.6,0.6,-14.1,-2.7,0.0,-8.9,25.0,21.6,14.0,0.2,0.6,0.6,0.0,17.5,209.0,104.5,36.0,180.5,14.0,0.3,0.6,0.5,0.0,20.0,210.0,105.0,36.0,180.0,14.0,0.3,0.6,0.5
1974,2,267.0,13.0,26.5,27.75,28.9,27.5,20.0,1.56,12.0,0.3,0.4,0.4,25.61,26.85,29.0,27.29,20.0,1.6,12.0,0.3,0.4,0.4,15.4,16.6,18.48,17.08,16.0,1.99,12.0,0.2,0.4,0.3,70.7,74.8,83.2,75.8,16.0,6.7,12.0,0.2,0.3,0.0,2.6,4.67,3.01,19.0,2.07,12.0,0.3,0.4,0.4,-2.74,0.0,3.47,0.16,19.0,3.25,12.0,0.3,0.4,0.4,-1.79,0.0,1.09,-0.41,19.0,1.75,12.0,0.3,0.4,0.4,1010.0,1012.2,1013.89,1011.94,20.0,2.17,12.0,0.3,0.4,0.4,0.0,1.0,2.1,1.2,19.0,1.5,12.0,0.3,0.4,0.4,-7.6,0.0,13.8,0.0,19.0,17.5,12.0,0.3,0.4,0.4,-7.5,0.0,2.9,-1.4,19.0,8.6,12.0,0.3,0.4,0.4,-1.99,0.2,2.2,0.22,20.0,1.92,12.0,0.3,0.4,0.4,-2.9,0.0,7.2,2.0,19.0,6.8,12.0,0.3,0.4,0.4,2.8,5.63,8.93,5.71,16.0,3.07,12.0,0.2,0.4,0.3,0.0,15.1,26.7,18.3,16.0,21.4,12.0,0.2,0.4,0.3,-78.2,0.0,90.2,2.2,19.0,87.2,12.0,0.3,0.4,0.4,-46.6,0.0,30.8,-10.2,19.0,45.7,12.0,0.3,0.4,0.4,-33.4,6.8,61.7,11.5,16.0,53.3,12.0,0.2,0.4,0.3,-34.8,-4.4,29.2,-6.7,16.0,31.1,12.0,0.2,0.4,0.3,-3.2,3.2,23.7,3.3,16.0,25.8,12.0,0.2,0.4,0.3,-10.0,-1.0,4.6,0.0,16.0,11.8,12.0,0.2,0.4,0.3,0.0,17.5,102.5,65.0,19.0,105.0,12.0,0.3,0.4,0.4,0.0,20.0,100.0,65.0,19.0,105.0,12.0,0.3,0.4,0.4
1974,2,267.0,14.0,26.7,27.8,27.84,27.45,13.0,0.7,14.0,0.5,0.7,0.3,26.47,27.9,29.4,27.82,12.0,1.39,14.0,0.5,0.7,0.2,15.59,16.66,19.16,17.0,9.0,1.92,14.0,0.3,0.6,0.3,66.5,75.4,83.5,75.4,9.0,9.9,14.0,0.3,0.3,2.1,2.6,4.97,3.38,9.0,1.7,14.0,0.6,0.6,0.4,-1.12,1.57,2.6,0.88,9.0,2.41,14.0,0.6,0.6,0.4,-4.63,-1.4,0.0,-1.92,9.0,2.21,14.0,0.6,0.6,0.4,1011.83,1013.2,1014.06,1013.04,13.0,1.36,14.0,0.5,0.7,0.3,0.0,1.0,2.0,1.4,11.0,1.4,16.0,0.6,0.7,0.2,-2.2,4.5,7.1,3.9,9.0,10.7,14.0,0.6,0.6,0.4,-24.1,-3.4,0.0,-9.3,9.0,12.2,14.0,0.6,0.6,0.4,-1.6,-0.8,1.53,-0.39,12.0,1.52,14.0,0.5,0.7,0.2,-4.9,-0.5,6.1,-0.4,8.0,5.9,14.0,0.5,0.6,0.3,3.97,5.93,7.49,5.73,9.0,2.19,14.0,0.3,0.6,0.3,15.3,23.7,32.7,22.8,7.0,10.9,14.0,0.4,0.6,0.3,-35.0,33.7,70.7,19.6,8.0,68.5,14.0,0.5,0.6,0.3,-132.6,-41.2,-2.4,-59.0,8.0,62.1,14.0,0.5,0.6,0.3,-23.6,14.6,38.6,5.2,7.0,46.5,14.0,0.4,0.6,0.3,-79.3,-28.2,-14.1,-42.7,7.0,33.5,14.0,0.4,0.6,0.3,-10.4,6.6,21.0,4.6,7.0,14.9,14.0,0.4,0.6,0.3,-26.2,-12.0,-5.2,-15.9,7.0,13.7,14.0,0.4,0.6,0.3,9.5,17.5,123.0,66.0,9.0,79.5,14.0,0.6,0.6,0.4,10.0,20.0,125.0,65.0,9.0,80.0,14.0,0.6,0.6,0.4
1974,2,267.0,15.0,27.8,27.8,27.8,27.8,1.0,0.0,6.0,0.0,0.3,0.6,27.9,27.9,27.9,27.9,1.0,0.0,6.0,0.0,0.3,0.6,17.46,17.46,17.46,17.46,1.0,0.0,6.0,0.0,0.3,0.6,74.3,74.3,74.3,74.3,1.0,0.0,6.0,0.0,0.6,2.6,2.6,2.6,2.6,1.0,0.0,6.0,0.0,0.3,0.6,2.56,2.56,2.56,2.56,1.0,0.0,6.0,0.0,0.3,0.6,0.45,0.45,0.45,0.45,1.0,0.0,6.0,0.0,0.3,0.6,1010.0,1010.0,1010.0,1010.0,1.0,0.0,6.0,0.0,0.3,0.6,0.0,0.0,0.0,0.0,1.0,0.0,6.0,0.0,0.3,0.6,6.7,6.7,6.7,6.7,1.0,0.0,6.0,0.0,0.3,0.6,1.2,1.2,1.2,1.2,1.0,0.0,6.0,0.0,0.3,0.6,-0.1,-0.1,-0.1,-0.1,1.0,0.0,6.0,0.0,0.3,0.6,-0.3,-0.3,-0.3,-0.3,1.0,0.0,6.0,0.0,0.3,0.6,6.0,6.0,6.0,6.0,1.0,0.0,6.0,0.0,0.3,0.6,15.6,15.6,15.6,15.6,1.0,0.0,6.0,0.0,0.3,0.6,71.4,71.4,71.4,71.4,1.0,0.0,6.0,0.0,0.3,0.6,12.6,12.6,12.6,12.6,1.0,0.0,6.0,0.0,0.3,0.6,44.7,44.7,44.7,44.7,1.0,0.0,6.0,0.0,0.3,0.6,7.9,7.9,7.9,7.9,1.0,0.0,6.0,0.0,0.3,0.6,15.4,15.4,15.4,15.4,1.0,0.0,6.0,0.0,0.3,0.6,2.7,2.7,2.7,2.7,1.0,0.0,6.0,0.0,0.3,0.6,17.5,17.5,17.5,17.5,1.0,0.0,6.0,0.0,0.3,0.6,20.0,20.0,20.0,20.0,1.0,0.0,6.0,0.0,0.3,0.6
1974,2,267.0,18.0,23.5,23.5,23.5,23.5,1.0,0.0,16.0,0.0,0.1,0.8,24.6,24.6,24.6,24.6,1.0,0.0,16.0,0.0,0.1,0.8,17.35,17.35,17.35,17.35,1.0,0.0,16.0,0.0,0.1,0.8,89.7,89.7,89.7,89.7,1.0,0.0,16.0,0.0,0.8,2.6,2.6,2.6,2.6,1.0,0.0,16.0,0.0,0.1,0.8,-2.44,-2.44,-2.44,-2.44,1.0,0.0,16.0,0.0,0.1,0.8,-0.89,-0.89,-0.89,-0.89,1.0,0.0,16.0,0.0,0.1,0.8,1010.2,1010.2,1010.2,1010.2,1.0,0.0,16.0,0.0,0.1,0.8,0.0,0.0,0.0,0.0,1.0,0.0,16.0,0.0,0.1,0.8,-6.4,-6.4,-6.4,-6.4,1.0,0.0,16.0,0.0,0.1,0.8,-2.3,-2.3,-2.3,-2.3,1.0,0.0,16.0,0.0,0.1,0.8,-1.1,-1.1,-1.1,-1.1,1.0,0.0,16.0,0.0,0.1,0.8,-2.9,-2.9,-2.9,-2.9,1.0,0.0,16.0,0.0,0.1,0.8,0.76,0.76,0.76,0.76,1.0,0.0,16.0,0.0,0.1,0.8,2.0,2.0,2.0,2.0,1.0,0.0,16.0,0.0,0.1,0.8,-60.1,-60.1,-60.1,-60.1,1.0,0.0,16.0,0.0,0.1,0.8,-21.9,-21.9,-21.9,-21.9,1.0,0.0,16.0,0.0,0.1,0.8,-42.4,-42.4,-42.4,-42.4,1.0,0.0,16.0,0.0,0.1,0.8,-15.4,-15.4,-15.4,-15.4,1.0,0.0,16.0,0.0,0.1,0.8,-1.9,-1.9,-1.9,-1.9,1.0,0.0,16.0,0.0,0.1,0.8,-0.7,-0.7,-0.7,-0.7,1.0,0.0,16.0,0.0,0.1,0.8,17.5,17.5,17.5,17.5,1.0,0.0,16.0,0.0,0.1,0.8,20.0,20.0,20.0,20.0,1.0,0.0,16.0,0.0,0.1,0.8
1974,2,267.0,19.0,24.25,24.8,24.94,24.6,3.0,0.53,10.0,0.3,0.7,0.3,22.45,23.0,25.25,23.83,3.0,2.17,10.0,0.3,0.7,0.3,18.47,18.47,18.47,18.47,1.0,0.0,8.0,0.0,0.7,0.2,86.1,86.1,86.1,86.1,1.0,0.0,8.0,0.0,0.2,5.08,7.2,8.22,6.67,3.0,2.35,10.0,0.3,0.7,0.3,-1.08,-0.71,-0.23,-0.65,3.0,0.63,10.0,0.3,0.7,0.3,-8.19,-7.09,0.51,-3.92,3.0,6.94,10.0,0.3,0.7,0.3,1012.98,1022.6,1024.92,1019.03,3.0,9.28,10.0,0.3,0.7,0.3,2.1,4.5,6.9,4.5,2.0,4.9,8.0,0.5,0.6,0.3,-7.1,-2.9,-0.9,-4.0,3.0,4.6,10.0,0.3,0.7,0.3,-67.9,-51.1,-4.9,-36.7,3.0,47.8,10.0,0.3,0.7,0.3,-0.57,1.0,2.09,0.77,3.0,1.96,10.0,0.3,0.7,0.3,-0.9,8.7,15.5,7.4,3.0,12.1,10.0,0.3,0.7,0.3,1.39,1.39,1.39,1.39,1.0,0.0,8.0,0.0,0.7,0.2,5.7,5.7,5.7,5.7,1.0,0.0,8.0,0.0,0.7,0.2,-24.9,-18.7,-5.9,-15.5,3.0,14.2,10.0,0.3,0.7,0.3,-186.6,-157.4,22.5,-83.8,3.0,165.9,10.0,0.3,0.7,0.3,-13.1,-13.1,-13.1,-13.1,1.0,0.0,8.0,0.0,0.7,0.2,74.6,74.6,74.6,74.6,1.0,0.0,8.0,0.0,0.7,0.2,-1.0,-1.0,-1.0,-1.0,1.0,0.0,8.0,0.0,0.7,0.2,5.6,5.6,5.6,5.6,1.0,0.0,8.0,0.0,0.7,0.2,165.5,373.0,568.0,367.0,3.0,295.0,10.0,0.3,0.7,0.3,165.0,375.0,570.0,365.0,3.0,295.0,10.0,0.3,0.7,0.3
1974,2,267.0,20.0,23.88,24.45,24.76,24.33,4.0,0.67,10.0,0.0,0.5,0.6,22.14,22.9,23.66,22.9,4.0,0.88,10.0,0.0,0.5,0.6,13.9,14.55,15.21,14.55,2.0,1.35,10.0,0.0,0.4,0.6,81.7,83.0,84.3,83.0,2.0,2.7,10.0,0.0,0.6,2.43,6.65,8.78,5.65,4.0,4.17,10.0,0.0,0.5,0.6,-8.42,-4.91,-0.83,-4.64,4.0,4.42,10.0,0.0,0.5,0.6,-4.03,-1.59,0.75,-1.64,4.0,2.85,10.0,0.0,0.5,0.6,1013.07,1017.1,1020.38,1016.73,3.0,5.36,10.0,0.0,0.6,0.6,0.0,2.0,5.6,2.8,4.0,3.4,10.0,0.0,0.5,0.6,-74.1,-37.6,-4.2,-39.1,4.0,40.6,10.0,0.0,0.5,0.6,-27.1,-12.2,6.1,-10.6,4.0,19.7,10.0,0.0,0.5,0.6,0.89,1.3,1.97,1.43,4.0,0.73,10.0,0.0,0.5,0.6,3.1,7.8,10.7,6.9,4.0,5.2,10.0,0.0,0.5,0.6,3.72,3.99,4.25,3.99,2.0,0.55,10.0,0.0,0.4,0.6,33.8,34.7,35.5,34.7,2.0,1.7,10.0,0.0,0.4,0.6,-194.7,-109.2,-18.3,-106.6,4.0,102.8,10.0,0.0,0.5,0.6,-91.3,-37.9,16.6,-37.3,4.0,64.0,10.0,0.0,0.5,0.6,-131.5,-122.7,-113.9,-122.7,2.0,18.2,10.0,0.0,0.4,0.6,-38.4,-15.0,8.5,-15.0,2.0,48.6,10.0,0.0,0.4,0.6,-34.7,-33.4,-32.1,-33.4,2.0,2.8,10.0,0.0,0.4,0.6,-8.6,-2.6,3.4,-2.6,2.0,12.5,10.0,0.0,0.4,0.6,63.0,342.0,684.0,372.0,4.0,372.0,10.0,0.0,0.5,0.6,65.0,340.0,685.0,370.0,4.0,370.0,10.0,0.0,0.5,0.6
1974,2,267.0,21.0,25.0,25.0,25.0,25.0,1.0,0.0,2.0,1.0,1.0,0.5,25.3,25.3,25.3,25.3,1.0,0.0,2.0,1.0,1.0,0.5,14.76,14.76,14.76,14.76,1.0,0.0,2.0,1.0,1.0,0.5,73.4,73.4,73.4,73.4,1.0,0.0,2.0,1.0,0.5,8.7,8.7,8.7,8.7,1.0,0.0,2.0,1.0,1.0,0.5,-4.35,-4.35,-4.35,-4.35,1.0,0.0,2.0,1.0,1.0,0.5,7.53,7.53,7.53,7.53,1.0,0.0,2.0,1.0,1.0,0.5,1010.6,1010.6,1010.6,1010.6,1.0,0.0,2.0,1.0,1.0,0.5,0.0,0.0,0.0,0.0,1.0,0.0,2.0,1.0,1.0,0.5,-37.8,-37.8,-37.8,-37.8,1.0,0.0,2.0,1.0,1.0,0.5,65.5,65.5,65.5,65.5,1.0,0.0,2.0,1.0,1.0,0.5,-0.3,-0.3,-0.3,-0.3,1.0,0.0,2.0,1.0,1.0,0.5,-2.6,-2.6,-2.6,-2.6,1.0,0.0,2.0,1.0,1.0,0.5,5.06,5.06,5.06,5.06,1.0,0.0,2.0,1.0,1.0,0.5,44.0,44.0,44.0,44.0,1.0,0.0,2.0,1.0,1.0,0.5,-110.1,-110.1,-110.1,-110.1,1.0,0.0,2.0,1.0,1.0,0.5,190.6,190.6,190.6,190.6,1.0,0.0,2.0,1.0,1.0,0.5,-64.2,-64.2,-64.2,-64.2,1.0,0.0,2.0,1.0,1.0,0.5,111.2,111.2,111.2,111.2,1.0,0.0,2.0,1.0,1.0,0.5,-22.0,-22.0,-22.0,-22.0,1.0,0.0,2.0,1.0,1.0,0.5,38.1,38.1,38.1,38.1,1.0,0.0,2.0,1.0,1.0,0.5,658.5,658.5,658.5,658.5,1.0,0.0,2.0,1.0,1.0,0.5,660.0,660.0,660.0,660.0,1.0,0.0,2.0,1.0,1.0,0.5
1974,2,267.0,22.0,23.32,24.0,25.37,24.33,3.0,1.53,16.0,0.7,0.5,0.2,23.38,24.2,24.4,23.9,3.0,0.79,16.0,0.7,0.5,0.2,16.5,16.5,16.5,16.5,1.0,0.0,20.0,1.0,0.4,0.0,86.0,86.0,86.0,86.0,1.0,0.0,20.0,1.0,0.0,4.73,5.0,8.41,6.53,3.0,3.01,16.0,0.7,0.5,0.2,-4.53,-3.52,-2.3,-3.42,3.0,1.63,16.0,0.7,0.5,0.2,-7.66,-2.96,-0.94,-4.27,3.0,5.05,16.0,0.7,0.5,0.2,1010.83,1011.1,1018.68,1014.67,3.0,6.53,16.0,0.7,0.5,0.2,0.6,2.0,5.4,3.0,3.0,3.6,16.0,0.7,0.5,0.2,-22.6,-17.4,-16.6,-19.5,3.0,4.8,16.0,0.7,0.5,0.2,-71.5,-13.6,-4.3,-37.4,3.0,53.4,16.0,0.7,0.5,0.2,-1.09,-0.2,1.98,0.43,3.0,2.32,16.0,0.7,0.5,0.2,-5.3,-2.0,9.6,2.0,3.0,11.5,16.0,0.7,0.5,0.2,1.05,1.05,1.05,1.05,1.0,0.0,20.0,1.0,0.4,0.0,4.8,4.8,4.8,4.8,1.0,0.0,20.0,1.0,0.4,0.0,-105.9,-86.3,-56.1,-81.1,3.0,36.8,16.0,0.7,0.5,0.2,-185.7,-72.4,-23.0,-103.6,3.0,122.2,16.0,0.7,0.5,0.2,-58.1,-58.1,-58.1,-58.1,1.0,0.0,20.0,1.0,0.4,0.0,-48.8,-48.8,-48.8,-48.8,1.0,0.0,20.0,1.0,0.4,0.0,-3.7,-3.7,-3.7,-3.7,1.0,0.0,20.0,1.0,0.4,0.0,-3.1,-3.1,-3.1,-3.1,1.0,0.0,20.0,1.0,0.4,0.0,106.0,125.0,722.5,407.5,3.0,513.5,16.0,0.7,0.5,0.2,105.0,125.0,720.0,405.0,3.0,515.0,16.0,0.7,0.5,0.2
1974,2,267.0,23.0,22.5,22.5,22.5,22.5,1.0,0.0,20.0,0.0,0.8,0.1,24.33,25.05,25.77,25.05,2.0,1.48,14.0,0.0,0.5,0.1,16.07,16.25,16.43,16.25,2.0,0.38,14.0,0.0,0.5,0.1,79.4,82.0,84.7,82.0,2.0,5.5,14.0,0.0,0.1,4.66,6.95,9.24,6.95,2.0,4.74,14.0,0.0,0.5,0.1,-3.8,-0.88,2.03,-0.88,2.0,6.03,14.0,0.0,0.5,0.1,-7.7,-5.08,-2.45,-5.08,2.0,5.44,14.0,0.0,0.5,0.1,1010.15,1010.9,1011.65,1010.9,2.0,1.56,14.0,0.0,0.5,0.1,3.2,3.5,3.8,3.5,2.0,0.7,14.0,0.0,0.5,0.1,-42.7,-20.4,1.8,-20.4,2.0,46.1,14.0,0.0,0.5,0.1,-78.0,-48.2,-18.3,-48.2,2.0,61.8,14.0,0.0,0.5,0.1,-1.5,-1.5,-1.5,-1.5,1.0,0.0,20.0,0.0,0.8,0.1,-15.4,-15.4,-15.4,-15.4,1.0,0.0,20.0,0.0,0.8,0.1,1.02,1.02,1.02,1.02,1.0,0.0,20.0,0.0,0.8,0.1,10.5,10.5,10.5,10.5,1.0,0.0,20.0,0.0,0.8,0.1,-90.0,-17.7,54.7,-17.7,2.0,149.8,14.0,0.0,0.5,0.1,-185.2,-123.1,-61.0,-123.1,2.0,128.7,14.0,0.0,0.5,0.1,-60.4,-13.2,34.0,-13.2,2.0,97.7,14.0,0.0,0.5,0.1,-123.2,-81.4,-39.7,-81.4,2.0,86.4,14.0,0.0,0.5,0.1,-5.2,-5.2,-5.2,-5.2,1.0,0.0,20.0,0.0,0.8,0.1,-9.1,-9.1,-9.1,-9.1,1.0,0.0,20.0,0.0,0.8,0.1,212.5,569.5,926.5,569.5,2.0,739.5,14.0,0.0,0.5,0.1,215.0,570.0,925.0,570.0,2.0,740.0,14.0,0.0,0.5,0.1
1974,2,267.0,24.0,24.32,25.0,25.68,25.0,2.0,1.41,24.0,0.0,0.8,0.8,19.84,22.5,23.52,21.7,3.0,2.79,18.0,0.0,0.7,0.8,9.71,12.7,15.69,12.7,2.0,6.2,16.0,0.0,0.5,0.8,67.8,77.6,87.4,77.6,2.0,20.2,16.0,0.0,0.8,4.22,7.7,8.59,6.43,3.0,3.38,18.0,0.0,0.7,0.8,-3.61,-3.08,0.16,-1.75,3.0,2.99,18.0,0.0,0.7,0.8,-6.41,-1.99,3.92,-1.26,3.0,7.59,18.0,0.0,0.7,0.8,1014.81,1018.7,1022.59,1018.7,2.0,8.06,16.0,0.0,0.5,0.8,0.0,0.0,5.5,2.7,3.0,4.6,18.0,0.0,0.7,0.8,-29.0,-27.7,-5.8,-17.7,3.0,19.1,18.0,0.0,0.7,0.8,-53.6,-5.2,33.4,-10.0,3.0,63.9,18.0,0.0,0.7,0.8,2.44,4.45,6.46,4.45,2.0,4.17,24.0,0.0,0.8,0.8,14.4,16.4,18.3,16.4,2.0,4.1,24.0,0.0,0.8,0.8,12.45,12.45,12.45,12.45,1.0,0.0,24.0,0.0,0.6,0.6,32.4,32.4,32.4,32.4,1.0,0.0,24.0,0.0,0.6,0.6,-85.1,-69.3,-0.8,-43.5,3.0,65.6,18.0,0.0,0.7,0.8,-141.6,-37.0,97.5,-22.4,3.0,175.6,18.0,0.0,0.7,0.8,-53.1,-25.9,1.2,-25.9,2.0,56.3,16.0,0.0,0.5,0.8,4.2,48.7,93.2,48.7,2.0,92.3,16.0,0.0,0.5,0.8,20.8,20.8,20.8,20.8,1.0,0.0,24.0,0.0,0.6,0.6,-24.8,-24.8,-24.8,-24.8,1.0,0.0,24.0,0.0,0.6,0.6,157.0,456.5,642.5,401.0,3.0,359.0,18.0,0.0,0.7,0.8,155.0,455.0,645.0,400.0,3.0,360.0,18.0,0.0,0.7,0.8
1974,2,267.0,25.0,21.7,21.8,24.77,22.73,9.0,1.68,12.0,0.1,0.7,0.6,19.0,20.0,22.79,20.74,10.0,3.02,12.0,0.1,0.7,0.5,7.41,10.6,12.44,10.55,9.0,2.96,12.0,0.1,0.7,0.6,60.3,73.3,75.8,69.3,9.0,9.1,12.0,0.1,0.6,4.81,6.2,10.67,6.84,10.0,3.57,12.0,0.1,0.7,0.5,-4.68,-3.99,-0.56,-3.03,10.0,2.66,12.0,0.1,0.7,0.5,-4.61,-0.41,5.41,0.04,10.0,6.89,12.0,0.1,0.7,0.5,1014.53,1017.75,1021.93,1018.14,10.0,4.9,12.0,0.1,0.7,0.5,0.8,4.0,6.0,3.9,9.0,2.7,12.0,0.1,0.7,0.6,-32.4,-22.3,-0.8,-22.4,10.0,26.1,12.0,0.1,0.7,0.5,-26.5,-3.1,38.6,0.7,10.0,77.4,12.0,0.1,0.7,0.5,-0.56,2.7,5.09,2.24,9.0,3.2,12.0,0.1,0.7,0.6,-6.4,10.5,26.4,15.3,9.0,30.0,12.0,0.1,0.7,0.6,3.66,5.89,9.15,6.65,9.0,3.6,12.0,0.1,0.7,0.6,16.4,28.0,61.7,40.2,9.0,33.0,12.0,0.1,0.7,0.6,-108.9,-83.1,-10.6,-66.8,10.0,59.0,12.0,0.1,0.7,0.5,-92.1,-8.6,129.8,16.2,10.0,136.8,12.0,0.1,0.7,0.5,-58.4,-41.4,-2.7,-32.9,9.0,29.0,12.0,0.1,0.7,0.6,-44.7,-17.0,69.6,-1.2,9.0,59.7,12.0,0.1,0.7,0.6,-23.7,-14.8,-0.9,-10.9,9.0,19.4,12.0,0.1,0.7,0.6,-49.2,-8.6,14.7,-17.5,9.0,45.3,12.0,0.1,0.7,0.6,112.5,238.5,1423.0,583.0,10.0,832.5,12.0,0.1,0.7,0.5,110.0,240.0,1425.0,585.0,10.0,835.0,12.0,0.1,0.7,0.5
1974,2,267.0,26.0,22.67,24.2,25.53,24.09,12.0,1.32,14.0,0.4,0.7,0.7,16.86,22.0,24.41,21.07,13.0,3.62,16.0,0.5,0.6,0.7,6.68,8.6,15.51,10.24,11.0,4.42,16.0,0.4,0.7,0.7,48.4,59.2,83.6,64.0,11.0,18.6,16.0,0.4,0.7,3.05,7.7,15.65,8.86,13.0,5.68,16.0,0.5,0.6,0.7,-3.39,0.45,5.22,0.39,13.0,4.06,16.0,0.5,0.6,0.7,-10.62,0.0,5.98,-0.88,13.0,9.99,16.0,0.5,0.6,0.7,1009.98,1020.0,1024.2,1018.64,13.0,6.58,16.0,0.5,0.6,0.7,1.9,5.0,7.0,4.7,13.0,2.6,16.0,0.5,0.6,0.7,-21.1,0.8,46.1,7.2,13.0,52.2,16.0,0.5,0.6,0.7,-116.8,0.0,47.8,-16.9,13.0,152.2,16.0,0.5,0.6,0.7,-0.68,1.7,8.38,2.85,12.0,4.36,14.0,0.4,0.7,0.7,-6.9,5.1,64.9,24.8,12.0,55.1,14.0,0.4,0.7,0.7,2.62,8.6,13.34,8.33,11.0,4.99,16.0,0.4,0.7,0.7,12.7,37.5,119.0,66.3,11.0,61.2,16.0,0.4,0.7,0.7,-81.0,10.4,115.0,6.6,13.0,84.2,16.0,0.5,0.6,0.7,-200.9,0.0,153.1,5.2,13.0,209.2,16.0,0.5,0.6,0.7,-19.1,4.2,29.7,-0.1,11.0,39.4,16.0,0.4,0.7,0.7,-63.3,0.0,105.9,25.3,11.0,114.9,16.0,0.4,0.7,0.7,-14.9,2.7,37.9,2.7,11.0,41.0,16.0,0.4,0.7,0.7,-102.8,0.0,30.1,-29.4,11.0,77.0,16.0,0.4,0.7,0.7,28.5,456.5,3860.5,1553.5,13.0,2148.5,16.0,0.5,0.6,0.7,30.0,455.0,3860.0,1555.0,13.0,2150.0,16.0,0.5,0.6,0.7
1974,2,267.0,27.0,18.02,22.3,23.9,21.44,33.0,2.63,14.0,0.3,0.7,0.6,15.0,20.0,23.07,19.52,32.0,3.91,16.0,0.3,0.6,0.6,7.52,9.86,14.69,10.47,29.0,3.68,16.0,0.3,0.7,0.5,55.2,69.6,83.8,69.4,29.0,14.9,16.0,0.3,0.5,3.84,7.2,10.92,7.19,31.0,3.37,16.0,0.3,0.6,0.5,-4.26,0.0,5.08,0.36,31.0,4.67,16.0,0.3,0.6,0.5,-6.77,1.99,7.25,0.49,31.0,6.53,16.0,0.3,0.6,0.5,1009.71,1018.6,1024.8,1017.89,31.0,7.23,16.0,0.3,0.7,0.5,0.1,3.0,6.0,3.5,33.0,2.5,14.0,0.3,0.7,0.6,-34.8,0.0,48.7,5.0,31.0,45.2,16.0,0.3,0.6,0.5,-69.8,5.2,59.4,-0.4,31.0,66.6,16.0,0.3,0.6,0.5,-3.03,2.1,6.3,1.83,32.0,4.88,16.0,0.3,0.6,0.6,-15.4,13.3,44.2,10.7,31.0,35.4,16.0,0.3,0.6,0.5,1.05,4.95,10.16,5.28,29.0,4.4,16.0,0.3,0.7,0.5,7.0,30.2,81.0,38.0,28.0,38.9,16.0,0.4,0.6,0.5,-86.5,0.0,111.4,12.1,31.0,92.5,16.0,0.3,0.6,0.5,-125.6,31.1,171.6,20.2,31.0,133.0,16.0,0.3,0.6,0.5,-40.9,2.8,66.9,9.9,28.0,52.4,16.0,0.4,0.6,0.5,-59.6,16.7,104.4,16.0,28.0,77.5,16.0,0.4,0.6,0.5,-29.2,0.0,22.1,-2.1,28.0,29.5,16.0,0.4,0.6,0.5,-30.7,3.2,35.8,-2.0,28.0,46.1,16.0,0.4,0.6,0.5,59.0,373.0,1303.5,608.5,31.0,624.0,16.0,0.3,0.6,0.5,60.0,375.0,1305.0,610.0,31.0,625.0,16.0,0.3,0.6,0.5
1974,2,267.0,28.0,17.8,20.25,22.2,20.14,38.0,2.14,14.0,0.3,0.5,0.3,14.4,18.9,22.83,18.65,38.0,4.09,14.0,0.3,0.5,0.3,5.66,11.9,14.48,10.53,33.0,4.22,12.0,0.3,0.5,0.3,56.4,81.1,86.9,74.8,33.0,17.1,12.0,0.3,0.3,5.1,7.7,12.85,8.05,39.0,3.21,14.0,0.3,0.5,0.3,-6.91,-1.74,3.9,-0.9,39.0,5.57,14.0,0.3,0.5,0.3,-7.12,3.66,7.57,1.1,39.0,6.6,14.0,0.3,0.5,0.3,1011.4,1017.6,1023.39,1017.83,39.0,6.39,14.0,0.3,0.5,0.3,1.0,3.0,7.0,3.8,38.0,2.7,14.0,0.3,0.5,0.3,-65.9,-6.7,28.7,-5.9,39.0,62.2,14.0,0.3,0.5,0.3,-66.3,16.7,58.3,1.0,39.0,69.1,14.0,0.3,0.5,0.3,-2.59,1.1,5.89,1.52,37.0,4.3,14.0,0.3,0.5,0.3,-18.0,4.0,42.5,14.0,37.0,36.3,14.0,0.3,0.5,0.3,-0.27,4.3,8.09,4.26,33.0,4.44,12.0,0.3,0.5,0.3,-2.2,28.1,88.6,37.1,33.0,42.4,12.0,0.3,0.5,0.3,-125.0,-36.7,74.8,-23.2,38.0,97.3,14.0,0.3,0.5,0.3,-105.3,75.5,157.3,39.5,38.0,117.8,14.0,0.3,0.5,0.3,-54.9,-24.7,38.8,-17.1,33.0,49.0,12.0,0.3,0.5,0.3,-56.7,46.3,93.7,29.2,33.0,66.1,12.0,0.3,0.5,0.3,-32.1,1.6,14.1,1.6,33.0,40.7,12.0,0.3,0.5,0.3,-52.2,-2.6,17.0,-14.0,33.0,36.8,12.0,0.3,0.5,0.3,132.5,456.5,2125.0,769.0,39.0,764.5,14.0,0.3,0.5,0.3,135.0,455.0,2125.0,770.0,39.0,765.0,14.0,0.3,0.5,0.3
1974,2,267.0,29.0,19.07,19.45,19.83,19.45,2.0,0.78,16.0,0.0,0.4,0.3,15.0,15.0,15.0,15.0,2.0,0.0,16.0,0.0,0.4,0.3,4.53,4.89,5.25,4.89,2.0,0.74,16.0,0.0,0.4,0.3,43.3,46.8,50.3,46.8,2.0,7.2,16.0,0.0,0.3,8.19,9.25,10.31,9.25,2.0,2.19,16.0,0.0,0.4,0.3,4.72,6.6,8.48,6.6,2.0,3.89,16.0,0.0,0.4,0.3,-6.47,-6.03,-5.6,-6.03,2.0,0.9,16.0,0.0,0.4,0.3,1020.89,1022.15,1023.41,1022.15,2.0,2.62,16.0,0.0,0.4,0.3,1.2,1.5,1.8,1.5,2.0,0.7,16.0,0.0,0.4,0.3,41.0,65.3,89.7,65.3,2.0,50.5,16.0,0.0,0.4,0.3,-57.2,-54.8,-52.5,-54.8,2.0,4.9,16.0,0.0,0.4,0.3,4.07,4.45,4.83,4.45,2.0,0.78,16.0,0.0,0.4,0.3,33.8,42.0,50.2,42.0,2.0,16.9,16.0,0.0,0.4,0.3,8.99,9.04,9.09,9.04,2.0,0.1,16.0,0.0,0.4,0.3,74.4,83.5,92.7,83.5,2.0,18.9,16.0,0.0,0.4,0.3,70.9,99.0,127.2,99.0,2.0,58.4,16.0,0.0,0.4,0.3,-97.0,-90.5,-84.0,-90.5,2.0,13.5,16.0,0.0,0.4,0.3,22.2,33.7,45.3,33.7,2.0,23.9,16.0,0.0,0.4,0.3,-29.2,-29.2,-29.1,-29.2,2.0,0.1,16.0,0.0,0.4,0.3,42.8,59.5,76.2,59.5,2.0,34.5,16.0,0.0,0.4,0.3,-58.8,-54.6,-50.4,-54.6,2.0,8.7,16.0,0.0,0.4,0.3,584.0,858.0,1132.0,858.0,2.0,568.0,16.0,0.0,0.4,0.3,585.0,860.0,1130.0,860.0,2.0,570.0,16.0,0.0,0.4,0.3
1974,2,268.0,-24.0,20.0,20.0,20.0,20.0,1.0,0.0,2.0,1.0,0.8,0.8,19.0,19.0,19.0,19.0,1.0,0.0,2.0,1.0,0.8,0.8,12.73,12.73,12.73,12.73,1.0,0.0,2.0,1.0,0.8,0.8,93.9,93.9,93.9,93.9,1.0,0.0,2.0,1.0,0.8,9.3,9.3,9.3,9.3,1.0,0.0,2.0,1.0,0.8,0.8,-9.3,-9.3,-9.3,-9.3,1.0,0.0,2.0,1.0,0.8,0.8,0.0,0.0,0.0,0.0,1.0,0.0,2.0,1.0,0.8,0.8,1020.0,1020.0,1020.0,1020.0,1.0,0.0,2.0,1.0,0.8,0.8,1.0,1.0,1.0,1.0,1.0,0.0,2.0,1.0,0.8,0.8,-86.5,-86.5,-86.5,-86.5,1.0,0.0,2.0,1.0,0.8,0.8,0.0,0.0,0.0,0.0,1.0,0.0,2.0,1.0,0.8,0.8,1.0,1.0,1.0,1.0,1.0,0.0,2.0,1.0,0.8,0.8,9.3,9.3,9.3,9.3,1.0,0.0,2.0,1.0,0.8,0.8,1.71,1.71,1.71,1.71,1.0,0.0,2.0,1.0,0.8,0.8,15.9,15.9,15.9,15.9,1.0,0.0,2.0,1.0,0.8,0.8,-176.7,-176.7,-176.7,-176.7,1.0,0.0,2.0,1.0,0.8,0.8,0.0,0.0,0.0,0.0,1.0,0.0,2.0,1.0,0.8,0.8,-118.4,-118.4,-118.4,-118.4,1.0,0.0,2.0,1.0,0.8,0.8,0.0,0.0,0.0,0.0,1.0,0.0,2.0,1.0,0.8,0.8,-15.9,-15.9,-15.9,-15.9,1.0,0.0,2.0,1.0,0.8,0.8,0.0,0.0,0.0,0.0,1.0,0.0,2.0,1.0,0.8,0.8,804.5,804.5,804.5,804.5,1.0,0.0,2.0,1.0,0.8,0.8,805.0,805.0,805.0,805.0,1.0,0.0,2.0,1.0,0.8,0.8
1974,2,268.0,-12.0,24.4,24.4,24.54,24.47,3.0,0.12,12.0,0.7,0.5,0.6,23.26,23.4,23.74,23.5,3.0,0.36,12.0,0.7,0.5,0.6,14.84,15.08,15.09,14.97,3.0,0.21,12.0,0.7,0.5,0.6,81.9,82.2,84.3,83.1,3.0,1.9,12.0,0.7,0.6,6.32,7.0,7.68,7.0,3.0,1.0,12.0,0.7,0.5,0.6,-5.84,-3.5,-3.16,-4.48,3.0,2.14,12.0,0.7,0.5,0.6,4.38,5.2,5.79,5.09,3.0,1.04,12.0,0.7,0.5,0.6,1012.5,1012.7,1013.86,1013.17,3.0,1.08,12.0,0.7,0.5,0.6,3.0,3.0,5.7,4.3,3.0,2.3,12.0,0.7,0.5,0.6,-45.6,-24.5,-20.1,-32.6,3.0,20.0,12.0,0.7,0.5,0.6,31.4,32.0,39.1,35.2,3.0,6.3,12.0,0.7,0.5,0.6,0.8,1.0,1.14,0.97,3.0,0.25,12.0,0.7,0.5,0.6,5.7,6.0,7.6,6.7,3.0,1.5,12.0,0.7,0.5,0.6,4.04,4.2,4.3,4.17,3.0,0.19,12.0,0.7,0.5,0.6,26.6,27.8,31.8,29.2,3.0,3.9,12.0,0.7,0.5,0.6,-138.8,-81.2,-73.7,-105.7,3.0,52.2,12.0,0.7,0.5,0.6,103.8,121.6,134.6,119.3,3.0,22.6,12.0,0.7,0.5,0.6,-88.1,-52.9,-47.0,-67.2,3.0,32.6,12.0,0.7,0.5,0.6,65.5,76.6,86.8,76.1,3.0,15.6,12.0,0.7,0.5,0.6,-24.3,-13.9,-13.3,-18.7,3.0,9.0,12.0,0.7,0.5,0.6,18.6,22.6,23.6,21.2,3.0,3.9,12.0,0.7,0.5,0.6,256.5,343.0,458.5,357.0,3.0,148.5,12.0,0.7,0.5,0.6,255.0,345.0,460.0,355.0,3.0,150.0,12.0,0.7,0.5,0.6
1974,2,268.0,-7.0,25.2,25.2,25.2,25.2,1.0,0.0,28.0,1.0,0.2,0.6,25.9,25.9,25.9,25.9,1.0,0.0,28.0,1.0,0.2,0.6,18.0,18.0,18.0,18.0,1.0,0.0,28.0,1.0,0.2,0.6,86.1,86.1,86.1,86.1,1.0,0.0,28.0,1.0,0.6,4.6,4.6,4.6,4.6,1.0,0.0,28.0,1.0,0.2,0.6,-2.96,-2.96,-2.96,-2.96,1.0,0.0,28.0,1.0,0.2,0.6,3.52,3.52,3.52,3.52,1.0,0.0,28.0,1.0,0.2,0.6,1009.9,1009.9,1009.9,1009.9,1.0,0.0,28.0,1.0,0.2,0.6,6.0,6.0,6.0,6.0,1.0,0.0,28.0,1.0,0.2,0.6,-13.6,-13.6,-13.6,-13.6,1.0,0.0,28.0,1.0,0.2,0.6,16.2,16.2,16.2,16.2,1.0,0.0,28.0,1.0,0.2,0.6,-0.7,-0.7,-0.7,-0.7,1.0,0.0,28.0,1.0,0.2,0.6,-3.2,-3.2,-3.2,-3.2,1.0,0.0,28.0,1.0,0.2,0.6,2.08,2.08,2.08,2.08,1.0,0.0,28.0,1.0,0.2,0.6,9.6,9.6,9.6,9.6,1.0,0.0,28.0,1.0,0.2,0.6,-76.6,-76.6,-76.6,-76.6,1.0,0.0,28.0,1.0,0.2,0.6,91.3,91.3,91.3,91.3,1.0,0.0,28.0,1.0,0.2,0.6,-53.2,-53.2,-53.2,-53.2,1.0,0.0,28.0,1.0,0.2,0.6,63.4,63.4,63.4,63.4,1.0,0.0,28.0,1.0,0.2,0.6,-6.1,-6.1,-6.1,-6.1,1.0,0.0,28.0,1.0,0.2,0.6,7.3,7.3,7.3,7.3,1.0,0.0,28.0,1.0,0.2,0.6,97.5,97.5,97.5,97.5,1.0,0.0,28.0,1.0,0.2,0.6,95.0,95.0,95.0,95.0,1.0,0.0,28.0,1.0,0.2,0.6
1974,2,268.0,-6.0,27.5,27.5,27.5,27.5,1.0,0.0,10.0,1.0,0.7,0.4,27.0,27.0,27.0,27.0,1.0,0.0,10.0,1.0,0.7,0.4,19.02,19.02,19.02,19.02,1.0,0.0,10.0,1.0,0.7,0.4,85.2,85.2,85.2,85.2,1.0,0.0,10.0,1.0,0.4,4.6,4.6,4.6,4.6,1.0,0.0,10.0,1.0,0.7,0.4,-3.98,-3.98,-3.98,-3.98,1.0,0.0,10.0,1.0,0.7,0.4,2.3,2.3,2.3,2.3,1.0,0.0,10.0,1.0,0.7,0.4,1009.4,1009.4,1009.4,1009.4,1.0,0.0,10.0,1.0,0.7,0.4,6.0,6.0,6.0,6.0,1.0,0.0,10.0,1.0,0.7,0.4,-18.3,-18.3,-18.3,-18.3,1.0,0.0,10.0,1.0,0.7,0.4,10.6,10.6,10.6,10.6,1.0,0.0,10.0,1.0,0.7,0.4,0.5,0.5,0.5,0.5,1.0,0.0,10.0,1.0,0.7,0.4,2.3,2.3,2.3,2.3,1.0,0.0,10.0,1.0,0.7,0.4,4.03,4.03,4.03,4.03,1.0,0.0,10.0,1.0,0.7,0.4,18.5,18.5,18.5,18.5,1.0,0.0,10.0,1.0,0.7,0.4,-107.6,-107.6,-107.6,-107.6,1.0,0.0,10.0,1.0,0.7,0.4,62.1,62.1,62.1,62.1,1.0,0.0,10.0,1.0,0.7,0.4,-75.8,-75.8,-75.8,-75.8,1.0,0.0,10.0,1.0,0.7,0.4,43.8,43.8,43.8,43.8,1.0,0.0,10.0,1.0,0.7,0.4,-16.1,-16.1,-16.1,-16.1,1.0,0.0,10.0,1.0,0.7,0.4,9.3,9.3,9.3,9.3,1.0,0.0,10.0,1.0,0.7,0.4,97.5,97.5,97.5,97.5,1.0,0.0,10.0,1.0,0.7,0.4,95.0,95.0,95.0,95.0,1.0,0.0,10.0,1.0,0.7,0.4
1974,2,268.0,-5.0,26.11,26.35,26.59,26.35,2.0,0.49,12.0,0.5,0.6,0.5,26.21,26.65,27.09,26.65,2.0,0.92,12.0,0.5,0.6,0.5,19.1,19.1,19.1,19.1,1.0,0.0,8.0,0.0,0.7,0.7,90.9,90.9,90.9,90.9,1.0,0.0,8.0,0.0,0.7,3.4,4.05,4.7,4.05,2.0,1.34,12.0,0.5,0.6,0.5,-2.95,-2.38,-1.81,-2.38,2.0,1.18,12.0,0.5,0.6,0.5,2.87,3.26,3.65,3.26,2.0,0.81,12.0,0.5,0.6,0.5,1009.01,1009.9,1010.79,1009.9,2.0,1.84,12.0,0.5,0.6,0.5,7.2,7.5,7.8,7.5,2.0,0.7,12.0,0.5,0.6,0.5,-14.3,-10.4,-6.6,-10.4,2.0,8.0,12.0,0.5,0.6,0.5,10.0,13.7,17.4,13.7,2.0,7.7,12.0,0.5,0.6,0.5,-0.98,-0.3,0.38,-0.3,2.0,1.41,12.0,0.5,0.6,0.5,-5.1,-2.2,0.8,-2.2,2.0,6.1,12.0,0.5,0.6,0.5,2.84,2.84,2.84,2.84,1.0,0.0,8.0,0.0,0.7,0.7,8.8,8.8,8.8,8.8,1.0,0.0,8.0,0.0,0.7,0.7,-80.2,-64.0,-47.8,-64.0,2.0,33.5,12.0,0.5,0.6,0.5,75.3,87.2,99.0,87.2,2.0,24.6,12.0,0.5,0.6,0.5,-29.6,-29.6,-29.6,-29.6,1.0,0.0,8.0,0.0,0.7,0.7,51.3,51.3,51.3,51.3,1.0,0.0,8.0,0.0,0.7,0.7,-4.4,-4.4,-4.4,-4.4,1.0,0.0,8.0,0.0,0.7,0.7,7.6,7.6,7.6,7.6,1.0,0.0,8.0,0.0,0.7,0.7,45.0,77.5,110.0,77.5,2.0,67.5,12.0,0.5,0.6,0.5,45.0,75.0,110.0,75.0,2.0,65.0,12.0,0.5,0.6,0.5
1974,2,268.0,-4.0,25.7,26.4,26.64,26.16,5.0,0.69,20.0,0.6,0.6,0.7,25.17,25.8,26.52,25.79,7.0,0.8,20.0,0.7,0.6,0.7,16.75,17.36,19.04,17.87,5.0,1.7,20.0,0.8,0.5,0.7,81.5,85.0,89.9,85.9,5.0,5.6,20.0,0.8,0.7,2.42,2.6,3.15,2.8,5.0,0.76,24.0,0.8,0.6,0.7,-2.85,-2.1,-0.9,-1.86,5.0,1.47,24.0,0.8,0.6,0.7,0.56,1.99,2.24,1.5,5.0,1.04,24.0,0.8,0.6,0.7,1008.56,1010.0,1011.11,1010.03,7.0,1.83,20.0,0.7,0.6,0.7,1.8,3.5,6.2,3.8,6.0,2.5,20.0,0.8,0.5,0.7,-9.3,-4.4,-2.3,-5.7,5.0,5.7,24.0,0.8,0.6,0.7,1.5,5.2,7.3,4.5,5.0,3.4,24.0,0.8,0.6,0.7,0.24,0.8,1.31,0.76,5.0,0.66,20.0,0.6,0.6,0.7,1.7,3.1,3.2,2.5,3.0,1.2,22.0,0.7,0.6,0.7,3.73,4.09,4.53,4.13,4.0,0.47,20.0,0.8,0.5,0.8,10.2,12.0,14.3,12.2,3.0,3.0,22.0,0.7,0.6,0.7,-73.0,-54.4,-23.7,-48.1,5.0,38.0,24.0,0.8,0.6,0.7,14.4,52.8,58.8,39.5,5.0,27.7,24.0,0.8,0.6,0.7,-53.9,-39.2,-35.2,-44.3,4.0,13.8,24.0,0.8,0.5,0.6,7.3,26.3,39.2,23.4,4.0,19.3,24.0,0.8,0.5,0.6,-12.6,-11.3,-9.9,-11.3,3.0,2.0,22.0,0.7,0.6,0.7,1.3,4.1,6.5,3.9,3.0,3.8,22.0,0.7,0.6,0.7,14.5,17.5,36.5,26.0,5.0,24.0,24.0,0.8,0.6,0.7,15.0,20.0,35.0,25.0,5.0,25.0,24.0,0.8,0.6,0.7
1974,2,268.0,-3.0,24.3,24.95,25.6,24.95,2.0,1.34,14.0,0.5,0.5,0.5,23.79,25.5,25.57,24.7,3.0,1.47,18.0,0.3,0.7,0.6,15.9,16.79,19.37,17.61,3.0,2.64,18.0,0.3,0.7,0.6,82.4,95.8,98.7,90.7,3.0,12.7,18.0,0.3,0.6,3.08,4.1,5.19,4.13,3.0,1.55,18.0,0.3,0.7,0.6,-3.16,-1.67,-1.21,-2.17,3.0,1.5,18.0,0.3,0.7,0.6,1.59,1.99,4.46,3.0,3.0,2.28,18.0,0.3,0.7,0.6,1010.7,1012.2,1012.61,1011.67,3.0,1.47,18.0,0.3,0.7,0.6,3.2,8.0,8.0,5.7,3.0,4.0,18.0,0.3,0.7,0.6,-12.6,-5.6,-4.8,-8.6,3.0,6.3,18.0,0.3,0.7,0.6,5.4,5.7,23.7,14.3,3.0,15.3,18.0,0.3,0.7,0.6,0.5,0.7,0.9,0.7,2.0,0.42,14.0,0.5,0.5,0.5,2.3,3.7,5.1,3.7,2.0,2.9,14.0,0.5,0.5,0.5,2.41,3.62,4.84,3.62,2.0,2.52,14.0,0.5,0.5,0.5,12.3,16.3,20.3,16.3,2.0,8.2,14.0,0.5,0.5,0.5,-80.6,-42.8,-29.1,-54.6,3.0,39.1,18.0,0.3,0.7,0.6,40.6,51.0,104.3,72.0,3.0,50.1,18.0,0.3,0.7,0.6,-51.6,-34.4,-22.3,-36.9,3.0,21.6,18.0,0.3,0.7,0.6,27.8,41.0,77.3,52.3,3.0,37.6,18.0,0.3,0.7,0.6,-17.8,-11.3,-4.8,-11.3,2.0,13.4,14.0,0.5,0.5,0.5,8.0,9.0,9.9,9.0,2.0,1.9,14.0,0.5,0.5,0.5,34.0,69.0,148.5,90.5,3.0,86.0,18.0,0.3,0.7,0.6,35.0,70.0,150.0,90.0,3.0,85.0,18.0,0.3,0.7,0.6
1974,2,268.0,-2.0,24.3,24.3,24.3,24.3,1.0,0.0,4.0,0.0,0.6,0.1,22.3,22.3,22.3,22.3,1.0,0.0,4.0,0.0,0.6,0.1,15.64,15.64,15.64,15.64,1.0,0.0,4.0,0.0,0.6,0.1,92.9,92.9,92.9,92.9,1.0,0.0,4.0,0.0,0.1,4.1,4.1,4.1,4.1,1.0,0.0,4.0,0.0,0.6,0.1,-2.64,-2.64,-2.64,-2.64,1.0,0.0,4.0,0.0,0.6,0.1,3.14,3.14,3.14,3.14,1.0,0.0,4.0,0.0,0.6,0.1,1009.0,1009.0,1009.0,1009.0,1.0,0.0,4.0,0.0,0.6,0.1,8.0,8.0,8.0,8.0,1.0,0.0,4.0,0.0,0.6,0.1,-10.8,-10.8,-10.8,-10.8,1.0,0.0,4.0,0.0,0.6,0.1,12.9,12.9,12.9,12.9,1.0,0.0,4.0,0.0,0.6,0.1,2.0,2.0,2.0,2.0,1.0,0.0,4.0,0.0,0.6,0.1,8.2,8.2,8.2,8.2,1.0,0.0,4.0,0.0,0.6,0.1,3.39,3.39,3.39,3.39,1.0,0.0,4.0,0.0,0.6,0.1,13.9,13.9,13.9,13.9,1.0,0.0,4.0,0.0,0.6,0.1,-58.8,-58.8,-58.8,-58.8,1.0,0.0,4.0,0.0,0.6,0.1,70.0,70.0,70.0,70.0,1.0,0.0,4.0,0.0,0.6,0.1,-41.2,-41.2,-41.2,-41.2,1.0,0.0,4.0,0.0,0.6,0.1,49.1,49.1,49.1,49.1,1.0,0.0,4.0,0.0,0.6,0.1,-8.9,-8.9,-8.9,-8.9,1.0,0.0,4.0,0.0,0.6,0.1,10.7,10.7,10.7,10.7,1.0,0.0,4.0,0.0,0.6,0.1,69.0,69.0,69.0,69.0,1.0,0.0,4.0,0.0,0.6,0.1,70.0,70.0,70.0,70.0,1.0,0.0,4.0,0.0,0.6,0.1
1974,2,268.0,-1.0,28.0,28.0,28.0,28.0,1.0,0.0,2.0,1.0,0.2,0.2,28.0,28.0,28.0,28.0,1.0,0.0,2.0,1.0,0.2,0.2,19.49,19.49,19.49,19.49,1.0,0.0,2.0,1.0,0.2,0.2,82.3,82.3,82.3,82.3,1.0,0.0,2.0,1.0,0.2,3.6,3.6,3.6,3.6,1.0,0.0,2.0,1.0,0.2,0.2,-1.8,-1.8,-1.8,-1.8,1.0,0.0,2.0,1.0,0.2,0.2,3.12,3.12,3.12,3.12,1.0,0.0,2.0,1.0,0.2,0.2,1009.2,1009.2,1009.2,1009.2,1.0,0.0,2.0,1.0,0.2,0.2,6.0,6.0,6.0,6.0,1.0,0.0,2.0,1.0,0.2,0.2,-6.5,-6.5,-6.5,-6.5,1.0,0.0,2.0,1.0,0.2,0.2,11.2,11.2,11.2,11.2,1.0,0.0,2.0,1.0,0.2,0.2,0.0,0.0,0.0,0.0,1.0,0.0,2.0,1.0,0.2,0.2,0.0,0.0,0.0,0.0,1.0,0.0,2.0,1.0,0.2,0.2,4.26,4.26,4.26,4.26,1.0,0.0,2.0,1.0,0.2,0.2,15.3,15.3,15.3,15.3,1.0,0.0,2.0,1.0,0.2,0.2,-50.4,-50.4,-50.4,-50.4,1.0,0.0,2.0,1.0,0.2,0.2,87.3,87.3,87.3,87.3,1.0,0.0,2.0,1.0,0.2,0.2,-35.1,-35.1,-35.1,-35.1,1.0,0.0,2.0,1.0,0.2,0.2,60.8,60.8,60.8,60.8,1.0,0.0,2.0,1.0,0.2,0.2,-7.7,-7.7,-7.7,-7.7,1.0,0.0,2.0,1.0,0.2,0.2,13.3,13.3,13.3,13.3,1.0,0.0,2.0,1.0,0.2,0.2,46.5,46.5,46.5,46.5,1.0,0.0,2.0,1.0,0.2,0.2,45.0,45.0,45.0,45.0,1.0,0.0,2.0,1.0,0.2,0.2
1974,2,268.0,0.0,24.32,25.0,26.02,25.17,3.0,1.26,12.0,0.3,0.5,0.2,23.32,24.0,25.37,24.33,3.0,1.53,12.0,0.3,0.5,0.2,16.19,16.49,17.47,16.82,3.0,0.98,12.0,0.3,0.5,0.2,86.2,88.6,90.8,88.5,3.0,3.4,12.0,0.3,0.2,2.18,2.35,2.52,2.35,2.0,0.35,18.0,0.5,0.5,0.3,-1.74,-1.03,-0.33,-1.03,2.0,1.46,18.0,0.5,0.5,0.3,0.72,1.48,2.25,1.48,2.0,1.58,18.0,0.5,0.5,0.3,1009.11,1011.7,1012.93,1011.03,3.0,2.86,12.0,0.3,0.5,0.2,3.2,8.0,8.0,5.7,3.0,4.0,12.0,0.3,0.5,0.2,-3.7,-2.2,-0.7,-2.2,2.0,3.1,18.0,0.5,0.5,0.3,1.7,3.8,5.8,3.8,2.0,4.2,18.0,0.5,0.5,0.3,0.16,0.5,1.52,0.83,3.0,1.04,12.0,0.3,0.5,0.2,1.7,3.1,4.5,3.1,2.0,2.9,18.0,0.5,0.5,0.3,2.64,3.71,3.79,3.23,3.0,0.94,12.0,0.3,0.5,0.2,8.3,8.8,9.4,8.8,2.0,1.1,18.0,0.5,0.5,0.3,-45.2,-26.9,-8.5,-26.9,2.0,38.0,18.0,0.5,0.5,0.3,17.5,34.6,51.8,34.6,2.0,35.6,18.0,0.5,0.5,0.3,-31.2,-18.5,-5.9,-18.5,2.0,26.2,18.0,0.5,0.5,0.3,12.1,24.1,36.2,24.1,2.0,24.9,18.0,0.5,0.5,0.3,-6.7,-4.0,-1.3,-4.0,2.0,5.6,18.0,0.5,0.5,0.3,2.7,5.5,8.3,5.5,2.0,5.8,18.0,0.5,0.5,0.3,10.5,13.5,16.5,13.5,2.0,6.0,18.0,0.5,0.5,0.3,10.0,15.0,15.0,15.0,2.0,5.0,18.0,0.5,0.5,0.3
1974,2,268.0,1.0,26.8,26.95,27.1,26.95,4.0,0.21,14.0,0.5,0.7,0.4,25.21,26.3,28.02,26.6,4.0,2.08,14.0,0.5,0.7,0.4,16.94,17.36,17.86,17.4,3.0,0.68,16.0,0.3,0.7,0.6,79.4,80.1,90.1,84.7,3.0,8.7,16.0,0.3,0.6,0.67,2.1,2.78,1.73,3.0,1.58,16.0,0.3,0.7,0.6,-0.92,0.0,2.12,0.58,3.0,2.28,16.0,0.3,0.7,0.6,0.0,0.0,1.1,0.54,3.0,0.93,16.0,0.3,0.7,0.6,1009.09,1010.2,1011.47,1010.28,4.0,1.43,14.0,0.5,0.7,0.4,1.9,4.0,4.0,3.0,4.0,2.0,14.0,0.5,0.7,0.4,-1.9,0.0,6.6,2.3,3.0,6.5,16.0,0.3,0.7,0.6,0.0,0.0,2.3,1.1,3.0,2.0,16.0,0.3,0.7,0.6,-1.07,0.55,1.75,0.35,4.0,2.18,14.0,0.5,0.7,0.4,0.3,1.1,1.6,1.0,3.0,0.9,16.0,0.3,0.7,0.6,4.68,5.02,5.18,4.93,3.0,0.37,16.0,0.3,0.7,0.6,3.3,10.5,14.5,8.9,3.0,8.3,16.0,0.3,0.7,0.6,-24.4,0.0,55.2,15.0,3.0,59.8,16.0,0.3,0.7,0.6,0.0,0.0,29.1,14.2,3.0,24.6,16.0,0.3,0.7,0.6,-16.0,0.0,35.4,9.5,3.0,38.6,16.0,0.3,0.7,0.6,0.0,0.0,19.1,9.3,3.0,16.1,16.0,0.3,0.7,0.6,-4.6,0.0,11.1,3.2,3.0,11.9,16.0,0.3,0.7,0.6,0.0,0.0,5.5,2.7,3.0,4.7,16.0,0.3,0.7,0.6,3.0,9.5,23.5,13.0,3.0,15.0,16.0,0.3,0.7,0.6,5.0,10.0,25.0,15.0,3.0,15.0,16.0,0.3,0.7,0.6
1974,2,268.0,2.0,26.03,26.1,26.71,26.37,3.0,0.55,20.0,0.3,0.5,0.5,25.64,26.9,28.52,27.08,4.0,1.7,20.0,0.5,0.7,0.5,18.31,19.0,19.49,18.91,4.0,0.83,20.0,0.5,0.7,0.5,77.0,85.5,92.3,84.7,4.0,8.9,20.0,0.5,0.5,1.0,2.05,3.1,2.05,4.0,1.21,20.0,0.5,0.7,0.5,-1.78,0.22,0.99,-0.37,4.0,1.84,20.0,0.5,0.7,0.5,-0.09,0.53,2.1,0.98,4.0,1.48,20.0,0.5,0.7,0.5,1008.41,1010.15,1011.79,1010.1,4.0,2.12,20.0,0.5,0.7,0.5,1.9,4.5,5.5,3.8,4.0,2.6,20.0,0.5,0.7,0.5,-5.5,-0.3,1.0,-2.2,4.0,4.7,20.0,0.5,0.7,0.5,-0.1,1.6,6.5,3.1,4.0,4.5,20.0,0.5,0.7,0.5,-0.59,0.3,0.44,-0.07,3.0,0.81,20.0,0.3,0.5,0.5,-0.5,0.5,0.8,0.1,3.0,1.0,20.0,0.3,0.5,0.5,2.1,2.16,3.82,2.94,3.0,1.43,20.0,0.3,0.5,0.5,2.9,4.6,5.8,4.4,3.0,2.1,20.0,0.3,0.5,0.5,-50.9,5.8,26.6,-11.3,4.0,52.4,20.0,0.5,0.7,0.5,-2.5,15.4,55.9,26.2,4.0,38.4,20.0,0.5,0.7,0.5,-35.1,3.6,18.2,-7.9,4.0,35.8,20.0,0.5,0.7,0.5,-1.6,10.5,40.6,19.1,4.0,28.3,20.0,0.5,0.7,0.5,-0.1,2.2,3.8,1.9,3.0,2.8,20.0,0.3,0.5,0.5,-0.5,0.0,4.3,1.8,3.0,3.9,20.0,0.3,0.5,0.5,1.0,15.5,30.0,15.5,4.0,16.5,20.0,0.5,0.7,0.5,0.0,15.0,30.0,15.0,4.0,15.0,20.0,0.5,0.7,0.5
1974,2,268.0,3.0,25.91,27.35,28.47,27.2,4.0,1.61,12.0,1.0,0.6,0.6,26.53,27.3,27.65,27.1,4.0,0.73,12.0,1.0,0.6,0.6,16.98,18.11,18.29,17.65,3.0,1.04,16.0,1.0,0.4,0.6,74.0,79.3,80.6,77.4,3.0,5.1,16.0,1.0,0.6,1.52,2.35,3.39,2.45,4.0,1.29,12.0,1.0,0.6,0.6,-1.07,0.43,1.46,0.2,4.0,1.71,12.0,1.0,0.6,0.6,-0.86,1.09,2.66,0.91,4.0,2.37,12.0,1.0,0.6,0.6,1010.38,1012.05,1013.3,1011.85,4.0,1.71,12.0,1.0,0.6,0.6,2.0,2.5,4.6,3.3,4.0,1.9,12.0,1.0,0.6,0.6,-4.4,0.4,3.1,-0.6,4.0,5.7,12.0,1.0,0.6,0.6,-2.1,2.4,9.7,3.7,4.0,8.0,12.0,1.0,0.6,0.6,-1.11,0.45,1.28,0.1,4.0,1.81,12.0,1.0,0.6,0.6,-0.7,1.4,2.8,1.1,4.0,2.6,12.0,1.0,0.6,0.6,4.1,5.27,6.4,5.25,3.0,1.69,16.0,1.0,0.4,0.6,7.0,14.5,19.4,13.2,3.0,9.1,16.0,1.0,0.4,0.6,-29.7,12.0,38.6,4.8,4.0,46.2,12.0,1.0,0.6,0.6,-23.1,28.7,72.3,24.8,4.0,64.6,12.0,1.0,0.6,0.6,-25.7,0.0,9.7,-7.8,3.0,26.8,16.0,1.0,0.4,0.6,-23.3,8.2,47.2,11.8,3.0,51.7,16.0,1.0,0.4,0.6,-7.4,0.0,2.1,-2.6,3.0,7.3,16.0,1.0,0.4,0.6,-9.4,1.8,13.3,2.0,3.0,16.6,16.0,1.0,0.4,0.6,5.0,13.5,44.5,24.0,4.0,30.5,12.0,1.0,0.6,0.6,5.0,15.0,45.0,25.0,4.0,30.0,12.0,1.0,0.6,0.6
1974,2,268.0,4.0,26.06,27.0,28.6,27.26,5.0,1.28,14.0,1.0,0.4,0.6,25.0,26.7,26.87,26.1,5.0,1.01,14.0,1.0,0.4,0.6,22.09,22.09,22.09,22.09,1.0,0.0,14.0,1.0,0.2,0.1,81.5,88.5,95.6,88.5,2.0,14.5,16.0,1.0,0.2,2.42,2.6,2.78,2.6,5.0,0.35,14.0,1.0,0.4,0.6,0.01,1.99,2.21,1.17,5.0,1.76,14.0,1.0,0.4,0.6,-1.73,0.0,1.67,-0.12,5.0,1.94,14.0,1.0,0.4,0.6,1009.18,1010.15,1010.7,1009.95,4.0,0.96,14.0,1.0,0.4,0.6,2.0,2.0,6.7,4.0,5.0,2.8,14.0,1.0,0.4,0.6,0.7,5.2,5.8,3.3,5.0,4.2,14.0,1.0,0.4,0.6,-4.7,0.0,4.3,-0.5,5.0,5.5,14.0,1.0,0.4,0.6,-0.75,0.2,3.6,1.16,5.0,2.27,14.0,1.0,0.4,0.6,-1.8,0.6,9.4,3.1,5.0,5.8,14.0,1.0,0.4,0.6,-1.03,-1.03,-1.03,-1.03,1.0,0.0,14.0,1.0,0.2,0.1,-2.2,-2.2,-2.2,-2.2,1.0,0.0,14.0,1.0,0.2,0.1,0.1,49.8,57.0,29.7,5.0,46.4,14.0,1.0,0.4,0.6,-46.5,0.0,41.8,-4.6,5.0,50.7,14.0,1.0,0.4,0.6,-40.2,-40.2,-40.2,-40.2,1.0,0.0,14.0,1.0,0.2,0.1,-23.2,-23.2,-23.2,-23.2,1.0,0.0,14.0,1.0,0.2,0.1,1.9,1.9,1.9,1.9,1.0,0.0,14.0,1.0,0.2,0.1,1.1,1.1,1.1,1.1,1.0,0.0,14.0,1.0,0.2,0.1,14.5,17.5,22.0,18.5,5.0,7.5,14.0,1.0,0.4,0.6,15.0,20.0,20.0,20.0,5.0,5.0,14.0,1.0,0.4,0.6
1974,2,268.0,5.0,26.48,26.65,26.82,26.65,2.0,0.35,14.0,0.5,0.6,0.4,26.29,26.9,27.51,26.9,2.0,1.27,14.0,0.5,0.6,0.4,16.79,16.79,16.79,16.79,1.0,0.0,14.0,1.0,0.5,0.8,80.1,80.1,80.1,80.1,1.0,0.0,14.0,1.0,0.8,2.84,3.35,3.86,3.35,2.0,1.06,14.0,0.5,0.6,0.4,-0.91,0.13,1.18,0.13,2.0,2.17,14.0,0.5,0.6,0.4,-2.93,-0.93,1.06,-0.93,2.0,4.13,14.0,0.5,0.6,0.4,1011.92,1011.95,1011.98,1011.95,2.0,0.07,14.0,0.5,0.6,0.4,2.5,3.5,4.5,3.5,2.0,2.1,14.0,0.5,0.6,0.4,-4.1,-0.7,2.7,-0.7,2.0,7.1,14.0,0.5,0.6,0.4,-12.5,-5.3,1.8,-5.3,2.0,14.8,14.0,0.5,0.6,0.4,-1.03,-0.25,0.53,-0.25,2.0,1.63,14.0,0.5,0.6,0.4,-2.5,0.0,2.5,0.0,2.0,5.2,14.0,0.5,0.6,0.4,5.4,5.4,5.4,5.4,1.0,0.0,14.0,1.0,0.5,0.8,22.1,22.1,22.1,22.1,1.0,0.0,14.0,1.0,0.5,0.8,-23.3,5.0,33.3,5.0,2.0,58.6,14.0,0.5,0.6,0.4,-75.5,-22.4,30.7,-22.4,2.0,110.0,14.0,0.5,0.6,0.4,-23.5,-23.5,-23.5,-23.5,1.0,0.0,14.0,1.0,0.5,0.8,-64.7,-64.7,-64.7,-64.7,1.0,0.0,14.0,1.0,0.5,0.8,-7.6,-7.6,-7.6,-7.6,1.0,0.0,14.0,1.0,0.5,0.8,-20.8,-20.8,-20.8,-20.8,1.0,0.0,14.0,1.0,0.5,0.8,25.5,43.0,61.0,43.0,2.0,36.5,14.0,0.5,0.6,0.4,25.0,45.0,60.0,45.0,2.0,35.0,14.0,0.5,0.6,0.4
1974,2,268.0,6.0,26.51,27.6,28.56,27.53,3.0,1.5,16.0,0.0,0.8,0.2,24.82,25.5,25.84,25.33,3.0,0.76,16.0,0.0,0.8,0.2,16.53,16.63,18.84,17.66,3.0,1.91,16.0,0.0,0.8,0.2,82.9,86.0,91.6,87.2,3.0,6.5,16.0,0.0,0.2,2.61,5.0,6.84,4.73,3.0,3.11,16.0,0.0,0.8,0.2,-4.26,-0.75,3.12,-0.57,3.0,5.41,16.0,0.0,0.8,0.2,-3.79,-1.3,0.18,-1.79,3.0,2.94,16.0,0.0,0.8,0.2,1008.58,1009.4,1010.97,1009.77,3.0,1.78,16.0,0.0,0.8,0.2,2.6,6.0,7.4,5.0,3.0,3.6,16.0,0.0,0.8,0.2,-31.4,-1.1,16.4,-7.3,3.0,35.4,16.0,0.0,0.8,0.2,-26.6,-1.9,2.3,-11.9,3.0,22.9,16.0,0.0,0.8,0.2,0.85,1.6,3.58,2.2,3.0,2.07,16.0,0.0,0.8,0.2,4.8,6.8,7.6,6.2,3.0,2.1,16.0,0.0,0.8,0.2,3.7,4.45,7.32,5.48,3.0,2.8,16.0,0.0,0.8,0.2,14.2,16.7,28.7,21.3,3.0,11.4,16.0,0.0,0.8,0.2,-108.5,-18.4,81.6,-13.6,3.0,139.3,16.0,0.0,0.8,0.2,-96.3,-31.8,5.3,-45.2,3.0,75.3,16.0,0.0,0.8,0.2,-70.9,-12.4,62.9,-4.2,3.0,98.2,16.0,0.0,0.8,0.2,-63.0,-21.4,5.0,-28.8,3.0,50.2,16.0,0.0,0.8,0.2,-20.0,-6.5,9.2,-5.4,3.0,21.4,16.0,0.0,0.8,0.2,-18.6,-11.2,-1.6,-10.1,3.0,12.5,16.0,0.0,0.8,0.2,42.0,125.0,351.5,195.0,3.0,234.5,16.0,0.0,0.8,0.2,40.0,125.0,350.0,195.0,3.0,235.0,16.0,0.0,0.8,0.2
1974,2,268.0,7.0,,,,,,,,,,,,,,,,,,,,,,,,,,,,,,,,,,,,,,,,4.1,4.1,4.1,4.1,1.0,0.0,20.0,1.0,1.0,0.5,-2.64,-2.64,-2.64,-2.64,1.0,0.0,20.0,1.0,1.0,0.5,-3.14,-3.14,-3.14,-3.14,1.0,0.0,20.0,1.0,1.0,0.5,1009.7,1009.7,1009.7,1009.7,1.0,0.0,20.0,1.0,1.0,0.5,,,,,,,,,,,,,,,,,,,,,,,,,,,,,,,,,,,,,,,,,,,,,,,,,,,,,,,,,,,,,,,,,,,,,,,,,,,,,,,,,,,,,,,,,,,,,,,,,,,,,,,,,,,,,,,,,,,,,,,,,,,,,,,,,,,,,,,,,,,,,,,,,,,,,,
1974,2,268.0,8.0,22.92,24.4,25.21,24.25,11.0,1.07,18.0,0.5,0.6,0.5,23.78,24.4,25.7,24.78,11.0,1.29,18.0,0.5,0.6,0.5,15.22,15.87,17.23,16.04,9.0,1.09,18.0,0.4,0.6,0.5,78.7,84.9,86.0,83.0,9.0,4.0,18.0,0.4,0.5,2.6,3.1,8.32,5.06,7.0,3.24,18.0,0.6,0.5,0.4,-7.21,0.0,2.56,-2.18,7.0,4.71,18.0,0.6,0.5,0.4,-4.16,-3.1,-0.41,-2.7,7.0,2.03,18.0,0.6,0.5,0.4,1010.17,1011.0,1012.62,1011.24,11.0,1.42,18.0,0.5,0.6,0.5,0.0,1.0,2.0,1.1,11.0,0.9,18.0,0.5,0.6,0.5,-60.3,0.0,6.7,-23.7,7.0,41.1,18.0,0.6,0.5,0.4,-34.8,-9.6,-1.1,-18.2,7.0,21.1,18.0,0.6,0.5,0.4,-1.64,-0.1,0.5,-0.54,11.0,1.33,18.0,0.5,0.6,0.5,-9.5,0.0,2.0,-2.1,7.0,7.9,18.0,0.6,0.5,0.4,1.92,2.75,3.14,2.76,9.0,1.28,18.0,0.4,0.6,0.5,7.0,13.9,33.3,20.7,5.0,22.6,20.0,0.6,0.5,0.5,-176.2,0.0,62.9,-52.8,7.0,117.8,18.0,0.6,0.5,0.4,-101.7,-80.1,-11.3,-67.3,7.0,50.3,18.0,0.6,0.5,0.4,-121.2,-64.5,16.8,-54.2,5.0,77.7,20.0,0.6,0.5,0.5,-69.9,-54.1,-34.2,-51.4,5.0,27.6,20.0,0.6,0.5,0.5,-28.8,-10.6,0.7,-15.2,5.0,21.7,20.0,0.6,0.5,0.5,-17.2,-9.0,-5.8,-11.6,5.0,10.9,20.0,0.6,0.5,0.5,17.5,30.0,585.0,291.0,7.0,469.0,18.0,0.6,0.5,0.4,20.0,30.0,585.0,290.0,7.0,470.0,18.0,0.6,0.5,0.4
1974,2,268.0,9.0,23.62,25.5,26.87,25.35,29.0,1.79,18.0,0.6,0.6,0.5,24.8,26.0,27.2,25.92,30.0,1.32,18.0,0.5,0.6,0.5,15.5,16.72,18.08,16.62,18.0,1.5,18.0,0.5,0.6,0.5,73.5,81.8,89.7,80.9,18.0,8.4,18.0,0.5,0.5,2.6,7.2,9.92,6.57,31.0,3.79,16.0,0.5,0.6,0.5,-8.07,-3.52,-0.86,-4.29,31.0,4.0,16.0,0.5,0.6,0.5,-6.52,-3.91,-1.2,-4.03,31.0,2.68,16.0,0.5,0.6,0.5,1010.45,1011.5,1013.1,1011.8,31.0,1.74,18.0,0.5,0.6,0.5,0.0,1.0,2.0,1.2,32.0,1.3,16.0,0.5,0.6,0.5,-81.0,-20.3,-1.9,-40.0,31.0,51.6,16.0,0.5,0.6,0.5,-55.7,-22.5,-2.8,-32.4,31.0,34.5,16.0,0.5,0.6,0.5,-2.0,-0.3,0.6,-0.56,28.0,1.53,18.0,0.6,0.6,0.5,-9.3,-0.8,3.1,-4.0,27.0,13.1,18.0,0.6,0.6,0.5,0.22,3.53,6.37,3.34,18.0,2.78,18.0,0.5,0.6,0.5,2.5,20.2,50.9,27.0,18.0,26.6,18.0,0.5,0.6,0.5,-243.4,-119.8,-27.3,-119.8,29.0,106.2,18.0,0.5,0.6,0.5,-185.7,-107.0,-40.3,-109.5,29.0,71.1,18.0,0.5,0.6,0.5,-157.8,-79.4,-20.8,-83.7,18.0,63.9,18.0,0.5,0.6,0.5,-120.8,-70.1,-37.0,-74.8,18.0,43.8,18.0,0.5,0.6,0.5,-35.4,-13.9,-1.1,-17.4,18.0,17.7,18.0,0.5,0.6,0.5,-34.7,-10.3,-1.9,-18.7,18.0,21.8,18.0,0.5,0.6,0.5,17.5,373.0,977.5,572.5,31.0,817.5,16.0,0.5,0.6,0.5,20.0,375.0,975.0,575.0,31.0,820.0,16.0,0.5,0.6,0.5
1974,2,268.0,10.0,26.47,26.9,27.57,26.97,24.0,1.05,14.0,0.5,0.5,0.4,25.0,26.4,28.9,26.89,26.0,1.79,14.0,0.5,0.5,0.4,15.12,16.89,17.75,16.4,11.0,1.47,14.0,0.2,0.6,0.4,72.4,75.6,91.9,78.9,11.0,9.5,14.0,0.2,0.4,3.08,6.2,8.2,5.79,24.0,2.6,14.0,0.4,0.5,0.4,-6.82,-5.27,-2.1,-4.79,24.0,2.62,14.0,0.4,0.5,0.4,-5.21,-1.08,0.0,-1.95,24.0,2.62,14.0,0.4,0.5,0.4,1009.8,1011.45,1012.52,1011.42,26.0,1.45,14.0,0.5,0.5,0.4,0.0,2.0,3.0,1.9,25.0,1.9,14.0,0.5,0.6,0.4,-48.2,-37.9,-4.4,-32.4,24.0,26.8,14.0,0.4,0.5,0.4,-39.7,-6.7,0.0,-15.0,24.0,21.7,14.0,0.4,0.5,0.4,-2.24,0.6,1.6,0.05,24.0,2.08,14.0,0.5,0.5,0.4,-16.6,2.1,10.2,-1.5,22.0,13.8,14.0,0.5,0.5,0.4,3.85,5.51,7.01,5.55,11.0,2.22,14.0,0.2,0.6,0.4,11.4,30.3,56.2,33.1,10.0,22.3,14.0,0.1,0.6,0.5,-189.0,-145.2,-57.9,-130.2,24.0,71.3,14.0,0.4,0.5,0.4,-143.1,-30.1,0.0,-53.5,24.0,72.0,14.0,0.4,0.5,0.4,-107.0,-77.1,-15.4,-70.0,10.0,53.9,14.0,0.1,0.6,0.5,-69.3,-18.7,0.0,-30.8,10.0,43.2,14.0,0.1,0.6,0.5,-50.9,-19.7,-4.1,-24.7,10.0,23.8,14.0,0.1,0.6,0.5,-17.9,-4.5,0.0,-9.1,10.0,19.5,14.0,0.1,0.6,0.5,33.5,238.5,551.5,301.0,24.0,303.5,14.0,0.4,0.5,0.4,35.0,240.0,550.0,300.0,24.0,305.0,14.0,0.4,0.5,0.4
1974,2,268.0,11.0,26.1,27.1,28.21,26.85,28.0,1.44,16.0,0.5,0.7,0.5,26.0,26.7,27.8,26.9,25.0,1.2,16.0,0.5,0.7,0.6,14.9,16.42,17.05,16.4,16.0,1.48,16.0,0.3,0.7,0.6,66.9,76.7,80.1,75.0,16.0,8.1,16.0,0.3,0.6,2.6,5.7,9.3,5.74,27.0,3.26,16.0,0.5,0.7,0.5,-9.14,-4.1,-0.7,-4.84,27.0,3.87,16.0,0.5,0.7,0.5,-3.49,-0.34,0.45,-1.16,27.0,2.01,16.0,0.5,0.7,0.5,1009.93,1011.9,1014.51,1012.1,27.0,1.93,16.0,0.5,0.7,0.5,0.0,0.0,2.0,0.9,28.0,1.4,16.0,0.5,0.7,0.5,-85.0,-19.9,-1.0,-38.9,27.0,40.4,16.0,0.5,0.7,0.5,-29.5,-0.3,1.2,-8.3,27.0,15.9,16.0,0.5,0.7,0.5,-1.1,0.0,1.51,-0.16,25.0,2.08,16.0,0.5,0.7,0.6,-7.5,0.0,6.3,-0.1,25.0,9.3,16.0,0.5,0.7,0.6,2.16,5.92,7.57,5.37,16.0,2.72,16.0,0.3,0.7,0.6,4.9,35.5,55.8,31.8,16.0,24.4,16.0,0.3,0.7,0.6,-250.2,-114.0,-21.9,-131.5,25.0,105.2,16.0,0.5,0.7,0.6,-91.0,0.0,16.4,-28.5,25.0,52.7,16.0,0.5,0.7,0.6,-150.0,-73.2,3.3,-76.0,16.0,70.2,16.0,0.3,0.7,0.6,-57.0,-2.9,4.7,-20.3,16.0,34.0,16.0,0.3,0.7,0.6,-51.9,-26.3,-0.2,-25.3,16.0,26.1,16.0,0.3,0.7,0.6,-26.3,-1.2,1.5,-8.5,16.0,15.4,16.0,0.3,0.7,0.6,17.5,185.0,804.5,369.5,27.0,437.5,16.0,0.5,0.7,0.5,20.0,185.0,805.0,370.0,27.0,440.0,16.0,0.5,0.7,0.5
1974,2,268.0,12.0,26.0,27.7,28.9,27.37,40.0,1.54,14.0,0.4,0.6,0.3,25.7,26.75,28.25,27.17,42.0,1.64,14.0,0.4,0.6,0.3,14.69,16.06,17.27,16.01,32.0,1.29,16.0,0.4,0.5,0.3,66.9,72.8,78.5,72.9,32.0,6.6,16.0,0.4,0.3,0.0,2.6,7.61,3.66,40.0,3.37,14.0,0.4,0.6,0.3,-6.58,-1.69,0.0,-2.63,40.0,3.44,14.0,0.4,0.6,0.3,-3.22,-0.67,0.0,-1.36,40.0,2.08,14.0,0.4,0.6,0.3,1011.07,1012.5,1014.39,1012.41,41.0,2.13,14.0,0.4,0.6,0.3,0.0,1.0,3.0,1.5,42.0,1.6,14.0,0.4,0.6,0.3,-50.2,-3.8,0.0,-19.6,40.0,32.7,14.0,0.4,0.6,0.3,-19.3,-0.9,0.0,-9.4,40.0,21.1,14.0,0.4,0.6,0.3,-1.59,0.1,1.96,0.25,40.0,1.99,14.0,0.4,0.6,0.3,-3.6,0.0,4.5,0.2,38.0,8.4,14.0,0.4,0.6,0.3,4.37,6.77,8.68,6.69,32.0,2.42,16.0,0.4,0.5,0.3,0.0,20.8,44.4,23.9,30.0,25.3,16.0,0.4,0.5,0.3,-172.1,-45.0,0.0,-71.9,40.0,93.7,14.0,0.4,0.6,0.3,-84.6,-17.4,0.0,-36.7,40.0,55.7,14.0,0.4,0.6,0.3,-100.7,-29.5,0.0,-38.6,30.0,51.0,16.0,0.4,0.5,0.3,-49.3,-9.8,0.0,-19.0,30.0,25.1,16.0,0.4,0.5,0.3,-44.0,-10.3,0.0,-18.1,30.0,25.8,16.0,0.4,0.5,0.3,-16.9,-2.1,0.0,-8.3,30.0,12.6,16.0,0.4,0.5,0.3,0.0,17.5,441.0,204.0,40.0,435.0,14.0,0.4,0.6,0.3,0.0,20.0,440.0,205.0,40.0,435.0,14.0,0.4,0.6,0.3
1974,2,268.0,13.0,26.96,28.3,28.9,28.07,10.0,0.96,14.0,0.1,0.5,0.6,26.63,27.8,29.06,27.78,10.0,1.28,14.0,0.1,0.5,0.6,13.75,15.01,16.7,15.13,9.0,1.51,14.0,0.1,0.5,0.6,60.0,63.7,75.0,66.1,9.0,7.5,14.0,0.1,0.6,1.21,2.6,5.37,3.24,10.0,2.4,14.0,0.1,0.5,0.6,-1.99,-0.87,2.7,0.32,10.0,2.86,14.0,0.1,0.5,0.6,-0.66,0.55,2.07,0.09,10.0,3.03,14.0,0.1,0.5,0.6,1010.5,1012.25,1013.31,1012.0,10.0,2.05,14.0,0.1,0.5,0.6,0.0,1.0,2.0,1.0,10.0,1.1,14.0,0.1,0.5,0.6,-5.7,-0.9,16.0,4.6,10.0,15.3,14.0,0.1,0.5,0.6,-1.0,0.9,6.1,-2.5,10.0,22.4,14.0,0.1,0.5,0.6,-0.67,0.55,1.16,0.29,10.0,1.02,14.0,0.1,0.5,0.6,-1.5,0.9,3.6,1.0,10.0,2.7,14.0,0.1,0.5,0.6,6.69,8.67,11.22,8.65,9.0,2.35,14.0,0.1,0.5,0.6,10.3,27.8,36.5,26.3,9.0,15.7,14.0,0.1,0.5,0.6,-55.4,-24.1,71.2,7.2,10.0,78.3,14.0,0.1,0.5,0.6,-18.8,14.7,57.6,3.3,10.0,80.0,14.0,0.1,0.5,0.6,-27.7,-14.0,42.9,3.5,9.0,47.1,14.0,0.1,0.5,0.6,-14.1,8.8,28.7,1.2,9.0,48.5,14.0,0.1,0.5,0.6,-23.2,-6.9,19.2,-3.4,9.0,21.3,14.0,0.1,0.5,0.6,-5.5,5.8,17.8,2.5,9.0,23.5,14.0,0.1,0.5,0.6,2.0,17.5,192.0,98.0,10.0,183.5,14.0,0.1,0.5,0.6,0.0,20.0,190.0,100.0,10.0,185.0,14.0,0.1,0.5,0.6
1974,2,268.0,14.0,,,,,,,,,,,,,,,,,,,,,,,,,,,,,,,,,,,,,,,,1.51,2.6,4.31,2.9,3.0,2.07,10.0,1.0,0.3,0.0,0.28,0.89,0.89,0.59,3.0,0.51,10.0,1.0,0.3,0.0,-3.11,1.0,1.99,-0.53,3.0,3.96,10.0,1.0,0.3,0.0,1013.15,1015.2,1015.2,1014.2,3.0,1.73,10.0,1.0,0.3,0.0,,,,,,,,,,,,,,,,,,,,,,,,,,,,,,,,,,,,,,,,,,,,,,,,,,,,,,,,,,,,,,,,,,,,,,,,,,,,,,,,,,,,,,,,,,,,,,,,,,,,,,,,,,,,,,,,,,,,,,,,,,,,,,,,,,,,,,,,,,,,,,,,,,,,,,
1974,2,268.0,19.0,24.0,24.5,24.6,24.41,22.0,0.43,10.0,0.3,0.8,0.6,21.23,22.6,26.0,22.96,22.0,2.14,10.0,0.3,0.8,0.6,12.75,14.54,17.5,14.77,16.0,2.52,10.0,0.3,0.9,0.6,74.1,83.0,90.0,82.1,16.0,8.9,10.0,0.3,0.6,2.48,5.9,11.54,7.11,16.0,4.66,10.0,0.4,0.7,0.5,-2.46,-1.79,0.0,-1.47,16.0,1.33,10.0,0.4,0.7,0.5,-11.43,-3.59,1.72,-4.88,16.0,6.8,10.0,0.4,0.7,0.5,1010.0,1018.55,1023.4,1017.37,22.0,6.03,10.0,0.3,0.8,0.6,2.0,4.0,8.0,4.8,16.0,2.8,10.0,0.3,0.9,0.7,-18.7,-7.0,0.0,-8.5,16.0,8.6,10.0,0.4,0.7,0.5,-132.2,-16.2,4.9,-60.0,16.0,81.2,10.0,0.4,0.7,0.5,-1.43,1.9,3.2,1.45,22.0,2.16,10.0,0.3,0.8,0.6,-0.3,14.9,40.0,16.1,16.0,20.7,10.0,0.4,0.7,0.5,1.72,4.3,6.11,4.26,16.0,2.46,10.0,0.3,0.9,0.6,5.6,12.7,64.5,30.6,10.0,33.4,10.0,0.5,0.9,0.6,-51.1,-38.1,0.0,-33.5,16.0,31.5,10.0,0.4,0.7,0.5,-248.9,-74.7,39.6,-102.2,16.0,151.9,10.0,0.4,0.7,0.5,-47.1,-22.2,0.0,-22.6,10.0,23.8,10.0,0.5,0.9,0.6,-172.9,-14.3,46.7,-37.7,10.0,107.8,10.0,0.5,0.9,0.6,-12.5,-4.6,0.0,-6.2,10.0,7.5,10.0,0.5,0.9,0.6,-63.9,-1.5,7.2,-22.5,10.0,38.6,10.0,0.5,0.9,0.6,17.0,216.5,1550.0,810.5,16.0,1039.5,10.0,0.4,0.7,0.5,15.0,215.0,1550.0,810.0,16.0,1040.0,10.0,0.4,0.7,0.5
1974,2,268.0,20.0,,,,,,,,,,,,,,,,,,,,,,,,,,,,,,,,,,,,,,,,6.2,6.2,6.2,6.2,1.0,0.0,12.0,1.0,0.6,0.3,-2.12,-2.12,-2.12,-2.12,1.0,0.0,12.0,1.0,0.6,0.3,-5.83,-5.83,-5.83,-5.83,1.0,0.0,12.0,1.0,0.6,0.3,1024.7,1024.7,1024.7,1024.7,1.0,0.0,12.0,1.0,0.6,0.3,,,,,,,,,,,,,,,,,,,,,,,,,,,,,,,,,,,,,,,,,,,,,,,,,,,,,,,,,,,,,,,,,,,,,,,,,,,,,,,,,,,,,,,,,,,,,,,,,,,,,,,,,,,,,,,,,,,,,,,,,,,,,,,,,,,,,,,,,,,,,,,,,,,,,,
1974,2,268.0,21.0,23.8,24.6,24.81,24.4,7.0,0.48,12.0,0.4,0.5,0.4,20.77,21.2,23.5,22.14,7.0,1.87,12.0,0.4,0.5,0.4,10.62,13.54,14.32,12.55,5.0,2.88,12.0,0.4,0.5,0.3,62.6,78.9,82.0,73.3,5.0,12.7,12.0,0.4,0.3,1.0,5.0,6.35,4.39,7.0,2.97,12.0,0.4,0.5,0.4,-4.46,-3.28,-0.31,-2.83,7.0,2.63,12.0,0.4,0.5,0.4,-3.95,-2.5,1.18,-1.16,7.0,3.67,12.0,0.4,0.5,0.4,1016.14,1021.9,1023.2,1020.36,7.0,3.39,12.0,0.4,0.5,0.4,1.3,3.0,5.4,3.2,5.0,2.4,12.0,0.4,0.6,0.5,-26.7,-16.7,-0.3,-18.9,7.0,23.3,12.0,0.4,0.5,0.4,-20.4,-9.0,3.6,-2.2,7.0,27.6,12.0,0.4,0.5,0.4,0.87,3.4,3.47,2.26,7.0,2.19,12.0,0.4,0.5,0.4,2.5,5.0,15.3,5.3,7.0,10.9,12.0,0.4,0.5,0.4,4.42,4.72,8.67,6.4,5.0,3.19,12.0,0.4,0.5,0.3,17.4,24.5,39.2,27.0,5.0,14.1,12.0,0.4,0.5,0.3,-102.7,-68.2,-6.6,-66.2,7.0,65.8,12.0,0.4,0.5,0.4,-82.7,-57.0,26.3,-22.2,7.0,87.8,12.0,0.4,0.5,0.4,-74.7,-58.6,-3.8,-44.4,5.0,41.7,12.0,0.4,0.5,0.3,-48.4,-22.9,37.1,-7.5,5.0,58.3,12.0,0.4,0.5,0.3,-25.2,-15.7,-7.1,-16.0,5.0,13.0,12.0,0.4,0.5,0.3,-24.4,-11.7,14.4,-6.0,5.0,24.1,12.0,0.4,0.5,0.3,1.0,125.0,265.5,190.5,7.0,284.0,12.0,0.4,0.5,0.4,0.0,125.0,265.0,190.0,7.0,285.0,12.0,0.4,0.5,0.4
1974,2,268.0,22.0,22.63,24.0,26.18,24.4,3.0,2.62,18.0,0.3,0.6,0.2,22.0,22.0,23.57,22.77,3.0,1.33,18.0,0.3,0.6,0.2,16.58,16.58,16.58,16.58,1.0,0.0,20.0,0.0,0.8,0.2,87.0,87.0,87.0,87.0,1.0,0.0,20.0,0.0,0.2,3.63,8.2,13.52,8.57,3.0,7.26,18.0,0.3,0.6,0.2,-8.37,0.0,0.96,-3.62,3.0,7.52,18.0,0.3,0.6,0.2,-9.62,-8.2,-2.25,-5.99,3.0,5.73,18.0,0.3,0.6,0.2,1010.82,1021.2,1021.75,1016.4,3.0,9.02,18.0,0.3,0.6,0.2,6.3,7.0,7.7,7.0,3.0,1.0,18.0,0.3,0.6,0.2,-133.9,0.0,1.4,-64.7,3.0,113.8,18.0,0.3,0.6,0.2,-133.7,-67.2,-20.8,-77.0,3.0,83.1,18.0,0.3,0.6,0.2,0.63,2.0,2.61,1.63,3.0,1.48,18.0,0.3,0.6,0.2,1.4,4.4,12.6,6.9,3.0,8.5,18.0,0.3,0.6,0.2,6.14,6.14,6.14,6.14,1.0,0.0,20.0,0.0,0.8,0.2,9.2,9.2,9.2,9.2,1.0,0.0,20.0,0.0,0.8,0.2,-184.1,0.0,23.4,-78.5,3.0,166.5,18.0,0.3,0.6,0.2,-211.7,-180.4,-48.7,-131.4,3.0,126.7,18.0,0.3,0.6,0.2,23.4,23.4,23.4,23.4,1.0,0.0,20.0,0.0,0.8,0.2,8.5,8.5,8.5,8.5,1.0,0.0,20.0,0.0,0.8,0.2,8.7,8.7,8.7,8.7,1.0,0.0,20.0,0.0,0.8,0.2,3.2,3.2,3.2,3.2,1.0,0.0,20.0,0.0,0.8,0.2,177.5,551.5,2971.0,1550.0,3.0,2221.5,18.0,0.3,0.6,0.2,175.0,550.0,2970.0,1550.0,3.0,2220.0,18.0,0.3,0.6,0.2
1974,2,268.0,24.0,21.94,22.6,24.47,23.18,4.0,1.83,14.0,0.3,0.8,0.6,17.48,20.0,22.94,20.2,4.0,3.23,14.0,0.3,0.8,0.6,6.61,7.87,11.24,8.88,4.0,3.12,14.0,0.3,0.8,0.6,54.0,55.1,64.3,59.0,4.0,9.2,14.0,0.3,0.6,7.94,8.45,9.54,8.73,4.0,1.13,14.0,0.3,0.8,0.6,-5.29,-3.37,1.3,-2.06,4.0,4.43,14.0,0.3,0.8,0.6,-8.7,-6.88,-6.26,-7.45,4.0,1.86,14.0,0.3,0.8,0.6,1016.0,1020.85,1024.07,1020.08,4.0,5.31,14.0,0.3,0.8,0.6,1.4,5.0,7.5,4.5,4.0,3.7,14.0,0.3,0.8,0.6,-43.6,-28.3,8.8,-17.9,4.0,36.6,14.0,0.3,0.8,0.6,-82.5,-58.1,-51.4,-66.5,4.0,26.0,14.0,0.3,0.8,0.6,-0.62,3.1,6.56,2.98,4.0,4.39,14.0,0.3,0.8,0.6,-5.9,30.6,59.0,26.7,4.0,38.7,14.0,0.3,0.8,0.6,5.51,9.22,11.98,8.77,4.0,4.55,14.0,0.3,0.8,0.6,43.9,84.0,108.2,76.4,4.0,40.2,14.0,0.3,0.8,0.6,-121.6,-69.6,24.2,-49.6,4.0,93.2,14.0,0.3,0.8,0.6,-165.9,-144.2,-128.8,-147.2,4.0,22.0,14.0,0.3,0.8,0.6,-60.1,-28.2,8.8,-25.8,4.0,43.7,14.0,0.3,0.8,0.6,-77.8,-59.8,-50.3,-63.8,4.0,18.0,14.0,0.3,0.8,0.6,-30.5,-16.8,22.1,-4.7,4.0,42.6,14.0,0.3,0.8,0.6,-99.7,-74.0,-33.7,-67.0,4.0,39.8,14.0,0.3,0.8,0.6,501.5,605.0,886.0,690.0,4.0,281.0,14.0,0.3,0.8,0.6,500.0,605.0,885.0,690.0,4.0,280.0,14.0,0.3,0.8,0.6
1974,2,268.0,25.0,20.77,21.1,24.26,22.1,10.0,2.35,18.0,0.2,0.5,0.2,16.64,21.25,24.67,21.08,10.0,4.34,18.0,0.2,0.5,0.2,6.48,10.36,14.26,10.55,10.0,3.75,18.0,0.2,0.5,0.2,57.4,64.9,75.6,65.4,10.0,10.2,18.0,0.2,0.2,6.21,8.2,10.3,8.68,10.0,3.03,18.0,0.2,0.5,0.2,-7.26,-5.21,-3.22,-4.07,10.0,4.45,18.0,0.2,0.5,0.2,-7.79,3.08,6.48,0.32,10.0,7.39,18.0,0.2,0.5,0.2,1012.51,1016.9,1025.72,1018.34,10.0,6.96,18.0,0.2,0.5,0.2,0.5,2.0,4.7,2.7,9.0,2.1,18.0,0.2,0.6,0.2,-56.6,-43.2,-17.4,-27.7,10.0,54.9,18.0,0.2,0.5,0.2,-74.6,15.3,61.0,-8.8,10.0,86.8,18.0,0.2,0.5,0.2,-1.63,0.5,4.19,1.02,10.0,3.37,18.0,0.2,0.5,0.2,-15.5,2.8,37.7,10.2,10.0,31.1,18.0,0.2,0.5,0.2,3.18,6.72,8.62,6.08,10.0,2.78,18.0,0.2,0.5,0.2,24.6,45.8,83.7,54.3,10.0,36.8,18.0,0.2,0.5,0.2,-178.2,-79.3,-68.4,-90.2,10.0,99.4,18.0,0.2,0.5,0.2,-110.4,62.1,151.4,25.9,10.0,146.9,18.0,0.2,0.5,0.2,-103.5,-43.1,-27.9,-50.5,10.0,48.0,18.0,0.2,0.5,0.2,-49.7,25.4,84.1,22.2,10.0,69.5,18.0,0.2,0.5,0.2,-46.2,-21.2,-12.4,-20.2,10.0,34.4,18.0,0.2,0.5,0.2,-69.5,8.5,28.9,-11.1,10.0,53.4,18.0,0.2,0.5,0.2,271.5,551.5,1092.5,889.0,10.0,1029.0,18.0,0.2,0.5,0.2,270.0,550.0,1095.0,890.0,10.0,1030.0,18.0,0.2,0.5,0.2
1974,2,268.0,26.0,21.94,23.7,25.0,23.31,31.0,2.03,14.0,0.3,0.7,0.5,16.94,20.0,23.01,19.8,32.0,3.32,14.0,0.3,0.7,0.5,6.85,9.06,14.63,10.17,29.0,3.65,16.0,0.3,0.6,0.5,56.8,66.4,84.2,69.6,29.0,13.4,16.0,0.3,0.5,4.48,7.2,10.92,7.31,31.0,3.86,16.0,0.3,0.6,0.5,-6.45,-1.42,2.61,-1.95,31.0,4.06,16.0,0.3,0.6,0.5,-6.92,0.0,7.03,0.15,31.0,7.04,16.0,0.3,0.6,0.5,1014.05,1019.35,1025.12,1019.82,32.0,6.17,14.0,0.3,0.7,0.5,2.0,4.0,7.0,4.1,30.0,2.4,16.0,0.3,0.6,0.5,-55.7,-11.7,15.4,-18.3,31.0,40.1,16.0,0.3,0.6,0.5,-54.2,0.0,52.1,-6.3,31.0,85.3,16.0,0.3,0.6,0.5,0.38,3.0,7.72,3.7,31.0,3.69,14.0,0.3,0.7,0.5,0.0,17.5,56.4,27.0,30.0,39.5,16.0,0.3,0.7,0.5,3.57,9.19,11.68,7.69,28.0,4.36,16.0,0.3,0.7,0.5,9.1,42.5,77.2,49.6,28.0,45.5,16.0,0.3,0.7,0.5,-132.0,-32.6,47.4,-40.3,31.0,80.2,16.0,0.3,0.6,0.5,-115.2,0.0,159.8,16.6,31.0,139.3,16.0,0.3,0.6,0.5,-77.6,-20.8,24.8,-23.6,29.0,47.6,16.0,0.3,0.6,0.5,-44.2,0.0,94.8,13.7,29.0,83.1,16.0,0.3,0.6,0.5,-50.9,0.0,16.9,-11.8,28.0,37.1,16.0,0.3,0.7,0.5,-40.4,0.0,34.6,-10.7,28.0,54.7,16.0,0.3,0.7,0.5,90.5,373.0,1344.5,736.0,31.0,1078.5,16.0,0.3,0.6,0.5,90.0,375.0,1345.0,735.0,31.0,1080.0,16.0,0.3,0.6,0.5
1974,2,268.0,27.0,21.0,22.2,23.77,22.1,53.0,1.63,14.0,0.2,0.5,0.6,15.62,20.0,22.99,19.5,58.0,3.67,14.0,0.3,0.5,0.5,6.47,9.42,15.19,10.22,50.0,3.72,14.0,0.3,0.5,0.6,55.3,70.0,86.6,70.6,50.0,14.9,14.0,0.3,0.6,5.1,7.7,12.85,8.44,58.0,4.37,14.0,0.3,0.5,0.5,-4.64,0.0,5.97,0.6,58.0,5.14,14.0,0.3,0.5,0.5,-10.12,-0.87,7.57,-1.06,58.0,7.98,14.0,0.3,0.5,0.5,1012.24,1017.6,1023.66,1018.02,58.0,5.41,14.0,0.3,0.5,0.5,1.0,4.0,7.0,3.7,56.0,2.6,14.0,0.3,0.5,0.5,-29.2,0.0,67.6,15.1,58.0,67.8,14.0,0.3,0.5,0.5,-104.3,-3.4,58.1,-26.3,58.0,109.4,14.0,0.3,0.5,0.5,-0.95,1.7,7.0,2.81,53.0,3.77,14.0,0.2,0.5,0.6,-5.0,8.6,65.5,25.1,53.0,37.6,14.0,0.2,0.5,0.6,2.38,6.93,10.18,6.48,49.0,3.76,14.0,0.3,0.5,0.6,14.5,45.1,104.9,55.1,49.0,44.3,14.0,0.3,0.5,0.6,-83.8,0.0,110.5,6.5,58.0,96.0,14.0,0.3,0.5,0.5,-148.2,-17.4,171.3,-2.4,58.0,151.0,14.0,0.3,0.5,0.5,-44.7,0.0,43.6,-2.0,50.0,44.8,14.0,0.3,0.5,0.6,-60.5,0.0,106.6,16.2,50.0,79.8,14.0,0.3,0.5,0.6,-31.6,0.0,34.1,3.1,49.0,41.2,14.0,0.3,0.5,0.6,-78.8,-0.5,30.6,-21.7,49.0,53.6,14.0,0.3,0.5,0.6,132.5,456.5,2123.5,1159.5,58.0,1907.5,14.0,0.3,0.5,0.5,135.0,455.0,2125.0,1160.0,58.0,1905.0,14.0,0.3,0.5,0.5
1974,2,268.0,28.0,18.82,21.2,22.8,20.94,20.0,1.89,16.0,0.3,0.5,0.2,12.8,16.45,21.1,16.9,20.0,3.73,16.0,0.3,0.5,0.2,5.43,7.39,12.96,8.55,19.0,3.86,14.0,0.3,0.5,0.2,54.3,64.2,85.7,67.0,19.0,15.6,14.0,0.3,0.2,5.71,8.5,13.9,9.37,20.0,4.15,16.0,0.3,0.5,0.2,-6.61,0.0,4.36,-0.09,20.0,5.95,16.0,0.3,0.5,0.2,-10.14,-3.68,6.63,-2.9,20.0,8.08,16.0,0.3,0.5,0.2,1012.51,1020.5,1025.09,1020.13,20.0,7.12,16.0,0.3,0.5,0.2,0.0,2.0,5.0,2.6,20.0,2.7,16.0,0.3,0.5,0.2,-55.6,0.0,29.6,5.5,20.0,69.0,16.0,0.3,0.5,0.2,-152.0,-25.3,50.9,-45.2,20.0,102.2,16.0,0.3,0.5,0.2,0.01,4.35,7.69,4.04,20.0,4.05,16.0,0.3,0.5,0.2,0.0,44.0,76.9,44.1,20.0,50.3,16.0,0.3,0.5,0.2,2.32,6.81,10.23,6.76,19.0,3.99,14.0,0.3,0.5,0.2,11.1,64.1,115.7,65.5,19.0,55.6,14.0,0.3,0.5,0.2,-100.2,0.0,85.5,-1.0,20.0,97.0,16.0,0.3,0.5,0.2,-165.3,-51.1,147.8,-28.1,20.0,134.3,16.0,0.3,0.5,0.2,-44.2,0.0,55.4,0.1,19.0,45.4,14.0,0.3,0.5,0.2,-57.6,-20.0,97.6,1.9,19.0,68.5,14.0,0.3,0.5,0.2,-44.8,0.0,38.3,-2.4,19.0,48.5,14.0,0.3,0.5,0.2,-102.4,-24.4,12.3,-35.3,19.0,62.9,14.0,0.3,0.5,0.2,186.0,630.5,2685.5,1269.0,20.0,1270.5,16.0,0.3,0.5,0.2,185.0,630.0,2685.0,1270.0,20.0,1270.0,16.0,0.3,0.5,0.2
1974,2,269.0,-31.0,,,,,,,,,,,,,,,,,,,,,,,,,,,,,,,,,,,,,,,,1.0,1.0,1.0,1.0,1.0,0.0,22.0,1.0,1.0,0.1,0.77,0.77,0.77,0.77,1.0,0.0,22.0,1.0,1.0,0.1,0.64,0.64,0.64,0.64,1.0,0.0,22.0,1.0,1.0,0.1,1014.0,1014.0,1014.0,1014.0,1.0,0.0,22.0,1.0,1.0,0.1,,,,,,,,,,,,,,,,,,,,,,,,,,,,,,,,,,,,,,,,,,,,,,,,,,,,,,,,,,,,,,,,,,,,,,,,,,,,,,,,,,,,,,,,,,,,,,,,,,,,,,,,,,,,,,,,,,,,,,,,,,,,,,,,,,,,,,,,,,,,,,,,,,,,,,
1974,2,269.0,-12.0,24.5,24.5,24.57,24.53,3.0,0.06,12.0,0.3,0.5,0.4,23.8,24.0,24.75,24.27,3.0,0.74,12.0,0.3,0.5,0.4,14.49,15.18,16.71,15.59,3.0,1.66,12.0,0.3,0.5,0.4,78.6,83.3,86.2,82.4,3.0,5.6,12.0,0.3,0.4,5.32,6.0,6.68,6.0,3.0,1.0,12.0,0.3,0.5,0.4,-5.86,-4.33,-4.01,-4.92,3.0,1.45,12.0,0.3,0.5,0.4,2.43,2.5,3.93,3.16,3.0,1.24,12.0,0.3,0.5,0.4,1012.3,1013.6,1013.67,1013.0,3.0,1.13,12.0,0.3,0.5,0.4,2.3,3.0,3.0,2.7,3.0,0.6,12.0,0.3,0.5,0.4,-38.8,-23.1,-22.1,-30.3,3.0,13.7,12.0,0.3,0.5,0.4,13.9,16.8,24.1,18.9,3.0,7.8,12.0,0.3,0.5,0.4,-0.18,0.5,0.7,0.27,3.0,0.68,12.0,0.3,0.5,0.4,-1.6,2.5,4.1,1.3,3.0,4.3,12.0,0.3,0.5,0.4,2.57,3.99,4.68,3.63,3.0,1.58,12.0,0.3,0.5,0.4,16.7,23.9,24.7,20.8,3.0,6.5,12.0,0.3,0.5,0.4,-145.7,-103.9,-95.4,-120.1,3.0,39.4,12.0,0.3,0.5,0.4,60.0,60.1,93.4,76.3,3.0,28.2,12.0,0.3,0.5,0.4,-97.7,-61.4,-59.5,-78.2,3.0,31.6,12.0,0.3,0.5,0.4,37.4,41.7,60.9,49.0,3.0,18.3,12.0,0.3,0.5,0.4,-19.7,-15.4,-13.4,-16.5,3.0,4.7,12.0,0.3,0.5,0.4,7.1,12.5,16.5,11.8,3.0,6.9,12.0,0.3,0.5,0.4,154.0,216.0,302.5,228.0,3.0,109.5,12.0,0.3,0.5,0.4,155.0,215.0,305.0,230.0,3.0,110.0,12.0,0.3,0.5,0.4
1974,2,269.0,-11.0,,,,,,,,,,,,,,,,,,,,,,,,,,,,,,,,,,,,,,,,5.1,5.1,5.1,5.1,1.0,0.0,22.0,1.0,0.5,0.7,-3.28,-3.28,-3.28,-3.28,1.0,0.0,22.0,1.0,0.5,0.7,3.91,3.91,3.91,3.91,1.0,0.0,22.0,1.0,0.5,0.7,1014.0,1014.0,1014.0,1014.0,1.0,0.0,22.0,1.0,0.5,0.7,6.0,6.0,6.0,6.0,1.0,0.0,22.0,1.0,0.5,0.7,-16.7,-16.7,-16.7,-16.7,1.0,0.0,22.0,1.0,0.5,0.7,19.9,19.9,19.9,19.9,1.0,0.0,22.0,1.0,0.5,0.7,,,,,,,,,,,,,,,,,,,,,,,,,,,,,,,,,,,,,,,,,-87.2,-87.2,-87.2,-87.2,1.0,0.0,22.0,1.0,0.5,0.7,103.9,103.9,103.9,103.9,1.0,0.0,22.0,1.0,0.5,0.7,-53.9,-53.9,-53.9,-53.9,1.0,0.0,22.0,1.0,0.5,0.7,64.3,64.3,64.3,64.3,1.0,0.0,22.0,1.0,0.5,0.7,,,,,,,,,,,,,,,,,,,,,,,,,,,,,,,,,,,,,,,,
1974,2,269.0,-5.0,26.3,26.5,27.73,27.0,3.0,1.14,22.0,0.3,0.5,0.5,23.99,25.9,25.97,25.0,3.0,1.65,22.0,0.3,0.5,0.5,17.48,17.63,18.71,18.09,3.0,0.98,22.0,0.3,0.5,0.5,85.9,92.0,97.5,91.7,3.0,8.5,22.0,0.3,0.5,3.92,4.6,6.03,4.97,3.0,1.58,22.0,0.3,0.5,0.5,-5.7,-3.55,-3.14,-4.4,3.0,2.01,22.0,0.3,0.5,0.5,0.2,0.63,2.6,1.38,3.0,1.88,22.0,0.3,0.5,0.5,1011.83,1012.1,1012.37,1012.1,3.0,0.4,22.0,0.3,0.5,0.5,0.3,1.0,5.8,3.0,3.0,4.4,22.0,0.3,0.5,0.5,-35.0,-13.6,-13.0,-23.8,3.0,18.3,22.0,0.3,0.5,0.5,0.7,2.3,11.8,6.2,3.0,8.8,22.0,0.3,0.5,0.5,0.33,0.6,3.74,2.0,3.0,2.78,22.0,0.3,0.5,0.5,1.3,2.2,24.5,12.6,3.0,19.2,22.0,0.3,0.5,0.5,2.9,3.86,5.64,4.26,3.0,2.04,22.0,0.3,0.5,0.5,11.7,17.7,35.2,23.3,3.0,17.9,22.0,0.3,0.5,0.5,-134.8,-91.8,-81.6,-107.8,3.0,41.3,22.0,0.3,0.5,0.5,5.1,16.2,67.7,35.9,3.0,48.9,22.0,0.3,0.5,0.5,-102.2,-68.1,-56.8,-79.2,3.0,34.7,22.0,0.3,0.5,0.5,3.8,12.0,45.7,24.5,3.0,32.5,22.0,0.3,0.5,0.5,-33.2,-11.4,-9.6,-21.2,3.0,19.3,22.0,0.3,0.5,0.5,0.5,1.5,9.8,5.0,3.0,7.4,22.0,0.3,0.5,0.5,62.5,97.5,236.0,148.5,3.0,134.5,22.0,0.3,0.5,0.5,65.0,95.0,235.0,150.0,3.0,135.0,22.0,0.3,0.5,0.5
1974,2,269.0,-4.0,25.33,25.6,25.87,25.6,2.0,0.57,12.0,0.5,0.7,0.7,24.45,25.2,25.95,25.2,2.0,1.56,12.0,0.5,0.7,0.7,17.03,17.03,17.03,17.03,1.0,0.0,8.0,0.0,0.7,0.8,90.8,90.8,90.8,90.8,1.0,0.0,8.0,0.0,0.8,0.0,0.0,0.0,0.0,2.0,0.0,12.0,0.5,0.7,0.7,0.0,0.0,0.0,0.0,2.0,0.0,12.0,0.5,0.7,0.7,0.0,0.0,0.0,0.0,2.0,0.0,12.0,0.5,0.7,0.7,1010.21,1010.65,1011.09,1010.65,2.0,0.92,12.0,0.5,0.7,0.7,1.2,1.5,1.8,1.5,2.0,0.7,12.0,0.5,0.7,0.7,0.0,0.0,0.0,0.0,2.0,0.0,12.0,0.5,0.7,0.7,0.0,0.0,0.0,0.0,2.0,0.0,12.0,0.5,0.7,0.7,-0.08,0.4,0.88,0.4,2.0,0.99,12.0,0.5,0.7,0.7,0.0,0.0,0.0,0.0,2.0,0.0,12.0,0.5,0.7,0.7,3.04,3.04,3.04,3.04,1.0,0.0,8.0,0.0,0.7,0.8,0.0,0.0,0.0,0.0,1.0,0.0,8.0,0.0,0.7,0.8,0.0,0.0,0.0,0.0,2.0,0.0,12.0,0.5,0.7,0.7,0.0,0.0,0.0,0.0,2.0,0.0,12.0,0.5,0.7,0.7,0.0,0.0,0.0,0.0,1.0,0.0,8.0,0.0,0.7,0.8,0.0,0.0,0.0,0.0,1.0,0.0,8.0,0.0,0.7,0.8,0.0,0.0,0.0,0.0,1.0,0.0,8.0,0.0,0.7,0.8,0.0,0.0,0.0,0.0,1.0,0.0,8.0,0.0,0.7,0.8,0.0,0.0,0.0,0.0,2.0,0.0,12.0,0.5,0.7,0.7,0.0,0.0,0.0,0.0,2.0,0.0,12.0,0.5,0.7,0.7
1974,2,269.0,-3.0,26.06,26.65,26.8,26.48,6.0,0.58,16.0,0.5,0.6,0.6,24.65,25.8,26.67,25.62,6.0,1.39,16.0,0.5,0.6,0.6,15.26,16.67,17.3,16.24,5.0,1.68,16.0,0.6,0.6,0.6,75.3,75.4,85.4,79.5,5.0,5.8,16.0,0.6,0.6,1.67,2.6,3.91,2.67,6.0,1.69,16.0,0.5,0.6,0.6,-3.33,-2.27,0.0,-1.89,6.0,1.56,16.0,0.5,0.6,0.6,0.0,0.76,2.87,1.34,6.0,1.58,16.0,0.5,0.6,0.6,1009.87,1011.85,1014.42,1012.08,6.0,2.9,16.0,0.5,0.6,0.6,1.8,3.0,5.2,3.3,6.0,1.9,16.0,0.5,0.6,0.6,-13.6,-5.4,0.0,-6.7,6.0,6.8,16.0,0.5,0.6,0.6,0.0,2.3,9.5,5.2,6.0,7.6,16.0,0.5,0.6,0.6,0.06,0.3,1.65,0.87,6.0,1.32,16.0,0.5,0.6,0.6,-0.1,0.4,5.3,2.3,6.0,3.6,16.0,0.5,0.6,0.6,4.01,5.53,6.66,5.5,5.0,1.86,16.0,0.6,0.6,0.6,7.4,14.6,17.6,12.7,5.0,8.1,16.0,0.6,0.6,0.6,-86.6,-61.2,0.0,-49.7,6.0,40.5,16.0,0.5,0.6,0.6,0.0,20.1,69.1,33.8,6.0,40.1,16.0,0.5,0.6,0.6,-49.4,-34.3,0.0,-27.8,5.0,27.5,16.0,0.6,0.6,0.6,0.0,11.1,22.3,12.2,5.0,14.3,16.0,0.6,0.6,0.6,-14.1,-11.6,0.0,-8.0,5.0,7.4,16.0,0.6,0.6,0.6,0.0,2.6,11.2,5.9,5.0,9.3,16.0,0.6,0.6,0.6,7.5,17.5,64.5,37.5,6.0,49.5,16.0,0.5,0.6,0.6,5.0,20.0,65.0,35.0,6.0,50.0,16.0,0.5,0.6,0.6
1974,2,269.0,-2.0,23.29,23.75,24.26,23.78,4.0,0.61,6.0,0.5,0.6,0.2,25.13,26.0,27.92,26.46,5.0,1.74,10.0,0.4,0.6,0.4,16.69,17.76,18.67,17.68,3.0,1.45,4.0,0.7,0.6,0.2,80.5,85.7,91.7,86.1,4.0,7.7,6.0,0.5,0.2,0.48,1.25,3.12,1.78,4.0,1.98,10.0,0.3,0.5,0.4,-2.57,-0.32,0.14,-1.18,4.0,2.13,10.0,0.3,0.5,0.4,-0.82,0.38,1.14,0.17,4.0,1.31,10.0,0.3,0.5,0.4,1011.09,1011.55,1012.43,1011.75,4.0,0.91,10.0,0.5,0.6,0.4,1.3,3.0,5.4,3.2,5.0,2.4,10.0,0.4,0.6,0.4,-10.7,-0.3,0.2,-5.0,4.0,9.9,10.0,0.3,0.5,0.4,-3.8,0.4,1.5,-1.1,4.0,4.2,10.0,0.3,0.5,0.4,-2.94,-1.7,-1.19,-2.05,4.0,1.24,6.0,0.5,0.6,0.2,-3.1,-1.5,-0.5,-1.8,3.0,1.9,4.0,0.3,0.5,0.2,-0.23,1.46,2.14,0.97,3.0,1.79,4.0,0.7,0.6,0.2,-0.5,0.6,1.7,0.6,2.0,2.3,2.0,0.5,0.4,0.2,-74.0,-8.8,3.5,-34.1,4.0,61.7,10.0,0.3,0.5,0.4,-23.9,10.5,29.7,3.2,4.0,36.0,10.0,0.3,0.5,0.4,-9.6,-3.8,1.9,-3.8,2.0,11.9,2.0,0.5,0.4,0.2,16.5,20.4,24.4,20.4,2.0,8.2,2.0,0.5,0.4,0.2,0.4,0.5,0.6,0.5,2.0,0.2,2.0,0.5,0.4,0.2,-0.3,0.7,1.7,0.7,2.0,2.1,2.0,0.5,0.4,0.2,0.5,2.0,52.5,25.5,4.0,48.0,10.0,0.3,0.5,0.4,0.0,0.0,55.0,25.0,4.0,50.0,10.0,0.3,0.5,0.4
1974,2,269.0,0.0,27.2,27.2,27.2,27.2,1.0,0.0,14.0,0.0,0.5,0.9,26.1,26.1,26.1,26.1,1.0,0.0,14.0,0.0,0.5,0.9,18.4,18.4,18.4,18.4,1.0,0.0,14.0,0.0,0.5,0.9,87.2,87.2,87.2,87.2,1.0,0.0,14.0,0.0,0.9,0.0,0.0,0.0,0.0,1.0,0.0,14.0,0.0,0.5,0.9,0.0,0.0,0.0,0.0,1.0,0.0,14.0,0.0,0.5,0.9,0.0,0.0,0.0,0.0,1.0,0.0,14.0,0.0,0.5,0.9,1012.5,1012.5,1012.5,1012.5,1.0,0.0,14.0,0.0,0.5,0.9,1.0,1.0,1.0,1.0,1.0,0.0,14.0,0.0,0.5,0.9,0.0,0.0,0.0,0.0,1.0,0.0,14.0,0.0,0.5,0.9,0.0,0.0,0.0,0.0,1.0,0.0,14.0,0.0,0.5,0.9,1.1,1.1,1.1,1.1,1.0,0.0,14.0,0.0,0.5,0.9,0.0,0.0,0.0,0.0,1.0,0.0,14.0,0.0,0.5,0.9,4.18,4.18,4.18,4.18,1.0,0.0,14.0,0.0,0.5,0.9,0.0,0.0,0.0,0.0,1.0,0.0,14.0,0.0,0.5,0.9,0.0,0.0,0.0,0.0,1.0,0.0,14.0,0.0,0.5,0.9,0.0,0.0,0.0,0.0,1.0,0.0,14.0,0.0,0.5,0.9,0.0,0.0,0.0,0.0,1.0,0.0,14.0,0.0,0.5,0.9,0.0,0.0,0.0,0.0,1.0,0.0,14.0,0.0,0.5,0.9,0.0,0.0,0.0,0.0,1.0,0.0,14.0,0.0,0.5,0.9,0.0,0.0,0.0,0.0,1.0,0.0,14.0,0.0,0.5,0.9,0.0,0.0,0.0,0.0,1.0,0.0,14.0,0.0,0.5,0.9,0.0,0.0,0.0,0.0,1.0,0.0,14.0,0.0,0.5,0.9
1974,2,269.0,1.0,26.7,26.7,26.7,26.7,1.0,0.0,12.0,0.0,0.3,0.2,25.7,25.7,25.7,25.7,1.0,0.0,12.0,0.0,0.3,0.2,17.5,17.5,17.5,17.5,1.0,0.0,12.0,0.0,0.3,0.2,85.1,85.1,85.1,85.1,1.0,0.0,12.0,0.0,0.2,0.0,0.0,0.0,0.0,1.0,0.0,12.0,0.0,0.3,0.2,0.0,0.0,0.0,0.0,1.0,0.0,12.0,0.0,0.3,0.2,0.0,0.0,0.0,0.0,1.0,0.0,12.0,0.0,0.3,0.2,1013.5,1013.5,1013.5,1013.5,1.0,0.0,12.0,0.0,0.3,0.2,8.0,8.0,8.0,8.0,1.0,0.0,12.0,0.0,0.3,0.2,0.0,0.0,0.0,0.0,1.0,0.0,12.0,0.0,0.3,0.2,0.0,0.0,0.0,0.0,1.0,0.0,12.0,0.0,0.3,0.2,1.0,1.0,1.0,1.0,1.0,0.0,12.0,0.0,0.3,0.2,0.0,0.0,0.0,0.0,1.0,0.0,12.0,0.0,0.3,0.2,4.39,4.39,4.39,4.39,1.0,0.0,12.0,0.0,0.3,0.2,0.0,0.0,0.0,0.0,1.0,0.0,12.0,0.0,0.3,0.2,0.0,0.0,0.0,0.0,1.0,0.0,12.0,0.0,0.3,0.2,0.0,0.0,0.0,0.0,1.0,0.0,12.0,0.0,0.3,0.2,0.0,0.0,0.0,0.0,1.0,0.0,12.0,0.0,0.3,0.2,0.0,0.0,0.0,0.0,1.0,0.0,12.0,0.0,0.3,0.2,0.0,0.0,0.0,0.0,1.0,0.0,12.0,0.0,0.3,0.2,0.0,0.0,0.0,0.0,1.0,0.0,12.0,0.0,0.3,0.2,0.0,0.0,0.0,0.0,1.0,0.0,12.0,0.0,0.3,0.2,0.0,0.0,0.0,0.0,1.0,0.0,12.0,0.0,0.3,0.2
1974,2,269.0,2.0,26.99,27.6,28.15,27.57,3.0,0.85,16.0,0.3,0.6,0.7,25.01,26.1,26.58,25.8,3.0,1.18,16.0,0.3,0.6,0.7,17.02,17.42,18.27,17.64,3.0,0.94,16.0,0.3,0.6,0.7,80.1,88.2,90.0,85.1,3.0,7.7,16.0,0.3,0.7,0.98,3.1,4.12,2.57,3.0,2.35,16.0,0.3,0.6,0.7,-1.62,0.0,0.55,-0.53,3.0,1.65,16.0,0.3,0.6,0.7,0.63,1.99,3.72,2.17,3.0,2.27,16.0,0.3,0.6,0.7,1009.42,1009.9,1011.33,1010.37,3.0,1.46,16.0,0.3,0.6,0.7,3.0,3.0,5.7,4.3,3.0,2.3,16.0,0.3,0.6,0.7,-5.0,0.0,2.5,-1.2,3.0,5.6,16.0,0.3,0.6,0.7,2.0,6.2,16.2,9.0,3.0,10.7,16.0,0.3,0.6,0.7,1.53,1.6,2.01,1.77,3.0,0.38,16.0,0.3,0.6,0.7,1.5,4.7,8.4,4.9,3.0,5.1,16.0,0.3,0.6,0.7,4.51,4.51,6.54,5.5,3.0,1.72,16.0,0.3,0.6,0.7,4.4,14.0,18.6,11.6,3.0,10.6,16.0,0.3,0.6,0.7,-42.3,0.0,13.4,-14.1,3.0,42.6,16.0,0.3,0.6,0.7,16.5,52.0,92.3,54.3,3.0,55.5,16.0,0.3,0.6,0.7,-30.3,0.0,9.5,-10.1,3.0,30.4,16.0,0.3,0.6,0.7,11.8,37.2,65.7,38.7,3.0,39.5,16.0,0.3,0.6,0.7,-7.3,0.0,2.5,-2.4,3.0,7.4,16.0,0.3,0.6,0.7,2.9,9.0,16.8,9.8,3.0,10.2,16.0,0.3,0.6,0.7,9.5,30.0,76.0,42.5,3.0,50.0,16.0,0.3,0.6,0.7,10.0,30.0,75.0,40.0,3.0,50.0,16.0,0.3,0.6,0.7
1974,2,269.0,3.0,26.11,26.8,28.33,27.14,5.0,1.31,14.0,0.8,0.7,0.5,25.93,26.1,27.04,26.46,5.0,0.8,14.0,0.8,0.7,0.5,16.7,16.93,18.03,17.35,3.0,1.04,16.0,0.7,0.7,0.4,78.0,81.5,86.1,82.0,3.0,6.0,16.0,0.7,0.4,1.0,1.25,3.96,2.43,4.0,2.53,14.0,1.0,0.7,0.4,0.36,0.88,3.72,1.99,4.0,2.84,14.0,1.0,0.7,0.4,0.08,0.41,1.09,0.58,4.0,0.67,14.0,1.0,0.7,0.4,1009.73,1010.2,1011.28,1010.46,5.0,0.86,14.0,0.8,0.7,0.5,3.3,5.0,5.4,4.4,5.0,1.5,14.0,0.8,0.7,0.5,0.4,0.9,20.6,10.0,4.0,18.9,14.0,1.0,0.7,0.4,0.1,0.4,1.5,0.8,4.0,1.0,14.0,1.0,0.7,0.4,-0.31,1.0,1.43,0.68,5.0,1.02,14.0,0.8,0.7,0.5,-1.1,1.3,1.8,0.4,4.0,2.4,14.0,1.0,0.7,0.4,5.02,5.17,5.17,5.1,3.0,0.13,16.0,0.7,0.7,0.4,5.2,5.2,5.2,5.2,2.0,0.0,18.0,1.0,0.9,0.3,9.4,22.7,97.0,51.8,4.0,74.2,14.0,1.0,0.7,0.4,2.1,10.5,29.7,15.7,4.0,18.7,14.0,1.0,0.7,0.4,13.8,15.6,17.4,15.6,2.0,3.7,18.0,1.0,0.9,0.3,4.4,7.1,9.7,7.1,2.0,5.4,18.0,1.0,0.9,0.3,4.1,4.5,4.9,4.5,2.0,0.8,18.0,1.0,0.9,0.3,1.3,2.1,2.9,2.1,2.0,1.7,18.0,1.0,0.9,0.3,1.0,2.0,126.5,61.0,4.0,118.5,14.0,1.0,0.7,0.4,0.0,0.0,125.0,60.0,4.0,120.0,14.0,1.0,0.7,0.4
1974,2,269.0,4.0,25.92,26.85,28.66,27.13,6.0,1.35,12.0,0.5,0.7,0.2,26.07,26.2,27.11,26.7,7.0,1.29,12.0,0.4,0.7,0.3,17.26,18.2,21.49,19.32,4.0,3.46,14.0,0.3,0.6,0.3,82.0,87.7,92.2,87.1,4.0,7.0,14.0,0.3,0.3,0.0,1.0,2.65,1.54,7.0,1.4,12.0,0.4,0.7,0.3,-1.76,0.0,0.12,-0.52,7.0,1.89,12.0,0.4,0.7,0.3,-0.42,0.0,0.05,-0.19,7.0,0.9,12.0,0.4,0.7,0.3,1010.08,1010.4,1011.5,1010.6,7.0,1.75,12.0,0.4,0.7,0.3,3.0,6.0,7.0,5.3,7.0,2.0,12.0,0.4,0.7,0.3,-4.8,0.0,0.3,-1.6,7.0,6.0,12.0,0.4,0.7,0.3,-0.6,0.0,0.0,-0.6,7.0,2.0,12.0,0.4,0.7,0.3,-1.1,0.4,2.71,0.48,6.0,2.43,12.0,0.5,0.7,0.2,-0.1,0.0,2.2,0.7,6.0,1.3,12.0,0.5,0.7,0.2,0.16,4.04,5.55,2.91,4.0,4.4,14.0,0.3,0.6,0.3,0.0,2.0,7.4,3.6,4.0,5.0,14.0,0.3,0.6,0.3,-46.3,0.0,3.3,-13.7,7.0,50.8,12.0,0.4,0.7,0.3,-11.0,0.0,1.2,-5.0,7.0,23.5,12.0,0.4,0.7,0.3,-23.4,-7.8,0.0,-11.5,4.0,14.7,14.0,0.3,0.6,0.3,-21.8,-2.8,0.0,-10.5,4.0,17.5,14.0,0.3,0.6,0.3,-5.3,-1.9,0.0,-2.6,4.0,3.3,14.0,0.3,0.6,0.3,-4.9,-0.7,0.0,-2.4,4.0,3.8,14.0,0.3,0.6,0.3,0.0,1.0,19.0,12.0,7.0,17.5,12.0,0.4,0.7,0.3,0.0,0.0,20.0,10.0,7.0,15.0,12.0,0.4,0.7,0.3
1974,2,269.0,5.0,27.49,27.9,28.47,27.98,4.0,0.7,12.0,0.5,0.3,0.3,26.1,26.4,27.38,26.73,4.0,0.9,12.0,0.5,0.3,0.3,17.14,17.77,18.4,17.77,2.0,1.31,20.0,0.5,0.4,0.4,80.9,82.6,84.3,82.6,2.0,3.6,20.0,0.5,0.4,3.73,5.1,5.1,4.43,3.0,1.15,14.0,0.7,0.4,0.3,-1.36,0.0,2.24,0.43,3.0,2.66,14.0,0.7,0.4,0.3,-4.72,-3.91,-2.86,-3.79,3.0,1.37,14.0,0.7,0.4,0.3,1009.26,1011.65,1013.99,1011.63,4.0,2.83,12.0,0.5,0.3,0.3,6.0,6.0,7.4,6.7,3.0,1.2,14.0,0.7,0.4,0.3,-4.2,0.0,11.4,3.5,3.0,11.8,14.0,0.7,0.4,0.3,-24.1,-19.9,-11.3,-17.8,3.0,9.5,14.0,0.7,0.4,0.3,0.52,1.4,1.96,1.25,4.0,0.95,12.0,0.5,0.3,0.3,6.0,6.8,8.1,7.0,3.0,1.5,14.0,0.7,0.4,0.3,6.39,6.43,6.48,6.43,2.0,0.09,20.0,0.5,0.4,0.4,21.9,26.4,31.0,26.4,2.0,9.5,20.0,0.5,0.4,0.4,-36.3,0.0,58.4,10.8,3.0,70.0,14.0,0.7,0.4,0.3,-123.2,-102.0,-75.6,-99.5,3.0,34.9,14.0,0.7,0.4,0.3,-31.3,-18.6,-5.9,-18.6,2.0,26.3,20.0,0.5,0.4,0.4,-79.3,-65.2,-51.0,-65.2,2.0,29.4,20.0,0.5,0.4,0.4,-10.7,-6.3,-2.0,-6.3,2.0,9.0,20.0,0.5,0.4,0.4,-30.3,-24.1,-18.0,-24.1,2.0,12.7,20.0,0.5,0.4,0.4,62.5,132.5,132.5,98.5,3.0,59.5,14.0,0.7,0.4,0.3,60.0,135.0,135.0,100.0,3.0,60.0,14.0,0.7,0.4,0.3
1974,2,269.0,6.0,25.63,26.3,26.76,26.2,4.0,0.76,10.0,0.3,0.7,0.4,24.69,25.2,25.71,25.2,4.0,0.67,10.0,0.3,0.7,0.4,17.07,17.07,17.07,17.07,1.0,0.0,28.0,0.0,0.8,0.2,84.0,84.0,84.0,84.0,1.0,0.0,28.0,0.0,0.2,3.31,4.6,6.72,5.0,4.0,2.37,10.0,0.3,0.7,0.4,-2.76,1.0,3.46,0.38,4.0,4.25,10.0,0.3,0.7,0.4,-5.24,-1.21,1.71,-1.74,4.0,4.08,10.0,0.3,0.7,0.4,1008.94,1010.2,1010.72,1009.85,4.0,1.45,10.0,0.3,0.7,0.4,2.0,3.5,6.6,4.3,4.0,2.9,10.0,0.3,0.7,0.4,-22.6,2.6,15.3,-3.4,4.0,28.6,10.0,0.3,0.7,0.4,-35.0,-6.2,6.7,-13.8,4.0,27.5,10.0,0.3,0.7,0.4,0.3,1.55,1.65,1.0,4.0,1.2,10.0,0.3,0.7,0.4,0.1,6.3,11.0,5.6,4.0,7.0,10.0,0.3,0.7,0.4,5.34,5.34,5.34,5.34,1.0,0.0,28.0,0.0,0.8,0.2,43.8,43.8,43.8,43.8,1.0,0.0,28.0,0.0,0.8,0.2,-70.1,24.9,85.0,8.2,4.0,106.2,10.0,0.3,0.7,0.4,-134.3,-32.4,42.2,-45.5,4.0,103.5,10.0,0.3,0.7,0.4,-90.0,-90.0,-90.0,-90.0,1.0,0.0,28.0,0.0,0.8,0.2,-107.2,-107.2,-107.2,-107.2,1.0,0.0,28.0,0.0,0.8,0.2,-28.2,-28.2,-28.2,-28.2,1.0,0.0,28.0,0.0,0.8,0.2,-33.6,-33.6,-33.6,-33.6,1.0,0.0,28.0,0.0,0.8,0.2,42.0,101.0,352.0,192.5,4.0,243.5,10.0,0.3,0.7,0.4,40.0,100.0,350.0,195.0,4.0,245.0,10.0,0.3,0.7,0.4
1974,2,269.0,7.0,26.11,26.35,26.59,26.35,2.0,0.49,6.0,0.0,0.4,0.7,23.25,23.8,24.21,23.73,3.0,0.7,14.0,0.3,0.4,0.8,16.49,16.54,16.58,16.54,2.0,0.1,16.0,0.5,0.2,0.7,88.1,90.6,93.0,90.6,2.0,5.0,16.0,0.5,0.7,1.14,3.6,8.17,4.63,3.0,5.23,14.0,0.3,0.4,0.8,-5.59,-3.38,-1.07,-3.33,3.0,3.31,14.0,0.3,0.4,0.8,-5.78,-1.23,-0.39,-3.04,3.0,4.24,14.0,0.3,0.4,0.8,1010.66,1010.8,1012.3,1011.47,3.0,1.33,14.0,0.3,0.4,0.8,0.3,1.0,3.0,1.7,3.0,2.1,14.0,0.3,0.4,0.8,-50.4,-12.2,-3.9,-26.8,3.0,36.4,14.0,0.3,0.4,0.8,-56.9,-4.4,-1.4,-28.6,3.0,45.7,14.0,0.3,0.4,0.8,2.22,2.25,2.28,2.25,2.0,0.07,6.0,0.0,0.4,0.7,1.3,4.1,7.0,4.1,2.0,5.9,6.0,0.0,0.4,0.7,5.35,5.35,5.35,5.35,1.0,0.0,6.0,0.0,0.1,0.5,19.2,19.2,19.2,19.2,1.0,0.0,6.0,0.0,0.1,0.5,-130.1,-82.5,-26.2,-78.3,3.0,76.2,14.0,0.3,0.4,0.8,-133.4,-30.0,-9.5,-70.5,3.0,97.3,14.0,0.3,0.4,0.8,-100.6,-82.6,-64.6,-82.6,2.0,37.4,16.0,0.5,0.2,0.7,-112.6,-75.2,-37.8,-75.2,2.0,77.4,16.0,0.5,0.2,0.7,-18.1,-18.1,-18.1,-18.1,1.0,0.0,6.0,0.0,0.1,0.5,-6.6,-6.6,-6.6,-6.6,1.0,0.0,6.0,0.0,0.1,0.5,15.0,46.5,760.5,380.0,3.0,618.0,14.0,0.3,0.4,0.8,15.0,45.0,760.0,380.0,3.0,620.0,14.0,0.3,0.4,0.8
1974,2,269.0,8.0,23.42,24.4,27.36,25.18,13.0,2.25,20.0,0.1,0.6,0.6,23.02,24.9,26.29,25.02,14.0,2.04,22.0,0.1,0.6,0.6,14.74,16.48,17.05,16.23,12.0,1.76,22.0,0.2,0.6,0.6,74.1,84.4,88.8,82.7,13.0,9.0,22.0,0.2,0.6,2.6,5.1,10.14,5.65,14.0,3.58,22.0,0.1,0.6,0.6,-6.52,-2.89,-0.08,-3.25,14.0,3.32,22.0,0.1,0.6,0.6,-7.17,-3.38,-1.58,-4.1,14.0,2.59,22.0,0.1,0.6,0.6,1008.89,1011.0,1013.05,1010.85,13.0,2.29,22.0,0.2,0.6,0.6,0.0,0.5,1.9,1.0,14.0,1.4,22.0,0.1,0.6,0.6,-66.3,-14.8,-0.2,-28.0,14.0,37.9,22.0,0.1,0.6,0.6,-74.4,-18.1,-3.5,-31.0,14.0,30.7,22.0,0.1,0.6,0.6,-2.69,1.0,2.72,0.5,13.0,2.68,20.0,0.1,0.6,0.6,-10.3,5.1,20.8,4.9,13.0,20.5,20.0,0.1,0.6,0.6,1.9,4.54,6.47,3.86,11.0,2.78,20.0,0.1,0.6,0.6,10.9,21.6,40.8,27.6,11.0,26.1,20.0,0.1,0.6,0.6,-151.9,-71.9,-2.1,-81.0,14.0,79.4,22.0,0.1,0.6,0.6,-179.4,-90.5,-41.3,-101.4,14.0,64.2,22.0,0.1,0.6,0.6,-103.1,-49.3,0.0,-53.5,12.0,55.1,22.0,0.2,0.6,0.6,-122.0,-60.8,-32.7,-68.8,12.0,44.2,22.0,0.2,0.6,0.6,-19.2,-13.9,0.0,-16.2,11.0,22.9,20.0,0.1,0.6,0.6,-33.2,-16.6,-8.1,-20.0,11.0,16.2,20.0,0.1,0.6,0.6,17.5,132.5,1052.5,398.0,14.0,563.5,22.0,0.1,0.6,0.6,20.0,135.0,1055.0,400.0,14.0,565.0,22.0,0.1,0.6,0.6
1974,2,269.0,9.0,24.0,24.85,26.4,25.3,20.0,1.97,16.0,0.4,0.6,0.5,23.76,25.0,26.57,25.18,24.0,1.73,16.0,0.3,0.6,0.4,15.33,16.52,17.38,16.36,16.0,1.08,14.0,0.3,0.7,0.4,79.6,84.2,90.0,84.0,16.0,5.9,14.0,0.3,0.4,3.25,5.65,8.91,6.05,24.0,2.93,16.0,0.3,0.6,0.4,-6.8,-2.42,0.0,-2.82,24.0,3.83,16.0,0.3,0.6,0.4,-7.2,-3.75,-1.9,-3.84,24.0,2.89,16.0,0.3,0.6,0.4,1009.9,1010.6,1011.61,1010.81,24.0,1.35,16.0,0.3,0.6,0.4,0.0,0.5,2.0,0.7,22.0,0.8,16.0,0.3,0.6,0.4,-66.9,-8.4,0.0,-22.9,24.0,38.5,16.0,0.3,0.6,0.4,-53.2,-21.4,-4.9,-27.9,24.0,26.6,16.0,0.3,0.6,0.4,-2.0,0.0,2.0,0.1,19.0,1.64,14.0,0.4,0.6,0.5,-9.5,0.0,7.3,-1.4,19.0,11.9,14.0,0.4,0.6,0.5,1.65,2.73,4.84,3.38,15.0,2.2,14.0,0.3,0.6,0.5,8.3,17.3,25.6,20.6,15.0,17.7,14.0,0.3,0.6,0.5,-176.8,-61.2,0.0,-74.5,23.0,95.5,16.0,0.3,0.6,0.4,-180.0,-94.8,-39.0,-92.9,23.0,71.9,16.0,0.3,0.6,0.4,-114.6,-54.2,0.0,-65.7,15.0,60.8,14.0,0.3,0.6,0.5,-118.1,-67.6,-8.1,-62.3,15.0,54.7,14.0,0.3,0.6,0.5,-19.3,-10.0,0.0,-14.2,15.0,18.6,14.0,0.3,0.6,0.5,-17.0,-13.2,-0.5,-9.7,15.0,10.4,14.0,0.3,0.6,0.5,36.5,185.5,709.5,373.5,24.0,451.0,16.0,0.3,0.6,0.4,35.0,185.0,710.0,375.0,24.0,450.0,16.0,0.3,0.6,0.4
1974,2,269.0,10.0,25.18,26.85,27.73,26.64,8.0,1.22,18.0,0.4,0.5,0.4,25.18,26.7,27.0,26.4,8.0,1.13,18.0,0.4,0.5,0.4,15.14,16.17,16.77,16.03,6.0,1.02,18.0,0.2,0.5,0.3,72.6,76.9,79.3,76.1,6.0,5.5,18.0,0.2,0.3,3.27,6.15,8.14,6.1,8.0,2.89,18.0,0.4,0.5,0.4,-7.65,-3.95,-1.94,-4.61,8.0,3.79,18.0,0.4,0.5,0.4,-3.44,-1.81,-0.12,-2.32,8.0,2.46,18.0,0.4,0.5,0.4,1010.09,1011.8,1013.88,1012.09,8.0,2.03,18.0,0.4,0.5,0.4,0.0,0.0,2.0,0.9,8.0,1.2,18.0,0.4,0.5,0.4,-61.9,-19.0,-4.5,-33.9,8.0,40.9,18.0,0.4,0.5,0.4,-22.7,-12.6,-0.2,-16.1,8.0,19.3,18.0,0.4,0.5,0.4,-0.27,0.0,1.27,0.24,8.0,1.18,18.0,0.4,0.5,0.4,-1.2,0.0,4.0,2.3,8.0,6.6,18.0,0.4,0.5,0.4,4.73,5.22,6.04,5.27,6.0,0.74,18.0,0.2,0.5,0.3,17.4,41.9,50.7,36.1,6.0,17.4,18.0,0.2,0.5,0.3,-206.2,-108.0,-51.4,-124.1,8.0,102.0,18.0,0.4,0.5,0.4,-86.7,-49.6,-3.1,-59.5,8.0,59.9,18.0,0.4,0.5,0.4,-139.2,-82.4,-16.6,-80.4,6.0,76.3,18.0,0.2,0.5,0.3,-67.6,-39.5,-12.1,-44.7,6.0,41.9,18.0,0.2,0.5,0.3,-48.1,-24.9,-5.9,-25.1,6.0,24.0,18.0,0.2,0.5,0.3,-23.0,-11.9,-4.4,-15.3,6.0,16.1,18.0,0.2,0.5,0.3,37.5,253.0,541.0,363.5,8.0,415.5,18.0,0.4,0.5,0.4,35.0,255.0,540.0,365.0,8.0,415.0,18.0,0.4,0.5,0.4
1974,2,269.0,11.0,25.76,26.8,28.0,26.78,49.0,1.45,14.0,0.5,0.7,0.4,25.2,26.7,27.92,26.52,54.0,1.44,14.0,0.5,0.7,0.4,14.95,16.2,17.56,16.45,31.0,2.01,12.0,0.2,0.7,0.5,69.6,76.6,86.4,77.2,32.0,10.5,12.0,0.2,0.5,1.5,3.6,8.31,4.66,49.0,3.53,14.0,0.4,0.7,0.4,-7.7,-2.6,0.0,-3.83,49.0,3.65,14.0,0.4,0.7,0.4,-2.98,-0.71,0.0,-1.33,49.0,2.13,14.0,0.4,0.7,0.4,1010.28,1011.5,1013.85,1011.83,53.0,1.73,14.0,0.5,0.7,0.4,0.0,0.0,3.0,1.3,54.0,1.9,14.0,0.5,0.7,0.4,-62.0,-8.3,0.0,-29.9,49.0,40.0,14.0,0.4,0.7,0.4,-13.9,-1.5,0.0,-8.5,49.0,23.3,14.0,0.4,0.7,0.4,-1.04,0.3,1.94,0.38,49.0,1.47,14.0,0.5,0.7,0.4,-5.0,0.0,8.9,1.8,44.0,7.3,14.0,0.4,0.7,0.4,2.1,5.88,8.86,5.44,29.0,3.15,12.0,0.2,0.7,0.5,0.0,15.0,60.0,26.2,28.0,31.8,14.0,0.2,0.7,0.4,-210.3,-69.4,0.0,-102.6,49.0,99.6,14.0,0.4,0.7,0.4,-74.8,-18.2,0.0,-34.5,49.0,56.3,14.0,0.4,0.7,0.4,-110.4,-37.4,0.0,-56.9,30.0,56.9,14.0,0.2,0.7,0.5,-51.3,-11.9,0.0,-20.4,30.0,29.0,14.0,0.2,0.7,0.5,-60.0,-11.8,0.0,-22.4,28.0,30.2,14.0,0.2,0.7,0.4,-13.8,0.0,0.9,-6.0,28.0,15.8,14.0,0.2,0.7,0.4,3.5,46.5,589.5,302.0,49.0,565.5,14.0,0.4,0.7,0.4,5.0,45.0,590.0,300.0,49.0,565.0,14.0,0.4,0.7,0.4
1974,2,269.0,12.0,25.86,26.7,28.04,26.8,19.0,1.32,10.0,0.5,0.5,0.3,25.94,26.7,28.66,27.08,19.0,1.66,10.0,0.5,0.5,0.3,14.34,16.38,17.11,15.93,17.0,1.44,10.0,0.5,0.6,0.3,63.7,70.7,80.9,71.2,17.0,8.3,10.0,0.5,0.3,2.53,5.1,7.84,4.98,19.0,3.08,10.0,0.5,0.5,0.3,-7.67,-2.6,0.0,-3.86,19.0,3.5,10.0,0.5,0.5,0.3,-2.16,0.0,2.57,-0.52,19.0,2.73,10.0,0.5,0.5,0.3,1010.5,1012.0,1013.57,1012.13,19.0,1.8,10.0,0.5,0.5,0.3,0.0,1.0,2.4,1.6,19.0,1.9,10.0,0.5,0.5,0.3,-60.2,-6.8,0.0,-27.7,19.0,31.7,10.0,0.5,0.5,0.3,-13.1,0.0,8.6,-4.9,19.0,21.7,10.0,0.5,0.5,0.3,-2.66,0.5,1.51,-0.28,19.0,1.97,10.0,0.5,0.5,0.3,-9.1,1.3,6.5,-0.5,19.0,10.6,10.0,0.5,0.5,0.3,4.19,6.28,8.07,6.08,17.0,2.27,10.0,0.5,0.6,0.3,11.0,18.9,54.7,28.9,17.0,27.2,10.0,0.5,0.6,0.3,-197.1,-76.8,0.0,-102.9,19.0,91.8,10.0,0.5,0.5,0.3,-55.9,0.0,67.3,-13.9,19.0,74.9,10.0,0.5,0.5,0.3,-111.4,-40.5,0.0,-53.5,17.0,52.4,10.0,0.5,0.6,0.3,-38.0,-6.6,19.2,-12.8,17.0,40.3,10.0,0.5,0.6,0.3,-44.4,-13.7,0.0,-21.1,17.0,26.5,10.0,0.5,0.6,0.3,-14.4,-2.0,7.2,-6.8,17.0,20.1,10.0,0.5,0.6,0.3,16.5,132.5,485.5,263.5,19.0,323.5,10.0,0.5,0.5,0.3,15.0,135.0,485.0,265.0,19.0,325.0,10.0,0.5,0.5,0.3
1974,2,269.0,13.0,26.37,27.2,27.91,27.13,26.0,0.97,12.0,0.5,0.4,0.2,26.68,27.75,28.8,27.45,26.0,1.07,12.0,0.5,0.4,0.2,14.77,16.51,17.35,16.01,11.0,1.48,12.0,0.2,0.4,0.2,69.6,72.5,75.5,71.5,11.0,7.1,12.0,0.2,0.2,2.6,3.6,5.95,4.19,23.0,2.29,12.0,0.5,0.4,0.2,-4.26,0.0,3.11,-0.97,23.0,3.85,12.0,0.5,0.4,0.2,-2.4,0.0,2.66,0.03,23.0,2.79,12.0,0.5,0.4,0.2,1011.9,1012.95,1014.61,1012.94,26.0,1.44,12.0,0.5,0.4,0.2,0.0,0.0,3.0,1.0,26.0,1.9,12.0,0.5,0.4,0.2,-26.1,0.0,10.4,-10.0,23.0,28.5,12.0,0.5,0.4,0.2,-9.9,0.0,9.6,-2.0,23.0,16.9,12.0,0.5,0.4,0.2,-1.12,-0.3,0.62,-0.32,26.0,1.13,12.0,0.5,0.4,0.2,-3.9,0.0,4.5,0.0,23.0,5.3,12.0,0.5,0.4,0.2,4.19,5.46,7.7,5.93,11.0,2.54,12.0,0.2,0.4,0.2,8.8,16.9,40.2,25.3,11.0,22.8,12.0,0.2,0.4,0.2,-112.3,0.0,82.2,-25.0,23.0,102.5,12.0,0.5,0.4,0.2,-64.0,0.0,76.8,1.8,23.0,76.3,12.0,0.5,0.4,0.2,-86.2,-19.9,50.8,-20.9,11.0,69.0,12.0,0.2,0.4,0.2,-45.3,0.0,24.5,-10.6,11.0,33.8,12.0,0.2,0.4,0.2,-32.1,-6.1,14.4,-10.9,11.0,28.8,12.0,0.2,0.4,0.2,-17.5,0.0,7.1,-2.4,11.0,16.2,12.0,0.2,0.4,0.2,17.5,46.5,212.0,148.5,23.0,274.0,12.0,0.5,0.4,0.2,20.0,45.0,210.0,150.0,23.0,275.0,12.0,0.5,0.4,0.2
1974,2,269.0,20.0,,,,,,,,,,,,,,,,,,,,,,,,,,,,,,,,,,,,,,,,5.76,7.4,9.04,7.4,2.0,3.39,6.0,0.0,0.3,0.5,-3.37,-1.31,0.74,-1.31,2.0,4.27,6.0,0.0,0.3,0.5,-8.52,-6.08,-3.63,-6.08,2.0,5.06,6.0,0.0,0.3,0.5,1018.0,1018.0,1018.0,1018.0,1.0,0.0,10.0,0.0,0.1,0.6,,,,,,,,,,,,,,,,,,,,,,,,,,,,,,,,,,,,,,,,,,,,,,,,,,,,,,,,,,,,,,,,,,,,,,,,,,,,,,,,,,,,,,,,,,,,,,,,,,,,,,,,,,,,,,,,,,,,,,,,,,,,,,,,,,,,,,,,,,,,,,,,,,,,,,
1974,2,269.0,21.0,23.57,24.8,25.62,24.6,3.0,1.51,12.0,0.0,0.7,0.6,23.18,24.0,24.27,23.73,3.0,0.83,12.0,0.0,0.7,0.6,17.6,17.6,17.6,17.6,1.0,0.0,10.0,0.0,1.0,0.6,92.5,92.5,92.5,92.5,1.0,0.0,10.0,0.0,0.6,5.49,8.7,10.27,7.9,3.0,3.57,12.0,0.0,0.7,0.6,-5.58,-1.37,2.13,-1.71,3.0,5.66,12.0,0.0,0.7,0.6,-8.44,-4.35,-3.95,-6.15,3.0,3.64,12.0,0.0,0.7,0.6,1013.93,1014.2,1017.48,1015.67,3.0,2.89,12.0,0.0,0.7,0.6,0.0,0.0,4.1,2.0,3.0,3.5,12.0,0.0,0.7,0.6,-46.5,-5.5,26.5,-9.9,3.0,53.6,12.0,0.0,0.7,0.6,-89.6,-37.8,-22.3,-55.5,3.0,51.7,12.0,0.0,0.7,0.6,0.26,0.4,1.49,0.87,3.0,0.99,12.0,0.0,0.7,0.6,2.6,4.4,6.9,4.7,3.0,3.1,12.0,0.0,0.7,0.6,1.92,1.92,1.92,1.92,1.0,0.0,10.0,0.0,1.0,0.6,21.1,21.1,21.1,21.1,1.0,0.0,10.0,0.0,1.0,0.6,-127.7,-32.8,52.2,-37.6,3.0,131.9,12.0,0.0,0.7,0.6,-203.6,-99.2,-93.1,-147.2,3.0,91.1,12.0,0.0,0.7,0.6,66.2,66.2,66.2,66.2,1.0,0.0,10.0,0.0,1.0,0.6,-181.9,-181.9,-181.9,-181.9,1.0,0.0,10.0,0.0,1.0,0.6,7.2,7.2,7.2,7.2,1.0,0.0,10.0,0.0,1.0,0.6,-19.8,-19.8,-19.8,-19.8,1.0,0.0,10.0,0.0,1.0,0.6,252.5,658.5,1117.5,684.5,3.0,634.0,12.0,0.0,0.7,0.6,255.0,660.0,1120.0,685.0,3.0,635.0,12.0,0.0,0.7,0.6
1974,2,269.0,22.0,23.71,24.2,25.37,24.48,5.0,1.06,10.0,0.2,0.7,0.2,19.76,22.2,26.0,22.85,4.0,3.97,10.0,0.3,0.8,0.1,14.38,14.38,14.38,14.38,1.0,0.0,2.0,0.0,0.5,0.1,78.3,78.3,78.3,78.3,1.0,0.0,2.0,0.0,0.1,5.89,10.3,11.57,8.96,5.0,3.62,10.0,0.2,0.7,0.2,-8.6,-2.31,-1.19,-4.63,5.0,5.05,10.0,0.2,0.7,0.2,-10.42,-3.6,2.43,-3.91,5.0,6.49,10.0,0.2,0.7,0.2,1014.21,1019.0,1019.62,1017.16,5.0,3.45,10.0,0.2,0.7,0.2,0.0,1.0,6.7,3.0,5.0,3.7,10.0,0.2,0.7,0.2,-88.3,-20.3,-5.3,-47.5,5.0,67.2,10.0,0.2,0.7,0.2,-109.3,-25.9,16.9,-41.6,5.0,66.0,10.0,0.2,0.7,0.2,-1.38,1.5,3.86,1.25,4.0,3.4,10.0,0.3,0.8,0.1,-19.6,10.1,35.9,8.2,4.0,37.6,10.0,0.3,0.8,0.1,4.48,4.48,4.48,4.48,1.0,0.0,2.0,0.0,0.5,0.1,16.1,16.1,16.1,16.1,1.0,0.0,2.0,0.0,0.5,0.1,-247.5,-91.8,-26.2,-134.8,4.0,156.4,10.0,0.3,0.8,0.1,-137.8,-5.7,64.2,-35.4,4.0,125.2,10.0,0.3,0.8,0.1,-33.3,-33.3,-33.3,-33.3,1.0,0.0,2.0,0.0,0.5,0.1,39.7,39.7,39.7,39.7,1.0,0.0,2.0,0.0,0.5,0.1,-10.4,-10.4,-10.4,-10.4,1.0,0.0,2.0,0.0,0.5,0.1,12.4,12.4,12.4,12.4,1.0,0.0,2.0,0.0,0.5,0.1,254.0,1092.5,1583.5,984.0,5.0,820.5,10.0,0.2,0.7,0.2,255.0,1095.0,1585.0,985.0,5.0,820.0,10.0,0.2,0.7,0.2
1974,2,269.0,23.0,,,,,,,,,,,,,,,,,,,,,,,,,,,,,,,,,,,,,,,,5.1,5.1,5.1,5.1,1.0,0.0,6.0,0.0,0.8,0.8,-2.55,-2.55,-2.55,-2.55,1.0,0.0,6.0,0.0,0.8,0.8,4.42,4.42,4.42,4.42,1.0,0.0,6.0,0.0,0.8,0.8,1015.0,1015.0,1015.0,1015.0,1.0,0.0,6.0,0.0,0.8,0.8,0.0,0.0,0.0,0.0,1.0,0.0,6.0,0.0,0.8,0.8,-13.0,-13.0,-13.0,-13.0,1.0,0.0,6.0,0.0,0.8,0.8,22.5,22.5,22.5,22.5,1.0,0.0,6.0,0.0,0.8,0.8,,,,,,,,,,,,,,,,,,,,,,,,,,,,,,,,,,,,,,,,,-61.2,-61.2,-61.2,-61.2,1.0,0.0,6.0,0.0,0.8,0.8,106.0,106.0,106.0,106.0,1.0,0.0,6.0,0.0,0.8,0.8,-43.5,-43.5,-43.5,-43.5,1.0,0.0,6.0,0.0,0.8,0.8,75.3,75.3,75.3,75.3,1.0,0.0,6.0,0.0,0.8,0.8,,,,,,,,,,,,,,,,,,,,,,,,,,,,,,,,,,,,,,,,
1974,2,269.0,24.0,21.33,22.2,25.29,22.89,9.0,1.95,14.0,0.3,0.7,0.6,19.13,20.0,23.5,21.06,9.0,2.14,14.0,0.3,0.7,0.6,8.93,11.53,14.92,11.86,9.0,2.94,14.0,0.3,0.7,0.6,66.5,73.2,84.0,75.5,9.0,10.6,14.0,0.3,0.6,5.4,7.7,10.3,8.11,9.0,3.5,14.0,0.3,0.7,0.6,-5.59,-3.6,-0.62,-3.0,9.0,4.8,14.0,0.3,0.7,0.6,-7.32,0.0,5.26,-0.96,9.0,7.22,14.0,0.3,0.7,0.6,1013.54,1017.0,1021.22,1016.96,9.0,3.99,14.0,0.3,0.7,0.6,1.0,3.0,4.7,3.0,9.0,2.0,14.0,0.3,0.7,0.6,-37.6,-24.4,-3.5,-16.0,9.0,57.8,14.0,0.3,0.7,0.6,-54.7,0.0,43.0,-14.4,9.0,86.0,14.0,0.3,0.7,0.6,0.38,2.3,3.43,1.83,9.0,2.02,14.0,0.3,0.7,0.6,4.7,15.4,22.5,13.7,9.0,12.9,14.0,0.3,0.7,0.6,3.59,6.16,8.3,5.57,9.0,3.0,14.0,0.3,0.7,0.6,29.4,38.2,65.0,46.1,9.0,30.0,14.0,0.3,0.7,0.6,-115.3,-82.8,-12.0,-66.4,9.0,102.0,14.0,0.3,0.7,0.6,-142.8,0.0,122.6,-10.4,9.0,153.4,14.0,0.3,0.7,0.6,-74.6,-53.7,-7.1,-42.4,9.0,55.3,14.0,0.3,0.7,0.6,-75.9,0.0,66.9,1.8,9.0,82.6,14.0,0.3,0.7,0.6,-34.6,-19.6,3.1,-12.5,9.0,28.5,14.0,0.3,0.7,0.6,-55.3,-1.6,39.4,-9.1,9.0,47.1,14.0,0.3,0.7,0.6,161.0,456.5,1092.5,830.0,9.0,1124.5,14.0,0.3,0.7,0.6,160.0,455.0,1095.0,830.0,9.0,1125.0,14.0,0.3,0.7,0.6
1974,2,269.0,25.0,21.34,23.3,24.87,23.16,15.0,1.67,16.0,0.1,0.7,0.4,15.95,20.2,23.36,19.96,18.0,3.48,16.0,0.2,0.7,0.5,6.91,12.18,16.1,11.57,17.0,4.08,16.0,0.1,0.7,0.4,64.5,75.2,93.7,77.0,17.0,13.5,16.0,0.1,0.4,3.8,7.2,8.18,6.74,18.0,3.72,16.0,0.2,0.7,0.5,-6.07,-0.93,3.33,-1.57,18.0,4.38,16.0,0.2,0.7,0.5,-7.16,-0.67,4.04,-0.99,18.0,6.25,16.0,0.2,0.7,0.5,1010.65,1020.0,1026.48,1019.28,17.0,6.94,16.0,0.1,0.7,0.4,1.0,5.0,6.5,4.1,17.0,2.7,16.0,0.2,0.7,0.4,-56.4,-2.9,23.0,-15.8,18.0,41.8,16.0,0.2,0.7,0.5,-55.7,-2.4,19.0,-6.9,18.0,72.1,16.0,0.2,0.7,0.5,-1.31,2.0,7.3,3.05,15.0,4.61,16.0,0.1,0.7,0.4,-7.8,10.5,60.6,21.3,15.0,33.9,16.0,0.1,0.7,0.4,1.0,5.02,10.95,6.02,15.0,4.96,16.0,0.1,0.7,0.4,1.2,28.2,84.4,37.4,15.0,39.4,16.0,0.1,0.7,0.4,-112.6,-22.3,59.5,-29.5,18.0,84.4,16.0,0.2,0.7,0.5,-129.0,-9.8,97.0,-9.9,18.0,127.3,16.0,0.2,0.7,0.5,-62.0,-11.5,37.0,-12.0,17.0,50.2,16.0,0.1,0.7,0.4,-83.8,-8.9,63.8,-14.3,17.0,66.7,16.0,0.1,0.7,0.4,-54.3,-4.7,5.9,-16.1,15.0,36.9,16.0,0.1,0.7,0.4,-51.0,-5.1,3.1,-18.8,15.0,32.1,16.0,0.1,0.7,0.4,57.0,378.5,561.5,593.5,18.0,937.0,16.0,0.2,0.7,0.5,55.0,380.0,560.0,595.0,18.0,935.0,16.0,0.2,0.7,0.5
1974,2,269.0,26.0,20.54,23.0,25.51,22.99,17.0,2.13,16.0,0.2,0.6,0.2,16.94,20.55,24.0,20.44,18.0,3.15,16.0,0.2,0.6,0.2,6.58,9.28,15.62,10.24,17.0,3.9,16.0,0.2,0.6,0.2,55.6,64.4,83.3,67.0,17.0,14.6,16.0,0.2,0.2,3.96,5.1,10.37,6.56,19.0,3.46,16.0,0.2,0.6,0.2,-4.05,0.0,3.55,0.2,19.0,5.13,16.0,0.2,0.6,0.2,-6.76,0.0,4.19,-0.78,19.0,5.51,16.0,0.2,0.6,0.2,1011.78,1018.9,1025.81,1018.85,18.0,6.38,16.0,0.2,0.6,0.2,2.0,3.0,8.0,4.2,19.0,2.6,16.0,0.2,0.6,0.2,-20.6,0.0,26.6,7.4,19.0,54.3,16.0,0.2,0.6,0.2,-59.8,0.0,21.1,-9.8,19.0,49.1,16.0,0.2,0.6,0.2,-1.1,2.2,6.28,2.76,17.0,3.82,16.0,0.2,0.6,0.2,-8.0,6.8,50.6,18.5,17.0,30.5,16.0,0.2,0.6,0.2,2.54,7.48,10.68,7.28,17.0,4.39,16.0,0.2,0.6,0.2,11.0,29.3,94.6,50.4,17.0,45.8,16.0,0.2,0.6,0.2,-98.3,0.0,76.3,-0.6,18.0,104.3,16.0,0.2,0.6,0.2,-126.0,8.6,104.6,-2.1,18.0,112.7,16.0,0.2,0.6,0.2,-57.4,0.0,39.6,-4.3,17.0,48.7,16.0,0.2,0.6,0.2,-60.1,0.0,44.5,0.8,17.0,59.8,16.0,0.2,0.6,0.2,-30.1,0.0,38.0,5.7,17.0,45.5,16.0,0.2,0.6,0.2,-59.2,0.0,16.5,-16.5,17.0,49.0,16.0,0.2,0.6,0.2,63.5,132.5,1116.5,511.5,19.0,618.0,16.0,0.2,0.6,0.2,65.0,135.0,1115.0,510.0,19.0,620.0,16.0,0.2,0.6,0.2
1974,2,269.0,27.0,21.7,22.7,24.25,22.8,47.0,1.59,14.0,0.4,0.6,0.4,15.0,21.1,24.0,20.11,49.0,3.98,14.0,0.4,0.6,0.4,7.23,11.18,15.11,10.83,45.0,3.66,14.0,0.4,0.6,0.4,54.1,72.5,83.4,70.6,45.0,13.0,14.0,0.4,0.4,5.78,8.2,11.3,8.75,49.0,2.98,14.0,0.4,0.6,0.4,-6.64,-1.34,1.73,-1.74,49.0,4.46,14.0,0.4,0.6,0.4,-8.65,4.75,8.01,1.5,49.0,7.86,14.0,0.4,0.6,0.4,1012.48,1018.6,1025.73,1019.28,49.0,6.43,14.0,0.4,0.6,0.4,1.0,5.0,7.0,4.6,48.0,2.6,14.0,0.4,0.6,0.4,-61.4,-5.7,17.3,-16.9,49.0,53.6,14.0,0.4,0.6,0.4,-90.1,29.4,72.6,6.9,49.0,88.2,14.0,0.4,0.6,0.4,-1.24,2.0,7.46,2.7,47.0,3.62,14.0,0.4,0.6,0.4,-12.2,16.3,67.9,25.6,47.0,39.0,14.0,0.4,0.6,0.4,2.61,6.07,9.64,6.16,43.0,3.36,14.0,0.4,0.6,0.4,19.2,45.5,102.7,57.4,43.0,41.6,14.0,0.4,0.6,0.4,-121.2,-27.9,34.0,-34.0,49.0,84.6,14.0,0.4,0.6,0.4,-128.3,96.7,195.1,54.8,49.0,151.4,14.0,0.4,0.6,0.4,-63.7,-15.5,16.7,-19.2,45.0,42.3,14.0,0.4,0.6,0.4,-58.3,45.7,125.0,38.3,45.0,84.6,14.0,0.4,0.6,0.4,-42.2,-2.2,8.7,-10.1,43.0,37.9,14.0,0.4,0.6,0.4,-78.4,12.8,39.0,-8.3,43.0,59.1,14.0,0.4,0.6,0.4,198.0,551.5,1443.0,916.0,49.0,1026.0,14.0,0.4,0.6,0.4,200.0,550.0,1445.0,915.0,49.0,1025.0,14.0,0.4,0.6,0.4
1974,2,269.0,28.0,16.99,20.6,22.08,19.81,11.0,2.48,16.0,0.2,0.6,0.2,12.09,15.75,22.33,16.53,12.0,5.11,16.0,0.2,0.6,0.2,5.43,6.25,12.45,8.29,8.0,3.85,16.0,0.3,0.6,0.3,59.1,68.4,75.1,68.0,8.0,10.4,16.0,0.3,0.3,3.86,10.3,11.3,8.33,11.0,3.84,16.0,0.2,0.6,0.2,-2.08,1.74,9.43,2.5,11.0,5.71,16.0,0.2,0.6,0.2,-8.57,-1.82,1.98,-2.03,11.0,6.85,16.0,0.2,0.6,0.2,1008.81,1011.0,1022.52,1015.44,11.0,8.42,16.0,0.2,0.7,0.2,1.0,4.0,8.0,4.3,11.0,3.2,16.0,0.2,0.6,0.2,-24.9,8.9,97.7,29.1,11.0,55.0,16.0,0.2,0.6,0.2,-88.4,-3.8,10.1,-20.1,11.0,78.8,16.0,0.2,0.6,0.2,-1.1,4.4,6.78,3.33,11.0,5.52,16.0,0.2,0.6,0.2,-12.5,28.6,61.4,24.3,11.0,37.2,16.0,0.2,0.6,0.2,1.59,6.03,8.79,5.46,8.0,3.73,16.0,0.3,0.6,0.3,19.8,51.6,96.6,54.2,8.0,39.4,16.0,0.3,0.6,0.3,-37.9,41.9,152.0,40.0,11.0,93.3,16.0,0.2,0.6,0.2,-121.0,-40.0,47.5,-14.3,11.0,128.1,16.0,0.2,0.6,0.2,-31.5,21.9,52.6,17.9,8.0,46.5,16.0,0.3,0.6,0.3,-56.9,-10.0,54.6,9.6,8.0,84.1,16.0,0.3,0.6,0.3,-17.8,12.6,33.7,10.3,8.0,37.8,16.0,0.3,0.6,0.3,-87.2,-12.6,0.7,-31.0,8.0,47.6,16.0,0.3,0.6,0.3,81.5,1092.5,1443.0,879.0,11.0,705.0,16.0,0.2,0.6,0.2,80.0,1095.0,1445.0,880.0,11.0,705.0,16.0,0.2,0.6,0.2
1974,2,269.0,47.0,0.43,3.5,6.57,3.5,2.0,6.36,16.0,0.0,0.7,0.5,-5.02,10.0,10.0,2.67,3.0,12.7,16.0,0.0,0.7,0.4,6.76,7.16,7.56,7.16,2.0,0.83,20.0,0.0,0.8,0.5,89.4,93.7,98.0,93.7,2.0,8.9,20.0,0.0,0.5,7.64,11.8,12.14,9.93,3.0,3.67,16.0,0.0,0.7,0.4,-10.21,-5.7,5.76,-2.3,3.0,12.06,16.0,0.0,0.7,0.4,0.0,0.0,2.75,1.35,3.0,2.33,16.0,0.0,0.7,0.4,999.6,1009.5,1019.4,1009.5,2.0,20.51,20.0,0.0,0.8,0.5,3.3,4.0,6.0,4.7,3.0,2.1,16.0,0.0,0.7,0.4,-113.6,-32.5,79.0,-17.6,3.0,141.7,16.0,0.0,0.7,0.4,0.0,0.0,32.5,15.9,3.0,27.5,16.0,0.0,0.7,0.4,0.06,4.5,8.94,4.5,2.0,9.19,16.0,0.0,0.7,0.5,11.9,62.0,112.0,62.0,2.0,103.7,16.0,0.0,0.7,0.5,0.0,0.0,0.0,0.0,1.0,0.0,28.0,0.0,0.8,0.9,0.0,0.0,0.0,0.0,1.0,0.0,28.0,0.0,0.8,0.9,-3.7,110.9,135.9,67.2,3.0,109.1,16.0,0.0,0.7,0.4,0.0,0.0,27.5,13.5,3.0,23.3,16.0,0.0,0.7,0.4,-17.9,24.2,66.3,24.2,2.0,87.2,20.0,0.0,0.8,0.5,5.0,15.6,26.3,15.6,2.0,22.1,20.0,0.0,0.8,0.5,0.0,0.0,0.0,0.0,1.0,0.0,28.0,0.0,0.8,0.9,0.0,0.0,0.0,0.0,1.0,0.0,28.0,0.0,0.8,0.9,648.0,1643.0,1791.5,1229.5,3.0,911.0,16.0,0.0,0.7,0.4,650.0,1645.0,1790.0,1230.0,3.0,910.0,16.0,0.0,0.7,0.4
1974,2,270.0,-25.0,,,,,,,,,,,,,,,,,,,,,,,,,,,,,,,,,,,,,,,,9.3,9.3,9.3,9.3,1.0,0.0,2.0,1.0,0.1,0.9,-9.3,-9.3,-9.3,-9.3,1.0,0.0,2.0,1.0,0.1,0.9,0.0,0.0,0.0,0.0,1.0,0.0,2.0,1.0,0.1,0.9,1018.5,1018.5,1018.5,1018.5,1.0,0.0,2.0,1.0,0.1,0.9,5.0,5.0,5.0,5.0,1.0,0.0,2.0,1.0,0.1,0.9,-86.5,-86.5,-86.5,-86.5,1.0,0.0,2.0,1.0,0.1,0.9,0.0,0.0,0.0,0.0,1.0,0.0,2.0,1.0,0.1,0.9,,,,,,,,,,,,,,,,,,,,,,,,,,,,,,,,,,,,,,,,,-176.7,-176.7,-176.7,-176.7,1.0,0.0,2.0,1.0,0.1,0.9,0.0,0.0,0.0,0.0,1.0,0.0,2.0,1.0,0.1,0.9,-103.7,-103.7,-103.7,-103.7,1.0,0.0,2.0,1.0,0.1,0.9,0.0,0.0,0.0,0.0,1.0,0.0,2.0,1.0,0.1,0.9,,,,,,,,,,,,,,,,,,,,,,,,,,,,,,,,,,,,,,,,
1974,2,270.0,-13.0,23.6,23.6,24.15,23.87,3.0,0.46,12.0,1.0,0.8,1.0,24.6,24.6,25.62,25.1,3.0,0.87,12.0,1.0,0.8,1.0,13.9,13.9,13.9,13.9,1.0,0.0,12.0,1.0,0.9,1.0,72.3,72.3,72.3,72.3,1.0,0.0,12.0,1.0,1.0,6.0,6.0,6.0,6.0,1.0,0.0,12.0,1.0,0.9,1.0,-5.91,-5.91,-5.91,-5.91,1.0,0.0,12.0,1.0,0.9,1.0,1.04,1.04,1.04,1.04,1.0,0.0,12.0,1.0,0.9,1.0,1014.7,1014.7,1014.7,1014.7,1.0,0.0,12.0,1.0,0.9,1.0,3.0,3.0,3.7,3.3,3.0,0.6,12.0,1.0,0.8,1.0,-35.5,-35.5,-35.5,-35.5,1.0,0.0,12.0,1.0,0.9,1.0,6.3,6.3,6.3,6.3,1.0,0.0,12.0,1.0,0.9,1.0,-1.48,-1.0,-1.0,-1.23,3.0,0.4,12.0,1.0,0.8,1.0,-6.0,-6.0,-6.0,-6.0,1.0,0.0,12.0,1.0,0.9,1.0,4.24,4.24,4.24,4.24,1.0,0.0,12.0,1.0,0.9,1.0,25.4,25.4,25.4,25.4,1.0,0.0,12.0,1.0,0.9,1.0,-145.4,-145.4,-145.4,-145.4,1.0,0.0,12.0,1.0,0.9,1.0,25.6,25.6,25.6,25.6,1.0,0.0,12.0,1.0,0.9,1.0,-82.1,-82.1,-82.1,-82.1,1.0,0.0,12.0,1.0,0.9,1.0,14.5,14.5,14.5,14.5,1.0,0.0,12.0,1.0,0.9,1.0,-25.0,-25.0,-25.0,-25.0,1.0,0.0,12.0,1.0,0.9,1.0,4.4,4.4,4.4,4.4,1.0,0.0,12.0,1.0,0.9,1.0,216.0,216.0,216.0,216.0,1.0,0.0,12.0,1.0,0.9,1.0,215.0,215.0,215.0,215.0,1.0,0.0,12.0,1.0,0.9,1.0
1974,2,270.0,-12.0,24.43,24.5,24.5,24.47,3.0,0.06,12.0,1.0,0.4,0.1,26.1,26.1,26.1,26.1,3.0,0.0,12.0,1.0,0.4,0.1,14.34,14.35,14.36,14.35,2.0,0.02,12.0,1.0,0.5,0.1,68.3,68.3,68.3,68.3,2.0,0.0,12.0,1.0,0.1,4.16,4.5,4.84,4.5,2.0,0.71,12.0,1.0,0.5,0.1,-4.78,-4.46,-4.15,-4.46,2.0,0.65,12.0,1.0,0.5,0.1,0.14,0.43,0.73,0.43,2.0,0.61,12.0,1.0,0.5,0.1,1013.1,1013.75,1014.4,1013.75,2.0,1.34,12.0,1.0,0.5,0.1,4.3,5.0,5.0,4.7,3.0,0.6,12.0,1.0,0.4,0.1,-23.3,-20.3,-17.4,-20.3,2.0,6.1,12.0,1.0,0.5,0.1,0.7,2.2,3.7,2.2,2.0,3.1,12.0,1.0,0.5,0.1,-1.67,-1.6,-1.6,-1.63,3.0,0.06,12.0,1.0,0.4,0.1,-7.8,-7.4,-7.0,-7.4,2.0,0.8,12.0,1.0,0.5,0.1,4.72,4.76,4.8,4.76,2.0,0.09,12.0,1.0,0.5,0.1,19.6,21.5,23.3,21.5,2.0,3.8,12.0,1.0,0.5,0.1,-124.7,-116.5,-108.2,-116.5,2.0,17.1,12.0,1.0,0.5,0.1,3.6,11.3,19.1,11.3,2.0,16.0,12.0,1.0,0.5,0.1,-68.6,-64.0,-59.5,-64.0,2.0,9.5,12.0,1.0,0.5,0.1,2.0,6.2,10.5,6.2,2.0,8.8,12.0,1.0,0.5,0.1,-23.0,-21.3,-19.6,-21.3,2.0,3.5,12.0,1.0,0.5,0.1,0.7,2.1,3.5,2.1,2.0,3.0,12.0,1.0,0.5,0.1,73.5,94.5,115.5,94.5,2.0,43.0,12.0,1.0,0.5,0.1,75.0,95.0,115.0,95.0,2.0,45.0,12.0,1.0,0.5,0.1
1974,2,270.0,-7.0,25.0,25.0,25.0,25.0,1.0,0.0,2.0,0.0,0.3,1.0,24.3,24.3,24.3,24.3,1.0,0.0,2.0,0.0,0.3,1.0,14.62,14.62,14.62,14.62,1.0,0.0,2.0,0.0,0.3,1.0,77.4,77.4,77.4,77.4,1.0,0.0,2.0,0.0,1.0,2.6,2.6,2.6,2.6,1.0,0.0,2.0,0.0,0.3,1.0,0.45,0.45,0.45,0.45,1.0,0.0,2.0,0.0,0.3,1.0,2.56,2.56,2.56,2.56,1.0,0.0,2.0,0.0,0.3,1.0,1014.0,1014.0,1014.0,1014.0,1.0,0.0,2.0,0.0,0.3,1.0,2.0,2.0,2.0,2.0,1.0,0.0,2.0,0.0,0.3,1.0,1.2,1.2,1.2,1.2,1.0,0.0,2.0,0.0,0.3,1.0,6.7,6.7,6.7,6.7,1.0,0.0,2.0,0.0,0.3,1.0,0.7,0.7,0.7,0.7,1.0,0.0,2.0,0.0,0.3,1.0,1.8,1.8,1.8,1.8,1.0,0.0,2.0,0.0,0.3,1.0,5.14,5.14,5.14,5.14,1.0,0.0,2.0,0.0,0.3,1.0,13.4,13.4,13.4,13.4,1.0,0.0,2.0,0.0,0.3,1.0,11.0,11.0,11.0,11.0,1.0,0.0,2.0,0.0,0.3,1.0,62.2,62.2,62.2,62.2,1.0,0.0,2.0,0.0,0.3,1.0,6.6,6.6,6.6,6.6,1.0,0.0,2.0,0.0,0.3,1.0,37.4,37.4,37.4,37.4,1.0,0.0,2.0,0.0,0.3,1.0,2.3,2.3,2.3,2.3,1.0,0.0,2.0,0.0,0.3,1.0,13.2,13.2,13.2,13.2,1.0,0.0,2.0,0.0,0.3,1.0,17.5,17.5,17.5,17.5,1.0,0.0,2.0,0.0,0.3,1.0,20.0,20.0,20.0,20.0,1.0,0.0,2.0,0.0,0.3,1.0
1974,2,270.0,-4.0,25.95,26.65,28.19,27.05,4.0,1.45,20.0,1.0,0.8,0.7,25.93,28.5,29.01,27.68,5.0,1.65,20.0,0.8,0.6,0.6,16.95,18.24,20.43,18.67,4.0,2.26,20.0,1.0,0.8,0.7,77.4,81.3,86.1,81.7,4.0,5.7,20.0,1.0,0.7,2.83,4.1,4.1,3.48,5.0,1.13,20.0,0.8,0.6,0.6,-3.94,-3.38,-0.94,-2.56,5.0,1.76,20.0,0.8,0.6,0.6,-1.29,-0.26,1.5,0.24,5.0,2.24,20.0,0.8,0.6,0.6,1009.62,1012.4,1012.8,1011.42,5.0,1.72,20.0,0.8,0.6,0.6,2.0,3.0,5.5,3.8,5.0,2.5,20.0,0.8,0.6,0.6,-16.2,-12.2,-1.4,-9.4,5.0,7.8,20.0,0.8,0.6,0.6,-4.9,-0.4,6.1,1.2,5.0,9.1,20.0,0.8,0.6,0.6,-0.72,-0.15,0.06,-0.32,4.0,0.61,20.0,1.0,0.8,0.7,-2.9,-0.4,0.4,-1.2,4.0,2.5,20.0,1.0,0.8,0.7,2.21,4.01,5.33,3.78,4.0,2.1,20.0,1.0,0.8,0.7,4.8,11.9,20.3,12.5,4.0,9.0,20.0,1.0,0.8,0.7,-113.0,-98.8,-24.4,-73.1,5.0,51.5,20.0,0.8,0.6,0.6,-37.4,-6.8,38.6,4.6,5.0,59.2,20.0,0.8,0.6,0.6,-74.4,-45.1,-12.2,-43.4,4.0,37.6,20.0,1.0,0.8,0.7,-27.1,-14.0,33.3,2.3,4.0,45.0,20.0,1.0,0.8,0.7,-13.1,-4.6,-1.9,-7.4,4.0,8.9,20.0,1.0,0.8,0.7,-4.6,-1.2,9.4,2.2,4.0,11.4,20.0,1.0,0.8,0.7,31.0,69.0,69.0,51.5,5.0,28.5,20.0,0.8,0.6,0.6,30.0,70.0,70.0,50.0,5.0,30.0,20.0,0.8,0.6,0.6
1974,2,270.0,-3.0,24.9,25.75,26.6,25.75,2.0,1.77,4.0,1.0,0.6,0.5,26.5,26.5,28.89,27.67,3.0,2.02,10.0,1.0,0.5,0.6,18.7,19.3,19.9,19.3,2.0,1.24,4.0,1.0,0.6,0.5,86.4,89.1,91.9,89.1,2.0,5.7,4.0,1.0,0.5,1.41,2.3,3.19,2.3,2.0,1.84,4.0,1.0,0.6,0.5,-3.11,-2.05,-0.99,-2.05,2.0,2.19,4.0,1.0,0.6,0.5,0.14,0.43,0.73,0.43,2.0,0.61,4.0,1.0,0.6,0.5,1011.0,1011.0,1011.07,1011.03,3.0,0.06,10.0,1.0,0.5,0.6,2.0,4.0,4.7,3.3,3.0,2.1,10.0,1.0,0.5,0.6,-11.0,-6.7,-2.5,-6.7,2.0,8.8,4.0,1.0,0.6,0.5,0.1,0.4,0.7,0.4,2.0,0.6,4.0,1.0,0.6,0.5,-1.6,-0.75,0.1,-0.75,2.0,1.77,4.0,1.0,0.6,0.5,-1.4,-0.1,1.2,-0.1,2.0,2.7,4.0,1.0,0.6,0.5,-0.18,1.48,3.15,1.48,2.0,3.44,4.0,1.0,0.6,0.5,1.4,6.6,11.7,6.6,2.0,10.6,4.0,1.0,0.6,0.5,-82.4,-54.3,-26.3,-54.3,2.0,58.1,4.0,1.0,0.6,0.5,3.6,11.5,19.3,11.5,2.0,16.2,4.0,1.0,0.6,0.5,-57.4,-38.2,-19.0,-38.2,2.0,39.8,4.0,1.0,0.6,0.5,2.8,8.7,14.7,8.7,2.0,12.4,4.0,1.0,0.6,0.5,-11.8,-6.8,-1.8,-6.8,2.0,10.3,4.0,1.0,0.6,0.5,-0.7,-0.4,-0.1,-0.4,2.0,0.6,4.0,1.0,0.6,0.5,8.0,24.0,39.5,24.0,2.0,32.5,4.0,1.0,0.6,0.5,10.0,25.0,40.0,25.0,2.0,30.0,4.0,1.0,0.6,0.5
1974,2,270.0,-2.0,25.08,25.7,26.12,25.63,6.0,0.53,16.0,0.3,0.6,0.5,24.91,25.6,26.29,25.6,6.0,0.99,16.0,0.3,0.6,0.5,17.04,17.56,17.56,17.31,5.0,0.44,16.0,0.4,0.6,0.5,81.4,83.1,89.2,85.0,5.0,5.4,16.0,0.4,0.5,1.0,2.25,4.31,2.62,6.0,1.73,16.0,0.3,0.6,0.5,-3.0,-1.25,-0.75,-1.75,6.0,1.56,16.0,0.3,0.6,0.5,0.27,2.03,2.71,1.69,6.0,1.29,16.0,0.3,0.6,0.5,1009.15,1010.3,1011.89,1010.37,6.0,1.68,16.0,0.3,0.6,0.5,1.8,2.5,3.6,2.8,6.0,1.7,16.0,0.3,0.6,0.5,-13.2,-2.7,-0.7,-6.6,6.0,8.7,16.0,0.3,0.6,0.5,0.3,5.0,12.9,6.0,6.0,6.0,16.0,0.3,0.6,0.5,-0.21,0.05,0.4,0.03,6.0,0.59,16.0,0.3,0.6,0.5,-0.2,0.2,1.3,0.3,6.0,0.9,16.0,0.3,0.6,0.5,2.71,3.45,3.55,3.16,5.0,0.56,16.0,0.4,0.6,0.5,3.5,3.6,14.5,8.0,5.0,6.1,16.0,0.4,0.6,0.5,-75.4,-33.1,-19.5,-44.6,6.0,39.0,16.0,0.3,0.6,0.5,7.1,50.2,70.1,42.6,6.0,32.8,16.0,0.3,0.6,0.5,-55.6,-17.6,-10.5,-30.8,5.0,29.9,16.0,0.4,0.6,0.5,3.8,26.3,47.0,25.7,5.0,22.8,16.0,0.4,0.6,0.5,-10.6,-3.5,-2.2,-5.8,5.0,5.2,16.0,0.4,0.6,0.5,0.8,3.4,8.8,4.6,5.0,4.5,16.0,0.4,0.6,0.5,1.0,15.0,82.0,39.0,6.0,53.0,16.0,0.3,0.6,0.5,0.0,15.0,80.0,40.0,6.0,55.0,16.0,0.3,0.6,0.5
1974,2,270.0,-1.0,25.0,25.0,25.0,25.0,1.0,0.0,28.0,1.0,0.6,0.5,27.6,27.6,27.6,27.6,1.0,0.0,28.0,1.0,0.6,0.5,18.77,18.77,18.77,18.77,1.0,0.0,28.0,1.0,0.6,0.5,81.3,81.3,81.3,81.3,1.0,0.0,28.0,1.0,0.5,2.1,2.1,2.1,2.1,1.0,0.0,28.0,1.0,0.6,0.5,-1.82,-1.82,-1.82,-1.82,1.0,0.0,28.0,1.0,0.6,0.5,1.05,1.05,1.05,1.05,1.0,0.0,28.0,1.0,0.6,0.5,1010.4,1010.4,1010.4,1010.4,1.0,0.0,28.0,1.0,0.6,0.5,1.0,1.0,1.0,1.0,1.0,0.0,28.0,1.0,0.6,0.5,-3.8,-3.8,-3.8,-3.8,1.0,0.0,28.0,1.0,0.6,0.5,2.2,2.2,2.2,2.2,1.0,0.0,28.0,1.0,0.6,0.5,-2.6,-2.6,-2.6,-2.6,1.0,0.0,28.0,1.0,0.6,0.5,-5.5,-5.5,-5.5,-5.5,1.0,0.0,28.0,1.0,0.6,0.5,1.05,1.05,1.05,1.05,1.0,0.0,28.0,1.0,0.6,0.5,2.2,2.2,2.2,2.2,1.0,0.0,28.0,1.0,0.6,0.5,-50.2,-50.2,-50.2,-50.2,1.0,0.0,28.0,1.0,0.6,0.5,29.0,29.0,29.0,29.0,1.0,0.0,28.0,1.0,0.6,0.5,-34.1,-34.1,-34.1,-34.1,1.0,0.0,28.0,1.0,0.6,0.5,19.7,19.7,19.7,19.7,1.0,0.0,28.0,1.0,0.6,0.5,-1.9,-1.9,-1.9,-1.9,1.0,0.0,28.0,1.0,0.6,0.5,1.1,1.1,1.1,1.1,1.0,0.0,28.0,1.0,0.6,0.5,9.5,9.5,9.5,9.5,1.0,0.0,28.0,1.0,0.6,0.5,10.0,10.0,10.0,10.0,1.0,0.0,28.0,1.0,0.6,0.5
1974,2,270.0,0.0,25.28,26.3,27.32,26.3,2.0,2.12,12.0,0.0,0.4,0.8,24.11,24.55,24.99,24.55,2.0,0.92,12.0,0.0,0.4,0.8,16.58,16.67,16.76,16.67,2.0,0.19,12.0,0.0,0.4,0.8,84.8,86.5,88.3,86.5,2.0,3.6,12.0,0.0,0.8,2.76,3.1,3.44,3.1,2.0,0.71,12.0,0.0,0.4,0.8,-1.46,0.25,1.96,0.25,2.0,3.54,12.0,0.0,0.4,0.8,1.46,1.81,2.15,1.81,2.0,0.72,12.0,0.0,0.4,0.8,1009.07,1009.85,1010.64,1009.85,2.0,1.63,12.0,0.0,0.4,0.8,7.2,7.5,7.8,7.5,2.0,0.7,12.0,0.0,0.4,0.8,-3.3,2.0,7.4,2.0,2.0,11.2,12.0,0.0,0.4,0.8,4.2,5.9,7.5,5.9,2.0,3.5,12.0,0.0,0.4,0.8,1.17,1.75,2.33,1.75,2.0,1.2,12.0,0.0,0.4,0.8,3.8,5.0,6.2,5.0,2.0,2.5,12.0,0.0,0.4,0.8,3.65,4.85,6.06,4.85,2.0,2.5,12.0,0.0,0.4,0.8,12.1,14.2,16.3,14.2,2.0,4.3,12.0,0.0,0.4,0.8,-37.3,4.6,46.4,4.6,2.0,86.7,12.0,0.0,0.4,0.8,36.3,44.0,51.7,44.0,2.0,15.9,12.0,0.0,0.4,0.8,-24.6,3.9,32.4,3.9,2.0,59.0,12.0,0.0,0.4,0.8,24.5,30.1,35.7,30.1,2.0,11.6,12.0,0.0,0.4,0.8,-11.2,-3.2,4.8,-3.2,2.0,16.6,12.0,0.0,0.4,0.8,7.4,7.9,8.4,7.9,2.0,1.0,12.0,0.0,0.4,0.8,22.0,32.0,42.0,32.0,2.0,20.5,12.0,0.0,0.4,0.8,20.0,30.0,40.0,30.0,2.0,20.0,12.0,0.0,0.4,0.8
1974,2,270.0,2.0,26.45,27.2,27.95,27.2,2.0,1.56,12.0,1.0,0.6,0.7,26.35,26.9,27.45,26.9,2.0,1.13,12.0,1.0,0.6,0.7,18.66,18.66,18.66,18.66,1.0,0.0,22.0,1.0,0.6,0.5,80.3,80.3,80.3,80.3,1.0,0.0,22.0,1.0,0.5,2.07,3.3,4.53,3.3,2.0,2.55,12.0,1.0,0.6,0.7,0.04,0.13,0.22,0.13,2.0,0.18,12.0,1.0,0.6,0.7,2.05,3.29,4.53,3.29,2.0,2.56,12.0,1.0,0.6,0.7,1010.3,1010.5,1010.7,1010.5,2.0,0.42,12.0,1.0,0.6,0.7,2.6,4.0,5.4,4.0,2.0,2.8,12.0,1.0,0.6,0.7,0.1,0.2,0.3,0.2,2.0,0.3,12.0,1.0,0.6,0.7,6.0,14.1,22.2,14.1,2.0,16.8,12.0,1.0,0.6,0.7,0.1,0.3,0.5,0.3,2.0,0.42,12.0,1.0,0.6,0.7,0.1,0.5,0.8,0.5,2.0,0.6,12.0,1.0,0.6,0.7,5.49,5.49,5.49,5.49,1.0,0.0,22.0,1.0,0.6,0.5,8.2,8.2,8.2,8.2,1.0,0.0,22.0,1.0,0.6,0.5,1.1,3.6,6.1,3.6,2.0,5.1,12.0,1.0,0.6,0.7,55.5,87.0,118.5,87.0,2.0,65.2,12.0,1.0,0.6,0.7,4.9,4.9,4.9,4.9,1.0,0.0,22.0,1.0,0.6,0.5,27.6,27.6,27.6,27.6,1.0,0.0,22.0,1.0,0.6,0.5,1.4,1.4,1.4,1.4,1.0,0.0,22.0,1.0,0.6,0.5,8.1,8.1,8.1,8.1,1.0,0.0,22.0,1.0,0.6,0.5,24.0,68.0,112.0,68.0,2.0,91.5,12.0,1.0,0.6,0.7,25.0,70.0,110.0,70.0,2.0,90.0,12.0,1.0,0.6,0.7
1974,2,270.0,3.0,27.59,28.0,28.61,28.1,3.0,0.75,22.0,1.0,0.7,0.6,26.99,27.75,28.3,27.65,4.0,0.77,20.0,0.8,0.6,0.5,17.93,18.09,18.25,18.09,2.0,0.33,26.0,1.0,0.8,0.6,81.2,81.2,81.2,81.2,2.0,0.0,26.0,1.0,0.6,1.5,1.8,2.36,1.93,4.0,0.53,20.0,0.8,0.6,0.5,-0.25,0.96,1.8,0.78,4.0,1.61,20.0,0.8,0.6,0.5,-1.15,-0.8,0.63,-0.29,4.0,1.3,20.0,0.8,0.6,0.5,1010.39,1010.7,1011.28,1010.83,4.0,0.71,20.0,0.8,0.6,0.5,2.0,4.0,6.5,4.3,4.0,2.6,20.0,0.8,0.6,0.5,-0.8,1.4,4.2,1.7,4.0,3.9,20.0,0.8,0.6,0.5,-1.7,-1.4,1.2,-0.3,4.0,2.5,20.0,0.8,0.6,0.5,0.33,0.6,1.01,0.67,3.0,0.5,22.0,1.0,0.7,0.6,0.6,0.9,2.0,1.3,3.0,1.1,22.0,1.0,0.7,0.6,4.77,5.2,5.64,5.2,2.0,0.89,26.0,1.0,0.8,0.6,11.9,12.1,12.2,12.1,2.0,0.3,26.0,1.0,0.8,0.6,-6.0,27.3,49.5,22.0,4.0,43.6,20.0,0.8,0.6,0.5,-32.5,-22.4,16.7,-8.6,4.0,35.7,20.0,0.8,0.6,0.5,-12.8,11.4,35.7,11.4,2.0,50.2,26.0,1.0,0.8,0.6,-2.4,10.2,22.9,10.2,2.0,26.2,26.0,1.0,0.8,0.6,-4.8,1.9,8.6,1.9,2.0,13.9,26.0,1.0,0.8,0.6,-0.2,3.7,7.6,3.7,2.0,8.1,26.0,1.0,0.8,0.6,3.5,6.5,13.5,8.5,4.0,6.5,20.0,0.8,0.6,0.5,5.0,5.0,15.0,10.0,4.0,5.0,20.0,0.8,0.6,0.5
1974,2,270.0,4.0,27.24,27.75,28.26,27.75,2.0,1.06,18.0,0.5,0.5,0.7,26.29,26.7,27.11,26.7,2.0,0.85,18.0,0.5,0.5,0.7,17.19,17.86,18.53,17.86,2.0,1.39,18.0,0.5,0.5,0.7,80.6,81.6,82.7,81.6,2.0,2.2,18.0,0.5,0.7,2.1,2.1,2.1,2.1,1.0,0.0,18.0,0.0,0.2,0.8,0.36,0.36,0.36,0.36,1.0,0.0,18.0,0.0,0.2,0.8,-2.07,-2.07,-2.07,-2.07,1.0,0.0,18.0,0.0,0.2,0.8,1012.83,1012.9,1012.97,1012.9,2.0,0.14,18.0,0.5,0.5,0.7,6.3,7.0,7.7,7.0,2.0,1.4,18.0,0.5,0.5,0.7,0.8,0.8,0.8,0.8,1.0,0.0,18.0,0.0,0.2,0.8,-4.3,-4.3,-4.3,-4.3,1.0,0.0,18.0,0.0,0.2,0.8,0.95,1.05,1.15,1.05,2.0,0.21,18.0,0.5,0.5,0.7,1.9,1.9,1.9,1.9,1.0,0.0,18.0,0.0,0.2,0.8,5.44,5.48,5.52,5.48,2.0,0.08,18.0,0.5,0.5,0.7,11.4,11.4,11.4,11.4,1.0,0.0,18.0,0.0,0.2,0.8,9.5,9.5,9.5,9.5,1.0,0.0,18.0,0.0,0.2,0.8,-54.0,-54.0,-54.0,-54.0,1.0,0.0,18.0,0.0,0.2,0.8,6.2,6.2,6.2,6.2,1.0,0.0,18.0,0.0,0.2,0.8,-34.9,-34.9,-34.9,-34.9,1.0,0.0,18.0,0.0,0.2,0.8,2.0,2.0,2.0,2.0,1.0,0.0,18.0,0.0,0.2,0.8,-11.2,-11.2,-11.2,-11.2,1.0,0.0,18.0,0.0,0.2,0.8,9.5,9.5,9.5,9.5,1.0,0.0,18.0,0.0,0.2,0.8,10.0,10.0,10.0,10.0,1.0,0.0,18.0,0.0,0.2,0.8
1974,2,270.0,5.0,26.65,26.75,26.85,26.75,2.0,0.21,10.0,0.0,0.6,0.6,25.59,26.0,26.41,26.0,2.0,0.85,10.0,0.0,0.6,0.6,16.66,16.71,16.75,16.71,2.0,0.09,10.0,0.0,0.6,0.6,77.4,79.7,81.9,79.7,2.0,4.7,10.0,0.0,0.6,2.26,2.6,2.94,2.6,2.0,0.71,10.0,0.0,0.6,0.6,0.49,1.55,2.61,1.55,2.0,2.19,10.0,0.0,0.6,0.6,-1.77,-1.05,-0.33,-1.05,2.0,1.48,10.0,0.0,0.6,0.6,1009.3,1010.8,1012.3,1010.8,2.0,3.11,10.0,0.0,0.6,0.6,4.2,4.5,4.8,4.5,2.0,0.7,10.0,0.0,0.6,0.6,1.5,4.8,8.1,4.8,2.0,6.8,10.0,0.0,0.6,0.6,-3.7,-2.2,-0.7,-2.2,2.0,3.1,10.0,0.0,0.6,0.6,0.24,0.75,1.26,0.75,2.0,1.06,10.0,0.0,0.6,0.6,0.5,1.6,2.7,1.6,2.0,2.2,10.0,0.0,0.6,0.6,5.25,5.31,5.37,5.31,2.0,0.12,10.0,0.0,0.6,0.6,12.1,13.8,15.4,13.8,2.0,3.5,10.0,0.0,0.6,0.6,13.1,41.2,69.4,41.2,2.0,58.3,10.0,0.0,0.6,0.6,-44.9,-26.7,-8.5,-26.7,2.0,37.7,10.0,0.0,0.6,0.6,8.2,25.8,43.4,25.8,2.0,36.5,10.0,0.0,0.6,0.6,-29.6,-17.6,-5.6,-17.6,2.0,24.9,10.0,0.0,0.6,0.6,2.6,8.1,13.6,8.1,2.0,11.5,10.0,0.0,0.6,0.6,-9.5,-5.7,-1.8,-5.7,2.0,8.0,10.0,0.0,0.6,0.6,12.5,19.5,26.5,19.5,2.0,14.5,10.0,0.0,0.6,0.6,15.0,20.0,25.0,20.0,2.0,15.0,10.0,0.0,0.6,0.6
1974,2,270.0,6.0,25.99,27.7,28.75,27.44,5.0,1.44,16.0,0.2,0.8,0.2,24.85,26.8,30.0,27.28,5.0,2.62,16.0,0.2,0.8,0.2,16.11,16.57,16.6,16.36,3.0,0.41,10.0,0.3,0.6,0.4,76.0,83.9,85.3,80.7,3.0,7.4,10.0,0.3,0.4,1.0,2.1,4.1,2.46,5.0,1.56,16.0,0.2,0.8,0.2,0.0,0.0,0.56,0.26,5.0,0.41,16.0,0.2,0.8,0.2,-4.1,-2.1,0.13,-1.94,5.0,2.25,16.0,0.2,0.8,0.2,1009.54,1009.8,1012.05,1010.64,5.0,1.59,16.0,0.2,0.8,0.2,0.0,0.0,5.4,2.2,5.0,3.0,16.0,0.2,0.8,0.2,0.0,0.0,0.6,0.3,5.0,0.4,16.0,0.2,0.8,0.2,-16.8,-4.4,0.1,-7.5,5.0,8.7,16.0,0.2,0.8,0.2,-1.73,-0.7,2.22,0.16,5.0,2.5,16.0,0.2,0.8,0.2,-7.1,-0.7,3.8,-1.3,5.0,6.8,16.0,0.2,0.8,0.2,4.54,5.27,7.5,6.0,3.0,2.26,10.0,0.3,0.6,0.4,4.5,5.3,13.9,9.1,3.0,7.6,10.0,0.3,0.6,0.4,0.0,0.0,14.5,6.7,5.0,10.9,16.0,0.2,0.8,0.2,-123.0,-52.5,2.6,-56.9,5.0,66.0,16.0,0.2,0.8,0.2,1.8,5.7,12.0,6.9,3.0,7.5,10.0,0.3,0.6,0.4,-25.5,-5.4,8.9,-8.2,3.0,25.3,10.0,0.3,0.6,0.4,0.5,1.4,3.8,2.1,3.0,2.5,10.0,0.3,0.6,0.4,-12.8,-1.8,2.1,-5.3,3.0,11.3,10.0,0.3,0.6,0.4,1.0,9.5,69.0,30.0,5.0,36.0,16.0,0.2,0.8,0.2,0.0,10.0,70.0,30.0,5.0,35.0,16.0,0.2,0.8,0.2
1974,2,270.0,7.0,24.71,25.55,25.86,25.3,4.0,0.91,10.0,1.0,0.8,0.5,26.07,26.95,28.14,27.1,4.0,1.45,10.0,1.0,0.8,0.5,17.04,18.07,20.35,18.68,3.0,2.48,10.0,1.0,0.9,0.6,80.6,81.5,84.1,82.4,3.0,2.7,10.0,1.0,0.6,0.98,3.1,4.12,2.57,3.0,2.35,10.0,1.0,0.9,0.6,-0.55,0.0,0.72,0.09,3.0,0.93,10.0,1.0,0.9,0.6,-4.02,-2.91,-0.92,-2.48,3.0,2.3,10.0,1.0,0.9,0.6,1011.37,1012.1,1012.62,1012.0,4.0,0.91,10.0,1.0,0.8,0.5,1.5,4.0,7.0,4.3,4.0,3.3,10.0,1.0,0.8,0.5,-2.5,0.0,2.2,-0.1,3.0,3.5,10.0,1.0,0.9,0.6,-17.1,-9.0,-2.9,-10.0,3.0,10.5,10.0,1.0,0.9,0.6,-2.6,-1.55,-1.03,-1.8,4.0,1.22,10.0,1.0,0.8,0.5,-6.3,-5.0,-1.6,-4.0,3.0,3.6,10.0,1.0,0.9,0.6,-0.04,2.04,2.32,1.16,3.0,1.89,10.0,1.0,0.9,0.6,2.4,7.6,8.8,5.7,3.0,5.0,10.0,1.0,0.9,0.6,-13.9,0.0,19.7,2.8,3.0,24.7,10.0,1.0,0.9,0.6,-104.0,-79.2,-25.1,-64.9,3.0,59.1,10.0,1.0,0.9,0.6,-9.0,0.0,13.1,2.0,3.0,16.3,10.0,1.0,0.9,0.6,-67.9,-52.6,-16.7,-42.6,3.0,38.5,10.0,1.0,0.9,0.6,-1.1,0.0,1.8,0.3,3.0,2.1,10.0,1.0,0.9,0.6,-8.6,-7.1,-2.3,-5.5,3.0,4.9,10.0,1.0,0.9,0.6,9.5,30.0,76.0,42.5,3.0,50.0,10.0,1.0,0.9,0.6,10.0,30.0,75.0,40.0,3.0,50.0,10.0,1.0,0.9,0.6
1974,2,270.0,8.0,23.73,24.5,27.83,25.41,19.0,2.54,18.0,0.4,0.6,0.4,23.36,25.6,26.01,24.85,19.0,1.62,18.0,0.4,0.6,0.4,15.09,16.07,17.72,16.12,12.0,1.22,16.0,0.3,0.6,0.4,81.2,85.5,91.7,86.6,12.0,5.7,16.0,0.3,0.4,1.5,5.1,7.7,5.15,18.0,2.92,18.0,0.4,0.6,0.4,-5.36,-2.31,0.0,-2.78,18.0,3.1,18.0,0.4,0.6,0.4,-5.55,-4.38,0.0,-3.39,18.0,2.58,18.0,0.4,0.6,0.4,1009.49,1010.8,1012.03,1010.83,19.0,1.31,18.0,0.4,0.6,0.4,0.9,2.0,5.1,2.6,19.0,2.1,18.0,0.4,0.6,0.4,-40.3,-8.7,0.0,-21.4,18.0,28.3,18.0,0.4,0.6,0.4,-45.4,-26.0,0.0,-23.5,18.0,20.4,18.0,0.4,0.6,0.4,-1.61,0.3,2.91,0.56,19.0,2.14,18.0,0.4,0.6,0.4,-4.4,1.5,17.4,5.5,18.0,14.4,18.0,0.4,0.6,0.4,1.1,2.79,6.18,3.31,12.0,2.81,16.0,0.3,0.6,0.4,1.4,12.9,49.1,23.7,11.0,31.1,18.0,0.3,0.6,0.4,-135.8,-61.4,0.0,-68.8,18.0,75.0,18.0,0.4,0.6,0.4,-141.4,-104.6,0.0,-84.7,18.0,65.5,18.0,0.4,0.6,0.4,-99.6,-32.4,9.8,-43.0,11.0,54.9,18.0,0.3,0.6,0.4,-78.8,-61.3,0.0,-46.8,11.0,45.3,18.0,0.3,0.6,0.4,-25.3,-4.0,1.0,-14.7,11.0,26.4,18.0,0.3,0.6,0.4,-37.6,-6.4,0.0,-15.2,11.0,20.0,18.0,0.3,0.6,0.4,3.5,132.5,456.5,263.5,18.0,324.0,18.0,0.4,0.6,0.4,5.0,135.0,455.0,265.0,18.0,325.0,18.0,0.4,0.6,0.4
1974,2,270.0,9.0,22.2,23.8,27.88,24.36,14.0,2.55,14.0,0.2,0.5,0.3,23.0,23.95,25.43,24.38,16.0,2.05,14.0,0.3,0.5,0.2,14.92,15.83,16.96,15.78,11.0,1.42,16.0,0.3,0.5,0.2,83.5,87.0,90.0,86.8,11.0,6.0,16.0,0.3,0.2,2.71,5.1,7.7,5.08,15.0,2.28,14.0,0.3,0.5,0.2,-5.69,-3.14,0.0,-2.62,15.0,2.75,14.0,0.3,0.5,0.2,-5.32,-3.66,-1.44,-3.64,15.0,1.94,14.0,0.3,0.5,0.2,1009.8,1010.65,1013.04,1011.11,16.0,2.04,14.0,0.3,0.5,0.2,0.0,0.5,4.6,1.7,16.0,2.3,14.0,0.3,0.5,0.2,-43.8,-12.9,0.0,-16.4,15.0,20.3,14.0,0.3,0.5,0.2,-40.5,-20.9,-5.0,-22.0,15.0,17.3,14.0,0.3,0.5,0.2,-1.6,0.25,1.97,-0.01,14.0,2.74,14.0,0.2,0.5,0.3,-11.6,0.0,5.5,-1.4,13.0,18.0,14.0,0.2,0.5,0.3,0.32,2.6,3.78,2.58,10.0,2.52,16.0,0.3,0.5,0.2,1.5,6.9,28.1,13.7,9.0,13.2,16.0,0.3,0.5,0.2,-129.5,-75.4,0.0,-62.6,15.0,65.1,14.0,0.3,0.5,0.2,-126.8,-89.4,-34.9,-89.6,15.0,52.2,14.0,0.3,0.5,0.2,-76.4,-44.0,0.0,-35.9,10.0,45.3,16.0,0.3,0.5,0.2,-87.7,-61.4,-30.2,-58.6,10.0,27.8,16.0,0.3,0.5,0.2,-21.5,-3.2,0.0,-7.7,9.0,12.0,16.0,0.3,0.5,0.2,-18.6,-3.5,-1.1,-9.2,9.0,8.8,16.0,0.3,0.5,0.2,20.5,132.5,456.5,203.0,15.0,191.0,14.0,0.3,0.5,0.2,20.0,135.0,455.0,205.0,15.0,190.0,14.0,0.3,0.5,0.2
1974,2,270.0,10.0,22.9,24.0,26.4,24.44,23.0,1.73,14.0,0.4,0.6,0.6,23.46,25.0,26.6,25.08,25.0,1.56,14.0,0.4,0.6,0.6,15.0,15.59,16.7,15.76,17.0,1.01,16.0,0.4,0.6,0.7,76.3,79.0,86.2,80.6,18.0,5.8,16.0,0.3,0.7,3.1,6.2,9.22,5.74,27.0,3.08,12.0,0.4,0.6,0.6,-7.48,-4.04,-0.13,-4.36,27.0,3.03,12.0,0.4,0.6,0.6,-5.93,-2.91,0.0,-2.86,27.0,2.51,12.0,0.4,0.6,0.6,1010.0,1011.25,1013.51,1011.51,26.0,1.76,12.0,0.4,0.6,0.6,0.0,0.0,2.0,1.0,27.0,1.9,12.0,0.4,0.6,0.6,-66.2,-19.9,-0.4,-32.5,27.0,31.3,12.0,0.4,0.6,0.6,-44.9,-10.8,0.0,-19.8,27.0,22.5,12.0,0.4,0.6,0.6,-2.17,-0.5,1.3,-0.32,21.0,2.01,14.0,0.4,0.6,0.6,-8.2,0.0,7.2,-0.6,21.0,10.0,14.0,0.4,0.6,0.6,1.37,2.65,6.48,3.46,17.0,2.5,16.0,0.4,0.6,0.7,3.1,15.2,36.4,19.9,17.0,18.6,16.0,0.4,0.6,0.7,-175.3,-107.6,-23.8,-108.7,25.0,71.9,14.0,0.4,0.6,0.6,-147.1,-80.7,-14.5,-75.9,25.0,60.1,14.0,0.4,0.6,0.6,-109.2,-63.0,-29.6,-66.3,17.0,39.8,16.0,0.4,0.6,0.7,-73.4,-40.8,-6.0,-41.0,17.0,32.4,16.0,0.4,0.6,0.7,-28.8,-11.6,-2.4,-17.0,17.0,16.0,16.0,0.4,0.6,0.7,-18.0,-4.5,0.0,-9.0,17.0,10.9,16.0,0.4,0.6,0.7,30.0,238.5,786.0,337.0,27.0,353.5,12.0,0.4,0.6,0.6,30.0,240.0,785.0,335.0,27.0,355.0,12.0,0.4,0.6,0.6
1974,2,270.0,11.0,24.0,26.55,27.71,25.96,32.0,1.9,14.0,0.3,0.5,0.4,25.0,26.0,27.11,25.89,34.0,1.37,14.0,0.3,0.5,0.4,14.61,15.35,16.75,15.67,21.0,1.76,16.0,0.2,0.6,0.4,68.9,76.9,82.1,75.5,22.0,6.4,16.0,0.2,0.3,1.5,4.1,7.7,4.99,34.0,3.25,14.0,0.3,0.5,0.4,-7.47,-3.55,-0.81,-4.08,34.0,3.23,14.0,0.3,0.5,0.4,-4.23,-1.51,0.0,-1.97,34.0,2.15,14.0,0.3,0.5,0.4,1009.43,1011.0,1013.2,1011.58,33.0,1.97,14.0,0.3,0.5,0.4,0.0,0.0,2.0,0.8,34.0,1.3,14.0,0.3,0.5,0.4,-59.1,-14.6,-1.0,-30.0,34.0,36.7,14.0,0.3,0.5,0.4,-28.9,-8.7,0.0,-13.8,34.0,18.9,14.0,0.3,0.5,0.4,-1.91,0.1,2.2,0.05,32.0,2.1,14.0,0.3,0.5,0.4,-9.1,0.0,12.3,-0.2,32.0,15.4,14.0,0.3,0.5,0.4,1.31,6.38,7.91,5.31,21.0,2.89,16.0,0.2,0.6,0.4,3.9,22.7,50.2,27.7,21.0,30.1,16.0,0.2,0.6,0.4,-198.4,-94.3,-20.5,-105.7,34.0,83.9,14.0,0.3,0.5,0.4,-106.3,-42.3,0.0,-49.7,34.0,53.3,14.0,0.3,0.5,0.4,-103.7,-59.3,-2.6,-63.6,21.0,52.9,16.0,0.2,0.6,0.4,-57.3,-20.6,0.0,-26.0,21.0,34.8,16.0,0.2,0.6,0.4,-45.7,-8.0,0.0,-22.7,21.0,29.0,16.0,0.2,0.6,0.4,-26.6,-2.4,0.0,-8.2,21.0,16.2,16.0,0.2,0.6,0.4,3.5,69.0,456.5,293.0,34.0,471.0,14.0,0.3,0.5,0.4,5.0,70.0,455.0,295.0,34.0,470.0,14.0,0.3,0.5,0.4
1974,2,270.0,12.0,23.97,24.7,25.93,25.05,18.0,1.41,14.0,0.3,0.5,0.3,25.27,26.0,27.54,26.36,19.0,1.32,14.0,0.3,0.5,0.3,14.25,15.67,17.63,15.84,17.0,1.77,14.0,0.3,0.6,0.2,66.3,74.3,79.3,73.7,17.0,6.9,14.0,0.3,0.2,2.6,5.1,7.93,5.41,19.0,2.72,14.0,0.3,0.5,0.3,-7.38,-3.55,0.0,-3.43,19.0,3.83,14.0,0.3,0.5,0.3,-5.11,-0.89,1.22,-1.42,19.0,3.01,14.0,0.3,0.5,0.3,1010.43,1011.5,1013.31,1011.83,19.0,1.58,14.0,0.3,0.5,0.3,0.0,1.0,3.0,1.5,19.0,1.6,14.0,0.3,0.5,0.3,-59.9,-13.1,0.0,-24.6,19.0,35.0,14.0,0.3,0.5,0.3,-27.5,-4.5,4.3,-10.0,19.0,24.4,14.0,0.3,0.5,0.3,-2.62,-1.65,0.18,-1.33,18.0,1.67,14.0,0.3,0.5,0.3,-15.9,-5.4,0.5,-8.3,18.0,14.8,14.0,0.3,0.5,0.3,2.54,4.53,6.0,4.29,16.0,2.04,14.0,0.3,0.6,0.2,7.6,14.2,45.2,23.5,16.0,17.4,14.0,0.3,0.6,0.2,-191.2,-92.5,0.0,-90.7,19.0,102.0,14.0,0.3,0.5,0.3,-142.2,-23.7,31.1,-38.2,19.0,81.1,14.0,0.3,0.5,0.3,-115.4,-63.2,0.0,-53.4,17.0,63.8,14.0,0.3,0.6,0.2,-85.6,-33.1,20.8,-23.3,17.0,51.1,14.0,0.3,0.6,0.2,-33.4,-7.7,0.0,-10.8,16.0,21.3,14.0,0.3,0.6,0.2,-15.2,-4.4,6.2,-4.8,16.0,17.0,14.0,0.3,0.6,0.2,17.5,132.5,506.5,282.5,19.0,375.0,14.0,0.3,0.5,0.3,20.0,135.0,505.0,285.0,19.0,375.0,14.0,0.3,0.5,0.3
1974,2,270.0,21.0,23.33,23.5,24.2,23.7,5.0,0.47,18.0,0.2,0.6,0.8,20.11,22.6,24.17,22.3,5.0,2.37,18.0,0.2,0.6,0.8,14.86,15.13,15.4,15.13,2.0,0.56,10.0,0.5,0.8,0.7,77.1,79.2,81.3,79.2,2.0,4.3,10.0,0.5,0.7,6.52,7.2,8.07,7.3,5.0,0.96,18.0,0.2,0.6,0.8,-7.28,-6.11,-1.87,-4.36,5.0,5.38,18.0,0.2,0.6,0.8,-3.37,-1.08,3.46,-0.24,5.0,3.84,18.0,0.2,0.6,0.8,1011.66,1019.0,1023.2,1017.62,5.0,6.03,18.0,0.2,0.6,0.8,0.5,2.5,4.0,2.3,4.0,2.1,14.0,0.3,0.6,0.8,-56.9,-45.4,-11.5,-33.7,5.0,40.1,18.0,0.2,0.6,0.8,-25.2,-6.7,27.0,-1.6,5.0,28.7,18.0,0.2,0.6,0.8,-0.73,0.6,4.09,1.4,5.0,2.75,18.0,0.2,0.6,0.8,-4.9,5.2,27.8,9.5,5.0,18.1,18.0,0.2,0.6,0.8,2.68,2.9,3.12,2.9,2.0,0.45,10.0,0.5,0.8,0.7,18.5,21.0,23.6,21.0,2.0,5.3,10.0,0.5,0.8,0.7,-155.1,-138.0,-28.2,-89.9,5.0,125.8,18.0,0.2,0.6,0.8,-74.2,-21.1,82.8,-2.0,5.0,90.8,18.0,0.2,0.6,0.8,-60.5,-3.6,53.2,-3.6,2.0,117.8,10.0,0.5,0.8,0.7,-50.7,-3.0,44.7,-3.0,2.0,98.8,10.0,0.5,0.8,0.7,-13.9,-2.9,8.1,-2.9,2.0,22.8,10.0,0.5,0.8,0.7,-11.6,-2.4,6.8,-2.4,2.0,19.1,10.0,0.5,0.8,0.7,278.0,373.0,530.5,405.5,5.0,163.0,18.0,0.2,0.6,0.8,280.0,375.0,530.0,405.0,5.0,165.0,18.0,0.2,0.6,0.8
1974,2,270.0,22.0,24.13,25.0,26.13,25.26,7.0,1.9,14.0,0.7,0.5,0.2,21.38,23.9,25.04,23.59,7.0,1.86,14.0,0.7,0.5,0.2,13.28,15.42,16.15,14.75,4.0,2.35,16.0,0.8,0.4,0.2,75.5,83.5,89.4,82.5,4.0,8.3,16.0,0.8,0.2,3.1,5.1,6.2,4.81,7.0,1.42,14.0,0.7,0.5,0.2,-4.03,-3.0,3.09,-1.0,7.0,3.59,14.0,0.7,0.5,0.2,-5.24,0.0,1.56,-0.69,7.0,3.8,14.0,0.7,0.5,0.2,1011.62,1015.6,1022.78,1016.57,7.0,6.7,14.0,0.7,0.5,0.2,0.8,3.0,3.4,2.5,6.0,1.8,12.0,0.7,0.6,0.2,-24.8,-9.0,9.8,-6.5,7.0,17.1,14.0,0.7,0.5,0.2,-31.5,0.0,6.9,-4.4,7.0,23.1,14.0,0.7,0.5,0.2,-0.01,0.8,3.28,1.67,7.0,1.97,14.0,0.7,0.5,0.2,0.0,5.0,17.0,8.4,7.0,9.0,14.0,0.7,0.5,0.2,3.45,6.24,7.74,5.62,4.0,2.82,16.0,0.8,0.4,0.2,18.4,33.1,38.8,28.8,4.0,16.2,16.0,0.8,0.4,0.2,-102.9,-64.2,71.3,-22.6,7.0,83.7,14.0,0.7,0.5,0.2,-113.2,0.0,37.8,-14.5,7.0,92.0,14.0,0.7,0.5,0.2,-10.0,31.9,56.3,23.6,4.0,43.3,16.0,0.8,0.4,0.2,-77.3,-33.7,8.4,-34.4,4.0,52.3,16.0,0.8,0.4,0.2,-8.7,5.6,19.2,5.3,4.0,21.8,16.0,0.8,0.4,0.2,-35.0,-16.5,5.6,-14.8,4.0,23.8,16.0,0.8,0.4,0.2,29.5,132.5,238.5,136.0,7.0,96.0,14.0,0.7,0.5,0.2,30.0,135.0,240.0,135.0,7.0,95.0,14.0,0.7,0.5,0.2
1974,2,270.0,23.0,21.2,21.2,21.2,21.2,1.0,0.0,18.0,0.0,0.4,0.5,23.0,23.0,23.0,23.0,1.0,0.0,18.0,0.0,0.4,0.5,11.92,11.92,11.92,11.92,1.0,0.0,18.0,0.0,0.4,0.5,68.5,68.5,68.5,68.5,1.0,0.0,18.0,0.0,0.5,5.1,5.1,5.1,5.1,1.0,0.0,18.0,0.0,0.4,0.5,-3.28,-3.28,-3.28,-3.28,1.0,0.0,18.0,0.0,0.4,0.5,-3.91,-3.91,-3.91,-3.91,1.0,0.0,18.0,0.0,0.4,0.5,1016.3,1016.3,1016.3,1016.3,1.0,0.0,18.0,0.0,0.4,0.5,3.0,3.0,3.0,3.0,1.0,0.0,18.0,0.0,0.4,0.5,-16.7,-16.7,-16.7,-16.7,1.0,0.0,18.0,0.0,0.4,0.5,-19.9,-19.9,-19.9,-19.9,1.0,0.0,18.0,0.0,0.4,0.5,-1.8,-1.8,-1.8,-1.8,1.0,0.0,18.0,0.0,0.4,0.5,-9.2,-9.2,-9.2,-9.2,1.0,0.0,18.0,0.0,0.4,0.5,3.7,3.7,3.7,3.7,1.0,0.0,18.0,0.0,0.4,0.5,18.9,18.9,18.9,18.9,1.0,0.0,18.0,0.0,0.4,0.5,-75.4,-75.4,-75.4,-75.4,1.0,0.0,18.0,0.0,0.4,0.5,-89.9,-89.9,-89.9,-89.9,1.0,0.0,18.0,0.0,0.4,0.5,-39.1,-39.1,-39.1,-39.1,1.0,0.0,18.0,0.0,0.4,0.5,-46.6,-46.6,-46.6,-46.6,1.0,0.0,18.0,0.0,0.4,0.5,-12.1,-12.1,-12.1,-12.1,1.0,0.0,18.0,0.0,0.4,0.5,-14.5,-14.5,-14.5,-14.5,1.0,0.0,18.0,0.0,0.4,0.5,132.5,132.5,132.5,132.5,1.0,0.0,18.0,0.0,0.4,0.5,135.0,135.0,135.0,135.0,1.0,0.0,18.0,0.0,0.4,0.5
1974,2,270.0,24.0,21.19,22.75,26.0,23.34,26.0,2.16,16.0,0.3,0.6,0.4,17.66,21.55,23.4,20.77,26.0,2.97,16.0,0.3,0.6,0.4,7.29,11.02,13.65,10.91,26.0,3.0,16.0,0.3,0.6,0.4,60.1,71.0,84.1,70.7,26.0,12.8,16.0,0.3,0.4,5.07,7.45,10.3,7.53,26.0,3.05,16.0,0.3,0.6,0.4,-5.82,-1.71,1.35,-1.79,26.0,3.59,16.0,0.3,0.6,0.4,-10.14,-5.45,0.96,-4.81,26.0,5.3,16.0,0.3,0.6,0.4,1013.96,1020.0,1025.58,1019.78,26.0,5.93,16.0,0.3,0.6,0.4,2.0,4.0,8.0,4.5,26.0,2.7,16.0,0.3,0.6,0.4,-39.5,-8.9,10.5,-13.1,26.0,34.2,16.0,0.3,0.6,0.4,-104.5,-31.1,5.0,-46.2,26.0,58.6,16.0,0.3,0.6,0.4,-1.16,3.25,5.83,2.58,26.0,3.69,16.0,0.3,0.6,0.4,-6.9,21.5,57.8,24.4,26.0,30.0,16.0,0.3,0.6,0.4,3.09,6.49,11.17,6.99,26.0,3.91,16.0,0.3,0.6,0.4,18.9,52.2,92.6,54.4,26.0,35.9,16.0,0.3,0.6,0.4,-114.0,-34.0,31.7,-36.4,26.0,70.7,16.0,0.3,0.6,0.4,-184.4,-117.6,21.4,-90.7,26.0,107.4,16.0,0.3,0.6,0.4,-54.7,-13.4,14.7,-17.8,26.0,39.6,16.0,0.3,0.6,0.4,-102.8,-47.9,12.1,-47.0,26.0,60.1,16.0,0.3,0.6,0.4,-44.1,-9.5,15.7,-13.8,26.0,29.5,16.0,0.3,0.6,0.4,-80.4,-32.7,3.4,-37.0,26.0,43.3,16.0,0.3,0.6,0.4,130.5,415.0,1092.5,639.5,26.0,699.5,16.0,0.3,0.6,0.4,130.0,415.0,1095.0,640.0,26.0,700.0,16.0,0.3,0.6,0.4
1974,2,270.0,25.0,22.25,23.8,25.81,23.61,16.0,2.18,14.0,0.4,0.4,0.4,17.98,21.0,24.46,20.88,17.0,3.39,16.0,0.4,0.4,0.4,7.97,9.37,13.9,10.23,15.0,2.67,14.0,0.4,0.4,0.4,61.7,67.2,72.5,67.2,15.0,7.0,14.0,0.4,0.4,2.6,4.85,9.07,5.82,16.0,3.66,14.0,0.4,0.4,0.4,-4.91,-1.37,3.85,-1.33,16.0,4.01,14.0,0.4,0.4,0.4,-5.62,-0.36,4.44,-0.9,16.0,5.54,14.0,0.4,0.4,0.4,1012.22,1017.6,1025.35,1018.9,17.0,5.85,16.0,0.4,0.4,0.4,0.5,4.0,6.0,3.8,17.0,2.6,16.0,0.4,0.4,0.4,-28.2,-8.3,16.4,-10.7,16.0,36.9,14.0,0.4,0.4,0.4,-39.4,-1.5,28.7,-6.6,16.0,60.0,14.0,0.4,0.4,0.4,-1.12,3.5,5.66,2.93,16.0,3.73,14.0,0.4,0.4,0.4,-10.7,11.7,30.7,17.6,15.0,35.6,14.0,0.4,0.4,0.4,4.41,7.8,10.57,7.74,15.0,3.06,14.0,0.4,0.4,0.4,25.8,32.0,64.9,48.4,15.0,40.2,14.0,0.4,0.4,0.4,-92.5,-32.0,78.5,-28.7,16.0,88.5,14.0,0.4,0.4,0.4,-119.1,-6.7,101.9,-7.5,16.0,115.1,14.0,0.4,0.4,0.4,-44.7,-25.2,38.4,-14.1,15.0,47.1,14.0,0.4,0.4,0.4,-61.9,-6.3,45.9,-2.7,15.0,61.3,14.0,0.4,0.4,0.4,-33.0,-9.8,27.3,-6.5,15.0,30.0,14.0,0.4,0.4,0.4,-50.7,-4.0,29.3,-17.3,15.0,53.5,14.0,0.4,0.4,0.4,17.5,115.0,749.0,446.0,16.0,706.0,14.0,0.4,0.4,0.4,20.0,115.0,750.0,445.0,16.0,705.0,14.0,0.4,0.4,0.4
1974,2,270.0,26.0,22.2,23.15,24.4,23.18,36.0,1.31,14.0,0.3,0.7,0.6,16.09,19.5,22.83,19.47,38.0,3.18,14.0,0.3,0.6,0.6,7.03,9.34,12.45,9.65,34.0,2.82,16.0,0.2,0.6,0.6,57.1,66.5,80.7,68.9,34.0,11.0,16.0,0.2,0.6,5.1,6.95,10.3,7.73,36.0,3.36,16.0,0.3,0.6,0.6,-5.8,0.0,4.18,-1.01,36.0,4.74,16.0,0.3,0.6,0.6,-9.47,-4.3,4.28,-2.69,36.0,6.46,16.0,0.3,0.6,0.6,1014.11,1019.45,1026.84,1020.22,38.0,5.95,14.0,0.3,0.6,0.6,2.0,4.0,7.0,4.2,36.0,2.2,14.0,0.3,0.6,0.6,-39.3,0.0,34.6,-10.1,36.0,48.5,16.0,0.3,0.6,0.6,-92.4,-29.5,22.6,-34.8,36.0,76.0,16.0,0.3,0.6,0.6,0.96,3.15,7.23,3.77,36.0,2.94,14.0,0.3,0.7,0.6,4.6,20.2,68.4,34.6,34.0,35.1,16.0,0.3,0.7,0.6,5.65,7.87,10.96,7.95,32.0,2.54,16.0,0.3,0.7,0.6,34.9,58.1,105.9,68.7,30.0,41.6,16.0,0.3,0.7,0.6,-92.3,0.0,91.5,-15.7,36.0,87.4,16.0,0.3,0.6,0.6,-150.0,-71.8,96.1,-38.5,36.0,121.6,16.0,0.3,0.6,0.6,-45.2,-10.2,47.9,-6.2,32.0,46.1,16.0,0.3,0.7,0.6,-75.0,-36.0,53.3,-18.6,32.0,62.0,16.0,0.3,0.7,0.6,-64.6,-6.7,36.5,-14.2,30.0,43.1,16.0,0.3,0.7,0.6,-94.1,-41.1,23.8,-35.7,30.0,56.8,16.0,0.3,0.7,0.6,132.5,347.5,1092.5,755.5,36.0,1143.0,16.0,0.3,0.6,0.6,135.0,345.0,1095.0,755.0,36.0,1145.0,16.0,0.3,0.6,0.6
1974,2,270.0,27.0,21.7,22.2,23.3,22.57,39.0,1.19,16.0,0.3,0.5,0.2,14.49,20.6,23.3,19.7,38.0,3.84,16.0,0.3,0.5,0.2,7.31,9.27,15.05,10.36,33.0,3.52,16.0,0.3,0.5,0.2,53.4,72.6,86.7,70.1,33.0,15.7,16.0,0.3,0.2,5.1,7.7,12.27,8.27,39.0,3.15,16.0,0.3,0.5,0.2,-4.74,-1.82,5.06,-0.44,39.0,5.07,16.0,0.3,0.5,0.2,-7.69,0.0,7.24,-0.26,39.0,7.35,16.0,0.3,0.5,0.2,1010.98,1017.25,1025.66,1017.69,38.0,6.74,16.0,0.3,0.5,0.2,0.0,3.0,7.0,3.6,38.0,2.7,16.0,0.3,0.5,0.2,-43.7,-3.8,33.4,-2.2,39.0,52.8,16.0,0.3,0.5,0.2,-67.9,0.0,65.2,-4.6,39.0,80.3,16.0,0.3,0.5,0.2,-1.01,1.95,7.28,2.86,38.0,3.76,16.0,0.3,0.5,0.2,-9.3,13.7,53.7,22.3,38.0,36.4,16.0,0.3,0.5,0.2,1.98,7.32,9.99,6.57,33.0,3.64,16.0,0.3,0.5,0.2,18.2,36.7,85.7,50.4,33.0,39.2,16.0,0.3,0.5,0.2,-107.6,-13.2,98.3,-10.0,38.0,109.0,16.0,0.3,0.5,0.2,-129.8,-9.3,166.5,7.7,38.0,145.2,16.0,0.3,0.5,0.2,-47.6,-12.1,49.0,-2.8,33.0,58.8,16.0,0.3,0.5,0.2,-56.8,0.0,108.8,19.8,33.0,79.7,16.0,0.3,0.5,0.2,-29.7,-4.3,25.4,-3.7,33.0,31.3,16.0,0.3,0.5,0.2,-61.4,0.0,25.2,-21.3,33.0,51.9,16.0,0.3,0.5,0.2,132.5,456.5,1848.0,810.5,39.0,803.5,16.0,0.3,0.5,0.2,135.0,455.0,1850.0,810.0,39.0,805.0,16.0,0.3,0.5,0.2
1974,2,270.0,28.0,18.45,20.55,23.19,20.81,16.0,2.66,10.0,0.1,0.6,0.4,11.35,17.5,22.64,16.97,17.0,5.21,12.0,0.1,0.7,0.5,6.19,9.44,14.68,9.81,15.0,3.81,10.0,0.1,0.7,0.5,63.6,81.0,91.4,77.4,15.0,14.6,10.0,0.1,0.5,5.23,8.7,9.69,7.75,15.0,2.51,12.0,0.1,0.7,0.5,0.0,1.95,6.04,2.21,15.0,3.83,12.0,0.1,0.7,0.5,-8.48,-5.98,5.23,-2.17,15.0,6.76,12.0,0.1,0.7,0.5,1013.19,1016.1,1024.75,1018.29,17.0,6.34,12.0,0.1,0.7,0.5,0.0,4.0,7.0,4.1,17.0,2.8,12.0,0.1,0.7,0.5,0.0,15.0,46.5,17.8,15.0,36.8,12.0,0.1,0.7,0.5,-78.4,-51.3,29.2,-23.9,15.0,58.5,12.0,0.1,0.7,0.5,-0.45,3.15,9.31,3.78,16.0,4.86,10.0,0.1,0.6,0.4,-2.7,26.7,92.7,36.9,14.0,44.8,12.0,0.1,0.7,0.5,0.92,6.24,9.89,5.35,14.0,4.06,10.0,0.1,0.7,0.5,6.0,51.6,79.6,44.7,13.0,38.7,12.0,0.1,0.7,0.5,0.0,38.2,102.3,37.2,15.0,64.4,12.0,0.1,0.7,0.5,-104.7,-72.8,118.8,-7.2,15.0,116.1,12.0,0.1,0.7,0.5,0.4,26.7,41.8,22.8,14.0,31.5,12.0,0.1,0.7,0.5,-57.8,-31.4,83.3,3.6,14.0,71.4,12.0,0.1,0.7,0.5,-2.0,16.9,37.5,22.3,13.0,27.7,12.0,0.1,0.7,0.5,-64.7,-22.0,8.5,-24.6,13.0,41.3,12.0,0.1,0.7,0.5,144.5,658.5,911.0,586.0,15.0,361.5,12.0,0.1,0.7,0.5,145.0,660.0,910.0,585.0,15.0,360.0,12.0,0.1,0.7,0.5
1974,2,270.0,29.0,20.81,22.55,24.29,22.55,2.0,3.61,12.0,0.0,0.8,0.1,14.52,17.15,19.78,17.15,2.0,5.44,12.0,0.0,0.8,0.1,7.87,7.87,7.87,7.87,1.0,0.0,20.0,0.0,1.0,0.0,83.1,83.1,83.1,83.1,1.0,0.0,20.0,0.0,0.0,5.02,5.05,5.08,5.05,2.0,0.07,12.0,0.0,0.8,0.1,0.07,2.08,4.09,2.08,2.0,4.17,12.0,0.0,0.8,0.1,1.53,2.9,4.28,2.9,2.0,2.86,12.0,0.0,0.8,0.1,1011.44,1011.75,1012.06,1011.75,2.0,0.64,12.0,0.0,0.8,0.1,0.0,0.0,0.0,0.0,1.0,0.0,20.0,0.0,1.0,0.0,0.4,10.6,20.9,10.6,2.0,21.2,12.0,0.0,0.8,0.1,7.7,14.6,21.4,14.6,2.0,14.2,12.0,0.0,0.8,0.1,4.51,5.4,6.29,5.4,2.0,1.84,12.0,0.0,0.8,0.1,22.7,27.3,32.0,27.3,2.0,9.7,12.0,0.0,0.8,0.1,6.68,6.68,6.68,6.68,1.0,0.0,20.0,0.0,1.0,0.0,34.1,34.1,34.1,34.1,1.0,0.0,20.0,0.0,1.0,0.0,-4.7,24.3,53.3,24.3,2.0,60.1,12.0,0.0,0.8,0.1,26.3,57.6,88.9,57.6,2.0,64.8,12.0,0.0,0.8,0.1,39.5,39.5,39.5,39.5,1.0,0.0,20.0,0.0,1.0,0.0,7.0,7.0,7.0,7.0,1.0,0.0,20.0,0.0,1.0,0.0,33.6,33.6,33.6,33.6,1.0,0.0,20.0,0.0,1.0,0.0,5.9,5.9,5.9,5.9,1.0,0.0,20.0,0.0,1.0,0.0,126.0,129.0,131.5,129.0,2.0,5.5,12.0,0.0,0.8,0.1,125.0,130.0,130.0,130.0,2.0,5.0,12.0,0.0,0.8,0.1
1974,2,271.0,-25.0,,,,,,,,,,,,,,,,,,,,,,,,,,,,,,,,,,,,,,,,8.7,8.7,8.7,8.7,1.0,0.0,2.0,0.0,0.4,0.2,-7.53,-7.53,-7.53,-7.53,1.0,0.0,2.0,0.0,0.4,0.2,4.35,4.35,4.35,4.35,1.0,0.0,2.0,0.0,0.4,0.2,1018.5,1018.5,1018.5,1018.5,1.0,0.0,2.0,0.0,0.4,0.2,4.0,4.0,4.0,4.0,1.0,0.0,2.0,0.0,0.4,0.2,-65.5,-65.5,-65.5,-65.5,1.0,0.0,2.0,0.0,0.4,0.2,37.8,37.8,37.8,37.8,1.0,0.0,2.0,0.0,0.4,0.2,,,,,,,,,,,,,,,,,,,,,,,,,,,,,,,,,,,,,,,,,-143.2,-143.2,-143.2,-143.2,1.0,0.0,2.0,0.0,0.4,0.2,82.7,82.7,82.7,82.7,1.0,0.0,2.0,0.0,0.4,0.2,-79.8,-79.8,-79.8,-79.8,1.0,0.0,2.0,0.0,0.4,0.2,46.1,46.1,46.1,46.1,1.0,0.0,2.0,0.0,0.4,0.2,,,,,,,,,,,,,,,,,,,,,,,,,,,,,,,,,,,,,,,,
1974,2,271.0,-13.0,23.55,23.65,23.75,23.65,2.0,0.21,12.0,0.5,0.4,0.9,22.8,22.8,22.8,22.8,2.0,0.0,12.0,0.5,0.4,0.9,13.87,13.96,14.05,13.96,2.0,0.19,12.0,0.5,0.4,0.9,80.4,80.9,81.4,80.9,2.0,1.1,12.0,0.5,0.9,4.32,5.0,5.68,5.0,2.0,1.41,12.0,0.5,0.4,0.9,-4.18,-3.3,-2.41,-3.3,2.0,1.84,12.0,0.5,0.4,0.9,3.53,3.66,3.79,3.66,2.0,0.28,12.0,0.5,0.4,0.9,1013.1,1013.1,1013.1,1013.1,2.0,0.0,12.0,0.5,0.4,0.9,5.0,5.0,5.0,5.0,2.0,0.0,12.0,0.5,0.4,0.9,-24.5,-17.8,-11.1,-17.8,2.0,13.8,12.0,0.5,0.4,0.9,15.3,18.5,21.7,18.5,2.0,6.6,12.0,0.5,0.4,0.9,0.75,0.85,0.95,0.85,2.0,0.21,12.0,0.5,0.4,0.9,4.0,4.1,4.2,4.1,2.0,0.1,12.0,0.5,0.4,0.9,4.05,4.26,4.46,4.26,2.0,0.42,12.0,0.5,0.4,0.9,19.1,21.0,22.9,21.0,2.0,3.9,12.0,0.5,0.4,0.9,-95.4,-75.2,-55.0,-75.2,2.0,41.9,12.0,0.5,0.4,0.9,80.4,83.5,86.5,83.5,2.0,6.3,12.0,0.5,0.4,0.9,-58.9,-46.2,-33.6,-46.2,2.0,26.2,12.0,0.5,0.4,0.9,48.9,51.1,53.3,51.1,2.0,4.6,12.0,0.5,0.4,0.9,-16.8,-13.7,-10.6,-13.7,2.0,6.4,12.0,0.5,0.4,0.9,15.3,15.5,15.7,15.5,2.0,0.4,12.0,0.5,0.4,0.9,88.0,140.0,192.0,140.0,2.0,107.5,12.0,0.5,0.4,0.9,90.0,140.0,190.0,140.0,2.0,105.0,12.0,0.5,0.4,0.9
1974,2,271.0,-5.0,25.0,25.0,25.0,25.0,1.0,0.0,2.0,1.0,0.8,0.2,24.5,24.5,24.5,24.5,1.0,0.0,2.0,1.0,0.8,0.2,16.89,16.89,16.89,16.89,1.0,0.0,2.0,1.0,0.8,0.2,88.1,88.1,88.1,88.1,1.0,0.0,2.0,1.0,0.2,3.1,3.1,3.1,3.1,1.0,0.0,2.0,1.0,0.8,0.2,-1.55,-1.55,-1.55,-1.55,1.0,0.0,2.0,1.0,0.8,0.2,2.68,2.68,2.68,2.68,1.0,0.0,2.0,1.0,0.8,0.2,1012.3,1012.3,1012.3,1012.3,1.0,0.0,2.0,1.0,0.8,0.2,6.0,6.0,6.0,6.0,1.0,0.0,2.0,1.0,0.8,0.2,-4.8,-4.8,-4.8,-4.8,1.0,0.0,2.0,1.0,0.8,0.2,8.3,8.3,8.3,8.3,1.0,0.0,2.0,1.0,0.8,0.2,0.5,0.5,0.5,0.5,1.0,0.0,2.0,1.0,0.8,0.2,1.6,1.6,1.6,1.6,1.0,0.0,2.0,1.0,0.8,0.2,2.9,2.9,2.9,2.9,1.0,0.0,2.0,1.0,0.8,0.2,9.0,9.0,9.0,9.0,1.0,0.0,2.0,1.0,0.8,0.2,-38.0,-38.0,-38.0,-38.0,1.0,0.0,2.0,1.0,0.8,0.2,65.8,65.8,65.8,65.8,1.0,0.0,2.0,1.0,0.8,0.2,-26.2,-26.2,-26.2,-26.2,1.0,0.0,2.0,1.0,0.8,0.2,45.3,45.3,45.3,45.3,1.0,0.0,2.0,1.0,0.8,0.2,-4.5,-4.5,-4.5,-4.5,1.0,0.0,2.0,1.0,0.8,0.2,7.8,7.8,7.8,7.8,1.0,0.0,2.0,1.0,0.8,0.2,30.0,30.0,30.0,30.0,1.0,0.0,2.0,1.0,0.8,0.2,30.0,30.0,30.0,30.0,1.0,0.0,2.0,1.0,0.8,0.2
1974,2,271.0,-4.0,,,,,,,,,,,,,,,,,,,,,,,,,,,,,,,,,,,,,,,,3.6,3.6,3.6,3.6,1.0,0.0,2.0,1.0,0.6,0.2,-3.38,-3.38,-3.38,-3.38,1.0,0.0,2.0,1.0,0.6,0.2,-1.23,-1.23,-1.23,-1.23,1.0,0.0,2.0,1.0,0.6,0.2,1012.3,1012.3,1012.3,1012.3,1.0,0.0,2.0,1.0,0.6,0.2,,,,,,,,,,,,,,,,,,,,,,,,,,,,,,,,,,,,,,,,,,,,,,,,,,,,,,,,,,,,,,,,,,,,,,,,,,,,,,,,,,,,,,,,,,,,,,,,,,,,,,,,,,,,,,,,,,,,,,,,,,,,,,,,,,,,,,,,,,,,,,,,,,,,,,
1974,2,271.0,-3.0,24.3,24.3,27.24,25.73,3.0,2.48,6.0,0.3,0.6,0.7,24.1,24.3,24.44,24.27,3.0,0.25,6.0,0.3,0.6,0.7,17.44,17.45,17.71,17.57,3.0,0.22,6.0,0.3,0.6,0.7,91.2,91.9,94.6,92.9,3.0,2.7,6.0,0.3,0.7,1.75,2.3,2.85,2.3,2.0,1.13,8.0,0.5,0.4,0.6,-2.85,-2.3,-1.75,-2.3,2.0,1.13,8.0,0.5,0.4,0.6,0.0,0.0,0.0,0.0,2.0,0.0,8.0,0.5,0.4,0.6,1010.45,1011.0,1012.57,1011.5,3.0,1.61,6.0,0.3,0.6,0.7,1.6,5.0,6.4,4.0,3.0,3.6,6.0,0.3,0.6,0.7,-8.4,-5.9,-3.4,-5.9,2.0,5.2,8.0,0.5,0.4,0.6,0.0,0.0,0.0,0.0,2.0,0.0,8.0,0.5,0.4,0.6,-0.04,0.3,3.03,1.47,3.0,2.47,6.0,0.3,0.6,0.7,0.5,2.9,5.3,2.9,2.0,5.0,8.0,0.5,0.4,0.6,1.26,1.56,5.36,3.27,3.0,3.35,6.0,0.3,0.6,0.7,5.8,7.8,9.8,7.8,2.0,4.2,8.0,0.5,0.4,0.6,-69.7,-56.2,-42.7,-56.2,2.0,27.9,8.0,0.5,0.4,0.6,0.0,0.0,0.0,0.0,2.0,0.0,8.0,0.5,0.4,0.6,-49.7,-40.1,-30.6,-40.1,2.0,19.8,8.0,0.5,0.4,0.6,0.0,0.0,0.0,0.0,2.0,0.0,8.0,0.5,0.4,0.6,-9.8,-7.8,-5.8,-7.8,2.0,4.2,8.0,0.5,0.4,0.6,0.0,0.0,0.0,0.0,2.0,0.0,8.0,0.5,0.4,0.6,7.5,16.5,25.5,16.5,2.0,18.5,8.0,0.5,0.4,0.6,10.0,15.0,25.0,15.0,2.0,20.0,8.0,0.5,0.4,0.6
1974,2,271.0,-2.0,25.16,25.5,25.84,25.5,2.0,0.71,4.0,0.5,0.5,0.9,23.57,24.8,25.62,24.6,3.0,1.51,10.0,0.7,0.4,0.8,15.96,16.01,16.06,16.01,2.0,0.11,4.0,0.5,0.5,0.9,83.1,86.6,90.2,86.6,2.0,7.4,4.0,0.5,0.9,2.6,2.6,2.6,2.6,3.0,0.0,10.0,0.7,0.4,0.8,-0.89,0.0,1.54,0.32,3.0,1.8,10.0,0.7,0.4,0.8,1.6,2.25,2.49,2.05,3.0,0.67,10.0,0.7,0.4,0.8,1008.98,1010.0,1011.09,1010.03,3.0,1.55,10.0,0.7,0.4,0.8,4.0,6.0,7.4,5.7,3.0,2.5,10.0,0.7,0.4,0.8,-2.3,0.0,4.0,0.8,3.0,4.7,10.0,0.7,0.4,0.8,4.2,5.9,6.5,5.3,3.0,1.7,10.0,0.7,0.4,0.8,1.33,1.6,1.87,1.6,2.0,0.57,4.0,0.5,0.5,0.9,3.5,4.2,4.9,4.2,2.0,1.5,4.0,0.5,0.5,0.9,3.95,4.44,4.93,4.44,2.0,1.02,4.0,0.5,0.5,0.9,10.3,11.5,12.8,11.5,2.0,2.7,4.0,0.5,0.5,0.9,-22.0,0.0,35.4,6.5,3.0,42.4,10.0,0.7,0.4,0.8,38.1,55.8,63.9,51.1,3.0,19.3,10.0,0.7,0.4,0.8,-11.7,7.8,27.2,7.8,2.0,40.3,4.0,0.5,0.5,0.9,23.3,28.4,33.5,28.4,2.0,10.6,4.0,0.5,0.5,0.9,-4.3,0.8,6.0,0.8,2.0,10.7,4.0,0.5,0.5,0.9,5.9,8.2,10.5,8.2,2.0,4.8,4.0,0.5,0.5,0.9,17.5,17.5,17.5,17.5,3.0,0.0,10.0,0.7,0.4,0.8,20.0,20.0,20.0,20.0,3.0,0.0,10.0,0.7,0.4,0.8
1974,2,271.0,-1.0,24.38,25.0,26.13,25.11,7.0,0.96,14.0,0.7,0.6,0.6,24.77,25.6,27.21,25.87,7.0,1.29,14.0,0.7,0.6,0.6,16.03,16.79,17.33,16.73,6.0,0.69,14.0,0.7,0.6,0.7,75.5,82.7,87.0,81.2,6.0,6.2,14.0,0.7,0.7,1.12,2.6,4.42,2.63,8.0,1.69,14.0,0.8,0.5,0.6,-2.22,-1.0,0.0,-1.27,8.0,1.6,14.0,0.8,0.5,0.6,0.83,1.95,2.56,1.96,8.0,1.39,14.0,0.8,0.5,0.6,1010.1,1011.15,1013.44,1011.58,8.0,2.03,14.0,0.8,0.5,0.6,3.0,3.0,6.0,4.4,8.0,2.0,14.0,0.8,0.5,0.6,-5.8,-1.7,0.0,-4.6,8.0,7.7,14.0,0.8,0.5,0.6,1.1,5.0,12.3,6.9,8.0,7.1,14.0,0.8,0.5,0.6,-1.26,-0.5,-0.18,-0.76,7.0,0.88,14.0,0.7,0.6,0.6,-2.7,-1.0,-0.9,-1.9,7.0,2.1,14.0,0.7,0.6,0.6,2.07,2.26,4.32,3.05,6.0,1.55,14.0,0.7,0.6,0.7,4.8,9.9,10.7,8.4,6.0,3.7,14.0,0.7,0.6,0.7,-59.0,-36.7,0.5,-37.7,7.0,41.7,14.0,0.7,0.6,0.6,32.0,61.6,67.5,57.0,7.0,29.3,14.0,0.7,0.6,0.6,-46.5,-16.5,1.5,-23.4,6.0,30.4,14.0,0.7,0.6,0.7,20.6,33.3,50.4,37.0,6.0,22.0,14.0,0.7,0.6,0.7,-8.0,-3.1,0.4,-3.4,6.0,4.2,14.0,0.7,0.6,0.7,2.5,7.1,10.1,6.5,6.0,3.9,14.0,0.7,0.6,0.7,2.0,17.5,89.5,38.0,8.0,49.5,14.0,0.8,0.5,0.6,0.0,20.0,90.0,40.0,8.0,50.0,14.0,0.8,0.5,0.6
1974,2,271.0,0.0,27.8,27.8,27.8,27.8,1.0,0.0,16.0,1.0,0.8,0.8,30.0,30.0,30.0,30.0,1.0,0.0,16.0,1.0,0.8,0.8,19.55,19.55,19.55,19.55,1.0,0.0,16.0,1.0,0.8,0.8,73.7,73.7,73.7,73.7,1.0,0.0,16.0,1.0,0.8,2.6,2.6,2.6,2.6,1.0,0.0,16.0,1.0,0.8,0.8,-2.25,-2.25,-2.25,-2.25,1.0,0.0,16.0,1.0,0.8,0.8,1.3,1.3,1.3,1.3,1.0,0.0,16.0,1.0,0.8,0.8,1012.5,1012.5,1012.5,1012.5,1.0,0.0,16.0,1.0,0.8,0.8,8.0,8.0,8.0,8.0,1.0,0.0,16.0,1.0,0.8,0.8,-5.9,-5.9,-5.9,-5.9,1.0,0.0,16.0,1.0,0.8,0.8,3.4,3.4,3.4,3.4,1.0,0.0,16.0,1.0,0.8,0.8,-2.2,-2.2,-2.2,-2.2,1.0,0.0,16.0,1.0,0.8,0.8,-5.7,-5.7,-5.7,-5.7,1.0,0.0,16.0,1.0,0.8,0.8,3.85,3.85,3.85,3.85,1.0,0.0,16.0,1.0,0.8,0.8,10.0,10.0,10.0,10.0,1.0,0.0,16.0,1.0,0.8,0.8,-67.5,-67.5,-67.5,-67.5,1.0,0.0,16.0,1.0,0.8,0.8,39.0,39.0,39.0,39.0,1.0,0.0,16.0,1.0,0.8,0.8,-44.0,-44.0,-44.0,-44.0,1.0,0.0,16.0,1.0,0.8,0.8,25.4,25.4,25.4,25.4,1.0,0.0,16.0,1.0,0.8,0.8,-8.7,-8.7,-8.7,-8.7,1.0,0.0,16.0,1.0,0.8,0.8,5.0,5.0,5.0,5.0,1.0,0.0,16.0,1.0,0.8,0.8,17.5,17.5,17.5,17.5,1.0,0.0,16.0,1.0,0.8,0.8,20.0,20.0,20.0,20.0,1.0,0.0,16.0,1.0,0.8,0.8
1974,2,271.0,1.0,26.2,26.2,26.2,26.2,1.0,0.0,6.0,1.0,0.9,0.9,26.1,26.1,26.1,26.1,1.0,0.0,6.0,1.0,0.9,0.9,16.51,16.51,16.51,16.51,1.0,0.0,6.0,1.0,0.9,0.9,78.2,78.2,78.2,78.2,1.0,0.0,6.0,1.0,0.9,,,,,,,,,,,,,,,,,,,,,,,,,,,,,,,,,,,,,,,,,,,,,,,,,,,,,,,,,,,,,,,,,,,,,,,,,,,,,,,,,,,,,,,,,,,,,,,,,,,,,,,,,,,,,,,,,,,,,,,,,,,,,,,,,,,,,,,,,,,,,,,,,,,,,,,,,,,,,,,,,,,,,,,,,,,,,,,,,,,,,,,,,,,,,,
1974,2,271.0,2.0,25.95,27.0,27.42,26.7,4.0,1.19,20.0,0.3,0.5,0.5,25.69,26.05,26.15,25.93,4.0,0.36,20.0,0.3,0.5,0.5,16.68,16.98,17.88,17.27,4.0,0.96,20.0,0.3,0.5,0.5,79.3,80.1,86.3,82.7,4.0,6.2,20.0,0.3,0.5,2.6,2.6,2.6,2.6,2.0,0.0,20.0,0.5,0.7,0.4,-1.6,-0.77,0.06,-0.77,2.0,1.73,20.0,0.5,0.7,0.4,1.81,2.12,2.42,2.12,2.0,0.63,20.0,0.5,0.7,0.4,1009.84,1010.25,1012.33,1011.05,4.0,1.99,20.0,0.3,0.5,0.5,1.5,3.5,6.0,3.8,4.0,2.8,20.0,0.3,0.5,0.5,-4.2,-2.0,0.2,-2.0,2.0,4.5,20.0,0.5,0.7,0.4,4.7,5.5,6.3,5.5,2.0,1.6,20.0,0.5,0.7,0.4,-0.14,1.2,1.65,0.78,4.0,1.25,20.0,0.3,0.5,0.5,4.2,4.3,4.4,4.3,2.0,0.2,20.0,0.5,0.7,0.4,3.49,4.51,5.96,4.72,4.0,1.49,20.0,0.3,0.5,0.5,10.8,13.3,15.8,13.3,2.0,5.2,20.0,0.5,0.7,0.4,-40.7,-19.4,1.9,-19.4,2.0,44.1,20.0,0.5,0.7,0.4,46.3,54.6,63.0,54.6,2.0,17.2,20.0,0.5,0.7,0.4,-30.1,-14.8,0.5,-14.8,2.0,31.7,20.0,0.5,0.7,0.4,33.1,37.3,41.4,37.3,2.0,8.6,20.0,0.5,0.7,0.4,-5.7,-2.2,1.3,-2.2,2.0,7.3,20.0,0.5,0.7,0.4,7.8,11.4,15.0,11.4,2.0,7.5,20.0,0.5,0.7,0.4,17.5,17.5,17.5,17.5,2.0,0.0,20.0,0.5,0.7,0.4,20.0,20.0,20.0,20.0,2.0,0.0,20.0,0.5,0.7,0.4
1974,2,271.0,3.0,26.71,27.15,27.59,27.15,2.0,0.92,14.0,0.0,0.4,0.3,25.69,26.1,26.51,26.1,2.0,0.85,14.0,0.0,0.4,0.3,17.15,18.11,19.06,18.11,2.0,1.98,14.0,0.0,0.4,0.3,83.1,85.4,87.7,85.4,2.0,4.8,14.0,0.0,0.3,3.42,4.1,4.78,4.1,2.0,1.41,14.0,0.0,0.4,0.3,-1.86,-0.74,0.37,-0.74,2.0,2.31,14.0,0.0,0.4,0.3,2.47,3.51,4.54,3.51,2.0,2.14,14.0,0.0,0.4,0.3,1008.93,1009.65,1010.37,1009.65,2.0,1.48,14.0,0.0,0.4,0.3,3.6,5.0,6.4,5.0,2.0,2.8,14.0,0.0,0.4,0.3,-5.5,-1.4,2.6,-1.4,2.0,8.4,14.0,0.0,0.4,0.3,9.3,15.9,22.5,15.9,2.0,13.7,14.0,0.0,0.4,0.3,1.02,1.05,1.08,1.05,2.0,0.07,14.0,0.0,0.4,0.3,3.7,4.3,4.8,4.3,2.0,1.2,14.0,0.0,0.4,0.3,4.14,4.48,4.82,4.48,2.0,0.71,14.0,0.0,0.4,0.3,14.4,18.9,23.3,18.9,2.0,9.2,14.0,0.0,0.4,0.3,-49.8,-20.4,8.9,-20.4,2.0,60.8,14.0,0.0,0.4,0.3,65.1,90.6,116.2,90.6,2.0,52.9,14.0,0.0,0.4,0.3,-36.6,-15.8,5.1,-15.8,2.0,43.2,14.0,0.0,0.4,0.3,46.0,61.4,76.8,61.4,2.0,31.9,14.0,0.0,0.4,0.3,-7.3,-2.5,2.2,-2.5,2.0,9.8,14.0,0.0,0.4,0.3,10.6,16.5,22.3,16.5,2.0,12.1,14.0,0.0,0.4,0.3,46.0,81.0,116.5,81.0,2.0,72.5,14.0,0.0,0.4,0.3,45.0,80.0,115.0,80.0,2.0,75.0,14.0,0.0,0.4,0.3
1974,2,271.0,4.0,25.42,26.7,27.46,26.45,4.0,1.28,10.0,0.3,0.3,0.5,25.29,25.8,26.21,25.75,4.0,0.6,10.0,0.3,0.3,0.5,16.42,16.79,16.81,16.62,3.0,0.32,12.0,0.3,0.4,0.4,78.6,79.5,83.2,80.9,3.0,3.6,12.0,0.3,0.4,1.5,2.6,3.91,2.7,4.0,1.88,10.0,0.3,0.3,0.5,-1.26,1.31,3.21,0.99,4.0,2.82,10.0,0.3,0.3,0.5,-1.93,0.01,0.69,-0.59,4.0,1.88,10.0,0.3,0.3,0.5,1010.59,1011.6,1012.93,1011.75,4.0,1.44,10.0,0.3,0.3,0.5,4.4,6.5,7.5,6.0,4.0,2.2,10.0,0.3,0.3,0.5,-3.4,3.2,13.5,4.9,4.0,11.3,10.0,0.3,0.3,0.5,-9.3,-0.5,1.3,-3.8,4.0,8.7,10.0,0.3,0.3,0.5,-0.37,0.65,1.78,0.7,4.0,1.34,10.0,0.3,0.3,0.5,-1.0,0.4,6.4,2.6,4.0,6.2,10.0,0.3,0.3,0.5,4.12,5.94,6.21,5.18,3.0,1.67,12.0,0.3,0.4,0.4,4.9,8.5,23.4,14.0,3.0,14.4,12.0,0.3,0.4,0.4,-32.2,34.0,81.4,25.0,4.0,71.6,10.0,0.3,0.3,0.5,-48.4,0.4,18.0,-14.5,4.0,47.3,10.0,0.3,0.3,0.5,-27.5,2.9,45.8,9.0,3.0,53.9,12.0,0.3,0.4,0.4,-40.0,-7.3,3.1,-18.2,3.0,32.9,12.0,0.3,0.4,0.4,-5.4,1.1,16.2,5.3,3.0,16.2,12.0,0.3,0.4,0.4,-13.8,-1.5,1.6,-6.0,3.0,11.9,12.0,0.3,0.4,0.4,8.5,17.5,78.0,42.0,4.0,61.0,10.0,0.3,0.3,0.5,10.0,20.0,80.0,40.0,4.0,60.0,10.0,0.3,0.3,0.5
1974,2,271.0,5.0,27.32,28.0,28.68,28.0,2.0,1.41,14.0,0.0,0.8,0.5,26.65,27.4,28.15,27.4,2.0,1.56,14.0,0.0,0.8,0.5,16.95,18.54,20.14,18.54,2.0,3.31,14.0,0.0,0.8,0.5,71.6,82.2,92.7,82.2,2.0,21.9,14.0,0.0,0.5,0.49,1.55,2.61,1.55,2.0,2.19,14.0,0.0,0.8,0.5,0.38,1.19,2.0,1.19,2.0,1.68,14.0,0.0,0.8,0.5,-1.68,-1.0,-0.32,-1.0,2.0,1.41,14.0,0.0,0.8,0.5,1010.99,1011.6,1012.21,1011.6,2.0,1.27,14.0,0.0,0.8,0.5,2.2,2.5,2.8,2.5,2.0,0.7,14.0,0.0,0.8,0.5,1.2,3.7,6.2,3.7,2.0,5.2,14.0,0.0,0.8,0.5,-5.2,-3.1,-1.0,-3.1,2.0,4.4,14.0,0.0,0.8,0.5,0.53,0.6,0.67,0.6,2.0,0.14,14.0,0.0,0.8,0.5,0.2,0.8,1.3,0.8,2.0,1.1,14.0,0.0,0.8,0.5,2.62,5.19,7.76,5.19,2.0,5.33,14.0,0.0,0.8,0.5,4.4,13.9,23.4,13.9,2.0,19.6,14.0,0.0,0.8,0.5,10.7,33.8,56.9,33.8,2.0,47.9,14.0,0.0,0.8,0.5,-47.8,-28.4,-9.0,-28.4,2.0,40.2,14.0,0.0,0.8,0.5,6.1,19.2,32.4,19.2,2.0,27.2,14.0,0.0,0.8,0.5,-27.2,-16.1,-5.1,-16.1,2.0,22.8,14.0,0.0,0.8,0.5,3.4,10.6,17.9,10.6,2.0,15.0,14.0,0.0,0.8,0.5,-15.0,-8.9,-2.8,-8.9,2.0,12.6,14.0,0.0,0.8,0.5,4.5,15.0,25.0,15.0,2.0,21.0,14.0,0.0,0.8,0.5,5.0,15.0,25.0,15.0,2.0,20.0,14.0,0.0,0.8,0.5
1974,2,271.0,6.0,27.72,28.2,28.68,28.2,2.0,0.99,20.0,1.0,0.5,0.6,27.3,27.5,27.7,27.5,2.0,0.42,20.0,1.0,0.5,0.6,17.15,17.15,17.15,17.15,1.0,0.0,28.0,1.0,0.2,0.4,73.4,73.4,73.4,73.4,1.0,0.0,28.0,1.0,0.4,1.23,2.8,4.37,2.8,2.0,3.25,20.0,1.0,0.5,0.6,-2.76,-1.64,-0.52,-1.64,2.0,2.32,20.0,1.0,0.5,0.6,-3.21,-1.7,-0.2,-1.7,2.0,3.12,20.0,1.0,0.5,0.6,1009.8,1011.3,1012.8,1011.3,2.0,3.11,20.0,1.0,0.5,0.6,0.5,1.5,2.5,1.5,2.0,2.1,20.0,1.0,0.5,0.6,-14.1,-8.4,-2.7,-8.4,2.0,11.8,20.0,1.0,0.5,0.6,-16.7,-9.8,-3.0,-9.8,2.0,14.3,20.0,1.0,0.5,0.6,0.02,0.7,1.38,0.7,2.0,1.41,20.0,1.0,0.5,0.6,-1.2,-0.3,0.5,-0.3,2.0,1.7,20.0,1.0,0.5,0.6,5.91,5.91,5.91,5.91,1.0,0.0,28.0,1.0,0.2,0.4,30.1,30.1,30.1,30.1,1.0,0.0,28.0,1.0,0.2,0.4,-76.7,-45.6,-14.5,-45.6,2.0,64.4,20.0,1.0,0.5,0.6,-89.2,-47.5,-5.8,-47.5,2.0,86.4,20.0,1.0,0.5,0.6,-56.2,-56.2,-56.2,-56.2,1.0,0.0,28.0,1.0,0.2,0.4,-67.0,-67.0,-67.0,-67.0,1.0,0.0,28.0,1.0,0.2,0.4,-19.4,-19.4,-19.4,-19.4,1.0,0.0,28.0,1.0,0.2,0.4,-23.1,-23.1,-23.1,-23.1,1.0,0.0,28.0,1.0,0.2,0.4,21.0,66.5,111.5,66.5,2.0,93.5,20.0,1.0,0.5,0.6,20.0,65.0,110.0,65.0,2.0,95.0,20.0,1.0,0.5,0.6
1974,2,271.0,7.0,26.06,27.15,28.83,27.03,8.0,1.85,18.0,0.3,0.7,0.5,25.16,27.0,27.95,26.79,9.0,1.57,18.0,0.3,0.7,0.5,15.52,16.97,18.55,16.94,6.0,1.57,20.0,0.3,0.8,0.6,77.2,79.1,82.2,79.4,6.0,4.4,20.0,0.3,0.6,1.06,2.3,5.9,3.43,8.0,2.71,18.0,0.4,0.7,0.5,-2.55,0.0,0.94,-0.34,8.0,2.16,18.0,0.4,0.7,0.5,-4.98,-2.3,-0.93,-2.88,8.0,2.54,18.0,0.4,0.7,0.5,1008.49,1009.0,1012.3,1010.38,9.0,2.32,18.0,0.3,0.7,0.5,1.3,2.0,3.0,2.1,9.0,1.2,18.0,0.3,0.7,0.5,-17.8,0.0,0.9,-3.0,8.0,13.0,18.0,0.4,0.7,0.5,-29.6,-5.9,-1.0,-15.7,8.0,21.9,18.0,0.4,0.7,0.5,-1.77,1.35,1.88,0.39,8.0,2.29,18.0,0.3,0.7,0.5,-6.6,1.7,8.5,1.4,7.0,9.2,18.0,0.3,0.7,0.5,2.74,6.83,7.11,5.04,5.0,3.41,20.0,0.2,0.8,0.6,2.6,6.9,35.4,18.5,4.0,28.8,16.0,0.3,0.8,0.5,-68.9,0.0,23.6,-8.6,8.0,59.4,18.0,0.4,0.7,0.5,-144.6,-64.0,-24.1,-79.6,8.0,70.3,18.0,0.4,0.7,0.5,-18.0,0.0,10.4,-5.2,5.0,25.5,18.0,0.4,0.8,0.5,-85.9,-28.0,-8.2,-46.7,5.0,54.0,18.0,0.4,0.8,0.5,-11.0,1.7,5.2,-2.7,4.0,12.5,16.0,0.3,0.8,0.5,-33.0,-3.0,0.6,-15.6,4.0,28.2,16.0,0.3,0.8,0.5,1.5,16.5,207.0,117.5,8.0,192.5,18.0,0.4,0.7,0.5,0.0,15.0,205.0,115.0,8.0,190.0,18.0,0.4,0.7,0.5
1974,2,271.0,8.0,24.13,26.1,27.6,25.85,22.0,1.81,18.0,0.5,0.6,0.5,23.77,24.45,26.1,24.85,26.0,1.76,18.0,0.5,0.6,0.5,14.21,16.03,17.43,16.13,20.0,2.4,20.0,0.5,0.6,0.5,74.3,85.3,90.7,82.8,20.0,7.7,20.0,0.5,0.5,3.31,5.7,9.3,6.03,25.0,2.89,18.0,0.5,0.6,0.5,-5.91,-1.61,0.41,-2.43,25.0,2.94,18.0,0.5,0.6,0.5,-7.21,-4.79,-2.79,-4.98,25.0,2.37,18.0,0.5,0.6,0.5,1008.5,1010.85,1012.5,1010.76,26.0,2.0,18.0,0.5,0.6,0.5,0.0,0.0,2.0,0.8,26.0,1.4,18.0,0.5,0.6,0.5,-51.7,-10.3,0.6,-21.2,25.0,28.0,18.0,0.5,0.6,0.5,-59.9,-29.6,-10.7,-35.8,25.0,28.7,18.0,0.5,0.6,0.5,-1.07,0.5,3.27,0.79,22.0,2.64,18.0,0.5,0.6,0.5,-10.2,2.5,18.0,6.1,21.0,20.3,18.0,0.5,0.6,0.5,1.19,5.45,8.23,4.6,17.0,3.61,20.0,0.4,0.5,0.5,6.2,23.8,59.5,29.5,16.0,30.3,20.0,0.4,0.5,0.5,-137.8,-38.8,9.9,-57.5,25.0,67.8,18.0,0.5,0.6,0.5,-187.4,-116.9,-69.3,-123.7,25.0,58.1,18.0,0.5,0.6,0.5,-86.8,-20.3,6.5,-32.5,19.0,45.0,20.0,0.5,0.6,0.5,-118.7,-79.4,-33.6,-78.0,19.0,41.7,20.0,0.5,0.6,0.5,-34.1,-4.3,0.0,-12.0,16.0,19.1,20.0,0.4,0.5,0.5,-56.5,-17.8,-3.4,-24.7,16.0,26.1,20.0,0.4,0.5,0.5,39.5,185.0,804.5,366.5,25.0,420.5,18.0,0.5,0.6,0.5,40.0,185.0,805.0,365.0,25.0,420.0,18.0,0.5,0.6,0.5
1974,2,271.0,9.0,22.8,26.0,28.71,25.89,7.0,2.75,12.0,0.0,0.4,0.1,23.74,24.2,24.52,24.04,7.0,0.76,12.0,0.0,0.4,0.1,15.61,16.93,17.44,16.62,5.0,1.2,10.0,0.0,0.4,0.1,86.6,88.1,91.9,88.8,5.0,3.2,10.0,0.0,0.1,6.05,7.2,10.01,7.59,7.0,2.54,12.0,0.0,0.4,0.1,-6.31,-4.65,-1.01,-3.99,7.0,2.8,12.0,0.0,0.4,0.1,-8.08,-6.62,-3.57,-6.03,7.0,2.17,12.0,0.0,0.4,0.1,1008.81,1010.0,1010.35,1009.79,7.0,1.91,12.0,0.0,0.4,0.1,1.9,2.0,5.0,2.7,7.0,2.1,12.0,0.0,0.4,0.1,-51.5,-43.2,-3.1,-34.6,7.0,28.9,12.0,0.0,0.4,0.1,-75.5,-49.0,-25.1,-49.6,7.0,28.4,12.0,0.0,0.4,0.1,-0.54,1.0,4.91,1.84,7.0,2.69,12.0,0.0,0.4,0.1,-3.8,3.1,36.6,15.8,7.0,23.0,12.0,0.0,0.4,0.1,1.63,2.19,4.82,3.3,5.0,2.82,10.0,0.0,0.4,0.1,8.9,12.6,42.4,25.9,5.0,28.9,10.0,0.0,0.4,0.1,-154.0,-110.7,-25.2,-95.0,7.0,65.0,12.0,0.0,0.4,0.1,-192.6,-149.6,-87.5,-144.3,7.0,51.2,12.0,0.0,0.4,0.1,-110.6,-78.7,-38.4,-74.4,5.0,40.7,10.0,0.0,0.4,0.1,-113.0,-85.5,-58.2,-87.2,5.0,33.2,10.0,0.0,0.4,0.1,-25.0,-10.9,-3.9,-14.8,5.0,14.3,10.0,0.0,0.4,0.1,-33.5,-8.3,-7.2,-20.7,5.0,25.8,10.0,0.0,0.4,0.1,228.5,373.0,1004.5,554.5,7.0,409.0,12.0,0.0,0.4,0.1,230.0,375.0,1005.0,555.0,7.0,410.0,12.0,0.0,0.4,0.1
1974,2,271.0,10.0,22.2,23.8,26.6,24.08,33.0,2.12,16.0,0.2,0.7,0.5,22.32,24.0,25.92,24.23,35.0,1.71,16.0,0.2,0.7,0.5,14.42,15.39,17.12,15.77,31.0,1.35,16.0,0.2,0.7,0.5,76.5,86.3,90.7,84.8,31.0,6.4,16.0,0.2,0.5,1.93,4.1,9.59,5.34,37.0,3.73,16.0,0.2,0.7,0.5,-8.23,-3.05,-0.73,-4.09,37.0,3.64,16.0,0.2,0.7,0.5,-4.72,-0.64,0.0,-2.13,37.0,2.86,16.0,0.2,0.7,0.5,1009.39,1011.9,1013.29,1011.44,37.0,2.38,16.0,0.2,0.7,0.5,0.0,0.0,2.0,1.0,37.0,1.7,16.0,0.2,0.7,0.5,-76.5,-9.6,-0.7,-33.3,37.0,42.8,16.0,0.2,0.7,0.5,-34.7,-1.2,0.0,-16.0,37.0,29.0,16.0,0.2,0.7,0.5,-2.02,-0.5,2.39,0.02,31.0,2.0,16.0,0.2,0.7,0.5,-9.1,-0.5,7.8,0.7,31.0,15.6,16.0,0.2,0.7,0.5,0.8,2.2,5.55,2.93,30.0,2.38,16.0,0.2,0.7,0.5,2.2,10.0,33.4,17.1,30.0,22.0,16.0,0.2,0.7,0.5,-186.8,-70.7,-16.4,-93.6,35.0,82.3,16.0,0.2,0.7,0.5,-113.4,-14.1,0.0,-51.7,35.0,69.3,16.0,0.2,0.7,0.5,-127.1,-48.6,-16.4,-64.3,31.0,53.5,16.0,0.2,0.7,0.5,-79.6,-7.6,0.0,-34.3,31.0,47.0,16.0,0.2,0.7,0.5,-20.9,-6.8,-0.4,-12.4,30.0,18.9,16.0,0.2,0.7,0.5,-15.6,-1.1,0.0,-7.7,30.0,14.4,16.0,0.2,0.7,0.5,7.5,69.0,887.0,391.0,37.0,574.0,16.0,0.2,0.7,0.5,10.0,70.0,885.0,390.0,37.0,575.0,16.0,0.2,0.7,0.5
1974,2,271.0,11.0,22.07,23.3,24.9,23.5,22.0,1.85,12.0,0.2,0.4,0.3,24.0,25.5,26.45,25.47,23.0,1.27,12.0,0.2,0.4,0.3,14.93,15.76,16.66,15.94,20.0,1.47,12.0,0.2,0.4,0.3,71.3,78.8,84.3,78.3,20.0,7.6,12.0,0.2,0.3,2.35,4.6,7.7,4.83,23.0,2.94,12.0,0.2,0.4,0.3,-6.54,-3.85,-0.89,-3.75,23.0,2.65,12.0,0.2,0.4,0.3,-4.7,-1.99,0.0,-2.1,23.0,2.59,12.0,0.2,0.4,0.3,1010.0,1011.5,1012.75,1011.36,23.0,1.54,12.0,0.2,0.4,0.3,0.0,0.0,2.0,1.1,23.0,2.0,12.0,0.2,0.4,0.3,-46.1,-19.9,-2.3,-24.8,23.0,27.6,12.0,0.2,0.4,0.3,-39.8,-6.4,0.0,-14.7,23.0,22.0,12.0,0.2,0.4,0.3,-3.3,-1.9,-0.47,-1.83,22.0,1.93,12.0,0.2,0.4,0.3,-23.5,-7.0,-0.2,-10.4,22.0,12.4,12.0,0.2,0.4,0.3,0.07,1.97,5.13,2.21,19.0,2.57,12.0,0.2,0.4,0.3,0.4,6.9,20.7,9.7,19.0,10.3,12.0,0.2,0.4,0.3,-168.4,-99.6,-21.9,-96.1,23.0,68.8,12.0,0.2,0.4,0.3,-120.1,-55.2,0.0,-54.5,23.0,68.2,12.0,0.2,0.4,0.3,-113.5,-58.5,-34.0,-64.6,20.0,42.1,12.0,0.2,0.4,0.3,-69.6,-29.2,0.0,-32.0,20.0,41.8,12.0,0.2,0.4,0.3,-16.2,-6.1,0.1,-7.6,19.0,9.0,12.0,0.2,0.4,0.3,-11.0,-0.9,0.0,-3.2,19.0,7.3,12.0,0.2,0.4,0.3,13.5,97.5,456.5,241.5,23.0,337.0,12.0,0.2,0.4,0.3,15.0,95.0,455.0,240.0,23.0,335.0,12.0,0.2,0.4,0.3
1974,2,271.0,12.0,24.84,25.8,26.76,25.8,2.0,1.98,18.0,0.5,0.3,0.7,25.63,27.0,28.37,27.0,2.0,2.83,18.0,0.5,0.3,0.7,12.79,13.44,14.09,13.44,2.0,1.34,18.0,0.5,0.3,0.7,58.5,60.5,62.6,60.5,2.0,4.2,18.0,0.5,0.7,6.86,7.2,7.54,7.2,2.0,0.71,18.0,0.5,0.3,0.7,-4.85,-4.63,-4.41,-4.63,2.0,0.45,18.0,0.5,0.3,0.7,-5.78,-5.52,-5.25,-5.52,2.0,0.54,18.0,0.5,0.3,0.7,1011.46,1012.45,1013.44,1012.45,2.0,2.05,18.0,0.5,0.3,0.7,0.0,0.0,0.0,0.0,2.0,0.0,18.0,0.5,0.3,0.7,-36.6,-33.5,-30.3,-33.5,2.0,6.5,18.0,0.5,0.3,0.7,-43.7,-39.9,-36.1,-39.9,2.0,7.8,18.0,0.5,0.3,0.7,-1.61,-1.2,-0.79,-1.2,2.0,0.85,18.0,0.5,0.3,0.7,-10.9,-8.3,-5.8,-8.3,2.0,5.3,18.0,0.5,0.3,0.7,6.83,7.39,7.96,7.39,2.0,1.17,18.0,0.5,0.3,0.7,51.3,52.8,54.4,52.8,2.0,3.2,18.0,0.5,0.3,0.7,-124.7,-124.3,-123.9,-124.3,2.0,0.8,18.0,0.5,0.3,0.7,-148.6,-148.2,-147.7,-148.2,2.0,1.0,18.0,0.5,0.3,0.7,-62.0,-61.9,-61.8,-61.9,2.0,0.1,18.0,0.5,0.3,0.7,-73.8,-73.8,-73.7,-73.8,2.0,0.1,18.0,0.5,0.3,0.7,-34.9,-33.9,-32.9,-33.9,2.0,2.1,18.0,0.5,0.3,0.7,-41.6,-40.5,-39.3,-40.5,2.0,2.5,18.0,0.5,0.3,0.7,325.5,378.5,432.0,378.5,2.0,110.0,18.0,0.5,0.3,0.7,325.0,380.0,430.0,380.0,2.0,110.0,18.0,0.5,0.3,0.7
1974,2,271.0,16.0,28.5,28.5,28.5,28.5,1.0,0.0,6.0,0.0,0.8,0.1,26.1,26.1,26.1,26.1,1.0,0.0,6.0,0.0,0.8,0.1,17.5,17.5,17.5,17.5,1.0,0.0,6.0,0.0,0.8,0.1,83.1,83.1,83.1,83.1,1.0,0.0,6.0,0.0,0.1,2.6,2.6,2.6,2.6,1.0,0.0,6.0,0.0,0.8,0.1,-0.89,-0.89,-0.89,-0.89,1.0,0.0,6.0,0.0,0.8,0.1,-2.44,-2.44,-2.44,-2.44,1.0,0.0,6.0,0.0,0.8,0.1,1013.8,1013.8,1013.8,1013.8,1.0,0.0,6.0,0.0,0.8,0.1,3.0,3.0,3.0,3.0,1.0,0.0,6.0,0.0,0.8,0.1,-2.3,-2.3,-2.3,-2.3,1.0,0.0,6.0,0.0,0.8,0.1,-6.4,-6.4,-6.4,-6.4,1.0,0.0,6.0,0.0,0.8,0.1,2.4,2.4,2.4,2.4,1.0,0.0,6.0,0.0,0.8,0.1,6.2,6.2,6.2,6.2,1.0,0.0,6.0,0.0,0.8,0.1,6.86,6.86,6.86,6.86,1.0,0.0,6.0,0.0,0.8,0.1,17.8,17.8,17.8,17.8,1.0,0.0,6.0,0.0,0.8,0.1,-23.2,-23.2,-23.2,-23.2,1.0,0.0,6.0,0.0,0.8,0.1,-63.8,-63.8,-63.8,-63.8,1.0,0.0,6.0,0.0,0.8,0.1,-15.6,-15.6,-15.6,-15.6,1.0,0.0,6.0,0.0,0.8,0.1,-42.7,-42.7,-42.7,-42.7,1.0,0.0,6.0,0.0,0.8,0.1,-6.1,-6.1,-6.1,-6.1,1.0,0.0,6.0,0.0,0.8,0.1,-16.8,-16.8,-16.8,-16.8,1.0,0.0,6.0,0.0,0.8,0.1,17.5,17.5,17.5,17.5,1.0,0.0,6.0,0.0,0.8,0.1,20.0,20.0,20.0,20.0,1.0,0.0,6.0,0.0,0.8,0.1
1974,2,271.0,17.0,,,,,,,,,,,,,,,,,,,,,,,,,,,,,,,,,,,,,,,,10.8,10.8,10.8,10.8,1.0,0.0,6.0,1.0,0.4,0.8,-10.8,-10.8,-10.8,-10.8,1.0,0.0,6.0,1.0,0.4,0.8,0.0,0.0,0.0,0.0,1.0,0.0,6.0,1.0,0.4,0.8,1015.0,1015.0,1015.0,1015.0,1.0,0.0,6.0,1.0,0.4,0.8,,,,,,,,,,,,,,,,,,,,,,,,,,,,,,,,,,,,,,,,,,,,,,,,,,,,,,,,,,,,,,,,,,,,,,,,,,,,,,,,,,,,,,,,,,,,,,,,,,,,,,,,,,,,,,,,,,,,,,,,,,,,,,,,,,,,,,,,,,,,,,,,,,,,,,
1974,2,271.0,21.0,22.35,23.1,23.17,22.77,3.0,0.67,12.0,0.7,0.3,0.6,24.66,24.8,26.3,25.47,3.0,1.33,12.0,0.7,0.3,0.6,13.98,15.02,16.07,15.02,2.0,2.16,10.0,0.5,0.4,0.4,71.2,72.6,73.9,72.6,2.0,2.8,10.0,0.5,0.4,5.7,7.0,7.82,6.77,3.0,1.56,12.0,0.7,0.3,0.6,-6.11,-4.42,2.89,-1.68,3.0,7.0,12.0,0.7,0.3,0.6,-3.21,1.22,2.13,-0.5,3.0,4.18,12.0,0.7,0.3,0.6,1014.7,1016.2,1018.11,1016.4,3.0,2.51,12.0,0.7,0.3,0.6,1.0,3.0,6.4,3.7,3.0,4.0,12.0,0.7,0.3,0.6,-40.1,-22.5,28.0,-6.4,3.0,51.8,12.0,0.7,0.3,0.6,-26.8,8.5,11.6,-7.2,3.0,31.2,12.0,0.7,0.3,0.6,-3.92,-1.6,-1.53,-2.7,3.0,1.99,12.0,0.7,0.3,0.6,-21.6,-13.1,-11.3,-16.4,3.0,8.0,12.0,0.7,0.3,0.6,0.55,1.96,3.37,1.96,2.0,2.92,10.0,0.5,0.4,0.4,4.0,13.8,23.6,13.8,2.0,20.3,10.0,0.5,0.4,0.4,-153.6,-119.3,68.5,-44.4,3.0,175.1,12.0,0.7,0.3,0.6,-79.7,29.9,56.5,-10.7,3.0,105.8,12.0,0.7,0.3,0.6,-89.9,-83.1,-76.3,-83.1,2.0,14.1,10.0,0.5,0.4,0.4,20.5,29.3,38.1,29.3,2.0,18.2,10.0,0.5,0.4,0.4,-23.2,-13.6,-4.0,-13.6,2.0,19.9,10.0,0.5,0.4,0.4,0.6,2.3,4.1,2.3,2.0,3.6,10.0,0.5,0.4,0.4,199.5,343.0,485.0,342.5,3.0,209.5,12.0,0.7,0.3,0.6,200.0,345.0,485.0,340.0,3.0,210.0,12.0,0.7,0.3,0.6
1974,2,271.0,22.0,22.15,24.0,24.81,23.77,12.0,1.66,16.0,0.2,0.6,0.3,19.7,22.6,24.33,22.11,13.0,2.32,16.0,0.2,0.6,0.4,11.04,14.48,15.61,13.53,5.0,2.94,10.0,0.0,0.7,0.5,68.7,78.4,87.7,78.3,5.0,10.7,10.0,0.0,0.5,5.05,7.7,10.55,7.9,13.0,3.76,16.0,0.2,0.6,0.4,-6.1,-4.95,-0.72,-4.14,13.0,4.01,16.0,0.2,0.6,0.4,-7.41,-4.41,2.18,-3.45,13.0,5.85,16.0,0.2,0.6,0.4,1014.5,1019.8,1024.78,1019.38,13.0,4.52,16.0,0.2,0.6,0.4,0.0,2.5,8.0,3.3,12.0,3.4,14.0,0.2,0.6,0.3,-67.3,-29.4,-3.3,-37.5,13.0,48.2,16.0,0.2,0.6,0.4,-62.8,-20.8,7.0,-42.4,13.0,78.6,16.0,0.2,0.6,0.4,-0.71,0.7,5.55,1.82,12.0,3.12,16.0,0.2,0.6,0.3,-5.5,4.3,40.1,15.0,12.0,27.4,16.0,0.2,0.6,0.3,2.75,3.73,8.6,5.59,4.0,4.85,12.0,0.0,0.6,0.4,13.5,21.7,43.4,28.2,4.0,21.4,12.0,0.0,0.6,0.4,-145.3,-112.5,-14.4,-90.4,13.0,83.6,16.0,0.2,0.6,0.4,-165.4,-82.9,53.1,-69.6,13.0,129.5,16.0,0.2,0.6,0.4,-106.0,-59.5,-18.4,-61.6,5.0,46.7,10.0,0.0,0.7,0.5,-75.8,-42.2,10.8,-33.6,5.0,47.8,10.0,0.0,0.7,0.5,-17.0,-13.6,-8.4,-12.7,4.0,5.1,12.0,0.0,0.6,0.4,-40.0,-10.2,4.2,-17.5,4.0,29.4,12.0,0.0,0.6,0.4,129.5,456.5,1193.5,853.0,13.0,1343.5,16.0,0.2,0.6,0.4,130.0,455.0,1195.0,855.0,13.0,1345.0,16.0,0.2,0.6,0.4
1974,2,271.0,23.0,22.0,23.3,26.6,23.88,26.0,2.07,16.0,0.2,0.6,0.6,18.36,22.5,24.94,21.78,28.0,3.01,14.0,0.1,0.6,0.6,8.92,11.62,16.68,12.37,24.0,3.69,14.0,0.2,0.6,0.6,61.3,78.7,86.1,74.7,24.0,12.9,14.0,0.2,0.6,3.24,6.2,10.3,6.71,28.0,3.02,14.0,0.1,0.6,0.6,-6.2,-2.39,1.15,-2.44,28.0,4.97,14.0,0.1,0.6,0.6,-4.8,0.0,3.31,-0.87,28.0,4.92,14.0,0.1,0.6,0.6,1013.64,1019.0,1023.86,1018.67,28.0,4.97,14.0,0.1,0.6,0.6,0.3,4.0,7.0,3.8,27.0,2.7,14.0,0.1,0.6,0.6,-45.3,-12.9,9.3,-18.9,28.0,49.2,14.0,0.1,0.6,0.6,-34.6,0.0,19.0,-9.4,28.0,44.1,14.0,0.1,0.6,0.6,-2.3,2.25,7.32,2.16,26.0,4.23,16.0,0.2,0.6,0.6,-13.0,11.5,41.2,15.4,26.0,29.6,16.0,0.2,0.6,0.6,0.88,6.7,11.95,6.5,23.0,4.65,16.0,0.2,0.6,0.7,5.1,41.6,71.5,42.1,23.0,37.2,16.0,0.2,0.6,0.7,-141.4,-54.0,26.6,-54.2,28.0,107.1,14.0,0.1,0.6,0.6,-113.3,0.0,83.3,-12.0,28.0,104.5,14.0,0.1,0.6,0.6,-75.7,-23.0,11.2,-26.1,24.0,61.8,14.0,0.2,0.6,0.6,-61.4,0.0,45.4,-4.8,24.0,51.3,14.0,0.2,0.6,0.6,-49.7,-8.1,4.3,-10.8,23.0,40.1,16.0,0.2,0.6,0.7,-43.2,-2.3,19.0,-13.7,23.0,36.1,16.0,0.2,0.6,0.7,34.5,238.5,1092.5,484.0,28.0,504.0,14.0,0.1,0.6,0.6,35.0,240.0,1095.0,485.0,28.0,505.0,14.0,0.1,0.6,0.6
1974,2,271.0,24.0,22.01,23.3,24.37,23.14,14.0,1.7,14.0,0.2,0.5,0.4,20.31,23.65,25.43,23.11,14.0,2.8,14.0,0.2,0.5,0.4,9.08,14.55,15.88,13.72,14.0,3.32,14.0,0.2,0.5,0.4,66.8,77.3,84.3,76.7,14.0,12.3,14.0,0.2,0.4,4.16,6.7,9.3,6.95,14.0,3.38,14.0,0.2,0.5,0.4,-4.39,-1.74,4.38,-0.5,14.0,4.44,14.0,0.2,0.5,0.4,-6.56,0.0,6.55,-0.39,14.0,6.58,14.0,0.2,0.5,0.4,1011.56,1015.3,1019.24,1015.85,14.0,4.84,14.0,0.2,0.5,0.4,0.1,3.0,5.9,3.1,14.0,2.5,14.0,0.2,0.5,0.4,-29.5,-5.6,29.6,-0.7,14.0,38.8,14.0,0.2,0.5,0.4,-49.7,0.0,50.0,-9.7,14.0,69.8,14.0,0.2,0.5,0.4,-2.24,0.0,2.56,0.03,14.0,2.77,14.0,0.2,0.5,0.4,-9.4,-0.2,24.2,3.9,14.0,22.8,14.0,0.2,0.5,0.4,1.98,4.03,6.35,3.98,14.0,2.82,14.0,0.2,0.5,0.4,6.5,24.3,50.5,32.6,14.0,33.5,14.0,0.2,0.5,0.4,-104.7,-40.9,109.6,-10.4,14.0,101.3,14.0,0.2,0.5,0.4,-116.9,0.0,160.1,-0.9,14.0,143.6,14.0,0.2,0.5,0.4,-57.4,-25.3,68.5,-3.5,14.0,57.6,14.0,0.2,0.5,0.4,-65.7,0.0,103.6,4.6,14.0,82.9,14.0,0.2,0.5,0.4,-22.3,-0.8,10.8,-4.4,14.0,23.4,14.0,0.2,0.5,0.4,-41.8,0.0,13.3,-11.2,14.0,39.5,14.0,0.2,0.5,0.4,73.0,306.0,804.5,569.0,14.0,716.0,14.0,0.2,0.5,0.4,75.0,305.0,805.0,570.0,14.0,715.0,14.0,0.2,0.5,0.4
1974,2,271.0,25.0,22.2,24.4,26.66,24.27,15.0,2.25,16.0,0.3,0.6,0.5,17.12,21.0,24.39,20.95,15.0,2.96,16.0,0.3,0.6,0.5,7.97,10.38,14.75,10.96,14.0,3.34,16.0,0.4,0.6,0.5,54.5,74.0,81.9,70.7,14.0,11.5,16.0,0.4,0.5,4.21,6.2,8.48,6.48,15.0,2.68,16.0,0.3,0.6,0.5,-3.82,0.0,0.84,-1.32,15.0,2.54,16.0,0.3,0.6,0.5,-7.28,-3.28,4.66,-1.91,15.0,6.32,16.0,0.3,0.6,0.5,1012.5,1022.0,1025.87,1019.53,15.0,6.68,16.0,0.3,0.6,0.5,0.4,4.0,6.0,3.6,15.0,2.5,16.0,0.3,0.6,0.5,-23.6,0.0,5.2,-9.1,15.0,20.4,16.0,0.3,0.6,0.5,-54.0,-13.6,34.6,-14.0,15.0,59.7,16.0,0.3,0.6,0.5,1.12,2.2,5.66,3.31,15.0,3.23,16.0,0.3,0.6,0.5,3.7,17.4,42.3,22.1,15.0,23.5,16.0,0.3,0.6,0.5,4.99,7.1,11.0,7.87,14.0,4.2,16.0,0.4,0.6,0.5,17.0,50.1,76.6,50.6,14.0,32.5,16.0,0.4,0.6,0.5,-78.4,0.0,14.0,-29.5,15.0,58.9,16.0,0.3,0.6,0.5,-137.3,-68.8,112.3,-26.7,15.0,132.8,16.0,0.3,0.6,0.5,-30.6,0.0,9.2,-12.0,14.0,33.5,16.0,0.4,0.6,0.5,-78.2,-34.6,62.8,-12.1,14.0,76.1,16.0,0.4,0.6,0.5,-49.5,0.0,6.8,-12.3,14.0,24.2,16.0,0.4,0.6,0.5,-54.0,-31.1,28.8,-25.2,14.0,48.8,16.0,0.4,0.6,0.5,75.0,238.5,613.5,417.5,15.0,555.5,16.0,0.3,0.6,0.5,75.0,240.0,615.0,415.0,15.0,555.0,16.0,0.3,0.6,0.5
1974,2,271.0,26.0,22.2,23.3,25.39,23.66,60.0,1.53,14.0,0.4,0.7,0.5,17.07,20.8,24.43,20.74,60.0,3.67,14.0,0.4,0.7,0.5,7.01,9.86,15.44,10.66,55.0,3.68,14.0,0.4,0.7,0.5,57.8,66.3,80.6,68.9,55.0,13.5,14.0,0.4,0.5,4.05,7.7,10.8,7.2,61.0,3.39,14.0,0.4,0.7,0.5,-4.9,0.0,2.97,-0.55,61.0,4.39,14.0,0.4,0.7,0.5,-8.16,0.0,7.38,-0.54,61.0,6.66,14.0,0.4,0.7,0.5,1012.62,1017.9,1023.86,1018.39,59.0,5.5,14.0,0.4,0.7,0.5,1.0,3.0,6.0,3.3,61.0,2.5,14.0,0.4,0.7,0.5,-31.4,0.0,26.4,-2.5,61.0,44.9,14.0,0.4,0.7,0.5,-81.3,0.0,57.4,-9.7,61.0,67.0,14.0,0.4,0.7,0.5,-0.1,3.1,5.6,2.89,59.0,3.04,14.0,0.4,0.7,0.5,-0.9,17.9,53.3,22.7,59.0,27.9,14.0,0.4,0.7,0.5,3.73,8.6,10.44,7.49,55.0,3.45,14.0,0.4,0.7,0.5,16.6,49.3,94.8,55.1,55.0,37.1,14.0,0.4,0.7,0.5,-95.7,0.0,64.6,-11.1,60.0,87.6,14.0,0.4,0.7,0.5,-149.9,-4.6,176.5,2.9,60.0,139.4,14.0,0.4,0.7,0.5,-50.6,0.0,39.8,-5.1,55.0,46.0,14.0,0.4,0.7,0.5,-66.9,-13.1,110.8,6.5,55.0,79.5,14.0,0.4,0.7,0.5,-43.1,0.0,32.1,-4.2,55.0,39.6,14.0,0.4,0.7,0.5,-77.2,-21.9,28.2,-22.0,55.0,48.9,14.0,0.4,0.7,0.5,66.5,456.5,1259.5,616.5,61.0,681.5,14.0,0.4,0.7,0.5,65.0,455.0,1260.0,615.0,61.0,680.0,14.0,0.4,0.7,0.5
1974,2,271.0,27.0,21.1,22.8,23.41,22.35,38.0,1.85,16.0,0.3,0.7,0.5,15.57,20.0,23.46,19.9,37.0,3.84,16.0,0.2,0.7,0.5,7.57,9.8,12.42,10.12,34.0,2.77,16.0,0.2,0.7,0.5,57.2,66.0,78.9,67.0,34.0,12.0,16.0,0.2,0.5,4.04,6.95,10.63,7.37,38.0,3.48,16.0,0.3,0.7,0.5,-2.58,0.97,5.91,1.39,38.0,4.56,16.0,0.3,0.7,0.5,-7.73,2.98,6.77,0.23,38.0,6.72,16.0,0.3,0.7,0.5,1012.72,1019.7,1022.3,1019.04,38.0,5.02,16.0,0.3,0.7,0.5,2.0,4.0,7.0,4.2,38.0,2.3,16.0,0.3,0.7,0.5,-13.5,3.7,42.4,12.2,38.0,48.7,16.0,0.3,0.7,0.5,-69.9,9.5,53.4,-7.9,38.0,73.2,16.0,0.3,0.7,0.5,-1.0,2.2,6.53,2.44,37.0,3.96,16.0,0.2,0.7,0.5,-4.1,11.2,61.6,23.6,37.0,45.0,16.0,0.2,0.7,0.5,4.08,6.43,9.51,6.59,34.0,2.8,16.0,0.2,0.7,0.5,18.0,37.1,65.3,46.1,34.0,34.8,16.0,0.2,0.7,0.5,-40.6,28.1,105.9,27.9,37.0,85.9,16.0,0.2,0.7,0.5,-132.5,63.7,152.0,21.4,37.0,130.2,16.0,0.2,0.7,0.5,-24.6,4.3,41.0,10.1,34.0,42.8,16.0,0.2,0.7,0.5,-65.2,33.4,74.7,17.2,34.0,70.2,16.0,0.2,0.7,0.5,-15.3,1.6,29.2,3.8,34.0,32.1,16.0,0.2,0.7,0.5,-39.2,9.7,34.1,-2.4,34.0,48.5,16.0,0.2,0.7,0.5,66.0,337.0,1227.5,682.0,38.0,863.0,16.0,0.3,0.7,0.5,65.0,335.0,1230.0,680.0,38.0,865.0,16.0,0.3,0.7,0.5
1974,2,271.0,28.0,19.0,22.3,23.97,21.72,28.0,3.06,14.0,0.4,0.6,0.3,13.55,19.0,22.16,18.32,29.0,4.46,14.0,0.4,0.6,0.3,5.75,9.48,13.45,9.44,21.0,3.43,14.0,0.3,0.5,0.3,58.4,70.1,87.3,70.4,21.0,13.3,14.0,0.3,0.3,4.03,7.45,11.93,7.85,28.0,3.78,14.0,0.4,0.6,0.3,-4.58,0.54,6.52,1.33,28.0,5.7,14.0,0.4,0.6,0.3,-7.3,1.72,6.58,0.01,28.0,6.63,14.0,0.4,0.6,0.3,1012.94,1018.7,1023.78,1018.78,29.0,5.85,14.0,0.4,0.6,0.3,0.0,4.0,7.6,3.9,29.0,3.1,14.0,0.4,0.6,0.3,-31.3,1.7,66.0,21.8,28.0,65.7,14.0,0.4,0.6,0.3,-65.9,6.0,54.0,-2.0,28.0,75.1,14.0,0.4,0.6,0.3,-0.57,2.4,8.7,3.49,28.0,4.97,14.0,0.4,0.6,0.3,0.0,20.6,73.1,31.3,27.0,52.0,14.0,0.4,0.6,0.3,3.33,6.67,9.74,6.88,21.0,3.47,14.0,0.3,0.5,0.3,18.3,50.2,73.2,50.0,21.0,35.2,14.0,0.3,0.5,0.3,-80.9,11.5,119.9,19.5,28.0,103.6,14.0,0.4,0.6,0.3,-94.7,31.7,139.3,21.7,28.0,116.3,14.0,0.4,0.6,0.3,-46.1,0.0,40.4,2.1,21.0,48.4,14.0,0.3,0.5,0.3,-45.5,27.1,65.5,16.1,21.0,64.5,14.0,0.3,0.5,0.3,-42.4,0.0,41.4,-1.5,21.0,40.5,14.0,0.3,0.5,0.3,-52.2,2.5,28.5,-11.8,21.0,45.6,14.0,0.3,0.5,0.3,71.0,426.0,1710.0,832.5,28.0,1049.0,14.0,0.4,0.6,0.3,70.0,425.0,1710.0,835.0,28.0,1050.0,14.0,0.4,0.6,0.3
1974,2,271.0,29.0,15.73,18.3,20.0,18.09,15.0,2.07,18.0,0.3,0.7,0.5,12.6,15.5,20.33,15.93,15.0,3.79,18.0,0.3,0.7,0.5,5.74,7.52,11.8,8.13,15.0,2.93,18.0,0.3,0.7,0.5,61.2,70.4,81.8,70.4,15.0,13.4,18.0,0.3,0.5,3.21,8.2,10.69,7.53,15.0,4.79,18.0,0.3,0.7,0.5,-3.58,1.79,8.73,3.13,15.0,6.33,18.0,0.3,0.7,0.5,-7.28,0.0,5.27,-0.33,15.0,5.76,18.0,0.3,0.7,0.5,1013.38,1018.3,1027.16,1019.49,15.0,6.79,18.0,0.3,0.7,0.5,0.2,2.0,7.0,3.7,15.0,3.1,18.0,0.3,0.7,0.5,-16.5,10.3,86.6,41.1,15.0,83.1,18.0,0.3,0.7,0.5,-75.0,0.0,65.3,-3.5,15.0,60.7,18.0,0.3,0.7,0.5,-1.16,2.3,4.71,2.17,15.0,4.41,18.0,0.3,0.7,0.5,-1.8,9.0,35.1,16.3,15.0,38.4,18.0,0.3,0.7,0.5,2.11,4.23,9.05,4.77,15.0,3.54,18.0,0.3,0.7,0.5,3.4,24.9,78.4,38.4,15.0,46.1,18.0,0.3,0.7,0.5,-33.6,28.7,136.1,53.3,15.0,105.0,18.0,0.3,0.7,0.5,-79.1,0.0,93.2,10.5,15.0,90.0,18.0,0.3,0.7,0.5,-17.0,17.9,64.0,23.2,15.0,46.2,18.0,0.3,0.7,0.5,-42.7,0.0,41.2,4.8,15.0,51.0,18.0,0.3,0.7,0.5,-12.3,6.6,29.8,17.2,15.0,47.2,18.0,0.3,0.7,0.5,-29.8,0.0,13.8,-6.1,15.0,33.5,18.0,0.3,0.7,0.5,33.5,551.5,1222.5,914.0,15.0,1200.0,18.0,0.3,0.7,0.5,35.0,550.0,1225.0,915.0,15.0,1200.0,18.0,0.3,0.7,0.5
1974,2,271.0,30.0,14.0,14.5,15.86,15.6,7.0,2.47,14.0,0.1,0.9,0.1,17.94,18.4,21.6,19.1,7.0,1.87,14.0,0.1,0.9,0.1,10.32,11.76,12.94,11.38,7.0,1.95,14.0,0.1,0.9,0.1,79.0,81.0,95.6,83.1,7.0,12.5,14.0,0.1,0.1,2.1,6.2,7.81,5.63,7.0,2.91,14.0,0.1,0.9,0.1,-1.66,-1.16,0.03,-1.02,7.0,1.33,14.0,0.1,0.9,0.1,1.43,4.32,6.65,2.76,7.0,5.79,14.0,0.1,0.9,0.1,1016.9,1017.3,1018.88,1018.44,7.0,2.74,14.0,0.1,0.9,0.1,0.0,0.5,5.2,2.0,6.0,2.8,14.0,0.2,0.9,0.1,-11.4,-7.2,0.1,-8.4,7.0,12.2,14.0,0.1,0.9,0.1,-0.5,19.9,44.9,10.8,7.0,50.5,14.0,0.1,0.9,0.1,-6.15,-4.4,-2.43,-3.5,7.0,3.28,14.0,0.1,0.9,0.1,-27.5,-18.8,-7.4,-13.1,7.0,20.6,14.0,0.1,0.9,0.1,-2.58,-1.88,0.83,-0.33,7.0,3.74,14.0,0.1,0.9,0.1,-11.7,-5.7,6.8,5.3,7.0,32.4,14.0,0.1,0.9,0.1,-35.3,-21.4,0.6,-19.1,7.0,24.5,14.0,0.1,0.9,0.1,27.4,93.4,121.7,52.6,7.0,104.2,14.0,0.1,0.9,0.1,-20.4,-12.2,0.4,-9.8,7.0,12.1,14.0,0.1,0.9,0.1,20.9,55.2,73.5,37.7,7.0,52.9,14.0,0.1,0.9,0.1,-3.1,0.0,1.9,-3.2,7.0,10.5,14.0,0.1,0.9,0.1,-14.6,-10.4,-3.9,-16.1,7.0,25.7,14.0,0.1,0.9,0.1,9.5,238.5,482.5,301.5,7.0,348.5,14.0,0.1,0.9,0.1,10.0,240.0,485.0,300.0,7.0,350.0,14.0,0.1,0.9,0.1
1974,2,271.0,84.0,,,,,,,,,,,,,,,,,,,,,,,,,,,,,,,,,,,,,,,,12.9,12.9,12.9,12.9,1.0,0.0,22.0,0.0,0.6,0.0,6.45,6.45,6.45,6.45,1.0,0.0,22.0,0.0,0.6,0.0,-11.17,-11.17,-11.17,-11.17,1.0,0.0,22.0,0.0,0.6,0.0,1018.0,1018.0,1018.0,1018.0,1.0,0.0,22.0,0.0,0.6,0.0,,,,,,,,,,,,,,,,,,,,,,,,,,,,,,,,,,,,,,,,,,,,,,,,,,,,,,,,,,,,,,,,,,,,,,,,,,,,,,,,,,,,,,,,,,,,,,,,,,,,,,,,,,,,,,,,,,,,,,,,,,,,,,,,,,,,,,,,,,,,,,,,,,,,,,
1974,2,272.0,-26.0,,,,,,,,,,,,,,,,,,,,,,,,,,,,,,,,,,,,,,,,7.2,7.2,7.2,7.2,1.0,0.0,2.0,1.0,0.7,0.6,-6.77,-6.77,-6.77,-6.77,1.0,0.0,2.0,1.0,0.7,0.6,2.46,2.46,2.46,2.46,1.0,0.0,2.0,1.0,0.7,0.6,1017.8,1017.8,1017.8,1017.8,1.0,0.0,2.0,1.0,0.7,0.6,,,,,,,,,,,,,,,,,,,,,,,,,,,,,,,,,,,,,,,,,,,,,,,,,,,,,,,,,,,,,,,,,,,,,,,,,,,,,,,,,,,,,,,,,,,,,,,,,,,,,,,,,,,,,,,,,,,,,,,,,,,,,,,,,,,,,,,,,,,,,,,,,,,,,,
1974,2,272.0,-13.0,23.8,23.8,23.8,23.8,2.0,0.0,12.0,0.0,0.5,0.7,22.92,22.95,22.98,22.95,2.0,0.07,12.0,0.0,0.5,0.7,14.08,14.08,14.08,14.08,2.0,0.01,12.0,0.0,0.5,0.7,80.7,80.9,81.1,80.9,2.0,0.3,12.0,0.0,0.7,5.32,6.0,6.68,6.0,2.0,1.41,12.0,0.0,0.5,0.7,-1.63,-1.46,-1.29,-1.46,2.0,0.35,12.0,0.0,0.5,0.7,5.05,5.8,6.55,5.8,2.0,1.55,12.0,0.0,0.5,0.7,1013.81,1014.05,1014.29,1014.05,2.0,0.49,12.0,0.0,0.5,0.7,2.2,2.5,2.8,2.5,2.0,0.7,12.0,0.0,0.5,0.7,-8.5,-8.5,-8.5,-8.5,2.0,0.0,12.0,0.0,0.5,0.7,27.4,35.9,44.3,35.9,2.0,17.5,12.0,0.0,0.5,0.7,0.82,0.85,0.88,0.85,2.0,0.07,12.0,0.0,0.5,0.7,4.7,5.1,5.4,5.1,2.0,0.8,12.0,0.0,0.5,0.7,4.29,4.29,4.29,4.29,2.0,0.0,12.0,0.0,0.5,0.7,22.8,25.7,28.7,25.7,2.0,6.1,12.0,0.0,0.5,0.7,-37.4,-33.6,-29.7,-33.6,2.0,7.9,12.0,0.0,0.5,0.7,115.7,133.1,150.5,133.1,2.0,36.0,12.0,0.0,0.5,0.7,-23.0,-20.6,-18.2,-20.6,2.0,4.9,12.0,0.0,0.5,0.7,71.0,81.6,92.2,81.6,2.0,21.9,12.0,0.0,0.5,0.7,-7.0,-6.3,-5.5,-6.3,2.0,1.5,12.0,0.0,0.5,0.7,21.6,24.9,28.1,24.9,2.0,6.7,12.0,0.0,0.5,0.7,159.5,234.0,308.5,234.0,2.0,154.0,12.0,0.0,0.5,0.7,160.0,235.0,310.0,235.0,2.0,155.0,12.0,0.0,0.5,0.7
1974,2,272.0,-6.0,26.34,26.85,27.36,26.85,2.0,1.06,14.0,0.5,0.6,0.7,25.5,25.5,25.5,25.5,1.0,0.0,16.0,0.0,0.5,0.8,16.52,16.52,16.52,16.52,1.0,0.0,16.0,0.0,0.5,0.8,81.0,81.0,81.0,81.0,1.0,0.0,16.0,0.0,0.8,4.1,4.1,4.1,4.1,2.0,0.0,14.0,0.5,0.6,0.7,-2.64,-2.64,-2.64,-2.64,2.0,0.0,14.0,0.5,0.6,0.7,3.14,3.14,3.14,3.14,2.0,0.0,14.0,0.5,0.6,0.7,1010.51,1011.6,1012.69,1011.6,2.0,2.26,14.0,0.5,0.6,0.7,6.2,6.5,6.8,6.5,2.0,0.7,14.0,0.5,0.6,0.7,-10.8,-10.8,-10.8,-10.8,2.0,0.0,14.0,0.5,0.6,0.7,12.9,12.9,12.9,12.9,2.0,0.0,14.0,0.5,0.6,0.7,2.1,2.1,2.1,2.1,1.0,0.0,16.0,0.0,0.5,0.8,8.6,8.6,8.6,8.6,1.0,0.0,16.0,0.0,0.5,0.8,6.66,6.66,6.66,6.66,1.0,0.0,16.0,0.0,0.5,0.8,27.3,27.3,27.3,27.3,1.0,0.0,16.0,0.0,0.5,0.8,-67.2,-67.2,-67.2,-67.2,1.0,0.0,16.0,0.0,0.5,0.8,80.1,80.1,80.1,80.1,1.0,0.0,16.0,0.0,0.5,0.8,-43.5,-43.5,-43.5,-43.5,1.0,0.0,16.0,0.0,0.5,0.8,51.9,51.9,51.9,51.9,1.0,0.0,16.0,0.0,0.5,0.8,-17.6,-17.6,-17.6,-17.6,1.0,0.0,16.0,0.0,0.5,0.8,20.9,20.9,20.9,20.9,1.0,0.0,16.0,0.0,0.5,0.8,69.0,69.0,69.0,69.0,2.0,0.0,14.0,0.5,0.6,0.7,70.0,70.0,70.0,70.0,2.0,0.0,14.0,0.5,0.6,0.7
1974,2,272.0,-4.0,25.66,25.8,25.94,25.8,2.0,0.28,6.0,1.0,0.7,0.1,25.0,25.0,25.0,25.0,1.0,0.0,2.0,1.0,0.6,0.1,16.48,16.48,16.48,16.48,1.0,0.0,2.0,1.0,0.6,0.1,83.4,83.4,83.4,83.4,1.0,0.0,2.0,1.0,0.1,2.84,3.35,3.86,3.35,2.0,1.06,6.0,1.0,0.7,0.1,-2.6,-2.54,-2.47,-2.54,2.0,0.14,6.0,1.0,0.7,0.1,1.25,2.02,2.78,2.02,2.0,1.59,6.0,1.0,0.7,0.1,1012.6,1013.25,1013.9,1013.25,2.0,1.34,6.0,1.0,0.7,0.1,2.5,3.5,4.5,3.5,2.0,2.1,6.0,1.0,0.7,0.1,-10.1,-8.6,-7.1,-8.6,2.0,3.1,6.0,1.0,0.7,0.1,4.0,7.6,11.2,7.6,2.0,7.5,6.0,1.0,0.7,0.1,1.0,1.0,1.0,1.0,1.0,0.0,2.0,1.0,0.6,0.1,2.6,2.6,2.6,2.6,1.0,0.0,2.0,1.0,0.6,0.1,4.54,4.54,4.54,4.54,1.0,0.0,2.0,1.0,0.6,0.1,11.8,11.8,11.8,11.8,1.0,0.0,2.0,1.0,0.6,0.1,-61.1,-61.1,-61.1,-61.1,1.0,0.0,2.0,1.0,0.6,0.1,22.2,22.2,22.2,22.2,1.0,0.0,2.0,1.0,0.6,0.1,-40.3,-40.3,-40.3,-40.3,1.0,0.0,2.0,1.0,0.6,0.1,14.7,14.7,14.7,14.7,1.0,0.0,2.0,1.0,0.6,0.1,-11.1,-11.1,-11.1,-11.1,1.0,0.0,2.0,1.0,0.6,0.1,4.0,4.0,4.0,4.0,1.0,0.0,2.0,1.0,0.6,0.1,25.5,43.0,61.0,43.0,2.0,36.5,6.0,1.0,0.7,0.1,25.0,45.0,60.0,45.0,2.0,35.0,6.0,1.0,0.7,0.1
1974,2,272.0,-3.0,24.1,24.1,24.1,24.1,1.0,0.0,6.0,1.0,0.5,1.0,23.8,23.8,23.8,23.8,1.0,0.0,6.0,1.0,0.5,1.0,16.74,16.74,16.74,16.74,1.0,0.0,6.0,1.0,0.5,1.0,90.8,90.8,90.8,90.8,1.0,0.0,6.0,1.0,1.0,3.6,3.6,3.6,3.6,1.0,0.0,6.0,1.0,0.5,1.0,-3.12,-3.12,-3.12,-3.12,1.0,0.0,6.0,1.0,0.5,1.0,1.8,1.8,1.8,1.8,1.0,0.0,6.0,1.0,0.5,1.0,1009.0,1009.0,1009.0,1009.0,1.0,0.0,6.0,1.0,0.5,1.0,5.0,5.0,5.0,5.0,1.0,0.0,6.0,1.0,0.5,1.0,-11.2,-11.2,-11.2,-11.2,1.0,0.0,6.0,1.0,0.5,1.0,6.5,6.5,6.5,6.5,1.0,0.0,6.0,1.0,0.5,1.0,0.3,0.3,0.3,0.3,1.0,0.0,6.0,1.0,0.5,1.0,1.1,1.1,1.1,1.1,1.0,0.0,6.0,1.0,0.5,1.0,2.06,2.06,2.06,2.06,1.0,0.0,6.0,1.0,0.5,1.0,7.4,7.4,7.4,7.4,1.0,0.0,6.0,1.0,0.5,1.0,-74.2,-74.2,-74.2,-74.2,1.0,0.0,6.0,1.0,0.5,1.0,42.8,42.8,42.8,42.8,1.0,0.0,6.0,1.0,0.5,1.0,-52.2,-52.2,-52.2,-52.2,1.0,0.0,6.0,1.0,0.5,1.0,30.1,30.1,30.1,30.1,1.0,0.0,6.0,1.0,0.5,1.0,-6.4,-6.4,-6.4,-6.4,1.0,0.0,6.0,1.0,0.5,1.0,3.7,3.7,3.7,3.7,1.0,0.0,6.0,1.0,0.5,1.0,46.5,46.5,46.5,46.5,1.0,0.0,6.0,1.0,0.5,1.0,45.0,45.0,45.0,45.0,1.0,0.0,6.0,1.0,0.5,1.0
1974,2,272.0,-2.0,25.37,26.25,27.18,26.28,4.0,1.24,20.0,1.0,0.3,0.6,25.68,26.35,26.97,26.33,4.0,0.91,20.0,1.0,0.3,0.6,18.01,18.05,18.44,18.22,3.0,0.35,22.0,1.0,0.4,0.5,85.4,86.2,88.6,87.0,3.0,2.4,22.0,1.0,0.5,0.48,1.55,3.41,1.93,4.0,1.98,20.0,1.0,0.3,0.6,-3.05,-1.0,-0.31,-1.65,4.0,2.04,20.0,1.0,0.3,0.6,0.0,0.38,1.21,0.59,4.0,0.77,20.0,1.0,0.3,0.6,1011.36,1012.65,1013.47,1012.43,4.0,1.44,20.0,1.0,0.3,0.6,0.0,1.5,3.5,1.8,4.0,2.1,20.0,1.0,0.3,0.6,-12.4,-1.7,-0.3,-6.2,4.0,10.1,20.0,1.0,0.3,0.6,0.0,0.4,2.1,1.0,4.0,1.6,20.0,1.0,0.3,0.6,-0.92,-0.2,0.84,-0.05,4.0,1.25,20.0,1.0,0.3,0.6,-0.4,0.0,0.8,0.2,4.0,1.0,20.0,1.0,0.3,0.6,2.05,3.03,4.6,3.32,3.0,1.88,22.0,1.0,0.4,0.5,4.0,5.3,11.2,7.5,3.0,5.6,22.0,1.0,0.4,0.5,-80.1,-25.4,-8.0,-43.2,4.0,54.3,20.0,1.0,0.3,0.6,0.0,10.0,30.8,15.2,4.0,19.4,20.0,1.0,0.3,0.6,-66.2,-24.3,-15.6,-40.5,3.0,39.6,22.0,1.0,0.4,0.5,4.4,13.8,24.1,14.3,3.0,14.5,22.0,1.0,0.4,0.5,-10.6,-3.4,-2.6,-6.5,3.0,6.5,22.0,1.0,0.4,0.5,0.8,2.6,3.6,2.2,3.0,2.1,22.0,1.0,0.4,0.5,0.5,5.0,55.5,27.0,4.0,47.0,20.0,1.0,0.3,0.6,0.0,5.0,55.0,25.0,4.0,45.0,20.0,1.0,0.3,0.6
1974,2,272.0,-1.0,23.69,25.05,25.62,24.68,4.0,1.53,16.0,1.0,0.4,0.8,25.0,25.0,26.47,25.66,5.0,1.01,16.0,0.8,0.4,0.8,15.85,16.65,17.7,16.78,3.0,1.36,14.0,1.0,0.3,0.8,79.0,80.2,82.8,80.9,3.0,2.8,14.0,1.0,0.8,1.88,2.6,3.43,2.66,5.0,0.96,16.0,0.8,0.4,0.8,-2.76,-2.07,0.0,-1.55,5.0,1.46,16.0,0.8,0.4,0.8,0.23,1.5,2.77,1.51,5.0,1.34,16.0,0.8,0.4,0.8,1009.98,1011.4,1012.86,1011.3,5.0,1.96,16.0,0.8,0.4,0.8,2.6,4.0,7.4,4.8,5.0,2.6,16.0,0.8,0.4,0.8,-9.9,-4.3,0.0,-4.8,5.0,5.0,16.0,0.8,0.4,0.8,0.5,2.3,8.8,4.4,5.0,5.1,16.0,0.8,0.4,0.8,-1.88,-0.6,0.05,-0.9,4.0,1.22,16.0,1.0,0.4,0.8,-5.2,-1.9,0.2,-2.5,4.0,3.3,16.0,1.0,0.4,0.8,1.97,2.97,3.14,2.57,3.0,0.93,14.0,1.0,0.3,0.8,4.8,6.8,8.4,6.6,3.0,2.7,14.0,1.0,0.3,0.8,-71.7,-51.7,0.0,-40.1,5.0,38.5,16.0,0.8,0.4,0.8,5.8,39.0,69.2,37.9,5.0,33.5,16.0,0.8,0.4,0.8,-49.4,-34.4,-10.9,-30.3,3.0,28.4,14.0,1.0,0.3,0.8,1.9,6.1,29.4,15.4,3.0,21.7,14.0,1.0,0.3,0.8,-8.4,-6.7,-2.1,-5.3,3.0,4.8,14.0,1.0,0.3,0.8,0.4,1.2,3.0,1.7,3.0,2.0,14.0,1.0,0.3,0.8,7.0,17.5,42.5,25.0,5.0,24.0,16.0,0.8,0.4,0.8,5.0,20.0,40.0,25.0,5.0,25.0,16.0,0.8,0.4,0.8
1974,2,272.0,0.0,25.63,26.1,26.78,26.22,5.0,1.01,14.0,0.2,0.7,0.5,24.03,24.7,25.23,24.63,6.0,1.03,16.0,0.3,0.7,0.5,16.12,16.85,18.02,17.02,6.0,0.91,16.0,0.3,0.7,0.5,80.9,90.8,92.4,88.0,6.0,6.2,16.0,0.3,0.5,3.87,5.1,6.38,5.04,5.0,1.6,16.0,0.4,0.6,0.4,-4.35,-2.25,1.46,-1.4,5.0,3.51,16.0,0.4,0.6,0.4,2.09,4.6,4.89,3.67,5.0,1.66,16.0,0.4,0.6,0.4,1010.03,1011.0,1012.22,1010.97,6.0,1.27,16.0,0.3,0.7,0.5,0.8,3.5,8.0,4.0,6.0,3.7,16.0,0.3,0.7,0.5,-24.8,-5.9,9.0,-6.5,5.0,21.1,16.0,0.4,0.6,0.4,9.5,21.2,31.3,20.3,5.0,12.5,16.0,0.4,0.6,0.4,0.63,1.9,2.51,1.66,5.0,1.26,14.0,0.2,0.7,0.5,4.8,8.7,15.0,9.8,4.0,6.2,12.0,0.3,0.6,0.4,4.08,4.46,5.14,4.57,5.0,0.66,14.0,0.2,0.7,0.5,16.7,22.9,25.5,21.2,4.0,7.1,12.0,0.3,0.6,0.4,-107.7,-54.7,33.5,-35.7,5.0,84.0,16.0,0.4,0.6,0.4,51.0,109.2,119.9,89.3,5.0,40.8,16.0,0.4,0.6,0.4,-78.8,-38.3,23.4,-26.4,5.0,60.3,16.0,0.4,0.6,0.4,37.2,74.2,82.6,62.4,5.0,28.3,16.0,0.4,0.6,0.4,-17.2,-4.8,7.8,-4.7,4.0,16.3,12.0,0.3,0.6,0.4,9.5,15.8,20.3,15.0,4.0,7.3,12.0,0.3,0.6,0.4,68.0,132.5,261.0,157.5,5.0,113.0,16.0,0.4,0.6,0.4,70.0,135.0,260.0,155.0,5.0,115.0,16.0,0.4,0.6,0.4
1974,2,272.0,1.0,25.66,25.8,25.94,25.8,2.0,0.28,16.0,0.5,0.9,0.4,24.14,25.3,25.78,24.97,3.0,1.23,20.0,0.3,0.7,0.5,15.66,15.97,16.27,15.97,2.0,0.63,16.0,0.5,0.9,0.4,82.1,83.4,84.7,83.4,2.0,2.8,16.0,0.5,0.4,1.85,2.6,3.62,2.73,3.0,1.31,20.0,0.3,0.7,0.5,-1.58,0.51,2.79,0.6,3.0,3.21,20.0,0.3,0.7,0.5,0.75,1.4,1.41,1.09,3.0,0.55,20.0,0.3,0.7,0.5,1009.65,1010.2,1010.27,1009.97,3.0,0.49,20.0,0.3,0.7,0.5,3.3,6.0,6.7,5.0,3.0,2.6,20.0,0.3,0.7,0.5,-4.3,0.8,11.0,3.3,3.0,11.4,20.0,0.3,0.7,0.5,1.5,2.1,4.6,3.0,3.0,2.4,20.0,0.3,0.7,0.5,0.63,1.35,2.07,1.35,2.0,1.48,16.0,0.5,0.9,0.4,1.2,2.2,3.2,2.2,2.0,2.0,16.0,0.5,0.9,0.4,4.37,4.85,5.32,4.85,2.0,0.98,16.0,0.5,0.9,0.4,8.7,9.6,10.4,9.6,2.0,1.8,16.0,0.5,0.9,0.4,-40.4,12.1,72.2,15.8,3.0,82.5,20.0,0.3,0.7,0.5,18.4,33.3,35.4,27.0,3.0,13.6,20.0,0.3,0.7,0.5,-34.1,-17.0,0.0,-17.0,2.0,35.3,16.0,0.5,0.9,0.4,9.7,14.6,19.6,14.6,2.0,10.2,16.0,0.5,0.9,0.4,-8.5,-3.9,0.7,-3.9,2.0,9.5,16.0,0.5,0.9,0.4,2.8,4.8,6.9,4.8,2.0,4.2,16.0,0.5,0.9,0.4,8.0,17.5,52.5,30.0,3.0,34.5,20.0,0.3,0.7,0.5,10.0,20.0,55.0,30.0,3.0,35.0,20.0,0.3,0.7,0.5
1974,2,272.0,3.0,27.0,27.0,27.0,27.0,1.0,0.0,22.0,0.0,0.2,0.8,27.41,27.65,27.89,27.65,2.0,0.49,22.0,0.0,0.4,0.5,18.74,19.19,19.64,19.19,2.0,0.93,22.0,0.0,0.4,0.5,79.8,82.9,85.9,82.9,2.0,6.3,22.0,0.0,0.5,2.92,3.6,4.28,3.6,2.0,1.41,22.0,0.0,0.4,0.5,2.77,3.49,4.2,3.49,2.0,1.48,22.0,0.0,0.4,0.5,-0.62,-0.05,0.53,-0.05,2.0,1.19,22.0,0.0,0.4,0.5,1009.77,1010.35,1010.93,1010.35,2.0,1.2,22.0,0.0,0.4,0.5,3.5,4.5,5.5,4.5,2.0,2.1,22.0,0.0,0.4,0.5,8.7,13.6,18.5,13.6,2.0,10.2,22.0,0.0,0.4,0.5,-1.4,0.7,2.7,0.7,2.0,4.2,22.0,0.0,0.4,0.5,-1.0,-1.0,-1.0,-1.0,1.0,0.0,22.0,0.0,0.2,0.8,-2.6,-2.6,-2.6,-2.6,1.0,0.0,22.0,0.0,0.2,0.8,3.81,3.81,3.81,3.81,1.0,0.0,22.0,0.0,0.2,0.8,9.9,9.9,9.9,9.9,1.0,0.0,22.0,0.0,0.2,0.8,77.2,96.0,114.9,96.0,2.0,39.1,22.0,0.0,0.4,0.5,-17.5,-1.5,14.4,-1.5,2.0,33.0,22.0,0.0,0.4,0.5,52.4,67.6,82.8,67.6,2.0,31.6,22.0,0.0,0.4,0.5,-11.3,-0.3,10.7,-0.3,2.0,22.9,22.0,0.0,0.4,0.5,9.3,9.3,9.3,9.3,1.0,0.0,22.0,0.0,0.2,0.8,-3.4,-3.4,-3.4,-3.4,1.0,0.0,22.0,0.0,0.2,0.8,30.0,57.5,84.5,57.5,2.0,56.5,22.0,0.0,0.4,0.5,30.0,55.0,85.0,55.0,2.0,55.0,22.0,0.0,0.4,0.5
1974,2,272.0,4.0,26.4,27.7,28.73,27.65,8.0,1.03,16.0,0.8,0.6,0.5,25.01,26.85,28.39,26.73,8.0,1.62,16.0,0.8,0.6,0.5,17.12,17.86,18.38,17.87,7.0,1.06,18.0,0.9,0.6,0.5,75.2,80.2,87.3,80.6,7.0,7.8,18.0,0.9,0.5,1.12,2.6,4.1,2.84,8.0,1.95,16.0,0.8,0.6,0.5,-0.15,1.71,3.04,1.3,8.0,1.66,16.0,0.8,0.6,0.5,-1.57,0.49,2.64,0.87,8.0,2.73,16.0,0.8,0.6,0.5,1011.03,1011.6,1012.19,1011.39,8.0,1.07,16.0,0.8,0.6,0.5,4.0,6.5,7.9,5.6,8.0,2.4,16.0,0.8,0.6,0.5,-0.2,4.6,12.9,5.6,8.0,6.6,16.0,0.8,0.6,0.5,-3.4,0.5,10.8,5.8,8.0,13.8,16.0,0.8,0.6,0.5,0.32,1.0,2.02,0.93,8.0,1.12,16.0,0.8,0.6,0.5,0.1,1.9,5.6,2.7,8.0,3.1,16.0,0.8,0.6,0.5,4.27,5.14,7.01,5.64,7.0,1.71,18.0,0.9,0.6,0.5,3.6,17.3,21.1,12.9,7.0,8.7,18.0,0.9,0.6,0.5,-4.5,44.4,76.6,34.6,8.0,43.3,16.0,0.8,0.6,0.5,-40.0,14.3,70.5,21.5,8.0,70.3,16.0,0.8,0.6,0.5,-4.5,22.5,54.0,20.2,7.0,30.8,18.0,0.9,0.6,0.5,-29.9,0.0,45.3,3.1,7.0,35.2,18.0,0.9,0.6,0.5,-0.9,8.7,16.3,7.2,7.0,9.5,18.0,0.9,0.6,0.5,-11.1,0.0,11.5,-0.6,7.0,10.9,18.0,0.9,0.6,0.5,2.0,17.5,69.0,52.5,8.0,80.0,16.0,0.8,0.6,0.5,0.0,20.0,70.0,55.0,8.0,80.0,16.0,0.8,0.6,0.5
1974,2,272.0,5.0,25.63,27.6,27.67,26.78,5.0,1.3,10.0,0.6,0.6,0.5,25.06,26.0,26.85,25.98,5.0,0.94,10.0,0.6,0.6,0.5,16.48,16.48,17.01,16.74,3.0,0.45,12.0,0.7,0.6,0.4,76.0,77.4,81.2,78.6,3.0,3.9,12.0,0.7,0.4,0.0,2.1,3.15,1.76,5.0,1.77,10.0,0.6,0.6,0.5,0.0,0.72,2.36,1.19,5.0,1.49,10.0,0.6,0.6,0.5,-0.72,0.0,2.01,0.41,5.0,1.67,10.0,0.6,0.6,0.5,1011.26,1012.2,1013.29,1012.28,5.0,1.84,10.0,0.6,0.6,0.5,2.6,5.0,6.7,4.8,5.0,2.4,10.0,0.6,0.6,0.5,0.0,1.5,8.1,4.1,5.0,6.1,10.0,0.6,0.6,0.5,-1.5,0.0,6.4,1.9,5.0,4.9,10.0,0.6,0.6,0.5,-0.05,0.5,1.59,0.8,5.0,1.2,10.0,0.6,0.6,0.5,0.0,0.4,3.3,1.7,5.0,3.1,10.0,0.6,0.6,0.5,3.94,5.8,6.38,5.17,3.0,1.87,12.0,0.7,0.6,0.4,0.0,0.0,8.3,4.1,3.0,7.0,12.0,0.7,0.6,0.4,0.0,19.5,60.2,30.7,5.0,38.5,10.0,0.6,0.6,0.5,-19.5,0.0,51.1,9.9,5.0,43.8,10.0,0.6,0.6,0.5,0.0,0.0,8.5,4.1,3.0,7.2,12.0,0.7,0.6,0.4,-23.3,0.0,0.0,-11.4,3.0,19.7,12.0,0.7,0.6,0.4,0.0,0.0,2.8,1.4,3.0,2.4,12.0,0.7,0.6,0.4,-7.8,0.0,0.0,-3.8,3.0,6.6,12.0,0.7,0.6,0.4,0.0,9.5,36.5,19.0,5.0,29.0,10.0,0.6,0.6,0.5,0.0,10.0,35.0,20.0,5.0,30.0,10.0,0.6,0.6,0.5
1974,2,272.0,6.0,27.45,27.8,29.02,28.09,7.0,1.04,16.0,0.4,0.7,0.4,25.0,26.0,30.0,27.04,7.0,2.16,16.0,0.4,0.7,0.4,16.61,16.91,19.16,17.79,6.0,1.77,14.0,0.3,0.8,0.4,78.2,82.0,84.9,81.8,6.0,4.9,14.0,0.3,0.4,1.5,3.1,5.1,3.21,7.0,1.58,16.0,0.4,0.7,0.4,-0.02,1.99,3.91,1.86,7.0,1.96,16.0,0.4,0.7,0.4,-2.08,-1.5,3.28,-0.42,7.0,2.55,16.0,0.4,0.7,0.4,1008.89,1010.0,1011.0,1009.56,7.0,1.51,16.0,0.4,0.7,0.4,1.3,2.0,3.4,2.2,5.0,1.5,18.0,0.4,0.8,0.3,0.0,6.2,19.9,8.5,7.0,9.4,16.0,0.4,0.7,0.4,-7.4,-2.2,16.7,1.3,7.0,10.8,16.0,0.4,0.7,0.4,-0.62,1.7,2.5,1.04,7.0,1.46,16.0,0.4,0.7,0.4,-1.0,2.7,12.8,4.2,7.0,6.3,16.0,0.4,0.7,0.4,4.62,5.65,6.81,5.79,6.0,1.56,14.0,0.3,0.8,0.4,11.2,18.7,32.7,20.4,6.0,10.5,14.0,0.3,0.8,0.4,-0.5,59.8,97.7,48.2,7.0,50.0,16.0,0.4,0.7,0.4,-57.2,-45.0,82.0,-14.4,7.0,66.6,16.0,0.4,0.7,0.4,-1.3,50.9,64.9,37.6,6.0,32.7,14.0,0.3,0.8,0.4,-38.2,-31.3,54.4,-6.5,6.0,47.7,14.0,0.3,0.8,0.4,-0.6,12.6,25.1,12.1,6.0,12.3,14.0,0.3,0.8,0.4,-11.5,-8.3,21.0,-0.3,6.0,16.8,14.0,0.3,0.8,0.4,3.5,30.0,132.5,54.5,7.0,58.0,16.0,0.4,0.7,0.4,5.0,30.0,135.0,55.0,7.0,60.0,16.0,0.4,0.7,0.4
1974,2,272.0,7.0,26.2,26.7,28.9,27.48,11.0,1.29,14.0,0.6,0.6,0.4,25.83,26.7,28.94,27.33,11.0,1.46,14.0,0.6,0.6,0.4,16.53,17.32,17.84,17.19,4.0,0.89,12.0,0.5,0.6,0.6,79.3,80.2,81.7,80.5,4.0,1.8,12.0,0.5,0.6,2.6,5.1,6.2,4.63,10.0,1.85,14.0,0.6,0.6,0.3,-0.26,0.0,3.22,1.13,10.0,1.83,14.0,0.6,0.6,0.3,-6.2,-2.66,-0.32,-3.1,10.0,3.43,14.0,0.6,0.6,0.3,1009.38,1010.4,1011.74,1010.35,11.0,2.0,14.0,0.6,0.6,0.4,1.0,2.0,4.8,2.5,11.0,2.0,14.0,0.6,0.6,0.4,-0.7,0.0,15.0,5.2,10.0,8.9,14.0,0.6,0.6,0.3,-38.4,-11.5,-1.2,-17.9,10.0,22.6,14.0,0.6,0.6,0.3,-0.14,0.0,0.64,0.15,11.0,0.57,14.0,0.6,0.6,0.4,-0.8,0.0,1.4,0.3,10.0,2.3,14.0,0.6,0.6,0.3,3.72,4.29,4.83,4.27,4.0,0.85,12.0,0.5,0.6,0.6,9.8,11.6,18.5,14.1,3.0,6.7,10.0,0.3,0.6,0.5,-6.7,0.0,86.6,30.3,10.0,49.0,14.0,0.6,0.6,0.3,-181.0,-71.7,-8.8,-88.8,10.0,97.8,14.0,0.6,0.6,0.3,32.1,41.9,66.2,49.0,3.0,25.7,10.0,0.3,0.6,0.5,-48.3,-44.7,1.6,-23.9,3.0,40.7,10.0,0.3,0.6,0.5,7.1,7.4,15.2,11.1,3.0,6.7,10.0,0.3,0.6,0.5,-10.2,-8.9,1.2,-4.6,3.0,9.1,10.0,0.3,0.6,0.5,17.5,132.5,238.5,142.0,10.0,139.5,14.0,0.6,0.6,0.3,20.0,135.0,240.0,140.0,10.0,140.0,14.0,0.6,0.6,0.3
1974,2,272.0,8.0,25.01,28.0,29.0,27.13,20.0,2.46,16.0,0.5,0.6,0.4,25.0,25.6,27.51,26.09,23.0,1.68,14.0,0.5,0.7,0.4,16.29,16.85,17.73,16.71,16.0,1.07,16.0,0.5,0.7,0.4,74.9,83.4,88.1,82.4,17.0,6.8,16.0,0.5,0.4,0.98,4.35,7.87,4.53,24.0,3.54,16.0,0.5,0.6,0.4,-3.19,-1.05,2.17,-1.0,24.0,3.84,16.0,0.5,0.6,0.4,-6.25,-2.41,0.0,-2.81,24.0,3.14,16.0,0.5,0.6,0.4,1009.6,1010.2,1012.21,1010.56,23.0,1.34,16.0,0.6,0.7,0.4,0.0,1.0,3.0,1.7,26.0,2.1,16.0,0.5,0.6,0.4,-21.0,-2.5,5.8,-11.4,24.0,36.7,16.0,0.5,0.6,0.4,-46.4,-7.8,0.0,-21.3,24.0,28.3,16.0,0.5,0.6,0.4,-1.08,2.0,2.89,1.16,20.0,2.2,16.0,0.5,0.6,0.4,-3.4,4.6,12.5,5.7,19.0,13.1,16.0,0.5,0.6,0.4,1.8,5.85,7.53,5.21,15.0,2.81,16.0,0.5,0.6,0.4,1.0,14.1,56.8,23.6,15.0,25.3,16.0,0.5,0.6,0.4,-65.4,-23.6,57.7,-9.1,21.0,84.9,14.0,0.5,0.6,0.4,-161.8,-58.8,0.0,-68.2,21.0,81.6,14.0,0.5,0.6,0.4,-47.6,-7.3,34.0,-10.9,16.0,60.1,16.0,0.5,0.7,0.4,-91.1,-33.4,0.0,-39.3,16.0,53.7,16.0,0.5,0.7,0.4,-9.9,0.0,12.3,1.7,15.0,16.8,16.0,0.5,0.6,0.4,-49.1,-4.8,0.0,-16.8,15.0,25.5,16.0,0.5,0.6,0.4,2.0,89.5,489.5,278.0,24.0,470.5,16.0,0.5,0.6,0.4,0.0,90.0,490.0,280.0,24.0,470.0,16.0,0.5,0.6,0.4
1974,2,272.0,9.0,23.0,24.5,28.19,25.21,15.0,2.34,14.0,0.6,0.6,0.6,22.8,24.4,26.93,25.03,15.0,2.45,14.0,0.5,0.6,0.7,15.25,16.45,18.1,16.56,14.0,1.4,14.0,0.6,0.6,0.6,78.2,82.6,90.0,83.5,14.0,8.8,14.0,0.6,0.6,2.1,5.1,6.2,4.51,17.0,2.41,14.0,0.6,0.6,0.6,-5.34,-2.12,0.0,-2.31,17.0,2.58,14.0,0.6,0.6,0.6,-5.35,-3.05,-0.53,-2.98,17.0,2.38,14.0,0.6,0.6,0.6,1008.94,1010.15,1012.5,1010.77,18.0,2.32,14.0,0.6,0.5,0.6,0.0,0.0,2.0,0.9,18.0,1.3,14.0,0.6,0.5,0.6,-28.8,-8.9,0.0,-12.7,17.0,16.5,14.0,0.6,0.6,0.6,-36.9,-9.5,-1.5,-17.4,17.0,18.2,14.0,0.6,0.6,0.6,-3.16,0.4,2.44,0.26,14.0,2.69,14.0,0.6,0.6,0.6,-10.9,0.0,10.7,-0.3,13.0,11.2,14.0,0.6,0.6,0.6,0.55,3.92,7.5,3.87,14.0,3.07,14.0,0.6,0.6,0.6,0.0,16.2,34.8,18.0,13.0,15.4,14.0,0.6,0.6,0.6,-134.7,-67.1,0.0,-60.3,14.0,70.6,12.0,0.6,0.6,0.6,-124.8,-89.3,-1.5,-74.3,14.0,59.9,12.0,0.6,0.6,0.6,-89.0,-29.0,2.1,-35.1,13.0,45.7,14.0,0.6,0.6,0.6,-81.2,-55.4,0.0,-50.3,13.0,39.1,14.0,0.6,0.6,0.6,-23.6,-2.8,0.5,-8.2,13.0,15.4,14.0,0.6,0.6,0.6,-19.8,-14.0,0.0,-12.4,13.0,10.5,14.0,0.6,0.6,0.6,9.5,132.5,238.5,159.0,17.0,157.0,14.0,0.6,0.6,0.6,10.0,135.0,240.0,160.0,17.0,155.0,14.0,0.6,0.6,0.6
1974,2,272.0,10.0,21.72,23.3,27.35,24.07,40.0,2.46,12.0,0.2,0.5,0.3,22.7,24.0,25.6,24.18,45.0,1.55,12.0,0.3,0.5,0.3,14.67,15.44,16.8,15.59,40.0,1.07,12.0,0.3,0.5,0.3,76.1,82.3,88.0,82.8,41.0,6.2,12.0,0.3,0.4,3.01,6.2,9.3,6.17,44.0,3.09,12.0,0.3,0.5,0.3,-8.27,-4.42,-1.66,-4.75,44.0,3.22,12.0,0.3,0.5,0.3,-5.65,-3.18,-1.65,-3.28,44.0,2.01,12.0,0.3,0.5,0.3,1009.01,1011.0,1013.17,1011.04,46.0,1.72,12.0,0.3,0.5,0.3,0.0,0.0,1.0,0.8,47.0,1.4,12.0,0.3,0.5,0.3,-81.3,-23.5,-4.2,-37.7,44.0,36.7,12.0,0.3,0.5,0.3,-44.9,-19.2,-4.7,-24.3,44.0,20.9,12.0,0.3,0.5,0.3,-2.36,-0.1,2.61,0.08,38.0,2.42,12.0,0.2,0.5,0.3,-9.6,0.0,20.2,1.4,35.0,18.3,12.0,0.2,0.5,0.3,0.55,2.98,6.83,3.55,36.0,3.0,14.0,0.2,0.5,0.3,2.0,15.9,51.9,25.7,33.0,23.4,14.0,0.2,0.5,0.3,-199.3,-105.5,-40.8,-116.6,42.0,78.7,12.0,0.3,0.5,0.3,-133.0,-74.4,-35.8,-78.8,42.0,48.9,12.0,0.3,0.5,0.3,-130.6,-70.7,-27.9,-77.9,37.0,50.5,12.0,0.3,0.5,0.3,-89.9,-51.7,-29.4,-54.3,37.0,29.4,12.0,0.3,0.5,0.3,-41.0,-12.1,-0.1,-17.9,33.0,19.3,14.0,0.2,0.5,0.3,-25.1,-11.7,-1.5,-15.1,33.0,17.0,14.0,0.2,0.5,0.3,27.5,238.5,804.5,405.5,44.0,469.5,12.0,0.3,0.5,0.3,30.0,240.0,805.0,405.0,44.0,470.0,12.0,0.3,0.5,0.3
1974,2,272.0,11.0,21.08,23.8,26.83,24.17,7.0,3.22,14.0,0.6,0.4,0.2,24.41,25.05,26.14,25.11,8.0,1.63,14.0,0.6,0.4,0.1,14.61,16.16,17.4,15.96,8.0,1.66,14.0,0.6,0.4,0.1,72.8,80.0,86.7,80.4,8.0,8.7,14.0,0.6,0.1,5.1,5.9,11.58,7.46,8.0,3.3,14.0,0.6,0.4,0.1,-6.43,-4.96,-3.96,-5.46,8.0,1.83,14.0,0.6,0.4,0.1,-7.44,-3.79,-2.6,-4.87,8.0,3.15,14.0,0.6,0.4,0.1,1010.39,1012.9,1013.38,1012.54,8.0,1.87,14.0,0.6,0.4,0.1,0.0,0.0,1.0,0.4,8.0,0.5,14.0,0.6,0.4,0.1,-79.7,-29.4,-20.2,-45.3,8.0,34.4,14.0,0.6,0.4,0.1,-87.1,-22.8,-13.1,-45.1,8.0,48.5,14.0,0.6,0.4,0.1,-2.56,-0.7,0.55,-0.86,7.0,1.83,14.0,0.6,0.4,0.2,-11.9,-5.6,3.1,-4.3,7.0,10.6,14.0,0.6,0.4,0.2,0.9,2.86,6.07,3.19,7.0,3.9,14.0,0.6,0.4,0.2,4.1,30.3,70.8,29.1,7.0,33.4,14.0,0.6,0.4,0.2,-172.8,-128.7,-89.1,-138.2,8.0,49.9,14.0,0.6,0.4,0.1,-191.1,-91.7,-63.4,-122.6,8.0,78.9,14.0,0.6,0.4,0.1,-103.6,-81.5,-58.8,-87.7,8.0,33.6,14.0,0.6,0.4,0.1,-129.6,-59.0,-45.9,-75.7,8.0,43.5,14.0,0.6,0.4,0.1,-36.3,-26.3,-3.0,-20.1,7.0,23.1,14.0,0.6,0.4,0.2,-47.2,-10.4,-2.7,-19.9,7.0,25.2,14.0,0.6,0.4,0.2,132.5,216.5,1597.5,653.0,8.0,814.5,14.0,0.6,0.4,0.1,135.0,215.0,1600.0,655.0,8.0,815.0,14.0,0.6,0.4,0.1
1974,2,272.0,12.0,26.37,26.95,27.53,26.95,2.0,1.2,24.0,0.5,0.5,0.7,28.15,28.9,29.65,28.9,2.0,1.56,24.0,0.5,0.5,0.7,12.84,14.46,16.07,14.46,2.0,3.34,24.0,0.5,0.5,0.7,53.9,57.8,61.6,57.8,2.0,8.0,24.0,0.5,0.7,6.85,8.25,9.65,8.25,2.0,2.9,24.0,0.5,0.5,0.7,-6.97,-5.01,-3.04,-5.01,2.0,4.08,24.0,0.5,0.5,0.7,-6.49,-6.22,-5.95,-6.22,2.0,0.56,24.0,0.5,0.5,0.7,1011.07,1012.3,1013.53,1012.3,2.0,2.55,24.0,0.5,0.5,0.7,0.6,2.0,3.4,2.0,2.0,2.8,24.0,0.5,0.5,0.7,-70.5,-47.2,-24.0,-47.2,2.0,48.2,24.0,0.5,0.5,0.7,-63.1,-52.2,-41.2,-52.2,2.0,22.7,24.0,0.5,0.5,0.7,-2.12,-1.95,-1.78,-1.95,2.0,0.35,24.0,0.5,0.5,0.7,-20.7,-16.6,-12.5,-16.6,2.0,8.6,24.0,0.5,0.5,0.7,7.01,7.82,8.63,7.82,2.0,1.69,24.0,0.5,0.5,0.7,57.8,62.1,66.3,62.1,2.0,8.8,24.0,0.5,0.5,0.7,-208.5,-147.8,-87.2,-147.8,2.0,125.7,24.0,0.5,0.5,0.7,-192.8,-180.3,-167.8,-180.3,2.0,25.9,24.0,0.5,0.5,0.7,-115.7,-79.2,-42.6,-79.2,2.0,75.7,24.0,0.5,0.5,0.7,-104.8,-90.9,-77.0,-90.9,2.0,28.9,24.0,0.5,0.5,0.7,-47.0,-35.7,-24.4,-35.7,2.0,23.5,24.0,0.5,0.5,0.7,-51.1,-48.2,-45.2,-48.2,2.0,6.1,24.0,0.5,0.5,0.7,374.0,665.5,957.0,665.5,2.0,604.0,24.0,0.5,0.5,0.7,375.0,665.0,955.0,665.0,2.0,605.0,24.0,0.5,0.5,0.7
1974,2,272.0,16.0,24.17,26.1,26.79,26.04,10.0,1.77,14.0,0.5,0.6,0.5,24.94,25.6,27.55,25.88,13.0,1.86,16.0,0.4,0.5,0.6,15.06,16.15,17.61,16.19,13.0,2.36,16.0,0.4,0.5,0.6,71.3,77.2,87.2,78.0,13.0,10.8,16.0,0.4,0.6,2.6,4.6,7.57,4.69,14.0,2.24,16.0,0.4,0.5,0.5,-5.58,-2.57,0.0,-2.65,14.0,3.26,16.0,0.4,0.5,0.5,-3.18,0.0,1.35,-0.62,14.0,3.19,16.0,0.4,0.5,0.5,1013.34,1015.1,1019.11,1015.3,14.0,3.69,16.0,0.4,0.5,0.5,1.0,3.0,7.0,3.6,14.0,2.8,16.0,0.4,0.5,0.5,-31.6,-10.7,0.0,-16.1,14.0,21.7,16.0,0.4,0.5,0.5,-16.0,0.0,9.8,-4.3,14.0,22.5,16.0,0.4,0.5,0.5,-2.76,0.0,3.43,0.04,9.0,2.95,14.0,0.4,0.5,0.6,-11.7,0.0,17.0,1.7,9.0,19.7,14.0,0.4,0.5,0.6,1.49,4.88,6.15,4.46,9.0,3.08,14.0,0.4,0.5,0.6,7.1,18.5,41.2,22.1,9.0,17.9,14.0,0.4,0.5,0.6,-153.1,-68.8,0.0,-81.9,13.0,73.7,16.0,0.4,0.5,0.6,-87.3,0.0,42.5,-11.2,13.0,79.5,16.0,0.4,0.5,0.6,-89.5,-45.7,0.0,-50.1,13.0,44.5,16.0,0.4,0.5,0.6,-60.0,0.0,24.5,-8.9,13.0,52.9,16.0,0.4,0.5,0.6,-29.6,-9.8,0.0,-12.9,9.0,19.5,14.0,0.4,0.5,0.6,-5.9,0.0,9.0,-2.2,9.0,17.2,14.0,0.4,0.5,0.6,17.5,101.0,439.5,171.0,14.0,198.0,16.0,0.4,0.5,0.5,20.0,100.0,440.0,170.0,14.0,200.0,16.0,0.4,0.5,0.5
1974,2,272.0,17.0,24.39,26.55,29.74,26.84,10.0,2.3,14.0,0.5,0.7,0.4,25.0,25.5,26.99,25.7,14.0,1.17,14.0,0.4,0.7,0.4,13.94,15.71,17.1,15.6,14.0,1.78,14.0,0.4,0.7,0.4,70.7,74.5,84.8,76.0,14.0,7.2,14.0,0.4,0.4,2.6,4.1,5.1,4.18,15.0,1.68,12.0,0.3,0.7,0.4,-4.88,-3.91,-1.74,-3.41,15.0,2.23,12.0,0.3,0.7,0.4,-1.46,0.0,1.75,-0.09,15.0,2.02,12.0,0.3,0.7,0.4,1013.0,1014.5,1019.61,1015.92,15.0,3.69,12.0,0.3,0.7,0.4,0.2,2.0,5.6,2.7,15.0,2.2,12.0,0.3,0.7,0.4,-24.7,-16.6,-4.5,-17.1,15.0,18.1,12.0,0.3,0.7,0.4,-4.0,0.0,4.5,-0.4,15.0,9.0,12.0,0.3,0.7,0.4,-2.41,0.5,3.97,0.64,9.0,3.1,16.0,0.6,0.7,0.4,-12.9,1.8,11.5,0.6,9.0,12.7,16.0,0.6,0.7,0.4,2.31,4.64,9.68,5.89,9.0,3.89,16.0,0.6,0.7,0.4,12.5,15.1,34.7,23.6,9.0,17.4,16.0,0.6,0.7,0.4,-112.6,-83.0,-45.6,-85.4,14.0,60.1,14.0,0.4,0.7,0.4,-38.8,0.0,52.1,-1.7,14.0,53.8,14.0,0.4,0.7,0.4,-68.7,-49.7,-23.3,-52.8,14.0,38.1,14.0,0.4,0.7,0.4,-18.8,0.0,32.8,0.6,14.0,31.2,14.0,0.4,0.7,0.4,-22.8,-10.7,-1.7,-13.1,9.0,12.3,16.0,0.6,0.7,0.4,-11.3,0.0,9.1,-4.7,9.0,23.6,16.0,0.6,0.7,0.4,17.5,69.0,132.5,110.0,15.0,143.5,12.0,0.3,0.7,0.4,20.0,70.0,135.0,110.0,15.0,145.0,12.0,0.3,0.7,0.4
1974,2,272.0,18.0,24.0,25.5,30.0,26.33,12.0,2.74,14.0,0.2,0.9,0.4,25.0,25.7,27.09,25.71,14.0,1.52,12.0,0.1,0.9,0.4,14.53,15.63,16.38,15.61,14.0,1.55,12.0,0.1,0.9,0.4,71.5,76.0,79.2,75.8,14.0,3.5,12.0,0.1,0.4,4.1,5.1,6.17,5.09,14.0,1.1,12.0,0.1,0.9,0.4,-5.1,-4.42,-3.31,-4.32,14.0,0.97,12.0,0.1,0.9,0.4,-2.54,1.14,2.83,0.2,14.0,2.84,12.0,0.1,0.9,0.4,1012.08,1015.6,1017.88,1015.8,14.0,3.44,12.0,0.1,0.9,0.4,1.0,2.0,2.9,1.9,14.0,1.2,12.0,0.1,0.9,0.4,-33.0,-22.5,-15.8,-22.7,14.0,9.0,12.0,0.1,0.9,0.4,-12.7,5.1,13.1,0.3,14.0,17.4,12.0,0.1,0.9,0.4,-3.63,-0.05,5.28,0.56,12.0,4.06,14.0,0.2,0.9,0.4,-14.4,-0.3,31.0,5.0,12.0,20.4,14.0,0.2,0.9,0.4,2.09,5.04,11.29,5.89,12.0,4.46,14.0,0.2,0.9,0.4,8.6,24.6,63.8,31.2,12.0,25.9,14.0,0.2,0.9,0.4,-133.4,-115.5,-78.4,-110.9,14.0,24.2,12.0,0.1,0.9,0.4,-65.7,28.1,76.6,6.0,14.0,72.1,12.0,0.1,0.9,0.4,-86.8,-69.6,-51.1,-67.4,14.0,16.1,12.0,0.1,0.9,0.4,-42.5,16.3,49.8,4.7,14.0,43.2,12.0,0.1,0.9,0.4,-56.1,-22.2,-6.6,-26.9,12.0,22.7,14.0,0.2,0.9,0.4,-3.8,7.1,15.7,3.3,12.0,20.4,14.0,0.2,0.9,0.4,69.0,132.5,235.0,150.5,14.0,107.0,12.0,0.1,0.9,0.4,70.0,135.0,235.0,150.0,14.0,105.0,12.0,0.1,0.9,0.4
1974,2,272.0,19.0,27.0,27.0,27.0,27.0,2.0,0.0,20.0,0.5,1.0,0.1,24.69,25.25,27.07,25.85,4.0,1.82,12.0,0.3,1.0,0.1,14.19,16.03,20.59,17.33,4.0,4.46,12.0,0.3,1.0,0.1,73.7,80.3,91.4,82.4,4.0,11.3,12.0,0.3,0.1,3.08,3.85,4.1,3.6,4.0,0.71,12.0,0.3,1.0,0.1,-3.98,-3.31,-1.31,-2.68,4.0,1.88,12.0,0.3,1.0,0.1,-2.46,-1.16,0.73,-0.88,4.0,1.91,12.0,0.3,1.0,0.1,1015.14,1015.4,1017.81,1016.43,4.0,2.39,12.0,0.3,1.0,0.1,2.0,3.0,3.5,2.8,4.0,1.3,12.0,0.3,1.0,0.1,-16.3,-12.9,-4.7,-10.6,4.0,7.7,12.0,0.3,1.0,0.1,-7.6,-3.4,3.0,-2.3,4.0,6.5,12.0,0.3,1.0,0.1,-1.02,0.0,1.02,0.0,2.0,2.12,20.0,0.5,1.0,0.1,-2.4,0.8,3.9,0.8,2.0,6.6,20.0,0.5,1.0,0.1,-0.35,1.81,3.98,1.81,2.0,4.49,20.0,0.5,1.0,0.1,-0.1,7.2,14.5,7.2,2.0,15.2,20.0,0.5,1.0,0.1,-98.5,-82.2,-33.5,-66.7,4.0,46.5,12.0,0.3,1.0,0.1,-66.9,-29.5,17.9,-24.7,4.0,50.7,12.0,0.3,1.0,0.1,-56.8,-50.0,-22.7,-40.2,4.0,27.3,12.0,0.3,1.0,0.1,-51.2,-20.0,10.0,-20.6,4.0,36.7,12.0,0.3,1.0,0.1,-11.6,-6.9,-2.2,-6.9,2.0,9.7,20.0,0.5,1.0,0.1,-9.2,-4.0,1.1,-4.0,2.0,10.7,20.0,0.5,1.0,0.1,31.5,58.0,69.0,50.5,4.0,24.5,12.0,0.3,1.0,0.1,30.0,60.0,70.0,50.0,4.0,25.0,12.0,0.3,1.0,0.1
1974,2,272.0,21.0,23.16,23.4,24.35,23.7,5.0,0.66,20.0,0.2,0.8,0.8,21.47,22.8,25.78,23.44,5.0,2.59,20.0,0.2,0.8,0.8,12.95,15.32,17.66,15.31,4.0,2.77,18.0,0.3,0.8,0.8,81.0,84.1,85.3,83.2,4.0,2.9,18.0,0.3,0.8,5.31,9.0,11.29,8.38,5.0,3.28,20.0,0.2,0.8,0.8,-4.45,-3.08,0.7,-2.14,5.0,3.11,20.0,0.2,0.8,0.8,-11.19,0.0,4.39,-2.43,5.0,8.7,20.0,0.2,0.8,0.8,1016.09,1016.8,1021.46,1018.64,5.0,3.69,20.0,0.2,0.8,0.8,0.5,3.5,7.0,3.8,4.0,3.9,18.0,0.3,0.8,0.8,-30.7,-14.6,7.7,-11.4,5.0,22.7,20.0,0.2,0.8,0.8,-126.5,0.0,33.1,-34.8,5.0,91.4,20.0,0.2,0.8,0.8,-2.49,0.4,2.88,0.26,5.0,3.17,20.0,0.2,0.8,0.8,-15.5,2.4,32.7,8.6,5.0,27.5,20.0,0.2,0.8,0.8,0.06,2.45,5.45,2.74,4.0,3.3,18.0,0.3,0.8,0.8,2.3,16.0,50.3,25.8,4.0,34.0,18.0,0.3,0.8,0.8,-110.4,-77.6,14.1,-54.2,5.0,71.8,20.0,0.2,0.8,0.8,-234.6,0.0,112.7,-42.5,5.0,197.4,20.0,0.2,0.8,0.8,-73.6,-58.6,-12.6,-43.8,4.0,46.5,18.0,0.3,0.8,0.8,-70.1,18.7,93.2,11.9,4.0,114.7,18.0,0.3,0.8,0.8,-14.0,-0.2,7.8,-2.9,4.0,15.6,18.0,0.3,0.8,0.8,-38.8,-0.7,3.8,-16.7,4.0,37.6,18.0,0.3,0.8,0.8,162.5,729.0,1445.0,797.5,5.0,684.5,20.0,0.2,0.8,0.8,160.0,730.0,1445.0,800.0,5.0,685.0,20.0,0.2,0.8,0.8
1974,2,272.0,22.0,23.71,25.0,26.74,25.01,38.0,1.89,16.0,0.3,0.6,0.4,21.09,23.25,26.0,23.41,38.0,2.48,16.0,0.3,0.6,0.4,9.92,14.49,16.11,13.45,26.0,2.96,14.0,0.3,0.6,0.5,62.4,77.2,84.9,74.8,27.0,11.3,14.0,0.3,0.5,3.54,7.7,10.93,7.49,38.0,3.5,16.0,0.3,0.6,0.4,-6.58,-2.88,0.0,-3.1,38.0,3.56,16.0,0.3,0.6,0.4,-10.21,-1.9,3.28,-3.17,38.0,6.09,16.0,0.3,0.6,0.4,1013.36,1018.0,1023.06,1018.08,37.0,4.64,16.0,0.3,0.6,0.4,0.8,3.0,7.2,3.6,31.0,2.9,16.0,0.3,0.6,0.4,-57.1,-16.7,0.0,-25.1,38.0,36.5,16.0,0.3,0.6,0.4,-108.0,-6.3,16.7,-38.8,38.0,67.2,16.0,0.3,0.6,0.4,-1.08,1.75,5.5,1.6,38.0,3.26,16.0,0.3,0.6,0.4,-7.7,8.3,51.2,15.7,38.0,27.2,16.0,0.3,0.6,0.4,3.77,5.89,11.24,6.61,26.0,4.15,14.0,0.3,0.6,0.5,15.5,40.0,101.0,51.0,26.0,44.0,14.0,0.3,0.6,0.5,-137.1,-71.4,0.0,-72.8,38.0,85.8,16.0,0.3,0.6,0.4,-218.1,-44.5,81.7,-64.0,38.0,135.8,16.0,0.3,0.6,0.4,-81.1,-40.1,-17.6,-46.0,26.0,48.9,14.0,0.3,0.6,0.5,-97.7,0.0,50.6,-15.4,26.0,72.2,14.0,0.3,0.6,0.5,-39.7,-15.7,0.0,-23.2,26.0,27.1,14.0,0.3,0.6,0.5,-81.7,-2.1,14.1,-24.7,26.0,52.1,14.0,0.3,0.6,0.5,44.5,456.5,1309.0,700.0,38.0,823.5,16.0,0.3,0.6,0.4,45.0,455.0,1310.0,700.0,38.0,825.0,16.0,0.3,0.6,0.4
1974,2,272.0,23.0,21.7,23.9,26.63,24.19,21.0,2.77,16.0,0.3,0.7,0.3,20.63,23.0,24.48,22.8,21.0,2.38,16.0,0.3,0.7,0.3,9.29,13.05,16.25,12.87,19.0,3.02,16.0,0.3,0.7,0.3,60.1,69.9,86.8,72.0,20.0,14.3,16.0,0.3,0.3,4.1,6.2,10.3,6.93,21.0,3.33,16.0,0.3,0.7,0.3,-5.82,-3.55,0.0,-2.43,21.0,4.02,16.0,0.3,0.7,0.3,-8.77,0.0,3.97,-0.9,21.0,6.2,16.0,0.3,0.7,0.3,1014.4,1017.45,1022.99,1018.48,20.0,4.35,16.0,0.3,0.7,0.3,0.2,3.0,7.0,3.4,21.0,2.8,16.0,0.3,0.7,0.3,-38.7,-16.8,0.0,-16.3,21.0,36.4,16.0,0.3,0.7,0.3,-87.4,0.0,25.7,-15.1,21.0,65.7,16.0,0.3,0.7,0.3,-1.28,0.9,4.75,1.39,21.0,3.26,16.0,0.3,0.7,0.3,-7.5,8.7,29.7,10.9,21.0,22.5,16.0,0.3,0.7,0.3,2.86,6.32,11.0,6.43,19.0,3.84,16.0,0.3,0.7,0.3,11.9,31.5,71.8,43.9,19.0,36.5,16.0,0.3,0.7,0.3,-132.6,-81.0,0.0,-56.3,21.0,89.0,16.0,0.3,0.7,0.3,-155.8,0.0,94.7,-14.7,21.0,134.7,16.0,0.3,0.7,0.3,-67.2,-50.0,0.0,-32.9,19.0,43.2,16.0,0.3,0.7,0.3,-78.9,0.0,62.0,-10.6,19.0,76.6,16.0,0.3,0.7,0.3,-48.5,-12.8,0.0,-19.9,19.0,27.7,16.0,0.3,0.7,0.3,-61.2,0.0,14.3,-14.9,19.0,44.2,16.0,0.3,0.7,0.3,69.0,238.5,1092.5,560.0,21.0,689.5,16.0,0.3,0.7,0.3,70.0,240.0,1095.0,560.0,21.0,690.0,16.0,0.3,0.7,0.3
1974,2,272.0,24.0,22.0,23.95,26.91,23.9,14.0,2.53,14.0,0.4,0.8,0.6,20.15,22.4,24.68,22.41,16.0,3.31,14.0,0.4,0.7,0.5,8.09,10.28,13.12,10.43,14.0,2.87,14.0,0.4,0.8,0.6,54.3,59.3,74.7,61.8,14.0,12.2,14.0,0.4,0.6,4.44,6.95,8.2,6.74,16.0,2.77,14.0,0.4,0.7,0.5,-5.48,-1.28,4.97,-0.85,16.0,4.72,14.0,0.4,0.7,0.5,-7.97,-2.82,1.64,-2.89,16.0,4.92,14.0,0.4,0.7,0.5,1013.38,1020.3,1024.79,1019.3,15.0,5.57,14.0,0.4,0.7,0.6,2.0,3.0,6.6,3.6,16.0,2.4,14.0,0.4,0.7,0.5,-31.7,-3.3,37.4,-3.7,16.0,41.3,14.0,0.4,0.7,0.5,-63.9,-16.7,9.8,-27.4,16.0,47.2,14.0,0.4,0.7,0.5,0.13,2.0,4.74,2.15,14.0,3.07,14.0,0.4,0.8,0.6,1.0,11.8,26.9,18.6,14.0,31.0,14.0,0.4,0.8,0.6,4.62,8.16,9.91,7.85,13.0,2.74,14.0,0.4,0.8,0.6,21.0,62.2,75.8,60.0,13.0,39.3,14.0,0.4,0.8,0.6,-109.3,-28.8,99.3,-15.5,16.0,99.3,14.0,0.4,0.7,0.5,-163.4,-54.7,37.7,-57.1,16.0,106.1,14.0,0.4,0.7,0.5,-48.8,-13.2,45.1,-2.7,14.0,50.6,14.0,0.4,0.8,0.6,-67.1,-37.1,4.8,-33.9,14.0,42.0,14.0,0.4,0.8,0.6,-53.3,0.0,37.6,-5.2,13.0,47.4,14.0,0.4,0.8,0.6,-65.2,-35.3,4.7,-36.5,13.0,41.5,14.0,0.4,0.8,0.6,90.5,337.0,551.5,461.5,16.0,565.0,14.0,0.4,0.7,0.5,90.0,335.0,550.0,460.0,16.0,565.0,14.0,0.4,0.7,0.5
1974,2,272.0,25.0,22.84,25.0,26.7,24.79,33.0,2.37,16.0,0.3,0.6,0.6,18.21,22.2,24.49,21.89,33.0,3.14,16.0,0.3,0.6,0.6,7.89,10.85,15.81,11.6,33.0,3.48,16.0,0.3,0.6,0.6,58.5,66.6,82.2,69.3,33.0,11.3,16.0,0.3,0.6,3.72,5.7,10.06,6.7,34.0,3.41,16.0,0.3,0.6,0.6,-5.36,0.94,4.96,-0.19,34.0,4.58,16.0,0.3,0.6,0.6,-6.12,-0.85,4.57,-1.37,34.0,5.91,16.0,0.3,0.6,0.6,1013.99,1017.7,1024.31,1018.29,34.0,4.66,16.0,0.3,0.6,0.6,2.0,3.0,7.0,4.2,33.0,2.4,16.0,0.3,0.6,0.6,-31.4,3.2,41.6,0.4,34.0,40.5,16.0,0.3,0.6,0.6,-49.5,-3.6,23.0,-18.9,34.0,70.9,16.0,0.3,0.6,0.6,0.12,2.5,5.6,2.9,33.0,3.05,16.0,0.3,0.6,0.6,0.9,12.8,36.6,18.3,33.0,25.6,16.0,0.3,0.6,0.6,4.46,7.92,11.36,8.01,33.0,3.5,16.0,0.3,0.6,0.6,30.9,43.2,77.1,51.7,33.0,31.3,16.0,0.3,0.6,0.6,-108.3,21.7,96.3,-7.0,33.0,100.6,16.0,0.3,0.6,0.6,-125.3,-19.1,105.5,-24.4,33.0,129.8,16.0,0.3,0.6,0.6,-59.8,12.6,47.2,-2.8,33.0,52.1,16.0,0.3,0.6,0.6,-63.5,-8.1,63.7,-9.1,33.0,73.7,16.0,0.3,0.6,0.6,-39.4,8.7,36.7,-0.1,33.0,40.6,16.0,0.3,0.6,0.6,-57.3,-11.3,25.2,-13.4,33.0,43.6,16.0,0.3,0.6,0.6,52.0,185.0,1024.5,571.5,34.0,1045.5,16.0,0.3,0.6,0.6,50.0,185.0,1025.0,570.0,34.0,1045.0,16.0,0.3,0.6,0.6
1974,2,272.0,26.0,22.8,24.75,26.7,24.49,66.0,2.08,14.0,0.3,0.5,0.3,17.76,21.6,24.0,21.13,68.0,3.13,14.0,0.3,0.5,0.3,8.73,10.77,15.01,11.57,60.0,3.0,14.0,0.3,0.5,0.2,60.4,73.4,84.2,72.5,60.0,12.5,14.0,0.3,0.2,5.1,7.7,10.3,7.54,68.0,2.92,14.0,0.3,0.5,0.3,-6.51,-1.57,3.87,-1.57,68.0,4.84,14.0,0.3,0.5,0.3,-7.41,0.0,6.68,-0.67,68.0,6.31,14.0,0.3,0.5,0.3,1013.46,1018.6,1023.05,1018.49,69.0,4.69,14.0,0.3,0.5,0.3,1.6,3.5,6.0,3.8,68.0,2.3,14.0,0.3,0.5,0.3,-66.9,-6.0,29.6,-13.1,68.0,47.9,14.0,0.3,0.5,0.3,-59.3,0.0,51.5,-9.0,68.0,63.5,14.0,0.3,0.5,0.3,0.0,3.0,7.17,3.33,65.0,3.72,14.0,0.3,0.5,0.3,0.0,16.8,53.9,25.3,64.0,34.7,14.0,0.3,0.5,0.3,3.61,7.34,11.4,7.59,59.0,3.57,14.0,0.3,0.5,0.3,25.5,49.6,99.4,57.0,58.0,35.1,14.0,0.3,0.5,0.3,-152.9,-42.6,81.7,-36.7,67.0,105.3,14.0,0.3,0.5,0.3,-141.8,0.0,161.9,-2.6,67.0,130.9,14.0,0.3,0.5,0.3,-81.7,-20.9,49.7,-18.8,59.0,58.3,14.0,0.3,0.5,0.2,-77.0,0.0,102.3,8.0,59.0,75.7,14.0,0.3,0.5,0.2,-64.1,-7.7,17.5,-17.2,58.0,42.4,14.0,0.3,0.5,0.3,-68.4,-0.5,30.2,-15.1,58.0,47.0,14.0,0.3,0.5,0.3,132.5,456.5,1092.5,624.5,68.0,678.5,14.0,0.3,0.5,0.3,135.0,455.0,1095.0,625.0,68.0,680.0,14.0,0.3,0.5,0.3
1974,2,272.0,27.0,21.89,23.0,25.11,23.24,50.0,1.98,12.0,0.2,0.6,0.5,15.76,20.05,22.92,19.53,54.0,3.66,14.0,0.3,0.6,0.5,7.22,9.7,15.2,10.89,43.0,3.6,12.0,0.3,0.6,0.6,59.9,76.4,88.0,74.0,43.0,13.3,12.0,0.3,0.6,4.01,7.7,10.25,7.04,52.0,3.12,14.0,0.3,0.6,0.5,-5.8,0.0,5.9,0.04,52.0,5.4,14.0,0.3,0.6,0.5,-6.62,-1.81,4.42,-1.6,52.0,5.34,14.0,0.3,0.6,0.5,1012.6,1018.5,1023.0,1018.58,53.0,5.97,12.0,0.2,0.6,0.5,0.3,3.0,7.0,3.6,53.0,2.9,14.0,0.3,0.6,0.5,-45.2,0.0,56.8,3.1,52.0,51.0,14.0,0.3,0.6,0.5,-58.9,-15.5,23.0,-19.0,52.0,49.0,14.0,0.3,0.6,0.5,0.89,3.05,8.3,3.74,50.0,3.75,12.0,0.2,0.6,0.5,2.4,14.9,68.7,27.6,48.0,31.9,12.0,0.2,0.6,0.5,3.2,7.39,10.6,6.8,42.0,3.62,12.0,0.3,0.6,0.5,13.5,42.1,99.6,50.0,41.0,35.6,12.0,0.2,0.6,0.5,-104.1,0.0,107.4,-1.8,52.0,108.0,14.0,0.3,0.6,0.5,-113.3,-41.0,100.7,-20.3,52.0,102.0,14.0,0.3,0.6,0.5,-56.0,0.0,50.6,-2.6,42.0,62.1,12.0,0.2,0.6,0.6,-64.8,-25.4,64.1,-11.3,42.0,61.6,12.0,0.2,0.6,0.6,-34.7,0.0,34.0,-0.7,41.0,40.6,12.0,0.2,0.6,0.5,-63.0,-11.6,18.6,-22.4,41.0,40.8,12.0,0.2,0.6,0.5,64.5,456.5,1078.5,541.0,52.0,540.5,14.0,0.3,0.6,0.5,65.0,455.0,1080.0,540.0,52.0,540.0,14.0,0.3,0.6,0.5
1974,2,272.0,28.0,19.77,23.0,25.06,22.3,13.0,3.09,14.0,0.4,0.5,0.4,16.38,20.5,23.81,19.82,15.0,3.56,12.0,0.3,0.5,0.4,7.4,11.38,15.56,11.27,15.0,3.36,12.0,0.3,0.5,0.4,67.5,76.9,87.1,76.4,15.0,11.3,12.0,0.3,0.4,5.34,7.7,11.86,8.05,15.0,3.13,12.0,0.3,0.5,0.4,-4.91,2.63,7.25,2.0,15.0,5.71,12.0,0.3,0.5,0.4,-6.46,-0.94,6.94,-0.1,15.0,6.51,12.0,0.3,0.5,0.4,1011.42,1017.0,1021.84,1016.86,15.0,4.68,12.0,0.3,0.5,0.4,2.0,6.0,7.0,4.9,14.0,2.5,12.0,0.3,0.5,0.5,-36.2,20.3,71.7,22.4,15.0,57.6,12.0,0.3,0.5,0.4,-61.6,-0.9,53.4,-2.6,15.0,66.6,12.0,0.3,0.5,0.4,-0.54,2.5,6.82,2.72,13.0,3.65,14.0,0.4,0.5,0.4,-3.8,17.7,51.1,24.7,13.0,28.5,14.0,0.4,0.5,0.4,2.88,5.36,8.43,5.89,13.0,3.2,14.0,0.4,0.5,0.4,21.9,43.9,65.9,45.7,13.0,27.8,14.0,0.4,0.5,0.4,-94.0,62.9,116.0,37.2,15.0,112.3,12.0,0.3,0.5,0.4,-114.4,-16.9,165.8,14.2,15.0,129.8,12.0,0.3,0.5,0.4,-50.4,35.4,55.6,20.2,15.0,65.0,12.0,0.3,0.5,0.4,-60.9,-6.2,96.9,12.8,15.0,80.9,12.0,0.3,0.5,0.4,-28.6,4.2,54.5,10.9,13.0,37.8,14.0,0.4,0.5,0.4,-38.0,11.1,24.3,-7.7,13.0,37.6,14.0,0.4,0.5,0.4,156.0,456.5,1690.5,734.0,15.0,688.5,12.0,0.3,0.5,0.4,155.0,455.0,1690.0,735.0,15.0,690.0,12.0,0.3,0.5,0.4
1974,2,272.0,29.0,18.9,20.85,23.99,20.69,14.0,3.5,12.0,0.1,0.5,0.3,14.51,21.1,22.8,19.31,14.0,4.07,10.0,0.1,0.5,0.3,6.79,12.82,15.08,11.31,13.0,3.93,10.0,0.2,0.5,0.3,65.9,83.0,90.1,79.3,13.0,15.4,10.0,0.2,0.3,3.71,5.1,8.95,5.93,15.0,2.4,12.0,0.1,0.5,0.3,-3.72,0.8,3.01,0.31,15.0,3.88,12.0,0.1,0.5,0.3,-2.85,1.8,6.32,1.68,15.0,5.03,12.0,0.1,0.5,0.3,1011.58,1017.6,1024.91,1018.45,15.0,6.08,12.0,0.1,0.5,0.3,0.2,2.0,7.0,3.3,15.0,3.2,12.0,0.1,0.5,0.3,-26.8,3.7,15.4,1.8,15.0,29.8,12.0,0.1,0.5,0.3,-18.3,6.5,45.7,11.9,15.0,41.3,12.0,0.1,0.5,0.3,-1.31,1.6,5.65,1.67,13.0,3.8,12.0,0.2,0.5,0.3,-6.1,6.1,27.7,8.2,13.0,19.8,12.0,0.2,0.5,0.3,2.24,3.7,6.01,4.06,12.0,3.68,12.0,0.2,0.5,0.3,12.7,22.5,32.7,24.1,12.0,22.2,12.0,0.2,0.5,0.3,-66.2,16.8,68.9,18.2,14.0,74.7,10.0,0.1,0.5,0.3,-42.8,48.5,141.3,46.0,14.0,99.1,10.0,0.1,0.5,0.3,-31.3,5.4,40.1,9.9,13.0,43.2,10.0,0.2,0.5,0.3,-21.7,37.4,94.4,37.1,13.0,60.5,10.0,0.2,0.5,0.3,-14.8,2.2,13.2,-2.1,12.0,23.8,12.0,0.2,0.5,0.3,-17.7,0.2,20.3,0.6,12.0,23.6,12.0,0.2,0.5,0.3,51.5,132.5,727.0,309.5,15.0,339.5,12.0,0.1,0.5,0.3,50.0,135.0,725.0,310.0,15.0,340.0,12.0,0.1,0.5,0.3
1974,2,272.0,30.0,16.5,16.5,16.5,16.5,1.0,0.0,10.0,0.0,0.8,0.0,11.0,11.0,11.0,11.0,1.0,0.0,10.0,0.0,0.8,0.0,6.22,6.22,6.22,6.22,1.0,0.0,10.0,0.0,0.8,0.0,77.4,77.4,77.4,77.4,1.0,0.0,10.0,0.0,0.0,8.2,8.2,8.2,8.2,1.0,0.0,10.0,0.0,0.8,0.0,5.27,5.27,5.27,5.27,1.0,0.0,10.0,0.0,0.8,0.0,-6.28,-6.28,-6.28,-6.28,1.0,0.0,10.0,0.0,0.8,0.0,1023.4,1023.4,1023.4,1023.4,1.0,0.0,10.0,0.0,0.8,0.0,6.0,6.0,6.0,6.0,1.0,0.0,10.0,0.0,0.8,0.0,43.2,43.2,43.2,43.2,1.0,0.0,10.0,0.0,0.8,0.0,-51.5,-51.5,-51.5,-51.5,1.0,0.0,10.0,0.0,0.8,0.0,5.5,5.5,5.5,5.5,1.0,0.0,10.0,0.0,0.8,0.0,45.1,45.1,45.1,45.1,1.0,0.0,10.0,0.0,0.8,0.0,5.31,5.31,5.31,5.31,1.0,0.0,10.0,0.0,0.8,0.0,43.6,43.6,43.6,43.6,1.0,0.0,10.0,0.0,0.8,0.0,58.0,58.0,58.0,58.0,1.0,0.0,10.0,0.0,0.8,0.0,-69.1,-69.1,-69.1,-69.1,1.0,0.0,10.0,0.0,0.8,0.0,32.8,32.8,32.8,32.8,1.0,0.0,10.0,0.0,0.8,0.0,-39.1,-39.1,-39.1,-39.1,1.0,0.0,10.0,0.0,0.8,0.0,28.0,28.0,28.0,28.0,1.0,0.0,10.0,0.0,0.8,0.0,-33.4,-33.4,-33.4,-33.4,1.0,0.0,10.0,0.0,0.8,0.0,551.5,551.5,551.5,551.5,1.0,0.0,10.0,0.0,0.8,0.0,550.0,550.0,550.0,550.0,1.0,0.0,10.0,0.0,0.8,0.0
1974,2,273.0,-40.0,,,,,,,,,,,,,,,,,,,,,,,,,,,,,,,,,,,,,,,,6.2,6.2,6.2,6.2,1.0,0.0,20.0,1.0,0.2,0.6,0.0,0.0,0.0,0.0,1.0,0.0,20.0,1.0,0.2,0.6,-6.2,-6.2,-6.2,-6.2,1.0,0.0,20.0,1.0,0.2,0.6,1016.5,1016.5,1016.5,1016.5,1.0,0.0,20.0,1.0,0.2,0.6,,,,,,,,,,,,,,,,,,,,,,,,,,,,,,,,,,,,,,,,,,,,,,,,,,,,,,,,,,,,,,,,,,,,,,,,,,,,,,,,,,,,,,,,,,,,,,,,,,,,,,,,,,,,,,,,,,,,,,,,,,,,,,,,,,,,,,,,,,,,,,,,,,,,,,
1974,2,273.0,-13.0,23.6,23.6,23.81,23.67,7.0,0.17,12.0,0.9,0.7,0.3,23.78,25.0,25.8,24.7,7.0,0.97,12.0,0.9,0.7,0.3,13.77,14.24,14.43,14.1,4.0,0.5,14.0,0.8,0.6,0.4,68.3,73.2,79.9,74.1,4.0,6.8,14.0,0.8,0.4,6.0,6.5,8.99,7.45,4.0,2.28,14.0,0.8,0.6,0.4,-4.78,-2.22,-0.43,-2.59,4.0,3.29,14.0,0.8,0.6,0.4,5.77,6.24,7.47,6.6,4.0,1.18,14.0,0.8,0.6,0.4,1011.94,1012.55,1013.68,1012.8,4.0,1.12,14.0,0.8,0.6,0.4,1.1,2.5,6.6,3.4,8.0,2.7,14.0,0.8,0.7,0.4,-47.3,-14.5,-2.6,-24.4,4.0,35.1,14.0,0.8,0.6,0.4,34.6,40.7,68.7,51.2,4.0,26.0,14.0,0.8,0.6,0.4,-2.2,-1.0,-0.27,-1.03,7.0,0.96,12.0,0.9,0.7,0.3,-10.9,-5.2,0.7,-5.1,4.0,7.2,14.0,0.8,0.6,0.4,3.7,3.88,4.39,4.04,4.0,0.5,14.0,0.8,0.6,0.4,25.1,27.5,34.1,29.5,4.0,6.7,14.0,0.8,0.6,0.4,-111.9,-54.1,-10.3,-60.8,4.0,77.4,14.0,0.8,0.6,0.4,146.4,154.5,175.5,160.7,4.0,22.4,14.0,0.8,0.6,0.4,-69.2,-30.8,-5.3,-37.0,4.0,47.9,14.0,0.8,0.6,0.4,79.4,88.9,107.8,93.4,4.0,19.5,14.0,0.8,0.6,0.4,-17.8,-9.4,-2.1,-10.0,4.0,12.0,14.0,0.8,0.6,0.4,24.2,25.9,28.5,26.3,4.0,2.8,14.0,0.8,0.6,0.4,216.0,279.5,823.5,508.5,4.0,504.5,14.0,0.8,0.6,0.4,215.0,280.0,825.0,510.0,4.0,505.0,14.0,0.8,0.6,0.4
1974,2,273.0,-10.0,25.0,25.0,25.0,25.0,1.0,0.0,24.0,1.0,0.5,0.9,25.0,25.0,25.0,25.0,1.0,0.0,24.0,1.0,0.5,0.9,16.53,16.53,16.53,16.53,1.0,0.0,24.0,1.0,0.5,0.9,83.4,83.4,83.4,83.4,1.0,0.0,24.0,1.0,0.9,2.1,2.1,2.1,2.1,1.0,0.0,24.0,1.0,0.5,0.9,-2.07,-2.07,-2.07,-2.07,1.0,0.0,24.0,1.0,0.5,0.9,0.36,0.36,0.36,0.36,1.0,0.0,24.0,1.0,0.5,0.9,1009.2,1009.2,1009.2,1009.2,1.0,0.0,24.0,1.0,0.5,0.9,2.0,2.0,2.0,2.0,1.0,0.0,24.0,1.0,0.5,0.9,-4.3,-4.3,-4.3,-4.3,1.0,0.0,24.0,1.0,0.5,0.9,0.8,0.8,0.8,0.8,1.0,0.0,24.0,1.0,0.5,0.9,0.0,0.0,0.0,0.0,1.0,0.0,24.0,1.0,0.5,0.9,0.0,0.0,0.0,0.0,1.0,0.0,24.0,1.0,0.5,0.9,3.32,3.32,3.32,3.32,1.0,0.0,24.0,1.0,0.5,0.9,7.0,7.0,7.0,7.0,1.0,0.0,24.0,1.0,0.5,0.9,-51.7,-51.7,-51.7,-51.7,1.0,0.0,24.0,1.0,0.5,0.9,9.1,9.1,9.1,9.1,1.0,0.0,24.0,1.0,0.5,0.9,-34.2,-34.2,-34.2,-34.2,1.0,0.0,24.0,1.0,0.5,0.9,6.0,6.0,6.0,6.0,1.0,0.0,24.0,1.0,0.5,0.9,-6.9,-6.9,-6.9,-6.9,1.0,0.0,24.0,1.0,0.5,0.9,1.2,1.2,1.2,1.2,1.0,0.0,24.0,1.0,0.5,0.9,9.5,9.5,9.5,9.5,1.0,0.0,24.0,1.0,0.5,0.9,10.0,10.0,10.0,10.0,1.0,0.0,24.0,1.0,0.5,0.9
1974,2,273.0,-8.0,,,,,,,,,,,,,,,,,,,,,,,,,,,,,,,,,,,,,,,,4.1,4.1,4.1,4.1,1.0,0.0,14.0,0.0,0.9,0.7,-2.64,-2.64,-2.64,-2.64,1.0,0.0,14.0,0.0,0.9,0.7,3.14,3.14,3.14,3.14,1.0,0.0,14.0,0.0,0.9,0.7,1012.9,1012.9,1012.9,1012.9,1.0,0.0,14.0,0.0,0.9,0.7,,,,,,,,,,,,,,,,,,,,,,,,,,,,,,,,,,,,,,,,,,,,,,,,,,,,,,,,,,,,,,,,,,,,,,,,,,,,,,,,,,,,,,,,,,,,,,,,,,,,,,,,,,,,,,,,,,,,,,,,,,,,,,,,,,,,,,,,,,,,,,,,,,,,,,
1974,2,273.0,-6.0,,,,,,,,,,,,,,,,,,,,,,,,,,,,,,,,,,,,,,,,2.6,2.6,2.6,2.6,1.0,0.0,28.0,0.0,0.6,1.0,-2.44,-2.44,-2.44,-2.44,1.0,0.0,28.0,0.0,0.6,1.0,-0.89,-0.89,-0.89,-0.89,1.0,0.0,28.0,0.0,0.6,1.0,1010.8,1010.8,1010.8,1010.8,1.0,0.0,28.0,0.0,0.6,1.0,,,,,,,,,,,,,,,,,,,,,,,,,,,,,,,,,,,,,,,,,,,,,,,,,,,,,,,,,,,,,,,,,,,,,,,,,,,,,,,,,,,,,,,,,,,,,,,,,,,,,,,,,,,,,,,,,,,,,,,,,,,,,,,,,,,,,,,,,,,,,,,,,,,,,,
1974,2,273.0,-3.0,25.02,26.1,26.88,25.92,5.0,1.23,16.0,0.6,0.7,0.8,24.0,24.0,24.0,24.0,1.0,0.0,6.0,1.0,0.5,1.0,16.02,16.02,16.02,16.02,1.0,0.0,6.0,1.0,0.5,1.0,85.9,85.9,85.9,85.9,1.0,0.0,6.0,1.0,1.0,2.92,3.1,3.47,3.2,5.0,0.55,16.0,0.6,0.7,0.8,-1.79,-1.4,-0.67,-1.23,5.0,0.77,16.0,0.6,0.7,0.8,2.23,2.91,3.37,2.85,5.0,0.71,16.0,0.6,0.7,0.8,1010.58,1011.9,1013.12,1011.8,5.0,1.56,16.0,0.6,0.7,0.8,3.3,7.0,7.4,5.6,5.0,2.5,16.0,0.6,0.7,0.8,-5.9,-4.3,-2.1,-3.9,5.0,2.5,16.0,0.6,0.7,0.8,6.6,9.0,11.9,9.4,5.0,4.0,16.0,0.6,0.7,0.8,0.0,0.0,0.0,0.0,1.0,0.0,6.0,1.0,0.5,1.0,0.0,0.0,0.0,0.0,1.0,0.0,6.0,1.0,0.5,1.0,2.66,2.66,2.66,2.66,1.0,0.0,6.0,1.0,0.5,1.0,6.9,6.9,6.9,6.9,1.0,0.0,6.0,1.0,0.5,1.0,-40.1,-40.1,-40.1,-40.1,1.0,0.0,6.0,1.0,0.5,1.0,47.8,47.8,47.8,47.8,1.0,0.0,6.0,1.0,0.5,1.0,-26.8,-26.8,-26.8,-26.8,1.0,0.0,6.0,1.0,0.5,1.0,31.9,31.9,31.9,31.9,1.0,0.0,6.0,1.0,0.5,1.0,-4.4,-4.4,-4.4,-4.4,1.0,0.0,6.0,1.0,0.5,1.0,5.3,5.3,5.3,5.3,1.0,0.0,6.0,1.0,0.5,1.0,25.5,30.0,44.0,35.0,5.0,19.5,16.0,0.6,0.7,0.8,25.0,30.0,45.0,35.0,5.0,20.0,16.0,0.6,0.7,0.8
1974,2,273.0,-1.0,27.4,27.4,27.4,27.4,1.0,0.0,10.0,0.0,0.9,0.9,26.4,26.4,26.4,26.4,1.0,0.0,10.0,0.0,0.9,0.9,18.32,18.32,18.32,18.32,1.0,0.0,10.0,0.0,0.9,0.9,85.1,85.1,85.1,85.1,1.0,0.0,10.0,0.0,0.9,1.0,1.0,1.0,1.0,1.0,0.0,10.0,0.0,0.9,0.9,-0.5,-0.5,-0.5,-0.5,1.0,0.0,10.0,0.0,0.9,0.9,0.87,0.87,0.87,0.87,1.0,0.0,10.0,0.0,0.9,0.9,1010.4,1010.4,1010.4,1010.4,1.0,0.0,10.0,0.0,0.9,0.9,3.0,3.0,3.0,3.0,1.0,0.0,10.0,0.0,0.9,0.9,-0.5,-0.5,-0.5,-0.5,1.0,0.0,10.0,0.0,0.9,0.9,0.9,0.9,0.9,0.9,1.0,0.0,10.0,0.0,0.9,0.9,1.0,1.0,1.0,1.0,1.0,0.0,10.0,0.0,0.9,0.9,1.0,1.0,1.0,1.0,1.0,0.0,10.0,0.0,0.9,0.9,4.57,4.57,4.57,4.57,1.0,0.0,10.0,0.0,0.9,0.9,4.6,4.6,4.6,4.6,1.0,0.0,10.0,0.0,0.9,0.9,-13.2,-13.2,-13.2,-13.2,1.0,0.0,10.0,0.0,0.9,0.9,22.9,22.9,22.9,22.9,1.0,0.0,10.0,0.0,0.9,0.9,-9.2,-9.2,-9.2,-9.2,1.0,0.0,10.0,0.0,0.9,0.9,15.9,15.9,15.9,15.9,1.0,0.0,10.0,0.0,0.9,0.9,-2.3,-2.3,-2.3,-2.3,1.0,0.0,10.0,0.0,0.9,0.9,4.0,4.0,4.0,4.0,1.0,0.0,10.0,0.0,0.9,0.9,1.0,1.0,1.0,1.0,1.0,0.0,10.0,0.0,0.9,0.9,0.0,0.0,0.0,0.0,1.0,0.0,10.0,0.0,0.9,0.9
1974,2,273.0,0.0,26.0,26.6,27.13,26.7,7.0,0.64,14.0,0.3,0.4,0.5,25.5,26.05,29.58,26.8,8.0,2.01,14.0,0.3,0.4,0.5,15.8,16.9,18.11,16.95,4.0,1.35,14.0,0.0,0.4,0.6,75.9,82.9,88.2,82.1,4.0,7.4,14.0,0.0,0.6,0.95,2.6,5.1,2.76,7.0,2.03,14.0,0.3,0.4,0.5,-1.53,-0.75,0.0,-1.17,7.0,1.71,14.0,0.3,0.4,0.5,0.95,1.74,3.82,2.16,7.0,1.74,14.0,0.3,0.4,0.5,1009.56,1010.35,1012.5,1011.13,8.0,2.51,14.0,0.3,0.4,0.5,3.0,5.0,7.9,4.9,8.0,2.8,14.0,0.3,0.4,0.5,-6.4,-1.1,0.0,-4.9,7.0,8.9,14.0,0.3,0.4,0.5,1.0,5.9,15.6,8.4,7.0,9.4,14.0,0.3,0.4,0.5,-3.14,0.5,1.6,-0.21,7.0,2.36,14.0,0.3,0.4,0.5,-0.6,1.7,6.9,2.6,6.0,4.3,12.0,0.3,0.4,0.5,4.51,5.03,5.59,5.05,4.0,0.83,14.0,0.0,0.4,0.6,18.9,25.5,25.7,22.4,3.0,5.7,10.0,0.0,0.4,0.5,-39.2,-19.5,0.0,-30.5,7.0,44.5,14.0,0.3,0.4,0.5,28.6,45.5,97.5,56.3,7.0,43.8,14.0,0.3,0.4,0.5,-66.6,-20.3,-6.4,-36.2,3.0,46.2,10.0,0.0,0.4,0.5,33.1,35.1,66.9,49.6,3.0,27.8,10.0,0.0,0.4,0.5,-18.9,-7.9,-2.5,-10.6,3.0,12.2,10.0,0.0,0.4,0.5,10.3,13.7,21.9,16.1,3.0,8.8,10.0,0.0,0.4,0.5,1.0,17.5,132.5,50.0,7.0,60.5,14.0,0.3,0.4,0.5,0.0,20.0,135.0,50.0,7.0,60.0,14.0,0.3,0.4,0.5
1974,2,273.0,1.0,25.3,26.7,27.35,26.56,9.0,1.08,14.0,0.7,0.6,0.5,24.38,25.6,26.19,25.83,7.0,1.98,12.0,0.6,0.7,0.4,15.47,16.16,17.7,16.46,6.0,1.15,14.0,0.5,0.7,0.3,77.6,84.0,86.5,82.5,6.0,5.1,14.0,0.5,0.3,1.8,3.1,4.83,3.48,9.0,1.9,14.0,0.7,0.6,0.5,-1.99,-0.26,0.0,-0.73,9.0,1.22,14.0,0.7,0.6,0.5,1.53,2.91,4.81,3.13,9.0,2.03,14.0,0.7,0.6,0.5,1008.78,1010.0,1011.78,1010.33,9.0,1.45,14.0,0.7,0.6,0.5,3.5,6.0,7.0,5.6,9.0,1.9,14.0,0.7,0.6,0.5,-5.2,-0.4,0.0,-2.4,9.0,4.2,14.0,0.7,0.6,0.5,2.8,9.0,23.5,14.2,9.0,16.2,14.0,0.7,0.6,0.5,-0.92,1.0,2.47,0.77,7.0,2.32,12.0,0.6,0.7,0.4,-1.4,3.1,7.3,4.0,7.0,12.4,12.0,0.6,0.7,0.4,3.18,5.56,7.57,5.41,6.0,2.55,14.0,0.5,0.7,0.3,4.9,14.9,27.5,19.4,6.0,20.8,14.0,0.5,0.7,0.3,-49.8,-6.8,1.2,-14.8,7.0,28.0,12.0,0.6,0.7,0.4,37.8,42.8,123.7,73.6,7.0,55.0,12.0,0.6,0.7,0.4,-30.5,-2.4,3.6,-8.1,6.0,19.0,14.0,0.5,0.7,0.3,23.8,26.4,61.6,43.0,6.0,36.6,14.0,0.5,0.7,0.3,-14.7,-0.5,0.7,-4.5,6.0,8.1,14.0,0.5,0.7,0.3,4.8,11.1,22.1,17.0,6.0,21.2,14.0,0.5,0.7,0.3,7.0,30.0,115.5,79.0,9.0,118.0,14.0,0.7,0.6,0.5,5.0,30.0,115.0,80.0,9.0,120.0,14.0,0.7,0.6,0.5
1974,2,273.0,2.0,25.81,26.95,27.51,26.68,4.0,1.2,18.0,0.5,0.2,0.7,24.15,24.9,25.65,24.9,2.0,1.56,14.0,0.5,0.2,0.8,15.79,16.37,16.96,16.37,2.0,1.21,14.0,0.5,0.2,0.8,82.4,83.2,84.0,83.2,2.0,1.6,14.0,0.5,0.8,2.6,2.6,3.62,3.1,3.0,0.87,16.0,0.7,0.2,0.7,-1.14,0.0,0.61,-0.26,3.0,1.3,16.0,0.7,0.2,0.7,-3.43,-1.99,1.04,-1.22,3.0,3.34,16.0,0.7,0.2,0.7,1010.53,1011.2,1011.5,1011.03,4.0,0.62,18.0,0.5,0.2,0.7,4.3,7.0,7.7,6.0,3.0,2.6,16.0,0.3,0.2,0.7,-3.0,0.0,1.6,-0.7,3.0,3.4,16.0,0.7,0.2,0.7,-13.1,-5.2,2.7,-5.2,3.0,11.6,16.0,0.7,0.2,0.7,1.3,1.5,1.7,1.5,2.0,0.42,14.0,0.5,0.2,0.8,3.4,3.9,4.4,3.9,2.0,1.1,14.0,0.5,0.2,0.8,4.61,5.26,5.91,5.26,2.0,1.34,14.0,0.5,0.2,0.8,12.0,13.7,15.4,13.7,2.0,3.5,14.0,0.5,0.2,0.8,-29.8,-8.3,13.1,-8.3,2.0,44.5,14.0,0.5,0.2,0.8,-29.8,8.1,45.9,8.1,2.0,78.4,14.0,0.5,0.2,0.8,-19.4,-5.3,8.8,-5.3,2.0,29.2,14.0,0.5,0.2,0.8,-19.3,5.6,30.5,5.6,2.0,51.6,14.0,0.5,0.2,0.8,-5.2,-0.8,3.5,-0.8,2.0,9.0,14.0,0.5,0.2,0.8,-4.8,3.3,11.4,3.3,2.0,16.8,14.0,0.5,0.2,0.8,17.5,17.5,52.5,34.5,3.0,29.5,16.0,0.7,0.2,0.7,20.0,20.0,55.0,35.0,3.0,30.0,16.0,0.7,0.2,0.7
1974,2,273.0,3.0,26.16,26.5,26.84,26.5,2.0,0.71,24.0,0.0,0.3,0.5,25.35,26.1,27.26,26.3,3.0,1.41,20.0,0.3,0.5,0.6,16.7,17.18,17.76,17.23,3.0,0.78,20.0,0.3,0.5,0.6,76.6,83.4,84.6,80.6,3.0,6.4,20.0,0.3,0.6,0.81,2.55,4.29,2.55,2.0,3.61,16.0,0.5,0.5,0.4,0.28,0.87,1.47,0.87,2.0,1.23,16.0,0.5,0.5,0.4,0.76,2.4,4.03,2.4,2.0,3.39,16.0,0.5,0.5,0.4,1007.86,1008.2,1011.27,1009.53,3.0,2.75,20.0,0.3,0.5,0.6,4.3,5.0,6.4,5.3,3.0,1.5,20.0,0.3,0.5,0.6,1.4,4.4,7.5,4.4,2.0,6.3,16.0,0.5,0.5,0.4,3.9,12.2,20.6,12.2,2.0,17.3,16.0,0.5,0.5,0.4,-0.69,-0.45,-0.21,-0.45,2.0,0.49,24.0,0.0,0.3,0.5,-0.5,-0.5,-0.5,-0.5,1.0,0.0,20.0,0.0,0.3,0.2,3.42,4.16,4.9,4.16,2.0,1.53,24.0,0.0,0.3,0.5,15.7,15.7,15.7,15.7,1.0,0.0,20.0,0.0,0.3,0.2,7.2,22.8,38.3,22.8,2.0,32.2,16.0,0.5,0.5,0.4,19.9,62.5,105.2,62.5,2.0,88.4,16.0,0.5,0.5,0.4,5.0,15.7,26.5,15.7,2.0,22.2,16.0,0.5,0.5,0.4,13.7,43.2,72.7,43.2,2.0,61.1,16.0,0.5,0.5,0.4,5.4,5.4,5.4,5.4,1.0,0.0,20.0,0.0,0.3,0.2,14.7,14.7,14.7,14.7,1.0,0.0,20.0,0.0,0.3,0.2,21.0,66.5,111.5,66.5,2.0,94.0,16.0,0.5,0.5,0.4,20.0,65.0,110.0,65.0,2.0,95.0,16.0,0.5,0.5,0.4
1974,2,273.0,4.0,26.69,26.9,27.52,27.1,7.0,0.57,12.0,0.6,0.5,0.4,25.58,25.7,27.43,26.5,7.0,1.69,12.0,0.6,0.5,0.4,16.8,17.35,17.79,17.3,4.0,0.57,12.0,0.5,0.5,0.5,79.6,81.5,85.8,82.6,4.0,4.6,12.0,0.5,0.5,1.4,1.5,2.6,1.78,6.0,0.66,10.0,0.7,0.6,0.4,0.03,1.06,1.86,0.93,6.0,1.27,10.0,0.7,0.6,0.4,0.75,0.96,1.32,1.0,6.0,0.63,10.0,0.7,0.6,0.4,1008.67,1010.2,1011.31,1010.01,7.0,1.26,12.0,0.6,0.5,0.4,5.8,6.0,8.0,6.1,7.0,2.0,12.0,0.6,0.5,0.4,-0.1,1.6,4.8,2.1,6.0,3.0,10.0,0.7,0.6,0.4,0.7,1.4,2.4,1.8,6.0,1.8,10.0,0.7,0.6,0.4,0.55,0.8,1.16,0.6,7.0,1.49,12.0,0.6,0.5,0.4,1.2,1.7,2.5,1.8,6.0,0.7,10.0,0.7,0.6,0.4,4.94,5.15,5.63,5.28,4.0,0.49,12.0,0.5,0.5,0.5,6.2,7.4,11.7,8.9,4.0,4.5,12.0,0.5,0.5,0.5,0.7,27.3,48.6,24.6,6.0,33.7,10.0,0.7,0.6,0.4,18.7,24.8,34.3,25.7,6.0,16.3,10.0,0.7,0.6,0.4,-7.2,12.8,33.5,13.2,4.0,27.3,12.0,0.5,0.5,0.5,7.7,16.2,16.5,12.3,4.0,8.2,12.0,0.5,0.5,0.5,-2.1,3.8,10.9,4.4,4.0,8.8,12.0,0.5,0.5,0.5,2.2,4.8,4.9,3.6,4.0,2.4,12.0,0.5,0.5,0.5,3.0,3.5,17.5,7.5,6.0,7.5,10.0,0.7,0.6,0.4,5.0,5.0,20.0,10.0,6.0,10.0,10.0,0.7,0.6,0.4
1974,2,273.0,5.0,26.87,27.5,29.39,28.03,15.0,1.23,12.0,0.5,0.6,0.4,25.75,26.9,28.12,26.88,16.0,1.2,12.0,0.6,0.6,0.4,16.65,17.61,18.99,17.87,12.0,1.14,12.0,0.5,0.7,0.4,72.5,82.5,86.8,80.5,12.0,7.4,12.0,0.5,0.4,0.22,3.1,5.1,2.81,15.0,2.14,12.0,0.6,0.7,0.4,0.0,0.54,3.5,1.19,15.0,2.07,12.0,0.6,0.7,0.4,-0.69,0.0,3.24,0.92,15.0,2.52,12.0,0.6,0.7,0.4,1010.02,1012.2,1013.18,1011.74,15.0,1.75,12.0,0.6,0.7,0.4,3.0,6.0,7.0,5.3,15.0,1.8,12.0,0.6,0.7,0.4,0.0,1.7,16.5,5.5,15.0,11.4,12.0,0.6,0.7,0.4,-3.5,0.0,12.1,3.8,15.0,12.9,12.0,0.6,0.7,0.4,0.22,1.0,2.16,1.14,15.0,1.35,12.0,0.5,0.6,0.4,0.0,1.6,7.8,3.3,14.0,3.5,14.0,0.6,0.7,0.4,3.89,5.78,7.72,5.78,12.0,1.92,12.0,0.5,0.7,0.4,0.0,13.6,20.6,12.9,12.0,10.6,12.0,0.5,0.7,0.4,0.0,14.6,95.3,32.4,15.0,56.2,12.0,0.6,0.7,0.4,-18.4,0.0,87.3,23.9,15.0,66.5,12.0,0.6,0.7,0.4,-4.7,5.1,29.0,10.7,12.0,26.7,12.0,0.5,0.7,0.4,0.0,3.3,62.4,21.2,12.0,42.7,12.0,0.5,0.7,0.4,-1.6,0.9,13.1,3.0,12.0,8.3,12.0,0.5,0.7,0.4,0.0,1.3,18.5,7.4,12.0,12.5,12.0,0.5,0.7,0.4,0.0,30.0,132.5,60.0,15.0,84.5,12.0,0.6,0.7,0.4,0.0,30.0,135.0,60.0,15.0,85.0,12.0,0.6,0.7,0.4
1974,2,273.0,6.0,27.8,27.8,28.14,27.97,3.0,0.29,8.0,1.0,0.7,0.4,26.73,26.8,27.07,26.9,3.0,0.26,8.0,1.0,0.7,0.4,17.81,17.81,17.81,17.81,1.0,0.0,10.0,1.0,0.8,0.0,81.2,81.2,81.2,81.2,1.0,0.0,10.0,1.0,0.0,1.16,1.5,4.71,2.9,3.0,2.87,8.0,1.0,0.7,0.4,-0.66,0.0,3.67,1.47,3.0,3.41,8.0,1.0,0.7,0.4,1.05,1.15,2.48,1.75,3.0,1.17,8.0,1.0,0.7,0.4,1009.64,1010.8,1013.19,1011.4,3.0,2.65,8.0,1.0,0.7,0.4,3.3,6.0,6.7,5.0,3.0,2.6,8.0,1.0,0.7,0.4,-1.0,0.0,22.7,10.6,3.0,19.7,8.0,1.0,0.7,0.4,1.2,1.7,13.7,7.3,3.0,10.3,8.0,1.0,0.7,0.4,1.03,1.1,1.1,1.07,3.0,0.06,8.0,1.0,0.7,0.4,1.2,1.5,5.1,3.1,3.0,3.2,8.0,1.0,0.7,0.4,5.54,5.54,5.54,5.54,1.0,0.0,10.0,1.0,0.8,0.0,8.3,8.3,8.3,8.3,1.0,0.0,10.0,1.0,0.8,0.0,-17.6,0.0,97.9,39.2,3.0,91.1,8.0,1.0,0.7,0.4,28.3,30.8,66.3,46.9,3.0,31.1,8.0,1.0,0.7,0.4,-17.2,-17.2,-17.2,-17.2,1.0,0.0,10.0,1.0,0.8,0.0,20.5,20.5,20.5,20.5,1.0,0.0,10.0,1.0,0.8,0.0,-5.3,-5.3,-5.3,-5.3,1.0,0.0,10.0,1.0,0.8,0.0,6.4,6.4,6.4,6.4,1.0,0.0,10.0,1.0,0.8,0.0,2.0,3.5,164.0,81.0,3.0,136.5,8.0,1.0,0.7,0.4,0.0,5.0,165.0,80.0,3.0,135.0,8.0,1.0,0.7,0.4
1974,2,273.0,7.0,26.69,27.2,28.26,27.46,13.0,0.85,10.0,0.4,0.6,0.7,26.0,26.45,28.28,26.83,14.0,1.39,10.0,0.4,0.5,0.7,16.46,17.08,18.09,17.35,10.0,1.0,12.0,0.4,0.6,0.7,74.5,79.7,87.2,80.5,10.0,6.7,12.0,0.4,0.7,1.21,2.6,4.1,2.72,10.0,1.62,8.0,0.5,0.6,0.7,0.28,1.93,3.65,1.95,10.0,1.53,8.0,0.5,0.6,0.7,-0.44,0.36,1.33,0.6,10.0,1.97,8.0,0.5,0.6,0.7,1009.13,1010.25,1011.87,1010.24,14.0,1.67,10.0,0.4,0.5,0.7,1.0,2.0,6.0,3.3,14.0,2.6,10.0,0.4,0.5,0.7,0.3,4.6,15.0,6.5,10.0,6.7,8.0,0.5,0.6,0.7,-0.4,0.7,3.2,2.5,10.0,9.2,8.0,0.5,0.6,0.7,-0.55,0.7,1.82,0.57,13.0,1.42,10.0,0.4,0.6,0.7,-3.5,0.8,3.9,0.3,9.0,4.1,6.0,0.4,0.6,0.6,4.48,5.41,6.42,5.54,9.0,1.0,12.0,0.3,0.6,0.7,7.9,11.6,18.4,12.9,6.0,5.6,8.0,0.5,0.7,0.7,7.8,53.7,99.3,53.1,10.0,41.4,8.0,0.5,0.6,0.7,-12.4,9.5,37.4,15.6,10.0,52.5,8.0,0.5,0.6,0.7,10.3,29.1,54.7,33.6,7.0,25.4,10.0,0.6,0.6,0.7,-14.5,0.0,19.1,-2.1,7.0,22.8,10.0,0.6,0.6,0.7,5.9,10.1,16.7,10.8,6.0,5.3,8.0,0.5,0.7,0.7,-7.1,0.0,5.8,-1.0,6.0,7.8,8.0,0.5,0.7,0.7,2.0,17.5,69.0,39.0,10.0,44.0,8.0,0.5,0.6,0.7,0.0,20.0,70.0,40.0,10.0,45.0,8.0,0.5,0.6,0.7
1974,2,273.0,8.0,26.7,27.75,28.66,27.72,28.0,0.99,12.0,0.7,0.6,0.2,26.0,27.2,28.9,27.25,26.0,1.31,12.0,0.7,0.6,0.3,15.89,16.92,18.43,17.18,18.0,1.76,12.0,0.6,0.5,0.3,70.1,74.2,83.6,75.9,18.0,8.4,12.0,0.6,0.3,1.06,3.1,5.1,3.08,27.0,1.96,12.0,0.7,0.6,0.2,-1.83,0.71,2.95,0.69,27.0,2.44,12.0,0.7,0.6,0.2,-3.92,0.0,0.69,-1.15,27.0,2.42,12.0,0.7,0.6,0.2,1009.0,1010.8,1012.5,1010.88,29.0,2.01,12.0,0.7,0.6,0.2,0.0,2.0,6.0,2.8,29.0,2.5,12.0,0.7,0.6,0.2,-3.9,2.3,9.0,1.7,27.0,11.8,12.0,0.7,0.6,0.2,-16.8,0.0,1.5,-6.7,27.0,13.3,12.0,0.7,0.6,0.2,-0.76,0.3,2.12,0.5,25.0,1.21,12.0,0.6,0.5,0.3,-1.4,0.0,8.5,2.2,23.0,5.4,12.0,0.7,0.6,0.3,3.68,6.39,8.57,6.22,18.0,2.25,12.0,0.6,0.5,0.3,0.0,16.8,32.0,19.0,18.0,16.7,12.0,0.6,0.5,0.3,-24.1,14.8,84.8,19.5,24.0,66.0,12.0,0.7,0.6,0.3,-114.3,-11.3,20.5,-34.0,24.0,69.2,12.0,0.7,0.6,0.3,-46.5,3.0,43.7,4.5,18.0,43.8,12.0,0.6,0.5,0.3,-67.9,-25.8,0.0,-29.1,18.0,42.4,12.0,0.6,0.5,0.3,-14.9,0.8,17.1,3.4,18.0,17.5,12.0,0.6,0.5,0.3,-29.1,-9.8,0.0,-11.0,18.0,14.6,12.0,0.6,0.5,0.3,1.5,30.0,132.5,64.5,27.0,97.5,12.0,0.7,0.6,0.2,0.0,30.0,135.0,65.0,27.0,100.0,12.0,0.7,0.6,0.2
1974,2,273.0,9.0,23.18,26.0,28.0,25.57,35.0,2.15,12.0,0.6,0.6,0.5,23.3,25.0,27.0,25.13,48.0,1.83,12.0,0.6,0.6,0.6,13.88,15.48,16.7,15.39,37.0,1.38,14.0,0.6,0.6,0.5,71.3,79.8,90.2,79.6,38.0,8.7,14.0,0.6,0.5,0.0,3.1,6.7,3.55,48.0,3.08,12.0,0.6,0.6,0.6,-4.57,-1.3,0.67,-1.53,48.0,3.13,12.0,0.6,0.6,0.6,-4.1,-1.35,0.0,-1.7,48.0,2.69,12.0,0.6,0.6,0.6,1009.1,1010.5,1012.34,1010.76,50.0,1.61,12.0,0.6,0.6,0.6,0.0,0.0,2.0,0.9,51.0,1.4,12.0,0.6,0.6,0.6,-30.8,-3.4,1.1,-10.8,48.0,26.0,12.0,0.6,0.6,0.6,-17.3,-3.8,0.0,-10.8,48.0,23.6,12.0,0.6,0.6,0.6,-2.17,0.55,1.4,0.08,34.0,1.9,12.0,0.6,0.6,0.5,-6.0,0.0,5.6,0.0,33.0,7.3,12.0,0.6,0.6,0.5,2.03,5.23,8.22,4.93,26.0,2.82,12.0,0.7,0.6,0.5,0.0,13.1,32.9,15.9,25.0,15.0,12.0,0.7,0.6,0.5,-121.8,-37.0,30.8,-40.2,45.0,80.1,12.0,0.6,0.6,0.6,-106.7,-31.5,0.0,-44.3,45.0,69.5,12.0,0.6,0.6,0.6,-80.4,-26.3,0.0,-27.5,34.0,53.1,14.0,0.6,0.6,0.5,-69.3,-21.9,0.0,-26.3,34.0,44.1,14.0,0.6,0.6,0.5,-19.3,-2.2,8.3,-4.5,25.0,16.0,12.0,0.7,0.6,0.5,-13.2,-3.2,0.0,-4.8,25.0,13.6,12.0,0.7,0.6,0.5,0.0,30.0,301.0,167.0,48.0,323.0,12.0,0.6,0.6,0.6,0.0,30.0,300.0,165.0,48.0,325.0,12.0,0.6,0.6,0.6
1974,2,273.0,10.0,21.42,26.7,28.3,25.52,17.0,3.11,12.0,0.8,0.5,0.1,24.4,25.5,28.31,25.92,17.0,1.96,12.0,0.8,0.6,0.2,13.74,15.37,16.62,15.78,14.0,2.57,12.0,0.7,0.5,0.2,67.6,77.9,86.0,77.7,14.0,9.9,12.0,0.7,0.2,2.6,5.1,7.7,5.65,17.0,3.48,12.0,0.8,0.5,0.2,-4.57,-2.12,0.0,-2.58,17.0,3.25,12.0,0.8,0.5,0.2,-6.48,-4.42,-2.13,-4.41,17.0,2.8,12.0,0.8,0.5,0.2,1009.07,1010.35,1011.93,1010.56,18.0,1.69,12.0,0.8,0.5,0.2,0.0,1.0,2.3,1.6,18.0,1.9,12.0,0.8,0.5,0.2,-29.1,-10.3,0.0,-21.1,17.0,40.4,12.0,0.8,0.5,0.2,-56.9,-24.7,-6.0,-32.1,17.0,33.9,12.0,0.8,0.5,0.2,-4.58,-0.6,3.15,-0.38,16.0,3.76,12.0,0.8,0.5,0.1,-28.5,0.0,19.0,-1.5,15.0,23.9,12.0,0.7,0.5,0.2,1.15,4.2,10.28,4.94,14.0,4.24,12.0,0.7,0.5,0.2,6.4,27.2,65.7,34.7,13.0,29.9,12.0,0.7,0.5,0.2,-128.2,-44.7,0.0,-66.9,16.0,85.0,12.0,0.8,0.5,0.2,-168.4,-111.4,-60.5,-116.8,16.0,71.3,12.0,0.8,0.5,0.2,-90.8,-34.7,0.0,-42.4,13.0,54.3,12.0,0.7,0.5,0.2,-101.8,-71.8,-58.1,-78.1,13.0,43.8,12.0,0.7,0.5,0.2,-28.8,-3.1,0.0,-13.3,13.0,17.7,12.0,0.7,0.5,0.2,-64.1,-27.2,-6.1,-29.8,13.0,27.1,12.0,0.7,0.5,0.2,17.5,132.5,456.5,396.0,17.0,648.0,12.0,0.8,0.5,0.2,20.0,135.0,455.0,395.0,17.0,650.0,12.0,0.8,0.5,0.2
1974,2,273.0,16.0,26.23,26.5,26.77,26.5,2.0,0.57,16.0,0.5,0.4,0.2,24.69,25.3,25.91,25.3,2.0,1.27,16.0,0.5,0.4,0.2,13.84,14.51,15.19,14.51,2.0,1.4,16.0,0.5,0.4,0.2,71.7,72.2,72.8,72.2,2.0,1.2,16.0,0.5,0.2,5.77,7.2,8.63,7.2,2.0,2.97,16.0,0.5,0.4,0.2,-8.11,-6.77,-5.42,-6.77,2.0,2.79,16.0,0.5,0.4,0.2,-2.95,-2.46,-1.97,-2.46,2.0,1.02,16.0,0.5,0.4,0.2,1012.19,1014.1,1016.01,1014.1,2.0,3.96,16.0,0.5,0.4,0.2,1.2,1.5,1.8,1.5,2.0,0.7,16.0,0.5,0.4,0.2,-72.3,-52.9,-33.5,-52.9,2.0,40.2,16.0,0.5,0.4,0.2,-26.3,-19.2,-12.2,-19.2,2.0,14.6,16.0,0.5,0.4,0.2,0.86,1.2,1.54,1.2,2.0,0.71,16.0,0.5,0.4,0.2,6.9,7.6,8.3,7.6,2.0,1.5,16.0,0.5,0.4,0.2,6.83,7.11,7.4,7.11,2.0,0.59,16.0,0.5,0.4,0.2,42.2,50.3,58.5,50.3,2.0,16.9,16.0,0.5,0.4,0.2,-211.2,-173.0,-134.7,-173.0,2.0,79.2,16.0,0.5,0.4,0.2,-76.9,-62.9,-49.0,-62.9,2.0,28.8,16.0,0.5,0.4,0.2,-124.3,-100.1,-76.0,-100.1,2.0,50.0,16.0,0.5,0.4,0.2,-45.2,-36.5,-27.7,-36.5,2.0,18.2,16.0,0.5,0.4,0.2,-55.0,-47.3,-39.6,-47.3,2.0,15.9,16.0,0.5,0.4,0.2,-20.0,-17.2,-14.4,-17.2,2.0,5.8,16.0,0.5,0.4,0.2,239.5,468.5,698.0,468.5,2.0,475.0,16.0,0.5,0.4,0.2,240.0,470.0,700.0,470.0,2.0,475.0,16.0,0.5,0.4,0.2
1974,2,273.0,17.0,25.08,25.25,25.42,25.25,2.0,0.35,12.0,0.5,0.2,0.6,25.9,25.9,25.9,25.9,1.0,0.0,2.0,0.0,0.3,0.8,14.46,14.46,14.46,14.46,1.0,0.0,2.0,0.0,0.3,0.8,69.5,69.5,69.5,69.5,1.0,0.0,2.0,0.0,0.8,5.78,5.95,6.12,5.95,2.0,0.35,12.0,0.5,0.2,0.6,-6.11,-5.91,-5.71,-5.91,2.0,0.41,12.0,0.5,0.2,0.6,-0.83,-0.49,-0.16,-0.49,2.0,0.7,12.0,0.5,0.2,0.6,1013.46,1015.3,1017.14,1015.3,2.0,3.82,12.0,0.5,0.2,0.6,0.6,2.0,3.4,2.0,2.0,2.8,12.0,0.5,0.2,0.6,-37.4,-35.2,-33.0,-35.2,2.0,4.6,12.0,0.5,0.2,0.6,-4.7,-2.8,-0.9,-2.8,2.0,4.0,12.0,0.5,0.2,0.6,-0.4,-0.4,-0.4,-0.4,1.0,0.0,2.0,0.0,0.3,0.8,-2.3,-2.3,-2.3,-2.3,1.0,0.0,2.0,0.0,0.3,0.8,5.93,5.93,5.93,5.93,1.0,0.0,2.0,0.0,0.3,0.8,33.8,33.8,33.8,33.8,1.0,0.0,2.0,0.0,0.3,0.8,-145.4,-145.4,-145.4,-145.4,1.0,0.0,2.0,0.0,0.3,0.8,-25.6,-25.6,-25.6,-25.6,1.0,0.0,2.0,0.0,0.3,0.8,-81.2,-81.2,-81.2,-81.2,1.0,0.0,2.0,0.0,0.3,0.8,-14.3,-14.3,-14.3,-14.3,1.0,0.0,2.0,0.0,0.3,0.8,-33.3,-33.3,-33.3,-33.3,1.0,0.0,2.0,0.0,0.3,0.8,-5.9,-5.9,-5.9,-5.9,1.0,0.0,2.0,0.0,0.3,0.8,193.5,212.0,230.0,212.0,2.0,37.5,12.0,0.5,0.2,0.6,195.0,210.0,230.0,210.0,2.0,40.0,12.0,0.5,0.2,0.6
1974,2,273.0,18.0,26.0,26.0,26.2,26.07,6.0,0.1,14.0,0.0,0.3,0.4,25.0,26.15,26.5,25.88,6.0,0.72,14.0,0.0,0.3,0.4,11.93,13.86,16.18,14.05,3.0,3.11,18.0,0.0,0.3,0.6,63.1,76.8,85.8,74.6,4.0,14.3,16.0,0.0,0.5,2.6,4.85,6.52,4.42,8.0,2.04,12.0,0.0,0.3,0.4,-6.09,-2.11,-1.58,-3.34,8.0,2.29,12.0,0.0,0.3,0.4,-2.52,0.76,1.99,0.07,8.0,2.91,12.0,0.0,0.3,0.4,1009.53,1011.4,1015.95,1012.57,7.0,3.48,12.0,0.0,0.3,0.4,1.0,2.0,3.1,2.1,7.0,1.7,12.0,0.0,0.3,0.3,-40.0,-10.1,-4.3,-18.4,8.0,18.7,12.0,0.0,0.3,0.4,-15.1,2.8,8.6,-1.4,8.0,14.3,12.0,0.0,0.3,0.4,-0.5,-0.4,0.56,-0.02,5.0,0.66,14.0,0.0,0.3,0.3,-1.7,-1.0,3.4,0.7,5.0,3.6,14.0,0.0,0.3,0.3,4.9,6.93,8.96,6.93,2.0,4.21,18.0,0.0,0.3,0.5,27.5,43.3,59.0,43.3,2.0,32.7,18.0,0.0,0.3,0.5,-123.3,-44.2,-40.7,-73.1,6.0,50.5,14.0,0.0,0.3,0.4,-59.1,29.5,65.5,17.2,6.0,70.1,14.0,0.0,0.3,0.4,-74.1,-69.5,-36.0,-55.4,3.0,30.4,18.0,0.0,0.3,0.6,-38.1,-25.3,-5.6,-21.9,3.0,24.0,18.0,0.0,0.3,0.6,-55.2,-39.9,-24.6,-39.9,2.0,31.8,18.0,0.0,0.3,0.5,-20.7,-16.4,-12.1,-16.4,2.0,8.9,18.0,0.0,0.3,0.5,17.5,115.0,282.0,134.5,8.0,136.5,12.0,0.0,0.3,0.4,20.0,115.0,280.0,135.0,8.0,135.0,12.0,0.0,0.3,0.4
1974,2,273.0,19.0,24.93,26.5,27.07,26.26,19.0,1.43,14.0,0.2,0.4,0.5,25.0,26.0,27.67,26.03,24.0,1.6,14.0,0.3,0.4,0.5,15.06,16.29,17.45,15.88,22.0,1.77,14.0,0.3,0.4,0.5,70.9,74.6,83.0,75.1,22.0,7.6,14.0,0.3,0.5,4.1,5.1,7.3,5.56,25.0,1.69,14.0,0.2,0.3,0.5,-5.45,-3.91,-2.11,-3.68,25.0,1.74,14.0,0.2,0.3,0.5,-2.68,1.95,4.48,0.82,25.0,4.15,14.0,0.2,0.3,0.5,1011.16,1015.6,1018.03,1015.06,25.0,3.47,14.0,0.2,0.3,0.5,2.0,3.0,5.0,3.3,24.0,1.9,14.0,0.3,0.3,0.5,-38.1,-16.8,-7.6,-21.1,25.0,13.6,14.0,0.2,0.3,0.5,-15.5,9.9,23.8,2.0,25.0,30.8,14.0,0.2,0.3,0.5,-1.58,0.15,1.65,0.12,18.0,2.05,12.0,0.2,0.4,0.5,-8.7,0.9,9.3,1.2,18.0,11.9,12.0,0.2,0.4,0.5,3.12,5.12,6.91,5.27,16.0,2.43,12.0,0.3,0.4,0.5,14.3,29.3,43.1,29.5,16.0,15.0,12.0,0.3,0.4,0.5,-142.1,-99.6,-60.8,-93.8,24.0,45.3,14.0,0.3,0.4,0.5,-45.2,62.2,114.7,30.3,24.0,103.4,14.0,0.3,0.4,0.5,-87.4,-61.5,-33.2,-58.7,22.0,25.3,14.0,0.3,0.4,0.5,-17.2,50.3,72.0,31.1,22.0,46.9,14.0,0.3,0.4,0.5,-36.2,-18.9,-8.5,-20.7,16.0,13.8,12.0,0.3,0.4,0.5,-2.9,12.3,28.9,14.3,16.0,16.9,12.0,0.3,0.4,0.5,69.0,132.5,389.0,219.5,25.0,210.0,14.0,0.2,0.3,0.5,70.0,135.0,390.0,220.0,25.0,210.0,14.0,0.2,0.3,0.5
1974,2,273.0,20.0,23.38,25.75,27.71,25.45,8.0,2.22,18.0,0.1,0.4,0.4,21.59,25.25,26.48,24.45,14.0,2.1,16.0,0.3,0.4,0.5,9.68,15.07,16.66,14.4,14.0,3.14,16.0,0.3,0.4,0.5,63.3,76.3,83.3,74.9,14.0,12.0,16.0,0.3,0.5,4.01,4.6,6.2,5.31,14.0,2.11,16.0,0.3,0.4,0.5,-4.4,-3.51,-2.15,-3.64,14.0,2.03,16.0,0.3,0.4,0.5,-1.99,0.0,3.86,0.22,14.0,4.05,16.0,0.3,0.4,0.5,1014.13,1018.65,1020.66,1017.96,14.0,3.82,16.0,0.3,0.4,0.5,1.0,2.0,3.0,2.4,14.0,1.9,16.0,0.3,0.4,0.5,-24.6,-15.6,-10.8,-19.9,14.0,20.0,16.0,0.3,0.4,0.5,-12.7,0.0,19.5,-2.7,14.0,33.4,16.0,0.3,0.4,0.5,-1.46,0.75,4.62,1.54,8.0,3.42,18.0,0.1,0.4,0.4,-9.6,3.6,22.7,6.4,8.0,17.3,18.0,0.1,0.4,0.4,2.29,5.96,8.76,6.29,8.0,3.86,18.0,0.1,0.4,0.4,9.1,26.9,55.3,32.4,8.0,22.9,18.0,0.1,0.4,0.4,-108.4,-86.2,-57.3,-89.1,14.0,53.5,16.0,0.3,0.4,0.5,-43.0,0.0,98.4,7.4,14.0,104.1,16.0,0.3,0.4,0.5,-68.8,-48.1,-31.2,-50.6,14.0,29.0,16.0,0.3,0.4,0.5,-21.7,0.0,64.0,3.7,14.0,69.3,16.0,0.3,0.4,0.5,-54.5,-20.5,-8.3,-28.7,8.0,22.0,18.0,0.1,0.4,0.4,-13.8,-0.7,12.3,-3.4,8.0,16.9,18.0,0.1,0.4,0.4,64.5,101.0,238.5,227.5,14.0,317.0,16.0,0.3,0.4,0.5,65.0,100.0,240.0,230.0,14.0,315.0,16.0,0.3,0.4,0.5
1974,2,273.0,21.0,23.0,24.2,26.42,24.52,36.0,1.54,18.0,0.4,0.6,0.6,22.72,24.2,25.96,24.31,40.0,1.89,16.0,0.4,0.5,0.6,12.33,15.64,16.95,14.95,28.0,2.78,16.0,0.4,0.6,0.6,64.7,77.9,94.8,78.8,28.0,12.5,16.0,0.4,0.6,4.1,6.2,9.3,6.65,41.0,3.36,16.0,0.3,0.5,0.6,-6.11,-2.8,0.0,-3.19,41.0,3.56,16.0,0.3,0.5,0.6,-7.54,-1.55,3.46,-2.32,41.0,5.29,16.0,0.3,0.5,0.6,1013.93,1016.6,1020.83,1017.03,41.0,3.52,16.0,0.3,0.5,0.6,1.4,6.0,8.0,4.8,35.0,3.0,16.0,0.4,0.6,0.5,-47.6,-16.7,0.0,-25.2,41.0,41.5,16.0,0.3,0.5,0.6,-58.8,-6.7,16.1,-25.8,41.0,58.6,16.0,0.3,0.5,0.6,-1.92,0.0,2.26,0.33,35.0,2.67,18.0,0.4,0.6,0.6,-12.3,0.0,21.7,2.7,35.0,17.5,18.0,0.4,0.6,0.6,2.17,4.85,7.98,4.93,23.0,3.64,16.0,0.4,0.6,0.6,6.4,22.0,59.5,30.2,23.0,25.7,16.0,0.4,0.6,0.6,-143.6,-71.0,0.0,-80.5,40.0,86.2,16.0,0.4,0.5,0.6,-181.5,-36.8,94.8,-52.7,40.0,128.1,16.0,0.4,0.5,0.6,-78.9,-48.9,0.0,-51.6,28.0,43.0,16.0,0.4,0.6,0.6,-113.1,-6.3,64.3,-17.4,28.0,78.1,16.0,0.4,0.6,0.6,-53.4,-14.2,-3.3,-20.8,23.0,22.4,16.0,0.4,0.6,0.6,-22.4,-1.9,12.9,-8.1,23.0,24.3,16.0,0.4,0.6,0.6,69.0,238.5,804.5,547.5,41.0,946.5,16.0,0.3,0.5,0.6,70.0,240.0,805.0,545.0,41.0,945.0,16.0,0.3,0.5,0.6
1974,2,273.0,22.0,22.94,24.4,26.44,24.7,38.0,1.99,14.0,0.3,0.5,0.4,22.09,24.6,25.76,24.16,40.0,2.08,14.0,0.3,0.5,0.4,10.54,13.98,15.78,13.43,31.0,2.61,14.0,0.3,0.5,0.5,58.4,76.2,84.4,73.0,31.0,12.0,14.0,0.3,0.5,4.13,7.2,9.78,6.96,39.0,2.73,14.0,0.3,0.4,0.5,-6.43,-3.0,2.29,-2.53,39.0,4.25,14.0,0.3,0.4,0.5,-8.18,-0.26,4.63,-1.31,39.0,5.55,14.0,0.3,0.4,0.5,1014.92,1018.0,1021.92,1018.23,40.0,3.58,14.0,0.3,0.5,0.4,2.0,4.0,7.0,4.2,37.0,2.2,14.0,0.3,0.5,0.5,-51.8,-18.0,8.3,-18.9,39.0,40.4,14.0,0.3,0.4,0.5,-67.1,-0.4,29.6,-16.0,39.0,51.2,14.0,0.3,0.4,0.5,-2.56,0.25,3.54,0.64,38.0,3.05,14.0,0.3,0.5,0.4,-18.9,1.4,29.4,7.0,37.0,25.9,16.0,0.3,0.4,0.5,2.54,5.67,9.94,6.03,30.0,3.66,14.0,0.3,0.5,0.5,13.5,29.1,73.0,44.8,29.0,38.6,14.0,0.3,0.5,0.5,-153.1,-73.8,56.0,-60.8,39.0,101.2,14.0,0.3,0.4,0.5,-192.3,-6.0,119.2,-26.2,39.0,130.9,14.0,0.3,0.4,0.5,-68.1,-37.7,26.4,-25.0,30.0,43.4,14.0,0.3,0.5,0.5,-107.7,-12.3,65.2,-19.1,30.0,78.8,14.0,0.3,0.5,0.5,-41.1,-9.3,7.5,-14.6,29.0,34.0,14.0,0.3,0.5,0.5,-48.9,-12.1,20.3,-17.6,29.0,43.2,14.0,0.3,0.5,0.5,70.5,373.0,937.0,494.5,39.0,538.5,14.0,0.3,0.4,0.5,70.0,375.0,935.0,495.0,39.0,540.0,14.0,0.3,0.4,0.5
1974,2,273.0,23.0,25.0,26.5,27.46,26.31,27.0,1.7,12.0,0.3,0.7,0.5,21.56,24.4,25.0,23.57,27.0,2.15,12.0,0.3,0.7,0.5,8.96,13.82,16.17,12.78,25.0,3.26,12.0,0.3,0.7,0.4,57.0,70.6,80.8,70.4,25.0,11.2,12.0,0.3,0.4,4.1,6.2,9.3,6.64,26.0,2.48,12.0,0.3,0.7,0.4,-5.91,-2.52,2.67,-1.57,26.0,4.51,12.0,0.3,0.7,0.4,-4.45,-2.38,4.96,-0.53,26.0,5.37,12.0,0.3,0.7,0.4,1013.15,1017.95,1022.82,1017.28,26.0,4.85,12.0,0.3,0.7,0.5,1.1,4.0,6.9,4.0,27.0,2.3,12.0,0.3,0.7,0.5,-45.7,-11.7,26.0,-10.7,26.0,37.4,12.0,0.3,0.7,0.4,-30.1,-11.2,33.4,-3.9,26.0,49.6,12.0,0.3,0.7,0.4,0.11,2.5,5.47,2.74,27.0,2.3,12.0,0.3,0.7,0.5,0.6,17.8,38.7,17.5,26.0,17.1,12.0,0.3,0.7,0.4,4.92,7.94,11.89,8.6,25.0,3.3,12.0,0.3,0.7,0.4,30.6,45.5,94.5,57.3,24.0,30.4,12.0,0.3,0.7,0.4,-134.6,-58.1,66.5,-37.0,26.0,105.1,12.0,0.3,0.7,0.4,-107.4,-49.0,113.5,-5.9,26.0,127.2,12.0,0.3,0.7,0.4,-80.0,-23.6,39.9,-20.4,24.0,54.7,12.0,0.3,0.7,0.4,-60.7,-22.4,61.5,-1.2,24.0,66.8,12.0,0.3,0.7,0.4,-50.9,-20.1,12.1,-18.8,24.0,45.9,12.0,0.3,0.7,0.4,-43.7,-20.0,37.4,-10.4,24.0,42.0,12.0,0.3,0.7,0.4,69.0,238.5,804.5,419.5,26.0,473.0,12.0,0.3,0.7,0.4,70.0,240.0,805.0,420.0,26.0,475.0,12.0,0.3,0.7,0.4
1974,2,273.0,24.0,23.86,26.0,27.27,25.65,31.0,1.74,14.0,0.2,0.4,0.5,20.0,23.7,24.98,22.5,33.0,2.78,14.0,0.2,0.4,0.5,9.19,11.32,14.92,11.88,29.0,2.81,16.0,0.2,0.4,0.5,59.5,68.3,78.9,68.7,29.0,9.0,16.0,0.2,0.5,3.9,6.7,10.3,7.08,30.0,3.31,16.0,0.2,0.4,0.5,-5.42,-1.77,2.97,-1.87,30.0,4.36,16.0,0.2,0.4,0.5,-8.92,-1.29,3.9,-1.97,30.0,6.01,16.0,0.2,0.4,0.5,1013.08,1017.6,1021.09,1017.19,33.0,4.82,14.0,0.2,0.4,0.5,2.0,4.0,8.0,4.7,32.0,2.3,16.0,0.2,0.5,0.5,-40.4,-7.5,18.1,-14.8,30.0,40.0,16.0,0.2,0.4,0.5,-85.7,-5.9,20.5,-20.5,30.0,64.4,16.0,0.2,0.4,0.5,0.46,2.9,5.96,3.03,31.0,2.93,14.0,0.2,0.4,0.5,2.2,18.3,39.8,24.4,28.0,32.6,16.0,0.2,0.4,0.5,5.75,8.8,11.85,8.63,29.0,3.21,16.0,0.2,0.4,0.5,21.1,66.4,78.6,62.8,26.0,38.8,16.0,0.2,0.4,0.5,-120.0,-36.3,73.4,-40.8,30.0,103.7,16.0,0.2,0.4,0.5,-190.7,-24.3,88.4,-35.6,30.0,129.5,16.0,0.2,0.4,0.5,-62.6,-17.9,34.2,-21.8,26.0,58.4,16.0,0.2,0.4,0.5,-102.3,-11.1,58.9,-15.9,26.0,74.3,16.0,0.2,0.4,0.5,-56.5,-10.6,20.7,-19.8,26.0,40.4,16.0,0.2,0.4,0.5,-68.5,-11.3,21.8,-23.0,26.0,54.9,16.0,0.2,0.4,0.5,60.0,306.0,1092.5,586.5,30.0,726.5,16.0,0.2,0.4,0.5,60.0,305.0,1095.0,585.0,30.0,725.0,16.0,0.2,0.4,0.5
1974,2,273.0,25.0,23.54,25.6,26.7,25.25,73.0,1.47,14.0,0.3,0.6,0.6,18.33,22.0,24.46,21.6,73.0,3.04,14.0,0.3,0.6,0.6,7.52,10.84,14.99,11.35,63.0,3.21,14.0,0.3,0.6,0.6,58.8,70.5,78.5,69.8,63.0,11.4,14.0,0.3,0.6,4.81,7.7,10.87,7.69,73.0,3.36,14.0,0.3,0.6,0.6,-6.13,-2.14,2.9,-1.75,73.0,4.76,14.0,0.3,0.6,0.6,-8.55,0.0,5.53,-1.48,73.0,6.57,14.0,0.3,0.6,0.6,1013.2,1017.75,1024.4,1018.12,74.0,5.13,14.0,0.3,0.6,0.6,2.0,5.0,8.0,4.7,71.0,2.5,14.0,0.3,0.6,0.6,-48.8,-12.8,25.9,-11.4,73.0,51.4,14.0,0.3,0.6,0.6,-81.3,0.0,38.3,-18.3,73.0,71.9,14.0,0.3,0.6,0.6,0.5,3.7,6.95,3.63,72.0,2.95,14.0,0.3,0.6,0.6,3.6,17.7,64.4,29.8,71.0,30.7,16.0,0.3,0.6,0.6,5.54,8.57,11.76,8.62,62.0,3.01,16.0,0.3,0.6,0.6,30.2,55.5,104.6,64.9,62.0,38.8,16.0,0.3,0.6,0.6,-124.5,-48.6,60.9,-37.8,72.0,108.1,14.0,0.3,0.6,0.6,-173.3,0.0,136.8,-15.9,72.0,139.0,14.0,0.3,0.6,0.6,-72.2,-32.9,21.9,-24.9,63.0,64.8,14.0,0.3,0.6,0.6,-76.7,0.0,85.8,-1.8,63.0,73.5,14.0,0.3,0.6,0.6,-56.9,-21.7,14.7,-21.8,62.0,39.2,16.0,0.3,0.6,0.6,-90.4,0.0,31.3,-20.7,62.0,57.8,16.0,0.3,0.6,0.6,112.5,456.5,1293.5,723.0,73.0,878.0,14.0,0.3,0.6,0.6,110.0,455.0,1295.0,725.0,73.0,880.0,14.0,0.3,0.6,0.6
1974,2,273.0,26.0,22.28,24.0,25.6,24.12,53.0,1.88,16.0,0.2,0.5,0.5,16.17,21.05,24.42,20.31,56.0,4.03,16.0,0.2,0.5,0.5,7.09,10.5,15.26,11.16,51.0,3.58,16.0,0.2,0.5,0.6,63.1,71.5,84.3,73.4,51.0,11.2,16.0,0.2,0.6,4.1,8.1,10.57,7.76,56.0,3.36,16.0,0.2,0.5,0.5,-6.0,-2.02,4.48,-1.23,56.0,4.9,16.0,0.2,0.5,0.5,-8.41,-1.4,5.17,-1.47,56.0,6.7,16.0,0.2,0.5,0.5,1013.86,1018.2,1026.29,1018.96,56.0,5.36,16.0,0.2,0.5,0.5,2.0,4.0,7.0,4.2,54.0,2.5,16.0,0.2,0.5,0.5,-52.1,-8.3,39.2,-9.5,56.0,50.4,16.0,0.2,0.5,0.5,-85.5,-3.5,39.5,-17.4,56.0,70.8,16.0,0.2,0.5,0.5,0.35,3.6,8.12,3.81,53.0,3.83,16.0,0.2,0.5,0.5,1.4,18.4,89.9,33.9,53.0,39.0,16.0,0.2,0.5,0.5,3.83,7.81,11.37,7.59,48.0,3.49,16.0,0.2,0.5,0.5,25.8,44.7,100.7,60.8,48.0,42.2,16.0,0.2,0.5,0.5,-117.2,-38.3,88.7,-22.5,56.0,100.2,16.0,0.2,0.5,0.5,-141.6,-26.7,123.3,-11.3,56.0,137.1,16.0,0.2,0.5,0.5,-67.0,-17.1,44.7,-11.6,51.0,62.2,16.0,0.2,0.5,0.6,-68.7,-27.3,72.5,-1.9,51.0,80.2,16.0,0.2,0.5,0.6,-50.4,-11.5,26.6,-15.3,48.0,41.1,16.0,0.2,0.5,0.5,-87.8,-20.1,28.5,-26.4,48.0,54.0,16.0,0.2,0.5,0.5,69.0,531.5,1188.0,721.5,56.0,731.5,16.0,0.2,0.5,0.5,70.0,530.0,1190.0,720.0,56.0,730.0,16.0,0.2,0.5,0.5
1974,2,273.0,27.0,21.23,23.3,25.28,23.18,17.0,2.0,14.0,0.2,0.4,0.4,16.08,20.05,23.2,19.34,16.0,3.96,16.0,0.3,0.4,0.4,6.45,9.54,15.09,10.45,15.0,3.75,14.0,0.3,0.3,0.4,60.6,74.3,86.9,73.7,15.0,15.8,14.0,0.3,0.4,4.64,6.2,8.44,6.02,17.0,2.61,14.0,0.2,0.4,0.4,-3.54,0.0,4.39,-0.01,17.0,4.18,14.0,0.2,0.4,0.4,-5.95,0.0,4.48,-0.11,17.0,5.27,14.0,0.2,0.4,0.4,1012.49,1020.5,1024.18,1019.17,17.0,6.19,14.0,0.2,0.4,0.4,0.0,2.0,7.5,3.5,17.0,3.1,14.0,0.2,0.4,0.4,-24.6,0.0,22.7,1.6,17.0,31.6,14.0,0.2,0.4,0.4,-36.9,0.0,31.7,1.1,17.0,43.7,14.0,0.2,0.4,0.4,-0.16,2.8,8.07,3.79,16.0,4.01,16.0,0.3,0.4,0.4,-1.5,14.3,54.0,23.3,16.0,27.4,16.0,0.3,0.4,0.4,3.56,7.78,11.69,7.39,15.0,3.62,14.0,0.3,0.3,0.4,18.1,39.2,75.5,44.4,15.0,24.4,14.0,0.3,0.3,0.4,-76.5,0.0,106.0,7.5,16.0,91.1,16.0,0.3,0.4,0.4,-107.4,10.5,108.7,12.8,16.0,102.9,16.0,0.3,0.4,0.4,-47.3,0.0,71.1,7.8,15.0,56.9,14.0,0.3,0.3,0.4,-49.4,0.0,51.7,4.3,15.0,49.4,14.0,0.3,0.3,0.4,-28.8,0.0,23.0,-8.0,15.0,33.3,14.0,0.3,0.3,0.4,-54.3,0.0,13.6,-14.2,15.0,36.2,14.0,0.3,0.3,0.4,103.5,238.5,617.0,330.0,17.0,346.5,14.0,0.2,0.4,0.4,105.0,240.0,615.0,330.0,17.0,345.0,14.0,0.2,0.4,0.4
1974,2,273.0,28.0,20.3,21.2,22.3,21.29,9.0,1.36,18.0,0.4,0.4,0.3,13.2,18.05,24.14,18.77,10.0,5.18,16.0,0.5,0.4,0.2,6.4,9.19,15.28,10.38,10.0,4.39,16.0,0.5,0.4,0.2,62.5,72.9,83.8,73.3,10.0,11.8,16.0,0.5,0.2,4.81,5.1,10.8,7.07,10.0,2.88,16.0,0.5,0.4,0.2,-5.2,-1.48,2.23,-1.47,10.0,4.05,16.0,0.5,0.4,0.2,-6.2,1.64,6.91,0.72,10.0,6.66,16.0,0.5,0.4,0.2,1017.88,1020.65,1024.22,1020.97,10.0,4.18,16.0,0.5,0.4,0.2,2.4,5.0,7.0,4.7,10.0,2.5,16.0,0.5,0.4,0.2,-45.6,-6.8,11.4,-11.5,10.0,38.3,16.0,0.5,0.4,0.2,-45.6,8.4,62.2,6.7,10.0,63.8,16.0,0.5,0.4,0.2,-3.48,3.3,9.33,2.88,9.0,5.69,18.0,0.4,0.4,0.3,-17.7,15.2,71.6,22.0,9.0,51.5,18.0,0.4,0.4,0.3,0.93,5.68,10.57,5.85,9.0,4.57,18.0,0.4,0.4,0.3,1.8,29.0,79.9,39.5,9.0,41.2,18.0,0.4,0.4,0.3,-106.1,-22.5,35.5,-36.4,10.0,76.7,16.0,0.5,0.4,0.2,-78.6,30.0,172.4,41.9,10.0,121.2,16.0,0.5,0.4,0.2,-66.8,-12.1,15.9,-23.4,10.0,45.3,16.0,0.5,0.4,0.2,-38.0,16.0,111.2,30.0,10.0,73.1,16.0,0.5,0.4,0.2,-20.2,0.0,29.5,3.7,9.0,28.5,18.0,0.4,0.4,0.3,-75.0,-8.2,13.6,-23.1,9.0,45.0,18.0,0.4,0.4,0.3,112.5,132.5,1259.5,524.0,10.0,568.0,16.0,0.5,0.4,0.2,110.0,135.0,1260.0,525.0,10.0,570.0,16.0,0.5,0.4,0.2
1974,2,273.0,29.0,16.46,18.3,20.14,18.3,2.0,3.82,10.0,0.0,0.8,0.4,14.54,17.0,19.46,17.0,2.0,5.09,10.0,0.0,0.8,0.4,5.54,7.55,9.56,7.55,2.0,4.16,10.0,0.0,0.8,0.4,52.4,59.6,66.9,59.6,2.0,15.0,10.0,0.0,0.4,2.26,2.6,2.94,2.6,2.0,0.71,10.0,0.0,0.8,0.4,-1.14,-0.67,-0.21,-0.67,2.0,0.95,10.0,0.0,0.8,0.4,-0.86,0.75,2.35,0.75,2.0,3.33,10.0,0.0,0.8,0.4,1021.13,1021.85,1022.57,1021.85,2.0,1.48,10.0,0.0,0.8,0.4,1.3,4.0,6.7,4.0,2.0,5.7,10.0,0.0,0.8,0.4,-2.4,-1.4,-0.4,-1.4,2.0,2.0,10.0,0.0,0.8,0.4,-1.3,3.1,7.5,3.1,2.0,9.2,10.0,0.0,0.8,0.4,0.69,1.3,1.91,1.3,2.0,1.27,10.0,0.0,0.8,0.4,1.8,2.9,4.1,2.9,2.0,2.4,10.0,0.0,0.8,0.4,5.09,5.57,6.06,5.57,2.0,1.0,10.0,0.0,0.8,0.4,13.5,14.1,14.8,14.1,2.0,1.3,10.0,0.0,0.8,0.4,-15.2,-9.0,-2.9,-9.0,2.0,12.8,10.0,0.0,0.8,0.4,-8.0,21.2,50.3,21.2,2.0,60.4,10.0,0.0,0.8,0.4,-5.2,-3.1,-1.0,-3.1,2.0,4.4,10.0,0.0,0.8,0.4,-1.1,12.6,26.2,12.6,2.0,28.3,10.0,0.0,0.8,0.4,-7.1,-4.2,-1.3,-4.2,2.0,6.0,10.0,0.0,0.8,0.4,-6.1,2.5,11.1,2.5,2.0,17.8,10.0,0.0,0.8,0.4,12.5,19.5,26.5,19.5,2.0,14.5,10.0,0.0,0.8,0.4,15.0,20.0,25.0,20.0,2.0,15.0,10.0,0.0,0.8,0.4
1974,2,273.0,30.0,15.6,15.9,16.46,16.03,4.0,0.53,14.0,0.3,0.7,0.0,14.19,15.6,17.28,15.73,4.0,1.83,14.0,0.3,0.7,0.0,5.2,5.57,7.04,6.09,4.0,1.36,14.0,0.3,0.7,0.0,47.9,55.6,62.4,55.1,4.0,8.8,14.0,0.3,0.0,3.05,5.4,7.75,5.4,4.0,2.9,14.0,0.3,0.7,0.0,-1.38,0.0,0.55,-0.4,4.0,1.57,14.0,0.3,0.7,0.0,-5.01,-0.66,5.42,0.17,4.0,6.67,14.0,0.3,0.7,0.0,1017.77,1020.3,1021.89,1019.85,4.0,2.8,14.0,0.3,0.7,0.0,0.0,0.0,0.0,0.0,3.0,0.0,12.0,0.3,0.6,0.0,-5.7,0.0,1.2,-2.1,4.0,5.9,14.0,0.3,0.7,0.0,-29.6,-4.5,41.5,5.4,4.0,51.0,14.0,0.3,0.7,0.0,-1.1,0.0,1.73,0.3,4.0,1.69,14.0,0.3,0.7,0.0,-6.1,2.5,8.4,1.2,4.0,8.8,14.0,0.3,0.7,0.0,4.53,5.59,5.7,5.14,4.0,1.0,14.0,0.3,0.7,0.0,17.0,27.2,35.2,26.2,4.0,11.5,14.0,0.3,0.7,0.0,-19.2,0.0,9.2,-4.8,4.0,22.8,14.0,0.3,0.7,0.0,-71.7,-6.6,95.6,11.1,4.0,109.2,14.0,0.3,0.7,0.0,-8.1,0.0,2.9,-2.5,4.0,9.1,14.0,0.3,0.7,0.0,-26.9,-4.5,41.4,6.7,4.0,46.2,14.0,0.3,0.7,0.0,-7.6,0.0,3.1,-2.1,4.0,8.7,14.0,0.3,0.7,0.0,-28.3,-3.5,21.5,-3.4,4.0,30.8,14.0,0.3,0.7,0.0,37.5,185.0,488.0,259.5,4.0,294.5,14.0,0.3,0.7,0.0,40.0,185.0,490.0,260.0,4.0,295.0,14.0,0.3,0.7,0.0
1974,2,273.0,43.0,,,,,,,,,,,,,,,,,,,,,,,,,,,,,,,,,,,,,,,,7.32,10.8,11.14,9.27,3.0,3.1,12.0,0.0,0.4,0.5,-8.95,-5.36,0.82,-4.09,3.0,7.24,12.0,0.0,0.4,0.5,-7.55,-1.95,2.02,-2.74,3.0,7.04,12.0,0.0,0.4,0.5,1020.0,1020.0,1020.0,1020.0,1.0,0.0,26.0,0.0,0.9,0.7,,,,,,,,,,,,,,,,,,,,,,,,,,,,,,,,,,,,,,,,,,,,,,,,,,,,,,,,,,,,,,,,,,,,,,,,,,,,,,,,,,,,,,,,,,,,,,,,,,,,,,,,,,,,,,,,,,,,,,,,,,,,,,,,,,,,,,,,,,,,,,,,,,,,,,
1974,2,274.0,-26.0,19.0,19.0,19.0,19.0,1.0,0.0,2.0,1.0,0.2,0.1,23.5,23.5,23.5,23.5,1.0,0.0,2.0,1.0,0.2,0.1,12.98,12.98,12.98,12.98,1.0,0.0,2.0,1.0,0.2,0.1,72.6,72.6,72.6,72.6,1.0,0.0,2.0,1.0,0.1,6.7,6.7,6.7,6.7,1.0,0.0,2.0,1.0,0.2,0.1,-6.3,-6.3,-6.3,-6.3,1.0,0.0,2.0,1.0,0.2,0.1,2.29,2.29,2.29,2.29,1.0,0.0,2.0,1.0,0.2,0.1,1019.5,1019.5,1019.5,1019.5,1.0,0.0,2.0,1.0,0.2,0.1,1.0,1.0,1.0,1.0,1.0,0.0,2.0,1.0,0.2,0.1,-42.2,-42.2,-42.2,-42.2,1.0,0.0,2.0,1.0,0.2,0.1,15.4,15.4,15.4,15.4,1.0,0.0,2.0,1.0,0.2,0.1,-4.5,-4.5,-4.5,-4.5,1.0,0.0,2.0,1.0,0.2,0.1,-30.1,-30.1,-30.1,-30.1,1.0,0.0,2.0,1.0,0.2,0.1,0.59,0.59,0.59,0.59,1.0,0.0,2.0,1.0,0.2,0.1,3.9,3.9,3.9,3.9,1.0,0.0,2.0,1.0,0.2,0.1,-148.0,-148.0,-148.0,-148.0,1.0,0.0,2.0,1.0,0.2,0.1,53.9,53.9,53.9,53.9,1.0,0.0,2.0,1.0,0.2,0.1,-81.8,-81.8,-81.8,-81.8,1.0,0.0,2.0,1.0,0.2,0.1,29.8,29.8,29.8,29.8,1.0,0.0,2.0,1.0,0.2,0.1,-3.7,-3.7,-3.7,-3.7,1.0,0.0,2.0,1.0,0.2,0.1,1.3,1.3,1.3,1.3,1.0,0.0,2.0,1.0,0.2,0.1,301.0,301.0,301.0,301.0,1.0,0.0,2.0,1.0,0.2,0.1,300.0,300.0,300.0,300.0,1.0,0.0,2.0,1.0,0.2,0.1
1974,2,274.0,-13.0,23.66,23.8,23.94,23.8,3.0,0.2,10.0,0.7,0.4,0.4,22.93,23.2,23.88,23.4,3.0,0.72,10.0,0.7,0.4,0.4,14.26,14.28,14.47,14.36,3.0,0.17,10.0,0.7,0.4,0.4,78.0,82.2,82.5,80.3,3.0,3.7,10.0,0.7,0.4,6.95,9.0,9.0,8.0,3.0,1.73,10.0,0.7,0.4,0.4,-3.72,-2.05,-1.72,-2.7,3.0,1.57,10.0,0.7,0.4,0.4,6.32,7.79,8.52,7.43,3.0,1.64,10.0,0.7,0.4,0.4,1012.23,1012.3,1013.87,1013.03,3.0,1.36,10.0,0.7,0.4,0.4,2.3,3.0,6.4,4.3,3.0,3.2,10.0,0.7,0.4,0.4,-32.1,-14.1,-12.9,-22.3,3.0,15.8,10.0,0.7,0.4,0.4,45.4,70.1,76.7,61.2,3.0,24.2,10.0,0.7,0.4,0.4,-0.02,0.8,0.8,0.4,3.0,0.69,10.0,0.7,0.4,0.4,0.6,7.2,7.2,4.0,3.0,5.5,10.0,0.7,0.4,0.4,3.95,4.07,4.1,4.02,3.0,0.11,10.0,0.7,0.4,0.4,27.9,35.0,36.1,32.1,3.0,6.5,10.0,0.7,0.4,0.4,-87.0,-49.7,-40.1,-63.2,3.0,36.3,10.0,0.7,0.4,0.4,150.5,180.8,195.3,173.1,3.0,33.5,10.0,0.7,0.4,0.4,-54.0,-29.2,-24.5,-39.0,3.0,23.2,10.0,0.7,0.4,0.4,90.9,113.4,122.4,106.8,3.0,23.8,10.0,0.7,0.4,0.4,-15.2,-8.4,-6.8,-10.9,3.0,6.5,10.0,0.7,0.4,0.4,25.9,31.7,33.6,29.8,3.0,5.9,10.0,0.7,0.4,0.4,379.0,729.0,729.0,558.0,3.0,296.0,10.0,0.7,0.4,0.4,380.0,730.0,730.0,560.0,3.0,295.0,10.0,0.7,0.4,0.4
1974,2,274.0,-8.0,,,,,,,,,,,,,,,,,,,,,,,,,,,,,,,,,,,,,,,,5.77,7.2,8.63,7.2,2.0,2.97,14.0,1.0,1.0,0.4,-5.31,-3.86,-2.42,-3.86,2.0,2.99,14.0,1.0,1.0,0.4,5.16,5.96,6.75,5.96,2.0,1.65,14.0,1.0,1.0,0.4,1013.56,1013.7,1013.84,1013.7,2.0,0.28,14.0,1.0,1.0,0.4,,,,,,,,,,,,,,,,,,,,,,,,,,,,,,,,,,,,,,,,,,,,,,,,,,,,,,,,,,,,,,,,,,,,,,,,,,,,,,,,,,,,,,,,,,,,,,,,,,,,,,,,,,,,,,,,,,,,,,,,,,,,,,,,,,,,,,,,,,,,,,,,,,,,,,
1974,2,274.0,-3.0,24.06,24.2,24.34,24.2,2.0,0.28,4.0,0.0,0.6,1.0,23.13,23.2,23.27,23.2,2.0,0.14,4.0,0.0,0.6,1.0,16.08,16.12,16.16,16.12,2.0,0.08,4.0,0.0,0.6,1.0,90.7,90.7,90.7,90.7,2.0,0.0,4.0,0.0,1.0,3.6,3.6,3.6,3.6,1.0,0.0,6.0,0.0,0.5,0.9,-1.23,-1.23,-1.23,-1.23,1.0,0.0,6.0,0.0,0.5,0.9,3.38,3.38,3.38,3.38,1.0,0.0,6.0,0.0,0.5,0.9,1007.63,1009.4,1011.17,1009.4,2.0,3.68,4.0,0.0,0.6,1.0,3.2,3.5,3.8,3.5,2.0,0.7,4.0,0.0,0.6,1.0,-4.4,-4.4,-4.4,-4.4,1.0,0.0,6.0,0.0,0.5,0.9,12.2,12.2,12.2,12.2,1.0,0.0,6.0,0.0,0.5,0.9,0.93,1.0,1.07,1.0,2.0,0.14,4.0,0.0,0.6,1.0,3.2,3.2,3.2,3.2,1.0,0.0,6.0,0.0,0.5,0.9,2.7,2.79,2.87,2.79,2.0,0.17,4.0,0.0,0.6,1.0,9.6,9.6,9.6,9.6,1.0,0.0,6.0,0.0,0.5,0.9,-28.4,-28.4,-28.4,-28.4,1.0,0.0,6.0,0.0,0.5,0.9,78.1,78.1,78.1,78.1,1.0,0.0,6.0,0.0,0.5,0.9,-19.8,-19.8,-19.8,-19.8,1.0,0.0,6.0,0.0,0.5,0.9,54.3,54.3,54.3,54.3,1.0,0.0,6.0,0.0,0.5,0.9,-3.3,-3.3,-3.3,-3.3,1.0,0.0,6.0,0.0,0.5,0.9,9.0,9.0,9.0,9.0,1.0,0.0,6.0,0.0,0.5,0.9,46.5,46.5,46.5,46.5,1.0,0.0,6.0,0.0,0.5,0.9,45.0,45.0,45.0,45.0,1.0,0.0,6.0,0.0,0.5,0.9
1974,2,274.0,-2.0,24.53,26.1,26.51,25.53,3.0,1.53,18.0,0.7,0.3,0.5,24.25,24.8,25.35,24.8,2.0,1.13,18.0,0.5,0.4,0.7,16.54,17.08,17.63,17.08,2.0,1.13,18.0,0.5,0.4,0.7,82.1,87.7,93.3,87.7,2.0,11.6,18.0,0.5,0.7,2.48,4.6,4.94,3.73,3.0,1.95,18.0,0.7,0.3,0.5,0.28,0.89,2.69,1.47,3.0,1.83,18.0,0.7,0.3,0.5,1.96,2.96,4.37,3.16,3.0,1.77,18.0,0.7,0.3,0.5,1010.94,1011.9,1012.79,1011.87,3.0,1.35,18.0,0.7,0.3,0.5,2.5,3.5,4.5,3.5,2.0,2.1,14.0,1.0,0.2,0.6,1.4,4.5,12.5,6.9,3.0,8.4,18.0,0.7,0.3,0.5,5.9,13.6,21.8,13.8,3.0,11.7,18.0,0.7,0.3,0.5,0.01,0.45,0.89,0.45,2.0,0.92,18.0,0.5,0.4,0.7,0.1,2.3,4.6,2.3,2.0,4.6,18.0,0.5,0.4,0.7,1.36,3.1,4.84,3.1,2.0,3.6,18.0,0.5,0.4,0.7,6.7,15.7,24.6,15.7,2.0,18.6,18.0,0.5,0.4,0.7,32.5,53.6,74.7,53.6,2.0,43.8,18.0,0.5,0.4,0.7,80.1,99.8,119.4,99.8,2.0,40.7,18.0,0.5,0.4,0.7,22.1,38.7,55.3,38.7,2.0,34.4,18.0,0.5,0.4,0.7,57.5,67.3,77.2,67.3,2.0,20.4,18.0,0.5,0.4,0.7,2.4,3.5,4.5,3.5,2.0,2.2,18.0,0.5,0.4,0.7,5.9,15.0,24.1,15.0,2.0,18.9,18.0,0.5,0.4,0.7,33.0,97.5,121.5,78.0,3.0,67.0,18.0,0.7,0.3,0.5,35.0,95.0,120.0,80.0,3.0,65.0,18.0,0.7,0.3,0.5
1974,2,274.0,-1.0,24.28,26.7,27.8,26.14,5.0,1.84,10.0,0.6,0.5,0.9,23.9,24.3,25.17,24.53,4.0,0.81,8.0,0.8,0.3,0.8,16.29,16.79,17.12,16.71,4.0,0.51,8.0,0.8,0.3,0.8,83.9,86.0,90.1,87.0,4.0,4.3,8.0,0.8,0.8,1.97,3.6,5.23,3.6,5.0,2.57,10.0,0.6,0.5,0.9,-1.52,0.0,1.41,0.12,5.0,2.25,10.0,0.6,0.5,0.9,0.89,2.37,4.87,2.89,5.0,2.69,10.0,0.6,0.5,0.9,1009.23,1011.5,1012.4,1011.0,5.0,1.74,10.0,0.6,0.5,0.9,3.6,5.0,7.0,5.2,5.0,1.8,10.0,0.6,0.5,0.9,-7.2,0.0,5.8,0.1,5.0,9.6,10.0,0.6,0.5,0.9,3.6,7.4,26.9,15.4,5.0,20.4,10.0,0.6,0.5,0.9,0.84,2.1,3.52,2.18,4.0,1.58,8.0,0.8,0.3,0.8,1.0,3.3,13.8,7.2,4.0,10.2,8.0,0.8,0.3,0.8,3.4,5.94,7.15,5.3,4.0,2.44,8.0,0.8,0.3,0.8,3.4,13.7,35.8,19.4,4.0,22.1,8.0,0.8,0.3,0.8,-16.2,0.0,51.7,16.9,4.0,56.4,8.0,0.8,0.3,0.8,17.1,61.0,132.7,74.3,4.0,75.9,8.0,0.8,0.3,0.8,-10.8,0.0,34.4,11.2,4.0,37.6,8.0,0.8,0.3,0.8,11.4,42.9,90.9,50.7,4.0,51.1,8.0,0.8,0.3,0.8,-4.5,0.0,10.0,2.6,4.0,11.7,8.0,0.8,0.3,0.8,3.3,7.1,29.2,15.8,4.0,22.5,8.0,0.8,0.3,0.8,19.0,46.5,180.0,103.5,5.0,153.0,10.0,0.6,0.5,0.9,20.0,45.0,180.0,105.0,5.0,155.0,10.0,0.6,0.5,0.9
1974,2,274.0,0.0,26.62,27.8,28.3,27.46,12.0,0.84,10.0,0.6,0.5,0.6,24.4,25.6,28.45,26.18,12.0,1.89,10.0,0.6,0.5,0.6,16.32,16.79,17.89,17.2,8.0,1.39,12.0,0.4,0.5,0.6,81.5,82.7,86.8,84.2,8.0,4.6,12.0,0.4,0.6,1.57,2.6,5.1,3.09,12.0,2.03,10.0,0.6,0.5,0.6,-2.89,0.0,0.56,-0.87,12.0,1.99,10.0,0.6,0.5,0.6,0.34,2.1,5.02,2.41,12.0,1.85,10.0,0.6,0.5,0.6,1010.1,1011.1,1012.38,1011.16,12.0,1.29,10.0,0.6,0.5,0.6,2.0,5.5,7.3,5.0,12.0,2.3,10.0,0.6,0.5,0.6,-9.0,0.0,2.0,-4.2,12.0,10.7,10.0,0.6,0.5,0.6,0.9,5.1,25.6,10.2,12.0,10.5,10.0,0.6,0.5,0.6,-0.36,2.1,2.95,1.28,12.0,2.36,10.0,0.6,0.5,0.6,-0.7,2.6,13.9,5.6,12.0,9.4,10.0,0.6,0.5,0.6,5.83,6.41,7.47,6.37,8.0,1.25,12.0,0.4,0.5,0.6,1.1,29.4,37.9,22.8,8.0,16.9,12.0,0.4,0.5,0.6,-79.1,0.0,13.8,-22.4,12.0,50.2,10.0,0.6,0.5,0.6,9.5,61.6,125.9,62.3,12.0,46.4,10.0,0.6,0.5,0.6,-63.3,-7.2,12.9,-24.7,8.0,41.3,12.0,0.4,0.5,0.6,1.0,39.6,82.4,42.4,8.0,38.4,12.0,0.4,0.5,0.6,-23.8,-3.5,4.9,-8.0,8.0,14.4,12.0,0.4,0.5,0.6,0.2,14.2,34.9,17.0,8.0,16.5,12.0,0.4,0.5,0.6,7.0,17.5,132.5,64.0,12.0,77.5,10.0,0.6,0.5,0.6,5.0,20.0,135.0,65.0,12.0,75.0,10.0,0.6,0.5,0.6
1974,2,274.0,1.0,26.64,27.8,28.3,27.57,18.0,0.8,12.0,0.4,0.6,0.3,24.95,26.1,27.85,26.34,17.0,1.49,12.0,0.5,0.6,0.4,16.31,16.83,17.53,17.02,14.0,1.03,12.0,0.5,0.7,0.3,75.5,79.5,88.1,80.5,14.0,6.5,12.0,0.5,0.3,0.0,2.6,6.2,3.03,18.0,2.59,12.0,0.5,0.6,0.4,-4.9,0.0,0.52,-1.14,18.0,2.74,12.0,0.5,0.6,0.4,0.0,1.29,3.36,1.38,18.0,2.35,12.0,0.5,0.6,0.4,1010.44,1011.1,1012.56,1011.34,19.0,1.19,12.0,0.5,0.6,0.4,3.0,6.0,8.0,5.6,19.0,2.1,12.0,0.5,0.6,0.4,-34.2,0.0,1.9,-7.3,18.0,17.0,12.0,0.5,0.6,0.4,0.0,3.3,15.2,5.8,18.0,14.6,12.0,0.5,0.6,0.4,0.15,1.25,2.8,1.41,16.0,1.28,12.0,0.4,0.6,0.4,0.0,3.1,8.2,4.9,15.0,7.2,12.0,0.5,0.7,0.4,5.18,6.38,7.73,6.33,14.0,1.35,12.0,0.5,0.7,0.3,0.0,18.0,35.1,19.8,13.0,18.0,12.0,0.5,0.7,0.4,-133.4,0.0,14.9,-35.3,16.0,75.6,12.0,0.5,0.6,0.4,0.0,15.6,92.7,34.2,16.0,64.7,12.0,0.5,0.6,0.4,-90.9,0.0,16.8,-23.2,13.0,53.4,12.0,0.5,0.7,0.4,0.0,0.0,55.6,18.2,13.0,41.0,12.0,0.5,0.7,0.4,-26.3,0.0,5.6,-8.5,13.0,19.1,12.0,0.5,0.7,0.4,0.0,0.0,18.8,5.3,13.0,16.6,12.0,0.5,0.7,0.4,0.0,17.5,238.5,90.0,18.0,129.5,12.0,0.5,0.6,0.4,0.0,20.0,240.0,90.0,18.0,130.0,12.0,0.5,0.6,0.4
1974,2,274.0,2.0,26.33,26.9,27.58,26.9,9.0,0.61,10.0,0.3,0.6,0.3,24.2,25.55,26.27,25.35,10.0,1.15,10.0,0.3,0.5,0.3,16.52,17.2,17.58,17.03,9.0,0.87,12.0,0.2,0.5,0.3,79.5,82.1,90.5,83.6,9.0,6.1,12.0,0.2,0.3,1.47,2.85,4.67,3.09,10.0,1.86,10.0,0.3,0.5,0.3,-2.37,-0.44,0.62,-0.68,10.0,1.57,10.0,0.3,0.5,0.3,0.0,1.69,4.63,2.01,10.0,2.57,10.0,0.3,0.5,0.3,1009.2,1010.15,1012.5,1010.73,10.0,1.73,10.0,0.3,0.5,0.3,1.0,5.5,8.0,4.9,10.0,3.2,10.0,0.3,0.5,0.3,-5.8,-2.2,3.5,-1.8,10.0,5.5,10.0,0.3,0.5,0.3,0.0,4.2,21.8,9.7,10.0,13.7,10.0,0.3,0.5,0.3,-0.1,1.6,3.15,1.54,9.0,1.46,10.0,0.3,0.6,0.3,-0.9,3.4,10.3,4.8,9.0,7.1,10.0,0.3,0.6,0.3,4.76,5.62,6.08,5.39,8.0,1.01,10.0,0.3,0.5,0.3,6.3,15.7,20.7,15.5,8.0,11.4,10.0,0.3,0.5,0.3,-59.0,-11.7,15.1,-17.6,10.0,39.2,10.0,0.3,0.5,0.3,0.0,41.0,121.1,50.1,10.0,65.7,10.0,0.3,0.5,0.3,-33.4,0.0,13.6,-8.6,9.0,25.6,12.0,0.2,0.5,0.3,0.0,16.5,83.9,32.5,9.0,46.6,12.0,0.2,0.5,0.3,-8.4,0.0,5.8,-0.5,8.0,7.2,10.0,0.3,0.5,0.3,0.2,9.8,20.6,10.7,8.0,14.9,10.0,0.3,0.5,0.3,4.5,23.5,105.5,58.5,10.0,75.5,10.0,0.3,0.5,0.3,5.0,25.0,105.0,60.0,10.0,75.0,10.0,0.3,0.5,0.3
1974,2,274.0,3.0,26.89,27.4,27.86,27.4,5.0,0.61,14.0,0.2,0.7,0.3,25.38,25.95,26.15,25.78,4.0,0.54,16.0,0.3,0.7,0.2,17.18,17.51,17.81,17.5,4.0,0.44,16.0,0.3,0.7,0.2,81.0,83.3,87.8,84.4,4.0,4.7,16.0,0.3,0.2,2.34,3.35,6.51,4.38,4.0,3.01,16.0,0.3,0.7,0.2,-1.08,1.13,2.63,0.79,4.0,2.29,16.0,0.3,0.7,0.2,0.81,2.7,6.24,3.49,4.0,3.51,16.0,0.3,0.7,0.2,1008.9,1009.1,1011.58,1010.1,5.0,1.65,14.0,0.2,0.7,0.3,1.0,7.0,8.0,5.0,5.0,3.7,14.0,0.2,0.7,0.3,-2.3,2.9,16.3,6.8,4.0,13.4,16.0,0.3,0.7,0.2,2.0,10.1,45.3,23.0,4.0,32.8,16.0,0.3,0.7,0.2,1.25,1.35,2.4,1.8,4.0,1.0,16.0,0.3,0.7,0.2,3.1,4.2,17.4,10.0,4.0,12.5,16.0,0.3,0.7,0.2,5.24,5.85,6.08,5.67,4.0,0.6,16.0,0.3,0.7,0.2,13.7,17.6,37.5,25.2,4.0,19.2,16.0,0.3,0.7,0.2,-28.4,29.4,67.0,19.7,4.0,58.8,16.0,0.3,0.7,0.2,21.2,69.9,157.4,88.4,4.0,87.4,16.0,0.3,0.7,0.2,-18.9,19.1,46.2,13.9,4.0,40.2,16.0,0.3,0.7,0.2,13.8,47.1,111.5,61.9,4.0,63.4,16.0,0.3,0.7,0.2,-6.2,6.7,16.0,5.0,4.0,13.6,16.0,0.3,0.7,0.2,4.8,13.7,35.8,20.0,4.0,21.6,16.0,0.3,0.7,0.2,13.0,43.0,378.0,188.5,4.0,314.5,16.0,0.3,0.7,0.2,15.0,45.0,380.0,190.0,4.0,315.0,16.0,0.3,0.7,0.2
1974,2,274.0,4.0,28.0,28.0,28.0,28.0,1.0,0.0,24.0,1.0,0.4,0.7,26.4,26.4,26.4,26.4,1.0,0.0,24.0,1.0,0.4,0.7,19.02,19.02,19.02,19.02,1.0,0.0,24.0,1.0,0.4,0.7,88.2,88.2,88.2,88.2,1.0,0.0,24.0,1.0,0.7,2.1,2.1,2.1,2.1,1.0,0.0,24.0,1.0,0.4,0.7,-0.36,-0.36,-0.36,-0.36,1.0,0.0,24.0,1.0,0.4,0.7,2.07,2.07,2.07,2.07,1.0,0.0,24.0,1.0,0.4,0.7,1009.8,1009.8,1009.8,1009.8,1.0,0.0,24.0,1.0,0.4,0.7,3.0,3.0,3.0,3.0,1.0,0.0,24.0,1.0,0.4,0.7,-0.8,-0.8,-0.8,-0.8,1.0,0.0,24.0,1.0,0.4,0.7,4.3,4.3,4.3,4.3,1.0,0.0,24.0,1.0,0.4,0.7,1.6,1.6,1.6,1.6,1.0,0.0,24.0,1.0,0.4,0.7,3.4,3.4,3.4,3.4,1.0,0.0,24.0,1.0,0.4,0.7,4.72,4.72,4.72,4.72,1.0,0.0,24.0,1.0,0.4,0.7,9.9,9.9,9.9,9.9,1.0,0.0,24.0,1.0,0.4,0.7,-9.6,-9.6,-9.6,-9.6,1.0,0.0,24.0,1.0,0.4,0.7,54.6,54.6,54.6,54.6,1.0,0.0,24.0,1.0,0.4,0.7,-6.9,-6.9,-6.9,-6.9,1.0,0.0,24.0,1.0,0.4,0.7,39.3,39.3,39.3,39.3,1.0,0.0,24.0,1.0,0.4,0.7,-1.7,-1.7,-1.7,-1.7,1.0,0.0,24.0,1.0,0.4,0.7,9.8,9.8,9.8,9.8,1.0,0.0,24.0,1.0,0.4,0.7,9.5,9.5,9.5,9.5,1.0,0.0,24.0,1.0,0.4,0.7,10.0,10.0,10.0,10.0,1.0,0.0,24.0,1.0,0.4,0.7
1974,2,274.0,5.0,27.0,27.2,27.89,27.48,8.0,0.7,18.0,0.8,0.4,0.4,26.0,26.85,27.99,26.91,8.0,0.97,18.0,0.8,0.4,0.4,16.4,17.85,19.49,17.88,7.0,1.48,18.0,0.7,0.4,0.4,76.1,82.3,85.1,80.4,7.0,5.9,18.0,0.7,0.4,0.0,1.5,2.6,1.49,9.0,1.47,16.0,0.8,0.5,0.4,0.0,0.0,2.43,1.15,9.0,1.58,16.0,0.8,0.5,0.4,0.0,0.0,1.22,0.4,9.0,0.71,16.0,0.8,0.5,0.4,1008.93,1010.0,1011.1,1009.97,10.0,1.31,16.0,0.8,0.5,0.4,2.0,4.0,7.1,4.3,10.0,2.7,16.0,0.8,0.5,0.4,0.0,0.0,6.3,3.6,9.0,5.6,16.0,0.8,0.5,0.4,0.0,0.0,2.0,0.8,9.0,1.6,16.0,0.8,0.5,0.4,-0.89,0.6,1.74,0.56,8.0,1.2,18.0,0.8,0.4,0.4,-0.1,0.0,2.8,0.8,7.0,2.3,18.0,0.7,0.4,0.4,2.85,5.57,6.01,4.85,7.0,1.83,18.0,0.7,0.4,0.4,0.0,1.5,7.7,3.1,6.0,3.9,20.0,0.7,0.4,0.4,-0.5,0.0,56.0,16.7,7.0,32.5,18.0,0.7,0.4,0.4,-0.5,0.0,13.9,7.2,7.0,15.7,18.0,0.7,0.4,0.4,-1.3,0.0,10.3,7.3,6.0,21.0,20.0,0.7,0.4,0.4,0.0,2.6,12.5,6.8,6.0,10.5,20.0,0.7,0.4,0.4,-0.5,0.0,1.5,0.9,6.0,3.3,20.0,0.7,0.4,0.4,0.0,0.7,3.2,1.9,6.0,3.2,20.0,0.7,0.4,0.4,0.0,3.5,17.5,13.0,9.0,22.0,16.0,0.8,0.5,0.4,0.0,5.0,20.0,15.0,9.0,20.0,16.0,0.8,0.5,0.4
1974,2,274.0,6.0,27.21,27.9,28.27,27.84,8.0,0.87,14.0,0.6,0.6,0.3,27.02,27.2,27.99,27.5,8.0,0.73,14.0,0.6,0.5,0.3,16.44,16.9,17.37,16.91,4.0,0.54,20.0,0.8,0.5,0.4,70.0,72.9,76.4,73.2,4.0,3.8,20.0,0.8,0.4,0.0,0.5,3.93,1.6,8.0,2.07,18.0,0.6,0.5,0.3,0.0,0.0,0.97,0.3,8.0,1.31,18.0,0.6,0.5,0.3,-0.15,0.0,0.0,0.16,8.0,2.32,18.0,0.6,0.5,0.3,1009.04,1010.2,1012.41,1010.71,10.0,1.93,14.0,0.5,0.6,0.3,2.0,3.5,6.0,3.9,10.0,1.9,14.0,0.5,0.6,0.3,0.0,0.0,4.1,0.5,8.0,4.4,18.0,0.6,0.5,0.3,-0.2,0.0,0.0,1.4,8.0,11.0,18.0,0.6,0.5,0.3,-0.05,0.6,1.16,0.59,7.0,1.04,12.0,0.7,0.5,0.4,0.0,0.0,0.4,0.2,6.0,0.4,14.0,0.8,0.4,0.4,6.21,6.65,7.82,7.0,4.0,1.07,20.0,0.8,0.5,0.4,0.0,0.0,0.0,0.0,4.0,0.0,20.0,0.8,0.5,0.4,-2.7,0.0,28.9,5.7,7.0,38.3,16.0,0.7,0.5,0.4,-9.2,0.0,0.0,-14.9,7.0,37.3,16.0,0.7,0.5,0.4,0.0,0.0,0.0,0.0,4.0,0.0,20.0,0.8,0.5,0.4,0.0,0.0,0.0,0.0,4.0,0.0,20.0,0.8,0.5,0.4,0.0,0.0,0.0,0.0,4.0,0.0,20.0,0.8,0.5,0.4,0.0,0.0,0.0,0.0,4.0,0.0,20.0,0.8,0.5,0.4,0.0,0.5,63.0,27.5,8.0,48.5,18.0,0.6,0.5,0.3,0.0,0.0,65.0,30.0,8.0,50.0,18.0,0.6,0.5,0.3
1974,2,274.0,7.0,27.07,27.85,28.37,27.82,22.0,1.21,12.0,0.5,0.6,0.6,25.75,26.5,27.4,26.59,23.0,0.96,12.0,0.5,0.6,0.6,16.53,17.32,18.32,17.65,19.0,1.45,12.0,0.4,0.6,0.6,77.1,80.1,85.7,80.8,19.0,4.8,12.0,0.4,0.6,1.28,3.0,4.01,2.89,21.0,1.46,12.0,0.5,0.6,0.6,0.09,2.25,2.67,1.53,21.0,1.65,12.0,0.5,0.6,0.6,-1.94,-0.77,1.94,-0.05,21.0,2.39,12.0,0.5,0.6,0.6,1009.05,1010.2,1011.8,1010.41,23.0,1.3,12.0,0.5,0.6,0.6,0.5,3.0,6.5,3.3,23.0,2.6,12.0,0.5,0.6,0.6,0.1,6.4,8.4,5.0,21.0,5.8,12.0,0.5,0.6,0.6,-5.9,-0.8,5.9,1.0,21.0,12.3,12.0,0.5,0.6,0.6,-0.43,1.5,2.17,1.16,22.0,1.4,12.0,0.5,0.6,0.6,-1.3,3.0,8.2,4.1,20.0,7.6,12.0,0.5,0.6,0.6,4.11,5.59,6.95,5.44,19.0,1.72,12.0,0.4,0.6,0.6,5.2,16.4,20.2,14.2,17.0,7.7,12.0,0.5,0.6,0.6,2.2,59.0,74.7,40.7,21.0,43.7,12.0,0.5,0.6,0.6,-51.5,-20.2,50.9,-1.3,21.0,63.5,12.0,0.5,0.6,0.6,11.7,39.2,54.1,32.8,17.0,25.3,12.0,0.5,0.6,0.6,-34.7,-12.9,22.4,-6.9,17.0,34.1,12.0,0.5,0.6,0.6,3.2,10.1,15.1,9.3,17.0,8.3,12.0,0.5,0.6,0.6,-12.4,-4.5,5.9,-3.1,17.0,10.1,12.0,0.5,0.6,0.6,4.0,27.0,65.0,43.0,21.0,66.5,12.0,0.5,0.6,0.6,5.0,25.0,65.0,45.0,21.0,65.0,12.0,0.5,0.6,0.6
1974,2,274.0,8.0,26.88,27.6,28.81,27.71,32.0,1.27,10.0,0.8,0.6,0.5,25.6,26.7,28.3,26.92,34.0,1.6,10.0,0.7,0.6,0.5,16.3,17.04,19.0,17.72,22.0,2.03,12.0,0.7,0.5,0.5,71.1,80.1,90.5,80.1,22.0,7.9,12.0,0.7,0.5,1.22,2.6,4.1,2.64,29.0,1.33,10.0,0.7,0.6,0.5,-0.63,0.96,3.1,0.99,29.0,2.06,10.0,0.7,0.6,0.5,-1.8,0.0,2.38,0.27,29.0,1.91,10.0,0.7,0.6,0.5,1009.1,1010.5,1011.98,1010.59,34.0,1.62,10.0,0.7,0.6,0.5,1.0,2.0,6.0,3.1,34.0,2.4,10.0,0.7,0.6,0.5,-1.0,1.0,10.3,3.8,29.0,8.2,10.0,0.7,0.6,0.5,-4.7,0.0,7.9,1.0,29.0,7.2,10.0,0.7,0.6,0.5,-0.82,0.85,2.5,0.82,32.0,2.06,10.0,0.8,0.6,0.5,-1.2,2.8,9.8,3.3,27.0,6.0,10.0,0.7,0.6,0.5,4.87,6.15,7.49,5.8,21.0,3.08,14.0,0.7,0.6,0.5,5.1,14.7,27.9,14.3,18.0,11.1,12.0,0.7,0.5,0.5,-17.7,24.6,82.9,26.0,29.0,54.0,10.0,0.7,0.6,0.5,-45.9,0.0,61.4,7.4,29.0,50.8,10.0,0.7,0.6,0.5,-9.8,6.8,52.1,15.6,19.0,31.0,12.0,0.6,0.5,0.5,-39.1,-1.3,26.4,-4.2,19.0,35.3,12.0,0.6,0.5,0.5,-0.3,4.3,19.1,7.7,18.0,10.9,12.0,0.7,0.5,0.5,-16.3,-0.3,9.5,-1.8,18.0,12.5,12.0,0.7,0.5,0.5,2.0,17.5,69.0,32.5,29.0,38.5,10.0,0.7,0.6,0.5,0.0,20.0,70.0,30.0,29.0,40.0,10.0,0.7,0.6,0.5
1974,2,274.0,9.0,25.8,27.1,28.3,27.14,42.0,1.29,14.0,0.5,0.5,0.3,25.0,26.75,28.9,26.87,50.0,1.66,14.0,0.6,0.5,0.3,14.92,16.48,17.85,16.46,39.0,1.93,14.0,0.5,0.5,0.3,64.6,74.6,87.0,76.1,39.0,9.9,14.0,0.5,0.3,1.4,3.6,5.1,3.45,51.0,2.29,14.0,0.5,0.5,0.3,-3.38,0.0,2.93,-0.08,51.0,2.87,14.0,0.5,0.5,0.3,-3.55,0.0,2.0,-0.65,51.0,2.96,14.0,0.5,0.5,0.3,1008.41,1010.0,1011.57,1010.1,50.0,1.54,14.0,0.5,0.5,0.3,0.0,1.0,3.4,1.9,49.0,1.9,14.0,0.5,0.5,0.3,-16.6,0.0,9.7,-2.2,51.0,14.9,14.0,0.5,0.5,0.3,-14.7,0.0,5.9,-6.0,51.0,19.9,14.0,0.5,0.5,0.3,-1.8,0.2,2.2,0.24,42.0,2.12,14.0,0.5,0.5,0.3,-2.6,0.0,8.7,2.7,41.0,6.7,14.0,0.6,0.5,0.3,3.24,6.36,9.27,6.23,36.0,2.74,14.0,0.5,0.5,0.3,1.1,21.7,45.9,24.9,35.0,20.8,14.0,0.5,0.5,0.3,-101.5,0.0,71.1,-6.0,49.0,77.3,14.0,0.6,0.5,0.3,-95.9,0.0,54.4,-18.2,49.0,78.5,14.0,0.6,0.5,0.3,-48.2,0.0,56.2,1.1,38.0,47.0,14.0,0.5,0.5,0.3,-52.7,0.0,32.9,-7.6,38.0,46.9,14.0,0.5,0.5,0.3,-26.7,0.0,14.1,-3.7,35.0,20.7,14.0,0.5,0.5,0.3,-34.6,0.0,12.0,-6.6,35.0,24.2,14.0,0.5,0.5,0.3,3.0,46.5,132.5,99.0,51.0,163.5,14.0,0.5,0.5,0.3,5.0,45.0,135.0,100.0,51.0,165.0,14.0,0.5,0.5,0.3
1974,2,274.0,10.0,,,,,,,,,,,,,,,,,,,,,,,,,,,,,,,,,,,,,,,,2.6,2.6,2.6,2.6,1.0,0.0,24.0,0.0,0.1,0.0,0.0,0.0,0.0,0.0,1.0,0.0,24.0,0.0,0.1,0.0,2.6,2.6,2.6,2.6,1.0,0.0,24.0,0.0,0.1,0.0,1008.5,1008.5,1008.5,1008.5,1.0,0.0,24.0,0.0,0.1,0.0,,,,,,,,,,,,,,,,,,,,,,,,,,,,,,,,,,,,,,,,,,,,,,,,,,,,,,,,,,,,,,,,,,,,,,,,,,,,,,,,,,,,,,,,,,,,,,,,,,,,,,,,,,,,,,,,,,,,,,,,,,,,,,,,,,,,,,,,,,,,,,,,,,,,,,
1974,2,274.0,15.0,,,,,,,,,,,,,,,,,,,,,,,,,,,,,,,,,,,,,,,,5.1,5.1,5.1,5.1,1.0,0.0,2.0,1.0,0.8,0.5,1.74,1.74,1.74,1.74,1.0,0.0,2.0,1.0,0.8,0.5,-4.79,-4.79,-4.79,-4.79,1.0,0.0,2.0,1.0,0.8,0.5,1011.2,1011.2,1011.2,1011.2,1.0,0.0,2.0,1.0,0.8,0.5,,,,,,,,,,,,,,,,,,,,,,,,,,,,,,,,,,,,,,,,,,,,,,,,,,,,,,,,,,,,,,,,,,,,,,,,,,,,,,,,,,,,,,,,,,,,,,,,,,,,,,,,,,,,,,,,,,,,,,,,,,,,,,,,,,,,,,,,,,,,,,,,,,,,,,
1974,2,274.0,16.0,25.56,26.2,27.0,26.26,5.0,0.73,10.0,0.2,0.4,0.4,25.03,25.8,27.44,26.16,5.0,1.87,10.0,0.2,0.4,0.4,14.27,15.65,16.43,15.36,4.0,1.33,14.0,0.3,0.4,0.4,66.7,79.3,81.0,74.1,4.0,12.5,14.0,0.3,0.4,5.1,6.4,7.86,6.48,4.0,1.59,12.0,0.3,0.4,0.4,-6.02,-4.44,-1.83,-3.95,4.0,2.92,12.0,0.3,0.4,0.4,-5.92,-4.55,-2.37,-4.16,4.0,2.44,12.0,0.3,0.4,0.4,1012.35,1015.9,1018.22,1015.42,5.0,3.02,10.0,0.2,0.4,0.4,1.6,3.0,6.7,4.0,5.0,2.9,10.0,0.2,0.4,0.4,-43.2,-27.6,-12.2,-27.7,4.0,22.7,12.0,0.3,0.4,0.4,-42.1,-29.0,-14.7,-28.5,4.0,19.3,12.0,0.3,0.4,0.4,-0.95,0.4,1.42,0.1,5.0,1.99,10.0,0.2,0.4,0.4,-7.4,3.1,6.3,-0.3,4.0,11.4,12.0,0.3,0.4,0.4,5.06,5.64,6.35,5.7,4.0,0.83,14.0,0.3,0.4,0.4,29.5,34.3,36.1,32.8,3.0,5.0,14.0,0.3,0.5,0.3,-165.7,-122.2,-47.3,-107.2,4.0,79.5,12.0,0.3,0.4,0.4,-147.7,-113.6,-64.1,-106.2,4.0,60.7,12.0,0.3,0.4,0.4,-67.0,-63.5,-20.1,-44.0,3.0,38.2,14.0,0.3,0.5,0.3,-99.2,-76.1,-32.4,-66.0,3.0,49.7,14.0,0.3,0.5,0.3,-28.9,-18.5,-5.9,-17.4,3.0,16.9,14.0,0.3,0.5,0.3,-30.5,-27.3,-12.7,-21.7,3.0,13.9,14.0,0.3,0.5,0.3,132.5,294.5,485.5,308.5,4.0,204.5,12.0,0.3,0.4,0.4,135.0,295.0,485.0,310.0,4.0,205.0,12.0,0.3,0.4,0.4
1974,2,274.0,18.0,,,,,,,,,,,,,,,,,,,,,,,,,,,,,,,,,,,,,,,,5.1,5.1,5.1,5.1,2.0,0.0,6.0,0.0,0.9,0.7,-4.91,-4.5,-4.1,-4.5,2.0,0.84,6.0,0.0,0.9,0.7,0.52,1.64,2.76,1.64,2.0,2.32,6.0,0.0,0.9,0.7,1012.63,1014.0,1015.37,1014.0,2.0,2.83,6.0,0.0,0.9,0.7,0.2,0.5,0.8,0.5,2.0,0.7,6.0,0.0,0.9,0.7,-25.0,-23.0,-20.9,-23.0,2.0,4.3,6.0,0.0,0.9,0.7,2.7,8.4,14.1,8.4,2.0,11.8,6.0,0.0,0.9,0.7,,,,,,,,,,,,,,,,,,,,,,,,,,,,,,,,,,,,,,,,,-127.1,-115.1,-103.2,-115.1,2.0,24.7,6.0,0.0,0.9,0.7,13.0,41.0,68.9,41.0,2.0,58.0,6.0,0.0,0.9,0.7,-98.2,-98.2,-98.2,-98.2,1.0,0.0,6.0,0.0,0.8,0.7,0.0,0.0,0.0,0.0,1.0,0.0,6.0,0.0,0.8,0.7,,,,,,,,,,,,,,,,,,,,,,,,,,,,,,,,,,,,,,,,
1974,2,274.0,19.0,,,,,,,,,,,,,,,,,,,,,,,,,,,,,,,,,,,,,,,,7.7,7.7,7.7,7.7,1.0,0.0,6.0,0.0,0.2,0.8,-7.7,-7.7,-7.7,-7.7,1.0,0.0,6.0,0.0,0.2,0.8,0.0,0.0,0.0,0.0,1.0,0.0,6.0,0.0,0.2,0.8,1017.0,1017.0,1017.0,1017.0,1.0,0.0,6.0,0.0,0.2,0.8,8.0,8.0,8.0,8.0,1.0,0.0,6.0,0.0,0.2,0.8,-59.3,-59.3,-59.3,-59.3,1.0,0.0,6.0,0.0,0.2,0.8,0.0,0.0,0.0,0.0,1.0,0.0,6.0,0.0,0.2,0.8,,,,,,,,,,,,,,,,,,,,,,,,,,,,,,,,,,,,,,,,,-200.2,-200.2,-200.2,-200.2,1.0,0.0,6.0,0.0,0.2,0.8,0.0,0.0,0.0,0.0,1.0,0.0,6.0,0.0,0.2,0.8,-148.0,-148.0,-148.0,-148.0,1.0,0.0,6.0,0.0,0.2,0.8,0.0,0.0,0.0,0.0,1.0,0.0,6.0,0.0,0.2,0.8,,,,,,,,,,,,,,,,,,,,,,,,,,,,,,,,,,,,,,,,
1974,2,274.0,20.0,25.5,26.2,26.65,26.18,17.0,0.93,12.0,0.5,0.5,0.5,24.27,25.8,26.76,25.56,19.0,1.66,12.0,0.5,0.6,0.5,14.58,15.42,17.04,15.7,17.0,1.27,12.0,0.5,0.5,0.5,68.2,78.2,88.1,77.4,17.0,9.8,12.0,0.5,0.5,4.61,7.45,9.28,7.07,20.0,2.73,12.0,0.5,0.5,0.5,-5.9,-3.88,-2.24,-3.89,20.0,2.7,12.0,0.5,0.5,0.5,-7.2,0.4,3.91,-0.94,20.0,5.99,12.0,0.5,0.5,0.5,1010.9,1014.65,1017.99,1014.31,20.0,3.73,12.0,0.5,0.5,0.5,2.0,4.0,8.0,4.5,20.0,2.5,12.0,0.5,0.5,0.5,-45.3,-28.9,-10.0,-27.6,20.0,25.3,12.0,0.5,0.5,0.5,-55.4,1.7,29.5,-16.0,20.0,59.6,12.0,0.5,0.5,0.5,-1.01,0.95,2.0,0.74,16.0,1.55,12.0,0.6,0.5,0.5,-3.7,6.2,13.6,6.6,16.0,13.9,12.0,0.6,0.5,0.5,4.38,5.33,7.16,5.52,15.0,1.39,12.0,0.5,0.5,0.5,21.9,34.9,54.3,37.1,15.0,16.1,12.0,0.5,0.5,0.5,-147.2,-107.4,-62.0,-107.9,19.0,57.3,12.0,0.5,0.6,0.5,-143.8,20.5,108.7,-12.1,19.0,148.1,12.0,0.5,0.6,0.5,-94.6,-60.4,-43.0,-68.7,17.0,36.7,12.0,0.5,0.5,0.5,-82.3,10.8,78.7,-2.6,17.0,83.4,12.0,0.5,0.5,0.5,-34.2,-21.9,-12.1,-23.4,15.0,10.3,12.0,0.5,0.5,0.5,-22.6,0.0,28.4,-0.7,15.0,32.3,12.0,0.5,0.5,0.5,98.0,415.0,799.0,511.5,20.0,576.0,12.0,0.5,0.5,0.5,100.0,415.0,800.0,510.0,20.0,575.0,12.0,0.5,0.5,0.5
1974,2,274.0,21.0,24.4,26.0,27.0,25.81,46.0,1.38,12.0,0.5,0.7,0.7,22.34,24.45,26.0,24.46,48.0,1.85,12.0,0.5,0.7,0.7,10.34,14.65,15.98,13.87,42.0,2.66,12.0,0.5,0.7,0.7,60.2,71.9,81.4,72.0,42.0,10.9,12.0,0.5,0.7,4.6,6.2,10.3,7.06,49.0,3.21,14.0,0.6,0.7,0.7,-6.37,-3.85,-1.6,-3.86,49.0,3.28,14.0,0.6,0.7,0.7,-6.91,0.0,4.11,-0.77,49.0,5.88,14.0,0.6,0.7,0.7,1013.0,1016.4,1020.52,1016.46,50.0,3.64,12.0,0.5,0.7,0.7,1.0,4.0,7.0,3.8,50.0,2.4,12.0,0.5,0.7,0.7,-52.0,-24.4,-5.5,-30.7,49.0,38.6,14.0,0.6,0.7,0.7,-61.1,0.0,22.7,-16.4,49.0,66.3,14.0,0.6,0.7,0.7,-0.96,1.05,4.29,1.37,46.0,2.34,12.0,0.5,0.7,0.7,-6.2,5.6,22.2,10.4,45.0,21.3,12.0,0.5,0.7,0.7,3.53,6.56,10.14,6.9,42.0,3.02,12.0,0.5,0.7,0.7,22.6,37.2,74.8,49.3,41.0,35.5,12.0,0.6,0.7,0.7,-162.5,-95.1,-38.5,-95.0,47.0,79.3,12.0,0.5,0.7,0.7,-131.8,0.0,103.0,-8.4,47.0,137.4,12.0,0.5,0.7,0.7,-87.4,-54.5,-25.5,-55.5,41.0,42.1,12.0,0.6,0.7,0.7,-75.0,0.0,67.6,1.3,41.0,74.3,12.0,0.6,0.7,0.7,-49.9,-22.6,-10.8,-28.7,41.0,24.2,12.0,0.6,0.7,0.7,-38.6,0.0,27.1,-10.2,41.0,47.1,12.0,0.6,0.7,0.7,97.5,238.5,1092.5,602.5,49.0,956.0,14.0,0.6,0.7,0.7,95.0,240.0,1095.0,600.0,49.0,955.0,14.0,0.6,0.7,0.7
1974,2,274.0,22.0,25.6,26.1,27.5,26.33,58.0,1.15,14.0,0.2,0.5,0.4,22.0,24.5,25.6,24.23,58.0,2.06,14.0,0.2,0.5,0.4,10.61,14.87,16.48,14.18,51.0,2.75,14.0,0.2,0.5,0.3,65.1,74.4,84.4,74.6,51.0,10.3,14.0,0.2,0.3,4.6,7.7,10.3,7.42,59.0,2.86,14.0,0.2,0.5,0.4,-6.59,-3.6,0.0,-3.65,59.0,3.41,14.0,0.2,0.5,0.4,-8.63,0.0,5.07,-0.8,59.0,6.19,14.0,0.2,0.5,0.4,1012.1,1016.0,1019.94,1016.22,59.0,4.19,14.0,0.2,0.5,0.4,1.2,5.0,7.8,4.6,59.0,2.6,14.0,0.2,0.5,0.4,-62.3,-22.5,0.0,-30.9,59.0,36.7,14.0,0.2,0.5,0.4,-80.0,0.0,38.1,-12.6,59.0,61.2,14.0,0.2,0.5,0.4,0.0,1.8,3.91,2.02,57.0,2.17,14.0,0.2,0.5,0.4,0.0,12.1,35.6,16.7,57.0,20.7,14.0,0.2,0.5,0.4,4.55,6.7,10.51,7.24,51.0,2.58,14.0,0.2,0.5,0.3,22.6,47.7,90.3,57.2,51.0,34.7,14.0,0.2,0.5,0.3,-170.9,-82.1,0.0,-85.9,58.0,82.8,14.0,0.2,0.5,0.4,-209.1,0.0,124.4,-15.8,58.0,147.9,14.0,0.2,0.5,0.4,-94.7,-47.3,0.0,-48.2,51.0,49.3,14.0,0.2,0.5,0.3,-112.2,0.0,87.5,-6.5,51.0,87.1,14.0,0.2,0.5,0.3,-55.0,-27.1,0.0,-29.5,51.0,31.7,14.0,0.2,0.5,0.3,-71.0,0.0,36.2,-14.8,51.0,49.2,14.0,0.2,0.5,0.3,97.5,456.5,1092.5,595.5,59.0,660.5,14.0,0.2,0.5,0.4,95.0,455.0,1095.0,595.0,59.0,660.0,14.0,0.2,0.5,0.4
1974,2,274.0,23.0,25.35,25.95,26.7,25.91,18.0,1.01,12.0,0.4,0.2,0.3,21.42,24.15,26.29,23.87,18.0,3.32,12.0,0.4,0.2,0.3,11.66,14.29,16.55,13.9,16.0,3.26,12.0,0.4,0.2,0.3,63.7,74.8,81.6,73.8,16.0,10.7,12.0,0.4,0.3,3.45,6.2,9.6,6.6,18.0,2.99,12.0,0.4,0.2,0.3,-5.26,-3.15,1.7,-2.72,18.0,4.08,12.0,0.4,0.2,0.3,-7.16,-0.09,3.4,-1.13,18.0,5.4,12.0,0.4,0.2,0.3,1015.51,1017.55,1021.0,1018.06,18.0,3.82,12.0,0.4,0.2,0.3,2.0,5.0,8.0,5.1,18.0,2.3,12.0,0.4,0.2,0.3,-43.4,-14.6,11.2,-23.4,18.0,43.2,12.0,0.4,0.2,0.3,-58.9,-0.6,23.7,-11.2,18.0,46.6,12.0,0.4,0.2,0.3,-0.3,1.8,3.95,2.04,18.0,2.75,12.0,0.4,0.2,0.3,-0.8,17.4,30.8,17.3,18.0,22.1,12.0,0.4,0.2,0.3,4.69,6.99,8.67,6.82,16.0,2.63,12.0,0.4,0.2,0.3,21.6,45.3,83.1,49.2,16.0,32.3,12.0,0.4,0.2,0.3,-104.6,-78.5,43.7,-61.6,18.0,97.4,12.0,0.4,0.2,0.3,-138.7,-1.0,90.8,-19.6,18.0,126.4,12.0,0.4,0.2,0.3,-58.5,-37.1,36.7,-35.4,16.0,60.6,12.0,0.4,0.2,0.3,-99.9,-26.1,43.8,-19.4,16.0,71.7,12.0,0.4,0.2,0.3,-53.1,-22.7,8.1,-24.7,16.0,33.6,12.0,0.4,0.2,0.3,-61.4,-11.3,18.3,-16.9,16.0,39.3,12.0,0.4,0.2,0.3,41.5,243.0,891.5,464.0,18.0,537.0,12.0,0.4,0.2,0.3,40.0,245.0,890.0,465.0,18.0,535.0,12.0,0.4,0.2,0.3
1974,2,274.0,24.0,24.75,26.3,26.91,25.87,11.0,1.25,14.0,0.5,0.3,0.3,21.07,24.0,26.71,23.73,11.0,3.57,14.0,0.5,0.3,0.3,9.16,14.74,18.53,14.01,10.0,4.33,12.0,0.5,0.3,0.3,63.6,74.3,86.8,74.4,10.0,11.9,12.0,0.5,0.3,3.1,6.95,9.4,6.89,10.0,3.91,14.0,0.6,0.3,0.3,-6.05,-0.77,0.0,-1.36,10.0,4.5,14.0,0.6,0.3,0.3,-4.38,2.89,6.16,2.44,10.0,6.25,14.0,0.6,0.3,0.3,1013.79,1015.1,1020.7,1017.24,11.0,4.72,14.0,0.5,0.3,0.3,0.6,4.0,7.0,3.7,11.0,2.8,14.0,0.5,0.3,0.3,-42.3,-2.4,0.0,-5.7,10.0,40.0,14.0,0.6,0.3,0.3,-34.3,9.0,45.0,24.3,10.0,81.8,14.0,0.6,0.3,0.3,-0.91,2.0,4.97,2.15,11.0,4.04,14.0,0.5,0.3,0.3,-3.6,7.8,35.7,13.3,10.0,44.4,14.0,0.6,0.3,0.3,1.19,7.1,11.63,6.78,10.0,5.07,12.0,0.5,0.3,0.3,4.3,39.6,73.0,43.2,9.0,49.3,12.0,0.6,0.3,0.3,-130.5,-17.5,0.0,-37.0,10.0,87.4,14.0,0.6,0.3,0.3,-81.5,71.4,163.6,74.6,10.0,157.5,14.0,0.6,0.3,0.3,-50.2,0.0,0.0,-16.3,9.0,45.3,12.0,0.6,0.3,0.3,-20.3,56.9,109.8,63.0,9.0,99.2,12.0,0.6,0.3,0.3,-34.1,0.0,0.0,-1.4,9.0,54.2,12.0,0.6,0.3,0.3,-41.7,4.3,31.1,-1.6,9.0,39.8,12.0,0.6,0.3,0.3,30.0,337.0,861.0,658.5,10.0,1103.0,14.0,0.6,0.3,0.3,30.0,335.0,860.0,660.0,10.0,1105.0,14.0,0.6,0.3,0.3
1974,2,274.0,25.0,23.3,25.4,26.7,24.89,81.0,1.74,14.0,0.3,0.6,0.4,19.0,21.8,24.54,21.57,82.0,2.76,14.0,0.3,0.6,0.5,8.58,10.95,14.68,11.61,76.0,3.19,14.0,0.3,0.6,0.5,61.8,70.5,80.2,71.3,76.0,10.1,14.0,0.3,0.5,5.1,7.7,10.3,7.62,81.0,3.23,14.0,0.3,0.6,0.4,-6.4,-2.41,3.52,-1.73,81.0,4.79,14.0,0.3,0.6,0.4,-8.43,0.0,5.99,-0.74,81.0,6.53,14.0,0.3,0.6,0.4,1013.5,1018.1,1022.7,1018.25,82.0,4.44,14.0,0.3,0.6,0.5,2.0,4.0,7.0,4.2,81.0,2.4,14.0,0.3,0.6,0.5,-55.7,-13.1,29.1,-14.7,81.0,47.1,14.0,0.3,0.6,0.4,-78.4,0.0,45.1,-14.1,81.0,70.8,14.0,0.3,0.6,0.4,0.28,3.5,6.7,3.34,81.0,3.19,14.0,0.3,0.6,0.4,1.0,19.6,63.9,27.1,80.0,31.8,14.0,0.3,0.6,0.4,3.75,8.21,11.56,7.93,75.0,3.7,14.0,0.3,0.6,0.4,20.6,55.3,109.9,62.4,74.0,43.9,14.0,0.3,0.6,0.4,-139.2,-49.1,71.3,-36.6,81.0,102.7,14.0,0.3,0.6,0.4,-170.7,0.0,147.2,-5.4,81.0,141.7,14.0,0.3,0.6,0.4,-68.4,-26.2,37.1,-17.8,75.0,56.9,14.0,0.3,0.6,0.4,-85.1,0.0,86.6,1.9,75.0,79.1,14.0,0.3,0.6,0.4,-55.7,-15.3,28.9,-15.0,74.0,45.1,14.0,0.3,0.6,0.4,-82.6,-0.9,29.8,-20.8,74.0,56.4,14.0,0.3,0.6,0.4,132.5,456.5,1092.5,686.5,81.0,829.0,14.0,0.3,0.6,0.4,135.0,455.0,1095.0,685.0,81.0,830.0,14.0,0.3,0.6,0.4
1974,2,274.0,26.0,22.76,24.4,25.76,24.26,30.0,1.66,12.0,0.3,0.5,0.3,19.02,22.4,24.7,21.86,30.0,3.11,12.0,0.3,0.5,0.3,8.51,12.47,15.83,12.29,28.0,3.3,12.0,0.3,0.5,0.3,56.5,77.6,86.1,74.5,28.0,13.0,12.0,0.3,0.3,5.1,7.7,10.3,7.46,30.0,3.19,12.0,0.3,0.5,0.3,-5.71,0.0,2.14,-1.58,30.0,3.95,12.0,0.3,0.5,0.3,-7.78,2.69,6.83,0.34,30.0,7.04,12.0,0.3,0.5,0.3,1013.56,1018.9,1022.4,1018.35,30.0,4.9,12.0,0.3,0.5,0.3,1.0,5.0,8.0,4.4,28.0,2.9,12.0,0.3,0.5,0.3,-44.1,0.0,19.6,-11.4,30.0,36.6,12.0,0.3,0.5,0.3,-70.4,10.6,53.2,-2.2,30.0,73.8,12.0,0.3,0.5,0.3,-1.12,2.65,5.0,2.4,30.0,3.55,12.0,0.3,0.5,0.3,-7.0,15.3,44.9,20.4,30.0,36.8,12.0,0.3,0.5,0.3,2.28,7.1,10.46,6.5,28.0,3.99,12.0,0.3,0.5,0.3,7.2,47.4,93.1,50.5,28.0,43.2,12.0,0.3,0.5,0.3,-122.0,0.0,43.6,-34.8,30.0,87.8,12.0,0.3,0.5,0.3,-155.7,66.1,157.4,22.5,30.0,145.5,12.0,0.3,0.5,0.3,-67.6,0.0,26.1,-19.1,28.0,49.4,12.0,0.3,0.5,0.3,-74.7,16.7,84.1,11.7,28.0,79.4,12.0,0.3,0.5,0.3,-37.1,0.0,14.8,-8.0,28.0,34.2,12.0,0.3,0.5,0.3,-69.9,0.0,32.1,-15.0,28.0,55.2,12.0,0.3,0.5,0.3,132.5,456.5,1092.5,636.5,30.0,711.0,12.0,0.3,0.5,0.3,135.0,455.0,1095.0,635.0,30.0,710.0,12.0,0.3,0.5,0.3
1974,2,274.0,27.0,21.5,21.95,23.17,22.27,10.0,0.92,14.0,0.4,0.4,0.4,17.55,18.5,22.5,19.5,11.0,3.49,14.0,0.4,0.5,0.4,7.44,9.25,14.33,10.29,10.0,3.87,14.0,0.4,0.5,0.4,58.5,67.4,81.4,70.3,10.0,13.5,14.0,0.4,0.4,4.89,7.2,9.27,7.34,11.0,2.64,14.0,0.4,0.5,0.4,-5.43,0.0,4.82,-0.67,11.0,5.07,14.0,0.4,0.5,0.4,-6.4,0.0,5.43,-0.97,11.0,6.24,14.0,0.4,0.5,0.4,1013.67,1019.3,1023.86,1019.01,11.0,5.17,14.0,0.4,0.5,0.4,1.2,5.0,7.0,4.2,11.0,2.8,14.0,0.4,0.5,0.4,-38.3,0.0,57.5,0.2,11.0,42.9,14.0,0.4,0.5,0.4,-55.2,0.0,38.2,-15.2,11.0,62.4,14.0,0.4,0.5,0.4,-1.13,3.35,5.43,3.05,10.0,3.61,14.0,0.4,0.4,0.4,-8.1,19.1,47.4,27.3,10.0,41.7,14.0,0.4,0.4,0.4,4.96,7.89,9.92,7.1,9.0,3.2,14.0,0.4,0.5,0.4,29.3,41.7,89.0,54.6,9.0,41.6,14.0,0.4,0.5,0.4,-109.3,0.0,70.0,-21.8,11.0,97.5,14.0,0.4,0.5,0.4,-108.0,0.0,121.7,-1.4,11.0,112.1,14.0,0.4,0.5,0.4,-67.3,-17.8,19.5,-21.1,10.0,42.7,14.0,0.4,0.5,0.4,-53.5,0.0,78.3,10.5,10.0,64.6,14.0,0.4,0.5,0.4,-43.2,0.0,38.5,-3.6,9.0,36.5,14.0,0.4,0.5,0.4,-74.1,0.0,18.2,-25.4,9.0,54.9,14.0,0.4,0.5,0.4,118.0,373.0,844.0,547.0,11.0,625.0,14.0,0.4,0.5,0.4,120.0,375.0,845.0,545.0,11.0,625.0,14.0,0.4,0.5,0.4
1974,2,274.0,28.0,19.63,20.3,24.35,21.8,5.0,3.11,20.0,0.6,0.6,0.3,8.78,10.1,19.86,14.13,4.0,9.31,20.0,0.8,0.6,0.3,4.37,5.28,12.8,8.43,4.0,7.36,20.0,0.8,0.6,0.3,62.5,69.9,76.6,69.6,4.0,10.6,20.0,0.8,0.3,8.4,15.4,17.37,13.16,5.0,5.39,20.0,0.6,0.6,0.3,-1.31,2.67,5.16,1.95,5.0,5.58,20.0,0.6,0.6,0.3,-16.01,-15.17,5.92,-6.96,5.0,12.21,20.0,0.6,0.6,0.3,1013.92,1025.7,1026.14,1021.08,5.0,6.76,20.0,0.6,0.6,0.3,3.0,3.0,5.7,4.2,5.0,1.8,20.0,0.6,0.6,0.3,-19.3,41.2,91.0,38.8,5.0,83.1,20.0,0.6,0.6,0.3,-282.1,-233.6,45.2,-138.6,5.0,177.1,20.0,0.6,0.6,0.3,1.86,10.05,10.7,6.45,4.0,7.66,20.0,0.8,0.6,0.3,55.6,163.3,187.5,123.4,4.0,101.4,20.0,0.8,0.6,0.3,3.34,9.22,9.53,6.56,4.0,5.65,20.0,0.8,0.6,0.3,61.7,149.4,167.1,116.0,4.0,85.0,20.0,0.8,0.6,0.3,28.3,39.0,62.4,45.0,4.0,22.0,20.0,0.8,0.6,0.3,-160.7,-142.5,8.7,-79.1,4.0,143.0,20.0,0.8,0.6,0.3,14.8,24.3,33.9,24.3,4.0,11.0,20.0,0.8,0.6,0.3,-84.0,-71.1,20.9,-33.4,4.0,85.2,20.0,0.8,0.6,0.3,9.9,25.9,59.0,34.0,4.0,38.3,20.0,0.8,0.6,0.3,-153.9,-144.9,-70.6,-113.8,4.0,70.1,20.0,0.8,0.6,0.3,742.0,3652.5,5248.5,3124.5,5.0,2443.5,20.0,0.6,0.6,0.3,740.0,3650.0,5250.0,3125.0,5.0,2445.0,20.0,0.6,0.6,0.3
1974,2,274.0,29.0,15.6,16.1,20.1,17.66,5.0,2.81,18.0,0.4,0.4,0.4,14.73,18.3,20.78,17.6,5.0,5.01,18.0,0.4,0.4,0.4,7.39,11.04,14.29,10.8,5.0,4.71,18.0,0.4,0.4,0.4,67.3,84.8,93.2,80.3,5.0,16.3,18.0,0.4,0.4,6.65,9.3,11.53,9.38,5.0,3.69,18.0,0.4,0.4,0.4,-8.89,-3.66,2.81,-2.77,5.0,6.97,18.0,0.4,0.4,0.4,-3.85,3.18,5.4,0.61,5.0,8.06,18.0,0.4,0.4,0.4,1014.73,1016.0,1019.82,1017.38,5.0,4.35,18.0,0.4,0.4,0.4,0.6,1.0,6.7,3.2,5.0,3.6,18.0,0.4,0.4,0.4,-82.7,-20.9,43.3,-13.8,5.0,82.8,18.0,0.4,0.4,0.4,-65.5,24.9,37.7,-16.8,5.0,106.3,18.0,0.4,0.4,0.4,-2.96,-2.2,2.87,0.06,5.0,5.4,18.0,0.4,0.4,0.4,-27.5,-12.5,49.4,14.3,5.0,75.3,18.0,0.4,0.4,0.4,-0.76,-0.07,4.49,1.84,5.0,4.45,18.0,0.4,0.4,0.4,-6.6,-0.7,59.4,27.8,5.0,67.1,18.0,0.4,0.4,0.4,-168.6,-65.2,26.4,-66.2,5.0,105.7,18.0,0.4,0.4,0.4,-27.0,62.0,109.8,41.9,5.0,106.2,18.0,0.4,0.4,0.4,-105.3,-34.3,11.1,-43.5,5.0,62.3,18.0,0.4,0.4,0.4,-8.0,40.9,70.1,33.5,5.0,62.0,18.0,0.4,0.4,0.4,-2.1,0.6,35.4,16.4,5.0,32.7,18.0,0.4,0.4,0.4,-49.6,-2.2,2.5,-25.5,5.0,57.0,18.0,0.4,0.4,0.4,304.5,804.5,1844.5,1164.0,5.0,1417.0,18.0,0.4,0.4,0.4,305.0,805.0,1845.0,1165.0,5.0,1415.0,18.0,0.4,0.4,0.4
1974,2,274.0,30.0,16.6,16.6,16.6,16.6,1.0,0.0,12.0,0.0,0.1,0.1,15.6,15.6,15.6,15.6,1.0,0.0,12.0,0.0,0.1,0.1,6.76,6.76,6.76,6.76,1.0,0.0,12.0,0.0,0.1,0.1,62.2,62.2,62.2,62.2,1.0,0.0,12.0,0.0,0.1,7.7,7.7,7.7,7.7,1.0,0.0,12.0,0.0,0.1,0.1,6.67,6.67,6.67,6.67,1.0,0.0,12.0,0.0,0.1,0.1,3.85,3.85,3.85,3.85,1.0,0.0,12.0,0.0,0.1,0.1,1022.0,1022.0,1022.0,1022.0,1.0,0.0,12.0,0.0,0.1,0.1,8.0,8.0,8.0,8.0,1.0,0.0,12.0,0.0,0.1,0.1,51.3,51.3,51.3,51.3,1.0,0.0,12.0,0.0,0.1,0.1,29.6,29.6,29.6,29.6,1.0,0.0,12.0,0.0,0.1,0.1,1.0,1.0,1.0,1.0,1.0,0.0,12.0,0.0,0.1,0.1,7.7,7.7,7.7,7.7,1.0,0.0,12.0,0.0,0.1,0.1,4.86,4.86,4.86,4.86,1.0,0.0,12.0,0.0,0.1,0.1,37.4,37.4,37.4,37.4,1.0,0.0,12.0,0.0,0.1,0.1,104.0,104.0,104.0,104.0,1.0,0.0,12.0,0.0,0.1,0.1,60.1,60.1,60.1,60.1,1.0,0.0,12.0,0.0,0.1,0.1,45.1,45.1,45.1,45.1,1.0,0.0,12.0,0.0,0.1,0.1,26.0,26.0,26.0,26.0,1.0,0.0,12.0,0.0,0.1,0.1,32.4,32.4,32.4,32.4,1.0,0.0,12.0,0.0,0.1,0.1,18.7,18.7,18.7,18.7,1.0,0.0,12.0,0.0,0.1,0.1,456.5,456.5,456.5,456.5,1.0,0.0,12.0,0.0,0.1,0.1,455.0,455.0,455.0,455.0,1.0,0.0,12.0,0.0,0.1,0.1
1974,2,275.0,-13.0,24.85,25.2,26.7,25.64,5.0,0.99,14.0,0.2,0.5,0.7,22.5,23.6,23.82,23.28,5.0,0.75,14.0,0.2,0.5,0.7,13.65,14.28,14.59,14.16,5.0,0.49,14.0,0.2,0.5,0.7,78.4,80.2,80.6,79.6,5.0,1.2,14.0,0.2,0.7,2.85,5.0,6.37,4.72,5.0,1.9,14.0,0.2,0.5,0.7,-3.62,-3.0,-0.98,-2.45,5.0,1.39,14.0,0.2,0.5,0.7,2.68,3.21,5.51,3.95,5.0,1.59,14.0,0.2,0.5,0.7,1011.89,1013.6,1014.0,1012.94,5.0,1.56,14.0,0.2,0.5,0.7,3.0,3.0,4.0,3.4,5.0,0.5,14.0,0.2,0.5,0.7,-21.1,-18.0,-2.8,-13.4,5.0,10.1,14.0,0.2,0.5,0.7,7.7,16.1,35.3,20.9,5.0,15.5,14.0,0.2,0.5,0.7,1.0,1.4,4.2,2.36,5.0,1.69,14.0,0.2,0.5,0.7,6.6,7.0,11.5,8.7,5.0,2.9,14.0,0.2,0.5,0.7,5.16,5.5,8.24,6.43,5.0,1.68,14.0,0.2,0.5,0.7,23.5,27.5,32.7,27.9,5.0,5.0,14.0,0.2,0.5,0.7,-85.4,-72.6,-22.0,-57.7,5.0,33.7,14.0,0.2,0.5,0.7,60.3,75.8,132.1,92.6,5.0,39.3,14.0,0.2,0.5,0.7,-52.3,-44.0,-13.3,-35.1,5.0,20.5,14.0,0.2,0.5,0.7,36.6,45.9,80.6,56.4,5.0,24.3,14.0,0.2,0.5,0.7,-18.3,-16.2,-8.0,-13.9,5.0,5.9,14.0,0.2,0.5,0.7,19.2,23.2,28.3,23.6,5.0,4.9,14.0,0.2,0.5,0.7,23.5,125.0,262.5,145.5,5.0,137.0,14.0,0.2,0.5,0.7,25.0,125.0,260.0,145.0,5.0,135.0,14.0,0.2,0.5,0.7
1974,2,275.0,-8.0,,,,,,,,,,,,,,,,,,,,,,,,,,,,,,,,,,,,,,,,4.43,5.15,5.87,5.15,2.0,1.48,14.0,0.5,0.2,0.3,-3.58,-2.69,-1.81,-2.69,2.0,1.83,14.0,0.5,0.2,0.3,4.0,4.3,4.61,4.3,2.0,0.63,14.0,0.5,0.2,0.3,1012.61,1012.85,1013.09,1012.85,2.0,0.5,14.0,0.5,0.2,0.3,,,,,,,,,,,,,,,,,,,,,,,,,,,,,,,,,,,,,,,,,,,,,,,,,,,,,,,,,,,,,,,,,,,,,,,,,,,,,,,,,,,,,,,,,,,,,,,,,,,,,,,,,,,,,,,,,,,,,,,,,,,,,,,,,,,,,,,,,,,,,,,,,,,,,,
1974,2,275.0,-3.0,23.74,24.25,24.76,24.25,2.0,1.06,16.0,0.5,0.5,0.6,23.24,24.2,25.16,24.2,2.0,1.98,16.0,0.5,0.5,0.6,16.67,17.46,18.25,17.46,2.0,1.64,16.0,0.5,0.5,0.6,91.4,92.5,93.6,92.5,2.0,2.3,16.0,0.5,0.6,2.14,4.6,7.06,4.6,2.0,5.09,16.0,0.5,0.5,0.6,-2.31,-1.23,-0.16,-1.23,2.0,2.22,16.0,0.5,0.5,0.6,2.01,4.32,6.63,4.32,2.0,4.78,16.0,0.5,0.5,0.6,1011.07,1011.65,1012.23,1011.65,2.0,1.2,16.0,0.5,0.5,0.6,3.5,4.5,5.5,4.5,2.0,2.1,16.0,0.5,0.5,0.6,-19.3,-11.3,-3.4,-11.3,2.0,16.5,16.0,0.5,0.5,0.6,10.8,32.1,53.3,32.1,2.0,44.0,16.0,0.5,0.5,0.6,-0.39,0.05,0.49,0.05,2.0,0.92,16.0,0.5,0.5,0.6,-4.0,-2.1,-0.2,-2.1,2.0,4.0,16.0,0.5,0.5,0.6,1.26,1.48,1.69,1.48,2.0,0.45,16.0,0.5,0.5,0.6,3.0,5.7,8.3,5.7,2.0,5.5,16.0,0.5,0.5,0.6,-59.2,-32.0,-4.8,-32.0,2.0,56.3,16.0,0.5,0.5,0.6,49.3,109.3,169.4,109.3,2.0,124.3,16.0,0.5,0.5,0.6,-43.1,-23.3,-3.6,-23.3,2.0,40.9,16.0,0.5,0.5,0.6,35.7,79.4,123.1,79.4,2.0,90.6,16.0,0.5,0.5,0.6,-2.6,-1.3,0.0,-1.3,2.0,2.7,16.0,0.5,0.5,0.6,2.8,5.3,7.8,5.3,2.0,5.2,16.0,0.5,0.5,0.6,88.5,276.0,464.0,276.0,2.0,389.0,16.0,0.5,0.5,0.6,90.0,275.0,465.0,275.0,2.0,390.0,16.0,0.5,0.5,0.6
1974,2,275.0,-2.0,,,,,,,,,,,,,,,,,,,,,,,,,,,,,,,,,,,,,,,,1.75,2.3,2.85,2.3,2.0,1.13,22.0,1.0,0.8,0.7,-1.68,-1.0,-0.32,-1.0,2.0,1.41,22.0,1.0,0.8,0.7,1.64,1.94,2.24,1.94,2.0,0.62,22.0,1.0,0.8,0.7,1011.66,1012.0,1012.34,1012.0,2.0,0.71,22.0,1.0,0.8,0.7,,,,,,,,,,,,,,,,,,,,,,,,,,,,,,,,,,,,,,,,,,,,,,,,,,,,,,,,,,,,,,,,,,,,,,,,,,,,,,,,,,,,,,,,,,,,,,,,,,,,,,,,,,,,,,,,,,,,,,,,,,,,,,,,,,,,,,,,,,,,,,,,,,,,,,
1974,2,275.0,-1.0,,,,,,,,,,,,,,,,,,,,,,,,,,,,,,,,,,,,,,,,4.1,4.1,4.1,4.1,1.0,0.0,12.0,1.0,0.1,0.2,0.0,0.0,0.0,0.0,1.0,0.0,12.0,1.0,0.1,0.2,4.1,4.1,4.1,4.1,1.0,0.0,12.0,1.0,0.1,0.2,1013.5,1013.5,1013.5,1013.5,1.0,0.0,12.0,1.0,0.1,0.2,,,,,,,,,,,,,,,,,,,,,,,,,,,,,,,,,,,,,,,,,,,,,,,,,,,,,,,,,,,,,,,,,,,,,,,,,,,,,,,,,,,,,,,,,,,,,,,,,,,,,,,,,,,,,,,,,,,,,,,,,,,,,,,,,,,,,,,,,,,,,,,,,,,,,,
1974,2,275.0,0.0,25.92,26.1,27.28,26.56,5.0,1.05,12.0,0.6,0.7,0.6,23.82,25.0,27.91,25.83,4.0,2.94,12.0,0.5,0.7,0.8,16.61,16.61,16.61,16.61,1.0,0.0,12.0,0.0,0.2,0.8,87.0,87.0,87.0,87.0,1.0,0.0,12.0,0.0,0.8,2.1,2.6,3.47,2.8,5.0,0.84,12.0,0.6,0.7,0.6,-0.61,0.0,0.0,-0.33,5.0,0.75,12.0,0.6,0.7,0.6,0.61,2.1,3.47,1.88,5.0,2.32,12.0,0.6,0.7,0.6,1010.24,1011.9,1013.27,1011.86,5.0,1.87,12.0,0.6,0.7,0.6,2.0,2.0,4.2,3.2,5.0,2.7,12.0,0.6,0.7,0.6,-1.6,0.0,0.0,-0.9,5.0,1.9,12.0,0.6,0.7,0.6,0.9,4.4,12.2,6.0,5.0,8.1,12.0,0.6,0.7,0.6,-1.78,1.95,3.38,0.85,4.0,3.68,12.0,0.5,0.7,0.8,-3.7,5.5,9.4,3.0,4.0,8.8,12.0,0.5,0.7,0.8,7.54,7.54,7.54,7.54,1.0,0.0,12.0,0.0,0.2,0.8,19.6,19.6,19.6,19.6,1.0,0.0,12.0,0.0,0.2,0.8,-21.4,0.0,0.0,-10.2,4.0,20.4,12.0,0.5,0.7,0.8,0.1,58.4,67.8,35.1,4.0,56.3,12.0,0.5,0.7,0.8,-27.8,-27.8,-27.8,-27.8,1.0,0.0,12.0,0.0,0.2,0.8,-33.1,-33.1,-33.1,-33.1,1.0,0.0,12.0,0.0,0.2,0.8,-12.6,-12.6,-12.6,-12.6,1.0,0.0,12.0,0.0,0.2,0.8,-15.0,-15.0,-15.0,-15.0,1.0,0.0,12.0,0.0,0.2,0.8,9.5,17.5,44.0,27.0,5.0,25.0,12.0,0.6,0.7,0.6,10.0,20.0,45.0,25.0,5.0,25.0,12.0,0.6,0.7,0.6
1974,2,275.0,1.0,27.97,28.35,28.73,28.35,2.0,0.78,10.0,0.5,0.2,0.5,25.77,26.15,26.53,26.15,2.0,0.78,10.0,0.5,0.2,0.5,17.42,17.67,17.92,17.67,2.0,0.53,10.0,0.5,0.2,0.5,80.6,83.7,86.8,83.7,2.0,6.4,10.0,0.5,0.5,1.25,1.8,2.35,1.8,2.0,1.13,10.0,0.5,0.2,0.5,-0.29,-0.17,-0.05,-0.17,2.0,0.24,10.0,0.5,0.2,0.5,1.2,1.77,2.34,1.77,2.0,1.17,10.0,0.5,0.2,0.5,1013.03,1013.3,1013.57,1013.3,2.0,0.57,10.0,0.5,0.2,0.5,3.6,5.0,6.4,5.0,2.0,2.8,10.0,0.5,0.2,0.5,-0.3,-0.2,-0.1,-0.2,2.0,0.2,10.0,0.5,0.2,0.5,1.9,3.8,5.8,3.8,2.0,4.1,10.0,0.5,0.2,0.5,1.45,2.2,2.95,2.2,2.0,1.56,10.0,0.5,0.2,0.5,2.9,3.1,3.2,3.1,2.0,0.3,10.0,0.5,0.2,0.5,6.22,6.49,6.77,6.49,2.0,0.57,10.0,0.5,0.2,0.5,8.3,11.4,14.4,11.4,2.0,6.3,10.0,0.5,0.2,0.5,-7.4,-4.4,-1.4,-4.4,2.0,6.2,10.0,0.5,0.2,0.5,31.3,46.7,62.2,46.7,2.0,32.1,10.0,0.5,0.2,0.5,-5.2,-3.1,-1.0,-3.1,2.0,4.4,10.0,0.5,0.2,0.5,21.4,31.0,40.5,31.0,2.0,19.8,10.0,0.5,0.2,0.5,-2.0,-1.2,-0.4,-1.2,2.0,1.7,10.0,0.5,0.2,0.5,8.0,11.2,14.3,11.2,2.0,6.6,10.0,0.5,0.2,0.5,3.5,9.5,15.0,9.5,2.0,11.5,10.0,0.5,0.2,0.5,5.0,10.0,15.0,10.0,2.0,10.0,10.0,0.5,0.2,0.5
1974,2,275.0,2.0,26.38,27.85,28.27,27.63,8.0,1.14,14.0,0.6,0.4,0.5,25.07,26.95,27.93,26.64,8.0,1.52,14.0,0.6,0.4,0.5,16.0,16.52,16.98,16.48,5.0,0.87,16.0,0.6,0.2,0.6,72.8,74.3,79.1,76.2,5.0,6.2,16.0,0.6,0.6,1.57,2.6,4.88,2.9,8.0,1.96,14.0,0.6,0.4,0.5,-2.66,-2.03,-0.03,-1.68,8.0,1.47,14.0,0.6,0.4,0.5,-1.41,-0.44,1.53,0.0,8.0,2.84,14.0,0.6,0.4,0.5,1009.18,1010.8,1012.18,1011.06,8.0,2.47,14.0,0.6,0.4,0.5,3.1,5.0,6.0,4.6,8.0,2.4,14.0,0.6,0.4,0.5,-8.1,-4.9,0.0,-6.2,8.0,8.2,14.0,0.6,0.4,0.5,-2.3,-1.1,4.6,-0.3,8.0,15.1,14.0,0.6,0.4,0.5,-0.37,0.85,2.52,0.99,8.0,1.42,14.0,0.6,0.4,0.5,-1.0,1.0,3.9,1.3,8.0,2.4,14.0,0.6,0.4,0.5,6.17,7.22,8.59,7.28,5.0,1.51,16.0,0.6,0.2,0.6,6.7,13.4,27.3,16.5,5.0,13.8,16.0,0.6,0.2,0.6,-73.2,-52.1,-0.7,-45.8,8.0,40.8,14.0,0.6,0.4,0.5,-36.5,-11.1,41.8,-0.2,8.0,77.9,14.0,0.6,0.4,0.5,-32.6,-4.0,0.0,-14.7,5.0,19.3,16.0,0.6,0.2,0.6,-18.2,0.0,44.9,13.7,5.0,43.0,16.0,0.6,0.2,0.6,-12.7,-2.3,0.0,-6.2,5.0,8.7,16.0,0.6,0.2,0.6,-9.5,0.0,17.8,4.6,5.0,19.5,16.0,0.6,0.2,0.6,4.0,17.5,121.0,56.0,8.0,85.0,14.0,0.6,0.4,0.5,5.0,20.0,120.0,55.0,8.0,85.0,14.0,0.6,0.4,0.5
1974,2,275.0,3.0,26.27,27.0,27.97,27.02,10.0,1.0,12.0,0.5,0.7,0.4,25.57,26.15,26.85,26.12,12.0,0.85,14.0,0.5,0.7,0.4,16.93,17.07,18.61,17.61,8.0,1.08,14.0,0.5,0.7,0.5,78.4,84.6,88.8,84.3,8.0,5.4,14.0,0.5,0.5,0.64,2.6,3.74,2.48,10.0,1.88,16.0,0.6,0.8,0.4,-1.84,0.0,0.89,-0.31,10.0,1.46,16.0,0.6,0.8,0.4,0.0,1.22,3.7,1.78,10.0,2.14,16.0,0.6,0.8,0.4,1008.87,1010.05,1010.53,1009.98,12.0,1.34,14.0,0.5,0.7,0.4,1.0,5.0,7.4,4.6,11.0,3.0,14.0,0.5,0.7,0.4,-4.1,0.0,2.3,0.1,10.0,5.4,16.0,0.6,0.8,0.4,0.0,3.2,14.8,7.6,10.0,11.9,16.0,0.6,0.8,0.4,-0.23,1.05,1.76,0.96,10.0,1.1,12.0,0.5,0.7,0.4,0.0,2.8,5.9,2.7,8.0,3.1,14.0,0.6,0.8,0.5,2.98,5.07,6.06,4.64,7.0,1.74,12.0,0.6,0.8,0.5,8.8,13.9,17.4,12.5,6.0,6.7,14.0,0.7,0.8,0.5,-48.8,0.0,23.0,-8.5,10.0,38.1,16.0,0.6,0.8,0.4,0.0,29.3,96.8,46.0,10.0,55.1,16.0,0.6,0.8,0.4,-36.3,0.0,15.8,-7.9,7.0,30.1,16.0,0.6,0.8,0.5,0.0,0.0,47.1,27.6,7.0,40.9,16.0,0.6,0.8,0.5,-11.4,0.0,5.4,-2.0,6.0,8.1,14.0,0.7,0.8,0.5,0.0,7.1,17.1,8.2,6.0,9.0,14.0,0.7,0.8,0.5,1.5,17.5,63.0,42.0,10.0,74.5,16.0,0.6,0.8,0.4,0.0,20.0,65.0,40.0,10.0,75.0,16.0,0.6,0.8,0.4
1974,2,275.0,4.0,26.76,27.8,28.64,27.73,7.0,1.12,14.0,0.4,0.3,0.3,26.95,27.9,30.21,28.33,6.0,1.88,14.0,0.5,0.3,0.4,17.63,19.11,19.75,18.77,5.0,1.19,14.0,0.6,0.3,0.5,75.4,82.3,84.5,80.4,5.0,5.0,14.0,0.6,0.5,1.43,2.6,4.43,2.69,9.0,1.65,12.0,0.6,0.4,0.3,-1.46,0.45,1.93,0.5,9.0,1.84,12.0,0.6,0.4,0.3,-1.45,1.67,3.08,1.28,9.0,2.31,12.0,0.6,0.4,0.3,1010.46,1010.8,1011.66,1010.94,10.0,0.65,10.0,0.6,0.4,0.3,0.0,2.5,7.0,3.5,10.0,3.2,10.0,0.6,0.4,0.3,-3.8,0.6,7.9,2.8,9.0,7.7,12.0,0.6,0.4,0.3,-3.8,4.3,14.0,5.4,9.0,9.8,12.0,0.6,0.4,0.3,-2.42,-1.0,1.09,-0.65,6.0,1.85,14.0,0.5,0.3,0.4,-7.9,-4.0,1.2,-3.6,6.0,6.4,14.0,0.5,0.3,0.4,2.85,3.44,5.78,4.3,5.0,2.51,14.0,0.6,0.3,0.5,5.6,9.9,19.2,11.7,5.0,8.6,14.0,0.6,0.3,0.5,-10.7,30.2,67.2,30.0,6.0,57.2,14.0,0.5,0.3,0.4,-12.7,59.2,105.1,47.6,6.0,69.8,14.0,0.5,0.3,0.4,5.8,33.3,49.7,30.6,5.0,29.7,14.0,0.6,0.3,0.5,18.3,51.4,74.1,47.2,5.0,34.8,14.0,0.6,0.3,0.5,1.0,3.4,14.7,7.1,5.0,7.6,14.0,0.6,0.3,0.5,5.5,9.3,12.4,8.7,5.0,5.3,14.0,0.6,0.3,0.5,5.5,17.5,101.5,39.5,9.0,53.5,12.0,0.6,0.4,0.3,5.0,20.0,100.0,40.0,9.0,55.0,12.0,0.6,0.4,0.3
1974,2,275.0,5.0,27.82,28.25,28.59,28.06,8.0,0.92,18.0,0.3,0.5,0.5,27.0,27.2,28.21,27.39,8.0,0.71,18.0,0.3,0.5,0.5,16.15,17.13,18.89,17.29,7.0,1.39,20.0,0.3,0.5,0.6,70.1,75.4,82.4,75.7,7.0,7.2,20.0,0.3,0.6,1.0,2.05,4.38,2.3,8.0,1.8,14.0,0.4,0.4,0.5,-2.17,-0.44,0.73,-0.84,8.0,1.65,14.0,0.4,0.4,0.5,-1.27,0.0,2.23,-0.07,8.0,2.39,14.0,0.4,0.4,0.5,1009.83,1010.6,1011.87,1010.74,9.0,0.95,16.0,0.3,0.5,0.5,1.3,3.0,6.0,3.3,9.0,2.3,16.0,0.3,0.5,0.5,-5.5,-1.1,0.8,-3.2,8.0,7.3,14.0,0.4,0.4,0.5,-3.1,0.0,5.7,-0.2,8.0,10.5,14.0,0.4,0.4,0.5,-0.44,0.9,1.58,0.68,8.0,1.08,18.0,0.3,0.5,0.5,-0.1,0.7,3.1,1.6,7.0,3.3,16.0,0.3,0.4,0.5,5.09,6.59,7.29,6.44,7.0,1.33,20.0,0.3,0.5,0.6,4.1,14.2,24.1,14.4,6.0,11.3,18.0,0.3,0.4,0.6,-65.7,-24.4,5.6,-29.4,7.0,44.4,16.0,0.3,0.4,0.5,-41.2,0.0,68.0,-5.4,7.0,71.7,16.0,0.3,0.4,0.5,-26.5,-7.9,5.4,-9.7,6.0,18.4,18.0,0.3,0.4,0.6,-32.0,-9.3,8.9,-12.2,6.0,39.4,18.0,0.3,0.4,0.6,-12.6,-3.0,1.8,-5.0,6.0,9.0,18.0,0.3,0.4,0.6,-15.1,-2.5,3.4,-4.9,6.0,15.3,18.0,0.3,0.4,0.6,1.0,10.5,88.5,34.0,8.0,51.5,14.0,0.4,0.4,0.5,0.0,10.0,90.0,35.0,8.0,50.0,14.0,0.4,0.4,0.5
1974,2,275.0,6.0,29.0,29.0,29.0,29.0,3.0,0.0,20.0,0.3,0.3,0.3,25.98,27.0,27.68,26.83,3.0,1.26,20.0,0.3,0.3,0.3,16.07,16.67,16.97,16.52,3.0,0.67,20.0,0.3,0.3,0.3,73.2,74.6,76.6,74.9,3.0,2.6,20.0,0.3,0.3,0.32,1.0,1.34,0.83,3.0,0.76,20.0,0.3,0.3,0.3,0.31,0.96,0.98,0.65,3.0,0.56,20.0,0.3,0.3,0.3,0.06,0.17,0.84,0.44,3.0,0.62,20.0,0.3,0.3,0.3,1008.43,1011.5,1011.64,1010.07,3.0,2.66,20.0,0.3,0.3,0.3,1.6,5.0,6.4,4.0,3.0,3.6,20.0,0.3,0.3,0.3,0.3,1.0,1.3,0.8,3.0,0.7,20.0,0.3,0.3,0.3,0.1,0.2,1.2,0.6,3.0,0.9,20.0,0.3,0.3,0.3,1.32,2.0,3.02,2.17,3.0,1.26,20.0,0.3,0.3,0.3,0.3,1.0,3.9,2.1,3.0,2.8,20.0,0.3,0.3,0.3,8.21,8.59,9.1,8.65,3.0,0.66,20.0,0.3,0.3,0.3,2.5,8.0,12.1,7.3,3.0,7.0,20.0,0.3,0.3,0.3,7.8,24.6,26.6,17.4,3.0,15.1,20.0,0.3,0.3,0.3,1.5,4.9,21.5,11.4,3.0,15.7,20.0,0.3,0.3,0.3,4.8,15.2,16.3,10.7,3.0,9.3,20.0,0.3,0.3,0.3,0.9,3.0,13.3,7.0,3.0,9.7,20.0,0.3,0.3,0.3,2.5,7.9,8.7,5.6,3.0,4.9,20.0,0.3,0.3,0.3,0.4,1.4,7.8,4.0,3.0,5.8,20.0,0.3,0.3,0.3,0.5,1.0,2.5,1.5,3.0,1.5,20.0,0.3,0.3,0.3,0.0,0.0,5.0,0.0,3.0,0.0,20.0,0.3,0.3,0.3
1974,2,275.0,7.0,26.9,27.9,29.14,27.95,24.0,1.3,18.0,0.6,0.5,0.6,26.1,27.0,30.02,27.57,26.0,1.86,18.0,0.6,0.5,0.5,16.51,17.96,19.19,17.97,22.0,1.4,20.0,0.6,0.6,0.5,71.0,80.3,85.1,78.4,22.0,7.3,20.0,0.6,0.5,0.0,2.6,4.85,2.7,23.0,1.9,18.0,0.7,0.5,0.6,-1.45,0.0,3.12,0.68,23.0,2.11,18.0,0.7,0.5,0.6,-1.83,0.0,2.57,0.15,23.0,2.49,18.0,0.7,0.5,0.6,1009.01,1009.8,1011.5,1010.21,27.0,1.8,18.0,0.6,0.5,0.5,1.0,3.0,5.9,3.1,27.0,2.3,18.0,0.6,0.5,0.5,-5.2,0.0,12.9,3.4,23.0,8.8,18.0,0.7,0.5,0.6,-4.8,0.0,8.7,1.2,23.0,11.8,18.0,0.7,0.5,0.6,-2.29,0.9,2.53,0.42,24.0,2.35,18.0,0.6,0.5,0.6,-1.5,0.3,9.1,1.6,21.0,7.4,18.0,0.7,0.5,0.6,4.07,5.58,7.6,5.81,21.0,2.01,20.0,0.6,0.6,0.6,0.0,15.2,21.8,14.5,18.0,11.7,20.0,0.7,0.6,0.6,-42.8,0.0,85.2,16.2,22.0,58.4,18.0,0.6,0.5,0.5,-54.8,0.0,73.7,0.2,22.0,70.1,18.0,0.6,0.5,0.5,-27.6,0.0,54.2,9.0,19.0,37.2,20.0,0.6,0.6,0.5,-43.3,0.0,37.9,-4.2,19.0,42.8,20.0,0.6,0.6,0.5,-10.4,0.0,14.4,2.1,18.0,12.3,20.0,0.7,0.6,0.6,-11.2,0.0,15.8,-0.7,18.0,14.2,20.0,0.7,0.6,0.6,0.0,17.5,115.5,47.0,23.0,58.5,18.0,0.7,0.5,0.6,0.0,20.0,115.0,45.0,23.0,60.0,18.0,0.7,0.5,0.6
1974,2,275.0,8.0,26.36,27.8,29.0,27.64,61.0,1.23,12.0,0.5,0.5,0.5,25.6,27.0,28.2,27.0,66.0,1.36,12.0,0.5,0.5,0.5,16.47,17.36,18.27,17.54,55.0,1.48,12.0,0.4,0.5,0.5,72.2,79.1,85.4,79.3,57.0,7.2,12.0,0.4,0.5,0.92,2.6,4.18,2.59,63.0,1.6,12.0,0.5,0.5,0.5,0.0,1.41,3.64,1.4,63.0,2.09,12.0,0.5,0.5,0.5,-0.38,0.5,2.1,0.74,63.0,1.58,12.0,0.5,0.5,0.5,1009.0,1010.15,1011.5,1010.12,64.0,1.65,12.0,0.4,0.5,0.5,1.0,3.0,7.0,3.2,66.0,2.6,12.0,0.5,0.5,0.5,0.0,3.4,13.4,5.2,63.0,8.9,12.0,0.5,0.5,0.5,-0.7,0.3,7.1,2.6,63.0,6.8,12.0,0.5,0.5,0.5,-1.1,0.6,2.45,0.64,61.0,1.9,12.0,0.5,0.5,0.5,-2.4,0.3,6.7,1.9,58.0,5.2,12.0,0.5,0.5,0.5,3.77,5.85,7.61,5.88,53.0,1.99,12.0,0.4,0.5,0.5,1.2,13.2,29.1,16.0,50.0,12.3,12.0,0.4,0.5,0.5,0.0,36.0,96.7,37.6,63.0,57.1,12.0,0.5,0.5,0.5,-10.1,12.8,57.7,19.4,63.0,42.5,12.0,0.5,0.5,0.5,0.0,26.7,65.4,27.4,52.0,34.2,12.0,0.4,0.5,0.5,0.0,9.1,38.9,14.0,52.0,29.7,12.0,0.4,0.5,0.5,0.0,7.3,25.8,9.8,50.0,13.3,12.0,0.4,0.5,0.5,0.0,2.3,12.1,5.0,50.0,10.5,12.0,0.4,0.5,0.5,1.0,17.5,73.5,37.0,63.0,44.5,12.0,0.5,0.5,0.5,0.0,20.0,75.0,35.0,63.0,45.0,12.0,0.5,0.5,0.5
1974,2,275.0,9.0,27.24,27.65,27.8,27.53,4.0,0.38,8.0,0.5,0.3,0.0,25.98,26.2,28.05,26.86,7.0,1.26,10.0,0.6,0.3,0.0,16.86,17.49,18.08,17.29,7.0,1.06,10.0,0.6,0.3,0.0,69.4,80.1,85.3,78.6,7.0,8.6,10.0,0.6,0.0,0.0,2.1,4.65,2.29,7.0,2.21,10.0,0.6,0.3,0.0,-3.02,0.0,1.01,-0.56,7.0,2.33,10.0,0.6,0.3,0.0,-3.53,-0.89,0.0,-1.5,7.0,1.6,10.0,0.6,0.3,0.0,1008.76,1010.5,1012.51,1010.71,7.0,1.87,10.0,0.6,0.3,0.0,1.0,3.0,4.1,3.0,7.0,2.1,10.0,0.6,0.3,0.0,-14.1,0.0,1.2,-4.5,7.0,10.9,10.0,0.6,0.3,0.0,-16.4,-2.3,0.0,-6.3,7.0,8.6,10.0,0.6,0.3,0.0,0.63,1.35,2.01,1.33,4.0,0.87,8.0,0.5,0.3,0.0,0.1,2.4,5.1,2.6,4.0,2.9,8.0,0.5,0.3,0.0,4.55,5.84,6.43,5.5,4.0,1.24,8.0,0.5,0.3,0.0,2.6,11.2,19.4,11.0,4.0,10.0,8.0,0.5,0.3,0.0,-84.3,0.0,27.4,-15.3,7.0,61.7,10.0,0.6,0.3,0.0,-95.4,-23.2,0.0,-41.0,7.0,43.5,10.0,0.6,0.3,0.0,-46.7,0.0,17.8,-9.7,7.0,40.6,10.0,0.6,0.3,0.0,-54.3,-15.1,0.0,-25.6,7.0,27.4,10.0,0.6,0.3,0.0,-8.7,2.5,10.8,1.1,4.0,13.6,8.0,0.5,0.3,0.0,-10.1,-3.8,-0.9,-5.4,4.0,6.2,8.0,0.5,0.3,0.0,0.0,9.5,101.5,44.5,7.0,71.0,10.0,0.6,0.3,0.0,0.0,10.0,100.0,45.0,7.0,70.0,10.0,0.6,0.3,0.0
1974,2,275.0,16.0,25.52,25.55,25.58,25.55,2.0,0.07,18.0,0.0,0.6,0.3,22.82,25.0,25.68,24.27,3.0,2.19,14.0,0.3,0.7,0.4,14.15,16.0,18.24,16.19,3.0,3.0,14.0,0.3,0.7,0.4,75.4,92.0,96.6,86.1,3.0,16.4,14.0,0.3,0.4,4.26,4.6,4.94,4.6,3.0,0.5,14.0,0.3,0.7,0.4,-4.75,-3.98,-3.89,-4.31,3.0,0.69,14.0,0.3,0.7,0.4,-2.02,-1.4,-0.45,-1.23,3.0,1.16,14.0,0.3,0.7,0.4,1014.38,1015.2,1016.7,1015.53,3.0,1.72,14.0,0.3,0.7,0.4,0.3,1.0,5.8,3.0,3.0,4.4,14.0,0.3,0.7,0.4,-23.6,-18.3,-16.6,-20.0,3.0,5.3,14.0,0.3,0.7,0.4,-9.0,-5.7,-1.8,-5.4,3.0,5.3,14.0,0.3,0.7,0.4,1.09,2.15,3.21,2.15,2.0,2.19,18.0,0.0,0.6,0.3,4.8,9.7,14.7,9.7,2.0,10.3,18.0,0.0,0.6,0.3,4.75,5.73,6.71,5.73,2.0,2.03,18.0,0.0,0.6,0.3,21.3,24.6,27.9,24.6,2.0,6.8,18.0,0.0,0.6,0.3,-121.1,-96.3,-89.9,-105.3,3.0,24.2,14.0,0.3,0.7,0.4,-45.4,-35.1,-11.1,-28.4,3.0,25.7,14.0,0.3,0.7,0.4,-87.4,-63.7,-55.2,-71.1,3.0,24.4,14.0,0.3,0.7,0.4,-31.0,-18.6,-5.9,-18.5,3.0,18.4,14.0,0.3,0.7,0.4,-26.0,-22.4,-18.8,-22.4,2.0,7.4,18.0,0.0,0.6,0.3,-10.0,-10.0,-9.9,-10.0,2.0,0.1,18.0,0.0,0.6,0.3,78.0,97.5,121.5,99.5,3.0,32.0,14.0,0.3,0.7,0.4,80.0,95.0,120.0,100.0,3.0,30.0,14.0,0.3,0.7,0.4
1974,2,275.0,17.0,26.58,26.75,26.92,26.75,2.0,0.35,12.0,0.5,0.8,0.1,25.73,26.0,26.0,25.87,3.0,0.23,10.0,0.7,0.7,0.3,15.96,17.29,18.61,17.29,2.0,2.74,6.0,0.5,0.7,0.3,77.9,83.6,89.3,83.6,2.0,11.8,6.0,0.5,0.3,4.58,5.9,7.75,6.15,4.0,2.01,8.0,0.5,0.8,0.4,-7.05,-5.45,-4.54,-5.78,4.0,1.75,8.0,0.5,0.8,0.4,-1.56,0.36,2.09,0.27,4.0,2.6,8.0,0.5,0.8,0.4,1013.05,1015.65,1016.52,1014.83,4.0,2.64,8.0,0.5,0.8,0.4,1.0,2.5,4.5,2.8,4.0,2.1,8.0,0.5,0.8,0.4,-55.8,-32.4,-21.1,-38.1,4.0,23.8,8.0,0.5,0.8,0.4,-13.6,1.5,13.1,-0.1,4.0,19.9,8.0,0.5,0.8,0.4,0.92,0.95,0.98,0.95,2.0,0.07,12.0,0.5,0.8,0.1,4.5,6.2,7.9,6.2,2.0,3.5,12.0,0.5,0.8,0.1,6.24,6.24,6.24,6.24,1.0,0.0,10.0,0.0,1.0,0.2,25.6,25.6,25.6,25.6,1.0,0.0,10.0,0.0,1.0,0.2,-187.2,-132.6,-112.6,-149.5,3.0,56.5,10.0,0.7,0.7,0.3,-52.8,0.0,12.4,-19.7,3.0,50.8,10.0,0.7,0.7,0.3,-92.3,-80.0,-67.7,-80.0,2.0,25.5,6.0,0.5,0.7,0.3,1.7,5.5,9.2,5.5,2.0,7.7,6.0,0.5,0.7,0.3,-25.2,-25.2,-25.2,-25.2,1.0,0.0,10.0,0.0,1.0,0.2,4.4,4.4,4.4,4.4,1.0,0.0,10.0,0.0,1.0,0.2,99.5,216.5,488.0,290.0,4.0,264.5,8.0,0.5,0.8,0.4,100.0,215.0,490.0,290.0,4.0,265.0,8.0,0.5,0.8,0.4
1974,2,275.0,18.0,25.98,26.8,27.62,26.8,2.0,1.7,18.0,1.0,1.0,0.6,21.44,22.4,23.36,22.4,2.0,1.98,18.0,1.0,0.8,0.6,14.14,14.26,14.39,14.26,2.0,0.26,18.0,1.0,0.8,0.6,81.2,85.2,89.3,85.2,2.0,8.4,18.0,1.0,0.6,1.97,6.2,7.57,4.8,3.0,4.28,20.0,1.0,0.8,0.6,-4.56,-2.8,-0.89,-2.72,3.0,2.69,20.0,1.0,0.8,0.6,-6.24,-3.1,-0.98,-3.6,3.0,3.88,20.0,1.0,0.8,0.6,1012.98,1014.0,1017.82,1015.37,3.0,3.74,20.0,1.0,0.8,0.6,4.3,7.0,7.7,6.0,3.0,2.6,20.0,1.0,0.8,0.6,-30.0,-23.0,-7.3,-18.8,3.0,17.0,20.0,1.0,0.8,0.6,-49.2,-19.2,-6.1,-27.5,3.0,32.4,20.0,1.0,0.8,0.6,1.8,1.8,1.8,1.8,1.0,0.0,10.0,1.0,0.9,0.6,14.8,14.8,14.8,14.8,1.0,0.0,10.0,1.0,0.9,0.6,5.92,5.92,5.92,5.92,1.0,0.0,10.0,1.0,0.9,0.6,48.6,48.6,48.6,48.6,1.0,0.0,10.0,1.0,0.9,0.6,-105.5,-89.8,-74.0,-89.8,2.0,32.5,18.0,1.0,0.8,0.6,-164.6,-124.2,-83.9,-124.2,2.0,83.6,18.0,1.0,0.8,0.6,-70.0,-58.1,-46.1,-58.1,2.0,24.8,18.0,1.0,0.8,0.6,-100.6,-77.5,-54.4,-77.5,2.0,47.9,18.0,1.0,0.8,0.6,-16.6,-16.6,-16.6,-16.6,1.0,0.0,10.0,1.0,0.9,0.6,-45.6,-45.6,-45.6,-45.6,1.0,0.0,10.0,1.0,0.9,0.6,75.5,238.5,452.0,263.0,3.0,276.5,20.0,1.0,0.8,0.6,75.0,240.0,450.0,265.0,3.0,275.0,20.0,1.0,0.8,0.6
1974,2,275.0,19.0,24.22,26.6,26.7,26.09,18.0,1.5,16.0,0.5,0.8,0.5,21.7,24.5,26.61,24.32,19.0,2.41,16.0,0.5,0.8,0.5,10.75,14.85,17.32,14.27,17.0,3.01,16.0,0.5,0.8,0.5,64.2,73.5,84.2,74.6,17.0,9.8,16.0,0.5,0.5,4.8,6.95,11.09,7.17,18.0,3.57,14.0,0.5,0.8,0.4,-6.98,-4.87,-1.56,-4.77,18.0,3.16,14.0,0.5,0.8,0.4,-7.98,-2.34,1.92,-2.76,18.0,5.0,14.0,0.5,0.8,0.4,1013.0,1018.0,1020.03,1016.84,19.0,3.64,16.0,0.5,0.8,0.5,0.0,3.0,6.0,3.1,19.0,2.6,16.0,0.5,0.8,0.5,-62.0,-31.4,-11.0,-41.0,18.0,39.0,14.0,0.5,0.8,0.4,-71.5,-13.1,9.8,-30.0,18.0,53.8,14.0,0.5,0.8,0.4,-1.13,1.65,4.44,1.77,18.0,2.4,16.0,0.5,0.8,0.5,-8.5,9.9,34.6,14.7,17.0,25.8,16.0,0.5,0.8,0.5,3.63,7.44,10.44,7.02,16.0,3.28,16.0,0.5,0.7,0.5,20.9,46.9,89.7,55.8,15.0,42.6,16.0,0.5,0.8,0.5,-181.2,-122.2,-35.8,-114.4,18.0,70.7,14.0,0.5,0.8,0.4,-190.7,-60.9,47.3,-63.5,18.0,119.1,14.0,0.5,0.8,0.4,-95.9,-76.9,-54.3,-72.9,16.0,31.9,14.0,0.5,0.8,0.5,-98.2,-37.2,36.2,-33.4,16.0,75.8,14.0,0.5,0.8,0.5,-58.7,-42.5,-10.1,-40.9,15.0,37.7,16.0,0.5,0.8,0.5,-56.6,-15.5,12.1,-24.3,15.0,36.0,16.0,0.5,0.8,0.5,113.5,347.5,1411.0,627.5,18.0,745.0,14.0,0.5,0.8,0.4,115.0,345.0,1410.0,630.0,18.0,745.0,14.0,0.5,0.8,0.4
1974,2,275.0,20.0,24.56,26.2,26.7,25.91,25.0,1.14,10.0,0.4,0.5,0.5,22.73,25.0,25.77,24.52,28.0,2.05,12.0,0.4,0.5,0.5,13.61,14.65,16.49,14.52,26.0,2.29,10.0,0.4,0.5,0.5,67.3,75.9,81.5,74.9,26.0,8.8,10.0,0.4,0.5,2.66,5.1,8.2,5.86,27.0,3.76,12.0,0.4,0.5,0.5,-4.99,-2.68,0.7,-2.56,27.0,3.27,12.0,0.4,0.5,0.5,-4.9,0.0,4.23,-0.46,27.0,5.67,12.0,0.4,0.5,0.5,1012.76,1015.0,1017.32,1015.38,28.0,3.07,12.0,0.4,0.5,0.5,1.0,2.0,5.7,3.0,27.0,2.4,12.0,0.4,0.5,0.5,-32.7,-16.6,2.0,-14.6,27.0,31.0,12.0,0.4,0.5,0.5,-39.1,0.0,20.8,-15.9,27.0,71.1,12.0,0.4,0.5,0.5,-0.21,0.7,2.8,1.22,25.0,2.15,10.0,0.4,0.5,0.5,-2.1,3.1,15.9,9.9,24.0,26.3,10.0,0.4,0.5,0.5,4.11,6.4,8.58,6.35,25.0,2.63,10.0,0.4,0.5,0.5,11.6,31.4,53.2,38.3,24.0,35.4,10.0,0.4,0.5,0.5,-122.6,-70.3,17.6,-63.9,27.0,78.5,12.0,0.4,0.5,0.5,-104.1,0.0,106.3,-2.6,27.0,128.0,12.0,0.4,0.5,0.5,-74.6,-48.4,2.5,-38.6,25.0,46.9,10.0,0.4,0.5,0.5,-33.3,0.0,68.7,4.9,25.0,71.3,10.0,0.4,0.5,0.5,-31.2,-15.3,0.5,-15.8,24.0,27.0,10.0,0.4,0.5,0.5,-24.9,1.0,23.6,-6.4,24.0,41.8,10.0,0.4,0.5,0.5,19.0,132.5,551.5,500.0,27.0,1059.5,12.0,0.4,0.5,0.5,20.0,135.0,550.0,500.0,27.0,1060.0,12.0,0.4,0.5,0.5
1974,2,275.0,21.0,24.4,26.0,27.5,26.02,52.0,1.3,16.0,0.4,0.6,0.4,21.05,25.0,26.22,24.09,53.0,2.39,16.0,0.4,0.6,0.4,9.89,15.03,17.03,14.14,47.0,3.21,16.0,0.4,0.5,0.4,62.5,77.1,83.2,74.1,47.0,10.2,16.0,0.4,0.4,4.1,6.2,8.97,6.65,52.0,2.73,16.0,0.4,0.6,0.4,-6.66,-4.45,-1.3,-4.13,52.0,3.33,16.0,0.4,0.6,0.4,-5.1,-1.17,3.48,-1.27,52.0,4.73,16.0,0.4,0.6,0.4,1013.93,1017.0,1022.12,1017.32,53.0,3.87,16.0,0.4,0.6,0.4,2.8,4.0,7.0,4.4,50.0,2.1,16.0,0.4,0.6,0.4,-57.5,-27.4,-3.7,-31.7,52.0,34.9,16.0,0.4,0.6,0.4,-36.0,-5.1,19.2,-11.2,52.0,47.7,16.0,0.4,0.6,0.4,0.1,1.5,3.95,1.93,52.0,2.12,16.0,0.4,0.6,0.4,0.3,7.4,30.9,14.5,52.0,20.5,16.0,0.4,0.6,0.4,3.86,6.77,9.73,6.91,47.0,2.82,16.0,0.4,0.5,0.4,18.2,43.1,67.8,47.6,47.0,32.3,16.0,0.4,0.5,0.4,-159.1,-109.7,-29.6,-98.4,52.0,81.3,16.0,0.4,0.6,0.4,-122.3,-26.0,89.0,-24.2,52.0,110.8,16.0,0.4,0.6,0.4,-97.0,-49.9,-3.5,-52.9,47.0,50.7,16.0,0.4,0.5,0.4,-65.4,-13.0,58.1,-9.9,47.0,67.2,16.0,0.4,0.5,0.4,-50.7,-23.4,-1.5,-28.2,47.0,29.9,16.0,0.4,0.5,0.4,-37.5,-6.1,23.0,-11.3,47.0,39.1,16.0,0.4,0.5,0.4,69.0,238.5,722.5,456.0,52.0,651.0,16.0,0.4,0.6,0.4,70.0,240.0,720.0,455.0,52.0,650.0,16.0,0.4,0.6,0.4
1974,2,275.0,22.0,23.94,25.7,26.0,25.18,16.0,1.16,16.0,0.1,0.6,0.5,21.99,24.9,26.0,24.22,16.0,2.07,16.0,0.1,0.6,0.5,10.58,14.11,15.75,13.62,12.0,2.42,18.0,0.2,0.6,0.5,67.4,72.0,79.0,74.2,12.0,7.7,18.0,0.2,0.5,3.98,4.8,7.89,5.79,16.0,2.55,16.0,0.1,0.6,0.5,-6.08,-3.52,-0.24,-2.27,16.0,4.99,16.0,0.1,0.6,0.5,-1.26,1.92,4.03,1.61,16.0,3.01,16.0,0.1,0.6,0.5,1011.15,1015.9,1022.62,1016.16,16.0,5.1,16.0,0.1,0.6,0.5,1.2,3.0,6.0,3.5,15.0,2.5,16.0,0.1,0.6,0.5,-41.6,-16.2,-0.9,-8.0,16.0,46.5,16.0,0.1,0.6,0.5,-8.1,7.9,17.5,10.2,16.0,29.1,16.0,0.1,0.6,0.5,-1.06,0.8,2.7,0.96,16.0,2.19,16.0,0.1,0.6,0.5,-7.4,3.3,16.7,4.3,16.0,13.4,16.0,0.1,0.6,0.5,4.05,5.54,7.87,6.15,12.0,2.46,18.0,0.2,0.6,0.5,18.1,32.6,53.1,33.8,12.0,15.6,18.0,0.2,0.6,0.5,-147.5,-80.2,-5.9,-50.3,16.0,123.7,16.0,0.1,0.6,0.5,-30.2,49.4,100.4,41.3,16.0,74.7,16.0,0.1,0.6,0.5,-86.0,-50.3,-7.1,-42.1,12.0,62.2,18.0,0.2,0.6,0.5,-23.7,9.8,44.0,11.7,12.0,36.1,18.0,0.2,0.6,0.5,-43.2,-24.9,-2.4,-22.0,12.0,24.7,18.0,0.2,0.6,0.5,-9.3,2.1,22.7,4.5,12.0,18.3,18.0,0.2,0.6,0.5,66.0,111.0,491.0,320.0,16.0,518.0,16.0,0.1,0.6,0.5,65.0,110.0,490.0,320.0,16.0,520.0,16.0,0.1,0.6,0.5
1974,2,275.0,23.0,25.13,26.0,27.37,26.3,9.0,1.18,10.0,0.7,0.6,0.4,18.81,24.9,26.58,23.01,9.0,3.98,10.0,0.6,0.5,0.4,10.39,13.63,15.6,13.57,7.0,4.19,8.0,0.6,0.6,0.5,63.3,68.5,92.4,74.0,7.0,16.1,8.0,0.6,0.5,5.36,7.45,11.16,7.97,10.0,3.12,10.0,0.6,0.6,0.4,-7.39,-4.55,-2.78,-4.83,10.0,2.94,10.0,0.6,0.6,0.4,-9.05,-1.68,1.86,-3.0,10.0,5.98,10.0,0.6,0.6,0.4,1015.04,1017.05,1023.3,1018.66,10.0,3.81,10.0,0.6,0.6,0.4,1.0,3.0,6.0,3.2,10.0,2.4,10.0,0.6,0.6,0.4,-58.2,-30.9,-17.4,-39.5,10.0,34.4,10.0,0.6,0.6,0.4,-86.8,-8.8,12.3,-36.3,10.0,65.9,10.0,0.6,0.6,0.4,-0.2,1.8,5.97,2.58,8.0,3.29,8.0,0.6,0.6,0.4,-2.3,11.0,29.8,15.1,8.0,24.4,8.0,0.6,0.6,0.4,4.24,7.77,13.63,8.21,7.0,4.55,8.0,0.6,0.6,0.5,15.7,52.1,71.6,51.7,7.0,33.7,8.0,0.6,0.6,0.5,-143.2,-106.4,-46.3,-103.5,9.0,66.1,10.0,0.6,0.5,0.4,-194.0,-25.9,46.4,-48.7,9.0,132.4,10.0,0.6,0.5,0.4,-72.3,-65.4,-48.2,-55.4,7.0,26.5,8.0,0.6,0.6,0.5,-64.4,-18.9,27.4,-26.0,7.0,87.5,8.0,0.6,0.6,0.5,-51.2,-33.5,-4.7,-30.0,7.0,24.4,8.0,0.6,0.6,0.5,-19.7,-5.4,24.5,-9.2,7.0,50.1,8.0,0.6,0.6,0.5,155.0,426.0,1407.5,725.5,10.0,771.5,10.0,0.6,0.6,0.4,155.0,425.0,1405.0,725.0,10.0,770.0,10.0,0.6,0.6,0.4
1974,2,275.0,24.0,23.07,25.4,26.78,24.91,34.0,2.06,16.0,0.4,0.8,0.8,17.0,22.05,24.29,20.61,34.0,3.7,16.0,0.3,0.8,0.8,7.66,11.97,15.01,11.62,31.0,3.28,16.0,0.4,0.8,0.8,63.4,72.6,87.1,73.3,31.0,11.7,16.0,0.4,0.8,4.1,7.7,11.1,7.82,35.0,3.08,16.0,0.3,0.8,0.8,-8.85,-3.1,1.79,-3.35,35.0,4.7,16.0,0.3,0.8,0.8,-7.99,-2.55,3.59,-2.31,35.0,5.77,16.0,0.3,0.8,0.8,1014.36,1019.6,1025.08,1019.54,35.0,4.86,16.0,0.3,0.8,0.8,2.0,4.0,7.0,4.4,34.0,2.5,16.0,0.3,0.8,0.8,-84.4,-24.2,7.1,-31.4,35.0,47.0,16.0,0.3,0.8,0.8,-78.4,-13.0,28.1,-26.4,35.0,59.9,16.0,0.3,0.8,0.8,0.42,4.4,8.28,4.12,33.0,3.58,16.0,0.3,0.8,0.8,2.6,24.6,69.3,35.5,33.0,39.2,16.0,0.3,0.8,0.8,4.63,8.21,11.68,8.07,31.0,3.73,16.0,0.4,0.8,0.8,25.3,58.1,100.7,63.8,31.0,42.7,16.0,0.4,0.8,0.8,-183.7,-63.0,35.5,-67.8,34.0,97.2,16.0,0.3,0.8,0.8,-160.2,-61.7,95.9,-34.1,34.0,111.4,16.0,0.3,0.8,0.8,-113.1,-47.8,14.5,-43.6,31.0,56.6,16.0,0.4,0.8,0.8,-69.0,0.0,64.9,-6.6,31.0,58.8,16.0,0.4,0.8,0.8,-58.2,-23.2,9.2,-22.9,31.0,39.7,16.0,0.4,0.8,0.8,-71.2,0.0,26.2,-25.9,31.0,56.7,16.0,0.4,0.8,0.8,69.0,456.5,1370.5,695.5,35.0,662.5,16.0,0.3,0.8,0.8,70.0,455.0,1370.0,695.0,35.0,665.0,16.0,0.3,0.8,0.8
1974,2,275.0,25.0,22.69,23.85,26.0,24.02,76.0,1.7,14.0,0.3,0.5,0.3,19.24,22.0,24.0,21.65,79.0,3.03,14.0,0.3,0.5,0.3,8.69,11.55,15.23,11.98,75.0,2.87,14.0,0.3,0.5,0.3,60.6,74.3,86.2,73.3,75.0,11.7,14.0,0.3,0.3,5.1,7.7,10.61,7.57,79.0,3.35,14.0,0.3,0.5,0.3,-7.66,-3.85,2.71,-2.86,79.0,4.66,14.0,0.3,0.5,0.3,-7.52,0.0,4.67,-1.28,79.0,6.13,14.0,0.3,0.5,0.3,1013.9,1018.8,1023.65,1018.89,79.0,4.6,14.0,0.3,0.5,0.3,1.0,3.0,7.6,3.8,79.0,2.8,14.0,0.3,0.5,0.3,-59.3,-19.9,17.6,-22.3,79.0,50.6,14.0,0.3,0.5,0.3,-63.2,0.0,25.5,-16.7,79.0,71.6,14.0,0.3,0.5,0.3,-0.21,2.4,5.14,2.39,76.0,3.22,14.0,0.3,0.5,0.3,-1.6,13.1,41.7,20.6,76.0,30.0,14.0,0.3,0.5,0.3,3.01,6.86,9.71,6.75,73.0,3.04,14.0,0.3,0.5,0.3,17.9,44.4,87.8,52.1,73.0,34.4,14.0,0.3,0.5,0.3,-154.7,-78.7,52.0,-60.0,79.0,100.2,14.0,0.3,0.5,0.3,-153.8,0.0,111.5,-17.6,79.0,129.9,14.0,0.3,0.5,0.3,-83.7,-43.5,26.7,-31.4,75.0,57.4,14.0,0.3,0.5,0.3,-79.8,0.0,73.6,-3.9,75.0,73.5,14.0,0.3,0.5,0.3,-57.2,-22.5,11.8,-22.5,73.0,37.3,14.0,0.3,0.5,0.3,-56.0,-10.4,27.4,-14.9,73.0,42.5,14.0,0.3,0.5,0.3,132.5,456.5,1196.5,713.5,79.0,990.5,14.0,0.3,0.5,0.3,135.0,455.0,1195.0,715.0,79.0,990.0,14.0,0.3,0.5,0.3
1974,2,275.0,26.0,21.41,21.7,23.88,22.53,8.0,1.56,16.0,0.1,0.5,0.3,19.01,20.25,21.57,20.09,8.0,1.88,16.0,0.1,0.5,0.3,9.9,10.85,12.82,11.08,8.0,2.11,16.0,0.1,0.5,0.3,68.8,75.2,82.7,75.6,8.0,7.5,16.0,0.1,0.3,2.88,6.45,7.14,5.6,8.0,2.0,16.0,0.1,0.5,0.3,-3.19,-0.7,2.32,-0.55,8.0,3.05,16.0,0.1,0.5,0.3,-6.66,-4.37,3.37,-2.72,8.0,4.66,16.0,0.1,0.5,0.3,1016.56,1020.5,1022.27,1019.69,8.0,3.86,16.0,0.1,0.5,0.3,2.0,7.0,7.9,5.1,8.0,3.2,16.0,0.1,0.5,0.3,-16.6,-2.0,16.6,-1.3,8.0,19.5,16.0,0.1,0.5,0.3,-48.2,-24.3,17.5,-18.8,8.0,31.5,16.0,0.1,0.5,0.3,0.67,2.2,4.44,2.44,8.0,1.79,16.0,0.1,0.5,0.3,3.7,12.8,26.6,13.9,8.0,10.4,16.0,0.1,0.5,0.3,4.8,5.74,7.2,5.88,8.0,1.5,16.0,0.1,0.5,0.3,21.7,30.0,44.3,32.1,8.0,12.6,16.0,0.1,0.5,0.3,-67.4,-14.3,49.1,-10.2,8.0,63.4,16.0,0.1,0.5,0.3,-142.1,-80.2,66.6,-55.0,8.0,95.7,16.0,0.1,0.5,0.3,-33.9,-8.7,29.8,-4.0,8.0,37.1,16.0,0.1,0.5,0.3,-85.7,-41.7,35.7,-32.6,8.0,55.6,16.0,0.1,0.5,0.3,-17.3,-2.0,13.0,-3.7,8.0,17.9,16.0,0.1,0.5,0.3,-38.5,-21.7,18.6,-14.4,8.0,27.7,16.0,0.1,0.5,0.3,30.5,269.5,365.0,229.5,8.0,161.0,16.0,0.1,0.5,0.3,30.0,270.0,365.0,230.0,8.0,160.0,16.0,0.1,0.5,0.3
1974,2,275.0,27.0,21.13,22.0,23.14,21.96,9.0,1.01,14.0,0.4,0.5,0.6,17.56,22.5,25.8,21.58,9.0,4.11,14.0,0.4,0.5,0.6,7.98,15.88,20.25,14.78,7.0,5.7,12.0,0.6,0.5,0.6,67.1,89.8,98.2,84.4,7.0,14.4,12.0,0.6,0.6,5.1,9.3,10.67,8.06,9.0,3.53,14.0,0.4,0.5,0.6,-5.15,1.88,4.28,0.77,9.0,5.04,14.0,0.4,0.5,0.6,-8.52,3.28,7.37,0.57,9.0,7.68,14.0,0.4,0.5,0.6,1013.5,1015.6,1020.4,1016.47,9.0,3.34,14.0,0.4,0.5,0.6,3.1,5.5,7.0,5.1,8.0,2.4,16.0,0.4,0.5,0.6,-48.9,19.9,47.0,4.9,9.0,46.5,14.0,0.4,0.5,0.6,-90.1,16.7,74.3,-4.0,9.0,83.5,14.0,0.4,0.5,0.6,-2.5,-0.5,3.16,0.38,9.0,3.58,14.0,0.4,0.5,0.6,-12.7,-4.6,32.3,11.9,9.0,37.5,14.0,0.4,0.5,0.6,-2.58,-0.29,6.98,1.81,7.0,5.03,12.0,0.6,0.5,0.6,-5.1,-2.7,76.4,29.1,7.0,54.4,12.0,0.6,0.5,0.6,-110.5,32.1,100.8,12.4,9.0,106.8,14.0,0.4,0.5,0.6,-141.7,84.6,158.4,33.2,9.0,142.5,14.0,0.4,0.5,0.6,-26.9,15.1,73.0,10.3,7.0,61.1,12.0,0.6,0.5,0.6,-76.6,61.0,87.0,31.0,7.0,85.5,12.0,0.6,0.5,0.6,-10.3,0.0,14.3,4.6,7.0,20.3,12.0,0.6,0.5,0.6,-75.0,-3.1,-1.8,-28.5,7.0,50.6,12.0,0.6,0.5,0.6,132.5,804.5,1214.5,770.0,9.0,679.0,14.0,0.4,0.5,0.6,135.0,805.0,1215.0,770.0,9.0,680.0,14.0,0.4,0.5,0.6
1974,2,275.0,28.0,22.2,22.2,22.2,22.2,1.0,0.0,10.0,1.0,1.0,0.7,24.4,24.4,24.4,24.4,1.0,0.0,10.0,1.0,1.0,0.7,6.15,6.15,6.15,6.15,1.0,0.0,10.0,1.0,1.0,0.7,32.8,32.8,32.8,32.8,1.0,0.0,10.0,1.0,0.7,12.9,12.9,12.9,12.9,1.0,0.0,10.0,1.0,1.0,0.7,4.41,4.41,4.41,4.41,1.0,0.0,10.0,1.0,1.0,0.7,-12.12,-12.12,-12.12,-12.12,1.0,0.0,10.0,1.0,1.0,0.7,1020.7,1020.7,1020.7,1020.7,1.0,0.0,10.0,1.0,1.0,0.7,5.0,5.0,5.0,5.0,1.0,0.0,10.0,1.0,1.0,0.7,56.9,56.9,56.9,56.9,1.0,0.0,10.0,1.0,1.0,0.7,-156.4,-156.4,-156.4,-156.4,1.0,0.0,10.0,1.0,1.0,0.7,-2.2,-2.2,-2.2,-2.2,1.0,0.0,10.0,1.0,1.0,0.7,-28.4,-28.4,-28.4,-28.4,1.0,0.0,10.0,1.0,1.0,0.7,10.39,10.39,10.39,10.39,1.0,0.0,10.0,1.0,1.0,0.7,134.0,134.0,134.0,134.0,1.0,0.0,10.0,1.0,1.0,0.7,107.7,107.7,107.7,107.7,1.0,0.0,10.0,1.0,1.0,0.7,-295.8,-295.8,-295.8,-295.8,1.0,0.0,10.0,1.0,1.0,0.7,27.1,27.1,27.1,27.1,1.0,0.0,10.0,1.0,1.0,0.7,-74.6,-74.6,-74.6,-74.6,1.0,0.0,10.0,1.0,1.0,0.7,45.8,45.8,45.8,45.8,1.0,0.0,10.0,1.0,1.0,0.7,-126.0,-126.0,-126.0,-126.0,1.0,0.0,10.0,1.0,1.0,0.7,2146.5,2146.5,2146.5,2146.5,1.0,0.0,10.0,1.0,1.0,0.7,2145.0,2145.0,2145.0,2145.0,1.0,0.0,10.0,1.0,1.0,0.7
1974,2,275.0,29.0,15.6,15.6,15.6,15.6,1.0,0.0,22.0,0.0,0.1,0.1,18.05,19.65,21.25,19.65,2.0,3.32,18.0,0.0,0.1,0.3,9.06,9.06,9.06,9.06,1.0,0.0,22.0,0.0,0.1,0.1,74.4,74.4,74.4,74.4,1.0,0.0,22.0,0.0,0.1,3.42,4.1,4.78,4.1,2.0,1.41,18.0,0.0,0.1,0.3,-4.47,-3.29,-2.1,-3.29,2.0,2.46,18.0,0.0,0.1,0.3,1.17,1.79,2.4,1.79,2.0,1.27,18.0,0.0,0.1,0.3,1014.57,1016.0,1017.43,1016.0,2.0,2.97,18.0,0.0,0.1,0.3,1.3,4.0,6.7,4.0,2.0,5.7,18.0,0.0,0.1,0.3,-22.3,-15.2,-8.1,-15.2,2.0,14.7,18.0,0.0,0.1,0.3,5.1,6.4,7.7,6.4,2.0,2.7,18.0,0.0,0.1,0.3,-1.7,-1.7,-1.7,-1.7,1.0,0.0,22.0,0.0,0.1,0.1,-8.7,-8.7,-8.7,-8.7,1.0,0.0,22.0,0.0,0.1,0.1,1.89,1.89,1.89,1.89,1.0,0.0,22.0,0.0,0.1,0.1,9.6,9.6,9.6,9.6,1.0,0.0,22.0,0.0,0.1,0.1,-78.5,-60.5,-42.5,-60.5,2.0,37.3,18.0,0.0,0.1,0.3,22.3,37.2,52.1,37.2,2.0,30.9,18.0,0.0,0.1,0.3,-45.5,-45.5,-45.5,-45.5,1.0,0.0,22.0,0.0,0.1,0.1,8.0,8.0,8.0,8.0,1.0,0.0,22.0,0.0,0.1,0.1,-9.5,-9.5,-9.5,-9.5,1.0,0.0,22.0,0.0,0.1,0.1,1.7,1.7,1.7,1.7,1.0,0.0,22.0,0.0,0.1,0.1,46.0,81.0,116.5,81.0,2.0,72.5,18.0,0.0,0.1,0.3,45.0,80.0,115.0,80.0,2.0,75.0,18.0,0.0,0.1,0.3
1974,2,276.0,-13.0,24.9,25.1,25.3,25.1,4.0,0.23,10.0,1.0,0.6,0.9,24.54,26.0,27.8,25.92,5.0,2.37,12.0,1.0,0.7,0.7,14.56,14.58,14.81,14.68,3.0,0.2,12.0,1.0,0.7,0.7,65.8,69.5,82.4,74.0,3.0,12.8,12.0,1.0,0.7,2.73,3.0,5.73,4.2,3.0,2.43,12.0,1.0,0.7,0.7,-3.48,-1.3,0.9,-1.29,3.0,3.21,12.0,1.0,0.7,0.7,2.27,2.3,4.39,3.3,3.0,1.78,12.0,1.0,0.7,0.7,1011.11,1012.0,1012.68,1011.9,3.0,1.15,12.0,1.0,0.7,0.7,3.0,3.0,4.8,4.0,5.0,2.2,12.0,1.0,0.7,0.7,-22.6,-3.4,2.9,-9.7,3.0,19.4,12.0,1.0,0.7,0.7,6.2,6.9,27.8,16.8,3.0,18.0,12.0,1.0,0.7,0.7,-2.9,-1.8,-0.7,-1.8,4.0,1.27,10.0,1.0,0.6,0.9,-17.4,-11.2,-5.0,-11.2,2.0,12.9,10.0,1.0,0.6,0.9,4.88,5.18,5.47,5.18,2.0,0.61,10.0,1.0,0.6,0.9,19.4,25.0,30.6,25.0,2.0,11.6,10.0,1.0,0.6,0.9,-94.5,-28.6,25.1,-34.5,3.0,87.8,12.0,1.0,0.7,0.7,52.8,59.8,120.7,86.1,3.0,54.8,12.0,1.0,0.7,0.7,-51.8,-18.9,13.2,-19.3,3.0,47.6,12.0,1.0,0.7,0.7,33.0,33.5,65.2,48.7,3.0,27.0,12.0,1.0,0.7,0.7,-16.2,-5.3,5.7,-5.3,2.0,22.7,10.0,1.0,0.6,0.9,14.9,19.2,23.5,19.2,2.0,8.9,10.0,1.0,0.6,0.9,20.5,27.0,242.5,129.0,3.0,185.0,12.0,1.0,0.7,0.7,20.0,25.0,245.0,130.0,3.0,185.0,12.0,1.0,0.7,0.7
1974,2,276.0,-9.0,,,,,,,,,,,,,,,,,,,,,,,,,,,,,,,,,,,,,,,,4.1,4.1,4.1,4.1,1.0,0.0,14.0,1.0,0.1,1.0,-1.4,-1.4,-1.4,-1.4,1.0,0.0,14.0,1.0,0.1,1.0,3.85,3.85,3.85,3.85,1.0,0.0,14.0,1.0,0.1,1.0,1012.5,1012.5,1012.5,1012.5,1.0,0.0,14.0,1.0,0.1,1.0,,,,,,,,,,,,,,,,,,,,,,,,,,,,,,,,,,,,,,,,,,,,,,,,,,,,,,,,,,,,,,,,,,,,,,,,,,,,,,,,,,,,,,,,,,,,,,,,,,,,,,,,,,,,,,,,,,,,,,,,,,,,,,,,,,,,,,,,,,,,,,,,,,,,,,
1974,2,276.0,-8.0,,,,,,,,,,,,,,,,,,,,,,,,,,,,,,,,,,,,,,,,3.1,3.1,3.1,3.1,1.0,0.0,16.0,0.0,0.1,0.1,-2.91,-2.91,-2.91,-2.91,1.0,0.0,16.0,0.0,0.1,0.1,1.06,1.06,1.06,1.06,1.0,0.0,16.0,0.0,0.1,0.1,1012.5,1012.5,1012.5,1012.5,1.0,0.0,16.0,0.0,0.1,0.1,,,,,,,,,,,,,,,,,,,,,,,,,,,,,,,,,,,,,,,,,,,,,,,,,,,,,,,,,,,,,,,,,,,,,,,,,,,,,,,,,,,,,,,,,,,,,,,,,,,,,,,,,,,,,,,,,,,,,,,,,,,,,,,,,,,,,,,,,,,,,,,,,,,,,,
1974,2,276.0,-3.0,22.44,22.8,24.52,23.28,6.0,1.14,18.0,0.7,0.6,0.6,22.92,23.6,24.28,23.6,2.0,1.41,16.0,0.5,0.4,1.0,16.36,16.86,17.37,16.86,2.0,1.05,16.0,0.5,0.4,1.0,91.3,92.4,93.6,92.4,2.0,2.3,16.0,0.5,1.0,2.89,3.6,5.1,3.77,6.0,1.21,18.0,0.7,0.6,0.6,-0.36,0.0,0.0,-0.29,6.0,0.71,18.0,0.7,0.6,0.6,2.89,3.6,4.86,3.72,6.0,1.15,18.0,0.7,0.6,0.6,1009.05,1011.0,1012.17,1010.7,6.0,1.95,18.0,0.7,0.6,0.6,2.0,3.5,6.4,4.2,6.0,2.6,18.0,0.7,0.6,0.6,-1.8,0.0,0.0,-1.5,6.0,3.6,18.0,0.7,0.6,0.6,8.5,13.2,24.8,15.1,6.0,8.8,18.0,0.7,0.6,0.6,0.23,0.3,0.37,0.3,2.0,0.14,16.0,0.5,0.4,1.0,0.9,0.9,1.0,0.9,2.0,0.1,16.0,0.5,0.4,1.0,1.4,1.76,2.11,1.76,2.0,0.74,16.0,0.5,0.4,1.0,5.0,5.5,6.1,5.5,2.0,1.1,16.0,0.5,0.4,1.0,0.0,0.0,0.0,0.0,2.0,0.0,16.0,0.5,0.4,1.0,61.8,83.5,105.2,83.5,2.0,45.0,16.0,0.5,0.4,1.0,0.0,0.0,0.0,0.0,2.0,0.0,16.0,0.5,0.4,1.0,44.1,59.6,75.0,59.6,2.0,32.0,16.0,0.5,0.4,1.0,0.0,0.0,0.0,0.0,2.0,0.0,16.0,0.5,0.4,1.0,5.0,5.5,6.1,5.5,2.0,1.1,16.0,0.5,0.4,1.0,25.5,49.5,132.5,67.0,6.0,54.5,18.0,0.7,0.6,0.6,25.0,50.0,135.0,65.0,6.0,55.0,18.0,0.7,0.6,0.6
1974,2,276.0,-2.0,24.9,24.9,24.9,24.9,1.0,0.0,6.0,1.0,0.8,0.5,24.8,24.8,24.8,24.8,1.0,0.0,6.0,1.0,0.8,0.5,16.11,16.11,16.11,16.11,1.0,0.0,6.0,1.0,0.8,0.5,82.4,82.4,82.4,82.4,1.0,0.0,6.0,1.0,0.5,5.1,5.1,5.1,5.1,1.0,0.0,6.0,1.0,0.8,0.5,1.74,1.74,1.74,1.74,1.0,0.0,6.0,1.0,0.8,0.5,4.79,4.79,4.79,4.79,1.0,0.0,6.0,1.0,0.8,0.5,1009.9,1009.9,1009.9,1009.9,1.0,0.0,6.0,1.0,0.8,0.5,3.0,3.0,3.0,3.0,1.0,0.0,6.0,1.0,0.8,0.5,8.9,8.9,8.9,8.9,1.0,0.0,6.0,1.0,0.8,0.5,24.4,24.4,24.4,24.4,1.0,0.0,6.0,1.0,0.8,0.5,0.1,0.1,0.1,0.1,1.0,0.0,6.0,1.0,0.8,0.5,0.5,0.5,0.5,0.5,1.0,0.0,6.0,1.0,0.8,0.5,3.6,3.6,3.6,3.6,1.0,0.0,6.0,1.0,0.8,0.5,18.4,18.4,18.4,18.4,1.0,0.0,6.0,1.0,0.8,0.5,43.3,43.3,43.3,43.3,1.0,0.0,6.0,1.0,0.8,0.5,118.9,118.9,118.9,118.9,1.0,0.0,6.0,1.0,0.8,0.5,28.1,28.1,28.1,28.1,1.0,0.0,6.0,1.0,0.8,0.5,77.2,77.2,77.2,77.2,1.0,0.0,6.0,1.0,0.8,0.5,6.3,6.3,6.3,6.3,1.0,0.0,6.0,1.0,0.8,0.5,17.3,17.3,17.3,17.3,1.0,0.0,6.0,1.0,0.8,0.5,132.5,132.5,132.5,132.5,1.0,0.0,6.0,1.0,0.8,0.5,135.0,135.0,135.0,135.0,1.0,0.0,6.0,1.0,0.8,0.5
1974,2,276.0,-1.0,,,,,,,,,,,,,,,,,,,,,,,,,,,,,,,,,,,,,,,,0.5,0.5,0.5,0.5,1.0,0.0,2.0,1.0,0.1,0.2,-0.09,-0.09,-0.09,-0.09,1.0,0.0,2.0,1.0,0.1,0.2,0.49,0.49,0.49,0.49,1.0,0.0,2.0,1.0,0.1,0.2,1010.6,1010.6,1010.6,1010.6,1.0,0.0,2.0,1.0,0.1,0.2,1.0,1.0,1.0,1.0,1.0,0.0,2.0,1.0,0.1,0.2,0.0,0.0,0.0,0.0,1.0,0.0,2.0,1.0,0.1,0.2,0.2,0.2,0.2,0.2,1.0,0.0,2.0,1.0,0.1,0.2,,,,,,,,,,,,,,,,,,,,,,,,,,,,,,,,,,,,,,,,,-1.8,-1.8,-1.8,-1.8,1.0,0.0,2.0,1.0,0.1,0.2,10.5,10.5,10.5,10.5,1.0,0.0,2.0,1.0,0.1,0.2,-1.3,-1.3,-1.3,-1.3,1.0,0.0,2.0,1.0,0.1,0.2,7.6,7.6,7.6,7.6,1.0,0.0,2.0,1.0,0.1,0.2,,,,,,,,,,,,,,,,,,,,,,,,,,,,,,,,,,,,,,,,
1974,2,276.0,1.0,,,,,,,,,,,,,,,,,,,,,,,,,,,,,,,,,,,,,,,,4.58,5.1,5.68,5.13,4.0,0.86,6.0,0.8,0.5,0.5,0.0,0.0,1.11,0.53,4.0,1.06,6.0,0.8,0.5,0.5,4.58,5.1,5.48,5.03,4.0,0.71,6.0,0.8,0.5,0.5,1008.1,1010.8,1012.04,1010.34,5.0,2.29,6.0,0.6,0.4,0.4,,,,,,,,,,,,,,,,,,,,,,,,,,,,,,,,,,,,,,,,,,,,,,,,,,,,,,,,,,,,,,,,,,,,,,,,,,,,,,,,,,,,,,,,,,,,,,,,,,,,,,,,,,,,,,,,,,,,,,,,,,,,,,,,,,,,,,,,,,,,,,,,,,,,,,
1974,2,276.0,2.0,26.9,27.8,28.38,27.76,5.0,1.02,6.0,0.6,0.5,0.4,24.53,25.6,26.59,25.64,5.0,1.68,6.0,0.6,0.5,0.4,17.74,17.97,18.2,17.97,2.0,0.48,6.0,0.5,0.6,0.7,88.3,93.0,97.8,93.0,2.0,9.8,6.0,0.5,0.7,1.76,3.1,4.96,3.35,4.0,2.18,6.0,0.5,0.5,0.5,-0.18,0.0,0.68,0.24,4.0,0.73,6.0,0.5,0.5,0.5,1.56,2.93,4.96,3.25,4.0,2.25,6.0,0.5,0.5,0.5,1009.1,1009.8,1011.47,1010.24,5.0,1.32,6.0,0.6,0.5,0.4,3.2,8.0,8.0,5.8,5.0,3.5,6.0,0.6,0.5,0.4,-0.2,0.0,1.8,0.8,4.0,1.8,6.0,0.5,0.5,0.5,3.3,9.4,26.3,14.5,4.0,16.7,6.0,0.5,0.5,0.5,0.64,1.9,3.91,2.12,5.0,1.89,6.0,0.6,0.5,0.4,1.1,7.8,13.3,7.3,4.0,7.3,6.0,0.5,0.5,0.5,5.59,6.6,7.62,6.6,2.0,2.1,6.0,0.5,0.6,0.7,9.7,13.3,16.8,13.3,2.0,7.3,6.0,0.5,0.6,0.7,-4.6,0.0,19.3,7.0,4.0,20.3,6.0,0.5,0.5,0.5,42.9,74.5,121.8,82.0,4.0,54.9,6.0,0.5,0.5,0.5,-5.1,-3.0,-1.0,-3.0,2.0,4.3,6.0,0.5,0.6,0.7,24.4,41.2,58.1,41.2,2.0,34.9,6.0,0.5,0.6,0.7,-2.3,-1.4,-0.4,-1.4,2.0,2.0,6.0,0.5,0.6,0.7,9.3,13.0,16.7,13.0,2.0,7.7,6.0,0.5,0.6,0.7,9.0,32.0,147.0,76.0,4.0,110.0,6.0,0.5,0.5,0.5,10.0,30.0,145.0,75.0,4.0,110.0,6.0,0.5,0.5,0.5
1974,2,276.0,3.0,26.73,27.5,28.17,27.39,9.0,0.96,14.0,0.7,0.4,0.5,24.85,25.6,26.97,25.79,9.0,1.34,14.0,0.7,0.4,0.5,16.44,16.79,18.64,17.04,7.0,1.38,16.0,0.6,0.4,0.6,69.4,82.4,88.4,81.0,7.0,9.5,16.0,0.6,0.6,1.47,4.1,6.59,4.0,10.0,2.67,14.0,0.7,0.4,0.5,-1.81,0.0,2.3,0.36,10.0,2.54,14.0,0.7,0.4,0.5,0.0,2.41,5.26,2.47,10.0,3.4,14.0,0.7,0.4,0.5,1008.56,1009.7,1011.71,1010.32,10.0,1.98,14.0,0.7,0.4,0.5,1.5,8.0,8.0,5.7,9.0,3.1,14.0,0.8,0.4,0.4,-4.2,0.0,12.4,3.9,10.0,15.1,14.0,0.7,0.4,0.5,0.0,9.2,35.6,15.3,10.0,24.6,14.0,0.7,0.4,0.5,-0.02,2.3,3.24,1.6,9.0,2.11,14.0,0.7,0.4,0.5,-1.5,4.8,24.1,8.3,9.0,13.4,14.0,0.7,0.4,0.5,3.81,6.53,7.83,6.01,7.0,2.04,16.0,0.6,0.4,0.6,8.1,13.7,38.4,20.9,7.0,20.7,16.0,0.6,0.4,0.6,-59.2,0.0,63.9,9.1,9.0,69.4,14.0,0.7,0.4,0.5,0.0,18.1,139.1,57.2,9.0,88.1,14.0,0.7,0.4,0.5,-44.5,0.0,49.3,6.5,7.0,52.7,16.0,0.6,0.4,0.6,-2.6,9.4,83.3,21.5,7.0,53.5,16.0,0.6,0.4,0.6,-10.9,0.0,14.1,2.1,7.0,21.0,16.0,0.6,0.4,0.6,-1.1,4.7,16.1,6.7,7.0,21.0,16.0,0.6,0.4,0.6,4.5,69.0,318.0,144.0,10.0,197.5,14.0,0.7,0.4,0.5,5.0,70.0,320.0,145.0,10.0,195.0,14.0,0.7,0.4,0.5
1974,2,276.0,4.0,26.46,26.8,28.92,27.49,7.0,1.45,14.0,0.3,0.5,0.2,26.02,27.0,27.9,26.91,8.0,1.23,14.0,0.3,0.5,0.2,16.45,17.65,18.03,17.37,6.0,0.94,14.0,0.3,0.4,0.2,76.9,80.7,84.2,80.0,6.0,5.1,14.0,0.3,0.2,0.0,2.6,4.1,2.21,7.0,1.69,16.0,0.3,0.6,0.1,-2.09,0.0,3.14,0.47,7.0,2.3,16.0,0.3,0.6,0.1,-0.02,0.36,2.64,1.03,7.0,1.34,16.0,0.3,0.6,0.1,1008.11,1009.35,1011.76,1009.68,8.0,1.58,14.0,0.3,0.5,0.2,1.1,4.5,7.0,4.3,8.0,3.1,14.0,0.3,0.5,0.2,-4.5,0.0,12.9,2.7,7.0,7.8,16.0,0.3,0.6,0.1,-0.1,0.8,10.8,3.8,7.0,5.2,16.0,0.3,0.6,0.1,-1.21,-0.4,2.91,0.59,7.0,1.93,14.0,0.3,0.5,0.2,-1.1,0.0,7.3,2.6,6.0,5.3,16.0,0.3,0.5,0.1,4.13,4.87,7.35,5.47,6.0,1.78,14.0,0.3,0.4,0.2,0.0,11.1,23.9,12.3,5.0,12.9,16.0,0.4,0.4,0.1,-56.5,0.0,78.7,11.9,7.0,60.7,16.0,0.3,0.6,0.1,-0.6,9.8,66.0,27.1,7.0,35.3,16.0,0.3,0.6,0.1,-16.5,0.0,53.6,12.6,5.0,42.1,16.0,0.4,0.4,0.1,-2.9,0.0,45.0,16.6,5.0,26.6,16.0,0.4,0.4,0.1,-4.0,0.0,18.3,5.5,5.0,13.5,16.0,0.4,0.4,0.1,-0.7,0.0,15.4,6.1,5.0,9.4,16.0,0.4,0.4,0.1,0.0,17.5,69.0,26.0,7.0,30.0,16.0,0.3,0.6,0.1,0.0,20.0,70.0,25.0,7.0,30.0,16.0,0.3,0.6,0.1
1974,2,276.0,5.0,27.26,27.4,27.54,27.4,2.0,0.28,18.0,0.0,0.7,0.8,27.45,27.55,27.65,27.55,2.0,0.21,18.0,0.0,0.7,0.8,17.13,18.27,19.42,18.27,2.0,2.37,18.0,0.0,0.7,0.8,74.1,79.4,84.8,79.4,2.0,11.1,18.0,0.0,0.8,1.25,1.8,2.35,1.8,2.0,1.13,18.0,0.0,0.7,0.8,-2.05,-0.96,0.13,-0.96,2.0,2.27,18.0,0.0,0.7,0.8,-0.72,-0.61,-0.5,-0.61,2.0,0.22,18.0,0.0,0.7,0.8,1009.93,1010.2,1011.02,1010.47,3.0,0.83,14.0,0.3,0.6,0.7,4.0,6.0,6.0,5.0,3.0,1.7,14.0,0.3,0.6,0.7,-5.5,-3.0,-0.5,-3.0,2.0,5.2,18.0,0.0,0.7,0.8,-1.1,-1.0,-0.8,-1.0,2.0,0.3,18.0,0.0,0.7,0.8,-0.18,-0.15,-0.12,-0.15,2.0,0.07,18.0,0.0,0.7,0.8,-0.5,-0.3,-0.2,-0.3,2.0,0.3,18.0,0.0,0.7,0.8,3.29,4.61,5.94,4.61,2.0,2.74,18.0,0.0,0.7,0.8,6.6,6.8,6.9,6.8,2.0,0.3,18.0,0.0,0.7,0.8,-56.2,-26.2,3.8,-26.2,2.0,62.2,18.0,0.0,0.7,0.8,-19.8,-16.8,-13.8,-16.8,2.0,6.3,18.0,0.0,0.7,0.8,-41.3,-20.2,0.9,-20.2,2.0,43.7,18.0,0.0,0.7,0.8,-12.1,-10.9,-9.6,-10.9,2.0,2.6,18.0,0.0,0.7,0.8,-5.1,-1.3,2.5,-1.3,2.0,7.8,18.0,0.0,0.7,0.8,-4.4,-3.1,-1.8,-3.1,2.0,2.7,18.0,0.0,0.7,0.8,3.5,9.5,15.0,9.5,2.0,11.5,18.0,0.0,0.7,0.8,5.0,10.0,15.0,10.0,2.0,10.0,18.0,0.0,0.7,0.8
1974,2,276.0,6.0,27.47,28.2,29.02,28.27,7.0,0.93,16.0,0.6,0.6,0.3,26.19,26.8,27.5,26.8,7.0,0.61,16.0,0.6,0.6,0.3,15.57,16.85,17.58,16.78,7.0,1.25,16.0,0.6,0.6,0.3,71.4,76.4,82.3,76.3,7.0,5.3,16.0,0.6,0.3,0.0,1.55,3.51,1.88,6.0,1.99,18.0,0.7,0.7,0.3,-1.65,0.0,0.43,-0.62,6.0,2.36,18.0,0.7,0.7,0.3,-0.64,0.18,0.69,-0.2,6.0,1.46,18.0,0.7,0.7,0.3,1009.54,1011.8,1012.51,1011.09,7.0,1.61,16.0,0.6,0.6,0.3,1.0,2.0,4.0,2.4,7.0,1.5,16.0,0.6,0.6,0.3,-5.9,0.0,0.9,-3.7,6.0,10.9,18.0,0.7,0.7,0.3,-2.0,0.3,1.5,-0.6,6.0,4.7,18.0,0.7,0.7,0.3,-0.1,1.7,3.01,1.47,7.0,1.42,16.0,0.6,0.6,0.3,-0.1,0.9,3.3,1.7,6.0,2.5,18.0,0.7,0.7,0.3,6.71,7.32,8.42,7.34,7.0,1.73,16.0,0.6,0.6,0.3,0.0,9.8,23.6,12.8,6.0,14.2,18.0,0.7,0.7,0.3,-44.6,0.0,11.1,-17.4,6.0,64.1,18.0,0.7,0.7,0.3,-17.7,4.7,18.5,-5.8,6.0,40.2,18.0,0.7,0.7,0.3,-27.3,0.0,6.7,-10.5,6.0,38.3,18.0,0.7,0.7,0.3,-12.1,2.8,11.6,-4.6,6.0,27.2,18.0,0.7,0.7,0.3,-11.9,0.0,4.1,-3.7,6.0,18.4,18.0,0.7,0.7,0.3,-2.6,1.7,5.0,0.3,6.0,6.8,18.0,0.7,0.7,0.3,0.0,5.0,51.0,29.0,6.0,52.0,18.0,0.7,0.7,0.3,0.0,5.0,50.0,30.0,6.0,50.0,18.0,0.7,0.7,0.3
1974,2,276.0,7.0,27.04,28.1,29.0,28.16,40.0,1.07,14.0,0.5,0.6,0.6,26.08,27.0,28.82,27.16,44.0,1.43,14.0,0.5,0.7,0.6,16.32,17.47,18.6,17.4,34.0,1.39,14.0,0.5,0.6,0.6,69.8,78.4,86.2,77.6,37.0,8.1,14.0,0.5,0.6,0.0,2.6,4.93,2.47,41.0,2.25,14.0,0.4,0.7,0.6,-0.53,0.72,3.42,1.07,41.0,2.39,14.0,0.4,0.7,0.6,-0.71,0.0,1.83,0.32,41.0,2.08,14.0,0.4,0.7,0.6,1007.84,1010.3,1011.2,1009.93,40.0,1.6,14.0,0.5,0.7,0.6,1.0,3.0,4.7,2.9,41.0,1.9,14.0,0.5,0.7,0.6,-0.5,1.5,12.9,3.9,41.0,13.9,14.0,0.4,0.7,0.6,-1.9,0.0,4.7,2.2,41.0,14.0,14.0,0.4,0.7,0.6,-0.5,1.25,2.18,0.97,40.0,1.4,14.0,0.5,0.6,0.6,-0.5,0.0,7.8,2.7,37.0,5.0,14.0,0.4,0.7,0.6,5.07,6.79,7.82,6.56,33.0,1.83,14.0,0.5,0.6,0.6,0.0,10.4,25.2,14.1,30.0,13.8,12.0,0.5,0.6,0.6,-15.7,18.9,91.8,28.9,41.0,63.9,14.0,0.4,0.7,0.6,-20.9,0.0,49.5,8.4,41.0,55.1,14.0,0.4,0.7,0.6,-16.0,0.0,49.7,13.3,31.0,39.4,12.0,0.5,0.7,0.6,-9.1,0.0,14.9,3.5,31.0,30.2,12.0,0.5,0.7,0.6,-6.5,1.6,18.4,5.1,30.0,15.7,12.0,0.5,0.6,0.6,-2.6,0.0,7.0,1.5,30.0,11.0,12.0,0.5,0.6,0.6,0.0,17.5,120.5,61.5,41.0,140.5,14.0,0.4,0.7,0.6,0.0,20.0,120.0,60.0,41.0,140.0,14.0,0.4,0.7,0.6
1974,2,276.0,8.0,26.7,27.8,29.04,27.62,25.0,1.47,12.0,0.4,0.5,0.2,26.0,26.85,28.31,26.89,26.0,1.25,12.0,0.4,0.5,0.2,15.85,17.35,18.01,17.09,23.0,1.41,12.0,0.4,0.5,0.2,73.1,79.1,85.0,77.7,23.0,7.3,12.0,0.4,0.2,0.0,2.6,5.1,2.58,25.0,1.78,12.0,0.4,0.4,0.2,0.0,1.5,3.31,1.54,25.0,2.39,12.0,0.4,0.4,0.2,0.0,0.0,1.99,0.72,25.0,1.15,12.0,0.4,0.4,0.2,1008.91,1010.0,1011.16,1009.97,27.0,1.23,12.0,0.4,0.4,0.2,1.0,3.0,6.9,3.3,27.0,2.5,12.0,0.4,0.4,0.2,0.0,3.3,12.0,5.8,25.0,12.2,12.0,0.4,0.4,0.2,0.0,0.0,6.2,2.5,25.0,3.9,12.0,0.4,0.4,0.2,-1.12,0.6,2.96,0.73,25.0,2.05,12.0,0.4,0.5,0.2,-1.6,1.8,7.9,2.8,23.0,7.2,12.0,0.4,0.5,0.2,3.86,6.94,8.39,6.19,23.0,2.67,12.0,0.4,0.5,0.2,0.2,18.6,31.3,17.5,21.0,13.8,12.0,0.4,0.4,0.2,0.0,48.5,96.5,43.6,24.0,65.2,12.0,0.4,0.5,0.2,0.0,6.5,53.2,19.9,24.0,31.1,12.0,0.4,0.5,0.2,0.0,37.6,74.1,32.0,21.0,43.3,12.0,0.4,0.4,0.2,0.0,0.0,36.4,13.5,21.0,21.6,12.0,0.4,0.4,0.2,0.0,14.2,21.7,11.7,21.0,16.9,12.0,0.4,0.4,0.2,0.0,0.0,11.5,4.9,21.0,7.4,12.0,0.4,0.4,0.2,0.0,17.5,132.5,41.5,25.0,61.5,12.0,0.4,0.4,0.2,0.0,20.0,135.0,40.0,25.0,60.0,12.0,0.4,0.4,0.2
1974,2,276.0,10.0,,,,,,,,,,,,,,,,,,,,,,,,,,,,,,,,,,,,,,,,7.7,7.7,7.7,7.7,1.0,0.0,16.0,1.0,0.8,0.9,-7.58,-7.58,-7.58,-7.58,1.0,0.0,16.0,1.0,0.8,0.9,-1.34,-1.34,-1.34,-1.34,1.0,0.0,16.0,1.0,0.8,0.9,1010.5,1010.5,1010.5,1010.5,1.0,0.0,16.0,1.0,0.8,0.9,,,,,,,,,,,,,,,,,,,,,,,,,,,,,,,,,,,,,,,,,,,,,,,,,,,,,,,,,,,,,,,,,,,,,,,,,,,,,,,,,,,,,,,,,,,,,,,,,,,,,,,,,,,,,,,,,,,,,,,,,,,,,,,,,,,,,,,,,,,,,,,,,,,,,,
1974,2,276.0,11.0,25.6,25.6,25.6,25.6,1.0,0.0,2.0,1.0,1.0,0.4,22.7,22.7,22.7,22.7,1.0,0.0,2.0,1.0,1.0,0.4,15.78,15.78,15.78,15.78,1.0,0.0,2.0,1.0,1.0,0.4,91.8,91.8,91.8,91.8,1.0,0.0,2.0,1.0,0.4,2.6,2.6,2.6,2.6,1.0,0.0,2.0,1.0,1.0,0.4,1.3,1.3,1.3,1.3,1.0,0.0,2.0,1.0,1.0,0.4,-2.25,-2.25,-2.25,-2.25,1.0,0.0,2.0,1.0,1.0,0.4,1012.5,1012.5,1012.5,1012.5,1.0,0.0,2.0,1.0,1.0,0.4,,,,,,,,,,,,,,,,,,,,,,,,,,,,,,,2.9,2.9,2.9,2.9,1.0,0.0,2.0,1.0,1.0,0.4,7.5,7.5,7.5,7.5,1.0,0.0,2.0,1.0,1.0,0.4,4.74,4.74,4.74,4.74,1.0,0.0,2.0,1.0,1.0,0.4,12.3,12.3,12.3,12.3,1.0,0.0,2.0,1.0,1.0,0.4,29.5,29.5,29.5,29.5,1.0,0.0,2.0,1.0,1.0,0.4,-51.1,-51.1,-51.1,-51.1,1.0,0.0,2.0,1.0,1.0,0.4,20.5,20.5,20.5,20.5,1.0,0.0,2.0,1.0,1.0,0.4,-35.5,-35.5,-35.5,-35.5,1.0,0.0,2.0,1.0,1.0,0.4,6.2,6.2,6.2,6.2,1.0,0.0,2.0,1.0,1.0,0.4,-10.7,-10.7,-10.7,-10.7,1.0,0.0,2.0,1.0,1.0,0.4,17.5,17.5,17.5,17.5,1.0,0.0,2.0,1.0,1.0,0.4,20.0,20.0,20.0,20.0,1.0,0.0,2.0,1.0,1.0,0.4
1974,2,276.0,12.0,24.4,24.4,24.4,24.4,1.0,0.0,6.0,1.0,0.1,0.7,26.1,26.1,26.1,26.1,1.0,0.0,6.0,1.0,0.1,0.7,15.88,15.88,15.88,15.88,1.0,0.0,6.0,1.0,0.1,0.7,75.3,75.3,75.3,75.3,1.0,0.0,6.0,1.0,0.7,0.0,0.0,0.0,0.0,1.0,0.0,6.0,1.0,0.1,0.7,0.0,0.0,0.0,0.0,1.0,0.0,6.0,1.0,0.1,0.7,0.0,0.0,0.0,0.0,1.0,0.0,6.0,1.0,0.1,0.7,1012.5,1012.5,1012.5,1012.5,1.0,0.0,6.0,1.0,0.1,0.7,3.0,3.0,3.0,3.0,1.0,0.0,6.0,1.0,0.1,0.7,0.0,0.0,0.0,0.0,1.0,0.0,6.0,1.0,0.1,0.7,0.0,0.0,0.0,0.0,1.0,0.0,6.0,1.0,0.1,0.7,-1.7,-1.7,-1.7,-1.7,1.0,0.0,6.0,1.0,0.1,0.7,0.0,0.0,0.0,0.0,1.0,0.0,6.0,1.0,0.1,0.7,3.2,3.2,3.2,3.2,1.0,0.0,6.0,1.0,0.1,0.7,0.0,0.0,0.0,0.0,1.0,0.0,6.0,1.0,0.1,0.7,0.0,0.0,0.0,0.0,1.0,0.0,6.0,1.0,0.1,0.7,0.0,0.0,0.0,0.0,1.0,0.0,6.0,1.0,0.1,0.7,0.0,0.0,0.0,0.0,1.0,0.0,6.0,1.0,0.1,0.7,0.0,0.0,0.0,0.0,1.0,0.0,6.0,1.0,0.1,0.7,0.0,0.0,0.0,0.0,1.0,0.0,6.0,1.0,0.1,0.7,0.0,0.0,0.0,0.0,1.0,0.0,6.0,1.0,0.1,0.7,0.0,0.0,0.0,0.0,1.0,0.0,6.0,1.0,0.1,0.7,0.0,0.0,0.0,0.0,1.0,0.0,6.0,1.0,0.1,0.7
1974,2,276.0,13.0,,,,,,,,,,,,,,,,,,,,,,,,,,,,,,,,,,,,,,,,6.2,6.2,6.2,6.2,1.0,0.0,2.0,0.0,1.0,0.2,-6.11,-6.11,-6.11,-6.11,1.0,0.0,2.0,0.0,1.0,0.2,-1.08,-1.08,-1.08,-1.08,1.0,0.0,2.0,0.0,1.0,0.2,1015.1,1015.1,1015.1,1015.1,1.0,0.0,2.0,0.0,1.0,0.2,5.0,5.0,5.0,5.0,1.0,0.0,2.0,0.0,1.0,0.2,-37.9,-37.9,-37.9,-37.9,1.0,0.0,2.0,0.0,1.0,0.2,-6.7,-6.7,-6.7,-6.7,1.0,0.0,2.0,0.0,1.0,0.2,,,,,,,,,,,,,,,,,,,,,,,,,,,,,,,,,,,,,,,,,-156.3,-156.3,-156.3,-156.3,1.0,0.0,2.0,0.0,1.0,0.2,-27.6,-27.6,-27.6,-27.6,1.0,0.0,2.0,0.0,1.0,0.2,-99.1,-99.1,-99.1,-99.1,1.0,0.0,2.0,0.0,1.0,0.2,-17.5,-17.5,-17.5,-17.5,1.0,0.0,2.0,0.0,1.0,0.2,,,,,,,,,,,,,,,,,,,,,,,,,,,,,,,,,,,,,,,,
1974,2,276.0,14.0,28.8,28.8,28.8,28.8,1.0,0.0,2.0,0.0,0.8,0.1,29.4,29.4,29.4,29.4,1.0,0.0,2.0,0.0,0.8,0.1,19.84,19.84,19.84,19.84,1.0,0.0,2.0,0.0,0.8,0.1,77.2,77.2,77.2,77.2,1.0,0.0,2.0,0.0,0.1,0.0,0.0,0.0,0.0,1.0,0.0,2.0,0.0,0.8,0.1,0.0,0.0,0.0,0.0,1.0,0.0,2.0,0.0,0.8,0.1,0.0,0.0,0.0,0.0,1.0,0.0,2.0,0.0,0.8,0.1,1009.8,1009.8,1009.8,1009.8,1.0,0.0,2.0,0.0,0.8,0.1,7.0,7.0,7.0,7.0,1.0,0.0,2.0,0.0,0.8,0.1,0.0,0.0,0.0,0.0,1.0,0.0,2.0,0.0,0.8,0.1,0.0,0.0,0.0,0.0,1.0,0.0,2.0,0.0,0.8,0.1,-0.6,-0.6,-0.6,-0.6,1.0,0.0,2.0,0.0,0.8,0.1,0.0,0.0,0.0,0.0,1.0,0.0,2.0,0.0,0.8,0.1,5.05,5.05,5.05,5.05,1.0,0.0,2.0,0.0,0.8,0.1,0.0,0.0,0.0,0.0,1.0,0.0,2.0,0.0,0.8,0.1,0.0,0.0,0.0,0.0,1.0,0.0,2.0,0.0,0.8,0.1,0.0,0.0,0.0,0.0,1.0,0.0,2.0,0.0,0.8,0.1,0.0,0.0,0.0,0.0,1.0,0.0,2.0,0.0,0.8,0.1,0.0,0.0,0.0,0.0,1.0,0.0,2.0,0.0,0.8,0.1,0.0,0.0,0.0,0.0,1.0,0.0,2.0,0.0,0.8,0.1,0.0,0.0,0.0,0.0,1.0,0.0,2.0,0.0,0.8,0.1,0.0,0.0,0.0,0.0,1.0,0.0,2.0,0.0,0.8,0.1,0.0,0.0,0.0,0.0,1.0,0.0,2.0,0.0,0.8,0.1
1974,2,276.0,15.0,,,,,,,,,,,,,,,,,,,,,,,,,,,,,,,,,,,,,,,,5.1,5.1,5.1,5.1,1.0,0.0,4.0,0.0,0.6,0.7,-5.1,-5.1,-5.1,-5.1,1.0,0.0,4.0,0.0,0.6,0.7,0.0,0.0,0.0,0.0,1.0,0.0,4.0,0.0,0.6,0.7,1014.0,1014.0,1014.0,1014.0,1.0,0.0,4.0,0.0,0.6,0.7,4.0,4.0,4.0,4.0,1.0,0.0,4.0,0.0,0.6,0.7,-26.0,-26.0,-26.0,-26.0,1.0,0.0,4.0,0.0,0.6,0.7,0.0,0.0,0.0,0.0,1.0,0.0,4.0,0.0,0.6,0.7,,,,,,,,,,,,,,,,,,,,,,,,,,,,,,,,,,,,,,,,,-132.6,-132.6,-132.6,-132.6,1.0,0.0,4.0,0.0,0.6,0.7,0.0,0.0,0.0,0.0,1.0,0.0,4.0,0.0,0.6,0.7,-98.3,-98.3,-98.3,-98.3,1.0,0.0,4.0,0.0,0.6,0.7,0.0,0.0,0.0,0.0,1.0,0.0,4.0,0.0,0.6,0.7,,,,,,,,,,,,,,,,,,,,,,,,,,,,,,,,,,,,,,,,
1974,2,276.0,17.0,25.0,25.6,26.12,25.66,7.0,0.57,16.0,0.3,0.9,0.6,24.0,25.2,26.09,25.36,7.0,1.33,16.0,0.3,0.9,0.6,13.81,15.48,16.14,14.91,5.0,1.97,18.0,0.4,0.9,0.6,66.4,74.3,80.1,73.4,5.0,8.1,18.0,0.4,0.6,5.08,7.2,8.3,7.04,7.0,1.95,16.0,0.3,0.9,0.6,-5.3,-5.1,-4.46,-4.81,7.0,0.88,16.0,0.3,0.9,0.6,-6.41,-5.37,0.04,-4.32,7.0,3.48,16.0,0.3,0.9,0.6,1012.99,1017.0,1019.01,1016.23,7.0,2.65,16.0,0.3,0.9,0.6,1.9,4.0,6.1,3.7,7.0,2.7,16.0,0.3,0.9,0.6,-45.8,-33.3,-20.8,-34.4,7.0,13.1,16.0,0.3,0.9,0.6,-53.4,-38.1,0.2,-35.8,7.0,32.3,16.0,0.3,0.9,0.6,-0.27,0.0,1.4,0.3,7.0,1.13,16.0,0.3,0.9,0.6,-1.6,0.0,11.3,2.2,7.0,8.6,16.0,0.3,0.9,0.6,4.44,5.29,7.06,5.69,5.0,1.97,18.0,0.4,0.9,0.6,24.0,32.8,51.0,37.6,5.0,20.4,18.0,0.4,0.9,0.6,-130.2,-123.1,-111.6,-122.1,7.0,24.9,16.0,0.3,0.9,0.6,-153.7,-137.6,1.0,-108.9,7.0,85.6,16.0,0.3,0.9,0.6,-87.7,-70.1,-55.6,-71.2,5.0,18.6,18.0,0.4,0.9,0.6,-79.7,-72.3,4.5,-44.0,5.0,46.1,18.0,0.4,0.9,0.6,-35.9,-27.9,-16.4,-27.3,5.0,12.0,18.0,0.4,0.9,0.6,-37.8,-25.5,1.8,-20.6,5.0,23.9,18.0,0.4,0.9,0.6,131.0,373.0,577.0,420.5,7.0,340.0,16.0,0.3,0.9,0.6,130.0,375.0,575.0,420.0,7.0,340.0,16.0,0.3,0.9,0.6
1974,2,276.0,18.0,24.67,26.3,26.7,25.98,29.0,1.35,14.0,0.6,0.7,0.4,22.98,24.4,26.28,24.61,29.0,1.63,14.0,0.6,0.7,0.5,12.39,15.3,16.73,15.06,27.0,2.3,12.0,0.6,0.7,0.5,69.7,75.6,82.8,77.4,27.0,8.0,12.0,0.6,0.5,4.54,6.2,7.98,6.04,29.0,2.52,14.0,0.6,0.7,0.4,-5.97,-4.79,-2.39,-4.01,29.0,2.73,14.0,0.6,0.7,0.4,-5.54,-1.74,2.52,-1.45,29.0,4.22,14.0,0.6,0.7,0.4,1013.54,1016.05,1018.76,1016.3,30.0,3.03,14.0,0.6,0.7,0.5,1.0,3.0,7.0,3.6,30.0,2.6,14.0,0.6,0.7,0.5,-40.7,-25.6,-6.7,-26.3,29.0,23.7,14.0,0.6,0.7,0.4,-38.4,-8.9,18.9,-13.7,29.0,39.7,14.0,0.6,0.7,0.4,-0.57,1.1,2.9,1.22,28.0,1.69,14.0,0.6,0.7,0.4,-4.0,4.7,17.9,8.0,28.0,13.8,14.0,0.6,0.7,0.4,3.89,5.58,8.33,5.99,27.0,2.34,12.0,0.6,0.7,0.5,15.6,31.7,53.1,38.1,27.0,26.7,12.0,0.6,0.7,0.5,-144.1,-124.4,-52.8,-99.8,28.0,68.0,14.0,0.6,0.7,0.4,-134.6,-33.1,69.0,-31.3,28.0,101.2,14.0,0.6,0.7,0.4,-88.8,-72.7,-31.6,-62.0,27.0,40.9,12.0,0.6,0.7,0.5,-76.3,-14.1,39.8,-14.0,27.0,58.4,12.0,0.6,0.7,0.5,-43.0,-26.8,-8.6,-24.3,27.0,17.2,12.0,0.6,0.7,0.5,-29.1,-7.3,9.4,-13.2,27.0,33.6,12.0,0.6,0.7,0.5,97.0,238.5,509.5,336.5,29.0,433.0,14.0,0.6,0.7,0.4,95.0,240.0,510.0,335.0,29.0,435.0,14.0,0.6,0.7,0.4
1974,2,276.0,19.0,25.0,25.9,26.7,25.97,14.0,0.84,14.0,0.6,0.4,0.4,23.19,25.35,26.06,24.81,16.0,1.56,14.0,0.6,0.4,0.4,13.31,15.88,16.72,15.37,14.0,2.3,14.0,0.6,0.4,0.4,74.3,76.7,84.9,77.4,14.0,9.0,14.0,0.6,0.4,3.1,5.1,10.3,6.48,15.0,3.65,14.0,0.5,0.4,0.4,-6.36,-4.04,-2.05,-4.1,15.0,2.73,14.0,0.5,0.4,0.4,-8.41,0.0,2.29,-1.89,15.0,5.38,14.0,0.5,0.4,0.4,1011.73,1015.1,1019.26,1015.2,16.0,3.7,14.0,0.6,0.4,0.4,2.0,3.5,7.0,4.1,16.0,2.6,14.0,0.6,0.4,0.4,-56.1,-24.4,-7.9,-31.7,15.0,29.1,14.0,0.5,0.4,0.4,-86.6,0.0,8.3,-25.1,15.0,57.6,14.0,0.5,0.4,0.4,-0.29,0.45,1.99,0.9,14.0,1.38,14.0,0.6,0.4,0.4,-1.5,0.9,17.8,6.5,14.0,13.2,14.0,0.6,0.4,0.4,3.01,5.78,8.09,5.58,14.0,2.52,14.0,0.6,0.4,0.4,13.8,28.4,64.5,36.6,14.0,32.5,14.0,0.6,0.4,0.4,-169.1,-92.7,-48.6,-102.1,15.0,68.7,14.0,0.5,0.4,0.4,-196.9,0.0,56.6,-40.4,15.0,123.9,14.0,0.5,0.4,0.4,-103.5,-55.3,-26.8,-62.4,14.0,44.5,14.0,0.6,0.4,0.4,-79.6,0.0,34.6,-10.8,14.0,63.1,14.0,0.6,0.4,0.4,-41.0,-17.4,-4.8,-21.9,14.0,18.1,14.0,0.6,0.4,0.4,-40.3,0.0,9.9,-13.2,14.0,38.3,14.0,0.6,0.4,0.4,30.0,132.5,1092.5,526.5,15.0,659.5,14.0,0.5,0.4,0.4,30.0,135.0,1095.0,525.0,15.0,660.0,14.0,0.5,0.4,0.4
1974,2,276.0,20.0,25.01,26.0,27.2,26.21,20.0,1.14,16.0,0.4,0.7,0.7,22.17,25.0,25.97,24.63,21.0,2.09,16.0,0.3,0.7,0.7,11.29,15.0,16.92,14.53,17.0,2.42,16.0,0.3,0.7,0.7,65.2,74.4,83.5,74.6,17.0,8.1,16.0,0.3,0.7,4.6,6.2,9.3,6.8,21.0,2.95,16.0,0.3,0.7,0.7,-6.2,-4.32,-2.64,-4.03,21.0,3.48,16.0,0.3,0.7,0.7,-6.73,0.0,2.59,-1.38,21.0,5.12,16.0,0.3,0.7,0.7,1013.5,1016.0,1019.76,1016.15,21.0,3.24,16.0,0.3,0.7,0.7,2.0,4.0,7.0,3.8,20.0,2.4,16.0,0.4,0.7,0.7,-40.7,-22.5,-13.3,-28.2,21.0,30.1,16.0,0.3,0.7,0.7,-51.0,0.0,11.9,-20.2,21.0,60.4,16.0,0.3,0.7,0.7,-0.49,1.0,3.1,1.55,20.0,1.92,16.0,0.4,0.7,0.7,-2.5,6.3,26.7,13.3,20.0,24.2,16.0,0.4,0.7,0.7,5.35,6.38,8.48,6.76,17.0,2.03,16.0,0.3,0.7,0.7,20.8,34.0,64.2,48.5,17.0,39.5,16.0,0.3,0.7,0.7,-160.7,-110.6,-55.2,-100.4,21.0,85.2,16.0,0.3,0.7,0.7,-153.9,0.0,64.0,-26.6,21.0,114.9,16.0,0.3,0.7,0.7,-88.0,-65.7,-28.6,-62.6,17.0,33.4,16.0,0.3,0.7,0.7,-51.4,0.0,44.8,-6.0,17.0,64.3,16.0,0.3,0.7,0.7,-42.5,-24.3,-17.3,-29.2,17.0,21.2,16.0,0.3,0.7,0.7,-33.0,0.0,17.9,-10.7,17.0,50.8,16.0,0.3,0.7,0.7,97.5,238.5,804.5,513.0,21.0,800.0,16.0,0.3,0.7,0.7,95.0,240.0,805.0,515.0,21.0,800.0,16.0,0.3,0.7,0.7
1974,2,276.0,21.0,24.3,26.15,27.8,25.88,12.0,1.73,14.0,0.4,0.5,0.1,24.0,25.25,26.2,25.36,12.0,1.5,12.0,0.5,0.5,0.1,14.74,16.48,16.85,16.23,10.0,1.39,14.0,0.4,0.4,0.2,70.9,81.5,85.3,79.5,10.0,7.1,14.0,0.4,0.2,2.96,6.7,10.49,7.12,13.0,3.72,14.0,0.5,0.5,0.1,-9.17,-5.13,-1.8,-5.13,13.0,3.93,14.0,0.5,0.5,0.1,-2.6,2.85,4.43,0.39,13.0,4.96,14.0,0.5,0.5,0.1,1012.9,1015.0,1017.13,1015.46,13.0,3.39,14.0,0.5,0.5,0.1,1.9,3.0,3.3,3.1,13.0,1.9,14.0,0.5,0.5,0.1,-96.7,-34.4,-4.7,-47.1,13.0,52.1,14.0,0.5,0.5,0.1,-13.5,16.2,51.9,5.3,13.0,47.5,14.0,0.5,0.5,0.1,-1.24,1.2,2.0,0.54,11.0,2.26,12.0,0.5,0.4,0.1,-8.0,5.2,12.4,2.9,11.0,21.9,12.0,0.5,0.4,0.1,2.66,4.4,7.55,4.86,10.0,2.36,14.0,0.4,0.4,0.2,15.4,26.3,54.1,35.6,10.0,26.1,14.0,0.4,0.4,0.2,-266.4,-128.9,-35.6,-133.1,12.0,109.2,12.0,0.5,0.5,0.1,-41.7,78.7,116.7,33.7,12.0,105.6,12.0,0.5,0.5,0.1,-173.4,-83.7,-29.2,-96.8,10.0,76.1,14.0,0.4,0.4,0.2,-16.1,59.9,79.0,31.1,10.0,69.6,14.0,0.4,0.4,0.2,-47.0,-20.4,-3.8,-26.5,10.0,28.2,14.0,0.4,0.4,0.2,-8.0,10.3,27.0,8.0,10.0,21.0,14.0,0.4,0.4,0.2,26.0,301.0,1166.0,636.5,13.0,719.0,14.0,0.5,0.5,0.1,25.0,300.0,1165.0,635.0,13.0,720.0,14.0,0.5,0.5,0.1
1974,2,276.0,22.0,23.31,24.4,25.49,24.4,2.0,2.26,10.0,0.0,0.1,0.8,20.81,22.35,23.89,22.35,2.0,3.18,10.0,0.0,0.1,0.8,9.84,9.84,9.84,9.84,1.0,0.0,14.0,0.0,0.1,0.7,67.9,67.9,67.9,67.9,1.0,0.0,14.0,0.0,0.7,2.98,5.1,7.22,5.1,2.0,4.38,10.0,0.0,0.1,0.8,-6.95,-4.54,-2.12,-4.54,2.0,5.0,10.0,0.0,0.1,0.8,1.47,1.58,1.68,1.58,2.0,0.22,10.0,0.0,0.1,0.8,1015.83,1017.6,1019.37,1017.6,2.0,3.68,10.0,0.0,0.1,0.8,0.5,1.5,2.5,1.5,2.0,2.1,10.0,0.0,0.1,0.8,-56.0,-34.1,-12.2,-34.1,2.0,45.4,10.0,0.0,0.1,0.8,4.8,7.6,10.4,7.6,2.0,5.8,10.0,0.0,0.1,0.8,1.61,2.05,2.49,2.05,2.0,0.92,10.0,0.0,0.1,0.8,5.9,12.5,19.1,12.5,2.0,13.7,10.0,0.0,0.1,0.8,7.33,7.33,7.33,7.33,1.0,0.0,14.0,0.0,0.1,0.7,60.1,60.1,60.1,60.1,1.0,0.0,14.0,0.0,0.1,0.7,-140.5,-93.5,-46.5,-93.5,2.0,97.4,10.0,0.0,0.1,0.8,30.8,35.6,40.4,35.6,2.0,9.9,10.0,0.0,0.1,0.8,-79.5,-79.5,-79.5,-79.5,1.0,0.0,14.0,0.0,0.1,0.7,14.0,14.0,14.0,14.0,1.0,0.0,14.0,0.0,0.1,0.7,-59.2,-59.2,-59.2,-59.2,1.0,0.0,14.0,0.0,0.1,0.7,10.4,10.4,10.4,10.4,1.0,0.0,14.0,0.0,0.1,0.7,94.0,279.5,465.0,279.5,2.0,384.0,10.0,0.0,0.1,0.8,95.0,280.0,465.0,280.0,2.0,385.0,10.0,0.0,0.1,0.8
1974,2,276.0,23.0,25.0,25.65,26.63,25.76,12.0,0.96,14.0,0.4,0.5,0.2,22.41,24.5,25.78,23.88,11.0,2.81,16.0,0.4,0.5,0.3,11.26,14.33,17.3,14.03,10.0,3.54,16.0,0.4,0.5,0.2,65.0,78.2,83.2,75.0,10.0,10.2,16.0,0.4,0.2,4.6,5.55,8.85,6.31,12.0,2.61,14.0,0.4,0.5,0.2,-6.28,-4.73,0.0,-4.06,12.0,3.43,14.0,0.4,0.5,0.2,-3.78,1.43,3.61,0.27,12.0,4.52,14.0,0.4,0.5,0.2,1012.59,1016.4,1020.12,1016.55,12.0,4.34,14.0,0.4,0.5,0.2,0.0,4.0,7.4,3.7,11.0,3.3,16.0,0.5,0.5,0.3,-43.3,-22.7,0.0,-30.2,12.0,37.8,14.0,0.4,0.5,0.2,-38.5,5.2,19.7,-6.2,12.0,38.4,14.0,0.4,0.5,0.2,-0.25,1.4,2.94,1.76,11.0,2.51,16.0,0.4,0.5,0.3,-1.5,7.4,20.1,13.4,11.0,23.9,16.0,0.4,0.5,0.3,3.35,6.48,8.7,6.57,10.0,3.21,16.0,0.4,0.5,0.2,19.3,29.0,78.9,43.7,10.0,37.4,16.0,0.4,0.5,0.2,-135.0,-111.9,0.0,-88.7,11.0,76.4,16.0,0.4,0.5,0.3,-68.3,50.9,99.5,23.9,11.0,98.8,16.0,0.4,0.5,0.3,-93.0,-64.8,-2.6,-57.2,10.0,41.9,16.0,0.4,0.5,0.2,-41.0,22.5,55.4,15.6,10.0,54.6,16.0,0.4,0.5,0.2,-41.3,-20.6,-1.4,-25.6,10.0,27.3,16.0,0.4,0.5,0.2,-31.8,5.4,18.8,-9.8,10.0,44.1,16.0,0.4,0.5,0.2,97.5,174.5,695.5,385.0,12.0,522.0,14.0,0.4,0.5,0.2,95.0,175.0,695.0,385.0,12.0,520.0,14.0,0.4,0.5,0.2
1974,2,276.0,24.0,22.2,23.3,26.08,23.95,78.0,1.82,16.0,0.5,0.5,0.6,18.85,21.2,23.73,21.33,80.0,2.8,16.0,0.5,0.5,0.6,8.71,11.56,15.5,11.91,71.0,2.98,16.0,0.5,0.5,0.6,62.3,76.0,86.8,75.2,72.0,11.5,16.0,0.5,0.6,4.45,7.7,11.3,7.85,81.0,3.32,16.0,0.5,0.5,0.6,-7.76,-1.95,2.69,-2.29,81.0,5.24,16.0,0.5,0.5,0.6,-8.05,-1.34,4.84,-2.04,81.0,6.02,16.0,0.5,0.5,0.6,1014.11,1019.25,1022.75,1018.9,80.0,4.05,16.0,0.5,0.5,0.6,0.0,3.0,7.0,3.7,81.0,2.9,16.0,0.5,0.5,0.6,-66.8,-6.2,21.2,-22.4,81.0,58.4,16.0,0.5,0.5,0.6,-76.8,-7.4,29.9,-26.2,81.0,63.0,16.0,0.5,0.5,0.6,-0.57,2.3,5.69,2.59,77.0,3.45,16.0,0.5,0.5,0.6,-2.5,17.7,52.3,25.1,77.0,35.9,16.0,0.5,0.5,0.6,2.16,6.57,9.68,6.47,68.0,3.69,16.0,0.5,0.5,0.6,9.8,48.6,92.0,55.4,68.0,43.3,16.0,0.5,0.5,0.6,-167.5,-44.0,57.2,-49.6,80.0,110.2,16.0,0.5,0.5,0.6,-158.8,-25.5,110.7,-30.8,80.0,123.9,16.0,0.5,0.5,0.6,-83.9,-18.3,33.1,-22.7,71.0,60.5,16.0,0.5,0.5,0.6,-81.0,-14.5,73.1,-14.3,71.0,71.1,16.0,0.5,0.5,0.6,-55.5,-4.6,16.9,-15.1,68.0,44.3,16.0,0.5,0.5,0.6,-72.3,-14.6,11.8,-26.2,68.0,45.8,16.0,0.5,0.5,0.6,88.5,456.5,1443.0,750.0,81.0,874.5,16.0,0.5,0.5,0.6,90.0,455.0,1445.0,750.0,81.0,875.0,16.0,0.5,0.5,0.6
1974,2,276.0,25.0,21.96,23.3,24.4,23.2,19.0,1.38,12.0,0.4,0.3,0.2,19.96,23.0,24.11,22.32,19.0,2.31,12.0,0.3,0.3,0.1,10.25,14.4,15.65,13.35,19.0,3.28,12.0,0.3,0.3,0.1,71.3,80.3,85.2,78.4,19.0,11.7,12.0,0.3,0.1,3.12,6.2,7.19,5.74,20.0,2.46,12.0,0.4,0.3,0.2,-6.09,-3.89,0.71,-3.16,20.0,2.82,12.0,0.4,0.3,0.2,-4.75,2.8,4.75,0.74,20.0,4.65,12.0,0.4,0.3,0.2,1013.92,1017.7,1021.79,1018.01,20.0,3.98,12.0,0.4,0.3,0.2,1.0,6.0,7.0,4.4,20.0,3.0,12.0,0.4,0.3,0.2,-38.4,-22.0,1.4,-22.7,20.0,21.5,12.0,0.4,0.3,0.2,-24.2,11.1,29.3,1.8,20.0,39.1,12.0,0.4,0.3,0.2,-0.94,0.95,3.51,1.1,18.0,2.27,12.0,0.3,0.3,0.2,-6.2,3.4,16.9,5.6,18.0,12.9,12.0,0.3,0.3,0.2,1.9,3.93,7.94,4.51,18.0,2.95,12.0,0.3,0.3,0.2,8.2,19.8,43.8,24.3,18.0,18.5,12.0,0.3,0.3,0.2,-127.4,-84.5,13.6,-65.6,19.0,60.3,12.0,0.3,0.3,0.1,-101.5,56.3,103.2,16.0,19.0,103.1,12.0,0.3,0.3,0.1,-76.4,-49.8,4.8,-39.7,19.0,36.9,12.0,0.3,0.3,0.1,-47.1,38.6,62.8,14.5,19.0,63.1,12.0,0.3,0.3,0.1,-20.7,-13.8,2.0,-13.4,18.0,16.7,12.0,0.3,0.3,0.2,-33.0,1.3,9.6,-6.4,18.0,21.3,12.0,0.3,0.3,0.2,30.5,238.5,372.0,291.5,20.0,351.5,12.0,0.4,0.3,0.2,30.0,240.0,370.0,290.0,20.0,350.0,12.0,0.4,0.3,0.2
1974,2,276.0,26.0,22.63,23.3,24.14,23.44,5.0,1.32,8.0,0.0,0.7,0.3,16.9,18.5,22.6,19.39,7.0,3.15,10.0,0.1,0.7,0.3,7.78,11.92,14.42,11.49,6.0,3.56,6.0,0.0,0.7,0.3,63.7,79.1,85.2,76.6,6.0,12.0,6.0,0.0,0.3,3.0,5.1,10.35,5.8,7.0,3.79,10.0,0.1,0.7,0.3,-3.33,0.0,1.76,-1.21,7.0,3.42,10.0,0.1,0.7,0.3,-6.84,-2.37,3.48,-2.19,7.0,5.89,10.0,0.1,0.7,0.3,1016.32,1021.0,1024.0,1019.56,7.0,4.13,10.0,0.1,0.7,0.3,1.0,3.0,6.0,3.4,7.0,2.2,10.0,0.1,0.7,0.3,-22.2,0.0,6.3,-12.8,7.0,31.5,10.0,0.1,0.7,0.3,-71.0,-7.4,13.2,-25.9,7.0,55.0,10.0,0.1,0.7,0.3,0.65,4.5,6.59,3.82,5.0,3.09,8.0,0.0,0.7,0.3,1.9,14.0,46.7,23.7,5.0,27.0,8.0,0.0,0.7,0.3,2.97,8.43,10.28,6.88,5.0,3.98,8.0,0.0,0.7,0.3,7.8,26.1,72.2,39.9,5.0,42.0,8.0,0.0,0.7,0.3,-73.1,0.0,32.4,-23.6,7.0,60.6,10.0,0.1,0.7,0.3,-115.3,-41.6,78.6,-27.4,7.0,105.5,10.0,0.1,0.7,0.3,-50.9,-8.5,16.1,-15.1,6.0,32.3,6.0,0.0,0.7,0.3,-48.2,-2.4,54.6,5.1,6.0,53.8,6.0,0.0,0.7,0.3,-33.2,0.0,17.2,-10.5,5.0,41.3,8.0,0.0,0.7,0.3,-56.2,-20.0,5.6,-25.1,5.0,33.5,8.0,0.0,0.7,0.3,28.5,132.5,1109.5,426.5,7.0,589.0,10.0,0.1,0.7,0.3,30.0,135.0,1110.0,425.0,7.0,590.0,10.0,0.1,0.7,0.3
1974,2,276.0,27.0,19.69,20.85,22.64,21.15,4.0,1.84,14.0,0.5,0.9,0.4,15.52,21.1,24.24,19.88,5.0,5.63,16.0,0.6,0.8,0.5,9.02,11.58,14.15,11.59,4.0,3.3,14.0,0.5,0.8,0.4,72.0,97.1,99.7,86.4,4.0,23.5,14.0,0.5,0.4,5.1,7.7,10.61,8.02,5.0,3.26,16.0,0.6,0.8,0.5,-8.08,-2.55,-2.06,-4.59,5.0,3.34,16.0,0.6,0.8,0.5,-6.66,0.0,4.55,-1.34,5.0,7.16,16.0,0.6,0.8,0.5,1015.8,1018.3,1024.53,1019.8,5.0,5.41,16.0,0.6,0.8,0.5,0.6,4.0,5.1,3.2,5.0,2.8,16.0,0.6,0.8,0.5,-67.3,-28.9,-11.5,-38.3,5.0,31.1,16.0,0.6,0.8,0.5,-78.6,0.0,23.2,-29.3,5.0,78.3,16.0,0.6,0.8,0.5,-0.95,3.05,6.37,2.73,4.0,5.27,14.0,0.5,0.9,0.4,-4.9,23.3,75.9,34.9,4.0,57.0,14.0,0.5,0.9,0.4,2.81,3.31,5.58,4.17,3.0,2.17,12.0,0.3,0.9,0.3,18.7,30.8,68.2,43.2,3.0,37.8,12.0,0.3,0.9,0.3,-172.1,-53.8,-35.1,-95.0,5.0,77.4,16.0,0.6,0.8,0.5,-88.3,0.0,100.1,1.2,5.0,105.8,16.0,0.6,0.8,0.5,-96.5,-60.0,-27.8,-62.1,4.0,41.8,14.0,0.5,0.8,0.4,-70.5,-20.2,35.8,-17.5,4.0,69.9,14.0,0.5,0.8,0.4,-24.5,-14.9,-9.2,-16.8,3.0,11.3,12.0,0.3,0.9,0.3,-60.9,-10.5,4.4,-27.8,3.0,50.1,12.0,0.3,0.9,0.3,132.5,456.5,1294.5,734.5,5.0,837.0,16.0,0.6,0.8,0.5,135.0,455.0,1295.0,735.0,5.0,835.0,16.0,0.6,0.8,0.5
1974,2,276.0,42.0,0.0,0.2,0.2,0.16,16.0,0.1,22.0,0.8,1.0,0.3,-6.4,0.35,5.33,-0.19,32.0,5.45,20.0,0.6,1.0,0.3,1.91,2.82,5.05,3.23,32.0,1.35,20.0,0.6,1.0,0.3,70.9,82.3,92.0,80.9,32.0,10.2,20.0,0.6,0.3,4.64,7.2,9.25,7.1,33.0,2.55,20.0,0.6,1.0,0.3,-2.12,4.95,7.19,3.83,33.0,4.39,20.0,0.6,1.0,0.3,-3.81,3.6,5.56,2.11,33.0,4.41,20.0,0.6,1.0,0.3,1005.62,1013.6,1025.04,1013.49,33.0,10.12,20.0,0.6,1.0,0.3,0.9,6.0,8.0,5.1,32.0,3.0,20.0,0.6,1.0,0.3,-9.8,36.1,57.8,34.6,33.0,42.3,20.0,0.6,1.0,0.3,-22.1,19.9,48.4,15.8,33.0,41.6,20.0,0.6,1.0,0.3,-6.86,-2.95,2.47,-2.56,16.0,4.11,22.0,0.8,1.0,0.3,-55.0,-17.7,17.6,-18.0,16.0,33.5,22.0,0.8,1.0,0.3,-1.64,0.23,1.17,-0.07,16.0,1.31,22.0,0.8,1.0,0.3,-9.5,1.6,9.6,0.0,16.0,9.8,22.0,0.8,1.0,0.3,-27.0,4.3,26.9,2.2,32.0,30.4,20.0,0.6,1.0,0.3,-7.6,12.6,27.1,12.9,32.0,20.5,20.0,0.6,1.0,0.3,-4.0,13.0,25.7,12.5,32.0,15.6,20.0,0.6,1.0,0.3,-6.6,12.7,22.1,9.7,32.0,13.4,20.0,0.6,1.0,0.3,-7.0,0.2,8.4,-0.5,16.0,7.7,22.0,0.8,1.0,0.3,-6.5,-2.6,4.2,-1.4,16.0,5.9,22.0,0.8,1.0,0.3,100.0,373.0,793.0,502.5,33.0,563.0,20.0,0.6,1.0,0.3,100.0,375.0,795.0,505.0,33.0,565.0,20.0,0.6,1.0,0.3
1974,2,277.0,-41.0,,,,,,,,,,,,,,,,,,,,,,,,,,,,,,,,,,,,,,,,14.0,14.0,14.0,14.0,1.0,0.0,28.0,1.0,0.9,0.5,10.72,10.72,10.72,10.72,1.0,0.0,28.0,1.0,0.9,0.5,-9.0,-9.0,-9.0,-9.0,1.0,0.0,28.0,1.0,0.9,0.5,1011.7,1011.7,1011.7,1011.7,1.0,0.0,28.0,1.0,0.9,0.5,,,,,,,,,,,,,,,,,,,,,,,,,,,,,,,,,,,,,,,,,,,,,,,,,,,,,,,,,,,,,,,,,,,,,,,,,,,,,,,,,,,,,,,,,,,,,,,,,,,,,,,,,,,,,,,,,,,,,,,,,,,,,,,,,,,,,,,,,,,,,,,,,,,,,,
1974,2,277.0,-13.0,24.8,24.8,25.35,25.07,3.0,0.46,10.0,1.0,0.4,1.0,24.44,25.6,25.6,25.03,3.0,0.98,10.0,1.0,0.4,1.0,14.57,14.78,15.0,14.78,2.0,0.44,10.0,1.0,0.4,1.0,74.6,76.1,77.6,76.1,2.0,3.1,10.0,1.0,1.0,4.63,6.0,7.37,6.0,2.0,2.83,10.0,1.0,0.4,1.0,-5.37,-3.75,-2.12,-3.75,2.0,3.37,10.0,1.0,0.4,1.0,3.98,4.45,4.92,4.45,2.0,0.98,10.0,1.0,0.4,1.0,1011.77,1012.35,1012.93,1012.35,2.0,1.2,10.0,1.0,0.4,1.0,2.0,2.0,4.7,3.3,3.0,2.3,10.0,1.0,0.4,1.0,-42.1,-27.2,-12.4,-27.2,2.0,30.8,10.0,1.0,0.4,1.0,19.2,28.1,37.0,28.1,2.0,18.5,10.0,1.0,0.4,1.0,-0.8,-0.8,0.91,0.03,3.0,1.44,10.0,1.0,0.4,1.0,-0.5,5.2,10.9,5.2,2.0,11.9,10.0,1.0,0.4,1.0,4.7,5.25,5.8,5.25,2.0,1.15,10.0,1.0,0.4,1.0,22.6,33.1,43.6,33.1,2.0,21.7,10.0,1.0,0.4,1.0,-128.8,-90.7,-52.7,-90.7,2.0,78.8,10.0,1.0,0.4,1.0,100.5,109.6,118.7,109.6,2.0,18.9,10.0,1.0,0.4,1.0,-77.9,-54.7,-31.5,-54.7,2.0,48.1,10.0,1.0,0.4,1.0,59.5,65.6,71.6,65.6,2.0,12.5,10.0,1.0,0.4,1.0,-32.2,-21.6,-11.0,-21.6,2.0,22.0,10.0,1.0,0.4,1.0,19.0,23.9,28.9,23.9,2.0,10.2,10.0,1.0,0.4,1.0,135.0,288.0,441.0,288.0,2.0,317.0,10.0,1.0,0.4,1.0,135.0,290.0,440.0,290.0,2.0,315.0,10.0,1.0,0.4,1.0
1974,2,277.0,-12.0,25.33,25.4,25.47,25.4,2.0,0.14,12.0,0.5,0.9,0.4,23.41,23.65,23.89,23.65,2.0,0.49,12.0,0.5,0.9,0.4,14.56,14.57,14.57,14.57,2.0,0.01,12.0,0.5,0.9,0.4,78.9,80.0,81.2,80.0,2.0,2.4,12.0,0.5,0.4,7.11,7.35,7.59,7.35,2.0,0.49,12.0,0.5,0.9,0.4,-4.72,-4.22,-3.73,-4.22,2.0,1.02,12.0,0.5,0.9,0.4,5.92,5.98,6.04,5.98,2.0,0.12,12.0,0.5,0.9,0.4,1011.16,1011.5,1011.84,1011.5,2.0,0.71,12.0,0.5,0.9,0.4,3.8,5.5,7.2,5.5,2.0,3.5,12.0,0.5,0.9,0.4,-36.0,-31.3,-26.7,-31.3,2.0,9.6,12.0,0.5,0.9,0.4,42.9,43.9,44.9,43.9,2.0,2.1,12.0,0.5,0.9,0.4,1.44,1.75,2.06,1.75,2.0,0.64,12.0,0.5,0.9,0.4,10.3,13.0,15.7,13.0,2.0,5.5,12.0,0.5,0.9,0.4,5.64,5.72,5.81,5.72,2.0,0.17,12.0,0.5,0.9,0.4,40.1,42.1,44.1,42.1,2.0,4.1,12.0,0.5,0.9,0.4,-110.4,-99.7,-89.0,-99.7,2.0,22.1,12.0,0.5,0.9,0.4,138.7,141.5,144.2,141.5,2.0,5.7,12.0,0.5,0.9,0.4,-68.7,-61.5,-54.3,-61.5,2.0,14.9,12.0,0.5,0.9,0.4,86.3,87.1,87.9,87.1,2.0,1.7,12.0,0.5,0.9,0.4,-27.4,-24.3,-21.1,-24.3,2.0,6.6,12.0,0.5,0.9,0.4,34.1,34.2,34.4,34.2,2.0,0.3,12.0,0.5,0.9,0.4,361.0,400.0,438.5,400.0,2.0,80.5,12.0,0.5,0.9,0.4,360.0,400.0,440.0,400.0,2.0,80.0,12.0,0.5,0.9,0.4
1974,2,277.0,-10.0,25.5,25.5,25.5,25.5,1.0,0.0,16.0,0.0,0.5,0.6,24.5,24.5,24.5,24.5,1.0,0.0,16.0,0.0,0.5,0.6,15.49,15.49,15.49,15.49,1.0,0.0,16.0,0.0,0.5,0.6,80.9,80.9,80.9,80.9,1.0,0.0,16.0,0.0,0.6,4.1,4.1,4.1,4.1,1.0,0.0,16.0,0.0,0.5,0.6,0.71,0.71,0.71,0.71,1.0,0.0,16.0,0.0,0.5,0.6,4.04,4.04,4.04,4.04,1.0,0.0,16.0,0.0,0.5,0.6,1012.0,1012.0,1012.0,1012.0,1.0,0.0,16.0,0.0,0.5,0.6,3.0,3.0,3.0,3.0,1.0,0.0,16.0,0.0,0.5,0.6,2.9,2.9,2.9,2.9,1.0,0.0,16.0,0.0,0.5,0.6,16.6,16.6,16.6,16.6,1.0,0.0,16.0,0.0,0.5,0.6,1.0,1.0,1.0,1.0,1.0,0.0,16.0,0.0,0.5,0.6,4.1,4.1,4.1,4.1,1.0,0.0,16.0,0.0,0.5,0.6,4.91,4.91,4.91,4.91,1.0,0.0,16.0,0.0,0.5,0.6,20.1,20.1,20.1,20.1,1.0,0.0,16.0,0.0,0.5,0.6,17.4,17.4,17.4,17.4,1.0,0.0,16.0,0.0,0.5,0.6,98.9,98.9,98.9,98.9,1.0,0.0,16.0,0.0,0.5,0.6,11.0,11.0,11.0,11.0,1.0,0.0,16.0,0.0,0.5,0.6,62.6,62.6,62.6,62.6,1.0,0.0,16.0,0.0,0.5,0.6,3.5,3.5,3.5,3.5,1.0,0.0,16.0,0.0,0.5,0.6,19.8,19.8,19.8,19.8,1.0,0.0,16.0,0.0,0.5,0.6,69.0,69.0,69.0,69.0,1.0,0.0,16.0,0.0,0.5,0.6,70.0,70.0,70.0,70.0,1.0,0.0,16.0,0.0,0.5,0.6
1974,2,277.0,-9.0,,,,,,,,,,,,,,,,,,,,,,,,,,,,,,,,,,,,,,,,4.1,4.1,4.1,4.1,1.0,0.0,16.0,1.0,0.1,1.0,-4.1,-4.1,-4.1,-4.1,1.0,0.0,16.0,1.0,0.1,1.0,0.0,0.0,0.0,0.0,1.0,0.0,16.0,1.0,0.1,1.0,1013.9,1013.9,1013.9,1013.9,1.0,0.0,16.0,1.0,0.1,1.0,,,,,,,,,,,,,,,,,,,,,,,,,,,,,,,,,,,,,,,,,,,,,,,,,,,,,,,,,,,,,,,,,,,,,,,,,,,,,,,,,,,,,,,,,,,,,,,,,,,,,,,,,,,,,,,,,,,,,,,,,,,,,,,,,,,,,,,,,,,,,,,,,,,,,,
1974,2,277.0,-7.0,,,,,,,,,,,,,,,,,,,,,,,,,,,,,,,,,,,,,,,,3.1,3.1,3.1,3.1,1.0,0.0,16.0,1.0,0.4,0.5,-1.99,-1.99,-1.99,-1.99,1.0,0.0,16.0,1.0,0.4,0.5,2.37,2.37,2.37,2.37,1.0,0.0,16.0,1.0,0.4,0.5,1012.9,1012.9,1012.9,1012.9,1.0,0.0,16.0,1.0,0.4,0.5,,,,,,,,,,,,,,,,,,,,,,,,,,,,,,,,,,,,,,,,,,,,,,,,,,,,,,,,,,,,,,,,,,,,,,,,,,,,,,,,,,,,,,,,,,,,,,,,,,,,,,,,,,,,,,,,,,,,,,,,,,,,,,,,,,,,,,,,,,,,,,,,,,,,,,
1974,2,277.0,-4.0,,,,,,,,,,,,,,,,,,,,,,,,,,,,,,,,,,,,,,,,4.1,4.1,4.1,4.1,1.0,0.0,18.0,0.0,1.0,0.7,-1.4,-1.4,-1.4,-1.4,1.0,0.0,18.0,0.0,1.0,0.7,3.85,3.85,3.85,3.85,1.0,0.0,18.0,0.0,1.0,0.7,1012.5,1012.5,1012.5,1012.5,1.0,0.0,18.0,0.0,1.0,0.7,,,,,,,,,,,,,,,,,,,,,,,,,,,,,,,,,,,,,,,,,,,,,,,,,,,,,,,,,,,,,,,,,,,,,,,,,,,,,,,,,,,,,,,,,,,,,,,,,,,,,,,,,,,,,,,,,,,,,,,,,,,,,,,,,,,,,,,,,,,,,,,,,,,,,,
1974,2,277.0,-3.0,22.63,23.55,24.47,23.55,2.0,1.91,14.0,1.0,0.6,0.6,25.1,25.1,25.1,25.1,1.0,0.0,8.0,1.0,1.0,1.0,15.43,15.43,15.43,15.43,1.0,0.0,8.0,1.0,1.0,1.0,77.5,77.5,77.5,77.5,1.0,0.0,8.0,1.0,1.0,5.1,5.1,5.1,5.1,2.0,0.0,14.0,1.0,0.6,0.6,0.76,2.4,4.03,2.4,2.0,3.39,14.0,1.0,0.6,0.6,2.28,3.42,4.57,3.42,2.0,2.37,14.0,1.0,0.6,0.6,1010.47,1011.7,1012.93,1011.7,2.0,2.55,14.0,1.0,0.6,0.6,6.2,6.5,6.8,6.5,2.0,0.7,14.0,1.0,0.6,0.6,3.9,12.2,20.6,12.2,2.0,17.3,14.0,1.0,0.6,0.6,11.6,17.5,23.3,17.5,2.0,12.1,14.0,1.0,0.6,0.6,-0.2,-0.2,-0.2,-0.2,1.0,0.0,8.0,1.0,1.0,1.0,-1.0,-1.0,-1.0,-1.0,1.0,0.0,8.0,1.0,1.0,1.0,4.29,4.29,4.29,4.29,1.0,0.0,8.0,1.0,1.0,1.0,21.9,21.9,21.9,21.9,1.0,0.0,8.0,1.0,1.0,1.0,120.3,120.3,120.3,120.3,1.0,0.0,8.0,1.0,1.0,1.0,43.8,43.8,43.8,43.8,1.0,0.0,8.0,1.0,1.0,1.0,73.9,73.9,73.9,73.9,1.0,0.0,8.0,1.0,1.0,1.0,26.9,26.9,26.9,26.9,1.0,0.0,8.0,1.0,1.0,1.0,20.5,20.5,20.5,20.5,1.0,0.0,8.0,1.0,1.0,1.0,7.5,7.5,7.5,7.5,1.0,0.0,8.0,1.0,1.0,1.0,132.5,132.5,132.5,132.5,2.0,0.0,14.0,1.0,0.6,0.6,135.0,135.0,135.0,135.0,2.0,0.0,14.0,1.0,0.6,0.6
1974,2,277.0,-1.0,24.19,24.6,25.01,24.6,2.0,0.85,8.0,0.0,0.7,0.6,24.35,24.45,24.55,24.45,2.0,0.21,8.0,0.0,0.7,0.6,16.57,16.59,16.62,16.59,2.0,0.05,8.0,0.0,0.7,0.6,86.1,86.5,86.8,86.5,2.0,0.7,8.0,0.0,0.6,5.2,5.4,5.6,5.4,2.0,0.42,8.0,0.0,0.7,0.6,0.52,1.64,2.76,1.64,2.0,2.32,8.0,0.0,0.7,0.6,4.19,4.8,5.42,4.8,2.0,1.27,8.0,0.0,0.7,0.6,1007.73,1008.45,1009.17,1008.45,2.0,1.48,8.0,0.0,0.7,0.6,2.3,3.0,3.7,3.0,2.0,1.4,8.0,0.0,0.7,0.6,2.7,8.4,14.1,8.4,2.0,11.8,8.0,0.0,0.7,0.6,21.9,26.2,30.5,26.2,2.0,8.9,8.0,0.0,0.7,0.6,-0.36,0.15,0.66,0.15,2.0,1.06,8.0,0.0,0.7,0.6,-1.8,1.0,3.8,1.0,2.0,5.8,8.0,0.0,0.7,0.6,2.29,2.81,3.33,2.81,2.0,1.07,8.0,0.0,0.7,0.6,12.0,15.4,18.8,15.4,2.0,7.0,8.0,0.0,0.7,0.6,12.8,40.3,67.8,40.3,2.0,57.0,8.0,0.0,0.7,0.6,102.8,117.3,131.8,117.3,2.0,30.0,8.0,0.0,0.7,0.6,8.6,27.3,45.9,27.3,2.0,38.5,8.0,0.0,0.7,0.6,69.6,79.7,89.7,79.7,2.0,20.8,8.0,0.0,0.7,0.6,1.1,3.4,5.7,3.4,2.0,4.8,8.0,0.0,0.7,0.6,10.0,14.2,18.4,14.2,2.0,8.7,8.0,0.0,0.7,0.6,141.0,159.0,177.0,159.0,2.0,37.0,8.0,0.0,0.7,0.6,140.0,160.0,175.0,160.0,2.0,35.0,8.0,0.0,0.7,0.6
1974,2,277.0,0.0,24.0,24.0,24.0,24.0,1.0,0.0,8.0,0.0,0.8,0.0,24.74,25.05,25.36,25.05,2.0,0.64,4.0,0.5,0.4,0.1,16.43,16.46,16.48,16.46,2.0,0.05,4.0,0.5,0.4,0.1,81.6,83.0,84.3,83.0,2.0,2.8,4.0,0.5,0.1,1.23,2.8,4.37,2.8,2.0,3.25,4.0,0.5,0.4,0.1,0.45,1.6,2.74,1.6,2.0,2.38,4.0,0.5,0.4,0.1,1.03,2.2,3.36,2.2,2.0,2.41,4.0,0.5,0.4,0.1,1009.8,1010.45,1011.1,1010.45,2.0,1.34,4.0,0.5,0.4,0.1,4.5,5.5,6.5,5.5,2.0,2.1,4.0,0.5,0.4,0.1,2.6,8.3,14.1,8.3,2.0,11.9,4.0,0.5,0.4,0.1,3.4,10.1,16.8,10.1,2.0,13.9,4.0,0.5,0.4,0.1,-0.6,-0.6,-0.6,-0.6,1.0,0.0,8.0,0.0,0.8,0.0,-3.1,-3.1,-3.1,-3.1,1.0,0.0,8.0,0.0,0.8,0.0,2.26,2.26,2.26,2.26,1.0,0.0,8.0,0.0,0.8,0.0,11.5,11.5,11.5,11.5,1.0,0.0,8.0,0.0,0.8,0.0,10.9,39.2,67.5,39.2,2.0,58.6,4.0,0.5,0.4,0.1,25.8,54.3,82.8,54.3,2.0,59.1,4.0,0.5,0.4,0.1,7.3,26.2,45.1,26.2,2.0,39.1,4.0,0.5,0.4,0.1,17.0,36.1,55.3,36.1,2.0,39.6,4.0,0.5,0.4,0.1,7.4,7.4,7.4,7.4,1.0,0.0,8.0,0.0,0.8,0.0,8.8,8.8,8.8,8.8,1.0,0.0,8.0,0.0,0.8,0.0,21.0,66.5,111.5,66.5,2.0,93.5,4.0,0.5,0.4,0.1,20.0,65.0,110.0,65.0,2.0,95.0,4.0,0.5,0.4,0.1
1974,2,277.0,1.0,,,,,,,,,,,,,,,,,,,,,,,,,,,,,,,,,,,,,,,,6.44,6.95,7.46,6.95,2.0,1.06,8.0,0.5,1.0,0.8,0.0,0.0,0.0,0.0,2.0,0.0,8.0,0.5,1.0,0.8,6.44,6.95,7.46,6.95,2.0,1.06,8.0,0.5,1.0,0.8,1007.48,1009.8,1011.23,1009.37,3.0,2.78,14.0,0.7,0.8,0.8,,,,,,,,,,,,,,,,,,,,,,,,,,,,,,,,,,,,,,,,,,,,,,,,,,,,,,,,,,,,,,,,,,,,,,,,,,,,,,,,,,,,,,,,,,,,,,,,,,,,,,,,,,,,,,,,,,,,,,,,,,,,,,,,,,,,,,,,,,,,,,,,,,,,,,
1974,2,277.0,2.0,26.01,26.9,27.65,26.83,3.0,1.2,10.0,0.7,0.8,0.5,24.19,24.8,24.94,24.57,3.0,0.59,10.0,0.7,0.8,0.5,16.78,17.37,17.95,17.37,2.0,1.21,10.0,0.5,0.9,0.6,85.6,88.2,90.8,88.2,2.0,5.3,10.0,0.5,0.6,1.95,4.35,6.22,4.1,4.0,3.16,10.0,0.8,0.7,0.4,-0.73,0.0,0.82,0.04,4.0,1.22,10.0,0.8,0.7,0.4,1.83,4.09,6.09,3.97,4.0,3.15,10.0,0.8,0.7,0.4,1010.06,1011.5,1012.27,1011.28,5.0,1.23,10.0,0.8,0.8,0.4,3.3,7.5,8.0,5.8,4.0,3.9,6.0,1.0,0.7,0.2,-3.0,0.0,3.8,0.4,4.0,5.3,10.0,0.8,0.7,0.4,7.5,17.8,40.5,23.7,4.0,25.2,10.0,0.8,0.7,0.4,1.5,3.0,3.0,2.27,3.0,1.27,10.0,0.7,0.8,0.5,1.2,3.7,16.9,8.9,3.0,12.4,10.0,0.7,0.8,0.5,4.28,4.78,5.28,4.78,2.0,1.04,10.0,0.5,0.9,0.6,3.0,9.3,15.7,9.3,2.0,13.2,10.0,0.5,0.9,0.6,0.0,0.0,26.6,13.0,3.0,22.5,10.0,0.7,0.8,0.5,34.0,107.2,159.6,97.1,3.0,92.4,10.0,0.7,0.8,0.5,4.1,13.0,21.9,13.0,2.0,18.4,10.0,0.5,0.9,0.6,11.3,35.7,60.1,35.7,2.0,50.5,10.0,0.5,0.9,0.6,1.0,3.2,5.4,3.2,2.0,4.5,10.0,0.5,0.9,0.6,2.8,8.8,14.7,8.8,2.0,12.4,10.0,0.5,0.9,0.6,33.0,83.0,285.5,155.5,4.0,204.5,10.0,0.8,0.7,0.4,35.0,85.0,285.0,155.0,4.0,205.0,10.0,0.8,0.7,0.4
1974,2,277.0,3.0,26.6,26.8,27.07,26.83,3.0,0.35,12.0,0.7,0.3,0.5,25.0,25.0,25.0,25.0,1.0,0.0,2.0,0.0,0.2,0.2,16.58,16.58,16.58,16.58,1.0,0.0,2.0,0.0,0.2,0.2,83.9,83.9,83.9,83.9,1.0,0.0,2.0,0.0,0.2,0.83,2.6,3.62,2.23,3.0,2.07,12.0,0.7,0.3,0.5,0.0,0.0,2.14,1.05,3.0,1.81,12.0,0.7,0.3,0.5,0.83,2.6,2.62,1.75,3.0,1.51,12.0,0.7,0.3,0.5,1012.0,1012.0,1012.34,1012.17,3.0,0.29,12.0,0.7,0.3,0.5,4.3,7.0,7.7,6.0,3.0,2.6,12.0,0.7,0.3,0.5,0.0,0.0,8.8,4.3,3.0,7.4,12.0,0.7,0.3,0.5,2.1,6.8,9.5,5.9,3.0,5.5,12.0,0.7,0.3,0.5,1.5,1.5,1.5,1.5,1.0,0.0,2.0,0.0,0.2,0.2,6.2,6.2,6.2,6.2,1.0,0.0,2.0,0.0,0.2,0.2,5.08,5.08,5.08,5.08,1.0,0.0,2.0,0.0,0.2,0.2,20.8,20.8,20.8,20.8,1.0,0.0,2.0,0.0,0.2,0.2,78.5,78.5,78.5,78.5,1.0,0.0,2.0,0.0,0.2,0.2,65.9,65.9,65.9,65.9,1.0,0.0,2.0,0.0,0.2,0.2,52.1,52.1,52.1,52.1,1.0,0.0,2.0,0.0,0.2,0.2,43.7,43.7,43.7,43.7,1.0,0.0,2.0,0.0,0.2,0.2,16.0,16.0,16.0,16.0,1.0,0.0,2.0,0.0,0.2,0.2,13.4,13.4,13.4,13.4,1.0,0.0,2.0,0.0,0.2,0.2,5.5,17.5,52.5,29.0,3.0,36.0,12.0,0.7,0.3,0.5,5.0,20.0,55.0,30.0,3.0,35.0,12.0,0.7,0.3,0.5
1974,2,277.0,4.0,26.95,27.8,28.1,27.7,7.0,1.24,16.0,0.6,0.5,0.7,25.93,26.5,28.31,26.87,7.0,1.42,18.0,0.6,0.5,0.7,16.31,17.62,19.8,17.84,6.0,1.83,18.0,0.7,0.5,0.6,76.0,83.8,88.1,81.9,6.0,9.0,18.0,0.7,0.6,0.82,1.0,3.47,1.94,5.0,1.57,20.0,0.6,0.4,0.6,-1.96,-0.5,0.07,-0.95,5.0,1.87,20.0,0.6,0.4,0.6,-0.26,0.64,1.61,0.74,5.0,1.36,20.0,0.6,0.4,0.6,1009.46,1010.55,1014.17,1011.7,8.0,2.55,16.0,0.6,0.5,0.7,1.3,5.0,7.0,4.6,8.0,2.9,16.0,0.6,0.5,0.7,-6.5,-0.5,1.0,-3.0,5.0,7.8,20.0,0.6,0.4,0.6,-1.1,0.6,3.8,1.5,5.0,4.5,20.0,0.6,0.4,0.6,-0.96,0.75,2.05,0.75,6.0,1.76,16.0,0.5,0.5,0.7,-1.9,0.8,4.4,1.2,4.0,4.4,20.0,0.5,0.5,0.6,5.02,6.84,6.87,6.09,5.0,1.09,16.0,0.6,0.6,0.7,5.3,6.8,17.0,11.0,3.0,9.3,20.0,0.7,0.6,0.6,-51.4,-14.2,2.5,-24.7,5.0,49.7,20.0,0.6,0.4,0.6,-6.8,16.7,45.8,21.0,5.0,38.2,20.0,0.6,0.4,0.6,-45.0,-11.3,-9.9,-26.7,4.0,31.8,22.0,0.8,0.5,0.6,-6.9,5.3,14.0,3.6,4.0,13.2,22.0,0.8,0.5,0.6,-15.7,-3.5,-3.4,-9.4,3.0,10.3,20.0,0.7,0.6,0.6,-1.6,2.9,5.0,1.7,3.0,5.0,20.0,0.7,0.6,0.6,0.5,1.0,44.0,20.0,5.0,30.0,20.0,0.6,0.4,0.6,0.0,0.0,45.0,20.0,5.0,30.0,20.0,0.6,0.4,0.6
1974,2,277.0,5.0,26.27,27.5,27.91,27.29,10.0,0.96,12.0,0.6,0.5,0.5,26.5,26.8,27.19,26.99,8.0,1.0,18.0,0.5,0.5,0.3,16.94,17.35,18.25,17.26,7.0,1.26,16.0,0.6,0.4,0.3,67.5,80.1,85.1,77.7,7.0,8.1,16.0,0.6,0.3,0.9,2.6,5.38,3.52,6.0,3.56,20.0,0.7,0.5,0.3,-3.72,-1.44,1.22,-1.66,6.0,3.64,20.0,0.7,0.5,0.3,-3.86,-0.12,0.58,-1.44,6.0,2.91,20.0,0.7,0.5,0.3,1009.22,1009.8,1012.08,1010.57,11.0,1.48,14.0,0.5,0.6,0.4,2.0,4.0,6.8,4.3,11.0,2.5,14.0,0.5,0.6,0.4,-25.4,-3.3,2.1,-15.2,6.0,32.9,20.0,0.7,0.5,0.3,-24.3,-0.1,0.9,-13.1,6.0,27.6,20.0,0.7,0.5,0.3,-0.7,0.0,1.91,0.09,7.0,1.65,16.0,0.6,0.4,0.3,-0.9,0.0,3.2,1.3,5.0,3.7,20.0,0.8,0.4,0.3,3.82,4.56,7.0,5.23,7.0,1.74,16.0,0.6,0.4,0.3,3.4,8.6,47.7,24.9,5.0,33.0,20.0,0.8,0.4,0.3,-101.0,-39.3,32.5,-45.5,6.0,98.5,20.0,0.7,0.5,0.3,-104.7,-3.6,15.5,-39.2,6.0,79.1,20.0,0.7,0.5,0.3,-73.0,-7.4,27.1,-21.7,5.0,63.5,20.0,0.8,0.4,0.3,-72.0,-4.3,3.1,-30.1,5.0,45.7,20.0,0.8,0.4,0.3,-34.3,-2.0,5.4,-14.0,5.0,28.6,20.0,0.8,0.4,0.3,-32.9,-1.1,0.7,-14.6,5.0,23.0,20.0,0.8,0.4,0.3,1.0,17.5,280.5,199.5,6.0,438.0,20.0,0.7,0.5,0.3,0.0,20.0,280.0,200.0,6.0,440.0,20.0,0.7,0.5,0.3
1974,2,277.0,6.0,27.8,28.1,28.51,28.23,6.0,0.57,14.0,0.3,0.7,0.2,27.74,28.3,29.17,28.46,5.0,1.0,16.0,0.2,0.6,0.3,16.08,17.61,19.16,17.62,3.0,2.25,24.0,0.0,0.6,0.3,66.1,74.3,83.2,74.6,3.0,12.5,24.0,0.0,0.3,2.6,2.6,3.15,2.9,5.0,0.67,16.0,0.2,0.6,0.3,-3.03,-1.67,-0.09,-1.55,5.0,1.97,16.0,0.2,0.6,0.3,-2.16,-0.89,0.37,-0.76,5.0,1.83,16.0,0.2,0.6,0.3,1007.44,1008.1,1010.15,1008.7,6.0,1.66,14.0,0.3,0.7,0.2,0.8,3.0,5.4,3.2,6.0,2.6,14.0,0.3,0.7,0.2,-10.1,-4.3,-0.2,-5.2,5.0,7.3,16.0,0.2,0.6,0.3,-5.6,-2.9,0.7,-2.2,5.0,4.8,16.0,0.2,0.6,0.3,-1.13,-0.5,1.11,-0.14,5.0,1.26,16.0,0.2,0.6,0.3,-3.7,-1.3,2.9,-0.6,5.0,3.5,16.0,0.2,0.6,0.3,5.52,8.08,8.22,6.9,3.0,2.22,24.0,0.0,0.6,0.3,14.4,21.0,29.9,22.1,3.0,11.4,24.0,0.0,0.6,0.3,-84.7,-50.1,-2.4,-44.2,5.0,56.2,16.0,0.2,0.6,0.3,-62.9,-24.3,10.3,-21.8,5.0,52.3,16.0,0.2,0.6,0.3,-57.8,-48.6,-26.1,-42.1,3.0,23.9,24.0,0.0,0.6,0.3,-35.0,-17.7,-13.1,-23.9,3.0,16.9,24.0,0.0,0.6,0.3,-26.2,-10.6,-8.3,-17.1,3.0,14.3,24.0,0.0,0.6,0.3,-15.4,-5.9,-4.5,-9.8,3.0,8.6,24.0,0.0,0.6,0.3,17.5,17.5,36.5,28.0,5.0,23.0,16.0,0.2,0.6,0.3,20.0,20.0,35.0,30.0,5.0,25.0,16.0,0.2,0.6,0.3
1974,2,277.0,7.0,26.7,27.8,29.4,27.98,60.0,1.22,14.0,0.5,0.6,0.4,26.7,27.1,28.92,27.52,65.0,1.47,14.0,0.5,0.6,0.4,14.6,16.74,18.72,16.78,57.0,1.87,14.0,0.5,0.6,0.4,63.7,73.3,85.1,73.3,58.0,9.9,14.0,0.5,0.4,1.5,3.1,5.1,3.39,59.0,2.07,14.0,0.5,0.6,0.4,-2.93,0.43,4.0,0.7,59.0,3.07,14.0,0.5,0.6,0.4,-2.67,-0.25,1.54,-0.59,59.0,2.39,14.0,0.5,0.6,0.4,1008.5,1010.35,1011.9,1010.1,64.0,1.71,14.0,0.5,0.6,0.4,1.0,2.0,5.0,2.7,65.0,1.9,14.0,0.5,0.6,0.4,-9.5,0.4,16.6,2.5,59.0,17.0,14.0,0.5,0.6,0.4,-12.6,-0.1,4.0,-3.4,59.0,14.5,14.0,0.5,0.6,0.4,-1.16,0.5,1.86,0.45,59.0,1.85,14.0,0.5,0.6,0.4,-1.9,1.6,8.3,2.4,53.0,9.3,14.0,0.5,0.6,0.4,5.12,6.74,9.45,7.05,56.0,2.6,16.0,0.5,0.6,0.4,7.9,21.7,41.8,25.7,51.0,21.1,14.0,0.5,0.6,0.4,-75.6,16.6,108.0,21.0,58.0,83.0,14.0,0.5,0.6,0.4,-79.1,-6.9,41.3,-17.1,58.0,66.0,14.0,0.5,0.6,0.4,-50.9,5.8,68.7,12.6,52.0,52.9,14.0,0.5,0.6,0.4,-43.6,-3.8,27.4,-8.0,52.0,40.1,14.0,0.5,0.6,0.4,-13.9,4.8,29.2,5.0,51.0,24.4,14.0,0.5,0.6,0.4,-20.6,-2.4,10.2,-6.8,51.0,21.2,14.0,0.5,0.6,0.4,3.5,30.0,132.5,84.5,59.0,132.5,14.0,0.5,0.6,0.4,5.0,30.0,135.0,85.0,59.0,135.0,14.0,0.5,0.6,0.4
1974,2,277.0,10.0,25.74,26.45,27.16,26.45,4.0,0.83,10.0,1.0,0.8,0.4,24.14,24.95,25.7,24.93,4.0,0.91,10.0,0.8,0.9,0.5,16.08,16.48,16.99,16.53,4.0,0.65,10.0,0.8,0.9,0.5,81.6,84.2,86.6,84.1,4.0,3.3,10.0,0.8,0.5,4.05,5.65,6.99,5.53,4.0,1.94,10.0,1.0,0.8,0.4,-5.87,-3.45,-1.39,-3.62,4.0,3.13,10.0,1.0,0.8,0.4,-2.99,0.14,3.31,0.16,4.0,4.14,10.0,1.0,0.8,0.4,1011.43,1013.2,1014.97,1013.22,5.0,2.01,10.0,0.8,0.8,0.4,2.6,6.0,8.0,5.4,5.0,2.8,10.0,0.8,0.8,0.4,-42.4,-16.9,-4.3,-23.0,4.0,25.7,10.0,1.0,0.8,0.4,-17.0,3.5,18.5,0.9,4.0,23.5,10.0,1.0,0.8,0.4,1.23,1.3,2.67,1.93,3.0,1.18,10.0,1.0,0.9,0.5,5.7,10.0,17.1,11.4,3.0,8.5,10.0,1.0,0.9,0.5,5.06,5.73,6.15,5.61,3.0,0.81,10.0,1.0,0.9,0.5,23.7,36.5,38.4,31.2,3.0,11.7,10.0,1.0,0.9,0.5,-156.1,-95.6,-81.7,-118.4,3.0,58.0,10.0,1.0,0.9,0.5,-86.5,-27.4,13.5,-36.3,3.0,73.6,10.0,1.0,0.9,0.5,-102.5,-65.3,-53.7,-77.8,3.0,37.4,10.0,1.0,0.9,0.5,-58.7,-17.6,8.8,-24.8,3.0,49.9,10.0,1.0,0.9,0.5,-32.6,-25.3,-19.4,-26.0,3.0,9.7,10.0,1.0,0.9,0.5,-22.5,-6.1,2.4,-10.0,3.0,18.5,10.0,1.0,0.9,0.5,79.0,185.5,352.5,214.5,4.0,182.5,10.0,1.0,0.8,0.4,80.0,185.0,355.0,215.0,4.0,185.0,10.0,1.0,0.8,0.4
1974,2,277.0,11.0,25.98,26.8,27.62,26.8,2.0,1.7,22.0,0.0,0.8,0.2,24.97,26.2,27.43,26.2,2.0,2.55,22.0,0.0,0.8,0.2,14.14,14.14,14.14,14.14,1.0,0.0,28.0,0.0,0.5,0.1,74.6,74.6,74.6,74.6,1.0,0.0,28.0,0.0,0.1,3.24,5.7,8.16,5.7,2.0,5.09,22.0,0.0,0.8,0.2,-6.11,-3.92,-1.73,-3.92,2.0,4.53,22.0,0.0,0.8,0.2,-5.34,-3.98,-2.61,-3.98,2.0,2.83,22.0,0.0,0.8,0.2,1013.46,1014.45,1015.44,1014.45,2.0,2.05,22.0,0.0,0.8,0.2,1.2,1.5,1.8,1.5,2.0,0.7,22.0,0.0,0.8,0.2,-56.0,-33.9,-11.8,-33.9,2.0,45.8,22.0,0.0,0.8,0.2,-47.4,-29.9,-12.3,-29.9,2.0,36.4,22.0,0.0,0.8,0.2,0.19,0.6,1.01,0.6,2.0,0.85,22.0,0.0,0.8,0.2,1.8,5.6,9.4,5.6,2.0,7.9,22.0,0.0,0.8,0.2,6.3,6.3,6.3,6.3,1.0,0.0,28.0,0.0,0.5,0.1,58.6,58.6,58.6,58.6,1.0,0.0,28.0,0.0,0.5,0.1,-149.4,-97.0,-44.5,-97.0,2.0,108.7,22.0,0.0,0.8,0.2,-131.5,-100.6,-69.6,-100.6,2.0,64.1,22.0,0.0,0.8,0.2,-100.8,-100.8,-100.8,-100.8,1.0,0.0,28.0,0.0,0.5,0.1,-84.5,-84.5,-84.5,-84.5,1.0,0.0,28.0,0.0,0.5,0.1,-44.9,-44.9,-44.9,-44.9,1.0,0.0,28.0,0.0,0.5,0.1,-37.7,-37.7,-37.7,-37.7,1.0,0.0,28.0,0.0,0.5,0.1,135.5,407.0,678.0,407.0,2.0,562.0,22.0,0.0,0.8,0.2,135.0,405.0,680.0,405.0,2.0,560.0,22.0,0.0,0.8,0.2
1974,2,277.0,12.0,25.6,25.6,25.6,25.6,1.0,0.0,28.0,0.0,1.0,0.2,24.4,24.4,24.4,24.4,1.0,0.0,28.0,0.0,1.0,0.2,13.55,13.55,13.55,13.55,1.0,0.0,28.0,0.0,1.0,0.2,71.4,71.4,71.4,71.4,1.0,0.0,28.0,0.0,0.2,9.3,9.3,9.3,9.3,1.0,0.0,28.0,0.0,1.0,0.2,-7.12,-7.12,-7.12,-7.12,1.0,0.0,28.0,0.0,1.0,0.2,-5.98,-5.98,-5.98,-5.98,1.0,0.0,28.0,0.0,1.0,0.2,1014.9,1014.9,1014.9,1014.9,1.0,0.0,28.0,0.0,1.0,0.2,8.0,8.0,8.0,8.0,1.0,0.0,28.0,0.0,1.0,0.2,-66.3,-66.3,-66.3,-66.3,1.0,0.0,28.0,0.0,1.0,0.2,-55.6,-55.6,-55.6,-55.6,1.0,0.0,28.0,0.0,1.0,0.2,1.2,1.2,1.2,1.2,1.0,0.0,28.0,0.0,1.0,0.2,11.2,11.2,11.2,11.2,1.0,0.0,28.0,0.0,1.0,0.2,6.92,6.92,6.92,6.92,1.0,0.0,28.0,0.0,1.0,0.2,64.3,64.3,64.3,64.3,1.0,0.0,28.0,0.0,1.0,0.2,-173.8,-173.8,-173.8,-173.8,1.0,0.0,28.0,0.0,1.0,0.2,-145.9,-145.9,-145.9,-145.9,1.0,0.0,28.0,0.0,1.0,0.2,-96.5,-96.5,-96.5,-96.5,1.0,0.0,28.0,0.0,1.0,0.2,-81.0,-81.0,-81.0,-81.0,1.0,0.0,28.0,0.0,1.0,0.2,-49.3,-49.3,-49.3,-49.3,1.0,0.0,28.0,0.0,1.0,0.2,-41.4,-41.4,-41.4,-41.4,1.0,0.0,28.0,0.0,1.0,0.2,804.5,804.5,804.5,804.5,1.0,0.0,28.0,0.0,1.0,0.2,805.0,805.0,805.0,805.0,1.0,0.0,28.0,0.0,1.0,0.2
1974,2,277.0,13.0,27.0,27.0,27.0,27.0,1.0,0.0,8.0,0.0,0.8,0.0,25.8,25.8,25.8,25.8,1.0,0.0,8.0,0.0,0.8,0.0,16.6,16.6,16.6,16.6,1.0,0.0,8.0,0.0,0.8,0.0,80.0,80.0,80.0,80.0,1.0,0.0,8.0,0.0,0.0,5.1,5.1,5.1,5.1,1.0,0.0,8.0,0.0,0.8,0.0,-5.02,-5.02,-5.02,-5.02,1.0,0.0,8.0,0.0,0.8,0.0,-0.89,-0.89,-0.89,-0.89,1.0,0.0,8.0,0.0,0.8,0.0,1011.0,1011.0,1011.0,1011.0,1.0,0.0,8.0,0.0,0.8,0.0,5.0,5.0,5.0,5.0,1.0,0.0,8.0,0.0,0.8,0.0,-25.6,-25.6,-25.6,-25.6,1.0,0.0,8.0,0.0,0.8,0.0,-4.5,-4.5,-4.5,-4.5,1.0,0.0,8.0,0.0,0.8,0.0,1.2,1.2,1.2,1.2,1.0,0.0,8.0,0.0,0.8,0.0,6.1,6.1,6.1,6.1,1.0,0.0,8.0,0.0,0.8,0.0,5.74,5.74,5.74,5.74,1.0,0.0,8.0,0.0,0.8,0.0,29.3,29.3,29.3,29.3,1.0,0.0,8.0,0.0,0.8,0.0,-129.6,-129.6,-129.6,-129.6,1.0,0.0,8.0,0.0,0.8,0.0,-22.8,-22.8,-22.8,-22.8,1.0,0.0,8.0,0.0,0.8,0.0,-83.4,-83.4,-83.4,-83.4,1.0,0.0,8.0,0.0,0.8,0.0,-14.7,-14.7,-14.7,-14.7,1.0,0.0,8.0,0.0,0.8,0.0,-28.8,-28.8,-28.8,-28.8,1.0,0.0,8.0,0.0,0.8,0.0,-5.1,-5.1,-5.1,-5.1,1.0,0.0,8.0,0.0,0.8,0.0,132.5,132.5,132.5,132.5,1.0,0.0,8.0,0.0,0.8,0.0,135.0,135.0,135.0,135.0,1.0,0.0,8.0,0.0,0.8,0.0
1974,2,277.0,15.0,25.27,26.7,28.13,26.7,2.0,2.97,16.0,0.0,1.0,0.6,25.13,25.4,25.81,25.47,3.0,0.5,14.0,0.3,1.0,0.7,16.34,16.77,17.2,16.77,2.0,0.89,16.0,0.0,1.0,0.6,80.9,83.8,86.8,83.8,2.0,6.1,16.0,0.0,0.6,9.37,10.8,12.23,10.8,2.0,2.97,10.0,0.5,1.0,0.7,-12.21,-10.73,-9.26,-10.73,2.0,3.06,10.0,0.5,1.0,0.7,-1.27,-0.76,-0.24,-0.76,2.0,1.07,10.0,0.5,1.0,0.7,1009.54,1012.0,1012.82,1011.2,3.0,2.5,14.0,0.3,1.0,0.7,2.0,2.0,4.0,3.0,3.0,1.7,14.0,0.3,1.0,0.7,-151.8,-120.5,-89.1,-120.5,2.0,65.0,10.0,0.5,1.0,0.7,-11.1,-6.6,-2.1,-6.6,2.0,9.3,10.0,0.5,1.0,0.7,0.2,1.5,2.8,1.5,2.0,2.69,16.0,0.0,1.0,0.6,-3.5,-3.5,-3.5,-3.5,1.0,0.0,14.0,0.0,1.0,0.7,2.99,5.34,7.69,5.34,2.0,4.87,16.0,0.0,1.0,0.6,16.5,16.5,16.5,16.5,1.0,0.0,14.0,0.0,1.0,0.7,-316.2,-274.8,-233.4,-274.8,2.0,85.7,10.0,0.5,1.0,0.7,-31.8,-18.9,-6.0,-18.9,2.0,26.7,10.0,0.5,1.0,0.7,-149.1,-149.1,-149.1,-149.1,1.0,0.0,14.0,0.0,1.0,0.7,-26.3,-26.3,-26.3,-26.3,1.0,0.0,14.0,0.0,1.0,0.7,-16.3,-16.3,-16.3,-16.3,1.0,0.0,14.0,0.0,1.0,0.7,-2.9,-2.9,-2.9,-2.9,1.0,0.0,14.0,0.0,1.0,0.7,894.5,1402.5,1910.5,1402.5,2.0,1052.5,10.0,0.5,1.0,0.7,895.0,1405.0,1910.0,1405.0,2.0,1050.0,10.0,0.5,1.0,0.7
1974,2,277.0,16.0,25.1,26.5,26.7,26.07,21.0,1.17,16.0,0.4,0.7,0.6,24.2,25.6,27.0,25.78,23.0,1.43,16.0,0.4,0.6,0.6,14.82,15.59,16.63,15.74,19.0,1.25,16.0,0.4,0.7,0.5,71.3,76.9,82.4,77.0,20.0,6.9,16.0,0.4,0.6,4.59,6.2,8.2,6.59,23.0,2.63,16.0,0.4,0.6,0.6,-6.28,-4.79,-2.65,-4.69,23.0,2.0,16.0,0.4,0.6,0.6,-5.64,-2.63,0.0,-2.78,23.0,4.14,16.0,0.4,0.6,0.6,1014.07,1015.95,1017.97,1015.91,22.0,2.06,16.0,0.5,0.7,0.6,1.0,3.0,5.5,3.0,23.0,2.4,16.0,0.4,0.6,0.6,-53.6,-26.0,-18.0,-33.0,23.0,21.7,16.0,0.4,0.6,0.6,-44.3,-16.2,0.0,-24.3,23.0,47.2,16.0,0.4,0.6,0.6,-1.08,0.2,1.95,0.31,21.0,1.84,16.0,0.4,0.7,0.6,-6.2,1.0,8.4,1.9,21.0,11.9,16.0,0.4,0.7,0.6,3.7,5.31,6.48,5.3,19.0,1.49,16.0,0.4,0.7,0.5,20.8,30.8,45.7,33.5,19.0,13.0,16.0,0.4,0.7,0.5,-172.8,-126.4,-63.6,-121.3,23.0,50.5,16.0,0.4,0.6,0.6,-155.6,-70.3,0.0,-68.8,23.0,104.3,16.0,0.4,0.6,0.6,-109.8,-75.7,-48.4,-77.8,19.0,31.2,16.0,0.4,0.7,0.5,-85.2,-43.8,5.8,-32.4,19.0,57.1,16.0,0.4,0.7,0.5,-35.9,-24.0,-15.4,-25.6,19.0,10.7,16.0,0.4,0.7,0.5,-23.6,-13.7,1.9,-13.1,19.0,19.2,16.0,0.4,0.7,0.5,100.0,238.5,551.5,434.0,23.0,619.0,16.0,0.4,0.6,0.6,100.0,240.0,550.0,435.0,23.0,620.0,16.0,0.4,0.6,0.6
1974,2,277.0,17.0,24.51,26.2,26.7,25.94,20.0,1.12,14.0,0.4,0.5,0.4,24.41,25.6,26.79,25.55,20.0,1.34,14.0,0.4,0.5,0.4,14.21,15.29,16.66,15.34,18.0,1.39,12.0,0.4,0.4,0.4,70.5,74.1,83.3,75.6,18.0,5.8,12.0,0.4,0.4,4.6,6.2,11.04,7.27,21.0,3.45,14.0,0.4,0.5,0.4,-6.69,-4.9,-2.29,-4.46,21.0,3.21,14.0,0.4,0.5,0.4,-8.39,0.0,3.73,-1.63,21.0,5.78,14.0,0.4,0.5,0.4,1012.87,1014.4,1017.0,1015.0,22.0,2.64,14.0,0.4,0.5,0.4,1.0,3.0,6.7,3.6,22.0,2.5,14.0,0.4,0.5,0.4,-51.5,-29.4,-12.4,-32.8,21.0,33.5,14.0,0.4,0.5,0.4,-94.8,0.0,23.8,-24.5,21.0,67.5,14.0,0.4,0.5,0.4,-0.84,0.1,2.13,0.52,19.0,1.68,12.0,0.4,0.4,0.4,-6.1,0.0,15.8,3.9,19.0,12.4,12.0,0.4,0.4,0.4,3.44,6.26,7.13,5.72,18.0,1.86,12.0,0.4,0.4,0.4,17.9,36.6,48.3,36.3,18.0,19.6,12.0,0.4,0.4,0.4,-177.5,-127.8,-70.6,-119.9,19.0,83.8,12.0,0.4,0.4,0.4,-116.5,0.0,95.2,-7.0,19.0,110.5,12.0,0.4,0.4,0.4,-110.6,-76.2,-39.7,-70.5,18.0,53.8,12.0,0.4,0.4,0.4,-72.9,0.0,61.7,-3.6,18.0,70.6,12.0,0.4,0.4,0.4,-42.5,-29.5,-12.9,-26.5,18.0,18.6,12.0,0.4,0.4,0.4,-24.1,0.0,23.2,-2.0,18.0,26.2,12.0,0.4,0.4,0.4,97.5,238.5,1355.5,643.0,21.0,807.0,14.0,0.4,0.5,0.4,95.0,240.0,1355.0,645.0,21.0,805.0,14.0,0.4,0.5,0.4
1974,2,277.0,18.0,25.0,26.1,27.03,26.21,7.0,1.01,14.0,0.4,0.4,0.3,25.26,25.95,28.07,26.21,8.0,1.75,14.0,0.5,0.4,0.3,14.77,15.31,16.69,15.03,7.0,2.6,14.0,0.4,0.4,0.3,68.7,74.4,80.1,72.3,7.0,9.5,14.0,0.4,0.3,3.9,6.2,8.42,6.03,7.0,3.96,14.0,0.4,0.4,0.3,-5.84,-3.98,0.0,-3.26,7.0,2.51,14.0,0.4,0.4,0.3,-2.81,0.0,2.39,-0.87,7.0,6.2,14.0,0.4,0.4,0.3,1012.8,1016.45,1017.52,1015.68,8.0,2.6,14.0,0.5,0.4,0.3,2.1,3.0,3.9,3.0,8.0,1.7,14.0,0.5,0.4,0.3,-36.2,-18.3,0.0,-18.9,7.0,15.4,14.0,0.4,0.4,0.3,-18.0,0.0,15.5,-14.8,7.0,71.2,14.0,0.4,0.4,0.3,-1.06,0.3,1.92,0.4,7.0,2.14,14.0,0.4,0.4,0.3,-7.7,0.0,4.6,4.5,7.0,23.2,14.0,0.4,0.4,0.3,3.09,5.69,7.34,6.22,7.0,3.69,14.0,0.4,0.4,0.3,16.5,26.2,34.9,43.0,7.0,59.8,14.0,0.4,0.4,0.3,-161.4,-102.4,0.0,-86.7,7.0,67.7,14.0,0.4,0.4,0.3,-70.7,0.0,66.7,-17.1,7.0,150.7,14.0,0.4,0.4,0.3,-97.1,-60.6,0.0,-52.8,7.0,41.6,14.0,0.4,0.4,0.3,-39.1,0.0,39.7,-0.5,7.0,75.1,14.0,0.4,0.4,0.3,-25.9,-17.3,0.0,-14.6,7.0,11.7,14.0,0.4,0.4,0.3,-20.9,0.0,10.1,-23.0,7.0,68.7,14.0,0.4,0.4,0.3,65.5,238.5,627.5,477.5,7.0,758.0,14.0,0.4,0.4,0.3,65.0,240.0,630.0,475.0,7.0,760.0,14.0,0.4,0.4,0.3
1974,2,277.0,19.0,26.44,26.7,27.35,26.84,5.0,0.6,12.0,1.0,0.5,0.4,23.96,24.9,26.5,25.22,5.0,1.42,12.0,1.0,0.5,0.4,12.6,15.28,18.29,15.44,4.0,4.16,8.0,1.0,0.6,0.3,65.5,77.4,86.5,76.1,4.0,14.4,8.0,1.0,0.3,3.6,6.7,12.33,7.54,5.0,4.95,12.0,1.0,0.5,0.4,-9.32,-6.7,-2.4,-6.14,5.0,4.32,12.0,1.0,0.5,0.4,-6.16,0.0,1.74,-1.84,5.0,5.06,12.0,1.0,0.5,0.4,1014.28,1016.8,1019.77,1017.0,5.0,3.15,12.0,1.0,0.5,0.4,1.0,2.0,4.1,2.6,5.0,2.1,12.0,1.0,0.5,0.4,-115.9,-44.9,-10.9,-62.3,5.0,63.1,12.0,1.0,0.5,0.4,-76.4,0.0,7.6,-29.4,5.0,53.6,12.0,1.0,0.5,0.4,0.7,1.5,2.74,1.62,5.0,1.17,12.0,1.0,0.5,0.4,6.4,13.2,21.9,14.6,5.0,13.2,12.0,1.0,0.5,0.4,4.27,7.21,9.44,6.87,4.0,3.88,8.0,1.0,0.6,0.3,17.9,42.7,99.8,58.1,4.0,61.5,8.0,1.0,0.6,0.3,-227.7,-174.9,-58.5,-151.8,5.0,103.6,12.0,1.0,0.5,0.4,-150.5,0.0,42.9,-45.4,5.0,124.7,12.0,1.0,0.5,0.4,-116.8,-76.9,-32.6,-74.8,4.0,50.3,8.0,1.0,0.6,0.3,-24.3,5.2,35.4,5.5,4.0,42.9,8.0,1.0,0.6,0.3,-95.2,-36.3,-11.7,-52.7,4.0,59.2,8.0,1.0,0.6,0.3,-26.0,0.5,14.7,-5.4,4.0,32.1,8.0,1.0,0.6,0.3,84.5,301.0,1881.0,862.0,5.0,998.5,12.0,1.0,0.5,0.4,85.0,300.0,1880.0,860.0,5.0,1000.0,12.0,1.0,0.5,0.4
1974,2,277.0,20.0,24.86,26.0,27.71,26.25,47.0,1.36,14.0,0.5,0.6,0.5,22.99,25.0,26.21,24.77,45.0,1.98,14.0,0.5,0.6,0.4,11.91,15.05,16.49,14.58,39.0,2.25,14.0,0.5,0.5,0.5,64.3,74.6,83.9,74.5,39.0,8.6,14.0,0.5,0.5,4.1,5.1,8.05,5.87,47.0,2.9,14.0,0.5,0.6,0.5,-6.27,-4.42,-1.33,-3.84,47.0,2.94,14.0,0.5,0.6,0.5,-4.5,-1.34,0.86,-1.73,47.0,4.1,14.0,0.5,0.6,0.5,1014.0,1016.1,1019.41,1016.29,48.0,3.1,14.0,0.5,0.6,0.5,1.0,3.0,6.0,3.4,48.0,2.5,14.0,0.5,0.6,0.5,-44.7,-24.7,-2.9,-26.1,47.0,25.6,14.0,0.5,0.6,0.5,-28.4,-4.5,4.3,-17.0,47.0,44.3,14.0,0.5,0.6,0.5,-0.52,1.75,3.42,1.46,44.0,2.1,14.0,0.5,0.6,0.4,-2.1,8.6,20.5,11.3,43.0,18.3,14.0,0.5,0.6,0.4,3.59,6.88,9.78,6.81,39.0,2.65,14.0,0.5,0.5,0.5,14.8,35.8,63.1,40.7,38.0,29.8,14.0,0.5,0.6,0.5,-152.2,-111.4,-44.8,-94.5,44.0,72.7,14.0,0.5,0.6,0.4,-113.4,-36.6,20.5,-41.4,44.0,93.2,14.0,0.5,0.6,0.4,-89.5,-64.4,-31.2,-59.3,38.0,36.9,14.0,0.5,0.6,0.5,-61.5,-16.4,11.9,-22.9,38.0,53.1,14.0,0.5,0.6,0.5,-50.9,-25.0,-9.8,-27.7,38.0,20.3,14.0,0.5,0.6,0.5,-27.8,-7.8,2.6,-15.8,38.0,33.6,14.0,0.5,0.6,0.5,69.0,132.5,523.0,363.5,47.0,556.0,14.0,0.5,0.6,0.5,70.0,135.0,525.0,365.0,47.0,555.0,14.0,0.5,0.6,0.5
1974,2,277.0,21.0,25.48,26.0,26.37,25.93,4.0,0.7,22.0,0.5,0.5,0.2,20.91,21.75,24.52,22.68,4.0,2.97,22.0,0.5,0.5,0.2,6.99,6.99,6.99,6.99,1.0,0.0,28.0,0.0,0.3,0.2,43.9,43.9,43.9,43.9,1.0,0.0,28.0,0.0,0.2,5.76,8.35,12.14,8.92,4.0,4.57,22.0,0.5,0.5,0.2,-5.9,-1.32,0.0,-2.87,4.0,4.18,22.0,0.5,0.5,0.2,-11.3,-5.62,-2.72,-6.95,4.0,5.85,22.0,0.5,0.5,0.2,1017.69,1021.3,1022.81,1020.3,4.0,3.4,22.0,0.5,0.5,0.2,2.4,6.0,8.0,5.3,4.0,3.4,22.0,0.5,0.5,0.2,-51.4,-10.1,0.0,-25.0,4.0,37.7,22.0,0.5,0.5,0.2,-144.4,-35.9,-15.0,-77.7,4.0,100.1,22.0,0.5,0.5,0.2,1.48,4.5,4.9,3.25,4.0,2.85,22.0,0.5,0.5,0.2,3.3,27.7,56.1,29.6,4.0,34.3,22.0,0.5,0.5,0.2,14.7,14.7,14.7,14.7,1.0,0.0,28.0,0.0,0.3,0.2,113.2,113.2,113.2,113.2,1.0,0.0,28.0,0.0,0.3,0.2,-152.6,-28.6,0.0,-74.1,4.0,113.4,22.0,0.5,0.5,0.2,-233.5,-122.1,-63.6,-147.4,4.0,114.0,22.0,0.5,0.5,0.2,-18.4,-18.4,-18.4,-18.4,1.0,0.0,28.0,0.0,0.3,0.2,-50.6,-50.6,-50.6,-50.6,1.0,0.0,28.0,0.0,0.3,0.2,-38.7,-38.7,-38.7,-38.7,1.0,0.0,28.0,0.0,0.3,0.2,-106.3,-106.3,-106.3,-106.3,1.0,0.0,28.0,0.0,0.3,0.2,251.0,593.0,2115.0,1156.0,4.0,1504.0,22.0,0.5,0.5,0.2,250.0,595.0,2115.0,1155.0,4.0,1505.0,22.0,0.5,0.5,0.2
1974,2,277.0,22.0,25.11,26.65,28.19,26.65,2.0,3.18,22.0,1.0,0.5,0.6,24.45,26.7,28.95,26.7,2.0,4.67,22.0,1.0,0.5,0.6,16.54,16.54,16.54,16.54,1.0,0.0,20.0,1.0,0.7,0.3,92.4,92.4,92.4,92.4,1.0,0.0,20.0,1.0,0.3,0.0,0.0,0.0,0.0,1.0,0.0,22.0,1.0,0.4,0.9,0.0,0.0,0.0,0.0,1.0,0.0,22.0,1.0,0.4,0.9,0.0,0.0,0.0,0.0,1.0,0.0,22.0,1.0,0.4,0.9,1015.46,1016.65,1017.84,1016.65,2.0,2.47,22.0,1.0,0.5,0.6,0.6,2.0,3.4,2.0,2.0,2.8,22.0,1.0,0.5,0.6,0.0,0.0,0.0,0.0,1.0,0.0,22.0,1.0,0.4,0.9,0.0,0.0,0.0,0.0,1.0,0.0,22.0,1.0,0.4,0.9,,,,,,,,,,,,,,,,,,,,,,,,,,,,,,,,,,,,,,,,,,,,,,,,,,,,,,,,,,,,,,,,,,,,,,,,,,,,,,,,,,,,,,,,,,,,,,,,,,,,,,,,,,,,,,,,,,,,,,,,
1974,2,277.0,23.0,24.0,24.8,26.4,25.01,30.0,1.4,14.0,0.5,0.7,0.4,20.19,23.8,25.6,23.09,31.0,2.87,12.0,0.5,0.7,0.4,11.5,14.29,15.48,13.38,13.0,2.49,16.0,0.3,0.6,0.6,68.8,78.3,84.0,77.1,13.0,10.3,16.0,0.3,0.6,0.0,5.0,9.2,5.5,29.0,4.03,12.0,0.5,0.7,0.4,-7.35,-2.96,0.0,-3.37,29.0,4.31,12.0,0.5,0.7,0.4,-3.89,0.0,3.69,-0.8,29.0,4.07,12.0,0.5,0.7,0.4,1014.6,1017.0,1022.2,1017.58,29.0,3.77,12.0,0.5,0.7,0.4,2.0,3.0,6.6,3.8,29.0,2.4,12.0,0.6,0.7,0.4,-56.6,-13.6,0.0,-29.9,29.0,51.7,12.0,0.5,0.7,0.4,-21.8,0.0,16.0,-9.0,29.0,36.1,12.0,0.5,0.7,0.4,-0.28,1.25,5.42,1.96,30.0,2.67,14.0,0.5,0.7,0.4,0.0,6.1,19.9,13.9,28.0,21.5,12.0,0.5,0.7,0.4,4.02,6.17,8.26,6.38,12.0,2.55,16.0,0.3,0.6,0.6,30.3,41.7,67.1,50.2,12.0,27.6,16.0,0.3,0.6,0.6,-182.4,-59.9,0.0,-78.6,29.0,102.8,12.0,0.5,0.7,0.4,-91.2,0.0,89.7,-12.7,29.0,87.5,12.0,0.5,0.7,0.4,-119.5,-66.1,-42.8,-79.9,13.0,56.8,16.0,0.3,0.6,0.6,-70.8,0.0,55.5,-11.6,13.0,60.0,16.0,0.3,0.6,0.6,-41.5,-36.2,-18.5,-32.1,12.0,15.6,16.0,0.3,0.6,0.6,-60.9,0.0,9.3,-17.6,12.0,42.5,16.0,0.3,0.6,0.6,0.0,125.0,801.0,443.5,29.0,747.0,12.0,0.5,0.7,0.4,0.0,125.0,800.0,445.0,29.0,745.0,12.0,0.5,0.7,0.4
1974,2,277.0,24.0,22.2,23.55,25.6,23.79,64.0,1.68,16.0,0.6,0.6,0.3,19.92,22.8,25.0,22.46,65.0,3.0,16.0,0.6,0.6,0.3,9.84,12.8,15.99,12.91,64.0,3.08,16.0,0.6,0.6,0.3,64.2,75.5,84.9,75.6,64.0,10.5,16.0,0.6,0.3,3.1,6.7,10.3,6.96,66.0,3.18,16.0,0.6,0.6,0.3,-6.79,-2.62,1.05,-2.57,66.0,3.94,16.0,0.6,0.6,0.3,-7.67,-0.27,5.0,-0.92,66.0,6.02,16.0,0.6,0.6,0.3,1014.6,1018.85,1022.27,1018.68,66.0,3.78,16.0,0.6,0.6,0.3,1.0,4.0,7.8,4.0,65.0,2.7,16.0,0.6,0.6,0.3,-54.9,-12.4,3.2,-22.3,66.0,40.4,16.0,0.6,0.6,0.3,-70.2,-0.8,32.3,-11.7,66.0,59.4,16.0,0.6,0.6,0.3,-1.7,1.25,4.0,1.3,64.0,3.14,16.0,0.6,0.6,0.3,-13.0,6.3,28.5,10.2,64.0,27.3,16.0,0.6,0.6,0.3,2.13,5.68,8.98,5.43,63.0,3.24,16.0,0.6,0.6,0.3,14.8,28.0,69.0,37.7,63.0,33.4,16.0,0.6,0.6,0.3,-135.1,-61.4,17.6,-55.9,65.0,88.2,16.0,0.6,0.6,0.3,-167.5,-12.6,126.4,-10.2,65.0,131.3,16.0,0.6,0.6,0.3,-78.2,-38.3,7.7,-33.6,64.0,50.9,16.0,0.6,0.6,0.3,-82.0,-8.6,82.0,-1.9,64.0,76.6,16.0,0.6,0.6,0.3,-31.3,-7.5,9.9,-11.4,63.0,26.5,16.0,0.6,0.6,0.3,-49.7,-5.3,15.8,-16.2,63.0,38.2,16.0,0.6,0.6,0.3,30.0,306.0,1092.5,554.5,66.0,644.5,16.0,0.6,0.6,0.3,30.0,305.0,1095.0,555.0,66.0,645.0,16.0,0.6,0.6,0.3
1974,2,277.0,25.0,22.75,24.35,24.9,23.85,4.0,1.51,8.0,0.5,0.4,0.5,22.75,22.9,23.16,22.95,4.0,0.26,8.0,0.5,0.4,0.5,14.61,14.81,15.53,15.06,4.0,0.74,8.0,0.5,0.4,0.5,84.7,85.5,88.4,86.5,4.0,2.9,8.0,0.5,0.5,3.55,4.85,7.3,5.4,4.0,2.82,8.0,0.5,0.4,0.5,-5.17,0.77,4.31,-0.37,4.0,5.94,8.0,0.5,0.4,0.5,-1.97,0.39,3.23,0.62,4.0,3.29,8.0,0.5,0.4,0.5,1012.8,1015.35,1016.95,1014.9,4.0,2.97,8.0,0.5,0.4,0.5,0.0,1.0,5.1,2.5,4.0,3.8,8.0,0.5,0.4,0.5,-41.7,5.5,21.1,-9.6,4.0,45.4,8.0,0.5,0.4,0.5,-9.3,-0.1,24.7,7.4,4.0,25.0,8.0,0.5,0.4,0.5,-0.15,1.3,1.91,0.9,4.0,1.42,8.0,0.5,0.4,0.5,-3.3,4.5,7.2,2.1,4.0,8.6,8.0,0.5,0.4,0.5,2.55,3.59,4.24,3.4,4.0,1.33,8.0,0.5,0.4,0.5,12.1,16.6,20.3,16.2,4.0,5.4,8.0,0.5,0.4,0.5,-118.3,16.8,98.6,-8.6,4.0,135.8,8.0,0.5,0.4,0.5,-44.9,9.3,74.1,14.4,4.0,74.9,8.0,0.5,0.4,0.5,-76.4,9.9,63.9,-5.5,4.0,87.1,8.0,0.5,0.4,0.5,-29.1,6.9,48.1,9.4,4.0,48.2,8.0,0.5,0.4,0.5,-10.2,4.9,17.5,3.7,4.0,16.1,8.0,0.5,0.4,0.5,-9.0,1.4,6.8,-1.0,4.0,10.0,8.0,0.5,0.4,0.5,55.5,115.0,484.5,263.0,4.0,364.0,8.0,0.5,0.4,0.5,55.0,115.0,485.0,265.0,4.0,365.0,8.0,0.5,0.4,0.5
1974,2,277.0,26.0,21.8,22.0,24.66,23.2,3.0,2.34,14.0,0.0,0.2,0.5,17.32,22.3,23.32,20.37,3.0,4.71,14.0,0.0,0.2,0.5,11.34,15.44,16.1,13.76,3.0,3.78,14.0,0.0,0.2,0.5,89.8,90.2,91.7,90.7,3.0,1.4,14.0,0.0,0.5,4.9,7.7,11.59,8.23,3.0,4.92,14.0,0.0,0.2,0.5,-3.96,-2.63,-1.68,-2.82,3.0,1.68,14.0,0.0,0.2,0.5,-9.67,-3.38,3.87,-2.91,3.0,9.92,14.0,0.0,0.2,0.5,1015.84,1017.0,1021.57,1018.67,3.0,4.44,14.0,0.0,0.2,0.5,4.3,5.0,5.0,4.7,3.0,0.6,14.0,0.0,0.2,0.5,-48.4,-20.3,-9.5,-28.7,3.0,29.4,14.0,0.0,0.2,0.5,-119.0,-12.2,34.2,-41.7,3.0,115.1,14.0,0.0,0.2,0.5,0.26,2.1,5.44,2.83,3.0,3.85,14.0,0.0,0.2,0.5,-0.8,7.6,66.4,32.2,3.0,53.7,14.0,0.0,0.2,0.5,1.86,4.39,6.08,3.98,3.0,3.11,14.0,0.0,0.2,0.5,8.6,15.8,67.8,37.7,3.0,47.3,14.0,0.0,0.2,0.5,-65.6,-58.7,-38.6,-52.3,3.0,20.5,14.0,0.0,0.2,0.5,-154.5,-80.5,84.6,-36.0,3.0,179.3,14.0,0.0,0.2,0.5,-42.4,-40.7,-26.7,-34.7,3.0,12.6,14.0,0.0,0.2,0.5,-98.7,-55.5,58.7,-20.8,3.0,119.1,14.0,0.0,0.2,0.5,-23.2,-5.4,-2.9,-12.9,3.0,16.2,14.0,0.0,0.2,0.5,-63.7,-14.9,-1.3,-32.1,3.0,48.1,14.0,0.0,0.2,0.5,177.0,456.5,1787.5,970.0,3.0,1260.5,14.0,0.0,0.2,0.5,175.0,455.0,1785.0,970.0,3.0,1260.0,14.0,0.0,0.2,0.5
1974,2,277.0,27.0,22.52,23.0,24.3,23.4,3.0,1.35,12.0,0.3,0.5,0.5,16.36,18.0,23.46,19.87,3.0,5.45,12.0,0.3,0.5,0.5,8.67,8.67,8.67,8.67,1.0,0.0,4.0,1.0,0.1,0.1,79.1,79.1,79.1,79.1,1.0,0.0,4.0,1.0,0.1,1.97,6.2,11.8,6.87,3.0,7.22,12.0,0.3,0.5,0.5,1.26,3.99,4.63,2.97,3.0,2.61,12.0,0.3,0.5,0.5,-10.74,-4.75,-1.51,-6.09,3.0,6.87,12.0,0.3,0.5,0.5,1016.02,1018.2,1023.39,1019.67,3.0,5.55,12.0,0.3,0.5,0.5,1.3,2.0,5.4,3.3,3.0,3.2,12.0,0.3,0.5,0.5,7.8,24.7,56.3,31.9,3.0,36.0,12.0,0.3,0.5,0.5,-142.4,-29.4,-9.3,-74.8,3.0,105.0,12.0,0.3,0.5,0.5,-0.94,5.0,7.94,3.53,3.0,6.62,12.0,0.3,0.5,0.5,9.8,31.0,101.3,55.0,3.0,70.1,12.0,0.3,0.5,0.5,10.94,10.94,10.94,10.94,1.0,0.0,4.0,1.0,0.1,0.1,157.6,157.6,157.6,157.6,1.0,0.0,4.0,1.0,0.1,0.1,22.8,71.7,75.2,49.5,3.0,43.0,12.0,0.3,0.5,0.5,-171.2,-85.5,-27.1,-98.9,3.0,106.2,12.0,0.3,0.5,0.5,42.7,42.7,42.7,42.7,1.0,0.0,4.0,1.0,0.1,0.1,-117.4,-117.4,-117.4,-117.4,1.0,0.0,4.0,1.0,0.1,0.1,53.9,53.9,53.9,53.9,1.0,0.0,4.0,1.0,0.1,0.1,-148.1,-148.1,-148.1,-148.1,1.0,0.0,4.0,1.0,0.1,0.1,75.5,238.5,2114.0,1075.0,3.0,1659.5,12.0,0.3,0.5,0.5,75.0,240.0,2115.0,1075.0,3.0,1660.0,12.0,0.3,0.5,0.5
1974,2,277.0,28.0,22.2,22.2,22.2,22.2,1.0,0.0,12.0,0.0,0.5,0.6,16.7,16.7,16.7,16.7,1.0,0.0,12.0,0.0,0.5,0.6,7.51,7.51,7.51,7.51,1.0,0.0,12.0,0.0,0.5,0.6,64.6,64.6,64.6,64.6,1.0,0.0,12.0,0.0,0.6,3.1,3.1,3.1,3.1,1.0,0.0,12.0,0.0,0.5,0.6,-1.99,-1.99,-1.99,-1.99,1.0,0.0,12.0,0.0,0.5,0.6,2.37,2.37,2.37,2.37,1.0,0.0,12.0,0.0,0.5,0.6,1025.5,1025.5,1025.5,1025.5,1.0,0.0,12.0,0.0,0.5,0.6,0.0,0.0,0.0,0.0,1.0,0.0,12.0,0.0,0.5,0.6,-6.2,-6.2,-6.2,-6.2,1.0,0.0,12.0,0.0,0.5,0.6,7.4,7.4,7.4,7.4,1.0,0.0,12.0,0.0,0.5,0.6,5.5,5.5,5.5,5.5,1.0,0.0,12.0,0.0,0.5,0.6,17.1,17.1,17.1,17.1,1.0,0.0,12.0,0.0,0.5,0.6,8.95,8.95,8.95,8.95,1.0,0.0,12.0,0.0,0.5,0.6,27.8,27.8,27.8,27.8,1.0,0.0,12.0,0.0,0.5,0.6,-33.3,-33.3,-33.3,-33.3,1.0,0.0,12.0,0.0,0.5,0.6,39.7,39.7,39.7,39.7,1.0,0.0,12.0,0.0,0.5,0.6,-15.0,-15.0,-15.0,-15.0,1.0,0.0,12.0,0.0,0.5,0.6,17.8,17.8,17.8,17.8,1.0,0.0,12.0,0.0,0.5,0.6,-17.8,-17.8,-17.8,-17.8,1.0,0.0,12.0,0.0,0.5,0.6,21.3,21.3,21.3,21.3,1.0,0.0,12.0,0.0,0.5,0.6,30.0,30.0,30.0,30.0,1.0,0.0,12.0,0.0,0.5,0.6,30.0,30.0,30.0,30.0,1.0,0.0,12.0,0.0,0.5,0.6
1974,2,277.0,42.0,0.0,0.0,0.14,0.07,3.0,0.12,22.0,1.0,0.2,0.5,-8.11,-0.95,2.07,-2.92,4.0,6.74,22.0,1.0,0.2,0.4,1.67,2.38,2.72,2.2,4.0,0.71,22.0,1.0,0.2,0.4,62.5,71.7,79.0,70.8,4.0,10.3,22.0,1.0,0.4,5.39,5.7,6.49,5.93,4.0,0.9,22.0,1.0,0.2,0.4,3.35,4.71,5.57,4.47,4.0,1.33,22.0,1.0,0.2,0.4,1.04,3.95,4.79,2.96,4.0,2.73,22.0,1.0,0.2,0.4,1014.55,1022.65,1027.24,1020.98,4.0,8.02,22.0,1.0,0.2,0.4,0.0,3.0,7.0,3.5,4.0,4.1,22.0,1.0,0.2,0.4,18.0,26.0,36.0,27.0,4.0,10.8,22.0,1.0,0.2,0.4,5.0,22.4,30.9,18.1,4.0,17.3,22.0,1.0,0.2,0.4,-0.36,3.6,9.47,4.53,3.0,7.25,22.0,1.0,0.2,0.5,-4.3,20.5,54.0,24.7,3.0,42.8,22.0,1.0,0.2,0.5,1.33,1.55,2.25,1.78,3.0,0.7,22.0,1.0,0.2,0.5,8.8,8.8,12.8,10.8,3.0,3.4,22.0,1.0,0.2,0.5,-27.8,-6.8,10.1,-8.8,4.0,22.6,22.0,1.0,0.2,0.4,-29.9,4.6,8.5,-10.0,4.0,33.6,22.0,1.0,0.2,0.4,7.1,11.6,13.3,10.3,4.0,4.7,22.0,1.0,0.2,0.4,1.7,7.7,10.7,6.3,4.0,6.1,22.0,1.0,0.2,0.4,6.9,7.3,8.3,7.6,3.0,1.0,22.0,1.0,0.2,0.5,0.7,5.6,10.5,5.6,3.0,7.1,22.0,1.0,0.2,0.5,157.5,185.0,283.5,219.0,4.0,105.5,22.0,1.0,0.2,0.4,160.0,185.0,285.0,220.0,4.0,105.0,22.0,1.0,0.2,0.4
1974,2,277.0,43.0,0.2,0.2,0.2,0.2,1.0,0.0,10.0,0.0,0.6,0.0,-11.53,-6.0,-5.66,-8.53,3.0,4.83,10.0,0.7,0.6,0.1,1.32,1.78,1.88,1.6,3.0,0.44,10.0,0.7,0.6,0.1,73.9,79.9,84.7,79.3,3.0,7.9,10.0,0.7,0.1,5.45,6.2,7.22,6.33,3.0,1.31,10.0,0.7,0.6,0.1,3.69,4.95,5.0,4.36,3.0,1.09,10.0,0.7,0.6,0.1,-4.31,-0.89,3.38,-0.47,3.0,5.65,10.0,0.7,0.6,0.1,1014.81,1017.4,1017.88,1016.37,3.0,2.42,10.0,0.7,0.6,0.1,3.3,6.0,7.4,5.3,3.0,3.1,10.0,0.7,0.6,0.1,21.2,25.6,34.1,27.6,3.0,9.6,10.0,0.7,0.6,0.1,-32.4,-4.5,21.3,-5.5,3.0,39.4,10.0,0.7,0.6,0.1,14.3,14.3,14.3,14.3,1.0,0.0,10.0,0.0,0.6,0.0,88.7,88.7,88.7,88.7,1.0,0.0,10.0,0.0,0.6,0.0,2.73,2.73,2.73,2.73,1.0,0.0,10.0,0.0,0.6,0.0,16.9,16.9,16.9,16.9,1.0,0.0,10.0,0.0,0.6,0.0,-39.3,-29.7,-28.3,-33.7,3.0,8.8,10.0,0.7,0.6,0.1,-50.1,4.9,25.7,-11.8,3.0,57.4,10.0,0.7,0.6,0.1,5.2,8.9,9.3,7.3,3.0,3.4,10.0,0.7,0.6,0.1,-8.2,-1.6,3.6,-2.3,3.0,8.7,10.0,0.7,0.6,0.1,8.4,8.4,8.4,8.4,1.0,0.0,10.0,0.0,0.6,0.0,14.6,14.6,14.6,14.6,1.0,0.0,10.0,0.0,0.6,0.0,166.0,238.5,387.5,276.0,3.0,165.0,10.0,0.7,0.6,0.1,165.0,240.0,385.0,275.0,3.0,165.0,10.0,0.7,0.6,0.1
1974,2,277.0,44.0,2.73,2.8,2.87,2.8,2.0,0.14,10.0,0.5,0.9,0.3,-5.06,-4.75,-4.44,-4.75,2.0,0.64,10.0,0.5,0.9,0.3,2.12,2.21,2.31,2.21,2.0,0.2,10.0,0.5,0.9,0.3,81.5,83.3,85.1,83.3,2.0,3.7,10.0,0.5,0.3,8.7,8.7,8.7,8.7,2.0,0.0,10.0,0.5,0.9,0.3,5.76,6.13,6.49,6.13,2.0,0.76,10.0,0.5,0.9,0.3,-6.49,-6.13,-5.76,-6.13,2.0,0.76,10.0,0.5,0.9,0.3,1013.85,1014.6,1015.35,1014.6,2.0,1.56,10.0,0.5,0.9,0.3,7.0,7.0,7.0,7.0,2.0,0.0,10.0,0.5,0.9,0.3,50.1,53.3,56.5,53.3,2.0,6.6,10.0,0.5,0.9,0.3,-56.5,-53.3,-50.1,-53.3,2.0,6.6,10.0,0.5,0.9,0.3,7.31,7.55,7.79,7.55,2.0,0.49,10.0,0.5,0.9,0.3,63.6,65.7,67.8,65.7,2.0,4.3,10.0,0.5,0.9,0.3,2.32,2.4,2.48,2.4,2.0,0.16,10.0,0.5,0.9,0.3,20.2,20.9,21.6,20.9,2.0,1.4,10.0,0.5,0.9,0.3,-33.0,-29.4,-25.7,-29.4,2.0,7.5,10.0,0.5,0.9,0.3,28.7,28.9,29.0,28.9,2.0,0.3,10.0,0.5,0.9,0.3,13.3,13.5,13.7,13.5,2.0,0.4,10.0,0.5,0.9,0.3,-15.0,-13.6,-12.2,-13.6,2.0,2.9,10.0,0.5,0.9,0.3,13.4,14.8,16.1,14.8,2.0,2.8,10.0,0.5,0.9,0.3,-15.1,-14.7,-14.3,-14.7,2.0,0.8,10.0,0.5,0.9,0.3,658.5,658.5,658.5,658.5,2.0,0.0,10.0,0.5,0.9,0.3,660.0,660.0,660.0,660.0,2.0,0.0,10.0,0.5,0.9,0.3
1974,2,278.0,-60.0,6.16,6.5,6.84,6.5,2.0,0.71,12.0,1.0,0.6,0.8,6.16,6.5,6.84,6.5,2.0,0.71,12.0,1.0,0.6,0.8,5.47,5.47,5.47,5.47,1.0,0.0,2.0,1.0,0.5,1.0,91.4,91.4,91.4,91.4,1.0,0.0,2.0,1.0,1.0,10.75,14.5,18.25,14.5,2.0,7.78,12.0,1.0,0.6,0.8,-1.04,6.41,13.86,6.41,2.0,15.43,12.0,1.0,0.6,0.8,-7.18,-1.1,4.97,-1.1,2.0,12.58,12.0,1.0,0.6,0.8,978.53,979.9,981.27,979.9,2.0,2.83,12.0,1.0,0.6,0.8,8.0,8.0,8.0,8.0,1.0,0.0,2.0,1.0,0.5,1.0,20.9,153.0,285.0,153.0,2.0,273.6,12.0,1.0,0.6,0.8,-157.1,-64.9,27.3,-64.9,2.0,191.0,12.0,1.0,0.6,0.8,-0.68,0.0,0.68,0.0,2.0,1.41,12.0,1.0,0.6,0.8,-15.4,-5.5,4.4,-5.5,2.0,20.5,12.0,1.0,0.6,0.8,0.95,0.95,0.95,0.95,1.0,0.0,2.0,1.0,0.5,1.0,8.5,8.5,8.5,8.5,1.0,0.0,2.0,1.0,0.5,1.0,-3.5,47.1,97.7,47.1,2.0,104.8,12.0,1.0,0.6,0.8,-51.5,-11.6,28.2,-11.6,2.0,82.6,12.0,1.0,0.6,0.8,-24.6,-24.6,-24.6,-24.6,1.0,0.0,2.0,1.0,0.5,1.0,42.7,42.7,42.7,42.7,1.0,0.0,2.0,1.0,0.5,1.0,-4.3,-4.3,-4.3,-4.3,1.0,0.0,2.0,1.0,0.5,1.0,7.4,7.4,7.4,7.4,1.0,0.0,2.0,1.0,0.5,1.0,1883.0,4364.5,6846.0,4364.5,2.0,5141.5,12.0,1.0,0.6,0.8,1885.0,4365.0,6845.0,4365.0,2.0,5140.0,12.0,1.0,0.6,0.8
1974,2,278.0,-58.0,7.3,7.3,7.3,7.3,1.0,0.0,2.0,0.0,0.8,0.2,6.4,6.4,6.4,6.4,1.0,0.0,2.0,0.0,0.8,0.2,5.16,5.16,5.16,5.16,1.0,0.0,2.0,0.0,0.8,0.2,83.4,83.4,83.4,83.4,1.0,0.0,2.0,0.0,0.2,13.0,13.0,13.0,13.0,1.0,0.0,2.0,0.0,0.8,0.2,11.26,11.26,11.26,11.26,1.0,0.0,2.0,0.0,0.8,0.2,-6.5,-6.5,-6.5,-6.5,1.0,0.0,2.0,0.0,0.8,0.2,974.1,974.1,974.1,974.1,1.0,0.0,2.0,0.0,0.8,0.2,8.0,8.0,8.0,8.0,1.0,0.0,2.0,0.0,0.8,0.2,146.4,146.4,146.4,146.4,1.0,0.0,2.0,0.0,0.8,0.2,-84.5,-84.5,-84.5,-84.5,1.0,0.0,2.0,0.0,0.8,0.2,0.9,0.9,0.9,0.9,1.0,0.0,2.0,0.0,0.8,0.2,11.7,11.7,11.7,11.7,1.0,0.0,2.0,0.0,0.8,0.2,1.42,1.42,1.42,1.42,1.0,0.0,2.0,0.0,0.8,0.2,18.5,18.5,18.5,18.5,1.0,0.0,2.0,0.0,0.8,0.2,72.1,72.1,72.1,72.1,1.0,0.0,2.0,0.0,0.8,0.2,-41.6,-41.6,-41.6,-41.6,1.0,0.0,2.0,0.0,0.8,0.2,58.1,58.1,58.1,58.1,1.0,0.0,2.0,0.0,0.8,0.2,-33.5,-33.5,-33.5,-33.5,1.0,0.0,2.0,0.0,0.8,0.2,16.0,16.0,16.0,16.0,1.0,0.0,2.0,0.0,0.8,0.2,-9.3,-9.3,-9.3,-9.3,1.0,0.0,2.0,0.0,0.8,0.2,2197.0,2197.0,2197.0,2197.0,1.0,0.0,2.0,0.0,0.8,0.2,2195.0,2195.0,2195.0,2195.0,1.0,0.0,2.0,0.0,0.8,0.2
1974,2,278.0,-52.0,,,,,,,,,,,,,,,,,,,,,,,,,,,,,,,,,,,,,,,,13.32,14.0,14.68,14.0,2.0,1.41,26.0,1.0,0.7,0.6,9.9,10.45,11.0,10.45,2.0,1.14,26.0,1.0,0.7,0.6,-10.7,-9.0,-7.29,-9.0,2.0,3.53,26.0,1.0,0.7,0.6,999.9,1002.05,1004.2,1002.05,2.0,4.45,26.0,1.0,0.7,0.6,6.3,7.0,7.7,7.0,2.0,1.4,26.0,1.0,0.7,0.6,144.9,145.5,146.1,145.5,2.0,1.2,26.0,1.0,0.7,0.6,-158.4,-128.4,-98.4,-128.4,2.0,62.1,26.0,1.0,0.7,0.6,,,,,,,,,,,,,,,,,,,,,,,,,,,,,,,,,,,,,,,,,100.0,105.5,111.1,105.5,2.0,11.5,26.0,1.0,0.7,0.6,-108.1,-90.9,-73.6,-90.9,2.0,35.6,26.0,1.0,0.7,0.6,71.0,71.0,71.0,71.0,1.0,0.0,26.0,1.0,0.7,0.9,-84.6,-84.6,-84.6,-84.6,1.0,0.0,26.0,1.0,0.7,0.9,,,,,,,,,,,,,,,,,,,,,,,,,,,,,,,,,,,,,,,,
1974,2,278.0,-51.0,,,,,,,,,,,,,,,,,,,,,,,,,,,,,,,,,,,,,,,,12.0,12.0,12.0,12.0,1.0,0.0,28.0,1.0,0.7,0.9,10.39,10.39,10.39,10.39,1.0,0.0,28.0,1.0,0.7,0.9,-6.0,-6.0,-6.0,-6.0,1.0,0.0,28.0,1.0,0.7,0.9,1001.5,1001.5,1001.5,1001.5,1.0,0.0,28.0,1.0,0.7,0.9,,,,,,,,,,,,,,,,,,,,,,,,,,,,,,,,,,,,,,,,,,,,,,,,,,,,,,,,,,,,,,,,,,,,,,,,,,,,,,,,,,,,,,,,,,,,,,,,,,,,,,,,,,,,,,,,,,,,,,,,,,,,,,,,,,,,,,,,,,,,,,,,,,,,,,
1974,2,278.0,-50.0,8.0,8.0,8.0,8.0,1.0,0.0,28.0,0.0,0.7,0.8,12.2,12.2,12.2,12.2,1.0,0.0,26.0,1.0,0.5,0.3,7.45,7.45,7.45,7.45,1.0,0.0,26.0,1.0,0.5,0.3,84.1,84.1,84.1,84.1,1.0,0.0,26.0,1.0,0.3,12.0,12.0,12.0,12.0,1.0,0.0,28.0,0.0,0.7,0.8,10.39,10.39,10.39,10.39,1.0,0.0,28.0,0.0,0.7,0.8,-6.0,-6.0,-6.0,-6.0,1.0,0.0,28.0,0.0,0.7,0.8,1002.29,1004.0,1005.71,1004.0,2.0,3.54,26.0,0.5,0.6,0.5,1.0,3.0,5.0,3.0,2.0,4.2,26.0,0.5,0.6,0.5,124.7,124.7,124.7,124.7,1.0,0.0,28.0,0.0,0.7,0.8,-72.0,-72.0,-72.0,-72.0,1.0,0.0,28.0,0.0,0.7,0.8,,,,,,,,,,,,,,,,,,,,,,,,,,,,,,,,,,,,,,,,,,,,,,,,,,,,,,,,,,,,,,,,,,,,,,,,,,,,,,,,,,,,,,,,,,,,,,,,,,,,,,,,,,,,,,,,,,,,,,,,
1974,2,278.0,-48.0,,,,,,,,,,,,,,,,,,,,,,,,,,,,,,,,,,,,,,,,10.0,10.0,10.0,10.0,1.0,0.0,28.0,1.0,0.7,1.0,8.66,8.66,8.66,8.66,1.0,0.0,28.0,1.0,0.7,1.0,-5.0,-5.0,-5.0,-5.0,1.0,0.0,28.0,1.0,0.7,1.0,1009.3,1009.3,1009.3,1009.3,1.0,0.0,28.0,1.0,0.7,1.0,,,,,,,,,,,,,,,,,,,,,,,,,,,,,,,,,,,,,,,,,,,,,,,,,,,,,,,,,,,,,,,,,,,,,,,,,,,,,,,,,,,,,,,,,,,,,,,,,,,,,,,,,,,,,,,,,,,,,,,,,,,,,,,,,,,,,,,,,,,,,,,,,,,,,,
1974,2,278.0,-47.0,,,,,,,,,,,,,,,,,,,,,,,,,,,,,,,,,,,,,,,,7.95,10.0,12.05,10.0,2.0,4.24,26.0,0.5,0.7,0.6,4.59,4.9,5.22,4.9,2.0,0.65,26.0,0.5,0.7,0.6,-9.56,-3.86,1.85,-3.86,2.0,11.82,26.0,0.5,0.7,0.6,1001.5,1001.5,1008.46,1004.9,3.0,5.89,26.0,0.7,0.6,0.6,4.6,8.0,8.0,6.3,3.0,2.9,26.0,0.7,0.6,0.6,40.8,47.7,54.6,47.7,2.0,14.3,26.0,0.5,0.7,0.6,-128.6,-63.7,1.3,-63.7,2.0,134.6,26.0,0.5,0.7,0.6,,,,,,,,,,,,,,,,,,,,,,,,,,,,,,,,,,,,,,,,,60.8,61.6,62.4,61.6,2.0,1.6,26.0,0.5,0.7,0.6,-131.4,-56.7,17.9,-56.7,2.0,154.7,26.0,0.5,0.7,0.6,39.2,41.2,43.2,41.2,2.0,4.1,26.0,0.5,0.7,0.6,-82.7,-34.1,14.4,-34.1,2.0,100.6,26.0,0.5,0.7,0.6,,,,,,,,,,,,,,,,,,,,,,,,,,,,,,,,,,,,,,,,
1974,2,278.0,-45.0,,,,,,,,,,,,,,,,,,,,,,,,,,,,,,,,,,,,,,,,0.0,0.0,0.0,0.0,1.0,0.0,28.0,1.0,0.4,0.2,0.0,0.0,0.0,0.0,1.0,0.0,28.0,1.0,0.4,0.2,0.0,0.0,0.0,0.0,1.0,0.0,28.0,1.0,0.4,0.2,1011.7,1011.7,1011.7,1011.7,1.0,0.0,28.0,1.0,0.4,0.2,,,,,,,,,,,,,,,,,,,,,,,,,,,,,,,,,,,,,,,,,,,,,,,,,,,,,,,,,,,,,,,,,,,,,,,,,,,,,,,,,,,,,,,,,,,,,,,,,,,,,,,,,,,,,,,,,,,,,,,,,,,,,,,,,,,,,,,,,,,,,,,,,,,,,,
1974,2,278.0,-44.0,,,,,,,,,,,,,,,,,,,,,,,,,,,,,,,,,,,,,,,,0.0,0.0,0.0,0.0,1.0,0.0,28.0,0.0,0.4,0.8,0.0,0.0,0.0,0.0,1.0,0.0,28.0,0.0,0.4,0.8,0.0,0.0,0.0,0.0,1.0,0.0,28.0,0.0,0.4,0.8,1011.7,1011.7,1011.7,1011.7,1.0,0.0,28.0,0.0,0.4,0.8,,,,,,,,,,,,,,,,,,,,,,,,,,,,,,,,,,,,,,,,,,,,,,,,,,,,,,,,,,,,,,,,,,,,,,,,,,,,,,,,,,,,,,,,,,,,,,,,,,,,,,,,,,,,,,,,,,,,,,,,,,,,,,,,,,,,,,,,,,,,,,,,,,,,,,
1974,2,278.0,-41.0,,,,,,,,,,,,,,,,,,,,,,,,,,,,,,,,,,,,,,,,15.0,15.0,15.0,15.0,1.0,0.0,28.0,1.0,0.7,1.0,7.5,7.5,7.5,7.5,1.0,0.0,28.0,1.0,0.7,1.0,-12.99,-12.99,-12.99,-12.99,1.0,0.0,28.0,1.0,0.7,1.0,1012.5,1012.5,1012.5,1012.5,1.0,0.0,28.0,1.0,0.7,1.0,7.0,7.0,7.0,7.0,1.0,0.0,28.0,1.0,0.7,1.0,112.5,112.5,112.5,112.5,1.0,0.0,28.0,1.0,0.7,1.0,-194.9,-194.9,-194.9,-194.9,1.0,0.0,28.0,1.0,0.7,1.0,,,,,,,,,,,,,,,,,,,,,,,,,,,,,,,,,,,,,,,,,120.8,120.8,120.8,120.8,1.0,0.0,28.0,1.0,0.7,1.0,-209.1,-209.1,-209.1,-209.1,1.0,0.0,28.0,1.0,0.7,1.0,63.9,63.9,63.9,63.9,1.0,0.0,28.0,1.0,0.7,1.0,-110.7,-110.7,-110.7,-110.7,1.0,0.0,28.0,1.0,0.7,1.0,,,,,,,,,,,,,,,,,,,,,,,,,,,,,,,,,,,,,,,,
1974,2,278.0,-28.0,,,,,,,,,,,,,,,,,,,,,,,,,,,,,,,,,,,,,,,,7.0,7.0,7.0,7.0,1.0,0.0,10.0,1.0,0.4,1.0,-6.06,-6.06,-6.06,-6.06,1.0,0.0,10.0,1.0,0.4,1.0,3.5,3.5,3.5,3.5,1.0,0.0,10.0,1.0,0.4,1.0,1018.0,1018.0,1018.0,1018.0,1.0,0.0,10.0,1.0,0.4,1.0,,,,,,,,,,,,,,,,,,,,,,,,,,,,,,,,,,,,,,,,,,,,,,,,,,,,,,,,,,,,,,,,,,,,,,,,,,,,,,,,,,,,,,,,,,,,,,,,,,,,,,,,,,,,,,,,,,,,,,,,,,,,,,,,,,,,,,,,,,,,,,,,,,,,,,
1974,2,278.0,-13.0,23.94,24.3,24.56,24.25,4.0,0.42,2.0,0.0,0.6,0.3,23.9,24.0,24.1,24.0,4.0,0.16,2.0,0.0,0.6,0.3,12.71,13.34,13.43,13.08,4.0,0.63,2.0,0.0,0.6,0.3,68.0,71.8,72.7,70.4,4.0,4.0,2.0,0.0,0.3,3.0,3.0,4.37,3.67,3.0,1.15,2.0,0.0,0.7,0.2,-1.58,1.93,1.93,0.21,3.0,2.97,2.0,0.0,0.7,0.2,2.3,2.3,3.34,2.81,3.0,0.88,2.0,0.0,0.7,0.2,1010.28,1011.35,1012.1,1011.2,4.0,1.09,2.0,0.0,0.6,0.3,2.0,4.0,5.0,3.5,4.0,1.9,2.0,0.0,0.6,0.3,-9.1,5.8,5.8,-1.5,3.0,12.6,2.0,0.0,0.7,0.2,6.9,6.9,15.3,11.0,3.0,7.1,2.0,0.0,0.7,0.2,0.04,0.3,0.45,0.25,4.0,0.26,2.0,0.0,0.6,0.3,-0.2,0.6,1.0,0.4,3.0,0.9,2.0,0.0,0.7,0.2,5.14,5.65,6.59,5.85,4.0,1.07,2.0,0.0,0.6,0.3,16.8,17.3,21.8,19.3,3.0,4.1,2.0,0.0,0.7,0.2,-37.5,46.3,46.3,5.4,3.0,70.9,2.0,0.0,0.7,0.2,55.2,55.2,79.7,67.2,3.0,20.8,2.0,0.0,0.7,0.2,-21.5,25.7,25.7,2.7,3.0,39.9,2.0,0.0,0.7,0.2,30.6,30.7,45.0,37.7,3.0,12.2,2.0,0.0,0.7,0.2,-7.1,10.7,11.0,2.1,3.0,15.2,2.0,0.0,0.7,0.2,12.9,13.2,16.7,14.8,3.0,3.1,2.0,0.0,0.7,0.2,27.0,27.0,94.0,59.5,3.0,56.5,2.0,0.0,0.7,0.2,25.0,25.0,95.0,60.0,3.0,55.0,2.0,0.0,0.7,0.2
1974,2,278.0,-12.0,25.4,25.4,25.4,25.4,3.0,0.0,10.0,0.0,0.5,0.4,24.4,24.4,24.67,24.53,3.0,0.23,10.0,0.0,0.5,0.4,14.93,15.11,15.81,15.36,3.0,0.68,10.0,0.0,0.5,0.4,78.4,79.4,81.4,79.9,3.0,2.3,10.0,0.0,0.4,4.95,7.0,7.0,6.0,3.0,1.73,10.0,0.0,0.5,0.4,-3.21,-2.57,-2.45,-2.82,3.0,0.59,10.0,0.0,0.5,0.4,4.02,6.06,6.41,5.23,3.0,1.9,10.0,0.0,0.5,0.4,1009.8,1011.3,1011.71,1010.77,3.0,1.47,10.0,0.0,0.5,0.4,4.0,4.0,5.4,4.7,3.0,1.2,10.0,0.0,0.5,0.4,-22.0,-16.8,-12.3,-17.2,3.0,7.1,10.0,0.0,0.5,0.4,21.8,42.4,44.9,33.6,3.0,18.6,10.0,0.0,0.5,0.4,0.73,1.0,1.0,0.87,3.0,0.23,10.0,0.0,0.5,0.4,4.1,4.2,6.1,5.1,3.0,1.7,10.0,0.0,0.5,0.4,4.51,5.17,5.36,4.94,3.0,0.65,10.0,0.0,0.5,0.4,24.2,29.5,34.0,29.1,3.0,7.2,10.0,0.0,0.5,0.4,-78.2,-62.7,-60.4,-69.2,3.0,14.2,10.0,0.0,0.5,0.4,98.0,147.9,158.3,128.6,3.0,47.2,10.0,0.0,0.5,0.4,-48.4,-38.6,-38.3,-43.2,3.0,8.4,10.0,0.0,0.5,0.4,60.1,91.6,101.5,81.1,3.0,31.7,10.0,0.0,0.5,0.4,-16.8,-14.0,-11.3,-14.1,3.0,4.0,10.0,0.0,0.5,0.4,20.2,27.7,30.2,25.2,3.0,7.6,10.0,0.0,0.5,0.4,152.5,343.0,343.0,250.0,3.0,161.0,10.0,0.0,0.5,0.4,155.0,345.0,345.0,250.0,3.0,160.0,10.0,0.0,0.5,0.4
1974,2,278.0,-9.0,24.3,24.3,24.3,24.3,1.0,0.0,10.0,1.0,0.8,0.8,23.8,23.8,23.8,23.8,1.0,0.0,10.0,1.0,0.8,0.8,16.42,16.42,16.42,16.42,1.0,0.0,10.0,1.0,0.8,0.8,89.1,89.1,89.1,89.1,1.0,0.0,10.0,1.0,0.8,3.1,3.1,3.1,3.1,1.0,0.0,10.0,1.0,0.8,0.8,-2.68,-2.68,-2.68,-2.68,1.0,0.0,10.0,1.0,0.8,0.8,1.55,1.55,1.55,1.55,1.0,0.0,10.0,1.0,0.8,0.8,1009.8,1009.8,1009.8,1009.8,1.0,0.0,10.0,1.0,0.8,0.8,3.0,3.0,3.0,3.0,1.0,0.0,10.0,1.0,0.8,0.8,-8.3,-8.3,-8.3,-8.3,1.0,0.0,10.0,1.0,0.8,0.8,4.8,4.8,4.8,4.8,1.0,0.0,10.0,1.0,0.8,0.8,0.5,0.5,0.5,0.5,1.0,0.0,10.0,1.0,0.8,0.8,1.6,1.6,1.6,1.6,1.0,0.0,10.0,1.0,0.8,0.8,2.6,2.6,2.6,2.6,1.0,0.0,10.0,1.0,0.8,0.8,8.1,8.1,8.1,8.1,1.0,0.0,10.0,1.0,0.8,0.8,-63.9,-63.9,-63.9,-63.9,1.0,0.0,10.0,1.0,0.8,0.8,36.9,36.9,36.9,36.9,1.0,0.0,10.0,1.0,0.8,0.8,-44.1,-44.1,-44.1,-44.1,1.0,0.0,10.0,1.0,0.8,0.8,25.4,25.4,25.4,25.4,1.0,0.0,10.0,1.0,0.8,0.8,-7.0,-7.0,-7.0,-7.0,1.0,0.0,10.0,1.0,0.8,0.8,4.0,4.0,4.0,4.0,1.0,0.0,10.0,1.0,0.8,0.8,30.0,30.0,30.0,30.0,1.0,0.0,10.0,1.0,0.8,0.8,30.0,30.0,30.0,30.0,1.0,0.0,10.0,1.0,0.8,0.8
1974,2,278.0,-8.0,22.8,22.8,22.8,22.8,1.0,0.0,10.0,0.0,0.5,0.8,22.9,22.9,22.9,22.9,1.0,0.0,10.0,0.0,0.5,0.8,16.39,16.39,16.39,16.39,1.0,0.0,10.0,0.0,0.5,0.8,94.1,94.1,94.1,94.1,1.0,0.0,10.0,0.0,0.8,2.1,2.1,2.1,2.1,1.0,0.0,10.0,0.0,0.5,0.8,-1.05,-1.05,-1.05,-1.05,1.0,0.0,10.0,0.0,0.5,0.8,1.82,1.82,1.82,1.82,1.0,0.0,10.0,0.0,0.5,0.8,1011.5,1011.5,1011.5,1011.5,1.0,0.0,10.0,0.0,0.5,0.8,2.0,2.0,2.0,2.0,1.0,0.0,10.0,0.0,0.5,0.8,-2.2,-2.2,-2.2,-2.2,1.0,0.0,10.0,0.0,0.5,0.8,3.8,3.8,3.8,3.8,1.0,0.0,10.0,0.0,0.5,0.8,-0.1,-0.1,-0.1,-0.1,1.0,0.0,10.0,0.0,0.5,0.8,-0.2,-0.2,-0.2,-0.2,1.0,0.0,10.0,0.0,0.5,0.8,0.93,0.93,0.93,0.93,1.0,0.0,10.0,0.0,0.5,0.8,2.0,2.0,2.0,2.0,1.0,0.0,10.0,0.0,0.5,0.8,-24.0,-24.0,-24.0,-24.0,1.0,0.0,10.0,0.0,0.5,0.8,41.6,41.6,41.6,41.6,1.0,0.0,10.0,0.0,0.5,0.8,-17.2,-17.2,-17.2,-17.2,1.0,0.0,10.0,0.0,0.5,0.8,29.8,29.8,29.8,29.8,1.0,0.0,10.0,0.0,0.5,0.8,-1.0,-1.0,-1.0,-1.0,1.0,0.0,10.0,0.0,0.5,0.8,1.7,1.7,1.7,1.7,1.0,0.0,10.0,0.0,0.5,0.8,9.5,9.5,9.5,9.5,1.0,0.0,10.0,0.0,0.5,0.8,10.0,10.0,10.0,10.0,1.0,0.0,10.0,0.0,0.5,0.8
1974,2,278.0,-7.0,22.2,22.2,22.2,22.2,1.0,0.0,10.0,0.0,0.2,0.7,22.7,22.7,22.7,22.7,1.0,0.0,10.0,0.0,0.2,0.7,15.35,15.35,15.35,15.35,1.0,0.0,10.0,0.0,0.2,0.7,89.0,89.0,89.0,89.0,1.0,0.0,10.0,0.0,0.7,4.1,4.1,4.1,4.1,1.0,0.0,10.0,0.0,0.2,0.7,-1.4,-1.4,-1.4,-1.4,1.0,0.0,10.0,0.0,0.2,0.7,3.85,3.85,3.85,3.85,1.0,0.0,10.0,0.0,0.2,0.7,1008.8,1008.8,1008.8,1008.8,1.0,0.0,10.0,0.0,0.2,0.7,4.0,4.0,4.0,4.0,1.0,0.0,10.0,0.0,0.2,0.7,-5.7,-5.7,-5.7,-5.7,1.0,0.0,10.0,0.0,0.2,0.7,15.8,15.8,15.8,15.8,1.0,0.0,10.0,0.0,0.2,0.7,-0.5,-0.5,-0.5,-0.5,1.0,0.0,10.0,0.0,0.2,0.7,-2.0,-2.0,-2.0,-2.0,1.0,0.0,10.0,0.0,0.2,0.7,1.39,1.39,1.39,1.39,1.0,0.0,10.0,0.0,0.2,0.7,5.7,5.7,5.7,5.7,1.0,0.0,10.0,0.0,0.2,0.7,-31.8,-31.8,-31.8,-31.8,1.0,0.0,10.0,0.0,0.2,0.7,87.5,87.5,87.5,87.5,1.0,0.0,10.0,0.0,0.2,0.7,-21.5,-21.5,-21.5,-21.5,1.0,0.0,10.0,0.0,0.2,0.7,59.1,59.1,59.1,59.1,1.0,0.0,10.0,0.0,0.2,0.7,-1.9,-1.9,-1.9,-1.9,1.0,0.0,10.0,0.0,0.2,0.7,5.4,5.4,5.4,5.4,1.0,0.0,10.0,0.0,0.2,0.7,69.0,69.0,69.0,69.0,1.0,0.0,10.0,0.0,0.2,0.7,70.0,70.0,70.0,70.0,1.0,0.0,10.0,0.0,0.2,0.7
1974,2,278.0,-6.0,18.0,22.25,23.42,21.23,6.0,2.65,10.0,0.3,0.5,0.5,20.6,21.35,22.73,21.67,6.0,1.25,10.0,0.3,0.5,0.5,14.24,14.74,15.95,15.04,6.0,1.31,10.0,0.3,0.5,0.5,90.7,93.2,95.3,92.9,6.0,2.7,10.0,0.3,0.5,3.42,4.1,4.78,4.1,3.0,1.0,16.0,0.3,0.4,0.5,-0.96,0.0,2.67,0.83,3.0,2.75,16.0,0.3,0.4,0.5,3.16,3.28,3.67,3.41,3.0,0.39,16.0,0.3,0.4,0.5,1010.25,1012.1,1012.47,1011.62,6.0,1.48,10.0,0.3,0.5,0.5,0.8,3.0,6.0,3.2,6.0,2.6,10.0,0.3,0.5,0.5,-3.9,0.0,13.6,4.7,3.0,13.5,16.0,0.3,0.4,0.5,11.6,15.8,16.4,14.0,3.0,3.9,16.0,0.3,0.4,0.5,-2.62,0.2,0.94,-0.43,6.0,1.8,10.0,0.3,0.5,0.5,-0.1,1.9,2.8,1.4,3.0,2.2,16.0,0.3,0.4,0.5,-1.63,1.51,2.43,0.85,6.0,2.06,10.0,0.3,0.5,0.5,4.9,7.0,8.6,6.7,3.0,2.7,16.0,0.3,0.4,0.5,-21.5,0.0,62.9,20.2,3.0,64.3,16.0,0.3,0.4,0.5,68.1,77.4,83.7,76.0,3.0,11.5,16.0,0.3,0.4,0.5,-14.9,0.0,46.0,15.2,3.0,46.5,16.0,0.3,0.4,0.5,46.3,56.6,59.0,52.7,3.0,9.9,16.0,0.3,0.4,0.5,-2.2,0.0,2.0,-0.1,3.0,3.1,16.0,0.3,0.4,0.5,3.9,7.0,8.2,6.1,3.0,3.2,16.0,0.3,0.4,0.5,42.0,69.0,112.5,77.0,3.0,52.0,16.0,0.3,0.4,0.5,40.0,70.0,110.0,75.0,3.0,50.0,16.0,0.3,0.4,0.5
1974,2,278.0,-5.0,23.62,25.0,25.62,23.99,7.0,2.73,16.0,0.7,0.5,0.6,22.86,23.8,25.15,24.04,5.0,1.73,12.0,0.6,0.5,0.6,14.61,15.33,17.75,16.14,4.0,2.56,12.0,0.5,0.4,0.5,80.6,87.6,91.5,86.1,4.0,7.2,12.0,0.5,0.5,4.45,5.1,7.03,5.31,7.0,2.02,16.0,0.7,0.5,0.6,0.0,0.8,1.14,0.75,7.0,0.87,16.0,0.7,0.5,0.6,4.37,5.1,6.63,5.18,7.0,2.08,16.0,0.7,0.5,0.6,1009.35,1010.1,1012.95,1010.81,7.0,1.95,16.0,0.7,0.5,0.6,1.9,5.0,7.0,4.1,7.0,2.9,16.0,0.7,0.5,0.6,0.0,1.4,7.2,4.1,7.0,6.1,16.0,0.7,0.5,0.6,19.9,26.0,46.7,31.1,7.0,18.6,16.0,0.7,0.5,0.6,-2.26,0.6,1.31,-0.34,5.0,2.42,12.0,0.6,0.5,0.6,-6.1,2.8,8.5,1.9,5.0,8.4,12.0,0.6,0.5,0.6,-1.0,2.02,5.25,2.12,4.0,4.05,12.0,0.5,0.4,0.5,-0.2,9.5,30.0,14.7,4.0,20.8,12.0,0.5,0.4,0.5,11.8,21.3,37.4,24.7,5.0,21.0,12.0,0.6,0.5,0.6,76.3,136.7,150.4,114.4,5.0,53.5,12.0,0.6,0.5,0.6,5.8,13.5,15.0,10.5,4.0,7.2,12.0,0.5,0.4,0.5,42.1,77.4,93.9,68.4,4.0,36.3,12.0,0.5,0.4,0.5,-1.3,1.3,5.2,1.9,4.0,4.3,12.0,0.5,0.4,0.5,0.2,9.4,29.6,14.7,4.0,20.2,12.0,0.5,0.4,0.5,93.0,132.5,348.5,200.5,7.0,156.0,16.0,0.7,0.5,0.6,95.0,135.0,350.0,200.0,7.0,155.0,16.0,0.7,0.5,0.6
1974,2,278.0,-4.0,21.95,24.4,25.6,23.89,23.0,1.74,20.0,0.6,0.6,0.4,23.38,24.15,24.66,24.03,4.0,0.8,8.0,0.5,0.6,0.4,15.27,16.09,16.49,15.89,4.0,0.97,8.0,0.5,0.6,0.4,81.5,84.9,89.1,85.3,4.0,5.2,8.0,0.5,0.4,2.19,3.1,4.1,3.22,21.0,0.79,22.0,0.6,0.6,0.4,0.0,1.06,2.43,0.83,21.0,1.68,22.0,0.6,0.6,0.4,1.62,2.64,3.85,2.49,21.0,1.21,22.0,0.6,0.6,0.4,1011.5,1012.5,1013.35,1012.35,23.0,1.09,20.0,0.6,0.6,0.4,5.7,7.0,8.0,6.9,22.0,1.2,20.0,0.6,0.6,0.4,0.0,3.3,7.2,3.1,21.0,5.6,22.0,0.6,0.6,0.4,3.5,9.0,15.8,8.7,21.0,5.5,22.0,0.6,0.6,0.4,-2.7,-0.6,0.93,-0.87,4.0,2.31,8.0,0.5,0.6,0.4,-3.9,0.9,2.4,-0.7,3.0,4.9,12.0,0.3,0.6,0.4,0.16,2.0,3.65,1.91,4.0,2.56,8.0,0.5,0.6,0.4,6.7,9.1,10.0,8.3,3.0,2.5,12.0,0.3,0.6,0.4,33.2,33.4,34.9,34.0,3.0,1.4,12.0,0.3,0.6,0.4,46.5,61.7,82.2,64.3,3.0,26.2,12.0,0.3,0.6,0.4,20.8,21.7,23.9,22.3,3.0,2.4,12.0,0.3,0.6,0.4,31.4,43.2,52.0,41.7,3.0,15.1,12.0,0.3,0.6,0.4,2.9,3.1,5.5,4.2,3.0,2.2,12.0,0.3,0.6,0.4,5.8,7.9,8.4,7.1,3.0,2.1,12.0,0.3,0.6,0.4,10.5,30.0,69.0,39.0,21.0,25.0,22.0,0.6,0.6,0.4,10.0,30.0,70.0,40.0,21.0,25.0,22.0,0.6,0.6,0.4
1974,2,278.0,-3.0,22.22,24.9,25.97,24.13,8.0,2.5,12.0,0.8,0.7,0.6,23.91,24.4,25.92,24.85,8.0,1.17,12.0,0.8,0.7,0.6,15.86,16.23,17.47,16.54,7.0,0.81,14.0,0.7,0.7,0.5,78.2,85.9,86.1,83.8,7.0,4.2,14.0,0.7,0.5,1.57,2.35,4.99,2.94,8.0,1.99,12.0,0.8,0.7,0.6,0.0,1.86,3.43,1.95,8.0,2.07,12.0,0.8,0.7,0.6,0.74,1.27,2.09,1.64,8.0,1.45,12.0,0.8,0.7,0.6,1007.87,1009.65,1011.99,1009.93,8.0,2.12,12.0,0.8,0.7,0.6,5.0,5.5,8.0,6.3,8.0,1.5,12.0,0.8,0.7,0.6,0.0,5.2,13.9,8.7,8.0,12.0,12.0,0.8,0.7,0.6,1.6,3.4,8.2,6.2,8.0,7.9,12.0,0.8,0.7,0.6,-2.71,-0.05,0.98,-0.72,8.0,2.35,12.0,0.8,0.7,0.6,-4.7,1.0,4.5,0.3,8.0,4.7,12.0,0.8,0.7,0.6,-0.4,2.91,4.3,2.31,7.0,2.65,14.0,0.7,0.7,0.5,-0.2,8.9,14.9,7.6,7.0,7.2,14.0,0.7,0.7,0.5,0.0,45.5,82.8,47.7,8.0,49.8,12.0,0.8,0.7,0.6,17.8,30.4,55.9,41.0,8.0,37.0,12.0,0.8,0.7,0.6,0.0,31.0,40.4,22.6,7.0,22.7,14.0,0.7,0.7,0.5,10.8,23.8,39.0,29.1,7.0,27.7,14.0,0.7,0.7,0.5,0.0,5.1,10.5,5.0,7.0,5.4,14.0,0.7,0.7,0.5,-0.2,3.8,9.2,4.8,7.0,5.9,14.0,0.7,0.7,0.5,4.0,13.5,125.5,57.0,8.0,78.5,12.0,0.8,0.7,0.6,5.0,15.0,125.0,55.0,8.0,80.0,12.0,0.8,0.7,0.6
1974,2,278.0,-2.0,23.9,25.6,26.0,25.22,9.0,1.31,16.0,0.6,0.7,0.6,23.98,25.0,25.92,24.93,9.0,0.97,16.0,0.6,0.7,0.6,15.68,15.94,18.99,17.09,7.0,1.79,14.0,0.6,0.7,0.6,83.3,88.0,93.2,88.3,7.0,5.5,14.0,0.6,0.6,2.16,3.3,4.6,3.39,8.0,1.35,14.0,0.6,0.7,0.5,0.81,1.67,3.3,1.75,8.0,1.25,14.0,0.6,0.7,0.5,0.8,1.99,2.85,1.33,8.0,2.8,14.0,0.6,0.7,0.5,1009.5,1011.0,1012.42,1011.09,9.0,1.74,16.0,0.6,0.7,0.6,6.1,7.5,8.0,7.0,8.0,1.4,14.0,0.6,0.8,0.6,3.7,4.3,12.8,6.4,8.0,5.6,14.0,0.6,0.7,0.5,1.6,5.2,13.0,3.9,8.0,13.5,14.0,0.6,0.7,0.5,-0.8,0.3,1.42,0.29,9.0,1.23,16.0,0.6,0.7,0.6,-1.5,2.3,3.7,1.0,8.0,4.8,14.0,0.6,0.7,0.5,1.09,2.11,4.69,2.59,7.0,2.14,14.0,0.6,0.7,0.6,1.9,8.6,13.3,7.9,6.0,7.4,12.0,0.7,0.8,0.6,19.1,42.1,85.2,44.2,8.0,32.4,14.0,0.6,0.7,0.5,19.4,50.2,72.8,32.8,8.0,69.2,14.0,0.6,0.7,0.5,10.1,21.7,38.2,25.5,6.0,22.6,12.0,0.7,0.8,0.6,-10.7,27.3,58.8,16.3,6.0,59.0,12.0,0.7,0.8,0.6,-0.5,2.1,8.4,3.4,6.0,4.9,12.0,0.7,0.8,0.6,-2.8,3.5,11.0,4.3,6.0,8.4,12.0,0.7,0.8,0.6,10.0,41.0,97.5,55.0,8.0,49.5,14.0,0.6,0.7,0.5,10.0,40.0,95.0,55.0,8.0,50.0,14.0,0.6,0.7,0.5
1974,2,278.0,-1.0,25.03,25.45,25.97,25.23,8.0,1.04,8.0,0.3,0.6,0.5,24.99,25.2,25.61,25.5,7.0,1.0,10.0,0.3,0.6,0.5,16.13,16.69,17.5,16.97,6.0,1.38,10.0,0.3,0.6,0.4,81.3,83.7,84.0,82.7,6.0,2.2,10.0,0.3,0.4,3.1,4.3,6.02,4.35,8.0,1.93,8.0,0.3,0.6,0.5,0.35,2.16,4.61,2.23,8.0,2.16,8.0,0.3,0.6,0.5,2.91,3.24,3.96,3.06,8.0,2.08,8.0,0.3,0.6,0.5,1008.56,1009.1,1010.97,1009.61,8.0,2.0,8.0,0.3,0.6,0.5,5.9,7.0,8.0,6.9,7.0,1.5,10.0,0.3,0.5,0.4,0.7,9.5,28.0,12.9,8.0,14.6,8.0,0.3,0.6,0.5,9.0,14.3,23.8,16.4,8.0,14.0,8.0,0.3,0.6,0.5,-0.29,0.4,0.7,0.07,7.0,0.97,10.0,0.3,0.6,0.5,-0.9,1.5,3.7,1.4,7.0,2.5,10.0,0.3,0.6,0.5,3.17,4.19,4.5,3.71,6.0,1.31,10.0,0.3,0.6,0.4,9.5,19.3,29.3,19.1,6.0,11.8,10.0,0.3,0.6,0.4,25.6,74.8,121.3,67.9,7.0,46.4,10.0,0.3,0.6,0.5,67.4,89.2,103.8,76.9,7.0,57.8,10.0,0.3,0.6,0.5,15.0,53.7,77.7,47.8,6.0,30.7,10.0,0.3,0.6,0.4,32.2,54.1,71.9,47.7,6.0,40.9,10.0,0.3,0.6,0.4,3.2,13.6,21.5,12.6,6.0,9.0,10.0,0.3,0.6,0.4,8.2,13.6,19.7,13.5,6.0,9.4,10.0,0.3,0.6,0.4,30.0,80.5,222.5,127.0,8.0,151.5,8.0,0.3,0.6,0.5,30.0,80.0,225.0,125.0,8.0,150.0,8.0,0.3,0.6,0.5
1974,2,278.0,0.0,25.16,25.5,25.84,25.5,3.0,0.5,26.0,0.3,1.0,0.4,25.63,27.0,27.0,26.33,3.0,1.15,26.0,0.3,1.0,0.4,17.07,17.63,19.12,18.08,3.0,1.56,26.0,0.3,1.0,0.4,81.1,85.0,87.6,84.3,3.0,4.8,26.0,0.3,0.4,6.52,7.2,7.2,6.87,3.0,0.58,26.0,0.3,1.0,0.4,-2.46,-2.46,-0.05,-1.28,3.0,2.04,26.0,0.3,1.0,0.4,-6.77,-6.77,-6.32,-6.55,3.0,0.38,26.0,0.3,1.0,0.4,1010.86,1011.0,1012.02,1011.43,3.0,0.93,26.0,0.3,1.0,0.4,2.0,2.0,3.4,2.7,3.0,1.2,26.0,0.3,1.0,0.4,-17.7,-17.7,-1.1,-9.6,3.0,14.1,26.0,0.3,1.0,0.4,-48.7,-48.7,-41.3,-45.1,3.0,6.3,26.0,0.3,1.0,0.4,-1.84,-1.5,0.21,-0.83,3.0,1.61,26.0,0.3,1.0,0.4,-12.8,-9.3,2.0,-5.5,3.0,11.3,26.0,0.3,1.0,0.4,1.1,2.16,3.58,2.33,3.0,1.82,26.0,0.3,1.0,0.4,7.5,15.5,25.8,16.6,3.0,13.4,26.0,0.3,1.0,0.4,-64.9,-61.6,0.3,-33.0,3.0,53.8,26.0,0.3,1.0,0.4,-178.4,-169.1,-166.2,-172.2,3.0,9.3,26.0,0.3,1.0,0.4,-42.8,-41.4,1.4,-21.2,3.0,36.8,26.0,0.3,1.0,0.4,-120.5,-119.3,-115.5,-118.0,3.0,3.8,26.0,0.3,1.0,0.4,-8.8,-5.3,-1.2,-5.0,3.0,5.6,26.0,0.3,1.0,0.4,-24.2,-14.6,-7.2,-15.7,3.0,12.5,26.0,0.3,1.0,0.4,281.0,373.0,373.0,328.5,3.0,78.0,26.0,0.3,1.0,0.4,280.0,375.0,375.0,330.0,3.0,80.0,26.0,0.3,1.0,0.4
1974,2,278.0,1.0,25.25,25.35,25.45,25.35,2.0,0.21,14.0,0.5,0.7,0.5,27.0,27.0,27.0,27.0,2.0,0.0,14.0,0.5,0.7,0.5,18.79,19.21,19.63,19.21,2.0,0.87,14.0,0.5,0.7,0.5,84.5,86.2,88.0,86.2,2.0,3.7,14.0,0.5,0.5,4.26,4.6,4.94,4.6,2.0,0.71,14.0,0.5,0.7,0.5,1.24,2.01,2.78,2.01,2.0,1.59,14.0,0.5,0.7,0.5,-3.81,-1.19,1.42,-1.19,2.0,5.41,14.0,0.5,0.7,0.5,1010.8,1012.1,1013.4,1012.1,2.0,2.69,14.0,0.5,0.7,0.5,6.3,7.0,7.7,7.0,2.0,1.4,14.0,0.5,0.7,0.5,5.8,8.7,11.6,8.7,2.0,5.9,14.0,0.5,0.7,0.5,-19.8,-7.4,5.0,-7.4,2.0,25.8,14.0,0.5,0.7,0.5,-1.75,-1.65,-1.55,-1.65,2.0,0.21,14.0,0.5,0.7,0.5,-8.7,-7.7,-6.6,-7.7,2.0,2.1,14.0,0.5,0.7,0.5,0.48,1.0,1.52,1.0,2.0,1.08,14.0,0.5,0.7,0.5,2.2,4.2,6.3,4.2,2.0,4.3,14.0,0.5,0.7,0.5,33.6,54.4,75.1,54.4,2.0,43.1,14.0,0.5,0.7,0.5,-102.8,-32.2,38.3,-32.2,2.0,146.2,14.0,0.5,0.7,0.5,24.0,38.0,51.9,38.0,2.0,28.9,14.0,0.5,0.7,0.5,-76.0,-25.3,25.4,-25.3,2.0,105.1,14.0,0.5,0.7,0.5,1.1,2.9,4.7,2.9,2.0,3.8,14.0,0.5,0.7,0.5,-0.3,1.7,3.7,1.7,2.0,4.1,14.0,0.5,0.7,0.5,79.0,101.0,122.5,101.0,2.0,45.0,14.0,0.5,0.7,0.5,80.0,100.0,125.0,100.0,2.0,45.0,14.0,0.5,0.7,0.5
1974,2,278.0,2.0,25.37,26.5,27.37,26.28,5.0,1.72,16.0,0.4,0.6,0.6,24.0,25.0,26.09,25.14,5.0,1.36,16.0,0.4,0.6,0.6,15.0,17.67,18.82,17.08,5.0,2.25,16.0,0.4,0.6,0.6,80.8,87.1,89.0,85.2,5.0,5.8,16.0,0.4,0.6,1.95,4.1,6.82,4.38,4.0,3.81,18.0,0.5,0.7,0.5,-0.85,0.7,2.31,0.73,4.0,2.02,18.0,0.5,0.7,0.5,-6.63,-1.93,1.38,-2.59,4.0,5.12,18.0,0.5,0.7,0.5,1009.67,1010.0,1012.41,1010.92,5.0,1.93,16.0,0.4,0.6,0.6,1.9,5.0,7.0,4.5,4.0,3.4,14.0,0.3,0.5,0.7,-7.9,2.9,9.5,0.9,4.0,11.8,18.0,0.5,0.7,0.5,-52.1,-7.9,5.7,-22.5,4.0,43.2,18.0,0.5,0.7,0.5,-0.92,2.5,2.68,1.14,5.0,2.18,16.0,0.4,0.6,0.6,-1.5,5.1,10.3,4.4,4.0,6.8,18.0,0.5,0.7,0.5,1.73,5.52,6.64,4.4,5.0,2.91,16.0,0.4,0.6,0.6,11.2,24.4,28.1,19.9,4.0,13.6,18.0,0.5,0.7,0.5,-23.1,16.8,55.5,16.2,4.0,50.7,18.0,0.5,0.7,0.5,-175.0,-46.2,33.1,-69.8,4.0,136.1,18.0,0.5,0.7,0.5,-16.8,10.0,34.9,9.1,4.0,33.9,18.0,0.5,0.7,0.5,-121.3,-27.4,21.4,-49.0,4.0,96.8,18.0,0.5,0.7,0.5,-2.1,5.2,15.1,6.4,4.0,10.6,18.0,0.5,0.7,0.5,-26.1,-11.6,8.5,-8.9,4.0,20.9,18.0,0.5,0.7,0.5,33.0,69.0,454.0,235.5,4.0,380.5,18.0,0.5,0.7,0.5,35.0,70.0,455.0,235.0,4.0,380.0,18.0,0.5,0.7,0.5
1974,2,278.0,3.0,,,,,,,,,,,,,,,,,,,,,,,,,,,,,,,,,,,,,,,,5.1,5.1,5.1,5.1,1.0,0.0,2.0,1.0,0.7,0.6,0.0,0.0,0.0,0.0,1.0,0.0,2.0,1.0,0.7,0.6,-5.1,-5.1,-5.1,-5.1,1.0,0.0,2.0,1.0,0.7,0.6,1010.8,1010.8,1010.8,1010.8,1.0,0.0,2.0,1.0,0.7,0.6,,,,,,,,,,,,,,,,,,,,,,,,,,,,,,,,,,,,,,,,,,,,,,,,,,,,,,,,,,,,,,,,,,,,,,,,,,,,,,,,,,,,,,,,,,,,,,,,,,,,,,,,,,,,,,,,,,,,,,,,,,,,,,,,,,,,,,,,,,,,,,,,,,,,,,
1974,2,278.0,4.0,,,,,,,,,,,,,,,,,,,,,,,,,,,,,,,,,,,,,,,,2.6,2.6,2.6,2.6,2.0,0.0,10.0,0.5,0.6,0.8,0.41,1.3,2.19,1.3,2.0,1.84,10.0,0.5,0.6,0.8,0.41,1.3,2.19,1.3,2.0,1.84,10.0,0.5,0.6,0.8,1012.63,1012.9,1013.58,1013.1,3.0,0.72,8.0,0.3,0.5,0.6,,,,,,,,,,,,,,,,,,,,,,,,,,,,,,,,,,,,,,,,,,,,,,,,,,,,,,,,,,,,,,,,,,,,,,,,,,,,,,,,,,,,,,,,,,,,,,,,,,,,,,,,,,,,,,,,,,,,,,,,,,,,,,,,,,,,,,,,,,,,,,,,,,,,,,
1974,2,278.0,5.0,26.19,27.05,28.62,27.26,8.0,1.27,10.0,0.6,0.6,0.5,27.39,28.3,29.18,28.3,5.0,0.97,14.0,0.6,0.6,0.6,15.14,16.93,18.98,17.06,3.0,2.81,14.0,0.7,0.8,0.6,63.5,65.6,75.1,69.2,3.0,9.1,14.0,0.7,0.6,1.32,2.6,7.89,4.6,5.0,4.89,14.0,0.4,0.7,0.4,-6.15,0.0,1.06,-2.19,5.0,4.24,14.0,0.4,0.7,0.4,-3.29,0.51,1.5,-1.08,5.0,5.0,14.0,0.4,0.7,0.4,1010.06,1011.55,1012.82,1011.36,8.0,1.9,10.0,0.6,0.6,0.5,1.1,2.5,6.9,3.8,8.0,2.8,10.0,0.6,0.6,0.5,-54.7,0.0,1.3,-25.7,5.0,46.8,14.0,0.4,0.7,0.4,-46.2,0.8,5.2,-23.0,5.0,58.5,14.0,0.4,0.7,0.4,-1.49,-0.7,0.5,-0.46,5.0,1.46,14.0,0.6,0.6,0.6,-19.5,-6.0,-0.6,-10.0,3.0,14.3,18.0,0.3,0.6,0.4,4.17,7.96,10.34,7.27,3.0,4.56,14.0,0.7,0.8,0.6,14.6,21.3,27.9,21.3,2.0,13.9,20.0,0.5,0.9,0.5,-208.4,-139.4,-28.0,-118.7,3.0,133.3,18.0,0.3,0.6,0.4,-191.3,13.8,21.1,-82.8,3.0,176.6,18.0,0.3,0.6,0.4,-137.1,-76.4,-15.8,-76.4,2.0,125.6,20.0,0.5,0.9,0.5,-164.6,-94.9,-25.2,-94.9,2.0,144.3,20.0,0.5,0.9,0.5,-15.2,-5.0,5.2,-5.0,2.0,21.1,20.0,0.5,0.9,0.5,-19.1,-9.0,1.0,-9.0,2.0,20.9,20.0,0.5,0.9,0.5,2.5,17.5,863.5,458.5,5.0,945.0,14.0,0.4,0.7,0.4,5.0,20.0,865.0,460.0,5.0,945.0,14.0,0.4,0.7,0.4
1974,2,278.0,6.0,26.7,27.2,28.77,27.38,28.0,1.06,14.0,0.6,0.7,0.5,26.17,27.35,28.43,27.55,22.0,1.34,16.0,0.5,0.7,0.5,15.51,16.49,17.6,16.7,16.0,1.81,18.0,0.4,0.6,0.6,66.5,71.1,81.1,73.3,16.0,7.7,18.0,0.4,0.6,2.39,4.6,6.3,4.37,25.0,2.31,14.0,0.6,0.7,0.5,-3.28,-0.77,0.9,-1.06,25.0,2.08,14.0,0.6,0.7,0.5,-6.22,-3.1,0.12,-2.88,25.0,3.34,14.0,0.6,0.7,0.5,1008.63,1010.2,1012.18,1010.4,29.0,1.67,14.0,0.6,0.7,0.5,0.4,2.0,5.6,2.7,29.0,2.4,14.0,0.6,0.7,0.5,-16.7,-1.7,2.7,-5.7,25.0,12.2,14.0,0.6,0.7,0.5,-39.2,-14.6,0.1,-18.2,25.0,24.2,14.0,0.6,0.7,0.5,-0.97,-0.1,0.75,-0.1,21.0,1.11,16.0,0.5,0.7,0.5,-3.5,0.0,3.1,-0.1,17.0,4.9,16.0,0.5,0.7,0.5,4.45,6.51,8.36,6.39,16.0,2.19,18.0,0.4,0.6,0.6,7.8,28.4,39.6,28.0,13.0,16.4,18.0,0.5,0.6,0.6,-89.3,-50.7,23.8,-43.1,18.0,61.2,16.0,0.5,0.7,0.5,-143.6,-83.7,5.4,-69.4,18.0,92.7,16.0,0.5,0.7,0.5,-69.6,-15.1,16.4,-20.6,13.0,40.2,18.0,0.5,0.6,0.6,-86.5,-41.7,12.1,-33.0,13.0,55.3,18.0,0.5,0.6,0.6,-19.7,-5.5,6.0,-7.1,13.0,15.6,18.0,0.5,0.6,0.6,-34.1,-14.2,6.4,-13.1,13.0,25.1,18.0,0.5,0.6,0.6,15.0,97.5,250.5,153.0,25.0,208.5,14.0,0.6,0.7,0.5,15.0,95.0,250.0,155.0,25.0,210.0,14.0,0.6,0.7,0.5
1974,2,278.0,7.0,26.1,27.7,28.8,27.42,45.0,1.39,16.0,0.6,0.6,0.1,25.7,27.3,29.5,27.61,53.0,1.79,14.0,0.7,0.6,0.1,15.04,15.92,18.1,16.51,45.0,1.97,16.0,0.6,0.6,0.1,65.4,71.4,79.4,72.2,45.0,6.9,16.0,0.6,0.1,2.6,5.1,7.7,5.05,53.0,2.55,14.0,0.7,0.6,0.1,-4.25,-1.23,1.94,-1.42,53.0,3.4,14.0,0.7,0.6,0.1,-6.27,-3.38,0.37,-3.03,53.0,3.09,14.0,0.7,0.6,0.1,1008.32,1010.0,1011.38,1010.02,54.0,1.91,14.0,0.6,0.6,0.1,0.3,2.0,4.0,2.3,53.0,2.0,14.0,0.7,0.6,0.1,-33.6,-4.4,8.6,-11.6,53.0,27.0,14.0,0.7,0.6,0.1,-49.7,-16.2,0.4,-20.2,53.0,24.9,14.0,0.7,0.6,0.1,-2.8,0.3,2.22,-0.16,44.0,2.33,16.0,0.6,0.6,0.1,-11.4,0.4,10.6,0.2,43.0,13.7,16.0,0.7,0.6,0.1,4.03,7.15,9.07,6.57,42.0,2.74,16.0,0.6,0.6,0.1,9.9,28.3,65.8,37.3,41.0,28.1,16.0,0.7,0.7,0.1,-126.4,-33.8,57.9,-37.9,52.0,94.9,14.0,0.7,0.6,0.1,-173.5,-97.6,-1.6,-84.3,52.0,82.5,14.0,0.7,0.6,0.1,-81.3,-23.5,17.2,-24.8,44.0,56.3,16.0,0.7,0.6,0.1,-98.1,-63.5,-8.9,-54.6,44.0,47.2,16.0,0.7,0.6,0.1,-41.1,-9.3,2.9,-15.9,41.0,24.7,16.0,0.7,0.7,0.1,-60.2,-24.3,-1.1,-25.6,41.0,26.1,16.0,0.7,0.7,0.1,17.5,132.5,456.5,231.5,53.0,311.5,14.0,0.7,0.6,0.1,20.0,135.0,455.0,230.0,53.0,310.0,14.0,0.7,0.6,0.1
1974,2,278.0,10.0,27.8,27.8,27.8,27.8,1.0,0.0,12.0,1.0,0.3,0.3,25.6,25.6,25.6,25.6,1.0,0.0,12.0,1.0,0.3,0.3,18.56,18.56,18.56,18.56,1.0,0.0,12.0,1.0,0.3,0.3,90.9,90.9,90.9,90.9,1.0,0.0,12.0,1.0,0.3,5.1,5.1,5.1,5.1,1.0,0.0,12.0,1.0,0.3,0.3,-3.28,-3.28,-3.28,-3.28,1.0,0.0,12.0,1.0,0.3,0.3,-3.91,-3.91,-3.91,-3.91,1.0,0.0,12.0,1.0,0.3,0.3,1015.9,1015.9,1015.9,1015.9,1.0,0.0,12.0,1.0,0.3,0.3,1.0,1.0,1.0,1.0,1.0,0.0,12.0,1.0,0.3,0.3,-16.7,-16.7,-16.7,-16.7,1.0,0.0,12.0,1.0,0.3,0.3,-19.9,-19.9,-19.9,-19.9,1.0,0.0,12.0,1.0,0.3,0.3,2.2,2.2,2.2,2.2,1.0,0.0,12.0,1.0,0.3,0.3,11.2,11.2,11.2,11.2,1.0,0.0,12.0,1.0,0.3,0.3,4.76,4.76,4.76,4.76,1.0,0.0,12.0,1.0,0.3,0.3,24.3,24.3,24.3,24.3,1.0,0.0,12.0,1.0,0.3,0.3,-83.9,-83.9,-83.9,-83.9,1.0,0.0,12.0,1.0,0.3,0.3,-100.0,-100.0,-100.0,-100.0,1.0,0.0,12.0,1.0,0.3,0.3,-60.8,-60.8,-60.8,-60.8,1.0,0.0,12.0,1.0,0.3,0.3,-72.5,-72.5,-72.5,-72.5,1.0,0.0,12.0,1.0,0.3,0.3,-15.6,-15.6,-15.6,-15.6,1.0,0.0,12.0,1.0,0.3,0.3,-18.6,-18.6,-18.6,-18.6,1.0,0.0,12.0,1.0,0.3,0.3,132.5,132.5,132.5,132.5,1.0,0.0,12.0,1.0,0.3,0.3,135.0,135.0,135.0,135.0,1.0,0.0,12.0,1.0,0.3,0.3
1974,2,278.0,11.0,24.23,26.0,26.82,25.53,3.0,1.94,16.0,0.3,0.9,0.6,25.6,25.6,25.87,25.73,3.0,0.23,16.0,0.3,0.9,0.6,15.31,16.76,16.88,16.11,3.0,1.28,16.0,0.3,0.9,0.6,74.6,81.1,81.7,78.2,3.0,5.7,16.0,0.3,0.6,5.29,5.7,8.84,7.03,3.0,2.84,16.0,0.3,0.9,0.6,-5.04,-4.79,-4.5,-4.77,3.0,0.39,16.0,0.3,0.9,0.6,-7.25,-3.66,-2.35,-4.78,3.0,3.71,16.0,0.3,0.9,0.6,1013.25,1013.8,1014.96,1014.1,3.0,1.28,16.0,0.3,0.9,0.6,2.6,4.0,5.4,4.0,3.0,2.0,16.0,0.3,0.9,0.6,-44.1,-24.9,-24.6,-34.1,3.0,16.4,16.0,0.3,0.9,0.6,-69.3,-20.9,-12.7,-40.6,3.0,44.9,16.0,0.3,0.9,0.6,-1.5,0.0,1.09,-0.2,3.0,1.91,16.0,0.3,0.9,0.6,-15.5,0.0,5.6,-4.8,3.0,16.0,16.0,0.3,0.9,0.6,3.53,4.01,5.22,4.37,3.0,1.28,16.0,0.3,0.9,0.6,25.0,29.5,32.6,28.8,3.0,5.6,16.0,0.3,0.9,0.6,-128.9,-122.7,-116.4,-122.7,3.0,9.2,16.0,0.3,0.9,0.6,-186.1,-95.3,-60.7,-122.8,3.0,94.9,16.0,0.3,0.9,0.6,-78.8,-75.4,-74.4,-76.6,3.0,3.3,16.0,0.3,0.9,0.6,-108.8,-62.1,-39.7,-73.9,3.0,51.7,16.0,0.3,0.9,0.6,-24.5,-17.5,-17.2,-20.8,3.0,6.0,16.0,0.3,0.9,0.6,-24.8,-14.7,-11.6,-18.1,3.0,10.2,16.0,0.3,0.9,0.6,149.5,185.0,804.5,470.0,3.0,540.0,16.0,0.3,0.9,0.6,150.0,185.0,805.0,470.0,3.0,540.0,16.0,0.3,0.9,0.6
1974,2,278.0,12.0,25.26,26.7,26.87,26.35,10.0,1.33,14.0,0.5,0.8,0.5,24.87,25.85,26.78,25.74,12.0,1.24,14.0,0.5,0.7,0.5,15.02,16.83,18.48,16.73,10.0,1.62,14.0,0.5,0.8,0.5,73.7,81.0,87.2,80.3,10.0,6.3,14.0,0.5,0.5,6.2,7.95,10.93,8.36,12.0,2.06,14.0,0.5,0.7,0.5,-7.99,-6.15,-3.95,-5.55,12.0,3.47,14.0,0.5,0.7,0.5,-6.74,-5.2,0.27,-4.12,12.0,4.04,14.0,0.5,0.7,0.5,1011.12,1013.85,1015.13,1013.27,12.0,2.2,14.0,0.5,0.7,0.5,1.0,3.5,5.0,3.2,12.0,1.9,14.0,0.5,0.7,0.5,-83.3,-40.8,-28.2,-46.3,12.0,39.1,14.0,0.5,0.7,0.5,-69.9,-40.4,1.7,-39.2,12.0,41.0,14.0,0.5,0.7,0.5,-0.06,0.7,1.97,0.46,10.0,1.76,14.0,0.5,0.8,0.5,-0.4,6.7,15.1,4.7,10.0,12.4,14.0,0.5,0.8,0.5,2.57,5.34,7.01,4.77,10.0,2.27,14.0,0.5,0.8,0.5,18.2,41.2,57.5,39.2,10.0,22.7,14.0,0.5,0.8,0.5,-198.4,-166.7,-102.7,-143.2,12.0,89.2,14.0,0.5,0.7,0.5,-178.7,-137.2,7.6,-104.6,12.0,103.4,14.0,0.5,0.7,0.5,-126.1,-87.6,-69.6,-82.9,10.0,56.4,14.0,0.5,0.8,0.5,-123.5,-71.0,10.9,-61.6,10.0,69.7,14.0,0.5,0.8,0.5,-39.4,-21.0,-8.9,-20.7,10.0,21.3,14.0,0.5,0.8,0.5,-42.1,-21.3,0.4,-21.1,10.0,28.3,14.0,0.5,0.8,0.5,238.5,504.0,1306.5,684.0,12.0,484.5,14.0,0.5,0.7,0.5,240.0,505.0,1305.0,685.0,12.0,485.0,14.0,0.5,0.7,0.5
1974,2,278.0,13.0,25.0,26.55,26.78,26.12,12.0,0.92,16.0,0.8,0.4,0.5,24.9,26.0,27.39,26.21,13.0,1.7,16.0,0.7,0.4,0.5,15.16,16.2,16.57,16.01,10.0,0.95,14.0,0.7,0.4,0.5,71.2,75.8,80.6,75.3,10.0,5.5,14.0,0.7,0.5,6.09,7.7,10.3,7.87,13.0,2.73,16.0,0.7,0.4,0.5,-8.06,-5.27,-3.12,-5.82,13.0,2.66,16.0,0.7,0.4,0.5,-7.11,-4.1,0.17,-3.92,13.0,3.75,16.0,0.7,0.4,0.5,1012.41,1014.0,1016.36,1014.14,13.0,2.1,16.0,0.7,0.4,0.5,2.7,3.0,4.3,3.3,12.0,1.3,18.0,0.7,0.4,0.5,-83.0,-33.6,-19.9,-51.4,13.0,41.5,16.0,0.7,0.4,0.5,-59.2,-33.3,0.6,-34.7,13.0,41.6,16.0,0.7,0.4,0.5,-1.13,0.0,0.7,-0.27,12.0,1.81,16.0,0.8,0.4,0.5,-5.6,0.0,4.3,-2.4,12.0,17.9,16.0,0.8,0.4,0.5,3.64,5.08,7.01,5.25,10.0,1.51,14.0,0.7,0.4,0.5,25.7,33.5,48.9,36.0,10.0,14.4,14.0,0.7,0.4,0.5,-230.1,-143.9,-80.5,-151.8,13.0,66.2,16.0,0.7,0.4,0.5,-193.7,-104.5,4.4,-104.3,13.0,96.5,16.0,0.7,0.4,0.5,-108.2,-70.1,-47.1,-75.8,10.0,28.9,14.0,0.7,0.4,0.5,-103.1,-66.3,-22.8,-61.5,10.0,45.9,14.0,0.7,0.4,0.5,-29.4,-25.9,-14.0,-25.0,10.0,12.0,14.0,0.7,0.4,0.5,-36.3,-19.4,-6.1,-21.3,10.0,17.5,14.0,0.7,0.4,0.5,228.0,456.5,1092.5,664.0,13.0,768.5,16.0,0.7,0.4,0.5,230.0,455.0,1095.0,665.0,13.0,770.0,16.0,0.7,0.4,0.5
1974,2,278.0,14.0,25.63,26.7,26.7,26.47,14.0,0.9,14.0,0.9,0.5,0.5,24.94,26.5,28.08,26.37,13.0,1.82,12.0,0.8,0.5,0.5,15.17,16.46,17.35,16.46,12.0,1.36,12.0,0.9,0.4,0.4,71.1,74.9,78.1,75.7,12.0,5.9,12.0,0.9,0.4,6.42,9.3,10.3,8.65,15.0,2.66,12.0,0.8,0.5,0.5,-9.16,-7.24,-4.32,-6.8,15.0,2.8,12.0,0.8,0.5,0.5,-6.85,-2.63,-0.36,-3.75,15.0,3.85,12.0,0.8,0.5,0.5,1012.0,1014.2,1015.91,1013.86,15.0,2.3,12.0,0.8,0.5,0.5,2.0,5.0,6.0,4.3,15.0,2.2,12.0,0.8,0.5,0.5,-98.0,-55.7,-27.7,-60.5,15.0,34.6,12.0,0.8,0.5,0.5,-57.6,-20.3,-3.3,-40.0,15.0,48.1,12.0,0.8,0.5,0.5,-2.01,0.2,1.7,0.08,13.0,1.49,12.0,0.8,0.5,0.5,-16.3,1.5,9.3,-0.7,13.0,12.2,12.0,0.8,0.5,0.5,3.94,5.33,6.59,5.28,12.0,1.27,12.0,0.9,0.4,0.4,23.8,45.2,65.8,46.6,12.0,21.0,12.0,0.9,0.4,0.4,-231.6,-191.7,-109.5,-169.7,13.0,77.6,12.0,0.8,0.5,0.5,-202.0,-70.3,0.0,-105.7,13.0,108.7,12.0,0.8,0.5,0.5,-135.0,-119.1,-63.8,-105.1,12.0,47.5,12.0,0.9,0.4,0.4,-128.6,-45.1,-16.8,-69.3,12.0,66.1,12.0,0.9,0.4,0.4,-45.2,-36.4,-18.9,-33.3,12.0,16.7,12.0,0.9,0.4,0.4,-58.2,-13.3,-5.2,-24.6,12.0,25.7,12.0,0.9,0.4,0.4,268.5,804.5,1092.5,815.0,15.0,639.0,12.0,0.8,0.5,0.5,270.0,805.0,1095.0,815.0,15.0,640.0,12.0,0.8,0.5,0.5
1974,2,278.0,15.0,25.0,26.2,26.7,25.95,25.0,0.99,16.0,0.5,0.5,0.5,25.0,25.6,27.01,25.87,26.0,1.14,16.0,0.5,0.5,0.4,15.02,15.91,17.96,16.16,23.0,1.5,16.0,0.5,0.5,0.5,70.0,77.2,84.4,77.5,23.0,8.0,16.0,0.5,0.5,4.5,7.2,8.81,7.27,25.0,3.06,16.0,0.4,0.5,0.5,-6.55,-4.63,-3.11,-5.17,25.0,3.15,16.0,0.4,0.5,0.5,-7.15,-3.28,0.0,-3.33,25.0,3.89,16.0,0.4,0.5,0.5,1012.49,1015.2,1016.91,1014.87,26.0,2.24,16.0,0.5,0.5,0.4,2.0,4.0,6.0,3.9,26.0,2.1,16.0,0.5,0.5,0.4,-56.3,-25.9,-15.7,-41.5,25.0,48.1,16.0,0.4,0.5,0.5,-57.7,-16.7,0.0,-31.4,25.0,44.6,16.0,0.4,0.5,0.5,-1.1,0.0,1.3,0.04,25.0,1.31,16.0,0.5,0.5,0.5,-9.2,0.0,9.0,-0.1,24.0,11.1,16.0,0.5,0.5,0.5,3.39,4.8,6.41,4.97,23.0,1.71,16.0,0.5,0.5,0.5,17.3,28.4,49.9,34.9,22.0,18.7,16.0,0.5,0.5,0.5,-172.9,-125.9,-77.7,-133.7,25.0,78.9,16.0,0.4,0.5,0.5,-182.8,-83.9,0.0,-86.7,25.0,100.5,16.0,0.4,0.5,0.5,-125.6,-79.6,-52.0,-90.0,22.0,45.1,16.0,0.5,0.5,0.5,-96.6,-48.8,0.0,-45.5,22.0,54.3,16.0,0.5,0.5,0.5,-38.7,-23.0,-13.6,-27.4,22.0,17.0,16.0,0.5,0.5,0.5,-29.5,-15.9,0.0,-15.1,22.0,17.5,16.0,0.5,0.5,0.5,92.0,373.0,686.5,611.5,25.0,863.0,16.0,0.4,0.5,0.5,90.0,375.0,685.0,610.0,25.0,865.0,16.0,0.4,0.5,0.5
1974,2,278.0,16.0,25.0,26.0,26.73,25.81,13.0,0.99,8.0,0.5,0.3,0.4,25.0,25.8,27.0,25.85,14.0,1.04,10.0,0.4,0.3,0.4,15.01,15.36,16.62,15.58,12.0,0.95,8.0,0.5,0.3,0.4,70.6,75.1,82.5,75.1,12.0,6.8,8.0,0.5,0.4,4.59,7.45,8.48,6.78,12.0,2.38,10.0,0.5,0.3,0.4,-7.83,-5.42,-3.15,-5.51,12.0,2.49,10.0,0.5,0.3,0.4,-5.83,-1.42,0.0,-2.61,12.0,3.0,10.0,0.5,0.3,0.4,1012.34,1014.95,1016.27,1014.71,14.0,2.3,10.0,0.4,0.3,0.4,1.0,3.0,7.6,3.4,15.0,2.8,10.0,0.4,0.3,0.4,-61.3,-38.3,-19.1,-41.1,12.0,27.6,10.0,0.5,0.3,0.4,-40.5,-7.6,0.0,-19.9,12.0,25.9,10.0,0.5,0.3,0.4,-1.61,0.0,1.22,-0.11,13.0,1.2,8.0,0.5,0.3,0.4,-8.8,0.0,5.7,-0.5,12.0,9.9,10.0,0.5,0.3,0.4,4.2,5.32,6.14,5.16,12.0,1.16,8.0,0.5,0.3,0.4,17.2,39.2,47.2,35.2,11.0,13.4,10.0,0.5,0.3,0.4,-197.3,-141.6,-77.7,-142.9,12.0,65.6,10.0,0.5,0.3,0.4,-152.4,-38.5,0.0,-67.1,12.0,74.8,10.0,0.5,0.3,0.4,-122.1,-88.8,-50.0,-85.6,11.0,39.9,10.0,0.5,0.3,0.4,-79.8,-17.0,0.0,-35.1,11.0,45.2,10.0,0.5,0.3,0.4,-41.3,-29.4,-16.3,-28.7,11.0,12.7,10.0,0.5,0.3,0.4,-32.5,-6.4,0.0,-13.3,11.0,16.7,10.0,0.5,0.3,0.4,106.5,415.0,615.5,408.5,12.0,312.5,10.0,0.5,0.3,0.4,105.0,415.0,615.0,410.0,12.0,310.0,10.0,0.5,0.3,0.4
1974,2,278.0,17.0,26.11,26.35,26.59,26.35,2.0,0.49,8.0,0.5,0.6,0.3,25.08,25.25,25.42,25.25,2.0,0.35,8.0,0.5,0.6,0.3,15.19,15.94,16.68,15.94,2.0,1.55,8.0,0.5,0.6,0.3,77.0,79.8,82.7,79.8,2.0,5.9,8.0,0.5,0.3,5.51,6.4,7.29,6.4,2.0,1.84,8.0,0.5,0.6,0.3,-7.1,-5.8,-4.51,-5.8,2.0,2.68,8.0,0.5,0.6,0.3,-2.76,-1.64,-0.52,-1.64,2.0,2.32,8.0,0.5,0.6,0.3,1016.51,1016.95,1017.39,1016.95,2.0,0.92,8.0,0.5,0.6,0.3,2.6,4.0,5.4,4.0,2.0,2.8,8.0,0.5,0.6,0.3,-53.0,-39.6,-26.2,-39.6,2.0,27.8,8.0,0.5,0.6,0.3,-14.1,-8.4,-2.7,-8.4,2.0,11.8,8.0,0.5,0.6,0.3,0.69,1.1,1.51,1.1,2.0,0.85,8.0,0.5,0.6,0.3,4.6,6.3,7.9,6.3,2.0,3.4,8.0,0.5,0.6,0.3,4.39,5.43,6.47,5.43,2.0,2.16,8.0,0.5,0.6,0.3,30.9,32.8,34.6,32.8,2.0,3.8,8.0,0.5,0.6,0.3,-180.7,-147.0,-113.3,-147.0,2.0,69.8,8.0,0.5,0.6,0.3,-68.9,-41.0,-13.0,-41.0,2.0,58.0,8.0,0.5,0.6,0.3,-119.5,-94.6,-69.6,-94.6,2.0,51.7,8.0,0.5,0.6,0.3,-40.9,-24.3,-7.7,-24.3,2.0,34.4,8.0,0.5,0.6,0.3,-29.6,-28.6,-27.6,-28.6,2.0,2.0,8.0,0.5,0.6,0.3,-19.2,-11.4,-3.6,-11.4,2.0,16.1,8.0,0.5,0.6,0.3,184.0,294.5,405.0,294.5,2.0,229.0,8.0,0.5,0.6,0.3,185.0,295.0,405.0,295.0,2.0,230.0,8.0,0.5,0.6,0.3
1974,2,278.0,18.0,25.5,26.0,26.71,26.17,6.0,0.75,16.0,0.8,0.6,0.3,23.98,25.3,26.45,25.17,6.0,1.96,16.0,0.8,0.6,0.3,14.59,15.41,15.99,15.36,5.0,0.85,12.0,0.8,0.6,0.3,68.4,74.4,80.0,74.6,5.0,7.5,12.0,0.8,0.3,3.81,5.9,9.09,6.43,4.0,3.37,12.0,1.0,0.5,0.1,-8.63,-5.11,-3.3,-5.93,4.0,3.57,12.0,1.0,0.5,0.1,-1.2,0.78,2.62,0.71,4.0,2.49,12.0,1.0,0.5,0.1,1011.88,1015.45,1017.34,1014.85,6.0,2.65,16.0,0.8,0.6,0.3,1.8,3.0,5.0,3.2,6.0,1.7,16.0,0.8,0.6,0.3,-82.5,-31.6,-13.1,-47.0,4.0,48.9,12.0,1.0,0.5,0.1,-5.5,2.4,15.9,5.0,4.0,15.3,12.0,1.0,0.5,0.1,-0.27,0.95,1.94,1.0,6.0,1.76,16.0,0.8,0.6,0.3,-2.1,3.2,6.5,2.2,4.0,5.2,12.0,1.0,0.5,0.1,5.05,6.14,6.75,5.89,5.0,1.29,12.0,0.8,0.6,0.3,23.1,30.5,52.4,37.4,4.0,22.2,12.0,1.0,0.5,0.1,-220.1,-128.7,-88.6,-153.2,4.0,91.1,12.0,1.0,0.5,0.1,-31.4,21.5,66.9,17.9,4.0,63.3,12.0,1.0,0.5,0.1,-131.3,-82.9,-51.4,-90.9,4.0,50.8,12.0,1.0,0.5,0.1,-18.9,11.9,42.7,11.9,4.0,40.3,12.0,1.0,0.5,0.1,-50.3,-26.4,-20.0,-34.7,4.0,23.8,12.0,1.0,0.5,0.1,-8.8,4.8,11.7,1.6,4.0,13.5,12.0,1.0,0.5,0.1,62.0,235.5,837.5,440.0,4.0,566.5,12.0,1.0,0.5,0.1,60.0,235.0,840.0,440.0,4.0,565.0,12.0,1.0,0.5,0.1
1974,2,278.0,19.0,25.6,26.0,27.5,26.33,19.0,0.95,18.0,0.6,0.7,0.4,24.1,25.45,27.33,25.56,22.0,1.58,18.0,0.7,0.7,0.3,14.58,15.36,17.07,15.55,18.0,1.51,18.0,0.7,0.7,0.3,70.2,76.0,83.9,76.6,18.0,7.4,18.0,0.7,0.3,1.53,4.1,6.7,4.53,22.0,3.12,18.0,0.7,0.7,0.3,-4.82,-2.78,-0.91,-3.17,22.0,2.79,18.0,0.7,0.7,0.3,-3.34,0.0,1.58,-0.85,22.0,3.49,18.0,0.7,0.7,0.3,1012.3,1014.0,1016.87,1014.49,22.0,2.37,18.0,0.7,0.7,0.3,2.0,3.0,5.0,3.3,21.0,1.9,18.0,0.7,0.8,0.4,-27.8,-14.1,-0.9,-19.5,22.0,28.2,18.0,0.7,0.7,0.3,-20.7,0.0,5.3,-10.8,22.0,36.9,18.0,0.7,0.7,0.3,-0.16,1.2,2.14,0.99,19.0,1.95,18.0,0.6,0.7,0.4,-0.4,2.6,14.7,3.5,19.0,12.3,18.0,0.6,0.7,0.4,3.92,5.97,7.37,5.98,16.0,1.88,16.0,0.7,0.7,0.3,6.2,19.2,30.4,22.1,16.0,18.4,16.0,0.7,0.7,0.3,-125.1,-72.6,-22.3,-83.0,22.0,72.0,18.0,0.7,0.7,0.3,-88.2,0.0,42.2,-21.8,22.0,85.7,18.0,0.7,0.7,0.3,-72.4,-48.1,-14.0,-49.3,18.0,36.2,18.0,0.7,0.7,0.3,-46.8,0.0,18.5,-8.2,18.0,33.7,18.0,0.7,0.7,0.3,-24.4,-14.5,-5.4,-18.2,16.0,18.0,16.0,0.7,0.7,0.3,-13.6,0.0,3.0,-2.8,16.0,13.0,16.0,0.7,0.7,0.3,6.5,69.0,310.5,254.0,22.0,527.0,18.0,0.7,0.7,0.3,5.0,70.0,310.0,255.0,22.0,525.0,18.0,0.7,0.7,0.3
1974,2,278.0,20.0,24.79,26.95,28.0,26.56,24.0,1.56,14.0,0.6,0.6,0.3,23.75,25.1,27.0,25.21,23.0,2.02,14.0,0.6,0.6,0.3,13.22,15.48,17.39,15.03,23.0,2.81,14.0,0.6,0.6,0.3,66.6,74.6,85.1,75.0,23.0,11.8,14.0,0.6,0.3,2.93,4.85,7.7,5.36,24.0,3.0,14.0,0.6,0.6,0.3,-6.26,-4.01,-1.12,-4.01,24.0,2.98,14.0,0.6,0.6,0.3,-4.61,-0.36,1.5,-1.43,24.0,3.33,14.0,0.6,0.6,0.3,1013.7,1016.0,1018.8,1016.14,23.0,2.44,14.0,0.6,0.6,0.3,1.0,3.5,5.3,3.4,24.0,2.1,14.0,0.6,0.6,0.3,-43.8,-18.5,-3.6,-28.7,24.0,34.0,14.0,0.6,0.6,0.3,-27.2,-1.5,9.7,-9.5,24.0,28.1,14.0,0.6,0.6,0.3,0.0,1.0,3.0,1.44,23.0,1.79,14.0,0.6,0.6,0.3,0.0,6.9,18.8,9.2,23.0,14.4,14.0,0.6,0.6,0.3,4.47,6.9,9.01,6.82,23.0,2.66,14.0,0.6,0.6,0.3,17.0,29.9,57.4,35.2,23.0,25.1,14.0,0.6,0.6,0.3,-156.6,-98.4,-25.5,-98.9,23.0,72.6,14.0,0.6,0.6,0.3,-106.9,0.0,42.6,-26.0,23.0,73.5,14.0,0.6,0.6,0.3,-101.4,-63.8,-11.2,-60.3,23.0,49.0,14.0,0.6,0.6,0.3,-64.9,0.0,25.6,-12.4,23.0,42.5,14.0,0.6,0.6,0.3,-44.5,-20.2,-7.6,-26.0,23.0,22.7,14.0,0.6,0.6,0.3,-26.9,0.0,14.3,-9.9,23.0,24.4,14.0,0.6,0.6,0.3,25.5,115.0,456.5,303.5,24.0,461.0,14.0,0.6,0.6,0.3,25.0,115.0,455.0,305.0,24.0,460.0,14.0,0.6,0.6,0.3
1974,2,278.0,21.0,24.8,24.8,24.8,24.8,1.0,0.0,6.0,0.0,0.2,0.3,23.4,23.4,23.4,23.4,1.0,0.0,6.0,0.0,0.2,0.3,16.41,16.41,16.41,16.41,1.0,0.0,6.0,0.0,0.2,0.3,91.9,91.9,91.9,91.9,1.0,0.0,6.0,0.0,0.3,6.0,6.0,6.0,6.0,1.0,0.0,6.0,0.0,0.2,0.3,-3.86,-3.86,-3.86,-3.86,1.0,0.0,6.0,0.0,0.2,0.3,-4.6,-4.6,-4.6,-4.6,1.0,0.0,6.0,0.0,0.2,0.3,1016.2,1016.2,1016.2,1016.2,1.0,0.0,6.0,0.0,0.2,0.3,6.0,6.0,6.0,6.0,1.0,0.0,6.0,0.0,0.2,0.3,-23.1,-23.1,-23.1,-23.1,1.0,0.0,6.0,0.0,0.2,0.3,-27.6,-27.6,-27.6,-27.6,1.0,0.0,6.0,0.0,0.2,0.3,1.4,1.4,1.4,1.4,1.0,0.0,6.0,0.0,0.2,0.3,8.4,8.4,8.4,8.4,1.0,0.0,6.0,0.0,0.2,0.3,3.06,3.06,3.06,3.06,1.0,0.0,6.0,0.0,0.2,0.3,18.4,18.4,18.4,18.4,1.0,0.0,6.0,0.0,0.2,0.3,-90.2,-90.2,-90.2,-90.2,1.0,0.0,6.0,0.0,0.2,0.3,-107.6,-107.6,-107.6,-107.6,1.0,0.0,6.0,0.0,0.2,0.3,-63.3,-63.3,-63.3,-63.3,1.0,0.0,6.0,0.0,0.2,0.3,-75.4,-75.4,-75.4,-75.4,1.0,0.0,6.0,0.0,0.2,0.3,-11.8,-11.8,-11.8,-11.8,1.0,0.0,6.0,0.0,0.2,0.3,-14.1,-14.1,-14.1,-14.1,1.0,0.0,6.0,0.0,0.2,0.3,216.0,216.0,216.0,216.0,1.0,0.0,6.0,0.0,0.2,0.3,215.0,215.0,215.0,215.0,1.0,0.0,6.0,0.0,0.2,0.3
1974,2,278.0,23.0,25.0,26.0,27.5,26.09,26.0,1.28,14.0,0.6,0.5,0.6,21.23,24.2,26.0,23.58,25.0,2.62,14.0,0.6,0.5,0.6,11.39,14.74,15.41,13.99,16.0,2.22,14.0,0.6,0.5,0.7,70.8,74.5,84.6,77.3,16.0,6.6,14.0,0.6,0.7,4.83,7.2,10.8,7.68,25.0,3.53,14.0,0.6,0.5,0.6,-7.24,-4.42,1.67,-3.68,25.0,5.45,14.0,0.6,0.5,0.6,-6.67,1.04,3.95,-0.54,25.0,5.46,14.0,0.6,0.5,0.6,1013.44,1017.4,1022.46,1017.7,25.0,3.84,14.0,0.6,0.5,0.6,1.0,3.0,7.0,3.4,26.0,2.5,14.0,0.6,0.5,0.6,-62.2,-24.6,8.5,-35.2,25.0,65.0,14.0,0.6,0.5,0.6,-63.4,4.3,28.0,-12.0,25.0,58.2,14.0,0.6,0.5,0.6,-0.1,1.9,4.45,2.39,25.0,2.97,14.0,0.6,0.5,0.6,-0.6,10.6,37.4,22.0,24.0,35.5,14.0,0.5,0.5,0.6,4.63,6.53,7.6,6.78,16.0,2.64,14.0,0.6,0.5,0.7,22.0,47.0,81.6,55.5,16.0,44.7,14.0,0.6,0.5,0.7,-169.3,-113.3,45.2,-90.5,24.0,130.3,14.0,0.5,0.5,0.6,-134.9,26.1,105.0,8.5,24.0,105.2,14.0,0.5,0.5,0.6,-95.2,-76.3,-15.1,-64.4,16.0,56.5,14.0,0.6,0.5,0.7,-56.5,16.6,62.5,9.9,16.0,62.7,14.0,0.6,0.5,0.7,-53.8,-26.6,-5.1,-30.9,16.0,31.2,14.0,0.6,0.5,0.7,-37.6,8.1,24.9,-7.9,16.0,56.9,14.0,0.6,0.5,0.7,114.5,373.0,1294.0,748.5,25.0,941.5,14.0,0.6,0.5,0.6,115.0,375.0,1295.0,750.0,25.0,940.0,14.0,0.6,0.5,0.6
1974,2,278.0,24.0,22.4,24.4,25.63,24.15,62.0,1.55,14.0,0.7,0.5,0.4,20.0,22.8,25.37,22.5,65.0,2.86,14.0,0.7,0.5,0.4,9.85,12.75,15.33,12.75,53.0,2.76,14.0,0.7,0.5,0.4,64.3,74.4,87.8,75.5,53.0,12.3,14.0,0.7,0.4,3.6,6.7,10.3,6.81,65.0,3.16,14.0,0.7,0.5,0.4,-5.95,-1.99,1.05,-2.31,65.0,3.96,14.0,0.7,0.5,0.4,-7.63,0.0,4.02,-1.06,65.0,5.9,14.0,0.7,0.5,0.4,1014.63,1018.35,1022.26,1018.38,66.0,3.62,14.0,0.7,0.5,0.4,1.0,3.0,7.0,4.1,65.0,2.7,14.0,0.7,0.5,0.4,-52.8,-8.0,2.6,-19.2,65.0,41.8,14.0,0.7,0.5,0.4,-59.3,0.0,25.7,-12.3,65.0,57.7,14.0,0.7,0.5,0.4,-0.5,1.7,4.4,1.67,61.0,2.64,14.0,0.7,0.5,0.4,-2.7,8.7,33.8,13.6,60.0,19.6,14.0,0.7,0.5,0.4,3.07,6.72,8.47,5.96,52.0,3.15,14.0,0.7,0.5,0.4,12.6,40.2,80.1,44.4,51.0,30.9,14.0,0.7,0.5,0.4,-138.7,-51.3,27.5,-54.0,64.0,88.7,14.0,0.7,0.5,0.4,-158.8,8.4,109.1,-12.6,64.0,129.3,14.0,0.7,0.5,0.4,-80.3,-33.0,0.0,-30.4,52.0,54.2,14.0,0.7,0.5,0.4,-90.1,-3.3,60.3,-9.0,52.0,73.8,14.0,0.7,0.5,0.4,-43.4,-10.4,2.2,-17.0,51.0,30.9,14.0,0.7,0.5,0.4,-55.3,-7.0,18.5,-12.8,51.0,39.4,14.0,0.7,0.5,0.4,46.5,301.0,1092.5,530.0,65.0,679.5,14.0,0.7,0.5,0.4,45.0,300.0,1095.0,530.0,65.0,680.0,14.0,0.7,0.5,0.4
1974,2,278.0,26.0,,,,,,,,,,,,,,,,,,,,,,,,,,,,,,,,,,,,,,,,9.8,9.8,9.8,9.8,1.0,0.0,22.0,0.0,0.7,0.8,0.0,0.0,0.0,0.0,1.0,0.0,22.0,0.0,0.7,0.8,9.8,9.8,9.8,9.8,1.0,0.0,22.0,0.0,0.7,0.8,1013.5,1013.5,1013.5,1013.5,1.0,0.0,22.0,0.0,0.7,0.8,2.0,2.0,2.0,2.0,1.0,0.0,22.0,0.0,0.7,0.8,0.0,0.0,0.0,0.0,1.0,0.0,22.0,0.0,0.7,0.8,96.0,96.0,96.0,96.0,1.0,0.0,22.0,0.0,0.7,0.8,,,,,,,,,,,,,,,,,,,,,,,,,,,,,,,,,,,,,,,,,0.0,0.0,0.0,0.0,1.0,0.0,22.0,0.0,0.7,0.8,230.3,230.3,230.3,230.3,1.0,0.0,22.0,0.0,0.7,0.8,0.0,0.0,0.0,0.0,1.0,0.0,22.0,0.0,0.7,0.8,161.3,161.3,161.3,161.3,1.0,0.0,22.0,0.0,0.7,0.8,,,,,,,,,,,,,,,,,,,,,,,,,,,,,,,,,,,,,,,,
1974,2,278.0,30.0,14.6,15.9,17.2,15.9,2.0,2.69,12.0,0.5,0.7,0.5,11.62,19.4,20.22,16.0,3.0,6.95,12.0,0.3,0.8,0.6,8.66,8.9,9.14,8.9,2.0,0.49,12.0,0.5,0.7,0.5,61.8,62.0,62.2,62.0,2.0,0.4,12.0,0.5,0.5,1.35,2.1,7.36,4.3,3.0,4.79,12.0,0.3,0.8,0.6,0.51,1.61,7.2,3.8,3.0,5.26,12.0,0.3,0.8,0.6,0.32,1.0,1.24,0.78,3.0,0.7,12.0,0.3,0.8,0.6,1017.25,1018.0,1026.05,1021.57,3.0,7.15,12.0,0.3,0.8,0.6,0.0,0.0,4.1,2.0,3.0,3.5,12.0,0.3,0.8,0.6,1.1,3.4,66.6,33.1,3.0,54.5,12.0,0.3,0.8,0.6,0.3,1.0,2.3,1.3,3.0,1.4,12.0,0.3,0.8,0.6,-4.99,-4.1,-3.21,-4.1,2.0,1.84,12.0,0.5,0.7,0.5,-5.8,-5.6,-5.5,-5.6,2.0,0.3,12.0,0.5,0.7,0.5,1.54,2.28,3.02,2.28,2.0,1.53,12.0,0.5,0.7,0.5,2.1,4.1,6.1,4.1,2.0,4.1,12.0,0.5,0.7,0.5,10.5,33.1,64.0,37.2,3.0,39.4,12.0,0.3,0.8,0.6,6.2,19.4,25.1,15.7,3.0,14.3,12.0,0.3,0.8,0.6,2.4,7.4,12.5,7.4,2.0,10.5,12.0,0.5,0.7,0.5,9.2,10.5,11.9,10.5,2.0,2.8,12.0,0.5,0.7,0.5,0.9,2.7,4.6,2.7,2.0,3.8,12.0,0.5,0.7,0.5,1.7,2.9,4.0,2.9,2.0,2.4,12.0,0.5,0.7,0.5,3.5,9.5,645.5,317.0,3.0,540.5,12.0,0.3,0.8,0.6,5.0,10.0,645.0,315.0,3.0,540.0,12.0,0.3,0.8,0.6
1974,2,278.0,42.0,0.02,0.05,0.08,0.05,2.0,0.07,22.0,1.0,0.5,0.2,2.06,3.05,4.04,3.05,2.0,2.05,22.0,1.0,0.5,0.2,3.59,4.06,4.53,4.06,2.0,0.97,22.0,1.0,0.5,0.2,81.8,85.9,90.0,85.9,2.0,8.5,22.0,1.0,0.2,5.58,7.7,9.82,7.7,2.0,4.38,22.0,1.0,0.5,0.2,-9.67,-7.58,-5.5,-7.58,2.0,4.32,22.0,1.0,0.5,0.2,-1.45,-0.54,0.37,-0.54,2.0,1.89,22.0,1.0,0.5,0.2,1016.93,1018.7,1020.47,1018.7,2.0,3.68,22.0,1.0,0.5,0.2,3.2,3.5,3.8,3.5,2.0,0.7,22.0,1.0,0.5,0.2,-99.9,-67.9,-35.8,-67.9,2.0,66.5,22.0,1.0,0.5,0.2,-16.5,-8.3,-0.1,-8.3,2.0,16.9,22.0,1.0,0.5,0.2,-4.02,-3.0,-1.98,-3.0,2.0,2.12,22.0,1.0,0.5,0.2,-20.0,-18.4,-16.9,-18.4,2.0,3.2,22.0,1.0,0.5,0.2,-0.78,-0.29,0.19,-0.29,2.0,1.0,22.0,1.0,0.5,0.2,-3.2,0.0,3.1,0.0,2.0,6.5,22.0,1.0,0.5,0.2,-19.9,-18.7,-17.6,-18.7,2.0,2.4,22.0,1.0,0.5,0.2,-2.0,0.3,2.5,0.3,2.0,4.7,22.0,1.0,0.5,0.2,-33.6,-28.7,-23.8,-28.7,2.0,10.2,22.0,1.0,0.5,0.2,-4.7,-1.3,2.2,-1.3,2.0,7.2,22.0,1.0,0.5,0.2,-3.0,0.0,3.1,0.0,2.0,6.4,22.0,1.0,0.5,0.2,-0.8,-0.8,-0.8,-0.8,2.0,0.0,22.0,1.0,0.5,0.2,282.0,678.5,1075.0,678.5,2.0,822.0,22.0,1.0,0.5,0.2,280.0,680.0,1075.0,680.0,2.0,820.0,22.0,1.0,0.5,0.2
1974,2,279.0,-67.0,,,,,,,,,,,,,,,,,,,,,,,,,,,,,,,,,,,,,,,,,,,,,,,,,,,,,,,,,,,,,,,,,,,,,,,,,,,,,,,,5.0,5.0,5.0,5.0,1.0,0.0,24.0,1.0,0.3,0.4,144.1,144.1,144.1,144.1,1.0,0.0,24.0,1.0,0.3,0.4,-83.2,-83.2,-83.2,-83.2,1.0,0.0,24.0,1.0,0.3,0.4,,,,,,,,,,,,,,,,,,,,,,,,,,,,,,,,,,,,,,,,,,,,,,,,,,,,,,,,,,,,,,,,,,,,,,,,,,,,,,,,,,,,,,,,,,,,,,,,,,,,,,,,,,,,,,,,,,,,,,,,
1974,2,279.0,-60.0,,,,,,,,,,,,,,,,,,,,,,,,,,,,,,,,,,,,,,,,13.0,13.0,13.0,13.0,1.0,0.0,24.0,1.0,0.5,0.2,12.22,12.22,12.22,12.22,1.0,0.0,24.0,1.0,0.5,0.2,-4.45,-4.45,-4.45,-4.45,1.0,0.0,24.0,1.0,0.5,0.2,980.6,980.6,980.6,980.6,1.0,0.0,24.0,1.0,0.5,0.2,7.0,7.0,7.0,7.0,1.0,0.0,24.0,1.0,0.5,0.2,158.8,158.8,158.8,158.8,1.0,0.0,24.0,1.0,0.5,0.2,-57.8,-57.8,-57.8,-57.8,1.0,0.0,24.0,1.0,0.5,0.2,,,,,,,,,,,,,,,,,,,,,,,,,,,,,,,,,,,,,,,,,68.4,68.4,68.4,68.4,1.0,0.0,24.0,1.0,0.5,0.2,-24.9,-24.9,-24.9,-24.9,1.0,0.0,24.0,1.0,0.5,0.2,54.3,54.3,54.3,54.3,1.0,0.0,24.0,1.0,0.5,0.2,-19.8,-19.8,-19.8,-19.8,1.0,0.0,24.0,1.0,0.5,0.2,,,,,,,,,,,,,,,,,,,,,,,,,,,,,,,,,,,,,,,,
1974,2,279.0,-57.0,7.5,7.5,7.5,7.5,1.0,0.0,2.0,1.0,0.2,0.3,6.7,6.7,6.7,6.7,1.0,0.0,2.0,1.0,0.2,0.3,5.21,5.21,5.21,5.21,1.0,0.0,2.0,1.0,0.2,0.3,83.5,83.5,83.5,83.5,1.0,0.0,2.0,1.0,0.3,12.0,12.0,12.0,12.0,1.0,0.0,2.0,1.0,0.2,0.3,9.19,9.19,9.19,9.19,1.0,0.0,2.0,1.0,0.2,0.3,-7.71,-7.71,-7.71,-7.71,1.0,0.0,2.0,1.0,0.2,0.3,985.8,985.8,985.8,985.8,1.0,0.0,2.0,1.0,0.2,0.3,8.0,8.0,8.0,8.0,1.0,0.0,2.0,1.0,0.2,0.3,110.3,110.3,110.3,110.3,1.0,0.0,2.0,1.0,0.2,0.3,-92.6,-92.6,-92.6,-92.6,1.0,0.0,2.0,1.0,0.2,0.3,0.8,0.8,0.8,0.8,1.0,0.0,2.0,1.0,0.2,0.3,9.6,9.6,9.6,9.6,1.0,0.0,2.0,1.0,0.2,0.3,1.39,1.39,1.39,1.39,1.0,0.0,2.0,1.0,0.2,0.3,16.6,16.6,16.6,16.6,1.0,0.0,2.0,1.0,0.2,0.3,61.6,61.6,61.6,61.6,1.0,0.0,2.0,1.0,0.2,0.3,-51.7,-51.7,-51.7,-51.7,1.0,0.0,2.0,1.0,0.2,0.3,47.9,47.9,47.9,47.9,1.0,0.0,2.0,1.0,0.2,0.3,-40.2,-40.2,-40.2,-40.2,1.0,0.0,2.0,1.0,0.2,0.3,12.8,12.8,12.8,12.8,1.0,0.0,2.0,1.0,0.2,0.3,-10.7,-10.7,-10.7,-10.7,1.0,0.0,2.0,1.0,0.2,0.3,1728.0,1728.0,1728.0,1728.0,1.0,0.0,2.0,1.0,0.2,0.3,1730.0,1730.0,1730.0,1730.0,1.0,0.0,2.0,1.0,0.2,0.3
1974,2,279.0,-56.0,7.76,8.1,8.17,7.97,3.0,0.32,2.0,0.7,0.7,1.0,6.59,6.8,7.11,6.85,4.0,0.41,6.0,0.8,0.8,1.0,4.63,4.78,5.66,5.13,4.0,0.87,6.0,0.8,0.8,1.0,75.0,78.4,90.1,82.4,4.0,11.6,6.0,0.8,1.0,7.43,10.0,13.1,10.25,4.0,3.77,6.0,0.8,0.8,1.0,5.6,8.99,12.27,8.94,4.0,4.83,6.0,0.8,0.8,1.0,-1.64,2.84,4.19,1.34,4.0,4.7,6.0,0.8,0.8,1.0,999.15,1001.45,1002.86,1001.03,4.0,2.3,6.0,0.8,0.8,1.0,6.4,8.0,8.0,7.3,4.0,1.5,6.0,0.8,0.8,1.0,45.7,90.5,166.0,105.1,4.0,85.6,6.0,0.8,0.8,1.0,-18.5,29.4,35.3,9.4,4.0,46.8,6.0,0.8,0.8,1.0,1.23,1.3,1.37,1.3,3.0,0.1,2.0,0.7,0.7,1.0,9.4,11.7,12.7,11.1,3.0,2.5,2.0,0.7,0.7,1.0,1.83,2.07,2.17,2.0,3.0,0.25,2.0,0.7,0.7,1.0,14.5,19.0,19.6,17.1,3.0,4.1,2.0,0.7,0.7,1.0,38.1,59.2,86.3,62.0,4.0,36.5,6.0,0.8,0.8,1.0,-9.3,20.1,28.5,10.1,4.0,31.0,6.0,0.8,0.8,1.0,25.7,42.1,71.6,48.3,4.0,33.9,6.0,0.8,0.8,1.0,-7.2,15.3,20.9,7.2,4.0,22.9,6.0,0.8,0.8,1.0,9.5,16.5,18.0,13.8,3.0,6.7,2.0,0.7,0.7,1.0,-4.3,6.8,9.5,2.7,3.0,10.7,2.0,0.7,0.7,1.0,460.0,1030.0,2402.0,1413.0,4.0,1385.5,6.0,0.8,0.8,1.0,460.0,1030.0,2400.0,1415.0,4.0,1385.0,6.0,0.8,0.8,1.0
1974,2,279.0,-55.0,7.8,7.8,7.8,7.8,1.0,0.0,2.0,1.0,0.4,0.2,6.8,6.8,6.8,6.8,1.0,0.0,2.0,1.0,0.4,0.2,4.31,4.31,4.31,4.31,1.0,0.0,2.0,1.0,0.4,0.2,69.9,69.9,69.9,69.9,1.0,0.0,2.0,1.0,0.2,12.0,12.0,12.0,12.0,1.0,0.0,2.0,1.0,0.4,0.2,11.82,11.82,11.82,11.82,1.0,0.0,2.0,1.0,0.4,0.2,2.08,2.08,2.08,2.08,1.0,0.0,2.0,1.0,0.4,0.2,1004.2,1004.2,1004.2,1004.2,1.0,0.0,2.0,1.0,0.4,0.2,7.0,7.0,7.0,7.0,1.0,0.0,2.0,1.0,0.4,0.2,141.8,141.8,141.8,141.8,1.0,0.0,2.0,1.0,0.4,0.2,25.0,25.0,25.0,25.0,1.0,0.0,2.0,1.0,0.4,0.2,1.0,1.0,1.0,1.0,1.0,0.0,2.0,1.0,0.4,0.2,12.0,12.0,12.0,12.0,1.0,0.0,2.0,1.0,0.4,0.2,2.3,2.3,2.3,2.3,1.0,0.0,2.0,1.0,0.4,0.2,27.6,27.6,27.6,27.6,1.0,0.0,2.0,1.0,0.4,0.2,80.4,80.4,80.4,80.4,1.0,0.0,2.0,1.0,0.4,0.2,14.2,14.2,14.2,14.2,1.0,0.0,2.0,1.0,0.4,0.2,50.9,50.9,50.9,50.9,1.0,0.0,2.0,1.0,0.4,0.2,9.0,9.0,9.0,9.0,1.0,0.0,2.0,1.0,0.4,0.2,27.2,27.2,27.2,27.2,1.0,0.0,2.0,1.0,0.4,0.2,4.8,4.8,4.8,4.8,1.0,0.0,2.0,1.0,0.4,0.2,1728.0,1728.0,1728.0,1728.0,1.0,0.0,2.0,1.0,0.4,0.2,1730.0,1730.0,1730.0,1730.0,1.0,0.0,2.0,1.0,0.4,0.2
1974,2,279.0,-43.0,,,,,,,,,,,,,,,,,,,,,,,,,,,,,,,,,,,,,,,,6.0,6.0,6.0,6.0,2.0,0.0,28.0,0.5,0.9,0.6,4.14,4.75,5.36,4.75,2.0,1.26,28.0,0.5,0.9,0.6,2.46,3.32,4.19,3.32,2.0,1.8,28.0,0.5,0.9,0.6,1011.41,1012.5,1013.59,1012.5,2.0,2.26,28.0,0.5,0.9,0.6,8.0,8.0,8.0,8.0,2.0,0.0,28.0,0.5,0.9,0.6,24.8,28.5,32.1,28.5,2.0,7.6,28.0,0.5,0.9,0.6,14.7,19.9,25.2,19.9,2.0,10.8,28.0,0.5,0.9,0.6,,,,,,,,,,,,,,,,,,,,,,,,,,,,,,,,,,,,,,,,,51.9,58.3,64.7,58.3,2.0,13.2,28.0,0.5,0.9,0.6,30.0,41.5,53.0,41.5,2.0,23.9,28.0,0.5,0.9,0.6,26.4,31.8,37.1,31.8,2.0,11.1,28.0,0.5,0.9,0.6,16.6,21.4,26.2,21.4,2.0,9.9,28.0,0.5,0.9,0.6,,,,,,,,,,,,,,,,,,,,,,,,,,,,,,,,,,,,,,,,
1974,2,279.0,-42.0,,,,,,,,,,,,,,,,,,,,,,,,,,,,,,,,,,,,,,,,10.0,10.0,10.0,10.0,1.0,0.0,28.0,1.0,1.0,0.6,9.4,9.4,9.4,9.4,1.0,0.0,28.0,1.0,1.0,0.6,-3.42,-3.42,-3.42,-3.42,1.0,0.0,28.0,1.0,1.0,0.6,1016.3,1016.3,1016.3,1016.3,1.0,0.0,28.0,1.0,1.0,0.6,,,,,,,,,,,,,,,,,,,,,,,,,,,,,,,,,,,,,,,,,,,,,,,,,,,,,,,,,,,,,,,,,,,,,,,,,,,,,,,,,,,,,,,,,,,,,,,,,,,,,,,,,,,,,,,,,,,,,,,,,,,,,,,,,,,,,,,,,,,,,,,,,,,,,,
1974,2,279.0,-41.0,,,,,,,,,,,,,,,,,,,,,,,,,,,,,,,,,,,,,,,,8.0,8.0,8.0,8.0,1.0,0.0,28.0,1.0,0.9,1.0,7.52,7.52,7.52,7.52,1.0,0.0,28.0,1.0,0.9,1.0,-2.74,-2.74,-2.74,-2.74,1.0,0.0,28.0,1.0,0.9,1.0,1016.2,1016.2,1016.2,1016.2,1.0,0.0,28.0,1.0,0.9,1.0,6.0,6.0,6.0,6.0,1.0,0.0,28.0,1.0,0.9,1.0,60.1,60.1,60.1,60.1,1.0,0.0,28.0,1.0,0.9,1.0,-21.9,-21.9,-21.9,-21.9,1.0,0.0,28.0,1.0,0.9,1.0,,,,,,,,,,,,,,,,,,,,,,,,,,,,,,,,,,,,,,,,,104.5,104.5,104.5,104.5,1.0,0.0,28.0,1.0,0.9,1.0,-38.0,-38.0,-38.0,-38.0,1.0,0.0,28.0,1.0,0.9,1.0,48.4,48.4,48.4,48.4,1.0,0.0,28.0,1.0,0.9,1.0,-17.6,-17.6,-17.6,-17.6,1.0,0.0,28.0,1.0,0.9,1.0,,,,,,,,,,,,,,,,,,,,,,,,,,,,,,,,,,,,,,,,
1974,2,279.0,-17.0,23.0,23.0,23.0,23.0,1.0,0.0,20.0,1.0,0.6,0.2,21.0,21.0,21.0,21.0,1.0,0.0,20.0,1.0,0.6,0.2,12.84,12.84,12.84,12.84,1.0,0.0,20.0,1.0,0.6,0.2,83.0,83.0,83.0,83.0,1.0,0.0,20.0,1.0,0.2,6.7,6.7,6.7,6.7,1.0,0.0,20.0,1.0,0.6,0.2,-4.31,-4.31,-4.31,-4.31,1.0,0.0,20.0,1.0,0.6,0.2,5.13,5.13,5.13,5.13,1.0,0.0,20.0,1.0,0.6,0.2,1011.9,1011.9,1011.9,1011.9,1.0,0.0,20.0,1.0,0.6,0.2,7.0,7.0,7.0,7.0,1.0,0.0,20.0,1.0,0.6,0.2,-28.9,-28.9,-28.9,-28.9,1.0,0.0,20.0,1.0,0.6,0.2,34.4,34.4,34.4,34.4,1.0,0.0,20.0,1.0,0.6,0.2,2.0,2.0,2.0,2.0,1.0,0.0,20.0,1.0,0.6,0.2,13.4,13.4,13.4,13.4,1.0,0.0,20.0,1.0,0.6,0.2,4.69,4.69,4.69,4.69,1.0,0.0,20.0,1.0,0.6,0.2,31.4,31.4,31.4,31.4,1.0,0.0,20.0,1.0,0.6,0.2,-90.4,-90.4,-90.4,-90.4,1.0,0.0,20.0,1.0,0.6,0.2,107.8,107.8,107.8,107.8,1.0,0.0,20.0,1.0,0.6,0.2,-55.3,-55.3,-55.3,-55.3,1.0,0.0,20.0,1.0,0.6,0.2,65.9,65.9,65.9,65.9,1.0,0.0,20.0,1.0,0.6,0.2,-20.2,-20.2,-20.2,-20.2,1.0,0.0,20.0,1.0,0.6,0.2,24.1,24.1,24.1,24.1,1.0,0.0,20.0,1.0,0.6,0.2,301.0,301.0,301.0,301.0,1.0,0.0,20.0,1.0,0.6,0.2,300.0,300.0,300.0,300.0,1.0,0.0,20.0,1.0,0.6,0.2
1974,2,279.0,-13.0,23.53,23.6,24.35,23.93,3.0,0.67,2.0,0.3,0.4,0.4,22.85,23.4,23.74,23.3,3.0,0.66,2.0,0.3,0.4,0.4,13.26,13.43,13.66,13.46,3.0,0.29,2.0,0.3,0.4,0.4,73.8,74.5,77.3,75.6,3.0,2.7,2.0,0.3,0.4,0.83,2.6,4.24,2.53,3.0,2.5,2.0,0.3,0.4,0.4,-1.64,-0.87,-0.28,-0.95,3.0,1.0,2.0,0.3,0.4,0.4,0.53,1.67,3.89,2.2,3.0,2.5,2.0,0.3,0.4,0.4,1010.56,1010.9,1011.58,1011.07,3.0,0.76,2.0,0.3,0.4,0.4,2.6,4.0,5.4,4.0,3.0,2.0,2.0,0.3,0.4,0.4,-4.9,-4.3,-1.4,-3.2,3.0,2.8,2.0,0.3,0.4,0.4,1.4,4.3,18.2,9.7,3.0,13.1,2.0,0.3,0.4,0.4,0.32,0.8,0.94,0.63,3.0,0.47,2.0,0.3,0.4,0.4,0.2,0.5,1.6,0.9,3.0,1.1,2.0,0.3,0.4,0.4,4.82,4.92,5.44,5.12,3.0,0.49,2.0,0.3,0.4,0.4,4.7,14.8,21.5,13.1,3.0,12.4,2.0,0.3,0.4,0.4,-38.9,-20.3,-6.4,-22.6,3.0,23.9,2.0,0.3,0.4,0.4,12.7,39.9,91.3,51.7,3.0,58.5,2.0,0.3,0.4,0.4,-22.3,-11.4,-3.6,-13.0,3.0,13.8,2.0,0.3,0.4,0.4,7.3,23.0,51.6,29.3,3.0,32.9,2.0,0.3,0.4,0.4,-9.1,-4.3,-1.4,-5.2,3.0,5.7,2.0,0.3,0.4,0.4,3.0,9.5,19.5,11.2,3.0,12.2,2.0,0.3,0.4,0.4,5.5,17.5,91.0,47.5,3.0,67.5,2.0,0.3,0.4,0.4,5.0,20.0,90.0,50.0,3.0,70.0,2.0,0.3,0.4,0.4
1974,2,279.0,-12.0,24.93,25.2,25.61,25.27,3.0,0.5,8.0,1.0,0.7,0.5,25.15,25.9,26.38,25.77,3.0,0.91,8.0,1.0,0.7,0.5,15.33,15.34,15.46,15.39,3.0,0.1,8.0,1.0,0.7,0.5,71.4,73.5,77.5,74.5,3.0,4.5,8.0,1.0,0.5,4.48,5.5,6.52,5.5,2.0,2.12,8.0,1.0,0.8,0.5,-6.3,-4.79,-3.27,-4.79,2.0,3.13,8.0,1.0,0.8,0.5,0.49,1.53,2.58,1.53,2.0,2.17,8.0,1.0,0.8,0.5,1009.98,1011.0,1011.0,1010.5,3.0,0.87,8.0,1.0,0.7,0.5,5.3,6.0,6.0,5.7,3.0,0.6,8.0,1.0,0.7,0.5,-42.9,-29.6,-16.4,-29.6,2.0,27.4,8.0,1.0,0.8,0.5,1.9,6.1,10.3,6.1,2.0,8.7,8.0,1.0,0.8,0.5,-0.99,-0.1,-0.03,-0.5,3.0,0.78,8.0,1.0,0.7,0.5,-0.3,-0.2,-0.1,-0.2,2.0,0.3,8.0,1.0,0.8,0.5,4.28,4.74,5.25,4.76,3.0,0.71,8.0,1.0,0.7,0.5,23.0,25.2,27.4,25.2,2.0,4.6,8.0,1.0,0.8,0.5,-156.6,-120.1,-83.6,-120.1,2.0,75.7,8.0,1.0,0.8,0.5,12.6,39.7,66.8,39.7,2.0,56.1,8.0,1.0,0.8,0.5,-97.6,-74.0,-50.4,-74.0,2.0,48.9,8.0,1.0,0.8,0.5,7.5,23.5,39.5,23.5,2.0,33.2,8.0,1.0,0.8,0.5,-26.2,-21.3,-16.4,-21.3,2.0,10.2,8.0,1.0,0.8,0.5,2.7,8.4,14.1,8.4,2.0,11.9,8.0,1.0,0.8,0.5,108.5,203.5,298.5,203.5,2.0,197.5,8.0,1.0,0.8,0.5,110.0,205.0,300.0,205.0,2.0,195.0,8.0,1.0,0.8,0.5
1974,2,279.0,-11.0,23.03,24.8,25.35,24.2,3.0,1.78,10.0,0.7,0.9,0.8,23.02,23.5,23.98,23.5,2.0,0.99,10.0,0.5,0.9,0.9,14.92,15.23,15.54,15.23,2.0,0.64,10.0,0.5,0.9,0.9,83.7,84.6,85.4,84.6,2.0,1.7,10.0,0.5,0.9,5.77,7.2,7.54,6.67,3.0,1.38,10.0,0.7,0.9,0.8,-5.5,-4.63,-4.14,-4.81,3.0,1.01,10.0,0.7,0.9,0.8,3.81,4.95,5.34,4.58,3.0,1.16,10.0,0.7,0.9,0.8,1012.33,1012.6,1014.85,1013.57,3.0,2.03,10.0,0.7,0.9,0.8,1.6,3.0,3.7,2.7,3.0,1.5,10.0,0.7,0.9,0.8,-41.6,-33.3,-24.2,-32.9,3.0,12.8,10.0,0.7,0.9,0.8,23.5,38.1,39.2,31.5,3.0,12.8,10.0,0.7,0.9,0.8,-0.41,0.0,0.41,0.0,2.0,0.85,10.0,0.5,0.9,0.9,-3.1,-0.6,1.9,-0.6,2.0,5.2,10.0,0.5,0.9,0.9,2.17,2.86,3.55,2.86,2.0,1.43,10.0,0.5,0.9,0.9,14.3,16.5,18.7,16.5,2.0,4.6,10.0,0.5,0.9,0.9,-103.8,-100.0,-96.3,-100.0,2.0,7.8,10.0,0.5,0.9,0.9,86.7,102.5,118.4,102.5,2.0,32.8,10.0,0.5,0.9,0.9,-67.3,-64.8,-62.4,-64.8,2.0,5.0,10.0,0.5,0.9,0.9,56.2,66.5,76.7,66.5,2.0,21.3,10.0,0.5,0.9,0.9,-14.1,-11.8,-9.6,-11.8,2.0,4.6,10.0,0.5,0.9,0.9,10.6,11.4,12.3,11.4,2.0,1.8,10.0,0.5,0.9,0.9,209.0,373.0,430.0,321.0,3.0,168.0,10.0,0.7,0.9,0.8,210.0,375.0,430.0,320.0,3.0,170.0,10.0,0.7,0.9,0.8
1974,2,279.0,-10.0,23.74,24.9,25.1,24.43,3.0,1.08,16.0,0.7,0.5,0.5,24.25,24.8,25.0,24.63,3.0,0.57,16.0,0.7,0.5,0.5,15.41,15.59,15.88,15.64,3.0,0.35,16.0,0.7,0.5,0.5,78.5,78.5,83.6,81.0,3.0,4.3,16.0,0.7,0.5,4.61,5.7,6.72,5.67,3.0,1.55,16.0,0.7,0.5,0.5,-3.64,-3.6,-3.29,-3.47,3.0,0.29,16.0,0.7,0.5,0.5,3.18,4.37,5.64,4.41,3.0,1.8,16.0,0.7,0.5,0.5,1010.03,1010.3,1011.6,1010.8,3.0,1.23,16.0,0.7,0.5,0.5,0.6,2.0,4.0,2.3,3.0,2.5,16.0,0.7,0.5,0.5,-24.3,-20.9,-15.4,-19.9,3.0,6.6,16.0,0.7,0.5,0.5,15.3,24.9,38.5,26.9,3.0,17.1,16.0,0.7,0.5,0.5,-0.61,-0.2,0.21,-0.2,3.0,0.6,16.0,0.7,0.5,0.5,-4.3,-1.1,0.8,-1.8,3.0,3.7,16.0,0.7,0.5,0.5,2.5,4.08,4.53,3.53,3.0,1.56,16.0,0.7,0.5,0.5,14.8,19.4,22.1,18.5,3.0,5.4,16.0,0.7,0.5,0.5,-90.2,-86.4,-80.6,-85.4,3.0,7.1,16.0,0.7,0.5,0.5,79.4,109.6,136.9,108.2,3.0,42.2,16.0,0.7,0.5,0.5,-57.5,-57.1,-51.0,-54.3,3.0,5.3,16.0,0.7,0.5,0.5,49.2,68.1,89.8,69.4,3.0,29.8,16.0,0.7,0.5,0.5,-14.9,-14.9,-9.1,-12.1,3.0,4.9,16.0,0.7,0.5,0.5,11.5,12.5,16.1,13.8,3.0,3.6,16.0,0.7,0.5,0.5,106.0,185.0,313.5,209.0,3.0,153.5,16.0,0.7,0.5,0.5,105.0,185.0,315.0,210.0,3.0,155.0,16.0,0.7,0.5,0.5
1974,2,279.0,-9.0,22.13,22.2,22.27,22.2,2.0,0.14,18.0,1.0,0.4,0.8,22.83,24.2,25.57,24.2,2.0,2.83,18.0,1.0,0.4,0.8,15.57,15.73,15.89,15.73,2.0,0.34,18.0,1.0,0.4,0.8,78.1,84.1,90.1,84.1,2.0,12.4,18.0,1.0,0.8,4.67,5.9,7.13,5.9,2.0,2.55,18.0,1.0,0.4,0.8,-4.39,-3.18,-1.97,-3.18,2.0,2.51,18.0,1.0,0.4,0.8,4.18,4.88,5.57,4.88,2.0,1.45,18.0,1.0,0.4,0.8,1012.38,1012.55,1012.72,1012.55,2.0,0.35,18.0,1.0,0.4,0.8,2.6,4.0,4.0,3.3,3.0,1.2,20.0,0.7,0.5,0.7,-33.0,-21.9,-10.9,-21.9,2.0,22.9,18.0,1.0,0.4,0.8,20.5,30.6,40.7,30.6,2.0,20.9,18.0,1.0,0.4,0.8,-3.3,-2.0,-0.7,-2.0,2.0,2.69,18.0,1.0,0.4,0.8,-25.3,-15.2,-5.1,-15.2,2.0,20.9,18.0,1.0,0.4,0.8,0.85,0.95,1.05,0.95,2.0,0.2,18.0,1.0,0.4,0.8,4.7,5.3,5.9,5.3,2.0,1.2,18.0,1.0,0.4,0.8,-114.0,-80.4,-46.8,-80.4,2.0,69.7,18.0,1.0,0.4,0.8,96.5,120.0,143.6,120.0,2.0,48.8,18.0,1.0,0.4,0.8,-69.9,-50.4,-30.8,-50.4,2.0,40.5,18.0,1.0,0.4,0.8,65.2,76.9,88.7,76.9,2.0,24.4,18.0,1.0,0.4,0.8,-3.6,-2.8,-1.9,-2.8,2.0,1.7,18.0,1.0,0.4,0.8,4.3,4.5,4.7,4.5,2.0,0.4,18.0,1.0,0.4,0.8,130.5,262.5,395.0,262.5,2.0,274.0,18.0,1.0,0.4,0.8,130.0,265.0,395.0,265.0,2.0,275.0,18.0,1.0,0.4,0.8
1974,2,279.0,-8.0,18.5,20.0,22.86,20.64,5.0,2.41,10.0,0.4,0.3,0.7,20.7,21.5,22.81,21.66,5.0,1.22,10.0,0.4,0.3,0.7,13.46,13.92,14.47,13.96,3.0,0.74,6.0,0.7,0.3,0.7,85.3,85.8,92.6,88.9,3.0,6.0,6.0,0.7,0.7,3.82,4.3,4.78,4.3,2.0,0.99,18.0,0.0,0.1,0.7,-2.2,-1.56,-0.92,-1.56,2.0,1.33,18.0,0.0,0.1,0.7,3.67,3.94,4.21,3.94,2.0,0.55,18.0,0.0,0.1,0.7,1010.09,1012.2,1012.87,1011.62,5.0,1.47,10.0,0.4,0.3,0.7,3.0,4.5,6.5,4.8,4.0,2.1,10.0,0.5,0.3,0.7,-10.9,-7.4,-3.9,-7.4,2.0,7.2,18.0,0.0,0.1,0.7,14.2,17.2,20.2,17.2,2.0,6.3,18.0,0.0,0.1,0.7,-3.44,-1.5,1.61,-1.02,5.0,2.79,10.0,0.4,0.3,0.7,-12.0,-5.5,1.0,-5.5,2.0,13.4,18.0,0.0,0.1,0.7,-1.24,-0.68,2.13,0.42,3.0,2.64,6.0,0.7,0.3,0.7,12.4,12.4,12.4,12.4,1.0,0.0,14.0,0.0,0.1,0.8,-50.5,-35.3,-20.2,-35.3,2.0,31.3,18.0,0.0,0.1,0.7,78.7,87.2,95.7,87.2,2.0,17.5,18.0,0.0,0.1,0.7,-8.3,-8.3,-8.3,-8.3,1.0,0.0,14.0,0.0,0.1,0.8,47.0,47.0,47.0,47.0,1.0,0.0,14.0,0.0,0.1,0.8,-2.1,-2.1,-2.1,-2.1,1.0,0.0,14.0,0.0,0.1,0.8,12.2,12.2,12.2,12.2,1.0,0.0,14.0,0.0,0.1,0.8,59.0,86.0,112.5,86.0,2.0,55.5,18.0,0.0,0.1,0.7,60.0,85.0,115.0,85.0,2.0,55.0,18.0,0.0,0.1,0.7
1974,2,279.0,-7.0,19.0,19.0,19.0,19.0,1.0,0.0,12.0,1.0,0.4,0.4,20.6,20.6,20.6,20.6,1.0,0.0,12.0,1.0,0.4,0.4,14.18,14.18,14.18,14.18,1.0,0.0,12.0,1.0,0.4,0.4,94.0,94.0,94.0,94.0,1.0,0.0,12.0,1.0,0.4,8.2,8.2,8.2,8.2,1.0,0.0,12.0,1.0,0.4,0.4,-1.42,-1.42,-1.42,-1.42,1.0,0.0,12.0,1.0,0.4,0.4,8.08,8.08,8.08,8.08,1.0,0.0,12.0,1.0,0.4,0.4,1013.0,1013.0,1013.0,1013.0,1.0,0.0,12.0,1.0,0.4,0.4,8.0,8.0,8.0,8.0,1.0,0.0,12.0,1.0,0.4,0.4,-11.7,-11.7,-11.7,-11.7,1.0,0.0,12.0,1.0,0.4,0.4,66.2,66.2,66.2,66.2,1.0,0.0,12.0,1.0,0.4,0.4,-1.6,-1.6,-1.6,-1.6,1.0,0.0,12.0,1.0,0.4,0.4,-13.1,-13.1,-13.1,-13.1,1.0,0.0,12.0,1.0,0.4,0.4,-0.52,-0.52,-0.52,-0.52,1.0,0.0,12.0,1.0,0.4,0.4,-4.3,-4.3,-4.3,-4.3,1.0,0.0,12.0,1.0,0.4,0.4,-29.3,-29.3,-29.3,-29.3,1.0,0.0,12.0,1.0,0.4,0.4,166.4,166.4,166.4,166.4,1.0,0.0,12.0,1.0,0.4,0.4,-20.2,-20.2,-20.2,-20.2,1.0,0.0,12.0,1.0,0.4,0.4,114.5,114.5,114.5,114.5,1.0,0.0,12.0,1.0,0.4,0.4,0.7,0.7,0.7,0.7,1.0,0.0,12.0,1.0,0.4,0.4,-4.2,-4.2,-4.2,-4.2,1.0,0.0,12.0,1.0,0.4,0.4,551.5,551.5,551.5,551.5,1.0,0.0,12.0,1.0,0.4,0.4,550.0,550.0,550.0,550.0,1.0,0.0,12.0,1.0,0.4,0.4
1974,2,279.0,-4.0,25.24,25.75,26.26,25.75,2.0,1.06,20.0,0.5,0.7,0.9,26.21,27.75,29.29,27.75,2.0,3.18,20.0,0.5,0.7,0.9,18.99,19.51,20.03,19.51,2.0,1.08,20.0,0.5,0.7,0.9,78.9,84.2,89.5,84.2,2.0,11.0,20.0,0.5,0.9,4.1,4.1,4.1,4.1,2.0,0.0,20.0,0.5,0.7,0.9,-1.99,0.48,2.95,0.48,2.0,5.12,20.0,0.5,0.7,0.9,0.42,1.32,2.22,1.32,2.0,1.86,20.0,0.5,0.7,0.9,1012.0,1012.2,1012.4,1012.2,2.0,0.42,20.0,0.5,0.7,0.9,3.8,5.5,7.2,5.5,2.0,3.5,20.0,0.5,0.7,0.9,-8.2,2.0,12.1,2.0,2.0,21.0,20.0,0.5,0.7,0.9,1.7,5.4,9.1,5.4,2.0,7.6,20.0,0.5,0.7,0.9,-3.02,-2.0,-0.98,-2.0,2.0,2.12,20.0,0.5,0.7,0.9,-12.4,-8.2,-4.0,-8.2,2.0,8.7,20.0,0.5,0.7,0.9,1.1,1.22,1.33,1.22,2.0,0.24,20.0,0.5,0.7,0.9,4.5,5.0,5.5,5.0,2.0,1.0,20.0,0.5,0.7,0.9,-62.7,5.2,73.0,5.2,2.0,140.6,20.0,0.5,0.7,0.9,12.5,39.5,66.5,39.5,2.0,55.9,20.0,0.5,0.7,0.9,-41.4,6.6,54.6,6.6,2.0,99.4,20.0,0.5,0.7,0.9,8.5,26.7,44.9,26.7,2.0,37.8,20.0,0.5,0.7,0.9,-3.0,0.0,2.9,0.0,2.0,6.1,20.0,0.5,0.7,0.9,0.6,1.8,3.1,1.8,2.0,2.6,20.0,0.5,0.7,0.9,69.0,69.0,69.0,69.0,2.0,0.0,20.0,0.5,0.7,0.9,70.0,70.0,70.0,70.0,2.0,0.0,20.0,0.5,0.7,0.9
1974,2,279.0,-3.0,23.79,25.5,25.7,24.77,3.0,1.54,16.0,1.0,0.2,0.5,24.82,25.5,26.25,25.53,3.0,1.05,16.0,1.0,0.2,0.5,17.04,17.72,18.75,17.89,3.0,1.27,16.0,1.0,0.2,0.5,87.1,87.1,87.9,87.5,3.0,0.7,16.0,1.0,0.5,1.14,3.6,3.94,2.57,3.0,2.24,16.0,1.0,0.2,0.5,0.0,0.0,0.84,0.41,3.0,0.71,16.0,1.0,0.2,0.5,1.07,3.38,3.87,2.49,3.0,2.19,16.0,1.0,0.2,0.5,1010.36,1010.5,1012.34,1011.33,3.0,1.62,16.0,1.0,0.2,0.5,7.0,7.0,7.0,7.0,3.0,0.0,16.0,1.0,0.2,0.5,0.0,0.0,3.0,1.5,3.0,2.6,16.0,1.0,0.2,0.5,3.9,12.2,15.3,9.7,3.0,8.7,16.0,1.0,0.2,0.5,-1.96,-0.8,0.43,-0.77,3.0,1.75,16.0,1.0,0.2,0.5,-7.2,-3.3,-1.0,-4.1,3.0,4.6,16.0,1.0,0.2,0.5,0.35,1.57,3.04,1.69,3.0,1.97,16.0,1.0,0.2,0.5,-0.5,0.0,4.4,1.9,3.0,4.0,16.0,1.0,0.2,0.5,0.0,0.0,21.4,10.5,3.0,18.1,16.0,1.0,0.2,0.5,27.4,86.3,101.8,65.1,3.0,57.5,16.0,1.0,0.2,0.5,0.0,0.0,14.9,7.3,3.0,12.6,16.0,1.0,0.2,0.5,19.0,60.0,72.9,46.3,3.0,41.2,16.0,1.0,0.2,0.5,-0.2,0.0,0.0,-0.1,3.0,0.2,16.0,1.0,0.2,0.5,-0.5,0.0,4.4,1.9,3.0,3.9,16.0,1.0,0.2,0.5,15.0,46.5,62.0,38.5,3.0,35.0,16.0,1.0,0.2,0.5,15.0,45.0,60.0,40.0,3.0,35.0,16.0,1.0,0.2,0.5
1974,2,279.0,-1.0,24.22,24.7,25.93,25.07,3.0,1.29,8.0,0.0,0.2,0.4,23.91,24.8,25.69,24.8,3.0,1.3,8.0,0.0,0.2,0.4,15.79,15.89,16.86,16.32,3.0,0.87,8.0,0.0,0.2,0.4,80.9,82.1,86.1,83.5,3.0,4.0,8.0,0.0,0.4,2.6,2.6,5.4,3.97,3.0,2.37,8.0,0.0,0.2,0.4,2.35,2.56,4.32,3.31,3.0,1.58,8.0,0.0,0.2,0.4,0.72,1.3,3.35,2.02,3.0,2.03,8.0,0.0,0.2,0.4,1009.25,1011.3,1011.71,1010.5,3.0,1.93,8.0,0.0,0.2,0.4,5.3,8.0,8.0,6.7,3.0,2.3,8.0,0.0,0.2,0.4,6.1,6.7,25.6,15.6,3.0,16.2,8.0,0.0,0.2,0.4,1.9,3.4,20.8,11.1,3.0,15.4,8.0,0.0,0.2,0.4,-0.8,0.5,1.32,0.27,3.0,1.56,8.0,0.0,0.2,0.4,-6.0,1.3,3.4,-1.2,3.0,7.2,8.0,0.0,0.2,0.4,2.32,2.75,4.97,3.62,3.0,2.08,8.0,0.0,0.2,0.4,9.4,14.2,15.2,12.3,3.0,4.5,8.0,0.0,0.2,0.4,57.2,60.2,110.5,83.3,3.0,43.9,8.0,0.0,0.2,0.4,17.5,32.2,87.0,51.8,3.0,53.6,8.0,0.0,0.2,0.4,37.1,40.7,73.6,55.0,3.0,29.4,8.0,0.0,0.2,0.4,11.4,20.5,57.4,34.1,3.0,35.7,8.0,0.0,0.2,0.4,8.3,10.9,12.7,10.5,3.0,3.3,8.0,0.0,0.2,0.4,3.3,7.8,8.7,6.1,3.0,4.2,8.0,0.0,0.2,0.4,17.5,17.5,211.0,112.0,3.0,163.5,8.0,0.0,0.2,0.4,20.0,20.0,210.0,110.0,3.0,165.0,8.0,0.0,0.2,0.4
1974,2,279.0,0.0,24.5,25.0,26.21,25.31,11.0,0.79,12.0,0.5,0.2,0.4,24.37,25.25,26.29,25.4,10.0,1.24,14.0,0.4,0.2,0.3,16.16,17.72,18.74,17.5,9.0,1.16,14.0,0.3,0.2,0.3,81.2,87.2,94.0,86.7,9.0,6.7,14.0,0.3,0.3,2.31,4.1,5.1,3.95,10.0,1.47,12.0,0.5,0.2,0.4,1.45,2.15,3.54,1.9,10.0,2.6,12.0,0.5,0.2,0.4,0.49,1.66,4.18,2.0,10.0,2.07,12.0,0.5,0.2,0.4,1009.59,1011.9,1013.32,1011.45,11.0,1.82,12.0,0.5,0.2,0.4,6.2,7.0,8.0,7.1,11.0,1.1,12.0,0.5,0.2,0.4,3.1,8.1,15.6,6.5,10.0,14.5,12.0,0.5,0.2,0.4,1.4,6.4,22.5,10.0,10.0,10.5,12.0,0.5,0.2,0.4,-1.03,0.0,1.29,-0.06,10.0,1.49,14.0,0.4,0.2,0.3,-1.2,0.0,4.2,0.9,9.0,3.9,12.0,0.4,0.2,0.4,1.25,1.65,5.17,2.79,9.0,1.88,14.0,0.3,0.2,0.3,6.6,8.3,18.4,11.2,8.0,6.6,14.0,0.4,0.2,0.3,38.4,60.2,93.3,47.7,9.0,68.2,12.0,0.4,0.2,0.4,11.4,25.8,95.3,42.2,9.0,50.3,12.0,0.4,0.2,0.4,24.4,43.1,70.5,32.4,8.0,53.8,14.0,0.4,0.2,0.3,7.4,26.7,72.3,31.3,8.0,37.0,14.0,0.4,0.2,0.3,2.2,6.9,14.7,7.2,8.0,7.1,14.0,0.4,0.2,0.3,1.3,3.6,12.2,5.5,8.0,6.5,14.0,0.4,0.2,0.3,13.0,72.0,132.5,84.5,10.0,75.5,12.0,0.5,0.2,0.4,15.0,70.0,135.0,85.0,10.0,75.0,12.0,0.5,0.2,0.4
1974,2,279.0,1.0,24.5,25.4,26.71,25.63,6.0,1.18,8.0,0.3,0.4,0.6,24.56,25.2,28.5,26.26,5.0,2.06,10.0,0.2,0.3,0.7,16.28,17.54,20.3,18.15,5.0,2.14,10.0,0.2,0.3,0.7,81.3,85.3,87.7,84.8,5.0,4.2,10.0,0.2,0.7,2.6,2.6,3.51,3.1,5.0,1.12,4.0,0.2,0.5,0.6,1.26,2.6,3.51,2.46,5.0,1.82,4.0,0.2,0.5,0.6,-2.01,0.0,0.0,-0.85,5.0,1.21,4.0,0.2,0.5,0.6,1010.76,1012.35,1012.58,1011.58,6.0,1.86,8.0,0.3,0.4,0.6,6.0,7.5,8.0,6.7,6.0,2.3,8.0,0.3,0.4,0.6,3.3,6.8,13.8,8.9,5.0,9.9,4.0,0.2,0.5,0.6,-5.2,0.0,0.0,-2.2,5.0,3.2,4.0,0.2,0.5,0.6,-1.84,-0.1,0.47,-0.62,5.0,1.71,10.0,0.2,0.3,0.7,-4.6,-0.1,1.8,-1.4,4.0,5.1,6.0,0.0,0.3,0.6,0.8,2.72,4.0,2.49,5.0,2.36,10.0,0.2,0.3,0.7,1.1,5.7,11.3,6.2,4.0,7.0,6.0,0.0,0.3,0.6,23.9,56.9,63.8,44.5,4.0,30.3,6.0,0.0,0.3,0.6,-58.9,-21.1,0.0,-29.1,4.0,36.0,6.0,0.0,0.3,0.6,15.1,37.3,44.3,30.0,4.0,20.9,6.0,0.0,0.3,0.6,-41.0,-13.3,0.0,-20.2,4.0,25.8,6.0,0.0,0.3,0.6,2.1,5.7,9.4,5.7,4.0,4.8,6.0,0.0,0.3,0.6,-5.1,0.0,1.0,-1.9,4.0,5.2,6.0,0.0,0.3,0.6,17.5,17.5,59.5,40.5,5.0,51.5,4.0,0.2,0.5,0.6,20.0,20.0,60.0,40.0,5.0,50.0,4.0,0.2,0.5,0.6
1974,2,279.0,2.0,25.03,26.1,26.76,25.92,5.0,1.07,10.0,0.4,0.4,0.5,24.59,25.95,27.57,26.08,4.0,2.29,12.0,0.3,0.4,0.5,17.15,17.55,19.84,18.47,3.0,2.12,10.0,0.3,0.4,0.5,83.6,84.0,91.3,87.4,3.0,6.3,10.0,0.3,0.5,2.6,4.1,4.93,4.03,6.0,1.35,12.0,0.5,0.5,0.4,-2.7,0.0,0.58,-0.68,6.0,1.69,12.0,0.5,0.5,0.4,-4.51,-3.06,2.68,-1.77,6.0,3.76,12.0,0.5,0.5,0.4,1010.76,1011.9,1013.51,1011.83,7.0,2.01,10.0,0.6,0.5,0.5,2.0,6.0,7.2,5.2,6.0,2.6,12.0,0.5,0.5,0.4,-11.4,0.0,2.3,-2.8,6.0,7.8,12.0,0.5,0.5,0.4,-21.2,-11.5,7.9,-9.7,6.0,18.3,12.0,0.5,0.5,0.4,-1.18,0.0,0.76,-0.2,4.0,1.24,12.0,0.3,0.4,0.5,-6.8,0.1,2.5,-2.1,4.0,6.4,12.0,0.3,0.4,0.5,1.82,2.09,2.54,2.18,3.0,0.54,10.0,0.3,0.4,0.5,7.0,10.5,11.0,9.1,3.0,3.2,10.0,0.3,0.4,0.5,-72.8,-28.8,21.4,-25.8,4.0,54.7,12.0,0.3,0.4,0.5,-136.4,-15.9,71.1,-31.9,4.0,123.7,12.0,0.3,0.4,0.5,-29.1,7.7,17.8,-5.4,3.0,36.2,10.0,0.3,0.4,0.5,-73.3,43.4,51.4,-9.7,3.0,102.3,10.0,0.3,0.4,0.5,-4.7,0.9,1.5,-1.5,3.0,5.0,10.0,0.3,0.4,0.5,-5.3,5.3,7.6,1.2,3.0,10.1,10.0,0.3,0.4,0.5,17.5,69.0,126.5,85.0,6.0,81.5,12.0,0.5,0.5,0.4,20.0,70.0,125.0,85.0,6.0,80.0,12.0,0.5,0.5,0.4
1974,2,279.0,3.0,24.67,25.7,26.52,25.6,4.0,1.25,16.0,0.8,0.5,0.5,25.14,25.55,26.01,25.58,4.0,0.53,16.0,0.8,0.5,0.5,17.5,17.67,17.94,17.72,4.0,0.35,16.0,0.8,0.5,0.5,84.0,85.6,89.1,86.5,4.0,3.8,16.0,0.8,0.5,5.86,6.2,7.57,6.7,3.0,1.32,12.0,1.0,0.6,0.4,-0.73,0.0,0.68,-0.03,3.0,1.03,12.0,1.0,0.6,0.4,-7.54,-6.11,-5.77,-6.64,3.0,1.37,12.0,1.0,0.6,0.4,1010.2,1010.25,1010.77,1010.48,4.0,0.49,16.0,0.8,0.5,0.5,2.5,5.0,7.5,5.0,4.0,2.9,16.0,0.8,0.5,0.5,-4.6,0.0,3.9,-0.3,3.0,6.2,12.0,1.0,0.6,0.4,-57.9,-37.9,-33.9,-45.7,3.0,18.9,12.0,1.0,0.6,0.4,-0.71,-0.3,0.8,0.03,4.0,1.17,16.0,0.8,0.5,0.5,-2.6,-1.2,6.2,1.7,3.0,7.0,12.0,1.0,0.6,0.4,1.5,3.02,4.24,2.88,4.0,1.9,16.0,0.8,0.5,0.5,21.3,21.7,26.4,23.8,3.0,4.2,12.0,1.0,0.6,0.4,-19.3,0.0,17.1,-1.1,3.0,26.6,12.0,1.0,0.6,0.4,-195.2,-160.0,-147.7,-171.2,3.0,36.1,12.0,1.0,0.6,0.4,-13.0,0.0,11.7,-0.6,3.0,18.1,12.0,1.0,0.6,0.4,-133.1,-107.9,-100.7,-116.7,3.0,24.9,12.0,1.0,0.6,0.4,-2.5,0.0,3.4,0.4,3.0,4.3,12.0,1.0,0.6,0.4,-26.1,-21.7,-21.0,-23.5,3.0,4.0,12.0,1.0,0.6,0.4,202.0,238.5,452.0,325.0,3.0,198.0,12.0,1.0,0.6,0.4,200.0,240.0,450.0,325.0,3.0,200.0,12.0,1.0,0.6,0.4
1974,2,279.0,4.0,24.23,25.25,26.9,25.54,8.0,1.42,16.0,1.0,0.7,0.4,25.2,25.6,27.78,26.33,8.0,1.97,16.0,1.0,0.7,0.4,16.4,16.85,18.94,17.85,7.0,2.31,16.0,1.0,0.6,0.4,79.8,84.0,92.0,83.2,7.0,8.9,16.0,1.0,0.4,6.1,7.2,8.82,7.34,7.0,2.26,16.0,1.0,0.6,0.4,-2.14,0.0,1.35,-0.53,7.0,1.66,16.0,1.0,0.6,0.4,-8.69,-6.77,-5.74,-7.17,7.0,2.24,16.0,1.0,0.6,0.4,1009.01,1011.9,1013.5,1011.36,9.0,2.47,14.0,0.9,0.7,0.4,1.3,4.0,6.7,4.0,9.0,2.4,14.0,0.9,0.7,0.4,-17.9,0.0,10.4,-4.2,7.0,13.7,16.0,1.0,0.6,0.4,-77.0,-48.7,-35.2,-57.0,7.0,35.4,16.0,1.0,0.6,0.4,-2.81,-0.6,0.39,-0.79,8.0,1.84,16.0,1.0,0.7,0.4,-19.0,-8.6,1.7,-9.2,7.0,11.4,16.0,1.0,0.6,0.4,0.1,2.72,4.31,2.2,7.0,2.08,16.0,1.0,0.6,0.4,1.2,16.8,26.9,13.7,7.0,13.2,16.0,1.0,0.6,0.4,-59.5,0.0,38.2,-13.2,7.0,44.3,16.0,1.0,0.6,0.4,-233.8,-170.5,-149.7,-188.8,7.0,59.0,16.0,1.0,0.6,0.4,-37.2,0.0,25.7,-8.5,7.0,30.3,16.0,1.0,0.6,0.4,-171.9,-124.3,-89.2,-129.7,7.0,48.7,16.0,1.0,0.6,0.4,-1.0,-0.2,0.3,-0.7,7.0,4.3,16.0,1.0,0.6,0.4,-25.3,-16.8,-1.2,-13.4,7.0,12.8,16.0,1.0,0.6,0.4,230.0,373.0,696.0,496.5,7.0,457.5,16.0,1.0,0.6,0.4,230.0,375.0,695.0,495.0,7.0,455.0,16.0,1.0,0.6,0.4
1974,2,279.0,5.0,24.56,26.0,26.42,25.74,9.0,1.35,12.0,0.4,0.6,0.3,25.1,26.95,27.66,26.76,8.0,1.53,14.0,0.5,0.6,0.3,17.4,17.81,19.27,18.17,7.0,1.13,12.0,0.4,0.5,0.3,80.1,83.2,85.7,84.6,7.0,6.5,12.0,0.4,0.3,4.98,7.7,8.42,7.2,7.0,3.23,14.0,0.4,0.7,0.2,-3.89,-1.42,0.91,-2.05,7.0,3.38,14.0,0.4,0.7,0.2,-8.16,-7.7,-3.6,-5.65,7.0,4.16,14.0,0.4,0.7,0.2,1009.18,1010.1,1011.42,1010.21,9.0,1.14,12.0,0.4,0.6,0.3,2.0,5.0,7.0,4.3,9.0,2.7,12.0,0.4,0.6,0.3,-25.0,-11.7,2.8,-20.3,7.0,39.9,14.0,0.4,0.7,0.2,-69.1,-59.3,-18.7,-51.1,7.0,43.4,14.0,0.4,0.7,0.2,-2.21,-0.8,0.53,-0.85,8.0,1.6,14.0,0.5,0.6,0.3,-19.0,-12.2,-3.1,-10.0,6.0,10.9,16.0,0.5,0.6,0.2,0.86,3.41,4.08,2.83,7.0,2.44,12.0,0.4,0.5,0.3,3.3,22.3,32.3,18.7,5.0,17.3,14.0,0.4,0.6,0.2,-125.9,-67.5,8.0,-70.8,6.0,94.7,16.0,0.5,0.6,0.2,-231.5,-204.1,-117.3,-189.3,6.0,62.4,16.0,0.5,0.6,0.2,-100.0,-25.3,9.8,-45.0,5.0,73.8,14.0,0.4,0.6,0.2,-167.5,-148.3,-119.0,-142.8,5.0,42.3,14.0,0.4,0.6,0.2,-18.4,-4.9,0.5,-8.7,5.0,11.3,14.0,0.4,0.6,0.2,-28.6,-17.1,-3.2,-15.7,5.0,14.4,14.0,0.4,0.6,0.2,127.0,456.5,627.5,577.5,7.0,724.0,14.0,0.4,0.7,0.2,125.0,455.0,630.0,575.0,7.0,725.0,14.0,0.4,0.7,0.2
1974,2,279.0,6.0,25.74,26.7,27.71,26.68,8.0,1.11,18.0,0.8,0.4,0.6,26.5,27.4,28.79,27.38,9.0,1.39,20.0,0.7,0.4,0.6,17.43,17.98,18.54,17.91,7.0,1.67,20.0,0.6,0.4,0.7,76.2,81.1,85.5,80.6,7.0,7.6,20.0,0.6,0.7,0.98,4.6,8.78,5.2,7.0,3.81,18.0,0.7,0.4,0.5,-6.71,-2.96,0.04,-3.29,7.0,3.62,18.0,0.7,0.4,0.5,-4.52,-3.6,-0.45,-3.3,7.0,2.77,18.0,0.7,0.4,0.5,1008.71,1010.35,1010.96,1010.39,10.0,2.45,18.0,0.7,0.4,0.6,0.0,2.5,4.0,2.5,10.0,2.5,18.0,0.7,0.4,0.6,-65.7,-13.6,0.0,-28.3,7.0,32.1,18.0,0.7,0.4,0.5,-39.9,-16.2,-0.2,-25.4,7.0,28.4,18.0,0.7,0.4,0.5,-1.52,-0.4,1.6,-0.23,7.0,1.4,18.0,0.7,0.5,0.6,-3.0,-1.9,9.1,2.4,5.0,7.9,14.0,0.8,0.4,0.6,2.27,4.19,6.09,4.58,6.0,2.65,20.0,0.7,0.5,0.7,25.9,44.9,66.2,46.0,4.0,28.2,14.0,0.8,0.5,0.7,-188.0,-85.7,1.1,-90.5,7.0,99.2,18.0,0.7,0.4,0.5,-120.9,-102.2,-12.7,-89.7,7.0,76.0,18.0,0.7,0.4,0.5,-118.3,-112.8,0.0,-70.2,5.0,64.1,16.0,0.6,0.4,0.7,-95.2,-65.1,-44.9,-69.8,5.0,45.7,16.0,0.6,0.4,0.7,-53.5,-33.4,-15.2,-34.3,4.0,28.8,14.0,0.8,0.5,0.7,-39.4,-29.1,-16.3,-27.9,4.0,13.5,14.0,0.8,0.5,0.7,1.0,97.5,679.5,336.0,7.0,419.5,18.0,0.7,0.4,0.5,0.0,95.0,680.0,335.0,7.0,420.0,18.0,0.7,0.4,0.5
1974,2,279.0,7.0,25.52,27.2,28.79,27.19,40.0,1.46,14.0,0.6,0.5,0.2,25.0,27.0,28.32,26.82,44.0,1.47,14.0,0.6,0.5,0.2,14.85,16.71,18.84,16.96,39.0,2.0,14.0,0.6,0.5,0.2,64.8,78.3,85.0,77.4,39.0,9.8,14.0,0.6,0.2,2.6,5.1,8.2,5.32,43.0,3.0,14.0,0.6,0.5,0.2,-3.91,0.0,3.19,-0.49,43.0,3.54,14.0,0.6,0.5,0.2,-6.82,-2.05,1.98,-2.47,43.0,4.35,14.0,0.6,0.5,0.2,1009.0,1010.55,1011.75,1010.41,44.0,1.5,14.0,0.6,0.5,0.2,0.0,1.0,5.0,2.3,43.0,2.3,14.0,0.6,0.5,0.2,-25.2,0.0,15.3,-5.7,43.0,29.0,14.0,0.6,0.5,0.2,-53.9,-8.3,7.7,-21.0,43.0,39.4,14.0,0.6,0.5,0.2,-1.54,0.45,1.68,0.38,40.0,1.76,14.0,0.6,0.5,0.2,-6.8,2.0,8.4,1.5,39.0,11.7,14.0,0.6,0.5,0.2,2.72,5.54,8.35,5.58,35.0,2.69,14.0,0.6,0.5,0.2,9.9,29.8,49.4,31.3,34.0,21.8,14.0,0.6,0.5,0.2,-102.1,0.0,86.0,-13.4,43.0,96.5,14.0,0.6,0.5,0.2,-180.8,-57.6,52.6,-64.2,43.0,116.8,14.0,0.6,0.5,0.2,-61.4,0.0,53.4,-9.1,38.0,62.9,14.0,0.6,0.5,0.2,-105.6,-63.3,26.5,-49.0,38.0,73.4,14.0,0.6,0.5,0.2,-23.9,0.0,15.4,-2.4,34.0,23.4,14.0,0.6,0.5,0.2,-41.2,-13.2,6.3,-17.2,34.0,25.0,14.0,0.6,0.5,0.2,17.5,132.5,551.5,305.0,43.0,456.0,14.0,0.6,0.5,0.2,20.0,135.0,550.0,305.0,43.0,455.0,14.0,0.6,0.5,0.2
1974,2,279.0,10.0,25.6,26.4,27.0,26.18,20.0,0.98,14.0,0.4,0.7,0.5,25.5,26.0,27.1,26.3,23.0,0.99,14.0,0.4,0.7,0.5,15.36,16.59,17.86,16.74,20.0,1.31,14.0,0.4,0.7,0.5,71.6,76.5,84.0,78.1,20.0,6.7,14.0,0.4,0.5,5.1,8.2,11.13,8.17,22.0,2.76,14.0,0.4,0.7,0.5,-7.34,-5.34,-2.98,-5.03,22.0,2.65,14.0,0.4,0.7,0.5,-8.87,-5.78,-1.52,-5.53,22.0,3.47,14.0,0.4,0.7,0.5,1010.95,1012.0,1013.25,1012.0,23.0,1.4,14.0,0.4,0.7,0.5,2.0,3.0,5.0,3.6,23.0,1.9,14.0,0.4,0.7,0.5,-69.1,-43.7,-13.9,-43.4,22.0,32.2,14.0,0.4,0.7,0.5,-99.8,-47.4,-8.2,-52.9,22.0,44.0,14.0,0.4,0.7,0.5,-1.49,-0.15,1.2,-0.17,20.0,1.41,14.0,0.4,0.7,0.5,-9.9,0.0,8.7,-2.5,19.0,11.4,14.0,0.3,0.7,0.5,3.21,5.03,6.52,4.75,19.0,1.64,14.0,0.4,0.7,0.5,22.0,32.9,58.3,36.4,18.0,16.8,14.0,0.3,0.7,0.5,-191.8,-142.7,-77.2,-132.1,22.0,69.3,14.0,0.4,0.7,0.5,-236.4,-154.8,-41.0,-145.2,22.0,91.5,14.0,0.4,0.7,0.5,-116.3,-89.6,-43.3,-79.7,19.0,45.2,14.0,0.4,0.7,0.5,-157.3,-86.7,-31.9,-93.3,19.0,58.1,14.0,0.4,0.7,0.5,-32.3,-23.7,-7.7,-21.5,18.0,14.0,14.0,0.3,0.7,0.5,-43.6,-22.5,-6.2,-25.6,18.0,17.6,14.0,0.3,0.7,0.5,132.5,551.5,1382.0,725.0,22.0,629.0,14.0,0.4,0.7,0.5,135.0,550.0,1380.0,725.0,22.0,630.0,14.0,0.4,0.7,0.5
1974,2,279.0,11.0,24.4,26.1,27.61,26.03,21.0,1.54,12.0,0.3,0.6,0.5,25.0,26.0,27.04,26.01,25.0,1.0,12.0,0.4,0.5,0.5,15.91,17.05,18.54,17.09,19.0,1.22,12.0,0.3,0.5,0.5,75.3,83.6,90.8,82.7,19.0,7.6,12.0,0.3,0.5,4.6,7.45,10.3,7.4,24.0,3.12,12.0,0.4,0.6,0.5,-8.36,-5.06,-2.53,-5.3,24.0,3.01,12.0,0.4,0.6,0.5,-6.85,-4.08,0.0,-3.86,24.0,3.62,12.0,0.4,0.6,0.5,1011.0,1012.5,1014.92,1012.68,25.0,2.09,12.0,0.4,0.5,0.5,2.0,4.0,5.2,3.8,25.0,2.0,12.0,0.4,0.5,0.5,-83.1,-32.9,-12.0,-44.8,24.0,40.9,12.0,0.4,0.6,0.5,-72.8,-20.6,0.0,-35.2,24.0,42.8,12.0,0.4,0.6,0.5,-1.58,0.0,2.71,0.17,21.0,1.78,12.0,0.3,0.6,0.5,-15.4,0.0,10.5,-0.2,20.0,13.8,12.0,0.4,0.6,0.5,1.73,4.39,6.51,4.24,19.0,2.39,12.0,0.3,0.5,0.5,7.4,27.8,49.8,30.0,18.0,22.8,12.0,0.3,0.6,0.4,-224.4,-129.6,-64.0,-139.5,24.0,83.1,12.0,0.4,0.6,0.5,-177.8,-105.8,0.0,-100.3,24.0,93.4,12.0,0.4,0.6,0.5,-122.8,-84.9,-25.8,-77.8,18.0,43.4,12.0,0.3,0.6,0.4,-117.3,-71.6,4.8,-64.6,18.0,64.6,12.0,0.3,0.6,0.4,-32.9,-15.7,-2.8,-17.7,18.0,15.1,12.0,0.3,0.6,0.4,-35.6,-14.5,0.6,-18.6,18.0,23.4,12.0,0.3,0.6,0.4,97.5,415.0,1092.5,623.5,24.0,727.5,12.0,0.4,0.6,0.5,95.0,415.0,1095.0,625.0,24.0,730.0,12.0,0.4,0.6,0.5
1974,2,279.0,12.0,25.15,26.15,26.98,26.17,12.0,1.06,18.0,0.6,0.5,0.4,24.94,26.2,27.0,26.19,13.0,1.43,18.0,0.5,0.5,0.4,15.77,16.8,18.63,17.16,13.0,1.72,18.0,0.5,0.5,0.4,71.4,83.4,88.2,81.1,13.0,9.1,18.0,0.5,0.4,5.0,7.7,10.3,7.47,13.0,3.36,18.0,0.5,0.5,0.4,-7.72,-5.02,-3.9,-5.17,13.0,2.1,18.0,0.5,0.5,0.4,-7.28,-3.85,-1.71,-4.8,13.0,3.66,18.0,0.5,0.5,0.4,1011.83,1012.9,1014.62,1013.31,13.0,1.68,18.0,0.5,0.5,0.4,3.0,4.0,5.0,3.7,11.0,1.0,16.0,0.6,0.5,0.5,-67.7,-33.6,-23.3,-43.3,13.0,31.3,18.0,0.5,0.5,0.4,-70.5,-29.4,-8.5,-45.7,13.0,55.7,18.0,0.5,0.5,0.4,-1.4,0.4,1.43,-0.08,12.0,1.93,18.0,0.6,0.5,0.4,-11.8,2.4,11.2,-2.5,12.0,15.5,18.0,0.6,0.5,0.4,1.19,5.2,6.15,4.15,12.0,2.72,18.0,0.6,0.5,0.4,6.1,29.8,49.7,26.9,12.0,23.4,18.0,0.6,0.5,0.4,-201.8,-133.1,-95.8,-134.7,13.0,53.9,18.0,0.5,0.5,0.4,-215.3,-103.9,-44.8,-126.6,13.0,97.4,18.0,0.5,0.5,0.4,-133.8,-88.7,-57.6,-89.2,13.0,40.2,18.0,0.5,0.5,0.4,-123.6,-61.0,-31.6,-83.5,13.0,71.6,18.0,0.5,0.5,0.4,-32.3,-18.8,-4.5,-18.6,12.0,15.7,18.0,0.6,0.5,0.4,-34.8,-19.4,-1.9,-18.2,12.0,18.9,18.0,0.6,0.5,0.4,126.5,456.5,1092.5,674.5,13.0,961.0,18.0,0.5,0.5,0.4,125.0,455.0,1095.0,675.0,13.0,960.0,18.0,0.5,0.5,0.4
1974,2,279.0,13.0,24.7,25.9,26.7,25.69,18.0,0.99,14.0,0.5,0.5,0.3,24.51,25.6,26.1,25.58,20.0,1.15,14.0,0.6,0.5,0.3,15.29,16.01,17.74,16.52,16.0,1.29,14.0,0.4,0.5,0.3,77.1,80.7,85.7,80.8,16.0,4.7,14.0,0.4,0.3,2.64,7.7,9.3,6.65,20.0,3.01,14.0,0.6,0.5,0.3,-8.92,-5.12,-1.98,-5.41,20.0,2.92,14.0,0.6,0.5,0.3,-6.26,-1.61,0.0,-2.53,20.0,3.11,14.0,0.6,0.5,0.3,1011.9,1013.0,1015.19,1013.36,20.0,2.03,14.0,0.6,0.5,0.3,1.0,3.0,6.0,3.4,20.0,2.3,14.0,0.6,0.5,0.3,-85.0,-36.4,-6.8,-43.1,20.0,33.6,14.0,0.6,0.5,0.3,-51.5,-14.0,0.0,-22.2,20.0,27.5,14.0,0.6,0.5,0.3,-0.7,0.25,1.7,0.27,18.0,1.12,14.0,0.5,0.5,0.3,-6.1,0.9,9.3,1.6,18.0,8.5,14.0,0.5,0.5,0.3,2.18,4.04,6.43,4.29,16.0,1.94,14.0,0.4,0.5,0.3,9.8,33.7,52.6,31.4,16.0,18.8,14.0,0.4,0.5,0.3,-228.3,-130.2,-49.6,-137.7,20.0,74.1,14.0,0.6,0.5,0.3,-150.5,-40.4,0.0,-64.0,20.0,79.2,14.0,0.6,0.5,0.3,-142.8,-101.0,-48.0,-97.9,16.0,48.6,14.0,0.4,0.5,0.3,-94.1,-32.4,0.0,-45.2,16.0,50.8,14.0,0.4,0.5,0.3,-45.6,-23.2,-9.0,-25.5,16.0,18.6,14.0,0.4,0.5,0.3,-25.5,-10.3,0.0,-12.0,16.0,14.3,14.0,0.4,0.5,0.3,19.5,456.5,804.5,457.5,20.0,409.5,14.0,0.6,0.5,0.3,20.0,455.0,805.0,455.0,20.0,410.0,14.0,0.6,0.5,0.3
1974,2,279.0,14.0,24.91,25.35,27.14,25.81,8.0,1.16,16.0,0.5,0.3,0.4,25.0,25.5,26.77,25.71,9.0,0.95,14.0,0.4,0.3,0.4,14.91,16.35,17.87,16.45,7.0,1.62,16.0,0.4,0.3,0.4,71.3,79.2,85.4,79.1,7.0,8.3,16.0,0.4,0.4,2.6,6.7,9.97,6.38,10.0,3.99,14.0,0.5,0.3,0.4,-9.02,-3.97,-2.07,-4.95,10.0,3.72,14.0,0.5,0.3,0.4,-6.57,-1.98,0.0,-2.49,10.0,3.64,14.0,0.5,0.3,0.4,1013.21,1014.25,1015.96,1014.64,10.0,2.38,14.0,0.5,0.3,0.4,1.4,3.5,5.1,3.3,10.0,1.8,14.0,0.5,0.3,0.4,-88.9,-31.6,-5.4,-43.9,10.0,50.2,14.0,0.5,0.3,0.4,-55.3,-13.7,0.0,-23.4,10.0,32.5,14.0,0.5,0.3,0.4,-0.57,-0.3,0.8,0.03,7.0,1.47,16.0,0.4,0.3,0.4,-6.9,-1.9,2.4,-1.9,7.0,9.1,16.0,0.4,0.3,0.4,2.71,3.88,7.07,4.5,7.0,2.6,16.0,0.4,0.3,0.4,14.3,29.9,43.1,29.0,7.0,15.0,16.0,0.4,0.3,0.4,-247.5,-103.9,-49.3,-129.7,9.0,99.2,14.0,0.4,0.3,0.4,-151.1,-49.8,0.0,-52.2,9.0,88.9,14.0,0.4,0.3,0.4,-183.9,-82.4,-46.4,-105.1,7.0,66.0,16.0,0.4,0.3,0.4,-105.1,-36.7,2.6,-37.3,7.0,60.0,16.0,0.4,0.3,0.4,-31.8,-17.3,-14.3,-22.3,7.0,10.3,16.0,0.4,0.3,0.4,-26.2,-2.1,1.6,-6.5,7.0,21.7,16.0,0.4,0.3,0.4,17.5,306.0,1061.0,537.5,10.0,709.0,14.0,0.5,0.3,0.4,20.0,305.0,1060.0,540.0,10.0,710.0,14.0,0.5,0.3,0.4
1974,2,279.0,15.0,25.38,26.0,26.62,26.0,4.0,0.83,10.0,0.8,0.3,0.2,24.32,25.0,25.37,24.86,5.0,0.61,10.0,0.6,0.4,0.2,15.28,15.68,16.65,15.9,5.0,0.77,10.0,0.6,0.4,0.2,78.5,81.5,84.1,81.3,5.0,2.9,10.0,0.6,0.2,4.73,5.1,8.28,6.26,5.0,2.16,10.0,0.6,0.4,0.2,-7.58,-5.02,-2.93,-5.31,5.0,2.7,10.0,0.6,0.4,0.2,-4.06,-2.64,-1.35,-2.68,5.0,1.48,10.0,0.6,0.4,0.2,1013.28,1014.2,1015.94,1014.5,5.0,1.7,10.0,0.6,0.4,0.2,1.3,2.0,3.4,2.2,5.0,1.5,10.0,0.6,0.4,0.2,-63.7,-25.6,-13.0,-37.6,5.0,30.9,10.0,0.6,0.4,0.2,-25.1,-15.0,-8.5,-16.5,5.0,9.8,10.0,0.6,0.4,0.2,-0.02,1.1,2.38,1.18,4.0,1.51,10.0,0.8,0.3,0.2,-1.2,7.4,12.7,5.8,4.0,8.5,10.0,0.8,0.3,0.2,3.52,5.05,6.45,4.99,4.0,1.71,10.0,0.8,0.3,0.2,23.3,28.5,39.4,31.2,4.0,12.1,10.0,0.8,0.3,0.2,-189.0,-125.6,-71.4,-132.5,5.0,69.1,10.0,0.6,0.4,0.2,-100.7,-63.3,-34.2,-66.5,5.0,36.9,10.0,0.6,0.4,0.2,-118.8,-77.5,-46.9,-84.2,5.0,44.0,10.0,0.6,0.4,0.2,-63.8,-41.3,-22.0,-42.7,5.0,24.1,10.0,0.6,0.4,0.2,-35.8,-25.1,-15.1,-25.4,4.0,13.4,10.0,0.8,0.3,0.2,-20.9,-17.3,-10.8,-15.9,4.0,7.9,10.0,0.8,0.3,0.2,109.5,132.5,583.5,319.0,5.0,311.0,10.0,0.6,0.4,0.2,110.0,135.0,585.0,320.0,5.0,310.0,10.0,0.6,0.4,0.2
1974,2,279.0,17.0,25.93,26.7,28.22,27.14,5.0,1.69,12.0,0.6,0.3,0.6,24.51,25.3,26.0,25.22,5.0,1.23,12.0,0.6,0.3,0.6,15.6,16.09,16.91,16.25,4.0,0.84,6.0,0.8,0.2,0.6,76.9,81.8,86.0,81.5,4.0,5.4,6.0,0.8,0.6,2.42,3.1,9.96,5.88,5.0,5.01,12.0,0.6,0.3,0.6,-5.45,-2.91,-2.18,-3.73,5.0,1.96,12.0,0.6,0.3,0.6,-7.21,-1.3,-0.81,-3.93,5.0,5.27,12.0,0.6,0.3,0.6,1014.4,1015.5,1016.35,1015.3,5.0,1.4,12.0,0.6,0.3,0.6,0.0,2.0,4.0,2.0,4.0,2.3,6.0,0.8,0.2,0.6,-56.7,-9.0,-5.3,-27.3,5.0,29.2,12.0,0.6,0.3,0.6,-85.1,-3.4,-2.4,-43.7,5.0,77.9,12.0,0.6,0.3,0.6,0.32,0.8,4.08,1.92,5.0,2.06,12.0,0.6,0.3,0.6,0.8,11.1,20.0,11.7,5.0,13.6,12.0,0.6,0.3,0.6,5.19,6.24,8.18,6.67,4.0,1.91,6.0,0.8,0.2,0.6,12.1,17.4,47.5,29.3,4.0,28.1,6.0,0.8,0.2,0.6,-138.4,-67.9,-56.3,-94.1,5.0,50.3,12.0,0.6,0.3,0.6,-182.8,-32.9,-19.2,-99.0,5.0,133.1,12.0,0.6,0.3,0.6,-82.1,-40.2,-34.7,-57.5,4.0,39.1,6.0,0.8,0.2,0.6,-44.8,-18.4,-10.9,-27.4,4.0,27.0,6.0,0.8,0.2,0.6,-41.9,-15.9,-11.2,-26.1,4.0,23.9,6.0,0.8,0.2,0.6,-22.1,-7.0,-4.1,-12.8,4.0,15.2,6.0,0.8,0.2,0.6,14.5,30.0,1270.5,640.0,5.0,1159.5,12.0,0.6,0.3,0.6,15.0,30.0,1270.0,640.0,5.0,1160.0,12.0,0.6,0.3,0.6
1974,2,279.0,18.0,25.74,26.65,26.72,26.35,6.0,0.55,14.0,0.3,0.5,0.4,24.38,25.6,26.0,25.2,7.0,0.82,14.0,0.4,0.6,0.5,13.4,14.75,15.47,14.19,6.0,1.88,14.0,0.3,0.5,0.4,69.3,74.1,74.4,70.4,6.0,9.2,14.0,0.3,0.4,2.5,5.85,8.38,6.08,6.0,3.9,14.0,0.5,0.6,0.5,-7.38,-5.61,-1.35,-5.21,6.0,4.49,14.0,0.5,0.6,0.5,-2.99,-1.65,0.0,-1.75,6.0,1.78,14.0,0.5,0.6,0.5,1013.71,1015.6,1016.04,1014.93,7.0,1.68,14.0,0.4,0.6,0.5,0.0,1.0,2.1,1.3,7.0,1.8,14.0,0.4,0.6,0.5,-65.4,-34.2,-2.8,-45.8,6.0,60.4,14.0,0.5,0.6,0.5,-29.8,-4.4,0.0,-11.8,6.0,15.2,14.0,0.5,0.6,0.5,0.76,1.05,1.1,0.95,6.0,0.21,14.0,0.3,0.5,0.4,2.7,3.6,7.6,5.2,5.0,4.4,12.0,0.4,0.5,0.4,6.26,6.47,7.64,7.23,6.0,1.99,14.0,0.3,0.5,0.4,15.3,37.4,77.1,50.1,5.0,54.5,12.0,0.4,0.5,0.4,-191.2,-140.3,-34.7,-133.1,6.0,115.3,14.0,0.5,0.6,0.5,-72.5,-42.2,0.0,-43.0,6.0,42.9,14.0,0.5,0.6,0.5,-107.8,-88.3,-15.2,-67.2,5.0,56.0,12.0,0.4,0.5,0.4,-28.2,-15.9,0.0,-15.1,5.0,15.6,12.0,0.4,0.5,0.4,-76.3,-37.4,-6.7,-45.6,5.0,57.3,12.0,0.4,0.5,0.4,-19.3,-7.0,0.0,-9.6,5.0,10.9,12.0,0.4,0.5,0.4,16.0,200.5,739.5,491.5,6.0,822.5,14.0,0.5,0.6,0.5,15.0,200.0,740.0,490.0,6.0,820.0,14.0,0.5,0.6,0.5
1974,2,279.0,19.0,24.5,26.0,27.04,25.87,25.0,1.04,18.0,0.7,0.6,0.5,23.69,25.0,26.0,24.79,25.0,1.59,18.0,0.7,0.6,0.5,13.09,16.05,16.5,15.1,20.0,1.74,16.0,0.8,0.6,0.6,73.3,77.5,83.2,77.1,21.0,5.5,16.0,0.8,0.5,3.6,5.7,8.45,5.94,23.0,2.88,16.0,0.7,0.7,0.5,-7.46,-4.04,-1.42,-4.45,23.0,3.21,16.0,0.7,0.7,0.5,-5.46,-1.55,1.52,-1.74,23.0,3.33,16.0,0.7,0.7,0.5,1013.46,1016.75,1018.44,1016.07,24.0,2.72,18.0,0.7,0.6,0.5,1.7,4.0,7.0,4.0,24.0,2.5,18.0,0.7,0.6,0.5,-57.6,-16.6,-9.1,-33.3,23.0,37.7,16.0,0.7,0.7,0.5,-44.2,-4.8,4.7,-15.5,23.0,28.9,16.0,0.7,0.7,0.5,-0.52,1.4,2.84,1.08,25.0,1.87,18.0,0.7,0.6,0.5,-2.2,7.0,13.8,5.7,23.0,11.1,16.0,0.7,0.7,0.5,3.59,5.62,7.81,5.72,20.0,1.99,16.0,0.8,0.6,0.6,17.0,23.0,57.7,33.2,18.0,26.3,16.0,0.8,0.6,0.6,-197.4,-100.9,-33.1,-111.6,23.0,78.6,16.0,0.7,0.7,0.5,-130.4,-41.8,38.4,-41.4,23.0,79.8,16.0,0.7,0.7,0.5,-123.4,-62.1,-32.6,-70.8,18.0,44.9,16.0,0.8,0.6,0.6,-63.9,0.0,21.0,-15.7,18.0,42.5,16.0,0.8,0.6,0.6,-37.9,-18.9,-9.5,-25.6,18.0,24.8,16.0,0.8,0.6,0.6,-33.6,0.0,5.1,-10.2,18.0,21.1,16.0,0.8,0.6,0.6,46.5,185.0,606.0,368.0,23.0,520.5,16.0,0.7,0.7,0.5,45.0,185.0,605.0,370.0,23.0,520.0,16.0,0.7,0.7,0.5
1974,2,279.0,20.0,24.4,26.5,27.66,26.22,14.0,1.35,14.0,0.5,0.4,0.2,24.0,24.75,25.19,24.36,14.0,1.35,14.0,0.5,0.4,0.2,12.67,13.95,17.21,14.53,12.0,2.05,12.0,0.5,0.4,0.2,68.0,74.3,84.5,75.4,12.0,8.6,12.0,0.5,0.2,4.71,6.2,9.3,6.84,15.0,3.1,12.0,0.5,0.4,0.2,-6.99,-5.83,-2.33,-5.2,15.0,3.06,12.0,0.5,0.4,0.2,-4.49,-1.08,0.91,-2.01,15.0,4.13,12.0,0.5,0.4,0.2,1014.18,1017.0,1019.78,1016.96,15.0,2.54,12.0,0.5,0.4,0.2,0.0,2.0,5.6,2.8,15.0,2.8,12.0,0.5,0.4,0.2,-55.1,-36.1,-18.6,-40.5,15.0,34.7,12.0,0.5,0.4,0.2,-32.7,-6.7,6.1,-17.8,15.0,44.5,12.0,0.5,0.4,0.2,0.44,1.6,2.99,1.86,14.0,1.75,14.0,0.5,0.4,0.2,0.2,9.9,20.3,13.8,14.0,18.9,14.0,0.5,0.4,0.2,4.62,7.02,8.83,6.67,12.0,2.46,12.0,0.5,0.4,0.2,23.6,44.5,56.9,41.7,12.0,21.9,12.0,0.5,0.4,0.2,-175.5,-148.2,-75.6,-137.4,14.0,71.1,14.0,0.5,0.4,0.2,-100.2,-13.0,27.5,-40.3,14.0,93.9,14.0,0.5,0.4,0.2,-112.4,-81.9,-51.8,-85.9,12.0,50.8,12.0,0.5,0.4,0.2,-46.7,-8.0,9.2,-14.6,12.0,47.3,12.0,0.5,0.4,0.2,-55.9,-40.1,-16.9,-36.6,12.0,20.2,12.0,0.5,0.4,0.2,-27.2,-2.4,1.1,-9.7,12.0,20.1,12.0,0.5,0.4,0.2,105.0,238.5,804.5,502.5,15.0,577.0,12.0,0.5,0.4,0.2,105.0,240.0,805.0,505.0,15.0,575.0,12.0,0.5,0.4,0.2
1974,2,279.0,21.0,,,,,,,,,,,,,,,,,,,,,,,,,,,,,,,,,,,,,,,,9.88,10.05,10.22,10.05,2.0,0.35,14.0,1.0,0.9,0.3,9.06,9.36,9.66,9.36,2.0,0.62,14.0,1.0,0.9,0.3,-4.33,-2.57,-0.82,-2.57,2.0,3.64,14.0,1.0,0.9,0.3,1014.5,1014.5,1014.5,1014.5,1.0,0.0,18.0,1.0,0.9,0.0,,,,,,,,,,,,,,,,,,,,,,,,,,,,,,,,,,,,,,,,,,,,,,,,,,,,,,,,,,,,,,,,,,,,,,,,,,,,,,,,,,,,,,,,,,,,,,,,,,,,,,,,,,,,,,,,,,,,,,,,,,,,,,,,,,,,,,,,,,,,,,,,,,,,,,
1974,2,279.0,22.0,,,,,,,,,,,,,,,,,,,,,,,,,,,,,,,,,,,,,,,,10.8,10.8,10.8,10.8,1.0,0.0,18.0,0.0,0.9,0.3,5.4,5.4,5.4,5.4,1.0,0.0,18.0,0.0,0.9,0.3,-9.35,-9.35,-9.35,-9.35,1.0,0.0,18.0,0.0,0.9,0.3,1013.87,1017.45,1021.03,1017.45,2.0,7.42,14.0,0.0,0.7,0.3,,,,,,,,,,,,,,,,,,,,,,,,,,,,,,,,,,,,,,,,,,,,,,,,,,,,,,,,,,,,,,,,,,,,,,,,,,,,,,,,,,,,,,,,,,,,,,,,,,,,,,,,,,,,,,,,,,,,,,,,,,,,,,,,,,,,,,,,,,,,,,,,,,,,,,
1974,2,279.0,23.0,23.17,25.0,26.92,25.15,28.0,1.79,16.0,0.6,0.6,0.4,21.15,23.4,25.65,23.4,31.0,2.0,14.0,0.5,0.6,0.4,12.52,14.6,16.32,14.22,22.0,2.3,16.0,0.5,0.6,0.4,69.9,79.1,92.7,81.1,22.0,10.9,16.0,0.5,0.4,4.6,7.0,10.5,7.31,30.0,3.6,14.0,0.5,0.6,0.4,-7.96,-4.72,0.88,-4.21,30.0,4.41,14.0,0.5,0.6,0.4,-6.84,0.0,3.31,-0.95,30.0,5.43,14.0,0.5,0.6,0.4,1013.38,1017.25,1020.74,1017.44,30.0,3.69,14.0,0.5,0.6,0.4,1.0,4.0,7.0,4.0,29.0,2.6,14.0,0.6,0.6,0.4,-73.1,-32.8,2.1,-40.9,30.0,52.9,14.0,0.5,0.6,0.4,-53.1,0.0,19.0,-7.0,30.0,54.8,14.0,0.5,0.6,0.4,-0.72,1.6,4.49,1.91,28.0,2.67,16.0,0.6,0.6,0.4,-4.3,7.0,39.6,14.5,27.0,24.1,14.0,0.6,0.6,0.4,3.6,5.46,7.98,5.61,21.0,2.53,16.0,0.5,0.6,0.4,17.7,36.5,60.1,44.9,21.0,36.4,16.0,0.5,0.6,0.4,-184.3,-109.3,21.6,-98.3,30.0,103.0,14.0,0.5,0.6,0.4,-151.1,0.0,79.8,-18.8,30.0,122.4,14.0,0.5,0.6,0.4,-100.3,-69.7,12.1,-52.1,22.0,52.0,16.0,0.5,0.6,0.4,-100.5,0.0,43.6,-15.4,22.0,80.0,16.0,0.5,0.6,0.4,-40.2,-17.2,0.7,-22.3,21.0,31.0,16.0,0.5,0.6,0.4,-51.0,0.0,14.1,-17.4,21.0,40.5,16.0,0.5,0.6,0.4,100.5,343.0,1159.0,666.0,30.0,788.5,14.0,0.5,0.6,0.4,100.0,345.0,1160.0,665.0,30.0,790.0,14.0,0.5,0.6,0.4
1974,2,279.0,24.0,22.2,24.1,25.84,24.0,54.0,1.72,14.0,0.4,0.4,0.7,20.0,23.15,24.5,22.38,56.0,2.42,14.0,0.4,0.4,0.7,9.2,12.36,15.38,12.28,50.0,3.08,14.0,0.4,0.4,0.7,63.9,71.4,86.4,73.1,50.0,13.1,14.0,0.4,0.7,4.1,6.85,10.3,7.15,56.0,3.29,14.0,0.4,0.4,0.7,-5.95,-2.62,1.39,-2.32,56.0,4.46,14.0,0.4,0.4,0.7,-7.58,0.0,4.1,-1.36,56.0,5.97,14.0,0.4,0.4,0.7,1013.5,1018.3,1021.59,1018.22,55.0,3.77,14.0,0.4,0.4,0.7,1.6,4.0,7.0,4.4,55.0,2.4,14.0,0.4,0.4,0.7,-43.7,-16.8,6.2,-16.8,56.0,43.7,14.0,0.4,0.4,0.7,-59.7,0.0,21.5,-16.6,56.0,65.1,14.0,0.4,0.4,0.7,-1.16,1.25,4.0,1.59,54.0,3.05,14.0,0.4,0.4,0.7,-9.5,4.4,33.3,13.8,54.0,32.4,14.0,0.4,0.4,0.7,2.07,6.07,9.3,6.12,48.0,3.88,14.0,0.4,0.4,0.6,10.4,39.9,72.7,45.3,48.0,41.8,14.0,0.4,0.4,0.6,-138.7,-61.6,31.8,-53.2,56.0,97.6,14.0,0.4,0.4,0.7,-151.9,0.0,99.5,-21.7,56.0,127.2,14.0,0.4,0.4,0.7,-81.6,-31.9,12.1,-30.7,50.0,53.5,14.0,0.4,0.4,0.7,-91.4,-17.8,79.4,-13.5,50.0,73.9,14.0,0.4,0.4,0.7,-45.2,-8.9,10.9,-13.9,48.0,33.8,14.0,0.4,0.4,0.6,-53.7,-10.1,14.6,-18.0,48.0,46.6,14.0,0.4,0.4,0.6,69.0,322.0,1092.5,607.0,56.0,774.5,14.0,0.4,0.4,0.7,70.0,320.0,1095.0,605.0,56.0,775.0,14.0,0.4,0.4,0.7
1974,2,279.0,25.0,22.86,24.4,25.84,24.31,35.0,1.65,14.0,0.5,0.9,0.3,19.91,22.8,24.5,22.24,36.0,2.86,14.0,0.5,0.9,0.3,9.34,12.85,15.3,12.51,27.0,2.87,14.0,0.6,0.9,0.3,64.5,72.2,83.1,73.1,28.0,11.9,14.0,0.6,0.3,2.6,6.0,10.1,6.14,35.0,2.99,14.0,0.5,0.9,0.3,-3.82,-1.25,1.95,-0.91,35.0,3.66,14.0,0.5,0.9,0.3,-6.32,2.05,3.99,0.26,35.0,5.78,14.0,0.5,0.9,0.3,1013.74,1018.4,1021.8,1018.07,35.0,4.12,14.0,0.5,0.9,0.3,2.0,4.0,7.0,4.2,34.0,2.4,14.0,0.6,0.9,0.3,-21.5,-3.4,5.8,-6.9,35.0,28.6,14.0,0.5,0.9,0.3,-44.5,6.2,26.8,-0.5,35.0,53.0,14.0,0.5,0.9,0.3,-0.6,2.3,4.08,2.12,35.0,3.14,14.0,0.5,0.9,0.3,-3.4,9.9,31.3,11.8,34.0,20.8,14.0,0.5,0.9,0.3,3.86,6.57,9.36,6.44,26.0,2.7,14.0,0.6,0.9,0.3,13.9,35.4,71.4,41.0,26.0,28.7,14.0,0.6,0.9,0.3,-96.1,-24.4,37.6,-21.3,35.0,80.7,14.0,0.5,0.9,0.3,-124.3,45.0,95.8,10.6,35.0,129.3,14.0,0.5,0.9,0.3,-55.0,-14.6,14.0,-14.0,27.0,52.3,14.0,0.6,0.9,0.3,-78.6,0.0,48.5,-5.0,27.0,68.8,14.0,0.6,0.9,0.3,-37.0,-5.1,12.9,-6.0,26.0,27.5,14.0,0.6,0.9,0.3,-66.7,-1.3,18.3,-15.2,26.0,39.3,14.0,0.6,0.9,0.3,17.5,216.0,1032.5,394.0,35.0,415.5,14.0,0.5,0.9,0.3,20.0,215.0,1035.0,395.0,35.0,415.0,14.0,0.5,0.9,0.3
1974,2,279.0,26.0,23.32,23.9,26.01,24.35,11.0,1.43,16.0,0.5,0.9,0.4,16.95,20.5,23.41,19.81,11.0,4.01,16.0,0.5,0.9,0.4,6.87,8.12,13.17,9.54,11.0,3.7,16.0,0.5,0.9,0.4,50.6,63.5,77.7,64.9,11.0,14.6,16.0,0.5,0.4,4.39,5.1,7.89,6.2,11.0,3.59,16.0,0.5,0.9,0.4,-4.01,-2.96,2.2,-0.91,11.0,4.87,16.0,0.5,0.9,0.4,-2.62,3.28,4.77,1.14,11.0,5.39,16.0,0.5,0.9,0.4,1015.54,1020.7,1024.83,1020.14,11.0,4.64,16.0,0.5,0.9,0.4,0.6,2.0,4.8,2.7,11.0,2.5,16.0,0.5,0.9,0.4,-21.8,-16.6,8.2,5.1,11.0,59.7,16.0,0.5,0.9,0.4,-11.9,16.2,26.5,2.3,11.0,60.7,16.0,0.5,0.9,0.4,0.97,3.0,7.63,4.55,11.0,3.93,16.0,0.5,0.9,0.4,4.6,15.3,37.0,33.7,11.0,56.4,16.0,0.5,0.9,0.4,6.36,10.04,11.33,9.4,11.0,3.5,16.0,0.5,0.9,0.4,31.0,49.9,67.2,58.3,11.0,45.8,16.0,0.5,0.9,0.4,-86.6,-67.2,37.4,-32.3,11.0,71.8,16.0,0.5,0.9,0.4,-44.6,56.4,102.7,37.0,11.0,96.3,16.0,0.5,0.9,0.4,-46.8,-23.9,16.4,-14.8,11.0,37.8,16.0,0.5,0.9,0.4,-20.0,20.0,49.1,17.8,11.0,52.1,16.0,0.5,0.9,0.4,-44.1,-17.1,22.6,-5.4,11.0,56.1,16.0,0.5,0.9,0.4,-27.0,9.5,46.7,2.9,11.0,51.4,16.0,0.5,0.9,0.4,85.5,132.5,591.0,527.0,11.0,1078.5,16.0,0.5,0.9,0.4,85.0,135.0,590.0,525.0,11.0,1080.0,16.0,0.5,0.9,0.4
1974,2,279.0,27.0,21.29,22.5,24.6,22.97,9.0,1.93,22.0,0.8,1.0,0.4,17.97,19.8,22.57,20.03,10.0,4.07,22.0,0.8,1.0,0.4,6.81,9.05,12.48,9.37,8.0,2.87,22.0,0.8,1.0,0.4,53.6,67.1,87.5,70.4,9.0,17.4,22.0,0.8,0.4,5.1,7.95,10.3,8.27,10.0,3.0,22.0,0.8,1.0,0.4,-6.93,-1.7,4.98,-1.11,10.0,6.53,22.0,0.8,1.0,0.4,-8.35,-0.44,2.34,-2.42,10.0,5.87,22.0,0.8,1.0,0.4,1017.57,1022.7,1027.55,1022.93,9.0,4.83,22.0,0.8,1.0,0.5,1.9,5.5,6.6,4.6,10.0,2.5,22.0,0.8,1.0,0.4,-52.7,-4.7,51.5,-6.4,10.0,59.7,22.0,0.8,1.0,0.4,-83.3,-2.3,19.2,-30.3,10.0,70.8,22.0,0.8,1.0,0.4,0.3,3.3,6.7,3.27,9.0,4.89,22.0,0.8,1.0,0.4,2.1,20.4,67.1,29.9,9.0,47.3,22.0,0.8,1.0,0.4,4.02,6.49,14.12,7.99,8.0,4.65,22.0,0.8,1.0,0.4,29.8,48.8,134.6,68.0,8.0,51.8,22.0,0.8,1.0,0.4,-170.0,-36.8,103.7,-28.0,10.0,134.6,22.0,0.8,1.0,0.4,-117.8,-9.1,65.1,-36.7,10.0,118.0,22.0,0.8,1.0,0.4,-65.5,23.2,60.6,6.6,8.0,62.7,22.0,0.8,1.0,0.4,-71.5,-15.2,0.0,-40.3,8.0,59.1,22.0,0.8,1.0,0.4,-46.5,22.4,32.4,-9.6,8.0,66.1,22.0,0.8,1.0,0.4,-51.2,-14.3,0.0,-31.6,8.0,48.5,22.0,0.8,1.0,0.4,132.5,504.0,1092.5,782.0,10.0,865.0,22.0,0.8,1.0,0.4,135.0,505.0,1095.0,780.0,10.0,865.0,22.0,0.8,1.0,0.4
1974,2,279.0,28.0,20.0,22.2,23.86,22.16,18.0,2.15,18.0,0.7,0.8,0.4,15.93,20.0,22.74,19.25,19.0,3.75,18.0,0.6,0.8,0.4,6.59,11.08,12.89,10.2,17.0,3.1,20.0,0.6,0.8,0.4,56.2,76.5,88.1,73.8,17.0,13.3,20.0,0.6,0.4,3.6,7.45,10.45,7.26,18.0,3.39,18.0,0.7,0.8,0.4,-3.92,2.05,7.94,1.83,18.0,5.58,18.0,0.7,0.8,0.4,-6.91,-1.96,3.59,-1.26,18.0,5.56,18.0,0.7,0.8,0.4,1015.6,1019.5,1026.91,1020.28,19.0,5.18,18.0,0.6,0.8,0.4,0.9,4.0,7.0,4.1,19.0,2.7,18.0,0.6,0.8,0.4,-21.0,11.0,76.8,23.0,18.0,56.0,18.0,0.7,0.8,0.4,-70.2,-8.7,19.1,-12.7,18.0,54.4,18.0,0.7,0.8,0.4,-0.68,3.15,5.53,2.78,18.0,3.73,18.0,0.7,0.8,0.4,-10.5,15.3,44.3,19.0,17.0,30.6,18.0,0.7,0.8,0.4,2.76,5.54,9.63,5.92,16.0,3.24,20.0,0.7,0.8,0.4,16.2,31.7,77.1,41.3,15.0,31.4,20.0,0.7,0.8,0.4,-74.3,38.0,162.0,28.9,18.0,108.9,18.0,0.7,0.8,0.4,-124.3,-33.2,82.3,-9.9,18.0,111.0,18.0,0.7,0.8,0.4,-34.8,2.7,92.2,11.0,16.0,61.0,20.0,0.7,0.8,0.4,-56.2,-17.7,56.8,-6.3,16.0,63.3,20.0,0.7,0.8,0.4,-16.7,-5.4,35.2,6.5,15.0,31.9,20.0,0.7,0.8,0.4,-50.6,-14.9,10.0,-21.3,15.0,35.5,20.0,0.7,0.8,0.4,46.5,415.0,1143.0,621.0,18.0,638.5,18.0,0.7,0.8,0.4,45.0,415.0,1145.0,620.0,18.0,640.0,18.0,0.7,0.8,0.4
1974,2,279.0,29.0,18.99,22.2,24.06,22.15,19.0,2.56,16.0,0.5,0.6,0.5,13.0,17.0,21.84,17.11,24.0,3.86,16.0,0.5,0.6,0.5,5.8,8.68,12.54,9.03,22.0,3.32,16.0,0.5,0.6,0.5,59.7,68.0,86.3,70.9,22.0,12.2,16.0,0.5,0.5,3.25,7.7,10.65,7.09,24.0,3.83,16.0,0.5,0.6,0.5,-2.27,3.56,7.59,3.07,24.0,4.86,16.0,0.5,0.6,0.5,-7.16,-0.73,4.11,-1.46,24.0,5.6,16.0,0.5,0.6,0.5,1014.13,1019.65,1022.52,1019.1,24.0,5.89,16.0,0.5,0.6,0.5,0.0,3.0,7.0,3.5,24.0,2.9,16.0,0.5,0.6,0.5,-11.2,22.6,67.6,32.6,24.0,51.9,16.0,0.5,0.6,0.5,-66.3,-2.0,25.0,-15.3,24.0,62.6,16.0,0.5,0.6,0.5,0.89,4.7,8.04,4.74,19.0,3.62,16.0,0.5,0.6,0.5,4.1,32.2,82.2,36.5,19.0,43.0,16.0,0.5,0.6,0.5,4.01,8.44,10.8,7.6,19.0,3.46,16.0,0.5,0.6,0.5,14.4,51.8,87.7,56.1,19.0,48.5,16.0,0.5,0.6,0.5,-41.1,57.1,125.2,45.0,24.0,79.8,16.0,0.5,0.6,0.5,-117.6,-16.4,62.0,-17.1,24.0,100.5,16.0,0.5,0.6,0.5,-15.4,26.8,69.2,24.4,22.0,39.8,16.0,0.5,0.6,0.5,-49.0,-11.0,25.6,-8.0,22.0,53.9,16.0,0.5,0.6,0.5,-1.0,33.9,56.9,29.9,19.0,38.7,16.0,0.5,0.6,0.5,-67.2,-16.3,6.9,-30.2,19.0,47.7,16.0,0.5,0.6,0.5,36.5,456.5,1215.5,669.0,24.0,887.0,16.0,0.5,0.6,0.5,35.0,455.0,1215.0,670.0,24.0,885.0,16.0,0.5,0.6,0.5
1974,2,279.0,30.0,20.0,22.0,25.33,22.31,29.0,2.64,12.0,0.6,0.6,0.4,12.8,17.8,21.21,17.34,29.0,3.8,12.0,0.6,0.5,0.4,5.4,7.57,12.68,8.56,27.0,3.45,12.0,0.6,0.5,0.4,53.2,65.4,76.6,66.2,27.0,13.3,12.0,0.6,0.4,3.84,7.45,10.58,7.13,30.0,3.58,12.0,0.6,0.5,0.4,-4.03,2.8,6.54,1.6,30.0,5.25,12.0,0.6,0.5,0.4,-5.93,-2.34,4.19,-0.81,30.0,5.88,12.0,0.6,0.5,0.4,1014.92,1019.3,1024.31,1019.75,30.0,5.43,12.0,0.6,0.5,0.4,1.0,4.0,6.4,3.6,30.0,2.6,12.0,0.6,0.5,0.4,-29.2,12.5,71.7,18.1,30.0,48.0,12.0,0.6,0.5,0.4,-47.8,-9.2,25.9,-3.4,30.0,67.3,12.0,0.6,0.5,0.4,0.0,4.4,9.54,4.58,28.0,4.85,12.0,0.6,0.5,0.4,0.0,26.5,77.1,34.8,28.0,43.9,12.0,0.6,0.5,0.4,3.23,7.6,12.21,8.02,27.0,4.41,12.0,0.6,0.5,0.4,7.0,48.2,99.3,55.5,27.0,45.9,12.0,0.6,0.5,0.4,-72.2,46.3,106.8,29.4,29.0,88.6,12.0,0.6,0.5,0.4,-83.9,-33.7,93.6,2.9,29.0,106.0,12.0,0.6,0.5,0.4,-41.5,17.5,58.4,15.0,27.0,46.3,12.0,0.6,0.5,0.4,-26.3,-11.0,59.9,12.8,27.0,52.4,12.0,0.6,0.5,0.4,-52.4,4.2,51.6,6.2,27.0,52.9,12.0,0.6,0.5,0.4,-44.4,-11.0,17.3,-15.9,27.0,46.9,12.0,0.6,0.5,0.4,57.0,415.0,1187.5,632.5,30.0,804.5,12.0,0.6,0.5,0.4,55.0,415.0,1185.0,630.0,30.0,805.0,12.0,0.6,0.5,0.4
1974,2,279.0,31.0,16.72,18.85,20.28,18.94,12.0,2.63,10.0,0.8,0.5,0.4,12.6,14.0,19.87,15.46,15.0,4.38,12.0,0.8,0.6,0.4,4.86,7.8,11.16,7.94,10.0,3.21,12.0,0.8,0.6,0.3,51.8,70.9,79.2,67.7,10.0,15.7,12.0,0.8,0.3,4.09,6.2,11.08,8.57,13.0,5.55,12.0,0.8,0.6,0.3,-3.04,1.06,10.02,3.63,13.0,6.66,12.0,0.8,0.6,0.3,-4.03,3.52,9.17,2.5,13.0,6.71,12.0,0.8,0.6,0.3,1011.26,1018.6,1025.26,1018.58,13.0,7.4,12.0,0.8,0.6,0.3,1.0,2.0,6.6,2.9,15.0,2.8,12.0,0.8,0.6,0.4,-15.1,3.3,116.2,60.6,13.0,107.6,12.0,0.8,0.6,0.3,-21.7,16.2,93.4,46.0,13.0,103.4,12.0,0.8,0.6,0.3,0.71,3.75,6.33,3.53,12.0,3.61,10.0,0.8,0.5,0.4,-9.6,21.1,29.8,16.5,10.0,25.7,12.0,0.8,0.6,0.3,1.95,6.3,8.98,6.15,10.0,3.85,12.0,0.8,0.6,0.3,19.0,31.0,42.4,32.7,10.0,14.7,12.0,0.8,0.6,0.3,-42.2,19.4,202.9,67.7,13.0,125.1,12.0,0.8,0.6,0.3,-53.4,49.3,180.7,62.7,13.0,123.7,12.0,0.8,0.6,0.3,-19.0,3.0,71.9,28.1,10.0,76.1,12.0,0.8,0.6,0.3,-20.2,15.4,75.6,24.5,10.0,53.2,12.0,0.8,0.6,0.3,-22.8,2.0,18.2,1.6,10.0,20.9,12.0,0.8,0.6,0.3,-33.2,5.0,21.8,-5.9,10.0,30.4,12.0,0.8,0.6,0.3,68.5,238.5,1593.5,1531.5,13.0,2744.0,12.0,0.8,0.6,0.3,70.0,240.0,1595.0,1530.0,13.0,2745.0,12.0,0.8,0.6,0.3
1974,2,279.0,32.0,16.13,16.2,16.47,16.3,3.0,0.26,14.0,0.7,0.9,0.4,9.63,15.3,16.8,13.27,3.0,5.54,14.0,0.7,0.9,0.4,5.66,8.12,8.89,7.3,3.0,2.47,14.0,0.7,0.9,0.4,73.6,74.9,75.3,74.5,3.0,1.3,14.0,0.7,0.4,3.54,9.0,9.2,6.43,3.0,4.71,14.0,0.7,0.9,0.4,-1.94,0.5,3.33,0.69,3.0,3.87,14.0,0.7,0.9,0.4,-5.22,0.87,6.05,0.42,3.0,8.26,14.0,0.7,0.9,0.4,1014.8,1015.0,1015.75,1015.27,3.0,0.74,14.0,0.7,0.9,0.4,5.0,5.0,6.4,5.7,3.0,1.2,14.0,0.7,0.9,0.4,-18.8,0.5,29.7,5.3,3.0,35.7,14.0,0.7,0.9,0.4,-50.9,0.9,52.2,0.7,3.0,75.5,14.0,0.7,0.9,0.4,-0.36,0.8,6.53,3.03,3.0,5.41,14.0,0.7,0.9,0.4,-5.3,0.8,58.7,26.1,3.0,51.7,14.0,0.7,0.9,0.4,2.69,3.22,5.73,4.18,3.0,2.38,14.0,0.7,0.9,0.4,9.2,21.9,50.7,29.8,3.0,31.2,14.0,0.7,0.9,0.4,-34.3,7.7,24.6,-4.6,3.0,44.5,14.0,0.7,0.9,0.4,-34.3,13.3,105.2,35.0,3.0,103.9,14.0,0.7,0.9,0.4,-18.2,4.1,15.6,-1.1,3.0,25.1,14.0,0.7,0.9,0.4,-22.6,7.0,55.7,16.3,3.0,57.9,14.0,0.7,0.9,0.4,-4.6,1.6,22.4,8.7,3.0,20.7,14.0,0.7,0.9,0.4,-37.0,2.8,15.0,-10.7,3.0,39.8,14.0,0.7,0.9,0.4,232.0,729.0,780.5,511.5,3.0,443.5,14.0,0.7,0.9,0.4,230.0,730.0,780.0,510.0,3.0,445.0,14.0,0.7,0.9,0.4
1974,2,279.0,42.0,0.0,0.0,0.0,0.0,2.0,0.0,20.0,1.0,0.5,0.3,-0.98,1.2,3.38,1.2,2.0,4.53,20.0,1.0,0.5,0.3,2.9,3.43,3.95,3.43,2.0,1.08,20.0,1.0,0.5,0.3,81.8,81.9,82.0,81.9,2.0,0.2,20.0,1.0,0.3,4.14,7.45,10.76,7.45,2.0,6.86,20.0,1.0,0.5,0.3,2.21,6.0,9.8,6.0,2.0,7.85,20.0,1.0,0.5,0.3,-3.13,-0.82,1.49,-0.82,2.0,4.79,20.0,1.0,0.5,0.3,1016.7,1020.35,1024.0,1020.35,2.0,7.57,20.0,1.0,0.5,0.3,2.5,3.5,4.5,3.5,2.0,2.1,20.0,1.0,0.5,0.3,23.5,71.7,119.8,71.7,2.0,99.7,20.0,1.0,0.5,0.3,-42.5,-22.5,-2.6,-22.5,2.0,41.3,20.0,1.0,0.5,0.3,-3.38,-1.2,0.98,-1.2,2.0,4.53,20.0,1.0,0.5,0.3,-5.7,6.6,18.9,6.6,2.0,25.5,20.0,1.0,0.5,0.3,-0.21,0.33,0.86,0.33,2.0,1.11,20.0,1.0,0.5,0.3,1.2,6.2,11.3,6.2,2.0,10.5,20.0,1.0,0.5,0.3,-19.1,-10.6,-2.0,-10.6,2.0,17.8,20.0,1.0,0.5,0.3,8.9,9.8,10.8,9.8,2.0,2.0,20.0,1.0,0.5,0.3,6.5,16.3,26.2,16.3,2.0,20.4,20.0,1.0,0.5,0.3,-7.7,-0.2,7.2,-0.2,2.0,15.5,20.0,1.0,0.5,0.3,1.9,6.3,10.8,6.3,2.0,9.2,20.0,1.0,0.5,0.3,-4.1,-2.9,-1.7,-2.9,2.0,2.5,20.0,1.0,0.5,0.3,310.0,939.0,1568.5,939.0,2.0,1303.5,20.0,1.0,0.5,0.3,310.0,940.0,1570.0,940.0,2.0,1305.0,20.0,1.0,0.5,0.3
1974,2,279.0,44.0,,,,,,,,,,,,,,,,,,,,,,,,,,,,,,,,,,,,,,,,5.7,5.7,5.7,5.7,1.0,0.0,8.0,1.0,1.0,0.8,1.95,1.95,1.95,1.95,1.0,0.0,8.0,1.0,1.0,0.8,-5.36,-5.36,-5.36,-5.36,1.0,0.0,8.0,1.0,1.0,0.8,1011.3,1011.3,1011.3,1011.3,1.0,0.0,8.0,1.0,1.0,0.8,7.0,7.0,7.0,7.0,1.0,0.0,8.0,1.0,1.0,0.8,11.1,11.1,11.1,11.1,1.0,0.0,8.0,1.0,1.0,0.8,-30.5,-30.5,-30.5,-30.5,1.0,0.0,8.0,1.0,1.0,0.8,,,,,,,,,,,,,,,,,,,,,,,,,,,,,,,,,,,,,,,,,-9.0,-9.0,-9.0,-9.0,1.0,0.0,8.0,1.0,1.0,0.8,24.6,24.6,24.6,24.6,1.0,0.0,8.0,1.0,1.0,0.8,3.3,3.3,3.3,3.3,1.0,0.0,8.0,1.0,1.0,0.8,-9.1,-9.1,-9.1,-9.1,1.0,0.0,8.0,1.0,1.0,0.8,,,,,,,,,,,,,,,,,,,,,,,,,,,,,,,,,,,,,,,,
1974,2,279.0,45.0,,,,,,,,,,,,,,,,,,,,,,,,,,,,,,,,,,,,,,,,6.18,7.2,8.22,7.2,2.0,2.12,10.0,0.0,0.7,0.1,2.87,2.91,2.96,2.91,2.0,0.09,10.0,0.0,0.7,0.1,-7.66,-6.56,-5.45,-6.56,2.0,2.29,10.0,0.0,0.7,0.1,1011.83,1012.1,1012.37,1012.1,2.0,0.57,10.0,0.0,0.7,0.1,5.2,5.5,5.8,5.5,2.0,0.7,10.0,0.0,0.7,0.1,17.8,21.1,24.4,21.1,2.0,6.8,10.0,0.0,0.7,0.1,-64.3,-49.6,-35.0,-49.6,2.0,30.4,10.0,0.0,0.7,0.1,,,,,,,,,,,,,,,,,,,,,,,,,,,,,,,,,,,,,,,,,-24.0,-23.2,-22.3,-23.2,2.0,1.7,10.0,0.0,0.7,0.1,42.6,52.5,62.4,52.5,2.0,20.5,10.0,0.0,0.7,0.1,3.6,4.1,4.6,4.1,2.0,1.1,10.0,0.0,0.7,0.1,-12.2,-9.6,-7.0,-9.6,2.0,5.3,10.0,0.0,0.7,0.1,,,,,,,,,,,,,,,,,,,,,,,,,,,,,,,,,,,,,,,,
1974,2,279.0,84.0,,,,,,,,,,,,,,,,,,,,,,,,,,,,,,,,,,,,,,,,2.1,2.1,2.1,2.1,1.0,0.0,12.0,0.0,0.3,0.4,1.61,1.61,1.61,1.61,1.0,0.0,12.0,0.0,0.3,0.4,1.35,1.35,1.35,1.35,1.0,0.0,12.0,0.0,0.3,0.4,1011.0,1011.0,1011.0,1011.0,1.0,0.0,12.0,0.0,0.3,0.4,,,,,,,,,,,,,,,,,,,,,,,,,,,,,,,,,,,,,,,,,,,,,,,,,,,,,,,,,,,,,,,,,,,,,,,,,,,,,,,,,,,,,,,,,,,,,,,,,,,,,,,,,,,,,,,,,,,,,,,,,,,,,,,,,,,,,,,,,,,,,,,,,,,,,,
1974,2,280.0,-61.0,6.0,6.0,6.0,6.0,3.0,0.0,28.0,1.0,0.5,1.0,4.25,4.8,5.28,4.77,3.0,0.75,28.0,1.0,0.5,1.0,3.84,4.83,5.02,4.44,3.0,0.93,28.0,1.0,0.5,1.0,72.6,88.1,88.6,80.8,3.0,13.3,28.0,1.0,1.0,6.2,6.2,6.2,6.2,1.0,0.0,28.0,1.0,0.5,1.0,3.99,3.99,3.99,3.99,1.0,0.0,28.0,1.0,0.5,1.0,-4.75,-4.75,-4.75,-4.75,1.0,0.0,28.0,1.0,0.5,1.0,982.73,983.0,985.8,984.23,3.0,2.49,28.0,1.0,0.5,1.0,7.0,7.0,7.0,7.0,3.0,0.0,28.0,1.0,0.5,1.0,24.7,24.7,24.7,24.7,1.0,0.0,28.0,1.0,0.5,1.0,-29.4,-29.4,-29.4,-29.4,1.0,0.0,28.0,1.0,0.5,1.0,0.72,1.2,1.75,1.23,3.0,0.75,28.0,1.0,0.5,1.0,7.4,7.4,7.4,7.4,1.0,0.0,28.0,1.0,0.5,1.0,0.94,1.13,2.11,1.52,3.0,0.92,28.0,1.0,0.5,1.0,7.0,7.0,7.0,7.0,1.0,0.0,28.0,1.0,0.5,1.0,19.1,19.1,19.1,19.1,1.0,0.0,28.0,1.0,0.5,1.0,-22.8,-22.8,-22.8,-22.8,1.0,0.0,28.0,1.0,0.5,1.0,19.3,19.3,19.3,19.3,1.0,0.0,28.0,1.0,0.5,1.0,-22.9,-22.9,-22.9,-22.9,1.0,0.0,28.0,1.0,0.5,1.0,4.5,4.5,4.5,4.5,1.0,0.0,28.0,1.0,0.5,1.0,-5.4,-5.4,-5.4,-5.4,1.0,0.0,28.0,1.0,0.5,1.0,238.5,238.5,238.5,238.5,1.0,0.0,28.0,1.0,0.5,1.0,240.0,240.0,240.0,240.0,1.0,0.0,28.0,1.0,0.5,1.0
1974,2,280.0,-60.0,6.0,6.0,6.0,6.0,1.0,0.0,28.0,1.0,0.8,0.8,4.5,4.5,4.5,4.5,1.0,0.0,28.0,1.0,0.8,0.8,4.65,4.65,4.65,4.65,1.0,0.0,28.0,1.0,0.8,0.8,86.8,86.8,86.8,86.8,1.0,0.0,28.0,1.0,0.8,12.3,12.3,12.3,12.3,1.0,0.0,28.0,1.0,0.8,0.8,7.91,7.91,7.91,7.91,1.0,0.0,28.0,1.0,0.8,0.8,-9.42,-9.42,-9.42,-9.42,1.0,0.0,28.0,1.0,0.8,0.8,984.5,984.5,984.5,984.5,1.0,0.0,28.0,1.0,0.8,0.8,6.0,6.0,6.0,6.0,1.0,0.0,28.0,1.0,0.8,0.8,97.2,97.2,97.2,97.2,1.0,0.0,28.0,1.0,0.8,0.8,-115.9,-115.9,-115.9,-115.9,1.0,0.0,28.0,1.0,0.8,0.8,1.5,1.5,1.5,1.5,1.0,0.0,28.0,1.0,0.8,0.8,18.5,18.5,18.5,18.5,1.0,0.0,28.0,1.0,0.8,0.8,1.3,1.3,1.3,1.3,1.0,0.0,28.0,1.0,0.8,0.8,16.0,16.0,16.0,16.0,1.0,0.0,28.0,1.0,0.8,0.8,35.6,35.6,35.6,35.6,1.0,0.0,28.0,1.0,0.8,0.8,-42.4,-42.4,-42.4,-42.4,1.0,0.0,28.0,1.0,0.8,0.8,36.8,36.8,36.8,36.8,1.0,0.0,28.0,1.0,0.8,0.8,-43.9,-43.9,-43.9,-43.9,1.0,0.0,28.0,1.0,0.8,0.8,10.3,10.3,10.3,10.3,1.0,0.0,28.0,1.0,0.8,0.8,-12.2,-12.2,-12.2,-12.2,1.0,0.0,28.0,1.0,0.8,0.8,1861.0,1861.0,1861.0,1861.0,1.0,0.0,28.0,1.0,0.8,0.8,1860.0,1860.0,1860.0,1860.0,1.0,0.0,28.0,1.0,0.8,0.8
1974,2,280.0,-59.0,6.3,6.3,6.3,6.3,1.0,0.0,28.0,1.0,1.0,0.6,4.6,4.6,4.6,4.6,1.0,0.0,28.0,1.0,1.0,0.6,4.75,4.75,4.75,4.75,1.0,0.0,28.0,1.0,1.0,0.6,88.1,88.1,88.1,88.1,1.0,0.0,28.0,1.0,0.6,10.3,10.3,10.3,10.3,1.0,0.0,28.0,1.0,1.0,0.6,9.68,9.68,9.68,9.68,1.0,0.0,28.0,1.0,1.0,0.6,-3.52,-3.52,-3.52,-3.52,1.0,0.0,28.0,1.0,1.0,0.6,985.2,985.2,985.2,985.2,1.0,0.0,28.0,1.0,1.0,0.6,3.0,3.0,3.0,3.0,1.0,0.0,28.0,1.0,1.0,0.6,99.7,99.7,99.7,99.7,1.0,0.0,28.0,1.0,1.0,0.6,-36.3,-36.3,-36.3,-36.3,1.0,0.0,28.0,1.0,1.0,0.6,1.7,1.7,1.7,1.7,1.0,0.0,28.0,1.0,1.0,0.6,17.5,17.5,17.5,17.5,1.0,0.0,28.0,1.0,1.0,0.6,1.32,1.32,1.32,1.32,1.0,0.0,28.0,1.0,1.0,0.6,13.6,13.6,13.6,13.6,1.0,0.0,28.0,1.0,1.0,0.6,44.5,44.5,44.5,44.5,1.0,0.0,28.0,1.0,1.0,0.6,-16.2,-16.2,-16.2,-16.2,1.0,0.0,28.0,1.0,1.0,0.6,46.0,46.0,46.0,46.0,1.0,0.0,28.0,1.0,1.0,0.6,-16.7,-16.7,-16.7,-16.7,1.0,0.0,28.0,1.0,1.0,0.6,12.8,12.8,12.8,12.8,1.0,0.0,28.0,1.0,1.0,0.6,-4.7,-4.7,-4.7,-4.7,1.0,0.0,28.0,1.0,1.0,0.6,1092.5,1092.5,1092.5,1092.5,1.0,0.0,28.0,1.0,1.0,0.6,1095.0,1095.0,1095.0,1095.0,1.0,0.0,28.0,1.0,1.0,0.6
1974,2,280.0,-57.0,,,,,,,,,,,,,,,,,,,,,,,,,,,,,,,,,,,,,,,,14.0,14.0,14.0,14.0,1.0,0.0,24.0,1.0,0.6,0.7,14.0,14.0,14.0,14.0,1.0,0.0,24.0,1.0,0.6,0.7,0.0,0.0,0.0,0.0,1.0,0.0,24.0,1.0,0.6,0.7,991.4,991.4,991.4,991.4,1.0,0.0,24.0,1.0,0.6,0.7,8.0,8.0,8.0,8.0,1.0,0.0,24.0,1.0,0.6,0.7,196.0,196.0,196.0,196.0,1.0,0.0,24.0,1.0,0.6,0.7,0.0,0.0,0.0,0.0,1.0,0.0,24.0,1.0,0.6,0.7,,,,,,,,,,,,,,,,,,,,,,,,,,,,,,,,,,,,,,,,,99.4,99.4,99.4,99.4,1.0,0.0,24.0,1.0,0.6,0.7,0.0,0.0,0.0,0.0,1.0,0.0,24.0,1.0,0.6,0.7,74.5,74.5,74.5,74.5,1.0,0.0,24.0,1.0,0.6,0.7,0.0,0.0,0.0,0.0,1.0,0.0,24.0,1.0,0.6,0.7,,,,,,,,,,,,,,,,,,,,,,,,,,,,,,,,,,,,,,,,
1974,2,280.0,-41.0,,,,,,,,,,,,,,,,,,,,,,,,,,,,,,,,,,,,,,,,4.0,4.0,4.0,4.0,1.0,0.0,28.0,0.0,0.6,1.0,3.76,3.76,3.76,3.76,1.0,0.0,28.0,0.0,0.6,1.0,1.37,1.37,1.37,1.37,1.0,0.0,28.0,0.0,0.6,1.0,1017.9,1017.9,1017.9,1017.9,1.0,0.0,28.0,0.0,0.6,1.0,,,,,,,,,,,,,,,,,,,,,,,,,,,,,,,,,,,,,,,,,,,,,,,,,,,,,,,,,,,,,,,,,,,,,,,,,,,,,,,,,,,,,,,,,,,,,,,,,,,,,,,,,,,,,,,,,,,,,,,,,,,,,,,,,,,,,,,,,,,,,,,,,,,,,,
1974,2,280.0,-27.0,,,,,,,,,,,,,,,,,,,,,,,,,,,,,,,,,,,,,,,,7.7,7.7,7.7,7.7,1.0,0.0,16.0,1.0,0.1,0.3,0.0,0.0,0.0,0.0,1.0,0.0,16.0,1.0,0.1,0.3,7.7,7.7,7.7,7.7,1.0,0.0,16.0,1.0,0.1,0.3,1015.0,1015.0,1015.0,1015.0,1.0,0.0,16.0,1.0,0.1,0.3,,,,,,,,,,,,,,,,,,,,,,,,,,,,,,,,,,,,,,,,,,,,,,,,,,,,,,,,,,,,,,,,,,,,,,,,,,,,,,,,,,,,,,,,,,,,,,,,,,,,,,,,,,,,,,,,,,,,,,,,,,,,,,,,,,,,,,,,,,,,,,,,,,,,,,
1974,2,280.0,-18.0,22.24,22.55,22.86,22.55,2.0,0.64,20.0,0.5,0.6,0.5,21.84,22.15,22.46,22.15,2.0,0.64,20.0,0.5,0.6,0.5,11.27,12.11,12.94,12.11,2.0,1.73,20.0,0.5,0.6,0.5,69.1,72.8,76.4,72.8,2.0,7.6,20.0,0.5,0.5,7.86,8.2,8.54,8.2,2.0,0.71,20.0,0.5,0.6,0.5,-4.27,-4.1,-3.93,-4.1,2.0,0.35,20.0,0.5,0.6,0.5,6.81,7.1,7.4,7.1,2.0,0.61,20.0,0.5,0.6,0.5,1010.55,1011.1,1011.65,1011.1,2.0,1.13,20.0,0.5,0.6,0.5,8.0,8.0,8.0,8.0,2.0,0.0,20.0,0.5,0.6,0.5,-36.5,-33.7,-30.9,-33.7,2.0,5.8,20.0,0.5,0.6,0.5,53.6,58.4,63.3,58.4,2.0,10.0,20.0,0.5,0.6,0.5,-0.21,0.4,1.01,0.4,2.0,1.27,20.0,0.5,0.6,0.5,-1.4,3.7,8.9,3.7,2.0,10.7,20.0,0.5,0.6,0.5,3.8,4.96,6.13,4.96,2.0,2.42,20.0,0.5,0.6,0.5,30.3,41.6,52.8,41.6,2.0,23.3,20.0,0.5,0.6,0.5,-93.2,-90.7,-88.2,-90.7,2.0,5.2,20.0,0.5,0.6,0.5,152.7,157.1,161.5,157.1,2.0,9.0,20.0,0.5,0.6,0.5,-50.7,-49.3,-48.0,-49.3,2.0,2.8,20.0,0.5,0.6,0.5,83.1,85.5,87.8,85.5,2.0,4.9,20.0,0.5,0.6,0.5,-26.4,-20.8,-15.1,-20.8,2.0,11.7,20.0,0.5,0.6,0.5,26.2,36.0,45.7,36.0,2.0,20.2,20.0,0.5,0.6,0.5,488.5,557.5,626.5,557.5,2.0,143.0,20.0,0.5,0.6,0.5,490.0,560.0,625.0,560.0,2.0,145.0,20.0,0.5,0.6,0.5
1974,2,280.0,-17.0,23.29,23.7,23.9,23.6,4.0,0.38,18.0,0.5,0.4,0.8,22.1,23.0,24.85,23.45,4.0,1.76,18.0,0.5,0.4,0.8,12.43,13.45,14.98,13.7,4.0,1.53,18.0,0.5,0.4,0.8,67.5,79.7,85.4,76.6,4.0,11.7,18.0,0.5,0.8,4.31,6.7,7.2,5.8,4.0,2.18,18.0,0.5,0.4,0.8,-1.51,-0.23,0.0,-0.73,4.0,1.18,18.0,0.5,0.4,0.8,4.29,6.48,6.99,5.68,4.0,2.12,18.0,0.5,0.4,0.8,1010.52,1011.55,1012.0,1011.28,4.0,0.95,18.0,0.5,0.4,0.8,2.3,5.0,5.7,4.0,3.0,2.6,18.0,0.3,0.4,0.8,-9.8,-0.6,0.0,-4.7,4.0,8.7,18.0,0.5,0.4,0.8,21.8,43.6,50.4,36.4,4.0,20.6,18.0,0.5,0.4,0.8,-0.95,0.5,1.21,0.15,4.0,1.48,18.0,0.5,0.4,0.8,-2.3,3.6,8.7,3.2,4.0,6.9,18.0,0.5,0.4,0.8,3.14,4.49,5.87,4.5,4.0,1.57,18.0,0.5,0.4,0.8,17.1,21.1,32.7,24.8,4.0,11.4,18.0,0.5,0.4,0.8,-33.9,-5.8,0.0,-16.5,4.0,25.7,18.0,0.5,0.4,0.8,104.9,148.2,154.6,130.6,4.0,43.4,18.0,0.5,0.4,0.8,-18.6,-2.8,0.0,-9.0,4.0,14.5,18.0,0.5,0.4,0.8,56.6,89.9,100.1,78.9,4.0,32.3,18.0,0.5,0.4,0.8,-8.7,-1.4,0.0,-4.2,4.0,6.7,18.0,0.5,0.4,0.8,17.0,21.1,31.4,24.1,4.0,10.3,18.0,0.5,0.4,0.8,122.5,306.0,373.0,250.5,4.0,168.0,18.0,0.5,0.4,0.8,125.0,305.0,375.0,250.0,4.0,170.0,18.0,0.5,0.4,0.8
1974,2,280.0,-16.0,22.4,22.4,22.4,22.4,1.0,0.0,18.0,0.0,0.8,0.5,22.9,22.9,22.9,22.9,1.0,0.0,18.0,0.0,0.8,0.5,13.42,13.42,13.42,13.42,1.0,0.0,18.0,0.0,0.8,0.5,77.2,77.2,77.2,77.2,1.0,0.0,18.0,0.0,0.5,8.7,8.7,8.7,8.7,1.0,0.0,18.0,0.0,0.8,0.5,-2.98,-2.98,-2.98,-2.98,1.0,0.0,18.0,0.0,0.8,0.5,8.18,8.18,8.18,8.18,1.0,0.0,18.0,0.0,0.8,0.5,1012.0,1012.0,1012.0,1012.0,1.0,0.0,18.0,0.0,0.8,0.5,4.0,4.0,4.0,4.0,1.0,0.0,18.0,0.0,0.8,0.5,-25.9,-25.9,-25.9,-25.9,1.0,0.0,18.0,0.0,0.8,0.5,71.1,71.1,71.1,71.1,1.0,0.0,18.0,0.0,0.8,0.5,-0.5,-0.5,-0.5,-0.5,1.0,0.0,18.0,0.0,0.8,0.5,-4.3,-4.3,-4.3,-4.3,1.0,0.0,18.0,0.0,0.8,0.5,3.48,3.48,3.48,3.48,1.0,0.0,18.0,0.0,0.8,0.5,30.3,30.3,30.3,30.3,1.0,0.0,18.0,0.0,0.8,0.5,-68.1,-68.1,-68.1,-68.1,1.0,0.0,18.0,0.0,0.8,0.5,187.2,187.2,187.2,187.2,1.0,0.0,18.0,0.0,0.8,0.5,-39.9,-39.9,-39.9,-39.9,1.0,0.0,18.0,0.0,0.8,0.5,109.7,109.7,109.7,109.7,1.0,0.0,18.0,0.0,0.8,0.5,-10.3,-10.3,-10.3,-10.3,1.0,0.0,18.0,0.0,0.8,0.5,28.4,28.4,28.4,28.4,1.0,0.0,18.0,0.0,0.8,0.5,658.5,658.5,658.5,658.5,1.0,0.0,18.0,0.0,0.8,0.5,660.0,660.0,660.0,660.0,1.0,0.0,18.0,0.0,0.8,0.5
1974,2,280.0,-13.0,23.63,24.55,24.8,24.15,6.0,1.0,6.0,0.8,0.6,0.6,23.51,24.6,25.24,24.38,6.0,1.2,6.0,0.8,0.6,0.6,13.39,13.78,14.35,13.81,6.0,0.59,6.0,0.8,0.6,0.6,68.9,71.4,75.6,72.8,6.0,5.5,6.0,0.8,0.6,0.0,0.5,3.97,1.95,6.0,3.05,6.0,0.8,0.6,0.6,-2.33,-0.49,0.0,-1.13,6.0,1.54,6.0,0.8,0.6,0.6,-0.61,0.0,1.38,0.7,6.0,3.06,6.0,0.8,0.6,0.6,1010.71,1011.8,1012.9,1011.95,6.0,1.87,6.0,0.8,0.6,0.6,3.2,5.5,7.2,5.0,6.0,2.8,6.0,0.8,0.6,0.6,-10.7,-0.5,0.0,-6.1,6.0,11.8,6.0,0.8,0.6,0.6,-1.6,0.0,10.6,7.4,6.0,21.7,6.0,0.8,0.6,0.6,-1.21,-0.45,0.63,-0.23,6.0,1.45,6.0,0.8,0.6,0.6,-1.8,0.0,0.1,-1.2,6.0,3.2,6.0,0.8,0.6,0.6,4.57,5.06,5.56,5.02,6.0,0.79,6.0,0.8,0.6,0.6,0.0,3.0,20.2,10.0,6.0,15.2,6.0,0.8,0.6,0.6,-56.9,-12.4,0.0,-28.3,6.0,39.4,6.0,0.8,0.6,0.6,-14.8,0.0,35.5,18.8,6.0,78.1,6.0,0.8,0.6,0.6,-32.2,-6.7,0.0,-15.9,6.0,22.3,6.0,0.8,0.6,0.6,-8.3,0.0,20.0,10.6,6.0,44.1,6.0,0.8,0.6,0.6,-11.8,-3.0,0.0,-5.9,6.0,7.7,6.0,0.8,0.6,0.6,-3.3,0.0,6.9,3.4,6.0,15.4,6.0,0.8,0.6,0.6,0.0,0.5,115.5,81.0,6.0,184.5,6.0,0.8,0.6,0.6,0.0,0.0,115.0,80.0,6.0,185.0,6.0,0.8,0.6,0.6
1974,2,280.0,-12.0,21.94,23.05,23.69,23.0,6.0,1.11,12.0,0.3,0.5,0.6,23.28,23.8,24.28,23.77,6.0,0.64,12.0,0.3,0.5,0.6,14.26,15.55,15.87,15.08,5.0,1.26,14.0,0.4,0.6,0.5,79.9,85.4,86.3,82.9,5.0,6.1,14.0,0.4,0.5,4.94,6.6,7.04,5.85,6.0,1.97,12.0,0.3,0.5,0.6,-5.39,-2.75,-1.9,-3.34,6.0,1.69,12.0,0.3,0.5,0.6,3.78,4.99,5.62,4.57,6.0,1.9,12.0,0.3,0.5,0.6,1008.6,1009.9,1012.37,1010.37,6.0,1.95,12.0,0.3,0.5,0.6,3.0,4.5,5.2,4.3,6.0,1.2,12.0,0.3,0.5,0.6,-38.0,-18.0,-9.5,-21.3,6.0,14.5,12.0,0.3,0.5,0.6,24.6,32.4,35.9,29.4,6.0,14.6,12.0,0.3,0.5,0.6,-1.57,-0.65,0.01,-0.77,6.0,1.17,12.0,0.3,0.5,0.6,-7.9,-3.3,-0.2,-3.2,6.0,4.8,12.0,0.3,0.5,0.6,1.21,2.48,4.23,2.72,5.0,1.62,14.0,0.4,0.6,0.5,8.1,17.3,26.4,17.9,5.0,10.8,14.0,0.4,0.6,0.5,-125.9,-65.5,-45.9,-78.8,6.0,38.3,12.0,0.3,0.5,0.6,88.8,117.4,134.9,108.1,6.0,44.7,12.0,0.3,0.5,0.6,-83.0,-50.2,-30.9,-55.6,5.0,26.3,14.0,0.4,0.6,0.5,69.8,84.0,85.9,79.1,5.0,8.7,14.0,0.4,0.6,0.5,-12.2,-7.5,-5.5,-8.5,5.0,3.9,14.0,0.4,0.6,0.5,6.2,11.1,24.8,15.2,5.0,11.1,14.0,0.4,0.6,0.5,148.5,290.5,349.0,248.5,6.0,138.0,12.0,0.3,0.5,0.6,150.0,290.0,350.0,250.0,6.0,140.0,12.0,0.3,0.5,0.6
1974,2,280.0,-10.0,18.24,18.75,19.26,18.75,2.0,1.06,8.0,0.5,0.8,0.9,19.62,21.8,22.82,21.23,3.0,2.4,6.0,0.3,0.8,0.7,13.84,15.42,15.5,14.68,3.0,1.37,6.0,0.3,0.8,0.7,89.4,94.6,97.0,93.2,3.0,5.7,6.0,0.3,0.7,1.08,1.25,1.42,1.25,2.0,0.35,8.0,0.0,1.0,0.7,0.03,0.09,0.15,0.09,2.0,0.12,8.0,0.0,1.0,0.7,1.07,1.24,1.42,1.24,2.0,0.36,8.0,0.0,1.0,0.7,1009.82,1010.5,1010.7,1010.27,3.0,0.68,6.0,0.3,0.8,0.7,3.0,3.0,6.4,4.7,3.0,2.9,6.0,0.3,0.8,0.7,0.0,0.1,0.1,0.1,2.0,0.1,8.0,0.0,1.0,0.7,1.2,1.6,2.0,1.6,2.0,0.9,8.0,0.0,1.0,0.7,-3.29,-2.2,-1.11,-2.2,2.0,2.26,8.0,0.5,0.8,0.9,-0.9,-0.9,-0.9,-0.9,1.0,0.0,14.0,0.0,1.0,0.9,-1.21,-0.82,-0.43,-0.82,2.0,0.81,8.0,0.5,0.8,0.9,-0.4,-0.4,-0.4,-0.4,1.0,0.0,14.0,0.0,1.0,0.9,0.6,1.9,3.2,1.9,2.0,2.7,8.0,0.0,1.0,0.7,22.5,24.7,26.9,24.7,2.0,4.5,8.0,0.0,1.0,0.7,0.4,1.3,2.3,1.3,2.0,1.9,8.0,0.0,1.0,0.7,15.9,17.4,18.9,17.4,2.0,3.2,8.0,0.0,1.0,0.7,0.0,0.0,0.0,0.0,1.0,0.0,14.0,0.0,1.0,0.9,-0.4,-0.4,-0.4,-0.4,1.0,0.0,14.0,0.0,1.0,0.9,1.5,2.0,3.0,2.0,2.0,1.5,8.0,0.0,1.0,0.7,0.0,0.0,5.0,0.0,2.0,0.0,8.0,0.0,1.0,0.7
1974,2,280.0,-9.0,20.0,20.25,21.29,20.63,4.0,0.95,10.0,1.0,0.2,0.5,21.73,22.35,23.02,22.38,4.0,0.91,10.0,1.0,0.2,0.5,13.82,14.2,14.57,14.2,2.0,0.78,8.0,1.0,0.3,0.5,82.8,84.5,86.1,84.5,2.0,3.4,8.0,1.0,0.5,1.43,3.8,4.81,3.15,4.0,2.27,10.0,1.0,0.2,0.5,-2.4,-1.15,1.01,-0.72,4.0,2.1,10.0,1.0,0.2,0.5,1.09,3.14,4.17,2.65,4.0,1.98,10.0,1.0,0.2,0.5,1009.51,1011.45,1012.76,1011.15,4.0,2.51,10.0,1.0,0.2,0.5,2.5,4.0,5.5,4.0,4.0,1.8,10.0,1.0,0.2,0.5,-11.6,-5.3,3.0,-4.3,4.0,8.7,10.0,1.0,0.2,0.5,3.3,12.6,20.1,11.7,4.0,10.0,10.0,1.0,0.2,0.5,-2.88,-2.1,-0.59,-1.75,4.0,1.76,10.0,1.0,0.2,0.5,-14.0,-5.1,1.1,-6.4,4.0,9.1,10.0,1.0,0.2,0.5,0.37,0.58,0.79,0.58,2.0,0.43,8.0,1.0,0.3,0.5,0.6,2.0,3.4,2.0,2.0,2.9,8.0,1.0,0.3,0.5,-55.1,-25.5,21.5,-17.2,4.0,46.8,10.0,1.0,0.2,0.5,23.3,68.7,95.4,59.8,4.0,45.7,10.0,1.0,0.2,0.5,-26.4,-15.7,-5.0,-15.7,2.0,22.2,8.0,1.0,0.3,0.5,8.6,27.2,45.7,27.2,2.0,38.4,8.0,1.0,0.3,0.5,-1.7,-1.0,-0.3,-1.0,2.0,1.4,8.0,1.0,0.3,0.5,0.6,1.8,3.0,1.8,2.0,2.5,8.0,1.0,0.3,0.5,13.0,62.0,112.0,62.5,4.0,58.5,10.0,1.0,0.2,0.5,15.0,60.0,110.0,60.0,4.0,60.0,10.0,1.0,0.2,0.5
1974,2,280.0,1.0,25.77,26.15,26.53,26.15,2.0,0.78,8.0,0.0,0.4,0.7,25.0,25.0,25.0,25.0,1.0,0.0,14.0,0.0,0.4,0.7,17.2,17.2,17.2,17.2,1.0,0.0,14.0,0.0,0.4,0.7,87.1,87.1,87.1,87.1,1.0,0.0,14.0,0.0,0.7,2.92,3.6,4.28,3.6,2.0,1.41,8.0,0.0,0.4,0.7,0.32,1.0,1.68,1.0,2.0,1.41,8.0,0.0,0.4,0.7,-3.6,-1.46,0.68,-1.46,2.0,4.43,8.0,0.0,0.4,0.7,1012.5,1012.5,1012.5,1012.5,2.0,0.0,8.0,0.0,0.4,0.7,7.2,7.5,7.8,7.5,2.0,0.7,8.0,0.0,0.4,0.7,0.8,2.6,4.4,2.6,2.0,3.7,8.0,0.0,0.4,0.7,-17.1,-8.4,0.3,-8.4,2.0,18.0,8.0,0.0,0.4,0.7,1.7,1.7,1.7,1.7,1.0,0.0,14.0,0.0,0.4,0.7,7.8,7.8,7.8,7.8,1.0,0.0,14.0,0.0,0.4,0.7,4.71,4.71,4.71,4.71,1.0,0.0,14.0,0.0,0.4,0.7,21.7,21.7,21.7,21.7,1.0,0.0,14.0,0.0,0.4,0.7,0.0,0.0,0.0,0.0,1.0,0.0,14.0,0.0,0.4,0.7,-115.0,-115.0,-115.0,-115.0,1.0,0.0,14.0,0.0,0.4,0.7,0.0,0.0,0.0,0.0,1.0,0.0,14.0,0.0,0.4,0.7,-79.1,-79.1,-79.1,-79.1,1.0,0.0,14.0,0.0,0.4,0.7,0.0,0.0,0.0,0.0,1.0,0.0,14.0,0.0,0.4,0.7,-21.7,-21.7,-21.7,-21.7,1.0,0.0,14.0,0.0,0.4,0.7,30.0,57.5,84.5,57.5,2.0,56.5,8.0,0.0,0.4,0.7,30.0,55.0,85.0,55.0,2.0,55.0,8.0,0.0,0.4,0.7
1974,2,280.0,3.0,25.6,25.6,25.6,25.6,1.0,0.0,4.0,0.0,0.3,0.0,22.2,22.2,22.2,22.2,1.0,0.0,4.0,0.0,0.3,0.0,13.69,13.69,13.69,13.69,1.0,0.0,4.0,0.0,0.3,0.0,82.1,82.1,82.1,82.1,1.0,0.0,4.0,0.0,0.0,7.7,7.7,7.7,7.7,1.0,0.0,4.0,0.0,0.3,0.0,7.24,7.24,7.24,7.24,1.0,0.0,4.0,0.0,0.3,0.0,2.63,2.63,2.63,2.63,1.0,0.0,4.0,0.0,0.3,0.0,1010.8,1010.8,1010.8,1010.8,1.0,0.0,4.0,0.0,0.3,0.0,2.0,2.0,2.0,2.0,1.0,0.0,4.0,0.0,0.3,0.0,55.7,55.7,55.7,55.7,1.0,0.0,4.0,0.0,0.3,0.0,20.3,20.3,20.3,20.3,1.0,0.0,4.0,0.0,0.3,0.0,3.4,3.4,3.4,3.4,1.0,0.0,4.0,0.0,0.3,0.0,26.2,26.2,26.2,26.2,1.0,0.0,4.0,0.0,0.3,0.0,6.86,6.86,6.86,6.86,1.0,0.0,4.0,0.0,0.3,0.0,52.8,52.8,52.8,52.8,1.0,0.0,4.0,0.0,0.3,0.0,160.6,160.6,160.6,160.6,1.0,0.0,4.0,0.0,0.3,0.0,58.5,58.5,58.5,58.5,1.0,0.0,4.0,0.0,0.3,0.0,99.0,99.0,99.0,99.0,1.0,0.0,4.0,0.0,0.3,0.0,36.0,36.0,36.0,36.0,1.0,0.0,4.0,0.0,0.3,0.0,49.6,49.6,49.6,49.6,1.0,0.0,4.0,0.0,0.3,0.0,18.1,18.1,18.1,18.1,1.0,0.0,4.0,0.0,0.3,0.0,456.5,456.5,456.5,456.5,1.0,0.0,4.0,0.0,0.3,0.0,455.0,455.0,455.0,455.0,1.0,0.0,4.0,0.0,0.3,0.0
1974,2,280.0,5.0,25.0,25.0,25.0,25.0,1.0,0.0,8.0,0.0,0.1,0.7,25.1,25.1,25.1,25.1,1.0,0.0,8.0,0.0,0.1,0.7,16.97,16.97,16.97,16.97,1.0,0.0,8.0,0.0,0.1,0.7,85.0,85.0,85.0,85.0,1.0,0.0,8.0,0.0,0.7,8.2,8.2,8.2,8.2,1.0,0.0,8.0,0.0,0.1,0.7,-1.42,-1.42,-1.42,-1.42,1.0,0.0,8.0,0.0,0.1,0.7,-8.08,-8.08,-8.08,-8.08,1.0,0.0,8.0,0.0,0.1,0.7,1007.4,1007.4,1007.4,1007.4,1.0,0.0,8.0,0.0,0.1,0.7,6.0,6.0,6.0,6.0,1.0,0.0,8.0,0.0,0.1,0.7,-11.7,-11.7,-11.7,-11.7,1.0,0.0,8.0,0.0,0.1,0.7,-66.2,-66.2,-66.2,-66.2,1.0,0.0,8.0,0.0,0.1,0.7,-0.1,-0.1,-0.1,-0.1,1.0,0.0,8.0,0.0,0.1,0.7,-0.8,-0.8,-0.8,-0.8,1.0,0.0,8.0,0.0,0.1,0.7,2.91,2.91,2.91,2.91,1.0,0.0,8.0,0.0,0.1,0.7,23.9,23.9,23.9,23.9,1.0,0.0,8.0,0.0,0.1,0.7,-35.7,-35.7,-35.7,-35.7,1.0,0.0,8.0,0.0,0.1,0.7,-202.7,-202.7,-202.7,-202.7,1.0,0.0,8.0,0.0,0.1,0.7,-24.2,-24.2,-24.2,-24.2,1.0,0.0,8.0,0.0,0.1,0.7,-137.1,-137.1,-137.1,-137.1,1.0,0.0,8.0,0.0,0.1,0.7,-4.2,-4.2,-4.2,-4.2,1.0,0.0,8.0,0.0,0.1,0.7,-23.5,-23.5,-23.5,-23.5,1.0,0.0,8.0,0.0,0.1,0.7,551.5,551.5,551.5,551.5,1.0,0.0,8.0,0.0,0.1,0.7,550.0,550.0,550.0,550.0,1.0,0.0,8.0,0.0,0.1,0.7
1974,2,280.0,6.0,24.83,25.4,26.37,25.6,5.0,0.93,14.0,0.0,0.1,0.4,25.98,27.0,28.04,26.98,5.0,1.1,14.0,0.0,0.1,0.4,16.01,17.9,19.35,17.69,4.0,1.95,18.0,0.0,0.1,0.4,73.5,80.0,88.2,80.8,4.0,10.0,18.0,0.0,0.4,4.92,6.2,8.83,6.88,5.0,2.49,14.0,0.0,0.1,0.4,-1.28,0.0,0.64,-0.23,5.0,1.41,14.0,0.0,0.1,0.4,-8.83,-5.83,-4.7,-6.73,5.0,2.59,14.0,0.0,0.1,0.4,1008.7,1009.2,1011.04,1009.92,5.0,1.89,14.0,0.0,0.1,0.4,1.5,2.5,3.0,2.3,4.0,1.0,18.0,0.0,0.1,0.4,-7.1,0.0,3.2,-1.6,5.0,8.0,14.0,0.0,0.1,0.4,-80.2,-36.1,-23.1,-51.5,5.0,39.4,14.0,0.0,0.1,0.4,-2.54,-1.6,-0.15,-1.38,5.0,1.54,14.0,0.0,0.1,0.4,-19.0,-7.4,-1.6,-9.5,5.0,10.7,14.0,0.0,0.1,0.4,0.22,2.64,5.35,2.78,4.0,2.98,18.0,0.0,0.1,0.4,1.7,12.9,29.5,15.5,4.0,16.9,18.0,0.0,0.1,0.4,-34.0,0.0,17.8,-5.7,5.0,38.0,14.0,0.0,0.1,0.4,-236.0,-152.6,-129.9,-181.9,5.0,73.6,14.0,0.0,0.1,0.4,-24.3,-6.2,17.7,-3.4,4.0,28.8,18.0,0.0,0.1,0.4,-123.6,-94.7,-81.2,-102.0,4.0,33.0,18.0,0.0,0.1,0.4,-8.3,-1.9,0.0,-4.1,4.0,5.9,18.0,0.0,0.1,0.4,-28.2,-12.7,-1.7,-14.9,4.0,16.0,18.0,0.0,0.1,0.4,120.0,238.5,750.0,437.0,5.0,481.0,14.0,0.0,0.1,0.4,120.0,240.0,750.0,435.0,5.0,480.0,14.0,0.0,0.1,0.4
1974,2,280.0,7.0,25.2,26.1,27.2,26.14,23.0,1.27,14.0,0.7,0.3,0.5,25.0,26.1,28.0,26.39,26.0,1.46,14.0,0.7,0.2,0.5,15.95,16.65,18.11,17.21,19.0,1.71,14.0,0.7,0.2,0.5,76.7,81.4,87.0,80.6,19.0,6.1,14.0,0.7,0.5,4.6,7.7,11.32,7.96,26.0,3.3,12.0,0.7,0.2,0.5,-2.66,-0.67,2.65,-0.29,26.0,2.7,12.0,0.7,0.2,0.5,-11.13,-7.22,-4.03,-7.51,26.0,3.29,12.0,0.7,0.2,0.5,1007.8,1010.2,1011.89,1010.15,28.0,2.18,14.0,0.7,0.2,0.5,1.0,2.0,4.9,2.5,27.0,2.3,14.0,0.7,0.2,0.5,-29.1,-2.6,18.5,-4.8,26.0,26.1,12.0,0.7,0.2,0.5,-126.1,-57.0,-19.9,-70.1,26.0,54.1,12.0,0.7,0.2,0.5,-2.0,-0.3,2.11,-0.16,21.0,2.35,14.0,0.7,0.2,0.5,-21.1,-3.6,14.4,-2.2,19.0,18.7,14.0,0.7,0.2,0.5,2.59,4.68,6.32,4.29,18.0,2.83,14.0,0.7,0.2,0.5,21.5,39.0,46.6,35.1,16.0,23.3,14.0,0.8,0.2,0.5,-77.3,-21.2,71.8,-11.5,24.0,73.5,12.0,0.7,0.2,0.5,-297.6,-195.6,-108.6,-202.2,24.0,85.5,12.0,0.7,0.2,0.5,-36.0,-12.7,42.6,-3.0,17.0,37.9,14.0,0.7,0.2,0.5,-197.9,-118.2,-71.2,-127.4,17.0,51.7,14.0,0.7,0.2,0.5,-15.1,-1.8,12.1,-1.8,16.0,12.7,14.0,0.8,0.2,0.5,-46.2,-35.5,-18.8,-33.0,16.0,23.0,14.0,0.8,0.2,0.5,97.5,456.5,1452.0,760.0,26.0,789.5,12.0,0.7,0.2,0.5,95.0,455.0,1450.0,760.0,26.0,790.0,12.0,0.7,0.2,0.5
1974,2,280.0,8.0,24.97,26.7,28.04,26.52,19.0,1.49,14.0,0.6,0.4,0.2,24.4,25.6,27.79,25.88,20.0,1.62,14.0,0.6,0.4,0.2,16.32,16.91,17.99,17.12,18.0,1.14,14.0,0.6,0.4,0.2,74.1,82.0,89.9,82.2,19.0,7.7,14.0,0.6,0.2,3.69,7.2,8.2,6.6,21.0,2.8,14.0,0.6,0.4,0.2,-0.37,0.0,1.69,0.41,21.0,1.54,14.0,0.6,0.4,0.2,-8.18,-7.09,-3.51,-6.38,21.0,2.87,14.0,0.6,0.4,0.2,1009.8,1010.8,1011.7,1010.94,20.0,1.31,14.0,0.6,0.4,0.2,1.0,2.0,3.8,2.4,21.0,2.0,14.0,0.6,0.4,0.2,-1.0,0.0,11.2,2.8,21.0,11.0,14.0,0.6,0.4,0.2,-67.1,-51.1,-13.0,-49.7,21.0,38.0,14.0,0.6,0.4,0.2,-1.03,0.55,2.79,0.47,18.0,2.3,14.0,0.6,0.4,0.2,-4.8,4.0,20.6,4.5,18.0,15.0,14.0,0.6,0.4,0.2,2.2,5.15,7.21,4.59,17.0,2.56,14.0,0.6,0.4,0.2,7.5,40.1,51.2,32.2,17.0,19.6,14.0,0.6,0.4,0.2,-12.4,0.0,44.6,8.8,20.0,40.7,14.0,0.6,0.4,0.2,-219.6,-181.7,-100.6,-171.8,20.0,67.8,14.0,0.6,0.4,0.2,-12.3,0.0,32.7,5.1,18.0,27.6,14.0,0.6,0.4,0.2,-158.8,-112.4,-64.7,-111.7,18.0,47.5,14.0,0.6,0.4,0.2,-2.4,0.0,12.0,2.0,17.0,9.8,14.0,0.6,0.4,0.2,-50.8,-34.7,-7.5,-31.0,17.0,19.0,14.0,0.6,0.4,0.2,50.5,373.0,551.5,435.0,21.0,454.5,14.0,0.6,0.4,0.2,50.0,375.0,550.0,435.0,21.0,455.0,14.0,0.6,0.4,0.2
1974,2,280.0,9.0,26.2,26.4,27.08,26.72,11.0,1.02,18.0,0.5,0.5,0.7,25.6,26.05,27.96,26.46,14.0,1.35,18.0,0.6,0.4,0.6,15.58,16.39,17.66,16.56,11.0,1.22,18.0,0.6,0.5,0.8,71.5,77.2,84.0,78.0,11.0,6.9,18.0,0.6,0.8,4.63,7.7,9.77,7.49,14.0,3.46,18.0,0.5,0.4,0.6,-5.95,-4.09,-1.77,-3.89,14.0,2.16,18.0,0.5,0.4,0.6,-8.02,-6.28,-3.57,-6.05,14.0,3.45,18.0,0.5,0.4,0.6,1009.84,1011.4,1012.86,1011.45,15.0,1.59,18.0,0.5,0.4,0.6,1.2,3.0,4.0,2.8,15.0,2.0,18.0,0.5,0.4,0.6,-55.2,-30.4,-9.2,-35.0,14.0,30.8,18.0,0.5,0.4,0.6,-74.8,-50.6,-16.4,-56.0,14.0,51.8,18.0,0.5,0.4,0.6,-0.41,0.4,0.91,0.19,10.0,0.91,18.0,0.6,0.5,0.8,-5.2,3.1,8.3,1.5,9.0,7.8,18.0,0.6,0.5,0.8,3.86,5.12,5.98,5.08,10.0,1.36,18.0,0.6,0.5,0.8,25.8,47.6,53.7,44.0,9.0,19.2,18.0,0.6,0.5,0.8,-156.8,-124.6,-50.4,-103.7,13.0,57.6,18.0,0.5,0.4,0.6,-198.2,-166.3,-93.6,-152.9,13.0,86.4,18.0,0.5,0.4,0.6,-107.7,-82.2,-39.1,-76.6,10.0,31.5,16.0,0.6,0.5,0.7,-134.0,-114.6,-78.1,-111.5,10.0,45.0,16.0,0.6,0.5,0.7,-34.5,-22.8,-10.7,-23.0,9.0,11.8,18.0,0.6,0.5,0.8,-44.1,-37.6,-22.4,-37.1,9.0,16.5,18.0,0.6,0.5,0.8,99.5,456.5,932.5,683.5,14.0,925.5,18.0,0.5,0.4,0.6,100.0,455.0,935.0,685.0,14.0,925.0,18.0,0.5,0.4,0.6
1974,2,280.0,10.0,25.6,26.3,27.0,26.29,26.0,0.83,14.0,0.6,0.7,0.4,25.0,26.0,26.97,26.18,29.0,1.2,14.0,0.6,0.7,0.4,15.99,16.47,17.82,16.93,25.0,1.27,14.0,0.6,0.7,0.4,73.8,77.5,90.8,79.9,26.0,8.6,14.0,0.5,0.4,5.1,7.2,9.58,7.45,29.0,2.34,14.0,0.6,0.7,0.4,-7.35,-4.63,-2.59,-4.93,29.0,2.29,14.0,0.6,0.7,0.4,-6.65,-5.13,-3.94,-5.36,29.0,1.65,14.0,0.6,0.7,0.4,1010.23,1011.5,1014.3,1012.01,28.0,2.19,14.0,0.6,0.7,0.4,3.0,4.0,6.0,4.3,29.0,1.7,14.0,0.6,0.7,0.4,-69.1,-33.3,-14.0,-41.2,29.0,30.6,14.0,0.6,0.7,0.4,-63.7,-39.7,-21.0,-42.9,29.0,26.1,14.0,0.6,0.7,0.4,-0.81,0.1,1.01,0.01,26.0,1.17,14.0,0.6,0.7,0.4,-6.2,0.4,10.3,-0.5,26.0,11.1,14.0,0.6,0.7,0.4,2.46,4.66,6.08,4.58,24.0,1.61,14.0,0.6,0.7,0.3,18.9,29.8,52.3,33.0,24.0,15.3,14.0,0.6,0.7,0.3,-198.4,-120.3,-66.7,-129.8,29.0,62.6,14.0,0.6,0.7,0.4,-175.0,-133.9,-99.6,-140.7,29.0,43.8,14.0,0.6,0.7,0.4,-120.4,-74.5,-42.0,-79.2,25.0,39.4,14.0,0.6,0.7,0.4,-112.6,-85.3,-65.5,-91.4,25.0,34.4,14.0,0.6,0.7,0.4,-29.3,-18.5,-10.7,-20.8,24.0,11.8,14.0,0.6,0.7,0.3,-32.4,-21.0,-13.6,-24.5,24.0,12.2,14.0,0.6,0.7,0.3,132.5,373.0,880.5,537.5,29.0,516.5,14.0,0.6,0.7,0.4,135.0,375.0,880.0,535.0,29.0,515.0,14.0,0.6,0.7,0.4
1974,2,280.0,11.0,26.02,27.9,28.53,27.46,12.0,1.28,16.0,0.6,0.9,0.3,25.47,25.8,28.5,26.54,12.0,1.59,16.0,0.6,0.9,0.3,15.54,16.43,18.03,16.86,11.0,1.61,16.0,0.6,0.9,0.3,73.0,76.2,85.1,77.7,11.0,7.4,16.0,0.6,0.3,6.73,8.45,10.3,8.64,14.0,2.1,18.0,0.6,0.9,0.3,-8.78,-5.11,-3.19,-5.73,14.0,2.78,18.0,0.6,0.9,0.3,-7.91,-6.09,-3.99,-5.83,14.0,2.29,18.0,0.6,0.9,0.3,1011.25,1012.8,1013.9,1012.79,14.0,1.37,18.0,0.6,0.9,0.3,3.0,4.0,5.0,4.1,14.0,1.3,18.0,0.6,0.9,0.3,-90.4,-41.0,-19.9,-53.9,14.0,38.6,18.0,0.6,0.9,0.3,-80.9,-50.0,-23.1,-50.6,14.0,26.7,18.0,0.6,0.9,0.3,0.03,0.7,1.71,0.74,11.0,0.94,16.0,0.5,0.9,0.3,-0.1,5.6,15.4,6.8,11.0,8.3,16.0,0.5,0.9,0.3,4.15,6.06,7.66,6.02,10.0,2.26,16.0,0.6,0.9,0.3,30.8,48.3,60.4,47.7,10.0,17.8,16.0,0.6,0.9,0.3,-186.7,-130.1,-86.6,-140.7,12.0,69.9,16.0,0.6,0.9,0.3,-210.5,-160.1,-108.5,-150.5,12.0,63.4,16.0,0.6,0.9,0.3,-100.4,-81.2,-48.5,-80.3,11.0,34.4,16.0,0.6,0.9,0.3,-130.2,-107.1,-77.1,-104.7,11.0,31.8,16.0,0.6,0.9,0.3,-37.1,-27.4,-14.8,-27.5,10.0,13.7,16.0,0.6,0.9,0.3,-53.0,-34.9,-24.8,-38.0,10.0,14.7,16.0,0.6,0.9,0.3,305.5,605.0,1092.5,753.5,14.0,529.0,18.0,0.6,0.9,0.3,305.0,605.0,1095.0,755.0,14.0,530.0,18.0,0.6,0.9,0.3
1974,2,280.0,12.0,25.58,26.0,26.52,26.05,4.0,0.74,16.0,0.0,0.5,0.4,25.3,25.5,25.84,25.57,3.0,0.4,18.0,0.0,0.5,0.5,16.45,16.45,16.45,16.45,1.0,0.0,10.0,0.0,0.4,0.9,81.0,81.0,81.0,81.0,1.0,0.0,10.0,0.0,0.9,4.24,6.7,6.86,5.6,4.0,2.4,16.0,0.0,0.5,0.4,-5.9,-3.76,-1.5,-3.7,4.0,2.66,16.0,0.0,0.5,0.4,-5.5,-3.09,-0.29,-2.9,4.0,3.32,16.0,0.0,0.5,0.4,1012.5,1013.75,1013.96,1013.25,4.0,1.24,16.0,0.0,0.5,0.4,2.3,3.0,4.4,3.3,3.0,1.5,14.0,0.0,0.6,0.5,-39.5,-25.6,-8.7,-24.2,4.0,19.0,16.0,0.0,0.5,0.4,-37.9,-16.3,2.3,-17.7,4.0,24.3,16.0,0.0,0.5,0.4,0.6,0.8,0.94,0.77,3.0,0.25,18.0,0.0,0.5,0.5,2.4,3.4,4.9,3.7,3.0,1.8,18.0,0.0,0.5,0.5,4.53,4.53,4.53,4.53,1.0,0.0,10.0,0.0,0.4,0.9,30.4,30.4,30.4,30.4,1.0,0.0,10.0,0.0,0.4,0.9,-134.0,-60.3,-31.3,-82.1,3.0,77.6,18.0,0.0,0.5,0.5,-128.7,-48.9,4.7,-61.7,3.0,98.3,18.0,0.0,0.5,0.5,-108.6,-108.6,-108.6,-108.6,1.0,0.0,10.0,0.0,0.4,0.9,19.1,19.1,19.1,19.1,1.0,0.0,10.0,0.0,0.4,0.9,-29.9,-29.9,-29.9,-29.9,1.0,0.0,10.0,0.0,0.4,0.9,5.3,5.3,5.3,5.3,1.0,0.0,10.0,0.0,0.4,0.9,147.5,301.0,323.0,238.0,4.0,154.5,16.0,0.0,0.5,0.4,145.0,300.0,325.0,240.0,4.0,155.0,16.0,0.0,0.5,0.4
1974,2,280.0,13.0,25.44,25.8,26.47,25.95,4.0,0.7,16.0,0.3,0.5,0.5,25.39,25.6,25.91,25.65,4.0,0.41,16.0,0.3,0.5,0.5,15.25,15.81,16.38,15.81,4.0,0.65,16.0,0.3,0.5,0.5,75.4,76.9,78.9,77.2,4.0,2.5,16.0,0.3,0.5,5.53,8.75,11.19,8.38,4.0,4.05,16.0,0.3,0.5,0.5,-7.11,-4.74,-2.3,-4.71,4.0,2.77,16.0,0.3,0.5,0.5,-9.5,-5.04,-3.0,-6.19,4.0,4.64,16.0,0.3,0.5,0.5,1012.28,1013.95,1015.83,1014.05,4.0,2.74,16.0,0.3,0.5,0.5,3.0,4.0,6.1,4.5,4.0,2.5,16.0,0.3,0.5,0.5,-62.4,-43.6,-17.6,-40.2,4.0,27.1,16.0,0.3,0.5,0.5,-112.3,-44.6,-19.2,-64.8,4.0,69.1,16.0,0.3,0.5,0.5,-0.25,-0.1,0.89,0.3,4.0,0.94,16.0,0.3,0.5,0.5,-2.2,-0.9,2.8,0.2,4.0,3.5,16.0,0.3,0.5,0.5,4.12,4.96,6.14,5.12,4.0,1.36,16.0,0.3,0.5,0.5,25.5,36.5,56.3,40.7,4.0,20.5,16.0,0.3,0.5,0.5,-184.3,-120.8,-58.5,-121.4,4.0,72.6,16.0,0.3,0.5,0.5,-245.0,-130.8,-76.3,-159.3,4.0,118.9,16.0,0.3,0.5,0.5,-116.5,-76.2,-35.1,-75.8,4.0,46.9,16.0,0.3,0.5,0.5,-147.4,-82.4,-48.1,-97.1,4.0,69.5,16.0,0.3,0.5,0.5,-29.6,-21.2,-14.0,-21.8,4.0,9.5,16.0,0.3,0.5,0.5,-48.5,-21.3,-14.4,-30.9,4.0,25.1,16.0,0.3,0.5,0.5,278.0,678.0,1507.5,883.0,4.0,902.0,16.0,0.3,0.5,0.5,280.0,680.0,1510.0,885.0,4.0,900.0,16.0,0.3,0.5,0.5
1974,2,280.0,14.0,25.86,26.2,26.54,26.2,2.0,0.71,18.0,0.5,0.7,0.7,25.08,25.25,25.42,25.25,2.0,0.35,18.0,0.5,0.7,0.7,15.7,16.25,16.8,16.25,2.0,1.14,18.0,0.5,0.7,0.7,79.4,81.2,83.1,81.2,2.0,3.9,18.0,0.5,0.7,5.58,7.7,9.82,7.7,2.0,4.38,18.0,0.5,0.7,0.7,-7.21,-4.92,-2.64,-4.92,2.0,4.74,18.0,0.5,0.7,0.7,-6.53,-5.63,-4.74,-5.63,2.0,1.85,18.0,0.5,0.7,0.7,1014.95,1015.05,1015.15,1015.05,2.0,0.21,18.0,0.5,0.7,0.7,2.5,3.5,4.5,3.5,2.0,2.1,18.0,0.5,0.7,0.7,-76.3,-48.3,-20.3,-48.3,2.0,58.1,18.0,0.5,0.7,0.7,-66.2,-47.4,-28.6,-47.4,2.0,39.0,18.0,0.5,0.7,0.7,0.44,0.95,1.46,0.95,2.0,1.06,18.0,0.5,0.7,0.7,3.7,9.6,15.6,9.6,2.0,12.3,18.0,0.5,0.7,0.7,3.99,4.97,5.95,4.97,2.0,2.03,18.0,0.5,0.7,0.7,24.7,42.7,60.8,42.7,2.0,37.4,18.0,0.5,0.7,0.7,-180.4,-123.5,-66.6,-123.5,2.0,117.9,18.0,0.5,0.7,0.7,-163.5,-141.9,-120.3,-141.9,2.0,44.8,18.0,0.5,0.7,0.7,-111.8,-77.3,-42.9,-77.3,2.0,71.4,18.0,0.5,0.7,0.7,-101.9,-90.5,-79.0,-90.5,2.0,23.7,18.0,0.5,0.7,0.7,-45.5,-29.3,-13.1,-29.3,2.0,33.6,18.0,0.5,0.7,0.7,-39.9,-29.9,-19.9,-29.9,2.0,20.7,18.0,0.5,0.7,0.7,282.0,678.5,1075.0,678.5,2.0,822.0,18.0,0.5,0.7,0.7,280.0,680.0,1075.0,680.0,2.0,820.0,18.0,0.5,0.7,0.7
1974,2,280.0,15.0,,,,,,,,,,,,,,,,,,,,,,,,,,,,,,,,,,,,,,,,8.0,8.0,8.0,8.0,1.0,0.0,28.0,1.0,0.8,0.6,-2.74,-2.74,-2.74,-2.74,1.0,0.0,28.0,1.0,0.8,0.6,-7.52,-7.52,-7.52,-7.52,1.0,0.0,28.0,1.0,0.8,0.6,1015.9,1015.9,1015.9,1015.9,1.0,0.0,28.0,1.0,0.8,0.6,,,,,,,,,,,,,,,,,,,,,,,,,,,,,,,,,,,,,,,,,,,,,,,,,,,,,,,,,,,,,,,,,,,,,,,,,,,,,,,,,,,,,,,,,,,,,,,,,,,,,,,,,,,,,,,,,,,,,,,,,,,,,,,,,,,,,,,,,,,,,,,,,,,,,,
1974,2,280.0,16.0,25.89,26.2,26.7,26.26,5.0,0.44,16.0,0.0,0.7,0.5,24.06,25.1,26.05,25.02,5.0,1.19,16.0,0.0,0.7,0.5,14.98,15.54,15.66,15.33,4.0,0.56,12.0,0.0,0.8,0.5,75.4,80.1,82.1,78.8,4.0,4.4,12.0,0.0,0.5,4.6,7.2,12.33,8.26,5.0,3.98,16.0,0.0,0.7,0.5,-9.32,-4.63,-4.45,-6.66,5.0,3.36,16.0,0.0,0.7,0.5,-6.86,-4.41,-1.29,-4.3,5.0,3.36,16.0,0.0,0.7,0.5,1012.18,1014.7,1015.42,1013.92,5.0,1.94,16.0,0.0,0.7,0.5,1.6,4.0,5.7,3.8,5.0,2.4,16.0,0.0,0.7,0.5,-115.9,-33.3,-20.5,-64.6,5.0,59.4,16.0,0.0,0.7,0.5,-76.4,-39.7,-5.9,-43.6,5.0,43.5,16.0,0.0,0.7,0.5,0.03,0.6,2.64,1.24,5.0,1.51,16.0,0.0,0.7,0.5,0.5,2.8,22.4,11.4,5.0,18.6,16.0,0.0,0.7,0.5,5.4,5.95,6.76,6.08,4.0,0.95,12.0,0.0,0.8,0.5,25.6,34.9,69.4,46.9,4.0,32.8,12.0,0.0,0.8,0.5,-230.0,-121.7,-110.1,-164.7,5.0,75.8,16.0,0.0,0.7,0.5,-179.0,-102.8,-32.2,-109.0,5.0,87.8,16.0,0.0,0.7,0.5,-126.3,-71.5,-69.2,-96.5,4.0,52.9,12.0,0.0,0.8,0.5,-75.3,-44.2,-18.3,-46.6,4.0,34.0,12.0,0.0,0.8,0.5,-59.8,-27.3,-24.2,-41.3,4.0,31.9,12.0,0.0,0.8,0.5,-32.2,-19.9,-6.3,-19.3,4.0,14.9,12.0,0.0,0.8,0.5,97.5,373.0,1881.0,888.5,5.0,975.5,16.0,0.0,0.7,0.5,95.0,375.0,1880.0,890.0,5.0,975.0,16.0,0.0,0.7,0.5
1974,2,280.0,17.0,25.92,26.6,27.56,26.73,3.0,1.21,8.0,0.3,0.4,0.4,25.16,25.5,25.84,25.5,3.0,0.5,8.0,0.3,0.4,0.4,14.47,17.48,17.62,16.08,3.0,2.6,8.0,0.3,0.4,0.4,70.5,83.6,87.8,79.2,3.0,13.2,8.0,0.3,0.4,5.27,5.65,6.03,5.65,2.0,0.78,12.0,0.5,0.6,0.5,-5.71,-5.46,-5.22,-5.46,2.0,0.51,12.0,0.5,0.6,0.5,-1.78,-1.06,-0.34,-1.06,2.0,1.5,12.0,0.5,0.6,0.5,1013.09,1015.0,1015.34,1014.23,3.0,1.78,8.0,0.3,0.4,0.4,1.6,5.0,6.4,4.0,3.0,3.6,8.0,0.3,0.4,0.4,-34.5,-31.1,-27.6,-31.1,2.0,7.2,12.0,0.5,0.6,0.5,-11.1,-6.6,-2.1,-6.6,2.0,9.3,12.0,0.5,0.6,0.5,0.26,0.6,2.24,1.23,3.0,1.55,8.0,0.3,0.4,0.4,5.5,10.8,16.1,10.8,2.0,11.0,12.0,0.5,0.6,0.5,4.78,5.92,6.96,5.87,3.0,1.6,8.0,0.3,0.4,0.4,24.1,29.2,34.3,29.2,2.0,10.6,12.0,0.5,0.6,0.5,-143.6,-139.1,-134.7,-139.1,2.0,9.2,12.0,0.5,0.6,0.5,-44.6,-26.5,-8.4,-26.5,2.0,37.5,12.0,0.5,0.6,0.5,-100.8,-96.1,-91.3,-96.1,2.0,9.8,12.0,0.5,0.6,0.5,-31.5,-18.7,-6.0,-18.7,2.0,26.5,12.0,0.5,0.6,0.5,-32.5,-28.1,-23.7,-28.1,2.0,9.1,12.0,0.5,0.6,0.5,-10.6,-6.3,-2.0,-6.3,2.0,8.9,12.0,0.5,0.6,0.5,149.5,185.5,221.5,185.5,2.0,74.5,12.0,0.5,0.6,0.5,150.0,185.0,220.0,185.0,2.0,75.0,12.0,0.5,0.6,0.5
1974,2,280.0,18.0,25.75,26.6,27.0,26.41,16.0,0.72,16.0,0.4,0.6,0.5,24.0,25.2,27.51,25.58,17.0,1.75,16.0,0.4,0.7,0.5,14.31,16.45,17.14,16.14,13.0,1.44,16.0,0.4,0.6,0.5,72.9,78.2,87.0,78.9,13.0,8.0,16.0,0.4,0.5,2.45,5.1,6.5,5.31,18.0,2.58,16.0,0.4,0.7,0.5,-5.61,-4.51,-1.2,-3.76,18.0,2.56,16.0,0.4,0.7,0.5,-4.17,-0.52,1.96,-1.24,18.0,3.65,16.0,0.4,0.7,0.5,1013.72,1015.4,1017.25,1015.24,17.0,1.96,16.0,0.4,0.7,0.5,1.4,2.0,6.0,3.1,16.0,2.3,16.0,0.4,0.7,0.5,-37.9,-24.6,-2.2,-24.7,18.0,22.2,16.0,0.4,0.7,0.5,-22.2,-1.1,10.1,-10.6,18.0,34.0,16.0,0.4,0.7,0.5,-0.98,0.6,2.0,0.65,15.0,1.57,16.0,0.4,0.6,0.5,-5.5,2.7,11.2,4.8,15.0,13.8,16.0,0.4,0.6,0.5,4.05,5.43,6.27,5.38,13.0,1.56,16.0,0.4,0.6,0.5,12.0,27.0,46.5,30.2,13.0,25.3,16.0,0.4,0.6,0.5,-138.7,-116.8,-28.0,-95.6,17.0,70.8,16.0,0.4,0.7,0.5,-106.1,0.0,56.1,-24.4,17.0,88.6,16.0,0.4,0.7,0.5,-88.3,-75.0,-18.5,-64.1,13.0,40.3,16.0,0.4,0.6,0.5,-66.6,0.0,29.9,-19.5,13.0,54.8,16.0,0.4,0.6,0.5,-37.3,-17.1,-7.4,-21.5,13.0,16.6,16.0,0.4,0.6,0.5,-27.9,0.0,9.8,-10.5,13.0,27.1,16.0,0.4,0.6,0.5,15.0,132.5,279.0,261.5,18.0,423.0,16.0,0.4,0.7,0.5,15.0,135.0,280.0,260.0,18.0,425.0,16.0,0.4,0.7,0.5
1974,2,280.0,19.0,24.43,27.2,28.0,26.78,28.0,1.47,12.0,0.6,0.6,0.4,24.41,25.4,26.76,25.37,27.0,1.64,12.0,0.6,0.6,0.4,13.94,15.28,16.57,15.3,26.0,1.74,12.0,0.6,0.6,0.4,71.4,76.8,81.6,76.3,26.0,6.8,12.0,0.6,0.4,4.1,5.1,9.16,6.04,27.0,2.67,12.0,0.6,0.6,0.4,-6.42,-4.79,-1.43,-4.17,27.0,3.35,12.0,0.6,0.6,0.4,-6.18,-0.99,1.51,-1.74,27.0,3.54,12.0,0.6,0.6,0.4,1013.7,1015.1,1017.21,1015.61,28.0,2.16,12.0,0.6,0.6,0.4,0.1,3.0,4.9,2.5,27.0,1.9,12.0,0.6,0.6,0.4,-62.2,-24.4,-3.3,-30.7,27.0,30.5,12.0,0.6,0.6,0.4,-56.0,-4.5,7.2,-14.9,27.0,36.7,12.0,0.6,0.6,0.4,-0.45,1.4,2.89,1.33,27.0,1.6,12.0,0.6,0.6,0.4,-2.1,7.2,17.4,8.5,26.0,13.1,12.0,0.6,0.6,0.4,4.58,6.79,8.39,6.6,26.0,2.04,12.0,0.6,0.6,0.4,16.1,37.2,67.1,41.1,25.0,23.0,12.0,0.6,0.6,0.4,-174.3,-114.3,-33.3,-101.4,26.0,85.0,12.0,0.6,0.6,0.4,-153.2,-27.7,39.6,-44.5,26.0,87.7,12.0,0.6,0.6,0.4,-107.2,-67.6,-29.2,-66.1,25.0,48.6,12.0,0.6,0.6,0.4,-85.8,-15.1,24.2,-23.4,25.0,49.4,12.0,0.6,0.6,0.4,-44.6,-30.9,-10.0,-28.5,25.0,23.5,12.0,0.6,0.6,0.4,-36.3,-5.4,8.1,-12.5,25.0,27.0,12.0,0.6,0.6,0.4,69.0,132.5,772.5,360.0,27.0,494.5,12.0,0.6,0.6,0.4,70.0,135.0,770.0,360.0,27.0,495.0,12.0,0.6,0.6,0.4
1974,2,280.0,20.0,24.63,26.5,26.85,25.86,5.0,1.31,22.0,0.2,0.6,0.4,21.44,23.0,24.25,22.85,4.0,2.06,22.0,0.3,0.7,0.5,11.34,11.34,11.34,11.34,1.0,0.0,28.0,1.0,0.4,0.2,66.3,66.3,66.3,66.3,1.0,0.0,28.0,1.0,0.2,12.32,13.0,16.37,14.04,5.0,2.37,22.0,0.2,0.6,0.4,-12.64,-4.45,-0.01,-5.97,5.0,7.87,22.0,0.2,0.6,0.4,-12.42,-12.22,-5.66,-8.97,5.0,6.71,22.0,0.2,0.6,0.4,1017.94,1020.6,1021.21,1019.58,5.0,2.46,22.0,0.2,0.6,0.4,4.2,6.0,7.4,5.6,5.0,2.7,22.0,0.2,0.6,0.4,-208.4,-57.8,-2.4,-98.4,5.0,128.2,22.0,0.2,0.6,0.4,-175.7,-158.8,-57.8,-117.7,5.0,97.7,22.0,0.2,0.6,0.4,1.32,2.9,4.37,2.85,4.0,1.83,22.0,0.3,0.7,0.5,22.1,41.3,56.6,39.5,4.0,21.6,22.0,0.3,0.7,0.5,10.39,10.39,10.39,10.39,1.0,0.0,28.0,1.0,0.4,0.2,134.0,134.0,134.0,134.0,1.0,0.0,28.0,1.0,0.4,0.2,-334.6,-164.2,-69.5,-200.3,4.0,168.4,22.0,0.3,0.7,0.5,-287.1,-265.6,-78.5,-186.6,4.0,175.0,22.0,0.3,0.7,0.5,-25.4,-25.4,-25.4,-25.4,1.0,0.0,28.0,1.0,0.4,0.2,-144.1,-144.1,-144.1,-144.1,1.0,0.0,28.0,1.0,0.4,0.2,-23.3,-23.3,-23.3,-23.3,1.0,0.0,28.0,1.0,0.4,0.2,-132.0,-132.0,-132.0,-132.0,1.0,0.0,28.0,1.0,0.4,0.2,1889.5,2197.0,4394.5,2959.0,5.0,1470.5,22.0,0.2,0.6,0.4,1890.0,2195.0,4395.0,2960.0,5.0,1470.0,22.0,0.2,0.6,0.4
1974,2,280.0,21.0,,,,,,,,,,,,,,,,,,,,,,,,,,,,,,,,,,,,,,,,4.95,7.0,9.05,7.0,2.0,4.24,12.0,1.0,0.4,0.1,-8.83,-6.66,-4.48,-6.66,2.0,4.51,12.0,1.0,0.4,0.1,-1.14,0.13,1.41,0.13,2.0,2.64,12.0,1.0,0.4,0.1,1014.07,1015.3,1016.53,1015.3,2.0,2.55,12.0,1.0,0.4,0.1,,,,,,,,,,,,,,,,,,,,,,,,,,,,,,,,,,,,,,,,,,,,,,,,,,,,,,,,,,,,,,,,,,,,,,,,,,,,,,,,,,,,,,,,,,,,,,,,,,,,,,,,,,,,,,,,,,,,,,,,,,,,,,,,,,,,,,,,,,,,,,,,,,,,,,
1974,2,280.0,22.0,24.23,25.2,27.12,25.6,11.0,1.49,10.0,0.6,0.7,0.8,22.42,23.7,24.74,23.64,11.0,1.59,10.0,0.6,0.7,0.8,11.11,15.38,16.57,14.05,7.0,2.96,14.0,0.7,0.7,0.7,71.4,79.2,82.9,76.3,7.0,10.4,14.0,0.7,0.7,2.59,5.1,7.91,5.29,11.0,3.79,10.0,0.6,0.7,0.8,-6.3,-2.82,1.16,-2.8,11.0,5.23,10.0,0.6,0.7,0.8,-1.99,-0.68,1.47,-0.86,11.0,2.9,10.0,0.6,0.7,0.8,1014.78,1016.0,1020.25,1017.05,11.0,2.65,10.0,0.6,0.7,0.8,1.2,4.0,6.8,4.0,11.0,2.9,10.0,0.6,0.7,0.8,-42.9,-9.0,3.5,-26.3,11.0,60.1,10.0,0.6,0.7,0.8,-10.8,-1.4,7.0,-5.6,11.0,22.3,10.0,0.6,0.7,0.8,0.09,2.0,3.34,1.96,11.0,1.71,10.0,0.6,0.7,0.8,-0.2,9.3,25.4,11.6,11.0,11.1,10.0,0.6,0.7,0.8,5.61,6.75,7.92,6.87,7.0,2.49,14.0,0.7,0.7,0.7,20.0,35.4,45.4,31.4,7.0,18.2,14.0,0.7,0.7,0.7,-154.9,-67.7,28.2,-64.6,11.0,125.8,10.0,0.6,0.7,0.8,-44.8,-15.5,33.8,-18.2,11.0,66.1,10.0,0.6,0.7,0.8,-48.7,-18.8,4.8,-21.4,7.0,67.5,14.0,0.7,0.7,0.7,-40.1,-6.3,17.7,-15.0,7.0,48.0,14.0,0.7,0.7,0.7,-30.8,-19.7,1.7,-12.7,7.0,25.0,14.0,0.7,0.7,0.7,-26.7,-6.2,7.6,-10.2,7.0,23.4,14.0,0.7,0.7,0.7,19.0,132.5,495.5,397.5,11.0,781.5,10.0,0.6,0.7,0.8,20.0,135.0,495.0,395.0,11.0,780.0,10.0,0.6,0.7,0.8
1974,2,280.0,23.0,24.0,25.4,26.0,25.1,54.0,1.28,16.0,0.6,0.4,0.4,22.27,24.3,25.14,23.92,55.0,1.79,16.0,0.6,0.4,0.4,12.03,15.37,16.81,14.75,36.0,2.65,18.0,0.5,0.4,0.4,71.5,81.8,87.6,80.5,36.0,9.9,18.0,0.5,0.4,3.17,7.0,10.3,6.95,46.0,3.16,16.0,0.5,0.4,0.4,-9.28,-6.1,-0.14,-5.02,46.0,4.68,16.0,0.5,0.4,0.4,0.0,1.14,3.51,1.14,46.0,3.22,16.0,0.5,0.4,0.4,1015.0,1018.0,1020.61,1017.99,47.0,3.05,16.0,0.5,0.4,0.4,2.0,5.0,7.0,4.5,52.0,2.2,16.0,0.6,0.4,0.4,-92.2,-38.4,-0.3,-43.8,46.0,51.7,16.0,0.5,0.4,0.4,0.0,3.6,27.0,8.0,46.0,31.3,16.0,0.5,0.4,0.4,-0.26,1.05,2.4,1.17,54.0,1.81,16.0,0.6,0.4,0.4,-2.2,6.2,14.4,9.0,45.0,16.8,16.0,0.5,0.4,0.4,3.21,5.03,7.54,4.95,36.0,2.33,18.0,0.5,0.4,0.4,12.5,29.8,48.3,35.4,36.0,31.3,18.0,0.5,0.4,0.4,-225.5,-143.2,-3.5,-118.7,46.0,108.2,16.0,0.5,0.4,0.4,0.0,29.6,82.6,29.7,46.0,75.5,16.0,0.5,0.4,0.4,-125.9,-83.6,16.0,-62.6,36.0,70.0,18.0,0.5,0.4,0.4,0.0,21.0,57.7,24.1,36.0,50.1,18.0,0.5,0.4,0.4,-45.8,-27.3,2.3,-27.7,36.0,34.5,18.0,0.5,0.4,0.4,-0.4,5.2,14.4,3.2,36.0,16.9,18.0,0.5,0.4,0.4,32.0,343.0,1092.5,546.0,46.0,624.5,16.0,0.5,0.4,0.4,30.0,345.0,1095.0,545.0,46.0,625.0,16.0,0.5,0.4,0.4
1974,2,280.0,24.0,22.9,24.7,26.07,24.71,10.0,1.86,16.0,0.4,0.5,0.5,23.09,24.1,24.74,23.91,10.0,1.5,16.0,0.4,0.5,0.5,14.7,15.5,17.95,15.41,9.0,2.91,18.0,0.3,0.5,0.5,76.4,84.8,93.1,83.2,9.0,12.0,18.0,0.3,0.5,3.24,6.7,7.49,5.92,10.0,2.24,16.0,0.4,0.5,0.5,-6.44,-4.17,-0.19,-3.47,10.0,3.06,16.0,0.4,0.5,0.5,-3.78,0.48,5.35,0.72,10.0,4.55,16.0,0.4,0.5,0.5,1012.67,1014.35,1019.74,1015.83,10.0,3.62,16.0,0.4,0.5,0.5,2.0,4.5,6.6,4.3,10.0,2.3,16.0,0.4,0.5,0.5,-44.6,-22.8,-0.5,-24.7,10.0,23.1,16.0,0.4,0.5,0.5,-23.4,0.7,37.4,3.2,10.0,34.1,16.0,0.4,0.5,0.5,-0.66,0.35,2.4,0.8,10.0,2.0,16.0,0.4,0.5,0.5,-3.3,2.5,17.9,5.1,10.0,11.7,16.0,0.4,0.5,0.5,2.04,2.8,7.31,3.95,9.0,2.82,18.0,0.3,0.5,0.5,12.8,18.7,39.8,25.9,9.0,22.2,18.0,0.3,0.5,0.5,-148.0,-101.8,-5.1,-80.1,10.0,69.9,16.0,0.4,0.5,0.5,-88.1,11.7,128.4,21.3,10.0,107.1,16.0,0.4,0.5,0.5,-85.2,-61.8,-2.0,-46.2,9.0,46.5,18.0,0.3,0.5,0.5,-52.0,31.1,83.9,22.0,9.0,72.3,18.0,0.3,0.5,0.5,-32.5,-13.0,-0.9,-17.7,9.0,19.0,18.0,0.3,0.5,0.5,-25.2,-0.4,15.2,-4.1,9.0,22.6,18.0,0.3,0.5,0.5,39.5,301.0,421.0,284.5,10.0,242.0,16.0,0.4,0.5,0.5,40.0,300.0,420.0,285.0,10.0,240.0,16.0,0.4,0.5,0.5
1974,2,280.0,25.0,22.7,24.5,25.6,24.34,35.0,1.52,16.0,0.5,0.3,0.6,20.2,22.9,24.8,22.43,35.0,2.58,16.0,0.5,0.3,0.6,8.96,12.47,17.38,12.68,30.0,3.52,16.0,0.5,0.3,0.6,58.3,71.5,84.5,72.4,30.0,12.6,16.0,0.5,0.6,3.6,6.2,12.7,7.18,33.0,3.74,16.0,0.5,0.3,0.6,-5.07,-2.31,2.4,-1.49,33.0,4.09,16.0,0.5,0.3,0.6,-9.88,0.0,4.76,-1.91,33.0,6.66,16.0,0.5,0.3,0.6,1013.9,1020.0,1022.62,1018.87,35.0,4.67,16.0,0.5,0.3,0.6,2.0,3.0,7.0,3.9,35.0,2.3,16.0,0.5,0.3,0.6,-31.8,-8.3,19.7,-9.3,33.0,41.2,16.0,0.5,0.3,0.6,-125.8,0.0,24.7,-28.5,33.0,75.4,16.0,0.5,0.3,0.6,-0.66,1.9,3.74,1.91,35.0,2.58,16.0,0.5,0.3,0.6,-3.0,9.7,42.5,18.5,33.0,29.9,16.0,0.5,0.3,0.6,2.92,6.53,9.07,5.99,30.0,3.31,16.0,0.5,0.3,0.6,9.0,32.0,84.5,42.7,29.0,36.0,16.0,0.5,0.3,0.6,-116.7,-44.3,47.8,-31.6,33.0,89.9,16.0,0.5,0.3,0.6,-192.6,0.0,116.2,-30.1,33.0,140.6,16.0,0.5,0.3,0.6,-55.5,-30.6,27.8,-11.9,29.0,50.3,16.0,0.5,0.3,0.6,-83.0,0.0,83.2,-6.8,29.0,75.8,16.0,0.5,0.3,0.6,-44.0,-5.2,11.6,-14.4,29.0,32.1,16.0,0.5,0.3,0.6,-66.2,-1.0,10.5,-19.2,29.0,39.4,16.0,0.5,0.3,0.6,46.5,238.5,2064.0,689.0,33.0,920.0,16.0,0.5,0.3,0.6,45.0,240.0,2065.0,690.0,33.0,920.0,16.0,0.5,0.3,0.6
1974,2,280.0,26.0,23.3,24.8,26.0,24.62,72.0,1.35,16.0,0.5,0.4,0.4,17.42,21.7,24.73,21.12,75.0,3.48,16.0,0.5,0.4,0.4,7.16,10.1,14.45,10.76,65.0,3.36,16.0,0.5,0.4,0.4,56.2,68.6,80.9,68.9,65.0,15.0,16.0,0.5,0.4,4.05,7.45,10.3,7.17,76.0,3.43,16.0,0.5,0.4,0.4,-4.96,0.0,5.13,-0.3,76.0,4.89,16.0,0.5,0.4,0.4,-7.93,-1.87,4.06,-1.7,76.0,6.07,16.0,0.5,0.4,0.4,1015.2,1020.1,1022.7,1019.79,77.0,4.05,16.0,0.5,0.4,0.4,1.0,5.0,7.1,4.6,76.0,2.6,16.0,0.5,0.4,0.4,-34.1,0.0,39.3,-0.2,76.0,47.0,16.0,0.5,0.4,0.4,-81.3,-4.2,24.6,-18.6,76.0,66.6,16.0,0.5,0.4,0.4,-0.1,3.2,7.21,3.58,70.0,3.48,16.0,0.5,0.4,0.4,-0.5,14.3,64.5,30.4,69.0,40.7,16.0,0.5,0.4,0.4,5.36,8.67,11.85,8.33,61.0,3.55,16.0,0.5,0.4,0.4,27.4,53.4,103.5,64.9,60.0,44.9,16.0,0.5,0.4,0.4,-114.8,0.0,97.4,-11.9,74.0,101.8,16.0,0.5,0.4,0.4,-149.7,-41.5,91.3,-23.1,74.0,124.0,16.0,0.5,0.4,0.4,-58.9,0.0,53.4,-5.3,64.0,57.7,16.0,0.5,0.4,0.4,-72.2,-24.2,50.1,-13.3,64.0,63.5,16.0,0.5,0.4,0.4,-41.4,0.0,35.8,-2.8,60.0,45.0,16.0,0.5,0.4,0.4,-90.3,-14.0,21.9,-26.4,60.0,59.6,16.0,0.5,0.4,0.4,67.0,415.0,1092.5,629.0,76.0,796.0,16.0,0.5,0.4,0.4,65.0,415.0,1095.0,630.0,76.0,795.0,16.0,0.5,0.4,0.4
1974,2,280.0,27.0,23.4,25.0,26.0,24.75,76.0,1.3,14.0,0.5,0.4,0.5,17.04,21.0,23.88,20.61,78.0,3.22,14.0,0.5,0.4,0.5,7.56,9.77,14.49,10.76,69.0,3.21,14.0,0.4,0.4,0.5,56.1,70.5,84.5,70.6,70.0,14.0,14.0,0.4,0.5,4.1,7.7,12.86,7.82,77.0,4.09,14.0,0.5,0.4,0.5,-1.99,1.74,6.59,1.81,77.0,5.41,14.0,0.5,0.4,0.5,-8.29,-1.4,4.09,-2.07,77.0,6.46,14.0,0.5,0.4,0.5,1014.32,1019.2,1022.98,1018.76,77.0,4.52,14.0,0.5,0.4,0.5,1.0,4.0,8.0,4.3,76.0,2.6,14.0,0.4,0.4,0.5,-10.8,9.6,74.7,20.9,77.0,62.4,14.0,0.5,0.4,0.5,-85.1,-4.3,24.7,-27.8,77.0,81.0,14.0,0.5,0.4,0.5,1.79,4.0,7.84,4.24,76.0,2.9,14.0,0.5,0.4,0.5,6.3,25.0,61.3,36.5,75.0,37.9,14.0,0.5,0.4,0.5,6.17,8.65,11.65,8.57,67.0,2.98,14.0,0.4,0.4,0.5,24.5,61.4,115.0,68.6,66.0,44.5,14.0,0.4,0.4,0.5,-49.6,37.5,120.0,33.6,77.0,111.8,14.0,0.5,0.4,0.5,-165.1,-28.9,99.4,-29.0,77.0,128.2,14.0,0.5,0.4,0.5,-34.5,14.0,67.4,20.5,68.0,60.5,14.0,0.4,0.4,0.5,-75.2,-11.1,56.5,-10.1,68.0,68.9,14.0,0.4,0.4,0.5,-24.1,12.1,58.7,13.2,66.0,53.4,14.0,0.4,0.4,0.5,-76.1,-9.5,23.8,-25.5,66.0,55.4,14.0,0.4,0.4,0.5,69.0,456.5,2129.0,898.0,77.0,1237.5,14.0,0.5,0.4,0.5,70.0,455.0,2130.0,900.0,77.0,1235.0,14.0,0.5,0.4,0.5
1974,2,280.0,28.0,23.3,25.1,26.12,24.87,63.0,1.88,14.0,0.5,0.5,0.5,16.4,19.0,24.0,19.54,64.0,3.68,14.0,0.5,0.5,0.4,6.77,10.31,14.5,10.34,57.0,3.32,14.0,0.6,0.5,0.4,54.3,70.6,84.0,70.5,57.0,14.1,14.0,0.6,0.4,4.73,8.75,12.9,8.68,66.0,4.28,14.0,0.5,0.5,0.4,-4.24,3.4,7.52,2.42,66.0,5.78,14.0,0.5,0.5,0.4,-9.89,-3.47,2.29,-3.24,66.0,6.7,14.0,0.5,0.5,0.4,1014.23,1019.6,1022.77,1019.1,66.0,4.66,14.0,0.5,0.5,0.4,1.0,5.0,7.0,4.3,64.0,2.6,14.0,0.5,0.5,0.4,-25.1,21.9,84.6,30.1,66.0,70.2,14.0,0.5,0.5,0.4,-121.0,-19.9,9.9,-42.2,66.0,89.0,14.0,0.5,0.5,0.4,1.37,5.5,9.08,5.34,62.0,3.63,14.0,0.5,0.5,0.4,7.5,37.2,111.1,51.8,62.0,51.4,14.0,0.5,0.5,0.4,5.69,8.87,13.7,9.23,56.0,3.63,14.0,0.6,0.5,0.4,23.4,69.1,137.4,83.7,56.0,61.2,14.0,0.6,0.5,0.4,-90.9,68.0,132.8,41.4,64.0,110.7,14.0,0.5,0.5,0.4,-168.0,-57.3,50.4,-46.9,64.0,131.6,14.0,0.5,0.5,0.4,-53.4,28.8,70.7,18.1,57.0,58.6,14.0,0.6,0.5,0.4,-80.6,-26.5,25.8,-19.8,57.0,68.6,14.0,0.6,0.5,0.4,-24.8,23.6,79.9,22.1,56.0,58.1,14.0,0.6,0.5,0.4,-107.3,-23.6,13.7,-44.0,56.0,70.9,14.0,0.6,0.5,0.4,106.0,678.0,2146.5,1142.0,66.0,1451.5,14.0,0.5,0.5,0.4,105.0,680.0,2145.0,1140.0,66.0,1450.0,14.0,0.5,0.5,0.4
1974,2,280.0,29.0,24.4,25.6,26.2,25.29,47.0,1.31,14.0,0.5,0.4,0.4,13.77,20.5,23.35,19.75,49.0,4.41,14.0,0.5,0.4,0.4,6.09,9.26,13.52,9.83,41.0,3.42,14.0,0.5,0.3,0.4,55.6,66.8,79.4,67.1,42.0,12.7,14.0,0.5,0.4,3.53,7.7,12.9,8.31,49.0,4.87,14.0,0.5,0.4,0.4,-1.7,1.74,8.29,2.59,49.0,5.14,14.0,0.5,0.4,0.4,-9.56,-1.0,3.31,-2.21,49.0,7.48,14.0,0.5,0.4,0.4,1012.64,1018.65,1023.61,1018.34,48.0,5.36,14.0,0.5,0.4,0.4,2.0,5.0,7.0,4.7,49.0,2.4,14.0,0.5,0.4,0.4,-6.1,8.9,106.4,30.5,49.0,57.6,14.0,0.5,0.4,0.4,-107.0,-1.0,22.7,-30.0,49.0,111.9,14.0,0.5,0.4,0.4,2.0,5.2,10.28,5.74,47.0,4.11,14.0,0.5,0.4,0.4,5.9,35.3,123.4,57.9,47.0,63.9,14.0,0.5,0.4,0.4,7.53,10.52,13.04,10.38,40.0,2.88,14.0,0.5,0.3,0.3,23.0,66.5,159.7,86.9,40.0,63.8,14.0,0.5,0.3,0.3,-32.8,48.3,133.9,48.0,49.0,104.7,14.0,0.5,0.4,0.4,-155.0,-22.6,78.9,-20.8,49.0,132.5,14.0,0.5,0.4,0.4,-14.9,6.6,68.8,18.2,41.0,53.3,14.0,0.5,0.3,0.4,-75.6,-23.9,54.4,-9.8,41.0,73.4,14.0,0.5,0.3,0.4,-21.7,4.0,58.7,12.6,40.0,48.6,14.0,0.5,0.3,0.3,-117.2,-29.3,19.4,-37.4,40.0,88.6,14.0,0.5,0.3,0.3,49.5,456.5,2146.5,1198.0,49.0,1777.5,14.0,0.5,0.4,0.4,50.0,455.0,2145.0,1200.0,49.0,1775.0,14.0,0.5,0.4,0.4
1974,2,280.0,30.0,24.4,25.0,26.08,25.1,78.0,1.1,14.0,0.6,0.4,0.5,13.0,18.9,23.23,18.19,78.0,4.62,14.0,0.6,0.4,0.5,5.63,8.2,12.82,8.89,74.0,3.21,14.0,0.6,0.4,0.5,56.3,66.8,81.0,67.1,74.0,13.3,14.0,0.6,0.5,5.1,10.05,12.9,9.44,78.0,4.03,14.0,0.6,0.4,0.5,-3.86,4.7,7.9,3.45,78.0,5.86,14.0,0.6,0.4,0.5,-10.62,-2.74,4.83,-2.71,78.0,7.26,14.0,0.6,0.4,0.5,1013.65,1019.4,1023.0,1018.91,79.0,5.81,14.0,0.5,0.4,0.5,1.9,6.0,7.0,4.5,76.0,2.7,14.0,0.6,0.4,0.5,-28.3,43.7,97.1,43.9,78.0,75.6,14.0,0.6,0.4,0.5,-125.8,-12.4,37.7,-35.8,78.0,93.5,14.0,0.6,0.4,0.5,2.2,6.8,11.48,7.0,77.0,4.42,14.0,0.6,0.4,0.5,13.7,48.2,148.2,71.8,77.0,62.3,14.0,0.6,0.4,0.5,7.49,11.52,13.75,10.98,74.0,3.12,14.0,0.6,0.4,0.5,49.3,102.1,152.0,105.2,74.0,55.3,14.0,0.6,0.4,0.5,-66.3,76.6,148.0,59.6,78.0,114.3,14.0,0.6,0.4,0.5,-143.0,-52.7,111.9,-23.6,78.0,127.1,14.0,0.6,0.4,0.5,-31.8,33.1,74.5,30.9,74.0,65.1,14.0,0.6,0.4,0.5,-67.2,-18.8,57.0,-8.0,74.0,63.5,14.0,0.6,0.4,0.5,-39.7,45.9,97.7,37.5,74.0,64.9,14.0,0.6,0.4,0.5,-129.7,-35.5,39.3,-43.7,74.0,81.9,14.0,0.6,0.4,0.5,132.5,1017.0,2146.5,1302.0,78.0,1444.0,14.0,0.6,0.4,0.5,135.0,1015.0,2145.0,1300.0,78.0,1445.0,14.0,0.6,0.4,0.5
1974,2,280.0,31.0,20.0,24.45,26.11,23.87,32.0,2.73,16.0,0.5,0.6,0.3,11.02,16.05,21.79,16.31,34.0,5.09,16.0,0.5,0.6,0.3,4.69,6.38,11.58,7.64,30.0,3.33,16.0,0.5,0.6,0.3,48.0,58.9,71.6,61.6,31.0,13.2,16.0,0.5,0.3,3.18,7.7,13.82,8.49,33.0,4.86,16.0,0.5,0.6,0.3,-2.58,3.14,9.13,3.15,33.0,6.42,16.0,0.5,0.6,0.3,-10.02,-2.44,2.57,-2.5,33.0,6.32,16.0,0.5,0.6,0.3,1010.7,1019.0,1027.32,1019.17,33.0,8.71,14.0,0.5,0.6,0.3,2.0,4.0,7.0,4.1,33.0,2.4,16.0,0.5,0.6,0.3,-10.3,17.7,103.9,34.8,33.0,93.5,16.0,0.5,0.6,0.3,-101.8,-6.4,17.8,-31.5,33.0,96.4,16.0,0.5,0.6,0.3,2.17,5.95,12.52,7.38,32.0,4.86,16.0,0.5,0.6,0.3,12.0,46.0,131.9,67.3,31.0,59.7,16.0,0.5,0.6,0.3,7.46,11.57,14.19,10.84,30.0,3.64,16.0,0.5,0.6,0.3,30.7,71.2,162.9,93.1,29.0,64.0,16.0,0.5,0.6,0.3,-49.5,35.7,153.1,53.0,33.0,110.3,16.0,0.5,0.6,0.3,-97.5,-42.0,32.1,-29.5,33.0,96.1,16.0,0.5,0.6,0.3,-21.4,15.3,80.0,29.7,29.0,61.6,16.0,0.5,0.6,0.3,-44.8,-17.3,18.4,-12.2,29.0,48.6,16.0,0.5,0.6,0.3,-27.3,19.5,84.6,30.1,29.0,76.4,16.0,0.5,0.6,0.3,-100.2,-23.2,30.4,-31.5,29.0,72.6,16.0,0.5,0.6,0.3,33.0,456.5,2643.5,1280.5,33.0,2138.0,16.0,0.5,0.6,0.3,35.0,455.0,2645.0,1280.0,33.0,2140.0,16.0,0.5,0.6,0.3
1974,2,280.0,32.0,15.6,17.2,18.3,17.35,21.0,2.33,14.0,0.5,0.7,0.4,10.0,16.1,19.6,15.5,25.0,4.89,14.0,0.5,0.7,0.3,5.85,8.32,11.28,8.25,22.0,2.85,14.0,0.5,0.7,0.3,58.5,72.5,83.4,71.8,22.0,11.5,14.0,0.5,0.3,1.5,5.1,10.3,6.05,25.0,4.14,14.0,0.5,0.7,0.3,0.0,2.3,5.98,2.92,25.0,3.94,14.0,0.5,0.7,0.3,-7.74,0.0,3.61,-0.5,25.0,5.52,14.0,0.5,0.7,0.3,1010.83,1018.0,1021.13,1017.4,25.0,5.86,14.0,0.5,0.7,0.3,0.0,2.0,8.0,3.2,24.0,3.3,14.0,0.5,0.7,0.3,0.0,8.3,59.1,27.0,25.0,49.2,14.0,0.5,0.7,0.3,-69.9,0.0,19.9,-6.5,25.0,56.8,14.0,0.5,0.7,0.3,-2.1,1.1,7.78,2.19,21.0,4.43,14.0,0.5,0.7,0.4,-10.0,4.0,78.9,20.9,21.0,37.7,14.0,0.5,0.7,0.4,1.8,3.94,7.35,4.37,21.0,2.89,14.0,0.5,0.7,0.4,2.2,17.8,68.9,28.9,21.0,31.0,14.0,0.5,0.7,0.4,0.0,36.1,83.8,42.3,25.0,58.9,14.0,0.5,0.7,0.3,-60.0,0.0,64.3,10.1,25.0,77.5,14.0,0.5,0.7,0.3,0.0,13.3,38.1,18.3,22.0,27.7,14.0,0.5,0.7,0.3,-34.8,0.0,38.5,7.6,22.0,50.2,14.0,0.5,0.7,0.3,0.0,5.8,30.3,13.7,21.0,24.0,14.0,0.5,0.7,0.4,-49.0,0.0,11.2,-10.3,21.0,30.9,14.0,0.5,0.7,0.4,3.5,132.5,1092.5,545.5,25.0,836.5,14.0,0.5,0.7,0.3,5.0,135.0,1095.0,545.0,25.0,835.0,14.0,0.5,0.7,0.3
1974,2,280.0,42.0,0.0,0.0,0.0,0.0,4.0,0.0,20.0,0.5,0.4,0.6,-0.53,0.3,1.13,0.3,4.0,1.23,20.0,0.5,0.4,0.6,3.09,3.29,3.38,3.24,4.0,0.2,20.0,0.5,0.4,0.6,82.4,85.4,86.4,84.4,4.0,3.1,20.0,0.5,0.6,8.39,11.05,11.56,10.03,4.0,2.58,20.0,0.5,0.4,0.6,5.94,10.62,11.11,8.62,4.0,4.36,20.0,0.5,0.4,0.6,2.79,3.86,4.97,3.88,4.0,1.58,20.0,0.5,0.4,0.6,1018.03,1020.65,1024.37,1021.18,4.0,4.29,20.0,0.5,0.4,0.6,1.0,2.0,4.6,2.8,4.0,3.0,20.0,0.5,0.4,0.6,59.1,117.7,128.4,94.8,4.0,55.2,20.0,0.5,0.4,0.6,28.8,38.0,43.9,36.5,4.0,10.7,20.0,0.5,0.4,0.6,-1.13,-0.3,0.53,-0.3,4.0,1.23,20.0,0.5,0.4,0.6,-11.4,-2.4,6.3,-2.5,4.0,13.7,20.0,0.5,0.4,0.6,0.36,0.45,0.67,0.51,4.0,0.21,20.0,0.5,0.4,0.6,3.0,4.7,7.8,5.4,4.0,3.1,20.0,0.5,0.4,0.6,-6.6,1.5,10.6,2.0,4.0,12.9,20.0,0.5,0.4,0.6,-2.4,1.4,4.6,1.1,4.0,4.8,20.0,0.5,0.4,0.6,19.3,33.7,35.4,27.6,4.0,13.8,20.0,0.5,0.4,0.6,9.0,12.3,16.2,12.6,4.0,5.4,20.0,0.5,0.4,0.6,2.1,4.6,7.4,4.7,4.0,3.5,20.0,0.5,0.4,0.6,1.1,1.8,2.8,1.9,4.0,1.0,20.0,0.5,0.4,0.6,724.5,1351.5,1547.5,1146.0,4.0,625.0,20.0,0.5,0.4,0.6,725.0,1350.0,1550.0,1145.0,4.0,625.0,20.0,0.5,0.4,0.6
1974,2,280.0,44.0,0.0,0.1,0.2,0.1,6.0,0.11,6.0,0.8,0.1,0.7,-16.1,-14.4,-10.7,-13.37,20.0,2.89,6.0,0.6,0.1,0.7,0.85,1.0,1.4,1.09,20.0,0.3,6.0,0.6,0.1,0.7,71.3,81.5,86.6,79.7,20.0,8.8,6.0,0.6,0.7,0.0,2.6,6.2,3.24,23.0,2.78,6.0,0.6,0.1,0.7,-1.28,0.0,3.53,0.79,23.0,2.45,6.0,0.6,0.1,0.7,-5.44,-0.96,0.0,-2.19,23.0,2.65,6.0,0.6,0.1,0.7,1019.95,1024.3,1029.35,1023.91,23.0,4.89,6.0,0.6,0.1,0.7,0.0,0.0,7.0,2.4,23.0,3.1,6.0,0.6,0.1,0.7,-4.4,0.0,19.4,5.7,23.0,14.5,6.0,0.6,0.1,0.7,-35.6,-4.5,0.0,-13.1,23.0,20.0,6.0,0.6,0.1,0.7,12.23,15.6,16.12,14.53,6.0,2.3,6.0,0.8,0.1,0.7,0.0,11.6,46.3,21.5,6.0,26.9,6.0,0.8,0.1,0.7,2.77,2.82,2.93,2.84,6.0,0.16,6.0,0.8,0.1,0.7,0.0,2.1,9.4,4.5,6.0,5.9,6.0,0.8,0.1,0.7,-40.0,0.0,17.3,-9.1,20.0,28.7,6.0,0.6,0.1,0.7,0.0,10.9,89.4,30.5,20.0,39.2,6.0,0.6,0.1,0.7,-1.1,0.0,3.6,1.2,20.0,3.4,6.0,0.6,0.1,0.7,-4.3,-1.2,0.0,-2.2,20.0,2.5,6.0,0.6,0.1,0.7,-0.7,0.0,1.5,0.7,6.0,3.5,6.0,0.8,0.1,0.7,-9.0,-1.4,0.0,-3.9,6.0,5.3,6.0,0.8,0.1,0.7,0.0,17.5,238.5,114.0,23.0,177.5,6.0,0.6,0.1,0.7,0.0,20.0,240.0,115.0,23.0,175.0,6.0,0.6,0.1,0.7
1974,2,281.0,-59.0,,,,,,,,,,,,,,,,,,,,,,,,,,,,,,,,,,,,,,,,16.0,16.0,16.0,16.0,1.0,0.0,24.0,1.0,0.1,0.1,16.0,16.0,16.0,16.0,1.0,0.0,24.0,1.0,0.1,0.1,0.0,0.0,0.0,0.0,1.0,0.0,24.0,1.0,0.1,0.1,981.9,981.9,981.9,981.9,1.0,0.0,24.0,1.0,0.1,0.1,,,,,,,,,,,,,,,,,,,,,,,,,,,,,,,,,,,,,,,,,,,,,,,,,,,,,,,,,,,,,,,,,,,,,,,,,,,,,,,,,,,,,,,,,,,,,,,,,,,,,,,,,,,,,,,,,,,,,,,,,,,,,,,,,,,,,,,,,,,,,,,,,,,,,,
1974,2,281.0,-57.0,7.3,7.3,7.3,7.3,1.0,0.0,28.0,1.0,0.6,0.5,6.8,6.8,6.8,6.8,1.0,0.0,28.0,1.0,0.6,0.5,5.44,5.44,5.44,5.44,1.0,0.0,28.0,1.0,0.6,0.5,87.1,87.1,87.1,87.1,1.0,0.0,28.0,1.0,0.5,12.3,12.3,12.3,12.3,1.0,0.0,28.0,1.0,0.6,0.5,12.11,12.11,12.11,12.11,1.0,0.0,28.0,1.0,0.6,0.5,-2.14,-2.14,-2.14,-2.14,1.0,0.0,28.0,1.0,0.6,0.5,991.3,991.3,991.3,991.3,1.0,0.0,28.0,1.0,0.6,0.5,3.0,3.0,3.0,3.0,1.0,0.0,28.0,1.0,0.6,0.5,149.0,149.0,149.0,149.0,1.0,0.0,28.0,1.0,0.6,0.5,-26.3,-26.3,-26.3,-26.3,1.0,0.0,28.0,1.0,0.6,0.5,0.5,0.5,0.5,0.5,1.0,0.0,28.0,1.0,0.6,0.5,6.2,6.2,6.2,6.2,1.0,0.0,28.0,1.0,0.6,0.5,1.03,1.03,1.03,1.03,1.0,0.0,28.0,1.0,0.6,0.5,12.7,12.7,12.7,12.7,1.0,0.0,28.0,1.0,0.6,0.5,82.4,82.4,82.4,82.4,1.0,0.0,28.0,1.0,0.6,0.5,-14.5,-14.5,-14.5,-14.5,1.0,0.0,28.0,1.0,0.6,0.5,65.9,65.9,65.9,65.9,1.0,0.0,28.0,1.0,0.6,0.5,-11.6,-11.6,-11.6,-11.6,1.0,0.0,28.0,1.0,0.6,0.5,12.5,12.5,12.5,12.5,1.0,0.0,28.0,1.0,0.6,0.5,-2.2,-2.2,-2.2,-2.2,1.0,0.0,28.0,1.0,0.6,0.5,1861.0,1861.0,1861.0,1861.0,1.0,0.0,28.0,1.0,0.6,0.5,1860.0,1860.0,1860.0,1860.0,1.0,0.0,28.0,1.0,0.6,0.5
1974,2,281.0,-56.0,7.7,7.7,7.7,7.7,1.0,0.0,26.0,1.0,0.6,0.3,7.6,7.6,7.6,7.6,1.0,0.0,26.0,1.0,0.6,0.3,5.47,5.47,5.47,5.47,1.0,0.0,26.0,1.0,0.6,0.3,83.0,83.0,83.0,83.0,1.0,0.0,26.0,1.0,0.3,8.2,8.2,8.2,8.2,1.0,0.0,26.0,1.0,0.6,0.3,7.71,7.71,7.71,7.71,1.0,0.0,26.0,1.0,0.6,0.3,-2.8,-2.8,-2.8,-2.8,1.0,0.0,26.0,1.0,0.6,0.3,992.5,992.5,992.5,992.5,1.0,0.0,26.0,1.0,0.6,0.3,5.0,5.0,5.0,5.0,1.0,0.0,26.0,1.0,0.6,0.3,63.2,63.2,63.2,63.2,1.0,0.0,26.0,1.0,0.6,0.3,-23.0,-23.0,-23.0,-23.0,1.0,0.0,26.0,1.0,0.6,0.3,0.1,0.1,0.1,0.1,1.0,0.0,26.0,1.0,0.6,0.3,0.8,0.8,0.8,0.8,1.0,0.0,26.0,1.0,0.6,0.3,1.17,1.17,1.17,1.17,1.0,0.0,26.0,1.0,0.6,0.3,9.6,9.6,9.6,9.6,1.0,0.0,26.0,1.0,0.6,0.3,58.6,58.6,58.6,58.6,1.0,0.0,26.0,1.0,0.6,0.3,-21.3,-21.3,-21.3,-21.3,1.0,0.0,26.0,1.0,0.6,0.3,42.1,42.1,42.1,42.1,1.0,0.0,26.0,1.0,0.6,0.3,-15.3,-15.3,-15.3,-15.3,1.0,0.0,26.0,1.0,0.6,0.3,9.0,9.0,9.0,9.0,1.0,0.0,26.0,1.0,0.6,0.3,-3.3,-3.3,-3.3,-3.3,1.0,0.0,26.0,1.0,0.6,0.3,551.5,551.5,551.5,551.5,1.0,0.0,26.0,1.0,0.6,0.3,550.0,550.0,550.0,550.0,1.0,0.0,26.0,1.0,0.6,0.3
1974,2,281.0,-20.0,22.83,22.9,22.97,22.9,2.0,0.14,22.0,1.0,0.9,1.0,21.44,21.75,22.06,21.75,2.0,0.64,22.0,1.0,0.9,1.0,10.85,11.58,12.32,11.58,2.0,1.53,22.0,1.0,0.9,1.0,66.0,71.9,77.7,71.9,2.0,12.1,22.0,1.0,1.0,6.2,6.2,6.2,6.2,2.0,0.0,22.0,1.0,0.9,1.0,-2.12,-2.12,-2.12,-2.12,2.0,0.0,22.0,1.0,0.9,1.0,5.83,5.83,5.83,5.83,2.0,0.0,22.0,1.0,0.9,1.0,1012.91,1013.15,1013.39,1013.15,2.0,0.49,22.0,1.0,0.9,1.0,6.3,7.0,7.7,7.0,2.0,1.4,22.0,1.0,0.9,1.0,-13.1,-13.1,-13.1,-13.1,2.0,0.0,22.0,1.0,0.9,1.0,36.1,36.1,36.1,36.1,2.0,0.0,22.0,1.0,0.9,1.0,0.77,1.15,1.53,1.15,2.0,0.78,22.0,1.0,0.9,1.0,4.8,7.1,9.5,7.1,2.0,4.8,22.0,1.0,0.9,1.0,5.16,5.82,6.48,5.82,2.0,1.37,22.0,1.0,0.9,1.0,32.0,36.1,40.2,36.1,2.0,8.5,22.0,1.0,0.9,1.0,-46.8,-46.1,-45.5,-46.1,2.0,1.3,22.0,1.0,0.9,1.0,124.9,126.7,128.5,126.7,2.0,3.7,22.0,1.0,0.9,1.0,-26.1,-24.6,-23.0,-24.6,2.0,3.2,22.0,1.0,0.9,1.0,63.2,67.5,71.8,67.5,2.0,8.9,22.0,1.0,0.9,1.0,-13.7,-12.3,-10.9,-12.3,2.0,2.9,22.0,1.0,0.9,1.0,30.0,33.9,37.7,33.9,2.0,8.0,22.0,1.0,0.9,1.0,238.5,238.5,238.5,238.5,2.0,0.0,22.0,1.0,0.9,1.0,240.0,240.0,240.0,240.0,2.0,0.0,22.0,1.0,0.9,1.0
1974,2,281.0,-18.0,23.56,23.7,23.7,23.63,3.0,0.12,20.0,0.7,0.7,0.9,23.16,23.5,23.57,23.37,3.0,0.32,20.0,0.7,0.7,0.9,13.13,13.6,13.9,13.52,3.0,0.57,20.0,0.7,0.7,0.9,72.6,75.4,78.6,75.6,3.0,4.5,20.0,0.7,0.9,6.2,6.2,6.54,6.37,3.0,0.29,20.0,0.7,0.7,0.9,-5.01,-4.75,-4.23,-4.62,3.0,0.58,20.0,0.7,0.7,0.9,4.09,4.31,4.61,4.35,3.0,0.38,20.0,0.7,0.7,0.9,1010.63,1010.9,1011.58,1011.1,3.0,0.72,20.0,0.7,0.7,0.9,5.6,7.0,7.7,6.7,3.0,1.5,20.0,0.7,0.7,0.9,-32.8,-29.4,-26.2,-29.5,3.0,4.8,20.0,0.7,0.7,0.9,26.0,28.9,29.3,27.7,3.0,2.6,20.0,0.7,0.7,0.9,0.13,0.2,0.4,0.27,3.0,0.21,20.0,0.7,0.7,0.9,0.9,1.2,2.5,1.7,3.0,1.3,20.0,0.7,0.7,0.9,4.27,4.71,5.17,4.72,3.0,0.66,20.0,0.7,0.7,0.9,26.4,29.2,33.9,30.1,3.0,5.5,20.0,0.7,0.7,0.9,-118.1,-111.6,-98.0,-108.1,3.0,15.0,20.0,0.7,0.7,0.9,96.2,101.6,106.8,101.5,3.0,7.8,20.0,0.7,0.7,0.9,-65.8,-64.6,-58.7,-62.3,3.0,5.5,20.0,0.7,0.7,0.9,54.7,55.6,63.2,58.8,3.0,6.8,20.0,0.7,0.7,0.9,-25.9,-22.4,-18.1,-22.1,3.0,5.7,20.0,0.7,0.7,0.9,18.9,19.3,21.9,20.4,3.0,2.4,20.0,0.7,0.7,0.9,238.5,238.5,281.0,259.0,3.0,36.0,20.0,0.7,0.7,0.9,240.0,240.0,280.0,260.0,3.0,35.0,20.0,0.7,0.7,0.9
1974,2,281.0,-16.0,21.47,22.25,23.03,22.25,2.0,1.63,18.0,1.0,0.7,1.0,24.22,24.7,25.18,24.7,2.0,0.99,18.0,1.0,0.7,1.0,15.32,15.34,15.37,15.34,2.0,0.06,18.0,1.0,0.7,1.0,77.1,79.2,81.3,79.2,2.0,4.3,18.0,1.0,1.0,7.86,8.2,8.54,8.2,2.0,0.71,18.0,1.0,0.7,1.0,-7.49,-6.01,-4.54,-6.01,2.0,3.06,18.0,1.0,0.7,1.0,3.56,4.82,6.08,4.82,2.0,2.61,18.0,1.0,0.7,1.0,1012.16,1012.5,1012.84,1012.5,2.0,0.71,18.0,1.0,0.7,1.0,7.2,7.5,7.8,7.5,2.0,0.7,18.0,1.0,0.7,1.0,-64.5,-50.4,-36.2,-50.4,2.0,29.3,18.0,1.0,0.7,1.0,29.9,38.6,47.3,38.6,2.0,18.0,18.0,1.0,0.7,1.0,-3.71,-2.45,-1.19,-2.45,2.0,2.62,18.0,1.0,0.7,1.0,-32.2,-21.0,-9.8,-21.0,2.0,23.2,18.0,1.0,0.7,1.0,0.58,1.43,2.27,1.43,2.0,1.74,18.0,1.0,0.7,1.0,4.7,11.1,17.5,11.1,2.0,13.3,18.0,1.0,0.7,1.0,-189.4,-150.0,-110.7,-150.0,2.0,81.5,18.0,1.0,0.7,1.0,89.0,117.8,146.6,117.8,2.0,59.7,18.0,1.0,0.7,1.0,-115.2,-92.3,-69.5,-92.3,2.0,47.3,18.0,1.0,0.7,1.0,54.7,73.9,93.1,73.9,2.0,39.8,18.0,1.0,0.7,1.0,-8.9,-5.9,-2.9,-5.9,2.0,6.1,18.0,1.0,0.7,1.0,3.3,9.2,15.0,9.2,2.0,12.1,18.0,1.0,0.7,1.0,488.5,557.5,626.5,557.5,2.0,143.0,18.0,1.0,0.7,1.0,490.0,560.0,625.0,560.0,2.0,145.0,18.0,1.0,0.7,1.0
1974,2,281.0,-15.0,22.77,23.35,23.93,23.35,2.0,1.2,18.0,0.5,0.5,0.6,23.41,23.65,23.89,23.65,2.0,0.49,18.0,0.5,0.5,0.6,14.26,14.35,14.44,14.35,2.0,0.19,18.0,0.5,0.5,0.6,77.2,78.8,80.4,78.8,2.0,3.4,18.0,0.5,0.6,6.1,6.95,7.8,6.95,2.0,1.77,18.0,0.5,0.5,0.6,-5.74,-4.57,-3.39,-4.57,2.0,2.43,18.0,0.5,0.5,0.6,4.99,5.1,5.22,5.1,2.0,0.24,18.0,0.5,0.5,0.6,1010.68,1010.85,1011.02,1010.85,2.0,0.35,18.0,0.5,0.5,0.6,5.0,5.0,5.0,5.0,2.0,0.0,18.0,0.5,0.5,0.6,-45.9,-33.9,-21.8,-33.9,2.0,24.9,18.0,0.5,0.5,0.6,30.5,35.7,40.8,35.7,2.0,10.7,18.0,0.5,0.5,0.6,-0.64,-0.3,0.04,-0.3,2.0,0.71,18.0,0.5,0.5,0.6,-3.6,-1.5,0.7,-1.5,2.0,4.4,18.0,0.5,0.5,0.6,2.87,3.6,4.33,3.6,2.0,1.51,18.0,0.5,0.5,0.6,18.2,26.4,34.5,26.4,2.0,16.9,18.0,0.5,0.5,0.6,-137.4,-108.6,-79.8,-108.6,2.0,59.6,18.0,0.5,0.5,0.6,116.8,120.8,124.7,120.8,2.0,8.1,18.0,0.5,0.5,0.6,-81.7,-65.3,-48.9,-65.3,2.0,34.0,18.0,0.5,0.5,0.6,72.0,73.2,74.4,73.2,2.0,2.4,18.0,0.5,0.5,0.6,-25.8,-18.3,-10.7,-18.3,2.0,15.6,18.0,0.5,0.5,0.6,14.4,18.6,22.7,18.6,2.0,8.6,18.0,0.5,0.5,0.6,243.5,368.5,493.5,368.5,2.0,259.0,18.0,0.5,0.5,0.6,245.0,370.0,495.0,370.0,2.0,260.0,18.0,0.5,0.5,0.6
1974,2,281.0,-14.0,21.85,22.4,22.95,22.4,2.0,1.13,20.0,0.5,0.2,0.5,23.24,23.75,24.26,23.75,2.0,1.06,20.0,0.5,0.2,0.5,14.94,15.28,15.62,15.28,2.0,0.7,20.0,0.5,0.2,0.5,79.5,83.8,88.1,83.8,2.0,9.0,20.0,0.5,0.5,6.78,6.95,7.12,6.95,2.0,0.35,20.0,0.5,0.2,0.5,-5.78,-4.79,-3.81,-4.79,2.0,2.04,20.0,0.5,0.2,0.5,3.95,4.7,5.45,4.7,2.0,1.56,20.0,0.5,0.2,0.5,1013.01,1013.9,1014.79,1013.9,2.0,1.84,20.0,0.5,0.2,0.5,1.2,1.5,1.8,1.5,2.0,0.7,20.0,0.5,0.2,0.5,-41.3,-33.7,-26.0,-33.7,2.0,15.9,20.0,0.5,0.2,0.5,28.0,32.4,36.8,32.4,2.0,9.2,20.0,0.5,0.2,0.5,-2.41,-1.35,-0.29,-1.35,2.0,2.19,20.0,0.5,0.2,0.5,-17.4,-9.8,-2.2,-9.8,2.0,15.7,20.0,0.5,0.2,0.5,1.36,1.6,1.84,1.6,2.0,0.5,20.0,0.5,0.2,0.5,9.6,11.0,12.5,11.0,2.0,2.9,20.0,0.5,0.2,0.5,-140.8,-114.9,-89.1,-114.9,2.0,53.5,20.0,0.5,0.2,0.5,95.4,110.8,126.3,110.8,2.0,32.0,20.0,0.5,0.2,0.5,-86.0,-72.5,-59.1,-72.5,2.0,27.8,20.0,0.5,0.2,0.5,59.3,72.4,85.5,72.4,2.0,27.1,20.0,0.5,0.2,0.5,-7.6,-7.2,-6.7,-7.2,2.0,0.8,20.0,0.5,0.2,0.5,5.6,7.9,10.3,7.9,2.0,4.9,20.0,0.5,0.2,0.5,312.5,337.0,361.5,337.0,2.0,51.5,20.0,0.5,0.2,0.5,310.0,335.0,360.0,335.0,2.0,50.0,20.0,0.5,0.2,0.5
1974,2,281.0,-13.0,22.82,24.8,24.87,23.87,3.0,1.7,8.0,0.0,0.6,1.0,22.2,23.5,23.84,23.03,3.0,1.27,8.0,0.0,0.6,1.0,14.12,14.14,14.57,14.34,3.0,0.37,8.0,0.0,0.6,1.0,78.6,79.3,85.1,81.8,3.0,5.3,8.0,0.0,1.0,3.39,5.1,5.51,4.47,3.0,1.64,8.0,0.0,0.6,1.0,-2.86,-1.95,-1.51,-2.18,3.0,1.01,8.0,0.0,0.6,1.0,2.78,3.91,4.9,3.84,3.0,1.55,8.0,0.0,0.6,1.0,1010.13,1010.4,1011.08,1010.6,3.0,0.72,8.0,0.0,0.6,1.0,2.0,4.0,6.0,4.0,3.0,3.0,8.0,0.0,0.6,1.0,-14.9,-11.1,-5.8,-10.4,3.0,6.7,8.0,0.0,0.6,1.0,10.3,19.9,27.2,18.8,3.0,12.4,8.0,0.0,0.6,1.0,0.46,0.8,1.21,0.83,3.0,0.55,8.0,0.0,0.6,1.0,2.3,3.6,3.9,3.1,3.0,1.3,8.0,0.0,0.6,1.0,3.08,4.82,5.34,4.23,3.0,1.73,8.0,0.0,0.6,1.0,13.5,14.5,21.4,17.4,3.0,6.3,8.0,0.0,0.6,1.0,-67.1,-42.1,-34.2,-50.4,3.0,25.1,8.0,0.0,0.6,1.0,65.9,93.8,108.7,87.5,3.0,31.9,8.0,0.0,0.6,1.0,-41.8,-27.5,-21.3,-31.4,3.0,15.4,8.0,0.0,0.6,1.0,40.0,57.7,69.9,55.0,3.0,22.0,8.0,0.0,0.6,1.0,-13.1,-7.3,-5.3,-9.2,3.0,5.9,8.0,0.0,0.6,1.0,12.3,12.6,16.9,14.5,3.0,3.7,8.0,0.0,0.6,1.0,54.0,132.5,168.5,112.0,3.0,85.5,8.0,0.0,0.6,1.0,55.0,135.0,170.0,110.0,3.0,85.0,8.0,0.0,0.6,1.0
1974,2,281.0,-12.0,21.24,22.9,23.41,22.35,4.0,1.62,14.0,0.3,0.5,0.3,23.15,23.3,23.4,23.28,4.0,0.15,14.0,0.3,0.5,0.3,15.38,15.82,16.36,15.87,4.0,0.64,14.0,0.3,0.5,0.3,86.1,88.8,91.9,89.0,4.0,3.5,14.0,0.3,0.3,3.76,5.3,6.52,5.15,4.0,1.74,14.0,0.3,0.5,0.3,-3.86,-2.16,-1.74,-2.77,4.0,1.65,14.0,0.3,0.5,0.3,2.63,3.66,5.5,4.05,4.0,1.88,14.0,0.3,0.5,0.3,1009.49,1009.9,1011.51,1010.48,4.0,1.58,14.0,0.3,0.5,0.3,3.0,3.5,4.5,3.8,4.0,1.0,14.0,0.3,0.5,0.3,-24.3,-12.0,-6.5,-15.2,4.0,11.7,14.0,0.3,0.5,0.3,12.2,18.9,33.6,22.7,4.0,16.6,14.0,0.3,0.5,0.3,-2.02,-0.25,0.1,-0.92,4.0,1.68,14.0,0.3,0.5,0.3,-8.9,-0.7,0.6,-4.0,4.0,7.8,14.0,0.3,0.5,0.3,-0.58,1.86,2.62,1.06,4.0,2.24,14.0,0.3,0.5,0.3,-3.5,9.5,17.1,6.9,4.0,12.9,14.0,0.3,0.5,0.3,-90.1,-50.0,-40.5,-64.6,4.0,38.7,14.0,0.3,0.5,0.3,61.2,85.7,128.1,94.3,4.0,43.7,14.0,0.3,0.5,0.3,-59.8,-33.6,-28.4,-43.6,4.0,25.3,14.0,0.3,0.5,0.3,41.6,59.5,86.5,63.9,4.0,28.1,14.0,0.3,0.5,0.3,-10.1,-4.2,0.7,-4.7,4.0,7.1,14.0,0.3,0.5,0.3,-3.6,5.2,12.8,4.6,4.0,11.1,14.0,0.3,0.5,0.3,60.5,156.5,282.5,171.0,4.0,139.0,14.0,0.3,0.5,0.3,60.0,155.0,285.0,170.0,4.0,140.0,14.0,0.3,0.5,0.3
1974,2,281.0,-11.0,18.48,19.2,19.71,19.1,4.0,0.84,10.0,0.5,0.4,0.7,19.48,20.45,20.95,20.23,4.0,0.93,10.0,0.5,0.4,0.7,12.57,14.58,14.69,13.65,3.0,1.74,6.0,0.3,0.5,0.6,84.6,94.0,95.2,90.0,3.0,8.5,6.0,0.3,0.6,2.76,3.1,4.4,3.57,3.0,1.27,12.0,0.7,0.4,0.7,-3.54,-1.06,1.33,-1.11,3.0,3.57,12.0,0.7,0.4,0.7,1.15,1.71,2.53,1.84,3.0,1.02,12.0,0.7,0.4,0.7,1010.64,1011.3,1012.9,1011.75,4.0,1.54,10.0,0.5,0.4,0.7,3.5,6.0,8.0,5.8,4.0,2.6,10.0,0.5,0.4,0.7,-17.1,-3.3,3.3,-6.8,3.0,15.2,12.0,0.7,0.4,0.7,4.3,8.6,8.9,6.6,3.0,3.7,12.0,0.7,0.4,0.7,-2.48,-1.25,0.24,-1.12,4.0,1.72,10.0,0.5,0.4,0.7,-6.8,-1.6,2.9,-2.0,3.0,7.2,12.0,0.7,0.4,0.7,-1.52,-1.07,1.27,-0.15,3.0,2.19,6.0,0.3,0.5,0.6,-3.5,0.4,4.3,0.4,2.0,8.1,8.0,0.5,0.5,0.5,-68.0,-22.3,26.3,-20.9,3.0,69.1,12.0,0.7,0.4,0.7,22.5,32.5,52.1,37.2,3.0,22.1,12.0,0.7,0.4,0.7,-8.5,6.5,21.5,6.5,2.0,31.0,8.0,0.5,0.5,0.5,15.4,26.4,37.4,26.4,2.0,22.7,8.0,0.5,0.5,0.5,2.5,3.8,5.1,3.8,2.0,2.8,8.0,0.5,0.5,0.5,-3.9,-1.5,1.0,-1.5,2.0,5.0,8.0,0.5,0.5,0.5,21.5,30.0,95.0,57.5,3.0,59.0,12.0,0.7,0.4,0.7,20.0,30.0,95.0,55.0,3.0,60.0,12.0,0.7,0.4,0.7
1974,2,281.0,-10.0,18.0,18.0,18.0,18.0,1.0,0.0,14.0,1.0,0.4,0.2,18.5,18.5,18.5,18.5,1.0,0.0,14.0,1.0,0.4,0.2,12.6,12.6,12.6,12.6,1.0,0.0,14.0,1.0,0.4,0.2,95.1,95.1,95.1,95.1,1.0,0.0,14.0,1.0,0.2,5.7,5.7,5.7,5.7,1.0,0.0,14.0,1.0,0.4,0.2,-1.95,-1.95,-1.95,-1.95,1.0,0.0,14.0,1.0,0.4,0.2,5.36,5.36,5.36,5.36,1.0,0.0,14.0,1.0,0.4,0.2,1011.4,1011.4,1011.4,1011.4,1.0,0.0,14.0,1.0,0.4,0.2,8.0,8.0,8.0,8.0,1.0,0.0,14.0,1.0,0.4,0.2,-11.1,-11.1,-11.1,-11.1,1.0,0.0,14.0,1.0,0.4,0.2,30.5,30.5,30.5,30.5,1.0,0.0,14.0,1.0,0.4,0.2,-0.5,-0.5,-0.5,-0.5,1.0,0.0,14.0,1.0,0.4,0.2,-2.8,-2.8,-2.8,-2.8,1.0,0.0,14.0,1.0,0.4,0.2,0.24,0.24,0.24,0.24,1.0,0.0,14.0,1.0,0.4,0.2,1.4,1.4,1.4,1.4,1.0,0.0,14.0,1.0,0.4,0.2,-36.1,-36.1,-36.1,-36.1,1.0,0.0,14.0,1.0,0.4,0.2,99.1,99.1,99.1,99.1,1.0,0.0,14.0,1.0,0.4,0.2,-24.6,-24.6,-24.6,-24.6,1.0,0.0,14.0,1.0,0.4,0.2,67.5,67.5,67.5,67.5,1.0,0.0,14.0,1.0,0.4,0.2,-0.5,-0.5,-0.5,-0.5,1.0,0.0,14.0,1.0,0.4,0.2,1.3,1.3,1.3,1.3,1.0,0.0,14.0,1.0,0.4,0.2,185.0,185.0,185.0,185.0,1.0,0.0,14.0,1.0,0.4,0.2,185.0,185.0,185.0,185.0,1.0,0.0,14.0,1.0,0.4,0.2
1974,2,281.0,2.0,25.6,25.6,25.6,25.6,1.0,0.0,28.0,0.0,0.4,0.9,25.0,25.0,25.0,25.0,1.0,0.0,28.0,0.0,0.4,0.9,16.41,16.41,16.41,16.41,1.0,0.0,28.0,0.0,0.4,0.9,82.9,82.9,82.9,82.9,1.0,0.0,28.0,0.0,0.9,4.1,4.1,4.1,4.1,1.0,0.0,28.0,0.0,0.4,0.9,2.64,2.64,2.64,2.64,1.0,0.0,28.0,0.0,0.4,0.9,3.14,3.14,3.14,3.14,1.0,0.0,28.0,0.0,0.4,0.9,1010.3,1010.3,1010.3,1010.3,1.0,0.0,28.0,0.0,0.4,0.9,8.0,8.0,8.0,8.0,1.0,0.0,28.0,0.0,0.4,0.9,10.8,10.8,10.8,10.8,1.0,0.0,28.0,0.0,0.4,0.9,12.9,12.9,12.9,12.9,1.0,0.0,28.0,0.0,0.4,0.9,0.6,0.6,0.6,0.6,1.0,0.0,28.0,0.0,0.4,0.9,2.5,2.5,2.5,2.5,1.0,0.0,28.0,0.0,0.4,0.9,4.15,4.15,4.15,4.15,1.0,0.0,28.0,0.0,0.4,0.9,17.0,17.0,17.0,17.0,1.0,0.0,28.0,0.0,0.4,0.9,65.9,65.9,65.9,65.9,1.0,0.0,28.0,0.0,0.4,0.9,78.5,78.5,78.5,78.5,1.0,0.0,28.0,0.0,0.4,0.9,43.2,43.2,43.2,43.2,1.0,0.0,28.0,0.0,0.4,0.9,51.5,51.5,51.5,51.5,1.0,0.0,28.0,0.0,0.4,0.9,10.9,10.9,10.9,10.9,1.0,0.0,28.0,0.0,0.4,0.9,13.0,13.0,13.0,13.0,1.0,0.0,28.0,0.0,0.4,0.9,69.0,69.0,69.0,69.0,1.0,0.0,28.0,0.0,0.4,0.9,70.0,70.0,70.0,70.0,1.0,0.0,28.0,0.0,0.4,0.9
1974,2,281.0,3.0,26.27,26.85,27.43,26.85,2.0,1.2,14.0,0.5,0.5,0.2,22.8,23.45,24.1,23.45,2.0,1.34,14.0,0.5,0.5,0.2,16.38,16.38,16.38,16.38,1.0,0.0,14.0,1.0,0.8,0.1,86.0,86.0,86.0,86.0,1.0,0.0,14.0,1.0,0.1,1.5,1.5,1.5,1.5,1.0,0.0,14.0,1.0,0.8,0.1,0.96,0.96,0.96,0.96,1.0,0.0,14.0,1.0,0.8,0.1,-1.15,-1.15,-1.15,-1.15,1.0,0.0,14.0,1.0,0.8,0.1,1011.06,1011.4,1011.74,1011.4,2.0,0.71,14.0,0.5,0.5,0.2,1.8,3.5,5.2,3.5,2.0,3.5,14.0,0.5,0.5,0.2,1.4,1.4,1.4,1.4,1.0,0.0,14.0,1.0,0.8,0.1,-1.7,-1.7,-1.7,-1.7,1.0,0.0,14.0,1.0,0.8,0.1,3.33,3.4,3.47,3.4,2.0,0.14,14.0,0.5,0.5,0.2,5.0,5.0,5.0,5.0,1.0,0.0,14.0,1.0,0.8,0.1,6.89,6.89,6.89,6.89,1.0,0.0,14.0,1.0,0.8,0.1,10.3,10.3,10.3,10.3,1.0,0.0,14.0,1.0,0.8,0.1,23.5,23.5,23.5,23.5,1.0,0.0,14.0,1.0,0.8,0.1,-28.0,-28.0,-28.0,-28.0,1.0,0.0,14.0,1.0,0.8,0.1,15.8,15.8,15.8,15.8,1.0,0.0,14.0,1.0,0.8,0.1,-18.8,-18.8,-18.8,-18.8,1.0,0.0,14.0,1.0,0.8,0.1,6.6,6.6,6.6,6.6,1.0,0.0,14.0,1.0,0.8,0.1,-7.9,-7.9,-7.9,-7.9,1.0,0.0,14.0,1.0,0.8,0.1,3.5,3.5,3.5,3.5,1.0,0.0,14.0,1.0,0.8,0.1,5.0,5.0,5.0,5.0,1.0,0.0,14.0,1.0,0.8,0.1
1974,2,281.0,4.0,23.3,23.3,23.3,23.3,1.0,0.0,24.0,1.0,1.0,0.8,26.2,26.2,26.2,26.2,1.0,0.0,24.0,1.0,1.0,0.8,17.45,17.45,17.45,17.45,1.0,0.0,24.0,1.0,1.0,0.8,82.1,82.1,82.1,82.1,1.0,0.0,24.0,1.0,0.8,4.1,4.1,4.1,4.1,1.0,0.0,24.0,1.0,1.0,0.8,-4.04,-4.04,-4.04,-4.04,1.0,0.0,24.0,1.0,1.0,0.8,0.71,0.71,0.71,0.71,1.0,0.0,24.0,1.0,1.0,0.8,1010.5,1010.5,1010.5,1010.5,1.0,0.0,24.0,1.0,1.0,0.8,8.0,8.0,8.0,8.0,1.0,0.0,24.0,1.0,1.0,0.8,-16.6,-16.6,-16.6,-16.6,1.0,0.0,24.0,1.0,1.0,0.8,2.9,2.9,2.9,2.9,1.0,0.0,24.0,1.0,1.0,0.8,-2.9,-2.9,-2.9,-2.9,1.0,0.0,24.0,1.0,1.0,0.8,-11.9,-11.9,-11.9,-11.9,1.0,0.0,24.0,1.0,1.0,0.8,0.43,0.43,0.43,0.43,1.0,0.0,24.0,1.0,1.0,0.8,1.8,1.8,1.8,1.8,1.0,0.0,24.0,1.0,1.0,0.8,-105.8,-105.8,-105.8,-105.8,1.0,0.0,24.0,1.0,1.0,0.8,18.7,18.7,18.7,18.7,1.0,0.0,24.0,1.0,1.0,0.8,-70.4,-70.4,-70.4,-70.4,1.0,0.0,24.0,1.0,1.0,0.8,12.4,12.4,12.4,12.4,1.0,0.0,24.0,1.0,1.0,0.8,-1.7,-1.7,-1.7,-1.7,1.0,0.0,24.0,1.0,1.0,0.8,0.3,0.3,0.3,0.3,1.0,0.0,24.0,1.0,1.0,0.8,69.0,69.0,69.0,69.0,1.0,0.0,24.0,1.0,1.0,0.8,70.0,70.0,70.0,70.0,1.0,0.0,24.0,1.0,1.0,0.8
1974,2,281.0,6.0,24.53,26.1,26.51,25.53,3.0,1.53,18.0,0.7,0.4,0.6,25.1,25.3,25.5,25.3,2.0,0.42,22.0,0.5,0.5,0.4,16.49,16.63,16.77,16.63,2.0,0.29,22.0,0.5,0.5,0.4,82.1,82.5,82.8,82.5,2.0,0.7,22.0,0.5,0.4,2.64,5.1,7.97,5.3,3.0,3.9,18.0,0.7,0.4,0.6,1.47,1.61,2.75,2.1,3.0,1.02,18.0,0.7,0.4,0.6,-7.49,-3.91,-1.59,-4.53,3.0,4.36,18.0,0.7,0.4,0.6,1009.16,1009.3,1010.32,1009.73,3.0,0.93,18.0,0.7,0.4,0.6,5.6,7.0,7.7,6.7,3.0,1.5,18.0,0.7,0.4,0.6,6.2,15.0,16.2,11.3,3.0,8.0,18.0,0.7,0.4,0.6,-64.5,-19.9,-6.8,-35.3,3.0,44.3,18.0,0.7,0.4,0.6,-0.83,-0.05,0.73,-0.05,2.0,1.63,22.0,0.5,0.5,0.4,-8.5,-2.8,2.9,-2.8,2.0,11.9,22.0,0.5,0.5,0.4,2.52,3.59,4.65,3.59,2.0,2.21,22.0,0.5,0.5,0.4,20.0,22.6,25.1,22.6,2.0,5.2,22.0,0.5,0.5,0.4,47.3,62.1,77.0,62.1,2.0,30.8,22.0,0.5,0.5,0.4,-208.5,-164.5,-120.5,-164.5,2.0,91.2,22.0,0.5,0.5,0.4,31.1,40.9,50.7,40.9,2.0,20.3,22.0,0.5,0.5,0.4,-137.0,-108.1,-79.2,-108.1,2.0,59.9,22.0,0.5,0.5,0.4,5.4,10.1,14.7,10.1,2.0,9.6,22.0,0.5,0.5,0.4,-19.9,-19.4,-18.8,-19.4,2.0,1.1,22.0,0.5,0.5,0.4,44.5,132.5,591.0,313.5,3.0,430.0,18.0,0.7,0.4,0.6,45.0,135.0,590.0,315.0,3.0,430.0,18.0,0.7,0.4,0.6
1974,2,281.0,7.0,,,,,,,,,,,,,,,,,,,,,,,,,,,,,,,,,,,,,,,,1.5,1.5,1.5,1.5,1.0,0.0,8.0,1.0,0.7,0.4,-0.51,-0.51,-0.51,-0.51,1.0,0.0,8.0,1.0,0.7,0.4,1.41,1.41,1.41,1.41,1.0,0.0,8.0,1.0,0.7,0.4,1012.2,1012.2,1012.2,1012.2,1.0,0.0,8.0,1.0,0.7,0.4,,,,,,,,,,,,,,,,,,,,,,,,,,,,,,,,,,,,,,,,,,,,,,,,,,,,,,,,,,,,,,,,,,,,,,,,,,,,,,,,,,,,,,,,,,,,,,,,,,,,,,,,,,,,,,,,,,,,,,,,,,,,,,,,,,,,,,,,,,,,,,,,,,,,,,
1974,2,281.0,8.0,25.77,26.15,26.53,26.15,2.0,0.78,12.0,0.0,0.2,0.3,25.92,26.6,27.28,26.6,2.0,1.41,12.0,0.0,0.2,0.3,17.08,18.35,19.63,18.35,2.0,2.63,12.0,0.0,0.2,0.3,81.6,83.9,86.2,83.9,2.0,4.8,12.0,0.0,0.3,4.33,5.9,7.47,5.9,2.0,3.25,12.0,0.0,0.2,0.3,-1.0,-0.1,0.81,-0.1,2.0,1.88,12.0,0.0,0.2,0.3,-7.33,-5.73,-4.13,-5.73,2.0,3.32,12.0,0.0,0.2,0.3,1009.4,1010.25,1011.1,1010.25,2.0,1.77,12.0,0.0,0.2,0.3,0.2,0.5,0.8,0.5,2.0,0.7,12.0,0.0,0.2,0.3,-9.1,-3.6,1.9,-3.6,2.0,11.4,12.0,0.0,0.2,0.3,-57.6,-39.2,-20.8,-39.2,2.0,38.2,12.0,0.0,0.2,0.3,-1.51,-0.45,0.61,-0.45,2.0,2.19,12.0,0.0,0.2,0.3,-4.6,0.9,6.4,0.9,2.0,11.5,12.0,0.0,0.2,0.3,1.17,2.91,4.64,2.91,2.0,3.59,12.0,0.0,0.2,0.3,8.2,23.0,37.8,23.0,2.0,30.6,12.0,0.0,0.2,0.3,-25.3,-1.2,22.8,-1.2,2.0,49.8,12.0,0.0,0.2,0.3,-188.7,-150.0,-111.4,-150.0,2.0,80.2,12.0,0.0,0.2,0.3,-15.8,0.7,17.2,0.7,2.0,34.2,12.0,0.0,0.2,0.3,-122.9,-100.8,-78.7,-100.8,2.0,45.8,12.0,0.0,0.2,0.3,-6.4,-3.6,-0.8,-3.6,2.0,5.8,12.0,0.0,0.2,0.3,-37.2,-22.6,-8.0,-22.6,2.0,30.2,12.0,0.0,0.2,0.3,127.0,299.0,471.5,299.0,2.0,357.0,12.0,0.0,0.2,0.3,125.0,300.0,470.0,300.0,2.0,355.0,12.0,0.0,0.2,0.3
1974,2,281.0,9.0,26.13,26.4,26.67,26.4,2.0,0.57,18.0,0.0,0.4,0.8,25.74,26.05,26.36,26.05,2.0,0.64,18.0,0.0,0.4,0.8,15.77,16.36,16.96,16.36,2.0,1.23,18.0,0.0,0.4,0.8,73.7,77.9,82.1,77.9,2.0,8.6,18.0,0.0,0.8,4.93,6.7,8.47,6.7,2.0,3.68,18.0,0.0,0.4,0.8,-5.53,-4.56,-3.59,-4.56,2.0,2.01,18.0,0.0,0.4,0.8,-6.41,-4.88,-3.35,-4.88,2.0,3.17,18.0,0.0,0.4,0.8,1010.75,1011.3,1011.85,1011.3,2.0,1.13,18.0,0.0,0.4,0.8,3.3,4.0,4.7,4.0,2.0,1.4,18.0,0.0,0.4,0.8,-48.8,-34.2,-19.7,-34.2,2.0,30.2,18.0,0.0,0.4,0.8,-57.5,-38.5,-19.6,-38.5,2.0,39.2,18.0,0.0,0.4,0.8,0.32,0.35,0.38,0.35,2.0,0.07,18.0,0.0,0.4,0.8,1.8,2.2,2.6,2.2,2.0,0.8,18.0,0.0,0.4,0.8,4.26,5.19,6.13,5.19,2.0,1.94,18.0,0.0,0.4,0.8,22.9,38.3,53.8,38.3,2.0,32.1,18.0,0.0,0.4,0.8,-146.0,-119.4,-92.8,-119.4,2.0,55.2,18.0,0.0,0.4,0.8,-169.5,-128.1,-86.7,-128.1,2.0,85.8,18.0,0.0,0.4,0.8,-86.5,-73.4,-60.2,-73.4,2.0,27.2,18.0,0.0,0.4,0.8,-100.1,-77.9,-55.7,-77.9,2.0,45.9,18.0,0.0,0.4,0.8,-34.9,-25.6,-16.3,-25.6,2.0,19.2,18.0,0.0,0.4,0.8,-40.9,-28.4,-15.9,-28.4,2.0,25.9,18.0,0.0,0.4,0.8,185.5,436.5,687.5,436.5,2.0,520.0,18.0,0.0,0.4,0.8,185.0,435.0,690.0,435.0,2.0,520.0,18.0,0.0,0.4,0.8
1974,2,281.0,10.0,25.65,26.5,27.15,26.45,34.0,0.88,14.0,0.6,0.5,0.4,25.0,26.2,27.61,26.31,40.0,1.12,14.0,0.5,0.5,0.4,15.96,16.85,17.69,16.85,36.0,0.99,14.0,0.6,0.5,0.4,73.1,79.3,85.4,79.1,36.0,6.0,14.0,0.6,0.4,4.62,8.2,12.27,8.3,39.0,3.58,12.0,0.5,0.5,0.4,-7.26,-4.9,-1.95,-5.0,39.0,3.04,12.0,0.5,0.5,0.4,-9.25,-5.9,-2.64,-6.06,39.0,3.3,12.0,0.5,0.5,0.4,1010.02,1011.35,1013.2,1011.5,40.0,2.1,14.0,0.5,0.5,0.4,1.2,3.5,5.8,3.4,40.0,2.0,14.0,0.5,0.5,0.4,-75.4,-44.2,-10.0,-49.1,39.0,43.4,12.0,0.5,0.5,0.4,-123.6,-48.7,-13.1,-60.1,39.0,51.0,12.0,0.5,0.5,0.4,-1.43,0.0,1.18,0.14,34.0,1.46,14.0,0.6,0.5,0.4,-11.2,0.0,11.5,0.2,33.0,12.6,14.0,0.6,0.5,0.4,3.73,4.44,5.86,4.72,32.0,1.42,14.0,0.6,0.5,0.3,23.9,39.1,61.3,42.4,31.0,21.2,14.0,0.6,0.5,0.3,-190.2,-125.7,-49.9,-131.2,39.0,79.8,12.0,0.5,0.5,0.4,-241.4,-148.2,-72.1,-160.4,39.0,88.9,12.0,0.5,0.5,0.4,-127.5,-81.1,-33.1,-85.1,35.0,51.5,12.0,0.6,0.5,0.3,-155.6,-107.5,-44.4,-104.6,35.0,57.4,12.0,0.6,0.5,0.3,-40.9,-25.1,-10.7,-25.7,31.0,16.7,14.0,0.6,0.5,0.3,-49.9,-28.1,-13.6,-30.9,31.0,19.0,14.0,0.6,0.5,0.3,98.5,551.5,1848.0,886.5,39.0,947.5,12.0,0.5,0.5,0.4,100.0,550.0,1850.0,885.0,39.0,950.0,12.0,0.5,0.5,0.4
1974,2,281.0,11.0,25.59,26.4,27.27,26.32,19.0,1.02,16.0,0.4,0.5,0.5,25.46,26.1,27.8,26.26,19.0,1.09,16.0,0.5,0.4,0.5,15.67,16.55,17.76,16.97,16.0,1.47,16.0,0.5,0.4,0.5,73.3,80.8,84.8,79.6,16.0,7.8,16.0,0.5,0.5,7.63,9.3,11.53,9.53,19.0,2.51,16.0,0.5,0.4,0.5,-8.37,-5.98,-4.36,-6.34,19.0,2.0,16.0,0.5,0.4,0.5,-8.49,-6.94,-3.84,-6.8,19.0,2.64,16.0,0.5,0.4,0.5,1010.43,1012.0,1013.33,1011.96,19.0,1.75,16.0,0.5,0.4,0.5,1.7,3.5,4.0,3.2,18.0,1.5,16.0,0.4,0.4,0.5,-118.8,-51.5,-37.6,-63.6,19.0,34.5,16.0,0.5,0.4,0.5,-100.7,-65.5,-28.9,-69.9,19.0,45.9,16.0,0.5,0.4,0.5,-1.28,0.2,1.32,0.08,18.0,1.24,16.0,0.4,0.4,0.5,-12.7,1.5,13.0,0.3,18.0,13.5,16.0,0.4,0.4,0.5,3.03,4.36,6.13,4.34,16.0,1.83,16.0,0.5,0.4,0.5,28.1,38.5,65.3,43.3,16.0,24.5,16.0,0.5,0.4,0.5,-220.6,-160.2,-114.0,-166.2,19.0,51.5,16.0,0.5,0.4,0.5,-228.7,-178.1,-99.7,-179.7,19.0,73.7,16.0,0.5,0.4,0.5,-146.1,-103.6,-80.2,-110.0,16.0,33.5,16.0,0.5,0.4,0.5,-161.1,-118.0,-62.2,-116.9,16.0,47.8,16.0,0.5,0.4,0.5,-41.5,-27.6,-12.7,-29.5,16.0,17.7,16.0,0.5,0.4,0.5,-44.7,-27.4,-13.0,-30.2,16.0,19.5,16.0,0.5,0.4,0.5,444.5,804.5,1544.0,1048.0,19.0,894.5,16.0,0.5,0.4,0.5,445.0,805.0,1545.0,1050.0,19.0,895.0,16.0,0.5,0.4,0.5
1974,2,281.0,12.0,25.5,26.0,26.71,26.07,26.0,0.88,18.0,0.5,0.6,0.3,25.19,25.95,26.7,25.92,26.0,1.23,18.0,0.5,0.6,0.3,16.05,16.5,17.47,16.63,21.0,0.73,16.0,0.5,0.6,0.3,75.4,82.0,84.9,80.1,21.0,4.9,16.0,0.5,0.3,5.7,7.95,11.8,8.48,28.0,2.75,16.0,0.5,0.6,0.3,-9.09,-6.63,-2.96,-6.09,28.0,3.27,16.0,0.5,0.6,0.3,-7.65,-4.65,-1.69,-4.69,28.0,3.16,16.0,0.5,0.6,0.3,1011.38,1012.65,1013.84,1012.59,30.0,1.74,16.0,0.5,0.6,0.3,1.3,3.5,5.0,3.2,28.0,1.7,16.0,0.6,0.6,0.3,-113.6,-52.2,-17.7,-57.6,28.0,43.8,16.0,0.5,0.6,0.3,-72.9,-35.6,-11.6,-43.7,28.0,40.7,16.0,0.5,0.6,0.3,-0.9,0.3,1.45,0.3,23.0,1.14,18.0,0.5,0.6,0.3,-7.2,2.9,9.1,2.8,21.0,9.2,18.0,0.4,0.6,0.3,3.76,4.08,5.05,4.51,19.0,1.24,16.0,0.5,0.7,0.3,20.1,35.7,56.6,39.0,17.0,17.5,18.0,0.5,0.6,0.3,-242.6,-170.4,-78.7,-168.0,24.0,76.6,18.0,0.5,0.6,0.3,-172.8,-109.6,-43.7,-114.8,24.0,82.4,18.0,0.5,0.6,0.3,-157.0,-112.4,-53.6,-107.2,19.0,43.2,16.0,0.5,0.6,0.3,-118.9,-63.9,-30.1,-73.4,19.0,56.1,16.0,0.5,0.6,0.3,-46.0,-30.6,-14.2,-30.9,17.0,16.7,18.0,0.5,0.6,0.3,-36.9,-15.4,-7.9,-19.7,17.0,14.8,18.0,0.5,0.6,0.3,185.0,504.0,1647.0,801.0,28.0,742.5,16.0,0.5,0.6,0.3,185.0,505.0,1645.0,800.0,28.0,740.0,16.0,0.5,0.6,0.3
1974,2,281.0,13.0,25.8,26.75,27.8,26.8,10.0,0.92,16.0,0.4,0.7,0.1,25.2,26.1,28.37,26.59,11.0,1.56,16.0,0.4,0.8,0.2,15.95,16.66,17.29,16.9,8.0,1.08,16.0,0.5,0.8,0.1,78.3,79.5,85.6,80.7,8.0,6.5,16.0,0.5,0.1,5.59,9.8,11.67,8.96,11.0,3.07,16.0,0.4,0.8,0.2,-8.54,-6.2,-3.58,-6.36,11.0,2.65,16.0,0.4,0.8,0.2,-8.99,-6.45,-3.1,-5.78,11.0,3.08,16.0,0.4,0.8,0.2,1010.5,1011.8,1014.64,1012.31,11.0,1.99,16.0,0.4,0.8,0.2,3.0,4.0,6.0,4.3,10.0,2.0,16.0,0.3,0.7,0.2,-96.5,-58.3,-22.5,-62.7,11.0,42.3,16.0,0.4,0.8,0.2,-90.6,-68.2,-14.7,-58.5,11.0,42.1,16.0,0.4,0.8,0.2,-1.29,0.55,1.7,0.25,10.0,1.72,16.0,0.4,0.7,0.1,-6.9,6.1,14.8,2.6,10.0,15.8,16.0,0.4,0.7,0.1,3.31,4.65,6.91,4.94,8.0,1.78,16.0,0.5,0.8,0.1,31.4,37.5,69.6,46.7,8.0,22.5,16.0,0.5,0.8,0.1,-228.5,-155.0,-96.5,-169.1,11.0,70.3,16.0,0.4,0.8,0.2,-230.1,-168.3,-82.6,-153.0,11.0,79.1,16.0,0.4,0.8,0.2,-162.6,-118.4,-54.8,-113.9,8.0,50.2,16.0,0.5,0.8,0.1,-154.2,-112.4,-61.6,-109.9,8.0,60.6,16.0,0.5,0.8,0.1,-35.8,-26.4,-20.2,-31.9,8.0,19.6,16.0,0.5,0.8,0.1,-44.5,-25.8,-21.6,-30.9,8.0,18.9,16.0,0.5,0.8,0.1,178.5,941.0,1626.0,947.5,11.0,785.0,16.0,0.4,0.8,0.2,180.0,940.0,1625.0,945.0,11.0,785.0,16.0,0.4,0.8,0.2
1974,2,281.0,14.0,24.79,25.3,26.78,25.62,9.0,1.12,16.0,0.7,0.6,0.5,25.28,25.6,27.68,26.14,9.0,1.16,16.0,0.7,0.6,0.5,15.16,15.77,16.15,15.71,7.0,0.76,16.0,0.6,0.5,0.5,72.5,77.5,77.8,76.1,7.0,3.4,16.0,0.6,0.5,8.2,9.3,11.95,9.21,9.0,2.95,16.0,0.7,0.6,0.5,-10.85,-7.71,-4.24,-7.61,9.0,3.13,16.0,0.7,0.6,0.5,-7.99,-2.8,0.0,-3.67,9.0,3.75,16.0,0.7,0.6,0.5,1013.0,1013.5,1015.38,1013.94,9.0,1.54,16.0,0.7,0.6,0.5,2.0,3.0,5.7,3.7,9.0,2.0,16.0,0.7,0.6,0.5,-130.5,-63.2,-38.6,-76.1,9.0,45.8,16.0,0.7,0.6,0.5,-74.4,-23.0,0.0,-37.0,9.0,43.6,16.0,0.7,0.6,0.5,-0.89,-0.5,-0.13,-0.52,9.0,0.55,16.0,0.7,0.6,0.5,-6.8,-3.0,-1.4,-4.3,9.0,4.4,16.0,0.7,0.6,0.5,3.82,4.37,5.22,4.49,7.0,0.89,16.0,0.6,0.5,0.5,31.5,35.9,67.0,44.6,7.0,16.7,16.0,0.6,0.5,0.5,-292.1,-196.5,-109.6,-199.7,9.0,86.8,16.0,0.7,0.6,0.5,-201.3,-71.5,0.0,-93.1,9.0,95.1,16.0,0.7,0.6,0.5,-129.6,-121.5,-109.5,-121.0,7.0,44.2,16.0,0.6,0.5,0.5,-136.0,-44.3,-39.0,-73.0,7.0,55.3,16.0,0.6,0.5,0.5,-44.3,-33.7,-21.9,-35.2,7.0,17.5,16.0,0.6,0.5,0.5,-41.2,-12.3,-10.3,-20.9,7.0,18.3,16.0,0.6,0.5,0.5,551.5,804.5,1705.0,978.5,9.0,696.5,16.0,0.7,0.6,0.5,550.0,805.0,1705.0,980.0,9.0,695.0,16.0,0.7,0.6,0.5
1974,2,281.0,15.0,27.0,27.0,27.0,27.0,1.0,0.0,20.0,0.0,0.7,0.0,25.0,25.0,25.0,25.0,1.0,0.0,20.0,0.0,0.7,0.0,14.11,14.11,14.11,14.11,1.0,0.0,20.0,0.0,0.7,0.0,71.5,71.5,71.5,71.5,1.0,0.0,20.0,0.0,0.0,6.2,6.2,6.2,6.2,1.0,0.0,20.0,0.0,0.7,0.0,-4.75,-4.75,-4.75,-4.75,1.0,0.0,20.0,0.0,0.7,0.0,-3.99,-3.99,-3.99,-3.99,1.0,0.0,20.0,0.0,0.7,0.0,1011.8,1011.8,1011.8,1011.8,1.0,0.0,20.0,0.0,0.7,0.0,2.0,2.0,2.0,2.0,1.0,0.0,20.0,0.0,0.7,0.0,-29.4,-29.4,-29.4,-29.4,1.0,0.0,20.0,0.0,0.7,0.0,-24.7,-24.7,-24.7,-24.7,1.0,0.0,20.0,0.0,0.7,0.0,2.0,2.0,2.0,2.0,1.0,0.0,20.0,0.0,0.7,0.0,12.4,12.4,12.4,12.4,1.0,0.0,20.0,0.0,0.7,0.0,8.21,8.21,8.21,8.21,1.0,0.0,20.0,0.0,0.7,0.0,50.9,50.9,50.9,50.9,1.0,0.0,20.0,0.0,0.7,0.0,-118.7,-118.7,-118.7,-118.7,1.0,0.0,20.0,0.0,0.7,0.0,-99.6,-99.6,-99.6,-99.6,1.0,0.0,20.0,0.0,0.7,0.0,-67.0,-67.0,-67.0,-67.0,1.0,0.0,20.0,0.0,0.7,0.0,-56.2,-56.2,-56.2,-56.2,1.0,0.0,20.0,0.0,0.7,0.0,-39.0,-39.0,-39.0,-39.0,1.0,0.0,20.0,0.0,0.7,0.0,-32.7,-32.7,-32.7,-32.7,1.0,0.0,20.0,0.0,0.7,0.0,238.5,238.5,238.5,238.5,1.0,0.0,20.0,0.0,0.7,0.0,240.0,240.0,240.0,240.0,1.0,0.0,20.0,0.0,0.7,0.0
1974,2,281.0,16.0,25.77,26.15,26.53,26.15,2.0,0.78,6.0,0.0,0.4,0.4,24.09,24.7,25.31,24.7,2.0,1.27,6.0,0.0,0.4,0.4,16.04,16.67,17.31,16.67,2.0,1.32,6.0,0.0,0.4,0.4,80.1,86.5,92.9,86.5,2.0,13.2,6.0,0.0,0.4,4.68,4.85,5.02,4.85,2.0,0.35,6.0,0.0,0.4,0.4,-4.91,-4.67,-4.43,-4.67,2.0,0.49,6.0,0.0,0.4,0.4,-1.46,-1.23,-0.99,-1.23,2.0,0.49,6.0,0.0,0.4,0.4,1013.94,1014.25,1014.56,1014.25,2.0,0.64,6.0,0.0,0.4,0.4,1.2,1.5,1.8,1.5,2.0,0.7,6.0,0.0,0.4,0.4,-24.7,-22.7,-20.8,-22.7,2.0,4.1,6.0,0.0,0.4,0.4,-6.8,-5.9,-4.9,-5.9,2.0,1.9,6.0,0.0,0.4,0.4,0.46,1.45,2.44,1.45,2.0,2.05,6.0,0.0,0.4,0.4,2.3,7.4,12.4,7.4,2.0,10.5,6.0,0.0,0.4,0.4,4.35,4.5,4.66,4.5,2.0,0.32,6.0,0.0,0.4,0.4,21.8,21.8,21.8,21.8,2.0,0.1,6.0,0.0,0.4,0.4,-118.1,-115.1,-112.1,-115.1,2.0,6.3,6.0,0.0,0.4,0.4,-37.2,-30.7,-24.1,-30.7,2.0,13.6,6.0,0.0,0.4,0.4,-85.2,-78.2,-71.3,-78.2,2.0,14.4,6.0,0.0,0.4,0.4,-23.3,-20.2,-17.0,-20.2,2.0,6.5,6.0,0.0,0.4,0.4,-21.3,-21.0,-20.6,-21.0,2.0,0.8,6.0,0.0,0.4,0.4,-6.9,-5.6,-4.4,-5.6,2.0,2.6,6.0,0.0,0.4,0.4,103.0,115.0,127.0,115.0,2.0,25.0,6.0,0.0,0.4,0.4,105.0,115.0,125.0,115.0,2.0,25.0,6.0,0.0,0.4,0.4
1974,2,281.0,17.0,27.5,27.5,27.5,27.5,1.0,0.0,18.0,1.0,0.7,0.8,24.67,26.1,26.58,25.63,3.0,1.46,18.0,0.3,0.9,0.8,15.67,16.08,16.48,16.08,2.0,0.84,20.0,0.5,0.8,0.7,71.9,74.8,77.8,74.8,2.0,6.1,20.0,0.5,0.7,7.61,8.5,9.39,8.5,2.0,1.84,18.0,0.0,1.0,0.7,-9.32,-8.28,-7.25,-8.28,2.0,2.15,18.0,0.0,1.0,0.7,0.39,1.23,2.07,1.23,2.0,1.74,18.0,0.0,1.0,0.7,1012.66,1013.0,1015.05,1013.83,3.0,1.89,18.0,0.3,0.9,0.8,2.0,2.0,5.4,3.7,3.0,2.9,18.0,0.3,0.9,0.8,-88.5,-72.4,-56.2,-72.4,2.0,33.5,18.0,0.0,1.0,0.7,2.8,8.9,14.9,8.9,2.0,12.5,18.0,0.0,1.0,0.7,,,,,,,,,,,,,,,,,,,,,,,,,,,,,,,,,,,,,,,,,-225.9,-205.9,-185.9,-205.9,2.0,41.4,18.0,0.0,1.0,0.7,10.2,32.1,54.1,32.1,2.0,45.4,18.0,0.0,1.0,0.7,-112.8,-112.8,-112.8,-112.8,1.0,0.0,22.0,0.0,1.0,0.7,41.1,41.1,41.1,41.1,1.0,0.0,22.0,0.0,1.0,0.7,,,,,,,,,,,,,,,,,,,,,,,,,,,,,,,,,,,,,,,,
1974,2,281.0,18.0,25.64,26.5,27.67,26.39,15.0,1.18,16.0,0.1,0.6,0.5,24.0,25.2,26.0,24.97,17.0,1.02,16.0,0.2,0.6,0.4,13.72,15.0,16.25,15.04,15.0,1.72,16.0,0.1,0.6,0.5,67.8,73.9,80.7,75.9,15.0,8.1,16.0,0.1,0.5,0.0,4.6,8.16,4.45,17.0,3.46,16.0,0.2,0.6,0.4,-6.84,-3.85,0.0,-3.13,17.0,3.28,16.0,0.2,0.6,0.4,-4.03,0.0,0.0,-1.81,17.0,2.89,16.0,0.2,0.6,0.4,1012.6,1014.5,1017.16,1014.53,16.0,2.29,16.0,0.2,0.6,0.5,0.5,2.0,3.5,2.2,17.0,2.0,16.0,0.2,0.6,0.4,-53.9,-15.8,0.0,-22.3,17.0,26.8,16.0,0.2,0.6,0.4,-23.2,0.0,0.0,-12.8,17.0,24.8,16.0,0.2,0.6,0.4,0.52,1.0,1.76,1.29,15.0,1.05,16.0,0.1,0.6,0.5,0.0,6.2,8.7,6.2,15.0,8.4,16.0,0.1,0.6,0.5,5.69,6.51,7.87,6.47,15.0,1.91,16.0,0.1,0.6,0.5,1.2,34.4,56.0,31.4,15.0,22.4,16.0,0.1,0.6,0.5,-169.0,-98.5,0.0,-79.2,17.0,83.6,16.0,0.2,0.6,0.4,-99.0,0.0,0.0,-44.0,17.0,68.9,16.0,0.2,0.6,0.4,-112.1,-63.8,0.0,-54.7,15.0,51.8,16.0,0.1,0.6,0.5,-68.2,0.0,0.0,-29.2,15.0,40.7,16.0,0.1,0.6,0.5,-50.1,-26.7,0.0,-22.7,15.0,23.1,16.0,0.1,0.6,0.5,-24.5,0.0,0.0,-11.4,15.0,18.2,16.0,0.1,0.6,0.5,0.0,97.5,549.5,236.0,17.0,301.0,16.0,0.2,0.6,0.4,0.0,95.0,550.0,235.0,17.0,300.0,16.0,0.2,0.6,0.4
1974,2,281.0,19.0,24.82,26.8,28.0,26.59,18.0,1.61,14.0,0.4,0.4,0.2,23.49,26.0,26.83,25.36,19.0,1.5,14.0,0.4,0.5,0.2,14.11,14.78,16.47,15.18,17.0,1.62,14.0,0.4,0.4,0.3,69.9,73.2,83.8,75.1,17.0,6.6,14.0,0.4,0.3,4.53,5.1,7.7,5.83,19.0,2.21,14.0,0.4,0.5,0.2,-6.27,-5.02,-3.49,-4.7,19.0,2.17,14.0,0.4,0.5,0.2,-3.53,-0.8,0.0,-1.69,19.0,3.12,14.0,0.4,0.5,0.2,1013.93,1015.8,1017.0,1015.5,19.0,1.9,14.0,0.4,0.5,0.2,1.0,2.0,5.0,2.7,19.0,1.9,14.0,0.4,0.5,0.2,-52.0,-25.6,-14.8,-29.6,19.0,21.2,14.0,0.4,0.5,0.2,-26.2,-3.7,0.0,-13.4,19.0,29.4,14.0,0.4,0.5,0.2,-1.83,2.0,3.53,1.26,18.0,2.55,14.0,0.4,0.4,0.2,-8.6,9.8,22.6,9.3,18.0,20.3,14.0,0.4,0.4,0.2,3.26,7.04,9.72,6.69,17.0,2.84,14.0,0.4,0.4,0.3,16.6,36.9,59.1,41.3,17.0,29.4,14.0,0.4,0.4,0.3,-169.2,-122.6,-85.6,-119.3,19.0,54.6,14.0,0.4,0.5,0.2,-87.9,-20.0,0.0,-39.5,19.0,73.1,14.0,0.4,0.5,0.2,-96.6,-74.2,-36.6,-68.9,17.0,33.6,14.0,0.4,0.4,0.3,-63.3,-13.1,0.0,-26.0,17.0,44.7,14.0,0.4,0.4,0.3,-47.5,-31.9,-9.1,-31.3,17.0,22.3,14.0,0.4,0.4,0.3,-31.4,-4.8,0.0,-16.0,17.0,29.5,14.0,0.4,0.4,0.3,93.5,132.5,456.5,283.5,19.0,341.5,14.0,0.4,0.5,0.2,95.0,135.0,455.0,285.0,19.0,340.0,14.0,0.4,0.5,0.2
1974,2,281.0,20.0,,,,,,,,,,,,,,,,,,,,,,,,,,,,,,,,,,,,,,,,3.06,5.35,7.64,5.35,2.0,4.74,12.0,0.5,0.5,0.4,-7.41,-4.93,-2.44,-4.93,2.0,5.15,12.0,0.5,0.5,0.4,-1.03,0.01,1.05,0.01,2.0,2.15,12.0,0.5,0.5,0.4,1013.63,1015.2,1016.5,1015.07,3.0,2.1,14.0,0.3,0.6,0.2,,,,,,,,,,,,,,,,,,,,,,,,,,,,,,,,,,,,,,,,,,,,,,,,,,,,,,,,,,,,,,,,,,,,,,,,,,,,,,,,,,,,,,,,,,,,,,,,,,,,,,,,,,,,,,,,,,,,,,,,,,,,,,,,,,,,,,,,,,,,,,,,,,,,,,
1974,2,281.0,22.0,24.51,26.0,26.98,25.82,33.0,1.32,14.0,0.5,0.5,0.7,22.0,23.9,25.57,23.88,33.0,2.13,14.0,0.5,0.5,0.7,12.92,15.07,16.67,15.09,22.0,2.66,14.0,0.4,0.5,0.7,76.0,82.1,90.3,81.9,22.0,9.0,14.0,0.4,0.7,5.15,7.7,10.28,7.88,33.0,3.29,14.0,0.5,0.5,0.7,-9.87,-6.2,-1.04,-5.15,33.0,5.14,14.0,0.5,0.5,0.7,-5.83,-0.54,2.62,-1.24,33.0,4.42,14.0,0.5,0.5,0.7,1015.22,1018.3,1020.79,1018.13,33.0,2.93,14.0,0.5,0.5,0.7,0.1,3.0,6.0,3.3,33.0,2.4,14.0,0.5,0.5,0.7,-98.8,-45.4,-6.3,-50.2,33.0,66.6,14.0,0.5,0.5,0.7,-38.1,-1.7,17.1,-14.4,33.0,51.5,14.0,0.5,0.5,0.7,0.31,2.0,3.49,1.94,33.0,2.08,14.0,0.5,0.5,0.7,1.3,11.6,34.7,16.9,33.0,20.2,14.0,0.5,0.5,0.7,3.31,5.47,7.56,5.41,22.0,2.48,14.0,0.4,0.5,0.7,15.8,38.5,59.2,45.9,22.0,41.3,14.0,0.4,0.5,0.7,-208.9,-148.2,-20.4,-118.1,33.0,122.0,14.0,0.5,0.5,0.7,-120.7,-13.6,63.5,-25.7,33.0,101.5,14.0,0.5,0.5,0.7,-116.9,-98.3,-23.6,-75.9,22.0,60.1,14.0,0.4,0.5,0.7,-77.1,-9.2,28.9,-23.4,22.0,61.4,14.0,0.4,0.5,0.7,-54.3,-29.9,-8.1,-37.0,22.0,39.3,14.0,0.4,0.5,0.7,-36.6,0.0,11.7,-10.4,22.0,28.6,14.0,0.4,0.5,0.7,137.0,456.5,1085.5,777.5,33.0,1235.0,14.0,0.5,0.5,0.7,135.0,455.0,1085.0,780.0,33.0,1235.0,14.0,0.5,0.5,0.7
1974,2,281.0,23.0,22.99,23.8,26.71,24.59,7.0,1.7,10.0,0.4,0.4,0.4,23.03,24.15,25.35,24.22,6.0,1.61,8.0,0.3,0.4,0.3,16.79,19.65,19.69,18.27,3.0,2.43,4.0,0.7,0.3,0.1,83.6,90.4,97.0,90.3,3.0,9.8,4.0,0.7,0.1,5.84,7.7,9.86,7.43,7.0,2.8,10.0,0.4,0.4,0.4,-8.22,2.05,6.75,0.45,7.0,7.1,10.0,0.4,0.4,0.4,-5.71,-3.35,-2.91,-3.95,7.0,1.82,10.0,0.4,0.4,0.4,1016.47,1018.6,1021.42,1018.4,7.0,2.82,10.0,0.4,0.4,0.4,3.9,5.0,8.0,5.4,7.0,2.3,10.0,0.4,0.4,0.4,-72.0,12.3,53.3,3.3,7.0,65.4,10.0,0.4,0.4,0.4,-35.9,-29.6,-18.5,-31.9,7.0,22.6,10.0,0.4,0.4,0.4,-2.34,0.25,1.5,-0.03,6.0,2.28,8.0,0.3,0.4,0.3,-18.2,0.9,15.6,1.5,6.0,19.5,8.0,0.3,0.4,0.3,-2.12,-1.38,2.49,0.15,3.0,3.63,4.0,0.7,0.3,0.1,-17.3,-8.6,4.9,-6.3,3.0,16.4,4.0,0.7,0.3,0.1,-206.5,47.2,163.7,3.1,6.0,184.4,8.0,0.3,0.4,0.3,-104.5,-80.4,-67.5,-87.2,6.0,37.6,8.0,0.3,0.4,0.3,-119.4,-30.8,62.4,-28.5,3.0,133.2,4.0,0.7,0.3,0.1,-60.3,-58.5,-36.2,-48.5,3.0,19.6,4.0,0.7,0.3,0.1,-8.2,-7.4,11.4,1.4,3.0,16.2,4.0,0.7,0.3,0.1,-3.5,4.3,6.4,1.5,3.0,7.6,4.0,0.7,0.3,0.1,206.5,456.5,960.0,551.5,7.0,461.0,10.0,0.4,0.4,0.4,205.0,455.0,960.0,550.0,7.0,460.0,10.0,0.4,0.4,0.4
1974,2,281.0,25.0,25.63,26.1,27.61,26.6,4.0,1.58,18.0,0.5,0.8,0.4,20.74,22.0,23.63,22.18,4.0,1.73,18.0,0.5,0.8,0.4,9.89,11.21,15.15,12.49,3.0,4.01,18.0,0.7,0.7,0.6,65.0,75.4,85.5,75.3,3.0,15.0,18.0,0.7,0.6,4.39,5.0,8.28,6.3,3.0,3.06,14.0,0.3,0.9,0.3,0.23,0.71,6.02,3.07,3.0,4.71,14.0,0.3,0.9,0.3,-2.13,4.04,4.63,1.31,3.0,5.48,14.0,0.3,0.9,0.3,1011.86,1013.45,1017.24,1014.5,4.0,3.88,18.0,0.5,0.8,0.4,1.6,3.0,3.7,2.7,3.0,1.5,18.0,0.3,0.7,0.6,0.9,2.9,57.7,28.7,3.0,47.2,14.0,0.3,0.9,0.3,-11.8,16.6,38.0,13.2,3.0,36.6,14.0,0.3,0.9,0.3,2.1,4.35,6.76,4.43,4.0,2.93,18.0,0.5,0.8,0.4,13.0,31.4,36.9,25.1,3.0,18.3,14.0,0.3,0.9,0.3,5.22,9.65,13.75,9.49,3.0,6.25,18.0,0.7,0.7,0.6,23.3,45.6,67.9,45.6,2.0,46.2,14.0,0.5,1.0,0.5,5.5,17.2,138.7,70.8,3.0,108.1,14.0,0.3,0.9,0.3,-40.7,97.7,107.9,35.1,3.0,121.6,14.0,0.3,0.9,0.3,1.9,6.0,10.2,6.0,2.0,8.6,14.0,0.5,1.0,0.5,-28.1,11.1,50.3,11.1,2.0,81.3,14.0,0.5,1.0,0.5,0.4,1.1,1.9,1.1,2.0,1.6,14.0,0.5,1.0,0.5,-63.8,-32.8,-1.7,-32.8,2.0,64.4,14.0,0.5,1.0,0.5,86.5,125.0,682.0,378.5,3.0,488.0,14.0,0.3,0.9,0.3,85.0,125.0,680.0,380.0,3.0,490.0,14.0,0.3,0.9,0.3
1974,2,281.0,26.0,22.7,24.5,26.0,24.46,31.0,1.49,16.0,0.4,0.5,0.2,17.39,21.6,24.58,21.31,33.0,3.06,16.0,0.4,0.5,0.2,7.18,10.53,16.21,11.59,25.0,3.99,16.0,0.4,0.5,0.2,58.0,69.4,87.2,71.3,25.0,14.2,16.0,0.4,0.2,4.52,7.7,9.82,7.13,32.0,3.01,16.0,0.4,0.5,0.2,-5.23,-1.42,5.12,-0.55,32.0,5.38,16.0,0.4,0.5,0.2,-7.58,0.0,4.8,-0.81,32.0,5.63,16.0,0.4,0.5,0.2,1013.53,1019.3,1022.28,1018.92,33.0,4.24,16.0,0.4,0.5,0.2,2.0,4.0,7.0,4.3,32.0,2.5,16.0,0.4,0.5,0.2,-39.3,-8.3,43.4,-5.0,32.0,47.9,16.0,0.4,0.5,0.2,-65.6,0.0,25.7,-8.7,32.0,57.3,16.0,0.4,0.5,0.2,0.56,3.0,5.45,3.04,31.0,2.78,16.0,0.4,0.5,0.2,1.2,15.7,56.6,24.4,30.0,24.7,16.0,0.4,0.5,0.2,4.36,7.93,10.28,7.48,24.0,3.5,16.0,0.4,0.5,0.2,11.7,40.6,92.9,53.5,23.0,38.0,16.0,0.4,0.5,0.2,-102.5,-26.2,118.2,-9.5,32.0,118.5,16.0,0.4,0.5,0.2,-137.4,0.0,112.9,-5.0,32.0,112.2,16.0,0.4,0.5,0.2,-47.3,-13.8,76.9,1.9,24.0,63.4,16.0,0.5,0.5,0.2,-66.4,-11.0,41.9,-6.6,24.0,56.3,16.0,0.5,0.5,0.2,-51.2,-11.4,30.2,-8.7,23.0,40.0,16.0,0.4,0.5,0.2,-80.3,-13.6,12.3,-29.0,23.0,43.3,16.0,0.4,0.5,0.2,93.5,456.5,946.0,552.5,32.0,597.0,16.0,0.4,0.5,0.2,95.0,455.0,945.0,550.0,32.0,595.0,16.0,0.4,0.5,0.2
1974,2,281.0,27.0,22.2,23.3,24.4,23.32,13.0,1.04,16.0,0.5,0.5,0.6,17.11,21.1,22.8,20.48,13.0,2.53,16.0,0.5,0.5,0.6,8.89,11.15,13.75,11.33,13.0,2.66,16.0,0.5,0.5,0.6,62.2,78.2,86.4,75.2,13.0,12.5,16.0,0.5,0.6,3.1,8.2,10.3,7.12,12.0,3.57,16.0,0.4,0.5,0.6,-0.88,6.39,8.1,4.35,12.0,4.26,16.0,0.4,0.5,0.6,-6.94,-1.0,2.52,-0.95,12.0,5.31,16.0,0.4,0.5,0.6,1014.89,1018.6,1020.76,1017.74,13.0,3.91,16.0,0.5,0.5,0.6,1.7,4.5,6.0,4.0,12.0,2.4,16.0,0.4,0.5,0.6,-2.4,59.8,77.1,42.8,12.0,37.9,16.0,0.4,0.5,0.6,-71.5,-3.1,18.7,-6.5,12.0,57.1,16.0,0.4,0.5,0.6,0.59,1.7,5.23,2.85,13.0,2.78,16.0,0.5,0.5,0.6,4.7,7.9,40.6,20.2,12.0,24.3,16.0,0.4,0.5,0.6,4.01,6.28,8.83,6.48,13.0,2.93,16.0,0.5,0.5,0.6,18.0,35.4,74.7,43.4,12.0,28.0,16.0,0.4,0.5,0.6,-18.7,119.5,162.5,87.7,12.0,89.5,16.0,0.4,0.5,0.6,-115.0,-21.0,56.3,-9.7,12.0,108.5,16.0,0.4,0.5,0.6,-10.8,65.2,91.3,48.2,12.0,49.1,16.0,0.4,0.5,0.6,-62.4,-10.9,36.3,-3.6,12.0,67.7,16.0,0.4,0.5,0.6,-4.7,26.3,61.5,28.0,12.0,31.2,16.0,0.4,0.5,0.6,-44.8,-4.8,11.6,-13.3,12.0,28.6,16.0,0.4,0.5,0.6,30.0,557.5,1092.5,605.5,12.0,599.0,16.0,0.4,0.5,0.6,30.0,560.0,1095.0,605.0,12.0,600.0,16.0,0.4,0.5,0.6
1974,2,281.0,28.0,22.8,23.4,25.01,23.63,45.0,1.39,12.0,0.6,0.5,0.5,16.89,22.0,24.0,21.01,49.0,3.14,12.0,0.6,0.5,0.5,7.5,10.72,14.5,10.78,40.0,3.3,12.0,0.6,0.5,0.5,53.7,66.0,83.2,67.7,40.0,13.8,12.0,0.6,0.5,5.1,7.7,10.3,7.87,50.0,2.73,12.0,0.6,0.5,0.5,-1.69,3.6,8.08,3.09,50.0,4.92,12.0,0.6,0.5,0.5,-4.55,0.0,7.61,1.18,50.0,5.94,12.0,0.6,0.5,0.5,1013.9,1018.4,1022.09,1018.31,49.0,4.52,12.0,0.6,0.5,0.5,2.0,5.0,7.0,4.6,49.0,2.3,12.0,0.6,0.5,0.5,-6.8,27.7,68.4,28.2,50.0,46.1,12.0,0.6,0.5,0.5,-26.7,0.0,58.6,8.8,50.0,62.9,12.0,0.6,0.5,0.5,-0.21,1.7,6.0,2.52,45.0,2.84,12.0,0.6,0.5,0.5,-1.3,13.6,51.5,20.6,45.0,26.0,12.0,0.6,0.5,0.5,4.96,7.54,10.52,7.43,38.0,2.89,14.0,0.6,0.5,0.5,30.8,50.9,98.2,57.5,38.0,31.0,14.0,0.6,0.5,0.5,-38.5,78.1,160.2,62.9,49.0,101.5,12.0,0.6,0.5,0.5,-68.8,0.0,173.9,41.7,49.0,122.2,12.0,0.6,0.5,0.5,-23.1,28.0,80.9,30.2,40.0,52.9,12.0,0.6,0.5,0.5,-24.2,15.0,94.4,31.0,40.0,63.5,12.0,0.6,0.5,0.5,-14.4,23.7,57.5,21.5,38.0,42.5,14.0,0.6,0.5,0.5,-34.5,3.4,39.7,1.3,38.0,45.5,14.0,0.6,0.5,0.5,132.5,456.5,1092.5,664.0,50.0,662.5,12.0,0.6,0.5,0.5,135.0,455.0,1095.0,665.0,50.0,660.0,12.0,0.6,0.5,0.5
1974,2,281.0,29.0,22.16,23.3,25.6,23.67,25.0,1.72,14.0,0.3,0.6,0.2,17.76,21.1,23.41,20.49,26.0,2.93,12.0,0.3,0.6,0.3,6.9,10.86,16.06,11.3,23.0,3.71,14.0,0.3,0.7,0.3,60.6,70.3,87.4,72.5,23.0,12.2,14.0,0.3,0.3,5.07,8.45,12.9,8.5,26.0,3.77,12.0,0.3,0.6,0.3,-3.65,2.63,8.31,2.27,26.0,5.42,12.0,0.3,0.6,0.3,-5.19,1.73,10.15,1.67,26.0,7.19,12.0,0.3,0.6,0.3,1013.0,1018.8,1024.05,1018.12,26.0,5.23,12.0,0.3,0.6,0.3,0.0,3.5,6.0,3.8,26.0,2.7,12.0,0.3,0.6,0.3,-26.5,18.5,81.5,25.1,26.0,54.5,12.0,0.3,0.6,0.3,-51.6,11.6,106.2,17.2,26.0,85.1,12.0,0.3,0.6,0.3,1.08,2.3,5.65,3.08,25.0,2.39,14.0,0.3,0.6,0.2,0.0,16.9,52.1,24.3,25.0,24.5,14.0,0.3,0.6,0.2,4.42,6.43,10.17,6.89,23.0,3.04,14.0,0.3,0.7,0.3,18.1,59.8,89.6,57.4,23.0,36.3,14.0,0.3,0.7,0.3,-77.3,56.1,148.3,46.8,26.0,110.4,12.0,0.3,0.6,0.3,-102.1,36.6,227.3,49.3,26.0,146.3,12.0,0.3,0.6,0.3,0.0,29.8,76.7,32.5,23.0,58.0,14.0,0.3,0.7,0.3,-47.1,17.0,132.3,36.4,23.0,87.5,14.0,0.3,0.7,0.3,0.0,10.0,50.6,16.2,23.0,40.5,14.0,0.3,0.7,0.3,-53.3,8.1,47.8,-3.8,23.0,53.3,14.0,0.3,0.7,0.3,130.5,605.0,2146.5,932.5,26.0,887.0,12.0,0.3,0.6,0.3,130.0,605.0,2145.0,930.0,26.0,885.0,12.0,0.3,0.6,0.3
1974,2,281.0,30.0,21.19,23.4,24.48,23.1,21.0,2.36,14.0,0.4,0.5,0.4,15.8,19.55,22.57,19.56,22.0,2.94,14.0,0.5,0.5,0.4,7.04,9.88,14.26,10.23,19.0,3.43,14.0,0.5,0.5,0.4,56.1,69.1,82.6,69.4,20.0,15.2,14.0,0.5,0.4,3.27,6.2,9.1,6.66,22.0,3.59,14.0,0.5,0.5,0.4,0.52,5.31,7.43,4.08,22.0,4.5,14.0,0.5,0.5,0.4,-5.05,1.33,4.32,-0.13,22.0,4.65,14.0,0.5,0.5,0.4,1012.62,1017.6,1020.47,1017.26,21.0,4.05,14.0,0.5,0.5,0.4,1.2,3.0,5.8,3.4,21.0,2.3,14.0,0.4,0.5,0.5,1.4,30.3,63.9,38.4,22.0,51.7,14.0,0.5,0.5,0.4,-48.2,3.7,19.9,-10.2,22.0,49.5,14.0,0.5,0.5,0.4,1.0,3.8,6.45,3.74,21.0,3.03,14.0,0.4,0.5,0.4,3.2,18.0,69.0,28.5,21.0,31.1,14.0,0.4,0.5,0.4,4.13,8.2,11.29,7.72,18.0,3.51,14.0,0.4,0.5,0.4,13.6,39.1,86.0,50.8,18.0,42.8,14.0,0.4,0.5,0.4,10.8,91.7,149.7,78.1,22.0,79.3,14.0,0.5,0.5,0.4,-86.9,28.0,102.2,6.6,22.0,87.5,14.0,0.5,0.5,0.4,11.8,34.3,81.0,38.7,19.0,41.7,14.0,0.5,0.5,0.4,-30.9,16.4,62.7,13.0,19.0,44.2,14.0,0.5,0.5,0.4,3.5,29.0,64.1,36.3,18.0,40.0,14.0,0.4,0.5,0.4,-26.7,6.5,19.5,-4.8,18.0,39.2,14.0,0.4,0.5,0.4,35.5,238.5,756.0,569.0,22.0,877.0,14.0,0.5,0.5,0.4,35.0,240.0,755.0,570.0,22.0,875.0,14.0,0.5,0.5,0.4
1974,2,281.0,31.0,23.3,24.5,25.6,24.18,55.0,2.36,16.0,0.5,0.6,0.6,10.0,17.65,22.51,17.11,56.0,5.49,18.0,0.4,0.6,0.6,4.59,6.93,12.71,8.41,51.0,3.68,18.0,0.4,0.6,0.6,54.2,67.5,78.4,66.6,51.0,11.2,18.0,0.4,0.6,5.1,8.7,12.9,8.95,56.0,3.96,16.0,0.4,0.6,0.6,-4.75,2.02,9.21,2.81,56.0,6.18,16.0,0.4,0.6,0.6,-8.34,-2.02,6.66,-1.24,56.0,7.03,16.0,0.4,0.6,0.6,1010.6,1018.3,1026.1,1017.84,56.0,7.43,16.0,0.4,0.6,0.6,1.4,6.0,8.0,5.3,54.0,2.7,16.0,0.4,0.6,0.6,-31.4,13.9,107.0,38.7,56.0,78.7,16.0,0.4,0.6,0.6,-83.2,-7.1,81.7,-12.3,56.0,85.2,16.0,0.4,0.6,0.6,2.45,6.35,13.36,7.3,54.0,5.2,16.0,0.5,0.6,0.6,11.9,44.6,120.0,65.9,53.0,62.5,16.0,0.5,0.6,0.6,6.4,10.8,14.0,10.34,50.0,3.73,16.0,0.4,0.6,0.6,47.1,84.0,149.5,92.9,49.0,52.8,16.0,0.4,0.6,0.6,-70.8,40.7,179.7,52.2,55.0,118.4,16.0,0.4,0.6,0.6,-114.1,-33.0,134.4,1.8,55.0,121.7,16.0,0.4,0.6,0.6,-30.1,19.1,100.9,31.4,50.0,64.4,16.0,0.4,0.6,0.6,-49.0,-7.1,76.5,10.3,50.0,67.0,16.0,0.4,0.6,0.6,-35.7,20.7,97.9,29.9,49.0,63.4,16.0,0.4,0.6,0.6,-103.2,0.0,57.8,-20.8,49.0,78.9,16.0,0.4,0.6,0.6,132.5,658.5,2146.5,1141.0,56.0,1335.5,16.0,0.4,0.6,0.6,135.0,660.0,2145.0,1140.0,56.0,1335.0,16.0,0.4,0.6,0.6
1974,2,281.0,32.0,18.9,22.0,25.6,21.97,55.0,3.74,16.0,0.5,0.7,0.4,12.11,16.8,21.0,16.04,55.0,4.87,16.0,0.5,0.7,0.4,4.71,7.53,12.47,8.15,46.0,3.31,16.0,0.5,0.7,0.4,56.8,64.8,88.4,68.3,47.0,15.9,16.0,0.5,0.4,3.07,7.7,12.46,8.15,56.0,4.26,16.0,0.5,0.7,0.4,-5.1,2.63,9.27,2.7,56.0,6.33,16.0,0.5,0.7,0.4,-7.56,-0.89,4.93,-1.55,56.0,5.98,16.0,0.5,0.7,0.4,1010.62,1017.9,1023.69,1017.49,54.0,6.3,16.0,0.5,0.7,0.4,1.0,4.0,8.0,4.1,54.0,3.0,16.0,0.5,0.7,0.4,-31.3,16.8,104.9,32.4,56.0,80.0,16.0,0.5,0.7,0.4,-72.4,-4.5,38.1,-17.0,56.0,75.0,16.0,0.5,0.7,0.4,1.74,6.15,10.66,6.3,54.0,5.03,16.0,0.5,0.7,0.4,3.1,38.3,82.4,52.1,54.0,59.6,16.0,0.5,0.7,0.4,5.37,9.57,11.77,8.69,46.0,3.88,16.0,0.5,0.7,0.4,18.2,61.0,106.5,65.6,46.0,48.5,16.0,0.5,0.7,0.4,-60.4,34.5,146.6,42.5,55.0,110.8,16.0,0.5,0.7,0.4,-82.6,-11.5,101.5,-1.6,55.0,93.7,16.0,0.5,0.7,0.4,-20.6,20.3,82.3,29.9,46.0,64.5,16.0,0.5,0.7,0.4,-38.0,0.0,64.9,3.3,46.0,53.3,16.0,0.5,0.7,0.4,-32.5,19.5,79.4,18.3,46.0,57.4,16.0,0.5,0.7,0.4,-64.9,0.0,35.4,-12.9,46.0,54.2,16.0,0.5,0.7,0.4,29.0,456.5,1938.5,999.5,56.0,1375.0,16.0,0.5,0.7,0.4,30.0,455.0,1940.0,1000.0,56.0,1375.0,16.0,0.5,0.7,0.4
1974,2,281.0,33.0,17.86,20.0,21.63,19.73,8.0,3.54,16.0,0.3,0.8,0.2,13.33,16.9,20.53,16.79,8.0,3.79,16.0,0.3,0.8,0.2,6.32,7.79,11.09,8.97,7.0,2.79,16.0,0.3,0.8,0.1,62.0,68.0,89.0,71.8,7.0,14.4,16.0,0.3,0.1,6.37,10.8,13.34,10.04,8.0,4.25,16.0,0.3,0.8,0.2,-3.09,3.69,8.11,2.2,8.0,7.81,16.0,0.3,0.8,0.2,-3.42,2.91,9.69,3.48,8.0,7.28,16.0,0.3,0.8,0.2,1001.43,1015.4,1019.29,1012.0,8.0,9.6,16.0,0.3,0.8,0.2,0.2,4.0,7.9,4.1,8.0,3.3,16.0,0.3,0.8,0.2,-24.1,32.2,104.1,28.5,8.0,97.8,16.0,0.3,0.8,0.2,-26.4,18.1,121.2,42.3,8.0,97.8,16.0,0.3,0.8,0.2,0.12,3.25,5.49,2.94,8.0,3.31,16.0,0.3,0.8,0.2,1.9,23.5,54.0,29.9,8.0,37.4,16.0,0.3,0.8,0.2,2.75,6.91,8.62,6.35,7.0,2.9,16.0,0.3,0.8,0.1,25.4,72.9,90.2,62.9,7.0,35.7,16.0,0.3,0.8,0.1,-59.4,66.8,153.2,40.7,8.0,118.8,16.0,0.3,0.8,0.2,-71.9,38.7,189.1,69.4,8.0,136.9,16.0,0.3,0.8,0.2,-32.1,62.4,74.4,26.6,7.0,66.2,16.0,0.3,0.8,0.1,-42.0,0.0,88.3,39.0,7.0,87.0,16.0,0.3,0.8,0.1,-27.8,10.2,72.0,17.7,7.0,59.7,16.0,0.3,0.8,0.1,-36.8,0.0,30.8,7.9,7.0,43.4,16.0,0.3,0.8,0.1,262.5,1402.5,2377.5,1467.0,8.0,1300.0,16.0,0.3,0.8,0.2,265.0,1405.0,2375.0,1465.0,8.0,1300.0,16.0,0.3,0.8,0.2
1974,2,282.0,-67.0,,,,,,,,,,,,,,,,,,,,,,,,,,,,,,,,,,,,,,,,,,,,,,,,,,,,,,,,,,,,,,,,,,,,,,,,,,,,,,,,2.0,2.0,2.0,2.0,1.0,0.0,24.0,0.0,0.8,0.5,48.7,48.7,48.7,48.7,1.0,0.0,24.0,0.0,0.8,0.5,-17.7,-17.7,-17.7,-17.7,1.0,0.0,24.0,0.0,0.8,0.5,,,,,,,,,,,,,,,,,,,,,,,,,,,,,,,,,,,,,,,,,,,,,,,,,,,,,,,,,,,,,,,,,,,,,,,,,,,,,,,,,,,,,,,,,,,,,,,,,,,,,,,,,,,,,,,,,,,,,,,,
1974,2,282.0,-56.0,7.7,7.7,7.7,7.7,1.0,0.0,26.0,1.0,0.1,0.9,6.8,6.8,6.8,6.8,1.0,0.0,26.0,1.0,0.1,0.9,5.76,5.76,5.76,5.76,1.0,0.0,26.0,1.0,0.1,0.9,92.1,92.1,92.1,92.1,1.0,0.0,26.0,1.0,0.9,15.4,15.4,15.4,15.4,1.0,0.0,26.0,1.0,0.1,0.9,15.17,15.17,15.17,15.17,1.0,0.0,26.0,1.0,0.1,0.9,2.67,2.67,2.67,2.67,1.0,0.0,26.0,1.0,0.1,0.9,989.5,989.5,989.5,989.5,1.0,0.0,26.0,1.0,0.1,0.9,6.0,6.0,6.0,6.0,1.0,0.0,26.0,1.0,0.1,0.9,233.6,233.6,233.6,233.6,1.0,0.0,26.0,1.0,0.1,0.9,41.2,41.2,41.2,41.2,1.0,0.0,26.0,1.0,0.1,0.9,0.9,0.9,0.9,0.9,1.0,0.0,26.0,1.0,0.1,0.9,13.9,13.9,13.9,13.9,1.0,0.0,26.0,1.0,0.1,0.9,0.9,0.9,0.9,0.9,1.0,0.0,26.0,1.0,0.1,0.9,13.8,13.8,13.8,13.8,1.0,0.0,26.0,1.0,0.1,0.9,103.1,103.1,103.1,103.1,1.0,0.0,26.0,1.0,0.1,0.9,18.2,18.2,18.2,18.2,1.0,0.0,26.0,1.0,0.1,0.9,87.4,87.4,87.4,87.4,1.0,0.0,26.0,1.0,0.1,0.9,15.4,15.4,15.4,15.4,1.0,0.0,26.0,1.0,0.1,0.9,13.6,13.6,13.6,13.6,1.0,0.0,26.0,1.0,0.1,0.9,2.4,2.4,2.4,2.4,1.0,0.0,26.0,1.0,0.1,0.9,3652.5,3652.5,3652.5,3652.5,1.0,0.0,26.0,1.0,0.1,0.9,3650.0,3650.0,3650.0,3650.0,1.0,0.0,26.0,1.0,0.1,0.9
1974,2,282.0,-54.0,8.7,8.7,8.7,8.7,1.0,0.0,26.0,1.0,0.4,0.6,5.95,8.0,10.05,8.0,2.0,4.24,26.0,1.0,0.5,0.4,8.13,8.13,8.13,8.13,1.0,0.0,26.0,1.0,0.4,0.6,98.0,98.0,98.0,98.0,1.0,0.0,26.0,1.0,0.6,17.13,19.55,21.97,19.55,2.0,5.02,26.0,1.0,0.5,0.4,11.01,12.57,14.12,12.57,2.0,3.23,26.0,1.0,0.5,0.4,-16.83,-14.98,-13.12,-14.98,2.0,3.85,26.0,1.0,0.5,0.4,993.1,994.4,995.7,994.4,2.0,2.69,26.0,1.0,0.5,0.4,8.0,8.0,8.0,8.0,1.0,0.0,26.0,1.0,0.4,0.6,192.9,253.8,314.7,253.8,2.0,126.2,26.0,1.0,0.5,0.4,-375.0,-302.4,-229.9,-302.4,2.0,150.4,26.0,1.0,0.5,0.4,-2.3,-2.3,-2.3,-2.3,1.0,0.0,26.0,1.0,0.4,0.6,-53.1,-53.1,-53.1,-53.1,1.0,0.0,26.0,1.0,0.4,0.6,-1.03,-1.03,-1.03,-1.03,1.0,0.0,26.0,1.0,0.4,0.6,-23.7,-23.7,-23.7,-23.7,1.0,0.0,26.0,1.0,0.4,0.6,69.2,107.4,145.6,107.4,2.0,79.1,26.0,1.0,0.5,0.4,-173.5,-128.0,-82.4,-128.0,2.0,94.3,26.0,1.0,0.5,0.4,120.8,120.8,120.8,120.8,1.0,0.0,26.0,1.0,0.4,0.6,-143.9,-143.9,-143.9,-143.9,1.0,0.0,26.0,1.0,0.4,0.6,-15.2,-15.2,-15.2,-15.2,1.0,0.0,26.0,1.0,0.4,0.6,18.2,18.2,18.2,18.2,1.0,0.0,26.0,1.0,0.4,0.6,5402.0,8211.0,11020.0,8211.0,2.0,5820.0,26.0,1.0,0.5,0.4,5400.0,8210.0,11020.0,8210.0,2.0,5820.0,26.0,1.0,0.5,0.4
1974,2,282.0,-53.0,9.9,9.9,9.9,9.9,1.0,0.0,26.0,1.0,0.6,0.5,11.3,11.3,11.3,11.3,1.0,0.0,26.0,1.0,0.6,0.5,8.12,8.12,8.12,8.12,1.0,0.0,26.0,1.0,0.6,0.5,96.7,96.7,96.7,96.7,1.0,0.0,26.0,1.0,0.5,20.6,20.6,20.6,20.6,1.0,0.0,26.0,1.0,0.6,0.5,13.24,13.24,13.24,13.24,1.0,0.0,26.0,1.0,0.6,0.5,-15.78,-15.78,-15.78,-15.78,1.0,0.0,26.0,1.0,0.6,0.5,1001.2,1001.2,1001.2,1001.2,1.0,0.0,26.0,1.0,0.6,0.5,8.0,8.0,8.0,8.0,1.0,0.0,26.0,1.0,0.6,0.5,272.8,272.8,272.8,272.8,1.0,0.0,26.0,1.0,0.6,0.5,-325.1,-325.1,-325.1,-325.1,1.0,0.0,26.0,1.0,0.6,0.5,-1.4,-1.4,-1.4,-1.4,1.0,0.0,26.0,1.0,0.6,0.5,-28.8,-28.8,-28.8,-28.8,1.0,0.0,26.0,1.0,0.6,0.5,-0.48,-0.48,-0.48,-0.48,1.0,0.0,26.0,1.0,0.6,0.5,-9.8,-9.8,-9.8,-9.8,1.0,0.0,26.0,1.0,0.6,0.5,149.6,149.6,149.6,149.6,1.0,0.0,26.0,1.0,0.6,0.5,-178.3,-178.3,-178.3,-178.3,1.0,0.0,26.0,1.0,0.6,0.5,107.5,107.5,107.5,107.5,1.0,0.0,26.0,1.0,0.6,0.5,-128.1,-128.1,-128.1,-128.1,1.0,0.0,26.0,1.0,0.6,0.5,-6.3,-6.3,-6.3,-6.3,1.0,0.0,26.0,1.0,0.6,0.5,7.5,7.5,7.5,7.5,1.0,0.0,26.0,1.0,0.6,0.5,8742.0,8742.0,8742.0,8742.0,1.0,0.0,26.0,1.0,0.6,0.5,8740.0,8740.0,8740.0,8740.0,1.0,0.0,26.0,1.0,0.6,0.5
1974,2,282.0,-52.0,9.9,9.9,9.9,9.9,1.0,0.0,26.0,1.0,0.9,0.2,10.5,10.5,10.5,10.5,1.0,0.0,26.0,1.0,0.9,0.2,7.45,7.45,7.45,7.45,1.0,0.0,26.0,1.0,0.9,0.2,94.2,94.2,94.2,94.2,1.0,0.0,26.0,1.0,0.2,17.5,17.5,17.5,17.5,1.0,0.0,26.0,1.0,0.9,0.2,11.25,11.25,11.25,11.25,1.0,0.0,26.0,1.0,0.9,0.2,-13.41,-13.41,-13.41,-13.41,1.0,0.0,26.0,1.0,0.9,0.2,1006.2,1006.2,1006.2,1006.2,1.0,0.0,26.0,1.0,0.9,0.2,8.0,8.0,8.0,8.0,1.0,0.0,26.0,1.0,0.9,0.2,196.9,196.9,196.9,196.9,1.0,0.0,26.0,1.0,0.9,0.2,-234.6,-234.6,-234.6,-234.6,1.0,0.0,26.0,1.0,0.9,0.2,-0.6,-0.6,-0.6,-0.6,1.0,0.0,26.0,1.0,0.9,0.2,-10.5,-10.5,-10.5,-10.5,1.0,0.0,26.0,1.0,0.9,0.2,0.15,0.15,0.15,0.15,1.0,0.0,26.0,1.0,0.9,0.2,2.7,2.7,2.7,2.7,1.0,0.0,26.0,1.0,0.9,0.2,118.1,118.1,118.1,118.1,1.0,0.0,26.0,1.0,0.9,0.2,-140.8,-140.8,-140.8,-140.8,1.0,0.0,26.0,1.0,0.9,0.2,83.8,83.8,83.8,83.8,1.0,0.0,26.0,1.0,0.9,0.2,-99.9,-99.9,-99.9,-99.9,1.0,0.0,26.0,1.0,0.9,0.2,1.7,1.7,1.7,1.7,1.0,0.0,26.0,1.0,0.9,0.2,-2.0,-2.0,-2.0,-2.0,1.0,0.0,26.0,1.0,0.9,0.2,5359.5,5359.5,5359.5,5359.5,1.0,0.0,26.0,1.0,0.9,0.2,5360.0,5360.0,5360.0,5360.0,1.0,0.0,26.0,1.0,0.9,0.2
1974,2,282.0,-20.0,22.9,22.9,22.9,22.9,1.0,0.0,22.0,0.0,0.3,0.7,21.5,21.5,21.5,21.5,1.0,0.0,22.0,0.0,0.3,0.7,11.23,11.23,11.23,11.23,1.0,0.0,22.0,0.0,0.3,0.7,70.4,70.4,70.4,70.4,1.0,0.0,22.0,0.0,0.7,6.2,6.2,6.2,6.2,1.0,0.0,22.0,0.0,0.3,0.7,-3.1,-3.1,-3.1,-3.1,1.0,0.0,22.0,0.0,0.3,0.7,5.37,5.37,5.37,5.37,1.0,0.0,22.0,0.0,0.3,0.7,1011.5,1011.5,1011.5,1011.5,1.0,0.0,22.0,0.0,0.3,0.7,6.0,6.0,6.0,6.0,1.0,0.0,22.0,0.0,0.3,0.7,-19.2,-19.2,-19.2,-19.2,1.0,0.0,22.0,0.0,0.3,0.7,33.3,33.3,33.3,33.3,1.0,0.0,22.0,0.0,0.3,0.7,1.4,1.4,1.4,1.4,1.0,0.0,22.0,0.0,0.3,0.7,8.7,8.7,8.7,8.7,1.0,0.0,22.0,0.0,0.3,0.7,6.2,6.2,6.2,6.2,1.0,0.0,22.0,0.0,0.3,0.7,38.4,38.4,38.4,38.4,1.0,0.0,22.0,0.0,0.3,0.7,-66.6,-66.6,-66.6,-66.6,1.0,0.0,22.0,0.0,0.3,0.7,115.4,115.4,115.4,115.4,1.0,0.0,22.0,0.0,0.3,0.7,-34.8,-34.8,-34.8,-34.8,1.0,0.0,22.0,0.0,0.3,0.7,60.3,60.3,60.3,60.3,1.0,0.0,22.0,0.0,0.3,0.7,-19.2,-19.2,-19.2,-19.2,1.0,0.0,22.0,0.0,0.3,0.7,33.3,33.3,33.3,33.3,1.0,0.0,22.0,0.0,0.3,0.7,238.5,238.5,238.5,238.5,1.0,0.0,22.0,0.0,0.3,0.7,240.0,240.0,240.0,240.0,1.0,0.0,22.0,0.0,0.3,0.7
1974,2,282.0,-19.0,21.39,22.0,22.61,22.0,2.0,1.27,16.0,0.0,0.6,0.6,22.22,22.25,22.28,22.25,2.0,0.07,16.0,0.0,0.6,0.6,12.28,12.7,13.12,12.7,2.0,0.87,16.0,0.0,0.6,0.6,73.6,76.2,78.8,76.2,2.0,5.4,16.0,0.0,0.6,5.43,6.15,6.87,6.15,2.0,1.48,16.0,0.0,0.6,0.6,-3.55,-3.44,-3.33,-3.44,2.0,0.23,16.0,0.0,0.6,0.6,4.28,5.07,5.87,5.07,2.0,1.65,16.0,0.0,0.6,0.6,1013.2,1013.85,1014.5,1013.85,2.0,1.34,16.0,0.0,0.6,0.6,2.1,4.5,6.9,4.5,2.0,4.9,16.0,0.0,0.6,0.6,-24.5,-21.3,-18.2,-21.3,2.0,6.5,16.0,0.0,0.6,0.6,23.9,32.4,40.9,32.4,2.0,17.7,16.0,0.0,0.6,0.6,-0.9,-0.25,0.4,-0.25,2.0,1.34,16.0,0.0,0.6,0.6,-4.3,-0.5,3.3,-0.5,2.0,7.9,16.0,0.0,0.6,0.6,3.56,3.77,3.99,3.77,2.0,0.44,16.0,0.0,0.6,0.6,19.5,23.5,27.5,23.5,2.0,8.3,16.0,0.0,0.6,0.6,-78.8,-76.5,-74.2,-76.5,2.0,4.8,16.0,0.0,0.6,0.6,95.3,112.8,130.3,112.8,2.0,36.3,16.0,0.0,0.6,0.6,-46.6,-43.8,-40.9,-43.8,2.0,5.9,16.0,0.0,0.6,0.6,52.9,65.1,77.4,65.1,2.0,25.3,16.0,0.0,0.6,0.6,-14.2,-13.0,-11.9,-13.0,2.0,2.4,16.0,0.0,0.6,0.6,15.4,19.5,23.6,19.5,2.0,8.5,16.0,0.0,0.6,0.6,171.0,253.0,335.0,253.0,2.0,170.0,16.0,0.0,0.6,0.6,170.0,255.0,335.0,255.0,2.0,170.0,16.0,0.0,0.6,0.6
1974,2,282.0,-18.0,23.8,23.8,23.8,23.8,1.0,0.0,22.0,0.0,0.2,0.1,22.8,22.8,22.8,22.8,1.0,0.0,22.0,0.0,0.2,0.1,12.53,12.53,12.53,12.53,1.0,0.0,22.0,0.0,0.2,0.1,72.5,72.5,72.5,72.5,1.0,0.0,22.0,0.0,0.1,6.7,6.7,6.7,6.7,1.0,0.0,22.0,0.0,0.2,0.1,-4.31,-4.31,-4.31,-4.31,1.0,0.0,22.0,0.0,0.2,0.1,5.13,5.13,5.13,5.13,1.0,0.0,22.0,0.0,0.2,0.1,1010.6,1010.6,1010.6,1010.6,1.0,0.0,22.0,0.0,0.2,0.1,5.0,5.0,5.0,5.0,1.0,0.0,22.0,0.0,0.2,0.1,-28.9,-28.9,-28.9,-28.9,1.0,0.0,22.0,0.0,0.2,0.1,34.4,34.4,34.4,34.4,1.0,0.0,22.0,0.0,0.2,0.1,1.0,1.0,1.0,1.0,1.0,0.0,22.0,0.0,0.2,0.1,6.7,6.7,6.7,6.7,1.0,0.0,22.0,0.0,0.2,0.1,5.9,5.9,5.9,5.9,1.0,0.0,22.0,0.0,0.2,0.1,39.5,39.5,39.5,39.5,1.0,0.0,22.0,0.0,0.2,0.1,-98.2,-98.2,-98.2,-98.2,1.0,0.0,22.0,0.0,0.2,0.1,117.0,117.0,117.0,117.0,1.0,0.0,22.0,0.0,0.2,0.1,-54.0,-54.0,-54.0,-54.0,1.0,0.0,22.0,0.0,0.2,0.1,64.3,64.3,64.3,64.3,1.0,0.0,22.0,0.0,0.2,0.1,-25.4,-25.4,-25.4,-25.4,1.0,0.0,22.0,0.0,0.2,0.1,30.3,30.3,30.3,30.3,1.0,0.0,22.0,0.0,0.2,0.1,301.0,301.0,301.0,301.0,1.0,0.0,22.0,0.0,0.2,0.1,300.0,300.0,300.0,300.0,1.0,0.0,22.0,0.0,0.2,0.1
1974,2,282.0,-17.0,20.6,20.6,20.6,20.6,1.0,0.0,10.0,1.0,0.4,0.3,22.2,22.2,22.2,22.2,1.0,0.0,10.0,1.0,0.4,0.3,14.32,14.32,14.32,14.32,1.0,0.0,10.0,1.0,0.4,0.3,86.3,86.3,86.3,86.3,1.0,0.0,10.0,1.0,0.3,7.2,7.2,7.2,7.2,1.0,0.0,10.0,1.0,0.4,0.3,-6.77,-6.77,-6.77,-6.77,1.0,0.0,10.0,1.0,0.4,0.3,2.46,2.46,2.46,2.46,1.0,0.0,10.0,1.0,0.4,0.3,1015.9,1015.9,1015.9,1015.9,1.0,0.0,10.0,1.0,0.4,0.3,1.0,1.0,1.0,1.0,1.0,0.0,10.0,1.0,0.4,0.3,-48.7,-48.7,-48.7,-48.7,1.0,0.0,10.0,1.0,0.4,0.3,17.7,17.7,17.7,17.7,1.0,0.0,10.0,1.0,0.4,0.3,-1.6,-1.6,-1.6,-1.6,1.0,0.0,10.0,1.0,0.4,0.3,-11.5,-11.5,-11.5,-11.5,1.0,0.0,10.0,1.0,0.4,0.3,0.73,0.73,0.73,0.73,1.0,0.0,10.0,1.0,0.4,0.3,5.3,5.3,5.3,5.3,1.0,0.0,10.0,1.0,0.4,0.3,-150.2,-150.2,-150.2,-150.2,1.0,0.0,10.0,1.0,0.4,0.3,54.7,54.7,54.7,54.7,1.0,0.0,10.0,1.0,0.4,0.3,-96.9,-96.9,-96.9,-96.9,1.0,0.0,10.0,1.0,0.4,0.3,35.3,35.3,35.3,35.3,1.0,0.0,10.0,1.0,0.4,0.3,-5.0,-5.0,-5.0,-5.0,1.0,0.0,10.0,1.0,0.4,0.3,1.8,1.8,1.8,1.8,1.0,0.0,10.0,1.0,0.4,0.3,373.0,373.0,373.0,373.0,1.0,0.0,10.0,1.0,0.4,0.3,375.0,375.0,375.0,375.0,1.0,0.0,10.0,1.0,0.4,0.3
1974,2,282.0,-14.0,17.6,18.9,19.38,18.5,3.0,1.35,16.0,0.7,0.7,0.9,20.0,20.0,20.55,20.27,3.0,0.46,16.0,0.7,0.7,0.9,12.48,13.96,13.96,13.24,3.0,1.25,16.0,0.7,0.7,0.9,84.4,91.1,94.3,89.4,3.0,7.4,16.0,0.7,0.9,3.58,4.6,5.69,4.63,3.0,1.55,16.0,0.7,0.7,0.9,-3.06,-1.06,0.21,-1.42,3.0,2.41,16.0,0.7,0.7,0.9,3.43,4.53,4.68,4.06,3.0,1.0,16.0,0.7,0.7,0.9,1010.13,1010.4,1012.79,1011.43,3.0,2.15,16.0,0.7,0.7,0.9,3.3,6.0,7.4,5.3,3.0,3.1,16.0,0.7,0.7,0.9,-17.9,-3.3,1.5,-8.1,3.0,14.8,16.0,0.7,0.7,0.9,12.8,20.8,26.7,19.8,3.0,10.2,16.0,0.7,0.7,0.9,-2.43,-1.2,-1.13,-1.77,3.0,1.07,16.0,0.7,0.7,0.9,-11.8,-7.4,-4.7,-8.2,3.0,5.2,16.0,0.7,0.7,0.9,-1.21,0.27,1.29,0.05,3.0,1.84,16.0,0.7,0.7,0.9,-5.4,1.6,4.3,-0.5,3.0,7.3,16.0,0.7,0.7,0.9,-63.3,-21.2,4.2,-29.4,3.0,49.9,16.0,0.7,0.7,0.9,68.5,90.6,96.2,82.6,3.0,21.4,16.0,0.7,0.7,0.9,-41.9,-12.5,3.6,-19.0,3.0,33.9,16.0,0.7,0.7,0.9,43.5,63.2,65.3,54.6,3.0,17.6,16.0,0.7,0.7,0.9,-1.8,-1.5,-1.2,-1.5,3.0,0.4,16.0,0.7,0.7,0.9,-5.5,1.3,3.9,-0.7,3.0,7.1,16.0,0.7,0.7,0.9,51.0,97.5,193.5,122.0,3.0,106.5,16.0,0.7,0.7,0.9,50.0,95.0,195.0,120.0,3.0,105.0,16.0,0.7,0.7,0.9
1974,2,282.0,-13.0,19.13,19.9,23.06,21.0,5.0,2.48,12.0,0.2,0.6,0.6,19.57,20.6,23.04,21.18,5.0,1.98,12.0,0.2,0.6,0.6,12.84,13.31,14.68,13.74,4.0,1.26,12.0,0.3,0.6,0.7,84.7,89.5,94.6,89.6,4.0,5.7,12.0,0.3,0.7,1.27,3.1,6.63,3.9,5.0,3.54,12.0,0.2,0.6,0.6,-1.62,0.0,0.0,-0.74,5.0,1.17,12.0,0.2,0.6,0.6,0.98,1.73,6.63,3.54,5.0,3.72,12.0,0.2,0.6,0.6,1011.32,1011.5,1011.72,1011.52,5.0,0.39,12.0,0.2,0.6,0.6,0.5,1.5,4.1,2.3,4.0,2.6,12.0,0.3,0.6,0.7,-4.3,0.0,0.0,-2.1,5.0,3.6,12.0,0.2,0.6,0.6,2.2,4.8,48.1,24.2,5.0,36.3,12.0,0.2,0.6,0.6,-0.89,0.0,0.4,-0.18,5.0,0.92,12.0,0.2,0.6,0.6,-5.5,0.0,1.2,-2.2,5.0,6.3,12.0,0.2,0.6,0.6,0.77,0.92,2.67,1.69,4.0,1.67,12.0,0.3,0.6,0.7,1.7,6.5,11.3,6.5,4.0,5.8,12.0,0.3,0.6,0.7,-37.7,0.0,0.0,-17.3,5.0,27.8,12.0,0.2,0.6,0.6,23.4,39.1,134.4,73.8,5.0,75.2,12.0,0.2,0.6,0.6,-21.8,0.0,0.0,-10.4,4.0,20.8,12.0,0.3,0.6,0.7,11.4,47.1,96.0,53.4,4.0,52.8,12.0,0.3,0.6,0.7,-5.9,0.0,0.0,-2.8,4.0,5.6,12.0,0.3,0.6,0.7,1.7,5.1,8.0,4.9,4.0,4.0,12.0,0.3,0.6,0.7,5.0,30.0,378.0,195.0,5.0,345.0,12.0,0.2,0.6,0.6,5.0,30.0,380.0,195.0,5.0,345.0,12.0,0.2,0.6,0.6
1974,2,282.0,-12.0,18.74,19.25,19.76,19.25,2.0,1.06,14.0,0.5,0.3,0.5,19.57,19.95,20.33,19.95,2.0,0.78,14.0,0.5,0.3,0.5,12.75,13.13,13.51,13.13,2.0,0.78,14.0,0.5,0.3,0.5,90.1,90.5,90.9,90.5,2.0,0.9,14.0,0.5,0.5,2.92,3.6,4.28,3.6,2.0,1.41,14.0,0.5,0.3,0.5,-0.38,-0.23,-0.07,-0.23,2.0,0.32,14.0,0.5,0.3,0.5,2.88,3.58,4.28,3.58,2.0,1.44,14.0,0.5,0.3,0.5,1011.69,1012.3,1012.91,1012.3,2.0,1.27,14.0,0.5,0.3,0.5,1.3,4.0,6.7,4.0,2.0,5.7,14.0,0.5,0.3,0.5,-1.0,-0.6,-0.2,-0.6,2.0,0.8,14.0,0.5,0.3,0.5,9.0,13.9,18.9,13.9,2.0,10.3,14.0,0.5,0.3,0.5,-1.59,-0.7,0.19,-0.7,2.0,1.84,14.0,0.5,0.3,0.5,-3.9,-1.2,1.5,-1.2,2.0,5.6,14.0,0.5,0.3,0.5,-0.05,0.77,1.58,0.77,2.0,1.69,14.0,0.5,0.3,0.5,0.5,4.0,7.4,4.0,2.0,7.2,14.0,0.5,0.3,0.5,-7.8,-4.6,-1.5,-4.6,2.0,6.5,14.0,0.5,0.3,0.5,58.3,70.9,83.4,70.9,2.0,26.0,14.0,0.5,0.3,0.5,-5.2,-3.1,-1.0,-3.1,2.0,4.4,14.0,0.5,0.3,0.5,38.7,46.4,54.2,46.4,2.0,16.1,14.0,0.5,0.3,0.5,0.0,0.1,0.2,0.1,2.0,0.1,14.0,0.5,0.3,0.5,0.5,4.0,7.4,4.0,2.0,7.2,14.0,0.5,0.3,0.5,30.0,57.5,84.5,57.5,2.0,56.5,14.0,0.5,0.3,0.5,30.0,55.0,85.0,55.0,2.0,55.0,14.0,0.5,0.3,0.5
1974,2,282.0,2.0,26.1,26.1,26.1,26.1,1.0,0.0,22.0,0.0,0.9,0.0,25.2,25.2,25.2,25.2,1.0,0.0,22.0,0.0,0.9,0.0,16.4,16.4,16.4,16.4,1.0,0.0,22.0,0.0,0.9,0.0,82.4,82.4,82.4,82.4,1.0,0.0,22.0,0.0,0.0,7.0,7.0,7.0,7.0,1.0,0.0,22.0,0.0,0.9,0.0,-6.58,-6.58,-6.58,-6.58,1.0,0.0,22.0,0.0,0.9,0.0,-2.39,-2.39,-2.39,-2.39,1.0,0.0,22.0,0.0,0.9,0.0,1017.4,1017.4,1017.4,1017.4,1.0,0.0,22.0,0.0,0.9,0.0,,,,,,,,,,,,,,,,,,,,,,,,,,,,,,,0.9,0.9,0.9,0.9,1.0,0.0,22.0,0.0,0.9,0.0,6.3,6.3,6.3,6.3,1.0,0.0,22.0,0.0,0.9,0.0,4.64,4.64,4.64,4.64,1.0,0.0,22.0,0.0,0.9,0.0,32.5,32.5,32.5,32.5,1.0,0.0,22.0,0.0,0.9,0.0,-165.8,-165.8,-165.8,-165.8,1.0,0.0,22.0,0.0,0.9,0.0,-60.3,-60.3,-60.3,-60.3,1.0,0.0,22.0,0.0,0.9,0.0,-107.8,-107.8,-107.8,-107.8,1.0,0.0,22.0,0.0,0.9,0.0,-39.3,-39.3,-39.3,-39.3,1.0,0.0,22.0,0.0,0.9,0.0,-30.5,-30.5,-30.5,-30.5,1.0,0.0,22.0,0.0,0.9,0.0,-11.1,-11.1,-11.1,-11.1,1.0,0.0,22.0,0.0,0.9,0.0,343.0,343.0,343.0,343.0,1.0,0.0,22.0,0.0,0.9,0.0,345.0,345.0,345.0,345.0,1.0,0.0,22.0,0.0,0.9,0.0
1974,2,282.0,4.0,28.8,28.8,28.8,28.8,1.0,0.0,20.0,0.0,0.1,0.7,25.6,25.6,25.6,25.6,1.0,0.0,20.0,0.0,0.1,0.7,17.6,17.6,17.6,17.6,1.0,0.0,20.0,0.0,0.1,0.7,85.6,85.6,85.6,85.6,1.0,0.0,20.0,0.0,0.7,4.1,4.1,4.1,4.1,1.0,0.0,20.0,0.0,0.1,0.7,1.4,1.4,1.4,1.4,1.0,0.0,20.0,0.0,0.1,0.7,-3.85,-3.85,-3.85,-3.85,1.0,0.0,20.0,0.0,0.1,0.7,1007.8,1007.8,1007.8,1007.8,1.0,0.0,20.0,0.0,0.1,0.7,3.0,3.0,3.0,3.0,1.0,0.0,20.0,0.0,0.1,0.7,5.7,5.7,5.7,5.7,1.0,0.0,20.0,0.0,0.1,0.7,-15.8,-15.8,-15.8,-15.8,1.0,0.0,20.0,0.0,0.1,0.7,3.2,3.2,3.2,3.2,1.0,0.0,20.0,0.0,0.1,0.7,13.1,13.1,13.1,13.1,1.0,0.0,20.0,0.0,0.1,0.7,7.34,7.34,7.34,7.34,1.0,0.0,20.0,0.0,0.1,0.7,30.1,30.1,30.1,30.1,1.0,0.0,20.0,0.0,0.1,0.7,35.9,35.9,35.9,35.9,1.0,0.0,20.0,0.0,0.1,0.7,-98.6,-98.6,-98.6,-98.6,1.0,0.0,20.0,0.0,0.1,0.7,24.7,24.7,24.7,24.7,1.0,0.0,20.0,0.0,0.1,0.7,-67.8,-67.8,-67.8,-67.8,1.0,0.0,20.0,0.0,0.1,0.7,10.3,10.3,10.3,10.3,1.0,0.0,20.0,0.0,0.1,0.7,-28.3,-28.3,-28.3,-28.3,1.0,0.0,20.0,0.0,0.1,0.7,69.0,69.0,69.0,69.0,1.0,0.0,20.0,0.0,0.1,0.7,70.0,70.0,70.0,70.0,1.0,0.0,20.0,0.0,0.1,0.7
1974,2,282.0,7.0,,,,,,,,,,,,,,,,,,,,,,,,,,,,,,,,,,,,,,,,0.0,0.0,0.0,0.0,1.0,0.0,8.0,1.0,0.8,0.7,0.0,0.0,0.0,0.0,1.0,0.0,8.0,1.0,0.8,0.7,0.0,0.0,0.0,0.0,1.0,0.0,8.0,1.0,0.8,0.7,1010.5,1010.5,1010.5,1010.5,1.0,0.0,8.0,1.0,0.8,0.7,,,,,,,,,,,,,,,,,,,,,,,,,,,,,,,,,,,,,,,,,,,,,,,,,,,,,,,,,,,,,,,,,,,,,,,,,,,,,,,,,,,,,,,,,,,,,,,,,,,,,,,,,,,,,,,,,,,,,,,,,,,,,,,,,,,,,,,,,,,,,,,,,,,,,,
1974,2,282.0,8.0,,,,,,,,,,,,,,,,,,,,,,,,,,,,,,,,,,,,,,,,7.0,7.0,7.0,7.0,1.0,0.0,12.0,1.0,0.6,0.3,0.0,0.0,0.0,0.0,1.0,0.0,12.0,1.0,0.6,0.3,-7.0,-7.0,-7.0,-7.0,1.0,0.0,12.0,1.0,0.6,0.3,1013.1,1013.1,1013.1,1013.1,1.0,0.0,12.0,1.0,0.6,0.3,,,,,,,,,,,,,,,,,,,,,,,,,,,,,,,,,,,,,,,,,,,,,,,,,,,,,,,,,,,,,,,,,,,,,,,,,,,,,,,,,,,,,,,,,,,,,,,,,,,,,,,,,,,,,,,,,,,,,,,,,,,,,,,,,,,,,,,,,,,,,,,,,,,,,,
1974,2,282.0,10.0,25.0,25.5,27.0,25.82,18.0,1.19,14.0,0.6,0.6,0.5,25.0,25.5,25.98,25.55,17.0,0.49,12.0,0.5,0.5,0.5,16.46,17.03,17.75,17.06,16.0,0.75,12.0,0.4,0.5,0.5,79.7,83.3,87.7,83.3,16.0,4.4,12.0,0.4,0.5,6.63,10.3,12.97,10.06,19.0,3.25,14.0,0.5,0.6,0.5,-10.14,-6.67,-4.26,-6.89,19.0,3.02,14.0,0.5,0.6,0.5,-10.01,-6.7,-3.75,-6.47,19.0,3.74,14.0,0.5,0.6,0.5,1008.81,1011.6,1012.8,1010.85,19.0,2.02,14.0,0.5,0.6,0.5,0.9,3.0,7.0,3.5,19.0,2.8,14.0,0.5,0.6,0.5,-152.9,-63.2,-28.3,-76.2,19.0,50.9,14.0,0.5,0.6,0.5,-134.1,-65.5,-22.6,-72.7,19.0,56.0,14.0,0.5,0.6,0.5,-0.5,0.0,1.41,0.33,16.0,0.92,14.0,0.5,0.5,0.6,-4.7,0.0,13.1,2.6,16.0,8.2,14.0,0.5,0.5,0.6,2.35,3.31,5.3,3.71,15.0,1.51,14.0,0.5,0.5,0.5,19.9,35.2,49.2,37.2,15.0,18.0,14.0,0.5,0.5,0.5,-269.3,-174.7,-106.9,-176.2,17.0,79.3,12.0,0.5,0.5,0.5,-262.3,-132.4,-92.6,-161.2,17.0,99.4,12.0,0.5,0.5,0.5,-185.1,-107.6,-67.4,-117.2,16.0,56.2,12.0,0.4,0.5,0.5,-177.4,-105.0,-67.8,-111.0,16.0,66.0,12.0,0.4,0.5,0.5,-34.2,-22.6,-12.2,-24.6,15.0,13.8,14.0,0.5,0.5,0.5,-36.5,-21.8,-12.0,-24.1,15.0,18.6,14.0,0.5,0.5,0.5,292.0,1092.5,2184.0,1321.0,19.0,1096.5,14.0,0.5,0.6,0.5,290.0,1095.0,2185.0,1320.0,19.0,1095.0,14.0,0.5,0.6,0.5
1974,2,282.0,11.0,25.0,25.8,27.0,26.02,28.0,1.08,16.0,0.6,0.6,0.4,25.11,25.9,27.09,26.18,36.0,1.17,16.0,0.5,0.6,0.4,15.86,16.55,18.05,16.84,31.0,1.14,16.0,0.5,0.6,0.4,75.8,81.2,85.1,80.1,31.0,6.4,16.0,0.5,0.4,7.7,9.3,12.9,10.16,36.0,2.86,16.0,0.5,0.6,0.4,-9.18,-7.12,-5.27,-7.42,36.0,2.4,16.0,0.5,0.6,0.4,-9.88,-6.28,-3.85,-6.54,36.0,2.81,16.0,0.5,0.6,0.4,1009.8,1011.2,1013.83,1011.64,36.0,2.1,16.0,0.5,0.6,0.4,1.0,2.0,5.0,2.8,36.0,2.0,16.0,0.5,0.6,0.4,-120.8,-66.3,-38.9,-80.5,36.0,47.7,16.0,0.5,0.6,0.4,-127.5,-55.6,-27.4,-73.0,36.0,45.3,16.0,0.5,0.6,0.4,-1.07,-0.15,1.1,-0.03,28.0,1.26,16.0,0.6,0.6,0.4,-9.9,-1.5,9.0,-0.7,28.0,13.0,16.0,0.6,0.6,0.4,2.68,4.15,6.37,4.35,28.0,1.95,16.0,0.6,0.6,0.4,20.9,40.6,74.9,46.2,28.0,28.2,16.0,0.6,0.6,0.4,-251.3,-184.6,-134.8,-195.1,36.0,66.6,16.0,0.5,0.6,0.4,-253.1,-163.8,-98.5,-172.1,36.0,76.8,16.0,0.5,0.6,0.4,-183.5,-123.2,-88.5,-126.2,31.0,41.6,16.0,0.5,0.6,0.4,-162.5,-105.7,-56.1,-105.7,31.0,49.1,16.0,0.5,0.6,0.4,-62.0,-32.4,-17.3,-35.4,28.0,21.7,16.0,0.6,0.6,0.4,-40.7,-27.9,-10.2,-28.2,28.0,20.4,16.0,0.6,0.6,0.4,456.5,804.5,2146.5,1298.0,36.0,1040.0,16.0,0.5,0.6,0.4,455.0,805.0,2145.0,1300.0,36.0,1040.0,16.0,0.5,0.6,0.4
1974,2,282.0,12.0,25.34,26.15,27.59,26.45,4.0,1.46,14.0,0.5,0.1,0.8,25.52,25.9,26.06,25.82,6.0,0.38,12.0,0.5,0.1,0.8,16.78,17.31,18.19,17.54,5.0,1.05,14.0,0.6,0.1,0.8,81.7,84.0,87.3,84.7,5.0,4.3,14.0,0.6,0.8,6.37,7.95,9.37,7.92,6.0,1.95,12.0,0.5,0.1,0.8,-8.12,-6.5,-4.98,-6.62,6.0,1.83,12.0,0.5,0.1,0.8,-5.04,-4.4,-3.78,-4.3,6.0,0.98,12.0,0.5,0.1,0.8,1011.21,1011.95,1013.0,1012.2,6.0,1.51,12.0,0.5,0.1,0.8,2.0,3.0,4.7,3.4,5.0,1.7,10.0,0.6,0.1,0.8,-76.5,-51.8,-31.9,-55.3,6.0,28.0,12.0,0.5,0.1,0.8,-44.2,-35.9,-25.6,-35.4,6.0,14.9,12.0,0.5,0.1,0.8,-0.05,0.35,1.7,0.8,4.0,1.25,14.0,0.5,0.1,0.8,-0.4,2.7,14.8,7.0,4.0,11.2,14.0,0.5,0.1,0.8,2.85,3.43,5.3,4.05,4.0,1.85,14.0,0.5,0.1,0.8,19.5,20.5,41.7,30.1,4.0,20.3,14.0,0.5,0.1,0.8,-210.4,-169.0,-126.0,-171.2,6.0,49.2,12.0,0.5,0.1,0.8,-131.4,-112.3,-98.1,-111.2,6.0,26.1,12.0,0.5,0.1,0.8,-145.9,-113.9,-81.6,-114.5,5.0,36.0,14.0,0.6,0.1,0.8,-94.2,-78.9,-61.4,-76.6,5.0,21.3,14.0,0.6,0.1,0.8,-35.3,-16.2,-15.7,-25.1,4.0,18.3,14.0,0.5,0.1,0.8,-22.3,-13.1,-11.1,-16.5,4.0,9.3,14.0,0.5,0.1,0.8,266.0,504.0,838.5,571.5,6.0,394.5,12.0,0.5,0.1,0.8,265.0,505.0,840.0,570.0,6.0,395.0,12.0,0.5,0.1,0.8
1974,2,282.0,13.0,24.85,26.6,27.03,26.21,18.0,1.49,18.0,0.7,0.4,0.5,25.0,25.6,26.51,25.64,16.0,0.86,18.0,0.6,0.4,0.5,15.25,15.53,16.56,15.95,15.0,1.62,16.0,0.7,0.4,0.5,72.4,78.2,83.4,78.2,15.0,7.0,16.0,0.7,0.5,5.87,8.75,11.24,8.83,18.0,3.0,18.0,0.7,0.4,0.5,-9.71,-8.05,-3.58,-7.32,18.0,3.31,18.0,0.7,0.4,0.5,-6.0,-4.53,-0.99,-3.65,18.0,3.12,18.0,0.7,0.4,0.5,1011.9,1013.3,1014.9,1013.31,18.0,1.37,18.0,0.7,0.4,0.5,1.0,3.0,4.0,2.6,17.0,1.4,18.0,0.6,0.4,0.5,-108.8,-70.6,-22.1,-73.5,18.0,55.7,18.0,0.7,0.4,0.5,-61.5,-33.8,-8.1,-36.0,18.0,36.0,18.0,0.7,0.4,0.5,-1.06,0.45,2.69,0.51,16.0,1.96,18.0,0.6,0.4,0.5,-12.6,3.2,22.4,5.1,16.0,20.1,18.0,0.6,0.4,0.5,3.06,5.19,7.26,5.27,15.0,2.62,16.0,0.7,0.4,0.5,23.2,37.1,81.8,47.8,15.0,31.0,16.0,0.7,0.4,0.5,-256.2,-207.8,-91.4,-188.3,16.0,87.4,18.0,0.6,0.4,0.5,-153.3,-116.9,-38.2,-95.8,16.0,79.9,18.0,0.6,0.4,0.5,-163.7,-128.5,-54.1,-122.2,15.0,55.7,16.0,0.7,0.4,0.5,-83.9,-72.0,-23.1,-56.5,15.0,48.1,16.0,0.7,0.4,0.5,-67.4,-32.1,-15.3,-40.2,15.0,29.6,16.0,0.7,0.4,0.5,-35.0,-15.3,-8.6,-16.4,15.0,22.8,16.0,0.7,0.4,0.5,206.5,678.0,1489.5,931.0,18.0,980.5,18.0,0.7,0.4,0.5,205.0,680.0,1490.0,930.0,18.0,980.0,18.0,0.7,0.4,0.5
1974,2,282.0,14.0,25.48,26.05,27.08,26.2,30.0,1.02,14.0,0.5,0.7,0.3,25.0,25.75,26.58,25.78,30.0,0.85,14.0,0.5,0.7,0.3,15.35,16.43,17.8,16.55,26.0,1.1,14.0,0.5,0.7,0.3,75.4,79.8,85.1,80.4,26.0,4.7,14.0,0.5,0.3,5.1,7.7,10.42,7.65,31.0,2.6,14.0,0.5,0.7,0.3,-8.38,-5.98,-3.44,-6.09,31.0,2.49,14.0,0.5,0.7,0.3,-6.48,-3.1,0.0,-3.18,31.0,3.5,14.0,0.5,0.7,0.3,1011.98,1012.5,1014.95,1013.32,31.0,1.51,14.0,0.5,0.7,0.3,2.0,3.0,4.2,3.2,31.0,1.4,14.0,0.5,0.7,0.3,-93.3,-43.2,-19.0,-51.5,31.0,35.0,14.0,0.5,0.7,0.3,-56.2,-20.3,0.0,-27.6,31.0,36.8,14.0,0.5,0.7,0.3,-0.37,0.2,1.56,0.41,29.0,1.13,14.0,0.5,0.7,0.3,-2.3,0.9,9.0,3.0,29.0,9.3,14.0,0.5,0.7,0.3,3.14,4.66,5.83,4.71,26.0,1.74,14.0,0.5,0.7,0.3,22.6,32.1,50.7,36.0,26.0,17.6,14.0,0.5,0.7,0.3,-203.8,-154.3,-85.8,-155.2,30.0,65.3,14.0,0.5,0.7,0.3,-169.4,-78.2,0.0,-80.1,30.0,91.0,14.0,0.5,0.7,0.3,-145.7,-101.0,-49.0,-102.3,26.0,45.0,14.0,0.5,0.7,0.3,-119.4,-47.9,0.0,-52.3,26.0,64.0,14.0,0.5,0.7,0.3,-44.8,-24.4,-14.5,-28.7,26.0,18.6,14.0,0.5,0.7,0.3,-33.9,-11.1,0.0,-14.4,26.0,15.6,14.0,0.5,0.7,0.3,132.5,456.5,1132.5,600.5,31.0,552.5,14.0,0.5,0.7,0.3,135.0,455.0,1135.0,600.0,31.0,550.0,14.0,0.5,0.7,0.3
1974,2,282.0,15.0,24.52,25.95,26.7,25.76,8.0,1.02,14.0,0.5,0.5,0.4,24.58,25.0,26.07,25.24,9.0,0.86,14.0,0.6,0.6,0.4,14.42,15.82,16.78,15.78,8.0,1.12,14.0,0.5,0.5,0.4,74.7,78.9,84.4,79.3,8.0,5.4,14.0,0.5,0.4,7.47,10.3,12.3,10.0,9.0,2.3,14.0,0.6,0.6,0.4,-10.96,-7.12,-5.34,-7.75,9.0,2.76,14.0,0.6,0.6,0.4,-7.46,-5.4,-4.47,-5.93,9.0,1.73,14.0,0.6,0.6,0.4,1012.55,1014.0,1015.04,1013.81,9.0,1.82,14.0,0.6,0.6,0.4,3.0,4.0,5.7,4.1,9.0,1.5,14.0,0.6,0.6,0.4,-131.1,-68.2,-40.7,-82.6,9.0,45.1,14.0,0.6,0.6,0.4,-75.1,-55.6,-39.0,-59.9,9.0,25.3,14.0,0.6,0.6,0.4,0.11,0.45,1.58,0.61,8.0,0.77,14.0,0.5,0.5,0.4,0.8,4.5,15.6,6.5,8.0,8.7,14.0,0.5,0.5,0.4,3.5,4.7,6.09,4.95,8.0,1.37,14.0,0.5,0.5,0.4,40.2,50.9,63.4,49.9,8.0,12.6,14.0,0.5,0.5,0.4,-275.2,-175.4,-134.9,-195.2,9.0,68.2,14.0,0.6,0.6,0.4,-195.1,-140.9,-113.0,-149.3,9.0,41.9,14.0,0.6,0.6,0.4,-177.3,-117.1,-78.2,-127.9,8.0,50.0,14.0,0.5,0.5,0.4,-128.2,-85.9,-77.8,-95.8,8.0,28.2,14.0,0.5,0.5,0.4,-52.9,-36.2,-26.4,-38.6,8.0,13.5,14.0,0.5,0.5,0.4,-39.5,-31.4,-19.7,-29.9,8.0,10.3,14.0,0.5,0.5,0.4,421.5,1092.5,1861.0,1139.0,9.0,691.0,14.0,0.6,0.6,0.4,420.0,1095.0,1860.0,1140.0,9.0,690.0,14.0,0.6,0.6,0.4
1974,2,282.0,16.0,25.71,26.8,27.36,26.55,8.0,0.81,16.0,0.8,0.8,0.4,25.0,25.2,25.6,25.39,8.0,0.75,18.0,0.6,0.8,0.5,14.15,15.35,15.86,15.1,5.0,1.0,18.0,0.8,0.7,0.4,68.3,76.2,81.5,75.0,5.0,7.7,18.0,0.8,0.4,5.3,8.7,10.17,8.23,9.0,2.61,16.0,0.7,0.8,0.4,-9.56,-6.66,-4.18,-6.66,9.0,3.21,16.0,0.7,0.8,0.4,-6.1,-4.32,0.0,-3.41,9.0,3.12,16.0,0.7,0.8,0.4,1012.24,1013.8,1015.18,1013.89,8.0,1.7,16.0,0.8,0.8,0.4,2.0,3.0,6.0,4.0,9.0,2.0,16.0,0.7,0.8,0.4,-94.9,-51.1,-23.3,-61.2,9.0,42.9,16.0,0.7,0.8,0.4,-52.6,-19.9,0.0,-28.6,9.0,28.7,16.0,0.7,0.8,0.4,0.39,0.9,1.93,1.09,7.0,0.89,18.0,0.7,0.8,0.5,1.8,5.6,14.2,8.5,7.0,8.2,18.0,0.7,0.8,0.5,4.98,6.48,8.37,6.64,5.0,1.73,18.0,0.8,0.7,0.4,42.2,45.3,60.9,50.3,5.0,10.5,18.0,0.8,0.7,0.4,-237.5,-151.2,-103.7,-161.0,8.0,83.4,18.0,0.6,0.8,0.5,-155.5,-74.0,0.0,-80.7,8.0,81.6,18.0,0.6,0.8,0.5,-124.5,-98.8,-53.5,-91.4,5.0,50.4,18.0,0.8,0.7,0.4,-100.3,-61.7,-11.1,-57.9,5.0,50.4,18.0,0.8,0.7,0.4,-60.3,-33.6,-19.3,-38.4,5.0,22.0,18.0,0.8,0.7,0.4,-37.8,-28.2,-6.6,-22.9,5.0,17.1,18.0,0.8,0.7,0.4,171.5,658.5,1052.0,701.0,9.0,522.0,16.0,0.7,0.8,0.4,170.0,660.0,1050.0,700.0,9.0,520.0,16.0,0.7,0.8,0.4
1974,2,282.0,17.0,25.83,26.7,27.33,26.63,11.0,0.79,14.0,0.6,0.6,0.5,24.43,25.2,26.0,25.61,9.0,1.47,14.0,0.6,0.6,0.5,15.29,15.93,16.49,15.68,8.0,1.01,12.0,0.6,0.7,0.5,67.9,78.0,83.1,77.3,8.0,8.2,12.0,0.6,0.5,1.94,5.1,8.65,5.37,11.0,3.54,14.0,0.6,0.6,0.5,-8.6,-3.91,-1.94,-5.07,11.0,3.38,14.0,0.6,0.6,0.5,-3.51,0.0,0.58,-0.73,11.0,1.98,14.0,0.6,0.6,0.5,1013.88,1014.2,1016.65,1015.13,11.0,1.56,14.0,0.6,0.6,0.5,2.0,3.0,5.4,3.6,11.0,1.7,14.0,0.6,0.6,0.5,-74.6,-19.9,-4.4,-38.1,11.0,39.0,14.0,0.6,0.6,0.5,-22.1,0.0,2.4,-6.3,11.0,17.0,14.0,0.6,0.6,0.5,-0.37,1.3,2.41,1.03,9.0,1.88,14.0,0.6,0.6,0.5,-2.3,8.2,13.9,6.3,9.0,9.1,14.0,0.6,0.6,0.5,5.03,6.36,7.06,6.24,8.0,1.09,12.0,0.6,0.7,0.5,15.0,39.4,49.5,33.6,8.0,18.2,12.0,0.6,0.7,0.5,-200.3,-97.1,-80.3,-124.7,9.0,71.6,14.0,0.6,0.6,0.5,-57.5,0.0,25.8,-11.1,9.0,46.1,14.0,0.6,0.6,0.5,-128.8,-74.1,-45.0,-78.7,8.0,47.4,12.0,0.6,0.7,0.5,-48.2,0.0,19.3,-8.2,8.0,31.5,12.0,0.6,0.7,0.5,-44.0,-36.6,-14.5,-31.4,8.0,17.4,12.0,0.6,0.7,0.5,-20.6,0.0,6.8,-3.7,8.0,13.4,12.0,0.6,0.7,0.5,10.5,132.5,656.0,342.0,11.0,451.5,14.0,0.6,0.6,0.5,10.0,135.0,655.0,340.0,11.0,450.0,14.0,0.6,0.6,0.5
1974,2,282.0,18.0,25.7,26.9,28.06,26.82,18.0,1.31,12.0,0.4,0.6,0.7,24.74,25.5,26.5,25.64,18.0,1.23,12.0,0.4,0.6,0.7,14.57,15.1,17.2,15.76,17.0,1.39,12.0,0.4,0.6,0.7,72.4,75.6,81.5,76.5,17.0,5.4,12.0,0.4,0.7,2.95,6.45,10.3,6.55,18.0,3.33,12.0,0.4,0.6,0.7,-8.5,-5.88,-2.55,-5.23,18.0,3.55,12.0,0.4,0.6,0.7,-4.73,-0.53,0.27,-1.75,18.0,3.42,12.0,0.4,0.6,0.7,1012.26,1015.15,1017.0,1014.77,18.0,3.06,12.0,0.4,0.6,0.7,1.0,3.0,5.3,3.2,18.0,2.2,12.0,0.4,0.6,0.7,-84.0,-41.4,-6.6,-43.6,18.0,39.6,12.0,0.4,0.6,0.7,-34.5,-1.6,0.7,-16.7,18.0,38.4,12.0,0.4,0.6,0.7,-0.43,1.6,2.73,1.18,18.0,1.65,12.0,0.4,0.6,0.7,-3.7,6.7,10.9,4.8,18.0,10.8,12.0,0.4,0.6,0.7,4.16,6.98,7.91,6.32,17.0,2.06,12.0,0.4,0.6,0.7,22.7,34.1,51.7,37.7,17.0,15.6,12.0,0.4,0.6,0.7,-222.0,-147.1,-64.9,-134.7,18.0,91.4,12.0,0.4,0.6,0.7,-125.0,-13.2,6.8,-44.5,18.0,88.0,12.0,0.4,0.6,0.7,-140.4,-99.1,-40.3,-88.2,17.0,55.3,12.0,0.4,0.6,0.7,-77.1,0.0,6.6,-25.7,17.0,58.7,12.0,0.4,0.6,0.7,-42.7,-30.7,-19.3,-31.3,17.0,20.8,12.0,0.4,0.6,0.7,-26.0,0.0,3.1,-7.6,17.0,14.7,12.0,0.4,0.6,0.7,26.0,269.5,1092.5,498.5,18.0,606.5,12.0,0.4,0.6,0.7,25.0,270.0,1095.0,500.0,18.0,605.0,12.0,0.4,0.6,0.7
1974,2,282.0,19.0,25.82,27.0,27.31,26.68,12.0,0.99,14.0,0.3,0.6,0.5,24.25,25.4,26.88,25.41,12.0,1.87,14.0,0.3,0.6,0.5,13.25,16.34,18.81,16.09,5.0,2.98,8.0,0.6,0.6,0.3,65.1,78.4,88.7,77.2,5.0,14.2,8.0,0.6,0.3,2.82,5.4,8.66,5.78,12.0,3.14,14.0,0.3,0.6,0.5,-7.75,-4.86,-1.89,-4.69,12.0,3.27,14.0,0.3,0.6,0.5,-4.82,-0.87,0.0,-1.78,12.0,2.84,14.0,0.3,0.6,0.5,1014.42,1015.95,1018.15,1016.18,12.0,2.05,14.0,0.3,0.6,0.5,0.0,2.0,3.0,1.6,12.0,1.5,14.0,0.3,0.6,0.5,-67.2,-26.3,-6.4,-35.9,12.0,36.3,14.0,0.3,0.6,0.5,-31.4,-3.1,0.0,-13.2,12.0,23.5,14.0,0.3,0.6,0.5,-0.7,1.55,2.73,1.27,12.0,1.91,14.0,0.3,0.6,0.5,-4.1,4.4,19.6,8.2,12.0,18.3,14.0,0.3,0.6,0.5,2.48,5.79,9.04,5.77,5.0,4.17,8.0,0.6,0.6,0.3,19.1,31.0,38.4,28.2,5.0,16.1,8.0,0.6,0.6,0.3,-179.7,-121.1,-48.4,-118.0,12.0,81.0,14.0,0.3,0.6,0.5,-117.3,-21.5,0.0,-44.4,12.0,70.9,14.0,0.3,0.6,0.5,-85.1,-67.4,-30.4,-60.6,5.0,29.7,8.0,0.6,0.6,0.3,-95.8,-28.5,-1.7,-42.9,5.0,59.6,8.0,0.6,0.6,0.3,-31.5,-26.9,-12.8,-22.6,5.0,14.0,8.0,0.6,0.6,0.3,-23.0,-10.1,7.4,-7.1,5.0,18.8,8.0,0.6,0.6,0.3,24.0,159.0,665.5,353.0,12.0,429.0,14.0,0.3,0.6,0.5,25.0,160.0,665.0,355.0,12.0,430.0,14.0,0.3,0.6,0.5
1974,2,282.0,20.0,24.99,25.4,25.81,25.4,2.0,0.85,4.0,0.5,1.0,0.6,25.66,25.8,25.94,25.8,2.0,0.28,4.0,0.5,1.0,0.6,17.47,17.47,17.47,17.47,1.0,0.0,4.0,1.0,1.0,0.8,85.6,85.6,85.6,85.6,1.0,0.0,4.0,1.0,0.8,3.16,3.5,3.84,3.5,2.0,0.71,4.0,0.5,1.0,0.6,-3.81,-3.41,-3.01,-3.41,2.0,0.84,4.0,0.5,1.0,0.6,0.16,0.51,0.86,0.51,2.0,0.73,4.0,0.5,1.0,0.6,1015.35,1015.9,1016.45,1015.9,2.0,1.13,4.0,0.5,1.0,0.6,2.3,3.0,3.7,3.0,2.0,1.4,4.0,0.5,1.0,0.6,-14.8,-12.2,-9.7,-12.2,2.0,5.3,4.0,0.5,1.0,0.6,0.5,1.5,2.6,1.5,2.0,2.2,4.0,0.5,1.0,0.6,-0.67,-0.4,-0.13,-0.4,2.0,0.57,4.0,0.5,1.0,0.6,-2.0,-1.2,-0.4,-1.2,2.0,1.7,4.0,0.5,1.0,0.6,2.02,2.02,2.02,2.02,1.0,0.0,4.0,1.0,1.0,0.8,6.1,6.1,6.1,6.1,1.0,0.0,4.0,1.0,1.0,0.8,-98.9,-88.1,-77.2,-88.1,2.0,22.5,4.0,0.5,1.0,0.6,4.2,13.1,22.1,13.1,2.0,18.6,4.0,0.5,1.0,0.6,-49.3,-49.3,-49.3,-49.3,1.0,0.0,4.0,1.0,1.0,0.8,17.9,17.9,17.9,17.9,1.0,0.0,4.0,1.0,1.0,0.8,-5.7,-5.7,-5.7,-5.7,1.0,0.0,4.0,1.0,1.0,0.8,2.1,2.1,2.1,2.1,1.0,0.0,4.0,1.0,1.0,0.8,33.0,45.5,58.0,45.5,2.0,26.0,4.0,0.5,1.0,0.6,35.0,45.0,60.0,45.0,2.0,25.0,4.0,0.5,1.0,0.6
1974,2,282.0,21.0,24.1,26.0,26.89,25.74,8.0,1.4,18.0,0.6,0.9,0.8,22.56,23.9,25.83,24.16,8.0,1.64,18.0,0.6,0.9,0.8,11.17,14.75,15.45,13.35,3.0,3.36,24.0,0.7,0.9,0.8,63.3,77.4,81.5,72.5,3.0,14.0,24.0,0.7,0.8,6.9,9.0,9.14,8.46,7.0,2.14,18.0,0.6,0.9,0.8,-9.01,-8.46,-6.47,-7.74,7.0,1.73,18.0,0.6,0.9,0.8,-3.3,0.0,2.53,-1.09,7.0,3.7,18.0,0.6,0.9,0.8,1014.21,1017.5,1019.71,1017.31,7.0,3.25,18.0,0.6,0.9,0.8,2.1,4.5,5.0,4.1,8.0,2.2,18.0,0.6,0.9,0.8,-82.4,-76.1,-44.9,-68.4,7.0,28.1,18.0,0.6,0.9,0.8,-30.8,0.0,13.2,-13.8,7.0,39.2,18.0,0.6,0.9,0.8,0.07,1.5,3.72,1.58,8.0,1.87,18.0,0.6,0.9,0.8,-0.4,12.3,23.1,12.2,7.0,15.0,18.0,0.6,0.9,0.8,4.61,6.16,8.06,6.33,3.0,2.53,24.0,0.7,0.9,0.8,39.9,50.5,89.2,64.3,3.0,38.0,24.0,0.7,0.9,0.8,-219.2,-200.9,-167.7,-188.9,7.0,42.5,18.0,0.6,0.9,0.8,-87.4,0.0,59.3,-27.1,7.0,85.9,18.0,0.6,0.9,0.8,-135.3,-121.0,-98.1,-116.8,3.0,27.5,24.0,0.7,0.9,0.8,-50.1,0.0,0.0,-24.4,3.0,42.3,24.0,0.7,0.9,0.8,-72.1,-50.5,-39.9,-55.9,3.0,24.0,24.0,0.7,0.9,0.8,-47.1,0.0,0.0,-23.0,3.0,39.8,24.0,0.7,0.9,0.8,332.5,729.0,777.0,705.0,7.0,506.5,18.0,0.6,0.9,0.8,335.0,730.0,775.0,705.0,7.0,505.0,18.0,0.6,0.9,0.8
1974,2,282.0,22.0,23.6,25.0,26.04,25.12,30.0,1.41,14.0,0.5,0.5,0.3,22.73,23.8,25.05,24.02,31.0,1.56,14.0,0.5,0.5,0.3,12.9,14.43,15.43,14.29,19.0,1.83,14.0,0.4,0.6,0.3,70.3,81.0,84.2,78.6,19.0,7.3,14.0,0.4,0.3,3.78,7.2,11.04,7.58,31.0,3.45,14.0,0.5,0.5,0.3,-10.0,-5.2,-1.34,-5.48,31.0,4.45,14.0,0.5,0.5,0.3,-6.77,-1.79,2.06,-1.87,31.0,4.11,14.0,0.5,0.5,0.3,1014.56,1018.6,1020.28,1017.81,30.0,2.69,14.0,0.4,0.5,0.3,1.8,3.0,6.2,3.9,31.0,2.5,14.0,0.5,0.5,0.3,-108.9,-31.2,-7.6,-52.7,31.0,53.8,14.0,0.5,0.5,0.3,-54.3,-10.3,11.0,-21.0,31.0,42.2,14.0,0.5,0.5,0.3,-0.5,1.05,3.0,1.13,30.0,1.65,14.0,0.5,0.5,0.3,-4.7,5.2,20.5,7.1,30.0,13.9,14.0,0.5,0.5,0.3,2.73,5.22,7.24,5.23,18.0,2.17,14.0,0.4,0.6,0.3,27.3,32.7,56.2,42.8,18.0,26.1,14.0,0.4,0.6,0.3,-236.9,-127.8,-30.5,-132.4,31.0,106.9,14.0,0.5,0.5,0.3,-155.6,-40.8,47.7,-43.3,31.0,96.6,14.0,0.5,0.5,0.3,-147.2,-98.6,-44.3,-92.5,19.0,57.5,14.0,0.4,0.6,0.3,-105.2,-35.1,18.1,-42.7,19.0,58.8,14.0,0.4,0.6,0.3,-46.2,-27.5,-16.6,-29.7,18.0,24.6,14.0,0.4,0.6,0.3,-44.5,-9.1,8.5,-18.6,18.0,26.7,14.0,0.4,0.6,0.3,56.0,373.0,1351.5,706.0,31.0,753.0,14.0,0.5,0.5,0.3,55.0,375.0,1350.0,705.0,31.0,755.0,14.0,0.5,0.5,0.3
1974,2,282.0,23.0,,,,,,,,,,,,,,,,,,,,,,,,,,,,,,,,,,,,,,,,11.3,11.3,11.3,11.3,1.0,0.0,6.0,1.0,0.8,0.4,-10.62,-10.62,-10.62,-10.62,1.0,0.0,6.0,1.0,0.8,0.4,-3.86,-3.86,-3.86,-3.86,1.0,0.0,6.0,1.0,0.8,0.4,1016.9,1016.9,1016.9,1016.9,1.0,0.0,6.0,1.0,0.8,0.4,,,,,,,,,,,,,,,,,,,,,,,,,,,,,,,,,,,,,,,,,,,,,,,,,,,,,,,,,,,,,,,,,,,,,,,,,,,,,,,,,,,,,,,,,,,,,,,,,,,,,,,,,,,,,,,,,,,,,,,,,,,,,,,,,,,,,,,,,,,,,,,,,,,,,,
1974,2,282.0,24.0,24.16,24.5,24.84,24.5,2.0,0.71,14.0,0.0,0.7,0.1,22.3,22.5,22.7,22.5,2.0,0.42,14.0,0.0,0.7,0.1,14.47,14.47,14.47,14.47,1.0,0.0,12.0,0.0,0.8,0.1,84.2,84.2,84.2,84.2,1.0,0.0,12.0,0.0,0.1,4.01,4.9,5.79,4.9,2.0,1.84,20.0,0.0,0.7,0.3,-1.61,-0.1,1.42,-0.1,2.0,3.14,20.0,0.0,0.7,0.3,-4.46,-1.53,1.4,-1.53,2.0,6.07,20.0,0.0,0.7,0.3,1018.38,1019.2,1023.64,1020.97,3.0,4.14,18.0,0.0,0.7,0.3,1.0,3.0,4.4,2.7,3.0,2.5,18.0,0.0,0.7,0.3,-4.9,2.4,9.7,2.4,2.0,15.2,20.0,0.0,0.7,0.3,-28.8,-13.1,2.6,-13.1,2.0,32.6,20.0,0.0,0.7,0.3,1.86,2.0,2.14,2.0,2.0,0.28,14.0,0.0,0.7,0.1,7.9,7.9,7.9,7.9,1.0,0.0,12.0,0.0,0.8,0.1,5.21,5.21,5.21,5.21,1.0,0.0,12.0,0.0,0.8,0.1,18.7,18.7,18.7,18.7,1.0,0.0,12.0,0.0,0.8,0.1,-52.8,-52.8,-52.8,-52.8,1.0,0.0,12.0,0.0,0.8,0.1,62.9,62.9,62.9,62.9,1.0,0.0,12.0,0.0,0.8,0.1,-33.5,-33.5,-33.5,-33.5,1.0,0.0,12.0,0.0,0.8,0.1,39.9,39.9,39.9,39.9,1.0,0.0,12.0,0.0,0.8,0.1,-12.0,-12.0,-12.0,-12.0,1.0,0.0,12.0,0.0,0.8,0.1,14.4,14.4,14.4,14.4,1.0,0.0,12.0,0.0,0.8,0.1,77.0,142.5,208.0,142.5,2.0,135.5,20.0,0.0,0.7,0.3,75.0,140.0,210.0,140.0,2.0,135.0,20.0,0.0,0.7,0.3
1974,2,282.0,25.0,22.75,24.0,25.8,24.17,23.0,1.77,18.0,0.7,0.6,0.8,17.85,22.2,23.4,20.96,23.0,3.24,16.0,0.7,0.6,0.8,8.47,9.53,15.31,11.07,17.0,3.33,14.0,0.6,0.6,0.8,56.3,71.3,85.4,70.6,17.0,12.6,14.0,0.6,0.8,2.1,6.7,10.9,6.66,25.0,4.0,16.0,0.6,0.6,0.8,-5.92,0.0,3.36,-0.7,25.0,4.75,16.0,0.6,0.6,0.8,-8.38,-1.34,1.55,-2.35,25.0,5.77,16.0,0.6,0.6,0.8,1014.32,1020.7,1023.36,1019.62,25.0,4.28,16.0,0.6,0.6,0.8,2.0,4.0,7.0,4.3,25.0,2.5,16.0,0.6,0.6,0.8,-39.3,0.0,21.7,-5.7,25.0,47.8,16.0,0.6,0.6,0.8,-82.0,-4.4,6.3,-21.7,25.0,62.2,16.0,0.6,0.6,0.8,0.8,3.5,6.0,3.35,22.0,2.53,16.0,0.6,0.6,0.8,1.9,20.2,61.6,27.0,22.0,26.8,16.0,0.6,0.6,0.8,4.92,8.05,11.47,7.96,16.0,3.17,16.0,0.6,0.6,0.8,13.9,39.6,108.1,54.9,16.0,44.0,16.0,0.6,0.6,0.8,-112.2,0.0,65.8,-9.3,23.0,100.9,16.0,0.7,0.6,0.8,-161.5,-38.8,29.3,-37.4,23.0,122.1,16.0,0.7,0.6,0.8,-37.1,0.0,45.8,9.6,17.0,51.1,14.0,0.6,0.6,0.8,-65.1,-24.1,14.1,-21.5,17.0,55.3,14.0,0.6,0.6,0.8,-12.0,0.0,23.6,3.3,16.0,40.5,16.0,0.6,0.6,0.8,-92.7,-16.7,3.7,-35.9,16.0,46.1,16.0,0.6,0.6,0.8,9.5,301.0,1294.5,601.5,25.0,675.5,16.0,0.6,0.6,0.8,10.0,300.0,1295.0,600.0,25.0,675.0,16.0,0.6,0.6,0.8
1974,2,282.0,26.0,23.3,24.6,26.0,24.78,13.0,1.22,16.0,0.5,0.6,0.4,20.36,24.0,25.05,23.07,13.0,2.84,16.0,0.5,0.6,0.4,8.86,9.01,14.8,11.14,13.0,3.47,16.0,0.5,0.6,0.4,49.2,51.1,83.2,63.9,13.0,18.4,16.0,0.5,0.4,1.0,2.6,5.21,3.25,13.0,2.2,16.0,0.5,0.6,0.4,-1.16,-0.87,2.4,-0.1,13.0,2.82,16.0,0.5,0.6,0.4,-2.32,-0.5,0.43,-0.51,13.0,2.84,16.0,0.5,0.6,0.4,1019.69,1023.0,1023.03,1021.8,13.0,1.92,16.0,0.5,0.6,0.4,0.0,1.5,3.0,2.0,12.0,2.2,16.0,0.5,0.6,0.3,-2.8,-0.9,7.5,1.2,13.0,15.1,16.0,0.5,0.6,0.4,-7.0,-0.5,2.5,-0.7,13.0,16.6,16.0,0.5,0.6,0.4,-0.5,2.0,2.99,1.71,13.0,2.29,16.0,0.5,0.6,0.4,-2.3,2.0,8.7,4.8,13.0,12.7,16.0,0.5,0.6,0.4,4.53,10.29,11.78,8.25,13.0,4.07,16.0,0.5,0.6,0.4,11.8,23.4,28.7,19.7,13.0,11.6,16.0,0.5,0.6,0.4,-28.3,-20.8,49.8,-5.7,13.0,68.6,16.0,0.5,0.6,0.4,-51.8,-12.0,10.1,-6.8,13.0,61.5,16.0,0.5,0.6,0.4,-11.6,-7.8,19.7,-1.1,13.0,38.8,16.0,0.5,0.6,0.4,-19.6,-4.5,6.3,-0.3,13.0,40.5,16.0,0.5,0.6,0.4,-11.5,-10.2,21.0,-2.5,13.0,17.0,16.0,0.5,0.6,0.4,-17.5,-5.9,-4.1,-9.2,13.0,13.0,16.0,0.5,0.6,0.4,1.0,17.5,143.0,81.0,13.0,107.5,16.0,0.5,0.6,0.4,0.0,20.0,145.0,80.0,13.0,110.0,16.0,0.5,0.6,0.4
1974,2,282.0,27.0,22.09,23.2,24.23,23.13,10.0,1.24,18.0,0.4,0.5,0.5,16.77,21.6,23.98,20.68,15.0,3.7,14.0,0.4,0.4,0.5,8.2,10.55,15.8,11.11,11.0,4.15,16.0,0.5,0.4,0.5,61.6,65.5,84.7,68.3,11.0,16.6,16.0,0.5,0.5,5.01,5.65,10.77,7.16,14.0,3.08,14.0,0.4,0.5,0.4,0.1,2.82,5.84,2.54,14.0,3.36,14.0,0.4,0.5,0.4,-10.18,-0.54,4.77,-1.61,14.0,6.6,14.0,0.4,0.5,0.4,1016.0,1019.8,1021.37,1019.06,14.0,4.42,16.0,0.4,0.5,0.4,2.0,3.0,7.8,4.1,15.0,2.8,14.0,0.4,0.4,0.5,0.5,22.9,45.2,22.9,14.0,26.7,14.0,0.4,0.5,0.4,-111.7,-3.3,24.3,-23.5,14.0,66.5,14.0,0.4,0.5,0.4,-0.29,2.45,6.19,3.04,10.0,3.87,18.0,0.4,0.5,0.5,-2.3,16.8,62.7,29.7,9.0,41.3,18.0,0.4,0.5,0.5,5.95,7.86,10.56,7.57,8.0,3.61,18.0,0.5,0.5,0.5,32.2,42.7,101.7,55.5,7.0,41.6,18.0,0.6,0.5,0.5,1.9,43.6,110.3,48.1,14.0,74.3,14.0,0.4,0.5,0.4,-131.6,-13.2,106.8,-14.2,14.0,121.3,14.0,0.4,0.5,0.4,-16.7,20.7,68.7,21.5,10.0,50.6,16.0,0.6,0.4,0.5,-37.1,4.7,59.7,14.2,10.0,61.1,16.0,0.6,0.4,0.5,11.0,18.7,43.7,28.9,7.0,25.6,18.0,0.6,0.5,0.5,-92.7,-6.2,8.6,-30.0,7.0,51.3,18.0,0.6,0.5,0.5,125.5,185.5,1249.0,568.0,14.0,646.5,14.0,0.4,0.5,0.4,125.0,185.0,1250.0,570.0,14.0,645.0,14.0,0.4,0.5,0.4
1974,2,282.0,28.0,21.3,23.3,24.5,23.03,17.0,1.96,10.0,0.8,0.5,0.4,18.62,22.3,22.89,21.4,17.0,2.96,10.0,0.8,0.6,0.4,8.64,11.43,13.41,11.08,14.0,2.74,10.0,0.9,0.5,0.4,62.0,70.3,78.7,70.0,15.0,12.3,10.0,0.8,0.4,2.6,6.7,10.75,7.01,18.0,3.7,10.0,0.7,0.6,0.4,-7.11,1.33,7.72,1.23,18.0,6.67,10.0,0.7,0.6,0.4,-3.02,1.68,5.85,1.36,18.0,4.2,10.0,0.7,0.6,0.4,1012.88,1018.0,1021.61,1017.67,17.0,4.1,10.0,0.8,0.6,0.4,1.7,6.5,7.3,4.9,18.0,2.8,10.0,0.7,0.6,0.4,-58.5,4.0,67.4,13.1,18.0,73.3,10.0,0.7,0.6,0.4,-26.0,5.9,38.9,7.7,18.0,39.7,10.0,0.7,0.6,0.4,-1.05,1.3,4.02,1.86,16.0,3.58,12.0,0.8,0.6,0.4,-7.7,4.9,44.3,17.6,16.0,34.1,12.0,0.8,0.6,0.4,4.07,5.71,9.13,6.44,14.0,3.0,10.0,0.9,0.5,0.4,11.1,40.8,89.9,48.3,14.0,41.0,10.0,0.9,0.5,0.4,-88.6,47.7,154.1,31.3,17.0,131.0,10.0,0.8,0.6,0.4,-60.7,20.3,126.4,24.4,17.0,88.8,10.0,0.8,0.6,0.4,-58.9,23.4,75.8,17.5,14.0,75.5,10.0,0.9,0.5,0.4,-28.3,11.2,73.2,10.8,14.0,50.0,10.0,0.9,0.5,0.4,-29.4,6.2,88.0,24.1,14.0,54.6,10.0,0.9,0.5,0.4,-18.8,6.7,24.6,1.7,14.0,24.0,10.0,0.9,0.5,0.4,17.5,306.0,1259.0,626.5,18.0,732.5,10.0,0.7,0.6,0.4,20.0,305.0,1260.0,625.0,18.0,735.0,10.0,0.7,0.6,0.4
1974,2,282.0,29.0,22.0,22.9,23.79,22.82,33.0,1.1,14.0,0.5,0.4,0.6,16.87,20.85,23.63,20.37,36.0,2.98,12.0,0.5,0.4,0.5,6.68,10.72,15.15,10.81,29.0,3.63,14.0,0.6,0.4,0.5,56.6,72.7,87.1,71.0,29.0,13.6,14.0,0.6,0.5,4.76,8.7,12.9,8.51,35.0,3.89,12.0,0.5,0.4,0.5,-1.64,4.35,9.41,3.96,35.0,5.09,12.0,0.5,0.4,0.5,-4.66,0.0,7.63,1.64,35.0,6.69,12.0,0.5,0.4,0.5,1011.44,1017.25,1022.28,1017.29,36.0,5.36,12.0,0.5,0.4,0.5,3.0,6.0,8.0,5.3,33.0,2.4,14.0,0.5,0.4,0.6,-7.1,37.8,106.1,44.3,35.0,55.3,12.0,0.5,0.4,0.5,-35.2,0.0,76.2,16.7,35.0,82.8,12.0,0.5,0.4,0.5,-0.18,2.2,5.87,2.55,33.0,2.8,14.0,0.5,0.4,0.6,-2.2,13.8,54.3,24.9,32.0,32.7,14.0,0.5,0.4,0.6,2.27,6.18,10.76,6.5,28.0,3.49,14.0,0.5,0.4,0.6,15.7,39.5,105.9,56.8,28.0,47.4,14.0,0.5,0.4,0.6,-33.4,92.7,167.8,77.6,35.0,98.8,12.0,0.5,0.4,0.5,-78.3,0.0,173.2,46.1,35.0,136.6,12.0,0.5,0.4,0.5,-15.2,51.9,92.6,40.5,29.0,58.7,14.0,0.6,0.4,0.5,-37.5,0.0,99.8,25.3,29.0,73.3,14.0,0.6,0.4,0.5,-5.2,12.5,87.5,29.8,28.0,45.6,14.0,0.5,0.4,0.6,-49.0,0.0,28.8,-6.1,28.0,50.5,14.0,0.5,0.4,0.6,108.5,658.5,2146.5,983.5,35.0,1020.5,12.0,0.5,0.4,0.5,110.0,660.0,2145.0,985.0,35.0,1020.0,12.0,0.5,0.4,0.5
1974,2,282.0,30.0,21.3,22.8,24.79,23.04,41.0,1.77,14.0,0.6,0.6,0.5,13.81,19.75,22.7,18.76,42.0,4.17,14.0,0.6,0.6,0.5,5.31,8.24,14.07,9.34,38.0,3.74,16.0,0.6,0.6,0.5,54.0,67.2,83.5,67.8,38.0,14.1,16.0,0.6,0.5,5.56,9.15,12.3,9.15,42.0,3.49,14.0,0.6,0.6,0.5,0.0,3.48,8.25,3.96,42.0,4.49,14.0,0.6,0.6,0.5,-9.1,0.89,7.17,0.01,42.0,7.86,14.0,0.6,0.6,0.5,1011.1,1018.0,1024.19,1017.34,42.0,6.15,14.0,0.6,0.6,0.5,2.0,5.5,8.0,5.2,42.0,2.3,14.0,0.6,0.6,0.5,0.0,32.9,94.1,43.8,42.0,58.3,14.0,0.6,0.6,0.5,-103.5,2.6,67.1,-3.6,42.0,96.8,14.0,0.6,0.6,0.5,0.23,2.8,8.13,4.07,41.0,3.93,14.0,0.6,0.6,0.5,1.9,17.9,87.8,39.2,41.0,44.4,14.0,0.6,0.6,0.5,4.04,7.97,11.46,8.04,37.0,3.51,14.0,0.6,0.6,0.5,30.0,68.1,112.0,74.8,37.0,47.2,14.0,0.6,0.6,0.5,0.0,68.2,163.7,74.6,42.0,84.2,14.0,0.6,0.6,0.5,-130.7,19.4,170.4,24.9,42.0,148.4,14.0,0.6,0.6,0.5,0.0,35.6,96.6,39.0,38.0,47.8,16.0,0.6,0.6,0.5,-51.8,0.0,81.6,9.6,38.0,76.6,16.0,0.6,0.6,0.5,0.0,32.5,73.9,34.6,37.0,45.6,14.0,0.6,0.6,0.5,-93.6,0.0,28.7,-21.7,37.0,64.7,14.0,0.6,0.6,0.5,175.0,766.5,1861.0,1117.5,42.0,1342.5,14.0,0.6,0.6,0.5,175.0,765.0,1860.0,1120.0,42.0,1345.0,14.0,0.6,0.6,0.5
1974,2,282.0,31.0,22.4,24.0,24.67,23.57,24.0,1.94,16.0,0.6,0.6,0.5,14.9,17.8,21.2,17.9,25.0,3.51,16.0,0.6,0.6,0.5,6.19,8.0,11.47,8.55,22.0,2.68,18.0,0.7,0.6,0.5,51.7,67.3,77.6,65.9,22.0,12.4,18.0,0.7,0.5,4.1,9.0,13.0,8.67,25.0,4.27,16.0,0.6,0.6,0.5,0.0,4.35,9.32,4.64,25.0,5.03,16.0,0.6,0.6,0.5,-7.81,1.03,7.57,0.74,25.0,6.94,16.0,0.6,0.6,0.5,1010.73,1017.3,1023.56,1017.4,25.0,6.6,16.0,0.6,0.6,0.5,2.7,6.0,8.0,5.3,24.0,2.5,18.0,0.7,0.6,0.5,0.0,26.0,123.2,54.9,25.0,75.6,16.0,0.6,0.6,0.5,-72.3,3.1,66.6,11.0,25.0,83.5,16.0,0.6,0.6,0.5,2.85,6.0,8.45,5.68,24.0,2.92,16.0,0.6,0.6,0.5,15.3,34.9,92.2,50.7,24.0,39.0,16.0,0.6,0.6,0.5,6.25,10.29,11.95,9.68,22.0,2.66,18.0,0.7,0.6,0.5,43.4,74.2,129.4,83.6,22.0,46.0,18.0,0.7,0.6,0.5,0.0,90.9,184.2,85.8,25.0,98.9,16.0,0.6,0.6,0.5,-128.9,21.5,148.2,21.7,25.0,120.4,16.0,0.6,0.6,0.5,0.0,40.1,92.4,47.2,22.0,54.4,18.0,0.7,0.6,0.5,-41.7,25.8,72.4,19.9,22.0,58.5,18.0,0.7,0.6,0.5,0.0,44.4,84.9,47.9,22.0,48.1,18.0,0.7,0.6,0.5,-58.4,20.1,72.8,10.7,22.0,67.8,18.0,0.7,0.6,0.5,69.0,729.0,2196.5,1134.0,25.0,1510.5,16.0,0.6,0.6,0.5,70.0,730.0,2195.0,1135.0,25.0,1510.0,16.0,0.6,0.6,0.5
1974,2,282.0,32.0,22.37,24.4,25.39,23.8,41.0,1.71,16.0,0.5,0.6,0.5,12.3,17.6,21.75,17.15,42.0,4.9,16.0,0.5,0.5,0.5,4.92,8.3,12.62,8.77,42.0,3.55,16.0,0.5,0.5,0.5,54.4,68.4,79.2,68.1,42.0,14.0,16.0,0.5,0.5,5.1,10.3,14.7,9.49,42.0,4.22,16.0,0.5,0.5,0.5,-0.66,3.52,8.82,3.79,42.0,5.95,16.0,0.5,0.5,0.5,-8.95,0.0,8.03,-0.08,42.0,7.74,16.0,0.5,0.5,0.5,1008.41,1017.2,1022.59,1016.05,42.0,6.94,16.0,0.5,0.5,0.5,1.2,5.0,8.0,4.7,40.0,2.8,16.0,0.5,0.5,0.5,-5.1,23.9,105.3,46.7,42.0,84.5,16.0,0.5,0.5,0.5,-94.5,0.0,81.3,3.9,42.0,95.1,16.0,0.5,0.5,0.5,2.03,5.9,12.09,6.77,41.0,4.94,16.0,0.5,0.6,0.5,14.7,42.5,108.6,61.4,41.0,56.9,16.0,0.5,0.6,0.5,5.86,10.16,13.79,9.73,41.0,3.81,16.0,0.5,0.6,0.5,38.1,82.6,129.7,87.6,41.0,50.1,16.0,0.5,0.6,0.5,-5.8,47.6,169.9,67.7,42.0,118.8,16.0,0.5,0.5,0.5,-99.0,0.0,175.3,27.7,42.0,133.6,16.0,0.5,0.5,0.5,-3.4,19.9,103.8,35.4,42.0,65.8,16.0,0.5,0.5,0.5,-44.8,0.0,91.9,19.0,42.0,75.7,16.0,0.5,0.5,0.5,-10.8,32.2,75.4,32.0,41.0,50.1,16.0,0.5,0.6,0.5,-96.6,0.0,62.5,-19.4,41.0,80.2,16.0,0.5,0.6,0.5,132.5,1092.5,3178.0,1342.5,42.0,1392.0,16.0,0.5,0.5,0.5,135.0,1095.0,3180.0,1345.0,42.0,1390.0,16.0,0.5,0.5,0.5
1974,2,282.0,33.0,16.0,17.0,18.17,17.28,325.0,1.74,16.0,0.4,0.4,0.5,8.9,14.0,18.9,13.7,327.0,4.45,16.0,0.4,0.4,0.5,5.31,7.43,12.17,8.24,116.0,3.02,14.0,0.4,0.5,0.5,62.1,76.4,93.9,77.4,116.0,13.9,14.0,0.4,0.5,3.71,9.3,13.4,8.94,330.0,4.76,14.0,0.4,0.4,0.5,-1.2,3.85,10.17,3.92,330.0,5.81,14.0,0.4,0.4,0.5,-7.97,0.0,5.77,-0.48,330.0,7.3,14.0,0.4,0.4,0.5,1007.81,1016.9,1023.98,1016.47,329.0,7.64,16.0,0.4,0.4,0.5,1.0,4.0,8.0,4.2,115.0,3.0,14.0,0.4,0.5,0.5,-3.3,23.6,120.0,49.3,330.0,78.6,14.0,0.4,0.4,0.5,-90.3,0.0,56.9,3.7,330.0,104.4,14.0,0.4,0.4,0.5,-1.4,3.3,8.82,3.55,321.0,4.59,16.0,0.4,0.4,0.5,-12.4,12.3,82.4,28.9,320.0,49.3,16.0,0.4,0.4,0.5,0.78,5.42,7.96,4.86,113.0,3.79,14.0,0.4,0.5,0.5,2.3,32.8,78.3,40.2,113.0,39.5,14.0,0.4,0.5,0.5,-13.9,40.1,157.4,57.9,326.0,89.3,16.0,0.4,0.4,0.5,-76.1,0.0,94.5,13.8,326.0,111.4,16.0,0.4,0.4,0.5,-6.4,22.3,87.8,33.8,116.0,58.0,14.0,0.4,0.5,0.5,-44.9,-5.4,50.5,2.1,116.0,59.3,14.0,0.4,0.5,0.5,-6.6,5.5,54.4,19.9,113.0,35.5,14.0,0.4,0.5,0.5,-58.3,-3.4,11.5,-18.1,113.0,34.7,14.0,0.4,0.5,0.5,51.5,804.5,2406.0,1345.5,330.0,1806.5,14.0,0.4,0.4,0.5,50.0,805.0,2405.0,1345.0,330.0,1805.0,14.0,0.4,0.4,0.5
1974,2,282.0,34.0,9.37,10.0,10.34,10.51,10.0,2.24,26.0,0.5,0.7,0.5,6.91,10.0,11.7,9.7,10.0,2.98,26.0,0.5,0.7,0.5,9.7,9.7,9.7,9.7,1.0,0.0,8.0,0.0,1.0,0.0,87.9,87.9,87.9,87.9,1.0,0.0,8.0,0.0,0.0,2.31,4.35,6.2,4.22,10.0,1.88,26.0,0.5,0.7,0.5,-1.04,1.9,3.1,1.18,10.0,2.15,26.0,0.5,0.7,0.5,-4.31,-0.7,4.81,-0.14,10.0,4.14,26.0,0.5,0.7,0.5,1024.43,1027.25,1028.4,1025.12,10.0,6.02,26.0,0.5,0.7,0.5,0.0,1.5,5.9,2.5,10.0,3.1,26.0,0.5,0.7,0.5,-2.2,7.0,16.6,6.9,10.0,10.4,26.0,0.5,0.7,0.5,-24.2,-1.1,24.5,-0.7,10.0,24.1,26.0,0.5,0.7,0.5,-1.27,0.55,2.96,0.81,10.0,2.1,26.0,0.5,0.7,0.5,-3.6,2.0,9.4,2.4,10.0,6.7,26.0,0.5,0.7,0.5,2.16,2.16,2.16,2.16,1.0,0.0,8.0,0.0,1.0,0.0,7.8,7.8,7.8,7.8,1.0,0.0,8.0,0.0,1.0,0.0,-12.2,12.9,29.4,7.8,10.0,24.3,26.0,0.5,0.7,0.5,-39.3,-4.7,50.9,2.9,10.0,39.5,26.0,0.5,0.7,0.5,-26.7,-26.7,-26.7,-26.7,1.0,0.0,8.0,0.0,1.0,0.0,-22.4,-22.4,-22.4,-22.4,1.0,0.0,8.0,0.0,1.0,0.0,-5.9,-5.9,-5.9,-5.9,1.0,0.0,8.0,0.0,1.0,0.0,-5.0,-5.0,-5.0,-5.0,1.0,0.0,8.0,0.0,1.0,0.0,13.0,89.5,238.5,115.0,10.0,111.0,26.0,0.5,0.7,0.5,15.0,90.0,240.0,115.0,10.0,110.0,26.0,0.5,0.7,0.5
1974,2,283.0,-55.0,,,,,,,,,,,,,,,,,,,,,,,,,,,,,,,,,,,,,,,,16.0,16.0,16.0,16.0,1.0,0.0,26.0,0.0,0.2,0.3,10.28,10.28,10.28,10.28,1.0,0.0,26.0,0.0,0.2,0.3,-12.26,-12.26,-12.26,-12.26,1.0,0.0,26.0,0.0,0.2,0.3,996.3,996.3,996.3,996.3,1.0,0.0,26.0,0.0,0.2,0.3,,,,,,,,,,,,,,,,,,,,,,,,,,,,,,,,,,,,,,,,,,,,,,,,,,,,,,,,,,,,,,,,,,,,,,,,,,,,,,,,,,,,,,,,,,,,,,,,,,,,,,,,,,,,,,,,,,,,,,,,,,,,,,,,,,,,,,,,,,,,,,,,,,,,,,
1974,2,283.0,-51.0,10.32,11.0,11.82,11.07,3.0,1.1,18.0,1.0,0.7,0.8,9.86,10.0,10.68,10.27,3.0,0.64,18.0,1.0,0.7,0.8,5.93,6.28,6.73,6.33,3.0,0.59,18.0,1.0,0.7,0.8,78.2,81.6,84.4,81.3,3.0,4.5,18.0,1.0,0.8,10.78,12.9,15.7,13.23,3.0,3.61,18.0,1.0,0.7,0.8,1.56,4.9,7.22,4.4,3.0,4.17,18.0,1.0,0.7,0.8,-14.74,-9.88,-8.93,-11.79,3.0,4.57,18.0,1.0,0.7,0.8,1002.57,1008.1,1013.49,1008.03,3.0,8.0,18.0,1.0,0.7,0.8,5.6,7.0,7.7,6.7,3.0,1.5,18.0,1.0,0.7,0.8,15.2,48.0,88.3,51.7,3.0,53.6,18.0,1.0,0.7,0.8,-237.7,-127.5,-97.2,-166.6,3.0,108.3,18.0,1.0,0.7,0.8,0.45,1.0,1.14,0.8,3.0,0.53,18.0,1.0,0.7,0.8,6.3,15.5,16.5,11.5,3.0,8.3,18.0,1.0,0.7,0.8,1.85,1.87,1.93,1.89,3.0,0.06,18.0,1.0,0.7,0.8,20.0,23.7,30.2,25.1,3.0,7.6,18.0,1.0,0.7,0.8,15.2,48.0,77.5,46.4,3.0,45.6,18.0,1.0,0.7,0.8,-150.5,-108.7,-91.3,-120.6,3.0,44.6,18.0,1.0,0.7,0.8,9.0,28.3,48.3,28.6,3.0,28.8,18.0,1.0,0.7,0.8,-94.7,-68.6,-55.2,-74.8,3.0,29.4,18.0,1.0,0.7,0.8,2.9,9.1,13.3,8.1,3.0,7.7,18.0,1.0,0.7,0.8,-28.5,-18.1,-16.6,-22.4,3.0,9.5,18.0,1.0,0.7,0.8,1324.0,2146.5,4035.0,2667.0,3.0,2036.5,18.0,1.0,0.7,0.8,1325.0,2145.0,4035.0,2665.0,3.0,2035.0,18.0,1.0,0.7,0.8
1974,2,283.0,-50.0,10.32,11.0,11.82,11.07,3.0,1.1,14.0,0.7,0.8,0.7,10.63,10.9,12.47,11.53,3.0,1.46,14.0,0.7,0.8,0.7,6.72,6.9,8.03,7.37,3.0,1.04,14.0,0.7,0.8,0.7,84.1,86.8,90.2,87.2,3.0,4.5,14.0,0.7,0.7,5.7,11.3,17.65,11.67,3.0,8.76,14.0,0.7,0.8,0.7,3.99,10.3,10.52,7.33,3.0,5.43,14.0,0.7,0.8,0.7,-13.4,-3.86,0.76,-6.26,3.0,10.58,14.0,0.7,0.8,0.7,1007.52,1019.6,1021.24,1014.5,3.0,10.98,14.0,0.7,0.8,0.7,2.6,6.0,7.4,5.0,3.0,3.6,14.0,0.7,0.8,0.7,40.3,120.0,182.9,111.8,3.0,104.7,14.0,0.7,0.8,0.7,-264.7,-43.7,-7.7,-134.0,3.0,203.9,14.0,0.7,0.8,0.7,-1.66,-0.5,0.73,-0.47,3.0,1.75,14.0,0.7,0.8,0.7,-9.2,-6.8,7.9,-0.8,3.0,13.5,14.0,0.7,0.8,0.7,-0.09,0.79,1.69,0.8,3.0,1.3,14.0,0.7,0.8,0.7,4.1,16.3,21.4,12.8,3.0,13.0,14.0,0.7,0.8,0.7,43.9,108.2,113.3,79.3,3.0,56.7,14.0,0.7,0.8,0.7,-141.2,-42.1,12.9,-63.7,3.0,114.4,14.0,0.7,0.8,0.7,28.6,70.5,70.9,50.2,3.0,35.6,14.0,0.7,0.8,0.7,-92.2,-25.7,8.9,-41.3,3.0,75.2,14.0,0.7,0.8,0.7,2.2,8.1,17.9,10.0,3.0,11.6,14.0,0.7,0.8,0.7,-12.2,-8.1,-3.6,-7.9,3.0,6.3,14.0,0.7,0.8,0.7,478.5,1443.0,6425.0,3405.0,3.0,4675.5,14.0,0.7,0.8,0.7,480.0,1445.0,6425.0,3405.0,3.0,4675.0,14.0,0.7,0.8,0.7
1974,2,283.0,-49.0,12.38,12.9,13.0,12.7,4.0,0.48,14.0,1.0,0.8,0.7,10.97,12.2,13.69,12.33,4.0,1.75,14.0,1.0,0.8,0.7,7.34,7.64,8.54,7.93,4.0,0.85,14.0,1.0,0.8,0.7,87.0,88.6,91.6,89.2,4.0,2.8,14.0,1.0,0.7,6.44,6.95,14.22,10.18,4.0,6.96,14.0,1.0,0.8,0.7,1.09,4.06,6.47,3.79,4.0,3.23,14.0,1.0,0.8,0.7,-11.15,2.09,6.77,-2.0,4.0,12.31,14.0,1.0,0.8,0.7,1006.9,1021.95,1022.8,1015.18,4.0,14.14,14.0,1.0,0.8,0.7,1.0,4.0,7.5,4.3,4.0,3.8,14.0,1.0,0.8,0.7,7.3,25.7,93.2,49.2,4.0,65.7,14.0,1.0,0.8,0.7,-215.2,14.5,47.2,-79.5,4.0,214.8,14.0,1.0,0.8,0.7,-0.69,0.7,1.41,0.38,4.0,1.38,14.0,1.0,0.8,0.7,-4.6,4.4,20.8,7.9,4.0,18.2,14.0,1.0,0.8,0.7,0.65,1.38,1.64,1.16,4.0,0.76,14.0,1.0,0.8,0.7,4.7,10.3,21.1,12.8,4.0,12.5,14.0,1.0,0.8,0.7,15.8,50.4,70.6,43.5,4.0,34.0,14.0,1.0,0.8,0.7,-117.2,33.3,91.7,-10.6,4.0,138.5,14.0,1.0,0.8,0.7,10.0,31.7,47.5,28.9,4.0,23.2,14.0,1.0,0.8,0.7,-82.3,20.7,57.2,-11.1,4.0,94.5,14.0,1.0,0.8,0.7,0.1,5.2,10.4,5.2,4.0,6.0,14.0,1.0,0.8,0.7,-16.7,-1.7,5.1,-5.6,4.0,16.1,14.0,1.0,0.8,0.7,268.0,337.0,4757.5,2413.5,4.0,4219.0,14.0,1.0,0.8,0.7,270.0,335.0,4760.0,2415.0,4.0,4220.0,14.0,1.0,0.8,0.7
1974,2,283.0,-48.0,12.0,12.0,12.0,12.0,2.0,0.0,8.0,1.0,1.0,0.8,12.14,12.45,12.76,12.45,2.0,0.64,8.0,1.0,1.0,0.8,8.39,8.39,8.39,8.39,1.0,0.0,16.0,1.0,1.0,0.8,84.4,87.4,90.4,87.4,2.0,6.2,8.0,1.0,0.8,8.45,9.0,9.55,9.0,2.0,1.13,8.0,1.0,1.0,0.8,0.53,1.68,2.82,1.68,2.0,2.37,8.0,1.0,1.0,0.8,-6.45,-0.5,5.44,-0.5,2.0,12.31,8.0,1.0,1.0,0.8,1022.0,1022.0,1022.0,1022.0,1.0,0.0,16.0,1.0,1.0,0.8,1.0,3.0,5.0,3.0,2.0,4.2,8.0,1.0,1.0,0.8,5.2,16.4,27.6,16.4,2.0,23.2,8.0,1.0,1.0,0.8,-65.3,-11.5,42.2,-11.5,2.0,111.4,8.0,1.0,1.0,0.8,-0.76,-0.45,-0.14,-0.45,2.0,0.64,8.0,1.0,1.0,0.8,-6.2,-3.7,-1.2,-3.7,2.0,5.2,8.0,1.0,1.0,0.8,0.23,0.23,0.23,0.23,1.0,0.0,16.0,1.0,1.0,0.8,1.9,1.9,1.9,1.9,1.0,0.0,16.0,1.0,1.0,0.8,6.4,20.1,33.8,20.1,2.0,28.4,8.0,1.0,1.0,0.8,-76.2,-2.4,71.5,-2.4,2.0,152.9,8.0,1.0,1.0,0.8,0.0,0.0,0.0,0.0,1.0,0.0,16.0,1.0,1.0,0.8,68.8,68.8,68.8,68.8,1.0,0.0,16.0,1.0,1.0,0.8,0.0,0.0,0.0,0.0,1.0,0.0,16.0,1.0,1.0,0.8,1.9,1.9,1.9,1.9,1.0,0.0,16.0,1.0,1.0,0.8,613.0,746.5,879.5,746.5,2.0,275.5,8.0,1.0,1.0,0.8,615.0,745.0,880.0,745.0,2.0,275.0,8.0,1.0,1.0,0.8
1974,2,283.0,-47.0,14.0,14.0,14.0,14.0,1.0,0.0,24.0,1.0,0.9,0.3,12.4,12.4,12.4,12.4,1.0,0.0,24.0,1.0,0.9,0.3,4.94,4.94,4.94,4.94,1.0,0.0,24.0,1.0,0.9,0.3,56.1,56.1,56.1,56.1,1.0,0.0,24.0,1.0,0.3,5.1,5.1,5.1,5.1,1.0,0.0,24.0,1.0,0.9,0.3,4.42,4.42,4.42,4.42,1.0,0.0,24.0,1.0,0.9,0.3,2.55,2.55,2.55,2.55,1.0,0.0,24.0,1.0,0.9,0.3,1024.8,1024.8,1024.8,1024.8,1.0,0.0,24.0,1.0,0.9,0.3,1.0,1.0,1.0,1.0,1.0,0.0,24.0,1.0,0.9,0.3,22.5,22.5,22.5,22.5,1.0,0.0,24.0,1.0,0.9,0.3,13.0,13.0,13.0,13.0,1.0,0.0,24.0,1.0,0.9,0.3,1.6,1.6,1.6,1.6,1.0,0.0,24.0,1.0,0.9,0.3,8.2,8.2,8.2,8.2,1.0,0.0,24.0,1.0,0.9,0.3,4.86,4.86,4.86,4.86,1.0,0.0,24.0,1.0,0.9,0.3,24.8,24.8,24.8,24.8,1.0,0.0,24.0,1.0,0.9,0.3,54.8,54.8,54.8,54.8,1.0,0.0,24.0,1.0,0.9,0.3,31.6,31.6,31.6,31.6,1.0,0.0,24.0,1.0,0.9,0.3,21.8,21.8,21.8,21.8,1.0,0.0,24.0,1.0,0.9,0.3,12.6,12.6,12.6,12.6,1.0,0.0,24.0,1.0,0.9,0.3,21.5,21.5,21.5,21.5,1.0,0.0,24.0,1.0,0.9,0.3,12.4,12.4,12.4,12.4,1.0,0.0,24.0,1.0,0.9,0.3,132.5,132.5,132.5,132.5,1.0,0.0,24.0,1.0,0.9,0.3,135.0,135.0,135.0,135.0,1.0,0.0,24.0,1.0,0.9,0.3
1974,2,283.0,-25.0,20.2,20.2,20.2,20.2,1.0,0.0,28.0,1.0,0.2,0.6,21.2,21.2,21.2,21.2,1.0,0.0,28.0,1.0,0.2,0.6,9.06,9.06,9.06,9.06,1.0,0.0,28.0,1.0,0.2,0.6,58.3,58.3,58.3,58.3,1.0,0.0,28.0,1.0,0.6,5.1,5.1,5.1,5.1,1.0,0.0,28.0,1.0,0.2,0.6,-1.74,-1.74,-1.74,-1.74,1.0,0.0,28.0,1.0,0.2,0.6,4.79,4.79,4.79,4.79,1.0,0.0,28.0,1.0,0.2,0.6,1017.8,1017.8,1017.8,1017.8,1.0,0.0,28.0,1.0,0.2,0.6,8.0,8.0,8.0,8.0,1.0,0.0,28.0,1.0,0.2,0.6,-8.9,-8.9,-8.9,-8.9,1.0,0.0,28.0,1.0,0.2,0.6,24.4,24.4,24.4,24.4,1.0,0.0,28.0,1.0,0.2,0.6,-1.0,-1.0,-1.0,-1.0,1.0,0.0,28.0,1.0,0.2,0.6,-5.1,-5.1,-5.1,-5.1,1.0,0.0,28.0,1.0,0.2,0.6,5.6,5.6,5.6,5.6,1.0,0.0,28.0,1.0,0.2,0.6,28.5,28.5,28.5,28.5,1.0,0.0,28.0,1.0,0.2,0.6,-37.0,-37.0,-37.0,-37.0,1.0,0.0,28.0,1.0,0.2,0.6,101.6,101.6,101.6,101.6,1.0,0.0,28.0,1.0,0.2,0.6,-15.8,-15.8,-15.8,-15.8,1.0,0.0,28.0,1.0,0.2,0.6,43.4,43.4,43.4,43.4,1.0,0.0,28.0,1.0,0.2,0.6,-9.8,-9.8,-9.8,-9.8,1.0,0.0,28.0,1.0,0.2,0.6,26.8,26.8,26.8,26.8,1.0,0.0,28.0,1.0,0.2,0.6,132.5,132.5,132.5,132.5,1.0,0.0,28.0,1.0,0.2,0.6,135.0,135.0,135.0,135.0,1.0,0.0,28.0,1.0,0.2,0.6
1974,2,283.0,-21.0,19.5,19.5,19.5,19.5,1.0,0.0,10.0,0.0,0.7,1.0,21.6,21.6,21.6,21.6,1.0,0.0,10.0,0.0,0.7,1.0,11.72,11.72,11.72,11.72,1.0,0.0,10.0,0.0,0.7,1.0,73.2,73.2,73.2,73.2,1.0,0.0,10.0,0.0,1.0,6.2,6.2,6.2,6.2,1.0,0.0,10.0,0.0,0.7,1.0,-1.08,-1.08,-1.08,-1.08,1.0,0.0,10.0,0.0,0.7,1.0,6.11,6.11,6.11,6.11,1.0,0.0,10.0,0.0,0.7,1.0,1013.9,1013.9,1013.9,1013.9,1.0,0.0,10.0,0.0,0.7,1.0,2.0,2.0,2.0,2.0,1.0,0.0,10.0,0.0,0.7,1.0,-6.7,-6.7,-6.7,-6.7,1.0,0.0,10.0,0.0,0.7,1.0,37.9,37.9,37.9,37.9,1.0,0.0,10.0,0.0,0.7,1.0,-2.1,-2.1,-2.1,-2.1,1.0,0.0,10.0,0.0,0.7,1.0,-13.0,-13.0,-13.0,-13.0,1.0,0.0,10.0,0.0,0.7,1.0,2.37,2.37,2.37,2.37,1.0,0.0,10.0,0.0,0.7,1.0,14.7,14.7,14.7,14.7,1.0,0.0,10.0,0.0,0.7,1.0,-23.3,-23.3,-23.3,-23.3,1.0,0.0,10.0,0.0,0.7,1.0,131.9,131.9,131.9,131.9,1.0,0.0,10.0,0.0,0.7,1.0,-12.6,-12.6,-12.6,-12.6,1.0,0.0,10.0,0.0,0.7,1.0,71.5,71.5,71.5,71.5,1.0,0.0,10.0,0.0,0.7,1.0,-2.5,-2.5,-2.5,-2.5,1.0,0.0,10.0,0.0,0.7,1.0,14.4,14.4,14.4,14.4,1.0,0.0,10.0,0.0,0.7,1.0,238.5,238.5,238.5,238.5,1.0,0.0,10.0,0.0,0.7,1.0,240.0,240.0,240.0,240.0,1.0,0.0,10.0,0.0,0.7,1.0
1974,2,283.0,-20.0,22.97,23.35,23.73,23.35,2.0,0.78,22.0,0.5,0.6,0.7,21.8,22.0,22.2,22.0,2.0,0.42,22.0,0.5,0.6,0.7,11.63,11.9,12.16,11.9,2.0,0.55,22.0,0.5,0.6,0.7,71.7,72.3,73.0,72.3,2.0,1.4,22.0,0.5,0.7,5.78,5.95,6.12,5.95,2.0,0.35,22.0,0.5,0.6,0.7,-1.94,-1.56,-1.17,-1.56,2.0,0.8,22.0,0.5,0.6,0.7,5.65,5.72,5.79,5.72,2.0,0.15,22.0,0.5,0.6,0.7,1011.41,1011.85,1012.29,1011.85,2.0,0.92,22.0,0.5,0.6,0.7,2.9,6.0,6.5,4.8,4.0,3.2,24.0,0.5,0.6,0.6,-12.0,-9.4,-6.8,-9.4,2.0,5.3,22.0,0.5,0.6,0.7,32.7,34.1,35.5,34.1,2.0,2.9,22.0,0.5,0.6,0.7,1.18,1.35,1.52,1.35,2.0,0.35,22.0,0.5,0.6,0.7,6.8,8.1,9.3,8.1,2.0,2.6,22.0,0.5,0.6,0.7,5.87,6.02,6.18,6.02,2.0,0.32,22.0,0.5,0.6,0.7,33.9,35.9,37.8,35.9,2.0,4.0,22.0,0.5,0.6,0.7,-43.2,-34.4,-25.6,-34.4,2.0,18.2,22.0,0.5,0.6,0.7,123.1,125.9,128.6,125.9,2.0,5.7,22.0,0.5,0.6,0.7,-23.7,-18.7,-13.7,-18.7,2.0,10.4,22.0,0.5,0.6,0.7,65.7,68.1,70.5,68.1,2.0,4.9,22.0,0.5,0.6,0.7,-12.1,-9.5,-6.9,-9.5,2.0,5.3,22.0,0.5,0.6,0.7,33.1,34.5,35.8,34.5,2.0,2.7,22.0,0.5,0.6,0.7,193.5,212.0,230.0,212.0,2.0,37.5,22.0,0.5,0.6,0.7,195.0,210.0,230.0,210.0,2.0,40.0,22.0,0.5,0.6,0.7
1974,2,283.0,-19.0,24.5,24.5,24.5,24.5,1.0,0.0,10.0,0.0,0.9,0.2,27.2,27.2,27.2,27.2,1.0,0.0,10.0,0.0,0.9,0.2,13.06,13.06,13.06,13.06,1.0,0.0,10.0,0.0,0.9,0.2,58.3,58.3,58.3,58.3,1.0,0.0,10.0,0.0,0.2,5.7,5.7,5.7,5.7,1.0,0.0,10.0,0.0,0.9,0.2,-1.95,-1.95,-1.95,-1.95,1.0,0.0,10.0,0.0,0.9,0.2,5.36,5.36,5.36,5.36,1.0,0.0,10.0,0.0,0.9,0.2,1013.9,1013.9,1013.9,1013.9,1.0,0.0,10.0,0.0,0.9,0.2,2.0,2.0,2.0,2.0,1.0,0.0,10.0,0.0,0.9,0.2,-11.1,-11.1,-11.1,-11.1,1.0,0.0,10.0,0.0,0.9,0.2,30.5,30.5,30.5,30.5,1.0,0.0,10.0,0.0,0.9,0.2,-2.7,-2.7,-2.7,-2.7,1.0,0.0,10.0,0.0,0.9,0.2,-15.4,-15.4,-15.4,-15.4,1.0,0.0,10.0,0.0,0.9,0.2,6.11,6.11,6.11,6.11,1.0,0.0,10.0,0.0,0.9,0.2,34.8,34.8,34.8,34.8,1.0,0.0,10.0,0.0,0.9,0.2,-53.0,-53.0,-53.0,-53.0,1.0,0.0,10.0,0.0,0.9,0.2,145.7,145.7,145.7,145.7,1.0,0.0,10.0,0.0,0.9,0.2,-25.5,-25.5,-25.5,-25.5,1.0,0.0,10.0,0.0,0.9,0.2,69.9,69.9,69.9,69.9,1.0,0.0,10.0,0.0,0.9,0.2,-11.9,-11.9,-11.9,-11.9,1.0,0.0,10.0,0.0,0.9,0.2,32.7,32.7,32.7,32.7,1.0,0.0,10.0,0.0,0.9,0.2,185.0,185.0,185.0,185.0,1.0,0.0,10.0,0.0,0.9,0.2,185.0,185.0,185.0,185.0,1.0,0.0,10.0,0.0,0.9,0.2
1974,2,283.0,-18.0,23.1,23.3,23.98,23.53,3.0,0.68,10.0,0.0,0.9,0.9,22.74,23.9,24.17,23.47,3.0,1.12,10.0,0.0,0.9,0.9,13.54,13.65,15.19,14.35,3.0,1.35,10.0,0.0,0.9,0.9,74.8,82.1,84.7,79.8,3.0,7.5,10.0,0.0,0.9,4.26,4.6,6.72,5.47,3.0,1.95,10.0,0.0,0.9,0.9,-2.85,-2.64,-1.75,-2.31,3.0,0.86,10.0,0.0,0.9,0.9,3.26,3.52,6.29,4.75,3.0,2.46,10.0,0.0,0.9,0.9,1009.73,1011.4,1013.28,1011.5,4.0,2.12,14.0,0.3,0.8,0.9,5.5,6.0,7.0,6.3,4.0,1.3,14.0,0.3,0.8,0.9,-12.7,-10.8,-10.5,-11.6,3.0,1.8,10.0,0.0,0.9,0.9,13.9,16.2,45.0,29.2,3.0,25.4,10.0,0.0,0.9,0.9,-0.61,0.0,0.75,0.07,3.0,1.0,10.0,0.0,0.9,0.9,-2.8,0.0,3.1,0.1,3.0,4.3,10.0,0.0,0.9,0.9,2.45,4.17,5.06,3.76,3.0,1.94,10.0,0.0,0.9,0.9,10.6,17.1,34.2,22.3,3.0,17.8,10.0,0.0,0.9,0.9,-66.8,-58.5,-40.7,-53.9,3.0,19.5,10.0,0.0,0.9,0.9,74.3,84.2,152.5,112.7,3.0,62.4,10.0,0.0,0.9,0.9,-43.5,-36.0,-23.7,-33.7,3.0,14.6,10.0,0.0,0.9,0.9,47.1,56.1,87.6,67.1,3.0,31.2,10.0,0.0,0.9,0.9,-9.8,-7.3,-5.6,-7.7,3.0,3.1,10.0,0.0,0.9,0.9,8.1,13.1,32.5,20.1,3.0,18.8,10.0,0.0,0.9,0.9,78.0,97.5,342.5,207.5,3.0,216.0,10.0,0.0,0.9,0.9,80.0,95.0,345.0,210.0,3.0,215.0,10.0,0.0,0.9,0.9
1974,2,283.0,-17.0,23.6,23.8,24.0,23.8,2.0,0.42,10.0,1.0,0.7,0.7,24.33,24.4,24.47,24.4,2.0,0.14,10.0,1.0,0.7,0.7,14.24,15.46,16.69,15.46,2.0,2.54,10.0,1.0,0.7,0.7,75.1,81.0,86.9,81.0,2.0,12.3,10.0,1.0,0.7,1.46,4.6,8.15,4.8,3.0,4.9,16.0,1.0,0.6,0.6,-3.26,-1.7,-0.54,-1.9,3.0,2.0,16.0,1.0,0.6,0.6,0.73,2.3,7.32,3.98,3.0,5.04,16.0,1.0,0.6,0.6,1009.99,1011.7,1012.04,1011.03,3.0,1.61,16.0,1.0,0.6,0.6,4.3,5.0,8.0,5.8,5.0,2.2,20.0,0.8,0.7,0.6,-17.8,-16.7,-5.3,-11.7,3.0,10.1,16.0,1.0,0.6,0.6,3.4,10.6,67.9,35.1,3.0,51.8,16.0,1.0,0.6,0.6,-0.87,-0.6,-0.33,-0.6,2.0,0.57,10.0,1.0,0.7,0.7,-4.2,-3.3,-2.4,-3.3,2.0,1.9,10.0,1.0,0.7,0.7,1.53,2.97,4.4,2.97,2.0,2.97,10.0,1.0,0.7,0.7,11.2,26.8,42.4,26.8,2.0,32.3,10.0,1.0,0.7,0.7,-88.7,-69.5,-50.3,-69.5,2.0,39.8,10.0,1.0,0.7,0.7,84.6,145.4,206.2,145.4,2.0,126.0,10.0,1.0,0.7,0.7,-61.5,-46.0,-30.5,-46.0,2.0,32.2,10.0,1.0,0.7,0.7,54.3,85.8,117.3,85.8,2.0,65.2,10.0,1.0,0.7,0.7,-7.8,-6.0,-4.3,-6.0,2.0,3.7,10.0,1.0,0.7,0.7,9.4,25.5,41.5,25.5,2.0,33.2,10.0,1.0,0.7,0.7,31.0,97.5,673.5,346.0,3.0,517.5,16.0,1.0,0.6,0.6,30.0,95.0,675.0,345.0,3.0,520.0,16.0,1.0,0.6,0.6
1974,2,283.0,-16.0,20.04,21.0,23.32,21.67,3.0,2.47,16.0,1.0,0.6,0.7,21.0,21.2,24.48,22.7,3.0,2.86,16.0,1.0,0.6,0.7,13.46,14.81,16.89,15.16,3.0,2.53,16.0,1.0,0.6,0.7,84.0,85.1,91.6,87.7,3.0,6.0,16.0,1.0,0.7,4.79,5.6,7.51,6.13,4.0,1.85,18.0,1.0,0.5,0.7,-3.62,-3.09,-1.42,-2.54,4.0,1.75,18.0,1.0,0.5,0.7,4.2,4.67,6.54,5.34,4.0,1.93,18.0,1.0,0.5,0.7,1009.33,1011.95,1013.0,1011.2,4.0,2.95,18.0,1.0,0.5,0.7,4.0,5.0,6.6,5.3,4.0,2.1,18.0,1.0,0.5,0.7,-25.3,-20.4,-7.7,-16.7,4.0,11.9,18.0,1.0,0.5,0.7,20.1,25.3,51.3,35.2,4.0,24.3,18.0,1.0,0.5,0.7,-3.83,-1.3,1.77,-1.03,3.0,4.11,16.0,1.0,0.6,0.7,-19.3,-11.3,10.0,-4.8,3.0,22.1,16.0,1.0,0.6,0.7,-1.18,1.36,3.33,1.08,3.0,3.31,16.0,1.0,0.6,0.7,-3.6,11.9,21.7,9.1,3.0,18.7,16.0,1.0,0.6,0.7,-77.4,-62.2,-19.7,-48.9,3.0,43.8,16.0,1.0,0.6,0.7,106.7,119.6,154.6,130.4,3.0,36.3,16.0,1.0,0.6,0.7,-52.4,-38.2,-12.1,-32.4,3.0,29.9,16.0,1.0,0.6,0.7,74.1,82.1,97.7,85.8,3.0,17.6,16.0,1.0,0.6,0.7,-12.8,-4.1,-1.3,-7.0,3.0,8.8,16.0,1.0,0.6,0.7,-3.9,11.1,17.3,6.8,3.0,16.0,16.0,1.0,0.6,0.7,110.5,181.5,458.5,280.0,4.0,259.5,18.0,1.0,0.5,0.7,110.0,180.0,460.0,280.0,4.0,260.0,18.0,1.0,0.5,0.7
1974,2,283.0,-15.0,,,,,,,,,,,,,,,,,,,,,,,,,,,,,,,,,,,,,,,,1.27,4.0,6.73,4.0,2.0,5.66,24.0,0.5,0.5,0.3,-4.33,-2.57,-0.82,-2.57,2.0,3.64,24.0,0.5,0.5,0.3,0.97,3.06,5.16,3.06,2.0,4.33,24.0,0.5,0.5,0.3,1011.4,1011.4,1011.6,1011.5,3.0,0.17,18.0,0.7,0.4,0.5,,,,,,,,,,,,,,,,,,,,,,,,,,,,,,,,,,,,,,,,,,,,,,,,,,,,,,,,,,,,,,,,,,,,,,,,,,,,,,,,,,,,,,,,,,,,,,,,,,,,,,,,,,,,,,,,,,,,,,,,,,,,,,,,,,,,,,,,,,,,,,,,,,,,,,
1974,2,283.0,-14.0,18.16,18.5,18.84,18.5,3.0,0.5,16.0,0.3,0.2,0.6,16.98,18.0,19.37,18.17,3.0,1.76,16.0,0.3,0.2,0.6,11.26,12.23,13.22,12.24,3.0,1.43,16.0,0.3,0.2,0.6,93.0,94.0,94.7,93.9,3.0,1.2,16.0,0.3,0.6,1.48,3.1,6.35,3.88,4.0,3.9,20.0,0.3,0.2,0.7,-0.81,0.0,0.0,-0.39,4.0,0.78,20.0,0.3,0.2,0.7,1.28,2.89,6.35,3.77,4.0,3.93,20.0,0.3,0.2,0.7,1010.02,1011.05,1011.56,1010.8,4.0,1.02,20.0,0.3,0.2,0.7,3.5,5.0,6.0,4.8,4.0,1.5,20.0,0.3,0.2,0.7,-2.5,0.0,0.0,-1.2,4.0,2.4,20.0,0.3,0.2,0.7,4.0,9.0,49.9,26.1,4.0,40.5,20.0,0.3,0.2,0.7,-0.71,1.0,1.34,0.33,3.0,1.61,16.0,0.3,0.2,0.6,-8.5,3.1,4.2,-2.1,3.0,10.3,16.0,0.3,0.2,0.6,0.18,1.48,1.86,1.03,3.0,1.29,16.0,0.3,0.2,0.6,-1.2,4.6,5.8,2.3,3.0,5.5,16.0,0.3,0.2,0.6,-19.0,0.0,0.0,-9.3,3.0,16.1,16.0,0.3,0.2,0.6,49.2,51.2,143.2,95.2,3.0,78.7,16.0,0.3,0.2,0.6,-12.9,0.0,0.0,-6.3,3.0,10.9,16.0,0.3,0.2,0.6,33.0,33.5,97.5,64.5,3.0,54.3,16.0,0.3,0.2,0.6,-1.6,0.0,0.0,-0.8,3.0,1.3,16.0,0.3,0.2,0.6,-1.4,4.0,5.6,2.1,3.0,5.4,16.0,0.3,0.2,0.6,14.0,30.0,435.5,216.0,4.0,392.5,20.0,0.3,0.2,0.7,15.0,30.0,435.0,215.0,4.0,390.0,20.0,0.3,0.2,0.7
1974,2,283.0,10.0,25.53,26.0,27.87,26.59,9.0,1.58,14.0,0.7,0.4,0.7,25.18,25.9,26.47,25.9,11.0,0.9,12.0,0.6,0.4,0.7,16.12,17.3,18.82,17.47,10.0,1.55,14.0,0.6,0.4,0.7,79.6,82.6,90.0,83.5,10.0,6.0,14.0,0.6,0.7,7.7,9.3,13.29,10.35,11.0,2.94,12.0,0.6,0.4,0.7,-8.99,-7.7,-5.32,-7.28,11.0,2.58,12.0,0.6,0.4,0.7,-10.61,-5.4,-3.95,-6.7,11.0,3.49,12.0,0.6,0.4,0.7,1008.59,1010.1,1011.47,1010.19,11.0,1.57,12.0,0.6,0.4,0.7,0.6,4.0,5.4,3.5,11.0,2.4,12.0,0.6,0.4,0.7,-108.3,-74.9,-40.9,-78.3,11.0,45.4,12.0,0.6,0.4,0.7,-143.5,-51.5,-30.7,-77.2,11.0,60.8,12.0,0.6,0.4,0.7,0.0,0.2,1.76,0.54,9.0,0.99,14.0,0.7,0.4,0.7,0.0,2.3,18.8,6.7,9.0,10.6,14.0,0.7,0.4,0.7,2.85,4.79,6.15,4.6,8.0,1.66,16.0,0.6,0.4,0.7,24.2,52.1,73.5,50.4,8.0,21.8,16.0,0.6,0.4,0.7,-238.0,-194.8,-136.7,-187.9,11.0,64.4,12.0,0.6,0.4,0.7,-268.6,-135.0,-104.8,-172.3,11.0,87.7,12.0,0.6,0.4,0.7,-175.6,-130.5,-92.4,-130.5,10.0,46.8,14.0,0.6,0.4,0.7,-183.2,-103.9,-70.4,-119.3,10.0,59.3,14.0,0.6,0.4,0.7,-51.5,-33.0,-17.2,-33.2,8.0,17.1,16.0,0.6,0.4,0.7,-52.2,-25.6,-14.7,-33.6,8.0,23.1,16.0,0.6,0.4,0.7,456.5,804.5,2473.0,1369.5,11.0,1206.0,12.0,0.6,0.4,0.7,455.0,805.0,2475.0,1370.0,11.0,1205.0,12.0,0.6,0.4,0.7
1974,2,283.0,11.0,25.6,26.0,26.7,26.08,20.0,0.6,14.0,0.4,0.5,0.5,25.0,25.55,26.33,25.63,22.0,0.87,14.0,0.4,0.5,0.5,15.82,16.53,17.98,16.86,20.0,1.39,14.0,0.5,0.4,0.5,75.4,80.8,88.1,81.5,20.0,6.5,14.0,0.5,0.5,8.8,10.3,15.23,10.98,21.0,2.96,14.0,0.4,0.5,0.5,-11.8,-8.74,-6.63,-9.16,21.0,2.77,14.0,0.4,0.5,0.5,-9.02,-5.15,-3.18,-5.54,21.0,2.69,14.0,0.4,0.5,0.5,1009.03,1010.25,1012.7,1010.7,22.0,1.67,14.0,0.4,0.5,0.5,1.0,3.0,6.0,3.2,21.0,2.3,14.0,0.4,0.4,0.5,-181.7,-81.3,-58.0,-107.7,21.0,58.8,14.0,0.4,0.5,0.5,-124.2,-53.0,-29.6,-64.2,21.0,45.7,14.0,0.4,0.5,0.5,-0.6,0.5,1.1,0.44,20.0,1.03,14.0,0.4,0.5,0.5,-5.6,5.6,16.4,6.2,19.0,10.7,14.0,0.4,0.5,0.5,2.92,4.45,5.88,4.24,19.0,1.68,14.0,0.4,0.4,0.5,26.3,42.2,90.8,51.1,18.0,30.7,14.0,0.4,0.4,0.5,-307.1,-227.5,-167.8,-234.3,21.0,71.7,14.0,0.4,0.5,0.5,-231.7,-131.3,-84.1,-142.2,21.0,70.8,14.0,0.4,0.5,0.5,-195.4,-148.2,-112.9,-155.8,19.0,42.1,14.0,0.4,0.4,0.5,-155.8,-85.6,-55.0,-94.2,19.0,46.6,14.0,0.4,0.4,0.5,-72.0,-38.1,-20.6,-43.2,18.0,24.9,14.0,0.4,0.4,0.5,-58.4,-16.7,-12.0,-24.9,18.0,21.2,14.0,0.4,0.4,0.5,684.0,1092.5,3536.5,1604.0,21.0,1228.0,14.0,0.4,0.5,0.5,685.0,1095.0,3535.0,1605.0,21.0,1230.0,14.0,0.4,0.5,0.5
1974,2,283.0,12.0,24.93,25.7,26.5,25.63,19.0,0.86,18.0,0.5,0.7,0.3,25.33,26.0,27.2,26.21,22.0,1.18,18.0,0.5,0.7,0.3,16.17,16.51,17.18,16.64,19.0,0.8,18.0,0.5,0.7,0.3,75.2,78.6,82.2,78.7,19.0,4.4,18.0,0.5,0.3,8.85,9.3,13.65,10.69,23.0,2.51,18.0,0.5,0.7,0.3,-12.83,-8.74,-7.12,-9.1,23.0,2.64,18.0,0.5,0.7,0.3,-7.7,-4.95,-2.99,-5.0,23.0,2.47,18.0,0.5,0.7,0.3,1009.9,1010.8,1013.25,1011.48,23.0,2.1,18.0,0.5,0.7,0.3,0.5,2.0,4.0,2.1,23.0,1.5,18.0,0.5,0.7,0.3,-175.3,-81.3,-64.7,-102.9,23.0,54.9,18.0,0.5,0.7,0.3,-92.2,-55.6,-26.2,-56.6,23.0,35.6,18.0,0.5,0.7,0.3,-1.7,-0.5,0.23,-0.54,18.0,1.25,18.0,0.4,0.7,0.3,-18.8,-5.5,2.8,-6.0,18.0,12.0,18.0,0.4,0.7,0.3,2.49,3.86,5.03,3.78,17.0,1.17,18.0,0.5,0.8,0.4,25.9,38.5,52.2,40.2,17.0,15.8,18.0,0.5,0.8,0.4,-344.5,-232.5,-177.9,-240.5,22.0,72.5,18.0,0.5,0.7,0.3,-198.9,-137.0,-71.5,-131.8,22.0,66.7,18.0,0.5,0.7,0.3,-217.6,-144.3,-108.3,-150.4,19.0,48.0,18.0,0.5,0.7,0.3,-125.6,-92.5,-42.7,-81.5,19.0,43.5,18.0,0.5,0.7,0.3,-43.0,-35.9,-20.1,-34.4,17.0,14.1,18.0,0.5,0.8,0.4,-32.7,-14.0,-10.2,-18.7,17.0,11.7,18.0,0.5,0.8,0.4,693.0,804.5,2548.5,1429.0,23.0,1096.5,18.0,0.5,0.7,0.3,695.0,805.0,2550.0,1430.0,23.0,1095.0,18.0,0.5,0.7,0.3
1974,2,283.0,13.0,25.33,25.6,25.87,25.6,2.0,0.57,10.0,1.0,0.7,0.7,25.33,25.6,25.87,25.6,3.0,0.4,12.0,0.7,0.7,0.7,15.56,15.77,15.99,15.77,2.0,0.44,14.0,0.5,0.7,0.7,77.7,78.1,78.4,78.1,2.0,0.7,14.0,0.5,0.7,6.33,7.7,7.7,7.03,3.0,1.15,12.0,0.7,0.7,0.7,-6.81,-5.9,-5.24,-6.02,3.0,1.15,12.0,0.7,0.7,0.7,-4.28,-2.85,-2.7,-3.48,3.0,1.28,12.0,0.7,0.7,0.7,1011.09,1011.7,1013.54,1012.3,3.0,1.87,12.0,0.7,0.7,0.7,3.6,5.0,5.7,4.7,3.0,1.5,12.0,0.7,0.7,0.7,-52.4,-45.4,-33.6,-43.1,3.0,13.9,12.0,0.7,0.7,0.7,-32.5,-20.3,-17.5,-24.9,3.0,11.6,12.0,0.7,0.7,0.7,0.0,0.0,0.0,0.0,2.0,0.0,10.0,1.0,0.7,0.7,0.0,0.0,0.0,0.0,2.0,0.0,10.0,1.0,0.7,0.7,4.53,4.53,4.53,4.53,1.0,0.0,12.0,1.0,0.6,0.7,25.8,25.8,25.8,25.8,1.0,0.0,12.0,1.0,0.6,0.7,-175.1,-153.4,-133.6,-154.3,3.0,30.4,12.0,0.7,0.7,0.7,-110.6,-71.8,-68.8,-89.3,3.0,34.2,12.0,0.7,0.7,0.7,-110.0,-96.3,-82.7,-96.3,2.0,28.3,14.0,0.5,0.7,0.7,-43.8,-43.2,-42.6,-43.2,2.0,1.2,14.0,0.5,0.7,0.7,-22.4,-22.4,-22.4,-22.4,1.0,0.0,12.0,1.0,0.6,0.7,-12.9,-12.9,-12.9,-12.9,1.0,0.0,12.0,1.0,0.6,0.7,271.5,456.5,456.5,366.0,3.0,156.5,12.0,0.7,0.7,0.7,270.0,455.0,455.0,365.0,3.0,155.0,12.0,0.7,0.7,0.7
1974,2,283.0,14.0,25.6,26.5,26.75,26.39,7.0,0.78,18.0,0.4,0.2,0.7,24.76,26.2,26.71,25.79,7.0,1.09,18.0,0.4,0.2,0.7,15.3,15.85,17.14,16.55,7.0,2.08,18.0,0.4,0.2,0.7,72.5,77.2,86.4,79.9,7.0,8.4,18.0,0.4,0.7,7.06,8.2,10.9,8.47,6.0,2.44,18.0,0.5,0.2,0.6,-8.59,-7.47,-6.24,-7.1,6.0,1.89,18.0,0.5,0.2,0.6,-7.47,-2.8,-1.2,-3.77,6.0,3.28,18.0,0.5,0.2,0.6,1011.84,1012.8,1015.05,1013.29,7.0,1.85,18.0,0.4,0.2,0.7,3.0,4.0,5.0,4.0,7.0,1.4,18.0,0.4,0.2,0.7,-79.7,-66.9,-47.6,-63.1,6.0,27.4,18.0,0.5,0.2,0.6,-83.6,-16.9,-10.4,-36.4,6.0,38.8,18.0,0.5,0.2,0.6,-0.02,0.4,1.6,0.6,7.0,0.81,18.0,0.4,0.2,0.7,-1.1,2.6,13.3,4.5,6.0,7.6,18.0,0.5,0.2,0.6,4.45,4.91,6.31,4.96,7.0,2.17,18.0,0.4,0.2,0.7,24.1,43.0,61.8,41.9,6.0,23.0,18.0,0.5,0.2,0.6,-225.0,-196.5,-155.9,-184.6,6.0,50.6,18.0,0.5,0.2,0.6,-197.1,-69.5,-31.4,-98.7,6.0,88.3,18.0,0.5,0.2,0.6,-145.5,-124.5,-101.9,-119.9,6.0,37.2,18.0,0.5,0.2,0.6,-123.0,-42.9,-18.4,-61.3,6.0,55.5,18.0,0.5,0.2,0.6,-50.5,-32.9,-18.8,-35.0,6.0,21.3,18.0,0.5,0.2,0.6,-38.3,-15.3,-9.7,-19.9,6.0,15.5,18.0,0.5,0.2,0.6,382.5,557.5,1297.5,728.5,6.0,518.5,18.0,0.5,0.2,0.6,380.0,560.0,1300.0,730.0,6.0,520.0,18.0,0.5,0.2,0.6
1974,2,283.0,15.0,25.1,26.1,27.2,26.2,22.0,1.08,16.0,0.5,0.4,0.5,25.0,25.6,26.8,25.8,23.0,0.98,16.0,0.4,0.5,0.5,15.12,15.78,17.61,16.18,23.0,1.56,16.0,0.4,0.5,0.5,72.4,77.2,84.6,78.3,23.0,7.7,16.0,0.4,0.5,5.64,7.7,11.31,8.43,23.0,3.33,16.0,0.4,0.5,0.5,-10.48,-7.7,-4.81,-7.89,23.0,3.28,16.0,0.4,0.5,0.5,-4.01,-1.34,0.0,-1.69,23.0,2.57,16.0,0.4,0.5,0.5,1011.95,1014.2,1015.05,1013.93,23.0,1.81,16.0,0.4,0.5,0.5,2.0,3.0,4.0,2.9,22.0,1.0,16.0,0.4,0.5,0.5,-122.2,-59.3,-25.2,-76.6,23.0,60.8,16.0,0.4,0.5,0.5,-34.8,-10.3,0.0,-16.0,23.0,29.2,16.0,0.4,0.5,0.5,-0.6,0.0,1.7,0.36,22.0,1.49,16.0,0.5,0.4,0.5,-5.3,0.0,16.4,2.7,22.0,13.6,16.0,0.5,0.4,0.5,3.22,5.24,6.73,5.06,22.0,2.07,16.0,0.5,0.4,0.5,20.6,38.3,65.9,42.4,22.0,24.2,16.0,0.5,0.4,0.5,-267.1,-198.7,-123.4,-204.7,23.0,88.3,16.0,0.4,0.5,0.5,-99.7,-33.4,0.0,-42.5,23.0,65.6,16.0,0.4,0.5,0.5,-165.0,-124.1,-76.4,-129.3,23.0,61.2,16.0,0.4,0.5,0.5,-62.7,-19.6,0.0,-25.8,23.0,41.7,16.0,0.4,0.5,0.5,-60.3,-36.1,-19.5,-39.8,22.0,23.3,16.0,0.5,0.4,0.5,-16.6,-6.1,0.0,-9.4,22.0,13.1,16.0,0.5,0.4,0.5,184.5,456.5,1454.5,882.0,23.0,1059.5,16.0,0.4,0.5,0.5,185.0,455.0,1455.0,880.0,23.0,1060.0,16.0,0.4,0.5,0.5
1974,2,283.0,16.0,25.0,26.1,26.85,26.03,23.0,0.9,18.0,0.6,0.7,0.4,24.4,26.1,27.3,25.94,24.0,1.7,18.0,0.6,0.6,0.3,14.74,15.86,17.42,15.77,23.0,1.59,18.0,0.6,0.7,0.4,68.1,76.3,83.7,76.5,23.0,8.5,18.0,0.6,0.4,5.1,7.7,10.47,8.01,24.0,2.45,18.0,0.6,0.6,0.3,-8.78,-7.22,-4.51,-6.84,24.0,2.5,18.0,0.6,0.6,0.3,-5.15,-0.71,0.44,-2.06,24.0,3.67,18.0,0.6,0.6,0.3,1012.87,1014.35,1016.41,1014.58,24.0,1.73,18.0,0.6,0.6,0.3,2.0,3.5,6.0,3.8,24.0,1.9,18.0,0.6,0.6,0.3,-93.8,-53.8,-24.6,-59.4,24.0,36.2,18.0,0.6,0.6,0.3,-35.0,-5.4,3.1,-18.9,24.0,40.0,18.0,0.6,0.6,0.3,-1.25,0.2,1.65,0.23,23.0,1.49,18.0,0.6,0.7,0.4,-9.6,1.0,11.5,1.6,23.0,12.5,18.0,0.6,0.7,0.4,3.34,5.18,6.75,5.27,23.0,2.08,18.0,0.6,0.7,0.4,29.6,37.7,56.3,40.8,23.0,16.3,18.0,0.6,0.7,0.4,-235.5,-183.3,-112.6,-177.6,24.0,66.5,18.0,0.6,0.6,0.3,-133.0,-18.7,11.2,-53.4,24.0,93.3,18.0,0.6,0.6,0.3,-148.3,-118.4,-62.2,-109.9,23.0,44.5,18.0,0.6,0.7,0.4,-84.1,0.0,10.8,-30.7,23.0,59.5,18.0,0.6,0.7,0.4,-46.6,-33.8,-22.5,-34.3,23.0,14.2,18.0,0.6,0.7,0.4,-26.9,0.0,1.1,-11.1,23.0,21.2,18.0,0.6,0.7,0.4,132.5,456.5,1151.0,660.0,24.0,614.5,18.0,0.6,0.6,0.3,135.0,455.0,1150.0,660.0,24.0,615.0,18.0,0.6,0.6,0.3
1974,2,283.0,17.0,25.13,25.7,26.87,26.0,9.0,0.94,20.0,0.8,0.7,0.1,24.33,25.2,26.2,25.38,9.0,1.01,18.0,0.8,0.7,0.2,14.58,15.37,16.97,16.0,8.0,1.96,18.0,0.8,0.7,0.1,74.3,76.4,80.9,78.6,8.0,9.7,18.0,0.8,0.1,3.0,6.7,9.67,6.69,9.0,3.56,18.0,0.8,0.7,0.2,-8.16,-5.13,-1.54,-4.72,9.0,4.2,18.0,0.8,0.7,0.2,-5.85,-4.31,0.0,-3.17,9.0,3.0,18.0,0.8,0.7,0.2,1013.54,1015.8,1017.0,1015.45,10.0,1.81,18.0,0.8,0.6,0.2,1.4,3.0,6.6,3.9,10.0,2.5,18.0,0.8,0.6,0.2,-74.5,-34.4,-3.1,-41.2,9.0,44.3,18.0,0.8,0.7,0.2,-56.7,-24.9,0.0,-28.6,9.0,34.0,18.0,0.8,0.7,0.2,-0.41,0.55,1.23,0.33,8.0,1.1,18.0,0.8,0.7,0.1,-2.4,4.0,6.5,3.9,8.0,6.1,18.0,0.8,0.7,0.1,3.76,5.35,5.82,4.83,8.0,1.93,18.0,0.8,0.7,0.1,8.5,27.4,50.3,30.5,8.0,23.0,18.0,0.8,0.7,0.1,-208.7,-134.5,-40.2,-118.3,9.0,103.9,18.0,0.8,0.7,0.2,-141.0,-110.0,0.0,-78.4,9.0,73.2,18.0,0.8,0.7,0.2,-134.7,-76.2,-19.2,-65.5,8.0,71.4,18.0,0.8,0.7,0.1,-85.8,-39.9,0.0,-44.4,8.0,46.3,18.0,0.8,0.7,0.1,-44.1,-24.5,-6.8,-25.5,8.0,20.0,18.0,0.8,0.7,0.1,-24.8,-4.4,0.0,-12.1,8.0,16.6,18.0,0.8,0.7,0.1,31.5,301.0,904.5,526.0,9.0,606.0,18.0,0.8,0.7,0.2,30.0,300.0,905.0,525.0,9.0,605.0,18.0,0.8,0.7,0.2
1974,2,283.0,18.0,26.7,27.35,27.8,27.3,10.0,0.77,12.0,0.6,0.6,0.4,24.63,26.0,27.0,25.96,9.0,1.32,12.0,0.6,0.6,0.3,15.42,16.14,18.52,16.66,9.0,1.57,12.0,0.6,0.6,0.3,71.5,82.4,87.2,80.1,9.0,8.9,12.0,0.6,0.3,4.1,5.65,8.61,6.12,10.0,2.3,12.0,0.6,0.6,0.4,-7.7,-4.01,-1.73,-4.05,10.0,3.73,12.0,0.6,0.6,0.4,-4.98,-1.9,2.0,-1.51,10.0,3.49,12.0,0.6,0.6,0.4,1014.37,1015.1,1017.03,1015.64,10.0,2.38,12.0,0.6,0.6,0.4,2.0,2.0,5.6,3.2,10.0,2.2,12.0,0.6,0.6,0.4,-66.7,-21.8,-7.9,-30.9,10.0,33.2,12.0,0.6,0.6,0.4,-31.6,-8.7,8.2,-10.2,10.0,26.9,12.0,0.6,0.6,0.4,-0.37,1.8,2.72,1.41,9.0,1.42,12.0,0.6,0.6,0.3,-1.8,10.3,18.1,10.0,9.0,10.8,12.0,0.6,0.6,0.3,4.45,5.99,7.8,6.09,9.0,1.97,12.0,0.6,0.6,0.3,25.0,32.3,57.7,38.0,9.0,17.9,12.0,0.6,0.6,0.3,-205.6,-100.9,-87.5,-115.1,9.0,95.1,12.0,0.6,0.6,0.3,-123.2,-57.8,-22.5,-54.9,9.0,79.0,12.0,0.6,0.6,0.3,-138.8,-65.2,-56.3,-74.3,9.0,64.6,12.0,0.6,0.6,0.3,-81.9,-31.7,-14.6,-34.2,9.0,55.9,12.0,0.6,0.6,0.3,-47.9,-28.0,-12.1,-27.0,9.0,25.5,12.0,0.6,0.6,0.3,-28.9,-13.3,-5.5,-13.7,9.0,16.1,12.0,0.6,0.6,0.3,69.0,185.5,655.5,324.0,10.0,357.5,12.0,0.6,0.6,0.4,70.0,185.0,655.0,325.0,10.0,360.0,12.0,0.6,0.6,0.4
1974,2,283.0,19.0,25.52,26.7,28.05,26.78,12.0,1.25,18.0,0.4,0.6,0.5,23.75,24.75,27.13,25.11,12.0,1.67,18.0,0.4,0.6,0.5,13.63,14.49,14.97,14.24,9.0,0.83,16.0,0.2,0.6,0.4,67.7,70.6,79.9,73.6,9.0,7.9,16.0,0.2,0.4,2.49,5.1,10.54,6.26,10.0,4.43,18.0,0.5,0.6,0.5,-8.08,-3.49,0.0,-3.62,10.0,4.8,18.0,0.5,0.6,0.5,-2.07,-0.18,1.69,-1.24,10.0,4.89,18.0,0.5,0.6,0.5,1013.7,1015.15,1017.0,1015.03,12.0,2.37,18.0,0.4,0.6,0.5,0.0,2.0,2.4,1.6,11.0,1.5,18.0,0.4,0.6,0.4,-66.2,-13.7,0.0,-30.3,10.0,48.7,18.0,0.5,0.6,0.5,-12.4,-0.4,8.0,-16.6,10.0,65.7,18.0,0.5,0.6,0.5,0.37,1.95,3.43,1.68,12.0,1.88,18.0,0.4,0.6,0.5,0.0,8.4,19.6,10.1,10.0,11.8,18.0,0.5,0.6,0.5,6.45,8.16,10.11,8.12,9.0,1.69,16.0,0.2,0.6,0.4,32.0,52.9,75.0,50.1,7.0,23.9,16.0,0.3,0.6,0.4,-214.6,-90.8,0.0,-91.4,10.0,120.4,18.0,0.5,0.6,0.5,-50.4,-4.4,41.7,-28.3,10.0,112.6,18.0,0.5,0.6,0.5,-119.7,-68.6,-25.3,-67.8,7.0,76.2,16.0,0.3,0.6,0.4,-21.6,-5.3,31.0,2.5,7.0,34.4,16.0,0.3,0.6,0.4,-70.7,-32.6,-12.0,-32.7,7.0,44.5,16.0,0.3,0.6,0.4,-14.7,-2.7,19.1,1.5,7.0,16.6,16.0,0.3,0.6,0.4,17.0,132.5,1300.0,610.5,10.0,938.0,18.0,0.5,0.6,0.5,15.0,135.0,1300.0,610.0,10.0,940.0,18.0,0.5,0.6,0.5
1974,2,283.0,20.0,27.0,27.0,27.0,27.0,1.0,0.0,2.0,1.0,1.0,0.8,22.0,22.0,22.0,22.0,1.0,0.0,12.0,1.0,1.0,0.6,15.42,15.42,15.42,15.42,1.0,0.0,12.0,1.0,1.0,0.6,94.1,94.1,94.1,94.1,1.0,0.0,12.0,1.0,0.6,4.66,4.8,4.94,4.8,2.0,0.28,8.0,1.0,1.0,0.7,-4.57,-3.65,-2.73,-3.65,2.0,1.91,8.0,1.0,1.0,0.7,-3.35,-1.99,-0.63,-1.99,2.0,2.82,8.0,1.0,1.0,0.7,1015.07,1015.85,1016.64,1015.85,2.0,1.63,8.0,1.0,1.0,0.7,1.3,4.0,6.7,4.0,2.0,5.7,8.0,1.0,1.0,0.7,-22.7,-17.8,-12.9,-17.8,2.0,10.2,8.0,1.0,1.0,0.7,-15.4,-9.2,-2.9,-9.2,2.0,13.0,8.0,1.0,1.0,0.7,,,,,,,,,,,,,,,,,,,,,,,,,,,,,,,,,,,,,,,,,-50.6,-50.6,-50.6,-50.6,1.0,0.0,12.0,1.0,1.0,0.6,-87.6,-87.6,-87.6,-87.6,1.0,0.0,12.0,1.0,1.0,0.6,-35.5,-35.5,-35.5,-35.5,1.0,0.0,12.0,1.0,1.0,0.6,-61.4,-61.4,-61.4,-61.4,1.0,0.0,12.0,1.0,1.0,0.6,,,,,,,,,,,,,,,,,,,,,,,,,,,,,,,,,,,,,,,,
1974,2,283.0,21.0,24.24,25.0,26.4,25.31,30.0,1.22,14.0,0.7,0.5,0.6,22.84,24.3,26.22,24.54,29.0,1.79,14.0,0.7,0.5,0.6,12.69,15.07,17.04,14.72,15.0,2.22,14.0,0.7,0.6,0.6,69.3,79.4,89.8,77.7,15.0,12.5,14.0,0.7,0.6,4.1,6.1,9.03,6.78,26.0,2.51,14.0,0.7,0.5,0.6,-8.87,-5.87,-3.08,-5.72,26.0,3.21,14.0,0.7,0.5,0.6,-3.76,0.0,2.06,-0.4,26.0,3.1,14.0,0.7,0.5,0.6,1014.68,1017.2,1019.8,1017.43,27.0,2.53,14.0,0.6,0.6,0.6,2.0,3.0,6.0,3.5,29.0,2.3,16.0,0.7,0.6,0.6,-79.8,-35.5,-9.5,-43.8,26.0,38.0,14.0,0.7,0.5,0.6,-15.9,0.0,14.1,-3.5,26.0,27.9,14.0,0.7,0.5,0.6,-0.7,0.9,2.6,0.78,29.0,1.85,14.0,0.7,0.5,0.6,-4.4,6.0,18.1,6.3,25.0,14.4,14.0,0.6,0.5,0.6,2.56,4.55,7.54,5.05,15.0,2.25,14.0,0.7,0.6,0.6,10.1,37.4,60.1,36.7,15.0,21.8,14.0,0.7,0.6,0.6,-215.0,-134.7,-81.4,-142.4,25.0,80.0,14.0,0.6,0.5,0.6,-84.5,0.0,48.7,-10.0,25.0,72.9,14.0,0.6,0.5,0.6,-102.9,-77.6,-48.2,-80.2,15.0,48.9,14.0,0.7,0.6,0.6,-57.2,0.0,29.9,-15.9,15.0,48.9,14.0,0.7,0.6,0.6,-54.2,-29.4,-8.4,-28.4,15.0,23.0,14.0,0.7,0.6,0.6,-22.8,0.0,7.9,-9.2,15.0,20.8,14.0,0.7,0.6,0.6,69.0,227.0,736.0,442.0,26.0,475.5,14.0,0.7,0.5,0.6,70.0,225.0,735.0,440.0,26.0,475.0,14.0,0.7,0.5,0.6
1974,2,283.0,25.0,23.21,24.5,25.64,24.38,36.0,1.44,14.0,0.6,0.6,0.6,21.91,23.5,24.36,22.89,37.0,2.28,14.0,0.6,0.6,0.6,11.95,14.71,15.37,13.82,27.0,2.54,14.0,0.6,0.6,0.6,70.4,80.4,87.8,78.6,27.0,9.6,14.0,0.6,0.6,3.02,6.35,8.29,6.0,32.0,3.09,14.0,0.6,0.6,0.6,-4.63,0.0,2.74,-0.43,32.0,4.39,14.0,0.6,0.6,0.6,-3.97,2.22,5.2,1.01,32.0,5.11,14.0,0.6,0.6,0.6,1013.78,1018.75,1021.52,1018.02,32.0,3.84,14.0,0.6,0.6,0.6,1.0,3.0,6.0,3.1,45.0,2.3,16.0,0.6,0.6,0.6,-25.8,0.0,22.0,-1.1,32.0,42.1,14.0,0.6,0.6,0.6,-41.5,5.9,34.0,2.1,32.0,42.5,14.0,0.6,0.6,0.6,-0.22,1.25,3.69,1.6,36.0,2.07,14.0,0.6,0.6,0.6,-0.4,6.0,19.5,12.0,31.0,19.2,14.0,0.6,0.6,0.6,3.0,4.14,7.28,5.24,26.0,3.11,14.0,0.6,0.6,0.6,6.2,20.6,48.4,29.9,26.0,30.3,14.0,0.6,0.6,0.6,-109.1,0.0,55.3,-9.2,32.0,97.2,14.0,0.6,0.6,0.6,-78.9,50.7,123.5,31.3,32.0,110.3,14.0,0.6,0.6,0.6,-60.2,0.0,31.8,-4.1,27.0,55.3,14.0,0.6,0.6,0.6,-32.9,50.4,87.1,33.7,27.0,59.6,14.0,0.6,0.6,0.6,-17.3,-1.8,14.4,0.0,26.0,26.7,14.0,0.6,0.6,0.6,-9.8,8.8,19.5,0.4,26.0,33.6,14.0,0.6,0.6,0.6,28.0,258.5,571.5,380.0,32.0,462.5,14.0,0.6,0.6,0.6,30.0,260.0,570.0,380.0,32.0,465.0,14.0,0.6,0.6,0.6
1974,2,283.0,26.0,21.78,23.3,24.5,23.29,29.0,1.46,16.0,0.6,0.6,0.4,18.76,22.2,23.9,21.52,31.0,2.83,14.0,0.6,0.6,0.3,8.07,10.86,15.06,11.55,22.0,3.22,14.0,0.7,0.5,0.4,59.8,68.4,84.6,71.6,23.0,12.2,14.0,0.7,0.4,2.6,6.6,9.84,6.5,32.0,3.41,14.0,0.6,0.6,0.4,-4.46,0.0,3.01,-0.59,32.0,4.29,14.0,0.6,0.6,0.4,-7.05,1.07,4.47,0.12,32.0,6.04,14.0,0.6,0.6,0.4,1016.04,1019.8,1021.24,1019.17,31.0,3.41,14.0,0.6,0.6,0.4,1.0,4.0,7.0,3.7,31.0,2.5,14.0,0.6,0.6,0.4,-23.8,0.0,27.2,-2.9,32.0,42.2,14.0,0.6,0.6,0.4,-49.8,3.8,37.9,-0.2,32.0,59.8,14.0,0.6,0.6,0.4,-0.4,1.7,3.51,1.77,29.0,2.58,16.0,0.6,0.6,0.4,-2.4,9.2,27.8,15.2,29.0,24.8,16.0,0.6,0.6,0.4,3.33,6.6,9.01,6.28,21.0,2.74,14.0,0.7,0.5,0.4,15.0,40.4,62.5,41.4,21.0,26.9,14.0,0.7,0.5,0.4,-94.4,0.0,64.4,-13.7,31.0,92.4,14.0,0.6,0.6,0.3,-126.7,21.5,108.8,14.0,31.0,124.3,14.0,0.6,0.6,0.3,-57.9,0.0,34.2,-5.2,22.0,58.0,14.0,0.7,0.5,0.4,-51.6,5.3,55.8,6.9,22.0,59.8,14.0,0.7,0.5,0.4,-49.0,0.0,13.7,-7.9,21.0,33.5,14.0,0.7,0.5,0.4,-57.4,0.0,18.8,-11.0,21.0,34.8,14.0,0.7,0.5,0.4,17.5,290.5,953.5,505.0,32.0,637.0,14.0,0.6,0.6,0.4,20.0,290.0,955.0,505.0,32.0,635.0,14.0,0.6,0.6,0.4
1974,2,283.0,27.0,22.29,23.3,24.11,23.24,19.0,1.26,20.0,0.7,0.6,0.3,18.0,20.7,22.69,20.39,20.0,2.23,20.0,0.8,0.6,0.4,11.02,12.07,13.37,12.15,8.0,1.28,16.0,0.9,0.5,0.6,65.9,73.8,78.5,72.4,8.0,6.3,16.0,0.9,0.6,4.96,6.2,7.74,6.39,19.0,1.81,20.0,0.7,0.6,0.3,-4.14,-0.89,5.84,0.5,19.0,5.08,20.0,0.7,0.6,0.3,-5.18,-2.74,3.92,-1.99,19.0,4.03,20.0,0.7,0.6,0.3,1018.1,1021.3,1025.9,1021.57,19.0,3.91,20.0,0.7,0.6,0.3,2.0,6.0,6.8,4.6,21.0,2.4,20.0,0.8,0.6,0.4,-31.9,-4.5,36.5,4.9,19.0,39.4,20.0,0.7,0.6,0.3,-37.9,-20.3,20.3,-14.7,19.0,29.7,20.0,0.7,0.6,0.3,0.24,1.9,5.03,2.67,18.0,2.56,22.0,0.7,0.6,0.3,0.1,18.3,33.3,19.5,16.0,21.6,20.0,0.7,0.6,0.3,3.19,5.45,5.82,5.14,7.0,2.05,16.0,0.9,0.5,0.6,16.1,34.0,37.6,31.4,7.0,14.9,16.0,0.9,0.5,0.6,-93.6,6.7,126.5,13.6,18.0,104.8,20.0,0.7,0.6,0.3,-108.1,-59.2,26.8,-41.5,18.0,79.9,20.0,0.7,0.6,0.3,-38.4,54.8,67.1,29.4,8.0,55.0,16.0,0.9,0.5,0.6,-33.1,-5.7,55.7,6.3,8.0,49.8,16.0,0.9,0.5,0.6,-9.6,26.5,33.5,13.8,7.0,22.3,16.0,0.9,0.5,0.6,-14.5,-5.9,13.0,-7.1,7.0,24.4,16.0,0.9,0.5,0.6,123.5,238.5,464.5,324.5,19.0,294.5,20.0,0.7,0.6,0.3,125.0,240.0,465.0,325.0,19.0,295.0,20.0,0.7,0.6,0.3
1974,2,283.0,28.0,22.49,23.9,24.0,23.34,12.0,1.78,12.0,0.7,0.5,0.5,17.89,20.4,23.19,20.67,13.0,2.86,12.0,0.7,0.5,0.5,7.65,9.28,13.4,10.03,12.0,2.85,12.0,0.7,0.5,0.5,53.9,64.9,79.8,66.8,12.0,12.8,12.0,0.7,0.5,4.5,7.7,13.45,8.59,13.0,4.0,12.0,0.7,0.5,0.5,-0.21,3.52,7.82,3.32,13.0,5.25,12.0,0.7,0.5,0.5,-6.2,0.0,9.28,0.69,13.0,7.48,12.0,0.7,0.5,0.5,1014.7,1018.5,1020.81,1017.64,13.0,4.41,12.0,0.7,0.5,0.5,1.7,4.5,7.3,4.4,12.0,2.6,12.0,0.8,0.5,0.6,-2.8,16.2,71.6,37.0,13.0,62.6,12.0,0.7,0.5,0.5,-40.6,0.0,98.8,11.9,13.0,89.7,12.0,0.7,0.5,0.5,0.47,3.3,6.31,3.03,12.0,3.45,12.0,0.7,0.5,0.5,-0.9,20.2,61.2,22.5,12.0,33.7,12.0,0.7,0.5,0.5,3.69,9.15,11.98,7.84,12.0,4.08,12.0,0.7,0.5,0.5,31.7,56.1,107.7,65.2,12.0,46.9,12.0,0.7,0.5,0.5,-5.4,59.2,126.6,64.1,13.0,105.2,12.0,0.7,0.5,0.5,-113.0,0.0,206.9,25.3,13.0,165.0,12.0,0.7,0.5,0.5,-8.0,33.5,79.6,33.1,12.0,51.3,12.0,0.7,0.5,0.5,-66.4,-9.4,135.3,15.9,12.0,95.1,12.0,0.7,0.5,0.5,-2.5,17.5,99.3,32.3,12.0,55.1,12.0,0.7,0.5,0.5,-49.0,-8.0,29.8,-13.3,12.0,49.7,12.0,0.7,0.5,0.5,92.5,456.5,2433.0,1021.5,13.0,1064.5,12.0,0.7,0.5,0.5,90.0,455.0,2435.0,1020.0,13.0,1065.0,12.0,0.7,0.5,0.5
1974,2,283.0,29.0,22.2,22.7,23.81,23.03,19.0,1.19,14.0,0.6,0.6,0.5,15.23,20.05,21.99,18.87,20.0,3.22,14.0,0.6,0.6,0.5,5.43,9.79,11.76,8.97,15.0,3.39,16.0,0.7,0.6,0.5,56.5,64.3,73.5,63.8,15.0,16.2,16.0,0.7,0.5,6.55,9.0,13.93,9.68,18.0,3.67,16.0,0.6,0.6,0.5,2.76,6.81,10.67,6.58,18.0,5.02,16.0,0.6,0.6,0.5,-6.31,-4.3,1.79,-2.54,18.0,5.91,16.0,0.6,0.6,0.5,1013.02,1018.35,1020.3,1017.28,18.0,3.84,16.0,0.6,0.6,0.5,3.0,6.0,7.0,5.2,18.0,2.2,14.0,0.7,0.6,0.5,25.7,54.9,155.8,78.1,18.0,79.8,16.0,0.6,0.6,0.5,-73.8,-33.1,20.2,-28.2,18.0,69.1,16.0,0.6,0.6,0.5,0.94,3.8,8.52,4.06,19.0,3.56,14.0,0.6,0.6,0.5,4.9,27.3,93.8,43.6,17.0,44.6,16.0,0.6,0.6,0.5,4.83,8.52,12.23,8.51,15.0,3.39,16.0,0.7,0.6,0.5,38.7,65.8,128.3,81.1,15.0,44.8,16.0,0.7,0.6,0.5,54.5,121.1,186.4,119.8,18.0,93.5,16.0,0.6,0.6,0.5,-111.3,-69.1,43.1,-35.8,18.0,119.2,16.0,0.6,0.6,0.5,17.6,60.0,91.1,55.1,15.0,52.0,16.0,0.7,0.6,0.5,-43.4,-27.5,-11.2,-14.0,15.0,61.5,16.0,0.7,0.6,0.5,8.3,61.8,94.3,55.2,15.0,48.4,16.0,0.7,0.6,0.5,-82.0,-32.8,-7.8,-36.2,15.0,45.2,16.0,0.7,0.6,0.5,282.0,731.5,2703.5,1303.0,18.0,1480.0,16.0,0.6,0.6,0.5,280.0,730.0,2705.0,1305.0,18.0,1480.0,16.0,0.6,0.6,0.5
1974,2,283.0,30.0,20.35,21.35,22.2,21.43,18.0,1.12,14.0,0.7,0.5,0.5,15.95,19.1,22.86,18.98,18.0,3.43,14.0,0.7,0.5,0.5,5.77,7.29,12.77,8.95,17.0,3.48,14.0,0.7,0.5,0.5,53.9,58.3,76.0,63.8,17.0,13.7,14.0,0.7,0.5,5.87,10.55,15.4,10.65,18.0,4.78,14.0,0.7,0.5,0.5,3.14,5.27,12.83,6.61,18.0,5.51,14.0,0.7,0.5,0.5,-6.19,-3.97,5.51,-0.78,18.0,8.11,14.0,0.7,0.5,0.5,1011.55,1015.55,1025.43,1017.21,18.0,6.46,14.0,0.7,0.5,0.5,3.4,6.5,8.0,5.9,16.0,2.0,14.0,0.7,0.4,0.5,13.7,45.9,176.5,81.9,18.0,91.4,14.0,0.7,0.5,0.5,-87.1,-37.1,52.5,1.2,18.0,126.0,14.0,0.7,0.5,0.5,-1.17,2.65,5.98,2.46,18.0,3.49,14.0,0.7,0.5,0.5,-10.0,25.8,72.7,25.9,18.0,37.7,14.0,0.7,0.5,0.5,3.05,7.88,10.39,6.87,17.0,3.48,14.0,0.7,0.5,0.5,29.4,67.4,132.9,72.0,17.0,46.2,14.0,0.7,0.5,0.5,50.3,107.5,227.6,123.0,18.0,100.2,14.0,0.7,0.5,0.5,-111.1,-71.0,129.2,4.0,18.0,165.5,14.0,0.7,0.5,0.5,16.2,53.3,113.7,59.4,17.0,48.3,14.0,0.7,0.5,0.5,-44.2,-31.4,37.2,1.0,17.0,78.3,14.0,0.7,0.5,0.5,6.2,41.0,101.7,45.4,17.0,50.5,14.0,0.7,0.5,0.5,-65.8,-31.0,7.6,-28.7,17.0,44.9,14.0,0.7,0.5,0.5,206.5,1176.0,3652.5,1924.5,18.0,2139.5,14.0,0.7,0.5,0.5,205.0,1175.0,3650.0,1925.0,18.0,2140.0,14.0,0.7,0.5,0.5
1974,2,283.0,31.0,20.14,22.8,23.9,22.18,34.0,1.86,16.0,0.5,0.5,0.5,14.45,19.75,22.15,18.46,34.0,3.84,16.0,0.5,0.5,0.5,5.74,8.82,13.07,9.46,32.0,3.75,16.0,0.5,0.5,0.5,56.0,67.5,82.3,68.2,33.0,13.5,16.0,0.5,0.5,5.1,7.7,11.3,8.64,34.0,4.52,16.0,0.5,0.5,0.5,1.03,4.63,9.76,5.21,34.0,5.19,16.0,0.5,0.5,0.5,-6.92,2.72,6.57,0.72,34.0,6.47,16.0,0.5,0.5,0.5,1009.43,1018.6,1022.92,1017.55,33.0,7.09,16.0,0.5,0.5,0.5,2.0,5.0,8.0,5.2,34.0,2.5,16.0,0.5,0.5,0.5,1.7,27.4,108.0,62.1,34.0,96.6,16.0,0.5,0.5,0.5,-53.3,15.1,62.2,-1.3,34.0,81.9,16.0,0.5,0.5,0.5,0.52,3.05,8.78,3.71,34.0,3.84,16.0,0.5,0.5,0.5,1.4,23.6,68.2,30.7,33.0,38.0,16.0,0.5,0.5,0.5,3.08,7.15,10.69,7.07,32.0,3.82,16.0,0.5,0.5,0.5,19.7,50.3,91.1,54.3,31.0,34.0,16.0,0.5,0.5,0.5,17.1,79.2,194.4,99.1,33.0,105.3,16.0,0.5,0.5,0.5,-87.3,70.5,141.8,33.0,33.0,118.8,16.0,0.5,0.5,0.5,7.6,31.5,102.3,49.5,31.0,64.0,16.0,0.5,0.5,0.5,-33.2,27.6,94.8,25.4,31.0,65.2,16.0,0.5,0.5,0.5,-0.2,30.6,67.2,33.0,31.0,34.1,16.0,0.5,0.5,0.5,-69.8,0.0,37.9,-5.4,31.0,43.4,16.0,0.5,0.5,0.5,132.5,456.5,1443.0,1248.0,34.0,2292.5,16.0,0.5,0.5,0.5,135.0,455.0,1445.0,1250.0,34.0,2295.0,16.0,0.5,0.5,0.5
1974,2,283.0,32.0,22.2,23.95,25.02,23.92,26.0,1.51,12.0,0.5,0.6,0.4,10.53,16.2,21.64,17.02,28.0,4.81,12.0,0.5,0.5,0.4,5.95,8.16,10.68,8.63,23.0,2.56,12.0,0.4,0.6,0.4,54.7,69.5,79.6,68.7,23.0,12.2,12.0,0.4,0.4,4.24,9.3,11.93,9.0,28.0,3.72,12.0,0.5,0.5,0.4,-1.96,5.16,10.01,4.57,28.0,5.57,12.0,0.5,0.5,0.4,-8.31,0.36,7.49,-0.11,28.0,6.72,12.0,0.5,0.5,0.4,1008.87,1017.35,1022.8,1016.69,28.0,6.58,12.0,0.5,0.5,0.4,1.0,4.0,7.9,4.3,27.0,2.9,12.0,0.5,0.5,0.5,-5.8,40.5,116.4,50.4,28.0,66.9,12.0,0.5,0.5,0.4,-74.0,1.5,79.5,-3.0,28.0,84.2,12.0,0.5,0.5,0.4,1.49,4.75,11.27,6.36,26.0,4.48,12.0,0.5,0.6,0.4,13.3,48.9,112.2,59.9,26.0,50.4,12.0,0.5,0.6,0.4,7.3,10.53,12.11,9.79,23.0,2.38,12.0,0.4,0.6,0.4,41.6,98.1,115.0,89.9,23.0,45.3,12.0,0.4,0.6,0.4,-45.2,71.4,165.3,71.1,28.0,99.4,12.0,0.5,0.5,0.4,-79.4,5.9,152.5,12.8,28.0,111.2,12.0,0.5,0.5,0.4,-13.9,33.8,92.4,37.0,23.0,55.0,12.0,0.4,0.6,0.4,-49.8,0.0,72.0,5.1,23.0,60.8,12.0,0.4,0.6,0.4,-18.7,37.2,88.0,39.4,23.0,56.2,12.0,0.4,0.6,0.4,-94.5,0.0,70.5,-13.2,23.0,74.3,12.0,0.4,0.6,0.4,77.0,804.5,1710.0,1092.0,28.0,1228.5,12.0,0.5,0.5,0.4,75.0,805.0,1710.0,1090.0,28.0,1230.0,12.0,0.5,0.5,0.4
1974,2,283.0,33.0,21.22,23.45,25.5,23.15,58.0,2.48,14.0,0.4,0.5,0.4,10.57,17.25,20.93,16.11,62.0,4.66,14.0,0.4,0.5,0.4,5.11,8.64,12.23,8.53,54.0,3.42,14.0,0.4,0.5,0.4,56.4,73.7,87.0,71.0,54.0,15.6,14.0,0.4,0.4,4.94,9.8,15.06,9.74,62.0,4.88,14.0,0.4,0.5,0.4,-2.97,4.41,10.84,4.0,62.0,6.63,14.0,0.4,0.5,0.4,-10.15,-2.06,4.98,-2.26,62.0,7.4,14.0,0.4,0.5,0.4,1006.04,1017.15,1022.32,1016.22,62.0,7.62,14.0,0.4,0.5,0.4,1.0,6.0,8.0,5.1,58.0,2.9,14.0,0.4,0.5,0.4,-18.6,25.2,159.9,55.8,62.0,97.8,14.0,0.4,0.5,0.4,-135.4,-11.0,31.2,-30.2,62.0,104.5,14.0,0.4,0.5,0.4,2.1,6.65,12.98,6.98,58.0,4.62,14.0,0.4,0.5,0.4,10.4,50.5,124.7,68.9,58.0,59.6,14.0,0.4,0.5,0.4,5.65,9.13,13.76,9.39,52.0,3.58,14.0,0.4,0.5,0.4,37.4,81.4,129.9,88.1,52.0,54.9,14.0,0.4,0.5,0.4,-47.7,61.6,174.5,61.7,62.0,114.6,14.0,0.4,0.5,0.4,-123.7,-33.1,101.6,-16.0,62.0,121.7,14.0,0.4,0.5,0.4,-25.7,26.8,95.8,33.3,54.0,67.7,14.0,0.4,0.5,0.4,-72.9,-18.6,44.4,-8.0,54.0,70.4,14.0,0.4,0.5,0.4,-25.6,42.5,83.7,32.2,52.0,60.2,14.0,0.4,0.5,0.4,-94.4,-13.7,34.3,-30.8,52.0,72.6,14.0,0.4,0.5,0.4,121.5,948.5,3418.0,1629.5,62.0,1865.0,14.0,0.4,0.5,0.4,120.0,950.0,3420.0,1630.0,62.0,1865.0,14.0,0.4,0.5,0.4
1974,2,283.0,34.0,14.02,20.0,22.73,18.98,24.0,3.63,12.0,0.4,0.6,0.3,9.08,14.0,17.78,13.32,25.0,4.36,12.0,0.4,0.6,0.3,5.25,6.8,10.62,7.65,19.0,2.68,14.0,0.4,0.6,0.3,53.8,79.2,94.2,74.5,19.0,19.1,14.0,0.4,0.3,5.1,8.2,15.4,9.36,25.0,4.41,14.0,0.4,0.6,0.3,-1.9,5.52,10.59,4.25,25.0,7.46,14.0,0.4,0.6,0.3,-9.32,-2.63,4.46,-2.25,25.0,5.57,14.0,0.4,0.6,0.3,1001.97,1013.05,1020.31,1012.34,26.0,8.05,12.0,0.5,0.6,0.3,0.0,6.0,8.0,4.7,25.0,3.4,12.0,0.5,0.6,0.3,-9.0,39.7,157.6,55.6,25.0,104.8,14.0,0.4,0.6,0.3,-106.9,-19.9,23.2,-28.7,25.0,65.4,14.0,0.4,0.6,0.3,0.79,5.7,10.41,5.51,23.0,4.7,12.0,0.4,0.6,0.3,5.0,44.4,127.7,58.3,22.0,56.5,14.0,0.4,0.6,0.3,2.95,5.38,9.36,6.29,19.0,3.62,14.0,0.4,0.6,0.3,20.3,33.4,130.1,62.4,19.0,48.3,14.0,0.4,0.6,0.3,-28.7,51.3,138.6,46.6,24.0,87.7,14.0,0.4,0.6,0.3,-97.6,-22.1,62.2,-26.5,24.0,78.2,14.0,0.4,0.6,0.3,0.0,41.1,73.1,36.3,19.0,47.2,14.0,0.4,0.6,0.3,-52.0,-8.5,40.7,-8.8,19.0,42.7,14.0,0.4,0.6,0.3,0.0,22.6,98.2,40.3,19.0,50.8,14.0,0.4,0.6,0.3,-69.8,-5.2,16.7,-20.1,19.0,41.6,14.0,0.4,0.6,0.3,132.5,551.5,3652.5,1352.5,25.0,1494.0,14.0,0.4,0.6,0.3,135.0,550.0,3650.0,1350.0,25.0,1495.0,14.0,0.4,0.6,0.3
1974,2,283.0,35.0,16.7,16.7,16.7,16.7,1.0,0.0,6.0,0.0,1.0,0.4,10.6,10.6,10.6,10.6,1.0,0.0,6.0,0.0,1.0,0.4,6.77,6.77,6.77,6.77,1.0,0.0,6.0,0.0,1.0,0.4,85.7,85.7,85.7,85.7,1.0,0.0,6.0,0.0,0.4,14.4,14.4,14.4,14.4,1.0,0.0,6.0,0.0,1.0,0.4,7.2,7.2,7.2,7.2,1.0,0.0,6.0,0.0,1.0,0.4,-12.47,-12.47,-12.47,-12.47,1.0,0.0,6.0,0.0,1.0,0.4,1014.0,1014.0,1014.0,1014.0,1.0,0.0,6.0,0.0,1.0,0.4,7.0,7.0,7.0,7.0,1.0,0.0,6.0,0.0,1.0,0.4,103.7,103.7,103.7,103.7,1.0,0.0,6.0,0.0,1.0,0.4,-179.6,-179.6,-179.6,-179.6,1.0,0.0,6.0,0.0,1.0,0.4,6.1,6.1,6.1,6.1,1.0,0.0,6.0,0.0,1.0,0.4,87.8,87.8,87.8,87.8,1.0,0.0,6.0,0.0,1.0,0.4,5.02,5.02,5.02,5.02,1.0,0.0,6.0,0.0,1.0,0.4,72.3,72.3,72.3,72.3,1.0,0.0,6.0,0.0,1.0,0.4,76.3,76.3,76.3,76.3,1.0,0.0,6.0,0.0,1.0,0.4,-132.2,-132.2,-132.2,-132.2,1.0,0.0,6.0,0.0,1.0,0.4,48.7,48.7,48.7,48.7,1.0,0.0,6.0,0.0,1.0,0.4,-84.4,-84.4,-84.4,-84.4,1.0,0.0,6.0,0.0,1.0,0.4,36.1,36.1,36.1,36.1,1.0,0.0,6.0,0.0,1.0,0.4,-62.6,-62.6,-62.6,-62.6,1.0,0.0,6.0,0.0,1.0,0.4,2986.0,2986.0,2986.0,2986.0,1.0,0.0,6.0,0.0,1.0,0.4,2985.0,2985.0,2985.0,2985.0,1.0,0.0,6.0,0.0,1.0,0.4
1974,2,283.0,36.0,5.35,6.95,9.16,7.68,6.0,3.51,12.0,1.0,0.8,0.7,5.23,8.9,10.62,7.46,7.0,3.32,12.0,0.9,0.8,0.7,3.92,4.09,5.12,4.55,5.0,1.19,12.0,1.0,0.9,0.7,65.4,76.0,86.4,75.6,5.0,14.9,12.0,1.0,0.7,4.03,5.1,9.35,6.17,7.0,2.84,12.0,0.9,0.8,0.7,-2.61,0.89,4.49,1.31,7.0,4.02,12.0,0.9,0.8,0.7,-6.75,1.57,4.53,-0.3,7.0,5.85,12.0,0.9,0.8,0.7,1009.39,1011.3,1018.66,1013.33,7.0,4.89,12.0,0.9,0.8,0.7,1.3,7.0,8.0,5.0,5.0,3.7,12.0,0.8,0.8,0.6,-13.1,2.3,22.8,13.2,7.0,33.0,12.0,0.9,0.8,0.7,-69.1,6.4,23.8,-10.8,7.0,48.9,12.0,0.9,0.8,0.7,-3.22,1.45,3.2,0.75,6.0,3.44,12.0,1.0,0.8,0.7,-11.6,11.5,24.4,6.8,6.0,19.6,12.0,1.0,0.8,0.7,0.68,1.79,2.0,1.39,5.0,0.93,12.0,1.0,0.9,0.7,2.8,7.3,15.2,9.1,5.0,9.1,12.0,1.0,0.9,0.7,-21.8,7.9,38.7,9.6,7.0,27.8,12.0,0.9,0.8,0.7,-17.6,14.0,48.1,13.8,7.0,38.0,12.0,0.9,0.8,0.7,-6.0,3.3,22.0,7.0,5.0,18.1,12.0,1.0,0.9,0.7,-30.7,-6.0,22.3,-3.3,5.0,32.6,12.0,1.0,0.9,0.7,-2.7,0.0,7.6,2.5,5.0,9.3,12.0,1.0,0.9,0.7,-12.1,-2.5,1.3,-4.8,5.0,7.9,12.0,1.0,0.9,0.7,66.5,132.5,818.0,369.5,7.0,419.5,12.0,0.9,0.8,0.7,65.0,135.0,820.0,370.0,7.0,420.0,12.0,0.9,0.8,0.7
1974,2,283.0,37.0,10.52,11.65,12.78,11.65,2.0,2.33,16.0,1.0,0.9,0.0,8.09,10.0,13.0,10.53,3.0,3.63,14.0,0.7,0.9,0.2,4.36,7.08,8.44,6.42,3.0,3.04,14.0,0.7,0.9,0.2,62.4,88.9,91.6,77.3,3.0,23.6,14.0,0.7,0.2,3.88,7.7,11.25,7.57,3.0,5.4,14.0,0.7,0.9,0.2,2.44,7.7,8.1,5.33,3.0,4.63,14.0,0.7,0.9,0.2,-6.75,0.0,1.43,-2.59,3.0,6.4,14.0,0.7,0.9,0.2,1010.0,1010.0,1022.01,1015.87,3.0,10.16,14.0,0.7,0.9,0.2,3.0,5.0,7.0,5.0,3.0,3.0,14.0,0.7,0.9,0.2,18.8,59.3,91.8,55.4,3.0,53.6,14.0,0.7,0.9,0.2,-87.0,0.0,3.0,-41.0,3.0,74.9,14.0,0.7,0.9,0.2,-0.48,0.85,2.18,0.85,2.0,2.76,16.0,1.0,0.9,0.0,-6.2,-1.3,3.6,-1.3,2.0,10.1,16.0,1.0,0.9,0.0,1.06,2.41,3.77,2.41,2.0,2.81,16.0,1.0,0.9,0.0,4.2,6.3,8.3,6.3,2.0,4.2,16.0,1.0,0.9,0.0,26.3,82.9,102.0,64.6,3.0,57.7,14.0,0.7,0.9,0.2,-67.5,0.0,10.3,-27.9,3.0,61.9,14.0,0.7,0.9,0.2,18.6,58.7,66.3,42.8,3.0,37.5,14.0,0.7,0.9,0.2,-47.8,0.0,4.4,-21.2,3.0,42.4,14.0,0.7,0.9,0.2,0.5,1.6,2.8,1.6,2.0,2.3,16.0,1.0,0.9,0.0,1.5,4.6,7.8,4.6,2.0,6.5,16.0,1.0,0.9,0.0,151.0,456.5,1610.0,871.0,3.0,1127.5,14.0,0.7,0.9,0.2,150.0,455.0,1610.0,870.0,3.0,1125.0,14.0,0.7,0.9,0.2
1974,2,283.0,38.0,,,,,,,,,,,,,,,,,,,,,,,,,,,,,,,,,,,,,,,,12.3,12.3,12.3,12.3,1.0,0.0,22.0,0.0,0.9,0.1,-4.21,-4.21,-4.21,-4.21,1.0,0.0,22.0,0.0,0.9,0.1,-11.56,-11.56,-11.56,-11.56,1.0,0.0,22.0,0.0,0.9,0.1,1011.6,1011.6,1011.6,1011.6,1.0,0.0,22.0,0.0,0.9,0.1,,,,,,,,,,,,,,,,,,,,,,,,,,,,,,,,,,,,,,,,,,,,,,,,,,,,,,,,,,,,,,,,,,,,,,,,,,,,,,,,,,,,,,,,,,,,,,,,,,,,,,,,,,,,,,,,,,,,,,,,,,,,,,,,,,,,,,,,,,,,,,,,,,,,,,
1974,2,284.0,-67.0,,,,,,,,,,,,,,,,,,,,,,,,,,,,,,,,,,,,,,,,,,,,,,,,,,,,,,,,,,,,,,,,,,,,,,,,,,,,,,,,2.0,2.0,2.0,2.0,1.0,0.0,24.0,1.0,0.5,0.6,19.9,19.9,19.9,19.9,1.0,0.0,24.0,1.0,0.5,0.6,-16.7,-16.7,-16.7,-16.7,1.0,0.0,24.0,1.0,0.5,0.6,,,,,,,,,,,,,,,,,,,,,,,,,,,,,,,,,,,,,,,,,,,,,,,,,,,,,,,,,,,,,,,,,,,,,,,,,,,,,,,,,,,,,,,,,,,,,,,,,,,,,,,,,,,,,,,,,,,,,,,,
1974,2,284.0,-58.0,,,,,,,,,,,,,,,,,,,,,,,,,,,,,,,,,,,,,,,,14.0,14.0,14.0,14.0,1.0,0.0,24.0,1.0,0.5,1.0,14.0,14.0,14.0,14.0,1.0,0.0,24.0,1.0,0.5,1.0,0.0,0.0,0.0,0.0,1.0,0.0,24.0,1.0,0.5,1.0,994.1,994.1,994.1,994.1,1.0,0.0,24.0,1.0,0.5,1.0,,,,,,,,,,,,,,,,,,,,,,,,,,,,,,,,,,,,,,,,,,,,,,,,,,,,,,,,,,,,,,,,,,,,,,,,,,,,,,,,,,,,,,,,,,,,,,,,,,,,,,,,,,,,,,,,,,,,,,,,,,,,,,,,,,,,,,,,,,,,,,,,,,,,,,
1974,2,284.0,-57.0,,,,,,,,,,,,,,,,,,,,,,,,,,,,,,,,,,,,,,,,16.0,16.0,16.0,16.0,1.0,0.0,24.0,1.0,0.3,0.5,13.86,13.86,13.86,13.86,1.0,0.0,24.0,1.0,0.3,0.5,-8.0,-8.0,-8.0,-8.0,1.0,0.0,24.0,1.0,0.3,0.5,996.3,996.3,996.3,996.3,1.0,0.0,24.0,1.0,0.3,0.5,,,,,,,,,,,,,,,,,,,,,,,,,,,,,,,,,,,,,,,,,,,,,,,,,,,,,,,,,,,,,,,,,,,,,,,,,,,,,,,,,,,,,,,,,,,,,,,,,,,,,,,,,,,,,,,,,,,,,,,,,,,,,,,,,,,,,,,,,,,,,,,,,,,,,,
1974,2,284.0,-56.0,,,,,,,,,,,,,,,,,,,,,,,,,,,,,,,,,,,,,,,,16.0,16.0,16.0,16.0,1.0,0.0,26.0,1.0,0.2,0.5,10.28,10.28,10.28,10.28,1.0,0.0,26.0,1.0,0.2,0.5,-12.26,-12.26,-12.26,-12.26,1.0,0.0,26.0,1.0,0.2,0.5,996.3,996.3,996.3,996.3,1.0,0.0,26.0,1.0,0.2,0.5,,,,,,,,,,,,,,,,,,,,,,,,,,,,,,,,,,,,,,,,,,,,,,,,,,,,,,,,,,,,,,,,,,,,,,,,,,,,,,,,,,,,,,,,,,,,,,,,,,,,,,,,,,,,,,,,,,,,,,,,,,,,,,,,,,,,,,,,,,,,,,,,,,,,,,
1974,2,284.0,-53.0,10.0,10.0,10.0,10.0,1.0,0.0,2.0,1.0,1.0,0.4,8.0,8.0,8.0,8.0,1.0,0.0,2.0,1.0,1.0,0.4,4.03,4.03,4.03,4.03,1.0,0.0,2.0,1.0,1.0,0.4,60.4,60.4,60.4,60.4,1.0,0.0,2.0,1.0,0.4,6.7,6.7,6.7,6.7,1.0,0.0,2.0,1.0,1.0,0.4,5.8,5.8,5.8,5.8,1.0,0.0,2.0,1.0,1.0,0.4,3.35,3.35,3.35,3.35,1.0,0.0,2.0,1.0,1.0,0.4,1007.7,1007.7,1007.7,1007.7,1.0,0.0,2.0,1.0,1.0,0.4,5.0,5.0,5.0,5.0,1.0,0.0,2.0,1.0,1.0,0.4,38.9,38.9,38.9,38.9,1.0,0.0,2.0,1.0,1.0,0.4,22.4,22.4,22.4,22.4,1.0,0.0,2.0,1.0,1.0,0.4,2.0,2.0,2.0,2.0,1.0,0.0,2.0,1.0,1.0,0.4,13.4,13.4,13.4,13.4,1.0,0.0,2.0,1.0,1.0,0.4,3.62,3.62,3.62,3.62,1.0,0.0,2.0,1.0,1.0,0.4,24.2,24.2,24.2,24.2,1.0,0.0,2.0,1.0,1.0,0.4,46.4,46.4,46.4,46.4,1.0,0.0,2.0,1.0,1.0,0.4,26.8,26.8,26.8,26.8,1.0,0.0,2.0,1.0,1.0,0.4,23.4,23.4,23.4,23.4,1.0,0.0,2.0,1.0,1.0,0.4,13.5,13.5,13.5,13.5,1.0,0.0,2.0,1.0,1.0,0.4,21.0,21.0,21.0,21.0,1.0,0.0,2.0,1.0,1.0,0.4,12.1,12.1,12.1,12.1,1.0,0.0,2.0,1.0,1.0,0.4,301.0,301.0,301.0,301.0,1.0,0.0,2.0,1.0,1.0,0.4,300.0,300.0,300.0,300.0,1.0,0.0,2.0,1.0,1.0,0.4
1974,2,284.0,-52.0,,,,,,,,,,,,,,,,,,,,,,,,,,,,,,,,,,,,,,,,,,,,,,,,,,,,,,,,,,,,,,,,,,,,,,,,,,,,,,,,8.0,8.0,8.0,8.0,1.0,0.0,2.0,1.0,0.4,0.5,204.2,204.2,204.2,204.2,1.0,0.0,2.0,1.0,0.4,0.5,-36.0,-36.0,-36.0,-36.0,1.0,0.0,2.0,1.0,0.4,0.5,,,,,,,,,,,,,,,,,,,,,,,,,,,,,,,,,,,,,,,,,,,,,,,,,,,,,,,,,,,,,,,,,,,,,,,,,,,,,,,,,,,,,,,,,,,,,,,,,,,,,,,,,,,,,,,,,,,,,,,,
1974,2,284.0,-47.0,11.32,12.0,12.68,12.0,2.0,1.41,10.0,0.5,0.1,0.6,11.2,11.85,12.5,11.85,2.0,1.34,10.0,0.5,0.1,0.6,6.7,7.32,7.95,7.32,2.0,1.29,10.0,0.5,0.1,0.6,79.9,84.3,88.6,84.3,2.0,9.0,10.0,0.5,0.6,11.52,14.15,16.78,14.15,2.0,5.44,10.0,0.5,0.1,0.6,0.98,3.08,5.18,3.08,2.0,4.35,10.0,0.5,0.1,0.6,-12.6,-3.31,5.98,-3.31,2.0,19.24,10.0,0.5,0.1,0.6,997.03,1006.55,1016.07,1006.55,2.0,19.73,10.0,0.5,0.1,0.6,0.6,2.0,3.4,2.0,2.0,2.8,10.0,0.5,0.1,0.6,17.6,55.4,93.2,55.4,2.0,78.4,10.0,0.5,0.1,0.6,-239.3,-99.2,40.9,-99.2,2.0,290.3,10.0,0.5,0.1,0.6,0.12,0.15,0.18,0.15,2.0,0.07,10.0,0.5,0.1,0.6,1.8,1.9,2.0,1.9,2.0,0.2,10.0,0.5,0.1,0.6,1.12,1.43,1.74,1.43,2.0,0.64,10.0,0.5,0.1,0.6,13.9,22.0,30.1,22.0,2.0,16.8,10.0,0.5,0.1,0.6,10.6,33.6,56.5,33.6,2.0,47.4,10.0,0.5,0.1,0.6,-134.2,-26.3,81.7,-26.3,2.0,223.6,10.0,0.5,0.1,0.6,6.3,19.7,33.2,19.7,2.0,27.9,10.0,0.5,0.1,0.6,-77.8,-11.8,54.1,-11.8,2.0,136.7,10.0,0.5,0.1,0.6,1.8,5.8,9.8,5.8,2.0,8.2,10.0,0.5,0.1,0.6,-25.2,-10.9,3.4,-10.9,2.0,29.7,10.0,0.5,0.1,0.6,1845.0,3462.5,5080.0,3462.5,2.0,3351.0,10.0,0.5,0.1,0.6,1845.0,3460.0,5080.0,3460.0,2.0,3350.0,10.0,0.5,0.1,0.6
1974,2,284.0,-46.0,13.0,13.0,13.89,13.43,3.0,0.75,18.0,0.3,0.3,0.4,13.0,14.3,14.64,13.83,3.0,1.27,18.0,0.3,0.3,0.4,6.17,8.81,9.17,7.7,3.0,2.4,18.0,0.3,0.3,0.4,66.2,87.8,89.4,78.0,3.0,19.0,18.0,0.3,0.4,5.58,7.7,8.79,7.2,3.0,2.39,18.0,0.3,0.3,0.4,0.0,0.0,2.41,1.17,3.0,2.03,18.0,0.3,0.3,0.4,4.46,7.7,8.79,6.65,3.0,3.3,18.0,0.3,0.3,0.4,1019.8,1019.8,1023.35,1021.53,3.0,3.0,18.0,0.3,0.3,0.4,0.0,0.0,1.4,0.7,3.0,1.2,18.0,0.3,0.3,0.4,0.0,0.0,11.1,5.4,3.0,9.4,18.0,0.3,0.3,0.4,28.1,59.3,77.9,53.1,3.0,36.8,18.0,0.3,0.3,0.4,-1.64,-1.3,0.88,-0.4,3.0,2.01,18.0,0.3,0.3,0.4,-14.6,-10.0,2.8,-6.0,3.0,13.2,18.0,0.3,0.3,0.4,0.05,0.42,3.58,1.78,3.0,2.84,18.0,0.3,0.3,0.4,0.2,3.2,16.9,8.4,3.0,13.0,18.0,0.3,0.3,0.4,0.0,0.0,29.8,14.6,3.0,25.2,18.0,0.3,0.3,0.4,60.0,110.1,128.9,94.8,3.0,52.2,18.0,0.3,0.3,0.4,0.0,0.0,11.9,5.8,3.0,10.0,18.0,0.3,0.3,0.4,31.5,67.8,80.8,56.4,3.0,37.5,18.0,0.3,0.3,0.4,0.0,0.0,12.2,5.9,3.0,10.3,18.0,0.3,0.3,0.4,0.2,3.2,11.2,5.7,3.0,8.3,18.0,0.3,0.3,0.4,211.5,456.5,694.0,452.5,3.0,353.5,18.0,0.3,0.3,0.4,210.0,455.0,695.0,455.0,3.0,355.0,18.0,0.3,0.3,0.4
1974,2,284.0,-45.0,12.32,13.0,13.68,13.0,3.0,1.0,14.0,0.7,0.5,0.6,11.83,11.9,13.74,12.77,3.0,1.59,14.0,0.7,0.5,0.6,5.12,5.87,8.0,6.55,3.0,2.19,14.0,0.7,0.5,0.6,59.8,68.1,81.5,70.6,3.0,16.1,14.0,0.7,0.6,7.36,7.7,8.79,8.07,3.0,1.1,14.0,0.7,0.5,0.6,0.78,2.46,6.28,3.51,3.0,4.13,14.0,0.7,0.5,0.6,5.32,6.77,7.4,6.37,3.0,1.56,14.0,0.7,0.5,0.6,1009.38,1018.8,1022.14,1015.83,3.0,9.7,14.0,0.7,0.5,0.6,0.6,2.0,4.7,2.7,3.0,3.1,14.0,0.7,0.5,0.6,5.6,17.7,56.8,30.9,3.0,39.1,14.0,0.7,0.5,0.6,45.0,48.7,55.9,50.4,3.0,8.2,14.0,0.7,0.5,0.6,-1.03,0.2,1.5,0.23,3.0,1.85,14.0,0.7,0.5,0.6,-7.8,1.9,10.9,1.6,3.0,13.7,14.0,0.7,0.5,0.6,1.08,2.89,4.35,2.72,3.0,2.4,14.0,0.7,0.5,0.6,9.8,26.8,33.3,21.7,3.0,17.8,14.0,0.7,0.5,0.6,9.3,29.3,74.2,41.4,3.0,48.7,14.0,0.7,0.5,0.6,63.0,80.5,102.3,82.6,3.0,28.8,14.0,0.7,0.5,0.6,3.7,11.8,36.0,19.7,3.0,24.6,14.0,0.7,0.5,0.6,28.9,32.3,57.5,42.9,3.0,22.9,14.0,0.7,0.5,0.6,3.9,12.4,19.8,11.9,3.0,11.6,14.0,0.7,0.5,0.6,5.5,13.4,27.5,16.4,3.0,16.3,14.0,0.7,0.5,0.6,399.5,456.5,694.0,544.5,3.0,228.5,14.0,0.7,0.5,0.6,400.0,455.0,695.0,545.0,3.0,230.0,14.0,0.7,0.5,0.6
1974,2,284.0,-44.0,13.16,13.5,14.11,13.63,3.0,0.71,18.0,0.7,0.7,0.7,13.84,14.8,15.28,14.57,3.0,1.07,18.0,0.7,0.7,0.7,7.01,8.65,9.36,8.19,3.0,1.77,18.0,0.7,0.7,0.7,71.6,83.3,87.2,79.5,3.0,11.9,18.0,0.7,0.7,9.62,10.3,10.64,10.13,3.0,0.76,18.0,0.7,0.7,0.7,0.0,0.0,4.08,1.99,3.0,3.45,18.0,0.7,0.7,0.7,8.13,10.3,10.64,9.41,3.0,1.99,18.0,0.7,0.7,0.7,1016.82,1017.5,1019.27,1018.03,3.0,1.86,18.0,0.7,0.7,0.7,0.0,0.0,1.4,0.7,3.0,1.2,18.0,0.7,0.7,0.7,0.0,0.0,37.9,18.5,3.0,32.1,18.0,0.7,0.7,0.7,78.9,106.1,113.3,96.3,3.0,26.6,18.0,0.7,0.7,0.7,-1.94,-1.8,0.11,-0.93,3.0,1.68,18.0,0.7,0.7,0.7,-20.6,-18.5,0.5,-10.3,3.0,17.0,18.0,0.7,0.7,0.7,0.1,0.59,2.82,1.44,3.0,2.13,18.0,0.7,0.7,0.7,1.0,6.1,26.4,13.5,3.0,19.7,18.0,0.7,0.7,0.7,0.0,0.0,54.7,26.7,3.0,46.2,18.0,0.7,0.7,0.7,113.5,152.4,162.7,138.4,3.0,38.0,18.0,0.7,0.7,0.7,0.0,0.0,25.5,12.4,3.0,21.5,18.0,0.7,0.7,0.7,58.6,89.1,99.7,79.4,3.0,31.2,18.0,0.7,0.7,0.7,0.0,0.0,15.8,7.7,3.0,13.3,18.0,0.7,0.7,0.7,1.0,6.1,20.7,10.7,3.0,15.0,18.0,0.7,0.7,0.7,896.0,1092.5,1206.5,1052.5,3.0,230.5,18.0,0.7,0.7,0.7,895.0,1095.0,1205.0,1050.0,3.0,230.0,18.0,0.7,0.7,0.7
1974,2,284.0,-43.0,12.44,13.4,14.36,13.4,2.0,1.98,12.0,1.0,0.9,0.4,13.83,13.9,13.97,13.9,2.0,0.14,12.0,1.0,0.9,0.4,7.9,8.28,8.66,8.28,2.0,0.79,12.0,1.0,0.9,0.4,80.9,84.2,87.4,84.2,2.0,6.7,12.0,1.0,0.4,9.46,9.8,10.14,9.8,2.0,0.71,12.0,1.0,0.9,0.4,0.06,3.65,7.25,3.65,2.0,7.45,12.0,1.0,0.9,0.4,5.79,7.15,8.52,7.15,2.0,2.83,12.0,1.0,0.9,0.4,1010.36,1013.3,1016.24,1013.3,2.0,6.08,12.0,1.0,0.9,0.4,6.3,7.0,7.7,7.0,2.0,1.4,12.0,1.0,0.9,0.4,1.9,38.4,74.9,38.4,2.0,75.6,12.0,1.0,0.9,0.4,58.1,69.1,80.1,69.1,2.0,22.7,12.0,1.0,0.9,0.4,-1.52,-0.5,0.52,-0.5,2.0,2.12,12.0,1.0,0.9,0.4,-15.9,-5.6,4.6,-5.6,2.0,21.1,12.0,1.0,0.9,0.4,0.33,1.28,2.23,1.28,2.0,1.97,12.0,1.0,0.9,0.4,2.9,11.8,20.7,11.8,2.0,18.4,12.0,1.0,0.9,0.4,1.1,51.3,101.5,51.3,2.0,104.1,12.0,1.0,0.9,0.4,80.7,99.2,117.8,99.2,2.0,38.4,12.0,1.0,0.9,0.4,2.0,33.2,64.4,33.2,2.0,64.6,12.0,1.0,0.9,0.4,49.5,58.1,66.7,58.1,2.0,17.8,12.0,1.0,0.9,0.4,-3.8,-2.7,-1.6,-2.7,2.0,2.3,12.0,1.0,0.9,0.4,3.4,11.9,20.5,11.9,2.0,17.7,12.0,1.0,0.9,0.4,850.0,948.5,1047.0,948.5,2.0,204.0,12.0,1.0,0.9,0.4,850.0,950.0,1045.0,950.0,2.0,205.0,12.0,1.0,0.9,0.4
1974,2,284.0,-26.0,18.58,18.75,18.92,18.75,2.0,0.35,8.0,0.0,1.0,0.5,17.16,17.3,17.44,17.3,2.0,0.28,8.0,0.0,1.0,0.5,10.69,10.82,10.94,10.82,2.0,0.26,8.0,0.0,1.0,0.5,86.6,88.3,90.1,88.3,2.0,3.6,8.0,0.0,0.5,2.5,3.35,4.2,3.35,2.0,1.77,8.0,0.0,1.0,0.5,-1.44,-1.15,-0.85,-1.15,2.0,0.6,8.0,0.0,1.0,0.5,2.35,3.15,3.95,3.15,2.0,1.66,8.0,0.0,1.0,0.5,1013.19,1013.6,1014.01,1013.6,2.0,0.85,8.0,0.0,1.0,0.5,8.0,8.0,8.0,8.0,2.0,0.0,8.0,0.0,1.0,0.5,-6.3,-4.4,-2.4,-4.4,2.0,4.1,8.0,0.0,1.0,0.5,6.6,12.0,17.4,12.0,2.0,11.1,8.0,0.0,1.0,0.5,1.42,1.45,1.48,1.45,2.0,0.07,8.0,0.0,1.0,0.5,3.6,4.9,6.3,4.9,2.0,2.8,8.0,0.0,1.0,0.5,2.36,2.62,2.89,2.62,2.0,0.54,8.0,0.0,1.0,0.5,6.1,9.3,12.4,9.3,2.0,6.5,8.0,0.0,1.0,0.5,-25.1,-19.9,-14.7,-19.9,2.0,10.8,8.0,0.0,1.0,0.5,40.4,54.7,69.0,54.7,2.0,29.6,8.0,0.0,1.0,0.5,-15.3,-12.3,-9.3,-12.3,2.0,6.2,8.0,0.0,1.0,0.5,25.6,33.8,42.1,33.8,2.0,17.2,8.0,0.0,1.0,0.5,-4.2,-3.2,-2.1,-3.2,2.0,2.2,8.0,0.0,1.0,0.5,5.8,8.7,11.6,8.7,2.0,6.1,8.0,0.0,1.0,0.5,23.0,53.5,83.5,53.5,2.0,62.5,8.0,0.0,1.0,0.5,25.0,55.0,85.0,55.0,2.0,60.0,8.0,0.0,1.0,0.5
1974,2,284.0,-25.0,18.92,18.95,18.98,18.95,2.0,0.07,8.0,0.0,0.9,0.5,17.93,18.2,18.47,18.2,2.0,0.57,8.0,0.0,0.9,0.5,9.13,9.97,10.82,9.97,2.0,1.75,8.0,0.0,0.9,0.5,71.7,76.8,81.9,76.8,2.0,10.6,8.0,0.0,0.5,2.83,4.4,5.97,4.4,2.0,3.25,8.0,0.0,0.9,0.5,-1.93,-1.15,-0.36,-1.15,2.0,1.62,8.0,0.0,0.9,0.5,2.77,4.2,5.63,4.2,2.0,2.97,8.0,0.0,0.9,0.5,1013.39,1014.0,1014.61,1014.0,2.0,1.27,8.0,0.0,0.9,0.5,8.0,8.0,8.0,8.0,2.0,0.0,8.0,0.0,0.9,0.5,-12.9,-7.7,-2.4,-7.7,2.0,10.9,8.0,0.0,0.9,0.5,10.4,23.3,36.2,23.3,2.0,26.7,8.0,0.0,0.9,0.5,0.51,0.75,0.99,0.75,2.0,0.49,8.0,0.0,0.9,0.5,2.4,2.5,2.6,2.5,2.0,0.3,8.0,0.0,0.9,0.5,2.82,3.63,4.44,3.63,2.0,1.68,8.0,0.0,0.9,0.5,11.1,13.3,15.4,13.3,2.0,4.4,8.0,0.0,0.9,0.5,-35.9,-21.3,-6.8,-21.3,2.0,30.1,8.0,0.0,0.9,0.5,50.0,77.2,104.5,77.2,2.0,56.4,8.0,0.0,0.9,0.5,-21.6,-12.8,-4.1,-12.8,2.0,18.2,8.0,0.0,0.9,0.5,26.6,44.5,62.3,44.5,2.0,36.9,8.0,0.0,0.9,0.5,-4.7,-2.8,-0.9,-2.8,2.0,4.0,8.0,0.0,0.9,0.5,11.0,12.8,14.6,12.8,2.0,3.7,8.0,0.0,0.9,0.5,55.5,155.0,254.5,155.0,2.0,206.0,8.0,0.0,0.9,0.5,55.0,155.0,255.0,155.0,2.0,205.0,8.0,0.0,0.9,0.5
1974,2,284.0,-24.0,18.5,18.7,18.9,18.7,2.0,0.42,8.0,0.5,0.7,0.5,17.94,18.25,18.56,18.25,2.0,0.64,8.0,0.5,0.7,0.5,10.39,11.06,11.73,11.06,2.0,1.39,8.0,0.5,0.7,0.5,81.5,84.9,88.3,84.9,2.0,7.0,8.0,0.5,0.5,5.51,6.4,7.29,6.4,2.0,1.84,8.0,0.5,0.7,0.5,-0.75,-0.44,-0.14,-0.44,2.0,0.63,8.0,0.5,0.7,0.5,5.45,6.36,7.28,6.36,2.0,1.89,8.0,0.5,0.7,0.5,1012.51,1014.05,1015.59,1014.05,2.0,3.18,8.0,0.5,0.7,0.5,8.0,8.0,8.0,8.0,2.0,0.0,8.0,0.5,0.7,0.5,-3.8,-2.3,-0.7,-2.3,2.0,3.2,8.0,0.5,0.7,0.5,31.0,42.5,53.9,42.5,2.0,23.8,8.0,0.5,0.7,0.5,0.35,0.45,0.55,0.45,2.0,0.21,8.0,0.5,0.7,0.5,2.4,2.7,2.9,2.7,2.0,0.5,8.0,0.5,0.7,0.5,1.85,2.33,2.81,2.33,2.0,0.99,8.0,0.5,0.7,0.5,13.0,14.0,15.0,14.0,2.0,2.1,8.0,0.5,0.7,0.5,-13.3,-7.9,-2.5,-7.9,2.0,11.1,8.0,0.5,0.7,0.5,98.1,116.7,135.3,116.7,2.0,38.6,8.0,0.5,0.7,0.5,-7.5,-4.5,-1.4,-4.5,2.0,6.3,8.0,0.5,0.7,0.5,57.3,71.7,86.1,71.7,2.0,29.8,8.0,0.5,0.7,0.5,-2.3,-1.3,-0.4,-1.3,2.0,1.9,8.0,0.5,0.7,0.5,13.0,13.9,14.8,13.9,2.0,1.9,8.0,0.5,0.7,0.5,184.0,294.5,405.0,294.5,2.0,229.0,8.0,0.5,0.7,0.5,185.0,295.0,405.0,295.0,2.0,230.0,8.0,0.5,0.7,0.5
1974,2,284.0,-23.0,20.0,20.0,20.68,20.33,3.0,0.58,8.0,1.0,0.5,0.6,19.24,20.2,20.4,19.83,3.0,0.91,8.0,1.0,0.5,0.6,10.26,12.92,13.6,11.95,3.0,2.58,8.0,1.0,0.5,0.6,73.7,87.7,91.2,82.6,3.0,13.6,8.0,1.0,0.6,2.76,3.1,4.47,3.6,3.0,1.32,8.0,1.0,0.5,0.6,-1.6,-1.3,-1.14,-1.37,3.0,0.35,8.0,1.0,0.5,0.6,2.46,2.91,4.2,3.32,3.0,1.32,8.0,1.0,0.5,0.6,1012.31,1013.4,1014.63,1013.47,3.0,1.7,8.0,1.0,0.5,0.6,1.3,2.0,6.1,3.7,3.0,3.8,8.0,1.0,0.5,0.6,-7.1,-3.4,-3.3,-5.2,3.0,3.2,8.0,1.0,0.5,0.6,6.9,9.0,19.6,13.1,3.0,9.9,8.0,1.0,0.5,0.6,0.02,0.5,0.98,0.5,3.0,0.7,8.0,1.0,0.5,0.6,-0.2,1.6,2.6,1.2,3.0,2.1,8.0,1.0,0.5,0.6,1.59,1.64,4.27,2.9,3.0,2.25,8.0,1.0,0.5,0.6,6.0,8.4,12.4,9.2,3.0,4.8,8.0,1.0,0.5,0.6,-31.8,-24.4,-22.6,-27.1,3.0,7.1,8.0,1.0,0.5,0.6,47.8,59.7,85.0,66.3,3.0,27.8,8.0,1.0,0.5,0.6,-20.1,-14.8,-12.7,-16.3,3.0,5.6,8.0,1.0,0.5,0.6,26.7,40.5,55.1,40.9,3.0,20.8,8.0,1.0,0.5,0.6,-5.8,-2.9,-2.0,-3.9,3.0,2.9,8.0,1.0,0.5,0.6,5.6,7.9,10.9,8.3,3.0,3.9,8.0,1.0,0.5,0.6,21.5,30.0,100.0,60.0,3.0,63.0,8.0,1.0,0.5,0.6,20.0,30.0,100.0,60.0,3.0,65.0,8.0,1.0,0.5,0.6
1974,2,284.0,-22.0,18.81,19.7,20.59,19.7,2.0,1.84,8.0,1.0,0.3,0.5,22.05,22.6,23.15,22.6,2.0,1.13,8.0,1.0,0.3,0.5,11.97,12.51,13.05,12.51,2.0,1.12,8.0,1.0,0.3,0.5,68.2,73.8,79.4,73.8,2.0,11.6,8.0,1.0,0.5,3.84,4.35,4.86,4.35,2.0,1.06,8.0,1.0,0.3,0.5,-0.84,-0.76,-0.67,-0.76,2.0,0.18,8.0,1.0,0.3,0.5,3.78,4.28,4.79,4.28,2.0,1.04,8.0,1.0,0.3,0.5,1014.12,1014.15,1014.18,1014.15,2.0,0.07,8.0,1.0,0.3,0.5,1.8,3.5,5.2,3.5,2.0,3.5,8.0,1.0,0.3,0.5,-4.2,-3.4,-2.6,-3.4,2.0,1.6,8.0,1.0,0.3,0.5,14.8,19.2,23.6,19.2,2.0,9.1,8.0,1.0,0.3,0.5,-4.33,-2.9,-1.47,-2.9,2.0,2.97,8.0,1.0,0.3,0.5,-21.9,-14.2,-6.5,-14.2,2.0,16.0,8.0,1.0,0.3,0.5,1.54,1.79,2.04,1.79,2.0,0.52,8.0,1.0,0.3,0.5,7.3,7.5,7.7,7.5,2.0,0.4,8.0,1.0,0.3,0.5,-19.6,-17.2,-14.8,-17.2,2.0,5.0,8.0,1.0,0.3,0.5,83.7,97.4,111.1,97.4,2.0,28.5,8.0,1.0,0.3,0.5,-10.0,-9.3,-8.6,-9.3,2.0,1.5,8.0,1.0,0.3,0.5,49.0,53.0,57.0,53.0,2.0,8.3,8.0,1.0,0.3,0.5,-1.3,-1.3,-1.3,-1.3,2.0,0.1,8.0,1.0,0.3,0.5,7.2,7.4,7.6,7.4,2.0,0.4,8.0,1.0,0.3,0.5,60.5,89.5,119.0,89.5,2.0,61.0,8.0,1.0,0.3,0.5,60.0,90.0,120.0,90.0,2.0,60.0,8.0,1.0,0.3,0.5
1974,2,284.0,-21.0,21.58,22.75,23.87,22.73,4.0,1.37,12.0,0.8,0.6,0.4,21.65,22.25,24.58,23.08,4.0,2.15,12.0,0.8,0.6,0.4,10.97,11.01,12.5,11.71,4.0,1.41,12.0,0.8,0.6,0.4,57.9,66.2,77.7,67.7,4.0,14.1,12.0,0.8,0.4,4.34,5.4,7.51,5.9,4.0,2.07,12.0,0.8,0.6,0.4,-3.75,-2.87,-2.46,-3.1,4.0,0.9,12.0,0.8,0.6,0.4,3.54,4.68,6.5,5.01,4.0,1.92,12.0,0.8,0.6,0.4,1013.98,1014.7,1015.27,1014.63,4.0,0.88,12.0,0.8,0.6,0.4,1.4,3.5,5.0,3.3,4.0,2.5,12.0,0.8,0.6,0.4,-29.0,-15.0,-10.7,-19.6,4.0,12.8,12.0,0.8,0.6,0.4,15.5,25.8,50.2,32.5,4.0,23.7,12.0,0.8,0.6,0.4,-2.43,0.9,1.61,-0.35,4.0,3.16,12.0,0.8,0.6,0.4,-9.9,5.3,12.3,1.4,4.0,15.7,12.0,0.8,0.6,0.4,3.6,5.85,7.42,5.52,4.0,2.34,12.0,0.8,0.6,0.4,15.4,33.6,55.0,35.2,4.0,23.4,12.0,0.8,0.6,0.4,-83.1,-69.9,-58.9,-71.0,4.0,18.3,12.0,0.8,0.6,0.4,84.1,104.2,143.9,113.6,4.0,37.9,12.0,0.8,0.6,0.4,-41.3,-33.0,-30.3,-35.7,4.0,8.3,12.0,0.8,0.6,0.4,44.3,57.2,71.6,57.9,4.0,19.8,12.0,0.8,0.6,0.4,-27.5,-18.2,-9.0,-18.3,4.0,11.1,12.0,0.8,0.6,0.4,12.5,28.1,47.6,30.0,4.0,20.7,12.0,0.8,0.6,0.4,82.5,168.0,458.5,266.0,4.0,272.0,12.0,0.8,0.6,0.4,80.0,170.0,460.0,265.0,4.0,270.0,12.0,0.8,0.6,0.4
1974,2,284.0,-20.0,23.0,23.0,23.0,23.0,1.0,0.0,8.0,0.0,0.2,0.5,21.8,21.8,21.8,21.8,1.0,0.0,8.0,0.0,0.2,0.5,13.85,13.85,13.85,13.85,1.0,0.0,8.0,0.0,0.2,0.5,85.2,85.2,85.2,85.2,1.0,0.0,8.0,0.0,0.5,4.6,4.6,4.6,4.6,1.0,0.0,8.0,0.0,0.2,0.5,-3.52,-3.52,-3.52,-3.52,1.0,0.0,8.0,0.0,0.2,0.5,2.96,2.96,2.96,2.96,1.0,0.0,8.0,0.0,0.2,0.5,1011.7,1011.7,1011.7,1011.7,1.0,0.0,8.0,0.0,0.2,0.5,6.0,6.0,6.0,6.0,1.0,0.0,8.0,0.0,0.2,0.5,-16.2,-16.2,-16.2,-16.2,1.0,0.0,8.0,0.0,0.2,0.5,13.6,13.6,13.6,13.6,1.0,0.0,8.0,0.0,0.2,0.5,1.2,1.2,1.2,1.2,1.0,0.0,8.0,0.0,0.2,0.5,5.5,5.5,5.5,5.5,1.0,0.0,8.0,0.0,0.2,0.5,3.68,3.68,3.68,3.68,1.0,0.0,8.0,0.0,0.2,0.5,16.9,16.9,16.9,16.9,1.0,0.0,8.0,0.0,0.2,0.5,-76.8,-76.8,-76.8,-76.8,1.0,0.0,8.0,0.0,0.2,0.5,64.5,64.5,64.5,64.5,1.0,0.0,8.0,0.0,0.2,0.5,-48.8,-48.8,-48.8,-48.8,1.0,0.0,8.0,0.0,0.2,0.5,41.0,41.0,41.0,41.0,1.0,0.0,8.0,0.0,0.2,0.5,-13.0,-13.0,-13.0,-13.0,1.0,0.0,8.0,0.0,0.2,0.5,10.9,10.9,10.9,10.9,1.0,0.0,8.0,0.0,0.2,0.5,97.5,97.5,97.5,97.5,1.0,0.0,8.0,0.0,0.2,0.5,95.0,95.0,95.0,95.0,1.0,0.0,8.0,0.0,0.2,0.5
1974,2,284.0,-19.0,22.32,23.0,23.96,23.12,5.0,0.95,14.0,0.4,0.4,0.5,22.56,22.7,23.24,22.86,5.0,0.36,14.0,0.4,0.4,0.5,12.77,14.74,14.99,14.02,5.0,1.34,14.0,0.4,0.4,0.5,73.0,85.9,86.8,80.9,5.0,7.8,14.0,0.4,0.5,4.23,4.6,7.65,5.76,5.0,2.28,14.0,0.4,0.4,0.5,-4.31,-2.96,-2.04,-3.23,5.0,1.68,14.0,0.4,0.4,0.5,3.24,4.32,6.29,4.71,5.0,1.76,14.0,0.4,0.4,0.5,1011.96,1013.0,1013.57,1012.86,5.0,0.95,14.0,0.4,0.4,0.5,4.5,6.0,7.4,5.8,5.0,2.3,14.0,0.4,0.4,0.5,-34.6,-13.6,-7.9,-21.4,5.0,20.0,14.0,0.4,0.4,0.5,13.9,19.9,48.9,30.2,5.0,22.8,14.0,0.4,0.4,0.5,-0.61,0.4,1.07,0.26,5.0,0.89,14.0,0.4,0.4,0.5,-2.8,1.4,8.5,2.6,5.0,5.9,14.0,0.4,0.4,0.5,1.72,2.69,6.01,3.64,5.0,2.23,14.0,0.4,0.4,0.5,7.9,9.7,46.1,24.5,5.0,22.8,14.0,0.4,0.4,0.5,-98.9,-66.5,-46.6,-73.8,5.0,37.9,14.0,0.4,0.4,0.5,73.1,100.7,144.5,107.7,5.0,40.5,14.0,0.4,0.4,0.5,-54.4,-43.6,-30.5,-43.7,5.0,18.0,14.0,0.4,0.4,0.5,47.9,66.1,80.0,64.3,5.0,18.2,14.0,0.4,0.4,0.5,-26.0,-6.2,-4.2,-14.1,5.0,14.3,14.0,0.4,0.4,0.5,6.9,7.4,37.9,19.8,5.0,17.9,14.0,0.4,0.4,0.5,79.0,97.5,484.5,269.5,5.0,314.5,14.0,0.4,0.4,0.5,80.0,95.0,485.0,270.0,5.0,315.0,14.0,0.4,0.4,0.5
1974,2,284.0,-18.0,23.43,23.8,24.06,23.75,4.0,0.49,24.0,0.5,0.3,0.6,23.5,23.65,23.8,23.65,4.0,0.17,24.0,0.5,0.3,0.6,13.01,13.09,13.87,13.42,4.0,0.77,24.0,0.5,0.3,0.6,71.5,72.6,76.1,73.7,4.0,3.8,24.0,0.5,0.6,6.1,7.2,7.46,6.8,4.0,1.16,24.0,0.5,0.3,0.6,-4.31,-3.07,-2.5,-3.39,4.0,1.16,24.0,0.5,0.3,0.6,5.12,6.07,6.51,5.83,4.0,1.01,24.0,0.5,0.3,0.6,1010.65,1010.95,1011.2,1010.93,4.0,0.32,24.0,0.5,0.3,0.6,5.5,6.5,7.0,6.3,4.0,1.0,24.0,0.5,0.3,0.6,-32.3,-21.8,-15.3,-23.7,4.0,11.0,24.0,0.5,0.3,0.6,33.2,45.2,47.1,40.4,4.0,12.0,24.0,0.5,0.3,0.6,-0.22,0.3,0.4,0.1,4.0,0.54,24.0,0.5,0.3,0.6,-0.8,2.2,3.0,1.2,4.0,3.2,24.0,0.5,0.3,0.6,4.15,5.33,5.71,4.95,4.0,1.29,24.0,0.5,0.3,0.6,26.5,38.4,42.7,34.8,4.0,13.3,24.0,0.5,0.3,0.6,-102.0,-72.6,-59.2,-80.2,4.0,27.8,24.0,0.5,0.3,0.6,121.9,143.5,153.1,137.8,4.0,23.1,24.0,0.5,0.3,0.6,-56.0,-42.2,-34.6,-45.1,4.0,14.0,24.0,0.5,0.3,0.6,70.1,79.0,85.3,77.7,4.0,10.2,24.0,0.5,0.3,0.6,-24.9,-16.2,-10.4,-17.5,4.0,9.5,24.0,0.5,0.3,0.6,23.0,34.5,35.9,29.7,4.0,10.8,24.0,0.5,0.3,0.6,247.0,373.0,417.0,334.0,4.0,140.0,24.0,0.5,0.3,0.6,245.0,375.0,415.0,335.0,4.0,140.0,24.0,0.5,0.3,0.6
1974,2,284.0,-17.0,22.34,23.3,23.78,23.07,3.0,1.07,24.0,0.3,1.0,0.7,21.86,22.0,22.55,22.2,3.0,0.53,24.0,0.3,1.0,0.7,14.32,14.95,15.01,14.67,3.0,0.56,24.0,0.3,1.0,0.7,85.7,86.9,90.2,87.9,3.0,3.4,24.0,0.3,0.7,1.62,5.1,5.51,3.6,3.0,3.13,24.0,0.3,1.0,0.7,-4.47,-2.55,-0.81,-2.64,3.0,2.68,24.0,0.3,1.0,0.7,0.62,1.95,3.63,2.12,3.0,2.21,24.0,0.3,1.0,0.7,1010.52,1011.0,1011.2,1010.87,3.0,0.51,24.0,0.3,1.0,0.7,5.3,6.0,7.4,6.3,3.0,1.5,24.0,0.3,1.0,0.7,-25.0,-13.0,-4.1,-14.5,3.0,15.3,24.0,0.3,1.0,0.7,3.5,11.1,18.9,11.2,3.0,11.3,24.0,0.3,1.0,0.7,0.23,0.5,1.52,0.87,3.0,1.0,24.0,0.3,1.0,0.7,0.9,2.9,7.9,4.4,3.0,5.3,24.0,0.3,1.0,0.7,1.9,2.84,4.05,2.97,3.0,1.58,24.0,0.3,1.0,0.7,5.1,16.2,21.2,13.2,3.0,12.0,24.0,0.3,1.0,0.7,-101.2,-56.1,-17.8,-59.4,3.0,61.1,24.0,0.3,1.0,0.7,14.1,44.4,80.4,47.2,3.0,48.6,24.0,0.3,1.0,0.7,-66.3,-35.8,-11.4,-38.8,3.0,40.3,24.0,0.3,1.0,0.7,9.3,29.3,51.6,30.4,3.0,31.0,24.0,0.3,1.0,0.7,-14.1,-11.8,-3.7,-9.0,3.0,8.0,24.0,0.3,1.0,0.7,1.8,5.5,15.7,8.6,3.0,10.5,24.0,0.3,1.0,0.7,42.0,132.5,168.5,106.0,3.0,95.5,24.0,0.3,1.0,0.7,40.0,135.0,170.0,105.0,3.0,95.0,24.0,0.3,1.0,0.7
1974,2,284.0,-16.0,16.69,19.25,21.81,19.25,2.0,5.3,18.0,1.0,0.5,0.9,17.64,18.6,19.56,18.6,2.0,1.98,18.0,1.0,0.5,0.9,13.1,13.1,13.1,13.1,1.0,0.0,18.0,1.0,0.1,1.0,89.9,89.9,89.9,89.9,1.0,0.0,18.0,1.0,1.0,3.56,4.55,5.54,4.55,2.0,2.05,18.0,1.0,0.5,0.9,-5.42,-4.19,-2.95,-4.19,2.0,2.56,18.0,1.0,0.5,0.9,0.32,1.0,1.68,1.0,2.0,1.41,18.0,1.0,0.5,0.9,1010.66,1010.8,1010.94,1010.8,2.0,0.28,18.0,1.0,0.5,0.9,2.5,3.5,4.5,3.5,2.0,2.1,18.0,1.0,0.5,0.9,-31.5,-21.7,-11.9,-21.7,2.0,20.3,18.0,1.0,0.5,0.9,1.0,3.1,5.2,3.1,2.0,4.4,18.0,1.0,0.5,0.9,-2.87,0.65,4.17,0.65,2.0,7.28,18.0,1.0,0.5,0.9,-6.2,10.4,27.1,10.4,2.0,34.5,18.0,1.0,0.5,0.9,-2.15,-2.15,-2.15,-2.15,1.0,0.0,18.0,1.0,0.1,1.0,-6.7,-6.7,-6.7,-6.7,1.0,0.0,18.0,1.0,0.1,1.0,-94.4,-75.3,-56.3,-75.3,2.0,39.4,18.0,1.0,0.5,0.9,6.3,19.9,33.5,19.9,2.0,28.2,18.0,1.0,0.5,0.9,-31.1,-31.1,-31.1,-31.1,1.0,0.0,18.0,1.0,0.1,1.0,26.1,26.1,26.1,26.1,1.0,0.0,18.0,1.0,0.1,1.0,5.1,5.1,5.1,5.1,1.0,0.0,18.0,1.0,0.1,1.0,-4.3,-4.3,-4.3,-4.3,1.0,0.0,18.0,1.0,0.1,1.0,59.5,123.0,186.5,123.0,2.0,131.5,18.0,1.0,0.5,0.9,60.0,125.0,185.0,125.0,2.0,130.0,18.0,1.0,0.5,0.9
1974,2,284.0,10.0,28.4,28.4,28.4,28.4,2.0,0.0,6.0,0.0,0.4,0.6,24.79,26.5,28.68,26.73,3.0,2.86,8.0,0.3,0.6,0.5,16.13,16.13,16.13,16.13,1.0,0.0,6.0,0.0,0.5,0.8,74.5,74.5,74.5,74.5,1.0,0.0,6.0,0.0,0.8,9.62,10.3,11.67,10.63,3.0,1.53,8.0,0.3,0.6,0.5,-9.52,-5.15,-2.74,-6.11,3.0,5.04,8.0,0.3,0.6,0.5,-9.08,-8.92,-5.7,-7.43,3.0,2.79,8.0,0.3,0.6,0.5,1007.87,1009.1,1009.37,1008.63,3.0,1.17,8.0,0.3,0.6,0.5,1.3,2.0,2.7,2.0,3.0,1.0,8.0,0.3,0.6,0.5,-113.9,-53.0,-27.1,-70.1,3.0,65.3,8.0,0.3,0.6,0.5,-89.7,-85.2,-62.4,-76.3,3.0,21.5,8.0,0.3,0.6,0.5,-0.79,0.3,1.39,0.3,2.0,2.26,6.0,0.0,0.4,0.6,-7.1,3.7,14.5,3.7,2.0,22.4,6.0,0.0,0.4,0.6,8.2,8.2,8.2,8.2,1.0,0.0,6.0,0.0,0.5,0.8,84.4,84.4,84.4,84.4,1.0,0.0,6.0,0.0,0.5,0.8,-232.7,-136.5,-76.1,-153.9,3.0,115.7,8.0,0.3,0.6,0.5,-260.7,-236.4,-143.9,-203.1,3.0,90.2,8.0,0.3,0.6,0.5,-83.1,-83.1,-83.1,-83.1,1.0,0.0,6.0,0.0,0.5,0.8,-143.9,-143.9,-143.9,-143.9,1.0,0.0,6.0,0.0,0.5,0.8,-42.2,-42.2,-42.2,-42.2,1.0,0.0,6.0,0.0,0.5,0.8,-73.1,-73.1,-73.1,-73.1,1.0,0.0,6.0,0.0,0.5,0.8,896.0,1092.5,1617.0,1252.5,3.0,546.0,8.0,0.3,0.6,0.5,895.0,1095.0,1615.0,1255.0,3.0,545.0,8.0,0.3,0.6,0.5
1974,2,284.0,11.0,24.4,25.6,27.67,25.74,22.0,1.63,14.0,0.5,0.6,0.4,24.7,25.2,25.67,25.21,22.0,0.69,14.0,0.5,0.6,0.4,16.48,16.75,17.64,16.94,22.0,0.59,14.0,0.5,0.6,0.4,80.7,85.0,89.9,84.6,22.0,5.0,14.0,0.5,0.4,8.39,12.3,15.23,11.97,21.0,3.5,12.0,0.5,0.6,0.4,-12.0,-7.89,-5.17,-8.4,21.0,3.54,12.0,0.5,0.6,0.4,-12.03,-7.2,-2.19,-7.2,21.0,4.65,12.0,0.5,0.6,0.4,1009.17,1010.15,1011.67,1010.28,22.0,1.39,14.0,0.5,0.6,0.4,0.0,1.5,3.0,1.6,22.0,1.7,14.0,0.5,0.6,0.4,-177.4,-86.5,-49.5,-107.7,21.0,68.0,12.0,0.5,0.6,0.4,-176.5,-91.9,-19.2,-97.4,21.0,76.0,12.0,0.5,0.6,0.4,-0.83,0.55,1.53,0.53,22.0,1.46,14.0,0.5,0.6,0.4,-6.4,5.7,18.3,6.8,21.0,18.9,12.0,0.5,0.6,0.4,1.95,3.59,5.85,3.88,22.0,2.0,14.0,0.5,0.6,0.4,18.6,36.1,77.4,45.2,21.0,26.5,12.0,0.5,0.6,0.4,-302.3,-194.9,-134.3,-211.1,21.0,87.7,12.0,0.5,0.6,0.4,-297.8,-175.7,-56.1,-179.9,21.0,115.4,12.0,0.5,0.6,0.4,-202.4,-138.5,-87.1,-142.3,21.0,59.4,12.0,0.5,0.6,0.4,-203.0,-119.7,-37.2,-121.7,21.0,78.1,12.0,0.5,0.6,0.4,-47.5,-32.9,-15.8,-32.1,21.0,19.7,12.0,0.5,0.6,0.4,-42.1,-18.6,-6.8,-26.7,21.0,25.2,12.0,0.5,0.6,0.4,595.5,1861.0,3536.5,2134.5,21.0,1734.5,12.0,0.5,0.6,0.4,595.0,1860.0,3535.0,2135.0,21.0,1735.0,12.0,0.5,0.6,0.4
1974,2,284.0,12.0,25.0,26.0,27.0,26.02,20.0,1.03,14.0,0.6,0.5,0.5,24.5,25.35,26.8,25.69,24.0,1.31,14.0,0.6,0.5,0.5,15.83,16.54,17.33,16.66,23.0,1.08,14.0,0.6,0.4,0.5,75.3,82.4,87.0,80.9,23.0,8.2,14.0,0.6,0.5,7.7,9.8,13.9,10.39,24.0,3.58,14.0,0.6,0.5,0.5,-11.23,-8.5,-6.49,-8.99,24.0,3.17,14.0,0.6,0.5,0.5,-9.11,-3.86,-1.33,-4.39,24.0,3.31,14.0,0.6,0.5,0.5,1009.83,1011.15,1013.54,1011.53,24.0,1.81,14.0,0.6,0.5,0.5,1.0,3.0,4.3,3.0,24.0,1.7,14.0,0.6,0.5,0.5,-155.7,-86.6,-47.6,-103.3,24.0,76.0,14.0,0.6,0.5,0.5,-118.8,-37.2,-10.3,-53.1,24.0,54.1,14.0,0.6,0.5,0.5,-0.99,0.55,2.49,0.52,20.0,1.71,14.0,0.6,0.5,0.5,-7.7,4.8,22.6,4.6,20.0,17.4,14.0,0.6,0.5,0.5,3.53,4.43,6.69,4.58,19.0,1.43,14.0,0.6,0.4,0.5,27.7,50.1,60.4,50.9,19.0,27.8,14.0,0.6,0.4,0.5,-283.5,-218.9,-157.6,-231.2,24.0,84.4,14.0,0.6,0.5,0.5,-228.3,-102.2,-32.6,-111.8,24.0,84.5,14.0,0.6,0.5,0.5,-183.1,-139.4,-107.7,-150.9,23.0,52.5,14.0,0.6,0.4,0.5,-149.2,-67.3,-21.9,-74.3,23.0,56.4,14.0,0.6,0.4,0.5,-54.0,-41.7,-23.6,-44.2,19.0,23.8,14.0,0.6,0.4,0.5,-36.1,-18.3,-8.6,-22.5,19.0,18.6,14.0,0.6,0.4,0.5,456.5,948.5,2685.5,1543.0,24.0,1829.5,14.0,0.6,0.5,0.5,455.0,950.0,2685.0,1545.0,24.0,1830.0,14.0,0.6,0.5,0.5
1974,2,284.0,13.0,24.89,25.5,26.5,25.55,10.0,0.9,14.0,0.6,0.8,0.3,25.25,26.1,27.58,26.31,12.0,1.21,16.0,0.6,0.8,0.3,16.47,16.53,17.58,16.83,8.0,0.6,14.0,0.6,0.8,0.3,73.4,79.6,83.7,78.0,9.0,7.0,16.0,0.6,0.3,7.57,9.15,12.93,9.73,12.0,2.46,16.0,0.6,0.8,0.3,-10.27,-8.51,-6.74,-8.62,12.0,1.76,16.0,0.6,0.8,0.3,-7.03,-3.46,-0.87,-3.78,12.0,3.07,16.0,0.6,0.8,0.3,1010.59,1012.6,1013.0,1012.26,11.0,2.31,14.0,0.6,0.8,0.3,0.7,2.0,4.3,2.5,12.0,1.9,16.0,0.6,0.8,0.3,-133.2,-75.5,-50.7,-87.6,12.0,40.0,16.0,0.6,0.8,0.3,-86.6,-28.7,-5.8,-42.0,12.0,40.6,16.0,0.6,0.8,0.3,-1.46,-0.35,0.36,-0.54,10.0,1.06,14.0,0.6,0.8,0.3,-14.3,-4.2,3.8,-4.9,10.0,9.5,14.0,0.6,0.8,0.3,2.41,3.51,4.29,3.38,8.0,0.98,14.0,0.6,0.8,0.3,17.1,31.0,51.1,32.7,8.0,15.3,14.0,0.6,0.8,0.3,-275.8,-224.0,-176.2,-227.3,12.0,49.9,16.0,0.6,0.8,0.3,-187.4,-88.4,-22.7,-100.4,12.0,83.7,16.0,0.6,0.8,0.3,-153.7,-140.6,-116.2,-141.0,8.0,29.0,14.0,0.6,0.8,0.3,-110.3,-52.9,-2.3,-52.4,8.0,53.9,14.0,0.6,0.8,0.3,-39.5,-30.0,-16.4,-29.0,8.0,11.8,14.0,0.6,0.8,0.3,-27.0,-9.8,-0.3,-12.4,8.0,13.5,14.0,0.6,0.8,0.3,435.5,766.5,2159.5,1088.0,12.0,822.0,16.0,0.6,0.8,0.3,435.0,765.0,2160.0,1090.0,12.0,820.0,16.0,0.6,0.8,0.3
1974,2,284.0,14.0,26.03,26.1,26.51,26.27,3.0,0.38,6.0,1.0,0.7,0.5,25.25,26.2,27.07,26.16,5.0,0.96,8.0,0.8,0.8,0.4,15.33,15.82,16.63,15.97,4.0,0.79,8.0,0.8,0.8,0.5,72.8,78.8,80.3,76.6,4.0,5.6,8.0,0.8,0.5,9.53,10.8,12.52,10.9,5.0,1.85,8.0,0.8,0.8,0.4,-11.4,-10.64,-8.74,-10.15,5.0,2.03,8.0,0.8,0.8,0.4,-4.85,-3.52,-2.11,-3.58,5.0,1.7,8.0,0.8,0.8,0.4,1012.19,1012.8,1014.22,1013.14,5.0,1.12,8.0,0.8,0.8,0.4,2.0,3.0,3.0,2.6,5.0,0.5,8.0,0.8,0.8,0.4,-143.0,-114.9,-84.6,-113.5,5.0,39.0,8.0,0.8,0.8,0.4,-50.7,-33.6,-25.7,-38.9,5.0,21.4,8.0,0.8,0.8,0.4,-0.37,-0.1,0.65,0.13,3.0,0.78,6.0,1.0,0.7,0.5,-4.7,-0.8,6.8,1.0,3.0,8.5,6.0,1.0,0.7,0.5,4.64,5.72,6.26,5.46,3.0,1.21,6.0,1.0,0.7,0.5,41.9,58.9,76.1,59.0,3.0,25.0,6.0,1.0,0.7,0.5,-308.5,-270.6,-221.6,-266.3,5.0,58.7,8.0,0.8,0.8,0.4,-125.2,-88.1,-57.2,-92.7,5.0,42.0,8.0,0.8,0.8,0.4,-184.8,-160.7,-133.6,-159.2,4.0,32.3,8.0,0.8,0.8,0.5,-85.5,-61.7,-43.7,-64.5,4.0,27.7,8.0,0.8,0.8,0.5,-74.1,-55.4,-37.6,-55.8,3.0,26.7,6.0,1.0,0.7,0.5,-19.1,-17.0,-15.3,-17.2,3.0,2.8,6.0,1.0,0.7,0.5,895.0,1259.5,1965.0,1382.5,5.0,633.0,8.0,0.8,0.8,0.4,895.0,1260.0,1965.0,1380.0,5.0,635.0,8.0,0.8,0.8,0.4
1974,2,284.0,15.0,25.66,25.8,25.94,25.8,2.0,0.28,6.0,0.5,0.4,0.3,24.04,25.2,26.36,25.2,2.0,2.4,6.0,0.5,0.4,0.3,14.67,15.19,15.72,15.19,2.0,1.09,6.0,0.5,0.4,0.3,73.6,76.3,79.0,76.3,2.0,5.6,6.0,0.5,0.3,6.27,7.5,8.73,7.5,2.0,2.55,6.0,0.5,0.4,0.3,-7.93,-6.2,-4.47,-6.2,2.0,3.59,6.0,0.5,0.4,0.3,-4.18,-3.77,-3.37,-3.77,2.0,0.84,6.0,0.5,0.4,0.3,1013.52,1014.2,1014.88,1014.2,2.0,1.41,6.0,0.5,0.4,0.3,3.0,3.0,3.0,3.0,2.0,0.0,6.0,0.5,0.4,0.3,-71.7,-51.1,-30.5,-51.1,2.0,42.7,6.0,0.5,0.4,0.3,-28.8,-27.2,-25.6,-27.2,2.0,3.3,6.0,0.5,0.4,0.3,-0.42,0.6,1.62,0.6,2.0,2.12,6.0,0.5,0.4,0.3,-5.1,1.8,8.7,1.8,2.0,14.4,6.0,0.5,0.4,0.3,5.2,5.54,5.88,5.54,2.0,0.71,6.0,0.5,0.4,0.3,36.4,40.6,44.9,40.6,2.0,8.8,6.0,0.5,0.4,0.3,-211.4,-160.6,-109.7,-160.6,2.0,105.3,6.0,0.5,0.4,0.3,-99.9,-94.1,-88.3,-94.1,2.0,12.1,6.0,0.5,0.4,0.3,-125.7,-96.2,-66.6,-96.2,2.0,61.3,6.0,0.5,0.4,0.3,-61.0,-56.9,-52.7,-56.9,2.0,8.6,6.0,0.5,0.4,0.3,-40.5,-33.1,-25.6,-33.1,2.0,15.5,6.0,0.5,0.4,0.3,-24.7,-21.2,-17.7,-21.2,2.0,7.3,6.0,0.5,0.4,0.3,283.5,495.0,706.0,495.0,2.0,438.0,6.0,0.5,0.4,0.3,285.0,495.0,705.0,495.0,2.0,440.0,6.0,0.5,0.4,0.3
1974,2,284.0,16.0,25.23,26.65,26.92,26.19,16.0,0.87,18.0,0.6,0.4,0.6,24.69,25.3,25.96,25.29,15.0,0.89,18.0,0.5,0.5,0.6,14.33,15.82,16.48,15.64,15.0,1.53,18.0,0.5,0.5,0.6,75.0,78.5,83.4,78.1,15.0,7.7,18.0,0.5,0.6,7.39,7.7,10.3,8.74,16.0,3.02,18.0,0.6,0.4,0.6,-10.24,-7.64,-4.95,-7.94,16.0,3.01,18.0,0.6,0.4,0.6,-4.42,0.0,0.88,-1.15,16.0,3.59,18.0,0.6,0.4,0.6,1013.49,1015.0,1016.79,1015.21,16.0,1.69,18.0,0.6,0.4,0.6,1.4,3.0,4.6,3.1,16.0,1.9,18.0,0.6,0.4,0.6,-105.5,-58.8,-38.1,-77.1,16.0,55.3,18.0,0.6,0.4,0.6,-32.3,0.0,7.2,-12.8,16.0,42.7,18.0,0.6,0.4,0.6,-0.41,1.0,1.63,0.87,15.0,1.16,18.0,0.5,0.5,0.6,-4.4,6.6,12.0,8.4,15.0,15.4,18.0,0.5,0.5,0.6,4.07,5.29,6.5,5.54,15.0,1.84,18.0,0.5,0.5,0.6,25.8,47.0,67.8,48.9,15.0,23.9,18.0,0.5,0.5,0.6,-260.6,-196.3,-141.3,-206.1,15.0,79.0,18.0,0.5,0.5,0.6,-60.1,0.0,27.7,-19.4,15.0,84.8,18.0,0.5,0.5,0.6,-166.5,-129.6,-80.7,-128.8,15.0,52.7,18.0,0.5,0.5,0.6,-37.3,0.0,17.8,-14.2,15.0,51.0,18.0,0.5,0.5,0.6,-58.5,-40.3,-25.4,-43.8,15.0,18.4,18.0,0.5,0.5,0.6,-9.6,0.0,5.5,-3.5,15.0,27.0,18.0,0.5,0.5,0.6,405.0,456.5,1092.5,910.0,16.0,1039.5,18.0,0.6,0.4,0.6,405.0,455.0,1095.0,910.0,16.0,1040.0,18.0,0.6,0.4,0.6
1974,2,284.0,17.0,25.42,26.35,27.78,26.49,34.0,1.32,14.0,0.4,0.5,0.5,24.84,25.4,26.46,25.56,35.0,0.97,14.0,0.4,0.5,0.5,14.95,15.58,17.22,15.9,31.0,1.3,14.0,0.4,0.5,0.5,71.1,77.6,83.1,77.9,31.0,7.0,14.0,0.4,0.5,3.98,5.1,8.32,6.03,31.0,2.62,14.0,0.4,0.5,0.5,-7.57,-5.1,-3.06,-5.24,31.0,2.12,14.0,0.4,0.5,0.5,-4.45,0.0,0.25,-1.46,31.0,3.05,14.0,0.4,0.5,0.5,1013.2,1015.0,1016.86,1014.94,35.0,1.96,14.0,0.4,0.5,0.5,1.0,2.5,4.0,2.8,32.0,1.9,14.0,0.4,0.5,0.5,-60.2,-26.0,-9.9,-36.3,31.0,30.9,14.0,0.4,0.5,0.5,-29.0,0.0,0.8,-13.1,31.0,35.8,14.0,0.4,0.5,0.5,-0.28,0.7,2.18,0.91,34.0,1.47,14.0,0.4,0.5,0.5,-0.4,3.9,11.2,4.4,30.0,6.5,14.0,0.4,0.5,0.5,4.04,5.49,7.66,5.69,31.0,1.97,14.0,0.4,0.5,0.5,19.8,33.9,45.8,33.9,28.0,14.8,14.0,0.4,0.5,0.4,-190.0,-130.0,-74.9,-134.0,31.0,54.5,14.0,0.4,0.5,0.5,-111.5,0.0,6.3,-37.5,31.0,77.5,14.0,0.4,0.5,0.5,-102.8,-79.2,-49.9,-81.8,28.0,31.9,14.0,0.4,0.5,0.4,-67.4,0.0,11.9,-16.3,28.0,38.2,14.0,0.4,0.5,0.4,-43.1,-32.3,-15.3,-30.0,28.0,13.0,14.0,0.4,0.5,0.4,-24.1,0.0,3.9,-6.7,28.0,16.2,14.0,0.4,0.5,0.4,63.5,132.5,577.0,364.0,31.0,655.0,14.0,0.4,0.5,0.5,65.0,135.0,575.0,365.0,31.0,655.0,14.0,0.4,0.5,0.5
1974,2,284.0,18.0,25.0,26.6,28.35,26.6,31.0,1.45,14.0,0.4,0.7,0.3,24.2,25.0,26.62,25.42,35.0,1.42,14.0,0.4,0.7,0.3,13.96,15.15,16.41,15.26,29.0,1.55,14.0,0.4,0.7,0.3,67.9,74.6,83.7,75.3,29.0,9.5,14.0,0.4,0.3,4.1,6.7,9.3,6.87,33.0,3.02,14.0,0.4,0.7,0.3,-8.17,-5.02,-2.47,-4.95,33.0,3.52,14.0,0.4,0.7,0.3,-5.9,0.0,2.88,-1.51,33.0,4.22,14.0,0.4,0.7,0.3,1013.14,1015.1,1016.86,1015.07,35.0,2.05,14.0,0.4,0.7,0.3,1.0,3.0,6.8,3.4,34.0,2.4,14.0,0.4,0.7,0.3,-86.1,-33.3,-6.8,-41.1,33.0,38.0,14.0,0.4,0.7,0.3,-45.4,0.0,12.6,-16.8,33.0,41.5,14.0,0.4,0.7,0.3,-0.75,1.0,2.74,1.06,31.0,1.92,14.0,0.4,0.7,0.3,-5.0,5.7,21.7,6.9,29.0,15.2,14.0,0.4,0.7,0.3,3.63,6.12,9.53,6.56,29.0,2.57,14.0,0.4,0.7,0.3,20.8,38.2,73.4,43.8,27.0,25.7,14.0,0.4,0.7,0.2,-205.0,-128.9,-62.1,-125.9,33.0,89.0,14.0,0.4,0.7,0.3,-147.1,0.0,69.9,-36.0,33.0,105.3,14.0,0.4,0.7,0.3,-130.2,-82.1,-38.5,-82.0,27.0,55.7,14.0,0.4,0.7,0.2,-82.4,0.0,24.1,-24.1,27.0,61.1,14.0,0.4,0.7,0.2,-50.8,-31.4,-15.0,-32.6,27.0,27.2,14.0,0.4,0.7,0.2,-31.9,0.0,9.6,-8.8,27.0,27.1,14.0,0.4,0.7,0.2,69.0,301.0,804.5,511.0,33.0,573.0,14.0,0.4,0.7,0.3,70.0,300.0,805.0,510.0,33.0,575.0,14.0,0.4,0.7,0.3
1974,2,284.0,19.0,25.6,26.7,26.7,26.35,72.0,0.92,14.0,0.6,0.8,0.7,22.5,25.55,26.7,24.94,70.0,1.84,14.0,0.6,0.8,0.8,11.99,14.38,15.66,14.2,65.0,2.15,14.0,0.6,0.8,0.8,63.8,71.7,80.4,72.1,66.0,9.7,14.0,0.7,0.8,2.6,5.1,7.7,4.95,72.0,2.6,14.0,0.7,0.8,0.7,-7.1,-1.66,1.44,-2.33,72.0,4.04,14.0,0.7,0.8,0.7,-4.47,-0.04,1.34,-1.37,72.0,2.8,14.0,0.7,0.8,0.7,1013.71,1016.2,1018.0,1015.98,71.0,1.97,14.0,0.6,0.8,0.7,1.0,2.0,5.0,2.5,72.0,2.0,14.0,0.7,0.8,0.7,-54.7,-6.8,4.5,-18.2,72.0,30.9,14.0,0.7,0.8,0.7,-30.1,0.0,7.5,-8.7,72.0,20.5,14.0,0.7,0.8,0.7,-0.1,1.1,3.98,1.42,69.0,2.16,14.0,0.6,0.8,0.8,-0.9,4.1,16.1,5.2,68.0,10.5,14.0,0.6,0.8,0.8,5.64,7.43,8.69,7.19,65.0,2.23,14.0,0.6,0.8,0.8,15.3,33.4,57.8,34.8,65.0,21.6,14.0,0.6,0.8,0.8,-182.9,-41.8,33.0,-60.8,69.0,102.6,14.0,0.6,0.8,0.8,-110.9,0.0,36.3,-30.0,69.0,68.3,14.0,0.6,0.8,0.8,-99.5,-25.6,13.8,-34.3,65.0,57.2,14.0,0.6,0.8,0.8,-64.8,-11.6,18.2,-19.3,65.0,38.7,14.0,0.6,0.8,0.8,-48.2,-11.4,9.0,-16.7,65.0,28.5,14.0,0.6,0.8,0.8,-37.4,-1.0,10.4,-11.5,65.0,21.5,14.0,0.6,0.8,0.8,17.5,132.5,456.5,223.5,72.0,290.0,14.0,0.7,0.8,0.7,20.0,135.0,455.0,225.0,72.0,290.0,14.0,0.7,0.8,0.7
1974,2,284.0,20.0,26.03,26.1,26.71,26.37,3.0,0.55,8.0,1.0,0.9,0.6,21.49,23.9,25.26,23.4,4.0,2.38,10.0,0.8,0.8,0.6,10.25,13.6,13.62,11.97,3.0,2.85,10.0,0.7,0.8,0.5,62.2,69.3,76.0,69.1,3.0,10.1,10.0,0.7,0.5,2.52,3.6,5.46,3.98,4.0,2.01,10.0,0.8,0.8,0.6,-1.94,0.84,4.38,1.2,4.0,3.68,10.0,0.8,0.8,0.6,-0.92,1.37,3.23,1.17,4.0,2.79,10.0,0.8,0.8,0.6,1014.21,1016.25,1017.71,1015.98,4.0,2.09,10.0,0.8,0.8,0.6,2.5,3.5,5.0,3.8,4.0,1.7,10.0,0.8,0.8,0.6,-5.0,5.4,24.9,9.8,4.0,18.9,10.0,0.8,0.8,0.6,-3.2,4.9,19.1,7.8,4.0,15.4,10.0,0.8,0.8,0.6,1.23,1.5,2.66,1.93,3.0,1.12,8.0,1.0,0.9,0.6,4.3,6.2,6.3,5.3,3.0,1.7,8.0,1.0,0.9,0.6,7.35,7.38,7.42,7.38,2.0,0.08,8.0,1.0,1.0,0.4,16.0,18.9,21.7,18.9,2.0,5.9,8.0,1.0,1.0,0.4,-46.5,23.8,97.7,25.5,4.0,83.2,10.0,0.8,0.8,0.6,-23.7,33.9,70.7,24.0,4.0,62.8,10.0,0.8,0.8,0.6,-26.6,-25.6,22.3,-2.7,3.0,41.0,10.0,0.7,0.8,0.5,-19.1,9.3,28.5,4.8,3.0,35.1,10.0,0.7,0.8,0.5,-14.7,-14.3,-13.9,-14.3,2.0,0.7,8.0,1.0,1.0,0.4,-14.1,-6.3,1.4,-6.3,2.0,16.0,8.0,1.0,1.0,0.4,18.5,49.5,190.5,102.0,4.0,135.0,10.0,0.8,0.8,0.6,20.0,50.0,190.0,100.0,4.0,135.0,10.0,0.8,0.8,0.6
1974,2,284.0,21.0,24.3,25.0,27.0,25.5,42.0,1.38,16.0,0.5,0.5,0.4,23.07,24.0,26.07,24.51,43.0,1.83,16.0,0.5,0.5,0.4,13.66,15.8,17.41,15.48,19.0,2.22,16.0,0.5,0.5,0.3,70.3,81.1,92.1,81.1,19.0,10.5,16.0,0.5,0.3,5.0,7.2,9.0,6.9,41.0,2.16,16.0,0.5,0.5,0.4,-8.37,-5.9,-3.96,-5.86,41.0,2.45,16.0,0.5,0.5,0.4,-4.1,-0.87,2.44,-0.95,41.0,3.37,16.0,0.5,0.5,0.4,1014.9,1017.85,1019.84,1017.38,40.0,2.28,16.0,0.5,0.5,0.3,1.0,3.0,7.0,3.2,42.0,2.4,16.0,0.5,0.5,0.3,-74.0,-37.9,-21.2,-43.9,41.0,27.0,16.0,0.5,0.5,0.4,-36.3,-4.3,14.1,-7.7,41.0,29.2,16.0,0.5,0.5,0.4,-1.17,1.0,3.3,1.02,41.0,2.13,16.0,0.5,0.6,0.4,-6.8,5.8,24.2,7.8,38.0,16.8,16.0,0.5,0.5,0.4,3.33,4.76,7.74,5.05,17.0,2.05,16.0,0.6,0.5,0.3,16.5,34.1,50.7,35.2,17.0,20.4,16.0,0.6,0.5,0.3,-201.6,-141.9,-93.4,-142.1,40.0,61.2,16.0,0.5,0.5,0.4,-103.1,-20.6,62.7,-22.7,40.0,81.5,16.0,0.5,0.5,0.4,-113.5,-82.0,-57.7,-83.7,19.0,30.6,16.0,0.5,0.5,0.3,-85.1,-21.5,17.7,-29.7,19.0,50.5,16.0,0.5,0.5,0.3,-44.2,-22.0,-12.4,-26.9,17.0,16.8,16.0,0.6,0.5,0.3,-22.1,-2.8,5.5,-10.6,17.0,23.7,16.0,0.6,0.5,0.3,125.0,373.0,729.0,419.5,41.0,322.0,16.0,0.5,0.5,0.4,125.0,375.0,730.0,420.0,41.0,320.0,16.0,0.5,0.5,0.4
1974,2,284.0,22.0,24.6,24.7,25.51,25.14,10.0,1.08,18.0,0.6,0.9,0.8,22.44,23.2,24.0,23.14,10.0,1.23,18.0,0.6,0.9,0.8,10.51,11.84,13.14,12.0,9.0,2.01,20.0,0.6,0.9,0.8,60.9,70.2,72.9,68.4,9.0,8.1,20.0,0.6,0.8,4.31,5.1,6.49,5.56,10.0,1.8,18.0,0.6,0.9,0.8,-5.12,-3.95,-1.58,-3.34,10.0,3.68,18.0,0.6,0.9,0.8,-3.34,0.87,3.36,0.39,10.0,3.38,18.0,0.6,0.9,0.8,1015.17,1015.9,1016.23,1015.74,10.0,1.35,18.0,0.6,0.9,0.8,1.4,3.0,6.6,3.8,10.0,2.4,18.0,0.6,0.9,0.8,-29.5,-21.2,-6.1,-22.2,10.0,30.1,18.0,0.6,0.9,0.8,-15.1,4.4,17.2,1.6,10.0,21.1,18.0,0.6,0.9,0.8,0.94,1.95,3.27,2.0,10.0,1.21,18.0,0.6,0.9,0.8,4.9,9.4,13.3,11.6,10.0,10.6,18.0,0.6,0.9,0.8,6.45,7.52,8.78,7.52,9.0,1.54,20.0,0.6,0.9,0.8,31.4,38.0,48.9,38.4,9.0,11.3,20.0,0.6,0.9,0.8,-118.1,-89.5,-36.5,-77.2,10.0,87.8,18.0,0.6,0.9,0.8,-72.8,19.5,82.0,10.7,10.0,79.0,18.0,0.6,0.9,0.8,-55.8,-37.6,-18.3,-29.9,9.0,39.9,20.0,0.6,0.9,0.8,-31.2,20.8,52.2,12.2,9.0,38.4,20.0,0.6,0.9,0.8,-37.1,-30.0,-9.6,-21.7,9.0,22.8,20.0,0.6,0.9,0.8,-27.3,13.0,22.4,4.1,9.0,26.8,20.0,0.6,0.9,0.8,81.0,132.5,274.0,228.5,10.0,281.5,18.0,0.6,0.9,0.8,80.0,135.0,275.0,230.0,10.0,280.0,18.0,0.6,0.9,0.8
1974,2,284.0,23.0,24.0,24.0,24.68,24.33,3.0,0.58,4.0,0.3,0.7,0.4,20.82,23.0,23.0,21.93,3.0,1.85,4.0,0.3,0.7,0.4,8.05,8.05,8.05,8.05,1.0,0.0,6.0,0.0,0.1,0.6,56.8,56.8,56.8,56.8,1.0,0.0,6.0,0.0,0.6,2.3,5.1,5.85,4.1,3.0,2.74,4.0,0.3,0.7,0.4,-5.07,-4.42,-1.99,-3.55,3.0,2.37,4.0,0.3,0.7,0.4,0.47,2.55,2.93,1.72,3.0,1.94,4.0,0.3,0.7,0.4,1011.0,1011.0,1019.19,1015.0,3.0,6.93,4.0,0.3,0.7,0.4,2.0,2.0,2.7,2.3,3.0,0.6,4.0,0.3,0.7,0.4,-29.9,-22.5,-7.7,-18.9,3.0,16.5,4.0,0.3,0.7,0.4,3.8,13.0,17.2,10.6,3.0,10.1,4.0,0.3,0.7,0.4,1.0,1.0,3.87,2.4,3.0,2.42,4.0,0.3,0.7,0.4,5.1,5.2,5.9,5.5,3.0,0.6,4.0,0.3,0.7,0.4,11.53,11.53,11.53,11.53,1.0,0.0,6.0,0.0,0.1,0.6,11.5,11.5,11.5,11.5,1.0,0.0,6.0,0.0,0.1,0.6,-116.5,-101.6,-43.9,-80.7,3.0,56.2,4.0,0.3,0.7,0.4,11.9,58.7,67.3,40.0,3.0,43.7,4.0,0.3,0.7,0.4,-7.0,-7.0,-7.0,-7.0,1.0,0.0,6.0,0.0,0.1,0.6,-4.0,-4.0,-4.0,-4.0,1.0,0.0,6.0,0.0,0.1,0.6,-10.0,-10.0,-10.0,-10.0,1.0,0.0,6.0,0.0,0.1,0.6,-5.8,-5.8,-5.8,-5.8,1.0,0.0,6.0,0.0,0.1,0.6,43.0,132.5,205.0,124.0,3.0,119.0,4.0,0.3,0.7,0.4,45.0,135.0,205.0,125.0,3.0,120.0,4.0,0.3,0.7,0.4
1974,2,284.0,24.0,22.15,24.8,26.25,24.45,13.0,1.87,14.0,0.5,0.7,0.6,21.1,23.2,23.55,22.56,13.0,1.61,14.0,0.5,0.7,0.6,9.94,13.58,15.43,13.02,13.0,2.68,14.0,0.5,0.7,0.6,65.3,75.9,87.5,76.1,13.0,11.3,14.0,0.5,0.6,2.57,6.7,8.49,6.25,12.0,3.63,14.0,0.6,0.7,0.6,-5.37,-0.34,0.65,-2.1,12.0,4.3,14.0,0.6,0.7,0.6,-4.87,0.2,5.33,0.2,12.0,5.69,14.0,0.6,0.7,0.6,1015.14,1019.0,1020.85,1017.8,13.0,2.96,14.0,0.5,0.7,0.6,1.7,3.5,5.5,3.8,12.0,2.3,14.0,0.6,0.7,0.6,-39.7,-0.3,3.3,-20.5,12.0,46.9,14.0,0.6,0.7,0.6,-29.9,0.3,48.3,0.8,12.0,50.6,14.0,0.6,0.7,0.6,1.02,1.7,3.3,1.89,13.0,1.56,14.0,0.5,0.7,0.6,1.5,7.0,21.5,9.7,12.0,13.0,14.0,0.6,0.7,0.6,4.66,5.74,7.13,6.13,13.0,2.11,14.0,0.5,0.7,0.6,17.6,34.0,62.1,36.4,12.0,24.1,14.0,0.6,0.7,0.6,-123.8,-7.8,15.2,-48.4,12.0,96.8,14.0,0.6,0.7,0.6,-102.8,4.6,128.3,11.5,12.0,121.2,14.0,0.6,0.7,0.6,-84.6,-4.3,8.3,-28.9,12.0,53.6,14.0,0.6,0.7,0.6,-44.4,2.5,82.3,12.2,12.0,66.5,14.0,0.6,0.7,0.6,-25.9,-2.3,2.9,-10.2,12.0,21.6,14.0,0.6,0.7,0.6,-36.5,1.4,22.1,-6.7,12.0,37.4,14.0,0.6,0.7,0.6,22.5,301.0,661.0,473.0,12.0,629.0,14.0,0.6,0.7,0.6,20.0,300.0,660.0,475.0,12.0,630.0,14.0,0.6,0.7,0.6
1974,2,284.0,25.0,22.7,23.9,24.56,23.79,25.0,1.38,14.0,0.4,0.5,0.5,19.64,22.45,24.32,22.24,30.0,2.77,14.0,0.5,0.5,0.5,10.25,13.45,15.34,12.85,24.0,2.76,14.0,0.5,0.5,0.5,62.9,80.4,87.0,77.2,24.0,10.9,14.0,0.5,0.5,3.4,6.95,10.32,6.81,30.0,3.18,14.0,0.5,0.5,0.4,-4.76,-1.93,4.16,-0.9,30.0,4.51,14.0,0.5,0.5,0.4,-7.83,1.7,5.47,-0.08,30.0,6.08,14.0,0.5,0.5,0.4,1015.98,1019.3,1021.07,1018.67,31.0,3.08,14.0,0.5,0.5,0.5,1.8,3.0,7.2,4.1,31.0,2.6,14.0,0.5,0.5,0.5,-35.0,-5.3,30.4,-4.1,30.0,43.8,14.0,0.5,0.5,0.4,-70.3,3.9,35.4,-8.9,30.0,57.8,14.0,0.5,0.5,0.4,-0.2,1.0,3.57,1.58,24.0,2.38,14.0,0.5,0.5,0.5,-0.7,4.6,33.9,13.5,23.0,21.9,14.0,0.5,0.5,0.5,3.3,5.84,7.32,5.43,21.0,2.55,14.0,0.4,0.5,0.5,11.8,25.4,71.9,38.2,20.0,32.1,14.0,0.5,0.5,0.4,-111.5,-35.2,96.9,-23.3,29.0,97.6,14.0,0.5,0.5,0.4,-145.0,28.9,140.7,7.6,29.0,128.0,14.0,0.5,0.5,0.4,-57.7,-2.3,61.4,-4.7,23.0,58.6,14.0,0.5,0.5,0.5,-72.3,17.7,93.7,11.7,23.0,76.7,14.0,0.5,0.5,0.5,-16.9,-3.0,12.5,-7.7,20.0,27.8,14.0,0.5,0.5,0.4,-57.8,8.8,24.0,-9.6,20.0,40.4,14.0,0.5,0.5,0.4,40.0,337.0,1103.5,519.0,30.0,581.5,14.0,0.5,0.5,0.4,40.0,335.0,1105.0,520.0,30.0,580.0,14.0,0.5,0.5,0.4
1974,2,284.0,26.0,22.0,23.05,24.09,23.15,36.0,1.67,16.0,0.4,0.6,0.3,18.13,21.0,24.0,21.05,41.0,2.78,16.0,0.4,0.6,0.3,7.51,8.95,15.33,10.84,28.0,3.89,16.0,0.4,0.5,0.3,49.6,69.6,88.3,68.5,28.0,17.2,16.0,0.4,0.3,3.27,7.7,10.3,7.04,41.0,3.29,16.0,0.4,0.6,0.3,-4.77,0.87,4.93,0.16,41.0,4.64,16.0,0.4,0.6,0.3,-8.29,-1.61,4.79,-1.76,41.0,6.07,16.0,0.4,0.6,0.3,1013.4,1020.0,1024.09,1019.18,40.0,4.91,16.0,0.4,0.6,0.3,2.0,4.5,7.1,4.6,38.0,2.4,16.0,0.4,0.6,0.3,-33.2,2.3,40.4,0.9,41.0,43.7,16.0,0.4,0.6,0.3,-88.7,-9.9,24.4,-20.7,41.0,60.2,16.0,0.4,0.6,0.3,-0.84,3.05,5.44,2.32,36.0,2.98,16.0,0.4,0.6,0.3,-4.4,17.3,48.1,20.6,36.0,25.6,16.0,0.4,0.6,0.3,1.68,7.78,10.6,6.71,27.0,4.02,16.0,0.4,0.5,0.3,8.0,35.5,98.3,47.5,27.0,42.4,16.0,0.4,0.5,0.3,-96.8,20.1,104.4,4.5,41.0,93.1,16.0,0.4,0.6,0.3,-158.1,-37.0,116.3,-29.4,41.0,125.7,16.0,0.4,0.6,0.3,-47.1,-8.9,40.2,-4.0,28.0,43.6,16.0,0.4,0.5,0.3,-62.0,-20.4,61.7,-6.5,28.0,61.8,16.0,0.4,0.5,0.3,-31.9,-5.0,17.1,-7.9,27.0,31.3,16.0,0.4,0.5,0.3,-87.5,-10.9,5.5,-30.4,27.0,46.3,16.0,0.4,0.5,0.3,35.5,456.5,1092.5,572.0,41.0,611.5,16.0,0.4,0.6,0.3,35.0,455.0,1095.0,570.0,41.0,610.0,16.0,0.4,0.6,0.3
1974,2,284.0,27.0,21.99,22.8,25.25,23.31,11.0,1.64,14.0,0.3,0.5,0.5,18.72,20.85,24.25,21.3,12.0,3.01,14.0,0.3,0.5,0.5,10.12,11.55,15.97,12.45,11.0,3.72,16.0,0.3,0.5,0.5,64.1,77.0,87.9,76.3,11.0,12.6,16.0,0.3,0.5,5.67,7.7,10.93,8.02,12.0,2.7,14.0,0.3,0.5,0.5,-2.66,5.17,6.15,2.9,12.0,4.5,14.0,0.3,0.5,0.5,-5.9,4.04,9.46,2.38,12.0,6.46,14.0,0.3,0.5,0.5,1012.92,1017.35,1022.21,1017.37,12.0,5.13,14.0,0.3,0.5,0.5,2.0,6.0,7.4,5.1,11.0,2.7,16.0,0.3,0.5,0.5,-13.1,44.7,64.5,29.6,12.0,39.2,14.0,0.3,0.5,0.5,-45.4,20.8,103.4,24.1,12.0,64.0,14.0,0.3,0.5,0.5,-1.01,2.1,5.15,1.99,11.0,2.75,14.0,0.3,0.5,0.5,-7.7,15.8,42.2,17.3,11.0,21.3,14.0,0.3,0.5,0.5,2.06,5.77,7.7,5.46,10.0,3.04,14.0,0.3,0.4,0.4,14.4,42.7,70.3,42.1,10.0,27.4,14.0,0.3,0.4,0.4,-51.6,114.9,128.9,66.6,12.0,92.2,14.0,0.3,0.5,0.5,-102.7,103.1,193.8,58.4,12.0,134.3,14.0,0.3,0.5,0.5,-8.3,63.4,90.8,52.5,11.0,48.4,16.0,0.3,0.5,0.5,-52.3,47.4,116.4,38.1,11.0,83.5,16.0,0.3,0.5,0.5,-6.8,13.1,39.5,13.2,10.0,30.4,14.0,0.3,0.4,0.4,-38.5,12.0,32.5,5.0,10.0,39.7,14.0,0.3,0.4,0.4,195.0,456.5,1306.5,669.5,12.0,531.5,14.0,0.3,0.5,0.5,195.0,455.0,1305.0,670.0,12.0,530.0,14.0,0.3,0.5,0.5
1974,2,284.0,28.0,20.38,22.2,23.05,21.97,16.0,1.58,18.0,0.6,0.6,0.5,19.14,21.3,22.2,20.78,16.0,1.82,18.0,0.5,0.6,0.4,9.43,11.96,15.11,12.19,13.0,2.54,18.0,0.5,0.7,0.4,71.7,77.5,90.7,78.9,13.0,9.0,18.0,0.5,0.4,3.52,8.0,10.3,7.51,15.0,2.82,16.0,0.5,0.7,0.5,-2.89,1.79,7.81,1.79,15.0,5.06,16.0,0.5,0.7,0.5,-2.51,3.1,7.46,2.29,15.0,5.81,16.0,0.5,0.7,0.5,1015.76,1019.0,1021.23,1017.89,15.0,4.61,16.0,0.5,0.7,0.5,3.0,5.5,8.0,5.4,16.0,2.4,18.0,0.5,0.6,0.4,-22.4,9.5,71.3,17.2,15.0,45.3,16.0,0.5,0.7,0.5,-19.9,9.6,67.1,21.6,15.0,55.4,16.0,0.5,0.7,0.5,-1.03,1.6,2.88,1.31,15.0,2.25,18.0,0.5,0.6,0.4,-9.2,9.6,29.1,8.9,13.0,19.7,16.0,0.5,0.7,0.5,1.89,5.56,7.09,4.43,12.0,2.99,16.0,0.5,0.7,0.5,6.6,31.7,56.9,32.0,12.0,25.9,16.0,0.5,0.7,0.5,-63.7,53.7,162.7,40.1,14.0,107.8,18.0,0.4,0.7,0.4,-56.1,27.7,173.8,47.5,14.0,123.9,18.0,0.4,0.7,0.4,-29.1,38.0,88.5,29.6,13.0,61.4,18.0,0.5,0.7,0.4,-34.0,-8.1,121.7,31.2,13.0,78.8,18.0,0.5,0.7,0.4,-16.8,6.2,44.5,11.8,12.0,27.5,16.0,0.5,0.7,0.5,-24.7,-7.6,14.1,-4.7,12.0,29.3,16.0,0.5,0.7,0.5,51.0,512.0,1092.5,582.0,15.0,467.5,16.0,0.5,0.7,0.5,50.0,510.0,1095.0,580.0,15.0,465.0,16.0,0.5,0.7,0.5
1974,2,284.0,29.0,21.81,22.85,23.86,22.83,16.0,1.0,12.0,0.4,0.7,0.4,17.94,20.2,21.9,19.89,17.0,2.89,12.0,0.5,0.7,0.4,7.59,10.19,12.06,10.21,15.0,2.35,14.0,0.5,0.7,0.4,61.2,68.4,80.8,69.1,15.0,10.2,14.0,0.5,0.4,5.33,7.7,12.3,8.02,16.0,3.54,14.0,0.4,0.7,0.4,-1.31,3.19,8.15,3.31,16.0,5.46,14.0,0.4,0.7,0.4,-8.46,-1.94,5.49,-1.25,16.0,6.16,14.0,0.4,0.7,0.4,1011.42,1017.5,1021.88,1016.9,16.0,4.78,14.0,0.4,0.7,0.4,1.4,5.5,7.6,4.5,16.0,2.8,14.0,0.5,0.6,0.4,-8.1,26.3,98.0,38.5,16.0,56.0,14.0,0.4,0.7,0.4,-80.1,-18.8,33.1,-15.6,16.0,64.3,14.0,0.4,0.7,0.4,1.1,2.05,4.5,3.19,16.0,2.84,12.0,0.4,0.7,0.4,7.7,18.0,57.5,29.5,15.0,28.3,14.0,0.4,0.7,0.4,4.78,7.05,9.59,6.98,14.0,2.09,14.0,0.4,0.7,0.4,35.4,47.6,118.6,61.2,14.0,38.8,14.0,0.4,0.7,0.4,-28.5,52.8,160.4,63.5,16.0,110.9,14.0,0.4,0.7,0.4,-115.0,-38.3,118.1,-13.0,16.0,118.5,14.0,0.4,0.7,0.4,-18.1,29.0,89.6,33.5,15.0,57.5,14.0,0.5,0.7,0.4,-57.9,-15.3,60.9,-0.5,15.0,63.6,14.0,0.5,0.7,0.4,0.0,26.1,75.9,29.5,14.0,44.9,14.0,0.4,0.7,0.4,-81.4,-9.3,40.7,-14.3,14.0,48.6,14.0,0.4,0.7,0.4,152.5,456.5,1861.0,782.0,16.0,748.5,14.0,0.4,0.7,0.4,155.0,455.0,1860.0,780.0,16.0,750.0,14.0,0.4,0.7,0.4
1974,2,284.0,30.0,19.97,21.7,22.21,21.37,13.0,1.25,14.0,0.5,0.5,0.5,14.16,16.4,22.99,17.81,14.0,4.26,16.0,0.6,0.5,0.5,5.69,7.71,14.33,9.21,12.0,3.73,16.0,0.5,0.5,0.5,49.5,77.1,94.1,73.0,12.0,18.2,16.0,0.5,0.5,7.26,10.55,13.37,10.09,14.0,3.35,16.0,0.6,0.5,0.5,0.0,7.42,8.74,5.11,14.0,5.72,16.0,0.6,0.5,0.5,-8.88,-0.36,8.06,-0.66,14.0,7.72,16.0,0.6,0.5,0.5,1008.73,1016.9,1025.32,1017.44,14.0,7.53,16.0,0.6,0.5,0.5,1.0,6.0,8.0,4.6,13.0,3.0,14.0,0.5,0.5,0.5,0.0,78.1,115.4,62.8,14.0,66.5,16.0,0.6,0.5,0.5,-91.7,-0.8,71.7,-6.6,14.0,91.3,16.0,0.6,0.5,0.5,-2.22,4.8,6.43,3.38,13.0,4.39,14.0,0.5,0.5,0.5,-29.5,30.2,80.5,33.2,13.0,55.4,14.0,0.5,0.5,0.5,2.14,5.93,10.17,6.32,11.0,3.44,16.0,0.5,0.5,0.5,20.5,40.1,117.2,64.2,11.0,50.1,16.0,0.5,0.5,0.5,0.0,134.8,194.6,97.0,14.0,104.6,16.0,0.6,0.5,0.5,-145.4,-5.1,185.3,11.3,14.0,146.7,16.0,0.6,0.5,0.5,-8.9,36.8,106.2,37.6,12.0,59.3,16.0,0.5,0.5,0.5,-62.6,-2.7,122.2,11.8,12.0,84.4,16.0,0.5,0.5,0.5,-8.3,13.2,88.1,35.4,11.0,55.5,16.0,0.5,0.5,0.5,-63.2,0.0,23.0,-13.2,11.0,48.8,16.0,0.5,0.5,0.5,384.5,1176.0,2389.5,1312.0,14.0,891.5,16.0,0.6,0.5,0.5,385.0,1175.0,2390.0,1310.0,14.0,890.0,16.0,0.6,0.5,0.5
1974,2,284.0,31.0,20.5,22.0,23.98,21.85,20.0,1.98,16.0,0.6,0.5,0.5,13.56,16.8,21.1,17.36,21.0,4.33,16.0,0.6,0.5,0.5,5.0,7.2,12.19,8.29,18.0,3.35,16.0,0.6,0.5,0.5,54.2,65.8,78.7,66.6,18.0,12.5,16.0,0.6,0.5,6.21,12.1,15.4,10.97,20.0,4.63,16.0,0.6,0.5,0.5,0.0,3.03,12.67,5.4,20.0,6.05,16.0,0.6,0.5,0.5,-7.93,0.0,11.76,0.97,20.0,8.93,16.0,0.6,0.5,0.5,1011.1,1014.9,1026.49,1017.36,21.0,7.65,16.0,0.6,0.5,0.5,4.0,7.0,8.0,6.0,20.0,1.9,16.0,0.6,0.5,0.5,0.0,43.1,163.7,72.0,20.0,93.3,16.0,0.6,0.5,0.5,-89.6,0.0,180.2,21.1,20.0,125.2,16.0,0.6,0.5,0.5,1.21,3.4,7.9,4.67,20.0,4.51,16.0,0.6,0.5,0.5,14.3,31.6,98.8,55.9,19.0,59.8,16.0,0.7,0.5,0.5,4.92,8.44,10.28,7.99,18.0,3.31,16.0,0.6,0.5,0.5,38.0,76.4,132.7,89.9,17.0,55.9,16.0,0.6,0.5,0.5,0.0,63.9,208.8,96.2,20.0,104.8,16.0,0.6,0.5,0.5,-83.8,0.0,248.0,48.0,20.0,160.4,16.0,0.6,0.5,0.5,0.0,37.2,110.2,50.8,17.0,57.0,16.0,0.6,0.5,0.5,-46.2,0.0,84.0,18.4,17.0,77.9,16.0,0.6,0.5,0.5,0.0,26.6,111.7,45.0,17.0,58.8,16.0,0.6,0.5,0.5,-81.9,0.0,26.4,-22.8,17.0,74.5,16.0,0.6,0.5,0.5,239.5,1795.0,3652.5,1962.5,20.0,1754.5,16.0,0.6,0.5,0.5,240.0,1795.0,3650.0,1960.0,20.0,1755.0,16.0,0.6,0.5,0.5
1974,2,284.0,32.0,21.01,22.8,24.26,22.37,27.0,1.87,14.0,0.6,0.5,0.6,14.48,19.25,21.52,18.62,32.0,3.35,16.0,0.6,0.6,0.5,6.17,8.24,12.05,9.06,28.0,3.12,16.0,0.5,0.5,0.5,53.3,63.3,82.2,66.7,28.0,14.2,16.0,0.5,0.5,5.94,9.8,13.14,10.12,31.0,4.5,16.0,0.5,0.6,0.5,-3.2,3.18,11.58,4.33,31.0,7.39,16.0,0.5,0.6,0.5,-3.64,2.56,9.55,3.12,31.0,6.48,16.0,0.5,0.6,0.5,1007.41,1016.1,1025.1,1015.3,32.0,8.17,16.0,0.6,0.6,0.5,3.1,7.0,8.0,5.9,27.0,2.2,16.0,0.6,0.6,0.6,-22.5,29.6,149.4,63.8,31.0,116.8,16.0,0.5,0.6,0.5,-23.2,12.9,109.6,37.1,31.0,85.8,16.0,0.5,0.6,0.5,0.04,2.8,5.0,3.3,27.0,3.2,14.0,0.6,0.5,0.6,0.0,23.9,73.9,32.6,26.0,38.8,14.0,0.5,0.6,0.5,6.02,7.37,10.36,7.81,24.0,2.92,14.0,0.5,0.5,0.6,32.2,68.1,114.0,74.9,23.0,39.8,14.0,0.5,0.5,0.5,-60.3,48.2,211.2,82.8,31.0,137.5,16.0,0.5,0.6,0.5,-56.8,46.9,201.0,68.7,31.0,122.9,16.0,0.5,0.6,0.5,-32.3,21.3,113.9,42.7,27.0,78.7,16.0,0.5,0.5,0.5,-27.9,19.2,93.7,34.9,27.0,62.3,16.0,0.5,0.5,0.5,-23.4,20.9,96.8,38.9,23.0,58.5,14.0,0.5,0.5,0.5,-21.9,23.2,44.6,9.7,23.0,48.4,14.0,0.5,0.5,0.5,213.0,941.0,2275.5,1677.5,31.0,2325.0,16.0,0.5,0.6,0.5,215.0,940.0,2275.0,1675.0,31.0,2325.0,16.0,0.5,0.6,0.5
1974,2,284.0,33.0,22.03,23.8,24.5,23.32,47.0,1.67,14.0,0.5,0.6,0.5,11.1,16.5,21.31,16.48,49.0,5.08,14.0,0.5,0.6,0.5,4.63,8.13,13.73,8.72,44.0,3.63,14.0,0.5,0.6,0.5,56.9,69.3,88.9,70.7,44.0,14.9,14.0,0.5,0.5,5.93,10.15,12.9,9.7,48.0,3.88,14.0,0.5,0.6,0.5,-0.94,4.41,9.95,4.55,48.0,5.71,14.0,0.5,0.6,0.5,-9.63,-3.55,6.03,-2.28,48.0,7.22,14.0,0.5,0.6,0.5,1007.69,1015.9,1021.08,1014.87,49.0,6.83,14.0,0.5,0.6,0.5,2.0,7.0,8.0,5.4,42.0,2.6,14.0,0.5,0.6,0.5,-4.0,34.1,129.4,58.6,48.0,85.5,14.0,0.5,0.6,0.5,-107.3,-28.8,59.8,-27.0,48.0,84.4,14.0,0.5,0.6,0.5,1.63,4.3,13.27,6.88,47.0,5.23,14.0,0.5,0.6,0.5,11.7,47.4,141.1,70.9,46.0,64.1,14.0,0.5,0.6,0.5,4.79,9.64,13.02,9.21,44.0,3.7,14.0,0.5,0.6,0.5,41.5,78.2,155.5,91.7,43.0,55.2,14.0,0.5,0.6,0.5,-10.7,55.8,177.6,73.7,48.0,103.0,14.0,0.5,0.6,0.5,-114.4,-53.5,127.0,-15.2,48.0,122.0,14.0,0.5,0.6,0.5,-12.3,25.9,93.2,40.8,43.0,58.5,14.0,0.5,0.6,0.5,-46.3,-25.4,88.1,2.5,43.0,66.4,14.0,0.5,0.6,0.5,-9.5,40.9,78.6,44.4,43.0,63.7,14.0,0.5,0.6,0.5,-112.7,-9.4,41.0,-29.1,43.0,68.7,14.0,0.5,0.6,0.5,209.5,1046.5,2146.5,1352.0,48.0,1542.5,14.0,0.5,0.6,0.5,210.0,1045.0,2145.0,1350.0,48.0,1540.0,14.0,0.5,0.6,0.5
1974,2,284.0,34.0,20.0,22.8,24.5,22.26,89.0,2.99,16.0,0.6,0.5,0.5,9.9,16.1,20.0,15.24,93.0,4.92,14.0,0.6,0.5,0.5,4.67,7.45,11.63,7.91,83.0,3.07,16.0,0.6,0.5,0.4,53.1,69.1,83.0,69.2,83.0,14.9,16.0,0.6,0.4,5.1,10.3,14.96,10.17,92.0,4.81,16.0,0.6,0.5,0.5,-3.71,3.28,9.12,2.89,92.0,6.15,16.0,0.6,0.5,0.5,-11.13,-2.65,7.64,-1.91,92.0,8.82,16.0,0.6,0.5,0.5,1006.65,1015.75,1024.62,1015.3,94.0,8.0,16.0,0.6,0.5,0.5,2.0,6.0,8.0,5.3,87.0,2.8,16.0,0.6,0.5,0.5,-26.0,21.0,113.4,40.1,92.0,80.8,16.0,0.6,0.5,0.5,-138.3,-14.5,71.6,-20.6,92.0,137.0,16.0,0.6,0.5,0.5,2.16,6.5,12.84,6.86,88.0,5.59,16.0,0.6,0.5,0.5,8.8,49.3,150.3,67.1,86.0,68.1,16.0,0.6,0.5,0.5,5.21,9.62,13.01,9.23,81.0,4.07,16.0,0.6,0.5,0.4,40.4,75.9,145.8,88.4,80.0,54.7,16.0,0.6,0.5,0.4,-66.6,27.8,158.7,42.4,91.0,108.7,14.0,0.6,0.5,0.5,-136.9,-33.8,125.2,-3.5,91.0,143.1,14.0,0.6,0.5,0.5,-31.3,14.1,75.3,21.4,82.0,58.0,16.0,0.6,0.5,0.4,-66.1,-16.1,58.2,-0.4,82.0,81.9,16.0,0.6,0.5,0.4,-23.9,15.3,83.2,28.7,80.0,54.1,16.0,0.6,0.5,0.4,-109.3,-19.9,44.3,-28.9,80.0,79.4,16.0,0.6,0.5,0.4,132.5,1092.5,3358.0,1764.5,92.0,2180.5,16.0,0.6,0.5,0.5,135.0,1095.0,3360.0,1765.0,92.0,2180.0,16.0,0.6,0.5,0.5
1974,2,284.0,35.0,12.8,17.2,20.6,16.83,337.0,3.73,14.0,0.5,0.7,0.2,5.0,12.2,18.0,11.69,371.0,5.64,14.0,0.5,0.7,0.2,4.04,6.24,9.97,6.79,133.0,2.95,14.0,0.5,0.7,0.2,60.9,77.1,88.3,75.8,133.0,14.3,14.0,0.5,0.2,5.1,10.3,15.4,10.48,371.0,5.06,14.0,0.5,0.7,0.2,-2.56,3.05,10.27,3.54,371.0,6.49,14.0,0.5,0.7,0.2,-10.3,-2.6,6.83,-1.93,371.0,8.8,14.0,0.5,0.7,0.2,1007.8,1015.9,1023.0,1016.01,371.0,8.09,14.0,0.5,0.7,0.2,1.0,3.0,7.4,3.8,131.0,2.9,14.0,0.5,0.7,0.2,-15.0,15.0,127.0,47.6,371.0,101.9,14.0,0.5,0.7,0.2,-127.0,-10.8,64.4,-13.9,371.0,143.3,14.0,0.5,0.7,0.2,0.6,4.4,9.0,4.7,335.0,4.25,14.0,0.5,0.7,0.2,4.0,30.8,99.8,49.4,333.0,58.8,14.0,0.5,0.7,0.2,2.64,5.4,8.38,5.44,115.0,3.27,14.0,0.5,0.7,0.2,14.7,47.9,89.5,53.6,113.0,46.6,14.0,0.5,0.7,0.2,-20.2,15.9,133.2,43.5,368.0,92.3,14.0,0.5,0.7,0.2,-81.4,-15.8,107.6,9.9,368.0,127.0,14.0,0.5,0.7,0.2,-11.3,15.1,68.1,24.5,131.0,49.5,14.0,0.5,0.7,0.2,-52.6,-9.6,41.5,0.6,131.0,73.3,14.0,0.5,0.7,0.2,-6.7,16.8,54.3,25.1,113.0,44.8,14.0,0.5,0.7,0.2,-60.0,-11.2,15.1,-17.7,113.0,45.9,14.0,0.5,0.7,0.2,132.5,1092.5,3652.5,2016.0,371.0,2703.5,14.0,0.5,0.7,0.2,135.0,1095.0,3650.0,2015.0,371.0,2705.0,14.0,0.5,0.7,0.2
1974,2,284.0,36.0,6.7,7.75,8.9,7.77,348.0,1.68,14.0,0.6,0.4,0.8,1.7,6.7,11.1,6.38,354.0,4.42,14.0,0.6,0.4,0.8,3.26,4.54,7.13,5.06,183.0,2.01,14.0,0.6,0.5,0.7,61.0,82.2,93.6,78.7,184.0,16.3,14.0,0.6,0.7,4.1,8.45,12.9,8.68,352.0,4.43,14.0,0.6,0.4,0.8,-3.23,1.93,8.74,2.53,352.0,5.84,14.0,0.6,0.4,0.8,-8.7,-1.7,7.55,-1.07,352.0,7.32,14.0,0.6,0.4,0.8,1007.49,1015.8,1025.4,1015.39,353.0,8.45,14.0,0.6,0.4,0.8,0.0,4.0,8.0,4.3,186.0,3.2,14.0,0.6,0.5,0.7,-24.1,9.7,98.5,32.0,352.0,78.8,14.0,0.6,0.4,0.8,-98.0,-4.4,67.2,-13.6,352.0,95.4,14.0,0.6,0.4,0.8,-3.4,1.1,6.12,1.4,347.0,4.5,14.0,0.6,0.4,0.8,-28.2,3.9,59.5,12.6,344.0,49.6,14.0,0.6,0.4,0.8,-0.47,1.92,3.23,1.63,181.0,2.14,14.0,0.6,0.5,0.7,-3.2,10.6,36.4,13.7,179.0,26.0,14.0,0.6,0.5,0.7,-26.1,0.0,38.2,6.7,351.0,46.4,14.0,0.6,0.4,0.8,-32.5,0.0,71.2,12.9,351.0,62.6,14.0,0.6,0.4,0.8,-16.3,9.1,36.0,8.3,181.0,33.2,14.0,0.6,0.5,0.7,-39.8,-5.8,51.0,4.5,181.0,49.4,14.0,0.6,0.5,0.7,-3.9,2.1,24.5,7.8,179.0,15.9,14.0,0.6,0.5,0.7,-26.5,-5.8,4.6,-10.3,179.0,21.0,14.0,0.6,0.5,0.7,69.0,605.0,2146.5,1187.5,352.0,1628.0,14.0,0.6,0.4,0.8,70.0,605.0,2145.0,1190.0,352.0,1630.0,14.0,0.6,0.4,0.8
1974,2,284.0,37.0,5.6,7.4,8.9,7.95,15.0,3.04,16.0,0.7,0.7,0.2,1.19,7.0,11.3,6.53,15.0,4.4,14.0,0.7,0.7,0.2,2.77,4.95,7.93,5.12,14.0,2.31,16.0,0.7,0.7,0.2,56.5,84.6,93.9,79.1,14.0,16.6,16.0,0.7,0.2,4.87,10.3,13.36,9.29,17.0,4.27,14.0,0.6,0.7,0.2,-4.31,0.0,2.49,-0.57,17.0,3.49,14.0,0.6,0.7,0.2,-10.15,-5.13,8.26,-1.86,17.0,9.68,14.0,0.6,0.7,0.2,1005.8,1015.8,1025.65,1015.56,17.0,8.82,14.0,0.6,0.7,0.2,0.4,5.0,8.0,4.6,16.0,3.5,16.0,0.7,0.7,0.2,-46.0,0.0,18.4,-10.5,17.0,37.9,14.0,0.6,0.7,0.2,-106.8,-34.4,74.3,-11.2,17.0,133.1,14.0,0.6,0.7,0.2,-3.82,0.6,6.23,1.15,13.0,5.46,16.0,0.7,0.7,0.2,-35.4,5.1,31.9,7.9,13.0,71.4,16.0,0.7,0.7,0.2,-1.04,1.23,3.86,1.41,12.0,2.92,16.0,0.8,0.7,0.2,-10.5,7.5,29.5,12.4,12.0,36.8,16.0,0.8,0.7,0.2,-43.3,0.0,3.6,-13.0,15.0,28.5,14.0,0.7,0.7,0.2,-65.0,-2.5,91.3,18.6,15.0,86.8,14.0,0.7,0.7,0.2,-34.0,0.0,11.0,-6.6,14.0,21.1,16.0,0.7,0.7,0.2,-41.0,-11.4,61.7,11.4,14.0,60.2,16.0,0.7,0.7,0.2,0.0,3.8,8.4,5.0,12.0,5.7,16.0,0.8,0.7,0.2,-32.6,-12.8,5.7,-19.3,12.0,32.4,16.0,0.8,0.7,0.2,116.5,1092.5,2395.0,1309.0,17.0,1691.0,14.0,0.6,0.7,0.2,115.0,1095.0,2395.0,1310.0,17.0,1690.0,14.0,0.6,0.7,0.2
1974,2,284.0,38.0,,,,,,,,,,,,,,,,,,,,,,,,,,,,,,,,,,,,,,,,3.0,3.0,7.78,5.33,3.0,4.04,20.0,0.0,0.8,0.3,-1.44,1.93,5.84,2.2,3.0,5.34,20.0,0.0,0.8,0.3,-1.57,0.0,4.39,1.38,3.0,4.52,20.0,0.0,0.8,0.3,1015.12,1018.6,1022.7,1018.9,3.0,5.56,20.0,0.0,0.8,0.3,,,,,,,,,,,,,,,,,,,,,,,,,,,,,,,,,,,,,,,,,,,,,,,,,,,,,,,,,,,,,,,,,,,,,,,,,,,,,,,,,,,,,,,,,,,,,,,,,,,,,,,,,,,,,,,,,,,,,,,,,,,,,,,,,,,,,,,,,,,,,,,,,,,,,,
1974,2,285.0,-67.0,,,,,,,,,,,,,,,,,,,,,,,,,,,,,,,,,,,,,,,,,,,,,,,,,,,,,,,,,,,,,,,,,,,,,,,,,,,,,,,,3.0,3.0,3.0,3.0,1.0,0.0,24.0,1.0,1.0,0.8,24.9,24.9,24.9,24.9,1.0,0.0,24.0,1.0,1.0,0.8,-20.9,-20.9,-20.9,-20.9,1.0,0.0,24.0,1.0,1.0,0.8,,,,,,,,,,,,,,,,,,,,,,,,,,,,,,,,,,,,,,,,,,,,,,,,,,,,,,,,,,,,,,,,,,,,,,,,,,,,,,,,,,,,,,,,,,,,,,,,,,,,,,,,,,,,,,,,,,,,,,,,
1974,2,285.0,-52.0,9.0,9.0,9.0,9.0,1.0,0.0,26.0,0.0,0.8,0.9,9.5,9.5,9.5,9.5,1.0,0.0,26.0,0.0,0.8,0.9,6.92,6.92,6.92,6.92,1.0,0.0,26.0,0.0,0.8,0.9,94.1,94.1,94.1,94.1,1.0,0.0,26.0,0.0,0.9,12.3,12.3,12.3,12.3,1.0,0.0,26.0,0.0,0.8,0.9,6.15,6.15,6.15,6.15,1.0,0.0,26.0,0.0,0.8,0.9,-10.65,-10.65,-10.65,-10.65,1.0,0.0,26.0,0.0,0.8,0.9,1012.4,1012.4,1012.4,1012.4,1.0,0.0,26.0,0.0,0.8,0.9,8.0,8.0,8.0,8.0,1.0,0.0,26.0,0.0,0.8,0.9,75.6,75.6,75.6,75.6,1.0,0.0,26.0,0.0,0.8,0.9,-131.0,-131.0,-131.0,-131.0,1.0,0.0,26.0,0.0,0.8,0.9,-0.5,-0.5,-0.5,-0.5,1.0,0.0,26.0,0.0,0.8,0.9,-6.1,-6.1,-6.1,-6.1,1.0,0.0,26.0,0.0,0.8,0.9,0.19,0.19,0.19,0.19,1.0,0.0,26.0,0.0,0.8,0.9,2.3,2.3,2.3,2.3,1.0,0.0,26.0,0.0,0.8,0.9,58.4,58.4,58.4,58.4,1.0,0.0,26.0,0.0,0.8,0.9,-101.2,-101.2,-101.2,-101.2,1.0,0.0,26.0,0.0,0.8,0.9,42.6,42.6,42.6,42.6,1.0,0.0,26.0,0.0,0.8,0.9,-73.7,-73.7,-73.7,-73.7,1.0,0.0,26.0,0.0,0.8,0.9,1.2,1.2,1.2,1.2,1.0,0.0,26.0,0.0,0.8,0.9,-2.0,-2.0,-2.0,-2.0,1.0,0.0,26.0,0.0,0.8,0.9,1861.0,1861.0,1861.0,1861.0,1.0,0.0,26.0,0.0,0.8,0.9,1860.0,1860.0,1860.0,1860.0,1.0,0.0,26.0,0.0,0.8,0.9
1974,2,285.0,-51.0,9.0,9.0,9.0,9.0,1.0,0.0,26.0,1.0,0.3,0.7,10.0,10.0,10.0,10.0,1.0,0.0,26.0,1.0,0.3,0.7,7.15,7.15,7.15,7.15,1.0,0.0,26.0,1.0,0.3,0.7,94.1,94.1,94.1,94.1,1.0,0.0,26.0,1.0,0.7,4.1,4.1,4.1,4.1,1.0,0.0,26.0,1.0,0.3,0.7,0.0,0.0,0.0,0.0,1.0,0.0,26.0,1.0,0.3,0.7,-4.1,-4.1,-4.1,-4.1,1.0,0.0,26.0,1.0,0.3,0.7,1014.4,1014.4,1014.4,1014.4,1.0,0.0,26.0,1.0,0.3,0.7,8.0,8.0,8.0,8.0,1.0,0.0,26.0,1.0,0.3,0.7,0.0,0.0,0.0,0.0,1.0,0.0,26.0,1.0,0.3,0.7,-16.8,-16.8,-16.8,-16.8,1.0,0.0,26.0,1.0,0.3,0.7,-1.0,-1.0,-1.0,-1.0,1.0,0.0,26.0,1.0,0.3,0.7,-4.1,-4.1,-4.1,-4.1,1.0,0.0,26.0,1.0,0.3,0.7,-0.05,-0.05,-0.05,-0.05,1.0,0.0,26.0,1.0,0.3,0.7,-0.2,-0.2,-0.2,-0.2,1.0,0.0,26.0,1.0,0.3,0.7,0.0,0.0,0.0,0.0,1.0,0.0,26.0,1.0,0.3,0.7,-41.0,-41.0,-41.0,-41.0,1.0,0.0,26.0,1.0,0.3,0.7,0.0,0.0,0.0,0.0,1.0,0.0,26.0,1.0,0.3,0.7,-29.3,-29.3,-29.3,-29.3,1.0,0.0,26.0,1.0,0.3,0.7,0.0,0.0,0.0,0.0,1.0,0.0,26.0,1.0,0.3,0.7,0.2,0.2,0.2,0.2,1.0,0.0,26.0,1.0,0.3,0.7,69.0,69.0,69.0,69.0,1.0,0.0,26.0,1.0,0.3,0.7,70.0,70.0,70.0,70.0,1.0,0.0,26.0,1.0,0.3,0.7
1974,2,285.0,-43.0,13.5,13.5,13.5,13.5,1.0,0.0,14.0,1.0,0.1,0.9,14.8,14.8,14.8,14.8,1.0,0.0,14.0,1.0,0.1,0.9,9.69,9.69,9.69,9.69,1.0,0.0,14.0,1.0,0.1,0.9,93.1,93.1,93.1,93.1,1.0,0.0,14.0,1.0,0.9,,,,,,,,,,,,,,,,,,,,,,,,,,,,,,,,,,,,,,,,,,,,,,,,,,,,,,,,,,,,,,,,,,,,,,,,,,,,,,,,,,,,,,,,,,,,,,,,,,,,,,,,,,,,,,,,,,,,,,,,,,,,,,,,,,,,,,,,,,,,,,,,,,,,,,,,,,,,,,,,,,,,,,,,,,,,,,,,,,,,,,,,,,,,,,
1974,2,285.0,-42.0,14.24,15.25,16.0,15.13,4.0,1.03,18.0,0.8,0.2,0.7,14.6,14.85,15.0,14.8,4.0,0.24,18.0,0.8,0.2,0.7,9.44,9.76,10.01,9.73,4.0,0.33,18.0,0.8,0.2,0.7,91.9,93.4,95.0,93.4,4.0,1.8,18.0,0.8,0.7,8.2,10.8,13.66,10.93,4.0,3.15,18.0,0.8,0.2,0.7,0.0,4.1,8.2,4.1,4.0,4.73,18.0,0.8,0.2,0.7,0.0,6.7,13.66,6.83,4.0,7.88,18.0,0.8,0.2,0.7,1015.21,1016.0,1016.1,1015.68,4.0,0.79,18.0,0.8,0.2,0.7,3.0,6.0,8.0,5.5,4.0,3.0,18.0,0.8,0.2,0.7,0.0,33.6,67.2,33.6,4.0,38.8,18.0,0.8,0.2,0.7,0.0,89.8,186.7,93.2,4.0,107.8,18.0,0.8,0.2,0.7,-0.36,0.4,1.0,0.33,4.0,0.79,18.0,0.8,0.2,0.7,-4.9,2.8,8.2,1.7,4.0,7.7,18.0,0.8,0.2,0.7,0.6,0.97,1.24,0.92,4.0,0.37,18.0,0.8,0.2,0.7,8.2,9.8,10.2,9.2,4.0,1.5,18.0,0.8,0.2,0.7,0.0,61.5,123.0,61.5,4.0,71.0,18.0,0.8,0.2,0.7,0.0,98.5,199.4,99.6,4.0,115.1,18.0,0.8,0.2,0.7,0.0,41.1,82.1,41.1,4.0,47.4,18.0,0.8,0.2,0.7,0.0,63.7,129.0,64.5,4.0,74.5,18.0,0.8,0.2,0.7,0.0,5.1,10.2,5.1,4.0,5.9,18.0,0.8,0.2,0.7,0.0,3.5,8.3,4.1,4.0,4.9,18.0,0.8,0.2,0.7,551.5,1478.5,2552.5,1548.5,4.0,1157.0,18.0,0.8,0.2,0.7,550.0,1480.0,2555.0,1550.0,4.0,1155.0,18.0,0.8,0.2,0.7
1974,2,285.0,-41.0,16.0,16.0,16.0,16.0,1.0,0.0,14.0,0.0,0.5,0.7,15.8,15.8,15.8,15.8,1.0,0.0,14.0,0.0,0.5,0.7,9.95,9.95,9.95,9.95,1.0,0.0,14.0,0.0,0.5,0.7,89.6,89.6,89.6,89.6,1.0,0.0,14.0,0.0,0.7,12.3,12.3,12.3,12.3,1.0,0.0,14.0,0.0,0.5,0.7,0.0,0.0,0.0,0.0,1.0,0.0,14.0,0.0,0.5,0.7,12.3,12.3,12.3,12.3,1.0,0.0,14.0,0.0,0.5,0.7,1015.8,1015.8,1015.8,1015.8,1.0,0.0,14.0,0.0,0.5,0.7,0.0,0.0,0.0,0.0,1.0,0.0,14.0,0.0,0.5,0.7,0.0,0.0,0.0,0.0,1.0,0.0,14.0,0.0,0.5,0.7,151.3,151.3,151.3,151.3,1.0,0.0,14.0,0.0,0.5,0.7,0.2,0.2,0.2,0.2,1.0,0.0,14.0,0.0,0.5,0.7,2.5,2.5,2.5,2.5,1.0,0.0,14.0,0.0,0.5,0.7,1.3,1.3,1.3,1.3,1.0,0.0,14.0,0.0,0.5,0.7,16.0,16.0,16.0,16.0,1.0,0.0,14.0,0.0,0.5,0.7,0.0,0.0,0.0,0.0,1.0,0.0,14.0,0.0,0.5,0.7,194.3,194.3,194.3,194.3,1.0,0.0,14.0,0.0,0.5,0.7,0.0,0.0,0.0,0.0,1.0,0.0,14.0,0.0,0.5,0.7,122.4,122.4,122.4,122.4,1.0,0.0,14.0,0.0,0.5,0.7,0.0,0.0,0.0,0.0,1.0,0.0,14.0,0.0,0.5,0.7,16.0,16.0,16.0,16.0,1.0,0.0,14.0,0.0,0.5,0.7,1861.0,1861.0,1861.0,1861.0,1.0,0.0,14.0,0.0,0.5,0.7,1860.0,1860.0,1860.0,1860.0,1.0,0.0,14.0,0.0,0.5,0.7
1974,2,285.0,-40.0,16.0,16.0,16.07,16.03,3.0,0.06,14.0,0.3,0.5,0.6,15.4,15.6,15.67,15.53,3.0,0.21,14.0,0.3,0.5,0.6,9.38,10.15,10.37,9.88,3.0,0.77,14.0,0.3,0.5,0.6,86.5,92.0,94.0,90.3,3.0,5.7,14.0,0.3,0.6,10.94,13.4,13.74,12.37,3.0,2.24,14.0,0.3,0.5,0.6,3.77,6.7,7.92,5.87,3.0,3.12,14.0,0.3,0.5,0.6,0.34,11.6,13.03,6.8,3.0,10.18,14.0,0.3,0.5,0.6,1011.54,1015.7,1015.77,1013.7,3.0,3.55,14.0,0.3,0.5,0.6,1.9,6.0,6.7,4.3,3.0,3.8,14.0,0.3,0.5,0.6,49.3,83.2,87.7,68.8,3.0,30.7,14.0,0.3,0.5,0.6,16.6,155.5,179.2,99.3,3.0,128.7,14.0,0.3,0.5,0.6,0.33,0.4,0.67,0.5,3.0,0.26,14.0,0.3,0.5,0.6,4.0,4.2,8.6,6.3,3.0,3.9,14.0,0.3,0.5,0.6,0.93,1.11,1.93,1.42,3.0,0.78,14.0,0.3,0.5,0.6,10.5,15.4,26.0,18.2,3.0,11.6,14.0,0.3,0.5,0.6,58.4,102.5,122.9,90.9,3.0,48.3,14.0,0.3,0.5,0.6,4.2,177.6,203.1,105.3,3.0,158.5,14.0,0.3,0.5,0.6,35.9,60.4,79.9,57.9,3.0,32.3,14.0,0.3,0.5,0.6,-1.8,104.7,128.0,64.1,3.0,101.4,14.0,0.3,0.5,0.6,4.1,7.2,12.8,8.4,3.0,6.5,14.0,0.3,0.5,0.6,2.0,15.2,23.1,12.6,3.0,15.6,14.0,0.3,0.5,0.6,1406.0,2406.0,2597.0,2011.0,3.0,937.0,14.0,0.3,0.5,0.6,1405.0,2405.0,2595.0,2010.0,3.0,935.0,14.0,0.3,0.5,0.6
1974,2,285.0,-39.0,13.75,13.85,13.95,13.85,2.0,0.21,18.0,0.5,0.5,0.3,15.44,15.95,16.46,15.95,2.0,1.06,18.0,0.5,0.5,0.3,8.91,9.44,9.97,9.44,2.0,1.1,18.0,0.5,0.5,0.3,82.1,84.0,86.0,84.0,2.0,4.0,18.0,0.5,0.3,10.62,11.3,11.98,11.3,2.0,1.41,18.0,0.5,0.5,0.3,0.56,1.76,2.96,1.76,2.0,2.49,18.0,0.5,0.5,0.3,10.09,10.99,11.88,10.99,2.0,1.85,18.0,0.5,0.5,0.3,1015.79,1016.2,1016.61,1016.2,2.0,0.85,18.0,0.5,0.5,0.3,1.3,4.0,6.7,4.0,2.0,5.7,18.0,0.5,0.5,0.3,5.8,18.1,30.5,18.1,2.0,25.7,18.0,0.5,0.5,0.3,107.9,125.5,143.1,125.5,2.0,36.5,18.0,0.5,0.5,0.3,-2.51,-2.1,-1.69,-2.1,2.0,0.85,18.0,0.5,0.5,0.3,-30.4,-24.3,-18.3,-24.3,2.0,12.6,18.0,0.5,0.5,0.3,-0.11,0.35,0.81,0.35,2.0,0.96,18.0,0.5,0.5,0.3,-1.7,3.3,8.2,3.3,2.0,10.3,18.0,0.5,0.5,0.3,8.5,26.8,45.0,26.8,2.0,37.9,18.0,0.5,0.5,0.3,156.4,176.3,196.2,176.3,2.0,41.2,18.0,0.5,0.5,0.3,4.8,15.3,25.7,15.3,2.0,21.6,18.0,0.5,0.5,0.3,90.4,104.7,119.0,104.7,2.0,29.6,18.0,0.5,0.5,0.3,0.6,1.8,3.0,1.8,2.0,2.6,18.0,0.5,0.5,0.3,-1.8,2.9,7.7,2.9,2.0,9.9,18.0,0.5,0.5,0.3,1214.5,1477.0,1739.0,1477.0,2.0,543.0,18.0,0.5,0.5,0.3,1215.0,1475.0,1740.0,1475.0,2.0,545.0,18.0,0.5,0.5,0.3
1974,2,285.0,-38.0,14.6,14.6,14.6,14.6,1.0,0.0,22.0,1.0,0.6,0.4,13.8,13.8,13.8,13.8,1.0,0.0,22.0,1.0,0.6,0.4,8.0,8.0,8.0,8.0,1.0,0.0,22.0,1.0,0.6,0.4,82.1,82.1,82.1,82.1,1.0,0.0,22.0,1.0,0.4,13.9,13.9,13.9,13.9,1.0,0.0,22.0,1.0,0.6,0.4,2.41,2.41,2.41,2.41,1.0,0.0,22.0,1.0,0.6,0.4,13.69,13.69,13.69,13.69,1.0,0.0,22.0,1.0,0.6,0.4,1015.9,1015.9,1015.9,1015.9,1.0,0.0,22.0,1.0,0.6,0.4,7.0,7.0,7.0,7.0,1.0,0.0,22.0,1.0,0.6,0.4,33.6,33.6,33.6,33.6,1.0,0.0,22.0,1.0,0.6,0.4,190.3,190.3,190.3,190.3,1.0,0.0,22.0,1.0,0.6,0.4,0.8,0.8,0.8,0.8,1.0,0.0,22.0,1.0,0.6,0.4,11.1,11.1,11.1,11.1,1.0,0.0,22.0,1.0,0.6,0.4,2.28,2.28,2.28,2.28,1.0,0.0,22.0,1.0,0.6,0.4,31.7,31.7,31.7,31.7,1.0,0.0,22.0,1.0,0.6,0.4,33.3,33.3,33.3,33.3,1.0,0.0,22.0,1.0,0.6,0.4,188.9,188.9,188.9,188.9,1.0,0.0,22.0,1.0,0.6,0.4,19.3,19.3,19.3,19.3,1.0,0.0,22.0,1.0,0.6,0.4,109.5,109.5,109.5,109.5,1.0,0.0,22.0,1.0,0.6,0.4,5.5,5.5,5.5,5.5,1.0,0.0,22.0,1.0,0.6,0.4,31.2,31.2,31.2,31.2,1.0,0.0,22.0,1.0,0.6,0.4,2685.5,2685.5,2685.5,2685.5,1.0,0.0,22.0,1.0,0.6,0.4,2685.0,2685.0,2685.0,2685.0,1.0,0.0,22.0,1.0,0.6,0.4
1974,2,285.0,-33.0,17.0,17.0,17.0,17.0,2.0,0.0,10.0,0.5,1.0,0.7,15.66,15.8,15.94,15.8,2.0,0.28,10.0,0.5,1.0,0.7,9.07,9.13,9.19,9.13,2.0,0.12,10.0,0.5,1.0,0.7,80.8,82.1,83.4,82.1,2.0,2.6,10.0,0.5,0.7,2.18,2.35,2.52,2.35,2.0,0.35,10.0,0.5,1.0,0.7,-0.12,0.58,1.28,0.58,2.0,1.46,10.0,0.5,1.0,0.7,1.54,1.96,2.37,1.96,2.0,0.86,10.0,0.5,1.0,0.7,1013.3,1013.5,1013.7,1013.5,2.0,0.42,10.0,0.5,1.0,0.7,8.0,8.0,8.0,8.0,2.0,0.0,10.0,0.5,1.0,0.7,-0.5,1.1,2.7,1.1,2.0,3.2,10.0,0.5,1.0,0.7,3.4,4.7,6.1,4.7,2.0,2.7,10.0,0.5,1.0,0.7,1.06,1.2,1.34,1.2,2.0,0.28,10.0,0.5,1.0,0.7,2.3,2.9,3.4,2.9,2.0,1.1,10.0,0.5,1.0,0.7,2.84,2.9,2.96,2.9,2.0,0.13,10.0,0.5,1.0,0.7,6.4,6.8,7.1,6.8,2.0,0.7,10.0,0.5,1.0,0.7,-1.8,9.3,20.5,9.3,2.0,23.2,10.0,0.5,1.0,0.7,24.5,30.8,37.0,30.8,2.0,13.0,10.0,0.5,1.0,0.7,-1.2,5.2,11.6,5.2,2.0,13.2,10.0,0.5,1.0,0.7,14.0,17.9,21.8,17.9,2.0,8.1,10.0,0.5,1.0,0.7,-0.3,1.8,3.8,1.8,2.0,4.3,10.0,0.5,1.0,0.7,4.5,5.6,6.7,5.6,2.0,2.2,10.0,0.5,1.0,0.7,10.5,13.5,16.5,13.5,2.0,6.0,10.0,0.5,1.0,0.7,10.0,15.0,15.0,15.0,2.0,5.0,10.0,0.5,1.0,0.7
1974,2,285.0,-32.0,17.0,17.0,17.0,17.0,1.0,0.0,10.0,0.0,0.8,0.7,17.4,17.4,17.4,17.4,1.0,0.0,10.0,0.0,0.8,0.7,9.66,9.66,9.66,9.66,1.0,0.0,10.0,0.0,0.8,0.7,78.4,78.4,78.4,78.4,1.0,0.0,10.0,0.0,0.7,3.83,7.55,11.27,7.55,2.0,7.71,18.0,0.5,0.7,0.5,-1.68,-0.45,0.78,-0.45,2.0,2.55,18.0,0.5,0.7,0.5,3.39,7.21,11.03,7.21,2.0,7.92,18.0,0.5,0.7,0.5,1012.3,1012.3,1012.3,1012.3,1.0,0.0,10.0,0.0,0.8,0.7,6.2,6.5,6.8,6.5,2.0,0.7,18.0,0.5,0.7,0.5,-24.2,-13.3,-2.3,-13.3,2.0,22.8,18.0,0.5,0.7,0.5,29.3,84.9,140.6,84.9,2.0,115.3,18.0,0.5,0.7,0.5,-0.4,-0.4,-0.4,-0.4,1.0,0.0,10.0,0.0,0.8,0.7,-0.8,-0.8,-0.8,-0.8,1.0,0.0,10.0,0.0,0.8,0.7,2.38,2.38,2.38,2.38,1.0,0.0,10.0,0.0,0.8,0.7,5.0,5.0,5.0,5.0,1.0,0.0,10.0,0.0,0.8,0.7,23.5,23.5,23.5,23.5,1.0,0.0,10.0,0.0,0.8,0.7,28.0,28.0,28.0,28.0,1.0,0.0,10.0,0.0,0.8,0.7,13.0,13.0,13.0,13.0,1.0,0.0,10.0,0.0,0.8,0.7,15.5,15.5,15.5,15.5,1.0,0.0,10.0,0.0,0.8,0.7,3.2,3.2,3.2,3.2,1.0,0.0,10.0,0.0,0.8,0.7,3.8,3.8,3.8,3.8,1.0,0.0,10.0,0.0,0.8,0.7,356.5,1103.0,1850.0,1103.0,2.0,1547.0,18.0,0.5,0.7,0.5,355.0,1105.0,1850.0,1105.0,2.0,1545.0,18.0,0.5,0.7,0.5
1974,2,285.0,-31.0,17.11,17.35,17.59,17.35,2.0,0.49,8.0,0.5,0.8,0.6,15.92,16.6,17.28,16.6,2.0,1.41,8.0,0.5,0.8,0.6,7.88,8.7,9.53,8.7,2.0,1.71,8.0,0.5,0.8,0.6,70.1,73.9,77.7,73.9,2.0,7.8,8.0,0.5,0.6,2.18,2.35,2.52,2.35,2.0,0.35,8.0,0.5,0.8,0.6,1.35,1.45,1.56,1.45,2.0,0.22,8.0,0.5,0.8,0.6,1.49,1.8,2.11,1.8,2.0,0.64,8.0,0.5,0.8,0.6,1013.31,1013.55,1013.79,1013.55,2.0,0.5,8.0,0.5,0.8,0.6,8.0,8.0,8.0,8.0,2.0,0.0,8.0,0.5,0.8,0.6,3.4,3.4,3.4,3.4,2.0,0.0,8.0,0.5,0.8,0.6,3.3,4.3,5.4,4.3,2.0,2.1,8.0,0.5,0.8,0.6,-0.17,0.75,1.67,0.75,2.0,1.91,8.0,0.5,0.8,0.6,-0.2,2.1,4.4,2.1,2.0,4.8,8.0,0.5,0.8,0.6,2.59,3.6,4.6,3.6,2.0,2.09,8.0,0.5,0.8,0.6,5.8,8.8,11.8,8.8,2.0,6.2,8.0,0.5,0.8,0.6,21.6,24.3,27.0,24.3,2.0,5.7,8.0,0.5,0.8,0.6,25.6,29.4,33.3,29.4,2.0,8.0,8.0,0.5,0.8,0.6,10.7,12.8,15.0,12.8,2.0,4.4,8.0,0.5,0.8,0.6,13.9,15.1,16.3,15.1,2.0,2.5,8.0,0.5,0.8,0.6,3.9,5.0,6.1,5.0,2.0,2.3,8.0,0.5,0.8,0.6,4.2,7.1,10.1,7.1,2.0,6.1,8.0,0.5,0.8,0.6,10.5,13.5,16.5,13.5,2.0,6.0,8.0,0.5,0.8,0.6,10.0,15.0,15.0,15.0,2.0,5.0,8.0,0.5,0.8,0.6
1974,2,285.0,-30.0,17.58,17.75,17.92,17.75,2.0,0.35,8.0,0.5,0.5,0.7,17.56,17.9,18.24,17.9,2.0,0.71,8.0,0.5,0.5,0.7,9.71,9.85,9.98,9.85,2.0,0.28,8.0,0.5,0.5,0.7,76.8,77.4,78.1,77.4,2.0,1.3,8.0,0.5,0.7,2.18,2.35,2.52,2.35,2.0,0.35,8.0,0.5,0.5,0.7,0.32,1.0,1.68,1.0,2.0,1.41,8.0,0.5,0.5,0.7,1.74,1.89,2.03,1.89,2.0,0.3,8.0,0.5,0.5,0.7,1013.08,1013.25,1013.42,1013.25,2.0,0.35,8.0,0.5,0.5,0.7,8.0,8.0,8.0,8.0,2.0,0.0,8.0,0.5,0.5,0.7,0.8,2.6,4.4,2.6,2.0,3.7,8.0,0.5,0.5,0.7,4.4,4.4,4.4,4.4,2.0,0.0,8.0,0.5,0.5,0.7,-0.66,-0.15,0.36,-0.15,2.0,1.06,8.0,0.5,0.5,0.7,-1.3,-0.2,1.0,-0.2,2.0,2.4,8.0,0.5,0.5,0.7,2.5,2.77,3.04,2.77,2.0,0.56,8.0,0.5,0.5,0.7,5.5,6.6,7.7,6.6,2.0,2.3,8.0,0.5,0.5,0.7,5.5,17.3,29.2,17.3,2.0,24.5,8.0,0.5,0.5,0.7,30.6,33.9,37.1,33.9,2.0,6.8,8.0,0.5,0.5,0.7,3.1,9.6,16.2,9.6,2.0,13.6,8.0,0.5,0.5,0.7,16.9,18.6,20.3,18.6,2.0,3.5,8.0,0.5,0.5,0.7,1.0,3.2,5.3,3.2,2.0,4.5,8.0,0.5,0.5,0.7,5.0,5.1,5.2,5.1,2.0,0.2,8.0,0.5,0.5,0.7,10.5,13.5,16.5,13.5,2.0,6.0,8.0,0.5,0.5,0.7,10.0,15.0,15.0,15.0,2.0,5.0,8.0,0.5,0.5,0.7
1974,2,285.0,-29.0,17.55,17.65,17.75,17.65,2.0,0.21,8.0,1.0,0.4,0.7,18.9,19.1,19.3,19.1,2.0,0.42,8.0,1.0,0.4,0.7,8.47,9.24,10.01,9.24,2.0,1.59,8.0,1.0,0.4,0.7,61.2,67.7,74.1,67.7,2.0,13.3,8.0,1.0,0.7,1.67,2.05,2.43,2.05,2.0,0.78,8.0,1.0,0.4,0.7,0.0,0.0,0.0,0.0,2.0,0.0,8.0,1.0,0.4,0.7,1.67,2.05,2.43,2.05,2.0,0.78,8.0,1.0,0.4,0.7,1014.31,1014.55,1014.79,1014.55,2.0,0.49,8.0,1.0,0.4,0.7,6.2,6.5,6.8,6.5,2.0,0.7,8.0,1.0,0.4,0.7,0.0,0.0,0.0,0.0,2.0,0.0,8.0,1.0,0.4,0.7,3.0,4.5,6.0,4.5,2.0,3.2,8.0,1.0,0.4,0.7,-1.55,-1.45,-1.35,-1.45,2.0,0.21,8.0,1.0,0.4,0.7,-3.2,-2.9,-2.6,-2.9,2.0,0.7,8.0,1.0,0.4,0.7,2.44,3.28,4.13,3.28,2.0,1.75,8.0,1.0,0.4,0.7,5.5,6.0,6.5,6.0,2.0,1.0,8.0,1.0,0.4,0.7,0.0,0.0,0.0,0.0,2.0,0.0,8.0,1.0,0.4,0.7,32.2,39.0,45.7,39.0,2.0,14.0,8.0,1.0,0.4,0.7,0.0,0.0,0.0,0.0,2.0,0.0,8.0,1.0,0.4,0.7,14.5,19.6,24.6,19.6,2.0,10.4,8.0,1.0,0.4,0.7,0.0,0.0,0.0,0.0,2.0,0.0,8.0,1.0,0.4,0.7,5.5,6.0,6.5,6.0,2.0,1.0,8.0,1.0,0.4,0.7,5.5,10.5,15.5,10.5,2.0,10.0,8.0,1.0,0.4,0.7,5.0,10.0,15.0,10.0,2.0,10.0,8.0,1.0,0.4,0.7
1974,2,285.0,-28.0,17.5,17.5,17.5,17.5,1.0,0.0,8.0,1.0,0.3,0.5,17.7,17.7,17.7,17.7,1.0,0.0,8.0,1.0,0.3,0.5,10.76,10.76,10.76,10.76,1.0,0.0,8.0,1.0,0.3,0.5,85.8,85.8,85.8,85.8,1.0,0.0,8.0,1.0,0.5,2.6,2.6,2.6,2.6,1.0,0.0,8.0,1.0,0.3,0.5,0.0,0.0,0.0,0.0,1.0,0.0,8.0,1.0,0.3,0.5,2.6,2.6,2.6,2.6,1.0,0.0,8.0,1.0,0.3,0.5,1015.0,1015.0,1015.0,1015.0,1.0,0.0,8.0,1.0,0.3,0.5,8.0,8.0,8.0,8.0,1.0,0.0,8.0,1.0,0.3,0.5,0.0,0.0,0.0,0.0,1.0,0.0,8.0,1.0,0.3,0.5,6.8,6.8,6.8,6.8,1.0,0.0,8.0,1.0,0.3,0.5,-0.2,-0.2,-0.2,-0.2,1.0,0.0,8.0,1.0,0.3,0.5,-0.5,-0.5,-0.5,-0.5,1.0,0.0,8.0,1.0,0.3,0.5,1.63,1.63,1.63,1.63,1.0,0.0,8.0,1.0,0.3,0.5,4.2,4.2,4.2,4.2,1.0,0.0,8.0,1.0,0.3,0.5,0.0,0.0,0.0,0.0,1.0,0.0,8.0,1.0,0.3,0.5,46.0,46.0,46.0,46.0,1.0,0.0,8.0,1.0,0.3,0.5,0.0,0.0,0.0,0.0,1.0,0.0,8.0,1.0,0.3,0.5,28.0,28.0,28.0,28.0,1.0,0.0,8.0,1.0,0.3,0.5,0.0,0.0,0.0,0.0,1.0,0.0,8.0,1.0,0.3,0.5,4.2,4.2,4.2,4.2,1.0,0.0,8.0,1.0,0.3,0.5,17.5,17.5,17.5,17.5,1.0,0.0,8.0,1.0,0.3,0.5,20.0,20.0,20.0,20.0,1.0,0.0,8.0,1.0,0.3,0.5
1974,2,285.0,-27.0,18.32,19.0,19.68,19.0,2.0,1.41,8.0,0.5,0.1,0.6,17.73,18.65,19.57,18.65,2.0,1.91,8.0,0.5,0.1,0.6,9.37,9.83,10.29,9.83,2.0,0.95,8.0,0.5,0.1,0.6,66.8,74.5,82.2,74.5,2.0,16.0,8.0,0.5,0.6,2.18,2.35,2.52,2.35,2.0,0.35,8.0,0.5,0.1,0.6,-0.53,-0.13,0.27,-0.13,2.0,0.83,8.0,0.5,0.1,0.6,2.07,2.27,2.47,2.27,2.0,0.42,8.0,0.5,0.1,0.6,1013.33,1013.6,1013.87,1013.6,2.0,0.57,8.0,0.5,0.1,0.6,3.0,5.0,7.0,5.0,2.0,4.2,8.0,0.5,0.1,0.6,-1.1,-0.2,0.7,-0.2,2.0,1.9,8.0,0.5,0.1,0.6,4.5,5.4,6.3,5.4,2.0,1.8,8.0,0.5,0.1,0.6,0.11,0.35,0.59,0.35,2.0,0.49,8.0,0.5,0.1,0.6,0.2,0.7,1.2,0.7,2.0,1.0,8.0,0.5,0.1,0.6,2.8,3.84,4.89,3.84,2.0,2.17,8.0,0.5,0.1,0.6,6.3,9.4,12.5,9.4,2.0,6.5,8.0,0.5,0.1,0.6,-9.0,-1.7,5.6,-1.7,2.0,15.2,8.0,0.5,0.1,0.6,36.8,42.7,48.5,42.7,2.0,12.1,8.0,0.5,0.1,0.6,-5.7,-1.7,2.3,-1.7,2.0,8.3,8.0,0.5,0.1,0.6,21.2,22.1,23.0,22.1,2.0,1.9,8.0,0.5,0.1,0.6,-1.0,0.4,1.8,0.4,2.0,2.9,8.0,0.5,0.1,0.6,6.0,9.2,12.3,9.2,2.0,6.5,8.0,0.5,0.1,0.6,10.5,13.5,16.5,13.5,2.0,6.0,8.0,0.5,0.1,0.6,10.0,15.0,15.0,15.0,2.0,5.0,8.0,0.5,0.1,0.6
1974,2,285.0,-26.0,,,,,,,,,,,,,,,,,,,,,,,,,,,,,,,,,,,,,,,,6.2,6.2,6.2,6.2,1.0,0.0,8.0,0.0,0.5,0.5,3.99,3.99,3.99,3.99,1.0,0.0,8.0,0.0,0.5,0.5,4.75,4.75,4.75,4.75,1.0,0.0,8.0,0.0,0.5,0.5,1014.8,1014.8,1014.8,1014.8,1.0,0.0,8.0,0.0,0.5,0.5,8.0,8.0,8.0,8.0,1.0,0.0,8.0,0.0,0.5,0.5,24.7,24.7,24.7,24.7,1.0,0.0,8.0,0.0,0.5,0.5,29.4,29.4,29.4,29.4,1.0,0.0,8.0,0.0,0.5,0.5,,,,,,,,,,,,,,,,,,,,,,,,,,,,,,,,,,,,,,,,,68.9,68.9,68.9,68.9,1.0,0.0,8.0,0.0,0.5,0.5,82.2,82.2,82.2,82.2,1.0,0.0,8.0,0.0,0.5,0.5,35.7,35.7,35.7,35.7,1.0,0.0,8.0,0.0,0.5,0.5,42.6,42.6,42.6,42.6,1.0,0.0,8.0,0.0,0.5,0.5,,,,,,,,,,,,,,,,,,,,,,,,,,,,,,,,,,,,,,,,
1974,2,285.0,-25.0,19.71,19.95,20.19,19.95,2.0,0.49,22.0,0.5,0.6,0.5,19.03,19.1,19.17,19.1,2.0,0.14,22.0,0.5,0.6,0.5,9.0,9.23,9.47,9.23,2.0,0.49,22.0,0.5,0.6,0.5,66.2,67.5,68.9,67.5,2.0,2.8,22.0,0.5,0.5,5.59,6.65,7.71,6.65,2.0,2.19,22.0,0.5,0.6,0.5,-1.69,-1.58,-1.47,-1.58,2.0,0.23,22.0,0.5,0.6,0.5,5.31,6.43,7.55,6.43,2.0,2.32,22.0,0.5,0.6,0.5,1015.08,1015.9,1016.72,1015.9,2.0,1.7,22.0,0.5,0.6,0.5,8.0,8.0,8.0,8.0,2.0,0.0,22.0,0.5,0.6,0.5,-11.2,-10.3,-9.3,-10.3,2.0,2.0,22.0,0.5,0.6,0.5,31.1,45.3,59.6,45.3,2.0,29.5,22.0,0.5,0.6,0.5,0.54,0.85,1.16,0.85,2.0,0.64,22.0,0.5,0.6,0.5,3.8,5.0,6.1,5.0,2.0,2.4,22.0,0.5,0.6,0.5,4.79,5.23,5.67,5.23,2.0,0.91,22.0,0.5,0.6,0.5,31.2,33.8,36.4,33.8,2.0,5.4,22.0,0.5,0.6,0.5,-32.2,-30.2,-28.3,-30.2,2.0,4.1,22.0,0.5,0.6,0.5,101.2,123.1,144.9,123.1,2.0,45.2,22.0,0.5,0.6,0.5,-15.2,-14.6,-13.9,-14.6,2.0,1.3,22.0,0.5,0.6,0.5,48.1,60.0,71.8,60.0,2.0,24.6,22.0,0.5,0.6,0.5,-9.7,-8.4,-7.1,-8.4,2.0,2.6,22.0,0.5,0.6,0.5,29.5,32.6,35.6,32.6,2.0,6.3,22.0,0.5,0.6,0.5,199.0,342.0,485.0,342.0,2.0,296.0,22.0,0.5,0.6,0.5,200.0,340.0,485.0,340.0,2.0,295.0,22.0,0.5,0.6,0.5
1974,2,285.0,-24.0,21.3,21.3,21.3,21.3,1.0,0.0,16.0,1.0,0.8,0.2,21.2,21.2,21.2,21.2,1.0,0.0,16.0,1.0,0.8,0.2,9.07,9.07,9.07,9.07,1.0,0.0,16.0,1.0,0.8,0.2,58.3,58.3,58.3,58.3,1.0,0.0,16.0,1.0,0.2,7.7,7.7,7.7,7.7,1.0,0.0,16.0,1.0,0.8,0.2,-2.63,-2.63,-2.63,-2.63,1.0,0.0,16.0,1.0,0.8,0.2,7.24,7.24,7.24,7.24,1.0,0.0,16.0,1.0,0.8,0.2,1016.1,1016.1,1016.1,1016.1,1.0,0.0,16.0,1.0,0.8,0.2,2.0,2.0,2.0,2.0,1.0,0.0,16.0,1.0,0.8,0.2,-20.3,-20.3,-20.3,-20.3,1.0,0.0,16.0,1.0,0.8,0.2,55.7,55.7,55.7,55.7,1.0,0.0,16.0,1.0,0.8,0.2,0.1,0.1,0.1,0.1,1.0,0.0,16.0,1.0,0.8,0.2,0.8,0.8,0.8,0.8,1.0,0.0,16.0,1.0,0.8,0.2,6.65,6.65,6.65,6.65,1.0,0.0,16.0,1.0,0.8,0.2,51.2,51.2,51.2,51.2,1.0,0.0,16.0,1.0,0.8,0.2,-55.8,-55.8,-55.8,-55.8,1.0,0.0,16.0,1.0,0.8,0.2,153.4,153.4,153.4,153.4,1.0,0.0,16.0,1.0,0.8,0.2,-23.9,-23.9,-23.9,-23.9,1.0,0.0,16.0,1.0,0.8,0.2,65.7,65.7,65.7,65.7,1.0,0.0,16.0,1.0,0.8,0.2,-17.5,-17.5,-17.5,-17.5,1.0,0.0,16.0,1.0,0.8,0.2,48.1,48.1,48.1,48.1,1.0,0.0,16.0,1.0,0.8,0.2,456.5,456.5,456.5,456.5,1.0,0.0,16.0,1.0,0.8,0.2,455.0,455.0,455.0,455.0,1.0,0.0,16.0,1.0,0.8,0.2
1974,2,285.0,-23.0,21.0,21.0,21.0,21.0,1.0,0.0,16.0,1.0,0.5,0.1,19.9,19.9,19.9,19.9,1.0,0.0,16.0,1.0,0.5,0.1,8.49,8.49,8.49,8.49,1.0,0.0,16.0,1.0,0.5,0.1,59.2,59.2,59.2,59.2,1.0,0.0,16.0,1.0,0.1,0.0,0.0,0.0,0.0,1.0,0.0,16.0,1.0,0.5,0.1,0.0,0.0,0.0,0.0,1.0,0.0,16.0,1.0,0.5,0.1,0.0,0.0,0.0,0.0,1.0,0.0,16.0,1.0,0.5,0.1,1016.9,1016.9,1016.9,1016.9,1.0,0.0,16.0,1.0,0.5,0.1,8.0,8.0,8.0,8.0,1.0,0.0,16.0,1.0,0.5,0.1,0.0,0.0,0.0,0.0,1.0,0.0,16.0,1.0,0.5,0.1,0.0,0.0,0.0,0.0,1.0,0.0,16.0,1.0,0.5,0.1,1.1,1.1,1.1,1.1,1.0,0.0,16.0,1.0,0.5,0.1,0.0,0.0,0.0,0.0,1.0,0.0,16.0,1.0,0.5,0.1,6.93,6.93,6.93,6.93,1.0,0.0,16.0,1.0,0.5,0.1,0.0,0.0,0.0,0.0,1.0,0.0,16.0,1.0,0.5,0.1,0.0,0.0,0.0,0.0,1.0,0.0,16.0,1.0,0.5,0.1,0.0,0.0,0.0,0.0,1.0,0.0,16.0,1.0,0.5,0.1,0.0,0.0,0.0,0.0,1.0,0.0,16.0,1.0,0.5,0.1,0.0,0.0,0.0,0.0,1.0,0.0,16.0,1.0,0.5,0.1,0.0,0.0,0.0,0.0,1.0,0.0,16.0,1.0,0.5,0.1,0.0,0.0,0.0,0.0,1.0,0.0,16.0,1.0,0.5,0.1,0.0,0.0,0.0,0.0,1.0,0.0,16.0,1.0,0.5,0.1,0.0,0.0,0.0,0.0,1.0,0.0,16.0,1.0,0.5,0.1
1974,2,285.0,-21.0,21.0,21.0,21.0,21.0,1.0,0.0,20.0,1.0,0.7,0.1,24.7,24.7,24.7,24.7,1.0,0.0,20.0,1.0,0.7,0.1,14.99,14.99,14.99,14.99,1.0,0.0,20.0,1.0,0.7,0.1,77.5,77.5,77.5,77.5,1.0,0.0,20.0,1.0,0.1,6.7,6.7,6.7,6.7,1.0,0.0,20.0,1.0,0.7,0.1,-2.29,-2.29,-2.29,-2.29,1.0,0.0,20.0,1.0,0.7,0.1,6.3,6.3,6.3,6.3,1.0,0.0,20.0,1.0,0.7,0.1,1013.8,1013.8,1013.8,1013.8,1.0,0.0,20.0,1.0,0.7,0.1,7.0,7.0,7.0,7.0,1.0,0.0,20.0,1.0,0.7,0.1,-15.4,-15.4,-15.4,-15.4,1.0,0.0,20.0,1.0,0.7,0.1,42.2,42.2,42.2,42.2,1.0,0.0,20.0,1.0,0.7,0.1,-3.7,-3.7,-3.7,-3.7,1.0,0.0,20.0,1.0,0.7,0.1,-24.8,-24.8,-24.8,-24.8,1.0,0.0,20.0,1.0,0.7,0.1,0.47,0.47,0.47,0.47,1.0,0.0,20.0,1.0,0.7,0.1,3.2,3.2,3.2,3.2,1.0,0.0,20.0,1.0,0.7,0.1,-56.6,-56.6,-56.6,-56.6,1.0,0.0,20.0,1.0,0.7,0.1,155.5,155.5,155.5,155.5,1.0,0.0,20.0,1.0,0.7,0.1,-34.4,-34.4,-34.4,-34.4,1.0,0.0,20.0,1.0,0.7,0.1,94.4,94.4,94.4,94.4,1.0,0.0,20.0,1.0,0.7,0.1,-1.1,-1.1,-1.1,-1.1,1.0,0.0,20.0,1.0,0.7,0.1,3.0,3.0,3.0,3.0,1.0,0.0,20.0,1.0,0.7,0.1,301.0,301.0,301.0,301.0,1.0,0.0,20.0,1.0,0.7,0.1,300.0,300.0,300.0,300.0,1.0,0.0,20.0,1.0,0.7,0.1
1974,2,285.0,-19.0,24.0,24.0,24.0,24.0,1.0,0.0,18.0,0.0,1.0,0.8,22.5,22.5,22.5,22.5,1.0,0.0,18.0,0.0,1.0,0.8,13.1,13.1,13.1,13.1,1.0,0.0,18.0,0.0,1.0,0.8,77.1,77.1,77.1,77.1,1.0,0.0,18.0,0.0,0.8,4.1,4.1,4.1,4.1,1.0,0.0,18.0,0.0,1.0,0.8,-2.05,-2.05,-2.05,-2.05,1.0,0.0,18.0,0.0,1.0,0.8,3.55,3.55,3.55,3.55,1.0,0.0,18.0,0.0,1.0,0.8,1010.8,1010.8,1010.8,1010.8,1.0,0.0,18.0,0.0,1.0,0.8,7.0,7.0,7.0,7.0,1.0,0.0,18.0,0.0,1.0,0.8,-8.4,-8.4,-8.4,-8.4,1.0,0.0,18.0,0.0,1.0,0.8,14.6,14.6,14.6,14.6,1.0,0.0,18.0,0.0,1.0,0.8,1.5,1.5,1.5,1.5,1.0,0.0,18.0,0.0,1.0,0.8,6.2,6.2,6.2,6.2,1.0,0.0,18.0,0.0,1.0,0.8,5.56,5.56,5.56,5.56,1.0,0.0,18.0,0.0,1.0,0.8,22.8,22.8,22.8,22.8,1.0,0.0,18.0,0.0,1.0,0.8,-46.1,-46.1,-46.1,-46.1,1.0,0.0,18.0,0.0,1.0,0.8,79.9,79.9,79.9,79.9,1.0,0.0,18.0,0.0,1.0,0.8,-26.8,-26.8,-26.8,-26.8,1.0,0.0,18.0,0.0,1.0,0.8,46.5,46.5,46.5,46.5,1.0,0.0,18.0,0.0,1.0,0.8,-11.4,-11.4,-11.4,-11.4,1.0,0.0,18.0,0.0,1.0,0.8,19.7,19.7,19.7,19.7,1.0,0.0,18.0,0.0,1.0,0.8,69.0,69.0,69.0,69.0,1.0,0.0,18.0,0.0,1.0,0.8,70.0,70.0,70.0,70.0,1.0,0.0,18.0,0.0,1.0,0.8
1974,2,285.0,-18.0,23.95,24.1,24.2,24.08,4.0,0.15,22.0,0.3,0.5,0.5,23.0,23.1,23.25,23.13,4.0,0.15,22.0,0.3,0.5,0.5,13.42,14.0,14.73,14.07,4.0,0.77,22.0,0.3,0.5,0.5,76.3,78.7,83.3,79.8,4.0,4.4,22.0,0.3,0.5,4.34,5.95,6.46,5.43,4.0,1.6,22.0,0.3,0.5,0.5,-3.51,-3.22,-2.29,-2.92,4.0,0.94,22.0,0.3,0.5,0.5,3.49,4.87,5.6,4.56,4.0,1.38,22.0,0.3,0.5,0.5,1010.6,1010.75,1011.37,1010.98,4.0,0.57,22.0,0.3,0.5,0.5,4.4,7.5,8.0,6.3,4.0,2.9,22.0,0.3,0.5,0.5,-21.7,-20.1,-11.7,-16.8,4.0,8.1,22.0,0.3,0.5,0.5,16.2,29.1,36.2,26.3,4.0,13.3,22.0,0.3,0.5,0.5,0.79,1.0,1.1,0.95,4.0,0.25,22.0,0.3,0.5,0.5,3.4,4.7,6.9,5.1,4.0,2.2,22.0,0.3,0.5,0.5,3.99,4.68,5.33,4.66,4.0,0.77,22.0,0.3,0.5,0.5,20.6,25.8,28.6,24.6,4.0,5.9,22.0,0.3,0.5,0.5,-81.2,-74.6,-53.1,-67.5,4.0,21.9,22.0,0.3,0.5,0.5,80.6,113.2,129.5,105.4,4.0,32.1,22.0,0.3,0.5,0.5,-49.8,-47.2,-32.2,-41.3,4.0,13.9,22.0,0.3,0.5,0.5,46.9,68.4,82.5,64.8,4.0,22.5,22.0,0.3,0.5,0.5,-16.6,-12.9,-10.3,-13.4,4.0,4.7,22.0,0.3,0.5,0.5,17.8,22.3,23.2,20.6,4.0,4.3,22.0,0.3,0.5,0.5,104.0,212.0,271.0,188.5,4.0,116.0,22.0,0.3,0.5,0.5,105.0,210.0,270.0,190.0,4.0,115.0,22.0,0.3,0.5,0.5
1974,2,285.0,-17.0,21.93,22.1,22.79,22.4,5.0,0.9,26.0,0.4,0.4,0.7,23.13,23.6,23.74,23.46,5.0,0.34,26.0,0.4,0.4,0.7,14.16,14.94,15.26,14.77,5.0,0.64,26.0,0.4,0.4,0.7,79.5,82.3,84.5,82.0,5.0,2.8,26.0,0.4,0.7,3.73,5.1,7.38,5.44,5.0,1.97,26.0,0.4,0.4,0.7,-5.66,-3.91,-3.39,-4.39,5.0,1.24,26.0,0.4,0.4,0.7,1.3,3.28,4.75,2.98,5.0,2.03,26.0,0.4,0.4,0.7,1010.0,1010.4,1010.68,1010.38,5.0,0.41,26.0,0.4,0.4,0.7,4.0,4.0,6.0,4.8,5.0,1.1,26.0,0.4,0.4,0.7,-41.8,-19.9,-12.8,-25.8,5.0,15.8,26.0,0.4,0.4,0.7,5.3,16.7,35.1,19.3,5.0,16.2,26.0,0.4,0.4,0.7,-1.71,-1.1,-0.5,-1.06,5.0,0.81,26.0,0.4,0.4,0.7,-9.6,-7.8,-1.4,-5.9,5.0,5.0,26.0,0.4,0.4,0.7,1.52,2.29,2.74,2.17,5.0,0.71,26.0,0.4,0.4,0.7,6.9,12.8,15.9,11.6,5.0,4.9,26.0,0.4,0.4,0.7,-132.6,-93.0,-79.5,-103.1,5.0,28.9,26.0,0.4,0.4,0.7,30.8,78.0,111.3,70.1,5.0,47.4,26.0,0.4,0.4,0.7,-82.0,-61.0,-49.8,-64.9,5.0,18.2,26.0,0.4,0.4,0.7,19.6,51.2,68.8,44.4,5.0,29.7,26.0,0.4,0.4,0.7,-12.2,-9.8,-6.7,-9.4,5.0,3.3,26.0,0.4,0.4,0.7,1.6,8.2,10.2,6.3,5.0,4.7,26.0,0.4,0.4,0.7,54.5,132.5,403.5,212.0,5.0,191.0,26.0,0.4,0.4,0.7,55.0,135.0,405.0,210.0,5.0,190.0,26.0,0.4,0.4,0.7
1974,2,285.0,-16.0,15.69,16.75,17.81,16.75,2.0,2.19,26.0,0.5,0.3,0.3,19.48,19.65,19.82,19.65,2.0,0.35,26.0,0.5,0.3,0.3,11.11,11.76,12.4,11.76,2.0,1.33,26.0,0.5,0.3,0.3,78.8,82.4,86.0,82.4,2.0,7.5,26.0,0.5,0.3,4.25,5.65,7.05,5.65,2.0,2.9,26.0,0.5,0.3,0.3,-5.4,-4.33,-3.26,-4.33,2.0,2.22,26.0,0.5,0.3,0.3,2.73,3.63,4.53,3.63,2.0,1.86,26.0,0.5,0.3,0.3,1010.06,1010.2,1010.34,1010.2,2.0,0.28,26.0,0.5,0.3,0.3,4.2,4.5,4.8,4.5,2.0,0.7,26.0,0.5,0.3,0.3,-39.8,-27.7,-15.6,-27.7,2.0,25.1,26.0,0.5,0.3,0.3,13.1,23.2,33.4,23.2,2.0,21.1,26.0,0.5,0.3,0.3,-3.79,-2.9,-2.01,-2.9,2.0,1.84,26.0,0.5,0.3,0.3,-28.1,-19.0,-10.0,-19.0,2.0,18.8,26.0,0.5,0.3,0.3,0.01,0.17,0.33,0.17,2.0,0.34,26.0,0.5,0.3,0.3,-0.2,0.5,1.2,0.5,2.0,1.4,26.0,0.5,0.3,0.3,-105.0,-84.7,-64.3,-84.7,2.0,42.1,26.0,0.5,0.3,0.3,54.0,71.0,88.1,71.0,2.0,35.3,26.0,0.5,0.3,0.3,-59.2,-49.4,-39.6,-49.4,2.0,20.3,26.0,0.5,0.3,0.3,33.2,41.5,49.7,41.5,2.0,17.1,26.0,0.5,0.3,0.3,-0.9,-0.4,0.2,-0.4,2.0,1.1,26.0,0.5,0.3,0.3,-0.1,0.3,0.7,0.3,2.0,0.9,26.0,0.5,0.3,0.3,111.5,251.5,391.5,251.5,2.0,290.0,26.0,0.5,0.3,0.3,110.0,250.0,390.0,250.0,2.0,290.0,26.0,0.5,0.3,0.3
1974,2,285.0,11.0,24.4,25.05,27.49,25.67,20.0,1.65,14.0,0.5,0.5,0.6,24.43,25.0,26.4,25.32,22.0,1.16,14.0,0.5,0.5,0.6,16.18,16.62,17.19,16.61,21.0,0.55,14.0,0.5,0.5,0.6,78.3,82.9,87.9,82.4,21.0,5.3,14.0,0.5,0.6,7.7,10.8,14.9,11.0,22.0,3.11,14.0,0.5,0.5,0.6,-11.8,-8.8,-6.67,-8.47,22.0,3.35,14.0,0.5,0.5,0.6,-9.9,-6.06,-3.51,-6.12,22.0,3.27,14.0,0.5,0.5,0.6,1007.03,1009.65,1012.07,1009.73,22.0,2.27,14.0,0.5,0.5,0.6,0.0,2.0,2.0,1.7,20.0,1.7,14.0,0.6,0.4,0.6,-173.3,-95.9,-52.8,-101.1,22.0,58.5,14.0,0.5,0.5,0.6,-151.0,-57.6,-29.6,-74.6,22.0,54.8,14.0,0.5,0.5,0.6,-0.9,0.25,2.39,0.42,20.0,1.43,14.0,0.5,0.5,0.6,-7.7,2.1,18.1,4.6,20.0,17.4,14.0,0.5,0.5,0.6,2.41,3.62,6.16,4.16,19.0,2.13,16.0,0.5,0.5,0.6,26.0,35.3,67.5,45.4,19.0,29.0,16.0,0.5,0.5,0.6,-291.0,-219.9,-170.2,-213.2,22.0,84.0,14.0,0.5,0.5,0.6,-246.5,-155.5,-88.5,-154.5,22.0,81.8,14.0,0.5,0.5,0.6,-195.3,-141.3,-110.4,-139.5,21.0,57.0,14.0,0.5,0.5,0.6,-165.4,-101.9,-63.4,-103.4,21.0,53.7,14.0,0.5,0.5,0.6,-50.0,-30.6,-12.1,-32.4,19.0,24.6,16.0,0.5,0.5,0.6,-51.6,-17.7,-9.0,-26.7,19.0,23.5,16.0,0.5,0.5,0.6,456.5,1259.5,3330.5,1644.0,22.0,1325.5,14.0,0.5,0.5,0.6,455.0,1260.0,3330.0,1645.0,22.0,1325.0,14.0,0.5,0.5,0.6
1974,2,285.0,12.0,25.0,25.8,26.73,25.8,9.0,0.9,14.0,0.3,0.5,0.5,25.0,25.35,26.49,25.82,10.0,1.29,14.0,0.4,0.5,0.5,16.48,16.9,18.06,17.17,9.0,0.84,14.0,0.3,0.5,0.5,80.1,83.9,87.6,84.6,9.0,4.8,14.0,0.3,0.5,7.91,9.3,11.3,9.26,10.0,1.93,14.0,0.4,0.5,0.5,-10.26,-8.62,-6.47,-8.27,10.0,2.02,14.0,0.4,0.5,0.5,-5.84,-3.61,-1.51,-3.54,10.0,2.24,14.0,0.4,0.5,0.5,1011.3,1012.2,1013.37,1012.18,10.0,1.54,14.0,0.4,0.5,0.5,0.0,1.0,1.6,1.0,10.0,1.2,14.0,0.4,0.5,0.5,-116.0,-75.7,-57.2,-79.6,10.0,31.6,14.0,0.4,0.5,0.5,-60.3,-38.3,-12.2,-34.6,10.0,23.7,14.0,0.4,0.5,0.5,-0.57,0.2,1.09,0.33,9.0,1.0,14.0,0.3,0.5,0.5,-5.4,1.9,10.3,2.7,9.0,7.9,14.0,0.3,0.5,0.5,2.93,3.65,4.62,3.62,9.0,1.52,14.0,0.3,0.5,0.5,28.2,32.8,44.3,33.0,9.0,13.1,14.0,0.3,0.5,0.5,-265.5,-225.1,-163.5,-214.0,10.0,54.7,14.0,0.4,0.5,0.5,-149.9,-90.5,-42.0,-90.5,10.0,55.8,14.0,0.4,0.5,0.5,-176.3,-144.3,-105.1,-140.7,9.0,38.4,14.0,0.3,0.5,0.5,-97.5,-65.6,-29.6,-63.5,9.0,37.9,14.0,0.3,0.5,0.5,-41.6,-28.4,-20.3,-28.9,9.0,12.6,14.0,0.3,0.5,0.5,-20.1,-15.5,-7.4,-14.4,9.0,7.7,14.0,0.3,0.5,0.5,497.0,804.5,1443.0,882.5,10.0,449.5,14.0,0.4,0.5,0.5,495.0,805.0,1445.0,880.0,10.0,450.0,14.0,0.4,0.5,0.5
1974,2,285.0,13.0,25.07,26.0,26.7,25.81,21.0,0.91,16.0,0.7,0.6,0.5,25.37,25.9,26.7,26.0,22.0,1.05,18.0,0.6,0.5,0.5,15.96,17.1,17.93,17.18,20.0,1.44,18.0,0.6,0.5,0.5,75.4,80.2,88.1,81.7,20.0,6.7,18.0,0.6,0.5,6.7,9.0,13.9,9.85,24.0,3.68,18.0,0.6,0.5,0.5,-12.57,-8.7,-6.08,-8.94,24.0,3.32,18.0,0.6,0.5,0.5,-6.14,-3.01,0.0,-3.33,24.0,2.96,18.0,0.6,0.5,0.5,1011.0,1012.9,1014.0,1012.73,24.0,1.88,18.0,0.6,0.5,0.5,2.0,3.0,5.0,3.5,21.0,1.5,18.0,0.6,0.5,0.5,-161.9,-75.7,-42.3,-99.4,24.0,70.9,18.0,0.6,0.5,0.5,-72.1,-24.2,0.0,-39.2,24.0,44.9,18.0,0.6,0.5,0.5,-1.4,0.0,1.0,-0.28,20.0,1.35,16.0,0.7,0.5,0.5,-19.3,0.0,11.8,-3.4,20.0,13.6,16.0,0.7,0.5,0.5,1.9,3.68,4.77,3.44,18.0,1.76,18.0,0.7,0.5,0.5,17.5,26.8,61.1,36.6,18.0,30.4,18.0,0.7,0.5,0.5,-327.9,-230.2,-159.2,-232.9,22.0,88.5,18.0,0.6,0.5,0.5,-164.5,-82.2,0.0,-90.6,22.0,78.7,18.0,0.6,0.5,0.5,-222.1,-147.5,-112.6,-159.5,20.0,58.9,18.0,0.6,0.5,0.5,-103.1,-57.5,0.0,-60.9,20.0,52.1,18.0,0.6,0.5,0.5,-50.4,-24.8,-16.4,-32.3,18.0,25.9,18.0,0.7,0.5,0.5,-33.2,-5.9,0.0,-14.9,18.0,18.3,18.0,0.7,0.5,0.5,301.0,731.5,2685.5,1359.0,24.0,1437.5,18.0,0.6,0.5,0.5,300.0,730.0,2685.0,1360.0,24.0,1440.0,18.0,0.6,0.5,0.5
1974,2,285.0,14.0,25.3,25.95,27.18,26.23,4.0,1.2,14.0,0.8,0.6,0.2,25.37,26.2,28.06,26.6,5.0,1.52,14.0,0.6,0.7,0.4,15.47,16.27,17.26,16.39,5.0,1.43,14.0,0.6,0.7,0.4,69.2,76.6,81.3,75.6,5.0,6.5,14.0,0.6,0.4,5.8,9.3,12.16,9.26,5.0,4.05,14.0,0.6,0.7,0.4,-11.29,-8.05,-5.07,-8.35,5.0,4.5,14.0,0.6,0.7,0.4,-4.83,-3.91,-0.68,-2.96,5.0,2.28,14.0,0.6,0.7,0.4,1012.28,1013.1,1015.71,1013.86,5.0,1.97,14.0,0.6,0.7,0.4,0.6,2.0,2.7,1.8,5.0,1.5,14.0,0.6,0.7,0.4,-144.9,-74.9,-30.1,-91.7,5.0,86.5,14.0,0.6,0.7,0.4,-46.8,-19.9,-4.2,-24.6,5.0,22.9,14.0,0.6,0.7,0.4,-1.43,-0.65,-0.24,-0.82,4.0,0.85,14.0,0.8,0.6,0.2,-18.5,-4.8,-2.2,-10.1,4.0,14.0,14.0,0.8,0.6,0.2,3.28,4.53,6.5,4.87,4.0,1.99,14.0,0.8,0.6,0.2,33.6,36.0,42.4,37.9,4.0,6.2,14.0,0.8,0.6,0.2,-300.7,-207.0,-134.8,-223.6,5.0,130.6,14.0,0.6,0.7,0.4,-122.5,-108.6,-17.9,-76.8,5.0,58.5,14.0,0.6,0.7,0.4,-196.9,-132.6,-76.0,-141.3,5.0,89.3,14.0,0.6,0.7,0.4,-79.2,-62.2,-10.0,-47.7,5.0,37.5,14.0,0.6,0.7,0.4,-40.5,-31.1,-26.3,-33.3,4.0,9.7,14.0,0.8,0.6,0.2,-23.0,-11.2,-2.8,-12.8,4.0,12.7,14.0,0.8,0.6,0.2,199.5,804.5,2027.5,1184.0,5.0,1435.5,14.0,0.6,0.7,0.4,200.0,805.0,2025.0,1185.0,5.0,1435.0,14.0,0.6,0.7,0.4
1974,2,285.0,15.0,26.44,26.7,26.96,26.7,4.0,0.41,12.0,0.5,0.6,0.4,25.49,25.95,26.73,26.1,4.0,0.88,12.0,0.5,0.6,0.4,16.61,17.14,17.86,17.23,4.0,0.88,12.0,0.5,0.6,0.4,78.8,81.7,84.7,81.8,4.0,4.4,12.0,0.5,0.4,8.18,10.5,12.88,10.53,4.0,2.75,12.0,0.5,0.6,0.4,-12.68,-10.34,-4.08,-8.47,4.0,5.98,12.0,0.5,0.6,0.4,-5.05,-0.31,1.94,-1.5,4.0,4.57,12.0,0.5,0.6,0.4,1012.68,1013.2,1013.25,1012.98,4.0,0.52,12.0,0.5,0.6,0.4,3.5,4.0,5.0,4.3,4.0,1.3,12.0,0.5,0.6,0.4,-163.6,-111.8,-35.5,-100.1,4.0,79.5,12.0,0.5,0.6,0.4,-43.6,-6.6,22.6,-10.3,4.0,40.5,12.0,0.5,0.6,0.4,0.14,0.5,1.07,0.6,4.0,0.67,12.0,0.5,0.6,0.4,1.0,5.4,9.6,5.3,4.0,5.5,12.0,0.5,0.6,0.4,3.88,4.77,5.46,4.67,4.0,0.96,12.0,0.5,0.6,0.4,40.1,43.3,57.6,48.6,4.0,14.9,12.0,0.5,0.6,0.4,-339.3,-268.6,-105.2,-224.4,4.0,160.5,12.0,0.5,0.6,0.4,-128.2,-8.4,51.8,-36.8,4.0,116.7,12.0,0.5,0.6,0.4,-225.6,-184.1,-69.3,-149.1,4.0,106.3,12.0,0.5,0.6,0.4,-84.3,-6.8,33.3,-24.6,4.0,75.4,12.0,0.5,0.6,0.4,-56.7,-39.6,-17.5,-37.2,4.0,28.6,12.0,0.5,0.6,0.4,-26.3,-0.5,9.5,-8.0,4.0,25.0,12.0,0.5,0.6,0.4,552.5,1259.5,2146.5,1345.5,4.0,940.5,12.0,0.5,0.6,0.4,555.0,1260.0,2145.0,1345.0,4.0,940.0,12.0,0.5,0.6,0.4
1974,2,285.0,16.0,26.28,26.7,27.28,26.78,4.0,0.78,16.0,0.3,0.4,0.5,24.95,25.55,26.1,25.53,4.0,0.67,16.0,0.3,0.4,0.5,14.94,15.0,15.97,15.43,4.0,0.94,16.0,0.3,0.4,0.5,73.4,76.1,78.4,75.9,4.0,3.6,16.0,0.3,0.5,4.42,4.6,9.98,6.68,5.0,3.09,18.0,0.2,0.4,0.5,-6.68,-4.32,-3.83,-5.33,5.0,2.81,18.0,0.2,0.4,0.5,-4.36,0.0,0.0,-2.16,5.0,4.0,18.0,0.2,0.4,0.5,1013.48,1014.05,1014.68,1014.08,4.0,0.9,16.0,0.3,0.4,0.5,0.6,1.0,3.0,1.6,5.0,1.3,18.0,0.2,0.4,0.5,-59.6,-21.2,-18.8,-39.4,5.0,37.8,18.0,0.2,0.4,0.5,-37.6,0.0,0.0,-19.5,5.0,39.7,18.0,0.2,0.4,0.5,0.6,0.75,1.95,1.25,4.0,1.11,16.0,0.3,0.4,0.5,3.4,5.2,9.2,6.2,4.0,4.0,16.0,0.3,0.4,0.5,5.46,6.43,7.67,6.56,4.0,1.43,16.0,0.3,0.4,0.5,25.1,30.9,53.6,39.0,4.0,21.9,16.0,0.3,0.4,0.5,-198.0,-114.1,-104.9,-149.8,4.0,79.7,16.0,0.3,0.4,0.5,-20.6,0.0,0.0,-9.8,4.0,19.7,16.0,0.3,0.4,0.5,-117.8,-70.9,-62.9,-89.5,4.0,43.9,16.0,0.3,0.4,0.5,-12.3,0.0,0.0,-5.9,4.0,11.7,16.0,0.3,0.4,0.5,-53.6,-30.0,-24.3,-38.5,4.0,22.2,16.0,0.3,0.4,0.5,-4.9,0.0,0.0,-2.3,4.0,4.7,16.0,0.3,0.4,0.5,87.0,97.5,996.5,459.5,5.0,512.0,18.0,0.2,0.4,0.5,85.0,95.0,995.0,460.0,5.0,510.0,18.0,0.2,0.4,0.5
1974,2,285.0,17.0,25.53,27.0,27.43,26.6,15.0,1.0,14.0,0.7,0.6,0.6,24.88,25.7,27.42,25.75,16.0,1.48,14.0,0.6,0.6,0.6,15.26,15.95,17.48,16.13,15.0,1.37,14.0,0.7,0.6,0.6,75.9,78.1,84.8,79.2,16.0,7.7,14.0,0.6,0.6,4.32,6.2,8.09,6.51,15.0,2.52,14.0,0.7,0.6,0.6,-7.99,-4.79,-2.85,-5.65,15.0,2.49,14.0,0.7,0.6,0.6,-3.99,-1.42,1.23,-1.31,15.0,3.07,14.0,0.7,0.6,0.6,1014.16,1016.3,1017.93,1016.21,15.0,2.01,14.0,0.7,0.6,0.6,1.0,3.0,5.2,3.1,16.0,2.2,14.0,0.6,0.6,0.6,-64.7,-29.4,-13.8,-42.2,15.0,33.1,14.0,0.7,0.6,0.6,-24.2,-8.9,8.7,-11.5,15.0,28.0,14.0,0.7,0.6,0.6,-0.56,1.0,2.08,0.87,15.0,1.3,14.0,0.7,0.6,0.6,-1.8,5.6,15.2,6.0,15.0,9.8,14.0,0.7,0.6,0.6,3.49,6.1,6.97,5.61,15.0,1.82,14.0,0.7,0.6,0.6,19.5,34.5,51.0,34.4,15.0,12.9,14.0,0.7,0.6,0.6,-206.1,-130.6,-73.9,-144.2,15.0,61.2,14.0,0.7,0.6,0.6,-105.3,-37.0,31.7,-30.5,15.0,76.4,14.0,0.7,0.6,0.6,-129.1,-73.4,-45.7,-91.6,15.0,42.0,14.0,0.7,0.6,0.6,-59.4,-22.9,21.5,-18.5,15.0,50.4,14.0,0.7,0.6,0.6,-39.3,-28.3,-16.0,-29.6,15.0,12.6,14.0,0.7,0.6,0.6,-28.5,-5.9,6.3,-8.8,15.0,16.1,14.0,0.7,0.6,0.6,83.0,238.5,530.5,401.0,15.0,485.5,14.0,0.7,0.6,0.6,85.0,240.0,530.0,400.0,15.0,485.0,14.0,0.7,0.6,0.6
1974,2,285.0,18.0,25.07,25.75,27.63,26.29,22.0,1.35,14.0,0.4,0.4,0.5,24.5,25.2,27.0,25.63,23.0,1.13,16.0,0.4,0.4,0.5,13.65,15.05,16.44,15.15,19.0,1.5,14.0,0.3,0.4,0.5,65.6,76.5,82.9,76.0,20.0,10.4,14.0,0.4,0.5,0.87,4.85,8.2,5.1,22.0,3.26,14.0,0.4,0.4,0.5,-6.41,-3.69,0.0,-3.62,22.0,3.22,14.0,0.4,0.4,0.5,-4.06,-2.42,0.0,-2.03,22.0,3.07,14.0,0.4,0.4,0.5,1013.63,1015.5,1017.63,1015.57,22.0,1.85,14.0,0.4,0.4,0.5,0.0,2.0,4.7,2.5,22.0,2.3,16.0,0.5,0.4,0.5,-49.4,-16.4,0.0,-26.5,22.0,32.6,14.0,0.4,0.4,0.5,-28.0,-14.7,0.0,-13.8,22.0,23.1,14.0,0.4,0.4,0.5,-0.63,0.55,2.03,0.72,22.0,1.6,14.0,0.4,0.4,0.5,-2.1,0.4,8.9,2.8,22.0,8.5,14.0,0.4,0.4,0.5,4.33,6.76,7.77,6.29,19.0,1.75,14.0,0.3,0.4,0.5,0.0,27.7,49.7,29.5,19.0,24.3,14.0,0.3,0.4,0.5,-163.3,-90.9,0.0,-92.5,22.0,82.7,14.0,0.4,0.4,0.5,-108.7,-62.6,0.0,-52.4,22.0,80.1,14.0,0.4,0.4,0.5,-103.7,-52.1,0.0,-51.0,19.0,45.3,14.0,0.3,0.4,0.5,-63.7,-43.8,3.1,-26.6,19.0,44.4,14.0,0.3,0.4,0.5,-33.3,-17.6,0.0,-20.9,19.0,21.5,14.0,0.3,0.4,0.5,-29.1,-14.5,0.9,-14.6,19.0,18.9,14.0,0.3,0.4,0.5,6.0,115.0,551.5,284.5,22.0,355.0,14.0,0.4,0.4,0.5,5.0,115.0,550.0,285.0,22.0,355.0,14.0,0.4,0.4,0.5
1974,2,285.0,19.0,25.0,26.0,27.3,26.15,62.0,1.32,14.0,0.4,0.6,0.6,24.0,25.0,26.45,25.1,65.0,1.34,14.0,0.4,0.6,0.6,13.88,15.07,16.47,15.26,47.0,1.86,14.0,0.3,0.6,0.5,69.8,78.0,85.1,77.5,50.0,8.4,14.0,0.4,0.5,2.6,6.2,10.05,6.12,63.0,3.39,14.0,0.4,0.5,0.6,-7.21,-4.1,0.0,-3.61,63.0,3.76,14.0,0.4,0.5,0.6,-6.32,-3.6,0.0,-3.32,63.0,3.32,14.0,0.4,0.5,0.6,1013.5,1016.0,1017.82,1015.7,63.0,2.12,14.0,0.3,0.6,0.6,0.0,2.0,6.0,2.6,67.0,2.5,14.0,0.4,0.6,0.6,-69.1,-18.3,0.0,-31.4,63.0,35.4,14.0,0.4,0.5,0.6,-58.9,-25.9,0.0,-27.9,63.0,32.4,14.0,0.4,0.5,0.6,0.0,1.0,2.3,0.97,60.0,1.73,14.0,0.4,0.6,0.6,0.0,4.7,17.6,6.4,56.0,13.7,14.0,0.4,0.6,0.6,4.01,5.4,8.42,5.93,46.0,2.23,14.0,0.3,0.6,0.5,6.3,32.1,59.9,34.8,42.0,28.1,14.0,0.3,0.6,0.6,-177.0,-100.0,0.0,-89.9,61.0,91.6,14.0,0.4,0.6,0.6,-170.1,-94.7,0.0,-85.2,61.0,80.2,14.0,0.4,0.6,0.6,-112.0,-57.1,0.0,-54.0,43.0,54.4,14.0,0.3,0.6,0.6,-92.1,-55.8,0.0,-46.7,43.0,49.9,14.0,0.3,0.6,0.6,-43.7,-17.1,0.0,-21.3,42.0,26.1,14.0,0.3,0.6,0.6,-44.9,-20.9,0.0,-19.5,42.0,22.1,14.0,0.3,0.6,0.6,17.5,238.5,1015.0,430.0,63.0,465.0,14.0,0.4,0.5,0.6,20.0,240.0,1015.0,430.0,63.0,465.0,14.0,0.4,0.5,0.6
1974,2,285.0,20.0,24.0,25.5,26.7,25.49,41.0,1.42,16.0,0.5,0.9,0.4,23.9,24.8,26.01,24.94,45.0,1.39,14.0,0.6,0.9,0.4,13.75,14.75,16.02,14.76,32.0,1.76,16.0,0.6,0.9,0.4,69.4,77.1,81.5,76.3,32.0,8.0,16.0,0.6,0.4,2.66,6.45,10.3,6.68,46.0,3.44,16.0,0.6,0.9,0.4,-7.78,-4.31,1.56,-3.98,46.0,4.31,16.0,0.6,0.9,0.4,-6.3,-2.28,0.98,-2.48,46.0,4.05,16.0,0.6,0.9,0.4,1014.49,1016.0,1018.0,1016.03,45.0,1.82,14.0,0.6,0.9,0.4,1.0,3.0,6.0,3.4,45.0,2.4,16.0,0.6,0.9,0.4,-73.2,-31.4,3.5,-34.8,46.0,44.2,16.0,0.6,0.9,0.4,-61.7,-10.3,2.3,-24.2,46.0,45.0,16.0,0.6,0.9,0.4,-0.93,0.3,2.2,0.62,41.0,1.88,16.0,0.5,0.9,0.4,-4.3,2.0,18.8,4.8,41.0,16.0,16.0,0.5,0.9,0.4,4.04,5.26,7.15,5.5,31.0,2.34,16.0,0.6,0.9,0.4,13.3,31.4,61.4,39.7,31.0,29.0,16.0,0.6,0.9,0.4,-201.1,-111.1,31.3,-102.9,45.0,108.2,14.0,0.6,0.9,0.4,-161.9,-59.2,24.0,-59.8,45.0,97.3,14.0,0.6,0.9,0.4,-116.3,-70.5,23.7,-57.4,32.0,65.4,16.0,0.6,0.9,0.4,-101.7,-36.7,21.8,-33.7,32.0,64.2,16.0,0.6,0.9,0.4,-47.2,-24.7,7.9,-22.8,31.0,31.0,16.0,0.6,0.9,0.4,-47.3,-6.8,7.4,-14.5,31.0,27.4,16.0,0.6,0.9,0.4,19.0,269.5,1092.5,541.0,46.0,689.5,16.0,0.6,0.9,0.4,20.0,270.0,1095.0,540.0,46.0,690.0,16.0,0.6,0.9,0.4
1974,2,285.0,21.0,23.97,25.0,26.7,25.18,62.0,1.38,14.0,0.6,0.7,0.4,22.55,24.0,25.88,24.21,65.0,1.83,14.0,0.6,0.7,0.4,13.11,14.82,16.45,14.75,45.0,1.77,14.0,0.6,0.7,0.4,69.6,77.0,84.4,77.5,47.0,7.8,14.0,0.6,0.4,2.6,7.2,9.64,6.45,66.0,3.42,14.0,0.6,0.7,0.3,-7.58,-4.37,0.0,-3.79,66.0,4.14,14.0,0.6,0.7,0.3,-6.29,0.0,3.37,-1.2,66.0,4.56,14.0,0.6,0.7,0.3,1014.52,1017.1,1019.0,1016.75,65.0,2.49,14.0,0.6,0.7,0.4,1.0,3.0,7.0,3.5,67.0,2.5,14.0,0.6,0.7,0.4,-65.5,-23.8,0.0,-31.9,66.0,42.5,14.0,0.6,0.7,0.3,-51.7,0.0,22.3,-13.3,66.0,44.2,14.0,0.6,0.7,0.3,-0.9,1.0,3.36,1.0,60.0,1.98,14.0,0.6,0.7,0.4,-6.1,5.8,23.6,7.4,58.0,14.5,14.0,0.6,0.7,0.4,3.46,5.41,7.54,5.7,43.0,2.39,14.0,0.6,0.7,0.4,8.3,35.5,66.5,34.7,43.0,23.8,14.0,0.6,0.7,0.4,-185.5,-112.7,0.0,-94.4,63.0,97.5,14.0,0.6,0.7,0.4,-142.3,0.0,74.0,-27.2,63.0,106.3,14.0,0.6,0.7,0.4,-110.1,-67.2,0.0,-57.4,45.0,56.1,14.0,0.6,0.7,0.4,-66.5,0.0,61.5,-5.3,45.0,65.6,14.0,0.6,0.7,0.4,-44.9,-23.6,0.0,-23.1,43.0,22.8,14.0,0.6,0.7,0.4,-25.0,0.0,14.1,-4.9,43.0,26.7,14.0,0.6,0.7,0.4,17.5,373.0,898.0,488.0,66.0,635.5,14.0,0.6,0.7,0.3,20.0,375.0,900.0,490.0,66.0,635.0,14.0,0.6,0.7,0.3
1974,2,285.0,22.0,23.62,25.0,26.7,25.1,29.0,1.51,14.0,0.5,0.6,0.4,21.24,23.0,24.65,23.27,34.0,1.96,14.0,0.4,0.5,0.4,13.03,14.11,15.35,13.92,25.0,1.73,16.0,0.4,0.5,0.5,70.4,80.3,84.0,78.6,26.0,8.2,16.0,0.4,0.4,4.6,7.35,10.3,7.42,34.0,3.38,14.0,0.4,0.5,0.4,-7.84,-4.21,0.0,-3.58,34.0,4.96,14.0,0.4,0.5,0.4,-8.04,-1.59,2.03,-2.73,34.0,4.76,14.0,0.4,0.5,0.4,1015.74,1017.75,1019.32,1017.37,32.0,2.24,14.0,0.4,0.6,0.5,1.0,2.0,7.0,3.5,32.0,2.8,14.0,0.4,0.5,0.5,-63.5,-21.9,0.0,-31.1,34.0,55.7,14.0,0.4,0.5,0.4,-89.0,-5.8,12.1,-29.3,34.0,54.1,14.0,0.4,0.5,0.4,-0.67,2.2,3.86,1.68,29.0,2.23,14.0,0.5,0.6,0.4,-3.1,12.7,33.5,14.7,29.0,20.1,14.0,0.5,0.6,0.4,3.67,5.64,7.34,5.64,25.0,2.13,16.0,0.4,0.5,0.5,16.5,34.0,67.4,44.8,25.0,35.9,16.0,0.4,0.5,0.5,-187.4,-96.7,0.0,-84.1,34.0,116.1,14.0,0.4,0.5,0.4,-169.3,-36.5,48.0,-59.2,34.0,104.6,14.0,0.4,0.5,0.4,-124.3,-51.9,1.4,-47.1,25.0,71.5,16.0,0.4,0.5,0.5,-107.4,-18.9,29.2,-34.2,25.0,66.1,16.0,0.4,0.5,0.5,-38.4,-22.0,0.4,-22.0,25.0,35.8,16.0,0.4,0.5,0.5,-60.3,-8.0,13.4,-19.7,25.0,34.5,16.0,0.4,0.5,0.5,97.5,400.0,1092.5,677.0,34.0,874.0,14.0,0.4,0.5,0.4,95.0,400.0,1095.0,675.0,34.0,875.0,14.0,0.4,0.5,0.4
1974,2,285.0,23.0,23.4,24.45,26.0,24.59,34.0,1.46,16.0,0.5,0.5,0.4,21.3,23.3,24.5,23.1,35.0,1.62,16.0,0.5,0.5,0.4,11.32,13.66,14.95,13.29,29.0,2.16,14.0,0.5,0.5,0.4,63.7,77.9,82.9,74.5,30.0,11.3,14.0,0.5,0.4,2.8,6.2,10.9,6.75,35.0,3.84,16.0,0.5,0.5,0.4,-7.19,-3.91,0.38,-3.65,35.0,4.37,16.0,0.5,0.5,0.4,-6.88,0.0,3.54,-0.99,35.0,5.28,16.0,0.5,0.5,0.4,1015.54,1018.6,1021.18,1018.33,35.0,2.92,16.0,0.5,0.5,0.4,1.0,3.0,5.6,3.0,35.0,2.3,16.0,0.5,0.5,0.4,-67.8,-21.2,1.4,-29.9,35.0,49.0,16.0,0.5,0.5,0.4,-73.5,0.0,20.7,-19.5,35.0,59.7,16.0,0.5,0.5,0.4,0.01,1.3,2.69,1.34,33.0,1.96,16.0,0.5,0.5,0.4,0.0,6.9,25.1,13.4,32.0,22.7,16.0,0.5,0.5,0.4,4.12,5.43,8.77,5.95,29.0,2.69,14.0,0.5,0.5,0.4,10.5,31.7,76.0,43.8,28.0,43.6,16.0,0.5,0.5,0.4,-168.2,-97.6,11.5,-85.7,34.0,100.3,16.0,0.5,0.5,0.4,-160.5,0.0,83.5,-21.5,34.0,115.5,16.0,0.5,0.5,0.4,-96.3,-47.3,12.4,-42.1,28.0,55.7,16.0,0.5,0.5,0.4,-90.2,0.0,47.7,-5.8,28.0,68.4,16.0,0.5,0.5,0.4,-55.4,-14.5,5.0,-21.4,28.0,37.9,16.0,0.5,0.5,0.4,-51.2,0.0,16.4,-14.0,28.0,42.2,16.0,0.5,0.5,0.4,22.5,238.5,1304.5,619.5,35.0,852.0,16.0,0.5,0.5,0.4,20.0,240.0,1305.0,620.0,35.0,850.0,16.0,0.5,0.5,0.4
1974,2,285.0,24.0,22.8,23.9,25.6,24.14,37.0,1.53,14.0,0.6,0.6,0.4,21.64,23.4,25.53,23.21,37.0,1.99,14.0,0.6,0.6,0.4,10.95,14.2,15.84,13.82,33.0,2.54,14.0,0.6,0.6,0.4,65.9,77.0,85.9,76.9,34.0,9.3,14.0,0.6,0.4,3.04,6.95,10.3,6.79,38.0,3.62,16.0,0.6,0.6,0.4,-5.95,-1.11,3.23,-1.18,38.0,4.89,16.0,0.6,0.6,0.4,-5.51,1.48,6.34,1.17,38.0,5.8,16.0,0.6,0.6,0.4,1012.97,1018.5,1020.46,1017.46,37.0,4.02,16.0,0.6,0.6,0.4,2.0,3.5,7.0,3.9,38.0,2.1,16.0,0.6,0.6,0.4,-46.2,-4.5,20.3,-7.9,38.0,50.5,16.0,0.6,0.6,0.4,-36.5,3.5,48.7,7.4,38.0,58.8,16.0,0.6,0.6,0.4,-1.54,0.5,3.4,0.86,36.0,2.37,14.0,0.6,0.6,0.4,-9.5,1.6,26.0,5.8,36.0,20.3,14.0,0.6,0.6,0.4,2.44,4.59,7.84,5.05,32.0,2.74,14.0,0.6,0.6,0.4,8.4,22.3,70.1,33.9,32.0,31.9,14.0,0.6,0.6,0.4,-135.9,-27.0,73.3,-24.0,37.0,112.1,14.0,0.6,0.6,0.4,-124.3,34.4,157.3,31.8,37.0,131.2,14.0,0.6,0.6,0.4,-83.2,-14.9,39.8,-13.1,33.0,68.8,14.0,0.6,0.6,0.4,-52.4,24.0,105.7,27.9,33.0,80.0,14.0,0.6,0.6,0.4,-25.9,-4.3,19.4,-6.7,32.0,30.2,14.0,0.6,0.6,0.4,-46.2,6.4,21.4,-6.7,32.0,34.6,14.0,0.6,0.6,0.4,28.0,337.0,1092.5,571.5,38.0,656.5,16.0,0.6,0.6,0.4,30.0,335.0,1095.0,570.0,38.0,655.0,16.0,0.6,0.6,0.4
1974,2,285.0,25.0,22.8,23.75,25.0,23.86,38.0,1.11,18.0,0.6,0.5,0.4,19.61,23.2,24.13,22.47,41.0,2.31,18.0,0.6,0.5,0.4,8.55,13.55,14.93,12.29,35.0,2.88,18.0,0.5,0.5,0.4,59.2,75.6,83.9,72.2,35.0,12.2,18.0,0.5,0.4,3.6,6.45,10.71,7.01,40.0,3.58,18.0,0.6,0.5,0.4,-4.08,-2.27,1.3,-1.63,40.0,3.51,18.0,0.6,0.5,0.4,-8.16,1.84,6.02,-0.29,40.0,6.94,18.0,0.6,0.5,0.4,1016.03,1018.6,1020.98,1018.8,40.0,2.7,18.0,0.6,0.5,0.4,1.0,3.0,7.0,3.7,42.0,2.6,18.0,0.6,0.5,0.4,-33.6,-8.6,9.8,-11.8,40.0,34.0,18.0,0.6,0.5,0.4,-99.6,5.7,41.8,-14.9,40.0,75.6,18.0,0.6,0.5,0.4,-0.5,0.6,4.53,1.38,37.0,2.48,18.0,0.5,0.5,0.4,-3.2,3.1,46.9,13.8,35.0,27.3,18.0,0.5,0.5,0.4,3.19,5.3,9.94,6.16,33.0,3.32,18.0,0.5,0.5,0.4,12.0,27.9,87.9,47.4,32.0,44.7,18.0,0.5,0.5,0.4,-90.8,-49.4,26.6,-37.8,39.0,79.9,18.0,0.6,0.5,0.4,-160.4,37.5,150.9,2.1,39.0,146.2,18.0,0.6,0.5,0.4,-54.1,-27.5,14.1,-17.9,34.0,42.5,18.0,0.5,0.5,0.4,-66.2,22.3,85.3,6.1,34.0,79.5,18.0,0.5,0.5,0.4,-31.0,-8.5,5.4,-17.2,32.0,31.0,18.0,0.5,0.5,0.4,-76.4,7.1,27.0,-13.7,32.0,53.5,18.0,0.5,0.5,0.4,46.5,269.5,1228.0,629.0,40.0,814.0,18.0,0.6,0.5,0.4,45.0,270.0,1230.0,630.0,40.0,815.0,18.0,0.6,0.5,0.4
1974,2,285.0,26.0,21.96,22.9,24.0,22.92,55.0,1.31,18.0,0.5,0.5,0.5,18.9,22.2,23.8,21.71,57.0,2.4,18.0,0.5,0.5,0.5,7.56,11.16,14.53,11.39,45.0,3.37,16.0,0.5,0.6,0.5,54.2,70.3,84.0,69.8,45.0,14.1,16.0,0.5,0.5,2.6,6.45,8.31,6.09,50.0,3.11,16.0,0.5,0.6,0.5,-3.66,0.0,4.66,-0.06,50.0,4.32,16.0,0.5,0.6,0.5,-6.0,-0.26,5.21,-0.48,50.0,5.35,16.0,0.5,0.6,0.5,1016.0,1019.35,1022.75,1019.39,54.0,3.33,16.0,0.5,0.5,0.5,1.0,3.0,7.0,3.7,57.0,2.4,18.0,0.5,0.6,0.5,-30.4,0.0,30.5,0.6,50.0,38.5,16.0,0.5,0.6,0.5,-46.1,-0.4,37.9,-4.3,50.0,49.6,16.0,0.5,0.6,0.5,-1.0,0.5,4.04,1.24,55.0,2.2,18.0,0.5,0.5,0.5,-4.3,2.6,29.3,9.5,48.0,16.1,16.0,0.5,0.5,0.4,2.35,6.24,9.66,5.98,44.0,3.06,16.0,0.5,0.6,0.5,8.7,28.6,66.8,37.3,41.0,29.1,16.0,0.4,0.6,0.4,-76.0,0.0,90.9,-0.9,50.0,93.3,16.0,0.5,0.6,0.5,-126.4,-5.4,124.1,-3.3,50.0,115.7,16.0,0.5,0.6,0.5,-38.8,2.6,44.5,4.9,42.0,50.8,16.0,0.5,0.6,0.4,-60.8,-10.6,73.7,0.0,42.0,62.6,16.0,0.5,0.6,0.4,-32.7,0.0,29.6,-1.5,41.0,31.5,16.0,0.4,0.6,0.4,-50.7,-5.0,15.5,-13.4,41.0,33.2,16.0,0.4,0.6,0.4,17.5,269.5,575.5,405.5,50.0,534.5,16.0,0.5,0.6,0.5,20.0,270.0,575.0,405.0,50.0,535.0,16.0,0.5,0.6,0.5
1974,2,285.0,27.0,21.7,22.2,23.55,22.48,38.0,1.31,16.0,0.5,0.6,0.3,19.15,22.1,23.38,21.6,40.0,2.05,16.0,0.5,0.6,0.3,8.49,13.63,15.02,12.66,34.0,3.05,16.0,0.5,0.6,0.3,62.4,81.0,91.6,78.3,34.0,13.8,16.0,0.5,0.3,4.1,7.2,9.3,6.87,39.0,3.18,16.0,0.5,0.6,0.3,-3.82,0.0,5.0,0.53,39.0,4.4,16.0,0.5,0.6,0.3,-6.87,2.37,7.1,0.71,39.0,6.19,16.0,0.5,0.6,0.3,1014.6,1019.2,1021.99,1018.38,39.0,4.39,16.0,0.5,0.6,0.3,1.2,4.0,7.8,4.3,40.0,2.7,16.0,0.5,0.6,0.3,-26.2,0.0,33.6,5.4,39.0,40.3,16.0,0.5,0.6,0.3,-50.9,7.4,58.2,0.3,39.0,63.1,16.0,0.5,0.6,0.3,-1.0,0.45,3.83,0.97,38.0,2.15,16.0,0.5,0.6,0.3,-7.0,1.4,36.0,9.7,36.0,22.3,16.0,0.5,0.6,0.3,1.75,3.23,8.15,4.13,33.0,3.03,16.0,0.5,0.6,0.3,5.8,18.2,47.6,32.4,32.0,38.0,18.0,0.6,0.6,0.3,-77.8,10.6,109.1,13.7,38.0,94.2,16.0,0.5,0.6,0.3,-131.5,56.7,157.9,25.6,38.0,127.8,16.0,0.5,0.6,0.3,-50.9,0.0,61.8,7.2,33.0,54.6,16.0,0.5,0.6,0.3,-63.5,29.2,106.3,22.3,33.0,71.5,16.0,0.5,0.6,0.3,-19.2,0.2,14.5,-0.1,32.0,27.7,18.0,0.6,0.6,0.3,-37.4,1.6,18.2,-11.0,32.0,40.3,18.0,0.6,0.6,0.3,69.0,373.0,804.5,534.5,39.0,646.0,16.0,0.5,0.6,0.3,70.0,375.0,805.0,535.0,39.0,645.0,16.0,0.5,0.6,0.3
1974,2,285.0,28.0,20.86,22.0,22.6,21.71,24.0,1.11,16.0,0.5,0.6,0.5,17.79,21.05,22.1,20.13,26.0,2.4,16.0,0.5,0.6,0.5,7.77,8.86,13.93,10.42,23.0,3.25,18.0,0.4,0.6,0.4,56.3,72.2,87.6,72.1,25.0,14.8,16.0,0.4,0.5,2.6,6.2,9.49,6.29,25.0,3.45,16.0,0.5,0.6,0.5,-2.81,0.45,5.33,0.6,25.0,4.78,16.0,0.5,0.6,0.5,-7.45,-1.48,3.22,-1.47,25.0,5.26,16.0,0.5,0.6,0.5,1016.86,1019.6,1021.3,1019.29,24.0,3.61,18.0,0.5,0.6,0.4,1.8,4.0,7.2,4.2,25.0,2.4,16.0,0.5,0.6,0.5,-15.7,1.2,33.7,7.7,25.0,42.6,16.0,0.5,0.6,0.5,-65.0,-2.2,13.9,-18.5,25.0,53.3,16.0,0.5,0.6,0.5,0.0,1.25,3.5,1.82,24.0,2.05,16.0,0.5,0.6,0.5,0.6,5.3,39.3,15.6,23.0,21.5,16.0,0.5,0.6,0.5,3.18,6.29,8.25,6.0,22.0,2.63,18.0,0.5,0.6,0.4,11.9,30.1,80.8,45.1,21.0,35.5,18.0,0.5,0.6,0.4,-68.2,9.8,116.5,11.8,25.0,98.0,16.0,0.5,0.6,0.5,-126.6,-27.9,78.4,-21.9,25.0,98.8,16.0,0.5,0.6,0.5,-47.1,2.3,76.9,8.6,22.0,54.5,18.0,0.5,0.6,0.4,-70.1,-18.5,42.8,-13.4,22.0,48.8,18.0,0.5,0.6,0.4,-20.1,3.1,26.7,3.1,21.0,33.9,18.0,0.5,0.6,0.4,-66.5,-10.0,4.8,-20.8,21.0,42.2,18.0,0.5,0.6,0.4,17.5,238.5,859.5,478.0,25.0,614.5,16.0,0.5,0.6,0.5,20.0,240.0,860.0,480.0,25.0,615.0,16.0,0.5,0.6,0.5
1974,2,285.0,29.0,21.4,22.75,23.93,22.55,24.0,1.35,16.0,0.5,0.5,0.4,17.32,21.0,22.6,20.27,25.0,2.43,16.0,0.5,0.5,0.4,8.17,11.7,14.11,11.34,22.0,2.86,16.0,0.5,0.5,0.4,61.3,78.1,89.0,75.9,22.0,13.2,16.0,0.5,0.4,5.08,7.7,12.9,7.85,26.0,3.45,16.0,0.5,0.5,0.4,-3.14,1.82,8.2,1.91,26.0,5.23,16.0,0.5,0.5,0.4,-4.47,2.06,8.22,1.81,26.0,6.43,16.0,0.5,0.5,0.4,1015.55,1019.0,1021.84,1019.05,26.0,4.74,16.0,0.5,0.5,0.4,3.0,6.0,8.0,5.4,26.0,2.3,16.0,0.5,0.5,0.4,-19.8,10.4,68.5,22.6,26.0,55.1,16.0,0.5,0.5,0.4,-49.1,8.1,81.8,19.2,26.0,71.3,16.0,0.5,0.5,0.4,0.0,1.85,5.84,2.4,24.0,2.74,16.0,0.5,0.5,0.4,0.0,13.3,47.9,21.7,24.0,27.9,16.0,0.5,0.5,0.4,2.3,5.19,8.29,5.51,22.0,3.12,16.0,0.5,0.5,0.4,6.6,47.0,71.1,46.5,22.0,32.7,16.0,0.5,0.5,0.4,-67.0,23.3,188.9,39.6,25.0,108.2,16.0,0.5,0.5,0.4,-82.5,40.1,171.7,44.7,25.0,130.6,16.0,0.5,0.5,0.4,-39.3,4.6,78.0,16.1,22.0,60.6,16.0,0.5,0.5,0.4,-51.3,18.8,98.4,29.8,22.0,75.0,16.0,0.5,0.5,0.4,-16.4,2.8,37.6,7.9,22.0,32.0,16.0,0.5,0.5,0.4,-43.4,3.2,40.8,0.9,22.0,47.4,16.0,0.5,0.5,0.4,131.5,456.5,2146.5,764.5,26.0,860.0,16.0,0.5,0.5,0.4,130.0,455.0,2145.0,765.0,26.0,860.0,16.0,0.5,0.5,0.4
1974,2,285.0,30.0,20.46,21.7,22.8,21.78,28.0,1.45,16.0,0.4,0.5,0.4,16.7,17.75,20.0,18.21,28.0,2.07,16.0,0.4,0.5,0.4,6.71,8.66,11.69,9.24,25.0,2.42,18.0,0.4,0.6,0.4,57.9,68.9,85.0,71.0,25.0,14.2,18.0,0.4,0.4,3.54,6.2,11.36,7.33,29.0,4.59,16.0,0.4,0.5,0.4,-0.4,2.56,7.16,3.19,29.0,5.54,16.0,0.4,0.5,0.4,-5.57,-2.05,2.36,-1.66,29.0,5.71,16.0,0.4,0.5,0.4,1016.22,1019.5,1022.27,1018.88,29.0,4.6,16.0,0.4,0.5,0.4,2.0,5.5,8.0,5.0,28.0,2.6,16.0,0.4,0.5,0.4,-1.6,16.7,71.9,37.0,29.0,85.7,16.0,0.4,0.5,0.4,-41.3,-6.8,13.1,-8.4,29.0,81.0,16.0,0.4,0.5,0.4,1.04,3.3,6.66,3.7,27.0,2.62,16.0,0.4,0.6,0.4,6.7,18.9,50.0,28.7,27.0,29.7,16.0,0.4,0.6,0.4,4.5,6.87,10.34,7.04,25.0,2.87,18.0,0.4,0.6,0.4,20.0,40.6,101.3,55.8,25.0,40.6,18.0,0.4,0.6,0.4,0.0,50.4,119.1,59.7,28.0,101.3,16.0,0.4,0.5,0.4,-90.5,-40.8,37.3,-27.6,28.0,113.4,16.0,0.4,0.5,0.4,0.0,21.3,53.6,31.8,25.0,64.0,18.0,0.4,0.6,0.4,-44.8,-20.2,25.6,-6.7,25.0,58.4,18.0,0.4,0.6,0.4,0.0,18.3,60.6,28.3,25.0,38.5,18.0,0.4,0.6,0.4,-49.8,-13.9,9.7,-20.5,25.0,46.2,18.0,0.4,0.6,0.4,47.0,238.5,1473.0,964.0,29.0,1954.0,16.0,0.4,0.5,0.4,45.0,240.0,1475.0,965.0,29.0,1955.0,16.0,0.4,0.5,0.4
1974,2,285.0,31.0,20.0,21.75,23.13,21.46,22.0,1.8,20.0,0.5,0.5,0.5,14.47,18.6,20.54,18.17,24.0,3.24,20.0,0.5,0.5,0.5,5.77,7.76,12.4,8.81,22.0,3.76,20.0,0.5,0.4,0.5,54.4,63.2,82.3,65.9,22.0,15.3,20.0,0.5,0.5,4.34,9.3,13.41,9.02,23.0,4.56,20.0,0.5,0.5,0.5,-2.84,0.0,7.82,1.81,23.0,5.49,20.0,0.5,0.5,0.5,-8.98,2.1,6.35,1.18,23.0,8.42,20.0,0.5,0.5,0.5,1015.46,1019.5,1026.91,1020.15,24.0,6.33,20.0,0.5,0.5,0.5,3.0,6.5,8.0,5.8,24.0,2.3,20.0,0.5,0.5,0.5,-18.7,0.0,89.0,25.2,23.0,57.1,20.0,0.5,0.5,0.5,-82.6,12.8,51.9,19.1,23.0,120.4,20.0,0.5,0.5,0.5,-0.2,3.05,7.07,3.35,22.0,3.61,20.0,0.5,0.5,0.5,-4.2,23.7,56.9,30.7,21.0,42.7,18.0,0.6,0.5,0.5,4.69,7.31,10.83,7.23,21.0,3.86,20.0,0.6,0.5,0.5,25.5,68.6,94.2,65.9,20.0,45.3,20.0,0.6,0.5,0.5,-45.0,0.0,147.1,32.6,23.0,107.8,20.0,0.5,0.5,0.5,-127.2,42.0,121.1,41.9,23.0,151.5,20.0,0.5,0.5,0.5,-23.5,0.0,73.5,15.6,21.0,63.4,20.0,0.6,0.4,0.5,-46.0,22.5,62.6,20.9,21.0,67.9,20.0,0.6,0.4,0.5,-23.0,2.7,44.1,10.6,20.0,41.8,20.0,0.6,0.5,0.5,-78.0,-6.6,43.7,-16.2,20.0,67.0,20.0,0.6,0.5,0.5,89.0,804.5,2421.0,1291.5,23.0,1621.0,20.0,0.5,0.5,0.5,90.0,805.0,2420.0,1290.0,23.0,1620.0,20.0,0.5,0.5,0.5
1974,2,285.0,32.0,20.0,21.7,24.0,21.39,23.0,2.08,18.0,0.7,0.4,0.4,14.09,17.9,21.95,17.98,23.0,3.87,18.0,0.7,0.4,0.4,5.85,8.29,11.63,8.76,20.0,3.15,18.0,0.6,0.5,0.4,51.1,66.6,85.9,67.0,20.0,15.2,18.0,0.6,0.4,5.05,7.7,15.4,9.33,23.0,4.96,18.0,0.7,0.4,0.4,-1.04,2.12,7.27,2.55,23.0,5.91,18.0,0.7,0.4,0.4,-6.72,-1.71,9.33,0.85,23.0,8.56,18.0,0.7,0.4,0.4,1007.3,1017.0,1026.18,1016.82,23.0,8.76,18.0,0.7,0.4,0.4,3.0,7.0,8.0,5.9,23.0,2.3,18.0,0.7,0.4,0.4,-4.3,13.1,77.8,32.8,23.0,86.3,18.0,0.7,0.4,0.4,-73.8,-4.4,117.5,27.0,23.0,123.3,18.0,0.7,0.4,0.4,0.25,3.5,6.35,3.41,23.0,2.9,18.0,0.7,0.4,0.4,4.4,20.5,52.7,29.0,23.0,28.1,18.0,0.7,0.4,0.4,4.88,7.48,9.95,7.18,20.0,2.46,18.0,0.6,0.5,0.4,29.8,66.7,97.8,63.9,20.0,32.2,18.0,0.6,0.5,0.4,-18.6,31.6,124.7,46.1,23.0,117.6,18.0,0.7,0.4,0.4,-100.3,-30.2,182.7,37.3,23.0,158.8,18.0,0.7,0.4,0.4,0.0,13.5,70.3,30.3,20.0,70.4,18.0,0.6,0.5,0.4,-38.8,-1.2,115.2,31.3,20.0,82.9,18.0,0.6,0.5,0.4,0.0,15.9,29.4,19.3,20.0,37.0,18.0,0.6,0.5,0.4,-62.3,-2.1,51.6,2.5,20.0,59.7,18.0,0.6,0.5,0.4,129.0,456.5,3652.5,1538.0,23.0,2020.0,18.0,0.7,0.4,0.4,130.0,455.0,3650.0,1540.0,23.0,2020.0,18.0,0.7,0.4,0.4
1974,2,285.0,33.0,20.0,21.7,23.28,21.63,33.0,1.57,16.0,0.4,0.6,0.5,13.68,16.7,19.78,16.66,36.0,3.05,16.0,0.5,0.6,0.5,5.7,7.49,9.91,8.11,32.0,2.83,16.0,0.5,0.6,0.5,54.6,64.2,78.2,67.3,33.0,14.1,16.0,0.5,0.5,4.88,9.0,14.29,9.54,36.0,5.2,16.0,0.5,0.6,0.5,-3.52,3.85,10.21,3.22,36.0,6.15,16.0,0.5,0.6,0.5,-6.2,0.0,8.07,1.15,36.0,8.42,16.0,0.5,0.6,0.5,1013.15,1019.3,1025.58,1018.91,35.0,7.22,16.0,0.5,0.6,0.5,2.0,6.0,8.0,4.9,33.0,2.7,16.0,0.5,0.6,0.4,-18.3,29.6,110.5,44.1,36.0,72.4,16.0,0.5,0.6,0.5,-42.9,0.0,72.6,27.4,36.0,145.6,16.0,0.5,0.6,0.5,2.51,4.4,8.05,4.98,33.0,3.04,16.0,0.4,0.6,0.5,11.5,41.8,80.4,46.5,33.0,38.6,16.0,0.4,0.6,0.5,6.04,8.19,10.39,8.03,30.0,2.64,16.0,0.4,0.6,0.5,32.8,69.9,105.2,71.0,30.0,41.5,16.0,0.4,0.6,0.5,-55.2,57.6,149.1,49.4,36.0,100.3,16.0,0.5,0.6,0.5,-88.5,0.0,169.9,28.6,36.0,153.8,16.0,0.5,0.6,0.5,-27.4,32.3,75.1,28.1,32.0,52.2,16.0,0.5,0.6,0.5,-33.9,0.0,87.3,17.2,32.0,86.9,16.0,0.5,0.6,0.5,-33.8,16.2,79.5,27.2,30.0,57.3,16.0,0.4,0.6,0.5,-48.2,0.0,44.7,-2.8,30.0,53.7,16.0,0.4,0.6,0.5,117.0,731.5,2961.5,1707.5,36.0,2805.0,16.0,0.5,0.6,0.5,115.0,730.0,2960.0,1705.0,36.0,2805.0,16.0,0.5,0.6,0.5
1974,2,285.0,34.0,20.01,22.2,24.39,22.08,39.0,2.15,18.0,0.4,0.6,0.5,12.2,16.9,19.83,16.04,41.0,3.95,18.0,0.4,0.5,0.5,5.1,7.59,10.28,7.82,36.0,2.64,18.0,0.4,0.6,0.4,54.7,67.2,85.4,68.3,36.0,14.1,18.0,0.4,0.4,4.13,9.8,14.35,9.93,39.0,5.36,18.0,0.4,0.6,0.5,-3.87,3.18,8.47,3.03,39.0,6.22,18.0,0.4,0.6,0.5,-5.8,1.67,8.92,2.42,39.0,8.7,18.0,0.4,0.6,0.5,1004.89,1018.0,1026.0,1015.88,41.0,9.62,18.0,0.4,0.5,0.5,2.0,6.0,8.0,5.1,39.0,2.8,18.0,0.4,0.5,0.5,-16.6,29.6,83.2,37.1,39.0,101.8,18.0,0.4,0.6,0.5,-47.8,4.5,106.9,45.1,39.0,150.5,18.0,0.4,0.6,0.5,2.6,5.25,10.23,5.89,38.0,3.7,18.0,0.4,0.6,0.5,16.4,42.7,84.2,53.8,36.0,51.2,18.0,0.4,0.6,0.4,6.54,9.09,10.8,8.65,34.0,2.82,18.0,0.4,0.6,0.4,37.2,73.8,126.5,81.4,33.0,46.6,18.0,0.4,0.6,0.4,-59.6,44.3,167.6,53.0,38.0,113.3,18.0,0.4,0.6,0.4,-100.6,24.4,171.4,53.8,38.0,149.9,18.0,0.4,0.6,0.4,-25.2,15.8,67.1,24.1,34.0,65.4,18.0,0.4,0.6,0.4,-44.9,12.1,88.7,37.7,34.0,89.1,18.0,0.4,0.6,0.4,-36.5,18.8,78.7,19.4,33.0,52.7,18.0,0.4,0.6,0.4,-72.2,16.3,57.3,5.8,33.0,76.1,18.0,0.4,0.6,0.4,71.0,941.0,2960.5,1964.5,39.0,3476.0,18.0,0.4,0.6,0.5,70.0,940.0,2960.0,1965.0,39.0,3475.0,18.0,0.4,0.6,0.5
1974,2,285.0,35.0,17.8,22.8,24.2,21.29,49.0,3.75,16.0,0.6,0.5,0.5,8.03,15.25,19.4,14.05,54.0,5.35,14.0,0.6,0.4,0.5,4.68,7.27,11.21,7.87,48.0,2.79,16.0,0.6,0.4,0.5,58.7,75.8,89.9,74.7,48.0,14.2,16.0,0.6,0.5,5.1,9.3,15.4,10.13,53.0,4.87,14.0,0.6,0.4,0.5,-3.13,3.13,9.58,3.11,53.0,5.4,14.0,0.6,0.4,0.5,-9.92,0.0,8.29,-0.58,53.0,9.43,14.0,0.6,0.4,0.5,1009.28,1016.6,1022.37,1016.13,53.0,6.83,14.0,0.6,0.4,0.5,3.0,6.0,8.0,5.5,51.0,2.5,16.0,0.6,0.4,0.5,-15.7,24.7,108.0,38.9,53.0,67.9,14.0,0.6,0.4,0.5,-131.0,0.0,78.0,-7.8,53.0,147.4,14.0,0.6,0.4,0.5,2.15,6.1,14.55,7.21,49.0,5.88,16.0,0.6,0.5,0.5,21.3,42.3,132.6,77.5,48.0,83.6,16.0,0.6,0.5,0.5,4.09,7.44,12.35,8.04,44.0,3.73,16.0,0.6,0.5,0.5,35.3,65.8,156.4,84.3,44.0,58.0,16.0,0.6,0.5,0.5,-45.1,44.3,113.1,39.3,53.0,82.6,14.0,0.6,0.4,0.5,-102.3,0.0,141.1,25.0,53.0,136.8,14.0,0.6,0.4,0.5,-21.4,25.1,68.5,24.1,48.0,41.6,16.0,0.6,0.4,0.5,-67.0,0.0,82.2,16.9,48.0,84.3,16.0,0.6,0.4,0.5,-13.0,26.5,60.1,29.3,44.0,48.5,16.0,0.6,0.5,0.5,-102.9,0.0,64.8,-15.1,44.0,84.6,16.0,0.6,0.5,0.5,132.5,804.5,3652.5,1781.5,53.0,2120.0,14.0,0.6,0.4,0.5,135.0,805.0,3650.0,1780.0,53.0,2120.0,14.0,0.6,0.4,0.5
1974,2,285.0,36.0,9.5,14.2,19.85,14.47,94.0,4.06,14.0,0.5,0.4,0.5,4.61,9.85,15.0,9.86,104.0,5.15,14.0,0.5,0.4,0.6,3.23,5.71,8.91,6.03,94.0,2.63,14.0,0.5,0.4,0.5,57.1,73.0,91.6,73.8,94.0,15.7,14.0,0.5,0.5,5.1,8.7,13.9,9.76,105.0,4.43,14.0,0.5,0.4,0.6,-3.56,3.12,8.45,2.87,105.0,5.73,14.0,0.5,0.4,0.6,-10.87,-2.85,6.28,-2.03,105.0,8.39,14.0,0.5,0.4,0.6,1007.55,1016.3,1023.45,1015.58,105.0,8.78,14.0,0.5,0.4,0.6,1.0,7.0,8.0,5.5,99.0,3.0,14.0,0.5,0.4,0.6,-29.4,23.0,108.9,38.8,105.0,82.4,14.0,0.5,0.4,0.6,-130.9,-19.9,52.4,-29.5,105.0,118.9,14.0,0.5,0.4,0.6,-1.42,5.0,10.72,4.76,93.0,5.73,14.0,0.5,0.4,0.5,-10.1,38.5,110.4,52.4,93.0,73.6,14.0,0.5,0.4,0.5,0.92,4.78,7.57,4.58,87.0,3.6,14.0,0.5,0.4,0.5,8.3,41.4,79.8,45.9,87.0,43.9,14.0,0.5,0.4,0.5,-39.2,15.3,77.2,20.5,104.0,61.4,14.0,0.5,0.4,0.6,-69.2,-13.1,102.8,9.7,104.0,95.0,14.0,0.5,0.4,0.6,-25.6,13.2,43.3,14.1,94.0,38.8,14.0,0.5,0.4,0.5,-46.9,-11.8,58.6,2.9,94.0,57.4,14.0,0.5,0.4,0.5,-9.0,12.6,52.0,17.2,87.0,30.9,14.0,0.5,0.4,0.5,-58.6,-8.0,22.8,-15.9,87.0,50.5,14.0,0.5,0.4,0.5,132.5,658.5,2685.5,1544.0,105.0,2040.0,14.0,0.5,0.4,0.6,135.0,660.0,2685.0,1545.0,105.0,2040.0,14.0,0.5,0.4,0.6
1974,2,285.0,37.0,7.8,12.7,16.36,12.18,78.0,4.42,14.0,0.5,0.5,0.4,4.12,10.0,13.99,9.14,77.0,5.07,16.0,0.5,0.5,0.4,3.46,4.77,8.38,5.4,68.0,2.15,16.0,0.5,0.5,0.4,56.9,68.4,87.7,70.4,69.0,15.6,16.0,0.5,0.4,4.1,9.3,14.21,9.19,79.0,4.4,16.0,0.5,0.5,0.4,-2.61,3.85,9.36,3.03,79.0,6.62,16.0,0.5,0.5,0.4,-8.74,-1.97,4.0,-2.18,79.0,6.86,16.0,0.5,0.5,0.4,1009.32,1015.75,1023.76,1015.52,80.0,7.33,14.0,0.5,0.5,0.4,0.7,4.0,8.0,4.4,75.0,3.1,16.0,0.5,0.5,0.4,-26.6,25.6,113.9,37.5,79.0,92.1,16.0,0.5,0.5,0.4,-93.6,-6.7,29.8,-27.4,79.0,88.8,16.0,0.5,0.5,0.4,-3.04,3.05,9.1,2.84,74.0,5.89,14.0,0.5,0.5,0.4,-23.0,21.3,99.4,29.2,72.0,60.7,16.0,0.5,0.5,0.4,1.0,4.08,6.68,3.73,67.0,3.0,14.0,0.5,0.5,0.4,4.2,28.2,73.9,34.5,65.0,35.2,16.0,0.5,0.5,0.4,-35.8,10.7,95.4,21.9,75.0,74.7,16.0,0.5,0.5,0.4,-60.7,-8.1,32.7,-4.1,75.0,69.6,16.0,0.5,0.5,0.4,-22.9,14.5,45.3,10.7,66.0,41.6,16.0,0.5,0.5,0.4,-36.7,-6.5,25.4,-3.8,66.0,41.9,16.0,0.5,0.5,0.4,-10.8,7.6,35.4,13.2,65.0,29.0,16.0,0.5,0.5,0.4,-49.7,-4.0,9.8,-11.4,65.0,35.9,16.0,0.5,0.5,0.4,69.0,804.5,2872.5,1321.0,79.0,1586.5,16.0,0.5,0.5,0.4,70.0,805.0,2870.0,1320.0,79.0,1585.0,16.0,0.5,0.5,0.4
1974,2,285.0,38.0,6.0,7.3,9.3,7.75,152.0,2.44,10.0,0.5,0.7,0.5,-1.0,3.0,8.99,3.84,159.0,4.98,10.0,0.5,0.7,0.5,3.02,3.79,6.57,4.59,39.0,1.92,14.0,0.5,0.7,0.4,58.2,76.2,91.6,75.2,39.0,15.7,14.0,0.5,0.4,3.0,7.0,12.12,7.5,156.0,4.35,10.0,0.5,0.7,0.5,-1.39,2.58,6.76,2.78,156.0,4.69,10.0,0.5,0.7,0.5,-7.93,-2.84,4.54,-2.17,156.0,6.4,10.0,0.5,0.7,0.5,1008.76,1015.0,1022.62,1015.2,158.0,7.43,10.0,0.5,0.7,0.5,0.0,5.0,8.0,4.4,131.0,3.1,10.0,0.6,0.7,0.5,-5.0,13.5,65.4,28.0,156.0,60.4,10.0,0.5,0.7,0.5,-81.3,-14.2,29.2,-20.2,156.0,79.7,10.0,0.5,0.7,0.5,-1.02,4.5,8.42,4.15,151.0,4.73,10.0,0.5,0.7,0.5,-7.1,19.9,70.3,30.1,147.0,49.1,10.0,0.5,0.7,0.5,0.53,2.58,5.85,2.76,34.0,2.53,14.0,0.5,0.7,0.4,0.2,19.2,59.6,26.6,33.0,36.7,14.0,0.5,0.7,0.4,-9.4,0.0,37.6,10.2,155.0,38.0,10.0,0.5,0.7,0.5,-25.6,0.0,32.1,7.5,155.0,48.6,10.0,0.5,0.7,0.5,-12.8,11.9,45.8,12.8,38.0,32.4,14.0,0.5,0.7,0.4,-30.7,-7.6,55.0,1.4,38.0,45.0,14.0,0.5,0.7,0.4,-5.8,3.8,23.1,9.0,33.0,27.6,14.0,0.5,0.7,0.4,-38.7,-9.8,0.0,-19.2,33.0,29.2,14.0,0.5,0.7,0.4,27.0,343.0,1781.5,870.0,156.0,1199.5,10.0,0.5,0.7,0.5,25.0,345.0,1780.0,870.0,156.0,1200.0,10.0,0.5,0.7,0.5
1974,2,285.0,39.0,5.57,7.2,8.43,7.38,56.0,2.01,10.0,0.4,0.9,0.1,-3.0,2.4,7.4,2.54,58.0,4.66,10.0,0.4,0.9,0.1,3.04,4.02,5.93,4.32,10.0,1.3,16.0,0.5,0.9,0.2,59.6,67.2,92.0,73.9,10.0,16.0,16.0,0.5,0.2,5.04,8.0,13.21,8.71,60.0,3.85,10.0,0.4,0.9,0.1,-1.1,4.35,9.48,3.91,60.0,6.24,10.0,0.4,0.9,0.1,-7.82,-4.12,4.44,-2.76,60.0,5.45,10.0,0.4,0.9,0.1,1007.72,1018.8,1027.13,1017.93,60.0,8.25,10.0,0.4,0.9,0.1,0.0,3.0,8.0,3.5,46.0,3.2,10.0,0.5,0.8,0.1,-7.1,25.1,103.0,41.9,60.0,87.9,10.0,0.4,0.9,0.1,-81.2,-30.7,23.8,-33.2,60.0,63.3,10.0,0.4,0.9,0.1,0.66,4.3,10.21,5.0,56.0,4.77,10.0,0.4,0.9,0.1,3.3,33.7,83.7,46.8,56.0,55.5,10.0,0.4,0.9,0.1,0.63,1.9,3.2,1.76,9.0,1.51,16.0,0.4,0.9,0.2,4.3,12.2,22.4,13.5,9.0,14.3,16.0,0.4,0.9,0.2,-31.1,1.2,28.2,-0.7,58.0,34.2,10.0,0.4,0.9,0.1,-16.3,1.0,36.3,4.7,58.0,34.4,10.0,0.4,0.9,0.1,2.8,14.1,26.6,11.3,10.0,24.0,16.0,0.5,0.9,0.2,-26.8,-17.6,22.4,-8.4,10.0,29.9,16.0,0.5,0.9,0.2,-4.4,4.1,12.2,1.5,9.0,14.0,16.0,0.4,0.9,0.2,-13.7,-7.2,-2.2,-5.1,9.0,13.5,16.0,0.4,0.9,0.2,128.0,512.0,2337.5,1082.5,60.0,1398.5,10.0,0.4,0.9,0.1,130.0,510.0,2340.0,1080.0,60.0,1400.0,10.0,0.4,0.9,0.1
1974,2,285.0,40.0,,,,,,,,,,,,,,,,,,,,,,,,,,,,,,,,,,,,,,,,2.85,5.75,8.65,5.75,2.0,6.01,8.0,0.5,0.3,0.4,-0.45,1.76,3.97,1.76,2.0,4.58,8.0,0.5,0.3,0.4,1.16,4.2,7.24,4.2,2.0,6.31,8.0,0.5,0.3,0.4,1017.14,1018.3,1019.46,1018.3,2.0,2.4,8.0,0.5,0.3,0.4,,,,,,,,,,,,,,,,,,,,,,,,,,,,,,,,,,,,,,,,,,,,,,,,,,,,,,,,,,,,,,,,,,,,,,,,,,,,,,,,,,,,,,,,,,,,,,,,,,,,,,,,,,,,,,,,,,,,,,,,,,,,,,,,,,,,,,,,,,,,,,,,,,,,,,
1974,2,286.0,-56.0,8.7,8.7,8.7,8.7,1.0,0.0,4.0,1.0,0.6,1.0,8.2,8.2,8.2,8.2,1.0,0.0,4.0,1.0,0.6,1.0,6.08,6.08,6.08,6.08,1.0,0.0,4.0,1.0,0.6,1.0,87.2,87.2,87.2,87.2,1.0,0.0,4.0,1.0,1.0,6.7,6.7,6.7,6.7,1.0,0.0,4.0,1.0,0.6,1.0,1.16,1.16,1.16,1.16,1.0,0.0,4.0,1.0,0.6,1.0,6.6,6.6,6.6,6.6,1.0,0.0,4.0,1.0,0.6,1.0,977.7,977.7,977.7,977.7,1.0,0.0,4.0,1.0,0.6,1.0,7.0,7.0,7.0,7.0,1.0,0.0,4.0,1.0,0.6,1.0,7.8,7.8,7.8,7.8,1.0,0.0,4.0,1.0,0.6,1.0,44.2,44.2,44.2,44.2,1.0,0.0,4.0,1.0,0.6,1.0,0.5,0.5,0.5,0.5,1.0,0.0,4.0,1.0,0.6,1.0,3.4,3.4,3.4,3.4,1.0,0.0,4.0,1.0,0.6,1.0,1.14,1.14,1.14,1.14,1.0,0.0,4.0,1.0,0.6,1.0,7.6,7.6,7.6,7.6,1.0,0.0,4.0,1.0,0.6,1.0,9.5,9.5,9.5,9.5,1.0,0.0,4.0,1.0,0.6,1.0,54.1,54.1,54.1,54.1,1.0,0.0,4.0,1.0,0.6,1.0,7.1,7.1,7.1,7.1,1.0,0.0,4.0,1.0,0.6,1.0,40.1,40.1,40.1,40.1,1.0,0.0,4.0,1.0,0.6,1.0,1.3,1.3,1.3,1.3,1.0,0.0,4.0,1.0,0.6,1.0,7.5,7.5,7.5,7.5,1.0,0.0,4.0,1.0,0.6,1.0,301.0,301.0,301.0,301.0,1.0,0.0,4.0,1.0,0.6,1.0,300.0,300.0,300.0,300.0,1.0,0.0,4.0,1.0,0.6,1.0
1974,2,286.0,-54.0,8.0,8.0,8.0,8.0,1.0,0.0,24.0,1.0,0.4,0.9,9.0,9.0,9.0,9.0,1.0,0.0,24.0,1.0,0.4,0.9,7.15,7.15,7.15,7.15,1.0,0.0,24.0,1.0,0.4,0.9,100.0,100.0,100.0,100.0,1.0,0.0,24.0,1.0,0.9,19.0,19.0,19.0,19.0,1.0,0.0,24.0,1.0,0.4,0.9,17.85,17.85,17.85,17.85,1.0,0.0,24.0,1.0,0.4,0.9,-6.5,-6.5,-6.5,-6.5,1.0,0.0,24.0,1.0,0.4,0.9,1006.6,1006.6,1006.6,1006.6,1.0,0.0,24.0,1.0,0.4,0.9,8.0,8.0,8.0,8.0,1.0,0.0,24.0,1.0,0.4,0.9,339.2,339.2,339.2,339.2,1.0,0.0,24.0,1.0,0.4,0.9,-123.5,-123.5,-123.5,-123.5,1.0,0.0,24.0,1.0,0.4,0.9,-1.0,-1.0,-1.0,-1.0,1.0,0.0,24.0,1.0,0.4,0.9,-19.0,-19.0,-19.0,-19.0,1.0,0.0,24.0,1.0,0.4,0.9,-0.47,-0.47,-0.47,-0.47,1.0,0.0,24.0,1.0,0.4,0.9,-8.9,-8.9,-8.9,-8.9,1.0,0.0,24.0,1.0,0.4,0.9,160.7,160.7,160.7,160.7,1.0,0.0,24.0,1.0,0.4,0.9,-58.5,-58.5,-58.5,-58.5,1.0,0.0,24.0,1.0,0.4,0.9,127.7,127.7,127.7,127.7,1.0,0.0,24.0,1.0,0.4,0.9,-46.5,-46.5,-46.5,-46.5,1.0,0.0,24.0,1.0,0.4,0.9,-8.4,-8.4,-8.4,-8.4,1.0,0.0,24.0,1.0,0.4,0.9,3.1,3.1,3.1,3.1,1.0,0.0,24.0,1.0,0.4,0.9,6859.0,6859.0,6859.0,6859.0,1.0,0.0,24.0,1.0,0.4,0.9,6860.0,6860.0,6860.0,6860.0,1.0,0.0,24.0,1.0,0.4,0.9
1974,2,286.0,-53.0,8.0,8.0,8.0,8.0,1.0,0.0,26.0,1.0,0.2,0.9,9.5,9.5,9.5,9.5,1.0,0.0,26.0,1.0,0.2,0.9,6.96,6.96,6.96,6.96,1.0,0.0,26.0,1.0,0.2,0.9,94.1,94.1,94.1,94.1,1.0,0.0,26.0,1.0,0.9,15.4,15.4,15.4,15.4,1.0,0.0,26.0,1.0,0.2,0.9,9.9,9.9,9.9,9.9,1.0,0.0,26.0,1.0,0.2,0.9,-11.8,-11.8,-11.8,-11.8,1.0,0.0,26.0,1.0,0.2,0.9,1007.3,1007.3,1007.3,1007.3,1.0,0.0,26.0,1.0,0.2,0.9,8.0,8.0,8.0,8.0,1.0,0.0,26.0,1.0,0.2,0.9,152.4,152.4,152.4,152.4,1.0,0.0,26.0,1.0,0.2,0.9,-181.7,-181.7,-181.7,-181.7,1.0,0.0,26.0,1.0,0.2,0.9,-1.5,-1.5,-1.5,-1.5,1.0,0.0,26.0,1.0,0.2,0.9,-23.1,-23.1,-23.1,-23.1,1.0,0.0,26.0,1.0,0.2,0.9,-0.28,-0.28,-0.28,-0.28,1.0,0.0,26.0,1.0,0.2,0.9,-4.3,-4.3,-4.3,-4.3,1.0,0.0,26.0,1.0,0.2,0.9,94.0,94.0,94.0,94.0,1.0,0.0,26.0,1.0,0.2,0.9,-112.1,-112.1,-112.1,-112.1,1.0,0.0,26.0,1.0,0.2,0.9,68.9,68.9,68.9,68.9,1.0,0.0,26.0,1.0,0.2,0.9,-82.1,-82.1,-82.1,-82.1,1.0,0.0,26.0,1.0,0.2,0.9,-2.8,-2.8,-2.8,-2.8,1.0,0.0,26.0,1.0,0.2,0.9,3.3,3.3,3.3,3.3,1.0,0.0,26.0,1.0,0.2,0.9,3652.5,3652.5,3652.5,3652.5,1.0,0.0,26.0,1.0,0.2,0.9,3650.0,3650.0,3650.0,3650.0,1.0,0.0,26.0,1.0,0.2,0.9
1974,2,286.0,-38.0,15.0,15.0,15.0,15.0,1.0,0.0,14.0,1.0,0.1,0.5,17.4,17.4,17.4,17.4,1.0,0.0,14.0,1.0,0.1,0.5,10.48,10.48,10.48,10.48,1.0,0.0,14.0,1.0,0.1,0.5,85.3,85.3,85.3,85.3,1.0,0.0,14.0,1.0,0.5,6.7,6.7,6.7,6.7,1.0,0.0,14.0,1.0,0.1,0.5,2.29,2.29,2.29,2.29,1.0,0.0,14.0,1.0,0.1,0.5,6.3,6.3,6.3,6.3,1.0,0.0,14.0,1.0,0.1,0.5,1016.0,1016.0,1016.0,1016.0,1.0,0.0,14.0,1.0,0.1,0.5,0.0,0.0,0.0,0.0,1.0,0.0,14.0,1.0,0.1,0.5,15.4,15.4,15.4,15.4,1.0,0.0,14.0,1.0,0.1,0.5,42.2,42.2,42.2,42.2,1.0,0.0,14.0,1.0,0.1,0.5,-2.4,-2.4,-2.4,-2.4,1.0,0.0,14.0,1.0,0.1,0.5,-16.1,-16.1,-16.1,-16.1,1.0,0.0,14.0,1.0,0.1,0.5,0.07,0.07,0.07,0.07,1.0,0.0,14.0,1.0,0.1,0.5,0.5,0.5,0.5,0.5,1.0,0.0,14.0,1.0,0.1,0.5,39.9,39.9,39.9,39.9,1.0,0.0,14.0,1.0,0.1,0.5,109.5,109.5,109.5,109.5,1.0,0.0,14.0,1.0,0.1,0.5,24.0,24.0,24.0,24.0,1.0,0.0,14.0,1.0,0.1,0.5,66.0,66.0,66.0,66.0,1.0,0.0,14.0,1.0,0.1,0.5,0.2,0.2,0.2,0.2,1.0,0.0,14.0,1.0,0.1,0.5,0.4,0.4,0.4,0.4,1.0,0.0,14.0,1.0,0.1,0.5,301.0,301.0,301.0,301.0,1.0,0.0,14.0,1.0,0.1,0.5,300.0,300.0,300.0,300.0,1.0,0.0,14.0,1.0,0.1,0.5
1974,2,286.0,-37.0,13.71,14.15,14.59,14.15,2.0,0.92,16.0,0.0,0.6,0.8,14.28,14.45,14.62,14.45,2.0,0.35,16.0,0.0,0.6,0.8,8.56,8.7,8.83,8.7,2.0,0.28,16.0,0.0,0.6,0.8,83.3,85.6,87.9,85.6,2.0,4.7,16.0,0.0,0.8,0.41,1.3,2.19,1.3,2.0,1.84,16.0,0.0,0.6,0.8,0.39,1.22,2.06,1.22,2.0,1.73,16.0,0.0,0.6,0.8,0.14,0.44,0.75,0.44,2.0,0.63,16.0,0.0,0.6,0.8,1015.41,1015.65,1015.89,1015.65,2.0,0.5,16.0,0.0,0.6,0.8,7.2,7.5,7.8,7.5,2.0,0.7,16.0,0.0,0.6,0.8,1.0,3.2,5.3,3.2,2.0,4.5,16.0,0.0,0.6,0.8,0.4,1.2,1.9,1.2,2.0,1.6,16.0,0.0,0.6,0.8,-0.57,-0.3,-0.03,-0.3,2.0,0.57,16.0,0.0,0.6,0.8,-1.5,-0.9,-0.3,-0.9,2.0,1.3,16.0,0.0,0.6,0.8,0.87,1.29,1.72,1.29,2.0,0.88,16.0,0.0,0.6,0.8,0.3,0.9,1.5,0.9,2.0,1.2,16.0,0.0,0.6,0.8,5.5,17.3,29.2,17.3,2.0,24.5,16.0,0.0,0.6,0.8,2.0,6.3,10.6,6.3,2.0,8.9,16.0,0.0,0.6,0.8,3.4,10.9,18.3,10.9,2.0,15.4,16.0,0.0,0.6,0.8,1.3,4.0,6.7,4.0,2.0,5.6,16.0,0.0,0.6,0.8,0.3,0.8,1.4,0.8,2.0,1.2,16.0,0.0,0.6,0.8,0.1,0.3,0.5,0.3,2.0,0.4,16.0,0.0,0.6,0.8,3.0,9.0,15.0,9.0,2.0,12.5,16.0,0.0,0.6,0.8,5.0,10.0,15.0,10.0,2.0,10.0,16.0,0.0,0.6,0.8
1974,2,286.0,-36.0,15.7,15.9,16.65,16.17,3.0,0.74,12.0,0.7,0.9,0.5,14.91,16.0,16.14,15.53,3.0,0.99,12.0,0.7,0.9,0.5,8.16,8.9,9.19,8.68,3.0,0.78,12.0,0.7,0.9,0.5,73.1,82.9,86.2,79.7,3.0,10.0,12.0,0.7,0.5,1.83,3.6,6.74,4.27,3.0,3.65,12.0,0.7,0.9,0.5,1.76,3.38,4.67,3.22,3.0,2.14,12.0,0.7,0.9,0.5,0.39,1.23,4.68,2.5,3.0,3.33,12.0,0.7,0.9,0.5,1014.04,1015.2,1015.47,1014.77,3.0,1.12,12.0,0.7,0.9,0.5,2.2,7.0,7.7,5.0,3.0,4.4,12.0,0.7,0.9,0.5,4.5,12.2,33.4,18.8,3.0,21.9,12.0,0.7,0.9,0.5,1.4,4.4,36.6,18.6,3.0,28.5,12.0,0.7,0.9,0.5,-0.44,-0.1,1.74,0.63,3.0,1.72,12.0,0.7,0.9,0.5,-3.4,-0.1,6.4,1.4,3.0,7.3,12.0,0.7,0.9,0.5,2.26,3.1,3.16,2.72,3.0,0.74,12.0,0.7,0.9,0.5,4.8,11.2,21.4,13.0,3.0,12.2,12.0,0.7,0.9,0.5,26.4,48.7,73.7,50.0,3.0,34.7,12.0,0.7,0.9,0.5,5.6,17.7,75.1,39.8,3.0,54.4,12.0,0.7,0.9,0.5,15.9,30.1,37.7,26.9,3.0,16.2,12.0,0.7,0.9,0.5,3.5,11.0,37.0,20.0,3.0,25.7,12.0,0.7,0.9,0.5,4.6,10.5,14.8,9.7,3.0,7.5,12.0,0.7,0.9,0.5,1.2,3.8,14.9,7.9,3.0,10.6,12.0,0.7,0.9,0.5,15.5,46.5,391.0,199.5,3.0,305.5,12.0,0.7,0.9,0.5,15.0,45.0,390.0,200.0,3.0,305.0,12.0,0.7,0.9,0.5
1974,2,286.0,-35.0,17.0,17.0,17.0,17.0,2.0,0.0,10.0,1.0,0.5,0.6,15.61,15.85,16.09,15.85,2.0,0.49,10.0,1.0,0.5,0.6,9.48,9.57,9.65,9.57,2.0,0.18,10.0,1.0,0.5,0.6,85.4,85.9,86.5,85.9,2.0,1.1,10.0,1.0,0.6,2.5,3.35,4.2,3.35,2.0,1.77,10.0,1.0,0.5,0.6,1.24,2.35,3.47,2.35,2.0,2.31,10.0,1.0,0.5,0.6,2.03,2.14,2.25,2.14,2.0,0.23,10.0,1.0,0.5,0.6,1015.8,1015.8,1015.8,1015.8,2.0,0.0,10.0,1.0,0.5,0.6,8.0,8.0,8.0,8.0,2.0,0.0,10.0,1.0,0.5,0.6,4.2,9.9,15.7,9.9,2.0,11.9,10.0,1.0,0.5,0.6,5.2,7.4,9.6,7.4,2.0,4.6,10.0,1.0,0.5,0.6,0.91,1.15,1.39,1.15,2.0,0.49,10.0,1.0,0.5,0.6,2.5,4.3,6.1,4.3,2.0,3.7,10.0,1.0,0.5,0.6,2.34,2.43,2.52,2.43,2.0,0.18,10.0,1.0,0.5,0.6,5.9,8.3,10.7,8.3,2.0,4.9,10.0,1.0,0.5,0.6,19.6,36.7,53.8,36.7,2.0,35.4,10.0,1.0,0.5,0.6,32.6,33.8,35.1,33.8,2.0,2.6,10.0,1.0,0.5,0.6,11.8,22.3,32.8,22.3,2.0,21.7,10.0,1.0,0.5,0.6,19.5,20.4,21.3,20.4,2.0,1.8,10.0,1.0,0.5,0.6,3.0,5.9,8.8,5.9,2.0,6.0,10.0,1.0,0.5,0.6,4.8,5.2,5.7,5.2,2.0,0.9,10.0,1.0,0.5,0.6,23.0,53.5,83.5,53.5,2.0,62.5,10.0,1.0,0.5,0.6,25.0,55.0,85.0,55.0,2.0,60.0,10.0,1.0,0.5,0.6
1974,2,286.0,-34.0,17.0,17.0,17.0,17.0,1.0,0.0,10.0,1.0,0.3,0.7,15.6,15.6,15.6,15.6,1.0,0.0,10.0,1.0,0.3,0.7,9.2,9.2,9.2,9.2,1.0,0.0,10.0,1.0,0.3,0.7,84.0,84.0,84.0,84.0,1.0,0.0,10.0,1.0,0.7,2.1,2.1,2.1,2.1,1.0,0.0,10.0,1.0,0.3,0.7,0.72,0.72,0.72,0.72,1.0,0.0,10.0,1.0,0.3,0.7,1.97,1.97,1.97,1.97,1.0,0.0,10.0,1.0,0.3,0.7,1015.3,1015.3,1015.3,1015.3,1.0,0.0,10.0,1.0,0.3,0.7,8.0,8.0,8.0,8.0,1.0,0.0,10.0,1.0,0.3,0.7,1.5,1.5,1.5,1.5,1.0,0.0,10.0,1.0,0.3,0.7,4.1,4.1,4.1,4.1,1.0,0.0,10.0,1.0,0.3,0.7,1.4,1.4,1.4,1.4,1.0,0.0,10.0,1.0,0.3,0.7,2.9,2.9,2.9,2.9,1.0,0.0,10.0,1.0,0.3,0.7,2.8,2.8,2.8,2.8,1.0,0.0,10.0,1.0,0.3,0.7,5.9,5.9,5.9,5.9,1.0,0.0,10.0,1.0,0.3,0.7,11.2,11.2,11.2,11.2,1.0,0.0,10.0,1.0,0.3,0.7,30.8,30.8,30.8,30.8,1.0,0.0,10.0,1.0,0.3,0.7,6.6,6.6,6.6,6.6,1.0,0.0,10.0,1.0,0.3,0.7,18.2,18.2,18.2,18.2,1.0,0.0,10.0,1.0,0.3,0.7,2.0,2.0,2.0,2.0,1.0,0.0,10.0,1.0,0.3,0.7,5.5,5.5,5.5,5.5,1.0,0.0,10.0,1.0,0.3,0.7,9.5,9.5,9.5,9.5,1.0,0.0,10.0,1.0,0.3,0.7,10.0,10.0,10.0,10.0,1.0,0.0,10.0,1.0,0.3,0.7
1974,2,286.0,-32.0,16.7,16.7,16.7,16.7,1.0,0.0,8.0,0.0,0.1,0.1,16.2,16.2,16.2,16.2,1.0,0.0,8.0,0.0,0.1,0.1,7.21,7.21,7.21,7.21,1.0,0.0,8.0,0.0,0.1,0.1,63.2,63.2,63.2,63.2,1.0,0.0,8.0,0.0,0.1,6.2,6.2,6.2,6.2,1.0,0.0,8.0,0.0,0.1,0.1,3.99,3.99,3.99,3.99,1.0,0.0,8.0,0.0,0.1,0.1,4.75,4.75,4.75,4.75,1.0,0.0,8.0,0.0,0.1,0.1,1012.5,1012.5,1012.5,1012.5,1.0,0.0,8.0,0.0,0.1,0.1,4.0,4.0,4.0,4.0,1.0,0.0,8.0,0.0,0.1,0.1,24.7,24.7,24.7,24.7,1.0,0.0,8.0,0.0,0.1,0.1,29.4,29.4,29.4,29.4,1.0,0.0,8.0,0.0,0.1,0.1,0.5,0.5,0.5,0.5,1.0,0.0,8.0,0.0,0.1,0.1,3.1,3.1,3.1,3.1,1.0,0.0,8.0,0.0,0.1,0.1,4.6,4.6,4.6,4.6,1.0,0.0,8.0,0.0,0.1,0.1,28.5,28.5,28.5,28.5,1.0,0.0,8.0,0.0,0.1,0.1,64.6,64.6,64.6,64.6,1.0,0.0,8.0,0.0,0.1,0.1,76.9,76.9,76.9,76.9,1.0,0.0,8.0,0.0,0.1,0.1,28.7,28.7,28.7,28.7,1.0,0.0,8.0,0.0,0.1,0.1,34.2,34.2,34.2,34.2,1.0,0.0,8.0,0.0,0.1,0.1,18.3,18.3,18.3,18.3,1.0,0.0,8.0,0.0,0.1,0.1,21.9,21.9,21.9,21.9,1.0,0.0,8.0,0.0,0.1,0.1,238.5,238.5,238.5,238.5,1.0,0.0,8.0,0.0,0.1,0.1,240.0,240.0,240.0,240.0,1.0,0.0,8.0,0.0,0.1,0.1
1974,2,286.0,-29.0,15.0,15.0,15.0,15.0,1.0,0.0,8.0,1.0,0.6,0.6,20.0,20.0,20.0,20.0,1.0,0.0,8.0,1.0,0.6,0.6,9.89,9.89,9.89,9.89,1.0,0.0,8.0,1.0,0.6,0.6,68.4,68.4,68.4,68.4,1.0,0.0,8.0,1.0,0.6,8.7,8.7,8.7,8.7,1.0,0.0,8.0,1.0,0.6,0.6,5.59,5.59,5.59,5.59,1.0,0.0,8.0,1.0,0.6,0.6,6.66,6.66,6.66,6.66,1.0,0.0,8.0,1.0,0.6,0.6,1014.8,1014.8,1014.8,1014.8,1.0,0.0,8.0,1.0,0.6,0.6,8.0,8.0,8.0,8.0,1.0,0.0,8.0,1.0,0.6,0.6,48.7,48.7,48.7,48.7,1.0,0.0,8.0,1.0,0.6,0.6,58.0,58.0,58.0,58.0,1.0,0.0,8.0,1.0,0.6,0.6,-5.0,-5.0,-5.0,-5.0,1.0,0.0,8.0,1.0,0.6,0.6,-43.5,-43.5,-43.5,-43.5,1.0,0.0,8.0,1.0,0.6,0.6,0.67,0.67,0.67,0.67,1.0,0.0,8.0,1.0,0.6,0.6,5.8,5.8,5.8,5.8,1.0,0.0,8.0,1.0,0.6,0.6,111.8,111.8,111.8,111.8,1.0,0.0,8.0,1.0,0.6,0.6,133.3,133.3,133.3,133.3,1.0,0.0,8.0,1.0,0.6,0.6,55.3,55.3,55.3,55.3,1.0,0.0,8.0,1.0,0.6,0.6,65.9,65.9,65.9,65.9,1.0,0.0,8.0,1.0,0.6,0.6,3.7,3.7,3.7,3.7,1.0,0.0,8.0,1.0,0.6,0.6,4.4,4.4,4.4,4.4,1.0,0.0,8.0,1.0,0.6,0.6,658.5,658.5,658.5,658.5,1.0,0.0,8.0,1.0,0.6,0.6,660.0,660.0,660.0,660.0,1.0,0.0,8.0,1.0,0.6,0.6
1974,2,286.0,-28.0,19.7,19.7,19.7,19.7,1.0,0.0,18.0,1.0,0.7,0.5,19.2,19.2,19.2,19.2,1.0,0.0,18.0,1.0,0.7,0.5,8.68,8.68,8.68,8.68,1.0,0.0,18.0,1.0,0.7,0.5,63.0,63.0,63.0,63.0,1.0,0.0,18.0,1.0,0.5,10.3,10.3,10.3,10.3,1.0,0.0,18.0,1.0,0.7,0.5,3.52,3.52,3.52,3.52,1.0,0.0,18.0,1.0,0.7,0.5,9.68,9.68,9.68,9.68,1.0,0.0,18.0,1.0,0.7,0.5,1014.2,1014.2,1014.2,1014.2,1.0,0.0,18.0,1.0,0.7,0.5,7.0,7.0,7.0,7.0,1.0,0.0,18.0,1.0,0.7,0.5,36.3,36.3,36.3,36.3,1.0,0.0,18.0,1.0,0.7,0.5,99.7,99.7,99.7,99.7,1.0,0.0,18.0,1.0,0.7,0.5,0.5,0.5,0.5,0.5,1.0,0.0,18.0,1.0,0.7,0.5,5.2,5.2,5.2,5.2,1.0,0.0,18.0,1.0,0.7,0.5,5.58,5.58,5.58,5.58,1.0,0.0,18.0,1.0,0.7,0.5,57.4,57.4,57.4,57.4,1.0,0.0,18.0,1.0,0.7,0.5,67.6,67.6,67.6,67.6,1.0,0.0,18.0,1.0,0.7,0.5,185.8,185.8,185.8,185.8,1.0,0.0,18.0,1.0,0.7,0.5,30.6,30.6,30.6,30.6,1.0,0.0,18.0,1.0,0.7,0.5,84.0,84.0,84.0,84.0,1.0,0.0,18.0,1.0,0.7,0.5,19.6,19.6,19.6,19.6,1.0,0.0,18.0,1.0,0.7,0.5,54.0,54.0,54.0,54.0,1.0,0.0,18.0,1.0,0.7,0.5,1092.5,1092.5,1092.5,1092.5,1.0,0.0,18.0,1.0,0.7,0.5,1095.0,1095.0,1095.0,1095.0,1.0,0.0,18.0,1.0,0.7,0.5
1974,2,286.0,-27.0,18.5,18.5,18.5,18.5,1.0,0.0,18.0,1.0,0.5,0.4,18.0,18.0,18.0,18.0,1.0,0.0,18.0,1.0,0.5,0.4,8.23,8.23,8.23,8.23,1.0,0.0,18.0,1.0,0.5,0.4,64.4,64.4,64.4,64.4,1.0,0.0,18.0,1.0,0.4,8.2,8.2,8.2,8.2,1.0,0.0,18.0,1.0,0.5,0.4,1.42,1.42,1.42,1.42,1.0,0.0,18.0,1.0,0.5,0.4,8.08,8.08,8.08,8.08,1.0,0.0,18.0,1.0,0.5,0.4,1014.8,1014.8,1014.8,1014.8,1.0,0.0,18.0,1.0,0.5,0.4,7.0,7.0,7.0,7.0,1.0,0.0,18.0,1.0,0.5,0.4,11.7,11.7,11.7,11.7,1.0,0.0,18.0,1.0,0.5,0.4,66.2,66.2,66.2,66.2,1.0,0.0,18.0,1.0,0.5,0.4,0.5,0.5,0.5,0.5,1.0,0.0,18.0,1.0,0.5,0.4,4.1,4.1,4.1,4.1,1.0,0.0,18.0,1.0,0.5,0.4,4.99,4.99,4.99,4.99,1.0,0.0,18.0,1.0,0.5,0.4,40.9,40.9,40.9,40.9,1.0,0.0,18.0,1.0,0.5,0.4,25.6,25.6,25.6,25.6,1.0,0.0,18.0,1.0,0.5,0.4,145.4,145.4,145.4,145.4,1.0,0.0,18.0,1.0,0.5,0.4,11.7,11.7,11.7,11.7,1.0,0.0,18.0,1.0,0.5,0.4,66.4,66.4,66.4,66.4,1.0,0.0,18.0,1.0,0.5,0.4,7.1,7.1,7.1,7.1,1.0,0.0,18.0,1.0,0.5,0.4,40.3,40.3,40.3,40.3,1.0,0.0,18.0,1.0,0.5,0.4,551.5,551.5,551.5,551.5,1.0,0.0,18.0,1.0,0.5,0.4,550.0,550.0,550.0,550.0,1.0,0.0,18.0,1.0,0.5,0.4
1974,2,286.0,-26.0,18.0,18.0,18.0,18.0,1.0,0.0,20.0,0.0,0.9,0.7,19.6,19.6,19.6,19.6,1.0,0.0,20.0,0.0,0.9,0.7,11.65,11.65,11.65,11.65,1.0,0.0,20.0,0.0,0.9,0.7,82.3,82.3,82.3,82.3,1.0,0.0,20.0,0.0,0.7,5.7,5.7,5.7,5.7,1.0,0.0,20.0,0.0,0.9,0.7,-0.99,-0.99,-0.99,-0.99,1.0,0.0,20.0,0.0,0.9,0.7,5.61,5.61,5.61,5.61,1.0,0.0,20.0,0.0,0.9,0.7,1013.4,1013.4,1013.4,1013.4,1.0,0.0,20.0,0.0,0.9,0.7,8.0,8.0,8.0,8.0,1.0,0.0,20.0,0.0,0.9,0.7,-5.6,-5.6,-5.6,-5.6,1.0,0.0,20.0,0.0,0.9,0.7,32.0,32.0,32.0,32.0,1.0,0.0,20.0,0.0,0.9,0.7,-1.6,-1.6,-1.6,-1.6,1.0,0.0,20.0,0.0,0.9,0.7,-9.1,-9.1,-9.1,-9.1,1.0,0.0,20.0,0.0,0.9,0.7,1.17,1.17,1.17,1.17,1.0,0.0,20.0,0.0,0.9,0.7,6.7,6.7,6.7,6.7,1.0,0.0,20.0,0.0,0.9,0.7,-19.4,-19.4,-19.4,-19.4,1.0,0.0,20.0,0.0,0.9,0.7,110.0,110.0,110.0,110.0,1.0,0.0,20.0,0.0,0.9,0.7,-11.5,-11.5,-11.5,-11.5,1.0,0.0,20.0,0.0,0.9,0.7,65.4,65.4,65.4,65.4,1.0,0.0,20.0,0.0,0.9,0.7,-1.2,-1.2,-1.2,-1.2,1.0,0.0,20.0,0.0,0.9,0.7,6.6,6.6,6.6,6.6,1.0,0.0,20.0,0.0,0.9,0.7,185.0,185.0,185.0,185.0,1.0,0.0,20.0,0.0,0.9,0.7,185.0,185.0,185.0,185.0,1.0,0.0,20.0,0.0,0.9,0.7
1974,2,286.0,-25.0,19.22,19.7,20.18,19.7,2.0,0.99,24.0,0.0,0.7,1.0,19.11,19.35,19.59,19.35,2.0,0.49,24.0,0.0,0.7,1.0,9.21,9.88,10.54,9.88,2.0,1.37,24.0,0.0,0.7,1.0,67.2,70.9,74.5,70.9,2.0,7.6,24.0,0.0,1.0,2.5,3.35,4.2,3.35,2.0,1.77,24.0,0.0,0.7,1.0,1.0,1.43,1.87,1.43,2.0,0.9,24.0,0.0,0.7,1.0,0.41,2.08,3.75,2.08,2.0,3.46,24.0,0.0,0.7,1.0,1013.82,1014.3,1014.78,1014.3,2.0,0.99,24.0,0.0,0.7,1.0,8.0,8.0,8.0,8.0,2.0,0.0,24.0,0.0,0.7,1.0,3.8,4.0,4.2,4.0,2.0,0.5,24.0,0.0,0.7,1.0,2.7,10.0,17.4,10.0,2.0,15.3,24.0,0.0,0.7,1.0,-0.37,0.35,1.07,0.35,2.0,1.48,24.0,0.0,0.7,1.0,-0.2,2.5,5.2,2.5,2.0,5.6,24.0,0.0,0.7,1.0,3.3,4.39,5.47,4.39,2.0,2.24,24.0,0.0,0.7,1.0,9.3,16.7,24.1,16.7,2.0,15.3,24.0,0.0,0.7,1.0,19.2,28.0,36.7,28.0,2.0,18.1,24.0,0.0,0.7,1.0,7.6,39.4,71.3,39.4,2.0,65.9,24.0,0.0,0.7,1.0,9.5,14.8,20.0,14.8,2.0,10.8,24.0,0.0,0.7,1.0,3.1,18.2,33.3,18.2,2.0,31.3,24.0,0.0,0.7,1.0,4.9,5.3,5.6,5.3,2.0,0.7,24.0,0.0,0.7,1.0,3.4,13.0,22.6,13.0,2.0,19.9,24.0,0.0,0.7,1.0,23.0,53.5,83.5,53.5,2.0,62.5,24.0,0.0,0.7,1.0,25.0,55.0,85.0,55.0,2.0,60.0,24.0,0.0,0.7,1.0
1974,2,286.0,-19.0,24.0,24.0,24.0,24.0,1.0,0.0,18.0,1.0,0.5,0.1,22.8,22.8,22.8,22.8,1.0,0.0,18.0,1.0,0.5,0.1,12.35,12.35,12.35,12.35,1.0,0.0,18.0,1.0,0.5,0.1,71.6,71.6,71.6,71.6,1.0,0.0,18.0,1.0,0.1,4.1,4.1,4.1,4.1,1.0,0.0,18.0,1.0,0.5,0.1,-1.4,-1.4,-1.4,-1.4,1.0,0.0,18.0,1.0,0.5,0.1,3.85,3.85,3.85,3.85,1.0,0.0,18.0,1.0,0.5,0.1,1012.2,1012.2,1012.2,1012.2,1.0,0.0,18.0,1.0,0.5,0.1,7.0,7.0,7.0,7.0,1.0,0.0,18.0,1.0,0.5,0.1,-5.7,-5.7,-5.7,-5.7,1.0,0.0,18.0,1.0,0.5,0.1,15.8,15.8,15.8,15.8,1.0,0.0,18.0,1.0,0.5,0.1,1.2,1.2,1.2,1.2,1.0,0.0,18.0,1.0,0.5,0.1,4.9,4.9,4.9,4.9,1.0,0.0,18.0,1.0,0.5,0.1,6.28,6.28,6.28,6.28,1.0,0.0,18.0,1.0,0.5,0.1,25.7,25.7,25.7,25.7,1.0,0.0,18.0,1.0,0.5,0.1,-32.0,-32.0,-32.0,-32.0,1.0,0.0,18.0,1.0,0.5,0.1,87.8,87.8,87.8,87.8,1.0,0.0,18.0,1.0,0.5,0.1,-17.3,-17.3,-17.3,-17.3,1.0,0.0,18.0,1.0,0.5,0.1,47.6,47.6,47.6,47.6,1.0,0.0,18.0,1.0,0.5,0.1,-8.8,-8.8,-8.8,-8.8,1.0,0.0,18.0,1.0,0.5,0.1,24.2,24.2,24.2,24.2,1.0,0.0,18.0,1.0,0.5,0.1,69.0,69.0,69.0,69.0,1.0,0.0,18.0,1.0,0.5,0.1,70.0,70.0,70.0,70.0,1.0,0.0,18.0,1.0,0.5,0.1
1974,2,286.0,-17.0,15.76,17.3,20.17,18.12,5.0,3.62,26.0,0.6,0.5,0.5,18.48,19.45,22.21,20.3,4.0,2.78,26.0,0.5,0.5,0.5,11.71,11.82,13.25,12.45,4.0,1.36,26.0,0.5,0.5,0.5,79.3,84.1,88.6,83.9,4.0,6.1,26.0,0.5,0.5,3.55,4.6,5.1,4.3,5.0,1.04,26.0,0.6,0.5,0.5,-4.71,-4.04,-3.02,-3.89,5.0,0.98,26.0,0.6,0.5,0.5,0.62,0.8,1.99,1.35,5.0,1.44,26.0,0.6,0.5,0.5,1011.13,1011.5,1011.97,1011.5,5.0,0.62,26.0,0.6,0.5,0.5,3.0,4.0,4.4,3.8,5.0,0.8,26.0,0.6,0.5,0.5,-22.6,-16.7,-12.9,-17.3,5.0,7.0,26.0,0.6,0.5,0.5,2.3,3.7,10.1,6.4,5.0,7.6,26.0,0.6,0.5,0.5,-2.22,-1.5,-0.57,-1.4,4.0,1.1,26.0,0.5,0.5,0.5,-10.9,-6.6,-2.3,-6.6,4.0,5.6,26.0,0.5,0.5,0.5,0.07,0.66,2.81,1.4,4.0,2.13,26.0,0.5,0.5,0.5,0.4,2.9,13.9,6.9,4.0,10.9,26.0,0.5,0.5,0.5,-91.2,-80.6,-78.1,-84.5,4.0,10.5,26.0,0.5,0.5,0.5,13.9,16.0,58.1,35.1,4.0,39.9,26.0,0.5,0.5,0.5,-56.5,-50.2,-47.5,-51.9,4.0,5.8,26.0,0.5,0.5,0.5,8.8,9.9,34.7,21.2,4.0,23.6,26.0,0.5,0.5,0.5,-9.5,-2.9,-0.4,-4.9,4.0,6.9,26.0,0.5,0.5,0.5,0.1,0.5,9.6,4.6,4.0,8.7,26.0,0.5,0.5,0.5,50.0,97.5,132.5,90.0,5.0,48.5,26.0,0.6,0.5,0.5,50.0,95.0,135.0,90.0,5.0,50.0,26.0,0.6,0.5,0.5
1974,2,286.0,11.0,25.2,26.7,26.7,25.97,3.0,1.27,12.0,0.7,0.3,0.8,25.13,25.4,25.47,25.3,3.0,0.26,12.0,0.7,0.3,0.8,17.09,17.28,17.43,17.26,3.0,0.25,12.0,0.7,0.3,0.8,84.7,86.1,86.8,85.7,3.0,1.6,12.0,0.7,0.8,7.36,7.7,9.47,8.4,3.0,1.66,12.0,0.7,0.3,0.8,-8.39,-7.24,-5.46,-6.93,3.0,2.16,12.0,0.7,0.3,0.8,-5.4,-5.15,-3.43,-4.43,3.0,1.57,12.0,0.7,0.3,0.8,1009.31,1011.9,1012.99,1011.17,3.0,2.77,12.0,0.7,0.3,0.8,0.3,1.0,1.0,0.7,3.0,0.6,12.0,0.7,0.3,0.8,-80.4,-55.7,-40.4,-60.3,3.0,29.5,12.0,0.7,0.3,0.8,-48.8,-39.7,-26.4,-37.7,3.0,16.5,12.0,0.7,0.3,0.8,-0.23,1.2,1.54,0.67,3.0,1.38,12.0,0.7,0.3,0.8,-3.4,9.2,11.3,4.1,3.0,11.6,12.0,0.7,0.3,0.8,2.9,4.39,4.63,3.78,3.0,1.37,12.0,0.7,0.3,0.8,26.2,33.8,34.0,30.2,3.0,6.5,12.0,0.7,0.3,0.8,-213.2,-184.5,-137.5,-175.6,3.0,56.0,12.0,0.7,0.3,0.8,-135.6,-130.8,-87.4,-112.0,3.0,39.0,12.0,0.7,0.3,0.8,-143.7,-126.6,-94.8,-119.4,3.0,36.4,12.0,0.7,0.3,0.8,-92.8,-87.5,-59.3,-76.3,3.0,26.5,12.0,0.7,0.3,0.8,-28.6,-21.9,-20.4,-24.5,3.0,6.4,12.0,0.7,0.3,0.8,-21.5,-11.6,-11.4,-16.3,3.0,8.5,12.0,0.7,0.3,0.8,399.5,456.5,891.0,641.0,3.0,393.5,12.0,0.7,0.3,0.8,400.0,455.0,890.0,640.0,3.0,395.0,12.0,0.7,0.3,0.8
1974,2,286.0,12.0,24.0,24.8,26.16,25.01,18.0,1.15,12.0,0.7,0.6,0.2,23.87,25.45,26.22,25.21,18.0,1.27,12.0,0.7,0.6,0.2,16.31,16.79,17.68,16.88,18.0,0.92,12.0,0.7,0.6,0.2,79.5,84.5,91.4,84.5,18.0,6.8,12.0,0.7,0.2,5.61,8.2,11.53,8.56,19.0,2.69,12.0,0.7,0.6,0.2,-9.99,-7.12,-4.1,-7.09,19.0,2.81,12.0,0.7,0.6,0.2,-6.54,-4.1,-0.68,-3.89,19.0,2.76,12.0,0.7,0.6,0.2,1009.63,1011.5,1013.43,1011.54,19.0,1.83,12.0,0.7,0.6,0.2,0.0,1.0,2.1,1.2,19.0,1.0,12.0,0.7,0.6,0.2,-121.1,-58.4,-20.7,-66.9,19.0,44.0,12.0,0.7,0.6,0.2,-60.6,-34.4,-3.1,-36.8,19.0,30.9,12.0,0.7,0.6,0.2,-1.5,-0.9,1.16,-0.32,17.0,1.82,12.0,0.6,0.6,0.2,-15.0,-5.4,7.5,-3.9,17.0,17.8,12.0,0.6,0.6,0.2,1.71,2.64,4.39,2.95,17.0,1.64,12.0,0.6,0.6,0.2,11.8,19.5,43.1,24.8,17.0,15.8,12.0,0.6,0.6,0.2,-248.6,-177.1,-103.8,-176.5,18.0,74.4,12.0,0.7,0.6,0.2,-172.1,-111.1,-12.9,-100.4,18.0,71.7,12.0,0.7,0.6,0.2,-171.8,-112.4,-74.2,-117.8,18.0,49.0,12.0,0.7,0.6,0.2,-116.5,-71.9,-9.2,-66.5,18.0,48.3,12.0,0.7,0.6,0.2,-37.2,-14.9,-7.6,-20.5,17.0,14.8,12.0,0.6,0.6,0.2,-16.5,-8.6,-1.1,-10.6,17.0,10.9,12.0,0.6,0.6,0.2,177.5,551.5,1544.0,805.0,19.0,688.0,12.0,0.7,0.6,0.2,180.0,550.0,1545.0,805.0,19.0,690.0,12.0,0.7,0.6,0.2
1974,2,286.0,13.0,25.6,26.0,27.08,26.3,11.0,0.78,12.0,0.5,0.5,0.5,25.0,25.7,27.1,26.03,13.0,1.19,14.0,0.6,0.5,0.4,16.05,16.43,16.65,16.45,11.0,0.54,12.0,0.5,0.5,0.5,72.4,79.5,84.1,78.8,11.0,5.7,12.0,0.5,0.5,5.64,8.2,9.3,7.48,13.0,1.81,14.0,0.6,0.5,0.4,-8.74,-7.58,-4.32,-6.82,13.0,1.84,14.0,0.6,0.5,0.4,-3.71,-3.18,-1.11,-2.45,13.0,1.91,14.0,0.6,0.5,0.4,1011.95,1013.2,1014.19,1013.22,13.0,1.22,14.0,0.6,0.5,0.4,2.0,3.0,4.0,3.0,12.0,1.0,12.0,0.7,0.6,0.5,-81.3,-58.4,-24.4,-53.9,13.0,24.6,14.0,0.6,0.5,0.4,-30.0,-22.4,-8.8,-20.1,13.0,15.9,14.0,0.6,0.5,0.4,-1.24,0.1,1.05,0.21,11.0,1.37,12.0,0.5,0.5,0.5,-9.7,0.6,7.8,1.5,11.0,12.3,12.0,0.5,0.5,0.5,4.18,4.74,5.58,4.84,10.0,1.01,12.0,0.5,0.5,0.5,25.3,36.5,48.3,37.5,10.0,13.0,12.0,0.5,0.5,0.5,-216.2,-189.6,-110.1,-177.8,13.0,49.8,14.0,0.6,0.5,0.4,-96.5,-77.9,-27.6,-64.5,13.0,51.1,14.0,0.6,0.5,0.4,-144.0,-124.8,-67.9,-109.6,11.0,32.7,12.0,0.5,0.5,0.5,-64.9,-52.5,-5.9,-39.7,11.0,34.7,12.0,0.5,0.5,0.5,-44.0,-33.6,-20.5,-34.0,10.0,13.1,12.0,0.5,0.5,0.5,-20.5,-13.6,-6.6,-13.1,10.0,9.0,12.0,0.5,0.5,0.5,180.0,551.5,804.5,484.0,13.0,299.0,14.0,0.6,0.5,0.4,180.0,550.0,805.0,485.0,13.0,300.0,14.0,0.6,0.5,0.4
1974,2,286.0,14.0,25.0,25.95,26.7,25.85,24.0,0.89,16.0,0.4,0.5,0.3,25.0,26.0,26.32,25.88,31.0,1.22,16.0,0.4,0.5,0.4,15.45,16.16,16.62,16.04,27.0,0.8,16.0,0.4,0.5,0.4,72.5,77.2,83.7,78.0,27.0,6.3,16.0,0.4,0.4,6.7,9.3,11.54,9.22,31.0,2.26,16.0,0.4,0.5,0.4,-10.62,-8.29,-6.06,-8.34,31.0,2.0,16.0,0.4,0.5,0.4,-5.73,-3.35,0.0,-2.9,31.0,2.88,16.0,0.4,0.5,0.4,1012.0,1013.1,1014.92,1013.48,31.0,1.86,16.0,0.4,0.5,0.4,1.0,2.0,4.2,2.6,31.0,1.7,16.0,0.4,0.5,0.4,-120.0,-81.3,-38.9,-80.8,31.0,36.4,16.0,0.4,0.5,0.4,-58.6,-25.9,0.0,-29.8,31.0,33.7,16.0,0.4,0.5,0.4,-1.13,0.05,1.34,0.1,24.0,1.58,16.0,0.4,0.5,0.3,-11.2,0.3,14.0,0.1,24.0,14.3,16.0,0.4,0.5,0.3,3.53,4.83,6.12,4.79,23.0,1.31,16.0,0.4,0.5,0.3,29.4,40.0,65.7,45.6,23.0,19.1,16.0,0.4,0.5,0.3,-268.5,-226.5,-153.8,-216.5,31.0,55.2,16.0,0.4,0.5,0.4,-147.5,-85.4,0.0,-75.5,31.0,74.1,16.0,0.4,0.5,0.4,-169.1,-124.8,-98.1,-133.0,27.0,34.4,16.0,0.4,0.5,0.4,-92.4,-54.1,0.0,-47.3,27.0,47.9,16.0,0.4,0.5,0.4,-56.6,-36.1,-25.4,-40.8,23.0,17.5,16.0,0.4,0.5,0.3,-28.2,-14.7,1.9,-14.3,23.0,16.7,16.0,0.4,0.5,0.3,301.0,804.5,1543.0,920.0,31.0,622.0,16.0,0.4,0.5,0.4,300.0,805.0,1545.0,920.0,31.0,620.0,16.0,0.4,0.5,0.4
1974,2,286.0,15.0,25.47,26.35,27.35,26.37,12.0,1.0,18.0,0.3,0.7,0.5,25.0,25.35,26.03,25.56,12.0,1.06,16.0,0.3,0.7,0.4,15.05,15.7,16.57,15.72,10.0,0.82,18.0,0.3,0.7,0.5,73.5,77.9,80.1,77.1,10.0,3.8,18.0,0.3,0.5,3.97,6.4,10.43,7.03,12.0,3.23,16.0,0.3,0.7,0.4,-10.18,-5.5,-3.13,-6.27,12.0,3.06,16.0,0.3,0.7,0.4,-4.73,-1.23,0.0,-1.98,12.0,2.78,16.0,0.3,0.7,0.4,1012.18,1013.9,1015.37,1014.04,13.0,1.82,16.0,0.3,0.7,0.5,0.9,3.0,6.0,3.2,13.0,2.5,16.0,0.3,0.7,0.5,-104.9,-35.7,-12.5,-52.6,12.0,43.1,16.0,0.3,0.7,0.4,-39.4,-5.1,0.0,-15.2,12.0,28.7,16.0,0.3,0.7,0.4,-0.08,0.7,1.7,0.79,11.0,0.99,16.0,0.3,0.7,0.5,-0.5,3.6,13.9,6.9,11.0,9.8,16.0,0.3,0.7,0.5,4.47,5.45,7.19,5.73,10.0,1.44,18.0,0.3,0.7,0.5,18.5,25.5,71.0,39.0,10.0,26.6,18.0,0.3,0.7,0.5,-250.1,-140.0,-79.1,-159.5,12.0,77.1,16.0,0.3,0.7,0.4,-120.2,-32.4,0.0,-50.0,12.0,69.8,16.0,0.3,0.7,0.4,-141.2,-79.5,-48.4,-90.2,10.0,42.1,18.0,0.3,0.7,0.5,-61.8,-19.6,0.0,-29.7,10.0,43.7,18.0,0.3,0.7,0.5,-59.4,-23.1,-17.7,-34.2,10.0,22.2,18.0,0.3,0.7,0.5,-17.2,-6.8,0.0,-11.3,10.0,21.5,18.0,0.3,0.7,0.5,63.5,294.5,1135.0,551.0,12.0,549.0,16.0,0.3,0.7,0.4,65.0,295.0,1135.0,550.0,12.0,550.0,16.0,0.3,0.7,0.4
1974,2,286.0,16.0,25.48,26.8,27.8,26.54,11.0,1.08,16.0,0.4,0.5,0.3,25.0,25.25,26.2,25.58,12.0,0.9,16.0,0.3,0.5,0.4,15.18,15.71,16.55,15.87,11.0,0.8,16.0,0.4,0.5,0.3,72.1,77.6,81.8,75.8,12.0,8.4,16.0,0.3,0.4,4.81,6.65,9.3,7.09,10.0,2.51,16.0,0.3,0.5,0.3,-9.3,-6.02,-3.16,-5.97,10.0,3.2,16.0,0.3,0.5,0.3,-4.28,-0.44,0.0,-2.0,10.0,2.81,16.0,0.3,0.5,0.3,1013.61,1015.0,1017.22,1015.37,11.0,1.79,16.0,0.4,0.5,0.3,1.0,2.0,4.4,2.6,11.0,1.7,16.0,0.4,0.5,0.4,-86.5,-46.6,-15.3,-48.5,10.0,34.9,16.0,0.3,0.5,0.3,-20.1,-2.3,0.0,-14.4,10.0,27.6,16.0,0.3,0.5,0.3,-0.48,1.0,2.62,0.91,11.0,1.66,16.0,0.4,0.5,0.3,-2.1,6.7,12.6,5.9,10.0,13.6,16.0,0.3,0.5,0.3,4.35,5.71,7.34,5.8,11.0,1.58,16.0,0.4,0.5,0.3,27.6,39.3,50.4,41.9,10.0,18.8,16.0,0.3,0.5,0.3,-236.2,-151.8,-80.9,-153.7,10.0,84.2,16.0,0.3,0.5,0.3,-109.7,-11.1,0.0,-50.4,10.0,70.6,16.0,0.3,0.5,0.3,-141.2,-91.4,-52.9,-93.1,10.0,49.3,16.0,0.3,0.5,0.3,-73.3,-6.8,0.0,-32.2,10.0,44.4,16.0,0.3,0.5,0.3,-50.4,-39.3,-16.9,-34.4,10.0,18.3,16.0,0.3,0.5,0.3,-24.8,-2.5,0.0,-13.4,10.0,21.3,16.0,0.3,0.5,0.3,112.5,342.0,804.5,479.0,10.0,422.5,16.0,0.3,0.5,0.3,110.0,340.0,805.0,480.0,10.0,420.0,16.0,0.3,0.5,0.3
1974,2,286.0,17.0,25.52,26.7,28.66,26.95,21.0,1.42,16.0,0.5,0.3,0.5,24.4,25.5,26.0,25.63,20.0,1.32,14.0,0.5,0.3,0.5,15.14,16.07,19.04,16.49,16.0,2.03,14.0,0.5,0.3,0.5,74.4,77.9,90.5,80.7,16.0,10.3,14.0,0.5,0.5,3.88,6.2,9.8,6.49,19.0,2.81,14.0,0.5,0.3,0.5,-9.35,-5.83,-2.04,-5.54,19.0,3.31,14.0,0.5,0.3,0.5,-3.37,0.0,1.56,-0.84,19.0,2.88,14.0,0.5,0.3,0.5,1013.5,1015.2,1016.6,1015.26,21.0,2.02,16.0,0.5,0.3,0.5,0.0,2.0,7.0,2.8,20.0,3.0,16.0,0.5,0.3,0.5,-87.7,-36.1,-4.4,-44.0,19.0,36.2,14.0,0.5,0.3,0.5,-20.0,0.0,8.7,-6.4,19.0,24.3,14.0,0.5,0.3,0.5,0.1,0.9,2.6,1.34,20.0,1.61,14.0,0.5,0.3,0.5,0.7,3.6,18.3,7.6,19.0,11.5,14.0,0.5,0.3,0.5,3.93,5.74,7.68,5.9,16.0,1.94,14.0,0.5,0.3,0.5,16.9,37.9,51.0,36.1,15.0,15.2,12.0,0.5,0.3,0.5,-242.6,-148.2,-50.7,-141.2,19.0,84.2,14.0,0.5,0.3,0.5,-87.6,0.0,43.3,-20.7,19.0,73.3,14.0,0.5,0.3,0.5,-142.8,-93.7,-57.8,-95.8,15.0,42.3,12.0,0.5,0.3,0.5,-32.0,0.0,24.8,-1.8,15.0,37.9,12.0,0.5,0.3,0.5,-49.1,-37.3,-15.7,-34.1,15.0,16.2,12.0,0.5,0.3,0.5,-13.6,0.0,9.5,-0.2,15.0,11.3,12.0,0.5,0.3,0.5,61.5,238.5,941.0,419.0,19.0,421.5,14.0,0.5,0.3,0.5,60.0,240.0,940.0,420.0,19.0,420.0,14.0,0.5,0.3,0.5
1974,2,286.0,18.0,25.72,26.7,28.3,26.87,6.0,1.22,16.0,0.3,0.4,0.6,25.03,26.1,26.78,25.88,6.0,1.17,16.0,0.3,0.4,0.6,15.27,16.27,19.29,17.23,4.0,3.22,16.0,0.5,0.4,0.6,72.0,80.5,94.6,83.1,4.0,13.7,16.0,0.5,0.6,2.6,3.6,5.7,3.97,6.0,1.45,16.0,0.3,0.4,0.6,-2.33,0.35,4.94,0.95,6.0,3.57,16.0,0.3,0.4,0.6,-2.91,-2.42,-1.31,-1.92,6.0,1.65,16.0,0.3,0.4,0.6,1013.5,1015.85,1016.12,1015.17,6.0,1.3,16.0,0.3,0.4,0.6,3.0,3.0,3.0,3.0,4.0,0.0,22.0,0.5,0.4,0.6,-6.9,1.5,28.1,7.1,6.0,17.3,16.0,0.3,0.4,0.6,-16.2,-9.5,-3.4,-8.9,6.0,7.7,16.0,0.3,0.4,0.6,0.0,0.85,1.69,0.98,6.0,1.07,16.0,0.3,0.4,0.6,0.0,2.5,5.7,3.1,6.0,3.4,16.0,0.3,0.4,0.6,1.8,5.84,8.75,5.3,4.0,4.28,16.0,0.5,0.4,0.6,4.7,19.7,31.0,17.9,4.0,15.6,16.0,0.5,0.4,0.6,-60.0,10.2,131.8,25.9,6.0,94.2,16.0,0.3,0.4,0.6,-78.0,-63.5,-31.1,-50.5,6.0,43.5,16.0,0.3,0.4,0.6,-35.3,3.5,73.0,18.2,4.0,68.6,16.0,0.5,0.4,0.6,-56.8,-41.7,-30.7,-43.7,4.0,15.7,16.0,0.5,0.4,0.6,-13.9,-3.2,11.8,-1.1,4.0,18.1,16.0,0.5,0.4,0.6,-22.0,-13.2,-3.6,-12.8,4.0,11.2,16.0,0.5,0.4,0.6,17.5,49.5,185.0,84.0,6.0,80.5,16.0,0.3,0.4,0.6,20.0,50.0,185.0,85.0,6.0,80.0,16.0,0.3,0.4,0.6
1974,2,286.0,19.0,25.0,26.7,27.46,26.46,10.0,1.35,12.0,0.1,0.3,0.6,24.25,24.4,25.8,24.83,9.0,0.86,12.0,0.1,0.3,0.6,14.07,14.96,16.29,15.19,9.0,1.23,12.0,0.1,0.3,0.6,70.8,76.5,85.6,78.2,9.0,8.9,12.0,0.1,0.6,2.31,5.95,9.87,5.68,10.0,3.65,12.0,0.1,0.3,0.6,-7.29,-3.27,-0.58,-3.29,10.0,4.23,12.0,0.1,0.3,0.6,-6.17,-3.11,-0.19,-3.03,10.0,3.02,12.0,0.1,0.3,0.6,1013.41,1014.65,1016.0,1014.64,10.0,1.46,12.0,0.1,0.3,0.6,0.4,1.0,4.9,2.2,10.0,2.6,12.0,0.1,0.3,0.6,-74.9,-15.7,-1.2,-28.0,10.0,40.0,12.0,0.1,0.3,0.6,-60.6,-15.2,-0.5,-24.8,10.0,30.2,12.0,0.1,0.3,0.6,0.3,0.6,2.37,1.48,9.0,1.49,12.0,0.1,0.3,0.6,0.5,5.0,13.5,6.7,9.0,7.4,12.0,0.1,0.3,0.6,4.77,6.01,7.77,6.22,9.0,2.01,12.0,0.1,0.3,0.6,9.7,37.3,54.9,33.4,9.0,22.6,12.0,0.1,0.3,0.6,-185.6,-98.4,-35.4,-105.6,9.0,78.9,12.0,0.1,0.3,0.6,-158.9,-77.5,-18.4,-88.5,9.0,64.4,12.0,0.1,0.3,0.6,-112.2,-59.6,-24.3,-64.0,9.0,46.3,12.0,0.1,0.3,0.6,-94.2,-45.4,-13.0,-54.0,9.0,39.4,12.0,0.1,0.3,0.6,-38.8,-19.0,-7.6,-24.7,9.0,18.2,12.0,0.1,0.3,0.6,-33.3,-22.6,-3.5,-21.3,9.0,15.5,12.0,0.1,0.3,0.6,13.0,212.0,969.0,389.0,10.0,479.0,12.0,0.1,0.3,0.6,15.0,210.0,970.0,390.0,10.0,480.0,12.0,0.1,0.3,0.6
1974,2,286.0,20.0,24.4,25.75,27.0,25.83,40.0,1.16,12.0,0.4,0.6,0.5,23.3,24.4,25.73,24.52,41.0,1.26,12.0,0.3,0.6,0.5,13.63,14.28,15.73,14.7,25.0,1.25,10.0,0.3,0.6,0.5,72.2,76.4,84.4,77.7,25.0,7.1,10.0,0.3,0.5,4.02,6.2,10.71,6.93,40.0,3.2,12.0,0.3,0.6,0.5,-9.58,-5.28,-0.07,-4.99,40.0,4.36,12.0,0.3,0.6,0.5,-4.79,-1.93,2.98,-1.39,40.0,3.61,12.0,0.3,0.6,0.5,1014.04,1016.4,1017.56,1016.19,40.0,2.51,12.0,0.4,0.6,0.5,1.0,3.0,6.0,3.0,40.0,2.3,12.0,0.4,0.6,0.5,-97.4,-30.9,-0.1,-46.0,40.0,46.6,12.0,0.3,0.6,0.5,-28.7,-7.3,17.7,-10.4,40.0,33.5,12.0,0.3,0.6,0.5,-0.08,1.1,2.46,1.27,40.0,1.48,12.0,0.4,0.6,0.5,-1.1,6.9,17.7,8.6,39.0,11.4,12.0,0.3,0.6,0.5,4.26,5.91,8.12,6.27,25.0,2.1,10.0,0.3,0.6,0.5,23.2,33.8,46.4,35.3,25.0,18.7,10.0,0.3,0.6,0.5,-228.0,-125.5,-1.8,-121.9,40.0,107.7,12.0,0.3,0.6,0.5,-117.7,-45.8,70.2,-33.6,40.0,88.6,12.0,0.3,0.6,0.5,-115.3,-65.9,2.4,-53.3,25.0,60.9,10.0,0.3,0.6,0.5,-60.2,-31.2,4.8,-22.6,25.0,41.4,10.0,0.3,0.6,0.5,-41.6,-27.3,1.4,-23.1,25.0,26.6,10.0,0.3,0.6,0.5,-28.6,-10.8,2.3,-9.8,25.0,16.9,10.0,0.3,0.6,0.5,65.0,238.5,1228.0,542.5,40.0,578.0,12.0,0.3,0.6,0.5,65.0,240.0,1230.0,540.0,40.0,580.0,12.0,0.3,0.6,0.5
1974,2,286.0,21.0,24.0,25.0,26.0,25.11,19.0,0.94,18.0,0.4,0.6,0.5,23.09,25.0,26.21,24.86,19.0,1.51,18.0,0.4,0.6,0.5,11.7,13.0,14.39,13.04,4.0,1.58,18.0,0.5,0.5,0.5,61.1,72.2,77.9,69.7,4.0,10.9,18.0,0.5,0.5,5.7,8.2,10.0,7.69,18.0,2.37,16.0,0.4,0.6,0.5,-8.56,-6.08,-3.91,-6.43,18.0,2.6,16.0,0.4,0.6,0.5,-4.13,0.0,3.28,-0.56,18.0,4.17,16.0,0.4,0.6,0.5,1014.69,1017.0,1019.03,1016.83,19.0,2.0,18.0,0.4,0.6,0.5,1.0,3.0,5.1,3.0,19.0,2.3,18.0,0.4,0.6,0.5,-75.3,-47.3,-18.6,-53.1,18.0,33.7,16.0,0.4,0.6,0.5,-39.6,0.0,24.7,-5.5,18.0,38.3,16.0,0.4,0.6,0.5,-1.01,0.7,1.7,0.25,19.0,1.58,18.0,0.4,0.6,0.5,-9.2,3.6,11.7,1.9,18.0,14.7,16.0,0.4,0.6,0.5,4.78,6.35,7.8,6.3,4.0,1.98,18.0,0.5,0.5,0.5,25.1,44.5,59.4,42.4,4.0,24.8,18.0,0.5,0.5,0.5,-224.3,-155.1,-98.5,-159.5,18.0,65.1,16.0,0.4,0.6,0.5,-99.9,0.0,83.2,-12.1,18.0,105.4,16.0,0.4,0.6,0.5,-107.0,-83.0,-51.9,-79.6,4.0,34.1,18.0,0.5,0.5,0.5,-9.4,-3.3,0.0,-4.6,4.0,5.8,18.0,0.5,0.5,0.5,-59.4,-44.1,-24.8,-42.2,4.0,24.9,18.0,0.5,0.5,0.5,-4.6,-0.9,0.0,-2.2,4.0,3.4,18.0,0.5,0.5,0.5,188.5,551.5,1000.0,572.5,18.0,430.5,16.0,0.4,0.6,0.5,190.0,550.0,1000.0,570.0,18.0,430.0,16.0,0.4,0.6,0.5
1974,2,286.0,22.0,24.77,25.6,26.97,25.8,6.0,1.46,14.0,0.5,0.4,0.2,21.89,25.3,26.6,24.61,8.0,2.23,12.0,0.4,0.5,0.2,16.71,17.23,17.8,17.26,3.0,0.8,14.0,0.7,0.5,0.2,79.6,80.5,88.3,83.9,3.0,7.0,14.0,0.7,0.2,4.21,7.45,10.12,7.09,8.0,3.04,12.0,0.4,0.5,0.2,-8.45,-4.33,-2.16,-3.61,8.0,6.17,12.0,0.4,0.5,0.2,-3.96,-2.47,1.66,-1.62,8.0,3.26,12.0,0.4,0.5,0.2,1012.82,1017.0,1019.29,1016.64,7.0,3.44,14.0,0.4,0.5,0.2,1.9,3.0,5.1,3.3,7.0,2.3,14.0,0.3,0.5,0.2,-73.5,-24.7,-6.2,-23.4,8.0,63.6,12.0,0.4,0.5,0.2,-39.5,-14.9,7.0,-13.4,8.0,28.5,12.0,0.4,0.5,0.2,-1.7,1.25,2.7,0.98,6.0,2.43,14.0,0.5,0.4,0.2,-10.5,7.0,25.6,9.6,6.0,23.9,14.0,0.5,0.4,0.2,2.17,2.47,3.32,2.74,3.0,0.87,14.0,0.7,0.5,0.2,13.4,15.2,19.1,16.3,3.0,4.3,14.0,0.7,0.5,0.2,-205.9,-102.0,-57.7,-94.2,8.0,143.1,12.0,0.4,0.5,0.2,-87.1,-63.2,41.5,-37.8,8.0,80.9,12.0,0.4,0.5,0.2,-121.6,-67.3,-65.2,-92.8,3.0,46.9,14.0,0.7,0.5,0.2,-75.8,-56.5,7.4,-34.7,3.0,63.8,14.0,0.7,0.5,0.2,-16.6,-13.2,-10.8,-13.7,3.0,4.3,14.0,0.7,0.5,0.2,-9.7,-8.1,2.6,-3.6,3.0,9.8,14.0,0.7,0.5,0.2,76.0,448.5,1044.5,525.0,8.0,494.0,12.0,0.4,0.5,0.2,75.0,450.0,1045.0,525.0,8.0,495.0,12.0,0.4,0.5,0.2
1974,2,286.0,23.0,23.82,24.9,25.83,24.92,6.0,1.16,14.0,0.5,0.7,0.4,21.8,23.0,24.18,23.11,7.0,1.43,14.0,0.4,0.7,0.5,11.13,14.73,16.58,13.97,7.0,3.41,14.0,0.4,0.7,0.5,67.6,84.2,88.3,78.7,7.0,12.5,14.0,0.4,0.5,5.76,8.75,10.74,8.45,8.0,2.98,16.0,0.4,0.6,0.4,-6.86,-5.62,-3.71,-5.29,8.0,2.06,16.0,0.4,0.6,0.4,-9.64,-3.14,3.88,-2.61,8.0,6.82,16.0,0.4,0.6,0.4,1014.44,1019.45,1020.68,1019.05,8.0,4.46,16.0,0.4,0.6,0.4,0.2,3.0,5.9,3.1,8.0,2.4,16.0,0.4,0.6,0.4,-72.8,-40.8,-18.7,-47.1,8.0,32.0,16.0,0.4,0.6,0.4,-100.2,-25.8,22.1,-29.7,8.0,72.0,16.0,0.4,0.6,0.4,0.75,1.75,3.03,1.83,6.0,1.42,14.0,0.5,0.7,0.4,3.0,16.7,36.3,18.2,6.0,15.8,14.0,0.5,0.7,0.4,2.47,5.77,8.91,5.88,6.0,3.39,14.0,0.5,0.7,0.4,11.4,53.5,101.7,56.4,6.0,42.1,14.0,0.5,0.7,0.4,-160.9,-129.7,-104.6,-132.6,7.0,33.4,14.0,0.4,0.7,0.5,-157.8,0.0,109.3,-31.0,7.0,148.4,14.0,0.4,0.7,0.5,-95.6,-78.6,-59.0,-78.1,7.0,19.2,14.0,0.4,0.7,0.5,-72.3,0.0,74.2,-8.2,7.0,83.4,14.0,0.4,0.7,0.5,-65.4,-34.4,-9.9,-36.9,6.0,26.2,14.0,0.5,0.7,0.4,-77.9,-21.1,15.3,-25.7,6.0,49.8,14.0,0.5,0.7,0.4,191.0,678.0,1241.0,799.5,8.0,711.0,16.0,0.4,0.6,0.4,190.0,680.0,1240.0,800.0,8.0,710.0,16.0,0.4,0.6,0.4
1974,2,286.0,24.0,23.96,24.8,25.0,24.65,8.0,0.81,12.0,0.9,0.6,0.4,22.58,23.3,25.21,23.76,9.0,1.4,12.0,0.9,0.5,0.5,12.83,14.72,15.39,14.05,8.0,1.72,10.0,0.9,0.6,0.4,73.2,74.8,81.9,76.2,8.0,8.7,10.0,0.9,0.4,3.23,5.1,7.3,6.06,9.0,4.2,12.0,0.9,0.5,0.5,-3.36,0.63,3.38,1.2,9.0,5.6,12.0,0.9,0.5,0.5,0.69,2.91,4.78,2.31,9.0,4.46,12.0,0.9,0.5,0.5,1015.16,1016.6,1017.7,1016.79,9.0,2.03,12.0,0.9,0.5,0.5,1.1,3.0,6.7,3.6,8.0,2.7,12.0,1.0,0.5,0.4,-15.1,2.3,20.4,24.7,9.0,80.4,12.0,0.9,0.5,0.5,2.4,12.8,28.1,2.2,9.0,54.6,12.0,0.9,0.5,0.5,0.01,1.1,2.2,1.2,8.0,1.41,12.0,0.9,0.6,0.4,0.0,5.3,10.7,10.6,8.0,19.6,12.0,0.9,0.6,0.4,4.05,4.99,7.65,5.49,7.0,2.04,10.0,0.9,0.7,0.4,15.4,16.8,42.6,37.4,7.0,40.2,10.0,0.9,0.7,0.4,-78.0,15.9,87.5,29.0,9.0,127.3,12.0,0.9,0.5,0.5,15.3,72.0,121.8,56.8,9.0,103.0,12.0,0.9,0.5,0.5,-17.0,12.3,57.6,28.3,8.0,73.1,10.0,0.9,0.6,0.4,4.6,49.6,73.2,34.1,8.0,65.0,10.0,0.9,0.6,0.4,-8.1,2.7,10.7,10.6,7.0,45.6,10.0,0.9,0.7,0.4,-3.0,15.0,16.9,4.8,7.0,31.7,10.0,0.9,0.7,0.4,34.5,132.5,397.5,625.5,9.0,1456.5,12.0,0.9,0.5,0.5,35.0,135.0,400.0,625.0,9.0,1455.0,12.0,0.9,0.5,0.5
1974,2,286.0,25.0,23.48,23.9,24.05,23.9,7.0,0.61,12.0,0.3,0.6,0.7,21.96,23.0,23.46,23.3,7.0,2.45,10.0,0.1,0.6,0.7,12.7,13.07,16.02,14.16,7.0,2.18,10.0,0.1,0.6,0.7,74.4,78.0,82.6,79.6,7.0,6.3,10.0,0.1,0.7,2.82,5.1,6.2,5.15,8.0,2.25,10.0,0.3,0.6,0.7,-4.12,-1.36,2.16,-0.39,8.0,3.87,10.0,0.3,0.6,0.7,-4.48,2.18,3.99,0.71,8.0,4.43,10.0,0.3,0.6,0.7,1017.43,1019.55,1021.71,1019.4,8.0,2.69,10.0,0.3,0.6,0.7,1.0,2.0,3.2,2.4,7.0,2.2,10.0,0.1,0.6,0.7,-21.0,-3.3,10.1,2.0,8.0,29.3,10.0,0.3,0.6,0.7,-22.3,8.4,24.0,1.6,8.0,29.9,10.0,0.3,0.6,0.7,-1.11,0.95,1.77,0.23,6.0,2.56,12.0,0.2,0.7,0.7,-6.9,4.2,4.9,-1.8,6.0,13.3,12.0,0.2,0.7,0.7,1.96,4.76,5.63,3.92,6.0,2.19,12.0,0.2,0.7,0.7,9.9,12.9,25.9,15.3,6.0,9.6,12.0,0.2,0.7,0.7,-99.9,-36.8,26.3,-36.4,7.0,65.4,10.0,0.1,0.6,0.7,-47.0,56.6,115.3,41.2,7.0,89.8,10.0,0.1,0.6,0.7,-61.4,-21.2,14.8,-23.7,7.0,40.3,10.0,0.1,0.6,0.7,-27.8,34.7,73.5,22.9,7.0,56.1,10.0,0.1,0.6,0.7,-6.6,-2.6,6.4,-0.4,6.0,8.0,12.0,0.2,0.7,0.7,-10.6,5.7,23.1,6.4,6.0,16.1,12.0,0.2,0.7,0.7,26.5,132.5,238.5,209.0,8.0,255.5,10.0,0.3,0.6,0.7,25.0,135.0,240.0,210.0,8.0,255.0,10.0,0.3,0.6,0.7
1974,2,286.0,26.0,21.86,22.8,23.4,22.7,25.0,1.17,16.0,0.7,0.5,0.5,19.32,21.7,24.0,21.34,30.0,2.39,16.0,0.7,0.5,0.5,8.06,10.19,15.51,11.31,21.0,3.46,16.0,0.7,0.5,0.6,57.0,72.0,84.0,70.1,22.0,13.9,16.0,0.7,0.6,2.6,6.45,10.16,6.39,28.0,3.47,14.0,0.7,0.5,0.6,-3.58,0.0,4.33,-0.13,28.0,4.53,14.0,0.7,0.5,0.6,-7.2,-2.22,4.91,-1.76,28.0,5.53,14.0,0.7,0.5,0.6,1014.45,1019.4,1024.01,1019.26,26.0,4.67,14.0,0.7,0.5,0.6,2.6,6.0,7.0,4.9,30.0,2.5,16.0,0.7,0.5,0.5,-20.3,0.0,28.1,1.7,28.0,44.2,14.0,0.7,0.5,0.6,-74.5,-9.0,29.3,-17.4,28.0,52.3,14.0,0.7,0.5,0.6,-1.22,1.7,4.32,1.59,25.0,2.8,16.0,0.7,0.5,0.5,-7.1,11.0,41.3,15.2,23.0,23.0,14.0,0.7,0.5,0.6,1.0,6.73,8.78,5.88,20.0,3.51,14.0,0.8,0.5,0.6,7.1,32.1,99.4,45.4,20.0,38.7,14.0,0.8,0.5,0.6,-84.6,0.0,94.2,-3.1,28.0,94.4,14.0,0.7,0.5,0.6,-141.2,-48.2,112.3,-28.0,28.0,115.6,14.0,0.7,0.5,0.6,-30.4,0.0,36.2,3.0,21.0,43.6,16.0,0.7,0.5,0.6,-76.4,-22.0,70.3,-10.5,21.0,63.6,16.0,0.7,0.5,0.6,-22.4,0.0,19.5,-3.8,20.0,38.8,14.0,0.8,0.5,0.6,-67.4,-21.5,5.9,-27.7,20.0,36.6,14.0,0.8,0.5,0.6,17.5,269.5,1049.5,485.5,28.0,563.0,14.0,0.7,0.5,0.6,20.0,270.0,1050.0,485.0,28.0,565.0,14.0,0.7,0.5,0.6
1974,2,286.0,27.0,22.0,22.7,23.1,22.68,23.0,0.73,18.0,0.5,0.6,0.4,17.79,22.2,23.05,21.08,23.0,2.36,18.0,0.6,0.7,0.4,8.54,14.15,14.56,12.06,17.0,3.15,18.0,0.5,0.7,0.5,58.4,82.1,86.3,76.6,17.0,12.3,18.0,0.5,0.5,4.38,9.3,12.04,8.52,21.0,3.74,18.0,0.5,0.7,0.4,-2.32,1.7,4.61,1.6,21.0,4.5,18.0,0.5,0.7,0.4,-10.32,3.85,8.73,0.95,21.0,8.14,18.0,0.5,0.7,0.4,1014.8,1018.9,1019.9,1017.96,22.0,4.05,18.0,0.5,0.6,0.4,2.0,4.5,7.0,4.4,24.0,2.4,20.0,0.5,0.6,0.4,-19.0,5.7,51.3,17.6,21.0,54.6,18.0,0.5,0.7,0.4,-110.5,15.8,80.3,-3.6,21.0,88.3,18.0,0.5,0.7,0.4,-0.5,1.05,4.87,1.72,22.0,2.37,18.0,0.5,0.7,0.4,-3.4,4.7,54.3,18.4,19.0,27.4,18.0,0.5,0.7,0.4,2.35,2.8,8.51,4.89,17.0,3.06,18.0,0.5,0.7,0.5,13.3,24.2,94.7,44.7,16.0,39.7,18.0,0.6,0.7,0.4,0.0,41.8,83.2,39.8,20.0,91.8,18.0,0.6,0.7,0.4,-187.3,86.6,200.6,29.2,20.0,165.2,18.0,0.6,0.7,0.4,-17.8,12.3,48.8,14.0,16.0,37.4,18.0,0.6,0.7,0.4,-77.9,59.5,133.8,33.9,16.0,92.6,18.0,0.6,0.7,0.4,-24.6,2.1,11.4,-1.4,16.0,25.3,18.0,0.6,0.7,0.4,-83.5,12.0,23.7,-15.0,16.0,53.2,18.0,0.6,0.7,0.4,89.0,804.5,1756.5,930.0,21.0,846.0,18.0,0.5,0.7,0.4,90.0,805.0,1755.0,930.0,21.0,845.0,18.0,0.5,0.7,0.4
1974,2,286.0,28.0,22.0,22.35,23.01,22.55,6.0,0.71,14.0,0.7,0.7,0.3,19.4,21.1,22.56,21.0,6.0,1.68,14.0,0.7,0.7,0.3,8.45,12.64,15.19,12.03,6.0,3.35,14.0,0.7,0.7,0.3,61.8,80.9,90.2,76.8,6.0,14.7,14.0,0.7,0.3,3.06,9.0,10.25,7.63,6.0,4.61,14.0,0.7,0.7,0.3,-4.6,0.32,4.67,-0.44,6.0,5.32,14.0,0.7,0.7,0.3,-2.4,0.62,9.09,2.15,6.0,7.56,14.0,0.7,0.7,0.3,1012.79,1017.0,1021.43,1017.37,6.0,5.43,14.0,0.7,0.7,0.3,1.3,5.0,7.4,4.4,5.0,3.4,12.0,0.6,0.7,0.2,-27.5,0.3,48.0,1.9,6.0,52.6,14.0,0.7,0.7,0.3,-16.2,2.2,96.9,30.7,6.0,87.9,14.0,0.7,0.7,0.3,0.37,1.75,2.76,1.55,6.0,1.4,14.0,0.7,0.7,0.3,2.0,8.8,23.3,10.9,6.0,10.4,14.0,0.7,0.7,0.3,2.67,4.08,7.98,4.95,6.0,2.81,14.0,0.7,0.7,0.3,9.6,28.4,53.8,33.8,6.0,27.4,14.0,0.7,0.7,0.3,-97.8,6.1,105.6,-5.6,6.0,110.5,14.0,0.7,0.7,0.3,-47.5,13.9,205.6,52.1,6.0,162.9,14.0,0.7,0.7,0.3,-50.8,2.8,71.9,5.7,6.0,58.7,14.0,0.7,0.7,0.3,-26.3,8.3,140.4,38.5,6.0,106.3,14.0,0.7,0.7,0.3,-24.3,2.5,11.0,-10.4,6.0,35.7,14.0,0.7,0.7,0.3,-14.3,1.7,23.9,0.4,6.0,26.7,14.0,0.7,0.7,0.3,37.0,731.5,1193.0,833.5,6.0,977.0,14.0,0.7,0.7,0.3,35.0,730.0,1195.0,835.0,6.0,975.0,14.0,0.7,0.7,0.3
1974,2,286.0,29.0,19.04,21.95,23.0,21.78,20.0,2.16,16.0,0.6,0.6,0.5,15.8,20.25,22.17,19.32,22.0,3.16,16.0,0.5,0.6,0.5,9.15,11.23,13.18,11.21,17.0,2.16,16.0,0.5,0.6,0.4,67.9,78.2,86.8,77.7,18.0,9.6,16.0,0.5,0.4,5.2,9.8,13.98,9.33,21.0,3.92,14.0,0.5,0.6,0.4,0.0,4.41,9.65,4.43,21.0,6.14,14.0,0.5,0.6,0.4,-5.69,0.0,7.77,1.46,21.0,6.79,14.0,0.5,0.6,0.4,1012.9,1017.4,1020.3,1017.03,20.0,5.32,16.0,0.5,0.6,0.5,2.3,5.0,8.0,5.1,22.0,2.5,16.0,0.5,0.6,0.5,0.0,56.9,123.3,54.6,21.0,79.9,14.0,0.5,0.6,0.4,-58.4,0.0,78.3,15.5,21.0,80.6,14.0,0.5,0.6,0.4,0.0,1.5,5.99,2.28,20.0,3.37,16.0,0.6,0.6,0.5,-5.4,9.0,54.5,16.4,18.0,32.5,16.0,0.5,0.6,0.4,1.7,4.6,8.13,5.01,17.0,3.08,16.0,0.5,0.6,0.4,18.6,45.8,80.7,49.7,17.0,34.9,16.0,0.5,0.6,0.4,0.0,98.7,197.6,92.9,20.0,122.7,14.0,0.5,0.6,0.5,-116.5,36.6,157.8,37.8,20.0,130.6,14.0,0.5,0.6,0.5,0.0,63.8,115.1,58.9,17.0,67.2,16.0,0.5,0.6,0.4,-59.3,0.0,105.0,18.1,17.0,80.0,16.0,0.5,0.6,0.4,0.0,30.5,56.5,28.2,17.0,36.7,16.0,0.5,0.6,0.4,-50.2,0.0,31.2,-4.7,17.0,40.4,16.0,0.5,0.6,0.4,142.0,941.0,2734.0,1218.0,21.0,1161.5,14.0,0.5,0.6,0.4,140.0,940.0,2735.0,1220.0,21.0,1160.0,14.0,0.5,0.6,0.4
1974,2,286.0,30.0,20.74,22.2,24.98,22.78,5.0,2.38,12.0,0.8,0.4,0.4,13.83,19.1,21.32,18.0,7.0,5.12,14.0,0.9,0.5,0.4,11.19,12.43,13.74,12.46,4.0,1.7,12.0,0.8,0.4,0.3,70.2,74.3,85.8,77.8,4.0,10.9,12.0,0.8,0.3,4.81,8.45,11.06,8.24,10.0,3.33,12.0,0.9,0.5,0.4,-4.03,0.0,7.28,0.86,10.0,5.57,12.0,0.9,0.5,0.4,-8.01,-1.48,3.69,-1.47,10.0,7.23,12.0,0.9,0.5,0.4,1008.3,1015.15,1020.47,1014.53,10.0,5.5,12.0,0.9,0.5,0.4,3.1,6.0,7.9,5.3,8.0,2.8,14.0,0.9,0.5,0.3,-19.8,0.0,64.5,14.2,10.0,50.9,12.0,0.9,0.5,0.4,-75.9,-6.8,31.5,-11.0,10.0,83.8,12.0,0.9,0.5,0.4,0.84,1.2,4.54,2.48,5.0,2.33,12.0,0.8,0.4,0.4,6.4,10.4,44.4,24.4,5.0,28.4,12.0,0.8,0.4,0.4,3.25,5.54,7.53,5.4,4.0,2.77,12.0,0.8,0.4,0.3,23.3,33.8,52.4,37.7,4.0,20.4,12.0,0.8,0.4,0.3,-4.3,73.0,144.8,56.0,7.0,90.5,14.0,0.9,0.5,0.4,-132.6,-75.7,85.2,-34.2,7.0,121.2,14.0,0.9,0.5,0.4,-2.2,72.1,94.8,47.5,4.0,68.9,12.0,0.8,0.4,0.3,-52.8,-4.7,45.3,-3.8,4.0,57.3,12.0,0.8,0.4,0.3,-4.7,25.4,39.0,17.5,4.0,29.2,12.0,0.8,0.4,0.3,-35.4,-5.2,10.9,-11.9,4.0,29.2,12.0,0.8,0.4,0.3,112.5,605.0,1391.0,808.5,10.0,828.0,12.0,0.9,0.5,0.4,110.0,605.0,1390.0,810.0,10.0,830.0,12.0,0.9,0.5,0.4
1974,2,286.0,31.0,19.11,21.0,22.16,20.88,15.0,1.8,14.0,0.7,0.5,0.5,14.65,17.6,21.0,17.2,16.0,3.49,16.0,0.7,0.6,0.5,6.12,8.06,9.7,8.29,15.0,2.59,16.0,0.7,0.6,0.5,55.7,63.3,83.0,69.5,15.0,17.2,16.0,0.7,0.5,2.6,7.7,12.9,8.01,17.0,4.9,16.0,0.7,0.6,0.5,-3.16,1.34,10.69,3.07,17.0,6.35,16.0,0.7,0.6,0.5,-7.0,-2.05,3.8,-1.23,17.0,6.34,16.0,0.7,0.6,0.5,1015.03,1019.45,1023.2,1019.76,16.0,4.33,16.0,0.7,0.6,0.5,3.0,6.0,8.0,5.6,16.0,2.1,16.0,0.7,0.6,0.5,-15.5,5.2,144.2,46.5,17.0,85.1,16.0,0.7,0.6,0.5,-60.1,-6.8,35.2,-7.4,17.0,74.7,16.0,0.7,0.6,0.5,1.03,3.45,6.26,3.68,14.0,3.12,14.0,0.7,0.6,0.5,3.0,27.3,86.4,37.7,14.0,41.3,14.0,0.7,0.6,0.5,5.44,6.91,9.27,6.99,13.0,2.81,14.0,0.7,0.5,0.5,34.5,58.4,82.3,62.8,13.0,43.1,14.0,0.7,0.5,0.5,-52.8,27.5,203.5,55.7,16.0,115.5,16.0,0.7,0.6,0.5,-111.5,-39.1,83.5,-10.3,16.0,115.9,16.0,0.7,0.6,0.5,-27.5,13.1,56.9,22.2,15.0,52.5,16.0,0.7,0.6,0.5,-48.2,-15.1,25.9,-4.4,15.0,61.2,16.0,0.7,0.6,0.5,-27.4,0.5,65.8,21.1,13.0,50.6,14.0,0.7,0.5,0.5,-45.6,-21.0,29.9,-15.3,13.0,53.3,14.0,0.7,0.5,0.5,17.5,456.5,2146.5,1072.5,17.0,1357.5,16.0,0.7,0.6,0.5,20.0,455.0,2145.0,1070.0,17.0,1360.0,16.0,0.7,0.6,0.5
1974,2,286.0,32.0,18.99,20.3,22.31,20.62,26.0,1.88,16.0,0.6,0.6,0.5,14.11,16.7,20.89,17.24,28.0,3.55,16.0,0.6,0.6,0.5,5.52,8.09,12.03,8.79,27.0,3.05,16.0,0.6,0.6,0.5,51.1,68.1,88.5,69.6,27.0,16.8,16.0,0.6,0.5,6.55,9.3,12.19,9.08,29.0,3.35,16.0,0.6,0.6,0.5,-1.77,4.75,9.05,4.6,29.0,5.01,16.0,0.6,0.6,0.5,-5.75,0.0,7.76,1.39,29.0,6.9,16.0,0.6,0.6,0.5,1009.98,1016.2,1026.29,1017.01,28.0,9.08,16.0,0.6,0.6,0.5,3.0,6.0,8.0,5.5,26.0,2.2,16.0,0.6,0.6,0.5,-4.4,39.9,89.5,50.4,29.0,60.9,16.0,0.6,0.6,0.5,-58.4,0.0,64.3,14.6,29.0,79.5,16.0,0.6,0.6,0.5,-0.02,4.0,6.41,3.28,26.0,4.06,16.0,0.6,0.6,0.5,-0.2,22.1,66.0,27.1,26.0,38.9,16.0,0.6,0.6,0.5,1.91,7.22,9.91,6.48,26.0,3.55,16.0,0.6,0.6,0.5,18.1,39.2,92.8,55.9,26.0,40.4,16.0,0.6,0.6,0.5,-31.0,92.7,161.4,83.2,28.0,89.7,16.0,0.6,0.6,0.5,-95.3,0.0,130.0,25.0,28.0,119.3,16.0,0.6,0.6,0.5,-16.3,39.0,98.1,44.5,27.0,53.7,16.0,0.6,0.6,0.5,-42.6,0.0,74.2,18.6,27.0,59.3,16.0,0.6,0.6,0.5,-6.4,24.3,63.7,25.0,26.0,34.7,16.0,0.6,0.6,0.5,-66.3,0.0,37.4,-4.5,26.0,54.9,16.0,0.6,0.6,0.5,285.0,804.5,1834.5,1042.5,29.0,1014.0,16.0,0.6,0.6,0.5,285.0,805.0,1835.0,1040.0,29.0,1015.0,16.0,0.6,0.6,0.5
1974,2,286.0,33.0,19.0,20.0,22.02,20.4,32.0,1.76,16.0,0.4,0.4,0.5,12.44,18.0,19.64,16.75,35.0,3.09,16.0,0.4,0.4,0.4,5.63,8.93,12.22,9.03,30.0,2.74,16.0,0.4,0.5,0.5,63.4,74.2,89.9,74.2,31.0,14.6,16.0,0.4,0.5,5.6,10.3,13.78,9.44,34.0,3.8,16.0,0.4,0.5,0.4,-3.22,2.77,9.12,2.73,34.0,6.23,16.0,0.4,0.5,0.4,-6.57,0.76,10.62,1.83,34.0,7.51,16.0,0.4,0.5,0.4,1012.85,1016.55,1024.44,1017.58,34.0,6.31,16.0,0.4,0.4,0.4,2.0,5.5,7.8,4.8,34.0,2.6,16.0,0.4,0.4,0.4,-24.1,16.7,96.3,35.1,34.0,76.5,16.0,0.4,0.5,0.4,-51.1,6.6,118.1,21.1,34.0,92.4,16.0,0.4,0.5,0.4,0.0,3.05,7.8,3.57,32.0,3.49,16.0,0.4,0.4,0.5,0.0,27.6,66.8,33.0,31.0,38.0,16.0,0.4,0.5,0.4,3.03,5.62,8.59,5.67,28.0,3.06,16.0,0.4,0.5,0.5,23.6,43.6,81.2,49.6,27.0,28.6,16.0,0.4,0.5,0.5,-58.7,43.2,153.6,44.4,34.0,102.2,16.0,0.4,0.5,0.4,-74.6,13.4,203.2,46.9,34.0,126.8,16.0,0.4,0.5,0.4,-36.1,19.3,67.8,19.8,29.0,55.9,16.0,0.4,0.5,0.5,-23.4,9.1,107.8,29.2,29.0,61.8,16.0,0.4,0.5,0.5,-18.6,6.3,55.0,10.6,27.0,41.0,16.0,0.4,0.5,0.5,-27.5,10.1,50.6,9.9,27.0,38.5,16.0,0.4,0.5,0.5,189.5,1092.5,2619.5,1232.0,34.0,1181.5,16.0,0.4,0.5,0.4,190.0,1095.0,2620.0,1230.0,34.0,1180.0,16.0,0.4,0.5,0.4
1974,2,286.0,34.0,19.32,20.1,22.8,20.71,34.0,1.82,14.0,0.4,0.6,0.4,10.83,16.45,18.94,15.23,36.0,4.3,14.0,0.4,0.6,0.4,4.94,7.38,10.38,7.84,29.0,2.66,16.0,0.5,0.6,0.4,55.0,69.8,83.5,69.4,30.0,12.3,16.0,0.5,0.4,6.7,9.3,12.96,9.66,35.0,3.51,14.0,0.4,0.6,0.5,-2.56,4.41,8.29,3.66,35.0,6.13,14.0,0.4,0.6,0.5,-7.19,-0.89,8.98,0.58,35.0,7.53,14.0,0.4,0.6,0.5,1010.1,1016.5,1025.59,1017.51,35.0,7.47,14.0,0.4,0.6,0.4,2.0,5.0,8.0,4.9,35.0,2.7,14.0,0.4,0.6,0.4,-18.6,29.3,107.0,42.9,35.0,82.8,14.0,0.4,0.6,0.5,-57.9,-2.3,81.4,10.5,35.0,88.4,14.0,0.4,0.6,0.5,1.19,4.1,9.43,5.06,34.0,3.61,14.0,0.4,0.6,0.4,13.2,39.0,76.4,46.9,33.0,36.9,14.0,0.4,0.6,0.4,4.4,7.3,9.94,7.21,28.0,2.84,16.0,0.5,0.6,0.4,35.5,64.5,92.5,64.9,27.0,29.2,16.0,0.5,0.6,0.4,-39.5,49.0,153.1,61.2,35.0,106.0,14.0,0.4,0.6,0.5,-91.7,-1.3,147.4,27.8,35.0,116.1,14.0,0.4,0.6,0.5,-24.3,22.3,75.4,27.8,28.0,58.5,16.0,0.5,0.6,0.4,-36.1,-2.4,85.9,18.8,28.0,60.4,16.0,0.5,0.6,0.4,-22.4,22.7,55.4,20.9,27.0,43.2,16.0,0.5,0.6,0.4,-64.2,-7.1,39.7,-7.3,27.0,53.5,16.0,0.5,0.6,0.4,301.0,804.5,2177.0,1258.5,35.0,1271.5,14.0,0.4,0.6,0.5,300.0,805.0,2175.0,1260.0,35.0,1270.0,14.0,0.4,0.6,0.5
1974,2,286.0,35.0,18.58,22.2,23.36,21.49,29.0,2.57,16.0,0.5,0.6,0.5,9.46,14.5,17.7,14.02,30.0,3.96,16.0,0.5,0.6,0.5,4.46,7.29,9.82,7.22,29.0,2.37,16.0,0.5,0.6,0.5,58.7,72.4,84.2,70.6,29.0,12.2,16.0,0.5,0.5,6.2,10.3,16.43,11.27,30.0,4.5,16.0,0.5,0.6,0.5,-0.84,5.05,11.86,5.65,30.0,6.25,16.0,0.5,0.6,0.5,-9.22,-5.13,8.22,-1.88,30.0,8.71,16.0,0.5,0.6,0.5,1007.51,1017.0,1022.4,1015.85,30.0,8.08,16.0,0.5,0.6,0.5,4.0,6.5,8.0,6.0,26.0,2.2,16.0,0.5,0.6,0.5,-5.2,37.2,163.8,82.4,30.0,105.9,16.0,0.5,0.6,0.5,-110.8,-35.2,80.2,-30.3,30.0,123.1,16.0,0.5,0.6,0.5,3.38,7.7,10.82,7.49,29.0,3.35,16.0,0.5,0.6,0.5,36.7,74.8,151.6,87.2,29.0,56.9,16.0,0.5,0.6,0.5,6.68,9.1,10.46,8.81,28.0,2.35,16.0,0.5,0.6,0.5,53.8,99.5,154.8,101.5,28.0,45.2,16.0,0.5,0.6,0.5,-12.6,60.0,181.0,78.6,30.0,99.7,16.0,0.5,0.6,0.5,-110.8,-60.9,156.6,-3.8,30.0,121.5,16.0,0.5,0.6,0.5,0.0,28.9,99.7,43.5,29.0,53.0,16.0,0.5,0.6,0.5,-61.2,-33.1,79.6,-1.9,29.0,69.3,16.0,0.5,0.6,0.5,0.0,47.1,113.2,52.7,28.0,54.0,16.0,0.5,0.6,0.5,-118.0,-39.6,65.0,-26.1,28.0,78.9,16.0,0.5,0.6,0.5,238.5,1092.5,4519.0,2123.5,30.0,2250.0,16.0,0.5,0.6,0.5,240.0,1095.0,4520.0,2125.0,30.0,2250.0,16.0,0.5,0.6,0.5
1974,2,286.0,36.0,13.4,21.7,23.4,19.49,45.0,4.74,14.0,0.5,0.5,0.5,7.06,12.2,17.82,12.57,47.0,5.01,14.0,0.5,0.5,0.4,3.95,5.69,10.4,6.67,42.0,2.99,14.0,0.5,0.5,0.4,56.5,65.3,86.4,69.4,43.0,15.8,14.0,0.5,0.5,6.2,10.3,17.55,11.24,47.0,5.35,14.0,0.5,0.5,0.5,-1.6,4.41,12.42,5.55,47.0,6.86,14.0,0.5,0.5,0.5,-11.81,-3.13,7.84,-2.24,47.0,8.6,14.0,0.5,0.5,0.5,1005.08,1016.05,1026.43,1015.66,46.0,9.0,14.0,0.5,0.5,0.5,1.5,5.5,8.0,4.8,42.0,3.0,12.0,0.6,0.5,0.5,-14.7,36.0,195.1,83.5,47.0,129.1,14.0,0.5,0.5,0.5,-178.8,-24.4,82.2,-33.7,47.0,127.3,14.0,0.5,0.5,0.5,1.35,6.8,13.35,6.9,44.0,6.31,14.0,0.5,0.5,0.4,6.8,70.1,162.6,85.4,43.0,90.6,14.0,0.5,0.5,0.4,4.13,7.89,12.62,7.99,39.0,4.24,14.0,0.5,0.5,0.4,25.7,76.9,152.8,92.4,39.0,66.1,14.0,0.5,0.5,0.4,-14.1,55.8,152.8,71.9,46.0,107.8,14.0,0.5,0.5,0.4,-101.9,-29.6,127.6,-2.7,46.0,110.8,14.0,0.5,0.5,0.4,-10.8,33.4,62.0,37.3,42.0,63.7,14.0,0.5,0.5,0.4,-56.8,-13.3,72.8,2.6,42.0,60.2,14.0,0.5,0.5,0.4,-8.1,30.8,112.6,47.4,39.0,60.5,14.0,0.5,0.5,0.4,-110.2,-27.0,24.6,-35.3,39.0,76.7,14.0,0.5,0.5,0.4,238.5,1092.5,5430.0,2388.0,47.0,2850.0,14.0,0.5,0.5,0.5,240.0,1095.0,5430.0,2390.0,47.0,2850.0,14.0,0.5,0.5,0.5
1974,2,286.0,37.0,15.6,17.1,22.2,17.83,44.0,3.6,14.0,0.4,0.7,0.3,5.0,11.35,17.3,11.46,48.0,5.67,14.0,0.5,0.7,0.4,3.8,6.91,10.05,6.83,42.0,2.77,14.0,0.4,0.7,0.4,62.6,72.5,89.3,74.7,42.0,12.7,14.0,0.4,0.4,5.1,10.3,14.4,10.2,48.0,4.77,14.0,0.5,0.7,0.4,-1.95,3.76,8.99,3.16,48.0,6.53,14.0,0.5,0.7,0.4,-9.25,-1.11,6.4,-1.59,48.0,8.57,14.0,0.5,0.7,0.4,1005.36,1014.5,1019.94,1013.34,49.0,8.16,14.0,0.5,0.7,0.4,2.0,7.0,8.0,5.8,45.0,2.6,14.0,0.5,0.7,0.4,-21.8,25.8,91.2,39.4,48.0,89.2,14.0,0.5,0.7,0.4,-101.8,-5.6,69.7,-17.2,48.0,135.1,14.0,0.5,0.7,0.4,0.57,5.5,12.3,6.06,43.0,6.29,14.0,0.4,0.7,0.3,2.2,41.5,125.6,55.5,42.0,64.8,14.0,0.4,0.7,0.3,2.27,6.77,9.45,6.29,40.0,3.64,14.0,0.4,0.7,0.4,13.3,58.6,97.0,57.4,39.0,39.8,14.0,0.4,0.7,0.4,-27.5,14.3,89.6,30.0,47.0,90.9,14.0,0.5,0.7,0.4,-73.8,-7.1,108.9,11.6,47.0,107.8,14.0,0.5,0.7,0.4,-10.9,15.6,50.2,17.0,41.0,51.2,14.0,0.4,0.7,0.4,-51.9,-4.5,57.9,2.4,41.0,67.7,14.0,0.4,0.7,0.4,-5.6,23.8,62.1,26.2,39.0,43.4,14.0,0.4,0.7,0.4,-67.5,-10.8,23.5,-15.8,39.0,46.1,14.0,0.4,0.7,0.4,132.5,1092.5,2986.0,1776.5,48.0,2230.0,14.0,0.5,0.7,0.4,135.0,1095.0,2985.0,1775.0,48.0,2230.0,14.0,0.5,0.7,0.4
1974,2,286.0,38.0,8.0,9.7,13.7,10.24,105.0,3.27,16.0,0.5,0.5,0.7,1.0,6.0,11.7,6.22,109.0,5.4,16.0,0.5,0.5,0.6,3.15,4.48,8.75,5.53,38.0,2.74,16.0,0.5,0.5,0.4,55.6,76.3,91.1,74.6,39.0,16.6,16.0,0.5,0.5,5.05,9.0,12.9,9.12,111.0,4.16,16.0,0.5,0.5,0.6,-2.82,3.46,7.85,2.86,111.0,5.6,16.0,0.5,0.5,0.6,-9.19,-3.46,5.7,-2.24,111.0,7.52,16.0,0.5,0.5,0.6,1005.92,1014.4,1028.15,1015.85,112.0,10.86,16.0,0.5,0.5,0.6,1.0,6.0,8.0,5.1,100.0,3.1,16.0,0.5,0.5,0.6,-29.5,19.9,89.8,33.2,111.0,74.9,16.0,0.5,0.5,0.6,-101.9,-20.8,44.1,-24.8,111.0,107.4,16.0,0.5,0.5,0.6,-2.0,5.05,10.0,4.39,102.0,5.45,16.0,0.5,0.5,0.7,-18.1,32.2,87.4,40.3,101.0,57.2,16.0,0.5,0.5,0.7,0.44,4.34,6.22,3.77,35.0,2.91,16.0,0.5,0.5,0.4,3.4,24.9,47.2,29.6,34.0,31.5,16.0,0.5,0.5,0.4,-31.5,5.0,63.6,13.9,107.0,54.2,16.0,0.5,0.5,0.6,-38.9,-4.1,60.0,10.9,107.0,68.3,16.0,0.5,0.5,0.6,-24.0,9.3,35.5,11.9,37.0,43.7,16.0,0.5,0.5,0.4,-25.5,0.0,53.0,11.2,37.0,51.0,16.0,0.5,0.5,0.4,-14.0,6.0,32.1,10.8,34.0,25.3,16.0,0.5,0.5,0.4,-41.3,-7.7,10.5,-14.1,34.0,30.4,16.0,0.5,0.5,0.4,128.5,729.0,2146.5,1279.0,111.0,2042.5,16.0,0.5,0.5,0.6,130.0,730.0,2145.0,1280.0,111.0,2045.0,16.0,0.5,0.5,0.6
1974,2,286.0,39.0,7.0,8.8,10.5,8.6,329.0,2.32,12.0,0.5,0.6,0.4,0.0,5.5,10.0,5.18,337.0,4.62,12.0,0.5,0.6,0.4,2.58,4.08,5.16,4.17,44.0,1.42,16.0,0.5,0.5,0.4,59.9,79.5,93.1,77.9,44.0,16.5,16.0,0.5,0.4,4.0,8.0,13.9,8.4,333.0,4.71,12.0,0.5,0.6,0.4,-6.23,0.0,6.62,0.32,333.0,6.31,12.0,0.5,0.6,0.4,-8.52,-3.1,4.92,-2.25,333.0,6.93,12.0,0.5,0.6,0.4,1005.47,1012.2,1022.63,1013.05,333.0,8.99,12.0,0.5,0.6,0.4,0.0,6.0,8.0,4.9,255.0,3.3,14.0,0.5,0.6,0.4,-62.0,0.0,62.0,2.0,333.0,84.1,12.0,0.5,0.6,0.4,-97.0,-16.2,31.7,-24.1,333.0,93.5,12.0,0.5,0.6,0.4,-0.86,3.0,8.06,3.47,325.0,4.8,12.0,0.5,0.6,0.4,-4.7,17.0,79.1,29.8,317.0,54.3,12.0,0.5,0.6,0.4,0.95,2.4,4.25,2.58,42.0,1.7,14.0,0.5,0.5,0.4,7.2,18.1,35.9,22.4,41.0,20.9,14.0,0.5,0.6,0.4,-44.0,0.0,29.4,-2.2,329.0,43.1,12.0,0.5,0.6,0.4,-38.1,0.0,45.2,5.7,329.0,55.0,12.0,0.5,0.6,0.4,-20.0,5.3,20.7,0.9,43.0,28.7,14.0,0.5,0.5,0.4,-35.2,-10.7,22.9,-10.3,43.0,32.8,14.0,0.5,0.5,0.4,-15.2,2.2,19.4,3.6,41.0,16.8,14.0,0.5,0.6,0.4,-31.1,-7.0,6.5,-12.0,41.0,22.6,14.0,0.5,0.6,0.4,64.0,512.0,2685.5,1173.5,333.0,1585.5,12.0,0.5,0.6,0.4,65.0,510.0,2685.0,1175.0,333.0,1585.0,12.0,0.5,0.6,0.4
1974,2,286.0,40.0,4.8,7.0,8.5,6.79,243.0,1.93,12.0,0.5,0.5,0.1,-0.79,4.0,6.63,3.38,249.0,3.78,12.0,0.5,0.5,0.1,2.42,3.79,4.81,3.73,52.0,1.34,10.0,0.5,0.4,0.3,47.3,74.9,87.5,70.2,52.0,17.6,10.0,0.5,0.3,3.1,8.0,12.59,8.2,230.0,4.57,14.0,0.5,0.5,0.1,-6.38,0.0,6.92,0.38,230.0,6.6,14.0,0.5,0.5,0.1,-8.5,-3.02,4.99,-2.21,230.0,6.3,14.0,0.5,0.5,0.1,1008.7,1016.0,1026.11,1016.37,237.0,8.12,14.0,0.5,0.5,0.1,0.0,4.0,8.0,4.1,202.0,3.0,14.0,0.6,0.5,0.1,-58.1,0.0,61.9,4.3,230.0,94.0,14.0,0.5,0.5,0.1,-110.3,-14.8,27.7,-30.4,230.0,78.7,14.0,0.5,0.5,0.1,-0.42,3.1,6.85,3.41,239.0,4.22,12.0,0.5,0.5,0.1,-3.2,22.3,62.1,29.6,216.0,48.6,12.0,0.5,0.5,0.1,0.87,1.81,3.59,2.1,50.0,1.27,10.0,0.5,0.4,0.3,5.5,11.0,29.4,15.1,47.0,11.8,10.0,0.5,0.4,0.3,-27.0,0.0,23.4,-0.8,226.0,35.8,12.0,0.5,0.5,0.1,-23.5,0.0,34.0,5.1,226.0,37.3,12.0,0.5,0.5,0.1,-22.6,0.0,18.1,-1.7,49.0,22.9,10.0,0.5,0.4,0.3,-19.6,-0.9,33.9,1.4,49.0,25.8,10.0,0.5,0.4,0.3,-16.1,0.0,7.2,-2.8,47.0,12.3,10.0,0.5,0.4,0.3,-20.2,-1.2,7.0,-5.0,47.0,13.7,10.0,0.5,0.4,0.3,30.0,512.0,2003.5,1113.0,230.0,1726.5,14.0,0.5,0.5,0.1,30.0,510.0,2005.0,1115.0,230.0,1725.0,14.0,0.5,0.5,0.1
1974,2,286.0,41.0,,,,,,,,,,,,,,,,,,,,,,,,,,,,,,,,,,,,,,,,9.07,9.85,10.63,9.85,2.0,1.63,18.0,1.0,0.7,0.1,0.24,0.76,1.27,0.76,2.0,1.07,18.0,1.0,0.7,0.1,8.95,9.78,10.61,9.78,2.0,1.72,18.0,1.0,0.7,0.1,1011.98,1013.45,1014.92,1013.45,2.0,3.04,18.0,1.0,0.7,0.1,,,,,,,,,,,,,,,,,,,,,,,,,,,,,,,,,,,,,,,,,,,,,,,,,,,,,,,,,,,,,,,,,,,,,,,,,,,,,,,,,,,,,,,,,,,,,,,,,,,,,,,,,,,,,,,,,,,,,,,,,,,,,,,,,,,,,,,,,,,,,,,,,,,,,,
1974,2,287.0,-66.0,3.5,3.5,3.5,3.5,1.0,0.0,24.0,1.0,0.6,0.1,2.8,2.8,2.8,2.8,1.0,0.0,24.0,1.0,0.6,0.1,3.96,3.96,3.96,3.96,1.0,0.0,24.0,1.0,0.6,0.1,81.2,81.2,81.2,81.2,1.0,0.0,24.0,1.0,0.1,7.2,7.2,7.2,7.2,1.0,0.0,24.0,1.0,0.6,0.1,6.24,6.24,6.24,6.24,1.0,0.0,24.0,1.0,0.6,0.1,-3.6,-3.6,-3.6,-3.6,1.0,0.0,24.0,1.0,0.6,0.1,959.3,959.3,959.3,959.3,1.0,0.0,24.0,1.0,0.6,0.1,5.0,5.0,5.0,5.0,1.0,0.0,24.0,1.0,0.6,0.1,44.9,44.9,44.9,44.9,1.0,0.0,24.0,1.0,0.6,0.1,-25.9,-25.9,-25.9,-25.9,1.0,0.0,24.0,1.0,0.6,0.1,0.7,0.7,0.7,0.7,1.0,0.0,24.0,1.0,0.6,0.1,5.0,5.0,5.0,5.0,1.0,0.0,24.0,1.0,0.6,0.1,1.17,1.17,1.17,1.17,1.0,0.0,24.0,1.0,0.6,0.1,8.4,8.4,8.4,8.4,1.0,0.0,24.0,1.0,0.6,0.1,17.5,17.5,17.5,17.5,1.0,0.0,24.0,1.0,0.6,0.1,-10.1,-10.1,-10.1,-10.1,1.0,0.0,24.0,1.0,0.6,0.1,24.7,24.7,24.7,24.7,1.0,0.0,24.0,1.0,0.6,0.1,-14.3,-14.3,-14.3,-14.3,1.0,0.0,24.0,1.0,0.6,0.1,7.3,7.3,7.3,7.3,1.0,0.0,24.0,1.0,0.6,0.1,-4.2,-4.2,-4.2,-4.2,1.0,0.0,24.0,1.0,0.6,0.1,373.0,373.0,373.0,373.0,1.0,0.0,24.0,1.0,0.6,0.1,375.0,375.0,375.0,375.0,1.0,0.0,24.0,1.0,0.6,0.1
1974,2,287.0,-56.0,8.53,8.6,8.67,8.6,2.0,0.14,6.0,1.0,1.0,0.7,4.94,5.25,5.56,5.25,2.0,0.64,6.0,1.0,1.0,0.7,4.89,4.98,5.07,4.98,2.0,0.19,6.0,1.0,1.0,0.7,87.8,88.2,88.6,88.2,2.0,0.8,6.0,1.0,0.7,10.3,10.3,10.3,10.3,1.0,0.0,6.0,1.0,1.0,0.5,9.68,9.68,9.68,9.68,1.0,0.0,6.0,1.0,1.0,0.5,3.52,3.52,3.52,3.52,1.0,0.0,6.0,1.0,1.0,0.5,982.71,984.25,985.79,984.25,2.0,3.18,6.0,1.0,1.0,0.7,7.0,7.0,7.0,7.0,2.0,0.0,6.0,1.0,1.0,0.7,99.7,99.7,99.7,99.7,1.0,0.0,6.0,1.0,1.0,0.5,36.3,36.3,36.3,36.3,1.0,0.0,6.0,1.0,1.0,0.5,2.97,3.35,3.73,3.35,2.0,0.78,6.0,1.0,1.0,0.7,40.2,40.2,40.2,40.2,1.0,0.0,6.0,1.0,1.0,0.5,2.02,2.14,2.25,2.14,2.0,0.24,6.0,1.0,1.0,0.7,23.7,23.7,23.7,23.7,1.0,0.0,6.0,1.0,1.0,0.5,46.5,46.5,46.5,46.5,1.0,0.0,6.0,1.0,1.0,0.5,16.9,16.9,16.9,16.9,1.0,0.0,6.0,1.0,1.0,0.5,46.9,46.9,46.9,46.9,1.0,0.0,6.0,1.0,1.0,0.5,17.1,17.1,17.1,17.1,1.0,0.0,6.0,1.0,1.0,0.5,22.3,22.3,22.3,22.3,1.0,0.0,6.0,1.0,1.0,0.5,8.1,8.1,8.1,8.1,1.0,0.0,6.0,1.0,1.0,0.5,1092.5,1092.5,1092.5,1092.5,1.0,0.0,6.0,1.0,1.0,0.5,1095.0,1095.0,1095.0,1095.0,1.0,0.0,6.0,1.0,1.0,0.5
1974,2,287.0,-54.0,8.0,8.0,8.0,8.0,1.0,0.0,24.0,1.0,1.0,0.3,11.0,11.0,11.0,11.0,1.0,0.0,24.0,1.0,1.0,0.3,7.29,7.29,7.29,7.29,1.0,0.0,24.0,1.0,1.0,0.3,88.7,88.7,88.7,88.7,1.0,0.0,24.0,1.0,0.3,15.4,15.4,15.4,15.4,1.0,0.0,24.0,1.0,1.0,0.3,14.47,14.47,14.47,14.47,1.0,0.0,24.0,1.0,1.0,0.3,-5.27,-5.27,-5.27,-5.27,1.0,0.0,24.0,1.0,1.0,0.3,1001.6,1001.6,1001.6,1001.6,1.0,0.0,24.0,1.0,1.0,0.3,8.0,8.0,8.0,8.0,1.0,0.0,24.0,1.0,1.0,0.3,222.9,222.9,222.9,222.9,1.0,0.0,24.0,1.0,1.0,0.3,-81.1,-81.1,-81.1,-81.1,1.0,0.0,24.0,1.0,1.0,0.3,-3.0,-3.0,-3.0,-3.0,1.0,0.0,24.0,1.0,1.0,0.3,-46.2,-46.2,-46.2,-46.2,1.0,0.0,24.0,1.0,1.0,0.3,-0.57,-0.57,-0.57,-0.57,1.0,0.0,24.0,1.0,1.0,0.3,-8.8,-8.8,-8.8,-8.8,1.0,0.0,24.0,1.0,1.0,0.3,159.2,159.2,159.2,159.2,1.0,0.0,24.0,1.0,1.0,0.3,-57.9,-57.9,-57.9,-57.9,1.0,0.0,24.0,1.0,1.0,0.3,105.4,105.4,105.4,105.4,1.0,0.0,24.0,1.0,1.0,0.3,-38.4,-38.4,-38.4,-38.4,1.0,0.0,24.0,1.0,1.0,0.3,-8.3,-8.3,-8.3,-8.3,1.0,0.0,24.0,1.0,1.0,0.3,3.0,3.0,3.0,3.0,1.0,0.0,24.0,1.0,1.0,0.3,3652.5,3652.5,3652.5,3652.5,1.0,0.0,24.0,1.0,1.0,0.3,3650.0,3650.0,3650.0,3650.0,1.0,0.0,24.0,1.0,1.0,0.3
1974,2,287.0,-35.0,15.74,16.05,16.36,16.05,2.0,0.64,12.0,0.5,0.5,0.7,14.07,14.45,14.83,14.45,2.0,0.78,12.0,0.5,0.5,0.7,9.24,9.3,9.36,9.3,2.0,0.13,12.0,0.5,0.5,0.7,89.7,91.3,92.9,91.3,2.0,3.3,12.0,0.5,0.7,0.49,1.55,2.61,1.55,2.0,2.19,12.0,0.5,0.5,0.7,0.09,0.27,0.45,0.27,2.0,0.38,12.0,0.5,0.5,0.7,0.48,1.53,2.57,1.53,2.0,2.16,12.0,0.5,0.5,0.7,1014.56,1014.7,1014.84,1014.7,2.0,0.28,12.0,0.5,0.5,0.7,8.0,8.0,8.0,8.0,2.0,0.0,12.0,0.5,0.5,0.7,0.3,0.8,1.4,0.8,2.0,1.2,12.0,0.5,0.5,0.7,1.5,4.7,8.0,4.7,2.0,6.7,12.0,0.5,0.5,0.7,1.53,1.6,1.67,1.6,2.0,0.14,12.0,0.5,0.5,0.7,0.8,2.6,4.4,2.6,2.0,3.7,12.0,0.5,0.5,0.7,1.85,2.01,2.17,2.01,2.0,0.33,12.0,0.5,0.5,0.7,0.9,2.7,4.6,2.7,2.0,3.9,12.0,0.5,0.5,0.7,1.2,3.7,6.3,3.7,2.0,5.3,12.0,0.5,0.5,0.7,6.7,21.2,35.7,21.2,2.0,30.0,12.0,0.5,0.5,0.7,0.8,2.5,4.2,2.5,2.0,3.5,12.0,0.5,0.5,0.7,4.5,14.1,23.6,14.1,2.0,19.9,12.0,0.5,0.5,0.7,0.2,0.5,0.8,0.5,2.0,0.7,12.0,0.5,0.5,0.7,0.9,2.7,4.5,2.7,2.0,3.8,12.0,0.5,0.5,0.7,4.5,15.0,25.0,15.0,2.0,21.0,12.0,0.5,0.5,0.7,5.0,15.0,25.0,15.0,2.0,20.0,12.0,0.5,0.5,0.7
1974,2,287.0,-32.0,,,,,,,,,,,,,,,,,,,,,,,,,,,,,,,,,,,,,,,,10.3,10.3,10.3,10.3,1.0,0.0,8.0,0.0,0.8,0.6,6.62,6.62,6.62,6.62,1.0,0.0,8.0,0.0,0.8,0.6,7.89,7.89,7.89,7.89,1.0,0.0,8.0,0.0,0.8,0.6,1015.0,1015.0,1015.0,1015.0,1.0,0.0,8.0,0.0,0.8,0.6,,,,,,,,,,,,,,,,,,,,,,,,,,,,,,,,,,,,,,,,,,,,,,,,,,,,,,,,,,,,,,,,,,,,,,,,,,,,,,,,,,,,,,,,,,,,,,,,,,,,,,,,,,,,,,,,,,,,,,,,,,,,,,,,,,,,,,,,,,,,,,,,,,,,,,
1974,2,287.0,-31.0,16.02,16.5,16.98,16.5,2.0,0.99,18.0,1.0,0.6,0.6,16.6,16.8,17.0,16.8,2.0,0.42,18.0,1.0,0.6,0.6,9.79,9.84,9.88,9.84,2.0,0.09,18.0,1.0,0.6,0.6,81.6,83.0,84.5,83.0,2.0,3.0,18.0,1.0,0.6,3.32,5.95,8.58,5.95,2.0,5.44,18.0,1.0,0.6,0.6,0.33,1.05,1.77,1.05,2.0,1.48,18.0,1.0,0.6,0.6,1.56,4.9,8.24,4.9,2.0,6.93,18.0,1.0,0.6,0.6,1014.22,1014.25,1014.28,1014.25,2.0,0.07,18.0,1.0,0.6,0.6,8.0,8.0,8.0,8.0,2.0,0.0,18.0,1.0,0.6,0.6,0.7,2.2,3.7,2.2,2.0,3.1,18.0,1.0,0.6,0.6,15.2,48.0,80.8,48.0,2.0,67.9,18.0,1.0,0.6,0.6,-0.57,-0.3,-0.03,-0.3,2.0,0.57,18.0,1.0,0.6,0.6,-1.1,-0.2,0.6,-0.2,2.0,1.7,18.0,1.0,0.6,0.6,1.41,1.81,2.21,1.81,2.0,0.83,18.0,1.0,0.6,0.6,5.9,13.0,20.2,13.0,2.0,14.8,18.0,1.0,0.6,0.6,5.5,17.3,29.2,17.3,2.0,24.5,18.0,1.0,0.6,0.6,26.6,83.8,141.0,83.8,2.0,118.5,18.0,1.0,0.6,0.6,3.3,10.4,17.5,10.4,2.0,14.7,18.0,1.0,0.6,0.6,15.2,47.9,80.6,47.9,2.0,67.7,18.0,1.0,0.6,0.6,0.4,1.3,2.2,1.3,2.0,1.8,18.0,1.0,0.6,0.6,3.7,11.8,19.8,11.8,2.0,16.6,18.0,1.0,0.6,0.6,157.0,475.0,793.5,475.0,2.0,659.0,18.0,1.0,0.6,0.6,155.0,475.0,795.0,475.0,2.0,660.0,18.0,1.0,0.6,0.6
1974,2,287.0,-29.0,17.32,18.0,18.68,18.0,2.0,1.41,18.0,0.5,0.4,0.8,17.65,17.75,17.85,17.75,2.0,0.21,18.0,0.5,0.4,0.8,9.4,9.63,9.86,9.63,2.0,0.48,18.0,0.5,0.4,0.8,74.1,76.5,78.8,76.5,2.0,4.9,18.0,0.5,0.8,6.75,9.0,11.25,9.0,2.0,4.67,18.0,0.5,0.4,0.8,0.34,1.07,1.8,1.07,2.0,1.51,18.0,0.5,0.4,0.8,6.72,8.91,11.1,8.91,2.0,4.53,18.0,0.5,0.4,0.8,1012.55,1013.1,1013.65,1013.1,2.0,1.13,18.0,0.5,0.4,0.8,7.2,7.5,7.8,7.5,2.0,0.7,18.0,0.5,0.4,0.8,4.2,13.1,22.1,13.1,2.0,18.6,18.0,0.5,0.4,0.8,51.0,90.7,130.5,90.7,2.0,82.4,18.0,0.5,0.4,0.8,-0.33,0.25,0.83,0.25,2.0,1.2,18.0,0.5,0.4,0.8,-0.7,5.1,10.8,5.1,2.0,12.0,18.0,0.5,0.4,0.8,2.42,3.22,4.01,3.22,2.0,1.64,18.0,0.5,0.4,0.8,18.4,32.8,47.2,32.8,2.0,29.8,18.0,0.5,0.4,0.8,6.1,19.1,32.2,19.1,2.0,27.0,18.0,0.5,0.4,0.8,118.8,158.6,198.3,158.6,2.0,82.4,18.0,0.5,0.4,0.8,3.1,9.9,16.7,9.9,2.0,14.0,18.0,0.5,0.4,0.8,65.7,84.7,103.7,84.7,2.0,39.4,18.0,0.5,0.4,0.8,1.5,4.7,7.9,4.7,2.0,6.6,18.0,0.5,0.4,0.8,18.3,32.4,46.5,32.4,2.0,29.2,18.0,0.5,0.4,0.8,451.0,1023.0,1595.0,1023.0,2.0,1185.0,18.0,0.5,0.4,0.8,450.0,1025.0,1595.0,1025.0,2.0,1185.0,18.0,0.5,0.4,0.8
1974,2,287.0,-27.0,18.0,18.0,18.0,18.0,1.0,0.0,20.0,1.0,0.3,0.1,22.0,22.0,22.0,22.0,1.0,0.0,20.0,1.0,0.3,0.1,12.65,12.65,12.65,12.65,1.0,0.0,20.0,1.0,0.3,0.1,77.1,77.1,77.1,77.1,1.0,0.0,20.0,1.0,0.1,3.1,3.1,3.1,3.1,1.0,0.0,20.0,1.0,0.3,0.1,3.05,3.05,3.05,3.05,1.0,0.0,20.0,1.0,0.3,0.1,-0.54,-0.54,-0.54,-0.54,1.0,0.0,20.0,1.0,0.3,0.1,1013.9,1013.9,1013.9,1013.9,1.0,0.0,20.0,1.0,0.3,0.1,8.0,8.0,8.0,8.0,1.0,0.0,20.0,1.0,0.3,0.1,9.5,9.5,9.5,9.5,1.0,0.0,20.0,1.0,0.3,0.1,-1.7,-1.7,-1.7,-1.7,1.0,0.0,20.0,1.0,0.3,0.1,-4.0,-4.0,-4.0,-4.0,1.0,0.0,20.0,1.0,0.3,0.1,-12.4,-12.4,-12.4,-12.4,1.0,0.0,20.0,1.0,0.3,0.1,0.16,0.16,0.16,0.16,1.0,0.0,20.0,1.0,0.3,0.1,0.5,0.5,0.5,0.5,1.0,0.0,20.0,1.0,0.3,0.1,67.2,67.2,67.2,67.2,1.0,0.0,20.0,1.0,0.3,0.1,-11.8,-11.8,-11.8,-11.8,1.0,0.0,20.0,1.0,0.3,0.1,38.6,38.6,38.6,38.6,1.0,0.0,20.0,1.0,0.3,0.1,-6.8,-6.8,-6.8,-6.8,1.0,0.0,20.0,1.0,0.3,0.1,0.5,0.5,0.5,0.5,1.0,0.0,20.0,1.0,0.3,0.1,-0.1,-0.1,-0.1,-0.1,1.0,0.0,20.0,1.0,0.3,0.1,30.0,30.0,30.0,30.0,1.0,0.0,20.0,1.0,0.3,0.1,30.0,30.0,30.0,30.0,1.0,0.0,20.0,1.0,0.3,0.1
1974,2,287.0,-21.0,24.0,24.0,24.0,24.0,1.0,0.0,18.0,1.0,0.3,0.4,23.8,23.8,23.8,23.8,1.0,0.0,18.0,1.0,0.3,0.4,12.36,12.36,12.36,12.36,1.0,0.0,18.0,1.0,0.3,0.4,67.4,67.4,67.4,67.4,1.0,0.0,18.0,1.0,0.4,5.1,5.1,5.1,5.1,1.0,0.0,18.0,1.0,0.3,0.4,-2.55,-2.55,-2.55,-2.55,1.0,0.0,18.0,1.0,0.3,0.4,4.42,4.42,4.42,4.42,1.0,0.0,18.0,1.0,0.3,0.4,1011.6,1011.6,1011.6,1011.6,1.0,0.0,18.0,1.0,0.3,0.4,7.0,7.0,7.0,7.0,1.0,0.0,18.0,1.0,0.3,0.4,-13.0,-13.0,-13.0,-13.0,1.0,0.0,18.0,1.0,0.3,0.4,22.5,22.5,22.5,22.5,1.0,0.0,18.0,1.0,0.3,0.4,0.2,0.2,0.2,0.2,1.0,0.0,18.0,1.0,0.3,0.4,1.0,1.0,1.0,1.0,1.0,0.0,18.0,1.0,0.3,0.4,6.28,6.28,6.28,6.28,1.0,0.0,18.0,1.0,0.3,0.4,32.0,32.0,32.0,32.0,1.0,0.0,18.0,1.0,0.3,0.4,-60.7,-60.7,-60.7,-60.7,1.0,0.0,18.0,1.0,0.3,0.4,105.1,105.1,105.1,105.1,1.0,0.0,18.0,1.0,0.3,0.4,-31.5,-31.5,-31.5,-31.5,1.0,0.0,18.0,1.0,0.3,0.4,54.6,54.6,54.6,54.6,1.0,0.0,18.0,1.0,0.3,0.4,-16.0,-16.0,-16.0,-16.0,1.0,0.0,18.0,1.0,0.3,0.4,27.7,27.7,27.7,27.7,1.0,0.0,18.0,1.0,0.3,0.4,132.5,132.5,132.5,132.5,1.0,0.0,18.0,1.0,0.3,0.4,135.0,135.0,135.0,135.0,1.0,0.0,18.0,1.0,0.3,0.4
1974,2,287.0,-18.0,19.2,19.2,19.2,19.2,1.0,0.0,28.0,1.0,0.9,1.0,21.0,21.0,21.0,21.0,1.0,0.0,28.0,1.0,0.9,1.0,13.92,13.92,13.92,13.92,1.0,0.0,28.0,1.0,0.9,1.0,90.0,90.0,90.0,90.0,1.0,0.0,28.0,1.0,1.0,5.1,5.1,5.1,5.1,1.0,0.0,28.0,1.0,0.9,1.0,-5.02,-5.02,-5.02,-5.02,1.0,0.0,28.0,1.0,0.9,1.0,0.89,0.89,0.89,0.89,1.0,0.0,28.0,1.0,0.9,1.0,1013.1,1013.1,1013.1,1013.1,1.0,0.0,28.0,1.0,0.9,1.0,3.0,3.0,3.0,3.0,1.0,0.0,28.0,1.0,0.9,1.0,-25.6,-25.6,-25.6,-25.6,1.0,0.0,28.0,1.0,0.9,1.0,4.5,4.5,4.5,4.5,1.0,0.0,28.0,1.0,0.9,1.0,-1.8,-1.8,-1.8,-1.8,1.0,0.0,28.0,1.0,0.9,1.0,-9.2,-9.2,-9.2,-9.2,1.0,0.0,28.0,1.0,0.9,1.0,-0.09,-0.09,-0.09,-0.09,1.0,0.0,28.0,1.0,0.9,1.0,-0.4,-0.4,-0.4,-0.4,1.0,0.0,28.0,1.0,0.9,1.0,-105.5,-105.5,-105.5,-105.5,1.0,0.0,28.0,1.0,0.9,1.0,18.6,18.6,18.6,18.6,1.0,0.0,28.0,1.0,0.9,1.0,-69.9,-69.9,-69.9,-69.9,1.0,0.0,28.0,1.0,0.9,1.0,12.3,12.3,12.3,12.3,1.0,0.0,28.0,1.0,0.9,1.0,0.4,0.4,0.4,0.4,1.0,0.0,28.0,1.0,0.9,1.0,-0.1,-0.1,-0.1,-0.1,1.0,0.0,28.0,1.0,0.9,1.0,132.5,132.5,132.5,132.5,1.0,0.0,28.0,1.0,0.9,1.0,135.0,135.0,135.0,135.0,1.0,0.0,28.0,1.0,0.9,1.0
1974,2,287.0,12.0,23.59,24.4,26.36,24.71,19.0,1.38,12.0,0.4,0.5,0.4,23.8,25.45,26.4,25.13,20.0,1.36,12.0,0.4,0.5,0.5,16.02,16.85,17.61,16.85,19.0,1.09,12.0,0.4,0.5,0.5,76.6,85.1,90.9,84.5,19.0,7.0,12.0,0.4,0.5,4.61,7.45,9.28,7.06,20.0,2.33,12.0,0.4,0.5,0.5,-7.89,-6.62,-3.55,-5.85,20.0,2.87,12.0,0.4,0.5,0.5,-4.62,-3.35,-1.36,-3.02,20.0,2.0,12.0,0.4,0.5,0.5,1009.81,1011.95,1013.2,1011.65,20.0,2.08,12.0,0.4,0.5,0.5,1.0,1.5,3.0,1.8,20.0,1.3,12.0,0.4,0.5,0.5,-81.0,-48.7,-14.6,-46.9,20.0,32.3,12.0,0.4,0.5,0.5,-36.2,-23.9,-6.7,-22.8,20.0,18.5,12.0,0.4,0.5,0.5,-1.83,-0.2,0.61,-0.38,19.0,1.12,12.0,0.4,0.5,0.4,-14.1,-0.9,4.0,-3.9,19.0,9.0,12.0,0.4,0.5,0.4,1.24,2.16,4.93,2.69,18.0,1.68,12.0,0.4,0.5,0.4,6.6,16.3,33.1,18.0,18.0,11.8,12.0,0.4,0.5,0.4,-200.1,-160.0,-84.7,-146.9,20.0,73.0,12.0,0.4,0.5,0.5,-118.0,-85.3,-35.4,-75.7,20.0,48.9,12.0,0.4,0.5,0.5,-128.7,-113.6,-55.3,-96.6,19.0,48.3,12.0,0.4,0.5,0.5,-77.2,-59.3,-32.9,-55.5,19.0,26.5,12.0,0.4,0.5,0.5,-27.0,-12.0,-4.1,-14.4,18.0,11.0,12.0,0.4,0.5,0.4,-14.9,-7.9,-3.3,-9.3,18.0,7.2,12.0,0.4,0.5,0.4,98.0,415.0,800.5,459.0,20.0,385.5,12.0,0.4,0.5,0.5,100.0,415.0,800.0,460.0,20.0,385.0,12.0,0.4,0.5,0.5
1974,2,287.0,13.0,24.79,26.0,26.38,25.67,11.0,1.22,14.0,0.4,0.7,0.5,24.92,25.8,27.01,25.89,11.0,1.19,14.0,0.4,0.7,0.5,15.89,16.54,17.64,16.73,11.0,1.16,14.0,0.4,0.7,0.5,76.9,78.4,86.9,80.5,11.0,6.0,14.0,0.4,0.5,5.1,8.2,8.95,7.65,11.0,1.88,14.0,0.4,0.7,0.5,-8.42,-7.53,-4.61,-6.94,11.0,2.02,14.0,0.4,0.7,0.5,-4.2,-2.96,0.0,-2.55,11.0,1.9,14.0,0.4,0.7,0.5,1012.56,1013.1,1014.03,1013.34,11.0,1.06,14.0,0.4,0.7,0.5,1.6,3.0,3.0,2.3,11.0,1.0,14.0,0.4,0.7,0.5,-73.0,-59.3,-23.5,-56.3,11.0,26.6,14.0,0.4,0.7,0.5,-35.4,-18.4,0.0,-20.1,11.0,16.4,14.0,0.4,0.7,0.5,-2.0,0.1,0.44,-0.22,11.0,1.45,14.0,0.4,0.7,0.5,-15.8,0.5,4.3,-1.3,11.0,12.1,14.0,0.4,0.7,0.5,2.17,4.24,5.05,3.9,11.0,1.71,14.0,0.4,0.7,0.5,18.8,24.5,47.5,30.2,11.0,16.6,14.0,0.4,0.7,0.5,-220.0,-191.1,-121.4,-179.5,11.0,53.0,14.0,0.4,0.7,0.5,-107.0,-75.4,0.0,-64.6,11.0,48.0,14.0,0.4,0.7,0.5,-145.0,-120.3,-80.5,-115.8,11.0,34.0,14.0,0.4,0.7,0.5,-65.6,-47.0,0.0,-42.1,11.0,30.9,14.0,0.4,0.7,0.5,-43.0,-23.1,-16.3,-27.1,11.0,14.2,14.0,0.4,0.7,0.5,-17.5,-8.4,0.0,-10.6,11.0,12.1,14.0,0.4,0.7,0.5,132.5,551.5,718.5,517.0,11.0,305.5,14.0,0.4,0.7,0.5,135.0,550.0,720.0,515.0,11.0,305.0,14.0,0.4,0.7,0.5
1974,2,287.0,14.0,25.0,26.2,27.31,26.32,26.0,1.05,14.0,0.4,0.4,0.6,24.86,25.55,25.94,25.4,28.0,0.72,14.0,0.4,0.4,0.6,14.83,16.47,17.52,16.41,26.0,1.39,14.0,0.4,0.4,0.6,74.6,82.0,85.6,81.2,26.0,5.9,14.0,0.4,0.6,6.76,9.3,12.82,9.19,27.0,2.87,14.0,0.4,0.4,0.6,-11.99,-8.7,-5.52,-8.53,27.0,2.96,14.0,0.4,0.4,0.6,-4.5,-1.34,0.7,-1.61,27.0,2.98,14.0,0.4,0.4,0.6,1012.0,1013.9,1015.16,1013.69,29.0,1.63,14.0,0.4,0.4,0.6,2.0,3.0,4.0,3.0,29.0,1.7,14.0,0.4,0.4,0.6,-148.4,-75.7,-39.7,-86.0,27.0,54.4,14.0,0.4,0.4,0.6,-33.3,-8.9,3.2,-13.7,27.0,33.1,14.0,0.4,0.4,0.6,-0.26,0.6,2.14,0.9,25.0,1.36,14.0,0.4,0.4,0.6,-4.6,4.6,23.8,7.6,23.0,13.7,14.0,0.4,0.4,0.7,2.79,5.19,7.01,5.05,23.0,1.89,14.0,0.4,0.4,0.6,31.7,44.1,69.5,48.3,21.0,19.2,14.0,0.4,0.4,0.7,-300.9,-207.8,-141.1,-215.7,26.0,77.4,14.0,0.4,0.4,0.6,-118.5,-32.4,20.7,-40.6,26.0,77.1,14.0,0.4,0.4,0.6,-198.6,-130.3,-95.1,-141.3,24.0,51.0,14.0,0.4,0.4,0.6,-78.7,-23.0,10.8,-28.5,24.0,49.9,14.0,0.4,0.4,0.6,-61.8,-43.3,-27.8,-43.5,21.0,16.1,14.0,0.4,0.4,0.7,-24.2,-7.8,0.0,-11.8,21.0,20.8,14.0,0.4,0.4,0.7,310.0,804.5,2110.5,999.5,27.0,873.0,14.0,0.4,0.4,0.6,310.0,805.0,2110.0,1000.0,27.0,875.0,14.0,0.4,0.4,0.6
1974,2,287.0,15.0,25.0,25.9,26.96,25.96,29.0,1.02,16.0,0.7,0.6,0.3,25.02,25.7,26.98,26.09,33.0,1.14,16.0,0.7,0.6,0.3,14.99,16.43,17.42,16.37,29.0,1.41,16.0,0.7,0.6,0.3,74.3,78.0,84.0,78.9,30.0,6.1,16.0,0.7,0.3,4.6,8.7,10.76,7.87,33.0,3.16,16.0,0.7,0.6,0.3,-10.15,-8.05,-4.04,-7.21,33.0,3.09,16.0,0.7,0.6,0.3,-4.2,-1.74,0.99,-1.65,33.0,2.81,16.0,0.7,0.6,0.3,1013.0,1014.2,1015.47,1014.26,33.0,1.45,16.0,0.7,0.6,0.3,1.0,3.0,5.0,3.2,34.0,2.1,16.0,0.7,0.6,0.3,-106.0,-71.1,-18.4,-65.5,33.0,45.2,16.0,0.7,0.6,0.3,-43.0,-8.9,5.3,-15.6,33.0,28.6,16.0,0.7,0.6,0.3,-1.17,0.05,1.24,-0.02,28.0,1.27,16.0,0.6,0.6,0.3,-12.1,0.0,6.6,-2.3,27.0,10.6,16.0,0.7,0.6,0.3,3.02,4.76,6.29,4.51,27.0,1.81,16.0,0.6,0.7,0.3,16.8,34.7,44.5,32.4,26.0,17.5,14.0,0.7,0.7,0.4,-262.9,-204.1,-107.7,-192.0,32.0,83.1,16.0,0.7,0.6,0.3,-106.7,-40.3,30.6,-36.2,32.0,63.3,16.0,0.7,0.6,0.3,-171.2,-130.5,-66.1,-119.8,28.0,49.2,16.0,0.7,0.6,0.3,-67.5,-31.6,0.0,-27.3,28.0,41.9,16.0,0.7,0.6,0.3,-43.7,-32.4,-15.2,-30.4,26.0,16.4,14.0,0.7,0.7,0.4,-14.5,-6.3,0.1,-6.4,26.0,11.2,14.0,0.7,0.7,0.4,97.5,658.5,1246.5,704.5,33.0,627.0,16.0,0.7,0.6,0.3,95.0,660.0,1245.0,705.0,33.0,625.0,16.0,0.7,0.6,0.3
1974,2,287.0,16.0,25.81,26.85,27.78,26.79,14.0,0.91,14.0,0.9,0.5,0.5,25.0,25.75,26.49,25.77,14.0,1.11,14.0,0.9,0.5,0.5,15.26,16.76,17.65,16.6,12.0,1.22,14.0,0.8,0.5,0.4,76.5,79.1,83.0,79.9,12.0,4.8,14.0,0.8,0.4,5.1,6.95,10.06,7.57,12.0,3.24,14.0,0.8,0.6,0.4,-9.33,-6.89,-4.87,-7.06,12.0,3.01,14.0,0.8,0.6,0.4,-1.65,0.0,1.79,-0.31,12.0,3.07,14.0,0.8,0.6,0.4,1014.31,1015.25,1016.77,1015.65,14.0,1.89,14.0,0.9,0.5,0.5,2.0,3.0,4.9,2.9,14.0,1.6,14.0,0.9,0.5,0.5,-94.0,-48.4,-24.8,-62.0,12.0,51.3,14.0,0.8,0.6,0.4,-11.0,0.0,12.6,-4.5,12.0,32.6,14.0,0.8,0.6,0.4,0.01,1.15,1.99,1.02,14.0,1.02,14.0,0.9,0.5,0.5,0.9,5.4,14.4,8.5,12.0,11.3,14.0,0.8,0.6,0.4,4.38,5.29,6.75,5.62,12.0,1.34,14.0,0.8,0.5,0.4,26.7,40.8,57.2,41.7,10.0,17.6,12.0,0.8,0.6,0.4,-236.9,-180.7,-122.5,-181.1,12.0,75.3,14.0,0.8,0.6,0.4,-40.8,0.0,47.1,-8.4,12.0,80.2,14.0,0.8,0.6,0.4,-155.8,-112.2,-82.6,-120.6,10.0,59.3,12.0,0.8,0.6,0.4,-33.2,-5.2,12.6,-15.4,10.0,50.3,12.0,0.8,0.6,0.4,-54.8,-37.3,-24.3,-39.4,10.0,17.9,12.0,0.8,0.6,0.4,-11.1,-2.4,4.9,-4.3,10.0,13.4,12.0,0.8,0.6,0.4,132.5,347.5,1073.0,665.0,12.0,807.0,14.0,0.8,0.6,0.4,135.0,345.0,1075.0,665.0,12.0,805.0,14.0,0.8,0.6,0.4
1974,2,287.0,17.0,25.83,26.6,28.21,26.95,11.0,1.36,14.0,0.8,0.5,0.4,25.0,26.1,27.32,26.24,11.0,1.51,14.0,0.8,0.5,0.4,13.87,15.33,15.86,15.12,10.0,1.26,12.0,0.9,0.5,0.4,66.8,68.5,76.2,70.6,10.0,5.3,12.0,0.9,0.4,3.8,7.7,8.65,6.82,11.0,2.98,14.0,0.8,0.5,0.4,-8.65,-7.58,-2.64,-6.34,11.0,3.62,14.0,0.8,0.5,0.4,-0.43,0.0,1.67,0.49,11.0,1.57,14.0,0.8,0.5,0.4,1013.89,1015.1,1017.0,1015.23,10.0,1.77,12.0,0.9,0.5,0.4,2.0,3.0,5.8,3.8,11.0,2.1,14.0,0.8,0.5,0.4,-75.2,-58.4,-11.0,-52.8,11.0,42.1,14.0,0.8,0.5,0.4,-0.9,0.0,14.0,5.1,11.0,9.7,14.0,0.8,0.5,0.4,-1.25,1.7,2.47,0.72,11.0,2.13,14.0,0.8,0.5,0.4,-7.5,5.7,19.9,5.1,11.0,14.8,14.0,0.8,0.5,0.4,5.44,7.52,9.04,7.26,10.0,1.81,12.0,0.9,0.5,0.4,21.4,57.9,72.8,51.9,10.0,26.7,12.0,0.9,0.5,0.4,-225.5,-197.6,-64.6,-166.0,11.0,93.8,14.0,0.8,0.5,0.4,-10.8,0.0,41.7,11.7,11.0,39.4,14.0,0.8,0.5,0.4,-129.2,-117.0,-55.1,-98.8,10.0,51.4,12.0,0.9,0.5,0.4,-9.2,0.0,18.7,1.8,10.0,17.1,12.0,0.9,0.5,0.4,-72.1,-57.9,-20.1,-50.0,10.0,29.5,12.0,0.9,0.5,0.4,-4.8,0.0,10.2,1.4,10.0,7.6,12.0,0.9,0.5,0.4,77.0,456.5,656.0,479.0,11.0,517.5,14.0,0.8,0.5,0.4,75.0,455.0,655.0,480.0,11.0,520.0,14.0,0.8,0.5,0.4
1974,2,287.0,18.0,24.4,26.7,26.7,25.88,13.0,1.14,6.0,0.5,0.6,0.6,23.9,25.3,27.14,25.64,8.0,2.3,10.0,0.5,0.5,0.6,13.75,14.96,16.14,14.66,8.0,1.65,10.0,0.5,0.5,0.6,62.1,71.7,82.4,71.9,8.0,9.9,10.0,0.5,0.6,2.1,5.1,5.83,4.26,12.0,2.18,8.0,0.5,0.6,0.6,-1.2,0.44,3.22,0.99,12.0,2.43,8.0,0.5,0.6,0.6,-5.04,-1.82,1.8,-1.26,12.0,3.98,8.0,0.5,0.6,0.6,1011.77,1012.5,1013.5,1012.81,13.0,1.39,6.0,0.5,0.6,0.6,0.0,2.0,5.3,2.7,12.0,2.5,6.0,0.6,0.6,0.6,-5.1,0.8,22.3,5.3,12.0,13.3,8.0,0.5,0.6,0.6,-25.7,-4.2,8.4,-6.7,12.0,24.9,8.0,0.5,0.6,0.6,-1.42,1.4,2.8,0.93,8.0,2.44,10.0,0.5,0.5,0.6,-3.0,7.7,10.3,3.3,8.0,10.6,10.0,0.5,0.5,0.6,5.62,6.94,8.16,7.06,8.0,1.84,10.0,0.5,0.5,0.6,16.3,32.9,43.0,33.0,8.0,17.9,10.0,0.5,0.5,0.6,-49.5,33.3,124.7,34.7,8.0,79.2,10.0,0.5,0.5,0.6,-116.2,-64.9,-0.9,-47.9,8.0,98.3,10.0,0.5,0.5,0.6,-22.7,20.5,68.9,20.4,8.0,43.4,10.0,0.5,0.5,0.6,-73.4,-36.2,-0.6,-31.6,8.0,54.5,10.0,0.5,0.5,0.6,-19.7,9.2,26.4,5.9,8.0,21.6,10.0,0.5,0.5,0.6,-31.8,-12.9,-0.3,-7.6,8.0,31.6,10.0,0.5,0.5,0.6,9.5,132.5,198.5,131.0,12.0,134.5,8.0,0.5,0.6,0.6,10.0,135.0,200.0,130.0,12.0,135.0,8.0,0.5,0.6,0.6
1974,2,287.0,20.0,24.6,25.0,26.7,25.55,22.0,1.06,16.0,0.6,0.6,0.4,23.9,25.0,26.0,25.17,23.0,1.19,16.0,0.6,0.5,0.4,13.0,15.04,15.7,14.87,12.0,1.54,16.0,0.8,0.6,0.3,69.7,75.2,79.4,74.9,12.0,6.3,16.0,0.8,0.3,5.1,7.7,11.51,7.92,23.0,3.16,16.0,0.6,0.5,0.4,-11.43,-5.9,-3.65,-6.71,23.0,4.13,16.0,0.6,0.5,0.4,-3.59,0.0,2.67,-0.38,23.0,3.38,16.0,0.6,0.5,0.4,1013.95,1016.3,1017.91,1016.16,21.0,2.12,16.0,0.6,0.6,0.3,1.0,2.0,4.7,2.7,22.0,2.2,16.0,0.6,0.5,0.4,-131.8,-45.4,-17.2,-63.9,23.0,56.3,16.0,0.6,0.5,0.4,-29.2,0.0,17.5,-6.5,23.0,30.6,16.0,0.6,0.5,0.4,-1.33,0.65,1.8,0.37,22.0,1.66,16.0,0.6,0.6,0.4,-5.4,5.0,13.7,2.5,22.0,12.0,16.0,0.6,0.6,0.4,4.7,5.74,7.23,5.85,12.0,2.01,16.0,0.8,0.6,0.3,21.0,35.8,70.3,44.1,12.0,24.9,16.0,0.8,0.6,0.3,-294.7,-147.5,-92.1,-169.0,23.0,106.3,16.0,0.6,0.5,0.4,-87.7,0.0,71.1,-8.1,23.0,84.5,16.0,0.6,0.5,0.4,-129.5,-76.6,-13.0,-78.9,12.0,70.0,16.0,0.8,0.6,0.3,-62.9,-6.7,30.8,-10.9,12.0,53.4,16.0,0.8,0.6,0.3,-64.6,-30.7,-8.8,-34.9,12.0,27.9,16.0,0.8,0.6,0.3,-25.5,-3.0,8.6,-9.3,12.0,23.2,16.0,0.8,0.6,0.3,132.5,456.5,1533.0,734.0,23.0,780.5,16.0,0.6,0.5,0.4,135.0,455.0,1535.0,735.0,23.0,780.0,16.0,0.6,0.5,0.4
1974,2,287.0,21.0,24.43,25.55,26.4,25.45,10.0,0.99,16.0,0.5,0.2,0.6,22.85,25.0,27.06,24.9,11.0,2.1,14.0,0.5,0.3,0.6,10.99,14.45,15.14,13.1,3.0,3.26,18.0,0.3,0.3,0.7,64.6,81.7,82.8,73.9,3.0,14.9,18.0,0.3,0.7,4.59,6.0,9.0,6.22,11.0,2.24,14.0,0.5,0.3,0.6,-8.86,-5.0,1.58,-3.68,11.0,4.57,14.0,0.5,0.3,0.6,-1.54,0.0,3.19,0.6,11.0,3.38,14.0,0.5,0.3,0.6,1014.62,1016.6,1018.48,1016.61,11.0,2.16,14.0,0.5,0.3,0.6,2.0,2.0,3.0,2.4,11.0,1.4,14.0,0.5,0.3,0.6,-79.8,-25.0,7.9,-28.9,11.0,37.1,14.0,0.5,0.3,0.6,-7.6,0.0,15.7,3.6,11.0,22.2,14.0,0.5,0.3,0.6,-1.76,0.65,2.49,0.42,10.0,2.09,16.0,0.5,0.2,0.6,-7.6,4.1,9.0,2.2,10.0,11.3,16.0,0.5,0.2,0.6,5.33,7.31,8.59,6.97,3.0,2.4,18.0,0.3,0.3,0.7,31.7,45.9,48.0,40.0,3.0,13.0,18.0,0.3,0.3,0.7,-214.3,-118.9,39.8,-91.1,11.0,114.6,14.0,0.5,0.3,0.6,-35.9,0.0,89.5,19.0,11.0,85.0,14.0,0.5,0.3,0.6,-75.1,-46.9,-3.4,-39.4,3.0,52.9,18.0,0.3,0.3,0.7,-65.1,0.0,0.0,-31.8,3.0,55.1,18.0,0.3,0.3,0.7,-39.3,-25.2,-2.2,-20.9,3.0,27.5,18.0,0.3,0.3,0.7,-32.9,0.0,0.0,-16.1,3.0,27.9,18.0,0.3,0.3,0.7,100.0,216.0,729.0,323.0,11.0,277.5,14.0,0.5,0.3,0.6,100.0,215.0,730.0,325.0,11.0,280.0,14.0,0.5,0.3,0.6
1974,2,287.0,22.0,23.5,24.7,26.0,24.71,22.0,1.53,14.0,0.5,0.7,0.3,22.03,23.8,25.0,23.51,22.0,1.84,14.0,0.5,0.7,0.3,12.61,13.76,15.32,13.56,10.0,2.14,12.0,0.4,0.7,0.3,71.1,80.2,87.4,78.1,10.0,11.3,12.0,0.4,0.3,4.6,6.2,10.0,7.16,23.0,3.27,14.0,0.5,0.7,0.3,-8.33,-5.1,-0.18,-4.4,23.0,4.3,14.0,0.5,0.7,0.3,-4.41,-1.03,2.57,-1.29,23.0,4.88,14.0,0.5,0.7,0.3,1014.44,1016.4,1018.4,1016.3,24.0,2.19,14.0,0.5,0.7,0.3,0.7,2.5,7.0,3.4,24.0,2.7,14.0,0.5,0.7,0.3,-71.5,-26.0,-0.4,-36.5,23.0,48.0,14.0,0.5,0.7,0.3,-40.8,-3.1,20.1,-16.0,23.0,55.0,14.0,0.5,0.7,0.3,-0.59,0.9,3.0,1.3,20.0,2.13,14.0,0.5,0.7,0.3,-1.7,5.5,29.9,12.4,20.0,20.1,14.0,0.5,0.7,0.3,3.56,4.57,6.25,5.25,9.0,2.17,12.0,0.3,0.7,0.2,11.7,28.8,50.6,32.0,9.0,20.0,12.0,0.3,0.7,0.2,-196.2,-108.3,-2.9,-99.0,22.0,105.7,14.0,0.5,0.7,0.3,-100.7,-25.6,69.8,-25.4,22.0,111.8,14.0,0.5,0.7,0.3,-116.8,-68.8,-38.3,-70.0,10.0,39.9,12.0,0.4,0.7,0.3,-41.7,-17.4,0.0,-27.6,10.0,47.6,12.0,0.4,0.7,0.3,-41.9,-23.3,-11.4,-27.3,9.0,16.8,12.0,0.3,0.7,0.2,-22.8,-5.0,0.0,-10.7,9.0,17.3,12.0,0.3,0.7,0.2,97.5,238.5,1000.0,607.0,23.0,827.0,14.0,0.5,0.7,0.3,95.0,240.0,1000.0,605.0,23.0,825.0,14.0,0.5,0.7,0.3
1974,2,287.0,23.0,23.69,24.2,26.24,24.86,11.0,1.9,16.0,0.5,0.6,0.3,22.35,23.75,24.1,23.31,12.0,1.31,16.0,0.4,0.6,0.3,10.98,14.67,15.4,13.68,10.0,2.14,14.0,0.4,0.6,0.3,70.7,79.7,83.6,77.8,10.0,9.1,14.0,0.4,0.3,2.98,6.2,10.54,6.88,11.0,4.3,16.0,0.5,0.6,0.4,-9.56,-2.76,-0.57,-3.5,11.0,5.11,16.0,0.5,0.6,0.4,-5.79,1.15,3.56,-1.14,11.0,5.43,16.0,0.5,0.6,0.4,1016.37,1017.8,1019.7,1018.0,12.0,1.75,16.0,0.4,0.6,0.3,1.7,2.5,6.3,3.3,12.0,2.5,16.0,0.4,0.6,0.3,-100.8,-9.9,-0.8,-34.1,11.0,62.0,16.0,0.5,0.6,0.4,-59.0,1.7,23.0,-22.2,11.0,62.6,16.0,0.5,0.6,0.4,0.26,1.0,2.88,1.65,11.0,1.65,16.0,0.5,0.6,0.3,0.8,10.7,27.1,13.0,10.0,15.1,16.0,0.5,0.6,0.3,3.25,4.38,7.97,5.73,9.0,3.68,16.0,0.4,0.6,0.3,9.7,29.9,82.1,42.1,8.0,38.1,16.0,0.5,0.6,0.3,-206.7,-61.2,-13.0,-78.0,11.0,115.5,16.0,0.5,0.6,0.4,-133.3,26.4,86.2,-21.1,11.0,120.9,16.0,0.5,0.6,0.4,-97.9,-29.7,-4.0,-35.7,9.0,69.7,16.0,0.4,0.6,0.4,-87.4,-24.9,31.1,-22.8,9.0,72.3,16.0,0.4,0.6,0.4,-54.1,-18.9,-3.5,-26.4,8.0,33.7,16.0,0.5,0.6,0.3,-61.4,-19.2,5.5,-23.0,8.0,30.8,16.0,0.5,0.6,0.3,31.0,238.5,1183.0,710.5,11.0,1086.0,16.0,0.5,0.6,0.4,30.0,240.0,1185.0,710.0,11.0,1085.0,16.0,0.5,0.6,0.4
1974,2,287.0,24.0,22.79,25.0,26.24,24.6,9.0,1.87,14.0,0.3,0.5,0.3,21.92,24.0,26.0,23.64,11.0,2.37,12.0,0.4,0.5,0.4,13.57,13.71,16.38,14.8,8.0,2.07,8.0,0.3,0.5,0.4,69.9,82.0,90.5,80.2,8.0,9.8,8.0,0.3,0.4,3.69,5.1,8.2,5.8,11.0,2.4,12.0,0.4,0.5,0.4,-4.77,-3.1,3.34,-1.3,11.0,4.62,12.0,0.4,0.5,0.4,-3.97,-1.29,4.8,-0.5,11.0,4.39,12.0,0.4,0.5,0.4,1015.79,1019.3,1021.24,1018.73,11.0,3.22,12.0,0.4,0.5,0.4,1.3,2.0,6.0,3.3,9.0,2.7,10.0,0.4,0.5,0.4,-31.1,-9.6,24.4,-3.3,11.0,35.5,12.0,0.4,0.5,0.4,-32.2,-2.6,29.5,-3.8,11.0,34.0,12.0,0.4,0.5,0.4,0.0,0.0,2.23,1.02,9.0,2.37,14.0,0.3,0.5,0.3,0.0,0.0,7.1,2.2,9.0,5.5,14.0,0.3,0.5,0.3,2.35,3.99,6.25,4.16,6.0,2.07,10.0,0.2,0.4,0.4,12.9,19.2,38.3,24.6,6.0,15.1,10.0,0.2,0.4,0.4,-117.0,-77.5,78.3,-33.8,11.0,108.3,12.0,0.4,0.5,0.4,-91.6,-23.5,118.1,-7.8,11.0,102.9,12.0,0.4,0.5,0.4,-77.0,-56.1,11.8,-31.5,8.0,68.9,8.0,0.3,0.5,0.4,-65.5,-9.5,58.0,-10.4,8.0,64.9,8.0,0.3,0.5,0.4,-28.1,-18.1,-6.0,-15.7,6.0,15.5,10.0,0.2,0.4,0.4,-7.2,0.0,25.9,7.6,6.0,18.8,10.0,0.2,0.4,0.4,53.0,132.5,551.5,285.5,11.0,270.0,12.0,0.4,0.5,0.4,55.0,135.0,550.0,285.0,11.0,270.0,12.0,0.4,0.5,0.4
1974,2,287.0,25.0,22.17,23.65,25.34,23.66,10.0,1.95,14.0,0.6,0.5,0.7,21.4,22.5,23.17,22.32,10.0,1.15,14.0,0.6,0.5,0.7,10.72,13.42,15.54,13.26,10.0,2.38,14.0,0.6,0.5,0.7,72.3,78.7,90.9,79.0,10.0,11.5,14.0,0.6,0.7,2.89,4.6,6.91,4.81,11.0,2.41,16.0,0.6,0.4,0.7,-4.37,-1.99,1.22,-1.62,11.0,3.96,16.0,0.6,0.4,0.7,-2.63,1.51,4.32,1.14,11.0,3.36,16.0,0.6,0.4,0.7,1014.29,1020.2,1022.0,1017.93,11.0,5.13,16.0,0.6,0.4,0.7,1.0,3.0,8.0,3.8,11.0,2.9,16.0,0.6,0.4,0.7,-22.0,-7.4,5.6,-9.1,11.0,29.0,16.0,0.6,0.4,0.7,-10.3,4.3,24.6,7.0,11.0,20.1,16.0,0.6,0.4,0.7,0.0,0.85,3.56,1.34,10.0,2.08,14.0,0.6,0.5,0.7,0.0,0.0,17.6,7.1,10.0,13.9,14.0,0.6,0.5,0.7,3.53,5.06,5.76,4.99,10.0,1.85,14.0,0.6,0.5,0.7,11.0,22.2,36.4,26.2,10.0,22.1,14.0,0.6,0.5,0.7,-88.3,-43.1,36.9,-28.7,10.0,87.7,14.0,0.6,0.5,0.7,-61.0,15.9,92.9,20.9,10.0,76.6,14.0,0.6,0.5,0.7,-59.5,-23.9,15.8,-17.8,10.0,50.4,14.0,0.6,0.5,0.7,-27.7,8.4,55.2,13.2,10.0,42.4,14.0,0.6,0.5,0.7,-19.5,-6.0,9.0,-9.1,10.0,29.5,14.0,0.6,0.5,0.7,-15.5,2.1,16.8,3.1,10.0,16.7,14.0,0.6,0.5,0.7,24.5,97.5,330.5,183.0,11.0,198.5,16.0,0.6,0.4,0.7,25.0,95.0,330.0,185.0,11.0,200.0,16.0,0.6,0.4,0.7
1974,2,287.0,26.0,22.3,23.2,24.49,23.44,20.0,1.52,18.0,0.6,0.5,0.5,19.5,21.0,23.27,21.27,22.0,2.19,18.0,0.6,0.5,0.4,8.59,11.54,15.23,11.86,17.0,2.87,18.0,0.6,0.5,0.5,62.0,78.2,89.9,76.3,17.0,13.2,18.0,0.6,0.5,2.6,5.1,9.29,5.95,20.0,3.26,18.0,0.6,0.6,0.5,-4.09,-0.5,7.14,0.39,20.0,5.18,18.0,0.6,0.6,0.5,-5.13,-0.98,1.3,-1.76,20.0,4.2,18.0,0.6,0.6,0.5,1015.95,1019.0,1023.24,1018.88,21.0,4.52,18.0,0.6,0.6,0.5,1.5,5.0,7.5,4.7,23.0,2.5,18.0,0.6,0.6,0.4,-16.8,-0.7,51.5,8.4,20.0,46.3,18.0,0.6,0.6,0.5,-41.1,-2.0,3.4,-16.6,20.0,39.0,18.0,0.6,0.6,0.5,0.0,2.5,4.06,2.31,19.0,1.96,18.0,0.6,0.5,0.4,0.0,8.4,27.7,15.2,16.0,19.8,18.0,0.6,0.5,0.5,3.16,6.47,8.5,6.0,16.0,2.73,18.0,0.6,0.5,0.5,8.8,37.2,76.5,39.4,14.0,30.1,18.0,0.6,0.5,0.5,-99.1,-16.2,148.5,5.1,19.0,111.0,18.0,0.6,0.5,0.4,-102.6,0.0,28.6,-30.0,19.0,86.9,18.0,0.6,0.5,0.4,-42.3,-13.9,79.5,6.2,15.0,60.0,18.0,0.7,0.5,0.5,-47.4,0.0,19.7,-11.8,15.0,53.6,18.0,0.7,0.5,0.5,-21.2,-3.2,43.8,1.9,14.0,38.3,18.0,0.6,0.5,0.5,-53.6,-9.8,5.7,-18.9,14.0,26.9,18.0,0.6,0.5,0.5,17.5,132.5,802.0,399.5,20.0,525.0,18.0,0.6,0.6,0.5,20.0,135.0,800.0,400.0,20.0,525.0,18.0,0.6,0.6,0.5
1974,2,287.0,27.0,22.13,22.7,24.0,22.89,27.0,1.58,18.0,0.7,0.5,0.4,17.33,21.8,22.79,20.59,27.0,2.76,18.0,0.7,0.5,0.4,7.89,10.52,14.46,10.88,19.0,2.9,18.0,0.7,0.6,0.4,54.5,77.4,87.0,72.9,19.0,15.3,18.0,0.7,0.4,3.5,7.7,11.22,7.23,25.0,3.95,18.0,0.7,0.6,0.4,-3.86,0.0,4.0,0.05,25.0,5.08,18.0,0.7,0.6,0.4,-6.37,0.0,7.01,0.45,25.0,6.64,18.0,0.7,0.6,0.4,1017.89,1019.75,1022.61,1019.25,26.0,4.34,18.0,0.7,0.5,0.4,1.1,5.0,7.0,4.2,27.0,2.6,18.0,0.7,0.5,0.4,-29.4,0.0,32.2,8.3,25.0,56.9,18.0,0.7,0.6,0.4,-51.7,0.0,77.0,3.4,25.0,73.6,18.0,0.7,0.6,0.4,-0.29,2.8,5.35,2.3,27.0,3.38,18.0,0.7,0.5,0.4,-2.2,10.3,47.5,16.7,25.0,29.5,18.0,0.7,0.6,0.4,2.25,6.26,9.48,6.11,19.0,3.69,18.0,0.7,0.6,0.4,2.2,33.5,69.5,42.9,18.0,39.4,18.0,0.7,0.6,0.4,-81.4,0.0,80.8,1.6,25.0,110.7,18.0,0.7,0.6,0.4,-117.1,0.0,158.0,20.4,25.0,132.9,18.0,0.7,0.6,0.4,-32.3,0.0,36.8,3.2,18.0,56.5,18.0,0.7,0.6,0.4,-72.1,-3.2,106.1,10.7,18.0,80.5,18.0,0.7,0.6,0.4,-32.5,-1.1,13.6,-5.8,18.0,26.9,18.0,0.7,0.6,0.4,-51.9,-1.5,29.9,-16.1,18.0,49.7,18.0,0.7,0.6,0.4,43.5,456.5,1439.0,717.0,25.0,940.0,18.0,0.7,0.6,0.4,45.0,455.0,1440.0,715.0,25.0,940.0,18.0,0.7,0.6,0.4
1974,2,287.0,28.0,21.7,22.2,23.3,22.5,20.0,1.13,20.0,0.6,0.6,0.2,17.9,22.5,23.64,21.37,19.0,3.38,18.0,0.6,0.6,0.2,7.93,13.23,14.99,12.39,12.0,3.48,20.0,0.6,0.6,0.2,66.2,78.4,84.1,76.9,12.0,9.8,20.0,0.6,0.2,3.64,9.0,11.6,8.38,17.0,4.09,18.0,0.5,0.6,0.2,-1.99,4.65,8.15,3.53,17.0,4.62,18.0,0.5,0.6,0.2,-9.11,3.08,7.29,0.62,17.0,7.51,18.0,0.5,0.6,0.2,1015.96,1018.7,1021.0,1018.44,17.0,3.47,18.0,0.5,0.6,0.2,5.0,6.5,8.0,6.1,20.0,1.8,20.0,0.6,0.6,0.2,-11.6,43.2,81.3,40.0,17.0,49.2,18.0,0.5,0.6,0.2,-92.8,12.9,63.9,-5.4,17.0,94.0,18.0,0.5,0.6,0.2,-2.5,0.3,6.09,1.09,19.0,3.52,18.0,0.6,0.6,0.2,-9.4,2.0,43.1,14.1,16.0,37.6,18.0,0.5,0.6,0.2,0.72,3.53,9.1,4.46,12.0,3.69,20.0,0.6,0.6,0.2,7.1,23.9,94.9,43.1,12.0,46.5,20.0,0.6,0.6,0.2,-47.9,84.7,175.8,77.1,16.0,106.2,18.0,0.5,0.6,0.2,-157.5,66.9,167.6,25.0,16.0,152.1,18.0,0.5,0.6,0.2,-44.7,37.2,95.4,31.1,12.0,69.0,20.0,0.6,0.6,0.2,-74.1,45.8,109.0,32.7,12.0,84.1,20.0,0.6,0.6,0.2,-8.2,7.8,43.4,15.4,12.0,22.5,20.0,0.6,0.6,0.2,-84.1,3.7,25.2,-15.9,12.0,56.1,20.0,0.6,0.6,0.2,51.0,729.0,1575.0,987.0,17.0,1145.0,18.0,0.5,0.6,0.2,50.0,730.0,1575.0,985.0,17.0,1145.0,18.0,0.5,0.6,0.2
1974,2,287.0,29.0,21.1,21.5,22.17,21.74,10.0,0.89,16.0,0.4,0.7,0.4,17.53,21.7,22.12,20.07,11.0,2.7,16.0,0.4,0.7,0.4,7.43,12.76,13.58,11.22,9.0,3.01,14.0,0.4,0.7,0.4,54.1,79.5,89.0,74.4,9.0,15.9,14.0,0.4,0.4,3.77,6.2,12.02,7.64,11.0,4.51,16.0,0.4,0.7,0.4,-3.62,0.89,8.45,2.51,11.0,6.43,16.0,0.4,0.7,0.4,-5.47,0.0,5.6,0.24,11.0,6.01,16.0,0.4,0.7,0.4,1010.37,1021.2,1024.35,1018.22,11.0,8.71,16.0,0.4,0.7,0.4,3.0,7.0,7.4,5.7,11.0,2.1,16.0,0.4,0.7,0.4,-22.0,4.5,103.9,40.6,11.0,84.0,16.0,0.4,0.7,0.4,-38.6,0.0,41.6,9.1,11.0,65.6,16.0,0.4,0.7,0.4,-0.29,1.0,3.97,1.83,10.0,2.35,16.0,0.4,0.7,0.4,-1.5,6.3,16.3,10.7,10.0,19.0,16.0,0.4,0.7,0.4,2.41,3.87,9.08,4.98,9.0,3.2,14.0,0.4,0.7,0.4,11.5,23.8,44.2,28.9,9.0,21.2,14.0,0.4,0.7,0.4,-77.3,19.2,186.1,53.0,11.0,137.3,16.0,0.4,0.7,0.4,-97.9,0.0,123.2,11.9,11.0,124.1,16.0,0.4,0.7,0.4,-45.0,0.0,77.9,21.3,9.0,84.2,14.0,0.4,0.7,0.4,-54.7,0.0,62.1,2.9,9.0,55.1,14.0,0.4,0.7,0.4,-18.6,0.0,22.6,0.6,9.0,25.1,14.0,0.4,0.7,0.4,-21.9,0.0,13.4,-6.5,9.0,26.7,14.0,0.4,0.7,0.4,64.5,238.5,1953.0,916.5,11.0,1316.5,16.0,0.4,0.7,0.4,65.0,240.0,1955.0,915.0,11.0,1315.0,16.0,0.4,0.7,0.4
1974,2,287.0,30.0,20.6,21.2,22.2,21.34,28.0,0.95,18.0,0.6,0.5,0.4,15.64,18.3,20.33,18.07,29.0,2.66,18.0,0.6,0.6,0.4,6.62,8.66,11.96,9.23,27.0,2.67,16.0,0.6,0.6,0.4,58.2,66.3,79.8,69.7,27.0,11.5,16.0,0.6,0.4,3.4,9.55,12.94,8.35,30.0,4.63,18.0,0.6,0.6,0.4,-1.6,3.32,8.29,3.63,30.0,5.54,18.0,0.6,0.6,0.4,-9.4,0.0,7.31,-0.49,30.0,6.99,18.0,0.6,0.6,0.4,1016.07,1020.8,1025.2,1019.49,31.0,7.23,18.0,0.6,0.6,0.4,3.0,6.0,8.0,5.8,33.0,2.4,18.0,0.6,0.6,0.4,-9.5,25.6,96.9,46.7,30.0,79.4,18.0,0.6,0.6,0.4,-101.6,0.0,66.2,-8.4,30.0,77.9,18.0,0.6,0.6,0.4,1.43,3.05,5.44,3.24,28.0,2.35,18.0,0.6,0.5,0.4,0.0,24.8,46.4,26.9,26.0,22.5,16.0,0.6,0.6,0.4,3.91,7.36,8.59,6.5,26.0,2.52,16.0,0.6,0.6,0.4,7.4,49.8,93.1,53.0,26.0,36.8,16.0,0.6,0.6,0.4,-30.7,47.6,152.4,60.0,27.0,107.8,16.0,0.6,0.6,0.4,-148.5,0.0,151.0,2.5,27.0,129.7,16.0,0.6,0.6,0.4,-14.1,22.1,82.1,30.4,27.0,57.6,16.0,0.6,0.6,0.4,-69.1,0.0,83.3,6.5,27.0,70.1,16.0,0.6,0.6,0.4,-11.2,16.1,55.5,21.8,26.0,37.5,16.0,0.6,0.6,0.4,-67.5,0.0,37.5,-8.6,26.0,48.0,16.0,0.6,0.6,0.4,40.0,873.0,2166.5,1091.0,30.0,1305.5,18.0,0.6,0.6,0.4,40.0,875.0,2165.0,1090.0,30.0,1305.0,18.0,0.6,0.6,0.4
1974,2,287.0,31.0,20.0,21.1,22.2,21.17,31.0,1.2,16.0,0.6,0.5,0.4,15.6,17.25,20.55,17.74,32.0,2.26,16.0,0.7,0.6,0.4,6.62,8.13,12.34,9.15,31.0,2.71,16.0,0.6,0.6,0.4,58.3,74.1,88.9,72.2,31.0,14.4,16.0,0.6,0.4,5.1,9.3,12.9,9.35,33.0,3.63,16.0,0.7,0.6,0.4,-1.79,3.52,7.65,2.91,33.0,5.16,16.0,0.7,0.6,0.4,-8.03,1.23,9.81,0.75,33.0,8.21,16.0,0.7,0.6,0.4,1016.63,1020.0,1024.65,1019.94,33.0,5.33,16.0,0.7,0.6,0.4,2.9,6.0,8.0,5.4,32.0,2.4,16.0,0.7,0.6,0.4,-12.0,28.9,85.0,35.1,33.0,60.6,16.0,0.7,0.6,0.4,-97.7,4.4,122.6,8.4,33.0,99.4,16.0,0.7,0.6,0.4,1.2,3.85,5.74,3.32,30.0,2.41,16.0,0.6,0.5,0.4,8.2,22.1,54.5,29.7,30.0,29.1,16.0,0.6,0.5,0.4,3.16,6.8,8.98,6.25,30.0,2.67,16.0,0.6,0.5,0.4,26.6,53.5,84.3,57.7,30.0,35.6,16.0,0.6,0.5,0.4,-37.3,53.1,132.4,46.3,32.0,91.0,16.0,0.7,0.6,0.4,-140.6,10.7,176.8,22.4,32.0,150.3,16.0,0.7,0.6,0.4,-21.8,29.7,58.0,22.9,31.0,46.0,16.0,0.6,0.6,0.4,-54.6,0.0,96.4,17.9,31.0,82.2,16.0,0.6,0.6,0.4,-10.2,20.4,51.1,17.7,30.0,39.9,16.0,0.6,0.5,0.4,-70.8,-8.2,40.2,-15.0,30.0,50.6,16.0,0.6,0.5,0.4,132.5,804.5,2146.5,1169.5,33.0,1063.0,16.0,0.7,0.6,0.4,135.0,805.0,2145.0,1170.0,33.0,1065.0,16.0,0.7,0.6,0.4
1974,2,287.0,32.0,19.28,20.5,22.0,20.69,31.0,1.57,16.0,0.5,0.6,0.5,14.3,18.3,21.5,18.01,31.0,3.3,16.0,0.5,0.6,0.5,6.06,9.2,13.73,9.43,28.0,3.67,18.0,0.5,0.5,0.5,56.9,70.5,89.7,71.3,28.0,18.5,18.0,0.5,0.5,5.1,10.3,13.16,9.45,31.0,4.05,16.0,0.5,0.6,0.5,-2.57,3.28,7.6,2.99,31.0,4.69,16.0,0.5,0.6,0.5,-8.96,3.35,11.37,2.19,31.0,8.51,16.0,0.5,0.6,0.5,1011.73,1017.75,1024.01,1017.5,32.0,6.97,16.0,0.5,0.6,0.5,3.0,6.0,8.0,5.6,30.0,2.2,16.0,0.5,0.6,0.5,-14.7,22.2,72.6,37.1,31.0,59.5,16.0,0.5,0.6,0.5,-85.7,22.5,133.1,21.5,31.0,109.3,16.0,0.5,0.6,0.5,-0.52,2.3,6.7,2.64,30.0,3.15,16.0,0.5,0.6,0.5,-6.7,14.1,47.6,20.0,29.0,28.6,16.0,0.5,0.6,0.5,1.84,5.57,9.21,5.6,27.0,3.53,18.0,0.5,0.5,0.5,17.8,39.8,80.7,52.1,27.0,45.0,18.0,0.5,0.5,0.5,-51.4,53.4,128.1,49.8,30.0,84.2,16.0,0.5,0.6,0.5,-126.2,70.7,216.7,59.3,30.0,159.5,16.0,0.5,0.6,0.5,-17.7,21.5,60.0,24.5,28.0,40.9,18.0,0.5,0.5,0.5,-61.4,34.7,128.6,37.3,28.0,86.7,18.0,0.5,0.5,0.5,0.0,12.8,49.3,22.6,27.0,36.5,18.0,0.5,0.5,0.5,-41.1,8.0,35.0,-5.9,27.0,54.3,18.0,0.5,0.5,0.5,132.5,1092.5,2289.5,1286.0,31.0,1319.5,16.0,0.5,0.6,0.5,135.0,1095.0,2290.0,1285.0,31.0,1320.0,16.0,0.5,0.6,0.5
1974,2,287.0,33.0,19.13,20.0,21.77,20.56,22.0,2.02,16.0,0.5,0.6,0.5,11.55,14.7,19.25,15.46,23.0,4.09,16.0,0.5,0.6,0.5,5.52,7.26,12.06,8.36,22.0,3.15,16.0,0.5,0.6,0.5,60.2,69.9,86.2,72.6,22.0,14.9,16.0,0.5,0.5,7.7,12.0,15.4,11.47,23.0,3.83,16.0,0.4,0.6,0.5,2.64,6.95,11.22,7.07,23.0,4.46,16.0,0.4,0.6,0.5,-11.54,-6.2,3.69,-4.36,23.0,7.76,16.0,0.4,0.6,0.5,1008.23,1013.35,1022.62,1014.83,24.0,6.74,16.0,0.5,0.6,0.5,4.0,6.0,7.8,5.7,21.0,1.8,14.0,0.4,0.6,0.5,24.0,83.2,165.1,93.2,23.0,71.3,16.0,0.4,0.6,0.5,-160.0,-49.3,26.0,-61.7,23.0,108.8,16.0,0.4,0.6,0.5,0.2,6.05,9.0,4.97,22.0,4.35,16.0,0.5,0.6,0.5,0.8,77.0,112.0,64.6,21.0,63.7,14.0,0.4,0.7,0.5,2.18,7.7,9.23,6.6,21.0,3.27,16.0,0.5,0.6,0.5,16.6,85.8,151.7,81.7,20.0,57.0,14.0,0.5,0.6,0.4,33.8,102.9,170.9,102.7,22.0,75.3,14.0,0.5,0.7,0.5,-147.4,-107.0,76.7,-47.2,22.0,124.7,14.0,0.5,0.7,0.5,19.8,47.5,82.7,51.2,21.0,40.2,16.0,0.5,0.6,0.4,-75.9,-47.6,48.9,-16.7,21.0,72.5,16.0,0.5,0.6,0.4,2.6,47.0,97.3,50.4,20.0,42.9,14.0,0.5,0.6,0.4,-100.3,-40.6,11.7,-41.8,20.0,62.7,14.0,0.5,0.6,0.4,456.5,1728.0,3652.5,1990.0,23.0,1668.0,16.0,0.4,0.6,0.5,455.0,1730.0,3650.0,1990.0,23.0,1670.0,16.0,0.4,0.6,0.5
1974,2,287.0,34.0,18.57,20.2,23.4,20.45,22.0,2.58,14.0,0.5,0.5,0.5,12.94,17.0,19.2,16.16,23.0,3.81,14.0,0.5,0.5,0.5,4.45,9.21,13.39,8.98,21.0,3.88,14.0,0.6,0.5,0.6,59.2,76.2,94.4,73.7,21.0,19.1,14.0,0.6,0.6,7.45,10.8,16.72,11.72,23.0,5.31,14.0,0.5,0.5,0.5,2.73,6.77,11.13,7.15,23.0,5.12,14.0,0.5,0.5,0.5,-10.1,-2.46,6.88,-0.91,23.0,9.55,14.0,0.5,0.5,0.5,1005.35,1012.3,1020.36,1012.73,23.0,7.55,14.0,0.5,0.5,0.5,6.0,8.0,8.0,7.0,21.0,1.4,12.0,0.6,0.5,0.6,19.9,83.2,148.4,98.6,23.0,86.4,14.0,0.5,0.5,0.5,-144.1,-17.7,64.7,-1.6,23.0,185.2,14.0,0.5,0.5,0.5,0.6,4.5,7.87,4.33,22.0,3.51,14.0,0.5,0.5,0.5,4.0,52.7,123.8,55.1,22.0,51.3,14.0,0.5,0.5,0.5,2.29,5.8,10.37,6.18,20.0,4.03,14.0,0.6,0.5,0.5,18.8,68.2,126.0,75.2,20.0,60.1,14.0,0.6,0.5,0.5,47.2,103.4,187.1,112.2,23.0,82.6,14.0,0.5,0.5,0.5,-125.0,-53.6,119.7,2.2,23.0,153.9,14.0,0.5,0.5,0.5,18.2,55.9,113.2,61.2,21.0,54.8,14.0,0.6,0.5,0.6,-57.6,-28.7,82.3,12.0,21.0,96.0,14.0,0.6,0.5,0.6,4.9,42.7,88.7,45.2,20.0,51.2,14.0,0.6,0.5,0.5,-103.6,-8.2,45.5,-25.8,20.0,63.9,14.0,0.6,0.5,0.5,414.0,1259.5,4761.0,2679.0,23.0,4055.5,14.0,0.5,0.5,0.5,415.0,1260.0,4760.0,2680.0,23.0,4055.0,14.0,0.5,0.5,0.5
1974,2,287.0,35.0,18.98,21.1,22.72,20.75,25.0,1.67,14.0,0.6,0.7,0.4,11.74,13.4,19.16,14.38,27.0,4.0,14.0,0.6,0.6,0.4,5.47,6.68,10.08,7.51,23.0,2.54,16.0,0.5,0.6,0.4,59.8,69.7,79.2,70.9,24.0,12.2,16.0,0.5,0.4,5.3,12.0,15.4,12.1,27.0,5.55,14.0,0.6,0.6,0.4,0.0,5.98,12.88,6.25,27.0,6.27,14.0,0.6,0.6,0.4,-10.92,0.0,6.9,-1.54,27.0,10.02,14.0,0.6,0.6,0.4,1007.27,1015.6,1021.77,1014.69,26.0,7.28,14.0,0.5,0.6,0.4,3.7,7.0,8.0,6.3,24.0,2.2,16.0,0.6,0.6,0.3,0.0,69.6,179.7,93.0,27.0,108.2,14.0,0.6,0.6,0.4,-160.8,0.0,73.9,-43.8,27.0,185.9,14.0,0.6,0.6,0.4,2.28,6.6,9.08,6.18,25.0,3.88,14.0,0.6,0.7,0.4,21.0,45.9,114.5,72.5,25.0,65.5,14.0,0.6,0.7,0.4,4.71,8.07,10.33,7.62,22.0,2.9,16.0,0.5,0.7,0.4,31.7,73.2,131.8,80.9,22.0,49.0,16.0,0.5,0.7,0.4,0.0,90.6,172.0,89.0,27.0,97.4,14.0,0.6,0.6,0.4,-131.4,0.0,135.1,3.4,27.0,143.3,14.0,0.6,0.6,0.4,0.0,37.3,74.3,36.4,23.0,44.3,16.0,0.5,0.6,0.4,-63.2,10.1,80.9,14.6,23.0,73.3,16.0,0.5,0.6,0.4,0.0,29.7,116.9,43.1,22.0,59.1,16.0,0.5,0.7,0.4,-82.1,6.1,43.7,-8.2,22.0,61.2,16.0,0.5,0.7,0.4,154.0,1728.0,3652.5,2941.0,27.0,4145.5,14.0,0.6,0.6,0.4,155.0,1730.0,3650.0,2940.0,27.0,4145.0,14.0,0.6,0.6,0.4
1974,2,287.0,36.0,19.86,23.0,24.1,21.75,31.0,3.59,12.0,0.5,0.6,0.6,7.8,13.3,18.02,13.18,32.0,4.83,14.0,0.6,0.6,0.6,4.38,6.28,11.57,7.51,29.0,3.19,14.0,0.6,0.6,0.5,65.3,74.5,89.0,75.0,29.0,13.5,14.0,0.6,0.5,7.82,10.3,17.88,12.09,34.0,4.96,14.0,0.5,0.6,0.6,0.0,6.62,11.48,5.61,34.0,7.03,14.0,0.5,0.6,0.6,-10.08,-4.88,8.59,-2.6,34.0,9.3,14.0,0.5,0.6,0.6,1001.0,1012.0,1021.24,1012.67,35.0,9.52,14.0,0.5,0.6,0.6,3.0,8.0,8.0,5.9,34.0,2.9,14.0,0.6,0.6,0.6,0.0,68.2,183.1,82.4,34.0,123.3,14.0,0.5,0.6,0.6,-122.6,-37.5,99.4,-24.8,34.0,157.4,14.0,0.5,0.6,0.6,3.23,8.9,14.2,8.44,29.0,5.85,14.0,0.6,0.6,0.5,33.2,93.4,146.1,97.9,28.0,84.4,14.0,0.5,0.6,0.5,5.57,8.65,13.21,8.72,26.0,4.13,14.0,0.5,0.6,0.5,52.0,102.2,152.4,104.1,26.0,66.6,14.0,0.5,0.6,0.5,0.0,71.8,159.9,74.7,31.0,107.7,14.0,0.5,0.6,0.5,-99.2,-53.6,146.8,4.4,31.0,141.1,14.0,0.5,0.6,0.5,3.0,37.6,99.6,43.5,29.0,62.9,14.0,0.6,0.6,0.5,-54.4,-31.7,83.7,7.2,29.0,86.6,14.0,0.6,0.6,0.5,0.0,60.0,117.5,57.6,26.0,70.1,14.0,0.5,0.6,0.5,-94.5,-25.7,49.8,-29.1,26.0,80.3,14.0,0.5,0.6,0.5,479.0,1092.5,5720.0,2686.5,34.0,3023.5,14.0,0.5,0.6,0.6,480.0,1095.0,5720.0,2685.0,34.0,3025.0,14.0,0.5,0.6,0.6
1974,2,287.0,37.0,13.44,17.7,22.11,17.63,48.0,3.94,16.0,0.4,0.5,0.5,5.13,10.0,16.5,10.69,53.0,4.8,14.0,0.4,0.5,0.5,3.56,5.02,8.2,5.71,42.0,2.38,16.0,0.4,0.5,0.5,57.3,73.0,88.2,72.0,46.0,14.2,14.0,0.3,0.5,5.7,12.05,18.0,12.13,50.0,5.3,14.0,0.4,0.5,0.4,0.0,5.14,12.3,5.77,50.0,6.03,14.0,0.4,0.5,0.4,-10.73,-4.16,9.36,-2.05,50.0,10.18,14.0,0.4,0.5,0.4,1006.66,1015.8,1025.0,1014.48,49.0,9.86,14.0,0.4,0.5,0.5,2.0,7.5,8.0,5.9,50.0,2.8,14.0,0.4,0.5,0.5,0.0,63.3,206.9,90.0,50.0,106.2,14.0,0.4,0.5,0.4,-143.5,-38.4,109.6,-13.9,50.0,179.3,14.0,0.4,0.5,0.4,0.95,6.7,12.92,6.94,47.0,5.24,16.0,0.4,0.5,0.5,7.6,59.3,160.5,85.3,43.0,80.8,16.0,0.4,0.5,0.5,3.72,7.9,10.99,7.25,40.0,3.34,16.0,0.4,0.5,0.5,30.9,76.3,155.2,88.1,38.0,58.2,16.0,0.4,0.5,0.5,0.0,35.5,146.7,63.3,49.0,82.8,14.0,0.4,0.5,0.4,-97.4,-34.9,150.8,9.3,49.0,126.2,14.0,0.4,0.5,0.4,1.8,21.4,88.4,33.0,40.0,43.7,14.0,0.4,0.5,0.4,-61.4,-29.0,57.8,-5.0,40.0,76.9,14.0,0.4,0.5,0.4,0.0,30.5,80.3,41.1,38.0,54.2,16.0,0.4,0.5,0.5,-104.7,-36.1,22.1,-35.1,38.0,73.7,16.0,0.4,0.5,0.5,185.0,1752.0,5832.0,2844.0,50.0,3474.5,14.0,0.4,0.5,0.4,185.0,1750.0,5830.0,2845.0,50.0,3475.0,14.0,0.4,0.5,0.4
1974,2,287.0,38.0,9.17,13.4,14.4,12.24,21.0,2.83,16.0,0.6,0.5,0.5,2.93,9.1,14.17,8.86,24.0,5.1,16.0,0.7,0.5,0.4,3.36,6.13,9.16,6.06,15.0,2.85,14.0,0.7,0.5,0.3,64.2,72.5,89.4,74.4,15.0,13.8,14.0,0.7,0.3,6.21,11.55,14.99,10.66,20.0,4.72,16.0,0.7,0.6,0.5,-5.19,4.65,12.58,4.85,20.0,7.32,16.0,0.7,0.6,0.5,-9.63,-4.97,7.8,-2.72,20.0,7.47,16.0,0.7,0.6,0.5,1004.03,1011.6,1020.2,1011.5,22.0,9.28,16.0,0.7,0.5,0.4,2.0,6.0,8.0,5.7,20.0,2.6,16.0,0.7,0.5,0.4,-35.6,36.0,172.3,72.4,20.0,105.5,16.0,0.7,0.6,0.5,-144.1,-44.5,80.3,-34.5,20.0,98.1,16.0,0.7,0.6,0.5,0.1,1.9,11.43,4.27,21.0,5.29,16.0,0.6,0.5,0.5,0.0,19.1,136.1,58.0,18.0,75.7,18.0,0.7,0.5,0.5,3.4,5.09,7.12,4.59,12.0,3.0,16.0,0.6,0.4,0.4,41.8,59.7,106.6,69.7,11.0,30.8,16.0,0.6,0.5,0.4,-26.0,29.7,78.2,26.8,20.0,55.2,16.0,0.7,0.6,0.5,-89.0,-20.0,112.8,-7.6,20.0,83.1,16.0,0.7,0.6,0.5,-2.1,29.3,55.2,25.4,13.0,34.0,14.0,0.7,0.5,0.3,-39.0,-24.6,55.7,-10.8,13.0,47.5,14.0,0.7,0.5,0.3,-1.3,38.4,90.4,45.6,11.0,47.0,16.0,0.6,0.5,0.4,-48.7,-32.5,30.8,-17.0,11.0,38.4,16.0,0.6,0.5,0.4,240.0,1543.0,3369.0,1832.5,20.0,1641.5,16.0,0.7,0.6,0.5,240.0,1545.0,3370.0,1830.0,20.0,1640.0,16.0,0.7,0.6,0.5
1974,2,287.0,39.0,7.68,9.0,13.84,9.79,93.0,2.98,16.0,0.5,0.5,0.6,0.59,4.3,9.0,4.92,95.0,4.02,18.0,0.5,0.5,0.6,2.6,4.06,7.21,4.83,27.0,2.66,16.0,0.5,0.6,0.4,59.3,83.1,93.2,77.4,27.0,17.3,16.0,0.5,0.4,5.0,9.0,14.0,9.36,91.0,4.54,18.0,0.6,0.5,0.6,-7.32,0.0,6.98,0.44,91.0,7.2,18.0,0.6,0.5,0.6,-8.86,-3.0,6.31,-1.65,91.0,7.39,18.0,0.6,0.5,0.6,1007.61,1013.05,1022.42,1013.66,94.0,8.0,18.0,0.6,0.5,0.6,0.2,6.0,8.0,4.8,78.0,3.2,18.0,0.6,0.5,0.6,-68.9,0.0,75.3,11.9,91.0,102.9,18.0,0.6,0.5,0.6,-96.9,-22.5,62.0,-12.9,91.0,100.6,18.0,0.6,0.5,0.6,0.86,5.4,8.47,4.75,91.0,4.5,16.0,0.5,0.5,0.6,1.8,37.0,82.9,38.6,85.0,49.5,16.0,0.6,0.5,0.6,2.31,4.11,5.89,3.87,25.0,2.84,14.0,0.5,0.6,0.4,9.9,34.3,76.4,41.3,23.0,47.2,16.0,0.6,0.6,0.4,-30.9,0.0,21.7,0.3,88.0,46.9,18.0,0.6,0.5,0.6,-29.7,-2.8,39.6,8.9,88.0,60.6,18.0,0.6,0.5,0.6,-13.8,13.0,26.3,7.6,25.0,32.5,16.0,0.6,0.6,0.4,-31.2,-15.8,38.8,5.9,25.0,62.3,16.0,0.6,0.6,0.4,-9.3,4.2,56.3,20.4,23.0,47.1,16.0,0.6,0.6,0.4,-50.4,-15.3,6.2,-21.2,23.0,29.9,16.0,0.6,0.6,0.4,125.0,729.0,2744.0,1424.0,91.0,1907.5,18.0,0.6,0.5,0.6,125.0,730.0,2745.0,1425.0,91.0,1910.0,18.0,0.6,0.5,0.6
1974,2,287.0,40.0,4.6,7.0,9.0,6.96,482.0,2.17,18.0,0.5,0.6,0.5,-1.0,3.2,7.5,3.26,500.0,4.03,18.0,0.5,0.6,0.5,2.35,3.62,4.93,3.57,21.0,1.13,12.0,0.5,0.6,0.5,50.4,80.1,91.2,75.6,21.0,16.9,12.0,0.5,0.5,4.0,8.2,13.9,8.69,485.0,5.0,18.0,0.5,0.6,0.5,-3.08,3.3,9.59,3.26,485.0,6.62,18.0,0.5,0.6,0.5,-8.27,-2.37,4.05,-2.04,485.0,6.48,18.0,0.5,0.6,0.5,1006.4,1014.2,1024.93,1014.57,501.0,9.7,18.0,0.5,0.6,0.5,0.0,3.0,8.0,3.5,365.0,3.0,16.0,0.6,0.6,0.5,-24.6,18.4,111.3,41.8,485.0,98.6,18.0,0.5,0.6,0.5,-89.4,-10.8,30.0,-25.8,485.0,92.3,18.0,0.5,0.6,0.5,-0.73,3.9,7.8,3.63,478.0,4.41,18.0,0.5,0.6,0.5,-2.1,24.0,76.7,32.2,460.0,48.6,18.0,0.5,0.6,0.5,0.97,2.84,4.58,2.83,20.0,1.69,12.0,0.5,0.6,0.5,6.8,30.8,46.7,27.7,20.0,18.7,12.0,0.5,0.6,0.5,-17.5,3.0,34.3,7.6,481.0,36.1,18.0,0.5,0.6,0.5,-19.2,0.0,25.6,5.7,481.0,38.8,18.0,0.5,0.6,0.5,-18.7,-4.5,14.9,-3.6,21.0,18.8,12.0,0.5,0.6,0.5,-30.3,-16.1,20.7,-8.8,21.0,25.5,12.0,0.5,0.6,0.5,-27.4,-0.4,16.7,-2.9,20.0,22.0,12.0,0.5,0.6,0.5,-35.8,-20.0,0.8,-17.5,20.0,18.6,12.0,0.5,0.6,0.5,64.0,551.5,2685.5,1358.0,485.0,2073.5,18.0,0.5,0.6,0.5,65.0,550.0,2685.0,1360.0,485.0,2075.0,18.0,0.5,0.6,0.5
1974,2,287.0,46.0,-0.08,-0.05,-0.02,-0.05,2.0,0.07,22.0,1.0,0.2,0.2,-5.21,-3.3,-1.87,-3.53,3.0,2.46,18.0,0.7,0.4,0.3,1.54,1.79,2.04,1.79,2.0,0.52,22.0,1.0,0.2,0.2,60.5,61.6,62.7,61.6,2.0,2.2,22.0,1.0,0.2,4.77,6.2,8.79,6.77,3.0,2.99,18.0,0.7,0.4,0.3,1.94,3.1,6.21,4.05,3.0,3.24,18.0,0.7,0.4,0.3,-3.16,3.85,4.89,0.93,3.0,6.42,18.0,0.7,0.4,0.3,1015.68,1025.1,1025.44,1020.67,3.0,8.12,18.0,0.7,0.4,0.3,1.3,2.0,2.7,2.0,3.0,1.0,18.0,0.7,0.4,0.3,10.0,19.2,58.4,33.9,3.0,37.6,18.0,0.7,0.4,0.3,-38.9,15.8,27.7,-5.1,3.0,52.0,18.0,0.7,0.4,0.3,1.96,3.6,5.24,3.6,2.0,3.39,22.0,1.0,0.2,0.2,10.0,21.1,32.1,21.1,2.0,22.8,22.0,1.0,0.2,0.2,1.69,1.93,2.17,1.93,2.0,0.5,22.0,1.0,0.2,0.2,7.7,10.3,12.9,10.3,2.0,5.5,22.0,1.0,0.2,0.2,-23.3,-18.9,-7.2,-15.3,3.0,12.2,18.0,0.7,0.4,0.3,-23.8,-4.6,13.0,-5.4,3.0,27.0,18.0,0.7,0.4,0.3,3.2,3.7,4.2,3.7,2.0,1.0,22.0,1.0,0.2,0.2,7.7,8.0,8.2,8.0,2.0,0.5,22.0,1.0,0.2,0.2,3.0,4.6,6.3,4.6,2.0,3.4,22.0,1.0,0.2,0.2,7.0,9.2,11.3,9.2,2.0,4.4,22.0,1.0,0.2,0.2,122.5,238.5,758.0,435.5,3.0,496.0,18.0,0.7,0.4,0.3,125.0,240.0,760.0,435.0,3.0,495.0,18.0,0.7,0.4,0.3
1974,2,288.0,-66.0,,,,,,,,,,,,,,,,,,,,,,,,,,,,,,,,,,,,,,,,,,,,,,,,,,,,,,,,,,,,,,,,,,,,,,,,,,,,,,,,6.3,7.0,7.7,7.0,2.0,1.4,14.0,0.5,0.7,0.4,-24.3,4.3,32.8,4.3,2.0,59.1,14.0,0.5,0.7,0.4,-23.8,-7.4,9.1,-7.4,2.0,34.1,14.0,0.5,0.7,0.4,,,,,,,,,,,,,,,,,,,,,,,,,,,,,,,,,,,,,,,,,,,,,,,,,,,,,,,,,,,,,,,,,,,,,,,,,,,,,,,,,,,,,,,,,,,,,,,,,,,,,,,,,,,,,,,,,,,,,,,,
1974,2,288.0,-56.0,,,,,,,,,,,,,,,,,,,,,,,,,,,,,,,,,,,,,,,,,,,,,,,,,,,,,,,,,,,,,,,,,,,,,,,,,,,,,,,,8.0,8.0,8.0,8.0,1.0,0.0,4.0,1.0,0.7,0.9,0.0,0.0,0.0,0.0,1.0,0.0,4.0,1.0,0.7,0.9,59.3,59.3,59.3,59.3,1.0,0.0,4.0,1.0,0.7,0.9,,,,,,,,,,,,,,,,,,,,,,,,,,,,,,,,,,,,,,,,,,,,,,,,,,,,,,,,,,,,,,,,,,,,,,,,,,,,,,,,,,,,,,,,,,,,,,,,,,,,,,,,,,,,,,,,,,,,,,,,
1974,2,288.0,-32.0,14.61,15.5,16.32,15.47,3.0,1.25,16.0,0.3,0.2,0.4,15.77,17.2,17.27,16.53,3.0,1.24,16.0,0.3,0.2,0.4,8.8,9.6,10.11,9.46,3.0,0.96,16.0,0.3,0.2,0.4,74.3,85.2,88.6,81.5,3.0,11.0,16.0,0.3,0.4,4.1,6.4,9.9,6.98,4.0,3.45,18.0,0.5,0.1,0.4,0.67,2.02,4.96,2.78,4.0,3.06,18.0,0.5,0.1,0.4,3.48,6.14,8.57,6.03,4.0,2.94,18.0,0.5,0.1,0.4,1013.44,1015.9,1016.38,1014.93,3.0,2.31,16.0,0.3,0.2,0.4,1.9,5.0,7.0,4.5,4.0,3.4,18.0,0.5,0.1,0.4,2.7,8.3,45.9,23.6,4.0,36.4,18.0,0.5,0.1,0.4,14.3,45.7,84.6,49.3,4.0,40.9,18.0,0.5,0.1,0.4,-1.45,-0.9,-0.7,-1.07,3.0,0.57,16.0,0.3,0.2,0.4,-7.6,-7.0,-3.9,-5.8,3.0,2.9,16.0,0.3,0.2,0.4,0.48,0.55,2.45,1.44,3.0,1.63,16.0,0.3,0.2,0.4,2.8,3.9,10.6,6.6,3.0,6.2,16.0,0.3,0.2,0.4,7.7,24.3,38.6,23.2,3.0,22.7,16.0,0.3,0.2,0.4,58.0,66.7,110.8,84.0,3.0,41.5,16.0,0.3,0.2,0.4,3.8,11.8,22.4,13.0,3.0,13.7,16.0,0.3,0.2,0.4,32.5,32.5,67.3,49.5,3.0,29.5,16.0,0.3,0.2,0.4,0.5,1.4,3.6,2.0,3.0,2.4,16.0,0.3,0.2,0.4,2.4,3.9,10.0,6.2,3.0,5.9,16.0,0.3,0.2,0.4,69.0,363.5,1011.0,532.0,4.0,601.0,18.0,0.5,0.1,0.4,70.0,365.0,1010.0,530.0,4.0,600.0,18.0,0.5,0.1,0.4
1974,2,288.0,-31.0,14.0,14.0,14.0,14.0,1.0,0.0,24.0,1.0,0.1,0.4,15.8,15.8,15.8,15.8,1.0,0.0,24.0,1.0,0.1,0.4,10.23,10.23,10.23,10.23,1.0,0.0,24.0,1.0,0.1,0.4,92.0,92.0,92.0,92.0,1.0,0.0,24.0,1.0,0.4,2.6,2.6,2.6,2.6,1.0,0.0,24.0,1.0,0.1,0.4,1.99,1.99,1.99,1.99,1.0,0.0,24.0,1.0,0.1,0.4,1.67,1.67,1.67,1.67,1.0,0.0,24.0,1.0,0.1,0.4,1014.5,1014.5,1014.5,1014.5,1.0,0.0,24.0,1.0,0.1,0.4,6.0,6.0,6.0,6.0,1.0,0.0,24.0,1.0,0.1,0.4,5.2,5.2,5.2,5.2,1.0,0.0,24.0,1.0,0.1,0.4,4.3,4.3,4.3,4.3,1.0,0.0,24.0,1.0,0.1,0.4,-1.8,-1.8,-1.8,-1.8,1.0,0.0,24.0,1.0,0.1,0.4,-4.7,-4.7,-4.7,-4.7,1.0,0.0,24.0,1.0,0.1,0.4,-0.33,-0.33,-0.33,-0.33,1.0,0.0,24.0,1.0,0.1,0.4,-0.9,-0.9,-0.9,-0.9,1.0,0.0,24.0,1.0,0.1,0.4,31.5,31.5,31.5,31.5,1.0,0.0,24.0,1.0,0.1,0.4,26.4,26.4,26.4,26.4,1.0,0.0,24.0,1.0,0.1,0.4,20.4,20.4,20.4,20.4,1.0,0.0,24.0,1.0,0.1,0.4,17.1,17.1,17.1,17.1,1.0,0.0,24.0,1.0,0.1,0.4,-0.7,-0.7,-0.7,-0.7,1.0,0.0,24.0,1.0,0.1,0.4,-0.5,-0.5,-0.5,-0.5,1.0,0.0,24.0,1.0,0.1,0.4,17.5,17.5,17.5,17.5,1.0,0.0,24.0,1.0,0.1,0.4,20.0,20.0,20.0,20.0,1.0,0.0,24.0,1.0,0.1,0.4
1974,2,288.0,-30.0,15.16,15.5,15.98,15.57,3.0,0.6,16.0,0.3,0.3,0.4,15.66,15.8,17.3,16.47,3.0,1.33,16.0,0.3,0.3,0.4,8.75,9.15,9.33,9.04,3.0,0.43,16.0,0.3,0.3,0.4,75.0,78.1,81.0,78.0,3.0,4.4,16.0,0.3,0.4,5.27,6.7,9.16,7.2,3.0,2.88,16.0,0.3,0.3,0.4,0.25,0.8,1.05,0.65,3.0,0.6,16.0,0.3,0.3,0.4,5.19,6.6,9.13,7.14,3.0,2.92,16.0,0.3,0.3,0.4,1013.03,1014.4,1014.54,1013.8,3.0,1.22,16.0,0.3,0.3,0.4,1.6,5.0,7.0,4.3,3.0,4.0,16.0,0.3,0.3,0.4,1.2,3.7,6.5,3.8,3.0,3.9,16.0,0.3,0.3,0.4,28.3,44.2,86.4,57.0,3.0,44.1,16.0,0.3,0.3,0.4,-2.14,-0.3,0.31,-0.9,3.0,1.87,16.0,0.3,0.3,0.4,-14.2,-1.4,3.8,-5.1,3.0,13.5,16.0,0.3,0.3,0.4,1.36,1.76,2.5,1.93,3.0,0.85,16.0,0.3,0.3,0.4,7.9,8.1,22.6,15.1,3.0,12.3,16.0,0.3,0.3,0.4,4.0,12.6,18.3,11.2,3.0,10.5,16.0,0.3,0.3,0.4,86.6,118.8,147.4,117.0,3.0,44.6,16.0,0.3,0.3,0.4,2.3,7.3,9.8,6.1,3.0,5.6,16.0,0.3,0.3,0.4,48.0,62.1,79.9,63.9,3.0,23.4,16.0,0.3,0.3,0.4,0.4,1.4,1.4,0.9,3.0,0.8,16.0,0.3,0.3,0.4,7.8,8.0,22.6,15.0,3.0,12.4,16.0,0.3,0.3,0.4,162.0,301.0,841.5,497.0,3.0,526.0,16.0,0.3,0.3,0.4,160.0,300.0,840.0,495.0,3.0,525.0,16.0,0.3,0.3,0.4
1974,2,288.0,-29.0,15.69,19.05,21.68,18.7,4.0,3.58,14.0,0.3,0.4,0.7,16.6,17.8,17.8,17.23,4.0,1.15,14.0,0.3,0.4,0.7,9.68,10.62,11.6,10.64,4.0,1.2,14.0,0.3,0.4,0.7,82.4,86.6,91.7,87.0,4.0,6.3,14.0,0.3,0.7,4.58,5.1,6.72,5.63,4.0,1.78,14.0,0.3,0.4,0.7,1.41,1.58,2.55,1.96,4.0,0.89,14.0,0.3,0.4,0.7,3.88,4.35,6.51,5.16,4.0,1.99,14.0,0.3,0.4,0.7,1012.83,1013.4,1014.02,1013.43,4.0,0.79,14.0,0.3,0.4,0.7,3.0,4.0,6.6,4.8,4.0,2.4,14.0,0.3,0.4,0.7,7.2,10.3,14.3,10.8,4.0,4.7,14.0,0.3,0.4,0.7,17.8,22.2,46.3,31.6,4.0,23.4,14.0,0.3,0.4,0.7,-1.01,2.4,3.88,1.48,4.0,3.4,14.0,0.3,0.4,0.7,-3.0,14.6,17.5,7.6,4.0,16.5,14.0,0.3,0.4,0.7,0.84,3.14,5.13,2.99,4.0,3.07,14.0,0.3,0.4,0.7,6.2,20.3,24.8,15.7,4.0,14.0,14.0,0.3,0.4,0.7,23.4,28.0,45.4,34.1,4.0,16.6,14.0,0.3,0.4,0.7,69.0,77.4,106.2,87.1,4.0,26.5,14.0,0.3,0.4,0.7,13.7,17.6,29.1,21.2,4.0,10.7,14.0,0.3,0.4,0.7,41.1,50.6,66.7,53.7,4.0,16.2,14.0,0.3,0.4,0.7,0.3,5.0,7.8,4.1,4.0,5.2,14.0,0.3,0.4,0.7,6.2,19.6,23.8,15.2,4.0,13.0,14.0,0.3,0.4,0.7,99.5,132.5,352.0,221.5,4.0,222.0,14.0,0.3,0.4,0.7,100.0,135.0,350.0,220.0,4.0,220.0,14.0,0.3,0.4,0.7
1974,2,288.0,-28.0,20.5,20.5,20.5,20.5,1.0,0.0,22.0,1.0,0.6,0.5,17.8,17.8,17.8,17.8,1.0,0.0,22.0,1.0,0.6,0.5,10.24,10.24,10.24,10.24,1.0,0.0,22.0,1.0,0.6,0.5,81.0,81.0,81.0,81.0,1.0,0.0,22.0,1.0,0.5,5.7,5.7,5.7,5.7,1.0,0.0,22.0,1.0,0.6,0.5,0.0,0.0,0.0,0.0,1.0,0.0,22.0,1.0,0.6,0.5,5.7,5.7,5.7,5.7,1.0,0.0,22.0,1.0,0.6,0.5,1013.5,1013.5,1013.5,1013.5,1.0,0.0,22.0,1.0,0.6,0.5,6.0,6.0,6.0,6.0,1.0,0.0,22.0,1.0,0.6,0.5,0.0,0.0,0.0,0.0,1.0,0.0,22.0,1.0,0.6,0.5,32.5,32.5,32.5,32.5,1.0,0.0,22.0,1.0,0.6,0.5,2.7,2.7,2.7,2.7,1.0,0.0,22.0,1.0,0.6,0.5,15.4,15.4,15.4,15.4,1.0,0.0,22.0,1.0,0.6,0.5,4.76,4.76,4.76,4.76,1.0,0.0,22.0,1.0,0.6,0.5,27.1,27.1,27.1,27.1,1.0,0.0,22.0,1.0,0.6,0.5,0.0,0.0,0.0,0.0,1.0,0.0,22.0,1.0,0.6,0.5,101.5,101.5,101.5,101.5,1.0,0.0,22.0,1.0,0.6,0.5,0.0,0.0,0.0,0.0,1.0,0.0,22.0,1.0,0.6,0.5,58.3,58.3,58.3,58.3,1.0,0.0,22.0,1.0,0.6,0.5,0.0,0.0,0.0,0.0,1.0,0.0,22.0,1.0,0.6,0.5,27.1,27.1,27.1,27.1,1.0,0.0,22.0,1.0,0.6,0.5,185.0,185.0,185.0,185.0,1.0,0.0,22.0,1.0,0.6,0.5,185.0,185.0,185.0,185.0,1.0,0.0,22.0,1.0,0.6,0.5
1974,2,288.0,-27.0,21.22,21.7,21.7,21.47,3.0,0.4,8.0,0.3,0.7,0.9,19.32,20.0,20.0,19.67,3.0,0.58,8.0,0.3,0.7,0.9,11.4,11.82,12.27,11.84,3.0,0.64,8.0,0.3,0.7,0.9,81.6,82.2,84.8,83.2,3.0,2.5,8.0,0.3,0.9,4.08,5.1,5.85,4.97,3.0,1.31,8.0,0.3,0.7,0.9,0.0,0.0,0.43,0.21,3.0,0.36,8.0,0.3,0.7,0.9,4.04,5.1,5.85,4.95,3.0,1.33,8.0,0.3,0.7,0.9,1012.17,1013.6,1014.28,1013.23,3.0,1.58,8.0,0.3,0.7,0.9,2.6,4.0,6.0,4.3,3.0,2.5,8.0,0.3,0.7,0.9,0.0,0.0,1.5,0.8,3.0,1.3,8.0,0.3,0.7,0.9,17.0,26.0,34.5,25.7,3.0,12.8,8.0,0.3,0.7,0.9,1.7,1.7,1.9,1.8,3.0,0.17,8.0,0.3,0.7,0.9,6.9,8.7,11.2,9.1,3.0,3.2,8.0,0.3,0.7,0.9,3.85,4.26,4.34,4.1,3.0,0.38,8.0,0.3,0.7,0.9,16.1,22.3,25.1,20.6,3.0,6.8,8.0,0.3,0.7,0.9,0.0,0.0,8.5,4.2,3.0,7.2,8.0,0.3,0.7,0.9,80.8,102.0,112.8,96.9,3.0,23.9,8.0,0.3,0.7,0.9,0.0,0.0,5.3,2.6,3.0,4.5,8.0,0.3,0.7,0.9,49.3,60.3,66.6,58.0,3.0,12.8,8.0,0.3,0.7,0.9,0.0,0.0,1.6,0.8,3.0,1.3,8.0,0.3,0.7,0.9,15.9,22.3,25.1,20.6,3.0,6.9,8.0,0.3,0.7,0.9,74.0,132.5,205.0,139.0,3.0,96.0,8.0,0.3,0.7,0.9,75.0,135.0,205.0,140.0,3.0,95.0,8.0,0.3,0.7,0.9
1974,2,288.0,-25.0,21.7,21.7,21.7,21.7,1.0,0.0,2.0,1.0,0.3,0.8,22.3,22.3,22.3,22.3,1.0,0.0,2.0,1.0,0.3,0.8,12.74,12.74,12.74,12.74,1.0,0.0,2.0,1.0,0.3,0.8,76.1,76.1,76.1,76.1,1.0,0.0,2.0,1.0,0.8,2.6,2.6,2.6,2.6,1.0,0.0,2.0,1.0,0.3,0.8,0.0,0.0,0.0,0.0,1.0,0.0,2.0,1.0,0.3,0.8,-2.6,-2.6,-2.6,-2.6,1.0,0.0,2.0,1.0,0.3,0.8,1013.0,1013.0,1013.0,1013.0,1.0,0.0,2.0,1.0,0.3,0.8,1.0,1.0,1.0,1.0,1.0,0.0,2.0,1.0,0.3,0.8,0.0,0.0,0.0,0.0,1.0,0.0,2.0,1.0,0.3,0.8,-6.8,-6.8,-6.8,-6.8,1.0,0.0,2.0,1.0,0.3,0.8,-0.6,-0.6,-0.6,-0.6,1.0,0.0,2.0,1.0,0.3,0.8,-1.6,-1.6,-1.6,-1.6,1.0,0.0,2.0,1.0,0.3,0.8,3.42,3.42,3.42,3.42,1.0,0.0,2.0,1.0,0.3,0.8,8.9,8.9,8.9,8.9,1.0,0.0,2.0,1.0,0.3,0.8,0.0,0.0,0.0,0.0,1.0,0.0,2.0,1.0,0.3,0.8,-58.0,-58.0,-58.0,-58.0,1.0,0.0,2.0,1.0,0.3,0.8,0.0,0.0,0.0,0.0,1.0,0.0,2.0,1.0,0.3,0.8,-33.1,-33.1,-33.1,-33.1,1.0,0.0,2.0,1.0,0.3,0.8,0.0,0.0,0.0,0.0,1.0,0.0,2.0,1.0,0.3,0.8,-8.9,-8.9,-8.9,-8.9,1.0,0.0,2.0,1.0,0.3,0.8,17.5,17.5,17.5,17.5,1.0,0.0,2.0,1.0,0.3,0.8,20.0,20.0,20.0,20.0,1.0,0.0,2.0,1.0,0.3,0.8
1974,2,288.0,-24.0,21.06,22.05,23.04,22.05,2.0,2.05,24.0,0.0,0.8,0.6,19.42,19.45,19.48,19.45,2.0,0.07,24.0,0.0,0.8,0.6,10.0,10.64,11.29,10.64,2.0,1.33,24.0,0.0,0.8,0.6,71.6,75.9,80.3,75.9,2.0,9.0,24.0,0.0,0.6,4.18,4.35,4.52,4.35,2.0,0.35,24.0,0.0,0.8,0.6,-0.23,0.79,1.82,0.79,2.0,2.13,24.0,0.0,0.8,0.6,3.99,4.01,4.03,4.01,2.0,0.04,24.0,0.0,0.8,0.6,1012.64,1013.6,1014.56,1013.6,2.0,1.98,24.0,0.0,0.8,0.6,3.0,5.0,7.0,5.0,2.0,4.2,24.0,0.0,0.8,0.6,-0.8,3.8,8.4,3.8,2.0,9.5,24.0,0.0,0.8,0.6,16.8,17.4,18.0,17.4,2.0,1.3,24.0,0.0,0.8,0.6,1.64,2.6,3.56,2.6,2.0,1.98,24.0,0.0,0.8,0.6,7.2,11.0,14.7,11.0,2.0,7.7,24.0,0.0,0.8,0.6,5.54,5.92,6.3,5.92,2.0,0.79,24.0,0.0,0.8,0.6,25.0,25.6,26.3,25.6,2.0,1.3,24.0,0.0,0.8,0.6,-4.6,15.4,35.3,15.4,2.0,41.4,24.0,0.0,0.8,0.6,77.5,78.0,78.5,78.0,2.0,1.0,24.0,0.0,0.8,0.6,-3.4,7.0,17.5,7.0,2.0,21.6,24.0,0.0,0.8,0.6,39.9,42.7,45.5,42.7,2.0,5.8,24.0,0.0,0.8,0.6,-1.9,3.9,9.7,3.9,2.0,12.0,24.0,0.0,0.8,0.6,22.1,23.8,25.4,23.8,2.0,3.4,24.0,0.0,0.8,0.6,73.5,83.0,93.0,83.0,2.0,20.0,24.0,0.0,0.8,0.6,75.0,85.0,95.0,85.0,2.0,20.0,24.0,0.0,0.8,0.6
1974,2,288.0,-23.0,21.6,21.6,21.6,21.6,1.0,0.0,2.0,1.0,0.4,0.9,22.8,22.8,22.8,22.8,1.0,0.0,2.0,1.0,0.4,0.9,11.25,11.25,11.25,11.25,1.0,0.0,2.0,1.0,0.4,0.9,65.5,65.5,65.5,65.5,1.0,0.0,2.0,1.0,0.9,1.5,1.5,1.5,1.5,1.0,0.0,2.0,1.0,0.4,0.9,0.51,0.51,0.51,0.51,1.0,0.0,2.0,1.0,0.4,0.9,-1.41,-1.41,-1.41,-1.41,1.0,0.0,2.0,1.0,0.4,0.9,1016.3,1016.3,1016.3,1016.3,1.0,0.0,2.0,1.0,0.4,0.9,1.0,1.0,1.0,1.0,1.0,0.0,2.0,1.0,0.4,0.9,0.8,0.8,0.8,0.8,1.0,0.0,2.0,1.0,0.4,0.9,-2.1,-2.1,-2.1,-2.1,1.0,0.0,2.0,1.0,0.4,0.9,-1.2,-1.2,-1.2,-1.2,1.0,0.0,2.0,1.0,0.4,0.9,-1.8,-1.8,-1.8,-1.8,1.0,0.0,2.0,1.0,0.4,0.9,4.76,4.76,4.76,4.76,1.0,0.0,2.0,1.0,0.4,0.9,7.1,7.1,7.1,7.1,1.0,0.0,2.0,1.0,0.4,0.9,11.7,11.7,11.7,11.7,1.0,0.0,2.0,1.0,0.4,0.9,-32.1,-32.1,-32.1,-32.1,1.0,0.0,2.0,1.0,0.4,0.9,5.8,5.8,5.8,5.8,1.0,0.0,2.0,1.0,0.4,0.9,-15.9,-15.9,-15.9,-15.9,1.0,0.0,2.0,1.0,0.4,0.9,2.4,2.4,2.4,2.4,1.0,0.0,2.0,1.0,0.4,0.9,-6.7,-6.7,-6.7,-6.7,1.0,0.0,2.0,1.0,0.4,0.9,3.5,3.5,3.5,3.5,1.0,0.0,2.0,1.0,0.4,0.9,5.0,5.0,5.0,5.0,1.0,0.0,2.0,1.0,0.4,0.9
1974,2,288.0,-22.0,23.8,23.8,23.8,23.8,1.0,0.0,20.0,0.0,0.1,0.3,20.9,20.9,20.9,20.9,1.0,0.0,20.0,0.0,0.1,0.3,10.94,10.94,10.94,10.94,1.0,0.0,20.0,0.0,0.1,0.3,71.2,71.2,71.2,71.2,1.0,0.0,20.0,0.0,0.3,7.2,7.2,7.2,7.2,1.0,0.0,20.0,0.0,0.1,0.3,1.25,1.25,1.25,1.25,1.0,0.0,20.0,0.0,0.1,0.3,7.09,7.09,7.09,7.09,1.0,0.0,20.0,0.0,0.1,0.3,1011.5,1011.5,1011.5,1011.5,1.0,0.0,20.0,0.0,0.1,0.3,8.0,8.0,8.0,8.0,1.0,0.0,20.0,0.0,0.1,0.3,9.0,9.0,9.0,9.0,1.0,0.0,20.0,0.0,0.1,0.3,51.1,51.1,51.1,51.1,1.0,0.0,20.0,0.0,0.1,0.3,2.9,2.9,2.9,2.9,1.0,0.0,20.0,0.0,0.1,0.3,20.9,20.9,20.9,20.9,1.0,0.0,20.0,0.0,0.1,0.3,7.47,7.47,7.47,7.47,1.0,0.0,20.0,0.0,0.1,0.3,53.8,53.8,53.8,53.8,1.0,0.0,20.0,0.0,0.1,0.3,26.1,26.1,26.1,26.1,1.0,0.0,20.0,0.0,0.1,0.3,148.2,148.2,148.2,148.2,1.0,0.0,20.0,0.0,0.1,0.3,13.7,13.7,13.7,13.7,1.0,0.0,20.0,0.0,0.1,0.3,77.6,77.6,77.6,77.6,1.0,0.0,20.0,0.0,0.1,0.3,9.3,9.3,9.3,9.3,1.0,0.0,20.0,0.0,0.1,0.3,53.0,53.0,53.0,53.0,1.0,0.0,20.0,0.0,0.1,0.3,373.0,373.0,373.0,373.0,1.0,0.0,20.0,0.0,0.1,0.3,375.0,375.0,375.0,375.0,1.0,0.0,20.0,0.0,0.1,0.3
1974,2,288.0,-21.0,22.3,22.3,22.3,22.3,1.0,0.0,2.0,0.0,0.5,0.9,22.3,22.3,22.3,22.3,1.0,0.0,2.0,0.0,0.5,0.9,12.13,12.13,12.13,12.13,1.0,0.0,2.0,0.0,0.5,0.9,72.4,72.4,72.4,72.4,1.0,0.0,2.0,0.0,0.9,,,,,,,,,,,,,,,,,,,,,,,,,,,,,,,,,,,,,,,,,,,,,,,,,,,,,,,,,,,,,,,,,,,,,,,,,,,,,,,,,,,,,,,,,,,,,,,,,,,,,,,,,,,,,,,,,,,,,,,,,,,,,,,,,,,,,,,,,,,,,,,,,,,,,,,,,,,,,,,,,,,,,,,,,,,,,,,,,,,,,,,,,,,,,,
1974,2,288.0,-19.0,22.57,23.35,24.13,23.35,2.0,1.63,2.0,0.0,0.7,0.5,22.64,22.95,23.26,22.95,2.0,0.64,2.0,0.0,0.7,0.5,13.45,13.89,14.33,13.89,2.0,0.91,2.0,0.0,0.7,0.5,78.6,79.7,80.7,79.7,2.0,2.2,2.0,0.0,0.5,3.0,3.85,4.7,3.85,2.0,1.77,2.0,0.0,0.7,0.5,-1.27,-0.39,0.48,-0.39,2.0,1.81,2.0,0.0,0.7,0.5,2.47,3.51,4.54,3.51,2.0,2.14,2.0,0.0,0.7,0.5,1012.24,1012.75,1013.26,1012.75,2.0,1.06,2.0,0.0,0.7,0.5,7.2,7.5,7.8,7.5,2.0,0.7,2.0,0.0,0.7,0.5,-2.9,0.1,3.1,0.1,2.0,6.3,2.0,0.0,0.7,0.5,8.4,15.4,22.4,15.4,2.0,14.5,2.0,0.0,0.7,0.5,-0.69,0.4,1.49,0.4,2.0,2.26,2.0,0.0,0.7,0.5,-1.0,3.5,8.1,3.5,2.0,9.4,2.0,0.0,0.7,0.5,2.73,4.04,5.35,4.04,2.0,2.71,2.0,0.0,0.7,0.5,9.5,18.0,26.4,18.0,2.0,17.6,2.0,0.0,0.7,0.5,-29.7,-9.6,10.6,-9.6,2.0,41.7,2.0,0.0,0.7,0.5,57.1,79.8,102.5,79.8,2.0,47.0,2.0,0.0,0.7,0.5,-18.6,-6.3,6.0,-6.3,2.0,25.5,2.0,0.0,0.7,0.5,34.9,47.7,60.6,47.7,2.0,26.6,2.0,0.0,0.7,0.5,-2.2,0.9,3.9,0.9,2.0,6.2,2.0,0.0,0.7,0.5,8.3,17.1,25.8,17.1,2.0,18.2,2.0,0.0,0.7,0.5,36.0,75.0,114.5,75.0,2.0,81.5,2.0,0.0,0.7,0.5,35.0,75.0,115.0,75.0,2.0,80.0,2.0,0.0,0.7,0.5
1974,2,288.0,11.0,25.13,26.7,27.45,26.3,3.0,1.73,12.0,0.7,0.7,0.6,23.91,25.0,25.41,24.67,3.0,1.14,12.0,0.7,0.7,0.6,16.55,17.41,17.57,17.07,3.0,0.81,12.0,0.7,0.7,0.6,86.7,88.1,89.5,88.1,3.0,2.1,12.0,0.7,0.6,7.99,12.9,12.9,10.5,3.0,4.16,12.0,0.7,0.7,0.6,-10.76,-9.88,-6.79,-8.8,3.0,3.05,12.0,0.7,0.7,0.6,-7.71,-6.45,-0.72,-4.26,3.0,5.46,12.0,0.7,0.7,0.6,1011.61,1012.5,1013.46,1012.53,3.0,1.35,12.0,0.7,0.7,0.6,4.3,5.0,5.7,5.0,2.0,1.4,10.0,1.0,0.7,0.6,-138.8,-127.5,-61.3,-100.7,3.0,61.3,12.0,0.7,0.7,0.6,-99.4,-83.2,-18.8,-59.7,3.0,62.5,12.0,0.7,0.7,0.6,1.03,1.1,2.26,1.63,3.0,1.01,12.0,0.7,0.7,0.6,13.3,14.2,15.4,14.4,3.0,1.5,12.0,0.7,0.7,0.6,3.34,4.29,5.45,4.39,3.0,1.54,12.0,0.7,0.7,0.6,35.2,37.5,49.7,42.3,3.0,11.4,12.0,0.7,0.7,0.6,-258.7,-253.0,-171.7,-216.1,3.0,71.3,12.0,0.7,0.7,0.6,-192.8,-150.9,-14.6,-104.8,3.0,136.5,12.0,0.7,0.7,0.6,-178.5,-174.4,-119.0,-149.4,3.0,48.7,12.0,0.7,0.7,0.6,-133.0,-104.2,-9.9,-72.2,3.0,94.3,12.0,0.7,0.7,0.6,-39.2,-32.4,-32.2,-35.6,3.0,5.9,12.0,0.7,0.7,0.6,-30.2,-18.7,2.0,-14.2,3.0,23.9,12.0,0.7,0.7,0.6,808.0,2146.5,2146.5,1493.0,3.0,1132.5,12.0,0.7,0.7,0.6,810.0,2145.0,2145.0,1495.0,3.0,1130.0,12.0,0.7,0.7,0.6
1974,2,288.0,12.0,24.44,26.4,26.7,25.83,16.0,1.17,12.0,0.4,0.7,0.7,23.94,24.75,25.85,24.96,16.0,1.33,12.0,0.4,0.6,0.7,15.49,17.29,17.5,16.54,15.0,1.3,14.0,0.4,0.7,0.7,75.4,86.5,91.9,84.3,16.0,9.2,12.0,0.4,0.7,3.91,7.7,9.17,6.8,17.0,3.09,12.0,0.4,0.7,0.7,-7.98,-5.9,-3.31,-5.84,17.0,2.73,12.0,0.4,0.7,0.7,-5.39,-2.96,0.25,-2.63,17.0,2.75,12.0,0.4,0.7,0.7,1011.38,1013.35,1013.9,1012.88,16.0,1.46,12.0,0.4,0.7,0.7,1.0,2.0,3.0,1.9,17.0,1.2,12.0,0.4,0.7,0.7,-73.2,-44.2,-13.1,-47.3,17.0,40.1,12.0,0.4,0.7,0.7,-41.5,-16.7,0.8,-22.4,17.0,26.2,12.0,0.4,0.7,0.7,-0.91,0.8,2.3,0.62,15.0,1.66,12.0,0.3,0.7,0.7,-6.4,4.2,8.9,3.4,15.0,12.1,12.0,0.3,0.7,0.7,1.72,3.93,6.34,4.09,14.0,2.27,14.0,0.4,0.7,0.7,8.7,20.6,75.5,31.3,14.0,30.2,14.0,0.4,0.7,0.7,-203.3,-152.2,-79.9,-148.3,16.0,71.4,12.0,0.4,0.6,0.7,-114.9,-72.0,8.1,-62.0,16.0,69.6,12.0,0.4,0.6,0.7,-118.1,-93.7,-55.2,-94.3,15.0,43.2,14.0,0.4,0.7,0.7,-76.2,-49.5,7.3,-36.4,15.0,42.0,14.0,0.4,0.7,0.7,-58.0,-19.2,-6.8,-26.9,14.0,25.2,14.0,0.4,0.7,0.7,-19.0,-7.5,1.8,-12.6,14.0,19.5,14.0,0.4,0.7,0.7,66.0,456.5,801.0,500.0,17.0,572.5,12.0,0.4,0.7,0.7,65.0,455.0,800.0,500.0,17.0,575.0,12.0,0.4,0.7,0.7
1974,2,288.0,13.0,25.13,26.25,26.79,26.09,18.0,0.97,16.0,0.7,0.6,0.4,24.83,25.2,26.21,25.35,19.0,1.03,16.0,0.6,0.6,0.4,15.8,16.85,17.7,16.81,19.0,1.13,16.0,0.6,0.6,0.4,79.0,83.0,88.1,83.4,19.0,5.5,16.0,0.6,0.4,6.63,7.7,10.3,8.61,19.0,2.52,16.0,0.6,0.6,0.4,-10.3,-7.24,-4.74,-7.8,19.0,2.92,16.0,0.6,0.6,0.4,-4.12,-2.55,0.0,-2.13,19.0,2.66,16.0,0.6,0.6,0.4,1012.01,1013.35,1014.9,1013.42,20.0,1.54,16.0,0.6,0.6,0.4,1.0,3.0,5.0,2.9,20.0,1.9,16.0,0.6,0.6,0.4,-106.1,-55.7,-41.3,-73.7,19.0,49.9,16.0,0.6,0.6,0.4,-36.3,-18.4,0.0,-16.0,19.0,25.0,16.0,0.6,0.6,0.4,-0.38,0.4,2.26,0.8,17.0,1.35,16.0,0.6,0.6,0.4,-3.2,5.4,17.0,6.2,17.0,9.5,16.0,0.6,0.6,0.4,3.22,4.17,6.31,4.35,17.0,1.7,16.0,0.6,0.6,0.4,22.7,33.2,49.9,36.1,17.0,17.7,16.0,0.6,0.6,0.4,-271.3,-180.2,-129.5,-198.5,19.0,77.0,16.0,0.6,0.6,0.4,-111.5,-65.3,0.0,-53.7,19.0,66.7,16.0,0.6,0.6,0.4,-177.3,-123.6,-89.0,-131.4,19.0,50.7,16.0,0.6,0.6,0.4,-74.2,-41.2,0.0,-35.6,19.0,47.3,16.0,0.6,0.6,0.4,-46.0,-29.9,-17.4,-33.4,17.0,18.0,16.0,0.6,0.6,0.4,-16.3,-9.3,0.0,-8.2,17.0,10.8,16.0,0.6,0.6,0.4,292.0,456.5,1092.5,804.0,19.0,749.5,16.0,0.6,0.6,0.4,290.0,455.0,1095.0,805.0,19.0,750.0,16.0,0.6,0.6,0.4
1974,2,288.0,14.0,25.0,25.8,26.55,25.79,12.0,0.75,16.0,0.5,0.6,0.3,24.89,25.5,26.93,25.71,15.0,1.07,16.0,0.5,0.6,0.3,15.34,16.25,17.57,16.27,13.0,1.46,16.0,0.5,0.5,0.3,76.6,80.5,85.2,80.2,13.0,6.6,16.0,0.5,0.3,5.57,8.2,10.19,8.24,15.0,2.33,16.0,0.5,0.6,0.3,-10.19,-8.2,-4.82,-7.82,15.0,2.43,16.0,0.5,0.6,0.3,-3.06,-1.61,1.09,-0.96,15.0,2.4,16.0,0.5,0.6,0.3,1011.83,1013.5,1015.0,1013.41,14.0,1.54,16.0,0.5,0.5,0.3,1.2,3.0,5.8,3.4,15.0,2.4,16.0,0.5,0.6,0.3,-103.9,-67.2,-27.5,-69.7,15.0,35.9,16.0,0.5,0.6,0.3,-24.7,-11.7,4.5,-8.3,15.0,21.4,16.0,0.5,0.6,0.3,-0.85,0.1,1.4,0.21,12.0,1.19,16.0,0.5,0.6,0.3,-9.4,0.8,10.7,0.7,12.0,9.7,16.0,0.5,0.6,0.3,2.98,4.25,5.66,4.25,11.0,1.6,16.0,0.5,0.5,0.3,19.4,35.1,45.9,34.8,11.0,13.7,16.0,0.5,0.5,0.3,-250.4,-208.3,-122.6,-201.7,15.0,64.6,16.0,0.5,0.6,0.3,-80.3,-42.0,27.5,-24.1,15.0,64.0,16.0,0.5,0.6,0.3,-154.0,-135.0,-68.1,-124.9,13.0,42.7,16.0,0.5,0.5,0.3,-42.5,-26.1,1.8,-18.2,13.0,32.1,16.0,0.5,0.5,0.3,-43.9,-34.3,-18.6,-33.3,11.0,13.6,16.0,0.5,0.5,0.3,-15.7,-6.5,0.0,-6.0,11.0,8.6,16.0,0.5,0.5,0.3,186.0,551.5,1059.0,679.5,15.0,460.0,16.0,0.5,0.6,0.3,185.0,550.0,1060.0,680.0,15.0,460.0,16.0,0.5,0.6,0.3
1974,2,288.0,15.0,25.78,26.7,27.41,26.54,29.0,0.85,16.0,0.5,0.6,0.6,24.72,25.6,26.49,25.66,33.0,1.05,16.0,0.5,0.6,0.6,15.11,16.17,17.47,16.25,31.0,1.2,16.0,0.5,0.6,0.6,74.2,78.5,84.2,79.1,31.0,5.5,16.0,0.5,0.6,5.1,8.2,11.36,8.47,32.0,2.74,16.0,0.5,0.6,0.6,-10.64,-7.88,-5.09,-8.01,32.0,2.62,16.0,0.5,0.6,0.6,-4.16,-1.34,0.0,-1.73,32.0,2.3,16.0,0.5,0.6,0.6,1012.92,1014.2,1015.78,1014.34,33.0,1.7,16.0,0.5,0.6,0.6,1.0,3.0,5.0,3.1,33.0,2.1,16.0,0.5,0.6,0.6,-124.9,-66.7,-26.0,-74.5,32.0,48.1,16.0,0.5,0.6,0.6,-34.8,-9.6,0.0,-15.7,32.0,25.1,16.0,0.5,0.6,0.6,-0.46,1.0,2.32,0.82,29.0,1.36,16.0,0.5,0.6,0.6,-3.6,7.0,15.0,6.8,28.0,12.9,16.0,0.5,0.6,0.6,4.14,5.47,6.76,5.44,28.0,1.52,16.0,0.5,0.6,0.6,28.4,41.6,66.1,45.5,27.0,20.8,16.0,0.5,0.6,0.6,-273.0,-196.7,-130.3,-205.8,32.0,67.7,16.0,0.5,0.6,0.6,-110.3,-34.6,0.0,-43.8,32.0,58.8,16.0,0.5,0.6,0.6,-164.0,-124.9,-84.0,-131.3,30.0,44.0,16.0,0.5,0.6,0.6,-53.9,-22.0,0.0,-24.8,30.0,35.9,16.0,0.5,0.6,0.6,-57.7,-41.2,-26.5,-43.2,27.0,20.2,16.0,0.5,0.6,0.6,-17.8,-5.9,0.0,-8.6,27.0,12.4,16.0,0.5,0.6,0.6,132.5,551.5,1466.0,798.5,32.0,761.5,16.0,0.5,0.6,0.6,135.0,550.0,1465.0,800.0,32.0,760.0,16.0,0.5,0.6,0.6
1974,2,288.0,16.0,25.54,26.0,27.12,26.29,16.0,0.89,14.0,0.4,0.7,0.2,25.0,25.35,25.8,25.52,20.0,0.78,14.0,0.4,0.7,0.2,14.34,15.45,17.44,15.7,15.0,1.54,14.0,0.5,0.7,0.2,71.6,74.8,83.0,76.8,15.0,7.5,14.0,0.5,0.2,5.1,8.45,11.29,8.25,20.0,3.04,14.0,0.4,0.7,0.2,-11.29,-7.88,-5.02,-7.86,20.0,3.05,14.0,0.4,0.7,0.2,-3.18,-1.59,0.0,-1.42,20.0,2.08,14.0,0.4,0.7,0.2,1012.8,1015.05,1016.5,1014.74,20.0,1.81,14.0,0.4,0.7,0.2,1.0,3.0,4.0,3.1,20.0,1.7,14.0,0.4,0.7,0.2,-127.5,-67.2,-25.6,-73.6,20.0,52.5,14.0,0.4,0.7,0.2,-29.5,-7.7,0.0,-11.8,20.0,20.7,14.0,0.4,0.7,0.2,-0.36,0.55,2.01,0.66,16.0,1.32,14.0,0.4,0.7,0.2,-2.8,4.3,17.1,5.5,16.0,11.3,14.0,0.4,0.7,0.2,4.37,6.44,6.97,5.97,13.0,1.71,16.0,0.4,0.7,0.2,35.7,54.1,60.8,51.9,13.0,17.2,16.0,0.4,0.7,0.2,-282.3,-198.6,-127.5,-200.8,20.0,78.1,14.0,0.4,0.7,0.2,-83.6,-40.0,0.0,-36.7,20.0,53.2,14.0,0.4,0.7,0.2,-179.4,-126.8,-88.6,-133.8,15.0,50.1,14.0,0.5,0.7,0.2,-56.3,-40.5,0.0,-25.3,15.0,34.3,14.0,0.5,0.7,0.2,-57.6,-50.8,-33.7,-49.6,13.0,17.4,16.0,0.4,0.7,0.2,-20.9,-9.5,0.8,-9.3,13.0,12.6,16.0,0.4,0.7,0.2,132.5,605.0,1440.0,785.5,20.0,761.5,14.0,0.4,0.7,0.2,135.0,605.0,1440.0,785.0,20.0,760.0,14.0,0.4,0.7,0.2
1974,2,288.0,17.0,25.8,26.85,27.9,26.85,4.0,1.22,14.0,0.0,0.5,0.4,24.74,25.5,26.52,25.63,4.0,1.11,14.0,0.0,0.5,0.4,16.12,17.18,19.07,17.57,4.0,1.94,14.0,0.0,0.5,0.4,79.4,87.5,92.1,85.8,4.0,8.0,14.0,0.0,0.4,3.05,5.9,7.96,5.53,4.0,2.92,14.0,0.0,0.5,0.4,-7.9,-5.87,-2.11,-5.04,4.0,3.61,14.0,0.0,0.5,0.4,-0.75,0.36,1.42,0.34,4.0,1.46,14.0,0.0,0.5,0.4,1013.62,1015.0,1016.17,1014.9,4.0,1.58,14.0,0.0,0.5,0.4,0.6,2.0,2.0,1.3,3.0,1.2,12.0,0.0,0.5,0.4,-62.9,-37.9,-8.3,-35.7,4.0,32.0,14.0,0.0,0.5,0.4,-6.1,1.5,3.7,-1.1,4.0,7.3,14.0,0.0,0.5,0.4,-0.72,1.25,3.17,1.23,4.0,2.26,14.0,0.0,0.5,0.4,-3.5,1.7,16.9,6.5,4.0,14.4,14.0,0.0,0.5,0.4,2.63,5.34,6.34,4.52,4.0,2.72,14.0,0.0,0.5,0.4,8.1,27.0,42.5,25.4,4.0,20.3,14.0,0.0,0.5,0.4,-199.8,-148.8,-56.7,-129.2,4.0,91.1,14.0,0.0,0.5,0.4,-19.4,9.6,36.2,8.5,4.0,37.1,14.0,0.0,0.5,0.4,-132.5,-104.3,-42.0,-88.0,4.0,59.8,14.0,0.0,0.5,0.4,-11.7,7.2,24.7,6.5,4.0,23.9,14.0,0.0,0.5,0.4,-42.2,-20.8,-2.5,-22.3,4.0,23.0,14.0,0.0,0.5,0.4,-3.6,0.2,7.6,1.9,4.0,8.8,14.0,0.0,0.5,0.4,37.5,262.5,506.0,271.5,4.0,272.5,14.0,0.0,0.5,0.4,40.0,265.0,505.0,270.0,4.0,270.0,14.0,0.0,0.5,0.4
1974,2,288.0,19.0,25.2,25.2,25.2,25.2,1.0,0.0,20.0,0.0,0.9,0.6,24.4,24.4,24.4,24.4,1.0,0.0,20.0,0.0,0.9,0.6,15.46,15.46,15.46,15.46,1.0,0.0,20.0,0.0,0.9,0.6,81.3,81.3,81.3,81.3,1.0,0.0,20.0,0.0,0.6,4.0,4.0,4.0,4.0,1.0,0.0,20.0,0.0,0.9,0.6,-4.0,-4.0,-4.0,-4.0,1.0,0.0,20.0,0.0,0.9,0.6,0.0,0.0,0.0,0.0,1.0,0.0,20.0,0.0,0.9,0.6,1014.0,1014.0,1014.0,1014.0,1.0,0.0,20.0,0.0,0.9,0.6,0.0,0.0,0.0,0.0,1.0,0.0,20.0,0.0,0.9,0.6,-16.0,-16.0,-16.0,-16.0,1.0,0.0,20.0,0.0,0.9,0.6,0.0,0.0,0.0,0.0,1.0,0.0,20.0,0.0,0.9,0.6,0.8,0.8,0.8,0.8,1.0,0.0,20.0,0.0,0.9,0.6,3.2,3.2,3.2,3.2,1.0,0.0,20.0,0.0,0.9,0.6,4.53,4.53,4.53,4.53,1.0,0.0,20.0,0.0,0.9,0.6,18.1,18.1,18.1,18.1,1.0,0.0,20.0,0.0,0.9,0.6,-97.6,-97.6,-97.6,-97.6,1.0,0.0,20.0,0.0,0.9,0.6,0.0,0.0,0.0,0.0,1.0,0.0,20.0,0.0,0.9,0.6,-61.9,-61.9,-61.9,-61.9,1.0,0.0,20.0,0.0,0.9,0.6,0.0,0.0,0.0,0.0,1.0,0.0,20.0,0.0,0.9,0.6,-18.1,-18.1,-18.1,-18.1,1.0,0.0,20.0,0.0,0.9,0.6,0.0,0.0,0.0,0.0,1.0,0.0,20.0,0.0,0.9,0.6,64.0,64.0,64.0,64.0,1.0,0.0,20.0,0.0,0.9,0.6,65.0,65.0,65.0,65.0,1.0,0.0,20.0,0.0,0.9,0.6
1974,2,288.0,20.0,24.86,25.6,27.09,25.91,17.0,1.25,18.0,0.7,0.5,0.3,23.3,24.3,26.77,24.59,20.0,1.54,16.0,0.6,0.5,0.3,13.14,14.05,16.44,14.37,13.0,1.69,16.0,0.5,0.6,0.3,71.0,74.4,81.3,75.3,13.0,6.8,16.0,0.5,0.3,3.1,7.7,10.3,6.9,21.0,3.61,16.0,0.6,0.5,0.3,-9.94,-5.1,-1.11,-4.99,21.0,4.66,16.0,0.6,0.5,0.3,-4.51,0.0,2.32,0.05,21.0,3.89,16.0,0.6,0.5,0.3,1014.37,1017.6,1018.87,1017.29,21.0,2.73,16.0,0.6,0.5,0.3,2.0,2.5,5.0,3.2,20.0,1.8,16.0,0.6,0.5,0.4,-100.4,-26.0,-2.5,-46.1,21.0,57.1,16.0,0.6,0.5,0.3,-35.7,0.0,16.6,0.0,21.0,32.8,16.0,0.6,0.5,0.3,-0.5,1.05,2.55,1.05,16.0,1.81,16.0,0.7,0.5,0.3,-1.5,6.3,18.3,5.0,16.0,13.6,16.0,0.7,0.5,0.3,4.72,6.51,8.32,6.67,11.0,2.09,16.0,0.5,0.5,0.2,11.0,34.0,69.4,39.5,11.0,27.6,16.0,0.5,0.5,0.2,-249.2,-113.1,-26.1,-120.4,20.0,120.7,16.0,0.6,0.5,0.3,-122.8,0.0,58.1,0.1,20.0,94.5,16.0,0.6,0.5,0.3,-138.6,-33.4,1.5,-51.6,13.0,70.6,16.0,0.5,0.6,0.3,-67.9,0.0,38.1,-0.4,13.0,59.8,16.0,0.5,0.6,0.3,-61.5,-15.2,-4.0,-28.9,11.0,31.2,16.0,0.5,0.5,0.2,-20.7,0.0,9.4,-4.8,11.0,23.6,16.0,0.5,0.5,0.2,30.0,456.5,1092.5,588.5,21.0,713.0,16.0,0.6,0.5,0.3,30.0,455.0,1095.0,590.0,21.0,715.0,16.0,0.6,0.5,0.3
1974,2,288.0,21.0,25.44,26.4,27.36,26.4,2.0,1.98,12.0,1.0,0.6,0.4,23.37,24.15,24.93,24.15,2.0,1.63,12.0,1.0,0.6,0.4,16.47,16.47,16.47,16.47,1.0,0.0,4.0,1.0,0.7,0.6,82.0,82.0,82.0,82.0,1.0,0.0,4.0,1.0,0.6,5.78,5.95,6.12,5.95,2.0,0.35,12.0,1.0,0.6,0.4,-4.68,-3.22,-1.76,-3.22,2.0,3.03,12.0,1.0,0.6,0.4,-4.83,-2.08,0.67,-2.08,2.0,5.7,12.0,1.0,0.6,0.4,1012.61,1012.85,1013.09,1012.85,2.0,0.5,12.0,1.0,0.6,0.4,2.3,3.0,3.7,3.0,2.0,1.4,12.0,1.0,0.6,0.4,-26.7,-18.6,-10.5,-18.6,2.0,16.9,12.0,1.0,0.6,0.4,-30.1,-13.4,3.3,-13.4,2.0,34.6,12.0,1.0,0.6,0.4,2.08,2.25,2.42,2.25,2.0,0.35,12.0,1.0,0.6,0.4,12.7,13.3,14.0,13.3,2.0,1.3,12.0,1.0,0.6,0.4,6.92,6.92,6.92,6.92,1.0,0.0,4.0,1.0,0.7,0.6,39.5,39.5,39.5,39.5,1.0,0.0,4.0,1.0,0.7,0.6,-117.9,-80.1,-42.3,-80.1,2.0,78.3,12.0,1.0,0.6,0.4,-110.3,-45.6,19.2,-45.6,2.0,134.2,12.0,1.0,0.6,0.4,-88.2,-88.2,-88.2,-88.2,1.0,0.0,4.0,1.0,0.7,0.6,32.1,32.1,32.1,32.1,1.0,0.0,4.0,1.0,0.7,0.6,-37.1,-37.1,-37.1,-37.1,1.0,0.0,4.0,1.0,0.7,0.6,13.5,13.5,13.5,13.5,1.0,0.0,4.0,1.0,0.7,0.6,193.5,212.0,230.0,212.0,2.0,37.5,12.0,1.0,0.6,0.4,195.0,210.0,230.0,210.0,2.0,40.0,12.0,1.0,0.6,0.4
1974,2,288.0,22.0,24.0,24.7,26.0,24.85,34.0,0.91,14.0,0.4,0.6,0.5,22.2,24.0,25.68,24.16,35.0,1.73,14.0,0.4,0.6,0.5,9.61,13.68,15.99,13.28,14.0,2.82,14.0,0.3,0.7,0.6,57.7,75.3,83.7,72.8,14.0,12.9,14.0,0.3,0.6,4.82,7.45,10.13,7.41,36.0,2.5,14.0,0.4,0.6,0.5,-8.01,-4.33,1.83,-3.5,36.0,4.73,14.0,0.4,0.6,0.5,-5.99,1.48,3.96,-0.04,36.0,5.28,14.0,0.4,0.6,0.5,1015.06,1017.25,1020.0,1017.23,36.0,2.28,14.0,0.4,0.6,0.5,2.0,3.0,5.9,3.3,33.0,2.1,14.0,0.5,0.6,0.5,-72.8,-23.8,9.6,-29.7,36.0,44.7,14.0,0.4,0.6,0.5,-49.3,9.2,28.8,-3.5,36.0,47.9,14.0,0.4,0.6,0.5,-0.09,0.8,2.0,0.69,33.0,1.56,14.0,0.4,0.6,0.5,-0.9,4.0,16.4,5.0,33.0,12.8,14.0,0.4,0.6,0.5,3.27,5.51,7.22,5.45,13.0,2.27,14.0,0.3,0.6,0.6,20.9,27.5,64.6,37.5,13.0,25.0,14.0,0.3,0.6,0.6,-190.7,-96.1,51.8,-82.4,35.0,117.9,14.0,0.4,0.6,0.5,-137.3,31.8,99.3,-0.9,35.0,126.7,14.0,0.4,0.6,0.5,-97.5,-61.4,-33.9,-63.6,14.0,34.6,14.0,0.3,0.7,0.6,-57.3,-8.2,59.2,1.1,14.0,64.4,14.0,0.3,0.7,0.6,-42.6,-20.1,-10.5,-26.4,13.0,25.5,14.0,0.3,0.6,0.6,-36.8,0.0,18.5,-5.3,13.0,26.7,14.0,0.3,0.6,0.6,112.5,415.0,1041.5,542.0,36.0,445.5,14.0,0.4,0.6,0.5,115.0,415.0,1040.0,540.0,36.0,445.0,14.0,0.4,0.6,0.5
1974,2,288.0,23.0,23.3,25.0,26.0,24.76,17.0,1.57,14.0,0.4,0.6,0.4,22.5,23.0,23.89,23.34,17.0,1.24,14.0,0.4,0.6,0.4,12.3,13.48,14.85,13.58,10.0,1.28,14.0,0.6,0.5,0.4,73.2,75.3,84.9,77.9,10.0,7.5,14.0,0.6,0.4,4.94,6.7,8.43,6.65,19.0,2.05,14.0,0.4,0.6,0.4,-6.74,-5.0,0.24,-3.72,19.0,4.43,14.0,0.4,0.6,0.4,-5.01,-2.12,0.0,-2.37,19.0,3.27,14.0,0.4,0.6,0.4,1015.51,1018.2,1019.64,1017.49,19.0,2.85,14.0,0.4,0.6,0.4,2.0,3.0,7.0,4.1,19.0,2.3,14.0,0.4,0.6,0.4,-51.4,-27.6,2.4,-24.3,19.0,38.9,14.0,0.4,0.6,0.4,-37.6,-13.1,0.0,-17.2,19.0,28.3,14.0,0.4,0.6,0.4,-0.58,1.0,2.43,1.04,15.0,1.53,16.0,0.4,0.5,0.4,-3.7,7.7,18.9,6.2,15.0,9.9,16.0,0.4,0.5,0.4,3.58,4.98,6.27,4.95,9.0,1.58,16.0,0.6,0.5,0.4,20.0,30.8,41.4,30.4,9.0,10.8,16.0,0.6,0.5,0.4,-151.7,-116.3,16.5,-77.0,17.0,103.1,14.0,0.4,0.6,0.4,-119.3,-47.1,0.0,-54.6,17.0,77.5,14.0,0.4,0.6,0.4,-88.2,-68.7,-30.6,-60.6,10.0,40.1,14.0,0.6,0.5,0.4,-57.8,-23.4,29.0,-27.2,10.0,56.2,14.0,0.6,0.5,0.4,-34.9,-23.9,-12.0,-21.5,9.0,13.7,16.0,0.6,0.5,0.4,-28.5,-10.0,11.3,-8.5,9.0,19.1,16.0,0.6,0.5,0.4,121.0,301.0,607.5,374.5,19.0,318.0,14.0,0.4,0.6,0.4,120.0,300.0,605.0,375.0,19.0,320.0,14.0,0.4,0.6,0.4
1974,2,288.0,24.0,23.08,25.0,25.87,24.52,9.0,1.59,10.0,0.7,0.6,0.4,21.92,23.9,24.87,23.11,9.0,2.53,12.0,0.8,0.6,0.5,13.98,14.7,15.45,14.48,7.0,1.08,12.0,0.7,0.5,0.5,76.1,78.3,85.8,79.5,7.0,4.5,12.0,0.7,0.5,2.91,5.1,9.19,6.01,10.0,3.53,12.0,0.7,0.5,0.4,-6.0,-2.19,0.6,-2.86,10.0,3.5,12.0,0.7,0.5,0.4,-2.01,2.64,4.59,0.76,10.0,5.54,12.0,0.7,0.5,0.4,1013.94,1018.7,1021.7,1018.26,10.0,4.02,12.0,0.7,0.5,0.4,2.0,4.5,5.6,3.9,10.0,2.1,12.0,0.7,0.5,0.4,-41.9,-14.9,1.3,-24.0,10.0,31.4,12.0,0.7,0.5,0.4,-20.7,8.8,28.1,-7.3,10.0,59.6,12.0,0.7,0.5,0.4,-1.56,1.3,4.74,1.76,8.0,3.52,10.0,0.8,0.6,0.5,-9.7,5.8,47.3,19.9,8.0,40.8,10.0,0.8,0.6,0.5,2.12,4.17,6.29,4.46,6.0,2.89,10.0,0.7,0.5,0.5,12.1,25.2,42.1,31.9,6.0,32.6,10.0,0.7,0.5,0.5,-158.2,-53.0,-10.5,-77.3,9.0,77.0,12.0,0.8,0.6,0.5,-55.6,84.9,115.6,31.7,9.0,116.1,12.0,0.8,0.6,0.5,-104.2,-48.2,0.7,-51.4,7.0,50.4,12.0,0.7,0.5,0.5,-2.1,57.4,74.5,37.8,7.0,46.6,12.0,0.7,0.5,0.5,-34.5,-11.5,0.3,-22.0,6.0,34.4,10.0,0.7,0.5,0.5,-4.9,12.7,22.7,7.3,6.0,21.4,10.0,0.7,0.5,0.5,32.5,132.5,820.0,446.0,10.0,695.5,12.0,0.7,0.5,0.4,35.0,135.0,820.0,445.0,10.0,695.0,12.0,0.7,0.5,0.4
1974,2,288.0,25.0,23.75,24.4,25.0,24.26,7.0,0.76,18.0,0.3,0.6,0.5,21.91,23.0,23.71,22.61,7.0,1.3,18.0,0.3,0.6,0.5,10.35,11.98,14.73,12.32,6.0,2.35,18.0,0.3,0.6,0.5,64.9,71.1,81.6,73.0,6.0,9.1,18.0,0.3,0.5,4.03,6.2,6.7,5.44,7.0,1.6,18.0,0.3,0.6,0.5,-3.38,-1.67,2.07,-0.79,7.0,2.67,18.0,0.3,0.6,0.5,-4.43,3.55,6.31,1.58,7.0,5.13,18.0,0.3,0.6,0.5,1015.24,1019.2,1021.5,1018.14,7.0,4.1,18.0,0.3,0.6,0.5,2.0,4.0,6.0,4.0,7.0,2.4,18.0,0.3,0.6,0.5,-22.6,-4.3,8.6,-5.4,7.0,15.6,18.0,0.3,0.6,0.5,-22.9,14.6,42.3,11.8,7.0,31.3,18.0,0.3,0.6,0.5,0.66,1.1,2.51,1.64,7.0,1.61,18.0,0.3,0.6,0.5,3.8,4.7,15.3,8.4,7.0,8.6,18.0,0.3,0.6,0.5,4.24,5.73,8.73,6.37,6.0,2.59,18.0,0.3,0.6,0.5,22.5,32.0,51.8,34.9,6.0,14.8,18.0,0.3,0.6,0.5,-79.8,-36.9,49.3,-18.4,7.0,60.0,18.0,0.3,0.6,0.5,-89.9,85.2,145.2,40.5,7.0,115.5,18.0,0.3,0.6,0.5,-43.7,-23.8,19.2,-16.1,6.0,30.5,18.0,0.3,0.6,0.5,-42.9,26.0,88.0,24.6,6.0,70.0,18.0,0.3,0.6,0.5,-18.5,-11.2,8.8,-6.5,6.0,20.2,18.0,0.3,0.6,0.5,-40.8,5.6,27.0,-2.7,6.0,34.8,18.0,0.3,0.6,0.5,66.5,238.5,301.0,194.5,7.0,120.0,18.0,0.3,0.6,0.5,65.0,240.0,300.0,195.0,7.0,120.0,18.0,0.3,0.6,0.5
1974,2,288.0,26.0,22.5,22.95,24.26,23.3,16.0,0.98,10.0,0.8,0.6,0.6,19.0,20.65,24.0,21.29,18.0,2.4,12.0,0.7,0.6,0.6,8.11,9.16,13.02,10.24,14.0,3.0,12.0,0.6,0.6,0.6,58.3,64.0,82.9,67.9,14.0,13.5,12.0,0.6,0.6,2.6,7.2,9.3,6.22,18.0,3.1,12.0,0.7,0.6,0.6,-4.37,0.0,3.65,-0.09,18.0,4.18,12.0,0.7,0.6,0.6,-8.01,-2.15,2.91,-2.57,18.0,5.11,12.0,0.7,0.6,0.6,1018.47,1020.1,1023.73,1020.25,19.0,3.34,12.0,0.6,0.6,0.6,2.0,4.0,7.0,4.3,18.0,2.2,12.0,0.7,0.6,0.6,-24.0,0.0,25.9,-0.5,18.0,32.0,12.0,0.7,0.6,0.6,-72.0,-12.3,15.8,-25.5,18.0,42.9,12.0,0.7,0.6,0.6,0.27,2.85,4.06,2.29,16.0,2.49,10.0,0.8,0.6,0.6,0.0,15.6,29.4,14.6,15.0,14.8,10.0,0.8,0.6,0.6,5.76,8.24,9.61,7.88,13.0,2.71,10.0,0.7,0.6,0.6,10.1,54.3,77.8,47.4,12.0,30.0,10.0,0.8,0.7,0.6,-99.3,0.0,54.1,-10.5,17.0,81.7,12.0,0.7,0.6,0.6,-174.1,-31.8,64.7,-48.0,17.0,110.6,12.0,0.7,0.6,0.6,-47.1,0.0,26.4,1.7,13.0,50.5,12.0,0.7,0.6,0.6,-80.7,-47.0,7.8,-33.8,13.0,55.1,12.0,0.7,0.6,0.6,-43.9,3.3,22.5,-5.0,12.0,29.8,10.0,0.8,0.7,0.6,-76.6,-18.3,1.9,-30.6,12.0,37.6,10.0,0.8,0.7,0.6,17.5,373.0,804.5,392.5,18.0,340.5,12.0,0.7,0.6,0.6,20.0,375.0,805.0,395.0,18.0,340.0,12.0,0.7,0.6,0.6
1974,2,288.0,27.0,21.79,22.5,23.4,22.51,19.0,1.26,18.0,0.5,0.6,0.4,18.56,20.85,23.37,20.72,24.0,2.31,18.0,0.5,0.6,0.4,8.07,8.63,13.64,9.83,18.0,2.88,16.0,0.5,0.6,0.4,55.7,59.9,83.1,64.6,18.0,13.1,16.0,0.5,0.4,3.03,6.2,10.2,6.32,22.0,3.26,18.0,0.4,0.6,0.4,-0.84,0.0,5.34,1.9,22.0,3.85,18.0,0.4,0.6,0.4,-7.52,0.22,4.39,-1.33,22.0,5.66,18.0,0.4,0.6,0.4,1015.81,1020.15,1022.07,1018.86,24.0,3.94,18.0,0.5,0.6,0.4,1.0,3.0,6.3,3.3,24.0,2.5,18.0,0.5,0.6,0.4,-2.7,0.0,39.9,19.3,22.0,38.0,18.0,0.4,0.6,0.4,-82.6,0.2,20.3,-19.4,22.0,48.6,18.0,0.4,0.6,0.4,-0.33,1.7,4.64,1.83,19.0,2.22,18.0,0.5,0.6,0.4,-2.5,3.2,32.9,12.9,17.0,20.6,18.0,0.5,0.6,0.3,4.79,7.87,8.75,7.02,14.0,2.28,16.0,0.6,0.7,0.4,8.5,44.7,69.2,42.8,12.0,32.1,16.0,0.5,0.6,0.3,-17.7,0.0,124.9,39.9,22.0,80.5,18.0,0.4,0.6,0.4,-143.0,5.1,100.4,-17.6,22.0,114.0,18.0,0.4,0.6,0.4,-8.5,0.0,48.8,17.3,16.0,35.7,16.0,0.4,0.6,0.4,-64.0,-9.4,53.1,-10.7,16.0,56.2,16.0,0.4,0.6,0.4,-4.2,0.0,39.7,11.4,12.0,23.4,16.0,0.5,0.6,0.3,-64.5,2.3,16.1,-15.9,12.0,45.5,16.0,0.5,0.6,0.3,28.0,238.5,1062.0,450.0,22.0,544.0,18.0,0.4,0.6,0.4,30.0,240.0,1060.0,450.0,22.0,545.0,18.0,0.4,0.6,0.4
1974,2,288.0,28.0,21.2,22.0,23.3,22.17,34.0,1.31,16.0,0.6,0.6,0.5,18.04,21.1,22.56,20.7,35.0,2.14,16.0,0.7,0.6,0.5,8.02,12.15,14.37,11.53,28.0,2.8,16.0,0.6,0.6,0.5,60.6,80.6,89.6,76.0,29.0,12.8,16.0,0.6,0.5,4.63,7.7,11.3,8.01,33.0,3.69,16.0,0.6,0.6,0.5,-4.73,1.74,6.45,2.07,33.0,5.62,16.0,0.6,0.6,0.5,-6.6,2.3,6.88,0.66,33.0,6.59,16.0,0.6,0.6,0.5,1011.08,1018.15,1023.1,1017.31,32.0,5.43,16.0,0.6,0.6,0.5,2.0,4.0,7.0,4.3,33.0,2.3,16.0,0.7,0.6,0.5,-24.0,10.3,79.8,28.6,33.0,69.3,16.0,0.6,0.6,0.5,-58.4,8.3,57.7,1.8,33.0,73.8,16.0,0.6,0.6,0.5,-0.15,1.35,4.59,1.54,34.0,2.52,16.0,0.6,0.6,0.5,-0.9,7.1,26.0,12.2,32.0,26.5,16.0,0.6,0.6,0.5,2.54,4.21,8.23,4.99,28.0,3.06,16.0,0.6,0.6,0.5,17.2,32.4,72.9,39.5,28.0,34.1,16.0,0.6,0.6,0.5,-89.9,37.7,132.9,44.7,33.0,118.5,16.0,0.6,0.6,0.5,-133.6,44.2,154.5,22.9,33.0,133.4,16.0,0.6,0.6,0.5,-48.1,20.6,78.3,20.0,28.0,56.9,16.0,0.6,0.6,0.5,-68.6,28.1,98.2,25.7,28.0,81.9,16.0,0.6,0.6,0.5,-19.6,4.1,37.8,5.1,28.0,33.9,16.0,0.6,0.6,0.5,-47.0,5.0,22.5,-8.6,28.0,39.0,16.0,0.6,0.6,0.5,99.5,456.5,1443.0,864.0,33.0,1175.5,16.0,0.6,0.6,0.5,100.0,455.0,1445.0,865.0,33.0,1175.0,16.0,0.6,0.6,0.5
1974,2,288.0,29.0,21.0,22.3,23.96,22.28,35.0,1.65,14.0,0.4,0.5,0.5,17.0,20.0,22.56,19.89,37.0,2.92,14.0,0.4,0.5,0.5,7.57,11.19,14.2,10.95,33.0,3.21,14.0,0.4,0.5,0.5,60.5,77.8,87.6,75.3,34.0,13.2,14.0,0.4,0.5,5.99,10.15,13.12,9.71,36.0,3.52,14.0,0.4,0.5,0.5,-4.51,1.54,6.62,1.33,36.0,5.36,14.0,0.4,0.5,0.5,-9.68,0.0,7.9,-0.84,36.0,8.84,14.0,0.4,0.5,0.5,1015.4,1020.0,1022.76,1018.89,35.0,4.09,14.0,0.4,0.5,0.5,3.0,5.0,7.8,5.0,34.0,2.4,14.0,0.4,0.5,0.5,-41.4,8.6,75.5,18.4,36.0,63.3,14.0,0.4,0.5,0.5,-106.8,0.0,83.0,-15.8,36.0,106.7,14.0,0.4,0.5,0.5,-0.38,1.8,5.18,2.42,35.0,3.2,14.0,0.4,0.5,0.5,-4.8,14.3,66.4,26.9,34.0,33.8,14.0,0.4,0.5,0.5,2.84,5.63,9.44,5.88,31.0,3.63,14.0,0.4,0.5,0.5,16.4,51.7,98.8,57.7,31.0,38.4,14.0,0.4,0.5,0.5,-79.1,29.6,136.7,27.7,36.0,106.8,14.0,0.4,0.5,0.5,-193.0,0.0,176.0,-2.5,36.0,168.0,14.0,0.4,0.5,0.5,-40.9,10.8,64.4,11.1,33.0,57.4,14.0,0.4,0.5,0.5,-106.7,0.0,112.4,1.9,33.0,95.2,14.0,0.4,0.5,0.5,-40.1,0.0,27.8,2.5,31.0,36.6,14.0,0.4,0.5,0.5,-76.6,-1.4,46.9,-14.4,31.0,57.9,14.0,0.4,0.5,0.5,226.0,1046.5,2262.5,1255.5,36.0,1046.5,14.0,0.4,0.5,0.5,225.0,1045.0,2260.0,1255.0,36.0,1045.0,14.0,0.4,0.5,0.5
1974,2,288.0,30.0,20.6,21.2,22.2,21.52,29.0,1.22,14.0,0.8,0.5,0.4,17.8,20.6,22.05,20.2,31.0,1.88,14.0,0.7,0.5,0.4,7.45,10.78,13.85,10.71,29.0,2.79,14.0,0.8,0.5,0.4,57.6,71.9,88.5,72.1,29.0,14.8,14.0,0.8,0.4,5.17,9.3,12.3,9.01,33.0,3.93,14.0,0.7,0.5,0.4,0.0,3.52,8.85,4.22,33.0,5.01,14.0,0.7,0.5,0.4,-6.15,2.6,9.61,1.76,33.0,7.25,14.0,0.7,0.5,0.4,1013.41,1017.9,1021.39,1017.36,33.0,4.73,14.0,0.7,0.5,0.4,2.0,5.0,7.0,4.4,33.0,2.4,14.0,0.7,0.5,0.4,0.0,36.3,91.0,51.4,33.0,73.9,14.0,0.7,0.5,0.4,-51.0,6.8,97.2,17.1,33.0,82.3,14.0,0.7,0.5,0.4,-0.92,0.8,3.36,1.34,29.0,2.22,14.0,0.8,0.5,0.4,-5.3,6.5,30.8,11.5,29.0,19.7,14.0,0.8,0.5,0.4,2.1,4.58,8.56,5.03,28.0,2.89,14.0,0.8,0.5,0.4,17.3,44.1,86.5,47.9,28.0,31.2,14.0,0.8,0.5,0.4,0.0,74.3,161.4,86.6,31.0,101.3,14.0,0.7,0.5,0.4,-100.7,62.9,189.8,49.5,31.0,148.0,14.0,0.7,0.5,0.4,0.0,42.1,89.9,47.8,29.0,58.7,14.0,0.8,0.5,0.4,-44.3,50.7,104.8,36.0,29.0,79.5,14.0,0.8,0.5,0.4,0.0,16.0,43.1,22.2,28.0,28.7,14.0,0.8,0.5,0.4,-42.4,8.0,36.1,2.8,28.0,44.8,14.0,0.8,0.5,0.4,139.0,804.5,1861.0,1144.0,33.0,1327.5,14.0,0.7,0.5,0.4,140.0,805.0,1860.0,1145.0,33.0,1330.0,14.0,0.7,0.5,0.4
1974,2,288.0,31.0,20.0,20.6,21.62,20.66,25.0,0.77,16.0,0.4,0.5,0.4,15.37,17.8,21.24,18.2,28.0,2.91,16.0,0.5,0.5,0.4,6.44,8.24,13.13,9.19,27.0,3.02,16.0,0.4,0.6,0.4,55.8,69.3,83.2,69.1,27.0,13.4,16.0,0.4,0.4,7.2,10.3,12.9,10.88,29.0,3.5,16.0,0.4,0.5,0.4,1.86,5.37,11.98,5.88,29.0,5.48,16.0,0.4,0.5,0.4,-9.68,0.0,9.26,-0.37,29.0,8.29,16.0,0.4,0.5,0.4,1012.6,1016.3,1021.42,1016.42,30.0,5.27,16.0,0.5,0.6,0.4,3.0,7.0,8.0,6.0,29.0,2.3,16.0,0.4,0.6,0.4,15.5,51.1,156.4,74.4,29.0,84.0,16.0,0.4,0.5,0.4,-99.7,0.0,103.3,-1.9,29.0,105.1,16.0,0.4,0.5,0.4,-0.27,2.5,5.24,2.33,24.0,3.04,16.0,0.5,0.5,0.4,-3.5,23.8,60.5,25.2,23.0,36.9,16.0,0.4,0.5,0.4,1.95,6.15,8.61,5.72,23.0,3.05,16.0,0.4,0.5,0.4,20.2,57.7,102.1,59.8,22.0,36.2,16.0,0.4,0.5,0.4,28.2,90.9,232.6,103.9,27.0,110.4,16.0,0.4,0.5,0.4,-153.1,0.0,192.5,22.2,27.0,148.1,16.0,0.4,0.5,0.4,9.2,46.4,97.7,50.1,26.0,56.4,16.0,0.4,0.5,0.4,-61.0,0.0,87.4,15.0,26.0,79.8,16.0,0.4,0.5,0.4,1.2,28.0,59.1,28.0,22.0,29.8,16.0,0.4,0.5,0.4,-92.0,0.0,29.5,-17.2,22.0,55.1,16.0,0.4,0.5,0.4,373.0,1092.5,2146.5,1678.0,29.0,1515.5,16.0,0.4,0.5,0.4,375.0,1095.0,2145.0,1680.0,29.0,1515.0,16.0,0.4,0.5,0.4
1974,2,288.0,32.0,19.53,20.2,22.19,20.83,27.0,1.31,16.0,0.7,0.6,0.4,14.88,18.9,22.5,18.58,31.0,3.22,16.0,0.7,0.6,0.4,6.85,9.15,13.67,9.76,31.0,3.26,16.0,0.7,0.6,0.4,56.3,70.1,88.9,71.7,31.0,15.5,16.0,0.7,0.4,5.1,10.3,13.9,9.92,33.0,3.97,16.0,0.7,0.6,0.4,1.1,4.75,10.58,5.22,33.0,5.6,16.0,0.7,0.6,0.4,-8.69,1.42,8.93,0.39,33.0,7.59,16.0,0.7,0.6,0.4,1011.05,1016.4,1024.07,1016.44,33.0,6.48,16.0,0.7,0.6,0.4,4.0,6.5,7.4,5.9,30.0,2.0,16.0,0.7,0.6,0.4,3.7,51.7,123.9,61.8,33.0,84.0,16.0,0.7,0.6,0.4,-95.4,9.0,91.4,5.7,33.0,91.5,16.0,0.7,0.6,0.4,-0.61,1.6,6.21,2.37,26.0,3.6,16.0,0.7,0.6,0.4,-5.7,12.2,74.2,23.6,26.0,41.3,16.0,0.7,0.6,0.4,1.09,6.53,8.63,5.65,26.0,3.49,16.0,0.7,0.6,0.4,12.2,44.1,104.8,52.3,26.0,42.4,16.0,0.7,0.6,0.4,25.1,90.3,215.2,109.5,31.0,87.9,16.0,0.7,0.6,0.4,-126.3,30.6,171.7,19.0,31.0,136.5,16.0,0.7,0.6,0.4,12.1,49.6,116.9,59.0,31.0,49.1,16.0,0.7,0.6,0.4,-53.9,16.2,98.3,17.3,31.0,77.8,16.0,0.7,0.6,0.4,-0.7,15.1,49.4,27.2,26.0,38.1,16.0,0.7,0.6,0.4,-43.1,0.9,34.3,-8.9,26.0,48.3,16.0,0.7,0.6,0.4,132.5,1092.5,2685.5,1420.0,33.0,1327.5,16.0,0.7,0.6,0.4,135.0,1095.0,2685.0,1420.0,33.0,1330.0,16.0,0.7,0.6,0.4
1974,2,288.0,33.0,20.0,20.5,21.67,20.6,28.0,1.17,14.0,0.5,0.6,0.5,12.83,18.7,20.0,17.21,33.0,3.27,14.0,0.6,0.6,0.5,5.77,10.31,13.28,9.74,32.0,3.41,14.0,0.6,0.6,0.5,59.0,77.5,92.3,76.4,32.0,14.7,14.0,0.6,0.5,6.78,10.3,14.32,10.64,33.0,4.65,14.0,0.6,0.6,0.5,0.06,7.2,10.63,6.15,33.0,6.31,14.0,0.6,0.6,0.5,-8.9,0.0,8.62,0.2,33.0,7.71,14.0,0.6,0.6,0.5,1007.82,1015.2,1019.74,1013.96,33.0,7.86,14.0,0.6,0.6,0.5,4.9,6.5,8.0,6.2,32.0,1.9,14.0,0.6,0.6,0.5,0.1,66.2,126.9,86.0,33.0,107.7,14.0,0.6,0.6,0.5,-117.7,0.0,98.3,-2.1,33.0,99.7,14.0,0.6,0.6,0.5,0.36,2.65,6.01,3.29,28.0,3.06,14.0,0.5,0.6,0.5,2.1,22.7,99.5,37.7,28.0,43.8,14.0,0.5,0.6,0.5,1.77,6.15,8.68,5.39,28.0,3.14,14.0,0.5,0.6,0.5,17.4,49.1,115.9,59.0,28.0,45.2,14.0,0.5,0.6,0.5,1.1,88.2,197.2,107.3,33.0,114.6,14.0,0.6,0.6,0.5,-145.7,0.0,174.2,18.2,33.0,131.9,14.0,0.6,0.6,0.5,-1.3,43.9,118.2,62.5,32.0,73.4,14.0,0.6,0.6,0.5,-62.5,0.0,106.7,12.1,32.0,79.1,14.0,0.6,0.6,0.5,-3.9,15.5,70.7,31.0,28.0,45.9,14.0,0.5,0.6,0.5,-71.9,0.0,32.0,-11.0,28.0,49.3,14.0,0.5,0.6,0.5,313.0,1092.5,2940.5,1867.0,33.0,2152.0,14.0,0.6,0.6,0.5,315.0,1095.0,2940.0,1865.0,33.0,2150.0,14.0,0.6,0.6,0.5
1974,2,288.0,34.0,18.9,20.0,22.84,20.83,17.0,1.9,14.0,0.5,0.5,0.5,13.83,17.5,21.57,17.48,19.0,4.22,14.0,0.5,0.5,0.5,5.89,9.35,13.36,9.67,19.0,3.34,14.0,0.5,0.5,0.5,60.4,74.4,88.2,75.1,19.0,12.2,14.0,0.5,0.5,5.1,9.8,14.7,10.62,18.0,5.29,14.0,0.5,0.5,0.5,-0.32,7.57,12.54,6.36,18.0,6.32,14.0,0.5,0.5,0.5,-8.2,0.0,5.22,0.4,18.0,8.03,14.0,0.5,0.5,0.5,1004.78,1017.3,1023.0,1014.4,19.0,9.23,14.0,0.5,0.5,0.5,3.4,7.0,8.0,5.9,18.0,2.7,14.0,0.4,0.5,0.5,-1.0,80.7,162.8,88.0,18.0,93.7,14.0,0.5,0.5,0.5,-75.8,0.0,53.1,14.9,18.0,151.2,14.0,0.5,0.5,0.5,2.0,4.4,6.56,4.26,17.0,2.29,14.0,0.5,0.5,0.5,20.8,36.2,67.3,44.6,17.0,29.8,14.0,0.5,0.5,0.5,4.05,6.77,8.46,6.31,17.0,2.15,14.0,0.5,0.5,0.5,38.6,70.5,86.7,63.6,17.0,29.4,14.0,0.5,0.5,0.5,-5.8,111.2,221.6,105.4,18.0,113.9,14.0,0.5,0.5,0.5,-99.5,0.0,110.4,19.7,18.0,134.4,14.0,0.5,0.5,0.5,-3.0,54.4,135.5,59.8,18.0,68.6,14.0,0.5,0.5,0.5,-49.5,0.0,69.2,16.8,18.0,85.2,14.0,0.5,0.5,0.5,3.6,44.4,82.0,41.5,17.0,38.4,14.0,0.5,0.5,0.5,-63.3,0.0,27.1,-9.6,17.0,42.0,14.0,0.5,0.5,0.5,132.5,948.5,3187.5,2157.0,18.0,3264.5,14.0,0.5,0.5,0.5,135.0,950.0,3185.0,2155.0,18.0,3265.0,14.0,0.5,0.5,0.5
1974,2,288.0,35.0,19.03,20.7,22.43,20.7,22.0,1.42,14.0,0.5,0.5,0.3,11.84,15.5,18.61,15.32,23.0,3.34,14.0,0.4,0.5,0.3,6.34,8.43,10.3,8.4,19.0,2.17,16.0,0.3,0.5,0.3,66.8,77.1,81.3,73.0,19.0,12.4,16.0,0.3,0.3,3.58,10.8,16.72,11.62,23.0,6.62,16.0,0.4,0.5,0.3,0.0,3.98,14.27,6.49,23.0,7.2,16.0,0.4,0.5,0.3,-9.31,0.0,9.77,0.16,23.0,9.44,16.0,0.4,0.5,0.3,1001.76,1016.4,1023.33,1013.84,25.0,10.71,14.0,0.4,0.5,0.3,4.0,7.0,8.0,6.1,23.0,2.4,14.0,0.4,0.5,0.3,0.0,56.3,219.7,108.1,23.0,159.1,16.0,0.4,0.5,0.3,-102.9,0.0,117.6,-12.9,23.0,171.8,16.0,0.4,0.5,0.3,1.81,4.25,8.78,5.11,20.0,3.45,14.0,0.5,0.5,0.3,17.6,39.2,117.6,64.3,19.0,60.3,14.0,0.5,0.5,0.3,4.07,6.78,9.62,6.64,16.0,2.46,14.0,0.4,0.4,0.3,24.6,68.1,138.1,84.5,15.0,77.9,16.0,0.4,0.5,0.3,0.0,69.9,207.5,97.2,22.0,116.1,16.0,0.4,0.5,0.3,-134.2,-2.6,171.7,14.6,22.0,162.2,16.0,0.4,0.5,0.3,-1.0,13.7,106.3,40.2,18.0,53.4,16.0,0.3,0.5,0.3,-58.6,15.4,94.7,27.0,18.0,82.5,16.0,0.3,0.5,0.3,0.0,13.2,65.1,42.9,15.0,71.2,16.0,0.4,0.5,0.3,-59.7,18.2,69.3,7.0,15.0,81.4,16.0,0.4,0.5,0.3,57.0,1259.5,4761.0,3168.0,23.0,5068.0,16.0,0.4,0.5,0.3,55.0,1260.0,4760.0,3170.0,23.0,5070.0,16.0,0.4,0.5,0.3
1974,2,288.0,36.0,20.17,21.3,23.39,21.55,19.0,1.72,14.0,0.5,0.5,0.6,8.19,12.2,14.69,11.42,19.0,4.39,14.0,0.5,0.5,0.6,5.36,6.54,8.17,6.99,15.0,2.18,14.0,0.5,0.5,0.7,64.2,74.6,89.3,75.9,15.0,12.5,14.0,0.5,0.7,8.47,12.3,19.23,13.36,17.0,5.29,14.0,0.5,0.6,0.6,1.15,7.89,14.79,7.75,17.0,8.42,14.0,0.5,0.6,0.6,-13.54,-4.31,0.0,-6.44,17.0,6.23,14.0,0.5,0.6,0.6,1002.44,1012.5,1021.61,1011.36,18.0,10.34,14.0,0.6,0.5,0.6,6.0,8.0,8.0,7.0,18.0,1.8,14.0,0.6,0.5,0.6,9.9,81.3,239.3,128.4,17.0,166.4,14.0,0.5,0.6,0.6,-210.7,-65.5,0.0,-95.8,17.0,110.0,14.0,0.5,0.6,0.6,7.56,9.9,12.27,10.13,19.0,5.02,14.0,0.5,0.5,0.6,49.2,136.2,187.2,122.5,17.0,71.0,14.0,0.5,0.6,0.6,7.6,9.19,11.41,9.09,15.0,2.92,14.0,0.5,0.5,0.7,65.9,110.5,160.6,117.6,14.0,66.1,14.0,0.5,0.5,0.7,10.1,87.7,246.7,100.6,17.0,115.9,14.0,0.5,0.6,0.6,-159.3,-48.9,0.0,-68.7,17.0,70.2,14.0,0.5,0.6,0.6,11.6,42.9,127.3,61.4,14.0,64.4,14.0,0.5,0.5,0.7,-105.3,-28.0,0.0,-41.9,14.0,44.5,14.0,0.5,0.5,0.7,20.6,60.8,94.6,74.1,14.0,77.3,14.0,0.5,0.5,0.7,-129.4,-49.2,0.0,-61.3,14.0,57.8,14.0,0.5,0.5,0.7,609.0,1861.0,7115.0,3469.5,17.0,3548.0,14.0,0.5,0.6,0.6,610.0,1860.0,7115.0,3470.0,17.0,3550.0,14.0,0.5,0.6,0.6
1974,2,288.0,37.0,15.6,21.1,22.6,19.72,35.0,3.21,16.0,0.6,0.5,0.5,5.55,9.3,15.86,10.42,34.0,4.87,16.0,0.6,0.5,0.5,3.92,4.79,8.81,6.04,31.0,2.4,16.0,0.6,0.5,0.6,61.5,75.0,85.9,74.1,31.0,13.6,16.0,0.6,0.6,5.36,10.3,14.81,11.09,34.0,5.74,16.0,0.6,0.5,0.5,0.0,3.35,8.86,4.43,34.0,6.48,16.0,0.6,0.5,0.5,-11.57,-8.4,-0.43,-6.68,34.0,7.17,16.0,0.6,0.5,0.5,1005.76,1015.6,1027.24,1014.84,35.0,9.46,16.0,0.6,0.5,0.6,4.1,7.0,8.0,6.5,33.0,2.2,16.0,0.6,0.5,0.6,0.0,36.3,107.0,74.0,34.0,145.1,16.0,0.6,0.5,0.5,-161.1,-85.4,-0.9,-93.7,34.0,128.4,16.0,0.6,0.5,0.5,2.7,9.4,14.2,8.97,33.0,5.59,16.0,0.6,0.5,0.5,17.4,86.5,220.5,109.8,31.0,91.1,16.0,0.6,0.5,0.6,3.61,8.16,11.71,8.14,31.0,3.63,16.0,0.6,0.5,0.6,24.0,81.5,168.8,96.4,30.0,69.8,16.0,0.6,0.5,0.6,0.0,23.2,112.0,42.2,32.0,78.4,16.0,0.6,0.5,0.6,-104.2,-56.7,1.3,-43.3,32.0,81.5,16.0,0.6,0.5,0.6,0.0,13.9,69.7,25.0,30.0,44.2,16.0,0.6,0.5,0.6,-71.8,-34.4,2.8,-29.7,30.0,52.1,16.0,0.6,0.5,0.6,0.0,23.2,90.3,42.6,30.0,63.1,16.0,0.6,0.5,0.6,-131.4,-57.9,1.4,-67.6,30.0,62.5,16.0,0.6,0.5,0.6,157.5,1092.5,3295.5,2602.0,34.0,4406.0,16.0,0.6,0.5,0.5,160.0,1095.0,3295.0,2600.0,34.0,4405.0,16.0,0.6,0.5,0.5
1974,2,288.0,38.0,14.38,16.0,19.1,16.32,157.0,2.91,18.0,0.5,0.9,0.1,5.5,9.1,16.0,10.19,170.0,4.93,18.0,0.5,0.9,0.1,3.69,5.32,8.73,5.94,144.0,2.52,18.0,0.5,0.9,0.1,58.9,68.8,83.4,70.8,148.0,12.3,18.0,0.5,0.1,5.1,10.3,16.5,10.92,159.0,5.49,18.0,0.5,0.9,0.1,-3.14,5.27,11.3,4.66,159.0,6.82,18.0,0.5,0.9,0.1,-9.9,-2.64,5.24,-2.19,159.0,8.78,18.0,0.5,0.9,0.1,1006.69,1016.4,1025.31,1015.0,155.0,9.95,18.0,0.5,0.9,0.1,3.0,7.0,8.0,6.2,170.0,2.3,18.0,0.5,0.9,0.1,-16.6,39.7,174.7,69.4,159.0,114.1,18.0,0.5,0.9,0.1,-130.5,-18.4,44.8,-29.5,159.0,155.7,18.0,0.5,0.9,0.1,1.18,6.8,10.8,6.46,155.0,4.41,18.0,0.5,0.9,0.1,10.8,50.0,122.5,65.5,142.0,63.8,18.0,0.5,0.9,0.1,4.27,6.54,8.24,6.2,131.0,2.37,18.0,0.5,0.9,0.1,28.5,60.0,105.8,66.3,129.0,44.2,18.0,0.5,0.9,0.1,-19.2,41.7,144.1,56.0,157.0,86.8,18.0,0.5,0.9,0.1,-80.2,-18.8,77.0,-0.3,157.0,112.2,18.0,0.5,0.9,0.1,-7.3,26.3,78.9,34.3,142.0,50.4,18.0,0.5,0.9,0.1,-49.8,-12.0,42.6,-0.8,142.0,65.1,18.0,0.5,0.9,0.1,-12.3,28.9,78.8,32.7,129.0,46.8,18.0,0.5,0.9,0.1,-75.9,-15.9,18.5,-24.7,129.0,50.0,18.0,0.5,0.9,0.1,132.5,1092.5,4492.0,2381.5,159.0,3477.5,18.0,0.5,0.9,0.1,135.0,1095.0,4490.0,2380.0,159.0,3480.0,18.0,0.5,0.9,0.1
1974,2,288.0,39.0,10.0,13.5,17.18,13.62,21.0,3.5,12.0,0.7,0.6,0.6,0.01,4.25,9.96,5.16,20.0,5.05,12.0,0.7,0.6,0.6,3.01,3.49,5.62,4.78,9.0,3.25,12.0,0.7,0.6,0.5,57.1,72.1,90.5,71.5,9.0,19.8,12.0,0.7,0.5,6.57,9.55,14.05,10.05,18.0,4.23,12.0,0.6,0.6,0.6,-2.91,2.96,10.63,3.43,18.0,6.97,12.0,0.6,0.6,0.6,-8.8,-6.11,2.51,-3.52,18.0,7.12,12.0,0.6,0.6,0.6,1007.08,1012.25,1019.93,1013.34,18.0,7.43,12.0,0.6,0.6,0.6,2.0,6.0,8.0,5.5,20.0,2.8,12.0,0.6,0.6,0.6,-22.5,25.7,128.5,51.2,18.0,96.7,12.0,0.6,0.6,0.6,-95.3,-50.8,18.5,-25.3,18.0,106.9,12.0,0.6,0.6,0.6,3.0,7.7,14.89,8.29,20.0,5.33,12.0,0.7,0.6,0.6,29.1,45.0,99.3,65.9,17.0,55.5,12.0,0.6,0.6,0.6,4.76,5.66,7.34,5.88,9.0,2.19,12.0,0.7,0.6,0.5,31.8,52.6,90.8,60.4,9.0,35.5,12.0,0.7,0.6,0.5,-30.0,2.9,66.5,15.0,17.0,51.8,12.0,0.6,0.6,0.6,-38.8,-16.7,12.1,0.7,17.0,93.9,12.0,0.6,0.6,0.6,-9.3,10.1,42.3,15.5,9.0,30.1,12.0,0.7,0.6,0.5,-28.4,-22.1,-2.4,9.6,9.0,87.7,12.0,0.7,0.6,0.5,-11.4,19.0,88.1,30.0,9.0,48.0,12.0,0.7,0.6,0.5,-52.3,-32.8,-2.7,-28.9,9.0,33.2,12.0,0.7,0.6,0.5,300.5,873.0,2776.5,1565.5,18.0,1928.0,12.0,0.6,0.6,0.6,300.0,875.0,2775.0,1565.0,18.0,1930.0,12.0,0.6,0.6,0.6
1974,2,288.0,40.0,5.89,7.5,9.11,7.62,284.0,1.87,16.0,0.5,0.4,0.5,-0.16,3.4,7.58,3.54,292.0,4.07,16.0,0.5,0.4,0.5,2.62,3.79,6.61,4.34,42.0,1.99,14.0,0.5,0.5,0.4,64.5,81.4,91.9,79.4,42.0,14.5,14.0,0.5,0.4,4.0,7.7,14.9,8.8,279.0,5.29,16.0,0.5,0.4,0.5,-4.49,1.25,8.71,1.8,279.0,7.3,16.0,0.5,0.4,0.5,-9.03,-3.14,3.49,-2.93,279.0,6.37,16.0,0.5,0.4,0.5,1004.1,1014.95,1025.78,1015.18,286.0,10.29,16.0,0.5,0.4,0.5,0.0,3.5,8.0,3.8,246.0,3.1,16.0,0.5,0.5,0.5,-31.3,5.8,99.5,29.3,279.0,116.6,16.0,0.5,0.4,0.5,-100.0,-16.8,17.4,-35.4,279.0,93.4,16.0,0.5,0.4,0.5,-0.1,3.8,8.2,4.02,280.0,4.35,16.0,0.5,0.4,0.5,-1.0,28.0,72.1,34.7,264.0,49.7,16.0,0.5,0.4,0.5,0.16,2.47,4.2,2.22,41.0,2.15,14.0,0.5,0.5,0.4,0.0,19.8,53.6,21.0,40.0,30.6,14.0,0.6,0.5,0.4,-21.5,0.0,33.6,6.2,276.0,39.5,16.0,0.5,0.4,0.5,-30.5,0.0,23.4,0.1,276.0,41.3,16.0,0.5,0.4,0.5,-23.9,0.0,29.9,5.9,41.0,38.6,12.0,0.5,0.5,0.4,-24.5,-11.5,36.0,3.1,41.0,44.0,12.0,0.5,0.5,0.4,-20.0,0.6,21.1,2.4,40.0,27.5,14.0,0.6,0.5,0.4,-34.3,-10.2,0.0,-15.9,40.0,19.2,14.0,0.6,0.5,0.4,64.0,456.5,3308.0,1508.5,279.0,2381.5,16.0,0.5,0.4,0.5,65.0,455.0,3310.0,1510.0,279.0,2380.0,16.0,0.5,0.4,0.5
1974,2,288.0,41.0,11.2,11.2,11.2,11.2,1.0,0.0,10.0,0.0,0.5,0.0,-3.0,-2.0,8.1,2.24,7.0,6.06,8.0,0.4,0.5,0.2,6.21,6.21,6.21,6.21,1.0,0.0,6.0,1.0,0.8,0.0,93.4,93.4,93.4,93.4,1.0,0.0,6.0,1.0,0.0,5.05,12.3,22.72,13.2,7.0,8.08,8.0,0.4,0.5,0.2,-5.03,3.28,9.42,1.59,7.0,11.41,8.0,0.4,0.5,0.2,-12.23,-3.91,12.32,-1.34,7.0,11.55,8.0,0.4,0.5,0.2,1002.81,1010.0,1014.48,1009.46,7.0,8.37,8.0,0.4,0.5,0.2,1.9,4.0,8.0,4.9,7.0,3.2,8.0,0.4,0.5,0.2,-72.9,13.9,110.7,19.2,7.0,258.2,8.0,0.4,0.5,0.2,-157.6,-19.9,168.4,0.9,7.0,232.5,8.0,0.4,0.5,0.2,,,,,,,,,,,,,,,,,,,,,,,,,,,,,,,,,,,,,,,,,-27.6,4.3,56.8,22.8,7.0,66.3,8.0,0.4,0.5,0.2,7.8,24.2,121.6,46.7,7.0,56.7,8.0,0.4,0.5,0.2,21.5,21.5,21.5,21.5,1.0,0.0,6.0,1.0,0.8,0.0,-12.4,-12.4,-12.4,-12.4,1.0,0.0,6.0,1.0,0.8,0.0,,,,,,,,,,,,,,,,,,,,,,,,,,,,,,,,,,,,,,,,
1974,2,288.0,42.0,,,,,,,,,,,,,,,,,,,,,,,,,,,,,,,,,,,,,,,,12.9,12.9,12.9,12.9,1.0,0.0,24.0,0.0,0.7,0.0,-6.45,-6.45,-6.45,-6.45,1.0,0.0,24.0,0.0,0.7,0.0,11.17,11.17,11.17,11.17,1.0,0.0,24.0,0.0,0.7,0.0,988.5,988.5,988.5,988.5,1.0,0.0,24.0,0.0,0.7,0.0,,,,,,,,,,,,,,,,,,,,,,,,,,,,,,,,,,,,,,,,,,,,,,,,,,,,,,,,,,,,,,,,,,,,,,,,,,,,,,,,,,,,,,,,,,,,,,,,,,,,,,,,,,,,,,,,,,,,,,,,,,,,,,,,,,,,,,,,,,,,,,,,,,,,,,
1974,2,288.0,46.0,,,,,,,,,,,,,,,,,,,,,,,,,,,,,,,,,,,,,,,,5.1,5.1,5.1,5.1,1.0,0.0,16.0,1.0,0.4,0.3,0.89,0.89,0.89,0.89,1.0,0.0,16.0,1.0,0.4,0.3,-5.02,-5.02,-5.02,-5.02,1.0,0.0,16.0,1.0,0.4,0.3,997.51,1004.85,1012.19,1004.85,2.0,15.2,16.0,1.0,0.3,0.4,,,,,,,,,,,,,,,,,,,,,,,,,,,,,,,,,,,,,,,,,,,,,,,,,,,,,,,,,,,,,,,,,,,,,,,,,,,,,,,,,,,,,,,,,,,,,,,,,,,,,,,,,,,,,,,,,,,,,,,,,,,,,,,,,,,,,,,,,,,,,,,,,,,,,,
1974,2,289.0,-66.0,3.0,3.0,3.0,3.0,1.0,0.0,24.0,1.0,0.1,0.3,2.4,2.4,2.4,2.4,1.0,0.0,24.0,1.0,0.1,0.3,3.76,3.76,3.76,3.76,1.0,0.0,24.0,1.0,0.1,0.3,79.4,79.4,79.4,79.4,1.0,0.0,24.0,1.0,0.3,9.3,9.3,9.3,9.3,1.0,0.0,24.0,1.0,0.1,0.3,7.12,7.12,7.12,7.12,1.0,0.0,24.0,1.0,0.1,0.3,-5.98,-5.98,-5.98,-5.98,1.0,0.0,24.0,1.0,0.1,0.3,961.1,961.1,961.1,961.1,1.0,0.0,24.0,1.0,0.1,0.3,6.0,6.0,6.0,6.0,1.0,0.0,24.0,1.0,0.1,0.3,66.3,66.3,66.3,66.3,1.0,0.0,24.0,1.0,0.1,0.3,-55.6,-55.6,-55.6,-55.6,1.0,0.0,24.0,1.0,0.1,0.3,0.6,0.6,0.6,0.6,1.0,0.0,24.0,1.0,0.1,0.3,5.6,5.6,5.6,5.6,1.0,0.0,24.0,1.0,0.1,0.3,1.18,1.18,1.18,1.18,1.0,0.0,24.0,1.0,0.1,0.3,11.0,11.0,11.0,11.0,1.0,0.0,24.0,1.0,0.1,0.3,17.1,17.1,17.1,17.1,1.0,0.0,24.0,1.0,0.1,0.3,-14.3,-14.3,-14.3,-14.3,1.0,0.0,24.0,1.0,0.1,0.3,26.8,26.8,26.8,26.8,1.0,0.0,24.0,1.0,0.1,0.3,-22.5,-22.5,-22.5,-22.5,1.0,0.0,24.0,1.0,0.1,0.3,8.4,8.4,8.4,8.4,1.0,0.0,24.0,1.0,0.1,0.3,-7.1,-7.1,-7.1,-7.1,1.0,0.0,24.0,1.0,0.1,0.3,804.5,804.5,804.5,804.5,1.0,0.0,24.0,1.0,0.1,0.3,805.0,805.0,805.0,805.0,1.0,0.0,24.0,1.0,0.1,0.3
1974,2,289.0,-57.0,8.43,8.5,9.11,8.77,3.0,0.55,6.0,0.3,1.0,0.9,5.02,5.7,7.34,6.17,3.0,1.75,6.0,0.3,1.0,0.9,4.86,4.92,4.98,4.92,2.0,0.11,6.0,0.5,1.0,0.8,87.0,88.4,89.5,88.3,3.0,1.8,6.0,0.3,0.9,8.48,12.3,12.71,10.63,3.0,3.42,6.0,0.3,1.0,0.9,2.84,6.45,8.48,5.68,3.0,4.18,6.0,0.3,1.0,0.9,7.01,7.91,10.14,8.56,3.0,2.36,6.0,0.3,1.0,0.9,991.45,993.05,994.65,993.05,2.0,3.32,6.0,0.5,1.0,0.8,5.3,8.0,8.0,6.7,3.0,2.3,6.0,0.3,1.0,0.9,31.7,83.2,105.5,69.0,3.0,55.4,6.0,0.3,1.0,0.9,61.0,97.2,129.2,95.2,3.0,50.0,6.0,0.3,1.0,0.9,1.78,2.8,3.41,2.6,3.0,1.21,6.0,0.3,1.0,0.9,17.4,36.1,42.5,30.1,3.0,19.1,6.0,0.3,1.0,0.9,2.04,2.06,2.09,2.06,2.0,0.06,6.0,0.5,1.0,0.8,25.9,26.0,26.1,26.0,2.0,0.1,6.0,0.5,1.0,0.8,18.1,36.8,41.9,30.2,3.0,18.3,6.0,0.3,1.0,0.9,42.3,53.4,60.4,51.4,3.0,13.4,6.0,0.3,1.0,0.9,34.4,38.9,43.5,38.9,2.0,9.4,6.0,0.5,1.0,0.8,41.1,47.1,53.1,47.1,2.0,12.5,6.0,0.5,1.0,0.8,14.1,16.4,18.8,16.4,2.0,4.8,6.0,0.5,1.0,0.8,17.6,19.6,21.7,19.6,2.0,4.2,6.0,0.5,1.0,0.8,796.0,1861.0,2056.0,1436.0,3.0,993.5,6.0,0.3,1.0,0.9,795.0,1860.0,2055.0,1435.0,3.0,995.0,6.0,0.3,1.0,0.9
1974,2,289.0,-56.0,9.53,9.6,9.67,9.6,2.0,0.14,6.0,0.5,0.5,0.5,6.26,6.4,6.54,6.4,2.0,0.28,6.0,0.5,0.5,0.5,5.34,5.5,5.65,5.5,2.0,0.32,6.0,0.5,0.5,0.5,86.7,89.9,93.1,89.9,2.0,6.6,6.0,0.5,0.5,14.98,15.15,15.32,15.15,2.0,0.35,6.0,0.5,0.5,0.5,11.72,12.38,13.03,12.38,2.0,1.36,6.0,0.5,0.5,0.5,8.0,8.64,9.28,8.64,2.0,1.33,6.0,0.5,0.5,0.5,983.22,985.2,987.18,985.2,2.0,4.1,6.0,0.5,0.5,0.5,8.0,8.0,8.0,8.0,2.0,0.0,6.0,0.5,0.5,0.5,175.7,187.7,199.8,187.7,2.0,25.0,6.0,0.5,0.5,0.5,122.4,130.6,138.9,130.6,2.0,17.1,6.0,0.5,0.5,0.5,3.0,3.2,3.4,3.2,2.0,0.42,6.0,0.5,0.5,0.5,44.9,48.6,52.2,48.6,2.0,7.6,6.0,0.5,0.5,0.5,2.01,2.12,2.22,2.12,2.0,0.22,6.0,0.5,0.5,0.5,30.8,32.0,33.2,32.0,2.0,2.5,6.0,0.5,0.5,0.5,76.5,79.0,81.5,79.0,2.0,5.2,6.0,0.5,0.5,0.5,50.2,55.5,60.8,55.5,2.0,10.9,6.0,0.5,0.5,0.5,62.7,68.2,73.8,68.2,2.0,11.5,6.0,0.5,0.5,0.5,45.1,47.3,49.4,47.3,2.0,4.5,6.0,0.5,0.5,0.5,25.9,26.0,26.1,26.0,2.0,0.2,6.0,0.5,0.5,0.5,16.2,18.4,20.7,18.4,2.0,4.7,6.0,0.5,0.5,0.5,3362.5,3480.0,3597.5,3480.0,2.0,243.5,6.0,0.5,0.5,0.5,3365.0,3480.0,3600.0,3480.0,2.0,245.0,6.0,0.5,0.5,0.5
1974,2,289.0,-54.0,8.0,8.0,8.0,8.0,1.0,0.0,24.0,0.0,0.2,0.5,10.0,10.0,10.0,10.0,1.0,0.0,24.0,0.0,0.2,0.5,6.73,6.73,6.73,6.73,1.0,0.0,24.0,0.0,0.2,0.5,88.0,88.0,88.0,88.0,1.0,0.0,24.0,0.0,0.5,6.7,6.7,6.7,6.7,1.0,0.0,24.0,0.0,0.2,0.5,6.3,6.3,6.3,6.3,1.0,0.0,24.0,0.0,0.2,0.5,-2.29,-2.29,-2.29,-2.29,1.0,0.0,24.0,0.0,0.2,0.5,1005.8,1005.8,1005.8,1005.8,1.0,0.0,24.0,0.0,0.2,0.5,3.0,3.0,3.0,3.0,1.0,0.0,24.0,0.0,0.2,0.5,42.2,42.2,42.2,42.2,1.0,0.0,24.0,0.0,0.2,0.5,-15.4,-15.4,-15.4,-15.4,1.0,0.0,24.0,0.0,0.2,0.5,-2.0,-2.0,-2.0,-2.0,1.0,0.0,24.0,0.0,0.2,0.5,-13.4,-13.4,-13.4,-13.4,1.0,0.0,24.0,0.0,0.2,0.5,-0.05,-0.05,-0.05,-0.05,1.0,0.0,24.0,0.0,0.2,0.5,-0.3,-0.3,-0.3,-0.3,1.0,0.0,24.0,0.0,0.2,0.5,63.0,63.0,63.0,63.0,1.0,0.0,24.0,0.0,0.2,0.5,-22.9,-22.9,-22.9,-22.9,1.0,0.0,24.0,0.0,0.2,0.5,42.4,42.4,42.4,42.4,1.0,0.0,24.0,0.0,0.2,0.5,-15.4,-15.4,-15.4,-15.4,1.0,0.0,24.0,0.0,0.2,0.5,-0.3,-0.3,-0.3,-0.3,1.0,0.0,24.0,0.0,0.2,0.5,0.1,0.1,0.1,0.1,1.0,0.0,24.0,0.0,0.2,0.5,301.0,301.0,301.0,301.0,1.0,0.0,24.0,0.0,0.2,0.5,300.0,300.0,300.0,300.0,1.0,0.0,24.0,0.0,0.2,0.5
1974,2,289.0,-26.0,17.58,17.75,17.92,17.75,2.0,0.35,24.0,0.0,0.2,0.8,18.02,18.5,18.98,18.5,2.0,0.99,24.0,0.0,0.2,0.8,10.27,10.59,10.91,10.59,2.0,0.66,24.0,0.0,0.2,0.8,80.0,80.1,80.1,80.1,2.0,0.1,24.0,0.0,0.8,4.43,5.15,5.87,5.15,2.0,1.48,24.0,0.0,0.2,0.8,0.42,1.32,2.22,1.32,2.0,1.86,24.0,0.0,0.2,0.8,3.63,4.67,5.71,4.67,2.0,2.16,24.0,0.0,0.2,0.8,1012.03,1012.75,1013.47,1012.75,2.0,1.48,24.0,0.0,0.2,0.8,0.5,1.5,2.5,1.5,2.0,2.1,24.0,0.0,0.2,0.8,1.7,5.4,9.1,5.4,2.0,7.6,24.0,0.0,0.2,0.8,16.9,25.7,34.4,25.7,2.0,18.1,24.0,0.0,0.2,0.8,-1.4,-0.75,-0.1,-0.75,2.0,1.34,24.0,0.0,0.2,0.8,-5.7,-2.9,-0.1,-2.9,2.0,5.8,24.0,0.0,0.2,0.8,1.57,2.03,2.5,2.03,2.0,0.97,24.0,0.0,0.2,0.8,7.3,11.2,15.1,11.2,2.0,8.0,24.0,0.0,0.2,0.8,8.0,25.3,42.6,25.3,2.0,35.8,24.0,0.0,0.2,0.8,68.2,85.3,102.4,85.3,2.0,35.4,24.0,0.0,0.2,0.8,4.6,14.6,24.5,14.6,2.0,20.6,24.0,0.0,0.2,0.8,39.2,48.7,58.3,48.7,2.0,19.8,24.0,0.0,0.2,0.8,0.6,1.8,3.0,1.8,2.0,2.5,24.0,0.0,0.2,0.8,6.2,10.5,14.8,10.5,2.0,8.9,24.0,0.0,0.2,0.8,96.0,153.5,211.5,153.5,2.0,120.0,24.0,0.0,0.2,0.8,95.0,155.0,210.0,155.0,2.0,120.0,24.0,0.0,0.2,0.8
1974,2,289.0,-25.0,19.68,21.15,22.62,21.15,2.0,3.04,12.0,0.5,0.3,0.6,18.59,19.85,21.11,19.85,2.0,2.62,12.0,0.5,0.3,0.6,11.07,11.65,12.24,11.65,2.0,1.22,12.0,0.5,0.3,0.6,78.6,80.9,83.2,80.9,2.0,4.7,12.0,0.5,0.6,4.18,4.35,4.52,4.35,2.0,0.35,12.0,0.5,0.3,0.6,1.54,1.85,2.16,1.85,2.0,0.63,12.0,0.5,0.3,0.6,3.87,3.92,3.96,3.92,2.0,0.09,12.0,0.5,0.3,0.6,1011.98,1012.15,1012.32,1012.15,2.0,0.35,12.0,0.5,0.3,0.6,2.0,2.0,2.0,2.0,2.0,0.0,12.0,0.5,0.3,0.6,6.5,8.2,9.8,8.2,2.0,3.4,12.0,0.5,0.3,0.6,16.2,17.1,17.9,17.1,2.0,1.8,12.0,0.5,0.3,0.6,1.1,1.3,1.5,1.3,2.0,0.42,12.0,0.5,0.3,0.6,4.9,5.6,6.2,5.6,2.0,1.4,12.0,0.5,0.3,0.6,3.27,4.11,4.95,4.11,2.0,1.74,12.0,0.5,0.3,0.6,14.6,17.6,20.5,17.6,2.0,6.1,12.0,0.5,0.3,0.6,32.2,35.9,39.7,35.9,2.0,7.8,12.0,0.5,0.3,0.6,73.6,77.7,81.7,77.7,2.0,8.4,12.0,0.5,0.3,0.6,18.7,21.2,23.7,21.2,2.0,5.1,12.0,0.5,0.3,0.6,43.8,45.6,47.4,45.6,2.0,3.7,12.0,0.5,0.3,0.6,6.8,7.0,7.3,7.0,2.0,0.6,12.0,0.5,0.3,0.6,12.9,16.0,19.1,16.0,2.0,6.5,12.0,0.5,0.3,0.6,73.5,83.0,93.0,83.0,2.0,20.0,12.0,0.5,0.3,0.6,75.0,85.0,95.0,85.0,2.0,20.0,12.0,0.5,0.3,0.6
1974,2,289.0,-21.0,23.5,23.5,23.5,23.5,1.0,0.0,2.0,0.0,0.3,0.5,22.8,22.8,22.8,22.8,1.0,0.0,2.0,0.0,0.3,0.5,13.33,13.33,13.33,13.33,1.0,0.0,2.0,0.0,0.3,0.5,77.2,77.2,77.2,77.2,1.0,0.0,2.0,0.0,0.5,4.1,4.1,4.1,4.1,1.0,0.0,2.0,0.0,0.3,0.5,0.0,0.0,0.0,0.0,1.0,0.0,2.0,0.0,0.3,0.5,4.1,4.1,4.1,4.1,1.0,0.0,2.0,0.0,0.3,0.5,1012.0,1012.0,1012.0,1012.0,1.0,0.0,2.0,0.0,0.3,0.5,8.0,8.0,8.0,8.0,1.0,0.0,2.0,0.0,0.3,0.5,0.0,0.0,0.0,0.0,1.0,0.0,2.0,0.0,0.3,0.5,16.8,16.8,16.8,16.8,1.0,0.0,2.0,0.0,0.3,0.5,0.7,0.7,0.7,0.7,1.0,0.0,2.0,0.0,0.3,0.5,2.9,2.9,2.9,2.9,1.0,0.0,2.0,0.0,0.3,0.5,4.74,4.74,4.74,4.74,1.0,0.0,2.0,0.0,0.3,0.5,19.4,19.4,19.4,19.4,1.0,0.0,2.0,0.0,0.3,0.5,0.0,0.0,0.0,0.0,1.0,0.0,2.0,0.0,0.3,0.5,93.5,93.5,93.5,93.5,1.0,0.0,2.0,0.0,0.3,0.5,0.0,0.0,0.0,0.0,1.0,0.0,2.0,0.0,0.3,0.5,54.7,54.7,54.7,54.7,1.0,0.0,2.0,0.0,0.3,0.5,0.0,0.0,0.0,0.0,1.0,0.0,2.0,0.0,0.3,0.5,19.4,19.4,19.4,19.4,1.0,0.0,2.0,0.0,0.3,0.5,69.0,69.0,69.0,69.0,1.0,0.0,2.0,0.0,0.3,0.5,70.0,70.0,70.0,70.0,1.0,0.0,2.0,0.0,0.3,0.5
1974,2,289.0,11.0,25.5,25.5,25.5,25.5,1.0,0.0,22.0,1.0,0.2,0.4,25.5,25.5,25.5,25.5,1.0,0.0,22.0,1.0,0.2,0.4,15.48,15.48,15.48,15.48,1.0,0.0,22.0,1.0,0.2,0.4,76.2,76.2,76.2,76.2,1.0,0.0,22.0,1.0,0.4,12.9,12.9,12.9,12.9,1.0,0.0,22.0,1.0,0.2,0.4,-12.12,-12.12,-12.12,-12.12,1.0,0.0,22.0,1.0,0.2,0.4,-4.41,-4.41,-4.41,-4.41,1.0,0.0,22.0,1.0,0.2,0.4,1013.2,1013.2,1013.2,1013.2,1.0,0.0,22.0,1.0,0.2,0.4,0.0,0.0,0.0,0.0,1.0,0.0,22.0,1.0,0.2,0.4,-156.4,-156.4,-156.4,-156.4,1.0,0.0,22.0,1.0,0.2,0.4,-56.9,-56.9,-56.9,-56.9,1.0,0.0,22.0,1.0,0.2,0.4,0.0,0.0,0.0,0.0,1.0,0.0,22.0,1.0,0.2,0.4,0.0,0.0,0.0,0.0,1.0,0.0,22.0,1.0,0.2,0.4,4.9,4.9,4.9,4.9,1.0,0.0,22.0,1.0,0.2,0.4,63.2,63.2,63.2,63.2,1.0,0.0,22.0,1.0,0.2,0.4,-309.1,-309.1,-309.1,-309.1,1.0,0.0,22.0,1.0,0.2,0.4,-112.5,-112.5,-112.5,-112.5,1.0,0.0,22.0,1.0,0.2,0.4,-187.6,-187.6,-187.6,-187.6,1.0,0.0,22.0,1.0,0.2,0.4,-68.3,-68.3,-68.3,-68.3,1.0,0.0,22.0,1.0,0.2,0.4,-59.4,-59.4,-59.4,-59.4,1.0,0.0,22.0,1.0,0.2,0.4,-21.6,-21.6,-21.6,-21.6,1.0,0.0,22.0,1.0,0.2,0.4,2146.5,2146.5,2146.5,2146.5,1.0,0.0,22.0,1.0,0.2,0.4,2145.0,2145.0,2145.0,2145.0,1.0,0.0,22.0,1.0,0.2,0.4
1974,2,289.0,12.0,24.33,25.55,26.7,25.38,22.0,1.19,12.0,0.5,0.6,0.4,23.91,25.5,26.4,25.45,20.0,1.38,12.0,0.4,0.6,0.5,15.9,16.75,17.59,16.56,18.0,1.29,12.0,0.4,0.6,0.5,77.4,83.0,91.0,82.7,18.0,8.9,12.0,0.4,0.5,4.77,7.7,9.63,7.09,22.0,2.57,12.0,0.5,0.6,0.4,-8.29,-6.94,-4.11,-6.3,22.0,2.39,12.0,0.5,0.6,0.4,-4.93,-2.13,0.0,-2.3,22.0,2.53,12.0,0.5,0.6,0.4,1011.0,1012.2,1013.28,1012.41,21.0,1.76,12.0,0.4,0.5,0.5,1.0,2.5,4.0,2.5,22.0,1.5,12.0,0.5,0.6,0.4,-82.5,-52.2,-20.2,-50.2,22.0,29.6,12.0,0.5,0.6,0.4,-44.7,-16.0,0.0,-19.3,22.0,24.1,12.0,0.5,0.6,0.4,-0.9,-0.1,0.99,-0.08,20.0,1.16,12.0,0.4,0.6,0.5,-6.9,-0.6,3.7,-1.0,20.0,8.8,12.0,0.4,0.6,0.5,1.4,3.69,5.42,3.6,18.0,2.15,12.0,0.4,0.6,0.5,7.1,28.4,42.0,27.1,18.0,20.4,12.0,0.4,0.6,0.5,-228.5,-178.0,-108.3,-161.0,20.0,63.6,12.0,0.4,0.6,0.5,-138.5,-53.0,0.0,-60.3,20.0,64.1,12.0,0.4,0.6,0.5,-143.0,-116.1,-70.8,-110.3,18.0,37.0,12.0,0.4,0.6,0.5,-74.5,-35.9,0.0,-35.9,18.0,41.0,12.0,0.4,0.6,0.5,-37.5,-22.9,-7.0,-24.2,18.0,17.6,12.0,0.4,0.6,0.5,-22.8,-3.6,0.0,-9.4,18.0,13.2,12.0,0.4,0.6,0.5,109.0,456.5,895.5,483.0,22.0,372.5,12.0,0.5,0.6,0.4,110.0,455.0,895.0,485.0,22.0,375.0,12.0,0.5,0.6,0.4
1974,2,289.0,13.0,25.6,26.0,26.91,26.16,10.0,0.81,18.0,0.7,0.6,0.4,25.2,25.6,27.35,26.3,11.0,1.3,18.0,0.6,0.6,0.4,15.88,16.63,17.83,16.77,10.0,1.22,18.0,0.7,0.6,0.4,70.9,79.4,83.0,78.4,10.0,7.3,18.0,0.7,0.4,6.49,10.3,12.9,9.46,11.0,3.42,18.0,0.6,0.6,0.4,-12.12,-10.14,-5.76,-8.83,11.0,3.32,18.0,0.6,0.6,0.4,-5.18,-1.79,0.59,-2.09,11.0,2.94,18.0,0.6,0.6,0.4,1011.89,1013.45,1014.34,1013.11,10.0,1.36,18.0,0.7,0.6,0.4,2.0,4.0,5.4,3.7,11.0,1.8,18.0,0.6,0.6,0.4,-156.4,-104.5,-41.0,-93.5,11.0,56.5,18.0,0.6,0.6,0.4,-56.9,-18.4,4.8,-23.0,11.0,34.6,18.0,0.6,0.6,0.4,-1.6,0.2,0.86,-0.22,10.0,1.16,18.0,0.7,0.6,0.4,-13.1,1.0,10.0,-1.5,10.0,11.3,18.0,0.7,0.6,0.4,3.49,4.53,5.36,4.46,10.0,1.33,18.0,0.7,0.6,0.4,21.9,34.1,62.5,41.9,10.0,24.3,18.0,0.7,0.6,0.4,-305.1,-259.7,-151.3,-231.8,11.0,85.2,18.0,0.6,0.6,0.4,-136.9,-45.8,15.8,-55.6,11.0,78.6,18.0,0.6,0.6,0.4,-188.2,-144.7,-100.1,-140.8,10.0,52.9,18.0,0.7,0.6,0.4,-92.4,-31.5,-3.2,-43.4,10.0,46.5,18.0,0.7,0.6,0.4,-59.2,-33.8,-17.5,-38.9,10.0,22.2,18.0,0.7,0.6,0.4,-21.4,-7.2,-0.9,-11.8,10.0,14.8,18.0,0.7,0.6,0.4,275.0,1092.5,2146.5,1130.0,11.0,867.5,18.0,0.6,0.6,0.4,275.0,1095.0,2145.0,1130.0,11.0,870.0,18.0,0.6,0.6,0.4
1974,2,289.0,14.0,25.0,26.0,27.82,26.11,13.0,1.27,12.0,0.6,0.7,0.6,24.35,26.0,26.67,25.83,13.0,1.59,14.0,0.6,0.7,0.6,15.18,16.03,17.71,16.42,11.0,1.46,14.0,0.7,0.7,0.6,74.0,77.2,82.2,78.0,11.0,4.3,14.0,0.7,0.6,4.63,7.7,10.27,7.45,14.0,2.49,14.0,0.6,0.7,0.6,-10.08,-7.58,-4.56,-7.25,14.0,2.44,14.0,0.6,0.7,0.6,-2.11,-1.11,1.51,-0.84,14.0,1.63,14.0,0.6,0.7,0.6,1012.51,1013.4,1015.19,1013.52,14.0,1.58,14.0,0.6,0.7,0.6,2.0,3.0,3.9,3.1,14.0,1.7,14.0,0.6,0.7,0.6,-103.6,-58.4,-21.1,-59.7,14.0,37.0,14.0,0.6,0.7,0.6,-21.6,-5.9,14.1,-5.6,14.0,15.3,14.0,0.6,0.7,0.6,-0.98,0.0,1.89,0.24,12.0,2.39,14.0,0.7,0.7,0.6,-8.2,0.0,13.3,0.8,12.0,17.7,14.0,0.7,0.7,0.6,2.76,4.63,5.52,4.46,11.0,1.98,14.0,0.7,0.7,0.6,18.4,29.7,40.8,29.3,11.0,12.0,14.0,0.7,0.7,0.6,-248.7,-214.6,-117.3,-190.1,13.0,65.0,14.0,0.6,0.7,0.6,-52.3,-22.8,42.9,-18.8,13.0,41.7,14.0,0.6,0.7,0.6,-156.7,-130.8,-71.7,-115.6,11.0,42.9,14.0,0.7,0.7,0.6,-25.7,-12.9,27.6,-7.3,11.0,26.5,14.0,0.7,0.7,0.6,-39.5,-29.7,-17.5,-28.6,11.0,11.8,14.0,0.7,0.7,0.6,-6.7,-3.9,4.7,-2.1,11.0,6.4,14.0,0.7,0.7,0.6,99.5,456.5,1083.0,543.5,14.0,456.5,14.0,0.6,0.7,0.6,100.0,455.0,1085.0,545.0,14.0,455.0,14.0,0.6,0.7,0.6
1974,2,289.0,15.0,25.69,26.6,27.39,26.5,16.0,0.95,16.0,0.6,0.7,0.2,24.94,25.5,26.16,25.63,16.0,1.11,16.0,0.6,0.7,0.2,15.13,16.1,16.61,16.04,14.0,0.86,14.0,0.6,0.7,0.2,71.4,79.3,83.9,77.9,14.0,6.1,14.0,0.6,0.2,5.1,7.45,9.07,6.94,16.0,2.61,16.0,0.6,0.7,0.2,-8.67,-7.17,-4.91,-6.69,16.0,2.55,16.0,0.6,0.7,0.2,-2.67,-1.42,0.0,-1.06,16.0,1.65,16.0,0.6,0.7,0.2,1013.44,1015.2,1016.72,1015.01,16.0,1.56,16.0,0.6,0.7,0.2,2.0,2.5,3.6,2.9,16.0,1.7,16.0,0.6,0.7,0.2,-78.7,-53.6,-25.0,-52.6,16.0,30.9,16.0,0.6,0.7,0.2,-22.3,-9.6,0.0,-7.8,16.0,13.7,16.0,0.6,0.7,0.2,-0.53,0.55,2.82,0.88,16.0,1.56,16.0,0.6,0.7,0.2,-4.9,3.6,18.4,5.0,16.0,12.4,16.0,0.6,0.7,0.2,3.84,5.81,7.06,5.63,14.0,1.47,14.0,0.6,0.7,0.2,19.9,43.2,55.1,37.8,14.0,16.8,14.0,0.6,0.7,0.2,-235.2,-179.7,-125.3,-172.2,16.0,68.7,16.0,0.6,0.7,0.2,-65.9,-39.4,0.0,-26.9,16.0,41.6,16.0,0.6,0.7,0.2,-143.3,-108.5,-80.8,-107.6,14.0,43.0,14.0,0.6,0.7,0.2,-36.5,-10.1,0.0,-13.5,14.0,26.7,14.0,0.6,0.7,0.2,-53.5,-40.7,-19.8,-36.6,14.0,16.5,14.0,0.6,0.7,0.2,-14.3,-3.6,0.0,-5.7,14.0,8.7,14.0,0.6,0.7,0.2,132.5,415.0,749.0,450.5,16.0,362.0,16.0,0.6,0.7,0.2,135.0,415.0,750.0,450.0,16.0,360.0,16.0,0.6,0.7,0.2
1974,2,289.0,16.0,25.0,25.8,27.0,26.02,24.0,1.23,16.0,0.6,0.6,0.5,24.8,25.0,26.14,25.35,30.0,0.96,14.0,0.7,0.6,0.6,13.68,15.42,16.92,15.39,23.0,1.78,14.0,0.6,0.6,0.6,70.0,76.6,84.1,76.7,24.0,8.1,14.0,0.6,0.5,5.59,8.7,11.63,8.5,29.0,3.07,14.0,0.7,0.6,0.6,-10.03,-7.91,-4.6,-7.42,29.0,2.76,14.0,0.7,0.6,0.6,-5.98,-2.14,0.3,-2.61,29.0,3.54,14.0,0.7,0.6,0.6,1014.59,1015.3,1016.36,1015.42,29.0,1.41,14.0,0.7,0.6,0.6,1.0,3.0,4.0,2.8,30.0,1.5,14.0,0.7,0.6,0.6,-112.1,-67.2,-25.0,-70.4,29.0,40.6,14.0,0.7,0.6,0.6,-55.6,-22.4,0.9,-27.9,29.0,39.7,14.0,0.7,0.6,0.6,-0.53,0.45,1.27,0.65,24.0,1.28,16.0,0.6,0.6,0.5,-2.5,4.1,13.0,6.4,23.0,12.0,16.0,0.6,0.6,0.5,4.1,6.07,7.24,5.84,20.0,2.23,16.0,0.6,0.6,0.5,24.8,48.0,84.7,52.5,20.0,28.6,16.0,0.6,0.6,0.5,-251.8,-198.6,-120.1,-187.5,29.0,69.7,14.0,0.7,0.6,0.6,-154.6,-54.7,7.6,-64.7,29.0,88.5,14.0,0.7,0.6,0.6,-154.1,-117.1,-87.8,-119.8,23.0,44.0,14.0,0.6,0.6,0.6,-88.8,-42.0,0.0,-43.2,23.0,44.5,14.0,0.6,0.6,0.6,-66.2,-40.3,-24.3,-46.0,20.0,24.6,16.0,0.6,0.6,0.5,-32.7,-13.1,-0.1,-18.3,20.0,23.0,16.0,0.6,0.6,0.5,179.5,658.5,1594.0,829.5,29.0,659.0,14.0,0.7,0.6,0.6,180.0,660.0,1595.0,830.0,29.0,660.0,14.0,0.7,0.6,0.6
1974,2,289.0,17.0,25.74,26.5,27.42,26.58,4.0,1.03,20.0,0.3,0.6,0.4,25.06,26.5,27.37,26.32,5.0,1.28,20.0,0.2,0.5,0.4,15.33,15.74,18.91,17.06,4.0,2.98,20.0,0.3,0.6,0.4,75.9,77.8,88.0,81.8,4.0,10.3,20.0,0.3,0.4,7.7,8.7,9.3,8.54,5.0,0.8,20.0,0.2,0.5,0.4,-8.89,-8.57,-7.66,-8.35,5.0,0.68,20.0,0.2,0.5,0.4,-2.19,0.0,1.4,-0.39,5.0,2.0,20.0,0.2,0.5,0.4,1013.63,1015.0,1017.89,1015.7,5.0,2.61,20.0,0.2,0.5,0.4,2.0,3.0,4.1,3.2,5.0,1.6,20.0,0.2,0.5,0.4,-82.7,-74.5,-59.0,-71.7,5.0,12.4,20.0,0.2,0.5,0.4,-20.3,0.0,11.3,-4.2,5.0,18.0,20.0,0.2,0.5,0.4,-0.36,1.1,1.67,0.68,4.0,1.52,20.0,0.3,0.6,0.4,-2.9,10.2,13.8,5.7,4.0,12.8,20.0,0.3,0.6,0.4,1.96,6.25,7.17,4.64,4.0,4.01,20.0,0.3,0.6,0.4,18.7,52.5,61.3,40.6,4.0,35.1,20.0,0.3,0.6,0.4,-235.5,-219.4,-206.1,-219.7,5.0,19.9,20.0,0.2,0.5,0.4,-56.3,0.0,36.1,-9.7,5.0,51.3,20.0,0.2,0.5,0.4,-166.6,-140.9,-124.8,-145.4,4.0,28.9,20.0,0.3,0.6,0.4,-38.0,-2.8,26.7,-5.5,4.0,38.4,20.0,0.3,0.6,0.4,-60.4,-50.6,-17.3,-39.4,4.0,34.3,20.0,0.3,0.6,0.4,-14.8,-6.9,4.0,-5.5,4.0,11.8,20.0,0.3,0.6,0.4,456.5,658.5,804.5,636.0,5.0,174.5,20.0,0.2,0.5,0.4,455.0,660.0,805.0,635.0,5.0,175.0,20.0,0.2,0.5,0.4
1974,2,289.0,18.0,24.4,24.4,24.4,24.4,1.0,0.0,2.0,1.0,0.6,0.0,25.8,25.8,25.8,25.8,1.0,0.0,2.0,1.0,0.6,0.0,13.91,13.91,13.91,13.91,1.0,0.0,2.0,1.0,0.6,0.0,67.4,67.4,67.4,67.4,1.0,0.0,2.0,1.0,0.0,8.7,8.7,8.7,8.7,1.0,0.0,2.0,1.0,0.6,0.0,-8.57,-8.57,-8.57,-8.57,1.0,0.0,2.0,1.0,0.6,0.0,1.51,1.51,1.51,1.51,1.0,0.0,2.0,1.0,0.6,0.0,1014.0,1014.0,1014.0,1014.0,1.0,0.0,2.0,1.0,0.6,0.0,1.0,1.0,1.0,1.0,1.0,0.0,2.0,1.0,0.6,0.0,-74.5,-74.5,-74.5,-74.5,1.0,0.0,2.0,1.0,0.6,0.0,13.1,13.1,13.1,13.1,1.0,0.0,2.0,1.0,0.6,0.0,-1.4,-1.4,-1.4,-1.4,1.0,0.0,2.0,1.0,0.6,0.0,-12.2,-12.2,-12.2,-12.2,1.0,0.0,2.0,1.0,0.6,0.0,5.15,5.15,5.15,5.15,1.0,0.0,2.0,1.0,0.6,0.0,44.8,44.8,44.8,44.8,1.0,0.0,2.0,1.0,0.6,0.0,-221.0,-221.0,-221.0,-221.0,1.0,0.0,2.0,1.0,0.6,0.0,39.0,39.0,39.0,39.0,1.0,0.0,2.0,1.0,0.6,0.0,-119.1,-119.1,-119.1,-119.1,1.0,0.0,2.0,1.0,0.6,0.0,21.0,21.0,21.0,21.0,1.0,0.0,2.0,1.0,0.6,0.0,-44.1,-44.1,-44.1,-44.1,1.0,0.0,2.0,1.0,0.6,0.0,7.8,7.8,7.8,7.8,1.0,0.0,2.0,1.0,0.6,0.0,658.5,658.5,658.5,658.5,1.0,0.0,2.0,1.0,0.6,0.0,660.0,660.0,660.0,660.0,1.0,0.0,2.0,1.0,0.6,0.0
1974,2,289.0,19.0,24.71,25.8,26.87,25.72,10.0,0.98,16.0,0.4,0.7,0.9,23.54,25.0,26.01,24.72,9.0,1.66,16.0,0.3,0.7,0.9,13.4,14.52,16.15,14.89,5.0,2.37,16.0,0.4,0.8,0.9,73.3,82.2,86.1,79.8,5.0,8.5,16.0,0.4,0.9,3.2,6.05,9.7,6.43,10.0,3.48,16.0,0.4,0.7,0.9,-9.55,-3.95,-2.49,-5.41,10.0,3.71,16.0,0.4,0.7,0.9,-3.93,0.0,1.94,-0.85,10.0,3.32,16.0,0.4,0.7,0.9,1015.11,1016.65,1017.77,1016.58,10.0,1.82,16.0,0.4,0.7,0.9,1.0,2.0,4.9,2.6,8.0,2.2,16.0,0.5,0.7,0.9,-92.8,-21.5,-9.2,-45.1,10.0,47.4,16.0,0.4,0.7,0.9,-20.0,0.0,17.1,-3.1,10.0,26.1,16.0,0.4,0.7,0.9,0.0,0.8,2.08,1.01,9.0,1.12,16.0,0.3,0.7,0.9,0.0,7.4,14.7,7.0,9.0,7.2,16.0,0.3,0.7,0.9,4.02,5.23,6.74,5.51,5.0,2.27,16.0,0.4,0.8,0.9,18.2,36.3,47.9,32.5,5.0,18.6,16.0,0.4,0.8,0.9,-239.6,-102.0,-63.1,-142.4,9.0,96.2,16.0,0.3,0.7,0.9,-97.6,0.0,50.5,-17.7,9.0,83.8,16.0,0.3,0.7,0.9,-83.0,-40.9,-27.3,-55.8,5.0,45.0,16.0,0.4,0.8,0.9,-76.3,-45.5,8.6,-38.0,5.0,52.7,16.0,0.4,0.8,0.9,-32.6,-20.5,-9.1,-21.6,5.0,16.7,16.0,0.4,0.8,0.9,-36.7,-17.2,3.1,-16.8,5.0,21.3,16.0,0.4,0.8,0.9,37.5,238.0,916.0,477.5,10.0,559.0,16.0,0.4,0.7,0.9,35.0,240.0,915.0,475.0,10.0,560.0,16.0,0.4,0.7,0.9
1974,2,289.0,20.0,23.7,27.0,27.23,25.97,15.0,1.94,14.0,0.7,0.5,0.3,24.0,24.6,25.75,24.57,14.0,1.45,14.0,0.7,0.5,0.3,13.53,14.21,16.14,14.49,9.0,1.89,14.0,0.7,0.5,0.3,71.7,75.4,82.8,76.6,9.0,8.5,14.0,0.7,0.3,4.22,7.2,10.23,6.99,15.0,3.4,14.0,0.7,0.5,0.3,-10.08,-6.77,-3.25,-6.3,15.0,4.22,14.0,0.7,0.5,0.3,-2.39,0.0,1.4,-0.51,15.0,1.78,14.0,0.7,0.5,0.3,1013.19,1017.1,1019.89,1016.97,15.0,3.3,14.0,0.7,0.5,0.3,2.0,3.0,7.0,3.7,15.0,2.4,14.0,0.7,0.5,0.3,-103.1,-48.7,-14.0,-56.6,15.0,48.7,14.0,0.7,0.5,0.3,-15.6,0.0,11.5,-2.7,15.0,13.4,14.0,0.7,0.5,0.3,0.0,2.0,2.97,1.32,14.0,1.96,14.0,0.7,0.5,0.3,0.0,11.9,15.6,9.0,14.0,13.5,14.0,0.7,0.5,0.3,4.38,6.96,8.75,6.83,9.0,2.33,14.0,0.7,0.5,0.3,31.0,49.2,74.4,50.9,9.0,23.1,14.0,0.7,0.5,0.3,-246.8,-183.6,-95.8,-166.8,14.0,101.2,14.0,0.7,0.5,0.3,-60.6,-6.7,38.6,-13.1,14.0,45.1,14.0,0.7,0.5,0.3,-174.1,-109.5,-50.8,-99.7,9.0,75.9,14.0,0.7,0.5,0.3,-32.6,0.0,10.3,-7.8,9.0,22.6,14.0,0.7,0.5,0.3,-69.6,-44.9,-24.2,-42.9,9.0,33.2,14.0,0.7,0.5,0.3,-22.9,0.0,5.8,-6.6,9.0,15.0,14.0,0.7,0.5,0.3,77.5,373.0,1072.0,559.0,15.0,593.0,14.0,0.7,0.5,0.3,80.0,375.0,1070.0,560.0,15.0,595.0,14.0,0.7,0.5,0.3
1974,2,289.0,21.0,24.0,24.4,26.05,24.61,7.0,1.57,16.0,0.6,0.5,0.5,24.28,25.0,27.52,25.6,7.0,1.56,16.0,0.6,0.5,0.5,15.89,16.81,17.73,16.81,2.0,1.9,10.0,0.5,0.3,0.5,79.7,87.2,94.7,87.2,2.0,15.6,10.0,0.5,0.5,3.17,6.7,11.0,6.57,6.0,4.22,14.0,0.5,0.5,0.6,-7.75,-6.6,-2.04,-5.53,6.0,3.66,14.0,0.5,0.5,0.6,-4.17,-1.16,0.78,-1.68,6.0,4.01,14.0,0.5,0.5,0.6,1013.9,1017.6,1018.93,1016.87,6.0,2.55,16.0,0.5,0.5,0.6,1.0,5.0,7.0,4.1,7.0,3.4,16.0,0.6,0.5,0.5,-85.2,-44.2,-8.2,-48.4,6.0,42.3,14.0,0.5,0.5,0.6,-28.9,-7.8,8.5,-13.2,6.0,43.7,14.0,0.5,0.5,0.6,-2.17,-0.6,0.55,-0.99,7.0,2.26,16.0,0.6,0.5,0.5,-18.8,-4.0,-1.7,-13.1,6.0,23.4,14.0,0.5,0.5,0.6,1.84,3.86,5.88,3.86,2.0,4.18,10.0,0.5,0.3,0.5,0.0,0.0,0.0,0.0,1.0,0.0,4.0,0.0,0.1,0.7,-206.2,-165.0,-57.1,-141.3,6.0,90.3,14.0,0.5,0.5,0.6,-115.9,-29.1,18.9,-47.4,6.0,107.4,14.0,0.5,0.5,0.6,0.0,0.0,0.0,0.0,1.0,0.0,4.0,0.0,0.1,0.7,0.0,0.0,0.0,0.0,1.0,0.0,4.0,0.0,0.1,0.7,0.0,0.0,0.0,0.0,1.0,0.0,4.0,0.0,0.1,0.7,0.0,0.0,0.0,0.0,1.0,0.0,4.0,0.0,0.1,0.7,51.0,301.0,1331.0,554.5,6.0,613.5,14.0,0.5,0.5,0.6,50.0,300.0,1330.0,555.0,6.0,615.0,14.0,0.5,0.5,0.6
1974,2,289.0,22.0,24.06,24.9,25.26,24.85,30.0,1.01,18.0,0.4,0.6,0.5,21.98,24.0,25.0,23.83,32.0,1.7,18.0,0.4,0.6,0.5,11.21,14.43,16.3,14.05,14.0,2.61,14.0,0.4,0.4,0.4,59.6,83.0,84.4,76.4,14.0,12.6,14.0,0.4,0.4,4.0,7.7,9.0,7.09,31.0,2.5,18.0,0.4,0.6,0.5,-7.0,-4.92,-1.66,-4.08,31.0,3.8,18.0,0.4,0.6,0.5,-3.52,2.05,5.1,1.07,31.0,5.04,18.0,0.4,0.6,0.5,1016.08,1017.65,1019.94,1017.76,30.0,2.48,18.0,0.4,0.6,0.5,2.0,3.0,6.0,3.8,28.0,2.2,18.0,0.5,0.6,0.5,-58.3,-25.0,-5.5,-30.8,31.0,36.3,18.0,0.4,0.6,0.5,-28.7,6.9,40.6,6.5,31.0,47.7,18.0,0.4,0.6,0.5,-0.14,0.85,3.24,1.15,30.0,1.82,18.0,0.4,0.6,0.5,-1.1,6.4,20.1,7.4,29.0,14.6,18.0,0.4,0.6,0.5,3.13,6.15,8.41,5.77,13.0,2.34,14.0,0.4,0.5,0.4,22.9,40.3,73.6,42.3,13.0,22.9,14.0,0.4,0.5,0.4,-170.2,-119.2,-35.6,-97.7,31.0,89.2,18.0,0.4,0.6,0.5,-88.0,45.1,131.6,28.9,31.0,123.0,18.0,0.4,0.6,0.5,-103.2,-69.4,-21.5,-67.5,14.0,35.9,14.0,0.4,0.4,0.4,-56.9,13.3,59.6,4.6,14.0,64.9,14.0,0.4,0.4,0.4,-45.7,-33.3,-8.0,-29.0,13.0,18.0,14.0,0.4,0.5,0.4,-26.7,7.0,29.1,-1.0,13.0,35.1,14.0,0.4,0.5,0.4,64.0,456.5,729.0,486.5,31.0,454.0,18.0,0.4,0.6,0.5,65.0,455.0,730.0,485.0,31.0,455.0,18.0,0.4,0.6,0.5
1974,2,289.0,23.0,24.0,25.0,26.04,25.12,25.0,1.03,14.0,0.5,0.5,0.2,22.73,24.0,26.0,24.22,24.0,1.79,14.0,0.5,0.6,0.2,12.23,14.43,15.38,14.06,12.0,1.36,12.0,0.3,0.5,0.3,71.6,77.8,81.2,76.8,12.0,6.3,12.0,0.3,0.3,4.99,6.7,10.0,7.12,26.0,2.79,14.0,0.5,0.5,0.2,-7.09,-3.97,2.35,-2.66,26.0,5.42,14.0,0.5,0.5,0.2,-5.67,-2.02,2.3,-2.18,26.0,4.35,14.0,0.5,0.5,0.2,1013.2,1018.45,1020.82,1017.48,26.0,3.64,14.0,0.5,0.5,0.2,1.8,3.0,7.2,3.7,25.0,2.5,14.0,0.5,0.5,0.2,-52.0,-18.0,14.6,-21.2,26.0,56.5,14.0,0.5,0.5,0.2,-48.9,-15.3,13.1,-20.0,26.0,40.1,14.0,0.5,0.5,0.2,-1.55,0.8,2.75,0.85,23.0,2.15,14.0,0.5,0.6,0.2,-7.8,5.5,17.1,5.6,23.0,14.8,14.0,0.5,0.6,0.2,4.24,5.99,7.78,6.15,11.0,1.97,12.0,0.4,0.6,0.3,26.1,34.8,57.9,42.1,11.0,25.8,12.0,0.4,0.6,0.3,-169.5,-103.5,53.4,-71.3,24.0,122.5,14.0,0.5,0.6,0.2,-146.6,-46.3,61.5,-46.4,24.0,104.8,14.0,0.5,0.6,0.2,-104.0,-75.0,-27.9,-60.3,12.0,59.7,12.0,0.3,0.5,0.3,-58.5,-9.8,36.4,-14.0,12.0,47.4,12.0,0.3,0.5,0.3,-48.6,-28.3,-10.4,-30.5,11.0,31.6,12.0,0.4,0.6,0.3,-37.0,-7.5,11.6,-9.4,11.0,22.2,12.0,0.4,0.6,0.3,124.0,301.0,1000.0,537.0,26.0,654.5,14.0,0.5,0.5,0.2,125.0,300.0,1000.0,535.0,26.0,655.0,14.0,0.5,0.5,0.2
1974,2,289.0,24.0,23.06,24.0,25.02,23.64,7.0,1.73,10.0,0.7,0.6,0.5,22.0,22.95,23.48,23.08,8.0,1.38,12.0,0.6,0.6,0.5,11.22,12.74,15.58,13.27,5.0,3.01,12.0,0.8,0.7,0.5,65.0,73.4,83.3,73.4,5.0,10.9,12.0,0.8,0.5,3.32,7.45,9.27,6.94,8.0,3.39,12.0,0.6,0.6,0.5,-8.56,-2.4,-1.38,-4.29,8.0,4.54,12.0,0.6,0.6,0.5,-3.83,-0.02,4.6,-0.15,8.0,4.99,12.0,0.6,0.6,0.5,1016.83,1018.8,1020.88,1018.24,8.0,3.03,12.0,0.6,0.6,0.5,3.0,3.0,5.9,3.7,8.0,1.8,12.0,0.6,0.6,0.5,-75.9,-14.1,-3.4,-39.5,8.0,50.3,12.0,0.6,0.6,0.5,-44.3,4.9,27.3,-5.1,8.0,42.0,12.0,0.6,0.6,0.5,-1.12,0.3,2.31,0.63,7.0,1.67,10.0,0.7,0.6,0.5,-6.0,0.9,21.5,4.6,7.0,13.8,10.0,0.7,0.6,0.5,2.84,5.47,8.23,5.58,5.0,2.99,12.0,0.8,0.7,0.5,10.9,15.8,53.7,31.9,5.0,32.9,12.0,0.8,0.7,0.5,-197.4,-55.4,-31.5,-95.7,8.0,102.3,12.0,0.6,0.6,0.5,-84.4,-1.3,119.2,0.2,8.0,114.5,12.0,0.6,0.6,0.5,-30.7,-17.2,1.6,-13.3,5.0,26.3,12.0,0.8,0.7,0.5,-45.5,-20.5,76.1,5.4,5.0,71.2,12.0,0.8,0.7,0.5,-13.0,-10.1,-4.0,-8.3,5.0,7.3,12.0,0.8,0.7,0.5,-39.4,-4.9,18.5,-12.2,5.0,45.0,12.0,0.8,0.7,0.5,41.0,448.5,796.0,541.0,8.0,577.0,12.0,0.6,0.6,0.5,40.0,450.0,795.0,540.0,8.0,575.0,12.0,0.6,0.6,0.5
1974,2,289.0,25.0,23.0,23.5,24.99,23.95,20.0,1.6,16.0,0.3,0.7,0.5,20.4,22.3,23.99,22.13,20.0,1.71,16.0,0.3,0.7,0.5,10.61,13.12,14.68,12.71,16.0,2.09,16.0,0.3,0.7,0.6,66.1,76.7,82.6,75.0,16.0,9.1,16.0,0.3,0.6,3.53,7.2,10.44,7.08,19.0,3.29,16.0,0.3,0.7,0.5,-4.92,-1.3,4.51,-1.06,19.0,4.65,16.0,0.3,0.7,0.5,-6.08,2.25,7.1,1.08,19.0,6.3,16.0,0.3,0.7,0.5,1015.31,1019.15,1022.0,1018.87,20.0,3.49,16.0,0.3,0.7,0.5,1.0,5.0,7.0,4.2,19.0,2.4,16.0,0.3,0.7,0.5,-44.8,-3.4,23.0,-8.6,19.0,44.0,16.0,0.3,0.7,0.5,-49.2,5.9,59.4,2.8,19.0,66.3,16.0,0.3,0.7,0.5,-0.49,1.75,3.4,1.82,20.0,2.26,16.0,0.3,0.7,0.5,-1.8,8.2,24.6,10.6,19.0,15.5,16.0,0.3,0.7,0.5,3.7,5.2,8.95,5.84,16.0,2.54,16.0,0.3,0.7,0.6,20.7,28.0,75.0,40.3,15.0,27.3,18.0,0.3,0.7,0.6,-108.1,-30.4,103.1,-23.0,19.0,103.4,16.0,0.3,0.7,0.5,-128.9,52.7,168.1,31.0,19.0,138.9,16.0,0.3,0.7,0.5,-58.9,-17.0,69.9,-6.2,15.0,57.7,18.0,0.3,0.7,0.6,-17.8,37.6,102.9,32.9,15.0,75.3,18.0,0.3,0.7,0.6,-26.6,-7.0,18.0,-8.1,15.0,33.7,18.0,0.3,0.7,0.6,-21.7,10.8,35.2,3.5,15.0,35.6,18.0,0.3,0.7,0.6,44.0,373.0,1143.0,583.0,19.0,662.0,16.0,0.3,0.7,0.5,45.0,375.0,1145.0,585.0,19.0,660.0,16.0,0.3,0.7,0.5
1974,2,289.0,26.0,22.12,23.3,24.7,23.36,30.0,1.46,14.0,0.5,0.7,0.5,20.0,21.2,22.84,21.58,31.0,1.97,14.0,0.5,0.7,0.5,9.17,12.25,14.98,12.44,26.0,3.34,14.0,0.5,0.7,0.5,60.4,79.3,90.7,77.1,26.0,14.1,14.0,0.5,0.5,4.78,7.7,10.3,7.74,31.0,3.64,14.0,0.5,0.7,0.5,-5.16,-2.55,3.62,-1.2,31.0,5.42,14.0,0.5,0.7,0.5,-8.09,0.0,6.62,-0.67,31.0,6.61,14.0,0.5,0.7,0.5,1016.68,1019.6,1022.24,1019.34,31.0,3.51,14.0,0.5,0.7,0.5,1.0,4.0,8.0,4.2,31.0,2.8,14.0,0.5,0.7,0.5,-59.0,-10.3,26.1,-3.5,31.0,68.8,14.0,0.5,0.7,0.5,-81.3,0.0,55.7,-14.2,31.0,72.4,14.0,0.5,0.7,0.5,-0.28,2.0,3.66,1.73,30.0,2.35,14.0,0.5,0.7,0.5,-1.4,15.2,31.0,13.0,30.0,18.9,14.0,0.5,0.7,0.5,2.34,5.08,9.65,5.41,26.0,3.62,14.0,0.5,0.7,0.5,10.1,41.7,76.7,42.4,26.0,33.8,14.0,0.5,0.7,0.5,-113.7,-47.9,74.1,-24.8,31.0,119.1,14.0,0.5,0.7,0.5,-162.3,0.0,143.7,-9.6,31.0,146.6,14.0,0.5,0.7,0.5,-59.8,-26.2,0.3,-20.7,26.0,59.6,14.0,0.5,0.7,0.5,-67.4,0.0,98.3,10.6,26.0,82.6,14.0,0.5,0.7,0.5,-39.9,-8.6,0.5,-12.5,26.0,33.0,14.0,0.5,0.7,0.5,-56.5,-2.5,17.1,-14.9,26.0,39.2,14.0,0.5,0.7,0.5,111.5,456.5,1092.5,795.0,31.0,1194.0,14.0,0.5,0.7,0.5,110.0,455.0,1095.0,795.0,31.0,1195.0,14.0,0.5,0.7,0.5
1974,2,289.0,27.0,21.63,22.5,23.66,22.58,41.0,1.2,12.0,0.4,0.5,0.5,18.2,19.5,22.4,20.04,42.0,2.17,14.0,0.4,0.5,0.5,7.57,9.5,14.44,10.65,38.0,3.01,14.0,0.4,0.5,0.5,58.2,67.8,86.5,71.5,38.0,13.5,14.0,0.4,0.5,4.6,6.7,10.53,7.4,43.0,3.45,14.0,0.4,0.5,0.5,-5.9,0.0,5.55,-0.27,43.0,5.23,14.0,0.4,0.5,0.5,-7.48,0.0,5.11,-0.88,43.0,6.3,14.0,0.4,0.5,0.5,1014.5,1019.0,1023.67,1019.0,43.0,4.9,14.0,0.4,0.5,0.5,1.5,4.0,7.5,4.5,42.0,2.4,14.0,0.4,0.5,0.5,-45.4,0.0,52.4,-0.1,43.0,52.4,14.0,0.4,0.5,0.5,-66.6,0.0,28.0,-11.0,43.0,71.2,14.0,0.4,0.5,0.5,0.24,2.8,4.47,2.48,41.0,2.28,12.0,0.4,0.5,0.5,0.2,20.5,39.0,20.9,41.0,22.2,12.0,0.4,0.5,0.5,2.88,7.01,9.51,6.31,37.0,3.18,12.0,0.4,0.5,0.5,12.4,42.4,85.1,48.0,37.0,36.0,12.0,0.4,0.5,0.5,-111.2,0.0,108.1,-3.9,42.0,102.9,14.0,0.4,0.5,0.5,-145.4,0.0,112.3,-9.9,42.0,128.1,14.0,0.4,0.5,0.5,-51.5,0.0,62.1,0.6,38.0,51.9,14.0,0.4,0.5,0.5,-54.7,0.0,66.1,0.6,38.0,62.8,14.0,0.4,0.5,0.5,-46.9,0.0,20.1,-8.2,37.0,38.9,12.0,0.4,0.5,0.5,-69.6,0.0,17.9,-17.5,37.0,42.1,12.0,0.4,0.5,0.5,97.5,301.0,1172.5,680.0,43.0,909.5,14.0,0.4,0.5,0.5,95.0,300.0,1170.0,680.0,43.0,910.0,14.0,0.4,0.5,0.5
1974,2,289.0,28.0,20.93,22.1,23.3,22.02,29.0,1.16,16.0,0.5,0.5,0.5,18.48,21.5,22.71,20.96,32.0,2.21,16.0,0.4,0.5,0.5,8.72,12.01,14.34,11.89,27.0,2.7,16.0,0.5,0.5,0.5,61.1,78.3,90.0,77.7,27.0,13.1,16.0,0.5,0.5,3.48,7.2,10.42,7.13,31.0,3.57,16.0,0.4,0.5,0.5,-3.52,1.35,6.63,1.19,31.0,5.14,16.0,0.4,0.5,0.5,-7.75,0.89,5.84,0.46,31.0,6.1,16.0,0.4,0.5,0.5,1015.58,1020.5,1022.47,1019.51,31.0,3.82,16.0,0.4,0.5,0.5,1.0,3.0,6.9,3.6,27.0,2.7,16.0,0.5,0.5,0.6,-21.6,2.8,51.8,17.0,31.0,54.1,16.0,0.4,0.5,0.5,-64.5,4.5,39.4,-4.9,31.0,66.8,16.0,0.4,0.5,0.5,-0.5,0.7,3.21,1.11,29.0,2.12,16.0,0.5,0.5,0.5,-3.8,4.1,35.8,10.1,28.0,20.2,16.0,0.5,0.5,0.5,1.84,4.26,7.67,4.51,27.0,2.72,16.0,0.5,0.5,0.5,6.6,26.0,57.0,33.8,27.0,28.8,16.0,0.5,0.5,0.5,-77.0,29.5,128.4,23.8,31.0,105.3,16.0,0.4,0.5,0.5,-126.8,21.3,135.8,18.7,31.0,123.3,16.0,0.4,0.5,0.5,-59.1,18.8,68.3,7.7,27.0,55.5,16.0,0.5,0.5,0.5,-59.4,12.8,97.0,17.0,27.0,71.8,16.0,0.5,0.5,0.5,-10.7,2.2,28.4,5.8,27.0,30.5,16.0,0.5,0.5,0.5,-48.7,0.0,24.0,-4.9,27.0,32.1,16.0,0.5,0.5,0.5,42.5,373.0,1132.5,651.0,31.0,908.5,16.0,0.4,0.5,0.5,45.0,375.0,1135.0,650.0,31.0,910.0,16.0,0.4,0.5,0.5
1974,2,289.0,29.0,20.7,21.45,22.24,21.43,30.0,1.03,18.0,0.5,0.6,0.4,16.85,20.5,22.08,19.76,34.0,2.53,18.0,0.5,0.6,0.4,7.54,10.32,13.99,10.9,33.0,2.96,18.0,0.5,0.7,0.4,62.4,75.5,89.1,75.2,33.0,11.7,18.0,0.5,0.4,4.6,9.3,12.83,9.0,33.0,4.09,18.0,0.5,0.6,0.4,-6.02,1.67,7.02,1.18,33.0,5.74,18.0,0.5,0.6,0.4,-9.62,0.0,7.04,-0.24,33.0,8.11,18.0,0.5,0.6,0.4,1015.57,1018.8,1022.93,1018.77,34.0,4.71,18.0,0.5,0.6,0.4,2.0,4.0,7.1,4.5,32.0,2.5,18.0,0.5,0.6,0.4,-40.7,4.3,70.4,21.6,33.0,62.6,18.0,0.5,0.6,0.4,-114.5,0.0,65.4,-13.3,33.0,111.0,18.0,0.5,0.6,0.4,-1.0,1.05,5.16,1.55,30.0,3.05,18.0,0.5,0.6,0.4,-7.0,8.5,48.9,18.9,29.0,29.4,18.0,0.4,0.6,0.4,1.12,5.3,8.3,4.74,29.0,3.42,18.0,0.4,0.6,0.4,6.7,40.0,90.6,48.9,28.0,40.7,18.0,0.4,0.6,0.4,-97.7,27.1,125.0,21.3,33.0,110.9,18.0,0.5,0.6,0.4,-168.9,0.0,159.8,8.9,33.0,156.9,18.0,0.5,0.6,0.4,-41.8,10.3,65.1,8.7,32.0,60.4,18.0,0.4,0.6,0.4,-75.6,0.0,81.4,7.5,32.0,84.2,18.0,0.4,0.6,0.4,-8.3,4.3,57.5,15.6,28.0,37.3,18.0,0.4,0.6,0.4,-73.0,0.0,17.9,-18.6,28.0,46.1,18.0,0.4,0.6,0.4,97.5,804.5,2114.0,1195.5,33.0,1638.5,18.0,0.5,0.6,0.4,95.0,805.0,2115.0,1195.0,33.0,1640.0,18.0,0.5,0.6,0.4
1974,2,289.0,30.0,20.0,21.1,22.3,21.17,36.0,1.35,14.0,0.7,0.6,0.5,16.51,20.5,21.2,19.4,39.0,2.4,14.0,0.6,0.6,0.5,6.56,10.66,13.72,10.42,38.0,3.09,14.0,0.7,0.6,0.5,57.0,74.3,88.2,73.4,39.0,13.3,14.0,0.6,0.5,5.1,9.3,13.03,9.37,38.0,4.06,14.0,0.6,0.6,0.5,-0.66,3.57,9.88,3.96,38.0,5.9,14.0,0.6,0.6,0.5,-9.41,0.9,6.55,-0.52,38.0,7.44,14.0,0.6,0.6,0.5,1011.0,1016.55,1024.1,1017.39,38.0,6.22,14.0,0.7,0.6,0.5,2.0,5.0,8.0,5.0,35.0,2.4,14.0,0.7,0.6,0.5,-2.9,20.1,127.5,52.3,38.0,84.8,14.0,0.6,0.6,0.5,-104.8,3.2,58.0,-14.3,38.0,87.2,14.0,0.6,0.6,0.5,-0.13,1.6,4.4,1.68,36.0,2.26,14.0,0.7,0.6,0.5,-1.1,9.8,44.9,16.2,35.0,28.9,14.0,0.7,0.6,0.5,1.97,4.89,8.12,5.07,35.0,2.9,14.0,0.7,0.6,0.5,14.0,37.6,96.4,49.1,34.0,44.2,14.0,0.7,0.6,0.5,-13.5,74.4,203.3,78.1,38.0,117.0,14.0,0.6,0.6,0.5,-148.4,19.4,136.4,1.1,38.0,140.9,14.0,0.6,0.6,0.5,-8.2,35.0,111.5,42.4,37.0,64.9,14.0,0.6,0.6,0.5,-71.1,0.0,76.1,5.4,37.0,76.1,14.0,0.6,0.6,0.5,-9.5,7.2,50.1,19.5,34.0,37.8,14.0,0.7,0.6,0.5,-50.5,4.9,24.9,-12.1,34.0,49.6,14.0,0.7,0.6,0.5,132.5,804.5,2215.5,1290.0,38.0,1445.0,14.0,0.6,0.6,0.5,135.0,805.0,2215.0,1290.0,38.0,1445.0,14.0,0.6,0.6,0.5
1974,2,289.0,31.0,19.83,21.0,21.8,20.85,24.0,1.21,12.0,0.3,0.5,0.5,15.57,19.1,21.51,18.52,25.0,2.76,12.0,0.3,0.5,0.5,6.74,10.5,12.4,9.96,23.0,2.63,12.0,0.3,0.5,0.5,63.7,72.4,84.6,73.3,23.0,12.0,12.0,0.3,0.5,5.59,9.3,12.17,8.88,25.0,3.89,12.0,0.3,0.5,0.5,-0.1,3.52,10.84,4.47,25.0,6.08,12.0,0.3,0.5,0.5,-6.13,0.0,6.78,0.4,25.0,6.27,12.0,0.3,0.5,0.5,1010.85,1016.0,1021.13,1015.57,25.0,5.79,12.0,0.3,0.5,0.5,2.0,6.0,8.0,5.3,24.0,2.6,12.0,0.3,0.5,0.5,-0.3,36.3,130.8,55.0,25.0,76.9,12.0,0.3,0.5,0.5,-56.7,0.0,66.2,0.4,25.0,66.9,12.0,0.3,0.5,0.5,0.2,1.85,5.0,2.4,24.0,2.32,12.0,0.3,0.5,0.5,1.4,14.4,43.2,20.2,24.0,23.4,12.0,0.3,0.5,0.5,3.2,5.1,7.81,5.55,22.0,2.31,12.0,0.4,0.5,0.5,19.6,48.6,70.2,47.5,22.0,26.5,12.0,0.4,0.5,0.5,-2.3,47.2,212.8,82.0,25.0,113.3,12.0,0.3,0.5,0.5,-101.2,0.0,137.1,20.0,25.0,116.6,12.0,0.3,0.5,0.5,0.0,32.7,104.3,42.9,23.0,60.7,12.0,0.3,0.5,0.5,-42.2,0.0,81.4,17.6,23.0,68.5,12.0,0.3,0.5,0.5,0.0,17.0,54.7,23.6,22.0,35.8,12.0,0.4,0.5,0.5,-48.0,6.7,23.5,-4.6,22.0,34.4,12.0,0.4,0.5,0.5,175.0,804.5,1808.0,1068.0,25.0,1055.0,12.0,0.3,0.5,0.5,175.0,805.0,1810.0,1070.0,25.0,1055.0,12.0,0.3,0.5,0.5
1974,2,289.0,32.0,19.18,20.5,22.2,20.56,17.0,1.46,14.0,0.5,0.4,0.4,14.24,17.6,20.85,17.51,23.0,3.12,14.0,0.5,0.5,0.4,5.98,9.89,13.66,9.56,23.0,3.52,14.0,0.5,0.5,0.4,57.1,78.0,89.2,74.1,23.0,15.8,14.0,0.5,0.4,5.1,9.0,14.9,10.03,22.0,5.09,14.0,0.5,0.4,0.4,2.4,5.02,12.41,6.6,22.0,6.08,14.0,0.5,0.4,0.4,-8.52,-1.92,5.77,-1.94,22.0,6.68,14.0,0.5,0.4,0.4,1006.61,1017.0,1023.3,1016.2,23.0,7.61,14.0,0.5,0.5,0.4,3.3,7.0,8.0,5.9,22.0,2.7,14.0,0.5,0.5,0.4,10.8,44.9,168.3,92.2,22.0,111.4,14.0,0.5,0.4,0.4,-122.3,-6.7,43.5,-33.1,22.0,84.4,14.0,0.5,0.4,0.4,1.15,3.9,5.73,3.85,17.0,2.27,14.0,0.5,0.4,0.4,12.5,19.5,61.2,33.9,17.0,33.2,14.0,0.5,0.4,0.4,3.7,7.08,8.76,6.51,17.0,2.38,14.0,0.5,0.4,0.4,30.7,43.6,78.7,55.8,17.0,38.7,14.0,0.5,0.4,0.4,36.9,92.5,217.2,114.2,22.0,109.1,14.0,0.5,0.4,0.4,-128.1,-32.2,113.8,-21.0,22.0,111.6,14.0,0.5,0.4,0.4,16.2,48.4,127.4,63.3,22.0,64.3,14.0,0.5,0.4,0.4,-63.0,-16.1,64.6,-6.8,22.0,64.8,14.0,0.5,0.4,0.4,6.1,31.9,46.1,30.2,17.0,36.0,14.0,0.5,0.4,0.4,-67.1,-17.9,26.7,-17.7,17.0,47.0,14.0,0.5,0.4,0.4,132.5,774.5,3330.5,1797.5,22.0,2295.5,14.0,0.5,0.4,0.4,135.0,775.0,3330.0,1800.0,22.0,2295.0,14.0,0.5,0.4,0.4
1974,2,289.0,33.0,18.78,19.3,20.05,19.49,7.0,0.91,18.0,0.4,0.5,0.3,15.71,18.0,20.27,18.06,9.0,2.9,16.0,0.4,0.6,0.3,7.29,7.87,10.19,8.99,7.0,2.65,18.0,0.6,0.6,0.4,64.3,67.5,78.9,70.5,7.0,7.3,18.0,0.6,0.4,6.63,10.3,12.0,10.12,10.0,3.64,18.0,0.4,0.5,0.3,4.69,7.33,9.88,6.71,10.0,4.25,18.0,0.4,0.5,0.3,-7.98,-3.47,4.48,-3.27,10.0,6.86,18.0,0.4,0.5,0.3,1011.78,1021.45,1024.57,1018.01,10.0,7.62,18.0,0.4,0.5,0.3,3.0,3.5,7.6,4.4,8.0,2.3,20.0,0.4,0.6,0.3,35.4,74.7,131.8,78.0,10.0,53.5,18.0,0.4,0.5,0.3,-87.7,-24.4,46.6,-41.9,10.0,97.3,18.0,0.4,0.5,0.3,1.52,2.0,3.23,1.97,7.0,1.92,18.0,0.4,0.5,0.3,12.0,23.6,25.7,19.3,7.0,23.5,18.0,0.4,0.5,0.3,5.04,5.86,6.61,5.81,5.0,1.25,20.0,0.6,0.5,0.4,34.8,47.3,77.6,56.9,5.0,30.3,20.0,0.6,0.5,0.4,70.0,136.5,191.8,123.1,9.0,86.7,16.0,0.4,0.6,0.3,-157.2,-57.4,65.9,-61.9,9.0,126.7,16.0,0.4,0.6,0.3,30.4,56.7,104.2,54.4,7.0,48.0,18.0,0.6,0.6,0.4,-69.7,-29.1,61.6,-19.2,7.0,73.5,18.0,0.6,0.6,0.4,7.5,38.8,45.7,26.9,5.0,31.1,20.0,0.6,0.5,0.4,-63.4,-22.6,-5.3,-32.1,5.0,42.5,20.0,0.6,0.5,0.4,296.0,1092.5,1728.0,1415.5,10.0,1512.5,18.0,0.4,0.5,0.3,295.0,1095.0,1730.0,1415.0,10.0,1515.0,18.0,0.4,0.5,0.3
1974,2,289.0,34.0,16.59,18.7,19.49,18.2,6.0,1.95,16.0,0.0,0.5,0.5,14.94,15.95,17.95,16.65,6.0,2.44,16.0,0.0,0.5,0.5,8.39,9.39,11.98,10.21,5.0,2.85,16.0,0.0,0.5,0.4,75.6,83.9,89.3,83.0,5.0,8.3,16.0,0.0,0.4,6.35,10.25,13.39,10.02,6.0,3.94,16.0,0.0,0.5,0.5,-1.06,8.05,12.01,6.19,6.0,7.42,16.0,0.0,0.5,0.5,-4.45,0.0,7.1,1.1,6.0,5.78,16.0,0.0,0.5,0.5,1001.56,1012.75,1019.43,1011.28,6.0,8.32,16.0,0.0,0.5,0.5,4.8,7.0,8.0,6.5,6.0,1.8,16.0,0.0,0.5,0.5,-7.1,82.2,162.0,83.1,6.0,94.3,16.0,0.0,0.5,0.5,-25.8,0.0,91.0,24.4,6.0,60.7,16.0,0.0,0.5,0.5,-0.2,1.15,3.82,1.55,6.0,2.07,16.0,0.0,0.5,0.5,-2.2,12.5,36.8,17.7,6.0,25.2,16.0,0.0,0.5,0.5,1.87,3.59,5.03,3.39,5.0,2.04,16.0,0.0,0.5,0.4,15.7,37.5,55.3,36.1,5.0,25.1,16.0,0.0,0.5,0.4,-15.6,153.9,196.2,107.5,6.0,118.2,16.0,0.0,0.5,0.5,-65.8,0.0,127.9,28.4,6.0,106.5,16.0,0.0,0.5,0.5,34.7,115.3,123.5,80.8,5.0,69.9,16.0,0.0,0.5,0.4,-11.9,0.0,93.9,35.1,5.0,69.5,16.0,0.0,0.5,0.4,-9.1,22.8,51.3,21.4,5.0,37.5,16.0,0.0,0.5,0.4,-8.8,0.0,10.2,0.4,5.0,16.8,16.0,0.0,0.5,0.4,264.5,1206.0,2426.5,1390.5,6.0,1268.0,16.0,0.0,0.5,0.5,265.0,1205.0,2425.0,1390.0,6.0,1270.0,16.0,0.0,0.5,0.5
1974,2,289.0,35.0,18.08,19.4,20.22,19.0,9.0,1.47,18.0,0.7,0.5,0.4,12.17,15.35,18.14,15.12,10.0,3.09,18.0,0.6,0.5,0.4,6.79,8.76,10.73,8.74,10.0,1.99,18.0,0.6,0.5,0.4,75.7,80.9,88.5,80.4,10.0,7.9,18.0,0.6,0.4,7.91,10.3,18.79,13.34,10.0,6.86,18.0,0.6,0.5,0.4,-9.17,6.95,16.59,5.2,10.0,11.8,18.0,0.6,0.5,0.4,-10.86,-0.71,3.72,-2.81,10.0,8.18,18.0,0.6,0.5,0.4,1001.57,1012.15,1018.26,1010.97,10.0,8.69,18.0,0.6,0.5,0.4,6.0,8.0,8.0,6.9,10.0,1.7,18.0,0.6,0.5,0.4,-93.5,51.2,289.0,120.8,10.0,230.3,18.0,0.6,0.5,0.4,-177.4,-5.8,33.9,-68.3,10.0,185.7,18.0,0.6,0.5,0.4,1.73,2.4,5.37,3.37,9.0,1.73,18.0,0.7,0.5,0.4,24.7,41.0,72.1,43.2,9.0,24.1,18.0,0.7,0.5,0.4,3.51,4.55,5.98,4.73,9.0,1.22,18.0,0.7,0.5,0.4,35.9,51.3,105.3,68.2,9.0,39.7,18.0,0.7,0.5,0.4,-153.3,83.1,275.6,78.4,10.0,205.4,18.0,0.6,0.5,0.4,-139.4,-9.3,63.8,-43.0,10.0,139.1,18.0,0.6,0.5,0.4,-93.0,50.9,157.2,41.2,10.0,118.2,18.0,0.6,0.5,0.4,-70.1,-5.8,34.1,-22.9,10.0,75.5,18.0,0.6,0.5,0.4,-32.0,36.8,80.8,31.2,9.0,56.7,18.0,0.7,0.5,0.4,-70.0,0.0,19.9,-14.6,9.0,47.7,18.0,0.7,0.5,0.4,497.0,1092.5,6633.0,4359.5,10.0,6877.5,18.0,0.6,0.5,0.4,495.0,1095.0,6635.0,4360.0,10.0,6875.0,18.0,0.6,0.5,0.4
1974,2,289.0,36.0,18.74,20.0,21.82,19.9,13.0,2.0,14.0,0.8,0.6,0.4,9.84,14.6,18.94,14.3,14.0,4.2,14.0,0.8,0.6,0.4,6.57,7.41,12.52,8.98,11.0,2.84,14.0,0.8,0.6,0.4,69.2,88.7,93.3,83.5,11.0,12.7,14.0,0.8,0.4,7.7,9.3,14.68,10.67,15.0,3.88,14.0,0.7,0.6,0.4,0.0,6.66,12.08,6.32,15.0,5.8,14.0,0.7,0.6,0.4,-9.27,-4.45,4.15,-3.45,15.0,6.91,14.0,0.7,0.6,0.4,1005.74,1013.0,1020.87,1012.68,15.0,8.93,14.0,0.7,0.6,0.4,4.1,7.0,8.0,6.4,14.0,1.9,14.0,0.7,0.6,0.4,0.0,58.0,175.7,82.0,15.0,83.6,14.0,0.7,0.6,0.4,-86.2,-38.9,35.0,-49.2,15.0,96.2,14.0,0.7,0.6,0.4,0.07,3.85,11.53,5.21,12.0,4.85,14.0,0.8,0.6,0.4,0.7,29.7,160.3,60.2,12.0,68.9,14.0,0.8,0.6,0.4,1.74,4.18,8.28,4.79,10.0,3.14,14.0,0.8,0.6,0.4,16.6,32.1,72.0,46.0,10.0,41.8,14.0,0.8,0.6,0.4,0.0,93.3,173.4,90.5,14.0,90.3,14.0,0.8,0.6,0.4,-121.8,-32.8,75.3,-25.2,14.0,92.3,14.0,0.8,0.6,0.4,-4.7,39.7,86.4,45.3,11.0,53.7,14.0,0.8,0.6,0.4,-73.7,-33.3,45.6,-17.4,11.0,64.5,14.0,0.8,0.6,0.4,-3.2,8.5,45.3,19.2,10.0,33.9,14.0,0.8,0.6,0.4,-56.5,-16.0,10.8,-24.1,10.0,43.5,14.0,0.8,0.6,0.4,456.5,804.5,3170.0,1692.5,15.0,1821.0,14.0,0.7,0.6,0.4,455.0,805.0,3170.0,1690.0,15.0,1820.0,14.0,0.7,0.6,0.4
1974,2,289.0,37.0,17.69,22.9,23.5,21.22,45.0,3.06,16.0,0.5,0.6,0.5,7.0,8.9,16.08,10.6,49.0,4.32,16.0,0.5,0.6,0.5,4.37,5.09,10.28,6.59,34.0,2.69,16.0,0.5,0.6,0.4,61.4,77.9,89.3,76.2,34.0,12.4,16.0,0.5,0.4,7.14,13.4,18.0,12.62,37.0,5.0,14.0,0.5,0.6,0.4,2.73,6.89,12.87,6.51,37.0,7.49,14.0,0.5,0.6,0.4,-12.1,-6.95,3.02,-4.74,37.0,8.11,14.0,0.5,0.6,0.4,1000.37,1009.5,1019.0,1008.23,41.0,9.03,14.0,0.5,0.6,0.4,7.0,8.0,8.0,7.3,46.0,1.6,16.0,0.5,0.6,0.5,19.2,85.2,216.7,96.9,37.0,138.0,14.0,0.5,0.6,0.4,-191.8,-81.3,19.1,-70.8,37.0,131.2,14.0,0.5,0.6,0.4,4.48,11.6,16.1,10.65,45.0,5.76,16.0,0.5,0.6,0.5,42.3,107.9,228.5,124.9,33.0,83.5,16.0,0.5,0.6,0.4,6.95,9.09,13.17,9.56,33.0,3.45,16.0,0.5,0.6,0.5,49.9,109.6,195.3,116.8,31.0,64.5,16.0,0.5,0.6,0.5,27.2,64.3,133.5,64.9,37.0,93.7,14.0,0.5,0.6,0.4,-105.2,-56.3,31.7,-32.5,37.0,96.9,14.0,0.5,0.6,0.4,15.3,32.4,59.2,28.1,32.0,53.9,16.0,0.5,0.6,0.4,-61.5,-35.6,37.6,-19.0,32.0,66.4,16.0,0.5,0.6,0.4,14.0,58.6,112.0,60.3,31.0,62.1,16.0,0.5,0.6,0.5,-152.2,-64.3,18.5,-65.9,31.0,78.4,16.0,0.5,0.6,0.5,364.5,2406.0,5832.0,2925.5,37.0,2837.0,14.0,0.5,0.6,0.4,365.0,2405.0,5830.0,2925.0,37.0,2835.0,14.0,0.5,0.6,0.4
1974,2,289.0,38.0,15.5,17.0,20.24,17.38,37.0,2.8,18.0,0.3,0.5,0.2,5.49,9.0,14.54,9.79,38.0,3.86,18.0,0.3,0.5,0.2,4.05,5.81,6.68,5.48,33.0,1.36,20.0,0.3,0.5,0.2,57.1,73.7,79.7,70.7,33.0,12.2,20.0,0.3,0.2,7.64,11.55,17.5,12.31,38.0,4.96,18.0,0.3,0.5,0.3,1.74,8.76,16.53,8.16,38.0,8.45,18.0,0.3,0.5,0.3,-7.73,0.0,3.4,-1.63,38.0,6.14,18.0,0.3,0.5,0.3,1006.61,1012.3,1022.0,1013.31,37.0,8.02,18.0,0.3,0.5,0.3,5.0,8.0,8.0,6.5,39.0,2.4,18.0,0.3,0.5,0.3,8.5,95.5,287.4,130.5,38.0,146.3,18.0,0.3,0.5,0.3,-97.5,0.0,50.4,-23.0,38.0,89.0,18.0,0.3,0.5,0.3,2.77,8.9,11.03,7.49,37.0,4.47,18.0,0.3,0.5,0.2,23.8,97.1,178.6,101.0,36.0,84.2,18.0,0.3,0.5,0.2,4.06,7.71,9.43,7.12,33.0,2.52,20.0,0.3,0.5,0.2,29.4,84.9,157.4,95.8,33.0,57.3,20.0,0.3,0.5,0.2,14.8,69.7,175.1,86.9,37.0,89.1,18.0,0.4,0.5,0.3,-55.3,0.0,52.4,1.6,37.0,70.5,18.0,0.4,0.5,0.3,14.9,41.2,100.0,50.6,33.0,41.9,20.0,0.3,0.5,0.2,-40.9,0.0,21.6,-3.4,33.0,40.1,20.0,0.3,0.5,0.2,10.0,72.7,152.4,77.3,33.0,66.3,20.0,0.3,0.5,0.2,-53.8,0.0,25.8,-17.9,33.0,43.1,20.0,0.3,0.5,0.2,446.0,1543.0,5359.5,2753.0,38.0,2698.5,18.0,0.3,0.5,0.3,445.0,1545.0,5360.0,2755.0,38.0,2700.0,18.0,0.3,0.5,0.3
1974,2,289.0,39.0,14.01,15.6,17.8,15.17,20.0,3.03,16.0,0.6,0.6,0.3,3.53,5.35,9.97,6.13,22.0,3.29,14.0,0.7,0.6,0.4,3.26,4.26,5.68,4.52,20.0,1.42,14.0,0.7,0.6,0.3,61.1,77.1,91.7,74.9,20.0,14.0,14.0,0.7,0.3,5.64,9.3,12.9,9.37,23.0,3.79,14.0,0.7,0.6,0.4,-3.83,3.1,8.29,2.24,23.0,6.48,14.0,0.7,0.6,0.4,-9.41,-7.12,-2.32,-5.85,23.0,4.79,14.0,0.7,0.6,0.4,1007.14,1015.6,1024.95,1015.97,23.0,8.14,14.0,0.7,0.6,0.4,6.2,8.0,8.0,7.2,21.0,1.4,14.0,0.6,0.6,0.4,-35.7,19.2,97.5,27.8,23.0,80.9,14.0,0.7,0.6,0.4,-117.3,-66.3,-7.3,-63.8,23.0,61.7,14.0,0.7,0.6,0.4,4.49,9.4,14.5,9.12,19.0,4.71,16.0,0.7,0.6,0.3,28.9,87.3,133.6,87.4,19.0,60.0,16.0,0.7,0.6,0.3,4.2,6.26,8.35,6.02,17.0,2.4,16.0,0.7,0.7,0.3,29.1,64.2,88.4,62.3,17.0,35.0,16.0,0.7,0.7,0.3,-25.7,11.7,40.9,13.6,22.0,48.2,14.0,0.7,0.6,0.4,-64.5,-33.7,-0.6,-28.8,22.0,42.0,14.0,0.7,0.6,0.4,-28.9,10.7,35.7,7.4,20.0,33.9,14.0,0.7,0.6,0.3,-42.8,-29.3,-10.3,-24.0,20.0,29.2,14.0,0.7,0.6,0.3,-21.6,19.9,56.3,17.7,17.0,42.6,16.0,0.7,0.7,0.3,-74.4,-40.6,-20.4,-45.1,17.0,32.4,16.0,0.7,0.7,0.3,184.5,804.5,2146.5,1189.5,23.0,1089.0,14.0,0.7,0.6,0.4,185.0,805.0,2145.0,1190.0,23.0,1090.0,14.0,0.7,0.6,0.4
1974,2,289.0,40.0,6.25,8.0,10.34,8.08,107.0,2.32,10.0,0.5,0.5,0.4,1.0,3.5,8.8,4.62,127.0,4.12,10.0,0.5,0.5,0.4,3.32,4.29,5.85,4.54,32.0,1.36,12.0,0.5,0.5,0.5,72.7,86.9,100.0,86.1,32.0,12.3,12.0,0.5,0.5,4.0,8.0,13.0,8.53,127.0,4.58,10.0,0.5,0.5,0.4,-4.92,3.55,9.19,2.65,127.0,7.01,10.0,0.5,0.5,0.4,-7.52,-2.41,4.0,-1.9,127.0,5.87,10.0,0.5,0.5,0.4,1005.64,1014.35,1023.76,1014.55,130.0,9.38,10.0,0.5,0.5,0.4,2.0,7.0,8.0,5.4,107.0,2.8,10.0,0.5,0.5,0.4,-49.0,17.4,100.0,28.2,127.0,97.7,10.0,0.5,0.5,0.4,-77.8,-13.0,25.0,-22.6,127.0,78.9,10.0,0.5,0.5,0.4,-1.4,4.05,8.0,3.58,106.0,4.39,10.0,0.5,0.5,0.4,-7.7,26.0,71.5,29.4,102.0,43.4,10.0,0.5,0.5,0.4,0.14,1.55,3.46,1.87,27.0,1.85,10.0,0.6,0.6,0.5,2.2,14.3,35.5,19.2,25.0,19.4,10.0,0.5,0.6,0.5,-13.9,7.8,52.2,14.7,122.0,42.5,10.0,0.5,0.5,0.4,-19.7,-1.9,32.6,4.2,122.0,42.3,10.0,0.5,0.5,0.4,-15.9,24.1,57.2,21.5,30.0,36.4,12.0,0.4,0.5,0.4,-27.4,-10.1,31.1,-2.5,30.0,29.2,12.0,0.4,0.5,0.4,-5.0,8.2,26.3,9.4,25.0,21.6,10.0,0.5,0.6,0.5,-15.0,-7.2,1.3,-8.5,25.0,11.3,10.0,0.5,0.6,0.5,64.0,512.0,2199.0,1194.0,127.0,1680.0,10.0,0.5,0.5,0.4,65.0,510.0,2200.0,1195.0,127.0,1680.0,10.0,0.5,0.5,0.4
1974,2,289.0,41.0,,,,,,,,,,,,,,,,,,,,,,,,,,,,,,,,,,,,,,,,12.9,12.9,12.9,12.9,1.0,0.0,6.0,1.0,0.6,0.8,11.17,11.17,11.17,11.17,1.0,0.0,6.0,1.0,0.6,0.8,-6.45,-6.45,-6.45,-6.45,1.0,0.0,6.0,1.0,0.6,0.8,1016.0,1016.0,1016.0,1016.0,1.0,0.0,6.0,1.0,0.6,0.8,,,,,,,,,,,,,,,,,,,,,,,,,,,,,,,,,,,,,,,,,,,,,,,,,,,,,,,,,,,,,,,,,,,,,,,,,,,,,,,,,,,,,,,,,,,,,,,,,,,,,,,,,,,,,,,,,,,,,,,,,,,,,,,,,,,,,,,,,,,,,,,,,,,,,,
1974,2,289.0,42.0,4.22,4.4,5.19,4.72,5.0,0.97,18.0,0.8,0.7,0.3,1.27,7.2,9.29,6.16,7.0,5.08,16.0,0.7,0.7,0.4,2.72,4.27,5.34,4.04,4.0,1.56,16.0,0.5,0.6,0.4,57.7,71.2,83.8,70.7,5.0,13.8,18.0,0.6,0.3,5.39,9.8,14.83,9.64,8.0,4.47,16.0,0.6,0.7,0.3,-1.77,1.32,4.65,0.44,8.0,4.97,16.0,0.6,0.7,0.3,-7.0,2.08,14.37,2.91,8.0,9.57,16.0,0.6,0.7,0.3,1003.81,1008.8,1010.5,1008.34,7.0,6.76,14.0,0.6,0.7,0.3,1.0,6.0,8.0,5.1,7.0,3.0,14.0,0.6,0.7,0.3,-5.5,10.1,47.3,10.7,8.0,56.0,16.0,0.6,0.7,0.3,-52.4,12.9,218.3,53.5,8.0,124.4,16.0,0.6,0.7,0.3,-3.48,1.2,4.27,0.54,5.0,4.16,18.0,0.8,0.7,0.3,-44.3,9.2,23.6,-5.3,5.0,37.2,18.0,0.8,0.7,0.3,0.4,1.74,3.07,1.73,3.0,1.95,16.0,0.7,0.6,0.4,1.3,11.4,12.8,7.1,3.0,9.2,16.0,0.7,0.6,0.4,-6.0,0.0,7.7,-6.6,7.0,30.2,16.0,0.7,0.7,0.4,-22.3,3.1,89.3,16.2,7.0,64.1,16.0,0.7,0.7,0.4,-30.0,2.1,11.7,-8.7,4.0,30.8,16.0,0.5,0.6,0.4,-9.9,7.3,47.6,18.3,4.0,45.1,16.0,0.5,0.6,0.4,-5.2,-0.6,2.9,-1.1,3.0,6.0,16.0,0.7,0.6,0.4,-9.7,-3.4,4.9,-2.4,3.0,10.7,16.0,0.7,0.6,0.4,168.5,941.0,3368.5,1408.5,8.0,1550.5,16.0,0.6,0.7,0.3,170.0,940.0,3370.0,1410.0,8.0,1550.0,16.0,0.6,0.7,0.3
1974,2,289.0,43.0,3.74,4.25,4.76,4.25,2.0,1.06,26.0,1.0,0.9,0.5,0.22,0.7,1.18,0.7,2.0,0.99,26.0,1.0,0.9,0.5,3.01,3.31,3.61,3.31,2.0,0.63,26.0,1.0,0.9,0.5,74.2,84.7,95.1,84.7,2.0,21.7,26.0,1.0,0.5,6.85,8.25,9.65,8.25,2.0,2.9,26.0,1.0,0.9,0.5,-5.65,-0.85,3.96,-0.85,2.0,9.96,26.0,1.0,0.9,0.5,-5.57,-3.31,-1.05,-3.31,2.0,4.68,26.0,1.0,0.9,0.5,1019.84,1021.0,1022.16,1021.0,2.0,2.4,26.0,1.0,0.9,0.5,7.2,7.5,7.8,7.5,2.0,0.7,26.0,1.0,0.9,0.5,-62.3,-21.4,19.4,-21.4,2.0,84.6,26.0,1.0,0.9,0.5,-57.4,-34.1,-10.8,-34.1,2.0,48.2,26.0,1.0,0.9,0.5,3.52,3.55,3.58,3.55,2.0,0.07,26.0,1.0,0.9,0.5,24.5,29.2,33.9,29.2,2.0,9.7,26.0,1.0,0.9,0.5,1.29,1.77,2.25,1.77,2.0,0.99,26.0,1.0,0.9,0.5,11.7,13.2,14.7,13.2,2.0,3.1,26.0,1.0,0.9,0.5,1.4,4.3,7.3,4.3,2.0,6.1,26.0,1.0,0.9,0.5,0.0,0.0,0.0,0.0,2.0,0.0,26.0,1.0,0.9,0.5,-22.1,-5.9,10.3,-5.9,2.0,33.5,26.0,1.0,0.9,0.5,-20.9,-12.4,-3.9,-12.4,2.0,17.6,26.0,1.0,0.9,0.5,-4.7,3.4,11.6,3.4,2.0,16.8,26.0,1.0,0.9,0.5,-6.0,-3.5,-1.1,-3.5,2.0,5.0,26.0,1.0,0.9,0.5,374.0,665.5,957.0,665.5,2.0,604.0,26.0,1.0,0.9,0.5,375.0,665.0,955.0,665.0,2.0,605.0,26.0,1.0,0.9,0.5
1974,2,289.0,46.0,,,,,,,,,,,,,,,,,,,,,,,,,,,,,,,,,,,,,,,,13.67,22.0,22.0,17.93,3.0,7.04,4.0,1.0,0.3,0.2,12.35,20.67,20.67,16.61,3.0,7.04,4.0,1.0,0.3,0.2,-7.52,-7.52,0.96,-3.38,3.0,7.17,4.0,1.0,0.3,0.2,1005.54,1006.5,1009.5,1007.5,3.0,3.03,4.0,1.0,0.3,0.2,,,,,,,,,,,,,,,,,,,,,,,,,,,,,,,,,,,,,,,,,,,,,,,,,,,,,,,,,,,,,,,,,,,,,,,,,,,,,,,,,,,,,,,,,,,,,,,,,,,,,,,,,,,,,,,,,,,,,,,,,,,,,,,,,,,,,,,,,,,,,,,,,,,,,,
1974,2,289.0,47.0,-0.2,0.0,0.2,0.0,2.0,0.42,12.0,1.0,0.4,0.2,-4.92,-0.7,2.43,-0.71,7.0,6.36,14.0,0.7,0.6,0.2,1.87,2.41,2.76,2.45,6.0,0.75,16.0,0.8,0.5,0.2,68.7,76.4,86.9,76.9,6.0,9.8,16.0,0.8,0.2,6.48,7.7,10.95,8.53,7.0,3.82,14.0,0.7,0.6,0.2,0.09,7.24,9.57,5.18,7.0,6.52,14.0,0.7,0.6,0.2,-5.93,1.97,5.4,0.01,7.0,5.06,14.0,0.7,0.6,0.2,1004.93,1008.4,1022.8,1011.25,6.0,9.67,16.0,0.8,0.5,0.2,1.0,4.5,8.0,4.5,6.0,3.8,16.0,0.8,0.5,0.2,-1.2,55.7,105.4,60.2,7.0,78.5,14.0,0.7,0.6,0.2,-44.3,3.9,58.3,6.4,7.0,44.9,14.0,0.7,0.6,0.2,5.65,7.05,8.45,7.05,2.0,2.9,12.0,1.0,0.4,0.2,43.5,54.3,65.1,54.3,2.0,22.3,12.0,1.0,0.4,0.2,1.98,2.01,2.05,2.01,2.0,0.08,12.0,1.0,0.4,0.2,15.2,15.5,15.8,15.5,2.0,0.6,12.0,1.0,0.4,0.2,-9.5,0.0,29.4,13.9,7.0,66.9,14.0,0.7,0.6,0.2,-0.2,21.1,26.8,14.4,7.0,13.7,14.0,0.7,0.6,0.2,-0.9,7.4,22.6,8.7,6.0,12.9,16.0,0.8,0.5,0.2,-12.3,1.6,13.0,0.4,6.0,12.7,16.0,0.8,0.5,0.2,-5.8,2.6,11.1,2.6,2.0,17.4,12.0,1.0,0.4,0.2,-10.6,-8.5,-6.4,-8.5,2.0,4.3,12.0,1.0,0.4,0.2,287.0,456.5,1330.5,926.5,7.0,931.0,14.0,0.7,0.6,0.2,285.0,455.0,1330.0,925.0,7.0,930.0,14.0,0.7,0.6,0.2
1974,2,290.0,-68.0,0.9,1.1,1.3,1.1,2.0,0.42,20.0,1.0,0.6,0.8,1.59,2.0,2.68,2.13,3.0,0.81,20.0,0.7,0.6,0.8,3.66,3.66,3.66,3.66,2.0,0.0,20.0,0.5,0.6,0.7,77.4,79.2,80.9,79.2,2.0,3.6,20.0,0.5,0.7,7.43,9.0,10.57,9.0,2.0,3.25,20.0,0.5,0.6,0.7,-6.47,-4.78,-3.08,-4.78,2.0,3.52,20.0,0.5,0.6,0.7,-8.28,-7.48,-6.67,-7.48,2.0,1.67,20.0,0.5,0.6,0.7,983.08,985.4,990.72,986.87,3.0,5.74,20.0,0.7,0.6,0.8,2.2,7.0,7.7,5.0,3.0,4.4,20.0,0.7,0.6,0.8,-71.5,-48.7,-25.9,-48.7,2.0,47.2,20.0,0.5,0.6,0.7,-89.0,-70.0,-51.0,-70.0,2.0,39.3,20.0,0.5,0.6,0.7,-1.85,-1.1,-0.35,-1.1,2.0,1.56,20.0,1.0,0.6,0.8,-14.7,-14.7,-14.7,-14.7,1.0,0.0,20.0,1.0,0.6,0.7,0.42,0.42,0.42,0.42,1.0,0.0,20.0,1.0,0.6,0.7,2.8,2.8,2.8,2.8,1.0,0.0,20.0,1.0,0.6,0.7,-13.3,-10.7,-8.1,-10.7,2.0,5.4,20.0,0.5,0.6,0.7,-18.6,-18.1,-17.6,-18.1,2.0,1.1,20.0,0.5,0.6,0.7,-23.7,-17.5,-11.3,-17.5,2.0,12.9,20.0,0.5,0.6,0.7,-30.3,-27.4,-24.4,-27.4,2.0,6.1,20.0,0.5,0.6,0.7,-1.0,-1.0,-1.0,-1.0,1.0,0.0,20.0,1.0,0.6,0.7,-2.7,-2.7,-2.7,-2.7,1.0,0.0,20.0,1.0,0.6,0.7,482.0,872.0,1261.5,872.0,2.0,807.5,20.0,0.5,0.6,0.7,480.0,870.0,1260.0,870.0,2.0,810.0,20.0,0.5,0.6,0.7
1974,2,290.0,-66.0,2.48,2.8,3.0,2.7,6.0,0.39,20.0,0.7,0.6,0.6,1.16,2.3,3.08,2.27,11.0,0.89,12.0,0.6,0.6,0.6,4.18,4.55,4.61,4.4,4.0,0.36,18.0,0.8,0.6,0.8,88.4,95.1,95.2,91.9,4.0,6.4,18.0,0.8,0.8,4.45,6.1,10.0,6.98,12.0,2.85,12.0,0.6,0.6,0.6,-2.11,2.75,5.04,2.08,12.0,3.83,12.0,0.6,0.6,0.6,-7.11,-2.18,5.76,-0.88,12.0,6.41,12.0,0.6,0.6,0.6,975.98,985.4,988.95,983.08,12.0,9.28,12.0,0.6,0.6,0.6,3.7,7.5,8.0,6.1,12.0,2.3,12.0,0.6,0.6,0.6,-8.3,17.8,43.4,20.6,12.0,35.8,12.0,0.6,0.6,0.6,-56.4,-11.4,37.7,-9.9,12.0,60.9,12.0,0.6,0.6,0.6,-0.52,-0.1,0.72,0.03,6.0,0.62,20.0,0.7,0.6,0.6,-4.8,-0.4,4.4,-0.6,6.0,5.0,20.0,0.7,0.6,0.6,0.06,0.2,0.7,0.38,4.0,0.48,18.0,0.8,0.6,0.8,0.7,1.5,4.5,2.5,4.0,2.8,18.0,0.8,0.6,0.8,-0.1,6.7,14.4,6.8,11.0,10.0,12.0,0.6,0.6,0.6,-21.5,-4.3,8.3,-4.8,11.0,17.5,12.0,0.6,0.6,0.6,11.4,17.4,31.2,21.1,4.0,13.0,18.0,0.8,0.6,0.8,-43.1,-34.7,-25.0,-34.1,4.0,11.2,18.0,0.8,0.6,0.8,0.4,0.6,2.1,1.2,4.0,1.4,18.0,0.8,0.6,0.8,-4.0,-1.4,-0.6,-2.2,4.0,2.4,18.0,0.8,0.6,0.8,89.0,227.0,1000.0,510.5,12.0,624.5,12.0,0.6,0.6,0.6,90.0,225.0,1000.0,510.0,12.0,625.0,12.0,0.6,0.6,0.6
1974,2,290.0,-57.0,10.0,10.0,10.0,10.0,1.0,0.0,26.0,1.0,0.9,1.0,9.5,9.5,9.5,9.5,1.0,0.0,26.0,1.0,0.9,1.0,6.77,6.77,6.77,6.77,1.0,0.0,26.0,1.0,0.9,1.0,90.4,90.4,90.4,90.4,1.0,0.0,26.0,1.0,1.0,8.2,8.2,8.2,8.2,1.0,0.0,26.0,1.0,0.9,1.0,8.08,8.08,8.08,8.08,1.0,0.0,26.0,1.0,0.9,1.0,-1.42,-1.42,-1.42,-1.42,1.0,0.0,26.0,1.0,0.9,1.0,993.5,993.5,993.5,993.5,1.0,0.0,26.0,1.0,0.9,1.0,8.0,8.0,8.0,8.0,1.0,0.0,26.0,1.0,0.9,1.0,66.2,66.2,66.2,66.2,1.0,0.0,26.0,1.0,0.9,1.0,-11.7,-11.7,-11.7,-11.7,1.0,0.0,26.0,1.0,0.9,1.0,0.5,0.5,0.5,0.5,1.0,0.0,26.0,1.0,0.9,1.0,4.1,4.1,4.1,4.1,1.0,0.0,26.0,1.0,0.9,1.0,0.98,0.98,0.98,0.98,1.0,0.0,26.0,1.0,0.9,1.0,8.1,8.1,8.1,8.1,1.0,0.0,26.0,1.0,0.9,1.0,76.7,76.7,76.7,76.7,1.0,0.0,26.0,1.0,0.9,1.0,-13.5,-13.5,-13.5,-13.5,1.0,0.0,26.0,1.0,0.9,1.0,54.7,54.7,54.7,54.7,1.0,0.0,26.0,1.0,0.9,1.0,-9.6,-9.6,-9.6,-9.6,1.0,0.0,26.0,1.0,0.9,1.0,7.9,7.9,7.9,7.9,1.0,0.0,26.0,1.0,0.9,1.0,-1.4,-1.4,-1.4,-1.4,1.0,0.0,26.0,1.0,0.9,1.0,551.5,551.5,551.5,551.5,1.0,0.0,26.0,1.0,0.9,1.0,550.0,550.0,550.0,550.0,1.0,0.0,26.0,1.0,0.9,1.0
1974,2,290.0,-53.0,8.0,8.0,8.0,8.0,1.0,0.0,24.0,0.0,0.5,0.5,12.0,12.0,12.0,12.0,1.0,0.0,24.0,0.0,0.5,0.5,6.33,6.33,6.33,6.33,1.0,0.0,24.0,0.0,0.5,0.5,72.9,72.9,72.9,72.9,1.0,0.0,24.0,0.0,0.5,4.1,4.1,4.1,4.1,1.0,0.0,24.0,0.0,0.5,0.5,4.1,4.1,4.1,4.1,1.0,0.0,24.0,0.0,0.5,0.5,0.0,0.0,0.0,0.0,1.0,0.0,24.0,0.0,0.5,0.5,1012.5,1012.5,1012.5,1012.5,1.0,0.0,24.0,0.0,0.5,0.5,8.0,8.0,8.0,8.0,1.0,0.0,24.0,0.0,0.5,0.5,16.8,16.8,16.8,16.8,1.0,0.0,24.0,0.0,0.5,0.5,0.0,0.0,0.0,0.0,1.0,0.0,24.0,0.0,0.5,0.5,-4.0,-4.0,-4.0,-4.0,1.0,0.0,24.0,0.0,0.5,0.5,-16.4,-16.4,-16.4,-16.4,1.0,0.0,24.0,0.0,0.5,0.5,0.31,0.31,0.31,0.31,1.0,0.0,24.0,0.0,0.5,0.5,1.3,1.3,1.3,1.3,1.0,0.0,24.0,0.0,0.5,0.5,49.2,49.2,49.2,49.2,1.0,0.0,24.0,0.0,0.5,0.5,0.0,0.0,0.0,0.0,1.0,0.0,24.0,0.0,0.5,0.5,26.0,26.0,26.0,26.0,1.0,0.0,24.0,0.0,0.5,0.5,0.0,0.0,0.0,0.0,1.0,0.0,24.0,0.0,0.5,0.5,1.3,1.3,1.3,1.3,1.0,0.0,24.0,0.0,0.5,0.5,0.0,0.0,0.0,0.0,1.0,0.0,24.0,0.0,0.5,0.5,69.0,69.0,69.0,69.0,1.0,0.0,24.0,0.0,0.5,0.5,70.0,70.0,70.0,70.0,1.0,0.0,24.0,0.0,0.5,0.5
1974,2,290.0,11.0,24.0,24.0,24.0,24.0,2.0,0.0,22.0,0.5,1.0,0.4,25.12,25.15,25.18,25.15,2.0,0.07,22.0,0.5,1.0,0.4,15.62,15.96,16.29,15.96,2.0,0.69,22.0,0.5,1.0,0.4,78.4,80.2,82.1,80.2,2.0,3.8,22.0,0.5,0.4,5.2,5.4,5.6,5.4,2.0,0.42,22.0,0.5,1.0,0.4,-5.07,-5.02,-4.96,-5.02,2.0,0.12,22.0,0.5,1.0,0.4,0.45,1.43,2.4,1.43,2.0,2.02,22.0,0.5,1.0,0.4,1013.75,1013.85,1013.95,1013.85,2.0,0.21,22.0,0.5,1.0,0.4,2.0,4.0,6.0,4.0,2.0,4.2,22.0,0.5,1.0,0.4,-27.8,-27.1,-26.3,-27.1,2.0,1.5,22.0,0.5,1.0,0.4,2.6,8.1,13.7,8.1,2.0,11.5,22.0,0.5,1.0,0.4,-1.18,-1.15,-1.12,-1.15,2.0,0.07,22.0,0.5,1.0,0.4,-6.2,-6.2,-6.1,-6.2,2.0,0.1,22.0,0.5,1.0,0.4,2.3,2.64,2.97,2.64,2.0,0.7,22.0,0.5,1.0,0.4,12.8,14.1,15.4,14.1,2.0,2.7,22.0,0.5,1.0,0.4,-127.8,-126.2,-124.6,-126.2,2.0,3.3,22.0,0.5,1.0,0.4,11.4,35.8,60.2,35.8,2.0,50.6,22.0,0.5,1.0,0.4,-80.8,-80.0,-79.3,-80.0,2.0,1.6,22.0,0.5,1.0,0.4,7.4,23.4,39.4,23.4,2.0,33.2,22.0,0.5,1.0,0.4,-15.1,-13.3,-11.4,-13.3,2.0,3.8,22.0,0.5,1.0,0.4,1.0,3.1,5.1,3.1,2.0,4.3,22.0,0.5,1.0,0.4,141.0,159.0,177.0,159.0,2.0,37.0,22.0,0.5,1.0,0.4,140.0,160.0,175.0,160.0,2.0,35.0,22.0,0.5,1.0,0.4
1974,2,290.0,12.0,24.95,25.0,26.72,25.62,32.0,1.19,18.0,0.3,0.7,0.3,25.0,25.25,26.01,25.38,32.0,0.66,16.0,0.3,0.7,0.3,15.31,16.29,16.91,16.14,29.0,0.85,18.0,0.2,0.7,0.3,75.6,79.8,84.4,79.9,30.0,4.8,18.0,0.3,0.3,4.14,6.2,8.2,6.46,33.0,2.58,18.0,0.3,0.7,0.3,-8.05,-6.11,-4.06,-6.18,33.0,2.44,18.0,0.3,0.7,0.3,-2.04,0.0,1.15,-0.6,33.0,1.98,18.0,0.3,0.7,0.3,1011.18,1013.05,1014.0,1012.55,32.0,1.49,18.0,0.3,0.7,0.3,1.0,2.0,3.8,2.4,34.0,1.5,16.0,0.3,0.7,0.3,-66.2,-37.9,-16.8,-46.0,33.0,36.5,18.0,0.3,0.7,0.3,-13.1,0.0,7.6,-4.9,33.0,19.2,18.0,0.3,0.7,0.3,-1.0,-0.05,1.02,0.13,30.0,1.12,18.0,0.3,0.7,0.3,-4.6,-0.5,5.6,0.2,29.0,7.1,18.0,0.3,0.7,0.3,3.13,4.27,6.16,4.36,28.0,1.51,18.0,0.3,0.7,0.3,14.8,24.5,39.5,27.9,27.0,14.0,18.0,0.3,0.7,0.3,-212.7,-152.6,-106.7,-158.4,31.0,62.8,16.0,0.3,0.7,0.3,-50.1,0.0,26.8,-16.6,31.0,48.6,16.0,0.3,0.7,0.3,-125.5,-96.4,-70.2,-99.6,28.0,33.7,18.0,0.3,0.7,0.3,-38.6,-11.3,14.9,-14.5,28.0,30.1,18.0,0.3,0.7,0.3,-36.3,-24.1,-14.2,-26.6,27.0,13.1,18.0,0.3,0.7,0.3,-10.5,-2.0,3.1,-4.1,27.0,8.7,18.0,0.3,0.7,0.3,71.0,238.5,551.5,405.5,33.0,516.5,18.0,0.3,0.7,0.3,70.0,240.0,550.0,405.0,33.0,515.0,18.0,0.3,0.7,0.3
1974,2,290.0,13.0,25.6,26.35,27.53,26.39,22.0,0.98,14.0,0.4,0.5,0.5,24.87,25.5,27.03,25.79,22.0,1.29,14.0,0.4,0.5,0.5,15.49,16.33,16.79,16.26,22.0,1.03,14.0,0.4,0.5,0.5,74.7,80.0,83.8,78.7,22.0,6.3,14.0,0.4,0.5,3.27,7.7,10.3,6.99,22.0,3.03,14.0,0.4,0.5,0.5,-9.68,-7.41,-3.03,-6.54,22.0,3.0,14.0,0.4,0.5,0.5,-3.44,-0.89,0.0,-1.32,22.0,2.18,14.0,0.4,0.5,0.5,1010.93,1012.4,1014.57,1012.68,22.0,2.0,14.0,0.4,0.5,0.5,2.0,3.0,5.0,3.6,22.0,1.7,14.0,0.4,0.5,0.5,-99.7,-57.1,-11.1,-54.1,22.0,38.5,14.0,0.4,0.5,0.5,-30.3,-2.8,0.0,-10.7,22.0,19.6,14.0,0.4,0.5,0.5,-0.87,0.7,2.33,0.6,22.0,1.53,14.0,0.4,0.5,0.5,-4.5,4.3,18.7,4.6,22.0,12.0,14.0,0.4,0.5,0.5,3.73,5.24,6.66,5.28,22.0,1.38,14.0,0.4,0.5,0.5,15.6,38.7,62.1,38.0,22.0,21.0,14.0,0.4,0.5,0.5,-244.2,-184.2,-76.7,-168.4,22.0,77.0,14.0,0.4,0.5,0.5,-90.6,-22.9,0.0,-34.3,22.0,55.9,14.0,0.4,0.5,0.5,-153.3,-119.8,-50.6,-105.3,22.0,46.4,14.0,0.4,0.5,0.5,-57.0,-14.1,0.0,-21.6,22.0,36.0,14.0,0.4,0.5,0.5,-60.0,-35.5,-14.6,-35.4,22.0,20.1,14.0,0.4,0.5,0.5,-22.0,-3.0,0.0,-7.6,22.0,13.0,14.0,0.4,0.5,0.5,44.0,456.5,1092.5,515.0,22.0,454.0,14.0,0.4,0.5,0.5,45.0,455.0,1095.0,515.0,22.0,455.0,14.0,0.4,0.5,0.5
1974,2,290.0,14.0,25.69,26.7,27.61,26.7,15.0,0.8,18.0,0.3,0.7,0.5,25.04,25.5,26.16,25.57,15.0,0.71,18.0,0.3,0.7,0.5,15.16,15.73,16.41,15.91,15.0,1.03,18.0,0.3,0.7,0.5,72.2,77.6,81.9,78.1,15.0,6.2,18.0,0.3,0.5,4.6,6.2,10.08,7.23,15.0,3.2,18.0,0.3,0.7,0.5,-10.05,-6.2,-4.55,-7.01,15.0,3.08,18.0,0.3,0.7,0.5,-2.27,0.0,1.1,-0.54,15.0,1.94,18.0,0.3,0.7,0.5,1012.77,1014.2,1015.43,1014.24,15.0,1.61,18.0,0.3,0.7,0.5,2.0,2.5,3.0,2.6,14.0,0.9,18.0,0.4,0.7,0.5,-101.5,-38.4,-20.9,-59.8,15.0,55.9,18.0,0.3,0.7,0.5,-15.4,0.0,7.1,-4.0,15.0,20.9,18.0,0.3,0.7,0.5,0.02,0.8,2.36,1.13,15.0,1.08,18.0,0.3,0.7,0.5,0.1,4.1,20.5,8.7,15.0,10.0,18.0,0.3,0.7,0.5,4.56,6.18,7.78,5.99,15.0,1.45,18.0,0.3,0.7,0.5,29.1,34.7,61.3,42.7,15.0,21.0,18.0,0.3,0.7,0.5,-260.4,-158.1,-117.3,-179.0,15.0,78.3,18.0,0.3,0.7,0.5,-54.8,0.0,28.3,-13.5,15.0,49.7,18.0,0.3,0.7,0.5,-158.6,-97.5,-72.2,-112.5,15.0,54.8,18.0,0.3,0.7,0.5,-36.9,0.0,17.2,-7.8,15.0,31.1,18.0,0.3,0.7,0.5,-61.1,-34.7,-29.1,-41.4,15.0,19.9,18.0,0.3,0.7,0.5,-13.0,0.0,6.7,-3.6,15.0,12.2,18.0,0.3,0.7,0.5,97.5,238.5,1029.0,617.0,15.0,859.0,18.0,0.3,0.7,0.5,95.0,240.0,1030.0,615.0,15.0,860.0,18.0,0.3,0.7,0.5
1974,2,290.0,15.0,24.82,25.75,26.85,25.83,18.0,1.12,14.0,0.5,0.6,0.4,24.4,25.75,26.3,25.55,22.0,0.98,16.0,0.5,0.6,0.4,15.03,16.13,17.27,16.25,19.0,1.35,14.0,0.4,0.6,0.4,75.0,80.3,89.0,80.4,19.0,6.8,14.0,0.4,0.4,5.3,7.7,10.3,8.27,22.0,2.63,16.0,0.5,0.6,0.4,-10.25,-7.64,-4.79,-7.42,22.0,2.66,16.0,0.5,0.6,0.4,-3.85,-1.83,1.61,-1.84,22.0,3.21,16.0,0.5,0.6,0.4,1012.0,1014.45,1015.87,1013.93,22.0,1.86,16.0,0.5,0.6,0.4,2.0,3.0,6.0,3.5,21.0,2.1,16.0,0.4,0.6,0.4,-105.6,-58.8,-24.4,-67.4,22.0,43.2,16.0,0.5,0.6,0.4,-30.2,-19.3,8.9,-19.1,22.0,36.7,16.0,0.5,0.6,0.4,-1.0,0.0,2.29,0.38,18.0,1.52,14.0,0.5,0.6,0.4,-7.7,0.0,16.2,2.6,18.0,12.2,14.0,0.5,0.6,0.4,1.95,4.85,5.6,4.32,16.0,1.9,14.0,0.5,0.6,0.4,21.5,27.1,50.2,34.4,16.0,17.8,14.0,0.5,0.6,0.4,-260.6,-188.1,-122.0,-190.2,22.0,69.5,16.0,0.5,0.6,0.4,-101.1,-49.6,39.2,-47.6,22.0,80.6,16.0,0.5,0.6,0.4,-155.4,-112.9,-76.8,-114.8,19.0,45.0,14.0,0.4,0.6,0.4,-66.9,-33.4,21.3,-33.1,19.0,57.0,14.0,0.4,0.6,0.4,-47.9,-24.3,-17.6,-31.4,16.0,18.6,14.0,0.5,0.6,0.4,-18.1,-8.7,4.5,-6.3,16.0,11.6,14.0,0.5,0.6,0.4,150.0,456.5,1092.5,743.0,22.0,782.5,16.0,0.5,0.6,0.4,150.0,455.0,1095.0,745.0,22.0,780.0,16.0,0.5,0.6,0.4
1974,2,290.0,16.0,25.4,26.05,26.7,26.12,20.0,0.72,14.0,0.6,0.5,0.4,24.31,25.4,26.5,25.51,20.0,1.34,14.0,0.6,0.5,0.4,14.67,15.28,16.54,15.71,19.0,1.33,14.0,0.5,0.5,0.4,73.3,77.2,82.3,77.6,19.0,6.7,14.0,0.5,0.4,5.71,7.7,9.3,7.72,20.0,1.87,14.0,0.6,0.5,0.4,-9.15,-7.64,-5.62,-7.32,20.0,1.97,14.0,0.6,0.5,0.4,-2.29,-1.12,0.0,-1.29,20.0,2.03,14.0,0.6,0.5,0.4,1013.5,1015.05,1016.4,1014.91,20.0,1.81,14.0,0.6,0.5,0.4,2.0,3.0,6.0,3.6,20.0,1.8,14.0,0.6,0.5,0.4,-85.1,-58.8,-32.1,-59.8,20.0,29.9,14.0,0.6,0.5,0.4,-18.4,-7.2,0.0,-10.1,20.0,19.8,14.0,0.6,0.5,0.4,-0.7,0.15,1.69,0.61,20.0,1.53,14.0,0.6,0.5,0.4,-3.5,0.9,12.3,4.9,20.0,12.6,14.0,0.6,0.5,0.4,4.54,5.68,6.6,5.46,19.0,1.25,14.0,0.5,0.5,0.4,32.2,42.1,59.3,43.2,19.0,14.9,14.0,0.5,0.5,0.4,-236.2,-187.9,-144.8,-186.9,20.0,51.9,14.0,0.6,0.5,0.4,-58.2,-27.7,0.0,-32.3,20.0,50.2,14.0,0.6,0.5,0.4,-153.0,-120.4,-89.5,-117.1,19.0,31.8,14.0,0.5,0.5,0.4,-37.9,-18.9,0.0,-19.6,19.0,31.0,14.0,0.5,0.5,0.4,-58.4,-41.4,-27.8,-40.7,19.0,15.1,14.0,0.5,0.5,0.4,-12.5,-6.8,0.0,-7.6,19.0,12.3,14.0,0.5,0.5,0.4,186.0,456.5,804.5,540.5,20.0,423.5,14.0,0.6,0.5,0.4,185.0,455.0,805.0,540.0,20.0,425.0,14.0,0.6,0.5,0.4
1974,2,290.0,17.0,25.0,26.0,26.76,26.0,29.0,1.05,12.0,0.5,0.7,0.3,24.61,25.4,26.39,25.52,33.0,1.06,14.0,0.5,0.7,0.3,14.13,15.62,17.37,15.67,27.0,1.35,14.0,0.4,0.7,0.3,71.1,76.6,85.9,77.9,28.0,7.2,14.0,0.5,0.3,4.1,6.7,10.8,7.27,32.0,3.28,12.0,0.4,0.7,0.3,-9.45,-6.11,-2.24,-5.82,32.0,3.56,12.0,0.4,0.7,0.3,-6.4,-1.23,1.13,-2.29,32.0,3.49,12.0,0.4,0.7,0.3,1013.0,1015.15,1016.82,1015.11,32.0,1.75,14.0,0.4,0.7,0.3,2.0,3.0,4.9,3.1,33.0,1.7,14.0,0.5,0.7,0.3,-106.9,-38.0,-8.2,-51.8,32.0,46.0,12.0,0.4,0.7,0.3,-68.0,-7.2,4.6,-24.9,32.0,36.0,12.0,0.4,0.7,0.3,-0.7,0.4,1.57,0.47,29.0,1.1,12.0,0.5,0.7,0.3,-5.0,4.0,10.9,3.2,28.0,7.7,12.0,0.5,0.7,0.3,4.12,5.24,6.35,5.14,25.0,1.54,14.0,0.4,0.7,0.3,16.9,36.6,59.3,38.9,24.0,21.4,12.0,0.4,0.6,0.3,-231.2,-153.8,-57.9,-148.5,32.0,91.4,12.0,0.4,0.7,0.3,-154.7,-32.2,29.7,-57.0,32.0,87.8,12.0,0.4,0.7,0.3,-143.5,-92.0,-32.3,-92.0,26.0,62.5,12.0,0.4,0.7,0.3,-106.2,-42.2,17.3,-42.2,26.0,54.5,12.0,0.4,0.7,0.3,-54.1,-30.2,-9.2,-30.7,24.0,21.8,12.0,0.4,0.6,0.3,-31.7,-11.3,2.2,-13.7,24.0,19.4,12.0,0.4,0.6,0.3,69.0,301.0,1259.5,621.0,32.0,703.5,12.0,0.4,0.7,0.3,70.0,300.0,1260.0,620.0,32.0,705.0,12.0,0.4,0.7,0.3
1974,2,290.0,18.0,25.8,25.8,25.8,25.8,1.0,0.0,6.0,0.0,0.7,0.9,25.0,25.0,25.0,25.0,1.0,0.0,6.0,0.0,0.7,0.9,15.3,15.3,15.3,15.3,1.0,0.0,6.0,0.0,0.7,0.9,77.5,77.5,77.5,77.5,1.0,0.0,6.0,0.0,0.9,1.5,1.5,1.5,1.5,1.0,0.0,6.0,0.0,0.7,0.9,-1.48,-1.48,-1.48,-1.48,1.0,0.0,6.0,0.0,0.7,0.9,-0.26,-0.26,-0.26,-0.26,1.0,0.0,6.0,0.0,0.7,0.9,1012.0,1012.0,1012.0,1012.0,1.0,0.0,6.0,0.0,0.7,0.9,1.0,1.0,1.0,1.0,1.0,0.0,6.0,0.0,0.7,0.9,-2.2,-2.2,-2.2,-2.2,1.0,0.0,6.0,0.0,0.7,0.9,-0.4,-0.4,-0.4,-0.4,1.0,0.0,6.0,0.0,0.7,0.9,0.8,0.8,0.8,0.8,1.0,0.0,6.0,0.0,0.7,0.9,1.2,1.2,1.2,1.2,1.0,0.0,6.0,0.0,0.7,0.9,5.47,5.47,5.47,5.47,1.0,0.0,6.0,0.0,0.7,0.9,8.2,8.2,8.2,8.2,1.0,0.0,6.0,0.0,0.7,0.9,-36.9,-36.9,-36.9,-36.9,1.0,0.0,6.0,0.0,0.7,0.9,-6.5,-6.5,-6.5,-6.5,1.0,0.0,6.0,0.0,0.7,0.9,-22.6,-22.6,-22.6,-22.6,1.0,0.0,6.0,0.0,0.7,0.9,-4.0,-4.0,-4.0,-4.0,1.0,0.0,6.0,0.0,0.7,0.9,-8.1,-8.1,-8.1,-8.1,1.0,0.0,6.0,0.0,0.7,0.9,-1.4,-1.4,-1.4,-1.4,1.0,0.0,6.0,0.0,0.7,0.9,3.5,3.5,3.5,3.5,1.0,0.0,6.0,0.0,0.7,0.9,5.0,5.0,5.0,5.0,1.0,0.0,6.0,0.0,0.7,0.9
1974,2,290.0,19.0,25.0,26.0,26.93,26.05,15.0,1.07,16.0,0.5,0.6,0.6,23.59,24.5,27.31,24.91,19.0,1.77,16.0,0.6,0.6,0.6,12.24,13.94,16.44,14.14,12.0,1.94,16.0,0.6,0.6,0.6,67.3,75.1,83.6,76.1,12.0,8.2,16.0,0.6,0.6,3.53,6.2,8.7,6.22,19.0,2.62,16.0,0.6,0.6,0.6,-8.7,-6.0,-0.82,-4.76,19.0,3.92,16.0,0.6,0.6,0.6,-1.82,0.0,3.09,0.14,19.0,2.9,16.0,0.6,0.6,0.6,1014.2,1016.6,1017.91,1016.44,19.0,2.01,16.0,0.6,0.6,0.6,2.0,2.5,6.0,3.6,16.0,2.3,16.0,0.6,0.5,0.6,-75.7,-36.0,-1.1,-38.2,19.0,37.1,16.0,0.6,0.6,0.6,-11.8,0.0,25.7,2.3,19.0,18.5,16.0,0.6,0.6,0.6,0.34,2.0,3.01,1.44,15.0,1.88,16.0,0.5,0.6,0.6,1.6,10.5,16.3,8.7,15.0,11.6,16.0,0.5,0.6,0.6,5.61,6.74,9.65,6.91,11.0,2.14,14.0,0.5,0.5,0.7,24.1,37.3,59.0,38.9,11.0,19.0,14.0,0.5,0.5,0.7,-213.7,-145.9,-22.9,-118.2,19.0,98.2,16.0,0.6,0.6,0.6,-41.1,0.0,83.0,6.0,19.0,73.0,16.0,0.6,0.6,0.6,-103.9,-61.8,-10.3,-54.7,12.0,55.8,16.0,0.6,0.6,0.6,-31.1,-20.8,3.8,-11.1,12.0,39.4,16.0,0.6,0.6,0.6,-50.7,-32.7,-0.7,-26.5,11.0,25.0,14.0,0.5,0.5,0.7,-27.5,-7.8,3.0,-9.4,11.0,23.0,14.0,0.5,0.5,0.7,44.0,238.5,658.5,361.0,19.0,372.0,16.0,0.6,0.6,0.6,45.0,240.0,660.0,360.0,19.0,370.0,16.0,0.6,0.6,0.6
1974,2,290.0,20.0,25.32,26.0,26.68,26.0,3.0,1.0,6.0,1.0,0.9,0.6,21.34,24.0,25.71,23.53,3.0,3.23,6.0,1.0,0.9,0.6,13.95,13.95,13.95,13.95,1.0,0.0,14.0,1.0,1.0,0.8,75.5,75.5,75.5,75.5,1.0,0.0,14.0,1.0,0.8,6.68,7.7,7.9,7.3,3.0,0.96,6.0,1.0,0.9,0.6,-7.38,-6.93,-5.86,-6.63,3.0,1.14,6.0,1.0,0.9,0.6,-3.71,-3.1,-1.9,-2.81,3.0,1.35,6.0,1.0,0.9,0.6,1013.3,1013.3,1016.03,1014.63,3.0,2.31,6.0,1.0,0.9,0.6,1.0,1.0,4.4,2.7,3.0,2.9,6.0,1.0,0.9,0.6,-57.4,-55.4,-40.3,-49.0,3.0,13.7,6.0,1.0,0.9,0.6,-27.9,-19.2,-13.1,-20.5,3.0,10.9,6.0,1.0,0.9,0.6,-0.02,1.0,5.03,2.47,3.0,3.91,6.0,1.0,0.9,0.6,-0.3,7.7,31.6,15.5,3.0,24.3,6.0,1.0,0.9,0.6,5.74,5.74,5.74,5.74,1.0,0.0,14.0,1.0,1.0,0.8,44.2,44.2,44.2,44.2,1.0,0.0,14.0,1.0,1.0,0.8,-183.1,-182.0,-131.4,-157.8,3.0,43.2,6.0,1.0,0.9,0.6,-92.1,-62.3,-41.7,-66.8,3.0,37.2,6.0,1.0,0.9,0.6,-105.8,-105.8,-105.8,-105.8,1.0,0.0,14.0,1.0,1.0,0.8,-18.6,-18.6,-18.6,-18.6,1.0,0.0,14.0,1.0,1.0,0.8,-43.6,-43.6,-43.6,-43.6,1.0,0.0,14.0,1.0,1.0,0.8,-7.7,-7.7,-7.7,-7.7,1.0,0.0,14.0,1.0,1.0,0.8,307.5,456.5,494.5,402.5,3.0,144.5,6.0,1.0,0.9,0.6,310.0,455.0,495.0,400.0,3.0,145.0,6.0,1.0,0.9,0.6
1974,2,290.0,21.0,24.43,25.0,26.0,25.4,22.0,1.15,16.0,0.6,0.6,0.4,22.25,24.5,25.8,24.36,23.0,1.92,16.0,0.6,0.6,0.3,13.35,14.44,16.08,14.71,23.0,1.92,16.0,0.6,0.6,0.3,70.9,77.2,84.0,77.6,23.0,6.4,16.0,0.6,0.3,5.1,6.2,10.3,6.85,24.0,2.45,16.0,0.6,0.6,0.3,-7.27,-3.95,-1.87,-4.62,24.0,2.8,16.0,0.6,0.6,0.3,-4.02,2.7,5.19,1.17,24.0,4.84,16.0,0.6,0.6,0.3,1015.54,1017.3,1019.8,1017.43,23.0,1.89,16.0,0.6,0.6,0.3,1.0,4.0,7.0,4.0,24.0,2.5,16.0,0.6,0.6,0.3,-67.6,-22.8,-10.6,-36.9,24.0,31.3,16.0,0.6,0.6,0.3,-36.2,14.5,33.4,7.7,24.0,41.4,16.0,0.6,0.6,0.3,-0.49,0.5,2.68,0.84,20.0,1.58,14.0,0.6,0.6,0.3,-1.7,2.3,17.0,6.9,19.0,13.6,14.0,0.6,0.6,0.3,3.96,5.3,6.54,5.17,20.0,2.03,14.0,0.6,0.6,0.3,19.6,35.5,51.4,37.3,19.0,24.1,14.0,0.6,0.6,0.3,-189.5,-110.1,-44.9,-112.0,22.0,66.2,14.0,0.6,0.6,0.3,-94.5,26.5,130.2,24.0,22.0,120.8,14.0,0.6,0.6,0.3,-112.3,-65.2,-29.0,-66.8,22.0,38.5,14.0,0.6,0.6,0.3,-58.5,14.7,75.9,13.2,22.0,72.8,14.0,0.6,0.6,0.3,-39.7,-22.7,-4.2,-26.8,19.0,23.8,14.0,0.6,0.6,0.3,-18.9,12.0,26.5,5.2,19.0,26.4,14.0,0.6,0.6,0.3,132.5,238.5,1092.5,443.0,24.0,437.0,16.0,0.6,0.6,0.3,135.0,240.0,1095.0,445.0,24.0,435.0,16.0,0.6,0.6,0.3
1974,2,290.0,22.0,23.64,24.8,26.0,24.88,28.0,1.49,16.0,0.8,0.5,0.5,22.98,23.8,26.54,24.34,32.0,1.92,14.0,0.7,0.5,0.5,11.39,14.43,16.41,13.97,17.0,2.42,14.0,0.7,0.5,0.4,64.4,74.5,85.5,74.0,17.0,10.3,14.0,0.7,0.4,5.1,6.6,9.8,7.17,30.0,2.59,14.0,0.7,0.5,0.5,-8.41,-5.23,1.22,-4.31,30.0,4.48,14.0,0.7,0.5,0.5,-2.94,0.0,4.75,0.74,30.0,4.47,14.0,0.7,0.5,0.5,1015.48,1019.35,1021.02,1018.67,32.0,3.17,14.0,0.7,0.5,0.4,2.0,3.0,6.0,3.8,30.0,2.2,14.0,0.8,0.5,0.5,-88.0,-31.5,7.0,-36.8,30.0,44.6,14.0,0.7,0.5,0.5,-16.1,0.0,29.4,3.3,30.0,43.5,14.0,0.7,0.5,0.5,-0.94,0.5,3.55,0.76,27.0,2.24,14.0,0.7,0.5,0.5,-1.9,4.8,22.7,6.2,24.0,16.1,14.0,0.7,0.5,0.5,4.51,6.29,8.57,6.56,12.0,2.72,14.0,0.8,0.6,0.4,19.7,33.0,73.0,42.4,12.0,25.6,14.0,0.8,0.6,0.4,-205.9,-126.6,35.2,-100.9,29.0,109.6,14.0,0.7,0.5,0.4,-70.2,0.0,104.8,18.5,29.0,111.7,14.0,0.7,0.5,0.4,-116.8,-75.0,1.7,-60.9,17.0,60.9,14.0,0.7,0.5,0.4,-27.4,0.0,56.2,11.7,17.0,46.7,14.0,0.7,0.5,0.4,-71.9,-19.7,-7.8,-34.2,12.0,30.9,14.0,0.8,0.6,0.4,-22.2,-3.2,8.7,-5.5,12.0,18.8,14.0,0.8,0.6,0.4,132.5,290.5,941.0,519.5,30.0,598.5,14.0,0.7,0.5,0.5,135.0,290.0,940.0,520.0,30.0,600.0,14.0,0.7,0.5,0.5
1974,2,290.0,23.0,23.93,24.6,25.86,24.71,41.0,1.17,14.0,0.5,0.6,0.5,22.2,23.65,24.9,23.75,42.0,1.43,14.0,0.5,0.6,0.6,13.22,14.47,15.51,14.39,24.0,1.65,14.0,0.5,0.6,0.5,73.4,80.3,90.7,80.8,24.0,7.6,14.0,0.5,0.5,5.0,6.2,10.0,6.91,41.0,2.84,14.0,0.5,0.6,0.6,-6.65,-3.85,-0.8,-3.46,41.0,3.86,14.0,0.5,0.6,0.6,-4.63,1.3,6.81,1.07,41.0,5.35,14.0,0.5,0.6,0.6,1014.88,1016.7,1019.65,1017.43,44.0,2.72,14.0,0.5,0.6,0.5,2.0,4.0,7.0,4.1,44.0,2.2,14.0,0.5,0.6,0.5,-59.1,-21.7,-1.7,-25.7,41.0,40.1,14.0,0.5,0.6,0.6,-29.6,4.5,66.0,9.9,41.0,50.0,14.0,0.5,0.6,0.6,-0.5,0.6,2.69,0.87,39.0,1.83,14.0,0.4,0.6,0.6,-4.3,2.8,13.0,5.2,36.0,13.2,14.0,0.4,0.6,0.6,2.91,4.75,7.23,4.93,23.0,1.83,14.0,0.4,0.6,0.5,13.7,24.9,46.4,30.4,22.0,17.2,14.0,0.4,0.6,0.6,-158.8,-79.7,-17.9,-81.8,39.0,95.0,14.0,0.5,0.6,0.6,-107.8,50.7,160.5,29.9,39.0,128.0,14.0,0.5,0.6,0.6,-97.0,-47.8,-14.3,-52.7,23.0,40.8,14.0,0.4,0.6,0.6,-43.1,39.2,112.6,34.0,23.0,64.8,14.0,0.4,0.6,0.6,-29.9,-14.9,-5.0,-16.2,22.0,14.8,14.0,0.4,0.6,0.6,-11.4,7.6,41.7,11.0,22.0,25.4,14.0,0.4,0.6,0.6,125.0,238.5,1000.0,496.0,41.0,517.5,14.0,0.5,0.6,0.6,125.0,240.0,1000.0,495.0,41.0,520.0,14.0,0.5,0.6,0.6
1974,2,290.0,24.0,23.32,24.0,25.46,24.22,33.0,1.13,16.0,0.7,0.7,0.4,20.6,23.3,25.0,23.1,35.0,1.92,16.0,0.7,0.7,0.5,10.39,13.71,15.04,13.04,30.0,2.25,16.0,0.6,0.7,0.5,65.5,73.3,81.3,73.8,30.0,9.2,16.0,0.6,0.5,4.88,6.95,12.3,7.93,36.0,3.5,16.0,0.7,0.7,0.5,-7.86,-3.62,-1.18,-4.47,36.0,3.92,16.0,0.7,0.7,0.5,-8.26,0.23,4.42,-0.67,36.0,6.37,16.0,0.7,0.7,0.5,1016.6,1018.5,1022.0,1018.7,36.0,3.19,16.0,0.7,0.7,0.5,2.0,5.0,7.0,4.6,35.0,2.5,16.0,0.7,0.7,0.4,-71.2,-25.8,-4.6,-41.1,36.0,51.4,16.0,0.7,0.7,0.5,-81.2,0.6,31.8,-12.0,36.0,69.1,16.0,0.7,0.7,0.5,-0.9,1.05,3.12,1.13,32.0,1.95,16.0,0.7,0.7,0.4,-4.7,5.7,25.5,9.9,32.0,20.3,16.0,0.7,0.7,0.4,4.04,5.38,8.05,5.9,28.0,1.9,14.0,0.7,0.7,0.5,21.0,36.4,85.7,46.0,28.0,28.2,14.0,0.7,0.7,0.5,-182.8,-82.4,-27.5,-100.0,35.0,88.3,16.0,0.7,0.7,0.5,-192.4,9.8,104.3,-10.9,35.0,147.1,16.0,0.7,0.7,0.5,-94.4,-44.8,-21.3,-56.4,30.0,44.3,16.0,0.6,0.7,0.5,-94.6,7.0,68.9,2.0,30.0,85.1,16.0,0.6,0.7,0.5,-38.3,-19.1,-6.7,-23.8,28.0,21.9,14.0,0.7,0.7,0.5,-45.3,1.8,18.4,-10.9,28.0,42.4,14.0,0.7,0.7,0.5,117.0,347.5,1861.0,792.5,36.0,850.0,16.0,0.7,0.7,0.5,115.0,345.0,1860.0,790.0,36.0,850.0,16.0,0.7,0.7,0.5
1974,2,290.0,25.0,22.86,23.65,24.5,23.65,28.0,1.04,16.0,0.6,0.5,0.4,20.63,22.65,24.14,22.56,28.0,2.29,18.0,0.6,0.5,0.4,8.29,12.78,14.48,12.24,28.0,3.04,18.0,0.6,0.5,0.4,56.6,74.8,85.5,71.6,28.0,13.2,18.0,0.6,0.4,4.1,7.7,9.03,6.78,29.0,2.64,18.0,0.6,0.5,0.5,-6.82,-3.28,1.27,-2.77,29.0,4.12,18.0,0.6,0.5,0.5,-5.91,2.05,4.75,0.15,29.0,5.44,18.0,0.6,0.5,0.5,1016.53,1020.0,1022.48,1019.37,29.0,3.42,18.0,0.6,0.5,0.5,2.0,4.0,6.0,4.0,29.0,2.0,18.0,0.6,0.5,0.5,-53.8,-16.7,6.0,-17.9,29.0,35.5,18.0,0.6,0.5,0.5,-54.7,8.4,39.0,-3.0,29.0,50.2,18.0,0.6,0.5,0.5,-0.2,1.1,3.5,1.19,27.0,2.3,18.0,0.6,0.5,0.4,-1.6,4.6,26.7,8.2,27.0,17.5,18.0,0.6,0.5,0.4,3.87,5.12,8.99,5.93,27.0,3.09,18.0,0.6,0.5,0.4,15.5,34.1,72.5,41.7,27.0,28.6,18.0,0.6,0.5,0.4,-155.3,-71.5,27.2,-63.2,28.0,96.3,18.0,0.6,0.5,0.4,-139.9,50.8,118.4,7.2,28.0,121.1,18.0,0.6,0.5,0.4,-82.6,-34.2,11.8,-32.1,28.0,53.7,18.0,0.6,0.5,0.4,-61.2,25.2,76.4,10.4,28.0,64.8,18.0,0.6,0.5,0.4,-36.2,-16.0,8.9,-17.6,27.0,29.5,18.0,0.6,0.5,0.4,-50.2,3.1,21.7,-5.4,27.0,37.5,18.0,0.6,0.5,0.4,69.0,456.5,739.5,445.0,29.0,409.5,18.0,0.6,0.5,0.5,70.0,455.0,740.0,445.0,29.0,410.0,18.0,0.6,0.5,0.5
1974,2,290.0,26.0,21.25,22.8,24.15,22.87,23.0,1.74,14.0,0.6,0.5,0.5,19.0,21.7,23.18,21.38,25.0,1.99,14.0,0.5,0.5,0.5,8.75,11.94,14.89,11.83,21.0,2.72,14.0,0.5,0.5,0.5,61.4,76.0,90.5,75.9,21.0,14.2,14.0,0.5,0.5,2.93,5.1,9.1,6.39,24.0,3.84,14.0,0.5,0.5,0.5,-2.63,0.0,3.15,0.5,24.0,3.66,14.0,0.5,0.5,0.5,-6.77,0.53,7.14,0.43,24.0,6.6,14.0,0.5,0.5,0.5,1017.3,1019.8,1021.3,1019.63,24.0,2.34,14.0,0.5,0.5,0.5,1.8,3.0,8.0,4.0,25.0,2.6,14.0,0.5,0.5,0.5,-13.2,0.0,27.2,10.2,24.0,41.7,14.0,0.5,0.5,0.5,-50.9,1.1,52.7,4.0,24.0,72.9,14.0,0.5,0.5,0.5,-0.21,1.5,3.75,1.53,23.0,2.31,14.0,0.6,0.5,0.5,-1.8,7.8,18.1,6.5,22.0,23.2,14.0,0.6,0.5,0.5,2.1,6.36,7.84,5.54,20.0,2.9,14.0,0.5,0.5,0.5,7.1,28.6,57.8,32.3,19.0,23.9,14.0,0.5,0.5,0.5,-52.6,0.0,59.4,11.0,24.0,82.6,14.0,0.5,0.5,0.5,-131.0,11.9,154.8,17.1,24.0,137.6,14.0,0.5,0.5,0.5,-29.4,0.0,32.4,5.0,20.0,40.1,14.0,0.5,0.5,0.5,-68.8,18.5,93.4,12.5,20.0,74.7,14.0,0.5,0.5,0.5,-11.5,0.0,18.1,1.8,19.0,15.3,14.0,0.5,0.5,0.5,-52.1,0.0,27.4,-6.2,19.0,37.3,14.0,0.5,0.5,0.5,25.5,132.5,755.5,575.5,24.0,964.0,14.0,0.5,0.5,0.5,25.0,135.0,755.0,575.0,24.0,965.0,14.0,0.5,0.5,0.5
1974,2,290.0,27.0,21.18,22.2,24.35,22.6,31.0,1.72,16.0,0.4,0.7,0.4,18.94,21.1,22.48,20.82,35.0,2.13,16.0,0.4,0.6,0.4,8.23,11.8,14.04,11.32,32.0,2.74,16.0,0.4,0.7,0.4,59.9,75.6,89.1,74.7,32.0,13.0,16.0,0.4,0.4,3.1,5.1,10.3,6.56,36.0,3.82,16.0,0.4,0.7,0.4,-2.56,1.75,4.85,1.0,36.0,4.26,16.0,0.4,0.7,0.4,-8.07,0.0,3.92,-1.34,36.0,6.15,16.0,0.4,0.7,0.4,1016.14,1019.3,1023.18,1018.87,36.0,4.68,16.0,0.4,0.7,0.4,0.1,4.0,7.0,3.8,33.0,2.9,16.0,0.4,0.6,0.5,-13.7,5.3,38.3,8.4,36.0,38.6,16.0,0.4,0.7,0.4,-83.6,0.0,22.2,-21.6,36.0,73.7,16.0,0.4,0.7,0.4,0.08,1.3,3.71,1.94,31.0,2.39,16.0,0.4,0.7,0.4,0.4,6.6,39.8,17.0,31.0,23.2,16.0,0.4,0.7,0.4,2.61,5.2,8.47,5.76,29.0,3.1,16.0,0.4,0.7,0.4,15.1,25.3,79.4,43.5,29.0,37.4,16.0,0.4,0.7,0.4,-56.9,39.1,101.1,21.8,35.0,90.0,16.0,0.4,0.6,0.4,-151.0,0.0,71.3,-23.2,35.0,119.0,16.0,0.4,0.6,0.4,-38.9,19.6,51.4,11.5,32.0,49.3,16.0,0.4,0.7,0.4,-67.7,-10.0,45.2,-10.7,32.0,67.7,16.0,0.4,0.7,0.4,-16.1,4.3,24.6,4.2,29.0,28.3,16.0,0.4,0.7,0.4,-68.4,-6.6,13.4,-22.4,29.0,44.9,16.0,0.4,0.7,0.4,30.0,132.5,1092.5,607.5,36.0,950.0,16.0,0.4,0.7,0.4,30.0,135.0,1095.0,605.0,36.0,950.0,16.0,0.4,0.7,0.4
1974,2,290.0,28.0,20.0,22.0,23.3,21.78,40.0,1.58,14.0,0.6,0.5,0.5,18.69,20.3,22.3,20.42,45.0,1.77,14.0,0.6,0.5,0.5,7.84,11.56,13.39,10.91,42.0,2.74,14.0,0.6,0.5,0.5,57.4,75.2,87.4,73.2,43.0,13.0,14.0,0.6,0.5,4.01,6.2,12.9,7.6,44.0,4.07,14.0,0.6,0.5,0.5,-3.94,2.39,6.74,2.16,44.0,5.07,14.0,0.6,0.5,0.5,-8.1,0.0,6.2,-0.59,44.0,6.7,14.0,0.6,0.5,0.5,1013.77,1017.6,1022.7,1017.81,43.0,4.44,14.0,0.6,0.5,0.5,2.0,5.0,8.0,4.7,44.0,2.4,14.0,0.6,0.5,0.5,-20.3,10.8,70.5,29.6,44.0,66.8,14.0,0.6,0.5,0.5,-85.8,0.0,39.7,-13.2,44.0,79.9,14.0,0.6,0.5,0.5,-0.82,1.2,3.82,1.33,40.0,2.5,14.0,0.6,0.5,0.5,-5.1,7.3,29.5,13.7,39.0,28.1,14.0,0.6,0.5,0.5,2.07,4.62,8.73,5.41,37.0,3.16,14.0,0.6,0.5,0.5,11.8,31.6,77.0,43.1,37.0,42.9,14.0,0.6,0.5,0.5,-78.9,44.6,134.0,43.7,44.0,101.5,14.0,0.6,0.5,0.5,-164.7,0.0,130.0,-7.1,44.0,136.9,14.0,0.6,0.5,0.5,-28.6,24.5,72.9,28.5,42.0,54.3,14.0,0.6,0.5,0.5,-75.1,0.0,82.6,2.4,42.0,77.7,14.0,0.6,0.5,0.5,-2.9,9.6,38.2,15.6,37.0,40.2,14.0,0.6,0.5,0.5,-60.3,0.0,23.2,-10.6,37.0,42.1,14.0,0.6,0.5,0.5,65.0,238.5,2146.5,867.5,44.0,1463.0,14.0,0.6,0.5,0.5,65.0,240.0,2145.0,865.0,44.0,1465.0,14.0,0.6,0.5,0.5
1974,2,290.0,29.0,20.5,21.2,22.77,21.47,28.0,1.27,14.0,0.5,0.5,0.5,17.39,20.0,21.61,19.57,29.0,2.13,14.0,0.6,0.5,0.5,7.02,10.42,12.86,10.37,25.0,3.01,14.0,0.6,0.5,0.5,59.0,74.2,87.0,73.7,25.0,13.9,14.0,0.6,0.5,3.38,6.1,8.2,6.15,28.0,2.62,14.0,0.5,0.5,0.4,-4.99,0.0,5.16,0.05,28.0,4.47,14.0,0.5,0.5,0.4,-5.32,1.69,5.48,0.43,28.0,5.09,14.0,0.5,0.5,0.4,1013.35,1018.8,1024.7,1018.83,29.0,4.65,14.0,0.6,0.5,0.5,2.0,4.0,7.0,4.1,29.0,2.3,14.0,0.6,0.5,0.5,-25.3,0.0,34.2,5.0,28.0,36.8,14.0,0.5,0.5,0.4,-37.4,7.9,35.5,-3.2,28.0,45.8,14.0,0.5,0.5,0.4,0.06,1.55,4.21,1.82,28.0,2.24,14.0,0.5,0.5,0.5,0.1,6.0,29.4,12.4,27.0,21.6,14.0,0.5,0.5,0.5,2.14,6.01,8.26,5.37,24.0,2.97,14.0,0.5,0.5,0.5,8.1,23.2,60.1,34.3,23.0,32.8,14.0,0.5,0.5,0.5,-97.8,0.0,98.3,-0.2,28.0,86.2,14.0,0.5,0.5,0.4,-84.1,34.9,117.5,15.8,28.0,94.3,14.0,0.5,0.5,0.4,-48.4,-3.4,47.2,-3.5,24.0,44.1,14.0,0.5,0.5,0.5,-51.1,7.9,51.0,5.9,24.0,49.9,14.0,0.5,0.5,0.5,-20.3,-3.2,16.3,-1.1,23.0,28.0,14.0,0.5,0.5,0.5,-26.8,2.6,22.3,-5.0,23.0,38.6,14.0,0.5,0.5,0.5,41.0,227.0,551.5,365.0,28.0,497.5,14.0,0.5,0.5,0.4,40.0,225.0,550.0,365.0,28.0,500.0,14.0,0.5,0.5,0.4
1974,2,290.0,30.0,20.1,20.95,21.17,20.76,22.0,0.65,16.0,0.5,0.7,0.3,16.11,18.9,21.43,19.21,28.0,2.83,16.0,0.5,0.6,0.4,7.42,9.85,12.75,10.28,23.0,3.03,16.0,0.4,0.5,0.3,59.3,74.2,83.7,73.0,23.0,12.7,16.0,0.4,0.3,4.6,7.2,11.8,8.03,26.0,3.77,16.0,0.5,0.6,0.4,-3.91,2.02,7.17,1.76,26.0,6.12,16.0,0.5,0.6,0.4,-7.76,-2.77,4.36,-1.56,26.0,6.17,16.0,0.5,0.6,0.4,1011.39,1019.5,1022.85,1018.03,26.0,5.6,16.0,0.5,0.6,0.4,2.0,4.0,7.0,4.4,30.0,2.3,16.0,0.5,0.6,0.4,-22.6,7.6,59.8,29.6,26.0,80.6,16.0,0.5,0.6,0.4,-100.3,-16.2,33.8,-19.9,26.0,64.0,16.0,0.5,0.6,0.4,0.0,1.8,5.06,2.03,21.0,2.74,16.0,0.5,0.7,0.3,0.0,13.6,53.3,17.1,18.0,39.0,16.0,0.4,0.6,0.3,4.03,5.69,8.23,5.95,18.0,2.26,16.0,0.4,0.6,0.3,26.4,39.8,91.2,50.8,18.0,32.3,16.0,0.4,0.6,0.3,-75.9,44.8,152.9,41.3,25.0,132.8,16.0,0.4,0.5,0.4,-129.1,-51.7,92.3,-20.1,25.0,121.2,16.0,0.4,0.5,0.4,-48.1,19.6,78.3,20.2,23.0,73.5,16.0,0.4,0.5,0.3,-64.2,-27.2,56.0,-11.0,23.0,69.2,16.0,0.4,0.5,0.3,-29.1,14.0,34.0,10.1,18.0,36.4,16.0,0.4,0.6,0.3,-68.4,-13.5,19.6,-21.8,18.0,42.9,16.0,0.4,0.6,0.3,97.5,373.0,1643.0,891.0,26.0,1281.5,16.0,0.5,0.6,0.4,95.0,375.0,1645.0,890.0,26.0,1280.0,16.0,0.5,0.6,0.4
1974,2,290.0,31.0,19.55,20.0,21.07,20.31,9.0,0.95,16.0,0.9,0.7,0.4,16.9,18.0,20.0,18.42,12.0,2.46,16.0,0.8,0.6,0.4,7.7,9.31,11.54,9.67,10.0,2.69,14.0,0.7,0.6,0.4,63.2,75.2,82.0,72.8,10.0,12.4,14.0,0.7,0.4,4.03,6.7,11.93,7.75,10.0,4.23,16.0,0.7,0.6,0.4,-2.48,1.49,4.37,1.3,10.0,4.79,16.0,0.7,0.6,0.4,-6.48,-3.28,7.4,-0.37,10.0,7.72,16.0,0.7,0.6,0.4,1010.38,1022.7,1026.44,1020.38,11.0,7.74,14.0,0.7,0.6,0.4,2.0,3.0,6.2,4.2,13.0,2.3,16.0,0.6,0.7,0.4,-12.1,5.4,59.0,20.2,10.0,57.5,16.0,0.7,0.6,0.4,-50.6,-13.3,60.2,5.1,10.0,93.9,16.0,0.7,0.6,0.4,1.13,2.6,3.8,2.36,9.0,1.55,16.0,0.9,0.7,0.4,7.7,15.1,19.0,19.5,8.0,21.1,16.0,0.9,0.6,0.3,4.9,6.21,8.05,6.35,7.0,1.5,16.0,0.9,0.6,0.3,38.1,41.0,76.4,50.9,7.0,22.8,16.0,0.9,0.6,0.3,-44.1,26.4,86.8,20.5,10.0,81.0,16.0,0.7,0.6,0.4,-112.3,-59.0,145.5,2.4,10.0,143.7,16.0,0.7,0.6,0.4,-22.9,11.4,50.4,12.7,9.0,43.8,16.0,0.7,0.6,0.4,-62.3,-42.8,73.2,-4.5,9.0,78.7,16.0,0.7,0.6,0.4,-30.3,14.0,27.9,6.4,7.0,35.9,16.0,0.9,0.6,0.3,-41.0,-25.0,40.1,-4.4,7.0,46.7,16.0,0.9,0.6,0.3,68.5,306.0,1880.0,883.0,10.0,1255.0,16.0,0.7,0.6,0.4,70.0,305.0,1880.0,885.0,10.0,1255.0,16.0,0.7,0.6,0.4
1974,2,290.0,32.0,18.41,19.2,19.68,18.95,14.0,0.89,18.0,0.4,0.6,0.5,13.41,16.6,20.19,16.61,16.0,3.05,18.0,0.4,0.6,0.4,6.4,8.03,10.97,8.49,14.0,2.37,18.0,0.3,0.6,0.5,62.4,77.7,85.6,73.8,14.0,12.8,18.0,0.3,0.5,6.76,11.05,21.59,12.23,14.0,6.38,18.0,0.3,0.6,0.5,2.31,6.14,13.74,7.77,14.0,7.03,18.0,0.3,0.6,0.5,-7.48,-5.43,2.28,-2.47,14.0,8.98,18.0,0.3,0.6,0.5,1007.91,1016.0,1024.29,1016.14,14.0,8.04,18.0,0.3,0.6,0.5,4.4,6.5,8.0,5.8,16.0,2.5,18.0,0.4,0.6,0.4,7.3,75.2,192.3,123.9,14.0,151.1,18.0,0.3,0.6,0.5,-82.6,-53.9,31.9,-15.7,14.0,175.5,18.0,0.3,0.6,0.5,-1.1,2.2,4.97,2.1,14.0,3.08,18.0,0.4,0.6,0.5,-16.5,17.9,39.9,20.5,12.0,37.0,18.0,0.3,0.6,0.5,2.07,6.25,7.41,5.14,12.0,2.64,18.0,0.3,0.6,0.5,23.7,38.8,62.8,50.7,12.0,42.5,18.0,0.3,0.6,0.5,28.6,105.2,241.8,126.1,14.0,111.3,18.0,0.3,0.6,0.5,-117.3,-83.6,46.2,-24.9,14.0,167.2,18.0,0.3,0.6,0.5,17.1,52.2,118.1,69.5,14.0,65.7,18.0,0.3,0.6,0.5,-55.6,-42.1,26.9,-4.8,14.0,100.8,18.0,0.3,0.6,0.5,5.1,23.0,41.2,28.7,12.0,38.9,18.0,0.3,0.6,0.5,-48.5,-35.7,4.1,-29.5,12.0,35.4,18.0,0.3,0.6,0.5,310.5,1401.0,10286.0,3336.5,14.0,4405.0,18.0,0.3,0.6,0.5,310.0,1400.0,10285.0,3335.0,14.0,4405.0,18.0,0.3,0.6,0.5
1974,2,290.0,33.0,18.69,19.2,20.06,19.38,13.0,0.81,18.0,0.5,0.7,0.5,13.05,15.5,19.74,16.43,13.0,3.03,18.0,0.5,0.7,0.5,6.04,6.86,11.4,8.05,12.0,2.58,18.0,0.4,0.7,0.5,60.9,69.1,79.1,69.0,12.0,11.1,18.0,0.4,0.5,5.63,10.3,13.94,9.89,11.0,4.31,18.0,0.4,0.7,0.6,2.54,7.09,11.48,7.26,11.0,4.45,18.0,0.4,0.7,0.6,-8.76,-3.35,2.03,-3.7,11.0,5.77,18.0,0.4,0.7,0.6,1007.09,1016.4,1022.36,1015.48,12.0,8.69,18.0,0.4,0.7,0.5,5.8,7.0,8.0,6.8,13.0,1.5,18.0,0.5,0.7,0.5,24.2,68.2,150.9,84.4,11.0,68.7,18.0,0.4,0.7,0.6,-110.7,-22.4,10.6,-46.3,11.0,74.4,18.0,0.4,0.7,0.6,-0.32,3.2,5.46,2.95,13.0,2.86,18.0,0.5,0.7,0.5,4.9,19.5,57.7,29.6,11.0,31.1,18.0,0.4,0.7,0.6,2.64,6.76,7.93,5.93,12.0,2.24,18.0,0.4,0.7,0.5,23.2,56.9,87.1,56.6,11.0,30.6,18.0,0.4,0.7,0.6,48.7,99.6,219.0,121.6,11.0,86.8,18.0,0.4,0.7,0.6,-122.1,-43.9,40.5,-49.0,11.0,91.8,18.0,0.4,0.7,0.6,27.1,44.5,120.5,61.3,11.0,47.8,18.0,0.4,0.7,0.6,-55.7,-19.0,21.2,-22.4,11.0,47.3,18.0,0.4,0.7,0.6,10.5,43.3,62.2,40.0,11.0,26.1,18.0,0.4,0.7,0.6,-66.7,-25.0,8.6,-28.1,11.0,33.9,18.0,0.4,0.7,0.6,205.0,1092.5,2709.5,1432.0,11.0,1195.0,18.0,0.4,0.7,0.6,205.0,1095.0,2710.0,1430.0,11.0,1195.0,18.0,0.4,0.7,0.6
1974,2,290.0,34.0,18.9,19.0,19.46,19.19,10.0,0.9,16.0,0.5,0.7,0.6,14.35,17.55,20.55,17.66,12.0,2.86,16.0,0.6,0.7,0.6,6.15,8.76,13.16,9.49,11.0,3.56,18.0,0.6,0.7,0.6,56.5,80.5,90.5,73.5,11.0,18.5,18.0,0.6,0.6,4.6,8.75,23.03,11.38,12.0,7.72,16.0,0.6,0.7,0.6,0.73,3.95,14.8,7.11,12.0,7.66,16.0,0.6,0.7,0.6,-5.53,2.72,11.0,2.97,12.0,8.8,16.0,0.6,0.7,0.6,1006.4,1013.9,1017.55,1012.37,12.0,7.41,16.0,0.6,0.7,0.6,6.0,8.0,8.0,7.0,10.0,1.6,18.0,0.7,0.7,0.5,3.1,24.8,340.8,128.9,12.0,175.4,16.0,0.6,0.7,0.6,-41.4,11.7,175.6,59.6,12.0,177.0,16.0,0.6,0.7,0.6,-1.0,1.85,3.47,1.52,10.0,2.2,16.0,0.5,0.7,0.6,-22.1,13.7,24.7,10.6,10.0,29.9,16.0,0.5,0.7,0.6,1.64,5.63,7.21,4.6,9.0,3.38,16.0,0.6,0.7,0.6,15.2,36.4,76.4,46.7,9.0,45.9,16.0,0.6,0.7,0.6,10.3,73.1,296.0,133.1,12.0,135.5,16.0,0.6,0.7,0.6,-78.3,54.3,211.7,65.7,12.0,162.6,16.0,0.6,0.7,0.6,-0.7,33.7,167.9,67.8,11.0,78.9,18.0,0.6,0.7,0.6,-46.3,31.5,152.4,43.5,11.0,98.2,18.0,0.6,0.7,0.6,0.6,24.2,30.2,28.3,9.0,44.0,16.0,0.6,0.7,0.6,-26.0,5.1,30.6,8.4,9.0,40.5,16.0,0.6,0.7,0.6,97.5,678.0,12207.5,3609.0,12.0,5288.0,16.0,0.6,0.7,0.6,95.0,680.0,12210.0,3610.0,12.0,5290.0,16.0,0.6,0.7,0.6
1974,2,290.0,35.0,18.73,19.5,20.12,19.74,11.0,1.56,18.0,0.5,0.7,0.3,12.55,17.1,18.08,16.07,11.0,2.73,18.0,0.5,0.7,0.3,6.58,8.7,12.18,9.16,11.0,2.82,18.0,0.5,0.7,0.3,65.7,77.4,93.4,79.0,11.0,13.7,18.0,0.5,0.3,5.36,7.7,16.67,10.17,10.0,6.08,18.0,0.6,0.7,0.3,0.34,3.19,8.51,4.57,10.0,6.49,18.0,0.6,0.7,0.3,-5.98,3.69,7.1,2.69,10.0,8.86,18.0,0.6,0.7,0.3,1006.99,1013.2,1024.11,1015.17,11.0,8.88,18.0,0.5,0.7,0.3,4.6,6.0,7.4,6.2,11.0,1.4,18.0,0.5,0.7,0.3,1.6,19.2,94.9,55.9,10.0,125.3,18.0,0.6,0.7,0.3,-46.1,18.5,78.2,51.0,10.0,158.9,18.0,0.6,0.7,0.3,0.95,2.3,8.01,3.66,11.0,3.71,18.0,0.5,0.7,0.3,6.2,14.4,74.3,33.3,10.0,35.7,18.0,0.6,0.7,0.3,1.8,4.96,7.69,5.17,11.0,3.54,18.0,0.5,0.7,0.3,10.5,47.1,81.9,49.1,10.0,44.2,18.0,0.6,0.7,0.3,5.3,57.7,131.2,80.7,10.0,125.6,18.0,0.6,0.7,0.3,-74.0,60.3,123.3,56.5,10.0,138.4,18.0,0.6,0.7,0.3,2.3,32.4,67.0,50.6,10.0,87.8,18.0,0.6,0.7,0.3,-35.4,28.6,65.3,29.8,10.0,72.5,18.0,0.6,0.7,0.3,-6.0,7.5,37.1,14.6,10.0,30.2,18.0,0.6,0.7,0.3,-57.4,9.1,36.3,5.7,10.0,58.7,18.0,0.6,0.7,0.3,155.0,456.5,5158.5,2271.5,10.0,3691.5,18.0,0.6,0.7,0.3,155.0,455.0,5160.0,2270.0,10.0,3690.0,18.0,0.6,0.7,0.3
1974,2,290.0,36.0,18.18,19.7,22.4,19.92,30.0,2.5,16.0,0.6,0.6,0.4,11.23,14.5,18.47,14.45,33.0,3.34,16.0,0.6,0.6,0.4,5.29,6.54,10.03,7.44,27.0,2.29,18.0,0.6,0.6,0.5,55.5,73.3,88.7,73.2,27.0,15.8,18.0,0.6,0.5,6.03,7.7,17.5,9.69,27.0,5.15,16.0,0.5,0.6,0.5,-1.02,3.99,9.65,4.27,27.0,6.23,16.0,0.5,0.6,0.5,-6.52,0.0,7.48,-0.31,27.0,8.13,16.0,0.5,0.6,0.5,1000.67,1014.0,1020.71,1011.6,29.0,10.94,16.0,0.5,0.6,0.5,5.0,7.5,8.0,6.7,32.0,1.7,18.0,0.6,0.6,0.4,-6.8,24.7,113.9,51.3,27.0,102.9,16.0,0.5,0.6,0.5,-90.7,0.0,60.9,-2.1,27.0,126.9,16.0,0.5,0.6,0.5,0.06,6.3,9.1,5.24,30.0,5.01,16.0,0.6,0.6,0.4,0.7,36.1,104.2,51.2,25.0,53.1,16.0,0.5,0.6,0.4,4.2,7.93,9.71,7.49,24.0,2.95,18.0,0.6,0.6,0.4,31.5,52.5,89.9,60.3,23.0,35.9,18.0,0.6,0.6,0.4,-11.8,47.8,139.1,60.1,27.0,96.3,16.0,0.5,0.6,0.5,-76.4,0.0,115.6,15.5,27.0,121.1,16.0,0.5,0.6,0.5,-11.6,18.1,72.8,22.6,25.0,46.2,18.0,0.5,0.6,0.5,-49.8,0.0,45.0,6.9,25.0,67.1,18.0,0.5,0.6,0.5,-4.8,23.2,60.1,33.6,23.0,40.9,18.0,0.6,0.6,0.4,-58.1,0.0,30.6,-11.1,23.0,45.9,18.0,0.6,0.6,0.4,219.0,456.5,5359.5,1747.0,27.0,2395.5,16.0,0.5,0.6,0.5,220.0,455.0,5360.0,1745.0,27.0,2395.0,16.0,0.5,0.6,0.5
1974,2,290.0,37.0,21.18,22.8,23.79,22.33,27.0,1.84,16.0,0.6,0.5,0.4,7.82,12.9,18.18,12.94,33.0,4.9,14.0,0.6,0.6,0.4,5.14,7.27,11.56,7.94,19.0,3.29,16.0,0.4,0.6,0.4,64.6,78.2,87.0,76.8,22.0,11.5,16.0,0.5,0.4,6.7,13.4,23.6,14.89,28.0,8.01,14.0,0.5,0.6,0.4,-1.83,9.46,16.72,7.71,28.0,8.64,14.0,0.5,0.6,0.4,-12.73,-4.59,2.52,-2.49,28.0,12.31,14.0,0.5,0.6,0.4,1001.43,1011.5,1021.74,1011.26,26.0,10.07,14.0,0.5,0.6,0.4,7.0,8.0,8.0,7.4,32.0,1.1,14.0,0.6,0.6,0.4,-4.8,124.0,410.5,156.4,28.0,194.2,14.0,0.5,0.6,0.4,-221.4,-51.6,23.7,-17.5,28.0,300.3,14.0,0.5,0.6,0.4,4.06,7.1,12.5,8.11,27.0,4.23,16.0,0.6,0.5,0.4,45.3,108.9,219.2,124.7,22.0,89.4,16.0,0.5,0.6,0.4,6.11,9.19,12.18,9.03,19.0,3.32,16.0,0.4,0.6,0.4,38.9,133.0,208.2,128.6,19.0,80.8,16.0,0.4,0.6,0.4,-18.0,72.8,207.8,91.6,28.0,121.6,14.0,0.5,0.6,0.4,-115.0,-39.8,44.1,9.6,28.0,179.7,14.0,0.5,0.6,0.4,-5.6,46.0,129.4,56.2,19.0,75.8,16.0,0.4,0.6,0.4,-53.3,-20.4,15.1,-0.4,19.0,86.7,16.0,0.4,0.6,0.4,-0.4,85.7,170.8,86.0,19.0,85.9,16.0,0.4,0.6,0.4,-98.7,-23.1,17.8,-41.0,19.0,83.8,16.0,0.4,0.6,0.4,301.0,2416.0,13174.0,6212.0,28.0,7836.5,14.0,0.5,0.6,0.4,300.0,2415.0,13175.0,6210.0,28.0,7835.0,14.0,0.5,0.6,0.4
1974,2,290.0,38.0,13.37,15.95,20.25,16.48,32.0,3.71,16.0,0.5,0.4,0.4,4.51,8.3,15.59,9.57,33.0,5.46,16.0,0.5,0.4,0.4,4.34,5.2,8.21,6.0,26.0,2.08,18.0,0.5,0.4,0.3,68.1,81.6,91.4,80.1,26.0,12.3,18.0,0.5,0.3,8.02,10.3,19.38,12.48,33.0,5.78,16.0,0.5,0.4,0.4,0.13,7.52,14.68,7.15,33.0,7.8,16.0,0.5,0.4,0.4,-11.81,-5.98,2.66,-5.05,33.0,7.35,16.0,0.5,0.4,0.4,1006.73,1010.5,1018.25,1012.43,33.0,6.82,16.0,0.5,0.4,0.4,6.0,7.0,8.0,6.6,31.0,1.7,16.0,0.5,0.4,0.4,0.3,66.3,285.7,119.4,33.0,150.8,16.0,0.5,0.4,0.4,-250.3,-56.9,21.6,-80.8,33.0,131.5,16.0,0.5,0.4,0.4,1.96,7.1,12.0,7.2,31.0,5.09,16.0,0.5,0.4,0.4,18.0,73.6,198.8,107.2,30.0,118.4,18.0,0.6,0.4,0.4,4.62,5.79,7.71,6.0,25.0,2.05,18.0,0.6,0.4,0.4,39.2,68.9,109.0,82.4,24.0,62.9,20.0,0.6,0.4,0.3,10.7,47.8,143.9,66.7,32.0,75.1,16.0,0.5,0.4,0.4,-75.3,-41.3,51.2,-26.1,32.0,83.2,16.0,0.5,0.4,0.4,6.4,53.1,89.8,43.4,25.0,46.8,18.0,0.6,0.4,0.3,-52.9,-30.9,28.8,-17.4,25.0,45.2,18.0,0.6,0.4,0.3,3.0,40.8,88.8,49.5,24.0,63.4,20.0,0.6,0.4,0.3,-70.2,-36.9,28.1,-32.7,24.0,57.8,20.0,0.6,0.4,0.3,515.0,1092.5,7291.0,3208.5,33.0,3744.5,16.0,0.5,0.4,0.4,515.0,1095.0,7290.0,3210.0,33.0,3745.0,16.0,0.5,0.4,0.4
1974,2,290.0,39.0,12.81,15.0,16.73,14.53,13.0,3.05,14.0,0.5,0.5,0.5,0.65,5.9,9.87,6.19,14.0,4.93,14.0,0.4,0.5,0.5,3.79,4.17,5.88,5.12,11.0,2.26,14.0,0.5,0.5,0.5,68.1,81.2,98.4,82.6,11.0,14.3,14.0,0.5,0.5,6.11,9.0,12.8,9.28,14.0,3.06,14.0,0.4,0.5,0.5,1.82,5.72,8.44,4.56,14.0,5.02,14.0,0.4,0.5,0.5,-8.88,-5.77,-4.61,-5.96,14.0,4.02,14.0,0.4,0.5,0.5,1007.81,1015.0,1018.0,1014.09,14.0,7.67,14.0,0.4,0.5,0.5,3.5,7.0,8.0,6.0,12.0,2.4,12.0,0.5,0.4,0.6,9.2,52.3,83.2,45.8,14.0,61.5,14.0,0.4,0.5,0.5,-106.0,-55.9,-24.6,-64.1,14.0,51.9,14.0,0.4,0.5,0.5,2.09,8.9,13.08,7.87,13.0,5.23,14.0,0.5,0.5,0.5,23.5,70.4,121.0,78.6,13.0,59.9,14.0,0.5,0.5,0.5,2.28,5.95,7.77,5.31,10.0,3.14,16.0,0.5,0.5,0.5,14.5,56.0,73.5,47.4,10.0,29.5,16.0,0.5,0.5,0.5,0.0,21.8,58.8,29.1,14.0,41.7,14.0,0.4,0.5,0.5,-48.9,-24.4,0.0,-23.4,14.0,33.2,14.0,0.4,0.5,0.5,3.9,20.6,40.5,21.5,11.0,33.5,14.0,0.5,0.5,0.5,-38.9,-28.6,-10.6,-23.8,11.0,21.2,14.0,0.5,0.5,0.5,-3.1,24.9,39.9,21.6,10.0,22.0,16.0,0.5,0.5,0.5,-65.3,-44.5,-2.5,-36.7,10.0,29.5,16.0,0.5,0.5,0.5,231.0,746.5,2102.5,1045.0,14.0,933.0,14.0,0.4,0.5,0.5,230.0,745.0,2100.0,1045.0,14.0,935.0,14.0,0.4,0.5,0.5
1974,2,290.0,40.0,5.68,7.0,9.01,7.29,76.0,2.26,14.0,0.5,0.6,0.4,1.0,3.4,7.0,3.62,83.0,3.73,14.0,0.5,0.6,0.4,2.54,3.88,4.71,3.96,38.0,1.33,12.0,0.5,0.6,0.4,55.4,84.0,92.9,78.4,38.0,17.1,12.0,0.5,0.4,4.0,7.85,12.0,8.2,88.0,4.7,16.0,0.5,0.6,0.4,-6.72,1.39,6.47,1.05,88.0,6.95,16.0,0.5,0.6,0.4,-7.74,-4.7,1.05,-3.82,88.0,5.09,16.0,0.5,0.6,0.4,1007.56,1014.2,1026.74,1015.64,87.0,9.6,16.0,0.5,0.6,0.4,0.9,5.0,8.0,4.6,76.0,3.0,14.0,0.6,0.6,0.4,-55.9,5.6,57.3,9.4,88.0,102.8,16.0,0.5,0.6,0.4,-82.3,-30.8,6.3,-42.8,88.0,76.2,16.0,0.5,0.6,0.4,-0.9,4.5,7.18,3.74,71.0,4.13,14.0,0.5,0.6,0.4,-0.1,24.7,65.7,31.8,70.0,40.3,14.0,0.5,0.6,0.4,1.13,2.58,4.14,2.52,32.0,1.73,12.0,0.4,0.6,0.4,5.3,22.3,39.8,22.0,32.0,15.7,12.0,0.4,0.6,0.4,-25.8,0.7,22.7,2.3,82.0,37.5,14.0,0.5,0.6,0.4,-31.0,-6.4,8.0,-6.1,82.0,30.1,14.0,0.5,0.6,0.4,-38.4,1.9,22.0,-4.7,38.0,35.9,12.0,0.5,0.6,0.4,-34.3,-18.4,0.8,-15.3,38.0,29.2,12.0,0.5,0.6,0.4,-15.4,0.0,19.0,-1.6,32.0,18.8,12.0,0.4,0.6,0.4,-28.4,-13.4,1.0,-13.2,32.0,14.4,12.0,0.4,0.6,0.4,64.0,484.5,1728.0,1178.5,88.0,2107.5,16.0,0.5,0.6,0.4,65.0,485.0,1730.0,1180.0,88.0,2110.0,16.0,0.5,0.6,0.4
1974,2,290.0,41.0,3.88,5.5,7.22,5.42,25.0,2.03,12.0,0.5,0.7,0.3,-1.55,0.2,4.59,1.23,26.0,3.82,12.0,0.5,0.7,0.3,1.85,3.48,5.03,3.45,18.0,1.53,12.0,0.4,0.6,0.5,48.3,74.1,100.0,72.5,18.0,22.6,12.0,0.4,0.5,4.65,7.7,12.76,8.62,27.0,3.91,12.0,0.4,0.7,0.3,-5.19,0.0,7.69,0.79,27.0,6.85,12.0,0.4,0.7,0.3,-8.26,-4.75,2.96,-3.26,27.0,5.82,12.0,0.4,0.7,0.3,1004.8,1013.1,1017.77,1011.14,27.0,8.81,12.0,0.4,0.7,0.3,0.5,6.0,8.0,4.8,23.0,3.3,12.0,0.5,0.7,0.4,-32.2,0.0,78.8,6.1,27.0,89.0,12.0,0.4,0.7,0.3,-80.9,-29.4,17.3,-33.3,27.0,67.0,12.0,0.4,0.7,0.3,0.81,4.8,7.6,4.1,25.0,3.95,12.0,0.5,0.7,0.3,1.9,39.0,63.5,34.8,25.0,41.2,12.0,0.5,0.7,0.3,0.39,2.85,3.48,2.18,18.0,1.56,12.0,0.4,0.6,0.5,4.4,15.7,39.3,18.8,18.0,18.7,12.0,0.4,0.6,0.5,-0.1,0.5,22.0,9.4,26.0,21.2,12.0,0.5,0.7,0.3,-8.2,0.0,23.7,8.9,26.0,25.0,12.0,0.5,0.7,0.3,-18.2,6.7,29.9,6.0,18.0,28.2,12.0,0.4,0.6,0.5,-30.0,-11.5,20.8,-4.0,18.0,28.4,12.0,0.4,0.6,0.5,-13.0,0.0,17.0,1.1,18.0,20.8,12.0,0.4,0.6,0.5,-21.6,-11.9,-2.0,-12.3,18.0,11.3,12.0,0.4,0.6,0.5,101.0,456.5,2083.0,1037.5,27.0,1182.0,12.0,0.4,0.7,0.3,100.0,455.0,2085.0,1035.0,27.0,1180.0,12.0,0.4,0.7,0.3
1974,2,290.0,42.0,4.18,5.0,5.72,4.96,5.0,0.9,14.0,0.4,0.5,0.2,-4.83,0.0,5.21,0.25,11.0,4.82,14.0,0.5,0.4,0.4,2.37,3.15,4.25,3.25,6.0,0.92,18.0,0.3,0.4,0.3,64.9,71.7,82.2,72.9,6.0,8.4,18.0,0.3,0.3,6.79,8.7,14.81,10.47,11.0,4.92,14.0,0.5,0.4,0.4,1.32,2.98,8.03,3.69,11.0,5.7,14.0,0.5,0.4,0.4,-8.84,-4.35,8.34,-2.58,11.0,9.49,14.0,0.5,0.4,0.4,1004.59,1012.2,1016.78,1010.47,11.0,10.44,14.0,0.5,0.4,0.4,2.0,4.0,8.0,4.5,10.0,2.9,14.0,0.4,0.3,0.4,9.1,25.9,107.7,40.0,11.0,82.7,14.0,0.5,0.4,0.4,-108.4,-36.1,72.5,-41.6,11.0,151.9,14.0,0.5,0.4,0.4,2.22,4.0,5.02,3.6,5.0,2.24,14.0,0.4,0.5,0.2,8.7,24.8,40.0,25.1,5.0,21.2,14.0,0.4,0.5,0.2,1.8,2.76,2.81,2.36,5.0,0.64,14.0,0.4,0.5,0.2,10.7,12.7,25.1,16.8,5.0,8.0,14.0,0.4,0.5,0.2,-23.4,2.1,40.2,2.5,11.0,39.2,14.0,0.5,0.4,0.4,-2.4,22.3,73.5,29.8,11.0,40.9,14.0,0.5,0.4,0.4,4.0,10.1,21.7,13.0,6.0,11.0,18.0,0.3,0.4,0.3,-18.6,-7.0,27.3,1.5,6.0,23.4,18.0,0.3,0.4,0.3,3.8,4.4,15.5,9.3,5.0,9.0,14.0,0.4,0.5,0.2,-10.0,-8.0,5.0,-2.1,5.0,14.9,14.0,0.4,0.5,0.2,317.5,658.5,3261.0,1904.5,11.0,2560.0,14.0,0.5,0.4,0.4,320.0,660.0,3260.0,1905.0,11.0,2560.0,14.0,0.5,0.4,0.4
1974,2,290.0,43.0,6.6,6.6,6.6,6.6,1.0,0.0,14.0,1.0,0.8,0.5,-2.45,3.15,7.21,2.05,6.0,6.03,16.0,0.7,0.7,0.2,4.25,4.25,4.25,4.25,1.0,0.0,14.0,1.0,0.8,0.5,77.0,77.0,77.0,77.0,1.0,0.0,14.0,1.0,0.5,6.77,8.75,14.49,10.55,6.0,5.63,16.0,0.7,0.7,0.2,-4.63,2.21,6.57,1.44,6.0,5.31,16.0,0.7,0.7,0.2,-8.37,-4.03,10.48,-1.91,6.0,11.41,16.0,0.7,0.7,0.2,1010.54,1012.2,1018.37,1013.84,5.0,4.59,14.0,0.6,0.8,0.3,2.8,5.5,8.0,5.3,6.0,2.7,16.0,0.7,0.7,0.2,-33.3,11.3,96.0,30.7,6.0,70.8,16.0,0.7,0.7,0.2,-113.9,-26.4,113.9,-40.2,6.0,192.2,16.0,0.7,0.7,0.2,1.3,1.3,1.3,1.3,1.0,0.0,14.0,1.0,0.8,0.5,16.8,16.8,16.8,16.8,1.0,0.0,14.0,1.0,0.8,0.5,1.79,1.79,1.79,1.79,1.0,0.0,14.0,1.0,0.8,0.5,23.1,23.1,23.1,23.1,1.0,0.0,14.0,1.0,0.8,0.5,-37.3,-4.5,7.1,-10.6,6.0,30.9,16.0,0.7,0.7,0.2,-12.3,30.9,97.4,42.5,6.0,70.7,16.0,0.7,0.7,0.2,27.4,27.4,27.4,27.4,1.0,0.0,14.0,1.0,0.8,0.5,47.4,47.4,47.4,47.4,1.0,0.0,14.0,1.0,0.8,0.5,11.6,11.6,11.6,11.6,1.0,0.0,14.0,1.0,0.8,0.5,20.0,20.0,20.0,20.0,1.0,0.0,14.0,1.0,0.8,0.5,323.5,733.0,3508.5,2143.5,6.0,3315.0,16.0,0.7,0.7,0.2,325.0,735.0,3510.0,2145.0,6.0,3315.0,16.0,0.7,0.7,0.2
1974,2,290.0,47.0,-0.4,-0.4,-0.4,-0.4,1.0,0.0,12.0,1.0,0.1,0.8,-5.26,-2.8,-0.34,-2.8,2.0,5.09,16.0,1.0,0.1,0.8,1.94,2.32,2.7,2.32,2.0,0.78,16.0,1.0,0.1,0.8,72.8,73.7,74.6,73.7,2.0,1.8,16.0,1.0,0.8,1.95,6.15,10.35,6.15,2.0,8.7,16.0,1.0,0.1,0.8,0.98,3.08,5.17,3.08,2.0,4.35,16.0,1.0,0.1,0.8,1.69,5.33,8.96,5.33,2.0,7.53,16.0,1.0,0.1,0.8,1010.78,1015.25,1019.72,1015.25,2.0,9.26,16.0,1.0,0.1,0.8,3.8,5.5,7.2,5.5,2.0,3.5,16.0,1.0,0.1,0.8,12.0,37.8,63.6,37.8,2.0,53.5,16.0,1.0,0.1,0.8,20.8,65.5,110.2,65.5,2.0,92.6,16.0,1.0,0.1,0.8,6.0,6.0,6.0,6.0,1.0,0.0,12.0,1.0,0.1,0.8,0.0,0.0,0.0,0.0,1.0,0.0,12.0,1.0,0.1,0.8,1.92,1.92,1.92,1.92,1.0,0.0,12.0,1.0,0.1,0.8,0.0,0.0,0.0,0.0,1.0,0.0,12.0,1.0,0.1,0.8,0.8,2.5,4.1,2.5,2.0,3.5,16.0,1.0,0.1,0.8,1.4,4.3,7.2,4.3,2.0,6.0,16.0,1.0,0.1,0.8,2.8,8.8,14.9,8.8,2.0,12.5,16.0,1.0,0.1,0.8,4.9,15.3,25.7,15.3,2.0,21.6,16.0,1.0,0.1,0.8,0.0,0.0,0.0,0.0,1.0,0.0,12.0,1.0,0.1,0.8,0.0,0.0,0.0,0.0,1.0,0.0,12.0,1.0,0.1,0.8,295.5,930.5,1565.5,930.5,2.0,1316.0,16.0,1.0,0.1,0.8,295.0,930.0,1565.0,930.0,2.0,1315.0,16.0,1.0,0.1,0.8
1974,2,290.0,48.0,-0.87,-0.8,-0.73,-0.8,3.0,0.1,14.0,1.0,0.8,0.4,-4.94,-2.7,-0.88,-2.9,4.0,2.46,16.0,1.0,0.8,0.3,1.94,2.16,2.65,2.29,4.0,0.45,16.0,1.0,0.8,0.3,66.7,74.1,81.9,74.3,4.0,8.9,16.0,1.0,0.3,4.55,8.5,11.92,8.25,4.0,4.66,16.0,1.0,0.8,0.3,-3.24,2.8,9.05,2.9,4.0,8.07,16.0,1.0,0.8,0.3,-5.89,-0.7,2.95,-1.43,4.0,5.78,16.0,1.0,0.8,0.3,1003.73,1013.8,1020.57,1012.23,4.0,10.03,16.0,1.0,0.8,0.3,2.0,5.0,7.5,4.8,4.0,3.3,16.0,1.0,0.8,0.3,-22.6,27.1,113.7,44.7,4.0,91.7,16.0,1.0,0.8,0.3,-51.3,0.6,35.9,-7.3,4.0,63.5,16.0,1.0,0.8,0.3,1.39,3.1,4.47,2.93,3.0,2.25,14.0,1.0,0.8,0.4,7.0,13.3,26.0,16.4,3.0,14.2,14.0,1.0,0.8,0.4,1.0,1.62,1.63,1.32,3.0,0.52,14.0,1.0,0.8,0.4,4.4,4.8,13.0,8.6,3.0,7.1,14.0,1.0,0.8,0.4,-13.2,-3.8,3.6,-4.8,4.0,12.3,16.0,1.0,0.8,0.3,-1.7,6.6,25.8,11.8,4.0,17.8,16.0,1.0,0.8,0.3,-9.6,5.4,20.4,5.4,4.0,20.4,16.0,1.0,0.8,0.3,-11.4,-0.8,7.3,-2.0,4.0,12.0,16.0,1.0,0.8,0.3,-3.0,0.7,6.0,1.5,3.0,6.6,14.0,1.0,0.8,0.4,-11.2,-4.1,-0.7,-6.0,3.0,7.9,14.0,1.0,0.8,0.4,152.5,696.5,1781.0,954.5,4.0,1069.5,16.0,1.0,0.8,0.3,150.0,695.0,1780.0,955.0,4.0,1070.0,16.0,1.0,0.8,0.3
1974,2,291.0,-68.0,0.5,1.55,1.85,1.29,12.0,0.64,24.0,0.7,0.8,0.3,-0.35,1.3,2.0,1.0,12.0,1.53,24.0,0.7,0.8,0.3,3.41,3.76,4.22,3.8,6.0,0.4,24.0,0.7,0.8,0.3,81.6,86.8,91.6,86.0,6.0,5.9,24.0,0.7,0.3,4.24,8.75,11.44,7.67,10.0,4.04,24.0,0.7,0.8,0.3,-8.38,-5.31,-0.75,-5.02,10.0,3.75,24.0,0.7,0.8,0.3,-8.7,-5.54,-1.54,-5.05,10.0,3.37,24.0,0.7,0.8,0.3,964.4,967.7,979.77,971.02,11.0,9.84,24.0,0.6,0.8,0.3,4.0,8.0,8.0,6.8,12.0,2.1,24.0,0.7,0.8,0.3,-90.4,-36.9,-3.8,-48.6,10.0,48.2,24.0,0.7,0.8,0.3,-85.1,-40.5,-7.3,-48.8,10.0,40.7,24.0,0.7,0.8,0.3,-1.5,0.4,1.83,0.29,12.0,1.77,24.0,0.7,0.8,0.3,-13.9,1.0,8.4,0.6,10.0,15.7,24.0,0.7,0.8,0.3,0.07,0.48,0.7,0.43,6.0,0.39,24.0,0.7,0.8,0.3,0.3,2.1,5.7,2.7,5.0,3.0,24.0,0.8,0.8,0.3,-13.6,-1.7,0.4,-4.2,10.0,8.2,24.0,0.7,0.8,0.3,-16.0,-5.7,0.1,-6.6,10.0,8.3,24.0,0.7,0.8,0.3,-33.8,-18.3,-7.6,-19.7,5.0,14.7,24.0,0.8,0.8,0.3,-34.4,-12.7,-5.8,-18.9,5.0,15.7,24.0,0.8,0.8,0.3,-3.2,-1.0,0.3,-1.5,5.0,2.4,24.0,0.8,0.8,0.3,-3.3,-0.7,0.1,-1.6,5.0,2.5,24.0,0.8,0.8,0.3,83.5,678.0,1532.0,762.5,10.0,753.0,24.0,0.7,0.8,0.3,85.0,680.0,1530.0,760.0,10.0,755.0,24.0,0.7,0.8,0.3
1974,2,291.0,-67.0,2.0,2.0,2.0,2.0,1.0,0.0,2.0,0.0,1.0,0.6,0.48,1.5,2.05,1.27,3.0,1.17,8.0,0.7,0.9,0.7,3.76,3.76,3.76,3.76,1.0,0.0,20.0,1.0,0.6,0.5,82.3,82.3,82.3,82.3,1.0,0.0,20.0,1.0,0.5,2.92,3.6,3.87,3.4,3.0,0.72,8.0,0.7,0.9,0.7,-1.76,0.0,1.23,-0.26,3.0,2.2,8.0,0.7,0.9,0.7,-3.1,-3.06,-2.75,-2.93,3.0,0.28,8.0,0.7,0.9,0.7,986.79,988.5,989.18,988.0,3.0,1.8,8.0,0.7,0.9,0.7,8.0,8.0,8.0,8.0,3.0,0.0,8.0,0.7,0.9,0.7,-7.0,0.0,4.4,-1.3,3.0,8.5,8.0,0.7,0.9,0.7,-11.9,-11.2,-8.2,-10.1,3.0,2.9,8.0,0.7,0.9,0.7,,,,,,,,,,,,,,,,,,,,,,,,,,,,,,,,,,,,,,,,,-2.6,0.0,2.8,0.1,3.0,4.0,8.0,0.7,0.9,0.7,-6.4,-4.6,-1.5,-3.9,3.0,3.6,8.0,0.7,0.9,0.7,6.8,6.8,6.8,6.8,1.0,0.0,20.0,1.0,0.6,0.5,-11.7,-11.7,-11.7,-11.7,1.0,0.0,20.0,1.0,0.6,0.5,,,,,,,,,,,,,,,,,,,,,,,,,,,,,,,,,,,,,,,,
1974,2,291.0,-66.0,1.92,2.5,2.81,2.38,5.0,0.54,16.0,0.8,0.5,0.5,2.2,2.75,3.17,2.83,6.0,0.73,14.0,0.8,0.5,0.5,4.28,4.29,4.3,4.29,3.0,0.01,16.0,0.7,0.5,0.4,91.1,91.2,93.9,92.5,3.0,2.3,16.0,0.7,0.4,7.0,8.0,10.0,8.33,6.0,1.37,14.0,0.8,0.5,0.5,2.64,6.33,8.81,5.12,6.0,5.09,14.0,0.8,0.5,0.5,-5.36,-4.21,-0.91,-2.63,6.0,4.42,14.0,0.8,0.5,0.5,993.09,995.95,997.76,995.45,4.0,3.31,14.0,0.8,0.5,0.5,5.6,8.0,8.0,6.5,6.0,3.2,14.0,0.8,0.5,0.5,18.5,50.6,88.1,47.0,6.0,45.6,14.0,0.8,0.5,0.5,-40.1,-35.9,-7.2,-22.0,6.0,35.9,14.0,0.8,0.5,0.5,-1.06,-0.6,-0.08,-0.58,5.0,0.66,16.0,0.8,0.5,0.5,-9.5,-4.2,-1.1,-5.3,5.0,6.3,16.0,0.8,0.5,0.5,0.07,0.16,0.27,0.17,3.0,0.14,16.0,0.7,0.5,0.4,0.5,1.3,2.6,1.5,3.0,1.5,16.0,0.7,0.5,0.4,5.3,16.6,28.4,15.6,6.0,16.8,14.0,0.8,0.5,0.5,-15.8,-10.7,-3.5,-8.6,6.0,11.7,14.0,0.8,0.5,0.5,23.4,32.3,37.7,30.6,3.0,10.6,16.0,0.7,0.5,0.4,-20.3,-14.6,-12.7,-16.5,3.0,5.8,16.0,0.7,0.5,0.4,0.5,1.2,2.4,1.4,3.0,1.4,16.0,0.7,0.5,0.4,-0.9,-0.4,-0.2,-0.6,3.0,0.5,16.0,0.7,0.5,0.4,343.0,512.0,1000.0,618.5,6.0,305.0,14.0,0.8,0.5,0.5,345.0,510.0,1000.0,620.0,6.0,305.0,14.0,0.8,0.5,0.5
1974,2,291.0,-65.0,,,,,,,,,,,,,,,,,,,,,,,,,,,,,,,,,,,,,,,,6.48,8.0,8.0,7.28,4.0,1.45,10.0,0.8,0.4,0.6,0.57,3.01,4.77,2.69,4.0,3.1,10.0,0.8,0.4,0.6,0.4,6.33,7.71,4.16,4.0,5.51,10.0,0.8,0.4,0.6,980.33,985.7,992.3,986.02,5.0,8.12,8.0,0.6,0.4,0.6,,,,,,,,,,,,,,,,,,,,,,,,,,,,,,,,,,,,,,,,,,,,,,,,,,,,,,,,,,,,,,,,,,,,,,,,,,,,,,,,,,,,,,,,,,,,,,,,,,,,,,,,,,,,,,,,,,,,,,,,,,,,,,,,,,,,,,,,,,,,,,,,,,,,,,
1974,2,291.0,-64.0,,,,,,,,,,,,,,,,,,,,,,,,,,,,,,,,,,,,,,,,6.7,6.7,6.7,6.7,1.0,0.0,18.0,1.0,0.4,0.7,5.13,5.13,5.13,5.13,1.0,0.0,18.0,1.0,0.4,0.7,4.31,4.31,4.31,4.31,1.0,0.0,18.0,1.0,0.4,0.7,990.0,990.0,990.0,990.0,1.0,0.0,18.0,1.0,0.4,0.7,,,,,,,,,,,,,,,,,,,,,,,,,,,,,,,,,,,,,,,,,,,,,,,,,,,,,,,,,,,,,,,,,,,,,,,,,,,,,,,,,,,,,,,,,,,,,,,,,,,,,,,,,,,,,,,,,,,,,,,,,,,,,,,,,,,,,,,,,,,,,,,,,,,,,,
1974,2,291.0,-63.0,,,,,,,,,,,,,,,,,,,,,,,,,,,,,,,,,,,,,,,,8.0,8.0,8.0,8.0,1.0,0.0,6.0,1.0,1.0,1.0,2.74,2.74,2.74,2.74,1.0,0.0,6.0,1.0,1.0,1.0,7.52,7.52,7.52,7.52,1.0,0.0,6.0,1.0,1.0,1.0,995.0,995.0,995.0,995.0,1.0,0.0,6.0,1.0,1.0,1.0,,,,,,,,,,,,,,,,,,,,,,,,,,,,,,,,,,,,,,,,,,,,,,,,,,,,,,,,,,,,,,,,,,,,,,,,,,,,,,,,,,,,,,,,,,,,,,,,,,,,,,,,,,,,,,,,,,,,,,,,,,,,,,,,,,,,,,,,,,,,,,,,,,,,,,
1974,2,291.0,-62.0,2.87,3.5,3.5,3.2,4.0,0.6,26.0,1.0,0.6,0.2,4.45,4.7,4.95,4.7,4.0,0.29,26.0,1.0,0.6,0.2,5.18,5.23,5.28,5.23,3.0,0.07,28.0,1.0,0.7,0.3,93.8,96.6,98.0,95.9,3.0,3.1,28.0,1.0,0.3,7.41,10.0,11.8,9.63,4.0,2.59,26.0,1.0,0.6,0.2,5.52,5.85,5.9,5.72,4.0,0.3,26.0,1.0,0.6,0.2,-10.22,-8.25,-4.75,-7.52,4.0,3.34,26.0,1.0,0.6,0.2,975.09,975.3,982.48,978.63,4.0,6.92,26.0,1.0,0.6,0.2,8.0,8.0,8.0,8.0,4.0,0.0,26.0,1.0,0.6,0.2,40.9,56.4,69.6,55.3,4.0,16.6,26.0,1.0,0.6,0.2,-120.6,-86.0,-36.3,-78.8,4.0,49.7,26.0,1.0,0.6,0.2,-2.08,-1.2,-0.95,-1.5,4.0,0.83,26.0,1.0,0.6,0.2,-15.1,-11.6,-11.0,-13.0,4.0,3.4,26.0,1.0,0.6,0.2,-0.23,-0.18,-0.13,-0.18,3.0,0.07,28.0,1.0,0.7,0.3,-2.7,-2.1,-1.3,-2.0,3.0,1.1,28.0,1.0,0.7,0.3,25.9,26.3,27.8,26.8,4.0,1.5,26.0,1.0,0.6,0.2,-45.5,-37.9,-23.4,-34.6,4.0,13.8,26.0,1.0,0.6,0.2,28.3,30.8,31.1,29.8,3.0,2.3,28.0,1.0,0.7,0.3,-53.9,-53.4,-39.0,-46.6,3.0,12.4,28.0,1.0,0.7,0.3,-1.4,-1.1,-0.7,-1.0,3.0,0.5,28.0,1.0,0.7,0.3,1.1,1.9,2.4,1.7,3.0,1.0,28.0,1.0,0.7,0.3,420.0,1097.0,1643.0,1034.5,4.0,710.0,26.0,1.0,0.6,0.2,420.0,1095.0,1645.0,1035.0,4.0,710.0,26.0,1.0,0.6,0.2
1974,2,291.0,-61.0,,,,,,,,,,,,,,,,,,,,,,,,,,,,,,,,,,,,,,,,6.7,6.7,6.7,6.7,1.0,0.0,18.0,0.0,0.9,0.3,4.31,4.31,4.31,4.31,1.0,0.0,18.0,0.0,0.9,0.3,-5.13,-5.13,-5.13,-5.13,1.0,0.0,18.0,0.0,0.9,0.3,993.5,993.5,993.5,993.5,1.0,0.0,18.0,0.0,0.9,0.3,,,,,,,,,,,,,,,,,,,,,,,,,,,,,,,,,,,,,,,,,,,,,,,,,,,,,,,,,,,,,,,,,,,,,,,,,,,,,,,,,,,,,,,,,,,,,,,,,,,,,,,,,,,,,,,,,,,,,,,,,,,,,,,,,,,,,,,,,,,,,,,,,,,,,,
1974,2,291.0,-57.0,8.97,9.3,9.41,9.19,7.0,0.41,2.0,0.3,0.7,0.8,7.63,9.0,10.21,8.76,7.0,1.54,2.0,0.3,0.7,0.8,5.4,6.38,7.1,6.21,6.0,1.03,2.0,0.3,0.7,0.8,84.4,87.2,91.7,86.9,7.0,5.2,2.0,0.3,0.8,3.05,4.6,7.0,5.6,7.0,3.57,2.0,0.3,0.7,0.8,-4.14,-1.82,4.71,0.97,7.0,6.21,2.0,0.3,0.7,0.8,-1.12,1.05,4.04,1.39,7.0,2.71,2.0,0.3,0.7,0.8,977.6,992.45,996.83,989.07,6.0,9.41,2.0,0.3,0.7,0.8,5.0,5.0,7.0,5.6,7.0,1.1,2.0,0.3,0.7,0.8,-17.4,-3.8,35.3,20.3,7.0,65.9,2.0,0.3,0.7,0.8,-4.5,2.2,19.1,5.6,7.0,20.1,2.0,0.3,0.7,0.8,-1.1,0.3,1.53,0.43,7.0,1.32,2.0,0.3,0.7,0.8,-3.6,1.2,7.4,2.8,7.0,8.2,2.0,0.3,0.7,0.8,0.36,1.09,1.85,1.12,6.0,0.88,2.0,0.3,0.7,0.8,1.2,3.8,10.4,6.2,6.0,7.2,2.0,0.3,0.7,0.8,-37.5,-11.3,45.0,8.3,7.0,53.1,2.0,0.3,0.7,0.8,-11.4,6.5,31.6,12.5,7.0,24.8,2.0,0.3,0.7,0.8,-29.8,-10.6,31.8,1.7,6.0,40.7,2.0,0.3,0.7,0.8,-8.7,2.4,21.0,4.5,6.0,14.5,2.0,0.3,0.7,0.8,-4.0,-1.4,5.1,1.6,6.0,9.0,2.0,0.3,0.7,0.8,-1.1,0.1,3.4,0.9,6.0,3.5,2.0,0.3,0.7,0.8,29.0,97.5,389.0,405.5,7.0,774.5,2.0,0.3,0.7,0.8,30.0,95.0,390.0,405.0,7.0,775.0,2.0,0.3,0.7,0.8
1974,2,291.0,-53.0,9.32,10.0,11.5,10.4,3.0,1.64,14.0,0.7,0.9,0.4,13.0,13.0,15.39,14.17,3.0,2.02,14.0,0.7,0.9,0.4,6.32,6.37,6.96,6.64,3.0,0.52,14.0,0.7,0.9,0.4,64.6,68.3,68.6,66.6,3.0,3.3,14.0,0.7,0.4,3.08,4.1,5.87,4.47,3.0,2.07,14.0,0.7,0.9,0.4,-0.49,0.0,3.96,1.7,3.0,3.57,14.0,0.7,0.9,0.4,-3.82,-3.35,-2.84,-3.33,3.0,0.72,14.0,0.7,0.9,0.4,1014.72,1018.0,1020.73,1017.73,3.0,4.41,14.0,0.7,0.9,0.4,4.3,5.0,7.0,5.7,3.0,2.1,14.0,0.7,0.9,0.4,-2.0,0.0,26.5,12.0,3.0,23.3,14.0,0.7,0.9,0.4,-20.6,-16.6,-9.9,-15.3,3.0,7.9,14.0,0.7,0.9,0.4,-6.07,-3.0,-1.5,-3.77,3.0,3.42,14.0,0.7,0.9,0.4,-19.9,-19.5,-8.4,-14.3,3.0,9.5,14.0,0.7,0.9,0.4,0.26,1.23,2.07,1.17,3.0,1.33,14.0,0.7,0.9,0.4,2.3,8.2,9.5,6.0,3.0,5.7,14.0,0.7,0.9,0.4,-6.3,0.0,51.5,22.1,3.0,46.5,14.0,0.7,0.9,0.4,-49.7,-43.5,-43.1,-46.3,3.0,5.4,14.0,0.7,0.9,0.4,-3.1,0.0,25.2,10.8,3.0,22.8,14.0,0.7,0.9,0.4,-24.1,-21.3,-19.6,-21.9,3.0,3.3,14.0,0.7,0.9,0.4,-1.2,0.0,4.9,1.8,3.0,4.7,14.0,0.7,0.9,0.4,-8.1,-4.1,-1.0,-4.5,3.0,5.2,14.0,0.7,0.9,0.4,34.0,69.0,227.0,129.0,3.0,151.0,14.0,0.7,0.9,0.4,35.0,70.0,225.0,130.0,3.0,150.0,14.0,0.7,0.9,0.4
1974,2,291.0,-52.0,9.95,12.0,12.68,11.33,3.0,2.08,12.0,0.3,0.6,0.5,10.41,13.0,15.05,12.73,3.0,3.41,12.0,0.3,0.6,0.5,6.24,6.33,6.42,6.33,2.0,0.19,6.0,0.0,0.7,0.4,71.6,77.7,83.9,77.7,2.0,12.7,6.0,0.0,0.4,4.93,6.7,8.47,6.7,3.0,2.6,12.0,0.3,0.6,0.5,-0.79,0.0,4.86,1.99,3.0,4.49,12.0,0.3,0.6,0.5,-3.2,4.1,5.38,1.16,3.0,6.78,12.0,0.3,0.6,0.5,996.7,999.5,1014.04,1005.23,3.0,13.64,12.0,0.3,0.6,0.5,2.0,2.0,6.1,4.0,3.0,3.5,12.0,0.3,0.6,0.5,-5.3,0.0,45.2,19.5,3.0,40.7,12.0,0.3,0.6,0.5,-24.8,16.8,43.3,9.4,3.0,50.3,12.0,0.3,0.6,0.5,-2.37,-1.0,-0.45,-1.4,3.0,1.44,12.0,0.3,0.6,0.5,-16.7,-9.3,-3.5,-10.1,3.0,9.7,12.0,0.3,0.6,0.5,1.09,1.6,2.11,1.6,2.0,1.05,6.0,0.0,0.7,0.4,6.4,12.7,18.9,12.7,2.0,13.0,6.0,0.0,0.7,0.4,-12.7,0.0,63.2,24.7,3.0,59.6,12.0,0.3,0.6,0.5,-60.1,37.7,65.0,3.3,3.0,96.4,12.0,0.3,0.6,0.5,7.3,23.0,38.7,23.0,2.0,32.5,6.0,0.0,0.7,0.4,27.5,32.0,36.5,32.0,2.0,9.3,6.0,0.0,0.7,0.4,2.7,8.4,14.1,8.4,2.0,11.8,6.0,0.0,0.7,0.4,5.2,8.8,12.4,8.8,2.0,7.4,6.0,0.0,0.7,0.4,142.5,301.0,644.5,391.5,3.0,376.0,12.0,0.3,0.6,0.5,145.0,300.0,645.0,390.0,3.0,375.0,12.0,0.3,0.6,0.5
1974,2,291.0,-51.0,10.0,10.0,10.0,10.0,2.0,0.0,8.0,0.5,0.8,0.2,8.0,8.0,8.0,8.0,2.0,0.0,8.0,0.5,0.8,0.2,3.72,3.73,3.74,3.73,2.0,0.02,8.0,0.5,0.8,0.2,56.7,56.8,56.9,56.8,2.0,0.3,8.0,0.5,0.2,4.1,4.1,4.1,4.1,2.0,0.0,8.0,0.5,0.8,0.2,1.4,1.4,1.4,1.4,2.0,0.0,8.0,0.5,0.8,0.2,3.85,3.85,3.85,3.85,2.0,0.0,8.0,0.5,0.8,0.2,1022.0,1022.0,1022.0,1022.0,2.0,0.0,8.0,0.5,0.8,0.2,7.0,7.0,7.0,7.0,2.0,0.0,8.0,0.5,0.8,0.2,5.7,5.7,5.7,5.7,2.0,0.0,8.0,0.5,0.8,0.2,15.8,15.8,15.8,15.8,2.0,0.0,8.0,0.5,0.8,0.2,2.0,2.0,2.0,2.0,2.0,0.0,8.0,0.5,0.8,0.2,8.2,8.2,8.2,8.2,2.0,0.0,8.0,0.5,0.8,0.2,3.8,3.81,3.81,3.81,2.0,0.02,8.0,0.5,0.8,0.2,15.6,15.6,15.6,15.6,2.0,0.1,8.0,0.5,0.8,0.2,11.2,11.2,11.2,11.2,2.0,0.0,8.0,0.5,0.8,0.2,30.8,30.8,30.8,30.8,2.0,0.0,8.0,0.5,0.8,0.2,5.2,5.2,5.2,5.2,2.0,0.0,8.0,0.5,0.8,0.2,14.3,14.4,14.4,14.4,2.0,0.1,8.0,0.5,0.8,0.2,5.3,5.3,5.3,5.3,2.0,0.0,8.0,0.5,0.8,0.2,14.6,14.7,14.7,14.7,2.0,0.1,8.0,0.5,0.8,0.2,69.0,69.0,69.0,69.0,2.0,0.0,8.0,0.5,0.8,0.2,70.0,70.0,70.0,70.0,2.0,0.0,8.0,0.5,0.8,0.2
1974,2,291.0,10.0,26.2,26.2,26.2,26.2,1.0,0.0,16.0,1.0,0.9,0.7,24.4,24.4,24.4,24.4,1.0,0.0,16.0,1.0,0.9,0.7,16.55,16.55,16.55,16.55,1.0,0.0,16.0,1.0,0.9,0.7,87.0,87.0,87.0,87.0,1.0,0.0,16.0,1.0,0.7,11.3,11.3,11.3,11.3,1.0,0.0,16.0,1.0,0.9,0.7,-10.62,-10.62,-10.62,-10.62,1.0,0.0,16.0,1.0,0.9,0.7,-3.86,-3.86,-3.86,-3.86,1.0,0.0,16.0,1.0,0.9,0.7,1013.9,1013.9,1013.9,1013.9,1.0,0.0,16.0,1.0,0.9,0.7,5.0,5.0,5.0,5.0,1.0,0.0,16.0,1.0,0.9,0.7,-120.0,-120.0,-120.0,-120.0,1.0,0.0,16.0,1.0,0.9,0.7,-43.7,-43.7,-43.7,-43.7,1.0,0.0,16.0,1.0,0.9,0.7,1.8,1.8,1.8,1.8,1.0,0.0,16.0,1.0,0.9,0.7,20.3,20.3,20.3,20.3,1.0,0.0,16.0,1.0,0.9,0.7,4.68,4.68,4.68,4.68,1.0,0.0,16.0,1.0,0.9,0.7,52.9,52.9,52.9,52.9,1.0,0.0,16.0,1.0,0.9,0.7,-259.1,-259.1,-259.1,-259.1,1.0,0.0,16.0,1.0,0.9,0.7,-94.3,-94.3,-94.3,-94.3,1.0,0.0,16.0,1.0,0.9,0.7,-175.8,-175.8,-175.8,-175.8,1.0,0.0,16.0,1.0,0.9,0.7,-64.0,-64.0,-64.0,-64.0,1.0,0.0,16.0,1.0,0.9,0.7,-49.7,-49.7,-49.7,-49.7,1.0,0.0,16.0,1.0,0.9,0.7,-18.1,-18.1,-18.1,-18.1,1.0,0.0,16.0,1.0,0.9,0.7,1443.0,1443.0,1443.0,1443.0,1.0,0.0,16.0,1.0,0.9,0.7,1445.0,1445.0,1445.0,1445.0,1.0,0.0,16.0,1.0,0.9,0.7
1974,2,291.0,11.0,25.6,25.9,27.07,26.08,8.0,0.74,16.0,0.4,0.6,0.7,24.43,25.1,25.39,24.96,8.0,0.6,16.0,0.4,0.6,0.7,15.52,16.03,17.2,16.1,8.0,0.98,16.0,0.4,0.6,0.7,78.5,81.7,84.4,81.7,8.0,3.4,16.0,0.4,0.7,6.76,7.2,9.12,7.85,8.0,2.41,16.0,0.4,0.6,0.7,-8.62,-6.68,-4.63,-6.99,8.0,2.9,16.0,0.4,0.6,0.7,-5.26,-2.38,0.0,-2.23,8.0,2.51,16.0,0.4,0.6,0.7,1010.63,1012.25,1013.58,1012.35,8.0,2.43,16.0,0.4,0.6,0.7,2.0,2.0,5.7,3.2,8.0,2.4,16.0,0.4,0.6,0.7,-78.8,-46.5,-33.3,-60.6,8.0,46.8,16.0,0.4,0.6,0.7,-38.6,-14.2,0.0,-16.2,8.0,18.6,16.0,0.4,0.6,0.7,0.11,0.8,2.59,1.11,8.0,1.25,16.0,0.4,0.6,0.7,0.8,4.6,18.6,8.5,8.0,11.0,16.0,0.4,0.6,0.7,3.37,4.94,6.53,5.03,8.0,1.74,16.0,0.4,0.6,0.7,22.3,35.6,47.6,39.0,8.0,17.5,16.0,0.4,0.6,0.7,-207.1,-167.4,-113.4,-175.0,8.0,75.0,16.0,0.4,0.6,0.7,-128.1,-60.1,0.0,-55.2,8.0,62.2,16.0,0.4,0.6,0.7,-132.4,-103.8,-73.7,-113.3,8.0,51.5,16.0,0.4,0.6,0.7,-83.1,-38.1,0.0,-35.1,8.0,39.8,16.0,0.4,0.6,0.7,-40.8,-32.2,-21.1,-34.1,8.0,16.9,16.0,0.4,0.6,0.7,-26.6,-11.4,0.0,-13.3,8.0,15.3,16.0,0.4,0.6,0.7,309.0,373.0,766.0,615.5,8.0,649.0,16.0,0.4,0.6,0.7,310.0,375.0,765.0,615.0,8.0,650.0,16.0,0.4,0.6,0.7
1974,2,291.0,12.0,25.0,26.7,27.0,26.19,14.0,1.13,16.0,0.7,0.4,0.3,25.31,26.05,27.0,26.16,14.0,1.0,16.0,0.7,0.4,0.3,16.04,16.64,18.98,17.03,13.0,1.33,18.0,0.7,0.4,0.3,76.3,79.4,85.8,81.1,13.0,7.4,18.0,0.7,0.3,4.21,5.7,10.58,6.91,15.0,3.07,16.0,0.7,0.4,0.3,-9.33,-5.61,-4.15,-6.43,15.0,2.89,16.0,0.7,0.4,0.3,-2.77,-0.75,0.77,-1.22,15.0,2.53,16.0,0.7,0.4,0.3,1011.82,1013.75,1014.49,1013.45,14.0,1.71,16.0,0.7,0.4,0.3,1.2,3.0,6.0,3.6,15.0,2.3,16.0,0.7,0.4,0.3,-90.2,-32.0,-17.7,-52.3,15.0,40.9,16.0,0.7,0.4,0.3,-15.4,-1.1,4.4,-10.1,15.0,26.4,16.0,0.7,0.4,0.3,-1.12,0.0,0.73,0.07,13.0,1.17,18.0,0.7,0.4,0.3,-6.8,0.0,3.5,-1.3,13.0,6.1,18.0,0.7,0.4,0.3,3.09,3.97,5.74,4.17,13.0,1.19,18.0,0.7,0.4,0.3,16.9,23.5,47.7,28.4,13.0,16.4,18.0,0.7,0.4,0.3,-267.5,-165.6,-107.2,-173.2,14.0,78.7,16.0,0.7,0.4,0.3,-72.9,-9.5,23.2,-29.4,14.0,69.9,16.0,0.7,0.4,0.3,-156.5,-92.9,-65.4,-110.6,13.0,50.6,18.0,0.7,0.4,0.3,-33.7,0.0,17.0,-9.3,13.0,26.0,18.0,0.7,0.4,0.3,-45.2,-23.5,-15.9,-27.5,13.0,16.2,18.0,0.7,0.4,0.3,-7.0,0.0,3.3,-2.4,13.0,7.5,18.0,0.7,0.4,0.3,75.0,185.0,1189.0,516.0,15.0,548.5,16.0,0.7,0.4,0.3,75.0,185.0,1190.0,515.0,15.0,550.0,16.0,0.7,0.4,0.3
1974,2,291.0,13.0,25.99,26.9,27.15,26.86,9.0,0.93,16.0,0.6,0.6,0.4,25.28,25.6,26.98,26.08,9.0,1.08,16.0,0.6,0.6,0.4,15.5,16.75,18.39,17.27,9.0,2.15,16.0,0.6,0.6,0.4,72.4,79.5,92.6,82.1,9.0,9.8,16.0,0.6,0.4,6.2,7.2,10.3,8.19,9.0,2.4,16.0,0.6,0.6,0.4,-10.26,-6.77,-6.13,-8.05,9.0,2.43,16.0,0.6,0.6,0.4,-1.6,0.0,1.42,-0.14,9.0,1.53,16.0,0.6,0.6,0.4,1011.94,1013.4,1014.57,1013.31,9.0,1.58,16.0,0.6,0.6,0.4,1.3,3.0,7.7,3.8,9.0,3.1,16.0,0.6,0.6,0.4,-105.7,-48.7,-38.0,-71.1,9.0,41.9,16.0,0.6,0.6,0.4,-14.7,0.0,8.1,-0.6,9.0,13.7,16.0,0.6,0.6,0.4,-0.19,0.5,1.57,0.78,9.0,1.55,16.0,0.6,0.6,0.4,-1.1,3.1,16.2,5.6,9.0,13.7,16.0,0.6,0.6,0.4,3.18,5.12,6.5,4.85,9.0,2.24,16.0,0.6,0.6,0.4,18.7,46.5,66.0,42.6,9.0,25.4,16.0,0.6,0.6,0.4,-262.3,-168.5,-157.6,-211.1,9.0,69.3,16.0,0.6,0.6,0.4,-41.2,0.0,36.5,-2.9,9.0,39.9,16.0,0.6,0.6,0.4,-159.4,-134.5,-101.6,-136.5,9.0,34.1,16.0,0.6,0.6,0.4,-26.9,0.0,25.7,-2.9,9.0,27.1,16.0,0.6,0.6,0.4,-65.0,-43.7,-18.0,-41.9,9.0,25.3,16.0,0.6,0.6,0.4,-8.5,0.0,3.8,-1.3,9.0,8.1,16.0,0.6,0.6,0.4,238.5,373.0,1092.5,680.5,9.0,578.0,16.0,0.6,0.6,0.4,240.0,375.0,1095.0,680.0,9.0,580.0,16.0,0.6,0.6,0.4
1974,2,291.0,14.0,26.0,26.8,27.76,26.78,29.0,0.97,16.0,0.4,0.5,0.4,25.16,26.0,26.84,25.94,30.0,0.93,16.0,0.4,0.5,0.4,15.17,16.09,17.6,16.25,30.0,1.38,16.0,0.4,0.5,0.4,71.4,77.9,85.1,78.1,30.0,7.5,16.0,0.4,0.4,5.1,7.45,10.3,7.68,30.0,2.46,16.0,0.4,0.5,0.4,-9.67,-6.73,-4.32,-6.98,30.0,2.71,16.0,0.4,0.5,0.4,-4.36,-1.95,0.0,-1.9,30.0,2.36,16.0,0.4,0.5,0.4,1013.06,1014.2,1015.54,1014.31,30.0,1.4,16.0,0.4,0.5,0.4,2.0,3.0,5.0,3.1,30.0,1.5,16.0,0.4,0.5,0.4,-102.4,-47.1,-22.6,-59.8,30.0,42.4,16.0,0.4,0.5,0.4,-29.5,-13.1,0.0,-14.2,30.0,20.3,16.0,0.4,0.5,0.4,-0.11,1.0,2.11,0.84,29.0,1.47,16.0,0.4,0.5,0.4,-0.6,7.2,13.9,5.5,29.0,12.2,16.0,0.4,0.5,0.4,3.96,5.79,7.91,5.72,29.0,2.12,16.0,0.4,0.5,0.4,21.8,40.5,67.6,45.1,29.0,27.1,16.0,0.4,0.5,0.4,-262.3,-173.4,-110.7,-182.1,30.0,73.3,16.0,0.4,0.5,0.4,-110.9,-50.7,0.0,-49.2,30.0,60.7,16.0,0.4,0.5,0.4,-149.5,-116.3,-70.3,-112.5,30.0,40.2,16.0,0.4,0.5,0.4,-70.0,-32.6,0.0,-30.2,30.0,37.4,16.0,0.4,0.5,0.4,-63.2,-34.1,-19.9,-40.7,29.0,27.3,16.0,0.4,0.5,0.4,-28.2,-9.6,0.0,-12.3,29.0,15.0,16.0,0.4,0.5,0.4,132.5,415.0,1092.5,596.5,30.0,588.0,16.0,0.4,0.5,0.4,135.0,415.0,1095.0,595.0,30.0,590.0,16.0,0.4,0.5,0.4
1974,2,291.0,15.0,25.4,25.75,27.38,26.03,18.0,1.14,16.0,0.7,0.7,0.6,24.35,25.3,26.05,25.19,17.0,1.0,16.0,0.6,0.7,0.6,14.02,14.86,16.41,15.33,15.0,1.78,16.0,0.6,0.7,0.6,70.8,73.4,84.4,76.6,16.0,7.3,16.0,0.6,0.6,6.2,6.7,9.76,7.64,17.0,1.88,16.0,0.6,0.7,0.6,-8.38,-6.2,-4.92,-6.51,17.0,1.94,16.0,0.6,0.7,0.6,-4.97,-2.8,0.97,-2.41,17.0,3.25,16.0,0.6,0.7,0.6,1013.42,1015.0,1016.13,1014.86,17.0,2.3,16.0,0.6,0.7,0.6,1.0,2.0,6.3,3.3,18.0,2.5,16.0,0.7,0.7,0.6,-75.0,-43.2,-33.3,-52.0,17.0,26.1,16.0,0.6,0.7,0.6,-43.7,-19.2,5.6,-20.2,17.0,30.2,16.0,0.6,0.7,0.6,-0.49,0.5,2.45,0.93,17.0,1.48,16.0,0.6,0.7,0.6,-1.3,5.2,18.6,7.4,16.0,9.4,16.0,0.6,0.7,0.6,4.16,5.98,7.28,5.94,15.0,1.81,16.0,0.6,0.7,0.6,29.8,49.0,56.9,43.9,15.0,15.1,16.0,0.6,0.7,0.6,-189.1,-150.4,-120.6,-158.9,16.0,47.0,16.0,0.6,0.7,0.6,-135.4,-73.0,12.9,-66.1,16.0,78.4,16.0,0.6,0.7,0.6,-122.9,-89.4,-72.8,-95.2,15.0,29.5,16.0,0.6,0.7,0.6,-84.7,-39.5,8.7,-38.8,15.0,48.6,16.0,0.6,0.7,0.6,-47.8,-38.5,-25.8,-36.9,15.0,13.7,16.0,0.6,0.7,0.6,-33.0,-15.2,3.8,-15.8,15.0,19.4,16.0,0.6,0.7,0.6,238.5,301.0,937.0,522.5,17.0,355.0,16.0,0.6,0.7,0.6,240.0,300.0,935.0,520.0,17.0,355.0,16.0,0.6,0.7,0.6
1974,2,291.0,16.0,24.5,25.6,26.79,25.74,18.0,1.05,16.0,0.6,0.5,0.3,25.0,25.3,26.2,25.57,20.0,0.77,16.0,0.6,0.5,0.4,14.78,15.38,17.51,15.95,20.0,1.48,16.0,0.6,0.5,0.4,74.2,77.3,81.4,78.3,20.0,6.5,16.0,0.6,0.4,4.6,6.7,8.2,6.6,20.0,3.09,16.0,0.6,0.5,0.4,-7.71,-5.63,-4.33,-6.12,20.0,2.93,16.0,0.6,0.5,0.4,-3.51,-1.56,0.0,-1.8,20.0,1.95,16.0,0.6,0.5,0.4,1014.5,1015.3,1016.6,1015.41,20.0,1.4,16.0,0.6,0.5,0.4,2.0,4.0,5.1,3.6,19.0,1.8,16.0,0.6,0.5,0.3,-63.2,-38.0,-19.9,-48.8,20.0,45.3,16.0,0.6,0.5,0.4,-29.5,-7.8,0.0,-14.0,20.0,18.4,16.0,0.6,0.5,0.4,-0.63,0.4,1.03,0.09,18.0,1.2,16.0,0.6,0.5,0.3,-2.9,3.1,5.8,1.1,18.0,8.6,16.0,0.6,0.5,0.3,3.52,4.5,6.01,4.61,18.0,1.75,16.0,0.6,0.5,0.3,11.4,29.2,45.1,29.8,18.0,19.2,16.0,0.6,0.5,0.3,-205.9,-141.0,-109.8,-156.7,20.0,75.2,16.0,0.6,0.5,0.4,-92.0,-40.9,0.0,-45.9,20.0,50.4,16.0,0.6,0.5,0.4,-134.6,-92.8,-67.0,-97.5,20.0,45.2,16.0,0.6,0.5,0.4,-49.0,-26.5,0.0,-28.5,20.0,32.4,16.0,0.6,0.5,0.4,-39.9,-27.4,-10.1,-27.2,18.0,17.6,16.0,0.6,0.5,0.3,-22.3,-8.4,0.0,-10.3,18.0,10.0,16.0,0.6,0.5,0.3,97.5,321.0,551.5,476.5,20.0,670.0,16.0,0.6,0.5,0.4,95.0,320.0,550.0,475.0,20.0,670.0,16.0,0.6,0.5,0.4
1974,2,291.0,17.0,25.0,25.65,26.58,25.66,40.0,0.77,14.0,0.5,0.5,0.5,24.4,25.0,25.8,25.22,43.0,0.86,16.0,0.4,0.5,0.6,14.16,15.23,16.84,15.4,41.0,1.46,16.0,0.4,0.5,0.5,71.9,75.7,83.9,77.2,41.0,7.6,16.0,0.4,0.5,4.1,6.7,9.3,6.71,43.0,2.92,16.0,0.4,0.5,0.6,-8.71,-5.9,-3.43,-5.9,43.0,2.86,16.0,0.4,0.5,0.6,-3.21,0.0,1.45,-0.96,43.0,3.13,16.0,0.4,0.5,0.6,1013.93,1015.6,1017.17,1015.48,43.0,1.7,16.0,0.4,0.5,0.6,1.0,2.0,5.0,2.8,41.0,1.7,16.0,0.4,0.5,0.6,-81.3,-38.4,-14.8,-46.8,43.0,35.4,16.0,0.4,0.5,0.6,-29.6,0.0,6.0,-9.8,43.0,28.4,16.0,0.4,0.5,0.6,-0.68,0.55,1.46,0.44,40.0,1.05,14.0,0.5,0.5,0.5,-3.7,2.7,9.2,3.0,40.0,7.4,14.0,0.5,0.5,0.5,3.5,5.26,6.44,5.14,40.0,1.36,14.0,0.5,0.5,0.5,16.6,36.1,55.5,36.6,40.0,19.9,14.0,0.5,0.5,0.5,-213.8,-144.5,-88.5,-148.7,43.0,72.5,16.0,0.4,0.5,0.6,-78.2,0.0,38.0,-23.3,43.0,79.4,16.0,0.4,0.5,0.6,-129.6,-95.5,-57.4,-92.2,41.0,40.2,16.0,0.4,0.5,0.5,-54.5,-10.4,24.6,-14.8,41.0,47.8,16.0,0.4,0.5,0.5,-51.6,-29.7,-13.1,-31.9,40.0,18.6,14.0,0.5,0.5,0.5,-19.8,-0.9,5.5,-6.3,40.0,18.4,14.0,0.5,0.5,0.5,69.0,301.0,804.5,463.5,43.0,466.0,16.0,0.4,0.5,0.6,70.0,300.0,805.0,465.0,43.0,465.0,16.0,0.4,0.5,0.6
1974,2,291.0,18.0,25.04,25.6,26.48,25.78,29.0,1.01,14.0,0.5,0.8,0.5,24.0,24.8,25.52,24.93,31.0,0.86,12.0,0.5,0.8,0.4,13.3,14.41,16.43,14.76,25.0,1.87,12.0,0.6,0.8,0.4,67.5,74.5,83.5,75.7,25.0,8.6,12.0,0.6,0.4,4.1,7.45,9.88,7.22,32.0,3.01,14.0,0.5,0.8,0.4,-9.3,-5.91,-4.03,-5.98,32.0,3.45,14.0,0.5,0.8,0.4,-4.79,-0.71,1.04,-1.33,32.0,3.49,14.0,0.5,0.8,0.4,1013.93,1016.2,1018.02,1016.18,31.0,1.95,14.0,0.5,0.8,0.4,1.0,3.0,5.0,3.1,32.0,1.8,14.0,0.5,0.8,0.4,-87.7,-38.3,-16.6,-52.0,32.0,45.5,14.0,0.5,0.8,0.4,-44.0,-2.9,5.8,-13.2,32.0,31.6,14.0,0.5,0.8,0.4,0.33,0.7,1.9,0.93,28.0,1.06,14.0,0.5,0.8,0.4,1.6,4.8,15.4,8.0,28.0,11.9,14.0,0.5,0.8,0.4,3.54,6.17,7.42,5.72,23.0,1.94,12.0,0.5,0.8,0.4,17.7,33.3,65.9,42.0,23.0,24.3,12.0,0.5,0.8,0.4,-224.4,-150.8,-99.2,-154.6,31.0,82.0,12.0,0.5,0.8,0.4,-121.7,-17.5,19.2,-36.4,31.0,85.8,12.0,0.5,0.8,0.4,-120.2,-83.1,-57.2,-82.3,25.0,43.4,12.0,0.6,0.8,0.4,-70.4,-10.4,2.7,-18.9,25.0,52.0,12.0,0.6,0.8,0.4,-63.3,-33.3,-13.8,-35.9,23.0,25.7,12.0,0.5,0.8,0.4,-27.7,-3.0,2.6,-8.1,23.0,19.0,12.0,0.5,0.8,0.4,69.0,415.0,967.0,573.5,32.0,627.0,14.0,0.5,0.8,0.4,70.0,415.0,965.0,575.0,32.0,625.0,14.0,0.5,0.8,0.4
1974,2,291.0,19.0,24.77,25.6,27.71,26.01,34.0,1.38,16.0,0.5,0.6,0.5,23.9,24.5,25.82,24.75,35.0,1.13,16.0,0.5,0.6,0.5,12.62,14.16,15.66,14.32,30.0,1.5,16.0,0.5,0.6,0.5,68.2,73.9,81.7,74.6,30.0,7.3,16.0,0.5,0.5,5.04,6.2,8.5,6.66,35.0,2.04,16.0,0.5,0.6,0.5,-8.15,-5.8,-3.45,-5.66,35.0,2.72,16.0,0.5,0.6,0.5,-3.45,0.0,1.4,-0.71,35.0,2.98,16.0,0.5,0.6,0.5,1014.22,1016.8,1019.3,1016.74,35.0,2.25,16.0,0.5,0.6,0.5,1.0,2.0,5.6,2.8,35.0,2.1,16.0,0.5,0.6,0.5,-66.8,-36.1,-15.8,-41.9,35.0,30.2,16.0,0.5,0.6,0.5,-27.5,0.0,10.8,-7.3,35.0,21.7,16.0,0.5,0.6,0.5,-0.41,1.15,3.08,1.26,34.0,1.83,16.0,0.5,0.6,0.5,-2.1,7.2,22.1,8.3,34.0,12.3,16.0,0.5,0.6,0.5,4.6,5.77,9.45,6.59,30.0,2.29,16.0,0.5,0.6,0.5,25.2,41.0,61.8,43.3,30.0,20.1,16.0,0.5,0.6,0.5,-212.5,-138.6,-85.0,-140.4,35.0,67.7,16.0,0.5,0.6,0.5,-79.8,0.0,36.5,-16.7,35.0,73.5,16.0,0.5,0.6,0.5,-117.5,-76.9,-41.6,-78.4,30.0,40.9,16.0,0.5,0.6,0.5,-49.3,-16.1,23.4,-10.3,30.0,45.2,16.0,0.5,0.6,0.5,-54.0,-32.4,-15.8,-34.1,30.0,21.1,16.0,0.5,0.6,0.5,-30.8,-4.4,10.5,-8.2,30.0,25.1,16.0,0.5,0.6,0.5,128.0,238.5,616.0,378.5,35.0,341.0,16.0,0.5,0.6,0.5,130.0,240.0,615.0,380.0,35.0,340.0,16.0,0.5,0.6,0.5
1974,2,291.0,20.0,24.34,25.0,26.43,25.32,37.0,1.42,16.0,0.7,0.7,0.3,23.3,24.3,25.1,24.28,42.0,1.13,16.0,0.6,0.6,0.4,13.59,14.49,16.07,14.84,38.0,1.43,14.0,0.7,0.6,0.4,71.6,78.4,85.8,78.4,38.0,7.4,14.0,0.7,0.4,4.6,7.2,8.45,6.6,42.0,2.32,16.0,0.6,0.6,0.4,-7.73,-5.23,-1.81,-5.0,42.0,3.46,16.0,0.6,0.6,0.4,-2.63,0.0,4.55,0.76,42.0,3.45,16.0,0.6,0.6,0.4,1016.0,1017.1,1019.91,1017.36,40.0,1.93,16.0,0.6,0.6,0.3,1.5,3.0,6.0,3.4,42.0,2.3,16.0,0.6,0.6,0.4,-66.9,-34.7,-5.8,-38.3,42.0,33.6,16.0,0.6,0.6,0.4,-20.3,0.0,33.8,5.1,42.0,27.0,16.0,0.6,0.6,0.4,-0.09,0.7,2.44,1.07,37.0,1.99,16.0,0.7,0.7,0.3,-0.3,3.1,22.2,7.1,37.0,14.4,16.0,0.7,0.7,0.3,3.0,4.63,6.54,4.81,33.0,2.07,16.0,0.7,0.6,0.3,12.6,24.5,47.2,30.3,33.0,19.4,16.0,0.7,0.6,0.3,-192.2,-128.9,-44.3,-121.9,42.0,83.2,16.0,0.6,0.6,0.4,-64.3,0.0,111.3,18.5,42.0,83.7,16.0,0.6,0.6,0.4,-110.6,-83.0,-29.6,-77.7,38.0,41.1,14.0,0.7,0.6,0.4,-40.5,0.0,63.9,8.5,38.0,52.8,14.0,0.7,0.6,0.4,-46.7,-21.3,-9.4,-24.8,33.0,19.2,16.0,0.7,0.6,0.3,-12.1,0.0,18.3,2.8,33.0,17.7,16.0,0.7,0.6,0.3,97.5,373.0,604.0,390.0,42.0,356.5,16.0,0.6,0.6,0.4,95.0,375.0,605.0,390.0,42.0,355.0,16.0,0.6,0.6,0.4
1974,2,291.0,21.0,23.9,24.5,25.59,24.6,20.0,0.75,16.0,0.5,0.6,0.5,23.13,23.7,24.4,23.84,21.0,1.38,16.0,0.5,0.6,0.5,12.71,14.08,15.4,14.21,19.0,1.68,16.0,0.5,0.6,0.5,72.7,77.4,82.5,77.0,19.0,6.5,16.0,0.5,0.5,5.1,6.7,8.95,6.92,21.0,2.86,16.0,0.5,0.6,0.5,-8.56,-5.83,-3.46,-6.01,21.0,2.5,16.0,0.5,0.6,0.5,-2.54,0.0,3.09,0.15,21.0,3.78,16.0,0.5,0.6,0.5,1015.83,1018.4,1020.6,1018.15,21.0,2.17,16.0,0.5,0.6,0.5,2.0,3.0,6.8,3.6,21.0,2.2,16.0,0.5,0.6,0.5,-78.3,-36.1,-22.8,-47.6,21.0,35.7,16.0,0.5,0.6,0.5,-15.8,0.0,27.9,-3.1,21.0,45.0,16.0,0.5,0.6,0.5,-0.39,0.65,1.6,0.67,20.0,1.31,16.0,0.5,0.6,0.5,-2.0,4.1,9.2,6.6,20.0,15.7,16.0,0.5,0.6,0.5,3.65,5.16,6.32,5.04,19.0,1.49,16.0,0.5,0.6,0.5,14.9,30.6,52.3,36.6,19.0,25.5,16.0,0.5,0.6,0.5,-193.0,-163.7,-81.4,-142.6,21.0,57.2,16.0,0.5,0.6,0.5,-59.9,0.0,69.5,5.6,21.0,85.3,16.0,0.5,0.6,0.5,-114.8,-81.0,-47.2,-81.5,19.0,31.8,16.0,0.5,0.6,0.5,-36.6,0.0,45.6,3.3,19.0,53.2,16.0,0.5,0.6,0.5,-49.3,-28.2,-12.9,-31.2,19.0,19.7,16.0,0.5,0.6,0.5,-18.0,0.0,16.4,-2.9,19.0,25.3,16.0,0.5,0.6,0.5,132.5,301.0,716.5,514.5,21.0,770.0,16.0,0.5,0.6,0.5,135.0,300.0,715.0,515.0,21.0,770.0,16.0,0.5,0.6,0.5
1974,2,291.0,22.0,23.33,23.8,25.39,24.23,41.0,1.26,16.0,0.4,0.5,0.6,22.99,23.6,24.6,23.54,45.0,1.14,16.0,0.4,0.5,0.6,10.98,14.18,16.06,13.7,32.0,2.28,16.0,0.4,0.6,0.6,63.3,77.5,86.9,76.5,32.0,11.1,16.0,0.4,0.6,5.1,7.7,10.3,7.58,41.0,2.77,16.0,0.4,0.6,0.6,-8.0,-6.62,0.0,-5.25,41.0,4.06,16.0,0.4,0.6,0.6,-4.17,0.0,5.51,0.52,41.0,4.65,16.0,0.4,0.6,0.6,1015.5,1018.6,1020.35,1018.27,42.0,3.12,16.0,0.4,0.6,0.6,1.0,3.0,7.0,3.9,43.0,2.8,16.0,0.5,0.5,0.6,-80.6,-48.3,0.0,-46.0,41.0,46.0,16.0,0.4,0.6,0.6,-30.5,0.0,51.2,4.1,41.0,42.0,16.0,0.4,0.6,0.6,-0.77,0.5,2.07,0.61,41.0,1.58,16.0,0.4,0.5,0.6,-7.2,3.1,13.3,3.1,37.0,12.4,16.0,0.4,0.6,0.6,2.56,4.88,7.46,5.23,29.0,2.42,16.0,0.4,0.6,0.5,15.7,38.7,67.6,38.8,28.0,23.4,16.0,0.4,0.6,0.5,-198.7,-159.9,0.0,-123.8,41.0,96.3,16.0,0.4,0.6,0.6,-87.2,0.0,127.9,13.9,41.0,109.0,16.0,0.4,0.6,0.6,-117.9,-85.6,0.0,-69.8,31.0,59.3,16.0,0.5,0.6,0.6,-49.5,0.0,53.8,6.2,31.0,64.5,16.0,0.5,0.6,0.6,-52.4,-28.9,0.0,-27.6,28.0,26.3,16.0,0.4,0.6,0.5,-16.2,0.0,17.3,0.7,28.0,25.1,16.0,0.4,0.6,0.5,132.5,456.5,1092.5,601.0,41.0,566.0,16.0,0.4,0.6,0.6,135.0,455.0,1095.0,600.0,41.0,565.0,16.0,0.4,0.6,0.6
1974,2,291.0,23.0,23.5,24.0,25.0,24.24,39.0,1.05,16.0,0.5,0.6,0.4,21.76,23.25,24.5,23.25,40.0,1.57,16.0,0.5,0.6,0.4,11.14,13.87,15.07,13.36,31.0,2.1,16.0,0.5,0.6,0.4,68.1,77.3,87.3,76.5,31.0,10.5,16.0,0.5,0.4,4.45,7.7,9.3,7.19,41.0,3.0,16.0,0.5,0.6,0.4,-7.7,-4.95,2.55,-2.89,41.0,5.15,16.0,0.5,0.6,0.4,-3.95,1.22,4.79,0.53,41.0,5.16,16.0,0.5,0.6,0.4,1014.04,1018.3,1020.68,1017.78,40.0,3.17,16.0,0.5,0.6,0.4,2.0,3.0,7.0,3.8,38.0,2.2,16.0,0.5,0.6,0.4,-63.1,-26.0,14.7,-23.8,41.0,47.2,16.0,0.5,0.6,0.4,-35.3,8.5,35.8,-0.7,41.0,55.0,16.0,0.5,0.6,0.4,-0.5,0.95,3.13,0.95,38.0,1.87,16.0,0.5,0.6,0.4,-4.0,7.0,18.0,7.6,37.0,15.8,16.0,0.5,0.6,0.4,2.96,5.21,8.47,5.56,30.0,2.57,16.0,0.5,0.6,0.4,11.7,31.6,75.7,41.9,30.0,31.3,16.0,0.5,0.6,0.4,-179.7,-109.9,35.8,-72.3,39.0,112.7,16.0,0.4,0.6,0.4,-104.7,27.8,112.6,15.2,39.0,122.8,16.0,0.4,0.6,0.4,-99.2,-67.9,15.5,-48.9,31.0,58.1,16.0,0.5,0.6,0.4,-74.4,0.0,58.3,-1.4,31.0,69.0,16.0,0.5,0.6,0.4,-60.6,-25.7,2.4,-27.1,30.0,28.5,16.0,0.5,0.6,0.4,-32.8,2.1,18.5,-3.7,30.0,34.7,16.0,0.5,0.6,0.4,91.0,456.5,804.5,561.5,41.0,659.5,16.0,0.5,0.6,0.4,90.0,455.0,805.0,560.0,41.0,660.0,16.0,0.5,0.6,0.4
1974,2,291.0,24.0,23.3,24.2,25.0,24.13,41.0,1.11,16.0,0.4,0.7,0.4,22.16,23.55,24.52,23.46,44.0,1.47,16.0,0.5,0.7,0.4,11.93,14.46,15.57,14.06,34.0,2.14,16.0,0.4,0.7,0.4,68.9,79.8,88.0,79.4,35.0,10.3,16.0,0.5,0.4,4.77,7.7,10.53,7.63,43.0,3.2,16.0,0.5,0.7,0.4,-7.62,-3.28,2.59,-2.62,43.0,4.89,16.0,0.5,0.7,0.4,-4.21,2.55,7.39,1.57,43.0,6.03,16.0,0.5,0.7,0.4,1015.05,1019.25,1021.6,1018.51,42.0,3.93,16.0,0.5,0.7,0.4,1.0,2.0,7.0,3.2,41.0,2.6,16.0,0.4,0.7,0.4,-59.3,-19.9,25.1,-21.5,43.0,49.0,16.0,0.5,0.7,0.4,-25.3,11.2,64.2,13.5,43.0,64.9,16.0,0.5,0.7,0.4,-1.07,0.7,2.33,0.61,41.0,1.69,16.0,0.4,0.7,0.4,-8.1,4.0,22.1,5.8,40.0,13.6,16.0,0.5,0.7,0.4,2.79,4.26,6.99,4.47,31.0,2.68,16.0,0.4,0.7,0.4,15.0,31.5,73.1,35.7,31.0,26.7,16.0,0.4,0.7,0.4,-176.8,-73.9,63.6,-59.8,43.0,112.9,16.0,0.5,0.7,0.4,-113.0,56.6,173.4,37.4,43.0,139.5,16.0,0.5,0.7,0.4,-102.5,-43.5,29.7,-33.2,34.0,70.1,16.0,0.4,0.7,0.4,-44.7,26.4,100.3,22.4,34.0,74.4,16.0,0.4,0.7,0.4,-34.0,-14.6,8.6,-16.0,31.0,24.2,16.0,0.4,0.7,0.4,-28.1,5.8,28.6,1.0,31.0,34.3,16.0,0.4,0.7,0.4,111.5,456.5,1172.5,671.5,43.0,699.0,16.0,0.5,0.7,0.4,110.0,455.0,1170.0,670.0,43.0,700.0,16.0,0.5,0.7,0.4
1974,2,291.0,25.0,22.08,23.3,24.42,23.36,44.0,1.41,14.0,0.5,0.5,0.5,20.5,22.5,23.9,22.29,47.0,1.79,14.0,0.5,0.5,0.5,8.96,12.81,14.77,12.25,46.0,2.63,14.0,0.5,0.5,0.5,59.3,76.1,83.3,73.2,46.0,11.5,14.0,0.5,0.5,4.17,7.1,10.3,7.19,46.0,2.84,14.0,0.5,0.5,0.5,-5.13,-1.21,4.29,-1.05,46.0,4.19,14.0,0.5,0.5,0.5,-8.05,0.98,5.96,-0.36,46.0,6.49,14.0,0.5,0.5,0.5,1014.87,1019.6,1022.0,1018.64,47.0,3.51,14.0,0.5,0.5,0.5,1.0,4.0,6.0,3.8,46.0,2.4,14.0,0.5,0.5,0.5,-33.7,-6.0,42.7,-6.2,46.0,39.0,14.0,0.5,0.5,0.5,-80.4,4.4,38.1,-8.9,46.0,62.3,14.0,0.5,0.5,0.5,-0.7,1.0,2.37,0.95,44.0,1.87,14.0,0.5,0.5,0.5,-3.7,4.5,16.5,8.0,43.0,17.0,14.0,0.5,0.5,0.5,2.66,5.09,8.09,5.4,43.0,2.79,14.0,0.5,0.5,0.6,11.8,30.6,68.8,40.1,42.0,32.8,14.0,0.5,0.5,0.5,-114.4,-28.3,89.7,-23.2,46.0,93.9,14.0,0.5,0.5,0.5,-169.5,23.1,140.7,-1.2,46.0,144.7,14.0,0.5,0.5,0.5,-51.7,-15.2,53.3,-7.3,45.0,50.6,14.0,0.5,0.5,0.5,-86.4,11.7,82.8,5.9,45.0,81.3,14.0,0.5,0.5,0.5,-28.7,-4.6,19.3,-8.8,42.0,29.7,14.0,0.5,0.5,0.5,-59.5,3.1,21.0,-9.3,42.0,40.9,14.0,0.5,0.5,0.5,73.0,358.0,1092.5,547.0,46.0,568.5,14.0,0.5,0.5,0.5,75.0,360.0,1095.0,545.0,46.0,570.0,14.0,0.5,0.5,0.5
1974,2,291.0,26.0,21.49,22.7,24.52,22.75,26.0,1.53,14.0,0.5,0.4,0.5,20.18,22.25,23.35,22.01,32.0,1.68,16.0,0.5,0.5,0.4,8.9,11.9,15.03,11.94,29.0,2.76,16.0,0.5,0.5,0.4,58.8,71.6,85.9,72.7,29.0,12.6,16.0,0.5,0.4,2.6,5.1,8.46,5.35,31.0,3.03,16.0,0.5,0.5,0.4,-4.08,-1.74,3.6,-0.77,31.0,4.12,16.0,0.5,0.5,0.4,-3.56,0.0,4.11,-0.08,31.0,4.6,16.0,0.5,0.5,0.4,1016.32,1019.0,1023.05,1019.27,33.0,3.36,16.0,0.5,0.5,0.4,1.0,3.0,6.0,3.3,33.0,2.6,16.0,0.5,0.5,0.4,-24.8,-5.9,22.2,-0.5,31.0,32.6,16.0,0.5,0.5,0.4,-26.2,0.0,21.0,-4.1,31.0,42.0,16.0,0.5,0.5,0.4,-1.02,1.35,2.5,0.73,26.0,1.97,14.0,0.5,0.4,0.5,-0.5,2.9,18.1,5.3,25.0,10.7,16.0,0.5,0.4,0.4,2.6,5.62,8.07,5.3,24.0,2.58,14.0,0.5,0.5,0.4,4.3,24.2,43.9,27.5,23.0,20.7,14.0,0.5,0.5,0.4,-88.5,-37.2,75.3,-18.5,30.0,90.4,16.0,0.5,0.5,0.4,-72.5,0.0,82.1,-2.9,30.0,93.6,16.0,0.5,0.5,0.4,-51.3,-17.6,44.6,-5.0,28.0,50.9,16.0,0.5,0.5,0.4,-37.7,-2.3,45.9,-1.8,28.0,52.7,16.0,0.5,0.5,0.4,-24.1,-4.1,5.2,-9.9,23.0,20.7,14.0,0.5,0.5,0.4,-22.2,0.0,22.8,-2.6,23.0,26.2,14.0,0.5,0.5,0.4,17.5,132.5,612.0,305.5,31.0,426.0,16.0,0.5,0.5,0.4,20.0,135.0,610.0,305.0,31.0,425.0,16.0,0.5,0.5,0.4
1974,2,291.0,27.0,21.14,22.2,23.96,22.43,29.0,1.75,16.0,0.4,0.5,0.5,18.91,21.0,22.49,20.97,33.0,2.03,16.0,0.4,0.5,0.5,8.69,10.55,14.67,11.37,28.0,2.65,16.0,0.5,0.5,0.4,61.2,70.3,86.1,72.1,28.0,12.7,16.0,0.5,0.4,4.94,7.2,10.3,7.13,32.0,3.08,16.0,0.4,0.5,0.5,-4.42,1.86,6.76,1.58,32.0,5.66,16.0,0.4,0.5,0.5,-6.62,-0.98,4.87,-0.86,32.0,5.16,16.0,0.4,0.5,0.5,1014.25,1017.6,1023.0,1018.11,33.0,4.76,16.0,0.4,0.5,0.5,1.0,3.0,7.0,3.8,30.0,2.6,16.0,0.4,0.5,0.4,-22.7,11.0,68.2,21.2,32.0,56.0,16.0,0.4,0.5,0.5,-56.5,-1.7,39.3,-9.2,32.0,47.0,16.0,0.4,0.5,0.5,-0.36,1.7,3.17,1.42,29.0,2.07,16.0,0.4,0.5,0.5,-2.2,10.7,22.6,10.9,28.0,17.6,16.0,0.4,0.5,0.5,1.75,6.24,8.44,5.6,26.0,3.09,16.0,0.4,0.5,0.5,9.9,39.1,69.6,42.5,25.0,34.2,18.0,0.4,0.5,0.5,-93.2,38.0,148.5,35.9,32.0,120.5,16.0,0.4,0.5,0.5,-122.1,-22.1,127.7,-13.1,32.0,110.2,16.0,0.4,0.5,0.5,-44.5,18.4,61.1,16.0,27.0,58.5,18.0,0.5,0.5,0.5,-61.6,-5.2,87.1,2.4,27.0,63.4,18.0,0.5,0.5,0.5,-31.4,0.0,52.3,9.2,25.0,42.9,18.0,0.4,0.5,0.5,-43.2,-5.7,18.6,-12.3,25.0,31.1,18.0,0.4,0.5,0.5,124.5,373.0,1092.5,563.0,32.0,636.5,16.0,0.4,0.5,0.5,125.0,375.0,1095.0,565.0,32.0,635.0,16.0,0.4,0.5,0.5
1974,2,291.0,28.0,21.1,22.0,23.0,22.13,27.0,0.88,14.0,0.4,0.6,0.3,19.04,21.0,22.45,20.96,27.0,2.51,16.0,0.4,0.6,0.3,9.15,12.63,14.48,12.16,24.0,2.82,14.0,0.4,0.6,0.3,59.0,80.6,90.8,77.5,24.0,14.2,14.0,0.4,0.3,3.6,5.1,10.3,6.61,27.0,3.81,14.0,0.4,0.6,0.3,-3.24,0.63,6.07,1.38,27.0,5.29,14.0,0.4,0.6,0.3,-6.26,2.57,5.65,0.69,27.0,5.43,14.0,0.4,0.6,0.3,1015.26,1017.8,1021.8,1018.24,28.0,4.18,14.0,0.5,0.6,0.3,2.0,4.5,7.0,4.4,26.0,2.6,14.0,0.5,0.6,0.3,-13.8,2.3,51.2,20.3,27.0,62.7,14.0,0.4,0.6,0.3,-48.8,9.9,38.4,-0.1,27.0,53.9,14.0,0.4,0.6,0.3,-0.21,1.05,3.3,1.29,26.0,2.43,14.0,0.4,0.6,0.3,-0.8,4.6,38.8,11.5,25.0,23.3,14.0,0.4,0.6,0.3,2.0,3.92,7.04,4.44,23.0,2.59,14.0,0.4,0.6,0.4,9.6,23.2,63.9,33.0,22.0,31.3,14.0,0.4,0.6,0.3,-59.6,17.8,115.2,30.4,26.0,105.4,16.0,0.4,0.6,0.3,-97.0,57.6,116.9,22.0,26.0,114.1,16.0,0.4,0.6,0.3,-30.4,8.3,53.3,19.9,23.0,54.4,14.0,0.4,0.6,0.3,-61.6,39.8,67.5,17.6,23.0,65.6,14.0,0.4,0.6,0.3,-12.4,2.6,36.0,10.2,22.0,32.3,14.0,0.4,0.6,0.3,-34.4,5.6,16.0,-4.4,22.0,30.7,14.0,0.4,0.6,0.3,46.5,132.5,1092.5,601.0,27.0,897.0,14.0,0.4,0.6,0.3,45.0,135.0,1095.0,600.0,27.0,895.0,14.0,0.4,0.6,0.3
1974,2,291.0,29.0,20.22,21.35,23.48,21.64,12.0,1.8,16.0,0.4,0.5,0.4,16.82,21.15,24.94,21.0,14.0,3.54,16.0,0.4,0.5,0.4,8.13,12.99,14.27,11.72,10.0,3.1,16.0,0.3,0.5,0.5,64.3,79.4,89.5,77.4,10.0,13.9,16.0,0.3,0.5,5.14,7.2,13.84,8.36,14.0,4.52,16.0,0.4,0.5,0.4,-0.34,0.23,8.89,2.97,14.0,5.78,16.0,0.4,0.5,0.4,-7.2,4.07,6.76,1.48,14.0,7.1,16.0,0.4,0.5,0.4,1011.63,1018.8,1021.92,1017.07,14.0,6.06,16.0,0.4,0.5,0.4,1.0,4.0,6.0,3.5,13.0,2.4,16.0,0.5,0.5,0.4,-0.7,0.6,123.1,45.8,14.0,90.3,16.0,0.4,0.5,0.4,-51.8,28.3,51.2,5.8,14.0,78.2,16.0,0.4,0.5,0.4,-2.5,0.9,4.0,0.65,12.0,3.5,16.0,0.4,0.5,0.4,-18.0,7.2,35.0,7.5,12.0,44.1,16.0,0.4,0.5,0.4,1.76,4.25,7.5,4.2,9.0,2.97,16.0,0.3,0.5,0.4,9.4,29.8,57.9,36.6,9.0,32.0,16.0,0.3,0.5,0.4,-8.5,5.9,153.0,64.8,14.0,135.8,16.0,0.4,0.5,0.4,-120.0,93.8,147.2,45.3,14.0,133.1,16.0,0.4,0.5,0.4,-3.2,0.0,95.4,43.3,10.0,83.6,16.0,0.3,0.5,0.5,-69.8,43.8,93.6,29.8,10.0,77.4,16.0,0.3,0.5,0.5,-0.7,0.0,26.0,9.0,9.0,27.3,16.0,0.3,0.5,0.4,-31.0,5.2,33.1,2.3,9.0,41.1,16.0,0.3,0.5,0.4,136.0,373.0,2651.5,1109.5,14.0,1563.0,16.0,0.4,0.5,0.4,135.0,375.0,2650.0,1110.0,14.0,1565.0,16.0,0.4,0.5,0.4
1974,2,291.0,30.0,19.8,21.0,22.16,21.1,15.0,1.11,16.0,0.4,0.5,0.4,15.85,19.45,21.0,18.91,16.0,2.76,16.0,0.4,0.5,0.4,6.69,11.75,13.76,10.96,13.0,3.25,16.0,0.5,0.4,0.5,57.7,83.9,90.0,76.6,13.0,16.4,16.0,0.5,0.5,5.1,8.7,12.04,8.64,17.0,3.66,16.0,0.5,0.5,0.4,-0.89,3.52,7.46,3.46,17.0,5.02,16.0,0.5,0.5,0.4,-7.91,0.89,8.59,0.37,17.0,7.4,16.0,0.5,0.5,0.4,1012.0,1017.2,1023.05,1016.89,17.0,5.3,16.0,0.5,0.5,0.4,2.4,4.0,7.0,4.6,16.0,2.1,16.0,0.4,0.5,0.5,-6.5,36.3,83.6,43.2,17.0,59.2,16.0,0.5,0.5,0.4,-65.8,4.3,87.2,8.4,17.0,83.7,16.0,0.5,0.5,0.4,-0.39,2.0,4.55,2.03,15.0,2.7,16.0,0.4,0.5,0.4,-1.3,15.3,25.3,15.8,15.0,24.8,16.0,0.4,0.5,0.4,1.7,3.81,6.42,4.01,12.0,2.7,16.0,0.5,0.4,0.4,7.7,29.7,55.7,33.3,12.0,23.4,16.0,0.5,0.4,0.4,-16.3,73.7,156.0,69.4,16.0,94.5,16.0,0.4,0.5,0.4,-121.3,23.7,182.5,28.5,16.0,146.0,16.0,0.4,0.5,0.4,-10.4,45.6,81.9,35.6,13.0,55.1,16.0,0.5,0.4,0.5,-45.7,22.7,111.1,32.3,13.0,79.5,16.0,0.5,0.4,0.5,-1.1,10.2,22.2,12.1,12.0,19.1,16.0,0.5,0.4,0.4,-47.9,3.7,29.2,-1.6,12.0,35.1,16.0,0.5,0.4,0.4,132.5,658.5,1767.0,978.5,17.0,1053.0,16.0,0.5,0.5,0.4,135.0,660.0,1765.0,980.0,17.0,1055.0,16.0,0.5,0.5,0.4
1974,2,291.0,31.0,19.3,20.0,21.04,20.14,11.0,1.05,12.0,0.6,0.4,0.4,15.29,16.45,19.95,17.18,12.0,2.59,12.0,0.7,0.5,0.4,7.7,8.88,12.25,9.62,10.0,2.49,12.0,0.8,0.5,0.4,67.2,78.8,84.9,75.9,10.0,11.9,12.0,0.8,0.4,3.47,9.5,13.69,9.66,12.0,5.52,12.0,0.7,0.5,0.4,2.34,4.89,12.82,6.94,12.0,6.07,12.0,0.7,0.5,0.4,-7.2,-0.74,3.77,-0.81,12.0,6.5,12.0,0.7,0.5,0.4,1013.5,1016.65,1024.88,1018.25,12.0,4.98,12.0,0.7,0.5,0.4,4.0,7.0,8.0,6.2,11.0,1.8,12.0,0.7,0.5,0.5,11.4,41.0,169.9,93.6,12.0,124.4,12.0,0.7,0.5,0.4,-71.0,-1.1,47.9,-8.9,12.0,80.8,12.0,0.7,0.5,0.4,-0.48,3.9,5.33,2.85,11.0,3.23,12.0,0.6,0.4,0.4,-6.8,14.0,41.7,25.6,11.0,52.8,12.0,0.6,0.4,0.4,2.0,4.72,7.53,4.48,9.0,2.75,12.0,0.8,0.4,0.4,18.1,25.0,42.9,33.0,9.0,23.8,12.0,0.8,0.4,0.4,40.7,74.5,242.4,118.1,12.0,101.0,12.0,0.7,0.5,0.4,-99.1,-12.0,74.8,-0.8,12.0,119.4,12.0,0.7,0.5,0.4,25.0,42.0,113.6,63.8,10.0,58.9,12.0,0.8,0.5,0.4,-57.0,-3.5,61.2,7.0,10.0,72.9,12.0,0.8,0.5,0.4,5.0,21.8,29.2,23.2,9.0,22.9,12.0,0.8,0.4,0.4,-38.7,4.0,8.4,-10.2,9.0,23.4,12.0,0.8,0.4,0.4,42.5,875.5,2642.5,1778.5,12.0,2632.5,12.0,0.7,0.5,0.4,40.0,875.0,2640.0,1780.0,12.0,2635.0,12.0,0.7,0.5,0.4
1974,2,291.0,32.0,18.86,20.0,22.2,20.18,13.0,1.44,16.0,0.5,0.4,0.4,15.52,17.3,20.89,18.34,15.0,3.39,16.0,0.5,0.5,0.4,6.28,10.36,13.03,10.23,14.0,3.05,18.0,0.4,0.4,0.4,57.4,77.8,89.7,75.5,14.0,14.1,18.0,0.4,0.4,4.79,12.3,15.4,11.09,15.0,5.11,16.0,0.5,0.5,0.4,1.51,4.21,11.5,5.76,15.0,6.5,16.0,0.5,0.5,0.4,-10.56,-0.45,7.74,-0.21,15.0,8.94,16.0,0.5,0.5,0.4,1004.1,1015.9,1019.53,1014.0,15.0,7.38,16.0,0.5,0.5,0.4,2.2,5.0,7.0,4.6,15.0,2.2,16.0,0.5,0.5,0.4,4.1,51.7,140.6,81.3,15.0,113.0,16.0,0.5,0.5,0.4,-144.5,-1.2,81.2,-10.7,15.0,124.4,16.0,0.5,0.5,0.4,-0.88,3.3,4.96,2.15,13.0,3.25,16.0,0.5,0.4,0.4,-13.1,25.0,52.0,19.1,13.0,42.0,16.0,0.5,0.4,0.4,2.21,5.24,6.75,4.87,12.0,2.79,18.0,0.5,0.4,0.4,10.7,53.7,79.5,48.4,12.0,32.8,18.0,0.5,0.4,0.4,29.4,65.6,174.5,100.5,15.0,132.1,16.0,0.5,0.5,0.4,-168.9,-6.5,182.9,13.2,15.0,167.3,16.0,0.5,0.5,0.4,15.9,35.3,85.5,48.6,14.0,75.7,18.0,0.4,0.4,0.4,-97.3,4.7,120.0,12.4,14.0,102.2,18.0,0.4,0.4,0.4,2.9,25.0,68.0,34.6,12.0,32.8,18.0,0.5,0.4,0.4,-42.4,1.3,21.8,-9.6,12.0,34.0,18.0,0.5,0.4,0.4,136.5,1861.0,3652.5,2140.5,15.0,2226.0,16.0,0.5,0.5,0.4,135.0,1860.0,3650.0,2140.0,15.0,2225.0,16.0,0.5,0.5,0.4
1974,2,291.0,33.0,18.6,19.2,20.0,19.28,12.0,0.85,16.0,0.3,0.5,0.4,15.0,17.25,19.2,17.18,12.0,1.94,16.0,0.3,0.5,0.4,6.88,8.45,11.4,9.03,12.0,2.14,16.0,0.3,0.5,0.4,64.2,71.7,84.4,73.9,12.0,12.4,16.0,0.3,0.4,6.29,9.3,12.9,9.63,12.0,3.46,16.0,0.3,0.5,0.4,0.0,4.76,6.51,3.62,12.0,4.16,16.0,0.3,0.5,0.4,-8.12,-1.27,10.84,1.21,12.0,8.94,16.0,0.3,0.5,0.4,1015.62,1018.95,1021.49,1018.77,12.0,3.53,16.0,0.3,0.5,0.4,3.5,7.0,8.0,6.1,12.0,2.3,16.0,0.3,0.5,0.4,0.0,27.8,96.6,37.2,12.0,46.5,16.0,0.3,0.5,0.4,-88.0,-6.5,120.2,22.2,12.0,113.1,16.0,0.3,0.5,0.4,-0.4,2.55,3.8,2.11,12.0,2.23,16.0,0.3,0.5,0.4,-5.5,16.8,33.1,16.6,12.0,23.1,16.0,0.3,0.5,0.4,2.64,5.35,6.77,4.81,12.0,2.2,16.0,0.3,0.5,0.4,25.8,39.8,61.6,43.1,12.0,23.6,16.0,0.3,0.5,0.4,0.0,77.9,115.8,61.1,12.0,71.5,16.0,0.3,0.5,0.4,-132.6,-20.4,212.1,34.1,12.0,160.8,16.0,0.3,0.5,0.4,0.0,34.2,63.5,31.6,12.0,36.7,16.0,0.3,0.5,0.4,-64.8,-8.1,118.9,23.2,12.0,90.2,16.0,0.3,0.5,0.4,0.0,15.0,40.3,17.3,12.0,26.9,16.0,0.3,0.5,0.4,-47.6,-9.0,31.6,-7.8,12.0,38.3,16.0,0.3,0.5,0.4,258.0,804.5,2146.5,1224.5,12.0,1258.5,16.0,0.3,0.5,0.4,260.0,805.0,2145.0,1225.0,12.0,1260.0,16.0,0.3,0.5,0.4
1974,2,291.0,34.0,18.99,19.5,19.64,19.06,19.0,1.25,14.0,0.7,0.4,0.6,15.24,18.9,19.72,17.46,18.0,3.15,14.0,0.7,0.4,0.6,9.24,10.94,12.07,10.56,11.0,1.68,14.0,0.6,0.4,0.6,69.2,80.2,86.5,78.9,11.0,10.1,14.0,0.6,0.6,10.26,15.15,18.62,14.89,16.0,4.43,12.0,0.6,0.5,0.6,7.43,12.02,17.24,11.73,16.0,5.58,12.0,0.6,0.5,0.6,-2.79,5.63,10.75,4.44,16.0,7.56,12.0,0.6,0.5,0.6,1001.59,1008.35,1016.55,1008.78,16.0,7.15,12.0,0.6,0.5,0.6,3.7,6.0,8.0,5.9,18.0,2.0,14.0,0.7,0.4,0.6,80.5,207.7,316.6,194.3,16.0,122.4,12.0,0.6,0.5,0.6,-25.1,63.6,155.3,69.0,16.0,130.0,12.0,0.6,0.5,0.6,-0.5,0.55,4.05,1.56,18.0,2.2,14.0,0.7,0.4,0.6,-5.6,9.0,67.5,27.1,15.0,33.7,12.0,0.6,0.5,0.6,2.15,2.99,4.91,3.51,11.0,1.55,14.0,0.6,0.4,0.6,27.3,43.1,81.4,51.3,11.0,28.7,14.0,0.6,0.4,0.6,100.0,197.6,276.5,194.9,15.0,104.7,12.0,0.6,0.5,0.6,-33.3,115.0,191.9,91.3,15.0,128.6,12.0,0.6,0.5,0.6,59.5,118.7,159.2,107.0,11.0,55.9,14.0,0.6,0.4,0.6,32.5,72.9,121.9,77.6,11.0,71.3,14.0,0.6,0.4,0.6,12.6,27.7,59.6,36.9,11.0,30.0,14.0,0.6,0.4,0.6,6.4,21.5,41.8,16.9,11.0,31.6,14.0,0.6,0.4,0.6,1159.5,3503.0,6468.0,4089.0,16.0,2884.0,12.0,0.6,0.5,0.6,1160.0,3505.0,6470.0,4090.0,16.0,2885.0,12.0,0.6,0.5,0.6
1974,2,291.0,35.0,18.95,19.45,20.0,19.58,12.0,1.37,14.0,0.4,0.4,0.5,13.55,17.55,18.93,16.57,12.0,2.75,14.0,0.4,0.4,0.5,6.64,7.36,11.84,9.0,9.0,2.87,16.0,0.3,0.4,0.4,61.6,78.1,90.0,76.2,9.0,15.0,16.0,0.3,0.4,10.01,10.65,18.2,12.92,10.0,5.77,16.0,0.3,0.4,0.4,0.0,2.78,7.89,4.08,10.0,4.09,16.0,0.3,0.4,0.4,0.53,8.37,17.7,8.56,10.0,10.1,16.0,0.3,0.4,0.4,1002.64,1015.3,1018.77,1012.03,11.0,7.95,14.0,0.4,0.5,0.5,6.0,8.0,8.0,7.3,12.0,1.0,14.0,0.4,0.4,0.5,0.0,30.2,81.3,44.1,10.0,46.2,16.0,0.3,0.4,0.4,-5.4,81.4,353.8,148.2,10.0,226.2,16.0,0.3,0.4,0.4,0.4,1.2,7.21,3.01,12.0,3.52,14.0,0.4,0.4,0.5,9.8,23.4,89.5,39.6,10.0,39.4,16.0,0.3,0.4,0.4,1.98,4.76,7.77,5.22,9.0,3.59,16.0,0.3,0.4,0.4,34.4,53.7,87.4,60.0,9.0,35.2,16.0,0.3,0.4,0.4,0.0,44.6,115.0,58.3,10.0,56.5,16.0,0.3,0.4,0.4,12.6,144.9,321.4,155.0,10.0,174.0,16.0,0.3,0.4,0.4,0.0,11.4,65.9,30.5,9.0,38.5,16.0,0.3,0.4,0.4,-7.1,78.1,212.9,95.2,9.0,114.3,16.0,0.3,0.4,0.4,0.0,9.2,64.1,23.5,9.0,34.7,16.0,0.3,0.4,0.4,-22.1,42.0,58.6,20.8,9.0,54.5,16.0,0.3,0.4,0.4,1006.0,1212.0,7659.5,3535.0,10.0,5111.0,16.0,0.3,0.4,0.4,1005.0,1210.0,7660.0,3535.0,10.0,5110.0,16.0,0.3,0.4,0.4
1974,2,291.0,36.0,18.25,19.9,21.75,19.58,13.0,2.47,18.0,0.5,0.5,0.4,10.49,15.85,17.62,14.87,18.0,3.46,16.0,0.5,0.5,0.4,5.93,8.07,10.34,8.25,15.0,2.35,18.0,0.5,0.5,0.4,61.7,75.2,87.7,74.0,16.0,11.8,18.0,0.5,0.4,9.86,15.7,20.6,15.76,18.0,6.25,16.0,0.5,0.5,0.4,-0.89,7.74,14.65,7.47,18.0,8.5,16.0,0.5,0.5,0.4,-10.06,2.21,17.27,2.9,18.0,12.72,16.0,0.5,0.5,0.4,1002.29,1015.4,1019.01,1012.24,17.0,9.32,16.0,0.5,0.6,0.4,7.0,8.0,8.0,7.3,18.0,1.4,16.0,0.5,0.5,0.4,-12.7,96.5,288.2,138.1,18.0,198.4,16.0,0.5,0.5,0.4,-154.8,11.3,302.0,49.6,18.0,259.4,16.0,0.5,0.5,0.4,1.24,3.9,9.17,4.89,13.0,4.33,18.0,0.5,0.5,0.4,12.5,62.4,137.8,71.9,13.0,61.1,18.0,0.5,0.5,0.4,4.35,6.83,8.63,6.67,12.0,2.54,16.0,0.5,0.5,0.4,45.2,102.4,124.9,92.1,12.0,39.5,16.0,0.5,0.5,0.4,-15.0,87.5,228.2,108.0,18.0,130.3,16.0,0.5,0.5,0.4,-103.3,34.9,291.3,77.0,18.0,201.7,16.0,0.5,0.5,0.4,3.8,48.5,156.2,63.6,15.0,76.0,18.0,0.5,0.5,0.4,-48.8,29.4,196.1,48.9,15.0,125.8,18.0,0.5,0.5,0.4,14.7,59.0,98.0,55.9,12.0,44.7,16.0,0.5,0.5,0.4,-73.4,11.2,60.4,0.3,12.0,73.5,16.0,0.5,0.5,0.4,1017.0,3949.5,8742.0,5693.5,18.0,5973.5,16.0,0.5,0.5,0.4,1015.0,3950.0,8740.0,5695.0,18.0,5975.0,16.0,0.5,0.5,0.4
1974,2,291.0,37.0,18.44,21.0,22.23,20.64,15.0,1.79,14.0,0.3,0.5,0.3,8.0,12.15,16.93,12.13,18.0,5.23,12.0,0.3,0.5,0.3,5.48,5.98,8.09,6.65,13.0,2.19,14.0,0.3,0.6,0.3,64.3,76.9,87.8,75.5,14.0,12.3,14.0,0.3,0.3,6.7,12.9,19.48,13.42,18.0,6.18,12.0,0.3,0.5,0.3,0.0,7.66,17.95,7.45,18.0,9.72,12.0,0.3,0.5,0.3,-10.3,-4.67,1.06,-3.3,18.0,8.0,12.0,0.3,0.5,0.3,1000.85,1018.1,1022.19,1013.35,16.0,10.78,14.0,0.3,0.5,0.3,5.7,7.0,8.0,6.5,18.0,1.8,12.0,0.3,0.5,0.3,0.0,81.5,363.0,135.1,18.0,199.6,12.0,0.3,0.5,0.3,-122.0,-50.9,4.9,-32.1,18.0,146.9,12.0,0.3,0.5,0.3,2.94,8.0,13.32,7.82,15.0,4.92,14.0,0.3,0.5,0.3,28.0,100.3,147.4,87.3,15.0,68.9,14.0,0.3,0.5,0.3,5.98,9.7,10.81,8.77,12.0,2.45,14.0,0.3,0.6,0.3,44.8,93.7,153.5,101.0,12.0,54.0,14.0,0.3,0.6,0.3,0.0,59.8,265.4,101.8,18.0,142.6,12.0,0.3,0.5,0.3,-89.3,-43.3,15.1,-10.7,18.0,134.1,12.0,0.3,0.5,0.3,0.0,20.5,83.6,48.4,13.0,73.3,14.0,0.3,0.6,0.3,-63.1,-29.4,1.9,-19.1,13.0,53.2,14.0,0.3,0.6,0.3,5.7,30.0,146.6,68.0,12.0,68.2,14.0,0.3,0.6,0.3,-82.6,-45.5,8.8,-39.3,12.0,51.5,14.0,0.3,0.6,0.3,301.0,2146.5,7428.0,3930.0,18.0,4501.5,12.0,0.3,0.5,0.3,300.0,2145.0,7430.0,3930.0,18.0,4500.0,12.0,0.3,0.5,0.3
1974,2,291.0,38.0,11.75,14.0,18.02,14.54,23.0,3.71,16.0,0.5,0.5,0.5,5.25,12.0,15.8,10.72,23.0,6.11,16.0,0.5,0.5,0.5,4.02,6.85,10.24,7.47,19.0,3.29,16.0,0.5,0.5,0.4,63.3,79.1,91.3,77.1,19.0,13.5,16.0,0.5,0.4,4.85,9.3,14.4,10.23,23.0,5.92,16.0,0.5,0.5,0.5,1.42,4.53,10.6,5.36,23.0,6.91,16.0,0.5,0.5,0.5,-9.14,-0.8,7.1,-0.93,23.0,8.12,16.0,0.5,0.5,0.5,1006.34,1010.4,1018.1,1011.47,23.0,5.58,16.0,0.5,0.5,0.5,5.5,7.0,8.0,6.5,23.0,1.8,16.0,0.5,0.5,0.5,4.7,34.4,139.4,84.5,23.0,155.1,16.0,0.5,0.5,0.5,-120.8,-3.7,66.6,-18.1,23.0,119.5,16.0,0.5,0.5,0.5,-2.2,2.2,10.2,3.83,23.0,6.13,16.0,0.5,0.5,0.5,-11.8,25.5,113.9,51.6,23.0,84.2,16.0,0.5,0.5,0.5,-0.65,3.38,7.03,3.24,19.0,3.74,16.0,0.5,0.5,0.4,-6.4,29.2,79.3,34.5,19.0,46.5,16.0,0.5,0.5,0.4,1.3,35.3,94.5,41.1,23.0,52.9,16.0,0.5,0.5,0.5,-78.6,0.0,92.9,12.6,23.0,78.0,16.0,0.5,0.5,0.5,12.5,23.1,60.5,28.7,19.0,33.1,16.0,0.5,0.5,0.4,-50.2,0.0,63.3,9.9,19.0,52.6,16.0,0.5,0.5,0.4,-5.0,11.3,32.7,14.8,19.0,21.5,16.0,0.5,0.5,0.4,-37.4,-6.2,7.3,-17.8,19.0,48.9,16.0,0.5,0.5,0.4,114.5,804.5,2986.0,2298.5,23.0,4025.0,16.0,0.5,0.5,0.5,115.0,805.0,2985.0,2300.0,23.0,4025.0,16.0,0.5,0.5,0.5
1974,2,291.0,39.0,11.0,14.55,15.72,13.79,18.0,2.9,14.0,0.5,0.6,0.4,3.61,6.55,11.98,7.14,20.0,4.33,16.0,0.5,0.6,0.4,4.49,5.35,6.8,5.58,11.0,1.6,14.0,0.3,0.5,0.4,74.5,80.8,88.2,81.0,11.0,8.5,14.0,0.3,0.4,7.24,11.3,22.28,13.22,17.0,7.11,14.0,0.5,0.6,0.4,0.0,6.94,18.07,8.13,17.0,7.93,14.0,0.5,0.6,0.4,-10.6,-6.16,3.09,-4.23,17.0,9.19,14.0,0.5,0.6,0.4,1005.11,1012.35,1018.69,1012.21,20.0,8.66,16.0,0.5,0.6,0.4,2.0,7.0,8.0,6.0,20.0,2.8,16.0,0.5,0.6,0.4,0.0,63.8,372.9,147.2,17.0,171.9,14.0,0.5,0.6,0.4,-149.5,-64.0,20.7,-55.5,17.0,185.2,14.0,0.5,0.6,0.4,2.8,6.6,10.62,6.64,18.0,3.96,14.0,0.5,0.6,0.4,4.8,77.8,163.2,87.5,15.0,73.3,14.0,0.5,0.6,0.4,2.7,5.27,5.94,4.48,11.0,1.95,14.0,0.3,0.5,0.4,28.7,48.5,87.1,55.9,8.0,37.0,14.0,0.3,0.5,0.4,0.0,33.8,150.9,64.8,17.0,85.5,14.0,0.5,0.6,0.4,-76.3,-12.3,44.5,-13.4,17.0,72.8,14.0,0.5,0.6,0.4,1.4,31.8,79.1,41.8,8.0,42.4,14.0,0.3,0.5,0.4,-51.5,-17.1,55.2,-14.6,8.0,62.2,14.0,0.3,0.5,0.4,2.1,21.0,41.9,29.2,8.0,29.2,14.0,0.3,0.5,0.4,-50.7,-18.5,3.7,-29.8,8.0,45.8,14.0,0.3,0.5,0.4,385.0,1443.0,11060.5,4200.0,17.0,4695.5,14.0,0.5,0.6,0.4,385.0,1445.0,11060.0,4200.0,17.0,4695.0,14.0,0.5,0.6,0.4
1974,2,291.0,40.0,5.53,7.0,7.86,6.94,28.0,1.96,16.0,0.5,0.5,0.5,0.01,3.3,8.0,3.36,33.0,3.8,18.0,0.5,0.5,0.5,3.04,3.9,5.03,4.08,17.0,1.18,16.0,0.5,0.6,0.5,71.7,77.8,90.1,79.2,17.0,11.2,16.0,0.5,0.5,4.02,7.85,13.56,8.5,32.0,5.15,18.0,0.4,0.5,0.5,-1.82,2.36,7.52,2.98,32.0,6.4,18.0,0.4,0.5,0.5,-8.17,-5.2,2.03,-4.37,32.0,5.59,18.0,0.4,0.5,0.5,1001.45,1009.5,1025.6,1010.94,33.0,11.67,18.0,0.5,0.5,0.5,3.3,7.5,8.0,6.3,28.0,2.5,18.0,0.5,0.6,0.5,-12.0,14.5,92.1,43.6,32.0,101.2,18.0,0.4,0.5,0.5,-87.1,-43.3,5.3,-52.0,32.0,83.6,18.0,0.4,0.5,0.5,0.09,5.4,7.56,4.05,28.0,4.02,16.0,0.5,0.5,0.5,0.4,30.8,79.8,44.8,27.0,51.7,16.0,0.4,0.5,0.5,0.98,2.25,3.38,2.44,14.0,1.58,14.0,0.6,0.6,0.5,7.6,15.0,45.6,28.6,13.0,27.2,14.0,0.5,0.6,0.5,-17.7,1.0,12.1,4.8,32.0,38.5,18.0,0.4,0.5,0.5,-27.2,-4.2,25.1,-4.0,32.0,29.0,18.0,0.4,0.5,0.5,-8.1,9.3,36.1,16.9,16.0,33.0,16.0,0.5,0.6,0.5,-38.0,-23.4,6.1,-17.1,16.0,25.9,16.0,0.5,0.6,0.5,-0.5,8.2,28.9,14.9,13.0,18.4,14.0,0.5,0.6,0.5,-41.7,-10.4,0.1,-19.6,13.0,25.1,14.0,0.5,0.6,0.5,66.0,484.5,2506.0,1355.5,32.0,2212.0,18.0,0.4,0.5,0.5,65.0,485.0,2505.0,1355.0,32.0,2210.0,18.0,0.4,0.5,0.5
1974,2,291.0,41.0,5.2,6.0,7.0,5.93,25.0,1.84,8.0,0.5,0.6,0.6,-1.01,0.0,2.22,0.6,26.0,2.4,10.0,0.5,0.6,0.6,3.0,3.58,4.1,3.55,3.0,0.8,8.0,0.3,0.5,0.4,75.0,80.9,91.0,83.0,3.0,11.9,8.0,0.3,0.4,4.1,8.2,13.5,8.35,29.0,3.99,10.0,0.5,0.6,0.6,-6.16,0.0,6.77,-0.03,29.0,6.47,10.0,0.5,0.6,0.6,-9.96,-4.63,0.0,-4.46,29.0,5.08,10.0,0.5,0.6,0.6,1009.92,1017.1,1023.72,1017.2,29.0,6.44,10.0,0.5,0.6,0.6,3.3,8.0,8.0,6.4,22.0,2.8,8.0,0.6,0.5,0.5,-70.9,0.0,58.3,-1.0,29.0,76.8,10.0,0.5,0.6,0.6,-122.9,-33.6,0.0,-46.0,29.0,67.2,10.0,0.5,0.6,0.6,4.33,6.2,7.2,5.54,22.0,3.2,8.0,0.5,0.6,0.6,19.4,50.0,83.6,48.6,22.0,40.6,8.0,0.5,0.6,0.6,1.94,2.64,2.88,2.42,3.0,0.71,8.0,0.3,0.5,0.4,15.1,29.8,34.7,25.0,3.0,15.0,8.0,0.3,0.5,0.4,-12.0,0.0,3.1,-4.7,26.0,15.4,10.0,0.5,0.6,0.6,-5.4,0.0,7.6,3.1,26.0,16.1,10.0,0.5,0.6,0.6,-15.9,19.2,20.4,2.7,3.0,30.2,8.0,0.3,0.5,0.4,-31.8,-17.6,-13.2,-22.3,3.0,14.2,8.0,0.3,0.5,0.4,-14.0,7.1,17.9,2.1,3.0,23.7,8.0,0.3,0.5,0.4,-25.4,-19.2,-8.9,-17.2,3.0,12.2,8.0,0.3,0.5,0.4,69.0,551.5,2469.0,981.5,29.0,1089.0,10.0,0.5,0.6,0.6,70.0,550.0,2470.0,980.0,29.0,1090.0,10.0,0.5,0.6,0.6
1974,2,291.0,42.0,4.32,5.5,6.5,5.27,7.0,1.32,6.0,0.4,0.6,0.2,-2.57,-0.15,7.44,1.52,10.0,4.59,6.0,0.4,0.6,0.3,4.24,4.58,4.92,4.58,2.0,0.71,10.0,0.0,0.6,0.3,86.5,91.7,96.9,91.7,2.0,10.8,10.0,0.0,0.3,7.47,12.9,13.63,11.43,9.0,4.43,8.0,0.3,0.6,0.3,-6.73,2.24,8.27,1.27,9.0,7.13,8.0,0.3,0.6,0.3,-8.29,-3.35,11.46,0.21,9.0,10.67,8.0,0.3,0.6,0.3,999.56,1011.0,1015.71,1009.3,9.0,8.29,8.0,0.3,0.6,0.3,1.8,7.0,8.0,5.4,9.0,3.1,8.0,0.4,0.6,0.3,-65.9,17.7,100.9,15.1,9.0,88.2,8.0,0.3,0.6,0.3,-107.0,-32.8,137.6,21.5,9.0,169.2,8.0,0.3,0.6,0.3,-1.24,3.3,7.9,3.53,7.0,4.11,6.0,0.4,0.6,0.2,-16.1,32.6,92.7,34.6,6.0,55.5,6.0,0.3,0.6,0.3,0.58,0.8,1.02,0.8,2.0,0.45,10.0,0.0,0.6,0.3,5.6,9.2,12.7,9.2,2.0,7.4,10.0,0.0,0.6,0.3,-21.6,0.0,13.0,-3.2,9.0,19.4,8.0,0.3,0.6,0.3,-4.9,20.3,88.8,40.9,9.0,56.6,8.0,0.3,0.6,0.3,12.5,23.8,35.1,23.8,2.0,23.4,10.0,0.0,0.6,0.3,-21.9,3.6,29.2,3.6,2.0,52.9,10.0,0.0,0.6,0.3,2.3,5.9,9.4,5.9,2.0,7.3,10.0,0.0,0.6,0.3,-7.2,-2.7,1.8,-2.7,2.0,9.3,10.0,0.0,0.6,0.3,421.5,2146.5,2540.5,2125.0,9.0,2391.5,8.0,0.3,0.6,0.3,420.0,2145.0,2540.0,2125.0,9.0,2390.0,8.0,0.3,0.6,0.3
1974,2,291.0,43.0,5.6,5.6,5.6,5.6,1.0,0.0,14.0,1.0,0.6,0.4,-3.56,1.0,6.43,1.02,5.0,6.06,14.0,1.0,0.5,0.5,5.02,5.02,5.02,5.02,1.0,0.0,14.0,1.0,0.6,0.4,85.8,85.8,85.8,85.8,1.0,0.0,14.0,1.0,0.4,4.92,12.3,13.45,9.86,5.0,4.64,14.0,1.0,0.5,0.5,-5.11,-2.96,5.81,-0.09,5.0,7.55,14.0,1.0,0.5,0.5,-6.09,3.52,7.85,1.62,5.0,9.1,14.0,1.0,0.5,0.5,1000.11,1013.0,1017.1,1008.36,5.0,13.59,14.0,1.0,0.5,0.5,5.3,6.0,7.4,6.2,5.0,1.5,14.0,1.0,0.5,0.5,-49.7,-13.6,74.8,8.2,5.0,90.9,14.0,1.0,0.5,0.5,-59.2,16.2,107.4,25.0,5.0,120.6,14.0,1.0,0.5,0.5,-0.5,-0.5,-0.5,-0.5,1.0,0.0,14.0,1.0,0.6,0.4,-7.2,-7.2,-7.2,-7.2,1.0,0.0,14.0,1.0,0.6,0.4,0.63,0.63,0.63,0.63,1.0,0.0,14.0,1.0,0.6,0.4,9.1,9.1,9.1,9.1,1.0,0.0,14.0,1.0,0.6,0.4,1.0,15.3,71.7,32.6,5.0,38.4,14.0,1.0,0.5,0.5,3.8,29.4,81.8,40.5,5.0,40.1,14.0,1.0,0.5,0.5,12.5,12.5,12.5,12.5,1.0,0.0,14.0,1.0,0.6,0.4,71.1,71.1,71.1,71.1,1.0,0.0,14.0,1.0,0.6,0.4,1.6,1.6,1.6,1.6,1.0,0.0,14.0,1.0,0.6,0.4,9.0,9.0,9.0,9.0,1.0,0.0,14.0,1.0,0.6,0.4,120.0,1861.0,2453.0,1444.5,5.0,1282.5,14.0,1.0,0.5,0.5,120.0,1860.0,2455.0,1445.0,5.0,1280.0,14.0,1.0,0.5,0.5
1974,2,291.0,44.0,4.4,4.4,4.71,4.55,4.0,0.3,20.0,1.0,1.0,0.2,-3.02,-0.4,4.24,0.32,5.0,4.07,20.0,1.0,1.0,0.2,2.16,3.34,4.86,3.5,4.0,1.57,20.0,1.0,1.0,0.2,69.9,85.7,92.3,81.3,4.0,15.2,20.0,1.0,0.2,3.79,8.2,12.52,8.0,5.0,4.83,20.0,1.0,1.0,0.2,-3.19,3.91,9.02,2.82,5.0,7.47,20.0,1.0,1.0,0.2,-4.33,-1.48,2.71,-0.49,5.0,6.11,20.0,1.0,1.0,0.2,1000.64,1013.6,1018.44,1009.73,4.0,12.76,20.0,1.0,1.0,0.2,0.6,3.0,8.0,4.0,5.0,3.8,20.0,1.0,1.0,0.2,-39.3,19.9,89.9,22.0,5.0,88.0,20.0,1.0,1.0,0.2,-38.2,-11.7,45.1,4.2,5.0,74.7,20.0,1.0,1.0,0.2,0.26,3.0,7.11,3.65,4.0,4.33,20.0,1.0,1.0,0.2,4.0,14.6,38.3,20.9,4.0,27.1,20.0,1.0,1.0,0.2,0.49,1.93,2.99,1.75,4.0,1.47,20.0,1.0,1.0,0.2,2.6,8.1,24.6,13.4,4.0,15.9,20.0,1.0,1.0,0.2,-16.5,-4.3,15.5,-0.4,5.0,26.0,20.0,1.0,1.0,0.2,-1.0,6.6,18.2,9.3,5.0,16.8,20.0,1.0,1.0,0.2,-19.8,11.4,33.0,6.8,4.0,34.2,20.0,1.0,1.0,0.2,-10.6,-5.3,21.8,5.1,4.0,26.6,20.0,1.0,1.0,0.2,-4.3,0.1,16.9,6.0,4.0,17.3,20.0,1.0,1.0,0.2,-11.6,-2.3,4.6,-3.5,4.0,11.3,20.0,1.0,1.0,0.2,85.5,551.5,1965.0,939.0,5.0,998.0,20.0,1.0,1.0,0.2,85.0,550.0,1965.0,940.0,5.0,1000.0,20.0,1.0,1.0,0.2
1974,2,291.0,48.0,-1.0,-0.9,-0.8,-0.87,23.0,0.26,10.0,0.9,0.5,0.5,-14.33,-10.35,-7.36,-10.42,24.0,3.07,8.0,0.9,0.5,0.5,0.85,1.42,1.65,1.3,24.0,0.39,8.0,0.9,0.5,0.5,57.4,74.5,87.1,74.2,24.0,13.3,8.0,0.9,0.5,6.2,8.2,15.48,9.73,24.0,5.01,8.0,0.9,0.5,0.5,0.58,7.24,12.05,7.18,24.0,5.84,8.0,0.9,0.5,0.5,-7.7,-1.86,3.85,-1.82,24.0,5.68,8.0,0.9,0.5,0.5,1010.32,1015.95,1019.5,1014.97,24.0,4.24,8.0,0.9,0.5,0.5,2.7,7.0,8.0,5.6,24.0,2.6,8.0,0.9,0.5,0.5,1.5,55.7,195.6,93.4,24.0,115.6,8.0,0.9,0.5,0.5,-62.4,-13.5,48.9,-18.0,24.0,72.5,8.0,0.9,0.5,0.5,6.59,9.7,13.35,9.68,23.0,3.09,10.0,0.9,0.5,0.5,39.1,72.4,142.5,91.9,23.0,64.2,10.0,0.9,0.5,0.5,1.9,2.16,2.67,2.26,23.0,0.37,10.0,0.9,0.5,0.5,11.7,18.6,38.7,22.3,23.0,14.8,10.0,0.9,0.5,0.5,-127.7,-68.0,-9.0,-77.0,24.0,75.2,8.0,0.9,0.5,0.5,-42.0,17.2,71.8,15.3,24.0,51.1,8.0,0.9,0.5,0.5,0.5,10.3,12.0,8.3,24.0,5.4,8.0,0.9,0.5,0.5,-12.5,-2.3,3.6,-3.3,24.0,8.8,8.0,0.9,0.5,0.5,1.1,15.1,30.8,17.7,23.0,16.5,10.0,0.9,0.5,0.5,-14.5,-2.0,9.6,-2.5,23.0,11.5,10.0,0.9,0.5,0.5,238.5,557.5,3816.5,1687.5,24.0,2380.5,8.0,0.9,0.5,0.5,240.0,560.0,3815.0,1690.0,24.0,2380.0,8.0,0.9,0.5,0.5
1974,2,291.0,49.0,-1.2,-1.2,-1.2,-1.2,1.0,0.0,2.0,1.0,0.9,0.2,-20.9,-10.8,-0.7,-10.8,2.0,20.93,10.0,1.0,0.8,0.5,0.37,0.37,0.37,0.37,1.0,0.0,2.0,1.0,0.9,0.2,78.8,78.8,78.8,78.8,1.0,0.0,2.0,1.0,0.2,8.7,8.7,8.7,8.7,1.0,0.0,2.0,1.0,0.9,0.2,8.57,8.57,8.57,8.57,1.0,0.0,2.0,1.0,0.9,0.2,1.51,1.51,1.51,1.51,1.0,0.0,2.0,1.0,0.9,0.2,1006.44,1008.45,1010.46,1008.45,2.0,4.17,10.0,1.0,0.8,0.5,3.0,5.0,7.0,5.0,2.0,4.2,10.0,1.0,0.8,0.5,74.5,74.5,74.5,74.5,1.0,0.0,2.0,1.0,0.9,0.2,13.1,13.1,13.1,13.1,1.0,0.0,2.0,1.0,0.9,0.2,24.4,24.4,24.4,24.4,1.0,0.0,2.0,1.0,0.9,0.2,212.3,212.3,212.3,212.3,1.0,0.0,2.0,1.0,0.9,0.2,3.09,3.09,3.09,3.09,1.0,0.0,2.0,1.0,0.9,0.2,26.9,26.9,26.9,26.9,1.0,0.0,2.0,1.0,0.9,0.2,-219.3,-219.3,-219.3,-219.3,1.0,0.0,2.0,1.0,0.9,0.2,-38.7,-38.7,-38.7,-38.7,1.0,0.0,2.0,1.0,0.9,0.2,3.2,3.2,3.2,3.2,1.0,0.0,2.0,1.0,0.9,0.2,0.6,0.6,0.6,0.6,1.0,0.0,2.0,1.0,0.9,0.2,26.5,26.5,26.5,26.5,1.0,0.0,2.0,1.0,0.9,0.2,4.7,4.7,4.7,4.7,1.0,0.0,2.0,1.0,0.9,0.2,658.5,658.5,658.5,658.5,1.0,0.0,2.0,1.0,0.9,0.2,660.0,660.0,660.0,660.0,1.0,0.0,2.0,1.0,0.9,0.2
1974,2,292.0,-69.0,0.37,1.35,1.85,1.08,12.0,0.83,24.0,0.7,0.8,0.8,-1.2,1.9,4.63,1.9,12.0,2.44,24.0,0.7,0.8,0.8,3.39,3.58,3.85,3.63,10.0,0.44,22.0,0.6,0.8,0.8,67.9,79.8,86.1,77.9,10.0,9.8,22.0,0.6,0.8,0.0,1.5,5.76,3.45,11.0,4.72,24.0,0.6,0.7,0.8,-3.31,0.0,0.0,-2.5,11.0,4.52,24.0,0.6,0.7,0.8,-3.91,0.0,0.0,-1.35,11.0,2.45,24.0,0.6,0.7,0.8,977.75,987.35,991.48,984.84,12.0,6.51,24.0,0.7,0.8,0.8,6.7,8.0,8.0,7.5,12.0,1.0,24.0,0.7,0.8,0.8,-19.1,0.0,0.0,-27.4,11.0,68.9,24.0,0.6,0.7,0.8,-19.9,0.0,0.0,-4.6,11.0,19.7,24.0,0.6,0.7,0.8,-3.63,-0.65,1.51,-0.82,12.0,2.68,24.0,0.7,0.8,0.8,-17.0,0.0,1.7,-9.7,11.0,20.9,24.0,0.6,0.7,0.8,0.01,0.62,1.02,0.56,10.0,0.49,22.0,0.6,0.8,0.8,0.0,0.0,4.4,1.7,9.0,2.7,22.0,0.6,0.7,0.8,-11.6,-1.1,0.0,-10.2,11.0,22.3,24.0,0.6,0.7,0.8,-11.8,0.0,0.8,-2.4,11.0,7.9,24.0,0.6,0.7,0.8,-12.5,-11.5,0.0,-11.4,9.0,17.4,22.0,0.6,0.7,0.8,-14.7,0.0,0.0,-5.5,9.0,9.7,22.0,0.6,0.7,0.8,-2.7,0.0,0.0,-1.3,9.0,2.3,22.0,0.6,0.7,0.8,-2.1,0.0,0.4,-0.6,9.0,1.6,22.0,0.6,0.7,0.8,0.0,3.5,202.0,390.0,11.0,1086.0,24.0,0.6,0.7,0.8,0.0,5.0,200.0,390.0,11.0,1085.0,24.0,0.6,0.7,0.8
1974,2,292.0,-68.0,1.46,2.05,2.2,1.84,10.0,0.58,24.0,0.7,0.5,0.4,1.0,2.7,3.06,2.13,10.0,1.83,24.0,0.7,0.5,0.4,3.58,4.08,4.55,4.03,8.0,0.51,24.0,0.9,0.6,0.4,75.2,85.7,93.9,84.6,8.0,10.9,24.0,0.9,0.4,7.7,9.3,13.79,9.53,8.0,4.82,24.0,0.6,0.5,0.3,-11.48,-5.27,-1.54,-5.99,8.0,4.59,24.0,0.6,0.5,0.3,-9.77,-7.82,-4.47,-6.79,8.0,3.5,24.0,0.6,0.5,0.3,967.94,971.1,977.7,972.45,10.0,5.51,24.0,0.7,0.5,0.4,7.0,8.0,8.0,7.6,10.0,0.7,24.0,0.7,0.5,0.4,-152.8,-44.3,-12.4,-73.8,8.0,69.9,24.0,0.6,0.5,0.3,-140.6,-66.6,-40.2,-76.3,8.0,52.0,24.0,0.6,0.5,0.3,-1.41,-0.55,0.54,-0.29,10.0,1.73,24.0,0.7,0.5,0.4,-11.6,-3.3,5.5,-0.9,8.0,24.1,24.0,0.6,0.5,0.3,0.11,0.5,0.81,0.46,8.0,0.56,24.0,0.9,0.6,0.4,1.5,4.0,9.2,6.4,6.0,7.6,24.0,0.8,0.6,0.4,-33.2,-11.0,-0.1,-11.5,8.0,21.1,24.0,0.6,0.5,0.3,-29.1,-17.7,-0.3,-16.9,8.0,19.2,24.0,0.6,0.5,0.3,-38.5,-21.6,-12.5,-23.5,6.0,13.8,24.0,0.8,0.6,0.4,-41.5,-31.9,-25.8,-33.2,6.0,9.5,24.0,0.8,0.6,0.4,-5.8,-1.5,-0.8,-4.0,6.0,6.1,24.0,0.8,0.6,0.4,-6.9,-3.4,-1.4,-4.7,6.0,4.8,24.0,0.8,0.6,0.4,456.5,804.5,2626.0,1376.0,8.0,1294.5,24.0,0.6,0.5,0.3,455.0,805.0,2625.0,1375.0,8.0,1295.0,24.0,0.6,0.5,0.3
1974,2,292.0,-67.0,0.08,0.25,0.42,0.25,2.0,0.35,22.0,1.0,0.4,0.5,1.55,1.65,1.75,1.65,2.0,0.21,22.0,1.0,0.4,0.5,4.03,4.21,4.39,4.21,2.0,0.38,22.0,1.0,0.4,0.5,93.0,95.9,98.7,95.9,2.0,5.9,22.0,1.0,0.5,1.49,2.55,3.61,2.55,2.0,2.19,22.0,1.0,0.4,0.5,1.15,1.52,1.88,1.52,2.0,0.75,22.0,1.0,0.4,0.5,-3.01,-1.86,-0.71,-1.86,2.0,2.39,22.0,1.0,0.4,0.5,976.14,982.9,989.66,982.9,2.0,14.0,22.0,1.0,0.4,0.5,2.1,4.5,6.9,4.5,2.0,4.9,22.0,1.0,0.4,0.5,2.2,4.7,7.2,4.7,2.0,5.2,22.0,1.0,0.4,0.5,-12.3,-7.4,-2.5,-7.4,2.0,10.2,22.0,1.0,0.4,0.5,-1.67,-1.4,-1.13,-1.4,2.0,0.57,22.0,1.0,0.4,0.5,-6.4,-4.2,-2.0,-4.2,2.0,4.5,22.0,1.0,0.4,0.5,-0.45,-0.24,-0.04,-0.24,2.0,0.43,22.0,1.0,0.4,0.5,-1.9,-1.1,-0.3,-1.1,2.0,1.6,22.0,1.0,0.4,0.5,1.8,2.6,3.3,2.6,2.0,1.6,22.0,1.0,0.4,0.5,-5.4,-3.3,-1.2,-3.3,2.0,4.3,22.0,1.0,0.4,0.5,4.7,6.5,8.3,6.5,2.0,3.7,22.0,1.0,0.4,0.5,-13.5,-8.3,-3.1,-8.3,2.0,10.8,22.0,1.0,0.4,0.5,-0.9,-0.5,-0.1,-0.5,2.0,0.8,22.0,1.0,0.4,0.5,0.3,1.0,1.6,1.0,2.0,1.4,22.0,1.0,0.4,0.5,12.0,35.0,58.0,35.0,2.0,48.0,22.0,1.0,0.4,0.5,10.0,35.0,60.0,35.0,2.0,50.0,22.0,1.0,0.4,0.5
1974,2,292.0,-66.0,0.33,2.1,2.71,1.53,3.0,1.82,24.0,1.0,0.7,0.6,1.9,2.2,2.71,2.3,4.0,0.53,22.0,1.0,0.8,0.5,4.02,4.15,4.22,4.12,4.0,0.15,22.0,1.0,0.8,0.5,86.3,88.8,92.1,89.2,4.0,3.4,22.0,1.0,0.5,5.34,6.85,7.63,6.5,4.0,1.73,22.0,1.0,0.8,0.5,2.69,4.3,4.83,3.78,4.0,1.64,22.0,1.0,0.8,0.5,-6.27,-0.75,4.09,-1.08,4.0,6.0,22.0,1.0,0.8,0.5,965.95,978.15,989.31,977.65,4.0,13.71,22.0,1.0,0.8,0.5,5.4,7.0,7.5,6.5,4.0,1.7,22.0,1.0,0.8,0.5,18.0,32.6,34.0,26.3,4.0,13.8,22.0,1.0,0.8,0.5,-48.4,-10.9,22.6,-12.8,4.0,41.7,22.0,1.0,0.8,0.5,-1.8,-0.3,0.72,-0.53,3.0,1.86,24.0,1.0,0.7,0.6,-7.7,-2.1,6.1,-0.8,3.0,10.1,24.0,1.0,0.7,0.6,-0.19,0.32,0.79,0.3,3.0,0.72,24.0,1.0,0.7,0.6,-0.5,2.2,6.4,2.9,3.0,5.1,24.0,1.0,0.7,0.6,5.0,9.1,13.2,9.1,4.0,5.3,22.0,1.0,0.8,0.5,-12.8,-2.5,10.4,-1.3,4.0,13.5,22.0,1.0,0.8,0.5,10.7,17.7,20.3,15.6,4.0,6.9,22.0,1.0,0.8,0.5,-25.5,-3.5,17.0,-4.2,4.0,24.5,22.0,1.0,0.8,0.5,0.0,1.4,3.3,1.7,3.0,2.4,24.0,1.0,0.7,0.6,-5.5,-1.7,-1.7,-3.5,3.0,3.2,24.0,1.0,0.7,0.6,179.5,322.0,452.0,316.0,4.0,198.0,22.0,1.0,0.8,0.5,180.0,320.0,450.0,315.0,4.0,200.0,22.0,1.0,0.8,0.5
1974,2,292.0,-65.0,1.86,2.0,2.75,2.3,3.0,0.7,22.0,0.7,0.5,0.4,2.11,3.0,3.0,2.57,3.0,0.75,22.0,0.7,0.5,0.4,4.1,4.13,4.17,4.13,2.0,0.08,22.0,0.5,0.2,0.5,87.9,89.2,90.5,89.2,2.0,2.7,22.0,0.5,0.5,5.79,7.5,9.21,7.5,2.0,3.54,20.0,1.0,0.6,0.4,5.73,7.46,9.19,7.46,2.0,3.59,20.0,1.0,0.6,0.4,0.14,0.43,0.73,0.43,2.0,0.61,20.0,1.0,0.6,0.4,967.34,971.3,983.93,975.53,3.0,12.69,22.0,0.7,0.5,0.4,4.6,8.0,8.0,6.3,3.0,2.9,22.0,0.7,0.5,0.4,36.6,62.3,88.0,62.3,2.0,53.3,20.0,1.0,0.6,0.4,0.7,2.2,3.7,2.2,2.0,3.1,20.0,1.0,0.6,0.4,-0.65,0.1,0.1,-0.27,3.0,0.64,22.0,0.7,0.5,0.4,-4.0,-2.0,0.0,-2.0,2.0,4.2,20.0,1.0,0.6,0.4,0.47,0.54,0.61,0.54,2.0,0.15,22.0,0.5,0.2,0.5,6.4,6.4,6.4,6.4,1.0,0.0,18.0,1.0,0.2,0.6,17.2,22.4,27.6,22.4,2.0,10.8,20.0,1.0,0.6,0.4,0.4,1.3,2.2,1.3,2.0,1.8,20.0,1.0,0.6,0.4,41.9,41.9,41.9,41.9,1.0,0.0,18.0,1.0,0.2,0.6,0.0,0.0,0.0,0.0,1.0,0.0,18.0,1.0,0.2,0.6,6.4,6.4,6.4,6.4,1.0,0.0,18.0,1.0,0.2,0.6,0.0,0.0,0.0,0.0,1.0,0.0,18.0,1.0,0.2,0.6,264.0,562.5,861.0,562.5,2.0,618.5,20.0,1.0,0.6,0.4,265.0,565.0,860.0,565.0,2.0,620.0,20.0,1.0,0.6,0.4
1974,2,292.0,-63.0,3.1,3.1,3.1,3.1,1.0,0.0,28.0,1.0,0.4,0.5,3.8,3.8,3.8,3.8,1.0,0.0,28.0,1.0,0.4,0.5,4.97,4.97,4.97,4.97,1.0,0.0,28.0,1.0,0.4,0.5,96.5,96.5,96.5,96.5,1.0,0.0,28.0,1.0,0.5,6.2,6.2,6.2,6.2,1.0,0.0,28.0,1.0,0.4,0.5,3.1,3.1,3.1,3.1,1.0,0.0,28.0,1.0,0.4,0.5,-5.37,-5.37,-5.37,-5.37,1.0,0.0,28.0,1.0,0.4,0.5,976.4,976.4,976.4,976.4,1.0,0.0,28.0,1.0,0.4,0.5,7.0,7.0,7.0,7.0,1.0,0.0,28.0,1.0,0.4,0.5,19.2,19.2,19.2,19.2,1.0,0.0,28.0,1.0,0.4,0.5,-33.3,-33.3,-33.3,-33.3,1.0,0.0,28.0,1.0,0.4,0.5,-0.7,-0.7,-0.7,-0.7,1.0,0.0,28.0,1.0,0.4,0.5,-4.3,-4.3,-4.3,-4.3,1.0,0.0,28.0,1.0,0.4,0.5,-0.07,-0.07,-0.07,-0.07,1.0,0.0,28.0,1.0,0.4,0.5,-0.4,-0.4,-0.4,-0.4,1.0,0.0,28.0,1.0,0.4,0.5,11.8,11.8,11.8,11.8,1.0,0.0,28.0,1.0,0.4,0.5,-20.4,-20.4,-20.4,-20.4,1.0,0.0,28.0,1.0,0.4,0.5,15.4,15.4,15.4,15.4,1.0,0.0,28.0,1.0,0.4,0.5,-26.7,-26.7,-26.7,-26.7,1.0,0.0,28.0,1.0,0.4,0.5,-0.2,-0.2,-0.2,-0.2,1.0,0.0,28.0,1.0,0.4,0.5,0.4,0.4,0.4,0.4,1.0,0.0,28.0,1.0,0.4,0.5,238.5,238.5,238.5,238.5,1.0,0.0,28.0,1.0,0.4,0.5,240.0,240.0,240.0,240.0,1.0,0.0,28.0,1.0,0.4,0.5
1974,2,292.0,-62.0,,,,,,,,,,,,,,,,,,,,,,,,,,,,,,,,,,,,,,,,10.0,10.0,10.0,10.0,1.0,0.0,6.0,1.0,0.5,0.5,3.42,3.42,3.42,3.42,1.0,0.0,6.0,1.0,0.5,0.5,9.4,9.4,9.4,9.4,1.0,0.0,6.0,1.0,0.5,0.5,991.1,991.1,991.1,991.1,1.0,0.0,6.0,1.0,0.5,0.5,,,,,,,,,,,,,,,,,,,,,,,,,,,,,,,,,,,,,,,,,,,,,,,,,,,,,,,,,,,,,,,,,,,,,,,,,,,,,,,,,,,,,,,,,,,,,,,,,,,,,,,,,,,,,,,,,,,,,,,,,,,,,,,,,,,,,,,,,,,,,,,,,,,,,,
1974,2,292.0,-61.0,,,,,,,,,,,,,,,,,,,,,,,,,,,,,,,,,,,,,,,,7.22,8.35,9.48,8.35,2.0,2.33,8.0,0.0,0.8,0.5,3.69,4.28,4.86,4.28,2.0,1.21,8.0,0.0,0.8,0.5,5.11,6.85,8.59,6.85,2.0,3.6,8.0,0.0,0.8,0.5,984.6,984.6,984.6,984.6,1.0,0.0,6.0,0.0,0.9,0.7,8.0,8.0,8.0,8.0,1.0,0.0,10.0,0.0,0.7,0.2,34.2,34.3,34.4,34.3,2.0,0.1,8.0,0.0,0.8,0.5,39.2,61.4,83.6,61.4,2.0,46.0,8.0,0.0,0.8,0.5,,,,,,,,,,,,,,,,,,,,,,,,,,,,,,,,,,,,,,,,,,,,,,,,,,,,,,,,,,,,,,,,,,,,,,,,,,,,,,,,,,,,,,,,,,,,,,,,,,,,,,,,,,,,,,,,,,,,,,,,
1974,2,292.0,-60.0,,,,,,,,,,,,,,,,,,,,,,,,,,,,,,,,,,,,,,,,9.3,9.3,9.3,9.3,1.0,0.0,18.0,1.0,0.3,0.6,5.98,5.98,5.98,5.98,1.0,0.0,18.0,1.0,0.3,0.6,-7.12,-7.12,-7.12,-7.12,1.0,0.0,18.0,1.0,0.3,0.6,999.4,999.4,999.4,999.4,1.0,0.0,18.0,1.0,0.3,0.6,,,,,,,,,,,,,,,,,,,,,,,,,,,,,,,,,,,,,,,,,,,,,,,,,,,,,,,,,,,,,,,,,,,,,,,,,,,,,,,,,,,,,,,,,,,,,,,,,,,,,,,,,,,,,,,,,,,,,,,,,,,,,,,,,,,,,,,,,,,,,,,,,,,,,,
1974,2,292.0,-59.0,,,,,,,,,,,,,,,,,,,,,,,,,,,,,,,,,,,,,,,,9.3,9.3,9.3,9.3,1.0,0.0,18.0,1.0,0.3,0.8,8.74,8.74,8.74,8.74,1.0,0.0,18.0,1.0,0.3,0.8,3.18,3.18,3.18,3.18,1.0,0.0,18.0,1.0,0.3,0.8,1004.5,1004.5,1004.5,1004.5,1.0,0.0,18.0,1.0,0.3,0.8,,,,,,,,,,,,,,,,,,,,,,,,,,,,,,,,,,,,,,,,,,,,,,,,,,,,,,,,,,,,,,,,,,,,,,,,,,,,,,,,,,,,,,,,,,,,,,,,,,,,,,,,,,,,,,,,,,,,,,,,,,,,,,,,,,,,,,,,,,,,,,,,,,,,,,
1974,2,292.0,-58.0,,,,,,,,,,,,,,,,,,,,,,,,,,,,,,,,,,,,,,,,13.0,13.0,13.0,13.0,1.0,0.0,6.0,0.0,0.3,0.4,6.5,6.5,6.5,6.5,1.0,0.0,6.0,0.0,0.3,0.4,11.26,11.26,11.26,11.26,1.0,0.0,6.0,0.0,0.3,0.4,984.6,984.6,984.6,984.6,1.0,0.0,6.0,0.0,0.3,0.4,,,,,,,,,,,,,,,,,,,,,,,,,,,,,,,,,,,,,,,,,,,,,,,,,,,,,,,,,,,,,,,,,,,,,,,,,,,,,,,,,,,,,,,,,,,,,,,,,,,,,,,,,,,,,,,,,,,,,,,,,,,,,,,,,,,,,,,,,,,,,,,,,,,,,,
1974,2,292.0,-57.0,8.94,9.4,9.79,9.38,5.0,0.65,6.0,0.8,0.6,0.8,5.13,7.0,8.87,7.1,5.0,2.16,6.0,0.8,0.6,0.8,5.05,5.57,6.52,5.77,4.0,0.98,4.0,0.8,0.5,1.0,88.7,91.1,94.0,91.3,4.0,3.1,4.0,0.8,1.0,3.73,9.3,12.2,8.24,5.0,4.45,6.0,0.8,0.6,0.8,-1.09,8.05,11.13,5.68,5.0,6.6,6.0,0.8,0.6,0.8,0.13,3.05,5.11,2.46,5.0,3.65,6.0,0.8,0.6,0.8,988.34,997.6,1000.68,994.26,5.0,12.22,6.0,0.8,0.6,0.8,4.2,7.0,7.4,5.8,5.0,2.8,6.0,0.8,0.6,0.8,-4.1,74.9,136.4,69.9,5.0,75.3,6.0,0.8,0.6,0.8,0.7,28.9,52.9,27.3,5.0,32.1,6.0,0.8,0.6,0.8,0.29,2.4,4.18,2.28,5.0,2.01,6.0,0.8,0.6,0.8,2.5,16.4,39.0,20.9,5.0,21.7,6.0,0.8,0.6,0.8,1.24,1.8,2.35,1.79,4.0,0.7,4.0,0.8,0.5,1.0,5.6,14.2,25.5,15.5,4.0,12.3,4.0,0.8,0.5,1.0,-7.4,51.1,73.9,37.8,5.0,44.1,6.0,0.8,0.6,0.8,3.2,29.5,33.5,19.1,5.0,22.5,6.0,0.8,0.6,0.8,-7.5,22.9,62.8,27.4,4.0,41.5,4.0,0.8,0.5,1.0,-3.5,17.4,25.3,11.2,4.0,20.9,4.0,0.8,0.5,1.0,-2.5,9.5,23.2,10.4,4.0,15.1,4.0,0.8,0.5,1.0,-2.4,3.2,9.7,3.6,4.0,9.3,4.0,0.8,0.5,1.0,54.5,804.5,1827.0,938.5,5.0,943.0,6.0,0.8,0.6,0.8,55.0,805.0,1825.0,940.0,5.0,945.0,6.0,0.8,0.6,0.8
1974,2,292.0,-56.0,8.75,9.3,9.44,9.1,3.0,0.53,8.0,0.3,0.6,0.5,5.82,7.75,9.0,7.43,4.0,1.89,8.0,0.5,0.7,0.6,4.64,5.01,5.42,5.03,4.0,0.59,8.0,0.5,0.7,0.6,71.0,82.5,86.9,79.1,4.0,12.3,8.0,0.5,0.6,7.32,9.65,12.4,9.85,4.0,3.06,8.0,0.5,0.7,0.6,1.59,6.0,10.2,5.9,4.0,5.21,8.0,0.5,0.7,0.6,6.23,6.98,7.65,6.94,4.0,0.93,8.0,0.5,0.7,0.6,1003.88,1010.85,1019.6,1011.7,4.0,9.75,8.0,0.5,0.7,0.6,6.5,7.0,7.5,7.0,4.0,0.8,8.0,0.5,0.7,0.6,10.7,60.1,128.0,68.9,4.0,71.3,8.0,0.5,0.7,0.6,50.8,73.0,86.1,68.7,4.0,22.6,8.0,0.5,0.7,0.6,0.61,3.0,3.75,2.2,3.0,2.4,8.0,0.3,0.6,0.5,10.5,40.2,44.4,27.7,3.0,27.1,8.0,0.3,0.6,0.5,1.49,2.35,2.37,1.94,3.0,0.74,8.0,0.3,0.6,0.5,13.4,26.6,30.1,21.9,3.0,12.9,8.0,0.3,0.6,0.5,14.4,37.6,60.9,37.6,4.0,31.4,8.0,0.5,0.7,0.6,40.5,47.9,62.6,51.4,4.0,15.0,8.0,0.5,0.7,0.6,9.2,31.2,51.1,30.2,4.0,25.8,8.0,0.5,0.7,0.6,33.6,34.1,35.4,34.5,4.0,1.2,8.0,0.5,0.7,0.6,8.9,20.4,25.3,17.2,3.0,12.3,8.0,0.3,0.6,0.5,9.3,15.9,16.7,13.1,3.0,5.9,8.0,0.3,0.6,0.5,401.5,977.5,1947.5,1165.5,4.0,964.5,8.0,0.5,0.7,0.6,400.0,975.0,1950.0,1165.0,4.0,965.0,8.0,0.5,0.7,0.6
1974,2,292.0,-55.0,,,,,,,,,,,,,,,,,,,,,,,,,,,,,,,,,,,,,,,,4.1,4.1,4.1,4.1,1.0,0.0,12.0,0.0,0.8,0.1,-3.55,-3.55,-3.55,-3.55,1.0,0.0,12.0,0.0,0.8,0.1,2.05,2.05,2.05,2.05,1.0,0.0,12.0,0.0,0.8,0.1,1020.9,1020.9,1020.9,1020.9,1.0,0.0,12.0,0.0,0.8,0.1,8.0,8.0,8.0,8.0,1.0,0.0,12.0,0.0,0.8,0.1,-14.6,-14.6,-14.6,-14.6,1.0,0.0,12.0,0.0,0.8,0.1,8.4,8.4,8.4,8.4,1.0,0.0,12.0,0.0,0.8,0.1,,,,,,,,,,,,,,,,,,,,,,,,,,,,,,,,,,,,,,,,,-42.6,-42.6,-42.6,-42.6,1.0,0.0,12.0,0.0,0.8,0.1,24.6,24.6,24.6,24.6,1.0,0.0,12.0,0.0,0.8,0.1,-26.8,-26.8,-26.8,-26.8,1.0,0.0,12.0,0.0,0.8,0.1,15.5,15.5,15.5,15.5,1.0,0.0,12.0,0.0,0.8,0.1,,,,,,,,,,,,,,,,,,,,,,,,,,,,,,,,,,,,,,,,
1974,2,292.0,-54.0,,,,,,,,,,,,,,,,,,,,,,,,,,,,,,,,,,,,,,,,7.7,7.7,7.7,7.7,1.0,0.0,28.0,0.0,0.6,0.7,5.9,5.9,5.9,5.9,1.0,0.0,28.0,0.0,0.6,0.7,-4.95,-4.95,-4.95,-4.95,1.0,0.0,28.0,0.0,0.6,0.7,1012.7,1012.7,1012.7,1012.7,1.0,0.0,28.0,0.0,0.6,0.7,2.0,2.0,2.0,2.0,1.0,0.0,28.0,0.0,0.6,0.7,45.4,45.4,45.4,45.4,1.0,0.0,28.0,0.0,0.6,0.7,-38.1,-38.1,-38.1,-38.1,1.0,0.0,28.0,0.0,0.6,0.7,,,,,,,,,,,,,,,,,,,,,,,,,,,,,,,,,,,,,,,,,73.7,73.7,73.7,73.7,1.0,0.0,28.0,0.0,0.6,0.7,-61.9,-61.9,-61.9,-61.9,1.0,0.0,28.0,0.0,0.6,0.7,33.4,33.4,33.4,33.4,1.0,0.0,28.0,0.0,0.6,0.7,-28.1,-28.1,-28.1,-28.1,1.0,0.0,28.0,0.0,0.6,0.7,,,,,,,,,,,,,,,,,,,,,,,,,,,,,,,,,,,,,,,,
1974,2,292.0,-53.0,10.0,10.0,10.0,10.0,1.0,0.0,18.0,0.0,0.2,0.4,11.0,11.0,11.0,11.0,1.0,0.0,18.0,0.0,0.2,0.4,7.05,7.05,7.05,7.05,1.0,0.0,18.0,0.0,0.2,0.4,86.3,86.3,86.3,86.3,1.0,0.0,18.0,0.0,0.4,7.7,7.7,7.7,7.7,1.0,0.0,18.0,0.0,0.2,0.4,3.85,3.85,3.85,3.85,1.0,0.0,18.0,0.0,0.2,0.4,6.67,6.67,6.67,6.67,1.0,0.0,18.0,0.0,0.2,0.4,1008.2,1008.2,1008.2,1008.2,1.0,0.0,18.0,0.0,0.2,0.4,8.0,8.0,8.0,8.0,1.0,0.0,18.0,0.0,0.2,0.4,29.6,29.6,29.6,29.6,1.0,0.0,18.0,0.0,0.2,0.4,51.3,51.3,51.3,51.3,1.0,0.0,18.0,0.0,0.2,0.4,-1.0,-1.0,-1.0,-1.0,1.0,0.0,18.0,0.0,0.2,0.4,-7.7,-7.7,-7.7,-7.7,1.0,0.0,18.0,0.0,0.2,0.4,0.6,0.6,0.6,0.6,1.0,0.0,18.0,0.0,0.2,0.4,4.6,4.6,4.6,4.6,1.0,0.0,18.0,0.0,0.2,0.4,42.4,42.4,42.4,42.4,1.0,0.0,18.0,0.0,0.2,0.4,73.4,73.4,73.4,73.4,1.0,0.0,18.0,0.0,0.2,0.4,27.1,27.1,27.1,27.1,1.0,0.0,18.0,0.0,0.2,0.4,47.0,47.0,47.0,47.0,1.0,0.0,18.0,0.0,0.2,0.4,2.3,2.3,2.3,2.3,1.0,0.0,18.0,0.0,0.2,0.4,4.0,4.0,4.0,4.0,1.0,0.0,18.0,0.0,0.2,0.4,456.5,456.5,456.5,456.5,1.0,0.0,18.0,0.0,0.2,0.4,455.0,455.0,455.0,455.0,1.0,0.0,18.0,0.0,0.2,0.4
1974,2,292.0,-52.0,9.0,10.0,13.05,10.57,7.0,2.07,12.0,0.7,0.8,0.5,10.0,12.0,14.0,12.04,7.0,1.71,12.0,0.7,0.8,0.5,6.09,6.52,7.29,6.78,6.0,1.08,14.0,0.7,0.8,0.5,75.8,78.1,83.2,79.1,7.0,6.6,12.0,0.7,0.5,4.03,4.1,7.92,5.94,7.0,3.3,12.0,0.7,0.8,0.5,-1.42,0.0,5.27,2.27,7.0,4.78,12.0,0.7,0.8,0.5,-2.09,3.85,5.94,2.47,7.0,4.02,12.0,0.7,0.8,0.5,1014.39,1016.5,1021.9,1017.35,6.0,4.7,14.0,0.7,0.8,0.5,2.9,5.0,6.0,4.1,7.0,2.1,12.0,0.7,0.8,0.5,-4.4,0.0,43.1,25.7,7.0,53.6,12.0,0.7,0.8,0.5,-5.7,15.8,45.7,21.0,7.0,26.9,12.0,0.7,0.8,0.5,-4.05,-1.3,-0.76,-1.47,7.0,2.87,12.0,0.7,0.8,0.5,-18.6,-10.0,-3.4,-14.2,7.0,22.6,12.0,0.7,0.8,0.5,0.67,0.8,1.8,1.28,6.0,1.19,14.0,0.7,0.8,0.5,2.9,5.4,6.4,5.1,6.0,2.6,14.0,0.7,0.8,0.5,-16.9,0.0,61.0,29.1,7.0,64.7,12.0,0.7,0.8,0.5,-21.5,53.9,67.3,30.5,7.0,49.3,12.0,0.7,0.8,0.5,-10.7,-2.2,21.4,4.2,6.0,18.3,14.0,0.7,0.8,0.5,-15.0,24.6,41.5,16.2,6.0,29.3,14.0,0.7,0.8,0.5,-1.7,-0.3,3.7,0.1,6.0,3.7,14.0,0.7,0.8,0.5,-4.0,2.5,4.6,0.8,6.0,4.9,14.0,0.7,0.8,0.5,66.5,69.0,523.5,406.0,7.0,661.0,12.0,0.7,0.8,0.5,65.0,70.0,525.0,405.0,7.0,660.0,12.0,0.7,0.8,0.5
1974,2,292.0,-51.0,8.32,9.0,9.68,9.0,2.0,1.41,8.0,0.5,0.3,0.7,12.32,13.0,13.68,13.0,2.0,1.41,8.0,0.5,0.3,0.7,7.82,7.83,7.83,7.83,2.0,0.01,8.0,0.5,0.3,0.7,80.7,83.5,86.3,83.5,2.0,5.7,8.0,0.5,0.7,5.5,8.5,11.5,8.5,2.0,6.22,8.0,0.5,0.3,0.7,0.84,5.65,10.47,5.65,2.0,9.97,8.0,0.5,0.3,0.7,-3.6,-3.05,-2.5,-3.05,2.0,1.14,8.0,0.5,0.3,0.7,988.97,1001.15,1013.33,1001.15,2.0,25.24,8.0,0.5,0.3,0.7,4.6,6.0,7.4,6.0,2.0,2.8,8.0,0.5,0.3,0.7,21.2,79.1,137.0,79.1,2.0,119.9,8.0,0.5,0.3,0.7,-26.8,-22.3,-17.9,-22.3,2.0,9.3,8.0,0.5,0.3,0.7,-4.0,-4.0,-4.0,-4.0,2.0,0.0,8.0,0.5,0.3,0.7,-46.0,-34.0,-22.0,-34.0,2.0,24.9,8.0,0.5,0.3,0.7,-0.88,-0.63,-0.37,-0.63,2.0,0.52,8.0,0.5,0.3,0.7,-10.9,-6.9,-2.9,-6.9,2.0,8.3,8.0,0.5,0.3,0.7,7.7,66.4,125.1,66.4,2.0,121.7,8.0,0.5,0.3,0.7,-49.6,-40.4,-31.2,-40.4,2.0,19.1,8.0,0.5,0.3,0.7,6.6,44.3,82.0,44.3,2.0,78.1,8.0,0.5,0.3,0.7,-28.1,-23.8,-19.5,-23.8,2.0,8.9,8.0,0.5,0.3,0.7,-10.6,-6.1,-1.7,-6.1,2.0,9.2,8.0,0.5,0.3,0.7,1.2,1.6,2.0,1.6,2.0,0.9,8.0,0.5,0.3,0.7,398.5,1108.0,1817.0,1108.0,2.0,1469.0,8.0,0.5,0.3,0.7,400.0,1110.0,1815.0,1110.0,2.0,1470.0,8.0,0.5,0.3,0.7
1974,2,292.0,-50.0,10.0,10.0,10.0,10.0,1.0,0.0,8.0,0.0,0.8,0.5,10.8,10.8,10.8,10.8,1.0,0.0,8.0,0.0,0.8,0.5,4.66,4.66,4.66,4.66,1.0,0.0,8.0,0.0,0.8,0.5,58.5,58.5,58.5,58.5,1.0,0.0,8.0,0.0,0.5,4.1,4.1,4.1,4.1,1.0,0.0,8.0,0.0,0.8,0.5,1.4,1.4,1.4,1.4,1.0,0.0,8.0,0.0,0.8,0.5,3.85,3.85,3.85,3.85,1.0,0.0,8.0,0.0,0.8,0.5,1018.9,1018.9,1018.9,1018.9,1.0,0.0,8.0,0.0,0.8,0.5,2.0,2.0,2.0,2.0,1.0,0.0,8.0,0.0,0.8,0.5,5.7,5.7,5.7,5.7,1.0,0.0,8.0,0.0,0.8,0.5,15.8,15.8,15.8,15.8,1.0,0.0,8.0,0.0,0.8,0.5,-0.8,-0.8,-0.8,-0.8,1.0,0.0,8.0,0.0,0.8,0.5,-3.3,-3.3,-3.3,-3.3,1.0,0.0,8.0,0.0,0.8,0.5,2.9,2.9,2.9,2.9,1.0,0.0,8.0,0.0,0.8,0.5,11.9,11.9,11.9,11.9,1.0,0.0,8.0,0.0,0.8,0.5,15.1,15.1,15.1,15.1,1.0,0.0,8.0,0.0,0.8,0.5,41.6,41.6,41.6,41.6,1.0,0.0,8.0,0.0,0.8,0.5,6.5,6.5,6.5,6.5,1.0,0.0,8.0,0.0,0.8,0.5,18.0,18.0,18.0,18.0,1.0,0.0,8.0,0.0,0.8,0.5,4.1,4.1,4.1,4.1,1.0,0.0,8.0,0.0,0.8,0.5,11.2,11.2,11.2,11.2,1.0,0.0,8.0,0.0,0.8,0.5,69.0,69.0,69.0,69.0,1.0,0.0,8.0,0.0,0.8,0.5,70.0,70.0,70.0,70.0,1.0,0.0,8.0,0.0,0.8,0.5
1974,2,292.0,-47.0,14.48,15.5,16.52,15.5,2.0,2.12,24.0,0.0,0.8,0.8,14.63,16.0,17.37,16.0,2.0,2.83,24.0,0.0,0.8,0.8,9.52,9.94,10.36,9.94,2.0,0.88,24.0,0.0,0.8,0.8,83.5,87.6,91.8,87.6,2.0,8.6,24.0,0.0,0.8,6.24,8.7,11.16,8.7,2.0,5.09,24.0,0.0,0.8,0.8,-1.45,3.83,9.1,3.83,2.0,10.94,24.0,0.0,0.8,0.8,-4.06,-3.74,-3.43,-3.74,2.0,0.66,24.0,0.0,0.8,0.8,1003.14,1005.6,1008.06,1005.6,2.0,5.09,24.0,0.0,0.8,0.8,2.0,2.0,2.0,2.0,2.0,0.0,24.0,0.0,0.8,0.8,5.8,61.1,116.4,61.1,2.0,114.6,24.0,0.0,0.8,0.8,-46.2,-34.2,-22.3,-34.2,2.0,24.8,24.0,0.0,0.8,0.8,-2.89,-0.5,1.89,-0.5,2.0,4.95,24.0,0.0,0.8,0.8,-39.0,-16.9,5.1,-16.9,2.0,45.6,24.0,0.0,0.8,0.8,-0.01,1.11,2.24,1.11,2.0,2.33,24.0,0.0,0.8,0.8,-3.3,3.7,10.8,3.7,2.0,14.6,24.0,0.0,0.8,0.8,-13.0,76.7,166.4,76.7,2.0,185.8,24.0,0.0,0.8,0.8,-71.0,-60.8,-50.6,-60.8,2.0,21.1,24.0,0.0,0.8,0.8,-11.3,42.8,96.9,42.8,2.0,112.0,24.0,0.0,0.8,0.8,-42.2,-37.5,-32.7,-37.5,2.0,9.8,24.0,0.0,0.8,0.8,-10.0,-8.5,-6.9,-8.5,2.0,3.2,24.0,0.0,0.8,0.8,-7.2,-3.4,0.5,-3.4,2.0,8.0,24.0,0.0,0.8,0.8,407.0,997.0,1586.5,997.0,2.0,1222.0,24.0,0.0,0.8,0.8,405.0,995.0,1585.0,995.0,2.0,1220.0,24.0,0.0,0.8,0.8
1974,2,292.0,-46.0,15.0,15.0,15.0,15.0,1.0,0.0,10.0,0.0,0.9,0.3,15.0,15.0,15.0,15.0,1.0,0.0,10.0,0.0,0.9,0.3,9.96,9.96,9.96,9.96,1.0,0.0,10.0,0.0,0.9,0.3,95.0,95.0,95.0,95.0,1.0,0.0,10.0,0.0,0.3,6.7,6.7,6.7,6.7,1.0,0.0,10.0,0.0,0.9,0.3,0.0,0.0,0.0,0.0,1.0,0.0,10.0,0.0,0.9,0.3,6.7,6.7,6.7,6.7,1.0,0.0,10.0,0.0,0.9,0.3,1021.0,1021.0,1021.0,1021.0,1.0,0.0,10.0,0.0,0.9,0.3,8.0,8.0,8.0,8.0,1.0,0.0,10.0,0.0,0.9,0.3,0.0,0.0,0.0,0.0,1.0,0.0,10.0,0.0,0.9,0.3,44.9,44.9,44.9,44.9,1.0,0.0,10.0,0.0,0.9,0.3,0.0,0.0,0.0,0.0,1.0,0.0,10.0,0.0,0.9,0.3,0.0,0.0,0.0,0.0,1.0,0.0,10.0,0.0,0.9,0.3,0.53,0.53,0.53,0.53,1.0,0.0,10.0,0.0,0.9,0.3,3.6,3.6,3.6,3.6,1.0,0.0,10.0,0.0,0.9,0.3,0.0,0.0,0.0,0.0,1.0,0.0,10.0,0.0,0.9,0.3,100.5,100.5,100.5,100.5,1.0,0.0,10.0,0.0,0.9,0.3,0.0,0.0,0.0,0.0,1.0,0.0,10.0,0.0,0.9,0.3,66.8,66.8,66.8,66.8,1.0,0.0,10.0,0.0,0.9,0.3,0.0,0.0,0.0,0.0,1.0,0.0,10.0,0.0,0.9,0.3,3.6,3.6,3.6,3.6,1.0,0.0,10.0,0.0,0.9,0.3,301.0,301.0,301.0,301.0,1.0,0.0,10.0,0.0,0.9,0.3,300.0,300.0,300.0,300.0,1.0,0.0,10.0,0.0,0.9,0.3
1974,2,292.0,10.0,25.57,26.2,26.46,26.03,4.0,0.72,8.0,0.3,0.6,0.6,23.9,24.7,25.5,24.7,4.0,0.92,8.0,0.3,0.6,0.6,14.37,15.91,17.01,15.69,3.0,1.94,10.0,0.0,0.6,0.5,73.2,85.9,91.9,82.6,3.0,14.0,10.0,0.0,0.5,5.62,6.95,9.06,7.33,4.0,2.25,8.0,0.3,0.6,0.6,-7.43,-4.85,-3.6,-5.48,4.0,3.0,8.0,0.3,0.6,0.6,-5.19,-4.2,-3.74,-4.46,4.0,1.03,8.0,0.3,0.6,0.6,1010.6,1011.6,1012.76,1011.68,4.0,1.26,8.0,0.3,0.6,0.6,2.5,4.0,5.5,4.0,4.0,1.8,8.0,0.3,0.6,0.6,-70.4,-33.8,-20.8,-45.1,4.0,37.9,8.0,0.3,0.6,0.6,-41.1,-30.5,-23.6,-32.2,4.0,10.7,8.0,0.3,0.6,0.6,0.07,1.5,2.56,1.33,4.0,1.51,8.0,0.3,0.6,0.6,0.1,12.6,22.7,11.4,4.0,13.2,8.0,0.3,0.6,0.6,4.48,6.05,7.11,5.8,3.0,1.94,10.0,0.0,0.6,0.5,38.7,38.7,44.1,41.3,3.0,4.6,10.0,0.0,0.6,0.5,-178.9,-119.7,-90.4,-133.9,4.0,69.9,8.0,0.3,0.6,0.6,-127.5,-107.1,-92.5,-109.9,4.0,23.8,8.0,0.3,0.6,0.6,-140.7,-78.7,-48.8,-94.4,3.0,68.7,10.0,0.0,0.6,0.5,-83.6,-61.7,-60.8,-72.0,3.0,19.0,10.0,0.0,0.6,0.5,-34.3,-29.9,-22.7,-28.5,3.0,8.5,10.0,0.0,0.6,0.5,-35.0,-33.6,-19.7,-27.5,3.0,12.4,10.0,0.0,0.6,0.5,183.0,347.5,790.0,480.0,4.0,430.0,8.0,0.3,0.6,0.6,185.0,345.0,790.0,480.0,4.0,430.0,8.0,0.3,0.6,0.6
1974,2,292.0,11.0,25.0,25.6,26.0,25.52,5.0,0.5,8.0,0.4,0.6,0.6,24.94,25.3,27.17,25.98,5.0,1.56,8.0,0.4,0.6,0.6,15.87,16.6,16.78,16.34,4.0,0.67,10.0,0.5,0.6,0.6,79.2,80.9,82.8,81.0,4.0,2.4,10.0,0.5,0.6,4.34,4.85,5.1,4.73,4.0,0.48,10.0,0.5,0.6,0.6,-4.61,-4.37,-3.44,-4.04,4.0,0.96,10.0,0.5,0.6,0.6,-2.86,-2.15,-1.65,-2.25,4.0,0.73,10.0,0.5,0.6,0.6,1011.24,1012.4,1013.28,1012.16,5.0,1.63,8.0,0.4,0.6,0.6,2.0,2.5,3.0,2.5,4.0,0.6,10.0,0.5,0.6,0.6,-23.5,-21.2,-15.1,-19.4,4.0,6.0,10.0,0.5,0.6,0.6,-12.9,-10.9,-8.0,-10.5,4.0,2.9,10.0,0.5,0.6,0.6,-1.42,-0.3,0.61,-0.46,5.0,1.3,8.0,0.4,0.6,0.6,-2.8,0.3,3.1,0.2,4.0,3.6,10.0,0.5,0.6,0.6,3.57,3.98,4.32,3.94,4.0,0.45,10.0,0.5,0.6,0.6,16.8,18.5,20.4,18.6,4.0,2.4,10.0,0.5,0.6,0.6,-119.3,-110.3,-85.9,-102.9,4.0,26.7,10.0,0.5,0.6,0.6,-70.9,-55.2,-42.8,-56.8,4.0,17.0,10.0,0.5,0.6,0.6,-77.4,-72.6,-55.0,-66.5,4.0,17.8,10.0,0.5,0.6,0.6,-45.7,-36.0,-27.5,-36.6,4.0,10.7,10.0,0.5,0.6,0.6,-18.3,-16.3,-13.1,-15.7,4.0,3.2,10.0,0.5,0.6,0.6,-12.4,-8.7,-5.9,-9.1,4.0,3.9,10.0,0.5,0.6,0.6,82.5,115.0,132.5,108.0,4.0,31.0,10.0,0.5,0.6,0.6,80.0,115.0,135.0,110.0,4.0,30.0,10.0,0.5,0.6,0.6
1974,2,292.0,12.0,26.0,26.5,27.27,26.72,6.0,0.92,16.0,0.3,0.2,0.6,25.0,25.1,25.91,25.43,6.0,0.68,16.0,0.3,0.2,0.6,16.81,17.35,17.74,17.31,5.0,0.6,16.0,0.2,0.3,0.6,82.2,86.0,89.2,85.7,5.0,4.7,16.0,0.2,0.6,4.89,6.2,8.43,6.52,6.0,1.93,16.0,0.3,0.2,0.6,-8.31,-5.6,-4.35,-5.93,6.0,2.26,16.0,0.3,0.2,0.6,-3.15,-1.55,1.82,-0.93,6.0,2.53,16.0,0.3,0.2,0.6,1011.15,1013.0,1013.92,1012.58,6.0,1.69,16.0,0.3,0.2,0.6,1.8,2.5,4.4,3.0,6.0,1.8,16.0,0.3,0.2,0.6,-70.1,-34.7,-21.6,-42.2,6.0,26.7,16.0,0.3,0.2,0.6,-21.4,-6.4,9.8,-6.6,6.0,16.7,16.0,0.3,0.2,0.6,0.96,1.15,1.68,1.28,6.0,0.45,16.0,0.3,0.2,0.6,4.1,8.7,11.3,8.6,6.0,4.6,16.0,0.3,0.2,0.6,3.25,4.02,6.12,4.58,5.0,1.65,16.0,0.2,0.3,0.6,15.6,37.4,44.0,31.2,5.0,15.6,16.0,0.2,0.3,0.6,-207.8,-146.5,-109.4,-150.5,6.0,56.0,16.0,0.3,0.2,0.6,-80.2,-39.3,46.1,-23.7,6.0,64.6,16.0,0.3,0.2,0.6,-140.3,-93.2,-70.7,-101.8,5.0,40.7,16.0,0.2,0.3,0.6,-55.1,-53.8,11.1,-26.9,5.0,40.0,16.0,0.2,0.3,0.6,-40.4,-35.1,-13.4,-28.6,5.0,16.0,16.0,0.2,0.3,0.6,-15.8,-8.9,2.2,-7.3,5.0,10.7,16.0,0.2,0.3,0.6,119.5,238.5,603.5,339.0,6.0,282.0,16.0,0.3,0.2,0.6,120.0,240.0,605.0,340.0,6.0,280.0,16.0,0.3,0.2,0.6
1974,2,292.0,13.0,25.8,26.7,27.25,26.5,23.0,0.83,12.0,0.5,0.5,0.5,25.0,25.65,26.77,25.8,22.0,0.98,12.0,0.5,0.5,0.5,15.85,16.76,17.81,16.89,22.0,1.21,12.0,0.5,0.5,0.5,77.2,81.3,86.4,81.6,22.0,4.7,12.0,0.5,0.5,3.59,6.2,8.76,6.15,23.0,2.4,12.0,0.5,0.5,0.5,-8.32,-6.11,-2.91,-5.65,23.0,2.65,12.0,0.5,0.5,0.5,-2.85,-0.8,0.86,-1.01,23.0,1.96,12.0,0.5,0.5,0.5,1012.3,1013.2,1015.1,1013.79,23.0,1.81,12.0,0.5,0.5,0.5,1.0,2.5,4.0,2.8,22.0,1.8,12.0,0.5,0.5,0.5,-72.5,-37.9,-9.2,-40.5,23.0,31.7,12.0,0.5,0.5,0.5,-16.1,-3.3,4.8,-6.2,23.0,15.1,12.0,0.5,0.5,0.5,0.0,0.5,1.3,0.65,22.0,0.9,12.0,0.5,0.5,0.5,0.0,3.5,8.5,3.7,22.0,6.0,12.0,0.5,0.5,0.5,3.37,4.76,5.97,4.69,22.0,1.32,12.0,0.5,0.5,0.5,12.4,28.9,39.9,29.7,22.0,15.8,12.0,0.5,0.5,0.5,-227.6,-150.7,-73.2,-145.6,22.0,69.8,12.0,0.5,0.5,0.5,-76.7,-10.4,24.8,-26.4,22.0,52.1,12.0,0.5,0.5,0.5,-149.4,-93.0,-51.3,-94.1,22.0,43.8,12.0,0.5,0.5,0.5,-55.3,-6.5,16.2,-17.4,22.0,34.0,12.0,0.5,0.5,0.5,-37.1,-28.4,-11.2,-27.1,22.0,16.7,12.0,0.5,0.5,0.5,-13.2,-2.0,3.3,-4.9,22.0,10.1,12.0,0.5,0.5,0.5,49.0,238.5,680.0,339.0,23.0,354.0,12.0,0.5,0.5,0.5,50.0,240.0,680.0,340.0,23.0,355.0,12.0,0.5,0.5,0.5
1974,2,292.0,14.0,25.96,26.7,27.26,26.5,13.0,1.12,16.0,0.5,0.5,0.4,24.98,25.5,26.52,25.87,13.0,1.26,16.0,0.5,0.5,0.4,15.36,16.04,17.5,16.08,12.0,1.35,18.0,0.5,0.5,0.4,68.2,78.3,86.0,77.5,12.0,8.9,18.0,0.5,0.4,6.09,8.7,10.35,8.47,13.0,2.65,16.0,0.5,0.5,0.4,-10.3,-8.7,-4.66,-7.84,13.0,3.23,16.0,0.5,0.5,0.4,-4.0,-1.4,0.0,-1.79,13.0,2.05,16.0,0.5,0.5,0.4,1012.88,1014.0,1015.63,1014.47,13.0,1.52,16.0,0.5,0.5,0.4,1.9,3.0,5.1,3.5,13.0,2.0,16.0,0.5,0.5,0.4,-106.4,-75.7,-25.0,-73.9,13.0,49.8,16.0,0.5,0.5,0.4,-33.9,-5.7,0.0,-13.5,13.0,15.7,16.0,0.5,0.5,0.4,-0.74,0.5,1.99,0.63,13.0,1.68,16.0,0.5,0.5,0.4,-6.3,4.7,19.5,5.7,13.0,15.7,16.0,0.5,0.5,0.4,4.53,5.63,6.86,5.52,12.0,1.61,18.0,0.5,0.5,0.4,26.3,42.6,72.1,45.7,12.0,20.6,18.0,0.5,0.5,0.4,-257.6,-226.2,-118.9,-202.5,13.0,82.0,16.0,0.5,0.5,0.4,-100.6,-35.8,0.0,-46.4,13.0,52.7,16.0,0.5,0.5,0.4,-150.4,-130.1,-74.2,-122.7,12.0,55.9,18.0,0.5,0.5,0.4,-65.0,-11.7,0.0,-26.5,12.0,33.1,18.0,0.5,0.5,0.4,-71.3,-36.1,-22.0,-42.2,12.0,23.2,18.0,0.5,0.5,0.4,-15.4,-3.9,0.0,-8.5,12.0,12.1,18.0,0.5,0.5,0.4,228.0,658.5,1108.5,775.5,13.0,691.5,16.0,0.5,0.5,0.4,230.0,660.0,1110.0,775.0,13.0,690.0,16.0,0.5,0.5,0.4
1974,2,292.0,15.0,25.62,26.5,26.82,26.25,13.0,0.76,14.0,0.4,0.5,0.4,24.06,25.1,26.57,25.34,14.0,1.14,14.0,0.4,0.5,0.4,14.52,15.87,16.42,15.68,13.0,0.89,14.0,0.4,0.5,0.4,71.1,77.5,88.0,78.1,13.0,8.1,14.0,0.4,0.4,4.1,6.7,8.17,6.76,14.0,2.59,14.0,0.4,0.5,0.4,-7.08,-5.9,-4.04,-6.03,14.0,2.69,14.0,0.4,0.5,0.4,-4.9,-0.58,0.0,-1.78,14.0,2.48,14.0,0.4,0.5,0.4,1011.47,1013.6,1015.56,1013.56,14.0,1.91,14.0,0.4,0.5,0.4,2.0,3.5,7.0,4.1,14.0,2.4,14.0,0.4,0.5,0.4,-57.4,-41.3,-16.6,-46.8,14.0,38.8,14.0,0.4,0.5,0.4,-37.8,-2.6,0.0,-13.2,14.0,18.4,14.0,0.4,0.5,0.4,-0.3,0.2,2.72,0.89,13.0,1.33,14.0,0.4,0.5,0.4,-1.7,1.6,20.5,6.4,13.0,10.5,14.0,0.4,0.5,0.4,4.6,5.64,6.52,5.64,12.0,1.07,16.0,0.4,0.6,0.4,23.6,40.6,59.8,40.3,12.0,17.5,16.0,0.4,0.6,0.4,-187.8,-148.3,-101.9,-152.0,14.0,65.9,14.0,0.4,0.5,0.4,-118.2,-14.5,0.0,-46.0,14.0,64.3,14.0,0.4,0.5,0.4,-112.1,-96.4,-65.2,-96.1,13.0,40.4,14.0,0.4,0.5,0.4,-80.9,-17.8,0.0,-31.9,13.0,37.5,14.0,0.4,0.5,0.4,-54.6,-33.8,-22.1,-35.2,12.0,16.7,16.0,0.4,0.6,0.4,-30.6,-4.1,0.0,-13.0,12.0,16.0,16.0,0.4,0.6,0.4,69.0,301.0,545.5,441.0,14.0,494.0,14.0,0.4,0.5,0.4,70.0,300.0,545.0,440.0,14.0,495.0,14.0,0.4,0.5,0.4
1974,2,292.0,16.0,26.0,26.7,27.0,26.44,14.0,0.67,16.0,0.6,0.7,0.5,24.28,25.15,26.0,25.29,16.0,1.27,16.0,0.7,0.6,0.5,14.21,15.45,16.1,15.24,13.0,1.0,18.0,0.6,0.6,0.5,73.5,76.2,83.7,77.5,13.0,5.9,18.0,0.6,0.5,4.37,6.2,8.98,6.71,17.0,2.2,16.0,0.7,0.6,0.5,-8.26,-5.8,-3.59,-5.87,17.0,2.32,16.0,0.7,0.6,0.5,-4.04,-1.88,0.0,-1.9,17.0,2.6,16.0,0.7,0.6,0.5,1013.61,1015.6,1016.55,1015.31,17.0,1.75,16.0,0.7,0.6,0.5,1.0,3.0,5.0,3.1,17.0,1.7,16.0,0.7,0.6,0.5,-78.3,-36.1,-15.8,-43.9,17.0,30.4,16.0,0.7,0.6,0.5,-29.6,-13.1,0.0,-15.1,17.0,20.2,16.0,0.7,0.6,0.5,-0.05,1.55,2.69,1.3,14.0,1.62,16.0,0.6,0.7,0.5,-0.5,10.1,16.7,7.5,14.0,11.6,16.0,0.6,0.7,0.5,5.36,6.14,7.91,6.39,12.0,1.3,18.0,0.6,0.7,0.5,27.4,39.0,50.8,40.6,12.0,16.2,18.0,0.6,0.7,0.5,-215.0,-142.2,-93.9,-154.6,16.0,60.7,16.0,0.7,0.6,0.5,-96.7,-44.4,0.0,-43.0,16.0,66.7,16.0,0.7,0.6,0.5,-112.4,-82.4,-52.6,-82.8,13.0,27.6,18.0,0.6,0.6,0.5,-61.2,-25.1,3.9,-24.5,13.0,41.9,18.0,0.6,0.6,0.5,-47.7,-36.3,-25.8,-35.9,12.0,12.8,18.0,0.6,0.7,0.5,-23.6,-14.9,-3.8,-15.0,12.0,15.7,18.0,0.6,0.7,0.5,84.0,238.5,725.5,397.5,17.0,368.5,16.0,0.7,0.6,0.5,85.0,240.0,725.0,400.0,17.0,370.0,16.0,0.7,0.6,0.5
1974,2,292.0,17.0,24.96,26.0,27.03,25.84,19.0,1.05,16.0,0.5,0.5,0.6,24.0,25.0,25.75,25.04,18.0,1.12,16.0,0.5,0.5,0.6,13.94,14.91,16.34,15.04,14.0,1.18,16.0,0.4,0.5,0.6,70.3,78.0,82.2,77.3,14.0,7.9,16.0,0.4,0.6,3.51,7.2,10.3,6.51,19.0,3.14,16.0,0.5,0.5,0.6,-9.68,-4.65,-1.89,-5.2,19.0,3.49,16.0,0.5,0.5,0.6,-4.81,-0.89,0.64,-1.54,19.0,3.36,16.0,0.5,0.5,0.6,1013.89,1015.5,1017.26,1015.71,19.0,1.83,16.0,0.5,0.5,0.6,1.0,2.0,4.1,2.5,19.0,1.9,16.0,0.5,0.5,0.6,-99.7,-33.3,-5.5,-42.7,19.0,40.5,16.0,0.5,0.5,0.6,-36.5,-1.0,1.7,-12.5,19.0,29.4,16.0,0.5,0.5,0.6,-0.18,0.65,1.65,0.7,18.0,1.5,16.0,0.5,0.5,0.6,-2.1,3.9,9.0,4.5,18.0,10.3,16.0,0.5,0.5,0.6,4.53,5.89,6.96,5.64,14.0,1.55,16.0,0.4,0.5,0.6,18.5,33.5,65.7,38.9,14.0,24.1,16.0,0.4,0.5,0.6,-239.8,-118.3,-43.0,-127.8,18.0,92.1,16.0,0.5,0.5,0.6,-125.7,-10.4,16.1,-37.7,18.0,88.7,16.0,0.5,0.5,0.6,-139.4,-77.1,-50.9,-84.1,14.0,45.1,16.0,0.4,0.5,0.6,-64.0,-6.8,8.2,-17.3,14.0,53.0,16.0,0.4,0.5,0.6,-64.1,-30.9,-8.8,-32.7,14.0,23.2,16.0,0.4,0.5,0.6,-27.2,-2.6,3.5,-9.4,14.0,20.6,16.0,0.4,0.5,0.6,44.0,373.0,1092.5,459.0,19.0,493.5,16.0,0.5,0.5,0.6,45.0,375.0,1095.0,460.0,19.0,495.0,16.0,0.5,0.5,0.6
1974,2,292.0,18.0,24.8,25.6,26.7,25.64,43.0,0.95,16.0,0.5,0.5,0.5,24.11,24.6,26.36,25.15,46.0,1.46,16.0,0.5,0.5,0.5,14.01,14.72,16.18,14.95,41.0,1.08,16.0,0.5,0.5,0.5,69.6,76.0,83.3,76.8,41.0,6.2,16.0,0.5,0.5,3.1,6.2,9.8,6.45,46.0,3.25,16.0,0.5,0.5,0.5,-8.43,-4.91,-2.18,-5.38,46.0,3.2,16.0,0.5,0.5,0.5,-5.44,-1.66,0.0,-1.93,46.0,3.08,16.0,0.5,0.5,0.5,1014.31,1016.55,1018.83,1016.52,46.0,2.14,16.0,0.5,0.5,0.5,1.0,3.0,4.9,3.0,46.0,1.9,16.0,0.5,0.5,0.5,-81.3,-29.2,-6.7,-44.2,46.0,41.2,16.0,0.5,0.5,0.5,-51.2,-7.3,0.0,-17.2,46.0,28.1,16.0,0.5,0.5,0.5,-1.33,0.4,2.07,0.55,43.0,1.63,16.0,0.5,0.5,0.5,-4.9,3.6,13.5,3.0,43.0,10.0,16.0,0.5,0.5,0.5,4.64,5.66,6.6,5.53,40.0,1.19,16.0,0.5,0.5,0.5,21.5,32.5,53.8,35.9,40.0,16.4,16.0,0.5,0.5,0.5,-208.3,-118.2,-58.5,-134.9,46.0,82.3,16.0,0.5,0.5,0.5,-139.0,-41.8,0.0,-49.3,46.0,76.9,16.0,0.5,0.5,0.5,-126.9,-77.0,-36.8,-80.9,41.0,40.6,16.0,0.5,0.5,0.5,-82.4,-33.3,4.2,-30.5,41.0,49.1,16.0,0.5,0.5,0.5,-46.3,-29.9,-16.8,-30.3,40.0,15.6,16.0,0.5,0.5,0.5,-31.6,-9.4,2.8,-10.6,40.0,17.1,16.0,0.5,0.5,0.5,30.0,238.5,941.0,473.5,46.0,563.5,16.0,0.5,0.5,0.5,30.0,240.0,940.0,475.0,46.0,565.0,16.0,0.5,0.5,0.5
1974,2,292.0,19.0,24.56,25.6,26.82,25.9,30.0,1.32,14.0,0.4,0.6,0.3,24.0,24.7,26.0,25.01,36.0,1.23,14.0,0.5,0.7,0.3,13.6,14.69,15.97,14.71,30.0,1.47,14.0,0.5,0.7,0.4,69.5,76.4,83.4,75.5,30.0,7.8,14.0,0.5,0.4,5.1,7.95,9.8,7.72,36.0,2.51,14.0,0.5,0.7,0.3,-8.74,-6.91,-2.91,-5.65,36.0,4.33,14.0,0.5,0.7,0.3,-5.03,-2.51,2.05,-1.82,36.0,3.55,14.0,0.5,0.7,0.3,1014.9,1016.4,1017.89,1016.53,36.0,1.74,14.0,0.5,0.7,0.3,1.6,3.0,4.0,2.9,36.0,1.7,14.0,0.5,0.7,0.3,-82.1,-55.7,-12.8,-51.3,36.0,45.6,14.0,0.5,0.7,0.3,-49.6,-20.3,9.3,-18.3,36.0,29.5,14.0,0.5,0.7,0.3,-0.2,0.8,2.4,0.88,30.0,1.66,14.0,0.4,0.6,0.3,-0.8,5.8,18.6,7.1,30.0,14.3,14.0,0.4,0.6,0.3,4.17,5.43,8.07,5.8,25.0,1.9,14.0,0.4,0.6,0.4,20.0,46.0,74.5,45.6,25.0,25.1,14.0,0.4,0.6,0.4,-225.3,-178.0,-69.0,-141.8,36.0,108.7,14.0,0.5,0.7,0.3,-127.3,-63.6,53.1,-45.5,36.0,89.3,14.0,0.5,0.7,0.3,-128.2,-93.0,-48.9,-84.5,30.0,58.2,14.0,0.5,0.7,0.4,-80.2,-36.4,17.7,-32.3,30.0,49.7,14.0,0.5,0.7,0.4,-67.1,-32.3,-16.8,-34.9,25.0,28.5,14.0,0.4,0.6,0.4,-33.7,-17.9,5.5,-15.1,25.0,21.8,14.0,0.4,0.6,0.4,132.5,504.0,941.0,602.5,36.0,515.5,14.0,0.5,0.7,0.3,135.0,505.0,940.0,600.0,36.0,515.0,14.0,0.5,0.7,0.3
1974,2,292.0,20.0,23.4,25.0,26.67,24.97,21.0,1.4,12.0,0.3,0.6,0.5,22.45,23.9,24.4,23.6,23.0,1.09,12.0,0.3,0.6,0.5,13.16,14.48,15.43,14.26,20.0,1.16,14.0,0.4,0.7,0.5,74.4,79.2,85.8,80.1,20.0,6.8,14.0,0.4,0.5,6.2,7.7,9.36,7.49,23.0,2.04,12.0,0.3,0.6,0.5,-7.58,-6.2,-3.26,-5.81,23.0,2.05,12.0,0.3,0.6,0.5,-4.18,0.0,4.89,-0.06,23.0,4.83,12.0,0.3,0.6,0.5,1014.85,1016.3,1019.31,1016.73,23.0,2.08,12.0,0.3,0.6,0.5,1.2,3.0,7.0,3.8,21.0,2.4,12.0,0.4,0.6,0.5,-60.8,-44.2,-26.7,-45.9,23.0,23.9,12.0,0.3,0.6,0.5,-38.9,0.0,37.7,0.3,23.0,43.0,12.0,0.3,0.6,0.5,0.33,1.5,2.7,1.39,21.0,1.69,12.0,0.3,0.6,0.5,2.4,10.4,16.7,8.8,21.0,13.1,12.0,0.3,0.6,0.5,3.21,5.36,7.73,5.39,18.0,1.84,14.0,0.3,0.7,0.5,23.4,37.6,47.6,36.8,18.0,12.9,14.0,0.3,0.7,0.5,-173.7,-148.4,-80.7,-137.0,23.0,48.8,12.0,0.3,0.6,0.5,-96.7,0.0,119.3,0.9,23.0,115.7,12.0,0.3,0.6,0.5,-101.2,-82.3,-46.0,-80.0,20.0,25.9,14.0,0.4,0.7,0.5,-59.5,7.5,56.8,-1.7,20.0,68.1,14.0,0.4,0.7,0.5,-40.1,-30.8,-16.1,-30.5,18.0,13.2,14.0,0.3,0.7,0.5,-19.6,1.8,20.6,0.3,18.0,21.0,14.0,0.3,0.7,0.5,238.5,456.5,832.0,505.5,23.0,348.0,12.0,0.3,0.6,0.5,240.0,455.0,830.0,505.0,23.0,350.0,12.0,0.3,0.6,0.5
1974,2,292.0,21.0,23.94,25.0,26.13,24.87,37.0,1.06,16.0,0.6,0.7,0.5,22.97,23.5,25.0,23.88,38.0,1.47,16.0,0.6,0.7,0.5,13.22,14.2,16.16,14.39,34.0,1.5,16.0,0.5,0.7,0.4,72.0,78.2,87.8,79.5,34.0,8.9,16.0,0.5,0.4,5.98,8.2,10.3,8.2,36.0,2.35,14.0,0.6,0.7,0.5,-9.03,-5.2,0.0,-4.78,36.0,4.27,14.0,0.6,0.7,0.5,-7.16,0.0,4.57,-0.94,36.0,5.66,14.0,0.6,0.7,0.5,1015.2,1016.6,1018.6,1016.74,37.0,2.14,16.0,0.5,0.7,0.4,1.0,3.0,7.0,3.6,38.0,2.6,16.0,0.6,0.7,0.5,-93.7,-35.6,0.0,-43.7,36.0,44.4,14.0,0.6,0.7,0.5,-54.2,0.0,40.5,-9.9,36.0,53.8,14.0,0.6,0.7,0.5,0.0,1.05,2.79,1.15,36.0,1.55,16.0,0.6,0.7,0.5,0.0,7.2,19.1,8.5,33.0,14.0,14.0,0.5,0.7,0.5,4.26,5.34,7.28,5.26,33.0,1.98,16.0,0.5,0.7,0.5,24.1,42.8,57.1,41.2,31.0,19.1,16.0,0.5,0.7,0.5,-219.6,-115.3,0.0,-113.1,35.0,104.3,14.0,0.5,0.7,0.5,-181.1,0.0,106.6,-25.7,35.0,135.3,14.0,0.5,0.7,0.5,-133.1,-65.0,0.0,-66.7,32.0,61.0,16.0,0.5,0.7,0.5,-88.1,0.0,78.7,-8.4,32.0,84.3,16.0,0.5,0.7,0.5,-45.8,-30.7,0.0,-26.1,31.0,22.0,16.0,0.5,0.7,0.5,-34.4,0.0,15.7,-6.7,31.0,29.8,16.0,0.5,0.7,0.5,214.5,551.5,1092.5,682.5,36.0,532.5,14.0,0.6,0.7,0.5,215.0,550.0,1095.0,685.0,36.0,535.0,14.0,0.6,0.7,0.5
1974,2,292.0,22.0,23.4,24.4,25.6,24.42,39.0,1.12,16.0,0.5,0.6,0.5,22.2,23.25,24.34,23.32,40.0,1.15,16.0,0.5,0.6,0.5,12.64,13.94,14.96,13.85,34.0,1.32,16.0,0.5,0.5,0.5,69.7,77.8,85.8,77.8,34.0,8.4,16.0,0.5,0.5,4.19,7.7,10.3,7.37,40.0,2.91,16.0,0.5,0.5,0.5,-8.44,-5.06,-2.48,-5.27,40.0,3.05,16.0,0.5,0.5,0.5,-1.49,2.01,6.75,1.77,40.0,4.82,16.0,0.5,0.5,0.5,1015.75,1018.1,1020.0,1017.92,38.0,2.52,14.0,0.6,0.5,0.5,1.0,2.0,6.0,3.2,41.0,2.3,16.0,0.5,0.6,0.5,-75.6,-32.9,-11.9,-44.7,40.0,40.4,16.0,0.5,0.5,0.5,-8.3,6.7,54.9,11.2,40.0,48.3,16.0,0.5,0.5,0.5,-0.05,1.15,2.31,1.13,38.0,1.45,16.0,0.5,0.6,0.5,-0.4,5.4,21.2,9.4,37.0,12.2,16.0,0.5,0.5,0.5,3.68,4.98,6.7,5.12,32.0,1.88,16.0,0.5,0.5,0.5,19.0,35.6,66.2,41.0,32.0,25.6,16.0,0.5,0.5,0.5,-187.7,-118.3,-56.2,-123.7,39.0,69.9,16.0,0.5,0.5,0.5,-32.5,47.1,166.3,40.3,39.0,114.2,16.0,0.5,0.5,0.5,-122.2,-71.7,-32.9,-74.4,34.0,44.6,16.0,0.5,0.5,0.5,-16.7,29.9,100.9,25.7,34.0,67.4,16.0,0.5,0.5,0.5,-46.6,-27.1,-12.9,-29.2,32.0,18.5,16.0,0.5,0.5,0.5,-12.1,7.0,33.2,6.4,32.0,33.6,16.0,0.5,0.5,0.5,74.5,456.5,1092.5,589.0,40.0,631.0,16.0,0.5,0.5,0.5,75.0,455.0,1095.0,590.0,40.0,630.0,16.0,0.5,0.5,0.5
1974,2,292.0,23.0,23.6,24.4,25.9,24.58,53.0,1.14,16.0,0.5,0.5,0.4,21.91,23.1,24.23,23.12,55.0,1.4,16.0,0.5,0.5,0.4,10.5,13.03,14.83,12.9,38.0,2.29,16.0,0.4,0.5,0.4,66.9,76.1,84.7,75.2,38.0,11.7,16.0,0.4,0.4,5.03,7.7,9.82,7.5,53.0,2.62,16.0,0.5,0.5,0.4,-8.12,-4.42,1.34,-3.54,53.0,4.92,16.0,0.5,0.5,0.4,-4.97,-0.52,4.07,-0.3,53.0,5.21,16.0,0.5,0.5,0.4,1015.55,1018.6,1020.9,1017.91,53.0,3.18,16.0,0.5,0.5,0.4,1.3,4.0,6.0,3.8,53.0,2.3,16.0,0.5,0.5,0.4,-73.4,-25.6,9.2,-28.5,53.0,46.5,16.0,0.5,0.5,0.4,-39.0,-1.6,26.9,-4.5,53.0,53.6,16.0,0.5,0.5,0.4,0.2,1.1,2.96,1.37,52.0,1.52,16.0,0.5,0.5,0.4,0.9,7.2,23.1,9.9,49.0,11.7,16.0,0.5,0.5,0.4,3.71,5.79,8.93,5.97,37.0,2.53,16.0,0.5,0.5,0.4,20.4,44.4,63.5,44.8,36.0,25.2,16.0,0.5,0.5,0.4,-184.6,-100.3,38.6,-79.8,52.0,115.0,16.0,0.5,0.5,0.4,-108.4,-5.4,97.2,-3.2,52.0,121.5,16.0,0.5,0.5,0.4,-107.6,-61.5,0.0,-51.3,37.0,60.4,16.0,0.5,0.5,0.4,-60.7,0.0,55.4,0.9,37.0,64.0,16.0,0.5,0.5,0.4,-49.8,-31.0,0.0,-27.8,36.0,28.4,16.0,0.5,0.5,0.4,-39.3,-0.7,16.0,-8.9,36.0,31.8,16.0,0.5,0.5,0.4,127.0,456.5,950.5,581.0,53.0,591.0,16.0,0.5,0.5,0.4,125.0,455.0,950.0,580.0,53.0,590.0,16.0,0.5,0.5,0.4
1974,2,292.0,24.0,22.8,23.95,25.0,23.94,30.0,1.49,16.0,0.5,0.4,0.4,21.01,22.2,24.4,22.71,33.0,1.68,16.0,0.5,0.4,0.4,11.07,12.81,14.8,13.1,22.0,2.09,16.0,0.5,0.3,0.4,67.2,75.5,86.5,76.0,22.0,9.9,16.0,0.5,0.4,5.0,6.7,10.26,7.32,33.0,2.95,16.0,0.5,0.4,0.4,-7.02,-3.91,2.49,-2.96,33.0,4.76,16.0,0.5,0.4,0.4,-4.67,-0.69,4.94,0.17,33.0,5.68,16.0,0.5,0.4,0.4,1014.76,1018.1,1020.59,1018.05,33.0,2.81,16.0,0.5,0.4,0.4,1.8,3.0,7.0,3.7,31.0,2.4,16.0,0.5,0.4,0.4,-65.6,-22.5,12.2,-24.4,33.0,47.5,16.0,0.5,0.4,0.4,-28.5,-2.8,37.0,3.3,33.0,59.5,16.0,0.5,0.4,0.4,-1.2,1.3,3.2,1.17,30.0,2.29,16.0,0.5,0.4,0.4,-10.6,7.4,24.7,9.1,30.0,17.1,16.0,0.5,0.4,0.4,2.36,5.29,7.75,5.36,19.0,2.47,16.0,0.6,0.3,0.4,17.9,37.7,62.4,37.9,19.0,21.6,16.0,0.6,0.3,0.4,-151.8,-90.6,62.1,-67.8,33.0,110.2,16.0,0.5,0.4,0.4,-104.3,-16.0,109.6,7.1,33.0,126.0,16.0,0.5,0.4,0.4,-86.9,-34.9,45.6,-33.3,22.0,76.1,16.0,0.5,0.3,0.4,-51.1,20.7,108.3,26.5,22.0,76.8,16.0,0.5,0.3,0.4,-36.7,-15.3,2.7,-16.9,19.0,31.0,16.0,0.6,0.3,0.4,-20.4,5.8,23.3,1.6,19.0,26.7,16.0,0.6,0.3,0.4,125.0,301.0,1081.0,594.5,33.0,693.0,16.0,0.5,0.4,0.4,125.0,300.0,1080.0,595.0,33.0,695.0,16.0,0.5,0.4,0.4
1974,2,292.0,25.0,22.73,23.95,24.8,23.75,22.0,1.16,12.0,0.7,0.5,0.5,22.07,23.0,23.9,22.89,22.0,1.32,12.0,0.7,0.5,0.5,10.69,14.1,15.41,13.49,20.0,2.14,14.0,0.8,0.5,0.5,64.6,80.8,85.8,77.1,20.0,10.0,14.0,0.8,0.5,4.27,5.9,8.03,6.46,22.0,2.68,12.0,0.7,0.5,0.5,-6.13,-2.71,1.76,-2.37,22.0,3.6,12.0,0.7,0.5,0.5,-2.69,1.53,6.42,1.1,22.0,5.55,12.0,0.7,0.5,0.5,1015.49,1017.5,1021.36,1017.87,23.0,3.45,12.0,0.7,0.5,0.5,0.5,2.0,4.5,2.7,23.0,2.3,12.0,0.7,0.5,0.5,-43.5,-9.3,9.1,-16.2,22.0,30.0,12.0,0.7,0.5,0.5,-13.0,7.7,45.3,3.8,22.0,56.6,12.0,0.7,0.5,0.5,-0.33,0.8,2.78,0.93,21.0,1.6,12.0,0.7,0.5,0.5,-4.3,5.4,14.2,6.1,20.0,13.2,12.0,0.7,0.5,0.5,2.93,4.59,7.04,4.94,19.0,2.37,12.0,0.8,0.5,0.5,16.2,30.9,37.6,28.6,18.0,11.6,14.0,0.8,0.5,0.5,-142.3,-46.3,55.5,-50.5,21.0,83.3,14.0,0.7,0.5,0.5,-57.9,42.5,162.3,29.2,21.0,130.3,14.0,0.7,0.5,0.5,-73.0,-22.2,41.4,-24.5,19.0,48.1,14.0,0.7,0.5,0.5,-24.1,32.0,106.7,35.6,19.0,61.1,14.0,0.7,0.5,0.5,-29.5,-8.3,7.3,-9.2,18.0,21.1,14.0,0.8,0.5,0.5,-21.9,8.8,24.2,5.0,18.0,21.0,14.0,0.8,0.5,0.5,78.5,216.5,520.0,424.0,22.0,609.5,12.0,0.7,0.5,0.5,80.0,215.0,520.0,425.0,22.0,610.0,12.0,0.7,0.5,0.5
1974,2,292.0,26.0,22.35,22.7,24.0,23.25,11.0,1.28,14.0,0.6,0.5,0.6,20.72,22.0,23.55,22.13,13.0,1.95,16.0,0.5,0.6,0.6,8.32,12.12,13.28,11.23,12.0,2.59,16.0,0.6,0.6,0.6,52.8,75.3,82.4,68.9,12.0,16.4,16.0,0.6,0.6,5.91,7.7,9.46,7.95,13.0,2.46,16.0,0.5,0.6,0.6,-5.62,0.0,7.27,0.85,13.0,6.38,16.0,0.5,0.6,0.6,-6.78,-2.29,5.04,-0.8,13.0,5.68,16.0,0.5,0.6,0.6,1014.9,1018.3,1022.1,1017.98,13.0,3.59,16.0,0.5,0.6,0.6,1.9,3.0,7.1,3.8,13.0,2.4,16.0,0.5,0.6,0.6,-42.5,0.0,78.5,16.1,13.0,66.8,16.0,0.5,0.6,0.6,-58.7,-15.4,42.5,-6.5,13.0,49.4,16.0,0.5,0.6,0.6,-0.04,1.0,1.88,1.25,11.0,1.51,14.0,0.6,0.5,0.6,-0.4,8.7,16.0,9.5,11.0,13.7,14.0,0.6,0.5,0.6,4.26,5.96,9.11,6.61,11.0,2.7,14.0,0.6,0.5,0.6,24.5,55.3,72.2,56.9,11.0,39.1,14.0,0.6,0.5,0.6,-111.0,0.0,156.3,24.6,13.0,146.4,16.0,0.5,0.6,0.6,-136.3,-50.4,116.4,-12.0,13.0,122.2,16.0,0.5,0.6,0.6,-57.1,-15.1,78.2,3.0,12.0,66.7,16.0,0.6,0.6,0.6,-81.2,0.4,66.4,-5.2,12.0,68.1,16.0,0.6,0.6,0.6,-34.3,0.0,54.9,11.9,11.0,59.2,14.0,0.6,0.5,0.6,-45.2,-14.2,29.9,-5.2,11.0,37.5,14.0,0.6,0.5,0.6,208.0,456.5,854.5,649.0,13.0,695.0,16.0,0.5,0.6,0.6,210.0,455.0,855.0,650.0,13.0,695.0,16.0,0.5,0.6,0.6
1974,2,292.0,27.0,20.8,21.9,22.86,21.74,18.0,1.21,14.0,0.6,0.5,0.4,19.59,21.7,22.45,21.31,17.0,2.03,14.0,0.6,0.5,0.4,8.4,11.56,13.49,11.04,12.0,2.55,14.0,0.5,0.4,0.4,59.6,72.0,83.9,71.5,12.0,13.0,14.0,0.5,0.4,2.93,5.0,9.3,6.09,15.0,3.28,12.0,0.5,0.4,0.3,-3.03,1.05,5.85,1.22,15.0,5.05,12.0,0.5,0.4,0.3,-4.86,1.61,5.06,0.31,15.0,4.82,12.0,0.5,0.4,0.3,1015.81,1019.4,1022.09,1018.84,17.0,3.79,14.0,0.5,0.5,0.3,1.5,3.0,5.0,3.1,17.0,1.9,14.0,0.5,0.5,0.4,-12.5,2.2,45.8,12.1,15.0,49.5,12.0,0.5,0.4,0.3,-26.6,3.8,38.4,0.8,15.0,42.6,12.0,0.5,0.4,0.3,-1.08,0.4,2.65,0.6,17.0,2.1,14.0,0.6,0.5,0.4,-3.7,2.0,16.1,4.5,14.0,16.7,12.0,0.6,0.4,0.3,2.25,5.76,7.22,5.23,12.0,2.47,14.0,0.5,0.4,0.4,11.5,33.7,48.6,33.2,10.0,21.0,12.0,0.5,0.3,0.4,-67.8,11.7,124.3,26.6,14.0,116.6,12.0,0.6,0.4,0.3,-87.6,37.1,92.4,1.9,14.0,97.8,12.0,0.6,0.4,0.3,-36.9,8.7,104.9,26.3,10.0,68.0,12.0,0.5,0.3,0.4,-42.2,18.6,58.4,11.4,10.0,50.6,12.0,0.5,0.3,0.4,-11.8,7.9,30.5,7.4,10.0,25.1,12.0,0.5,0.3,0.4,-32.2,5.3,26.6,-3.7,10.0,31.0,12.0,0.5,0.3,0.4,29.0,125.0,804.5,421.5,15.0,547.5,12.0,0.5,0.4,0.3,30.0,125.0,805.0,420.0,15.0,550.0,12.0,0.5,0.4,0.3
1974,2,292.0,28.0,21.07,22.0,22.33,21.57,19.0,1.21,14.0,0.7,0.6,0.4,17.77,21.4,23.0,20.56,19.0,2.33,14.0,0.7,0.6,0.4,8.16,12.2,14.54,11.75,14.0,2.73,14.0,0.7,0.5,0.4,62.9,79.9,89.1,76.9,14.0,11.6,14.0,0.7,0.4,3.94,6.7,9.19,6.81,19.0,3.35,14.0,0.7,0.6,0.4,-5.4,0.63,5.67,0.35,19.0,5.05,14.0,0.7,0.6,0.4,-6.01,0.0,4.35,-0.17,19.0,5.87,14.0,0.7,0.6,0.4,1014.61,1021.0,1024.06,1019.85,19.0,5.93,14.0,0.7,0.6,0.4,1.9,5.0,7.1,4.6,19.0,2.4,14.0,0.7,0.6,0.4,-34.0,0.6,45.7,9.3,19.0,49.2,14.0,0.7,0.6,0.4,-50.0,0.0,29.5,-1.7,19.0,63.1,14.0,0.7,0.6,0.4,-1.34,0.6,4.23,1.01,19.0,2.76,14.0,0.7,0.6,0.4,-9.5,2.4,32.0,8.9,19.0,23.1,14.0,0.7,0.6,0.4,1.3,3.29,7.5,4.08,14.0,3.03,14.0,0.7,0.5,0.4,8.9,17.0,65.2,30.3,14.0,29.1,14.0,0.7,0.5,0.4,-99.1,13.8,122.6,9.9,19.0,104.6,14.0,0.7,0.6,0.4,-107.3,0.0,101.4,7.0,19.0,120.7,14.0,0.7,0.6,0.4,-36.1,13.0,62.5,17.9,14.0,59.1,14.0,0.7,0.5,0.4,-52.6,-11.9,46.6,-0.1,14.0,71.6,14.0,0.7,0.5,0.4,-15.7,3.8,20.9,5.0,14.0,26.8,14.0,0.7,0.5,0.4,-50.4,-5.6,11.0,-15.7,14.0,28.6,14.0,0.7,0.5,0.4,61.5,301.0,781.0,556.0,19.0,844.0,14.0,0.7,0.6,0.4,60.0,300.0,780.0,555.0,19.0,845.0,14.0,0.7,0.6,0.4
1974,2,292.0,29.0,20.22,21.0,21.72,21.05,11.0,0.7,10.0,0.3,0.6,0.5,17.57,19.75,20.28,19.11,12.0,1.49,12.0,0.3,0.5,0.5,8.76,11.16,11.51,10.45,8.0,1.46,12.0,0.4,0.5,0.3,64.9,74.2,88.7,75.7,8.0,11.3,12.0,0.4,0.3,4.85,7.35,10.11,8.23,12.0,4.55,12.0,0.3,0.5,0.5,-3.27,2.99,7.12,3.54,12.0,6.79,12.0,0.3,0.5,0.5,-8.25,-1.93,3.79,-1.82,12.0,5.57,12.0,0.3,0.5,0.5,1010.42,1016.9,1021.83,1016.85,12.0,5.52,12.0,0.3,0.5,0.5,2.0,4.0,7.0,4.6,11.0,2.2,10.0,0.3,0.6,0.5,-28.2,16.2,58.1,48.2,12.0,122.4,12.0,0.3,0.5,0.5,-72.4,-11.6,29.9,-15.7,12.0,53.0,12.0,0.3,0.5,0.5,0.0,2.2,3.84,2.03,11.0,1.77,10.0,0.3,0.6,0.5,0.0,12.1,31.3,15.5,11.0,15.1,10.0,0.3,0.6,0.5,3.54,4.4,6.22,4.89,7.0,1.82,10.0,0.3,0.6,0.4,13.2,32.3,45.9,34.3,7.0,19.6,10.0,0.3,0.6,0.4,-60.2,58.1,134.6,68.5,12.0,131.9,12.0,0.3,0.5,0.5,-146.0,-32.8,75.5,-31.2,12.0,107.2,12.0,0.3,0.5,0.5,-34.2,27.1,59.1,30.9,8.0,89.5,12.0,0.4,0.5,0.3,-63.9,11.3,51.3,-4.9,8.0,58.4,12.0,0.4,0.5,0.3,-20.4,6.6,24.3,4.0,7.0,23.0,10.0,0.3,0.6,0.4,-32.0,0.0,15.2,-6.8,7.0,33.9,10.0,0.3,0.6,0.4,116.5,400.0,1040.5,1162.0,12.0,2418.0,12.0,0.3,0.5,0.5,115.0,400.0,1040.0,1160.0,12.0,2420.0,12.0,0.3,0.5,0.5
1974,2,292.0,30.0,20.0,21.0,21.1,20.86,7.0,1.07,12.0,0.1,0.3,0.6,15.63,18.0,22.46,18.59,9.0,3.13,14.0,0.3,0.4,0.6,6.67,8.95,14.31,10.04,8.0,3.51,16.0,0.4,0.4,0.6,57.5,69.5,88.0,71.6,8.0,14.8,16.0,0.4,0.6,5.53,7.7,10.53,8.4,9.0,3.41,14.0,0.3,0.4,0.6,0.0,1.88,6.53,3.07,9.0,3.5,14.0,0.3,0.4,0.6,-10.12,-5.8,4.61,-3.4,9.0,7.42,14.0,0.3,0.4,0.6,1017.63,1018.1,1022.7,1019.2,9.0,3.83,14.0,0.3,0.4,0.6,3.1,5.0,7.9,5.1,8.0,2.5,16.0,0.4,0.3,0.6,0.0,20.3,78.1,32.9,9.0,43.9,14.0,0.3,0.4,0.6,-105.8,-38.9,22.4,-46.0,9.0,79.8,14.0,0.3,0.4,0.6,0.0,4.0,4.58,2.96,7.0,2.36,12.0,0.1,0.3,0.6,0.0,30.2,38.6,25.0,7.0,23.9,12.0,0.1,0.3,0.6,3.43,5.53,8.09,5.6,6.0,2.57,12.0,0.2,0.3,0.6,18.9,31.9,65.2,40.3,6.0,25.7,12.0,0.2,0.3,0.6,0.0,31.4,121.4,59.7,9.0,77.1,14.0,0.3,0.4,0.6,-155.0,-89.9,86.2,-49.6,9.0,137.3,14.0,0.3,0.4,0.6,0.0,17.4,57.2,34.9,8.0,51.3,16.0,0.4,0.4,0.6,-57.0,-25.0,46.4,-10.5,8.0,68.0,16.0,0.4,0.4,0.6,0.0,13.4,21.5,12.4,6.0,11.1,12.0,0.2,0.3,0.6,-64.2,-13.6,18.7,-19.8,6.0,42.8,12.0,0.2,0.3,0.6,178.0,456.5,1174.0,879.5,9.0,1113.0,14.0,0.3,0.4,0.6,180.0,455.0,1175.0,880.0,9.0,1115.0,14.0,0.3,0.4,0.6
1974,2,292.0,31.0,19.29,20.25,21.27,20.31,8.0,1.37,14.0,0.6,0.7,0.4,15.56,16.3,18.25,16.49,9.0,2.45,14.0,0.6,0.7,0.5,6.7,9.69,11.06,9.21,5.0,2.71,14.0,0.4,0.7,0.5,61.4,76.0,84.2,73.6,5.0,13.0,14.0,0.4,0.5,2.69,7.5,14.19,8.18,10.0,5.33,12.0,0.6,0.6,0.4,0.22,2.57,5.05,3.57,10.0,4.77,12.0,0.6,0.6,0.4,-8.72,-2.5,3.04,-2.26,10.0,7.76,12.0,0.6,0.6,0.4,1016.49,1019.55,1025.24,1019.5,10.0,6.6,12.0,0.6,0.6,0.4,6.0,7.0,8.0,6.7,10.0,1.8,12.0,0.6,0.6,0.4,0.3,14.5,63.3,43.9,10.0,78.4,12.0,0.6,0.6,0.4,-85.1,-7.5,13.0,-19.2,10.0,98.7,12.0,0.6,0.6,0.4,2.01,3.35,6.29,4.05,8.0,2.99,14.0,0.6,0.7,0.4,7.3,12.2,49.5,27.1,8.0,29.9,14.0,0.6,0.7,0.4,3.29,6.19,7.35,5.36,4.0,2.77,14.0,0.5,0.8,0.4,16.2,23.5,40.6,28.2,4.0,18.4,14.0,0.5,0.8,0.4,2.1,33.0,95.5,62.4,9.0,92.6,14.0,0.6,0.7,0.5,-136.3,-58.7,22.0,-41.2,9.0,144.8,14.0,0.6,0.7,0.5,0.0,3.5,55.4,23.7,5.0,31.3,14.0,0.4,0.7,0.5,-104.8,-23.6,59.1,-15.6,5.0,119.8,14.0,0.4,0.7,0.5,1.9,5.6,17.7,9.6,4.0,12.1,14.0,0.5,0.8,0.4,-36.8,-18.1,5.5,-15.8,4.0,28.2,14.0,0.5,0.8,0.4,24.5,472.5,2857.5,1199.5,10.0,1502.0,12.0,0.6,0.6,0.4,25.0,475.0,2855.0,1200.0,10.0,1500.0,12.0,0.6,0.6,0.4
1974,2,292.0,32.0,18.0,19.4,21.2,19.56,12.0,1.51,16.0,0.5,0.6,0.4,13.89,17.0,18.98,16.46,13.0,2.65,16.0,0.5,0.6,0.4,6.81,11.15,13.26,10.21,10.0,2.91,18.0,0.5,0.5,0.5,69.0,89.6,95.7,84.3,10.0,14.8,18.0,0.5,0.5,6.09,12.9,17.19,12.65,13.0,5.7,16.0,0.5,0.6,0.4,2.08,6.89,15.57,7.56,13.0,6.72,16.0,0.5,0.6,0.4,-6.51,-2.78,13.06,1.69,13.0,9.77,16.0,0.5,0.6,0.4,1007.34,1016.1,1020.91,1014.62,13.0,7.38,16.0,0.5,0.6,0.4,3.0,7.5,8.0,6.1,12.0,2.5,16.0,0.6,0.5,0.4,9.6,66.1,260.4,123.5,13.0,131.7,16.0,0.5,0.6,0.4,-73.5,-18.3,182.0,47.8,13.0,166.3,16.0,0.5,0.6,0.4,1.17,2.65,5.78,2.98,12.0,2.48,16.0,0.5,0.6,0.4,5.1,29.3,70.4,37.0,12.0,40.3,16.0,0.5,0.6,0.4,1.14,2.98,6.03,3.36,9.0,2.31,20.0,0.4,0.5,0.5,14.5,22.9,69.1,36.6,9.0,28.6,20.0,0.4,0.5,0.5,25.6,99.3,252.6,123.8,13.0,114.7,16.0,0.5,0.6,0.4,-91.8,-48.9,258.7,43.7,13.0,175.0,16.0,0.5,0.6,0.4,7.6,56.4,130.6,63.9,10.0,77.3,18.0,0.5,0.5,0.5,-38.3,45.8,173.2,63.0,10.0,114.8,18.0,0.5,0.5,0.5,0.8,11.4,36.6,15.1,9.0,20.3,20.0,0.4,0.5,0.5,-24.0,8.0,27.7,-0.9,9.0,40.7,20.0,0.4,0.5,0.5,228.0,2146.5,5099.0,3208.5,13.0,3865.5,16.0,0.5,0.6,0.4,230.0,2145.0,5100.0,3210.0,13.0,3865.0,16.0,0.5,0.6,0.4
1974,2,292.0,33.0,18.68,19.4,20.0,19.37,13.0,0.65,14.0,0.7,0.6,0.4,14.38,15.6,19.28,16.37,13.0,2.37,14.0,0.6,0.6,0.3,6.59,7.04,13.0,9.11,11.0,3.26,16.0,0.7,0.6,0.3,63.4,71.6,94.4,75.7,11.0,16.0,16.0,0.7,0.3,9.36,13.9,16.9,13.26,14.0,4.14,14.0,0.6,0.6,0.4,3.4,6.83,13.65,7.66,14.0,5.8,14.0,0.6,0.6,0.4,-7.59,3.58,13.06,3.32,14.0,9.89,14.0,0.6,0.6,0.4,1010.68,1017.65,1021.06,1015.19,14.0,7.38,14.0,0.6,0.6,0.4,5.8,8.0,8.0,7.1,13.0,1.7,14.0,0.6,0.6,0.4,23.5,89.3,190.0,112.7,14.0,99.0,14.0,0.6,0.6,0.4,-89.2,49.8,218.9,58.3,14.0,157.6,14.0,0.6,0.6,0.4,0.65,3.4,4.68,2.82,12.0,1.98,14.0,0.7,0.6,0.3,6.4,27.5,83.0,38.6,12.0,34.6,14.0,0.7,0.6,0.3,1.69,6.32,7.53,4.79,11.0,2.89,16.0,0.7,0.6,0.3,21.5,42.5,122.3,66.6,11.0,54.1,16.0,0.7,0.6,0.3,43.6,106.4,222.2,121.1,13.0,96.7,14.0,0.6,0.6,0.3,-110.9,42.2,263.5,64.1,13.0,170.0,14.0,0.6,0.6,0.3,13.8,38.5,119.9,57.1,11.0,58.2,16.0,0.7,0.6,0.3,-49.9,24.0,161.2,51.3,11.0,100.0,16.0,0.7,0.6,0.3,5.5,30.0,80.5,41.2,11.0,41.1,16.0,0.7,0.6,0.3,-47.2,8.4,25.9,4.6,11.0,65.0,16.0,0.7,0.6,0.3,822.5,2685.5,4833.5,2963.0,14.0,2458.5,14.0,0.6,0.6,0.4,825.0,2685.0,4835.0,2965.0,14.0,2460.0,14.0,0.6,0.6,0.4
1974,2,292.0,34.0,18.24,19.4,20.0,19.33,9.0,1.05,14.0,1.0,0.6,0.6,13.6,17.35,19.0,16.43,10.0,2.44,14.0,1.0,0.6,0.6,7.21,7.96,12.26,9.15,9.0,2.53,16.0,1.0,0.5,0.6,62.7,82.8,91.8,79.2,9.0,14.0,16.0,1.0,0.6,5.21,9.25,13.21,9.2,10.0,4.17,14.0,1.0,0.6,0.6,0.72,5.35,10.64,5.23,10.0,5.43,14.0,1.0,0.6,0.6,-5.72,-2.77,5.32,-1.62,10.0,6.97,14.0,1.0,0.6,0.6,1002.1,1014.6,1021.07,1012.74,10.0,9.37,14.0,1.0,0.6,0.6,6.4,8.0,8.0,7.2,10.0,1.3,14.0,1.0,0.6,0.6,1.9,42.1,126.3,57.8,10.0,66.3,14.0,1.0,0.6,0.6,-66.0,-9.9,44.4,-20.1,10.0,92.2,14.0,1.0,0.6,0.6,0.25,2.0,5.89,3.0,9.0,2.91,14.0,1.0,0.6,0.6,2.5,14.4,51.4,27.1,9.0,36.7,14.0,1.0,0.6,0.6,2.79,5.7,6.65,5.12,8.0,2.03,16.0,1.0,0.5,0.6,17.4,35.9,65.0,43.8,8.0,30.3,16.0,1.0,0.5,0.6,10.0,95.6,179.2,93.7,10.0,93.2,14.0,1.0,0.6,0.6,-103.4,-44.8,98.1,-18.1,10.0,108.5,14.0,1.0,0.6,0.6,3.5,47.2,89.6,46.0,9.0,48.1,16.0,1.0,0.5,0.6,-60.0,-25.1,42.9,-16.1,9.0,62.2,16.0,1.0,0.5,0.6,1.0,11.3,48.6,16.1,8.0,29.4,16.0,1.0,0.5,0.6,-36.7,-16.6,13.0,-21.4,8.0,37.8,16.0,1.0,0.5,0.6,168.0,822.0,2332.5,1204.5,10.0,1216.5,14.0,1.0,0.6,0.6,170.0,820.0,2330.0,1205.0,10.0,1215.0,14.0,1.0,0.6,0.6
1974,2,292.0,35.0,19.0,20.0,21.1,20.15,13.0,1.57,14.0,0.4,0.6,0.6,12.13,16.2,18.64,15.85,13.0,3.14,14.0,0.4,0.6,0.6,7.08,9.87,11.06,9.45,12.0,2.44,12.0,0.3,0.6,0.6,72.9,82.9,93.8,82.6,12.0,9.7,12.0,0.3,0.6,10.25,12.9,18.2,13.77,13.0,4.97,14.0,0.4,0.6,0.6,1.58,9.88,16.97,10.39,13.0,6.67,14.0,0.4,0.6,0.6,-6.7,0.0,9.85,1.06,13.0,8.21,14.0,0.4,0.6,0.6,1007.39,1013.5,1023.14,1014.58,13.0,9.03,14.0,0.4,0.6,0.6,3.7,8.0,8.0,6.6,12.0,2.1,14.0,0.4,0.6,0.6,8.0,127.5,306.6,170.2,13.0,143.8,14.0,0.4,0.6,0.6,-110.8,0.0,106.2,8.8,13.0,133.5,14.0,0.4,0.6,0.6,1.45,4.5,7.62,4.31,13.0,3.46,14.0,0.4,0.6,0.6,16.4,33.5,112.5,60.5,13.0,58.7,14.0,0.4,0.6,0.6,3.24,5.1,7.32,5.3,12.0,2.44,12.0,0.3,0.6,0.6,31.5,63.1,103.5,69.5,12.0,44.3,12.0,0.3,0.6,0.6,25.6,148.4,257.1,158.5,13.0,107.1,14.0,0.4,0.6,0.6,-86.3,0.0,170.4,37.9,13.0,134.3,14.0,0.4,0.6,0.6,13.0,77.2,168.5,92.0,12.0,73.2,12.0,0.3,0.6,0.6,-49.8,26.5,103.4,28.8,12.0,82.7,12.0,0.3,0.6,0.6,7.1,50.9,82.0,53.3,12.0,45.1,12.0,0.3,0.6,0.6,-56.7,6.8,35.4,-6.2,12.0,45.3,12.0,0.3,0.6,0.6,1078.0,2146.5,6051.0,3580.0,13.0,3529.0,14.0,0.4,0.6,0.6,1080.0,2145.0,6050.0,3580.0,13.0,3530.0,14.0,0.4,0.6,0.6
1974,2,292.0,36.0,17.77,20.0,21.37,19.48,13.0,2.59,12.0,0.8,0.5,0.4,11.01,16.5,18.99,15.16,14.0,4.0,12.0,0.9,0.5,0.4,5.73,7.06,8.2,6.91,7.0,1.41,18.0,0.9,0.4,0.4,62.0,67.3,87.5,73.1,7.0,15.3,18.0,0.9,0.4,6.7,12.45,18.94,13.02,14.0,5.91,12.0,0.9,0.5,0.4,1.5,10.14,17.7,8.63,14.0,7.76,12.0,0.9,0.5,0.4,-7.96,4.17,8.92,0.29,14.0,8.77,12.0,0.9,0.5,0.4,1000.13,1010.0,1018.38,1010.0,14.0,9.39,12.0,0.9,0.5,0.4,7.0,8.0,8.0,7.5,14.0,0.7,12.0,0.9,0.5,0.4,6.6,120.6,335.5,148.9,14.0,153.6,12.0,0.9,0.5,0.4,-120.4,31.1,148.7,5.3,14.0,146.6,12.0,0.9,0.5,0.4,-0.02,3.4,9.01,4.46,13.0,3.79,12.0,0.8,0.5,0.4,-0.2,45.2,82.3,58.3,13.0,62.5,12.0,0.8,0.5,0.4,5.14,7.12,7.59,6.61,7.0,1.48,18.0,0.9,0.4,0.4,24.4,54.4,153.0,75.0,7.0,56.2,18.0,0.9,0.4,0.4,17.5,160.1,213.0,134.8,14.0,125.7,12.0,0.9,0.5,0.4,-83.1,70.2,167.1,23.0,14.0,144.8,12.0,0.9,0.5,0.4,-10.8,21.6,128.7,43.9,7.0,75.9,18.0,0.9,0.4,0.4,-54.8,-17.5,40.4,-3.5,7.0,61.6,18.0,0.9,0.4,0.4,-10.4,12.3,132.5,38.4,7.0,68.7,18.0,0.9,0.4,0.4,-58.2,-20.0,37.0,-10.0,7.0,56.3,18.0,0.9,0.4,0.4,301.0,1937.5,6794.0,3483.5,14.0,3610.5,12.0,0.9,0.5,0.4,300.0,1935.0,6795.0,3485.0,14.0,3610.0,12.0,0.9,0.5,0.4
1974,2,292.0,37.0,18.49,22.1,23.12,21.25,16.0,2.27,14.0,0.4,0.5,0.4,8.27,13.5,18.8,13.81,21.0,4.85,14.0,0.4,0.5,0.4,4.68,8.61,12.89,8.63,17.0,3.73,14.0,0.4,0.4,0.4,63.5,76.1,93.2,77.2,17.0,13.6,14.0,0.4,0.4,4.6,11.8,21.33,13.02,19.0,7.79,14.0,0.3,0.5,0.4,0.0,4.95,13.71,7.17,19.0,8.47,14.0,0.3,0.5,0.4,-10.35,-4.41,12.31,-0.62,19.0,10.64,14.0,0.3,0.5,0.4,997.26,1011.0,1018.9,1008.65,21.0,11.15,14.0,0.4,0.5,0.4,5.9,8.0,8.0,6.8,19.0,1.8,14.0,0.4,0.5,0.5,0.0,56.9,246.2,141.9,19.0,215.6,14.0,0.3,0.5,0.4,-138.3,-42.2,185.4,29.9,19.0,220.1,14.0,0.3,0.5,0.4,2.85,5.9,11.7,6.93,16.0,4.55,14.0,0.4,0.5,0.4,20.6,61.9,105.2,66.1,14.0,49.5,16.0,0.4,0.5,0.4,2.71,7.95,11.34,7.43,14.0,3.79,14.0,0.5,0.4,0.4,28.0,73.5,104.4,70.2,12.0,41.9,16.0,0.4,0.4,0.4,0.0,69.3,164.5,103.5,19.0,149.7,14.0,0.3,0.5,0.4,-99.2,-44.1,226.3,28.2,19.0,165.7,14.0,0.3,0.5,0.4,8.6,45.3,112.8,79.9,15.0,109.1,14.0,0.3,0.4,0.4,-42.6,-9.9,165.9,46.5,15.0,114.8,14.0,0.3,0.4,0.4,11.0,27.2,67.7,41.2,12.0,43.1,16.0,0.4,0.4,0.4,-71.8,-24.3,31.7,-17.7,12.0,55.5,16.0,0.4,0.4,0.4,97.5,1643.0,9922.5,4750.0,19.0,7210.0,14.0,0.3,0.5,0.4,95.0,1645.0,9920.0,4750.0,19.0,7210.0,14.0,0.3,0.5,0.4
1974,2,292.0,38.0,11.02,13.4,16.18,13.44,15.0,2.62,12.0,0.4,0.7,0.5,5.18,9.3,14.94,9.99,14.0,4.23,12.0,0.4,0.7,0.5,5.02,7.26,9.79,7.3,10.0,2.38,14.0,0.3,0.7,0.5,76.6,86.6,93.1,85.7,10.0,9.6,14.0,0.3,0.5,8.49,11.15,16.7,11.99,16.0,4.6,12.0,0.4,0.7,0.5,-3.22,3.27,14.41,4.59,16.0,8.16,12.0,0.4,0.7,0.5,-10.21,-4.22,7.32,-1.92,16.0,9.04,12.0,0.4,0.7,0.5,1006.19,1010.55,1016.36,1010.55,16.0,5.52,12.0,0.4,0.7,0.5,7.0,8.0,8.0,7.0,15.0,2.1,14.0,0.5,0.7,0.6,-28.3,31.2,224.6,76.1,16.0,127.9,12.0,0.4,0.7,0.5,-114.5,-36.0,64.1,-15.8,16.0,139.5,12.0,0.4,0.7,0.5,-0.52,3.7,7.69,3.46,14.0,3.55,12.0,0.4,0.7,0.5,-4.4,35.8,75.5,37.3,14.0,40.8,12.0,0.4,0.7,0.5,0.37,3.45,4.65,2.74,10.0,2.07,14.0,0.3,0.7,0.5,3.3,30.2,62.4,32.9,10.0,29.2,14.0,0.3,0.7,0.5,-23.4,32.2,115.9,49.0,14.0,83.9,12.0,0.4,0.7,0.5,-91.4,-15.3,126.6,7.5,14.0,117.4,12.0,0.4,0.7,0.5,-7.5,33.4,84.5,33.9,10.0,53.7,14.0,0.3,0.7,0.5,-36.9,0.0,93.0,25.3,10.0,81.7,14.0,0.3,0.7,0.5,-4.9,3.7,60.9,17.3,10.0,36.3,14.0,0.3,0.7,0.5,-23.6,-3.3,6.2,-8.8,10.0,17.9,14.0,0.3,0.7,0.5,623.0,1387.0,4710.0,2457.0,16.0,2518.5,12.0,0.4,0.7,0.5,625.0,1385.0,4710.0,2455.0,16.0,2520.0,12.0,0.4,0.7,0.5
1974,2,292.0,39.0,11.04,13.5,15.0,13.48,10.0,2.28,14.0,0.7,0.5,0.4,4.18,9.9,13.67,9.01,11.0,4.18,16.0,0.7,0.5,0.5,3.86,7.21,9.26,6.61,8.0,2.64,16.0,0.6,0.5,0.5,72.6,92.2,95.8,85.4,8.0,15.9,16.0,0.6,0.5,7.81,12.45,16.89,11.93,10.0,5.92,14.0,0.8,0.5,0.5,0.0,8.6,12.73,6.3,10.0,8.0,14.0,0.8,0.5,0.5,-12.18,-1.88,6.47,-2.92,10.0,8.69,14.0,0.8,0.5,0.5,1004.99,1009.2,1025.92,1011.82,11.0,11.16,16.0,0.7,0.5,0.5,1.3,8.0,8.0,5.7,10.0,3.4,16.0,0.7,0.4,0.5,0.0,101.8,227.6,93.9,10.0,135.3,14.0,0.8,0.5,0.5,-180.8,-20.7,65.7,-58.7,10.0,136.8,14.0,0.8,0.5,0.5,-1.43,4.75,11.06,4.77,10.0,5.89,14.0,0.7,0.5,0.4,-14.2,10.3,97.8,36.7,9.0,54.4,14.0,0.8,0.6,0.5,-0.47,1.66,7.66,2.99,8.0,3.9,16.0,0.6,0.5,0.5,-5.3,5.4,43.0,17.0,7.0,29.8,14.0,0.7,0.6,0.5,0.0,43.4,127.1,64.3,10.0,89.6,14.0,0.8,0.5,0.5,-90.6,-6.2,90.3,-11.9,10.0,91.0,14.0,0.8,0.5,0.5,-3.2,27.7,104.0,36.5,7.0,73.4,14.0,0.7,0.6,0.5,-81.8,0.0,63.2,-9.5,7.0,78.7,14.0,0.7,0.6,0.5,-3.0,0.0,11.9,3.2,7.0,18.8,14.0,0.7,0.6,0.5,-33.3,-4.9,0.2,-15.4,7.0,24.2,14.0,0.7,0.6,0.5,516.5,2008.5,4898.5,2733.5,10.0,2762.5,14.0,0.8,0.5,0.5,515.0,2010.0,4900.0,2735.0,10.0,2765.0,14.0,0.8,0.5,0.5
1974,2,292.0,40.0,4.81,7.0,11.76,7.69,25.0,3.67,16.0,0.5,0.5,0.5,0.64,2.7,7.0,4.01,28.0,3.77,16.0,0.5,0.5,0.6,3.5,4.17,5.58,4.51,17.0,1.28,16.0,0.4,0.5,0.6,71.7,87.1,94.3,84.2,17.0,10.6,16.0,0.4,0.6,3.77,8.2,15.29,9.97,29.0,6.01,16.0,0.5,0.5,0.6,-1.32,3.1,10.49,4.3,29.0,6.95,16.0,0.5,0.5,0.6,-9.8,-3.52,2.92,-3.12,29.0,7.85,16.0,0.5,0.5,0.6,1003.82,1012.9,1025.47,1012.93,29.0,11.27,16.0,0.5,0.5,0.6,3.0,6.5,8.0,6.0,26.0,2.2,18.0,0.5,0.5,0.5,-4.1,23.0,149.7,64.2,29.0,125.8,16.0,0.5,0.5,0.6,-114.8,-36.0,9.0,-49.7,29.0,143.1,16.0,0.5,0.5,0.6,-0.63,4.25,6.93,3.69,24.0,4.09,16.0,0.5,0.5,0.5,-2.7,39.4,76.8,36.3,24.0,41.1,16.0,0.5,0.5,0.5,-0.34,1.85,3.56,1.85,14.0,1.86,16.0,0.4,0.5,0.5,-1.0,17.1,39.9,19.6,14.0,21.5,16.0,0.4,0.5,0.5,-2.3,8.0,41.8,15.2,28.0,31.6,16.0,0.5,0.5,0.6,-26.3,-6.6,14.5,5.1,28.0,63.8,16.0,0.5,0.5,0.6,-4.9,17.8,45.6,18.0,17.0,34.2,16.0,0.4,0.5,0.6,-30.4,-13.6,15.9,-8.0,17.0,41.9,16.0,0.4,0.5,0.6,-0.5,9.2,33.7,14.6,14.0,17.7,16.0,0.4,0.5,0.5,-27.0,-8.1,0.0,-11.9,14.0,13.4,16.0,0.4,0.5,0.5,60.0,551.5,3603.5,2216.0,29.0,3716.0,16.0,0.5,0.5,0.6,60.0,550.0,3605.0,2215.0,29.0,3715.0,16.0,0.5,0.5,0.6
1974,2,292.0,41.0,4.5,5.7,6.28,5.83,15.0,1.66,12.0,0.7,0.7,0.4,0.0,1.0,6.43,2.13,15.0,3.26,12.0,0.7,0.7,0.4,3.07,4.12,6.06,4.43,10.0,1.46,10.0,0.7,0.6,0.4,84.5,92.5,100.0,89.8,10.0,10.9,10.0,0.7,0.4,6.0,7.95,13.03,9.41,12.0,3.95,12.0,0.7,0.7,0.4,-2.07,4.39,6.29,2.45,12.0,5.65,12.0,0.7,0.7,0.4,-11.53,-3.73,6.56,-2.32,12.0,8.23,12.0,0.7,0.7,0.4,1003.73,1011.25,1020.26,1011.63,12.0,10.5,12.0,0.7,0.7,0.4,4.2,7.0,8.0,6.3,15.0,1.9,12.0,0.7,0.7,0.4,-12.5,30.4,67.0,15.8,12.0,78.7,12.0,0.7,0.7,0.4,-150.4,-24.5,46.2,-34.6,12.0,107.6,12.0,0.7,0.7,0.4,-1.54,4.7,7.39,3.7,15.0,4.1,12.0,0.7,0.7,0.4,-16.2,39.5,57.3,30.4,12.0,43.8,12.0,0.7,0.7,0.4,-0.76,1.13,2.48,1.0,10.0,1.48,10.0,0.7,0.6,0.4,-5.5,8.5,27.2,12.2,10.0,18.7,10.0,0.7,0.6,0.4,-0.3,3.4,25.8,8.7,12.0,15.2,12.0,0.7,0.7,0.4,-5.6,0.0,48.7,16.0,12.0,33.5,12.0,0.7,0.7,0.4,-7.3,19.9,27.3,12.0,10.0,20.4,10.0,0.7,0.6,0.4,-38.8,-9.4,45.4,2.3,10.0,41.9,10.0,0.7,0.6,0.4,-2.1,2.9,10.8,3.2,10.0,15.2,10.0,0.7,0.6,0.4,-20.3,-7.3,-2.9,-11.1,10.0,11.5,10.0,0.7,0.6,0.4,216.0,516.0,2212.5,1283.5,12.0,1649.5,12.0,0.7,0.7,0.4,215.0,515.0,2215.0,1285.0,12.0,1650.0,12.0,0.7,0.7,0.4
1974,2,292.0,42.0,4.88,6.0,6.9,5.93,13.0,1.23,6.0,0.5,0.7,0.4,-2.91,0.0,2.3,0.08,19.0,3.19,8.0,0.5,0.7,0.4,2.44,4.47,5.13,3.97,5.0,1.53,4.0,0.6,0.7,0.4,74.7,77.2,93.6,82.8,5.0,10.4,4.0,0.6,0.4,8.7,10.15,11.94,10.61,14.0,3.91,10.0,0.5,0.6,0.4,-7.46,3.33,9.67,1.98,14.0,8.2,10.0,0.5,0.6,0.4,-10.1,-5.9,-3.47,-6.53,14.0,4.39,10.0,0.5,0.6,0.4,1009.12,1014.2,1021.78,1014.15,17.0,7.33,10.0,0.4,0.7,0.4,3.4,8.0,8.0,6.2,18.0,2.7,8.0,0.5,0.6,0.4,-72.6,32.9,104.5,35.4,14.0,109.5,10.0,0.5,0.6,0.4,-110.3,-61.1,-34.3,-81.9,14.0,84.0,10.0,0.5,0.6,0.4,1.92,5.3,9.61,5.42,13.0,4.19,6.0,0.5,0.7,0.4,34.3,49.5,95.0,60.2,8.0,30.7,6.0,0.5,0.6,0.4,0.21,1.05,3.57,1.68,5.0,1.92,4.0,0.6,0.7,0.4,19.4,38.6,39.8,29.8,3.0,16.7,6.0,1.0,0.5,0.4,-26.4,0.0,12.3,-2.4,14.0,18.2,10.0,0.5,0.6,0.4,-7.7,0.0,15.7,4.2,14.0,10.7,10.0,0.5,0.6,0.4,-34.9,-19.7,-17.8,-26.2,3.0,13.8,6.0,1.0,0.5,0.4,-20.9,-15.3,-14.5,-17.6,3.0,5.1,6.0,1.0,0.5,0.4,-28.4,-26.0,-15.0,-21.8,3.0,10.5,6.0,1.0,0.5,0.4,-29.0,-24.8,-10.3,-19.8,3.0,14.3,6.0,1.0,0.5,0.4,658.5,1046.5,1703.0,1704.5,14.0,2235.5,10.0,0.5,0.6,0.4,660.0,1045.0,1705.0,1705.0,14.0,2235.0,10.0,0.5,0.6,0.4
1974,2,292.0,43.0,4.0,4.0,4.5,4.25,15.0,0.31,14.0,1.0,0.6,0.7,-3.1,-1.3,6.02,0.95,13.0,4.28,12.0,0.8,0.6,0.7,3.15,4.07,5.75,4.42,7.0,1.21,18.0,1.0,0.6,0.7,83.5,84.2,100.0,89.2,7.0,8.6,18.0,1.0,0.7,7.33,12.9,14.54,11.68,19.0,5.26,12.0,0.8,0.6,0.7,-5.61,3.86,12.21,3.25,19.0,9.48,12.0,0.8,0.6,0.7,-8.63,-3.52,9.01,-1.82,19.0,8.19,12.0,0.8,0.6,0.7,1006.84,1015.9,1018.76,1012.76,19.0,7.24,12.0,0.8,0.6,0.7,2.5,7.0,8.0,5.9,17.0,2.6,12.0,0.8,0.5,0.6,-58.3,43.7,157.5,53.6,19.0,180.4,12.0,0.8,0.6,0.7,-108.8,-28.9,93.7,-20.6,19.0,112.3,12.0,0.8,0.6,0.7,-1.92,1.0,6.21,2.1,9.0,3.96,14.0,1.0,0.6,0.7,-24.8,18.0,62.3,18.7,9.0,44.9,14.0,1.0,0.6,0.7,-0.66,1.08,1.88,0.71,7.0,1.19,18.0,1.0,0.6,0.7,-8.5,10.6,20.2,8.3,7.0,14.3,18.0,1.0,0.6,0.7,-34.1,5.0,32.0,8.1,13.0,43.7,12.0,0.8,0.6,0.7,-1.3,6.2,34.8,18.7,13.0,37.0,12.0,0.8,0.6,0.7,-31.6,12.9,32.6,5.2,7.0,43.4,18.0,1.0,0.6,0.7,-14.5,-11.1,71.4,13.9,7.0,46.3,18.0,1.0,0.6,0.7,-15.7,-5.3,0.9,-5.6,7.0,13.3,18.0,1.0,0.6,0.7,-9.0,-6.5,2.0,-3.5,7.0,7.6,18.0,1.0,0.6,0.7,410.0,2146.5,3081.5,2577.0,19.0,3753.0,12.0,0.8,0.6,0.7,410.0,2145.0,3080.0,2575.0,19.0,3755.0,12.0,0.8,0.6,0.7
1974,2,292.0,44.0,4.4,5.0,5.6,5.0,6.0,0.54,24.0,1.0,0.2,0.2,-7.0,-1.7,3.91,-1.18,13.0,4.89,18.0,0.8,0.4,0.3,2.13,2.8,3.86,3.08,6.0,1.19,24.0,1.0,0.2,0.2,69.1,76.3,86.9,77.2,6.0,11.6,24.0,1.0,0.2,6.91,12.35,14.65,10.93,12.0,4.5,18.0,0.8,0.4,0.3,-2.71,6.06,11.11,4.97,12.0,6.93,18.0,0.8,0.4,0.3,-9.88,0.4,7.1,-1.6,12.0,8.54,18.0,0.8,0.4,0.3,997.85,1011.8,1017.62,1008.75,13.0,13.02,18.0,0.8,0.4,0.3,0.7,5.5,8.0,4.7,12.0,3.5,18.0,0.8,0.3,0.2,-27.6,45.6,136.0,62.0,12.0,103.7,18.0,0.8,0.4,0.3,-127.5,1.8,102.4,-14.7,12.0,119.6,18.0,0.8,0.4,0.3,0.83,6.5,7.53,4.88,6.0,3.66,24.0,1.0,0.2,0.2,10.8,51.2,83.1,46.4,6.0,38.2,24.0,1.0,0.2,0.2,1.48,2.79,3.22,2.33,6.0,1.21,24.0,1.0,0.2,0.2,11.1,25.0,35.4,23.5,6.0,14.5,24.0,1.0,0.2,0.2,-19.6,9.4,43.5,10.0,12.0,28.8,18.0,0.8,0.4,0.3,-0.3,21.0,36.5,25.1,12.0,31.6,18.0,0.8,0.4,0.3,-10.0,13.9,43.0,15.6,6.0,30.0,24.0,1.0,0.2,0.2,-21.5,-7.4,21.4,-3.4,6.0,22.1,24.0,1.0,0.2,0.2,-11.6,7.4,21.9,5.3,6.0,18.6,24.0,1.0,0.2,0.2,-27.1,-12.1,4.3,-11.3,6.0,18.4,24.0,1.0,0.2,0.2,365.0,1895.0,3155.5,1885.0,12.0,1694.0,18.0,0.8,0.4,0.3,365.0,1895.0,3155.0,1885.0,12.0,1695.0,18.0,0.8,0.4,0.3
1974,2,292.0,45.0,,,,,,,,,,,,,,,,,,,,,,,,,,,,,,,,,,,,,,,,6.44,6.95,7.46,6.95,2.0,1.06,14.0,1.0,0.9,0.1,5.84,5.86,5.89,5.86,2.0,0.05,14.0,1.0,0.9,0.1,-4.5,-3.53,-2.57,-3.53,2.0,2.0,14.0,1.0,0.9,0.1,1014.27,1017.0,1019.73,1017.0,2.0,5.66,14.0,1.0,0.9,0.1,,,,,,,,,,,,,,,,,,,,,,,,,,,,,,,,,,,,,,,,,,,,,,,,,,,,,,,,,,,,,,,,,,,,,,,,,,,,,,,,,,,,,,,,,,,,,,,,,,,,,,,,,,,,,,,,,,,,,,,,,,,,,,,,,,,,,,,,,,,,,,,,,,,,,,
1974,2,292.0,48.0,-1.1,-1.0,-0.92,-1.02,15.0,0.13,8.0,0.9,0.4,0.9,-18.0,-14.95,-8.3,-13.44,20.0,4.82,6.0,0.9,0.4,0.9,0.76,0.97,1.62,1.18,20.0,0.61,6.0,0.9,0.4,0.9,71.0,83.7,88.0,80.8,20.0,12.3,6.0,0.9,0.9,7.56,12.9,15.56,12.02,19.0,4.2,8.0,0.8,0.4,0.9,3.46,12.12,15.42,10.01,19.0,6.27,8.0,0.8,0.4,0.9,-4.49,0.0,5.78,0.32,19.0,4.98,8.0,0.8,0.4,0.9,1005.51,1012.3,1015.58,1009.91,20.0,6.6,6.0,0.9,0.4,0.9,3.9,8.0,8.0,6.3,19.0,2.2,6.0,0.8,0.4,0.9,22.1,163.9,239.8,142.5,19.0,108.3,8.0,0.8,0.4,0.9,-63.9,0.0,45.2,-8.6,19.0,64.0,8.0,0.8,0.4,0.9,6.62,13.7,16.5,11.76,15.0,5.07,8.0,0.9,0.4,0.9,41.4,172.0,223.9,146.1,15.0,81.5,8.0,0.9,0.4,0.9,1.7,2.5,2.67,2.21,15.0,0.64,8.0,0.9,0.4,0.9,12.1,32.0,39.0,26.8,15.0,12.6,8.0,0.9,0.4,0.9,-242.6,-183.3,-28.8,-152.9,19.0,104.3,8.0,0.8,0.4,0.9,-45.7,0.0,60.5,10.5,19.0,59.3,8.0,0.8,0.4,0.9,5.8,10.6,13.5,9.2,19.0,5.9,8.0,0.8,0.4,0.9,-4.3,0.0,8.8,2.3,19.0,7.5,8.0,0.8,0.4,0.9,7.4,29.0,38.3,23.9,15.0,15.3,8.0,0.9,0.4,0.9,-8.9,0.0,10.0,1.1,15.0,9.0,8.0,0.9,0.4,0.9,434.0,2146.5,3772.5,2325.5,19.0,1972.5,8.0,0.8,0.4,0.9,435.0,2145.0,3775.0,2325.0,19.0,1970.0,8.0,0.8,0.4,0.9
1974,2,292.0,49.0,-1.3,-1.1,-0.8,-1.01,15.0,0.39,10.0,0.8,0.5,0.1,-12.28,-5.0,4.0,-6.13,47.0,8.33,14.0,0.9,0.4,0.1,0.7,1.15,2.39,1.49,15.0,0.96,8.0,0.7,0.5,0.1,63.5,80.2,90.9,79.7,15.0,13.0,8.0,0.7,0.1,5.1,7.95,15.4,10.25,48.0,6.1,14.0,0.9,0.4,0.1,-1.11,6.67,13.14,6.06,48.0,8.87,14.0,0.9,0.4,0.1,-4.57,0.0,4.97,0.12,48.0,5.32,14.0,0.9,0.4,0.1,1006.0,1013.0,1017.82,1012.19,47.0,7.12,14.0,0.9,0.4,0.1,2.0,5.0,8.0,5.0,47.0,2.6,14.0,0.9,0.4,0.1,-10.4,51.3,186.4,90.0,48.0,190.3,14.0,0.9,0.4,0.1,-50.6,0.0,29.3,-5.7,48.0,74.9,14.0,0.9,0.4,0.1,3.35,9.2,18.18,9.94,14.0,8.26,10.0,0.8,0.5,0.1,20.5,102.3,340.2,150.5,14.0,179.2,10.0,0.8,0.5,0.1,1.07,2.07,2.71,1.96,14.0,0.93,10.0,0.8,0.5,0.1,5.4,25.0,46.1,27.5,14.0,24.0,10.0,0.8,0.5,0.1,-168.5,-12.2,26.4,-72.7,47.0,152.0,14.0,0.9,0.4,0.1,-17.2,14.7,55.9,20.3,47.0,43.5,14.0,0.9,0.4,0.1,-10.6,4.2,17.1,3.8,15.0,12.1,8.0,0.7,0.5,0.1,-7.3,-2.5,10.0,2.1,15.0,19.4,8.0,0.7,0.5,0.1,-3.2,16.3,40.2,21.0,14.0,28.2,10.0,0.8,0.5,0.1,-12.9,-6.9,5.0,-6.0,14.0,9.1,10.0,0.8,0.5,0.1,132.5,504.0,3652.5,2438.0,48.0,4536.5,14.0,0.9,0.4,0.1,135.0,505.0,3650.0,2440.0,48.0,4535.0,14.0,0.9,0.4,0.1
1974,2,293.0,-68.0,1.8,1.8,1.8,1.8,1.0,0.0,24.0,1.0,0.2,0.5,2.6,2.6,2.6,2.6,1.0,0.0,24.0,1.0,0.2,0.5,4.45,4.45,4.45,4.45,1.0,0.0,24.0,1.0,0.2,0.5,93.1,93.1,93.1,93.1,1.0,0.0,24.0,1.0,0.5,12.9,12.9,12.9,12.9,1.0,0.0,24.0,1.0,0.2,0.5,-12.7,-12.7,-12.7,-12.7,1.0,0.0,24.0,1.0,0.2,0.5,-2.24,-2.24,-2.24,-2.24,1.0,0.0,24.0,1.0,0.2,0.5,965.2,965.2,965.2,965.2,1.0,0.0,24.0,1.0,0.2,0.5,8.0,8.0,8.0,8.0,1.0,0.0,24.0,1.0,0.2,0.5,-163.9,-163.9,-163.9,-163.9,1.0,0.0,24.0,1.0,0.2,0.5,-28.9,-28.9,-28.9,-28.9,1.0,0.0,24.0,1.0,0.2,0.5,-0.8,-0.8,-0.8,-0.8,1.0,0.0,24.0,1.0,0.2,0.5,-10.3,-10.3,-10.3,-10.3,1.0,0.0,24.0,1.0,0.2,0.5,0.06,0.06,0.06,0.06,1.0,0.0,24.0,1.0,0.2,0.5,0.8,0.8,0.8,0.8,1.0,0.0,24.0,1.0,0.2,0.5,-33.0,-33.0,-33.0,-33.0,1.0,0.0,24.0,1.0,0.2,0.5,-5.8,-5.8,-5.8,-5.8,1.0,0.0,24.0,1.0,0.2,0.5,-56.6,-56.6,-56.6,-56.6,1.0,0.0,24.0,1.0,0.2,0.5,-10.0,-10.0,-10.0,-10.0,1.0,0.0,24.0,1.0,0.2,0.5,-0.8,-0.8,-0.8,-0.8,1.0,0.0,24.0,1.0,0.2,0.5,-0.1,-0.1,-0.1,-0.1,1.0,0.0,24.0,1.0,0.2,0.5,2146.5,2146.5,2146.5,2146.5,1.0,0.0,24.0,1.0,0.2,0.5,2145.0,2145.0,2145.0,2145.0,1.0,0.0,24.0,1.0,0.2,0.5
1974,2,293.0,-67.0,0.0,0.1,1.13,0.39,10.0,0.7,22.0,0.7,0.3,0.7,0.21,1.5,2.0,1.25,10.0,0.84,22.0,0.7,0.3,0.7,3.49,3.78,3.98,3.71,7.0,0.24,24.0,0.7,0.2,0.6,76.4,86.5,92.1,86.5,7.0,8.7,24.0,0.7,0.6,0.0,8.0,11.02,7.0,10.0,6.18,22.0,0.7,0.3,0.7,-1.22,0.0,5.44,0.24,10.0,6.73,22.0,0.7,0.3,0.7,-9.17,-5.31,0.0,-5.08,10.0,4.31,22.0,0.7,0.3,0.7,967.63,978.8,990.83,978.52,10.0,11.53,22.0,0.7,0.3,0.7,5.4,8.0,8.0,6.6,10.0,2.5,22.0,0.7,0.3,0.7,-15.0,0.0,50.5,-15.7,10.0,109.0,22.0,0.7,0.3,0.7,-120.0,-44.1,0.0,-56.7,10.0,63.5,22.0,0.7,0.3,0.7,-1.5,-1.05,0.11,-0.86,10.0,0.86,22.0,0.7,0.3,0.7,-16.5,-4.0,0.0,-7.2,10.0,8.3,22.0,0.7,0.3,0.7,0.0,0.14,0.61,0.27,7.0,0.27,24.0,0.7,0.2,0.6,0.0,1.7,5.7,2.3,7.0,2.4,24.0,0.7,0.2,0.6,0.0,0.0,10.2,3.2,10.0,6.6,22.0,0.7,0.3,0.7,-12.6,-4.6,0.0,-6.3,10.0,7.0,22.0,0.7,0.3,0.7,-10.8,9.5,27.0,0.2,7.0,31.8,24.0,0.7,0.2,0.6,-38.1,-26.7,-16.0,-27.1,7.0,11.9,24.0,0.7,0.2,0.6,0.0,0.8,2.1,1.2,7.0,1.8,24.0,0.7,0.2,0.6,-3.0,-1.3,0.0,-1.7,7.0,1.9,24.0,0.7,0.2,0.6,0.0,552.5,1408.5,1150.5,10.0,2090.0,22.0,0.7,0.3,0.7,0.0,555.0,1410.0,1150.0,10.0,2090.0,22.0,0.7,0.3,0.7
1974,2,293.0,-66.0,1.93,2.0,2.22,1.9,7.0,0.66,24.0,0.9,0.5,0.8,1.71,2.05,3.87,2.51,8.0,1.05,24.0,0.8,0.5,0.8,3.8,3.95,3.98,3.89,3.0,0.15,24.0,0.7,0.6,0.8,83.1,83.5,89.1,86.1,3.0,4.9,24.0,0.7,0.8,2.98,5.1,8.19,6.1,7.0,3.25,24.0,0.9,0.5,0.8,0.8,4.5,7.65,4.28,7.0,3.84,24.0,0.9,0.5,0.8,-5.39,-2.74,-0.86,-2.77,7.0,2.99,24.0,0.9,0.5,0.8,969.88,972.6,989.59,977.57,7.0,10.42,24.0,0.9,0.5,0.8,6.0,7.0,8.0,6.5,8.0,2.1,24.0,0.8,0.5,0.8,2.0,23.5,63.2,35.2,7.0,45.0,24.0,0.9,0.5,0.8,-39.2,-21.9,-2.6,-23.2,7.0,26.1,24.0,0.9,0.5,0.8,-2.01,-0.8,0.5,-0.67,7.0,1.15,24.0,0.9,0.5,0.8,-15.4,-2.4,2.5,-4.1,7.0,8.3,24.0,0.9,0.5,0.8,0.22,0.55,0.79,0.5,3.0,0.42,24.0,0.7,0.6,0.8,0.6,1.7,3.6,2.1,3.0,2.2,24.0,0.7,0.6,0.8,1.2,8.0,19.4,11.9,7.0,11.2,24.0,0.9,0.5,0.8,-11.5,-10.0,-2.6,-8.1,7.0,8.4,24.0,0.9,0.5,0.8,6.0,11.3,15.5,10.8,3.0,7.0,24.0,0.7,0.6,0.8,-5.6,-4.1,5.3,-0.3,3.0,8.7,24.0,0.7,0.6,0.8,0.5,1.6,3.4,2.0,3.0,2.1,24.0,0.7,0.6,0.8,-1.2,-0.6,-0.1,-0.7,3.0,0.8,24.0,0.7,0.6,0.8,26.5,132.5,570.0,412.0,7.0,607.0,24.0,0.9,0.5,0.8,25.0,135.0,570.0,410.0,7.0,605.0,24.0,0.9,0.5,0.8
1974,2,293.0,-65.0,2.0,2.0,2.61,2.24,11.0,0.53,24.0,0.6,0.5,0.4,1.56,2.4,2.91,2.25,11.0,0.73,24.0,0.6,0.5,0.4,3.93,4.13,4.25,4.13,10.0,0.2,24.0,0.7,0.5,0.5,87.3,89.5,91.5,88.7,10.0,4.9,24.0,0.7,0.5,8.27,9.3,13.84,10.52,9.0,2.86,24.0,0.6,0.4,0.4,2.1,4.65,6.62,4.0,9.0,3.97,24.0,0.6,0.4,0.4,-13.0,-7.79,-5.51,-8.72,9.0,3.67,24.0,0.6,0.4,0.4,963.6,970.9,974.86,971.05,11.0,7.9,24.0,0.6,0.5,0.4,6.4,8.0,8.0,7.4,10.0,1.1,24.0,0.7,0.4,0.5,17.1,52.1,65.5,37.5,9.0,47.9,24.0,0.6,0.4,0.4,-180.0,-70.1,-48.7,-100.2,9.0,68.0,24.0,0.6,0.4,0.4,-0.82,0.0,0.68,-0.01,11.0,0.88,24.0,0.6,0.5,0.4,-9.9,2.8,10.0,1.5,9.0,11.1,24.0,0.6,0.4,0.4,0.36,0.5,0.67,0.51,10.0,0.23,24.0,0.7,0.5,0.5,3.5,5.5,6.9,5.7,8.0,3.2,24.0,0.6,0.5,0.4,4.1,8.4,15.5,9.8,9.0,8.5,24.0,0.6,0.4,0.4,-20.7,-16.9,-12.2,-18.3,9.0,9.8,24.0,0.6,0.4,0.4,6.6,20.3,26.3,16.0,8.0,17.0,24.0,0.6,0.5,0.4,-57.0,-30.7,-20.5,-36.8,8.0,17.3,24.0,0.6,0.5,0.4,0.5,2.6,4.6,2.2,8.0,2.5,24.0,0.6,0.5,0.4,-6.4,-3.5,-2.6,-4.6,8.0,3.3,24.0,0.6,0.5,0.4,570.5,804.5,2653.0,1404.5,9.0,1120.5,24.0,0.6,0.4,0.4,570.0,805.0,2655.0,1405.0,9.0,1120.0,24.0,0.6,0.4,0.4
1974,2,293.0,-64.0,3.03,3.1,3.17,3.1,2.0,0.14,28.0,1.0,0.4,0.6,2.65,2.75,2.85,2.75,2.0,0.21,28.0,1.0,0.4,0.6,4.35,4.36,4.36,4.36,2.0,0.01,28.0,1.0,0.4,0.6,90.7,91.1,91.6,91.1,2.0,0.9,28.0,1.0,0.6,3.1,3.1,3.1,3.1,2.0,0.0,28.0,1.0,0.4,0.6,1.79,2.3,2.81,2.3,2.0,1.06,28.0,1.0,0.4,0.6,-2.17,-1.07,0.03,-1.07,2.0,2.28,28.0,1.0,0.4,0.6,974.68,975.5,976.32,975.5,2.0,1.7,28.0,1.0,0.4,0.6,7.2,7.5,7.8,7.5,2.0,0.7,28.0,1.0,0.4,0.6,5.5,7.1,8.7,7.1,2.0,3.3,28.0,1.0,0.4,0.6,-6.7,-3.3,0.1,-3.3,2.0,7.1,28.0,1.0,0.4,0.6,0.32,0.35,0.38,0.35,2.0,0.07,28.0,1.0,0.4,0.6,1.0,1.1,1.2,1.1,2.0,0.2,28.0,1.0,0.4,0.6,0.53,0.55,0.56,0.55,2.0,0.03,28.0,1.0,0.4,0.6,1.7,1.7,1.7,1.7,2.0,0.1,28.0,1.0,0.4,0.6,4.8,6.4,8.1,6.4,2.0,3.4,28.0,1.0,0.4,0.6,-5.6,-2.7,0.2,-2.7,2.0,6.0,28.0,1.0,0.4,0.6,7.8,10.0,12.3,10.0,2.0,4.7,28.0,1.0,0.4,0.6,-9.4,-4.7,0.1,-4.7,2.0,9.9,28.0,1.0,0.4,0.6,1.0,1.3,1.6,1.3,2.0,0.6,28.0,1.0,0.4,0.6,-1.1,-0.6,0.0,-0.6,2.0,1.2,28.0,1.0,0.4,0.6,30.0,30.0,30.0,30.0,2.0,0.0,28.0,1.0,0.4,0.6,30.0,30.0,30.0,30.0,2.0,0.0,28.0,1.0,0.4,0.6
1974,2,293.0,-61.0,,,,,,,,,,,,,,,,,,,,,,,,,,,,,,,,,,,,,,,,12.0,12.0,12.0,12.0,1.0,0.0,6.0,1.0,0.4,0.5,4.1,4.1,4.1,4.1,1.0,0.0,6.0,1.0,0.4,0.5,11.28,11.28,11.28,11.28,1.0,0.0,6.0,1.0,0.4,0.5,983.3,983.3,983.3,983.3,1.0,0.0,6.0,1.0,0.4,0.5,,,,,,,,,,,,,,,,,,,,,,,,,,,,,,,,,,,,,,,,,,,,,,,,,,,,,,,,,,,,,,,,,,,,,,,,,,,,,,,,,,,,,,,,,,,,,,,,,,,,,,,,,,,,,,,,,,,,,,,,,,,,,,,,,,,,,,,,,,,,,,,,,,,,,,
1974,2,293.0,-58.0,4.95,7.0,7.34,6.17,3.0,1.89,8.0,0.7,0.6,0.9,5.32,6.0,7.37,6.33,3.0,1.53,8.0,0.7,0.6,0.9,4.57,4.57,4.57,4.57,1.0,0.0,8.0,1.0,0.9,0.8,72.1,75.0,78.0,75.0,2.0,6.1,8.0,1.0,0.9,6.43,9.3,10.46,8.47,3.0,3.04,8.0,0.7,0.6,0.9,0.28,0.89,4.04,2.13,3.0,2.95,8.0,0.7,0.6,0.9,6.38,9.3,9.45,7.95,3.0,2.54,8.0,0.7,0.6,0.9,993.62,1003.35,1013.08,1003.35,2.0,20.15,8.0,0.5,0.5,0.9,8.0,8.0,8.0,8.0,3.0,0.0,8.0,0.7,0.6,0.9,1.4,4.5,42.7,21.7,3.0,33.7,8.0,0.7,0.6,0.9,44.9,86.5,99.0,72.3,3.0,41.5,8.0,0.7,0.6,0.9,-1.52,-0.5,1.21,-0.17,3.0,2.02,8.0,0.7,0.6,0.9,-13.5,-2.5,14.2,0.3,3.0,20.4,8.0,0.7,0.6,0.9,0.44,0.44,0.44,0.44,1.0,0.0,8.0,1.0,0.9,0.8,4.1,4.1,4.1,4.1,1.0,0.0,8.0,1.0,0.9,0.8,2.2,7.1,21.0,11.5,3.0,14.3,8.0,0.7,0.6,0.9,42.5,47.6,53.2,47.9,3.0,7.8,8.0,0.7,0.6,0.9,0.0,0.0,0.0,0.0,1.0,0.0,8.0,1.0,0.9,0.8,42.5,42.5,42.5,42.5,1.0,0.0,8.0,1.0,0.9,0.8,0.0,0.0,0.0,0.0,1.0,0.0,8.0,1.0,0.9,0.8,4.1,4.1,4.1,4.1,1.0,0.0,8.0,1.0,0.9,0.8,346.0,804.5,1164.0,756.0,3.0,600.5,8.0,0.7,0.6,0.9,345.0,805.0,1165.0,755.0,3.0,600.0,8.0,0.7,0.6,0.9
1974,2,293.0,-57.0,4.48,5.5,6.52,5.5,3.0,1.5,12.0,0.0,0.6,0.6,3.48,5.0,7.05,5.25,4.0,2.22,14.0,0.0,0.7,0.7,4.6,4.99,5.08,4.84,3.0,0.37,16.0,0.0,0.7,0.7,75.6,89.8,96.7,86.3,4.0,14.8,14.0,0.0,0.7,7.94,10.8,15.02,11.45,4.0,4.64,14.0,0.0,0.7,0.7,4.66,9.2,13.71,9.19,4.0,5.43,14.0,0.0,0.7,0.7,-0.03,5.52,8.74,4.41,4.0,5.32,14.0,0.0,0.7,0.7,997.02,999.2,1009.92,1003.37,3.0,10.12,16.0,0.0,0.7,0.7,8.0,8.0,8.0,8.0,4.0,0.0,14.0,0.0,0.7,0.7,35.6,95.6,209.9,121.5,4.0,109.8,14.0,0.0,0.7,0.7,-6.5,48.3,118.9,55.9,4.0,78.5,14.0,0.0,0.7,0.7,-0.84,-0.5,-0.16,-0.5,3.0,0.5,12.0,0.0,0.6,0.6,-6.0,-4.6,-1.5,-3.8,3.0,3.4,12.0,0.0,0.6,0.6,0.09,0.3,0.5,0.3,2.0,0.42,14.0,0.0,0.6,0.6,0.9,2.8,4.6,2.8,2.0,3.9,14.0,0.0,0.6,0.6,31.6,47.0,49.5,40.8,4.0,14.6,14.0,0.0,0.7,0.7,4.3,22.3,40.0,22.1,4.0,25.1,14.0,0.0,0.7,0.7,30.5,62.0,65.5,48.3,3.0,28.2,16.0,0.0,0.7,0.7,4.8,38.7,42.0,23.8,3.0,30.2,16.0,0.0,0.7,0.7,0.3,0.9,1.6,0.9,2.0,1.3,14.0,0.0,0.6,0.6,0.8,2.6,4.3,2.6,2.0,3.7,14.0,0.0,0.6,0.6,540.5,1332.5,3693.5,2081.5,4.0,2280.0,14.0,0.0,0.7,0.7,540.0,1335.0,3695.0,2080.0,4.0,2280.0,14.0,0.0,0.7,0.7
1974,2,293.0,-56.0,7.86,8.8,9.44,8.68,5.0,0.8,6.0,0.2,0.5,0.3,7.63,8.3,9.64,8.58,5.0,1.29,6.0,0.2,0.5,0.3,5.44,6.0,6.51,5.98,4.0,0.79,4.0,0.3,0.6,0.3,82.9,86.1,88.0,85.5,4.0,4.0,4.0,0.3,0.3,4.92,6.2,9.51,7.18,5.0,2.93,6.0,0.2,0.5,0.3,-2.98,1.08,5.54,1.51,5.0,5.06,6.0,0.2,0.5,0.3,-6.69,2.96,5.25,0.13,5.0,6.67,6.0,0.2,0.5,0.3,990.71,995.1,1005.58,997.24,5.0,9.03,6.0,0.2,0.5,0.3,6.0,6.0,7.4,6.6,5.0,0.9,6.0,0.2,0.5,0.3,-19.0,6.7,49.2,18.0,5.0,52.2,6.0,0.2,0.5,0.3,-47.1,13.6,45.3,4.4,5.0,59.0,6.0,0.2,0.5,0.3,-0.43,0.3,0.61,0.1,5.0,0.7,6.0,0.2,0.5,0.3,-3.4,1.4,5.1,0.9,5.0,6.3,6.0,0.2,0.5,0.3,0.62,0.93,1.41,1.01,4.0,0.48,4.0,0.3,0.6,0.3,4.4,5.5,12.8,8.5,4.0,7.0,4.0,0.3,0.6,0.3,-27.9,8.6,43.7,9.6,5.0,39.6,6.0,0.2,0.5,0.3,-60.3,27.2,40.0,-3.3,5.0,57.8,6.0,0.2,0.5,0.3,-19.4,-6.4,26.7,3.2,4.0,30.5,4.0,0.3,0.6,0.3,-45.6,-6.9,30.9,-7.3,4.0,44.6,4.0,0.3,0.6,0.3,-2.9,-0.5,7.9,2.4,4.0,8.3,4.0,0.3,0.6,0.3,-4.3,0.4,8.6,2.1,4.0,7.9,4.0,0.3,0.6,0.3,120.0,238.5,950.0,532.5,5.0,646.0,6.0,0.2,0.5,0.3,120.0,240.0,950.0,535.0,5.0,645.0,6.0,0.2,0.5,0.3
1974,2,293.0,-53.0,,,,,,,,,,,,,,,,,,,,,,,,,,,,,,,,,,,,,,,,8.2,8.2,8.2,8.2,1.0,0.0,28.0,0.0,0.3,0.2,7.1,7.1,7.1,7.1,1.0,0.0,28.0,0.0,0.3,0.2,4.1,4.1,4.1,4.1,1.0,0.0,28.0,0.0,0.3,0.2,1015.0,1015.0,1015.0,1015.0,1.0,0.0,28.0,0.0,0.3,0.2,1.0,1.0,1.0,1.0,1.0,0.0,28.0,0.0,0.3,0.2,58.2,58.2,58.2,58.2,1.0,0.0,28.0,0.0,0.3,0.2,33.6,33.6,33.6,33.6,1.0,0.0,28.0,0.0,0.3,0.2,,,,,,,,,,,,,,,,,,,,,,,,,,,,,,,,,,,,,,,,,85.2,85.2,85.2,85.2,1.0,0.0,28.0,0.0,0.3,0.2,49.2,49.2,49.2,49.2,1.0,0.0,28.0,0.0,0.3,0.2,41.3,41.3,41.3,41.3,1.0,0.0,28.0,0.0,0.3,0.2,23.8,23.8,23.8,23.8,1.0,0.0,28.0,0.0,0.3,0.2,,,,,,,,,,,,,,,,,,,,,,,,,,,,,,,,,,,,,,,,
1974,2,293.0,-52.0,10.32,11.0,11.0,10.67,3.0,0.58,18.0,0.7,0.7,0.7,11.59,12.0,13.43,12.5,3.0,1.42,18.0,0.7,0.7,0.7,6.69,6.92,7.2,6.94,3.0,0.37,18.0,0.7,0.7,0.7,74.2,76.0,80.7,77.4,3.0,4.9,18.0,0.7,0.7,8.36,8.7,9.11,8.73,3.0,0.55,18.0,0.7,0.7,0.7,3.95,5.59,7.03,5.49,3.0,2.26,18.0,0.7,0.7,0.7,0.2,6.66,8.08,4.2,3.0,6.15,18.0,0.7,0.7,0.7,1010.73,1012.3,1013.8,1012.27,3.0,2.25,18.0,0.7,0.7,0.7,2.0,4.0,5.4,3.7,3.0,2.5,18.0,0.7,0.7,0.7,35.6,48.7,58.6,47.1,3.0,16.9,18.0,0.7,0.7,0.7,2.7,58.0,73.9,38.8,3.0,54.7,18.0,0.7,0.7,0.7,-2.56,-1.4,-1.13,-1.83,3.0,1.12,18.0,0.7,0.7,0.7,-22.5,-13.0,-9.7,-16.1,3.0,9.7,18.0,0.7,0.7,0.7,0.73,0.83,1.31,1.02,3.0,0.45,18.0,0.7,0.7,0.7,6.7,7.2,10.9,8.7,3.0,3.4,18.0,0.7,0.7,0.7,49.8,78.9,88.1,69.2,3.0,29.3,18.0,0.7,0.7,0.7,6.9,94.0,97.8,53.3,3.0,75.4,18.0,0.7,0.7,0.7,28.0,41.0,47.6,37.9,3.0,14.6,18.0,0.7,0.7,0.7,2.9,48.8,56.8,30.3,3.0,42.6,18.0,0.7,0.7,0.7,3.0,4.6,9.5,6.2,3.0,5.0,18.0,0.7,0.7,0.7,-1.2,5.5,5.9,2.4,3.0,5.8,18.0,0.7,0.7,0.7,585.5,658.5,758.0,671.5,3.0,127.0,18.0,0.7,0.7,0.7,585.0,660.0,760.0,670.0,3.0,125.0,18.0,0.7,0.7,0.7
1974,2,293.0,-51.0,10.0,10.0,11.02,10.5,3.0,0.87,14.0,0.3,0.6,0.9,10.16,10.5,10.84,10.5,3.0,0.5,14.0,0.3,0.6,0.9,5.34,5.7,6.07,5.7,2.0,0.75,16.0,0.5,0.5,0.9,67.7,71.7,75.6,71.7,2.0,8.1,16.0,0.5,0.9,3.08,4.1,7.65,5.33,3.0,3.52,14.0,0.3,0.6,0.9,-1.14,0.0,0.96,-0.09,3.0,1.54,14.0,0.3,0.6,0.9,-0.14,3.85,7.57,3.72,3.0,5.65,14.0,0.3,0.6,0.9,1015.84,1019.8,1020.62,1018.27,3.0,3.74,14.0,0.3,0.6,0.9,3.6,7.0,7.7,5.7,3.0,3.2,14.0,0.3,0.6,0.9,-3.0,0.0,3.9,0.5,3.0,5.1,14.0,0.3,0.6,0.9,1.5,15.8,64.1,32.4,3.0,48.0,14.0,0.3,0.6,0.9,-0.84,-0.5,0.87,0.0,3.0,1.32,14.0,0.3,0.6,0.9,-7.0,-2.0,2.0,-2.5,3.0,6.6,14.0,0.3,0.6,0.9,1.49,1.87,2.25,1.87,2.0,0.79,16.0,0.5,0.5,0.9,10.3,11.1,11.8,11.1,2.0,1.6,16.0,0.5,0.5,0.9,-11.4,0.0,10.1,-0.7,3.0,15.7,14.0,0.3,0.6,0.9,-0.8,40.5,82.7,40.9,3.0,61.1,14.0,0.3,0.6,0.9,1.2,3.6,6.1,3.6,2.0,5.1,16.0,0.5,0.5,0.9,26.0,39.0,52.0,39.0,2.0,26.9,16.0,0.5,0.5,0.9,0.5,1.7,2.9,1.7,2.0,2.4,16.0,0.5,0.5,0.9,9.8,10.8,11.7,10.8,2.0,2.0,16.0,0.5,0.5,0.9,34.0,69.0,571.0,297.0,3.0,440.0,14.0,0.3,0.6,0.9,35.0,70.0,570.0,295.0,3.0,440.0,14.0,0.3,0.6,0.9
1974,2,293.0,-50.0,9.63,11.0,12.37,11.0,2.0,2.83,18.0,0.5,0.5,0.4,13.48,14.5,14.84,14.17,3.0,1.04,20.0,0.7,0.6,0.6,6.67,7.7,7.73,7.21,3.0,0.89,20.0,0.7,0.6,0.6,63.7,74.4,80.7,72.3,3.0,12.6,20.0,0.7,0.6,3.08,4.1,5.87,4.47,3.0,2.07,20.0,0.7,0.6,0.6,-2.14,0.0,1.36,-0.38,3.0,2.59,20.0,0.7,0.6,0.6,-5.41,-2.64,0.3,-2.55,3.0,4.19,20.0,0.7,0.6,0.6,1005.17,1015.0,1015.0,1010.2,3.0,8.31,20.0,0.7,0.6,0.6,1.0,3.0,3.7,2.3,3.0,2.1,20.0,0.7,0.6,0.6,-8.8,0.0,3.5,-2.6,3.0,9.3,20.0,0.7,0.6,0.6,-34.1,-10.8,-0.5,-17.1,3.0,25.2,20.0,0.7,0.6,0.6,-3.68,-3.0,-2.32,-3.0,2.0,1.41,18.0,0.5,0.5,0.4,-15.9,-14.9,-13.9,-14.9,2.0,2.1,18.0,0.5,0.5,0.4,-0.06,1.21,2.49,1.21,2.0,2.64,18.0,0.5,0.5,0.4,1.0,9.0,16.9,9.0,2.0,16.5,18.0,0.5,0.5,0.4,-27.9,0.0,19.7,-4.0,3.0,35.0,20.0,0.7,0.6,0.6,-79.5,-34.3,5.7,-36.8,3.0,62.4,20.0,0.7,0.6,0.6,-16.6,0.0,10.5,-3.0,3.0,20.0,20.0,0.7,0.6,0.6,-34.8,-20.4,2.3,-16.3,3.0,27.4,20.0,0.7,0.6,0.6,0.3,1.0,1.7,1.0,2.0,1.4,18.0,0.5,0.5,0.4,-17.1,-9.5,-1.8,-9.5,2.0,15.8,18.0,0.5,0.5,0.4,34.0,69.0,227.0,129.0,3.0,151.0,20.0,0.7,0.6,0.6,35.0,70.0,225.0,130.0,3.0,150.0,20.0,0.7,0.6,0.6
1974,2,293.0,-49.0,10.0,10.0,11.37,10.67,3.0,1.15,14.0,0.3,0.8,0.3,12.02,14.2,15.77,13.9,3.0,2.76,14.0,0.3,0.8,0.3,4.99,6.01,7.38,6.18,3.0,1.76,14.0,0.3,0.8,0.3,53.2,55.8,71.9,62.4,3.0,14.9,14.0,0.3,0.3,1.51,2.6,3.62,2.57,3.0,1.55,14.0,0.3,0.8,0.3,-1.38,-0.77,1.9,0.23,3.0,2.56,14.0,0.3,0.8,0.3,-2.0,-0.64,1.16,-0.43,3.0,2.32,14.0,0.3,0.8,0.3,1010.13,1016.0,1016.68,1013.47,3.0,5.28,14.0,0.3,0.8,0.3,4.3,5.0,5.7,5.0,3.0,1.0,14.0,0.3,0.8,0.3,-3.2,-0.8,8.5,2.6,3.0,9.1,14.0,0.3,0.8,0.3,-7.6,-0.6,3.3,-2.1,3.0,8.1,14.0,0.3,0.8,0.3,-5.77,-4.2,-0.65,-3.23,3.0,3.84,14.0,0.3,0.8,0.3,-19.5,-4.2,0.4,-9.4,3.0,15.3,14.0,0.3,0.8,0.3,0.25,1.57,3.33,1.78,3.0,2.27,14.0,0.3,0.8,0.3,1.8,6.4,9.4,5.6,3.0,5.6,14.0,0.3,0.8,0.3,-16.0,-10.9,31.9,7.5,3.0,38.6,14.0,0.3,0.8,0.3,-32.6,-9.1,12.1,-10.2,3.0,32.7,14.0,0.3,0.8,0.3,-7.1,-6.1,10.9,1.7,3.0,14.9,14.0,0.3,0.8,0.3,-12.4,-5.2,4.5,-4.0,3.0,12.4,14.0,0.3,0.8,0.3,-4.6,0.3,3.4,-0.6,3.0,6.0,14.0,0.3,0.8,0.3,-2.7,0.2,5.7,1.5,3.0,6.3,14.0,0.3,0.8,0.3,6.5,17.5,52.5,29.0,3.0,35.5,14.0,0.3,0.8,0.3,5.0,20.0,55.0,30.0,3.0,35.0,14.0,0.3,0.8,0.3
1974,2,293.0,-47.0,15.0,15.0,15.0,15.0,1.0,0.0,18.0,0.0,0.1,1.0,13.0,13.0,13.0,13.0,1.0,0.0,18.0,0.0,0.1,1.0,5.41,5.41,5.41,5.41,1.0,0.0,18.0,0.0,0.1,1.0,58.7,58.7,58.7,58.7,1.0,0.0,18.0,0.0,1.0,4.1,4.1,4.1,4.1,1.0,0.0,18.0,0.0,0.1,1.0,0.0,0.0,0.0,0.0,1.0,0.0,18.0,0.0,0.1,1.0,4.1,4.1,4.1,4.1,1.0,0.0,18.0,0.0,0.1,1.0,1017.0,1017.0,1017.0,1017.0,1.0,0.0,18.0,0.0,0.1,1.0,6.0,6.0,6.0,6.0,1.0,0.0,18.0,0.0,0.1,1.0,0.0,0.0,0.0,0.0,1.0,0.0,18.0,0.0,0.1,1.0,16.8,16.8,16.8,16.8,1.0,0.0,18.0,0.0,0.1,1.0,2.0,2.0,2.0,2.0,1.0,0.0,18.0,0.0,0.1,1.0,8.2,8.2,8.2,8.2,1.0,0.0,18.0,0.0,0.1,1.0,5.12,5.12,5.12,5.12,1.0,0.0,18.0,0.0,0.1,1.0,21.0,21.0,21.0,21.0,1.0,0.0,18.0,0.0,0.1,1.0,0.0,0.0,0.0,0.0,1.0,0.0,18.0,0.0,0.1,1.0,53.3,53.3,53.3,53.3,1.0,0.0,18.0,0.0,0.1,1.0,0.0,0.0,0.0,0.0,1.0,0.0,18.0,0.0,0.1,1.0,22.2,22.2,22.2,22.2,1.0,0.0,18.0,0.0,0.1,1.0,0.0,0.0,0.0,0.0,1.0,0.0,18.0,0.0,0.1,1.0,21.0,21.0,21.0,21.0,1.0,0.0,18.0,0.0,0.1,1.0,69.0,69.0,69.0,69.0,1.0,0.0,18.0,0.0,0.1,1.0,70.0,70.0,70.0,70.0,1.0,0.0,18.0,0.0,0.1,1.0
1974,2,293.0,-46.0,13.79,15.5,16.0,15.0,6.0,1.26,18.0,0.5,0.6,0.4,13.87,16.0,17.05,15.24,7.0,2.32,16.0,0.6,0.6,0.4,6.54,6.81,8.9,7.58,7.0,1.37,16.0,0.6,0.6,0.4,60.1,72.4,76.4,70.1,7.0,8.0,16.0,0.6,0.4,2.52,4.1,6.7,3.97,7.0,2.14,16.0,0.6,0.6,0.4,0.0,1.16,2.63,1.53,7.0,1.53,16.0,0.6,0.6,0.4,-6.6,-0.89,0.47,-2.53,7.0,3.24,16.0,0.6,0.6,0.4,1001.86,1013.0,1022.08,1012.8,7.0,9.45,16.0,0.6,0.6,0.4,0.0,1.0,7.0,3.1,7.0,3.7,16.0,0.6,0.6,0.4,0.0,6.4,8.2,5.4,7.0,6.0,16.0,0.6,0.6,0.4,-44.2,-2.9,0.9,-15.6,7.0,20.7,16.0,0.6,0.6,0.4,-2.1,-0.5,1.17,-0.45,6.0,1.69,18.0,0.5,0.6,0.4,-7.6,-2.0,5.1,-2.4,6.0,8.4,18.0,0.5,0.6,0.4,1.76,2.65,3.87,2.76,6.0,1.25,18.0,0.5,0.6,0.4,5.0,7.0,13.6,9.8,6.0,7.6,18.0,0.5,0.6,0.4,0.0,16.3,47.2,23.8,7.0,25.7,16.0,0.6,0.6,0.4,-93.2,-12.1,8.4,-37.2,7.0,49.8,16.0,0.6,0.6,0.4,0.0,7.9,24.5,12.4,7.0,13.5,16.0,0.6,0.6,0.4,-45.6,-6.3,4.3,-18.7,7.0,25.2,16.0,0.6,0.6,0.4,1.8,4.6,7.4,4.8,6.0,3.6,18.0,0.5,0.6,0.4,-10.6,-2.1,1.5,-5.1,6.0,10.1,18.0,0.5,0.6,0.4,17.0,69.0,301.0,111.0,7.0,132.5,16.0,0.6,0.6,0.4,15.0,70.0,300.0,110.0,7.0,130.0,16.0,0.6,0.6,0.4
1974,2,293.0,10.0,24.92,25.0,25.1,25.04,7.0,1.07,14.0,0.1,0.7,0.8,24.22,24.5,25.0,24.51,8.0,0.6,12.0,0.3,0.7,0.8,16.12,17.18,17.58,16.87,5.0,0.9,14.0,0.2,0.9,0.8,86.8,87.1,91.6,88.7,5.0,2.7,14.0,0.2,0.8,4.12,5.1,6.7,4.96,8.0,2.26,12.0,0.3,0.7,0.8,-6.16,-4.37,-3.55,-4.23,8.0,2.01,12.0,0.3,0.7,0.8,-3.17,-2.02,-0.08,-2.05,8.0,2.0,12.0,0.3,0.7,0.8,1011.4,1012.1,1013.48,1011.95,8.0,1.59,12.0,0.3,0.7,0.8,2.0,3.0,4.0,3.1,8.0,1.6,12.0,0.3,0.7,0.8,-40.4,-24.5,-16.2,-24.4,8.0,13.8,12.0,0.3,0.7,0.8,-16.6,-12.1,-0.3,-12.7,8.0,13.9,12.0,0.3,0.7,0.8,0.0,0.5,0.85,0.6,7.0,0.61,14.0,0.1,0.7,0.8,0.0,3.2,3.8,3.7,7.0,4.2,14.0,0.1,0.7,0.8,2.23,2.36,2.85,2.54,5.0,0.46,14.0,0.2,0.9,0.8,12.8,14.5,15.8,14.4,5.0,1.9,14.0,0.2,0.9,0.8,-150.9,-107.6,-88.5,-103.4,8.0,49.3,12.0,0.3,0.7,0.8,-74.1,-49.9,-1.9,-50.2,8.0,50.0,12.0,0.3,0.7,0.8,-110.7,-84.0,-74.4,-89.7,5.0,21.4,14.0,0.2,0.9,0.8,-44.2,-40.2,-19.0,-32.3,5.0,19.5,14.0,0.2,0.9,0.8,-15.2,-13.6,-11.2,-13.3,5.0,2.8,14.0,0.2,0.9,0.8,-6.1,-5.0,-2.9,-4.5,5.0,2.8,14.0,0.2,0.9,0.8,71.5,132.5,301.0,176.0,8.0,124.5,12.0,0.3,0.7,0.8,70.0,135.0,300.0,175.0,8.0,125.0,12.0,0.3,0.7,0.8
1974,2,293.0,11.0,24.76,26.2,27.07,25.93,4.0,1.52,22.0,0.0,0.7,0.6,24.69,25.05,25.26,24.98,4.0,0.42,22.0,0.0,0.7,0.6,15.97,16.56,17.12,16.55,4.0,0.83,22.0,0.0,0.7,0.6,81.1,85.2,86.5,83.9,4.0,3.8,22.0,0.0,0.6,8.21,9.3,11.76,9.97,3.0,2.66,22.0,0.0,0.7,0.6,-11.71,-9.16,-8.16,-9.92,3.0,2.68,22.0,0.0,0.7,0.6,-1.1,0.0,0.0,-0.54,3.0,0.93,22.0,0.0,0.7,0.6,1010.79,1011.95,1013.27,1012.03,4.0,1.48,22.0,0.0,0.7,0.6,1.0,1.5,3.0,2.0,4.0,1.4,22.0,0.0,0.7,0.6,-140.6,-85.2,-67.5,-103.6,3.0,55.9,22.0,0.0,0.7,0.6,-10.3,0.0,0.0,-5.0,3.0,8.7,22.0,0.0,0.7,0.6,-0.12,1.0,2.01,0.95,4.0,1.28,22.0,0.0,0.7,0.6,1.0,13.1,24.4,12.7,3.0,17.2,22.0,0.0,0.7,0.6,2.55,4.64,6.31,4.44,4.0,2.2,22.0,0.0,0.7,0.6,28.6,49.6,70.0,49.3,3.0,30.3,22.0,0.0,0.7,0.6,-291.9,-223.5,-202.3,-246.6,3.0,68.6,22.0,0.0,0.7,0.6,-26.9,0.0,0.0,-13.1,3.0,22.8,22.0,0.0,0.7,0.6,-194.6,-150.8,-129.4,-161.7,3.0,48.6,22.0,0.0,0.7,0.6,-18.2,0.0,0.0,-8.9,3.0,15.4,22.0,0.0,0.7,0.6,-70.0,-49.6,-28.5,-49.2,3.0,30.4,22.0,0.0,0.7,0.6,-2.2,0.0,0.0,-1.1,3.0,1.9,22.0,0.0,0.7,0.6,567.0,804.5,1720.5,1136.0,3.0,892.5,22.0,0.0,0.7,0.6,565.0,805.0,1720.0,1135.0,3.0,895.0,22.0,0.0,0.7,0.6
1974,2,293.0,12.0,25.51,26.1,27.1,26.28,5.0,1.05,12.0,0.6,0.6,0.4,25.02,25.6,27.5,26.16,5.0,1.81,12.0,0.6,0.6,0.4,16.47,17.02,17.86,17.22,5.0,1.1,12.0,0.6,0.6,0.4,74.9,83.0,88.9,81.7,5.0,9.5,12.0,0.6,0.4,3.73,8.2,10.3,7.2,5.0,3.41,12.0,0.6,0.6,0.4,-9.2,-8.08,-2.45,-6.15,5.0,3.94,12.0,0.6,0.6,0.4,-4.12,-3.05,-1.82,-3.04,5.0,1.44,12.0,0.6,0.6,0.4,1010.07,1012.0,1012.44,1011.3,5.0,1.55,12.0,0.6,0.6,0.4,2.0,3.0,3.4,2.8,5.0,0.8,12.0,0.6,0.6,0.4,-94.7,-66.2,-9.9,-54.8,5.0,44.6,12.0,0.6,0.6,0.4,-42.4,-11.7,-9.1,-23.8,5.0,20.0,12.0,0.6,0.6,0.4,-1.42,0.2,2.14,0.12,5.0,2.47,12.0,0.6,0.6,0.4,-14.7,1.6,7.4,-4.6,5.0,20.2,12.0,0.6,0.6,0.4,3.07,4.06,5.19,4.2,5.0,1.4,12.0,0.6,0.6,0.4,21.3,29.2,34.4,27.6,5.0,9.3,12.0,0.6,0.6,0.4,-258.0,-206.7,-62.4,-165.4,5.0,109.2,12.0,0.6,0.6,0.4,-114.1,-73.3,-46.6,-81.0,5.0,43.7,12.0,0.6,0.6,0.4,-161.4,-131.4,-41.7,-106.7,5.0,70.8,12.0,0.6,0.6,0.4,-73.9,-52.4,-30.6,-52.6,5.0,24.9,12.0,0.6,0.6,0.4,-31.4,-27.4,-15.3,-23.5,5.0,12.8,12.0,0.6,0.6,0.4,-14.4,-12.4,-8.7,-11.7,5.0,3.8,12.0,0.6,0.6,0.4,54.5,551.5,1092.5,567.0,5.0,522.0,12.0,0.6,0.6,0.4,55.0,550.0,1095.0,565.0,5.0,520.0,12.0,0.6,0.6,0.4
1974,2,293.0,13.0,26.0,26.7,27.8,26.8,21.0,0.9,16.0,0.5,0.6,0.4,25.0,25.5,26.63,25.67,22.0,1.11,16.0,0.5,0.6,0.4,15.43,16.35,17.57,16.63,21.0,1.3,16.0,0.5,0.7,0.4,75.2,81.1,88.9,81.2,21.0,7.4,16.0,0.5,0.4,4.27,6.45,9.97,7.2,22.0,3.17,16.0,0.5,0.6,0.4,-9.2,-6.24,-4.01,-6.47,22.0,3.48,16.0,0.5,0.6,0.4,-3.0,-0.94,1.72,-1.07,22.0,2.67,16.0,0.5,0.6,0.4,1012.27,1013.5,1015.47,1013.71,22.0,1.56,16.0,0.5,0.6,0.4,2.0,3.0,5.8,3.7,21.0,2.0,16.0,0.5,0.7,0.4,-96.8,-40.3,-17.2,-56.3,22.0,55.2,16.0,0.5,0.6,0.4,-20.3,-4.7,12.8,-7.5,22.0,26.5,16.0,0.5,0.6,0.4,-0.55,1.0,2.86,1.04,21.0,1.62,16.0,0.5,0.6,0.4,-2.7,7.0,17.7,9.0,21.0,16.8,16.0,0.5,0.6,0.4,3.88,5.44,7.27,5.38,20.0,2.1,14.0,0.5,0.6,0.4,21.3,34.2,45.9,37.8,20.0,23.4,14.0,0.5,0.6,0.4,-223.6,-155.7,-107.9,-164.9,22.0,87.3,16.0,0.5,0.6,0.4,-75.5,-24.2,46.1,-26.9,22.0,67.9,16.0,0.5,0.6,0.4,-132.7,-101.2,-66.2,-100.8,21.0,53.7,16.0,0.5,0.7,0.4,-43.3,-18.6,23.6,-21.0,21.0,45.8,16.0,0.5,0.7,0.4,-45.1,-31.1,-18.6,-34.5,20.0,23.2,14.0,0.5,0.6,0.4,-20.0,-6.1,7.8,-7.7,20.0,14.0,14.0,0.5,0.6,0.4,78.5,269.5,997.0,610.0,22.0,844.5,16.0,0.5,0.6,0.4,80.0,270.0,995.0,610.0,22.0,845.0,16.0,0.5,0.6,0.4
1974,2,293.0,14.0,25.9,26.35,26.7,26.3,4.0,0.47,12.0,0.8,0.4,0.4,24.4,24.7,26.26,25.3,4.0,1.43,12.0,0.8,0.4,0.4,14.03,16.09,16.42,15.26,4.0,1.93,12.0,0.8,0.4,0.4,68.7,77.7,83.2,76.0,4.0,8.7,12.0,0.8,0.4,5.86,6.95,9.35,7.58,4.0,2.64,12.0,0.8,0.4,0.4,-9.21,-6.69,-5.31,-7.23,4.0,2.83,12.0,0.8,0.4,0.4,-2.43,-2.13,-0.28,-1.39,4.0,1.78,12.0,0.8,0.4,0.4,1013.12,1014.35,1015.63,1014.38,4.0,1.56,12.0,0.8,0.4,0.4,2.0,4.0,6.5,4.3,4.0,2.6,12.0,0.8,0.4,0.4,-90.2,-46.6,-31.9,-60.4,4.0,45.2,12.0,0.8,0.4,0.4,-18.9,-14.2,-1.5,-10.4,4.0,13.5,12.0,0.8,0.4,0.4,0.11,1.2,1.87,1.0,4.0,1.26,12.0,0.8,0.4,0.4,-1.0,8.4,10.9,5.2,4.0,9.0,12.0,0.8,0.4,0.4,4.75,5.15,7.55,6.1,4.0,2.27,12.0,0.8,0.4,0.4,33.0,41.7,55.2,44.0,4.0,13.8,12.0,0.8,0.4,0.4,-242.1,-165.2,-131.4,-185.8,4.0,84.2,12.0,0.8,0.4,0.4,-59.9,-55.5,-9.6,-35.7,4.0,44.3,12.0,0.8,0.4,0.4,-149.4,-107.6,-77.7,-113.3,4.0,53.0,12.0,0.8,0.4,0.4,-35.0,-32.0,-4.7,-20.4,4.0,26.9,12.0,0.8,0.4,0.4,-51.6,-38.2,-31.7,-41.5,4.0,13.7,12.0,0.8,0.4,0.4,-17.7,-10.6,-1.9,-9.8,4.0,12.4,12.0,0.8,0.4,0.4,212.5,337.0,933.5,562.5,4.0,595.5,12.0,0.8,0.4,0.4,215.0,335.0,935.0,560.0,4.0,595.0,12.0,0.8,0.4,0.4
1974,2,293.0,15.0,25.41,26.1,26.7,25.95,11.0,0.9,12.0,0.6,0.5,0.3,24.1,25.25,26.6,25.39,10.0,1.56,12.0,0.6,0.5,0.3,14.33,15.42,16.58,15.56,10.0,1.22,12.0,0.6,0.5,0.3,71.5,76.2,84.8,77.3,10.0,7.2,12.0,0.6,0.3,4.81,7.95,10.16,7.6,10.0,3.29,10.0,0.7,0.5,0.3,-10.0,-7.11,-4.64,-7.03,10.0,3.27,10.0,0.7,0.5,0.3,-3.99,-1.68,-0.28,-1.8,10.0,2.41,10.0,0.7,0.5,0.3,1013.23,1014.0,1014.94,1014.0,11.0,1.17,12.0,0.6,0.5,0.3,1.0,2.0,5.0,2.6,11.0,1.9,12.0,0.6,0.5,0.3,-102.2,-57.0,-22.4,-62.9,10.0,45.1,10.0,0.7,0.5,0.3,-31.9,-12.0,-0.3,-14.7,10.0,21.3,10.0,0.7,0.5,0.3,-0.4,0.75,1.36,0.48,10.0,1.31,12.0,0.6,0.5,0.3,-1.0,8.4,14.5,7.4,9.0,7.7,12.0,0.7,0.5,0.2,4.03,5.53,6.7,5.29,10.0,1.39,12.0,0.6,0.5,0.3,19.7,52.4,66.0,42.9,9.0,24.7,12.0,0.7,0.5,0.2,-256.9,-179.5,-132.9,-182.6,9.0,83.7,12.0,0.7,0.5,0.2,-100.2,-41.0,-4.9,-45.6,9.0,62.8,12.0,0.7,0.5,0.2,-150.2,-109.0,-85.3,-113.7,9.0,52.4,12.0,0.7,0.5,0.2,-62.0,-24.9,-2.9,-26.7,9.0,38.6,12.0,0.7,0.5,0.2,-62.7,-46.2,-18.6,-39.6,9.0,23.6,12.0,0.7,0.5,0.2,-23.0,-9.1,-0.8,-10.7,9.0,15.2,12.0,0.7,0.5,0.2,112.5,504.0,1064.5,642.5,10.0,574.0,10.0,0.7,0.5,0.3,110.0,505.0,1065.0,640.0,10.0,575.0,10.0,0.7,0.5,0.3
1974,2,293.0,16.0,24.49,26.0,26.74,25.74,19.0,1.1,16.0,0.5,0.4,0.5,24.42,25.4,26.1,25.3,21.0,0.79,16.0,0.5,0.4,0.5,14.46,15.4,15.9,15.44,19.0,1.29,16.0,0.5,0.4,0.6,70.3,77.4,83.5,77.0,19.0,6.9,16.0,0.5,0.6,5.1,7.7,9.3,7.38,21.0,2.75,16.0,0.5,0.4,0.5,-9.16,-6.66,-5.02,-6.89,21.0,2.78,16.0,0.5,0.4,0.5,-2.09,-1.25,0.0,-1.12,21.0,2.42,16.0,0.5,0.4,0.5,1014.14,1016.3,1017.45,1016.05,21.0,1.51,16.0,0.5,0.4,0.5,1.0,3.0,4.0,2.6,21.0,1.4,16.0,0.5,0.4,0.5,-85.2,-51.5,-25.6,-57.8,21.0,39.5,16.0,0.5,0.4,0.5,-25.2,-6.5,0.0,-9.3,21.0,20.1,16.0,0.5,0.4,0.5,-1.0,0.6,1.26,0.41,19.0,1.17,16.0,0.5,0.4,0.5,-8.7,2.6,11.1,2.5,19.0,9.5,16.0,0.5,0.4,0.5,3.22,5.17,6.67,5.01,18.0,1.73,16.0,0.5,0.4,0.5,12.2,34.3,49.0,34.1,18.0,16.9,16.0,0.5,0.4,0.5,-230.8,-173.3,-130.1,-174.4,21.0,70.4,16.0,0.5,0.4,0.5,-52.8,-32.4,0.0,-28.6,21.0,61.5,16.0,0.5,0.4,0.5,-137.3,-91.6,-75.3,-99.4,19.0,38.9,16.0,0.5,0.4,0.6,-37.4,-19.4,0.0,-17.0,19.0,37.7,16.0,0.5,0.4,0.6,-48.2,-34.1,-12.1,-31.8,18.0,15.9,16.0,0.5,0.4,0.5,-9.1,-5.9,0.0,-5.8,18.0,12.3,16.0,0.5,0.4,0.5,132.5,456.5,804.5,555.5,21.0,503.0,16.0,0.5,0.4,0.5,135.0,455.0,805.0,555.0,21.0,505.0,16.0,0.5,0.4,0.5
1974,2,293.0,17.0,24.35,26.1,27.2,25.85,61.0,1.37,18.0,0.6,0.7,0.4,24.4,25.4,26.7,25.56,65.0,1.17,18.0,0.6,0.7,0.4,14.45,15.5,17.12,15.81,61.0,1.51,18.0,0.6,0.7,0.4,71.4,78.5,83.9,77.8,61.0,6.4,18.0,0.6,0.4,5.1,7.7,10.8,8.03,68.0,2.74,18.0,0.6,0.7,0.4,-10.17,-7.24,-4.17,-7.3,68.0,3.04,18.0,0.6,0.7,0.4,-4.18,-1.97,0.49,-1.66,68.0,2.64,18.0,0.6,0.7,0.4,1013.5,1016.3,1018.25,1015.99,67.0,2.32,18.0,0.6,0.7,0.4,2.0,3.0,5.5,3.1,67.0,1.8,18.0,0.6,0.7,0.4,-107.4,-57.1,-19.9,-66.4,68.0,46.0,18.0,0.6,0.7,0.4,-34.5,-14.1,2.7,-15.3,68.0,23.8,18.0,0.6,0.7,0.4,-1.66,0.5,1.9,0.25,59.0,1.78,18.0,0.5,0.7,0.4,-10.2,2.6,15.4,2.5,59.0,15.2,18.0,0.5,0.7,0.4,2.54,5.52,6.92,4.84,55.0,2.36,18.0,0.6,0.7,0.4,15.4,34.0,68.2,40.8,55.0,26.8,18.0,0.6,0.7,0.4,-262.1,-185.9,-110.7,-188.4,65.0,78.2,18.0,0.6,0.7,0.4,-107.3,-49.4,0.0,-42.1,65.0,67.2,18.0,0.6,0.7,0.4,-164.2,-116.5,-68.6,-117.5,61.0,47.5,18.0,0.6,0.7,0.4,-61.5,-30.3,11.8,-23.7,61.0,42.4,18.0,0.6,0.7,0.4,-66.4,-30.2,-12.7,-38.0,55.0,26.7,18.0,0.6,0.7,0.4,-21.8,-8.9,1.8,-8.9,55.0,12.1,18.0,0.6,0.7,0.4,132.5,456.5,1259.5,701.0,68.0,654.0,18.0,0.6,0.7,0.4,135.0,455.0,1260.0,700.0,68.0,655.0,18.0,0.6,0.7,0.4
1974,2,293.0,18.0,25.0,25.0,26.2,25.53,47.0,0.99,22.0,0.4,0.7,0.6,23.76,24.7,26.0,24.96,49.0,1.3,22.0,0.4,0.7,0.7,13.62,14.95,16.14,14.92,48.0,1.22,22.0,0.4,0.7,0.6,69.6,76.3,82.4,76.3,48.0,7.0,22.0,0.4,0.6,3.1,7.2,10.3,6.9,49.0,3.42,22.0,0.4,0.7,0.7,-9.44,-6.3,-1.83,-5.93,49.0,3.91,22.0,0.4,0.7,0.7,-3.65,0.0,1.99,-0.61,49.0,2.95,22.0,0.4,0.7,0.7,1014.96,1017.6,1019.0,1017.14,49.0,2.14,22.0,0.4,0.7,0.7,1.3,2.0,6.0,3.4,47.0,2.3,22.0,0.4,0.7,0.6,-94.9,-44.9,-6.3,-53.0,49.0,45.4,22.0,0.4,0.7,0.7,-30.9,0.0,8.9,-8.5,49.0,25.9,22.0,0.4,0.7,0.7,-0.77,0.7,1.77,0.57,47.0,1.68,22.0,0.4,0.7,0.6,-7.1,3.7,13.0,3.0,47.0,13.3,22.0,0.4,0.7,0.6,4.1,5.45,6.41,5.45,46.0,1.75,22.0,0.4,0.7,0.6,18.5,36.8,57.6,38.6,46.0,19.8,22.0,0.4,0.7,0.6,-251.8,-159.9,-44.6,-149.8,49.0,99.8,22.0,0.4,0.7,0.7,-96.7,0.0,48.0,-16.6,49.0,74.4,22.0,0.4,0.7,0.7,-149.2,-98.5,-30.9,-92.2,48.0,58.6,22.0,0.4,0.7,0.6,-57.4,0.0,29.6,-9.5,48.0,46.0,22.0,0.4,0.7,0.6,-54.6,-32.6,-9.6,-34.2,46.0,22.1,22.0,0.4,0.7,0.6,-19.8,0.0,11.3,-3.6,46.0,15.1,22.0,0.4,0.7,0.6,30.0,373.0,1092.5,557.0,49.0,552.0,22.0,0.4,0.7,0.7,30.0,375.0,1095.0,555.0,49.0,550.0,22.0,0.4,0.7,0.7
1974,2,293.0,19.0,24.4,25.5,26.52,25.38,112.0,1.03,18.0,0.5,0.6,0.4,23.8,24.5,25.5,24.66,115.0,1.16,18.0,0.5,0.6,0.4,13.33,14.68,16.32,14.76,106.0,1.53,18.0,0.5,0.5,0.4,69.7,76.4,84.7,77.0,106.0,7.6,18.0,0.5,0.4,5.1,7.7,9.8,7.37,115.0,2.75,18.0,0.5,0.6,0.4,-9.3,-6.7,-3.28,-6.49,115.0,3.1,18.0,0.5,0.6,0.4,-3.84,0.0,3.52,-0.08,115.0,3.19,18.0,0.5,0.6,0.4,1015.0,1017.2,1019.39,1017.19,115.0,1.94,18.0,0.5,0.6,0.4,1.0,3.0,5.0,2.9,114.0,1.9,18.0,0.5,0.6,0.4,-91.9,-51.1,-17.0,-55.6,115.0,42.1,18.0,0.5,0.6,0.4,-25.8,0.0,22.7,-0.2,115.0,29.8,18.0,0.5,0.6,0.4,-0.5,0.85,1.94,0.73,112.0,1.33,18.0,0.5,0.6,0.4,-2.5,4.9,14.7,5.4,112.0,10.8,18.0,0.5,0.6,0.4,3.53,5.53,7.09,5.41,104.0,1.83,18.0,0.5,0.6,0.4,21.1,39.2,58.7,40.4,104.0,19.8,18.0,0.5,0.6,0.4,-226.1,-170.2,-79.9,-160.2,115.0,76.9,18.0,0.5,0.6,0.4,-91.8,0.0,84.0,-1.4,115.0,79.3,18.0,0.5,0.6,0.4,-141.7,-101.6,-63.0,-99.1,106.0,43.7,18.0,0.5,0.5,0.4,-52.1,0.0,51.3,-1.3,106.0,47.6,18.0,0.5,0.5,0.4,-57.5,-33.2,-14.8,-36.2,104.0,20.2,18.0,0.5,0.6,0.4,-20.0,0.0,12.7,-1.8,104.0,17.6,18.0,0.5,0.6,0.4,132.5,456.5,941.0,569.0,115.0,670.5,18.0,0.5,0.6,0.4,135.0,455.0,940.0,570.0,115.0,670.0,18.0,0.5,0.6,0.4
1974,2,293.0,20.0,23.96,25.5,26.7,25.41,27.0,1.26,16.0,0.5,0.4,0.4,23.53,24.4,25.29,24.36,28.0,0.92,16.0,0.5,0.5,0.4,13.42,15.13,17.22,15.25,22.0,1.87,14.0,0.5,0.4,0.5,73.3,78.8,89.6,80.6,22.0,7.5,14.0,0.5,0.5,3.58,6.2,9.04,6.65,26.0,2.89,16.0,0.5,0.4,0.4,-8.46,-5.63,-2.24,-5.54,26.0,3.5,16.0,0.5,0.4,0.4,-2.06,1.41,4.51,1.2,26.0,2.94,16.0,0.5,0.4,0.4,1014.33,1016.6,1019.22,1016.82,29.0,2.26,16.0,0.5,0.5,0.4,0.0,2.5,6.0,2.9,28.0,2.5,16.0,0.5,0.4,0.4,-76.3,-35.6,-8.8,-45.2,26.0,41.4,16.0,0.5,0.4,0.4,-8.4,5.5,29.9,9.9,26.0,24.6,16.0,0.5,0.4,0.4,-0.5,1.1,2.7,1.12,26.0,1.65,14.0,0.5,0.4,0.4,-2.4,7.9,23.9,8.8,23.0,14.0,14.0,0.5,0.4,0.5,3.34,5.21,6.65,5.17,21.0,2.41,14.0,0.4,0.4,0.5,14.6,27.1,54.3,32.5,19.0,22.9,14.0,0.4,0.4,0.5,-205.7,-137.4,-61.8,-140.4,25.0,84.6,16.0,0.5,0.4,0.4,-50.6,31.7,110.0,28.0,25.0,72.9,16.0,0.5,0.4,0.4,-130.1,-79.1,-37.7,-83.4,20.0,57.8,14.0,0.5,0.4,0.5,-31.5,0.0,58.2,7.8,20.0,45.8,14.0,0.5,0.4,0.5,-53.1,-23.5,-11.2,-27.1,19.0,22.5,14.0,0.4,0.4,0.5,-13.7,0.0,18.2,4.2,19.0,18.4,14.0,0.4,0.4,0.5,46.0,238.5,741.0,460.0,26.0,509.5,16.0,0.5,0.4,0.4,45.0,240.0,740.0,460.0,26.0,510.0,16.0,0.5,0.4,0.4
1974,2,293.0,21.0,24.16,25.0,25.94,25.16,30.0,1.08,16.0,0.5,0.6,0.5,23.3,24.0,24.9,23.97,33.0,0.98,16.0,0.5,0.6,0.5,13.08,14.37,16.08,14.62,27.0,1.45,16.0,0.4,0.6,0.4,71.7,79.5,86.9,79.5,27.0,7.4,16.0,0.4,0.4,4.14,7.7,10.3,7.56,33.0,3.13,14.0,0.5,0.6,0.4,-9.65,-6.2,-2.04,-5.48,33.0,4.02,14.0,0.5,0.6,0.4,-2.96,1.7,4.85,1.41,33.0,4.41,14.0,0.5,0.6,0.4,1015.02,1016.7,1020.39,1017.37,33.0,2.77,14.0,0.5,0.6,0.4,1.0,2.0,5.0,2.7,35.0,2.1,14.0,0.5,0.6,0.5,-94.6,-38.4,-6.9,-47.7,33.0,47.0,14.0,0.5,0.6,0.4,-18.2,5.7,49.2,12.7,33.0,42.6,14.0,0.5,0.6,0.4,-0.46,1.6,2.51,1.28,29.0,1.57,16.0,0.5,0.6,0.5,-3.3,10.5,21.1,9.7,27.0,14.4,16.0,0.4,0.6,0.4,4.11,5.62,7.22,5.49,24.0,1.66,16.0,0.5,0.5,0.4,20.8,40.3,58.6,41.5,24.0,19.7,16.0,0.5,0.5,0.4,-239.6,-144.5,-52.3,-139.4,31.0,84.7,16.0,0.5,0.6,0.4,-77.0,42.0,106.3,31.2,31.0,105.2,16.0,0.5,0.6,0.4,-140.0,-90.5,-32.3,-87.5,27.0,51.2,16.0,0.4,0.6,0.4,-22.2,24.3,59.5,22.6,27.0,55.6,16.0,0.4,0.6,0.4,-50.0,-33.2,-11.8,-33.4,24.0,20.5,16.0,0.5,0.5,0.4,-13.0,9.2,28.1,6.9,24.0,23.5,16.0,0.5,0.5,0.4,71.0,456.5,1092.5,634.0,33.0,554.0,14.0,0.5,0.6,0.4,70.0,455.0,1095.0,635.0,33.0,555.0,14.0,0.5,0.6,0.4
1974,2,293.0,22.0,23.23,24.4,25.0,24.31,31.0,1.03,20.0,0.6,0.5,0.4,22.8,24.0,24.86,23.95,37.0,1.26,20.0,0.7,0.5,0.4,12.6,14.15,16.47,14.48,25.0,1.91,18.0,0.6,0.4,0.3,69.5,77.2,89.9,78.3,26.0,10.2,18.0,0.7,0.3,4.64,8.0,10.3,7.63,33.0,2.83,18.0,0.7,0.5,0.4,-7.98,-4.0,0.0,-3.68,33.0,4.42,18.0,0.7,0.5,0.4,-3.84,1.74,7.62,2.01,33.0,5.51,18.0,0.7,0.5,0.4,1014.06,1017.55,1021.81,1017.77,34.0,3.94,18.0,0.6,0.5,0.4,2.0,3.5,7.0,4.0,36.0,2.3,18.0,0.7,0.5,0.4,-67.9,-25.0,0.0,-31.5,33.0,42.6,18.0,0.7,0.5,0.4,-19.6,16.8,67.5,18.4,33.0,58.0,18.0,0.7,0.5,0.4,-1.08,0.4,1.64,0.27,30.0,1.44,18.0,0.6,0.5,0.4,-6.9,3.3,8.3,1.5,26.0,11.0,18.0,0.6,0.4,0.4,3.09,5.33,6.63,4.97,20.0,2.17,18.0,0.6,0.4,0.3,15.1,35.1,57.8,35.7,19.0,21.1,18.0,0.6,0.4,0.3,-190.4,-92.4,0.0,-87.8,33.0,105.1,18.0,0.7,0.5,0.4,-92.1,41.0,182.1,50.2,33.0,130.2,18.0,0.7,0.5,0.4,-108.3,-45.6,8.2,-45.0,24.0,68.2,18.0,0.7,0.4,0.3,-58.5,50.6,111.7,32.5,24.0,81.0,18.0,0.7,0.4,0.3,-43.1,-10.6,0.0,-19.6,19.0,19.2,18.0,0.6,0.4,0.3,-23.4,12.0,29.1,7.3,19.0,31.0,18.0,0.6,0.4,0.3,100.0,512.0,1092.5,625.5,33.0,616.5,18.0,0.7,0.5,0.4,100.0,510.0,1095.0,625.0,33.0,615.0,18.0,0.7,0.5,0.4
1974,2,293.0,23.0,24.0,24.2,25.0,24.35,40.0,0.94,18.0,0.6,0.5,0.3,23.0,23.65,24.9,23.77,42.0,1.36,18.0,0.5,0.5,0.3,11.67,14.39,15.81,13.79,20.0,2.02,16.0,0.6,0.4,0.3,71.3,77.9,84.9,76.4,20.0,10.5,16.0,0.6,0.3,4.95,7.7,9.3,7.05,38.0,2.36,16.0,0.5,0.5,0.3,-7.56,-3.88,1.77,-3.12,38.0,4.73,16.0,0.5,0.5,0.3,-2.84,3.04,5.15,1.63,38.0,4.63,16.0,0.5,0.5,0.3,1015.9,1019.0,1023.79,1019.08,39.0,4.3,16.0,0.5,0.5,0.3,2.0,5.0,7.0,4.5,37.0,2.2,16.0,0.6,0.5,0.3,-60.5,-28.6,7.4,-22.9,38.0,42.3,16.0,0.5,0.5,0.3,-22.0,16.4,41.0,11.7,38.0,40.5,16.0,0.5,0.5,0.3,-0.49,0.7,1.5,0.54,39.0,1.54,16.0,0.5,0.5,0.3,-1.0,3.6,11.8,4.0,36.0,12.1,16.0,0.5,0.5,0.3,3.42,4.34,7.11,5.14,17.0,2.23,16.0,0.5,0.4,0.3,22.9,33.4,50.0,34.6,17.0,14.2,16.0,0.5,0.4,0.3,-174.6,-92.4,42.8,-74.4,38.0,114.7,16.0,0.5,0.5,0.3,-64.9,72.8,125.2,40.5,38.0,107.8,16.0,0.5,0.5,0.3,-118.1,-30.7,57.1,-29.2,19.0,84.0,16.0,0.5,0.4,0.3,-41.2,38.2,90.4,30.8,19.0,68.4,16.0,0.5,0.4,0.3,-34.9,-18.0,10.8,-13.6,17.0,24.7,16.0,0.5,0.4,0.3,-16.7,14.8,24.9,5.2,17.0,25.3,16.0,0.5,0.4,0.3,121.5,456.5,804.5,458.5,38.0,355.0,16.0,0.5,0.5,0.3,120.0,455.0,805.0,460.0,38.0,355.0,16.0,0.5,0.5,0.3
1974,2,293.0,24.0,23.38,24.0,24.66,23.97,16.0,0.89,14.0,0.6,0.7,0.5,21.77,23.0,24.09,22.9,17.0,1.33,14.0,0.5,0.6,0.5,10.8,13.79,15.03,13.41,9.0,2.22,12.0,0.7,0.7,0.6,67.7,76.6,88.0,77.9,9.0,11.4,12.0,0.7,0.6,4.0,5.1,9.61,6.09,16.0,2.85,12.0,0.5,0.7,0.5,-5.24,-2.67,1.73,-2.21,16.0,4.63,12.0,0.5,0.7,0.5,-1.74,0.0,5.73,1.4,16.0,4.35,12.0,0.5,0.7,0.5,1014.46,1018.35,1021.92,1018.18,18.0,3.53,14.0,0.5,0.7,0.5,1.5,4.0,7.0,4.1,17.0,2.4,14.0,0.5,0.7,0.5,-30.4,-10.9,10.6,-15.6,16.0,44.6,12.0,0.5,0.7,0.5,-8.9,0.0,37.8,10.4,16.0,37.0,12.0,0.5,0.7,0.5,-0.8,1.0,2.76,1.01,15.0,1.63,12.0,0.6,0.7,0.5,-3.4,2.9,15.9,6.1,14.0,11.2,12.0,0.6,0.6,0.5,3.46,4.25,6.28,4.78,8.0,1.69,12.0,0.8,0.7,0.5,13.3,21.2,27.2,25.4,7.0,23.1,10.0,0.7,0.7,0.6,-119.3,-44.0,45.9,-46.0,15.0,105.0,12.0,0.5,0.6,0.5,-41.7,0.0,129.7,37.8,15.0,101.3,12.0,0.5,0.6,0.5,-68.6,-58.8,-24.8,-49.7,7.0,32.0,10.0,0.7,0.7,0.6,-51.7,-11.8,3.5,-13.6,7.0,45.4,10.0,0.7,0.7,0.6,-25.5,-18.3,-5.0,-18.5,7.0,16.2,10.0,0.7,0.7,0.6,-12.8,-4.3,0.7,-9.8,7.0,22.6,10.0,0.7,0.7,0.6,64.0,132.5,889.0,376.0,16.0,486.0,12.0,0.5,0.7,0.5,65.0,135.0,890.0,375.0,16.0,485.0,12.0,0.5,0.7,0.5
1974,2,293.0,25.0,23.24,24.0,25.0,24.17,16.0,0.87,12.0,0.3,0.5,0.5,20.57,22.7,23.72,22.48,16.0,1.62,12.0,0.3,0.5,0.5,10.41,12.8,14.36,12.74,12.0,2.44,14.0,0.3,0.6,0.5,62.3,77.8,85.5,75.9,12.0,12.5,14.0,0.3,0.5,3.44,5.65,7.0,5.51,16.0,1.8,12.0,0.3,0.5,0.5,-6.1,-1.88,1.09,-2.14,16.0,3.49,12.0,0.3,0.5,0.5,-2.86,1.22,5.36,0.83,16.0,4.21,12.0,0.3,0.5,0.5,1015.43,1017.5,1019.73,1017.68,16.0,2.52,12.0,0.3,0.5,0.5,1.0,3.0,4.0,3.0,16.0,2.1,12.0,0.3,0.5,0.5,-43.0,-7.5,6.2,-14.9,16.0,22.9,12.0,0.3,0.5,0.5,-11.7,3.2,30.9,4.6,16.0,28.0,12.0,0.3,0.5,0.5,0.55,1.2,3.46,1.69,16.0,1.74,12.0,0.3,0.5,0.5,2.6,7.6,18.1,8.6,16.0,9.5,12.0,0.3,0.5,0.5,3.72,5.37,7.95,5.67,12.0,2.54,14.0,0.3,0.6,0.5,16.9,26.9,51.8,31.7,12.0,18.6,14.0,0.3,0.6,0.5,-137.7,-43.2,22.7,-48.8,16.0,78.5,12.0,0.3,0.5,0.5,-59.3,26.9,131.0,23.1,16.0,94.9,12.0,0.3,0.5,0.5,-69.3,-26.5,19.0,-25.0,12.0,48.0,14.0,0.3,0.6,0.5,-29.9,17.3,65.5,17.0,12.0,49.7,14.0,0.3,0.6,0.5,-42.3,-7.6,3.5,-15.2,12.0,23.9,14.0,0.3,0.6,0.5,-17.9,2.3,23.6,1.9,12.0,24.8,14.0,0.3,0.6,0.5,43.0,185.5,343.0,216.0,16.0,170.5,12.0,0.3,0.5,0.5,45.0,185.0,345.0,215.0,16.0,170.0,12.0,0.3,0.5,0.5
1974,2,293.0,26.0,21.38,23.0,23.68,22.47,11.0,1.43,16.0,0.5,0.5,0.4,20.1,22.25,23.0,21.77,10.0,1.49,16.0,0.4,0.4,0.4,10.86,11.77,14.38,12.59,9.0,2.61,16.0,0.3,0.4,0.4,66.2,76.3,92.4,78.0,9.0,12.8,16.0,0.3,0.4,4.61,6.7,9.6,7.13,9.0,3.29,16.0,0.3,0.4,0.4,-6.44,-2.64,1.17,-2.54,9.0,4.0,16.0,0.3,0.4,0.4,-2.66,2.12,5.54,0.9,9.0,6.63,16.0,0.3,0.4,0.4,1016.59,1019.55,1023.01,1019.37,10.0,4.09,16.0,0.4,0.4,0.4,2.0,5.0,6.4,4.3,11.0,2.4,16.0,0.5,0.5,0.4,-47.2,-10.8,2.5,-16.9,9.0,30.6,16.0,0.3,0.4,0.4,-10.2,13.1,34.3,1.3,9.0,75.4,16.0,0.3,0.4,0.4,-0.11,1.15,2.04,0.83,10.0,2.09,16.0,0.4,0.4,0.4,-2.9,4.8,14.4,4.0,9.0,13.5,16.0,0.3,0.4,0.4,0.79,5.27,6.94,4.31,9.0,3.02,16.0,0.3,0.4,0.4,1.7,32.3,44.8,31.6,9.0,30.9,16.0,0.3,0.4,0.4,-144.3,-50.1,24.1,-56.1,9.0,90.1,16.0,0.3,0.4,0.4,-51.0,48.8,124.4,26.9,9.0,140.2,16.0,0.3,0.4,0.4,-82.5,-29.4,16.8,-29.3,9.0,53.8,16.0,0.3,0.4,0.4,-30.8,30.6,62.5,22.0,9.0,78.8,16.0,0.3,0.4,0.4,-33.8,0.0,3.4,-12.1,9.0,18.2,16.0,0.3,0.4,0.4,-15.5,0.0,21.3,-3.8,9.0,39.6,16.0,0.3,0.4,0.4,108.5,301.0,921.0,583.0,9.0,753.5,16.0,0.3,0.4,0.4,110.0,300.0,920.0,585.0,9.0,755.0,16.0,0.3,0.4,0.4
1974,2,293.0,27.0,22.19,22.9,23.37,22.83,13.0,1.13,14.0,0.5,0.4,0.5,19.92,21.7,23.3,21.27,15.0,2.27,14.0,0.5,0.4,0.5,8.48,9.32,12.16,10.1,8.0,2.15,14.0,0.5,0.4,0.5,60.9,67.3,72.7,67.2,8.0,6.4,14.0,0.5,0.5,2.69,5.1,10.28,6.34,14.0,3.51,14.0,0.4,0.4,0.5,-4.52,0.0,6.34,0.61,14.0,5.34,14.0,0.4,0.4,0.5,-6.58,-0.23,3.81,-1.16,14.0,5.03,14.0,0.4,0.4,0.5,1014.26,1018.1,1023.36,1018.78,14.0,4.27,14.0,0.4,0.4,0.5,1.2,2.0,5.6,3.1,15.0,2.2,14.0,0.5,0.4,0.5,-37.6,0.0,61.8,4.8,14.0,53.6,14.0,0.4,0.4,0.5,-69.5,-0.6,15.1,-15.6,14.0,44.7,14.0,0.4,0.4,0.5,-0.5,1.2,4.07,1.4,13.0,2.65,14.0,0.5,0.4,0.5,-1.2,5.0,31.4,12.3,12.0,17.0,14.0,0.4,0.4,0.5,5.55,7.86,8.86,7.26,8.0,2.13,14.0,0.5,0.4,0.5,12.4,38.1,73.1,45.1,8.0,35.3,14.0,0.5,0.4,0.5,-90.7,0.0,135.9,10.3,14.0,115.7,14.0,0.4,0.4,0.5,-138.4,-5.5,82.7,-20.1,14.0,105.1,14.0,0.4,0.4,0.5,-37.7,0.0,42.6,3.4,8.0,39.8,14.0,0.5,0.4,0.5,-56.7,-10.7,21.9,-13.8,8.0,42.7,14.0,0.5,0.4,0.5,-33.6,0.0,19.6,2.8,8.0,39.8,14.0,0.5,0.4,0.5,-62.5,-16.9,10.2,-20.7,8.0,38.6,14.0,0.5,0.4,0.5,20.5,132.5,1087.0,480.5,14.0,561.5,14.0,0.4,0.4,0.5,20.0,135.0,1085.0,480.0,14.0,560.0,14.0,0.4,0.4,0.5
1974,2,293.0,28.0,21.0,22.0,22.3,21.82,19.0,1.13,18.0,0.7,0.5,0.6,19.01,21.6,22.99,21.26,20.0,1.84,18.0,0.7,0.6,0.5,9.2,11.46,13.96,11.65,16.0,2.34,18.0,0.8,0.6,0.6,64.5,75.4,82.8,73.9,16.0,9.0,18.0,0.8,0.6,3.6,5.95,9.99,6.44,20.0,2.98,18.0,0.7,0.6,0.5,-3.52,0.31,5.12,0.1,20.0,4.26,18.0,0.7,0.6,0.5,-2.95,3.45,7.2,1.5,20.0,5.66,18.0,0.7,0.6,0.5,1016.43,1020.0,1023.01,1019.54,19.0,4.12,18.0,0.7,0.5,0.6,1.0,4.0,7.0,3.7,20.0,2.8,18.0,0.7,0.6,0.5,-16.2,1.1,51.5,5.0,20.0,37.5,18.0,0.7,0.6,0.5,-13.5,12.5,55.3,5.3,20.0,54.1,18.0,0.7,0.6,0.5,-0.83,0.0,2.17,0.55,19.0,1.72,18.0,0.7,0.5,0.6,-6.3,0.0,25.1,5.7,19.0,14.2,18.0,0.7,0.5,0.6,2.63,3.58,6.64,4.47,16.0,1.84,18.0,0.8,0.6,0.6,10.6,18.8,53.7,29.3,16.0,22.8,18.0,0.8,0.6,0.6,-70.9,6.8,90.0,1.0,20.0,88.5,18.0,0.7,0.6,0.5,-56.0,76.7,162.0,39.2,20.0,114.7,18.0,0.7,0.6,0.5,-28.8,14.2,52.6,12.7,16.0,43.4,18.0,0.8,0.6,0.6,-52.7,37.0,84.1,20.3,16.0,66.7,18.0,0.8,0.6,0.6,-17.4,2.7,25.3,4.6,16.0,20.1,18.0,0.8,0.6,0.6,-37.4,8.3,18.2,-4.6,16.0,31.5,18.0,0.8,0.6,0.6,46.5,212.0,997.0,438.5,20.0,503.5,18.0,0.7,0.6,0.5,45.0,210.0,995.0,440.0,20.0,505.0,18.0,0.7,0.6,0.5
1974,2,293.0,29.0,20.48,22.0,23.0,21.74,7.0,1.16,16.0,0.7,0.6,0.4,20.02,21.0,21.3,20.51,8.0,1.35,18.0,0.8,0.6,0.4,7.97,11.5,13.1,11.06,7.0,2.55,16.0,0.7,0.6,0.4,59.0,79.3,81.8,73.6,7.0,13.7,16.0,0.7,0.4,2.48,11.3,15.4,9.17,7.0,6.5,18.0,0.7,0.7,0.5,0.0,0.45,7.93,3.66,7.0,4.94,18.0,0.7,0.7,0.5,-7.4,0.0,13.44,1.7,7.0,9.85,18.0,0.7,0.7,0.5,1009.28,1015.25,1022.28,1015.75,8.0,6.34,18.0,0.8,0.6,0.4,3.1,7.0,8.0,6.0,8.0,2.3,18.0,0.8,0.6,0.4,0.0,1.2,121.5,46.4,7.0,72.9,18.0,0.7,0.7,0.5,-104.8,0.0,206.9,30.5,7.0,140.9,18.0,0.7,0.7,0.5,0.18,1.7,2.24,1.3,7.0,1.23,16.0,0.7,0.6,0.4,2.0,7.3,35.8,15.4,6.0,18.6,16.0,0.7,0.7,0.4,3.04,4.67,7.77,5.15,7.0,2.51,16.0,0.7,0.6,0.4,27.2,51.0,82.4,54.7,6.0,35.4,16.0,0.7,0.7,0.4,0.0,9.6,170.3,71.6,7.0,92.3,18.0,0.7,0.7,0.5,-130.9,0.0,291.6,40.1,7.0,199.8,18.0,0.7,0.7,0.5,0.0,23.3,93.8,39.9,6.0,46.2,16.0,0.7,0.7,0.4,-69.0,14.9,175.6,33.8,6.0,124.6,16.0,0.7,0.7,0.4,0.0,14.1,57.5,28.6,6.0,38.1,16.0,0.7,0.7,0.4,-37.0,-0.3,52.5,5.6,6.0,48.7,16.0,0.7,0.7,0.4,16.5,1443.0,3652.5,1697.5,7.0,1709.0,18.0,0.7,0.7,0.5,15.0,1445.0,3650.0,1700.0,7.0,1710.0,18.0,0.7,0.7,0.5
1974,2,293.0,30.0,20.0,20.4,21.29,20.59,10.0,0.7,14.0,0.4,0.7,0.4,17.44,19.7,21.39,19.57,10.0,2.66,14.0,0.4,0.7,0.4,7.86,8.22,12.04,9.82,7.0,2.55,12.0,0.3,0.8,0.5,61.2,75.5,86.3,74.3,7.0,13.1,12.0,0.3,0.5,3.64,6.7,9.67,6.84,9.0,3.35,12.0,0.3,0.7,0.5,1.34,4.65,7.76,4.56,9.0,3.14,12.0,0.3,0.7,0.5,-2.92,1.88,7.69,2.18,9.0,5.03,12.0,0.3,0.7,0.5,1017.07,1020.8,1023.86,1019.28,10.0,6.5,14.0,0.4,0.7,0.4,1.4,3.5,6.6,3.7,10.0,2.6,14.0,0.4,0.7,0.4,3.6,33.6,72.4,38.9,9.0,38.6,12.0,0.3,0.7,0.5,-18.8,3.8,70.4,25.0,9.0,45.3,12.0,0.3,0.7,0.5,-1.26,0.7,3.76,1.02,10.0,2.81,14.0,0.4,0.7,0.4,-3.2,6.6,24.6,7.5,9.0,21.1,12.0,0.3,0.7,0.5,2.43,6.51,7.93,5.23,7.0,3.03,12.0,0.3,0.8,0.5,21.6,36.4,63.6,43.0,6.0,30.9,10.0,0.2,0.8,0.5,27.3,82.8,154.7,89.7,9.0,61.0,12.0,0.3,0.7,0.5,-53.5,41.7,147.8,51.3,9.0,100.0,12.0,0.3,0.7,0.5,27.3,42.0,82.3,49.5,6.0,35.4,10.0,0.2,0.8,0.5,-29.8,-6.3,59.6,7.2,6.0,44.3,10.0,0.2,0.8,0.5,6.1,29.5,53.1,31.5,6.0,27.6,10.0,0.2,0.8,0.5,-28.6,-6.8,22.9,0.2,6.0,35.0,10.0,0.2,0.8,0.5,57.5,301.0,904.5,529.0,9.0,603.0,12.0,0.3,0.7,0.5,60.0,300.0,905.0,530.0,9.0,605.0,12.0,0.3,0.7,0.5
1974,2,293.0,31.0,20.0,20.6,21.16,20.68,19.0,0.89,16.0,0.6,0.5,0.4,15.8,18.95,21.0,18.58,20.0,2.54,14.0,0.6,0.5,0.4,6.51,9.27,12.94,9.75,17.0,2.73,16.0,0.6,0.5,0.4,55.4,76.2,90.5,73.2,17.0,16.3,16.0,0.6,0.4,5.1,6.85,12.29,8.3,20.0,5.04,14.0,0.6,0.5,0.4,-4.74,3.31,10.65,3.18,20.0,7.1,14.0,0.6,0.5,0.4,-6.23,-4.04,3.9,-2.11,20.0,5.68,14.0,0.6,0.5,0.4,1015.1,1020.05,1024.68,1019.44,20.0,4.69,14.0,0.6,0.5,0.4,2.9,5.0,8.0,4.9,19.0,2.4,14.0,0.6,0.5,0.4,-25.5,19.6,130.9,54.0,20.0,116.8,14.0,0.6,0.5,0.4,-69.3,-20.8,22.5,-32.5,20.0,83.0,14.0,0.6,0.5,0.4,-0.03,2.6,4.03,2.28,19.0,2.33,16.0,0.6,0.5,0.4,-0.4,13.3,39.0,25.4,19.0,42.2,16.0,0.6,0.5,0.4,2.42,5.8,7.83,5.19,17.0,2.77,16.0,0.6,0.5,0.4,10.5,30.5,73.1,41.0,17.0,34.1,16.0,0.6,0.5,0.4,-92.0,55.4,182.9,50.6,20.0,121.2,14.0,0.6,0.5,0.4,-111.7,-71.2,85.8,-29.6,20.0,101.1,14.0,0.6,0.5,0.4,-55.2,30.3,73.0,13.5,17.0,63.1,16.0,0.6,0.5,0.4,-57.9,-32.5,43.0,-16.9,17.0,53.1,16.0,0.6,0.5,0.4,-15.9,4.5,55.3,16.5,17.0,37.5,16.0,0.6,0.5,0.4,-43.0,-4.8,19.0,-15.6,17.0,31.5,16.0,0.6,0.5,0.4,132.5,322.0,1857.5,1351.5,20.0,2813.5,14.0,0.6,0.5,0.4,135.0,320.0,1860.0,1350.0,20.0,2815.0,14.0,0.6,0.5,0.4
1974,2,293.0,32.0,18.72,19.55,20.09,19.46,14.0,1.35,16.0,0.4,0.5,0.5,15.92,18.8,20.33,18.26,15.0,2.42,14.0,0.5,0.5,0.5,8.01,11.25,13.43,10.94,14.0,2.66,16.0,0.5,0.5,0.5,68.6,86.1,93.9,81.8,14.0,12.1,16.0,0.5,0.5,8.55,12.3,13.9,11.42,15.0,3.13,14.0,0.5,0.5,0.5,3.29,4.75,12.8,6.46,15.0,5.47,14.0,0.5,0.5,0.5,-5.07,6.62,9.94,2.88,15.0,8.13,14.0,0.5,0.5,0.5,1005.15,1017.3,1020.41,1014.0,15.0,7.67,14.0,0.5,0.5,0.5,4.1,6.5,7.0,5.8,14.0,1.8,14.0,0.5,0.5,0.5,17.6,66.1,174.5,80.1,15.0,81.6,14.0,0.5,0.5,0.5,-68.6,58.2,121.0,38.2,15.0,99.8,14.0,0.5,0.5,0.5,-0.4,0.25,2.16,0.87,14.0,2.44,16.0,0.4,0.5,0.5,-5.3,2.9,26.8,8.1,14.0,21.2,16.0,0.4,0.5,0.5,1.22,2.38,5.09,3.0,13.0,2.89,16.0,0.5,0.5,0.4,13.1,27.3,53.5,30.9,13.0,25.9,16.0,0.5,0.5,0.4,51.3,84.6,240.6,118.5,15.0,102.6,14.0,0.5,0.5,0.5,-89.3,135.1,213.9,65.7,15.0,146.2,14.0,0.5,0.5,0.5,22.0,54.3,127.8,68.6,14.0,62.6,16.0,0.5,0.5,0.5,-45.8,81.8,139.8,49.3,14.0,88.4,16.0,0.5,0.5,0.5,-0.6,11.9,26.1,15.8,13.0,21.0,16.0,0.5,0.5,0.4,-27.4,6.4,25.9,-2.4,13.0,31.4,16.0,0.5,0.5,0.4,638.0,1861.0,2685.5,1781.0,15.0,1078.5,14.0,0.5,0.5,0.5,640.0,1860.0,2685.0,1780.0,15.0,1080.0,14.0,0.5,0.5,0.5
1974,2,293.0,33.0,18.77,19.45,21.13,19.71,12.0,1.4,16.0,0.8,0.6,0.3,14.5,15.6,19.38,16.44,12.0,2.69,16.0,0.8,0.6,0.3,6.46,8.06,10.88,8.4,10.0,2.06,14.0,0.8,0.6,0.3,59.9,76.9,80.1,71.6,10.0,10.9,14.0,0.8,0.3,5.79,8.45,10.3,8.89,12.0,4.24,16.0,0.8,0.6,0.3,1.13,5.83,7.66,5.73,12.0,5.57,16.0,0.8,0.6,0.3,-5.98,-1.55,5.38,-0.5,12.0,6.09,16.0,0.8,0.6,0.3,1012.55,1018.15,1022.56,1016.83,12.0,6.49,16.0,0.8,0.6,0.3,5.0,7.5,8.0,6.8,12.0,1.5,16.0,0.8,0.6,0.3,9.6,44.1,71.3,67.5,12.0,114.4,16.0,0.8,0.6,0.3,-73.9,-9.6,35.3,-8.8,12.0,59.1,16.0,0.8,0.6,0.3,0.87,3.45,4.93,3.27,12.0,2.58,16.0,0.8,0.6,0.3,4.5,20.8,54.3,31.4,12.0,32.0,16.0,0.8,0.6,0.3,3.89,5.62,7.1,5.57,10.0,1.68,14.0,0.8,0.6,0.3,26.5,32.7,72.1,51.5,10.0,40.5,14.0,0.8,0.6,0.3,13.3,91.5,137.9,91.8,12.0,85.6,16.0,0.8,0.6,0.3,-100.0,-24.2,94.8,2.6,12.0,105.6,16.0,0.8,0.6,0.3,9.1,51.9,74.3,47.9,10.0,43.1,14.0,0.8,0.6,0.3,-46.7,-11.8,28.1,-1.7,10.0,52.6,14.0,0.8,0.6,0.3,8.5,24.6,55.5,36.5,10.0,45.6,14.0,0.8,0.6,0.3,-35.3,-8.2,23.3,-4.5,10.0,31.8,14.0,0.8,0.6,0.3,202.5,605.0,1092.5,1258.5,12.0,2384.5,16.0,0.8,0.6,0.3,200.0,605.0,1095.0,1260.0,12.0,2385.0,16.0,0.8,0.6,0.3
1974,2,293.0,34.0,18.91,19.45,20.44,19.44,8.0,1.16,16.0,0.5,0.8,0.4,14.11,15.25,17.27,15.5,8.0,2.13,16.0,0.5,0.8,0.4,6.78,7.68,10.23,8.11,7.0,1.63,18.0,0.4,0.8,0.4,68.8,77.0,84.7,76.5,7.0,12.4,18.0,0.4,0.4,8.2,11.3,15.4,11.88,8.0,3.67,16.0,0.5,0.8,0.4,5.42,8.26,12.89,8.9,8.0,4.2,16.0,0.5,0.8,0.4,-7.31,4.48,9.68,2.25,8.0,7.79,16.0,0.5,0.8,0.4,1004.21,1019.8,1023.51,1015.69,8.0,10.23,16.0,0.5,0.8,0.4,6.0,7.5,8.0,6.6,8.0,2.1,16.0,0.5,0.8,0.4,44.9,92.0,217.0,118.1,8.0,83.5,16.0,0.5,0.8,0.4,-59.9,46.3,146.3,43.8,8.0,98.5,16.0,0.5,0.8,0.4,2.2,3.2,6.33,3.94,8.0,2.08,16.0,0.5,0.8,0.4,30.9,37.4,52.1,41.8,8.0,15.5,16.0,0.5,0.8,0.4,3.75,6.63,7.07,5.69,7.0,1.81,18.0,0.4,0.8,0.4,48.5,57.8,70.1,62.1,7.0,23.8,18.0,0.4,0.8,0.4,77.6,125.7,236.8,143.8,8.0,81.7,16.0,0.5,0.8,0.4,-89.1,69.8,165.4,46.0,8.0,121.0,16.0,0.5,0.8,0.4,39.4,74.8,101.6,68.1,7.0,35.6,18.0,0.4,0.8,0.4,-52.4,17.8,65.5,11.6,7.0,62.6,18.0,0.4,0.8,0.4,26.0,37.9,47.3,45.2,7.0,28.2,18.0,0.4,0.8,0.4,-52.7,18.8,37.4,0.1,7.0,43.4,18.0,0.4,0.8,0.4,551.5,1477.0,3652.5,2103.0,8.0,1732.0,16.0,0.5,0.8,0.4,550.0,1475.0,3650.0,2105.0,8.0,1730.0,16.0,0.5,0.8,0.4
1974,2,293.0,35.0,17.57,19.0,20.0,18.99,9.0,1.17,14.0,0.4,0.5,0.5,10.74,13.75,17.44,14.12,10.0,3.59,14.0,0.4,0.6,0.5,5.89,7.63,10.58,8.42,9.0,2.58,14.0,0.4,0.5,0.5,70.3,80.2,87.9,79.1,9.0,11.5,14.0,0.4,0.5,6.7,11.3,18.37,13.19,9.0,6.8,12.0,0.3,0.6,0.5,0.0,9.79,17.72,9.26,9.0,9.8,12.0,0.3,0.6,0.5,-8.23,-2.29,5.5,-1.31,9.0,6.9,12.0,0.3,0.6,0.5,1004.3,1011.8,1018.27,1010.92,10.0,6.9,14.0,0.4,0.6,0.5,6.3,8.0,8.0,7.0,9.0,1.7,14.0,0.3,0.6,0.5,0.0,110.6,325.6,178.2,9.0,210.5,12.0,0.3,0.6,0.5,-135.5,-15.4,53.6,-30.0,9.0,113.7,12.0,0.3,0.6,0.5,0.98,4.0,6.96,4.39,9.0,3.39,14.0,0.4,0.5,0.5,20.6,39.2,123.1,77.0,8.0,91.5,12.0,0.4,0.6,0.5,2.51,4.68,7.44,5.29,9.0,2.6,14.0,0.4,0.5,0.5,31.4,77.1,119.4,86.8,8.0,73.7,12.0,0.4,0.6,0.5,0.0,176.1,210.0,133.1,9.0,134.7,12.0,0.3,0.6,0.5,-82.5,-22.5,94.9,-2.9,9.0,94.6,12.0,0.3,0.6,0.5,5.8,109.6,126.2,89.6,8.0,67.5,12.0,0.4,0.6,0.5,-50.4,-15.2,69.2,1.0,8.0,59.1,12.0,0.4,0.6,0.5,1.9,64.5,104.3,71.1,8.0,76.4,12.0,0.4,0.6,0.5,-59.7,-15.7,29.3,-16.7,8.0,45.9,12.0,0.4,0.6,0.5,301.0,1443.0,6197.0,4045.5,9.0,5392.5,12.0,0.3,0.6,0.5,300.0,1445.0,6195.0,4045.0,9.0,5395.0,12.0,0.3,0.6,0.5
1974,2,293.0,36.0,19.0,20.85,21.35,20.31,12.0,1.24,14.0,0.3,0.6,0.6,12.23,14.05,18.01,14.84,14.0,3.15,12.0,0.4,0.5,0.6,6.0,6.66,9.7,7.4,10.0,1.78,14.0,0.3,0.6,0.6,62.5,74.2,81.4,73.4,11.0,10.2,14.0,0.3,0.6,4.6,12.3,17.69,12.36,13.0,6.61,12.0,0.3,0.5,0.6,3.9,8.05,14.98,8.92,13.0,7.9,12.0,0.3,0.5,0.6,-9.72,1.51,5.76,-0.18,13.0,7.77,12.0,0.3,0.5,0.6,1004.96,1013.2,1020.19,1012.79,13.0,8.96,12.0,0.4,0.5,0.6,6.0,7.0,8.0,7.1,14.0,1.0,12.0,0.4,0.5,0.6,17.6,81.1,242.7,148.6,13.0,178.7,12.0,0.3,0.5,0.6,-126.1,7.2,97.0,-0.2,13.0,136.2,12.0,0.3,0.5,0.6,2.76,6.65,9.65,6.14,12.0,3.66,14.0,0.3,0.6,0.6,10.0,40.0,131.8,68.1,11.0,70.3,14.0,0.3,0.5,0.6,4.8,8.24,9.75,7.48,10.0,2.65,14.0,0.3,0.6,0.6,37.5,51.2,125.4,77.0,9.0,56.6,14.0,0.2,0.5,0.6,53.9,133.7,249.4,143.8,13.0,140.8,12.0,0.3,0.5,0.6,-115.9,20.0,119.2,16.3,13.0,109.3,12.0,0.3,0.5,0.6,20.3,47.5,93.5,52.0,9.0,56.1,14.0,0.2,0.5,0.6,-47.7,9.0,34.2,3.1,9.0,55.7,14.0,0.2,0.5,0.6,19.3,42.1,111.7,52.6,9.0,58.4,14.0,0.2,0.5,0.6,-73.1,8.9,25.3,-14.1,9.0,55.9,14.0,0.2,0.5,0.6,97.5,1861.0,5556.0,3476.0,13.0,4676.5,12.0,0.3,0.5,0.6,95.0,1860.0,5555.0,3475.0,13.0,4675.0,12.0,0.3,0.5,0.6
1974,2,293.0,37.0,17.7,20.0,21.09,19.56,17.0,2.41,12.0,0.4,0.5,0.3,9.24,13.25,18.07,13.45,24.0,4.95,10.0,0.4,0.4,0.3,5.14,7.78,9.93,7.65,15.0,2.42,12.0,0.4,0.5,0.3,62.7,71.7,85.9,73.8,16.0,11.6,12.0,0.4,0.3,6.5,12.9,18.0,13.45,22.0,6.29,10.0,0.5,0.4,0.4,-3.02,7.13,14.47,6.33,22.0,9.42,10.0,0.5,0.4,0.4,-12.42,-4.11,11.0,-1.4,22.0,9.82,10.0,0.5,0.4,0.4,999.33,1010.5,1021.11,1009.76,23.0,10.87,10.0,0.4,0.4,0.3,6.2,8.0,8.0,7.0,21.0,1.9,10.0,0.5,0.4,0.3,-12.8,71.7,222.9,125.1,22.0,198.0,10.0,0.5,0.4,0.4,-240.7,-19.9,135.3,-38.6,22.0,168.7,10.0,0.5,0.4,0.4,1.97,5.5,8.88,5.11,17.0,4.21,12.0,0.4,0.5,0.3,13.8,55.8,98.3,49.8,15.0,55.3,12.0,0.5,0.5,0.4,4.2,6.66,8.64,6.07,14.0,3.4,12.0,0.4,0.5,0.3,20.5,61.7,123.5,61.8,12.0,48.0,14.0,0.5,0.5,0.4,-43.0,80.9,150.9,61.8,22.0,111.8,10.0,0.5,0.4,0.4,-79.1,-40.5,194.7,15.8,22.0,140.1,10.0,0.5,0.4,0.4,-2.7,41.9,60.8,32.2,13.0,57.3,12.0,0.5,0.5,0.4,-39.9,0.0,107.2,27.8,13.0,69.1,12.0,0.5,0.5,0.4,-13.3,18.2,89.2,31.9,12.0,53.8,14.0,0.5,0.5,0.4,-43.8,0.0,47.3,-2.8,12.0,49.6,14.0,0.5,0.5,0.4,356.0,2146.5,5859.5,4038.5,22.0,5012.0,10.0,0.5,0.4,0.4,355.0,2145.0,5860.0,4040.0,22.0,5010.0,10.0,0.5,0.4,0.4
1974,2,293.0,38.0,12.22,16.1,19.56,15.97,15.0,3.21,18.0,0.5,0.6,0.6,7.8,14.0,15.73,12.53,15.0,4.15,18.0,0.5,0.6,0.6,4.25,7.67,9.94,7.49,13.0,2.4,18.0,0.5,0.5,0.5,66.1,79.0,89.0,77.1,13.0,13.9,18.0,0.5,0.5,4.69,7.7,13.29,8.93,15.0,5.29,18.0,0.5,0.6,0.6,-2.55,0.8,8.46,1.91,15.0,6.57,18.0,0.5,0.6,0.6,-5.21,1.51,4.53,0.83,15.0,8.09,18.0,0.5,0.6,0.6,1003.01,1007.0,1015.43,1008.09,15.0,6.3,18.0,0.5,0.6,0.6,6.2,8.0,8.0,7.3,15.0,1.0,18.0,0.5,0.6,0.6,-13.0,3.7,72.7,8.5,15.0,85.7,18.0,0.5,0.6,0.6,-41.8,13.0,27.6,19.5,15.0,150.6,18.0,0.5,0.6,0.6,0.22,2.6,8.34,3.44,15.0,5.6,18.0,0.5,0.6,0.6,1.1,20.0,73.6,27.8,15.0,73.9,18.0,0.5,0.6,0.6,0.99,4.03,7.52,4.05,13.0,3.67,18.0,0.5,0.5,0.5,4.8,23.7,62.2,34.0,13.0,49.5,18.0,0.5,0.5,0.5,-32.7,12.6,121.0,19.6,15.0,98.3,18.0,0.5,0.6,0.6,-45.3,23.3,70.5,30.9,15.0,109.4,18.0,0.5,0.6,0.6,-28.3,5.9,66.6,7.0,13.0,59.4,18.0,0.5,0.5,0.5,-33.8,13.6,37.0,21.1,13.0,75.2,18.0,0.5,0.5,0.5,-3.9,3.2,37.8,6.4,13.0,33.3,18.0,0.5,0.5,0.5,-45.1,-1.9,18.8,-15.1,13.0,48.0,18.0,0.5,0.5,0.5,103.5,456.5,2348.5,1597.0,15.0,3153.0,18.0,0.5,0.6,0.6,105.0,455.0,2350.0,1595.0,15.0,3155.0,18.0,0.5,0.6,0.6
1974,2,293.0,39.0,15.0,15.75,17.0,15.79,10.0,1.7,16.0,0.3,0.6,0.3,5.43,9.65,14.19,9.61,10.0,4.85,16.0,0.3,0.6,0.3,4.43,4.82,8.12,5.79,7.0,2.15,18.0,0.3,0.7,0.2,67.2,79.9,87.4,77.1,7.0,15.3,18.0,0.3,0.2,4.03,10.05,16.31,10.35,10.0,6.68,16.0,0.3,0.6,0.3,-5.11,1.96,7.59,2.91,10.0,8.86,16.0,0.3,0.6,0.3,-8.89,-2.15,3.36,-2.23,10.0,8.37,16.0,0.3,0.6,0.3,1005.4,1010.05,1024.66,1013.62,10.0,9.55,16.0,0.3,0.6,0.3,4.1,8.0,8.0,6.3,9.0,2.9,16.0,0.3,0.6,0.3,-66.9,7.4,95.9,54.3,10.0,180.0,16.0,0.3,0.6,0.3,-98.7,-7.8,14.7,-28.3,10.0,123.8,16.0,0.3,0.6,0.3,1.31,5.85,11.74,6.18,10.0,5.99,16.0,0.3,0.6,0.3,5.2,53.2,118.6,64.4,10.0,88.5,16.0,0.3,0.6,0.3,2.68,5.81,8.33,5.26,7.0,2.79,18.0,0.3,0.7,0.2,15.0,24.1,88.4,52.3,7.0,48.7,18.0,0.3,0.7,0.2,-53.6,10.8,52.1,29.0,10.0,110.5,16.0,0.3,0.6,0.3,-42.8,-15.1,48.1,10.6,10.0,90.9,16.0,0.3,0.6,0.3,0.0,19.9,51.3,40.1,7.0,82.4,18.0,0.3,0.7,0.2,-26.3,-10.0,13.3,3.3,7.0,53.9,18.0,0.3,0.7,0.2,2.3,22.7,64.7,32.5,7.0,30.4,18.0,0.3,0.7,0.2,-47.2,-8.2,10.8,-25.4,7.0,51.5,18.0,0.3,0.7,0.2,68.5,1017.0,4373.0,2495.0,10.0,3833.5,16.0,0.3,0.6,0.3,70.0,1015.0,4375.0,2495.0,10.0,3835.0,16.0,0.3,0.6,0.3
1974,2,293.0,40.0,7.0,8.25,14.0,9.45,20.0,4.14,10.0,0.5,0.6,0.5,2.1,5.1,8.77,5.31,22.0,4.01,12.0,0.5,0.6,0.5,3.93,5.04,6.31,5.21,13.0,1.33,14.0,0.5,0.7,0.5,73.7,87.9,92.6,83.1,14.0,12.4,12.0,0.5,0.4,4.6,10.55,15.78,10.99,24.0,5.91,12.0,0.5,0.6,0.5,-5.17,1.22,12.73,2.6,24.0,8.71,12.0,0.5,0.6,0.5,-10.05,-4.11,5.04,-2.95,24.0,8.3,12.0,0.5,0.6,0.5,1000.43,1012.25,1021.63,1011.2,22.0,11.01,12.0,0.5,0.6,0.5,5.0,8.0,8.0,6.4,23.0,2.1,12.0,0.5,0.6,0.4,-63.9,5.8,196.1,41.7,24.0,148.3,12.0,0.5,0.6,0.5,-132.5,-19.9,50.2,-39.5,24.0,143.4,12.0,0.5,0.6,0.5,1.61,5.25,8.5,4.46,20.0,4.14,10.0,0.5,0.6,0.5,11.3,46.1,91.8,53.1,20.0,74.3,10.0,0.5,0.6,0.5,1.36,3.58,4.65,3.23,12.0,2.03,12.0,0.6,0.7,0.5,9.5,43.1,57.8,40.4,12.0,32.9,12.0,0.6,0.7,0.5,-18.2,2.2,125.4,20.7,22.0,69.5,12.0,0.5,0.6,0.5,-41.3,-13.3,40.5,-0.7,22.0,55.0,12.0,0.5,0.6,0.5,-43.4,4.0,77.8,9.5,13.0,57.1,14.0,0.5,0.7,0.5,-44.2,-22.3,23.0,-19.3,13.0,40.5,14.0,0.5,0.7,0.5,-42.6,0.1,28.5,-0.2,12.0,34.5,12.0,0.6,0.7,0.5,-37.1,-21.1,3.2,-23.0,12.0,33.2,12.0,0.6,0.7,0.5,97.5,1176.0,3946.0,2495.0,24.0,3230.5,12.0,0.5,0.6,0.5,95.0,1175.0,3945.0,2495.0,24.0,3230.0,12.0,0.5,0.6,0.5
1974,2,293.0,41.0,4.41,5.6,8.28,6.41,33.0,2.73,12.0,0.6,0.5,0.4,0.13,5.5,10.0,5.25,33.0,4.33,14.0,0.6,0.5,0.5,3.2,4.11,7.03,4.9,23.0,1.64,12.0,0.6,0.5,0.5,67.3,87.5,100.0,82.0,24.0,16.8,12.0,0.6,0.5,3.6,7.2,11.56,7.66,29.0,5.08,14.0,0.6,0.5,0.5,-1.7,3.14,5.99,1.86,29.0,6.08,14.0,0.6,0.5,0.5,-4.94,0.0,8.73,0.9,29.0,6.72,14.0,0.6,0.5,0.5,1003.16,1010.2,1024.62,1011.8,33.0,10.78,12.0,0.6,0.5,0.4,0.0,6.0,8.0,5.1,26.0,3.1,14.0,0.7,0.6,0.5,-8.5,12.9,52.3,15.3,29.0,101.0,14.0,0.6,0.5,0.5,-34.8,0.0,96.2,14.4,29.0,84.5,14.0,0.6,0.5,0.5,-3.91,1.25,6.17,1.23,32.0,4.8,12.0,0.6,0.5,0.4,-33.6,0.0,42.6,2.7,27.0,38.3,14.0,0.6,0.5,0.5,-1.44,1.14,3.0,0.96,22.0,2.24,12.0,0.6,0.5,0.5,-13.9,0.8,23.2,3.5,19.0,15.7,12.0,0.6,0.5,0.5,-12.0,0.9,36.0,9.2,28.0,33.1,14.0,0.6,0.5,0.5,-18.1,3.1,75.5,21.5,28.0,50.3,14.0,0.6,0.5,0.5,-3.7,16.1,30.3,15.5,20.0,23.8,12.0,0.6,0.4,0.5,-11.7,9.2,59.5,22.1,20.0,37.0,12.0,0.6,0.4,0.5,-5.7,0.0,9.8,1.8,19.0,10.1,12.0,0.6,0.5,0.5,-15.7,0.0,4.9,-4.5,19.0,11.6,12.0,0.6,0.5,0.5,46.5,373.0,1552.0,1115.0,29.0,2039.5,14.0,0.6,0.5,0.5,45.0,375.0,1550.0,1115.0,29.0,2040.0,14.0,0.6,0.5,0.5
1974,2,293.0,42.0,2.91,5.1,5.58,4.88,15.0,1.78,10.0,0.6,0.6,0.4,-2.89,0.6,4.7,0.93,17.0,3.79,10.0,0.5,0.5,0.4,3.45,3.93,5.83,4.3,7.0,1.42,8.0,0.6,0.4,0.4,77.0,86.0,100.0,86.6,7.0,11.3,8.0,0.6,0.4,8.72,9.55,15.87,11.39,14.0,4.76,10.0,0.5,0.5,0.4,-1.21,8.14,13.74,7.1,14.0,6.93,10.0,0.5,0.5,0.4,-6.95,-4.92,4.46,-1.64,14.0,7.56,10.0,0.5,0.5,0.4,1000.47,1016.3,1020.43,1012.06,15.0,10.42,10.0,0.5,0.5,0.4,4.8,7.0,8.0,6.3,13.0,2.4,10.0,0.5,0.6,0.4,-10.4,76.7,218.3,104.6,14.0,115.5,10.0,0.5,0.5,0.4,-95.2,-44.7,43.5,-7.2,14.0,129.5,10.0,0.5,0.5,0.4,-0.53,3.6,8.1,4.16,15.0,4.08,10.0,0.6,0.6,0.4,-11.4,40.1,83.6,40.6,12.0,45.9,10.0,0.6,0.5,0.4,-0.23,1.25,1.45,0.98,7.0,1.27,8.0,0.6,0.4,0.4,-3.4,8.0,21.6,8.7,6.0,13.8,8.0,0.7,0.4,0.4,0.0,16.5,38.9,16.4,14.0,27.6,10.0,0.5,0.5,0.4,-7.2,4.5,31.6,12.2,14.0,26.5,10.0,0.5,0.5,0.4,-13.5,21.6,55.7,22.9,6.0,33.8,8.0,0.7,0.4,0.4,-22.7,-10.6,30.6,0.7,6.0,31.1,8.0,0.7,0.4,0.4,-10.8,-2.8,10.0,-1.2,6.0,12.5,8.0,0.7,0.4,0.4,-12.3,-5.0,-1.8,-7.5,6.0,7.5,8.0,0.7,0.4,0.4,663.0,873.0,4007.0,2289.0,14.0,3107.5,10.0,0.5,0.5,0.4,665.0,875.0,4005.0,2290.0,14.0,3105.0,10.0,0.5,0.5,0.4
1974,2,293.0,43.0,4.34,4.4,5.6,4.67,10.0,0.81,22.0,0.9,0.5,0.6,-5.46,-1.3,4.04,-1.22,17.0,4.63,16.0,0.6,0.6,0.5,2.43,3.17,5.03,3.65,8.0,1.4,22.0,0.9,0.4,0.7,67.6,73.6,92.9,78.3,8.0,12.8,22.0,0.9,0.7,5.69,9.3,12.9,9.46,17.0,4.03,16.0,0.6,0.6,0.5,-1.56,4.65,9.36,5.05,17.0,5.67,16.0,0.6,0.6,0.5,-7.3,-4.42,7.54,-0.93,17.0,7.16,16.0,0.6,0.6,0.5,1006.13,1012.1,1022.31,1012.68,17.0,10.95,16.0,0.6,0.6,0.5,1.5,6.0,8.0,4.9,17.0,2.8,16.0,0.6,0.6,0.5,-9.7,43.2,108.3,64.3,17.0,93.7,16.0,0.6,0.6,0.5,-86.5,-22.5,65.9,-2.2,17.0,88.4,16.0,0.6,0.6,0.5,-0.37,2.8,6.77,3.14,10.0,3.42,22.0,0.9,0.5,0.6,-2.4,26.9,42.0,24.4,10.0,28.4,22.0,0.9,0.5,0.6,0.19,2.29,2.76,1.7,8.0,1.39,22.0,0.9,0.4,0.7,2.1,14.8,24.2,15.4,8.0,15.3,22.0,0.9,0.4,0.7,-37.2,2.8,22.1,-0.9,17.0,35.8,16.0,0.6,0.6,0.5,2.7,29.5,44.2,25.9,17.0,23.5,16.0,0.6,0.6,0.5,-1.2,23.0,31.7,21.3,8.0,22.0,22.0,0.9,0.4,0.7,-12.7,26.0,41.2,19.8,8.0,27.4,22.0,0.9,0.4,0.7,-2.9,2.3,20.5,8.2,8.0,15.4,22.0,0.9,0.4,0.7,-11.5,-0.5,15.5,1.2,8.0,13.8,22.0,0.9,0.4,0.7,189.5,804.5,2146.5,1348.0,17.0,2037.5,16.0,0.6,0.6,0.5,190.0,805.0,2145.0,1350.0,17.0,2035.0,16.0,0.6,0.6,0.5
1974,2,293.0,44.0,3.3,3.8,4.3,3.82,49.0,0.59,16.0,0.6,1.0,0.9,-8.0,-3.6,2.0,-3.38,135.0,4.99,14.0,0.7,0.7,0.6,1.5,2.35,3.29,2.6,44.0,1.38,16.0,0.6,1.0,0.9,58.4,74.2,94.2,75.4,44.0,17.2,16.0,0.6,0.9,5.1,9.8,13.95,9.55,139.0,4.54,14.0,0.7,0.7,0.6,-2.1,3.28,7.91,2.43,139.0,6.26,14.0,0.7,0.7,0.6,-9.28,-4.1,5.9,-3.03,139.0,7.62,14.0,0.7,0.7,0.6,1002.8,1014.0,1020.0,1011.52,93.0,9.56,14.0,0.6,0.7,0.8,3.0,6.0,8.0,5.4,117.0,2.4,14.0,0.8,0.7,0.6,-4.4,16.7,83.8,25.1,139.0,89.6,14.0,0.7,0.7,0.6,-107.3,-24.9,46.0,-36.3,139.0,112.8,14.0,0.7,0.7,0.6,1.49,6.7,10.91,6.68,49.0,4.94,16.0,0.6,1.0,0.9,15.5,54.1,120.2,67.2,49.0,62.9,16.0,0.6,1.0,0.9,1.51,2.59,3.45,2.38,44.0,1.31,16.0,0.6,1.0,0.9,9.1,21.2,35.3,22.4,44.0,17.7,16.0,0.6,1.0,0.9,-43.6,0.0,15.7,-11.3,135.0,39.2,14.0,0.7,0.7,0.6,0.0,23.4,62.0,33.0,135.0,40.1,14.0,0.7,0.7,0.6,-9.5,7.4,21.8,5.7,44.0,19.0,16.0,0.6,1.0,0.9,-23.7,-4.5,16.1,-2.9,44.0,29.7,16.0,0.6,1.0,0.9,-7.1,5.9,26.7,8.4,44.0,16.6,16.0,0.6,1.0,0.9,-25.8,-8.6,7.9,-10.2,44.0,19.3,16.0,0.6,1.0,0.9,132.5,941.0,2715.5,1506.0,139.0,2018.0,14.0,0.7,0.7,0.6,135.0,940.0,2715.0,1505.0,139.0,2020.0,14.0,0.7,0.7,0.6
1974,2,293.0,45.0,2.0,2.0,2.0,2.0,1.0,0.0,24.0,1.0,0.8,0.0,-3.46,-1.0,-0.63,-2.0,5.0,2.35,16.0,0.8,0.6,0.0,2.76,2.76,2.76,2.76,1.0,0.0,24.0,1.0,0.8,0.0,73.3,73.3,73.3,73.3,1.0,0.0,24.0,1.0,0.0,9.15,9.8,10.3,9.36,7.0,1.46,16.0,0.6,0.6,0.0,-4.74,3.52,7.95,2.38,7.0,5.94,16.0,0.6,0.6,0.0,-9.23,-7.89,-4.6,-6.83,7.0,2.83,16.0,0.6,0.6,0.0,1006.59,1016.0,1022.41,1015.0,6.0,7.72,16.0,0.5,0.6,0.0,1.0,5.0,8.0,4.6,7.0,3.5,16.0,0.6,0.6,0.0,-44.4,32.8,81.5,21.3,7.0,58.1,16.0,0.6,0.6,0.0,-90.7,-74.9,-28.8,-65.5,7.0,31.6,16.0,0.6,0.6,0.0,2.0,2.0,2.0,2.0,1.0,0.0,24.0,1.0,0.8,0.0,18.6,18.6,18.6,18.6,1.0,0.0,24.0,1.0,0.8,0.0,1.59,1.59,1.59,1.59,1.0,0.0,24.0,1.0,0.8,0.0,14.8,14.8,14.8,14.8,1.0,0.0,24.0,1.0,0.8,0.0,-7.4,0.0,14.4,3.9,5.0,14.6,16.0,0.8,0.6,0.0,4.2,7.9,29.9,16.4,5.0,19.1,16.0,0.8,0.6,0.0,25.3,25.3,25.3,25.3,1.0,0.0,24.0,1.0,0.8,0.0,-4.5,-4.5,-4.5,-4.5,1.0,0.0,24.0,1.0,0.8,0.0,14.6,14.6,14.6,14.6,1.0,0.0,24.0,1.0,0.8,0.0,-2.6,-2.6,-2.6,-2.6,1.0,0.0,24.0,1.0,0.8,0.0,777.5,941.0,1092.5,866.5,7.0,306.0,16.0,0.6,0.6,0.0,775.0,940.0,1095.0,865.0,7.0,305.0,16.0,0.6,0.6,0.0
1974,2,293.0,48.0,-1.5,-1.5,-1.5,-1.5,1.0,0.0,8.0,1.0,1.0,0.0,-10.2,-10.2,-10.2,-10.2,1.0,0.0,8.0,1.0,1.0,0.0,1.41,1.41,1.41,1.41,1.0,0.0,8.0,1.0,1.0,0.0,81.2,81.2,81.2,81.2,1.0,0.0,8.0,1.0,0.0,11.3,11.3,11.3,11.3,1.0,0.0,8.0,1.0,1.0,0.0,10.62,10.62,10.62,10.62,1.0,0.0,8.0,1.0,1.0,0.0,-3.86,-3.86,-3.86,-3.86,1.0,0.0,8.0,1.0,1.0,0.0,1014.6,1014.6,1014.6,1014.6,1.0,0.0,8.0,1.0,1.0,0.0,1.0,1.0,1.0,1.0,1.0,0.0,8.0,1.0,1.0,0.0,120.0,120.0,120.0,120.0,1.0,0.0,8.0,1.0,1.0,0.0,-43.7,-43.7,-43.7,-43.7,1.0,0.0,8.0,1.0,1.0,0.0,8.7,8.7,8.7,8.7,1.0,0.0,8.0,1.0,1.0,0.0,98.3,98.3,98.3,98.3,1.0,0.0,8.0,1.0,1.0,0.0,1.97,1.97,1.97,1.97,1.0,0.0,8.0,1.0,1.0,0.0,22.2,22.2,22.2,22.2,1.0,0.0,8.0,1.0,1.0,0.0,-108.3,-108.3,-108.3,-108.3,1.0,0.0,8.0,1.0,1.0,0.0,39.4,39.4,39.4,39.4,1.0,0.0,8.0,1.0,1.0,0.0,15.0,15.0,15.0,15.0,1.0,0.0,8.0,1.0,1.0,0.0,-5.5,-5.5,-5.5,-5.5,1.0,0.0,8.0,1.0,1.0,0.0,20.9,20.9,20.9,20.9,1.0,0.0,8.0,1.0,1.0,0.0,-7.6,-7.6,-7.6,-7.6,1.0,0.0,8.0,1.0,1.0,0.0,1443.0,1443.0,1443.0,1443.0,1.0,0.0,8.0,1.0,1.0,0.0,1445.0,1445.0,1445.0,1445.0,1.0,0.0,8.0,1.0,1.0,0.0
1974,2,293.0,49.0,-0.87,-0.8,-0.8,-0.83,3.0,0.06,10.0,1.0,0.3,0.8,-8.74,-5.8,-4.09,-6.4,3.0,3.44,10.0,1.0,0.3,0.8,1.25,1.38,1.93,1.59,3.0,0.53,10.0,1.0,0.3,0.8,59.7,67.9,72.0,65.9,3.0,9.1,10.0,1.0,0.8,4.1,4.1,8.33,6.17,3.0,3.58,10.0,1.0,0.3,0.8,-3.75,-3.52,1.03,-1.41,3.0,3.95,10.0,1.0,0.3,0.8,-7.05,-1.4,1.35,-2.82,3.0,6.28,10.0,1.0,0.3,0.8,1007.76,1010.7,1013.91,1010.83,3.0,4.5,10.0,1.0,0.3,0.8,2.6,6.0,6.7,4.7,3.0,3.2,10.0,1.0,0.3,0.8,-29.8,-15.8,3.8,-13.1,3.0,24.7,10.0,1.0,0.3,0.8,-69.9,-5.7,5.6,-31.5,3.0,59.6,10.0,1.0,0.3,0.8,3.26,4.9,7.9,5.57,3.0,3.45,10.0,1.0,0.3,0.8,13.4,20.1,71.8,42.0,3.0,46.8,10.0,1.0,0.3,0.8,1.64,2.18,2.31,1.98,3.0,0.52,10.0,1.0,0.3,0.8,6.7,8.9,19.5,13.0,3.0,10.0,10.0,1.0,0.3,0.8,-8.4,12.7,28.3,10.0,3.0,27.0,10.0,1.0,0.3,0.8,-9.0,4.6,68.2,29.0,3.0,60.3,10.0,1.0,0.3,0.8,-7.1,-4.2,1.6,-2.8,3.0,6.5,10.0,1.0,0.3,0.8,-8.8,-3.1,1.5,-3.7,3.0,7.6,10.0,1.0,0.3,0.8,-7.4,-5.3,3.0,-2.3,3.0,8.0,10.0,1.0,0.3,0.8,-16.2,-1.9,3.3,-6.4,3.0,14.8,10.0,1.0,0.3,0.8,69.0,69.0,768.0,410.0,3.0,591.0,10.0,1.0,0.3,0.8,70.0,70.0,770.0,410.0,3.0,590.0,10.0,1.0,0.3,0.8
1974,2,293.0,50.0,-1.16,-0.95,-0.85,-1.0,4.0,0.22,12.0,1.0,0.7,0.1,-8.66,-8.25,-6.95,-7.82,4.0,1.33,12.0,1.0,0.7,0.1,1.14,1.25,1.31,1.23,4.0,0.11,12.0,1.0,0.7,0.1,54.5,58.2,62.1,58.3,4.0,4.8,12.0,1.0,0.1,6.34,9.0,11.92,9.13,4.0,3.55,12.0,1.0,0.7,0.1,-0.28,5.51,11.85,5.77,4.0,7.11,12.0,1.0,0.7,0.1,-6.36,-3.41,-0.85,-3.6,4.0,3.37,12.0,1.0,0.7,0.1,1006.57,1010.3,1012.57,1009.6,4.0,3.7,12.0,1.0,0.7,0.1,0.0,0.5,2.0,1.0,4.0,1.4,12.0,1.0,0.7,0.1,-3.2,54.5,143.8,69.6,4.0,89.3,12.0,1.0,0.7,0.1,-42.8,-22.0,-8.8,-25.6,4.0,24.4,12.0,1.0,0.7,0.1,5.86,7.1,7.77,6.83,4.0,1.33,12.0,1.0,0.7,0.1,44.3,56.9,77.4,60.7,4.0,22.7,12.0,1.0,0.7,0.1,2.2,2.29,2.4,2.3,4.0,0.14,12.0,1.0,0.7,0.1,15.3,21.2,26.1,20.7,4.0,7.1,12.0,1.0,0.7,0.1,-85.4,-33.6,2.7,-41.0,4.0,54.3,12.0,1.0,0.7,0.1,5.0,26.4,55.4,30.1,4.0,30.7,12.0,1.0,0.7,0.1,-0.3,7.1,15.5,7.6,4.0,9.3,12.0,1.0,0.7,0.1,-7.2,-4.2,-1.1,-4.2,4.0,3.7,12.0,1.0,0.7,0.1,-0.8,12.5,25.9,12.6,4.0,15.6,12.0,1.0,0.7,0.1,-15.4,-7.8,-1.9,-8.6,4.0,8.3,12.0,1.0,0.7,0.1,287.0,774.5,1781.0,1022.0,4.0,1005.0,12.0,1.0,0.7,0.1,285.0,775.0,1780.0,1020.0,4.0,1005.0,12.0,1.0,0.7,0.1
1974,2,294.0,-67.0,-0.26,0.0,0.1,-0.07,4.0,0.3,24.0,0.8,0.2,1.0,0.0,0.0,0.5,0.2,5.0,0.27,24.0,0.6,0.2,1.0,3.3,3.62,3.71,3.51,4.0,0.32,24.0,0.8,0.2,1.0,82.4,91.3,92.3,87.5,4.0,8.7,24.0,0.8,1.0,3.55,6.7,9.38,6.68,5.0,3.74,24.0,0.6,0.2,1.0,-7.19,-2.64,-1.06,-3.93,5.0,3.75,24.0,0.6,0.2,1.0,-7.14,-4.95,-2.72,-4.94,5.0,2.44,24.0,0.6,0.2,1.0,970.48,971.25,971.81,971.15,4.0,0.83,24.0,0.8,0.2,1.0,4.0,7.0,7.4,6.0,5.0,1.9,24.0,0.6,0.2,1.0,-71.2,-10.8,-2.8,-35.3,5.0,48.5,24.0,0.6,0.2,1.0,-64.0,-38.1,-10.1,-39.7,5.0,36.2,24.0,0.6,0.2,1.0,-0.5,-0.4,-0.14,-0.32,4.0,0.24,24.0,0.8,0.2,1.0,-4.2,-1.4,-0.4,-2.2,4.0,2.7,24.0,0.8,0.2,1.0,0.19,0.31,0.64,0.41,4.0,0.34,24.0,0.8,0.2,1.0,0.6,1.5,6.9,3.7,4.0,5.0,24.0,0.8,0.2,1.0,-2.3,0.0,0.0,-1.1,5.0,2.0,24.0,0.6,0.2,1.0,-2.1,0.0,0.0,-1.0,5.0,1.7,24.0,0.6,0.2,1.0,-19.6,-8.0,-3.0,-11.2,4.0,12.4,24.0,0.8,0.2,1.0,-24.0,-17.7,-9.4,-16.8,4.0,8.6,24.0,0.8,0.2,1.0,-4.6,-0.4,-0.2,-2.3,4.0,4.1,24.0,0.8,0.2,1.0,-4.9,-1.4,-0.5,-2.6,4.0,3.1,24.0,0.8,0.2,1.0,50.0,301.0,969.5,541.0,5.0,759.0,24.0,0.6,0.2,1.0,50.0,300.0,970.0,540.0,5.0,760.0,24.0,0.6,0.2,1.0
1974,2,294.0,-66.0,0.4,1.25,2.1,1.25,2.0,1.77,24.0,0.5,0.7,0.6,-0.3,1.2,1.75,0.73,3.0,1.55,22.0,0.7,0.8,0.7,3.76,3.95,4.14,3.95,2.0,0.4,22.0,1.0,1.0,0.6,100.0,100.0,100.0,100.0,2.0,0.0,22.0,1.0,0.6,7.53,9.3,12.44,9.97,3.0,3.65,22.0,0.7,0.8,0.7,-8.36,-7.12,-5.76,-7.06,3.0,1.9,22.0,0.7,0.8,0.7,-9.17,-5.98,-4.84,-6.98,3.0,3.29,22.0,0.7,0.8,0.7,975.67,986.8,991.71,983.77,3.0,12.04,22.0,0.7,0.8,0.7,8.0,8.0,8.0,8.0,3.0,0.0,22.0,0.7,0.8,0.7,-105.8,-66.3,-44.5,-74.9,3.0,45.5,22.0,0.7,0.8,0.7,-118.7,-55.6,-37.3,-77.5,3.0,62.5,22.0,0.7,0.8,0.7,0.58,0.75,0.92,0.75,2.0,0.35,24.0,0.5,0.7,0.6,4.3,6.3,8.4,6.3,2.0,4.2,24.0,0.5,0.7,0.6,0.28,0.28,0.28,0.28,1.0,0.0,26.0,1.0,1.0,0.3,2.6,2.6,2.6,2.6,1.0,0.0,26.0,1.0,1.0,0.3,-10.6,-10.3,1.6,-4.6,3.0,10.2,22.0,0.7,0.8,0.7,-11.5,-8.6,1.3,-5.1,3.0,9.8,22.0,0.7,0.8,0.7,-35.9,-32.0,-28.0,-32.0,2.0,8.3,22.0,1.0,1.0,0.6,-41.4,-33.5,-25.6,-33.5,2.0,16.4,22.0,1.0,1.0,0.6,-2.0,-2.0,-2.0,-2.0,1.0,0.0,26.0,1.0,1.0,0.3,-1.7,-1.7,-1.7,-1.7,1.0,0.0,26.0,1.0,1.0,0.3,460.5,804.5,2088.5,1263.5,3.0,1257.0,22.0,0.7,0.8,0.7,460.0,805.0,2090.0,1265.0,3.0,1255.0,22.0,0.7,0.8,0.7
1974,2,294.0,-65.0,2.06,2.2,2.61,2.33,3.0,0.42,26.0,0.3,0.5,0.9,2.36,2.7,2.9,2.63,3.0,0.4,26.0,0.3,0.5,0.9,4.13,4.17,4.21,4.17,2.0,0.08,26.0,0.0,0.7,0.9,88.0,89.5,91.1,89.5,2.0,3.2,26.0,0.0,0.9,4.19,4.6,8.29,6.2,3.0,3.3,26.0,0.3,0.5,0.9,-0.55,2.0,3.35,1.42,3.0,2.9,26.0,0.3,0.5,0.9,-7.82,-3.46,-2.67,-5.2,3.0,4.06,26.0,0.3,0.5,0.9,972.13,973.9,982.36,977.17,3.0,8.02,26.0,0.3,0.5,0.9,6.3,7.0,7.7,7.0,3.0,1.0,26.0,0.3,0.5,0.9,-9.3,8.0,15.0,3.0,3.0,18.4,26.0,0.3,0.5,0.9,-71.6,-13.9,-11.6,-41.0,3.0,49.8,26.0,0.3,0.5,0.9,-0.84,-0.5,0.25,-0.3,3.0,0.82,26.0,0.3,0.5,0.9,-4.7,-4.0,0.6,-2.1,3.0,4.2,26.0,0.3,0.5,0.9,0.46,0.51,0.56,0.51,2.0,0.1,26.0,0.0,0.7,0.9,2.9,3.5,4.1,3.5,2.0,1.2,26.0,0.0,0.7,0.9,-1.3,6.0,7.9,3.4,3.0,7.1,26.0,0.3,0.5,0.9,-21.4,-10.4,-6.8,-14.0,3.0,11.2,26.0,0.3,0.5,0.9,-3.3,4.8,13.0,4.8,2.0,17.0,26.0,0.0,0.7,0.9,-35.6,-25.1,-14.6,-25.1,2.0,21.8,26.0,0.0,0.7,0.9,-0.3,0.8,1.8,0.8,2.0,2.2,26.0,0.0,0.7,0.9,-3.8,-2.8,-1.8,-2.8,2.0,2.1,26.0,0.0,0.7,0.9,74.5,97.5,713.5,387.0,3.0,531.0,26.0,0.3,0.5,0.9,75.0,95.0,715.0,385.0,3.0,530.0,26.0,0.3,0.5,0.9
1974,2,294.0,-64.0,2.78,3.0,3.0,2.86,7.0,0.22,20.0,0.4,0.8,0.4,2.66,2.95,3.04,2.88,6.0,0.25,20.0,0.5,0.8,0.3,4.25,4.37,4.58,4.41,5.0,0.19,18.0,0.6,0.7,0.3,89.7,91.2,95.2,92.0,5.0,3.3,18.0,0.6,0.3,4.0,6.0,11.14,7.71,7.0,3.77,20.0,0.4,0.8,0.4,1.03,5.91,10.89,6.22,7.0,4.59,20.0,0.4,0.8,0.4,-5.96,-1.04,0.09,-2.38,7.0,3.29,20.0,0.4,0.8,0.4,984.57,987.15,991.23,986.93,6.0,5.01,20.0,0.5,0.8,0.3,7.6,8.0,8.0,6.9,7.0,3.0,20.0,0.4,0.8,0.4,6.1,35.5,121.6,61.4,7.0,64.2,20.0,0.4,0.8,0.4,-38.4,-6.3,1.0,-19.6,7.0,38.5,20.0,0.4,0.8,0.4,-0.22,-0.2,0.18,-0.05,6.0,0.3,20.0,0.5,0.8,0.3,-2.1,-1.0,1.9,0.1,6.0,3.6,20.0,0.5,0.8,0.3,0.23,0.32,0.42,0.33,5.0,0.14,18.0,0.6,0.7,0.3,1.3,2.1,4.0,2.6,5.0,1.6,18.0,0.6,0.7,0.3,2.9,22.4,29.5,18.3,6.0,12.9,20.0,0.5,0.8,0.3,-17.2,-7.9,1.1,-7.5,6.0,9.5,20.0,0.5,0.8,0.3,4.2,25.8,40.8,23.6,5.0,19.3,18.0,0.6,0.7,0.3,-21.4,-4.5,3.0,-8.3,5.0,14.1,18.0,0.6,0.7,0.3,0.2,2.1,4.0,2.2,5.0,2.0,18.0,0.6,0.7,0.3,-1.0,-0.4,0.2,-0.4,5.0,0.8,18.0,0.6,0.7,0.3,64.0,216.0,1398.5,766.5,7.0,985.0,20.0,0.4,0.8,0.4,65.0,215.0,1400.0,765.0,7.0,985.0,20.0,0.4,0.8,0.4
1974,2,294.0,-63.0,3.0,3.0,3.0,3.0,1.0,0.0,20.0,1.0,0.5,0.1,3.4,3.4,3.4,3.4,1.0,0.0,20.0,1.0,0.5,0.1,4.69,4.69,4.69,4.69,1.0,0.0,20.0,1.0,0.5,0.1,95.2,95.2,95.2,95.2,1.0,0.0,20.0,1.0,0.1,4.0,4.0,4.0,4.0,1.0,0.0,20.0,1.0,0.5,0.1,3.76,3.76,3.76,3.76,1.0,0.0,20.0,1.0,0.5,0.1,-1.37,-1.37,-1.37,-1.37,1.0,0.0,20.0,1.0,0.5,0.1,990.2,990.2,990.2,990.2,1.0,0.0,20.0,1.0,0.5,0.1,8.0,8.0,8.0,8.0,1.0,0.0,20.0,1.0,0.5,0.1,15.0,15.0,15.0,15.0,1.0,0.0,20.0,1.0,0.5,0.1,-5.5,-5.5,-5.5,-5.5,1.0,0.0,20.0,1.0,0.5,0.1,-0.4,-0.4,-0.4,-0.4,1.0,0.0,20.0,1.0,0.5,0.1,-1.6,-1.6,-1.6,-1.6,1.0,0.0,20.0,1.0,0.5,0.1,0.1,0.1,0.1,0.1,1.0,0.0,20.0,1.0,0.5,0.1,0.4,0.4,0.4,0.4,1.0,0.0,20.0,1.0,0.5,0.1,12.8,12.8,12.8,12.8,1.0,0.0,20.0,1.0,0.5,0.1,-4.7,-4.7,-4.7,-4.7,1.0,0.0,20.0,1.0,0.5,0.1,17.6,17.6,17.6,17.6,1.0,0.0,20.0,1.0,0.5,0.1,-6.4,-6.4,-6.4,-6.4,1.0,0.0,20.0,1.0,0.5,0.1,0.4,0.4,0.4,0.4,1.0,0.0,20.0,1.0,0.5,0.1,-0.1,-0.1,-0.1,-0.1,1.0,0.0,20.0,1.0,0.5,0.1,64.0,64.0,64.0,64.0,1.0,0.0,20.0,1.0,0.5,0.1,65.0,65.0,65.0,65.0,1.0,0.0,20.0,1.0,0.5,0.1
1974,2,294.0,-60.0,,,,,,,,,,,,,,,,,,,,,,,,,,,,,,,,,,,,,,,,12.0,12.0,12.0,12.0,1.0,0.0,6.0,1.0,0.7,0.2,4.1,4.1,4.1,4.1,1.0,0.0,6.0,1.0,0.7,0.2,11.28,11.28,11.28,11.28,1.0,0.0,6.0,1.0,0.7,0.2,975.4,975.4,975.4,975.4,1.0,0.0,6.0,1.0,0.7,0.2,,,,,,,,,,,,,,,,,,,,,,,,,,,,,,,,,,,,,,,,,,,,,,,,,,,,,,,,,,,,,,,,,,,,,,,,,,,,,,,,,,,,,,,,,,,,,,,,,,,,,,,,,,,,,,,,,,,,,,,,,,,,,,,,,,,,,,,,,,,,,,,,,,,,,,
1974,2,294.0,-59.0,,,,,,,,,,,,,,,,,,,,,,,,,,,,,,,,,,,,,,,,7.54,9.35,11.16,9.35,2.0,3.75,14.0,1.0,1.0,0.7,3.72,6.78,9.85,6.78,2.0,6.35,14.0,1.0,1.0,0.7,-2.45,1.1,4.65,1.1,2.0,7.35,14.0,1.0,1.0,0.7,986.5,986.5,986.5,986.5,1.0,0.0,20.0,1.0,0.9,0.8,4.6,6.0,7.4,6.0,2.0,2.8,14.0,1.0,1.0,0.7,34.4,75.3,116.3,75.3,2.0,84.8,14.0,1.0,1.0,0.7,-34.7,-3.5,27.7,-3.5,2.0,64.7,14.0,1.0,1.0,0.7,,,,,,,,,,,,,,,,,,,,,,,,,,,,,,,,,,,,,,,,,,,,,,,,,,,,,,,,,,,,,,,,,,,,,,,,,,,,,,,,,,,,,,,,,,,,,,,,,,,,,,,,,,,,,,,,,,,,,,,,
1974,2,294.0,-58.0,,,,,,,,,,,,,,,,,,,,,,,,,,,,,,,,,,,,,,,,,,,,,,,,,,,,,,,,,,,,,,,,,,,,,,,,,,,,,,,,8.0,8.0,8.0,8.0,1.0,0.0,10.0,1.0,0.1,0.4,16.7,16.7,16.7,16.7,1.0,0.0,10.0,1.0,0.1,0.4,19.9,19.9,19.9,19.9,1.0,0.0,10.0,1.0,0.1,0.4,,,,,,,,,,,,,,,,,,,,,,,,,,,,,,,,,,,,,,,,,,,,,,,,,,,,,,,,,,,,,,,,,,,,,,,,,,,,,,,,,,,,,,,,,,,,,,,,,,,,,,,,,,,,,,,,,,,,,,,,
1974,2,294.0,-57.0,,,,,,,,,,,,,,,,,,,,,,,,,,,,,,,,,,,,,,,,8.0,8.0,8.0,8.0,1.0,0.0,6.0,1.0,0.3,0.4,6.13,6.13,6.13,6.13,1.0,0.0,6.0,1.0,0.3,0.4,5.14,5.14,5.14,5.14,1.0,0.0,6.0,1.0,0.3,0.4,993.5,993.5,993.5,993.5,1.0,0.0,6.0,1.0,0.3,0.4,,,,,,,,,,,,,,,,,,,,,,,,,,,,,,,,,,,,,,,,,,,,,,,,,,,,,,,,,,,,,,,,,,,,,,,,,,,,,,,,,,,,,,,,,,,,,,,,,,,,,,,,,,,,,,,,,,,,,,,,,,,,,,,,,,,,,,,,,,,,,,,,,,,,,,
1974,2,294.0,-56.0,7.5,7.5,7.5,7.5,1.0,0.0,2.0,1.0,0.7,0.6,8.8,8.8,8.8,8.8,1.0,0.0,2.0,1.0,0.7,0.6,6.46,6.46,6.46,6.46,1.0,0.0,2.0,1.0,0.7,0.6,90.3,90.3,90.3,90.3,1.0,0.0,2.0,1.0,0.6,12.3,12.3,12.3,12.3,1.0,0.0,2.0,1.0,0.7,0.6,4.21,4.21,4.21,4.21,1.0,0.0,2.0,1.0,0.7,0.6,-11.56,-11.56,-11.56,-11.56,1.0,0.0,2.0,1.0,0.7,0.6,992.4,992.4,992.4,992.4,1.0,0.0,2.0,1.0,0.7,0.6,7.0,7.0,7.0,7.0,1.0,0.0,2.0,1.0,0.7,0.6,51.7,51.7,51.7,51.7,1.0,0.0,2.0,1.0,0.7,0.6,-142.2,-142.2,-142.2,-142.2,1.0,0.0,2.0,1.0,0.7,0.6,-1.3,-1.3,-1.3,-1.3,1.0,0.0,2.0,1.0,0.7,0.6,-16.0,-16.0,-16.0,-16.0,1.0,0.0,2.0,1.0,0.7,0.6,0.09,0.09,0.09,0.09,1.0,0.0,2.0,1.0,0.7,0.6,1.1,1.1,1.1,1.1,1.0,0.0,2.0,1.0,0.7,0.6,37.0,37.0,37.0,37.0,1.0,0.0,2.0,1.0,0.7,0.6,-101.7,-101.7,-101.7,-101.7,1.0,0.0,2.0,1.0,0.7,0.6,27.2,27.2,27.2,27.2,1.0,0.0,2.0,1.0,0.7,0.6,-74.7,-74.7,-74.7,-74.7,1.0,0.0,2.0,1.0,0.7,0.6,0.4,0.4,0.4,0.4,1.0,0.0,2.0,1.0,0.7,0.6,-1.0,-1.0,-1.0,-1.0,1.0,0.0,2.0,1.0,0.7,0.6,1861.0,1861.0,1861.0,1861.0,1.0,0.0,2.0,1.0,0.7,0.6,1860.0,1860.0,1860.0,1860.0,1.0,0.0,2.0,1.0,0.7,0.6
1974,2,294.0,-54.0,,,,,,,,,,,,,,,,,,,,,,,,,,,,,,,,,,,,,,,,3.1,3.1,3.1,3.1,1.0,0.0,28.0,0.0,0.3,0.6,1.99,1.99,1.99,1.99,1.0,0.0,28.0,0.0,0.3,0.6,2.37,2.37,2.37,2.37,1.0,0.0,28.0,0.0,0.3,0.6,996.05,996.15,996.25,996.15,2.0,0.21,28.0,0.0,0.6,0.8,2.8,4.5,6.2,4.5,2.0,3.5,28.0,0.0,0.6,0.8,6.2,6.2,6.2,6.2,1.0,0.0,28.0,0.0,0.3,0.6,7.4,7.4,7.4,7.4,1.0,0.0,28.0,0.0,0.3,0.6,,,,,,,,,,,,,,,,,,,,,,,,,,,,,,,,,,,,,,,,,22.9,22.9,22.9,22.9,1.0,0.0,28.0,0.0,0.3,0.6,27.3,27.3,27.3,27.3,1.0,0.0,28.0,0.0,0.3,0.6,13.3,13.3,13.3,13.3,1.0,0.0,28.0,0.0,0.3,0.6,15.8,15.8,15.8,15.8,1.0,0.0,28.0,0.0,0.3,0.6,,,,,,,,,,,,,,,,,,,,,,,,,,,,,,,,,,,,,,,,
1974,2,294.0,-53.0,,,,,,,,,,,,,,,,,,,,,,,,,,,,,,,,,,,,,,,,1.49,2.55,3.61,2.55,2.0,2.19,28.0,1.0,0.5,0.7,-0.09,1.59,3.26,1.59,2.0,3.47,28.0,1.0,0.5,0.7,-0.31,0.11,0.52,0.11,2.0,0.86,28.0,1.0,0.5,0.7,1007.91,1008.15,1008.39,1008.15,2.0,0.5,28.0,1.0,0.5,0.7,1.8,3.5,5.2,3.5,2.0,3.5,28.0,1.0,0.5,0.7,1.9,7.8,13.8,7.8,2.0,12.3,28.0,1.0,0.5,0.7,0.0,1.2,2.4,1.2,2.0,2.4,28.0,1.0,0.5,0.7,,,,,,,,,,,,,,,,,,,,,,,,,,,,,,,,,,,,,,,,,-1.5,19.6,40.7,19.6,2.0,43.6,28.0,1.0,0.5,0.7,-4.1,1.2,6.5,1.2,2.0,10.9,28.0,1.0,0.5,0.7,-0.4,10.5,21.5,10.5,2.0,22.7,28.0,1.0,0.5,0.7,-1.9,0.8,3.4,0.8,2.0,5.6,28.0,1.0,0.5,0.7,,,,,,,,,,,,,,,,,,,,,,,,,,,,,,,,,,,,,,,,
1974,2,294.0,-52.0,,,,,,,,,,,,,,,,,,,,,,,,,,,,,,,,,,,,,,,,,,,,,,,,,,,,,,,,,,,,,,,,,,,,,,,,,,,,,,,,2.0,2.0,2.0,2.0,1.0,0.0,22.0,1.0,0.9,1.0,63.2,63.2,63.2,63.2,1.0,0.0,22.0,1.0,0.9,1.0,-23.0,-23.0,-23.0,-23.0,1.0,0.0,22.0,1.0,0.9,1.0,,,,,,,,,,,,,,,,,,,,,,,,,,,,,,,,,,,,,,,,,,,,,,,,,,,,,,,,,,,,,,,,,,,,,,,,,,,,,,,,,,,,,,,,,,,,,,,,,,,,,,,,,,,,,,,,,,,,,,,,
1974,2,294.0,-51.0,10.32,11.0,12.37,11.33,3.0,1.53,18.0,0.7,0.4,0.7,11.95,14.0,14.34,13.17,3.0,1.89,18.0,0.7,0.4,0.7,7.51,7.86,7.93,7.72,3.0,0.33,18.0,0.7,0.4,0.7,78.4,79.4,87.0,82.6,3.0,6.8,18.0,0.7,0.7,3.63,9.3,9.3,6.53,3.0,4.79,18.0,0.7,0.4,0.7,-3.84,0.77,2.41,-0.68,3.0,4.75,18.0,0.7,0.4,0.7,1.82,7.12,8.23,5.07,3.0,5.02,18.0,0.7,0.4,0.7,1013.52,1014.0,1014.0,1013.77,3.0,0.4,18.0,0.7,0.4,0.7,3.3,4.0,6.7,5.0,3.0,2.6,18.0,0.7,0.4,0.7,-37.7,0.8,20.4,-8.4,3.0,43.3,18.0,0.7,0.4,0.7,20.6,66.3,76.5,49.0,3.0,43.6,18.0,0.7,0.4,0.7,-3.39,-1.0,-0.32,-1.83,3.0,2.36,18.0,0.7,0.4,0.7,-28.9,-1.0,-0.3,-14.3,3.0,23.9,18.0,0.7,0.4,0.7,0.0,0.78,1.22,0.61,3.0,0.9,18.0,0.7,0.4,0.7,-1.9,1.4,5.4,1.8,3.0,5.3,18.0,0.7,0.4,0.7,-41.5,10.7,34.9,-3.0,3.0,57.2,18.0,0.7,0.4,0.7,18.7,78.4,111.4,65.4,3.0,68.8,18.0,0.7,0.4,0.7,-28.1,6.0,19.2,-4.2,3.0,35.7,18.0,0.7,0.4,0.7,13.2,52.3,64.1,39.0,3.0,39.1,18.0,0.7,0.4,0.7,-3.5,-1.2,0.4,-1.6,3.0,2.9,18.0,0.7,0.4,0.7,-2.5,-0.9,3.5,0.5,3.0,4.5,18.0,0.7,0.4,0.7,256.0,804.5,804.5,536.5,3.0,464.0,18.0,0.7,0.4,0.7,255.0,805.0,805.0,535.0,3.0,465.0,18.0,0.7,0.4,0.7
1974,2,294.0,-50.0,10.11,12.0,12.94,12.06,8.0,1.94,14.0,0.8,0.8,0.8,12.0,12.85,14.0,13.03,8.0,1.08,14.0,0.8,0.8,0.8,6.79,7.38,9.69,7.98,8.0,1.39,14.0,0.8,0.8,0.8,76.7,84.4,94.3,85.3,8.0,9.2,14.0,0.8,0.8,2.77,5.4,8.03,5.34,8.0,3.29,14.0,0.8,0.8,0.8,-2.98,0.0,1.49,0.2,8.0,3.13,14.0,0.8,0.8,0.8,-5.38,2.05,7.47,1.34,8.0,5.61,14.0,0.8,0.8,0.8,1004.77,1016.0,1021.07,1013.63,8.0,8.2,14.0,0.8,0.8,0.8,6.0,6.5,8.0,6.4,8.0,2.0,14.0,0.8,0.8,0.8,-20.0,0.0,3.9,3.5,8.0,28.2,14.0,0.8,0.8,0.8,-35.1,8.4,61.6,12.4,8.0,43.9,14.0,0.8,0.8,0.8,-2.0,-1.5,-0.13,-0.96,8.0,1.55,14.0,0.8,0.8,0.8,-12.1,-9.1,-0.6,-6.5,8.0,8.3,14.0,0.8,0.8,0.8,-0.41,0.65,1.5,0.81,8.0,1.59,14.0,0.8,0.8,0.8,-2.7,1.7,7.5,2.9,8.0,7.3,14.0,0.8,0.8,0.8,-41.7,0.0,20.8,1.1,8.0,40.7,14.0,0.8,0.8,0.8,-75.3,24.6,91.7,13.2,8.0,73.2,14.0,0.8,0.8,0.8,-29.2,0.0,13.1,-0.1,8.0,26.7,14.0,0.8,0.8,0.8,-52.5,13.8,51.2,4.8,8.0,46.2,14.0,0.8,0.8,0.8,0.0,0.0,3.0,0.9,8.0,1.5,14.0,0.8,0.8,0.8,0.6,3.6,7.6,5.1,8.0,5.5,14.0,0.8,0.8,0.8,23.5,185.0,523.5,300.0,8.0,372.0,14.0,0.8,0.8,0.8,25.0,185.0,525.0,300.0,8.0,370.0,14.0,0.8,0.8,0.8
1974,2,294.0,-48.0,10.0,10.0,10.68,10.3,5.0,0.45,12.0,0.6,0.6,0.6,13.0,13.5,14.18,13.6,5.0,0.65,12.0,0.6,0.6,0.6,6.69,7.82,9.13,7.91,4.0,1.58,14.0,0.5,0.6,0.5,71.2,84.1,95.0,83.1,4.0,15.2,14.0,0.5,0.5,2.02,2.6,4.1,2.88,5.0,1.29,12.0,0.6,0.6,0.6,-0.82,0.0,2.01,0.51,5.0,1.56,12.0,0.6,0.6,0.6,0.0,1.99,4.06,2.03,5.0,2.03,12.0,0.6,0.6,0.6,1011.93,1015.0,1017.46,1014.52,5.0,4.88,12.0,0.6,0.6,0.6,4.4,7.0,8.0,6.3,4.0,2.4,12.0,0.5,0.6,0.5,-1.7,0.0,5.2,1.4,5.0,4.0,12.0,0.6,0.6,0.6,0.0,5.2,16.6,7.7,5.0,8.5,12.0,0.6,0.6,0.6,-3.87,-3.5,-2.63,-3.3,5.0,0.91,12.0,0.6,0.6,0.6,-15.8,-9.1,-5.7,-10.3,5.0,6.3,12.0,0.6,0.6,0.6,-1.4,0.07,1.15,-0.12,4.0,1.56,14.0,0.5,0.6,0.5,-3.6,-0.5,3.5,-0.1,4.0,4.7,14.0,0.5,0.6,0.5,-11.3,0.0,27.2,6.8,5.0,20.8,12.0,0.6,0.6,0.6,0.0,27.9,56.5,28.4,5.0,28.5,12.0,0.6,0.6,0.6,-3.8,8.2,19.2,7.7,4.0,13.6,14.0,0.5,0.6,0.5,0.0,9.8,22.5,11.2,4.0,13.1,14.0,0.5,0.6,0.5,-2.6,-1.3,-0.4,-1.5,4.0,1.5,14.0,0.5,0.6,0.5,-2.1,0.0,3.1,0.5,4.0,4.1,14.0,0.5,0.6,0.5,11.5,17.5,69.0,35.0,5.0,32.0,12.0,0.6,0.6,0.6,10.0,20.0,70.0,35.0,5.0,30.0,12.0,0.6,0.6,0.6
1974,2,294.0,-47.0,10.0,10.0,10.0,10.0,1.0,0.0,12.0,0.0,0.7,0.3,13.0,13.0,13.0,13.0,1.0,0.0,12.0,0.0,0.7,0.3,8.28,8.28,8.28,8.28,1.0,0.0,12.0,0.0,0.7,0.3,89.4,89.4,89.4,89.4,1.0,0.0,12.0,0.0,0.3,2.6,2.6,2.6,2.6,1.0,0.0,12.0,0.0,0.7,0.3,-2.6,-2.6,-2.6,-2.6,1.0,0.0,12.0,0.0,0.7,0.3,0.0,0.0,0.0,0.0,1.0,0.0,12.0,0.0,0.7,0.3,1015.3,1015.3,1015.3,1015.3,1.0,0.0,12.0,0.0,0.7,0.3,8.0,8.0,8.0,8.0,1.0,0.0,12.0,0.0,0.7,0.3,-6.8,-6.8,-6.8,-6.8,1.0,0.0,12.0,0.0,0.7,0.3,0.0,0.0,0.0,0.0,1.0,0.0,12.0,0.0,0.7,0.3,-3.0,-3.0,-3.0,-3.0,1.0,0.0,12.0,0.0,0.7,0.3,-7.8,-7.8,-7.8,-7.8,1.0,0.0,12.0,0.0,0.7,0.3,-0.69,-0.69,-0.69,-0.69,1.0,0.0,12.0,0.0,0.7,0.3,-1.8,-1.8,-1.8,-1.8,1.0,0.0,12.0,0.0,0.7,0.3,-33.8,-33.8,-33.8,-33.8,1.0,0.0,12.0,0.0,0.7,0.3,0.0,0.0,0.0,0.0,1.0,0.0,12.0,0.0,0.7,0.3,-21.5,-21.5,-21.5,-21.5,1.0,0.0,12.0,0.0,0.7,0.3,0.0,0.0,0.0,0.0,1.0,0.0,12.0,0.0,0.7,0.3,1.8,1.8,1.8,1.8,1.0,0.0,12.0,0.0,0.7,0.3,0.0,0.0,0.0,0.0,1.0,0.0,12.0,0.0,0.7,0.3,17.5,17.5,17.5,17.5,1.0,0.0,12.0,0.0,0.7,0.3,20.0,20.0,20.0,20.0,1.0,0.0,12.0,0.0,0.7,0.3
1974,2,294.0,-46.0,12.0,14.0,16.0,14.0,5.0,2.0,14.0,0.8,0.4,0.7,12.27,13.0,15.83,14.0,5.0,3.0,14.0,0.8,0.4,0.7,5.41,7.96,8.84,7.27,5.0,2.2,14.0,0.8,0.4,0.7,55.2,66.9,93.3,73.0,5.0,21.0,14.0,0.8,0.7,2.6,6.7,10.4,6.7,5.0,4.23,14.0,0.8,0.4,0.7,-3.44,1.99,3.71,0.25,5.0,5.94,14.0,0.8,0.4,0.7,-2.89,1.67,4.46,0.95,5.0,6.13,14.0,0.8,0.4,0.7,1010.33,1017.6,1020.1,1015.06,5.0,8.19,14.0,0.8,0.4,0.7,3.0,8.0,8.0,6.0,5.0,2.7,14.0,0.8,0.4,0.7,-42.3,5.2,19.7,-12.1,5.0,60.8,14.0,0.8,0.4,0.7,-35.5,4.3,34.3,-0.4,5.0,65.1,14.0,0.8,0.4,0.7,-3.19,2.0,3.0,0.0,5.0,4.24,14.0,0.8,0.4,0.7,-18.8,7.8,25.8,2.2,5.0,30.1,14.0,0.8,0.4,0.7,0.67,1.36,5.32,2.68,5.0,2.53,14.0,0.8,0.4,0.7,3.9,15.0,27.8,17.1,5.0,18.0,14.0,0.8,0.4,0.7,-48.2,21.9,62.9,8.6,5.0,92.7,14.0,0.8,0.4,0.7,-40.4,18.4,57.9,10.1,5.0,82.4,14.0,0.8,0.4,0.7,-33.8,8.2,29.9,-2.9,5.0,54.1,14.0,0.8,0.4,0.7,-28.4,6.8,29.7,0.1,5.0,48.9,14.0,0.8,0.4,0.7,-4.7,0.8,7.7,1.0,5.0,9.0,14.0,0.8,0.4,0.7,-3.9,0.7,23.3,9.3,5.0,22.3,14.0,0.8,0.4,0.7,17.5,301.0,1190.0,600.0,5.0,774.5,14.0,0.8,0.4,0.7,20.0,300.0,1190.0,600.0,5.0,775.0,14.0,0.8,0.4,0.7
1974,2,294.0,-45.0,14.0,15.0,15.73,15.0,5.0,1.22,16.0,0.4,0.8,0.2,13.63,15.0,17.91,15.7,5.0,2.59,16.0,0.4,0.8,0.2,6.02,6.86,9.04,7.59,5.0,2.38,16.0,0.4,0.8,0.2,59.4,68.3,74.1,67.2,5.0,10.7,16.0,0.4,0.2,5.75,6.7,7.07,6.38,5.0,1.35,16.0,0.4,0.8,0.2,-4.32,0.0,4.75,0.23,5.0,4.88,16.0,0.4,0.8,0.2,-6.68,-4.31,-1.97,-4.27,5.0,2.44,16.0,0.4,0.8,0.2,1005.81,1014.0,1021.33,1013.56,5.0,8.84,16.0,0.4,0.8,0.2,0.0,1.0,4.8,2.4,5.0,3.4,16.0,0.4,0.8,0.2,-31.4,0.0,25.4,-1.2,5.0,31.9,16.0,0.4,0.8,0.2,-47.2,-28.9,-11.8,-29.2,5.0,19.2,16.0,0.4,0.8,0.2,-3.55,-1.0,2.37,-0.7,5.0,3.19,16.0,0.4,0.8,0.2,-25.7,-4.1,15.8,-4.8,5.0,22.0,16.0,0.4,0.8,0.2,1.09,4.2,4.68,3.01,5.0,2.48,16.0,0.4,0.8,0.2,8.7,18.1,30.5,18.3,5.0,15.7,16.0,0.4,0.8,0.2,-78.1,0.0,68.9,-3.9,5.0,79.6,16.0,0.4,0.8,0.2,-96.7,-84.0,-28.0,-67.5,5.0,39.3,16.0,0.4,0.8,0.2,-40.3,0.0,29.5,-4.8,5.0,40.7,16.0,0.4,0.8,0.2,-50.2,-42.0,-12.9,-33.2,5.0,20.0,16.0,0.4,0.8,0.2,-3.2,5.2,22.6,9.2,5.0,16.0,16.0,0.4,0.8,0.2,-20.0,-11.8,-2.3,-11.4,5.0,11.9,16.0,0.4,0.8,0.2,216.0,301.0,357.5,285.5,5.0,138.5,16.0,0.4,0.8,0.2,215.0,300.0,360.0,285.0,5.0,140.0,16.0,0.4,0.8,0.2
1974,2,294.0,11.0,24.89,25.6,26.52,25.52,13.0,1.18,12.0,0.3,0.6,0.5,24.67,25.2,26.31,25.41,13.0,0.89,12.0,0.3,0.6,0.5,15.14,16.57,17.6,16.24,9.0,1.75,12.0,0.2,0.6,0.5,78.7,82.3,86.7,81.1,9.0,9.3,12.0,0.2,0.5,5.1,6.2,7.67,6.33,14.0,2.19,12.0,0.4,0.6,0.4,-6.6,-5.2,-4.03,-5.05,14.0,2.77,12.0,0.4,0.6,0.4,-4.94,-2.75,-0.93,-2.81,14.0,2.07,12.0,0.4,0.6,0.4,1010.63,1012.4,1014.09,1012.51,14.0,2.07,12.0,0.4,0.6,0.4,0.0,1.0,4.2,2.1,13.0,2.2,12.0,0.4,0.7,0.5,-46.0,-33.3,-24.5,-36.5,14.0,26.8,12.0,0.4,0.6,0.4,-37.6,-18.0,-4.8,-19.6,14.0,16.5,12.0,0.4,0.6,0.4,-0.28,0.15,1.03,0.31,12.0,0.6,12.0,0.3,0.6,0.5,-2.0,0.9,6.6,2.2,12.0,5.0,12.0,0.3,0.6,0.5,2.38,4.46,5.56,4.47,9.0,2.19,12.0,0.2,0.6,0.5,19.2,25.0,46.2,30.6,9.0,15.6,12.0,0.2,0.6,0.5,-176.2,-141.2,-93.2,-128.5,13.0,70.8,12.0,0.3,0.6,0.5,-122.9,-81.5,-21.6,-73.2,13.0,53.1,12.0,0.3,0.6,0.5,-125.5,-80.8,-67.2,-82.0,9.0,51.1,12.0,0.2,0.6,0.5,-80.4,-67.8,-18.7,-51.1,9.0,36.9,12.0,0.2,0.6,0.5,-40.0,-22.4,-15.3,-24.7,9.0,15.3,12.0,0.2,0.6,0.5,-26.8,-16.1,-3.3,-13.8,9.0,12.7,12.0,0.2,0.6,0.5,132.5,238.5,451.5,333.0,14.0,291.5,12.0,0.4,0.6,0.4,135.0,240.0,450.0,335.0,14.0,290.0,12.0,0.4,0.6,0.4
1974,2,294.0,12.0,25.3,27.0,27.55,26.58,12.0,1.21,18.0,0.7,0.8,0.4,24.95,25.45,26.01,25.47,12.0,0.99,18.0,0.7,0.8,0.4,15.28,16.54,17.78,16.52,11.0,1.34,18.0,0.6,0.8,0.4,76.5,81.5,88.0,82.2,11.0,6.9,18.0,0.6,0.4,4.85,7.2,8.2,6.73,12.0,1.87,18.0,0.7,0.8,0.4,-8.08,-7.15,-4.02,-6.39,12.0,1.89,18.0,0.7,0.8,0.4,-2.24,-0.63,0.0,-1.07,12.0,1.85,18.0,0.7,0.8,0.4,1012.14,1014.05,1015.36,1013.67,12.0,2.35,18.0,0.7,0.8,0.4,1.0,2.0,4.0,2.5,11.0,1.8,18.0,0.6,0.9,0.4,-66.5,-51.7,-22.6,-46.0,12.0,22.5,18.0,0.7,0.8,0.4,-16.2,-2.3,0.0,-7.6,12.0,14.8,18.0,0.7,0.8,0.4,0.0,1.3,2.23,1.12,12.0,1.12,18.0,0.7,0.8,0.4,0.0,5.2,13.3,6.5,12.0,7.6,18.0,0.7,0.8,0.4,4.17,5.54,6.49,5.31,11.0,1.8,18.0,0.6,0.8,0.4,21.1,39.6,45.4,34.3,11.0,13.7,18.0,0.6,0.8,0.4,-208.6,-174.6,-100.9,-162.9,12.0,49.4,18.0,0.7,0.8,0.4,-58.4,-15.7,0.0,-27.4,12.0,46.7,18.0,0.7,0.8,0.4,-136.5,-109.4,-62.7,-103.0,11.0,33.0,18.0,0.6,0.8,0.4,-40.0,-9.8,0.0,-16.1,11.0,29.9,18.0,0.6,0.8,0.4,-41.6,-33.0,-20.8,-31.9,11.0,12.1,18.0,0.6,0.8,0.4,-13.5,-2.2,0.0,-6.7,11.0,12.9,18.0,0.6,0.8,0.4,116.5,378.5,551.5,365.0,12.0,234.5,18.0,0.7,0.8,0.4,115.0,380.0,550.0,365.0,12.0,235.0,18.0,0.7,0.8,0.4
1974,2,294.0,13.0,26.2,26.7,27.43,26.66,15.0,0.82,14.0,0.7,0.5,0.3,24.26,25.45,26.89,25.67,16.0,1.52,14.0,0.6,0.5,0.3,15.86,16.35,17.37,16.6,15.0,0.84,12.0,0.6,0.5,0.3,78.5,80.4,84.9,81.0,15.0,5.6,12.0,0.6,0.3,3.48,7.2,9.3,7.27,16.0,3.28,14.0,0.6,0.5,0.3,-8.79,-5.89,-3.12,-6.4,16.0,3.24,14.0,0.6,0.5,0.3,-5.14,-2.46,0.0,-2.49,16.0,2.52,14.0,0.6,0.5,0.3,1013.0,1014.0,1015.02,1014.01,16.0,2.01,14.0,0.6,0.5,0.3,2.0,3.0,7.0,3.8,16.0,2.2,14.0,0.6,0.5,0.3,-78.4,-42.7,-10.9,-56.0,16.0,56.0,14.0,0.6,0.5,0.3,-43.2,-13.1,0.0,-19.2,16.0,23.8,14.0,0.6,0.5,0.3,-0.66,1.0,3.0,0.95,15.0,1.88,14.0,0.7,0.5,0.3,-4.5,7.4,19.7,10.2,15.0,18.9,14.0,0.7,0.5,0.3,4.14,5.42,6.63,5.35,14.0,1.43,14.0,0.6,0.5,0.2,20.2,37.3,51.7,41.2,14.0,23.1,14.0,0.6,0.5,0.2,-215.8,-149.5,-80.0,-162.3,16.0,76.9,14.0,0.6,0.5,0.3,-135.1,-65.3,0.0,-63.8,16.0,62.7,14.0,0.6,0.5,0.3,-148.3,-94.1,-50.1,-106.2,15.0,56.7,12.0,0.6,0.5,0.3,-91.1,-41.1,0.0,-39.2,15.0,41.9,12.0,0.6,0.5,0.3,-45.0,-30.8,-18.8,-35.8,14.0,22.4,14.0,0.6,0.5,0.2,-25.8,-12.1,0.0,-14.3,14.0,15.9,14.0,0.6,0.5,0.2,44.5,378.5,804.5,625.5,16.0,887.5,14.0,0.6,0.5,0.3,45.0,380.0,805.0,625.0,16.0,890.0,14.0,0.6,0.5,0.3
1974,2,294.0,14.0,25.85,26.4,26.89,26.37,9.0,0.76,16.0,0.3,0.5,0.7,24.85,25.0,26.87,25.53,9.0,1.12,16.0,0.3,0.5,0.7,13.6,14.64,16.27,14.79,9.0,1.31,16.0,0.3,0.5,0.7,69.2,73.3,75.3,72.7,9.0,5.1,16.0,0.3,0.7,4.1,7.2,10.51,7.06,8.0,3.2,16.0,0.3,0.5,0.6,-8.25,-6.94,-3.6,-6.41,8.0,2.92,16.0,0.3,0.5,0.6,-3.84,-1.71,-0.78,-2.09,8.0,2.6,16.0,0.3,0.5,0.6,1013.06,1014.5,1015.89,1014.38,9.0,1.43,16.0,0.3,0.5,0.7,1.0,1.0,2.0,1.4,9.0,0.9,16.0,0.3,0.5,0.7,-86.8,-50.3,-14.8,-53.2,8.0,42.4,16.0,0.3,0.5,0.6,-44.0,-11.0,-3.3,-20.1,8.0,27.4,16.0,0.3,0.5,0.6,0.55,1.0,1.39,0.83,9.0,0.73,16.0,0.3,0.5,0.7,3.9,4.5,9.8,5.0,8.0,6.0,16.0,0.3,0.5,0.6,5.7,6.72,7.18,6.66,9.0,0.92,16.0,0.3,0.5,0.7,27.2,44.4,71.2,47.3,8.0,22.8,16.0,0.3,0.5,0.6,-223.1,-179.2,-89.5,-166.2,8.0,77.5,16.0,0.3,0.5,0.6,-96.8,-44.3,-19.8,-54.7,8.0,68.6,16.0,0.3,0.5,0.6,-136.2,-99.5,-49.1,-96.7,8.0,45.3,16.0,0.3,0.5,0.6,-56.3,-27.7,-11.2,-33.1,8.0,41.2,16.0,0.3,0.5,0.6,-62.4,-42.7,-25.9,-43.0,8.0,20.9,16.0,0.3,0.5,0.6,-25.9,-11.0,-5.0,-13.5,8.0,17.7,16.0,0.3,0.5,0.6,69.0,378.5,1181.0,547.5,8.0,598.0,16.0,0.3,0.5,0.6,70.0,380.0,1180.0,545.0,8.0,600.0,16.0,0.3,0.5,0.6
1974,2,294.0,15.0,26.0,26.5,27.09,26.58,17.0,0.73,14.0,0.8,0.4,0.5,24.85,25.8,27.5,25.98,17.0,1.39,14.0,0.8,0.4,0.5,15.34,16.22,17.51,16.32,16.0,1.17,14.0,0.9,0.4,0.5,72.6,77.8,83.6,77.8,16.0,5.6,14.0,0.9,0.5,4.41,6.7,9.3,7.33,17.0,2.88,14.0,0.8,0.4,0.5,-9.22,-6.11,-3.77,-6.64,17.0,2.98,14.0,0.8,0.4,0.5,-4.13,-1.08,0.54,-1.22,17.0,2.83,14.0,0.8,0.4,0.5,1012.82,1014.5,1015.78,1014.34,17.0,1.58,14.0,0.8,0.4,0.5,2.5,4.0,5.0,3.8,17.0,1.7,14.0,0.8,0.4,0.5,-85.8,-43.2,-16.7,-56.2,17.0,46.8,14.0,0.8,0.4,0.5,-33.9,-4.4,3.6,-8.9,17.0,23.7,14.0,0.8,0.4,0.5,-0.78,0.9,2.31,0.61,17.0,1.72,14.0,0.8,0.4,0.5,-7.3,4.6,19.4,4.7,17.0,16.7,14.0,0.8,0.4,0.5,4.42,5.22,5.93,5.3,16.0,1.12,14.0,0.9,0.4,0.5,20.5,36.8,49.9,36.8,16.0,15.4,14.0,0.9,0.4,0.5,-249.2,-154.5,-96.5,-173.7,17.0,80.4,14.0,0.8,0.4,0.5,-106.6,-26.9,14.7,-31.2,17.0,71.1,14.0,0.8,0.4,0.5,-145.1,-95.5,-62.6,-102.0,16.0,43.2,14.0,0.9,0.4,0.5,-71.9,-8.0,13.3,-18.0,16.0,45.4,14.0,0.9,0.4,0.5,-46.2,-30.9,-18.2,-32.4,16.0,12.5,14.0,0.9,0.4,0.5,-22.1,-2.8,2.8,-7.3,16.0,18.8,14.0,0.9,0.4,0.5,93.0,301.0,804.5,574.0,17.0,658.0,14.0,0.8,0.4,0.5,95.0,300.0,805.0,575.0,17.0,660.0,14.0,0.8,0.4,0.5
1974,2,294.0,16.0,25.03,26.05,26.19,25.77,14.0,0.87,14.0,0.4,0.6,0.5,24.84,25.0,26.07,25.29,15.0,0.62,14.0,0.4,0.6,0.5,14.2,15.26,16.01,15.13,14.0,1.27,14.0,0.4,0.6,0.5,72.8,75.7,81.3,75.5,14.0,6.4,14.0,0.4,0.5,5.68,8.7,10.3,8.43,15.0,2.69,14.0,0.4,0.6,0.5,-10.05,-8.05,-4.98,-7.82,15.0,2.8,14.0,0.4,0.6,0.5,-4.53,-1.61,0.0,-1.86,15.0,2.48,14.0,0.4,0.6,0.5,1013.7,1015.0,1016.66,1014.76,15.0,1.95,14.0,0.4,0.6,0.5,1.2,3.0,4.8,3.0,15.0,1.9,14.0,0.4,0.6,0.5,-102.9,-74.5,-28.7,-72.7,15.0,43.7,14.0,0.4,0.6,0.5,-41.1,-15.0,0.0,-18.5,15.0,20.7,14.0,0.4,0.6,0.5,-0.69,0.6,1.47,0.46,14.0,1.17,14.0,0.4,0.6,0.5,-5.5,5.0,14.3,3.6,14.0,10.1,14.0,0.4,0.6,0.5,3.57,5.67,6.22,5.44,13.0,1.53,16.0,0.5,0.7,0.5,35.5,44.1,54.0,45.1,13.0,15.3,16.0,0.5,0.7,0.5,-248.8,-199.7,-126.4,-197.3,15.0,69.9,14.0,0.4,0.6,0.5,-113.6,-40.4,0.0,-47.0,15.0,62.2,14.0,0.4,0.6,0.5,-154.9,-128.4,-62.8,-117.9,14.0,46.4,14.0,0.4,0.6,0.5,-73.0,-28.5,0.0,-28.0,14.0,37.5,14.0,0.4,0.6,0.5,-53.2,-40.3,-33.8,-42.6,13.0,15.6,16.0,0.5,0.7,0.5,-20.7,-7.7,0.3,-7.2,13.0,13.2,16.0,0.5,0.7,0.5,204.5,658.5,1092.5,761.0,15.0,597.0,14.0,0.4,0.6,0.5,205.0,660.0,1095.0,760.0,15.0,595.0,14.0,0.4,0.6,0.5
1974,2,294.0,17.0,24.4,25.6,26.7,25.51,85.0,1.11,14.0,0.4,0.6,0.7,24.0,24.8,26.29,25.09,90.0,1.2,16.0,0.4,0.6,0.7,13.6,14.67,15.7,14.84,82.0,1.48,14.0,0.4,0.6,0.7,65.6,75.3,82.7,74.9,82.0,8.8,14.0,0.4,0.7,4.16,6.95,9.3,6.97,90.0,2.74,16.0,0.4,0.6,0.7,-8.45,-6.3,-3.55,-6.22,90.0,2.97,16.0,0.4,0.6,0.7,-4.27,-2.05,0.0,-1.84,90.0,2.3,16.0,0.4,0.6,0.7,1014.9,1016.6,1018.0,1016.41,90.0,1.61,16.0,0.4,0.6,0.7,2.0,3.0,4.0,2.8,90.0,1.3,16.0,0.4,0.6,0.7,-80.5,-44.5,-14.6,-51.0,90.0,40.8,16.0,0.4,0.6,0.7,-29.6,-11.7,0.0,-14.1,90.0,19.2,16.0,0.4,0.6,0.7,-1.2,0.6,2.18,0.36,84.0,1.65,14.0,0.4,0.6,0.7,-8.5,1.8,13.9,2.6,83.0,13.0,14.0,0.4,0.6,0.7,2.94,5.91,7.47,5.39,78.0,2.14,14.0,0.4,0.6,0.7,16.7,35.2,54.2,35.0,77.0,19.2,14.0,0.4,0.6,0.7,-214.2,-160.5,-92.6,-155.8,89.0,74.4,16.0,0.4,0.6,0.7,-104.8,-50.6,0.2,-45.9,89.0,57.9,16.0,0.4,0.6,0.7,-127.7,-95.7,-47.9,-92.4,81.0,49.3,14.0,0.4,0.6,0.7,-59.1,-26.0,1.0,-26.8,81.0,35.4,14.0,0.4,0.6,0.7,-47.4,-30.3,-14.4,-31.2,77.0,18.9,14.0,0.4,0.6,0.7,-23.8,-9.4,0.7,-10.0,77.0,12.9,14.0,0.4,0.6,0.7,72.5,337.0,804.5,497.5,90.0,561.5,16.0,0.4,0.6,0.7,70.0,335.0,805.0,500.0,90.0,560.0,16.0,0.4,0.6,0.7
1974,2,294.0,18.0,24.4,25.5,26.7,25.61,175.0,1.37,18.0,0.5,0.6,0.4,23.9,24.5,26.1,24.94,176.0,1.14,18.0,0.5,0.6,0.4,13.59,14.64,16.33,14.94,168.0,1.64,18.0,0.5,0.6,0.4,69.3,75.5,82.8,76.2,168.0,8.0,18.0,0.5,0.4,3.6,7.2,9.8,6.85,176.0,2.91,18.0,0.5,0.6,0.4,-9.31,-6.27,-2.66,-6.07,176.0,3.34,18.0,0.5,0.6,0.4,-3.1,0.0,1.83,-0.61,176.0,2.65,18.0,0.5,0.6,0.4,1014.6,1016.6,1018.3,1016.44,180.0,1.97,18.0,0.5,0.6,0.4,1.8,3.0,5.0,3.0,176.0,1.7,18.0,0.5,0.6,0.4,-92.5,-44.9,-9.5,-50.1,176.0,39.7,18.0,0.5,0.6,0.4,-25.0,0.0,11.8,-6.2,176.0,21.8,18.0,0.5,0.6,0.4,-0.7,0.3,2.2,0.57,168.0,1.62,18.0,0.5,0.6,0.4,-4.8,2.1,14.5,4.3,161.0,12.2,18.0,0.5,0.6,0.4,3.52,5.55,7.32,5.49,161.0,2.12,18.0,0.5,0.6,0.4,15.5,38.2,59.0,38.0,154.0,21.9,18.0,0.5,0.6,0.3,-238.1,-158.0,-61.8,-150.2,169.0,84.4,18.0,0.5,0.6,0.4,-75.9,0.0,47.3,-15.2,169.0,66.6,18.0,0.5,0.6,0.4,-137.8,-91.7,-40.8,-89.3,161.0,48.9,18.0,0.5,0.6,0.3,-45.8,0.0,30.0,-7.1,161.0,38.0,18.0,0.5,0.6,0.3,-56.2,-35.3,-11.3,-34.0,154.0,22.5,18.0,0.5,0.6,0.3,-17.7,0.0,9.8,-3.3,154.0,15.8,18.0,0.5,0.6,0.3,46.5,373.0,941.0,488.5,176.0,470.5,18.0,0.5,0.6,0.4,45.0,375.0,940.0,490.0,176.0,470.0,18.0,0.5,0.6,0.4
1974,2,294.0,19.0,24.4,25.15,26.1,25.29,70.0,0.97,14.0,0.5,0.5,0.4,23.9,24.5,25.6,24.71,76.0,1.18,16.0,0.5,0.5,0.4,13.25,14.48,16.4,14.66,69.0,1.52,16.0,0.5,0.5,0.4,67.5,76.5,84.9,76.4,70.0,8.3,16.0,0.5,0.4,4.6,6.2,10.3,6.92,77.0,2.73,16.0,0.5,0.5,0.4,-9.79,-6.11,-3.98,-6.37,77.0,2.89,16.0,0.5,0.5,0.4,-2.55,0.0,1.87,-0.52,77.0,2.5,16.0,0.5,0.5,0.4,1014.9,1016.8,1018.8,1016.65,75.0,2.01,16.0,0.5,0.5,0.4,1.0,2.0,4.0,2.6,77.0,1.7,16.0,0.5,0.5,0.4,-97.7,-37.9,-16.7,-51.5,77.0,40.8,16.0,0.5,0.5,0.4,-23.9,0.0,10.2,-6.6,77.0,21.7,16.0,0.5,0.5,0.4,-0.56,0.6,2.02,0.58,69.0,1.62,14.0,0.5,0.5,0.4,-3.1,3.6,13.1,3.7,69.0,12.5,14.0,0.5,0.5,0.4,3.52,5.45,7.96,5.57,62.0,2.08,14.0,0.5,0.5,0.4,21.0,35.7,55.4,38.1,62.0,19.8,14.0,0.5,0.5,0.4,-241.5,-144.2,-94.7,-156.3,76.0,71.7,16.0,0.5,0.5,0.4,-61.8,0.0,46.6,-12.7,76.0,62.5,16.0,0.5,0.5,0.4,-143.3,-84.0,-54.4,-94.2,69.0,46.8,16.0,0.5,0.5,0.4,-36.2,0.0,29.9,-7.7,69.0,37.8,16.0,0.5,0.5,0.4,-54.6,-32.0,-18.8,-35.7,62.0,19.6,14.0,0.5,0.5,0.4,-17.5,0.0,8.8,-3.8,62.0,13.1,14.0,0.5,0.5,0.4,97.5,238.5,1092.5,493.5,77.0,551.0,16.0,0.5,0.5,0.4,95.0,240.0,1095.0,495.0,77.0,550.0,16.0,0.5,0.5,0.4
1974,2,294.0,20.0,25.0,25.2,26.09,25.5,27.0,0.93,16.0,0.6,0.5,0.4,23.0,24.3,24.6,23.99,30.0,1.02,16.0,0.6,0.5,0.4,13.29,13.96,15.85,14.14,28.0,1.8,16.0,0.6,0.5,0.3,70.2,76.9,85.5,76.6,28.0,10.2,16.0,0.6,0.3,4.84,6.45,8.7,6.6,30.0,2.02,16.0,0.6,0.5,0.4,-8.35,-5.83,-3.72,-5.76,30.0,2.37,16.0,0.6,0.5,0.4,-1.77,0.98,3.45,0.85,30.0,2.91,16.0,0.6,0.5,0.4,1014.0,1016.35,1019.34,1016.58,30.0,2.45,16.0,0.6,0.5,0.4,1.0,2.0,5.0,2.7,29.0,2.3,16.0,0.6,0.5,0.3,-70.1,-37.0,-16.6,-41.8,30.0,25.9,16.0,0.6,0.5,0.4,-10.6,2.4,24.0,5.8,30.0,22.2,16.0,0.6,0.5,0.4,0.6,1.5,2.57,1.55,27.0,1.21,16.0,0.6,0.5,0.4,3.2,8.0,18.5,10.2,27.0,9.5,16.0,0.6,0.5,0.4,4.43,6.1,7.64,6.18,25.0,1.9,16.0,0.6,0.5,0.4,26.5,38.1,52.7,42.0,25.0,21.6,16.0,0.6,0.5,0.4,-193.4,-142.4,-89.6,-138.6,30.0,58.6,16.0,0.6,0.5,0.4,-40.2,23.0,84.2,20.5,30.0,69.6,16.0,0.6,0.5,0.4,-109.2,-83.0,-51.5,-80.3,28.0,34.2,16.0,0.6,0.5,0.3,-17.8,12.2,50.8,14.9,28.0,43.4,16.0,0.6,0.5,0.3,-52.7,-32.7,-21.0,-36.9,25.0,23.3,16.0,0.6,0.5,0.4,-7.5,5.5,20.2,3.6,25.0,18.0,16.0,0.6,0.5,0.4,114.0,269.5,658.5,363.5,30.0,276.5,16.0,0.6,0.5,0.4,115.0,270.0,660.0,365.0,30.0,275.0,16.0,0.6,0.5,0.4
1974,2,294.0,21.0,24.5,25.0,26.09,25.25,17.0,0.86,20.0,0.5,0.5,0.4,23.5,24.3,25.1,24.46,19.0,1.1,22.0,0.5,0.5,0.4,12.7,13.79,14.9,13.91,13.0,1.48,22.0,0.5,0.6,0.4,68.6,71.5,78.2,73.1,13.0,7.5,22.0,0.5,0.4,6.27,8.0,10.3,7.86,16.0,2.34,20.0,0.4,0.6,0.4,-7.74,-5.52,-2.12,-5.09,16.0,3.27,20.0,0.4,0.6,0.4,-3.2,3.53,7.03,2.94,16.0,4.87,20.0,0.4,0.6,0.4,1016.34,1017.25,1018.69,1017.61,16.0,1.4,20.0,0.4,0.6,0.4,2.0,4.0,7.0,4.4,19.0,2.1,22.0,0.5,0.5,0.4,-61.9,-47.2,-9.5,-44.0,16.0,36.8,20.0,0.4,0.6,0.4,-22.1,28.5,52.6,25.9,16.0,44.2,20.0,0.4,0.6,0.4,0.02,0.6,1.88,0.79,17.0,1.19,20.0,0.5,0.5,0.4,1.3,5.2,19.6,7.8,14.0,13.0,20.0,0.4,0.6,0.4,5.41,5.99,6.53,6.09,12.0,1.03,20.0,0.5,0.6,0.4,34.5,44.2,66.5,49.2,12.0,18.1,20.0,0.5,0.6,0.4,-188.0,-138.9,-52.7,-123.7,16.0,78.7,20.0,0.4,0.6,0.4,-72.7,84.6,175.9,74.5,16.0,121.9,20.0,0.4,0.6,0.4,-94.5,-70.0,-23.5,-61.5,13.0,37.6,22.0,0.5,0.6,0.4,-53.5,60.6,118.3,49.2,13.0,74.4,22.0,0.5,0.6,0.4,-41.0,-33.9,-11.3,-31.0,12.0,20.2,20.0,0.5,0.6,0.4,-27.5,27.2,48.5,19.3,12.0,33.1,20.0,0.5,0.6,0.4,248.5,512.0,1092.5,603.5,16.0,469.0,20.0,0.4,0.6,0.4,250.0,510.0,1095.0,605.0,16.0,470.0,20.0,0.4,0.6,0.4
1974,2,294.0,22.0,23.9,24.3,24.6,24.25,39.0,0.47,22.0,0.5,0.5,0.6,21.63,23.0,24.3,23.04,43.0,1.12,22.0,0.6,0.6,0.6,12.66,13.99,14.74,13.76,17.0,1.11,24.0,0.5,0.5,0.5,73.3,83.6,85.7,80.3,18.0,7.2,24.0,0.5,0.5,5.1,8.0,11.0,7.93,40.0,2.63,22.0,0.5,0.6,0.6,-8.41,-5.07,-0.2,-4.26,40.0,4.29,22.0,0.5,0.6,0.6,-8.62,-1.42,3.01,-2.66,40.0,5.2,22.0,0.5,0.6,0.6,1017.6,1019.6,1022.59,1019.89,39.0,2.65,22.0,0.5,0.6,0.6,3.0,6.0,8.0,5.3,39.0,2.5,22.0,0.6,0.6,0.6,-79.4,-36.0,-1.1,-37.6,40.0,39.8,22.0,0.5,0.6,0.6,-92.7,-7.4,15.4,-29.2,40.0,52.4,22.0,0.5,0.6,0.6,0.0,1.0,2.5,1.16,37.0,1.17,22.0,0.5,0.6,0.6,0.7,8.0,20.9,10.5,31.0,10.6,22.0,0.5,0.5,0.6,4.27,4.93,6.15,5.18,17.0,1.02,24.0,0.5,0.5,0.5,24.0,40.1,56.1,39.9,17.0,15.1,24.0,0.5,0.5,0.5,-202.3,-113.1,7.3,-96.1,37.0,103.5,22.0,0.5,0.6,0.6,-193.3,-34.5,66.6,-62.8,37.0,116.8,22.0,0.5,0.6,0.6,-92.5,-38.1,20.4,-37.4,17.0,54.4,24.0,0.5,0.5,0.5,-143.0,-47.4,0.0,-56.4,17.0,76.9,24.0,0.5,0.5,0.5,-38.6,-10.2,6.7,-14.4,17.0,22.5,24.0,0.5,0.5,0.5,-50.2,-14.7,0.0,-20.7,17.0,27.2,24.0,0.5,0.5,0.5,132.5,512.0,1331.0,655.0,40.0,528.0,22.0,0.5,0.6,0.6,135.0,510.0,1330.0,655.0,40.0,530.0,22.0,0.5,0.6,0.6
1974,2,294.0,23.0,23.93,24.1,24.3,24.18,41.0,0.66,16.0,0.6,0.6,0.2,22.65,23.35,24.3,23.5,48.0,0.93,16.0,0.5,0.6,0.2,11.28,13.42,15.21,13.35,27.0,2.23,18.0,0.5,0.7,0.2,60.0,72.7,86.3,74.1,27.0,12.2,18.0,0.5,0.2,6.07,9.0,11.65,8.7,41.0,2.76,16.0,0.5,0.6,0.3,-7.99,-0.87,4.93,-1.26,41.0,5.5,16.0,0.5,0.6,0.3,-6.85,0.89,9.21,1.14,41.0,7.2,16.0,0.5,0.6,0.3,1011.6,1015.6,1019.45,1015.91,42.0,3.71,16.0,0.5,0.7,0.2,2.0,4.0,7.0,4.0,45.0,2.4,16.0,0.6,0.6,0.2,-70.8,-4.3,56.8,-5.7,41.0,55.9,16.0,0.5,0.6,0.3,-49.7,2.3,93.5,16.2,41.0,78.0,16.0,0.5,0.6,0.3,0.0,0.5,1.33,0.62,41.0,0.88,16.0,0.6,0.6,0.2,0.0,3.7,8.9,4.2,35.0,5.2,16.0,0.5,0.6,0.3,3.69,5.33,7.76,5.48,27.0,2.11,18.0,0.5,0.7,0.2,23.3,52.2,67.7,48.6,25.0,23.2,18.0,0.5,0.7,0.2,-183.6,-21.2,118.4,-28.7,41.0,129.0,16.0,0.5,0.6,0.3,-154.4,19.7,220.1,29.7,41.0,169.5,16.0,0.5,0.6,0.3,-110.7,-21.2,67.4,-22.2,25.0,75.4,18.0,0.5,0.7,0.2,-58.2,21.6,126.3,32.6,25.0,92.2,18.0,0.5,0.7,0.2,-31.1,-8.1,28.0,-5.5,25.0,25.9,18.0,0.5,0.7,0.2,-48.1,7.9,61.8,10.2,25.0,46.8,18.0,0.5,0.7,0.2,224.0,729.0,1590.0,853.0,41.0,738.0,16.0,0.5,0.6,0.3,225.0,730.0,1590.0,855.0,41.0,740.0,16.0,0.5,0.6,0.3
1974,2,294.0,24.0,22.94,23.9,24.92,23.84,16.0,1.47,18.0,0.6,0.5,0.5,21.08,23.3,24.12,22.73,16.0,1.76,18.0,0.6,0.5,0.5,10.31,11.82,14.51,12.49,7.0,2.55,18.0,0.6,0.5,0.3,64.8,76.0,82.7,73.7,7.0,11.2,18.0,0.6,0.3,4.44,8.1,10.0,7.51,16.0,2.4,18.0,0.6,0.5,0.5,-8.44,-3.49,3.7,-2.6,16.0,5.89,18.0,0.6,0.5,0.5,-4.89,-1.15,2.73,-0.61,16.0,4.85,18.0,0.6,0.5,0.5,1017.25,1021.3,1023.45,1020.18,16.0,3.24,18.0,0.6,0.5,0.5,1.4,3.0,5.6,3.2,16.0,2.2,18.0,0.6,0.5,0.5,-75.4,-27.6,27.6,-22.1,16.0,53.9,18.0,0.6,0.5,0.5,-43.4,-8.1,12.7,-4.2,16.0,42.7,18.0,0.6,0.5,0.5,-0.78,0.8,3.79,1.12,16.0,2.73,18.0,0.6,0.5,0.5,-3.4,7.2,21.7,7.6,16.0,22.3,18.0,0.6,0.5,0.5,1.82,6.42,8.26,5.2,7.0,3.28,18.0,0.6,0.5,0.3,16.9,35.2,64.4,37.2,7.0,25.7,18.0,0.6,0.5,0.3,-180.1,-77.3,88.9,-59.3,16.0,131.1,18.0,0.6,0.5,0.5,-114.3,-25.6,65.5,-13.1,16.0,113.1,18.0,0.6,0.5,0.5,-94.0,-69.2,-39.9,-73.5,7.0,40.0,18.0,0.6,0.5,0.3,-13.4,0.0,111.6,31.8,7.0,67.1,18.0,0.6,0.5,0.3,-54.8,-22.0,-5.8,-28.6,7.0,24.2,18.0,0.6,0.5,0.3,-4.1,0.0,19.6,11.3,7.0,24.1,18.0,0.6,0.5,0.3,90.5,531.5,1000.0,540.5,16.0,399.0,18.0,0.6,0.5,0.5,90.0,530.0,1000.0,540.0,16.0,400.0,18.0,0.6,0.5,0.5
1974,2,294.0,25.0,23.07,24.0,24.89,23.73,15.0,1.16,14.0,0.4,0.4,0.5,20.84,22.4,23.81,22.27,15.0,1.26,14.0,0.4,0.4,0.5,11.03,12.29,13.34,12.18,9.0,1.34,12.0,0.6,0.4,0.5,68.9,74.5,78.0,74.0,9.0,8.4,12.0,0.6,0.5,3.02,5.1,7.16,5.04,15.0,1.97,14.0,0.4,0.4,0.5,-4.71,-3.5,1.21,-2.58,15.0,3.38,14.0,0.4,0.4,0.5,-2.43,-1.4,3.2,-0.26,15.0,3.53,14.0,0.4,0.4,0.5,1017.19,1019.5,1023.21,1019.96,15.0,2.66,14.0,0.4,0.4,0.5,2.0,3.0,4.1,3.4,13.0,1.7,14.0,0.5,0.4,0.5,-24.5,-16.6,4.1,-16.1,15.0,25.0,14.0,0.4,0.4,0.5,-14.6,-4.5,15.0,-3.0,15.0,22.6,14.0,0.4,0.4,0.5,0.69,1.9,2.53,1.47,15.0,1.61,14.0,0.4,0.4,0.5,4.0,7.8,11.0,5.9,15.0,11.2,14.0,0.4,0.4,0.5,3.6,6.33,7.59,5.61,9.0,2.34,12.0,0.6,0.4,0.5,12.1,24.8,33.7,24.9,9.0,12.6,12.0,0.6,0.4,0.5,-102.4,-83.6,25.3,-59.4,15.0,76.4,14.0,0.4,0.4,0.5,-50.2,-31.6,68.8,-3.2,15.0,78.3,14.0,0.4,0.4,0.5,-62.9,-48.8,19.9,-31.4,9.0,53.9,12.0,0.6,0.4,0.5,-28.2,-17.8,33.9,-4.7,9.0,33.2,12.0,0.6,0.4,0.5,-26.3,-8.5,8.1,-8.5,9.0,20.1,12.0,0.6,0.4,0.5,-13.8,-1.5,22.8,0.5,9.0,19.2,12.0,0.6,0.4,0.5,27.5,132.5,366.5,187.5,15.0,219.0,14.0,0.4,0.4,0.5,30.0,135.0,365.0,190.0,15.0,220.0,14.0,0.4,0.4,0.5
1974,2,294.0,26.0,22.82,23.5,25.05,23.78,17.0,1.21,12.0,0.3,0.7,0.4,20.3,22.45,22.92,21.82,16.0,1.26,12.0,0.3,0.7,0.4,10.26,11.9,14.05,12.15,11.0,1.91,12.0,0.3,0.6,0.4,66.5,79.1,83.6,75.5,11.0,8.6,12.0,0.3,0.4,3.64,5.0,6.84,5.51,17.0,2.38,12.0,0.3,0.7,0.4,-4.09,-2.64,1.95,-1.27,17.0,4.29,12.0,0.3,0.7,0.4,-3.04,1.03,4.85,0.82,17.0,4.14,12.0,0.3,0.7,0.4,1016.88,1018.5,1022.1,1018.62,17.0,3.66,12.0,0.3,0.7,0.4,0.4,3.5,6.2,3.6,16.0,2.7,12.0,0.3,0.7,0.3,-24.4,-10.8,8.5,-2.1,17.0,41.7,12.0,0.3,0.7,0.4,-18.2,3.1,28.0,6.2,17.0,28.1,12.0,0.3,0.7,0.4,0.24,1.4,3.83,1.88,16.0,1.8,12.0,0.3,0.7,0.4,1.4,6.9,17.0,8.6,16.0,8.7,12.0,0.3,0.7,0.4,3.69,5.18,8.14,5.65,11.0,1.96,12.0,0.3,0.6,0.4,15.3,25.7,47.9,31.2,11.0,16.7,12.0,0.3,0.6,0.4,-84.9,-55.7,47.7,-24.3,16.0,94.3,12.0,0.3,0.7,0.4,-61.8,0.1,102.8,9.8,16.0,83.0,12.0,0.3,0.7,0.4,-54.8,-35.1,10.8,-16.4,11.0,55.3,12.0,0.3,0.6,0.4,-34.2,-11.1,63.2,8.3,11.0,45.0,12.0,0.3,0.6,0.4,-24.5,-10.2,9.7,-7.0,11.0,29.1,12.0,0.3,0.6,0.4,-24.7,-8.6,16.7,-4.2,11.0,20.6,12.0,0.3,0.6,0.4,51.0,125.0,320.0,273.0,17.0,444.0,12.0,0.3,0.7,0.4,50.0,125.0,320.0,275.0,17.0,445.0,12.0,0.3,0.7,0.4
1974,2,294.0,27.0,22.72,23.2,23.55,23.11,13.0,0.69,10.0,0.5,0.7,0.4,21.0,21.8,22.69,21.6,14.0,1.85,10.0,0.5,0.7,0.4,10.51,11.6,14.48,12.3,12.0,2.21,8.0,0.5,0.7,0.4,69.4,76.4,86.8,76.6,12.0,8.2,8.0,0.5,0.4,1.61,6.2,10.19,6.39,15.0,4.18,10.0,0.5,0.7,0.4,-1.94,0.0,8.45,2.08,15.0,5.2,10.0,0.5,0.7,0.4,-4.68,1.5,4.95,1.13,15.0,5.31,10.0,0.5,0.7,0.4,1015.2,1017.5,1021.88,1017.92,15.0,4.69,10.0,0.5,0.7,0.4,2.0,5.0,7.8,4.7,15.0,2.6,10.0,0.5,0.7,0.4,-12.7,0.0,78.6,24.0,15.0,55.7,10.0,0.5,0.7,0.4,-28.3,2.6,35.0,9.2,15.0,50.1,10.0,0.5,0.7,0.4,-0.05,1.5,2.15,1.46,13.0,1.78,10.0,0.5,0.7,0.4,-0.1,4.5,21.0,8.3,13.0,12.9,10.0,0.5,0.7,0.4,2.51,5.58,6.95,5.24,12.0,2.25,8.0,0.5,0.7,0.4,5.0,22.4,50.7,25.9,12.0,21.7,8.0,0.5,0.7,0.4,-42.9,0.0,122.8,35.5,14.0,107.4,10.0,0.5,0.7,0.4,-93.6,31.5,121.9,28.0,14.0,117.9,10.0,0.5,0.7,0.4,-22.9,0.0,76.0,22.9,12.0,67.4,8.0,0.5,0.7,0.4,-19.0,18.0,40.6,16.4,12.0,59.3,8.0,0.5,0.7,0.4,-13.8,0.0,24.3,4.1,12.0,25.4,8.0,0.5,0.7,0.4,-13.8,3.6,16.1,-0.7,12.0,23.2,8.0,0.5,0.7,0.4,4.5,238.5,1059.0,565.5,15.0,638.0,10.0,0.5,0.7,0.4,5.0,240.0,1060.0,565.0,15.0,640.0,10.0,0.5,0.7,0.4
1974,2,294.0,28.0,21.29,21.5,22.5,21.71,19.0,1.31,14.0,0.6,0.5,0.5,19.6,20.65,22.0,20.78,20.0,1.23,14.0,0.6,0.5,0.5,8.89,11.4,13.32,10.9,16.0,2.56,12.0,0.6,0.5,0.5,62.7,70.9,82.6,71.5,16.0,12.8,12.0,0.6,0.5,3.1,5.05,9.6,6.33,18.0,3.18,12.0,0.7,0.5,0.5,-3.4,-0.52,1.67,-0.53,18.0,3.6,12.0,0.7,0.5,0.5,-2.96,2.71,9.16,2.42,18.0,5.76,12.0,0.7,0.5,0.5,1016.31,1021.1,1023.6,1019.95,20.0,4.4,14.0,0.6,0.5,0.5,1.0,3.5,7.0,4.1,20.0,2.6,14.0,0.6,0.5,0.5,-16.2,-1.1,16.0,0.1,18.0,32.0,12.0,0.7,0.5,0.5,-13.6,8.0,85.2,20.0,18.0,56.4,12.0,0.7,0.5,0.5,-0.41,1.4,2.16,0.96,19.0,1.91,14.0,0.6,0.5,0.5,-3.4,5.6,18.2,5.8,17.0,10.4,12.0,0.7,0.5,0.5,2.05,5.63,7.64,5.03,16.0,2.84,12.0,0.6,0.5,0.5,12.5,25.1,38.9,28.7,15.0,21.4,12.0,0.7,0.5,0.5,-63.9,-10.9,36.4,-10.0,18.0,73.0,12.0,0.7,0.5,0.5,-57.9,58.0,199.3,55.4,18.0,121.0,12.0,0.7,0.5,0.5,-27.5,-14.6,19.9,-10.1,15.0,37.8,12.0,0.7,0.5,0.5,-31.4,27.2,111.8,28.2,15.0,65.8,12.0,0.7,0.5,0.5,-29.8,-3.6,3.8,-7.6,15.0,21.7,12.0,0.7,0.5,0.5,-25.0,3.5,18.9,-3.1,15.0,28.2,12.0,0.7,0.5,0.5,30.0,129.0,891.5,447.0,18.0,541.0,12.0,0.7,0.5,0.5,30.0,130.0,890.0,445.0,18.0,540.0,12.0,0.7,0.5,0.5
1974,2,294.0,29.0,20.48,21.0,23.0,21.43,7.0,1.19,16.0,0.6,0.6,0.3,20.45,21.2,21.71,20.74,7.0,1.5,16.0,0.6,0.6,0.3,7.85,12.27,13.45,11.19,6.0,2.85,14.0,0.5,0.6,0.3,57.9,80.4,84.5,74.2,6.0,14.9,14.0,0.5,0.3,3.08,5.7,8.01,5.56,7.0,2.46,16.0,0.6,0.6,0.3,0.21,2.6,5.01,1.64,7.0,4.65,16.0,0.6,0.6,0.3,-0.79,0.0,5.27,1.11,7.0,3.99,16.0,0.6,0.6,0.3,1016.38,1020.7,1023.64,1020.27,7.0,3.99,16.0,0.6,0.6,0.3,3.0,6.0,6.1,4.9,7.0,2.2,16.0,0.6,0.6,0.3,-0.9,9.5,38.8,7.9,7.0,36.6,16.0,0.6,0.6,0.3,-3.8,0.0,31.1,5.6,7.0,28.3,16.0,0.6,0.6,0.3,-0.38,0.4,2.05,0.69,7.0,1.71,16.0,0.6,0.6,0.3,-1.8,2.3,15.9,4.2,7.0,12.6,16.0,0.6,0.6,0.3,2.72,3.47,7.95,4.87,6.0,2.91,14.0,0.5,0.6,0.3,8.5,24.2,35.3,25.3,6.0,18.6,14.0,0.5,0.6,0.3,4.5,55.1,88.8,31.0,7.0,98.7,16.0,0.6,0.6,0.3,-15.7,0.0,110.4,26.4,7.0,78.0,16.0,0.6,0.6,0.3,20.3,28.5,46.7,35.5,6.0,27.5,14.0,0.5,0.6,0.3,-12.3,23.6,66.2,23.0,6.0,45.8,14.0,0.5,0.6,0.3,5.6,14.7,30.6,17.3,6.0,14.3,14.0,0.5,0.6,0.3,-13.2,4.3,18.4,-0.7,6.0,23.5,14.0,0.5,0.6,0.3,29.0,185.0,514.0,257.0,7.0,241.5,16.0,0.6,0.6,0.3,30.0,185.0,515.0,255.0,7.0,240.0,16.0,0.6,0.6,0.3
1974,2,294.0,30.0,20.07,21.0,21.09,20.84,8.0,0.65,14.0,0.5,0.5,0.4,17.47,19.6,22.09,19.79,9.0,2.6,14.0,0.4,0.6,0.4,8.77,14.18,14.62,12.35,6.0,3.36,14.0,0.5,0.7,0.4,68.0,79.3,96.6,81.0,6.0,14.7,14.0,0.5,0.4,5.03,8.7,13.63,8.8,9.0,4.5,14.0,0.4,0.6,0.4,-1.5,7.53,13.16,5.89,9.0,7.13,14.0,0.4,0.6,0.4,-4.32,0.0,4.4,0.26,9.0,4.17,14.0,0.4,0.6,0.4,1012.17,1017.4,1023.73,1018.1,9.0,5.92,14.0,0.4,0.6,0.4,3.9,5.0,7.0,4.7,7.0,2.1,14.0,0.6,0.6,0.3,-4.2,65.5,180.0,78.8,9.0,91.3,14.0,0.4,0.6,0.4,-63.9,0.0,24.8,-9.9,9.0,44.1,14.0,0.4,0.6,0.4,-0.57,1.9,3.69,1.63,8.0,2.12,14.0,0.5,0.5,0.4,-2.9,16.8,38.8,19.0,8.0,24.2,14.0,0.5,0.5,0.4,0.3,1.47,6.26,3.03,5.0,3.43,14.0,0.6,0.6,0.5,1.5,12.7,89.2,39.8,5.0,48.3,14.0,0.6,0.6,0.5,-37.4,169.4,233.6,106.4,9.0,132.8,14.0,0.4,0.6,0.4,-79.6,0.0,96.3,12.2,9.0,80.0,14.0,0.4,0.6,0.4,3.0,58.2,110.9,55.5,6.0,62.1,14.0,0.5,0.7,0.4,-45.9,44.8,67.3,22.4,6.0,55.7,14.0,0.5,0.7,0.4,0.8,11.0,81.0,35.5,5.0,43.4,14.0,0.6,0.6,0.5,-36.4,0.0,3.6,-14.1,5.0,24.6,14.0,0.6,0.6,0.5,127.0,658.5,2540.5,1173.5,9.0,1334.5,14.0,0.4,0.6,0.4,125.0,660.0,2540.0,1175.0,9.0,1335.0,14.0,0.4,0.6,0.4
1974,2,294.0,31.0,20.0,20.5,21.71,20.75,11.0,0.8,16.0,0.5,0.6,0.4,16.23,18.8,21.0,18.56,13.0,2.05,16.0,0.4,0.6,0.4,6.64,10.98,13.65,10.3,10.0,3.39,16.0,0.4,0.5,0.4,59.7,74.8,93.5,74.9,10.0,16.0,16.0,0.4,0.4,3.9,8.2,15.4,8.45,13.0,4.88,16.0,0.4,0.6,0.4,-0.07,2.8,7.53,3.67,13.0,4.57,16.0,0.4,0.6,0.4,-5.5,0.68,7.86,1.21,13.0,8.01,16.0,0.4,0.6,0.4,1010.52,1019.7,1024.01,1017.53,13.0,6.72,16.0,0.4,0.6,0.4,3.0,6.0,8.0,5.8,12.0,2.2,16.0,0.4,0.6,0.4,-0.3,23.0,84.7,47.0,13.0,65.5,16.0,0.4,0.6,0.4,-61.4,1.4,65.4,9.6,13.0,101.2,16.0,0.4,0.6,0.4,-0.41,1.5,4.88,2.14,11.0,2.54,16.0,0.5,0.6,0.4,-3.4,6.0,30.5,10.8,11.0,19.4,16.0,0.5,0.6,0.4,1.0,3.13,8.01,4.3,9.0,3.47,14.0,0.4,0.6,0.5,1.2,25.7,70.8,33.6,9.0,31.5,14.0,0.4,0.6,0.5,-1.2,58.9,135.5,69.2,13.0,84.7,16.0,0.4,0.6,0.4,-101.6,12.3,164.3,34.2,13.0,153.3,16.0,0.4,0.6,0.4,0.0,41.8,58.8,42.0,10.0,42.6,16.0,0.4,0.5,0.4,-52.4,40.0,119.7,35.7,10.0,91.0,16.0,0.4,0.5,0.4,0.0,1.5,40.5,16.7,9.0,26.4,14.0,0.4,0.6,0.5,-37.9,0.0,20.8,-6.7,9.0,34.6,14.0,0.4,0.6,0.5,63.0,551.5,3652.5,1163.5,13.0,1447.0,16.0,0.4,0.6,0.4,65.0,550.0,3650.0,1165.0,13.0,1445.0,16.0,0.4,0.6,0.4
1974,2,294.0,32.0,18.99,19.6,20.04,19.62,13.0,0.62,14.0,0.7,0.6,0.6,15.18,16.7,20.0,17.35,13.0,2.4,14.0,0.8,0.6,0.6,7.12,9.21,13.32,9.83,13.0,2.69,14.0,0.8,0.6,0.6,68.7,76.6,91.5,78.6,13.0,12.2,14.0,0.8,0.6,4.17,10.05,19.24,11.19,14.0,6.87,14.0,0.7,0.5,0.6,-3.03,1.59,16.57,5.42,14.0,9.79,14.0,0.7,0.5,0.6,-4.28,0.0,9.69,1.72,14.0,7.18,14.0,0.7,0.5,0.6,1008.72,1019.4,1021.5,1016.34,14.0,6.57,14.0,0.7,0.5,0.6,4.0,5.5,8.0,5.4,14.0,2.4,14.0,0.7,0.5,0.6,-15.2,14.8,320.0,120.2,14.0,192.5,14.0,0.7,0.5,0.6,-72.1,0.0,146.9,21.2,14.0,98.4,14.0,0.7,0.5,0.6,-0.13,1.65,4.43,2.23,12.0,2.45,14.0,0.8,0.6,0.6,-1.5,6.3,65.9,29.7,12.0,53.0,14.0,0.8,0.6,0.6,0.98,4.49,6.54,4.12,12.0,2.61,14.0,0.8,0.6,0.6,12.7,18.3,87.6,47.5,12.0,56.8,14.0,0.8,0.6,0.6,-47.0,63.0,304.0,96.9,13.0,159.1,14.0,0.8,0.6,0.6,-88.6,0.0,195.3,33.5,13.0,135.0,14.0,0.8,0.6,0.6,-28.6,40.5,160.0,57.4,13.0,95.4,14.0,0.8,0.6,0.6,-47.3,0.0,115.0,26.1,13.0,77.9,14.0,0.8,0.6,0.6,-17.0,2.3,76.0,27.2,12.0,65.8,14.0,0.8,0.6,0.6,-22.0,0.0,11.6,-1.4,12.0,23.5,14.0,0.8,0.6,0.6,79.0,1032.0,7177.5,3005.5,14.0,4144.0,14.0,0.7,0.5,0.6,80.0,1030.0,7175.0,3005.0,14.0,4145.0,14.0,0.7,0.5,0.6
1974,2,294.0,33.0,17.74,19.1,20.1,19.0,6.0,1.21,20.0,0.7,0.4,0.5,12.79,16.15,17.05,15.4,6.0,2.42,18.0,0.8,0.5,0.6,7.6,8.43,9.87,8.69,5.0,1.36,20.0,0.8,0.6,0.6,75.0,81.4,90.8,81.7,5.0,10.8,20.0,0.8,0.6,4.53,12.3,12.9,9.63,7.0,4.16,18.0,0.7,0.5,0.5,2.08,9.16,10.0,6.27,7.0,5.26,18.0,0.7,0.5,0.5,-4.19,0.0,8.14,1.42,7.0,7.04,18.0,0.7,0.5,0.5,1010.49,1017.0,1017.66,1015.31,7.0,3.47,18.0,0.7,0.5,0.5,7.0,8.0,8.0,7.2,6.0,2.0,18.0,0.8,0.5,0.6,7.8,85.2,128.6,67.3,7.0,69.7,18.0,0.7,0.5,0.5,-22.6,0.0,100.4,21.6,7.0,86.7,18.0,0.7,0.5,0.5,1.23,2.9,4.42,2.92,5.0,1.83,20.0,0.8,0.4,0.6,10.1,25.3,34.2,23.3,5.0,16.1,20.0,0.8,0.4,0.6,3.3,3.96,5.39,4.33,4.0,1.38,22.0,0.8,0.5,0.6,15.0,31.4,50.4,32.6,4.0,21.5,22.0,0.8,0.5,0.6,46.3,136.6,171.6,122.6,6.0,73.0,18.0,0.8,0.5,0.6,-60.2,0.0,47.5,0.3,6.0,80.0,18.0,0.8,0.5,0.6,25.2,65.3,100.5,65.3,5.0,45.0,20.0,0.8,0.6,0.6,-45.4,0.0,4.2,-17.9,5.0,33.1,20.0,0.8,0.6,0.6,10.1,26.3,50.0,29.8,4.0,23.6,22.0,0.8,0.5,0.6,-9.3,0.0,5.3,-1.9,4.0,11.6,22.0,0.8,0.5,0.6,94.0,1861.0,2146.5,1278.0,7.0,945.5,18.0,0.7,0.5,0.5,95.0,1860.0,2145.0,1280.0,7.0,945.0,18.0,0.7,0.5,0.5
1974,2,294.0,34.0,18.6,19.4,20.57,19.48,10.0,0.99,20.0,0.6,0.4,0.5,14.27,17.45,19.63,17.02,12.0,2.54,18.0,0.6,0.5,0.5,7.44,9.67,12.19,9.54,10.0,2.35,16.0,0.6,0.5,0.6,61.2,76.4,90.0,75.4,10.0,15.0,16.0,0.6,0.6,9.02,10.8,16.05,12.38,12.0,4.09,18.0,0.6,0.5,0.5,2.06,7.89,14.34,7.49,12.0,5.8,18.0,0.6,0.5,0.5,-8.67,-0.19,7.51,-1.37,12.0,9.33,18.0,0.6,0.5,0.5,1005.67,1015.5,1019.85,1014.04,12.0,6.47,18.0,0.6,0.5,0.5,4.7,7.0,8.0,6.5,12.0,1.8,18.0,0.6,0.5,0.5,31.5,82.0,225.6,93.0,12.0,95.5,18.0,0.6,0.5,0.5,-123.8,-10.5,83.2,-36.8,12.0,150.9,18.0,0.6,0.5,0.5,0.7,2.75,5.71,3.07,10.0,2.77,20.0,0.6,0.4,0.5,5.9,25.6,92.0,44.8,10.0,52.9,20.0,0.6,0.4,0.5,2.96,5.27,6.55,4.9,8.0,1.77,18.0,0.6,0.5,0.6,26.6,56.5,90.5,56.9,8.0,30.3,18.0,0.6,0.5,0.6,29.4,147.7,228.1,134.6,12.0,103.9,18.0,0.6,0.5,0.5,-135.5,-2.1,130.3,-12.3,12.0,140.7,18.0,0.6,0.5,0.5,41.5,109.2,118.9,85.6,10.0,46.2,16.0,0.6,0.5,0.6,-38.8,31.3,88.9,23.7,10.0,56.3,16.0,0.6,0.5,0.6,21.6,39.9,88.3,47.0,8.0,33.8,18.0,0.6,0.5,0.6,-33.0,1.4,33.2,1.0,8.0,30.8,18.0,0.6,0.5,0.6,740.0,1268.0,4140.0,2492.0,12.0,2309.0,18.0,0.6,0.5,0.5,740.0,1270.0,4140.0,2490.0,12.0,2310.0,18.0,0.6,0.5,0.5
1974,2,294.0,35.0,20.0,21.0,21.0,20.63,9.0,0.87,12.0,0.7,0.6,0.3,14.74,19.6,20.36,18.1,9.0,3.05,12.0,0.7,0.6,0.3,7.48,10.6,12.59,10.14,7.0,2.73,12.0,0.7,0.6,0.3,64.8,74.8,82.3,75.1,7.0,9.0,12.0,0.7,0.3,6.5,13.0,17.46,12.19,9.0,5.74,12.0,0.7,0.6,0.3,0.36,3.52,14.69,6.1,9.0,7.07,12.0,0.7,0.6,0.3,-4.34,9.5,11.53,3.83,9.0,9.57,12.0,0.7,0.6,0.3,1005.05,1010.9,1021.37,1013.67,9.0,7.91,12.0,0.7,0.6,0.3,6.0,7.0,8.0,6.6,8.0,1.7,14.0,0.6,0.5,0.3,0.8,36.3,269.4,103.5,9.0,130.6,12.0,0.7,0.6,0.3,-47.7,99.7,181.4,63.2,9.0,133.5,12.0,0.7,0.6,0.3,0.57,1.3,4.73,2.53,9.0,2.96,12.0,0.7,0.6,0.3,4.5,20.8,59.5,26.2,9.0,39.4,12.0,0.7,0.6,0.3,2.87,4.81,7.19,4.78,7.0,2.58,12.0,0.7,0.6,0.3,14.1,33.3,93.8,51.5,7.0,47.2,12.0,0.7,0.6,0.3,6.2,69.4,279.4,117.1,9.0,131.9,12.0,0.7,0.6,0.3,-63.0,186.2,248.6,93.9,9.0,172.5,12.0,0.7,0.6,0.3,-0.5,40.9,137.8,69.4,7.0,76.4,12.0,0.7,0.6,0.3,-23.9,100.7,136.6,63.2,7.0,82.7,12.0,0.7,0.6,0.3,-0.6,9.1,82.0,33.4,7.0,54.9,12.0,0.7,0.6,0.3,-24.9,10.5,33.9,7.0,7.0,30.8,12.0,0.7,0.6,0.3,391.5,2197.0,5364.0,2792.5,9.0,2465.5,12.0,0.7,0.6,0.3,390.0,2195.0,5365.0,2790.0,9.0,2465.0,12.0,0.7,0.6,0.3
1974,2,294.0,36.0,17.51,19.75,22.96,20.03,10.0,2.77,18.0,0.3,0.7,0.4,12.43,15.1,16.66,14.75,10.0,2.38,18.0,0.3,0.7,0.4,6.13,8.5,9.86,7.98,8.0,2.19,18.0,0.3,0.8,0.4,65.2,72.9,91.7,76.4,8.0,15.2,18.0,0.3,0.4,5.77,10.3,18.0,11.39,10.0,5.94,18.0,0.3,0.7,0.4,0.38,6.42,16.73,7.75,10.0,7.78,18.0,0.3,0.7,0.4,-7.99,0.0,3.16,-0.47,10.0,7.22,18.0,0.3,0.7,0.4,1004.64,1014.2,1024.4,1013.61,10.0,11.18,18.0,0.3,0.7,0.4,2.9,6.5,8.0,5.8,10.0,2.3,18.0,0.3,0.7,0.4,1.0,49.0,284.0,122.6,10.0,144.7,18.0,0.3,0.7,0.4,-64.9,0.0,44.8,8.3,10.0,99.8,18.0,0.3,0.7,0.4,2.59,5.15,8.17,5.28,10.0,3.03,18.0,0.3,0.7,0.4,24.2,41.7,86.2,48.5,10.0,32.2,18.0,0.3,0.7,0.4,5.32,6.63,7.84,6.67,8.0,1.15,18.0,0.3,0.8,0.4,34.3,64.9,97.9,68.8,8.0,34.1,18.0,0.3,0.8,0.4,5.7,88.6,276.3,124.7,10.0,126.8,18.0,0.3,0.7,0.4,-92.8,0.0,46.7,5.4,10.0,112.5,18.0,0.3,0.7,0.4,6.7,48.4,144.9,72.4,8.0,73.0,18.0,0.3,0.8,0.4,-32.8,0.0,23.0,-5.0,8.0,32.6,18.0,0.3,0.8,0.4,7.4,45.0,97.7,52.3,8.0,47.1,18.0,0.3,0.8,0.4,-47.3,0.0,19.3,-8.0,8.0,33.8,18.0,0.3,0.8,0.4,258.5,1123.5,5832.0,2557.0,10.0,2714.5,18.0,0.3,0.7,0.4,260.0,1125.0,5830.0,2555.0,10.0,2715.0,18.0,0.3,0.7,0.4
1974,2,294.0,37.0,19.0,20.0,22.23,20.52,13.0,1.56,14.0,0.8,0.6,0.4,10.67,17.2,18.71,15.35,17.0,4.08,12.0,0.8,0.6,0.4,5.18,9.46,11.65,8.88,14.0,3.01,12.0,0.7,0.6,0.4,61.5,73.3,88.7,75.4,15.0,13.5,12.0,0.7,0.4,5.46,9.8,15.4,10.68,17.0,5.66,12.0,0.8,0.6,0.4,0.0,4.31,12.96,5.76,17.0,6.71,12.0,0.8,0.6,0.4,-8.13,-1.99,8.18,0.72,17.0,8.51,12.0,0.8,0.6,0.4,1000.11,1013.25,1021.68,1011.09,16.0,11.49,12.0,0.8,0.6,0.4,4.4,7.5,8.0,6.4,16.0,2.1,12.0,0.8,0.6,0.4,0.0,29.6,205.4,90.5,17.0,134.1,12.0,0.8,0.6,0.4,-75.6,-5.2,118.6,29.9,17.0,135.7,12.0,0.8,0.6,0.4,1.98,3.7,9.52,4.98,13.0,3.79,14.0,0.8,0.6,0.4,14.3,27.9,65.9,42.0,13.0,38.7,14.0,0.8,0.6,0.4,2.68,5.79,6.73,5.45,11.0,2.6,12.0,0.7,0.6,0.4,23.9,48.5,69.1,53.1,11.0,37.3,12.0,0.7,0.6,0.4,0.0,55.7,223.9,96.1,17.0,117.3,12.0,0.8,0.6,0.4,-85.7,-30.5,155.2,34.3,17.0,135.8,12.0,0.8,0.6,0.4,0.3,35.9,121.5,56.9,14.0,77.1,12.0,0.7,0.6,0.4,-47.5,17.4,92.0,26.7,14.0,86.8,12.0,0.7,0.6,0.4,-1.0,17.5,55.8,24.9,11.0,40.3,12.0,0.7,0.6,0.4,-45.2,14.7,43.1,6.2,11.0,46.3,12.0,0.7,0.6,0.4,191.5,941.0,3652.5,2323.5,17.0,4008.0,12.0,0.8,0.6,0.4,190.0,940.0,3650.0,2325.0,17.0,4010.0,12.0,0.8,0.6,0.4
1974,2,294.0,38.0,10.31,16.1,21.78,16.67,15.0,4.84,14.0,0.7,0.6,0.4,6.94,11.95,15.0,11.94,16.0,4.0,14.0,0.6,0.6,0.4,5.61,7.65,9.67,7.48,9.0,2.32,14.0,0.8,0.5,0.5,77.0,78.3,85.5,76.1,9.0,14.3,14.0,0.8,0.5,4.23,9.55,13.84,9.18,16.0,5.07,14.0,0.6,0.6,0.4,0.0,3.89,9.59,4.29,16.0,6.71,14.0,0.6,0.6,0.4,-6.65,-1.36,8.82,-0.32,16.0,7.13,14.0,0.6,0.6,0.4,1002.05,1011.5,1019.9,1010.94,16.0,8.89,14.0,0.6,0.6,0.4,6.7,8.0,8.0,7.5,12.0,1.0,12.0,0.8,0.6,0.3,0.0,41.8,96.4,49.0,16.0,106.1,14.0,0.6,0.6,0.4,-78.2,-8.8,90.0,-1.8,16.0,96.2,14.0,0.6,0.6,0.4,1.64,6.0,8.8,4.93,15.0,4.46,14.0,0.7,0.6,0.4,11.3,18.8,85.0,35.8,15.0,54.8,14.0,0.7,0.6,0.4,0.85,5.96,7.55,5.37,9.0,4.33,14.0,0.8,0.5,0.5,3.5,33.9,96.5,45.7,9.0,47.8,14.0,0.8,0.5,0.5,0.0,51.5,143.6,46.1,16.0,101.6,14.0,0.6,0.6,0.4,-60.2,-16.4,122.7,10.1,16.0,89.5,14.0,0.6,0.6,0.4,-0.8,29.1,73.7,19.4,9.0,73.2,14.0,0.8,0.5,0.5,-51.5,49.5,80.1,20.6,9.0,65.2,14.0,0.8,0.5,0.5,-15.0,0.0,24.8,0.1,9.0,50.4,14.0,0.8,0.5,0.5,-49.0,-12.3,32.3,-5.4,9.0,45.4,14.0,0.8,0.5,0.5,76.5,873.0,2811.5,1463.5,16.0,1919.5,14.0,0.6,0.6,0.4,75.0,875.0,2810.0,1465.0,16.0,1920.0,14.0,0.6,0.6,0.4
1974,2,294.0,39.0,14.0,14.7,16.58,15.09,8.0,1.63,18.0,0.4,0.4,0.3,9.2,11.7,14.1,11.01,9.0,3.48,16.0,0.3,0.4,0.3,5.67,6.91,8.45,7.16,6.0,1.66,18.0,0.5,0.4,0.2,74.3,78.9,89.4,80.5,6.0,9.6,18.0,0.5,0.2,10.3,12.0,15.4,12.56,9.0,4.05,16.0,0.3,0.4,0.3,-8.8,5.15,12.7,3.54,9.0,11.23,16.0,0.3,0.4,0.3,-7.94,-3.58,6.26,-1.43,9.0,7.15,16.0,0.3,0.4,0.3,1000.33,1011.5,1023.59,1012.14,9.0,10.96,16.0,0.3,0.4,0.3,2.3,7.5,8.0,5.8,8.0,3.2,16.0,0.4,0.4,0.2,-105.6,53.0,184.7,54.4,9.0,187.3,16.0,0.3,0.4,0.3,-89.0,-49.3,77.6,-21.8,9.0,85.4,16.0,0.3,0.4,0.3,0.81,5.0,5.44,4.05,8.0,3.59,18.0,0.4,0.4,0.3,5.8,54.1,100.1,52.9,8.0,48.8,18.0,0.4,0.4,0.3,2.32,4.45,5.12,3.89,6.0,2.15,18.0,0.5,0.4,0.2,24.1,47.7,81.5,55.4,6.0,45.1,18.0,0.5,0.4,0.2,-90.8,51.5,184.5,52.3,9.0,140.3,16.0,0.3,0.4,0.3,-57.5,-39.0,85.7,-0.9,9.0,69.8,16.0,0.3,0.4,0.3,-0.2,46.6,129.3,46.6,6.0,90.4,18.0,0.5,0.4,0.2,-42.0,14.4,52.1,7.4,6.0,49.7,18.0,0.5,0.4,0.2,-10.0,22.9,47.1,24.2,6.0,63.6,18.0,0.5,0.4,0.2,-27.2,-10.8,23.7,-4.1,6.0,30.9,18.0,0.5,0.4,0.2,1092.5,1728.0,3652.5,2564.5,9.0,2587.0,16.0,0.3,0.4,0.3,1095.0,1730.0,3650.0,2565.0,9.0,2585.0,16.0,0.3,0.4,0.3
1974,2,294.0,40.0,7.47,13.4,16.23,12.43,17.0,4.44,12.0,0.8,0.4,0.5,3.41,5.3,12.75,7.2,20.0,4.38,12.0,0.6,0.5,0.5,3.42,4.68,7.81,5.54,11.0,2.59,10.0,0.7,0.5,0.4,65.9,84.7,91.6,80.5,11.0,12.7,10.0,0.7,0.4,9.0,11.65,19.93,13.13,20.0,6.27,12.0,0.6,0.5,0.5,-1.61,3.56,18.13,6.06,20.0,9.6,12.0,0.6,0.5,0.5,-11.8,-3.9,9.1,-2.94,20.0,8.98,12.0,0.6,0.5,0.5,995.89,1008.0,1023.04,1008.45,20.0,11.65,12.0,0.6,0.5,0.5,5.0,8.0,8.0,6.9,18.0,1.9,12.0,0.7,0.5,0.4,-15.0,37.0,379.4,123.9,20.0,222.2,12.0,0.6,0.5,0.5,-219.7,-41.9,84.5,-61.4,20.0,153.5,12.0,0.6,0.5,0.5,1.9,6.6,10.43,5.95,17.0,4.34,12.0,0.8,0.4,0.5,23.1,81.6,174.8,92.4,17.0,87.5,12.0,0.8,0.4,0.5,3.48,5.97,7.02,5.05,10.0,2.71,10.0,0.8,0.5,0.4,33.9,61.4,159.7,79.5,10.0,66.2,10.0,0.8,0.5,0.4,-13.7,25.6,117.2,36.6,20.0,68.6,12.0,0.6,0.5,0.5,-52.3,-12.4,85.7,8.3,20.0,78.3,12.0,0.6,0.5,0.5,-8.6,35.3,90.9,38.0,11.0,51.4,10.0,0.7,0.5,0.4,-52.0,-30.8,76.1,-1.2,11.0,65.1,10.0,0.7,0.5,0.4,-10.4,15.1,138.3,44.2,10.0,77.2,10.0,0.8,0.5,0.4,-79.8,-41.7,-8.1,-38.1,10.0,40.8,10.0,0.8,0.5,0.4,730.0,1585.5,7933.5,3998.5,20.0,6660.5,12.0,0.6,0.5,0.5,730.0,1585.0,7935.0,4000.0,20.0,6660.0,12.0,0.6,0.5,0.5
1974,2,294.0,41.0,6.0,10.4,15.1,10.63,7.0,4.72,16.0,0.6,0.5,0.3,1.69,2.1,3.34,3.76,7.0,4.54,16.0,0.6,0.5,0.3,2.71,3.03,3.44,3.08,3.0,0.54,16.0,0.3,0.5,0.2,60.8,71.0,78.3,69.6,3.0,12.9,16.0,0.3,0.2,7.08,8.35,10.24,10.09,8.0,6.41,14.0,0.5,0.5,0.2,-2.13,1.35,6.08,2.77,8.0,6.14,14.0,0.5,0.5,0.2,-8.88,-7.08,6.02,-2.24,8.0,10.26,14.0,0.5,0.5,0.2,1012.37,1015.95,1025.5,1016.89,8.0,9.41,14.0,0.5,0.5,0.2,6.0,7.0,8.0,6.3,8.0,2.7,14.0,0.5,0.5,0.2,-14.9,7.9,62.5,59.0,8.0,143.7,14.0,0.5,0.5,0.2,-81.2,-52.2,47.9,20.7,8.0,194.3,14.0,0.5,0.5,0.2,3.76,4.6,11.19,6.87,7.0,3.99,16.0,0.6,0.5,0.3,35.2,60.9,87.4,63.1,7.0,36.5,16.0,0.6,0.5,0.3,3.0,4.78,6.43,4.72,3.0,2.51,16.0,0.3,0.5,0.2,25.9,33.4,48.5,37.1,3.0,16.8,16.0,0.3,0.5,0.2,-0.2,3.6,25.3,35.3,7.0,84.6,16.0,0.6,0.5,0.3,-20.3,-18.0,7.9,25.2,7.0,108.2,16.0,0.6,0.5,0.3,-3.9,3.4,17.5,6.7,3.0,15.9,16.0,0.3,0.5,0.2,-25.9,-19.9,-19.6,-22.7,3.0,5.2,16.0,0.3,0.5,0.2,-4.8,9.6,12.9,4.2,3.0,13.8,16.0,0.3,0.5,0.2,-47.2,-31.4,-21.7,-34.4,3.0,18.9,16.0,0.3,0.5,0.2,355.5,593.0,1076.0,2510.5,8.0,5462.0,14.0,0.5,0.5,0.2,355.0,595.0,1075.0,2510.0,8.0,5460.0,14.0,0.5,0.5,0.2
1974,2,294.0,42.0,2.55,3.95,5.35,3.95,2.0,2.9,14.0,0.5,0.4,0.4,-3.46,0.5,5.56,1.28,5.0,5.62,16.0,0.6,0.3,0.4,2.7,2.83,5.38,3.98,4.0,2.48,14.0,0.5,0.3,0.4,78.8,92.7,100.0,89.6,4.0,13.1,14.0,0.5,0.4,4.62,6.7,9.17,6.62,5.0,3.44,16.0,0.6,0.3,0.4,-2.7,0.0,3.45,0.67,5.0,4.7,16.0,0.6,0.3,0.4,-7.68,-1.51,2.85,-2.09,5.0,6.21,16.0,0.6,0.3,0.4,996.0,999.7,1018.41,1005.62,5.0,13.48,16.0,0.6,0.3,0.4,7.0,8.0,8.0,7.5,4.0,1.0,14.0,0.5,0.3,0.4,-22.2,0.0,27.5,5.1,5.0,41.3,16.0,0.6,0.3,0.4,-62.8,-13.1,16.0,-21.8,5.0,51.0,16.0,0.6,0.3,0.4,-2.56,0.55,3.66,0.55,2.0,6.43,14.0,0.5,0.4,0.4,-14.5,12.1,38.7,12.1,2.0,55.0,14.0,0.5,0.4,0.4,-1.26,-0.02,1.23,-0.02,2.0,2.58,14.0,0.5,0.4,0.4,-7.5,2.9,13.3,2.9,2.0,21.5,14.0,0.5,0.4,0.4,-8.4,1.5,6.7,-1.2,5.0,12.8,16.0,0.6,0.3,0.4,1.4,26.1,42.1,24.2,5.0,25.6,16.0,0.6,0.3,0.4,-13.5,-4.4,12.7,-0.6,4.0,18.0,14.0,0.5,0.3,0.4,-21.7,-11.6,23.4,0.3,4.0,33.3,14.0,0.5,0.3,0.4,-4.5,-1.0,2.6,-1.0,2.0,7.4,14.0,0.5,0.4,0.4,-16.1,-14.3,-12.5,-14.3,2.0,3.8,14.0,0.5,0.4,0.4,191.5,301.0,783.0,452.0,5.0,384.5,16.0,0.6,0.3,0.4,190.0,300.0,785.0,450.0,5.0,385.0,16.0,0.6,0.3,0.4
1974,2,294.0,43.0,0.0,1.9,3.96,1.88,14.0,1.68,12.0,0.2,0.7,0.4,-8.0,-4.0,-1.0,-4.01,80.0,4.08,12.0,0.6,0.6,0.5,2.46,3.71,5.6,3.88,6.0,1.73,14.0,0.2,0.8,0.5,83.2,86.1,90.6,86.8,6.0,8.0,14.0,0.2,0.5,5.1,10.05,15.4,10.01,78.0,5.7,12.0,0.6,0.6,0.5,-4.25,2.46,8.29,2.08,78.0,7.23,12.0,0.6,0.6,0.5,-11.03,-5.02,1.94,-4.37,78.0,7.61,12.0,0.6,0.6,0.5,994.47,1007.0,1019.02,1006.37,44.0,10.03,12.0,0.6,0.7,0.6,4.0,7.0,8.0,6.2,68.0,2.3,12.0,0.6,0.6,0.5,-37.5,7.9,104.8,28.6,78.0,125.4,12.0,0.6,0.6,0.5,-158.3,-31.7,8.1,-58.8,78.0,134.2,12.0,0.6,0.6,0.5,-3.69,3.45,6.84,3.02,14.0,5.38,12.0,0.2,0.7,0.4,-52.1,18.0,94.6,24.7,12.0,66.0,14.0,0.3,0.7,0.4,-0.84,0.58,1.79,0.46,6.0,1.51,14.0,0.2,0.8,0.5,-13.1,3.5,28.4,5.0,6.0,22.6,14.0,0.2,0.8,0.5,-44.9,-0.9,21.1,-7.8,77.0,40.3,14.0,0.6,0.6,0.5,2.7,26.2,65.1,31.0,77.0,35.7,14.0,0.6,0.6,0.5,-21.3,3.9,41.4,13.1,6.0,45.7,14.0,0.2,0.8,0.5,-21.4,0.0,63.7,18.5,6.0,50.8,14.0,0.2,0.8,0.5,-12.3,-5.2,9.7,-1.2,6.0,17.5,14.0,0.2,0.8,0.5,-19.3,-10.4,0.0,-10.6,6.0,9.9,14.0,0.2,0.8,0.5,132.5,1017.0,3652.5,2093.5,78.0,3348.0,12.0,0.6,0.6,0.5,135.0,1015.0,3650.0,2095.0,78.0,3350.0,12.0,0.6,0.6,0.5
1974,2,294.0,44.0,,,,,,,,,,,,,,,,,,,,,,,,,,,,,,,,,,,,,,,,8.87,10.3,10.3,9.6,3.0,1.21,16.0,0.3,0.4,0.9,-1.92,8.2,9.21,3.75,3.0,9.01,16.0,0.3,0.4,0.9,-2.4,0.0,5.39,1.46,3.0,5.84,16.0,0.3,0.4,0.9,1011.32,1012.0,1018.14,1014.67,3.0,5.51,16.0,0.3,0.4,0.9,,,,,,,,,,,,,,,,,,,,,,,,,,,,,,,,,,,,,,,,,,,,,,,,,,,,,,,,,,,,,,,,,,,,,,,,,,,,,,,,,,,,,,,,,,,,,,,,,,,,,,,,,,,,,,,,,,,,,,,,,,,,,,,,,,,,,,,,,,,,,,,,,,,,,,
1974,2,294.0,45.0,,,,,,,,,,,,,,,,,,,,,,,,,,,,,,,,,,,,,,,,6.34,8.75,14.1,10.15,4.0,5.58,14.0,0.8,0.6,0.1,-0.91,5.47,12.9,5.97,4.0,9.37,14.0,0.8,0.6,0.1,-6.31,-2.43,-1.53,-3.85,4.0,3.65,14.0,0.8,0.6,0.1,1000.19,1009.5,1014.1,1007.25,4.0,9.57,14.0,0.8,0.6,0.1,,,,,,,,,,,,,,,,,,,,,,,,,,,,,,,,,,,,,,,,,,,,,,,,,,,,,,,,,,,,,,,,,,,,,,,,,,,,,,,,,,,,,,,,,,,,,,,,,,,,,,,,,,,,,,,,,,,,,,,,,,,,,,,,,,,,,,,,,,,,,,,,,,,,,,
1974,2,294.0,47.0,,,,,,,,,,,,,,,,,,,,,,,,,,,,,,,,,,,,,,,,7.2,7.2,7.2,7.2,1.0,0.0,28.0,0.0,0.1,0.8,4.63,4.63,4.63,4.63,1.0,0.0,28.0,0.0,0.1,0.8,-5.52,-5.52,-5.52,-5.52,1.0,0.0,28.0,0.0,0.1,0.8,1023.0,1023.0,1023.0,1023.0,1.0,0.0,28.0,0.0,0.1,0.8,,,,,,,,,,,,,,,,,,,,,,,,,,,,,,,,,,,,,,,,,,,,,,,,,,,,,,,,,,,,,,,,,,,,,,,,,,,,,,,,,,,,,,,,,,,,,,,,,,,,,,,,,,,,,,,,,,,,,,,,,,,,,,,,,,,,,,,,,,,,,,,,,,,,,,
1974,2,294.0,48.0,-1.6,-1.6,-1.6,-1.6,1.0,0.0,8.0,1.0,0.5,0.0,-7.1,-7.1,-7.1,-7.1,1.0,0.0,8.0,1.0,0.5,0.0,1.86,1.86,1.86,1.86,1.0,0.0,8.0,1.0,0.5,0.0,83.6,83.6,83.6,83.6,1.0,0.0,8.0,1.0,0.0,2.6,2.6,2.6,2.6,1.0,0.0,8.0,1.0,0.5,0.0,1.67,1.67,1.67,1.67,1.0,0.0,8.0,1.0,0.5,0.0,-1.99,-1.99,-1.99,-1.99,1.0,0.0,8.0,1.0,0.5,0.0,1013.5,1013.5,1013.5,1013.5,1.0,0.0,8.0,1.0,0.5,0.0,3.0,3.0,3.0,3.0,1.0,0.0,8.0,1.0,0.5,0.0,4.3,4.3,4.3,4.3,1.0,0.0,8.0,1.0,0.5,0.0,-5.2,-5.2,-5.2,-5.2,1.0,0.0,8.0,1.0,0.5,0.0,5.5,5.5,5.5,5.5,1.0,0.0,8.0,1.0,0.5,0.0,14.3,14.3,14.3,14.3,1.0,0.0,8.0,1.0,0.5,0.0,1.5,1.5,1.5,1.5,1.0,0.0,8.0,1.0,0.5,0.0,3.9,3.9,3.9,3.9,1.0,0.0,8.0,1.0,0.5,0.0,-11.9,-11.9,-11.9,-11.9,1.0,0.0,8.0,1.0,0.5,0.0,14.1,14.1,14.1,14.1,1.0,0.0,8.0,1.0,0.5,0.0,3.1,3.1,3.1,3.1,1.0,0.0,8.0,1.0,0.5,0.0,-3.7,-3.7,-3.7,-3.7,1.0,0.0,8.0,1.0,0.5,0.0,2.5,2.5,2.5,2.5,1.0,0.0,8.0,1.0,0.5,0.0,-3.0,-3.0,-3.0,-3.0,1.0,0.0,8.0,1.0,0.5,0.0,17.5,17.5,17.5,17.5,1.0,0.0,8.0,1.0,0.5,0.0,20.0,20.0,20.0,20.0,1.0,0.0,8.0,1.0,0.5,0.0
1974,2,294.0,49.0,-1.09,-0.65,-0.21,-0.65,2.0,0.92,8.0,1.0,0.4,0.6,-8.8,-8.8,-8.8,-8.8,1.0,0.0,12.0,1.0,0.7,0.8,0.93,0.93,0.93,0.93,1.0,0.0,12.0,1.0,0.7,0.8,47.7,47.7,47.7,47.7,1.0,0.0,12.0,1.0,0.8,6.49,9.7,12.91,9.7,2.0,6.65,8.0,1.0,0.4,0.6,5.79,8.93,12.07,8.93,2.0,6.51,8.0,1.0,0.4,0.6,-4.54,-3.71,-2.88,-3.71,2.0,1.71,8.0,1.0,0.4,0.6,1008.46,1010.3,1012.14,1010.3,2.0,3.82,8.0,1.0,0.4,0.6,3.0,5.0,7.0,5.0,2.0,4.2,8.0,1.0,0.4,0.6,49.1,108.3,167.4,108.3,2.0,122.5,8.0,1.0,0.4,0.6,-61.6,-41.7,-21.8,-41.7,2.0,41.3,8.0,1.0,0.4,0.6,7.5,7.5,7.5,7.5,1.0,0.0,12.0,1.0,0.7,0.8,108.0,108.0,108.0,108.0,1.0,0.0,12.0,1.0,0.7,0.8,2.52,2.52,2.52,2.52,1.0,0.0,12.0,1.0,0.7,0.8,36.3,36.3,36.3,36.3,1.0,0.0,12.0,1.0,0.7,0.8,-119.1,-119.1,-119.1,-119.1,1.0,0.0,12.0,1.0,0.7,0.8,43.3,43.3,43.3,43.3,1.0,0.0,12.0,1.0,0.7,0.8,12.6,12.6,12.6,12.6,1.0,0.0,12.0,1.0,0.7,0.8,-4.6,-4.6,-4.6,-4.6,1.0,0.0,12.0,1.0,0.7,0.8,34.1,34.1,34.1,34.1,1.0,0.0,12.0,1.0,0.7,0.8,-12.4,-12.4,-12.4,-12.4,1.0,0.0,12.0,1.0,0.7,0.8,579.0,1555.5,2532.0,1555.5,2.0,2023.0,8.0,1.0,0.4,0.6,580.0,1555.0,2530.0,1555.0,2.0,2025.0,8.0,1.0,0.4,0.6
1974,2,295.0,-66.0,0.16,0.35,0.79,0.55,6.0,0.69,24.0,1.0,0.9,0.8,1.67,2.5,3.6,2.48,6.0,1.3,24.0,1.0,0.9,0.8,3.51,3.8,3.94,3.73,6.0,0.26,24.0,1.0,0.9,0.8,69.2,80.7,89.4,80.5,6.0,12.6,24.0,1.0,0.8,3.46,8.25,12.53,7.88,6.0,4.78,24.0,1.0,0.9,0.8,-8.05,-4.12,-0.79,-4.29,6.0,3.51,24.0,1.0,0.9,0.8,-9.6,-7.14,-3.25,-6.35,6.0,3.82,24.0,1.0,0.9,0.8,967.7,976.7,989.85,980.28,6.0,14.95,24.0,1.0,0.9,0.8,7.8,8.0,8.0,7.8,6.0,0.4,24.0,1.0,0.9,0.8,-101.0,-34.6,-0.8,-47.1,6.0,49.0,24.0,1.0,0.9,0.8,-120.4,-59.9,-13.3,-65.0,6.0,54.6,24.0,1.0,0.9,0.8,-3.34,-2.4,-0.88,-1.93,6.0,1.85,24.0,1.0,0.9,0.8,-41.9,-18.4,-6.2,-21.8,6.0,19.2,24.0,1.0,0.9,0.8,0.14,0.34,0.5,0.34,6.0,0.21,24.0,1.0,0.9,0.8,0.5,1.6,6.1,3.1,6.0,3.4,24.0,1.0,0.9,0.8,-29.1,-10.6,-0.3,-13.9,6.0,14.4,24.0,1.0,0.9,0.8,-34.6,-18.3,-6.5,-19.8,6.0,15.7,24.0,1.0,0.9,0.8,-28.2,-15.9,-3.2,-15.4,6.0,11.9,24.0,1.0,0.9,0.8,-33.6,-27.5,-12.4,-23.0,6.0,13.2,24.0,1.0,0.9,0.8,-3.9,-0.8,-0.4,-1.9,6.0,2.2,24.0,1.0,0.9,0.8,-4.7,-1.4,-0.4,-2.4,6.0,2.6,24.0,1.0,0.9,0.8,55.0,589.0,1973.5,919.0,6.0,997.5,24.0,1.0,0.9,0.8,55.0,590.0,1975.0,920.0,6.0,995.0,24.0,1.0,0.9,0.8
1974,2,295.0,-65.0,1.3,2.0,2.4,1.76,25.0,0.79,26.0,0.8,0.9,0.3,1.6,2.8,3.9,2.74,25.0,1.03,26.0,0.8,0.9,0.3,3.76,3.92,4.36,3.97,24.0,0.33,26.0,0.8,0.9,0.3,77.1,82.7,91.4,82.9,24.0,7.4,26.0,0.8,0.3,3.91,7.2,10.8,7.18,25.0,3.55,26.0,0.8,0.9,0.3,-2.5,1.79,4.45,1.22,25.0,3.19,26.0,0.8,0.9,0.3,-10.24,-6.67,-1.84,-6.16,25.0,3.88,26.0,0.8,0.9,0.3,961.94,968.0,974.19,968.98,25.0,7.71,26.0,0.8,0.9,0.3,5.8,8.0,8.0,7.2,25.0,1.9,26.0,0.8,0.9,0.3,-21.4,9.5,32.9,8.3,25.0,26.7,26.0,0.8,0.9,0.3,-106.5,-48.7,-7.9,-56.8,25.0,49.7,26.0,0.8,0.9,0.3,-2.04,-1.2,0.41,-0.98,25.0,1.26,26.0,0.8,0.9,0.3,-17.2,-5.4,2.4,-7.1,25.0,10.0,26.0,0.8,0.9,0.3,0.07,0.62,0.81,0.52,24.0,0.38,26.0,0.8,0.9,0.3,0.7,3.8,8.1,4.2,24.0,3.4,26.0,0.8,0.9,0.3,-6.0,3.2,9.1,2.3,25.0,9.1,26.0,0.8,0.9,0.3,-36.3,-14.9,-2.2,-18.4,25.0,15.0,26.0,0.8,0.9,0.3,-10.1,7.1,17.1,4.8,24.0,13.0,26.0,0.8,0.9,0.3,-41.0,-24.0,-8.3,-25.6,24.0,15.4,26.0,0.8,0.9,0.3,-0.5,1.1,3.2,1.1,24.0,1.8,26.0,0.8,0.9,0.3,-8.0,-2.7,-0.2,-3.6,24.0,3.5,26.0,0.8,0.9,0.3,61.5,373.0,1259.5,616.0,25.0,634.0,26.0,0.8,0.9,0.3,60.0,375.0,1260.0,615.0,25.0,635.0,26.0,0.8,0.9,0.3
1974,2,295.0,-64.0,2.63,2.7,2.9,2.77,3.0,0.21,20.0,1.0,0.5,0.7,3.19,3.6,3.67,3.43,3.0,0.38,20.0,1.0,0.5,0.7,4.46,4.57,4.72,4.59,3.0,0.2,20.0,1.0,0.5,0.7,89.8,95.2,95.2,92.6,3.0,4.5,20.0,1.0,0.7,4.0,4.0,7.67,5.75,4.0,3.5,20.0,1.0,0.5,0.8,3.39,3.76,7.2,5.23,4.0,3.42,20.0,1.0,0.5,0.8,-3.2,-1.97,0.07,-1.58,4.0,2.2,20.0,1.0,0.5,0.8,984.87,988.9,989.51,987.23,3.0,3.69,20.0,1.0,0.5,0.7,6.5,7.5,8.0,7.3,4.0,1.0,20.0,1.0,0.5,0.8,13.6,15.0,66.7,39.0,4.0,49.8,20.0,1.0,0.5,0.8,-26.6,-7.9,0.3,-12.9,4.0,20.1,20.0,1.0,0.5,0.8,-0.9,-0.7,-0.43,-0.67,3.0,0.35,20.0,1.0,0.5,0.7,-8.4,-2.8,-1.7,-5.0,3.0,5.3,20.0,1.0,0.5,0.7,0.04,0.13,0.24,0.14,3.0,0.15,20.0,1.0,0.5,0.7,0.2,0.5,2.4,1.2,3.0,1.7,20.0,1.0,0.5,0.7,10.7,13.9,29.8,20.1,3.0,15.0,20.0,1.0,0.5,0.7,-11.7,-7.7,-5.9,-8.8,3.0,4.3,20.0,1.0,0.5,0.7,15.3,18.0,36.8,25.8,3.0,17.1,20.0,1.0,0.5,0.7,-15.0,-11.7,-8.2,-11.6,3.0,5.0,20.0,1.0,0.5,0.7,0.1,0.4,2.2,1.1,3.0,1.6,20.0,1.0,0.5,0.7,-0.9,-0.3,-0.1,-0.5,3.0,0.6,20.0,1.0,0.5,0.7,64.0,64.0,728.0,381.0,4.0,633.5,20.0,1.0,0.5,0.8,65.0,65.0,730.0,380.0,4.0,635.0,20.0,1.0,0.5,0.8
1974,2,295.0,-63.0,,,,,,,,,,,,,,,,,,,,,,,,,,,,,,,,,,,,,,,,16.0,16.0,16.0,16.0,1.0,0.0,24.0,1.0,0.8,0.9,13.86,13.86,13.86,13.86,1.0,0.0,24.0,1.0,0.8,0.9,-8.0,-8.0,-8.0,-8.0,1.0,0.0,24.0,1.0,0.8,0.9,982.2,982.2,982.2,982.2,1.0,0.0,24.0,1.0,0.8,0.9,,,,,,,,,,,,,,,,,,,,,,,,,,,,,,,,,,,,,,,,,,,,,,,,,,,,,,,,,,,,,,,,,,,,,,,,,,,,,,,,,,,,,,,,,,,,,,,,,,,,,,,,,,,,,,,,,,,,,,,,,,,,,,,,,,,,,,,,,,,,,,,,,,,,,,
1974,2,295.0,-62.0,0.8,0.8,0.8,0.8,1.0,0.0,28.0,1.0,0.9,0.2,4.8,4.8,4.8,4.8,1.0,0.0,28.0,1.0,0.9,0.2,4.23,4.23,4.23,4.23,1.0,0.0,28.0,1.0,0.9,0.2,77.5,77.5,77.5,77.5,1.0,0.0,28.0,1.0,0.2,9.3,9.3,9.3,9.3,1.0,0.0,28.0,1.0,0.9,0.2,5.98,5.98,5.98,5.98,1.0,0.0,28.0,1.0,0.9,0.2,-7.12,-7.12,-7.12,-7.12,1.0,0.0,28.0,1.0,0.9,0.2,988.0,988.0,988.0,988.0,1.0,0.0,28.0,1.0,0.9,0.2,8.0,8.0,8.0,8.0,1.0,0.0,28.0,1.0,0.9,0.2,55.6,55.6,55.6,55.6,1.0,0.0,28.0,1.0,0.9,0.2,-66.3,-66.3,-66.3,-66.3,1.0,0.0,28.0,1.0,0.9,0.2,-4.0,-4.0,-4.0,-4.0,1.0,0.0,28.0,1.0,0.9,0.2,-37.2,-37.2,-37.2,-37.2,1.0,0.0,28.0,1.0,0.9,0.2,-0.12,-0.12,-0.12,-0.12,1.0,0.0,28.0,1.0,0.9,0.2,-1.1,-1.1,-1.1,-1.1,1.0,0.0,28.0,1.0,0.9,0.2,28.7,28.7,28.7,28.7,1.0,0.0,28.0,1.0,0.9,0.2,-34.2,-34.2,-34.2,-34.2,1.0,0.0,28.0,1.0,0.9,0.2,25.3,25.3,25.3,25.3,1.0,0.0,28.0,1.0,0.9,0.2,-30.1,-30.1,-30.1,-30.1,1.0,0.0,28.0,1.0,0.9,0.2,-0.7,-0.7,-0.7,-0.7,1.0,0.0,28.0,1.0,0.9,0.2,0.9,0.9,0.9,0.9,1.0,0.0,28.0,1.0,0.9,0.2,804.5,804.5,804.5,804.5,1.0,0.0,28.0,1.0,0.9,0.2,805.0,805.0,805.0,805.0,1.0,0.0,28.0,1.0,0.9,0.2
1974,2,295.0,-60.0,3.0,3.0,3.0,3.0,2.0,0.0,14.0,0.5,0.6,0.7,5.16,5.5,5.84,5.5,2.0,0.71,14.0,0.5,0.6,0.7,4.77,4.77,4.77,4.77,1.0,0.0,20.0,1.0,0.5,0.9,81.8,83.4,84.9,83.4,2.0,3.3,14.0,0.5,0.7,4.93,6.7,8.47,6.7,2.0,3.68,14.0,0.5,0.6,0.7,4.03,5.94,7.85,5.94,2.0,3.96,14.0,0.5,0.6,0.7,-2.26,-0.27,1.71,-0.27,2.0,4.11,14.0,0.5,0.6,0.7,996.5,996.5,996.5,996.5,1.0,0.0,20.0,1.0,0.5,0.9,7.2,7.5,7.8,7.5,2.0,0.7,14.0,0.5,0.6,0.7,23.7,47.1,70.4,47.1,2.0,48.4,14.0,0.5,0.6,0.7,-23.2,-9.4,4.4,-9.4,2.0,28.6,14.0,0.5,0.6,0.7,-2.84,-2.5,-2.16,-2.5,2.0,0.71,14.0,0.5,0.6,0.7,-24.8,-18.0,-11.3,-18.0,2.0,13.9,14.0,0.5,0.6,0.7,0.0,0.0,0.0,0.0,1.0,0.0,20.0,1.0,0.5,0.9,0.0,0.0,0.0,0.0,1.0,0.0,20.0,1.0,0.5,0.9,21.5,34.1,46.6,34.1,2.0,26.0,14.0,0.5,0.6,0.7,-14.0,-3.0,8.1,-3.0,2.0,22.8,14.0,0.5,0.6,0.7,41.6,41.6,41.6,41.6,1.0,0.0,20.0,1.0,0.5,0.9,-15.2,-15.2,-15.2,-15.2,1.0,0.0,20.0,1.0,0.5,0.9,0.0,0.0,0.0,0.0,1.0,0.0,20.0,1.0,0.5,0.9,0.0,0.0,0.0,0.0,1.0,0.0,20.0,1.0,0.5,0.9,185.5,436.5,687.5,436.5,2.0,520.0,14.0,0.5,0.6,0.7,185.0,435.0,690.0,435.0,2.0,520.0,14.0,0.5,0.6,0.7
1974,2,295.0,-55.0,8.48,9.0,9.52,9.0,4.0,0.82,18.0,0.5,0.2,0.4,7.69,9.85,11.38,9.55,4.0,2.38,18.0,0.5,0.2,0.4,5.98,7.2,7.33,6.67,3.0,1.09,18.0,0.3,0.2,0.3,84.5,90.1,91.2,87.9,3.0,5.3,18.0,0.3,0.3,4.31,7.75,10.35,7.35,4.0,3.8,18.0,0.5,0.2,0.4,1.03,5.38,8.03,4.57,4.0,5.04,18.0,0.5,0.2,0.4,-2.45,1.19,4.84,1.2,4.0,5.6,18.0,0.5,0.2,0.4,1000.45,1006.05,1014.74,1007.53,4.0,8.77,18.0,0.5,0.2,0.4,5.0,6.5,7.0,6.0,4.0,1.4,18.0,0.5,0.2,0.4,15.0,40.6,78.5,46.5,4.0,48.1,18.0,0.5,0.2,0.4,-31.8,5.0,42.4,5.3,4.0,56.7,18.0,0.5,0.2,0.4,-1.86,-1.35,0.83,-0.55,4.0,2.08,18.0,0.5,0.2,0.4,-16.3,-6.9,6.0,-5.2,4.0,15.8,18.0,0.5,0.2,0.4,0.03,0.5,1.33,0.67,3.0,0.97,18.0,0.3,0.2,0.3,1.5,5.7,9.1,5.3,3.0,5.6,18.0,0.3,0.2,0.3,6.3,40.8,81.4,43.7,4.0,57.9,18.0,0.5,0.2,0.4,-32.2,10.5,44.6,6.4,4.0,57.5,18.0,0.5,0.2,0.4,-0.9,33.0,58.6,29.0,3.0,43.7,18.0,0.3,0.2,0.3,-25.9,5.8,8.4,-8.4,3.0,28.0,18.0,0.3,0.2,0.3,1.9,4.9,8.7,5.3,3.0,5.0,18.0,0.3,0.2,0.3,-2.0,-0.3,1.2,-0.4,3.0,2.3,18.0,0.3,0.2,0.3,122.5,521.5,1139.0,626.0,4.0,637.5,18.0,0.5,0.2,0.4,125.0,520.0,1140.0,625.0,4.0,640.0,18.0,0.5,0.2,0.4
1974,2,295.0,-54.0,7.2,7.2,7.2,7.2,1.0,0.0,2.0,1.0,1.0,0.3,8.9,8.9,8.9,8.9,1.0,0.0,2.0,1.0,1.0,0.3,6.17,6.17,6.17,6.17,1.0,0.0,2.0,1.0,1.0,0.3,86.1,86.1,86.1,86.1,1.0,0.0,2.0,1.0,0.3,5.7,5.7,5.7,5.7,1.0,0.0,2.0,1.0,1.0,0.3,5.36,5.36,5.36,5.36,1.0,0.0,2.0,1.0,1.0,0.3,1.95,1.95,1.95,1.95,1.0,0.0,2.0,1.0,1.0,0.3,997.4,997.4,997.4,997.4,1.0,0.0,2.0,1.0,1.0,0.3,6.0,6.0,6.0,6.0,1.0,0.0,2.0,1.0,1.0,0.3,30.5,30.5,30.5,30.5,1.0,0.0,2.0,1.0,1.0,0.3,11.1,11.1,11.1,11.1,1.0,0.0,2.0,1.0,1.0,0.3,-1.7,-1.7,-1.7,-1.7,1.0,0.0,2.0,1.0,1.0,0.3,-9.7,-9.7,-9.7,-9.7,1.0,0.0,2.0,1.0,1.0,0.3,0.22,0.22,0.22,0.22,1.0,0.0,2.0,1.0,1.0,0.3,1.2,1.2,1.2,1.2,1.0,0.0,2.0,1.0,1.0,0.3,47.7,47.7,47.7,47.7,1.0,0.0,2.0,1.0,1.0,0.3,17.4,17.4,17.4,17.4,1.0,0.0,2.0,1.0,1.0,0.3,33.0,33.0,33.0,33.0,1.0,0.0,2.0,1.0,1.0,0.3,12.0,12.0,12.0,12.0,1.0,0.0,2.0,1.0,1.0,0.3,1.2,1.2,1.2,1.2,1.0,0.0,2.0,1.0,1.0,0.3,0.4,0.4,0.4,0.4,1.0,0.0,2.0,1.0,1.0,0.3,185.0,185.0,185.0,185.0,1.0,0.0,2.0,1.0,1.0,0.3,185.0,185.0,185.0,185.0,1.0,0.0,2.0,1.0,1.0,0.3
1974,2,295.0,-53.0,,,,,,,,,,,,,,,,,,,,,,,,,,,,,,,,,,,,,,,,10.8,10.8,10.8,10.8,1.0,0.0,26.0,1.0,0.7,0.4,1.88,1.88,1.88,1.88,1.0,0.0,26.0,1.0,0.7,0.4,-10.64,-10.64,-10.64,-10.64,1.0,0.0,26.0,1.0,0.7,0.4,996.2,996.2,996.2,996.2,1.0,0.0,26.0,1.0,0.7,0.4,3.0,3.0,3.0,3.0,1.0,0.0,26.0,1.0,0.7,0.4,20.3,20.3,20.3,20.3,1.0,0.0,26.0,1.0,0.7,0.4,-114.9,-114.9,-114.9,-114.9,1.0,0.0,26.0,1.0,0.7,0.4,,,,,,,,,,,,,,,,,,,,,,,,,,,,,,,,,,,,,,,,,26.3,26.3,26.3,26.3,1.0,0.0,26.0,1.0,0.7,0.4,-148.9,-148.9,-148.9,-148.9,1.0,0.0,26.0,1.0,0.7,0.4,14.2,14.2,14.2,14.2,1.0,0.0,26.0,1.0,0.7,0.4,-80.6,-80.6,-80.6,-80.6,1.0,0.0,26.0,1.0,0.7,0.4,,,,,,,,,,,,,,,,,,,,,,,,,,,,,,,,,,,,,,,,
1974,2,295.0,-50.0,11.0,11.0,11.0,11.0,1.0,0.0,18.0,0.0,0.4,0.6,10.8,10.8,10.8,10.8,1.0,0.0,18.0,0.0,0.4,0.6,7.44,7.44,7.44,7.44,1.0,0.0,18.0,0.0,0.4,0.6,92.9,92.9,92.9,92.9,1.0,0.0,18.0,0.0,0.6,8.2,8.2,8.2,8.2,1.0,0.0,18.0,0.0,0.4,0.6,-6.28,-6.28,-6.28,-6.28,1.0,0.0,18.0,0.0,0.4,0.6,5.27,5.27,5.27,5.27,1.0,0.0,18.0,0.0,0.4,0.6,1014.8,1014.8,1014.8,1014.8,1.0,0.0,18.0,0.0,0.4,0.6,8.0,8.0,8.0,8.0,1.0,0.0,18.0,0.0,0.4,0.6,-51.5,-51.5,-51.5,-51.5,1.0,0.0,18.0,0.0,0.4,0.6,43.2,43.2,43.2,43.2,1.0,0.0,18.0,0.0,0.4,0.6,0.2,0.2,0.2,0.2,1.0,0.0,18.0,0.0,0.4,0.6,1.6,1.6,1.6,1.6,1.0,0.0,18.0,0.0,0.4,0.6,0.68,0.68,0.68,0.68,1.0,0.0,18.0,0.0,0.4,0.6,5.6,5.6,5.6,5.6,1.0,0.0,18.0,0.0,0.4,0.6,-67.8,-67.8,-67.8,-67.8,1.0,0.0,18.0,0.0,0.4,0.6,56.9,56.9,56.9,56.9,1.0,0.0,18.0,0.0,0.4,0.6,-46.7,-46.7,-46.7,-46.7,1.0,0.0,18.0,0.0,0.4,0.6,39.2,39.2,39.2,39.2,1.0,0.0,18.0,0.0,0.4,0.6,-4.3,-4.3,-4.3,-4.3,1.0,0.0,18.0,0.0,0.4,0.6,3.6,3.6,3.6,3.6,1.0,0.0,18.0,0.0,0.4,0.6,551.5,551.5,551.5,551.5,1.0,0.0,18.0,0.0,0.4,0.6,550.0,550.0,550.0,550.0,1.0,0.0,18.0,0.0,0.4,0.6
1974,2,295.0,-49.0,10.82,11.5,12.87,11.83,3.0,1.53,16.0,0.7,0.9,0.7,11.7,13.0,15.73,13.7,3.0,3.01,16.0,0.7,0.9,0.7,8.0,8.65,10.05,9.02,3.0,1.54,16.0,0.7,0.9,0.7,89.8,93.6,94.0,91.9,3.0,3.4,16.0,0.7,0.7,8.37,8.75,9.13,8.75,2.0,0.78,20.0,0.5,0.9,0.6,-4.34,-0.15,4.03,-0.15,2.0,8.67,20.0,0.5,0.9,0.6,-5.16,-0.93,3.3,-0.93,2.0,8.76,20.0,0.5,0.9,0.6,1005.58,1014.8,1016.85,1011.3,3.0,8.79,16.0,0.7,0.9,0.7,3.8,5.5,7.2,5.5,2.0,3.5,20.0,0.5,0.9,0.6,-34.5,2.0,38.6,2.0,2.0,75.7,20.0,0.5,0.9,0.6,-48.9,-11.5,25.8,-11.5,2.0,77.4,20.0,0.5,0.9,0.6,-3.18,-2.5,-0.52,-1.87,3.0,2.03,16.0,0.7,0.9,0.7,-26.9,-14.6,-2.4,-14.6,2.0,25.3,20.0,0.5,0.9,0.6,-0.94,-0.82,0.22,-0.37,3.0,0.93,16.0,0.7,0.9,0.7,-6.9,-1.8,3.3,-1.8,2.0,10.6,20.0,0.5,0.9,0.6,-42.5,15.9,74.4,15.9,2.0,121.2,20.0,0.5,0.9,0.6,-92.6,-31.3,30.0,-31.3,2.0,127.0,20.0,0.5,0.9,0.6,-30.5,7.8,46.2,7.8,2.0,79.4,20.0,0.5,0.9,0.6,-57.7,-17.8,22.0,-17.8,2.0,82.6,20.0,0.5,0.9,0.6,-5.7,-5.2,-4.6,-5.2,2.0,1.1,20.0,0.5,0.9,0.6,4.2,5.4,6.6,5.4,2.0,2.4,20.0,0.5,0.9,0.6,591.5,678.0,764.0,678.0,2.0,179.0,20.0,0.5,0.9,0.6,590.0,680.0,765.0,680.0,2.0,180.0,20.0,0.5,0.9,0.6
1974,2,295.0,-47.0,12.16,12.5,12.84,12.5,2.0,0.71,14.0,1.0,0.3,0.6,12.63,14.0,15.37,14.0,2.0,2.83,14.0,1.0,0.3,0.6,7.14,7.96,8.77,7.96,2.0,1.69,14.0,1.0,0.3,0.6,78.5,79.4,80.3,79.4,2.0,1.9,14.0,1.0,0.6,4.14,7.45,10.76,7.45,2.0,6.86,14.0,1.0,0.3,0.6,0.27,0.84,1.41,0.84,2.0,1.18,14.0,1.0,0.3,0.6,3.63,7.15,10.66,7.15,2.0,7.29,14.0,1.0,0.3,0.6,1009.11,1011.5,1013.89,1011.5,2.0,4.95,14.0,1.0,0.3,0.6,5.2,5.5,5.8,5.5,2.0,0.7,14.0,1.0,0.3,0.6,0.7,2.2,3.7,2.2,2.0,3.1,14.0,1.0,0.3,0.6,28.4,78.2,128.1,78.2,2.0,103.3,14.0,1.0,0.3,0.6,-2.52,-1.5,-0.48,-1.5,2.0,2.12,14.0,1.0,0.3,0.6,-6.6,-3.9,-1.2,-3.9,2.0,5.5,14.0,1.0,0.3,0.6,0.46,1.05,1.64,1.05,2.0,1.22,14.0,1.0,0.3,0.6,4.1,12.0,19.8,12.0,2.0,16.3,14.0,1.0,0.3,0.6,4.2,13.4,22.5,13.4,2.0,18.9,14.0,1.0,0.3,0.6,50.2,89.7,129.2,89.7,2.0,81.8,14.0,1.0,0.3,0.6,2.4,7.6,12.9,7.6,2.0,10.8,14.0,1.0,0.3,0.6,28.5,50.7,72.9,50.7,2.0,45.9,14.0,1.0,0.3,0.6,0.0,0.2,0.3,0.2,2.0,0.2,14.0,1.0,0.3,0.6,4.0,11.9,19.8,11.9,2.0,16.3,14.0,1.0,0.3,0.6,310.0,939.0,1568.5,939.0,2.0,1303.5,14.0,1.0,0.3,0.6,310.0,940.0,1570.0,940.0,2.0,1305.0,14.0,1.0,0.3,0.6
1974,2,295.0,-46.0,13.0,13.0,13.0,13.0,1.0,0.0,22.0,0.0,0.8,0.7,14.0,14.0,14.0,14.0,2.0,0.0,16.0,0.5,0.9,0.5,9.9,9.9,9.9,9.9,1.0,0.0,12.0,1.0,0.9,0.2,100.0,100.0,100.0,100.0,1.0,0.0,12.0,1.0,0.2,2.6,2.6,2.6,2.6,2.0,0.0,16.0,0.5,0.9,0.5,1.67,1.67,1.67,1.67,2.0,0.0,16.0,0.5,0.9,0.5,1.99,1.99,1.99,1.99,2.0,0.0,16.0,0.5,0.9,0.5,1008.53,1010.75,1012.97,1010.75,2.0,4.6,16.0,0.5,0.9,0.5,0.0,0.0,0.0,0.0,1.0,0.0,22.0,0.0,0.8,0.7,4.3,4.3,4.3,4.3,2.0,0.0,16.0,0.5,0.9,0.5,5.2,5.2,5.2,5.2,2.0,0.0,16.0,0.5,0.9,0.5,,,,,,,,,,,,,,,,,,,,,,,,,,,,,,,,,,,,,,,,,23.4,23.4,23.4,23.4,2.0,0.0,16.0,0.5,0.9,0.5,27.9,27.9,27.9,27.9,2.0,0.0,16.0,0.5,0.9,0.5,16.5,16.5,16.5,16.5,1.0,0.0,12.0,1.0,0.9,0.2,19.7,19.7,19.7,19.7,1.0,0.0,12.0,1.0,0.9,0.2,,,,,,,,,,,,,,,,,,,,,,,,,,,,,,,,,,,,,,,,
1974,2,295.0,-45.0,14.06,15.75,16.0,15.11,14.0,1.5,14.0,0.6,0.3,0.6,13.53,16.0,19.41,16.11,14.0,2.56,14.0,0.6,0.3,0.6,7.01,8.67,10.75,8.72,13.0,2.02,14.0,0.6,0.3,0.6,59.2,78.1,89.6,75.8,14.0,14.5,14.0,0.6,0.6,2.6,4.1,12.3,6.25,13.0,3.9,14.0,0.6,0.3,0.6,-2.46,1.3,3.6,1.0,13.0,3.76,14.0,0.6,0.3,0.6,-3.81,2.05,7.99,1.46,13.0,6.32,14.0,0.6,0.3,0.6,1008.07,1013.0,1017.51,1012.41,13.0,5.5,14.0,0.6,0.3,0.6,2.0,7.0,8.0,5.4,13.0,3.0,14.0,0.7,0.4,0.6,-15.5,3.4,18.0,7.7,13.0,38.0,14.0,0.6,0.3,0.6,-17.2,5.9,82.8,13.1,13.0,70.3,14.0,0.6,0.3,0.6,-4.12,0.0,1.59,-1.01,14.0,3.05,14.0,0.6,0.3,0.6,-12.6,0.0,12.9,-1.2,13.0,14.4,14.0,0.6,0.3,0.6,-0.11,2.29,4.33,1.88,13.0,2.37,14.0,0.6,0.3,0.6,-1.2,15.0,35.2,16.8,12.0,18.4,16.0,0.6,0.3,0.6,-41.2,22.4,55.3,17.3,13.0,60.0,14.0,0.6,0.3,0.6,-72.9,25.4,122.7,18.5,13.0,94.9,14.0,0.6,0.3,0.6,-24.3,4.7,28.1,4.4,12.0,29.6,16.0,0.6,0.3,0.6,-41.1,16.8,60.8,10.4,12.0,54.1,16.0,0.6,0.3,0.6,-5.1,0.0,11.1,4.1,12.0,14.1,16.0,0.6,0.3,0.6,-7.5,3.5,25.5,6.8,12.0,19.4,16.0,0.6,0.3,0.6,17.5,69.0,1861.0,545.0,13.0,779.5,14.0,0.6,0.3,0.6,20.0,70.0,1860.0,545.0,13.0,780.0,14.0,0.6,0.3,0.6
1974,2,295.0,-44.0,13.63,15.0,15.0,14.33,3.0,1.15,16.0,0.7,0.9,0.3,14.23,15.8,18.67,16.43,3.0,3.3,16.0,0.7,0.9,0.3,6.65,7.55,10.61,8.6,3.0,3.04,16.0,0.7,0.9,0.3,62.9,78.8,81.2,72.2,3.0,14.6,16.0,0.7,0.3,3.08,4.1,7.65,5.33,3.0,3.52,16.0,0.7,0.9,0.3,-1.86,0.89,2.45,0.31,3.0,3.2,16.0,0.7,0.9,0.3,-1.02,2.44,6.74,2.85,3.0,5.7,16.0,0.7,0.9,0.3,1003.59,1007.0,1011.3,1007.43,3.0,5.66,16.0,0.7,0.9,0.3,4.0,4.0,6.7,5.3,3.0,2.3,16.0,0.7,0.9,0.3,-8.1,2.3,20.9,6.3,3.0,21.5,16.0,0.7,0.9,0.3,-5.4,6.4,57.5,25.6,3.0,49.0,16.0,0.7,0.9,0.3,-4.3,-2.8,0.14,-2.1,3.0,3.31,16.0,0.7,0.9,0.3,-16.3,-7.3,7.2,-4.6,3.0,17.4,16.0,0.7,0.9,0.3,0.01,3.02,3.12,1.6,3.0,2.59,16.0,0.7,0.9,0.3,-1.3,8.2,21.8,10.2,3.0,17.0,16.0,0.7,0.9,0.3,-38.4,14.1,33.8,-1.9,3.0,54.7,16.0,0.7,0.9,0.3,-23.7,38.6,92.8,34.6,3.0,85.4,16.0,0.7,0.9,0.3,-24.0,5.5,18.2,-2.7,3.0,31.7,16.0,0.7,0.9,0.3,-16.8,15.2,49.9,16.5,3.0,48.9,16.0,0.7,0.9,0.3,3.3,4.3,7.9,5.6,3.0,3.6,16.0,0.7,0.9,0.3,4.9,7.7,20.5,12.6,3.0,12.2,16.0,0.7,0.9,0.3,34.0,69.0,571.0,297.0,3.0,440.0,16.0,0.7,0.9,0.3,35.0,70.0,570.0,295.0,3.0,440.0,16.0,0.7,0.9,0.3
1974,2,295.0,-42.0,14.5,14.5,14.5,14.5,1.0,0.0,22.0,1.0,1.0,0.4,16.0,16.0,16.0,16.0,1.0,0.0,22.0,1.0,1.0,0.4,9.31,9.31,9.31,9.31,1.0,0.0,22.0,1.0,1.0,0.4,82.4,82.4,82.4,82.4,1.0,0.0,22.0,1.0,0.4,4.1,4.1,4.1,4.1,1.0,0.0,22.0,1.0,1.0,0.4,3.14,3.14,3.14,3.14,1.0,0.0,22.0,1.0,1.0,0.4,-2.64,-2.64,-2.64,-2.64,1.0,0.0,22.0,1.0,1.0,0.4,1010.0,1010.0,1010.0,1010.0,1.0,0.0,22.0,1.0,1.0,0.4,8.0,8.0,8.0,8.0,1.0,0.0,22.0,1.0,1.0,0.4,12.9,12.9,12.9,12.9,1.0,0.0,22.0,1.0,1.0,0.4,-10.8,-10.8,-10.8,-10.8,1.0,0.0,22.0,1.0,1.0,0.4,-1.5,-1.5,-1.5,-1.5,1.0,0.0,22.0,1.0,1.0,0.4,-6.1,-6.1,-6.1,-6.1,1.0,0.0,22.0,1.0,1.0,0.4,0.96,0.96,0.96,0.96,1.0,0.0,22.0,1.0,1.0,0.4,3.9,3.9,3.9,3.9,1.0,0.0,22.0,1.0,1.0,0.4,50.3,50.3,50.3,50.3,1.0,0.0,22.0,1.0,1.0,0.4,-42.2,-42.2,-42.2,-42.2,1.0,0.0,22.0,1.0,1.0,0.4,29.2,29.2,29.2,29.2,1.0,0.0,22.0,1.0,1.0,0.4,-24.5,-24.5,-24.5,-24.5,1.0,0.0,22.0,1.0,1.0,0.4,3.0,3.0,3.0,3.0,1.0,0.0,22.0,1.0,1.0,0.4,-2.5,-2.5,-2.5,-2.5,1.0,0.0,22.0,1.0,1.0,0.4,69.0,69.0,69.0,69.0,1.0,0.0,22.0,1.0,1.0,0.4,70.0,70.0,70.0,70.0,1.0,0.0,22.0,1.0,1.0,0.4
1974,2,295.0,10.0,25.1,25.3,25.5,25.3,2.0,0.42,10.0,1.0,0.4,0.7,24.5,25.8,27.1,25.8,2.0,2.69,10.0,1.0,0.4,0.7,15.87,15.87,15.87,15.87,1.0,0.0,16.0,1.0,0.4,0.9,85.9,85.9,85.9,85.9,1.0,0.0,16.0,1.0,0.9,5.27,5.65,6.03,5.65,2.0,0.78,10.0,1.0,0.4,0.7,-5.33,-5.23,-5.14,-5.23,2.0,0.19,10.0,1.0,0.4,0.7,-2.61,-1.55,-0.49,-1.55,2.0,2.19,10.0,1.0,0.4,0.7,1011.81,1012.25,1012.69,1012.25,2.0,0.92,10.0,1.0,0.4,0.7,3.0,3.0,3.0,3.0,2.0,0.0,10.0,1.0,0.4,0.7,-32.1,-29.6,-27.2,-29.6,2.0,5.1,10.0,1.0,0.4,0.7,-16.2,-9.6,-3.1,-9.6,2.0,13.6,10.0,1.0,0.4,0.7,-1.59,-0.5,0.59,-0.5,2.0,2.26,10.0,1.0,0.4,0.7,-10.1,-3.7,2.7,-3.7,2.0,13.2,10.0,1.0,0.4,0.7,3.91,3.91,3.91,3.91,1.0,0.0,16.0,1.0,0.4,0.9,19.9,19.9,19.9,19.9,1.0,0.0,16.0,1.0,0.4,0.9,-144.5,-135.3,-126.1,-135.3,2.0,19.0,10.0,1.0,0.4,0.7,-72.2,-42.9,-13.6,-42.9,2.0,60.7,10.0,1.0,0.4,0.7,-80.9,-80.9,-80.9,-80.9,1.0,0.0,16.0,1.0,0.4,0.9,0.0,0.0,0.0,0.0,1.0,0.0,16.0,1.0,0.4,0.9,-19.9,-19.9,-19.9,-19.9,1.0,0.0,16.0,1.0,0.4,0.9,0.0,0.0,0.0,0.0,1.0,0.0,16.0,1.0,0.4,0.9,149.5,185.5,221.5,185.5,2.0,74.5,10.0,1.0,0.4,0.7,150.0,185.0,220.0,185.0,2.0,75.0,10.0,1.0,0.4,0.7
1974,2,295.0,11.0,24.56,25.0,26.51,25.36,9.0,1.42,10.0,0.6,0.6,0.4,24.71,25.0,25.15,25.03,9.0,1.54,10.0,0.6,0.6,0.4,15.44,16.74,17.79,16.79,7.0,1.71,10.0,0.6,0.6,0.4,74.2,85.0,93.3,85.0,7.0,9.9,10.0,0.6,0.4,5.13,6.7,9.23,6.94,8.0,2.5,10.0,0.5,0.6,0.4,-8.84,-6.48,-5.02,-6.59,8.0,2.23,10.0,0.5,0.6,0.4,-2.92,-1.49,0.0,-1.7,8.0,1.84,10.0,0.5,0.6,0.4,1009.73,1010.9,1013.17,1011.4,9.0,2.0,10.0,0.6,0.6,0.4,1.3,2.0,5.7,3.1,9.0,2.4,10.0,0.6,0.6,0.4,-84.8,-43.6,-25.9,-50.5,8.0,30.2,10.0,0.5,0.6,0.4,-25.0,-8.7,0.0,-14.3,8.0,18.4,10.0,0.5,0.6,0.4,-1.22,0.0,1.88,0.32,9.0,1.53,10.0,0.6,0.6,0.4,-10.0,0.0,3.0,0.0,8.0,10.4,10.0,0.5,0.6,0.4,2.14,3.61,4.57,3.64,7.0,1.4,10.0,0.6,0.6,0.4,10.8,24.5,36.4,24.2,6.0,13.3,12.0,0.5,0.5,0.5,-221.2,-160.8,-126.5,-164.7,8.0,55.7,10.0,0.5,0.6,0.4,-81.7,-37.4,0.0,-43.7,8.0,47.0,10.0,0.5,0.6,0.4,-142.8,-108.6,-76.8,-105.4,6.0,38.3,12.0,0.5,0.5,0.5,-45.3,-15.6,0.0,-21.1,6.0,24.0,12.0,0.5,0.5,0.5,-34.2,-24.0,-10.8,-23.3,6.0,12.6,12.0,0.5,0.5,0.5,-12.5,-2.7,0.0,-5.2,6.0,6.3,12.0,0.5,0.5,0.5,137.5,306.0,788.0,443.5,8.0,372.0,10.0,0.5,0.6,0.4,140.0,305.0,790.0,445.0,8.0,370.0,10.0,0.5,0.6,0.4
1974,2,295.0,12.0,25.5,26.6,28.0,26.69,18.0,1.18,16.0,0.6,0.5,0.4,25.0,26.0,27.83,26.18,19.0,1.39,14.0,0.6,0.5,0.4,15.58,16.6,17.56,16.65,16.0,1.17,12.0,0.6,0.5,0.3,70.5,79.5,84.0,78.6,16.0,7.5,12.0,0.6,0.3,4.53,6.7,9.37,7.06,19.0,2.73,14.0,0.6,0.5,0.4,-8.8,-5.9,-3.81,-6.34,19.0,2.84,14.0,0.6,0.5,0.4,-4.12,-1.57,0.0,-1.9,19.0,2.42,14.0,0.6,0.5,0.4,1012.78,1014.55,1016.23,1014.6,18.0,2.23,14.0,0.6,0.5,0.3,1.0,2.0,4.1,2.7,19.0,1.7,14.0,0.6,0.5,0.4,-81.8,-44.2,-19.1,-51.6,19.0,40.2,14.0,0.6,0.5,0.4,-30.8,-7.8,0.0,-14.8,19.0,20.8,14.0,0.6,0.5,0.4,-2.09,1.0,1.93,0.47,18.0,1.85,16.0,0.6,0.5,0.4,-11.8,5.6,16.0,4.6,18.0,12.9,16.0,0.6,0.5,0.4,3.37,5.14,7.06,5.18,15.0,1.57,14.0,0.6,0.5,0.4,20.7,34.4,56.5,36.3,15.0,16.8,14.0,0.6,0.5,0.4,-230.6,-147.5,-106.1,-164.8,19.0,71.8,14.0,0.6,0.5,0.4,-100.4,-44.1,0.0,-48.8,19.0,62.6,14.0,0.6,0.5,0.4,-145.8,-92.6,-67.2,-104.2,16.0,43.7,12.0,0.6,0.5,0.3,-73.8,-31.8,0.0,-36.8,16.0,38.4,12.0,0.6,0.5,0.3,-40.7,-30.6,-19.0,-31.1,15.0,13.6,14.0,0.6,0.5,0.4,-33.4,-6.8,0.0,-12.9,15.0,17.0,14.0,0.6,0.5,0.4,93.5,301.0,824.0,506.0,19.0,523.0,14.0,0.6,0.5,0.4,95.0,300.0,825.0,505.0,19.0,525.0,14.0,0.6,0.5,0.4
1974,2,295.0,13.0,26.0,26.0,26.0,26.0,2.0,0.0,10.0,0.0,0.8,0.4,25.5,25.5,25.5,25.5,2.0,0.0,10.0,0.0,0.8,0.4,15.53,15.6,15.66,15.6,2.0,0.14,10.0,0.0,0.8,0.4,76.3,76.6,77.0,76.6,2.0,0.7,10.0,0.0,0.4,5.09,6.15,7.21,6.15,2.0,2.19,10.0,0.0,0.8,0.4,-5.65,-5.11,-4.57,-5.11,2.0,1.11,10.0,0.0,0.8,0.4,-3.91,-1.69,0.54,-1.69,2.0,4.61,10.0,0.0,0.8,0.4,1011.55,1011.65,1011.75,1011.65,2.0,0.21,10.0,0.0,0.8,0.4,3.0,3.0,3.0,3.0,2.0,0.0,10.0,0.0,0.8,0.4,-41.4,-32.7,-23.9,-32.7,2.0,18.1,10.0,0.0,0.8,0.4,-30.9,-15.4,0.0,-15.4,2.0,32.1,10.0,0.0,0.8,0.4,0.5,0.5,0.5,0.5,2.0,0.0,10.0,0.0,0.8,0.4,2.5,3.1,3.6,3.1,2.0,1.1,10.0,0.0,0.8,0.4,5.37,5.44,5.5,5.44,2.0,0.14,10.0,0.0,0.8,0.4,27.4,33.6,39.7,33.6,2.0,12.7,10.0,0.0,0.8,0.4,-144.0,-130.3,-116.6,-130.3,2.0,28.4,10.0,0.0,0.8,0.4,-99.8,-43.0,13.7,-43.0,2.0,117.6,10.0,0.0,0.8,0.4,-87.7,-79.6,-71.6,-79.6,2.0,16.7,10.0,0.0,0.8,0.4,-60.6,-26.0,8.6,-26.0,2.0,71.7,10.0,0.0,0.8,0.4,-31.1,-27.9,-24.6,-27.9,2.0,6.8,10.0,0.0,0.8,0.4,-21.7,-9.5,2.7,-9.5,2.0,25.3,10.0,0.0,0.8,0.4,154.5,277.0,399.5,277.0,2.0,254.0,10.0,0.0,0.8,0.4,155.0,275.0,400.0,275.0,2.0,255.0,10.0,0.0,0.8,0.4
1974,2,295.0,14.0,25.53,26.0,26.65,26.04,9.0,0.99,16.0,0.4,0.6,0.4,25.0,26.4,27.2,26.21,10.0,1.23,16.0,0.5,0.6,0.4,15.45,15.77,17.77,16.46,8.0,1.57,14.0,0.5,0.6,0.3,70.3,79.2,83.1,78.3,9.0,7.6,14.0,0.4,0.3,4.1,7.95,11.02,7.92,10.0,3.52,16.0,0.5,0.6,0.4,-9.83,-7.88,-2.66,-6.68,10.0,4.64,16.0,0.5,0.6,0.4,-3.16,-1.92,0.89,-1.32,10.0,3.02,16.0,0.5,0.6,0.4,1012.58,1013.9,1014.95,1014.11,9.0,1.83,16.0,0.6,0.6,0.4,2.0,3.0,4.6,3.4,10.0,2.1,16.0,0.5,0.6,0.4,-109.7,-62.8,-9.4,-66.3,10.0,60.1,16.0,0.5,0.6,0.4,-31.9,-12.3,2.7,-12.8,10.0,30.6,16.0,0.5,0.6,0.4,-0.98,0.4,1.0,0.07,9.0,1.37,16.0,0.4,0.6,0.4,-4.0,1.2,12.0,2.5,9.0,11.0,16.0,0.4,0.6,0.4,3.05,3.8,6.37,4.23,7.0,1.72,14.0,0.4,0.6,0.4,12.5,31.2,60.5,35.8,7.0,25.4,14.0,0.4,0.6,0.4,-258.2,-198.6,-68.9,-175.4,10.0,123.6,16.0,0.5,0.6,0.4,-87.6,-51.6,22.2,-35.9,10.0,77.2,16.0,0.5,0.6,0.4,-143.0,-123.3,-53.3,-98.7,8.0,69.0,14.0,0.5,0.6,0.3,-60.0,-37.6,0.0,-26.1,8.0,50.2,14.0,0.5,0.6,0.3,-52.4,-30.7,-7.6,-30.8,7.0,24.5,14.0,0.4,0.6,0.4,-11.2,-5.3,1.4,-4.3,7.0,20.2,14.0,0.4,0.6,0.4,69.0,504.0,1408.5,770.5,10.0,862.5,16.0,0.5,0.6,0.4,70.0,505.0,1410.0,770.0,10.0,865.0,16.0,0.5,0.6,0.4
1974,2,295.0,15.0,26.0,26.2,27.0,26.21,9.0,1.14,16.0,0.6,0.7,0.6,24.5,25.25,26.4,25.51,10.0,1.12,14.0,0.5,0.7,0.6,14.85,15.75,16.39,15.74,10.0,0.89,14.0,0.5,0.7,0.6,71.7,77.5,83.9,77.7,10.0,6.2,14.0,0.5,0.6,3.73,7.2,9.3,6.69,9.0,2.88,16.0,0.6,0.7,0.6,-8.87,-7.2,-3.56,-6.34,9.0,2.68,16.0,0.6,0.7,0.6,-3.13,-0.89,0.0,-1.58,9.0,1.87,16.0,0.6,0.7,0.6,1013.07,1014.85,1016.81,1014.92,10.0,2.1,14.0,0.5,0.7,0.6,2.0,2.5,4.6,3.2,10.0,1.8,14.0,0.5,0.7,0.6,-85.1,-51.8,-13.4,-49.2,9.0,34.7,16.0,0.6,0.7,0.6,-28.6,-2.3,0.0,-13.2,9.0,18.9,16.0,0.6,0.7,0.6,-0.73,0.8,1.77,0.59,9.0,1.38,16.0,0.6,0.7,0.6,-5.3,3.3,15.1,4.5,9.0,9.9,16.0,0.6,0.7,0.6,4.84,5.6,6.59,5.38,9.0,1.47,16.0,0.6,0.7,0.6,18.2,35.6,52.1,34.8,9.0,16.5,16.0,0.6,0.7,0.6,-220.4,-187.2,-93.0,-160.9,9.0,64.6,16.0,0.6,0.7,0.6,-78.4,-22.4,0.0,-39.3,9.0,46.1,16.0,0.6,0.7,0.6,-142.5,-111.6,-53.2,-100.6,9.0,43.3,16.0,0.6,0.7,0.6,-49.4,-15.4,0.0,-24.9,9.0,29.7,16.0,0.6,0.7,0.6,-51.3,-35.6,-17.5,-33.3,9.0,16.3,16.0,0.6,0.7,0.6,-15.9,-4.3,0.0,-7.2,9.0,8.1,16.0,0.6,0.7,0.6,52.5,373.0,804.5,444.5,9.0,404.5,16.0,0.6,0.7,0.6,55.0,375.0,805.0,445.0,9.0,405.0,16.0,0.6,0.7,0.6
1974,2,295.0,16.0,25.21,25.95,27.17,25.98,14.0,1.01,14.0,0.6,0.5,0.4,23.77,25.2,25.91,24.95,13.0,0.97,16.0,0.5,0.6,0.4,14.36,14.85,15.62,15.03,12.0,0.74,16.0,0.5,0.5,0.4,70.4,77.9,82.1,76.9,12.0,5.4,16.0,0.5,0.4,2.69,6.2,8.2,5.89,14.0,3.09,16.0,0.6,0.6,0.4,-7.71,-5.59,-2.64,-5.37,14.0,3.18,16.0,0.6,0.6,0.4,-3.08,-0.5,0.32,-0.83,14.0,2.23,16.0,0.6,0.6,0.4,1013.44,1015.9,1016.23,1015.11,15.0,1.62,16.0,0.6,0.5,0.4,2.0,3.0,5.0,3.1,15.0,1.6,16.0,0.6,0.5,0.4,-63.2,-34.7,-7.4,-40.6,14.0,38.5,16.0,0.6,0.6,0.4,-23.0,-0.5,0.3,-7.0,14.0,14.8,16.0,0.6,0.6,0.4,-0.08,0.85,2.63,1.13,12.0,1.36,16.0,0.5,0.6,0.4,-0.8,3.4,17.4,6.2,11.0,9.1,14.0,0.5,0.6,0.4,4.72,5.78,7.4,5.97,11.0,1.46,16.0,0.5,0.5,0.4,21.8,33.7,47.2,34.7,10.0,14.2,16.0,0.4,0.5,0.4,-205.0,-143.2,-98.4,-154.8,12.0,67.0,16.0,0.5,0.6,0.4,-79.6,-26.7,16.2,-23.2,12.0,58.3,16.0,0.5,0.6,0.4,-114.6,-84.3,-56.8,-85.0,11.0,30.2,16.0,0.5,0.6,0.4,-46.3,-32.3,15.0,-15.1,11.0,36.9,16.0,0.5,0.6,0.4,-43.0,-30.2,-18.7,-31.1,10.0,13.1,16.0,0.4,0.5,0.4,-19.5,-4.8,10.2,-4.3,10.0,16.3,16.0,0.4,0.5,0.4,21.0,238.5,551.5,362.0,14.0,459.0,16.0,0.6,0.6,0.4,20.0,240.0,550.0,360.0,14.0,460.0,16.0,0.6,0.6,0.4
1974,2,295.0,17.0,25.06,25.6,26.93,25.82,17.0,1.39,14.0,0.3,0.5,0.5,24.0,24.6,24.83,24.64,18.0,0.77,14.0,0.3,0.5,0.5,14.46,15.02,15.68,15.16,18.0,0.96,14.0,0.3,0.5,0.5,73.9,79.8,83.3,78.8,18.0,5.3,14.0,0.3,0.5,6.05,8.2,9.45,7.77,18.0,1.74,14.0,0.3,0.5,0.5,-8.57,-7.17,-5.03,-6.85,18.0,2.17,14.0,0.3,0.5,0.5,-4.41,-1.72,0.0,-2.27,18.0,2.64,14.0,0.3,0.5,0.5,1013.54,1016.55,1018.08,1015.88,18.0,2.44,14.0,0.3,0.5,0.5,1.0,2.0,5.3,3.2,18.0,2.1,14.0,0.3,0.5,0.5,-74.6,-57.0,-30.1,-55.7,18.0,27.9,14.0,0.3,0.5,0.5,-43.4,-13.1,0.0,-19.4,18.0,22.8,14.0,0.3,0.5,0.5,-0.12,1.2,2.18,1.14,17.0,1.27,14.0,0.3,0.5,0.5,-1.3,7.8,21.0,9.6,17.0,10.8,14.0,0.3,0.5,0.5,4.64,5.88,6.93,5.65,17.0,1.32,14.0,0.3,0.5,0.5,25.5,44.4,60.7,44.6,17.0,17.8,14.0,0.3,0.5,0.5,-210.1,-174.4,-123.1,-168.2,18.0,53.1,14.0,0.3,0.5,0.5,-107.4,-42.4,0.0,-56.1,18.0,66.6,14.0,0.3,0.5,0.5,-131.5,-112.8,-75.5,-104.0,18.0,33.2,14.0,0.3,0.5,0.5,-67.7,-26.4,0.0,-34.5,18.0,39.3,14.0,0.3,0.5,0.5,-56.7,-37.3,-22.0,-39.1,17.0,19.3,14.0,0.3,0.5,0.5,-27.8,-11.6,0.0,-13.9,17.0,15.2,14.0,0.3,0.5,0.5,222.5,551.5,845.5,535.5,18.0,342.5,14.0,0.3,0.5,0.5,220.0,550.0,845.0,535.0,18.0,345.0,14.0,0.3,0.5,0.5
1974,2,295.0,18.0,24.5,25.5,26.1,25.41,49.0,0.74,16.0,0.4,0.5,0.4,23.9,24.45,25.2,24.66,56.0,0.98,16.0,0.4,0.4,0.4,12.99,14.02,16.13,14.36,50.0,1.39,16.0,0.5,0.5,0.4,66.6,73.8,82.5,74.4,50.0,7.9,16.0,0.5,0.4,4.1,6.2,8.7,6.62,56.0,2.69,18.0,0.5,0.4,0.4,-7.85,-5.12,-3.14,-5.88,56.0,2.66,18.0,0.5,0.4,0.4,-3.89,-1.16,2.21,-1.0,56.0,2.93,18.0,0.5,0.4,0.4,1014.87,1016.6,1017.82,1016.52,57.0,1.56,18.0,0.5,0.4,0.4,1.0,2.0,5.0,2.8,54.0,1.8,16.0,0.5,0.5,0.4,-74.5,-30.7,-16.5,-45.6,56.0,39.5,18.0,0.5,0.4,0.4,-26.5,-6.4,17.2,-6.6,56.0,25.8,18.0,0.5,0.4,0.4,-0.6,1.0,1.7,0.68,48.0,1.24,16.0,0.4,0.5,0.4,-4.6,3.9,13.4,4.3,47.0,8.8,16.0,0.4,0.5,0.4,4.46,6.19,7.18,5.69,46.0,1.79,16.0,0.5,0.5,0.4,18.8,30.8,53.6,35.8,45.0,20.7,16.0,0.5,0.5,0.4,-192.6,-126.8,-80.8,-142.8,55.0,64.3,16.0,0.5,0.5,0.4,-97.8,-29.9,56.4,-25.5,55.0,73.0,16.0,0.5,0.5,0.4,-123.5,-73.3,-46.2,-81.7,49.0,38.8,16.0,0.5,0.5,0.4,-58.1,-18.1,26.4,-17.9,49.0,42.8,16.0,0.5,0.5,0.4,-46.5,-26.3,-17.7,-31.7,45.0,20.3,16.0,0.5,0.5,0.4,-19.9,-6.4,11.8,-5.6,45.0,16.4,16.0,0.5,0.5,0.4,69.0,238.5,658.5,445.0,56.0,553.5,18.0,0.5,0.4,0.4,70.0,240.0,660.0,445.0,56.0,555.0,18.0,0.5,0.4,0.4
1974,2,295.0,19.0,24.4,25.1,26.17,25.45,31.0,1.18,14.0,0.5,0.6,0.4,23.8,24.9,26.04,24.81,30.0,1.18,14.0,0.4,0.6,0.4,13.55,14.53,15.99,14.75,28.0,1.21,14.0,0.5,0.6,0.4,68.9,74.4,86.3,76.4,28.0,8.5,14.0,0.5,0.4,5.1,7.2,10.3,7.55,30.0,3.31,14.0,0.4,0.6,0.3,-8.79,-6.93,-3.43,-6.68,30.0,3.23,14.0,0.4,0.6,0.3,-3.78,0.0,2.89,-0.25,30.0,3.64,14.0,0.4,0.6,0.3,1014.58,1017.0,1019.25,1017.19,31.0,2.23,14.0,0.5,0.6,0.4,1.0,3.0,6.0,3.5,30.0,2.0,14.0,0.5,0.6,0.3,-86.6,-49.9,-16.5,-60.4,30.0,57.6,14.0,0.4,0.6,0.3,-29.2,0.0,16.8,-1.2,30.0,40.5,14.0,0.4,0.6,0.3,-0.98,0.3,1.9,0.63,30.0,1.57,14.0,0.4,0.6,0.4,-5.1,0.8,11.8,3.6,29.0,10.0,14.0,0.4,0.6,0.3,4.1,5.25,7.45,5.59,28.0,1.68,14.0,0.5,0.6,0.4,16.4,40.7,50.9,41.3,27.0,22.8,14.0,0.4,0.6,0.3,-222.5,-167.4,-83.6,-165.1,29.0,81.7,14.0,0.4,0.6,0.3,-92.9,0.0,75.9,-6.1,29.0,91.7,14.0,0.4,0.6,0.3,-140.0,-98.3,-49.2,-98.1,27.0,47.4,14.0,0.4,0.6,0.3,-58.1,0.0,43.0,-3.6,27.0,50.1,14.0,0.4,0.6,0.3,-46.2,-35.9,-13.6,-36.9,27.0,22.0,14.0,0.4,0.6,0.3,-23.6,0.0,14.6,-1.8,27.0,19.6,14.0,0.4,0.6,0.3,132.5,373.0,1092.5,705.5,30.0,1103.5,14.0,0.4,0.6,0.3,135.0,375.0,1095.0,705.0,30.0,1105.0,14.0,0.4,0.6,0.3
1974,2,295.0,20.0,24.1,25.0,26.3,25.18,23.0,1.21,18.0,0.5,0.6,0.5,23.7,24.1,25.52,24.51,25.0,1.17,18.0,0.5,0.6,0.5,12.77,13.92,15.77,14.24,23.0,1.66,18.0,0.5,0.6,0.5,69.1,71.9,83.9,74.8,24.0,7.1,18.0,0.5,0.4,4.43,6.45,11.22,7.35,24.0,3.21,18.0,0.5,0.6,0.5,-10.64,-6.22,-3.39,-6.7,24.0,3.11,18.0,0.5,0.6,0.5,-2.13,0.0,2.73,0.28,24.0,3.15,18.0,0.5,0.6,0.5,1015.93,1017.8,1019.2,1017.8,24.0,1.64,18.0,0.5,0.6,0.5,0.0,2.0,6.0,2.7,25.0,2.2,18.0,0.5,0.6,0.5,-115.5,-41.7,-14.2,-58.3,24.0,47.2,18.0,0.5,0.6,0.5,-21.2,0.0,15.4,-0.1,24.0,32.6,18.0,0.5,0.6,0.5,-0.7,0.5,2.05,0.63,23.0,1.5,18.0,0.5,0.6,0.5,-4.7,3.3,18.4,5.7,22.0,12.5,18.0,0.5,0.6,0.5,3.79,5.39,7.19,5.57,22.0,1.6,18.0,0.5,0.6,0.5,19.9,38.1,66.8,43.0,22.0,23.5,18.0,0.5,0.6,0.5,-251.1,-151.9,-89.4,-163.5,24.0,74.1,18.0,0.5,0.6,0.5,-51.5,0.0,65.3,7.2,24.0,75.2,18.0,0.5,0.6,0.5,-137.1,-88.1,-52.0,-97.5,23.0,44.5,18.0,0.5,0.6,0.5,-34.2,0.0,38.9,3.1,23.0,45.1,18.0,0.5,0.6,0.5,-60.6,-34.8,-18.3,-39.2,22.0,22.6,18.0,0.5,0.6,0.5,-14.6,0.0,16.0,2.8,22.0,18.9,18.0,0.5,0.6,0.5,87.5,269.5,1423.5,623.5,24.0,667.0,18.0,0.5,0.6,0.5,85.0,270.0,1425.0,625.0,24.0,665.0,18.0,0.5,0.6,0.5
1974,2,295.0,21.0,24.13,24.7,25.07,24.77,24.0,0.95,16.0,0.7,0.6,0.4,23.39,24.0,25.01,24.17,26.0,0.98,16.0,0.7,0.6,0.4,12.24,13.33,16.11,13.94,18.0,2.15,14.0,0.7,0.6,0.3,66.3,70.9,84.1,74.2,18.0,9.6,14.0,0.7,0.3,3.1,6.1,10.0,6.66,24.0,3.14,14.0,0.7,0.6,0.4,-8.75,-4.79,-2.79,-5.25,24.0,3.43,14.0,0.7,0.6,0.4,-4.61,-0.27,2.58,-0.73,24.0,3.88,14.0,0.7,0.6,0.4,1015.36,1017.2,1019.0,1017.3,24.0,2.03,14.0,0.7,0.6,0.4,2.0,3.0,6.0,3.7,26.0,2.1,16.0,0.7,0.6,0.4,-85.7,-31.0,-9.0,-43.2,24.0,42.0,14.0,0.7,0.6,0.4,-49.6,-0.8,19.5,-7.6,24.0,36.1,14.0,0.7,0.6,0.4,-0.3,0.5,1.24,0.57,24.0,1.08,16.0,0.7,0.6,0.4,-3.2,2.9,10.6,3.0,22.0,7.0,14.0,0.7,0.6,0.4,3.36,6.11,6.75,5.28,17.0,1.9,14.0,0.7,0.6,0.3,15.2,21.7,66.7,36.6,17.0,24.9,14.0,0.7,0.6,0.3,-216.4,-113.2,-66.6,-128.4,24.0,86.4,14.0,0.7,0.6,0.4,-113.0,-6.3,62.6,-16.2,24.0,93.8,14.0,0.7,0.6,0.4,-110.8,-72.6,-36.4,-73.3,18.0,54.1,14.0,0.7,0.6,0.3,-60.4,-8.1,37.9,-8.5,18.0,55.6,14.0,0.7,0.6,0.3,-53.6,-21.3,-9.8,-30.0,17.0,25.3,14.0,0.7,0.6,0.3,-24.5,-3.4,12.9,-4.0,17.0,20.8,14.0,0.7,0.6,0.3,30.0,227.0,1000.0,492.0,24.0,569.0,14.0,0.7,0.6,0.4,30.0,225.0,1000.0,490.0,24.0,570.0,14.0,0.7,0.6,0.4
1974,2,295.0,22.0,24.09,24.8,26.0,24.92,13.0,0.71,18.0,0.5,0.6,0.5,23.0,23.75,25.3,23.84,20.0,1.39,20.0,0.6,0.6,0.5,12.36,12.79,13.55,12.9,5.0,0.83,18.0,0.6,0.6,0.6,67.9,69.8,76.6,71.5,6.0,4.4,18.0,0.7,0.5,5.87,8.0,11.14,8.43,19.0,2.85,20.0,0.5,0.6,0.5,-9.06,-7.71,-4.66,-6.54,19.0,3.86,20.0,0.5,0.6,0.5,-4.35,0.0,3.13,-0.33,19.0,4.79,20.0,0.5,0.6,0.5,1017.7,1020.9,1021.62,1019.61,18.0,2.81,18.0,0.5,0.6,0.5,2.0,3.0,5.0,3.8,19.0,1.7,20.0,0.6,0.6,0.5,-94.8,-63.2,-23.7,-59.1,19.0,47.9,20.0,0.5,0.6,0.5,-26.8,0.0,28.6,-4.8,19.0,54.8,20.0,0.5,0.6,0.5,0.24,1.0,2.01,1.25,13.0,1.53,18.0,0.5,0.6,0.5,1.4,8.8,18.4,10.3,12.0,13.4,18.0,0.5,0.5,0.5,5.03,6.43,6.99,6.14,5.0,1.27,18.0,0.6,0.6,0.6,39.0,57.9,62.3,51.3,5.0,15.3,18.0,0.6,0.6,0.6,-219.1,-186.7,-107.2,-157.2,19.0,91.7,20.0,0.5,0.6,0.5,-100.5,0.0,74.0,-5.9,19.0,113.8,20.0,0.5,0.6,0.5,-129.2,-114.5,-80.8,-105.9,5.0,27.5,18.0,0.6,0.6,0.6,-13.2,0.0,17.5,4.1,5.0,25.4,18.0,0.6,0.6,0.6,-61.7,-57.9,-37.1,-50.4,5.0,15.6,18.0,0.6,0.6,0.6,-6.8,0.0,5.7,0.1,5.0,9.8,18.0,0.6,0.6,0.6,204.0,512.0,1388.0,795.0,19.0,726.0,20.0,0.5,0.6,0.5,205.0,510.0,1390.0,795.0,19.0,725.0,20.0,0.5,0.6,0.5
1974,2,295.0,23.0,23.9,24.1,24.73,24.41,15.0,0.72,18.0,0.6,0.5,0.4,22.94,23.8,24.0,23.51,18.0,0.87,18.0,0.6,0.5,0.3,12.05,13.21,14.08,13.01,5.0,1.42,20.0,0.4,0.6,0.5,67.7,74.0,79.4,73.6,5.0,6.5,20.0,0.4,0.5,6.0,7.1,9.0,7.43,16.0,1.79,20.0,0.5,0.5,0.3,-7.52,-6.28,-2.36,-5.57,16.0,2.85,20.0,0.5,0.5,0.3,-2.74,-0.43,5.16,0.61,16.0,4.52,20.0,0.5,0.5,0.3,1018.41,1021.5,1022.3,1020.54,16.0,2.46,20.0,0.5,0.5,0.3,2.0,3.0,7.0,4.0,17.0,2.3,18.0,0.6,0.5,0.3,-60.1,-44.7,-13.2,-42.6,16.0,26.5,20.0,0.5,0.5,0.3,-21.9,-2.2,28.7,4.8,16.0,41.2,20.0,0.5,0.5,0.3,0.07,0.8,1.71,0.91,15.0,0.88,18.0,0.6,0.5,0.4,3.3,5.8,12.7,7.7,13.0,7.2,18.0,0.5,0.6,0.4,4.69,5.36,6.47,5.6,5.0,1.29,20.0,0.4,0.6,0.5,33.3,35.6,55.8,43.3,5.0,13.7,20.0,0.4,0.6,0.5,-175.1,-147.4,-51.3,-130.1,16.0,67.1,20.0,0.5,0.5,0.3,-63.7,-10.3,124.6,17.1,16.0,105.2,20.0,0.5,0.5,0.3,-100.0,-74.5,-39.5,-67.7,5.0,41.5,20.0,0.4,0.6,0.5,-36.7,27.1,74.0,25.9,5.0,72.9,20.0,0.4,0.6,0.5,-37.5,-31.8,-19.2,-28.0,5.0,16.6,20.0,0.4,0.6,0.5,-16.7,11.0,31.0,9.9,5.0,34.0,20.0,0.4,0.6,0.5,216.0,358.0,729.0,478.0,16.0,332.5,20.0,0.5,0.5,0.3,215.0,360.0,730.0,480.0,16.0,335.0,20.0,0.5,0.5,0.3
1974,2,295.0,24.0,22.76,24.0,25.0,24.1,11.0,1.21,12.0,0.7,0.5,0.5,21.0,23.3,25.2,23.3,13.0,1.96,12.0,0.7,0.6,0.5,12.01,15.05,16.05,14.08,4.0,2.93,12.0,0.5,0.5,0.7,69.6,82.3,90.5,80.2,4.0,12.8,12.0,0.5,0.7,5.63,8.0,11.1,8.22,13.0,3.33,12.0,0.7,0.6,0.5,-7.55,-5.83,-2.21,-4.6,13.0,4.8,12.0,0.7,0.6,0.5,-7.94,-1.95,2.94,-2.26,13.0,5.73,12.0,0.7,0.6,0.5,1015.8,1019.45,1023.66,1020.02,12.0,5.0,12.0,0.7,0.5,0.5,2.0,4.0,6.2,4.2,11.0,2.3,10.0,0.8,0.6,0.4,-69.1,-36.1,-5.7,-36.9,13.0,50.5,12.0,0.7,0.6,0.5,-82.4,-11.1,23.9,-29.4,13.0,72.0,12.0,0.7,0.6,0.5,-1.37,0.7,2.45,0.65,11.0,1.84,12.0,0.7,0.5,0.5,-9.7,3.5,25.4,8.9,11.0,18.5,12.0,0.7,0.5,0.5,1.9,2.94,4.09,2.99,3.0,1.61,12.0,0.7,0.6,0.7,11.3,18.2,38.3,24.7,3.0,20.6,12.0,0.7,0.6,0.7,-182.0,-141.4,-46.4,-110.3,13.0,108.7,12.0,0.7,0.6,0.5,-170.4,-44.3,72.2,-48.7,13.0,130.7,12.0,0.7,0.6,0.5,-96.8,-84.0,-52.5,-75.1,4.0,35.9,12.0,0.5,0.5,0.7,-82.2,-30.6,-19.1,-49.7,4.0,53.8,12.0,0.5,0.5,0.7,-26.4,-17.1,-10.6,-18.5,3.0,11.6,12.0,0.7,0.6,0.7,-26.9,-6.2,-3.9,-15.2,3.0,18.6,12.0,0.7,0.6,0.7,179.5,512.0,1369.0,818.5,13.0,927.5,12.0,0.7,0.6,0.5,180.0,510.0,1370.0,820.0,13.0,930.0,12.0,0.7,0.6,0.5
1974,2,295.0,25.0,22.92,23.45,24.4,23.61,12.0,0.86,16.0,0.2,0.6,0.3,21.07,21.75,22.25,21.81,12.0,0.88,18.0,0.2,0.6,0.3,10.56,12.72,13.63,12.08,7.0,1.93,14.0,0.3,0.5,0.4,66.3,79.5,82.5,74.8,7.0,9.0,14.0,0.3,0.4,4.6,7.2,9.35,7.31,13.0,2.16,18.0,0.2,0.6,0.3,-5.08,-4.04,2.08,-2.29,13.0,4.54,18.0,0.2,0.6,0.3,-8.56,-1.22,4.8,-1.91,13.0,5.68,18.0,0.2,0.6,0.3,1016.72,1019.8,1022.02,1019.53,13.0,2.31,18.0,0.2,0.6,0.3,1.0,2.0,6.3,3.3,12.0,2.5,16.0,0.3,0.5,0.3,-48.1,-20.8,12.3,-16.8,13.0,36.1,18.0,0.2,0.6,0.3,-83.5,-8.5,25.0,-20.5,13.0,49.8,18.0,0.2,0.6,0.3,0.79,2.0,3.0,1.79,11.0,1.38,16.0,0.1,0.6,0.3,4.3,10.1,22.7,12.8,11.0,12.7,16.0,0.1,0.6,0.3,3.57,6.26,7.72,5.74,6.0,2.11,12.0,0.2,0.5,0.4,21.5,30.0,49.7,36.0,6.0,20.1,12.0,0.2,0.5,0.4,-116.8,-80.3,59.3,-45.5,12.0,101.4,18.0,0.2,0.6,0.3,-159.2,-21.6,109.2,-27.0,12.0,121.7,18.0,0.2,0.6,0.3,-65.0,-51.5,-34.6,-48.1,7.0,24.5,14.0,0.3,0.5,0.4,-46.6,-8.5,65.3,0.9,7.0,73.7,14.0,0.3,0.5,0.4,-40.6,-23.0,-16.1,-28.7,6.0,18.4,12.0,0.2,0.5,0.4,-12.3,-0.6,23.3,2.3,6.0,25.1,12.0,0.2,0.5,0.4,97.5,373.0,817.5,482.5,13.0,342.5,18.0,0.2,0.6,0.3,95.0,375.0,815.0,485.0,13.0,340.0,18.0,0.2,0.6,0.3
1974,2,295.0,26.0,22.03,23.15,24.37,23.13,14.0,1.34,16.0,0.8,0.5,0.5,21.13,22.1,23.72,22.29,14.0,1.55,18.0,0.7,0.5,0.6,9.07,12.21,13.45,11.58,9.0,2.09,16.0,0.8,0.5,0.6,60.7,73.3,82.4,71.3,9.0,11.0,16.0,0.8,0.6,2.6,5.1,10.49,6.06,15.0,4.03,16.0,0.7,0.5,0.6,-6.06,-1.99,3.95,-1.3,15.0,5.23,16.0,0.7,0.5,0.6,-5.24,-1.08,1.13,-1.42,15.0,4.92,16.0,0.7,0.5,0.6,1017.06,1021.85,1023.79,1020.42,14.0,3.8,16.0,0.8,0.5,0.5,1.1,3.0,5.9,3.4,14.0,2.2,16.0,0.8,0.5,0.6,-37.9,-5.2,19.9,-1.1,15.0,54.4,16.0,0.7,0.5,0.6,-41.9,-5.2,5.8,-11.7,15.0,58.8,16.0,0.7,0.5,0.6,-0.06,0.8,3.34,0.87,13.0,2.27,16.0,0.8,0.5,0.6,1.1,4.0,18.1,5.9,13.0,21.8,16.0,0.8,0.5,0.6,3.32,6.19,7.67,5.55,9.0,2.75,16.0,0.8,0.5,0.6,7.7,34.8,51.1,35.7,9.0,32.3,16.0,0.8,0.5,0.6,-134.7,-40.6,92.6,-20.5,14.0,115.7,18.0,0.7,0.5,0.6,-116.1,-34.3,25.5,-31.6,14.0,112.8,18.0,0.7,0.5,0.6,-58.9,-13.0,81.7,4.9,9.0,64.8,16.0,0.8,0.5,0.6,-62.5,-25.9,8.1,-12.2,9.0,69.3,16.0,0.8,0.5,0.6,-38.9,-3.7,16.4,-1.4,9.0,38.6,16.0,0.8,0.5,0.6,-33.4,-10.0,0.9,-19.8,9.0,23.3,16.0,0.8,0.5,0.6,17.5,132.5,1182.0,533.5,15.0,843.5,16.0,0.7,0.5,0.6,20.0,135.0,1180.0,535.0,15.0,845.0,16.0,0.7,0.5,0.6
1974,2,295.0,27.0,22.18,23.3,23.81,22.8,13.0,1.32,12.0,0.7,0.6,0.4,18.9,22.5,22.91,21.33,13.0,2.04,12.0,0.7,0.6,0.4,9.83,12.32,14.49,12.2,10.0,2.64,12.0,0.6,0.6,0.4,68.9,80.9,87.6,78.5,10.0,11.4,12.0,0.6,0.4,3.46,7.2,9.04,6.42,10.0,2.71,14.0,0.7,0.5,0.4,-3.73,-0.34,1.7,-0.82,10.0,2.85,14.0,0.7,0.5,0.4,-7.46,0.94,7.56,0.71,10.0,6.61,14.0,0.7,0.5,0.4,1016.75,1019.0,1024.04,1019.8,11.0,3.37,12.0,0.6,0.5,0.4,0.9,2.0,5.0,2.5,13.0,1.9,12.0,0.7,0.6,0.4,-17.7,-0.7,14.8,-3.0,10.0,21.1,14.0,0.7,0.5,0.4,-62.7,1.9,57.7,2.6,10.0,55.6,14.0,0.7,0.5,0.4,0.45,0.9,3.28,1.47,13.0,1.88,12.0,0.7,0.6,0.4,0.8,7.8,30.4,13.6,10.0,15.9,14.0,0.7,0.5,0.4,2.78,4.99,7.27,5.17,10.0,2.44,12.0,0.6,0.6,0.4,17.7,38.7,54.4,35.7,9.0,18.0,14.0,0.7,0.6,0.4,-76.1,-7.9,29.4,-19.1,10.0,54.9,14.0,0.7,0.5,0.4,-132.3,21.6,170.0,26.7,10.0,134.9,14.0,0.7,0.5,0.4,-37.0,0.0,20.7,-6.7,9.0,29.8,14.0,0.7,0.6,0.4,-75.6,20.7,118.7,23.0,9.0,86.3,14.0,0.7,0.6,0.4,-23.5,0.0,15.5,-4.8,9.0,21.3,14.0,0.7,0.6,0.4,-47.1,13.9,21.6,-4.2,9.0,35.4,14.0,0.7,0.6,0.4,51.5,378.5,742.0,383.0,10.0,314.5,14.0,0.7,0.5,0.4,50.0,380.0,740.0,385.0,10.0,315.0,14.0,0.7,0.5,0.4
1974,2,295.0,28.0,20.44,22.0,23.9,21.95,13.0,2.07,16.0,0.5,0.4,0.5,18.95,20.6,21.71,20.53,13.0,1.94,16.0,0.5,0.4,0.5,9.61,11.3,13.28,11.04,10.0,2.28,14.0,0.5,0.4,0.6,61.5,70.5,84.6,72.9,10.0,12.4,14.0,0.5,0.6,3.05,7.2,10.56,7.32,13.0,4.2,16.0,0.5,0.4,0.5,-0.17,1.99,5.74,2.62,13.0,5.1,16.0,0.5,0.4,0.5,-7.95,2.37,4.97,-0.22,13.0,6.5,16.0,0.5,0.4,0.5,1015.72,1018.0,1020.29,1018.13,13.0,4.02,16.0,0.5,0.4,0.5,0.0,2.5,7.0,3.3,12.0,2.8,14.0,0.5,0.5,0.5,-0.9,5.2,43.7,25.3,13.0,72.4,16.0,0.5,0.4,0.5,-63.8,7.4,43.8,-6.3,13.0,65.5,16.0,0.5,0.4,0.5,-0.14,1.4,2.93,1.42,13.0,2.05,16.0,0.5,0.4,0.5,-0.7,5.1,29.9,11.8,13.0,17.9,16.0,0.5,0.4,0.5,4.4,5.66,6.57,5.17,10.0,1.93,14.0,0.5,0.4,0.6,14.2,43.3,56.9,38.1,10.0,22.8,14.0,0.5,0.4,0.6,-3.5,38.8,124.7,53.8,13.0,101.3,16.0,0.5,0.4,0.5,-142.2,45.6,104.6,2.4,13.0,135.0,16.0,0.5,0.4,0.5,0.0,21.0,85.2,42.2,10.0,57.6,14.0,0.5,0.4,0.6,-35.7,31.7,73.5,19.7,10.0,69.1,14.0,0.5,0.4,0.6,0.0,12.2,36.4,17.3,10.0,24.7,14.0,0.5,0.4,0.6,-30.5,8.9,30.8,2.9,10.0,34.3,14.0,0.5,0.4,0.6,28.5,373.0,1198.5,777.0,13.0,1071.0,16.0,0.5,0.4,0.5,30.0,375.0,1200.0,775.0,13.0,1070.0,16.0,0.5,0.4,0.5
1974,2,295.0,29.0,20.99,21.2,22.21,21.39,19.0,0.91,14.0,0.5,0.6,0.2,18.4,21.0,22.3,20.28,20.0,1.96,14.0,0.5,0.5,0.2,7.53,10.73,14.55,11.0,18.0,3.0,14.0,0.6,0.5,0.2,57.4,77.1,88.6,74.4,18.0,14.8,14.0,0.6,0.2,3.11,6.2,10.3,6.96,20.0,4.26,14.0,0.5,0.5,0.2,-3.49,0.31,6.23,1.29,20.0,4.43,14.0,0.5,0.5,0.2,-6.43,1.37,7.47,0.29,20.0,6.9,14.0,0.5,0.5,0.2,1013.0,1021.8,1024.1,1019.54,20.0,5.08,14.0,0.5,0.5,0.2,1.0,4.0,6.0,4.0,20.0,2.5,14.0,0.5,0.5,0.2,-16.1,1.1,45.4,17.3,20.0,46.8,14.0,0.5,0.5,0.2,-44.1,5.4,59.6,-0.4,20.0,85.3,14.0,0.5,0.5,0.2,-0.31,1.0,2.8,1.2,19.0,2.14,14.0,0.5,0.6,0.2,-3.0,5.2,14.0,9.4,19.0,26.5,14.0,0.5,0.6,0.2,2.14,4.6,7.85,4.74,18.0,2.77,14.0,0.6,0.5,0.2,9.5,22.2,58.4,31.9,18.0,28.2,14.0,0.6,0.5,0.2,-65.5,6.6,130.6,29.2,20.0,94.0,14.0,0.5,0.5,0.2,-121.0,27.1,156.9,15.6,20.0,137.6,14.0,0.5,0.5,0.2,-28.8,0.0,54.9,13.5,18.0,49.7,14.0,0.6,0.5,0.2,-52.2,5.4,50.4,5.8,18.0,81.0,14.0,0.6,0.5,0.2,-15.3,0.0,15.3,2.4,18.0,23.5,14.0,0.6,0.5,0.2,-40.7,0.1,12.2,-13.6,18.0,33.5,14.0,0.6,0.5,0.2,30.0,243.0,1092.5,739.5,20.0,1128.0,14.0,0.5,0.5,0.2,30.0,245.0,1095.0,740.0,20.0,1130.0,14.0,0.5,0.5,0.2
1974,2,295.0,30.0,20.11,21.0,21.47,20.89,9.0,0.72,10.0,0.6,0.5,0.4,18.15,19.85,21.33,19.96,12.0,1.69,12.0,0.5,0.5,0.4,8.8,9.69,12.18,10.42,8.0,1.91,12.0,0.6,0.4,0.4,64.3,70.8,80.8,71.2,8.0,8.8,12.0,0.6,0.4,3.85,11.3,16.75,10.71,12.0,5.96,12.0,0.5,0.5,0.4,0.66,6.7,14.76,7.17,12.0,6.44,12.0,0.5,0.5,0.4,-6.22,2.37,6.23,1.62,12.0,7.75,12.0,0.5,0.5,0.4,1012.25,1017.45,1021.35,1017.08,12.0,4.16,12.0,0.5,0.5,0.4,2.0,4.0,8.0,4.3,11.0,2.6,12.0,0.5,0.5,0.4,1.7,50.3,237.5,101.9,12.0,113.8,12.0,0.5,0.5,0.4,-97.3,9.6,70.7,9.1,12.0,122.2,12.0,0.5,0.5,0.4,-0.95,1.3,2.72,1.09,9.0,1.68,10.0,0.6,0.5,0.4,-4.2,14.9,44.2,19.4,9.0,23.6,10.0,0.6,0.5,0.4,3.5,5.92,6.1,5.11,6.0,1.48,10.0,0.7,0.3,0.3,18.7,42.4,98.5,54.1,6.0,39.8,10.0,0.7,0.3,0.3,13.9,137.4,267.6,135.4,12.0,118.0,12.0,0.5,0.5,0.4,-113.0,50.9,125.6,39.5,12.0,153.4,12.0,0.5,0.5,0.4,2.3,75.9,115.2,63.9,8.0,62.6,12.0,0.6,0.4,0.4,-23.3,31.3,136.2,49.6,8.0,84.0,12.0,0.6,0.4,0.4,-3.2,16.0,93.6,35.2,6.0,49.7,10.0,0.7,0.3,0.3,-21.4,9.2,27.1,7.7,6.0,32.6,10.0,0.7,0.3,0.3,59.0,1768.5,4712.5,2250.5,12.0,2262.0,12.0,0.5,0.5,0.4,60.0,1770.0,4715.0,2250.0,12.0,2260.0,12.0,0.5,0.5,0.4
1974,2,295.0,31.0,19.58,20.0,21.11,20.42,13.0,0.96,14.0,0.7,0.5,0.4,17.04,18.75,19.3,18.67,14.0,1.94,14.0,0.6,0.5,0.4,6.46,10.78,12.68,10.05,14.0,3.2,14.0,0.6,0.5,0.4,53.2,77.7,93.8,74.1,14.0,18.1,14.0,0.6,0.4,3.16,5.65,12.17,7.64,14.0,6.05,14.0,0.6,0.5,0.4,-3.83,0.0,9.15,2.26,14.0,7.7,14.0,0.6,0.5,0.4,-5.03,0.0,3.6,-0.06,14.0,5.88,14.0,0.6,0.5,0.4,1012.74,1019.25,1024.99,1019.06,14.0,5.73,14.0,0.6,0.5,0.4,2.0,6.0,8.0,5.8,13.0,2.4,14.0,0.7,0.5,0.4,-16.2,0.0,111.9,54.3,14.0,128.6,14.0,0.6,0.5,0.4,-25.9,0.0,25.3,8.3,14.0,86.3,14.0,0.6,0.5,0.4,0.79,1.3,3.03,1.55,13.0,1.62,14.0,0.7,0.5,0.4,2.9,7.4,24.0,10.0,13.0,14.4,14.0,0.7,0.5,0.4,1.74,3.64,7.22,4.51,13.0,2.81,14.0,0.7,0.5,0.4,6.3,16.8,45.6,32.7,13.0,38.1,14.0,0.7,0.5,0.4,-74.0,0.0,148.2,42.5,14.0,147.2,14.0,0.6,0.5,0.4,-86.0,0.0,67.7,6.7,14.0,113.6,14.0,0.6,0.5,0.4,-48.2,0.0,64.6,20.3,14.0,82.4,14.0,0.6,0.5,0.4,-49.1,0.0,37.9,9.6,14.0,68.6,14.0,0.6,0.5,0.4,-13.9,0.0,31.0,10.7,13.0,44.5,14.0,0.7,0.5,0.4,-13.1,0.0,21.1,-1.7,13.0,22.5,14.0,0.7,0.5,0.4,32.5,185.5,1812.5,1432.5,14.0,2771.0,14.0,0.6,0.5,0.4,30.0,185.0,1810.0,1435.0,14.0,2770.0,14.0,0.6,0.5,0.4
1974,2,295.0,32.0,19.11,20.45,20.96,20.33,8.0,1.07,14.0,0.5,0.7,0.3,15.64,18.1,20.14,18.01,10.0,2.21,12.0,0.5,0.7,0.3,7.12,8.77,10.84,8.9,8.0,1.89,16.0,0.5,0.7,0.4,63.0,72.2,79.9,72.3,8.0,9.4,16.0,0.5,0.4,7.42,12.9,16.57,12.14,9.0,4.89,12.0,0.6,0.7,0.3,6.81,9.88,13.25,10.0,9.0,4.45,12.0,0.6,0.7,0.3,-9.31,2.46,5.44,-1.15,9.0,7.49,12.0,0.6,0.7,0.3,1010.64,1015.0,1018.3,1014.82,10.0,4.59,12.0,0.5,0.7,0.3,2.4,5.0,8.0,4.9,10.0,2.6,12.0,0.5,0.7,0.3,50.5,127.5,217.1,140.3,9.0,105.2,12.0,0.6,0.7,0.3,-144.6,17.7,49.2,-38.7,9.0,106.0,12.0,0.6,0.7,0.3,1.33,1.8,2.76,2.31,8.0,2.19,14.0,0.5,0.7,0.3,8.8,36.1,41.5,34.7,7.0,37.2,12.0,0.6,0.7,0.4,3.84,5.43,6.75,5.6,7.0,2.3,16.0,0.4,0.8,0.4,38.4,78.6,131.3,84.4,6.0,48.7,14.0,0.5,0.8,0.4,130.4,175.9,198.8,172.3,9.0,64.8,12.0,0.6,0.7,0.3,-150.4,46.8,106.0,-8.6,9.0,127.2,12.0,0.6,0.7,0.3,75.3,92.7,97.3,92.3,7.0,17.8,14.0,0.6,0.7,0.4,-77.9,-46.4,64.0,-12.4,7.0,67.1,14.0,0.6,0.7,0.4,30.4,60.2,121.0,71.7,6.0,44.7,14.0,0.5,0.8,0.4,-58.7,-16.6,30.8,-15.1,6.0,49.8,14.0,0.5,0.8,0.4,410.5,2146.5,4573.0,2560.5,9.0,2359.0,12.0,0.6,0.7,0.3,410.0,2145.0,4575.0,2560.0,9.0,2360.0,12.0,0.6,0.7,0.3
1974,2,295.0,33.0,18.91,20.0,20.49,19.74,14.0,1.41,12.0,0.5,0.6,0.4,16.27,18.5,20.58,18.35,15.0,2.18,12.0,0.5,0.6,0.4,7.48,9.67,11.12,9.49,15.0,2.06,12.0,0.5,0.6,0.4,56.2,74.4,84.4,72.6,15.0,13.3,12.0,0.5,0.4,5.68,8.2,15.4,10.17,15.0,4.58,12.0,0.5,0.6,0.4,2.23,7.58,13.05,7.06,15.0,5.36,12.0,0.5,0.6,0.4,-4.58,6.62,8.32,2.98,15.0,6.34,12.0,0.5,0.6,0.4,1011.6,1018.8,1025.01,1018.65,15.0,6.58,12.0,0.5,0.6,0.4,3.2,4.0,8.0,5.0,15.0,2.2,12.0,0.5,0.6,0.4,12.6,58.4,196.9,90.0,15.0,94.7,12.0,0.5,0.6,0.4,-34.1,58.2,138.8,50.0,15.0,81.4,12.0,0.5,0.6,0.4,-0.47,1.05,2.78,1.19,14.0,1.58,12.0,0.5,0.6,0.4,-2.3,11.4,21.5,10.5,14.0,16.0,12.0,0.5,0.6,0.4,2.94,4.49,6.64,4.69,14.0,1.86,12.0,0.5,0.6,0.4,29.3,38.5,58.5,43.2,14.0,17.9,12.0,0.5,0.6,0.4,36.7,132.4,268.4,134.3,15.0,108.6,12.0,0.5,0.6,0.4,-68.4,127.8,161.7,61.5,15.0,113.8,12.0,0.5,0.6,0.4,17.5,68.1,142.5,73.4,15.0,65.7,12.0,0.5,0.6,0.4,-38.3,57.1,88.6,34.3,15.0,63.5,12.0,0.5,0.6,0.4,11.2,30.3,44.7,28.5,14.0,20.6,12.0,0.5,0.6,0.4,-13.9,16.4,38.7,14.7,14.0,28.3,12.0,0.5,0.6,0.4,204.5,551.5,3652.5,1689.0,15.0,1932.0,12.0,0.5,0.6,0.4,205.0,550.0,3650.0,1690.0,15.0,1930.0,12.0,0.5,0.6,0.4
1974,2,295.0,34.0,19.12,19.8,20.1,19.7,7.0,1.33,18.0,0.6,0.6,0.4,16.0,18.45,19.91,17.83,8.0,2.93,18.0,0.6,0.5,0.4,7.51,10.21,11.99,9.9,5.0,2.71,24.0,0.6,0.4,0.4,65.6,82.2,93.2,78.3,5.0,22.3,24.0,0.6,0.4,4.6,7.7,13.03,8.42,9.0,5.74,18.0,0.6,0.5,0.4,-3.62,4.32,9.29,4.14,9.0,7.32,18.0,0.6,0.5,0.4,-1.15,3.52,8.98,3.69,9.0,4.96,18.0,0.6,0.5,0.4,1014.69,1017.6,1021.28,1018.13,9.0,3.41,18.0,0.6,0.5,0.4,4.0,6.0,8.0,6.1,9.0,2.0,18.0,0.6,0.5,0.4,-27.8,19.9,120.7,61.6,9.0,115.1,18.0,0.6,0.5,0.4,-5.3,16.2,132.8,50.0,9.0,75.3,18.0,0.6,0.5,0.4,-0.06,1.6,4.21,1.7,6.0,2.69,20.0,0.7,0.6,0.3,3.7,14.6,23.8,13.9,6.0,10.5,20.0,0.7,0.6,0.3,2.07,3.95,5.89,3.98,4.0,2.71,26.0,0.8,0.4,0.4,2.6,12.6,26.9,14.6,4.0,15.0,26.0,0.8,0.4,0.4,-84.5,50.7,161.7,45.5,8.0,106.8,18.0,0.6,0.5,0.4,-17.5,28.2,135.2,57.5,8.0,87.7,18.0,0.6,0.5,0.4,-24.5,34.8,97.8,33.1,5.0,70.4,24.0,0.6,0.4,0.4,-4.6,0.0,95.5,37.9,5.0,59.9,24.0,0.6,0.4,0.4,-1.8,9.3,26.3,12.1,4.0,17.1,26.0,0.8,0.4,0.4,-3.6,0.0,2.2,-0.7,4.0,4.5,26.0,0.8,0.4,0.4,97.5,456.5,2398.0,1432.0,9.0,2422.5,18.0,0.6,0.5,0.4,95.0,455.0,2400.0,1430.0,9.0,2420.0,18.0,0.6,0.5,0.4
1974,2,295.0,35.0,18.89,19.5,20.37,19.58,5.0,1.09,10.0,0.4,0.6,0.4,12.22,15.6,16.73,14.62,5.0,3.04,10.0,0.4,0.6,0.4,5.96,6.07,8.24,7.07,3.0,1.88,14.0,0.7,0.5,0.5,54.1,54.3,82.0,67.7,3.0,23.5,14.0,0.7,0.5,6.76,9.3,15.29,11.38,5.0,8.23,10.0,0.4,0.6,0.4,1.46,4.65,14.37,7.97,5.0,9.61,10.0,0.4,0.6,0.4,-8.32,3.18,5.45,-0.34,5.0,7.61,10.0,0.4,0.6,0.4,1007.03,1014.3,1017.23,1012.04,5.0,8.98,10.0,0.4,0.6,0.4,2.3,4.0,6.7,4.4,5.0,2.7,10.0,0.4,0.6,0.4,6.7,43.2,278.3,151.2,5.0,264.4,10.0,0.4,0.6,0.4,-130.0,18.3,42.2,-37.8,5.0,117.1,10.0,0.4,0.6,0.4,3.32,4.4,6.67,4.96,5.0,2.03,10.0,0.4,0.6,0.4,22.6,32.6,109.9,67.5,5.0,78.4,10.0,0.4,0.6,0.4,5.95,8.02,8.37,7.18,3.0,1.92,14.0,0.7,0.5,0.5,41.5,46.4,65.6,53.4,3.0,18.7,14.0,0.7,0.5,0.5,22.8,62.8,177.0,96.0,5.0,96.2,10.0,0.4,0.6,0.4,-95.5,50.9,92.0,12.1,5.0,107.2,10.0,0.4,0.6,0.4,22.9,43.0,49.9,36.6,3.0,20.5,14.0,0.7,0.5,0.5,-44.7,19.3,22.2,-10.6,3.0,55.4,14.0,0.7,0.5,0.5,20.7,23.2,55.2,37.6,3.0,28.2,14.0,0.7,0.5,0.5,-19.3,25.5,31.3,6.4,3.0,40.6,14.0,0.7,0.5,0.5,360.5,804.5,6709.5,3838.5,5.0,7349.0,10.0,0.4,0.6,0.4,360.0,805.0,6710.0,3840.0,5.0,7350.0,10.0,0.4,0.6,0.4
1974,2,295.0,36.0,18.83,20.6,21.0,20.41,15.0,1.28,14.0,0.6,0.5,0.5,12.8,15.0,18.64,15.11,17.0,3.11,14.0,0.5,0.5,0.5,6.16,7.55,9.3,7.72,14.0,1.76,14.0,0.6,0.5,0.5,59.3,70.2,82.5,70.4,14.0,12.3,14.0,0.6,0.5,4.64,12.3,19.74,12.24,17.0,6.81,14.0,0.5,0.5,0.5,-0.41,9.79,16.6,8.54,17.0,7.94,14.0,0.5,0.5,0.5,-4.02,0.0,8.98,1.74,17.0,7.85,14.0,0.5,0.5,0.5,1003.35,1012.0,1021.74,1012.97,17.0,9.23,14.0,0.5,0.5,0.5,6.0,7.5,8.0,6.8,16.0,1.7,16.0,0.5,0.5,0.5,-1.1,110.6,296.4,144.2,17.0,153.6,14.0,0.5,0.5,0.5,-55.2,0.0,169.0,51.2,17.0,132.3,14.0,0.5,0.5,0.5,2.27,5.3,8.78,5.53,15.0,3.58,14.0,0.6,0.5,0.5,23.9,47.5,90.7,63.2,15.0,63.8,14.0,0.6,0.5,0.5,4.94,7.05,8.83,6.95,13.0,2.04,14.0,0.6,0.5,0.5,35.8,67.3,121.3,83.1,13.0,50.8,14.0,0.6,0.5,0.5,-5.7,152.6,262.0,133.3,17.0,124.5,14.0,0.5,0.5,0.5,-52.2,0.0,160.1,44.1,17.0,132.8,14.0,0.5,0.5,0.5,0.0,62.6,119.6,62.6,14.0,60.6,14.0,0.6,0.5,0.5,-23.5,0.0,100.9,25.2,14.0,67.3,14.0,0.6,0.5,0.5,-0.8,36.9,102.1,54.9,13.0,57.4,14.0,0.6,0.5,0.5,-32.6,0.0,70.3,13.3,13.0,57.6,14.0,0.6,0.5,0.5,103.5,1861.0,7726.5,3379.5,17.0,3446.0,14.0,0.5,0.5,0.5,105.0,1860.0,7725.0,3380.0,17.0,3445.0,14.0,0.5,0.5,0.5
1974,2,295.0,37.0,19.38,20.4,22.12,20.62,16.0,1.91,12.0,0.8,0.6,0.3,12.49,16.0,18.2,15.32,17.0,3.53,12.0,0.8,0.6,0.3,6.09,7.01,8.96,7.77,14.0,2.69,14.0,0.7,0.6,0.3,60.7,66.6,84.4,69.1,14.0,11.4,14.0,0.7,0.3,7.86,9.8,15.4,11.04,17.0,3.83,12.0,0.8,0.6,0.3,1.41,8.08,12.38,7.53,17.0,4.72,12.0,0.8,0.6,0.3,-7.97,-1.42,6.39,-0.02,17.0,7.85,12.0,0.8,0.6,0.3,1007.21,1011.6,1023.09,1013.86,17.0,7.47,12.0,0.8,0.6,0.3,5.2,7.0,8.0,6.4,15.0,1.7,12.0,0.7,0.6,0.3,11.4,81.3,206.7,92.4,17.0,78.2,12.0,0.8,0.6,0.3,-73.1,-11.7,98.4,5.8,17.0,116.2,12.0,0.8,0.6,0.3,1.64,6.1,7.75,4.91,16.0,3.18,12.0,0.8,0.6,0.3,18.4,45.8,82.6,48.1,16.0,39.5,12.0,0.8,0.6,0.3,5.54,7.85,9.87,7.35,14.0,2.84,14.0,0.7,0.6,0.3,51.7,64.8,93.3,74.7,14.0,39.2,14.0,0.7,0.6,0.3,21.7,119.4,179.1,116.1,17.0,76.4,12.0,0.8,0.6,0.3,-95.9,-23.1,116.4,21.5,17.0,130.8,12.0,0.8,0.6,0.3,33.4,59.1,90.6,65.0,14.0,42.1,14.0,0.7,0.6,0.3,-32.1,5.1,40.0,19.0,14.0,76.8,14.0,0.7,0.6,0.3,13.1,57.4,89.0,63.0,14.0,44.0,14.0,0.7,0.6,0.3,-43.5,-3.3,30.4,-3.6,14.0,36.4,14.0,0.7,0.6,0.3,486.5,941.0,3652.5,1841.5,17.0,1900.5,12.0,0.8,0.6,0.3,485.0,940.0,3650.0,1840.0,17.0,1900.0,12.0,0.8,0.6,0.3
1974,2,295.0,38.0,15.6,19.55,21.2,18.13,12.0,3.79,12.0,0.5,0.6,0.5,7.69,11.25,15.38,11.29,12.0,3.81,14.0,0.5,0.6,0.6,4.12,6.16,8.97,6.44,10.0,2.23,16.0,0.5,0.6,0.5,67.9,76.1,88.7,76.0,10.0,11.6,16.0,0.5,0.5,6.2,14.4,17.0,11.97,13.0,5.75,14.0,0.5,0.6,0.5,-1.11,3.99,7.78,2.75,13.0,5.87,14.0,0.5,0.6,0.5,-9.75,-2.8,14.94,0.7,13.0,12.04,14.0,0.5,0.6,0.5,1006.28,1011.0,1017.37,1010.49,13.0,7.39,14.0,0.5,0.6,0.5,6.7,8.0,8.0,7.1,12.0,1.7,14.0,0.5,0.6,0.6,-6.3,24.7,145.9,37.2,13.0,88.9,14.0,0.5,0.6,0.5,-140.4,-23.0,254.0,36.4,13.0,203.1,14.0,0.5,0.6,0.5,2.09,7.8,12.6,6.61,11.0,7.07,14.0,0.5,0.6,0.5,10.7,77.0,173.5,83.6,11.0,105.6,14.0,0.5,0.6,0.5,3.21,7.84,10.95,7.13,9.0,4.74,14.0,0.6,0.6,0.5,37.1,123.0,160.3,99.8,9.0,70.3,14.0,0.6,0.6,0.5,-14.0,47.3,75.2,25.4,12.0,74.5,14.0,0.5,0.6,0.6,-77.8,-37.1,224.4,34.7,12.0,155.0,14.0,0.5,0.6,0.6,-12.8,27.5,45.4,15.4,10.0,44.4,16.0,0.5,0.6,0.5,-59.5,-23.1,135.8,24.5,10.0,96.8,16.0,0.5,0.6,0.5,-47.3,13.8,58.6,18.2,9.0,64.0,14.0,0.6,0.6,0.5,-120.1,-42.5,74.0,-29.9,9.0,103.3,14.0,0.6,0.6,0.5,238.5,2986.0,4913.0,2797.5,13.0,3017.5,14.0,0.5,0.6,0.5,240.0,2985.0,4915.0,2800.0,13.0,3020.0,14.0,0.5,0.6,0.5
1974,2,295.0,39.0,12.54,13.1,16.37,14.31,16.0,2.68,20.0,0.7,0.4,0.4,5.69,12.5,14.93,10.99,16.0,4.36,20.0,0.7,0.4,0.4,4.3,7.27,9.33,6.83,14.0,2.51,20.0,0.7,0.5,0.4,75.4,83.1,90.0,81.5,14.0,9.8,20.0,0.7,0.4,4.29,9.55,12.8,8.51,16.0,4.36,20.0,0.7,0.4,0.4,-2.96,1.3,3.76,1.14,16.0,4.52,20.0,0.7,0.4,0.4,-8.06,-0.47,9.88,1.68,16.0,8.45,20.0,0.7,0.4,0.4,1005.74,1008.65,1021.47,1012.19,16.0,8.04,20.0,0.7,0.4,0.4,7.0,7.0,8.0,6.9,14.0,1.8,18.0,0.8,0.4,0.4,-30.4,3.4,35.0,13.7,16.0,51.2,20.0,0.7,0.4,0.4,-86.8,-0.5,103.0,26.9,16.0,104.9,20.0,0.7,0.4,0.4,-1.22,1.85,8.37,3.32,16.0,5.26,20.0,0.7,0.4,0.4,-16.4,12.0,86.0,29.3,16.0,56.6,20.0,0.7,0.4,0.4,0.87,2.5,5.9,3.41,14.0,3.42,20.0,0.7,0.5,0.4,6.6,15.3,57.6,31.0,14.0,38.2,20.0,0.7,0.5,0.4,-36.1,7.5,50.8,7.4,16.0,40.8,20.0,0.7,0.4,0.4,-38.7,-6.0,146.7,48.6,16.0,104.4,20.0,0.7,0.4,0.4,-23.2,13.3,33.1,5.7,14.0,28.6,20.0,0.7,0.5,0.4,-34.6,-8.2,89.0,26.0,14.0,67.1,20.0,0.7,0.5,0.4,-11.8,-0.7,17.2,3.1,14.0,29.6,20.0,0.7,0.5,0.4,-48.1,-3.9,12.2,-16.7,14.0,36.1,20.0,0.7,0.5,0.4,79.5,873.0,2170.0,1073.0,16.0,1221.0,20.0,0.7,0.4,0.4,80.0,875.0,2170.0,1075.0,16.0,1220.0,20.0,0.7,0.4,0.4
1974,2,295.0,40.0,9.09,13.75,16.29,12.82,14.0,3.91,10.0,0.5,0.5,0.4,3.84,6.7,12.54,7.71,14.0,4.29,10.0,0.5,0.5,0.4,4.33,5.19,10.07,6.62,7.0,2.75,12.0,0.4,0.5,0.3,69.5,80.8,92.9,81.6,8.0,12.2,10.0,0.4,0.4,7.23,10.5,12.86,10.13,14.0,4.11,10.0,0.5,0.5,0.4,-5.53,6.97,11.53,4.51,14.0,8.77,10.0,0.5,0.5,0.4,-6.42,0.0,3.57,-0.47,14.0,5.32,10.0,0.5,0.5,0.4,1001.81,1007.1,1018.55,1008.75,13.0,7.17,12.0,0.5,0.5,0.4,7.0,8.0,8.0,7.7,12.0,0.7,10.0,0.6,0.4,0.4,-65.2,52.1,144.0,48.2,14.0,122.3,10.0,0.5,0.5,0.4,-75.7,0.0,38.0,-2.8,14.0,69.1,10.0,0.5,0.5,0.4,-0.38,5.4,10.5,5.11,14.0,4.85,10.0,0.5,0.5,0.4,-5.2,35.4,130.3,52.3,14.0,62.2,10.0,0.5,0.5,0.4,-0.34,2.52,6.47,3.03,7.0,3.06,12.0,0.4,0.5,0.3,-3.4,31.0,57.3,29.1,7.0,37.5,12.0,0.4,0.5,0.3,-24.9,35.5,128.6,49.5,14.0,80.1,10.0,0.5,0.5,0.4,-26.3,0.0,47.9,11.2,14.0,47.2,10.0,0.5,0.5,0.4,-3.6,36.2,91.5,45.6,7.0,76.9,12.0,0.4,0.5,0.3,-1.2,13.4,35.0,22.5,7.0,37.9,12.0,0.4,0.5,0.3,-14.5,0.0,31.5,-1.7,7.0,44.9,12.0,0.4,0.5,0.3,-7.8,0.0,10.9,-2.4,7.0,19.2,12.0,0.4,0.5,0.3,378.5,1165.5,2128.5,1511.5,14.0,1549.0,10.0,0.5,0.5,0.4,380.0,1165.0,2130.0,1510.0,14.0,1550.0,10.0,0.5,0.5,0.4
1974,2,295.0,41.0,5.28,7.55,11.06,8.34,18.0,3.61,16.0,0.4,0.5,0.4,0.71,3.15,5.99,3.29,20.0,3.09,16.0,0.5,0.5,0.4,3.02,3.82,5.13,4.19,11.0,1.53,18.0,0.6,0.6,0.2,64.1,81.1,96.1,80.1,11.0,14.8,18.0,0.6,0.2,3.66,9.3,12.9,8.47,19.0,4.45,16.0,0.5,0.5,0.4,-1.89,0.64,8.25,2.21,19.0,6.11,16.0,0.5,0.5,0.4,-9.02,-4.65,0.07,-4.76,19.0,5.39,16.0,0.5,0.5,0.4,1005.0,1009.3,1021.8,1011.61,20.0,10.3,16.0,0.5,0.5,0.4,4.2,8.0,8.0,6.4,17.0,2.7,18.0,0.6,0.5,0.3,-15.1,0.6,77.6,24.1,19.0,76.1,16.0,0.5,0.5,0.4,-93.9,-55.7,0.1,-52.3,19.0,62.9,16.0,0.5,0.5,0.4,1.65,4.35,8.42,5.19,18.0,3.75,16.0,0.4,0.5,0.4,4.3,36.9,90.6,47.3,17.0,49.2,16.0,0.5,0.5,0.4,2.17,3.01,3.9,3.33,10.0,1.65,18.0,0.6,0.5,0.2,2.9,25.6,41.2,29.3,10.0,28.6,18.0,0.6,0.5,0.2,-12.9,0.0,36.0,4.2,19.0,26.3,16.0,0.5,0.5,0.4,-28.9,-8.6,1.8,-6.9,19.0,33.8,16.0,0.5,0.5,0.4,-15.1,0.0,22.2,-1.0,11.0,26.3,18.0,0.6,0.6,0.2,-36.9,-20.5,1.7,-13.1,11.0,35.2,18.0,0.6,0.6,0.2,-6.5,0.0,12.8,-4.7,10.0,33.4,18.0,0.6,0.5,0.2,-35.9,-16.6,1.9,-15.0,10.0,19.7,18.0,0.6,0.5,0.2,59.0,804.5,2146.5,1039.5,19.0,1010.0,16.0,0.5,0.5,0.4,60.0,805.0,2145.0,1040.0,19.0,1010.0,16.0,0.5,0.5,0.4
1974,2,295.0,42.0,3.0,5.25,9.48,6.11,12.0,3.07,14.0,0.7,0.4,0.4,-2.73,0.8,4.62,1.21,15.0,4.19,14.0,0.6,0.5,0.4,3.46,4.05,5.38,4.4,4.0,1.38,22.0,0.5,0.5,0.2,66.2,76.5,85.1,75.7,4.0,12.5,22.0,0.5,0.2,6.55,8.2,13.59,9.63,13.0,4.19,16.0,0.6,0.5,0.3,-1.48,3.85,10.41,4.26,13.0,6.77,16.0,0.6,0.5,0.3,-8.44,-3.13,5.5,-1.55,13.0,7.08,16.0,0.6,0.5,0.3,1008.79,1015.0,1022.6,1015.8,15.0,7.48,14.0,0.6,0.5,0.4,2.8,7.0,8.0,5.5,13.0,2.8,16.0,0.6,0.5,0.3,-10.1,17.7,141.8,57.8,13.0,103.8,16.0,0.6,0.5,0.3,-94.9,-33.3,38.6,-21.9,13.0,80.9,16.0,0.6,0.5,0.3,-0.05,5.9,8.98,5.03,12.0,4.07,14.0,0.7,0.4,0.4,-0.8,33.9,68.3,35.9,10.0,37.8,14.0,0.7,0.4,0.3,1.93,2.66,3.23,2.58,3.0,0.95,22.0,0.7,0.4,0.3,12.1,13.6,20.3,16.1,3.0,6.4,22.0,0.7,0.4,0.3,-15.6,-1.7,27.0,4.4,13.0,23.9,16.0,0.6,0.5,0.3,-11.8,6.3,32.8,10.5,13.0,30.2,16.0,0.6,0.5,0.3,1.3,11.6,24.4,12.8,4.0,15.5,22.0,0.5,0.5,0.2,-26.2,-2.2,32.4,2.8,4.0,34.7,22.0,0.5,0.5,0.2,-1.5,3.9,4.4,1.5,3.0,4.8,22.0,0.7,0.4,0.3,-12.3,10.8,12.1,0.2,3.0,20.1,22.0,0.7,0.4,0.3,284.5,551.5,2525.0,1403.0,13.0,1714.5,16.0,0.6,0.5,0.3,285.0,550.0,2525.0,1405.0,13.0,1715.0,16.0,0.6,0.5,0.3
1974,2,295.0,43.0,0.0,1.4,4.14,1.93,19.0,2.01,12.0,0.4,0.5,0.5,-5.72,-2.4,2.36,-1.74,28.0,3.82,14.0,0.5,0.5,0.6,2.4,2.61,3.58,2.92,11.0,0.86,14.0,0.3,0.5,0.5,67.8,85.3,93.4,81.2,11.0,14.5,14.0,0.3,0.5,4.38,9.3,17.4,10.71,28.0,6.18,14.0,0.5,0.5,0.6,-6.5,1.67,11.05,2.34,28.0,8.14,14.0,0.5,0.5,0.6,-14.51,-2.36,4.23,-3.87,28.0,8.34,14.0,0.5,0.5,0.6,1005.96,1017.8,1019.52,1012.33,26.0,9.97,14.0,0.5,0.5,0.6,0.3,6.0,8.0,5.0,27.0,3.2,14.0,0.5,0.5,0.6,-59.9,4.3,123.8,19.7,28.0,133.6,14.0,0.5,0.5,0.6,-237.1,-8.4,25.9,-75.6,28.0,157.1,14.0,0.5,0.5,0.6,-2.0,4.8,8.14,3.54,19.0,4.68,12.0,0.4,0.5,0.5,-18.6,19.7,111.0,40.2,19.0,59.6,12.0,0.4,0.5,0.5,0.3,1.6,1.85,1.17,11.0,0.84,14.0,0.3,0.5,0.5,2.7,13.9,37.4,16.8,11.0,16.8,14.0,0.3,0.5,0.5,-46.6,1.4,36.3,-4.9,28.0,41.0,14.0,0.5,0.5,0.6,-8.6,10.4,50.3,16.4,28.0,33.0,14.0,0.5,0.5,0.6,-26.2,20.1,32.9,7.6,11.0,27.8,14.0,0.3,0.5,0.5,-23.6,-6.9,20.0,-2.0,11.0,29.2,14.0,0.3,0.5,0.5,-9.2,-0.4,19.1,4.2,11.0,17.1,14.0,0.3,0.5,0.5,-20.8,-3.8,0.6,-8.7,11.0,14.0,14.0,0.3,0.5,0.5,87.0,804.5,5315.5,2535.5,28.0,3683.0,14.0,0.5,0.5,0.6,85.0,805.0,5315.0,2535.0,28.0,3685.0,14.0,0.5,0.5,0.6
1974,2,295.0,44.0,-0.5,-0.3,-0.1,-0.3,2.0,0.42,16.0,1.0,0.9,0.0,-4.0,-1.0,4.0,-0.33,33.0,4.99,18.0,0.7,0.8,0.4,1.49,1.49,1.49,1.49,1.0,0.0,16.0,1.0,0.9,0.0,72.3,72.3,72.3,72.3,1.0,0.0,16.0,1.0,0.0,1.59,7.7,16.87,8.92,33.0,6.85,18.0,0.7,0.8,0.4,0.0,4.79,10.3,4.21,33.0,7.7,18.0,0.7,0.8,0.4,-6.86,-1.15,4.7,-0.85,33.0,7.12,18.0,0.7,0.8,0.4,1004.0,1016.0,1023.0,1014.16,31.0,8.7,18.0,0.7,0.8,0.4,1.0,4.5,8.0,4.5,28.0,3.1,18.0,0.6,0.8,0.4,0.0,24.4,177.2,55.4,33.0,158.4,18.0,0.7,0.8,0.4,-72.7,-1.7,35.8,-1.8,33.0,122.9,18.0,0.7,0.8,0.4,4.54,5.7,6.86,5.7,2.0,2.4,16.0,1.0,0.9,0.0,46.2,56.9,67.5,56.9,2.0,22.1,16.0,1.0,0.9,0.0,2.11,2.11,2.11,2.11,1.0,0.0,16.0,1.0,0.9,0.0,20.7,20.7,20.7,20.7,1.0,0.0,16.0,1.0,0.9,0.0,-26.7,-2.1,17.9,-3.9,32.0,34.4,18.0,0.7,0.8,0.4,-7.8,2.5,22.4,6.3,32.0,25.2,18.0,0.7,0.8,0.4,14.6,14.6,14.6,14.6,1.0,0.0,16.0,1.0,0.9,0.0,0.0,0.0,0.0,0.0,1.0,0.0,16.0,1.0,0.9,0.0,20.7,20.7,20.7,20.7,1.0,0.0,16.0,1.0,0.9,0.0,0.0,0.0,0.0,0.0,1.0,0.0,16.0,1.0,0.9,0.0,4.5,456.5,4814.0,2165.0,33.0,3876.5,18.0,0.7,0.8,0.4,5.0,455.0,4815.0,2165.0,33.0,3875.0,18.0,0.7,0.8,0.4
1974,2,295.0,45.0,,,,,,,,,,,,,,,,,,,,,,,,,,,,,,,,,,,,,,,,14.82,18.95,23.08,18.95,2.0,8.56,12.0,1.0,0.7,0.2,14.82,18.95,23.08,18.95,2.0,8.56,12.0,1.0,0.7,0.2,0.0,0.0,0.0,0.0,2.0,0.0,12.0,1.0,0.7,0.2,1008.32,1009.0,1009.68,1009.0,2.0,1.41,12.0,1.0,0.7,0.2,,,,,,,,,,,,,,,,,,,,,,,,,,,,,,,,,,,,,,,,,,,,,,,,,,,,,,,,,,,,,,,,,,,,,,,,,,,,,,,,,,,,,,,,,,,,,,,,,,,,,,,,,,,,,,,,,,,,,,,,,,,,,,,,,,,,,,,,,,,,,,,,,,,,,,
1974,2,295.0,48.0,-1.6,-1.6,-1.44,-1.52,10.0,0.13,6.0,1.0,0.9,0.2,-15.73,-13.0,-4.19,-10.13,13.0,6.05,10.0,1.0,0.8,0.3,0.87,1.08,2.25,1.56,13.0,0.89,10.0,1.0,0.8,0.3,72.0,80.2,85.2,78.7,13.0,7.2,10.0,1.0,0.3,5.55,10.3,19.7,11.91,13.0,7.1,10.0,1.0,0.8,0.3,-1.31,10.14,18.36,7.8,13.0,9.8,10.0,1.0,0.8,0.3,-4.29,0.0,7.02,0.93,13.0,6.41,10.0,1.0,0.8,0.3,995.74,1006.9,1014.88,1005.57,13.0,9.43,10.0,1.0,0.8,0.3,1.0,6.0,8.0,5.2,13.0,3.1,10.0,1.0,0.8,0.3,-7.9,104.5,361.8,149.4,13.0,197.1,10.0,1.0,0.8,0.3,-40.8,0.0,108.4,10.9,13.0,107.5,10.0,1.0,0.8,0.3,3.21,13.55,14.27,10.05,10.0,6.19,6.0,1.0,0.9,0.2,13.5,175.5,289.8,165.8,10.0,132.1,6.0,1.0,0.9,0.2,1.1,2.46,2.62,1.96,10.0,0.99,6.0,1.0,0.9,0.2,4.4,31.0,53.6,30.9,10.0,23.5,6.0,1.0,0.9,0.2,-273.3,-131.9,5.9,-127.0,13.0,142.0,10.0,1.0,0.8,0.3,-30.3,8.2,33.1,3.1,13.0,82.4,10.0,1.0,0.8,0.3,-2.9,9.7,15.5,6.0,13.0,10.1,10.0,1.0,0.8,0.3,-4.0,0.0,9.2,3.5,13.0,12.7,10.0,1.0,0.8,0.3,0.0,30.8,48.0,27.4,10.0,23.1,6.0,1.0,0.9,0.2,-9.0,-3.7,10.4,-1.3,10.0,15.6,6.0,1.0,0.9,0.2,174.0,1092.5,7669.5,3457.0,13.0,4557.5,10.0,1.0,0.8,0.3,175.0,1095.0,7670.0,3455.0,13.0,4560.0,10.0,1.0,0.8,0.3
1974,2,295.0,49.0,-1.3,-1.3,-1.3,-1.3,1.0,0.0,12.0,1.0,0.4,0.7,-10.14,-10.0,-9.59,-9.87,3.0,0.42,14.0,0.7,0.6,0.7,1.2,1.2,1.2,1.2,1.0,0.0,12.0,1.0,0.4,0.7,64.3,64.3,64.3,64.3,1.0,0.0,12.0,1.0,0.7,14.38,15.4,15.74,15.07,3.0,1.04,14.0,0.7,0.6,0.7,13.66,14.94,15.25,14.47,3.0,1.24,14.0,0.7,0.6,0.7,-5.22,-4.75,-1.51,-3.4,3.0,2.96,14.0,0.7,0.6,0.7,1004.54,1007.0,1007.96,1006.27,3.0,2.58,14.0,0.7,0.6,0.7,5.6,7.0,7.0,6.3,3.0,1.2,14.0,0.7,0.6,0.7,199.2,237.2,237.4,218.8,3.0,32.2,14.0,0.7,0.6,0.7,-80.0,-66.1,-21.0,-50.8,3.0,45.2,14.0,0.7,0.6,0.7,8.1,8.1,8.1,8.1,1.0,0.0,12.0,1.0,0.4,0.7,112.6,112.6,112.6,112.6,1.0,0.0,12.0,1.0,0.4,0.7,2.25,2.25,2.25,2.25,1.0,0.0,12.0,1.0,0.4,0.7,31.3,31.3,31.3,31.3,1.0,0.0,12.0,1.0,0.4,0.7,-154.6,-149.4,-131.2,-143.1,3.0,18.0,14.0,0.7,0.6,0.7,14.2,44.7,51.3,33.0,3.0,29.0,14.0,0.7,0.6,0.7,15.7,15.7,15.7,15.7,1.0,0.0,12.0,1.0,0.4,0.7,-5.7,-5.7,-5.7,-5.7,1.0,0.0,12.0,1.0,0.4,0.7,29.4,29.4,29.4,29.4,1.0,0.0,12.0,1.0,0.4,0.7,-10.7,-10.7,-10.7,-10.7,1.0,0.0,12.0,1.0,0.4,0.7,2992.5,3652.5,3903.0,3452.5,3.0,689.0,14.0,0.7,0.6,0.7,2990.0,3650.0,3905.0,3455.0,3.0,690.0,14.0,0.7,0.6,0.7
1974,2,295.0,50.0,,,,,,,,,,,,,,,,,,,,,,,,,,,,,,,,,,,,,,,,10.8,10.8,10.8,10.8,1.0,0.0,26.0,1.0,0.5,0.9,-8.27,-8.27,-8.27,-8.27,1.0,0.0,26.0,1.0,0.5,0.9,-6.94,-6.94,-6.94,-6.94,1.0,0.0,26.0,1.0,0.5,0.9,1006.9,1006.9,1006.9,1006.9,1.0,0.0,26.0,1.0,0.5,0.9,,,,,,,,,,,,,,,,,,,,,,,,,,,,,,,,,,,,,,,,,,,,,,,,,,,,,,,,,,,,,,,,,,,,,,,,,,,,,,,,,,,,,,,,,,,,,,,,,,,,,,,,,,,,,,,,,,,,,,,,,,,,,,,,,,,,,,,,,,,,,,,,,,,,,,
1974,2,296.0,-65.0,0.13,0.5,1.01,0.63,9.0,0.62,24.0,0.6,0.6,0.4,1.5,2.0,3.46,2.19,9.0,1.19,24.0,0.6,0.6,0.4,3.77,3.93,4.01,3.86,7.0,0.22,28.0,0.6,0.6,0.4,83.7,86.6,92.1,87.7,7.0,7.6,28.0,0.6,0.4,1.0,6.7,9.3,5.81,7.0,3.8,24.0,0.6,0.7,0.4,-6.01,0.34,7.2,1.02,7.0,5.97,24.0,0.6,0.7,0.4,-3.31,-0.94,1.68,-0.26,7.0,4.11,24.0,0.6,0.7,0.4,973.3,979.0,982.66,977.76,9.0,4.49,24.0,0.6,0.6,0.4,8.0,8.0,8.0,7.4,9.0,1.7,24.0,0.6,0.6,0.4,-44.8,0.3,67.0,9.1,7.0,51.2,24.0,0.6,0.7,0.4,-30.8,-0.9,8.6,-3.0,7.0,37.4,24.0,0.6,0.7,0.4,-2.0,-1.5,-1.13,-1.56,9.0,0.81,24.0,0.6,0.6,0.4,-10.5,-6.1,-1.4,-6.9,7.0,6.4,24.0,0.6,0.7,0.4,0.0,0.11,0.27,0.16,7.0,0.23,28.0,0.6,0.6,0.4,-0.2,0.5,0.8,0.3,5.0,0.6,28.0,0.6,0.7,0.5,-10.6,0.7,7.8,-1.7,7.0,11.9,24.0,0.6,0.7,0.4,-2.2,-1.6,5.1,3.0,7.0,12.0,24.0,0.6,0.7,0.4,-8.9,14.6,30.9,10.6,5.0,24.5,28.0,0.6,0.7,0.5,-16.9,-4.7,-0.1,-7.8,5.0,11.0,28.0,0.6,0.7,0.5,0.1,0.4,0.7,0.4,5.0,0.4,28.0,0.6,0.7,0.5,-0.4,0.0,0.2,-0.1,5.0,0.4,28.0,0.6,0.7,0.5,1.0,301.0,804.5,398.0,7.0,393.5,24.0,0.6,0.7,0.4,0.0,300.0,805.0,400.0,7.0,395.0,24.0,0.6,0.7,0.4
1974,2,296.0,-64.0,0.24,1.35,2.51,1.38,4.0,1.34,24.0,1.0,0.4,0.6,2.21,3.1,3.51,2.88,4.0,0.98,24.0,1.0,0.4,0.6,4.1,4.35,4.56,4.33,4.0,0.3,24.0,1.0,0.4,0.6,89.2,91.5,92.1,90.7,4.0,2.3,24.0,1.0,0.6,6.43,9.15,9.67,8.1,4.0,2.7,24.0,1.0,0.4,0.6,3.24,3.64,6.41,4.77,4.0,2.66,24.0,1.0,0.4,0.6,-8.95,-5.82,-0.78,-4.91,4.0,5.02,24.0,1.0,0.4,0.6,985.19,986.85,988.62,986.9,4.0,2.5,24.0,1.0,0.4,0.6,8.0,8.0,8.0,8.0,4.0,0.0,24.0,1.0,0.4,0.6,21.5,31.0,58.9,39.7,4.0,28.7,24.0,1.0,0.4,0.6,-85.5,-52.8,-11.1,-48.5,4.0,45.2,24.0,1.0,0.4,0.6,-2.02,-1.25,-1.0,-1.5,4.0,0.71,24.0,1.0,0.4,0.6,-16.9,-9.5,-7.5,-12.1,4.0,7.6,24.0,1.0,0.4,0.6,-0.26,0.01,0.2,-0.03,4.0,0.3,24.0,1.0,0.4,0.6,-2.2,0.3,1.8,-0.2,4.0,2.8,24.0,1.0,0.4,0.6,7.7,11.4,19.9,13.7,4.0,8.8,24.0,1.0,0.4,0.6,-31.6,-18.3,-3.4,-17.6,4.0,17.0,24.0,1.0,0.4,0.6,14.1,15.6,28.0,20.8,4.0,12.1,24.0,1.0,0.4,0.6,-40.1,-25.1,-3.8,-22.1,4.0,22.3,24.0,1.0,0.4,0.6,-2.1,0.0,0.6,-0.7,4.0,2.1,24.0,1.0,0.4,0.6,-1.7,-0.5,0.7,-0.5,4.0,1.6,24.0,1.0,0.4,0.6,383.0,766.5,907.0,650.5,4.0,404.0,24.0,1.0,0.4,0.6,385.0,765.0,905.0,650.0,4.0,405.0,24.0,1.0,0.4,0.6
1974,2,296.0,-63.0,2.72,2.85,3.0,2.82,6.0,0.22,22.0,0.7,0.5,0.5,3.0,3.25,4.14,3.48,6.0,0.58,22.0,0.7,0.5,0.5,4.07,4.55,4.64,4.36,5.0,0.43,22.0,0.8,0.6,0.5,83.5,91.2,95.2,89.1,5.0,7.7,22.0,0.8,0.5,4.59,8.0,13.41,8.67,6.0,4.63,22.0,0.7,0.5,0.5,-0.64,3.02,4.64,2.13,6.0,3.13,22.0,0.7,0.5,0.5,-12.79,-6.14,0.11,-6.0,6.0,7.29,22.0,0.7,0.5,0.5,990.62,999.1,1000.19,995.6,5.0,7.42,22.0,0.8,0.6,0.5,2.5,7.0,8.0,5.4,5.0,3.4,22.0,0.6,0.6,0.4,-5.7,12.3,41.7,15.4,6.0,29.8,22.0,0.7,0.5,0.5,-172.5,-47.6,4.1,-75.1,6.0,99.2,22.0,0.7,0.5,0.5,-1.34,-0.6,0.0,-0.67,6.0,0.68,22.0,0.7,0.5,0.5,-18.1,-5.0,0.0,-8.2,6.0,9.7,22.0,0.7,0.5,0.5,0.05,0.17,0.67,0.35,5.0,0.47,22.0,0.8,0.6,0.5,0.2,1.3,4.1,2.2,5.0,3.3,22.0,0.8,0.6,0.5,-2.2,9.2,16.5,7.0,6.0,10.7,22.0,0.7,0.5,0.5,-53.1,-20.3,0.3,-24.1,6.0,29.4,22.0,0.7,0.5,0.5,-5.3,12.2,16.4,6.4,5.0,13.7,22.0,0.8,0.6,0.5,-50.4,-17.4,3.2,-22.9,5.0,33.0,22.0,0.8,0.6,0.5,0.2,0.5,2.9,1.6,5.0,2.5,22.0,0.8,0.6,0.5,-1.1,-0.4,2.4,0.6,5.0,2.7,22.0,0.8,0.6,0.5,105.0,536.0,2440.5,1132.5,6.0,1355.5,22.0,0.7,0.5,0.5,105.0,535.0,2440.0,1135.0,6.0,1355.0,22.0,0.7,0.5,0.5
1974,2,296.0,-62.0,2.13,3.5,4.87,3.5,2.0,2.83,22.0,0.5,0.7,0.8,3.32,4.0,4.68,4.0,2.0,1.41,22.0,0.5,0.7,0.8,4.45,4.45,4.45,4.45,1.0,0.0,20.0,0.0,0.9,0.8,93.1,93.1,93.1,93.1,1.0,0.0,20.0,0.0,0.8,10.2,12.15,14.1,12.15,2.0,4.03,22.0,0.5,0.7,0.8,8.84,10.52,12.21,10.52,2.0,3.49,22.0,0.5,0.7,0.8,-7.05,-6.07,-5.1,-6.07,2.0,2.02,22.0,0.5,0.7,0.8,983.9,988.2,992.5,988.2,2.0,8.91,22.0,0.5,0.7,0.8,3.8,5.5,7.2,5.5,2.0,3.5,22.0,0.5,0.7,0.8,93.9,134.9,175.8,134.9,2.0,84.8,22.0,0.5,0.7,0.8,-101.5,-77.9,-54.2,-77.9,2.0,49.0,22.0,0.5,0.7,0.8,-1.18,-0.5,0.18,-0.5,2.0,1.41,22.0,0.5,0.7,0.8,-10.5,-3.2,4.1,-3.2,2.0,15.2,22.0,0.5,0.7,0.8,-0.16,-0.16,-0.16,-0.16,1.0,0.0,20.0,0.0,0.9,0.8,-1.5,-1.5,-1.5,-1.5,1.0,0.0,20.0,0.0,0.9,0.8,30.6,44.6,58.5,44.6,2.0,28.8,22.0,0.5,0.7,0.8,-33.8,-25.7,-17.7,-25.7,2.0,16.7,22.0,0.5,0.7,0.8,35.8,35.8,35.8,35.8,1.0,0.0,20.0,0.0,0.9,0.8,-20.7,-20.7,-20.7,-20.7,1.0,0.0,20.0,0.0,0.9,0.8,-1.3,-1.3,-1.3,-1.3,1.0,0.0,20.0,0.0,0.9,0.8,0.7,0.7,0.7,0.7,1.0,0.0,20.0,0.0,0.9,0.8,1212.5,2089.5,2967.0,2089.5,2.0,1817.5,22.0,0.5,0.7,0.8,1210.0,2090.0,2965.0,2090.0,2.0,1820.0,22.0,0.5,0.7,0.8
1974,2,296.0,-61.0,2.0,2.0,2.0,2.0,1.0,0.0,10.0,0.0,0.7,0.2,3.0,3.0,3.0,3.0,1.0,0.0,10.0,0.0,0.7,0.2,3.77,3.77,3.77,3.77,1.0,0.0,10.0,0.0,0.7,0.2,80.7,80.7,80.7,80.7,1.0,0.0,10.0,0.0,0.2,7.2,7.2,7.2,7.2,1.0,0.0,10.0,0.0,0.7,0.2,5.52,5.52,5.52,5.52,1.0,0.0,10.0,0.0,0.7,0.2,4.63,4.63,4.63,4.63,1.0,0.0,10.0,0.0,0.7,0.2,1014.1,1014.1,1014.1,1014.1,1.0,0.0,10.0,0.0,0.7,0.2,8.0,8.0,8.0,8.0,1.0,0.0,10.0,0.0,0.7,0.2,39.7,39.7,39.7,39.7,1.0,0.0,10.0,0.0,0.7,0.2,33.3,33.3,33.3,33.3,1.0,0.0,10.0,0.0,0.7,0.2,-1.0,-1.0,-1.0,-1.0,1.0,0.0,10.0,0.0,0.7,0.2,-7.2,-7.2,-7.2,-7.2,1.0,0.0,10.0,0.0,0.7,0.2,0.59,0.59,0.59,0.59,1.0,0.0,10.0,0.0,0.7,0.2,4.2,4.2,4.2,4.2,1.0,0.0,10.0,0.0,0.7,0.2,16.5,16.5,16.5,16.5,1.0,0.0,10.0,0.0,0.7,0.2,13.9,13.9,13.9,13.9,1.0,0.0,10.0,0.0,0.7,0.2,20.8,20.8,20.8,20.8,1.0,0.0,10.0,0.0,0.7,0.2,17.5,17.5,17.5,17.5,1.0,0.0,10.0,0.0,0.7,0.2,3.2,3.2,3.2,3.2,1.0,0.0,10.0,0.0,0.7,0.2,2.7,2.7,2.7,2.7,1.0,0.0,10.0,0.0,0.7,0.2,373.0,373.0,373.0,373.0,1.0,0.0,10.0,0.0,0.7,0.2,375.0,375.0,375.0,375.0,1.0,0.0,10.0,0.0,0.7,0.2
1974,2,296.0,-56.0,,,,,,,,,,,,,,,,,,,,,,,,,,,,,,,,,,,,,,,,9.0,9.0,9.0,9.0,1.0,0.0,6.0,1.0,0.5,0.3,6.89,6.89,6.89,6.89,1.0,0.0,6.0,1.0,0.5,0.3,5.79,5.79,5.79,5.79,1.0,0.0,6.0,1.0,0.5,0.3,998.2,998.2,998.2,998.2,1.0,0.0,6.0,1.0,0.5,0.3,,,,,,,,,,,,,,,,,,,,,,,,,,,,,,,,,,,,,,,,,,,,,,,,,,,,,,,,,,,,,,,,,,,,,,,,,,,,,,,,,,,,,,,,,,,,,,,,,,,,,,,,,,,,,,,,,,,,,,,,,,,,,,,,,,,,,,,,,,,,,,,,,,,,,,
1974,2,296.0,-55.0,8.4,8.4,8.4,8.4,1.0,0.0,8.0,1.0,0.3,0.8,10.5,10.5,10.5,10.5,1.0,0.0,8.0,1.0,0.3,0.8,5.79,5.79,5.79,5.79,1.0,0.0,8.0,1.0,0.3,0.8,73.7,73.7,73.7,73.7,1.0,0.0,8.0,1.0,0.8,3.1,3.1,3.1,3.1,1.0,0.0,8.0,1.0,0.3,0.8,2.91,2.91,2.91,2.91,1.0,0.0,8.0,1.0,0.3,0.8,-1.06,-1.06,-1.06,-1.06,1.0,0.0,8.0,1.0,0.3,0.8,1011.7,1011.7,1011.7,1011.7,1.0,0.0,8.0,1.0,0.3,0.8,7.0,7.0,7.0,7.0,1.0,0.0,8.0,1.0,0.3,0.8,9.0,9.0,9.0,9.0,1.0,0.0,8.0,1.0,0.3,0.8,-3.3,-3.3,-3.3,-3.3,1.0,0.0,8.0,1.0,0.3,0.8,-2.1,-2.1,-2.1,-2.1,1.0,0.0,8.0,1.0,0.3,0.8,-6.5,-6.5,-6.5,-6.5,1.0,0.0,8.0,1.0,0.3,0.8,1.04,1.04,1.04,1.04,1.0,0.0,8.0,1.0,0.3,0.8,3.2,3.2,3.2,3.2,1.0,0.0,8.0,1.0,0.3,0.8,30.6,30.6,30.6,30.6,1.0,0.0,8.0,1.0,0.3,0.8,-11.1,-11.1,-11.1,-11.1,1.0,0.0,8.0,1.0,0.3,0.8,16.9,16.9,16.9,16.9,1.0,0.0,8.0,1.0,0.3,0.8,-6.1,-6.1,-6.1,-6.1,1.0,0.0,8.0,1.0,0.3,0.8,3.0,3.0,3.0,3.0,1.0,0.0,8.0,1.0,0.3,0.8,-1.1,-1.1,-1.1,-1.1,1.0,0.0,8.0,1.0,0.3,0.8,30.0,30.0,30.0,30.0,1.0,0.0,8.0,1.0,0.3,0.8,30.0,30.0,30.0,30.0,1.0,0.0,8.0,1.0,0.3,0.8
1974,2,296.0,-54.0,9.0,9.0,9.0,9.0,2.0,0.0,22.0,0.5,0.2,0.7,9.72,10.2,10.68,10.2,2.0,0.99,22.0,0.5,0.2,0.7,6.33,6.85,7.37,6.85,2.0,1.08,22.0,0.5,0.2,0.7,83.8,87.5,91.2,87.5,2.0,7.6,22.0,0.5,0.7,3.23,4.6,6.72,4.97,3.0,2.57,20.0,0.7,0.3,0.5,1.44,2.63,3.79,2.62,3.0,1.72,20.0,0.7,0.3,0.5,-5.71,-2.44,0.3,-2.7,3.0,4.41,20.0,0.7,0.3,0.5,990.97,997.8,1002.1,996.57,3.0,8.22,20.0,0.7,0.3,0.5,1.3,2.0,6.1,3.7,3.0,3.8,20.0,0.7,0.3,0.5,7.9,19.9,20.2,14.2,3.0,10.3,20.0,0.7,0.3,0.5,-40.0,-6.4,2.9,-18.3,3.0,33.1,20.0,0.7,0.3,0.5,-1.68,-1.2,-0.72,-1.2,2.0,0.99,22.0,0.5,0.2,0.7,-12.5,-8.0,-3.4,-8.0,2.0,9.4,22.0,0.5,0.2,0.7,-0.16,0.34,0.85,0.34,2.0,1.05,22.0,0.5,0.2,0.7,-2.1,-0.1,1.9,-0.1,2.0,4.2,22.0,0.5,0.2,0.7,11.7,18.6,25.5,18.6,2.0,14.3,22.0,0.5,0.2,0.7,-70.0,-51.0,-32.0,-51.0,2.0,39.4,22.0,0.5,0.2,0.7,7.7,12.7,17.7,12.7,2.0,10.4,22.0,0.5,0.2,0.7,-48.7,-35.0,-21.3,-35.0,2.0,28.5,22.0,0.5,0.2,0.7,-0.7,0.0,0.6,0.0,2.0,1.4,22.0,0.5,0.2,0.7,-1.8,0.1,2.0,0.1,2.0,3.9,22.0,0.5,0.2,0.7,43.0,97.5,342.5,190.5,3.0,234.0,20.0,0.7,0.3,0.5,45.0,95.0,345.0,190.0,3.0,235.0,20.0,0.7,0.3,0.5
1974,2,296.0,-53.0,7.2,7.2,7.2,7.2,1.0,0.0,2.0,1.0,0.9,0.6,13.05,13.15,13.25,13.15,2.0,0.21,14.0,1.0,0.8,0.8,7.92,7.92,7.92,7.92,1.0,0.0,26.0,1.0,0.7,0.9,84.2,84.2,84.2,84.2,1.0,0.0,26.0,1.0,0.9,6.75,9.0,11.25,9.0,2.0,4.67,14.0,1.0,0.8,0.8,0.69,2.18,3.67,2.18,2.0,3.09,14.0,1.0,0.8,0.8,-9.77,-4.32,1.13,-4.32,2.0,11.29,14.0,1.0,0.8,0.8,1000.9,1005.0,1009.1,1005.0,2.0,8.49,14.0,1.0,0.8,0.8,5.0,5.0,5.0,5.0,1.0,0.0,2.0,1.0,0.9,0.6,3.9,12.4,20.9,12.4,2.0,17.6,14.0,1.0,0.8,0.8,-124.0,-65.2,-6.4,-65.2,2.0,121.7,14.0,1.0,0.8,0.8,,,,,,,,,,,,,,,,,,,,,,,,,,,,,,,,,,,,,,,,,9.2,29.0,48.9,29.0,2.0,41.1,14.0,1.0,0.8,0.8,-126.8,-55.6,15.6,-55.6,2.0,147.5,14.0,1.0,0.8,0.8,0.0,0.0,0.0,0.0,1.0,0.0,26.0,1.0,0.7,0.9,-97.4,-97.4,-97.4,-97.4,1.0,0.0,26.0,1.0,0.7,0.9,,,,,,,,,,,,,,,,,,,,,,,,,,,,,,,,,,,,,,,,
1974,2,296.0,-51.0,12.4,12.4,12.4,12.4,1.0,0.0,22.0,1.0,0.3,0.5,12.7,12.7,12.7,12.7,1.0,0.0,22.0,1.0,0.3,0.5,8.6,8.6,8.6,8.6,1.0,0.0,22.0,1.0,0.3,0.5,93.6,93.6,93.6,93.6,1.0,0.0,22.0,1.0,0.5,8.2,8.2,8.2,8.2,1.0,0.0,22.0,1.0,0.3,0.5,4.1,4.1,4.1,4.1,1.0,0.0,22.0,1.0,0.3,0.5,-7.1,-7.1,-7.1,-7.1,1.0,0.0,22.0,1.0,0.3,0.5,1003.3,1003.3,1003.3,1003.3,1.0,0.0,22.0,1.0,0.3,0.5,8.0,8.0,8.0,8.0,1.0,0.0,22.0,1.0,0.3,0.5,33.6,33.6,33.6,33.6,1.0,0.0,22.0,1.0,0.3,0.5,-58.2,-58.2,-58.2,-58.2,1.0,0.0,22.0,1.0,0.3,0.5,-0.3,-0.3,-0.3,-0.3,1.0,0.0,22.0,1.0,0.3,0.5,-2.5,-2.5,-2.5,-2.5,1.0,0.0,22.0,1.0,0.3,0.5,0.41,0.41,0.41,0.41,1.0,0.0,22.0,1.0,0.3,0.5,3.3,3.3,3.3,3.3,1.0,0.0,22.0,1.0,0.3,0.5,52.1,52.1,52.1,52.1,1.0,0.0,22.0,1.0,0.3,0.5,-90.2,-90.2,-90.2,-90.2,1.0,0.0,22.0,1.0,0.3,0.5,35.3,35.3,35.3,35.3,1.0,0.0,22.0,1.0,0.3,0.5,-61.1,-61.1,-61.1,-61.1,1.0,0.0,22.0,1.0,0.3,0.5,1.7,1.7,1.7,1.7,1.0,0.0,22.0,1.0,0.3,0.5,-2.9,-2.9,-2.9,-2.9,1.0,0.0,22.0,1.0,0.3,0.5,551.5,551.5,551.5,551.5,1.0,0.0,22.0,1.0,0.3,0.5,550.0,550.0,550.0,550.0,1.0,0.0,22.0,1.0,0.3,0.5
1974,2,296.0,-49.0,11.58,11.75,11.92,11.75,2.0,0.35,18.0,0.0,0.5,0.8,11.12,11.6,12.08,11.6,2.0,0.99,18.0,0.0,0.5,0.8,7.22,7.68,8.14,7.68,2.0,0.94,18.0,0.0,0.5,0.8,88.0,90.6,93.1,90.6,2.0,5.2,18.0,0.0,0.8,8.53,9.25,9.97,9.25,2.0,1.48,18.0,0.0,0.5,0.8,-3.38,0.67,4.73,0.67,2.0,8.41,18.0,0.0,0.5,0.8,6.54,7.09,7.63,7.09,2.0,1.14,18.0,0.0,0.5,0.8,1013.08,1013.25,1013.42,1013.25,2.0,0.35,18.0,0.0,0.5,0.8,8.0,8.0,8.0,8.0,2.0,0.0,18.0,0.0,0.5,0.8,-25.5,12.5,50.5,12.5,2.0,78.8,18.0,0.0,0.5,0.8,56.2,66.4,76.5,66.4,2.0,21.0,18.0,0.0,0.5,0.8,-0.5,0.15,0.8,0.15,2.0,1.34,18.0,0.0,0.5,0.8,-3.7,2.4,8.5,2.4,2.0,12.7,18.0,0.0,0.5,0.8,0.31,0.87,1.42,0.87,2.0,1.15,18.0,0.0,0.5,0.8,3.1,8.9,14.6,8.9,2.0,11.9,18.0,0.0,0.5,0.8,-43.1,3.7,50.4,3.7,2.0,96.9,18.0,0.0,0.5,0.8,78.7,81.6,84.6,81.6,2.0,6.2,18.0,0.0,0.5,0.8,-29.6,1.2,32.1,1.2,2.0,63.9,18.0,0.0,0.5,0.8,52.9,53.9,54.9,53.9,2.0,2.0,18.0,0.0,0.5,0.8,1.5,5.4,9.3,5.4,2.0,8.1,18.0,0.0,0.5,0.8,2.4,6.8,11.2,6.8,2.0,9.1,18.0,0.0,0.5,0.8,637.5,822.0,1007.0,822.0,2.0,383.0,18.0,0.0,0.5,0.8,635.0,820.0,1005.0,820.0,2.0,385.0,18.0,0.0,0.5,0.8
1974,2,296.0,-48.0,13.9,14.75,15.6,14.75,2.0,1.77,14.0,0.5,0.1,0.5,13.16,13.5,13.84,13.5,2.0,0.71,14.0,0.5,0.1,0.5,8.8,8.98,9.17,8.98,2.0,0.38,14.0,0.5,0.1,0.5,93.8,94.0,94.2,94.0,2.0,0.4,14.0,0.5,0.5,7.11,8.0,8.89,8.0,2.0,1.84,14.0,0.5,0.1,0.5,-1.93,-1.15,-0.36,-1.15,2.0,1.62,14.0,0.5,0.1,0.5,-3.82,1.5,6.82,1.5,2.0,11.03,14.0,0.5,0.1,0.5,1016.24,1016.55,1016.86,1016.55,2.0,0.64,14.0,0.5,0.1,0.5,8.0,8.0,8.0,8.0,1.0,0.0,18.0,1.0,0.2,0.2,-12.9,-7.7,-2.4,-7.7,2.0,10.9,14.0,0.5,0.1,0.5,-21.8,22.2,66.1,22.2,2.0,91.0,14.0,0.5,0.1,0.5,0.06,1.25,2.44,1.25,2.0,2.47,14.0,0.5,0.1,0.5,1.6,12.3,22.9,12.3,2.0,22.1,14.0,0.5,0.1,0.5,0.66,1.42,2.17,1.42,2.0,1.57,14.0,0.5,0.1,0.5,5.5,12.8,20.1,12.8,2.0,15.1,14.0,0.5,0.1,0.5,-27.0,-16.0,-5.1,-16.0,2.0,22.7,14.0,0.5,0.1,0.5,-55.0,16.4,87.7,16.4,2.0,147.8,14.0,0.5,0.1,0.5,-17.8,-10.6,-3.4,-10.6,2.0,15.0,14.0,0.5,0.1,0.5,-36.2,11.4,58.9,11.4,2.0,98.5,14.0,0.5,0.1,0.5,-0.6,-0.4,-0.1,-0.4,2.0,0.5,14.0,0.5,0.1,0.5,2.1,10.8,19.5,10.8,2.0,18.0,14.0,0.5,0.1,0.5,380.5,552.5,724.5,552.5,2.0,356.0,14.0,0.5,0.1,0.5,380.0,555.0,725.0,555.0,2.0,355.0,14.0,0.5,0.1,0.5
1974,2,296.0,-47.0,14.0,14.0,14.0,14.0,1.0,0.0,22.0,0.0,0.8,0.3,17.0,17.0,17.0,17.0,1.0,0.0,22.0,0.0,0.8,0.3,10.95,10.95,10.95,10.95,1.0,0.0,22.0,0.0,0.8,0.3,90.3,90.3,90.3,90.3,1.0,0.0,22.0,0.0,0.3,9.3,9.3,9.3,9.3,1.0,0.0,22.0,0.0,0.8,0.3,3.18,3.18,3.18,3.18,1.0,0.0,22.0,0.0,0.8,0.3,-8.74,-8.74,-8.74,-8.74,1.0,0.0,22.0,0.0,0.8,0.3,1004.0,1004.0,1004.0,1004.0,1.0,0.0,22.0,0.0,0.8,0.3,6.0,6.0,6.0,6.0,1.0,0.0,22.0,0.0,0.8,0.3,29.6,29.6,29.6,29.6,1.0,0.0,22.0,0.0,0.8,0.3,-81.3,-81.3,-81.3,-81.3,1.0,0.0,22.0,0.0,0.8,0.3,-3.0,-3.0,-3.0,-3.0,1.0,0.0,22.0,0.0,0.8,0.3,-27.9,-27.9,-27.9,-27.9,1.0,0.0,22.0,0.0,0.8,0.3,-0.95,-0.95,-0.95,-0.95,1.0,0.0,22.0,0.0,0.8,0.3,-8.9,-8.9,-8.9,-8.9,1.0,0.0,22.0,0.0,0.8,0.3,54.1,54.1,54.1,54.1,1.0,0.0,22.0,0.0,0.8,0.3,-148.6,-148.6,-148.6,-148.6,1.0,0.0,22.0,0.0,0.8,0.3,34.8,34.8,34.8,34.8,1.0,0.0,22.0,0.0,0.8,0.3,-95.7,-95.7,-95.7,-95.7,1.0,0.0,22.0,0.0,0.8,0.3,-3.0,-3.0,-3.0,-3.0,1.0,0.0,22.0,0.0,0.8,0.3,8.3,8.3,8.3,8.3,1.0,0.0,22.0,0.0,0.8,0.3,804.5,804.5,804.5,804.5,1.0,0.0,22.0,0.0,0.8,0.3,805.0,805.0,805.0,805.0,1.0,0.0,22.0,0.0,0.8,0.3
1974,2,296.0,-46.0,14.0,14.0,14.0,14.0,1.0,0.0,8.0,1.0,0.7,1.0,13.0,13.0,13.0,13.0,1.0,0.0,8.0,1.0,0.7,1.0,6.36,6.36,6.36,6.36,1.0,0.0,8.0,1.0,0.7,1.0,68.8,68.8,68.8,68.8,1.0,0.0,8.0,1.0,1.0,12.3,12.3,12.3,12.3,1.0,0.0,8.0,1.0,0.7,1.0,0.0,0.0,0.0,0.0,1.0,0.0,8.0,1.0,0.7,1.0,12.3,12.3,12.3,12.3,1.0,0.0,8.0,1.0,0.7,1.0,1015.0,1015.0,1015.0,1015.0,1.0,0.0,8.0,1.0,0.7,1.0,6.0,6.0,6.0,6.0,1.0,0.0,8.0,1.0,0.7,1.0,0.0,0.0,0.0,0.0,1.0,0.0,8.0,1.0,0.7,1.0,151.3,151.3,151.3,151.3,1.0,0.0,8.0,1.0,0.7,1.0,1.0,1.0,1.0,1.0,1.0,0.0,8.0,1.0,0.7,1.0,12.3,12.3,12.3,12.3,1.0,0.0,8.0,1.0,0.7,1.0,3.53,3.53,3.53,3.53,1.0,0.0,8.0,1.0,0.7,1.0,43.4,43.4,43.4,43.4,1.0,0.0,8.0,1.0,0.7,1.0,0.0,0.0,0.0,0.0,1.0,0.0,8.0,1.0,0.7,1.0,159.9,159.9,159.9,159.9,1.0,0.0,8.0,1.0,0.7,1.0,0.0,0.0,0.0,0.0,1.0,0.0,8.0,1.0,0.7,1.0,78.2,78.2,78.2,78.2,1.0,0.0,8.0,1.0,0.7,1.0,0.0,0.0,0.0,0.0,1.0,0.0,8.0,1.0,0.7,1.0,43.4,43.4,43.4,43.4,1.0,0.0,8.0,1.0,0.7,1.0,1861.0,1861.0,1861.0,1861.0,1.0,0.0,8.0,1.0,0.7,1.0,1860.0,1860.0,1860.0,1860.0,1.0,0.0,8.0,1.0,0.7,1.0
1974,2,296.0,-45.0,12.21,13.75,15.29,13.75,2.0,3.18,18.0,0.0,0.7,0.6,16.08,16.25,16.42,16.25,2.0,0.35,18.0,0.0,0.7,0.6,10.53,10.55,10.58,10.55,2.0,0.06,18.0,0.0,0.7,0.6,90.8,92.0,93.2,92.0,2.0,2.5,18.0,0.0,0.6,5.86,6.2,6.54,6.2,2.0,0.71,18.0,0.0,0.7,0.6,-1.77,-0.65,0.47,-0.65,2.0,2.32,18.0,0.0,0.7,0.6,-6.19,-5.95,-5.72,-5.95,2.0,0.48,18.0,0.0,0.7,0.6,1007.27,1012.15,1017.03,1012.15,2.0,10.11,18.0,0.0,0.7,0.6,3.0,3.0,3.0,3.0,1.0,0.0,22.0,0.0,0.4,1.0,-12.0,-4.9,2.3,-4.9,2.0,14.8,18.0,0.0,0.7,0.6,-40.6,-37.1,-33.6,-37.1,2.0,7.2,18.0,0.0,0.7,0.6,-3.87,-2.5,-1.13,-2.5,2.0,2.83,18.0,0.0,0.7,0.6,-22.1,-14.5,-6.9,-14.5,2.0,15.8,18.0,0.0,0.7,0.6,-1.69,-0.69,0.31,-0.69,2.0,2.08,18.0,0.0,0.7,0.6,-9.5,-3.5,2.4,-3.5,2.0,12.4,18.0,0.0,0.7,0.6,-29.3,-11.0,7.3,-11.0,2.0,37.9,18.0,0.0,0.7,0.6,-101.7,-96.8,-92.0,-96.8,2.0,9.9,18.0,0.0,0.7,0.6,-18.8,-6.9,4.9,-6.9,2.0,24.5,18.0,0.0,0.7,0.6,-65.5,-62.9,-60.2,-62.9,2.0,5.4,18.0,0.0,0.7,0.6,-2.1,-2.0,-1.8,-2.0,2.0,0.2,18.0,0.0,0.7,0.6,-2.2,3.6,9.4,3.6,2.0,12.0,18.0,0.0,0.7,0.6,203.5,243.0,282.5,243.0,2.0,81.5,18.0,0.0,0.7,0.6,205.0,245.0,280.0,245.0,2.0,80.0,18.0,0.0,0.7,0.6
1974,2,296.0,-44.0,15.0,16.0,18.0,16.26,19.0,1.28,14.0,0.6,0.4,0.6,15.0,17.0,19.0,16.93,18.0,2.06,14.0,0.6,0.4,0.6,7.2,8.52,11.2,8.92,18.0,1.81,14.0,0.6,0.4,0.6,59.9,77.4,82.7,74.3,18.0,12.5,14.0,0.6,0.6,3.88,9.3,12.3,8.29,19.0,4.56,14.0,0.6,0.4,0.6,-3.55,0.0,4.49,0.8,19.0,5.05,14.0,0.6,0.4,0.6,-9.32,-1.4,10.78,-0.23,19.0,8.19,14.0,0.6,0.4,0.6,1003.86,1012.0,1018.2,1011.25,19.0,9.71,14.0,0.6,0.4,0.6,1.0,6.0,8.0,4.7,19.0,3.0,14.0,0.6,0.4,0.6,-30.5,0.0,55.2,10.0,19.0,59.0,14.0,0.6,0.4,0.6,-90.7,-5.7,132.6,1.9,19.0,94.6,14.0,0.6,0.4,0.6,-3.0,-0.75,0.86,-0.76,18.0,2.04,14.0,0.6,0.4,0.6,-20.3,-0.6,10.6,-2.9,18.0,20.0,14.0,0.6,0.4,0.6,0.59,2.42,4.58,2.53,18.0,2.11,14.0,0.6,0.4,0.6,0.0,16.5,43.9,22.1,18.0,24.0,14.0,0.6,0.4,0.6,-60.7,0.0,85.4,13.3,18.0,89.8,14.0,0.6,0.4,0.6,-164.2,-14.0,153.2,-6.4,18.0,135.4,14.0,0.6,0.4,0.6,-31.7,0.0,44.3,6.7,18.0,46.8,14.0,0.6,0.4,0.6,-84.2,-8.4,74.9,-4.4,18.0,74.0,14.0,0.6,0.4,0.6,-8.6,0.0,14.2,3.9,18.0,16.8,14.0,0.6,0.4,0.6,-11.8,-0.1,38.8,7.2,18.0,27.2,14.0,0.6,0.4,0.6,61.5,804.5,1861.0,1009.5,19.0,859.0,14.0,0.6,0.4,0.6,60.0,805.0,1860.0,1010.0,19.0,860.0,14.0,0.6,0.4,0.6
1974,2,296.0,-43.0,14.32,15.0,15.68,15.0,3.0,1.0,14.0,0.3,0.7,0.3,16.5,16.5,16.84,16.67,3.0,0.29,14.0,0.3,0.7,0.3,6.08,7.44,8.79,7.44,2.0,2.8,8.0,0.5,0.6,0.3,51.9,63.7,75.4,63.7,2.0,24.3,8.0,0.5,0.3,3.08,4.1,7.65,5.33,3.0,3.52,14.0,0.3,0.7,0.3,-2.14,0.0,3.17,0.5,3.0,3.92,14.0,0.3,0.7,0.3,-2.62,-2.6,4.67,0.94,3.0,6.16,14.0,0.3,0.7,0.3,1002.95,1005.0,1009.78,1006.33,3.0,5.13,14.0,0.3,0.7,0.3,2.0,4.0,6.7,4.3,3.0,3.5,14.0,0.3,0.7,0.3,-8.8,0.0,29.5,10.1,3.0,29.4,14.0,0.3,0.7,0.3,-9.5,-6.8,49.0,19.1,3.0,48.4,14.0,0.3,0.7,0.3,-2.18,-1.5,-1.16,-1.67,3.0,0.76,14.0,0.3,0.7,0.3,-17.2,-4.1,-4.0,-10.4,3.0,11.1,14.0,0.3,0.7,0.3,1.71,2.87,4.03,2.87,2.0,2.4,8.0,0.5,0.6,0.3,9.3,22.8,36.2,22.8,2.0,27.9,8.0,0.5,0.6,0.3,-36.4,0.0,52.4,7.8,3.0,65.4,14.0,0.3,0.7,0.3,-44.2,-42.9,77.1,15.1,3.0,102.0,14.0,0.3,0.7,0.3,4.0,12.7,21.3,12.7,2.0,17.9,8.0,0.5,0.6,0.3,-13.6,9.7,33.1,9.7,2.0,48.4,8.0,0.5,0.6,0.3,3.4,10.6,17.9,10.6,2.0,15.0,8.0,0.5,0.6,0.3,3.3,16.9,30.4,16.9,2.0,28.2,8.0,0.5,0.6,0.3,34.0,69.0,571.0,297.0,3.0,440.0,14.0,0.3,0.7,0.3,35.0,70.0,570.0,295.0,3.0,440.0,14.0,0.3,0.7,0.3
1974,2,296.0,10.0,27.0,27.0,27.0,27.0,1.0,0.0,4.0,0.0,0.9,0.9,25.8,25.8,25.8,25.8,1.0,0.0,4.0,0.0,0.9,0.9,16.6,16.6,16.6,16.6,1.0,0.0,4.0,0.0,0.9,0.9,80.0,80.0,80.0,80.0,1.0,0.0,4.0,0.0,0.9,6.7,6.7,6.7,6.7,1.0,0.0,4.0,0.0,0.9,0.9,-4.31,-4.31,-4.31,-4.31,1.0,0.0,4.0,0.0,0.9,0.9,-5.13,-5.13,-5.13,-5.13,1.0,0.0,4.0,0.0,0.9,0.9,1011.0,1011.0,1011.0,1011.0,1.0,0.0,4.0,0.0,0.9,0.9,3.0,3.0,3.0,3.0,1.0,0.0,4.0,0.0,0.9,0.9,-28.9,-28.9,-28.9,-28.9,1.0,0.0,4.0,0.0,0.9,0.9,-34.4,-34.4,-34.4,-34.4,1.0,0.0,4.0,0.0,0.9,0.9,1.2,1.2,1.2,1.2,1.0,0.0,4.0,0.0,0.9,0.9,8.0,8.0,8.0,8.0,1.0,0.0,4.0,0.0,0.9,0.9,5.74,5.74,5.74,5.74,1.0,0.0,4.0,0.0,0.9,0.9,38.5,38.5,38.5,38.5,1.0,0.0,4.0,0.0,0.9,0.9,-111.1,-111.1,-111.1,-111.1,1.0,0.0,4.0,0.0,0.9,0.9,-132.4,-132.4,-132.4,-132.4,1.0,0.0,4.0,0.0,0.9,0.9,-71.5,-71.5,-71.5,-71.5,1.0,0.0,4.0,0.0,0.9,0.9,-85.2,-85.2,-85.2,-85.2,1.0,0.0,4.0,0.0,0.9,0.9,-24.7,-24.7,-24.7,-24.7,1.0,0.0,4.0,0.0,0.9,0.9,-29.5,-29.5,-29.5,-29.5,1.0,0.0,4.0,0.0,0.9,0.9,301.0,301.0,301.0,301.0,1.0,0.0,4.0,0.0,0.9,0.9,300.0,300.0,300.0,300.0,1.0,0.0,4.0,0.0,0.9,0.9
1974,2,296.0,11.0,25.07,26.1,27.8,26.29,11.0,1.38,18.0,0.6,0.7,0.5,24.4,25.75,26.38,25.47,12.0,1.1,18.0,0.6,0.7,0.5,15.87,16.34,17.32,16.57,12.0,0.93,18.0,0.6,0.7,0.5,77.3,81.7,86.1,81.6,12.0,5.2,18.0,0.6,0.5,4.6,7.7,9.71,7.15,11.0,2.3,18.0,0.6,0.7,0.5,-9.13,-6.28,-4.49,-6.46,11.0,2.38,18.0,0.6,0.7,0.5,-4.11,-1.79,0.0,-1.92,11.0,2.41,18.0,0.6,0.7,0.5,1009.02,1012.7,1014.08,1012.01,12.0,2.39,18.0,0.6,0.7,0.5,1.0,2.5,5.3,2.8,12.0,2.0,18.0,0.6,0.7,0.5,-88.9,-45.4,-20.6,-50.9,11.0,32.4,18.0,0.6,0.7,0.5,-37.0,-12.9,0.0,-13.7,11.0,20.8,18.0,0.6,0.7,0.5,-0.5,1.5,2.37,0.84,11.0,1.85,18.0,0.6,0.7,0.5,-2.3,12.3,16.5,7.8,11.0,11.5,18.0,0.6,0.7,0.5,2.59,4.89,7.42,4.98,11.0,2.29,18.0,0.6,0.7,0.5,14.7,34.3,60.4,38.0,11.0,22.4,18.0,0.6,0.7,0.5,-231.4,-161.2,-111.8,-163.3,11.0,57.3,18.0,0.6,0.7,0.5,-103.6,-43.6,0.0,-49.0,11.0,62.9,18.0,0.6,0.7,0.5,-147.9,-97.1,-75.9,-105.4,11.0,36.4,18.0,0.6,0.7,0.5,-65.8,-28.5,0.0,-30.9,11.0,38.8,18.0,0.6,0.7,0.5,-53.3,-33.8,-14.0,-34.1,11.0,19.7,18.0,0.6,0.7,0.5,-26.2,-6.8,0.0,-10.1,11.0,17.6,18.0,0.6,0.7,0.5,97.5,456.5,923.5,468.5,11.0,384.0,18.0,0.6,0.7,0.5,95.0,455.0,925.0,470.0,11.0,385.0,18.0,0.6,0.7,0.5
1974,2,296.0,12.0,25.68,26.7,27.69,26.71,16.0,0.98,16.0,0.6,0.6,0.2,25.0,25.6,26.62,25.69,16.0,0.92,16.0,0.6,0.6,0.2,15.28,16.29,17.36,16.27,15.0,1.03,16.0,0.5,0.6,0.2,74.6,79.5,84.0,79.2,15.0,5.0,16.0,0.5,0.2,4.6,7.7,9.3,7.06,16.0,2.35,16.0,0.6,0.6,0.2,-8.48,-6.67,-4.22,-6.45,16.0,2.29,16.0,0.6,0.6,0.2,-4.35,-1.82,0.0,-1.94,16.0,2.23,16.0,0.6,0.6,0.2,1012.61,1013.85,1014.72,1013.68,16.0,1.18,16.0,0.6,0.6,0.2,1.2,3.0,5.8,3.5,15.0,2.2,16.0,0.6,0.6,0.2,-78.8,-51.6,-19.4,-50.3,16.0,29.2,16.0,0.6,0.6,0.2,-36.6,-10.4,0.0,-16.6,16.0,18.2,16.0,0.6,0.6,0.2,-0.26,1.0,2.47,1.02,16.0,1.24,16.0,0.6,0.6,0.2,-1.8,7.3,13.8,7.6,16.0,9.4,16.0,0.6,0.6,0.2,4.43,5.43,7.17,5.63,15.0,1.48,16.0,0.5,0.6,0.2,19.0,34.3,59.1,39.1,15.0,18.0,16.0,0.5,0.6,0.2,-208.7,-174.3,-107.2,-165.5,16.0,59.3,16.0,0.6,0.6,0.2,-109.5,-47.5,0.0,-49.3,16.0,57.6,16.0,0.6,0.6,0.2,-125.8,-109.6,-68.8,-101.8,15.0,37.4,16.0,0.5,0.6,0.2,-67.9,-21.9,0.0,-29.2,15.0,36.1,16.0,0.5,0.6,0.2,-50.8,-32.2,-16.4,-35.5,15.0,16.4,16.0,0.5,0.6,0.2,-26.4,-8.3,0.0,-10.8,15.0,14.7,16.0,0.5,0.6,0.2,97.5,456.5,804.5,455.0,16.0,338.5,16.0,0.6,0.6,0.2,95.0,455.0,805.0,455.0,16.0,340.0,16.0,0.6,0.6,0.2
1974,2,296.0,13.0,25.74,26.3,27.71,26.43,8.0,1.36,16.0,0.5,0.5,0.5,24.36,25.5,27.5,25.69,7.0,1.48,16.0,0.4,0.6,0.5,15.82,16.45,18.02,16.91,7.0,1.55,16.0,0.4,0.6,0.5,74.3,82.9,90.9,82.3,7.0,7.6,16.0,0.4,0.5,7.1,7.7,9.44,8.07,7.0,2.24,14.0,0.4,0.5,0.5,-9.44,-7.2,-4.97,-7.51,7.0,2.77,14.0,0.4,0.5,0.5,-1.16,0.0,0.0,-1.08,7.0,2.49,14.0,0.4,0.5,0.5,1012.22,1014.0,1014.58,1013.59,8.0,1.87,16.0,0.5,0.5,0.5,2.1,4.0,5.0,3.9,8.0,1.5,16.0,0.5,0.5,0.5,-89.6,-51.8,-29.5,-65.1,7.0,43.0,14.0,0.4,0.5,0.5,-6.8,0.0,0.0,-8.0,7.0,19.2,14.0,0.4,0.5,0.5,-1.06,0.6,1.84,0.66,7.0,2.2,16.0,0.4,0.6,0.5,-8.5,4.0,12.7,6.2,6.0,19.7,14.0,0.3,0.6,0.5,3.46,5.26,6.65,4.58,7.0,2.92,16.0,0.4,0.6,0.5,21.2,38.2,72.8,41.7,6.0,31.8,14.0,0.3,0.6,0.5,-244.0,-196.2,-124.7,-196.7,6.0,83.6,14.0,0.3,0.6,0.5,-53.5,0.0,0.0,-32.2,6.0,68.2,14.0,0.3,0.6,0.5,-163.7,-128.2,-91.1,-128.8,6.0,50.1,14.0,0.3,0.6,0.5,-34.8,0.0,0.0,-19.7,6.0,40.3,14.0,0.3,0.6,0.5,-72.8,-29.2,-17.1,-37.8,6.0,32.5,14.0,0.3,0.6,0.5,-8.3,0.0,0.2,-6.5,6.0,16.5,14.0,0.3,0.6,0.5,361.5,456.5,855.0,637.0,7.0,575.0,14.0,0.4,0.5,0.5,360.0,455.0,855.0,635.0,7.0,575.0,14.0,0.4,0.5,0.5
1974,2,296.0,14.0,26.63,27.2,27.87,27.2,5.0,0.79,14.0,0.8,0.7,0.6,25.32,25.5,26.82,26.13,6.0,1.55,14.0,0.8,0.7,0.5,14.95,15.6,16.87,15.86,6.0,1.22,14.0,0.8,0.7,0.5,71.4,74.8,78.4,75.2,6.0,4.2,14.0,0.8,0.5,4.89,6.7,10.25,7.63,6.0,3.56,14.0,0.8,0.7,0.5,-8.54,-5.67,-3.52,-6.37,6.0,4.0,14.0,0.8,0.7,0.5,-3.93,-1.21,3.33,-0.97,6.0,4.1,14.0,0.8,0.7,0.5,1012.58,1014.55,1015.31,1014.28,6.0,1.54,14.0,0.8,0.7,0.5,2.6,3.0,4.1,3.4,5.0,1.5,16.0,0.8,0.7,0.5,-83.4,-42.6,-17.5,-59.9,6.0,66.4,14.0,0.8,0.7,0.5,-40.3,-9.6,15.0,-14.6,6.0,31.9,14.0,0.8,0.7,0.5,-0.66,1.8,2.56,0.94,5.0,2.45,14.0,0.8,0.7,0.6,-0.1,11.2,21.4,10.6,5.0,16.2,14.0,0.8,0.7,0.6,5.17,6.69,8.2,6.53,5.0,2.07,14.0,0.8,0.7,0.6,31.8,50.3,71.3,51.5,5.0,28.9,14.0,0.8,0.7,0.6,-217.8,-146.5,-89.9,-163.9,6.0,100.7,14.0,0.8,0.7,0.5,-101.0,-30.8,86.4,-23.6,6.0,108.6,14.0,0.8,0.7,0.5,-133.1,-86.4,-54.9,-100.8,6.0,67.1,14.0,0.8,0.7,0.5,-59.0,-20.0,52.8,-14.2,6.0,66.1,14.0,0.8,0.7,0.5,-61.1,-37.8,-23.1,-42.4,5.0,30.9,14.0,0.8,0.7,0.6,-32.4,-16.1,17.2,-9.5,5.0,28.9,14.0,0.8,0.7,0.6,119.5,306.0,1193.0,717.0,6.0,999.0,14.0,0.8,0.7,0.5,120.0,305.0,1195.0,715.0,6.0,1000.0,14.0,0.8,0.7,0.5
1974,2,296.0,15.0,25.48,26.0,26.82,26.05,11.0,0.89,20.0,0.4,0.6,0.3,24.06,24.8,25.24,25.08,11.0,1.39,20.0,0.4,0.6,0.3,14.04,15.23,17.17,15.66,11.0,1.81,20.0,0.4,0.6,0.3,72.0,81.4,90.1,79.8,11.0,12.5,20.0,0.4,0.3,4.07,7.7,11.2,7.47,11.0,4.21,20.0,0.4,0.6,0.3,-11.11,-6.67,-3.11,-7.01,11.0,4.38,20.0,0.4,0.6,0.3,-2.73,-2.25,0.0,-1.36,11.0,1.98,20.0,0.4,0.6,0.3,1015.57,1016.3,1017.0,1016.12,11.0,1.28,20.0,0.4,0.6,0.3,0.6,1.0,3.8,1.9,11.0,1.8,20.0,0.4,0.6,0.3,-129.4,-51.3,-13.4,-69.1,11.0,75.7,20.0,0.4,0.6,0.3,-31.3,-5.9,0.0,-13.0,11.0,17.7,20.0,0.4,0.6,0.3,-0.19,1.2,2.58,0.97,11.0,1.73,20.0,0.4,0.6,0.3,-1.6,6.2,14.6,4.2,11.0,19.7,20.0,0.4,0.6,0.3,3.61,5.14,7.52,5.37,11.0,2.17,20.0,0.4,0.6,0.3,14.0,28.4,73.4,41.9,11.0,37.6,20.0,0.4,0.6,0.3,-276.8,-166.7,-74.6,-179.5,11.0,122.5,20.0,0.4,0.6,0.3,-71.7,-55.8,0.0,-35.0,11.0,49.5,20.0,0.4,0.6,0.3,-172.8,-92.6,-44.8,-108.8,11.0,64.4,20.0,0.4,0.6,0.3,-51.0,-35.8,0.0,-22.1,11.0,30.2,20.0,0.4,0.6,0.3,-72.7,-28.4,-12.0,-39.4,11.0,37.9,20.0,0.4,0.6,0.3,-19.8,-5.0,0.0,-5.9,11.0,12.9,20.0,0.4,0.6,0.3,85.0,456.5,1581.5,821.0,11.0,1206.5,20.0,0.4,0.6,0.3,85.0,455.0,1580.0,820.0,11.0,1205.0,20.0,0.4,0.6,0.3
1974,2,296.0,16.0,25.31,25.5,25.97,25.8,8.0,0.85,12.0,0.4,0.5,0.3,24.71,24.9,25.36,25.01,8.0,0.4,12.0,0.4,0.5,0.3,15.34,15.53,16.01,15.57,8.0,0.43,12.0,0.4,0.5,0.3,77.2,80.1,80.5,79.1,8.0,2.3,12.0,0.4,0.3,2.32,6.2,8.03,5.99,8.0,3.36,12.0,0.4,0.5,0.3,-7.5,-5.81,-2.31,-5.62,8.0,3.09,12.0,0.4,0.5,0.3,-3.29,-2.12,-0.08,-1.91,8.0,1.56,12.0,0.4,0.5,0.3,1014.03,1015.55,1016.2,1015.28,8.0,1.11,12.0,0.4,0.5,0.3,2.0,2.5,4.0,3.0,8.0,1.6,12.0,0.4,0.5,0.3,-60.5,-36.1,-5.8,-42.7,8.0,44.8,12.0,0.4,0.5,0.3,-22.9,-13.1,-0.3,-15.8,8.0,17.2,12.0,0.4,0.5,0.3,-0.12,0.65,1.0,0.79,8.0,1.02,12.0,0.4,0.5,0.3,-0.1,3.6,9.4,5.5,8.0,6.9,12.0,0.4,0.5,0.3,4.5,4.91,5.63,5.16,8.0,1.16,12.0,0.4,0.5,0.3,11.5,32.8,49.9,31.5,8.0,18.4,12.0,0.4,0.5,0.3,-186.1,-143.9,-59.0,-139.9,8.0,75.5,12.0,0.4,0.5,0.3,-81.6,-52.7,-2.0,-47.5,8.0,38.4,12.0,0.4,0.5,0.3,-117.1,-88.3,-37.2,-86.8,8.0,47.1,12.0,0.4,0.5,0.3,-51.4,-32.1,-1.2,-29.5,8.0,24.1,12.0,0.4,0.5,0.3,-43.5,-30.9,-11.5,-29.4,8.0,16.5,12.0,0.4,0.5,0.3,-19.6,-11.2,-0.4,-10.6,8.0,9.3,12.0,0.4,0.5,0.3,16.0,238.5,523.5,409.5,8.0,613.5,12.0,0.4,0.5,0.3,15.0,240.0,525.0,410.0,8.0,615.0,12.0,0.4,0.5,0.3
1974,2,296.0,17.0,24.0,25.25,26.1,25.06,18.0,1.03,14.0,0.4,0.6,0.5,23.57,24.3,24.86,24.25,18.0,0.59,14.0,0.4,0.6,0.5,14.01,15.17,16.05,15.15,18.0,1.19,14.0,0.4,0.6,0.5,73.8,80.3,84.8,80.6,18.0,6.6,14.0,0.4,0.5,4.45,7.7,10.45,7.18,18.0,3.14,14.0,0.4,0.6,0.5,-9.31,-5.65,-3.29,-6.19,18.0,3.17,14.0,0.4,0.6,0.5,-4.84,-1.96,1.09,-2.1,18.0,3.03,14.0,0.4,0.6,0.5,1012.78,1015.05,1017.52,1015.1,18.0,2.29,14.0,0.4,0.6,0.5,1.7,3.0,4.3,3.1,18.0,1.9,14.0,0.4,0.6,0.5,-91.4,-38.5,-14.1,-52.6,18.0,44.4,14.0,0.4,0.6,0.5,-44.6,-14.3,4.6,-20.7,18.0,26.3,14.0,0.4,0.6,0.5,-0.46,1.0,1.72,0.81,18.0,1.15,14.0,0.4,0.6,0.5,-2.2,4.9,15.4,5.8,18.0,10.0,14.0,0.4,0.6,0.5,3.1,4.64,7.0,4.69,18.0,1.73,14.0,0.4,0.6,0.5,14.0,30.1,56.7,34.0,18.0,21.4,14.0,0.4,0.6,0.5,-221.7,-139.0,-77.5,-150.8,18.0,78.5,14.0,0.4,0.6,0.5,-116.9,-47.1,26.3,-50.4,18.0,72.6,14.0,0.4,0.6,0.5,-138.4,-86.3,-52.3,-94.3,18.0,49.5,14.0,0.4,0.6,0.5,-75.1,-32.2,16.8,-31.2,18.0,43.9,14.0,0.4,0.6,0.5,-42.6,-23.9,-12.6,-28.1,18.0,18.8,14.0,0.4,0.6,0.5,-24.2,-8.1,4.6,-10.8,18.0,19.1,14.0,0.4,0.6,0.5,89.0,456.5,1143.0,571.5,18.0,573.5,14.0,0.4,0.6,0.5,90.0,455.0,1145.0,570.0,18.0,575.0,14.0,0.4,0.6,0.5
1974,2,296.0,18.0,24.78,25.3,26.0,25.29,50.0,0.99,16.0,0.4,0.5,0.6,23.8,24.5,25.47,24.63,53.0,1.01,16.0,0.5,0.5,0.6,13.3,14.5,15.47,14.51,48.0,1.2,16.0,0.4,0.5,0.6,70.6,76.4,82.4,76.1,49.0,6.7,16.0,0.4,0.6,3.07,5.1,8.74,5.99,51.0,3.03,16.0,0.5,0.5,0.6,-8.7,-5.02,-2.25,-5.44,51.0,3.14,16.0,0.5,0.5,0.6,-3.19,0.0,1.08,-0.83,51.0,2.24,16.0,0.5,0.5,0.6,1013.91,1016.0,1018.09,1016.09,52.0,2.11,16.0,0.5,0.5,0.6,1.0,2.0,5.0,3.0,53.0,1.9,16.0,0.5,0.5,0.6,-76.1,-25.6,-5.9,-41.5,51.0,39.3,16.0,0.5,0.5,0.6,-20.8,0.0,4.5,-8.4,51.0,19.0,16.0,0.5,0.5,0.6,-0.12,0.85,1.62,0.78,50.0,1.06,16.0,0.4,0.5,0.6,-0.5,3.1,9.0,4.5,48.0,8.3,16.0,0.4,0.5,0.6,3.88,5.41,7.06,5.49,47.0,1.43,16.0,0.4,0.5,0.6,13.7,30.0,43.1,30.4,45.0,16.4,16.0,0.4,0.5,0.6,-205.7,-120.5,-55.7,-134.7,51.0,79.7,16.0,0.5,0.5,0.6,-74.8,0.0,26.7,-21.0,51.0,55.5,16.0,0.5,0.5,0.6,-121.4,-72.4,-31.8,-76.3,46.0,43.8,16.0,0.4,0.5,0.6,-39.2,0.0,15.3,-11.3,46.0,32.3,16.0,0.4,0.5,0.6,-43.0,-26.3,-11.2,-27.2,45.0,16.9,16.0,0.4,0.5,0.6,-16.7,0.0,6.2,-4.0,45.0,12.6,16.0,0.4,0.5,0.6,29.0,132.5,668.0,386.0,51.0,507.5,16.0,0.5,0.5,0.6,30.0,135.0,670.0,385.0,51.0,505.0,16.0,0.5,0.5,0.6
1974,2,296.0,19.0,24.59,25.3,26.0,25.22,28.0,0.85,18.0,0.5,0.5,0.3,23.64,24.5,25.71,24.65,29.0,1.3,18.0,0.6,0.5,0.4,13.49,14.21,15.51,14.44,25.0,1.38,18.0,0.6,0.5,0.3,68.1,72.4,80.7,74.2,25.0,7.9,18.0,0.6,0.3,4.1,7.2,8.48,6.54,29.0,2.56,18.0,0.6,0.5,0.4,-8.08,-6.2,-0.47,-5.23,29.0,3.92,18.0,0.6,0.5,0.4,-2.46,0.0,1.64,-0.57,29.0,2.61,18.0,0.6,0.5,0.4,1014.0,1016.0,1019.05,1016.42,29.0,2.64,18.0,0.6,0.5,0.4,1.0,3.0,5.0,2.9,28.0,1.8,18.0,0.5,0.5,0.4,-70.8,-38.4,-1.5,-41.5,29.0,39.8,18.0,0.6,0.5,0.4,-17.7,0.0,9.0,-5.4,29.0,18.3,18.0,0.6,0.5,0.4,-1.0,0.6,2.0,0.54,28.0,1.39,18.0,0.5,0.5,0.3,-7.4,4.6,10.1,2.7,28.0,10.1,18.0,0.5,0.5,0.3,4.59,5.35,6.57,5.46,24.0,1.39,20.0,0.6,0.5,0.3,20.5,40.5,57.1,39.3,24.0,17.7,20.0,0.6,0.5,0.3,-204.5,-150.4,-11.7,-130.8,29.0,100.6,18.0,0.6,0.5,0.4,-63.1,0.0,40.3,-14.0,29.0,64.7,18.0,0.6,0.5,0.4,-117.8,-89.8,0.0,-73.2,25.0,62.3,18.0,0.6,0.5,0.3,-38.0,0.0,25.5,-9.1,25.0,43.0,18.0,0.6,0.5,0.3,-52.4,-40.4,-3.2,-33.1,24.0,24.0,20.0,0.6,0.5,0.3,-19.0,-1.4,8.8,-4.2,24.0,13.5,20.0,0.6,0.5,0.3,69.0,373.0,611.0,403.5,29.0,457.0,18.0,0.6,0.5,0.4,70.0,375.0,610.0,405.0,29.0,455.0,18.0,0.6,0.5,0.4
1974,2,296.0,20.0,24.15,25.0,25.8,24.88,23.0,1.01,12.0,0.6,0.4,0.4,23.3,24.2,25.5,24.42,26.0,1.27,12.0,0.7,0.4,0.4,13.32,14.71,16.72,14.86,19.0,1.68,10.0,0.5,0.3,0.4,73.3,79.3,85.8,80.3,20.0,8.4,10.0,0.6,0.4,4.99,6.85,9.33,7.09,26.0,2.65,12.0,0.7,0.4,0.4,-8.08,-6.06,-3.08,-5.89,26.0,3.42,12.0,0.7,0.4,0.4,-3.52,0.0,3.21,0.0,26.0,3.4,12.0,0.7,0.4,0.4,1014.79,1016.8,1019.56,1016.77,25.0,2.58,12.0,0.6,0.4,0.4,2.0,4.0,6.0,3.7,26.0,2.2,12.0,0.7,0.4,0.4,-81.3,-45.2,-18.8,-49.2,26.0,40.3,12.0,0.7,0.4,0.4,-29.1,0.0,24.9,-1.0,26.0,28.8,12.0,0.7,0.4,0.4,-1.35,0.8,1.95,0.42,23.0,1.6,12.0,0.6,0.4,0.4,-8.9,5.2,8.8,0.4,23.0,11.2,12.0,0.6,0.4,0.4,2.78,4.86,6.84,4.59,17.0,2.15,10.0,0.5,0.3,0.4,16.7,24.7,46.4,30.3,17.0,18.4,10.0,0.5,0.3,0.4,-199.3,-149.5,-73.2,-145.1,26.0,85.9,12.0,0.7,0.4,0.4,-84.6,0.0,77.6,1.4,26.0,83.2,12.0,0.7,0.4,0.4,-132.5,-85.2,-41.8,-88.4,19.0,51.2,10.0,0.5,0.3,0.4,-53.2,-12.2,51.4,-9.5,19.0,50.9,10.0,0.5,0.3,0.4,-36.9,-23.2,-13.0,-23.8,17.0,18.6,10.0,0.5,0.3,0.4,-24.2,-5.1,3.3,-7.0,17.0,17.8,10.0,0.5,0.3,0.4,124.0,322.0,813.5,503.5,26.0,516.0,12.0,0.7,0.4,0.4,125.0,320.0,815.0,505.0,26.0,515.0,12.0,0.7,0.4,0.4
1974,2,296.0,21.0,24.0,24.65,25.27,24.65,24.0,0.73,20.0,0.7,0.6,0.3,23.01,23.8,24.9,23.83,27.0,1.15,18.0,0.6,0.6,0.3,12.72,13.84,15.68,14.17,24.0,1.7,18.0,0.7,0.6,0.3,68.6,76.2,88.1,77.5,24.0,9.0,18.0,0.7,0.3,4.57,7.2,9.81,6.92,26.0,2.82,18.0,0.6,0.6,0.3,-9.66,-6.84,-3.46,-6.08,26.0,3.5,18.0,0.6,0.6,0.3,-0.04,1.21,2.74,1.0,26.0,2.44,18.0,0.6,0.6,0.3,1015.99,1019.25,1020.82,1018.82,26.0,2.2,18.0,0.6,0.6,0.3,2.0,3.0,7.0,3.9,26.0,2.5,20.0,0.6,0.6,0.4,-94.7,-47.6,-12.4,-50.5,26.0,40.1,18.0,0.6,0.6,0.3,-0.3,5.9,22.0,7.9,26.0,19.7,18.0,0.6,0.6,0.3,-0.27,0.6,1.6,0.66,24.0,1.13,20.0,0.7,0.6,0.3,-2.7,4.1,12.4,5.1,23.0,9.1,20.0,0.7,0.6,0.3,2.63,5.64,6.33,5.16,22.0,1.91,20.0,0.7,0.6,0.3,14.6,35.1,60.2,37.7,22.0,21.1,20.0,0.7,0.6,0.3,-239.5,-158.1,-81.4,-144.6,26.0,85.8,18.0,0.6,0.6,0.3,-1.0,27.9,63.2,23.5,26.0,56.8,18.0,0.6,0.6,0.3,-140.9,-84.9,-56.0,-89.7,24.0,51.6,18.0,0.7,0.6,0.3,-5.3,18.8,30.8,14.9,24.0,37.2,18.0,0.7,0.6,0.3,-58.1,-32.8,-7.1,-33.3,22.0,24.6,20.0,0.7,0.6,0.3,-6.9,7.0,13.7,4.8,22.0,11.7,20.0,0.7,0.6,0.3,95.5,373.0,943.0,486.0,26.0,470.5,18.0,0.6,0.6,0.3,95.0,375.0,945.0,485.0,26.0,470.0,18.0,0.6,0.6,0.3
1974,2,296.0,22.0,23.84,24.5,25.0,24.53,15.0,0.84,16.0,0.6,0.6,0.6,22.99,23.8,25.1,23.99,19.0,1.05,18.0,0.6,0.7,0.6,11.9,12.78,14.23,12.96,14.0,1.49,14.0,0.6,0.7,0.6,59.9,71.1,77.4,70.3,14.0,8.4,14.0,0.6,0.6,3.1,6.95,8.2,6.49,18.0,2.96,18.0,0.6,0.7,0.5,-8.06,-5.31,-2.34,-5.14,18.0,3.14,18.0,0.6,0.7,0.5,-1.58,1.27,3.4,0.52,18.0,3.9,18.0,0.6,0.7,0.5,1015.91,1018.0,1020.89,1018.12,18.0,2.4,18.0,0.6,0.7,0.5,1.0,3.0,5.1,3.4,19.0,2.1,18.0,0.6,0.7,0.6,-65.0,-33.3,-6.9,-40.9,18.0,39.5,18.0,0.6,0.7,0.5,-10.8,3.9,15.7,-3.2,18.0,39.1,18.0,0.6,0.7,0.5,-0.41,0.7,1.36,0.69,15.0,1.27,16.0,0.6,0.6,0.6,-2.7,5.3,11.0,5.3,14.0,10.4,16.0,0.6,0.6,0.6,4.99,5.83,8.44,6.49,13.0,1.77,16.0,0.5,0.7,0.6,23.9,40.4,58.9,42.2,13.0,18.8,16.0,0.5,0.7,0.6,-198.4,-126.3,-56.4,-122.9,18.0,75.1,18.0,0.6,0.7,0.5,-36.8,30.7,79.8,13.9,18.0,92.4,18.0,0.6,0.7,0.5,-113.7,-68.3,-33.7,-76.5,14.0,40.6,14.0,0.6,0.7,0.6,-53.8,6.1,25.0,-3.7,14.0,53.1,14.0,0.6,0.7,0.6,-47.3,-40.4,-13.5,-35.4,13.0,16.3,16.0,0.5,0.7,0.6,-19.8,5.8,16.4,-1.3,13.0,25.6,16.0,0.5,0.7,0.6,30.0,347.5,551.5,452.5,18.0,675.5,18.0,0.6,0.7,0.5,30.0,345.0,550.0,455.0,18.0,675.0,18.0,0.6,0.7,0.5
1974,2,296.0,23.0,22.8,24.1,24.63,23.82,12.0,1.2,20.0,0.3,0.6,0.3,22.0,23.1,23.93,23.21,15.0,1.53,20.0,0.4,0.7,0.3,12.78,13.87,14.89,13.74,7.0,1.39,20.0,0.1,0.6,0.3,73.0,78.3,96.0,81.2,7.0,12.7,20.0,0.1,0.3,5.04,7.1,10.0,7.41,16.0,3.59,20.0,0.3,0.7,0.4,-8.93,-6.34,-2.46,-5.93,16.0,3.29,20.0,0.3,0.7,0.4,-3.25,0.0,2.46,-0.05,16.0,4.81,20.0,0.3,0.7,0.4,1018.53,1021.0,1023.27,1020.85,15.0,2.39,20.0,0.3,0.7,0.4,1.5,2.0,4.9,2.8,17.0,2.2,20.0,0.4,0.7,0.3,-85.3,-48.7,-13.2,-52.6,16.0,47.8,20.0,0.3,0.7,0.4,-28.8,0.0,17.7,-3.6,16.0,61.0,20.0,0.3,0.7,0.4,0.22,1.05,1.43,0.87,12.0,0.86,20.0,0.3,0.6,0.3,1.3,6.0,11.5,7.5,11.0,7.6,20.0,0.2,0.6,0.3,1.67,5.01,6.06,4.35,7.0,2.59,20.0,0.1,0.6,0.3,8.5,35.6,60.6,34.9,7.0,26.1,20.0,0.1,0.6,0.3,-217.6,-122.5,-54.3,-130.5,14.0,78.3,20.0,0.4,0.7,0.3,-79.2,0.0,56.7,-0.7,14.0,116.9,20.0,0.4,0.7,0.3,-109.0,-86.9,-46.4,-82.7,7.0,36.3,20.0,0.1,0.6,0.3,-38.0,0.0,32.8,6.0,7.0,36.3,20.0,0.1,0.6,0.3,-60.4,-33.4,-8.5,-32.1,7.0,25.6,20.0,0.1,0.6,0.3,-12.8,0.0,12.8,-0.4,7.0,15.6,20.0,0.1,0.6,0.3,128.0,358.0,1000.0,706.0,16.0,1040.5,20.0,0.3,0.7,0.4,130.0,360.0,1000.0,705.0,16.0,1040.0,20.0,0.3,0.7,0.4
1974,2,296.0,24.0,21.67,23.4,24.04,23.12,11.0,1.37,14.0,0.4,0.6,0.4,21.64,22.15,23.54,22.39,10.0,0.91,12.0,0.4,0.7,0.3,11.71,11.76,14.6,13.12,3.0,2.42,12.0,0.7,0.6,0.2,66.1,70.6,84.0,74.9,3.0,13.6,12.0,0.7,0.2,5.28,8.0,10.16,7.86,10.0,2.73,12.0,0.3,0.7,0.4,-8.1,-3.8,-1.8,-3.62,10.0,5.59,12.0,0.3,0.7,0.4,-2.42,1.58,7.25,1.86,10.0,5.15,12.0,0.3,0.7,0.4,1016.13,1018.65,1022.8,1018.54,10.0,3.89,12.0,0.3,0.7,0.4,1.4,3.0,6.0,3.6,10.0,2.1,12.0,0.4,0.6,0.4,-72.6,-32.6,-8.7,-26.0,10.0,59.4,12.0,0.3,0.7,0.4,-13.3,10.9,65.6,16.2,10.0,47.5,12.0,0.3,0.7,0.4,0.14,1.05,2.3,0.92,10.0,1.6,12.0,0.4,0.7,0.3,1.1,6.9,14.3,5.2,9.0,13.5,12.0,0.3,0.7,0.3,1.29,6.12,6.55,3.97,3.0,4.28,12.0,0.7,0.6,0.2,8.9,47.2,48.4,29.1,3.0,32.9,12.0,0.7,0.6,0.2,-175.4,-64.4,-36.2,-68.4,9.0,131.4,12.0,0.3,0.7,0.3,-57.7,11.4,166.7,43.5,9.0,123.0,12.0,0.3,0.7,0.3,-60.7,-32.2,-19.9,-40.1,3.0,30.7,12.0,0.7,0.6,0.2,83.0,88.4,115.6,99.1,3.0,25.6,12.0,0.7,0.6,0.2,-14.0,-8.2,0.4,-6.8,3.0,10.7,12.0,0.7,0.6,0.2,9.3,46.0,46.3,28.3,3.0,31.2,12.0,0.7,0.6,0.2,183.5,512.0,1064.5,635.0,10.0,504.0,12.0,0.3,0.7,0.4,185.0,510.0,1065.0,635.0,10.0,505.0,12.0,0.3,0.7,0.4
1974,2,296.0,25.0,22.0,23.0,23.94,22.94,14.0,1.43,16.0,0.8,0.6,0.6,20.53,22.1,24.92,22.6,14.0,1.95,16.0,0.8,0.6,0.6,10.16,11.98,13.87,12.27,7.0,2.3,12.0,0.7,0.6,0.7,66.9,70.2,76.3,72.8,7.0,10.7,12.0,0.7,0.7,2.69,5.1,7.61,5.21,14.0,3.09,16.0,0.8,0.6,0.6,-5.85,-3.55,0.0,-2.64,14.0,3.51,16.0,0.8,0.6,0.6,-2.95,0.0,4.69,0.31,14.0,4.35,16.0,0.8,0.6,0.6,1016.87,1020.7,1022.01,1019.92,13.0,2.51,16.0,0.8,0.6,0.6,1.1,3.0,6.9,3.5,14.0,2.6,16.0,0.8,0.6,0.6,-44.2,-14.6,0.0,-18.6,14.0,29.2,16.0,0.8,0.6,0.6,-23.0,0.0,29.0,-2.5,14.0,40.3,16.0,0.8,0.6,0.6,-2.47,0.5,2.8,0.34,14.0,2.55,16.0,0.8,0.6,0.6,-14.8,0.0,14.2,1.6,14.0,16.0,16.0,0.8,0.6,0.6,1.24,5.44,9.14,5.63,7.0,3.74,12.0,0.7,0.6,0.7,7.5,36.4,38.7,28.4,7.0,18.7,12.0,0.7,0.6,0.7,-120.1,-79.4,0.0,-58.0,14.0,81.1,16.0,0.8,0.6,0.6,-64.8,0.0,112.3,13.3,14.0,96.8,16.0,0.8,0.6,0.6,-56.1,-42.5,-37.8,-41.1,7.0,29.4,12.0,0.7,0.6,0.7,-2.3,24.5,65.5,18.9,7.0,40.6,12.0,0.7,0.6,0.7,-33.3,-19.3,-1.4,-18.6,7.0,22.6,12.0,0.7,0.6,0.7,-1.6,6.0,18.8,3.7,7.0,19.0,12.0,0.7,0.6,0.7,21.0,132.5,443.0,291.0,14.0,459.0,16.0,0.8,0.6,0.6,20.0,135.0,445.0,290.0,14.0,460.0,16.0,0.8,0.6,0.6
1974,2,296.0,26.0,20.59,22.75,24.0,22.54,8.0,1.8,16.0,0.5,0.5,0.5,21.0,21.1,22.38,21.68,8.0,1.31,16.0,0.6,0.5,0.5,8.08,10.31,13.28,10.66,4.0,3.04,18.0,1.0,0.6,0.6,50.5,63.7,83.6,66.9,4.0,20.0,18.0,1.0,0.6,4.21,6.45,13.78,8.09,8.0,4.56,16.0,0.5,0.5,0.5,-5.06,-2.15,4.06,-1.82,8.0,6.48,16.0,0.5,0.5,0.5,-4.91,1.0,3.81,0.06,8.0,7.06,16.0,0.5,0.5,0.5,1017.43,1021.6,1022.95,1020.78,9.0,3.37,16.0,0.6,0.5,0.5,0.0,0.0,3.7,1.8,9.0,2.8,16.0,0.6,0.5,0.5,-29.1,-7.6,28.4,-14.0,8.0,83.2,16.0,0.5,0.5,0.5,-32.0,2.6,33.0,5.6,8.0,86.0,16.0,0.5,0.5,0.5,-2.24,0.1,3.0,0.44,7.0,2.56,16.0,0.6,0.5,0.5,-7.5,0.4,20.7,3.0,7.0,25.0,16.0,0.6,0.5,0.5,1.97,4.28,5.71,3.85,3.0,2.76,20.0,1.0,0.6,0.6,8.4,16.6,17.2,12.9,3.0,7.2,20.0,1.0,0.6,0.6,-118.1,-59.0,44.4,-72.4,7.0,137.1,16.0,0.6,0.5,0.5,-114.0,0.0,60.5,-32.8,7.0,114.4,16.0,0.6,0.5,0.5,-59.1,-33.0,-19.7,-39.2,3.0,29.3,20.0,1.0,0.6,0.6,-26.9,0.0,11.0,-7.8,3.0,28.5,20.0,1.0,0.6,0.6,-11.1,-10.7,-6.5,-8.8,3.0,3.7,20.0,1.0,0.6,0.6,-9.2,0.0,8.7,-0.2,3.0,13.1,20.0,1.0,0.6,0.6,76.0,269.5,2631.5,997.0,8.0,1211.0,16.0,0.5,0.5,0.5,75.0,270.0,2630.0,995.0,8.0,1210.0,16.0,0.5,0.5,0.5
1974,2,296.0,27.0,22.0,23.0,23.99,22.93,20.0,1.37,10.0,0.7,0.6,0.5,19.9,22.5,23.37,21.99,21.0,1.58,10.0,0.7,0.6,0.5,10.16,13.4,14.65,12.42,14.0,2.35,10.0,0.8,0.5,0.5,62.6,74.3,86.7,74.6,14.0,10.1,10.0,0.8,0.5,3.61,7.2,9.79,6.94,20.0,3.46,10.0,0.6,0.6,0.5,-2.82,0.0,4.94,0.86,20.0,3.68,10.0,0.6,0.6,0.5,-6.66,3.51,5.98,1.31,20.0,6.82,10.0,0.6,0.6,0.5,1016.21,1018.15,1023.47,1018.64,20.0,3.97,10.0,0.6,0.6,0.5,1.0,3.0,6.0,3.2,20.0,2.1,10.0,0.7,0.5,0.5,-15.2,0.0,56.8,13.1,20.0,32.6,10.0,0.6,0.6,0.5,-57.7,14.0,55.4,10.6,20.0,69.9,10.0,0.6,0.6,0.5,-0.4,1.2,2.49,0.8,20.0,1.88,10.0,0.7,0.6,0.5,-5.0,3.9,19.6,4.6,19.0,15.3,10.0,0.7,0.6,0.5,2.15,4.19,7.95,4.57,14.0,2.81,10.0,0.8,0.5,0.5,9.5,29.7,69.7,35.2,14.0,30.5,10.0,0.8,0.5,0.5,-62.3,0.0,114.7,18.6,20.0,82.1,10.0,0.6,0.6,0.5,-142.4,79.4,143.9,37.2,20.0,148.1,10.0,0.6,0.6,0.5,-26.7,0.0,62.2,13.9,14.0,51.6,10.0,0.8,0.5,0.5,-69.8,53.7,90.7,35.5,14.0,85.3,10.0,0.8,0.5,0.5,-7.4,0.3,23.7,6.1,14.0,19.0,10.0,0.8,0.5,0.5,-52.3,8.5,29.3,-4.3,14.0,42.9,10.0,0.8,0.5,0.5,47.0,378.5,939.0,572.0,20.0,659.0,10.0,0.6,0.6,0.5,45.0,380.0,940.0,570.0,20.0,660.0,10.0,0.6,0.6,0.5
1974,2,296.0,28.0,20.75,22.2,23.0,21.83,12.0,1.39,14.0,0.8,0.8,0.5,19.87,21.55,22.63,21.38,12.0,1.63,14.0,0.8,0.8,0.5,8.78,11.91,14.16,11.88,10.0,3.02,16.0,0.8,0.8,0.6,59.3,76.9,87.5,74.4,10.0,13.4,16.0,0.8,0.6,4.35,5.55,10.81,7.02,12.0,3.31,14.0,0.8,0.8,0.5,-1.75,1.15,7.65,2.56,12.0,4.94,14.0,0.8,0.8,0.5,-0.39,3.64,6.7,3.02,12.0,4.81,14.0,0.8,0.8,0.5,1018.12,1019.15,1023.1,1019.87,12.0,2.41,14.0,0.8,0.8,0.5,3.0,4.0,7.3,4.8,12.0,2.0,14.0,0.8,0.8,0.5,-7.6,7.7,84.2,28.2,12.0,54.4,14.0,0.8,0.8,0.5,-13.8,19.0,52.1,15.4,12.0,50.6,14.0,0.8,0.8,0.5,-1.08,1.0,1.8,0.44,12.0,2.14,14.0,0.8,0.8,0.5,-5.3,4.9,19.6,7.1,12.0,18.2,14.0,0.8,0.8,0.5,3.15,4.09,6.44,4.22,10.0,3.03,16.0,0.8,0.8,0.6,11.1,23.9,62.4,33.8,10.0,34.4,16.0,0.8,0.8,0.6,-36.9,24.1,156.2,51.5,12.0,98.5,14.0,0.8,0.8,0.5,-1.6,76.1,141.9,68.4,12.0,99.1,14.0,0.8,0.8,0.5,-16.1,11.1,89.0,30.6,10.0,50.7,16.0,0.8,0.8,0.6,-20.4,43.9,76.8,34.1,10.0,55.0,16.0,0.8,0.8,0.6,-4.0,7.6,48.8,18.8,10.0,33.9,16.0,0.8,0.8,0.6,-28.1,10.7,27.4,3.6,10.0,29.8,16.0,0.8,0.8,0.6,84.5,174.5,1288.0,575.0,12.0,697.5,14.0,0.8,0.8,0.5,85.0,175.0,1290.0,575.0,12.0,695.0,14.0,0.8,0.8,0.5
1974,2,296.0,29.0,18.72,21.0,21.69,20.42,17.0,1.57,16.0,0.5,0.6,0.4,18.71,21.0,22.01,20.77,19.0,1.61,16.0,0.5,0.6,0.4,9.1,11.52,13.22,11.28,15.0,2.03,16.0,0.5,0.6,0.4,68.6,75.1,84.8,74.5,15.0,9.7,16.0,0.5,0.4,2.95,6.7,10.45,7.01,18.0,3.67,16.0,0.6,0.6,0.4,-1.75,0.0,4.23,1.32,18.0,4.33,16.0,0.6,0.6,0.4,-7.81,2.15,6.46,0.75,18.0,6.66,16.0,0.6,0.6,0.4,1016.86,1021.0,1023.73,1019.88,19.0,4.56,16.0,0.5,0.6,0.4,1.0,3.0,8.0,4.0,19.0,2.8,16.0,0.5,0.6,0.4,-6.0,0.0,32.4,16.3,18.0,53.1,16.0,0.6,0.6,0.4,-67.1,5.9,43.0,0.9,18.0,64.5,16.0,0.6,0.6,0.4,-2.0,-0.2,1.75,-0.21,17.0,1.78,16.0,0.5,0.6,0.4,-10.0,-1.6,13.2,-0.1,16.0,12.8,16.0,0.5,0.7,0.5,0.73,3.39,5.95,3.47,15.0,2.31,16.0,0.5,0.6,0.4,1.7,18.5,47.4,23.3,14.0,19.8,16.0,0.5,0.6,0.4,-36.4,0.0,95.9,27.4,18.0,88.8,16.0,0.6,0.6,0.4,-149.3,47.2,138.1,22.1,18.0,132.9,16.0,0.6,0.6,0.4,-12.8,0.0,23.4,17.0,14.0,46.4,16.0,0.5,0.6,0.4,-33.5,28.5,71.5,21.2,14.0,66.1,16.0,0.5,0.6,0.4,-0.6,0.1,10.8,5.0,14.0,12.4,16.0,0.5,0.6,0.4,-25.1,0.8,19.2,-0.7,14.0,28.2,16.0,0.5,0.6,0.4,26.0,321.0,1143.0,625.0,18.0,779.0,16.0,0.6,0.6,0.4,25.0,320.0,1145.0,625.0,18.0,780.0,16.0,0.6,0.6,0.4
1974,2,296.0,30.0,19.2,20.2,20.89,20.06,10.0,1.11,16.0,0.2,0.4,0.5,17.67,20.0,20.97,19.25,10.0,1.87,16.0,0.2,0.4,0.5,7.71,10.01,11.99,9.96,7.0,2.72,16.0,0.3,0.4,0.5,55.1,78.2,90.1,73.4,8.0,15.7,16.0,0.3,0.5,4.89,7.0,11.08,7.96,11.0,3.78,14.0,0.2,0.4,0.5,-0.3,2.96,7.99,3.46,11.0,4.76,14.0,0.2,0.4,0.5,-0.3,5.14,7.12,4.27,11.0,5.31,14.0,0.2,0.4,0.5,1016.21,1020.3,1024.23,1019.14,10.0,5.6,16.0,0.2,0.4,0.5,1.5,4.0,7.0,4.4,9.0,2.8,16.0,0.1,0.4,0.5,-2.8,15.4,84.9,37.1,11.0,50.1,14.0,0.2,0.4,0.5,-4.3,41.1,76.8,48.3,11.0,68.0,14.0,0.2,0.4,0.5,-0.76,-0.25,2.84,0.81,10.0,2.36,16.0,0.2,0.4,0.5,-6.5,-2.3,21.1,4.2,10.0,19.3,16.0,0.2,0.4,0.5,2.92,4.66,6.68,4.67,7.0,2.41,16.0,0.3,0.4,0.5,22.3,41.9,45.3,36.4,7.0,19.7,16.0,0.3,0.4,0.5,1.8,78.5,165.3,78.1,10.0,94.0,16.0,0.2,0.4,0.5,-12.0,106.6,157.2,91.4,10.0,108.7,16.0,0.2,0.4,0.5,16.4,32.4,64.6,41.9,7.0,37.3,16.0,0.3,0.4,0.5,-31.4,47.3,93.1,47.0,7.0,71.1,16.0,0.3,0.4,0.5,0.9,15.1,28.1,14.5,7.0,16.3,16.0,0.3,0.4,0.5,-18.8,10.2,42.6,12.9,7.0,35.0,16.0,0.3,0.4,0.5,118.0,343.0,1439.0,840.0,11.0,1109.5,14.0,0.2,0.4,0.5,120.0,345.0,1440.0,840.0,11.0,1110.0,14.0,0.2,0.4,0.5
1974,2,296.0,31.0,18.8,20.0,20.65,19.86,18.0,1.06,14.0,0.5,0.5,0.6,16.85,17.8,20.06,18.08,18.0,1.55,14.0,0.5,0.5,0.6,6.61,7.52,12.04,8.58,12.0,2.52,16.0,0.4,0.5,0.6,55.2,64.3,87.5,70.7,14.0,15.7,14.0,0.4,0.6,2.6,8.7,11.84,8.38,18.0,5.5,14.0,0.5,0.5,0.6,-3.52,0.75,6.98,2.05,18.0,6.73,14.0,0.5,0.5,0.6,-7.25,-0.87,6.31,-1.32,18.0,7.29,14.0,0.5,0.5,0.6,1015.65,1023.45,1025.76,1021.72,16.0,5.15,16.0,0.6,0.5,0.6,2.0,5.5,8.0,5.2,18.0,2.7,14.0,0.5,0.5,0.6,-24.9,1.1,76.3,41.5,18.0,111.6,14.0,0.5,0.5,0.6,-68.9,-2.2,56.1,-26.1,18.0,104.1,14.0,0.5,0.5,0.6,-0.25,2.4,3.26,1.78,18.0,1.9,14.0,0.5,0.5,0.6,-2.3,9.8,33.8,15.9,18.0,26.0,14.0,0.5,0.5,0.6,2.28,6.69,7.45,5.44,12.0,2.49,16.0,0.4,0.5,0.6,11.0,38.2,69.3,45.6,12.0,46.0,16.0,0.4,0.5,0.6,-67.3,13.0,129.5,34.3,18.0,116.5,14.0,0.5,0.5,0.6,-123.8,-15.1,125.2,-15.1,18.0,130.2,14.0,0.5,0.5,0.6,-33.4,5.0,59.8,15.0,12.0,45.4,16.0,0.4,0.5,0.6,-88.5,-27.0,31.0,-20.0,12.0,62.8,16.0,0.4,0.5,0.6,-6.5,5.8,39.5,14.2,12.0,36.3,16.0,0.4,0.5,0.6,-57.2,-23.3,7.7,-29.6,12.0,43.5,16.0,0.4,0.5,0.6,17.5,658.5,1866.0,1450.0,18.0,2604.0,14.0,0.5,0.5,0.6,20.0,660.0,1865.0,1450.0,18.0,2605.0,14.0,0.5,0.5,0.6
1974,2,296.0,32.0,19.0,20.0,21.84,20.1,15.0,1.45,14.0,0.5,0.5,0.4,15.52,17.2,20.28,17.78,15.0,2.24,14.0,0.5,0.5,0.4,7.02,9.06,12.95,9.8,12.0,2.77,14.0,0.5,0.5,0.4,61.3,75.9,91.0,76.0,12.0,13.7,14.0,0.5,0.4,4.69,7.7,13.29,8.93,15.0,4.52,14.0,0.5,0.5,0.4,-1.59,5.64,12.94,5.66,15.0,7.02,14.0,0.5,0.5,0.4,-2.56,2.76,6.42,2.12,15.0,4.18,14.0,0.5,0.5,0.4,1009.96,1019.8,1023.94,1017.54,15.0,7.29,14.0,0.5,0.5,0.4,3.1,6.0,7.9,5.4,14.0,2.5,14.0,0.5,0.5,0.4,-5.5,33.8,171.7,74.9,15.0,102.9,14.0,0.5,0.5,0.4,-18.1,12.3,50.5,18.3,15.0,46.9,14.0,0.5,0.5,0.4,-1.5,2.3,5.93,2.32,15.0,3.37,14.0,0.5,0.5,0.4,-11.7,10.8,65.2,22.0,15.0,43.9,14.0,0.5,0.5,0.4,1.29,3.68,8.29,4.62,12.0,3.33,14.0,0.5,0.5,0.4,8.7,25.4,69.9,42.7,12.0,50.2,14.0,0.5,0.5,0.4,-27.6,118.4,215.9,98.8,15.0,119.6,14.0,0.5,0.5,0.4,-43.9,46.9,124.4,44.0,15.0,78.0,14.0,0.5,0.5,0.4,-22.2,51.1,108.4,50.3,12.0,72.6,14.0,0.5,0.5,0.4,-23.5,30.2,85.0,29.6,12.0,50.6,14.0,0.5,0.5,0.4,-6.2,19.4,62.7,31.6,12.0,54.8,14.0,0.5,0.5,0.4,-20.2,1.3,16.2,-2.3,12.0,20.2,14.0,0.5,0.5,0.4,103.5,456.5,2348.5,1267.0,15.0,1663.0,14.0,0.5,0.5,0.4,105.0,455.0,2350.0,1265.0,15.0,1665.0,14.0,0.5,0.5,0.4
1974,2,296.0,33.0,17.8,18.9,19.48,18.67,15.0,1.05,16.0,0.5,0.4,0.4,15.04,16.5,18.11,16.43,15.0,1.89,16.0,0.5,0.4,0.4,7.04,8.12,10.13,8.54,15.0,1.93,16.0,0.5,0.4,0.4,60.2,75.8,85.0,73.6,15.0,12.8,16.0,0.5,0.4,3.15,5.1,12.88,7.5,15.0,4.42,16.0,0.5,0.4,0.4,-3.17,3.28,7.98,2.52,15.0,5.24,16.0,0.5,0.4,0.4,-6.58,-1.67,6.06,-0.46,15.0,6.73,16.0,0.5,0.4,0.4,1010.38,1021.8,1025.93,1019.05,15.0,7.56,16.0,0.5,0.4,0.4,1.1,5.0,7.9,4.6,14.0,3.0,16.0,0.4,0.4,0.4,-21.6,16.7,108.9,33.9,15.0,62.2,16.0,0.5,0.4,0.4,-61.2,-4.3,44.4,-6.7,15.0,86.3,16.0,0.5,0.4,0.4,1.0,1.7,3.78,2.24,15.0,1.77,16.0,0.5,0.4,0.4,4.3,11.2,41.6,17.9,15.0,17.0,16.0,0.5,0.4,0.4,3.07,5.24,6.28,4.78,15.0,2.05,16.0,0.5,0.4,0.4,10.8,27.4,66.5,36.6,15.0,26.3,16.0,0.5,0.4,0.4,-46.7,54.1,141.3,41.8,15.0,84.3,16.0,0.5,0.4,0.4,-103.2,-33.4,106.1,-4.4,15.0,110.7,16.0,0.5,0.4,0.4,-23.9,23.5,74.0,20.5,15.0,46.4,16.0,0.5,0.4,0.4,-46.9,-18.3,60.6,-3.3,15.0,57.6,16.0,0.5,0.4,0.4,-10.4,17.5,45.2,13.8,15.0,26.3,16.0,0.5,0.4,0.4,-35.1,-3.0,24.4,-2.6,15.0,35.0,16.0,0.5,0.4,0.4,43.0,132.5,2268.5,888.0,15.0,1308.0,16.0,0.5,0.4,0.4,45.0,135.0,2270.0,890.0,15.0,1310.0,16.0,0.5,0.4,0.4
1974,2,296.0,34.0,17.3,19.15,19.85,18.83,12.0,1.06,18.0,0.8,0.5,0.6,12.45,16.0,19.55,16.56,13.0,4.15,16.0,0.7,0.5,0.6,7.24,8.15,10.73,8.93,12.0,2.09,18.0,0.8,0.5,0.6,60.3,71.8,93.1,74.9,12.0,14.8,18.0,0.8,0.6,6.55,9.3,15.4,10.24,13.0,4.65,16.0,0.7,0.5,0.6,-1.68,5.8,13.45,5.83,13.0,7.73,16.0,0.7,0.5,0.6,-7.05,-3.12,7.78,-0.3,13.0,6.21,16.0,0.7,0.5,0.6,1014.66,1018.0,1023.2,1017.85,13.0,5.05,16.0,0.7,0.5,0.6,4.0,7.0,8.0,6.2,13.0,1.8,16.0,0.7,0.5,0.6,-13.5,38.9,207.1,86.8,13.0,127.4,16.0,0.7,0.5,0.6,-59.1,-11.2,75.2,-1.4,13.0,73.9,16.0,0.7,0.5,0.6,-1.81,2.2,6.7,1.93,12.0,4.73,18.0,0.8,0.5,0.6,-27.8,18.5,51.7,21.3,12.0,60.1,18.0,0.8,0.5,0.6,1.43,4.8,6.92,4.34,11.0,2.45,18.0,0.8,0.5,0.6,16.5,30.6,62.5,37.8,11.0,23.5,18.0,0.8,0.5,0.6,-25.8,104.5,234.9,98.4,13.0,123.9,16.0,0.7,0.5,0.6,-85.3,-38.0,138.3,12.9,13.0,108.9,16.0,0.7,0.5,0.6,-15.4,38.7,132.2,48.5,12.0,68.6,18.0,0.8,0.5,0.6,-38.8,-11.9,65.6,8.0,12.0,52.6,18.0,0.8,0.5,0.6,-14.2,10.6,45.3,12.8,11.0,31.3,18.0,0.8,0.5,0.6,-29.4,0.0,18.7,-3.0,11.0,30.9,18.0,0.8,0.5,0.6,284.5,804.5,3652.5,1755.0,13.0,2409.5,16.0,0.7,0.5,0.6,285.0,805.0,3650.0,1755.0,13.0,2410.0,16.0,0.7,0.5,0.6
1974,2,296.0,35.0,17.22,19.0,20.39,18.95,15.0,1.48,16.0,0.6,0.5,0.4,13.28,17.0,20.87,17.04,16.0,3.49,14.0,0.6,0.5,0.4,6.29,9.55,12.92,9.43,15.0,3.05,14.0,0.6,0.5,0.5,57.0,77.4,87.3,74.8,15.0,15.1,14.0,0.6,0.5,8.2,14.9,20.6,14.11,16.0,5.52,14.0,0.6,0.5,0.4,3.53,7.0,15.55,8.48,16.0,6.23,14.0,0.6,0.5,0.4,-13.34,2.4,10.83,0.35,16.0,11.27,14.0,0.6,0.5,0.4,1002.08,1011.15,1021.86,1011.27,16.0,8.68,14.0,0.6,0.5,0.4,5.0,6.0,8.0,6.1,15.0,1.6,16.0,0.6,0.5,0.5,31.1,72.1,290.3,138.5,16.0,148.7,14.0,0.6,0.5,0.4,-237.3,21.4,179.0,-12.8,16.0,199.1,14.0,0.6,0.5,0.4,-0.53,2.0,4.81,2.18,15.0,2.25,16.0,0.6,0.5,0.4,-8.2,23.0,75.5,31.4,15.0,40.1,16.0,0.6,0.5,0.4,1.82,4.73,6.92,4.56,14.0,2.13,14.0,0.6,0.5,0.5,24.1,61.4,97.8,61.7,14.0,34.5,14.0,0.6,0.5,0.5,71.4,107.4,216.8,144.8,16.0,111.9,14.0,0.6,0.5,0.4,-166.7,48.9,225.4,39.1,16.0,182.8,14.0,0.6,0.5,0.4,30.8,73.6,125.8,84.1,15.0,60.1,14.0,0.6,0.5,0.5,-70.9,50.6,144.1,34.5,15.0,103.5,14.0,0.6,0.5,0.5,8.4,40.0,78.2,41.4,14.0,31.3,14.0,0.6,0.5,0.5,-64.7,2.4,28.4,-7.4,14.0,48.9,14.0,0.6,0.5,0.5,551.5,3319.0,8742.0,4051.5,16.0,4047.0,14.0,0.6,0.5,0.4,550.0,3320.0,8740.0,4050.0,16.0,4045.0,14.0,0.6,0.5,0.4
1974,2,296.0,36.0,17.52,20.0,20.0,19.08,17.0,1.8,14.0,0.7,0.4,0.5,13.99,16.0,18.0,15.84,17.0,2.35,14.0,0.7,0.4,0.5,6.17,7.6,11.8,8.49,17.0,2.54,14.0,0.7,0.4,0.5,59.4,71.1,94.2,75.0,17.0,16.2,14.0,0.7,0.5,4.87,13.9,19.0,12.67,17.0,6.86,14.0,0.7,0.4,0.5,0.81,9.26,16.0,9.24,17.0,7.29,14.0,0.7,0.4,0.5,-5.08,2.44,11.58,2.71,17.0,8.12,14.0,0.7,0.4,0.5,1011.72,1017.0,1021.62,1016.43,17.0,7.36,14.0,0.7,0.4,0.5,6.0,7.0,8.0,6.8,17.0,1.3,14.0,0.7,0.4,0.5,1.9,133.3,312.9,160.8,17.0,178.3,14.0,0.7,0.4,0.5,-57.5,6.4,180.3,54.8,17.0,130.0,14.0,0.7,0.4,0.5,1.27,3.0,4.89,3.24,17.0,2.15,14.0,0.7,0.4,0.5,9.0,25.8,66.7,37.7,17.0,34.8,14.0,0.7,0.4,0.5,2.91,5.2,8.08,5.26,17.0,2.37,14.0,0.7,0.4,0.5,21.8,47.2,98.7,57.9,17.0,36.3,14.0,0.7,0.4,0.5,12.4,150.2,279.9,153.5,17.0,119.8,14.0,0.7,0.4,0.5,-70.7,36.2,202.4,57.8,17.0,130.7,14.0,0.7,0.4,0.5,5.2,89.6,154.9,88.6,17.0,79.5,14.0,0.7,0.4,0.5,-32.4,12.8,136.8,37.5,17.0,79.1,14.0,0.7,0.4,0.5,6.1,36.5,73.2,41.6,17.0,37.2,14.0,0.7,0.4,0.5,-23.2,11.7,42.7,4.1,17.0,40.5,14.0,0.7,0.4,0.5,116.5,2685.5,6859.0,3755.0,17.0,4697.0,14.0,0.7,0.4,0.5,115.0,2685.0,6860.0,3755.0,17.0,4695.0,14.0,0.7,0.4,0.5
1974,2,296.0,37.0,18.47,20.0,20.51,19.58,19.0,1.17,14.0,0.5,0.6,0.3,10.92,15.4,18.0,14.74,20.0,3.32,12.0,0.6,0.5,0.3,4.98,8.6,10.5,7.58,18.0,2.57,14.0,0.6,0.5,0.4,57.6,72.8,85.8,72.3,18.0,13.9,14.0,0.6,0.4,6.72,12.9,17.49,12.82,20.0,5.83,12.0,0.6,0.5,0.3,1.76,7.42,14.67,7.52,20.0,6.72,12.0,0.6,0.5,0.3,-5.13,3.53,9.48,2.67,20.0,9.74,12.0,0.6,0.5,0.3,1005.41,1016.8,1021.49,1014.4,20.0,7.36,12.0,0.6,0.5,0.3,6.9,7.0,8.0,7.1,19.0,1.3,12.0,0.6,0.6,0.3,9.1,76.1,249.1,114.2,20.0,133.4,12.0,0.6,0.5,0.3,-34.4,31.2,180.0,67.8,20.0,189.9,12.0,0.6,0.5,0.3,1.96,4.0,10.06,5.01,19.0,3.35,14.0,0.5,0.6,0.3,28.6,44.3,77.7,53.6,19.0,33.2,14.0,0.5,0.6,0.3,3.67,6.11,10.1,6.55,18.0,2.71,14.0,0.6,0.5,0.4,43.0,71.4,106.7,74.5,18.0,32.7,14.0,0.6,0.5,0.4,19.1,98.0,267.1,119.0,20.0,117.6,12.0,0.6,0.5,0.3,-52.1,56.3,172.4,62.1,20.0,154.8,12.0,0.6,0.5,0.3,6.4,36.8,122.6,56.7,18.0,62.9,14.0,0.6,0.5,0.4,-27.5,-0.4,87.6,31.6,18.0,89.8,14.0,0.6,0.5,0.4,5.6,47.2,76.5,42.1,18.0,37.8,14.0,0.6,0.5,0.4,-58.4,1.0,43.8,-3.4,18.0,60.3,14.0,0.6,0.5,0.4,303.0,2146.5,5352.5,3483.0,20.0,4744.0,12.0,0.6,0.5,0.3,305.0,2145.0,5355.0,3485.0,20.0,4745.0,12.0,0.6,0.5,0.3
1974,2,296.0,38.0,13.29,19.2,21.42,17.74,16.0,4.31,16.0,0.6,0.6,0.5,8.0,11.6,17.12,12.19,16.0,4.59,16.0,0.6,0.6,0.5,4.19,6.14,11.0,7.31,11.0,3.3,18.0,0.5,0.7,0.5,53.6,66.9,84.4,69.9,11.0,14.3,18.0,0.5,0.5,9.11,11.55,17.81,12.42,16.0,4.8,16.0,0.6,0.6,0.5,-3.28,5.53,9.0,3.22,16.0,7.73,16.0,0.6,0.6,0.5,-8.6,-2.4,13.33,0.63,16.0,10.78,16.0,0.6,0.6,0.5,1010.0,1014.5,1021.36,1014.74,16.0,5.76,16.0,0.6,0.6,0.5,3.7,7.0,8.0,6.3,15.0,2.2,16.0,0.6,0.6,0.5,-51.5,53.5,87.9,34.0,16.0,122.6,16.0,0.6,0.6,0.5,-109.2,-18.7,205.3,15.7,16.0,175.9,16.0,0.6,0.6,0.5,1.88,5.5,8.06,5.55,16.0,3.99,16.0,0.6,0.6,0.5,11.7,61.7,118.9,71.6,16.0,67.8,16.0,0.6,0.6,0.5,4.62,6.98,10.35,7.23,11.0,3.42,18.0,0.5,0.7,0.5,53.5,83.6,128.9,94.9,11.0,59.1,18.0,0.5,0.7,0.5,-23.5,61.8,105.1,32.2,16.0,100.2,16.0,0.6,0.6,0.5,-74.0,-18.4,240.6,47.4,16.0,147.6,16.0,0.6,0.6,0.5,-40.4,30.2,56.9,21.3,11.0,65.1,18.0,0.5,0.7,0.5,-32.0,-11.0,156.9,46.9,11.0,91.1,18.0,0.5,0.7,0.5,-33.3,35.8,76.5,34.2,11.0,82.4,18.0,0.5,0.7,0.5,-58.3,-18.1,77.8,0.7,11.0,72.9,18.0,0.5,0.7,0.5,757.5,1543.0,5652.0,2713.0,16.0,2543.0,16.0,0.6,0.6,0.5,760.0,1545.0,5650.0,2715.0,16.0,2545.0,16.0,0.6,0.6,0.5
1974,2,296.0,39.0,12.24,15.25,18.93,15.59,14.0,3.14,16.0,0.2,0.5,0.5,8.51,11.2,15.58,11.91,15.0,4.15,16.0,0.2,0.5,0.5,4.69,7.21,8.62,7.02,14.0,2.29,16.0,0.1,0.5,0.5,66.0,80.0,94.7,79.9,14.0,15.1,16.0,0.1,0.5,6.2,8.7,13.43,9.77,15.0,4.69,16.0,0.2,0.5,0.5,-2.33,3.99,8.41,2.94,15.0,5.6,16.0,0.2,0.5,0.5,-8.89,3.14,6.58,0.01,15.0,9.15,16.0,0.2,0.5,0.5,1004.79,1015.0,1020.54,1012.15,15.0,9.57,16.0,0.2,0.5,0.5,3.2,7.0,8.0,6.0,15.0,2.4,16.0,0.2,0.5,0.5,-10.4,29.6,95.3,33.3,15.0,75.0,16.0,0.2,0.5,0.5,-114.7,12.9,48.1,-2.4,15.0,145.5,16.0,0.2,0.5,0.5,0.91,3.05,10.23,3.93,14.0,4.53,16.0,0.2,0.5,0.5,8.7,23.8,63.6,35.0,14.0,63.9,16.0,0.2,0.5,0.5,1.49,3.71,6.58,4.03,13.0,2.93,16.0,0.2,0.5,0.5,14.3,33.4,59.2,36.9,13.0,37.8,16.0,0.2,0.5,0.5,-26.1,35.5,117.1,37.4,15.0,70.4,16.0,0.2,0.5,0.5,-78.3,42.3,99.7,29.2,15.0,116.0,16.0,0.2,0.5,0.5,-6.1,25.3,66.3,24.4,14.0,45.1,16.0,0.1,0.5,0.5,-57.0,11.0,44.7,10.0,14.0,78.0,16.0,0.1,0.5,0.5,-8.8,13.0,38.2,14.4,13.0,23.7,16.0,0.2,0.5,0.5,-39.5,-6.5,29.6,-10.7,13.0,44.6,16.0,0.2,0.5,0.5,238.5,658.5,2454.5,1634.5,15.0,2460.5,16.0,0.2,0.5,0.5,240.0,660.0,2455.0,1635.0,15.0,2460.0,16.0,0.2,0.5,0.5
1974,2,296.0,40.0,10.0,13.0,16.74,13.15,19.0,3.62,10.0,0.5,0.6,0.5,3.81,8.5,12.7,7.69,20.0,5.6,12.0,0.6,0.6,0.5,3.99,5.18,7.47,5.82,15.0,1.94,12.0,0.6,0.5,0.5,66.8,82.3,94.8,81.6,16.0,13.6,12.0,0.6,0.5,7.63,12.9,18.14,13.09,19.0,5.03,10.0,0.6,0.6,0.5,-5.21,2.24,12.44,3.95,19.0,9.5,10.0,0.6,0.6,0.5,-11.73,-2.95,9.92,-1.15,19.0,9.91,10.0,0.6,0.6,0.5,1003.56,1013.5,1019.81,1012.06,19.0,7.96,10.0,0.6,0.6,0.5,6.2,8.0,8.0,7.3,15.0,1.2,12.0,0.7,0.5,0.4,-35.5,28.9,234.4,74.7,19.0,166.6,10.0,0.6,0.6,0.5,-186.2,-29.6,110.4,-37.3,19.0,154.5,10.0,0.6,0.6,0.5,0.9,5.2,10.43,5.72,19.0,5.32,10.0,0.5,0.6,0.5,21.4,72.2,147.5,86.7,18.0,81.0,10.0,0.6,0.6,0.5,1.59,3.83,6.02,3.71,14.0,1.95,12.0,0.6,0.5,0.5,16.9,47.7,79.2,51.1,14.0,30.6,12.0,0.6,0.5,0.5,-67.2,6.3,83.4,5.7,19.0,66.8,10.0,0.6,0.6,0.5,-54.5,-1.4,120.0,23.2,19.0,86.2,10.0,0.6,0.6,0.5,-14.6,11.8,58.2,16.2,15.0,44.9,12.0,0.6,0.5,0.5,-50.1,-8.7,75.0,14.2,15.0,63.0,12.0,0.6,0.5,0.5,-2.4,11.0,60.1,20.6,14.0,33.4,12.0,0.6,0.5,0.5,-49.4,-11.5,17.4,-6.3,14.0,46.2,12.0,0.6,0.5,0.5,444.5,2146.5,5979.5,3198.5,19.0,3153.0,10.0,0.6,0.6,0.5,445.0,2145.0,5980.0,3200.0,19.0,3155.0,10.0,0.6,0.6,0.5
1974,2,296.0,41.0,7.9,10.0,12.98,10.58,13.0,2.8,12.0,0.7,0.6,0.4,1.56,3.65,9.78,5.04,14.0,4.14,12.0,0.7,0.6,0.4,3.65,4.22,6.86,4.97,8.0,1.84,14.0,0.5,0.5,0.5,70.8,84.6,94.9,83.1,8.0,13.3,14.0,0.5,0.5,8.2,11.8,18.19,12.42,13.0,4.58,12.0,0.7,0.6,0.4,-1.52,6.89,15.32,6.53,13.0,8.71,12.0,0.7,0.6,0.4,-9.64,-6.28,4.37,-4.06,13.0,6.93,12.0,0.7,0.6,0.4,1002.71,1010.35,1015.79,1009.59,14.0,7.01,12.0,0.7,0.6,0.4,6.9,8.0,8.0,7.3,13.0,1.2,12.0,0.8,0.6,0.4,-12.2,62.0,306.4,107.0,13.0,145.7,12.0,0.7,0.6,0.4,-131.8,-51.5,53.5,-58.6,13.0,106.5,12.0,0.7,0.6,0.4,2.95,6.0,7.84,5.45,13.0,3.59,12.0,0.7,0.6,0.4,31.2,62.5,106.3,62.7,12.0,40.8,12.0,0.7,0.6,0.4,2.22,3.05,5.0,3.34,7.0,1.52,14.0,0.4,0.5,0.5,20.8,42.1,46.4,34.8,7.0,13.8,14.0,0.4,0.5,0.5,-0.3,17.4,57.8,23.3,13.0,64.1,12.0,0.7,0.6,0.4,-38.9,-9.9,54.2,-2.4,13.0,48.5,12.0,0.7,0.6,0.4,-4.8,19.6,63.4,18.8,8.0,51.8,14.0,0.5,0.5,0.5,-30.4,-13.5,40.4,-0.1,8.0,35.7,14.0,0.5,0.5,0.5,-9.6,7.2,17.3,3.6,7.0,26.9,14.0,0.4,0.5,0.5,-44.2,0.0,16.9,-9.3,7.0,27.6,14.0,0.4,0.5,0.5,551.5,1643.0,6039.5,2686.0,13.0,2812.0,12.0,0.7,0.6,0.4,550.0,1645.0,6040.0,2685.0,13.0,2810.0,12.0,0.7,0.6,0.4
1974,2,296.0,42.0,1.95,6.0,7.41,5.6,11.0,3.09,16.0,0.6,0.6,0.4,-1.23,0.65,5.67,1.77,18.0,3.71,18.0,0.6,0.6,0.4,2.56,3.63,5.46,3.97,10.0,1.53,16.0,0.6,0.5,0.3,64.3,78.5,89.3,76.7,10.0,14.0,16.0,0.6,0.3,3.58,9.65,17.73,10.55,18.0,7.68,16.0,0.6,0.6,0.4,-1.44,3.69,13.58,5.16,18.0,9.73,16.0,0.6,0.6,0.4,-9.23,-3.81,0.0,-3.91,18.0,6.15,16.0,0.6,0.6,0.4,1003.94,1012.1,1029.36,1015.74,19.0,11.17,16.0,0.6,0.6,0.4,2.0,7.0,8.0,5.9,19.0,2.9,16.0,0.6,0.6,0.4,-20.0,17.8,250.3,100.9,18.0,219.3,16.0,0.6,0.6,0.4,-126.1,-27.3,0.0,-58.3,18.0,109.6,16.0,0.6,0.6,0.4,0.52,6.0,9.12,4.86,11.0,4.9,16.0,0.6,0.6,0.4,-0.3,25.4,61.5,40.7,11.0,82.3,16.0,0.6,0.6,0.4,1.14,1.82,2.71,1.86,6.0,1.82,12.0,0.7,0.5,0.3,0.7,16.8,57.4,30.3,6.0,45.9,12.0,0.7,0.5,0.3,-9.7,0.7,12.9,1.9,17.0,31.5,18.0,0.6,0.6,0.4,-15.2,0.0,3.3,0.6,17.0,40.1,18.0,0.6,0.6,0.4,-18.0,16.8,44.3,16.7,10.0,40.4,16.0,0.6,0.5,0.3,-36.4,-21.0,4.0,-9.4,10.0,38.9,16.0,0.6,0.5,0.3,3.1,8.7,48.1,27.3,6.0,41.6,12.0,0.7,0.5,0.3,-29.7,-16.9,-2.6,-16.8,6.0,15.8,12.0,0.7,0.5,0.3,50.0,902.0,6272.5,3238.5,18.0,5469.0,16.0,0.6,0.6,0.4,50.0,900.0,6275.0,3240.0,18.0,5470.0,16.0,0.6,0.6,0.4
1974,2,296.0,43.0,1.0,2.0,2.4,1.81,12.0,1.07,12.0,0.2,0.6,0.4,-2.51,2.7,5.01,1.58,16.0,3.65,14.0,0.3,0.6,0.5,3.1,3.97,4.66,3.87,8.0,0.9,16.0,0.3,0.6,0.4,73.6,88.1,91.8,84.0,8.0,11.1,16.0,0.3,0.4,5.42,8.2,14.59,9.02,17.0,4.71,16.0,0.2,0.6,0.5,-5.51,0.0,8.75,0.75,17.0,6.55,16.0,0.2,0.6,0.5,-5.28,3.35,7.81,1.68,17.0,7.88,16.0,0.2,0.6,0.5,1001.86,1010.5,1021.51,1010.31,17.0,9.71,16.0,0.2,0.6,0.5,1.1,4.0,8.0,4.7,14.0,3.2,16.0,0.3,0.6,0.5,-56.9,0.0,106.7,15.7,17.0,82.8,16.0,0.2,0.6,0.5,-43.3,22.4,89.5,19.9,17.0,107.2,16.0,0.2,0.6,0.5,-3.85,-1.55,4.43,-0.22,12.0,3.86,12.0,0.2,0.6,0.4,-29.9,-11.3,45.2,0.0,12.0,46.2,12.0,0.2,0.6,0.4,-0.35,0.06,1.65,0.45,7.0,1.02,16.0,0.1,0.6,0.4,-2.8,0.7,5.6,4.4,7.0,12.3,16.0,0.1,0.6,0.4,-21.6,-2.7,12.1,-3.3,16.0,24.6,14.0,0.3,0.6,0.5,-7.0,16.6,33.8,15.5,16.0,29.5,14.0,0.3,0.6,0.5,-27.7,-5.1,0.0,-7.0,8.0,25.1,16.0,0.3,0.6,0.4,-14.4,8.4,34.1,6.0,8.0,27.6,16.0,0.3,0.6,0.4,-3.1,-0.6,0.9,-1.9,7.0,4.2,16.0,0.1,0.6,0.4,-5.9,-1.7,0.0,-5.2,7.0,11.0,16.0,0.1,0.6,0.4,161.0,551.5,3131.0,1301.5,17.0,1521.5,16.0,0.2,0.6,0.5,160.0,550.0,3130.0,1300.0,17.0,1520.0,16.0,0.2,0.6,0.5
1974,2,296.0,44.0,0.0,1.4,4.73,1.98,29.0,1.96,10.0,0.5,0.5,0.3,-7.0,-3.8,0.14,-3.51,80.0,4.44,14.0,0.6,0.5,0.5,1.95,2.5,3.24,2.7,22.0,0.96,10.0,0.6,0.5,0.3,71.3,83.4,88.8,82.0,22.0,9.0,10.0,0.6,0.3,3.6,7.95,13.9,9.0,80.0,5.05,14.0,0.6,0.5,0.5,-3.46,3.25,10.2,3.43,80.0,6.9,14.0,0.6,0.5,0.5,-7.58,-1.95,5.1,-1.86,80.0,6.66,14.0,0.6,0.5,0.5,998.21,1011.8,1017.15,1008.85,81.0,10.4,14.0,0.6,0.5,0.5,1.0,7.0,8.0,5.3,68.0,2.9,14.0,0.6,0.5,0.5,-16.5,14.1,146.3,45.6,80.0,97.3,14.0,0.6,0.5,0.5,-97.5,-7.4,36.0,-30.4,80.0,102.0,14.0,0.6,0.5,0.5,0.92,5.6,9.85,4.91,29.0,4.84,10.0,0.5,0.5,0.3,5.5,31.2,114.5,49.4,29.0,55.9,10.0,0.5,0.5,0.3,0.52,1.48,2.44,1.51,22.0,1.31,10.0,0.6,0.5,0.3,4.8,9.6,37.7,16.6,22.0,17.5,10.0,0.6,0.5,0.3,-52.0,-7.9,9.8,-19.9,79.0,40.0,14.0,0.6,0.5,0.5,-2.3,8.9,47.8,20.1,79.0,27.6,14.0,0.6,0.5,0.5,-3.3,10.9,22.7,10.4,22.0,16.3,10.0,0.6,0.5,0.3,-14.9,-3.0,27.7,0.0,22.0,21.7,10.0,0.6,0.5,0.3,0.0,7.2,22.3,9.0,22.0,15.8,10.0,0.6,0.5,0.3,-16.9,-3.7,1.5,-7.7,22.0,14.1,10.0,0.6,0.5,0.3,46.5,504.0,2685.5,1469.0,80.0,2132.5,14.0,0.6,0.5,0.5,45.0,505.0,2685.0,1470.0,80.0,2130.0,14.0,0.6,0.5,0.5
1974,2,296.0,45.0,,,,,,,,,,,,,,,,,,,,,,,,,,,,,,,,,,,,,,,,8.7,8.7,8.7,8.7,1.0,0.0,8.0,1.0,0.8,0.9,7.53,7.53,7.53,7.53,1.0,0.0,8.0,1.0,0.8,0.9,-4.35,-4.35,-4.35,-4.35,1.0,0.0,8.0,1.0,0.8,0.9,1008.1,1008.1,1008.1,1008.1,1.0,0.0,8.0,1.0,0.8,0.9,1.0,1.0,1.0,1.0,1.0,0.0,8.0,1.0,0.8,0.9,65.5,65.5,65.5,65.5,1.0,0.0,8.0,1.0,0.8,0.9,-37.8,-37.8,-37.8,-37.8,1.0,0.0,8.0,1.0,0.8,0.9,,,,,,,,,,,,,,,,,,,,,,,,,,,,,,,,,,,,,,,,,-70.1,-70.1,-70.1,-70.1,1.0,0.0,8.0,1.0,0.8,0.9,40.5,40.5,40.5,40.5,1.0,0.0,8.0,1.0,0.8,0.9,8.2,8.2,8.2,8.2,1.0,0.0,8.0,1.0,0.8,0.9,-4.8,-4.8,-4.8,-4.8,1.0,0.0,8.0,1.0,0.8,0.9,,,,,,,,,,,,,,,,,,,,,,,,,,,,,,,,,,,,,,,,
1974,2,296.0,46.0,-1.27,-1.2,-1.13,-1.2,2.0,0.14,18.0,1.0,0.9,0.1,-8.43,-5.05,1.25,-3.83,12.0,4.5,22.0,0.8,0.7,0.0,1.72,2.37,3.53,2.52,12.0,0.82,22.0,0.8,0.7,0.0,74.9,89.4,93.3,85.8,12.0,8.8,22.0,0.8,0.0,4.85,8.35,11.05,8.08,12.0,3.16,22.0,0.8,0.7,0.0,-2.66,1.48,5.71,1.84,12.0,5.45,22.0,0.8,0.7,0.0,-5.85,-1.34,7.52,0.04,12.0,6.91,22.0,0.8,0.7,0.0,1006.5,1021.7,1025.38,1018.04,12.0,8.8,22.0,0.8,0.7,0.0,1.0,2.0,8.0,3.5,11.0,3.2,22.0,0.9,0.7,0.0,-22.5,5.3,53.6,18.4,12.0,62.7,22.0,0.8,0.7,0.0,-49.8,-4.2,61.5,-2.3,12.0,65.5,22.0,0.8,0.7,0.0,-2.81,1.25,5.31,1.25,2.0,8.41,18.0,1.0,0.9,0.1,-5.4,34.5,74.3,34.5,2.0,82.6,18.0,1.0,0.9,0.1,0.26,0.91,1.57,0.91,2.0,1.36,18.0,1.0,0.9,0.1,3.6,12.0,20.3,12.0,2.0,17.3,18.0,1.0,0.9,0.1,-35.5,-5.1,9.1,-15.3,12.0,42.6,22.0,0.8,0.7,0.0,6.5,15.3,44.7,18.5,12.0,26.2,22.0,0.8,0.7,0.0,-10.2,2.9,14.0,2.6,12.0,11.5,22.0,0.8,0.7,0.0,-11.7,-2.4,24.4,3.3,12.0,19.1,22.0,0.8,0.7,0.0,3.7,12.0,20.3,12.0,2.0,17.2,18.0,1.0,0.9,0.1,-0.2,-0.1,0.0,-0.1,2.0,0.2,18.0,1.0,0.9,0.1,116.5,585.5,1357.0,745.0,12.0,676.0,22.0,0.8,0.7,0.0,115.0,585.0,1355.0,745.0,12.0,675.0,22.0,0.8,0.7,0.0
1974,2,296.0,48.0,-1.65,-1.6,-1.6,-1.62,4.0,0.05,4.0,1.0,0.8,0.3,-15.28,-12.0,-7.36,-11.35,4.0,5.94,4.0,1.0,0.8,0.3,1.01,1.16,2.14,1.56,3.0,0.9,4.0,1.0,0.8,0.4,65.9,72.2,83.4,74.6,3.0,13.0,4.0,1.0,0.4,6.27,15.45,20.6,13.53,4.0,8.75,4.0,1.0,0.8,0.3,1.7,4.36,10.72,6.13,4.0,6.79,4.0,1.0,0.8,0.3,-14.88,-5.76,5.7,-4.64,4.0,13.99,4.0,1.0,0.8,0.3,989.48,1005.35,1012.57,1001.23,4.0,14.89,4.0,1.0,0.8,0.3,3.5,4.0,5.6,4.5,4.0,1.7,4.0,1.0,0.8,0.3,25.3,63.4,205.4,113.0,4.0,144.8,4.0,1.0,0.8,0.3,-262.7,-49.3,139.7,-60.9,4.0,284.4,4.0,1.0,0.8,0.3,5.76,10.35,13.63,9.73,4.0,5.93,4.0,1.0,0.8,0.3,40.7,76.3,160.4,99.4,4.0,78.2,4.0,1.0,0.8,0.3,1.26,2.31,2.41,1.84,3.0,0.93,4.0,1.0,0.8,0.4,18.9,25.2,40.5,29.6,3.0,16.2,4.0,1.0,0.8,0.4,-126.3,-38.2,-6.0,-64.9,4.0,83.5,4.0,1.0,0.8,0.3,-58.3,58.8,91.8,18.6,4.0,117.8,4.0,1.0,0.8,0.3,6.2,9.3,15.5,10.8,3.0,6.9,4.0,1.0,0.8,0.4,-38.5,-8.3,7.9,-15.2,3.0,34.5,4.0,1.0,0.8,0.4,5.9,12.6,28.9,17.3,3.0,17.3,4.0,1.0,0.8,0.4,-19.9,-15.7,15.9,-2.3,3.0,28.7,4.0,1.0,0.8,0.4,529.5,4917.5,8742.0,4648.5,4.0,4747.0,4.0,1.0,0.8,0.3,530.0,4915.0,8740.0,4650.0,4.0,4745.0,4.0,1.0,0.8,0.3
1974,2,296.0,49.0,-1.64,-1.0,-0.57,-1.04,5.0,0.68,6.0,0.8,0.6,0.1,-11.26,-9.4,8.1,-4.77,7.0,10.19,6.0,0.9,0.7,0.1,1.35,1.4,1.47,1.41,4.0,0.08,6.0,1.0,0.7,0.1,73.2,84.6,93.0,83.2,4.0,11.6,6.0,1.0,0.1,13.62,16.5,22.53,16.61,8.0,6.58,6.0,0.9,0.7,0.1,11.76,14.51,21.18,14.67,8.0,6.27,6.0,0.9,0.7,0.1,-10.59,-6.43,-2.72,-5.3,8.0,6.43,6.0,0.9,0.7,0.1,988.38,1000.9,1004.19,998.7,8.0,10.9,6.0,0.9,0.7,0.1,7.8,8.0,8.0,7.8,6.0,0.4,6.0,0.8,0.6,0.2,162.8,227.6,479.6,279.2,8.0,185.2,6.0,0.9,0.7,0.1,-185.4,-100.3,-15.5,-104.0,8.0,138.4,6.0,0.9,0.7,0.1,2.32,8.5,10.04,5.84,5.0,7.75,6.0,0.8,0.6,0.1,60.8,139.4,164.8,112.8,5.0,85.8,6.0,0.8,0.6,0.1,1.94,2.08,2.18,2.06,4.0,0.15,6.0,1.0,0.7,0.1,28.9,32.5,36.9,32.9,4.0,4.7,6.0,1.0,0.7,0.1,-212.7,-119.8,27.3,-94.6,7.0,142.7,6.0,0.9,0.7,0.1,27.4,77.0,96.2,61.3,7.0,44.6,6.0,0.9,0.7,0.1,17.0,20.2,23.0,20.0,4.0,3.4,6.0,1.0,0.7,0.1,-12.3,-9.0,-6.1,-9.2,4.0,4.4,6.0,1.0,0.7,0.1,26.6,28.7,31.5,29.0,4.0,3.7,6.0,1.0,0.7,0.1,-19.5,-13.4,-8.5,-14.0,4.0,7.9,6.0,1.0,0.7,0.1,2544.5,4504.5,11606.0,6358.0,8.0,5751.0,6.0,0.9,0.7,0.1,2545.0,4505.0,11605.0,6360.0,8.0,5750.0,6.0,0.9,0.7,0.1
1974,2,297.0,-65.0,0.47,1.4,2.73,1.51,8.0,1.04,14.0,0.8,0.2,0.2,2.0,3.0,5.29,3.44,9.0,1.74,16.0,0.8,0.2,0.2,3.8,3.8,3.8,3.8,1.0,0.0,18.0,0.0,0.9,0.6,82.3,82.3,82.3,82.3,1.0,0.0,18.0,0.0,0.6,0.21,2.85,5.73,3.09,10.0,2.4,16.0,0.7,0.2,0.2,-1.14,0.0,0.0,-0.57,10.0,1.59,16.0,0.7,0.2,0.2,-4.24,-1.09,0.0,-1.28,10.0,3.42,16.0,0.7,0.2,0.2,979.71,984.15,987.06,984.34,10.0,7.39,16.0,0.7,0.2,0.2,1.0,6.5,8.0,4.9,10.0,3.5,16.0,0.7,0.2,0.2,-3.0,0.0,0.0,-2.4,10.0,6.8,16.0,0.7,0.2,0.2,-19.0,-2.3,0.0,-4.7,10.0,19.9,16.0,0.7,0.2,0.2,-3.49,-3.0,-0.19,-2.19,7.0,2.06,14.0,0.9,0.2,0.2,-9.5,-1.6,0.0,-5.0,7.0,5.6,14.0,0.9,0.2,0.2,0.75,0.75,0.75,0.75,1.0,0.0,18.0,0.0,0.9,0.6,4.7,4.7,4.7,4.7,1.0,0.0,18.0,0.0,0.9,0.6,-3.4,0.0,0.0,-1.3,9.0,4.1,16.0,0.8,0.2,0.2,-13.8,-9.0,0.0,-5.9,9.0,9.3,16.0,0.8,0.2,0.2,0.0,0.0,0.0,0.0,1.0,0.0,18.0,0.0,0.9,0.6,-23.6,-23.6,-23.6,-23.6,1.0,0.0,18.0,0.0,0.9,0.6,0.0,0.0,0.0,0.0,1.0,0.0,18.0,0.0,0.9,0.6,-4.7,-4.7,-4.7,-4.7,1.0,0.0,18.0,0.0,0.9,0.6,0.0,23.5,193.0,77.0,10.0,96.0,16.0,0.7,0.2,0.2,0.0,25.0,195.0,75.0,10.0,95.0,16.0,0.7,0.2,0.2
1974,2,297.0,-64.0,0.0,0.5,1.79,0.88,4.0,1.18,16.0,1.0,0.6,0.5,2.0,2.0,4.1,3.0,4.0,2.0,16.0,1.0,0.6,0.5,4.33,4.47,4.6,4.47,4.0,0.21,16.0,1.0,0.6,0.5,86.8,96.5,100.0,93.5,4.0,8.9,16.0,1.0,0.5,3.84,5.4,9.63,6.68,4.0,3.99,16.0,1.0,0.6,0.5,3.47,3.73,4.04,3.75,4.0,0.37,16.0,1.0,0.6,0.5,-8.82,-2.9,0.73,-3.99,4.0,5.93,16.0,1.0,0.6,0.5,983.32,988.85,998.57,990.85,4.0,11.79,16.0,1.0,0.6,0.5,5.3,8.0,8.0,6.7,3.0,2.3,14.0,1.0,0.5,0.6,14.3,19.1,37.8,25.7,4.0,17.8,16.0,1.0,0.6,0.5,-93.0,-19.4,3.0,-43.8,4.0,68.5,16.0,1.0,0.6,0.5,-2.79,-2.0,-1.48,-2.12,4.0,1.03,16.0,1.0,0.6,0.5,-18.1,-10.2,-7.7,-12.8,4.0,7.4,16.0,1.0,0.6,0.5,-0.6,-0.38,-0.08,-0.34,4.0,0.31,16.0,1.0,0.6,0.5,-2.3,-1.6,-0.5,-1.4,4.0,1.1,16.0,1.0,0.6,0.5,7.4,8.1,14.5,10.9,4.0,6.2,16.0,1.0,0.6,0.5,-29.2,-11.6,1.5,-13.8,4.0,18.2,16.0,1.0,0.6,0.5,15.9,16.7,17.5,16.7,4.0,0.9,16.0,1.0,0.6,0.5,-38.5,-13.7,3.3,-17.4,4.0,25.4,16.0,1.0,0.6,0.5,-2.2,-1.4,-0.3,-1.3,4.0,1.2,16.0,1.0,0.6,0.5,-0.4,0.0,0.5,0.0,4.0,0.7,16.0,1.0,0.6,0.5,57.5,185.0,1118.0,569.5,4.0,868.5,16.0,1.0,0.6,0.5,55.0,185.0,1120.0,570.0,4.0,870.0,16.0,1.0,0.6,0.5
1974,2,297.0,-63.0,0.32,1.0,1.68,1.0,2.0,1.41,14.0,1.0,0.9,0.7,2.16,2.5,2.84,2.5,2.0,0.71,14.0,1.0,0.9,0.7,4.03,4.21,4.38,4.21,2.0,0.36,14.0,1.0,0.9,0.7,86.7,92.1,97.5,92.1,2.0,11.2,14.0,1.0,0.7,9.95,11.35,12.75,11.35,2.0,2.9,14.0,1.0,0.9,0.7,8.77,10.32,11.87,10.32,2.0,3.21,14.0,1.0,0.9,0.7,4.59,4.62,4.64,4.62,2.0,0.05,14.0,1.0,0.9,0.7,993.49,1001.0,1008.51,1001.0,2.0,15.56,14.0,1.0,0.9,0.7,8.0,8.0,8.0,8.0,2.0,0.0,14.0,1.0,0.9,0.7,89.8,121.8,153.8,121.8,2.0,66.3,14.0,1.0,0.9,0.7,46.1,52.3,58.5,52.3,2.0,12.8,14.0,1.0,0.9,0.7,-1.84,-1.5,-1.16,-1.5,2.0,0.71,14.0,1.0,0.9,0.7,-24.0,-18.0,-12.1,-18.0,2.0,12.4,14.0,1.0,0.9,0.7,-0.44,-0.09,0.26,-0.09,2.0,0.72,14.0,1.0,0.9,0.7,-6.1,-2.1,2.0,-2.1,2.0,8.4,14.0,1.0,0.9,0.7,24.3,24.7,25.0,24.7,2.0,0.7,14.0,1.0,0.9,0.7,9.9,11.6,13.2,11.6,2.0,3.4,14.0,1.0,0.9,0.7,35.7,44.0,52.4,44.0,2.0,17.3,14.0,1.0,0.9,0.7,18.7,19.4,20.1,19.4,2.0,1.5,14.0,1.0,0.9,0.7,-5.8,-2.1,1.6,-2.1,2.0,7.7,14.0,1.0,0.9,0.7,-2.0,-0.4,1.2,-0.4,2.0,3.3,14.0,1.0,0.9,0.7,1058.5,1605.0,2152.0,1605.0,2.0,1132.5,14.0,1.0,0.9,0.7,1060.0,1605.0,2150.0,1605.0,2.0,1135.0,14.0,1.0,0.9,0.7
1974,2,297.0,-62.0,2.0,2.0,2.0,2.0,1.0,0.0,10.0,1.0,0.3,0.5,2.0,2.0,2.0,2.0,1.0,0.0,10.0,1.0,0.3,0.5,4.06,4.06,4.06,4.06,1.0,0.0,10.0,1.0,0.3,0.5,93.1,93.1,93.1,93.1,1.0,0.0,10.0,1.0,0.5,11.3,11.3,11.3,11.3,1.0,0.0,10.0,1.0,0.3,0.5,9.79,9.79,9.79,9.79,1.0,0.0,10.0,1.0,0.3,0.5,5.65,5.65,5.65,5.65,1.0,0.0,10.0,1.0,0.3,0.5,1012.4,1012.4,1012.4,1012.4,1.0,0.0,10.0,1.0,0.3,0.5,8.0,8.0,8.0,8.0,1.0,0.0,10.0,1.0,0.3,0.5,110.6,110.6,110.6,110.6,1.0,0.0,10.0,1.0,0.3,0.5,63.8,63.8,63.8,63.8,1.0,0.0,10.0,1.0,0.3,0.5,0.0,0.0,0.0,0.0,1.0,0.0,10.0,1.0,0.3,0.5,0.0,0.0,0.0,0.0,1.0,0.0,10.0,1.0,0.3,0.5,0.3,0.3,0.3,0.3,1.0,0.0,10.0,1.0,0.3,0.5,3.4,3.4,3.4,3.4,1.0,0.0,10.0,1.0,0.3,0.5,19.6,19.6,19.6,19.6,1.0,0.0,10.0,1.0,0.3,0.5,11.3,11.3,11.3,11.3,1.0,0.0,10.0,1.0,0.3,0.5,39.8,39.8,39.8,39.8,1.0,0.0,10.0,1.0,0.3,0.5,23.0,23.0,23.0,23.0,1.0,0.0,10.0,1.0,0.3,0.5,3.0,3.0,3.0,3.0,1.0,0.0,10.0,1.0,0.3,0.5,1.7,1.7,1.7,1.7,1.0,0.0,10.0,1.0,0.3,0.5,1443.0,1443.0,1443.0,1443.0,1.0,0.0,10.0,1.0,0.3,0.5,1445.0,1445.0,1445.0,1445.0,1.0,0.0,10.0,1.0,0.3,0.5
1974,2,297.0,-61.0,,,,,,,,,,,,,,,,,,,,,,,,,,,,,,,,,,,,,,,,9.0,9.0,9.0,9.0,1.0,0.0,24.0,1.0,0.3,1.0,5.79,5.79,5.79,5.79,1.0,0.0,24.0,1.0,0.3,1.0,-6.89,-6.89,-6.89,-6.89,1.0,0.0,24.0,1.0,0.3,1.0,993.8,993.8,993.8,993.8,1.0,0.0,24.0,1.0,0.3,1.0,,,,,,,,,,,,,,,,,,,,,,,,,,,,,,,,,,,,,,,,,,,,,,,,,,,,,,,,,,,,,,,,,,,,,,,,,,,,,,,,,,,,,,,,,,,,,,,,,,,,,,,,,,,,,,,,,,,,,,,,,,,,,,,,,,,,,,,,,,,,,,,,,,,,,,
1974,2,297.0,-54.0,7.6,7.6,7.6,7.6,1.0,0.0,8.0,0.0,0.5,0.5,9.2,9.2,9.2,9.2,1.0,0.0,8.0,0.0,0.5,0.5,6.33,6.33,6.33,6.33,1.0,0.0,8.0,0.0,0.5,0.5,87.9,87.9,87.9,87.9,1.0,0.0,8.0,0.0,0.5,4.6,4.6,4.6,4.6,1.0,0.0,8.0,0.0,0.5,0.5,4.53,4.53,4.53,4.53,1.0,0.0,8.0,0.0,0.5,0.5,-0.8,-0.8,-0.8,-0.8,1.0,0.0,8.0,0.0,0.5,0.5,1012.6,1012.6,1012.6,1012.6,1.0,0.0,8.0,0.0,0.5,0.5,7.0,7.0,7.0,7.0,1.0,0.0,8.0,0.0,0.5,0.5,20.8,20.8,20.8,20.8,1.0,0.0,8.0,0.0,0.5,0.5,-3.7,-3.7,-3.7,-3.7,1.0,0.0,8.0,0.0,0.5,0.5,-1.6,-1.6,-1.6,-1.6,1.0,0.0,8.0,0.0,0.5,0.5,-7.4,-7.4,-7.4,-7.4,1.0,0.0,8.0,0.0,0.5,0.5,0.13,0.13,0.13,0.13,1.0,0.0,8.0,0.0,0.5,0.5,0.6,0.6,0.6,0.6,1.0,0.0,8.0,0.0,0.5,0.5,41.7,41.7,41.7,41.7,1.0,0.0,8.0,0.0,0.5,0.5,-7.3,-7.3,-7.3,-7.3,1.0,0.0,8.0,0.0,0.5,0.5,28.7,28.7,28.7,28.7,1.0,0.0,8.0,0.0,0.5,0.5,-5.1,-5.1,-5.1,-5.1,1.0,0.0,8.0,0.0,0.5,0.5,0.6,0.6,0.6,0.6,1.0,0.0,8.0,0.0,0.5,0.5,-0.1,-0.1,-0.1,-0.1,1.0,0.0,8.0,0.0,0.5,0.5,97.5,97.5,97.5,97.5,1.0,0.0,8.0,0.0,0.5,0.5,95.0,95.0,95.0,95.0,1.0,0.0,8.0,0.0,0.5,0.5
1974,2,297.0,-53.0,8.16,8.5,8.84,8.5,2.0,0.71,18.0,0.5,0.4,0.7,9.52,10.0,10.48,10.0,2.0,0.99,18.0,0.5,0.4,0.7,6.58,6.58,6.58,6.58,1.0,0.0,22.0,1.0,0.3,1.0,82.3,82.3,82.3,82.3,1.0,0.0,22.0,1.0,1.0,0.57,1.8,3.03,1.8,2.0,2.55,18.0,0.5,0.4,0.7,0.54,1.69,2.85,1.69,2.0,2.39,18.0,0.5,0.4,0.7,0.2,0.62,1.04,0.62,2.0,0.87,18.0,0.5,0.4,0.7,1009.27,1012.0,1014.73,1012.0,2.0,5.66,18.0,0.5,0.4,0.7,4.2,4.5,4.8,4.5,2.0,0.7,18.0,0.5,0.4,0.7,1.9,6.1,10.2,6.1,2.0,8.6,18.0,0.5,0.4,0.7,0.7,2.2,3.7,2.2,2.0,3.1,18.0,0.5,0.4,0.7,-2.32,-1.5,-0.68,-1.5,2.0,1.7,18.0,0.5,0.4,0.7,-0.9,-0.5,-0.2,-0.5,2.0,0.8,18.0,0.5,0.4,0.7,0.09,0.09,0.09,0.09,1.0,0.0,22.0,1.0,0.3,1.0,0.0,0.0,0.0,0.0,1.0,0.0,22.0,1.0,0.3,1.0,5.0,15.7,26.5,15.7,2.0,22.2,18.0,0.5,0.4,0.7,1.8,5.7,9.6,5.7,2.0,8.1,18.0,0.5,0.4,0.7,0.0,0.0,0.0,0.0,1.0,0.0,22.0,1.0,0.3,1.0,0.0,0.0,0.0,0.0,1.0,0.0,22.0,1.0,0.3,1.0,0.0,0.0,0.0,0.0,1.0,0.0,22.0,1.0,0.3,1.0,0.0,0.0,0.0,0.0,1.0,0.0,22.0,1.0,0.3,1.0,7.5,23.5,39.5,23.5,2.0,33.0,18.0,0.5,0.4,0.7,5.0,25.0,40.0,25.0,2.0,35.0,18.0,0.5,0.4,0.7
1974,2,297.0,-52.0,12.0,12.0,12.0,12.0,1.0,0.0,22.0,1.0,0.2,0.2,12.5,12.5,12.5,12.5,1.0,0.0,22.0,1.0,0.2,0.2,8.47,8.47,8.47,8.47,1.0,0.0,22.0,1.0,0.2,0.2,93.6,93.6,93.6,93.6,1.0,0.0,22.0,1.0,0.2,2.6,2.6,2.6,2.6,1.0,0.0,22.0,1.0,0.2,0.2,-1.3,-1.3,-1.3,-1.3,1.0,0.0,22.0,1.0,0.2,0.2,-2.25,-2.25,-2.25,-2.25,1.0,0.0,22.0,1.0,0.2,0.2,1005.0,1005.0,1005.0,1005.0,1.0,0.0,22.0,1.0,0.2,0.2,8.0,8.0,8.0,8.0,1.0,0.0,22.0,1.0,0.2,0.2,-3.4,-3.4,-3.4,-3.4,1.0,0.0,22.0,1.0,0.2,0.2,-5.9,-5.9,-5.9,-5.9,1.0,0.0,22.0,1.0,0.2,0.2,-0.5,-0.5,-0.5,-0.5,1.0,0.0,22.0,1.0,0.2,0.2,-1.3,-1.3,-1.3,-1.3,1.0,0.0,22.0,1.0,0.2,0.2,0.29,0.29,0.29,0.29,1.0,0.0,22.0,1.0,0.2,0.2,0.7,0.7,0.7,0.7,1.0,0.0,22.0,1.0,0.2,0.2,-16.2,-16.2,-16.2,-16.2,1.0,0.0,22.0,1.0,0.2,0.2,-28.1,-28.1,-28.1,-28.1,1.0,0.0,22.0,1.0,0.2,0.2,-11.0,-11.0,-11.0,-11.0,1.0,0.0,22.0,1.0,0.2,0.2,-19.1,-19.1,-19.1,-19.1,1.0,0.0,22.0,1.0,0.2,0.2,-0.4,-0.4,-0.4,-0.4,1.0,0.0,22.0,1.0,0.2,0.2,-0.6,-0.6,-0.6,-0.6,1.0,0.0,22.0,1.0,0.2,0.2,17.5,17.5,17.5,17.5,1.0,0.0,22.0,1.0,0.2,0.2,20.0,20.0,20.0,20.0,1.0,0.0,22.0,1.0,0.2,0.2
1974,2,297.0,-51.0,,,,,,,,,,,,,,,,,,,,,,,,,,,,,,,,,,,,,,,,4.1,4.1,4.1,4.1,1.0,0.0,26.0,0.0,1.0,0.2,3.14,3.14,3.14,3.14,1.0,0.0,26.0,0.0,1.0,0.2,-2.64,-2.64,-2.64,-2.64,1.0,0.0,26.0,0.0,1.0,0.2,1010.0,1010.0,1010.0,1010.0,1.0,0.0,26.0,0.0,1.0,0.2,1.0,1.0,1.0,1.0,1.0,0.0,26.0,0.0,1.0,0.2,12.9,12.9,12.9,12.9,1.0,0.0,26.0,0.0,1.0,0.2,-10.8,-10.8,-10.8,-10.8,1.0,0.0,26.0,0.0,1.0,0.2,,,,,,,,,,,,,,,,,,,,,,,,,,,,,,,,,,,,,,,,,45.5,45.5,45.5,45.5,1.0,0.0,26.0,0.0,1.0,0.2,-38.2,-38.2,-38.2,-38.2,1.0,0.0,26.0,0.0,1.0,0.2,24.3,24.3,24.3,24.3,1.0,0.0,26.0,0.0,1.0,0.2,-20.4,-20.4,-20.4,-20.4,1.0,0.0,26.0,0.0,1.0,0.2,,,,,,,,,,,,,,,,,,,,,,,,,,,,,,,,,,,,,,,,
1974,2,297.0,-50.0,12.6,12.6,12.6,12.6,1.0,0.0,22.0,0.0,0.7,0.2,13.0,13.0,13.0,13.0,1.0,0.0,22.0,0.0,0.7,0.2,8.72,8.72,8.72,8.72,1.0,0.0,22.0,0.0,0.7,0.2,93.6,93.6,93.6,93.6,1.0,0.0,22.0,0.0,0.2,5.1,5.1,5.1,5.1,1.0,0.0,22.0,0.0,0.7,0.2,2.55,2.55,2.55,2.55,1.0,0.0,22.0,0.0,0.7,0.2,-4.42,-4.42,-4.42,-4.42,1.0,0.0,22.0,0.0,0.7,0.2,1009.4,1009.4,1009.4,1009.4,1.0,0.0,22.0,0.0,0.7,0.2,8.0,8.0,8.0,8.0,1.0,0.0,22.0,0.0,0.7,0.2,13.0,13.0,13.0,13.0,1.0,0.0,22.0,0.0,0.7,0.2,-22.5,-22.5,-22.5,-22.5,1.0,0.0,22.0,0.0,0.7,0.2,-0.4,-0.4,-0.4,-0.4,1.0,0.0,22.0,0.0,0.7,0.2,-2.0,-2.0,-2.0,-2.0,1.0,0.0,22.0,0.0,0.7,0.2,0.35,0.35,0.35,0.35,1.0,0.0,22.0,0.0,0.7,0.2,1.8,1.8,1.8,1.8,1.0,0.0,22.0,0.0,0.7,0.2,33.2,33.2,33.2,33.2,1.0,0.0,22.0,0.0,0.7,0.2,-57.4,-57.4,-57.4,-57.4,1.0,0.0,22.0,0.0,0.7,0.2,22.2,22.2,22.2,22.2,1.0,0.0,22.0,0.0,0.7,0.2,-38.5,-38.5,-38.5,-38.5,1.0,0.0,22.0,0.0,0.7,0.2,0.9,0.9,0.9,0.9,1.0,0.0,22.0,0.0,0.7,0.2,-1.6,-1.6,-1.6,-1.6,1.0,0.0,22.0,0.0,0.7,0.2,132.5,132.5,132.5,132.5,1.0,0.0,22.0,0.0,0.7,0.2,135.0,135.0,135.0,135.0,1.0,0.0,22.0,0.0,0.7,0.2
1974,2,297.0,-48.0,12.0,12.0,12.0,12.0,1.0,0.0,18.0,0.0,0.2,0.5,12.0,12.0,12.0,12.0,1.0,0.0,18.0,0.0,0.2,0.5,8.3,8.3,8.3,8.3,1.0,0.0,18.0,0.0,0.2,0.5,95.5,95.5,95.5,95.5,1.0,0.0,18.0,0.0,0.5,4.6,4.6,4.6,4.6,1.0,0.0,18.0,0.0,0.2,0.5,-2.3,-2.3,-2.3,-2.3,1.0,0.0,18.0,0.0,0.2,0.5,3.98,3.98,3.98,3.98,1.0,0.0,18.0,0.0,0.2,0.5,1012.8,1012.8,1012.8,1012.8,1.0,0.0,18.0,0.0,0.2,0.5,8.0,8.0,8.0,8.0,1.0,0.0,18.0,0.0,0.2,0.5,-10.6,-10.6,-10.6,-10.6,1.0,0.0,18.0,0.0,0.2,0.5,18.3,18.3,18.3,18.3,1.0,0.0,18.0,0.0,0.2,0.5,0.0,0.0,0.0,0.0,1.0,0.0,18.0,0.0,0.2,0.5,0.0,0.0,0.0,0.0,1.0,0.0,18.0,0.0,0.2,0.5,0.4,0.4,0.4,0.4,1.0,0.0,18.0,0.0,0.2,0.5,1.8,1.8,1.8,1.8,1.0,0.0,18.0,0.0,0.2,0.5,-27.6,-27.6,-27.6,-27.6,1.0,0.0,18.0,0.0,0.2,0.5,47.8,47.8,47.8,47.8,1.0,0.0,18.0,0.0,0.2,0.5,-19.1,-19.1,-19.1,-19.1,1.0,0.0,18.0,0.0,0.2,0.5,33.1,33.1,33.1,33.1,1.0,0.0,18.0,0.0,0.2,0.5,-0.9,-0.9,-0.9,-0.9,1.0,0.0,18.0,0.0,0.2,0.5,1.6,1.6,1.6,1.6,1.0,0.0,18.0,0.0,0.2,0.5,97.5,97.5,97.5,97.5,1.0,0.0,18.0,0.0,0.2,0.5,95.0,95.0,95.0,95.0,1.0,0.0,18.0,0.0,0.2,0.5
1974,2,297.0,-47.0,12.24,12.75,14.57,13.38,4.0,1.8,16.0,0.3,0.4,0.4,13.19,13.5,13.76,13.48,4.0,0.45,16.0,0.3,0.4,0.4,8.13,8.4,9.12,8.62,4.0,0.68,16.0,0.3,0.4,0.4,83.1,89.0,97.0,90.0,4.0,8.3,16.0,0.3,0.4,3.84,5.4,7.22,5.53,4.0,1.99,16.0,0.3,0.4,0.4,-2.06,-0.9,2.59,0.21,4.0,3.31,16.0,0.3,0.4,0.4,-1.81,3.61,5.04,1.71,4.0,5.46,16.0,0.3,0.4,0.4,1009.44,1012.55,1014.67,1012.08,4.0,3.67,16.0,0.3,0.4,0.4,8.0,8.0,8.0,8.0,3.0,0.0,18.0,0.3,0.5,0.3,-11.1,-3.2,20.0,4.1,4.0,23.6,16.0,0.3,0.4,0.4,-16.8,14.0,31.8,7.8,4.0,36.5,16.0,0.3,0.4,0.4,-1.02,-0.45,0.86,-0.1,4.0,1.49,16.0,0.3,0.4,0.4,-7.6,-2.4,3.6,-2.0,4.0,8.1,16.0,0.3,0.4,0.4,0.0,0.48,1.95,0.96,4.0,1.53,16.0,0.3,0.4,0.4,-0.5,3.0,9.1,4.2,4.0,6.5,16.0,0.3,0.4,0.4,-27.3,-11.6,35.0,3.2,4.0,44.4,16.0,0.3,0.4,0.4,-25.4,48.8,69.0,23.1,4.0,73.8,16.0,0.3,0.4,0.4,-18.9,-7.8,21.0,0.6,4.0,27.8,16.0,0.3,0.4,0.4,-18.7,30.2,41.0,12.0,4.0,48.9,16.0,0.3,0.4,0.4,-0.3,0.4,1.9,0.8,4.0,1.6,16.0,0.3,0.4,0.4,1.5,2.8,8.5,4.9,4.0,5.5,16.0,0.3,0.4,0.4,57.5,185.0,382.5,218.0,4.0,196.0,16.0,0.3,0.4,0.4,55.0,185.0,380.0,220.0,4.0,195.0,16.0,0.3,0.4,0.4
1974,2,297.0,-46.0,15.58,15.75,15.92,15.75,2.0,0.35,22.0,0.5,0.5,0.5,16.16,16.5,16.84,16.5,2.0,0.71,22.0,0.5,0.5,0.5,11.32,11.32,11.32,11.32,1.0,0.0,22.0,1.0,0.4,0.5,100.0,100.0,100.0,100.0,1.0,0.0,22.0,1.0,0.5,7.11,8.0,8.89,8.0,2.0,1.84,22.0,0.5,0.5,0.5,1.48,2.17,2.86,2.17,2.0,1.43,22.0,0.5,0.5,0.5,-8.4,-7.67,-6.94,-7.67,2.0,1.51,22.0,0.5,0.5,0.5,1008.25,1008.8,1009.35,1008.8,2.0,1.13,22.0,0.5,0.5,0.5,0.3,1.0,1.7,1.0,2.0,1.4,22.0,0.5,0.5,0.5,11.3,18.7,26.1,18.7,2.0,15.4,22.0,0.5,0.5,0.5,-75.4,-62.7,-50.1,-62.7,2.0,26.2,22.0,0.5,0.5,0.5,-0.92,-0.75,-0.58,-0.75,2.0,0.35,22.0,0.5,0.5,0.5,-8.4,-6.3,-4.3,-6.3,2.0,4.2,22.0,0.5,0.5,0.5,-0.36,-0.36,-0.36,-0.36,1.0,0.0,22.0,1.0,0.4,0.5,-2.4,-2.4,-2.4,-2.4,1.0,0.0,22.0,1.0,0.4,0.5,24.2,36.3,48.4,36.3,2.0,25.1,22.0,0.5,0.5,0.5,-141.7,-127.1,-112.4,-127.1,2.0,30.4,22.0,0.5,0.5,0.5,13.2,13.2,13.2,13.2,1.0,0.0,22.0,1.0,0.4,0.5,-74.7,-74.7,-74.7,-74.7,1.0,0.0,22.0,1.0,0.4,0.5,-0.4,-0.4,-0.4,-0.4,1.0,0.0,22.0,1.0,0.4,0.5,2.4,2.4,2.4,2.4,1.0,0.0,22.0,1.0,0.4,0.5,380.5,552.5,724.5,552.5,2.0,356.0,22.0,0.5,0.5,0.5,380.0,555.0,725.0,555.0,2.0,355.0,22.0,0.5,0.5,0.5
1974,2,297.0,-45.0,15.5,15.5,15.5,15.5,1.0,0.0,22.0,0.0,0.8,0.5,16.0,16.0,16.0,16.0,1.0,0.0,22.0,0.0,0.8,0.5,11.32,11.32,11.32,11.32,1.0,0.0,22.0,0.0,0.8,0.5,100.0,100.0,100.0,100.0,1.0,0.0,22.0,0.0,0.5,6.7,6.7,6.7,6.7,1.0,0.0,22.0,0.0,0.8,0.5,1.16,1.16,1.16,1.16,1.0,0.0,22.0,0.0,0.8,0.5,-6.6,-6.6,-6.6,-6.6,1.0,0.0,22.0,0.0,0.8,0.5,1009.6,1009.6,1009.6,1009.6,1.0,0.0,22.0,0.0,0.8,0.5,0.0,0.0,0.0,0.0,1.0,0.0,22.0,0.0,0.8,0.5,7.8,7.8,7.8,7.8,1.0,0.0,22.0,0.0,0.8,0.5,-44.2,-44.2,-44.2,-44.2,1.0,0.0,22.0,0.0,0.8,0.5,-0.5,-0.5,-0.5,-0.5,1.0,0.0,22.0,0.0,0.8,0.5,-3.3,-3.3,-3.3,-3.3,1.0,0.0,22.0,0.0,0.8,0.5,-0.36,-0.36,-0.36,-0.36,1.0,0.0,22.0,0.0,0.8,0.5,-2.4,-2.4,-2.4,-2.4,1.0,0.0,22.0,0.0,0.8,0.5,18.6,18.6,18.6,18.6,1.0,0.0,22.0,0.0,0.8,0.5,-105.6,-105.6,-105.6,-105.6,1.0,0.0,22.0,0.0,0.8,0.5,13.2,13.2,13.2,13.2,1.0,0.0,22.0,0.0,0.8,0.5,-74.7,-74.7,-74.7,-74.7,1.0,0.0,22.0,0.0,0.8,0.5,-0.4,-0.4,-0.4,-0.4,1.0,0.0,22.0,0.0,0.8,0.5,2.4,2.4,2.4,2.4,1.0,0.0,22.0,0.0,0.8,0.5,301.0,301.0,301.0,301.0,1.0,0.0,22.0,0.0,0.8,0.5,300.0,300.0,300.0,300.0,1.0,0.0,22.0,0.0,0.8,0.5
1974,2,297.0,-44.0,14.0,14.0,14.0,14.0,1.0,0.0,8.0,0.0,0.4,0.1,13.0,13.0,13.0,13.0,1.0,0.0,8.0,0.0,0.4,0.1,9.33,9.33,9.33,9.33,1.0,0.0,8.0,0.0,0.4,0.1,100.0,100.0,100.0,100.0,1.0,0.0,8.0,0.0,0.1,9.3,9.3,9.3,9.3,1.0,0.0,8.0,0.0,0.4,0.1,-3.18,-3.18,-3.18,-3.18,1.0,0.0,8.0,0.0,0.4,0.1,8.74,8.74,8.74,8.74,1.0,0.0,8.0,0.0,0.4,0.1,1008.0,1008.0,1008.0,1008.0,1.0,0.0,8.0,0.0,0.4,0.1,8.0,8.0,8.0,8.0,1.0,0.0,8.0,0.0,0.4,0.1,-29.6,-29.6,-29.6,-29.6,1.0,0.0,8.0,0.0,0.4,0.1,81.3,81.3,81.3,81.3,1.0,0.0,8.0,0.0,0.4,0.1,1.0,1.0,1.0,1.0,1.0,0.0,8.0,0.0,0.4,0.1,9.3,9.3,9.3,9.3,1.0,0.0,8.0,0.0,0.4,0.1,0.63,0.63,0.63,0.63,1.0,0.0,8.0,0.0,0.4,0.1,5.9,5.9,5.9,5.9,1.0,0.0,8.0,0.0,0.4,0.1,-41.4,-41.4,-41.4,-41.4,1.0,0.0,8.0,0.0,0.4,0.1,113.6,113.6,113.6,113.6,1.0,0.0,8.0,0.0,0.4,0.1,-29.7,-29.7,-29.7,-29.7,1.0,0.0,8.0,0.0,0.4,0.1,81.5,81.5,81.5,81.5,1.0,0.0,8.0,0.0,0.4,0.1,-2.0,-2.0,-2.0,-2.0,1.0,0.0,8.0,0.0,0.4,0.1,5.5,5.5,5.5,5.5,1.0,0.0,8.0,0.0,0.4,0.1,804.5,804.5,804.5,804.5,1.0,0.0,8.0,0.0,0.4,0.1,805.0,805.0,805.0,805.0,1.0,0.0,8.0,0.0,0.4,0.1
1974,2,297.0,-43.0,15.0,16.0,18.78,16.47,15.0,1.77,16.0,0.5,0.6,0.6,14.09,16.5,19.79,16.89,14.0,2.75,14.0,0.5,0.6,0.6,7.11,10.1,11.23,9.49,14.0,2.18,14.0,0.5,0.6,0.6,72.0,76.1,91.1,78.7,14.0,12.2,14.0,0.5,0.6,4.1,6.7,9.3,7.0,15.0,3.15,16.0,0.5,0.6,0.6,-3.7,0.71,5.55,0.75,15.0,4.75,16.0,0.5,0.6,0.6,-5.35,3.18,5.81,1.11,15.0,6.16,16.0,0.5,0.6,0.6,1003.22,1011.0,1022.68,1012.95,15.0,9.65,16.0,0.5,0.6,0.6,4.0,7.0,8.0,6.3,15.0,2.1,16.0,0.5,0.6,0.6,-26.5,2.9,42.3,5.0,15.0,43.7,16.0,0.5,0.6,0.6,-46.1,16.6,39.4,7.2,15.0,62.8,16.0,0.5,0.6,0.6,-1.5,-0.65,1.06,-0.6,14.0,2.22,14.0,0.5,0.6,0.6,-18.2,-2.7,7.2,-5.2,14.0,20.4,14.0,0.5,0.6,0.6,0.79,1.64,3.41,2.06,14.0,1.46,14.0,0.5,0.6,0.6,3.4,10.4,21.1,14.2,14.0,12.8,14.0,0.5,0.6,0.6,-65.1,17.9,96.6,15.5,14.0,83.2,14.0,0.5,0.6,0.6,-114.1,42.8,95.7,7.4,14.0,106.1,14.0,0.5,0.6,0.6,-43.9,9.6,50.0,7.1,14.0,46.6,14.0,0.5,0.6,0.6,-41.9,23.6,63.4,4.7,14.0,60.8,14.0,0.5,0.6,0.6,-2.8,2.0,7.8,2.9,14.0,9.0,14.0,0.5,0.6,0.6,-6.3,2.1,13.8,4.6,14.0,16.4,14.0,0.5,0.6,0.6,69.0,301.0,804.5,547.0,15.0,616.5,16.0,0.5,0.6,0.6,70.0,300.0,805.0,545.0,15.0,615.0,16.0,0.5,0.6,0.6
1974,2,297.0,-42.0,16.16,16.5,16.84,16.5,2.0,0.71,10.0,0.0,0.8,0.1,16.17,16.55,16.93,16.55,2.0,0.78,10.0,0.0,0.8,0.1,8.27,8.92,9.58,8.92,2.0,1.36,10.0,0.0,0.8,0.1,72.9,76.6,80.3,76.6,2.0,7.6,10.0,0.0,0.1,3.25,4.65,6.05,4.65,2.0,2.9,10.0,0.0,0.8,0.1,-4.52,-3.22,-1.91,-3.22,2.0,2.71,10.0,0.0,0.8,0.1,-3.98,-3.28,-2.58,-3.28,2.0,1.45,10.0,0.0,0.8,0.1,1016.55,1018.15,1019.75,1018.15,2.0,3.32,10.0,0.0,0.8,0.1,1.1,3.5,5.9,3.5,2.0,4.9,10.0,0.0,0.8,0.1,-29.5,-18.9,-8.3,-18.9,2.0,21.9,10.0,0.0,0.8,0.1,-25.2,-17.4,-9.5,-17.4,2.0,16.3,10.0,0.0,0.8,0.1,-0.77,-0.05,0.67,-0.05,2.0,1.48,10.0,0.0,0.8,0.1,-1.3,1.9,5.2,1.9,2.0,6.8,10.0,0.0,0.8,0.1,1.78,2.67,3.56,2.67,2.0,1.85,10.0,0.0,0.8,0.1,7.2,15.1,23.0,15.1,2.0,16.3,10.0,0.0,0.8,0.1,-72.6,-52.2,-31.7,-52.2,2.0,42.3,10.0,0.0,0.8,0.1,-64.1,-53.7,-43.3,-53.7,2.0,21.5,10.0,0.0,0.8,0.1,-36.4,-26.9,-17.3,-26.9,2.0,19.8,10.0,0.0,0.8,0.1,-32.4,-28.3,-24.2,-28.3,2.0,8.5,10.0,0.0,0.8,0.1,-17.5,-11.1,-4.7,-11.1,2.0,13.2,10.0,0.0,0.8,0.1,-14.9,-10.1,-5.3,-10.1,2.0,9.9,10.0,0.0,0.8,0.1,62.5,159.0,256.0,159.0,2.0,200.0,10.0,0.0,0.8,0.1,65.0,160.0,255.0,160.0,2.0,200.0,10.0,0.0,0.8,0.1
1974,2,297.0,10.0,23.02,23.5,24.52,23.77,3.0,1.12,14.0,0.7,0.6,0.9,25.25,26.0,26.48,25.87,3.0,0.91,14.0,0.7,0.6,0.9,15.85,16.03,16.2,16.03,2.0,0.36,16.0,1.0,0.7,0.8,74.0,77.6,81.2,77.6,2.0,7.5,16.0,1.0,0.8,3.39,5.1,6.4,4.9,3.0,2.21,14.0,0.7,0.6,0.9,-6.23,-4.79,-2.88,-4.56,3.0,2.46,14.0,0.7,0.6,0.9,-1.72,-1.67,-1.36,-1.54,3.0,0.29,14.0,0.7,0.6,0.9,1010.26,1011.9,1012.58,1011.43,3.0,1.75,14.0,0.7,0.6,0.9,3.3,4.0,6.7,5.0,3.0,2.6,14.0,0.7,0.6,0.9,-40.7,-24.4,-11.3,-26.0,3.0,21.6,14.0,0.7,0.6,0.9,-8.8,-8.5,-5.7,-7.2,3.0,2.5,14.0,0.7,0.6,0.9,-3.11,-1.4,-1.13,-2.1,3.0,1.57,14.0,0.7,0.6,0.9,-15.8,-7.0,-4.7,-10.2,3.0,8.6,14.0,0.7,0.6,0.9,1.57,1.66,1.75,1.66,2.0,0.19,16.0,1.0,0.7,0.8,5.2,6.2,7.3,6.2,2.0,2.2,16.0,1.0,0.7,0.8,-163.0,-128.0,-74.5,-118.9,3.0,65.3,14.0,0.7,0.6,0.9,-45.0,-41.6,-34.8,-39.9,3.0,7.6,14.0,0.7,0.6,0.9,-68.7,-54.0,-39.3,-54.0,2.0,30.5,16.0,1.0,0.7,0.8,-27.5,-27.4,-27.3,-27.4,2.0,0.2,16.0,1.0,0.7,0.8,-6.7,-5.4,-4.2,-5.4,2.0,2.7,16.0,1.0,0.7,0.8,-2.9,-2.8,-2.7,-2.8,2.0,0.2,16.0,1.0,0.7,0.8,54.0,132.5,276.0,164.5,3.0,165.0,14.0,0.7,0.6,0.9,55.0,135.0,275.0,165.0,3.0,165.0,14.0,0.7,0.6,0.9
1974,2,297.0,11.0,25.59,27.0,28.0,26.79,19.0,1.1,14.0,0.5,0.6,0.5,24.34,25.5,27.53,25.77,19.0,1.45,14.0,0.5,0.6,0.5,15.14,16.5,17.78,16.42,17.0,1.32,14.0,0.5,0.6,0.5,74.3,78.4,82.1,78.7,17.0,5.5,14.0,0.5,0.5,4.6,6.95,10.09,7.32,18.0,2.93,14.0,0.4,0.5,0.5,-9.48,-5.86,-3.45,-6.69,18.0,3.23,14.0,0.4,0.5,0.5,-3.87,-0.79,1.61,-1.04,18.0,2.52,14.0,0.4,0.5,0.5,1010.56,1013.45,1014.26,1012.69,18.0,2.15,14.0,0.4,0.6,0.5,1.7,3.0,6.3,3.5,18.0,2.2,14.0,0.5,0.6,0.5,-95.7,-40.8,-16.6,-57.7,18.0,47.2,14.0,0.4,0.5,0.5,-24.1,-3.6,15.0,-4.8,18.0,20.7,14.0,0.4,0.5,0.5,0.0,1.0,1.94,1.03,19.0,0.87,14.0,0.5,0.6,0.5,0.0,5.3,16.0,7.1,18.0,8.8,14.0,0.4,0.5,0.5,5.34,5.92,6.57,5.84,17.0,1.05,14.0,0.5,0.6,0.5,25.7,35.2,59.5,43.1,16.0,23.0,14.0,0.4,0.6,0.5,-232.5,-160.1,-87.2,-173.0,18.0,87.1,14.0,0.4,0.5,0.5,-93.8,-20.0,41.0,-26.5,18.0,65.2,14.0,0.4,0.5,0.5,-146.9,-102.9,-55.2,-107.1,16.0,54.9,14.0,0.4,0.6,0.5,-62.5,-11.8,25.2,-20.6,16.0,40.3,14.0,0.4,0.6,0.5,-56.9,-34.2,-17.1,-39.7,16.0,24.7,14.0,0.4,0.6,0.5,-20.9,-4.8,8.4,-6.2,16.0,13.4,14.0,0.4,0.6,0.5,97.5,347.5,1028.0,579.0,18.0,619.5,14.0,0.4,0.5,0.5,95.0,345.0,1030.0,580.0,18.0,620.0,14.0,0.4,0.5,0.5
1974,2,297.0,12.0,27.05,27.8,27.87,27.52,5.0,0.5,18.0,0.4,0.7,0.5,24.93,26.1,26.42,25.78,5.0,0.85,18.0,0.4,0.7,0.5,15.38,16.34,16.92,16.26,5.0,1.04,18.0,0.4,0.7,0.5,75.9,77.5,82.2,78.7,5.0,4.0,18.0,0.4,0.5,5.1,6.4,9.85,7.43,4.0,3.16,18.0,0.3,0.8,0.6,-9.79,-6.0,-4.15,-6.93,4.0,3.63,18.0,0.3,0.8,0.6,-0.7,1.28,2.93,1.12,4.0,2.16,18.0,0.3,0.8,0.6,1011.9,1013.9,1015.14,1013.5,5.0,2.23,18.0,0.4,0.7,0.5,1.6,3.0,5.1,3.4,5.0,2.3,18.0,0.4,0.7,0.5,-100.7,-40.5,-21.2,-60.0,4.0,55.7,18.0,0.3,0.8,0.6,-5.4,6.5,15.0,4.9,4.0,12.4,18.0,0.3,0.8,0.6,1.02,1.7,2.62,1.74,5.0,1.13,18.0,0.4,0.7,0.5,7.3,16.9,19.3,13.5,4.0,9.2,18.0,0.3,0.8,0.6,5.47,7.01,8.06,6.73,5.0,1.64,18.0,0.4,0.7,0.5,31.5,45.2,71.6,51.3,4.0,30.2,18.0,0.3,0.8,0.6,-250.9,-153.2,-107.5,-178.0,4.0,94.9,18.0,0.3,0.8,0.6,-17.4,34.2,75.5,29.3,4.0,54.9,18.0,0.3,0.8,0.6,-154.7,-101.6,-68.8,-111.3,4.0,54.6,18.0,0.3,0.8,0.6,-11.5,22.8,47.9,18.4,4.0,35.1,18.0,0.3,0.8,0.6,-71.2,-39.8,-25.3,-47.9,4.0,32.4,18.0,0.3,0.8,0.6,-4.3,5.4,19.5,7.5,4.0,15.4,18.0,0.3,0.8,0.6,132.5,294.5,1078.0,591.0,4.0,717.5,18.0,0.3,0.8,0.6,135.0,295.0,1080.0,590.0,4.0,720.0,18.0,0.3,0.8,0.6
1974,2,297.0,13.0,25.96,26.2,26.75,26.34,5.0,0.46,14.0,0.4,0.5,0.4,25.0,25.2,26.17,25.56,5.0,0.77,14.0,0.4,0.5,0.4,15.72,16.95,17.44,16.6,4.0,1.15,14.0,0.5,0.5,0.4,75.7,81.6,85.9,80.8,4.0,6.5,14.0,0.5,0.4,4.6,5.3,9.71,6.73,6.0,2.89,14.0,0.3,0.6,0.4,-8.67,-4.9,-4.38,-5.89,6.0,2.24,14.0,0.3,0.6,0.4,-4.02,-1.5,0.61,-1.75,6.0,3.53,14.0,0.3,0.6,0.4,1013.77,1014.6,1015.39,1014.58,5.0,1.02,14.0,0.4,0.5,0.4,1.0,2.5,3.2,2.3,6.0,1.2,14.0,0.3,0.6,0.4,-84.7,-26.2,-20.1,-44.8,6.0,35.4,14.0,0.3,0.6,0.4,-40.4,-9.0,2.8,-19.3,6.0,34.3,14.0,0.3,0.6,0.4,0.23,0.8,1.37,0.78,5.0,0.93,14.0,0.4,0.5,0.4,1.0,9.0,10.3,6.2,5.0,5.9,14.0,0.4,0.5,0.4,3.59,4.13,5.65,4.6,4.0,1.51,14.0,0.5,0.5,0.4,16.5,29.4,59.6,37.7,4.0,28.3,14.0,0.5,0.5,0.4,-220.3,-129.9,-120.6,-162.2,5.0,53.9,14.0,0.4,0.5,0.4,-118.9,-75.0,0.0,-68.4,5.0,76.9,14.0,0.4,0.5,0.4,-137.5,-105.2,-80.2,-108.7,4.0,33.4,14.0,0.5,0.5,0.4,-82.1,-26.3,0.0,-40.4,4.0,52.0,14.0,0.5,0.5,0.4,-49.1,-28.2,-16.5,-32.6,4.0,20.2,14.0,0.5,0.5,0.4,-32.4,-7.0,0.0,-15.8,4.0,23.2,14.0,0.5,0.5,0.4,97.5,156.5,936.0,459.0,6.0,555.0,14.0,0.3,0.6,0.4,95.0,155.0,935.0,460.0,6.0,555.0,14.0,0.3,0.6,0.4
1974,2,297.0,14.0,24.66,26.1,27.16,26.12,15.0,1.22,14.0,0.4,0.7,0.3,25.0,25.6,27.31,25.88,16.0,1.16,14.0,0.4,0.7,0.3,15.26,16.29,17.69,16.62,14.0,1.52,14.0,0.4,0.7,0.4,75.9,80.4,83.1,80.0,15.0,5.7,12.0,0.4,0.3,4.1,7.2,8.89,6.79,16.0,2.25,14.0,0.4,0.7,0.3,-8.51,-6.17,-3.77,-6.13,16.0,2.15,14.0,0.4,0.7,0.3,-3.6,0.0,1.51,-1.04,16.0,2.91,14.0,0.4,0.7,0.3,1011.99,1014.5,1015.6,1014.0,15.0,1.77,14.0,0.4,0.7,0.4,1.2,2.0,6.3,3.1,15.0,2.6,14.0,0.4,0.7,0.3,-72.8,-42.3,-14.3,-45.7,16.0,26.8,14.0,0.4,0.7,0.3,-25.9,0.0,4.9,-10.7,16.0,24.2,14.0,0.4,0.7,0.3,-0.89,0.4,1.68,0.32,15.0,1.47,14.0,0.4,0.7,0.3,-6.2,2.9,9.7,1.5,15.0,10.4,14.0,0.4,0.7,0.3,3.29,4.81,5.79,4.51,13.0,1.41,14.0,0.3,0.8,0.3,17.5,29.5,37.5,28.2,13.0,12.9,14.0,0.3,0.8,0.3,-233.2,-157.4,-95.5,-159.3,16.0,58.0,14.0,0.4,0.7,0.3,-97.2,0.0,36.5,-27.6,16.0,76.4,14.0,0.4,0.7,0.3,-145.4,-94.5,-57.0,-98.7,14.0,39.4,14.0,0.4,0.7,0.4,-60.1,0.0,33.7,-13.9,14.0,49.1,14.0,0.4,0.7,0.4,-36.4,-27.7,-14.5,-26.0,13.0,12.3,14.0,0.3,0.8,0.3,-19.3,0.0,6.9,-3.5,13.0,11.3,14.0,0.3,0.8,0.3,69.0,373.0,702.0,408.0,16.0,325.0,14.0,0.4,0.7,0.3,70.0,375.0,700.0,410.0,16.0,325.0,14.0,0.4,0.7,0.3
1974,2,297.0,15.0,25.15,25.55,27.73,26.13,12.0,1.18,14.0,0.7,0.5,0.3,25.0,25.65,26.18,25.76,12.0,0.9,14.0,0.7,0.5,0.3,15.16,15.42,18.4,16.38,10.0,1.91,14.0,0.7,0.6,0.3,74.3,76.4,82.8,78.8,10.0,6.0,14.0,0.7,0.3,4.1,6.95,8.7,6.76,12.0,2.22,14.0,0.7,0.5,0.3,-8.28,-6.15,-3.51,-5.84,12.0,3.21,14.0,0.7,0.5,0.3,-3.21,-1.78,1.67,-0.87,12.0,2.54,14.0,0.7,0.5,0.3,1012.22,1014.95,1015.63,1014.47,12.0,2.25,14.0,0.7,0.5,0.3,1.0,3.0,5.3,3.4,12.0,2.2,14.0,0.7,0.5,0.3,-72.0,-42.6,-14.0,-45.2,12.0,31.9,14.0,0.7,0.5,0.3,-26.8,-10.4,7.0,-8.0,12.0,18.6,14.0,0.7,0.5,0.3,-0.53,0.0,1.25,0.37,12.0,1.03,14.0,0.7,0.5,0.3,-2.7,0.0,9.7,2.8,12.0,7.3,14.0,0.7,0.5,0.3,3.35,4.93,6.9,5.07,10.0,1.87,14.0,0.7,0.6,0.3,18.2,33.9,43.1,34.7,10.0,16.0,14.0,0.7,0.6,0.3,-221.2,-156.7,-89.7,-151.7,12.0,84.5,14.0,0.7,0.5,0.3,-83.1,-45.6,43.0,-22.8,12.0,64.9,14.0,0.7,0.5,0.3,-148.4,-113.8,-52.7,-100.0,10.0,64.7,14.0,0.7,0.6,0.3,-53.4,-27.1,36.4,-15.0,10.0,44.6,14.0,0.7,0.6,0.3,-41.3,-29.6,-17.6,-29.9,10.0,19.0,14.0,0.7,0.6,0.3,-18.8,-9.0,10.0,-6.2,10.0,14.0,14.0,0.7,0.6,0.3,69.0,347.5,658.5,400.0,12.0,327.0,14.0,0.7,0.5,0.3,70.0,345.0,660.0,400.0,12.0,325.0,14.0,0.7,0.5,0.3
1974,2,297.0,16.0,25.0,25.6,26.16,25.63,15.0,0.76,16.0,0.6,0.5,0.4,24.71,25.1,26.31,25.48,16.0,0.91,14.0,0.6,0.5,0.3,15.22,15.92,16.3,15.81,15.0,0.73,16.0,0.6,0.5,0.4,72.4,80.2,83.3,78.4,15.0,5.4,16.0,0.6,0.4,5.33,7.7,8.88,7.14,16.0,1.98,14.0,0.6,0.5,0.3,-8.07,-6.88,-5.01,-6.71,16.0,1.86,14.0,0.6,0.5,0.3,-4.0,-1.12,0.0,-1.57,16.0,2.01,14.0,0.6,0.5,0.3,1013.4,1015.7,1017.5,1015.69,15.0,1.95,16.0,0.6,0.5,0.4,1.4,3.0,5.0,3.2,16.0,1.7,14.0,0.6,0.5,0.3,-71.6,-51.7,-26.8,-51.2,16.0,24.3,14.0,0.6,0.5,0.3,-32.1,-7.2,0.0,-12.2,16.0,17.0,14.0,0.6,0.5,0.3,-0.58,0.5,0.98,0.19,15.0,0.96,16.0,0.6,0.5,0.4,-4.7,2.5,6.3,0.8,15.0,8.0,16.0,0.6,0.5,0.4,3.93,4.6,5.95,4.7,15.0,1.28,16.0,0.6,0.5,0.4,23.9,34.4,46.5,35.2,15.0,13.6,16.0,0.6,0.5,0.4,-210.0,-175.7,-124.9,-171.3,16.0,48.5,14.0,0.6,0.5,0.3,-101.4,-27.8,0.0,-41.0,16.0,53.2,14.0,0.6,0.5,0.3,-136.5,-113.7,-90.1,-110.3,15.0,24.2,16.0,0.6,0.5,0.4,-63.5,-19.0,0.0,-27.0,15.0,32.8,16.0,0.6,0.5,0.4,-44.5,-34.4,-22.4,-33.0,15.0,12.7,16.0,0.6,0.5,0.4,-18.4,-4.7,0.0,-7.5,15.0,11.1,16.0,0.6,0.5,0.4,152.5,456.5,708.0,436.5,16.0,271.5,14.0,0.6,0.5,0.3,155.0,455.0,710.0,435.0,16.0,270.0,14.0,0.6,0.5,0.3
1974,2,297.0,17.0,24.97,25.5,26.01,25.44,7.0,0.67,14.0,0.3,0.6,0.3,24.43,24.7,25.02,24.57,7.0,0.77,14.0,0.3,0.6,0.3,14.85,15.47,16.1,15.52,7.0,0.65,14.0,0.3,0.6,0.3,76.0,81.4,85.0,80.9,7.0,4.3,14.0,0.3,0.3,4.05,5.1,7.75,5.41,7.0,2.04,14.0,0.3,0.6,0.3,-7.64,-3.85,-2.86,-4.68,7.0,2.56,14.0,0.3,0.6,0.3,-1.89,-1.34,1.14,-0.8,7.0,2.36,14.0,0.3,0.6,0.3,1013.43,1015.0,1016.81,1014.84,7.0,1.76,14.0,0.3,0.6,0.3,2.0,3.0,3.1,2.9,7.0,1.1,14.0,0.3,0.6,0.3,-59.2,-15.8,-9.0,-29.3,7.0,26.8,14.0,0.3,0.6,0.3,-11.0,-5.7,3.6,-5.0,7.0,11.3,14.0,0.3,0.6,0.3,0.42,0.7,1.38,0.87,7.0,1.23,14.0,0.3,0.6,0.3,1.2,5.3,9.5,4.9,7.0,6.6,14.0,0.3,0.6,0.3,3.96,4.53,5.57,4.77,7.0,0.85,14.0,0.3,0.6,0.3,15.5,20.2,40.4,26.7,7.0,13.3,14.0,0.3,0.6,0.3,-190.8,-95.2,-69.9,-115.9,7.0,64.7,14.0,0.3,0.6,0.3,-47.6,-33.4,27.8,-18.9,7.0,56.0,14.0,0.3,0.6,0.3,-122.3,-63.3,-44.2,-72.4,7.0,38.9,14.0,0.3,0.6,0.3,-28.4,-21.5,17.6,-11.9,7.0,36.0,14.0,0.3,0.6,0.3,-39.8,-17.5,-11.9,-22.7,7.0,14.9,14.0,0.3,0.6,0.3,-8.0,-6.4,4.8,-5.0,7.0,12.5,14.0,0.3,0.6,0.3,67.0,132.5,466.0,221.0,7.0,240.0,14.0,0.3,0.6,0.3,65.0,135.0,465.0,220.0,7.0,240.0,14.0,0.3,0.6,0.3
1974,2,297.0,18.0,24.68,25.0,26.73,25.56,13.0,1.03,14.0,0.4,0.7,0.6,23.11,24.4,25.0,24.44,15.0,1.32,14.0,0.4,0.7,0.6,13.23,14.81,16.88,15.1,12.0,2.11,14.0,0.4,0.7,0.6,71.6,76.4,82.8,77.5,12.0,6.7,14.0,0.4,0.6,3.32,5.1,9.3,6.28,15.0,3.22,14.0,0.4,0.7,0.6,-9.07,-4.79,-2.74,-5.43,15.0,3.48,14.0,0.4,0.7,0.6,-1.84,1.74,3.07,1.2,15.0,2.72,14.0,0.4,0.7,0.6,1013.7,1015.8,1017.56,1015.86,15.0,2.26,14.0,0.4,0.7,0.6,1.0,2.0,6.6,3.1,15.0,2.6,14.0,0.4,0.7,0.6,-84.3,-24.4,-9.9,-44.1,15.0,38.4,14.0,0.4,0.7,0.6,-14.1,8.9,21.6,7.4,15.0,22.2,14.0,0.4,0.7,0.6,-0.02,0.2,1.67,0.9,13.0,1.45,14.0,0.4,0.7,0.6,-0.2,0.0,17.9,7.0,13.0,12.7,14.0,0.4,0.7,0.6,3.57,6.0,7.14,5.4,12.0,2.13,14.0,0.4,0.7,0.6,9.8,30.2,57.8,31.9,12.0,24.6,14.0,0.4,0.7,0.6,-219.1,-133.2,-67.8,-131.8,15.0,82.7,14.0,0.4,0.7,0.6,-43.7,42.6,76.9,28.8,15.0,64.7,14.0,0.4,0.7,0.6,-122.6,-61.9,-30.0,-68.1,12.0,46.7,14.0,0.4,0.7,0.6,-25.6,27.3,46.6,15.5,12.0,37.3,14.0,0.4,0.7,0.6,-55.0,-24.7,-3.7,-26.3,12.0,23.6,14.0,0.4,0.7,0.6,-11.8,7.4,15.5,5.9,12.0,19.2,14.0,0.4,0.7,0.6,38.5,132.5,804.5,422.0,15.0,423.5,14.0,0.4,0.7,0.6,40.0,135.0,805.0,420.0,15.0,425.0,14.0,0.4,0.7,0.6
1974,2,297.0,19.0,24.0,24.8,25.6,24.93,28.0,1.18,14.0,0.4,0.6,0.3,23.29,24.0,25.06,24.11,38.0,0.98,14.0,0.5,0.6,0.3,13.42,14.48,15.59,14.64,31.0,1.94,14.0,0.4,0.6,0.3,72.0,78.3,83.2,78.3,31.0,7.3,14.0,0.4,0.3,3.1,6.7,9.3,6.47,39.0,3.08,14.0,0.5,0.6,0.3,-8.68,-6.11,-3.05,-6.0,39.0,2.98,14.0,0.5,0.6,0.3,-3.48,0.0,0.54,-0.94,39.0,2.39,14.0,0.5,0.6,0.3,1014.7,1017.1,1019.3,1017.06,35.0,2.15,14.0,0.4,0.6,0.3,1.0,2.0,5.0,2.8,39.0,2.1,14.0,0.5,0.6,0.3,-75.7,-42.2,-9.5,-47.5,39.0,40.3,14.0,0.5,0.6,0.3,-26.3,0.0,1.7,-9.2,39.0,21.7,14.0,0.5,0.6,0.3,-0.21,0.85,1.84,0.88,28.0,1.08,14.0,0.4,0.6,0.3,-1.6,4.2,11.9,5.5,28.0,6.8,14.0,0.4,0.6,0.3,4.15,4.9,6.29,5.14,28.0,1.58,14.0,0.4,0.6,0.3,16.7,29.3,51.1,33.2,28.0,18.5,14.0,0.4,0.6,0.3,-210.6,-147.5,-72.0,-142.5,38.0,71.7,14.0,0.5,0.6,0.3,-86.4,-8.5,11.5,-26.1,38.0,55.0,14.0,0.5,0.6,0.3,-126.3,-79.7,-40.5,-85.1,31.0,44.5,14.0,0.4,0.6,0.3,-44.7,0.0,7.0,-13.3,31.0,33.5,14.0,0.4,0.6,0.3,-50.4,-28.1,-16.0,-30.4,28.0,16.4,14.0,0.4,0.6,0.3,-18.9,-1.6,3.7,-6.6,28.0,14.6,14.0,0.4,0.6,0.3,30.0,301.0,804.5,454.0,39.0,531.5,14.0,0.5,0.6,0.3,30.0,300.0,805.0,455.0,39.0,530.0,14.0,0.5,0.6,0.3
1974,2,297.0,20.0,24.0,24.8,25.0,24.75,17.0,0.91,16.0,0.4,0.6,0.4,23.25,24.0,24.78,24.06,17.0,1.17,16.0,0.4,0.6,0.4,12.8,13.58,14.24,13.78,13.0,0.92,16.0,0.5,0.6,0.4,71.8,76.4,82.1,76.2,14.0,6.3,16.0,0.4,0.4,2.6,6.7,8.2,6.04,17.0,2.58,16.0,0.4,0.6,0.4,-7.64,-6.24,-2.24,-5.22,17.0,2.89,16.0,0.4,0.6,0.4,-3.8,0.0,1.69,-0.73,17.0,2.74,16.0,0.4,0.6,0.4,1015.89,1017.85,1020.17,1018.11,16.0,2.44,16.0,0.4,0.6,0.4,1.0,2.0,5.8,3.1,17.0,2.6,16.0,0.4,0.6,0.4,-61.5,-44.9,-5.8,-37.8,17.0,28.3,16.0,0.4,0.6,0.4,-24.3,0.0,13.0,-5.9,17.0,21.0,16.0,0.4,0.6,0.4,-0.28,1.0,1.75,0.69,17.0,1.66,16.0,0.4,0.6,0.4,-2.4,2.6,12.4,3.5,17.0,8.6,16.0,0.4,0.6,0.4,4.41,5.65,6.39,5.73,13.0,1.72,16.0,0.5,0.6,0.4,15.0,32.6,46.3,31.4,13.0,14.9,16.0,0.5,0.6,0.4,-182.1,-145.7,-53.4,-125.3,17.0,69.0,16.0,0.4,0.6,0.4,-91.2,0.0,41.3,-16.1,17.0,65.6,16.0,0.4,0.6,0.4,-106.0,-84.4,-31.0,-73.1,13.0,35.1,16.0,0.5,0.6,0.4,-52.8,0.0,12.1,-16.5,13.0,33.4,16.0,0.5,0.6,0.4,-39.5,-28.2,-13.8,-28.0,13.0,13.7,16.0,0.5,0.6,0.4,-20.6,0.0,5.3,-7.4,13.0,13.8,16.0,0.5,0.6,0.4,17.5,301.0,551.5,327.5,17.0,287.0,16.0,0.4,0.6,0.4,20.0,300.0,550.0,330.0,17.0,285.0,16.0,0.4,0.6,0.4
1974,2,297.0,21.0,24.0,24.85,25.27,24.79,24.0,0.82,20.0,0.5,0.5,0.6,23.13,24.2,25.5,24.29,27.0,1.34,20.0,0.5,0.5,0.5,12.46,13.67,14.75,13.64,22.0,1.48,20.0,0.5,0.5,0.6,64.1,75.2,80.7,74.4,23.0,8.1,20.0,0.5,0.6,4.5,7.0,10.06,7.18,25.0,2.85,20.0,0.4,0.5,0.5,-8.79,-6.89,-1.99,-6.13,25.0,3.1,20.0,0.4,0.5,0.5,-3.21,0.94,3.55,0.25,25.0,3.61,20.0,0.4,0.5,0.5,1016.28,1019.1,1021.64,1019.01,25.0,2.44,18.0,0.4,0.5,0.6,1.0,2.0,4.9,2.7,27.0,2.1,20.0,0.5,0.5,0.6,-84.6,-48.3,-8.8,-51.7,25.0,37.1,20.0,0.4,0.5,0.5,-22.4,3.7,21.1,-3.8,25.0,34.5,20.0,0.4,0.5,0.5,-0.7,0.7,1.9,0.65,24.0,1.35,20.0,0.5,0.5,0.6,-5.3,3.3,13.7,4.0,22.0,10.0,20.0,0.4,0.5,0.6,4.76,5.92,7.14,5.93,20.0,1.23,20.0,0.5,0.5,0.6,23.6,40.2,55.6,39.4,19.0,15.5,20.0,0.4,0.5,0.6,-225.0,-167.1,-47.5,-149.2,25.0,75.6,20.0,0.4,0.5,0.5,-71.7,22.8,85.1,5.3,25.0,90.2,20.0,0.4,0.5,0.5,-115.9,-90.2,-33.3,-83.1,21.0,41.4,20.0,0.4,0.5,0.6,-41.1,11.5,45.1,9.5,21.0,43.3,20.0,0.4,0.5,0.6,-48.8,-37.7,-14.7,-34.3,19.0,17.4,20.0,0.4,0.5,0.6,-15.6,4.1,23.6,3.0,19.0,18.0,20.0,0.4,0.5,0.6,92.0,343.0,1017.5,536.0,25.0,523.5,20.0,0.4,0.5,0.5,90.0,345.0,1020.0,535.0,25.0,525.0,20.0,0.4,0.5,0.5
1974,2,297.0,22.0,23.61,24.15,26.0,24.5,16.0,1.24,18.0,0.6,0.5,0.5,23.0,23.5,24.14,23.69,19.0,0.9,16.0,0.5,0.4,0.5,12.74,13.57,14.45,13.51,11.0,0.83,18.0,0.4,0.5,0.3,68.9,75.4,79.8,74.9,11.0,5.4,18.0,0.4,0.3,5.03,8.0,9.37,7.47,19.0,2.83,16.0,0.5,0.4,0.5,-9.3,-7.71,-3.16,-6.59,19.0,3.77,16.0,0.5,0.4,0.5,-3.05,-0.98,0.11,-1.27,19.0,2.28,16.0,0.5,0.4,0.5,1016.99,1019.5,1021.66,1019.27,19.0,2.72,16.0,0.5,0.4,0.5,1.0,4.0,6.1,4.0,19.0,2.2,18.0,0.6,0.4,0.5,-87.0,-63.0,-15.2,-57.7,19.0,44.6,16.0,0.5,0.4,0.5,-23.9,-2.3,0.5,-10.4,19.0,16.7,16.0,0.5,0.4,0.5,-0.16,0.8,1.28,0.9,15.0,1.34,16.0,0.5,0.5,0.5,-1.5,7.1,10.4,7.5,14.0,10.8,16.0,0.5,0.5,0.4,4.32,5.68,6.58,5.48,10.0,1.21,18.0,0.4,0.6,0.3,35.4,47.1,60.0,46.9,10.0,15.1,18.0,0.4,0.6,0.3,-223.3,-176.8,-73.4,-154.8,18.0,90.9,16.0,0.5,0.4,0.5,-74.2,-22.4,5.8,-27.8,18.0,54.8,16.0,0.5,0.4,0.5,-142.0,-105.1,-84.4,-113.8,11.0,33.5,18.0,0.4,0.5,0.3,-39.0,0.0,4.8,-11.7,11.0,23.1,18.0,0.4,0.5,0.3,-59.4,-46.7,-33.6,-45.9,10.0,15.4,18.0,0.4,0.6,0.3,-10.6,0.0,1.6,-3.3,10.0,8.9,18.0,0.4,0.6,0.3,127.5,512.0,824.0,578.5,19.0,529.5,16.0,0.5,0.4,0.5,130.0,510.0,825.0,580.0,19.0,530.0,16.0,0.5,0.4,0.5
1974,2,297.0,23.0,23.65,23.95,25.0,24.33,12.0,0.77,16.0,0.4,0.5,0.3,22.4,23.0,23.67,23.04,19.0,0.83,18.0,0.4,0.6,0.2,12.31,13.22,14.34,13.35,8.0,1.16,16.0,0.4,0.6,0.3,71.6,76.7,85.6,77.2,8.0,7.5,16.0,0.4,0.3,5.54,8.0,9.62,7.58,17.0,2.13,18.0,0.3,0.6,0.3,-8.0,-5.8,-4.29,-5.3,17.0,3.5,18.0,0.3,0.6,0.3,-4.21,0.0,4.79,0.03,17.0,4.84,18.0,0.3,0.6,0.3,1017.2,1021.0,1022.8,1019.85,17.0,3.1,18.0,0.3,0.6,0.3,2.0,3.0,5.0,3.5,17.0,1.7,18.0,0.4,0.6,0.2,-64.0,-48.3,-21.1,-42.8,17.0,32.1,18.0,0.3,0.6,0.3,-37.4,0.0,32.9,-3.7,17.0,46.1,18.0,0.3,0.6,0.3,0.77,1.1,2.0,1.27,12.0,0.83,16.0,0.4,0.5,0.3,4.6,8.4,14.9,9.9,10.0,7.6,16.0,0.3,0.5,0.3,4.41,5.22,6.32,5.33,8.0,1.27,16.0,0.4,0.6,0.3,29.5,37.7,59.0,42.7,8.0,15.4,16.0,0.4,0.6,0.3,-186.6,-133.5,-98.0,-120.7,17.0,82.0,18.0,0.3,0.6,0.3,-96.9,0.0,110.7,2.8,17.0,109.9,18.0,0.3,0.6,0.3,-114.1,-78.9,-50.6,-69.7,8.0,50.8,16.0,0.4,0.6,0.3,-68.2,-17.2,80.1,0.9,8.0,78.4,16.0,0.4,0.6,0.3,-40.0,-27.6,-22.7,-25.8,8.0,21.4,16.0,0.4,0.6,0.3,-23.5,-5.6,45.9,5.5,8.0,32.6,16.0,0.4,0.6,0.3,174.0,512.0,894.5,532.0,17.0,407.5,18.0,0.3,0.6,0.3,175.0,510.0,895.0,530.0,17.0,405.0,18.0,0.3,0.6,0.3
1974,2,297.0,24.0,22.72,23.2,23.98,23.33,8.0,0.62,12.0,0.5,0.6,0.5,21.78,22.6,24.05,22.94,9.0,1.74,12.0,0.6,0.6,0.5,10.78,12.46,14.05,12.51,5.0,2.16,12.0,0.4,0.6,0.6,66.3,75.2,80.4,73.9,5.0,8.8,12.0,0.4,0.6,5.05,7.0,8.09,6.81,7.0,1.97,14.0,0.4,0.5,0.5,-5.56,-4.0,0.0,-3.85,7.0,3.32,14.0,0.4,0.5,0.5,-1.98,2.05,7.05,2.54,7.0,4.71,14.0,0.4,0.5,0.5,1016.15,1019.3,1022.46,1019.99,9.0,4.51,12.0,0.6,0.6,0.5,1.1,5.0,6.9,4.4,8.0,2.8,12.0,0.6,0.6,0.5,-35.0,-22.5,0.0,-27.7,7.0,32.2,14.0,0.4,0.5,0.5,-13.2,8.4,55.8,19.4,7.0,35.5,14.0,0.4,0.5,0.5,-1.08,0.15,1.43,0.09,8.0,1.37,12.0,0.5,0.6,0.5,-1.0,2.4,13.7,3.8,7.0,7.8,14.0,0.4,0.5,0.5,2.96,5.75,6.77,4.99,5.0,2.48,12.0,0.4,0.6,0.6,15.4,25.3,58.6,34.3,5.0,23.9,12.0,0.4,0.6,0.6,-132.2,-86.8,0.0,-86.9,7.0,74.7,14.0,0.4,0.5,0.5,-47.1,45.1,169.3,57.7,7.0,107.8,14.0,0.4,0.5,0.5,-97.5,-57.7,-40.1,-68.5,5.0,34.2,12.0,0.4,0.6,0.6,-31.7,-21.2,40.0,1.5,5.0,44.4,12.0,0.4,0.6,0.6,-40.1,-21.9,-13.5,-26.6,5.0,18.4,12.0,0.4,0.6,0.6,-9.9,-2.6,27.8,8.9,5.0,26.9,12.0,0.4,0.6,0.6,129.5,343.0,532.5,385.0,7.0,302.0,14.0,0.4,0.5,0.5,130.0,345.0,535.0,385.0,7.0,300.0,14.0,0.4,0.5,0.5
1974,2,297.0,25.0,22.67,23.2,25.0,23.49,11.0,1.27,18.0,0.5,0.5,0.5,20.83,22.0,23.28,22.04,11.0,1.28,18.0,0.5,0.5,0.5,10.66,12.56,13.71,12.2,4.0,2.31,12.0,0.5,0.6,0.6,62.8,71.4,79.3,71.1,4.0,10.1,12.0,0.5,0.6,5.25,8.0,11.41,8.06,11.0,4.01,18.0,0.5,0.5,0.5,-7.71,-4.53,6.27,-2.19,11.0,6.61,18.0,0.5,0.5,0.5,-6.83,-1.39,1.85,-2.78,11.0,5.49,18.0,0.5,0.5,0.5,1019.2,1022.3,1024.43,1021.76,11.0,4.47,18.0,0.5,0.5,0.5,0.4,3.0,8.0,4.0,10.0,3.4,16.0,0.5,0.4,0.5,-68.7,-20.9,68.8,-15.9,11.0,67.5,18.0,0.5,0.5,0.5,-74.4,-11.1,11.4,-34.6,11.0,70.5,18.0,0.5,0.5,0.5,-0.41,1.2,3.65,1.45,11.0,1.89,18.0,0.5,0.5,0.5,-3.3,5.8,39.8,13.6,11.0,22.3,18.0,0.5,0.5,0.5,4.33,4.92,6.26,5.28,4.0,1.52,12.0,0.5,0.6,0.6,25.2,34.2,38.8,32.1,4.0,10.3,12.0,0.5,0.6,0.6,-171.2,-106.0,130.4,-48.7,11.0,144.0,18.0,0.5,0.5,0.5,-146.4,-29.2,44.5,-56.2,11.0,117.3,18.0,0.5,0.5,0.5,-82.2,-69.1,-48.9,-65.7,4.0,24.2,12.0,0.5,0.6,0.6,-20.7,5.8,27.3,3.4,4.0,33.6,12.0,0.5,0.6,0.6,-32.1,-28.0,-22.1,-27.1,4.0,7.3,12.0,0.5,0.6,0.6,-17.0,1.5,10.2,-3.2,4.0,20.8,12.0,0.5,0.6,0.6,149.0,512.0,1495.0,864.0,11.0,989.5,18.0,0.5,0.5,0.5,150.0,510.0,1495.0,865.0,11.0,990.0,18.0,0.5,0.5,0.5
1974,2,297.0,26.0,22.27,23.0,23.0,22.75,10.0,0.41,14.0,0.7,0.5,0.4,21.18,21.6,22.67,21.9,11.0,1.17,14.0,0.6,0.5,0.5,11.0,11.65,13.32,11.97,7.0,1.19,12.0,0.6,0.5,0.5,64.2,73.6,79.4,73.7,7.0,8.3,12.0,0.6,0.5,3.65,6.2,7.91,5.86,11.0,2.09,14.0,0.6,0.5,0.4,-7.34,-4.04,-2.71,-4.63,11.0,2.3,14.0,0.6,0.5,0.4,-4.38,0.0,1.05,-0.59,11.0,3.6,14.0,0.6,0.5,0.4,1016.92,1021.1,1023.04,1019.71,11.0,4.06,14.0,0.6,0.5,0.4,1.0,2.0,5.0,3.0,12.0,1.9,16.0,0.7,0.5,0.4,-57.5,-16.6,-9.7,-29.8,11.0,22.8,14.0,0.6,0.5,0.4,-28.9,0.0,4.6,-3.5,11.0,26.3,14.0,0.6,0.5,0.4,-0.77,1.0,1.55,0.51,9.0,1.19,14.0,0.7,0.5,0.4,-4.0,3.0,10.0,3.0,9.0,6.5,14.0,0.7,0.5,0.4,3.85,5.22,5.95,5.03,7.0,0.93,12.0,0.6,0.5,0.5,15.6,26.9,36.9,25.7,7.0,9.6,12.0,0.6,0.5,0.5,-159.3,-87.8,-59.1,-100.7,10.0,50.0,14.0,0.6,0.5,0.4,-72.7,0.0,23.2,-1.6,10.0,75.7,14.0,0.6,0.5,0.4,-65.2,-34.4,-27.6,-44.7,7.0,24.3,12.0,0.6,0.5,0.5,-29.1,0.0,15.9,5.8,7.0,47.2,12.0,0.6,0.5,0.5,-36.3,-15.4,-12.6,-19.7,7.0,12.4,12.0,0.6,0.5,0.5,-8.2,0.0,7.5,1.2,7.0,16.0,12.0,0.6,0.5,0.5,51.5,238.5,495.5,270.5,11.0,224.5,14.0,0.6,0.5,0.4,50.0,240.0,495.0,270.0,11.0,225.0,14.0,0.6,0.5,0.4
1974,2,297.0,27.0,21.2,22.2,23.89,22.62,15.0,1.61,16.0,0.8,0.6,0.4,19.58,21.3,23.56,21.48,15.0,1.79,18.0,0.8,0.6,0.4,8.07,12.81,13.6,11.64,10.0,2.56,18.0,0.8,0.6,0.4,59.1,81.3,86.3,75.7,10.0,15.2,18.0,0.8,0.4,4.48,7.7,10.0,7.33,16.0,3.26,16.0,0.8,0.7,0.4,-2.08,0.0,5.15,1.03,16.0,4.06,16.0,0.8,0.7,0.4,-8.16,0.78,7.14,-0.29,16.0,7.09,16.0,0.8,0.7,0.4,1016.78,1022.2,1024.07,1021.01,15.0,3.82,18.0,0.8,0.6,0.4,0.8,3.0,6.0,3.6,16.0,2.5,16.0,0.8,0.7,0.4,-16.2,0.0,41.0,11.5,16.0,40.0,16.0,0.8,0.7,0.4,-82.4,2.4,53.8,-8.5,16.0,66.8,16.0,0.8,0.7,0.4,0.0,1.0,2.69,0.91,14.0,1.78,18.0,0.8,0.6,0.4,0.0,8.3,14.4,6.0,14.0,14.8,18.0,0.8,0.6,0.4,2.85,4.9,7.43,4.9,9.0,2.09,16.0,0.8,0.5,0.4,9.5,24.6,59.2,35.0,9.0,30.2,16.0,0.8,0.5,0.4,-43.3,0.0,123.6,23.7,15.0,87.2,18.0,0.8,0.6,0.4,-165.3,0.0,161.6,-6.8,15.0,157.3,18.0,0.8,0.6,0.4,-11.1,0.0,85.7,24.8,10.0,50.8,18.0,0.8,0.6,0.4,-52.3,10.7,67.7,7.2,10.0,61.7,18.0,0.8,0.6,0.4,-12.9,0.0,18.7,8.4,9.0,30.4,16.0,0.8,0.5,0.4,-48.3,3.9,19.5,-8.6,9.0,34.7,16.0,0.8,0.5,0.4,93.0,456.5,1000.0,596.0,16.0,556.5,16.0,0.8,0.7,0.4,95.0,455.0,1000.0,595.0,16.0,555.0,16.0,0.8,0.7,0.4
1974,2,297.0,28.0,21.24,23.0,24.66,22.81,9.0,1.72,20.0,0.4,0.6,0.2,18.9,20.8,23.15,20.99,9.0,2.21,20.0,0.4,0.6,0.2,12.14,12.95,13.95,12.99,6.0,1.17,18.0,0.5,0.6,0.2,75.2,78.9,84.5,79.4,6.0,5.0,18.0,0.5,0.2,3.43,9.8,13.73,8.63,9.0,4.76,20.0,0.4,0.6,0.2,-2.4,0.0,4.27,-0.31,9.0,4.39,20.0,0.4,0.6,0.2,-1.92,3.98,13.07,4.37,9.0,8.1,20.0,0.4,0.6,0.2,1008.35,1017.9,1023.38,1016.39,9.0,7.11,20.0,0.4,0.6,0.2,1.1,4.0,7.8,4.1,8.0,3.1,18.0,0.4,0.7,0.2,-9.8,0.0,57.8,5.4,9.0,50.8,20.0,0.4,0.6,0.2,-5.7,32.8,183.0,57.8,9.0,106.2,20.0,0.4,0.6,0.2,0.85,1.8,2.9,1.82,9.0,1.58,20.0,0.4,0.6,0.2,3.9,8.7,34.0,17.9,9.0,17.2,20.0,0.4,0.6,0.2,3.39,5.92,6.6,5.13,6.0,1.98,18.0,0.5,0.6,0.2,22.0,61.0,101.1,59.9,6.0,38.5,18.0,0.5,0.6,0.2,-51.8,0.0,93.3,-4.3,9.0,93.3,20.0,0.4,0.6,0.2,-33.8,91.6,296.1,104.9,9.0,174.7,20.0,0.4,0.6,0.2,-18.4,0.0,67.5,15.1,6.0,43.8,18.0,0.5,0.6,0.2,22.4,107.8,185.4,89.9,6.0,114.7,18.0,0.5,0.6,0.2,-4.1,0.0,34.6,10.2,6.0,19.2,18.0,0.5,0.6,0.2,-7.7,41.6,95.0,36.3,6.0,60.9,18.0,0.5,0.6,0.2,46.0,941.0,2759.5,1177.5,9.0,1397.5,20.0,0.4,0.6,0.2,45.0,940.0,2760.0,1175.0,9.0,1400.0,20.0,0.4,0.6,0.2
1974,2,297.0,29.0,20.5,21.4,22.36,21.38,12.0,1.3,18.0,0.4,0.6,0.5,19.92,21.0,22.58,21.03,12.0,1.26,18.0,0.4,0.6,0.5,11.06,11.98,13.57,12.01,10.0,1.66,18.0,0.5,0.6,0.5,70.0,78.8,85.2,77.9,10.0,8.2,18.0,0.5,0.5,1.85,3.1,8.06,4.51,11.0,3.24,18.0,0.5,0.6,0.5,-1.8,1.0,3.64,1.27,11.0,2.83,18.0,0.5,0.6,0.5,-1.4,0.26,5.59,1.29,11.0,4.61,18.0,0.5,0.6,0.5,1016.72,1022.15,1023.33,1020.67,12.0,3.52,18.0,0.4,0.6,0.5,0.0,2.5,5.3,2.7,12.0,2.6,18.0,0.4,0.6,0.5,-3.7,3.4,29.7,12.4,11.0,24.2,18.0,0.5,0.6,0.5,-4.0,0.4,32.7,7.8,11.0,40.5,18.0,0.5,0.6,0.5,-0.33,0.7,1.38,0.36,12.0,1.58,18.0,0.4,0.6,0.5,-2.1,3.1,5.5,2.0,11.0,4.6,18.0,0.5,0.6,0.5,2.27,3.5,4.54,3.51,10.0,1.35,18.0,0.5,0.6,0.5,6.2,10.1,19.9,12.9,10.0,9.4,18.0,0.5,0.6,0.5,-38.1,19.0,74.9,25.8,11.0,58.0,18.0,0.5,0.6,0.5,-29.1,5.9,123.5,29.6,11.0,96.5,18.0,0.5,0.6,0.5,-22.5,10.1,30.5,10.8,10.0,31.7,18.0,0.5,0.6,0.5,-16.4,1.5,67.5,9.8,10.0,52.8,18.0,0.5,0.6,0.5,-6.3,3.0,9.3,3.0,10.0,9.3,18.0,0.5,0.6,0.5,-6.1,0.3,10.7,0.6,10.0,13.3,18.0,0.5,0.6,0.5,7.0,30.0,589.5,245.5,11.0,406.0,18.0,0.5,0.6,0.5,5.0,30.0,590.0,245.0,11.0,405.0,18.0,0.5,0.6,0.5
1974,2,297.0,30.0,20.37,21.0,21.63,20.95,12.0,0.89,14.0,0.4,0.5,0.5,16.81,19.0,20.96,18.95,15.0,1.89,16.0,0.3,0.5,0.5,8.64,10.36,12.24,10.25,12.0,1.9,14.0,0.3,0.4,0.4,65.2,74.5,82.1,73.9,12.0,8.2,14.0,0.3,0.4,2.91,8.7,12.08,8.17,15.0,5.23,16.0,0.3,0.5,0.5,-2.95,1.37,7.52,1.99,15.0,7.03,16.0,0.3,0.5,0.5,-7.64,0.17,4.29,0.0,15.0,6.73,16.0,0.3,0.5,0.5,1015.92,1019.8,1023.28,1019.38,15.0,3.75,16.0,0.3,0.5,0.5,2.0,6.0,8.0,5.2,13.0,2.6,16.0,0.4,0.5,0.5,-28.8,3.4,64.1,29.3,15.0,105.8,16.0,0.3,0.5,0.5,-73.9,0.2,33.2,-13.7,15.0,93.0,16.0,0.3,0.5,0.5,0.0,2.2,4.08,2.15,12.0,1.86,14.0,0.4,0.5,0.5,0.0,11.3,33.3,17.6,12.0,17.8,14.0,0.4,0.5,0.5,3.6,4.74,7.61,5.36,10.0,2.0,12.0,0.4,0.4,0.4,11.8,45.1,77.7,49.6,10.0,37.5,12.0,0.4,0.4,0.4,-57.9,28.7,139.8,33.3,15.0,131.3,16.0,0.3,0.5,0.5,-124.8,2.9,88.5,7.8,15.0,126.4,16.0,0.3,0.5,0.5,-46.8,10.5,87.3,13.9,12.0,78.4,14.0,0.3,0.4,0.4,-50.4,8.8,61.7,11.2,12.0,68.1,14.0,0.3,0.4,0.4,-11.4,2.3,58.0,16.5,10.0,45.1,12.0,0.4,0.4,0.4,-46.4,1.9,26.3,-5.1,10.0,42.1,12.0,0.4,0.4,0.4,28.0,658.5,1768.0,1257.5,15.0,2213.5,16.0,0.3,0.5,0.5,30.0,660.0,1770.0,1255.0,15.0,2215.0,16.0,0.3,0.5,0.5
1974,2,297.0,31.0,19.5,21.0,21.18,20.52,13.0,0.97,18.0,0.6,0.6,0.5,18.0,19.05,20.97,18.97,14.0,1.62,18.0,0.6,0.6,0.5,8.16,11.2,12.78,10.89,8.0,2.3,16.0,0.8,0.6,0.5,57.6,85.5,94.8,79.9,8.0,17.7,16.0,0.8,0.5,5.1,8.2,11.71,8.29,14.0,3.54,18.0,0.6,0.6,0.5,-3.66,2.43,10.08,2.87,14.0,5.74,18.0,0.6,0.6,0.5,-8.59,-3.63,5.81,-1.42,14.0,6.51,18.0,0.6,0.6,0.5,1016.06,1018.55,1022.56,1020.24,14.0,5.46,18.0,0.6,0.6,0.5,2.7,3.0,8.0,4.3,12.0,2.3,18.0,0.7,0.6,0.5,-18.7,11.8,117.7,36.8,14.0,70.7,18.0,0.6,0.6,0.5,-83.1,-17.5,56.1,-19.5,14.0,68.6,18.0,0.6,0.6,0.5,-0.05,1.6,3.26,1.71,13.0,2.03,18.0,0.6,0.6,0.5,-0.5,9.2,29.0,14.2,13.0,18.9,18.0,0.6,0.6,0.5,2.34,3.58,6.18,3.85,8.0,2.03,16.0,0.8,0.6,0.5,11.9,20.3,46.5,27.9,8.0,19.6,16.0,0.8,0.6,0.5,-58.9,47.5,179.2,54.1,14.0,105.6,18.0,0.6,0.6,0.5,-154.0,-62.2,113.1,-20.9,14.0,126.8,18.0,0.6,0.6,0.5,-35.4,19.5,32.3,15.4,8.0,57.0,16.0,0.8,0.6,0.5,-66.8,-18.4,69.5,-3.9,8.0,71.3,16.0,0.8,0.6,0.5,-12.3,4.3,15.8,0.7,8.0,16.6,16.0,0.8,0.6,0.5,-42.7,-3.4,16.5,-9.8,8.0,29.8,16.0,0.8,0.6,0.5,132.5,557.5,1608.5,884.5,14.0,1100.0,18.0,0.6,0.6,0.5,135.0,560.0,1610.0,885.0,14.0,1100.0,18.0,0.6,0.6,0.5
1974,2,297.0,32.0,18.93,19.95,20.87,19.84,22.0,1.36,16.0,0.5,0.5,0.4,16.17,17.5,20.21,17.94,24.0,1.84,16.0,0.5,0.5,0.4,7.03,8.78,11.95,9.36,20.0,2.5,16.0,0.6,0.5,0.4,59.0,73.9,93.7,74.2,20.0,15.2,16.0,0.6,0.4,4.29,7.7,16.0,8.98,23.0,5.38,16.0,0.6,0.5,0.4,-1.93,4.63,12.89,5.14,23.0,7.3,16.0,0.6,0.5,0.4,-6.81,-2.44,6.0,-0.49,23.0,5.65,16.0,0.6,0.5,0.4,1013.45,1019.6,1024.98,1019.28,24.0,5.52,16.0,0.5,0.5,0.4,2.0,5.0,8.0,4.9,23.0,2.6,16.0,0.6,0.5,0.4,-8.3,33.6,211.5,80.8,23.0,128.4,16.0,0.6,0.5,0.4,-60.5,-6.4,41.7,-2.7,23.0,70.6,16.0,0.6,0.5,0.4,-0.4,2.05,3.8,1.89,22.0,2.07,16.0,0.5,0.5,0.4,-6.2,12.0,32.6,18.0,21.0,24.6,16.0,0.6,0.5,0.4,2.4,5.39,6.79,4.76,19.0,2.62,16.0,0.6,0.5,0.4,14.7,28.2,80.7,47.3,18.0,52.6,16.0,0.6,0.5,0.4,-33.6,83.3,259.3,95.5,23.0,130.8,16.0,0.6,0.5,0.4,-110.1,-42.0,105.6,-2.2,23.0,105.0,16.0,0.6,0.5,0.4,-25.3,41.8,116.5,50.5,19.0,69.8,16.0,0.6,0.5,0.4,-54.6,-20.8,35.1,-9.7,19.0,63.1,16.0,0.6,0.5,0.4,-8.5,13.4,67.7,30.3,18.0,60.5,16.0,0.6,0.5,0.4,-27.4,-18.7,6.2,-13.0,18.0,18.0,16.0,0.6,0.5,0.4,80.5,456.5,4543.5,1611.0,23.0,2576.0,16.0,0.6,0.5,0.4,80.0,455.0,4545.0,1610.0,23.0,2575.0,16.0,0.6,0.5,0.4
1974,2,297.0,33.0,17.46,19.3,20.5,19.16,15.0,1.61,12.0,0.5,0.6,0.4,15.44,17.6,20.44,17.71,14.0,2.65,12.0,0.5,0.6,0.4,7.73,9.9,13.68,10.47,14.0,2.6,12.0,0.5,0.6,0.4,70.3,82.5,91.1,81.9,14.0,11.9,12.0,0.5,0.4,4.6,7.7,17.5,9.84,13.0,5.56,12.0,0.5,0.6,0.4,-3.55,3.13,14.66,4.38,13.0,7.8,12.0,0.5,0.6,0.4,-4.04,2.96,7.65,2.58,13.0,6.85,12.0,0.5,0.6,0.4,1002.06,1013.9,1024.25,1013.68,15.0,10.1,12.0,0.5,0.6,0.4,5.2,7.0,8.0,6.5,15.0,1.9,12.0,0.5,0.6,0.4,-17.1,16.7,229.1,74.9,13.0,120.0,12.0,0.5,0.6,0.4,-55.9,13.6,63.0,27.1,13.0,105.7,12.0,0.5,0.6,0.4,-1.47,1.6,3.9,1.59,14.0,2.97,12.0,0.5,0.6,0.4,-9.5,13.1,66.6,19.0,13.0,41.4,12.0,0.5,0.6,0.4,0.04,3.84,6.32,3.49,14.0,3.06,12.0,0.5,0.6,0.4,4.5,19.2,101.1,37.8,13.0,46.6,12.0,0.5,0.6,0.4,-60.5,54.3,198.5,69.9,13.0,127.1,12.0,0.5,0.6,0.4,-53.9,50.3,162.2,57.5,13.0,126.4,12.0,0.5,0.6,0.4,-31.1,32.3,124.4,41.4,13.0,68.0,12.0,0.5,0.6,0.4,-37.5,31.5,104.5,38.2,13.0,80.7,12.0,0.5,0.6,0.4,-16.1,1.7,95.0,20.7,13.0,53.0,12.0,0.5,0.6,0.4,-24.4,-5.6,12.5,-3.9,13.0,20.8,12.0,0.5,0.6,0.4,97.5,456.5,5359.5,1865.0,13.0,2325.0,12.0,0.5,0.6,0.4,95.0,455.0,5360.0,1865.0,13.0,2325.0,12.0,0.5,0.6,0.4
1974,2,297.0,34.0,18.02,19.15,19.5,18.81,14.0,1.16,16.0,0.6,0.6,0.3,14.08,16.75,18.96,16.82,14.0,2.21,16.0,0.6,0.6,0.3,7.63,8.45,10.58,9.2,12.0,2.02,18.0,0.6,0.6,0.4,60.9,73.1,92.5,76.9,12.0,15.2,18.0,0.6,0.4,4.6,8.5,13.8,9.22,14.0,5.37,16.0,0.6,0.6,0.3,-0.79,4.89,12.81,6.05,14.0,6.62,16.0,0.6,0.6,0.3,-4.89,-2.99,7.49,-1.02,14.0,6.0,16.0,0.6,0.6,0.3,1008.92,1016.75,1021.0,1015.1,14.0,6.76,16.0,0.6,0.6,0.3,2.0,6.5,8.0,5.4,14.0,2.8,16.0,0.6,0.6,0.3,-2.0,47.5,176.8,85.8,14.0,117.6,16.0,0.6,0.6,0.3,-64.9,-11.5,69.9,-5.2,14.0,80.1,16.0,0.6,0.6,0.3,0.03,2.0,4.19,1.99,14.0,2.27,16.0,0.6,0.6,0.3,0.1,16.3,32.1,18.9,14.0,24.7,16.0,0.6,0.6,0.3,2.83,4.28,5.71,4.26,12.0,1.84,18.0,0.6,0.6,0.4,16.8,26.4,64.8,33.7,12.0,21.9,18.0,0.6,0.6,0.4,-14.2,79.1,204.8,100.6,14.0,110.4,16.0,0.6,0.6,0.3,-92.0,-50.7,121.5,-12.4,14.0,106.1,16.0,0.6,0.6,0.3,2.0,50.2,87.5,58.1,12.0,59.1,18.0,0.6,0.6,0.4,-42.2,-23.6,71.8,2.7,12.0,65.6,18.0,0.6,0.6,0.4,2.2,23.6,39.8,22.3,12.0,21.8,18.0,0.6,0.6,0.4,-22.5,-13.1,7.5,-7.1,12.0,25.4,18.0,0.6,0.6,0.4,97.5,630.5,2633.5,1619.5,14.0,2466.0,16.0,0.6,0.6,0.3,95.0,630.0,2635.0,1620.0,14.0,2465.0,16.0,0.6,0.6,0.3
1974,2,297.0,35.0,18.22,18.95,19.18,18.84,8.0,0.64,18.0,0.6,0.5,0.4,15.0,16.5,19.62,16.89,8.0,2.6,18.0,0.6,0.5,0.4,6.74,8.83,12.04,9.31,8.0,2.65,18.0,0.6,0.5,0.4,70.8,78.0,86.9,76.2,8.0,12.2,18.0,0.6,0.4,4.78,7.75,12.02,8.55,8.0,3.88,18.0,0.6,0.5,0.4,-1.63,3.87,8.44,4.03,8.0,5.37,18.0,0.6,0.5,0.4,-5.62,0.85,4.88,0.4,8.0,7.14,18.0,0.6,0.5,0.4,1009.47,1014.2,1020.11,1013.6,8.0,8.45,18.0,0.6,0.5,0.4,6.1,8.0,8.0,7.4,8.0,0.9,18.0,0.6,0.5,0.4,-10.5,34.0,82.3,47.6,8.0,66.8,18.0,0.6,0.5,0.4,-34.1,7.9,47.5,5.3,8.0,84.6,18.0,0.6,0.5,0.4,0.03,1.8,3.89,1.95,8.0,2.31,18.0,0.6,0.5,0.4,0.3,9.8,34.6,13.6,8.0,19.8,18.0,0.6,0.5,0.4,1.84,4.1,6.75,4.21,8.0,2.42,18.0,0.6,0.5,0.4,20.0,24.4,42.8,30.9,8.0,15.0,18.0,0.6,0.5,0.4,-26.9,72.3,161.0,73.7,8.0,88.6,18.0,0.6,0.5,0.4,-91.1,6.2,92.9,16.2,8.0,126.2,18.0,0.6,0.5,0.4,-14.7,40.2,101.5,44.8,8.0,54.2,18.0,0.6,0.5,0.4,-47.0,4.8,58.6,12.6,8.0,73.3,18.0,0.6,0.5,0.4,-7.3,15.3,18.7,10.4,8.0,21.7,18.0,0.6,0.5,0.4,-31.8,-3.1,19.6,-4.8,8.0,26.5,18.0,0.6,0.5,0.4,113.0,521.5,1759.0,991.5,8.0,1231.0,18.0,0.6,0.5,0.4,115.0,520.0,1760.0,990.0,8.0,1230.0,18.0,0.6,0.5,0.4
1974,2,297.0,36.0,18.09,19.0,20.0,19.17,13.0,1.13,14.0,0.2,0.6,0.5,12.38,14.9,17.78,14.9,15.0,2.85,12.0,0.2,0.5,0.5,6.06,7.14,9.56,7.7,11.0,1.8,14.0,0.2,0.6,0.4,59.0,70.5,88.9,73.3,11.0,13.3,14.0,0.2,0.4,5.3,10.3,15.18,9.85,15.0,4.53,12.0,0.2,0.5,0.5,4.33,7.89,11.08,7.74,15.0,4.7,12.0,0.2,0.5,0.5,-6.29,-2.67,4.8,-1.69,15.0,5.92,12.0,0.2,0.5,0.5,1007.22,1015.0,1023.41,1014.77,15.0,7.8,12.0,0.2,0.5,0.5,5.0,7.0,8.0,6.3,13.0,1.9,12.0,0.2,0.5,0.5,23.9,81.3,157.4,94.7,15.0,79.1,12.0,0.2,0.5,0.5,-63.6,-18.0,70.2,-13.4,15.0,79.9,12.0,0.2,0.5,0.5,2.45,4.5,7.1,4.28,13.0,2.85,14.0,0.2,0.6,0.5,14.3,35.0,65.5,36.3,13.0,31.8,14.0,0.2,0.6,0.5,3.98,6.36,8.34,6.11,11.0,2.11,14.0,0.2,0.6,0.4,30.2,60.3,77.9,54.9,11.0,23.1,14.0,0.2,0.6,0.4,61.0,102.6,186.6,116.2,15.0,82.2,12.0,0.2,0.5,0.5,-85.3,-36.6,94.3,-13.9,15.0,86.9,12.0,0.2,0.5,0.5,33.8,49.9,99.8,60.6,11.0,37.4,14.0,0.2,0.6,0.4,-34.5,-19.3,50.8,-1.5,11.0,47.9,14.0,0.2,0.6,0.4,21.9,49.4,64.2,43.8,11.0,25.1,14.0,0.2,0.6,0.4,-45.8,-14.6,14.3,-13.4,11.0,30.2,14.0,0.2,0.6,0.4,151.0,1092.5,3504.5,1516.5,15.0,1482.0,12.0,0.2,0.5,0.5,150.0,1095.0,3505.0,1515.0,15.0,1480.0,12.0,0.2,0.5,0.5
1974,2,297.0,37.0,19.14,20.0,20.64,19.46,13.0,1.73,12.0,0.5,0.6,0.1,14.53,15.6,17.62,15.99,15.0,2.01,12.0,0.5,0.7,0.2,7.37,8.76,10.46,8.96,12.0,2.11,12.0,0.5,0.6,0.1,69.4,81.9,90.1,79.3,12.0,11.9,12.0,0.5,0.1,6.53,13.9,20.13,13.36,15.0,6.49,12.0,0.5,0.7,0.2,2.63,12.04,17.12,10.14,15.0,7.37,12.0,0.5,0.7,0.2,-7.34,2.63,8.28,1.51,15.0,8.15,12.0,0.5,0.7,0.2,1004.24,1009.5,1019.33,1010.61,15.0,7.04,12.0,0.5,0.7,0.2,5.2,8.0,8.0,6.9,15.0,1.5,12.0,0.5,0.7,0.2,19.7,167.3,326.1,176.5,15.0,158.4,12.0,0.5,0.7,0.2,-109.3,20.3,94.4,27.6,15.0,148.2,12.0,0.5,0.7,0.2,1.94,4.2,5.6,3.62,13.0,2.25,12.0,0.5,0.6,0.1,10.7,52.1,72.4,43.0,13.0,34.8,12.0,0.5,0.6,0.1,3.89,5.4,7.47,5.49,12.0,2.05,12.0,0.5,0.6,0.1,21.5,67.9,98.1,65.5,12.0,42.3,12.0,0.5,0.6,0.1,36.7,218.5,283.8,166.0,15.0,125.4,12.0,0.5,0.7,0.2,-110.1,40.3,141.6,31.5,15.0,131.3,12.0,0.5,0.7,0.2,12.5,87.2,158.5,85.2,12.0,72.6,12.0,0.5,0.6,0.1,-59.6,7.6,104.6,19.8,12.0,78.5,12.0,0.5,0.6,0.1,7.4,47.6,89.4,46.6,12.0,39.8,12.0,0.5,0.6,0.1,-38.2,3.1,36.2,4.5,12.0,49.9,12.0,0.5,0.6,0.1,286.5,2685.5,8207.0,3944.0,15.0,4076.0,12.0,0.5,0.7,0.2,285.0,2685.0,8205.0,3945.0,15.0,4075.0,12.0,0.5,0.7,0.2
1974,2,297.0,38.0,19.64,21.0,23.14,20.89,7.0,4.23,10.0,0.7,0.7,0.3,8.89,13.0,17.41,13.64,7.0,4.58,10.0,0.7,0.7,0.3,4.5,5.07,9.02,6.69,4.0,3.71,10.0,0.8,0.6,0.2,61.3,64.4,71.2,66.2,4.0,6.7,10.0,0.8,0.2,9.62,15.9,25.7,16.11,7.0,8.73,10.0,0.7,0.7,0.3,-0.31,7.91,19.69,7.86,7.0,9.99,10.0,0.7,0.7,0.3,-16.52,-7.66,10.74,-2.58,7.0,14.12,10.0,0.7,0.7,0.3,1003.56,1005.0,1014.95,1008.41,7.0,9.0,10.0,0.7,0.7,0.3,6.8,7.0,8.0,6.9,7.0,1.8,10.0,0.7,0.7,0.3,-3.1,97.2,506.0,177.5,7.0,238.9,10.0,0.7,0.7,0.3,-424.6,-76.6,176.0,-61.8,7.0,310.3,10.0,0.7,0.7,0.3,3.53,9.0,11.52,7.24,7.0,5.4,10.0,0.7,0.7,0.3,19.1,80.2,296.1,130.7,7.0,140.6,10.0,0.7,0.7,0.3,9.55,10.91,12.35,10.95,4.0,1.7,10.0,0.8,0.6,0.2,81.9,201.4,296.3,189.7,4.0,134.1,10.0,0.8,0.6,0.2,-4.4,94.9,179.4,90.7,7.0,121.4,10.0,0.7,0.7,0.3,-142.3,-109.5,226.6,11.5,7.0,202.4,10.0,0.7,0.7,0.3,46.9,88.8,121.3,84.3,4.0,56.5,10.0,0.8,0.6,0.2,-74.6,-34.3,67.2,-5.1,4.0,94.1,10.0,0.8,0.6,0.2,65.0,154.3,227.0,146.4,4.0,100.9,10.0,0.8,0.6,0.2,-190.5,-78.7,52.8,-69.3,4.0,144.1,10.0,0.8,0.6,0.2,952.5,4019.5,16974.5,7176.0,7.0,7356.0,10.0,0.7,0.7,0.3,955.0,4020.0,16975.0,7175.0,7.0,7355.0,10.0,0.7,0.7,0.3
1974,2,297.0,39.0,12.97,17.0,19.1,15.95,13.0,3.86,18.0,0.5,0.6,0.4,8.34,14.1,15.56,12.01,14.0,4.66,18.0,0.5,0.6,0.4,5.01,6.48,9.81,7.12,11.0,2.35,18.0,0.6,0.6,0.4,56.1,71.2,87.7,71.9,11.0,16.4,18.0,0.6,0.4,8.05,11.3,14.07,11.31,15.0,2.66,18.0,0.5,0.6,0.4,0.0,10.14,11.41,6.22,15.0,6.64,18.0,0.5,0.6,0.4,-9.76,0.0,6.91,-1.38,15.0,7.51,18.0,0.5,0.6,0.4,1006.07,1011.2,1020.46,1012.57,15.0,8.12,18.0,0.5,0.6,0.4,6.0,8.0,8.0,6.7,12.0,2.3,18.0,0.6,0.5,0.4,0.0,104.5,158.3,78.3,15.0,85.1,18.0,0.5,0.6,0.4,-141.7,0.0,59.1,-26.9,15.0,92.6,18.0,0.5,0.6,0.4,1.15,3.0,6.66,3.6,12.0,2.9,18.0,0.6,0.7,0.4,13.4,35.9,51.3,34.5,12.0,26.7,18.0,0.6,0.7,0.4,3.15,5.45,7.01,5.25,10.0,2.37,20.0,0.7,0.6,0.4,34.0,53.9,76.9,52.3,10.0,23.7,20.0,0.7,0.6,0.4,1.0,103.9,171.2,88.9,14.0,84.3,18.0,0.5,0.6,0.4,-70.2,12.7,90.8,10.7,14.0,83.4,18.0,0.5,0.6,0.4,6.0,49.6,113.9,52.7,11.0,51.3,18.0,0.6,0.6,0.4,-28.6,18.1,50.8,9.2,11.0,47.3,18.0,0.6,0.6,0.4,3.6,31.4,62.8,26.9,10.0,37.5,20.0,0.7,0.6,0.4,-17.4,17.3,48.8,16.6,10.0,32.9,20.0,0.7,0.6,0.4,533.5,1443.0,2800.0,1672.0,15.0,1116.0,18.0,0.5,0.6,0.4,535.0,1445.0,2800.0,1670.0,15.0,1115.0,18.0,0.5,0.6,0.4
1974,2,297.0,40.0,11.84,14.0,15.18,13.52,18.0,2.47,14.0,0.6,0.5,0.5,5.93,8.3,14.13,8.8,22.0,4.54,14.0,0.6,0.5,0.5,4.11,6.76,8.92,6.67,16.0,2.16,14.0,0.6,0.5,0.4,71.1,84.6,93.3,82.7,16.0,13.1,14.0,0.6,0.4,7.53,12.1,18.0,12.27,22.0,5.79,14.0,0.6,0.5,0.5,-6.25,2.11,10.88,2.2,22.0,10.1,14.0,0.6,0.5,0.5,-8.84,-0.25,9.91,0.84,22.0,9.13,14.0,0.6,0.5,0.5,1001.35,1011.2,1020.26,1010.75,21.0,10.29,14.0,0.6,0.5,0.5,4.0,8.0,8.0,6.7,19.0,1.9,14.0,0.6,0.5,0.5,-62.7,20.7,157.8,37.3,22.0,181.9,14.0,0.6,0.5,0.5,-97.0,-0.1,104.3,14.7,22.0,142.5,14.0,0.6,0.5,0.5,0.08,3.6,7.86,3.54,18.0,4.04,14.0,0.6,0.5,0.5,0.6,40.7,100.8,44.6,18.0,68.8,14.0,0.6,0.5,0.5,1.21,3.3,5.91,3.32,15.0,2.36,14.0,0.6,0.5,0.5,3.7,37.3,60.5,42.3,15.0,44.2,14.0,0.6,0.5,0.5,-52.5,5.4,74.1,7.7,22.0,79.5,14.0,0.6,0.5,0.5,-59.6,-4.0,142.9,34.9,22.0,110.5,14.0,0.6,0.5,0.5,-45.5,0.0,60.5,-4.3,16.0,63.9,14.0,0.6,0.5,0.4,-38.6,-1.6,116.8,28.5,16.0,73.8,14.0,0.6,0.5,0.4,-51.1,0.0,25.2,5.3,15.0,56.6,14.0,0.6,0.5,0.5,-21.9,-2.3,15.1,-4.9,15.0,24.5,14.0,0.6,0.5,0.5,432.5,1795.0,5832.0,2995.5,22.0,3169.5,14.0,0.6,0.5,0.5,435.0,1795.0,5830.0,2995.0,22.0,3170.0,14.0,0.6,0.5,0.5
1974,2,297.0,41.0,5.89,13.65,14.89,11.58,8.0,4.66,16.0,0.8,0.5,0.4,3.6,5.75,6.62,6.55,8.0,4.4,18.0,0.6,0.5,0.4,3.88,4.47,5.26,5.34,8.0,2.73,18.0,0.6,0.5,0.4,71.5,80.9,98.4,82.6,8.0,12.2,18.0,0.6,0.4,9.57,10.3,15.37,10.98,9.0,5.26,18.0,0.7,0.6,0.4,-5.75,-1.79,8.04,1.18,9.0,8.52,18.0,0.7,0.6,0.4,-10.17,-5.15,6.88,-3.45,9.0,8.7,18.0,0.7,0.6,0.4,991.52,1007.5,1015.06,1003.4,9.0,14.11,18.0,0.7,0.6,0.4,8.0,8.0,8.0,7.4,8.0,1.8,18.0,0.6,0.6,0.4,-54.9,-18.4,92.8,32.9,9.0,136.9,18.0,0.7,0.6,0.4,-108.7,-62.7,76.3,-47.1,9.0,113.2,18.0,0.7,0.6,0.4,0.38,8.3,10.56,6.13,7.0,5.7,16.0,0.7,0.5,0.4,-2.1,87.6,193.4,76.1,7.0,95.0,16.0,0.7,0.5,0.4,0.09,6.05,6.55,3.96,7.0,3.72,16.0,0.7,0.5,0.4,-1.4,57.5,110.3,46.7,7.0,58.2,16.0,0.7,0.5,0.4,-35.4,-11.3,45.7,-0.6,8.0,41.6,18.0,0.6,0.5,0.4,-50.2,-33.8,-1.3,-37.2,8.0,67.4,18.0,0.6,0.5,0.4,-27.2,-11.2,33.1,0.9,8.0,37.5,18.0,0.6,0.5,0.4,-60.3,-26.1,-1.3,-31.5,8.0,51.0,18.0,0.6,0.5,0.4,-2.9,5.1,57.3,25.8,7.0,51.7,16.0,0.7,0.5,0.4,-34.6,-2.0,29.7,-12.1,7.0,48.0,16.0,0.7,0.5,0.4,882.0,1092.5,3782.5,2061.5,9.0,2186.5,18.0,0.7,0.6,0.4,880.0,1095.0,3785.0,2060.0,9.0,2185.0,18.0,0.7,0.6,0.4
1974,2,297.0,42.0,4.87,5.75,7.66,6.47,12.0,2.22,20.0,0.6,0.7,0.4,0.03,2.6,6.76,3.73,14.0,4.44,20.0,0.5,0.7,0.4,2.63,4.11,6.74,4.5,8.0,2.19,18.0,0.4,0.7,0.3,66.9,84.0,89.6,78.5,8.0,14.8,18.0,0.4,0.3,3.1,9.15,15.25,8.73,14.0,6.04,20.0,0.5,0.7,0.4,-0.86,1.25,10.55,3.76,14.0,7.3,20.0,0.5,0.7,0.4,-9.72,-1.91,2.96,-2.23,14.0,6.68,20.0,0.5,0.7,0.4,1003.2,1011.05,1029.44,1013.91,14.0,11.69,20.0,0.5,0.7,0.4,2.1,7.5,8.0,5.9,14.0,2.9,20.0,0.5,0.7,0.4,-4.3,8.7,129.6,63.3,14.0,114.7,20.0,0.5,0.7,0.4,-126.1,-5.9,14.7,-32.8,14.0,97.9,20.0,0.5,0.7,0.4,0.37,3.75,5.81,3.48,12.0,3.18,20.0,0.6,0.7,0.4,0.0,10.5,37.8,23.7,12.0,41.7,20.0,0.6,0.7,0.4,0.4,2.98,3.83,2.48,6.0,1.78,18.0,0.5,0.8,0.3,4.0,12.0,58.5,25.3,6.0,27.6,18.0,0.5,0.8,0.3,-1.0,4.7,53.9,22.8,14.0,44.1,20.0,0.5,0.7,0.4,-38.3,0.0,7.1,5.3,14.0,47.1,20.0,0.5,0.7,0.4,-1.8,17.7,56.3,23.3,8.0,41.6,18.0,0.4,0.7,0.3,-32.5,-8.7,48.7,0.3,8.0,45.3,18.0,0.4,0.7,0.3,-2.9,2.9,50.6,17.3,6.0,27.4,18.0,0.5,0.8,0.3,-29.2,-11.6,0.9,-13.6,6.0,14.2,18.0,0.5,0.8,0.3,30.0,766.5,3560.5,1622.5,14.0,2424.0,20.0,0.5,0.7,0.4,30.0,765.0,3560.0,1625.0,14.0,2425.0,20.0,0.5,0.7,0.4
1974,2,297.0,43.0,2.99,4.5,7.24,5.46,7.0,3.22,22.0,0.6,0.6,0.1,-2.14,1.5,4.41,1.33,10.0,3.3,24.0,0.5,0.5,0.3,2.67,3.0,3.32,3.0,2.0,0.67,20.0,0.0,0.6,0.1,56.6,62.2,67.7,62.2,2.0,11.5,20.0,0.0,0.1,2.89,5.1,7.77,5.79,11.0,4.62,24.0,0.6,0.6,0.3,-0.22,2.55,3.52,2.93,11.0,5.16,24.0,0.6,0.6,0.3,-4.23,0.0,4.19,0.78,11.0,4.63,24.0,0.6,0.6,0.3,1007.04,1026.0,1030.76,1020.35,13.0,12.14,24.0,0.5,0.6,0.2,0.0,3.0,8.0,3.4,12.0,3.2,24.0,0.6,0.6,0.2,-0.7,10.3,20.8,34.0,11.0,91.0,24.0,0.6,0.6,0.3,-19.2,0.0,23.1,8.2,11.0,35.1,24.0,0.6,0.6,0.3,-0.68,-0.3,3.17,0.98,5.0,2.23,20.0,0.6,0.6,0.2,-2.8,-0.8,4.4,0.7,4.0,5.4,24.0,0.8,0.7,0.2,2.05,2.05,2.05,2.05,1.0,0.0,14.0,0.0,0.8,0.0,10.5,10.5,10.5,10.5,1.0,0.0,14.0,0.0,0.8,0.0,-2.5,0.0,14.8,9.6,8.0,22.0,24.0,0.6,0.6,0.3,0.0,5.2,13.0,6.7,8.0,7.0,24.0,0.6,0.6,0.3,16.6,34.5,52.4,34.5,2.0,37.1,20.0,0.0,0.6,0.1,1.6,4.9,8.3,4.9,2.0,7.0,20.0,0.0,0.6,0.1,6.7,6.7,6.7,6.7,1.0,0.0,14.0,0.0,0.8,0.0,8.0,8.0,8.0,8.0,1.0,0.0,14.0,0.0,0.8,0.0,24.5,132.5,553.0,660.0,11.0,1583.5,24.0,0.6,0.6,0.3,25.0,135.0,555.0,660.0,11.0,1585.0,24.0,0.6,0.6,0.3
1974,2,297.0,44.0,0.08,1.05,2.5,1.41,16.0,1.58,12.0,0.7,0.7,0.4,-5.0,-2.0,3.56,-0.87,25.0,3.59,14.0,0.6,0.7,0.4,2.63,3.94,4.74,3.71,8.0,1.14,14.0,0.6,0.6,0.2,74.6,86.4,95.2,84.4,8.0,11.2,14.0,0.6,0.2,5.59,8.7,13.2,9.72,25.0,5.15,14.0,0.6,0.7,0.4,-6.42,4.65,10.17,1.99,25.0,9.25,14.0,0.6,0.7,0.4,-4.85,0.0,5.91,-0.13,25.0,5.94,14.0,0.6,0.7,0.4,1002.36,1009.1,1017.0,1008.96,25.0,10.41,14.0,0.6,0.7,0.4,2.0,6.0,8.0,5.1,23.0,2.9,14.0,0.7,0.7,0.5,-70.7,37.9,104.8,18.2,25.0,155.5,14.0,0.6,0.7,0.4,-46.3,0.0,49.2,-12.7,25.0,85.5,14.0,0.6,0.7,0.4,-2.46,1.0,4.83,1.27,16.0,3.93,12.0,0.7,0.7,0.4,-23.3,5.4,46.4,9.3,16.0,34.3,12.0,0.7,0.7,0.4,-0.41,0.47,1.79,0.66,8.0,1.17,14.0,0.6,0.6,0.2,-3.4,1.5,17.8,7.0,8.0,13.4,14.0,0.6,0.6,0.2,-26.8,-7.0,22.8,-5.8,25.0,37.0,14.0,0.6,0.7,0.4,-5.3,0.0,19.9,3.5,25.0,15.0,14.0,0.6,0.7,0.4,-38.4,-4.2,32.2,-0.8,8.0,36.6,14.0,0.6,0.6,0.2,-18.2,-4.9,24.7,-2.8,8.0,22.1,14.0,0.6,0.6,0.2,-8.2,-1.0,6.2,-1.9,8.0,13.4,14.0,0.6,0.6,0.2,-9.7,-2.3,0.4,-4.0,8.0,5.9,14.0,0.6,0.6,0.2,175.0,658.5,2444.5,1791.0,25.0,2947.5,14.0,0.6,0.7,0.4,175.0,660.0,2445.0,1790.0,25.0,2945.0,14.0,0.6,0.7,0.4
1974,2,297.0,45.0,-1.0,-1.0,0.6,-0.52,9.0,0.88,18.0,0.6,0.9,0.1,-6.0,-1.0,4.19,-0.84,25.0,4.9,18.0,0.6,0.9,0.1,1.61,1.83,2.24,1.93,3.0,0.46,10.0,1.0,0.3,0.9,72.5,72.8,89.8,81.0,3.0,14.5,10.0,1.0,0.9,5.1,7.7,10.3,7.77,27.0,3.18,18.0,0.5,0.9,0.1,-4.61,4.79,7.69,3.09,27.0,5.91,18.0,0.5,0.9,0.1,-6.57,0.0,6.11,-0.63,27.0,5.26,18.0,0.5,0.9,0.1,998.63,1009.4,1020.0,1009.99,27.0,9.92,18.0,0.5,0.9,0.1,0.8,5.0,8.0,4.6,25.0,3.4,18.0,0.5,0.9,0.1,-29.1,26.0,78.5,30.6,27.0,65.0,18.0,0.5,0.9,0.1,-55.2,0.0,49.8,-6.1,27.0,50.9,18.0,0.5,0.9,0.1,-5.46,-2.0,1.73,-1.47,9.0,3.63,18.0,0.6,0.9,0.1,-40.0,-5.2,9.8,-10.4,9.0,25.2,18.0,0.6,0.9,0.1,1.64,1.64,1.64,1.64,1.0,0.0,12.0,1.0,0.3,0.9,9.3,9.3,9.3,9.3,1.0,0.0,12.0,1.0,0.3,0.9,-39.3,0.0,16.4,-4.0,25.0,31.0,18.0,0.6,0.9,0.1,-10.1,6.0,22.0,6.1,25.0,25.4,18.0,0.6,0.9,0.1,-17.8,-10.5,2.1,-7.9,3.0,14.8,10.0,1.0,0.3,0.9,-5.3,0.0,6.5,0.6,3.0,8.6,10.0,1.0,0.3,0.9,-9.3,-9.3,-9.3,-9.3,1.0,0.0,12.0,1.0,0.3,0.9,0.0,0.0,0.0,0.0,1.0,0.0,12.0,1.0,0.3,0.9,132.5,456.5,1092.5,698.5,27.0,766.0,18.0,0.5,0.9,0.1,135.0,455.0,1095.0,700.0,27.0,765.0,18.0,0.5,0.9,0.1
1974,2,297.0,46.0,-1.27,-1.2,-1.2,-1.23,3.0,0.06,10.0,0.7,0.9,0.2,-7.0,-6.2,-4.71,-5.88,5.0,1.25,12.0,0.8,0.7,0.2,1.82,2.01,2.2,2.01,5.0,0.2,12.0,0.8,0.7,0.2,79.3,82.1,85.0,82.1,5.0,5.0,12.0,0.8,0.2,4.0,5.7,7.07,5.46,5.0,2.12,12.0,0.8,0.7,0.2,-4.93,-0.72,2.44,-1.12,5.0,4.34,12.0,0.8,0.7,0.2,-5.1,-1.97,1.2,-1.99,5.0,4.06,12.0,0.8,0.7,0.2,1006.64,1009.0,1012.35,1009.62,5.0,3.67,12.0,0.8,0.7,0.2,1.6,2.0,6.1,3.6,5.0,2.9,12.0,0.8,0.7,0.2,-29.0,-1.5,15.6,-6.2,5.0,27.1,12.0,0.8,0.7,0.2,-34.6,-4.1,6.1,-13.3,5.0,28.5,12.0,0.8,0.7,0.2,3.63,5.0,5.48,4.57,3.0,1.4,10.0,0.7,0.9,0.2,13.0,15.3,27.7,20.3,3.0,11.6,10.0,0.7,0.9,0.2,1.33,1.62,1.66,1.5,3.0,0.27,10.0,0.7,0.9,0.2,4.2,6.1,9.6,6.9,3.0,4.0,10.0,0.7,0.9,0.2,-13.9,5.0,25.6,6.4,5.0,24.4,12.0,0.8,0.7,0.2,-5.0,13.8,31.0,14.3,5.0,25.1,12.0,0.8,0.7,0.2,-10.0,-1.3,5.1,-2.0,5.0,8.7,12.0,0.8,0.7,0.2,-10.5,-3.6,2.7,-3.8,5.0,8.5,12.0,0.8,0.7,0.2,-9.2,-4.7,-2.3,-5.7,3.0,5.1,10.0,0.7,0.9,0.2,-2.2,0.0,2.7,0.2,3.0,3.6,10.0,0.7,0.9,0.2,87.5,185.0,357.5,217.0,5.0,170.0,12.0,0.8,0.7,0.2,90.0,185.0,360.0,215.0,5.0,170.0,12.0,0.8,0.7,0.2
1974,2,297.0,47.0,-1.7,-1.7,-1.7,-1.7,2.0,0.0,28.0,1.0,0.8,0.2,-5.26,-4.95,-4.64,-4.95,2.0,0.64,28.0,1.0,0.8,0.2,2.16,2.21,2.27,2.21,2.0,0.12,28.0,1.0,0.8,0.2,85.3,85.5,85.8,85.5,2.0,0.5,28.0,1.0,0.2,5.86,6.2,6.54,6.2,2.0,0.71,28.0,1.0,0.8,0.2,5.2,5.77,6.33,5.77,2.0,1.18,28.0,1.0,0.8,0.2,1.43,2.01,2.58,2.01,2.0,1.19,28.0,1.0,0.8,0.2,1023.79,1024.2,1024.61,1024.2,2.0,0.85,28.0,1.0,0.8,0.2,1.8,3.5,5.2,3.5,2.0,3.5,28.0,1.0,0.8,0.2,30.7,36.2,41.7,36.2,2.0,11.4,28.0,1.0,0.8,0.2,9.1,12.0,14.9,12.0,2.0,6.0,28.0,1.0,0.8,0.2,2.94,3.25,3.56,3.25,2.0,0.64,28.0,1.0,0.8,0.2,19.1,19.9,20.7,19.9,2.0,1.6,28.0,1.0,0.8,0.2,1.03,1.09,1.14,1.09,2.0,0.12,28.0,1.0,0.8,0.2,6.7,6.7,6.7,6.7,2.0,0.0,28.0,1.0,0.8,0.2,-29.2,-28.2,-27.1,-28.2,2.0,2.1,28.0,1.0,0.8,0.2,-13.8,-10.3,-6.8,-10.3,2.0,7.2,28.0,1.0,0.8,0.2,11.2,12.8,14.4,12.8,2.0,3.3,28.0,1.0,0.8,0.2,3.2,4.4,5.5,4.4,2.0,2.4,28.0,1.0,0.8,0.2,5.9,6.2,6.5,6.2,2.0,0.6,28.0,1.0,0.8,0.2,1.5,2.2,3.0,2.2,2.0,1.5,28.0,1.0,0.8,0.2,203.5,243.0,282.5,243.0,2.0,81.5,28.0,1.0,0.8,0.2,205.0,245.0,280.0,245.0,2.0,80.0,28.0,1.0,0.8,0.2
1974,2,297.0,48.0,0.0,0.0,0.0,0.0,1.0,0.0,6.0,0.0,0.8,0.5,-9.21,-7.5,3.42,-3.0,3.0,10.04,10.0,0.3,0.9,0.7,1.58,1.58,1.58,1.58,1.0,0.0,16.0,1.0,0.9,0.8,73.0,73.0,73.0,73.0,1.0,0.0,16.0,1.0,0.8,6.0,10.3,12.14,9.1,3.0,4.62,10.0,0.3,0.9,0.7,4.92,8.92,11.57,8.26,3.0,4.9,10.0,0.3,0.9,0.7,-4.23,-2.26,1.04,-1.61,3.0,3.9,10.0,0.3,0.9,0.7,1005.09,1007.0,1007.89,1006.5,3.0,2.1,10.0,0.3,0.9,0.7,8.0,8.0,8.0,8.0,3.0,0.0,10.0,0.3,0.9,0.7,37.5,91.9,142.8,90.2,3.0,77.1,10.0,0.3,0.9,0.7,-45.5,-29.3,-2.3,-24.0,3.0,32.0,10.0,0.3,0.9,0.7,,,,,,,,,,,,,,,,,,,,,,,,,,,,,,,,,,,,,,,,,-108.6,-66.9,-3.5,-56.3,3.0,77.6,10.0,0.3,0.9,0.7,22.1,22.6,33.5,27.7,3.0,9.5,10.0,0.3,0.9,0.7,14.1,14.1,14.1,14.1,1.0,0.0,16.0,1.0,0.9,0.8,-8.1,-8.1,-8.1,-8.1,1.0,0.0,16.0,1.0,0.9,0.8,,,,,,,,,,,,,,,,,,,,,,,,,,,,,,,,,,,,,,,,
1974,2,297.0,49.0,-1.6,-1.6,-1.6,-1.6,1.0,0.0,6.0,1.0,0.8,0.0,-2.0,-2.0,-2.0,-2.0,1.0,0.0,6.0,1.0,0.8,0.0,2.89,2.89,2.89,2.89,1.0,0.0,6.0,1.0,0.8,0.0,88.1,88.1,88.1,88.1,1.0,0.0,6.0,1.0,0.0,15.9,15.9,15.9,15.9,1.0,0.0,6.0,1.0,0.8,0.0,-7.95,-7.95,-7.95,-7.95,1.0,0.0,6.0,1.0,0.8,0.0,-13.77,-13.77,-13.77,-13.77,1.0,0.0,6.0,1.0,0.8,0.0,1006.8,1006.8,1006.8,1006.8,1.0,0.0,6.0,1.0,0.8,0.0,4.0,4.0,4.0,4.0,1.0,0.0,6.0,1.0,0.8,0.0,-126.4,-126.4,-126.4,-126.4,1.0,0.0,6.0,1.0,0.8,0.0,-218.9,-218.9,-218.9,-218.9,1.0,0.0,6.0,1.0,0.8,0.0,0.4,0.4,0.4,0.4,1.0,0.0,6.0,1.0,0.8,0.0,6.4,6.4,6.4,6.4,1.0,0.0,6.0,1.0,0.8,0.0,0.49,0.49,0.49,0.49,1.0,0.0,6.0,1.0,0.8,0.0,7.8,7.8,7.8,7.8,1.0,0.0,6.0,1.0,0.8,0.0,15.9,15.9,15.9,15.9,1.0,0.0,6.0,1.0,0.8,0.0,27.5,27.5,27.5,27.5,1.0,0.0,6.0,1.0,0.8,0.0,-23.0,-23.0,-23.0,-23.0,1.0,0.0,6.0,1.0,0.8,0.0,-39.8,-39.8,-39.8,-39.8,1.0,0.0,6.0,1.0,0.8,0.0,-3.9,-3.9,-3.9,-3.9,1.0,0.0,6.0,1.0,0.8,0.0,-6.7,-6.7,-6.7,-6.7,1.0,0.0,6.0,1.0,0.8,0.0,4019.5,4019.5,4019.5,4019.5,1.0,0.0,6.0,1.0,0.8,0.0,4020.0,4020.0,4020.0,4020.0,1.0,0.0,6.0,1.0,0.8,0.0
1974,2,298.0,-65.0,1.42,1.45,1.48,1.45,2.0,0.07,18.0,1.0,0.5,0.9,2.24,2.75,3.26,2.75,2.0,1.06,18.0,1.0,0.5,0.9,4.43,4.43,4.43,4.43,1.0,0.0,12.0,1.0,0.9,0.9,100.0,100.0,100.0,100.0,1.0,0.0,12.0,1.0,0.9,5.7,5.7,5.7,5.7,1.0,0.0,12.0,1.0,0.9,0.9,-5.61,-5.61,-5.61,-5.61,1.0,0.0,12.0,1.0,0.9,0.9,-0.99,-0.99,-0.99,-0.99,1.0,0.0,12.0,1.0,0.9,0.9,975.37,984.35,993.33,984.35,2.0,18.6,18.0,1.0,0.5,0.9,8.0,8.0,8.0,8.0,2.0,0.0,18.0,1.0,0.5,0.9,-32.0,-32.0,-32.0,-32.0,1.0,0.0,12.0,1.0,0.9,0.9,-5.6,-5.6,-5.6,-5.6,1.0,0.0,12.0,1.0,0.9,0.9,-1.85,-1.3,-0.75,-1.3,2.0,1.13,18.0,1.0,0.5,0.9,-2.8,-2.8,-2.8,-2.8,1.0,0.0,12.0,1.0,0.9,0.9,-0.16,-0.16,-0.16,-0.16,1.0,0.0,12.0,1.0,0.9,0.9,-0.9,-0.9,-0.9,-0.9,1.0,0.0,12.0,1.0,0.9,0.9,-11.2,-11.2,-11.2,-11.2,1.0,0.0,12.0,1.0,0.9,0.9,-2.0,-2.0,-2.0,-2.0,1.0,0.0,12.0,1.0,0.9,0.9,-24.9,-24.9,-24.9,-24.9,1.0,0.0,12.0,1.0,0.9,0.9,-4.4,-4.4,-4.4,-4.4,1.0,0.0,12.0,1.0,0.9,0.9,0.9,0.9,0.9,0.9,1.0,0.0,12.0,1.0,0.9,0.9,0.2,0.2,0.2,0.2,1.0,0.0,12.0,1.0,0.9,0.9,185.0,185.0,185.0,185.0,1.0,0.0,12.0,1.0,0.9,0.9,185.0,185.0,185.0,185.0,1.0,0.0,12.0,1.0,0.9,0.9
1974,2,298.0,-64.0,1.08,1.25,1.42,1.25,2.0,0.35,14.0,0.0,0.9,0.3,0.91,1.35,1.79,1.35,2.0,0.92,14.0,0.0,0.9,0.3,3.88,3.96,4.04,3.96,2.0,0.17,14.0,0.0,0.9,0.3,88.7,93.3,97.9,93.3,2.0,9.5,14.0,0.0,0.3,4.51,5.4,6.29,5.4,2.0,1.84,14.0,0.0,0.9,0.3,-6.2,-5.35,-4.5,-5.35,2.0,1.77,14.0,0.0,0.9,0.3,-0.98,-0.58,-0.18,-0.58,2.0,0.82,14.0,0.0,0.9,0.3,989.34,992.65,995.96,992.65,2.0,6.86,14.0,0.0,0.9,0.3,8.0,8.0,8.0,8.0,2.0,0.0,14.0,0.0,0.9,0.3,-39.9,-30.5,-21.2,-30.5,2.0,19.4,14.0,0.0,0.9,0.3,-6.6,-3.9,-1.2,-3.9,2.0,5.5,14.0,0.0,0.9,0.3,-0.37,-0.1,0.17,-0.1,2.0,0.57,14.0,0.0,0.9,0.3,-1.4,0.0,1.4,0.0,2.0,2.9,14.0,0.0,0.9,0.3,0.14,0.26,0.38,0.26,2.0,0.25,14.0,0.0,0.9,0.3,0.8,1.2,1.6,1.2,2.0,0.9,14.0,0.0,0.9,0.3,-7.6,-6.4,-5.2,-6.4,2.0,2.5,14.0,0.0,0.9,0.3,-0.7,-0.4,-0.1,-0.4,2.0,0.6,14.0,0.0,0.9,0.3,-25.1,-21.3,-17.5,-21.3,2.0,7.9,14.0,0.0,0.9,0.3,-4.0,-2.4,-0.8,-2.4,2.0,3.4,14.0,0.0,0.9,0.3,-1.6,-1.2,-0.8,-1.2,2.0,0.9,14.0,0.0,0.9,0.3,-0.1,-0.1,0.0,-0.1,2.0,0.1,14.0,0.0,0.9,0.3,105.5,185.0,264.0,185.0,2.0,164.0,14.0,0.0,0.9,0.3,105.0,185.0,265.0,185.0,2.0,165.0,14.0,0.0,0.9,0.3
1974,2,298.0,-63.0,,,,,,,,,,,,,,,,,,,,,,,,,,,,,,,,,,,,,,,,19.0,19.0,19.0,19.0,1.0,0.0,22.0,1.0,0.2,0.7,-12.21,-12.21,-12.21,-12.21,1.0,0.0,22.0,1.0,0.2,0.7,-14.55,-14.55,-14.55,-14.55,1.0,0.0,22.0,1.0,0.2,0.7,985.8,985.8,985.8,985.8,1.0,0.0,22.0,1.0,0.2,0.7,,,,,,,,,,,,,,,,,,,,,,,,,,,,,,,,,,,,,,,,,,,,,,,,,,,,,,,,,,,,,,,,,,,,,,,,,,,,,,,,,,,,,,,,,,,,,,,,,,,,,,,,,,,,,,,,,,,,,,,,,,,,,,,,,,,,,,,,,,,,,,,,,,,,,,
1974,2,298.0,-60.0,3.08,3.25,3.42,3.25,2.0,0.35,20.0,0.0,0.4,1.0,3.8,3.8,3.8,3.8,1.0,0.0,16.0,0.0,0.7,1.0,4.62,4.62,4.62,4.62,1.0,0.0,16.0,0.0,0.7,1.0,93.2,93.2,93.2,93.2,1.0,0.0,16.0,0.0,1.0,9.38,10.85,12.32,10.85,2.0,3.04,20.0,0.0,0.4,1.0,8.99,9.91,10.83,9.91,2.0,1.9,20.0,0.0,0.4,1.0,2.3,4.01,5.71,4.01,2.0,3.53,20.0,0.0,0.4,1.0,997.83,1003.7,1009.57,1003.7,2.0,12.16,20.0,0.0,0.4,1.0,8.0,8.0,8.0,8.0,1.0,0.0,16.0,0.0,0.7,1.0,85.9,110.4,135.0,110.4,2.0,50.8,20.0,0.0,0.4,1.0,24.5,48.8,73.2,48.8,2.0,50.5,20.0,0.0,0.4,1.0,-0.3,-0.3,-0.3,-0.3,1.0,0.0,16.0,0.0,0.7,1.0,-2.6,-2.6,-2.6,-2.6,1.0,0.0,16.0,0.0,0.7,1.0,0.24,0.24,0.24,0.24,1.0,0.0,16.0,0.0,0.7,1.0,2.0,2.0,2.0,2.0,1.0,0.0,16.0,0.0,0.7,1.0,32.6,32.6,32.6,32.6,1.0,0.0,16.0,0.0,0.7,1.0,5.7,5.7,5.7,5.7,1.0,0.0,16.0,0.0,0.7,1.0,39.6,39.6,39.6,39.6,1.0,0.0,16.0,0.0,0.7,1.0,7.0,7.0,7.0,7.0,1.0,0.0,16.0,0.0,0.7,1.0,2.0,2.0,2.0,2.0,1.0,0.0,16.0,0.0,0.7,1.0,0.4,0.4,0.4,0.4,1.0,0.0,16.0,0.0,0.7,1.0,902.5,1428.0,1953.0,1428.0,2.0,1088.0,20.0,0.0,0.4,1.0,905.0,1430.0,1955.0,1430.0,2.0,1090.0,20.0,0.0,0.4,1.0
1974,2,298.0,-59.0,4.2,4.2,4.2,4.2,2.0,0.0,14.0,1.0,0.7,1.0,4.23,4.3,4.37,4.3,2.0,0.14,14.0,1.0,0.7,1.0,4.38,4.43,4.48,4.43,2.0,0.1,14.0,1.0,0.7,1.0,84.5,85.9,87.4,85.9,2.0,3.0,14.0,1.0,1.0,14.54,17.0,19.46,17.0,2.0,5.09,14.0,1.0,0.7,1.0,9.75,12.2,14.64,12.2,2.0,5.07,14.0,1.0,0.7,1.0,10.74,11.75,12.77,11.75,2.0,2.1,14.0,1.0,0.7,1.0,1007.33,1008.9,1010.47,1008.9,2.0,3.25,14.0,1.0,0.7,1.0,8.0,8.0,8.0,8.0,2.0,0.0,14.0,1.0,0.7,1.0,148.7,220.2,291.8,220.2,2.0,148.3,14.0,1.0,0.7,1.0,159.0,205.2,251.3,205.2,2.0,95.6,14.0,1.0,0.7,1.0,-0.17,-0.1,-0.03,-0.1,2.0,0.14,14.0,1.0,0.7,1.0,-3.5,-2.1,-0.7,-2.1,2.0,2.9,14.0,1.0,0.7,1.0,0.64,0.69,0.75,0.69,2.0,0.11,14.0,1.0,0.7,1.0,9.4,12.1,14.7,12.1,2.0,5.5,14.0,1.0,0.7,1.0,41.5,52.8,64.2,52.8,2.0,23.5,14.0,1.0,0.7,1.0,45.5,50.7,55.9,50.7,2.0,10.7,14.0,1.0,0.7,1.0,43.5,53.8,64.1,53.8,2.0,21.3,14.0,1.0,0.7,1.0,48.0,52.0,55.9,52.0,2.0,8.2,14.0,1.0,0.7,1.0,6.4,8.7,11.1,8.7,2.0,4.9,14.0,1.0,0.7,1.0,6.9,8.3,9.6,8.3,2.0,2.8,14.0,1.0,0.7,1.0,3411.5,5574.0,7736.5,5574.0,2.0,4480.0,14.0,1.0,0.7,1.0,3410.0,5575.0,7735.0,5575.0,2.0,4480.0,14.0,1.0,0.7,1.0
1974,2,298.0,-58.0,,,,,,,,,,,,,,,,,,,,,,,,,,,,,,,,,,,,,,,,6.0,6.0,6.0,6.0,1.0,0.0,24.0,0.0,0.9,0.1,2.05,2.05,2.05,2.05,1.0,0.0,24.0,0.0,0.9,0.1,-5.64,-5.64,-5.64,-5.64,1.0,0.0,24.0,0.0,0.9,0.1,999.1,999.1,999.1,999.1,1.0,0.0,24.0,0.0,0.9,0.1,,,,,,,,,,,,,,,,,,,,,,,,,,,,,,,,,,,,,,,,,,,,,,,,,,,,,,,,,,,,,,,,,,,,,,,,,,,,,,,,,,,,,,,,,,,,,,,,,,,,,,,,,,,,,,,,,,,,,,,,,,,,,,,,,,,,,,,,,,,,,,,,,,,,,,
1974,2,298.0,-56.0,,,,,,,,,,,,,,,,,,,,,,,,,,,,,,,,,,,,,,,,10.0,10.0,10.0,10.0,1.0,0.0,8.0,0.0,0.1,1.0,5.0,5.0,5.0,5.0,1.0,0.0,8.0,0.0,0.1,1.0,8.66,8.66,8.66,8.66,1.0,0.0,8.0,0.0,0.1,1.0,1000.2,1000.2,1000.2,1000.2,1.0,0.0,8.0,0.0,0.1,1.0,,,,,,,,,,,,,,,,,,,,,,,,,,,,,,,,,,,,,,,,,,,,,,,,,,,,,,,,,,,,,,,,,,,,,,,,,,,,,,,,,,,,,,,,,,,,,,,,,,,,,,,,,,,,,,,,,,,,,,,,,,,,,,,,,,,,,,,,,,,,,,,,,,,,,,
1974,2,298.0,-53.0,8.3,8.3,8.3,8.3,1.0,0.0,8.0,0.0,0.9,0.4,7.2,7.2,7.2,7.2,1.0,0.0,8.0,0.0,0.9,0.4,6.12,6.12,6.12,6.12,1.0,0.0,8.0,0.0,0.9,0.4,97.3,97.3,97.3,97.3,1.0,0.0,8.0,0.0,0.4,5.1,5.1,5.1,5.1,1.0,0.0,8.0,0.0,0.9,0.4,0.89,0.89,0.89,0.89,1.0,0.0,8.0,0.0,0.9,0.4,5.02,5.02,5.02,5.02,1.0,0.0,8.0,0.0,0.9,0.4,1012.7,1012.7,1012.7,1012.7,1.0,0.0,8.0,0.0,0.9,0.4,8.0,8.0,8.0,8.0,1.0,0.0,8.0,0.0,0.9,0.4,4.5,4.5,4.5,4.5,1.0,0.0,8.0,0.0,0.9,0.4,25.6,25.6,25.6,25.6,1.0,0.0,8.0,0.0,0.9,0.4,1.1,1.1,1.1,1.1,1.0,0.0,8.0,0.0,0.9,0.4,5.6,5.6,5.6,5.6,1.0,0.0,8.0,0.0,0.9,0.4,0.66,0.66,0.66,0.66,1.0,0.0,8.0,0.0,0.9,0.4,3.4,3.4,3.4,3.4,1.0,0.0,8.0,0.0,0.9,0.4,6.4,6.4,6.4,6.4,1.0,0.0,8.0,0.0,0.9,0.4,36.2,36.2,36.2,36.2,1.0,0.0,8.0,0.0,0.9,0.4,5.4,5.4,5.4,5.4,1.0,0.0,8.0,0.0,0.9,0.4,30.7,30.7,30.7,30.7,1.0,0.0,8.0,0.0,0.9,0.4,0.6,0.6,0.6,0.6,1.0,0.0,8.0,0.0,0.9,0.4,3.3,3.3,3.3,3.3,1.0,0.0,8.0,0.0,0.9,0.4,132.5,132.5,132.5,132.5,1.0,0.0,8.0,0.0,0.9,0.4,135.0,135.0,135.0,135.0,1.0,0.0,8.0,0.0,0.9,0.4
1974,2,298.0,-52.0,7.2,7.2,7.2,7.2,1.0,0.0,2.0,0.0,0.4,0.9,12.0,12.0,12.0,12.0,1.0,0.0,2.0,0.0,0.4,0.9,6.36,6.36,6.36,6.36,1.0,0.0,2.0,0.0,0.4,0.9,72.4,72.4,72.4,72.4,1.0,0.0,2.0,0.0,0.9,5.7,5.7,5.7,5.7,1.0,0.0,2.0,0.0,0.4,0.9,5.36,5.36,5.36,5.36,1.0,0.0,2.0,0.0,0.4,0.9,1.95,1.95,1.95,1.95,1.0,0.0,2.0,0.0,0.4,0.9,1000.5,1000.5,1000.5,1000.5,1.0,0.0,2.0,0.0,0.4,0.9,5.0,5.0,5.0,5.0,1.0,0.0,2.0,0.0,0.4,0.9,30.5,30.5,30.5,30.5,1.0,0.0,2.0,0.0,0.4,0.9,11.1,11.1,11.1,11.1,1.0,0.0,2.0,0.0,0.4,0.9,-4.8,-4.8,-4.8,-4.8,1.0,0.0,2.0,0.0,0.4,0.9,-27.4,-27.4,-27.4,-27.4,1.0,0.0,2.0,0.0,0.4,0.9,0.0,0.0,0.0,0.0,1.0,0.0,2.0,0.0,0.4,0.9,0.0,0.0,0.0,0.0,1.0,0.0,2.0,0.0,0.4,0.9,64.3,64.3,64.3,64.3,1.0,0.0,2.0,0.0,0.4,0.9,23.4,23.4,23.4,23.4,1.0,0.0,2.0,0.0,0.4,0.9,34.1,34.1,34.1,34.1,1.0,0.0,2.0,0.0,0.4,0.9,12.4,12.4,12.4,12.4,1.0,0.0,2.0,0.0,0.4,0.9,0.0,0.0,0.0,0.0,1.0,0.0,2.0,0.0,0.4,0.9,0.0,0.0,0.0,0.0,1.0,0.0,2.0,0.0,0.4,0.9,185.0,185.0,185.0,185.0,1.0,0.0,2.0,0.0,0.4,0.9,185.0,185.0,185.0,185.0,1.0,0.0,2.0,0.0,0.4,0.9
1974,2,298.0,-51.0,11.16,11.5,11.84,11.5,2.0,0.71,22.0,0.5,0.3,0.6,12.73,12.8,12.87,12.8,2.0,0.14,22.0,0.5,0.3,0.6,6.8,7.42,8.03,7.42,2.0,1.28,22.0,0.5,0.3,0.6,74.1,80.5,87.0,80.5,2.0,13.4,22.0,0.5,0.6,3.39,5.1,6.87,5.13,3.0,2.55,22.0,0.7,0.5,0.7,-5.89,-2.25,2.56,-1.68,3.0,6.21,22.0,0.7,0.5,0.7,-1.6,-1.3,0.5,-0.57,3.0,1.67,22.0,0.7,0.5,0.7,1006.49,1009.9,1010.1,1008.33,3.0,2.98,22.0,0.7,0.5,0.7,5.3,6.0,7.4,6.3,3.0,1.5,22.0,0.7,0.5,0.7,-41.7,-5.9,14.8,-13.3,3.0,41.9,22.0,0.7,0.5,0.7,-7.1,-3.4,6.0,-0.7,3.0,9.9,22.0,0.7,0.5,0.7,-1.57,-1.3,-1.03,-1.3,2.0,0.57,22.0,0.5,0.3,0.6,-11.4,-7.7,-4.0,-7.7,2.0,7.6,22.0,0.5,0.3,0.6,0.6,1.04,1.48,1.04,2.0,0.91,22.0,0.5,0.3,0.6,2.9,7.0,11.1,7.0,2.0,8.4,22.0,0.5,0.3,0.6,-85.6,-62.7,-39.7,-62.7,2.0,47.6,22.0,0.5,0.3,0.6,-11.4,0.1,11.6,0.1,2.0,23.9,22.0,0.5,0.3,0.6,-44.5,-34.1,-23.6,-34.1,2.0,21.7,22.0,0.5,0.3,0.6,-7.7,-1.1,5.6,-1.1,2.0,13.8,22.0,0.5,0.3,0.6,-10.9,-6.8,-2.8,-6.8,2.0,8.4,22.0,0.5,0.3,0.6,-0.1,0.9,1.8,0.9,2.0,2.0,22.0,0.5,0.3,0.6,54.0,132.5,353.5,202.5,3.0,227.5,22.0,0.7,0.5,0.7,55.0,135.0,355.0,200.0,3.0,230.0,22.0,0.7,0.5,0.7
1974,2,298.0,-47.0,13.0,13.0,13.0,13.0,1.0,0.0,18.0,1.0,0.5,0.9,14.8,14.8,14.8,14.8,1.0,0.0,18.0,1.0,0.5,0.9,9.91,9.91,9.91,9.91,1.0,0.0,18.0,1.0,0.5,0.9,95.0,95.0,95.0,95.0,1.0,0.0,18.0,1.0,0.9,,,,,,,,,,,,,,,,,,,,,,,,,,,,,,,,,,,,,,,,,,,,,,,,,,,,,,,,,,,,,,,,,,,,,,,,,,,,,,,,,,,,,,,,,,,,,,,,,,,,,,,,,,,,,,,,,,,,,,,,,,,,,,,,,,,,,,,,,,,,,,,,,,,,,,,,,,,,,,,,,,,,,,,,,,,,,,,,,,,,,,,,,,,,,,
1974,2,298.0,-46.0,13.32,14.0,14.68,14.0,3.0,1.0,16.0,1.0,0.9,0.4,14.41,15.3,15.78,15.1,3.0,1.01,16.0,1.0,0.9,0.4,9.47,9.59,9.95,9.71,3.0,0.37,16.0,1.0,0.9,0.4,87.9,93.8,94.6,91.3,3.0,5.4,16.0,1.0,0.4,2.14,4.6,6.03,4.1,3.0,2.88,16.0,1.0,0.9,0.4,-3.13,-2.29,-0.73,-1.94,3.0,1.79,16.0,1.0,0.9,0.4,-5.24,-2.96,-1.62,-3.42,3.0,2.68,16.0,1.0,0.9,0.4,1011.86,1012.0,1012.96,1012.4,3.0,0.87,16.0,1.0,0.9,0.4,8.0,8.0,8.0,8.0,3.0,0.0,16.0,1.0,0.9,0.4,-15.9,-15.4,-4.9,-10.5,3.0,9.1,16.0,1.0,0.9,0.4,-33.1,-13.6,-5.0,-18.9,3.0,21.1,16.0,1.0,0.9,0.4,-1.2,-1.0,-1.0,-1.1,3.0,0.17,16.0,1.0,0.9,0.4,-6.0,-4.6,-2.3,-4.2,3.0,2.7,16.0,1.0,0.9,0.4,-0.17,-0.12,0.63,0.22,3.0,0.66,16.0,1.0,0.9,0.4,-0.4,-0.2,4.4,1.9,3.0,4.0,16.0,1.0,0.9,0.4,-45.3,-36.7,-11.6,-28.7,3.0,25.6,16.0,1.0,0.9,0.4,-81.9,-41.4,-23.6,-52.5,3.0,43.8,16.0,1.0,0.9,0.4,-29.6,-22.0,-7.0,-18.4,3.0,16.9,16.0,1.0,0.9,0.4,-50.1,-27.8,-15.7,-32.8,3.0,25.5,16.0,1.0,0.9,0.4,-1.5,0.0,0.3,-0.6,3.0,1.4,16.0,1.0,0.9,0.4,-4.2,0.2,0.3,-1.9,3.0,3.7,16.0,1.0,0.9,0.4,31.5,97.5,236.0,133.0,3.0,153.0,16.0,1.0,0.9,0.4,30.0,95.0,235.0,135.0,3.0,155.0,16.0,1.0,0.9,0.4
1974,2,298.0,-45.0,13.27,16.0,16.68,15.0,3.0,2.65,16.0,1.0,0.5,0.5,15.48,16.5,17.39,16.43,3.0,1.4,16.0,1.0,0.5,0.5,9.76,10.55,11.3,10.53,3.0,1.13,16.0,1.0,0.5,0.5,85.2,89.6,96.7,90.9,3.0,8.5,16.0,1.0,0.5,7.53,9.3,11.35,9.43,3.0,2.8,16.0,1.0,0.5,0.5,-0.55,3.18,8.9,4.15,3.0,6.98,16.0,1.0,0.5,0.5,-7.96,-6.3,0.87,-3.61,3.0,6.88,16.0,1.0,0.5,0.5,1010.33,1013.2,1018.52,1014.4,3.0,6.09,16.0,1.0,0.5,0.5,2.6,4.0,6.7,4.7,3.0,3.1,16.0,1.0,0.5,0.5,-1.1,29.6,106.4,52.1,3.0,81.1,16.0,1.0,0.5,0.5,-68.9,-42.2,21.9,-23.9,3.0,68.4,16.0,1.0,0.5,0.5,-2.3,-0.8,-0.6,-1.43,3.0,1.37,16.0,1.0,0.5,0.5,-27.5,-7.4,-4.6,-15.9,3.0,18.3,16.0,1.0,0.5,0.5,-0.64,-0.37,0.93,0.13,3.0,1.23,16.0,1.0,0.5,0.5,-7.3,-2.5,8.9,0.7,3.0,12.2,16.0,1.0,0.5,0.5,-7.8,56.6,136.3,64.1,3.0,105.8,16.0,1.0,0.5,0.5,-139.2,-103.9,10.1,-65.4,3.0,114.3,16.0,1.0,0.5,0.5,-7.6,33.6,84.8,38.5,3.0,67.8,16.0,1.0,0.5,0.5,-86.2,-73.3,3.7,-42.0,3.0,71.2,16.0,1.0,0.5,0.5,-5.8,0.8,3.6,-1.1,3.0,7.1,16.0,1.0,0.5,0.5,-10.1,-3.2,0.6,-4.8,3.0,7.9,16.0,1.0,0.5,0.5,460.5,804.5,1525.5,988.5,3.0,796.0,16.0,1.0,0.5,0.5,460.0,805.0,1525.0,990.0,3.0,795.0,16.0,1.0,0.5,0.5
1974,2,298.0,-44.0,12.0,12.0,12.0,12.0,1.0,0.0,12.0,0.0,0.1,0.5,15.0,15.0,15.0,15.0,1.0,0.0,12.0,0.0,0.1,0.5,10.57,10.57,10.57,10.57,1.0,0.0,12.0,0.0,0.1,0.5,100.0,100.0,100.0,100.0,1.0,0.0,12.0,0.0,0.5,4.1,4.1,4.1,4.1,1.0,0.0,12.0,0.0,0.1,0.5,0.71,0.71,0.71,0.71,1.0,0.0,12.0,0.0,0.1,0.5,-4.04,-4.04,-4.04,-4.04,1.0,0.0,12.0,0.0,0.1,0.5,1014.0,1014.0,1014.0,1014.0,1.0,0.0,12.0,0.0,0.1,0.5,,,,,,,,,,,,,,,,,,,,,,,,,,,,,,,-3.0,-3.0,-3.0,-3.0,1.0,0.0,12.0,0.0,0.1,0.5,-12.3,-12.3,-12.3,-12.3,1.0,0.0,12.0,0.0,0.1,0.5,-1.89,-1.89,-1.89,-1.89,1.0,0.0,12.0,0.0,0.1,0.5,-7.7,-7.7,-7.7,-7.7,1.0,0.0,12.0,0.0,0.1,0.5,10.7,10.7,10.7,10.7,1.0,0.0,12.0,0.0,0.1,0.5,-60.6,-60.6,-60.6,-60.6,1.0,0.0,12.0,0.0,0.1,0.5,7.5,7.5,7.5,7.5,1.0,0.0,12.0,0.0,0.1,0.5,-42.7,-42.7,-42.7,-42.7,1.0,0.0,12.0,0.0,0.1,0.5,-1.3,-1.3,-1.3,-1.3,1.0,0.0,12.0,0.0,0.1,0.5,7.6,7.6,7.6,7.6,1.0,0.0,12.0,0.0,0.1,0.5,69.0,69.0,69.0,69.0,1.0,0.0,12.0,0.0,0.1,0.5,70.0,70.0,70.0,70.0,1.0,0.0,12.0,0.0,0.1,0.5
1974,2,298.0,-43.0,16.16,16.5,16.84,16.5,3.0,0.5,4.0,0.0,0.4,0.8,15.48,16.5,16.84,16.17,3.0,1.04,4.0,0.0,0.4,0.8,8.0,8.84,9.68,8.84,3.0,1.23,4.0,0.0,0.4,0.8,72.1,72.4,81.5,76.7,3.0,7.8,4.0,0.0,0.8,1.98,4.1,7.65,4.8,3.0,4.19,4.0,0.0,0.4,0.8,-5.36,-4.04,-1.28,-3.34,3.0,3.05,4.0,0.0,0.4,0.8,-0.46,0.71,5.09,2.28,3.0,4.28,4.0,0.0,0.4,0.8,998.4,1004.0,1009.6,1004.0,3.0,8.2,4.0,0.0,0.4,0.8,3.2,8.0,8.0,5.7,3.0,4.0,4.0,0.0,0.4,0.8,-43.2,-16.6,-5.3,-24.0,3.0,28.5,4.0,0.0,0.4,0.8,0.2,2.9,46.2,22.7,3.0,37.7,4.0,0.0,0.4,0.8,-0.34,0.0,1.02,0.33,3.0,1.04,4.0,0.0,0.4,0.8,-1.4,0.0,9.5,4.0,3.0,8.7,4.0,0.0,0.4,0.8,1.98,3.4,3.84,2.92,3.0,1.43,4.0,0.0,0.4,0.8,4.0,5.4,27.4,15.5,3.0,19.2,4.0,0.0,0.4,0.8,-82.4,-66.6,-21.1,-52.1,3.0,46.6,4.0,0.0,0.4,0.8,-7.9,11.7,76.7,33.9,3.0,64.8,4.0,0.0,0.4,0.8,-44.0,-40.6,-12.9,-28.7,3.0,25.0,4.0,0.0,0.4,0.8,-3.8,7.2,39.3,17.5,3.0,32.8,4.0,0.0,0.4,0.8,-18.2,-5.3,-1.7,-9.8,3.0,12.7,4.0,0.0,0.4,0.8,-2.0,0.9,20.0,8.8,3.0,17.5,4.0,0.0,0.4,0.8,22.5,69.0,571.0,291.5,3.0,445.5,4.0,0.0,0.4,0.8,25.0,70.0,570.0,290.0,3.0,445.0,4.0,0.0,0.4,0.8
1974,2,298.0,-42.0,15.0,16.0,18.0,16.46,14.0,1.57,16.0,0.4,0.6,0.5,15.0,17.8,19.97,17.54,14.0,2.6,16.0,0.4,0.6,0.5,6.73,8.89,11.61,9.35,14.0,2.57,16.0,0.4,0.6,0.5,59.0,74.4,90.2,74.3,14.0,15.8,16.0,0.4,0.5,4.26,6.7,9.3,7.21,14.0,2.81,16.0,0.4,0.6,0.5,-3.34,1.16,5.97,1.29,14.0,4.58,16.0,0.4,0.6,0.5,-6.69,-2.89,6.11,-1.76,14.0,6.15,16.0,0.4,0.6,0.5,1007.07,1009.5,1021.81,1012.26,14.0,8.25,16.0,0.4,0.6,0.5,3.0,5.0,7.0,4.9,14.0,2.2,16.0,0.4,0.6,0.5,-21.8,7.8,54.5,12.7,14.0,42.3,16.0,0.4,0.6,0.5,-44.8,-11.8,40.9,-19.4,14.0,58.6,16.0,0.4,0.6,0.5,-3.5,-0.8,0.0,-1.08,14.0,2.37,16.0,0.4,0.6,0.5,-29.7,-4.1,0.0,-10.6,14.0,18.5,16.0,0.4,0.6,0.5,0.0,2.29,4.71,2.34,14.0,2.27,16.0,0.4,0.6,0.5,0.0,14.2,40.7,18.4,14.0,20.0,16.0,0.4,0.6,0.5,-66.1,21.2,115.1,23.4,14.0,79.7,16.0,0.4,0.6,0.5,-148.0,-50.7,89.9,-39.2,14.0,110.1,16.0,0.4,0.6,0.5,-36.0,10.9,43.1,9.3,14.0,38.1,16.0,0.4,0.6,0.5,-84.4,-33.4,36.9,-22.4,14.0,55.0,16.0,0.4,0.6,0.5,0.0,2.3,27.8,7.7,14.0,16.0,16.0,0.4,0.6,0.5,-15.6,0.0,12.5,0.9,14.0,21.2,16.0,0.4,0.6,0.5,83.5,301.0,804.5,542.0,14.0,604.0,16.0,0.4,0.6,0.5,85.0,300.0,805.0,540.0,14.0,605.0,16.0,0.4,0.6,0.5
1974,2,298.0,-41.0,16.16,16.5,18.89,17.5,3.0,2.18,14.0,1.0,0.5,0.3,18.32,19.0,19.68,19.0,3.0,1.0,14.0,1.0,0.5,0.3,7.89,10.42,10.58,9.26,3.0,2.21,14.0,1.0,0.5,0.3,56.3,78.6,80.6,68.7,3.0,19.8,14.0,1.0,0.3,3.63,9.3,9.3,6.53,3.0,4.79,14.0,1.0,0.5,0.3,-4.32,-0.77,3.84,-0.26,3.0,5.99,14.0,1.0,0.5,0.3,1.82,7.12,7.12,4.54,3.0,4.48,14.0,1.0,0.5,0.3,1006.26,1015.0,1018.0,1012.2,3.0,8.94,14.0,1.0,0.5,0.3,4.3,5.0,6.4,5.3,3.0,1.5,14.0,1.0,0.5,0.3,-38.2,-0.8,37.7,-0.3,3.0,55.6,14.0,1.0,0.5,0.3,20.6,66.3,66.3,44.0,3.0,38.6,14.0,1.0,0.5,0.3,-3.02,-2.0,0.05,-1.5,3.0,2.29,14.0,1.0,0.5,0.3,-22.9,-2.0,5.7,-8.4,3.0,21.7,14.0,1.0,0.5,0.3,1.78,3.8,4.67,3.24,3.0,2.17,14.0,1.0,0.5,0.3,11.8,35.4,43.4,27.8,3.0,24.1,14.0,1.0,0.5,0.3,-81.9,-13.8,77.2,-2.6,3.0,117.0,14.0,1.0,0.5,0.3,35.1,135.4,140.2,88.8,3.0,87.0,14.0,1.0,0.5,0.3,-46.0,-8.0,24.9,-10.5,3.0,51.9,14.0,1.0,0.5,0.3,10.6,47.8,67.0,39.0,3.0,42.0,14.0,1.0,0.5,0.3,-15.7,-0.6,20.5,2.3,3.0,26.6,14.0,1.0,0.5,0.3,8.2,27.1,33.2,20.9,3.0,19.1,14.0,1.0,0.5,0.3,256.0,804.5,804.5,536.5,3.0,464.0,14.0,1.0,0.5,0.3,255.0,805.0,805.0,535.0,3.0,465.0,14.0,1.0,0.5,0.3
1974,2,298.0,-40.0,21.0,21.0,21.0,21.0,1.0,0.0,24.0,0.0,0.4,0.3,18.48,19.5,20.52,19.5,4.0,1.29,10.0,0.5,0.7,0.6,11.95,11.95,11.95,11.95,1.0,0.0,24.0,0.0,0.4,0.3,82.3,82.3,82.3,82.3,1.0,0.0,24.0,0.0,0.3,9.3,9.3,11.45,10.33,4.0,2.05,10.0,0.5,0.7,0.6,-3.18,0.0,3.92,0.35,4.0,4.12,10.0,0.5,0.7,0.6,-10.76,0.0,8.74,-0.96,4.0,11.31,10.0,0.5,0.7,0.6,995.53,1002.25,1010.86,1003.15,4.0,8.97,10.0,0.5,0.7,0.6,5.4,8.0,8.0,6.8,4.0,2.5,10.0,0.5,0.7,0.6,-29.6,0.0,46.3,8.0,4.0,45.3,10.0,0.5,0.7,0.6,-127.1,0.0,81.3,-21.9,4.0,124.3,10.0,0.5,0.7,0.6,1.0,1.0,1.0,1.0,1.0,0.0,24.0,0.0,0.4,0.3,9.3,9.3,9.3,9.3,1.0,0.0,24.0,0.0,0.4,0.3,3.52,3.52,3.52,3.52,1.0,0.0,24.0,0.0,0.4,0.3,32.8,32.8,32.8,32.8,1.0,0.0,24.0,0.0,0.4,0.3,-60.6,1.6,79.2,9.0,4.0,81.5,10.0,0.5,0.7,0.6,-217.6,-4.4,166.5,-24.6,4.0,223.9,10.0,0.5,0.7,0.6,-38.0,-38.0,-38.0,-38.0,1.0,0.0,24.0,0.0,0.4,0.3,104.5,104.5,104.5,104.5,1.0,0.0,24.0,0.0,0.4,0.3,-11.2,-11.2,-11.2,-11.2,1.0,0.0,24.0,0.0,0.4,0.3,30.8,30.8,30.8,30.8,1.0,0.0,24.0,0.0,0.4,0.3,804.5,804.5,1643.5,1205.0,4.0,801.0,10.0,0.5,0.7,0.6,805.0,805.0,1645.0,1205.0,4.0,800.0,10.0,0.5,0.7,0.6
1974,2,298.0,10.0,25.61,26.5,27.18,26.4,5.0,0.94,12.0,0.4,0.4,0.6,24.45,25.0,26.93,25.64,5.0,1.61,12.0,0.4,0.4,0.6,16.05,16.74,17.35,16.7,4.0,0.84,12.0,0.5,0.3,0.5,78.4,83.6,86.1,82.3,4.0,6.0,12.0,0.5,0.5,2.92,5.1,7.81,5.08,5.0,3.22,12.0,0.4,0.4,0.6,-5.92,-3.85,-1.46,-3.76,5.0,2.93,12.0,0.4,0.4,0.6,-4.96,-1.74,-0.88,-2.76,5.0,2.61,12.0,0.4,0.4,0.6,1010.48,1010.9,1015.54,1012.9,5.0,3.93,12.0,0.4,0.4,0.6,2.0,2.0,2.7,2.3,3.0,0.6,8.0,0.3,0.4,0.5,-41.8,-24.4,-6.7,-25.5,5.0,24.0,12.0,0.4,0.4,0.6,-30.4,-11.1,-5.6,-17.9,5.0,19.8,12.0,0.4,0.4,0.6,-0.85,1.3,2.11,0.76,5.0,1.56,12.0,0.4,0.4,0.6,-3.2,6.0,13.1,4.9,5.0,9.6,12.0,0.4,0.4,0.6,4.6,5.53,5.84,5.23,4.0,0.92,12.0,0.5,0.3,0.5,8.6,24.2,37.5,23.1,4.0,18.7,12.0,0.5,0.3,0.5,-149.0,-96.2,-35.9,-95.0,5.0,76.4,12.0,0.4,0.4,0.6,-123.1,-42.2,-23.1,-68.7,5.0,65.1,12.0,0.4,0.4,0.6,-69.5,-51.3,-18.6,-44.4,4.0,33.2,12.0,0.5,0.3,0.5,-89.8,-47.6,-13.0,-51.2,4.0,47.9,12.0,0.5,0.3,0.5,-25.4,-15.4,-4.3,-14.9,4.0,12.8,12.0,0.5,0.3,0.5,-27.3,-13.0,-5.0,-16.0,4.0,16.0,12.0,0.5,0.3,0.5,62.0,132.5,477.0,239.5,5.0,229.5,12.0,0.4,0.4,0.6,60.0,135.0,475.0,240.0,5.0,230.0,12.0,0.4,0.4,0.6
1974,2,298.0,11.0,25.61,26.5,27.75,26.53,17.0,1.17,14.0,0.6,0.5,0.3,25.11,26.0,26.84,25.96,17.0,1.11,14.0,0.6,0.5,0.3,15.46,16.23,16.6,16.21,14.0,0.93,14.0,0.6,0.5,0.3,74.5,79.0,83.0,78.1,14.0,5.7,14.0,0.6,0.3,5.1,8.5,10.3,8.08,16.0,3.09,14.0,0.7,0.5,0.2,-9.53,-5.9,-3.91,-6.84,16.0,2.77,14.0,0.7,0.5,0.2,-6.24,-3.28,0.0,-3.26,16.0,3.2,14.0,0.7,0.5,0.2,1011.0,1012.5,1014.09,1012.66,17.0,2.25,14.0,0.6,0.5,0.3,1.5,3.0,6.5,3.9,17.0,2.4,14.0,0.6,0.5,0.3,-96.7,-46.9,-19.9,-62.6,16.0,45.9,14.0,0.7,0.5,0.2,-61.2,-23.2,0.0,-31.9,16.0,38.4,14.0,0.7,0.5,0.2,-0.33,0.5,1.6,0.57,17.0,1.49,14.0,0.6,0.5,0.3,-4.0,3.6,13.3,3.4,16.0,15.0,14.0,0.7,0.5,0.2,3.94,4.96,8.23,5.58,14.0,1.91,14.0,0.6,0.5,0.3,21.9,37.1,50.5,42.9,14.0,26.3,14.0,0.6,0.5,0.3,-264.0,-147.1,-98.8,-178.5,16.0,75.9,14.0,0.7,0.5,0.2,-159.6,-84.0,0.0,-84.1,16.0,82.8,14.0,0.7,0.5,0.2,-149.5,-89.0,-63.2,-103.0,14.0,40.9,14.0,0.6,0.5,0.3,-95.2,-51.0,0.0,-45.4,14.0,47.7,14.0,0.6,0.5,0.3,-40.2,-32.0,-18.3,-36.6,14.0,24.5,14.0,0.6,0.5,0.3,-28.4,-16.2,0.0,-16.2,14.0,18.6,14.0,0.6,0.5,0.3,132.5,630.5,1092.5,754.0,16.0,809.0,14.0,0.7,0.5,0.2,135.0,630.0,1095.0,755.0,16.0,810.0,14.0,0.7,0.5,0.2
1974,2,298.0,12.0,26.19,26.45,26.6,26.4,4.0,0.29,10.0,0.8,0.4,0.8,24.78,25.7,25.95,25.42,5.0,0.72,10.0,0.6,0.4,0.6,14.89,15.29,15.67,15.27,5.0,0.5,10.0,0.6,0.4,0.6,72.4,77.1,78.2,75.6,5.0,3.6,10.0,0.6,0.6,5.39,7.2,10.67,7.72,5.0,3.25,10.0,0.6,0.4,0.6,-10.21,-6.77,-2.18,-6.37,5.0,4.17,10.0,0.6,0.4,0.6,-4.54,-2.46,-2.22,-3.32,5.0,1.76,10.0,0.6,0.4,0.6,1012.76,1013.5,1013.78,1013.34,5.0,0.59,10.0,0.6,0.4,0.6,1.6,2.0,3.0,2.2,5.0,0.8,10.0,0.6,0.4,0.6,-109.2,-48.7,-12.0,-59.1,5.0,52.2,10.0,0.6,0.4,0.6,-38.4,-22.2,-13.9,-25.1,5.0,14.1,10.0,0.6,0.4,0.6,0.25,0.5,1.54,0.88,4.0,0.97,10.0,0.8,0.4,0.8,1.7,2.8,14.0,7.6,4.0,10.7,10.0,0.8,0.4,0.8,5.52,6.37,6.95,6.24,4.0,0.89,10.0,0.8,0.4,0.8,30.4,48.9,64.3,47.5,4.0,21.1,10.0,0.8,0.4,0.8,-254.4,-169.1,-56.9,-160.6,5.0,104.3,10.0,0.6,0.4,0.6,-114.8,-61.6,-57.3,-84.8,5.0,46.6,10.0,0.6,0.4,0.6,-157.2,-103.5,-33.2,-98.2,5.0,65.5,10.0,0.6,0.4,0.6,-69.5,-37.7,-33.3,-50.9,5.0,27.6,10.0,0.6,0.4,0.6,-61.7,-35.7,-13.9,-37.7,4.0,27.7,10.0,0.8,0.4,0.8,-31.0,-20.4,-13.3,-22.1,4.0,11.7,10.0,0.8,0.4,0.8,202.0,373.0,1220.5,648.0,5.0,593.5,10.0,0.6,0.4,0.6,200.0,375.0,1220.0,650.0,5.0,595.0,10.0,0.6,0.4,0.6
1974,2,298.0,13.0,25.6,26.25,27.2,26.42,26.0,0.93,12.0,0.5,0.7,0.3,25.3,25.5,26.56,25.84,25.0,0.92,10.0,0.4,0.7,0.4,15.46,16.27,16.88,16.12,22.0,0.82,8.0,0.5,0.7,0.3,73.1,79.6,81.8,77.8,22.0,6.0,8.0,0.5,0.3,4.0,6.2,8.2,6.16,25.0,2.24,10.0,0.4,0.8,0.4,-7.64,-5.13,-2.86,-5.27,25.0,2.65,10.0,0.4,0.8,0.4,-4.05,-1.42,0.0,-1.75,25.0,2.33,10.0,0.4,0.8,0.4,1011.7,1012.75,1014.13,1013.14,26.0,1.5,12.0,0.5,0.7,0.3,2.0,3.0,4.0,3.0,26.0,1.8,12.0,0.5,0.7,0.3,-65.7,-33.3,-9.5,-37.8,25.0,30.7,10.0,0.4,0.8,0.4,-24.5,-11.7,0.0,-11.1,25.0,15.3,10.0,0.4,0.8,0.4,-0.3,0.6,1.74,0.61,25.0,1.04,10.0,0.4,0.7,0.4,-1.7,2.3,11.2,3.9,24.0,6.7,10.0,0.4,0.7,0.4,3.96,5.28,7.22,5.44,22.0,1.61,8.0,0.5,0.7,0.3,19.4,28.4,38.9,30.2,21.0,13.7,8.0,0.4,0.7,0.3,-197.5,-132.8,-65.5,-136.2,24.0,69.0,10.0,0.4,0.7,0.4,-101.7,-36.6,0.0,-42.1,24.0,60.7,10.0,0.4,0.7,0.4,-115.9,-77.6,-34.0,-77.5,21.0,38.3,8.0,0.4,0.7,0.3,-64.7,-37.3,0.0,-29.6,21.0,39.8,8.0,0.4,0.7,0.3,-36.8,-24.0,-8.9,-24.8,21.0,15.0,8.0,0.4,0.7,0.3,-22.2,-9.2,0.0,-9.0,21.0,13.6,8.0,0.4,0.7,0.3,64.5,238.5,551.5,325.5,25.0,345.0,10.0,0.4,0.8,0.4,65.0,240.0,550.0,325.0,25.0,345.0,10.0,0.4,0.8,0.4
1974,2,298.0,14.0,26.0,26.25,27.35,26.46,18.0,0.82,16.0,0.5,0.5,0.3,24.5,25.15,26.32,25.35,18.0,0.88,16.0,0.5,0.5,0.3,14.23,15.34,17.48,15.71,18.0,1.7,16.0,0.5,0.5,0.3,71.9,78.4,84.1,78.0,18.0,6.6,16.0,0.5,0.3,4.95,7.7,10.3,7.59,18.0,2.41,16.0,0.5,0.5,0.3,-9.68,-6.95,-4.53,-6.78,18.0,2.62,16.0,0.5,0.5,0.3,-3.85,-2.72,0.96,-1.97,18.0,2.69,16.0,0.5,0.5,0.3,1012.0,1014.25,1016.11,1014.24,18.0,2.55,16.0,0.5,0.5,0.3,1.7,3.0,5.0,3.1,18.0,1.8,16.0,0.5,0.5,0.3,-99.7,-55.7,-20.8,-57.0,18.0,33.2,16.0,0.5,0.5,0.3,-36.3,-21.6,5.7,-16.0,18.0,24.3,16.0,0.5,0.5,0.3,0.04,0.9,2.33,1.11,18.0,1.02,16.0,0.5,0.5,0.3,0.1,8.3,17.7,8.6,18.0,8.1,16.0,0.5,0.5,0.3,4.2,6.2,7.53,5.88,18.0,1.81,16.0,0.5,0.5,0.3,27.0,43.2,57.7,43.5,18.0,17.5,16.0,0.5,0.5,0.3,-243.4,-173.4,-116.3,-172.2,18.0,67.8,16.0,0.5,0.5,0.3,-96.4,-69.4,24.7,-48.7,18.0,67.5,16.0,0.5,0.5,0.3,-162.5,-102.1,-74.5,-108.1,18.0,48.0,16.0,0.5,0.5,0.3,-65.3,-39.7,16.2,-29.6,18.0,42.4,16.0,0.5,0.5,0.3,-54.0,-36.5,-21.6,-38.4,18.0,17.7,16.0,0.5,0.5,0.3,-30.4,-13.1,4.3,-12.8,18.0,16.3,16.0,0.5,0.5,0.3,122.0,456.5,1092.5,556.5,18.0,400.0,16.0,0.5,0.5,0.3,120.0,455.0,1095.0,555.0,18.0,400.0,16.0,0.5,0.5,0.3
1974,2,298.0,15.0,25.58,26.0,26.46,26.03,16.0,0.46,14.0,0.0,0.5,0.4,24.0,24.7,25.43,24.7,17.0,0.97,14.0,0.0,0.5,0.4,14.05,14.98,15.89,15.03,16.0,0.92,14.0,0.0,0.5,0.4,73.2,76.5,80.3,78.2,16.0,6.6,14.0,0.0,0.4,2.6,7.2,10.03,6.59,17.0,3.85,14.0,0.0,0.5,0.4,-9.73,-6.7,-1.35,-5.94,17.0,4.06,14.0,0.0,0.5,0.4,-4.11,0.0,0.0,-1.61,17.0,2.09,14.0,0.0,0.5,0.4,1013.38,1014.5,1016.38,1014.89,17.0,1.53,14.0,0.0,0.5,0.4,1.0,3.0,4.0,3.1,17.0,1.6,14.0,0.0,0.5,0.4,-97.7,-51.5,-4.7,-53.4,17.0,50.6,14.0,0.0,0.5,0.4,-32.7,0.0,0.0,-11.6,17.0,16.3,14.0,0.0,0.5,0.4,0.11,1.35,2.39,1.34,16.0,1.15,14.0,0.0,0.5,0.4,0.9,10.5,16.5,9.7,16.0,8.1,14.0,0.0,0.5,0.4,5.13,5.89,7.39,6.0,15.0,1.28,14.0,0.0,0.5,0.5,19.6,42.4,68.5,44.6,15.0,21.8,14.0,0.0,0.5,0.5,-236.3,-164.1,-32.6,-147.1,17.0,102.4,14.0,0.0,0.5,0.4,-95.7,0.0,0.0,-38.8,17.0,50.6,14.0,0.0,0.5,0.4,-143.1,-105.4,-31.2,-95.2,16.0,58.8,14.0,0.0,0.5,0.4,-63.3,0.0,0.0,-25.5,16.0,32.2,14.0,0.0,0.5,0.4,-66.0,-42.4,-13.3,-39.9,15.0,23.8,14.0,0.0,0.5,0.5,-26.7,0.0,0.0,-11.4,15.0,13.7,14.0,0.0,0.5,0.5,17.5,373.0,1011.0,552.5,17.0,620.0,14.0,0.0,0.5,0.4,20.0,375.0,1010.0,555.0,17.0,620.0,14.0,0.0,0.5,0.4
1974,2,298.0,16.0,24.06,24.8,25.37,24.78,5.0,0.81,18.0,0.4,0.5,0.5,23.79,24.75,25.21,24.58,6.0,1.02,18.0,0.5,0.6,0.6,14.11,14.65,15.73,14.92,5.0,0.99,18.0,0.4,0.5,0.5,71.1,76.4,86.7,78.5,5.0,8.1,18.0,0.4,0.5,6.16,7.6,10.25,8.2,6.0,3.28,18.0,0.5,0.6,0.6,-10.09,-7.36,-5.97,-7.95,6.0,3.36,18.0,0.5,0.6,0.6,-2.48,-1.61,0.33,-1.12,6.0,1.67,18.0,0.5,0.6,0.6,1014.88,1017.0,1018.08,1016.63,6.0,1.61,18.0,0.5,0.6,0.6,2.8,6.0,6.2,5.0,6.0,2.0,18.0,0.5,0.6,0.6,-106.9,-56.0,-38.1,-74.4,6.0,61.2,18.0,0.5,0.6,0.6,-24.3,-8.1,3.1,-9.4,6.0,16.9,18.0,0.5,0.6,0.6,-0.37,0.3,1.04,0.28,5.0,0.85,18.0,0.4,0.5,0.5,-3.4,2.0,5.5,0.9,5.0,6.4,18.0,0.4,0.5,0.5,3.23,4.5,5.82,4.54,5.0,1.38,18.0,0.4,0.5,0.5,22.0,24.0,58.3,39.2,5.0,27.9,18.0,0.4,0.5,0.5,-255.2,-176.8,-145.9,-197.5,6.0,90.6,18.0,0.5,0.6,0.6,-63.9,-38.9,8.3,-28.1,6.0,41.8,18.0,0.5,0.6,0.6,-154.9,-110.3,-87.2,-119.7,5.0,54.0,18.0,0.4,0.5,0.5,-31.3,-19.1,8.3,-12.2,5.0,23.6,18.0,0.4,0.5,0.5,-57.4,-24.0,-20.1,-38.1,5.0,27.9,18.0,0.4,0.5,0.5,-12.8,-3.6,2.7,-4.6,5.0,8.9,18.0,0.4,0.5,0.5,253.0,442.5,1193.0,791.0,6.0,959.5,18.0,0.5,0.6,0.6,255.0,445.0,1195.0,790.0,6.0,960.0,18.0,0.5,0.6,0.6
1974,2,298.0,17.0,24.71,25.5,27.06,25.92,5.0,1.79,14.0,0.4,0.7,0.5,24.0,24.75,25.33,24.85,6.0,0.97,14.0,0.3,0.7,0.6,15.45,15.51,16.9,16.14,4.0,1.34,12.0,0.5,0.8,0.5,74.8,79.9,86.9,80.8,4.0,8.5,12.0,0.5,0.5,4.1,5.1,7.86,5.9,5.0,2.15,14.0,0.4,0.7,0.5,-6.97,-5.1,-3.75,-5.27,5.0,1.72,14.0,0.4,0.7,0.5,-3.79,-1.25,0.0,-1.93,5.0,2.41,14.0,0.4,0.7,0.5,1013.19,1016.75,1017.98,1016.0,6.0,2.94,14.0,0.3,0.7,0.6,2.0,3.0,5.4,3.6,5.0,1.8,14.0,0.4,0.7,0.5,-55.1,-26.0,-15.4,-33.8,5.0,21.7,14.0,0.4,0.7,0.5,-25.9,-9.0,0.0,-14.4,5.0,21.7,14.0,0.4,0.7,0.5,-0.11,1.0,1.79,0.9,5.0,1.07,14.0,0.4,0.7,0.5,-0.8,2.1,10.6,4.8,4.0,8.2,12.0,0.5,0.8,0.5,2.39,4.39,7.58,4.96,4.0,3.39,12.0,0.5,0.8,0.5,11.4,19.6,46.4,28.4,4.0,27.1,12.0,0.5,0.8,0.5,-173.9,-124.9,-93.7,-132.0,5.0,45.0,14.0,0.4,0.7,0.5,-92.5,-33.3,0.0,-47.6,5.0,57.9,14.0,0.4,0.7,0.5,-94.9,-76.8,-60.9,-77.9,4.0,24.8,12.0,0.5,0.8,0.5,-30.6,-9.6,0.0,-15.0,4.0,19.5,12.0,0.5,0.8,0.5,-43.3,-17.0,-11.4,-26.9,4.0,27.1,12.0,0.5,0.8,0.5,-13.3,-5.9,0.0,-6.6,4.0,7.7,12.0,0.5,0.8,0.5,69.0,132.5,503.0,274.5,5.0,283.5,14.0,0.4,0.7,0.5,70.0,135.0,505.0,275.0,5.0,285.0,14.0,0.4,0.7,0.5
1974,2,298.0,18.0,24.52,25.2,27.07,25.61,7.0,1.75,10.0,0.3,0.7,0.4,23.9,24.4,26.0,24.57,7.0,1.43,10.0,0.3,0.7,0.4,14.64,15.02,16.17,15.32,7.0,0.89,10.0,0.3,0.7,0.4,77.2,78.5,79.7,79.8,7.0,5.1,10.0,0.3,0.4,4.5,6.2,7.22,5.8,7.0,1.82,10.0,0.3,0.7,0.4,-7.1,-6.2,-2.55,-5.2,7.0,2.21,10.0,0.3,0.7,0.4,-1.32,0.45,3.31,0.73,7.0,2.35,10.0,0.3,0.7,0.4,1011.98,1014.0,1016.1,1014.23,7.0,2.36,10.0,0.3,0.7,0.4,2.0,4.0,6.0,3.9,7.0,1.9,10.0,0.3,0.7,0.4,-51.3,-38.4,-10.4,-33.3,7.0,20.7,10.0,0.3,0.7,0.4,-9.5,1.2,16.8,2.3,7.0,13.9,10.0,0.3,0.7,0.4,-0.24,0.2,2.52,1.04,7.0,2.04,10.0,0.3,0.7,0.4,-1.4,1.4,7.8,6.4,7.0,14.6,10.0,0.3,0.7,0.4,4.08,4.55,7.34,5.27,7.0,1.83,10.0,0.3,0.7,0.4,20.6,28.1,33.9,29.8,7.0,13.4,10.0,0.3,0.7,0.4,-173.6,-157.5,-66.0,-127.2,7.0,53.8,10.0,0.3,0.7,0.4,-31.8,11.7,79.8,18.6,7.0,55.4,10.0,0.3,0.7,0.4,-109.1,-98.1,-41.0,-79.9,7.0,35.1,10.0,0.3,0.7,0.4,-19.3,7.3,47.4,10.8,7.0,34.6,10.0,0.3,0.7,0.4,-33.3,-25.7,-20.0,-27.3,7.0,14.2,10.0,0.3,0.7,0.4,-6.3,3.6,11.8,2.0,7.0,12.1,10.0,0.3,0.7,0.4,93.5,238.5,377.0,241.5,7.0,165.0,10.0,0.3,0.7,0.4,95.0,240.0,375.0,240.0,7.0,165.0,10.0,0.3,0.7,0.4
1974,2,298.0,19.0,23.91,24.7,25.24,24.6,18.0,0.93,16.0,0.5,0.5,0.6,23.51,24.5,25.0,24.35,20.0,0.73,14.0,0.6,0.4,0.6,12.94,13.56,14.53,13.69,17.0,0.98,16.0,0.5,0.4,0.7,67.6,72.3,75.0,72.1,17.0,5.1,16.0,0.5,0.7,5.1,6.7,9.79,7.09,20.0,2.88,14.0,0.6,0.4,0.6,-9.15,-6.15,-3.3,-5.89,20.0,3.35,14.0,0.6,0.4,0.6,-2.63,-0.81,1.5,-1.07,20.0,3.5,14.0,0.6,0.4,0.6,1015.41,1017.6,1019.3,1017.25,20.0,2.21,14.0,0.6,0.4,0.6,1.0,2.0,6.3,3.2,19.0,2.6,16.0,0.5,0.5,0.6,-90.2,-39.1,-16.8,-47.8,20.0,39.9,14.0,0.6,0.4,0.6,-20.2,-4.4,8.8,-13.8,20.0,38.5,14.0,0.6,0.4,0.6,-0.74,0.45,1.21,0.29,18.0,1.36,16.0,0.5,0.5,0.6,-5.2,2.7,8.0,0.7,18.0,10.9,16.0,0.5,0.5,0.6,4.52,5.46,6.45,5.4,15.0,1.19,16.0,0.5,0.5,0.6,24.4,34.4,52.1,39.1,15.0,18.9,16.0,0.5,0.5,0.6,-215.2,-145.5,-84.0,-143.1,20.0,82.8,14.0,0.6,0.4,0.6,-63.1,-19.0,37.6,-25.9,20.0,86.6,14.0,0.6,0.4,0.6,-126.8,-85.4,-51.5,-83.7,17.0,48.7,16.0,0.5,0.4,0.7,-40.1,-21.0,16.8,-19.0,17.0,49.0,16.0,0.5,0.4,0.7,-50.8,-33.8,-17.3,-32.5,15.0,21.0,16.0,0.5,0.5,0.6,-16.2,0.0,7.1,-6.3,15.0,19.6,16.0,0.5,0.5,0.6,132.5,301.0,939.0,535.5,20.0,628.5,14.0,0.6,0.4,0.6,135.0,300.0,940.0,535.0,20.0,630.0,14.0,0.6,0.4,0.6
1974,2,298.0,20.0,24.0,24.45,25.05,24.43,12.0,0.92,14.0,0.6,0.6,0.4,23.04,24.0,24.89,23.9,15.0,0.92,16.0,0.6,0.6,0.4,12.19,13.6,15.16,13.7,11.0,1.55,16.0,0.6,0.6,0.4,70.6,74.3,80.7,74.6,11.0,5.5,16.0,0.6,0.4,5.1,6.2,9.2,6.6,14.0,2.42,16.0,0.6,0.6,0.3,-9.16,-6.15,-2.75,-5.67,14.0,3.28,16.0,0.6,0.6,0.3,-3.45,0.0,1.01,-0.44,14.0,2.67,16.0,0.6,0.6,0.3,1015.83,1017.25,1020.03,1017.73,14.0,2.29,16.0,0.6,0.6,0.3,1.0,2.0,3.0,2.4,15.0,1.6,16.0,0.6,0.6,0.4,-84.3,-38.1,-9.1,-43.6,14.0,36.7,16.0,0.6,0.6,0.3,-24.1,0.0,6.3,-4.6,14.0,17.8,16.0,0.6,0.6,0.3,-0.28,0.35,1.23,0.41,12.0,0.8,14.0,0.6,0.6,0.4,-2.3,0.0,7.8,2.7,11.0,5.2,16.0,0.5,0.6,0.4,4.49,5.07,6.39,5.2,10.0,1.05,16.0,0.6,0.5,0.4,21.2,33.7,35.5,31.6,9.0,12.3,16.0,0.6,0.6,0.4,-219.5,-147.4,-66.8,-134.9,14.0,78.6,16.0,0.6,0.6,0.3,-79.3,0.0,24.7,-8.6,14.0,64.6,16.0,0.6,0.6,0.3,-103.4,-76.2,-40.0,-69.2,10.0,44.2,16.0,0.6,0.6,0.3,-39.2,-8.5,44.7,-1.5,10.0,42.6,16.0,0.6,0.6,0.3,-34.9,-29.2,-15.1,-25.7,9.0,18.5,16.0,0.6,0.6,0.4,-10.9,0.0,15.8,0.5,9.0,13.8,16.0,0.6,0.6,0.4,132.5,238.5,782.5,398.0,14.0,399.5,16.0,0.6,0.6,0.3,135.0,240.0,780.0,400.0,14.0,400.0,16.0,0.6,0.6,0.3
1974,2,298.0,21.0,24.0,24.8,25.0,24.68,18.0,1.16,16.0,0.6,0.5,0.4,24.0,24.15,24.9,24.18,20.0,0.88,16.0,0.6,0.6,0.3,13.6,14.58,15.51,14.4,16.0,1.26,16.0,0.7,0.6,0.4,70.0,76.2,84.4,76.8,16.0,7.9,16.0,0.7,0.4,5.12,7.45,9.3,7.29,20.0,2.32,16.0,0.6,0.6,0.3,-9.3,-7.17,-4.44,-7.03,20.0,2.39,16.0,0.6,0.6,0.3,-1.78,0.44,2.45,0.45,20.0,1.84,16.0,0.6,0.6,0.3,1016.4,1018.45,1021.3,1018.67,20.0,2.89,16.0,0.6,0.6,0.3,2.0,3.0,5.1,3.5,19.0,1.9,16.0,0.6,0.6,0.4,-86.5,-53.6,-22.8,-56.4,20.0,30.9,16.0,0.6,0.6,0.3,-15.3,1.2,17.7,3.2,20.0,13.8,16.0,0.6,0.6,0.3,-0.63,0.5,2.0,0.54,18.0,1.28,16.0,0.6,0.5,0.4,-5.5,4.4,14.0,4.1,18.0,9.9,16.0,0.6,0.5,0.4,3.86,5.39,6.58,5.26,15.0,1.72,16.0,0.7,0.6,0.4,21.8,41.6,61.2,40.7,15.0,19.1,16.0,0.7,0.6,0.4,-225.0,-177.3,-106.7,-170.2,20.0,59.5,16.0,0.6,0.6,0.3,-43.6,10.7,59.1,11.0,20.0,44.7,16.0,0.6,0.6,0.3,-130.1,-102.9,-62.7,-100.9,16.0,37.6,16.0,0.7,0.6,0.4,-24.1,7.1,32.8,5.8,16.0,25.8,16.0,0.7,0.6,0.4,-61.2,-40.9,-19.4,-39.5,15.0,19.0,16.0,0.7,0.6,0.4,-7.7,0.0,10.1,2.6,15.0,10.1,16.0,0.7,0.6,0.4,134.5,415.0,804.5,490.0,20.0,345.0,16.0,0.6,0.6,0.3,135.0,415.0,805.0,490.0,20.0,345.0,16.0,0.6,0.6,0.3
1974,2,298.0,22.0,23.54,24.0,25.0,24.23,16.0,0.98,20.0,0.7,0.6,0.5,22.49,23.5,24.59,23.54,18.0,1.42,20.0,0.6,0.6,0.5,11.96,13.38,14.51,13.11,16.0,1.52,20.0,0.6,0.6,0.5,66.9,70.5,82.5,73.4,16.0,10.6,20.0,0.6,0.5,4.87,7.2,10.03,7.29,17.0,2.92,20.0,0.6,0.6,0.5,-9.37,-6.2,-3.73,-6.24,17.0,3.37,20.0,0.6,0.6,0.5,-3.05,0.0,0.0,-0.98,17.0,3.37,20.0,0.6,0.6,0.5,1017.7,1020.35,1021.99,1020.0,18.0,2.14,20.0,0.6,0.6,0.5,1.0,3.0,7.0,3.3,18.0,2.5,20.0,0.6,0.6,0.5,-87.9,-38.4,-18.3,-52.6,17.0,45.1,20.0,0.6,0.6,0.5,-19.1,0.0,0.0,-10.3,17.0,31.4,20.0,0.6,0.6,0.5,-0.86,0.2,2.85,0.62,16.0,1.89,20.0,0.7,0.6,0.5,-7.2,0.0,26.6,6.1,15.0,17.5,18.0,0.7,0.6,0.5,4.13,4.92,6.39,5.31,14.0,1.57,20.0,0.7,0.7,0.4,20.0,38.2,66.0,42.1,13.0,22.7,20.0,0.7,0.7,0.5,-222.6,-155.0,-82.8,-148.0,17.0,78.7,20.0,0.6,0.6,0.5,-77.7,0.0,0.0,-22.0,17.0,75.0,20.0,0.6,0.6,0.5,-124.9,-78.3,-37.5,-79.1,15.0,50.2,20.0,0.6,0.7,0.5,-46.4,0.0,0.0,-10.2,15.0,42.3,20.0,0.6,0.7,0.5,-48.4,-34.3,-15.0,-33.7,13.0,19.1,20.0,0.7,0.7,0.5,-20.1,0.0,0.8,-8.9,13.0,27.4,20.0,0.7,0.7,0.5,116.5,373.0,1011.0,567.0,17.0,645.5,20.0,0.6,0.6,0.5,115.0,375.0,1010.0,565.0,17.0,645.0,20.0,0.6,0.6,0.5
1974,2,298.0,23.0,23.0,23.7,26.29,24.29,10.0,1.72,16.0,0.6,0.5,0.3,21.97,23.2,23.78,23.08,12.0,1.04,16.0,0.5,0.6,0.3,12.73,13.27,14.53,13.57,7.0,1.55,18.0,0.4,0.6,0.4,73.1,76.2,80.9,76.9,7.0,4.3,18.0,0.4,0.4,3.77,8.1,11.48,7.86,12.0,3.37,16.0,0.5,0.6,0.3,-8.58,-6.24,-3.37,-5.97,12.0,3.62,16.0,0.5,0.6,0.3,-2.5,1.53,6.55,1.62,12.0,4.89,16.0,0.5,0.6,0.3,1016.87,1018.45,1021.2,1018.67,12.0,2.5,16.0,0.5,0.6,0.3,1.7,3.5,7.3,4.1,12.0,2.6,16.0,0.5,0.6,0.3,-97.1,-56.0,-14.0,-56.2,12.0,43.5,16.0,0.5,0.6,0.3,-14.6,7.7,74.3,21.0,12.0,49.8,16.0,0.5,0.6,0.3,-0.56,1.45,3.16,1.28,10.0,2.0,16.0,0.6,0.5,0.3,-3.3,14.7,31.6,15.4,10.0,18.6,16.0,0.6,0.5,0.3,2.53,4.58,7.26,4.68,6.0,2.6,20.0,0.5,0.5,0.3,10.8,33.3,61.9,36.5,6.0,28.9,20.0,0.5,0.5,0.3,-196.3,-143.5,-77.9,-135.8,12.0,82.0,16.0,0.5,0.6,0.3,-57.4,37.1,145.5,37.9,12.0,113.2,16.0,0.5,0.6,0.3,-112.5,-80.3,-32.3,-63.3,7.0,51.9,18.0,0.4,0.6,0.4,-68.2,0.0,44.0,-5.4,7.0,55.9,18.0,0.4,0.6,0.4,-39.2,-26.3,-8.5,-27.1,6.0,24.1,20.0,0.5,0.5,0.3,-31.1,-2.5,15.2,-5.3,6.0,30.6,20.0,0.5,0.5,0.3,55.5,531.5,1515.5,723.0,12.0,657.5,16.0,0.5,0.6,0.3,55.0,530.0,1515.0,725.0,12.0,660.0,16.0,0.5,0.6,0.3
1974,2,298.0,24.0,22.6,24.0,24.63,23.77,12.0,1.01,14.0,0.3,0.5,0.4,21.72,22.75,23.94,22.75,14.0,1.35,16.0,0.3,0.5,0.4,10.76,12.44,14.01,12.39,4.0,2.04,14.0,0.3,0.5,0.5,68.6,75.9,83.5,76.0,4.0,11.3,14.0,0.3,0.5,2.6,6.0,9.19,6.29,13.0,3.01,16.0,0.3,0.5,0.4,-7.12,-3.85,-1.8,-4.29,13.0,3.25,16.0,0.3,0.5,0.4,-4.89,0.0,4.16,-0.05,13.0,4.63,16.0,0.3,0.5,0.4,1016.43,1020.2,1023.37,1020.11,14.0,2.93,16.0,0.3,0.5,0.4,1.0,3.0,6.1,3.5,13.0,2.4,16.0,0.3,0.5,0.4,-63.6,-29.6,-4.7,-34.1,13.0,35.2,16.0,0.3,0.5,0.4,-28.4,0.0,21.2,-2.9,13.0,41.0,16.0,0.3,0.5,0.4,-0.23,1.15,3.0,1.14,12.0,1.69,14.0,0.3,0.5,0.4,-0.8,3.4,18.1,8.0,11.0,14.1,14.0,0.3,0.5,0.4,5.25,6.56,7.8,6.53,4.0,1.5,14.0,0.3,0.5,0.5,25.7,50.0,74.1,49.9,4.0,30.4,14.0,0.3,0.5,0.5,-159.1,-86.2,-41.4,-96.3,13.0,71.0,16.0,0.3,0.5,0.4,-112.4,0.0,99.3,-0.5,13.0,103.9,16.0,0.3,0.5,0.4,-95.6,-66.1,-40.8,-68.1,4.0,36.6,14.0,0.3,0.5,0.5,3.6,43.9,82.6,43.1,4.0,48.8,14.0,0.3,0.5,0.5,-67.7,-40.1,-14.9,-41.2,4.0,30.8,14.0,0.3,0.5,0.5,-1.2,21.1,37.9,18.5,4.0,23.9,14.0,0.3,0.5,0.5,17.5,216.0,786.5,414.0,13.0,483.0,16.0,0.3,0.5,0.4,20.0,215.0,785.0,415.0,13.0,485.0,16.0,0.3,0.5,0.4
1974,2,298.0,25.0,22.27,23.1,24.47,23.51,15.0,1.52,12.0,0.3,0.5,0.5,20.17,21.6,23.82,21.88,13.0,1.68,14.0,0.2,0.5,0.5,10.44,11.83,13.65,12.04,4.0,1.88,10.0,0.0,0.4,0.5,69.1,74.3,83.6,76.3,4.0,10.8,10.0,0.0,0.5,2.3,5.1,9.49,5.88,15.0,3.47,12.0,0.3,0.5,0.5,-4.91,-2.46,-0.23,-2.88,15.0,2.77,12.0,0.3,0.5,0.5,-7.06,0.36,3.63,-1.04,15.0,5.6,12.0,0.3,0.5,0.5,1018.44,1019.1,1020.4,1019.05,15.0,1.95,12.0,0.3,0.5,0.5,2.9,5.0,7.0,4.6,13.0,2.1,12.0,0.4,0.5,0.5,-45.0,-15.0,-0.5,-21.4,15.0,31.4,12.0,0.3,0.5,0.5,-62.4,0.8,20.9,-17.6,15.0,56.1,12.0,0.3,0.5,0.5,-0.28,1.6,2.84,1.4,13.0,1.73,14.0,0.2,0.5,0.5,-2.2,3.6,18.6,10.9,13.0,19.9,14.0,0.2,0.5,0.5,4.89,7.29,7.64,6.31,4.0,2.24,10.0,0.0,0.4,0.5,20.8,42.4,50.1,35.8,4.0,21.8,10.0,0.0,0.4,0.5,-108.6,-59.8,0.0,-61.6,13.0,62.0,14.0,0.2,0.5,0.5,-147.8,0.0,89.0,-21.0,13.0,128.0,14.0,0.2,0.5,0.5,-53.2,-34.4,4.4,-24.8,4.0,38.3,10.0,0.0,0.4,0.5,-39.8,16.8,37.0,-0.6,4.0,53.3,10.0,0.0,0.4,0.5,-34.5,-19.0,7.5,-13.7,4.0,25.7,10.0,0.0,0.4,0.5,-26.5,9.7,24.7,-0.4,4.0,35.6,10.0,0.0,0.4,0.5,13.0,132.5,879.5,431.5,15.0,718.5,12.0,0.3,0.5,0.5,15.0,135.0,880.0,430.0,15.0,720.0,12.0,0.3,0.5,0.5
1974,2,298.0,26.0,22.29,23.0,23.12,22.75,11.0,0.76,14.0,0.7,0.5,0.5,20.24,21.25,22.57,21.47,10.0,1.16,12.0,0.7,0.6,0.4,10.63,12.24,13.06,11.86,4.0,1.9,12.0,0.8,0.5,0.6,66.0,74.7,79.7,72.9,4.0,9.4,12.0,0.8,0.6,4.04,6.35,9.11,6.69,10.0,3.25,12.0,0.7,0.5,0.5,-7.1,-3.18,2.99,-2.28,10.0,5.54,12.0,0.7,0.5,0.5,-7.08,-0.7,3.06,-1.38,10.0,4.66,12.0,0.7,0.5,0.5,1018.99,1020.5,1023.68,1020.16,11.0,4.38,14.0,0.7,0.5,0.5,0.4,5.0,6.6,4.1,10.0,3.0,14.0,0.8,0.5,0.5,-56.0,-14.1,13.6,-21.5,10.0,55.9,12.0,0.7,0.5,0.5,-70.4,-2.9,14.7,-17.2,10.0,42.2,12.0,0.7,0.5,0.5,-0.11,1.6,2.86,1.28,10.0,1.83,12.0,0.7,0.6,0.4,1.0,14.8,23.1,11.5,9.0,13.0,12.0,0.7,0.6,0.5,4.23,4.7,6.61,5.39,4.0,1.89,12.0,0.8,0.5,0.6,18.9,24.5,62.4,40.3,3.0,34.7,8.0,0.7,0.6,0.8,-144.7,-58.7,67.4,-40.3,9.0,119.5,12.0,0.7,0.6,0.5,-151.9,-31.4,24.5,-42.2,9.0,92.0,12.0,0.7,0.6,0.5,-55.9,-53.0,22.8,-17.4,3.0,65.4,8.0,0.7,0.6,0.8,-53.8,-20.8,-19.8,-36.4,3.0,28.4,8.0,0.7,0.6,0.8,-20.6,-15.3,30.2,4.4,3.0,40.9,8.0,0.7,0.6,0.8,-44.5,-8.4,-6.5,-25.1,3.0,31.4,8.0,0.7,0.6,0.8,66.0,291.0,774.0,505.0,10.0,664.5,12.0,0.7,0.5,0.5,65.0,290.0,775.0,505.0,10.0,665.0,12.0,0.7,0.5,0.5
1974,2,298.0,27.0,22.09,23.2,25.14,23.19,7.0,1.97,14.0,0.4,0.3,0.4,20.47,21.9,22.27,21.38,8.0,1.18,14.0,0.5,0.3,0.4,8.76,9.7,12.82,10.74,5.0,2.63,14.0,0.4,0.3,0.3,61.6,65.5,79.2,70.2,5.0,12.7,14.0,0.4,0.3,6.58,9.3,9.95,8.81,7.0,2.78,14.0,0.4,0.3,0.4,-0.08,0.0,3.43,1.74,7.0,3.62,14.0,0.4,0.3,0.4,-6.82,2.64,9.81,2.11,7.0,8.75,14.0,0.4,0.3,0.4,1015.24,1019.2,1021.98,1018.94,8.0,3.81,14.0,0.5,0.3,0.4,2.0,3.0,5.9,3.6,8.0,2.2,14.0,0.5,0.3,0.4,-0.8,0.0,17.7,14.4,7.0,35.0,14.0,0.4,0.3,0.4,-46.9,10.8,98.1,27.1,7.0,90.7,14.0,0.4,0.3,0.4,0.39,1.2,4.01,1.67,7.0,2.17,14.0,0.4,0.3,0.4,1.1,9.1,39.2,15.1,7.0,20.9,14.0,0.4,0.3,0.4,2.36,4.81,7.88,5.1,4.0,3.27,14.0,0.3,0.3,0.3,17.2,36.5,64.8,40.8,4.0,31.6,14.0,0.3,0.3,0.3,-1.8,0.0,75.4,38.2,7.0,79.0,14.0,0.4,0.3,0.4,-142.4,58.0,216.2,52.9,7.0,187.0,14.0,0.4,0.3,0.4,0.0,23.5,78.3,38.4,4.0,50.7,14.0,0.3,0.3,0.3,-74.1,-51.9,2.1,-36.7,4.0,53.8,14.0,0.3,0.3,0.3,0.0,3.1,16.4,8.0,4.0,12.1,14.0,0.3,0.3,0.3,-64.8,-27.5,-1.7,-33.0,4.0,39.2,14.0,0.3,0.3,0.3,289.5,804.5,1001.0,854.5,7.0,678.0,14.0,0.4,0.3,0.4,290.0,805.0,1000.0,855.0,7.0,680.0,14.0,0.4,0.3,0.4
1974,2,298.0,28.0,21.37,22.0,23.04,22.08,19.0,0.99,16.0,0.5,0.6,0.6,19.8,21.45,22.5,21.23,20.0,1.58,16.0,0.5,0.5,0.6,10.68,12.09,13.31,11.86,14.0,1.75,14.0,0.6,0.6,0.6,68.3,73.9,80.9,73.1,14.0,8.1,14.0,0.6,0.6,6.0,7.7,9.99,7.9,20.0,2.44,16.0,0.5,0.5,0.6,-3.09,1.99,8.05,2.49,20.0,5.43,16.0,0.5,0.5,0.6,-2.95,5.03,7.57,3.13,20.0,5.03,16.0,0.5,0.5,0.6,1017.2,1018.2,1023.38,1019.49,20.0,3.0,16.0,0.5,0.5,0.6,1.0,3.0,6.3,3.3,18.0,2.4,16.0,0.5,0.6,0.6,-15.3,15.1,76.6,28.4,20.0,52.6,16.0,0.5,0.5,0.6,-17.7,40.6,63.9,26.7,20.0,45.5,16.0,0.5,0.5,0.6,-0.57,0.5,2.5,0.79,19.0,1.39,16.0,0.5,0.6,0.6,-4.4,3.7,13.6,4.9,19.0,10.5,16.0,0.5,0.6,0.6,3.61,4.29,5.7,4.51,14.0,1.33,14.0,0.6,0.6,0.6,24.1,35.9,47.2,37.9,14.0,18.3,14.0,0.6,0.6,0.6,-63.3,41.4,177.0,53.9,20.0,115.7,16.0,0.5,0.5,0.6,-58.5,105.8,167.6,70.5,20.0,106.0,16.0,0.5,0.5,0.6,-20.5,49.9,103.1,44.7,14.0,59.9,14.0,0.6,0.6,0.6,19.3,65.9,92.0,53.6,14.0,50.8,14.0,0.6,0.6,0.6,-4.8,24.1,40.6,20.0,14.0,25.2,14.0,0.6,0.6,0.6,8.5,20.6,31.3,13.8,14.0,24.7,14.0,0.6,0.6,0.6,216.5,456.5,997.0,628.0,20.0,528.5,16.0,0.5,0.5,0.6,215.0,455.0,995.0,630.0,20.0,530.0,16.0,0.5,0.5,0.6
1974,2,298.0,29.0,21.0,22.0,23.0,21.84,16.0,1.09,16.0,0.7,0.5,0.6,19.31,21.5,22.09,20.82,17.0,1.73,14.0,0.7,0.6,0.6,8.95,12.77,14.01,12.06,12.0,2.67,12.0,0.6,0.6,0.7,69.2,81.6,86.5,78.1,12.0,11.8,12.0,0.6,0.7,5.0,6.45,10.45,6.76,18.0,2.65,14.0,0.7,0.5,0.6,-0.32,3.18,7.76,3.5,18.0,3.84,14.0,0.7,0.5,0.6,-2.53,3.1,6.33,1.88,18.0,4.89,14.0,0.7,0.5,0.6,1015.91,1019.4,1024.0,1020.21,17.0,3.87,14.0,0.7,0.6,0.6,1.7,3.0,5.3,3.4,18.0,2.1,14.0,0.7,0.5,0.6,-1.0,19.0,65.9,28.7,18.0,38.7,14.0,0.7,0.5,0.6,-12.7,16.0,48.7,12.3,18.0,43.3,14.0,0.7,0.5,0.6,-0.47,0.8,2.6,1.03,15.0,1.56,14.0,0.7,0.6,0.6,-3.1,5.2,21.2,8.6,15.0,12.9,14.0,0.7,0.6,0.6,1.81,3.46,5.89,3.89,11.0,2.33,12.0,0.5,0.6,0.7,9.1,21.5,42.6,27.2,11.0,17.5,12.0,0.5,0.6,0.7,0.0,64.5,151.1,78.2,17.0,79.6,14.0,0.7,0.6,0.6,-62.3,72.8,137.8,43.3,17.0,101.1,14.0,0.7,0.6,0.6,15.2,59.0,115.7,60.6,12.0,47.8,12.0,0.6,0.6,0.7,-3.5,36.7,76.0,35.6,12.0,41.8,12.0,0.6,0.6,0.7,2.5,19.0,36.2,20.1,11.0,16.5,12.0,0.5,0.6,0.7,-5.5,6.9,17.6,2.6,11.0,19.9,12.0,0.5,0.6,0.7,125.0,269.5,1143.0,448.5,18.0,477.0,14.0,0.7,0.5,0.6,125.0,270.0,1145.0,450.0,18.0,475.0,14.0,0.7,0.5,0.6
1974,2,298.0,30.0,20.96,21.6,22.23,21.55,13.0,0.77,16.0,0.5,0.4,0.2,18.41,20.8,21.48,20.31,14.0,1.4,16.0,0.4,0.4,0.3,9.95,11.93,13.32,11.84,11.0,1.9,16.0,0.5,0.4,0.2,71.8,83.0,89.3,80.7,11.0,8.9,16.0,0.5,0.2,3.04,7.7,8.95,6.54,14.0,2.61,16.0,0.4,0.4,0.3,-2.17,1.6,5.82,1.77,14.0,3.82,16.0,0.4,0.4,0.3,-2.4,4.99,8.0,3.7,14.0,4.48,16.0,0.4,0.4,0.3,1015.57,1020.5,1022.56,1020.71,14.0,5.51,16.0,0.4,0.4,0.3,2.0,3.0,6.8,3.4,14.0,2.1,16.0,0.4,0.4,0.3,-7.8,10.6,45.3,14.9,14.0,30.0,16.0,0.4,0.4,0.3,-6.2,31.6,73.9,30.7,14.0,37.6,16.0,0.4,0.4,0.3,-0.23,1.0,3.02,1.21,13.0,1.54,16.0,0.5,0.4,0.2,-1.9,4.5,11.6,6.6,13.0,10.5,16.0,0.5,0.4,0.2,1.93,3.8,5.84,4.0,11.0,2.06,16.0,0.5,0.4,0.2,11.8,17.6,35.3,23.8,11.0,16.4,16.0,0.5,0.4,0.2,-38.6,34.0,120.3,35.6,14.0,77.7,16.0,0.4,0.4,0.3,-42.7,107.7,164.2,79.7,14.0,90.6,16.0,0.4,0.4,0.3,-7.7,20.3,78.3,28.2,11.0,44.7,16.0,0.5,0.4,0.2,-23.9,33.2,101.2,41.3,11.0,58.7,16.0,0.5,0.4,0.2,-3.6,5.8,21.0,10.3,11.0,21.7,16.0,0.5,0.4,0.2,-15.5,9.9,18.0,5.3,11.0,16.6,16.0,0.5,0.4,0.2,28.0,456.5,718.0,395.0,14.0,310.0,16.0,0.4,0.4,0.3,30.0,455.0,720.0,395.0,14.0,310.0,16.0,0.4,0.4,0.3
1974,2,298.0,31.0,19.89,20.15,21.06,20.4,10.0,0.67,12.0,0.5,0.6,0.4,17.0,17.8,19.33,18.27,12.0,2.1,14.0,0.6,0.6,0.4,8.07,8.25,10.03,8.86,10.0,1.26,12.0,0.5,0.6,0.4,61.7,66.7,81.0,70.9,10.0,13.2,12.0,0.5,0.4,5.05,8.2,14.04,8.66,13.0,4.67,14.0,0.6,0.6,0.4,-4.83,2.12,9.68,2.31,13.0,7.55,14.0,0.6,0.6,0.4,-7.03,0.0,4.51,-0.32,13.0,6.35,14.0,0.6,0.6,0.4,1014.38,1021.0,1024.91,1019.62,13.0,5.56,14.0,0.6,0.6,0.4,1.9,5.0,8.0,4.8,13.0,3.1,14.0,0.6,0.6,0.4,-24.9,13.0,121.0,38.3,13.0,90.0,14.0,0.6,0.6,0.4,-83.5,0.0,23.7,-3.5,13.0,81.9,14.0,0.6,0.6,0.4,1.74,2.55,3.7,2.82,10.0,1.48,12.0,0.5,0.6,0.4,9.3,22.4,52.4,30.5,10.0,28.5,12.0,0.5,0.6,0.4,5.37,6.18,6.38,5.89,9.0,0.73,12.0,0.4,0.6,0.4,28.4,39.3,74.7,47.0,9.0,26.6,12.0,0.4,0.6,0.4,-69.3,49.5,174.7,54.5,12.0,129.2,14.0,0.6,0.6,0.4,-121.6,-22.3,102.4,-9.0,12.0,112.2,14.0,0.6,0.6,0.4,-34.6,16.5,75.8,24.8,10.0,70.9,12.0,0.5,0.6,0.4,-55.9,-13.1,31.8,-0.2,10.0,66.4,12.0,0.5,0.6,0.4,-18.2,13.4,57.2,19.3,9.0,33.4,12.0,0.4,0.6,0.4,-42.7,-10.5,26.6,-5.3,9.0,40.3,12.0,0.4,0.6,0.4,129.5,551.5,2767.0,1163.0,13.0,1271.0,14.0,0.6,0.6,0.4,130.0,550.0,2765.0,1165.0,13.0,1270.0,14.0,0.6,0.6,0.4
1974,2,298.0,32.0,18.91,20.0,21.94,20.04,14.0,1.72,16.0,0.2,0.5,0.4,15.78,18.0,19.48,17.86,15.0,2.19,16.0,0.3,0.5,0.4,6.66,8.94,10.57,8.81,12.0,2.5,14.0,0.3,0.5,0.3,58.1,68.9,87.9,70.3,12.0,17.3,14.0,0.3,0.3,5.57,8.0,9.3,8.14,15.0,3.15,16.0,0.3,0.5,0.4,-5.6,1.61,5.96,0.95,15.0,6.5,16.0,0.3,0.5,0.4,-4.83,4.1,7.93,2.2,15.0,5.7,16.0,0.3,0.5,0.4,1008.73,1022.0,1024.93,1018.43,15.0,8.46,16.0,0.3,0.5,0.4,1.5,6.0,8.0,4.9,12.0,3.1,16.0,0.3,0.5,0.4,-40.0,13.0,53.3,6.1,15.0,78.3,16.0,0.3,0.5,0.4,-34.7,33.6,72.7,26.1,15.0,50.7,16.0,0.3,0.5,0.4,-0.5,1.55,5.56,2.19,14.0,2.95,16.0,0.2,0.5,0.4,-7.5,9.0,38.1,16.3,14.0,27.4,16.0,0.2,0.5,0.4,4.25,5.13,7.21,5.85,12.0,2.73,14.0,0.3,0.5,0.3,25.3,40.5,72.2,46.6,12.0,26.0,14.0,0.3,0.5,0.3,-83.2,28.7,114.8,18.8,15.0,118.3,16.0,0.3,0.5,0.4,-77.7,74.6,147.5,46.9,15.0,102.3,16.0,0.3,0.5,0.4,-54.1,7.5,65.4,7.7,12.0,69.1,14.0,0.3,0.5,0.3,-40.3,26.6,58.8,20.0,12.0,49.4,14.0,0.3,0.5,0.3,-41.0,4.2,23.9,-0.3,12.0,38.6,14.0,0.3,0.5,0.3,-26.3,14.5,27.9,10.7,12.0,37.9,14.0,0.3,0.5,0.3,186.0,512.0,804.5,779.0,15.0,937.0,16.0,0.3,0.5,0.4,185.0,510.0,805.0,780.0,15.0,935.0,16.0,0.3,0.5,0.4
1974,2,298.0,33.0,17.01,19.5,22.11,19.5,10.0,2.17,16.0,0.5,0.6,0.5,15.64,16.25,18.69,17.01,10.0,1.7,16.0,0.5,0.6,0.5,7.36,9.58,11.29,9.54,8.0,2.17,18.0,0.4,0.6,0.5,66.2,82.6,84.3,77.8,8.0,10.5,18.0,0.4,0.5,4.73,7.7,13.76,8.4,9.0,4.67,16.0,0.4,0.6,0.5,-0.79,3.91,6.72,3.8,9.0,4.84,16.0,0.4,0.6,0.5,-5.53,1.06,7.49,1.57,9.0,7.66,16.0,0.4,0.6,0.5,1016.64,1020.75,1025.13,1020.09,10.0,6.6,16.0,0.5,0.6,0.5,2.9,5.5,7.6,5.1,10.0,2.6,16.0,0.5,0.6,0.5,-2.5,20.3,85.9,47.6,9.0,67.8,16.0,0.4,0.6,0.5,-46.0,3.3,57.7,20.8,9.0,104.0,16.0,0.4,0.6,0.5,1.19,2.6,3.76,2.49,10.0,1.21,16.0,0.5,0.6,0.5,11.5,22.9,28.5,22.8,9.0,16.9,16.0,0.4,0.6,0.5,3.68,4.82,5.36,4.55,8.0,1.14,18.0,0.4,0.6,0.5,18.6,40.2,47.9,35.8,7.0,18.1,16.0,0.3,0.7,0.5,-12.1,67.6,114.8,65.0,9.0,78.5,16.0,0.4,0.6,0.5,-89.1,16.5,140.6,35.9,9.0,142.9,16.0,0.4,0.6,0.5,13.3,39.8,52.2,31.8,7.0,31.3,16.0,0.3,0.7,0.5,-33.9,35.1,91.9,47.3,7.0,83.7,16.0,0.3,0.7,0.5,6.3,16.2,22.8,15.5,7.0,13.4,16.0,0.3,0.7,0.5,-13.1,18.6,45.0,17.2,7.0,31.9,16.0,0.3,0.7,0.5,107.0,456.5,2884.5,1151.0,9.0,1686.0,16.0,0.4,0.6,0.5,105.0,455.0,2885.0,1150.0,9.0,1685.0,16.0,0.4,0.6,0.5
1974,2,298.0,34.0,19.0,19.0,19.76,19.22,18.0,0.54,16.0,0.6,0.5,0.4,15.14,17.6,19.98,17.55,18.0,2.14,16.0,0.6,0.5,0.4,7.77,9.9,12.23,9.8,17.0,2.12,18.0,0.5,0.5,0.4,69.4,75.5,87.9,77.8,17.0,7.9,18.0,0.5,0.4,7.7,13.15,15.88,12.21,18.0,4.36,16.0,0.6,0.5,0.4,-2.01,8.26,13.44,6.62,18.0,8.09,16.0,0.6,0.5,0.4,-3.62,3.0,10.73,3.19,18.0,7.35,16.0,0.6,0.5,0.4,999.97,1011.35,1019.25,1010.78,18.0,8.97,16.0,0.6,0.5,0.4,3.7,6.5,7.3,5.8,18.0,1.9,16.0,0.6,0.5,0.4,-15.5,79.0,211.6,96.2,18.0,134.5,16.0,0.6,0.5,0.4,-31.7,14.9,164.6,46.1,18.0,104.2,16.0,0.6,0.5,0.4,-0.62,1.4,4.09,1.67,18.0,2.24,16.0,0.6,0.5,0.4,-9.1,11.9,47.2,17.0,18.0,27.7,16.0,0.6,0.5,0.4,1.99,3.77,6.31,4.09,17.0,2.13,18.0,0.5,0.5,0.4,21.1,40.8,72.0,46.1,17.0,27.2,18.0,0.5,0.5,0.4,-29.0,144.7,241.0,117.8,18.0,142.3,16.0,0.6,0.5,0.4,-55.5,50.7,203.2,59.5,18.0,139.8,16.0,0.6,0.5,0.4,-21.2,78.1,133.5,63.5,17.0,83.9,18.0,0.5,0.5,0.4,-27.4,13.7,131.7,35.3,17.0,82.6,18.0,0.5,0.5,0.4,-11.0,16.1,69.4,24.5,17.0,41.6,18.0,0.5,0.5,0.4,-19.8,7.8,33.1,7.7,17.0,23.9,18.0,0.5,0.5,0.4,456.5,2276.5,4033.0,2471.0,18.0,2220.0,16.0,0.6,0.5,0.4,455.0,2275.0,4035.0,2470.0,18.0,2220.0,16.0,0.6,0.5,0.4
1974,2,298.0,35.0,18.71,19.5,20.0,19.49,11.0,1.14,16.0,0.6,0.7,0.4,14.12,18.4,19.65,17.25,11.0,2.56,16.0,0.6,0.7,0.4,7.8,9.45,13.07,9.71,10.0,2.82,18.0,0.6,0.7,0.4,69.5,79.2,93.5,78.6,10.0,14.7,18.0,0.6,0.4,8.64,11.3,13.93,11.08,11.0,3.23,16.0,0.6,0.7,0.4,-1.38,3.98,11.66,5.06,11.0,6.44,16.0,0.6,0.7,0.4,-5.15,4.21,10.48,2.89,11.0,8.16,16.0,0.6,0.7,0.4,1004.02,1011.5,1018.53,1011.23,11.0,7.41,16.0,0.6,0.7,0.4,5.3,8.0,8.0,7.1,10.0,1.7,18.0,0.7,0.7,0.4,-13.6,29.6,158.2,64.1,11.0,86.8,16.0,0.6,0.7,0.4,-43.5,51.7,137.9,37.8,11.0,101.3,16.0,0.6,0.7,0.4,-0.02,1.6,4.51,2.25,11.0,2.86,16.0,0.6,0.7,0.4,-2.4,12.3,45.7,22.6,11.0,36.6,16.0,0.6,0.7,0.4,1.33,4.91,7.47,4.41,10.0,3.17,18.0,0.6,0.7,0.4,13.9,39.6,70.4,42.8,10.0,35.1,18.0,0.6,0.7,0.4,-19.4,61.7,205.0,94.9,11.0,113.1,16.0,0.6,0.7,0.4,-73.8,78.2,196.2,65.9,11.0,136.7,16.0,0.6,0.7,0.4,-18.0,29.1,121.6,49.2,10.0,70.8,18.0,0.6,0.7,0.4,-54.3,45.3,123.4,39.7,10.0,89.2,18.0,0.6,0.7,0.4,-9.0,2.6,43.8,12.0,10.0,33.2,18.0,0.6,0.7,0.4,-24.7,2.2,31.0,-2.7,10.0,44.7,18.0,0.6,0.7,0.4,660.5,1443.0,2768.5,1663.0,11.0,1181.5,16.0,0.6,0.7,0.4,660.0,1445.0,2770.0,1665.0,11.0,1180.0,16.0,0.6,0.7,0.4
1974,2,298.0,36.0,18.28,18.9,19.41,18.78,13.0,0.8,14.0,0.6,0.6,0.5,14.19,16.2,19.24,16.33,16.0,2.63,12.0,0.6,0.7,0.5,6.03,7.6,11.43,8.44,13.0,2.29,14.0,0.5,0.7,0.5,60.9,77.3,89.9,74.8,13.0,13.6,14.0,0.5,0.5,7.89,11.3,14.45,11.05,16.0,4.3,12.0,0.6,0.7,0.5,3.76,6.97,13.17,8.34,16.0,5.09,12.0,0.6,0.7,0.5,-7.53,-1.42,7.11,-1.07,16.0,6.88,12.0,0.6,0.7,0.5,1005.46,1015.45,1020.69,1013.38,16.0,8.15,12.0,0.6,0.7,0.5,3.0,7.0,8.0,5.9,16.0,2.3,12.0,0.6,0.7,0.5,27.5,78.5,190.6,109.3,16.0,110.6,12.0,0.6,0.7,0.5,-91.8,-6.0,91.2,-9.5,16.0,82.1,12.0,0.6,0.7,0.5,0.18,3.3,4.23,2.45,13.0,2.32,14.0,0.6,0.6,0.5,2.2,18.9,40.9,18.8,13.0,20.9,14.0,0.6,0.6,0.5,2.15,5.18,7.3,4.95,12.0,2.54,14.0,0.6,0.6,0.5,24.9,41.1,65.4,43.5,12.0,20.4,14.0,0.6,0.6,0.5,59.8,109.3,183.0,139.2,16.0,102.7,12.0,0.6,0.7,0.5,-111.6,-20.3,132.7,-8.5,16.0,117.1,12.0,0.6,0.7,0.5,33.5,55.4,109.0,74.4,13.0,57.6,14.0,0.5,0.7,0.5,-54.5,-12.4,32.8,-6.9,13.0,54.4,14.0,0.5,0.7,0.5,19.1,31.2,52.4,34.7,12.0,17.4,14.0,0.6,0.6,0.5,-31.1,-10.9,13.3,-12.3,12.0,26.5,14.0,0.6,0.6,0.5,492.5,1443.0,3079.5,1953.5,16.0,2223.0,12.0,0.6,0.7,0.5,495.0,1445.0,3080.0,1955.0,16.0,2225.0,12.0,0.6,0.7,0.5
1974,2,298.0,37.0,17.13,19.7,20.56,19.43,14.0,2.11,12.0,0.7,0.5,0.4,14.22,16.5,18.48,15.96,15.0,3.14,12.0,0.7,0.6,0.4,5.94,9.05,10.57,8.64,13.0,2.58,14.0,0.7,0.5,0.4,66.5,79.2,91.7,76.5,13.0,16.5,14.0,0.7,0.4,9.99,17.5,23.14,17.01,16.0,6.03,12.0,0.7,0.5,0.4,5.43,12.05,15.2,11.27,16.0,5.8,12.0,0.7,0.5,0.4,-7.24,8.63,18.57,6.79,16.0,11.27,12.0,0.7,0.5,0.4,1007.19,1011.7,1018.89,1012.39,16.0,7.67,12.0,0.7,0.5,0.4,5.1,7.5,8.0,6.6,14.0,1.9,12.0,0.6,0.6,0.3,80.0,215.2,317.4,211.7,16.0,152.1,12.0,0.7,0.5,0.4,-102.8,149.6,382.6,144.5,16.0,242.1,12.0,0.7,0.5,0.4,0.36,2.1,6.09,3.4,13.0,3.8,12.0,0.7,0.5,0.4,6.1,36.8,115.1,67.9,13.0,94.0,12.0,0.7,0.5,0.4,2.37,4.63,9.93,5.63,12.0,3.23,12.0,0.7,0.5,0.4,40.1,86.6,130.1,98.1,12.0,71.4,12.0,0.7,0.5,0.4,79.8,192.8,231.0,178.7,15.0,83.4,12.0,0.7,0.6,0.4,-67.1,175.8,315.8,147.2,15.0,171.1,12.0,0.7,0.6,0.4,39.7,111.1,139.5,93.1,13.0,49.7,14.0,0.7,0.5,0.4,-35.5,101.5,230.3,90.7,13.0,118.2,14.0,0.7,0.5,0.4,13.9,61.1,113.1,75.5,12.0,74.5,12.0,0.7,0.5,0.4,-36.4,42.5,69.0,23.5,12.0,56.8,12.0,0.7,0.5,0.4,999.0,5359.5,12661.5,6618.5,16.0,5555.0,12.0,0.7,0.5,0.4,1000.0,5360.0,12660.0,6620.0,16.0,5555.0,12.0,0.7,0.5,0.4
1974,2,298.0,38.0,18.58,20.05,22.0,20.41,14.0,1.95,14.0,0.8,0.6,0.4,10.71,14.15,18.18,14.56,14.0,4.12,14.0,0.8,0.6,0.4,6.28,7.84,11.09,8.5,10.0,2.48,14.0,0.8,0.6,0.4,58.7,81.9,93.1,76.4,11.0,16.6,14.0,0.7,0.4,5.33,10.55,16.81,12.21,14.0,6.94,14.0,0.8,0.6,0.4,0.0,3.69,12.61,5.75,14.0,9.67,14.0,0.8,0.6,0.4,-9.62,0.0,10.05,0.4,14.0,8.91,14.0,0.8,0.6,0.4,999.44,1011.4,1019.57,1010.73,13.0,10.5,14.0,0.8,0.6,0.4,5.0,7.5,8.0,6.1,14.0,2.7,14.0,0.8,0.6,0.4,0.0,18.1,161.5,108.4,14.0,240.9,14.0,0.8,0.6,0.4,-94.7,0.0,103.3,17.6,14.0,134.5,14.0,0.8,0.6,0.4,1.46,5.9,8.92,5.85,14.0,3.5,14.0,0.8,0.6,0.4,13.3,46.5,104.6,76.5,14.0,91.1,14.0,0.8,0.6,0.4,5.16,6.57,10.38,7.17,10.0,2.72,14.0,0.8,0.6,0.4,46.9,70.3,118.4,96.2,10.0,83.4,14.0,0.8,0.6,0.4,0.0,39.7,230.4,84.1,14.0,126.3,14.0,0.8,0.6,0.4,-105.8,0.0,182.6,28.7,14.0,136.2,14.0,0.8,0.6,0.4,0.0,34.2,110.1,49.9,10.0,80.2,14.0,0.8,0.6,0.4,-64.4,30.6,123.5,32.9,10.0,88.3,14.0,0.8,0.6,0.4,0.0,33.7,98.4,57.0,10.0,103.5,14.0,0.8,0.6,0.4,-58.8,26.0,56.4,9.0,10.0,53.1,14.0,0.8,0.6,0.4,166.0,1176.0,4776.0,3739.5,14.0,6306.0,14.0,0.8,0.6,0.4,165.0,1175.0,4775.0,3740.0,14.0,6305.0,14.0,0.8,0.6,0.4
1974,2,298.0,39.0,15.38,19.55,21.06,18.69,16.0,2.96,16.0,0.5,0.6,0.5,8.14,12.5,15.56,12.13,16.0,4.36,16.0,0.5,0.6,0.5,4.66,7.28,9.47,6.79,13.0,2.22,16.0,0.5,0.6,0.6,66.4,80.9,88.9,77.6,13.0,11.6,16.0,0.5,0.6,4.48,12.05,17.62,11.49,16.0,6.0,16.0,0.5,0.6,0.5,-1.07,4.49,15.16,6.43,16.0,8.42,16.0,0.5,0.6,0.5,-6.7,-2.05,4.9,-1.16,16.0,7.78,16.0,0.5,0.6,0.5,1004.3,1012.75,1022.51,1011.26,16.0,11.37,16.0,0.5,0.6,0.5,3.1,7.0,8.0,6.0,16.0,2.6,16.0,0.5,0.6,0.5,-14.4,37.8,258.6,100.1,16.0,148.6,16.0,0.5,0.6,0.5,-118.7,-5.3,61.2,-15.8,16.0,119.0,16.0,0.5,0.6,0.5,3.3,6.75,9.96,6.56,16.0,3.84,16.0,0.5,0.6,0.5,21.3,65.7,115.1,70.8,16.0,65.5,16.0,0.5,0.6,0.5,4.95,6.67,8.68,6.8,13.0,2.21,16.0,0.5,0.6,0.6,29.6,77.1,109.1,76.8,13.0,44.4,16.0,0.5,0.6,0.6,-17.0,57.3,182.6,75.9,16.0,121.2,16.0,0.5,0.6,0.5,-78.6,-20.7,79.4,0.7,16.0,96.9,16.0,0.5,0.6,0.5,-0.9,37.5,92.8,42.5,13.0,65.4,16.0,0.5,0.6,0.6,-55.9,-22.5,14.6,-10.6,13.0,56.2,16.0,0.5,0.6,0.6,6.1,30.8,95.5,46.6,13.0,61.0,16.0,0.5,0.6,0.6,-50.6,-29.6,9.5,-16.2,13.0,44.7,16.0,0.5,0.6,0.6,93.0,1752.0,5482.5,2638.0,16.0,2676.0,16.0,0.5,0.6,0.5,95.0,1750.0,5480.0,2640.0,16.0,2675.0,16.0,0.5,0.6,0.5
1974,2,298.0,40.0,13.23,15.0,19.14,15.94,19.0,4.08,16.0,0.6,0.6,0.4,7.3,9.5,15.05,10.8,23.0,4.16,16.0,0.5,0.6,0.4,4.93,5.58,9.49,6.92,17.0,2.67,18.0,0.5,0.6,0.5,69.6,80.8,89.6,79.6,17.0,11.0,18.0,0.5,0.5,6.94,11.3,20.8,13.57,23.0,6.61,16.0,0.5,0.6,0.4,-3.76,6.16,18.22,6.71,23.0,10.66,16.0,0.5,0.6,0.4,-5.69,0.0,10.04,0.28,23.0,8.68,16.0,0.5,0.6,0.4,999.38,1011.0,1021.05,1009.17,23.0,11.8,16.0,0.5,0.6,0.4,3.0,7.0,8.0,6.1,20.0,2.2,16.0,0.5,0.6,0.4,-24.8,51.3,378.6,140.0,23.0,225.1,16.0,0.5,0.6,0.4,-73.7,0.0,104.9,9.5,23.0,146.4,16.0,0.5,0.6,0.4,0.86,5.0,10.1,5.22,19.0,4.81,16.0,0.6,0.6,0.4,5.2,63.9,102.1,64.2,19.0,73.2,16.0,0.6,0.6,0.4,1.73,4.15,7.81,4.35,14.0,2.71,18.0,0.6,0.6,0.5,12.6,44.8,78.0,49.0,14.0,29.8,18.0,0.6,0.6,0.5,-28.9,70.2,199.6,73.7,23.0,110.5,16.0,0.5,0.6,0.4,-49.3,0.0,143.5,28.9,23.0,108.3,16.0,0.5,0.6,0.4,9.5,60.0,108.7,60.0,17.0,51.5,18.0,0.5,0.6,0.5,-25.3,0.0,79.2,25.7,17.0,66.3,18.0,0.5,0.6,0.5,3.9,15.5,71.7,34.9,14.0,34.1,18.0,0.6,0.6,0.5,-36.5,-5.8,35.5,-1.3,14.0,31.6,18.0,0.6,0.6,0.5,345.5,1443.0,9006.0,4298.5,23.0,5086.0,16.0,0.5,0.6,0.4,345.0,1445.0,9005.0,4300.0,23.0,5085.0,16.0,0.5,0.6,0.4
1974,2,298.0,41.0,9.68,12.6,15.85,12.59,11.0,3.22,14.0,0.5,0.5,0.4,2.8,5.0,8.36,5.72,12.0,3.29,14.0,0.6,0.5,0.4,4.49,4.62,5.3,4.85,7.0,0.81,14.0,0.6,0.5,0.3,79.0,81.2,84.9,80.8,8.0,10.1,14.0,0.6,0.3,3.96,7.85,14.42,8.41,10.0,5.78,14.0,0.5,0.4,0.4,-4.01,1.2,8.47,2.55,10.0,7.32,14.0,0.5,0.4,0.4,-8.39,-4.78,-0.59,-5.16,10.0,4.65,14.0,0.5,0.4,0.4,995.29,1006.1,1015.66,1004.54,11.0,10.18,14.0,0.5,0.5,0.4,6.6,8.0,8.0,7.5,11.0,1.0,14.0,0.6,0.5,0.4,-20.4,6.8,80.9,32.3,10.0,110.3,14.0,0.5,0.4,0.4,-117.6,-37.8,-3.9,-63.7,10.0,85.7,14.0,0.5,0.4,0.4,3.76,6.7,8.65,6.63,11.0,2.41,14.0,0.5,0.5,0.4,17.6,47.0,123.3,61.8,9.0,53.1,14.0,0.4,0.4,0.4,3.19,4.99,6.39,4.82,7.0,1.66,14.0,0.6,0.5,0.3,26.2,30.1,88.6,47.8,7.0,37.9,14.0,0.6,0.5,0.3,-25.5,7.3,29.9,9.8,10.0,48.8,14.0,0.5,0.4,0.4,-59.1,-19.7,-2.7,-32.0,10.0,35.4,14.0,0.5,0.4,0.4,-24.8,5.4,34.5,5.1,7.0,43.4,14.0,0.6,0.5,0.3,-49.5,-20.4,-14.2,-32.9,7.0,31.1,14.0,0.6,0.5,0.3,-27.8,3.4,29.6,6.3,7.0,46.9,14.0,0.6,0.5,0.3,-58.0,-27.8,-8.9,-31.1,7.0,27.0,14.0,0.6,0.5,0.3,74.0,484.5,3532.0,1435.0,10.0,2223.0,14.0,0.5,0.4,0.4,75.0,485.0,3530.0,1435.0,10.0,2225.0,14.0,0.5,0.4,0.4
1974,2,298.0,42.0,3.71,5.65,8.69,6.2,10.0,3.06,12.0,0.6,0.5,0.6,-1.36,2.3,4.0,2.76,15.0,4.36,16.0,0.7,0.6,0.5,3.24,4.43,5.96,4.67,6.0,1.91,14.0,0.7,0.8,0.6,69.2,83.5,96.7,83.1,6.0,13.7,14.0,0.7,0.6,3.13,9.8,14.46,9.49,15.0,6.02,16.0,0.7,0.6,0.5,0.2,5.13,12.8,5.6,15.0,8.18,16.0,0.7,0.6,0.5,-6.28,0.0,3.98,-0.63,15.0,5.65,16.0,0.7,0.6,0.5,1001.83,1011.1,1018.01,1011.19,15.0,9.74,16.0,0.7,0.6,0.5,4.2,8.0,8.0,6.3,12.0,2.5,16.0,0.8,0.6,0.5,0.5,34.4,186.3,87.3,15.0,148.8,16.0,0.7,0.6,0.5,-74.2,0.0,29.5,-9.3,15.0,68.8,16.0,0.7,0.6,0.5,2.57,3.75,8.67,5.3,10.0,3.17,12.0,0.6,0.5,0.6,22.5,30.7,87.5,50.2,10.0,44.9,12.0,0.6,0.5,0.6,0.91,1.6,3.87,2.35,4.0,2.16,10.0,0.5,0.8,0.5,12.3,15.6,37.7,24.6,4.0,21.3,10.0,0.5,0.8,0.5,-10.9,2.6,27.2,11.5,15.0,39.3,16.0,0.7,0.6,0.5,-1.9,0.0,10.1,13.8,15.0,44.9,16.0,0.7,0.6,0.5,0.0,22.5,72.4,28.9,6.0,48.9,14.0,0.7,0.8,0.6,-12.7,0.0,39.8,15.2,6.0,44.5,14.0,0.7,0.8,0.6,-0.5,14.0,30.8,15.1,4.0,22.2,10.0,0.5,0.8,0.5,-23.3,-4.5,0.0,-11.3,4.0,17.2,10.0,0.5,0.8,0.5,41.5,941.0,3050.5,1899.0,15.0,3107.0,16.0,0.7,0.6,0.5,40.0,940.0,3050.0,1900.0,15.0,3105.0,16.0,0.7,0.6,0.5
1974,2,298.0,43.0,3.3,3.6,4.53,3.98,106.0,0.88,14.0,0.5,0.8,0.7,-3.4,-1.0,3.0,-0.32,108.0,3.54,14.0,0.5,0.8,0.7,1.91,2.7,3.82,2.92,104.0,1.18,14.0,0.5,0.8,0.7,57.1,77.1,90.5,75.4,105.0,14.7,14.0,0.5,0.7,7.39,13.4,21.6,14.49,103.0,7.16,16.0,0.5,0.8,0.7,-8.93,4.63,16.53,4.07,103.0,11.69,16.0,0.5,0.8,0.7,-12.58,-5.59,4.88,-4.5,103.0,9.47,16.0,0.5,0.8,0.7,1000.08,1011.15,1019.51,1009.49,108.0,11.05,16.0,0.5,0.8,0.7,4.0,8.0,8.0,6.2,101.0,2.1,16.0,0.5,0.8,0.7,-133.4,38.9,288.2,89.2,103.0,272.1,16.0,0.5,0.8,0.7,-231.3,-58.0,41.2,-73.4,103.0,202.7,16.0,0.5,0.8,0.7,0.57,4.8,8.13,4.26,106.0,3.79,14.0,0.5,0.8,0.7,5.9,58.7,129.8,63.7,100.0,74.1,14.0,0.5,0.8,0.7,1.04,2.37,3.14,2.15,104.0,1.2,14.0,0.5,0.8,0.7,11.8,28.9,55.3,32.3,98.0,26.0,14.0,0.5,0.8,0.7,-34.8,-2.9,20.8,-4.1,102.0,41.0,16.0,0.5,0.8,0.7,-7.0,11.2,51.9,20.7,102.0,39.9,16.0,0.5,0.8,0.7,-22.6,11.3,43.8,10.3,98.0,34.3,14.0,0.5,0.8,0.7,-30.7,-14.6,13.1,-7.7,98.0,35.4,14.0,0.5,0.8,0.7,-18.2,9.4,43.1,12.1,98.0,30.5,14.0,0.5,0.8,0.7,-34.5,-16.3,0.5,-16.4,98.0,19.6,14.0,0.5,0.8,0.7,406.5,2406.0,10077.5,5456.0,103.0,7587.5,16.0,0.5,0.8,0.7,405.0,2405.0,10080.0,5455.0,103.0,7590.0,16.0,0.5,0.8,0.7
1974,2,298.0,44.0,-0.73,1.0,2.51,1.0,17.0,1.83,10.0,0.4,0.5,0.6,-5.0,-1.0,5.48,-0.08,21.0,5.66,12.0,0.3,0.5,0.6,2.91,4.08,5.62,4.31,6.0,1.82,16.0,0.7,0.5,0.5,66.9,86.7,93.7,82.4,6.0,14.1,16.0,0.7,0.5,6.7,10.15,15.23,11.11,22.0,4.49,12.0,0.4,0.5,0.6,-5.95,7.34,12.64,4.61,22.0,8.94,12.0,0.4,0.5,0.6,-8.61,-3.88,0.0,-4.12,22.0,5.43,12.0,0.4,0.5,0.6,1003.33,1009.05,1013.67,1008.0,22.0,8.22,12.0,0.4,0.5,0.6,1.9,5.0,8.0,4.7,19.0,2.8,12.0,0.4,0.5,0.6,-58.2,58.3,163.1,62.1,22.0,134.7,12.0,0.4,0.5,0.6,-125.0,-22.7,0.0,-57.0,22.0,100.1,12.0,0.4,0.5,0.6,-5.58,1.0,4.92,-0.02,17.0,4.98,10.0,0.4,0.5,0.6,-56.1,15.4,49.2,-4.2,17.0,56.6,10.0,0.4,0.5,0.6,-1.3,-0.07,1.55,-0.1,6.0,2.06,16.0,0.7,0.5,0.5,-14.1,-0.9,19.5,-1.1,6.0,25.8,16.0,0.7,0.5,0.5,-22.7,13.8,69.4,23.3,21.0,53.5,12.0,0.3,0.5,0.6,-1.9,10.0,25.0,9.2,21.0,20.8,12.0,0.3,0.5,0.6,-0.9,40.3,69.3,36.4,6.0,41.5,16.0,0.7,0.5,0.5,-29.6,-16.7,4.1,-15.2,6.0,25.0,16.0,0.7,0.5,0.5,-13.5,-0.9,8.5,-4.6,6.0,22.0,16.0,0.7,0.5,0.5,-17.3,-1.4,0.1,-6.8,6.0,10.1,16.0,0.7,0.5,0.5,301.0,1046.5,3537.5,2086.0,22.0,2739.5,12.0,0.4,0.5,0.6,300.0,1045.0,3540.0,2085.0,22.0,2740.0,12.0,0.4,0.5,0.6
1974,2,298.0,45.0,,,,,,,,,,,,,,,,,,,,,,,,,,,,,,,,,,,,,,,,5.1,10.3,15.4,10.77,52.0,4.96,14.0,0.8,0.4,0.1,-3.3,5.58,13.18,5.73,52.0,8.52,14.0,0.8,0.4,0.1,-7.05,-2.41,2.09,-2.56,52.0,5.48,14.0,0.8,0.4,0.1,1008.09,1011.0,1015.3,1010.12,18.0,10.11,10.0,0.6,0.7,0.2,,,,,,,,,,,,,,,,,,,,,,,,,,,,,,,,,,,,,,,,,,,,,,,,,,,,,,,,,,,,,,,,,,,,,,,,,,,,,,,,,,,,,,,,,,,,,,,,,,,,,,,,,,,,,,,,,,,,,,,,,,,,,,,,,,,,,,,,,,,,,,,,,,,,,,
1974,2,298.0,46.0,-1.58,-1.5,-1.5,-1.51,15.0,0.06,24.0,1.0,0.6,0.5,-7.62,-4.75,-2.48,-4.4,32.0,4.45,16.0,0.8,0.6,0.5,1.69,2.13,2.93,2.43,31.0,1.02,16.0,0.8,0.6,0.6,74.8,87.0,92.3,83.3,31.0,9.2,16.0,0.8,0.6,3.6,7.2,15.32,9.05,33.0,5.27,18.0,0.8,0.6,0.5,-3.53,1.23,9.38,1.96,33.0,6.23,18.0,0.8,0.6,0.5,-7.69,-0.89,3.98,-1.74,33.0,8.14,18.0,0.8,0.6,0.5,1000.0,1009.2,1015.58,1006.95,33.0,11.78,18.0,0.8,0.6,0.5,1.8,7.0,8.0,5.6,31.0,2.8,18.0,0.8,0.6,0.5,-25.9,4.4,125.9,32.3,33.0,82.9,18.0,0.8,0.6,0.5,-102.1,-4.5,37.1,-28.6,33.0,123.0,18.0,0.8,0.6,0.5,-6.17,2.2,4.47,0.63,15.0,4.65,24.0,1.0,0.6,0.5,-92.4,9.7,43.9,-6.8,15.0,57.3,24.0,1.0,0.6,0.5,-0.93,1.26,1.56,0.62,14.0,1.27,24.0,1.0,0.6,0.5,-14.6,5.3,18.8,2.8,14.0,16.1,24.0,1.0,0.6,0.5,-53.6,-7.7,25.2,-7.7,32.0,37.1,16.0,0.8,0.6,0.5,-15.0,28.8,47.3,19.0,32.0,34.0,16.0,0.8,0.6,0.5,-9.0,2.7,25.1,5.0,31.0,17.7,16.0,0.8,0.6,0.6,-16.2,-1.9,8.5,-1.7,31.0,29.1,16.0,0.8,0.6,0.6,-6.1,1.6,16.7,3.8,14.0,10.5,24.0,1.0,0.6,0.5,-13.0,-9.2,-0.1,-8.2,14.0,8.4,24.0,1.0,0.6,0.5,46.5,373.0,3600.0,1526.0,33.0,1961.0,18.0,0.8,0.6,0.5,45.0,375.0,3600.0,1525.0,33.0,1960.0,18.0,0.8,0.6,0.5
1974,2,298.0,47.0,-1.7,-1.7,-1.66,-1.68,5.0,0.04,26.0,1.0,0.6,0.3,-10.67,-4.95,-1.94,-5.97,10.0,4.28,22.0,0.8,0.7,0.2,1.43,2.16,2.68,2.13,10.0,0.61,22.0,0.8,0.7,0.2,80.2,86.9,89.6,84.9,10.0,7.3,22.0,0.8,0.2,5.36,10.05,13.21,9.46,10.0,3.66,22.0,0.8,0.7,0.2,3.22,7.14,10.65,6.83,10.0,4.27,22.0,0.8,0.7,0.2,-2.82,3.89,8.72,3.14,10.0,5.65,22.0,0.8,0.7,0.2,1007.59,1015.25,1021.84,1014.47,10.0,7.56,22.0,0.8,0.7,0.2,0.4,5.5,8.0,4.7,10.0,3.6,22.0,0.8,0.7,0.2,14.5,65.3,140.7,75.5,10.0,64.0,22.0,0.8,0.7,0.2,-32.4,31.8,78.9,28.4,10.0,67.3,22.0,0.8,0.7,0.2,0.12,1.3,5.3,2.56,5.0,3.1,26.0,1.0,0.6,0.3,1.3,12.1,36.6,17.3,5.0,18.5,26.0,1.0,0.6,0.3,0.53,0.76,1.34,0.91,5.0,0.48,26.0,1.0,0.6,0.3,6.4,7.6,8.9,7.7,5.0,1.9,26.0,1.0,0.6,0.3,-88.9,-22.9,-9.7,-41.9,10.0,50.1,22.0,0.8,0.7,0.2,-49.2,-19.0,4.0,-26.7,10.0,40.0,22.0,0.8,0.7,0.2,6.4,11.7,26.7,14.6,10.0,11.3,22.0,0.8,0.7,0.2,-7.0,6.6,17.8,5.3,10.0,13.6,22.0,0.8,0.7,0.2,1.5,4.5,5.7,3.7,5.0,2.6,26.0,1.0,0.6,0.3,1.5,6.1,8.1,4.9,5.0,4.8,26.0,1.0,0.6,0.3,155.0,1032.0,2332.5,1176.0,10.0,992.0,22.0,0.8,0.7,0.2,155.0,1030.0,2330.0,1175.0,10.0,990.0,22.0,0.8,0.7,0.2
1974,2,298.0,48.0,-1.6,-1.5,0.1,-0.79,7.0,1.36,6.0,0.9,0.8,0.4,-9.5,-5.2,0.58,-3.95,11.0,5.74,10.0,0.6,0.8,0.4,1.49,2.07,3.63,2.43,10.0,1.09,10.0,0.6,0.8,0.4,76.3,85.3,98.8,86.2,10.0,12.4,10.0,0.6,0.4,5.63,12.9,19.75,13.07,11.0,6.63,10.0,0.6,0.8,0.4,-8.0,0.0,5.36,-0.95,11.0,7.67,10.0,0.6,0.8,0.4,-18.13,-3.91,3.42,-5.33,11.0,11.87,10.0,0.6,0.8,0.4,990.52,999.6,1007.53,998.95,11.0,9.32,10.0,0.6,0.8,0.4,5.3,8.0,8.0,6.6,9.0,2.1,10.0,0.7,0.8,0.4,-128.5,0.0,60.3,-32.7,11.0,121.5,10.0,0.6,0.8,0.4,-337.8,-19.9,44.2,-88.9,11.0,231.8,10.0,0.6,0.8,0.4,0.18,2.0,9.11,2.73,7.0,6.06,6.0,0.9,0.8,0.4,8.8,25.8,50.1,26.8,7.0,45.5,6.0,0.9,0.8,0.4,0.27,1.18,2.04,1.2,6.0,0.96,6.0,0.8,0.8,0.4,5.2,8.8,14.3,10.8,6.0,8.6,6.0,0.8,0.8,0.4,-45.6,-28.7,3.2,-27.4,11.0,36.2,10.0,0.6,0.8,0.4,0.0,34.2,61.9,36.2,11.0,35.7,10.0,0.6,0.8,0.4,-30.9,2.3,10.4,-8.4,10.0,23.9,10.0,0.6,0.8,0.4,-48.2,-6.6,18.4,-10.9,10.0,40.5,10.0,0.6,0.8,0.4,-2.8,2.9,11.2,5.4,6.0,11.9,6.0,0.8,0.8,0.4,-7.7,-4.4,1.0,-3.3,6.0,5.0,6.0,0.8,0.8,0.4,181.5,2146.5,7706.5,3780.5,11.0,3743.0,10.0,0.6,0.8,0.4,180.0,2145.0,7705.0,3780.0,11.0,3745.0,10.0,0.6,0.8,0.4
1974,2,299.0,-65.0,0.0,0.0,0.0,0.0,1.0,0.0,12.0,1.0,0.1,0.8,2.0,2.0,2.0,2.0,1.0,0.0,12.0,1.0,0.1,0.8,4.13,4.13,4.13,4.13,1.0,0.0,12.0,1.0,0.1,0.8,93.1,93.1,93.1,93.1,1.0,0.0,12.0,1.0,0.8,0.0,0.0,0.0,0.0,1.0,0.0,12.0,1.0,0.1,0.8,0.0,0.0,0.0,0.0,1.0,0.0,12.0,1.0,0.1,0.8,0.0,0.0,0.0,0.0,1.0,0.0,12.0,1.0,0.1,0.8,997.0,997.0,997.0,997.0,1.0,0.0,12.0,1.0,0.1,0.8,8.0,8.0,8.0,8.0,1.0,0.0,12.0,1.0,0.1,0.8,0.0,0.0,0.0,0.0,1.0,0.0,12.0,1.0,0.1,0.8,0.0,0.0,0.0,0.0,1.0,0.0,12.0,1.0,0.1,0.8,-2.0,-2.0,-2.0,-2.0,1.0,0.0,12.0,1.0,0.1,0.8,0.0,0.0,0.0,0.0,1.0,0.0,12.0,1.0,0.1,0.8,-0.29,-0.29,-0.29,-0.29,1.0,0.0,12.0,1.0,0.1,0.8,0.0,0.0,0.0,0.0,1.0,0.0,12.0,1.0,0.1,0.8,0.0,0.0,0.0,0.0,1.0,0.0,12.0,1.0,0.1,0.8,0.0,0.0,0.0,0.0,1.0,0.0,12.0,1.0,0.1,0.8,0.0,0.0,0.0,0.0,1.0,0.0,12.0,1.0,0.1,0.8,0.0,0.0,0.0,0.0,1.0,0.0,12.0,1.0,0.1,0.8,0.0,0.0,0.0,0.0,1.0,0.0,12.0,1.0,0.1,0.8,0.0,0.0,0.0,0.0,1.0,0.0,12.0,1.0,0.1,0.8,0.0,0.0,0.0,0.0,1.0,0.0,12.0,1.0,0.1,0.8,0.0,0.0,0.0,0.0,1.0,0.0,12.0,1.0,0.1,0.8
1974,2,299.0,-64.0,,,,,,,,,,,,,,,,,,,,,,,,,,,,,,,,,,,,,,,,2.02,2.6,5.37,3.5,5.0,2.2,12.0,0.6,0.4,0.9,0.0,0.89,2.88,1.42,5.0,1.7,12.0,0.6,0.4,0.9,-1.67,-1.0,4.0,0.91,5.0,3.7,12.0,0.6,0.4,0.9,965.58,968.0,973.56,969.5,4.0,5.3,14.0,0.8,0.4,0.9,,,,,,,,,,,,,,,,,,,,,,,,,,,,,,,,,,,,,,,,,,,,,,,,,,,,,,,,,,,,,,,,,,,,,,,,,,,,,,,,,,,,,,,,,,,,,,,,,,,,,,,,,,,,,,,,,,,,,,,,,,,,,,,,,,,,,,,,,,,,,,,,,,,,,,
1974,2,299.0,-63.0,1.5,1.5,1.5,1.5,1.0,0.0,10.0,1.0,0.5,0.1,4.0,4.0,4.0,4.0,1.0,0.0,10.0,1.0,0.5,0.1,4.28,4.28,4.28,4.28,1.0,0.0,10.0,1.0,0.5,0.1,85.0,85.0,85.0,85.0,1.0,0.0,10.0,1.0,0.1,9.3,9.3,9.3,9.3,1.0,0.0,10.0,1.0,0.5,0.1,7.12,7.12,7.12,7.12,1.0,0.0,10.0,1.0,0.5,0.1,5.98,5.98,5.98,5.98,1.0,0.0,10.0,1.0,0.5,0.1,1012.2,1012.2,1012.2,1012.2,1.0,0.0,10.0,1.0,0.5,0.1,5.0,5.0,5.0,5.0,1.0,0.0,10.0,1.0,0.5,0.1,66.3,66.3,66.3,66.3,1.0,0.0,10.0,1.0,0.5,0.1,55.6,55.6,55.6,55.6,1.0,0.0,10.0,1.0,0.5,0.1,-2.5,-2.5,-2.5,-2.5,1.0,0.0,10.0,1.0,0.5,0.1,-23.2,-23.2,-23.2,-23.2,1.0,0.0,10.0,1.0,0.5,0.1,-0.06,-0.06,-0.06,-0.06,1.0,0.0,10.0,1.0,0.5,0.1,-0.6,-0.6,-0.6,-0.6,1.0,0.0,10.0,1.0,0.5,0.1,28.5,28.5,28.5,28.5,1.0,0.0,10.0,1.0,0.5,0.1,23.9,23.9,23.9,23.9,1.0,0.0,10.0,1.0,0.5,0.1,30.5,30.5,30.5,30.5,1.0,0.0,10.0,1.0,0.5,0.1,25.6,25.6,25.6,25.6,1.0,0.0,10.0,1.0,0.5,0.1,-0.4,-0.4,-0.4,-0.4,1.0,0.0,10.0,1.0,0.5,0.1,-0.4,-0.4,-0.4,-0.4,1.0,0.0,10.0,1.0,0.5,0.1,804.5,804.5,804.5,804.5,1.0,0.0,10.0,1.0,0.5,0.1,805.0,805.0,805.0,805.0,1.0,0.0,10.0,1.0,0.5,0.1
1974,2,299.0,-60.0,,,,,,,,,,,,,,,,,,,,,,,,,,,,,,,,,,,,,,,,9.3,9.3,9.3,9.3,1.0,0.0,16.0,0.0,0.8,0.6,7.12,7.12,7.12,7.12,1.0,0.0,16.0,0.0,0.8,0.6,-5.98,-5.98,-5.98,-5.98,1.0,0.0,16.0,0.0,0.8,0.6,1007.6,1007.6,1007.6,1007.6,1.0,0.0,16.0,0.0,0.8,0.6,,,,,,,,,,,,,,,,,,,,,,,,,,,,,,,,,,,,,,,,,,,,,,,,,,,,,,,,,,,,,,,,,,,,,,,,,,,,,,,,,,,,,,,,,,,,,,,,,,,,,,,,,,,,,,,,,,,,,,,,,,,,,,,,,,,,,,,,,,,,,,,,,,,,,,
1974,2,299.0,-58.0,5.79,6.4,7.01,6.4,3.0,0.9,10.0,0.3,0.5,0.7,4.82,5.5,7.21,6.0,3.0,1.8,10.0,0.3,0.5,0.7,4.86,5.03,5.19,5.03,2.0,0.34,14.0,0.0,0.4,0.5,87.0,92.3,97.5,92.3,2.0,10.9,14.0,0.0,0.5,4.0,4.0,4.0,4.0,1.0,0.0,4.0,1.0,0.7,1.0,3.46,3.46,3.46,3.46,1.0,0.0,4.0,1.0,0.7,1.0,2.0,2.0,2.0,2.0,1.0,0.0,4.0,1.0,0.7,1.0,1000.37,1000.95,1001.53,1000.95,2.0,1.2,14.0,0.0,0.4,0.5,8.0,8.0,8.0,8.0,2.0,0.0,14.0,0.0,0.4,0.5,13.9,13.9,13.9,13.9,1.0,0.0,4.0,1.0,0.7,1.0,8.0,8.0,8.0,8.0,1.0,0.0,4.0,1.0,0.7,1.0,,,,,,,,,,,,,,,,,,,,,,,,,,,,,,,,,,,,,,,,,,,,,,,,,,,,,,,,,,,,,,,,,,,,,,,,,,,,,,,,,,,,,,,,,,,,,,,,,,,,,,,,,,,,,,,,,,,,,,,,
1974,2,299.0,-55.0,,,,,,,,,,,,,,,,,,,,,,,,,,,,,,,,,,,,,,,,13.0,13.0,13.0,13.0,1.0,0.0,8.0,0.0,0.3,0.8,8.36,8.36,8.36,8.36,1.0,0.0,8.0,0.0,0.3,0.8,9.96,9.96,9.96,9.96,1.0,0.0,8.0,0.0,0.3,0.8,1004.5,1004.5,1004.5,1004.5,1.0,0.0,8.0,0.0,0.3,0.8,,,,,,,,,,,,,,,,,,,,,,,,,,,,,,,,,,,,,,,,,,,,,,,,,,,,,,,,,,,,,,,,,,,,,,,,,,,,,,,,,,,,,,,,,,,,,,,,,,,,,,,,,,,,,,,,,,,,,,,,,,,,,,,,,,,,,,,,,,,,,,,,,,,,,,
1974,2,299.0,-54.0,,,,,,,,,,,,,,,,,,,,,,,,,,,,,,,,,,,,,,,,7.0,7.0,7.0,7.0,1.0,0.0,22.0,1.0,0.7,0.1,2.39,2.39,2.39,2.39,1.0,0.0,22.0,1.0,0.7,0.1,-6.58,-6.58,-6.58,-6.58,1.0,0.0,22.0,1.0,0.7,0.1,1003.0,1003.0,1003.0,1003.0,1.0,0.0,22.0,1.0,0.7,0.1,,,,,,,,,,,,,,,,,,,,,,,,,,,,,,,,,,,,,,,,,,,,,,,,,,,,,,,,,,,,,,,,,,,,,,,,,,,,,,,,,,,,,,,,,,,,,,,,,,,,,,,,,,,,,,,,,,,,,,,,,,,,,,,,,,,,,,,,,,,,,,,,,,,,,,
1974,2,299.0,-53.0,10.4,10.4,10.4,10.4,1.0,0.0,8.0,1.0,0.9,0.7,8.2,8.2,8.2,8.2,1.0,0.0,8.0,1.0,0.9,0.7,6.19,6.19,6.19,6.19,1.0,0.0,8.0,1.0,0.9,0.7,92.1,92.1,92.1,92.1,1.0,0.0,8.0,1.0,0.7,4.1,4.1,4.1,4.1,1.0,0.0,8.0,1.0,0.9,0.7,2.05,2.05,2.05,2.05,1.0,0.0,8.0,1.0,0.9,0.7,3.55,3.55,3.55,3.55,1.0,0.0,8.0,1.0,0.9,0.7,1014.4,1014.4,1014.4,1014.4,1.0,0.0,8.0,1.0,0.9,0.7,7.0,7.0,7.0,7.0,1.0,0.0,8.0,1.0,0.9,0.7,8.4,8.4,8.4,8.4,1.0,0.0,8.0,1.0,0.9,0.7,14.6,14.6,14.6,14.6,1.0,0.0,8.0,1.0,0.9,0.7,2.2,2.2,2.2,2.2,1.0,0.0,8.0,1.0,0.9,0.7,9.0,9.0,9.0,9.0,1.0,0.0,8.0,1.0,0.9,0.7,1.61,1.61,1.61,1.61,1.0,0.0,8.0,1.0,0.9,0.7,6.6,6.6,6.6,6.6,1.0,0.0,8.0,1.0,0.9,0.7,16.8,16.8,16.8,16.8,1.0,0.0,8.0,1.0,0.9,0.7,29.1,29.1,29.1,29.1,1.0,0.0,8.0,1.0,0.9,0.7,12.7,12.7,12.7,12.7,1.0,0.0,8.0,1.0,0.9,0.7,22.0,22.0,22.0,22.0,1.0,0.0,8.0,1.0,0.9,0.7,3.3,3.3,3.3,3.3,1.0,0.0,8.0,1.0,0.9,0.7,5.7,5.7,5.7,5.7,1.0,0.0,8.0,1.0,0.9,0.7,69.0,69.0,69.0,69.0,1.0,0.0,8.0,1.0,0.9,0.7,70.0,70.0,70.0,70.0,1.0,0.0,8.0,1.0,0.9,0.7
1974,2,299.0,-51.0,,,,,,,,,,,,,,,,,,,,,,,,,,,,,,,,,,,,,,,,6.7,6.7,6.7,6.7,1.0,0.0,26.0,0.0,0.1,0.8,6.3,6.3,6.3,6.3,1.0,0.0,26.0,0.0,0.1,0.8,-2.29,-2.29,-2.29,-2.29,1.0,0.0,26.0,0.0,0.1,0.8,1012.0,1012.0,1012.0,1012.0,1.0,0.0,26.0,0.0,0.1,0.8,,,,,,,,,,,,,,,,,,,,,,,,,,,,,,,,,,,,,,,,,,,,,,,,,,,,,,,,,,,,,,,,,,,,,,,,,,,,,,,,,,,,,,,,,,,,,,,,,,,,,,,,,,,,,,,,,,,,,,,,,,,,,,,,,,,,,,,,,,,,,,,,,,,,,,
1974,2,299.0,-50.0,12.16,12.5,12.84,12.5,2.0,0.71,22.0,0.0,0.6,1.0,12.15,12.7,13.25,12.7,2.0,1.13,22.0,0.0,0.6,1.0,6.89,7.55,8.21,7.55,2.0,1.37,22.0,0.0,0.6,1.0,78.0,82.4,86.8,82.4,2.0,9.1,22.0,0.0,1.0,4.58,5.1,6.46,5.5,4.0,1.54,24.0,0.5,0.6,0.6,-0.67,1.98,5.0,2.16,4.0,4.03,24.0,0.5,0.6,0.6,-4.15,-3.24,1.06,-1.62,4.0,4.09,24.0,0.5,0.6,0.6,1008.67,1011.25,1012.57,1010.65,4.0,2.6,24.0,0.5,0.6,0.6,5.0,6.5,7.5,6.3,4.0,1.7,24.0,0.5,0.6,0.6,-4.1,9.4,35.4,15.4,4.0,29.0,24.0,0.5,0.6,0.6,-21.5,-18.0,4.3,-9.0,4.0,21.2,24.0,0.5,0.6,0.6,-0.4,-0.2,0.0,-0.2,2.0,0.42,22.0,0.0,0.6,1.0,-2.1,-1.0,0.0,-1.0,2.0,2.2,22.0,0.0,0.6,1.0,0.98,1.46,1.93,1.46,2.0,0.98,22.0,0.0,0.6,1.0,5.0,7.4,9.9,7.4,2.0,5.0,22.0,0.0,0.6,1.0,-20.1,2.0,24.1,2.0,2.0,45.8,22.0,0.0,0.6,1.0,-41.8,-3.5,34.8,-3.5,2.0,79.3,22.0,0.0,0.6,1.0,-10.7,2.5,15.6,2.5,2.0,27.2,22.0,0.0,0.6,1.0,-27.0,-4.3,18.5,-4.3,2.0,47.2,22.0,0.0,0.6,1.0,-4.3,-1.8,0.8,-1.8,2.0,5.3,22.0,0.0,0.6,1.0,-1.3,3.1,7.5,3.1,2.0,9.1,22.0,0.0,0.6,1.0,99.5,132.5,302.5,197.5,4.0,175.0,24.0,0.5,0.6,0.6,100.0,135.0,300.0,200.0,4.0,175.0,24.0,0.5,0.6,0.6
1974,2,299.0,-49.0,13.0,13.0,13.0,13.0,1.0,0.0,22.0,0.0,0.2,0.3,13.6,13.6,13.6,13.6,1.0,0.0,22.0,0.0,0.2,0.3,8.68,8.68,8.68,8.68,1.0,0.0,22.0,0.0,0.2,0.3,90.1,90.1,90.1,90.1,1.0,0.0,22.0,0.0,0.3,1.5,1.5,1.5,1.5,1.0,0.0,22.0,0.0,0.2,0.3,-0.96,-0.96,-0.96,-0.96,1.0,0.0,22.0,0.0,0.2,0.3,-1.15,-1.15,-1.15,-1.15,1.0,0.0,22.0,0.0,0.2,0.3,1014.0,1014.0,1014.0,1014.0,1.0,0.0,22.0,0.0,0.2,0.3,8.0,8.0,8.0,8.0,1.0,0.0,22.0,0.0,0.2,0.3,-1.4,-1.4,-1.4,-1.4,1.0,0.0,22.0,0.0,0.2,0.3,-1.7,-1.7,-1.7,-1.7,1.0,0.0,22.0,0.0,0.2,0.3,-0.6,-0.6,-0.6,-0.6,1.0,0.0,22.0,0.0,0.2,0.3,-0.9,-0.9,-0.9,-0.9,1.0,0.0,22.0,0.0,0.2,0.3,0.59,0.59,0.59,0.59,1.0,0.0,22.0,0.0,0.2,0.3,0.9,0.9,0.9,0.9,1.0,0.0,22.0,0.0,0.2,0.3,-13.1,-13.1,-13.1,-13.1,1.0,0.0,22.0,0.0,0.2,0.3,-15.6,-15.6,-15.6,-15.6,1.0,0.0,22.0,0.0,0.2,0.3,-8.4,-8.4,-8.4,-8.4,1.0,0.0,22.0,0.0,0.2,0.3,-10.0,-10.0,-10.0,-10.0,1.0,0.0,22.0,0.0,0.2,0.3,-0.6,-0.6,-0.6,-0.6,1.0,0.0,22.0,0.0,0.2,0.3,-0.7,-0.7,-0.7,-0.7,1.0,0.0,22.0,0.0,0.2,0.3,3.5,3.5,3.5,3.5,1.0,0.0,22.0,0.0,0.2,0.3,5.0,5.0,5.0,5.0,1.0,0.0,22.0,0.0,0.2,0.3
1974,2,299.0,-47.0,13.0,13.0,13.0,13.0,1.0,0.0,20.0,1.0,1.0,1.0,15.0,15.0,15.0,15.0,1.0,0.0,20.0,1.0,1.0,1.0,9.27,9.27,9.27,9.27,1.0,0.0,20.0,1.0,1.0,1.0,87.8,87.8,87.8,87.8,1.0,0.0,20.0,1.0,1.0,1.0,1.0,1.0,1.0,1.0,0.0,20.0,1.0,1.0,1.0,-0.94,-0.94,-0.94,-0.94,1.0,0.0,20.0,1.0,1.0,1.0,0.34,0.34,0.34,0.34,1.0,0.0,20.0,1.0,1.0,1.0,1014.9,1014.9,1014.9,1014.9,1.0,0.0,20.0,1.0,1.0,1.0,7.0,7.0,7.0,7.0,1.0,0.0,20.0,1.0,1.0,1.0,-0.9,-0.9,-0.9,-0.9,1.0,0.0,20.0,1.0,1.0,1.0,0.3,0.3,0.3,0.3,1.0,0.0,20.0,1.0,1.0,1.0,-2.0,-2.0,-2.0,-2.0,1.0,0.0,20.0,1.0,1.0,1.0,-2.0,-2.0,-2.0,-2.0,1.0,0.0,20.0,1.0,1.0,1.0,0.0,0.0,0.0,0.0,1.0,0.0,20.0,1.0,1.0,1.0,0.0,0.0,0.0,0.0,1.0,0.0,20.0,1.0,1.0,1.0,-14.1,-14.1,-14.1,-14.1,1.0,0.0,20.0,1.0,1.0,1.0,5.1,5.1,5.1,5.1,1.0,0.0,20.0,1.0,1.0,1.0,-8.7,-8.7,-8.7,-8.7,1.0,0.0,20.0,1.0,1.0,1.0,3.2,3.2,3.2,3.2,1.0,0.0,20.0,1.0,1.0,1.0,0.0,0.0,0.0,0.0,1.0,0.0,20.0,1.0,1.0,1.0,0.0,0.0,0.0,0.0,1.0,0.0,20.0,1.0,1.0,1.0,1.0,1.0,1.0,1.0,1.0,0.0,20.0,1.0,1.0,1.0,0.0,0.0,0.0,0.0,1.0,0.0,20.0,1.0,1.0,1.0
1974,2,299.0,-45.0,13.0,13.0,13.0,13.0,1.0,0.0,18.0,1.0,0.5,0.1,14.0,14.0,14.0,14.0,1.0,0.0,18.0,1.0,0.5,0.1,9.43,9.43,9.43,9.43,1.0,0.0,18.0,1.0,0.5,0.1,94.9,94.9,94.9,94.9,1.0,0.0,18.0,1.0,0.1,7.7,7.7,7.7,7.7,1.0,0.0,18.0,1.0,0.5,0.1,-6.67,-6.67,-6.67,-6.67,1.0,0.0,18.0,1.0,0.5,0.1,-3.85,-3.85,-3.85,-3.85,1.0,0.0,18.0,1.0,0.5,0.1,1010.5,1010.5,1010.5,1010.5,1.0,0.0,18.0,1.0,0.5,0.1,8.0,8.0,8.0,8.0,1.0,0.0,18.0,1.0,0.5,0.1,-51.3,-51.3,-51.3,-51.3,1.0,0.0,18.0,1.0,0.5,0.1,-29.6,-29.6,-29.6,-29.6,1.0,0.0,18.0,1.0,0.5,0.1,-1.0,-1.0,-1.0,-1.0,1.0,0.0,18.0,1.0,0.5,0.1,-7.7,-7.7,-7.7,-7.7,1.0,0.0,18.0,1.0,0.5,0.1,-0.12,-0.12,-0.12,-0.12,1.0,0.0,18.0,1.0,0.5,0.1,-0.9,-0.9,-0.9,-0.9,1.0,0.0,18.0,1.0,0.5,0.1,-93.4,-93.4,-93.4,-93.4,1.0,0.0,18.0,1.0,0.5,0.1,-53.9,-53.9,-53.9,-53.9,1.0,0.0,18.0,1.0,0.5,0.1,-62.9,-62.9,-62.9,-62.9,1.0,0.0,18.0,1.0,0.5,0.1,-36.3,-36.3,-36.3,-36.3,1.0,0.0,18.0,1.0,0.5,0.1,0.8,0.8,0.8,0.8,1.0,0.0,18.0,1.0,0.5,0.1,0.5,0.5,0.5,0.5,1.0,0.0,18.0,1.0,0.5,0.1,456.5,456.5,456.5,456.5,1.0,0.0,18.0,1.0,0.5,0.1,455.0,455.0,455.0,455.0,1.0,0.0,18.0,1.0,0.5,0.1
1974,2,299.0,-44.0,13.43,15.75,16.76,15.13,4.0,2.25,16.0,0.3,0.4,0.5,14.43,16.25,18.86,16.63,4.0,3.3,16.0,0.3,0.4,0.5,9.05,10.59,12.01,10.53,4.0,1.99,16.0,0.3,0.4,0.5,85.2,88.9,92.7,89.0,4.0,5.0,16.0,0.3,0.5,4.1,6.7,9.3,6.7,4.0,3.0,16.0,0.3,0.4,0.5,-1.07,1.97,5.95,2.41,4.0,4.14,16.0,0.3,0.4,0.5,-3.95,1.06,7.07,1.54,4.0,6.39,16.0,0.3,0.4,0.5,1011.52,1016.15,1019.57,1015.58,4.0,4.79,16.0,0.3,0.4,0.5,2.4,5.0,7.0,4.8,4.0,3.0,16.0,0.3,0.4,0.5,-4.4,20.2,55.3,25.2,4.0,35.4,16.0,0.3,0.4,0.5,-16.2,19.9,65.7,24.5,4.0,47.7,16.0,0.3,0.4,0.5,-4.0,-2.0,1.05,-1.5,4.0,3.0,16.0,0.3,0.4,0.5,-27.3,-8.2,9.7,-8.7,4.0,23.8,16.0,0.3,0.4,0.5,-1.15,-0.1,1.55,0.19,4.0,1.72,16.0,0.3,0.4,0.5,-8.7,-0.4,13.0,2.0,4.0,15.3,16.0,0.3,0.4,0.5,-19.2,22.7,88.5,34.1,4.0,65.2,16.0,0.3,0.4,0.5,-74.7,16.0,100.4,13.0,4.0,101.1,16.0,0.3,0.4,0.5,-12.5,14.2,55.6,21.2,4.0,41.3,16.0,0.3,0.4,0.5,-47.5,8.9,62.9,7.7,4.0,63.7,16.0,0.3,0.4,0.5,-5.9,-0.1,6.2,0.1,4.0,8.9,16.0,0.3,0.4,0.5,-5.7,0.5,11.8,2.9,4.0,12.1,16.0,0.3,0.4,0.5,69.0,436.5,804.5,436.5,4.0,424.5,16.0,0.3,0.4,0.5,70.0,435.0,805.0,435.0,4.0,425.0,16.0,0.3,0.4,0.5
1974,2,299.0,-43.0,14.71,15.75,16.52,15.63,4.0,1.25,16.0,0.8,0.5,0.4,16.69,18.5,19.0,17.88,4.0,1.65,16.0,0.8,0.5,0.4,10.29,10.76,11.07,10.68,4.0,0.51,16.0,0.8,0.5,0.4,77.7,82.4,91.7,84.6,4.0,11.0,16.0,0.8,0.4,2.6,3.35,5.46,4.0,4.0,1.93,16.0,0.8,0.5,0.4,-2.07,-0.44,0.24,-0.89,4.0,1.6,16.0,0.8,0.5,0.4,-4.76,-2.6,-2.5,-3.58,4.0,2.08,16.0,0.8,0.5,0.4,1012.34,1013.75,1015.52,1013.93,4.0,1.87,16.0,0.8,0.5,0.4,7.5,8.0,8.0,7.8,4.0,0.5,16.0,0.8,0.5,0.4,-7.8,-1.2,0.6,-3.5,4.0,6.4,16.0,0.8,0.5,0.4,-28.7,-8.7,-6.5,-17.2,4.0,18.6,16.0,0.8,0.5,0.4,-4.05,-2.0,-0.48,-2.25,4.0,2.22,16.0,0.8,0.5,0.4,-12.7,-9.5,-3.2,-8.0,4.0,6.0,16.0,0.8,0.5,0.4,-0.68,0.62,1.35,0.35,4.0,1.27,16.0,0.8,0.5,0.4,-1.8,2.5,7.5,2.9,4.0,5.8,16.0,0.8,0.5,0.4,-37.8,-6.9,4.5,-16.2,4.0,30.4,16.0,0.8,0.5,0.4,-87.0,-49.4,-43.0,-64.3,4.0,37.9,16.0,0.8,0.5,0.4,-21.1,-4.9,2.6,-9.0,4.0,16.2,16.0,0.8,0.5,0.4,-50.8,-27.7,-26.5,-38.2,4.0,21.9,16.0,0.8,0.5,0.4,-2.3,-0.3,0.0,-1.1,4.0,1.9,16.0,0.8,0.5,0.4,-6.7,-1.6,1.7,-2.4,4.0,5.6,16.0,0.8,0.5,0.4,17.5,43.0,190.5,101.0,4.0,135.0,16.0,0.8,0.5,0.4,20.0,45.0,190.0,100.0,4.0,135.0,16.0,0.8,0.5,0.4
1974,2,299.0,-42.0,15.79,17.0,19.0,17.17,6.0,1.6,10.0,0.7,0.4,0.7,16.79,18.5,21.28,19.13,6.0,2.97,10.0,0.7,0.4,0.7,8.33,10.16,12.09,10.42,6.0,2.27,10.0,0.7,0.4,0.7,68.0,73.7,84.3,75.1,6.0,13.0,10.0,0.7,0.7,5.85,6.7,9.92,7.38,6.0,3.23,10.0,0.7,0.4,0.7,-6.13,-2.34,4.23,-1.47,6.0,5.11,10.0,0.7,0.4,0.7,-5.8,-1.28,5.54,-1.03,6.0,6.77,10.0,0.7,0.4,0.7,1002.97,1007.2,1013.32,1007.97,6.0,6.97,10.0,0.7,0.4,0.7,3.2,4.5,6.2,4.3,6.0,2.4,10.0,0.7,0.4,0.7,-47.1,-16.6,33.6,-8.8,6.0,43.2,10.0,0.7,0.4,0.7,-52.3,-3.3,41.0,-12.8,6.0,71.7,10.0,0.7,0.4,0.7,-3.89,-1.25,0.21,-1.97,6.0,2.94,10.0,0.7,0.4,0.7,-19.9,-8.9,1.9,-11.6,6.0,19.9,10.0,0.7,0.4,0.7,-0.55,1.95,4.31,1.85,6.0,2.95,10.0,0.7,0.4,0.7,-4.3,12.8,36.6,13.9,6.0,21.9,10.0,0.7,0.4,0.7,-111.0,-43.8,75.0,-31.3,6.0,102.2,10.0,0.7,0.4,0.7,-105.5,-23.0,107.0,-17.5,6.0,118.0,10.0,0.7,0.4,0.7,-60.2,-21.7,38.8,-17.5,6.0,56.3,10.0,0.7,0.4,0.7,-61.5,-13.3,46.1,-17.1,6.0,68.9,10.0,0.7,0.4,0.7,-20.3,-0.3,15.9,-1.1,6.0,18.4,10.0,0.7,0.4,0.7,-3.6,0.9,28.1,6.9,6.0,17.7,10.0,0.7,0.4,0.7,242.5,301.0,1022.5,597.5,6.0,669.0,10.0,0.7,0.4,0.7,240.0,300.0,1025.0,600.0,6.0,670.0,10.0,0.7,0.4,0.7
1974,2,299.0,-41.0,16.0,17.0,18.21,17.05,11.0,1.37,16.0,0.5,0.6,0.3,15.0,16.0,20.41,17.45,11.0,3.05,16.0,0.5,0.6,0.3,7.01,8.44,11.12,9.08,11.0,2.53,16.0,0.5,0.6,0.3,57.8,76.4,85.0,73.1,11.0,15.3,16.0,0.5,0.3,1.94,6.7,9.3,5.53,11.0,3.17,16.0,0.5,0.6,0.3,-3.99,-0.64,1.49,-1.23,11.0,2.7,16.0,0.5,0.6,0.3,-8.74,0.77,3.66,-1.59,11.0,5.65,16.0,0.5,0.6,0.3,1008.23,1013.0,1023.46,1015.15,11.0,8.71,16.0,0.5,0.6,0.3,1.2,6.0,7.4,4.6,11.0,3.1,16.0,0.5,0.6,0.3,-31.6,-0.6,5.4,-9.8,11.0,19.2,16.0,0.5,0.6,0.3,-81.3,0.8,19.1,-18.4,11.0,45.4,16.0,0.5,0.6,0.3,-3.24,1.0,2.71,-0.41,11.0,3.52,16.0,0.5,0.6,0.3,-21.7,2.5,8.7,-2.9,11.0,17.3,16.0,0.5,0.6,0.3,-0.44,4.0,6.05,3.0,11.0,3.29,16.0,0.5,0.6,0.3,-2.5,17.5,23.0,12.1,11.0,15.1,16.0,0.5,0.6,0.3,-67.2,-10.3,27.4,-20.7,11.0,47.0,16.0,0.5,0.6,0.3,-133.7,12.3,54.6,-29.8,11.0,94.0,16.0,0.5,0.6,0.3,-37.4,-4.0,13.4,-11.7,11.0,27.0,16.0,0.5,0.6,0.3,-73.2,4.8,29.8,-18.0,11.0,52.7,16.0,0.5,0.6,0.3,-7.8,-1.0,5.1,-2.2,11.0,10.2,16.0,0.5,0.6,0.3,-9.1,6.6,15.5,3.2,11.0,16.4,16.0,0.5,0.6,0.3,10.5,301.0,804.5,315.5,11.0,335.5,16.0,0.5,0.6,0.3,10.0,300.0,805.0,315.0,11.0,335.0,16.0,0.5,0.6,0.3
1974,2,299.0,-40.0,16.4,19.5,20.0,18.58,6.0,1.86,14.0,0.5,0.6,0.8,15.79,17.25,18.83,17.58,6.0,2.42,14.0,0.5,0.6,0.8,10.36,11.03,11.86,11.11,4.0,1.04,16.0,0.5,0.7,0.9,70.8,90.3,91.6,82.5,5.0,13.3,16.0,0.4,0.9,2.6,4.1,11.3,6.95,6.0,6.4,14.0,0.5,0.6,0.8,-3.05,0.48,4.94,1.78,6.0,6.78,14.0,0.5,0.6,0.8,-1.5,2.85,8.91,3.54,6.0,5.85,14.0,0.5,0.6,0.8,1011.3,1012.0,1013.1,1012.26,5.0,1.64,14.0,0.6,0.6,0.8,1.6,5.0,6.4,4.3,6.0,2.9,14.0,0.5,0.6,0.8,-17.5,2.3,62.1,38.9,6.0,117.9,14.0,0.5,0.6,0.8,-5.1,9.8,107.4,51.4,6.0,93.9,14.0,0.5,0.6,0.8,-1.41,1.75,2.81,1.0,6.0,2.55,14.0,0.5,0.6,0.8,-4.9,10.2,20.9,10.5,6.0,16.5,14.0,0.5,0.6,0.8,0.81,1.49,2.58,1.69,4.0,1.23,16.0,0.5,0.7,0.9,2.5,5.9,12.6,7.5,4.0,6.6,16.0,0.5,0.7,0.9,-47.9,8.0,96.8,36.6,6.0,119.0,14.0,0.5,0.6,0.8,-29.0,47.5,141.3,58.4,6.0,101.6,14.0,0.5,0.6,0.8,-26.6,5.1,23.1,-1.4,4.0,33.2,16.0,0.5,0.7,0.9,-27.1,8.8,55.6,14.0,4.0,52.6,16.0,0.5,0.7,0.9,-5.0,-0.5,1.9,-1.5,4.0,4.8,16.0,0.5,0.7,0.9,-1.4,3.7,11.4,5.0,4.0,7.7,16.0,0.5,0.7,0.9,17.5,69.0,2054.5,1306.0,6.0,2737.5,14.0,0.5,0.6,0.8,20.0,70.0,2055.0,1305.0,6.0,2735.0,14.0,0.5,0.6,0.8
1974,2,299.0,9.0,27.2,27.2,27.2,27.2,1.0,0.0,18.0,1.0,0.7,0.4,26.58,26.75,26.92,26.75,2.0,0.35,16.0,1.0,0.7,0.4,16.32,16.85,17.39,16.85,2.0,1.11,16.0,1.0,0.7,0.4,75.2,76.9,78.5,76.9,2.0,3.4,16.0,1.0,0.4,4.59,5.65,6.71,5.65,2.0,2.19,16.0,1.0,0.7,0.4,-3.63,-3.16,-2.68,-3.16,2.0,0.98,16.0,1.0,0.7,0.4,-5.47,-2.68,0.11,-2.68,2.0,5.78,16.0,1.0,0.7,0.4,1012.13,1012.4,1012.67,1012.4,2.0,0.57,16.0,1.0,0.7,0.4,5.0,5.0,5.0,5.0,1.0,0.0,18.0,1.0,0.7,0.4,-17.4,-16.8,-16.1,-16.8,2.0,1.4,16.0,1.0,0.7,0.4,-40.1,-21.5,-2.9,-21.5,2.0,38.5,16.0,1.0,0.7,0.4,0.2,0.2,0.2,0.2,1.0,0.0,18.0,1.0,0.7,0.4,0.8,0.8,0.8,0.8,1.0,0.0,18.0,1.0,0.7,0.4,4.95,4.95,4.95,4.95,1.0,0.0,18.0,1.0,0.7,0.4,20.3,20.3,20.3,20.3,1.0,0.0,18.0,1.0,0.7,0.4,-97.9,-84.6,-71.4,-84.6,2.0,27.4,16.0,1.0,0.7,0.4,-144.8,-70.7,3.4,-70.7,2.0,153.6,16.0,1.0,0.7,0.4,-63.4,-53.8,-44.1,-53.8,2.0,20.1,16.0,1.0,0.7,0.4,-87.5,-42.0,3.6,-42.0,2.0,94.4,16.0,1.0,0.7,0.4,-19.1,-19.1,-19.1,-19.1,1.0,0.0,18.0,1.0,0.7,0.4,6.9,6.9,6.9,6.9,1.0,0.0,18.0,1.0,0.7,0.4,117.0,221.0,325.0,221.0,2.0,215.0,16.0,1.0,0.7,0.4,115.0,220.0,325.0,220.0,2.0,215.0,16.0,1.0,0.7,0.4
1974,2,299.0,10.0,25.97,26.6,27.85,26.76,12.0,1.07,18.0,0.7,0.7,0.6,25.57,25.9,28.13,26.55,12.0,1.38,18.0,0.7,0.6,0.6,15.48,16.46,17.7,16.52,11.0,1.29,18.0,0.6,0.6,0.6,72.5,76.3,80.0,76.0,11.0,3.7,18.0,0.6,0.6,5.64,7.7,9.4,7.93,13.0,2.1,18.0,0.6,0.6,0.6,-8.13,-7.7,-4.98,-7.03,13.0,2.2,18.0,0.6,0.6,0.6,-5.0,-3.35,0.0,-2.76,13.0,2.43,18.0,0.6,0.6,0.6,1012.65,1013.2,1014.55,1013.44,12.0,1.4,18.0,0.7,0.6,0.6,2.9,3.0,5.1,3.8,13.0,1.4,18.0,0.6,0.6,0.6,-79.9,-59.3,-26.0,-59.6,13.0,34.8,18.0,0.6,0.6,0.6,-43.2,-20.9,0.0,-22.6,13.0,22.2,18.0,0.6,0.6,0.6,-0.71,0.2,1.39,0.28,11.0,1.42,18.0,0.7,0.6,0.6,-4.6,1.8,10.1,1.2,11.0,14.0,18.0,0.7,0.6,0.6,4.3,5.65,7.04,5.62,10.0,1.42,18.0,0.7,0.6,0.6,31.3,39.7,51.9,42.1,10.0,13.3,18.0,0.7,0.6,0.6,-216.6,-180.3,-126.6,-185.3,12.0,67.2,18.0,0.7,0.6,0.6,-141.1,-63.7,0.0,-68.7,12.0,65.1,18.0,0.7,0.6,0.6,-134.5,-103.9,-75.3,-112.8,11.0,44.3,18.0,0.6,0.6,0.6,-87.1,-57.5,0.0,-44.8,11.0,42.7,18.0,0.6,0.6,0.6,-41.6,-36.7,-24.7,-36.1,10.0,11.5,18.0,0.7,0.6,0.6,-34.1,-15.7,0.0,-17.1,10.0,15.4,18.0,0.7,0.6,0.6,180.0,456.5,832.0,599.0,13.0,478.0,18.0,0.6,0.6,0.6,180.0,455.0,830.0,600.0,13.0,480.0,18.0,0.6,0.6,0.6
1974,2,299.0,11.0,25.31,25.9,27.7,26.31,10.0,1.23,14.0,0.5,0.5,0.4,25.43,26.2,26.77,26.19,9.0,0.64,14.0,0.4,0.5,0.4,14.29,16.71,18.08,16.31,8.0,1.74,14.0,0.5,0.4,0.4,70.0,80.1,82.9,77.3,8.0,7.2,14.0,0.5,0.4,7.2,8.65,10.3,8.99,10.0,1.97,14.0,0.5,0.5,0.4,-8.55,-7.14,-5.61,-7.5,10.0,2.2,14.0,0.5,0.5,0.4,-5.99,-4.08,-2.45,-3.96,10.0,2.97,14.0,0.5,0.5,0.4,1009.71,1011.9,1013.63,1011.74,10.0,2.01,14.0,0.5,0.5,0.4,2.0,3.0,4.6,3.1,10.0,1.5,14.0,0.5,0.5,0.4,-87.3,-56.6,-46.5,-70.4,10.0,37.3,14.0,0.5,0.5,0.4,-61.7,-29.3,-23.6,-37.4,10.0,29.5,14.0,0.5,0.5,0.4,-0.92,0.1,1.67,0.27,9.0,1.17,14.0,0.4,0.5,0.4,-7.2,0.7,13.6,2.2,9.0,11.1,14.0,0.4,0.5,0.4,4.06,6.06,6.88,5.43,8.0,1.78,14.0,0.5,0.4,0.4,28.6,50.2,62.3,48.8,8.0,16.5,14.0,0.5,0.4,0.4,-221.2,-203.0,-142.9,-199.2,9.0,62.0,14.0,0.4,0.5,0.4,-162.0,-109.8,-63.6,-103.2,9.0,82.1,14.0,0.4,0.5,0.4,-133.6,-118.0,-88.0,-125.0,8.0,49.2,14.0,0.5,0.4,0.4,-107.4,-68.4,-42.7,-65.7,8.0,57.0,14.0,0.5,0.4,0.4,-53.1,-43.2,-24.6,-39.1,8.0,13.1,14.0,0.5,0.4,0.4,-44.1,-25.1,-5.7,-23.0,8.0,21.6,14.0,0.5,0.4,0.4,373.0,658.0,1092.5,824.5,10.0,565.5,14.0,0.5,0.5,0.4,375.0,660.0,1095.0,825.0,10.0,565.0,14.0,0.5,0.5,0.4
1974,2,299.0,12.0,25.93,27.0,27.11,26.64,10.0,1.14,14.0,0.4,0.6,0.6,24.83,25.55,26.11,25.46,10.0,0.64,14.0,0.4,0.6,0.6,15.6,17.04,17.55,16.78,9.0,0.99,14.0,0.4,0.6,0.6,78.0,81.1,85.9,82.5,9.0,5.6,14.0,0.4,0.6,7.2,8.2,10.87,8.69,10.0,2.37,14.0,0.4,0.6,0.6,-8.12,-7.25,-6.04,-7.13,10.0,1.31,14.0,0.4,0.6,0.6,-7.78,-2.43,1.51,-2.68,10.0,4.83,14.0,0.4,0.6,0.6,1011.76,1013.05,1015.34,1013.33,10.0,2.19,14.0,0.4,0.6,0.6,2.4,3.5,5.6,3.9,10.0,1.9,14.0,0.4,0.6,0.6,-84.6,-60.6,-45.1,-64.1,10.0,25.3,14.0,0.4,0.6,0.6,-85.1,-17.5,11.6,-30.8,10.0,52.7,14.0,0.4,0.6,0.6,0.5,0.9,2.17,1.18,10.0,1.4,14.0,0.4,0.6,0.6,4.3,5.9,23.9,11.5,10.0,14.2,14.0,0.4,0.6,0.6,4.67,5.09,6.15,5.03,9.0,1.62,14.0,0.4,0.6,0.6,27.6,44.2,60.6,41.9,9.0,17.8,14.0,0.4,0.6,0.6,-201.3,-186.8,-158.9,-181.1,10.0,30.3,14.0,0.4,0.6,0.6,-198.1,-63.5,38.5,-67.3,10.0,122.9,14.0,0.4,0.6,0.6,-137.9,-123.8,-101.6,-117.3,9.0,21.2,14.0,0.4,0.6,0.6,-105.0,-21.9,33.7,-31.1,9.0,75.2,14.0,0.4,0.6,0.6,-45.8,-36.6,-25.3,-35.6,9.0,15.5,14.0,0.4,0.6,0.6,-35.5,-1.5,9.7,-10.1,9.0,22.6,14.0,0.4,0.6,0.6,373.0,557.5,1293.0,790.0,10.0,617.0,14.0,0.4,0.6,0.6,375.0,560.0,1295.0,790.0,10.0,615.0,14.0,0.4,0.6,0.6
1974,2,299.0,13.0,25.3,26.0,26.78,26.15,12.0,1.06,14.0,0.3,0.7,0.3,24.75,25.0,25.5,25.25,11.0,1.01,12.0,0.3,0.7,0.3,14.94,15.72,17.46,16.2,11.0,1.34,12.0,0.3,0.7,0.3,75.6,78.9,84.8,80.9,11.0,5.8,12.0,0.3,0.3,6.2,7.7,10.8,7.98,12.0,2.34,14.0,0.3,0.7,0.3,-10.15,-6.9,-2.5,-6.83,12.0,3.21,14.0,0.3,0.7,0.3,-5.17,-2.13,0.0,-2.69,12.0,2.41,14.0,0.3,0.7,0.3,1012.3,1013.35,1015.93,1014.26,12.0,2.38,14.0,0.3,0.7,0.3,1.7,3.5,6.3,3.8,12.0,2.1,14.0,0.3,0.7,0.3,-109.6,-48.6,-18.5,-60.3,12.0,39.4,14.0,0.3,0.7,0.3,-39.9,-16.7,0.0,-21.5,12.0,19.5,14.0,0.3,0.7,0.3,-0.25,0.5,1.95,0.69,11.0,1.11,12.0,0.3,0.7,0.3,-1.9,3.4,11.6,4.8,11.0,9.9,12.0,0.3,0.7,0.3,3.75,4.86,5.77,4.73,11.0,1.21,12.0,0.3,0.7,0.3,26.7,33.1,39.9,35.1,11.0,12.0,12.0,0.3,0.7,0.3,-249.2,-168.3,-60.0,-165.6,11.0,82.3,12.0,0.3,0.7,0.3,-132.8,-45.0,0.0,-65.9,11.0,63.0,12.0,0.3,0.7,0.3,-171.8,-107.3,-37.6,-107.6,11.0,57.2,12.0,0.3,0.7,0.3,-85.5,-29.0,0.0,-41.9,11.0,39.5,12.0,0.3,0.7,0.3,-36.0,-30.8,-12.4,-29.3,11.0,15.5,12.0,0.3,0.7,0.3,-27.6,-11.6,0.0,-12.6,11.0,11.9,12.0,0.3,0.7,0.3,238.5,456.5,1259.5,622.5,12.0,446.0,14.0,0.3,0.7,0.3,240.0,455.0,1260.0,625.0,12.0,445.0,14.0,0.3,0.7,0.3
1974,2,299.0,14.0,25.53,26.0,26.78,26.04,9.0,1.09,18.0,0.4,0.5,0.4,25.0,25.55,25.87,25.58,8.0,1.14,18.0,0.4,0.5,0.4,14.96,15.56,16.09,15.53,4.0,0.81,16.0,0.5,0.5,0.5,69.9,78.5,82.2,76.7,5.0,6.6,20.0,0.4,0.5,6.09,7.6,8.7,7.52,10.0,1.37,18.0,0.4,0.5,0.5,-8.41,-6.85,-4.72,-6.03,10.0,3.63,18.0,0.4,0.5,0.5,-3.53,-1.23,2.35,-0.98,10.0,3.18,18.0,0.4,0.5,0.5,1013.3,1014.5,1016.39,1014.91,9.0,1.81,16.0,0.4,0.5,0.4,2.0,2.0,4.0,2.7,10.0,1.3,18.0,0.4,0.5,0.5,-73.1,-52.1,-27.6,-47.9,10.0,32.2,18.0,0.4,0.5,0.5,-27.7,-8.9,20.4,-5.7,10.0,24.0,18.0,0.4,0.5,0.5,-1.46,0.55,2.33,0.45,8.0,1.78,18.0,0.4,0.5,0.4,-11.6,3.4,15.8,2.6,8.0,13.5,18.0,0.4,0.5,0.4,4.64,5.42,6.3,5.47,4.0,1.0,16.0,0.5,0.5,0.5,32.0,36.1,43.3,37.6,4.0,7.5,16.0,0.5,0.5,0.5,-201.9,-158.7,-115.3,-136.2,8.0,96.9,18.0,0.4,0.5,0.4,-92.9,-29.6,74.1,-24.1,8.0,87.1,18.0,0.4,0.5,0.4,-121.0,-100.9,-78.8,-100.0,4.0,29.5,16.0,0.5,0.5,0.5,-46.2,-19.3,25.7,-10.7,4.0,45.7,16.0,0.5,0.5,0.5,-40.7,-33.2,-28.0,-34.3,4.0,8.1,16.0,0.5,0.5,0.5,-19.2,-8.2,6.9,-6.2,4.0,15.9,16.0,0.5,0.5,0.5,225.5,442.5,658.5,463.5,10.0,244.5,18.0,0.4,0.5,0.5,225.0,445.0,660.0,465.0,10.0,245.0,18.0,0.4,0.5,0.5
1974,2,299.0,15.0,26.0,26.0,27.71,26.44,8.0,1.01,16.0,0.3,0.5,0.5,24.53,24.9,25.71,25.27,9.0,1.11,16.0,0.3,0.5,0.5,14.07,14.73,16.43,15.42,8.0,2.07,16.0,0.3,0.5,0.5,72.6,75.8,83.4,77.2,8.0,5.3,16.0,0.3,0.5,6.97,8.0,12.2,8.56,9.0,3.19,16.0,0.3,0.5,0.5,-12.16,-7.7,-6.55,-8.37,9.0,3.25,16.0,0.3,0.5,0.5,-2.54,-1.42,0.0,-1.21,9.0,1.21,16.0,0.3,0.5,0.5,1015.51,1017.3,1018.98,1017.02,9.0,2.33,16.0,0.3,0.5,0.5,2.0,4.0,4.0,3.1,9.0,1.2,16.0,0.3,0.5,0.5,-149.7,-60.1,-45.8,-80.8,9.0,54.7,16.0,0.3,0.5,0.5,-19.8,-11.7,0.0,-9.7,9.0,9.7,16.0,0.3,0.5,0.5,0.0,1.25,3.18,1.25,8.0,1.77,16.0,0.3,0.5,0.5,-0.3,12.3,21.5,8.9,8.0,14.8,16.0,0.3,0.5,0.5,3.38,6.56,8.63,6.09,8.0,2.87,16.0,0.3,0.5,0.5,16.0,60.6,76.2,51.2,8.0,30.9,16.0,0.3,0.5,0.5,-311.2,-194.7,-160.5,-212.6,9.0,84.6,16.0,0.3,0.5,0.5,-62.3,-35.6,0.0,-30.8,9.0,30.8,16.0,0.3,0.5,0.5,-191.0,-121.0,-92.7,-131.2,8.0,56.7,16.0,0.3,0.5,0.5,-35.6,-11.8,0.0,-16.3,8.0,17.9,16.0,0.3,0.5,0.5,-75.8,-58.8,-15.9,-50.1,8.0,30.5,16.0,0.3,0.5,0.5,-18.2,-0.8,0.0,-6.2,8.0,9.8,16.0,0.3,0.5,0.5,343.0,512.0,1862.5,853.5,9.0,785.0,16.0,0.3,0.5,0.5,345.0,510.0,1865.0,855.0,9.0,785.0,16.0,0.3,0.5,0.5
1974,2,299.0,16.0,25.0,25.0,25.97,25.28,8.0,0.77,12.0,0.4,0.4,0.3,24.43,24.6,25.29,24.88,9.0,0.9,12.0,0.3,0.4,0.4,12.51,14.58,18.18,15.12,7.0,2.64,14.0,0.3,0.4,0.4,66.1,75.4,91.5,78.8,8.0,12.7,12.0,0.3,0.3,4.53,7.2,10.3,7.36,9.0,3.06,12.0,0.3,0.4,0.4,-10.14,-7.0,-4.49,-7.13,9.0,3.01,12.0,0.3,0.4,0.4,-2.53,0.0,0.62,-0.77,9.0,1.82,12.0,0.3,0.4,0.4,1013.91,1016.05,1017.67,1015.79,8.0,2.16,14.0,0.4,0.3,0.4,1.3,2.0,2.7,2.2,9.0,1.2,12.0,0.3,0.4,0.4,-104.5,-49.0,-20.9,-60.6,9.0,42.4,12.0,0.3,0.4,0.4,-21.8,0.0,2.3,-6.7,9.0,15.7,12.0,0.3,0.4,0.4,-0.44,0.35,0.49,0.28,8.0,0.9,12.0,0.4,0.4,0.3,-3.2,2.7,5.0,3.8,8.0,8.7,12.0,0.4,0.4,0.3,1.45,5.62,7.61,5.03,6.0,3.27,14.0,0.3,0.3,0.3,8.7,42.0,80.3,46.5,6.0,40.2,14.0,0.3,0.3,0.3,-249.3,-177.8,-118.0,-176.7,9.0,72.6,12.0,0.3,0.4,0.4,-62.3,0.0,16.4,-18.8,9.0,44.7,12.0,0.3,0.4,0.4,-138.9,-127.0,-62.4,-106.4,7.0,43.7,14.0,0.3,0.4,0.4,-25.8,0.0,11.9,-8.5,7.0,26.2,14.0,0.3,0.4,0.4,-79.1,-41.4,-8.6,-45.8,6.0,39.7,14.0,0.3,0.3,0.3,-11.3,-1.1,6.7,-0.7,6.0,11.3,14.0,0.3,0.3,0.3,100.5,373.0,1092.5,573.5,9.0,514.0,12.0,0.3,0.4,0.4,100.0,375.0,1095.0,575.0,9.0,515.0,12.0,0.3,0.4,0.4
1974,2,299.0,17.0,24.79,26.0,26.14,25.71,7.0,0.85,16.0,0.6,0.6,0.3,24.25,24.8,25.37,24.83,9.0,0.66,18.0,0.6,0.6,0.4,13.63,15.02,15.63,14.62,8.0,1.49,18.0,0.6,0.6,0.4,71.0,77.2,80.3,74.9,8.0,6.9,18.0,0.6,0.4,5.53,7.7,9.67,7.62,9.0,1.94,18.0,0.6,0.6,0.4,-9.28,-7.1,-5.5,-7.17,9.0,1.99,18.0,0.6,0.6,0.4,-3.25,0.0,2.26,-0.47,9.0,2.65,18.0,0.6,0.6,0.4,1013.0,1016.0,1018.73,1015.97,9.0,2.61,18.0,0.6,0.6,0.4,0.3,3.0,6.7,3.2,9.0,2.8,18.0,0.6,0.6,0.4,-89.2,-55.7,-30.9,-58.0,9.0,27.7,18.0,0.6,0.6,0.4,-27.7,0.0,17.2,-2.7,9.0,22.5,18.0,0.6,0.6,0.4,0.0,0.6,1.62,0.76,7.0,0.77,16.0,0.6,0.6,0.3,0.0,5.6,15.4,6.7,7.0,6.6,16.0,0.6,0.6,0.3,4.31,5.14,8.42,5.91,6.0,2.08,16.0,0.7,0.6,0.3,29.0,44.7,68.6,47.9,6.0,23.6,16.0,0.7,0.6,0.3,-228.1,-181.1,-135.1,-178.1,9.0,48.8,18.0,0.6,0.6,0.4,-80.7,0.0,56.9,-11.9,9.0,66.2,18.0,0.6,0.6,0.4,-116.8,-104.4,-81.0,-99.6,8.0,25.4,18.0,0.6,0.6,0.4,-44.7,-7.9,18.5,-13.2,8.0,34.1,18.0,0.6,0.6,0.4,-64.4,-41.6,-27.8,-44.6,6.0,22.8,16.0,0.7,0.6,0.3,-24.4,-5.6,9.0,-5.9,6.0,19.0,16.0,0.7,0.6,0.3,178.0,456.5,904.5,517.5,9.0,334.0,18.0,0.6,0.6,0.4,180.0,455.0,905.0,515.0,9.0,335.0,18.0,0.6,0.6,0.4
1974,2,299.0,18.0,24.32,25.0,25.52,24.92,6.0,0.62,14.0,0.8,0.5,0.3,23.11,24.35,25.13,24.38,8.0,1.23,16.0,0.8,0.5,0.4,12.21,14.35,15.28,14.03,8.0,1.37,16.0,0.8,0.5,0.4,67.7,75.5,80.9,74.2,8.0,7.3,16.0,0.8,0.4,5.0,7.7,9.92,7.56,7.0,3.02,14.0,0.7,0.5,0.3,-8.67,-7.24,-4.69,-7.14,7.0,3.05,14.0,0.7,0.5,0.3,-1.71,0.0,2.31,0.03,7.0,2.63,14.0,0.7,0.5,0.3,1014.86,1016.2,1018.29,1016.39,8.0,3.42,16.0,0.8,0.5,0.4,3.0,4.0,6.9,4.5,8.0,2.3,16.0,0.8,0.5,0.4,-86.4,-55.7,-23.7,-61.8,7.0,46.9,14.0,0.7,0.5,0.3,-6.9,0.0,15.6,-1.2,7.0,22.5,14.0,0.7,0.5,0.3,-0.47,0.65,1.29,0.45,6.0,1.65,14.0,0.8,0.5,0.3,-3.7,4.7,13.5,4.3,6.0,13.4,14.0,0.8,0.5,0.3,4.37,5.01,6.42,5.49,6.0,1.54,14.0,0.8,0.5,0.3,28.2,41.0,64.4,48.5,6.0,28.9,14.0,0.8,0.5,0.3,-211.6,-187.0,-114.1,-175.0,7.0,74.5,14.0,0.7,0.5,0.3,-42.9,0.0,55.7,1.3,7.0,65.3,14.0,0.7,0.5,0.3,-121.3,-106.2,-72.1,-99.5,7.0,34.8,14.0,0.7,0.5,0.3,-26.1,0.0,32.9,0.7,7.0,38.0,14.0,0.7,0.5,0.3,-59.7,-39.3,-26.5,-46.4,6.0,29.4,14.0,0.8,0.5,0.3,-5.6,3.8,10.4,0.3,6.0,14.4,14.0,0.8,0.5,0.3,127.5,456.5,985.0,610.5,7.0,627.5,14.0,0.7,0.5,0.3,130.0,455.0,985.0,610.0,7.0,625.0,14.0,0.7,0.5,0.3
1974,2,299.0,19.0,23.91,25.0,25.6,24.85,14.0,0.89,16.0,0.4,0.4,0.6,23.33,24.3,25.04,24.37,15.0,1.19,16.0,0.5,0.4,0.6,12.8,14.16,15.3,14.21,14.0,1.17,16.0,0.4,0.4,0.6,66.7,77.1,82.1,75.4,14.0,8.4,16.0,0.4,0.6,5.34,7.0,9.06,7.33,15.0,2.23,16.0,0.5,0.4,0.6,-8.62,-6.6,-5.1,-7.02,15.0,2.36,16.0,0.5,0.4,0.6,-2.01,0.0,0.0,-0.65,15.0,1.91,16.0,0.5,0.4,0.6,1015.62,1016.8,1018.46,1017.25,15.0,1.63,16.0,0.5,0.4,0.6,2.0,3.0,5.0,3.5,15.0,1.8,16.0,0.5,0.4,0.6,-78.2,-44.2,-26.0,-56.2,15.0,37.5,16.0,0.5,0.4,0.6,-14.6,0.0,0.0,-5.6,15.0,13.6,16.0,0.5,0.4,0.6,-0.46,0.65,1.58,0.54,14.0,1.33,16.0,0.4,0.4,0.6,-3.1,5.2,13.0,4.3,14.0,10.5,16.0,0.4,0.4,0.6,3.54,5.47,6.85,5.2,13.0,1.6,16.0,0.4,0.3,0.6,24.2,34.7,47.0,39.0,13.0,20.0,16.0,0.4,0.3,0.6,-204.0,-161.7,-123.4,-170.5,15.0,56.4,16.0,0.5,0.4,0.6,-47.0,0.0,0.0,-14.4,15.0,48.4,16.0,0.5,0.4,0.6,-130.3,-107.7,-64.8,-101.3,14.0,34.9,16.0,0.4,0.4,0.6,-23.5,0.0,0.0,-6.8,14.0,25.1,16.0,0.4,0.4,0.6,-45.3,-30.1,-24.1,-37.3,13.0,20.1,16.0,0.4,0.3,0.6,-8.7,0.0,0.0,-0.7,13.0,11.8,16.0,0.4,0.3,0.6,156.0,343.0,748.0,502.5,15.0,510.5,16.0,0.5,0.4,0.6,155.0,345.0,750.0,500.0,15.0,510.0,16.0,0.5,0.4,0.6
1974,2,299.0,20.0,23.8,24.5,25.16,24.48,19.0,0.95,14.0,0.6,0.5,0.4,23.5,24.0,25.99,24.37,20.0,1.5,14.0,0.6,0.5,0.4,12.69,13.93,15.44,14.03,18.0,1.34,16.0,0.6,0.5,0.4,69.3,74.8,79.8,73.7,18.0,6.9,16.0,0.6,0.4,4.02,6.7,7.7,6.33,20.0,2.58,14.0,0.6,0.5,0.4,-7.09,-5.86,-3.49,-5.63,20.0,2.26,14.0,0.6,0.5,0.4,-4.92,-1.29,0.44,-1.82,20.0,2.6,14.0,0.6,0.5,0.4,1015.51,1016.9,1020.0,1017.26,20.0,2.11,14.0,0.6,0.5,0.4,2.0,2.5,6.0,3.2,20.0,2.0,14.0,0.6,0.5,0.4,-58.3,-38.7,-14.0,-40.7,20.0,26.1,14.0,0.6,0.5,0.4,-37.9,-9.6,1.2,-15.4,20.0,23.0,14.0,0.6,0.5,0.4,-1.64,0.2,1.5,0.06,19.0,2.22,14.0,0.6,0.5,0.4,-7.9,1.3,10.3,0.9,19.0,15.9,14.0,0.6,0.5,0.4,3.77,4.85,6.59,5.0,17.0,1.92,14.0,0.6,0.5,0.4,17.3,30.8,45.1,31.1,17.0,19.5,14.0,0.6,0.5,0.4,-166.5,-143.4,-93.9,-136.7,20.0,53.4,14.0,0.6,0.5,0.4,-110.1,-30.0,10.7,-44.5,20.0,64.6,14.0,0.6,0.5,0.4,-97.0,-78.5,-50.2,-78.2,18.0,34.6,16.0,0.6,0.5,0.4,-63.0,-17.2,6.2,-25.3,18.0,38.8,16.0,0.6,0.5,0.4,-44.2,-23.6,-16.0,-27.2,17.0,15.5,14.0,0.6,0.5,0.4,-19.5,-5.6,3.0,-9.6,17.0,16.9,14.0,0.6,0.5,0.4,65.0,301.0,456.5,365.0,20.0,340.0,14.0,0.6,0.5,0.4,65.0,300.0,455.0,365.0,20.0,340.0,14.0,0.6,0.5,0.4
1974,2,299.0,21.0,23.8,24.0,25.17,24.39,10.0,0.8,16.0,0.5,0.4,0.6,22.92,23.65,24.63,23.91,12.0,1.09,18.0,0.5,0.4,0.6,12.76,13.59,14.17,13.4,7.0,0.85,14.0,0.7,0.4,0.6,67.7,76.1,79.3,72.9,8.0,8.2,14.0,0.6,0.6,4.6,6.2,9.48,6.72,12.0,2.33,18.0,0.5,0.4,0.6,-8.98,-4.63,-2.2,-5.25,12.0,3.61,18.0,0.5,0.4,0.6,-3.27,-0.79,2.99,-0.07,12.0,3.41,18.0,0.5,0.4,0.6,1015.04,1017.65,1021.1,1018.05,10.0,2.8,16.0,0.6,0.4,0.6,1.0,2.0,4.0,2.5,13.0,1.7,16.0,0.5,0.3,0.6,-85.6,-24.0,-10.1,-41.2,12.0,38.0,18.0,0.5,0.4,0.6,-18.3,-3.6,26.4,1.4,12.0,23.8,18.0,0.5,0.4,0.6,-0.47,0.25,1.1,0.5,10.0,1.21,16.0,0.5,0.4,0.6,-4.4,1.6,7.2,2.1,10.0,6.8,16.0,0.5,0.4,0.6,4.08,4.93,6.56,5.4,7.0,1.55,14.0,0.7,0.4,0.6,21.6,27.4,53.7,34.8,7.0,18.7,14.0,0.7,0.4,0.6,-211.1,-112.8,-50.1,-126.4,12.0,87.3,18.0,0.5,0.4,0.6,-74.9,-19.7,77.4,0.2,12.0,81.3,18.0,0.5,0.4,0.6,-93.7,-55.8,-37.5,-60.3,7.0,44.9,14.0,0.7,0.4,0.6,-41.6,29.4,48.8,16.2,7.0,50.0,14.0,0.7,0.4,0.6,-50.4,-20.2,-13.0,-27.1,7.0,23.2,14.0,0.7,0.4,0.6,-11.8,14.9,23.7,7.9,7.0,17.3,14.0,0.7,0.4,0.6,97.5,243.0,854.0,408.5,12.0,378.0,18.0,0.5,0.4,0.6,95.0,245.0,855.0,410.0,12.0,380.0,18.0,0.5,0.4,0.6
1974,2,299.0,22.0,23.67,24.1,26.14,24.81,19.0,1.36,14.0,0.5,0.4,0.5,22.27,23.2,24.23,23.31,19.0,1.45,14.0,0.5,0.4,0.5,12.99,14.33,15.38,14.02,16.0,1.83,14.0,0.4,0.4,0.4,74.6,83.8,88.1,80.4,16.0,11.5,14.0,0.4,0.4,4.3,7.0,10.51,7.22,18.0,3.21,14.0,0.4,0.4,0.5,-10.31,-5.97,-2.57,-6.04,18.0,4.15,14.0,0.4,0.4,0.5,-3.36,0.0,2.55,-0.57,18.0,3.04,14.0,0.4,0.4,0.5,1016.85,1018.45,1020.82,1018.65,18.0,2.25,14.0,0.5,0.4,0.5,0.9,3.0,7.1,3.4,19.0,2.8,14.0,0.5,0.4,0.5,-108.4,-39.7,-8.3,-53.7,18.0,56.1,14.0,0.4,0.4,0.5,-33.1,0.0,17.1,-7.1,18.0,25.3,14.0,0.4,0.4,0.5,-0.03,1.3,3.34,1.51,19.0,1.93,14.0,0.5,0.4,0.5,0.0,7.7,25.8,11.8,18.0,11.5,14.0,0.4,0.4,0.5,3.07,4.73,7.0,5.32,16.0,2.48,14.0,0.4,0.4,0.4,16.5,31.9,56.0,38.6,15.0,26.6,12.0,0.4,0.4,0.4,-260.9,-139.4,-60.7,-141.7,18.0,96.5,14.0,0.4,0.4,0.5,-78.6,0.0,59.3,-12.3,18.0,69.0,14.0,0.4,0.4,0.5,-118.7,-77.1,-34.8,-78.1,15.0,61.8,12.0,0.4,0.4,0.4,-43.6,0.0,37.8,-7.7,15.0,44.3,12.0,0.4,0.4,0.4,-51.1,-27.0,-10.6,-31.8,15.0,30.1,12.0,0.4,0.4,0.4,-23.0,0.0,12.6,-3.6,15.0,17.3,12.0,0.4,0.4,0.4,82.0,343.0,1164.5,604.5,18.0,757.0,14.0,0.4,0.4,0.5,80.0,345.0,1165.0,605.0,18.0,755.0,14.0,0.4,0.4,0.5
1974,2,299.0,23.0,23.73,24.0,24.36,24.21,8.0,0.76,18.0,0.5,0.5,0.5,23.06,24.6,24.94,24.26,11.0,1.36,20.0,0.5,0.5,0.4,12.15,14.34,16.35,14.29,6.0,2.16,20.0,0.5,0.6,0.5,69.0,79.7,84.9,77.7,6.0,7.7,20.0,0.5,0.5,4.83,7.2,8.54,6.85,11.0,2.09,20.0,0.5,0.5,0.4,-8.23,-6.89,-3.0,-5.85,11.0,2.99,20.0,0.5,0.5,0.4,-1.29,0.0,2.44,0.71,11.0,3.0,20.0,0.5,0.5,0.4,1018.1,1021.2,1022.74,1020.45,11.0,3.31,20.0,0.5,0.5,0.4,1.6,3.0,6.0,3.5,11.0,2.3,20.0,0.5,0.5,0.4,-69.5,-48.3,-11.9,-43.6,11.0,30.6,20.0,0.5,0.5,0.4,-9.5,0.0,15.7,5.6,11.0,22.3,20.0,0.5,0.5,0.4,-0.7,-0.3,1.83,0.24,8.0,1.3,18.0,0.5,0.5,0.5,-5.6,-1.3,14.7,2.4,8.0,9.4,18.0,0.5,0.5,0.5,2.14,4.22,6.02,4.15,6.0,2.07,20.0,0.5,0.6,0.5,9.1,31.5,44.9,28.3,6.0,18.3,20.0,0.5,0.6,0.5,-196.3,-158.6,-74.3,-140.9,11.0,71.2,20.0,0.5,0.5,0.4,-30.1,0.0,63.1,18.5,11.0,72.6,20.0,0.5,0.5,0.4,-103.8,-88.4,-53.0,-85.4,6.0,39.0,20.0,0.5,0.6,0.5,-22.8,-15.6,21.9,-8.0,6.0,27.7,20.0,0.5,0.6,0.5,-44.2,-31.0,-7.1,-27.3,6.0,18.6,20.0,0.5,0.6,0.5,-7.8,-6.9,3.3,-3.8,6.0,5.6,20.0,0.5,0.6,0.5,113.5,373.0,632.5,399.0,11.0,281.5,20.0,0.5,0.5,0.4,115.0,375.0,635.0,400.0,11.0,280.0,20.0,0.5,0.5,0.4
1974,2,299.0,24.0,22.93,23.0,25.0,23.82,9.0,1.55,18.0,0.7,0.7,0.4,22.14,23.55,25.72,23.75,10.0,1.97,18.0,0.7,0.7,0.4,10.56,12.21,13.95,12.24,5.0,1.91,18.0,0.6,0.7,0.3,65.5,71.2,77.5,71.8,5.0,8.2,18.0,0.6,0.3,5.1,7.5,9.46,7.35,10.0,2.28,18.0,0.7,0.7,0.4,-7.51,-5.79,-4.64,-6.22,10.0,1.82,18.0,0.7,0.7,0.4,-2.31,1.48,6.64,1.66,10.0,3.99,18.0,0.7,0.7,0.4,1017.86,1021.75,1023.8,1020.98,10.0,2.86,18.0,0.7,0.7,0.4,1.0,4.0,5.6,3.6,10.0,2.5,18.0,0.7,0.7,0.4,-67.8,-50.2,-23.3,-48.8,10.0,28.1,18.0,0.7,0.7,0.4,-16.3,8.7,61.9,14.2,10.0,36.5,18.0,0.7,0.7,0.4,-0.78,1.2,2.23,0.43,9.0,2.46,18.0,0.7,0.7,0.4,-4.2,5.5,21.3,4.5,9.0,19.1,18.0,0.7,0.7,0.4,3.44,7.03,7.43,5.71,5.0,2.24,18.0,0.6,0.7,0.3,17.5,33.8,49.6,35.0,5.0,21.5,18.0,0.6,0.7,0.3,-180.8,-136.2,-108.8,-149.2,10.0,53.0,18.0,0.7,0.7,0.4,-54.1,36.5,149.3,36.1,10.0,93.7,18.0,0.7,0.7,0.4,-74.5,-65.1,-51.0,-63.2,5.0,14.7,18.0,0.6,0.7,0.3,-14.8,25.1,41.4,17.2,5.0,36.1,18.0,0.6,0.7,0.3,-40.5,-33.3,-16.5,-30.2,5.0,15.5,18.0,0.6,0.7,0.3,-6.2,4.8,28.4,11.2,5.0,21.3,18.0,0.6,0.7,0.3,132.5,427.5,850.5,501.0,10.0,404.0,18.0,0.7,0.7,0.4,135.0,430.0,850.0,500.0,10.0,405.0,18.0,0.7,0.7,0.4
1974,2,299.0,25.0,23.0,23.45,24.72,23.66,18.0,0.87,14.0,0.4,0.5,0.5,21.1,22.5,23.0,22.27,23.0,1.35,14.0,0.4,0.5,0.5,9.78,12.38,14.74,12.23,13.0,2.27,12.0,0.5,0.5,0.4,60.1,73.4,84.8,72.8,13.0,12.0,12.0,0.5,0.4,3.1,4.85,7.8,5.26,22.0,2.24,14.0,0.4,0.5,0.5,-5.74,-3.03,0.0,-2.85,22.0,2.68,14.0,0.4,0.5,0.5,-5.39,0.18,3.21,-0.57,22.0,4.24,14.0,0.4,0.5,0.5,1018.5,1020.8,1024.5,1021.4,23.0,3.49,14.0,0.4,0.5,0.5,0.0,2.0,6.1,3.3,19.0,2.8,14.0,0.5,0.5,0.4,-37.0,-15.7,0.0,-17.8,22.0,19.8,14.0,0.4,0.5,0.5,-36.3,0.4,14.4,-6.8,22.0,32.2,14.0,0.4,0.5,0.5,0.37,1.55,2.66,1.4,18.0,1.4,14.0,0.4,0.5,0.5,1.0,8.2,17.6,8.2,17.0,8.4,14.0,0.5,0.5,0.5,3.93,5.45,8.44,5.79,12.0,2.44,14.0,0.5,0.5,0.5,12.0,29.8,43.7,31.5,12.0,21.7,14.0,0.5,0.5,0.5,-120.8,-66.0,0.0,-62.3,22.0,58.5,14.0,0.4,0.5,0.5,-117.4,4.0,71.5,-9.1,22.0,93.0,14.0,0.4,0.5,0.5,-59.7,-37.8,-21.1,-32.8,13.0,33.3,12.0,0.5,0.5,0.4,-41.9,5.1,35.0,6.7,13.0,42.2,12.0,0.5,0.5,0.4,-30.8,-21.0,-2.3,-18.9,12.0,19.6,14.0,0.5,0.5,0.5,-13.2,1.2,20.3,3.1,12.0,27.6,14.0,0.5,0.5,0.5,30.0,115.0,482.0,226.5,22.0,264.5,14.0,0.4,0.5,0.5,30.0,115.0,480.0,225.0,22.0,265.0,14.0,0.4,0.5,0.5
1974,2,299.0,26.0,22.11,22.5,23.0,22.66,9.0,0.65,16.0,0.3,0.5,0.3,21.0,21.65,23.2,21.92,10.0,1.38,16.0,0.3,0.5,0.4,9.65,11.67,12.19,11.13,6.0,1.33,14.0,0.3,0.4,0.3,67.5,71.2,73.3,70.1,6.0,5.7,14.0,0.3,0.3,2.6,5.3,7.7,5.23,10.0,3.15,16.0,0.3,0.5,0.4,-3.49,-2.56,0.0,-2.29,10.0,1.91,16.0,0.3,0.5,0.4,-6.99,0.0,2.47,-2.11,10.0,5.09,16.0,0.3,0.5,0.4,1021.04,1022.8,1024.03,1022.13,10.0,2.53,16.0,0.3,0.5,0.4,1.0,3.0,6.7,3.9,9.0,2.9,18.0,0.3,0.6,0.4,-25.6,-8.6,0.0,-12.8,10.0,12.8,16.0,0.3,0.5,0.4,-53.8,0.0,10.1,-22.2,10.0,43.5,16.0,0.3,0.5,0.4,-0.37,0.7,1.93,0.63,9.0,1.44,16.0,0.3,0.5,0.3,-2.2,3.1,14.0,5.8,9.0,12.3,16.0,0.3,0.5,0.3,4.98,5.12,6.52,5.61,6.0,0.91,14.0,0.3,0.4,0.3,12.9,27.1,50.2,30.6,6.0,17.9,14.0,0.3,0.4,0.3,-73.3,-55.6,0.0,-50.0,10.0,42.1,16.0,0.3,0.5,0.4,-143.7,0.0,53.8,-43.1,10.0,109.5,16.0,0.3,0.5,0.4,-44.4,-31.4,-26.1,-37.0,6.0,17.2,14.0,0.3,0.4,0.3,-65.4,2.7,13.9,-12.4,6.0,44.5,14.0,0.3,0.4,0.3,-25.7,-15.7,-12.5,-18.5,6.0,7.6,14.0,0.3,0.4,0.3,-44.3,1.1,6.0,-11.5,6.0,28.6,14.0,0.3,0.4,0.3,17.5,156.5,456.5,287.5,10.0,404.0,16.0,0.3,0.5,0.4,20.0,155.0,455.0,290.0,10.0,405.0,16.0,0.3,0.5,0.4
1974,2,299.0,27.0,22.2,23.0,23.21,23.06,7.0,1.1,14.0,0.6,0.5,0.4,20.06,20.8,21.44,20.89,8.0,1.06,14.0,0.6,0.4,0.4,8.63,12.07,13.65,11.78,7.0,2.41,14.0,0.6,0.5,0.4,58.4,84.9,91.1,78.4,7.0,14.6,14.0,0.6,0.4,4.58,6.7,8.78,6.9,7.0,2.28,14.0,0.6,0.5,0.4,-3.94,2.96,6.67,1.97,7.0,4.99,14.0,0.6,0.5,0.4,-6.31,-2.8,3.73,-1.45,7.0,5.37,14.0,0.6,0.5,0.4,1017.16,1020.0,1021.36,1018.75,8.0,3.84,14.0,0.6,0.4,0.4,1.1,2.5,7.4,3.4,8.0,3.0,14.0,0.6,0.4,0.4,-17.4,15.4,63.4,16.7,7.0,41.2,14.0,0.6,0.5,0.4,-42.9,-23.0,19.3,-8.0,7.0,46.1,14.0,0.6,0.5,0.4,0.95,2.1,3.07,2.13,7.0,1.43,14.0,0.6,0.5,0.4,4.4,17.5,26.6,15.9,7.0,12.6,14.0,0.6,0.5,0.4,2.88,4.35,8.4,5.22,6.0,2.75,12.0,0.5,0.5,0.4,15.4,31.1,69.8,39.3,6.0,27.4,12.0,0.5,0.5,0.4,-82.4,63.6,137.0,42.5,7.0,103.4,14.0,0.6,0.5,0.4,-123.3,-58.9,79.9,-29.6,7.0,110.3,14.0,0.6,0.5,0.4,-48.0,34.9,90.7,25.7,6.0,63.7,12.0,0.5,0.5,0.4,-59.8,-26.4,62.6,-4.2,6.0,69.6,12.0,0.5,0.5,0.4,-22.6,8.9,28.9,5.9,6.0,37.8,12.0,0.5,0.5,0.4,-35.7,-14.4,11.7,-14.3,6.0,29.7,12.0,0.5,0.5,0.4,96.0,301.0,679.5,422.0,7.0,370.5,14.0,0.6,0.5,0.4,95.0,300.0,680.0,420.0,7.0,370.0,14.0,0.6,0.5,0.4
1974,2,299.0,28.0,19.96,22.0,24.1,21.89,13.0,2.1,14.0,0.4,0.6,0.3,19.57,21.2,23.0,21.2,15.0,1.65,14.0,0.4,0.6,0.3,8.23,10.65,12.79,10.49,6.0,2.22,16.0,0.3,0.7,0.4,58.3,67.8,75.4,68.1,6.0,9.5,16.0,0.3,0.4,4.06,5.1,12.72,7.08,14.0,4.1,14.0,0.4,0.6,0.3,-1.73,0.9,3.83,0.96,14.0,4.15,14.0,0.4,0.6,0.3,-6.64,2.8,5.02,1.05,14.0,7.17,14.0,0.4,0.6,0.3,1016.98,1022.0,1024.8,1021.88,15.0,4.32,14.0,0.4,0.6,0.3,2.0,3.0,6.8,3.8,15.0,2.3,14.0,0.4,0.6,0.3,-14.9,2.6,28.6,7.6,14.0,51.8,14.0,0.4,0.6,0.3,-50.8,10.5,25.6,9.0,14.0,82.5,14.0,0.4,0.6,0.3,-1.17,0.3,3.02,0.58,13.0,2.43,14.0,0.4,0.6,0.3,-4.1,4.1,21.7,10.1,12.0,19.7,14.0,0.4,0.6,0.3,3.89,4.76,7.26,5.33,6.0,2.03,16.0,0.3,0.7,0.4,19.6,46.5,79.7,51.3,5.0,37.6,18.0,0.4,0.6,0.5,-37.4,20.8,73.1,22.8,14.0,86.9,14.0,0.4,0.6,0.3,-126.7,62.1,110.4,30.9,14.0,151.3,14.0,0.4,0.6,0.3,-35.4,0.0,38.8,0.9,5.0,47.0,18.0,0.4,0.6,0.5,-61.1,-22.4,82.5,8.2,5.0,89.5,18.0,0.4,0.6,0.5,-35.8,0.0,14.2,-11.1,5.0,35.8,18.0,0.4,0.6,0.5,-58.4,-7.2,33.2,-11.3,5.0,55.8,18.0,0.4,0.6,0.5,68.0,132.5,2074.5,727.5,14.0,1059.5,14.0,0.4,0.6,0.3,70.0,135.0,2075.0,730.0,14.0,1060.0,14.0,0.4,0.6,0.3
1974,2,299.0,29.0,20.04,21.45,22.39,21.36,16.0,1.13,16.0,0.4,0.5,0.4,19.42,21.8,22.37,20.99,17.0,1.59,14.0,0.4,0.5,0.4,9.68,13.02,13.94,11.75,13.0,2.24,14.0,0.3,0.5,0.4,66.0,77.2,86.1,75.3,13.0,9.3,14.0,0.3,0.4,4.79,8.6,11.54,8.33,16.0,3.05,14.0,0.4,0.5,0.4,-2.6,1.22,7.12,1.6,16.0,4.54,14.0,0.4,0.5,0.4,1.15,5.98,9.58,4.92,16.0,5.84,14.0,0.4,0.5,0.4,1017.73,1019.75,1024.85,1020.96,16.0,3.41,16.0,0.4,0.5,0.4,0.5,2.0,6.5,3.0,17.0,2.8,14.0,0.4,0.5,0.4,-26.9,3.2,66.3,16.0,16.0,42.3,14.0,0.4,0.5,0.4,4.2,55.6,109.7,51.3,16.0,64.9,14.0,0.4,0.5,0.4,-0.81,0.45,1.76,0.43,16.0,1.48,16.0,0.4,0.5,0.4,-3.8,1.9,14.8,2.2,15.0,13.6,16.0,0.4,0.5,0.4,2.16,3.87,5.64,4.0,13.0,2.04,14.0,0.3,0.5,0.4,14.5,21.7,37.0,26.7,12.0,14.4,14.0,0.3,0.4,0.4,-58.9,26.3,155.3,37.0,16.0,98.2,14.0,0.4,0.5,0.4,23.7,130.3,222.6,109.3,16.0,120.3,14.0,0.4,0.5,0.4,-39.0,23.6,99.6,28.3,12.0,60.6,14.0,0.3,0.4,0.4,13.8,70.2,109.4,64.5,12.0,51.4,14.0,0.3,0.4,0.4,-11.1,8.4,18.4,4.5,12.0,15.9,14.0,0.3,0.4,0.4,5.7,13.8,25.4,14.9,12.0,21.5,14.0,0.3,0.4,0.4,111.0,640.0,1568.5,792.0,16.0,714.0,14.0,0.4,0.5,0.4,110.0,640.0,1570.0,790.0,16.0,715.0,14.0,0.4,0.5,0.4
1974,2,299.0,30.0,20.0,20.2,20.96,20.43,15.0,0.94,16.0,0.5,0.6,0.4,18.05,19.9,21.09,19.59,17.0,1.87,16.0,0.6,0.6,0.3,9.94,11.55,12.77,11.45,14.0,1.44,16.0,0.6,0.5,0.3,72.2,79.0,89.8,80.4,14.0,8.5,16.0,0.6,0.3,4.6,6.7,12.58,7.95,17.0,3.91,16.0,0.6,0.6,0.3,-0.8,2.44,9.28,3.63,17.0,5.33,16.0,0.6,0.6,0.3,-4.76,2.29,6.44,1.83,17.0,6.04,16.0,0.6,0.6,0.3,1015.0,1018.2,1023.69,1019.02,17.0,4.6,16.0,0.6,0.6,0.3,1.0,2.0,7.5,3.5,17.0,2.9,16.0,0.6,0.6,0.3,-2.0,20.8,107.7,42.0,17.0,68.1,16.0,0.6,0.6,0.3,-29.0,15.4,73.0,15.0,17.0,65.7,16.0,0.6,0.6,0.3,-0.63,0.6,1.98,1.01,15.0,1.89,16.0,0.5,0.6,0.4,-2.0,4.0,23.6,9.4,15.0,19.9,16.0,0.5,0.6,0.4,2.21,3.14,4.52,3.39,14.0,1.17,16.0,0.6,0.5,0.3,10.1,20.8,42.4,28.4,14.0,21.0,16.0,0.6,0.5,0.3,-11.8,48.4,192.7,71.4,17.0,101.8,16.0,0.6,0.6,0.3,-94.3,42.4,136.8,41.9,17.0,114.6,16.0,0.6,0.6,0.3,0.0,33.4,117.1,42.8,14.0,56.1,16.0,0.6,0.5,0.3,-49.1,16.0,72.4,25.3,14.0,63.9,16.0,0.6,0.5,0.3,0.0,6.3,35.0,13.4,14.0,26.0,16.0,0.6,0.5,0.3,-12.4,5.0,21.1,6.0,14.0,20.0,16.0,0.6,0.5,0.3,97.5,301.0,1992.5,863.5,17.0,1032.0,16.0,0.6,0.6,0.3,95.0,300.0,1995.0,865.0,17.0,1030.0,16.0,0.6,0.6,0.3
1974,2,299.0,31.0,19.17,20.05,21.29,20.22,10.0,1.03,18.0,0.6,0.5,0.6,16.82,20.0,21.65,19.48,11.0,2.65,20.0,0.6,0.5,0.5,7.22,12.62,13.83,11.13,9.0,3.25,18.0,0.7,0.5,0.5,55.6,87.8,94.1,77.7,9.0,18.7,18.0,0.7,0.5,6.2,7.7,11.37,8.51,11.0,2.71,20.0,0.6,0.5,0.5,-0.88,3.52,7.44,2.84,11.0,5.5,20.0,0.6,0.5,0.5,-7.55,0.0,6.55,-0.48,11.0,6.9,20.0,0.6,0.5,0.5,1015.29,1019.0,1023.88,1019.73,12.0,4.96,20.0,0.7,0.5,0.5,2.6,7.0,7.4,5.3,11.0,2.6,20.0,0.6,0.5,0.6,-5.4,16.2,78.3,27.7,11.0,59.4,20.0,0.6,0.5,0.5,-61.4,0.0,49.5,-3.6,11.0,70.5,20.0,0.6,0.5,0.5,-0.49,1.6,3.42,1.51,9.0,1.92,20.0,0.6,0.5,0.5,-3.2,10.0,24.7,11.1,9.0,17.9,20.0,0.6,0.5,0.5,1.35,2.96,7.02,3.83,8.0,2.71,18.0,0.6,0.5,0.5,9.8,20.3,49.9,32.0,8.0,30.2,18.0,0.6,0.5,0.5,-19.4,54.7,152.3,48.3,10.0,126.2,20.0,0.6,0.5,0.5,-118.6,43.2,133.1,13.4,10.0,128.0,20.0,0.6,0.5,0.5,-17.3,18.2,100.1,26.4,9.0,76.9,18.0,0.7,0.5,0.5,-45.5,44.4,94.0,21.1,9.0,73.0,18.0,0.7,0.5,0.5,0.4,6.8,12.6,10.2,8.0,16.6,18.0,0.6,0.5,0.5,-49.6,-0.5,17.3,-15.9,8.0,37.5,18.0,0.6,0.5,0.5,238.5,456.5,1528.0,794.5,11.0,731.0,20.0,0.6,0.5,0.5,240.0,455.0,1530.0,795.0,11.0,730.0,20.0,0.6,0.5,0.5
1974,2,299.0,32.0,18.75,20.0,21.0,19.8,17.0,1.15,12.0,0.5,0.5,0.5,16.65,18.9,21.23,18.73,17.0,1.96,12.0,0.5,0.5,0.5,6.7,10.56,13.54,9.76,14.0,3.16,12.0,0.6,0.5,0.5,53.9,78.7,88.2,73.0,14.0,18.1,12.0,0.6,0.5,5.1,9.8,15.18,9.42,17.0,5.07,12.0,0.5,0.5,0.5,-2.45,3.52,11.78,4.11,17.0,6.42,12.0,0.5,0.5,0.5,-6.11,0.0,9.57,0.93,17.0,7.74,12.0,0.5,0.5,0.5,1011.54,1016.1,1023.46,1016.48,17.0,5.09,12.0,0.5,0.5,0.5,2.0,4.0,8.0,4.5,15.0,2.9,10.0,0.5,0.5,0.5,-12.5,29.4,170.9,59.4,17.0,99.6,12.0,0.5,0.5,0.5,-38.6,0.0,120.4,26.3,17.0,100.0,12.0,0.5,0.5,0.5,-0.73,0.6,3.09,1.07,17.0,1.91,12.0,0.5,0.5,0.5,-7.3,7.7,26.4,6.5,17.0,20.4,12.0,0.5,0.5,0.5,1.01,4.84,6.39,4.49,14.0,2.8,12.0,0.6,0.5,0.5,9.7,31.9,45.9,30.8,14.0,19.7,12.0,0.6,0.5,0.5,-42.4,58.6,232.1,84.2,17.0,128.9,12.0,0.5,0.5,0.5,-102.6,0.0,206.0,27.1,17.0,147.3,12.0,0.5,0.5,0.5,-21.6,8.8,84.1,31.7,14.0,72.1,12.0,0.6,0.5,0.5,-49.3,-10.0,128.3,23.0,14.0,79.1,12.0,0.6,0.5,0.5,-15.0,4.4,28.0,5.5,14.0,18.2,12.0,0.6,0.5,0.5,-40.8,-5.4,10.6,-10.5,14.0,30.5,12.0,0.6,0.5,0.5,132.5,941.0,3503.0,1543.0,17.0,1932.5,12.0,0.5,0.5,0.5,135.0,940.0,3505.0,1545.0,17.0,1930.0,12.0,0.5,0.5,0.5
1974,2,299.0,33.0,17.43,19.0,19.78,18.74,17.0,1.07,14.0,0.4,0.6,0.5,15.36,17.0,19.73,17.39,17.0,2.1,14.0,0.4,0.6,0.5,7.55,9.34,11.65,9.56,16.0,2.22,14.0,0.4,0.6,0.5,61.2,84.5,90.0,77.9,16.0,15.5,14.0,0.4,0.5,4.8,10.05,14.7,10.18,18.0,4.77,14.0,0.4,0.6,0.5,1.13,5.1,14.27,6.27,18.0,6.51,14.0,0.4,0.6,0.5,-6.48,-2.47,7.94,-0.85,18.0,6.91,14.0,0.4,0.6,0.5,1011.12,1017.5,1025.09,1017.35,18.0,7.19,14.0,0.4,0.6,0.5,3.0,7.0,8.0,6.1,18.0,2.0,14.0,0.4,0.6,0.5,3.8,55.7,209.8,87.9,18.0,106.3,14.0,0.4,0.6,0.5,-86.5,-18.3,74.9,-20.3,18.0,85.8,14.0,0.4,0.6,0.5,-0.23,1.3,3.37,1.35,17.0,2.01,14.0,0.4,0.6,0.5,-2.1,9.8,26.4,12.2,17.0,25.7,14.0,0.4,0.6,0.5,2.05,4.31,5.56,3.78,16.0,1.89,14.0,0.4,0.6,0.5,15.7,29.9,66.4,36.5,16.0,26.7,14.0,0.4,0.6,0.5,16.5,81.7,243.1,112.8,17.0,123.2,14.0,0.4,0.6,0.5,-114.6,-51.1,122.2,-19.6,17.0,118.6,14.0,0.4,0.6,0.5,7.6,47.5,131.4,59.0,16.0,68.1,14.0,0.4,0.6,0.5,-66.8,-25.3,71.4,-10.1,16.0,73.2,14.0,0.4,0.6,0.5,1.2,10.7,60.9,22.3,16.0,31.3,14.0,0.4,0.6,0.5,-32.1,-14.9,18.6,-8.4,16.0,23.3,14.0,0.4,0.6,0.5,113.5,1017.0,3187.5,1726.5,18.0,1986.0,14.0,0.4,0.6,0.5,115.0,1015.0,3185.0,1725.0,18.0,1985.0,14.0,0.4,0.6,0.5
1974,2,299.0,34.0,19.1,19.8,20.69,19.75,10.0,1.01,18.0,0.6,0.4,0.6,17.13,18.1,19.5,18.18,10.0,1.42,18.0,0.6,0.4,0.6,7.98,11.2,12.12,10.48,8.0,2.12,16.0,0.8,0.4,0.7,65.2,85.5,87.5,80.3,8.0,13.1,16.0,0.8,0.7,4.31,8.75,14.1,9.31,10.0,4.33,18.0,0.6,0.4,0.6,-2.64,1.4,6.25,1.49,10.0,4.06,18.0,0.6,0.4,0.6,0.75,7.66,13.42,7.16,10.0,6.26,18.0,0.6,0.4,0.6,1005.7,1017.0,1023.7,1015.45,10.0,7.77,18.0,0.6,0.4,0.6,4.0,6.0,8.0,6.0,9.0,2.0,16.0,0.7,0.4,0.6,-30.9,5.7,55.7,13.0,10.0,41.8,18.0,0.6,0.4,0.6,2.6,66.7,188.4,87.4,10.0,92.3,18.0,0.6,0.4,0.6,-0.31,0.95,3.7,1.57,10.0,1.81,18.0,0.6,0.4,0.6,-4.5,10.1,15.2,8.4,10.0,11.3,18.0,0.6,0.4,0.6,1.73,2.88,7.19,3.78,8.0,2.59,16.0,0.8,0.4,0.7,23.9,26.2,31.2,27.1,8.0,4.0,16.0,0.8,0.4,0.7,-51.6,24.5,112.4,26.7,10.0,73.4,18.0,0.6,0.4,0.6,13.6,137.5,261.3,137.2,10.0,120.7,18.0,0.6,0.4,0.6,-28.1,10.8,78.1,23.7,8.0,47.5,16.0,0.8,0.4,0.7,29.1,76.7,175.3,86.5,8.0,77.0,16.0,0.8,0.4,0.7,-4.0,10.7,15.4,7.7,8.0,9.8,16.0,0.8,0.4,0.7,18.5,25.8,30.6,21.5,8.0,12.9,16.0,0.8,0.4,0.7,81.0,678.0,2849.0,1286.5,10.0,1361.0,18.0,0.6,0.4,0.6,80.0,680.0,2850.0,1285.0,10.0,1360.0,18.0,0.6,0.4,0.6
1974,2,299.0,35.0,17.27,19.0,19.87,18.6,9.0,1.56,18.0,0.4,0.8,0.6,15.1,17.7,19.51,17.56,10.0,2.1,16.0,0.4,0.8,0.5,7.26,9.69,12.3,9.76,9.0,2.86,16.0,0.3,0.8,0.5,67.8,73.1,88.6,76.8,9.0,12.4,16.0,0.3,0.5,4.31,11.05,15.26,10.69,10.0,5.88,16.0,0.4,0.8,0.5,3.5,8.09,12.3,7.56,10.0,5.46,16.0,0.4,0.8,0.5,-2.49,2.84,10.91,3.36,10.0,7.46,16.0,0.4,0.8,0.5,1005.27,1016.1,1020.59,1013.59,10.0,9.35,16.0,0.4,0.8,0.5,7.0,8.0,8.0,7.0,10.0,2.5,16.0,0.4,0.8,0.5,15.2,87.9,164.1,105.1,10.0,107.1,16.0,0.4,0.8,0.5,-10.7,32.8,167.9,60.7,10.0,122.5,16.0,0.4,0.8,0.5,-1.67,2.0,3.01,0.81,9.0,2.63,18.0,0.4,0.8,0.6,-25.2,13.1,24.7,-1.0,9.0,30.3,18.0,0.4,0.8,0.6,0.16,3.24,5.92,3.15,8.0,3.35,16.0,0.4,0.8,0.5,1.8,29.1,49.8,23.5,8.0,32.6,16.0,0.4,0.8,0.5,51.8,143.2,215.9,140.1,10.0,108.2,16.0,0.4,0.8,0.5,-36.9,53.8,212.4,68.0,10.0,140.5,16.0,0.4,0.8,0.5,23.1,78.1,142.8,84.8,9.0,79.8,16.0,0.3,0.8,0.5,-18.1,27.2,119.8,39.2,9.0,89.8,16.0,0.3,0.8,0.5,1.7,14.5,32.9,16.8,8.0,25.7,16.0,0.4,0.8,0.5,-22.8,-6.8,30.5,-3.0,8.0,26.5,16.0,0.4,0.8,0.5,81.0,1351.5,3577.0,2263.5,10.0,3040.5,16.0,0.4,0.8,0.5,80.0,1350.0,3575.0,2265.0,10.0,3040.0,16.0,0.4,0.8,0.5
1974,2,299.0,36.0,18.9,19.4,21.45,19.81,16.0,1.34,18.0,0.3,0.5,0.5,11.91,14.65,16.99,14.67,18.0,2.75,18.0,0.3,0.5,0.5,6.21,7.0,9.1,7.56,14.0,1.6,18.0,0.3,0.4,0.4,61.4,72.7,81.0,72.6,14.0,11.5,18.0,0.3,0.4,5.07,9.3,12.09,9.17,18.0,4.75,18.0,0.3,0.5,0.5,-0.3,4.22,9.84,5.52,18.0,5.72,18.0,0.3,0.5,0.5,-5.37,-0.43,7.71,0.97,18.0,6.75,18.0,0.3,0.5,0.5,1003.6,1015.3,1023.03,1014.07,18.0,8.72,18.0,0.3,0.5,0.5,4.5,8.0,8.0,6.5,17.0,2.4,18.0,0.4,0.5,0.5,-1.7,32.9,134.7,70.1,18.0,102.9,18.0,0.3,0.5,0.5,-34.9,-2.2,81.3,14.8,18.0,94.9,18.0,0.3,0.5,0.5,2.19,5.0,7.2,4.87,16.0,3.22,18.0,0.3,0.5,0.5,24.3,42.1,54.7,38.5,16.0,27.3,18.0,0.3,0.5,0.5,4.04,7.37,9.71,6.98,13.0,2.6,18.0,0.2,0.4,0.5,40.9,49.5,73.8,53.1,13.0,15.5,18.0,0.2,0.4,0.5,-3.5,63.2,158.4,86.1,18.0,91.1,18.0,0.3,0.5,0.5,-82.6,-5.7,135.4,22.1,18.0,102.8,18.0,0.3,0.5,0.5,-5.9,31.8,80.7,41.4,14.0,56.3,18.0,0.3,0.4,0.4,-31.6,-6.8,64.2,7.5,14.0,46.8,18.0,0.3,0.4,0.4,-7.8,31.8,53.1,26.5,13.0,31.3,18.0,0.2,0.4,0.5,-42.6,-9.3,39.6,-2.2,13.0,39.3,18.0,0.2,0.4,0.5,130.5,804.5,1818.5,1472.0,18.0,2417.0,18.0,0.3,0.5,0.5,130.0,805.0,1820.0,1470.0,18.0,2415.0,18.0,0.3,0.5,0.5
1974,2,299.0,37.0,18.0,20.0,20.03,19.43,12.0,1.4,14.0,0.6,0.5,0.3,14.45,16.4,17.03,15.87,13.0,2.11,14.0,0.5,0.5,0.3,6.15,6.94,9.49,7.59,9.0,1.65,14.0,0.7,0.6,0.2,60.4,69.4,82.4,70.7,9.0,11.8,14.0,0.7,0.2,5.99,18.0,20.6,14.86,14.0,7.77,14.0,0.6,0.5,0.4,1.01,14.41,17.29,11.1,14.0,7.59,14.0,0.6,0.5,0.4,-6.16,2.89,11.86,2.32,14.0,10.1,14.0,0.6,0.5,0.4,1004.19,1016.25,1020.99,1013.69,14.0,8.44,14.0,0.6,0.5,0.4,4.0,5.5,8.0,5.8,12.0,1.7,14.0,0.6,0.5,0.3,3.3,276.7,385.8,213.1,14.0,176.2,14.0,0.6,0.5,0.4,-110.8,21.1,141.9,49.9,14.0,225.0,14.0,0.6,0.5,0.4,2.15,3.5,5.71,3.85,11.0,1.81,14.0,0.5,0.5,0.3,23.2,63.3,99.0,61.8,11.0,42.0,14.0,0.5,0.5,0.3,4.97,6.45,8.09,6.37,9.0,1.5,14.0,0.7,0.6,0.2,41.9,107.7,141.2,89.6,9.0,49.5,14.0,0.7,0.6,0.2,67.8,243.2,304.4,191.2,13.0,124.9,14.0,0.5,0.5,0.3,-94.2,58.8,190.1,54.5,13.0,159.6,14.0,0.5,0.5,0.3,38.9,101.4,114.1,85.1,9.0,52.9,14.0,0.7,0.6,0.2,-59.9,-13.2,67.9,1.0,9.0,77.9,14.0,0.7,0.6,0.2,33.2,77.3,129.3,71.5,9.0,50.7,14.0,0.7,0.6,0.2,-56.2,-14.8,43.4,-12.8,9.0,54.7,14.0,0.7,0.6,0.2,242.5,5832.0,8742.0,5678.5,14.0,6144.0,14.0,0.6,0.5,0.4,240.0,5830.0,8740.0,5680.0,14.0,6145.0,14.0,0.6,0.5,0.4
1974,2,299.0,38.0,19.71,20.0,22.0,20.31,10.0,1.51,12.0,0.7,0.7,0.6,12.59,14.5,18.0,14.91,11.0,2.61,12.0,0.7,0.7,0.6,5.47,7.09,10.2,7.55,8.0,2.6,12.0,0.8,0.8,0.7,65.7,67.8,81.4,69.1,8.0,13.0,12.0,0.8,0.7,3.42,12.9,19.66,12.67,11.0,7.51,12.0,0.7,0.7,0.6,1.82,9.0,18.94,10.36,11.0,8.39,12.0,0.7,0.7,0.6,-5.0,0.0,4.57,-0.8,11.0,6.63,12.0,0.7,0.7,0.6,994.12,1012.6,1021.07,1008.06,11.0,13.19,12.0,0.7,0.7,0.6,5.4,7.5,8.0,6.6,10.0,2.0,10.0,0.8,0.7,0.6,4.6,162.0,371.7,184.4,11.0,184.7,12.0,0.7,0.7,0.6,-60.2,0.0,63.1,-17.7,11.0,104.5,12.0,0.7,0.7,0.6,3.01,5.85,8.27,5.71,10.0,2.46,12.0,0.7,0.7,0.6,19.4,41.9,154.9,70.1,10.0,62.3,12.0,0.7,0.7,0.6,5.01,8.51,9.1,7.8,8.0,2.72,12.0,0.8,0.8,0.7,27.5,80.4,183.4,100.3,8.0,76.5,12.0,0.8,0.8,0.7,24.9,133.2,308.8,159.1,11.0,130.8,12.0,0.7,0.7,0.6,-72.6,0.0,74.1,-1.8,11.0,94.4,12.0,0.7,0.7,0.6,18.9,66.3,145.5,80.0,8.0,64.2,12.0,0.8,0.8,0.7,-48.7,0.0,65.3,6.1,8.0,60.2,12.0,0.8,0.8,0.7,14.6,58.3,174.8,82.1,8.0,77.5,12.0,0.8,0.8,0.7,-37.8,0.0,31.9,-13.3,8.0,58.8,12.0,0.8,0.8,0.7,45.0,2146.5,7636.5,3904.0,11.0,4044.0,12.0,0.7,0.7,0.6,45.0,2145.0,7635.0,3905.0,11.0,4045.0,12.0,0.7,0.7,0.6
1974,2,299.0,39.0,15.9,19.0,21.02,18.58,13.0,2.52,14.0,0.5,0.6,0.6,8.62,13.4,15.92,12.5,13.0,4.36,14.0,0.5,0.6,0.6,5.22,7.1,10.72,7.48,9.0,2.69,12.0,0.7,0.6,0.6,70.2,85.9,100.0,84.5,9.0,15.1,12.0,0.7,0.6,7.6,12.0,16.55,11.17,13.0,5.24,14.0,0.5,0.6,0.6,-6.82,5.13,12.37,3.01,13.0,10.27,14.0,0.5,0.6,0.6,-10.36,-2.87,3.1,-3.03,13.0,6.12,14.0,0.5,0.6,0.6,1005.63,1010.2,1016.79,1010.09,13.0,9.12,14.0,0.5,0.6,0.6,6.0,8.0,8.0,6.9,12.0,2.1,14.0,0.5,0.6,0.5,-85.4,34.4,158.0,46.0,13.0,160.4,14.0,0.5,0.6,0.6,-148.1,-28.9,25.1,-47.8,13.0,88.0,14.0,0.5,0.6,0.6,0.35,6.3,9.83,6.08,13.0,5.75,14.0,0.5,0.6,0.6,-1.6,57.4,168.3,78.4,13.0,92.7,14.0,0.5,0.6,0.6,2.55,5.9,9.97,6.26,9.0,3.79,12.0,0.7,0.6,0.6,8.5,72.6,154.4,85.0,9.0,73.6,12.0,0.7,0.6,0.6,-79.9,54.4,155.8,35.8,13.0,134.6,14.0,0.5,0.6,0.6,-77.9,-39.1,53.8,-20.1,13.0,71.5,14.0,0.5,0.6,0.6,-92.1,31.7,85.0,5.4,9.0,91.0,12.0,0.7,0.6,0.6,-49.1,-26.6,0.0,-20.4,9.0,31.4,12.0,0.7,0.6,0.6,-59.1,2.2,108.2,25.4,9.0,89.5,12.0,0.7,0.6,0.6,-104.3,-16.8,0.0,-42.6,9.0,52.6,12.0,0.7,0.6,0.6,441.5,1728.0,4532.5,2215.5,13.0,2477.5,14.0,0.5,0.6,0.6,440.0,1730.0,4530.0,2215.0,13.0,2480.0,14.0,0.5,0.6,0.6
1974,2,299.0,40.0,12.89,18.0,19.49,16.63,19.0,3.54,18.0,0.6,0.6,0.4,9.11,11.0,15.22,11.7,19.0,3.16,18.0,0.6,0.6,0.4,4.48,5.64,6.43,5.6,15.0,1.13,20.0,0.7,0.6,0.4,54.7,67.3,76.2,66.8,16.0,11.6,18.0,0.6,0.4,5.12,10.65,17.99,11.91,20.0,6.28,18.0,0.6,0.5,0.4,-1.23,7.29,17.47,7.21,20.0,9.6,18.0,0.6,0.5,0.4,-6.09,-0.87,3.58,-0.11,20.0,6.46,18.0,0.6,0.5,0.4,1001.86,1014.6,1021.83,1012.6,19.0,9.51,18.0,0.6,0.5,0.4,3.0,7.0,8.0,5.9,17.0,2.3,18.0,0.6,0.5,0.4,-4.4,87.9,305.2,121.9,20.0,194.2,18.0,0.6,0.5,0.4,-75.2,-4.4,62.5,8.0,20.0,98.2,18.0,0.6,0.5,0.4,-0.33,5.0,10.66,4.93,19.0,4.96,18.0,0.6,0.6,0.4,-2.1,40.8,82.5,48.4,19.0,53.7,18.0,0.6,0.6,0.4,3.36,8.0,9.34,6.95,15.0,2.75,20.0,0.7,0.6,0.4,33.1,65.4,123.5,76.7,15.0,53.3,20.0,0.7,0.6,0.4,-9.1,81.9,251.6,96.2,19.0,130.9,18.0,0.6,0.6,0.4,-58.0,-17.4,56.2,3.2,19.0,75.4,18.0,0.6,0.6,0.4,-5.8,29.1,82.5,36.4,15.0,66.1,20.0,0.7,0.6,0.4,-29.0,-10.0,25.5,1.8,15.0,42.1,20.0,0.7,0.6,0.4,-11.4,33.4,118.8,44.8,15.0,77.0,20.0,0.7,0.6,0.4,-44.7,-12.2,23.0,-11.3,15.0,30.4,20.0,0.7,0.6,0.4,134.5,1212.0,5825.0,3125.0,20.0,4178.0,18.0,0.6,0.5,0.4,135.0,1210.0,5825.0,3125.0,20.0,4180.0,18.0,0.6,0.5,0.4
1974,2,299.0,41.0,5.52,11.9,15.15,10.98,12.0,5.03,18.0,0.6,0.6,0.5,1.76,5.0,7.46,5.53,15.0,3.99,16.0,0.6,0.6,0.5,3.57,4.23,5.95,4.99,12.0,2.18,16.0,0.7,0.6,0.4,65.8,86.2,94.8,81.9,12.0,15.7,16.0,0.7,0.4,5.57,8.7,16.65,11.89,15.0,8.53,16.0,0.6,0.6,0.5,-2.37,2.46,7.46,4.27,15.0,10.43,16.0,0.6,0.6,0.5,-8.03,-4.91,5.57,-2.03,15.0,9.57,16.0,0.6,0.6,0.5,1000.5,1015.8,1022.02,1012.25,15.0,9.97,16.0,0.6,0.6,0.5,3.0,7.0,8.0,6.2,13.0,2.3,16.0,0.7,0.6,0.5,-18.4,17.7,114.2,117.4,15.0,288.3,16.0,0.6,0.6,0.5,-79.8,-48.7,53.3,16.1,15.0,214.9,16.0,0.6,0.6,0.5,2.64,4.55,10.0,5.42,12.0,3.82,18.0,0.6,0.6,0.5,14.8,51.3,107.8,55.6,12.0,55.7,18.0,0.6,0.6,0.5,1.53,4.61,5.6,3.92,9.0,1.97,16.0,0.7,0.6,0.4,22.5,39.6,54.5,39.3,9.0,17.8,16.0,0.7,0.6,0.4,-7.9,7.7,62.9,25.7,15.0,58.2,16.0,0.6,0.6,0.5,-38.7,-16.6,24.9,2.7,15.0,67.5,16.0,0.6,0.6,0.5,-5.8,22.7,66.1,34.3,12.0,46.2,16.0,0.7,0.6,0.4,-38.2,-24.0,80.7,5.1,12.0,62.1,16.0,0.7,0.6,0.4,-1.5,20.5,34.6,17.9,9.0,17.9,16.0,0.7,0.6,0.4,-43.1,-11.8,33.2,-8.9,9.0,35.8,16.0,0.7,0.6,0.4,186.0,658.5,4633.5,4912.5,15.0,10230.5,16.0,0.6,0.6,0.5,185.0,660.0,4635.0,4910.0,15.0,10230.0,16.0,0.6,0.6,0.5
1974,2,299.0,42.0,3.64,5.5,8.33,5.89,8.0,2.48,22.0,0.8,0.6,0.4,1.44,2.8,9.37,4.68,10.0,4.98,20.0,0.7,0.6,0.5,2.22,3.72,4.89,4.35,7.0,2.76,22.0,0.7,0.6,0.4,57.6,82.8,90.2,77.1,7.0,17.1,22.0,0.7,0.4,3.46,7.2,9.74,7.12,10.0,3.89,20.0,0.6,0.6,0.5,0.67,1.67,5.49,2.73,10.0,5.67,20.0,0.6,0.6,0.5,-6.31,-0.33,3.2,-1.24,10.0,5.42,20.0,0.6,0.6,0.5,1003.15,1013.5,1024.2,1012.33,11.0,11.26,20.0,0.6,0.6,0.5,3.6,6.0,8.0,5.7,11.0,2.1,20.0,0.6,0.6,0.5,1.9,7.2,43.0,30.1,10.0,76.7,20.0,0.6,0.6,0.5,-48.6,0.0,34.6,-9.0,10.0,48.4,20.0,0.6,0.6,0.5,-0.89,3.0,4.84,2.01,8.0,4.18,22.0,0.8,0.6,0.4,-10.4,9.1,20.5,6.2,7.0,27.9,22.0,0.7,0.6,0.5,0.2,2.02,2.78,1.41,7.0,2.28,22.0,0.7,0.6,0.4,-2.7,8.4,13.2,4.0,6.0,14.4,22.0,0.7,0.6,0.4,1.1,5.0,34.7,28.1,9.0,64.8,20.0,0.7,0.6,0.5,-5.2,4.7,29.7,15.1,9.0,35.0,20.0,0.7,0.6,0.5,-3.2,4.7,26.0,6.4,6.0,20.4,22.0,0.7,0.6,0.4,-9.1,-1.0,27.5,10.9,6.0,30.4,22.0,0.7,0.6,0.4,-9.6,2.8,4.1,-1.6,6.0,8.2,22.0,0.7,0.6,0.4,-14.0,-7.5,1.6,-7.5,6.0,9.4,22.0,0.7,0.6,0.4,51.5,373.0,937.0,690.5,10.0,1095.5,20.0,0.6,0.6,0.5,50.0,375.0,935.0,690.0,10.0,1095.0,20.0,0.6,0.6,0.5
1974,2,299.0,43.0,3.35,4.5,6.61,4.83,9.0,2.61,14.0,0.3,0.6,0.3,-2.03,2.2,6.0,2.59,12.0,4.53,16.0,0.3,0.7,0.3,3.51,3.93,4.98,4.22,8.0,1.6,16.0,0.5,0.7,0.4,76.5,89.8,99.7,86.3,8.0,14.6,16.0,0.5,0.4,4.09,9.0,11.0,8.49,13.0,3.28,16.0,0.3,0.7,0.3,-7.95,0.0,6.84,-1.0,13.0,7.29,16.0,0.3,0.7,0.3,-3.15,0.0,6.38,0.84,13.0,5.83,16.0,0.3,0.7,0.3,1005.53,1012.5,1017.11,1011.15,13.0,7.23,16.0,0.3,0.7,0.3,4.1,8.0,8.0,6.8,9.0,2.2,18.0,0.4,0.6,0.3,-70.1,0.0,53.7,-14.3,13.0,72.8,16.0,0.3,0.7,0.3,-27.9,0.0,60.8,17.2,13.0,66.9,16.0,0.3,0.7,0.3,-0.63,4.0,7.62,3.38,9.0,4.59,14.0,0.3,0.6,0.3,-11.9,30.8,59.4,22.5,9.0,40.8,14.0,0.3,0.6,0.3,-0.59,0.99,2.7,0.86,6.0,1.92,14.0,0.5,0.6,0.3,-6.8,9.2,20.8,5.8,6.0,17.6,14.0,0.5,0.6,0.3,-28.4,-16.5,0.6,-14.4,12.0,14.0,16.0,0.3,0.7,0.3,-1.7,3.5,34.8,13.9,12.0,35.0,16.0,0.3,0.7,0.3,-35.4,-27.7,-1.6,-22.5,8.0,21.5,16.0,0.5,0.7,0.4,0.0,0.0,65.4,20.5,8.0,33.9,16.0,0.5,0.7,0.4,-17.8,-0.7,10.3,-1.9,6.0,15.0,14.0,0.5,0.6,0.3,-13.3,-1.2,0.0,-5.9,6.0,9.0,14.0,0.5,0.6,0.3,68.5,729.0,1344.5,860.0,13.0,793.5,16.0,0.3,0.7,0.3,70.0,730.0,1345.0,860.0,13.0,795.0,16.0,0.3,0.7,0.3
1974,2,299.0,44.0,-0.67,0.0,1.76,0.52,9.0,1.33,18.0,0.7,0.7,0.7,-3.37,-0.5,5.94,0.62,14.0,4.58,18.0,0.6,0.7,0.6,2.02,2.76,4.3,3.38,8.0,1.73,18.0,0.6,0.7,0.5,68.5,78.0,97.0,80.5,8.0,14.2,18.0,0.6,0.5,3.85,9.3,16.1,9.99,13.0,7.24,18.0,0.7,0.7,0.6,-0.59,4.42,15.62,5.48,13.0,8.85,18.0,0.7,0.7,0.6,-9.02,-1.57,0.24,-2.61,13.0,6.51,18.0,0.7,0.7,0.6,998.66,1012.35,1019.36,1009.45,14.0,11.3,18.0,0.6,0.7,0.6,0.0,6.0,8.0,5.1,13.0,3.1,18.0,0.6,0.7,0.6,-7.2,22.5,255.5,86.9,13.0,169.1,18.0,0.7,0.7,0.6,-136.0,-7.2,1.2,-51.0,13.0,128.3,18.0,0.7,0.7,0.6,-0.66,3.0,4.22,1.53,9.0,3.32,18.0,0.7,0.7,0.7,-6.1,20.7,43.2,21.3,9.0,28.9,18.0,0.7,0.7,0.7,-0.18,1.32,1.89,1.13,7.0,0.97,18.0,0.6,0.7,0.6,-0.4,5.6,19.5,9.8,7.0,11.9,18.0,0.6,0.7,0.6,-46.4,-10.8,0.9,-23.8,13.0,38.5,18.0,0.7,0.7,0.6,-2.2,0.0,36.9,11.3,13.0,22.5,18.0,0.7,0.7,0.6,0.7,12.3,30.3,5.1,8.0,38.2,18.0,0.6,0.7,0.5,-17.5,-13.5,-1.5,-10.8,8.0,7.8,18.0,0.6,0.7,0.5,-0.4,5.2,15.1,7.7,7.0,9.8,18.0,0.6,0.7,0.6,-12.7,-1.9,0.1,-5.8,7.0,6.9,18.0,0.6,0.7,0.6,62.5,804.5,4193.0,2618.5,13.0,4414.0,18.0,0.7,0.7,0.6,65.0,805.0,4195.0,2620.0,13.0,4415.0,18.0,0.7,0.7,0.6
1974,2,299.0,45.0,-0.63,-0.25,0.55,-0.17,12.0,0.74,6.0,0.3,0.4,0.3,-8.6,-5.5,1.51,-3.34,18.0,6.57,8.0,0.3,0.4,0.3,3.61,4.35,5.08,4.35,2.0,1.53,4.0,0.5,0.6,0.3,98.2,98.9,99.7,98.9,2.0,1.5,4.0,0.5,0.3,8.13,11.3,19.16,12.58,19.0,5.48,8.0,0.3,0.4,0.3,-6.71,8.46,11.84,5.0,19.0,11.39,8.0,0.3,0.4,0.3,-6.72,-1.7,0.47,-2.18,19.0,5.99,8.0,0.3,0.4,0.3,1006.9,1010.0,1013.29,1008.01,19.0,9.02,8.0,0.3,0.4,0.3,0.0,3.0,7.1,3.7,19.0,3.1,8.0,0.3,0.4,0.3,-86.6,76.1,140.6,38.6,19.0,231.4,8.0,0.3,0.4,0.3,-68.3,-16.7,8.0,-40.8,19.0,114.8,8.0,0.3,0.4,0.3,0.29,4.75,7.5,3.18,12.0,5.92,6.0,0.3,0.4,0.3,12.4,57.1,80.6,31.1,12.0,85.6,6.0,0.3,0.4,0.3,-1.27,-0.5,0.27,-0.5,2.0,1.6,4.0,0.5,0.6,0.3,-7.8,2.5,12.7,2.5,2.0,21.2,4.0,0.5,0.6,0.3,-87.2,-52.7,39.3,-26.1,18.0,92.8,8.0,0.3,0.4,0.3,0.0,11.5,31.7,15.3,18.0,16.1,8.0,0.3,0.4,0.3,-68.4,-46.5,-24.5,-46.5,2.0,45.5,4.0,0.5,0.6,0.3,-32.0,-3.1,25.8,-3.1,2.0,59.9,4.0,0.5,0.6,0.3,-12.1,-5.4,1.2,-5.4,2.0,13.7,4.0,0.5,0.6,0.3,-11.3,-10.3,-9.2,-10.3,2.0,2.1,4.0,0.5,0.6,0.3,538.0,1443.0,7040.0,3279.0,19.0,5119.0,8.0,0.3,0.4,0.3,540.0,1445.0,7040.0,3280.0,19.0,5120.0,8.0,0.3,0.4,0.3
1974,2,299.0,46.0,-1.6,-1.6,-1.2,-1.45,20.0,0.27,12.0,1.0,0.8,0.2,-10.93,-7.6,-2.51,-6.91,34.0,5.29,12.0,0.9,0.8,0.3,1.24,1.58,2.09,1.78,30.0,0.88,12.0,1.0,0.8,0.3,66.3,77.1,88.0,76.5,30.0,10.2,12.0,1.0,0.3,2.63,5.7,11.64,7.28,33.0,5.76,12.0,1.0,0.8,0.3,0.53,3.66,10.19,4.96,33.0,5.64,12.0,1.0,0.8,0.3,-4.55,1.41,4.29,1.1,33.0,5.43,12.0,1.0,0.8,0.3,999.6,1007.8,1012.84,1007.38,35.0,10.13,12.0,0.9,0.8,0.3,0.0,3.0,7.0,3.5,35.0,2.9,12.0,0.9,0.8,0.3,0.8,24.4,118.7,63.2,33.0,113.6,12.0,1.0,0.8,0.3,-38.3,2.1,28.5,13.2,33.0,89.4,12.0,1.0,0.8,0.3,1.6,4.8,8.3,4.59,20.0,4.82,12.0,1.0,0.8,0.2,8.1,24.7,79.3,38.1,18.0,54.1,12.0,1.0,0.8,0.2,1.3,1.77,2.15,1.52,19.0,0.97,12.0,1.0,0.8,0.2,3.3,10.3,18.7,11.3,18.0,12.2,12.0,1.0,0.8,0.2,-97.6,-21.0,0.5,-39.8,32.0,55.0,12.0,1.0,0.8,0.3,-40.8,0.0,21.1,-6.4,32.0,49.5,12.0,1.0,0.8,0.3,0.2,5.6,13.6,7.7,29.0,9.5,14.0,1.0,0.8,0.2,-7.8,1.5,5.7,0.3,29.0,8.3,14.0,1.0,0.8,0.2,-4.1,6.3,15.8,7.8,18.0,13.3,12.0,1.0,0.8,0.2,-6.7,-0.9,6.7,-0.2,18.0,6.6,12.0,1.0,0.8,0.2,18.5,185.0,1588.0,1331.5,33.0,2925.5,12.0,1.0,0.8,0.3,20.0,185.0,1590.0,1330.0,33.0,2925.0,12.0,1.0,0.8,0.3
1974,2,299.0,47.0,-1.69,-1.6,-1.41,-1.57,14.0,0.16,12.0,0.7,0.8,0.3,-8.99,-4.3,-0.53,-4.64,24.0,3.98,14.0,0.7,0.7,0.3,1.53,2.22,3.09,2.34,23.0,0.79,14.0,0.7,0.7,0.3,75.0,89.5,95.8,84.9,23.0,10.9,14.0,0.7,0.3,5.95,11.8,21.36,12.52,23.0,6.67,14.0,0.7,0.7,0.3,-1.67,4.94,12.77,5.25,23.0,7.61,14.0,0.7,0.7,0.3,-12.92,-3.85,4.69,-3.56,23.0,10.42,14.0,0.7,0.7,0.3,990.88,1003.95,1015.49,1003.69,24.0,13.16,14.0,0.7,0.7,0.3,0.5,7.0,8.0,5.2,17.0,3.4,18.0,0.8,0.6,0.2,-8.5,48.7,215.2,77.8,23.0,140.1,14.0,0.7,0.7,0.3,-258.7,-19.9,36.2,-75.9,23.0,205.1,14.0,0.7,0.7,0.3,-1.37,1.45,4.57,1.52,14.0,3.28,12.0,0.7,0.8,0.3,-11.6,20.9,58.7,18.9,13.0,44.9,12.0,0.8,0.8,0.3,0.06,1.13,1.37,0.86,13.0,0.84,12.0,0.8,0.8,0.3,0.6,10.4,16.8,8.3,13.0,11.6,12.0,0.8,0.8,0.3,-91.0,-25.2,4.3,-33.1,23.0,53.3,14.0,0.7,0.7,0.3,-5.4,22.6,59.9,27.2,23.0,40.6,14.0,0.7,0.7,0.3,-5.3,10.9,26.8,10.6,23.0,17.2,14.0,0.7,0.7,0.3,-29.8,-7.9,11.2,-5.9,23.0,32.2,14.0,0.7,0.7,0.3,-5.5,1.2,14.3,3.7,13.0,9.8,12.0,0.8,0.8,0.3,-14.3,-5.1,1.0,-6.0,13.0,7.7,12.0,0.8,0.8,0.3,211.5,1643.0,9785.5,3613.5,23.0,4304.0,14.0,0.7,0.7,0.3,210.0,1645.0,9785.0,3615.0,23.0,4305.0,14.0,0.7,0.7,0.3
1974,2,299.0,48.0,-1.28,-1.1,0.0,-0.76,5.0,0.72,8.0,0.8,0.6,0.2,-10.13,-7.25,3.78,-4.35,12.0,6.72,14.0,0.7,0.6,0.2,1.32,1.89,3.82,2.35,9.0,1.35,16.0,0.8,0.6,0.1,70.0,88.9,96.5,85.1,9.0,13.2,16.0,0.8,0.1,6.0,13.4,19.19,13.95,13.0,6.84,14.0,0.7,0.6,0.1,-10.59,-2.33,13.03,-1.03,13.0,10.73,14.0,0.7,0.6,0.1,-13.32,-2.6,6.83,-2.25,13.0,11.65,14.0,0.7,0.6,0.1,985.48,1001.1,1007.95,996.75,13.0,12.32,14.0,0.7,0.6,0.1,4.0,8.0,8.0,6.5,11.0,2.4,12.0,0.7,0.7,0.1,-174.9,-29.4,172.8,-33.7,13.0,202.7,14.0,0.7,0.6,0.1,-184.5,-6.8,117.1,-20.3,13.0,241.7,14.0,0.7,0.6,0.1,-5.79,6.3,9.92,3.02,5.0,8.37,8.0,0.8,0.6,0.2,-94.2,16.4,167.5,31.9,5.0,135.4,8.0,0.8,0.6,0.2,1.86,2.35,2.54,2.2,3.0,0.51,8.0,1.0,0.6,0.1,15.7,40.4,41.8,29.0,3.0,21.5,8.0,1.0,0.6,0.1,-86.1,-10.8,46.6,-25.8,12.0,85.0,14.0,0.7,0.6,0.2,-66.4,26.2,63.2,8.6,12.0,64.7,14.0,0.7,0.6,0.2,-23.0,-8.8,9.8,-12.8,9.0,27.8,16.0,0.8,0.6,0.1,-19.3,-4.5,48.4,8.0,9.0,42.6,16.0,0.8,0.6,0.1,12.6,39.8,39.8,26.5,3.0,23.0,8.0,1.0,0.6,0.1,-0.7,7.0,12.1,5.8,3.0,9.4,8.0,1.0,0.6,0.1,222.0,2406.0,7088.5,4522.5,13.0,5481.0,14.0,0.7,0.6,0.1,220.0,2405.0,7090.0,4520.0,13.0,5480.0,14.0,0.7,0.6,0.1
1974,2,299.0,58.0,,,,,,,,,,,,,,,,,,,,,,,,,,,,,,,,,,,,,,,,8.16,8.5,8.84,8.5,2.0,0.71,12.0,0.5,0.9,0.4,3.4,4.82,6.23,4.82,2.0,2.94,12.0,0.5,0.9,0.4,-7.24,-6.65,-6.06,-6.65,2.0,1.23,12.0,0.5,0.9,0.4,1001.91,1002.35,1002.79,1002.35,2.0,0.92,12.0,0.5,0.9,0.4,,,,,,,,,,,,,,,,,,,,,,,,,,,,,,,,,,,,,,,,,,,,,,,,,,,,,,,,,,,,,,,,,,,,,,,,,,,,,,,,,,,,,,,,,,,,,,,,,,,,,,,,,,,,,,,,,,,,,,,,,,,,,,,,,,,,,,,,,,,,,,,,,,,,,,
1974,2,299.0,59.0,,,,,,,,,,,,,,,,,,,,,,,,,,,,,,,,,,,,,,,,1.0,1.0,1.0,1.0,1.0,0.0,10.0,0.0,0.7,0.4,0.77,0.77,0.77,0.77,1.0,0.0,10.0,0.0,0.7,0.4,-0.64,-0.64,-0.64,-0.64,1.0,0.0,10.0,0.0,0.7,0.4,1004.3,1004.3,1004.3,1004.3,1.0,0.0,10.0,0.0,0.7,0.4,,,,,,,,,,,,,,,,,,,,,,,,,,,,,,,,,,,,,,,,,,,,,,,,,,,,,,,,,,,,,,,,,,,,,,,,,,,,,,,,,,,,,,,,,,,,,,,,,,,,,,,,,,,,,,,,,,,,,,,,,,,,,,,,,,,,,,,,,,,,,,,,,,,,,,
1974,2,300.0,-68.0,,,,,,,,,,,,,,,,,,,,,,,,,,,,,,,,,,,,,,,,8.0,8.0,8.0,8.0,1.0,0.0,20.0,1.0,0.6,0.7,-2.74,-2.74,-2.74,-2.74,1.0,0.0,20.0,1.0,0.6,0.7,-7.52,-7.52,-7.52,-7.52,1.0,0.0,20.0,1.0,0.6,0.7,993.2,993.2,993.2,993.2,1.0,0.0,20.0,1.0,0.6,0.7,,,,,,,,,,,,,,,,,,,,,,,,,,,,,,,,,,,,,,,,,,,,,,,,,,,,,,,,,,,,,,,,,,,,,,,,,,,,,,,,,,,,,,,,,,,,,,,,,,,,,,,,,,,,,,,,,,,,,,,,,,,,,,,,,,,,,,,,,,,,,,,,,,,,,,
1974,2,300.0,-64.0,-0.52,0.5,0.5,0.0,3.0,0.87,20.0,0.0,0.3,0.9,0.24,0.75,1.52,0.88,4.0,0.85,18.0,0.3,0.4,0.9,3.61,3.65,3.76,3.68,3.0,0.11,20.0,0.0,0.3,0.9,91.2,91.7,92.6,91.9,3.0,1.0,20.0,0.0,0.9,9.3,9.3,11.35,10.3,3.0,1.73,18.0,0.3,0.6,0.9,4.73,8.05,9.83,7.3,3.0,3.79,18.0,0.3,0.6,0.9,-4.49,4.65,5.67,0.69,3.0,8.2,18.0,0.3,0.6,0.9,981.69,989.85,990.1,986.08,4.0,7.72,18.0,0.3,0.4,0.9,8.0,8.0,8.0,8.0,4.0,0.0,18.0,0.3,0.4,0.9,44.0,74.9,113.2,78.5,3.0,50.8,18.0,0.3,0.6,0.9,-41.8,43.2,65.4,12.5,3.0,82.8,18.0,0.3,0.6,0.9,-0.84,-0.5,-0.16,-0.5,3.0,0.5,20.0,0.0,0.3,0.9,-3.9,-2.3,-0.7,-2.3,2.0,3.3,20.0,0.0,0.3,1.0,0.06,0.2,0.31,0.19,3.0,0.18,20.0,0.0,0.3,0.9,2.3,3.2,4.0,3.2,2.0,1.8,20.0,0.0,0.3,1.0,5.7,6.4,7.5,6.6,3.0,1.4,18.0,0.3,0.6,0.9,-11.0,3.1,4.2,-3.3,3.0,12.3,18.0,0.3,0.6,0.9,32.0,34.8,37.6,34.8,2.0,5.8,20.0,0.0,0.3,1.0,18.5,20.1,21.7,20.1,2.0,3.3,20.0,0.0,0.3,1.0,2.0,2.7,3.5,2.7,2.0,1.6,20.0,0.0,0.3,1.0,1.1,1.6,2.0,1.6,2.0,0.9,20.0,0.0,0.3,1.0,804.5,804.5,1525.5,1156.5,3.0,610.0,18.0,0.3,0.6,0.9,805.0,805.0,1525.0,1155.0,3.0,610.0,18.0,0.3,0.6,0.9
1974,2,300.0,-63.0,1.08,1.25,1.42,1.25,2.0,0.35,12.0,0.5,0.7,0.6,0.99,1.4,1.81,1.4,2.0,0.85,12.0,0.5,0.7,0.6,4.47,4.47,4.47,4.47,1.0,0.0,18.0,1.0,0.7,0.6,100.0,100.0,100.0,100.0,1.0,0.0,18.0,1.0,0.6,3.66,5.95,8.24,5.95,2.0,4.74,12.0,0.5,0.7,0.6,0.2,2.54,4.89,2.54,2.0,4.86,12.0,0.5,0.7,0.6,-5.61,-2.34,0.92,-2.34,2.0,6.77,12.0,0.5,0.7,0.6,982.85,985.75,988.65,985.75,2.0,6.01,12.0,0.5,0.7,0.6,7.2,7.5,7.8,7.5,2.0,0.7,12.0,0.5,0.7,0.6,6.9,26.6,46.4,26.6,2.0,40.9,12.0,0.5,0.7,0.6,-54.7,-30.0,-5.2,-30.0,2.0,51.3,12.0,0.5,0.7,0.6,-0.73,-0.15,0.43,-0.15,2.0,1.2,12.0,0.5,0.7,0.6,-7.5,-3.7,0.1,-3.7,2.0,7.9,12.0,0.5,0.7,0.6,-0.31,-0.31,-0.31,-0.31,1.0,0.0,18.0,1.0,0.7,0.6,-2.9,-2.9,-2.9,-2.9,1.0,0.0,18.0,1.0,0.7,0.6,1.3,5.6,9.9,5.6,2.0,9.0,12.0,0.5,0.7,0.6,-11.7,-6.1,-0.6,-6.1,2.0,11.5,12.0,0.5,0.7,0.6,26.7,26.7,26.7,26.7,1.0,0.0,18.0,1.0,0.7,0.6,-31.8,-31.8,-31.8,-31.8,1.0,0.0,18.0,1.0,0.7,0.6,-1.9,-1.9,-1.9,-1.9,1.0,0.0,18.0,1.0,0.7,0.6,2.2,2.2,2.2,2.2,1.0,0.0,18.0,1.0,0.7,0.6,142.5,411.0,679.5,411.0,2.0,556.5,12.0,0.5,0.7,0.6,140.0,410.0,680.0,410.0,2.0,555.0,12.0,0.5,0.7,0.6
1974,2,300.0,-61.0,2.8,2.8,2.8,2.8,1.0,0.0,16.0,1.0,0.8,0.6,3.6,3.6,3.6,3.6,1.0,0.0,16.0,1.0,0.8,0.6,4.94,4.94,4.94,4.94,1.0,0.0,16.0,1.0,0.8,0.6,100.0,100.0,100.0,100.0,1.0,0.0,16.0,1.0,0.6,9.3,9.3,9.3,9.3,1.0,0.0,16.0,1.0,0.8,0.6,8.05,8.05,8.05,8.05,1.0,0.0,16.0,1.0,0.8,0.6,-4.65,-4.65,-4.65,-4.65,1.0,0.0,16.0,1.0,0.8,0.6,1003.0,1003.0,1003.0,1003.0,1.0,0.0,16.0,1.0,0.8,0.6,8.0,8.0,8.0,8.0,1.0,0.0,16.0,1.0,0.8,0.6,74.9,74.9,74.9,74.9,1.0,0.0,16.0,1.0,0.8,0.6,-43.2,-43.2,-43.2,-43.2,1.0,0.0,16.0,1.0,0.8,0.6,-0.8,-0.8,-0.8,-0.8,1.0,0.0,16.0,1.0,0.8,0.6,-7.4,-7.4,-7.4,-7.4,1.0,0.0,16.0,1.0,0.8,0.6,-0.27,-0.27,-0.27,-0.27,1.0,0.0,16.0,1.0,0.8,0.6,-2.5,-2.5,-2.5,-2.5,1.0,0.0,16.0,1.0,0.8,0.6,29.0,29.0,29.0,29.0,1.0,0.0,16.0,1.0,0.8,0.6,-16.7,-16.7,-16.7,-16.7,1.0,0.0,16.0,1.0,0.8,0.6,39.8,39.8,39.8,39.8,1.0,0.0,16.0,1.0,0.8,0.6,-23.0,-23.0,-23.0,-23.0,1.0,0.0,16.0,1.0,0.8,0.6,-2.2,-2.2,-2.2,-2.2,1.0,0.0,16.0,1.0,0.8,0.6,1.3,1.3,1.3,1.3,1.0,0.0,16.0,1.0,0.8,0.6,804.5,804.5,804.5,804.5,1.0,0.0,16.0,1.0,0.8,0.6,805.0,805.0,805.0,805.0,1.0,0.0,16.0,1.0,0.8,0.6
1974,2,300.0,-57.0,8.0,8.0,8.0,8.0,1.0,0.0,14.0,1.0,0.4,0.4,7.2,7.2,7.2,7.2,1.0,0.0,14.0,1.0,0.4,0.4,5.97,5.97,5.97,5.97,1.0,0.0,14.0,1.0,0.4,0.4,94.0,94.0,94.0,94.0,1.0,0.0,14.0,1.0,0.4,15.4,15.4,15.4,15.4,1.0,0.0,14.0,1.0,0.4,0.4,15.17,15.17,15.17,15.17,1.0,0.0,14.0,1.0,0.4,0.4,2.67,2.67,2.67,2.67,1.0,0.0,14.0,1.0,0.4,0.4,1002.6,1002.6,1002.6,1002.6,1.0,0.0,14.0,1.0,0.4,0.4,7.0,7.0,7.0,7.0,1.0,0.0,14.0,1.0,0.4,0.4,233.6,233.6,233.6,233.6,1.0,0.0,14.0,1.0,0.4,0.4,41.2,41.2,41.2,41.2,1.0,0.0,14.0,1.0,0.4,0.4,0.8,0.8,0.8,0.8,1.0,0.0,14.0,1.0,0.4,0.4,12.3,12.3,12.3,12.3,1.0,0.0,14.0,1.0,0.4,0.4,0.74,0.74,0.74,0.74,1.0,0.0,14.0,1.0,0.4,0.4,11.4,11.4,11.4,11.4,1.0,0.0,14.0,1.0,0.4,0.4,109.2,109.2,109.2,109.2,1.0,0.0,14.0,1.0,0.4,0.4,19.3,19.3,19.3,19.3,1.0,0.0,14.0,1.0,0.4,0.4,90.5,90.5,90.5,90.5,1.0,0.0,14.0,1.0,0.4,0.4,16.0,16.0,16.0,16.0,1.0,0.0,14.0,1.0,0.4,0.4,11.2,11.2,11.2,11.2,1.0,0.0,14.0,1.0,0.4,0.4,2.0,2.0,2.0,2.0,1.0,0.0,14.0,1.0,0.4,0.4,3652.5,3652.5,3652.5,3652.5,1.0,0.0,14.0,1.0,0.4,0.4,3650.0,3650.0,3650.0,3650.0,1.0,0.0,14.0,1.0,0.4,0.4
1974,2,300.0,-56.0,7.06,7.2,7.4,7.23,3.0,0.25,14.0,1.0,0.5,0.3,7.32,8.0,9.37,8.33,3.0,1.53,14.0,1.0,0.5,0.3,5.94,5.94,5.94,5.94,1.0,0.0,14.0,1.0,0.9,0.5,95.3,95.3,95.3,95.3,1.0,0.0,14.0,1.0,0.5,5.11,5.35,5.59,5.35,2.0,0.49,18.0,1.0,0.5,0.4,3.59,4.41,5.23,4.41,2.0,1.7,18.0,1.0,0.5,0.4,-3.38,-2.41,-1.44,-2.41,2.0,2.01,18.0,1.0,0.5,0.4,1003.83,1005.6,1007.37,1005.6,2.0,3.68,18.0,1.0,0.5,0.4,6.3,7.0,7.7,7.0,2.0,1.4,18.0,1.0,0.5,0.4,18.6,24.0,29.5,24.0,2.0,11.3,18.0,1.0,0.5,0.4,-17.0,-12.4,-7.8,-12.4,2.0,9.6,18.0,1.0,0.5,0.4,-2.02,-1.0,-0.18,-1.1,3.0,1.35,14.0,1.0,0.5,0.3,-4.0,-1.9,0.2,-1.9,2.0,4.3,18.0,1.0,0.5,0.4,0.38,0.38,0.38,0.38,1.0,0.0,14.0,1.0,0.9,0.5,2.2,2.2,2.2,2.2,1.0,0.0,14.0,1.0,0.9,0.5,27.9,32.5,37.1,32.5,2.0,9.6,18.0,1.0,0.5,0.4,-26.9,-18.8,-10.7,-18.8,2.0,16.8,18.0,1.0,0.5,0.4,33.3,33.3,33.3,33.3,1.0,0.0,14.0,1.0,0.9,0.5,-5.9,-5.9,-5.9,-5.9,1.0,0.0,14.0,1.0,0.9,0.5,2.1,2.1,2.1,2.1,1.0,0.0,14.0,1.0,0.9,0.5,-0.4,-0.4,-0.4,-0.4,1.0,0.0,14.0,1.0,0.9,0.5,134.5,155.0,175.5,155.0,2.0,42.5,18.0,1.0,0.5,0.4,135.0,155.0,175.0,155.0,2.0,45.0,18.0,1.0,0.5,0.4
1974,2,300.0,-55.0,,,,,,,,,,,,,,,,,,,,,,,,,,,,,,,,,,,,,,,,12.0,12.0,12.0,12.0,1.0,0.0,22.0,0.0,0.9,0.4,11.82,11.82,11.82,11.82,1.0,0.0,22.0,0.0,0.9,0.4,-2.08,-2.08,-2.08,-2.08,1.0,0.0,22.0,0.0,0.9,0.4,1000.6,1000.6,1000.6,1000.6,1.0,0.0,22.0,0.0,0.9,0.4,,,,,,,,,,,,,,,,,,,,,,,,,,,,,,,,,,,,,,,,,,,,,,,,,,,,,,,,,,,,,,,,,,,,,,,,,,,,,,,,,,,,,,,,,,,,,,,,,,,,,,,,,,,,,,,,,,,,,,,,,,,,,,,,,,,,,,,,,,,,,,,,,,,,,,
1974,2,300.0,-52.0,,,,,,,,,,,,,,,,,,,,,,,,,,,,,,,,,,,,,,,,4.6,4.6,4.6,4.6,1.0,0.0,12.0,0.0,0.5,0.9,2.96,2.96,2.96,2.96,1.0,0.0,12.0,0.0,0.5,0.9,-3.52,-3.52,-3.52,-3.52,1.0,0.0,12.0,0.0,0.5,0.9,1018.0,1018.0,1018.0,1018.0,1.0,0.0,12.0,0.0,0.5,0.9,,,,,,,,,,,,,,,,,,,,,,,,,,,,,,,,,,,,,,,,,,,,,,,,,,,,,,,,,,,,,,,,,,,,,,,,,,,,,,,,,,,,,,,,,,,,,,,,,,,,,,,,,,,,,,,,,,,,,,,,,,,,,,,,,,,,,,,,,,,,,,,,,,,,,,
1974,2,300.0,-50.0,12.5,12.5,12.5,12.5,1.0,0.0,24.0,1.0,0.4,0.8,13.5,13.5,13.5,13.5,1.0,0.0,24.0,1.0,0.4,0.8,8.11,8.11,8.11,8.11,1.0,0.0,24.0,1.0,0.4,0.8,84.8,84.8,84.8,84.8,1.0,0.0,24.0,1.0,0.8,11.3,11.3,11.3,11.3,1.0,0.0,24.0,1.0,0.4,0.8,5.65,5.65,5.65,5.65,1.0,0.0,24.0,1.0,0.4,0.8,-9.79,-9.79,-9.79,-9.79,1.0,0.0,24.0,1.0,0.4,0.8,1015.5,1015.5,1015.5,1015.5,1.0,0.0,24.0,1.0,0.4,0.8,3.0,3.0,3.0,3.0,1.0,0.0,24.0,1.0,0.4,0.8,63.8,63.8,63.8,63.8,1.0,0.0,24.0,1.0,0.4,0.8,-110.6,-110.6,-110.6,-110.6,1.0,0.0,24.0,1.0,0.4,0.8,-1.0,-1.0,-1.0,-1.0,1.0,0.0,24.0,1.0,0.4,0.8,-11.3,-11.3,-11.3,-11.3,1.0,0.0,24.0,1.0,0.4,0.8,0.85,0.85,0.85,0.85,1.0,0.0,24.0,1.0,0.4,0.8,9.6,9.6,9.6,9.6,1.0,0.0,24.0,1.0,0.4,0.8,76.3,76.3,76.3,76.3,1.0,0.0,24.0,1.0,0.4,0.8,-132.1,-132.1,-132.1,-132.1,1.0,0.0,24.0,1.0,0.4,0.8,45.8,45.8,45.8,45.8,1.0,0.0,24.0,1.0,0.4,0.8,-79.4,-79.4,-79.4,-79.4,1.0,0.0,24.0,1.0,0.4,0.8,4.8,4.8,4.8,4.8,1.0,0.0,24.0,1.0,0.4,0.8,-8.3,-8.3,-8.3,-8.3,1.0,0.0,24.0,1.0,0.4,0.8,1443.0,1443.0,1443.0,1443.0,1.0,0.0,24.0,1.0,0.4,0.8,1445.0,1445.0,1445.0,1445.0,1.0,0.0,24.0,1.0,0.4,0.8
1974,2,300.0,-49.0,11.01,11.9,12.79,11.9,2.0,1.84,12.0,1.0,0.6,0.5,14.24,14.55,14.86,14.55,2.0,0.64,22.0,0.5,0.6,0.7,7.57,7.98,8.38,7.98,2.0,0.83,22.0,0.5,0.6,0.7,75.4,77.7,80.1,77.7,2.0,4.9,22.0,0.5,0.7,1.8,4.6,7.81,4.8,3.0,4.4,16.0,0.7,0.6,0.5,0.16,0.5,4.24,2.16,3.0,3.32,16.0,0.7,0.6,0.5,-6.32,-4.6,-1.46,-3.91,3.0,3.61,16.0,0.7,0.6,0.5,1011.2,1014.0,1014.75,1013.0,3.0,2.74,16.0,0.7,0.6,0.5,1.6,3.0,3.7,2.7,3.0,1.5,16.0,0.7,0.6,0.5,0.1,0.3,38.0,18.6,3.0,32.0,16.0,0.7,0.6,0.5,-51.9,-21.2,-6.7,-29.1,3.0,33.8,16.0,0.7,0.6,0.5,-0.9,-0.9,-0.9,-0.9,1.0,0.0,20.0,1.0,0.8,0.7,-4.1,-4.1,-4.1,-4.1,1.0,0.0,20.0,1.0,0.8,0.7,2.0,2.0,2.0,2.0,1.0,0.0,20.0,1.0,0.8,0.7,9.2,9.2,9.2,9.2,1.0,0.0,20.0,1.0,0.8,0.7,14.2,44.8,75.4,44.8,2.0,63.4,22.0,0.5,0.6,0.7,-100.2,-85.9,-71.5,-85.9,2.0,29.7,22.0,0.5,0.6,0.7,8.1,25.6,43.1,25.6,2.0,36.2,22.0,0.5,0.6,0.7,-56.7,-47.5,-38.3,-47.5,2.0,19.1,22.0,0.5,0.6,0.7,0.0,0.0,0.0,0.0,1.0,0.0,20.0,1.0,0.8,0.7,-9.2,-9.2,-9.2,-9.2,1.0,0.0,20.0,1.0,0.8,0.7,31.0,97.5,580.0,300.5,3.0,439.0,16.0,0.7,0.6,0.5,30.0,95.0,580.0,300.0,3.0,440.0,16.0,0.7,0.6,0.5
1974,2,300.0,-48.0,13.0,13.0,13.0,13.0,1.0,0.0,20.0,1.0,0.1,0.4,14.5,14.5,14.5,14.5,1.0,0.0,20.0,1.0,0.1,0.4,8.06,8.06,8.06,8.06,1.0,0.0,20.0,1.0,0.1,0.4,79.0,79.0,79.0,79.0,1.0,0.0,20.0,1.0,0.4,1.0,1.0,1.0,1.0,1.0,0.0,20.0,1.0,0.1,0.4,-0.98,-0.98,-0.98,-0.98,1.0,0.0,20.0,1.0,0.1,0.4,-0.17,-0.17,-0.17,-0.17,1.0,0.0,20.0,1.0,0.1,0.4,1014.8,1014.8,1014.8,1014.8,1.0,0.0,20.0,1.0,0.1,0.4,8.0,8.0,8.0,8.0,1.0,0.0,20.0,1.0,0.1,0.4,-1.0,-1.0,-1.0,-1.0,1.0,0.0,20.0,1.0,0.1,0.4,-0.2,-0.2,-0.2,-0.2,1.0,0.0,20.0,1.0,0.1,0.4,-1.5,-1.5,-1.5,-1.5,1.0,0.0,20.0,1.0,0.1,0.4,-1.5,-1.5,-1.5,-1.5,1.0,0.0,20.0,1.0,0.1,0.4,1.2,1.2,1.2,1.2,1.0,0.0,20.0,1.0,0.1,0.4,1.2,1.2,1.2,1.2,1.0,0.0,20.0,1.0,0.1,0.4,-14.3,-14.3,-14.3,-14.3,1.0,0.0,20.0,1.0,0.1,0.4,-2.5,-2.5,-2.5,-2.5,1.0,0.0,20.0,1.0,0.1,0.4,-7.9,-7.9,-7.9,-7.9,1.0,0.0,20.0,1.0,0.1,0.4,-1.4,-1.4,-1.4,-1.4,1.0,0.0,20.0,1.0,0.1,0.4,-1.2,-1.2,-1.2,-1.2,1.0,0.0,20.0,1.0,0.1,0.4,-0.2,-0.2,-0.2,-0.2,1.0,0.0,20.0,1.0,0.1,0.4,1.0,1.0,1.0,1.0,1.0,0.0,20.0,1.0,0.1,0.4,0.0,0.0,0.0,0.0,1.0,0.0,20.0,1.0,0.1,0.4
1974,2,300.0,-47.0,,,,,,,,,,,,,,,,,,,,,,,,,,,,,,,,,,,,,,,,1.0,1.0,1.0,1.0,1.0,0.0,22.0,0.0,0.5,0.1,0.0,0.0,0.0,0.0,1.0,0.0,22.0,0.0,0.5,0.1,-1.0,-1.0,-1.0,-1.0,1.0,0.0,22.0,0.0,0.5,0.1,1015.03,1015.1,1015.17,1015.1,2.0,0.14,20.0,0.5,0.3,0.4,8.0,8.0,8.0,8.0,2.0,0.0,20.0,0.5,0.3,0.4,0.0,0.0,0.0,0.0,1.0,0.0,22.0,0.0,0.5,0.1,-1.0,-1.0,-1.0,-1.0,1.0,0.0,22.0,0.0,0.5,0.1,,,,,,,,,,,,,,,,,,,,,,,,,,,,,,,,,,,,,,,,,0.0,0.0,0.0,0.0,1.0,0.0,22.0,0.0,0.5,0.1,-14.5,-14.5,-14.5,-14.5,1.0,0.0,22.0,0.0,0.5,0.1,0.0,0.0,0.0,0.0,1.0,0.0,22.0,0.0,0.5,0.1,-8.1,-8.1,-8.1,-8.1,1.0,0.0,22.0,0.0,0.5,0.1,,,,,,,,,,,,,,,,,,,,,,,,,,,,,,,,,,,,,,,,
1974,2,300.0,-46.0,,,,,,,,,,,,,,,,,,,,,,,,,,,,,,,,,,,,,,,,0.0,2.6,4.99,2.44,8.0,2.23,18.0,0.6,0.5,0.5,-2.63,0.0,0.0,-1.0,8.0,1.53,18.0,0.6,0.5,0.5,-2.28,0.0,3.82,0.79,8.0,2.75,18.0,0.6,0.5,0.5,1013.56,1015.5,1017.46,1015.46,8.0,2.27,18.0,0.6,0.5,0.5,5.9,7.0,8.0,6.8,5.0,1.6,18.0,0.6,0.6,0.5,-12.8,0.0,0.0,-4.9,8.0,7.3,18.0,0.6,0.5,0.5,-5.9,0.0,19.1,5.2,8.0,11.6,18.0,0.6,0.5,0.5,,,,,,,,,,,,,,,,,,,,,,,,,,,,,,,,,,,,,,,,,-39.6,0.0,0.0,-13.8,8.0,21.4,18.0,0.6,0.5,0.5,-31.2,0.0,52.6,11.3,8.0,39.3,18.0,0.6,0.5,0.5,-22.6,0.0,0.0,-8.4,8.0,13.0,18.0,0.6,0.5,0.5,-19.7,0.0,33.1,6.6,8.0,23.7,18.0,0.6,0.5,0.5,,,,,,,,,,,,,,,,,,,,,,,,,,,,,,,,,,,,,,,,
1974,2,300.0,-45.0,12.66,13.0,13.68,13.17,3.0,0.76,20.0,0.3,0.6,0.7,13.56,14.05,14.5,14.11,8.0,0.51,16.0,0.4,0.6,0.7,6.77,8.37,9.53,8.27,8.0,1.28,16.0,0.4,0.6,0.7,67.5,84.1,96.1,83.3,8.0,12.5,16.0,0.4,0.7,2.88,5.65,7.53,5.14,8.0,2.7,16.0,0.4,0.6,0.7,-6.07,-1.06,0.0,-2.03,8.0,3.5,16.0,0.4,0.6,0.7,-5.11,-2.57,3.47,-1.25,8.0,4.33,16.0,0.4,0.6,0.7,1010.1,1018.35,1024.68,1017.76,8.0,7.21,16.0,0.4,0.6,0.7,1.3,4.0,7.4,4.2,5.0,3.3,14.0,0.6,0.6,0.7,-48.2,-6.6,0.0,-15.2,8.0,25.1,16.0,0.4,0.6,0.7,-35.4,-9.9,17.7,-8.8,8.0,28.1,16.0,0.4,0.6,0.7,-1.04,-0.9,-0.9,-0.97,3.0,0.12,20.0,0.3,0.6,0.7,-6.2,-4.6,-3.4,-4.8,3.0,2.0,20.0,0.3,0.6,0.7,-0.33,-0.24,0.19,-0.08,3.0,0.4,20.0,0.3,0.6,0.7,-1.1,-1.0,1.7,0.3,3.0,2.3,20.0,0.3,0.6,0.7,-84.8,-14.3,0.0,-28.7,8.0,50.0,16.0,0.4,0.6,0.7,-72.0,-35.4,48.6,-17.0,8.0,61.2,16.0,0.4,0.6,0.7,-50.2,-8.5,0.0,-19.0,8.0,29.7,16.0,0.4,0.6,0.7,-42.4,-24.4,21.9,-13.7,8.0,32.4,16.0,0.4,0.6,0.7,-1.7,0.0,0.7,-0.5,3.0,1.9,20.0,0.3,0.6,0.7,-0.8,0.6,0.9,0.0,3.0,1.3,20.0,0.3,0.6,0.7,30.5,185.5,432.5,221.0,8.0,197.0,16.0,0.4,0.6,0.7,30.0,185.0,430.0,220.0,8.0,195.0,16.0,0.4,0.6,0.7
1974,2,300.0,-44.0,13.0,13.0,13.0,13.0,1.0,0.0,20.0,0.0,0.6,0.4,13.2,13.2,13.2,13.2,1.0,0.0,20.0,0.0,0.6,0.4,9.0,9.0,9.0,9.0,1.0,0.0,20.0,0.0,0.6,0.4,95.5,95.5,95.5,95.5,1.0,0.0,20.0,0.0,0.4,5.1,5.1,5.1,5.1,1.0,0.0,20.0,0.0,0.6,0.4,-4.42,-4.42,-4.42,-4.42,1.0,0.0,20.0,0.0,0.6,0.4,-2.55,-2.55,-2.55,-2.55,1.0,0.0,20.0,0.0,0.6,0.4,1011.0,1011.0,1011.0,1011.0,1.0,0.0,20.0,0.0,0.6,0.4,,,,,,,,,,,,,,,,,,,,,,,,,,,,,,,-0.2,-0.2,-0.2,-0.2,1.0,0.0,20.0,0.0,0.6,0.4,-1.0,-1.0,-1.0,-1.0,1.0,0.0,20.0,0.0,0.6,0.4,0.3,0.3,0.3,0.3,1.0,0.0,20.0,0.0,0.6,0.4,1.5,1.5,1.5,1.5,1.0,0.0,20.0,0.0,0.6,0.4,-58.3,-58.3,-58.3,-58.3,1.0,0.0,20.0,0.0,0.6,0.4,-33.7,-33.7,-33.7,-33.7,1.0,0.0,20.0,0.0,0.6,0.4,-39.8,-39.8,-39.8,-39.8,1.0,0.0,20.0,0.0,0.6,0.4,-23.0,-23.0,-23.0,-23.0,1.0,0.0,20.0,0.0,0.6,0.4,-1.3,-1.3,-1.3,-1.3,1.0,0.0,20.0,0.0,0.6,0.4,-0.8,-0.8,-0.8,-0.8,1.0,0.0,20.0,0.0,0.6,0.4,132.5,132.5,132.5,132.5,1.0,0.0,20.0,0.0,0.6,0.4,135.0,135.0,135.0,135.0,1.0,0.0,20.0,0.0,0.6,0.4
1974,2,300.0,-43.0,,,,,,,,,,,,,,,,,,,,,,,,,,,,,,,,,,,,,,,,10.0,10.0,10.0,10.0,1.0,0.0,10.0,0.0,1.0,0.1,6.43,6.43,6.43,6.43,1.0,0.0,10.0,0.0,1.0,0.1,7.66,7.66,7.66,7.66,1.0,0.0,10.0,0.0,1.0,0.1,1018.3,1018.3,1018.3,1018.3,1.0,0.0,10.0,0.0,1.0,0.1,,,,,,,,,,,,,,,,,,,,,,,,,,,,,,,,,,,,,,,,,,,,,,,,,,,,,,,,,,,,,,,,,,,,,,,,,,,,,,,,,,,,,,,,,,,,,,,,,,,,,,,,,,,,,,,,,,,,,,,,,,,,,,,,,,,,,,,,,,,,,,,,,,,,,,
1974,2,300.0,-42.0,15.63,17.0,17.68,16.7,5.0,1.2,14.0,0.6,0.5,0.5,16.38,18.0,19.37,17.86,5.0,1.82,14.0,0.6,0.5,0.5,9.31,11.52,12.44,10.96,5.0,1.9,14.0,0.6,0.5,0.5,80.5,82.9,92.1,85.6,5.0,7.1,14.0,0.6,0.5,2.6,4.1,10.4,5.96,5.0,4.84,14.0,0.6,0.5,0.5,-1.15,0.0,5.11,1.78,5.0,4.74,14.0,0.6,0.5,0.5,-5.39,-2.64,2.89,-1.43,5.0,6.24,14.0,0.6,0.5,0.5,1007.14,1013.2,1020.48,1013.84,5.0,7.92,14.0,0.6,0.5,0.5,2.5,6.0,7.4,5.0,5.0,3.2,14.0,0.6,0.5,0.5,-4.7,0.0,49.2,22.8,5.0,52.7,14.0,0.6,0.5,0.5,-39.8,-10.8,35.5,-2.6,5.0,65.5,14.0,0.6,0.5,0.5,-3.0,-1.5,0.81,-1.16,5.0,1.94,14.0,0.6,0.5,0.5,-18.0,0.0,6.3,-5.0,5.0,15.5,14.0,0.6,0.5,0.5,-0.72,0.0,2.93,0.86,5.0,1.93,14.0,0.6,0.5,0.5,-1.5,0.0,20.8,8.8,5.0,16.3,14.0,0.6,0.5,0.5,-17.5,0.0,88.6,31.9,5.0,79.3,14.0,0.6,0.5,0.5,-103.8,-40.3,49.1,-29.7,5.0,115.2,14.0,0.6,0.5,0.5,-9.4,0.0,53.5,19.7,5.0,46.0,14.0,0.6,0.5,0.5,-64.2,-21.6,28.7,-18.4,5.0,68.9,14.0,0.6,0.5,0.5,-5.1,0.0,10.1,3.1,5.0,14.2,14.0,0.6,0.5,0.5,-2.8,0.0,10.4,3.7,5.0,11.6,14.0,0.6,0.5,0.5,44.0,69.0,1190.0,560.5,5.0,798.0,14.0,0.6,0.5,0.5,45.0,70.0,1190.0,560.0,5.0,800.0,14.0,0.6,0.5,0.5
1974,2,300.0,-41.0,17.0,18.0,19.41,18.05,11.0,1.21,10.0,0.9,0.4,0.7,17.21,19.25,21.29,19.22,10.0,2.15,8.0,0.9,0.5,0.7,8.35,11.3,13.94,11.31,10.0,2.87,8.0,0.9,0.5,0.7,65.8,87.9,89.5,80.3,10.0,15.2,8.0,0.9,0.7,3.44,9.3,12.79,8.24,10.0,5.08,10.0,1.0,0.4,0.7,-0.44,0.0,6.06,1.92,10.0,3.54,10.0,1.0,0.4,0.7,-11.61,-6.7,3.42,-4.66,10.0,7.78,10.0,1.0,0.4,0.7,1001.85,1009.0,1016.0,1008.51,11.0,7.0,10.0,0.9,0.4,0.7,1.0,4.0,6.4,4.1,11.0,2.5,10.0,0.9,0.4,0.7,-0.4,0.0,56.4,21.6,10.0,45.0,10.0,1.0,0.4,0.7,-154.5,-44.9,31.8,-56.7,10.0,100.8,10.0,1.0,0.4,0.7,-3.29,-0.5,1.0,-1.17,10.0,2.12,8.0,0.9,0.5,0.7,-31.7,-4.6,6.8,-11.8,9.0,21.3,10.0,1.0,0.5,0.7,-1.05,0.6,4.72,1.65,10.0,3.05,8.0,0.9,0.5,0.7,-8.0,5.7,44.9,14.5,9.0,29.4,10.0,1.0,0.5,0.7,0.0,0.0,111.0,41.6,9.0,68.6,10.0,1.0,0.5,0.7,-250.8,-148.7,74.2,-104.0,9.0,153.2,10.0,1.0,0.5,0.7,0.0,0.0,46.5,21.4,9.0,40.3,10.0,1.0,0.5,0.7,-161.7,-91.6,30.9,-73.7,9.0,87.4,10.0,1.0,0.5,0.7,-0.7,0.0,26.3,7.5,9.0,17.6,10.0,1.0,0.5,0.7,-6.8,0.0,29.4,9.5,9.0,25.1,10.0,1.0,0.5,0.7,129.5,804.5,2432.5,1112.5,10.0,1377.5,10.0,1.0,0.4,0.7,130.0,805.0,2435.0,1110.0,10.0,1375.0,10.0,1.0,0.4,0.7
1974,2,300.0,-40.0,17.21,18.0,19.0,18.0,10.0,0.97,18.0,0.6,0.6,0.3,15.0,17.25,20.57,17.75,10.0,2.58,18.0,0.6,0.6,0.3,8.02,9.89,12.79,10.08,10.0,2.41,18.0,0.6,0.6,0.3,69.2,81.2,86.0,78.8,10.0,9.9,18.0,0.6,0.3,4.1,4.1,6.7,5.25,10.0,2.01,18.0,0.6,0.6,0.3,-4.46,-2.57,2.65,-1.29,10.0,4.18,18.0,0.6,0.6,0.3,-3.59,-0.84,3.96,-0.03,10.0,3.92,18.0,0.6,0.6,0.3,1012.0,1015.4,1021.49,1016.03,10.0,6.1,18.0,0.6,0.6,0.3,0.4,4.0,6.6,3.7,10.0,2.8,18.0,0.6,0.6,0.3,-29.3,-9.3,10.9,-5.1,10.0,30.4,18.0,0.6,0.6,0.3,-21.1,-2.2,16.2,1.2,10.0,26.6,18.0,0.6,0.6,0.3,-3.0,1.0,3.29,0.25,10.0,3.28,18.0,0.6,0.6,0.3,-16.8,3.5,14.8,1.7,10.0,20.5,18.0,0.6,0.6,0.3,-0.38,2.9,5.6,2.72,10.0,2.98,18.0,0.6,0.6,0.3,-1.8,9.4,31.7,15.9,10.0,23.0,18.0,0.6,0.6,0.3,-89.1,-47.9,46.8,-27.9,10.0,71.1,18.0,0.6,0.6,0.3,-72.9,-12.5,62.3,-8.1,10.0,69.6,18.0,0.6,0.6,0.3,-47.6,-29.9,26.0,-17.9,10.0,37.5,18.0,0.6,0.6,0.3,-43.9,-8.2,33.0,-8.2,10.0,38.7,18.0,0.6,0.6,0.3,-7.0,1.4,7.4,2.2,10.0,21.9,18.0,0.6,0.6,0.3,0.0,2.3,19.1,9.4,10.0,14.9,18.0,0.6,0.6,0.3,69.0,69.0,301.0,207.0,10.0,239.0,18.0,0.6,0.6,0.3,70.0,70.0,300.0,205.0,10.0,240.0,18.0,0.6,0.6,0.3
1974,2,300.0,9.0,25.49,26.1,26.71,26.1,2.0,1.27,16.0,1.0,0.5,0.3,25.98,27.0,27.68,26.83,3.0,1.26,14.0,0.7,0.5,0.3,16.13,17.12,17.69,16.92,3.0,1.16,14.0,0.7,0.5,0.3,71.2,72.5,83.2,77.1,3.0,9.7,14.0,0.7,0.3,4.61,5.7,7.07,5.83,3.0,1.8,14.0,0.7,0.5,0.3,-5.85,-4.1,-3.8,-4.81,3.0,1.62,14.0,0.7,0.5,0.3,-4.2,-3.85,-1.22,-2.74,3.0,2.39,14.0,0.7,0.5,0.3,1011.24,1012.2,1012.81,1012.03,3.0,1.16,14.0,0.7,0.5,0.3,1.3,2.0,3.4,2.3,3.0,1.5,14.0,0.7,0.5,0.3,-41.7,-20.9,-18.1,-29.7,3.0,18.9,14.0,0.7,0.5,0.3,-28.1,-24.9,-7.9,-18.2,3.0,15.9,14.0,0.7,0.5,0.3,-1.67,-1.4,-1.13,-1.4,2.0,0.57,16.0,1.0,0.5,0.3,-12.6,-9.8,-7.0,-9.8,2.0,5.8,16.0,1.0,0.5,0.3,4.48,4.78,5.08,4.78,2.0,0.62,16.0,1.0,0.5,0.3,30.4,31.6,32.9,31.6,2.0,2.6,16.0,1.0,0.5,0.3,-156.1,-104.5,-103.2,-129.1,3.0,44.2,14.0,0.7,0.5,0.3,-116.4,-103.9,-33.0,-75.4,3.0,65.9,14.0,0.7,0.5,0.3,-94.7,-73.6,-66.2,-80.3,3.0,21.7,14.0,0.7,0.5,0.3,-70.2,-60.3,-19.1,-45.0,3.0,39.7,14.0,0.7,0.5,0.3,-27.4,-24.1,-20.7,-24.1,2.0,6.9,16.0,1.0,0.5,0.3,-21.8,-19.8,-17.7,-19.8,2.0,4.3,16.0,1.0,0.5,0.3,106.0,185.0,370.5,237.0,3.0,199.0,14.0,0.7,0.5,0.3,105.0,185.0,370.0,235.0,3.0,200.0,14.0,0.7,0.5,0.3
1974,2,300.0,10.0,25.88,26.9,28.25,26.91,16.0,1.11,14.0,0.6,0.4,0.5,25.0,25.7,26.55,25.78,13.0,0.86,16.0,0.5,0.5,0.4,15.7,16.8,17.55,16.71,11.0,1.04,16.0,0.5,0.5,0.4,75.6,79.5,85.3,80.5,11.0,4.9,16.0,0.5,0.4,4.48,9.3,10.3,8.18,16.0,2.94,14.0,0.6,0.4,0.5,-10.03,-7.8,-4.44,-7.52,16.0,2.77,14.0,0.6,0.4,0.5,-4.75,-2.46,0.0,-2.46,16.0,2.37,14.0,0.6,0.4,0.5,1011.2,1012.35,1015.56,1012.97,16.0,2.44,14.0,0.6,0.4,0.5,1.4,4.0,6.0,4.0,16.0,2.2,14.0,0.6,0.4,0.5,-102.7,-73.8,-20.2,-68.9,16.0,41.1,14.0,0.6,0.4,0.5,-48.0,-20.7,0.0,-24.0,16.0,22.5,14.0,0.6,0.4,0.5,0.0,0.5,2.35,1.02,13.0,1.28,16.0,0.5,0.5,0.4,0.0,4.1,21.3,9.0,13.0,11.7,16.0,0.5,0.5,0.4,4.55,5.75,6.86,5.51,11.0,1.77,16.0,0.5,0.5,0.4,16.9,47.9,68.0,45.1,11.0,23.5,16.0,0.5,0.5,0.4,-249.1,-192.6,-137.3,-193.0,13.0,66.3,16.0,0.5,0.5,0.4,-132.7,-70.1,0.0,-68.4,13.0,64.2,16.0,0.5,0.5,0.4,-172.5,-109.7,-81.8,-123.4,11.0,49.1,16.0,0.5,0.5,0.4,-88.8,-36.6,0.0,-42.9,11.0,44.2,16.0,0.5,0.5,0.4,-64.5,-41.2,-15.9,-40.3,11.0,20.6,16.0,0.5,0.5,0.4,-30.5,-12.0,0.0,-15.1,11.0,17.9,16.0,0.5,0.5,0.4,93.0,804.5,1092.5,731.5,16.0,532.5,14.0,0.6,0.4,0.5,95.0,805.0,1095.0,730.0,16.0,530.0,14.0,0.6,0.4,0.5
1974,2,300.0,11.0,25.92,26.4,27.88,26.69,11.0,0.91,14.0,0.5,0.6,0.4,24.15,25.6,26.24,25.28,11.0,1.0,14.0,0.5,0.6,0.4,15.05,15.48,17.16,16.02,11.0,1.06,14.0,0.5,0.6,0.4,73.6,81.3,85.0,79.9,11.0,5.9,14.0,0.5,0.4,6.33,8.2,10.3,8.23,11.0,2.04,14.0,0.5,0.6,0.4,-9.68,-7.71,-5.14,-7.56,11.0,2.03,14.0,0.5,0.6,0.4,-3.76,-2.8,0.74,-1.76,11.0,2.86,14.0,0.5,0.6,0.4,1011.64,1012.6,1014.37,1012.91,11.0,2.62,14.0,0.5,0.6,0.4,3.0,4.0,7.1,4.4,10.0,2.3,16.0,0.6,0.5,0.5,-99.7,-63.2,-32.6,-65.8,11.0,30.3,14.0,0.5,0.6,0.4,-36.3,-23.0,7.6,-16.1,11.0,25.1,14.0,0.5,0.6,0.4,-0.08,0.7,3.0,1.41,11.0,1.67,14.0,0.5,0.6,0.4,-0.7,6.9,25.8,11.8,11.0,13.0,14.0,0.5,0.6,0.4,4.05,6.11,7.13,5.9,11.0,1.62,14.0,0.5,0.6,0.4,29.9,50.6,66.5,49.5,11.0,18.6,14.0,0.5,0.6,0.4,-241.0,-198.0,-124.3,-191.2,11.0,52.0,14.0,0.5,0.6,0.4,-97.5,-72.1,18.5,-46.3,11.0,71.3,14.0,0.5,0.6,0.4,-150.2,-116.1,-81.3,-120.4,11.0,31.1,14.0,0.5,0.6,0.4,-57.3,-45.2,11.4,-29.0,11.0,45.3,14.0,0.5,0.6,0.4,-62.4,-47.0,-26.9,-45.5,11.0,17.9,14.0,0.5,0.6,0.4,-22.7,-17.1,5.2,-8.2,11.0,19.3,14.0,0.5,0.6,0.4,274.0,551.5,1092.5,645.5,11.0,380.0,14.0,0.5,0.6,0.4,275.0,550.0,1095.0,645.0,11.0,380.0,14.0,0.5,0.6,0.4
1974,2,300.0,12.0,25.77,26.05,26.94,26.34,10.0,0.97,12.0,0.6,0.6,0.6,25.17,25.6,26.4,25.73,12.0,1.26,10.0,0.5,0.6,0.6,15.24,15.99,16.58,16.1,8.0,1.04,10.0,0.5,0.5,0.6,74.4,78.3,88.3,79.7,8.0,7.4,10.0,0.5,0.6,6.57,9.0,10.08,8.58,12.0,1.67,10.0,0.5,0.6,0.6,-9.92,-7.09,-6.2,-7.73,12.0,1.73,10.0,0.5,0.6,0.6,-5.77,-2.01,0.0,-2.64,12.0,2.72,10.0,0.5,0.6,0.6,1011.97,1014.05,1015.98,1013.96,12.0,1.99,10.0,0.5,0.6,0.6,1.0,2.0,4.0,2.8,11.0,2.0,12.0,0.5,0.6,0.6,-100.0,-60.5,-41.2,-68.4,12.0,26.9,10.0,0.5,0.6,0.6,-52.0,-17.0,0.0,-23.7,12.0,25.9,10.0,0.5,0.6,0.6,0.0,0.6,1.76,0.61,10.0,1.45,12.0,0.6,0.6,0.6,0.0,4.1,17.5,6.1,10.0,13.7,12.0,0.6,0.6,0.6,3.89,5.31,5.44,4.86,7.0,1.0,10.0,0.6,0.5,0.6,24.2,40.3,52.0,39.4,7.0,13.1,10.0,0.6,0.5,0.6,-249.8,-181.5,-157.9,-198.3,12.0,42.5,10.0,0.5,0.6,0.6,-146.3,-53.7,0.0,-68.6,12.0,68.9,10.0,0.5,0.6,0.6,-143.8,-109.0,-97.8,-116.8,8.0,25.9,10.0,0.5,0.5,0.6,-99.0,-31.9,0.0,-38.6,8.0,49.2,10.0,0.5,0.5,0.6,-50.0,-37.8,-24.1,-36.6,7.0,12.0,10.0,0.6,0.5,0.6,-14.7,-9.0,0.4,-8.5,7.0,13.7,10.0,0.6,0.5,0.6,285.0,731.5,1023.5,696.5,12.0,358.5,10.0,0.5,0.6,0.6,285.0,730.0,1025.0,695.0,12.0,360.0,10.0,0.5,0.6,0.6
1974,2,300.0,13.0,26.0,26.0,27.64,26.33,8.0,1.14,16.0,1.0,0.4,0.2,25.29,26.15,28.07,26.36,8.0,1.58,16.0,1.0,0.4,0.2,14.68,15.51,16.39,15.56,6.0,0.93,14.0,1.0,0.5,0.1,64.3,69.5,77.6,70.5,6.0,6.6,14.0,1.0,0.1,9.3,10.3,11.98,10.21,8.0,1.81,16.0,1.0,0.4,0.2,-9.19,-8.31,-7.21,-8.36,8.0,1.2,16.0,1.0,0.4,0.2,-7.59,-6.3,-3.48,-5.61,8.0,2.29,16.0,1.0,0.4,0.2,1013.0,1013.85,1016.69,1014.34,8.0,2.04,16.0,1.0,0.4,0.2,2.2,4.5,6.0,4.4,8.0,2.1,16.0,1.0,0.4,0.2,-110.3,-81.3,-67.9,-86.9,8.0,25.6,16.0,1.0,0.4,0.2,-90.0,-68.2,-32.5,-60.5,8.0,29.3,16.0,1.0,0.4,0.2,-1.0,0.15,1.69,-0.04,8.0,1.87,16.0,1.0,0.4,0.2,-10.3,1.4,17.5,0.6,8.0,18.8,16.0,1.0,0.4,0.2,5.01,6.37,6.97,6.04,6.0,1.19,14.0,1.0,0.5,0.1,42.1,59.9,74.3,58.4,6.0,16.9,14.0,1.0,0.5,0.1,-245.6,-224.3,-188.2,-219.9,8.0,31.4,16.0,1.0,0.4,0.2,-190.6,-164.7,-97.2,-146.9,8.0,57.8,16.0,1.0,0.4,0.2,-136.0,-128.8,-111.9,-125.4,6.0,18.2,14.0,1.0,0.5,0.1,-107.3,-92.1,-41.3,-77.7,6.0,37.4,14.0,1.0,0.5,0.1,-59.1,-48.5,-37.0,-48.6,6.0,11.7,14.0,1.0,0.5,0.1,-46.2,-34.2,-11.8,-30.5,6.0,16.9,14.0,1.0,0.5,0.1,804.5,1092.5,1718.5,1149.0,8.0,518.0,16.0,1.0,0.4,0.2,805.0,1095.0,1720.0,1150.0,8.0,520.0,16.0,1.0,0.4,0.2
1974,2,300.0,14.0,25.57,26.0,27.11,26.24,5.0,0.92,6.0,0.6,0.6,0.4,25.32,26.0,27.06,26.28,5.0,1.52,6.0,0.6,0.6,0.4,16.03,16.18,16.49,16.23,5.0,0.3,6.0,0.6,0.6,0.4,72.2,77.2,82.1,76.6,5.0,7.8,6.0,0.6,0.4,5.7,7.7,9.92,8.04,5.0,2.95,6.0,0.6,0.6,0.4,-9.55,-7.24,-5.7,-7.77,5.0,2.64,6.0,0.6,0.6,0.4,-3.28,-1.42,0.0,-1.69,5.0,1.88,6.0,0.6,0.6,0.4,1012.09,1013.0,1013.77,1013.0,5.0,1.06,6.0,0.6,0.6,0.4,3.0,3.0,3.4,3.2,5.0,0.4,6.0,0.6,0.6,0.4,-99.1,-55.7,-32.5,-68.7,5.0,51.2,6.0,0.6,0.6,0.4,-33.7,-11.7,0.0,-17.8,5.0,23.5,6.0,0.6,0.6,0.4,-1.22,0.0,0.98,-0.04,5.0,1.39,6.0,0.6,0.6,0.4,-11.2,0.0,7.9,-1.4,5.0,13.5,6.0,0.6,0.6,0.4,4.12,4.84,6.16,5.1,5.0,1.27,6.0,0.6,0.6,0.4,25.1,34.0,62.4,43.7,5.0,27.3,6.0,0.6,0.6,0.4,-256.1,-184.5,-148.2,-206.6,5.0,83.6,6.0,0.6,0.6,0.4,-89.2,-35.6,0.0,-46.1,5.0,53.5,6.0,0.6,0.6,0.4,-154.6,-119.1,-92.2,-125.7,5.0,40.7,6.0,0.6,0.6,0.4,-52.9,-23.6,0.0,-27.3,5.0,29.8,6.0,0.6,0.6,0.4,-60.0,-31.9,-25.1,-42.1,5.0,25.2,6.0,0.6,0.6,0.4,-18.5,-8.1,0.0,-10.1,5.0,12.5,6.0,0.6,0.6,0.4,185.0,456.5,1134.0,705.0,5.0,822.0,6.0,0.6,0.6,0.4,185.0,455.0,1135.0,705.0,5.0,820.0,6.0,0.6,0.6,0.4
1974,2,300.0,15.0,25.5,26.0,26.2,25.86,7.0,0.36,12.0,0.6,0.7,0.3,25.0,25.7,26.05,25.73,7.0,0.72,12.0,0.6,0.7,0.3,15.67,16.47,16.77,16.4,6.0,0.82,12.0,0.5,0.7,0.3,74.0,81.7,84.2,79.7,6.0,5.8,12.0,0.5,0.3,4.96,6.2,7.78,6.39,7.0,1.73,12.0,0.6,0.7,0.3,-7.33,-5.61,-4.72,-6.1,7.0,1.79,12.0,0.6,0.7,0.3,-1.07,0.0,0.19,0.05,7.0,1.99,12.0,0.6,0.7,0.3,1013.17,1015.1,1016.06,1014.91,7.0,1.63,12.0,0.6,0.7,0.3,1.0,3.0,6.0,3.4,7.0,2.6,12.0,0.6,0.7,0.3,-57.2,-32.0,-24.6,-41.5,7.0,23.6,12.0,0.6,0.7,0.3,-6.3,0.0,1.2,-0.2,7.0,13.2,12.0,0.6,0.7,0.3,-0.34,0.3,0.71,0.13,7.0,0.71,12.0,0.6,0.7,0.3,-2.1,1.9,3.7,1.1,7.0,4.1,12.0,0.6,0.7,0.3,3.74,4.17,5.06,4.32,6.0,0.69,12.0,0.5,0.7,0.3,21.8,23.9,36.6,28.6,6.0,10.0,12.0,0.5,0.7,0.3,-183.7,-140.3,-122.9,-156.5,7.0,44.8,12.0,0.6,0.7,0.3,-26.7,0.0,5.0,1.9,7.0,51.1,12.0,0.6,0.7,0.3,-124.4,-101.4,-80.4,-102.5,6.0,28.0,12.0,0.5,0.7,0.3,-21.9,0.0,14.6,1.9,6.0,37.9,12.0,0.5,0.7,0.3,-35.0,-23.7,-20.5,-27.4,6.0,10.7,12.0,0.5,0.7,0.3,-5.5,0.0,2.9,-0.2,6.0,8.4,12.0,0.5,0.7,0.3,122.5,238.5,473.0,311.5,7.0,251.5,12.0,0.6,0.7,0.3,120.0,240.0,475.0,310.0,7.0,250.0,12.0,0.6,0.7,0.3
1974,2,300.0,16.0,24.88,26.0,27.08,25.99,11.0,1.05,14.0,0.5,0.6,0.5,24.74,25.05,25.41,25.08,10.0,0.55,14.0,0.4,0.5,0.5,13.91,15.3,16.04,15.03,10.0,1.07,14.0,0.4,0.5,0.5,70.7,76.5,78.8,76.0,10.0,4.5,14.0,0.4,0.5,3.89,7.7,8.65,6.87,11.0,2.49,14.0,0.5,0.6,0.5,-8.31,-7.24,-3.17,-6.59,11.0,2.6,14.0,0.5,0.6,0.5,-1.72,0.0,1.87,0.12,11.0,1.9,14.0,0.5,0.6,0.5,1014.0,1016.0,1018.0,1015.72,11.0,2.13,14.0,0.5,0.6,0.5,2.0,3.0,3.8,3.2,11.0,1.8,14.0,0.5,0.6,0.5,-72.3,-55.7,-12.0,-51.1,11.0,32.6,14.0,0.5,0.6,0.5,-17.2,0.0,11.4,-1.3,11.0,14.2,14.0,0.5,0.6,0.5,0.21,1.15,1.96,1.01,10.0,0.91,14.0,0.4,0.5,0.5,1.4,6.1,16.7,7.4,10.0,8.0,14.0,0.4,0.5,0.5,4.93,5.8,7.31,6.07,10.0,1.39,14.0,0.4,0.5,0.5,24.6,47.5,60.9,44.6,10.0,20.5,14.0,0.4,0.5,0.5,-214.9,-186.2,-119.1,-175.2,10.0,60.0,14.0,0.4,0.5,0.5,-44.5,0.0,33.1,-4.5,10.0,42.9,14.0,0.4,0.5,0.5,-125.1,-115.1,-71.5,-104.1,10.0,33.2,14.0,0.4,0.5,0.5,-24.4,0.0,21.5,-1.7,10.0,25.8,14.0,0.4,0.5,0.5,-58.4,-45.6,-24.3,-43.5,10.0,19.8,14.0,0.4,0.5,0.5,-12.3,0.0,6.4,-2.0,10.0,11.6,14.0,0.4,0.5,0.5,59.5,456.5,656.0,435.5,11.0,362.5,14.0,0.5,0.6,0.5,60.0,455.0,655.0,435.0,11.0,360.0,14.0,0.5,0.6,0.5
1974,2,300.0,17.0,24.42,25.0,26.0,25.2,15.0,0.75,14.0,0.5,0.6,0.5,24.0,24.65,25.75,24.83,16.0,1.54,14.0,0.5,0.6,0.5,13.9,14.42,15.52,14.62,16.0,1.07,14.0,0.5,0.6,0.5,70.4,74.5,80.9,75.4,16.0,7.0,14.0,0.5,0.5,5.89,7.7,9.3,7.24,16.0,2.36,14.0,0.5,0.6,0.5,-9.09,-6.72,-5.69,-6.78,16.0,2.51,14.0,0.5,0.6,0.5,-3.1,-0.89,1.93,-0.75,16.0,2.36,14.0,0.5,0.6,0.5,1015.15,1016.8,1018.52,1016.68,16.0,2.4,14.0,0.5,0.6,0.5,2.0,2.0,5.8,3.4,15.0,2.1,14.0,0.5,0.6,0.5,-84.5,-50.6,-33.6,-54.6,16.0,31.5,14.0,0.5,0.6,0.5,-24.6,-3.1,10.3,-6.8,16.0,18.0,14.0,0.5,0.6,0.5,-0.76,0.3,1.84,0.28,15.0,1.8,14.0,0.5,0.6,0.5,-6.9,2.0,11.9,1.4,15.0,13.2,14.0,0.5,0.6,0.5,4.27,5.3,6.46,5.33,15.0,1.29,14.0,0.5,0.6,0.5,28.3,39.1,60.2,40.7,15.0,15.5,14.0,0.5,0.6,0.5,-232.5,-175.3,-129.9,-169.6,16.0,64.7,14.0,0.5,0.6,0.5,-78.5,-21.6,46.6,-17.8,16.0,59.8,14.0,0.5,0.6,0.5,-135.4,-103.6,-80.0,-99.0,16.0,36.1,14.0,0.5,0.6,0.5,-45.7,-11.9,30.6,-10.3,16.0,35.0,14.0,0.5,0.6,0.5,-50.0,-36.8,-26.1,-38.1,15.0,15.1,14.0,0.5,0.6,0.5,-14.9,-11.0,6.9,-6.3,15.0,13.5,14.0,0.5,0.6,0.5,205.5,456.5,804.5,486.5,16.0,360.5,14.0,0.5,0.6,0.5,205.0,455.0,805.0,485.0,16.0,360.0,14.0,0.5,0.6,0.5
1974,2,300.0,18.0,24.0,24.2,24.94,24.44,8.0,0.59,12.0,0.4,0.5,0.3,23.56,24.4,25.0,24.4,8.0,0.78,12.0,0.4,0.5,0.3,14.89,15.15,15.73,15.04,8.0,0.9,12.0,0.4,0.5,0.3,75.7,78.0,85.8,79.3,8.0,5.8,12.0,0.4,0.3,4.16,4.85,7.53,6.1,8.0,3.04,12.0,0.4,0.5,0.3,-6.17,-4.82,-4.15,-5.73,8.0,2.74,12.0,0.4,0.5,0.3,-0.71,0.0,4.06,1.12,8.0,2.29,12.0,0.4,0.5,0.3,1013.5,1014.4,1018.63,1015.35,8.0,2.49,12.0,0.4,0.5,0.3,3.0,3.5,5.9,4.0,8.0,1.9,12.0,0.4,0.5,0.3,-44.6,-23.4,-17.3,-42.1,8.0,47.5,12.0,0.4,0.5,0.3,-3.3,0.0,34.4,11.5,8.0,22.9,12.0,0.4,0.5,0.3,-0.78,0.0,1.04,0.04,8.0,1.0,12.0,0.4,0.5,0.3,-4.5,0.0,4.9,-1.6,8.0,8.1,12.0,0.4,0.5,0.3,3.33,3.8,5.34,4.04,8.0,0.99,12.0,0.4,0.5,0.3,14.3,22.6,34.1,23.8,8.0,9.6,12.0,0.4,0.5,0.3,-154.2,-115.6,-102.2,-141.2,8.0,72.2,12.0,0.4,0.5,0.3,-16.6,0.0,103.2,28.4,8.0,57.4,12.0,0.4,0.5,0.3,-91.8,-69.2,-62.7,-86.6,8.0,44.2,12.0,0.4,0.5,0.3,-10.7,0.0,64.0,17.4,8.0,35.2,12.0,0.4,0.5,0.3,-33.7,-20.1,-13.8,-22.5,8.0,9.0,12.0,0.4,0.5,0.3,-2.5,0.0,11.7,3.9,8.0,8.1,12.0,0.4,0.5,0.3,72.0,115.0,432.5,410.5,8.0,714.0,12.0,0.4,0.5,0.3,70.0,115.0,430.0,410.0,8.0,715.0,12.0,0.4,0.5,0.3
1974,2,300.0,19.0,24.89,25.0,25.68,25.24,5.0,0.51,12.0,0.6,0.7,0.5,24.0,24.25,25.59,24.8,8.0,1.13,16.0,0.6,0.7,0.4,13.28,14.74,15.65,14.34,8.0,1.56,16.0,0.6,0.7,0.4,67.6,74.1,81.8,73.9,8.0,8.0,16.0,0.6,0.4,6.2,8.0,12.02,8.43,8.0,2.93,16.0,0.6,0.7,0.4,-11.25,-7.59,-4.87,-7.66,8.0,3.24,16.0,0.6,0.7,0.4,-4.09,0.0,3.37,-0.33,8.0,3.46,16.0,0.6,0.7,0.4,1014.63,1017.6,1020.07,1017.35,8.0,2.8,16.0,0.6,0.7,0.4,3.1,5.5,6.9,4.9,8.0,2.1,16.0,0.6,0.7,0.4,-135.6,-63.1,-30.2,-72.7,8.0,51.6,16.0,0.6,0.7,0.4,-46.0,0.0,15.9,-9.4,8.0,29.8,16.0,0.6,0.7,0.4,-0.75,0.9,1.0,0.26,5.0,0.98,12.0,0.6,0.7,0.5,-4.8,4.6,10.1,3.1,5.0,8.1,12.0,0.6,0.7,0.5,4.23,5.31,6.37,5.35,5.0,1.21,12.0,0.6,0.7,0.5,29.5,37.2,58.3,44.0,5.0,25.2,12.0,0.6,0.7,0.5,-269.9,-191.4,-124.2,-189.1,8.0,76.7,16.0,0.6,0.7,0.4,-98.2,0.0,81.2,-6.7,8.0,84.3,16.0,0.6,0.7,0.4,-130.1,-115.4,-75.5,-106.6,8.0,37.6,16.0,0.6,0.7,0.4,-47.3,0.0,52.2,-2.5,8.0,50.1,16.0,0.6,0.7,0.4,-54.7,-35.6,-26.6,-41.1,5.0,27.3,12.0,0.6,0.7,0.5,-7.7,0.0,13.3,1.2,5.0,14.2,12.0,0.6,0.7,0.5,238.5,552.5,1759.0,793.0,8.0,721.5,16.0,0.6,0.7,0.4,240.0,555.0,1760.0,795.0,8.0,720.0,16.0,0.6,0.7,0.4
1974,2,300.0,20.0,23.9,24.0,24.44,23.98,13.0,0.79,16.0,0.6,0.6,0.5,23.0,23.95,25.25,24.17,16.0,1.31,14.0,0.5,0.6,0.6,12.53,13.61,14.8,14.05,13.0,1.86,16.0,0.5,0.6,0.6,70.4,75.9,79.4,76.2,13.0,7.1,16.0,0.5,0.6,5.1,6.85,9.3,7.15,16.0,1.99,16.0,0.6,0.6,0.6,-9.07,-6.5,-4.56,-6.21,16.0,3.03,16.0,0.6,0.6,0.6,-3.21,-0.44,1.46,-1.01,16.0,2.67,16.0,0.6,0.6,0.6,1015.54,1017.6,1019.88,1017.64,17.0,2.22,16.0,0.5,0.6,0.6,0.5,3.0,5.5,3.1,17.0,2.1,16.0,0.5,0.6,0.6,-85.2,-46.6,-23.3,-49.1,16.0,31.1,16.0,0.6,0.6,0.6,-18.3,-2.3,11.2,-8.8,16.0,21.2,16.0,0.6,0.6,0.6,-2.25,-0.35,0.81,-0.48,12.0,1.69,16.0,0.6,0.6,0.5,-12.6,-1.3,5.8,-3.1,11.0,12.5,16.0,0.6,0.7,0.5,3.51,4.53,6.45,4.28,10.0,2.73,18.0,0.5,0.7,0.5,27.3,35.2,41.2,32.6,9.0,18.2,16.0,0.6,0.7,0.6,-207.4,-157.4,-106.4,-143.4,15.0,74.2,14.0,0.5,0.6,0.6,-74.6,-20.4,40.3,-25.2,15.0,65.5,14.0,0.5,0.6,0.6,-118.0,-87.0,-54.7,-78.4,12.0,48.4,16.0,0.5,0.6,0.6,-50.5,-11.7,20.8,-15.5,12.0,42.2,16.0,0.5,0.6,0.6,-37.0,-32.6,-25.8,-31.9,9.0,13.3,16.0,0.6,0.7,0.6,-11.9,0.0,4.4,-4.0,9.0,13.8,16.0,0.6,0.7,0.6,132.5,322.0,804.5,447.0,16.0,343.5,16.0,0.6,0.6,0.6,135.0,320.0,805.0,445.0,16.0,345.0,16.0,0.6,0.6,0.6
1974,2,300.0,21.0,23.22,24.0,24.96,24.13,12.0,1.12,12.0,0.6,0.6,0.2,22.15,23.4,24.55,23.48,12.0,1.64,12.0,0.6,0.6,0.2,11.56,12.71,14.9,13.03,9.0,1.95,12.0,0.6,0.5,0.3,66.8,73.5,80.9,73.9,9.0,9.0,12.0,0.6,0.3,3.85,6.1,8.2,6.03,12.0,2.33,12.0,0.6,0.6,0.2,-7.8,-5.26,-2.66,-5.08,12.0,3.21,12.0,0.6,0.6,0.2,-2.61,-1.25,0.93,-0.67,12.0,2.46,12.0,0.6,0.6,0.2,1015.95,1017.25,1019.22,1017.78,12.0,2.49,12.0,0.6,0.6,0.2,2.0,2.5,4.5,3.1,12.0,1.6,12.0,0.6,0.6,0.2,-64.0,-30.2,-7.9,-35.5,12.0,32.0,12.0,0.6,0.6,0.2,-15.5,-8.1,3.4,-6.3,12.0,16.9,12.0,0.6,0.6,0.2,-0.73,0.5,2.21,0.65,12.0,1.92,12.0,0.6,0.6,0.2,-5.1,1.3,12.1,2.0,12.0,9.5,12.0,0.6,0.6,0.2,4.01,5.89,6.53,5.46,9.0,1.38,12.0,0.6,0.5,0.3,23.6,33.3,50.1,35.0,9.0,14.7,12.0,0.6,0.5,0.3,-188.7,-121.7,-60.0,-118.1,12.0,78.7,12.0,0.6,0.6,0.2,-56.4,-29.0,21.4,-13.8,12.0,62.2,12.0,0.6,0.6,0.2,-114.6,-86.5,-45.2,-82.0,9.0,34.0,12.0,0.6,0.5,0.3,-30.7,-23.2,-15.0,-22.3,9.0,12.4,12.0,0.6,0.5,0.3,-47.5,-28.8,-23.2,-33.1,9.0,13.8,12.0,0.6,0.5,0.3,-17.8,-7.1,-4.1,-10.2,9.0,7.4,12.0,0.6,0.5,0.3,59.0,227.0,551.5,310.5,12.0,313.0,12.0,0.6,0.6,0.2,60.0,225.0,550.0,310.0,12.0,315.0,12.0,0.6,0.6,0.2
1974,2,300.0,22.0,23.96,24.3,25.77,24.62,11.0,0.97,18.0,0.6,0.4,0.4,22.92,24.0,24.59,23.89,11.0,1.02,18.0,0.6,0.4,0.4,11.27,13.04,15.32,13.19,8.0,1.94,18.0,0.6,0.3,0.4,61.9,76.2,80.4,72.4,9.0,10.0,18.0,0.6,0.4,5.57,7.45,8.2,7.14,10.0,2.1,18.0,0.7,0.4,0.4,-8.15,-6.47,-1.61,-5.65,10.0,3.79,18.0,0.7,0.4,0.4,-3.69,0.0,2.28,-0.36,10.0,3.32,18.0,0.7,0.4,0.4,1018.24,1020.85,1021.71,1020.22,10.0,2.12,18.0,0.7,0.4,0.4,1.0,3.0,4.8,2.9,11.0,2.1,18.0,0.6,0.4,0.4,-66.8,-44.9,-14.3,-46.8,10.0,34.7,18.0,0.7,0.4,0.4,-34.8,0.0,11.4,-6.2,10.0,23.8,18.0,0.7,0.4,0.4,-0.24,0.6,1.5,0.73,11.0,1.18,18.0,0.6,0.4,0.4,-1.9,1.1,7.4,3.2,10.0,6.0,18.0,0.7,0.4,0.4,3.26,5.73,7.55,5.72,8.0,2.15,18.0,0.6,0.3,0.4,22.4,33.3,57.4,37.5,8.0,18.0,18.0,0.6,0.3,0.4,-193.8,-154.4,-36.2,-136.3,10.0,93.5,18.0,0.7,0.4,0.4,-93.4,0.0,55.2,-8.9,10.0,79.6,18.0,0.7,0.4,0.4,-95.7,-71.9,4.5,-61.6,8.0,51.2,18.0,0.6,0.3,0.4,-50.7,0.0,39.0,-1.2,8.0,46.7,18.0,0.6,0.3,0.4,-53.8,-31.4,1.3,-28.3,8.0,24.1,18.0,0.6,0.3,0.4,-11.1,0.0,14.8,-2.3,8.0,20.8,18.0,0.6,0.3,0.4,178.0,415.0,551.5,447.5,10.0,357.5,18.0,0.7,0.4,0.4,180.0,415.0,550.0,450.0,10.0,360.0,18.0,0.7,0.4,0.4
1974,2,300.0,23.0,22.48,23.5,25.0,23.65,25.0,1.06,16.0,0.4,0.5,0.5,22.0,22.7,23.54,22.65,28.0,1.05,18.0,0.4,0.5,0.4,11.84,13.43,14.77,13.28,25.0,1.68,18.0,0.4,0.5,0.4,68.7,79.3,85.4,78.1,25.0,10.2,18.0,0.4,0.4,3.03,5.05,8.77,6.03,28.0,3.21,18.0,0.4,0.5,0.4,-7.88,-4.32,-2.07,-4.76,28.0,3.53,18.0,0.4,0.5,0.4,-3.64,0.0,1.64,-0.76,28.0,3.37,18.0,0.4,0.5,0.4,1016.11,1019.8,1023.0,1019.61,28.0,3.42,18.0,0.4,0.5,0.4,2.0,3.0,7.0,3.9,28.0,2.3,18.0,0.4,0.5,0.4,-72.7,-20.4,-6.7,-38.0,28.0,46.4,18.0,0.4,0.5,0.4,-39.1,0.0,7.6,-11.0,28.0,30.0,18.0,0.4,0.5,0.4,-0.28,0.8,3.0,1.01,25.0,1.52,16.0,0.4,0.5,0.5,-2.4,3.0,25.9,8.2,25.0,13.2,16.0,0.4,0.5,0.5,3.05,5.08,6.35,4.87,23.0,1.7,18.0,0.4,0.5,0.5,14.1,25.3,52.6,30.1,23.0,19.3,18.0,0.4,0.5,0.5,-181.0,-99.4,-45.6,-107.9,28.0,78.8,18.0,0.4,0.5,0.4,-81.4,0.0,36.6,-15.1,28.0,72.9,18.0,0.4,0.5,0.4,-93.9,-54.9,-25.3,-60.8,25.0,49.1,18.0,0.4,0.5,0.4,-56.5,5.8,24.5,-9.1,25.0,47.8,18.0,0.4,0.5,0.4,-37.9,-21.0,-10.3,-25.0,23.0,18.7,18.0,0.4,0.5,0.5,-20.2,0.0,8.4,-4.2,23.0,17.4,18.0,0.4,0.5,0.5,28.0,129.0,678.5,429.0,28.0,667.5,18.0,0.4,0.5,0.4,30.0,130.0,680.0,430.0,28.0,665.0,18.0,0.4,0.5,0.4
1974,2,300.0,24.0,22.63,24.0,25.37,23.99,9.0,1.35,14.0,0.6,0.5,0.5,21.33,22.8,24.57,22.97,10.0,1.64,14.0,0.5,0.5,0.4,11.5,12.18,12.62,12.07,4.0,0.69,20.0,0.3,0.7,0.4,71.8,75.8,78.6,75.2,4.0,4.9,20.0,0.3,0.4,3.31,5.0,7.4,5.71,10.0,2.8,14.0,0.5,0.5,0.4,-6.95,-3.53,-2.33,-4.64,10.0,2.8,14.0,0.5,0.5,0.4,-4.56,-1.0,2.08,-1.15,10.0,3.29,14.0,0.5,0.5,0.4,1018.99,1021.3,1023.4,1021.25,10.0,2.62,14.0,0.5,0.5,0.4,1.0,1.0,6.3,2.7,10.0,3.0,14.0,0.5,0.5,0.4,-51.6,-15.6,-8.6,-32.8,10.0,36.7,14.0,0.5,0.5,0.4,-32.8,-3.1,6.7,-12.9,10.0,26.4,14.0,0.5,0.5,0.4,-0.81,1.5,2.62,0.96,9.0,1.76,14.0,0.6,0.5,0.5,-4.7,7.2,17.9,6.8,9.0,14.8,14.0,0.6,0.5,0.5,4.97,5.65,6.22,5.59,3.0,0.92,18.0,0.3,0.7,0.6,21.8,31.1,44.0,32.9,3.0,16.3,18.0,0.3,0.7,0.6,-156.0,-80.6,-50.5,-105.4,10.0,59.9,14.0,0.5,0.5,0.4,-96.6,-21.9,48.3,-22.9,10.0,73.3,14.0,0.5,0.5,0.4,-63.5,-34.1,-27.8,-45.1,4.0,27.6,20.0,0.3,0.7,0.4,-56.8,-26.7,1.2,-27.8,4.0,42.0,20.0,0.3,0.7,0.4,-36.3,-13.4,-11.5,-23.7,3.0,20.2,18.0,0.3,0.7,0.6,-25.4,-17.1,-13.1,-19.2,3.0,9.2,18.0,0.3,0.7,0.6,37.0,140.0,408.0,327.5,10.0,515.0,14.0,0.5,0.5,0.4,35.0,140.0,410.0,330.0,10.0,515.0,14.0,0.5,0.5,0.4
1974,2,300.0,25.0,22.5,23.0,23.26,23.04,19.0,0.62,10.0,0.7,0.6,0.7,21.5,22.0,23.5,22.44,20.0,1.19,10.0,0.6,0.6,0.7,11.15,12.64,13.12,12.24,13.0,1.38,10.0,0.7,0.5,0.6,65.3,77.1,81.6,73.8,13.0,9.8,10.0,0.7,0.6,4.0,4.8,6.65,5.16,18.0,1.51,10.0,0.6,0.5,0.6,-5.0,-3.9,-0.98,-3.1,18.0,2.85,10.0,0.6,0.5,0.6,-0.79,1.08,3.64,0.9,18.0,3.36,10.0,0.6,0.5,0.6,1016.94,1018.9,1021.59,1019.32,18.0,2.57,10.0,0.6,0.5,0.6,1.0,5.0,7.0,4.4,20.0,2.9,10.0,0.6,0.6,0.7,-25.0,-17.8,-4.0,-16.1,18.0,17.9,10.0,0.6,0.5,0.6,-2.9,4.6,17.6,4.7,18.0,23.8,10.0,0.6,0.5,0.6,-0.59,0.6,1.91,0.56,19.0,1.27,10.0,0.7,0.6,0.7,-3.6,4.0,8.3,2.4,17.0,7.1,12.0,0.6,0.5,0.7,4.04,4.75,5.63,5.06,12.0,1.52,10.0,0.8,0.5,0.7,14.9,23.1,37.3,25.2,12.0,10.4,10.0,0.8,0.5,0.7,-109.5,-88.5,-22.0,-69.5,18.0,62.7,10.0,0.6,0.5,0.6,-17.0,25.7,85.9,22.8,18.0,77.2,10.0,0.6,0.5,0.6,-63.3,-48.2,2.8,-33.7,13.0,39.5,10.0,0.7,0.5,0.6,-6.8,0.0,24.7,9.1,13.0,40.6,10.0,0.7,0.5,0.6,-23.6,-18.0,3.2,-13.0,12.0,15.6,10.0,0.8,0.5,0.7,-4.9,1.4,11.8,2.8,12.0,19.1,10.0,0.8,0.5,0.7,64.0,111.0,304.0,173.0,18.0,163.0,10.0,0.6,0.5,0.6,65.0,110.0,305.0,175.0,18.0,165.0,10.0,0.6,0.5,0.6
1974,2,300.0,26.0,21.05,23.0,23.89,22.52,17.0,1.5,14.0,0.6,0.6,0.3,20.97,22.0,23.16,22.18,19.0,1.73,14.0,0.6,0.6,0.4,11.36,12.34,14.45,12.85,9.0,1.7,12.0,0.7,0.6,0.3,68.6,74.1,88.0,76.5,9.0,9.8,12.0,0.7,0.3,3.7,5.55,9.3,6.31,18.0,2.73,14.0,0.7,0.6,0.4,-3.65,-2.03,2.12,-0.93,18.0,3.57,14.0,0.7,0.6,0.4,-5.39,0.0,5.6,0.15,18.0,5.99,14.0,0.7,0.6,0.4,1015.03,1020.8,1026.1,1020.66,19.0,5.1,14.0,0.6,0.6,0.4,2.0,5.0,8.0,5.1,19.0,2.4,14.0,0.6,0.6,0.4,-19.3,-7.4,17.4,-5.2,18.0,27.4,14.0,0.7,0.6,0.4,-32.7,0.0,44.2,3.6,18.0,53.7,14.0,0.7,0.6,0.4,-2.05,0.6,1.78,0.27,17.0,1.8,14.0,0.6,0.6,0.3,-12.8,3.4,10.4,0.7,16.0,14.2,14.0,0.6,0.6,0.3,2.41,4.67,5.04,4.12,8.0,1.81,12.0,0.6,0.6,0.3,13.5,21.6,32.7,23.9,8.0,16.2,12.0,0.6,0.6,0.3,-79.4,-43.5,51.6,-17.3,18.0,78.4,14.0,0.7,0.6,0.4,-111.7,0.0,134.9,9.4,18.0,134.0,14.0,0.7,0.6,0.4,-40.2,-26.9,12.6,-15.3,9.0,35.4,12.0,0.7,0.6,0.3,-51.0,7.8,92.9,21.8,9.0,70.4,12.0,0.7,0.6,0.3,-12.8,-10.6,5.9,-6.2,8.0,9.7,12.0,0.6,0.6,0.3,-17.4,7.4,29.7,8.7,8.0,26.3,12.0,0.6,0.6,0.3,53.0,174.5,811.0,388.5,18.0,419.5,14.0,0.7,0.6,0.4,55.0,175.0,810.0,390.0,18.0,420.0,14.0,0.7,0.6,0.4
1974,2,300.0,27.0,21.04,22.9,23.19,22.44,14.0,0.97,14.0,0.6,0.5,0.3,20.7,21.65,23.02,21.82,18.0,1.46,14.0,0.5,0.6,0.3,9.01,11.88,13.97,11.84,10.0,2.92,14.0,0.7,0.5,0.5,60.1,70.9,87.4,71.8,10.0,14.5,14.0,0.7,0.5,2.42,5.65,10.75,6.47,18.0,4.33,14.0,0.5,0.6,0.3,-4.5,-2.35,0.0,-2.15,18.0,2.47,14.0,0.5,0.6,0.3,-4.31,0.0,7.86,0.28,18.0,7.2,14.0,0.5,0.6,0.3,1018.76,1021.3,1024.92,1021.49,18.0,3.52,14.0,0.5,0.6,0.3,0.0,2.0,6.3,2.6,18.0,2.9,14.0,0.5,0.6,0.3,-33.4,-12.8,0.0,-13.7,18.0,22.6,14.0,0.5,0.6,0.3,-31.0,0.0,64.2,-4.5,18.0,88.0,14.0,0.5,0.6,0.3,-1.06,0.3,1.94,0.31,14.0,1.86,14.0,0.6,0.5,0.3,-6.7,1.5,7.6,-0.4,14.0,16.3,14.0,0.6,0.5,0.3,1.8,4.87,8.38,4.66,9.0,3.3,14.0,0.7,0.4,0.4,8.6,21.3,65.0,36.9,9.0,39.3,14.0,0.7,0.4,0.4,-98.8,-53.4,0.0,-46.6,18.0,52.8,14.0,0.5,0.6,0.3,-89.4,0.0,180.9,12.1,18.0,161.4,14.0,0.5,0.6,0.3,-53.9,-24.0,0.0,-23.9,10.0,26.3,14.0,0.7,0.5,0.5,-47.9,11.2,130.0,30.5,10.0,87.1,14.0,0.7,0.5,0.5,-36.7,-7.3,-0.9,-17.0,9.0,17.5,14.0,0.7,0.4,0.4,-52.2,0.0,19.4,-17.1,9.0,46.0,14.0,0.7,0.4,0.4,14.5,185.5,1259.0,653.0,18.0,1042.5,14.0,0.5,0.6,0.3,15.0,185.0,1260.0,655.0,18.0,1045.0,14.0,0.5,0.6,0.3
1974,2,300.0,28.0,21.0,22.0,23.78,22.35,15.0,1.37,12.0,0.4,0.6,0.4,19.77,21.4,22.62,21.23,15.0,1.62,12.0,0.4,0.6,0.4,8.62,11.45,12.58,11.04,9.0,2.44,12.0,0.3,0.4,0.4,60.4,70.3,84.6,71.1,9.0,12.3,12.0,0.3,0.4,3.16,6.7,11.75,7.43,14.0,3.96,12.0,0.4,0.6,0.4,0.0,1.73,6.64,2.33,14.0,3.39,12.0,0.4,0.6,0.4,-5.9,2.45,9.96,2.39,14.0,7.18,12.0,0.4,0.6,0.4,1016.47,1021.0,1023.73,1020.26,15.0,3.75,12.0,0.4,0.6,0.4,0.2,3.0,6.0,3.2,15.0,2.6,12.0,0.4,0.6,0.4,0.0,5.9,44.5,21.3,14.0,34.8,12.0,0.4,0.6,0.4,-39.5,9.7,114.9,23.6,14.0,79.5,12.0,0.4,0.6,0.4,-1.0,1.2,2.96,1.13,15.0,2.41,12.0,0.4,0.6,0.4,-8.1,6.6,21.6,9.4,14.0,22.8,12.0,0.4,0.6,0.4,3.67,5.63,6.9,5.24,9.0,2.34,12.0,0.3,0.4,0.4,18.4,23.9,46.5,36.0,8.0,30.2,12.0,0.4,0.4,0.4,0.0,34.1,129.8,48.8,14.0,72.1,12.0,0.4,0.6,0.4,-116.2,53.4,232.8,58.7,14.0,150.7,12.0,0.4,0.6,0.4,-17.7,42.6,68.6,37.6,8.0,50.9,12.0,0.4,0.4,0.4,-48.5,28.8,69.6,23.5,8.0,71.4,12.0,0.4,0.4,0.4,-8.8,10.3,42.5,15.7,8.0,27.9,12.0,0.4,0.4,0.4,-38.9,7.4,16.5,-6.8,8.0,35.7,12.0,0.4,0.4,0.4,32.5,301.0,1623.5,727.0,14.0,757.5,12.0,0.4,0.6,0.4,30.0,300.0,1625.0,725.0,14.0,755.0,12.0,0.4,0.6,0.4
1974,2,300.0,29.0,20.18,21.7,22.83,21.49,13.0,1.73,12.0,0.5,0.6,0.6,18.06,19.9,22.28,20.2,14.0,2.04,12.0,0.4,0.5,0.6,7.18,11.34,12.51,10.34,8.0,2.87,10.0,0.5,0.4,0.6,54.1,72.5,89.3,72.0,8.0,16.1,10.0,0.5,0.6,4.0,7.0,10.03,7.3,13.0,3.59,12.0,0.4,0.5,0.5,-3.53,2.8,5.43,0.89,13.0,5.43,12.0,0.4,0.5,0.5,-1.36,4.5,8.18,3.66,13.0,5.07,12.0,0.4,0.5,0.5,1016.33,1021.6,1024.35,1020.43,14.0,4.21,12.0,0.4,0.5,0.6,0.7,4.0,6.0,3.8,12.0,2.5,12.0,0.5,0.5,0.5,-23.3,23.0,38.4,1.4,13.0,65.4,12.0,0.4,0.5,0.5,-7.6,31.5,82.5,39.4,13.0,54.7,12.0,0.4,0.5,0.5,-0.82,0.9,3.82,1.43,13.0,2.37,12.0,0.5,0.6,0.6,-5.5,5.3,17.0,4.3,12.0,14.3,12.0,0.4,0.5,0.6,2.62,5.39,8.29,5.44,8.0,3.16,10.0,0.5,0.4,0.6,15.5,29.2,46.9,29.9,8.0,17.2,10.0,0.5,0.4,0.6,-73.7,64.5,110.7,20.3,13.0,111.5,12.0,0.4,0.5,0.5,-24.5,99.0,180.3,81.7,13.0,107.6,12.0,0.4,0.5,0.5,-3.7,40.9,64.5,33.3,8.0,36.9,10.0,0.5,0.4,0.6,-7.3,19.0,96.4,38.5,8.0,54.4,10.0,0.5,0.4,0.6,-2.0,9.1,31.7,10.5,8.0,22.3,10.0,0.5,0.4,0.6,-7.4,7.3,29.4,7.2,8.0,25.2,10.0,0.5,0.4,0.6,65.0,343.0,1009.0,687.0,13.0,1085.5,12.0,0.4,0.5,0.5,65.0,345.0,1010.0,685.0,13.0,1085.0,12.0,0.4,0.5,0.5
1974,2,300.0,30.0,19.95,21.0,22.0,20.95,17.0,1.01,16.0,0.6,0.6,0.4,19.77,21.5,22.55,21.26,17.0,1.51,16.0,0.6,0.6,0.4,9.89,12.81,14.68,12.38,16.0,2.28,16.0,0.6,0.6,0.4,71.4,80.4,86.8,78.2,16.0,9.7,16.0,0.6,0.4,4.6,6.7,10.3,7.16,17.0,3.61,16.0,0.6,0.6,0.4,0.0,3.52,7.5,3.35,17.0,4.25,16.0,0.6,0.6,0.4,-1.51,3.28,9.47,3.43,17.0,4.99,16.0,0.6,0.6,0.4,1015.0,1018.5,1023.69,1018.58,17.0,4.37,16.0,0.6,0.6,0.4,2.0,3.0,5.0,3.2,16.0,1.9,16.0,0.6,0.6,0.3,0.0,19.9,82.2,30.8,17.0,48.8,16.0,0.6,0.6,0.4,-12.0,23.5,92.6,34.0,17.0,49.5,16.0,0.6,0.6,0.4,-1.73,-0.5,1.09,-0.32,17.0,1.39,16.0,0.6,0.6,0.4,-17.8,0.0,6.2,-4.3,17.0,12.5,16.0,0.6,0.6,0.4,0.87,2.98,4.44,2.99,16.0,2.01,16.0,0.6,0.6,0.4,3.7,14.8,32.8,18.4,16.0,13.8,16.0,0.6,0.6,0.4,0.0,84.0,159.2,73.6,17.0,93.4,16.0,0.6,0.6,0.4,-32.5,70.5,201.2,77.5,17.0,109.1,16.0,0.6,0.6,0.4,0.0,53.0,94.4,46.9,16.0,55.0,16.0,0.6,0.6,0.4,-21.4,39.7,134.3,49.7,16.0,69.0,16.0,0.6,0.6,0.4,0.0,8.6,14.8,10.6,16.0,13.5,16.0,0.6,0.6,0.4,-5.6,3.8,13.6,3.1,16.0,15.5,16.0,0.6,0.6,0.4,97.5,301.0,1092.5,627.5,17.0,697.5,16.0,0.6,0.6,0.4,95.0,300.0,1095.0,625.0,17.0,700.0,16.0,0.6,0.6,0.4
1974,2,300.0,31.0,19.29,20.0,20.54,20.22,11.0,1.16,20.0,0.5,0.7,0.4,16.2,18.2,21.22,18.59,11.0,2.47,20.0,0.5,0.7,0.4,7.75,10.96,12.0,10.49,10.0,2.65,20.0,0.5,0.7,0.4,64.0,79.9,91.3,78.1,10.0,14.2,20.0,0.5,0.4,4.89,8.7,12.55,8.34,11.0,3.76,20.0,0.5,0.7,0.4,-2.92,1.67,3.55,1.15,11.0,4.99,20.0,0.5,0.7,0.4,-7.56,0.0,8.4,1.15,11.0,7.92,20.0,0.5,0.7,0.4,1012.76,1022.5,1024.8,1019.06,11.0,7.16,20.0,0.5,0.7,0.4,1.0,6.0,7.4,4.6,11.0,3.0,20.0,0.5,0.7,0.4,-19.4,4.3,29.3,14.8,11.0,54.3,20.0,0.5,0.7,0.4,-59.9,0.0,94.9,21.5,11.0,88.9,20.0,0.5,0.7,0.4,-0.04,1.5,3.89,1.63,11.0,2.35,20.0,0.5,0.7,0.4,-0.5,9.4,31.7,11.1,11.0,25.0,20.0,0.5,0.7,0.4,2.49,3.84,7.0,4.21,10.0,2.85,20.0,0.5,0.7,0.4,13.5,31.9,51.3,29.0,10.0,25.0,20.0,0.5,0.7,0.4,-52.7,27.1,72.4,20.0,11.0,86.2,20.0,0.5,0.7,0.4,-122.0,0.0,171.6,32.3,11.0,155.8,20.0,0.5,0.7,0.4,-8.5,14.4,50.4,23.3,10.0,50.0,20.0,0.5,0.7,0.4,-69.4,-3.9,109.6,22.3,10.0,97.1,20.0,0.5,0.7,0.4,-8.1,3.2,16.4,6.1,10.0,17.1,20.0,0.5,0.7,0.4,-44.3,-9.3,23.5,-11.0,10.0,33.0,20.0,0.5,0.7,0.4,118.0,658.5,1979.0,902.5,11.0,931.0,20.0,0.5,0.7,0.4,120.0,660.0,1980.0,900.0,11.0,930.0,20.0,0.5,0.7,0.4
1974,2,300.0,32.0,18.83,19.5,21.14,19.59,19.0,1.46,12.0,0.7,0.7,0.6,17.0,19.55,21.59,19.3,20.0,2.06,12.0,0.7,0.7,0.6,7.38,12.01,13.54,10.8,14.0,2.82,10.0,0.6,0.6,0.6,60.4,80.2,88.3,75.4,14.0,13.4,10.0,0.6,0.6,5.11,7.7,12.9,9.02,20.0,4.56,12.0,0.7,0.7,0.6,-1.93,3.85,11.49,5.0,20.0,6.4,12.0,0.7,0.7,0.6,-5.35,3.48,9.45,2.13,20.0,5.87,12.0,0.7,0.7,0.6,1013.0,1022.05,1024.99,1018.91,20.0,7.01,12.0,0.7,0.7,0.6,1.7,4.5,7.3,4.5,18.0,2.6,12.0,0.7,0.7,0.5,-11.0,29.8,156.2,69.3,20.0,91.1,12.0,0.7,0.7,0.6,-44.7,25.2,120.0,29.0,20.0,73.0,12.0,0.7,0.7,0.6,-2.23,0.0,3.02,0.33,19.0,2.71,12.0,0.7,0.7,0.6,-20.5,0.0,20.2,-1.3,19.0,22.7,12.0,0.7,0.7,0.6,0.91,2.21,6.22,3.18,14.0,2.74,10.0,0.6,0.6,0.6,7.9,25.9,40.2,24.3,14.0,18.3,10.0,0.6,0.6,0.6,-35.5,66.6,235.7,101.3,20.0,126.7,12.0,0.7,0.7,0.6,-86.3,65.5,191.0,49.3,20.0,114.4,12.0,0.7,0.7,0.6,-13.5,95.7,146.6,75.4,14.0,83.8,10.0,0.6,0.6,0.6,-42.7,39.6,121.6,41.8,14.0,70.6,10.0,0.6,0.6,0.6,-10.1,9.0,26.7,7.9,14.0,21.2,10.0,0.6,0.6,0.6,-15.5,6.8,15.5,1.0,14.0,21.2,10.0,0.6,0.6,0.6,133.5,462.5,2146.5,1308.0,20.0,1703.5,12.0,0.7,0.7,0.6,135.0,460.0,2145.0,1310.0,20.0,1705.0,12.0,0.7,0.7,0.6
1974,2,300.0,33.0,18.42,19.15,20.3,19.3,18.0,1.17,14.0,0.5,0.6,0.4,15.84,17.65,20.21,17.92,18.0,2.01,14.0,0.5,0.6,0.4,6.61,9.47,12.73,9.35,18.0,2.42,14.0,0.5,0.6,0.4,59.8,72.2,83.3,72.5,18.0,12.2,14.0,0.5,0.4,4.0,10.55,13.66,9.54,18.0,4.78,14.0,0.5,0.6,0.4,1.33,4.49,9.89,5.41,18.0,4.58,14.0,0.5,0.6,0.4,-7.88,-1.62,9.71,0.58,18.0,8.18,14.0,0.5,0.6,0.4,1011.59,1018.3,1023.51,1017.79,18.0,5.7,14.0,0.5,0.6,0.4,2.0,5.5,7.3,4.8,18.0,2.3,14.0,0.5,0.6,0.4,4.6,39.8,135.0,69.4,18.0,83.5,14.0,0.5,0.6,0.4,-110.5,-5.1,103.9,1.4,18.0,102.3,14.0,0.5,0.6,0.4,0.0,1.5,3.22,1.38,18.0,1.68,14.0,0.5,0.6,0.4,0.0,8.8,29.5,13.9,18.0,22.3,14.0,0.5,0.6,0.4,2.82,4.63,6.69,4.54,18.0,2.06,14.0,0.5,0.6,0.4,12.6,35.0,66.6,43.5,18.0,37.5,14.0,0.5,0.6,0.4,25.1,79.8,161.9,95.7,18.0,76.3,14.0,0.5,0.6,0.4,-132.1,-28.7,193.8,22.2,18.0,149.1,14.0,0.5,0.6,0.4,11.5,39.8,90.7,49.1,18.0,38.2,14.0,0.5,0.6,0.4,-61.7,-13.3,104.9,20.4,18.0,80.6,14.0,0.5,0.6,0.4,2.2,14.8,48.5,26.8,18.0,33.6,14.0,0.5,0.6,0.4,-46.8,-8.5,29.6,-9.4,18.0,37.8,14.0,0.5,0.6,0.4,73.0,1176.0,2601.5,1491.0,18.0,1749.5,14.0,0.5,0.6,0.4,75.0,1175.0,2600.0,1490.0,18.0,1750.0,14.0,0.5,0.6,0.4
1974,2,300.0,34.0,18.25,20.0,21.44,19.92,5.0,1.76,16.0,0.6,0.6,0.1,18.28,20.0,22.51,20.24,5.0,3.03,16.0,0.6,0.6,0.1,8.98,10.62,12.67,10.64,5.0,2.81,16.0,0.6,0.6,0.1,57.0,72.9,85.1,71.5,5.0,14.3,16.0,0.6,0.1,4.05,7.7,10.3,7.2,5.0,3.28,16.0,0.6,0.6,0.1,1.76,4.95,7.46,4.43,5.0,4.35,16.0,0.6,0.6,0.1,0.43,5.15,6.63,3.79,5.0,3.76,16.0,0.6,0.6,0.1,1013.61,1016.0,1020.91,1017.04,5.0,3.89,16.0,0.6,0.6,0.1,2.6,4.0,5.0,3.8,5.0,1.3,16.0,0.6,0.6,0.1,9.6,38.1,76.8,41.9,5.0,39.4,16.0,0.6,0.6,0.1,2.8,45.4,63.4,36.4,5.0,35.1,16.0,0.6,0.6,0.1,-1.96,0.0,1.18,-0.32,5.0,2.0,16.0,0.6,0.6,0.1,-17.2,0.0,6.4,-4.9,5.0,13.4,16.0,0.6,0.6,0.1,2.21,3.96,5.38,3.83,5.0,2.03,16.0,0.6,0.6,0.1,15.8,20.2,31.8,23.1,5.0,9.7,16.0,0.6,0.6,0.1,39.4,119.3,155.0,96.4,5.0,84.2,16.0,0.6,0.6,0.1,11.0,101.5,152.5,84.2,5.0,80.1,16.0,0.6,0.6,0.1,22.9,52.6,97.1,56.0,5.0,48.1,16.0,0.6,0.6,0.1,7.1,61.9,79.5,48.1,5.0,45.8,16.0,0.6,0.6,0.1,-0.1,17.1,20.4,10.3,5.0,16.3,16.0,0.6,0.6,0.1,0.0,6.2,24.3,10.4,5.0,15.1,16.0,0.6,0.6,0.1,72.5,456.5,1092.5,554.0,5.0,518.0,16.0,0.6,0.6,0.1,75.0,455.0,1095.0,555.0,5.0,520.0,16.0,0.6,0.6,0.1
1974,2,300.0,35.0,18.24,19.35,20.25,19.29,16.0,1.02,14.0,0.4,0.5,0.4,13.69,17.8,19.46,16.76,16.0,2.86,14.0,0.4,0.5,0.4,6.59,9.91,12.18,9.59,16.0,3.01,14.0,0.4,0.5,0.4,66.6,79.4,93.8,78.4,16.0,14.2,14.0,0.4,0.4,6.39,12.3,19.31,13.01,16.0,5.88,14.0,0.4,0.5,0.4,-1.58,5.97,12.3,5.64,16.0,8.2,14.0,0.4,0.5,0.4,-7.48,0.0,16.05,3.2,16.0,10.14,14.0,0.4,0.5,0.4,1001.19,1014.2,1019.92,1011.64,16.0,9.19,14.0,0.4,0.5,0.4,6.4,8.0,8.0,7.4,16.0,1.1,14.0,0.4,0.5,0.4,-8.1,56.9,229.6,99.7,16.0,145.1,14.0,0.4,0.5,0.4,-95.0,0.0,311.4,70.2,16.0,172.4,14.0,0.4,0.5,0.4,-0.12,2.3,5.31,2.53,16.0,2.62,14.0,0.4,0.5,0.4,-2.4,20.6,50.7,26.5,16.0,41.0,14.0,0.4,0.5,0.4,1.72,4.17,7.53,4.37,16.0,2.94,14.0,0.4,0.5,0.4,22.4,44.6,67.7,48.6,16.0,42.2,14.0,0.4,0.5,0.4,-21.2,100.4,245.9,101.0,16.0,139.1,14.0,0.4,0.5,0.4,-104.5,0.0,307.6,72.8,16.0,182.0,14.0,0.4,0.5,0.4,-9.1,42.6,143.1,59.9,16.0,86.6,14.0,0.4,0.5,0.4,-49.3,0.0,206.1,49.4,16.0,112.6,14.0,0.4,0.5,0.4,-18.7,10.5,51.4,21.1,16.0,51.0,14.0,0.4,0.5,0.4,-38.7,0.0,42.7,-1.5,16.0,34.9,14.0,0.4,0.5,0.4,262.0,1861.0,7203.5,3451.5,16.0,3320.0,14.0,0.4,0.5,0.4,260.0,1860.0,7205.0,3450.0,16.0,3320.0,14.0,0.4,0.5,0.4
1974,2,300.0,36.0,16.67,19.65,20.57,19.14,10.0,2.47,16.0,0.3,0.7,0.5,12.45,15.9,17.19,15.08,13.0,2.27,16.0,0.4,0.6,0.6,6.99,7.87,9.24,8.03,10.0,1.29,18.0,0.2,0.6,0.5,64.7,75.1,88.8,77.0,10.0,13.7,18.0,0.2,0.5,5.05,9.3,15.55,10.06,13.0,5.09,16.0,0.4,0.6,0.6,4.16,6.3,12.16,7.3,13.0,5.28,16.0,0.4,0.6,0.6,-6.14,0.0,7.15,-0.68,13.0,7.03,16.0,0.4,0.6,0.6,1005.25,1019.2,1024.6,1016.43,13.0,9.23,16.0,0.4,0.6,0.6,2.0,6.0,8.0,4.9,13.0,2.7,16.0,0.4,0.6,0.6,19.1,42.2,205.7,94.3,13.0,93.3,16.0,0.4,0.6,0.6,-100.7,0.0,97.5,-16.0,13.0,101.6,16.0,0.4,0.6,0.6,-0.06,4.2,6.64,3.87,10.0,3.88,16.0,0.3,0.7,0.5,3.8,28.5,55.2,31.9,10.0,35.6,16.0,0.3,0.7,0.5,4.13,6.81,7.82,6.38,9.0,2.26,18.0,0.2,0.6,0.5,27.2,48.0,98.6,57.0,9.0,40.8,18.0,0.2,0.6,0.5,52.0,100.1,214.3,109.3,13.0,84.1,16.0,0.4,0.6,0.6,-82.8,0.0,127.9,0.4,13.0,110.3,16.0,0.4,0.6,0.6,16.0,42.6,83.0,50.4,10.0,47.9,18.0,0.2,0.6,0.5,-54.6,-6.8,16.8,-10.3,10.0,54.2,18.0,0.2,0.6,0.5,6.1,42.9,75.3,41.4,9.0,35.1,18.0,0.2,0.6,0.5,-52.0,0.0,17.5,-15.2,9.0,43.6,18.0,0.2,0.6,0.5,129.5,804.5,3773.0,1765.0,13.0,1998.5,16.0,0.4,0.6,0.6,130.0,805.0,3775.0,1765.0,13.0,2000.0,16.0,0.4,0.6,0.6
1974,2,300.0,37.0,19.38,20.0,20.65,20.16,7.0,0.88,10.0,0.7,0.6,0.5,11.49,18.6,19.09,16.54,8.0,3.79,10.0,0.8,0.5,0.5,6.74,7.9,10.03,8.32,6.0,2.55,10.0,0.8,0.5,0.5,61.3,72.3,88.2,73.8,6.0,13.6,10.0,0.8,0.5,13.57,19.0,20.97,18.54,9.0,5.86,8.0,0.8,0.6,0.5,10.54,15.78,19.3,14.61,9.0,7.23,8.0,0.8,0.6,0.5,-7.02,6.45,13.31,3.92,9.0,10.57,8.0,0.8,0.6,0.5,999.38,1003.95,1009.76,1004.55,8.0,8.09,10.0,0.8,0.5,0.5,4.2,7.0,8.0,6.3,8.0,2.3,8.0,0.9,0.6,0.5,160.6,321.6,397.0,303.9,9.0,214.3,8.0,0.8,0.6,0.5,-144.5,83.2,300.4,73.7,9.0,233.8,8.0,0.8,0.6,0.5,0.96,1.3,9.05,4.11,7.0,4.21,10.0,0.7,0.6,0.5,11.3,20.4,186.6,80.9,7.0,89.6,10.0,0.7,0.6,0.5,3.94,7.11,8.36,6.48,6.0,2.83,10.0,0.8,0.5,0.5,105.1,140.5,167.7,134.8,6.0,59.4,10.0,0.8,0.5,0.5,177.6,238.4,313.3,242.7,8.0,137.3,10.0,0.8,0.5,0.5,-97.5,122.4,169.1,65.3,8.0,152.7,10.0,0.8,0.5,0.5,110.4,139.2,183.1,150.0,6.0,51.1,10.0,0.8,0.5,0.5,-61.9,6.2,105.7,16.7,6.0,92.4,10.0,0.8,0.5,0.5,96.3,117.6,153.4,120.2,6.0,56.0,10.0,0.8,0.5,0.5,-79.2,-17.3,47.2,-16.7,6.0,67.4,10.0,0.8,0.5,0.5,2552.5,6859.0,9218.0,8117.5,9.0,7533.0,8.0,0.8,0.6,0.5,2555.0,6860.0,9220.0,8120.0,9.0,7535.0,8.0,0.8,0.6,0.5
1974,2,300.0,38.0,17.12,18.8,19.46,18.33,13.0,1.36,12.0,0.3,0.7,0.4,10.99,14.2,19.1,14.52,13.0,3.57,12.0,0.3,0.7,0.4,6.66,7.05,10.53,8.05,9.0,2.32,10.0,0.2,0.7,0.3,56.5,80.7,86.8,75.8,9.0,15.6,10.0,0.2,0.3,4.6,9.0,20.6,12.28,13.0,7.35,12.0,0.3,0.7,0.4,-1.23,4.6,16.99,6.88,13.0,9.18,12.0,0.3,0.7,0.4,-3.08,4.6,13.25,4.43,13.0,7.79,12.0,0.3,0.7,0.4,999.42,1011.4,1021.95,1010.82,13.0,10.9,12.0,0.3,0.7,0.4,2.9,6.5,8.0,5.8,10.0,2.3,12.0,0.4,0.7,0.4,-8.0,21.2,319.7,130.3,13.0,192.5,12.0,0.3,0.7,0.4,-29.4,21.2,211.8,76.5,13.0,142.6,12.0,0.3,0.7,0.4,-0.6,3.8,6.6,3.82,13.0,3.55,12.0,0.3,0.7,0.4,-6.1,23.0,72.6,48.1,13.0,74.4,12.0,0.3,0.7,0.4,3.58,5.82,7.48,5.51,9.0,1.99,10.0,0.2,0.7,0.3,35.1,52.2,141.4,87.0,9.0,58.8,10.0,0.2,0.7,0.3,-17.4,65.3,235.8,92.7,13.0,121.9,12.0,0.3,0.7,0.4,-33.3,65.3,207.5,83.0,13.0,140.2,12.0,0.3,0.7,0.4,-20.5,78.2,149.9,63.7,9.0,83.0,10.0,0.2,0.7,0.3,-15.2,32.4,147.7,58.7,9.0,75.8,10.0,0.2,0.7,0.3,-7.9,26.1,137.6,52.4,9.0,76.8,10.0,0.2,0.7,0.3,-18.3,29.6,45.5,26.6,9.0,46.8,10.0,0.2,0.7,0.3,97.5,729.0,8742.0,3775.0,13.0,4572.0,12.0,0.3,0.7,0.4,95.0,730.0,8740.0,3775.0,13.0,4570.0,12.0,0.3,0.7,0.4
1974,2,300.0,39.0,17.0,18.0,20.31,18.39,10.0,1.97,14.0,0.3,0.7,0.5,9.91,14.25,16.1,13.0,10.0,3.76,14.0,0.3,0.7,0.5,4.81,6.78,10.72,7.74,9.0,2.88,14.0,0.3,0.6,0.5,59.4,76.0,93.8,76.7,10.0,16.7,14.0,0.3,0.5,6.61,12.35,19.06,12.97,10.0,7.09,14.0,0.3,0.6,0.5,-0.26,7.83,14.47,7.29,10.0,9.52,14.0,0.3,0.6,0.5,-7.17,-4.03,1.46,-2.96,10.0,8.82,14.0,0.3,0.6,0.5,1001.24,1011.65,1017.71,1010.6,10.0,7.31,14.0,0.3,0.6,0.5,5.3,8.0,8.0,6.6,10.0,2.6,16.0,0.3,0.6,0.5,-0.7,75.8,232.2,122.0,10.0,220.3,14.0,0.3,0.6,0.5,-101.6,-28.6,3.8,-48.1,10.0,155.9,14.0,0.3,0.6,0.5,3.99,4.45,5.96,5.39,10.0,2.83,14.0,0.3,0.7,0.5,23.7,54.9,82.4,71.9,9.0,77.2,16.0,0.3,0.6,0.6,3.67,5.6,7.33,5.64,9.0,2.04,14.0,0.3,0.6,0.5,27.3,72.2,109.0,79.0,8.0,55.5,14.0,0.4,0.6,0.6,-5.5,54.4,145.7,74.3,9.0,89.4,16.0,0.3,0.6,0.6,-80.0,-55.7,31.2,-13.6,9.0,112.7,16.0,0.3,0.6,0.6,-4.3,45.0,95.9,40.6,8.0,48.3,14.0,0.4,0.6,0.6,-40.6,-28.0,24.1,-1.9,8.0,74.0,14.0,0.4,0.6,0.6,-2.2,26.8,91.0,31.2,8.0,55.2,14.0,0.4,0.6,0.6,-52.5,-28.8,12.7,-29.3,8.0,71.2,14.0,0.4,0.6,0.6,400.0,2039.5,7102.0,4022.0,10.0,5290.5,14.0,0.3,0.6,0.5,400.0,2040.0,7100.0,4020.0,10.0,5290.0,14.0,0.3,0.6,0.5
1974,2,300.0,40.0,15.15,18.3,20.33,17.31,18.0,4.16,14.0,0.4,0.6,0.4,8.9,11.7,16.28,12.25,20.0,3.7,14.0,0.4,0.5,0.4,4.82,5.87,9.84,6.85,12.0,2.3,16.0,0.5,0.5,0.4,61.7,79.9,89.9,75.8,13.0,13.4,14.0,0.5,0.4,6.25,12.9,24.18,14.59,20.0,7.41,14.0,0.4,0.5,0.4,0.0,6.46,16.05,7.37,20.0,9.47,14.0,0.4,0.5,0.4,-8.02,0.0,12.26,1.93,20.0,11.31,14.0,0.4,0.5,0.4,996.65,1008.6,1021.43,1009.21,18.0,12.53,16.0,0.4,0.6,0.4,5.1,7.0,8.0,6.6,17.0,1.7,16.0,0.4,0.5,0.4,0.0,76.1,399.0,137.8,20.0,216.6,14.0,0.4,0.5,0.4,-74.3,0.0,152.4,40.7,20.0,253.9,14.0,0.4,0.5,0.4,-0.23,5.55,8.44,4.69,18.0,4.09,14.0,0.4,0.6,0.4,-4.1,49.4,122.9,61.2,18.0,58.3,14.0,0.4,0.6,0.4,4.26,6.09,8.1,6.08,11.0,2.23,16.0,0.5,0.5,0.3,34.3,59.0,124.7,76.3,11.0,53.7,16.0,0.5,0.5,0.3,0.0,68.0,220.0,85.3,20.0,123.6,14.0,0.4,0.5,0.4,-56.2,0.0,185.0,52.7,20.0,148.5,14.0,0.4,0.5,0.4,-32.5,32.5,107.1,32.3,12.0,74.8,16.0,0.5,0.5,0.4,-28.0,0.0,53.2,19.3,12.0,62.3,16.0,0.5,0.5,0.4,-11.6,37.9,110.8,49.0,11.0,70.8,16.0,0.5,0.5,0.3,-19.0,0.0,39.1,12.0,11.0,38.3,16.0,0.5,0.5,0.3,247.0,2146.5,14132.5,5540.0,20.0,6906.5,14.0,0.4,0.5,0.4,245.0,2145.0,14130.0,5540.0,20.0,6905.0,14.0,0.4,0.5,0.4
1974,2,300.0,41.0,13.42,14.8,16.51,14.98,12.0,1.89,14.0,0.3,0.5,0.3,4.03,5.25,16.3,7.38,14.0,5.71,14.0,0.4,0.5,0.4,4.36,5.09,9.21,6.11,11.0,2.45,14.0,0.4,0.5,0.4,74.7,80.8,94.5,83.6,11.0,12.0,14.0,0.4,0.4,5.17,12.1,28.14,15.63,14.0,10.16,14.0,0.4,0.5,0.4,0.09,7.36,25.5,11.58,14.0,12.1,14.0,0.4,0.5,0.4,-9.81,-1.93,5.28,-2.53,14.0,8.27,14.0,0.4,0.5,0.4,1003.07,1010.25,1015.77,1007.25,14.0,10.93,14.0,0.4,0.5,0.4,7.0,7.0,8.0,7.3,14.0,0.6,16.0,0.4,0.4,0.4,0.4,85.6,657.5,290.6,14.0,366.1,14.0,0.4,0.5,0.4,-124.2,-7.9,72.9,-45.4,14.0,167.6,14.0,0.4,0.5,0.4,3.43,9.0,11.71,7.51,11.0,4.74,14.0,0.4,0.6,0.3,25.9,146.9,279.9,144.1,11.0,125.2,14.0,0.4,0.6,0.3,3.8,5.07,6.2,4.63,9.0,2.17,12.0,0.3,0.5,0.4,20.1,114.6,171.4,104.0,9.0,76.9,12.0,0.3,0.5,0.4,0.0,50.6,123.0,74.7,13.0,84.5,14.0,0.4,0.5,0.4,-53.0,0.0,72.8,10.4,13.0,76.9,14.0,0.4,0.5,0.4,3.8,70.2,133.2,69.1,11.0,58.2,14.0,0.4,0.5,0.4,-43.9,0.0,56.3,5.8,11.0,54.6,14.0,0.4,0.5,0.4,-0.7,114.6,167.9,90.9,9.0,80.8,12.0,0.3,0.5,0.4,-51.5,0.0,10.3,-17.2,9.0,43.8,12.0,0.3,0.5,0.4,139.5,1795.0,22306.0,8667.0,14.0,11305.0,14.0,0.4,0.5,0.4,140.0,1795.0,22305.0,8665.0,14.0,11305.0,14.0,0.4,0.5,0.4
1974,2,300.0,42.0,2.63,3.9,8.91,5.6,10.0,4.04,16.0,0.6,0.5,0.5,-1.05,0.65,5.09,2.21,12.0,4.68,16.0,0.6,0.5,0.5,3.35,4.15,7.17,5.2,5.0,2.58,18.0,0.8,0.4,0.5,78.2,91.8,97.6,87.7,5.0,13.9,18.0,0.8,0.5,4.35,10.55,14.36,10.02,12.0,5.65,16.0,0.6,0.5,0.5,-2.43,2.99,11.62,3.89,12.0,7.75,16.0,0.6,0.5,0.5,-8.75,-3.68,0.4,-3.75,12.0,7.03,16.0,0.6,0.5,0.5,1001.86,1007.25,1015.78,1008.63,12.0,10.31,16.0,0.6,0.5,0.5,8.0,8.0,8.0,7.1,8.0,2.5,20.0,0.8,0.4,0.5,-18.8,16.9,152.2,44.2,12.0,116.3,16.0,0.6,0.5,0.5,-119.8,-18.4,1.8,-57.0,12.0,120.7,16.0,0.6,0.5,0.5,-0.04,3.2,4.83,2.55,10.0,3.32,16.0,0.6,0.5,0.5,-6.8,40.8,65.9,31.7,10.0,42.8,16.0,0.6,0.5,0.5,-0.26,1.02,2.38,1.06,5.0,2.39,18.0,0.8,0.4,0.5,-5.7,14.2,26.8,11.6,5.0,25.7,18.0,0.8,0.4,0.5,-14.5,-4.6,8.8,3.1,12.0,30.9,16.0,0.6,0.5,0.5,-15.4,0.0,10.0,7.9,12.0,42.9,16.0,0.6,0.5,0.5,-17.2,35.0,49.7,21.1,5.0,36.7,18.0,0.8,0.4,0.5,-20.9,0.0,39.0,10.8,5.0,49.9,18.0,0.8,0.4,0.5,1.0,10.9,26.2,14.5,5.0,20.1,18.0,0.8,0.4,0.5,-14.3,-5.0,0.6,-7.2,5.0,10.0,18.0,0.8,0.4,0.5,84.5,1176.0,2975.0,1913.5,12.0,2595.5,16.0,0.6,0.5,0.5,85.0,1175.0,2975.0,1915.0,12.0,2595.0,16.0,0.6,0.5,0.5
1974,2,300.0,43.0,1.55,3.0,5.74,3.51,11.0,2.41,18.0,0.5,0.7,0.4,-2.17,-0.5,3.24,0.54,11.0,3.05,18.0,0.5,0.7,0.4,2.2,2.56,3.19,2.69,6.0,0.67,18.0,0.7,0.5,0.4,61.7,68.9,77.0,68.9,6.0,8.8,18.0,0.7,0.4,6.0,9.0,13.24,9.3,11.0,4.56,18.0,0.5,0.7,0.4,-1.48,2.46,10.83,3.89,11.0,7.85,18.0,0.5,0.7,0.4,-6.64,-2.5,3.92,-2.23,11.0,5.68,18.0,0.5,0.7,0.4,1001.77,1011.5,1021.5,1011.91,11.0,9.08,18.0,0.5,0.7,0.4,5.3,8.0,8.0,6.8,9.0,1.8,20.0,0.6,0.7,0.4,-11.6,17.7,135.5,53.8,11.0,120.6,18.0,0.5,0.7,0.4,-52.7,-12.5,43.1,-19.5,11.0,57.1,18.0,0.5,0.7,0.4,-0.85,3.5,5.4,2.97,11.0,3.33,18.0,0.5,0.7,0.4,-5.9,23.5,49.8,26.7,11.0,33.0,18.0,0.5,0.7,0.4,1.27,1.73,2.4,1.75,6.0,0.65,18.0,0.7,0.5,0.4,11.6,15.9,23.6,16.3,6.0,7.1,18.0,0.7,0.5,0.4,-28.1,1.1,15.2,-0.8,11.0,24.4,18.0,0.5,0.7,0.4,-6.9,2.8,22.9,7.0,11.0,16.8,18.0,0.5,0.7,0.4,-7.7,5.1,19.6,4.0,6.0,23.9,18.0,0.7,0.5,0.4,-20.3,-12.1,8.8,-6.8,6.0,15.9,18.0,0.7,0.5,0.4,-2.8,2.7,21.0,6.0,6.0,14.0,18.0,0.7,0.5,0.4,-12.6,-6.5,5.9,-4.0,6.0,10.6,18.0,0.7,0.5,0.4,228.0,729.0,2408.0,1365.5,11.0,1774.0,18.0,0.5,0.7,0.4,230.0,730.0,2410.0,1365.0,11.0,1775.0,18.0,0.5,0.7,0.4
1974,2,300.0,44.0,0.2,1.1,1.1,0.92,120.0,0.61,16.0,0.5,0.6,0.2,-4.45,-2.8,1.05,-2.12,124.0,3.32,16.0,0.5,0.6,0.2,1.99,2.62,3.79,2.89,80.0,1.03,18.0,0.5,0.6,0.3,72.0,83.2,95.7,82.9,80.0,11.3,18.0,0.5,0.3,6.2,12.3,20.6,13.07,122.0,6.67,16.0,0.5,0.6,0.2,-7.52,5.37,15.5,3.94,122.0,10.84,16.0,0.5,0.6,0.2,-11.59,-3.95,4.25,-3.24,122.0,8.54,16.0,0.5,0.6,0.2,995.09,1010.9,1019.8,1007.43,127.0,14.41,16.0,0.5,0.6,0.2,1.4,7.0,8.0,5.4,79.0,3.1,16.0,0.6,0.6,0.2,-85.6,38.1,271.5,67.2,122.0,229.0,16.0,0.5,0.6,0.2,-168.4,-33.3,45.7,-47.4,122.0,163.1,16.0,0.5,0.6,0.2,0.09,3.3,6.1,3.03,120.0,3.34,16.0,0.5,0.6,0.2,2.7,35.0,84.8,41.8,115.0,57.4,16.0,0.5,0.6,0.2,0.25,1.39,2.02,1.13,80.0,1.01,18.0,0.5,0.6,0.3,3.6,12.3,29.4,14.4,77.0,17.1,18.0,0.5,0.6,0.3,-55.1,-9.9,9.2,-19.9,119.0,46.1,16.0,0.5,0.6,0.2,0.0,13.4,48.8,20.9,119.0,28.3,16.0,0.5,0.6,0.2,-20.5,10.7,39.2,7.5,77.0,35.3,18.0,0.5,0.6,0.3,-28.9,-9.3,16.9,-3.8,77.0,29.6,18.0,0.5,0.6,0.3,-2.7,7.4,20.1,9.1,77.0,16.0,18.0,0.5,0.6,0.3,-17.0,-7.4,2.0,-7.3,77.0,10.5,18.0,0.5,0.6,0.3,238.5,1861.0,8742.0,4082.0,122.0,5246.0,16.0,0.5,0.6,0.2,240.0,1860.0,8740.0,4080.0,122.0,5245.0,16.0,0.5,0.6,0.2
1974,2,300.0,45.0,-0.95,0.05,1.0,0.03,4.0,1.13,14.0,0.5,0.6,0.3,-5.0,-4.0,-3.03,-4.01,8.0,1.33,16.0,0.6,0.4,0.3,2.18,2.81,3.17,2.68,3.0,0.73,16.0,0.7,0.5,0.3,76.2,95.6,97.1,86.8,3.0,17.1,16.0,0.7,0.3,1.84,6.7,17.11,9.03,8.0,8.01,16.0,0.6,0.4,0.3,-4.22,1.02,9.2,0.75,8.0,11.69,16.0,0.6,0.4,0.3,-5.43,-0.87,1.33,-1.81,8.0,4.03,16.0,0.6,0.4,0.3,996.38,1006.6,1019.06,1005.74,7.0,12.88,16.0,0.6,0.4,0.3,2.3,6.5,8.0,5.8,8.0,2.5,18.0,0.5,0.4,0.2,-29.7,5.1,90.3,-13.1,8.0,237.2,16.0,0.6,0.4,0.3,-38.6,-8.7,2.0,-32.2,8.0,67.3,16.0,0.6,0.4,0.3,1.57,3.65,5.52,3.55,4.0,2.36,14.0,0.5,0.6,0.3,4.2,13.2,41.6,22.4,4.0,26.3,14.0,0.5,0.6,0.3,0.42,0.68,1.7,1.05,3.0,0.99,16.0,0.7,0.5,0.3,1.4,2.2,5.7,3.5,3.0,3.3,16.0,0.7,0.5,0.3,-46.0,-6.5,16.9,-9.2,8.0,32.1,16.0,0.6,0.4,0.3,-4.4,4.3,21.2,5.0,8.0,15.8,16.0,0.6,0.4,0.3,-51.3,-1.9,-1.1,-25.6,3.0,42.1,16.0,0.7,0.5,0.3,-18.3,0.3,2.9,-7.5,3.0,17.0,16.0,0.7,0.5,0.3,-5.4,-2.1,-0.8,-3.1,3.0,3.4,16.0,0.7,0.5,0.3,-1.6,0.4,0.8,-0.4,3.0,1.9,16.0,0.7,0.5,0.3,14.0,306.0,5296.0,2607.0,8.0,4751.5,16.0,0.6,0.4,0.3,15.0,305.0,5295.0,2605.0,8.0,4750.0,16.0,0.6,0.4,0.3
1974,2,300.0,46.0,-1.6,-1.45,-1.08,-1.24,16.0,0.63,10.0,0.5,0.6,0.4,-10.39,-5.6,-0.89,-5.56,29.0,4.76,10.0,0.5,0.5,0.4,1.29,2.07,3.42,2.24,21.0,0.94,10.0,0.4,0.6,0.4,74.9,85.0,94.6,84.0,21.0,9.0,10.0,0.4,0.4,3.1,10.3,20.6,11.42,29.0,7.76,10.0,0.5,0.5,0.4,-8.23,1.67,10.9,1.38,29.0,11.94,10.0,0.5,0.5,0.4,-7.61,-2.6,5.7,-1.94,29.0,6.86,10.0,0.5,0.5,0.4,990.55,1004.7,1015.28,1003.09,29.0,12.89,10.0,0.5,0.5,0.4,0.8,7.0,8.0,5.2,25.0,3.2,12.0,0.5,0.5,0.4,-124.9,10.3,123.2,2.8,29.0,257.8,10.0,0.5,0.5,0.4,-112.7,-19.9,45.7,-37.0,29.0,112.9,10.0,0.5,0.5,0.4,-0.46,4.1,6.81,3.49,16.0,4.03,10.0,0.5,0.6,0.4,-7.6,15.6,75.0,29.9,16.0,67.6,10.0,0.5,0.6,0.4,0.23,1.28,1.85,1.08,15.0,0.83,10.0,0.5,0.6,0.4,0.8,4.9,15.9,8.6,15.0,13.2,10.0,0.5,0.6,0.4,-120.8,-13.5,12.0,-43.9,29.0,72.3,10.0,0.5,0.5,0.4,-2.3,15.6,44.3,24.7,29.0,41.3,10.0,0.5,0.5,0.4,-59.8,0.0,17.6,-9.5,21.0,38.0,10.0,0.4,0.6,0.4,-20.8,-6.5,12.1,-5.6,21.0,22.0,10.0,0.4,0.6,0.4,-2.3,0.5,12.0,6.1,15.0,12.9,10.0,0.5,0.6,0.4,-8.9,-3.8,2.9,-3.2,15.0,6.0,10.0,0.5,0.6,0.4,30.0,1092.5,8742.0,3676.5,29.0,5188.5,10.0,0.5,0.5,0.4,30.0,1095.0,8740.0,3675.0,29.0,5190.0,10.0,0.5,0.5,0.4
1974,2,300.0,47.0,-1.53,-1.4,-1.0,-1.16,12.0,0.71,16.0,0.7,0.7,0.4,-10.01,-6.5,-2.99,-6.19,45.0,3.68,14.0,0.8,0.6,0.4,1.56,1.84,2.59,2.14,22.0,0.77,16.0,0.7,0.5,0.5,80.8,89.2,96.9,87.3,22.0,9.4,16.0,0.7,0.5,7.02,13.4,17.0,12.25,44.0,5.22,14.0,0.8,0.6,0.4,-0.46,8.89,14.47,7.04,44.0,8.87,14.0,0.8,0.6,0.4,-7.36,-3.61,1.97,-2.26,44.0,6.8,14.0,0.8,0.6,0.4,998.99,1009.35,1015.52,1007.36,44.0,9.73,14.0,0.8,0.6,0.4,1.2,7.0,8.0,5.3,40.0,2.8,14.0,0.8,0.7,0.4,-1.2,94.8,224.9,100.8,44.0,150.8,14.0,0.8,0.6,0.4,-106.9,-30.5,19.2,-39.4,44.0,112.2,14.0,0.8,0.6,0.4,2.7,6.6,9.05,6.32,12.0,2.8,16.0,0.7,0.7,0.4,37.6,76.3,122.9,80.9,11.0,45.7,14.0,0.6,0.7,0.4,0.89,1.83,2.01,1.58,11.0,0.5,14.0,0.6,0.7,0.4,12.3,18.1,32.0,21.0,11.0,9.4,14.0,0.6,0.7,0.4,-114.0,-51.2,7.2,-53.7,44.0,60.4,14.0,0.8,0.6,0.4,-14.6,13.0,41.4,14.6,44.0,42.0,14.0,0.8,0.6,0.4,1.6,13.8,22.4,12.4,22.0,15.1,16.0,0.7,0.5,0.5,-14.4,0.0,15.6,-0.2,22.0,22.0,16.0,0.7,0.5,0.5,11.2,16.0,27.8,16.9,11.0,11.8,14.0,0.6,0.7,0.4,-6.1,-3.1,9.9,0.0,11.0,11.1,14.0,0.6,0.7,0.4,349.5,2406.0,4913.0,2774.0,44.0,2665.0,14.0,0.8,0.6,0.4,350.0,2405.0,4915.0,2775.0,44.0,2665.0,14.0,0.8,0.6,0.4
1974,2,300.0,48.0,-1.7,-1.6,-1.3,-1.56,12.0,0.18,18.0,0.6,0.6,0.5,-8.88,-6.2,-2.64,-5.56,35.0,3.75,20.0,0.5,0.5,0.4,1.73,2.06,2.61,2.2,32.0,0.73,20.0,0.5,0.5,0.4,79.3,86.8,91.0,85.7,32.0,6.3,20.0,0.5,0.4,4.76,8.7,14.0,9.27,35.0,4.78,20.0,0.5,0.5,0.4,-3.51,3.85,10.81,3.65,35.0,6.58,20.0,0.5,0.5,0.4,-6.6,0.0,6.02,-0.57,35.0,7.34,20.0,0.5,0.5,0.4,997.64,1007.55,1018.3,1006.18,34.0,12.33,20.0,0.4,0.5,0.4,4.0,8.0,8.0,6.2,35.0,2.7,20.0,0.5,0.5,0.4,-23.0,29.6,140.3,45.9,35.0,85.7,20.0,0.5,0.5,0.4,-87.2,0.0,42.5,-9.9,35.0,112.7,20.0,0.5,0.5,0.4,-2.88,4.15,5.95,2.48,12.0,4.46,18.0,0.6,0.6,0.5,-28.5,44.2,51.8,18.3,12.0,48.7,18.0,0.6,0.6,0.5,-0.4,1.34,1.55,0.85,12.0,0.95,18.0,0.6,0.6,0.5,-4.4,11.3,13.8,7.0,12.0,9.9,18.0,0.6,0.6,0.5,-62.5,-24.3,23.7,-21.5,35.0,39.0,20.0,0.5,0.5,0.4,-11.2,11.3,41.2,10.1,35.0,33.0,20.0,0.5,0.5,0.4,-7.1,10.3,22.7,7.3,32.0,16.1,20.0,0.5,0.5,0.4,-18.3,0.0,18.8,0.7,32.0,21.8,20.0,0.5,0.5,0.4,-2.1,8.6,12.4,6.2,12.0,8.6,18.0,0.6,0.6,0.5,-9.4,-2.3,0.5,-3.4,12.0,4.7,18.0,0.6,0.6,0.5,108.5,658.5,2756.5,1456.5,35.0,1962.5,20.0,0.5,0.5,0.4,110.0,660.0,2755.0,1455.0,35.0,1960.0,20.0,0.5,0.5,0.4
1974,2,300.0,49.0,-1.67,-1.6,-1.6,-1.63,3.0,0.06,16.0,1.0,0.8,0.2,-8.74,-7.15,-5.21,-6.63,6.0,3.86,20.0,0.8,0.9,0.1,1.58,1.9,2.32,2.1,6.0,0.86,20.0,0.8,0.9,0.1,80.0,88.5,94.2,86.8,6.0,8.3,20.0,0.8,0.1,3.39,6.4,10.84,7.03,6.0,4.02,20.0,0.8,0.9,0.1,-2.33,1.57,6.13,1.91,6.0,6.74,20.0,0.8,0.9,0.1,2.4,2.83,6.82,4.09,6.0,2.37,20.0,0.8,0.9,0.1,1003.12,1010.95,1017.91,1009.58,6.0,10.69,20.0,0.8,0.9,0.1,2.8,8.0,8.0,6.2,6.0,2.9,20.0,0.8,0.9,0.1,-18.6,8.4,51.7,19.9,6.0,79.7,20.0,0.8,0.9,0.1,10.2,21.0,60.4,31.0,6.0,26.3,20.0,0.8,0.9,0.1,0.28,5.6,8.33,4.33,3.0,6.0,16.0,1.0,0.8,0.2,-10.8,14.6,28.2,8.8,3.0,29.0,16.0,1.0,0.8,0.2,0.19,1.45,1.77,0.99,3.0,1.22,16.0,1.0,0.8,0.2,-1.6,3.8,5.9,2.2,3.0,5.7,16.0,1.0,0.8,0.2,-44.7,-14.8,-1.8,-26.6,6.0,39.4,20.0,0.8,0.9,0.1,-38.8,-17.9,-12.9,-23.0,6.0,19.4,20.0,0.8,0.9,0.1,-7.6,2.4,11.6,1.0,6.0,17.8,20.0,0.8,0.9,0.1,4.5,4.7,14.9,9.3,6.0,8.4,20.0,0.8,0.9,0.1,0.1,3.1,3.4,1.8,3.0,2.7,16.0,1.0,0.8,0.2,-0.7,3.6,5.2,2.3,3.0,4.4,16.0,1.0,0.8,0.2,40.5,294.5,1310.5,649.0,6.0,837.5,20.0,0.8,0.9,0.1,40.0,295.0,1310.0,650.0,6.0,835.0,20.0,0.8,0.9,0.1
1974,2,300.0,57.0,,,,,,,,,,,,,,,,,,,,,,,,,,,,,,,,,,,,,,,,5.32,6.0,6.68,6.0,2.0,1.41,12.0,0.0,0.6,0.3,0.56,1.75,2.94,1.75,2.0,2.47,12.0,0.0,0.6,0.3,-5.89,-5.53,-5.17,-5.53,2.0,0.75,12.0,0.0,0.6,0.3,1003.76,1003.9,1004.04,1003.9,2.0,0.28,12.0,0.0,0.6,0.3,,,,,,,,,,,,,,,,,,,,,,,,,,,,,,,,,,,,,,,,,,,,,,,,,,,,,,,,,,,,,,,,,,,,,,,,,,,,,,,,,,,,,,,,,,,,,,,,,,,,,,,,,,,,,,,,,,,,,,,,,,,,,,,,,,,,,,,,,,,,,,,,,,,,,,
1974,2,300.0,59.0,,,,,,,,,,,,,,,,,,,,,,,,,,,,,,,,,,,,,,,,6.0,6.0,6.0,6.0,1.0,0.0,10.0,1.0,0.8,0.7,-2.05,-2.05,-2.05,-2.05,1.0,0.0,10.0,1.0,0.8,0.7,-5.64,-5.64,-5.64,-5.64,1.0,0.0,10.0,1.0,0.8,0.7,1006.1,1006.1,1006.1,1006.1,1.0,0.0,10.0,1.0,0.8,0.7,,,,,,,,,,,,,,,,,,,,,,,,,,,,,,,,,,,,,,,,,,,,,,,,,,,,,,,,,,,,,,,,,,,,,,,,,,,,,,,,,,,,,,,,,,,,,,,,,,,,,,,,,,,,,,,,,,,,,,,,,,,,,,,,,,,,,,,,,,,,,,,,,,,,,,
1974,2,301.0,-63.0,0.0,1.1,1.97,0.89,14.0,1.01,12.0,0.6,0.4,0.7,1.06,2.25,3.94,2.43,14.0,1.54,12.0,0.6,0.4,0.7,3.92,4.13,4.35,4.12,11.0,0.35,14.0,0.5,0.5,0.6,84.7,86.7,94.5,89.6,11.0,5.4,14.0,0.5,0.6,3.66,6.45,15.4,8.44,14.0,5.32,12.0,0.6,0.4,0.7,0.93,5.95,13.27,6.89,14.0,5.87,12.0,0.6,0.4,0.7,-2.66,0.0,4.26,0.54,14.0,4.35,12.0,0.6,0.4,0.7,992.0,999.2,1003.4,998.91,14.0,6.31,12.0,0.6,0.4,0.7,2.1,8.0,8.0,5.8,14.0,2.9,12.0,0.6,0.4,0.7,2.6,38.4,203.9,85.9,14.0,94.0,12.0,0.6,0.4,0.7,-19.1,0.0,25.4,5.0,14.0,57.1,12.0,0.6,0.4,0.7,-3.94,-1.0,0.19,-1.54,14.0,1.88,12.0,0.6,0.4,0.7,-30.5,-9.0,0.2,-16.0,14.0,21.9,12.0,0.6,0.4,0.7,-0.34,0.0,0.32,-0.05,11.0,0.39,14.0,0.5,0.5,0.6,-3.4,0.0,2.0,-1.0,11.0,4.9,14.0,0.5,0.5,0.6,0.0,17.7,30.3,19.0,14.0,21.3,12.0,0.6,0.4,0.7,-7.7,0.0,13.4,1.7,14.0,11.2,12.0,0.6,0.4,0.7,13.1,39.0,57.6,35.9,11.0,23.1,14.0,0.5,0.5,0.6,-13.2,0.0,17.0,2.1,11.0,19.0,14.0,0.5,0.5,0.6,-3.1,-0.3,1.5,-1.4,11.0,4.5,14.0,0.5,0.5,0.6,-1.5,0.0,1.0,0.0,11.0,1.7,14.0,0.5,0.5,0.6,50.0,269.5,3652.5,1303.0,14.0,1614.5,12.0,0.6,0.4,0.7,50.0,270.0,3650.0,1305.0,14.0,1615.0,12.0,0.6,0.4,0.7
1974,2,301.0,-55.0,8.2,8.2,8.2,8.2,1.0,0.0,14.0,0.0,0.4,0.6,7.0,7.0,7.0,7.0,1.0,0.0,14.0,0.0,0.4,0.6,5.8,5.8,5.8,5.8,1.0,0.0,14.0,0.0,0.4,0.6,93.3,93.3,93.3,93.3,1.0,0.0,14.0,0.0,0.6,10.8,10.8,10.8,10.8,1.0,0.0,14.0,0.0,0.4,0.6,5.4,5.4,5.4,5.4,1.0,0.0,14.0,0.0,0.4,0.6,-9.35,-9.35,-9.35,-9.35,1.0,0.0,14.0,0.0,0.4,0.6,1011.4,1011.4,1011.4,1011.4,1.0,0.0,14.0,0.0,0.4,0.6,6.0,6.0,6.0,6.0,1.0,0.0,14.0,0.0,0.4,0.6,58.3,58.3,58.3,58.3,1.0,0.0,14.0,0.0,0.4,0.6,-101.0,-101.0,-101.0,-101.0,1.0,0.0,14.0,0.0,0.4,0.6,1.2,1.2,1.2,1.2,1.0,0.0,14.0,0.0,0.4,0.6,13.0,13.0,13.0,13.0,1.0,0.0,14.0,0.0,0.4,0.6,0.95,0.95,0.95,0.95,1.0,0.0,14.0,0.0,0.4,0.6,10.2,10.2,10.2,10.2,1.0,0.0,14.0,0.0,0.4,0.6,37.8,37.8,37.8,37.8,1.0,0.0,14.0,0.0,0.4,0.6,-65.5,-65.5,-65.5,-65.5,1.0,0.0,14.0,0.0,0.4,0.6,31.3,31.3,31.3,31.3,1.0,0.0,14.0,0.0,0.4,0.6,-54.2,-54.2,-54.2,-54.2,1.0,0.0,14.0,0.0,0.4,0.6,5.1,5.1,5.1,5.1,1.0,0.0,14.0,0.0,0.4,0.6,-8.9,-8.9,-8.9,-8.9,1.0,0.0,14.0,0.0,0.4,0.6,1259.5,1259.5,1259.5,1259.5,1.0,0.0,14.0,0.0,0.4,0.6,1260.0,1260.0,1260.0,1260.0,1.0,0.0,14.0,0.0,0.4,0.6
1974,2,301.0,-54.0,9.0,9.0,9.0,9.0,2.0,0.0,18.0,0.0,0.7,0.5,8.09,9.35,10.61,9.35,2.0,2.62,18.0,0.0,0.7,0.5,5.01,5.01,5.01,5.01,1.0,0.0,14.0,0.0,0.7,0.5,78.5,78.5,78.5,78.5,1.0,0.0,14.0,0.0,0.5,5.3,6.8,8.3,6.8,2.0,3.11,18.0,0.0,0.7,0.5,1.16,1.94,2.72,1.94,2.0,1.61,18.0,0.0,0.7,0.5,-7.83,-6.49,-5.15,-6.49,2.0,2.78,18.0,0.0,0.7,0.5,1003.33,1009.2,1015.07,1009.2,2.0,12.16,18.0,0.0,0.7,0.5,3.0,5.0,7.0,5.0,2.0,4.2,18.0,0.0,0.7,0.5,7.5,15.7,23.9,15.7,2.0,17.0,18.0,0.0,0.7,0.5,-67.3,-48.5,-29.6,-48.5,2.0,39.1,18.0,0.0,0.7,0.5,-1.61,-0.35,0.91,-0.35,2.0,2.62,18.0,0.0,0.7,0.5,-15.6,-6.4,2.7,-6.4,2.0,18.9,18.0,0.0,0.7,0.5,2.07,2.07,2.07,2.07,1.0,0.0,14.0,0.0,0.7,0.5,9.5,9.5,9.5,9.5,1.0,0.0,14.0,0.0,0.7,0.5,10.5,20.2,30.0,20.2,2.0,20.1,18.0,0.0,0.7,0.5,-85.1,-64.3,-43.6,-64.3,2.0,43.0,18.0,0.0,0.7,0.5,4.0,4.0,4.0,4.0,1.0,0.0,14.0,0.0,0.7,0.5,-22.7,-22.7,-22.7,-22.7,1.0,0.0,14.0,0.0,0.7,0.5,1.7,1.7,1.7,1.7,1.0,0.0,14.0,0.0,0.7,0.5,-9.4,-9.4,-9.4,-9.4,1.0,0.0,14.0,0.0,0.7,0.5,197.5,413.0,629.0,413.0,2.0,446.5,18.0,0.0,0.7,0.5,200.0,415.0,630.0,415.0,2.0,445.0,18.0,0.0,0.7,0.5
1974,2,301.0,-53.0,,,,,,,,,,,,,,,,,,,,,,,,,,,,,,,,,,,,,,,,10.0,10.0,10.0,10.0,1.0,0.0,8.0,1.0,0.7,0.3,6.43,6.43,6.43,6.43,1.0,0.0,8.0,1.0,0.7,0.3,7.66,7.66,7.66,7.66,1.0,0.0,8.0,1.0,0.7,0.3,1009.5,1009.5,1009.5,1009.5,1.0,0.0,8.0,1.0,0.7,0.3,,,,,,,,,,,,,,,,,,,,,,,,,,,,,,,,,,,,,,,,,,,,,,,,,,,,,,,,,,,,,,,,,,,,,,,,,,,,,,,,,,,,,,,,,,,,,,,,,,,,,,,,,,,,,,,,,,,,,,,,,,,,,,,,,,,,,,,,,,,,,,,,,,,,,,
1974,2,301.0,-52.0,9.8,9.8,9.8,9.8,1.0,0.0,10.0,0.0,0.1,0.9,8.2,8.2,8.2,8.2,1.0,0.0,10.0,0.0,0.1,0.9,6.17,6.17,6.17,6.17,1.0,0.0,10.0,0.0,0.1,0.9,92.1,92.1,92.1,92.1,1.0,0.0,10.0,0.0,0.9,7.7,7.7,7.7,7.7,1.0,0.0,10.0,0.0,0.1,0.9,1.34,1.34,1.34,1.34,1.0,0.0,10.0,0.0,0.1,0.9,7.58,7.58,7.58,7.58,1.0,0.0,10.0,0.0,0.1,0.9,1018.7,1018.7,1018.7,1018.7,1.0,0.0,10.0,0.0,0.1,0.9,4.0,4.0,4.0,4.0,1.0,0.0,10.0,0.0,0.1,0.9,10.3,10.3,10.3,10.3,1.0,0.0,10.0,0.0,0.1,0.9,58.4,58.4,58.4,58.4,1.0,0.0,10.0,0.0,0.1,0.9,1.6,1.6,1.6,1.6,1.0,0.0,10.0,0.0,0.1,0.9,12.3,12.3,12.3,12.3,1.0,0.0,10.0,0.0,0.1,0.9,1.3,1.3,1.3,1.3,1.0,0.0,10.0,0.0,0.1,0.9,10.0,10.0,10.0,10.0,1.0,0.0,10.0,0.0,0.1,0.9,11.0,11.0,11.0,11.0,1.0,0.0,10.0,0.0,0.1,0.9,62.2,62.2,62.2,62.2,1.0,0.0,10.0,0.0,0.1,0.9,8.2,8.2,8.2,8.2,1.0,0.0,10.0,0.0,0.1,0.9,46.8,46.8,46.8,46.8,1.0,0.0,10.0,0.0,0.1,0.9,1.7,1.7,1.7,1.7,1.0,0.0,10.0,0.0,0.1,0.9,9.8,9.8,9.8,9.8,1.0,0.0,10.0,0.0,0.1,0.9,456.5,456.5,456.5,456.5,1.0,0.0,10.0,0.0,0.1,0.9,455.0,455.0,455.0,455.0,1.0,0.0,10.0,0.0,0.1,0.9
1974,2,301.0,-48.0,11.4,12.05,12.7,12.05,2.0,1.34,12.0,0.5,0.3,0.4,12.89,13.5,14.11,13.5,2.0,1.27,12.0,0.5,0.3,0.4,7.77,8.06,8.35,8.06,2.0,0.59,12.0,0.5,0.3,0.4,78.3,84.5,90.7,84.5,2.0,12.9,12.0,0.5,0.4,6.99,11.05,15.11,11.05,2.0,8.41,12.0,0.5,0.3,0.4,0.76,2.4,4.03,2.4,2.0,3.39,12.0,0.5,0.3,0.4,-14.03,-7.63,-1.23,-7.63,2.0,13.25,12.0,0.5,0.3,0.4,1011.72,1013.05,1014.38,1013.05,2.0,2.76,12.0,0.5,0.3,0.4,6.0,6.0,6.0,6.0,1.0,0.0,2.0,1.0,0.6,0.3,3.9,12.2,20.6,12.2,2.0,17.3,12.0,0.5,0.3,0.4,-241.7,-140.1,-38.4,-140.1,2.0,210.6,12.0,0.5,0.3,0.4,-2.71,-1.45,-0.19,-1.45,2.0,2.62,12.0,0.5,0.3,0.4,-46.9,-27.0,-7.2,-27.0,2.0,41.1,12.0,0.5,0.3,0.4,0.58,0.68,0.78,0.68,2.0,0.21,12.0,0.5,0.3,0.4,5.0,6.6,8.2,6.6,2.0,3.4,12.0,0.5,0.3,0.4,9.6,30.2,50.8,30.2,2.0,42.7,12.0,0.5,0.3,0.4,-202.5,-111.4,-20.4,-111.4,2.0,188.6,12.0,0.5,0.3,0.4,6.4,20.3,34.2,20.3,2.0,28.7,12.0,0.5,0.3,0.4,-106.9,-57.5,-8.2,-57.5,2.0,102.3,12.0,0.5,0.3,0.4,0.6,2.0,3.3,2.0,2.0,2.8,12.0,0.5,0.3,0.4,-7.3,-3.8,-0.2,-3.8,2.0,7.4,12.0,0.5,0.3,0.4,891.5,2523.0,4154.5,2523.0,2.0,3380.0,12.0,0.5,0.3,0.4,890.0,2525.0,4155.0,2525.0,2.0,3380.0,12.0,0.5,0.3,0.4
1974,2,301.0,-47.0,13.0,13.0,13.0,13.0,1.0,0.0,24.0,1.0,0.9,1.0,14.68,15.5,15.5,15.1,3.0,0.69,24.0,0.7,0.5,0.6,8.35,8.67,8.67,8.52,3.0,0.27,24.0,0.7,0.5,0.6,76.7,80.2,84.2,80.4,3.0,5.5,24.0,0.7,0.6,2.99,4.9,6.81,4.9,2.0,3.96,24.0,0.5,0.5,0.9,-0.19,0.96,2.1,0.96,2.0,2.37,24.0,0.5,0.5,0.9,-5.77,-2.63,0.51,-2.63,2.0,6.51,24.0,0.5,0.5,0.9,1012.32,1015.8,1019.42,1015.87,3.0,5.2,24.0,0.7,0.5,0.6,2.0,4.0,6.0,4.0,2.0,4.2,24.0,1.0,0.7,0.6,1.9,9.4,16.8,9.4,2.0,15.4,24.0,0.5,0.5,0.9,-46.2,-25.8,-5.4,-25.8,2.0,42.3,24.0,0.5,0.5,0.9,-1.3,-1.3,-1.3,-1.3,1.0,0.0,24.0,1.0,0.9,1.0,-2.7,-2.7,-2.7,-2.7,1.0,0.0,24.0,1.0,0.9,1.0,0.59,0.59,0.59,0.59,1.0,0.0,24.0,1.0,0.9,1.0,1.2,1.2,1.2,1.2,1.0,0.0,24.0,1.0,0.9,1.0,-2.2,15.3,32.7,15.3,2.0,36.1,24.0,0.5,0.5,0.9,-89.9,-42.0,5.9,-42.0,2.0,99.3,24.0,0.5,0.5,0.9,-1.8,7.7,17.2,7.7,2.0,19.7,24.0,0.5,0.5,0.9,-47.2,-21.1,5.0,-21.1,2.0,54.1,24.0,0.5,0.5,0.9,-0.4,-0.4,-0.4,-0.4,1.0,0.0,24.0,1.0,0.9,1.0,1.2,1.2,1.2,1.2,1.0,0.0,24.0,1.0,0.9,1.0,80.0,233.0,385.5,233.0,2.0,316.5,24.0,0.5,0.5,0.9,80.0,235.0,385.0,235.0,2.0,315.0,24.0,0.5,0.5,0.9
1974,2,301.0,-46.0,,,,,,,,,,,,,,,,,,,,,,,,,,,,,,,,,,,,,,,,2.58,3.6,5.99,4.25,4.0,2.44,24.0,0.3,0.5,0.5,-1.81,-1.51,0.71,-0.59,4.0,2.16,24.0,0.3,0.5,0.5,-3.15,1.86,3.15,0.09,4.0,4.99,24.0,0.3,0.5,0.5,1015.29,1020.35,1021.9,1018.68,4.0,4.67,24.0,0.3,0.5,0.5,6.6,8.0,8.0,7.3,3.0,1.2,24.0,0.3,0.6,0.5,-6.0,-4.6,9.0,1.2,4.0,12.7,24.0,0.3,0.5,0.5,-27.8,5.1,11.8,-7.4,4.0,32.6,24.0,0.3,0.5,0.5,,,,,,,,,,,,,,,,,,,,,,,,,,,,,,,,,,,,,,,,,-27.3,-22.7,8.0,-10.2,4.0,29.9,24.0,0.3,0.5,0.5,-39.5,28.1,47.0,4.9,4.0,67.7,24.0,0.3,0.5,0.5,-14.6,-12.4,6.5,-4.4,4.0,18.3,24.0,0.3,0.5,0.5,-27.6,15.0,25.5,-0.3,4.0,42.6,24.0,0.3,0.5,0.5,,,,,,,,,,,,,,,,,,,,,,,,,,,,,,,,,,,,,,,,
1974,2,301.0,-45.0,14.0,14.0,14.0,14.0,1.0,0.0,4.0,0.0,0.7,0.8,14.5,15.15,15.94,15.1,8.0,0.73,16.0,0.5,0.4,0.7,8.94,9.03,9.24,8.96,7.0,0.42,18.0,0.6,0.3,0.7,80.2,82.3,90.1,84.3,7.0,4.8,18.0,0.6,0.7,2.5,5.1,7.82,5.2,7.0,3.19,18.0,0.6,0.3,0.7,-4.49,-1.99,0.25,-1.64,7.0,3.69,18.0,0.6,0.3,0.7,-5.28,-3.28,-0.23,-3.35,7.0,3.46,18.0,0.6,0.3,0.7,1008.3,1012.3,1015.39,1012.85,8.0,4.38,16.0,0.5,0.4,0.7,1.6,6.0,8.0,5.0,6.0,3.5,14.0,0.5,0.4,0.7,-23.6,-5.2,2.5,-5.7,7.0,30.5,18.0,0.6,0.3,0.7,-40.7,-16.7,0.1,-25.9,7.0,32.5,18.0,0.6,0.3,0.7,,,,,,,,,,,,,,,,,,,,,,,,,,,,,,,,,,,,,,,,,-63.6,-30.9,3.8,-23.9,7.0,55.1,18.0,0.6,0.3,0.7,-84.2,-52.5,-3.2,-51.0,7.0,53.2,18.0,0.6,0.3,0.7,-40.4,-17.9,2.3,-14.7,7.0,34.0,18.0,0.6,0.3,0.7,-47.8,-29.8,-1.7,-30.8,7.0,32.1,18.0,0.6,0.3,0.7,,,,,,,,,,,,,,,,,,,,,,,,,,,,,,,,,,,,,,,,
1974,2,301.0,-44.0,11.64,13.0,13.52,12.6,4.0,1.54,20.0,0.5,0.4,0.7,12.47,14.5,15.55,14.43,13.0,2.06,16.0,0.5,0.6,0.5,6.31,8.55,9.26,7.88,11.0,1.49,16.0,0.5,0.6,0.6,65.4,80.2,92.1,79.0,11.0,12.7,16.0,0.5,0.6,0.03,2.6,5.94,2.81,14.0,2.51,16.0,0.6,0.6,0.5,-2.13,0.0,0.42,-0.5,14.0,1.95,16.0,0.6,0.6,0.5,-3.94,-0.25,1.28,-0.64,14.0,3.22,16.0,0.6,0.6,0.5,1014.93,1016.3,1027.05,1019.46,14.0,7.11,16.0,0.6,0.6,0.5,2.1,6.5,8.0,5.3,14.0,2.8,16.0,0.6,0.6,0.5,-5.5,0.0,1.1,-2.5,14.0,10.9,16.0,0.6,0.6,0.5,-16.8,-0.1,3.2,-2.5,14.0,19.3,16.0,0.6,0.6,0.5,-3.91,-1.15,-0.6,-2.2,4.0,2.58,20.0,0.5,0.4,0.7,-7.9,-4.8,-2.4,-5.1,4.0,3.6,20.0,0.5,0.4,0.7,-0.09,-0.03,0.03,-0.03,2.0,0.13,20.0,0.5,0.4,1.0,-0.2,0.0,0.2,0.0,2.0,0.4,20.0,0.5,0.4,1.0,-36.7,0.0,6.8,-8.5,13.0,28.0,16.0,0.5,0.6,0.5,-57.9,-8.0,18.9,-16.2,13.0,33.0,16.0,0.5,0.6,0.5,-27.2,0.0,1.3,-8.2,11.0,16.4,16.0,0.5,0.6,0.6,-28.4,-4.5,5.0,-8.9,11.0,17.6,16.0,0.5,0.6,0.6,-0.2,-0.1,0.0,-0.1,2.0,0.2,20.0,0.5,0.4,1.0,-0.1,0.1,0.2,0.1,2.0,0.4,20.0,0.5,0.4,1.0,0.0,17.5,210.5,77.5,14.0,118.0,16.0,0.6,0.6,0.5,0.0,20.0,210.0,80.0,14.0,120.0,16.0,0.6,0.6,0.5
1974,2,301.0,-43.0,12.59,13.0,13.41,13.0,6.0,1.26,18.0,0.2,0.5,0.3,13.17,14.0,14.52,13.54,7.0,1.45,16.0,0.1,0.5,0.3,9.03,9.32,9.57,9.21,6.0,0.64,18.0,0.2,0.4,0.3,87.8,95.2,98.1,92.6,6.0,7.3,18.0,0.2,0.3,2.55,2.6,9.06,4.97,7.0,3.54,16.0,0.1,0.5,0.3,-1.07,0.0,1.98,0.28,7.0,3.15,16.0,0.1,0.5,0.3,-4.28,-1.5,2.81,-0.9,7.0,5.51,16.0,0.1,0.5,0.3,1008.69,1010.0,1021.91,1013.67,7.0,7.89,16.0,0.1,0.5,0.3,6.0,7.0,8.0,7.1,7.0,0.9,16.0,0.1,0.5,0.3,-3.6,0.0,20.0,5.5,7.0,24.9,16.0,0.1,0.5,0.3,-28.5,-2.2,9.4,-9.0,7.0,49.9,16.0,0.1,0.5,0.3,-2.13,-0.8,0.69,-0.38,6.0,2.59,18.0,0.2,0.5,0.3,-8.5,-3.1,8.0,2.4,6.0,19.1,18.0,0.2,0.5,0.3,-0.74,-0.19,0.0,-0.37,5.0,0.49,20.0,0.2,0.5,0.3,-3.8,-0.5,0.0,-1.7,5.0,2.3,20.0,0.2,0.5,0.3,-15.1,0.0,26.9,0.7,7.0,39.2,16.0,0.1,0.5,0.3,-61.9,-19.9,40.3,-15.8,7.0,72.6,16.0,0.1,0.5,0.3,-14.4,0.0,3.6,-4.8,6.0,18.3,18.0,0.2,0.4,0.3,-45.7,-19.1,23.2,-20.3,6.0,45.5,18.0,0.2,0.4,0.3,-0.3,0.0,0.4,0.0,5.0,0.7,20.0,0.2,0.5,0.3,-1.3,0.0,1.9,0.4,5.0,2.9,20.0,0.2,0.5,0.3,17.0,17.5,746.5,302.5,7.0,436.5,16.0,0.1,0.5,0.3,15.0,20.0,745.0,300.0,7.0,435.0,16.0,0.1,0.5,0.3
1974,2,301.0,-41.0,15.82,18.0,19.37,17.7,5.0,1.92,16.0,0.0,0.3,0.8,16.79,18.0,18.81,17.92,6.0,1.36,14.0,0.2,0.4,0.8,6.61,9.01,11.08,8.85,4.0,2.83,14.0,0.0,0.3,0.9,56.1,76.9,86.9,71.8,4.0,21.2,14.0,0.0,0.9,3.79,6.7,9.3,6.45,6.0,2.71,14.0,0.2,0.4,0.8,0.63,2.72,4.13,2.61,6.0,2.81,14.0,0.2,0.4,0.8,-7.04,2.58,5.84,0.27,6.0,6.41,14.0,0.2,0.4,0.8,995.48,1012.9,1018.45,1009.38,6.0,12.08,14.0,0.2,0.4,0.8,0.0,5.5,8.0,4.5,6.0,3.8,14.0,0.2,0.4,0.8,3.5,15.1,37.2,21.0,6.0,25.5,14.0,0.2,0.4,0.8,-51.9,9.6,42.3,-2.0,6.0,51.8,14.0,0.2,0.4,0.8,-1.87,1.0,2.0,0.2,5.0,2.08,16.0,0.0,0.3,0.8,-9.2,8.2,10.8,2.1,5.0,11.7,16.0,0.0,0.3,0.8,0.1,2.89,7.06,3.55,4.0,4.38,14.0,0.0,0.3,0.9,3.6,14.5,41.4,22.1,4.0,27.6,14.0,0.0,0.3,0.9,13.8,49.5,72.9,46.9,6.0,47.3,14.0,0.2,0.4,0.8,-137.2,42.8,102.2,0.4,6.0,116.4,14.0,0.2,0.4,0.8,2.8,22.5,50.5,26.4,4.0,34.4,14.0,0.0,0.3,0.9,22.7,31.0,46.5,34.4,4.0,18.7,14.0,0.0,0.3,0.9,-4.3,2.8,19.6,7.4,4.0,16.5,14.0,0.0,0.3,0.9,2.4,12.2,36.5,19.2,4.0,24.0,14.0,0.0,0.3,0.9,58.5,301.0,804.5,383.0,6.0,346.5,14.0,0.2,0.4,0.8,60.0,300.0,805.0,385.0,6.0,345.0,14.0,0.2,0.4,0.8
1974,2,301.0,-40.0,18.0,18.5,20.0,18.63,15.0,1.29,14.0,0.6,0.5,0.7,17.19,18.5,20.62,19.25,16.0,2.81,14.0,0.6,0.4,0.6,8.77,11.77,13.87,11.3,15.0,3.04,14.0,0.6,0.5,0.7,70.2,80.8,91.1,79.6,15.0,13.7,14.0,0.6,0.7,1.61,5.4,6.7,5.05,16.0,2.72,14.0,0.6,0.4,0.6,-3.75,0.82,4.45,0.43,16.0,3.7,14.0,0.6,0.4,0.6,-4.13,0.38,4.13,-0.1,16.0,4.55,14.0,0.6,0.4,0.6,1009.0,1011.8,1017.62,1011.76,16.0,7.4,14.0,0.6,0.4,0.6,1.4,3.5,7.6,4.1,16.0,2.9,14.0,0.6,0.4,0.6,-24.7,0.8,29.8,1.1,16.0,26.5,14.0,0.6,0.4,0.6,-26.4,0.4,23.9,-3.8,16.0,34.1,14.0,0.6,0.4,0.6,-4.33,0.0,1.89,-0.7,15.0,3.11,14.0,0.6,0.5,0.7,-11.6,0.0,7.4,-1.6,15.0,10.7,14.0,0.6,0.5,0.7,-1.36,1.71,4.97,2.09,15.0,3.09,14.0,0.6,0.5,0.7,-5.7,7.0,29.9,11.0,15.0,16.0,14.0,0.6,0.5,0.7,-71.3,15.9,80.2,6.8,16.0,69.5,14.0,0.6,0.4,0.6,-97.2,6.5,72.9,-5.7,16.0,85.2,14.0,0.6,0.4,0.6,-49.4,5.9,28.8,0.1,15.0,43.0,14.0,0.6,0.5,0.7,-62.0,0.0,34.8,-10.0,15.0,48.8,14.0,0.6,0.5,0.7,-6.3,0.7,8.1,1.2,15.0,10.4,14.0,0.6,0.5,0.7,-9.3,1.2,21.9,4.5,15.0,15.9,14.0,0.6,0.5,0.7,7.5,185.0,301.0,232.0,16.0,257.5,14.0,0.6,0.4,0.6,5.0,185.0,300.0,230.0,16.0,260.0,14.0,0.6,0.4,0.6
1974,2,301.0,-39.0,17.0,18.0,18.89,17.75,8.0,1.49,14.0,0.5,0.6,0.3,17.0,18.0,21.76,18.92,12.0,3.2,14.0,0.5,0.6,0.3,8.75,10.52,14.14,10.89,8.0,2.58,14.0,0.5,0.6,0.3,71.5,79.9,87.4,78.9,8.0,8.8,14.0,0.5,0.3,2.6,4.6,6.7,4.89,12.0,1.76,14.0,0.5,0.6,0.3,-3.35,-0.89,1.1,-1.13,12.0,2.56,14.0,0.5,0.6,0.3,-4.49,-0.5,5.22,0.11,12.0,4.61,14.0,0.5,0.6,0.3,1008.77,1015.5,1020.33,1014.84,12.0,6.45,14.0,0.5,0.6,0.3,1.5,4.5,7.0,4.2,12.0,2.8,14.0,0.5,0.6,0.3,-22.4,-3.3,3.7,-7.0,12.0,15.7,14.0,0.5,0.6,0.3,-22.2,-1.5,29.0,0.4,12.0,27.7,14.0,0.5,0.6,0.3,-3.78,-0.5,1.0,-1.25,8.0,3.45,14.0,0.5,0.6,0.3,-15.2,-1.3,3.9,-7.3,8.0,20.4,14.0,0.5,0.6,0.3,-0.25,1.52,4.06,1.73,8.0,2.47,14.0,0.5,0.6,0.3,-0.6,6.9,15.3,5.7,8.0,10.2,14.0,0.5,0.6,0.3,-78.4,-15.1,19.9,-26.0,12.0,53.6,14.0,0.5,0.6,0.3,-76.0,-9.1,91.7,-3.2,12.0,88.7,14.0,0.5,0.6,0.3,-42.0,-4.8,6.9,-10.1,8.0,25.7,14.0,0.5,0.6,0.3,-38.0,-6.5,36.8,-5.8,8.0,50.0,14.0,0.5,0.6,0.3,0.0,1.5,3.5,0.9,8.0,4.5,14.0,0.5,0.6,0.3,0.1,5.9,11.4,4.1,8.0,10.1,14.0,0.5,0.6,0.3,17.5,101.0,301.0,158.0,12.0,130.0,14.0,0.5,0.6,0.3,20.0,100.0,300.0,160.0,12.0,130.0,14.0,0.5,0.6,0.3
1974,2,301.0,-35.0,,,,,,,,,,,,,,,,,,,,,,,,,,,,,,,,,,,,,,,,15.4,15.4,15.4,15.4,1.0,0.0,6.0,0.0,1.0,0.6,-9.9,-9.9,-9.9,-9.9,1.0,0.0,6.0,0.0,1.0,0.6,-11.8,-11.8,-11.8,-11.8,1.0,0.0,6.0,0.0,1.0,0.6,1004.77,1007.3,1009.83,1007.3,2.0,5.23,6.0,0.0,1.0,0.5,,,,,,,,,,,,,,,,,,,,,,,,,,,,,,,,,,,,,,,,,,,,,,,,,,,,,,,,,,,,,,,,,,,,,,,,,,,,,,,,,,,,,,,,,,,,,,,,,,,,,,,,,,,,,,,,,,,,,,,,,,,,,,,,,,,,,,,,,,,,,,,,,,,,,,
1974,2,301.0,6.0,26.12,26.85,27.29,26.75,14.0,0.61,10.0,0.4,0.8,0.8,26.02,26.7,27.0,26.69,14.0,0.57,10.0,0.4,0.8,0.8,16.12,16.54,17.5,16.77,13.0,1.03,10.0,0.4,0.8,0.8,74.5,76.3,78.5,77.2,13.0,5.0,10.0,0.4,0.8,7.23,8.2,8.67,7.96,14.0,0.87,10.0,0.4,0.8,0.8,-7.07,-5.9,-5.52,-6.17,14.0,1.21,10.0,0.4,0.8,0.8,-5.97,-5.11,-2.84,-4.71,14.0,1.65,10.0,0.4,0.8,0.8,1009.32,1011.2,1012.39,1011.01,14.0,1.56,10.0,0.4,0.8,0.8,1.0,3.0,4.1,2.8,10.0,1.8,10.0,0.6,0.8,0.8,-62.4,-47.0,-38.2,-49.6,14.0,14.0,10.0,0.4,0.8,0.8,-55.0,-40.7,-22.5,-37.9,14.0,14.9,10.0,0.4,0.8,0.8,-0.49,0.15,0.77,0.06,14.0,0.63,10.0,0.4,0.8,0.8,-3.8,1.3,6.4,0.5,14.0,5.0,10.0,0.4,0.8,0.8,4.38,5.66,6.23,5.22,13.0,1.34,10.0,0.4,0.8,0.8,29.7,49.1,50.9,42.3,13.0,12.4,10.0,0.4,0.8,0.8,-189.6,-160.1,-145.9,-164.8,14.0,33.3,10.0,0.4,0.8,0.8,-160.0,-137.8,-73.9,-125.7,14.0,44.7,10.0,0.4,0.8,0.8,-117.3,-99.4,-89.6,-104.0,13.0,23.5,10.0,0.4,0.8,0.8,-99.0,-82.1,-45.0,-77.7,13.0,27.3,10.0,0.4,0.8,0.8,-41.1,-33.4,-24.5,-32.5,13.0,10.8,10.0,0.4,0.8,0.8,-34.6,-28.0,-14.3,-25.3,13.0,11.8,10.0,0.4,0.8,0.8,378.5,551.5,651.5,522.0,14.0,163.5,10.0,0.4,0.8,0.8,380.0,550.0,650.0,520.0,14.0,165.0,10.0,0.4,0.8,0.8
1974,2,301.0,7.0,26.5,26.8,27.0,26.77,49.0,0.33,16.0,0.6,0.9,0.2,25.95,26.4,27.05,26.33,48.0,0.79,16.0,0.6,0.9,0.2,16.29,17.3,18.07,17.23,48.0,1.02,16.0,0.6,0.9,0.2,75.4,80.1,86.6,80.6,48.0,5.9,16.0,0.6,0.2,7.95,9.3,10.3,9.19,42.0,1.15,16.0,0.6,0.9,0.2,-8.92,-7.53,-5.94,-7.57,42.0,1.28,16.0,0.6,0.9,0.2,-6.48,-5.05,-3.27,-4.92,42.0,1.65,16.0,0.6,0.9,0.2,1010.36,1011.8,1012.9,1011.64,49.0,1.17,16.0,0.6,0.9,0.2,2.8,3.0,6.2,3.9,31.0,2.1,16.0,0.8,0.9,0.2,-91.9,-66.3,-48.7,-70.6,42.0,18.9,16.0,0.6,0.9,0.2,-60.0,-48.0,-29.6,-46.2,42.0,18.3,16.0,0.6,0.9,0.2,-0.05,0.4,1.0,0.46,48.0,0.75,16.0,0.6,0.9,0.2,-0.6,3.3,8.2,3.2,41.0,6.2,16.0,0.6,0.9,0.2,3.8,4.74,5.88,4.81,48.0,1.13,16.0,0.6,0.9,0.2,35.8,44.7,56.3,44.5,41.0,10.9,16.0,0.6,0.9,0.2,-232.7,-198.9,-157.8,-198.5,41.0,33.2,16.0,0.6,0.9,0.2,-171.2,-134.4,-86.0,-130.0,41.0,44.7,16.0,0.6,0.9,0.2,-154.3,-130.8,-103.8,-129.1,41.0,23.7,16.0,0.6,0.9,0.2,-113.5,-89.1,-58.5,-84.2,41.0,29.3,16.0,0.6,0.9,0.2,-47.1,-35.9,-26.8,-36.5,41.0,9.9,16.0,0.6,0.9,0.2,-33.5,-24.4,-17.1,-24.1,41.0,9.8,16.0,0.6,0.9,0.2,504.5,804.5,1092.5,812.0,42.0,294.5,16.0,0.6,0.9,0.2,505.0,805.0,1095.0,810.0,42.0,295.0,16.0,0.6,0.9,0.2
1974,2,301.0,8.0,26.63,26.9,27.31,26.97,3.0,0.5,6.0,0.3,0.9,0.5,25.96,26.1,26.37,26.17,3.0,0.31,6.0,0.3,0.9,0.5,17.23,17.99,18.44,17.84,3.0,0.9,6.0,0.3,0.9,0.5,82.3,85.1,85.8,84.1,3.0,2.7,6.0,0.3,0.5,6.49,8.2,9.29,7.9,3.0,2.07,6.0,0.3,0.9,0.5,-8.05,-7.1,-6.09,-7.07,3.0,1.44,6.0,0.3,0.9,0.5,-4.65,-4.1,-1.98,-3.33,3.0,2.07,6.0,0.3,0.9,0.5,1010.49,1010.9,1012.54,1011.5,3.0,1.59,6.0,0.3,0.9,0.5,4.5,5.5,6.5,5.5,2.0,2.1,8.0,0.5,1.0,0.5,-75.3,-58.2,-40.3,-57.8,3.0,25.6,6.0,0.3,0.9,0.5,-43.4,-33.6,-14.5,-29.1,3.0,21.5,6.0,0.3,0.9,0.5,0.4,0.4,1.22,0.8,3.0,0.69,6.0,0.3,0.9,0.5,3.5,3.9,7.5,5.4,3.0,3.2,6.0,0.3,0.9,0.5,3.61,3.71,5.34,4.45,3.0,1.42,6.0,0.3,0.9,0.5,31.0,34.7,35.8,33.4,3.0,3.7,6.0,0.3,0.9,0.5,-210.9,-188.2,-159.0,-185.0,3.0,38.2,6.0,0.3,0.9,0.5,-121.8,-108.6,-52.0,-87.4,3.0,54.3,6.0,0.3,0.9,0.5,-146.3,-132.5,-106.7,-126.6,3.0,29.4,6.0,0.3,0.9,0.5,-84.5,-76.5,-35.7,-60.4,3.0,38.3,6.0,0.3,0.9,0.5,-33.3,-31.5,-27.2,-30.3,3.0,4.6,6.0,0.3,0.9,0.5,-17.0,-14.6,-8.7,-12.9,3.0,6.2,6.0,0.3,0.9,0.5,301.5,551.5,817.5,559.5,3.0,378.0,6.0,0.3,0.9,0.5,300.0,550.0,815.0,560.0,3.0,380.0,6.0,0.3,0.9,0.5
1974,2,301.0,9.0,26.31,27.0,27.89,27.03,16.0,0.73,16.0,0.6,0.5,0.5,25.27,26.0,26.5,25.89,17.0,0.67,16.0,0.6,0.5,0.5,15.3,16.16,17.62,16.36,15.0,1.2,16.0,0.6,0.5,0.5,73.0,78.1,83.1,78.5,15.0,6.1,16.0,0.6,0.5,6.47,7.7,10.3,8.22,17.0,2.69,16.0,0.6,0.5,0.5,-7.89,-6.67,-4.5,-6.81,17.0,2.56,16.0,0.6,0.5,0.5,-6.62,-4.1,-2.21,-4.21,17.0,2.1,16.0,0.6,0.5,0.5,1009.96,1013.0,1013.64,1012.39,17.0,2.42,16.0,0.6,0.5,0.5,2.0,4.0,7.0,4.3,17.0,2.2,16.0,0.6,0.5,0.5,-81.3,-51.3,-34.8,-62.0,17.0,44.5,16.0,0.6,0.5,0.5,-66.8,-33.6,-12.1,-37.9,17.0,27.3,16.0,0.6,0.5,0.5,0.5,0.8,2.16,1.17,16.0,0.88,16.0,0.6,0.5,0.5,3.1,7.8,16.9,9.5,16.0,8.0,16.0,0.6,0.5,0.5,4.84,5.73,7.5,6.09,15.0,1.31,16.0,0.6,0.5,0.5,34.2,46.4,72.9,50.6,15.0,19.3,16.0,0.6,0.5,0.5,-203.7,-176.7,-115.0,-176.4,17.0,65.3,16.0,0.6,0.5,0.5,-169.1,-107.8,-57.8,-108.5,17.0,53.0,16.0,0.6,0.5,0.5,-138.4,-108.4,-76.0,-114.6,15.0,45.0,16.0,0.6,0.5,0.5,-89.8,-67.1,-38.1,-65.9,15.0,30.8,16.0,0.6,0.5,0.5,-59.2,-44.2,-28.8,-42.4,15.0,15.9,16.0,0.6,0.5,0.5,-39.7,-24.2,-11.6,-25.9,15.0,15.1,16.0,0.6,0.5,0.5,272.0,456.5,1092.5,734.5,17.0,759.0,16.0,0.6,0.5,0.5,270.0,455.0,1095.0,735.0,17.0,760.0,16.0,0.6,0.5,0.5
1974,2,301.0,10.0,26.24,26.7,27.39,26.91,15.0,0.9,16.0,0.5,0.4,0.5,25.16,25.6,26.1,25.64,17.0,0.98,16.0,0.5,0.4,0.5,14.32,16.13,17.14,15.8,14.0,1.24,18.0,0.5,0.4,0.4,70.4,78.3,82.8,77.5,15.0,6.5,16.0,0.5,0.5,6.2,9.3,10.76,8.78,17.0,2.45,16.0,0.5,0.4,0.5,-10.35,-8.05,-4.4,-7.72,17.0,2.95,16.0,0.5,0.4,0.5,-4.61,-3.28,-0.72,-2.78,17.0,2.77,16.0,0.5,0.4,0.5,1010.85,1012.85,1014.12,1012.89,16.0,2.26,16.0,0.4,0.4,0.5,1.5,3.0,6.5,3.8,17.0,2.5,16.0,0.5,0.4,0.5,-111.7,-74.9,-27.3,-74.2,17.0,46.4,16.0,0.5,0.4,0.5,-39.5,-24.7,-5.6,-24.1,17.0,25.8,16.0,0.5,0.4,0.5,0.42,1.3,2.28,1.39,15.0,1.21,16.0,0.5,0.4,0.5,3.9,10.8,16.9,12.1,15.0,13.9,16.0,0.5,0.4,0.5,4.66,6.11,8.35,6.52,12.0,2.1,18.0,0.5,0.4,0.4,38.9,48.5,57.3,54.2,12.0,27.1,18.0,0.5,0.4,0.4,-264.7,-207.8,-112.3,-197.9,17.0,75.5,16.0,0.5,0.4,0.5,-117.1,-83.0,-18.4,-70.8,17.0,71.1,16.0,0.5,0.4,0.5,-180.5,-122.7,-68.0,-125.2,14.0,51.6,18.0,0.5,0.4,0.4,-70.1,-56.3,-1.4,-41.2,14.0,49.2,18.0,0.5,0.4,0.4,-50.3,-36.6,-31.3,-46.5,12.0,29.1,18.0,0.5,0.4,0.4,-34.2,-19.0,0.0,-16.7,12.0,20.8,18.0,0.5,0.4,0.4,238.5,804.5,1254.0,828.0,17.0,660.5,16.0,0.5,0.4,0.5,240.0,805.0,1255.0,830.0,17.0,660.0,16.0,0.5,0.4,0.5
1974,2,301.0,11.0,26.0,26.6,27.2,26.59,9.0,0.91,14.0,0.6,0.6,0.4,24.93,25.3,27.21,25.87,9.0,1.37,14.0,0.6,0.6,0.4,15.56,16.46,17.28,16.61,9.0,1.51,14.0,0.6,0.6,0.4,74.4,81.4,85.4,79.9,9.0,6.0,14.0,0.6,0.4,6.33,7.7,10.03,8.48,9.0,2.73,14.0,0.6,0.6,0.4,-9.92,-7.12,-5.91,-8.04,9.0,2.78,14.0,0.6,0.6,0.4,-3.12,-0.99,0.0,-1.48,9.0,2.32,14.0,0.6,0.6,0.4,1011.04,1012.6,1013.12,1012.64,9.0,1.67,14.0,0.6,0.6,0.4,3.0,4.0,5.7,4.4,9.0,1.4,14.0,0.6,0.6,0.4,-99.6,-59.3,-38.6,-74.7,9.0,54.3,14.0,0.6,0.6,0.4,-32.4,-5.6,0.0,-13.0,9.0,22.3,14.0,0.6,0.6,0.4,-0.57,0.7,1.93,0.72,9.0,1.25,14.0,0.6,0.6,0.4,-5.2,4.7,18.6,7.7,9.0,15.1,14.0,0.6,0.6,0.4,3.62,5.67,6.23,5.17,9.0,1.42,14.0,0.6,0.6,0.4,29.1,40.2,65.1,44.6,9.0,21.9,14.0,0.6,0.6,0.4,-262.0,-182.4,-148.8,-207.4,9.0,68.5,14.0,0.6,0.6,0.4,-78.8,-24.7,0.0,-38.0,9.0,59.1,14.0,0.6,0.6,0.4,-178.3,-119.8,-98.2,-134.2,9.0,49.3,14.0,0.6,0.6,0.4,-47.1,-17.3,0.0,-24.1,9.0,37.7,14.0,0.6,0.6,0.4,-64.3,-36.4,-24.3,-42.7,9.0,22.3,14.0,0.6,0.6,0.4,-17.3,-3.6,0.0,-6.5,9.0,11.0,14.0,0.6,0.6,0.4,255.0,456.5,1015.0,796.5,9.0,878.5,14.0,0.6,0.6,0.4,255.0,455.0,1015.0,795.0,9.0,880.0,14.0,0.6,0.6,0.4
1974,2,301.0,12.0,25.59,26.2,26.58,26.15,11.0,0.92,8.0,0.2,0.5,0.4,24.8,25.2,26.29,25.56,10.0,1.05,10.0,0.2,0.5,0.5,15.76,16.78,17.35,16.52,8.0,1.25,8.0,0.3,0.4,0.4,74.1,79.4,84.3,80.2,9.0,5.5,8.0,0.2,0.5,4.89,9.0,9.3,7.84,11.0,2.11,8.0,0.2,0.5,0.4,-9.16,-8.05,-4.81,-7.25,11.0,2.08,8.0,0.2,0.5,0.4,-4.18,-1.61,0.0,-1.92,11.0,2.42,8.0,0.2,0.5,0.4,1010.9,1013.0,1014.37,1012.76,9.0,1.88,10.0,0.2,0.5,0.4,2.6,3.0,4.4,3.5,11.0,1.7,8.0,0.2,0.5,0.4,-85.2,-74.9,-24.0,-60.5,11.0,29.5,8.0,0.2,0.5,0.4,-39.2,-15.0,0.0,-16.7,11.0,20.9,8.0,0.2,0.5,0.4,-0.17,0.45,1.26,0.54,10.0,0.75,10.0,0.2,0.5,0.5,-1.6,3.1,9.6,3.8,10.0,6.4,10.0,0.2,0.5,0.5,3.32,4.35,6.38,4.61,8.0,1.5,8.0,0.3,0.4,0.4,21.7,32.1,47.9,33.8,8.0,12.3,8.0,0.3,0.4,0.4,-238.1,-209.0,-122.0,-191.1,10.0,52.4,10.0,0.2,0.5,0.5,-99.7,-21.6,0.0,-39.5,10.0,54.9,10.0,0.2,0.5,0.5,-158.3,-120.1,-78.7,-118.3,8.0,38.1,8.0,0.3,0.4,0.4,-65.1,-14.0,0.0,-24.9,8.0,37.2,8.0,0.3,0.4,0.4,-43.3,-31.5,-21.3,-31.9,8.0,10.7,8.0,0.3,0.4,0.4,-16.6,-3.4,0.0,-7.4,8.0,10.7,8.0,0.3,0.4,0.4,118.0,729.0,804.5,571.0,11.0,344.0,8.0,0.2,0.5,0.4,120.0,730.0,805.0,570.0,11.0,345.0,8.0,0.2,0.5,0.4
1974,2,301.0,13.0,25.16,25.5,25.84,25.5,3.0,0.5,16.0,0.7,0.5,0.3,25.25,26.0,27.43,26.33,3.0,1.63,16.0,0.7,0.5,0.3,15.27,15.3,15.32,15.3,2.0,0.06,14.0,0.5,0.6,0.2,74.1,75.5,76.9,75.5,2.0,2.8,14.0,0.5,0.2,6.0,9.0,12.0,9.0,3.0,4.4,16.0,0.7,0.5,0.3,-11.41,-8.86,-5.22,-8.33,3.0,4.56,16.0,0.7,0.5,0.3,-4.07,-2.96,-2.01,-3.03,3.0,1.51,16.0,0.7,0.5,0.3,1010.78,1014.6,1015.56,1013.2,3.0,3.7,16.0,0.7,0.5,0.3,3.3,6.0,6.0,4.7,3.0,2.3,16.0,0.7,0.5,0.3,-140.5,-79.8,-36.4,-88.2,3.0,76.6,16.0,0.7,0.5,0.3,-46.4,-14.1,-13.7,-29.7,3.0,27.5,16.0,0.7,0.5,0.3,-2.12,0.0,0.41,-0.83,3.0,1.99,16.0,0.7,0.5,0.3,-19.0,0.0,1.9,-8.4,3.0,17.0,16.0,0.7,0.5,0.3,5.27,5.41,5.54,5.41,2.0,0.28,14.0,0.5,0.6,0.2,32.1,49.5,67.0,49.5,2.0,36.2,14.0,0.5,0.6,0.2,-302.5,-249.1,-138.9,-221.4,3.0,122.2,16.0,0.7,0.5,0.3,-104.7,-73.6,-53.3,-78.9,3.0,37.9,16.0,0.7,0.5,0.3,-171.0,-123.4,-75.9,-123.4,2.0,98.6,14.0,0.5,0.6,0.2,-66.3,-57.7,-49.1,-57.7,2.0,17.8,14.0,0.5,0.6,0.2,-62.3,-44.5,-26.6,-44.5,2.0,36.9,14.0,0.5,0.6,0.2,-24.1,-20.5,-17.0,-20.5,2.0,7.3,14.0,0.5,0.6,0.2,298.0,729.0,1874.0,1077.5,3.0,1193.0,16.0,0.7,0.5,0.3,300.0,730.0,1875.0,1075.0,3.0,1195.0,16.0,0.7,0.5,0.3
1974,2,301.0,14.0,25.55,25.8,26.1,25.83,4.0,0.33,12.0,0.5,0.5,0.4,24.94,25.25,25.77,25.35,4.0,0.62,12.0,0.5,0.5,0.4,15.47,15.87,16.28,15.87,2.0,0.84,6.0,0.5,0.4,0.3,78.3,82.0,83.3,80.8,3.0,3.8,8.0,0.3,0.4,5.6,6.95,9.61,7.58,4.0,3.03,12.0,0.5,0.5,0.4,-8.16,-6.75,-4.84,-6.51,4.0,2.3,12.0,0.5,0.5,0.4,-5.38,-2.62,-1.09,-3.21,4.0,3.18,12.0,0.5,0.5,0.4,1013.16,1013.5,1015.62,1014.37,3.0,1.95,12.0,0.7,0.5,0.4,3.0,5.0,6.0,4.5,4.0,1.9,12.0,0.5,0.5,0.4,-80.6,-47.0,-28.6,-54.2,4.0,38.1,12.0,0.5,0.5,0.4,-54.2,-14.5,-6.5,-29.6,4.0,40.5,12.0,0.5,0.5,0.4,0.1,0.3,0.87,0.48,4.0,0.57,12.0,0.5,0.5,0.4,0.6,2.1,4.5,2.6,4.0,2.6,12.0,0.5,0.5,0.4,4.12,4.56,5.01,4.56,2.0,0.92,6.0,0.5,0.4,0.3,28.0,31.9,35.7,31.9,2.0,8.0,6.0,0.5,0.4,0.3,-210.5,-170.4,-121.4,-166.1,4.0,62.0,12.0,0.5,0.5,0.4,-138.9,-65.5,-27.6,-82.4,4.0,83.7,12.0,0.5,0.5,0.4,-109.0,-106.8,-104.7,-106.8,2.0,4.5,6.0,0.5,0.4,0.3,-31.7,-18.9,-6.0,-18.9,2.0,26.7,6.0,0.5,0.4,0.3,-35.5,-31.1,-26.7,-31.1,2.0,9.1,6.0,0.5,0.4,0.3,-7.5,-4.5,-1.4,-4.5,2.0,6.3,6.0,0.5,0.4,0.3,194.0,337.0,1038.5,603.5,4.0,702.5,12.0,0.5,0.5,0.4,195.0,335.0,1040.0,605.0,4.0,705.0,12.0,0.5,0.5,0.4
1974,2,301.0,15.0,25.35,26.1,26.85,26.1,2.0,1.56,10.0,0.0,0.9,0.4,23.99,24.4,24.81,24.4,2.0,0.85,10.0,0.0,0.9,0.4,13.61,15.37,17.14,15.37,2.0,3.66,10.0,0.0,0.9,0.4,73.3,80.4,87.5,80.4,2.0,14.8,10.0,0.0,0.4,6.69,7.75,8.81,7.75,2.0,2.19,10.0,0.0,0.9,0.4,-8.67,-7.63,-6.59,-7.63,2.0,2.16,10.0,0.0,0.9,0.4,1.16,1.35,1.53,1.35,2.0,0.38,10.0,0.0,0.9,0.4,1012.6,1013.9,1015.2,1013.9,2.0,2.69,10.0,0.0,0.9,0.4,2.0,2.0,2.0,2.0,2.0,0.0,10.0,0.0,0.9,0.4,-77.7,-61.5,-45.4,-61.5,2.0,33.5,10.0,0.0,0.9,0.4,8.0,10.8,13.7,10.8,2.0,5.9,10.0,0.0,0.9,0.4,1.36,1.7,2.04,1.7,2.0,0.71,10.0,0.0,0.9,0.4,11.6,12.4,13.2,12.4,2.0,1.8,10.0,0.0,0.9,0.4,4.99,5.78,6.57,5.78,2.0,1.63,10.0,0.0,0.9,0.4,34.4,46.6,58.8,46.6,2.0,25.3,10.0,0.0,0.9,0.4,-207.6,-185.3,-163.0,-185.3,2.0,46.2,10.0,0.0,0.9,0.4,28.7,32.7,36.6,32.7,2.0,8.1,10.0,0.0,0.9,0.4,-115.9,-113.4,-110.9,-113.4,2.0,5.3,10.0,0.0,0.9,0.4,19.5,20.0,20.4,20.0,2.0,0.9,10.0,0.0,0.9,0.4,-57.9,-45.9,-33.8,-45.9,2.0,24.9,10.0,0.0,0.9,0.4,6.0,8.1,10.2,8.1,2.0,4.4,10.0,0.0,0.9,0.4,328.0,521.5,714.5,521.5,2.0,400.0,10.0,0.0,0.9,0.4,330.0,520.0,715.0,520.0,2.0,400.0,10.0,0.0,0.9,0.4
1974,2,301.0,16.0,24.57,25.0,25.56,25.04,5.0,0.72,16.0,0.6,0.8,0.4,24.13,24.5,25.67,24.88,5.0,1.01,16.0,0.6,0.8,0.4,14.37,15.61,16.25,15.34,5.0,1.1,16.0,0.6,0.8,0.4,70.9,83.0,84.9,78.8,5.0,7.9,16.0,0.6,0.4,4.42,4.6,7.11,5.64,5.0,1.88,16.0,0.6,0.8,0.4,-6.0,-4.04,-3.98,-5.02,5.0,2.0,16.0,0.6,0.8,0.4,-1.8,0.71,2.24,0.49,5.0,2.74,16.0,0.6,0.8,0.4,1015.84,1017.3,1017.56,1016.7,5.0,1.56,16.0,0.6,0.8,0.4,2.0,3.0,4.8,3.6,5.0,2.5,16.0,0.6,0.8,0.4,-42.9,-20.8,-17.7,-31.0,5.0,24.5,16.0,0.6,0.8,0.4,-11.5,2.9,13.1,2.5,5.0,16.9,16.0,0.6,0.8,0.4,-1.1,1.0,1.25,0.16,5.0,1.63,16.0,0.6,0.8,0.4,-4.9,5.1,7.6,1.7,5.0,7.8,16.0,0.6,0.8,0.4,3.59,3.96,5.2,4.43,5.0,1.57,16.0,0.6,0.8,0.4,17.4,19.1,33.8,24.3,5.0,9.1,16.0,0.6,0.8,0.4,-144.7,-107.0,-99.4,-124.1,5.0,45.9,16.0,0.6,0.8,0.4,-43.6,18.9,56.0,13.1,5.0,68.4,16.0,0.6,0.8,0.4,-95.1,-65.7,-57.7,-77.3,5.0,32.2,16.0,0.6,0.8,0.4,-26.5,10.5,36.8,9.3,5.0,43.4,16.0,0.6,0.8,0.4,-30.8,-17.9,-14.4,-21.9,5.0,9.5,16.0,0.6,0.8,0.4,-9.9,2.8,7.3,-0.4,5.0,11.6,16.0,0.6,0.8,0.4,87.0,97.5,392.0,232.0,5.0,247.5,16.0,0.6,0.8,0.4,85.0,95.0,390.0,230.0,5.0,245.0,16.0,0.6,0.8,0.4
1974,2,301.0,17.0,24.54,25.7,26.1,25.58,13.0,1.2,16.0,0.8,0.6,0.6,24.63,25.3,26.57,25.51,14.0,0.99,16.0,0.9,0.6,0.6,13.76,14.66,17.37,15.28,13.0,1.84,18.0,0.8,0.6,0.7,69.4,76.9,80.2,75.3,14.0,8.8,16.0,0.9,0.6,5.17,7.95,9.23,7.38,14.0,2.44,16.0,0.9,0.6,0.6,-9.1,-7.64,-3.41,-6.92,14.0,2.51,16.0,0.9,0.6,0.6,-3.08,0.0,1.42,-0.29,14.0,2.57,16.0,0.9,0.6,0.6,1015.45,1017.0,1018.06,1016.98,13.0,1.7,18.0,0.8,0.6,0.7,2.0,3.0,4.0,3.1,14.0,1.7,16.0,0.9,0.6,0.6,-84.0,-58.8,-17.8,-56.6,14.0,33.2,16.0,0.9,0.6,0.6,-22.8,0.0,11.6,-4.1,14.0,21.1,16.0,0.9,0.6,0.6,-1.41,0.6,1.45,0.0,13.0,1.42,16.0,0.8,0.6,0.6,-10.1,4.3,6.4,-1.4,13.0,10.3,16.0,0.8,0.6,0.6,4.48,5.93,6.98,5.33,12.0,2.25,18.0,0.8,0.6,0.7,16.4,41.1,56.5,39.5,12.0,24.2,18.0,0.8,0.6,0.7,-231.5,-191.8,-92.1,-176.5,14.0,65.1,16.0,0.9,0.6,0.6,-78.2,0.0,34.9,-6.9,14.0,66.0,16.0,0.9,0.6,0.6,-132.3,-120.2,-56.6,-105.3,13.0,34.4,18.0,0.8,0.6,0.7,-45.4,0.0,26.4,1.7,13.0,40.9,18.0,0.8,0.6,0.7,-55.6,-39.5,-14.8,-37.8,12.0,23.7,18.0,0.8,0.6,0.7,-15.5,0.0,5.2,-4.2,12.0,12.0,18.0,0.8,0.6,0.7,139.5,504.0,788.5,517.5,14.0,407.5,16.0,0.9,0.6,0.6,140.0,505.0,790.0,520.0,14.0,410.0,16.0,0.9,0.6,0.6
1974,2,301.0,18.0,24.34,25.0,25.83,24.99,10.0,0.7,14.0,0.8,0.6,0.3,23.3,24.8,25.08,24.49,11.0,1.31,14.0,0.7,0.6,0.4,13.86,14.72,15.94,14.89,10.0,0.96,14.0,0.7,0.6,0.4,71.0,78.4,87.4,78.6,10.0,8.3,14.0,0.7,0.4,5.1,8.0,9.71,7.64,11.0,2.4,14.0,0.7,0.6,0.4,-9.32,-6.93,-4.56,-6.92,11.0,2.54,14.0,0.7,0.6,0.4,-2.47,-0.89,4.39,0.4,11.0,3.25,14.0,0.7,0.6,0.4,1014.42,1015.5,1018.24,1016.13,11.0,2.14,14.0,0.7,0.6,0.4,3.0,4.0,4.4,3.9,11.0,1.2,14.0,0.7,0.6,0.4,-90.9,-55.4,-23.3,-58.2,11.0,35.3,14.0,0.7,0.6,0.4,-20.0,-4.5,34.5,3.6,11.0,26.0,14.0,0.7,0.6,0.4,-0.76,0.0,2.47,0.45,10.0,1.63,14.0,0.8,0.6,0.3,-8.1,0.5,16.0,3.1,10.0,11.5,14.0,0.8,0.6,0.3,3.76,4.28,5.75,4.64,9.0,1.02,12.0,0.8,0.7,0.4,22.0,31.7,44.5,33.4,9.0,12.3,12.0,0.8,0.7,0.4,-227.0,-169.5,-117.2,-169.0,11.0,62.2,14.0,0.7,0.6,0.4,-60.3,-23.9,109.8,9.7,11.0,79.6,14.0,0.7,0.6,0.4,-134.3,-107.9,-66.4,-102.7,10.0,37.2,14.0,0.7,0.6,0.4,-38.0,-17.6,61.7,2.2,10.0,48.4,14.0,0.7,0.6,0.4,-43.4,-25.2,-20.0,-30.4,9.0,13.4,12.0,0.8,0.7,0.4,-9.7,-3.4,16.2,-0.3,9.0,13.9,12.0,0.8,0.7,0.4,132.5,512.0,923.5,560.5,11.0,423.5,14.0,0.7,0.6,0.4,135.0,510.0,925.0,560.0,11.0,425.0,14.0,0.7,0.6,0.4
1974,2,301.0,19.0,24.25,24.5,25.02,24.47,7.0,0.71,20.0,0.4,0.8,0.5,23.62,24.3,24.94,24.51,8.0,1.2,18.0,0.5,0.8,0.4,12.84,13.26,15.44,14.24,6.0,2.47,20.0,0.5,0.8,0.4,67.1,72.3,83.6,75.3,6.0,14.0,20.0,0.5,0.4,5.01,6.7,10.51,7.36,8.0,2.91,18.0,0.5,0.8,0.4,-10.35,-6.65,-4.42,-7.22,8.0,2.97,18.0,0.5,0.8,0.4,-1.83,0.0,0.63,-0.49,8.0,1.29,18.0,0.5,0.8,0.4,1015.77,1017.9,1019.66,1017.81,7.0,2.06,20.0,0.4,0.8,0.5,2.1,3.0,5.9,3.6,8.0,2.3,18.0,0.5,0.8,0.4,-109.5,-44.5,-22.1,-60.7,8.0,48.4,18.0,0.5,0.8,0.4,-12.4,0.0,2.6,-4.2,8.0,9.5,18.0,0.5,0.8,0.4,-0.65,0.1,0.9,0.03,7.0,0.93,20.0,0.4,0.8,0.5,-4.8,0.5,3.9,-1.5,7.0,9.3,20.0,0.4,0.8,0.5,2.52,5.72,6.66,4.73,6.0,2.7,20.0,0.5,0.8,0.4,16.9,26.4,60.8,36.1,6.0,31.2,20.0,0.5,0.8,0.4,-252.6,-162.3,-107.6,-179.1,8.0,82.0,18.0,0.5,0.8,0.4,-44.5,0.0,14.9,-12.0,8.0,31.3,18.0,0.5,0.8,0.4,-168.7,-97.8,-63.8,-113.1,6.0,57.1,20.0,0.5,0.8,0.4,-21.3,0.0,11.1,-4.5,6.0,19.2,20.0,0.5,0.8,0.4,-60.1,-26.2,-16.6,-35.9,6.0,31.2,20.0,0.5,0.8,0.4,-1.9,0.0,3.8,-0.3,6.0,4.8,20.0,0.5,0.8,0.4,126.0,301.0,1181.0,575.0,8.0,646.5,18.0,0.5,0.8,0.4,125.0,300.0,1180.0,575.0,8.0,645.0,18.0,0.5,0.8,0.4
1974,2,301.0,20.0,23.29,24.35,25.04,24.15,6.0,1.01,10.0,0.5,0.5,0.4,23.19,23.8,24.07,23.86,7.0,0.82,10.0,0.6,0.5,0.4,14.75,15.4,15.83,15.1,7.0,1.22,10.0,0.6,0.5,0.4,81.1,83.3,84.5,82.3,7.0,4.8,10.0,0.6,0.4,5.0,8.2,9.3,7.2,7.0,2.31,10.0,0.6,0.5,0.4,-8.25,-7.2,-3.87,-6.63,7.0,2.25,10.0,0.6,0.5,0.4,-3.41,-1.61,0.0,-1.95,7.0,2.24,10.0,0.6,0.5,0.4,1016.58,1017.9,1019.65,1018.03,7.0,1.63,10.0,0.6,0.5,0.4,2.0,2.0,4.1,2.9,7.0,1.7,10.0,0.6,0.5,0.4,-68.1,-63.2,-19.4,-51.9,7.0,27.3,10.0,0.6,0.5,0.4,-24.6,-15.0,0.0,-15.8,7.0,19.9,10.0,0.6,0.5,0.4,-1.02,0.45,1.6,0.15,6.0,1.78,10.0,0.5,0.5,0.4,-7.9,4.0,7.8,0.0,6.0,13.3,10.0,0.5,0.5,0.4,1.96,3.71,4.14,3.2,6.0,1.61,10.0,0.5,0.5,0.4,13.2,23.8,34.7,22.9,6.0,12.9,10.0,0.5,0.5,0.4,-197.4,-172.8,-89.0,-158.9,7.0,55.6,10.0,0.6,0.5,0.4,-78.7,-38.0,0.0,-46.9,7.0,53.9,10.0,0.6,0.5,0.4,-127.6,-112.1,-49.1,-101.7,7.0,38.7,10.0,0.6,0.5,0.4,-48.3,-25.5,0.0,-29.3,7.0,34.1,10.0,0.6,0.5,0.4,-31.6,-21.7,-13.2,-21.4,6.0,11.8,10.0,0.5,0.5,0.4,-9.5,-0.6,0.0,-4.9,6.0,8.7,10.0,0.5,0.5,0.4,127.5,551.5,804.5,464.0,7.0,303.5,10.0,0.6,0.5,0.4,130.0,550.0,805.0,465.0,7.0,305.0,10.0,0.6,0.5,0.4
1974,2,301.0,21.0,23.7,24.4,24.6,24.23,22.0,0.74,18.0,0.8,0.5,0.4,22.5,23.5,24.6,23.78,25.0,1.43,18.0,0.7,0.6,0.5,11.93,12.96,14.68,12.97,20.0,1.8,16.0,0.6,0.6,0.4,59.3,73.8,81.8,72.1,20.0,9.8,16.0,0.6,0.4,5.07,7.7,9.3,7.47,24.0,1.78,18.0,0.8,0.6,0.5,-9.0,-7.15,-4.77,-6.89,24.0,1.88,18.0,0.8,0.6,0.5,-3.16,-0.84,1.44,-1.06,24.0,2.7,18.0,0.8,0.6,0.5,1016.44,1019.2,1021.68,1019.4,25.0,2.5,18.0,0.7,0.6,0.5,1.8,4.0,7.0,3.9,25.0,2.5,18.0,0.7,0.6,0.5,-85.6,-51.4,-23.9,-54.1,24.0,24.8,18.0,0.8,0.6,0.5,-21.2,-4.1,10.5,-9.0,24.0,23.5,18.0,0.8,0.6,0.5,-1.03,0.75,1.47,0.49,22.0,1.36,18.0,0.8,0.5,0.4,-5.5,4.0,9.6,2.7,21.0,8.4,18.0,0.8,0.6,0.4,4.22,5.34,7.29,5.65,18.0,1.73,16.0,0.7,0.5,0.4,23.9,42.3,56.5,41.4,17.0,16.2,16.0,0.8,0.6,0.4,-209.8,-161.5,-115.5,-163.8,24.0,44.6,18.0,0.8,0.6,0.5,-71.8,-20.3,33.6,-25.8,24.0,68.4,18.0,0.8,0.6,0.5,-126.4,-86.5,-63.7,-93.5,19.0,27.1,16.0,0.7,0.6,0.4,-31.8,-11.3,1.7,-12.9,19.0,26.3,16.0,0.7,0.6,0.4,-54.7,-41.7,-23.2,-40.2,17.0,16.3,16.0,0.8,0.6,0.4,-11.3,-4.0,1.6,-4.8,17.0,8.7,16.0,0.8,0.6,0.4,130.0,456.5,804.5,485.0,24.0,305.0,18.0,0.8,0.6,0.5,130.0,455.0,805.0,485.0,24.0,305.0,18.0,0.8,0.6,0.5
1974,2,301.0,22.0,22.52,23.5,24.18,23.28,12.0,1.15,14.0,0.3,0.4,0.5,22.0,23.0,24.02,23.08,13.0,0.84,14.0,0.2,0.4,0.5,12.61,14.47,15.21,13.95,11.0,1.55,12.0,0.3,0.4,0.4,69.6,82.7,88.4,79.3,11.0,9.9,12.0,0.3,0.4,4.1,5.55,8.2,6.05,12.0,1.8,16.0,0.3,0.4,0.5,-8.11,-4.72,-1.71,-4.82,12.0,2.96,16.0,0.3,0.4,0.5,-1.58,0.0,3.94,0.7,12.0,2.92,16.0,0.3,0.4,0.5,1017.18,1017.9,1022.11,1019.01,13.0,2.87,14.0,0.2,0.4,0.5,1.0,2.0,4.3,2.9,13.0,2.0,14.0,0.2,0.4,0.5,-66.5,-27.2,-7.0,-33.4,12.0,27.0,16.0,0.3,0.4,0.5,-11.8,0.0,17.5,3.3,12.0,16.1,16.0,0.3,0.4,0.5,-1.13,0.15,1.4,0.11,12.0,1.42,14.0,0.3,0.4,0.5,-5.6,1.2,11.1,2.5,11.0,9.7,16.0,0.3,0.4,0.5,2.27,3.79,5.29,3.91,10.0,2.08,12.0,0.3,0.4,0.4,12.0,22.0,33.4,25.1,9.0,18.4,14.0,0.3,0.4,0.5,-187.2,-112.1,-39.8,-110.5,12.0,66.6,16.0,0.3,0.4,0.5,-36.3,0.0,91.5,17.1,12.0,66.8,16.0,0.3,0.4,0.5,-110.6,-62.9,-17.4,-61.8,10.0,44.9,14.0,0.3,0.4,0.5,-14.1,10.8,59.7,16.2,10.0,41.7,14.0,0.3,0.4,0.5,-32.3,-17.8,-4.7,-20.4,9.0,20.6,14.0,0.3,0.4,0.5,-0.6,8.5,15.4,6.4,9.0,10.6,14.0,0.3,0.4,0.5,69.0,174.5,551.5,276.5,12.0,220.5,16.0,0.3,0.4,0.5,70.0,175.0,550.0,275.0,12.0,220.0,16.0,0.3,0.4,0.5
1974,2,301.0,23.0,22.57,24.0,25.89,24.24,15.0,1.61,14.0,0.4,0.5,0.5,21.73,23.0,24.0,22.82,21.0,1.25,16.0,0.4,0.4,0.5,10.74,13.16,14.11,12.65,13.0,1.65,16.0,0.3,0.4,0.5,61.9,75.4,84.1,74.3,14.0,9.5,16.0,0.4,0.4,5.02,6.7,8.0,6.52,21.0,1.82,16.0,0.4,0.4,0.5,-7.87,-5.02,-2.64,-4.85,21.0,3.3,16.0,0.4,0.4,0.5,-4.34,-1.57,0.89,-1.35,21.0,3.23,16.0,0.4,0.4,0.5,1017.29,1018.45,1022.99,1019.29,18.0,3.62,16.0,0.4,0.4,0.5,1.0,3.0,7.0,3.7,20.0,2.4,16.0,0.5,0.4,0.5,-62.6,-25.6,-16.1,-34.5,21.0,29.4,16.0,0.4,0.4,0.5,-22.9,-7.2,4.5,-10.5,21.0,25.2,16.0,0.4,0.4,0.5,-0.61,1.9,2.91,1.45,15.0,1.91,14.0,0.4,0.5,0.5,-5.4,9.7,22.4,8.9,15.0,13.6,14.0,0.4,0.5,0.5,4.04,6.18,8.78,6.14,12.0,2.3,16.0,0.3,0.5,0.5,21.3,47.0,49.6,40.7,12.0,13.1,16.0,0.3,0.5,0.5,-175.7,-115.5,-59.0,-110.9,21.0,77.5,16.0,0.4,0.4,0.5,-92.6,-36.2,20.6,-29.0,21.0,70.6,16.0,0.4,0.4,0.5,-102.1,-60.9,-51.2,-70.6,13.0,34.8,16.0,0.3,0.4,0.5,-39.6,-24.2,12.2,-18.5,13.0,42.2,16.0,0.3,0.4,0.5,-47.1,-35.4,-20.3,-35.3,12.0,12.4,16.0,0.3,0.5,0.5,-25.8,-9.0,8.2,-9.7,12.0,18.9,16.0,0.3,0.5,0.5,126.5,301.0,512.0,342.5,21.0,293.0,16.0,0.4,0.4,0.5,125.0,300.0,510.0,340.0,21.0,295.0,16.0,0.4,0.4,0.5
1974,2,301.0,24.0,23.0,23.7,24.4,23.77,20.0,0.98,16.0,0.5,0.6,0.4,21.5,22.7,23.5,22.66,20.0,1.21,16.0,0.5,0.6,0.4,11.17,13.84,14.8,13.08,15.0,1.99,16.0,0.5,0.6,0.4,65.5,77.6,86.2,76.3,15.0,10.7,16.0,0.5,0.4,3.62,5.55,9.28,6.51,20.0,2.9,16.0,0.5,0.6,0.4,-8.63,-4.97,-3.0,-5.06,20.0,3.35,16.0,0.5,0.6,0.4,-4.21,-0.27,1.8,-0.91,20.0,3.72,16.0,0.5,0.6,0.4,1018.8,1020.95,1023.8,1021.09,20.0,2.42,16.0,0.5,0.6,0.4,2.0,3.0,7.0,4.0,20.0,2.3,16.0,0.5,0.6,0.4,-86.1,-25.3,-9.5,-39.8,20.0,40.9,16.0,0.5,0.6,0.4,-45.2,-0.8,9.0,-12.1,20.0,33.5,16.0,0.5,0.6,0.4,0.0,1.25,2.5,1.11,20.0,1.6,16.0,0.5,0.6,0.4,0.0,6.2,18.0,9.1,20.0,13.7,16.0,0.5,0.6,0.4,3.0,4.34,7.11,4.76,15.0,1.95,16.0,0.5,0.6,0.4,13.3,22.1,47.3,29.5,15.0,18.5,16.0,0.5,0.6,0.4,-183.5,-115.9,-68.1,-113.5,20.0,73.1,16.0,0.5,0.6,0.4,-92.2,-6.1,43.9,-18.9,20.0,82.1,16.0,0.5,0.6,0.4,-102.8,-63.2,-42.3,-70.9,15.0,39.1,16.0,0.5,0.6,0.4,-60.1,-7.4,21.4,-17.0,15.0,45.2,16.0,0.5,0.6,0.4,-43.8,-16.7,-12.3,-25.9,15.0,18.8,16.0,0.5,0.6,0.4,-18.8,-1.5,8.8,-4.4,15.0,13.5,16.0,0.5,0.6,0.4,48.0,174.5,800.5,446.5,20.0,570.5,16.0,0.5,0.6,0.4,50.0,175.0,800.0,445.0,20.0,570.0,16.0,0.5,0.6,0.4
1974,2,301.0,25.0,22.61,23.3,23.73,23.12,15.0,1.05,12.0,0.6,0.5,0.5,21.64,22.0,22.33,21.93,15.0,0.6,12.0,0.6,0.5,0.5,11.79,12.8,13.86,12.41,8.0,1.89,10.0,0.5,0.6,0.6,75.7,77.6,86.9,76.8,8.0,11.9,10.0,0.5,0.6,2.54,4.0,5.11,3.83,13.0,1.88,14.0,0.5,0.5,0.5,-4.81,-3.12,0.0,-3.11,13.0,2.24,14.0,0.5,0.5,0.5,-1.71,0.45,2.15,0.27,13.0,1.96,14.0,0.5,0.5,0.5,1019.35,1020.55,1023.1,1020.9,12.0,1.8,12.0,0.5,0.5,0.6,1.2,2.0,4.0,2.7,15.0,1.8,12.0,0.6,0.5,0.5,-24.7,-11.2,0.0,-15.2,13.0,14.7,14.0,0.5,0.5,0.5,-8.6,1.2,7.8,1.6,13.0,9.1,14.0,0.5,0.5,0.5,0.6,1.3,1.68,1.19,15.0,1.41,12.0,0.6,0.5,0.5,-0.7,3.4,7.6,2.9,13.0,5.9,14.0,0.5,0.5,0.5,3.51,4.9,7.83,5.56,8.0,2.34,10.0,0.5,0.6,0.6,13.1,15.9,21.1,17.6,8.0,4.7,10.0,0.5,0.6,0.6,-110.4,-69.8,0.0,-68.8,13.0,49.8,14.0,0.5,0.5,0.5,-37.5,9.9,48.6,5.9,13.0,43.4,14.0,0.5,0.5,0.5,-62.0,-36.5,-14.6,-37.5,8.0,23.4,10.0,0.5,0.6,0.6,-8.8,8.5,23.1,8.7,8.0,18.1,10.0,0.5,0.6,0.6,-20.3,-15.0,-12.7,-14.7,8.0,7.2,10.0,0.5,0.6,0.6,-7.8,3.2,7.8,1.6,8.0,8.5,10.0,0.5,0.6,0.6,16.5,64.0,136.0,92.0,13.0,100.5,14.0,0.5,0.5,0.5,15.0,65.0,135.0,90.0,13.0,100.0,14.0,0.5,0.5,0.5
1974,2,301.0,26.0,21.56,22.5,23.32,22.47,13.0,1.24,14.0,0.5,0.5,0.6,20.8,22.0,23.84,22.23,14.0,1.74,14.0,0.4,0.5,0.5,10.2,11.84,13.95,11.98,7.0,1.99,14.0,0.4,0.5,0.6,71.1,75.1,82.4,75.5,7.0,7.3,14.0,0.4,0.6,4.1,6.7,9.22,6.39,14.0,2.96,14.0,0.4,0.5,0.5,-4.02,-1.65,1.98,-1.48,14.0,2.71,14.0,0.4,0.5,0.5,-7.04,0.68,7.07,0.29,14.0,6.55,14.0,0.4,0.5,0.5,1018.03,1020.45,1022.3,1019.99,14.0,3.54,14.0,0.4,0.5,0.5,2.0,3.0,7.1,4.1,13.0,2.5,12.0,0.5,0.4,0.5,-24.0,-12.0,8.1,-11.1,14.0,20.2,14.0,0.4,0.5,0.5,-50.8,2.7,50.9,3.1,14.0,59.8,14.0,0.4,0.5,0.5,-2.34,0.9,1.82,0.3,13.0,2.16,14.0,0.5,0.5,0.6,-9.5,5.6,16.0,4.1,13.0,15.3,14.0,0.5,0.5,0.6,3.35,5.71,6.49,4.95,7.0,2.17,14.0,0.4,0.5,0.6,21.8,40.0,67.8,40.8,7.0,26.8,14.0,0.4,0.5,0.6,-89.8,-36.3,42.5,-33.1,14.0,58.9,14.0,0.4,0.5,0.5,-145.1,16.4,155.2,10.4,14.0,143.2,14.0,0.4,0.5,0.5,-51.8,-25.3,-6.2,-26.0,7.0,28.3,14.0,0.4,0.5,0.6,-78.3,0.0,100.7,4.1,7.0,90.7,14.0,0.4,0.5,0.6,-26.3,-11.7,0.2,-12.1,7.0,16.6,14.0,0.4,0.5,0.6,-42.8,0.0,26.6,-7.3,7.0,46.3,14.0,0.4,0.5,0.6,69.0,306.0,786.0,416.5,14.0,471.0,14.0,0.4,0.5,0.5,70.0,305.0,785.0,415.0,14.0,470.0,14.0,0.4,0.5,0.5
1974,2,301.0,27.0,21.0,22.7,23.2,22.46,18.0,0.93,14.0,0.4,0.8,0.4,20.0,21.15,22.15,21.19,18.0,1.29,14.0,0.4,0.8,0.4,9.56,12.74,14.01,12.11,13.0,2.13,12.0,0.5,0.7,0.4,59.1,79.3,91.2,77.6,13.0,13.0,12.0,0.5,0.4,4.6,6.2,10.6,6.96,17.0,2.88,14.0,0.5,0.8,0.4,-5.93,0.0,3.94,-0.95,17.0,4.45,14.0,0.5,0.8,0.4,-5.23,1.34,6.2,0.74,17.0,6.2,14.0,0.5,0.8,0.4,1017.67,1020.8,1024.45,1020.51,18.0,3.71,14.0,0.4,0.8,0.4,1.0,2.5,6.6,3.7,18.0,2.8,14.0,0.4,0.8,0.4,-40.1,0.0,20.3,-11.5,17.0,36.8,14.0,0.5,0.8,0.4,-35.8,6.8,38.4,3.1,17.0,61.0,14.0,0.5,0.8,0.4,-0.36,1.1,2.79,1.27,18.0,1.38,14.0,0.4,0.8,0.4,-2.4,9.3,22.4,10.2,17.0,12.0,14.0,0.5,0.8,0.4,3.26,4.57,6.85,4.75,13.0,2.23,12.0,0.5,0.7,0.4,13.1,30.7,59.4,36.2,12.0,26.2,12.0,0.6,0.7,0.5,-123.8,0.0,84.6,-19.3,17.0,93.6,14.0,0.5,0.8,0.4,-101.2,28.1,137.8,20.5,17.0,130.1,14.0,0.5,0.8,0.4,-64.9,0.0,55.1,1.2,12.0,51.4,12.0,0.6,0.7,0.5,-72.1,24.0,66.9,9.1,12.0,76.6,12.0,0.6,0.7,0.5,-24.2,0.0,11.9,-4.2,12.0,22.7,12.0,0.6,0.7,0.5,-57.9,3.0,20.1,-6.3,12.0,39.2,12.0,0.6,0.7,0.5,97.5,238.5,1204.0,508.0,17.0,530.5,14.0,0.5,0.8,0.4,95.0,240.0,1205.0,510.0,17.0,530.0,14.0,0.5,0.8,0.4
1974,2,301.0,28.0,20.82,22.0,22.73,21.45,17.0,1.48,16.0,0.5,0.5,0.6,19.67,20.4,22.29,20.66,17.0,1.32,16.0,0.6,0.5,0.6,9.22,11.33,12.45,10.91,10.0,1.8,14.0,0.6,0.5,0.6,60.3,75.3,87.6,73.8,10.0,13.6,14.0,0.6,0.6,1.35,6.45,8.74,6.49,18.0,4.25,16.0,0.6,0.5,0.6,-5.61,-0.09,3.01,-0.81,18.0,4.51,16.0,0.6,0.5,0.6,-2.88,0.41,6.87,1.92,18.0,6.14,16.0,0.6,0.5,0.6,1018.21,1023.0,1025.92,1022.0,18.0,4.54,16.0,0.6,0.5,0.6,1.5,3.0,6.5,3.5,17.0,2.3,16.0,0.6,0.5,0.6,-37.2,-0.1,19.2,-5.1,18.0,35.7,16.0,0.6,0.5,0.6,-19.2,0.4,52.5,29.1,18.0,81.3,16.0,0.6,0.5,0.6,-0.85,0.8,2.19,0.69,16.0,1.57,16.0,0.6,0.5,0.6,-1.0,7.2,14.2,4.9,16.0,12.6,16.0,0.6,0.5,0.6,2.86,4.36,6.46,4.69,10.0,1.79,14.0,0.6,0.5,0.6,7.3,22.9,39.1,24.4,10.0,16.1,14.0,0.6,0.5,0.6,-106.8,0.0,64.6,-9.6,17.0,89.5,16.0,0.6,0.5,0.6,-54.7,12.8,140.2,47.7,17.0,134.5,16.0,0.6,0.5,0.6,-75.1,-9.7,19.6,-20.6,10.0,49.7,14.0,0.6,0.5,0.6,-26.9,3.4,53.7,11.5,10.0,43.4,14.0,0.6,0.5,0.6,-22.9,-5.8,10.9,-6.6,10.0,17.9,14.0,0.6,0.5,0.6,-13.0,1.2,15.8,0.4,10.0,23.4,14.0,0.6,0.5,0.6,2.5,269.5,687.0,655.5,18.0,1155.0,16.0,0.6,0.5,0.6,5.0,270.0,685.0,655.0,18.0,1155.0,16.0,0.6,0.5,0.6
1974,2,301.0,29.0,20.0,21.35,22.05,21.09,12.0,1.08,18.0,0.5,0.6,0.4,19.31,21.0,22.82,20.91,13.0,1.92,18.0,0.5,0.6,0.5,8.7,9.64,13.02,10.86,8.0,3.1,16.0,0.5,0.6,0.4,64.6,69.4,80.3,71.8,8.0,10.7,16.0,0.5,0.4,5.67,8.2,10.46,7.99,13.0,3.9,18.0,0.5,0.6,0.5,-3.05,2.25,6.81,2.42,13.0,5.1,18.0,0.5,0.6,0.5,-1.58,1.79,8.21,2.93,13.0,6.54,18.0,0.5,0.6,0.5,1018.0,1021.4,1024.33,1020.98,12.0,3.0,18.0,0.5,0.6,0.4,0.7,3.0,4.5,2.8,12.0,2.4,16.0,0.6,0.6,0.4,-24.0,6.3,69.4,25.4,13.0,45.6,18.0,0.5,0.6,0.5,-11.7,18.4,86.4,34.9,13.0,79.5,18.0,0.5,0.6,0.5,-1.51,0.5,2.48,0.28,12.0,2.38,18.0,0.5,0.6,0.4,-20.3,1.3,18.2,-0.1,12.0,23.3,18.0,0.5,0.6,0.4,3.32,5.92,6.4,4.59,8.0,3.22,16.0,0.5,0.6,0.4,3.6,35.7,51.4,29.3,8.0,32.8,16.0,0.5,0.6,0.4,-59.4,50.9,140.8,53.3,13.0,106.5,18.0,0.5,0.6,0.5,-29.6,42.7,180.4,68.1,13.0,136.8,18.0,0.5,0.6,0.5,-23.7,39.2,84.6,41.8,8.0,69.7,16.0,0.5,0.6,0.4,-51.4,8.1,30.0,5.4,8.0,55.1,16.0,0.5,0.6,0.4,-23.9,5.2,40.1,7.7,8.0,33.2,16.0,0.5,0.6,0.4,-44.4,-0.7,17.1,-7.2,8.0,28.8,16.0,0.5,0.6,0.4,197.0,551.5,1153.5,835.5,13.0,927.0,18.0,0.5,0.6,0.5,195.0,550.0,1155.0,835.0,13.0,925.0,18.0,0.5,0.6,0.5
1974,2,301.0,30.0,20.0,20.6,21.0,20.56,18.0,0.69,16.0,0.7,0.5,0.5,18.2,20.2,21.0,19.85,19.0,1.6,16.0,0.7,0.5,0.4,7.83,11.25,12.77,10.31,15.0,2.55,14.0,0.7,0.5,0.5,55.1,74.4,83.0,70.5,15.0,13.9,14.0,0.7,0.5,5.1,8.25,11.3,8.3,20.0,3.64,14.0,0.7,0.5,0.4,-3.35,4.77,10.58,3.86,20.0,5.87,14.0,0.7,0.5,0.4,-3.94,2.8,4.92,1.11,20.0,5.86,14.0,0.7,0.5,0.4,1015.9,1021.0,1024.49,1020.07,20.0,5.0,14.0,0.7,0.5,0.4,1.0,4.0,6.0,3.8,20.0,2.5,14.0,0.7,0.5,0.4,-32.5,25.8,119.5,42.1,20.0,69.6,14.0,0.7,0.5,0.4,-24.4,14.4,70.7,10.7,20.0,62.2,14.0,0.7,0.5,0.4,-0.59,0.0,2.8,0.85,17.0,1.67,16.0,0.7,0.5,0.5,-3.4,0.0,27.2,8.6,17.0,17.2,16.0,0.7,0.5,0.5,2.34,4.5,6.79,4.8,14.0,2.56,16.0,0.8,0.5,0.5,11.9,38.0,73.1,41.8,14.0,30.9,16.0,0.8,0.5,0.5,-62.4,86.4,178.3,72.7,19.0,117.8,16.0,0.7,0.5,0.4,-86.6,36.6,107.3,25.5,19.0,111.3,16.0,0.7,0.5,0.4,-19.1,61.1,110.7,50.9,15.0,61.6,14.0,0.7,0.5,0.5,-29.8,22.3,56.7,15.6,15.0,44.2,14.0,0.7,0.5,0.5,-18.9,13.7,43.8,15.4,14.0,31.9,16.0,0.8,0.5,0.5,-24.9,5.9,16.0,-5.1,14.0,39.2,16.0,0.8,0.5,0.5,132.5,621.0,1443.0,883.5,20.0,865.0,14.0,0.7,0.5,0.4,135.0,620.0,1445.0,885.0,20.0,865.0,14.0,0.7,0.5,0.4
1974,2,301.0,31.0,19.95,20.5,21.6,20.49,7.0,0.95,16.0,0.1,0.6,0.3,15.98,19.5,21.24,19.06,7.0,2.46,16.0,0.1,0.6,0.3,8.22,9.51,13.48,10.68,6.0,3.18,16.0,0.0,0.6,0.2,69.4,76.7,89.5,78.8,6.0,12.6,16.0,0.0,0.2,2.48,6.2,10.35,6.26,7.0,3.98,16.0,0.1,0.6,0.3,-1.09,0.0,0.26,-0.1,7.0,3.06,16.0,0.1,0.6,0.3,-2.87,3.1,7.28,1.67,7.0,7.0,16.0,0.1,0.6,0.3,1019.03,1023.0,1026.0,1022.21,7.0,3.72,16.0,0.1,0.6,0.3,1.0,3.0,7.0,3.6,7.0,2.6,16.0,0.1,0.6,0.3,-4.7,0.0,1.6,-3.2,7.0,25.4,16.0,0.1,0.6,0.3,-12.2,19.2,53.8,9.6,7.0,69.1,16.0,0.1,0.6,0.3,-0.76,1.3,4.05,1.43,7.0,2.51,16.0,0.1,0.6,0.3,-5.8,0.5,15.7,7.6,7.0,24.1,16.0,0.1,0.6,0.3,2.16,5.45,6.37,4.2,6.0,3.09,16.0,0.0,0.6,0.2,-3.4,16.5,42.9,20.6,6.0,30.6,16.0,0.0,0.6,0.2,-21.3,0.0,5.0,-3.6,7.0,63.2,16.0,0.1,0.6,0.3,-52.2,60.5,154.7,44.7,7.0,129.4,16.0,0.1,0.6,0.3,-22.9,0.0,11.5,-5.6,6.0,44.2,16.0,0.0,0.6,0.2,-36.2,16.1,92.6,22.8,6.0,83.1,16.0,0.0,0.6,0.2,-1.0,0.0,12.9,5.7,6.0,12.9,16.0,0.0,0.6,0.2,-26.2,-6.3,18.1,-10.3,6.0,33.4,16.0,0.0,0.6,0.2,16.5,238.5,1109.5,486.0,7.0,559.0,16.0,0.1,0.6,0.3,15.0,240.0,1110.0,485.0,7.0,560.0,16.0,0.1,0.6,0.3
1974,2,301.0,32.0,18.49,19.75,21.25,19.57,12.0,1.87,14.0,0.4,0.5,0.6,16.82,18.35,19.4,18.28,12.0,1.49,14.0,0.4,0.5,0.6,8.56,10.45,11.55,10.05,10.0,2.16,12.0,0.5,0.6,0.6,65.3,76.7,85.5,75.2,10.0,11.2,12.0,0.5,0.6,4.97,8.7,14.53,9.21,12.0,4.67,14.0,0.4,0.5,0.6,-0.18,5.27,9.21,5.17,12.0,5.91,14.0,0.4,0.5,0.6,-4.23,2.36,8.44,2.07,12.0,6.75,14.0,0.4,0.5,0.6,1010.14,1015.3,1022.61,1016.01,12.0,5.56,14.0,0.4,0.5,0.6,2.4,6.0,7.6,5.3,10.0,2.5,14.0,0.5,0.5,0.6,-0.7,44.3,100.0,65.2,12.0,93.7,14.0,0.4,0.5,0.6,-25.9,17.4,92.1,23.7,12.0,95.1,14.0,0.4,0.5,0.6,-0.56,1.45,3.3,1.28,12.0,2.42,14.0,0.4,0.5,0.6,-8.3,11.1,19.9,7.2,12.0,27.5,14.0,0.4,0.5,0.6,1.22,4.08,6.31,3.9,10.0,2.8,12.0,0.5,0.6,0.6,6.9,31.3,40.5,35.1,10.0,43.8,12.0,0.5,0.6,0.6,-2.9,99.5,179.8,94.2,12.0,104.6,14.0,0.4,0.5,0.6,-72.4,43.2,160.9,44.2,12.0,123.9,14.0,0.4,0.5,0.6,0.0,52.5,91.7,52.4,10.0,55.9,12.0,0.5,0.6,0.6,-41.8,24.2,112.1,36.6,10.0,75.8,12.0,0.5,0.6,0.6,0.0,15.3,35.0,22.2,10.0,42.2,12.0,0.5,0.6,0.6,-25.0,2.8,20.8,-4.7,10.0,30.6,12.0,0.5,0.6,0.6,123.5,658.5,3068.0,1407.0,12.0,2032.5,14.0,0.4,0.5,0.6,125.0,660.0,3070.0,1405.0,12.0,2035.0,14.0,0.4,0.5,0.6
1974,2,301.0,33.0,18.82,19.2,20.0,19.23,21.0,1.2,14.0,0.6,0.6,0.5,16.0,19.1,20.0,18.41,22.0,2.05,12.0,0.6,0.6,0.5,7.14,11.89,13.37,10.61,17.0,2.84,12.0,0.8,0.6,0.5,63.7,83.7,91.2,79.4,18.0,13.4,12.0,0.7,0.4,6.87,12.6,19.33,12.76,22.0,5.64,12.0,0.6,0.6,0.5,1.84,8.1,17.17,8.67,22.0,7.25,12.0,0.6,0.6,0.5,-5.9,6.26,9.33,2.52,22.0,8.02,12.0,0.6,0.6,0.5,1012.1,1016.3,1020.53,1016.39,21.0,4.97,14.0,0.6,0.6,0.5,2.0,4.5,7.0,4.5,20.0,2.4,12.0,0.6,0.6,0.5,13.3,102.1,346.8,147.0,22.0,146.4,12.0,0.6,0.6,0.5,-55.9,54.2,127.0,28.4,22.0,137.0,12.0,0.6,0.6,0.5,0.0,1.0,2.95,0.9,21.0,2.1,14.0,0.6,0.6,0.5,0.0,11.2,51.3,11.5,21.0,36.9,14.0,0.6,0.6,0.5,0.77,3.04,6.06,3.2,17.0,2.65,12.0,0.8,0.6,0.5,9.8,24.0,97.7,42.8,17.0,51.5,12.0,0.8,0.6,0.5,34.8,157.9,274.7,160.0,22.0,129.5,12.0,0.6,0.6,0.5,-105.0,113.9,184.2,59.8,22.0,148.1,12.0,0.6,0.6,0.5,10.4,107.9,174.5,96.4,17.0,79.0,12.0,0.8,0.6,0.5,-54.5,62.3,125.9,42.9,17.0,85.8,12.0,0.8,0.6,0.5,-10.3,8.2,89.9,26.9,17.0,49.9,12.0,0.8,0.6,0.5,-23.3,0.0,24.6,-5.8,17.0,36.1,12.0,0.8,0.6,0.5,325.0,2004.0,7230.0,3293.0,22.0,3710.5,12.0,0.6,0.6,0.5,325.0,2005.0,7230.0,3295.0,22.0,3710.0,12.0,0.6,0.6,0.5
1974,2,301.0,34.0,18.0,18.35,20.0,18.78,10.0,1.14,18.0,0.5,0.6,0.3,15.86,17.0,19.11,17.47,10.0,1.86,18.0,0.5,0.6,0.3,6.98,8.65,11.37,9.32,9.0,2.42,18.0,0.6,0.6,0.3,61.7,70.2,92.4,74.9,9.0,15.7,18.0,0.6,0.3,4.81,9.3,12.64,9.92,10.0,5.36,18.0,0.5,0.6,0.3,1.36,4.37,6.38,5.09,10.0,6.84,18.0,0.5,0.6,0.3,-7.25,0.0,8.84,0.39,10.0,7.9,18.0,0.5,0.6,0.3,1017.34,1020.15,1023.76,1020.0,10.0,4.49,18.0,0.5,0.6,0.3,2.0,5.5,6.6,4.7,10.0,2.3,18.0,0.5,0.6,0.3,8.5,29.6,70.3,77.2,10.0,152.3,18.0,0.5,0.6,0.3,-65.0,0.0,90.5,11.7,10.0,90.6,18.0,0.5,0.6,0.3,0.09,2.0,2.71,1.31,10.0,1.9,18.0,0.5,0.6,0.3,-1.6,13.1,23.7,12.7,10.0,27.2,18.0,0.5,0.6,0.3,1.53,4.61,6.44,4.15,9.0,2.49,18.0,0.6,0.6,0.3,17.1,30.2,59.3,46.3,9.0,50.9,18.0,0.6,0.6,0.3,22.1,74.2,121.2,87.9,10.0,112.3,18.0,0.5,0.6,0.3,-116.2,1.3,166.8,16.2,10.0,143.8,18.0,0.5,0.6,0.3,24.7,37.4,72.3,52.9,9.0,40.2,18.0,0.6,0.6,0.3,-58.8,13.6,112.1,16.2,9.0,83.0,18.0,0.6,0.6,0.3,3.5,13.4,26.2,30.4,9.0,53.2,18.0,0.6,0.6,0.3,-42.2,3.0,25.9,-5.1,9.0,33.2,18.0,0.6,0.6,0.3,112.5,804.5,2024.5,1913.0,10.0,3457.0,18.0,0.5,0.6,0.3,110.0,805.0,2025.0,1915.0,10.0,3455.0,18.0,0.5,0.6,0.3
1974,2,301.0,35.0,18.18,19.0,19.88,19.06,11.0,0.88,14.0,0.5,0.5,0.4,17.41,19.15,20.0,18.52,12.0,2.05,14.0,0.5,0.5,0.4,8.8,10.91,13.09,10.69,11.0,2.2,16.0,0.5,0.6,0.5,70.5,82.7,91.1,80.3,11.0,9.7,16.0,0.5,0.5,2.6,11.05,16.6,10.38,12.0,6.39,14.0,0.5,0.5,0.4,-0.23,8.7,13.09,7.43,12.0,6.44,14.0,0.5,0.5,0.4,-0.42,2.44,8.04,3.85,12.0,6.35,14.0,0.5,0.5,0.4,1003.86,1011.45,1018.91,1011.71,12.0,8.23,14.0,0.5,0.5,0.4,5.8,8.0,8.0,7.1,11.0,1.6,14.0,0.5,0.6,0.4,-0.6,89.5,173.1,100.6,12.0,113.4,14.0,0.5,0.5,0.4,-1.1,6.8,115.2,62.9,12.0,125.3,14.0,0.5,0.5,0.4,-1.0,0.3,1.72,0.68,11.0,1.93,14.0,0.5,0.5,0.4,-12.4,2.9,13.1,1.9,11.0,13.8,14.0,0.5,0.5,0.4,1.9,3.24,4.87,3.32,10.0,1.98,16.0,0.4,0.5,0.4,11.0,20.5,47.8,27.3,10.0,21.4,16.0,0.4,0.5,0.4,-4.1,159.9,261.4,141.6,12.0,125.8,14.0,0.5,0.5,0.4,-5.7,44.6,152.9,75.5,12.0,118.9,14.0,0.5,0.5,0.4,-3.1,83.3,157.1,81.1,11.0,80.7,16.0,0.5,0.6,0.5,-4.6,23.6,97.7,50.1,11.0,74.8,16.0,0.5,0.6,0.5,-3.1,16.0,32.6,17.2,10.0,22.6,16.0,0.4,0.5,0.4,-7.4,7.0,17.9,8.4,10.0,19.2,16.0,0.4,0.5,0.4,17.5,1351.5,4788.5,2324.5,12.0,3047.0,14.0,0.5,0.5,0.4,20.0,1350.0,4790.0,2325.0,12.0,3045.0,14.0,0.5,0.5,0.4
1974,2,301.0,36.0,18.35,19.4,21.2,19.6,23.0,1.54,16.0,0.7,0.6,0.6,14.05,17.0,18.44,16.22,27.0,2.16,14.0,0.6,0.6,0.6,6.88,8.66,11.25,8.83,24.0,1.82,16.0,0.7,0.6,0.6,61.9,77.3,91.6,76.9,24.0,14.2,16.0,0.7,0.6,5.43,12.9,17.23,11.77,27.0,4.97,14.0,0.6,0.6,0.6,-1.43,7.51,14.33,7.0,27.0,7.57,14.0,0.6,0.6,0.6,-6.39,2.56,8.63,1.33,27.0,7.65,14.0,0.6,0.6,0.6,1000.45,1013.0,1022.09,1011.79,27.0,9.47,14.0,0.6,0.6,0.6,5.0,7.0,8.0,6.8,24.0,1.5,14.0,0.7,0.6,0.6,-6.5,73.6,220.7,100.9,27.0,135.4,14.0,0.6,0.6,0.6,-80.0,16.8,104.7,15.3,27.0,109.9,14.0,0.6,0.6,0.6,1.64,3.0,4.9,3.43,23.0,2.11,16.0,0.7,0.6,0.6,12.0,36.0,64.9,38.3,23.0,27.3,16.0,0.7,0.6,0.6,3.78,4.88,7.8,5.43,21.0,1.86,18.0,0.7,0.6,0.6,22.9,49.3,90.3,60.8,21.0,45.9,18.0,0.7,0.6,0.6,-23.0,129.1,265.0,117.9,27.0,129.8,14.0,0.6,0.6,0.6,-96.7,44.3,129.3,29.0,27.0,120.8,14.0,0.6,0.6,0.6,-14.0,59.3,124.4,53.9,24.0,63.3,16.0,0.7,0.6,0.6,-49.4,19.6,75.2,14.5,24.0,72.1,16.0,0.7,0.6,0.6,-6.7,32.6,80.9,38.9,21.0,54.9,18.0,0.7,0.6,0.6,-38.3,0.0,41.4,0.4,21.0,37.3,18.0,0.7,0.6,0.6,173.5,2146.5,5144.0,2459.5,27.0,2453.5,14.0,0.6,0.6,0.6,175.0,2145.0,5145.0,2460.0,27.0,2455.0,14.0,0.6,0.6,0.6
1974,2,301.0,37.0,18.0,18.7,19.77,18.79,16.0,1.06,10.0,0.6,0.6,0.4,12.81,14.4,18.0,15.09,20.0,2.64,12.0,0.6,0.6,0.4,6.09,6.37,10.77,7.51,14.0,2.6,10.0,0.6,0.5,0.4,59.6,65.9,85.0,69.9,14.0,12.9,10.0,0.6,0.4,7.41,10.8,18.0,12.38,19.0,5.63,12.0,0.6,0.6,0.4,0.61,7.58,11.34,6.9,19.0,6.23,12.0,0.6,0.6,0.4,-11.67,-3.85,8.43,-2.47,19.0,9.9,12.0,0.6,0.6,0.4,1002.75,1016.4,1022.95,1013.69,20.0,8.94,12.0,0.6,0.6,0.4,2.0,5.0,8.0,5.1,20.0,2.3,12.0,0.6,0.6,0.4,2.5,74.9,210.6,101.7,19.0,125.0,12.0,0.6,0.6,0.4,-170.1,-20.3,77.6,-45.8,19.0,176.9,12.0,0.6,0.6,0.4,1.57,3.95,5.75,3.69,16.0,2.42,10.0,0.6,0.6,0.4,21.3,45.4,85.6,52.6,15.0,42.1,10.0,0.7,0.6,0.4,1.99,6.94,7.5,5.75,13.0,2.58,10.0,0.6,0.5,0.4,38.2,69.2,107.7,71.8,12.0,33.4,10.0,0.7,0.5,0.3,7.0,112.2,175.1,99.9,19.0,82.4,12.0,0.6,0.6,0.4,-148.4,-46.0,153.7,-18.1,19.0,157.0,12.0,0.6,0.6,0.4,34.9,50.1,96.1,62.8,13.0,39.2,12.0,0.6,0.5,0.3,-51.3,-17.8,37.5,-1.2,13.0,87.5,12.0,0.6,0.5,0.3,24.5,59.2,86.4,59.2,12.0,32.1,10.0,0.7,0.5,0.3,-64.9,-20.9,22.3,-23.1,12.0,36.1,10.0,0.7,0.5,0.3,417.5,1259.5,5832.0,3085.5,19.0,3791.0,12.0,0.6,0.6,0.4,420.0,1260.0,5830.0,3085.0,19.0,3790.0,12.0,0.6,0.6,0.4
1974,2,301.0,38.0,16.75,17.1,20.06,18.04,11.0,2.42,12.0,0.4,0.6,0.5,11.87,15.3,17.58,14.96,12.0,3.57,14.0,0.3,0.6,0.5,6.46,7.79,10.17,8.27,10.0,2.4,12.0,0.4,0.6,0.5,58.8,73.0,96.0,76.9,10.0,17.2,12.0,0.4,0.5,11.05,15.7,20.96,15.81,12.0,6.96,14.0,0.3,0.6,0.5,3.52,11.21,15.09,9.29,12.0,9.96,14.0,0.3,0.6,0.5,-12.0,2.21,12.53,1.81,12.0,11.15,14.0,0.3,0.6,0.5,1006.37,1013.2,1020.11,1012.83,12.0,8.02,14.0,0.3,0.6,0.5,4.6,6.0,8.0,6.1,11.0,2.0,14.0,0.4,0.6,0.5,39.2,135.9,318.3,170.1,12.0,241.0,14.0,0.3,0.6,0.5,-224.7,28.5,184.7,9.1,12.0,229.1,14.0,0.3,0.6,0.5,1.13,3.8,5.57,3.17,11.0,3.08,12.0,0.4,0.6,0.5,13.0,49.4,97.1,61.5,11.0,53.8,12.0,0.4,0.6,0.5,2.71,4.36,7.01,4.97,9.0,2.64,12.0,0.4,0.5,0.5,26.3,65.8,116.0,75.6,9.0,56.6,12.0,0.4,0.5,0.5,62.0,151.6,243.5,141.1,12.0,116.9,14.0,0.3,0.6,0.5,-124.2,34.4,218.1,51.8,12.0,161.3,14.0,0.3,0.6,0.5,21.2,72.5,140.2,69.6,10.0,81.2,12.0,0.4,0.6,0.5,-69.3,21.3,89.9,28.3,10.0,91.9,12.0,0.4,0.6,0.5,7.5,42.3,85.1,47.1,9.0,60.7,12.0,0.4,0.5,0.5,-39.7,0.0,33.7,1.8,9.0,58.8,12.0,0.4,0.5,0.5,1354.0,4119.0,9226.5,5985.0,12.0,6309.0,14.0,0.3,0.6,0.5,1355.0,4120.0,9225.0,5985.0,12.0,6310.0,14.0,0.3,0.6,0.5
1974,2,301.0,39.0,18.0,18.45,19.48,18.73,4.0,0.95,6.0,0.5,0.6,0.6,11.07,13.4,16.57,13.8,4.0,3.9,6.0,0.5,0.6,0.6,6.27,8.41,11.67,8.96,3.0,3.99,6.0,0.3,0.5,0.5,76.9,90.6,94.1,85.6,3.0,13.3,6.0,0.3,0.5,17.28,25.7,28.3,22.93,4.0,7.68,6.0,0.5,0.6,0.6,5.09,23.8,26.27,16.05,4.0,18.33,6.0,0.5,0.6,0.6,-9.37,-2.05,2.57,-3.33,4.0,8.1,6.0,0.5,0.6,0.6,995.0,998.5,1002.52,998.75,4.0,5.02,6.0,0.5,0.6,0.6,7.5,8.0,8.0,7.8,4.0,0.5,6.0,0.5,0.6,0.6,183.2,613.6,743.4,470.2,4.0,417.1,6.0,0.5,0.6,0.6,-233.2,-24.6,72.9,-77.7,4.0,229.5,6.0,0.5,0.6,0.6,2.48,5.6,7.31,4.93,4.0,3.57,6.0,0.5,0.6,0.6,34.3,109.6,196.1,114.9,4.0,103.1,6.0,0.5,0.6,0.6,1.86,4.59,6.78,4.33,3.0,3.61,6.0,0.3,0.5,0.5,50.6,129.8,191.9,121.5,3.0,103.8,6.0,0.3,0.5,0.5,43.3,289.2,378.1,214.3,4.0,258.4,6.0,0.5,0.6,0.6,-122.2,-28.7,24.5,-48.0,4.0,98.5,6.0,0.5,0.6,0.6,165.8,206.0,273.4,219.3,3.0,79.6,6.0,0.3,0.5,0.5,-81.2,0.0,17.7,-31.0,3.0,77.3,6.0,0.3,0.5,0.5,45.1,112.4,184.1,114.6,3.0,101.9,6.0,0.3,0.5,0.5,-44.3,0.0,26.2,-8.9,3.0,52.2,6.0,0.3,0.5,0.5,6774.0,17496.0,22665.0,14846.0,4.0,10012.0,6.0,0.5,0.6,0.6,6775.0,17495.0,22665.0,14845.0,4.0,10010.0,6.0,0.5,0.6,0.6
1974,2,301.0,40.0,15.7,17.35,18.0,17.13,18.0,1.68,18.0,0.7,0.5,0.4,6.5,10.0,16.8,11.15,21.0,4.36,18.0,0.6,0.5,0.4,4.8,5.93,7.98,6.49,20.0,2.13,18.0,0.6,0.5,0.4,68.2,77.6,90.0,76.6,20.0,12.2,18.0,0.6,0.4,8.57,12.35,16.47,12.63,22.0,4.58,18.0,0.6,0.5,0.4,2.55,8.75,14.81,7.86,22.0,6.81,18.0,0.6,0.5,0.4,-9.42,-5.99,7.0,-2.71,22.0,8.32,18.0,0.6,0.5,0.4,1004.0,1010.6,1019.33,1011.59,22.0,6.84,18.0,0.6,0.5,0.4,5.0,7.0,8.0,6.5,22.0,2.2,18.0,0.6,0.5,0.4,27.0,95.0,241.0,117.0,22.0,135.3,18.0,0.6,0.5,0.4,-131.4,-62.5,66.3,-50.3,22.0,133.3,18.0,0.6,0.5,0.4,1.92,7.2,10.99,6.32,17.0,4.35,18.0,0.7,0.5,0.4,23.4,74.2,157.1,85.9,17.0,67.6,18.0,0.7,0.5,0.4,4.86,6.68,7.61,5.99,16.0,2.1,18.0,0.8,0.5,0.4,52.7,72.2,103.8,79.3,16.0,38.7,18.0,0.8,0.5,0.4,15.6,79.1,152.8,77.8,21.0,75.5,18.0,0.6,0.5,0.4,-70.8,-40.7,88.8,0.1,21.0,99.7,18.0,0.6,0.5,0.4,11.8,59.6,83.9,48.0,20.0,44.5,18.0,0.6,0.5,0.4,-49.7,-26.7,51.4,-4.3,20.0,57.9,18.0,0.6,0.5,0.4,-0.4,49.8,86.0,45.1,16.0,53.6,18.0,0.8,0.5,0.4,-64.9,-41.4,48.0,-17.5,16.0,53.2,18.0,0.8,0.5,0.4,635.5,1895.0,4493.5,2858.5,22.0,3626.0,18.0,0.6,0.5,0.4,635.0,1895.0,4495.0,2860.0,22.0,3625.0,18.0,0.6,0.5,0.4
1974,2,301.0,41.0,11.59,13.3,16.0,13.37,23.0,2.53,14.0,0.5,0.5,0.5,4.4,7.6,11.5,8.02,24.0,3.85,16.0,0.5,0.5,0.5,3.47,5.26,7.65,5.6,21.0,1.85,16.0,0.5,0.5,0.5,69.6,79.0,91.4,79.7,21.0,11.1,16.0,0.5,0.5,6.7,10.3,25.1,14.05,25.0,8.91,14.0,0.5,0.5,0.5,-0.22,6.62,23.46,9.52,25.0,10.78,14.0,0.5,0.5,0.5,-8.09,-3.55,5.48,-2.52,25.0,8.24,14.0,0.5,0.5,0.5,996.79,1010.0,1018.15,1008.3,25.0,10.22,16.0,0.5,0.5,0.5,6.0,7.0,8.0,7.0,23.0,1.3,16.0,0.5,0.5,0.4,-1.5,68.2,592.7,219.1,25.0,294.9,14.0,0.5,0.5,0.5,-156.4,-22.4,52.6,-42.5,25.0,169.2,14.0,0.5,0.5,0.5,-0.27,5.1,9.33,4.98,22.0,4.46,16.0,0.5,0.5,0.4,-1.2,53.6,210.2,80.5,21.0,108.8,14.0,0.5,0.5,0.5,1.82,3.58,5.93,4.06,20.0,2.33,14.0,0.5,0.5,0.4,18.2,38.2,129.5,63.9,19.0,59.0,14.0,0.5,0.5,0.5,-2.1,70.9,108.8,59.9,23.0,78.8,16.0,0.6,0.5,0.5,-63.2,-16.3,56.2,-1.8,23.0,78.3,16.0,0.6,0.5,0.5,-3.7,47.3,106.0,50.2,20.0,55.0,14.0,0.6,0.5,0.5,-58.0,-15.7,37.8,-5.9,20.0,53.0,14.0,0.6,0.5,0.5,-6.8,32.6,86.8,44.1,19.0,58.0,14.0,0.5,0.5,0.5,-66.7,-14.4,13.2,-22.7,19.0,42.8,14.0,0.5,0.5,0.5,301.0,1092.5,15868.5,6344.0,25.0,8939.0,14.0,0.5,0.5,0.5,300.0,1095.0,15870.0,6345.0,25.0,8940.0,14.0,0.5,0.5,0.5
1974,2,301.0,42.0,12.93,13.0,13.75,13.33,3.0,0.67,20.0,0.0,0.7,0.4,3.06,4.5,7.46,5.32,5.0,2.89,18.0,0.2,0.6,0.6,3.31,3.53,3.75,3.53,2.0,0.45,18.0,0.0,0.6,0.2,65.2,71.7,78.2,71.7,2.0,13.5,18.0,0.0,0.2,6.12,9.3,12.33,9.2,5.0,3.34,18.0,0.2,0.6,0.6,-1.01,7.71,9.16,4.58,5.0,6.08,18.0,0.2,0.6,0.6,-8.62,-5.13,-4.35,-6.16,5.0,2.5,18.0,0.2,0.6,0.6,999.24,1008.0,1018.28,1008.64,5.0,10.61,18.0,0.2,0.6,0.6,4.3,5.0,7.0,5.7,3.0,2.1,16.0,0.3,0.5,0.4,-7.7,81.3,105.3,55.4,5.0,65.1,18.0,0.2,0.6,0.6,-108.2,-34.4,-28.1,-61.4,5.0,43.3,18.0,0.2,0.6,0.6,8.91,9.8,10.69,9.8,3.0,1.3,20.0,0.0,0.7,0.4,59.2,79.1,116.0,87.4,3.0,42.2,20.0,0.0,0.7,0.4,5.51,5.7,5.9,5.7,2.0,0.41,18.0,0.0,0.6,0.2,32.1,41.7,51.3,41.7,2.0,19.9,18.0,0.0,0.6,0.2,-7.7,23.1,61.1,27.6,5.0,46.6,18.0,0.2,0.6,0.6,-49.8,-27.6,-15.1,-34.2,5.0,28.2,18.0,0.2,0.6,0.6,7.3,15.7,24.1,15.7,2.0,17.4,18.0,0.0,0.6,0.2,-17.9,-14.8,-11.7,-14.8,2.0,6.5,18.0,0.0,0.6,0.2,12.3,28.6,44.8,28.6,2.0,33.6,18.0,0.0,0.6,0.2,-25.9,-23.1,-20.4,-23.1,2.0,5.8,18.0,0.0,0.6,0.2,239.5,804.5,1881.0,1022.5,5.0,883.5,18.0,0.2,0.6,0.6,240.0,805.0,1880.0,1020.0,5.0,885.0,18.0,0.2,0.6,0.6
1974,2,301.0,43.0,1.51,4.5,6.4,4.18,10.0,2.32,12.0,0.7,0.6,0.4,-1.4,-0.15,2.38,0.32,12.0,2.29,14.0,0.7,0.6,0.4,2.42,3.42,4.34,3.41,7.0,0.8,14.0,0.9,0.7,0.3,69.6,86.4,100.0,84.3,7.0,13.6,14.0,0.9,0.3,4.85,9.5,19.66,11.55,12.0,6.92,14.0,0.7,0.6,0.4,-0.98,4.26,19.66,6.08,12.0,10.12,14.0,0.7,0.6,0.4,-7.03,-2.3,0.0,-3.44,12.0,6.14,14.0,0.7,0.6,0.4,998.54,1011.05,1020.36,1009.28,12.0,10.88,14.0,0.7,0.6,0.4,6.3,8.0,8.0,7.2,9.0,1.4,12.0,0.9,0.7,0.4,-7.5,26.9,387.8,111.3,12.0,207.6,14.0,0.7,0.6,0.4,-123.4,-15.5,0.0,-48.9,12.0,89.9,14.0,0.7,0.6,0.4,2.4,5.0,6.57,4.67,10.0,2.28,12.0,0.7,0.6,0.4,13.5,39.9,121.3,63.4,10.0,55.0,12.0,0.7,0.6,0.4,0.76,1.63,2.59,1.7,5.0,1.1,14.0,1.0,0.7,0.4,7.7,14.3,57.3,29.5,5.0,29.4,14.0,1.0,0.7,0.4,-21.5,-2.1,2.6,-6.2,12.0,15.8,14.0,0.7,0.6,0.4,-1.5,0.0,20.1,6.8,12.0,14.7,14.0,0.7,0.6,0.4,-18.2,12.3,53.2,13.8,7.0,40.8,14.0,0.9,0.7,0.3,-15.1,-8.6,1.4,-8.2,7.0,24.6,14.0,0.9,0.7,0.3,2.3,8.4,56.8,26.5,5.0,31.5,14.0,1.0,0.7,0.4,-10.6,-7.0,0.0,-5.9,5.0,6.0,14.0,1.0,0.7,0.4,116.5,949.5,7677.5,3183.0,12.0,4128.5,14.0,0.7,0.6,0.4,115.0,950.0,7680.0,3185.0,12.0,4130.0,14.0,0.7,0.6,0.4
1974,2,301.0,44.0,-0.2,0.1,1.51,0.71,12.0,1.39,20.0,0.6,0.5,0.5,-3.95,-2.0,0.73,-1.49,17.0,2.47,18.0,0.6,0.5,0.5,2.04,2.53,3.05,2.61,13.0,0.57,20.0,0.5,0.5,0.5,70.8,75.3,83.0,78.3,13.0,10.3,20.0,0.5,0.5,2.6,10.3,13.63,9.4,17.0,6.27,18.0,0.6,0.5,0.5,1.99,4.6,12.09,5.55,17.0,6.38,18.0,0.6,0.5,0.5,-5.98,1.67,2.43,0.17,17.0,7.73,18.0,0.6,0.5,0.5,1008.32,1014.6,1027.0,1016.39,17.0,8.51,18.0,0.6,0.5,0.5,1.1,6.0,7.0,4.9,17.0,2.8,18.0,0.6,0.5,0.5,5.2,22.5,152.2,68.2,17.0,121.8,18.0,0.6,0.5,0.5,-62.4,4.3,29.9,15.5,17.0,150.7,18.0,0.6,0.5,0.5,0.87,2.75,4.68,2.66,12.0,2.56,20.0,0.6,0.5,0.5,2.3,29.1,51.6,30.0,12.0,29.7,20.0,0.6,0.5,0.5,0.88,1.47,1.97,1.37,12.0,0.64,20.0,0.6,0.5,0.5,2.5,17.1,22.8,13.1,12.0,9.9,20.0,0.6,0.5,0.5,-43.4,-4.0,3.3,-17.5,17.0,22.2,18.0,0.6,0.5,0.5,-7.6,0.1,24.7,5.6,17.0,20.9,18.0,0.6,0.5,0.5,5.0,11.0,22.2,13.1,13.0,10.8,20.0,0.5,0.5,0.5,-19.4,0.0,4.5,-5.9,13.0,13.1,20.0,0.5,0.5,0.5,1.3,5.8,22.2,9.0,12.0,9.8,20.0,0.6,0.5,0.5,-15.7,-1.0,2.3,-5.0,12.0,8.5,20.0,0.6,0.5,0.5,17.5,1092.5,2535.0,2076.5,17.0,4150.0,18.0,0.6,0.5,0.5,20.0,1095.0,2535.0,2075.0,17.0,4150.0,18.0,0.6,0.5,0.5
1974,2,301.0,45.0,-0.63,-0.4,0.03,-0.16,19.0,0.95,12.0,0.5,0.8,0.5,-5.52,-3.35,-1.39,-3.35,26.0,2.12,14.0,0.6,0.7,0.5,2.09,2.38,3.02,2.45,18.0,0.41,12.0,0.5,0.8,0.4,76.9,84.0,90.3,83.7,18.0,7.4,12.0,0.5,0.4,6.6,12.3,19.5,12.76,25.0,6.28,14.0,0.6,0.7,0.5,-9.52,4.53,11.68,2.18,25.0,10.98,14.0,0.6,0.7,0.5,-11.65,-4.75,2.23,-4.42,25.0,7.94,14.0,0.6,0.7,0.5,1001.44,1006.85,1019.02,1008.72,26.0,8.58,14.0,0.6,0.7,0.5,2.0,7.0,8.0,5.8,25.0,2.7,14.0,0.6,0.7,0.5,-131.5,33.6,170.9,26.4,25.0,214.3,14.0,0.6,0.7,0.5,-192.2,-53.0,26.0,-60.7,25.0,157.7,14.0,0.6,0.7,0.5,1.0,3.3,5.3,3.52,19.0,2.45,12.0,0.5,0.8,0.5,16.0,41.8,98.0,54.3,18.0,42.7,12.0,0.5,0.8,0.5,0.71,1.32,1.79,1.32,17.0,0.57,12.0,0.5,0.8,0.4,8.6,17.3,26.9,17.7,16.0,8.8,12.0,0.5,0.8,0.5,-61.2,-14.5,14.9,-23.0,25.0,40.7,14.0,0.6,0.7,0.5,-0.5,11.6,63.4,17.2,25.0,39.0,14.0,0.6,0.7,0.5,-24.3,12.2,23.9,2.9,17.0,25.4,12.0,0.5,0.8,0.5,-32.7,-19.4,0.9,-16.8,17.0,15.6,12.0,0.5,0.8,0.5,-7.4,12.4,17.5,6.5,16.0,12.2,12.0,0.5,0.8,0.5,-21.9,-8.4,-1.3,-10.8,16.0,9.7,12.0,0.5,0.8,0.5,289.0,1861.0,7415.0,3608.5,25.0,4958.5,14.0,0.6,0.7,0.5,290.0,1860.0,7415.0,3610.0,25.0,4960.0,14.0,0.6,0.7,0.5
1974,2,301.0,46.0,-1.37,-0.6,0.0,-0.57,10.0,0.83,12.0,0.4,0.3,0.4,-6.84,-5.7,0.0,-4.75,13.0,3.79,12.0,0.5,0.4,0.4,1.45,1.97,2.56,2.04,11.0,0.65,12.0,0.5,0.4,0.4,65.8,82.0,85.4,77.0,11.0,12.7,12.0,0.5,0.4,6.65,11.3,15.29,11.88,13.0,6.6,12.0,0.5,0.4,0.4,-7.34,6.2,12.45,5.41,13.0,11.2,12.0,0.5,0.4,0.4,-6.66,-4.35,0.0,-3.42,13.0,5.15,12.0,0.5,0.4,0.4,997.97,1004.9,1012.91,1003.55,13.0,11.4,12.0,0.5,0.4,0.4,3.6,7.0,7.4,5.5,11.0,2.5,14.0,0.5,0.3,0.4,-101.1,38.4,168.4,97.8,13.0,241.3,12.0,0.5,0.4,0.4,-99.4,-37.8,0.0,-42.4,13.0,74.3,12.0,0.5,0.4,0.4,0.34,5.15,8.72,4.7,10.0,4.02,12.0,0.4,0.3,0.4,3.2,44.3,163.1,73.8,10.0,99.4,12.0,0.4,0.3,0.4,0.97,1.71,2.17,1.63,10.0,0.76,12.0,0.4,0.3,0.4,9.6,17.0,38.0,21.6,10.0,17.7,12.0,0.4,0.3,0.4,-83.2,-28.2,0.0,-60.7,13.0,95.3,12.0,0.5,0.4,0.4,0.0,10.4,46.4,18.8,13.0,20.9,12.0,0.5,0.4,0.4,-10.2,14.2,25.5,8.5,11.0,23.8,12.0,0.5,0.4,0.4,-14.7,-6.7,0.0,-4.7,11.0,13.4,12.0,0.5,0.4,0.4,1.7,14.5,37.6,18.2,10.0,20.3,12.0,0.4,0.3,0.4,-9.4,-5.8,0.0,-4.9,10.0,5.1,12.0,0.4,0.3,0.4,295.0,1443.0,3973.0,3343.5,13.0,5372.5,12.0,0.5,0.4,0.4,295.0,1445.0,3975.0,3345.0,13.0,5370.0,12.0,0.5,0.4,0.4
1974,2,301.0,47.0,-0.8,-0.8,1.48,0.42,5.0,2.62,12.0,0.6,0.9,0.1,-8.0,-7.0,-3.24,-5.71,12.0,2.86,14.0,0.8,0.6,0.2,1.64,1.68,2.26,1.92,5.0,0.42,12.0,0.6,0.9,0.1,75.4,82.1,87.9,82.0,5.0,7.4,12.0,0.6,0.1,4.85,12.9,14.03,10.64,12.0,5.31,14.0,0.8,0.6,0.2,1.57,8.17,13.15,6.75,12.0,7.09,14.0,0.8,0.6,0.2,-4.8,0.0,4.45,0.2,12.0,7.2,14.0,0.8,0.6,0.2,994.57,1004.7,1015.07,1005.05,11.0,12.92,14.0,0.7,0.6,0.3,4.0,6.0,7.0,5.4,10.0,2.0,14.0,0.7,0.6,0.2,6.8,90.9,184.9,87.2,12.0,104.2,14.0,0.8,0.6,0.2,-67.3,0.0,36.8,14.3,12.0,125.0,14.0,0.8,0.6,0.2,6.0,6.6,8.53,7.12,5.0,1.52,12.0,0.6,0.9,0.1,78.7,91.7,98.6,89.4,5.0,15.0,12.0,0.6,0.9,0.1,1.79,1.97,2.3,2.06,5.0,0.47,12.0,0.6,0.9,0.1,23.9,26.9,27.5,25.7,5.0,3.3,12.0,0.6,0.9,0.1,-98.3,-35.7,-7.7,-49.5,12.0,43.5,14.0,0.8,0.6,0.2,-4.5,0.0,34.7,9.7,12.0,24.0,14.0,0.8,0.6,0.2,19.5,21.2,22.1,20.7,5.0,2.1,12.0,0.6,0.9,0.1,-15.1,-8.3,-5.0,-9.7,5.0,7.4,12.0,0.6,0.9,0.1,19.1,25.3,26.8,22.9,5.0,5.9,12.0,0.6,0.9,0.1,-13.9,-9.7,-5.8,-9.5,5.0,5.8,12.0,0.6,0.9,0.1,116.5,2146.5,2762.0,2035.5,12.0,2395.5,14.0,0.8,0.6,0.2,115.0,2145.0,2760.0,2035.0,12.0,2395.0,14.0,0.8,0.6,0.2
1974,2,301.0,48.0,,,,,,,,,,,,,,,,,,,,,,,,,,,,,,,,,,,,,,,,2.78,20.6,25.7,16.0,9.0,10.42,4.0,0.4,0.3,0.6,-11.25,9.68,23.79,7.08,9.0,17.2,4.0,0.4,0.3,0.6,-4.21,0.0,0.0,0.17,9.0,6.66,4.0,0.4,0.3,0.6,991.11,1002.0,1007.07,999.45,11.0,10.18,4.0,0.5,0.4,0.6,,,,,,,,,,,,,,,,,,,,,,,,,,,,,,,,,,,,,,,,,,,,,,,,,,,,,,,,,,,,,,,,,,,,,,,,,,,,,,,,,,,,,,,,,,,,,,,,,,,,,,,,,,,,,,,,,,,,,,,,,,,,,,,,,,,,,,,,,,,,,,,,,,,,,,
1974,2,301.0,49.0,-1.64,-1.6,-1.36,-1.46,55.0,0.35,14.0,0.7,0.7,0.2,-11.83,-7.75,-4.2,-7.47,82.0,4.87,16.0,0.7,0.6,0.2,1.32,1.84,2.53,2.03,79.0,0.93,18.0,0.7,0.6,0.2,81.4,88.6,93.9,87.7,79.0,6.8,18.0,0.7,0.2,4.48,10.3,14.4,10.12,79.0,4.78,18.0,0.7,0.6,0.2,-4.13,5.02,9.85,3.57,79.0,7.24,18.0,0.7,0.6,0.2,-7.13,1.55,8.88,1.0,79.0,7.76,18.0,0.7,0.6,0.2,994.04,1005.35,1015.33,1004.08,82.0,11.52,16.0,0.7,0.6,0.2,5.4,8.0,8.0,7.0,73.0,2.2,18.0,0.7,0.6,0.2,-36.2,39.7,115.4,35.0,79.0,109.4,18.0,0.7,0.6,0.2,-65.7,6.5,109.2,13.7,79.0,114.0,18.0,0.7,0.6,0.2,3.48,7.3,10.94,7.27,55.0,4.3,14.0,0.7,0.7,0.2,23.4,69.8,116.0,75.2,55.0,57.9,14.0,0.7,0.7,0.2,1.05,1.72,2.18,1.61,55.0,0.65,14.0,0.7,0.7,0.2,7.7,16.3,26.4,16.6,55.0,9.9,14.0,0.7,0.7,0.2,-88.2,-29.5,15.7,-36.4,79.0,66.4,18.0,0.7,0.6,0.2,-61.9,-7.8,42.5,-9.2,79.0,60.3,18.0,0.7,0.6,0.2,-6.4,9.1,16.9,5.3,78.0,15.9,18.0,0.7,0.6,0.2,-11.5,2.0,13.8,1.2,78.0,18.9,18.0,0.7,0.6,0.2,-6.4,8.6,18.8,7.9,55.0,13.3,14.0,0.7,0.7,0.2,-6.6,2.4,16.4,2.5,55.0,11.5,14.0,0.7,0.7,0.2,93.0,1092.5,2986.0,1735.0,79.0,1985.5,18.0,0.7,0.6,0.2,95.0,1095.0,2985.0,1735.0,79.0,1985.0,18.0,0.7,0.6,0.2
1974,2,301.0,50.0,-1.5,-1.5,-1.5,-1.5,1.0,0.0,4.0,0.0,0.7,0.4,-15.9,-15.9,-15.9,-15.9,1.0,0.0,4.0,0.0,0.7,0.4,1.12,1.12,1.12,1.12,1.0,0.0,4.0,0.0,0.7,0.4,100.0,100.0,100.0,100.0,1.0,0.0,4.0,0.0,0.4,15.9,15.9,15.9,15.9,1.0,0.0,4.0,0.0,0.7,0.4,13.77,13.77,13.77,13.77,1.0,0.0,4.0,0.0,0.7,0.4,7.95,7.95,7.95,7.95,1.0,0.0,4.0,0.0,0.7,0.4,996.2,996.2,996.2,996.2,1.0,0.0,4.0,0.0,0.7,0.4,8.0,8.0,8.0,8.0,1.0,0.0,4.0,0.0,0.7,0.4,218.9,218.9,218.9,218.9,1.0,0.0,4.0,0.0,0.7,0.4,126.4,126.4,126.4,126.4,1.0,0.0,4.0,0.0,0.7,0.4,14.4,14.4,14.4,14.4,1.0,0.0,4.0,0.0,0.7,0.4,229.0,229.0,229.0,229.0,1.0,0.0,4.0,0.0,0.7,0.4,2.33,2.33,2.33,2.33,1.0,0.0,4.0,0.0,0.7,0.4,37.0,37.0,37.0,37.0,1.0,0.0,4.0,0.0,0.7,0.4,-218.9,-218.9,-218.9,-218.9,1.0,0.0,4.0,0.0,0.7,0.4,-126.4,-126.4,-126.4,-126.4,1.0,0.0,4.0,0.0,0.7,0.4,15.4,15.4,15.4,15.4,1.0,0.0,4.0,0.0,0.7,0.4,8.9,8.9,8.9,8.9,1.0,0.0,4.0,0.0,0.7,0.4,32.0,32.0,32.0,32.0,1.0,0.0,4.0,0.0,0.7,0.4,18.5,18.5,18.5,18.5,1.0,0.0,4.0,0.0,0.7,0.4,4019.5,4019.5,4019.5,4019.5,1.0,0.0,4.0,0.0,0.7,0.4,4020.0,4020.0,4020.0,4020.0,1.0,0.0,4.0,0.0,0.7,0.4
1974,2,301.0,55.0,,,,,,,,,,,,,,,,,,,,,,,,,,,,,,,,,,,,,,,,2.0,2.0,2.0,2.0,1.0,0.0,12.0,1.0,0.2,0.8,-1.73,-1.73,-1.73,-1.73,1.0,0.0,12.0,1.0,0.2,0.8,-1.0,-1.0,-1.0,-1.0,1.0,0.0,12.0,1.0,0.2,0.8,1003.0,1003.0,1003.0,1003.0,1.0,0.0,12.0,1.0,0.2,0.8,,,,,,,,,,,,,,,,,,,,,,,,,,,,,,,,,,,,,,,,,,,,,,,,,,,,,,,,,,,,,,,,,,,,,,,,,,,,,,,,,,,,,,,,,,,,,,,,,,,,,,,,,,,,,,,,,,,,,,,,,,,,,,,,,,,,,,,,,,,,,,,,,,,,,,
1974,2,301.0,56.0,0.0,0.0,2.66,1.3,3.0,2.25,10.0,0.3,0.6,0.6,1.0,1.0,1.2,1.1,3.0,0.17,10.0,0.3,0.6,0.6,4.0,4.0,4.0,4.0,1.0,0.0,2.0,0.0,0.8,0.5,93.0,93.0,93.0,93.0,1.0,0.0,2.0,0.0,0.5,2.59,6.0,9.41,6.0,2.0,7.07,12.0,0.5,0.5,0.6,-8.85,-5.67,-2.48,-5.67,2.0,6.6,12.0,0.5,0.5,0.6,0.6,1.88,3.17,1.88,2.0,2.66,12.0,0.5,0.5,0.6,985.37,1002.3,1004.96,995.33,3.0,15.57,10.0,0.3,0.6,0.6,7.3,8.0,8.0,7.7,3.0,0.6,10.0,0.3,0.6,0.6,-95.8,-57.4,-18.9,-57.4,2.0,79.7,12.0,0.5,0.5,0.6,6.6,20.7,34.8,20.7,2.0,29.3,12.0,0.5,0.5,0.6,,,,,,,,,,,,,,,,,,,,,,,,,,,,,,,,,,,,,,,,,,,,,,,,,,,,,,,,,,,,,,,,,,,,,,,,,,,,,,,,,,,,,,,,,,,,,,,,,,,,,,,,,,,,,,,,,,,,,,,,
1974,2,302.0,-64.0,-0.84,-0.65,0.6,-0.27,6.0,0.82,14.0,0.5,0.6,0.9,0.17,1.2,2.1,1.05,6.0,2.36,14.0,0.5,0.6,0.9,3.81,3.87,3.91,3.86,3.0,0.07,16.0,0.7,0.7,0.9,91.7,91.7,92.6,92.1,3.0,0.8,16.0,0.7,0.9,2.06,7.2,10.56,6.95,6.0,5.53,14.0,0.5,0.6,0.9,-0.41,7.13,10.56,6.16,6.0,6.48,14.0,0.5,0.6,0.9,-1.63,0.0,0.0,-0.55,6.0,0.85,14.0,0.5,0.6,0.9,985.79,996.3,997.49,991.95,6.0,8.99,14.0,0.5,0.6,0.9,0.0,6.5,8.0,4.8,6.0,3.9,14.0,0.5,0.6,0.9,-1.1,55.6,117.6,71.6,6.0,90.5,14.0,0.5,0.6,0.9,-6.5,0.0,0.0,-3.2,6.0,6.0,14.0,0.5,0.6,0.9,-2.86,-1.25,0.45,-1.32,6.0,2.52,14.0,0.5,0.6,0.9,-14.2,-5.6,1.2,-5.8,6.0,8.8,14.0,0.5,0.6,0.9,-0.08,0.06,0.25,0.09,3.0,0.24,16.0,0.7,0.7,0.9,-0.6,0.9,2.5,0.9,3.0,2.2,16.0,0.7,0.7,0.9,4.7,8.1,12.1,9.1,6.0,7.6,14.0,0.5,0.6,0.9,-0.3,0.0,1.0,0.6,6.0,2.3,14.0,0.5,0.6,0.9,35.1,36.0,52.7,43.7,3.0,14.5,16.0,0.7,0.7,0.9,-4.2,0.0,0.0,-2.0,3.0,3.5,16.0,0.7,0.7,0.9,-0.6,0.9,2.4,0.9,3.0,2.2,16.0,0.7,0.7,0.9,-0.4,0.0,0.0,-0.2,3.0,0.3,16.0,0.7,0.7,0.9,14.0,468.5,1392.5,902.0,6.0,1398.0,14.0,0.5,0.6,0.9,15.0,470.0,1390.0,900.0,6.0,1400.0,14.0,0.5,0.6,0.9
1974,2,302.0,-63.0,-0.28,0.2,2.04,0.87,3.0,1.8,12.0,0.0,0.5,0.5,0.32,1.0,3.12,1.7,3.0,2.14,12.0,0.0,0.5,0.5,3.94,4.07,4.2,4.07,2.0,0.27,16.0,0.0,0.3,0.6,85.8,91.6,97.3,91.6,2.0,11.9,16.0,0.0,0.6,6.09,9.3,13.46,9.77,3.0,5.42,12.0,0.0,0.5,0.5,2.56,4.6,11.34,6.9,3.0,6.73,12.0,0.0,0.5,0.5,1.67,5.27,7.92,4.81,3.0,4.6,12.0,0.0,0.5,0.5,990.59,999.4,1000.56,995.67,3.0,7.98,12.0,0.0,0.5,0.5,2.9,7.0,7.7,5.3,3.0,3.8,12.0,0.0,0.5,0.5,17.0,21.2,158.8,86.3,3.0,118.3,12.0,0.0,0.5,0.5,25.7,81.1,83.9,55.4,3.0,48.0,12.0,0.0,0.5,0.5,-1.07,-0.8,-0.6,-0.83,3.0,0.35,12.0,0.0,0.5,0.5,-14.1,-4.6,-4.0,-8.9,3.0,8.3,12.0,0.0,0.5,0.5,-0.05,0.15,0.36,0.15,2.0,0.42,16.0,0.0,0.3,0.6,0.0,2.8,5.6,2.8,2.0,5.8,16.0,0.0,0.3,0.6,1.5,4.6,42.0,21.3,3.0,33.0,12.0,0.0,0.5,0.5,0.0,0.0,14.7,7.2,3.0,12.5,12.0,0.0,0.5,0.5,15.1,34.0,52.9,34.0,2.0,39.2,16.0,0.0,0.3,0.6,24.5,29.0,33.5,29.0,2.0,9.3,16.0,0.0,0.3,0.6,0.8,3.1,5.4,3.1,2.0,4.7,16.0,0.0,0.3,0.6,-0.7,0.5,1.8,0.5,2.0,2.6,16.0,0.0,0.3,0.6,321.5,804.5,2748.5,1518.0,3.0,1882.0,12.0,0.0,0.5,0.5,320.0,805.0,2750.0,1520.0,3.0,1880.0,12.0,0.0,0.5,0.5
1974,2,302.0,-62.0,,,,,,,,,,,,,,,,,,,,,,,,,,,,,,,,,,,,,,,,4.6,4.6,4.6,4.6,1.0,0.0,8.0,0.0,1.0,0.6,4.6,4.6,4.6,4.6,1.0,0.0,8.0,0.0,1.0,0.6,0.0,0.0,0.0,0.0,1.0,0.0,8.0,0.0,1.0,0.6,1003.0,1003.0,1003.0,1003.0,1.0,0.0,8.0,0.0,1.0,0.6,,,,,,,,,,,,,,,,,,,,,,,,,,,,,,,,,,,,,,,,,,,,,,,,,,,,,,,,,,,,,,,,,,,,,,,,,,,,,,,,,,,,,,,,,,,,,,,,,,,,,,,,,,,,,,,,,,,,,,,,,,,,,,,,,,,,,,,,,,,,,,,,,,,,,,
1974,2,302.0,-61.0,,,,,,,,,,,,,,,,,,,,,,,,,,,,,,,,,,,,,,,,4.6,4.6,4.6,4.6,1.0,0.0,8.0,1.0,1.0,0.9,-4.32,-4.32,-4.32,-4.32,1.0,0.0,8.0,1.0,1.0,0.9,-1.57,-1.57,-1.57,-1.57,1.0,0.0,8.0,1.0,1.0,0.9,1006.8,1006.8,1006.8,1006.8,1.0,0.0,8.0,1.0,1.0,0.9,,,,,,,,,,,,,,,,,,,,,,,,,,,,,,,,,,,,,,,,,,,,,,,,,,,,,,,,,,,,,,,,,,,,,,,,,,,,,,,,,,,,,,,,,,,,,,,,,,,,,,,,,,,,,,,,,,,,,,,,,,,,,,,,,,,,,,,,,,,,,,,,,,,,,,
1974,2,302.0,-59.0,,,,,,,,,,,,,,,,,,,,,,,,,,,,,,,,,,,,,,,,4.6,4.6,4.6,4.6,1.0,0.0,8.0,1.0,0.9,0.1,4.32,4.32,4.32,4.32,1.0,0.0,8.0,1.0,0.9,0.1,1.57,1.57,1.57,1.57,1.0,0.0,8.0,1.0,0.9,0.1,1010.7,1010.7,1010.7,1010.7,1.0,0.0,8.0,1.0,0.9,0.1,,,,,,,,,,,,,,,,,,,,,,,,,,,,,,,,,,,,,,,,,,,,,,,,,,,,,,,,,,,,,,,,,,,,,,,,,,,,,,,,,,,,,,,,,,,,,,,,,,,,,,,,,,,,,,,,,,,,,,,,,,,,,,,,,,,,,,,,,,,,,,,,,,,,,,
1974,2,302.0,-58.0,,,,,,,,,,,,,,,,,,,,,,,,,,,,,,,,,,,,,,,,4.6,4.6,4.6,4.6,1.0,0.0,10.0,0.0,0.8,0.5,3.52,3.52,3.52,3.52,1.0,0.0,10.0,0.0,0.8,0.5,2.96,2.96,2.96,2.96,1.0,0.0,10.0,0.0,0.8,0.5,1014.5,1014.5,1014.5,1014.5,1.0,0.0,10.0,0.0,0.8,0.5,,,,,,,,,,,,,,,,,,,,,,,,,,,,,,,,,,,,,,,,,,,,,,,,,,,,,,,,,,,,,,,,,,,,,,,,,,,,,,,,,,,,,,,,,,,,,,,,,,,,,,,,,,,,,,,,,,,,,,,,,,,,,,,,,,,,,,,,,,,,,,,,,,,,,,
1974,2,302.0,-57.0,,,,,,,,,,,,,,,,,,,,,,,,,,,,,,,,,,,,,,,,4.6,4.6,4.6,4.6,1.0,0.0,10.0,0.0,0.8,0.7,3.52,3.52,3.52,3.52,1.0,0.0,10.0,0.0,0.8,0.7,2.96,2.96,2.96,2.96,1.0,0.0,10.0,0.0,0.8,0.7,1017.2,1017.2,1017.2,1017.2,1.0,0.0,10.0,0.0,0.8,0.7,,,,,,,,,,,,,,,,,,,,,,,,,,,,,,,,,,,,,,,,,,,,,,,,,,,,,,,,,,,,,,,,,,,,,,,,,,,,,,,,,,,,,,,,,,,,,,,,,,,,,,,,,,,,,,,,,,,,,,,,,,,,,,,,,,,,,,,,,,,,,,,,,,,,,,
1974,2,302.0,-56.0,,,,,,,,,,,,,,,,,,,,,,,,,,,,,,,,,,,,,,,,4.6,4.6,4.6,4.6,1.0,0.0,10.0,1.0,0.7,0.9,3.98,3.98,3.98,3.98,1.0,0.0,10.0,1.0,0.7,0.9,2.3,2.3,2.3,2.3,1.0,0.0,10.0,1.0,0.7,0.9,1020.5,1020.5,1020.5,1020.5,1.0,0.0,10.0,1.0,0.7,0.9,,,,,,,,,,,,,,,,,,,,,,,,,,,,,,,,,,,,,,,,,,,,,,,,,,,,,,,,,,,,,,,,,,,,,,,,,,,,,,,,,,,,,,,,,,,,,,,,,,,,,,,,,,,,,,,,,,,,,,,,,,,,,,,,,,,,,,,,,,,,,,,,,,,,,,
1974,2,302.0,-54.0,7.75,8.3,8.98,8.37,3.0,0.9,22.0,0.3,0.7,0.5,8.52,10.7,11.93,10.23,3.0,2.53,22.0,0.3,0.7,0.5,7.68,7.83,7.98,7.83,2.0,0.31,28.0,0.0,0.8,0.7,89.6,91.5,93.3,91.5,2.0,3.8,28.0,0.0,0.7,7.55,13.9,14.24,10.97,3.0,5.52,22.0,0.3,0.7,0.5,1.12,3.52,5.86,3.49,3.0,3.48,22.0,0.3,0.7,0.5,-13.65,-12.04,-1.8,-7.83,3.0,9.41,22.0,0.3,0.7,0.5,1000.3,1003.3,1017.09,1008.57,3.0,13.12,22.0,0.3,0.7,0.5,5.3,6.0,6.0,5.7,3.0,0.6,22.0,0.3,0.7,0.5,5.1,16.2,71.1,37.6,3.0,51.7,22.0,0.3,0.7,0.5,-194.7,-167.3,-43.8,-120.4,3.0,117.7,22.0,0.3,0.7,0.5,-2.95,-2.4,-0.76,-1.87,3.0,1.67,22.0,0.3,0.7,0.5,-42.0,-33.4,-10.6,-26.5,3.0,23.8,22.0,0.3,0.7,0.5,-0.73,-0.73,-0.73,-0.73,2.0,0.01,28.0,0.0,0.8,0.7,-10.4,-10.3,-10.3,-10.3,2.0,0.1,28.0,0.0,0.8,0.7,8.4,26.4,59.2,33.6,3.0,37.7,22.0,0.3,0.7,0.5,-163.8,-128.8,-25.7,-95.5,3.0,105.1,22.0,0.3,0.7,0.5,8.4,26.4,44.5,26.4,2.0,37.4,28.0,0.0,0.8,0.7,-112.0,-103.7,-95.4,-103.7,2.0,17.2,28.0,0.0,0.8,0.7,-4.3,-2.6,-0.8,-2.6,2.0,3.6,28.0,0.0,0.8,0.7,9.1,9.6,10.2,9.6,2.0,1.1,28.0,0.0,0.8,0.7,919.0,2685.5,2890.5,1923.0,3.0,1588.0,22.0,0.3,0.7,0.5,920.0,2685.0,2890.0,1925.0,3.0,1590.0,22.0,0.3,0.7,0.5
1974,2,302.0,-53.0,7.68,8.7,9.37,8.58,5.0,1.04,16.0,0.4,0.5,0.7,6.93,7.2,7.75,7.33,3.0,0.61,14.0,0.3,0.6,0.7,5.25,5.38,5.51,5.38,2.0,0.27,16.0,0.0,0.8,0.7,84.4,84.7,85.1,84.7,2.0,0.7,16.0,0.0,0.7,6.13,8.0,16.35,10.72,5.0,5.59,16.0,0.4,0.5,0.7,-5.18,-4.0,5.59,-0.67,5.0,5.89,16.0,0.4,0.5,0.7,-2.53,3.86,15.36,5.66,5.0,9.98,16.0,0.4,0.5,0.7,1009.06,1016.1,1017.98,1013.88,5.0,5.52,16.0,0.4,0.5,0.7,6.9,8.0,8.0,7.4,5.0,1.3,16.0,0.4,0.5,0.7,-34.4,-27.6,92.0,18.8,5.0,71.3,16.0,0.4,0.5,0.7,-20.2,23.1,252.7,99.0,5.0,155.7,16.0,0.4,0.5,0.7,0.83,1.1,2.26,1.53,3.0,1.12,14.0,0.3,0.6,0.7,14.0,16.9,17.2,15.6,3.0,2.6,14.0,0.3,0.6,0.7,1.37,1.37,1.38,1.37,2.0,0.0,16.0,0.0,0.8,0.7,21.8,23.0,24.1,23.0,2.0,2.5,16.0,0.0,0.8,0.7,-19.1,35.8,45.0,13.5,3.0,50.8,14.0,0.3,0.6,0.7,31.2,98.4,123.6,77.9,3.0,69.9,14.0,0.3,0.6,0.7,28.4,30.8,33.2,30.8,2.0,4.9,16.0,0.0,0.8,0.7,78.1,84.7,91.2,84.7,2.0,13.5,16.0,0.0,0.8,0.7,7.4,7.9,8.3,7.9,2.0,0.8,16.0,0.0,0.8,0.7,20.5,21.6,22.7,21.6,2.0,2.3,16.0,0.0,0.8,0.7,230.0,512.0,4448.5,2090.0,5.0,2543.5,16.0,0.4,0.5,0.7,230.0,510.0,4450.0,2090.0,5.0,2545.0,16.0,0.4,0.5,0.7
1974,2,302.0,-52.0,8.59,9.3,10.68,9.37,6.0,1.41,12.0,0.5,0.5,0.5,7.95,9.75,11.32,9.57,6.0,1.9,12.0,0.5,0.5,0.5,6.06,7.16,7.34,6.71,3.0,1.02,12.0,0.7,0.5,0.6,83.4,86.3,88.8,86.1,3.0,4.0,12.0,0.7,0.6,2.06,6.35,9.65,5.93,6.0,4.35,12.0,0.5,0.5,0.5,0.55,1.25,8.45,3.48,6.0,4.21,12.0,0.5,0.5,0.5,-5.02,-1.22,3.5,-1.18,6.0,5.22,12.0,0.5,0.5,0.5,1010.98,1017.9,1027.31,1018.87,6.0,8.33,12.0,0.5,0.5,0.5,6.6,7.0,8.0,7.0,6.0,1.1,12.0,0.5,0.5,0.5,1.8,8.9,78.1,32.7,6.0,44.4,12.0,0.5,0.5,0.5,-30.1,-3.2,33.0,-3.5,6.0,48.6,12.0,0.5,0.5,0.5,-0.97,-0.2,0.92,-0.2,6.0,1.12,12.0,0.5,0.5,0.5,-6.5,-1.9,0.5,-2.6,6.0,4.0,12.0,0.5,0.5,0.5,0.67,0.76,1.37,1.01,3.0,0.56,12.0,0.7,0.5,0.6,4.8,5.8,6.4,5.6,3.0,1.2,12.0,0.7,0.5,0.6,6.0,13.0,72.0,32.1,6.0,38.1,12.0,0.5,0.5,0.5,-55.9,-10.4,34.6,-16.1,6.0,53.4,12.0,0.5,0.5,0.5,7.2,12.0,43.8,25.2,3.0,29.1,12.0,0.7,0.5,0.6,-50.7,-13.5,10.2,-20.1,3.0,45.0,12.0,0.7,0.5,0.6,1.2,1.5,4.7,2.9,3.0,2.9,12.0,0.7,0.5,0.6,-5.2,-4.0,0.3,-2.5,3.0,4.2,12.0,0.7,0.5,0.6,14.0,361.5,913.0,479.0,6.0,544.0,12.0,0.5,0.5,0.5,15.0,360.0,915.0,480.0,6.0,545.0,12.0,0.5,0.5,0.5
1974,2,302.0,-51.0,10.3,10.5,10.7,10.5,2.0,0.42,18.0,0.5,0.5,0.3,10.56,12.2,13.43,12.0,3.0,2.11,12.0,0.3,0.6,0.3,6.77,7.52,7.95,7.36,3.0,0.88,12.0,0.3,0.6,0.3,78.6,86.8,90.6,84.6,3.0,9.0,12.0,0.3,0.3,4.77,6.2,7.91,6.33,3.0,2.3,12.0,0.3,0.6,0.3,-1.97,3.14,4.24,1.18,3.0,4.86,12.0,0.3,0.6,0.3,-6.41,-3.99,0.53,-2.96,3.0,5.16,12.0,0.3,0.6,0.3,1001.6,1011.5,1022.29,1011.93,3.0,15.15,12.0,0.3,0.6,0.3,2.0,4.0,5.4,3.7,3.0,2.5,12.0,0.3,0.6,0.3,-21.7,12.9,24.2,1.5,3.0,35.1,12.0,0.3,0.6,0.3,-52.6,-24.7,-0.5,-26.5,3.0,38.2,12.0,0.3,0.6,0.3,-1.52,-0.5,0.52,-0.5,2.0,2.12,18.0,0.5,0.5,0.3,-9.1,-1.8,5.4,-1.8,2.0,14.9,18.0,0.5,0.5,0.3,-0.12,0.54,1.19,0.54,2.0,1.36,18.0,0.5,0.5,0.3,-0.1,5.2,10.5,5.2,2.0,11.1,18.0,0.5,0.5,0.3,-15.1,44.0,53.5,19.8,3.0,54.5,12.0,0.3,0.6,0.3,-65.8,-48.6,9.8,-28.5,3.0,58.0,12.0,0.3,0.6,0.3,-11.6,23.6,33.9,11.5,3.0,34.9,12.0,0.3,0.6,0.3,-43.3,-32.5,3.2,-20.3,3.0,35.7,12.0,0.3,0.6,0.3,-5.8,-4.3,-2.7,-4.3,2.0,3.2,18.0,0.5,0.5,0.3,-9.2,-4.8,-0.4,-4.8,2.0,9.2,18.0,0.5,0.5,0.3,122.5,238.5,525.0,322.0,3.0,303.5,12.0,0.3,0.6,0.3,125.0,240.0,525.0,320.0,3.0,305.0,12.0,0.3,0.6,0.3
1974,2,302.0,-50.0,10.73,11.0,11.14,10.93,3.0,0.31,16.0,0.0,0.6,0.4,9.84,10.8,12.71,11.27,3.0,2.14,16.0,0.0,0.6,0.4,7.04,7.53,8.02,7.53,2.0,1.01,20.0,0.0,0.5,0.3,85.2,85.3,85.4,85.3,2.0,0.2,20.0,0.0,0.3,7.36,7.7,9.47,8.4,3.0,1.66,16.0,0.0,0.6,0.4,3.78,6.24,7.37,5.59,3.0,2.69,16.0,0.0,0.6,0.4,-6.08,-3.6,3.38,-1.4,3.0,7.18,16.0,0.0,0.6,0.4,1012.59,1013.2,1013.81,1013.2,2.0,1.27,20.0,0.0,0.5,0.3,5.0,7.0,7.7,6.3,3.0,2.1,16.0,0.0,0.6,0.4,28.1,44.9,69.7,48.8,3.0,30.7,16.0,0.0,0.6,0.4,-46.3,-25.9,38.3,-4.5,3.0,64.7,16.0,0.0,0.6,0.4,-1.84,-0.2,1.17,-0.33,3.0,2.2,16.0,0.0,0.6,0.4,-13.4,-2.1,8.8,-2.3,3.0,16.3,16.0,0.0,0.6,0.4,0.08,0.49,0.9,0.49,2.0,0.85,20.0,0.0,0.5,0.3,1.1,5.2,9.3,5.2,2.0,8.5,20.0,0.0,0.5,0.3,43.8,84.8,85.1,64.9,3.0,34.8,16.0,0.0,0.6,0.4,-62.0,-49.0,33.3,-15.2,3.0,75.7,16.0,0.0,0.6,0.4,51.8,52.6,53.4,52.6,2.0,1.7,20.0,0.0,0.5,0.3,-17.8,7.7,33.3,7.7,2.0,52.9,20.0,0.0,0.5,0.3,0.8,4.0,7.1,4.0,2.0,6.6,20.0,0.0,0.5,0.3,1.5,3.8,6.1,3.8,2.0,4.8,20.0,0.0,0.5,0.3,399.5,456.5,891.0,641.0,3.0,393.5,16.0,0.0,0.6,0.4,400.0,455.0,890.0,640.0,3.0,395.0,16.0,0.0,0.6,0.4
1974,2,302.0,-49.0,9.99,10.6,12.37,11.17,3.0,1.82,16.0,0.3,0.7,0.6,9.72,10.2,12.25,10.97,3.0,1.97,16.0,0.3,0.7,0.6,6.68,7.5,8.32,7.5,2.0,1.69,20.0,0.5,0.5,0.5,79.9,82.2,89.2,84.5,3.0,7.1,16.0,0.3,0.6,5.77,7.2,7.88,6.83,3.0,1.58,16.0,0.3,0.7,0.6,-3.67,-1.25,3.89,0.08,3.0,5.66,16.0,0.3,0.7,0.6,-4.15,-1.74,4.29,0.03,3.0,6.37,16.0,0.3,0.7,0.6,1013.21,1014.75,1016.29,1014.75,2.0,3.18,20.0,0.5,0.5,0.5,2.3,3.0,5.0,3.7,3.0,2.1,16.0,0.3,0.7,0.6,-19.5,-9.0,32.3,6.0,3.0,40.1,16.0,0.3,0.7,0.6,-32.3,-8.9,32.0,-0.4,3.0,47.7,16.0,0.3,0.7,0.6,-2.26,0.4,2.65,0.2,3.0,3.6,16.0,0.3,0.7,0.6,-18.7,2.9,13.8,-2.3,3.0,24.2,16.0,0.3,0.7,0.6,-0.79,0.17,1.13,0.17,2.0,1.99,20.0,0.5,0.5,0.5,-6.7,0.6,8.0,0.6,2.0,15.2,20.0,0.5,0.5,0.5,-35.1,-12.8,52.6,8.2,3.0,66.7,16.0,0.3,0.7,0.6,-52.8,-16.6,44.1,-4.6,3.0,71.7,16.0,0.3,0.7,0.6,2.0,23.4,44.7,23.4,2.0,44.2,20.0,0.5,0.5,0.5,-31.5,-0.6,30.3,-0.6,2.0,64.0,20.0,0.5,0.5,0.5,-6.9,-4.9,-2.9,-4.9,2.0,4.1,20.0,0.5,0.5,0.5,7.3,8.9,10.5,8.9,2.0,3.3,20.0,0.5,0.5,0.5,209.0,373.0,495.0,352.5,3.0,210.0,16.0,0.3,0.7,0.6,210.0,375.0,495.0,350.0,3.0,210.0,16.0,0.3,0.7,0.6
1974,2,302.0,-48.0,12.95,13.7,14.25,13.6,3.0,0.95,20.0,1.0,0.5,0.7,12.93,13.2,13.68,13.3,3.0,0.56,20.0,1.0,0.5,0.7,6.65,7.63,8.5,7.58,3.0,1.35,20.0,1.0,0.5,0.7,72.3,80.9,87.6,80.0,3.0,11.2,20.0,1.0,0.7,6.41,10.3,12.07,9.27,3.0,4.25,20.0,1.0,0.5,0.7,0.06,5.15,8.38,4.24,3.0,6.14,20.0,1.0,0.5,0.7,-4.4,3.98,7.35,1.54,3.0,8.86,20.0,1.0,0.5,0.7,1011.81,1015.7,1018.77,1015.3,3.0,5.11,20.0,1.0,0.5,0.7,4.0,4.0,6.0,5.0,3.0,1.7,20.0,1.0,0.5,0.7,9.6,53.0,103.9,56.6,3.0,69.1,20.0,1.0,0.5,0.7,-67.2,18.3,68.5,1.1,3.0,100.5,20.0,1.0,0.5,0.7,-0.6,0.9,1.17,0.3,3.0,1.4,20.0,1.0,0.5,0.7,-9.5,6.0,8.2,-0.5,3.0,14.2,20.0,1.0,0.5,0.7,0.92,2.64,3.2,2.07,3.0,1.74,20.0,1.0,0.5,0.7,4.9,12.2,28.1,16.4,3.0,17.4,20.0,1.0,0.5,0.7,0.2,65.9,114.7,57.6,3.0,84.2,20.0,1.0,0.5,0.7,-62.0,52.6,94.6,17.2,3.0,118.7,20.0,1.0,0.5,0.7,-1.8,31.9,70.2,34.1,3.0,52.8,20.0,1.0,0.5,0.7,-40.7,30.4,47.4,4.0,3.0,68.5,20.0,1.0,0.5,0.7,-3.8,1.2,12.5,4.3,3.0,12.2,20.0,1.0,0.5,0.7,2.7,10.5,24.4,13.4,3.0,16.1,20.0,1.0,0.5,0.7,413.5,1092.5,1812.0,1112.5,3.0,1025.0,20.0,1.0,0.5,0.7,415.0,1095.0,1810.0,1110.0,3.0,1025.0,20.0,1.0,0.5,0.7
1974,2,302.0,-47.0,11.77,13.2,13.47,12.63,3.0,1.34,14.0,0.3,0.5,0.8,13.03,13.1,14.94,13.97,3.0,1.59,14.0,0.3,0.5,0.8,7.93,8.35,8.36,8.15,3.0,0.35,14.0,0.3,0.5,0.8,76.2,88.8,89.6,83.0,3.0,11.1,14.0,0.3,0.8,9.03,10.8,15.03,12.0,3.0,4.52,14.0,0.3,0.5,0.8,1.3,4.1,6.95,4.12,3.0,4.14,14.0,0.3,0.5,0.8,-13.81,-6.94,2.64,-5.61,3.0,12.11,14.0,0.3,0.5,0.8,1005.89,1017.9,1020.7,1013.4,3.0,11.53,14.0,0.3,0.5,0.8,1.0,3.0,4.4,2.7,3.0,2.5,14.0,0.3,0.5,0.8,10.7,33.6,71.7,41.0,3.0,45.1,14.0,0.3,0.5,0.8,-221.1,-75.0,16.0,-101.9,3.0,175.2,14.0,0.3,0.5,0.8,-2.38,-1.9,-0.26,-1.33,3.0,1.63,14.0,0.3,0.5,0.8,-28.8,-21.3,-3.1,-16.1,3.0,19.4,14.0,0.3,0.5,0.8,0.36,1.24,1.47,0.92,3.0,0.86,14.0,0.3,0.5,0.8,3.5,13.0,13.3,8.5,3.0,8.2,14.0,0.3,0.5,0.8,20.6,64.8,94.5,57.7,3.0,54.5,14.0,0.3,0.5,0.8,-179.7,-90.9,47.7,-66.6,3.0,167.9,14.0,0.3,0.5,0.8,10.1,31.7,57.3,33.7,3.0,34.6,14.0,0.3,0.5,0.8,-115.3,-58.1,19.1,-48.3,3.0,98.8,14.0,0.3,0.5,0.8,2.1,6.5,9.1,5.6,3.0,5.2,14.0,0.3,0.5,0.8,-5.6,0.9,8.0,1.2,3.0,9.9,14.0,0.3,0.5,0.8,776.0,1259.5,3753.5,2241.5,3.0,2340.5,14.0,0.3,0.5,0.8,775.0,1260.0,3755.0,2240.0,3.0,2340.0,14.0,0.3,0.5,0.8
1974,2,302.0,-46.0,,,,,,,,,,,,,,,,,,,,,,,,,,,,,,,,,,,,,,,,4.6,4.6,4.6,4.6,1.0,0.0,24.0,0.0,0.1,0.1,3.52,3.52,3.52,3.52,1.0,0.0,24.0,0.0,0.1,0.1,-2.96,-2.96,-2.96,-2.96,1.0,0.0,24.0,0.0,0.1,0.1,1011.8,1011.8,1011.8,1011.8,1.0,0.0,24.0,0.0,0.1,0.1,,,,,,,,,,,,,,,,,,,,,,,,,,,,,,,,,,,,,,,,,,,,,,,,,,,,,,,,,,,,,,,,,,,,,,,51.1,51.1,51.1,51.1,1.0,0.0,24.0,0.0,0.1,0.1,-42.9,-42.9,-42.9,-42.9,1.0,0.0,24.0,0.0,0.1,0.1,32.5,32.5,32.5,32.5,1.0,0.0,24.0,0.0,0.1,0.1,-27.3,-27.3,-27.3,-27.3,1.0,0.0,24.0,0.0,0.1,0.1,,,,,,,,,,,,,,,,,,,,,,,,,,,,,,,,,,,,,,,,
1974,2,302.0,-45.0,13.36,13.7,15.27,14.3,3.0,1.49,18.0,0.0,0.6,0.5,12.48,13.5,14.87,13.67,3.0,1.76,18.0,0.0,0.6,0.5,7.38,7.71,8.03,7.71,2.0,0.67,20.0,0.0,0.5,0.3,84.4,85.0,85.7,85.0,2.0,1.3,20.0,0.0,0.3,2.98,5.1,6.87,4.93,3.0,2.85,18.0,0.0,0.6,0.5,0.89,4.95,5.0,2.99,3.0,3.46,18.0,0.0,0.6,0.5,-0.05,1.73,4.58,2.25,3.0,3.42,18.0,0.0,0.6,0.5,1016.88,1020.5,1022.14,1019.53,3.0,3.94,18.0,0.0,0.6,0.5,1.6,3.0,3.0,2.3,3.0,1.2,18.0,0.0,0.6,0.5,6.8,25.6,34.1,20.6,3.0,20.5,18.0,0.0,0.6,0.5,-2.0,3.5,32.1,14.8,3.0,26.8,18.0,0.0,0.6,0.5,0.3,0.5,0.98,0.63,3.0,0.51,18.0,0.0,0.6,0.5,1.0,1.0,6.6,3.8,3.0,4.8,18.0,0.0,0.6,0.5,1.57,1.78,1.99,1.78,2.0,0.43,20.0,0.0,0.5,0.3,8.8,11.8,14.7,11.8,2.0,6.0,20.0,0.0,0.5,0.3,8.3,59.4,65.1,37.2,3.0,45.9,18.0,0.0,0.6,0.5,0.4,26.8,56.8,28.6,3.0,41.4,18.0,0.0,0.6,0.5,36.6,38.4,40.2,38.4,2.0,3.7,20.0,0.0,0.5,0.3,0.7,17.7,34.7,17.7,2.0,35.3,20.0,0.0,0.5,0.3,7.8,8.8,9.8,8.8,2.0,2.1,20.0,0.0,0.5,0.3,0.9,5.5,10.1,5.5,2.0,9.6,20.0,0.0,0.5,0.3,47.5,132.5,353.5,199.0,3.0,231.5,18.0,0.0,0.6,0.5,50.0,135.0,355.0,200.0,3.0,230.0,18.0,0.0,0.6,0.5
1974,2,302.0,-44.0,13.79,14.2,14.81,14.3,3.0,0.75,14.0,0.7,0.6,0.6,13.79,15.0,15.67,14.72,5.0,1.57,16.0,0.4,0.8,0.5,7.34,7.47,8.06,7.69,4.0,0.55,18.0,0.3,0.7,0.4,67.7,76.4,83.8,75.7,4.0,9.4,18.0,0.3,0.4,2.0,5.4,7.96,5.0,4.0,3.52,18.0,0.3,0.7,0.4,-0.81,1.93,4.59,1.89,4.0,3.2,18.0,0.3,0.7,0.4,-3.97,0.84,4.57,0.32,4.0,5.53,18.0,0.3,0.7,0.4,1014.82,1021.6,1024.12,1019.46,5.0,6.23,16.0,0.4,0.8,0.5,1.6,2.0,4.1,2.8,5.0,1.9,16.0,0.4,0.8,0.5,-2.5,14.8,36.8,17.0,4.0,23.2,18.0,0.3,0.7,0.4,-27.4,3.7,30.9,1.9,4.0,42.2,18.0,0.3,0.7,0.4,-0.37,-0.1,0.92,0.27,3.0,1.0,14.0,0.7,0.6,0.6,0.5,5.0,9.4,5.0,2.0,9.2,20.0,0.5,0.5,0.4,1.57,1.82,2.07,1.82,2.0,0.51,20.0,0.5,0.5,0.4,6.6,11.2,15.8,11.2,2.0,9.5,20.0,0.5,0.5,0.4,-11.9,31.8,63.9,26.3,4.0,44.5,18.0,0.3,0.7,0.4,-64.8,12.2,58.9,-2.2,4.0,81.1,18.0,0.3,0.7,0.4,-6.9,14.6,34.2,13.7,4.0,24.4,18.0,0.3,0.7,0.4,-29.9,7.8,35.1,2.8,4.0,41.8,18.0,0.3,0.7,0.4,-0.1,4.6,9.3,4.6,2.0,9.7,20.0,0.5,0.5,0.4,5.5,8.8,12.1,8.8,2.0,6.9,20.0,0.5,0.5,0.4,14.5,243.0,506.0,259.5,4.0,285.0,18.0,0.3,0.7,0.4,15.0,245.0,505.0,260.0,4.0,285.0,18.0,0.3,0.7,0.4
1974,2,302.0,-43.0,11.26,12.4,14.0,12.52,5.0,1.51,18.0,0.6,0.5,0.5,13.56,13.9,15.25,14.28,6.0,1.14,16.0,0.5,0.5,0.6,7.47,7.7,8.14,7.8,3.0,0.5,16.0,0.7,0.4,0.7,79.4,80.4,84.2,81.8,3.0,3.7,16.0,0.7,0.7,1.79,4.55,8.2,4.75,6.0,3.04,16.0,0.5,0.5,0.6,-5.28,0.32,3.9,-0.08,6.0,5.0,16.0,0.5,0.5,0.6,0.08,1.44,4.34,1.74,6.0,2.77,16.0,0.5,0.5,0.6,1015.58,1018.1,1026.18,1020.17,6.0,5.47,16.0,0.5,0.5,0.6,4.3,5.0,6.4,5.2,5.0,1.5,16.0,0.6,0.6,0.6,-31.0,0.3,21.8,-1.0,6.0,37.0,16.0,0.5,0.5,0.6,-1.5,4.3,35.6,12.6,6.0,20.9,16.0,0.5,0.5,0.6,-2.57,-1.4,-1.19,-1.82,5.0,0.89,18.0,0.6,0.5,0.5,-12.0,-10.7,-3.2,-8.1,5.0,5.1,18.0,0.6,0.5,0.5,0.6,0.78,0.97,0.78,2.0,0.38,20.0,1.0,0.5,0.8,4.9,6.4,7.9,6.4,2.0,3.1,20.0,1.0,0.5,0.8,-73.7,4.8,52.4,-2.2,6.0,67.5,16.0,0.5,0.5,0.6,1.8,22.4,57.3,24.5,6.0,37.7,16.0,0.5,0.5,0.6,-48.1,-38.7,23.4,-12.9,3.0,56.9,16.0,0.7,0.4,0.7,14.2,30.2,39.6,27.0,3.0,18.8,16.0,0.7,0.4,0.7,-1.5,2.1,5.8,2.1,2.0,7.6,20.0,1.0,0.5,0.8,3.0,3.5,4.1,3.5,2.0,1.1,20.0,1.0,0.5,0.8,6.5,98.5,551.5,218.0,6.0,262.5,16.0,0.5,0.5,0.6,5.0,100.0,550.0,220.0,6.0,260.0,16.0,0.5,0.5,0.6
1974,2,302.0,-42.0,14.0,14.0,14.52,14.25,4.0,0.5,14.0,1.0,0.6,0.5,14.21,15.4,15.8,15.03,4.0,1.08,14.0,1.0,0.6,0.5,10.16,10.35,10.53,10.35,2.0,0.37,20.0,1.0,0.6,0.5,91.0,92.6,94.2,92.6,2.0,3.4,20.0,1.0,0.5,3.08,4.3,7.62,5.3,4.0,3.28,14.0,1.0,0.6,0.5,-0.76,2.22,4.9,2.08,4.0,3.76,14.0,1.0,0.6,0.5,-1.99,1.69,5.84,1.91,4.0,4.84,14.0,1.0,0.6,0.5,1009.45,1010.0,1020.03,1014.63,3.0,8.73,16.0,1.0,0.5,0.4,1.5,2.5,4.0,2.8,4.0,1.7,14.0,1.0,0.6,0.5,-1.4,10.3,41.3,19.5,4.0,31.2,14.0,1.0,0.6,0.5,-6.9,9.0,49.3,20.6,4.0,39.5,14.0,1.0,0.6,0.5,-1.8,-1.4,0.31,-0.77,4.0,1.56,14.0,1.0,0.6,0.5,-5.8,-4.8,5.6,-0.3,4.0,10.2,14.0,1.0,0.6,0.5,-0.58,-0.4,-0.22,-0.4,2.0,0.38,20.0,1.0,0.6,0.5,-2.1,-1.4,-0.7,-1.4,2.0,1.5,20.0,1.0,0.6,0.5,-11.9,33.8,68.4,28.5,4.0,53.6,14.0,1.0,0.6,0.5,-31.4,25.2,81.5,25.1,4.0,69.3,14.0,1.0,0.6,0.5,-19.6,-6.4,6.9,-6.4,2.0,27.5,20.0,1.0,0.6,0.5,-30.9,-20.2,-9.5,-20.2,2.0,22.2,20.0,1.0,0.6,0.5,-0.6,-0.2,0.2,-0.2,2.0,0.8,20.0,1.0,0.6,0.5,0.4,1.2,1.9,1.2,2.0,1.6,20.0,1.0,0.6,0.5,31.5,86.0,583.5,297.5,4.0,470.5,14.0,1.0,0.6,0.5,30.0,85.0,585.0,295.0,4.0,470.0,14.0,1.0,0.6,0.5
1974,2,302.0,-41.0,14.79,16.5,16.91,15.87,3.0,1.64,18.0,0.7,0.7,0.7,15.52,17.7,17.9,16.73,3.0,1.94,18.0,0.7,0.7,0.7,9.41,9.68,9.95,9.68,2.0,0.56,20.0,0.5,0.5,0.6,75.6,76.9,78.3,76.9,2.0,2.9,20.0,0.5,0.6,6.45,7.0,7.14,6.8,3.0,0.53,18.0,0.7,0.7,0.7,-0.02,4.5,4.59,2.34,3.0,3.86,18.0,0.7,0.7,0.7,-2.27,5.36,5.47,1.68,3.0,6.5,18.0,0.7,0.7,0.7,1014.48,1016.6,1023.36,1018.87,3.0,6.79,18.0,0.7,0.7,0.7,4.6,6.0,6.7,5.7,3.0,1.5,18.0,0.7,0.7,0.7,1.0,31.5,32.7,17.2,3.0,26.3,18.0,0.7,0.7,0.7,-12.7,37.5,39.0,13.7,3.0,43.2,18.0,0.7,0.7,0.7,-2.81,-0.9,1.08,-0.87,3.0,2.85,18.0,0.7,0.7,0.7,-20.0,-5.6,7.8,-6.1,3.0,20.3,18.0,0.7,0.7,0.7,0.74,1.25,1.76,1.25,2.0,1.06,20.0,0.5,0.5,0.6,5.0,8.0,11.0,8.0,2.0,6.2,20.0,0.5,0.5,0.6,-5.3,65.2,76.6,36.3,3.0,65.1,18.0,0.7,0.7,0.7,-46.9,77.8,91.3,23.5,3.0,111.6,18.0,0.7,0.7,0.7,-11.2,10.8,32.8,10.8,2.0,45.5,20.0,0.5,0.5,0.6,-41.2,-3.7,33.8,-3.7,2.0,77.7,20.0,0.5,0.5,0.6,-3.2,-1.0,1.3,-1.0,2.0,4.6,20.0,0.5,0.5,0.6,-9.3,-4.4,0.5,-4.4,2.0,10.2,20.0,0.5,0.5,0.6,271.5,343.0,363.5,318.0,3.0,71.0,18.0,0.7,0.7,0.7,270.0,345.0,365.0,320.0,3.0,70.0,18.0,0.7,0.7,0.7
1974,2,302.0,-40.0,15.22,15.7,16.18,15.7,2.0,0.99,20.0,0.5,0.5,0.6,14.63,16.0,17.37,16.0,2.0,2.83,20.0,0.5,0.5,0.6,7.23,7.45,7.66,7.45,2.0,0.45,20.0,0.5,0.5,0.6,59.7,67.7,75.7,67.7,2.0,16.6,20.0,0.5,0.6,6.69,7.75,8.81,7.75,2.0,2.19,20.0,0.5,0.5,0.6,-2.1,0.04,2.18,0.04,2.0,4.44,20.0,0.5,0.5,0.6,-3.13,1.68,6.5,1.68,2.0,9.98,20.0,0.5,0.5,0.6,1018.16,1021.5,1024.84,1021.5,2.0,6.93,20.0,0.5,0.5,0.6,0.6,2.0,3.4,2.0,2.0,2.8,20.0,0.5,0.5,0.6,-11.5,5.2,21.8,5.2,2.0,34.5,20.0,0.5,0.5,0.6,-15.1,24.0,63.1,24.0,2.0,81.0,20.0,0.5,0.5,0.6,-2.14,-0.3,1.54,-0.3,2.0,3.82,20.0,0.5,0.5,0.6,-12.1,1.9,15.8,1.9,2.0,28.9,20.0,0.5,0.5,0.6,3.45,3.54,3.63,3.54,2.0,0.18,20.0,0.5,0.5,0.6,23.2,27.6,32.0,27.6,2.0,9.2,20.0,0.5,0.5,0.6,-39.9,-5.6,28.6,-5.6,2.0,70.9,20.0,0.5,0.5,0.6,-61.9,12.8,87.6,12.8,2.0,154.9,20.0,0.5,0.5,0.6,-14.7,1.3,17.3,1.3,2.0,33.1,20.0,0.5,0.5,0.6,-21.4,14.8,51.0,14.8,2.0,75.0,20.0,0.5,0.5,0.6,-7.0,0.5,8.1,0.5,2.0,15.7,20.0,0.5,0.5,0.6,-10.3,6.9,24.0,6.9,2.0,35.6,20.0,0.5,0.5,0.6,328.0,521.5,714.5,521.5,2.0,400.0,20.0,0.5,0.5,0.6,330.0,520.0,715.0,520.0,2.0,400.0,20.0,0.5,0.5,0.6
1974,2,302.0,-39.0,18.0,19.0,20.0,19.06,16.0,1.66,14.0,0.5,0.5,0.7,17.0,19.0,21.92,19.5,17.0,2.92,14.0,0.5,0.5,0.7,9.4,11.52,13.54,11.44,16.0,2.15,14.0,0.5,0.5,0.7,69.8,81.6,91.1,80.2,16.0,12.7,14.0,0.5,0.7,2.67,6.7,9.99,6.5,17.0,3.7,14.0,0.5,0.5,0.7,-6.05,-2.29,4.94,-1.13,17.0,5.68,14.0,0.5,0.5,0.7,-4.31,-0.77,5.54,0.22,17.0,5.0,14.0,0.5,0.5,0.7,1004.05,1013.0,1017.71,1011.96,17.0,7.76,14.0,0.5,0.5,0.7,2.0,5.0,8.0,4.6,16.0,2.9,14.0,0.4,0.5,0.7,-49.1,-10.8,44.8,-4.0,17.0,56.8,14.0,0.5,0.5,0.7,-34.3,-0.8,33.2,3.9,17.0,49.5,14.0,0.5,0.5,0.7,-3.62,-0.1,2.0,-0.59,16.0,3.31,14.0,0.5,0.5,0.7,-30.7,-0.1,16.5,-5.6,16.0,30.2,14.0,0.5,0.5,0.7,0.06,1.56,4.84,2.34,16.0,2.64,14.0,0.5,0.5,0.7,0.2,11.5,32.5,18.0,16.0,24.4,14.0,0.5,0.5,0.7,-116.6,-41.2,88.6,-15.7,17.0,121.6,14.0,0.5,0.5,0.7,-88.0,-14.7,98.3,0.7,17.0,98.9,14.0,0.5,0.5,0.7,-66.6,-19.8,50.3,-13.6,16.0,68.6,14.0,0.5,0.5,0.7,-55.4,-12.9,48.7,-5.5,16.0,54.4,14.0,0.5,0.5,0.7,-16.7,-0.3,13.3,-1.5,16.0,16.1,14.0,0.5,0.5,0.7,-6.1,0.6,15.1,8.1,16.0,24.7,14.0,0.5,0.5,0.7,37.5,301.0,1014.0,526.0,17.0,620.0,14.0,0.5,0.5,0.7,40.0,300.0,1015.0,525.0,17.0,620.0,14.0,0.5,0.5,0.7
1974,2,302.0,-38.0,17.0,18.0,21.1,18.94,9.0,2.16,18.0,0.8,0.9,0.2,16.0,19.25,23.0,19.65,10.0,4.16,16.0,0.8,0.9,0.3,9.18,12.03,13.25,11.55,10.0,2.77,16.0,0.8,0.9,0.3,69.6,78.5,89.7,80.2,10.0,10.5,16.0,0.8,0.3,1.69,4.1,6.7,4.11,10.0,2.15,16.0,0.8,0.9,0.3,-3.26,-1.54,0.67,-1.31,10.0,2.59,16.0,0.8,0.9,0.3,-3.59,0.5,3.55,0.31,10.0,3.83,16.0,0.8,0.9,0.3,1009.94,1015.0,1017.17,1014.47,10.0,4.18,16.0,0.8,0.9,0.3,6.0,7.0,8.0,6.8,10.0,1.5,16.0,0.8,0.9,0.3,-18.3,-5.0,4.5,-6.7,10.0,14.5,16.0,0.8,0.9,0.3,-21.1,0.5,14.5,-0.2,10.0,23.3,16.0,0.8,0.9,0.3,-5.0,1.0,3.6,-0.72,9.0,4.04,18.0,0.8,0.9,0.2,-21.3,2.5,13.8,-2.3,9.0,19.0,18.0,0.8,0.9,0.2,-0.36,0.75,6.08,2.29,9.0,3.07,18.0,0.8,0.9,0.2,-2.4,1.9,25.9,8.7,9.0,13.4,18.0,0.8,0.9,0.2,-72.3,-27.4,10.0,-24.3,10.0,52.4,16.0,0.8,0.9,0.3,-63.1,9.5,61.5,-0.1,10.0,70.4,16.0,0.8,0.9,0.3,-42.7,-17.8,6.2,-14.7,10.0,30.6,16.0,0.8,0.9,0.3,-36.8,4.7,35.6,0.3,10.0,41.6,16.0,0.8,0.9,0.3,-8.3,-0.6,1.2,-2.7,9.0,6.2,18.0,0.8,0.9,0.2,0.0,1.5,21.2,6.1,9.0,13.3,18.0,0.8,0.9,0.2,8.0,69.0,301.0,120.0,10.0,128.0,16.0,0.8,0.9,0.3,10.0,70.0,300.0,120.0,10.0,130.0,16.0,0.8,0.9,0.3
1974,2,302.0,-35.0,22.0,22.0,22.0,22.0,2.0,0.0,16.0,0.5,0.4,0.3,18.56,23.0,23.34,21.0,3.0,3.91,16.0,0.7,0.3,0.3,9.89,12.3,12.65,11.29,3.0,2.2,16.0,0.7,0.3,0.3,70.4,73.4,75.3,72.9,3.0,3.6,16.0,0.7,0.3,4.1,4.1,4.1,4.1,3.0,0.0,16.0,0.7,0.3,0.3,-2.87,-1.4,-1.4,-2.12,3.0,1.24,16.0,0.7,0.3,0.3,2.62,3.85,3.85,3.25,3.0,1.04,16.0,0.7,0.3,0.3,1016.86,1023.0,1024.23,1020.6,3.0,5.79,16.0,0.7,0.3,0.3,1.3,4.0,6.7,4.0,3.0,4.0,16.0,0.7,0.3,0.3,-11.8,-5.7,-5.7,-8.7,3.0,5.1,16.0,0.7,0.3,0.3,10.8,15.8,15.8,13.3,3.0,4.3,16.0,0.7,0.3,0.3,-1.42,-1.25,-1.08,-1.25,2.0,0.35,16.0,0.5,0.4,0.3,-5.8,-5.1,-4.4,-5.1,2.0,1.4,16.0,0.5,0.4,0.3,3.7,3.82,3.95,3.82,2.0,0.26,16.0,0.5,0.4,0.3,15.2,15.7,16.2,15.7,2.0,1.1,16.0,0.5,0.4,0.3,-66.2,-33.0,-26.3,-45.9,3.0,31.3,16.0,0.7,0.3,0.3,52.4,63.6,82.0,67.1,3.0,21.9,16.0,0.7,0.3,0.3,-36.5,-17.2,-13.9,-25.0,3.0,17.9,16.0,0.7,0.3,0.3,28.6,33.8,43.1,35.8,3.0,10.7,16.0,0.7,0.3,0.3,-11.8,-9.3,-6.8,-9.3,2.0,5.2,16.0,0.5,0.4,0.3,8.7,11.4,14.2,11.4,2.0,5.6,16.0,0.5,0.4,0.3,69.0,69.0,69.0,69.0,3.0,0.0,16.0,0.7,0.3,0.3,70.0,70.0,70.0,70.0,3.0,0.0,16.0,0.7,0.3,0.3
1974,2,302.0,7.0,26.5,26.6,26.95,26.67,9.0,0.26,18.0,0.4,0.1,0.2,26.0,26.4,26.95,26.44,9.0,0.51,18.0,0.4,0.1,0.2,16.23,16.47,17.63,16.81,9.0,0.71,18.0,0.4,0.1,0.2,76.3,78.2,79.9,78.1,9.0,3.6,18.0,0.4,0.2,7.7,9.3,10.17,8.76,9.0,1.46,18.0,0.4,0.1,0.2,-9.09,-7.51,-5.21,-7.18,9.0,1.75,18.0,0.4,0.1,0.2,-6.19,-5.15,-2.08,-4.54,9.0,2.05,18.0,0.4,0.1,0.2,1011.53,1012.2,1012.84,1012.19,9.0,0.6,18.0,0.4,0.1,0.2,1.8,2.5,4.2,2.8,6.0,1.5,18.0,0.7,0.1,0.2,-88.9,-73.6,-38.1,-64.6,9.0,24.2,18.0,0.4,0.1,0.2,-59.4,-45.4,-19.8,-40.7,9.0,20.3,18.0,0.4,0.1,0.2,0.0,0.2,0.47,0.22,9.0,0.31,18.0,0.4,0.1,0.2,0.0,1.5,4.1,2.2,9.0,2.7,18.0,0.4,0.1,0.2,4.49,5.28,5.61,5.07,9.0,0.79,18.0,0.4,0.1,0.2,38.8,43.5,53.6,44.2,9.0,9.1,18.0,0.4,0.1,0.2,-243.8,-193.7,-136.1,-190.0,9.0,47.5,18.0,0.4,0.1,0.2,-160.1,-136.0,-56.1,-119.2,9.0,52.7,18.0,0.4,0.1,0.2,-158.2,-123.0,-90.8,-121.0,9.0,31.9,18.0,0.4,0.1,0.2,-104.8,-86.5,-36.7,-76.0,9.0,33.7,18.0,0.4,0.1,0.2,-42.8,-39.7,-29.0,-36.3,9.0,9.3,18.0,0.4,0.1,0.2,-33.4,-26.3,-9.5,-22.8,9.0,11.1,18.0,0.4,0.1,0.2,456.5,804.5,1052.0,720.0,9.0,321.0,18.0,0.4,0.1,0.2,455.0,805.0,1050.0,720.0,9.0,320.0,18.0,0.4,0.1,0.2
1974,2,302.0,8.0,26.46,27.0,27.88,27.16,11.0,0.7,16.0,0.5,0.5,0.6,25.5,26.0,26.74,26.02,11.0,0.65,16.0,0.5,0.5,0.6,15.94,16.54,17.23,16.56,11.0,0.82,16.0,0.5,0.5,0.6,74.1,81.4,82.2,79.0,11.0,4.4,16.0,0.5,0.6,5.04,7.7,9.71,7.91,11.0,2.64,16.0,0.5,0.5,0.6,-9.22,-7.09,-3.67,-6.64,11.0,2.92,16.0,0.5,0.5,0.6,-5.9,-4.35,-0.42,-3.19,11.0,2.75,16.0,0.5,0.5,0.6,1011.03,1012.0,1014.54,1012.55,11.0,2.14,16.0,0.5,0.5,0.6,2.6,4.0,8.0,5.0,11.0,2.6,16.0,0.5,0.5,0.6,-85.7,-51.1,-16.4,-58.9,11.0,42.6,16.0,0.5,0.5,0.6,-50.2,-28.1,-1.7,-26.3,11.0,26.5,16.0,0.5,0.5,0.6,0.12,1.0,2.32,1.15,11.0,1.07,16.0,0.5,0.5,0.6,0.9,5.7,22.8,9.7,11.0,10.0,16.0,0.5,0.5,0.6,4.63,5.72,7.41,5.98,11.0,1.33,16.0,0.5,0.5,0.6,25.4,46.6,68.5,47.8,11.0,20.3,16.0,0.5,0.5,0.6,-238.3,-191.4,-96.4,-172.1,11.0,73.4,16.0,0.5,0.5,0.6,-153.6,-110.3,-11.2,-82.6,11.0,71.3,16.0,0.5,0.5,0.6,-154.1,-114.0,-58.9,-109.1,11.0,46.4,16.0,0.5,0.5,0.6,-99.9,-70.4,-6.6,-53.2,11.0,46.3,16.0,0.5,0.5,0.6,-64.0,-40.3,-19.1,-40.3,11.0,19.8,16.0,0.5,0.5,0.6,-33.5,-22.1,-2.6,-19.3,11.0,18.3,16.0,0.5,0.5,0.6,137.0,456.5,923.5,647.0,11.0,594.0,16.0,0.5,0.5,0.6,135.0,455.0,925.0,645.0,11.0,595.0,16.0,0.5,0.5,0.6
1974,2,302.0,9.0,26.0,26.7,28.04,27.0,7.0,1.11,14.0,0.7,0.5,0.3,25.93,26.1,26.51,26.03,7.0,0.73,14.0,0.7,0.5,0.3,16.79,17.42,18.5,17.63,7.0,0.93,14.0,0.7,0.5,0.3,80.1,85.1,87.2,83.8,7.0,3.3,14.0,0.7,0.3,7.15,7.2,10.3,8.01,7.0,1.62,14.0,0.7,0.5,0.3,-7.98,-6.77,-6.19,-7.14,7.0,1.28,14.0,0.7,0.5,0.3,-5.03,-2.46,0.12,-2.51,7.0,3.03,14.0,0.7,0.5,0.3,1008.79,1011.0,1012.49,1011.43,7.0,3.31,14.0,0.7,0.5,0.3,2.8,3.5,5.4,4.0,6.0,1.8,16.0,0.7,0.5,0.3,-82.2,-48.7,-45.1,-58.7,7.0,22.6,14.0,0.7,0.5,0.3,-39.5,-17.7,0.8,-22.9,7.0,28.0,14.0,0.7,0.5,0.3,-0.02,0.7,1.75,0.97,7.0,1.1,14.0,0.7,0.5,0.3,-0.1,7.2,13.4,7.6,7.0,7.9,14.0,0.7,0.5,0.3,3.49,4.79,6.14,4.74,7.0,1.31,14.0,0.7,0.5,0.3,27.1,36.9,47.8,37.8,7.0,11.5,14.0,0.7,0.5,0.3,-212.6,-178.6,-160.4,-186.1,7.0,35.2,14.0,0.7,0.5,0.3,-123.9,-65.3,3.1,-64.9,7.0,79.1,14.0,0.7,0.5,0.3,-151.5,-117.9,-110.4,-125.9,7.0,23.0,14.0,0.7,0.5,0.3,-83.7,-45.5,2.0,-44.8,7.0,54.6,14.0,0.7,0.5,0.3,-44.9,-28.3,-25.5,-33.9,7.0,11.2,14.0,0.7,0.5,0.3,-23.2,-16.2,0.4,-12.4,7.0,12.4,14.0,0.7,0.5,0.3,367.0,373.0,1092.5,571.5,7.0,362.0,14.0,0.7,0.5,0.3,365.0,375.0,1095.0,570.0,7.0,360.0,14.0,0.7,0.5,0.3
1974,2,302.0,10.0,26.03,26.75,27.18,26.64,8.0,0.63,16.0,0.6,0.5,0.5,25.53,26.1,26.64,25.97,9.0,0.76,14.0,0.7,0.5,0.5,14.56,16.14,17.38,15.96,8.0,1.87,14.0,0.8,0.6,0.5,71.9,77.3,80.7,76.4,8.0,9.2,14.0,0.8,0.5,7.33,8.2,11.4,9.03,9.0,2.49,14.0,0.7,0.5,0.5,-10.83,-7.7,-6.39,-8.2,9.0,2.42,14.0,0.7,0.5,0.5,-5.05,-1.79,1.8,-1.86,9.0,3.56,14.0,0.7,0.5,0.5,1009.91,1012.2,1013.31,1011.72,9.0,1.82,14.0,0.7,0.5,0.5,2.1,3.0,4.0,3.3,8.0,2.0,14.0,0.8,0.6,0.5,-123.7,-59.3,-49.4,-79.1,9.0,43.9,14.0,0.7,0.5,0.5,-55.1,-18.4,13.0,-21.4,9.0,34.6,14.0,0.7,0.5,0.5,0.02,0.8,1.28,0.8,8.0,1.02,16.0,0.6,0.5,0.5,0.2,7.1,11.5,7.4,8.0,10.6,16.0,0.6,0.5,0.5,3.92,5.71,8.12,6.04,7.0,2.48,16.0,0.7,0.5,0.4,25.3,46.6,82.0,50.6,7.0,24.7,16.0,0.7,0.5,0.4,-278.9,-197.1,-168.8,-212.5,9.0,61.9,14.0,0.7,0.5,0.5,-134.5,-43.6,46.9,-49.6,9.0,94.0,14.0,0.7,0.5,0.5,-146.4,-119.0,-87.8,-122.6,8.0,34.0,14.0,0.8,0.6,0.5,-68.3,-20.6,34.3,-22.6,8.0,61.0,14.0,0.8,0.6,0.5,-63.7,-43.8,-22.1,-46.4,7.0,22.1,16.0,0.7,0.5,0.4,-17.7,-3.6,12.9,-8.5,7.0,22.7,16.0,0.7,0.5,0.4,395.5,551.5,1494.5,888.5,9.0,679.0,14.0,0.7,0.5,0.5,395.0,550.0,1495.0,890.0,9.0,680.0,14.0,0.7,0.5,0.5
1974,2,302.0,11.0,24.92,26.3,27.28,26.35,15.0,1.31,14.0,0.6,0.5,0.4,24.77,25.8,27.34,25.94,17.0,1.44,12.0,0.6,0.6,0.4,15.28,16.6,18.11,16.73,14.0,1.56,12.0,0.6,0.5,0.3,71.4,80.1,85.1,79.0,14.0,6.9,12.0,0.6,0.3,6.2,7.7,11.8,8.38,17.0,2.73,12.0,0.6,0.6,0.4,-10.95,-7.24,-4.85,-7.39,17.0,3.03,12.0,0.6,0.6,0.4,-5.53,-2.63,0.0,-2.69,17.0,2.7,12.0,0.6,0.6,0.4,1012.06,1013.9,1015.34,1013.58,17.0,2.22,12.0,0.6,0.6,0.4,1.0,3.0,6.0,3.4,17.0,2.2,12.0,0.6,0.6,0.4,-129.2,-55.7,-28.1,-69.2,17.0,50.1,12.0,0.6,0.6,0.4,-51.6,-16.7,0.0,-23.4,17.0,26.5,12.0,0.6,0.6,0.4,-0.21,0.6,2.09,0.71,15.0,1.43,14.0,0.6,0.5,0.4,-1.5,6.7,16.1,6.5,15.0,11.8,14.0,0.6,0.5,0.4,3.71,4.98,6.6,5.05,12.0,1.65,14.0,0.6,0.5,0.4,27.9,39.9,52.3,40.7,12.0,17.4,14.0,0.6,0.5,0.4,-279.8,-178.6,-128.6,-190.4,17.0,75.8,12.0,0.6,0.6,0.4,-143.4,-65.8,0.0,-70.8,17.0,71.3,12.0,0.6,0.6,0.4,-152.0,-103.8,-71.2,-109.8,14.0,41.2,12.0,0.6,0.5,0.3,-88.1,-59.2,-36.2,-55.3,14.0,46.1,12.0,0.6,0.5,0.3,-48.0,-34.9,-21.4,-36.0,12.0,15.8,14.0,0.6,0.5,0.4,-29.5,-15.5,-4.3,-14.9,12.0,14.4,14.0,0.6,0.5,0.4,238.5,456.5,1643.0,776.5,17.0,741.5,12.0,0.6,0.6,0.4,240.0,455.0,1645.0,775.0,17.0,740.0,12.0,0.6,0.6,0.4
1974,2,302.0,12.0,25.04,25.55,26.44,25.74,8.0,0.77,12.0,0.8,0.7,0.4,25.4,25.5,26.93,26.03,10.0,1.1,12.0,0.7,0.7,0.4,14.59,14.97,17.8,15.94,7.0,1.62,14.0,0.9,0.7,0.4,70.2,73.5,86.2,76.0,7.0,7.5,14.0,0.9,0.4,6.19,10.0,12.3,9.22,9.0,3.25,12.0,0.7,0.7,0.5,-11.56,-9.85,-6.01,-8.71,9.0,3.23,12.0,0.7,0.7,0.5,-4.21,-2.29,-1.78,-2.8,9.0,1.26,12.0,0.7,0.7,0.5,1011.21,1014.05,1015.1,1013.36,10.0,2.2,12.0,0.7,0.7,0.4,2.0,5.0,7.1,4.5,10.0,2.7,12.0,0.7,0.7,0.4,-142.2,-98.5,-37.3,-89.6,9.0,56.5,12.0,0.7,0.7,0.5,-51.7,-17.4,-14.1,-28.2,9.0,20.6,12.0,0.7,0.7,0.5,-1.06,-0.55,0.0,-0.52,8.0,0.54,12.0,0.8,0.7,0.4,-6.8,-4.2,0.1,-3.6,7.0,4.0,12.0,0.7,0.8,0.4,4.25,5.37,5.64,4.96,6.0,1.07,12.0,0.8,0.7,0.3,24.5,35.1,72.7,45.1,5.0,26.7,12.0,0.8,0.8,0.4,-291.7,-266.9,-153.2,-225.0,9.0,80.3,12.0,0.7,0.7,0.5,-106.2,-65.3,-47.5,-72.3,9.0,31.2,12.0,0.7,0.7,0.5,-183.1,-140.4,-88.0,-135.7,6.0,53.2,14.0,0.8,0.7,0.4,-66.6,-57.5,-39.4,-54.5,6.0,14.5,14.0,0.8,0.7,0.4,-68.3,-33.0,-22.1,-41.9,5.0,25.8,12.0,0.8,0.8,0.4,-24.9,-12.0,-9.9,-16.2,5.0,8.0,12.0,0.8,0.8,0.4,239.0,1000.0,1861.0,1041.5,9.0,863.0,12.0,0.7,0.7,0.5,240.0,1000.0,1860.0,1040.0,9.0,865.0,12.0,0.7,0.7,0.5
1974,2,302.0,13.0,25.9,26.1,26.76,26.23,6.0,0.54,12.0,0.7,0.6,0.4,24.31,25.4,26.86,25.75,6.0,2.03,12.0,0.7,0.6,0.4,14.32,15.23,16.2,15.26,4.0,1.37,14.0,0.8,0.7,0.6,74.7,80.4,82.1,78.1,5.0,7.2,12.0,0.6,0.5,6.27,7.1,10.75,8.28,6.0,3.42,12.0,0.7,0.6,0.4,-9.88,-6.73,-6.17,-7.72,6.0,2.75,12.0,0.7,0.6,0.4,-4.15,-2.43,0.0,-2.57,6.0,2.66,12.0,0.7,0.6,0.4,1014.0,1014.3,1015.11,1014.52,5.0,0.6,14.0,0.8,0.6,0.5,1.6,4.5,6.2,4.0,6.0,2.6,12.0,0.7,0.6,0.4,-108.7,-47.4,-40.0,-71.8,6.0,57.3,12.0,0.7,0.6,0.4,-47.5,-17.2,0.0,-28.5,6.0,38.9,12.0,0.7,0.6,0.4,-0.7,0.95,2.02,0.48,6.0,2.17,12.0,0.7,0.6,0.4,-4.9,4.4,18.1,3.6,6.0,15.7,12.0,0.7,0.6,0.4,4.75,6.09,7.13,5.95,4.0,1.42,14.0,0.8,0.7,0.6,26.3,39.2,79.0,52.0,4.0,37.3,14.0,0.8,0.7,0.6,-248.2,-184.5,-153.9,-199.3,6.0,72.7,12.0,0.7,0.6,0.4,-104.6,-65.4,0.0,-66.8,6.0,68.9,12.0,0.7,0.6,0.4,-143.1,-108.8,-85.9,-114.2,4.0,41.7,14.0,0.8,0.7,0.6,-69.4,-18.9,0.0,-34.0,4.0,46.3,14.0,0.8,0.7,0.6,-70.1,-37.7,-26.3,-47.8,4.0,30.7,14.0,0.8,0.7,0.6,-35.7,-8.5,0.0,-17.4,4.0,24.9,14.0,0.8,0.7,0.6,259.0,358.0,1363.5,840.5,6.0,1088.5,12.0,0.7,0.6,0.4,260.0,360.0,1365.0,840.0,6.0,1090.0,12.0,0.7,0.6,0.4
1974,2,302.0,14.0,25.6,25.6,25.87,25.73,3.0,0.23,10.0,0.0,0.5,0.4,24.02,24.5,24.91,24.47,3.0,0.65,10.0,0.0,0.5,0.4,14.3,16.08,16.27,15.3,3.0,1.59,10.0,0.0,0.5,0.4,76.4,82.4,83.8,80.1,3.0,5.8,10.0,0.0,0.4,7.18,9.3,11.35,9.27,3.0,3.05,10.0,0.0,0.5,0.4,-10.8,-9.16,-6.57,-8.7,3.0,3.12,10.0,0.0,0.5,0.4,-3.86,-3.1,-2.09,-2.97,3.0,1.3,10.0,0.0,0.5,0.4,1013.41,1014.3,1017.17,1015.27,3.0,2.87,10.0,0.0,0.5,0.4,4.6,6.0,6.0,5.3,3.0,1.2,10.0,0.0,0.5,0.4,-124.1,-85.2,-49.8,-86.9,3.0,54.5,10.0,0.0,0.5,0.4,-41.4,-19.2,-16.4,-28.7,3.0,20.1,10.0,0.0,0.5,0.4,0.69,1.1,1.85,1.27,3.0,0.86,10.0,0.0,0.5,0.4,5.4,10.2,21.7,13.5,3.0,12.3,10.0,0.0,0.5,0.4,4.2,4.32,6.49,5.32,3.0,1.89,10.0,0.0,0.5,0.4,30.3,40.1,75.8,52.7,3.0,35.1,10.0,0.0,0.5,0.4,-259.0,-224.4,-163.2,-211.4,3.0,71.1,10.0,0.0,0.5,0.4,-93.0,-77.8,-51.7,-72.5,3.0,30.6,10.0,0.0,0.5,0.4,-153.0,-147.2,-106.7,-130.3,3.0,37.0,10.0,0.0,0.5,0.4,-54.8,-50.7,-33.8,-44.5,3.0,16.3,10.0,0.0,0.5,0.4,-71.8,-39.5,-27.7,-49.5,3.0,33.4,10.0,0.0,0.5,0.4,-25.6,-12.8,-8.8,-17.1,3.0,12.9,10.0,0.0,0.5,0.4,418.0,804.5,1525.5,968.0,3.0,823.5,10.0,0.0,0.5,0.4,420.0,805.0,1525.0,970.0,3.0,825.0,10.0,0.0,0.5,0.4
1974,2,302.0,15.0,25.18,25.6,27.0,25.84,7.0,0.88,12.0,0.4,0.4,0.4,23.32,24.15,25.04,24.43,6.0,1.59,12.0,0.3,0.4,0.4,13.32,14.86,15.36,14.52,6.0,1.02,12.0,0.3,0.4,0.4,70.2,76.9,83.5,76.4,6.0,7.4,12.0,0.3,0.4,5.08,6.2,7.27,6.46,7.0,1.39,12.0,0.4,0.4,0.4,-6.79,-5.37,-4.57,-5.52,7.0,1.14,12.0,0.4,0.4,0.4,-4.84,0.0,0.12,-1.72,7.0,3.21,12.0,0.4,0.4,0.4,1012.49,1013.0,1014.68,1013.69,7.0,1.44,12.0,0.4,0.4,0.4,2.0,3.0,5.1,3.7,7.0,1.8,12.0,0.4,0.4,0.4,-48.9,-33.3,-24.5,-36.3,7.0,13.1,12.0,0.4,0.4,0.4,-30.8,0.0,0.8,-12.7,7.0,25.1,12.0,0.4,0.4,0.4,-0.15,1.15,3.68,1.38,6.0,2.18,12.0,0.3,0.4,0.4,-0.5,7.3,23.7,9.7,6.0,14.0,12.0,0.3,0.4,0.4,4.57,6.04,7.9,6.27,6.0,1.88,12.0,0.3,0.4,0.4,24.8,41.3,56.8,40.6,6.0,17.2,12.0,0.3,0.4,0.4,-143.4,-133.2,-107.2,-127.7,6.0,22.3,12.0,0.3,0.4,0.4,-121.5,-37.8,11.7,-48.6,6.0,81.4,12.0,0.3,0.4,0.4,-85.8,-75.6,-67.7,-76.2,6.0,15.3,12.0,0.3,0.4,0.4,-68.0,-23.7,7.5,-27.1,6.0,46.9,12.0,0.3,0.4,0.4,-39.8,-32.2,-22.1,-32.7,6.0,11.2,12.0,0.3,0.4,0.4,-43.5,-6.4,3.9,-13.6,6.0,25.4,12.0,0.3,0.4,0.4,131.0,238.5,387.0,301.5,7.0,189.5,12.0,0.4,0.4,0.4,130.0,240.0,385.0,300.0,7.0,190.0,12.0,0.4,0.4,0.4
1974,2,302.0,16.0,24.53,25.2,26.37,25.41,9.0,0.91,12.0,0.4,0.5,0.4,23.91,24.8,25.42,24.96,9.0,1.23,12.0,0.4,0.5,0.4,14.05,15.44,16.47,15.28,8.0,1.28,10.0,0.4,0.6,0.4,67.9,80.9,87.1,78.1,8.0,10.1,10.0,0.4,0.4,5.03,7.7,9.87,7.56,9.0,2.77,12.0,0.4,0.5,0.4,-9.27,-7.24,-4.58,-6.9,9.0,2.54,12.0,0.4,0.5,0.4,-3.38,0.0,2.16,-0.64,9.0,3.38,12.0,0.4,0.5,0.4,1013.93,1016.9,1017.25,1015.84,9.0,1.91,12.0,0.4,0.5,0.4,2.0,3.0,5.5,3.6,9.0,2.2,12.0,0.4,0.5,0.4,-92.0,-55.7,-23.2,-58.1,9.0,42.1,12.0,0.4,0.5,0.4,-33.5,0.0,16.0,-10.9,9.0,33.8,12.0,0.4,0.5,0.4,-0.11,1.0,1.42,0.46,9.0,1.59,12.0,0.4,0.5,0.4,-0.8,5.1,11.9,3.4,9.0,14.0,12.0,0.4,0.5,0.4,3.56,4.65,6.75,5.03,8.0,1.7,10.0,0.4,0.6,0.4,18.2,38.2,58.3,43.1,8.0,28.9,10.0,0.4,0.6,0.4,-238.0,-172.2,-111.2,-173.2,9.0,67.6,12.0,0.4,0.5,0.4,-86.6,0.0,51.4,-17.6,9.0,85.7,12.0,0.4,0.5,0.4,-148.2,-106.4,-75.2,-107.8,8.0,34.9,10.0,0.4,0.6,0.4,-56.5,6.6,35.5,-5.9,8.0,53.7,10.0,0.4,0.6,0.4,-55.1,-35.9,-16.7,-39.5,8.0,25.8,10.0,0.4,0.6,0.4,-19.5,1.5,10.9,-6.7,8.0,21.6,10.0,0.4,0.6,0.4,127.0,456.5,975.5,598.0,9.0,663.5,12.0,0.4,0.5,0.4,125.0,455.0,975.0,600.0,9.0,665.0,12.0,0.4,0.5,0.4
1974,2,302.0,17.0,24.59,25.75,26.04,25.28,6.0,1.2,20.0,0.7,0.5,0.3,24.29,25.5,27.07,25.76,8.0,1.5,22.0,0.5,0.5,0.5,13.58,14.14,15.14,14.38,8.0,1.13,22.0,0.5,0.5,0.5,66.5,69.9,72.7,70.1,8.0,4.8,22.0,0.5,0.5,6.54,9.8,12.08,9.34,8.0,3.38,22.0,0.5,0.5,0.5,-12.01,-9.42,-5.79,-9.02,8.0,3.42,22.0,0.5,0.5,0.5,-2.33,-0.81,3.13,-0.21,8.0,2.54,22.0,0.5,0.5,0.5,1016.2,1018.35,1019.2,1018.28,8.0,1.97,22.0,0.5,0.5,0.5,1.0,1.5,5.8,2.8,8.0,2.3,22.0,0.5,0.5,0.5,-145.6,-92.4,-39.0,-94.3,8.0,58.0,22.0,0.5,0.5,0.5,-18.8,-7.5,32.3,-1.3,8.0,25.5,22.0,0.5,0.5,0.5,-2.44,-0.85,0.84,-0.87,6.0,1.62,20.0,0.7,0.5,0.3,-17.1,-6.4,9.4,-5.5,6.0,15.4,20.0,0.7,0.5,0.3,4.69,5.9,6.45,5.41,6.0,2.29,20.0,0.7,0.5,0.3,15.9,45.5,72.3,48.4,6.0,36.2,20.0,0.7,0.5,0.3,-301.0,-236.2,-162.0,-229.9,8.0,82.2,22.0,0.5,0.5,0.5,-58.5,-21.0,75.8,-8.0,8.0,64.5,22.0,0.5,0.5,0.5,-165.3,-134.7,-86.9,-127.8,8.0,44.1,22.0,0.5,0.5,0.5,-30.8,-12.2,42.5,-4.2,8.0,35.7,22.0,0.5,0.5,0.5,-69.0,-42.6,-15.8,-46.5,6.0,35.7,20.0,0.7,0.5,0.3,-18.8,-5.5,4.4,-4.6,6.0,15.1,20.0,0.7,0.5,0.3,301.0,948.5,1775.5,1076.0,8.0,858.0,22.0,0.5,0.5,0.5,300.0,950.0,1775.0,1075.0,8.0,860.0,22.0,0.5,0.5,0.5
1974,2,302.0,18.0,25.0,25.0,26.0,25.29,12.0,0.78,18.0,0.8,0.5,0.4,24.0,24.6,26.94,25.17,14.0,1.46,16.0,0.8,0.5,0.5,12.67,14.2,14.98,13.89,12.0,1.2,18.0,0.8,0.5,0.4,63.1,73.3,76.9,71.6,12.0,6.4,18.0,0.8,0.4,2.16,7.45,8.98,6.08,14.0,3.3,16.0,0.8,0.5,0.5,-8.44,-5.04,-0.88,-4.94,14.0,3.6,16.0,0.8,0.5,0.5,-3.17,0.0,3.0,-0.1,14.0,3.38,16.0,0.8,0.5,0.5,1013.94,1017.2,1020.05,1017.31,13.0,2.92,18.0,0.8,0.5,0.4,2.0,3.0,4.0,3.3,14.0,1.4,16.0,0.8,0.5,0.5,-75.8,-37.3,-1.7,-40.3,14.0,35.5,16.0,0.8,0.5,0.5,-25.9,0.0,21.8,-0.6,14.0,23.9,16.0,0.8,0.5,0.5,-1.43,0.6,2.0,0.34,12.0,1.73,18.0,0.8,0.5,0.4,-12.7,3.1,10.9,0.3,12.0,12.2,18.0,0.8,0.5,0.4,4.72,6.35,7.28,6.18,11.0,1.18,18.0,0.7,0.5,0.4,22.7,38.7,62.9,41.3,11.0,21.8,18.0,0.7,0.5,0.4,-217.4,-124.5,-23.6,-124.9,14.0,91.6,16.0,0.8,0.5,0.5,-76.2,0.0,82.0,-0.8,14.0,84.2,16.0,0.8,0.5,0.5,-104.9,-73.5,-13.6,-66.8,12.0,45.2,18.0,0.8,0.5,0.4,-45.3,0.0,37.2,-2.7,12.0,51.1,18.0,0.8,0.5,0.4,-62.4,-33.5,-8.5,-33.7,11.0,25.0,18.0,0.7,0.5,0.4,-22.7,0.0,14.5,-5.4,11.0,20.9,18.0,0.7,0.5,0.4,10.5,415.0,724.5,388.5,14.0,343.5,16.0,0.8,0.5,0.5,10.0,415.0,725.0,390.0,14.0,345.0,16.0,0.8,0.5,0.5
1974,2,302.0,19.0,23.91,24.5,25.0,24.55,8.0,0.79,10.0,0.1,0.6,0.5,23.47,24.1,24.77,24.15,8.0,1.12,10.0,0.1,0.6,0.5,13.57,14.66,15.22,14.42,8.0,1.03,10.0,0.1,0.6,0.5,70.5,77.8,81.3,77.5,8.0,7.5,10.0,0.1,0.5,4.66,6.2,7.59,6.61,8.0,2.58,10.0,0.1,0.6,0.5,-7.49,-5.3,-4.17,-5.95,8.0,3.0,10.0,0.1,0.6,0.5,0.0,0.87,3.78,1.06,8.0,2.44,10.0,0.1,0.6,0.5,1015.64,1017.15,1019.31,1017.34,8.0,2.04,10.0,0.1,0.6,0.5,2.0,2.0,6.1,3.4,7.0,2.6,10.0,0.1,0.6,0.5,-57.0,-32.8,-17.7,-45.9,8.0,45.1,10.0,0.1,0.6,0.5,0.0,4.4,17.8,5.3,8.0,14.5,10.0,0.1,0.6,0.5,-0.48,0.25,1.42,0.4,8.0,1.34,10.0,0.1,0.6,0.5,-3.1,1.0,10.8,3.0,8.0,8.1,10.0,0.1,0.6,0.5,3.38,4.56,5.43,4.76,8.0,1.58,10.0,0.1,0.6,0.5,16.7,27.9,57.2,32.5,8.0,18.8,10.0,0.1,0.6,0.5,-183.2,-124.1,-98.0,-142.8,8.0,71.6,10.0,0.1,0.6,0.5,0.0,21.6,91.0,26.3,8.0,59.9,10.0,0.1,0.6,0.5,-97.0,-79.3,-59.9,-84.1,8.0,38.8,10.0,0.1,0.6,0.5,0.0,11.8,57.6,16.2,8.0,37.1,10.0,0.1,0.6,0.5,-57.0,-23.8,-16.3,-30.0,8.0,20.5,10.0,0.1,0.6,0.5,0.0,4.8,12.8,5.0,8.0,9.2,10.0,0.1,0.6,0.5,101.5,238.5,439.5,424.0,8.0,593.5,10.0,0.1,0.6,0.5,100.0,240.0,440.0,425.0,8.0,595.0,10.0,0.1,0.6,0.5
1974,2,302.0,20.0,23.5,24.0,24.76,24.14,5.0,0.72,16.0,0.2,0.4,0.2,23.14,23.8,24.5,23.64,7.0,0.9,18.0,0.3,0.4,0.4,11.55,13.13,14.79,13.33,7.0,1.58,18.0,0.3,0.4,0.4,63.6,74.4,81.1,73.8,7.0,8.7,18.0,0.3,0.4,5.97,7.2,9.13,7.53,6.0,2.1,18.0,0.3,0.3,0.4,-9.0,-7.14,-5.91,-7.35,6.0,1.97,18.0,0.3,0.3,0.4,-1.89,0.0,0.36,-0.56,6.0,1.83,18.0,0.3,0.3,0.4,1014.99,1018.2,1019.91,1017.69,7.0,2.17,18.0,0.3,0.4,0.4,2.0,6.0,8.0,4.9,7.0,3.1,18.0,0.3,0.4,0.4,-82.7,-52.3,-35.5,-58.8,6.0,31.4,18.0,0.3,0.3,0.4,-17.5,0.0,1.8,-7.1,6.0,17.3,18.0,0.3,0.3,0.4,-0.17,0.7,1.68,0.7,5.0,1.16,16.0,0.2,0.4,0.2,-2.4,3.8,9.6,3.6,4.0,8.0,14.0,0.3,0.4,0.3,3.56,6.08,7.01,5.44,5.0,1.84,16.0,0.2,0.4,0.2,26.0,35.2,49.2,37.5,4.0,16.5,14.0,0.3,0.4,0.3,-201.8,-170.0,-143.3,-173.4,6.0,43.2,18.0,0.3,0.3,0.4,-44.5,0.0,8.8,-13.1,6.0,43.9,18.0,0.3,0.3,0.4,-118.7,-91.0,-79.2,-96.3,6.0,19.9,18.0,0.3,0.3,0.4,-21.5,0.0,5.6,-5.3,6.0,23.0,18.0,0.3,0.3,0.4,-48.7,-35.2,-26.0,-37.3,4.0,16.1,14.0,0.3,0.4,0.3,-5.4,0.0,0.0,-2.6,4.0,5.2,14.0,0.3,0.4,0.3,216.5,395.0,782.5,513.0,6.0,418.5,18.0,0.3,0.3,0.4,215.0,395.0,785.0,515.0,6.0,420.0,18.0,0.3,0.3,0.4
1974,2,302.0,21.0,24.0,24.0,24.93,24.33,12.0,0.68,14.0,0.7,0.6,0.5,23.01,24.1,24.98,24.07,14.0,0.98,16.0,0.7,0.6,0.5,12.85,14.02,15.53,14.03,9.0,1.37,12.0,0.7,0.6,0.4,72.4,76.2,83.1,76.5,9.0,8.3,12.0,0.7,0.4,5.14,7.45,9.77,7.17,14.0,2.43,16.0,0.7,0.6,0.5,-7.66,-6.19,-4.46,-5.76,14.0,2.83,16.0,0.7,0.6,0.5,-3.81,0.0,2.52,-0.17,14.0,4.18,16.0,0.7,0.6,0.5,1016.85,1018.0,1021.78,1018.82,13.0,2.79,14.0,0.7,0.6,0.5,2.1,4.5,5.9,4.1,14.0,1.7,16.0,0.7,0.6,0.5,-61.6,-50.1,-23.0,-46.1,14.0,28.9,16.0,0.7,0.6,0.5,-28.8,0.0,13.1,-2.0,14.0,38.0,16.0,0.7,0.6,0.5,-0.78,-0.1,1.18,0.13,12.0,1.06,14.0,0.7,0.6,0.5,-4.3,-0.2,8.0,1.7,12.0,8.8,14.0,0.7,0.6,0.5,3.72,4.51,6.42,4.75,8.0,1.45,14.0,0.6,0.6,0.5,18.7,35.4,52.0,36.9,8.0,17.5,14.0,0.6,0.6,0.5,-178.6,-147.0,-115.0,-138.0,14.0,66.7,16.0,0.7,0.6,0.5,-93.3,0.0,65.4,-3.2,14.0,99.8,16.0,0.7,0.6,0.5,-122.9,-91.0,-69.4,-87.3,9.0,46.5,12.0,0.7,0.6,0.4,-52.4,-39.6,18.2,-23.4,9.0,57.0,12.0,0.7,0.6,0.4,-45.3,-30.0,-17.8,-31.5,8.0,21.4,14.0,0.6,0.6,0.5,-15.4,-3.0,10.0,-3.3,8.0,16.1,14.0,0.6,0.6,0.5,136.0,415.0,932.5,481.0,14.0,372.5,16.0,0.7,0.6,0.5,135.0,415.0,935.0,480.0,14.0,375.0,16.0,0.7,0.6,0.5
1974,2,302.0,22.0,23.24,24.0,24.89,24.07,15.0,0.77,14.0,0.5,0.5,0.5,22.61,23.7,25.73,23.95,16.0,1.45,14.0,0.5,0.6,0.5,13.23,14.56,15.0,14.02,11.0,1.59,12.0,0.4,0.5,0.4,68.3,80.3,83.6,76.5,11.0,8.4,12.0,0.4,0.4,4.48,7.45,9.19,7.23,16.0,2.64,14.0,0.5,0.6,0.5,-8.54,-6.62,-3.98,-6.43,16.0,2.29,14.0,0.5,0.6,0.5,-4.33,-1.47,0.0,-1.74,16.0,3.18,14.0,0.5,0.6,0.5,1016.69,1019.75,1022.51,1019.66,16.0,2.57,14.0,0.5,0.6,0.5,2.0,3.5,5.6,3.6,16.0,1.9,14.0,0.5,0.6,0.5,-82.3,-48.7,-18.9,-51.5,16.0,30.7,14.0,0.5,0.6,0.5,-31.9,-10.0,0.0,-17.9,16.0,34.0,14.0,0.5,0.6,0.5,-1.23,-0.1,1.37,0.04,15.0,1.25,14.0,0.5,0.5,0.5,-9.0,-0.8,6.4,-0.9,15.0,7.8,14.0,0.5,0.5,0.5,3.22,4.45,5.79,4.57,11.0,1.41,12.0,0.4,0.5,0.4,15.4,25.3,48.9,30.0,11.0,16.1,12.0,0.4,0.5,0.4,-194.6,-176.5,-96.0,-154.1,16.0,55.2,14.0,0.5,0.6,0.5,-107.9,-33.9,0.0,-41.0,16.0,75.0,14.0,0.5,0.6,0.5,-111.5,-85.8,-52.2,-82.9,11.0,32.3,12.0,0.4,0.5,0.4,-64.4,-15.2,0.0,-21.5,11.0,33.2,12.0,0.4,0.5,0.4,-48.6,-24.3,-13.5,-28.1,11.0,16.9,12.0,0.4,0.5,0.4,-12.3,-8.6,0.0,-5.4,11.0,7.5,12.0,0.4,0.5,0.4,93.0,415.0,775.5,520.5,16.0,521.5,14.0,0.5,0.6,0.5,95.0,415.0,775.0,520.0,16.0,520.0,14.0,0.5,0.6,0.5
1974,2,302.0,23.0,23.11,23.5,23.97,23.54,9.0,0.81,16.0,0.4,0.6,0.6,22.69,23.0,23.54,23.09,11.0,0.54,16.0,0.5,0.6,0.5,12.95,14.25,14.63,13.8,7.0,0.87,16.0,0.3,0.5,0.5,72.5,77.8,83.8,76.4,8.0,7.5,16.0,0.4,0.6,4.1,5.7,7.29,5.71,11.0,1.71,16.0,0.5,0.6,0.5,-5.45,-4.32,-0.77,-3.4,11.0,3.03,16.0,0.5,0.6,0.5,-5.05,0.0,2.88,-1.29,11.0,3.88,16.0,0.5,0.6,0.5,1018.0,1020.0,1020.89,1019.7,10.0,1.77,16.0,0.4,0.6,0.5,0.6,4.0,7.0,4.0,11.0,2.9,16.0,0.5,0.6,0.5,-38.9,-25.9,-3.6,-21.1,11.0,19.9,16.0,0.5,0.6,0.5,-34.0,0.0,11.3,-12.2,11.0,27.0,16.0,0.5,0.6,0.5,-0.07,0.3,0.87,0.48,9.0,0.67,16.0,0.4,0.6,0.6,-0.3,1.4,5.6,2.2,9.0,2.8,16.0,0.4,0.6,0.6,3.74,4.7,5.04,4.37,7.0,0.88,16.0,0.3,0.5,0.5,15.7,19.3,20.9,21.4,7.0,8.8,16.0,0.3,0.5,0.5,-126.1,-102.0,-18.2,-78.8,11.0,68.6,16.0,0.5,0.6,0.5,-114.0,0.0,66.1,-29.8,11.0,90.5,16.0,0.5,0.6,0.5,-73.2,-61.6,-24.6,-49.3,7.0,33.1,16.0,0.3,0.5,0.5,-24.3,9.4,42.8,7.9,7.0,40.1,16.0,0.3,0.5,0.5,-19.9,-17.7,-9.2,-15.1,7.0,11.2,16.0,0.3,0.5,0.5,-7.4,3.3,14.8,1.5,7.0,14.8,16.0,0.3,0.5,0.5,69.0,185.0,390.0,232.5,11.0,193.5,16.0,0.5,0.6,0.5,70.0,185.0,390.0,235.0,11.0,195.0,16.0,0.5,0.6,0.5
1974,2,302.0,24.0,21.85,23.9,25.0,23.52,23.0,1.39,14.0,0.7,0.6,0.3,22.0,22.5,23.4,22.45,25.0,0.87,14.0,0.8,0.6,0.3,10.64,12.2,13.33,12.27,20.0,1.75,14.0,0.8,0.6,0.4,65.3,74.2,79.1,73.9,20.0,9.7,14.0,0.8,0.4,4.1,6.2,10.99,7.03,25.0,3.04,14.0,0.8,0.6,0.3,-7.33,-4.6,-2.02,-4.83,25.0,2.82,14.0,0.8,0.6,0.3,-6.13,-1.3,3.85,-2.05,25.0,4.91,14.0,0.8,0.6,0.3,1017.58,1019.1,1023.0,1019.74,25.0,2.82,14.0,0.8,0.6,0.3,1.7,4.0,7.0,4.1,24.0,2.4,14.0,0.8,0.6,0.3,-65.6,-28.9,-7.0,-39.2,25.0,31.1,14.0,0.8,0.6,0.3,-64.3,-4.5,15.8,-25.2,25.0,51.6,14.0,0.8,0.6,0.3,-0.41,1.4,2.3,1.03,23.0,1.44,14.0,0.7,0.6,0.3,-2.3,9.7,15.8,6.3,23.0,12.6,14.0,0.7,0.6,0.3,4.43,5.25,6.53,5.33,19.0,1.9,14.0,0.8,0.6,0.4,16.3,39.1,53.0,37.5,19.0,19.3,14.0,0.8,0.6,0.4,-164.1,-104.4,-45.4,-108.7,25.0,64.4,14.0,0.8,0.6,0.3,-140.0,-28.6,89.1,-44.8,25.0,110.0,14.0,0.8,0.6,0.3,-96.4,-49.3,-28.2,-62.3,20.0,35.3,14.0,0.8,0.6,0.4,-80.5,-22.2,30.9,-25.3,20.0,57.7,14.0,0.8,0.6,0.4,-39.7,-25.4,-11.5,-26.7,19.0,14.2,14.0,0.8,0.6,0.4,-42.1,-6.6,15.6,-11.2,19.0,27.8,14.0,0.8,0.6,0.4,69.0,238.5,1333.0,549.0,25.0,646.0,14.0,0.8,0.6,0.3,70.0,240.0,1335.0,550.0,25.0,645.0,14.0,0.8,0.6,0.3
1974,2,302.0,25.0,22.41,23.0,25.0,23.34,18.0,1.3,14.0,0.5,0.7,0.4,21.5,21.95,23.0,22.28,20.0,0.99,14.0,0.5,0.7,0.4,9.33,11.48,13.36,11.48,12.0,2.0,14.0,0.6,0.6,0.4,57.9,73.2,78.8,70.0,12.0,11.6,14.0,0.6,0.4,3.11,4.8,7.69,5.56,20.0,2.7,14.0,0.5,0.7,0.4,-6.6,-2.84,-0.65,-3.31,20.0,3.68,14.0,0.5,0.7,0.4,-3.98,0.02,4.3,-0.02,20.0,3.84,14.0,0.5,0.7,0.4,1019.47,1020.75,1023.53,1021.21,18.0,2.25,14.0,0.5,0.7,0.4,1.0,2.0,6.8,3.1,21.0,2.8,14.0,0.5,0.7,0.4,-46.0,-10.8,-0.7,-25.1,20.0,34.6,14.0,0.5,0.7,0.4,-24.6,1.5,19.8,-2.7,20.0,29.6,14.0,0.5,0.7,0.4,-0.32,1.15,2.29,1.1,18.0,1.64,14.0,0.5,0.7,0.4,-2.2,2.7,13.1,4.2,17.0,9.8,14.0,0.5,0.7,0.5,3.61,6.34,9.05,6.26,11.0,2.71,14.0,0.5,0.6,0.4,11.6,19.7,41.1,26.7,11.0,19.4,14.0,0.5,0.6,0.4,-139.6,-55.5,-11.9,-68.1,19.0,80.3,14.0,0.5,0.7,0.4,-82.3,18.4,99.4,9.2,19.0,78.4,14.0,0.5,0.7,0.4,-61.7,-25.7,-11.5,-31.6,12.0,22.9,14.0,0.6,0.6,0.4,-35.9,-9.9,47.2,2.7,12.0,40.9,14.0,0.6,0.6,0.4,-28.7,-12.5,-6.1,-18.5,11.0,20.0,14.0,0.5,0.6,0.4,-22.7,-8.6,12.8,-6.5,11.0,18.5,14.0,0.5,0.6,0.4,30.0,111.0,455.5,298.0,20.0,408.5,14.0,0.5,0.7,0.4,30.0,110.0,455.0,300.0,20.0,410.0,14.0,0.5,0.7,0.4
1974,2,302.0,26.0,22.0,22.5,23.19,22.71,13.0,1.21,16.0,0.6,0.6,0.5,20.81,22.2,23.81,22.23,16.0,1.38,14.0,0.7,0.6,0.5,10.81,12.39,14.16,12.46,8.0,1.76,16.0,0.6,0.7,0.4,61.3,75.4,85.2,75.6,8.0,13.9,16.0,0.6,0.4,4.3,6.2,7.93,6.11,15.0,2.86,16.0,0.7,0.6,0.5,-6.31,-3.85,3.26,-2.14,15.0,5.27,16.0,0.7,0.6,0.5,-2.8,-0.77,3.12,0.08,15.0,3.95,16.0,0.7,0.6,0.5,1019.0,1021.0,1024.37,1020.95,15.0,2.93,14.0,0.7,0.6,0.5,2.2,4.0,6.8,4.0,15.0,2.1,14.0,0.7,0.6,0.5,-43.4,-21.9,15.9,-16.8,15.0,48.8,16.0,0.7,0.6,0.5,-18.1,-0.8,15.9,-1.7,15.0,33.8,16.0,0.7,0.6,0.5,-1.32,0.1,1.24,0.29,13.0,1.55,16.0,0.6,0.6,0.5,-3.5,1.6,12.3,4.9,12.0,10.7,16.0,0.6,0.6,0.5,2.05,4.38,5.99,3.96,6.0,2.5,18.0,0.5,0.7,0.5,9.9,17.1,29.3,19.1,5.0,13.8,22.0,0.4,0.7,0.4,-135.7,-91.4,73.0,-44.8,15.0,116.8,16.0,0.7,0.6,0.5,-66.9,-16.6,68.6,0.9,15.0,85.1,16.0,0.7,0.6,0.5,-65.4,-44.0,2.6,-27.8,7.0,46.3,18.0,0.6,0.6,0.4,-9.5,22.4,48.8,25.0,7.0,38.3,18.0,0.6,0.6,0.4,-28.4,-0.4,4.3,-9.9,5.0,20.2,22.0,0.4,0.7,0.4,-3.0,0.2,12.5,3.8,5.0,9.8,22.0,0.4,0.7,0.4,81.5,238.5,499.5,378.5,15.0,541.5,16.0,0.7,0.6,0.5,80.0,240.0,500.0,380.0,15.0,540.0,16.0,0.7,0.6,0.5
1974,2,302.0,27.0,21.2,22.0,22.4,21.93,12.0,0.91,12.0,0.6,0.6,0.6,20.0,21.0,21.85,21.05,12.0,0.95,12.0,0.6,0.6,0.6,11.74,12.71,13.92,12.7,7.0,1.42,10.0,0.6,0.7,0.6,77.1,83.0,86.8,81.7,7.0,6.1,10.0,0.6,0.6,1.0,4.6,10.59,5.44,11.0,4.53,10.0,0.6,0.6,0.6,-2.34,-0.64,2.81,-0.21,11.0,3.04,10.0,0.6,0.6,0.6,-1.28,1.57,9.71,3.03,11.0,5.8,10.0,0.6,0.6,0.6,1019.04,1021.8,1025.11,1021.42,12.0,4.87,12.0,0.6,0.6,0.6,1.6,5.0,7.0,4.3,11.0,2.8,12.0,0.6,0.6,0.5,-13.6,-0.6,13.4,0.9,11.0,22.3,10.0,0.6,0.6,0.6,-7.9,6.2,103.1,35.0,11.0,69.0,10.0,0.6,0.6,0.6,-0.33,1.15,2.0,0.88,12.0,1.37,12.0,0.6,0.6,0.6,0.0,2.0,9.1,3.3,11.0,10.0,10.0,0.6,0.6,0.6,2.08,3.81,4.48,3.32,7.0,1.42,10.0,0.6,0.7,0.6,9.4,13.7,26.0,15.6,7.0,9.0,10.0,0.6,0.7,0.6,-49.2,-12.9,58.6,-2.6,11.0,64.4,10.0,0.6,0.6,0.6,-25.1,33.0,214.4,66.4,11.0,124.4,10.0,0.6,0.6,0.6,-28.3,0.0,59.0,12.0,7.0,41.2,10.0,0.6,0.7,0.6,3.2,23.7,133.7,51.3,7.0,82.4,10.0,0.6,0.7,0.6,-8.8,0.0,9.0,0.7,7.0,8.6,10.0,0.6,0.7,0.6,1.0,7.7,11.4,5.6,7.0,15.9,10.0,0.6,0.7,0.6,1.0,97.5,1191.0,514.0,11.0,857.5,10.0,0.6,0.6,0.6,0.0,95.0,1190.0,515.0,11.0,860.0,10.0,0.6,0.6,0.6
1974,2,302.0,28.0,21.0,22.0,22.73,21.95,13.0,0.91,16.0,0.4,0.6,0.4,19.2,20.9,21.69,20.66,15.0,1.71,16.0,0.3,0.6,0.5,9.7,11.78,12.93,11.46,11.0,1.93,16.0,0.4,0.6,0.5,68.9,76.9,85.3,76.7,11.0,10.1,16.0,0.4,0.5,3.13,5.9,8.94,6.19,14.0,3.26,16.0,0.4,0.6,0.4,-2.72,-1.04,2.66,-0.81,14.0,4.02,16.0,0.4,0.6,0.4,-5.46,1.43,5.12,1.23,14.0,5.78,16.0,0.4,0.6,0.4,1021.2,1024.7,1026.0,1022.87,15.0,5.65,16.0,0.3,0.6,0.5,1.0,2.0,5.9,2.8,14.0,2.5,16.0,0.4,0.6,0.5,-21.5,-4.3,8.2,-7.8,14.0,32.8,16.0,0.4,0.6,0.4,-38.5,4.1,40.1,13.3,14.0,58.2,16.0,0.4,0.6,0.4,-0.04,1.0,2.08,1.1,13.0,1.59,16.0,0.4,0.6,0.4,-0.2,3.1,13.0,6.1,13.0,11.5,16.0,0.4,0.6,0.4,3.29,3.86,7.04,4.63,10.0,2.09,16.0,0.4,0.6,0.4,11.5,20.1,43.5,25.3,10.0,18.1,16.0,0.4,0.6,0.4,-55.4,-22.0,58.3,-15.7,14.0,86.6,16.0,0.4,0.6,0.4,-97.5,30.4,127.9,31.4,14.0,118.0,16.0,0.4,0.6,0.4,-31.7,-10.9,29.1,-11.6,10.0,43.0,16.0,0.4,0.6,0.4,-27.4,16.7,56.0,28.6,10.0,67.3,16.0,0.4,0.6,0.4,-13.6,-4.2,13.4,-1.1,10.0,19.6,16.0,0.4,0.6,0.4,-26.4,7.4,17.1,-0.7,10.0,25.6,16.0,0.4,0.6,0.4,31.0,216.5,715.5,435.5,14.0,627.5,16.0,0.4,0.6,0.4,30.0,215.0,715.0,435.0,14.0,625.0,16.0,0.4,0.6,0.4
1974,2,302.0,29.0,20.25,21.2,22.94,21.44,14.0,1.44,14.0,0.6,0.6,0.4,19.53,20.0,22.0,20.67,15.0,1.36,14.0,0.5,0.5,0.4,8.28,11.42,13.56,10.92,7.0,2.85,16.0,0.4,0.4,0.3,57.8,73.6,85.2,71.9,7.0,15.6,16.0,0.4,0.3,6.2,7.45,8.98,7.53,14.0,2.74,14.0,0.6,0.6,0.4,-3.76,0.51,5.88,0.5,14.0,4.58,14.0,0.6,0.6,0.4,-6.19,3.16,6.99,1.95,14.0,6.57,14.0,0.6,0.6,0.4,1019.5,1022.5,1025.4,1022.42,15.0,2.98,14.0,0.5,0.5,0.4,1.1,3.0,6.0,3.9,14.0,2.7,14.0,0.6,0.6,0.4,-28.9,1.5,41.1,5.4,14.0,44.5,14.0,0.6,0.6,0.4,-38.4,18.8,61.4,22.0,14.0,62.9,14.0,0.6,0.6,0.4,-0.47,0.7,1.89,0.71,14.0,1.37,14.0,0.6,0.6,0.4,-7.2,7.4,16.6,5.8,13.0,11.9,14.0,0.6,0.6,0.4,2.69,4.14,7.3,4.83,7.0,3.22,16.0,0.4,0.4,0.3,12.2,22.7,54.4,34.2,6.0,31.4,18.0,0.5,0.4,0.3,-75.6,10.3,119.4,12.9,14.0,95.9,14.0,0.6,0.6,0.4,-123.9,63.7,160.9,46.1,14.0,138.7,14.0,0.6,0.6,0.4,-49.0,-12.1,48.0,0.7,6.0,58.4,18.0,0.5,0.4,0.3,-10.6,45.7,96.2,41.1,6.0,64.4,18.0,0.5,0.4,0.3,-29.1,-0.3,8.7,-14.1,6.0,39.3,18.0,0.5,0.4,0.3,-9.0,11.8,19.5,3.5,6.0,24.4,18.0,0.5,0.4,0.3,238.5,415.0,724.5,592.5,14.0,679.0,14.0,0.6,0.6,0.4,240.0,415.0,725.0,595.0,14.0,680.0,14.0,0.6,0.6,0.4
1974,2,302.0,30.0,19.47,20.55,22.13,20.71,18.0,1.18,14.0,0.4,0.4,0.4,18.27,19.2,21.03,19.39,18.0,1.37,14.0,0.4,0.4,0.4,8.81,10.12,13.57,10.64,15.0,2.45,14.0,0.4,0.5,0.4,66.7,74.3,87.4,75.0,15.0,11.4,14.0,0.4,0.4,4.6,7.95,11.6,7.86,18.0,3.65,14.0,0.4,0.4,0.4,-3.48,2.96,9.24,2.8,18.0,6.35,14.0,0.4,0.4,0.4,-3.11,2.29,7.24,2.08,18.0,5.07,14.0,0.4,0.4,0.4,1015.87,1020.0,1023.89,1019.67,18.0,3.66,14.0,0.4,0.4,0.4,1.0,4.0,8.0,4.1,18.0,3.1,14.0,0.4,0.4,0.4,-21.4,16.5,94.5,35.1,18.0,71.4,14.0,0.4,0.4,0.4,-20.3,14.3,82.0,22.1,18.0,50.3,14.0,0.4,0.4,0.4,-0.5,1.0,2.66,1.31,18.0,1.69,14.0,0.4,0.4,0.4,-0.7,7.5,25.1,12.1,18.0,15.0,14.0,0.4,0.4,0.4,1.63,4.34,6.3,4.34,15.0,2.46,14.0,0.4,0.5,0.4,6.2,37.8,66.9,37.4,15.0,28.0,14.0,0.4,0.5,0.4,-65.1,61.0,169.5,55.4,18.0,122.7,14.0,0.4,0.4,0.4,-57.9,45.1,137.4,42.0,18.0,97.5,14.0,0.4,0.4,0.4,-19.9,41.6,102.2,42.0,15.0,67.3,14.0,0.4,0.5,0.4,0.0,40.3,79.1,31.5,15.0,50.5,14.0,0.4,0.5,0.4,-1.5,19.4,43.0,18.7,15.0,33.2,14.0,0.4,0.5,0.4,0.0,4.9,35.0,6.6,15.0,27.5,14.0,0.4,0.5,0.4,97.5,504.0,1569.0,783.0,18.0,891.5,14.0,0.4,0.4,0.4,95.0,505.0,1570.0,785.0,18.0,890.0,14.0,0.4,0.4,0.4
1974,2,302.0,31.0,19.79,20.65,21.02,20.4,6.0,0.79,12.0,0.3,0.5,0.4,17.53,19.2,20.52,18.97,6.0,1.65,12.0,0.3,0.5,0.4,7.68,11.88,12.77,10.76,6.0,2.46,12.0,0.3,0.5,0.4,65.2,83.0,89.9,78.9,6.0,13.9,12.0,0.3,0.4,3.29,5.4,7.55,5.67,6.0,3.1,12.0,0.3,0.5,0.4,0.56,2.3,6.27,3.51,6.0,3.91,12.0,0.3,0.5,0.4,0.65,2.43,4.72,2.22,6.0,3.48,12.0,0.3,0.5,0.4,1017.75,1020.4,1024.76,1020.6,6.0,3.94,12.0,0.3,0.5,0.4,1.6,4.5,6.4,4.2,6.0,2.9,12.0,0.3,0.5,0.4,2.3,11.8,51.0,29.3,6.0,43.7,12.0,0.3,0.5,0.4,0.1,15.1,31.6,14.8,6.0,20.5,12.0,0.3,0.5,0.4,0.32,0.7,3.34,1.43,6.0,1.55,12.0,0.3,0.5,0.4,0.8,5.6,16.0,8.1,6.0,8.9,12.0,0.3,0.5,0.4,2.38,3.55,6.14,4.05,6.0,1.87,12.0,0.3,0.5,0.4,12.6,19.3,26.7,19.6,6.0,7.3,12.0,0.3,0.5,0.4,9.3,44.2,127.2,69.5,6.0,78.7,12.0,0.3,0.5,0.4,15.9,47.8,93.2,44.5,6.0,61.8,12.0,0.3,0.5,0.4,4.4,27.4,80.1,43.6,6.0,50.9,12.0,0.3,0.5,0.4,6.1,28.5,58.9,28.5,6.0,36.2,12.0,0.3,0.5,0.4,3.8,8.2,13.9,9.7,6.0,8.9,12.0,0.3,0.5,0.4,-1.9,9.2,14.8,5.3,6.0,16.9,12.0,0.3,0.5,0.4,39.0,185.0,499.0,331.0,6.0,472.5,12.0,0.3,0.5,0.4,40.0,185.0,500.0,330.0,6.0,475.0,12.0,0.3,0.5,0.4
1974,2,302.0,32.0,18.94,19.8,20.0,19.46,10.0,0.99,12.0,0.6,0.6,0.4,17.07,18.0,19.25,18.26,12.0,1.3,14.0,0.5,0.6,0.4,7.6,9.91,11.52,9.69,9.0,2.25,12.0,0.6,0.5,0.4,62.7,75.1,87.5,74.4,9.0,12.1,12.0,0.6,0.4,5.29,10.9,15.68,11.13,12.0,5.0,14.0,0.5,0.6,0.4,1.64,6.71,15.4,7.34,12.0,6.87,14.0,0.5,0.6,0.4,-6.85,0.62,7.52,0.19,12.0,7.35,14.0,0.5,0.6,0.4,1009.28,1016.3,1023.1,1015.78,12.0,7.51,14.0,0.5,0.6,0.4,2.0,5.5,8.0,5.0,12.0,2.9,14.0,0.5,0.6,0.4,5.1,71.2,241.9,107.8,12.0,115.0,14.0,0.5,0.6,0.4,-79.8,2.2,91.0,-5.6,12.0,103.9,14.0,0.5,0.6,0.4,0.07,1.7,2.37,1.45,10.0,1.43,12.0,0.6,0.6,0.4,-2.6,11.7,31.2,15.0,10.0,20.1,12.0,0.6,0.6,0.4,1.65,5.16,6.47,4.5,8.0,2.26,12.0,0.6,0.5,0.4,14.4,29.8,67.7,44.5,8.0,37.8,12.0,0.6,0.5,0.4,29.1,116.2,276.3,135.7,12.0,129.9,14.0,0.5,0.6,0.4,-120.4,11.4,136.1,7.6,12.0,132.1,14.0,0.5,0.6,0.4,26.2,88.9,173.6,89.6,9.0,80.8,12.0,0.6,0.5,0.4,-55.2,0.0,51.9,-3.7,9.0,55.7,12.0,0.6,0.5,0.4,11.2,15.4,60.0,27.6,8.0,36.2,12.0,0.6,0.5,0.4,-55.7,0.0,8.7,-17.8,8.0,34.0,12.0,0.6,0.5,0.4,155.5,1295.5,3866.0,2144.5,12.0,2343.5,14.0,0.5,0.6,0.4,155.0,1295.0,3865.0,2145.0,12.0,2345.0,14.0,0.5,0.6,0.4
1974,2,302.0,33.0,18.79,19.0,20.14,19.52,19.0,0.98,16.0,0.6,0.5,0.4,16.8,18.25,20.0,18.41,20.0,1.89,16.0,0.6,0.5,0.3,7.19,8.74,13.1,9.77,16.0,2.99,16.0,0.7,0.5,0.4,56.2,71.7,92.3,72.2,16.0,19.0,16.0,0.7,0.4,6.7,9.15,13.4,10.06,20.0,3.94,16.0,0.6,0.5,0.3,0.02,4.86,10.24,5.16,20.0,5.1,16.0,0.6,0.5,0.3,-6.44,3.69,11.52,2.53,20.0,7.82,16.0,0.6,0.5,0.3,1011.24,1017.65,1024.2,1017.57,20.0,6.65,16.0,0.6,0.5,0.3,2.0,4.0,8.0,4.5,19.0,2.9,16.0,0.6,0.5,0.3,0.1,45.0,137.3,63.5,20.0,77.3,16.0,0.6,0.5,0.3,-55.4,28.3,148.5,29.8,20.0,101.0,16.0,0.6,0.5,0.3,-0.61,0.5,3.22,1.08,19.0,1.95,16.0,0.6,0.5,0.4,-6.5,6.2,30.2,8.3,19.0,16.7,16.0,0.6,0.5,0.4,1.15,4.78,6.92,4.33,16.0,3.31,16.0,0.7,0.5,0.4,13.5,37.6,74.7,41.0,16.0,28.0,16.0,0.7,0.5,0.4,0.3,90.8,189.6,97.1,20.0,96.2,16.0,0.6,0.5,0.3,-109.5,65.2,223.5,54.2,20.0,143.3,16.0,0.6,0.5,0.3,1.7,57.9,117.4,58.2,16.0,57.3,16.0,0.7,0.5,0.4,-37.2,57.8,133.5,46.9,16.0,82.8,16.0,0.7,0.5,0.4,1.1,14.0,38.5,17.6,16.0,26.8,16.0,0.7,0.5,0.4,-27.4,10.9,31.0,7.8,16.0,38.3,16.0,0.7,0.5,0.4,301.0,766.5,2406.0,1477.5,20.0,1532.0,16.0,0.6,0.5,0.3,300.0,765.0,2405.0,1480.0,20.0,1530.0,16.0,0.6,0.5,0.3
1974,2,302.0,34.0,18.0,18.5,19.1,18.76,13.0,1.22,16.0,0.4,0.5,0.4,17.04,17.4,20.0,18.15,15.0,1.86,14.0,0.4,0.6,0.4,6.59,8.18,12.04,8.77,13.0,2.29,16.0,0.4,0.6,0.4,55.0,65.4,82.6,68.8,13.0,12.2,16.0,0.4,0.4,6.76,9.5,15.31,11.11,14.0,5.12,14.0,0.4,0.5,0.4,4.45,6.81,11.87,7.34,14.0,5.97,14.0,0.4,0.5,0.4,-2.34,5.37,7.87,3.19,14.0,7.39,14.0,0.4,0.5,0.4,1010.58,1018.0,1023.85,1017.53,15.0,6.23,14.0,0.4,0.6,0.4,2.2,5.0,6.0,4.7,15.0,2.4,14.0,0.4,0.6,0.4,23.3,58.0,164.1,102.3,14.0,122.4,14.0,0.4,0.5,0.4,-12.0,47.0,155.6,39.9,14.0,114.7,14.0,0.4,0.5,0.4,-1.04,1.1,1.84,0.82,13.0,1.44,16.0,0.4,0.5,0.4,-14.0,9.1,15.7,3.5,12.0,16.3,16.0,0.4,0.5,0.4,2.97,4.84,6.22,4.61,12.0,1.71,16.0,0.3,0.6,0.4,25.6,32.0,64.9,42.2,11.0,20.9,16.0,0.4,0.5,0.4,69.7,124.5,204.2,137.5,14.0,111.1,14.0,0.4,0.5,0.4,-36.2,97.3,163.9,66.0,14.0,137.5,14.0,0.4,0.5,0.4,21.0,57.2,106.6,64.8,12.0,59.3,16.0,0.4,0.5,0.4,-24.8,37.3,92.0,31.4,12.0,78.0,16.0,0.4,0.5,0.4,8.7,20.5,43.1,23.0,11.0,24.9,16.0,0.4,0.5,0.4,-24.5,13.7,29.8,3.5,11.0,34.4,16.0,0.4,0.5,0.4,310.5,875.5,3591.5,2262.5,14.0,2919.0,14.0,0.4,0.5,0.4,310.0,875.0,3590.0,2260.0,14.0,2920.0,14.0,0.4,0.5,0.4
1974,2,302.0,35.0,18.45,19.4,20.19,19.55,13.0,1.31,14.0,0.5,0.5,0.5,14.0,17.2,19.19,16.87,13.0,2.34,14.0,0.5,0.5,0.5,7.06,8.7,11.8,9.2,13.0,2.4,14.0,0.5,0.5,0.5,63.6,75.5,88.1,76.1,13.0,13.2,14.0,0.5,0.5,3.72,9.5,15.03,9.55,12.0,5.43,14.0,0.4,0.5,0.5,2.99,8.31,12.6,7.79,12.0,4.9,14.0,0.4,0.5,0.5,-4.37,1.56,6.8,1.61,12.0,6.0,14.0,0.4,0.5,0.5,1006.9,1013.9,1020.16,1014.37,13.0,7.41,14.0,0.5,0.5,0.5,2.7,6.5,8.0,5.7,12.0,2.7,14.0,0.5,0.5,0.4,11.3,85.0,169.7,97.1,12.0,88.0,14.0,0.4,0.5,0.5,-42.7,7.7,102.8,28.8,12.0,93.4,14.0,0.4,0.5,0.5,-0.06,2.0,5.1,2.68,13.0,2.67,14.0,0.5,0.5,0.5,-2.9,11.8,48.5,21.0,12.0,33.1,14.0,0.4,0.5,0.5,2.68,5.83,6.58,4.96,13.0,2.23,14.0,0.5,0.5,0.5,16.4,40.2,55.7,40.9,12.0,25.9,14.0,0.4,0.5,0.5,57.7,130.8,209.1,134.8,12.0,91.3,14.0,0.4,0.5,0.5,-61.1,25.8,132.1,37.0,12.0,105.0,14.0,0.4,0.5,0.5,22.9,77.7,120.6,77.1,12.0,54.9,14.0,0.4,0.5,0.5,-37.8,15.2,74.7,22.0,12.0,59.2,14.0,0.4,0.5,0.5,14.7,33.5,46.4,33.6,12.0,26.6,14.0,0.4,0.5,0.5,-27.9,5.1,16.5,-1.1,12.0,23.7,14.0,0.4,0.5,0.5,56.0,875.5,3395.5,1668.0,12.0,2069.0,14.0,0.4,0.5,0.5,55.0,875.0,3395.0,1670.0,12.0,2070.0,14.0,0.4,0.5,0.5
1974,2,302.0,36.0,18.94,20.0,20.53,19.69,7.0,1.11,16.0,0.9,0.6,0.5,16.52,18.25,18.93,17.49,8.0,1.94,16.0,0.9,0.6,0.5,8.04,9.26,11.8,9.47,8.0,2.05,16.0,0.9,0.6,0.5,65.9,73.3,88.9,75.9,8.0,11.1,16.0,0.9,0.5,8.77,9.8,17.26,12.03,8.0,4.81,16.0,0.9,0.6,0.5,0.35,6.66,16.27,7.87,8.0,7.86,16.0,0.9,0.6,0.5,-5.28,5.02,8.73,3.08,8.0,6.71,16.0,0.9,0.6,0.5,1013.84,1017.75,1023.59,1017.98,8.0,5.96,16.0,0.9,0.6,0.5,5.0,7.0,7.9,6.4,8.0,1.5,16.0,0.9,0.6,0.5,3.3,67.0,284.6,125.1,8.0,156.4,16.0,0.9,0.6,0.5,-96.5,44.2,80.7,10.2,8.0,91.6,16.0,0.9,0.6,0.5,0.7,1.8,3.46,2.06,7.0,2.43,16.0,0.9,0.6,0.5,6.0,16.7,42.6,32.1,7.0,49.9,16.0,0.9,0.6,0.5,2.66,4.4,7.0,4.74,7.0,2.39,16.0,0.9,0.6,0.5,27.9,38.3,127.2,66.5,7.0,59.7,16.0,0.9,0.6,0.5,5.8,123.7,259.7,133.0,8.0,126.6,16.0,0.9,0.6,0.5,-82.3,86.1,156.8,58.4,8.0,113.5,16.0,0.9,0.6,0.5,3.3,75.5,122.6,68.5,8.0,60.5,16.0,0.9,0.6,0.5,-37.5,45.6,81.6,35.9,8.0,59.3,16.0,0.9,0.6,0.5,-0.4,19.1,119.5,47.5,7.0,66.6,16.0,0.9,0.6,0.5,-43.5,5.3,38.8,2.6,7.0,40.6,16.0,0.9,0.6,0.5,674.5,948.5,5345.0,2572.5,8.0,3265.0,16.0,0.9,0.6,0.5,675.0,950.0,5345.0,2575.0,8.0,3265.0,16.0,0.9,0.6,0.5
1974,2,302.0,37.0,18.58,19.0,19.47,19.12,9.0,0.5,14.0,0.8,0.6,0.4,13.36,17.0,21.7,17.3,13.0,3.41,16.0,0.8,0.6,0.4,6.95,7.91,11.01,8.81,11.0,2.34,14.0,0.7,0.6,0.5,59.0,73.5,78.3,69.6,11.0,12.3,14.0,0.7,0.5,7.6,10.8,16.6,11.37,13.0,4.38,16.0,0.8,0.6,0.4,0.33,6.13,10.64,4.75,13.0,6.4,16.0,0.8,0.6,0.4,-6.68,-1.88,7.18,-0.15,13.0,9.68,16.0,0.8,0.6,0.4,1004.44,1017.1,1025.0,1013.95,13.0,11.35,16.0,0.8,0.6,0.4,4.7,6.5,7.3,6.0,12.0,1.8,16.0,0.8,0.6,0.4,0.8,56.3,133.1,58.2,13.0,85.7,16.0,0.8,0.6,0.4,-69.9,-18.3,88.4,0.7,13.0,152.7,16.0,0.8,0.6,0.4,-2.3,1.0,4.15,0.9,9.0,3.41,14.0,0.8,0.6,0.4,-28.3,10.8,34.4,4.7,9.0,31.3,14.0,0.8,0.6,0.4,2.23,5.23,6.57,4.66,9.0,2.13,14.0,0.8,0.6,0.4,22.6,45.4,51.1,41.3,9.0,16.8,14.0,0.8,0.6,0.4,7.8,103.2,213.9,94.6,13.0,114.7,16.0,0.8,0.6,0.4,-121.7,-33.8,144.9,12.8,13.0,157.3,16.0,0.8,0.6,0.4,12.0,56.4,117.1,58.7,11.0,59.9,14.0,0.7,0.6,0.5,-42.3,32.7,98.8,24.9,11.0,77.6,14.0,0.7,0.6,0.5,9.2,16.6,42.4,18.8,9.0,27.7,14.0,0.8,0.6,0.4,-28.7,7.4,39.7,4.9,9.0,31.8,14.0,0.8,0.6,0.4,441.5,1259.5,4575.0,2088.0,13.0,2035.5,16.0,0.8,0.6,0.4,440.0,1260.0,4575.0,2090.0,13.0,2035.0,16.0,0.8,0.6,0.4
1974,2,302.0,38.0,16.54,18.9,20.15,18.83,9.0,2.04,14.0,0.6,0.6,0.6,13.0,16.9,18.86,16.1,10.0,2.95,14.0,0.6,0.6,0.6,8.11,9.91,12.84,10.04,7.0,2.38,14.0,0.4,0.6,0.6,75.1,82.3,91.2,83.4,7.0,8.7,14.0,0.4,0.6,10.43,16.2,20.6,15.23,10.0,5.91,14.0,0.6,0.6,0.6,1.59,11.8,15.89,10.6,10.0,7.11,14.0,0.6,0.6,0.6,-4.57,3.15,11.81,3.78,10.0,10.08,14.0,0.6,0.6,0.6,993.77,1013.3,1023.26,1010.93,10.0,12.85,14.0,0.6,0.6,0.6,3.3,6.0,8.0,5.7,9.0,2.3,16.0,0.6,0.6,0.6,8.5,189.3,302.2,183.7,10.0,142.7,14.0,0.6,0.6,0.6,-60.4,21.1,221.2,70.2,10.0,188.1,14.0,0.6,0.6,0.6,0.08,1.2,6.5,2.83,9.0,3.51,14.0,0.6,0.6,0.6,1.2,12.3,102.6,42.6,9.0,61.0,14.0,0.6,0.6,0.6,1.93,3.14,6.09,3.83,7.0,2.62,14.0,0.4,0.6,0.6,29.9,48.3,103.2,67.0,7.0,45.7,14.0,0.4,0.6,0.6,24.6,196.0,268.8,173.5,10.0,126.7,14.0,0.6,0.6,0.6,-64.4,53.5,223.7,78.0,10.0,163.8,14.0,0.6,0.6,0.6,87.6,123.4,162.0,128.5,7.0,82.3,14.0,0.4,0.6,0.6,-5.2,103.5,133.7,62.2,7.0,102.2,14.0,0.4,0.6,0.6,11.8,37.0,90.8,47.7,7.0,38.6,14.0,0.4,0.6,0.6,-5.2,19.8,43.8,7.2,7.0,55.9,14.0,0.4,0.6,0.6,1736.0,4282.5,8742.0,4778.5,10.0,3230.0,14.0,0.6,0.6,0.6,1735.0,4285.0,8740.0,4780.0,10.0,3230.0,14.0,0.6,0.6,0.6
1974,2,302.0,39.0,16.07,17.0,19.73,17.73,15.0,1.87,16.0,0.6,0.5,0.5,8.03,11.85,16.49,12.17,18.0,4.13,16.0,0.6,0.4,0.5,5.44,6.53,10.3,7.64,14.0,2.5,16.0,0.5,0.5,0.4,64.0,79.8,87.6,77.1,14.0,11.0,16.0,0.5,0.4,7.75,15.4,22.6,14.52,18.0,7.27,16.0,0.6,0.4,0.5,-5.47,3.27,16.03,4.58,18.0,11.02,16.0,0.6,0.4,0.5,-13.75,-3.09,9.41,-2.22,18.0,11.29,16.0,0.6,0.4,0.5,1001.01,1011.0,1021.22,1010.26,17.0,10.56,16.0,0.6,0.5,0.4,5.1,8.0,8.0,6.8,17.0,1.8,16.0,0.6,0.5,0.5,-64.1,42.2,295.3,98.1,18.0,242.7,16.0,0.6,0.4,0.5,-246.5,-28.7,106.1,-50.1,18.0,218.8,16.0,0.6,0.4,0.5,2.02,6.5,8.86,6.03,15.0,3.45,16.0,0.6,0.5,0.5,18.7,90.0,144.0,85.8,15.0,63.8,16.0,0.6,0.5,0.5,2.64,5.46,8.32,5.6,11.0,2.51,14.0,0.5,0.5,0.4,24.8,82.4,145.7,88.4,11.0,64.9,14.0,0.5,0.5,0.4,-58.7,22.7,212.1,60.6,18.0,148.3,16.0,0.6,0.4,0.5,-129.6,-33.8,136.3,3.9,18.0,140.9,16.0,0.6,0.4,0.5,-30.7,26.6,132.3,43.8,14.0,85.1,16.0,0.5,0.5,0.4,-81.3,0.0,88.5,15.7,14.0,92.8,16.0,0.5,0.5,0.4,-26.1,17.8,80.4,30.8,11.0,77.1,14.0,0.5,0.5,0.4,-80.5,0.0,49.1,-6.7,11.0,75.9,14.0,0.5,0.5,0.4,475.5,3652.5,11543.0,5253.0,18.0,5718.5,16.0,0.6,0.4,0.5,475.0,3650.0,11545.0,5255.0,18.0,5720.0,16.0,0.6,0.4,0.5
1974,2,302.0,40.0,14.0,14.45,18.94,15.73,14.0,2.86,14.0,0.5,0.6,0.6,8.0,10.8,15.04,10.96,18.0,3.46,14.0,0.5,0.7,0.5,4.35,6.49,8.06,6.45,13.0,2.07,16.0,0.5,0.7,0.5,66.0,79.0,87.9,77.3,13.0,15.4,16.0,0.5,0.5,6.22,10.8,17.73,12.32,18.0,7.3,14.0,0.5,0.7,0.5,1.24,6.26,15.93,8.0,18.0,9.02,14.0,0.5,0.7,0.5,-8.86,-3.29,4.98,-2.16,18.0,7.73,14.0,0.5,0.7,0.5,997.58,1005.95,1012.99,1005.44,18.0,8.22,14.0,0.5,0.7,0.5,5.5,8.0,8.0,7.0,17.0,1.6,14.0,0.5,0.7,0.6,7.8,65.9,286.5,147.0,18.0,229.2,14.0,0.5,0.7,0.5,-94.8,-29.8,69.3,-17.4,18.0,142.5,14.0,0.5,0.7,0.5,1.11,5.1,6.48,4.34,14.0,3.31,14.0,0.5,0.6,0.6,16.6,50.0,76.9,52.4,14.0,48.8,14.0,0.5,0.6,0.6,2.2,4.52,6.35,4.62,10.0,2.92,16.0,0.4,0.7,0.6,18.5,36.3,129.0,62.4,10.0,61.7,16.0,0.4,0.7,0.6,12.9,70.4,176.1,91.9,18.0,107.5,14.0,0.5,0.7,0.5,-88.6,-23.7,68.3,-10.2,18.0,89.2,14.0,0.5,0.7,0.5,6.9,49.0,105.8,55.2,13.0,68.0,16.0,0.5,0.7,0.5,-41.5,-16.2,55.8,-4.0,13.0,46.1,16.0,0.5,0.7,0.5,-13.7,22.6,76.4,35.7,10.0,63.9,16.0,0.4,0.7,0.6,-21.4,-0.9,49.7,13.5,10.0,49.3,16.0,0.4,0.7,0.6,250.0,1268.0,6272.5,4023.5,18.0,6484.0,14.0,0.5,0.7,0.5,250.0,1270.0,6275.0,4025.0,18.0,6485.0,14.0,0.5,0.7,0.5
1974,2,302.0,41.0,11.06,13.0,14.41,13.39,11.0,2.64,18.0,0.7,0.8,0.5,4.27,10.5,15.28,9.71,12.0,5.22,18.0,0.7,0.8,0.4,3.86,5.03,9.17,6.26,9.0,2.63,20.0,0.8,0.8,0.5,68.9,85.1,89.4,81.3,9.0,10.6,20.0,0.8,0.5,5.07,14.15,20.6,14.18,12.0,7.4,18.0,0.7,0.8,0.4,0.0,4.1,18.54,7.46,12.0,10.74,18.0,0.7,0.8,0.4,-9.74,-2.19,10.84,0.2,12.0,9.88,18.0,0.7,0.8,0.4,996.48,1007.8,1018.2,1007.48,12.0,10.35,18.0,0.7,0.8,0.4,6.6,8.0,8.0,7.3,11.0,1.3,18.0,0.7,0.8,0.4,0.0,27.6,382.0,145.6,12.0,254.2,18.0,0.7,0.8,0.4,-167.6,-21.7,134.1,-0.1,12.0,182.5,18.0,0.7,0.8,0.4,-0.83,4.5,8.24,3.85,11.0,4.44,18.0,0.7,0.8,0.5,-8.4,23.0,116.2,60.1,11.0,98.4,18.0,0.7,0.8,0.5,0.21,3.59,4.75,2.93,8.0,2.16,20.0,0.9,0.8,0.6,1.1,30.7,78.3,45.6,8.0,54.0,20.0,0.9,0.8,0.6,0.0,41.1,96.9,44.2,12.0,94.4,18.0,0.7,0.8,0.4,-34.7,-13.5,166.1,35.0,12.0,131.1,18.0,0.7,0.8,0.4,12.2,43.9,110.3,58.7,9.0,49.0,20.0,0.8,0.8,0.5,-36.3,-7.0,61.7,17.7,9.0,76.2,20.0,0.8,0.8,0.5,0.7,25.5,68.6,41.7,8.0,50.8,20.0,0.9,0.8,0.6,-37.9,-8.8,-0.4,-16.5,8.0,20.2,20.0,0.9,0.8,0.6,130.5,2899.5,8742.0,5061.5,12.0,6413.0,18.0,0.7,0.8,0.4,130.0,2900.0,8740.0,5060.0,12.0,6415.0,18.0,0.7,0.8,0.4
1974,2,302.0,42.0,7.9,11.75,12.7,10.64,10.0,2.74,12.0,0.6,0.6,0.5,1.71,3.55,5.99,4.17,10.0,3.86,12.0,0.7,0.6,0.5,3.85,4.25,4.98,4.62,8.0,1.28,12.0,0.6,0.6,0.5,74.9,82.8,86.5,81.9,8.0,6.8,12.0,0.6,0.5,9.43,12.9,21.43,14.09,11.0,7.11,12.0,0.6,0.6,0.5,-1.53,8.92,21.1,8.56,11.0,10.88,12.0,0.6,0.6,0.5,-10.23,-4.41,-1.69,-5.01,11.0,6.51,12.0,0.6,0.6,0.5,998.71,1010.15,1016.86,1007.63,10.0,9.75,12.0,0.6,0.6,0.5,6.4,7.0,8.0,6.6,10.0,2.4,12.0,0.7,0.6,0.5,-16.5,91.9,453.1,159.1,11.0,246.0,12.0,0.6,0.6,0.5,-111.3,-73.7,-25.0,-80.3,11.0,108.6,12.0,0.6,0.6,0.5,3.45,5.5,8.79,5.66,9.0,3.03,12.0,0.7,0.6,0.5,14.2,72.0,173.7,87.7,9.0,77.4,12.0,0.7,0.6,0.5,2.14,3.93,5.09,3.71,8.0,1.32,12.0,0.6,0.6,0.5,21.6,51.4,95.3,53.5,8.0,37.4,12.0,0.6,0.6,0.5,3.2,39.0,95.7,47.0,10.0,47.5,12.0,0.7,0.6,0.5,-22.1,-14.6,14.3,0.5,10.0,39.8,12.0,0.7,0.6,0.5,23.8,62.2,93.2,58.1,8.0,36.8,12.0,0.6,0.6,0.5,-18.6,-16.9,2.7,-4.9,8.0,28.6,12.0,0.6,0.6,0.5,18.5,45.9,93.5,49.7,8.0,38.7,12.0,0.6,0.6,0.5,-22.4,-13.9,2.0,-11.0,8.0,14.7,12.0,0.6,0.6,0.5,869.0,2146.5,9899.0,4716.5,11.0,5197.0,12.0,0.6,0.6,0.5,870.0,2145.0,9900.0,4715.0,11.0,5195.0,12.0,0.6,0.6,0.5
1974,2,302.0,43.0,2.0,5.0,10.89,6.11,13.0,4.37,16.0,0.7,0.5,0.4,-0.96,1.2,4.87,1.16,14.0,3.77,16.0,0.7,0.5,0.4,2.6,3.16,4.66,3.55,7.0,1.09,16.0,0.6,0.4,0.4,69.7,93.0,100.0,87.6,7.0,14.6,16.0,0.6,0.4,4.16,9.65,12.24,9.31,14.0,4.56,16.0,0.7,0.5,0.4,-5.55,1.71,8.53,1.5,14.0,6.19,16.0,0.7,0.5,0.4,-7.85,-4.11,2.31,-4.05,14.0,7.47,16.0,0.7,0.5,0.4,998.79,1008.55,1016.51,1007.96,14.0,9.34,16.0,0.7,0.5,0.4,7.0,8.0,8.0,7.4,13.0,1.7,16.0,0.7,0.5,0.4,-77.0,6.6,92.3,11.6,14.0,70.1,16.0,0.7,0.5,0.4,-82.0,-31.9,6.0,-58.1,14.0,107.3,16.0,0.7,0.5,0.4,-0.04,4.9,11.48,5.24,13.0,5.32,16.0,0.7,0.5,0.4,-0.3,27.5,134.3,61.8,13.0,79.0,16.0,0.7,0.5,0.4,0.65,1.75,2.92,1.87,7.0,1.83,16.0,0.6,0.4,0.4,2.2,14.3,23.3,17.7,7.0,19.7,16.0,0.6,0.4,0.4,-17.9,-0.6,6.9,-4.4,14.0,15.9,16.0,0.7,0.5,0.4,-15.3,1.3,26.3,14.2,14.0,40.0,16.0,0.7,0.5,0.4,-1.8,5.7,27.4,6.8,7.0,22.8,16.0,0.6,0.4,0.4,-24.6,-16.0,-5.8,-14.3,7.0,15.1,16.0,0.6,0.4,0.4,-2.1,4.6,16.2,0.2,7.0,20.9,16.0,0.6,0.4,0.4,-14.6,-10.8,-1.8,-11.9,7.0,12.3,16.0,0.6,0.4,0.4,73.0,902.0,1834.5,1356.0,14.0,1607.5,16.0,0.7,0.5,0.4,75.0,900.0,1835.0,1355.0,14.0,1610.0,16.0,0.7,0.5,0.4
1974,2,302.0,44.0,-0.22,0.0,1.11,0.58,13.0,1.51,16.0,0.7,0.4,0.5,-3.68,-0.6,2.86,0.03,16.0,3.96,16.0,0.7,0.5,0.5,2.5,3.14,4.1,3.24,11.0,0.88,16.0,0.7,0.5,0.5,76.7,82.6,88.1,82.0,11.0,6.4,16.0,0.7,0.5,5.44,10.3,16.39,10.73,16.0,5.69,16.0,0.7,0.5,0.5,-7.81,-3.6,10.84,0.61,16.0,9.81,16.0,0.7,0.5,0.5,-3.52,2.59,10.31,3.21,16.0,6.89,16.0,0.7,0.5,0.5,1000.71,1015.3,1021.6,1013.47,15.0,10.52,16.0,0.7,0.5,0.5,2.4,6.0,8.0,5.2,16.0,2.7,16.0,0.7,0.5,0.5,-121.4,-22.5,126.0,21.1,16.0,154.3,16.0,0.7,0.5,0.5,-33.0,11.9,143.5,52.5,16.0,120.4,16.0,0.7,0.5,0.5,-2.74,0.5,4.91,1.17,13.0,3.75,16.0,0.7,0.4,0.5,-29.7,2.1,63.7,11.2,13.0,48.7,16.0,0.7,0.4,0.5,-0.21,0.75,1.52,0.63,10.0,0.94,16.0,0.8,0.5,0.5,-3.1,3.9,16.0,6.2,10.0,13.6,16.0,0.8,0.5,0.5,-48.5,-21.7,0.4,-25.2,16.0,28.2,16.0,0.7,0.5,0.5,-2.7,9.5,47.4,15.7,16.0,23.6,16.0,0.7,0.5,0.5,-34.3,-16.9,25.8,-8.9,11.0,28.7,16.0,0.7,0.5,0.5,-8.6,7.2,51.0,18.9,11.0,31.3,16.0,0.7,0.5,0.5,-2.0,3.1,15.1,7.3,10.0,11.9,16.0,0.8,0.5,0.5,-5.5,-0.3,2.3,-1.5,10.0,4.9,16.0,0.8,0.5,0.5,164.5,1092.5,4433.5,2281.5,16.0,2937.5,16.0,0.7,0.5,0.5,165.0,1095.0,4435.0,2280.0,16.0,2935.0,16.0,0.7,0.5,0.5
1974,2,302.0,45.0,-0.8,-0.3,0.06,-0.35,19.0,0.72,16.0,0.4,0.4,0.4,-5.17,-2.4,4.14,-1.11,24.0,4.38,18.0,0.4,0.4,0.4,1.93,2.5,4.74,3.07,16.0,1.3,18.0,0.4,0.4,0.3,75.5,81.7,93.6,83.7,16.0,8.2,18.0,0.4,0.3,6.53,11.05,17.13,12.15,22.0,5.34,18.0,0.4,0.4,0.4,-9.06,3.62,10.9,1.95,22.0,9.42,18.0,0.4,0.4,0.4,-5.95,0.0,10.96,2.31,22.0,9.21,18.0,0.4,0.4,0.4,999.94,1008.5,1018.35,1009.44,24.0,9.36,18.0,0.4,0.4,0.4,3.3,6.5,8.0,5.8,22.0,2.5,16.0,0.5,0.4,0.4,-132.6,18.2,144.2,21.4,22.0,149.1,18.0,0.4,0.4,0.4,-58.2,0.0,165.7,54.3,22.0,163.6,18.0,0.4,0.4,0.4,-4.26,2.1,5.47,1.26,19.0,4.37,16.0,0.4,0.4,0.4,-82.5,11.9,78.2,1.7,17.0,70.0,16.0,0.4,0.4,0.4,-1.04,1.19,1.7,0.59,16.0,1.31,18.0,0.4,0.4,0.3,-20.7,5.9,24.6,3.3,16.0,20.8,18.0,0.4,0.4,0.3,-69.4,-14.2,7.1,-19.4,22.0,38.4,18.0,0.4,0.4,0.4,-12.8,3.7,53.8,13.9,22.0,45.1,18.0,0.4,0.4,0.4,-38.8,1.4,23.0,-5.2,16.0,29.2,18.0,0.4,0.4,0.3,-10.8,9.0,63.9,20.8,16.0,43.4,18.0,0.4,0.4,0.3,-1.5,5.6,20.5,8.7,16.0,10.1,18.0,0.4,0.4,0.3,-20.6,-1.9,5.2,-5.3,16.0,15.3,18.0,0.4,0.4,0.3,283.0,1351.5,5107.0,2840.5,22.0,3301.0,18.0,0.4,0.4,0.4,285.0,1350.0,5105.0,2840.0,22.0,3300.0,18.0,0.4,0.4,0.4
1974,2,302.0,46.0,-1.1,-0.8,-0.2,-0.6,23.0,0.78,18.0,0.5,0.6,0.4,-5.32,-2.95,2.2,-2.28,30.0,4.0,16.0,0.5,0.7,0.4,1.69,2.64,3.15,2.57,21.0,0.87,18.0,0.5,0.6,0.4,64.5,82.8,93.4,81.0,21.0,12.7,18.0,0.5,0.4,7.14,15.4,23.1,16.2,29.0,7.76,16.0,0.5,0.7,0.4,2.0,13.34,19.86,9.86,29.0,11.1,16.0,0.5,0.7,0.4,-13.24,-2.6,7.91,-3.46,29.0,9.79,16.0,0.5,0.7,0.4,996.8,1007.6,1014.52,1004.92,30.0,10.56,16.0,0.5,0.7,0.4,2.0,5.5,8.0,4.9,24.0,3.0,16.0,0.6,0.7,0.5,11.2,179.6,462.1,194.0,29.0,267.3,16.0,0.5,0.7,0.4,-290.7,-12.9,88.9,-93.9,29.0,216.3,16.0,0.5,0.7,0.4,-0.21,1.7,5.85,2.07,23.0,3.31,18.0,0.5,0.6,0.4,-1.6,29.3,70.6,31.9,22.0,62.3,18.0,0.5,0.6,0.4,0.54,0.9,1.89,1.04,20.0,0.87,18.0,0.5,0.6,0.4,6.9,18.6,28.6,17.2,20.0,14.6,18.0,0.5,0.6,0.4,-76.0,-40.0,1.9,-41.9,29.0,56.0,16.0,0.5,0.7,0.4,0.0,18.8,42.3,19.0,29.0,26.0,16.0,0.5,0.7,0.4,7.3,27.2,51.5,24.2,21.0,34.3,18.0,0.5,0.6,0.4,-34.5,-8.1,4.0,-11.2,21.0,27.2,18.0,0.5,0.6,0.4,5.6,15.7,25.6,15.4,20.0,12.9,18.0,0.5,0.6,0.4,-11.2,-7.8,0.0,-5.3,20.0,8.8,18.0,0.5,0.6,0.4,370.0,3652.5,12326.5,6984.5,29.0,6811.5,16.0,0.5,0.7,0.4,370.0,3650.0,12325.0,6985.0,29.0,6810.0,16.0,0.5,0.7,0.4
1974,2,302.0,47.0,-1.11,-0.8,-0.8,-0.92,10.0,0.17,12.0,0.4,0.5,0.1,-9.2,-6.7,-5.49,-6.96,12.0,2.37,12.0,0.5,0.5,0.1,1.57,1.66,1.95,1.77,9.0,0.24,12.0,0.4,0.4,0.1,79.1,82.8,86.2,82.6,9.0,4.0,12.0,0.4,0.1,10.05,14.9,18.0,14.37,12.0,5.59,12.0,0.5,0.5,0.1,9.73,14.9,17.8,13.13,12.0,5.18,12.0,0.5,0.5,0.1,-4.44,0.0,0.0,-2.34,12.0,5.97,12.0,0.5,0.5,0.1,1004.77,1007.9,1016.25,1009.38,12.0,6.18,12.0,0.5,0.5,0.1,6.0,6.5,7.0,6.0,12.0,2.0,12.0,0.5,0.5,0.1,101.1,222.3,324.0,212.0,12.0,119.6,12.0,0.5,0.5,0.1,-69.2,0.0,0.0,-53.6,12.0,140.4,12.0,0.5,0.5,0.1,5.24,6.95,8.3,6.63,10.0,1.96,12.0,0.4,0.5,0.1,65.5,117.4,142.2,107.6,10.0,41.2,12.0,0.4,0.5,0.1,1.61,1.87,2.0,1.78,9.0,0.27,12.0,0.4,0.4,0.1,19.3,24.9,34.8,27.1,9.0,7.6,12.0,0.4,0.4,0.1,-154.7,-101.2,-34.2,-97.5,12.0,57.2,12.0,0.5,0.5,0.1,0.0,0.0,29.4,13.6,12.0,35.4,12.0,0.5,0.5,0.1,20.8,28.3,29.3,25.5,9.0,4.3,12.0,0.4,0.4,0.1,-3.7,0.0,0.0,-2.6,9.0,6.2,12.0,0.4,0.4,0.1,19.3,24.9,34.4,26.6,9.0,8.3,12.0,0.4,0.4,0.1,-4.5,0.0,0.0,-1.8,9.0,3.7,12.0,0.4,0.4,0.1,1019.5,3319.0,5832.0,4166.5,12.0,4226.0,12.0,0.5,0.5,0.1,1020.0,3320.0,5830.0,4165.0,12.0,4225.0,12.0,0.5,0.5,0.1
1974,2,302.0,49.0,-1.6,-1.6,-0.64,-1.13,3.0,0.81,6.0,0.7,0.6,0.4,-9.29,-5.5,0.07,-5.26,5.0,6.18,6.0,0.4,0.5,0.6,1.9,2.11,2.98,2.43,3.0,0.85,6.0,0.7,0.6,0.4,75.4,85.7,86.6,81.1,3.0,9.2,6.0,0.7,0.4,9.41,12.1,14.21,11.83,4.0,3.23,4.0,0.5,0.5,0.5,-4.65,-1.34,5.92,0.54,4.0,7.64,4.0,0.5,0.5,0.5,-13.26,-9.44,-3.67,-8.51,4.0,6.44,4.0,0.5,0.5,0.5,996.23,996.6,1001.03,998.66,5.0,4.34,6.0,0.4,0.5,0.6,7.0,8.0,8.0,7.5,4.0,1.0,6.0,0.5,0.6,0.5,-63.2,-20.6,66.9,0.8,4.0,91.1,4.0,0.5,0.5,0.5,-191.0,-101.7,-28.2,-109.2,4.0,101.8,4.0,0.5,0.5,0.5,0.96,3.9,4.24,2.63,3.0,2.64,6.0,0.7,0.6,0.4,13.9,50.3,62.2,38.3,3.0,36.9,6.0,0.7,0.6,0.4,0.69,1.31,1.52,1.11,3.0,0.64,6.0,0.7,0.6,0.4,8.5,20.2,20.6,14.7,3.0,10.1,6.0,0.7,0.6,0.4,-88.8,8.0,26.2,-29.5,4.0,94.5,4.0,0.5,0.5,0.5,-0.8,30.7,76.9,37.7,4.0,46.1,4.0,0.5,0.5,0.5,-9.7,-5.6,-1.8,-5.7,3.0,5.8,6.0,0.7,0.6,0.4,-30.1,-26.1,-22.0,-26.1,3.0,5.9,6.0,0.7,0.6,0.4,-8.2,-3.5,-1.1,-4.6,3.0,5.3,6.0,0.7,0.6,0.4,-19.3,-18.1,-7.8,-13.7,3.0,9.2,6.0,0.7,0.6,0.4,926.0,1795.0,2935.5,1924.5,4.0,1344.5,4.0,0.5,0.5,0.5,925.0,1795.0,2935.0,1925.0,4.0,1345.0,4.0,0.5,0.5,0.5
1974,2,302.0,50.0,-1.6,-1.6,-1.6,-1.6,5.0,0.0,4.0,0.8,0.2,0.1,-12.37,-12.0,-10.96,-11.42,9.0,1.39,4.0,0.6,0.3,0.1,1.35,1.46,1.5,1.43,5.0,0.09,4.0,0.8,0.2,0.1,92.4,93.0,93.1,92.7,5.0,0.7,4.0,0.8,0.1,3.0,5.7,7.3,6.36,9.0,4.5,4.0,0.6,0.3,0.1,1.05,2.85,7.0,4.32,9.0,5.69,4.0,0.6,0.3,0.1,0.0,0.0,5.24,1.29,9.0,3.22,4.0,0.6,0.3,0.1,1003.97,1009.0,1011.0,1007.89,9.0,4.36,4.0,0.6,0.3,0.1,2.0,6.0,8.0,4.9,7.0,2.9,4.0,0.7,0.3,0.1,4.0,16.2,50.3,49.0,9.0,98.2,4.0,0.6,0.3,0.1,0.0,0.0,29.9,8.4,9.0,17.6,4.0,0.6,0.3,0.1,9.58,10.0,10.9,10.16,5.0,0.74,4.0,0.8,0.2,0.1,49.6,55.9,70.0,59.8,5.0,14.9,4.0,0.8,0.2,0.1,1.86,1.92,2.03,1.94,5.0,0.09,4.0,0.8,0.2,0.1,9.6,10.8,13.2,11.4,5.0,2.7,4.0,0.8,0.2,0.1,-86.8,-30.8,-12.1,-50.5,9.0,69.2,4.0,0.6,0.3,0.1,-59.0,0.0,0.0,-14.0,9.0,37.5,4.0,0.6,0.3,0.1,2.2,4.4,6.7,4.6,5.0,3.6,4.0,0.8,0.2,0.1,-2.0,7.7,7.8,3.6,5.0,6.0,4.0,0.8,0.2,0.1,2.9,5.2,9.5,6.4,5.0,5.4,4.0,0.8,0.2,0.1,-3.0,9.0,10.2,4.2,5.0,8.2,4.0,0.8,0.2,0.1,31.5,185.0,397.5,740.0,9.0,1737.5,4.0,0.6,0.3,0.1,30.0,185.0,400.0,740.0,9.0,1735.0,4.0,0.6,0.3,0.1
1974,2,302.0,51.0,-1.7,-1.7,-1.7,-1.69,12.0,0.03,2.0,0.8,0.5,0.2,-22.2,-20.5,-11.23,-16.82,12.0,7.57,2.0,0.8,0.5,0.2,0.61,0.76,1.38,1.16,12.0,0.97,2.0,0.8,0.5,0.2,85.8,94.3,100.0,92.6,12.0,8.5,2.0,0.8,0.2,15.49,18.0,20.07,17.53,11.0,4.21,2.0,0.8,0.5,0.2,10.75,17.5,18.29,13.01,11.0,9.93,2.0,0.8,0.5,0.2,0.0,3.3,11.69,4.93,11.0,6.64,2.0,0.8,0.5,0.2,970.17,983.3,993.65,983.38,12.0,11.9,2.0,0.8,0.5,0.2,5.0,8.0,8.0,6.7,11.0,1.7,2.0,0.9,0.5,0.2,137.3,306.3,337.0,238.2,11.0,195.8,2.0,0.8,0.5,0.2,0.0,62.7,237.5,100.6,11.0,148.5,2.0,0.8,0.5,0.2,9.6,18.8,20.5,15.13,12.0,7.56,2.0,0.8,0.5,0.2,108.2,341.3,383.7,271.3,11.0,153.4,2.0,0.8,0.5,0.2,2.04,2.67,2.81,2.28,12.0,0.95,2.0,0.8,0.5,0.2,23.8,47.4,51.9,39.7,11.0,20.2,2.0,0.8,0.5,0.2,-396.0,-344.4,-100.9,-284.6,11.0,143.0,2.0,0.8,0.5,0.2,-133.8,0.0,6.1,-61.1,11.0,102.3,2.0,0.8,0.5,0.2,9.3,10.9,14.1,6.7,11.0,22.7,2.0,0.8,0.5,0.2,0.0,2.0,22.0,8.5,11.0,13.9,2.0,0.8,0.5,0.2,17.9,47.4,50.6,37.9,11.0,16.4,2.0,0.8,0.5,0.2,-1.6,0.0,20.3,8.6,11.0,14.8,2.0,0.8,0.5,0.2,3725.5,5832.0,8188.5,6182.5,11.0,3769.0,2.0,0.8,0.5,0.2,3725.0,5830.0,8190.0,6180.0,11.0,3770.0,2.0,0.8,0.5,0.2
1974,2,302.0,56.0,,,,,,,,,,,,,,,,,,,,,,,,,,,,,,,,,,,,,,,,2.95,4.0,9.0,5.47,7.0,3.12,24.0,0.6,0.5,0.2,-4.23,1.99,7.76,1.42,7.0,6.23,24.0,0.6,0.5,0.2,-0.07,1.53,2.4,1.03,7.0,1.5,24.0,0.6,0.5,0.2,1001.0,1007.7,1013.13,1007.73,7.0,5.57,24.0,0.6,0.5,0.2,,,,,,,,,,,,,,,,,,,,,,,,,,,,,,,,,,,,,,,,,,,,,,,,,,,,,,,,,,,,,,,,,,,,,,,,,,,,,,,,,,,,,,,,,,,,,,,,,,,,,,,,,,,,,,,,,,,,,,,,,,,,,,,,,,,,,,,,,,,,,,,,,,,,,,
1974,2,303.0,-64.0,0.19,0.5,1.0,0.59,16.0,0.46,14.0,0.7,0.8,0.5,0.77,2.5,4.23,2.56,17.0,1.69,14.0,0.7,0.8,0.5,3.58,4.13,4.4,4.05,15.0,0.43,14.0,0.7,0.8,0.5,79.8,86.7,91.0,85.7,15.0,5.7,14.0,0.7,0.5,1.37,6.35,13.84,7.18,16.0,5.71,14.0,0.7,0.8,0.5,-0.39,0.9,12.5,4.69,16.0,6.28,14.0,0.7,0.8,0.5,-7.25,-1.5,1.93,-2.35,16.0,4.34,14.0,0.7,0.8,0.5,986.55,994.6,998.66,993.39,17.0,6.41,14.0,0.7,0.8,0.5,2.0,5.0,8.0,4.7,17.0,2.7,14.0,0.7,0.8,0.5,-1.4,3.2,175.1,63.5,16.0,98.2,14.0,0.7,0.8,0.5,-72.5,-11.5,7.0,-33.1,16.0,53.5,14.0,0.7,0.8,0.5,-4.0,-1.75,0.31,-1.94,16.0,1.83,14.0,0.7,0.8,0.5,-33.8,-7.6,0.0,-17.1,15.0,20.9,14.0,0.7,0.8,0.5,-0.3,-0.08,0.48,-0.01,14.0,0.44,14.0,0.7,0.8,0.5,-2.8,-0.5,3.1,-0.7,13.0,3.9,14.0,0.7,0.8,0.5,-0.8,0.9,39.6,14.8,16.0,21.9,14.0,0.7,0.8,0.5,-22.6,-2.6,1.9,-7.7,16.0,13.2,14.0,0.7,0.8,0.5,-2.4,12.2,55.8,22.2,14.0,27.2,16.0,0.7,0.8,0.5,-29.2,-6.8,0.0,-10.9,14.0,17.3,16.0,0.7,0.8,0.5,-2.5,0.0,0.4,-0.8,13.0,3.5,14.0,0.7,0.8,0.5,-0.6,0.0,1.5,0.3,13.0,1.5,14.0,0.7,0.8,0.5,18.0,258.5,2811.5,1119.0,16.0,1841.5,14.0,0.7,0.8,0.5,20.0,260.0,2810.0,1120.0,16.0,1840.0,14.0,0.7,0.8,0.5
1974,2,303.0,-63.0,0.08,0.25,0.42,0.25,2.0,0.35,14.0,0.5,0.5,0.7,2.43,3.35,4.27,3.35,2.0,1.91,14.0,0.5,0.5,0.7,3.84,3.86,3.88,3.86,2.0,0.03,14.0,0.5,0.5,0.7,74.8,79.6,84.4,79.6,2.0,9.9,14.0,0.5,0.7,10.11,11.85,13.59,11.85,2.0,3.61,14.0,0.5,0.5,0.7,8.92,10.79,12.66,10.79,2.0,3.87,14.0,0.5,0.5,0.7,-3.13,0.14,3.41,0.14,2.0,6.77,14.0,0.5,0.5,0.7,998.07,998.85,999.64,998.85,2.0,1.63,14.0,0.5,0.5,0.7,6.3,7.0,7.7,7.0,2.0,1.4,14.0,0.5,0.5,0.7,93.9,134.9,175.8,134.9,2.0,84.8,14.0,0.5,0.5,0.7,-25.1,13.8,52.8,13.8,2.0,80.7,14.0,0.5,0.5,0.7,-4.19,-3.1,-2.01,-3.1,2.0,2.26,14.0,0.5,0.5,0.7,-40.2,-32.7,-25.1,-32.7,2.0,15.6,14.0,0.5,0.5,0.7,-0.02,0.04,0.11,0.04,2.0,0.14,14.0,0.5,0.5,0.7,-0.1,0.8,1.6,0.8,2.0,1.8,14.0,0.5,0.5,0.7,28.8,32.5,36.1,32.5,2.0,7.6,14.0,0.5,0.5,0.7,-16.8,-6.0,4.8,-6.0,2.0,22.4,14.0,0.5,0.5,0.7,34.6,41.6,48.6,41.6,2.0,14.6,14.0,0.5,0.5,0.7,-12.2,0.4,13.0,0.4,2.0,26.1,14.0,0.5,0.5,0.7,-0.1,0.7,1.5,0.7,2.0,1.7,14.0,0.5,0.5,0.7,0.3,0.5,0.6,0.5,2.0,0.3,14.0,0.5,0.5,0.7,1150.5,1895.0,2640.0,1895.0,2.0,1542.5,14.0,0.5,0.5,0.7,1150.0,1895.0,2640.0,1895.0,2.0,1545.0,14.0,0.5,0.5,0.7
1974,2,303.0,-61.0,,,,,,,,,,,,,,,,,,,,,,,,,,,,,,,,,,,,,,,,13.0,13.0,13.0,13.0,1.0,0.0,16.0,1.0,0.7,0.5,11.26,11.26,11.26,11.26,1.0,0.0,16.0,1.0,0.7,0.5,6.5,6.5,6.5,6.5,1.0,0.0,16.0,1.0,0.7,0.5,1000.0,1000.0,1000.0,1000.0,1.0,0.0,16.0,1.0,0.7,0.5,,,,,,,,,,,,,,,,,,,,,,,,,,,,,,,,,,,,,,,,,,,,,,,,,,,,,,,,,,,,,,,,,,,,,,,,,,,,,,,,,,,,,,,,,,,,,,,,,,,,,,,,,,,,,,,,,,,,,,,,,,,,,,,,,,,,,,,,,,,,,,,,,,,,,,
1974,2,303.0,-59.0,,,,,,,,,,,,,,,,,,,,,,,,,,,,,,,,,,,,,,,,10.0,10.0,10.0,10.0,1.0,0.0,16.0,0.0,0.7,1.0,9.4,9.4,9.4,9.4,1.0,0.0,16.0,0.0,0.7,1.0,3.42,3.42,3.42,3.42,1.0,0.0,16.0,0.0,0.7,1.0,1012.7,1012.7,1012.7,1012.7,1.0,0.0,16.0,0.0,0.7,1.0,,,,,,,,,,,,,,,,,,,,,,,,,,,,,,,,,,,,,,,,,,,,,,,,,,,,,,,,,,,,,,,,,,,,,,,,,,,,,,,,,,,,,,,,,,,,,,,,,,,,,,,,,,,,,,,,,,,,,,,,,,,,,,,,,,,,,,,,,,,,,,,,,,,,,,
1974,2,303.0,-58.0,4.63,6.0,7.37,6.0,2.0,2.83,22.0,0.0,0.7,0.7,4.25,4.35,4.45,4.35,2.0,0.21,22.0,0.0,0.7,0.7,4.86,4.86,4.86,4.86,1.0,0.0,28.0,0.0,0.8,0.7,93.9,93.9,93.9,93.9,1.0,0.0,28.0,0.0,0.7,6.83,10.55,14.27,10.55,2.0,7.71,22.0,0.0,0.7,0.7,5.91,9.14,12.36,9.14,2.0,6.67,22.0,0.0,0.7,0.7,-0.88,2.73,6.33,2.73,2.0,7.46,22.0,0.0,0.7,0.7,998.0,998.0,998.0,998.0,1.0,0.0,28.0,0.0,0.8,0.7,1.3,4.0,6.7,4.0,2.0,5.7,22.0,0.0,0.7,0.7,54.1,122.1,190.1,122.1,2.0,140.8,22.0,0.0,0.7,0.7,9.4,57.5,105.6,57.5,2.0,99.7,22.0,0.0,0.7,0.7,0.39,1.65,2.91,1.65,2.0,2.62,22.0,0.0,0.7,0.7,8.0,27.5,47.0,27.5,2.0,40.3,22.0,0.0,0.7,0.7,0.25,0.25,0.25,0.25,1.0,0.0,28.0,0.0,0.8,0.7,1.3,1.3,1.3,1.3,1.0,0.0,28.0,0.0,0.8,0.7,25.5,40.5,55.4,40.5,2.0,31.0,22.0,0.0,0.7,0.7,-3.3,12.6,28.6,12.6,2.0,33.0,22.0,0.0,0.7,0.7,21.5,21.5,21.5,21.5,1.0,0.0,28.0,0.0,0.8,0.7,-12.4,-12.4,-12.4,-12.4,1.0,0.0,28.0,0.0,0.8,0.7,1.1,1.1,1.1,1.1,1.0,0.0,28.0,0.0,0.8,0.7,-0.6,-0.6,-0.6,-0.6,1.0,0.0,28.0,0.0,0.8,0.7,761.5,2114.5,3467.0,2114.5,2.0,2802.5,22.0,0.0,0.7,0.7,760.0,2115.0,3465.0,2115.0,2.0,2805.0,22.0,0.0,0.7,0.7
1974,2,303.0,-56.0,7.5,7.5,7.5,7.5,1.0,0.0,28.0,1.0,0.4,1.0,8.2,8.2,8.2,8.2,1.0,0.0,28.0,1.0,0.4,1.0,6.84,6.84,6.84,6.84,1.0,0.0,28.0,1.0,0.4,1.0,100.0,100.0,100.0,100.0,1.0,0.0,28.0,1.0,1.0,6.86,9.35,11.84,9.35,2.0,5.16,22.0,1.0,0.5,0.6,6.29,8.31,10.32,8.31,2.0,4.17,22.0,1.0,0.5,0.6,-0.61,2.28,5.16,2.28,2.0,5.97,22.0,1.0,0.5,0.6,996.9,996.9,996.9,996.9,1.0,0.0,28.0,1.0,0.4,1.0,8.0,8.0,8.0,8.0,1.0,0.0,16.0,1.0,0.7,0.2,48.9,88.4,128.0,88.4,2.0,81.9,22.0,1.0,0.5,0.6,4.1,36.7,69.3,36.7,2.0,67.6,22.0,1.0,0.5,0.6,-0.7,-0.7,-0.7,-0.7,1.0,0.0,28.0,1.0,0.4,1.0,-4.0,-4.0,-4.0,-4.0,1.0,0.0,28.0,1.0,0.4,1.0,-0.32,-0.32,-0.32,-0.32,1.0,0.0,28.0,1.0,0.4,1.0,-1.8,-1.8,-1.8,-1.8,1.0,0.0,28.0,1.0,0.4,1.0,43.9,43.9,43.9,43.9,1.0,0.0,28.0,1.0,0.4,1.0,-16.0,-16.0,-16.0,-16.0,1.0,0.0,28.0,1.0,0.4,1.0,36.6,36.6,36.6,36.6,1.0,0.0,28.0,1.0,0.4,1.0,-13.3,-13.3,-13.3,-13.3,1.0,0.0,28.0,1.0,0.4,1.0,-1.7,-1.7,-1.7,-1.7,1.0,0.0,28.0,1.0,0.4,1.0,0.6,0.6,0.6,0.6,1.0,0.0,28.0,1.0,0.4,1.0,504.5,1191.0,1877.5,1191.0,2.0,1422.5,22.0,1.0,0.5,0.6,505.0,1190.0,1880.0,1190.0,2.0,1425.0,22.0,1.0,0.5,0.6
1974,2,303.0,-55.0,7.0,7.0,7.0,7.0,1.0,0.0,16.0,0.0,0.6,0.6,6.4,6.4,6.4,6.4,1.0,0.0,16.0,0.0,0.6,0.6,5.63,5.63,5.63,5.63,1.0,0.0,16.0,0.0,0.6,0.6,95.3,95.3,95.3,95.3,1.0,0.0,16.0,0.0,0.6,5.77,8.3,10.83,8.3,2.0,5.23,16.0,0.5,0.6,0.6,4.81,6.59,8.37,6.59,2.0,3.68,16.0,0.5,0.6,0.6,3.16,5.01,6.85,5.01,2.0,3.83,16.0,0.5,0.6,0.6,1016.39,1017.65,1018.91,1017.65,2.0,2.62,16.0,0.5,0.6,0.6,8.0,8.0,8.0,8.0,2.0,0.0,16.0,0.5,0.6,0.6,32.9,64.3,95.7,64.3,2.0,65.0,16.0,0.5,0.6,0.6,23.6,51.6,79.6,51.6,2.0,58.0,16.0,0.5,0.6,0.6,0.6,0.6,0.6,0.6,1.0,0.0,16.0,0.0,0.6,0.6,2.8,2.8,2.8,2.8,1.0,0.0,16.0,0.0,0.6,0.6,0.53,0.53,0.53,0.53,1.0,0.0,16.0,0.0,0.6,0.6,2.4,2.4,2.4,2.4,1.0,0.0,16.0,0.0,0.6,0.6,25.5,25.5,25.5,25.5,1.0,0.0,16.0,0.0,0.6,0.6,14.7,14.7,14.7,14.7,1.0,0.0,16.0,0.0,0.6,0.6,22.4,22.4,22.4,22.4,1.0,0.0,16.0,0.0,0.6,0.6,13.0,13.0,13.0,13.0,1.0,0.0,16.0,0.0,0.6,0.6,2.1,2.1,2.1,2.1,1.0,0.0,16.0,0.0,0.6,0.6,1.2,1.2,1.2,1.2,1.0,0.0,16.0,0.0,0.6,0.6,356.0,912.5,1469.0,912.5,2.0,1153.0,16.0,0.5,0.6,0.6,355.0,915.0,1470.0,915.0,2.0,1155.0,16.0,0.5,0.6,0.6
1974,2,303.0,-54.0,7.52,8.0,8.07,7.8,3.0,0.44,16.0,0.7,0.5,0.6,7.59,8.0,8.14,7.87,3.0,0.42,16.0,0.7,0.5,0.6,5.68,6.04,6.16,5.92,3.0,0.36,16.0,0.7,0.5,0.6,88.5,91.5,92.4,90.5,3.0,3.0,16.0,0.7,0.6,6.1,8.75,14.33,10.15,4.0,5.65,16.0,0.5,0.5,0.6,5.48,6.43,9.21,7.3,4.0,2.95,16.0,0.5,0.5,0.6,2.63,5.75,10.98,6.76,4.0,5.35,16.0,0.5,0.5,0.6,1016.36,1018.5,1018.6,1017.53,4.0,2.02,16.0,0.5,0.5,0.6,1.9,4.5,6.6,4.3,4.0,3.3,16.0,0.5,0.5,0.6,34.2,56.5,141.6,86.4,4.0,83.2,16.0,0.5,0.5,0.6,17.0,53.6,168.7,91.1,4.0,109.2,16.0,0.5,0.5,0.6,-0.1,-0.1,-0.03,-0.07,3.0,0.06,16.0,0.7,0.5,0.6,-0.9,-0.7,-0.2,-0.6,3.0,0.5,16.0,0.7,0.5,0.6,0.48,0.56,0.71,0.59,3.0,0.17,16.0,0.7,0.5,0.6,3.0,3.2,6.5,4.7,3.0,2.9,16.0,0.7,0.5,0.6,41.7,49.0,50.5,46.2,3.0,6.9,16.0,0.7,0.5,0.6,18.9,29.5,49.2,34.0,3.0,22.5,16.0,0.7,0.5,0.6,31.4,36.5,38.0,34.7,3.0,5.1,16.0,0.7,0.5,0.6,14.3,22.4,36.8,25.5,3.0,16.7,16.0,0.7,0.5,0.6,2.7,2.7,4.4,3.5,3.0,1.4,16.0,0.7,0.5,0.6,1.2,1.6,4.7,2.9,3.0,2.8,16.0,0.7,0.5,0.6,247.0,733.0,3575.5,1857.5,4.0,2681.0,16.0,0.5,0.5,0.6,245.0,735.0,3575.0,1860.0,4.0,2680.0,16.0,0.5,0.5,0.6
1974,2,303.0,-53.0,7.9,8.25,9.29,8.58,4.0,0.99,10.0,0.5,0.5,0.7,6.79,7.1,8.77,7.75,4.0,1.65,10.0,0.5,0.5,0.7,4.43,4.43,4.43,4.43,1.0,0.0,10.0,1.0,0.8,0.5,71.1,72.5,73.9,72.5,2.0,2.9,10.0,0.5,0.7,3.79,10.55,18.1,10.93,4.0,8.39,10.0,0.5,0.5,0.7,1.9,8.2,14.62,8.26,4.0,7.35,10.0,0.5,0.5,0.7,-3.12,3.33,8.84,2.88,4.0,8.58,10.0,0.5,0.5,0.7,989.18,1013.0,1022.08,1005.8,3.0,24.89,10.0,0.7,0.6,0.6,2.9,7.0,7.7,5.3,3.0,3.8,12.0,0.3,0.5,0.5,8.0,117.4,266.1,136.1,4.0,151.8,10.0,0.5,0.5,0.7,-64.3,14.2,145.4,39.4,4.0,160.0,10.0,0.5,0.5,0.7,0.28,1.0,1.36,0.83,4.0,0.74,10.0,0.5,0.5,0.7,0.2,5.0,11.3,5.7,4.0,7.9,10.0,0.5,0.5,0.7,2.03,2.03,2.03,2.03,1.0,0.0,10.0,1.0,0.8,0.5,10.4,10.4,10.4,10.4,1.0,0.0,10.0,1.0,0.8,0.5,12.8,63.6,126.6,69.4,4.0,66.5,10.0,0.5,0.5,0.7,-35.2,22.5,62.4,14.0,4.0,72.0,10.0,0.5,0.5,0.7,11.3,11.3,11.3,11.3,1.0,0.0,10.0,1.0,0.8,0.5,19.6,19.6,19.6,19.6,1.0,0.0,10.0,1.0,0.8,0.5,5.2,5.2,5.2,5.2,1.0,0.0,10.0,1.0,0.8,0.5,9.0,9.0,9.0,9.0,1.0,0.0,10.0,1.0,0.8,0.5,72.5,2114.5,6141.5,3061.5,4.0,3799.0,10.0,0.5,0.5,0.7,70.0,2115.0,6140.0,3060.0,4.0,3800.0,10.0,0.5,0.5,0.7
1974,2,303.0,-52.0,,,,,,,,,,,,,,,,,,,,,,,,,,,,,,,,,,,,,,,,14.54,20.0,21.37,18.0,3.0,5.29,16.0,0.7,0.7,0.7,0.39,14.14,14.95,7.82,3.0,11.98,16.0,0.7,0.7,0.7,11.17,12.86,15.58,13.37,3.0,3.26,16.0,0.7,0.7,0.7,1012.56,1014.2,1014.4,1013.5,3.0,1.48,16.0,0.7,0.7,0.7,,,,,,,,,,,,,,,,,,,,,,,,,,,,,,,,,,,,,,,,,,,,,,,,,,,,,,,,,,,,,,,,,,,,,,,,,,,,,,,,,,,,,,,,,,,,,,,,,,,,,,,,,,,,,,,,,,,,,,,,,,,,,,,,,,,,,,,,,,,,,,,,,,,,,,
1974,2,303.0,-51.0,,,,,,,,,,,,,,,,,,,,,,,,,,,,,,,,,,,,,,,,7.38,12.5,17.62,12.5,2.0,10.61,18.0,0.0,1.0,0.6,6.64,10.16,13.68,10.16,2.0,7.3,18.0,0.0,1.0,0.6,2.04,6.43,10.82,6.43,2.0,9.09,18.0,0.0,1.0,0.6,1013.84,1014.15,1014.46,1014.15,2.0,0.64,18.0,0.0,1.0,0.6,,,,,,,,,,,,,,,,,,,,,,,,,,,,,,,,,,,,,,,,,,,,,,,,,,,,,,,,,,,,,,,,,,,,,,,,,,,,,,,,,,,,,,,,,,,,,,,,,,,,,,,,,,,,,,,,,,,,,,,,,,,,,,,,,,,,,,,,,,,,,,,,,,,,,,
1974,2,303.0,-48.0,,,,,,,,,,,,,,,,,,,,,,,,,,,,,,,,,,,,,,,,5.1,5.1,5.1,5.1,1.0,0.0,10.0,1.0,0.1,1.0,5.02,5.02,5.02,5.02,1.0,0.0,10.0,1.0,0.1,1.0,0.89,0.89,0.89,0.89,1.0,0.0,10.0,1.0,0.1,1.0,1028.6,1028.6,1028.6,1028.6,1.0,0.0,10.0,1.0,0.1,1.0,,,,,,,,,,,,,,,,,,,,,,,,,,,,,,,,,,,,,,,,,,,,,,,,,,,,,,,,,,,,,,,,,,,,,,,,,,,,,,,,,,,,,,,,,,,,,,,,,,,,,,,,,,,,,,,,,,,,,,,,,,,,,,,,,,,,,,,,,,,,,,,,,,,,,,
1974,2,303.0,-47.0,14.2,14.2,14.2,14.2,1.0,0.0,20.0,0.0,0.9,0.1,13.1,13.1,13.1,13.1,1.0,0.0,20.0,0.0,0.9,0.1,8.39,8.39,8.39,8.39,1.0,0.0,20.0,0.0,0.9,0.1,90.0,90.0,90.0,90.0,1.0,0.0,20.0,0.0,0.1,4.6,4.6,4.6,4.6,1.0,0.0,20.0,0.0,0.9,0.1,-2.3,-2.3,-2.3,-2.3,1.0,0.0,20.0,0.0,0.9,0.1,3.98,3.98,3.98,3.98,1.0,0.0,20.0,0.0,0.9,0.1,1015.2,1015.2,1015.2,1015.2,1.0,0.0,20.0,0.0,0.9,0.1,8.0,8.0,8.0,8.0,1.0,0.0,20.0,0.0,0.9,0.1,-10.6,-10.6,-10.6,-10.6,1.0,0.0,20.0,0.0,0.9,0.1,18.3,18.3,18.3,18.3,1.0,0.0,20.0,0.0,0.9,0.1,1.1,1.1,1.1,1.1,1.0,0.0,20.0,0.0,0.9,0.1,5.1,5.1,5.1,5.1,1.0,0.0,20.0,0.0,0.9,0.1,1.63,1.63,1.63,1.63,1.0,0.0,20.0,0.0,0.9,0.1,7.5,7.5,7.5,7.5,1.0,0.0,20.0,0.0,0.9,0.1,-30.1,-30.1,-30.1,-30.1,1.0,0.0,20.0,0.0,0.9,0.1,52.2,52.2,52.2,52.2,1.0,0.0,20.0,0.0,0.9,0.1,-19.3,-19.3,-19.3,-19.3,1.0,0.0,20.0,0.0,0.9,0.1,33.4,33.4,33.4,33.4,1.0,0.0,20.0,0.0,0.9,0.1,-3.8,-3.8,-3.8,-3.8,1.0,0.0,20.0,0.0,0.9,0.1,6.5,6.5,6.5,6.5,1.0,0.0,20.0,0.0,0.9,0.1,97.5,97.5,97.5,97.5,1.0,0.0,20.0,0.0,0.9,0.1,95.0,95.0,95.0,95.0,1.0,0.0,20.0,0.0,0.9,0.1
1974,2,303.0,-46.0,12.9,12.9,12.9,12.9,1.0,0.0,10.0,1.0,0.2,0.1,11.8,11.8,11.8,11.8,1.0,0.0,10.0,1.0,0.2,0.1,8.02,8.02,8.02,8.02,1.0,0.0,10.0,1.0,0.2,0.1,94.8,94.8,94.8,94.8,1.0,0.0,10.0,1.0,0.1,5.1,5.1,5.1,5.1,1.0,0.0,10.0,1.0,0.2,0.1,5.02,5.02,5.02,5.02,1.0,0.0,10.0,1.0,0.2,0.1,0.89,0.89,0.89,0.89,1.0,0.0,10.0,1.0,0.2,0.1,1026.6,1026.6,1026.6,1026.6,1.0,0.0,10.0,1.0,0.2,0.1,3.0,3.0,3.0,3.0,1.0,0.0,10.0,1.0,0.2,0.1,25.6,25.6,25.6,25.6,1.0,0.0,10.0,1.0,0.2,0.1,4.5,4.5,4.5,4.5,1.0,0.0,10.0,1.0,0.2,0.1,1.1,1.1,1.1,1.1,1.0,0.0,10.0,1.0,0.2,0.1,5.6,5.6,5.6,5.6,1.0,0.0,10.0,1.0,0.2,0.1,1.08,1.08,1.08,1.08,1.0,0.0,10.0,1.0,0.2,0.1,5.5,5.5,5.5,5.5,1.0,0.0,10.0,1.0,0.2,0.1,59.3,59.3,59.3,59.3,1.0,0.0,10.0,1.0,0.2,0.1,10.5,10.5,10.5,10.5,1.0,0.0,10.0,1.0,0.2,0.1,40.3,40.3,40.3,40.3,1.0,0.0,10.0,1.0,0.2,0.1,7.1,7.1,7.1,7.1,1.0,0.0,10.0,1.0,0.2,0.1,5.4,5.4,5.4,5.4,1.0,0.0,10.0,1.0,0.2,0.1,1.0,1.0,1.0,1.0,1.0,0.0,10.0,1.0,0.2,0.1,132.5,132.5,132.5,132.5,1.0,0.0,10.0,1.0,0.2,0.1,135.0,135.0,135.0,135.0,1.0,0.0,10.0,1.0,0.2,0.1
1974,2,303.0,-45.0,13.18,14.0,14.68,13.93,3.0,1.1,12.0,0.7,0.4,0.4,13.63,15.0,16.5,15.07,3.0,2.1,12.0,0.7,0.4,0.4,8.17,9.49,11.06,9.62,3.0,2.12,12.0,0.7,0.4,0.4,85.0,90.2,93.5,89.2,3.0,6.3,12.0,0.7,0.4,5.1,5.1,11.11,8.03,3.0,5.08,12.0,0.7,0.4,0.4,-3.53,-0.89,1.46,-1.03,3.0,3.65,12.0,0.7,0.4,0.4,-7.51,4.42,4.83,-1.21,3.0,10.27,12.0,0.7,0.4,0.4,1001.66,1017.7,1022.89,1012.4,3.0,16.21,12.0,0.7,0.4,0.4,3.6,7.0,7.0,5.3,3.0,2.9,12.0,0.7,0.4,0.4,-46.5,-4.5,7.4,-19.2,3.0,41.5,12.0,0.7,0.4,0.4,-116.8,22.5,24.6,-44.5,3.0,118.7,12.0,0.7,0.4,0.4,-3.0,0.0,0.68,-1.13,3.0,2.87,12.0,0.7,0.4,0.4,-41.7,0.0,3.5,-18.7,3.0,36.9,12.0,0.7,0.4,0.4,-1.35,1.04,1.85,0.27,3.0,2.44,12.0,0.7,0.4,0.4,-21.7,5.3,9.5,-5.8,3.0,24.8,12.0,0.7,0.4,0.4,-60.0,-13.3,18.4,-20.6,3.0,57.8,12.0,0.7,0.4,0.4,-135.1,57.4,69.6,-30.6,3.0,168.3,12.0,0.7,0.4,0.4,-41.0,-8.4,10.5,-15.1,3.0,38.1,12.0,0.7,0.4,0.4,-94.6,33.4,43.1,-24.3,3.0,112.6,12.0,0.7,0.4,0.4,1.2,5.7,9.8,5.5,3.0,6.3,12.0,0.7,0.4,0.4,6.7,9.8,25.1,15.7,3.0,14.4,12.0,0.7,0.4,0.4,132.5,132.5,1875.5,983.5,3.0,1474.0,12.0,0.7,0.4,0.4,135.0,135.0,1875.0,985.0,3.0,1475.0,12.0,0.7,0.4,0.4
1974,2,303.0,-44.0,14.1,14.1,14.1,14.1,1.0,0.0,10.0,0.0,0.4,0.3,11.94,14.4,16.86,14.4,2.0,5.09,14.0,0.5,0.4,0.5,7.77,8.73,9.69,8.73,2.0,1.99,14.0,0.5,0.4,0.5,81.9,86.1,90.3,86.1,2.0,8.7,14.0,0.5,0.5,0.81,2.55,4.29,2.55,2.0,3.61,14.0,0.5,0.4,0.5,0.4,1.28,2.15,1.28,2.0,1.8,14.0,0.5,0.4,0.5,0.7,2.21,3.72,2.21,2.0,3.12,14.0,0.5,0.4,0.5,1023.11,1023.35,1023.59,1023.35,2.0,0.49,14.0,0.5,0.4,0.5,2.5,3.5,4.5,3.5,2.0,2.1,14.0,0.5,0.4,0.5,2.1,6.5,10.9,6.5,2.0,9.2,14.0,0.5,0.4,0.5,3.6,11.3,19.0,11.3,2.0,15.9,14.0,0.5,0.4,0.5,3.3,3.3,3.3,3.3,1.0,0.0,10.0,0.0,0.4,0.3,16.8,16.8,16.8,16.8,1.0,0.0,10.0,0.0,0.4,0.3,2.55,2.55,2.55,2.55,1.0,0.0,10.0,0.0,0.4,0.3,13.0,13.0,13.0,13.0,1.0,0.0,10.0,0.0,0.4,0.3,4.4,13.8,23.2,13.8,2.0,19.5,14.0,0.5,0.4,0.5,7.6,23.9,40.1,23.9,2.0,33.7,14.0,0.5,0.4,0.5,3.0,9.3,15.7,9.3,2.0,13.2,14.0,0.5,0.4,0.5,5.1,16.2,27.2,16.2,2.0,22.9,14.0,0.5,0.4,0.5,6.5,6.5,6.5,6.5,1.0,0.0,10.0,0.0,0.4,0.3,11.3,11.3,11.3,11.3,1.0,0.0,10.0,0.0,0.4,0.3,21.0,66.5,111.5,66.5,2.0,94.0,14.0,0.5,0.4,0.5,20.0,65.0,110.0,65.0,2.0,95.0,14.0,0.5,0.4,0.5
1974,2,303.0,-43.0,,,,,,,,,,,,,,,,,,,,,,,,,,,,,,,,,,,,,,,,13.4,13.4,13.4,13.4,1.0,0.0,8.0,1.0,0.5,0.3,4.58,4.58,4.58,4.58,1.0,0.0,8.0,1.0,0.5,0.3,12.59,12.59,12.59,12.59,1.0,0.0,8.0,1.0,0.5,0.3,1021.1,1021.1,1021.1,1021.1,1.0,0.0,8.0,1.0,0.5,0.3,,,,,,,,,,,,,,,,,,,,,,,,,,,,,,,,,,,,,,,,,,,,,,,,,,,,,,,,,,,,,,,,,,,,,,,,,,,,,,,,,,,,,,,,,,,,,,,,,,,,,,,,,,,,,,,,,,,,,,,,,,,,,,,,,,,,,,,,,,,,,,,,,,,,,,
1974,2,303.0,-42.0,12.83,13.55,14.21,13.55,6.0,0.95,12.0,0.7,0.5,0.5,11.5,15.0,16.0,14.44,7.0,2.34,10.0,0.7,0.5,0.5,7.3,7.31,7.33,7.31,3.0,0.02,8.0,0.7,0.4,0.5,75.6,87.5,87.5,81.7,3.0,10.0,8.0,0.7,0.5,3.61,7.5,12.48,8.23,6.0,5.35,12.0,0.7,0.4,0.5,-3.09,1.89,7.52,1.74,6.0,6.14,12.0,0.7,0.4,0.5,-1.07,3.06,9.91,4.23,6.0,6.87,12.0,0.7,0.4,0.5,1015.39,1015.8,1027.93,1018.81,7.0,7.03,10.0,0.7,0.5,0.5,2.0,3.0,6.1,4.1,7.0,2.5,10.0,0.7,0.5,0.5,-14.5,18.4,95.0,34.8,6.0,70.0,12.0,0.7,0.4,0.5,-3.7,24.5,129.3,63.6,6.0,100.6,12.0,0.7,0.4,0.5,-2.7,-0.1,0.93,-0.8,6.0,2.42,12.0,0.7,0.5,0.5,-4.0,0.0,16.2,5.7,5.0,15.1,12.0,0.6,0.4,0.5,1.55,1.78,2.01,1.78,2.0,0.47,8.0,0.5,0.5,0.6,19.4,26.1,32.8,26.1,2.0,13.8,8.0,0.5,0.5,0.6,-45.1,27.7,86.5,17.7,6.0,79.9,12.0,0.7,0.4,0.5,-16.7,46.0,114.0,49.3,6.0,84.9,12.0,0.7,0.4,0.5,6.6,53.1,59.4,33.5,3.0,42.3,8.0,0.7,0.4,0.5,18.3,63.3,93.8,56.2,3.0,55.6,8.0,0.7,0.4,0.5,11.7,14.2,16.8,14.2,2.0,5.3,8.0,0.5,0.5,0.6,15.5,21.8,28.1,21.8,2.0,13.1,8.0,0.5,0.5,0.6,52.5,427.5,2159.5,1214.0,6.0,1884.5,12.0,0.7,0.4,0.5,55.0,430.0,2160.0,1215.0,6.0,1885.0,12.0,0.7,0.4,0.5
1974,2,303.0,-41.0,13.86,14.0,14.68,14.27,3.0,0.64,12.0,0.3,0.5,0.7,13.1,15.8,17.67,15.4,4.0,2.78,10.0,0.5,0.6,0.7,7.96,9.56,10.62,9.29,3.0,1.96,10.0,0.7,0.7,0.7,76.5,83.0,88.0,82.3,3.0,8.4,10.0,0.7,0.7,4.69,8.15,10.87,7.8,4.0,4.09,10.0,0.5,0.6,0.7,2.32,6.63,8.56,5.49,4.0,4.27,10.0,0.5,0.6,0.7,-0.57,3.06,7.08,3.24,4.0,5.04,10.0,0.5,0.6,0.7,1002.9,1010.9,1021.47,1012.13,4.0,13.55,10.0,0.5,0.6,0.7,3.5,4.5,6.6,5.0,4.0,2.2,10.0,0.5,0.6,0.7,17.3,61.4,91.5,54.7,4.0,45.3,10.0,0.5,0.6,0.7,3.7,23.3,75.7,38.9,4.0,53.6,10.0,0.5,0.6,0.7,-2.03,0.7,1.45,-0.27,3.0,2.68,12.0,0.3,0.5,0.7,-4.3,4.9,16.7,6.2,3.0,15.4,12.0,0.3,0.5,0.7,-0.57,0.71,1.99,0.71,2.0,2.65,14.0,0.5,0.5,0.7,2.5,14.4,26.2,14.4,2.0,24.6,14.0,0.5,0.5,0.7,32.4,85.8,131.5,82.2,4.0,71.0,10.0,0.5,0.6,0.7,-9.4,46.7,89.9,40.5,4.0,66.2,10.0,0.5,0.6,0.7,14.7,57.0,77.9,46.5,3.0,47.2,10.0,0.7,0.7,0.7,-14.5,15.4,51.3,18.3,3.0,48.2,10.0,0.7,0.7,0.7,3.7,10.5,17.3,10.5,2.0,14.1,14.0,0.5,0.5,0.7,6.4,13.6,20.9,13.6,2.0,15.1,14.0,0.5,0.5,0.7,172.5,573.5,1358.0,756.5,4.0,804.0,10.0,0.5,0.6,0.7,175.0,575.0,1360.0,755.0,4.0,805.0,10.0,0.5,0.6,0.7
1974,2,303.0,-40.0,17.12,17.15,17.18,17.15,2.0,0.07,18.0,0.5,0.7,0.3,17.73,18.45,19.17,18.45,2.0,1.48,16.0,0.5,0.6,0.3,11.77,12.28,12.78,12.28,2.0,1.04,16.0,0.5,0.6,0.3,91.5,92.4,93.4,92.4,2.0,2.0,16.0,0.5,0.3,6.75,10.3,16.24,11.47,3.0,7.02,12.0,0.7,0.6,0.2,-0.67,1.74,8.89,4.06,3.0,7.28,12.0,0.7,0.6,0.2,-8.45,-4.79,8.41,-0.13,3.0,12.99,12.0,0.7,0.6,0.2,1000.95,1007.3,1013.51,1007.23,3.0,9.2,12.0,0.7,0.6,0.2,7.3,8.0,8.0,7.7,3.0,0.6,12.0,0.7,0.6,0.2,-9.8,8.9,161.2,74.2,3.0,137.4,12.0,0.7,0.6,0.2,-79.1,-24.4,181.0,49.2,3.0,200.9,12.0,0.7,0.6,0.2,-0.3,-0.3,-0.3,-0.3,1.0,0.0,28.0,0.0,0.9,0.5,-3.1,-3.1,-3.1,-3.1,1.0,0.0,28.0,0.0,0.9,0.5,0.53,0.53,0.53,0.53,1.0,0.0,28.0,0.0,0.9,0.5,5.4,5.4,5.4,5.4,1.0,0.0,28.0,0.0,0.9,0.5,-20.8,1.4,23.7,1.4,2.0,46.1,16.0,0.5,0.6,0.3,-163.3,-135.0,-106.6,-135.0,2.0,58.7,16.0,0.5,0.6,0.3,-13.8,1.0,15.8,1.0,2.0,30.6,16.0,0.5,0.6,0.3,-108.4,-89.7,-71.1,-89.7,2.0,38.7,16.0,0.5,0.6,0.3,-0.9,-0.9,-0.9,-0.9,1.0,0.0,28.0,0.0,0.9,0.5,-5.4,-5.4,-5.4,-5.4,1.0,0.0,28.0,0.0,0.9,0.5,437.5,1092.5,5029.0,2695.0,3.0,3638.0,12.0,0.7,0.6,0.2,435.0,1095.0,5030.0,2695.0,3.0,3640.0,12.0,0.7,0.6,0.2
1974,2,303.0,-39.0,17.63,17.9,18.17,17.9,2.0,0.57,18.0,1.0,0.4,0.2,16.43,17.15,17.87,17.15,2.0,1.48,18.0,1.0,0.4,0.2,11.09,11.09,11.09,11.09,1.0,0.0,28.0,1.0,0.3,0.3,98.1,98.1,98.1,98.1,1.0,0.0,28.0,1.0,0.3,7.27,8.5,9.73,8.5,2.0,2.55,18.0,1.0,0.4,0.2,4.23,6.14,8.04,6.14,2.0,3.94,18.0,1.0,0.4,0.2,-4.06,-0.33,3.41,-0.33,2.0,7.74,18.0,1.0,0.4,0.2,1007.73,1011.65,1015.58,1011.65,2.0,8.13,18.0,1.0,0.4,0.2,3.0,5.0,7.0,5.0,2.0,4.2,18.0,1.0,0.4,0.2,33.5,57.2,80.9,57.2,2.0,49.1,18.0,1.0,0.4,0.2,-24.3,7.1,38.5,7.1,2.0,65.0,18.0,1.0,0.4,0.2,-0.24,0.75,1.74,0.75,2.0,2.05,18.0,1.0,0.4,0.2,-0.3,9.0,18.3,9.0,2.0,19.3,18.0,1.0,0.4,0.2,1.92,1.92,1.92,1.92,1.0,0.0,28.0,1.0,0.3,0.3,19.8,19.8,19.8,19.8,1.0,0.0,28.0,1.0,0.3,0.3,74.1,102.3,130.5,102.3,2.0,58.4,18.0,1.0,0.4,0.2,-75.7,-11.3,53.0,-11.3,2.0,133.3,18.0,1.0,0.4,0.2,98.9,98.9,98.9,98.9,1.0,0.0,28.0,1.0,0.3,0.3,57.1,57.1,57.1,57.1,1.0,0.0,28.0,1.0,0.3,0.3,17.1,17.1,17.1,17.1,1.0,0.0,28.0,1.0,0.3,0.3,9.9,9.9,9.9,9.9,1.0,0.0,28.0,1.0,0.3,0.3,426.5,696.5,967.0,696.5,2.0,560.0,18.0,1.0,0.4,0.2,425.0,695.0,965.0,695.0,2.0,560.0,18.0,1.0,0.4,0.2
1974,2,303.0,-38.0,18.0,20.0,22.0,19.93,14.0,2.05,14.0,0.7,0.4,0.7,17.09,20.55,22.94,20.31,14.0,2.31,14.0,0.7,0.4,0.7,8.16,12.11,13.79,11.37,13.0,2.66,12.0,0.8,0.4,0.7,68.1,82.5,83.7,75.6,14.0,14.8,14.0,0.7,0.7,3.8,4.1,9.59,5.93,13.0,3.89,14.0,0.8,0.4,0.7,-4.85,0.0,1.64,-1.06,13.0,5.16,14.0,0.8,0.4,0.7,-4.48,0.0,0.61,-2.06,13.0,4.56,14.0,0.8,0.4,0.7,1003.71,1016.6,1018.39,1012.98,13.0,7.75,12.0,0.8,0.4,0.7,1.3,7.0,8.0,5.6,14.0,3.0,14.0,0.7,0.4,0.7,-43.4,0.0,6.7,-11.6,13.0,52.4,14.0,0.8,0.4,0.7,-22.4,0.0,1.5,-20.5,13.0,49.2,14.0,0.8,0.4,0.7,-2.47,-0.3,1.0,-0.38,14.0,2.09,14.0,0.7,0.4,0.7,-10.4,-1.3,4.6,-0.4,13.0,12.5,14.0,0.8,0.4,0.7,0.66,2.62,7.14,3.34,13.0,3.36,12.0,0.8,0.4,0.7,3.1,11.0,45.1,22.2,12.0,27.7,14.0,0.8,0.4,0.7,-103.4,0.0,33.5,-20.7,13.0,94.7,14.0,0.8,0.4,0.7,-102.2,0.0,11.0,-47.2,13.0,96.1,14.0,0.8,0.4,0.7,-62.3,-6.4,12.2,-19.3,12.0,49.6,14.0,0.8,0.4,0.7,-71.4,-9.8,9.3,-24.5,12.0,48.8,14.0,0.8,0.4,0.7,-18.3,-1.9,1.5,-7.6,12.0,15.5,14.0,0.8,0.4,0.7,-16.4,0.0,2.8,-10.6,12.0,29.6,14.0,0.8,0.4,0.7,62.5,69.0,905.5,487.0,13.0,730.5,14.0,0.8,0.4,0.7,60.0,70.0,905.0,485.0,13.0,730.0,14.0,0.8,0.4,0.7
1974,2,303.0,-37.0,19.0,19.5,22.99,20.53,20.0,2.4,16.0,0.4,0.5,0.7,19.0,22.0,25.0,21.83,19.0,2.86,16.0,0.4,0.5,0.7,11.0,12.2,15.44,12.63,19.0,2.49,16.0,0.4,0.5,0.7,64.4,80.9,87.9,77.1,19.0,10.7,16.0,0.4,0.7,2.62,4.1,6.7,5.04,20.0,2.58,16.0,0.4,0.5,0.7,-4.1,-2.45,1.16,-2.05,20.0,3.85,16.0,0.4,0.5,0.7,-5.78,-0.36,0.63,-1.4,20.0,3.47,16.0,0.4,0.5,0.7,1010.21,1014.3,1017.0,1013.26,20.0,4.89,16.0,0.4,0.5,0.7,1.0,3.0,8.0,4.0,20.0,2.9,16.0,0.4,0.5,0.7,-22.4,-9.8,7.8,-16.1,20.0,36.5,16.0,0.4,0.5,0.7,-38.5,-1.5,0.6,-9.0,20.0,24.0,16.0,0.4,0.5,0.7,-3.43,0.0,1.0,-1.16,19.0,2.94,16.0,0.4,0.5,0.7,-14.1,0.0,4.5,-4.8,19.0,12.1,16.0,0.4,0.5,0.7,0.84,2.76,4.35,2.67,19.0,2.69,16.0,0.4,0.5,0.7,3.5,9.7,29.5,13.7,19.0,14.7,16.0,0.4,0.5,0.7,-106.8,-49.4,30.5,-42.7,19.0,87.6,16.0,0.4,0.5,0.7,-108.1,0.0,19.9,-29.5,19.0,75.3,16.0,0.4,0.5,0.7,-59.0,-28.0,19.7,-27.5,19.0,53.2,16.0,0.4,0.5,0.7,-65.2,0.0,11.6,-19.1,19.0,43.6,16.0,0.4,0.5,0.7,-16.6,-0.6,6.7,-4.4,19.0,13.0,16.0,0.4,0.5,0.7,-9.8,0.0,8.2,-1.3,19.0,15.0,16.0,0.4,0.5,0.7,18.5,69.0,301.0,242.0,20.0,425.0,16.0,0.4,0.5,0.7,20.0,70.0,300.0,240.0,20.0,425.0,16.0,0.4,0.5,0.7
1974,2,303.0,-36.0,19.33,22.5,24.78,22.13,8.0,2.53,18.0,0.3,0.6,0.6,18.67,21.5,23.78,21.06,8.0,2.48,18.0,0.3,0.6,0.6,10.4,13.07,15.04,12.76,8.0,2.2,18.0,0.3,0.6,0.6,75.8,80.4,90.8,81.8,8.0,8.2,18.0,0.3,0.6,2.48,4.1,4.2,3.39,7.0,1.92,20.0,0.1,0.7,0.6,-4.1,-2.44,-1.34,-2.53,7.0,1.61,20.0,0.1,0.7,0.6,-1.07,0.0,2.08,0.03,7.0,2.65,20.0,0.1,0.7,0.6,1006.02,1016.9,1021.38,1015.03,8.0,6.96,18.0,0.3,0.6,0.6,0.0,3.0,7.8,3.5,8.0,3.5,18.0,0.3,0.6,0.6,-17.2,-6.4,-4.1,-10.7,7.0,8.8,20.0,0.1,0.7,0.6,-3.6,0.0,5.7,-1.5,7.0,13.7,20.0,0.1,0.7,0.6,1.0,1.0,1.89,1.06,8.0,1.52,18.0,0.3,0.6,0.6,-0.2,4.1,6.6,3.7,7.0,6.0,20.0,0.1,0.7,0.6,2.52,3.9,6.05,3.96,8.0,2.2,18.0,0.3,0.6,0.6,0.0,14.4,26.7,15.4,7.0,12.1,20.0,0.1,0.7,0.6,-95.8,-51.3,-24.7,-54.0,7.0,36.4,20.0,0.1,0.7,0.6,-23.2,0.0,45.1,-2.5,7.0,58.2,20.0,0.1,0.7,0.6,-52.9,-33.2,-13.6,-31.4,7.0,21.6,20.0,0.1,0.7,0.6,-15.0,0.0,25.3,-3.1,7.0,35.6,20.0,0.1,0.7,0.6,-17.6,-8.7,0.0,-11.0,7.0,10.1,20.0,0.1,0.7,0.6,-1.0,0.0,10.7,1.9,7.0,13.3,20.0,0.1,0.7,0.6,16.5,69.0,77.0,68.5,7.0,80.5,20.0,0.1,0.7,0.6,15.0,70.0,75.0,70.0,7.0,80.0,20.0,0.1,0.7,0.6
1974,2,303.0,7.0,26.0,27.0,27.41,26.84,11.0,0.74,12.0,0.5,0.6,0.5,25.35,26.0,27.24,26.24,11.0,1.34,12.0,0.5,0.6,0.5,15.91,17.91,18.16,17.4,11.0,1.43,12.0,0.5,0.6,0.5,79.2,81.2,84.6,81.6,11.0,2.6,12.0,0.5,0.5,4.69,5.1,7.41,5.83,11.0,1.68,12.0,0.5,0.6,0.5,-6.21,-4.63,-3.03,-4.52,11.0,1.54,12.0,0.5,0.6,0.5,-5.18,-3.28,-1.28,-2.99,11.0,2.34,12.0,0.5,0.6,0.5,1009.09,1011.8,1013.67,1011.66,11.0,2.68,12.0,0.5,0.6,0.5,1.6,3.0,6.0,3.7,11.0,2.1,12.0,0.5,0.6,0.5,-46.8,-25.6,-13.3,-28.4,11.0,16.4,12.0,0.5,0.6,0.5,-38.8,-16.7,-4.7,-18.4,11.0,18.6,12.0,0.5,0.6,0.5,-0.38,0.2,1.29,0.6,11.0,1.22,12.0,0.5,0.6,0.5,-1.9,1.1,7.2,3.8,11.0,8.1,12.0,0.5,0.6,0.5,3.46,4.4,6.02,4.73,11.0,1.28,12.0,0.5,0.6,0.5,19.8,25.1,36.5,27.9,11.0,11.6,12.0,0.5,0.6,0.5,-166.3,-108.8,-79.7,-119.1,11.0,43.1,12.0,0.5,0.6,0.5,-131.7,-89.5,-33.9,-78.7,11.0,61.5,12.0,0.5,0.6,0.5,-108.4,-70.1,-54.3,-79.3,11.0,30.0,12.0,0.5,0.6,0.5,-85.9,-57.3,-22.8,-52.5,11.0,41.0,12.0,0.5,0.6,0.5,-31.0,-19.9,-13.8,-21.1,11.0,8.3,12.0,0.5,0.6,0.5,-24.2,-17.5,-4.1,-15.3,11.0,13.3,12.0,0.5,0.6,0.5,106.5,132.5,407.5,243.5,11.0,195.0,12.0,0.5,0.6,0.5,105.0,135.0,410.0,245.0,11.0,195.0,12.0,0.5,0.6,0.5
1974,2,303.0,8.0,26.5,26.95,28.32,27.23,8.0,0.95,18.0,0.4,0.6,0.4,25.63,26.0,26.25,26.01,9.0,0.99,16.0,0.3,0.6,0.4,15.78,16.48,17.59,16.51,7.0,1.32,18.0,0.4,0.6,0.4,75.5,77.5,81.1,78.5,7.0,3.1,18.0,0.4,0.4,7.33,9.3,10.03,8.76,9.0,1.53,16.0,0.3,0.6,0.4,-8.75,-6.3,-5.9,-6.91,9.0,1.76,16.0,0.3,0.6,0.4,-7.8,-4.95,-0.48,-3.93,9.0,3.79,16.0,0.3,0.6,0.4,1009.8,1011.2,1012.2,1011.12,9.0,1.64,16.0,0.3,0.6,0.4,1.0,4.0,7.0,4.2,9.0,3.0,16.0,0.3,0.6,0.4,-85.3,-48.7,-43.8,-61.5,9.0,23.2,16.0,0.3,0.6,0.4,-72.6,-38.1,-4.1,-36.8,9.0,37.4,16.0,0.3,0.6,0.4,0.02,0.7,3.06,1.21,8.0,1.61,18.0,0.4,0.6,0.4,0.2,7.0,25.4,11.5,8.0,15.3,18.0,0.4,0.6,0.4,4.06,5.94,8.24,6.3,7.0,2.02,18.0,0.4,0.6,0.4,37.4,61.2,71.6,57.4,7.0,22.7,18.0,0.4,0.6,0.4,-224.7,-168.6,-146.9,-179.5,9.0,44.7,16.0,0.3,0.6,0.4,-207.1,-120.8,-12.4,-102.7,9.0,99.8,16.0,0.3,0.6,0.4,-155.8,-118.7,-93.1,-120.8,7.0,29.0,18.0,0.4,0.6,0.4,-132.7,-71.3,2.1,-58.6,7.0,68.0,18.0,0.4,0.6,0.4,-60.8,-52.5,-24.5,-46.6,7.0,18.7,18.0,0.4,0.6,0.4,-45.4,-28.6,0.4,-24.9,7.0,27.4,18.0,0.4,0.6,0.4,395.5,804.5,1015.0,726.0,9.0,373.5,16.0,0.3,0.6,0.4,395.0,805.0,1015.0,725.0,9.0,375.0,16.0,0.3,0.6,0.4
1974,2,303.0,9.0,26.13,26.2,27.63,26.87,3.0,1.24,12.0,0.0,0.6,0.4,25.0,25.0,25.41,25.2,3.0,0.35,12.0,0.0,0.6,0.4,15.51,15.52,16.03,15.77,3.0,0.43,12.0,0.0,0.6,0.4,78.5,78.5,79.2,78.8,3.0,0.6,12.0,0.0,0.4,7.02,7.7,11.25,9.1,3.0,3.33,12.0,0.0,0.6,0.4,-9.5,-5.9,-5.83,-7.62,3.0,3.07,12.0,0.0,0.6,0.4,-5.97,-4.95,-3.86,-4.92,3.0,1.55,12.0,0.0,0.6,0.4,1010.32,1011.0,1012.37,1011.33,3.0,1.53,12.0,0.0,0.6,0.4,3.6,5.0,7.0,5.3,3.0,2.5,12.0,0.0,0.6,0.4,-112.8,-45.4,-41.0,-76.1,3.0,59.0,12.0,0.0,0.6,0.4,-68.9,-38.1,-27.4,-47.9,3.0,31.5,12.0,0.0,0.6,0.4,1.13,1.2,2.22,1.67,3.0,0.9,12.0,0.0,0.6,0.4,10.0,14.2,18.7,14.3,3.0,6.4,12.0,0.0,0.6,0.4,5.71,5.79,7.18,6.43,3.0,1.21,12.0,0.0,0.6,0.4,45.6,60.2,69.0,57.4,3.0,17.3,12.0,0.0,0.6,0.4,-238.6,-151.0,-146.9,-191.8,3.0,75.8,12.0,0.0,0.6,0.4,-150.3,-126.7,-97.4,-123.9,3.0,38.8,12.0,0.0,0.6,0.4,-148.8,-95.9,-91.9,-119.8,3.0,46.6,12.0,0.0,0.6,0.4,-93.9,-80.5,-61.0,-77.5,3.0,24.2,12.0,0.0,0.6,0.4,-57.9,-46.1,-37.6,-47.7,3.0,14.9,12.0,0.0,0.6,0.4,-38.0,-36.6,-24.8,-31.6,3.0,10.6,12.0,0.0,0.6,0.4,350.0,456.5,1610.0,968.0,3.0,1023.5,12.0,0.0,0.6,0.4,350.0,455.0,1610.0,970.0,3.0,1025.0,12.0,0.0,0.6,0.4
1974,2,303.0,10.0,25.9,26.95,28.1,26.98,12.0,1.17,16.0,0.5,0.6,0.6,24.77,25.6,26.25,25.82,13.0,1.35,14.0,0.5,0.6,0.6,15.52,16.37,17.74,16.55,8.0,1.04,18.0,0.5,0.7,0.6,77.2,83.1,86.4,82.1,9.0,4.6,16.0,0.4,0.6,7.07,9.8,12.08,9.72,12.0,2.27,14.0,0.5,0.6,0.6,-11.4,-7.71,-5.47,-8.18,12.0,2.77,14.0,0.5,0.6,0.6,-6.53,-3.85,0.0,-3.36,12.0,3.92,14.0,0.5,0.6,0.6,1011.36,1012.7,1014.61,1012.67,11.0,2.07,14.0,0.6,0.7,0.6,2.0,3.0,6.1,4.2,13.0,2.1,14.0,0.5,0.6,0.6,-141.1,-70.6,-37.5,-84.3,12.0,45.4,14.0,0.5,0.6,0.6,-72.3,-30.1,0.0,-32.4,12.0,41.6,14.0,0.5,0.6,0.6,0.15,1.4,2.2,1.18,12.0,1.56,16.0,0.5,0.6,0.6,0.7,13.1,25.8,11.9,11.0,20.3,14.0,0.5,0.6,0.6,5.26,6.02,6.26,6.11,7.0,1.59,18.0,0.4,0.7,0.6,40.6,55.8,75.0,62.9,6.0,30.5,18.0,0.3,0.7,0.5,-312.8,-194.1,-140.4,-212.8,12.0,76.1,14.0,0.5,0.6,0.6,-180.9,-98.3,0.0,-89.3,12.0,102.8,14.0,0.5,0.6,0.6,-171.5,-135.7,-93.5,-134.7,7.0,44.8,16.0,0.4,0.7,0.5,-99.5,-54.3,3.7,-40.7,7.0,70.5,16.0,0.4,0.7,0.5,-75.0,-42.8,-35.2,-56.7,6.0,33.6,18.0,0.3,0.7,0.5,-33.4,-10.1,4.2,-11.9,6.0,22.7,18.0,0.3,0.7,0.5,355.0,948.5,1771.0,1057.0,12.0,667.5,14.0,0.5,0.6,0.6,355.0,950.0,1770.0,1055.0,12.0,670.0,14.0,0.5,0.6,0.6
1974,2,303.0,11.0,25.28,26.0,26.15,25.71,9.0,0.63,12.0,0.4,0.6,0.3,25.05,25.3,26.04,25.49,9.0,0.73,12.0,0.4,0.6,0.3,14.28,16.26,17.19,15.83,9.0,1.51,12.0,0.4,0.6,0.3,69.2,79.2,85.5,77.8,9.0,7.4,12.0,0.4,0.3,5.4,8.7,11.63,8.57,9.0,2.96,12.0,0.4,0.6,0.3,-10.76,-7.53,-4.95,-7.55,9.0,2.87,12.0,0.4,0.6,0.3,-4.94,-4.21,-2.07,-3.82,9.0,1.58,12.0,0.4,0.6,0.3,1008.75,1012.4,1013.67,1011.71,9.0,2.57,12.0,0.4,0.6,0.3,1.3,3.0,4.7,3.0,9.0,1.9,12.0,0.4,0.6,0.3,-129.3,-65.5,-26.8,-72.1,9.0,47.9,12.0,0.4,0.6,0.3,-50.7,-37.8,-14.4,-35.3,9.0,23.8,12.0,0.4,0.6,0.3,-0.44,0.0,1.09,0.22,9.0,0.81,12.0,0.4,0.6,0.3,-3.4,0.0,9.2,2.1,9.0,6.1,12.0,0.4,0.6,0.3,3.52,4.15,6.62,4.86,9.0,1.55,12.0,0.4,0.6,0.3,21.2,41.5,55.4,42.3,9.0,20.4,12.0,0.4,0.6,0.3,-270.7,-197.4,-125.5,-191.8,9.0,71.3,12.0,0.4,0.6,0.3,-124.3,-106.0,-53.5,-97.1,9.0,39.4,12.0,0.4,0.6,0.3,-150.4,-109.6,-77.5,-118.2,9.0,44.1,12.0,0.4,0.6,0.3,-82.6,-63.3,-33.5,-59.9,9.0,23.3,12.0,0.4,0.6,0.3,-48.9,-40.0,-18.5,-37.2,9.0,18.2,12.0,0.4,0.6,0.3,-27.6,-20.5,-7.9,-19.3,9.0,11.3,12.0,0.4,0.6,0.3,161.0,658.5,1613.0,830.5,9.0,738.5,12.0,0.4,0.6,0.3,160.0,660.0,1615.0,830.0,9.0,740.0,12.0,0.4,0.6,0.3
1974,2,303.0,12.0,25.59,25.9,26.63,26.1,4.0,0.77,16.0,0.3,0.6,0.3,24.48,24.85,25.57,24.98,6.0,0.75,14.0,0.3,0.7,0.3,14.83,15.45,16.76,15.78,3.0,1.44,16.0,0.3,0.5,0.4,75.9,76.6,84.5,80.1,3.0,7.0,16.0,0.3,0.4,4.19,8.2,9.62,7.43,6.0,3.36,14.0,0.3,0.7,0.3,-9.23,-7.18,-4.12,-6.9,6.0,3.17,14.0,0.3,0.7,0.3,-4.28,-1.54,0.52,-1.81,6.0,2.53,14.0,0.3,0.7,0.3,1013.82,1014.7,1015.28,1014.6,6.0,0.79,14.0,0.3,0.7,0.3,0.0,1.5,5.6,2.7,6.0,3.2,14.0,0.3,0.7,0.3,-88.3,-60.6,-17.9,-60.0,6.0,46.4,14.0,0.3,0.7,0.3,-40.4,-13.9,1.7,-18.4,6.0,23.0,14.0,0.3,0.7,0.3,0.59,1.05,1.77,1.18,4.0,0.78,16.0,0.3,0.6,0.3,2.0,8.8,16.3,9.1,4.0,8.3,16.0,0.3,0.6,0.3,5.19,5.26,5.57,5.38,3.0,0.3,16.0,0.3,0.5,0.4,17.8,24.2,34.8,26.2,3.0,12.5,16.0,0.3,0.5,0.4,-233.3,-178.1,-104.3,-172.4,6.0,78.6,14.0,0.3,0.7,0.3,-106.0,-40.3,13.0,-45.7,6.0,63.4,14.0,0.3,0.7,0.3,-92.1,-70.0,-47.6,-69.9,3.0,32.6,16.0,0.3,0.5,0.4,-56.6,6.6,10.5,-22.3,3.0,55.2,16.0,0.3,0.5,0.4,-28.3,-23.8,-17.6,-23.0,3.0,7.9,16.0,0.3,0.5,0.4,-16.6,2.6,3.7,-6.2,3.0,16.7,16.0,0.3,0.5,0.4,81.0,557.5,935.5,614.5,6.0,617.0,14.0,0.3,0.7,0.3,80.0,560.0,935.0,615.0,6.0,615.0,14.0,0.3,0.7,0.3
1974,2,303.0,13.0,25.38,26.0,27.29,26.38,5.0,1.54,18.0,0.6,0.5,0.7,24.32,25.6,26.07,25.26,5.0,0.96,18.0,0.6,0.5,0.7,14.42,14.71,15.1,14.76,4.0,0.53,20.0,0.5,0.4,0.6,69.9,74.8,80.1,75.0,4.0,5.9,20.0,0.5,0.6,8.03,12.3,13.4,10.74,5.0,3.7,18.0,0.6,0.5,0.7,-11.11,-9.85,-5.58,-8.69,5.0,3.25,18.0,0.6,0.5,0.7,-9.36,-4.58,-1.1,-5.12,5.0,4.49,18.0,0.6,0.5,0.7,1014.16,1014.2,1015.19,1014.62,5.0,0.68,18.0,0.6,0.5,0.7,2.0,2.0,3.7,2.8,5.0,1.3,18.0,0.6,0.5,0.7,-148.9,-98.5,-55.7,-100.3,5.0,56.9,18.0,0.6,0.5,0.7,-121.1,-61.4,-11.0,-65.0,5.0,57.9,18.0,0.6,0.5,0.7,-0.22,1.0,2.38,1.12,5.0,1.57,18.0,0.6,0.5,0.7,-2.2,4.6,30.6,12.9,5.0,19.7,18.0,0.6,0.5,0.7,5.45,6.08,8.7,7.03,4.0,2.64,20.0,0.5,0.4,0.6,49.8,81.5,110.3,80.1,4.0,45.4,20.0,0.5,0.4,0.6,-283.4,-251.5,-140.3,-220.9,5.0,86.4,18.0,0.6,0.5,0.7,-233.5,-119.2,-28.9,-129.7,5.0,113.0,18.0,0.6,0.5,0.7,-172.5,-122.9,-76.9,-124.6,4.0,56.2,20.0,0.5,0.4,0.6,-142.4,-100.2,-32.1,-87.8,4.0,68.7,20.0,0.5,0.4,0.6,-73.3,-63.8,-41.0,-57.4,4.0,24.1,20.0,0.5,0.4,0.6,-85.0,-39.8,-13.7,-48.9,4.0,49.4,20.0,0.5,0.4,0.6,670.5,1861.0,2406.0,1554.0,5.0,997.0,18.0,0.6,0.5,0.7,670.0,1860.0,2405.0,1555.0,5.0,995.0,18.0,0.6,0.5,0.7
1974,2,303.0,14.0,25.41,25.85,26.97,26.33,8.0,1.24,14.0,0.4,0.4,0.4,24.11,25.2,25.59,24.89,8.0,1.09,14.0,0.4,0.4,0.4,14.6,15.61,17.13,15.81,7.0,1.31,16.0,0.3,0.4,0.5,74.7,78.8,86.8,81.3,8.0,7.0,14.0,0.4,0.4,6.7,7.7,10.19,8.36,8.0,2.11,14.0,0.4,0.4,0.4,-9.45,-7.18,-6.6,-7.81,8.0,1.86,14.0,0.4,0.4,0.4,-4.13,-1.9,1.15,-1.74,8.0,2.78,14.0,0.4,0.4,0.4,1011.94,1014.9,1016.51,1014.07,7.0,2.29,16.0,0.3,0.4,0.5,1.1,2.5,5.9,3.5,8.0,2.6,14.0,0.4,0.4,0.4,-96.0,-57.1,-44.2,-68.6,8.0,35.4,14.0,0.4,0.4,0.4,-50.0,-14.0,7.7,-18.4,8.0,26.9,14.0,0.4,0.4,0.4,0.14,0.8,3.53,1.44,8.0,1.73,14.0,0.4,0.4,0.4,1.0,5.3,31.6,13.2,8.0,17.7,14.0,0.4,0.4,0.4,4.06,5.7,6.34,5.75,7.0,2.18,16.0,0.3,0.4,0.5,29.6,38.4,56.5,50.0,7.0,35.1,16.0,0.3,0.4,0.5,-244.2,-171.2,-165.1,-194.7,8.0,49.2,14.0,0.4,0.4,0.4,-104.4,-48.2,28.9,-43.8,8.0,68.4,14.0,0.4,0.4,0.4,-125.9,-109.0,-102.7,-118.4,7.0,25.3,16.0,0.3,0.4,0.5,-63.4,-18.2,19.3,-22.0,7.0,43.7,16.0,0.3,0.4,0.5,-50.1,-37.8,-28.2,-46.6,7.0,32.7,16.0,0.3,0.4,0.5,-34.5,-5.2,6.7,-10.5,7.0,20.5,16.0,0.3,0.4,0.5,301.0,456.5,1060.5,689.0,8.0,556.0,14.0,0.4,0.4,0.4,300.0,455.0,1060.0,690.0,8.0,555.0,14.0,0.4,0.4,0.4
1974,2,303.0,15.0,24.21,25.5,26.0,25.13,4.0,1.18,14.0,0.3,0.6,0.4,24.24,24.5,25.29,24.72,5.0,0.74,14.0,0.4,0.6,0.5,14.68,16.08,16.65,15.69,5.0,1.15,14.0,0.4,0.6,0.5,78.2,82.3,83.9,80.9,5.0,4.4,14.0,0.4,0.5,6.12,6.7,8.28,7.1,5.0,1.54,14.0,0.4,0.6,0.5,-7.94,-6.3,-5.83,-6.8,5.0,1.53,14.0,0.4,0.6,0.5,-2.42,-2.29,1.15,-0.94,5.0,2.02,14.0,0.4,0.6,0.5,1011.5,1013.7,1015.45,1013.54,5.0,2.25,14.0,0.4,0.6,0.5,2.0,2.0,3.0,2.4,5.0,0.5,14.0,0.4,0.6,0.5,-66.5,-42.2,-36.1,-50.2,5.0,22.3,14.0,0.4,0.6,0.5,-17.2,-15.4,8.4,-6.3,5.0,15.3,14.0,0.4,0.6,0.5,0.08,0.75,1.26,0.68,4.0,0.77,14.0,0.3,0.6,0.4,0.5,6.3,10.5,5.5,4.0,6.1,14.0,0.3,0.6,0.4,3.66,4.69,5.37,4.53,4.0,1.18,14.0,0.3,0.6,0.4,28.5,38.3,40.0,34.4,4.0,9.9,14.0,0.3,0.6,0.4,-196.2,-154.3,-142.4,-168.0,5.0,38.1,14.0,0.4,0.6,0.5,-59.2,-54.5,29.2,-22.4,5.0,49.8,14.0,0.4,0.6,0.5,-129.4,-95.0,-86.5,-107.1,5.0,28.1,14.0,0.4,0.6,0.5,-37.4,-32.0,19.2,-13.5,5.0,31.8,14.0,0.4,0.6,0.5,-38.6,-36.0,-26.8,-32.8,4.0,9.7,14.0,0.3,0.6,0.4,-13.1,-9.9,0.5,-6.5,4.0,9.6,14.0,0.3,0.6,0.4,239.5,301.0,583.5,399.0,5.0,254.0,14.0,0.4,0.6,0.5,240.0,300.0,585.0,400.0,5.0,255.0,14.0,0.4,0.6,0.5
1974,2,303.0,16.0,24.69,25.0,25.6,25.07,7.0,0.45,14.0,0.4,0.6,0.4,23.83,24.45,25.71,24.58,8.0,1.0,14.0,0.5,0.5,0.4,14.83,15.37,15.7,15.32,8.0,0.47,14.0,0.5,0.5,0.4,74.9,79.8,83.9,80.1,8.0,6.1,14.0,0.5,0.4,6.26,6.95,9.18,7.28,8.0,2.53,14.0,0.5,0.5,0.4,-9.12,-6.68,-4.02,-6.55,8.0,2.86,14.0,0.5,0.5,0.4,-2.71,0.0,2.32,-0.19,8.0,3.11,14.0,0.5,0.5,0.4,1014.53,1016.0,1016.94,1016.04,8.0,1.42,14.0,0.5,0.5,0.4,1.0,4.0,6.0,4.0,7.0,2.4,14.0,0.6,0.5,0.4,-83.9,-46.5,-25.2,-53.6,8.0,38.0,14.0,0.5,0.5,0.4,-22.9,0.0,16.6,-3.1,8.0,21.9,14.0,0.5,0.5,0.4,-0.41,0.6,1.33,0.56,7.0,0.95,14.0,0.4,0.6,0.4,-3.7,3.4,7.2,3.2,7.0,7.1,14.0,0.4,0.6,0.4,3.69,4.91,5.19,4.51,7.0,0.76,14.0,0.4,0.6,0.4,22.2,30.3,37.7,29.8,7.0,10.4,14.0,0.4,0.6,0.4,-234.6,-165.8,-97.1,-161.7,8.0,73.2,14.0,0.5,0.5,0.4,-62.8,0.0,59.6,-4.2,8.0,75.7,14.0,0.5,0.5,0.4,-142.0,-97.9,-63.0,-100.4,8.0,44.4,14.0,0.5,0.5,0.4,-43.2,0.0,34.2,-3.2,8.0,48.1,14.0,0.5,0.5,0.4,-35.6,-28.4,-14.5,-26.7,7.0,12.2,14.0,0.4,0.6,0.4,-10.8,0.0,13.0,0.9,7.0,12.8,14.0,0.4,0.6,0.4,245.5,337.0,776.5,503.5,8.0,444.0,14.0,0.5,0.5,0.4,245.0,335.0,775.0,505.0,8.0,445.0,14.0,0.5,0.5,0.4
1974,2,303.0,17.0,24.5,25.5,26.53,25.67,12.0,1.29,14.0,0.4,0.6,0.4,23.98,24.4,25.64,24.72,13.0,1.27,14.0,0.4,0.6,0.5,13.49,14.17,14.65,14.14,11.0,0.67,14.0,0.5,0.6,0.5,68.7,73.6,77.1,72.7,11.0,5.1,14.0,0.5,0.5,5.1,7.7,11.45,8.07,13.0,2.91,14.0,0.4,0.6,0.5,-9.92,-7.58,-4.47,-7.33,13.0,2.9,14.0,0.4,0.6,0.5,-3.5,-1.61,0.91,-1.26,13.0,3.26,14.0,0.4,0.6,0.5,1014.37,1016.95,1019.0,1016.78,12.0,2.09,14.0,0.4,0.6,0.4,2.9,3.0,4.2,3.5,13.0,1.7,14.0,0.4,0.6,0.5,-113.8,-58.4,-24.1,-66.4,13.0,48.3,14.0,0.4,0.6,0.5,-32.9,-10.3,4.8,-15.0,13.0,32.4,14.0,0.4,0.6,0.5,-1.05,0.5,2.46,0.89,12.0,1.96,14.0,0.4,0.6,0.4,-7.0,4.3,22.6,5.3,12.0,12.6,14.0,0.4,0.6,0.4,4.77,6.06,8.13,6.5,11.0,1.91,14.0,0.5,0.6,0.5,32.8,51.6,74.0,53.8,11.0,22.5,14.0,0.5,0.6,0.5,-241.0,-184.8,-111.6,-182.8,13.0,77.6,14.0,0.4,0.6,0.5,-91.2,-38.8,22.0,-31.2,13.0,80.0,14.0,0.4,0.6,0.5,-143.1,-107.8,-61.2,-105.8,11.0,41.6,14.0,0.5,0.6,0.5,-59.3,-21.2,14.3,-17.5,11.0,51.6,14.0,0.5,0.6,0.5,-64.3,-50.8,-27.5,-48.8,11.0,22.6,14.0,0.5,0.6,0.5,-31.1,-9.6,7.2,-10.6,11.0,21.0,14.0,0.5,0.6,0.5,132.5,456.5,1510.0,725.0,13.0,734.0,14.0,0.4,0.6,0.5,135.0,455.0,1510.0,725.0,13.0,735.0,14.0,0.4,0.6,0.5
1974,2,303.0,18.0,24.32,25.5,26.05,25.3,5.0,1.15,16.0,0.8,0.5,0.3,23.94,25.0,26.41,25.28,5.0,1.92,16.0,0.8,0.5,0.3,14.47,14.89,15.91,15.18,4.0,0.97,20.0,0.8,0.5,0.4,75.4,80.2,82.3,79.1,5.0,4.1,16.0,0.8,0.3,4.19,6.7,7.38,5.86,5.0,2.07,16.0,0.8,0.5,0.3,-6.82,-6.3,-1.65,-4.53,5.0,3.1,16.0,0.8,0.5,0.3,-2.86,-1.25,1.86,-0.46,5.0,3.41,16.0,0.8,0.5,0.3,1016.27,1017.25,1017.76,1017.03,4.0,1.03,20.0,0.8,0.5,0.4,2.0,3.0,4.0,3.0,5.0,1.0,16.0,0.8,0.5,0.3,-51.2,-42.2,-4.3,-30.3,5.0,24.9,16.0,0.8,0.5,0.3,-20.6,-9.0,9.5,-5.6,5.0,20.7,16.0,0.8,0.5,0.3,-1.45,0.5,1.66,0.02,5.0,2.71,16.0,0.8,0.5,0.3,-10.4,2.6,8.5,-1.2,5.0,18.8,16.0,0.8,0.5,0.3,4.24,5.22,6.38,5.3,4.0,1.37,20.0,0.8,0.5,0.4,15.7,31.7,45.5,30.6,4.0,17.4,20.0,0.8,0.5,0.4,-180.5,-152.4,-38.8,-116.7,5.0,83.5,16.0,0.8,0.5,0.3,-70.6,-35.6,46.6,-12.1,5.0,85.6,16.0,0.8,0.5,0.3,-96.5,-66.6,-17.8,-57.6,4.0,47.4,20.0,0.8,0.5,0.4,-46.0,-17.4,44.2,-1.7,4.0,61.8,20.0,0.8,0.5,0.4,-41.2,-25.2,-5.8,-23.6,4.0,20.9,20.0,0.8,0.5,0.4,-19.2,-8.0,10.2,-4.7,4.0,18.5,20.0,0.8,0.5,0.4,90.5,301.0,403.5,256.0,5.0,179.0,16.0,0.8,0.5,0.3,90.0,300.0,405.0,255.0,5.0,180.0,16.0,0.8,0.5,0.3
1974,2,303.0,19.0,23.92,24.4,25.23,24.45,15.0,0.74,14.0,0.5,0.5,0.6,22.43,23.55,24.5,23.51,16.0,0.97,14.0,0.6,0.5,0.5,13.26,13.98,15.11,14.08,14.0,0.88,14.0,0.6,0.6,0.5,73.5,77.0,81.1,77.6,14.0,4.6,14.0,0.6,0.5,3.37,5.1,9.63,6.18,17.0,3.04,14.0,0.5,0.5,0.5,-9.3,-4.42,-2.59,-5.39,17.0,3.46,14.0,0.5,0.5,0.5,-2.57,0.0,2.3,-0.21,17.0,2.65,14.0,0.5,0.5,0.5,1015.58,1018.05,1018.62,1017.64,16.0,1.65,14.0,0.6,0.5,0.5,2.0,3.0,6.5,3.9,17.0,2.3,14.0,0.5,0.5,0.5,-90.3,-22.5,-8.9,-42.9,17.0,46.8,14.0,0.5,0.5,0.5,-19.1,0.0,10.4,-2.5,17.0,16.8,14.0,0.5,0.5,0.5,-0.58,1.1,2.32,0.85,15.0,1.44,14.0,0.5,0.5,0.6,-3.3,4.2,13.8,5.4,15.0,8.5,14.0,0.5,0.5,0.6,3.29,5.04,5.78,4.87,13.0,1.43,14.0,0.5,0.6,0.5,14.4,20.9,59.1,31.6,13.0,21.3,14.0,0.5,0.6,0.5,-174.0,-99.6,-56.9,-118.2,16.0,75.3,14.0,0.6,0.5,0.5,-58.2,0.0,55.5,-4.3,16.0,64.6,14.0,0.6,0.5,0.5,-96.0,-65.3,-29.6,-70.7,14.0,45.0,14.0,0.6,0.6,0.5,-35.7,6.7,33.3,1.9,14.0,39.9,14.0,0.6,0.6,0.5,-58.3,-16.0,-11.7,-27.7,13.0,22.8,14.0,0.5,0.6,0.5,-13.1,0.0,9.3,-1.4,13.0,13.3,14.0,0.5,0.6,0.5,39.0,132.5,962.0,419.0,17.0,580.5,14.0,0.5,0.5,0.5,40.0,135.0,960.0,420.0,17.0,580.0,14.0,0.5,0.5,0.5
1974,2,303.0,20.0,24.0,24.5,25.3,24.8,11.0,1.06,10.0,0.5,0.5,0.4,22.06,23.7,24.97,23.66,14.0,1.35,10.0,0.5,0.6,0.5,12.84,13.72,14.95,13.79,11.0,1.01,10.0,0.5,0.5,0.4,71.5,76.4,80.3,75.8,11.0,5.6,10.0,0.5,0.4,4.1,6.7,8.2,6.26,14.0,2.87,10.0,0.4,0.6,0.5,-8.19,-5.92,-3.58,-5.97,14.0,3.12,10.0,0.4,0.6,0.5,-1.33,0.0,0.67,-0.31,14.0,1.51,10.0,0.4,0.6,0.5,1016.03,1017.25,1020.01,1017.65,14.0,2.0,10.0,0.5,0.6,0.5,2.2,5.0,6.8,4.5,15.0,2.3,10.0,0.5,0.6,0.5,-67.2,-39.6,-14.7,-45.6,14.0,37.5,10.0,0.4,0.6,0.5,-5.5,0.0,0.8,-2.4,14.0,8.8,10.0,0.4,0.6,0.5,0.37,0.85,2.09,0.99,10.0,1.03,10.0,0.5,0.5,0.4,1.7,6.2,15.6,7.5,10.0,8.9,10.0,0.5,0.5,0.4,4.56,5.35,6.13,5.59,10.0,1.64,10.0,0.5,0.5,0.4,23.1,39.4,51.8,37.6,10.0,18.3,10.0,0.5,0.5,0.4,-194.2,-118.6,-85.4,-136.6,13.0,75.4,10.0,0.5,0.6,0.5,-35.1,0.0,17.3,-7.2,13.0,37.1,10.0,0.5,0.6,0.5,-125.3,-99.6,-34.2,-83.5,11.0,49.2,10.0,0.5,0.5,0.4,-23.0,0.0,11.2,-4.7,11.0,22.2,10.0,0.5,0.5,0.4,-51.8,-34.3,-22.9,-35.8,10.0,18.8,10.0,0.5,0.5,0.4,-3.9,0.0,3.8,-0.5,10.0,11.3,10.0,0.5,0.5,0.4,69.0,301.0,551.5,389.0,14.0,423.0,10.0,0.4,0.6,0.5,70.0,300.0,550.0,390.0,14.0,425.0,10.0,0.4,0.6,0.5
1974,2,303.0,21.0,22.98,23.5,24.0,23.47,7.0,0.58,14.0,0.3,0.3,0.5,21.94,22.8,24.17,23.06,10.0,1.15,16.0,0.4,0.3,0.5,11.23,13.28,13.99,12.86,6.0,1.36,18.0,0.3,0.5,0.7,65.5,77.7,86.9,76.4,6.0,10.4,18.0,0.3,0.7,2.76,5.65,7.7,5.64,8.0,2.92,16.0,0.4,0.3,0.6,-7.12,-3.68,-0.16,-3.96,8.0,3.78,16.0,0.4,0.3,0.6,-3.79,0.13,1.6,-1.25,8.0,3.29,16.0,0.4,0.3,0.6,1016.49,1017.5,1021.2,1018.41,10.0,2.48,16.0,0.4,0.3,0.5,1.4,4.0,8.0,4.4,10.0,3.0,16.0,0.4,0.3,0.5,-53.8,-15.5,-0.2,-28.6,8.0,37.0,16.0,0.4,0.3,0.6,-19.8,0.2,8.0,-8.3,8.0,24.0,16.0,0.4,0.3,0.6,-0.01,0.6,1.02,0.56,7.0,0.57,14.0,0.3,0.3,0.5,1.3,2.6,3.9,2.6,5.0,1.9,14.0,0.2,0.3,0.6,3.33,4.9,6.15,4.74,4.0,1.71,14.0,0.3,0.5,0.5,13.8,25.0,42.0,27.9,3.0,20.8,16.0,0.3,0.5,0.5,-161.2,-79.7,-3.7,-90.3,8.0,88.5,16.0,0.4,0.3,0.6,-90.7,2.9,34.4,-31.4,8.0,80.2,16.0,0.4,0.3,0.6,-96.5,-80.9,-48.9,-73.3,5.0,35.0,20.0,0.4,0.5,0.7,-10.8,3.3,21.6,3.6,5.0,21.2,20.0,0.4,0.5,0.7,-40.0,-25.0,-13.7,-26.8,3.0,19.3,16.0,0.3,0.5,0.5,-11.7,0.0,1.0,-5.2,3.0,10.3,16.0,0.3,0.5,0.5,22.5,185.5,456.5,307.5,8.0,365.0,16.0,0.4,0.3,0.6,25.0,185.0,455.0,310.0,8.0,365.0,16.0,0.4,0.3,0.6
1974,2,303.0,22.0,23.2,24.0,24.5,23.85,20.0,0.93,14.0,0.5,0.5,0.4,22.07,22.75,24.03,23.07,22.0,1.13,16.0,0.4,0.6,0.4,10.93,12.92,14.2,12.7,19.0,1.69,16.0,0.4,0.5,0.4,63.6,74.3,83.3,73.2,19.0,9.4,16.0,0.4,0.4,4.77,7.45,9.2,6.95,22.0,2.52,16.0,0.4,0.6,0.4,-8.54,-6.49,-4.19,-6.26,22.0,2.48,16.0,0.4,0.6,0.4,-4.41,-1.03,1.28,-1.09,22.0,2.93,16.0,0.4,0.6,0.4,1017.6,1019.05,1022.5,1019.93,22.0,2.58,16.0,0.4,0.6,0.4,1.3,3.0,6.0,3.4,22.0,2.4,16.0,0.4,0.6,0.4,-79.0,-48.2,-22.3,-49.2,22.0,29.6,16.0,0.4,0.6,0.4,-36.3,-6.4,7.5,-10.7,22.0,22.8,16.0,0.4,0.6,0.4,-0.3,0.95,2.2,0.85,20.0,1.2,14.0,0.5,0.5,0.4,-2.4,4.0,11.9,4.4,20.0,8.0,14.0,0.5,0.5,0.4,3.67,5.36,7.22,5.45,18.0,1.82,16.0,0.4,0.5,0.4,16.1,36.1,57.4,37.4,18.0,20.0,16.0,0.4,0.5,0.4,-206.4,-145.1,-94.4,-145.2,22.0,60.0,16.0,0.4,0.6,0.4,-98.8,-24.3,30.4,-25.4,22.0,68.1,16.0,0.4,0.6,0.4,-103.4,-80.7,-55.9,-78.5,19.0,27.6,16.0,0.4,0.5,0.4,-63.2,-17.0,17.3,-17.6,19.0,41.7,16.0,0.4,0.5,0.4,-55.0,-29.1,-15.9,-33.9,18.0,20.2,16.0,0.4,0.5,0.4,-20.7,-10.1,4.7,-7.9,18.0,13.8,16.0,0.4,0.5,0.4,109.0,415.0,779.5,450.5,22.0,332.0,16.0,0.4,0.6,0.4,110.0,415.0,780.0,450.0,22.0,330.0,16.0,0.4,0.6,0.4
1974,2,303.0,23.0,22.38,23.6,24.4,23.49,7.0,0.96,10.0,0.7,0.6,0.3,22.46,23.4,24.62,23.73,8.0,1.58,10.0,0.8,0.6,0.2,13.36,13.85,14.2,13.59,8.0,0.98,10.0,0.8,0.6,0.2,70.2,75.3,79.8,74.9,8.0,5.9,10.0,0.8,0.2,5.1,6.2,9.9,6.94,8.0,2.7,10.0,0.8,0.6,0.2,-8.61,-4.91,-4.07,-5.81,8.0,2.5,10.0,0.8,0.6,0.2,-5.15,-0.52,1.06,-1.24,8.0,3.96,10.0,0.8,0.6,0.2,1016.11,1017.9,1021.54,1018.54,8.0,2.76,10.0,0.8,0.6,0.2,1.1,4.0,5.9,3.6,8.0,2.1,10.0,0.8,0.6,0.2,-85.9,-27.2,-19.8,-45.6,8.0,38.7,10.0,0.8,0.6,0.2,-51.0,-3.0,6.4,-14.8,8.0,34.5,10.0,0.8,0.6,0.2,-0.38,0.0,1.17,0.23,7.0,1.38,10.0,0.7,0.6,0.3,-2.3,0.0,7.8,0.0,7.0,12.0,10.0,0.7,0.6,0.3,2.84,4.38,5.3,4.45,7.0,1.69,10.0,0.7,0.6,0.3,22.1,29.4,35.3,29.8,7.0,9.7,10.0,0.7,0.6,0.3,-192.7,-124.0,-98.7,-137.3,8.0,57.8,10.0,0.8,0.6,0.2,-117.3,-11.9,23.9,-28.3,8.0,92.0,10.0,0.8,0.6,0.2,-118.3,-67.2,-57.5,-78.8,8.0,34.6,10.0,0.8,0.6,0.2,-71.3,-6.7,12.5,-16.8,8.0,54.6,10.0,0.8,0.6,0.2,-27.8,-22.3,-17.5,-24.7,7.0,10.9,10.0,0.7,0.6,0.3,-16.0,-7.6,8.9,-4.5,7.0,16.5,10.0,0.7,0.6,0.3,132.5,238.5,1005.0,481.0,8.0,571.5,10.0,0.8,0.6,0.2,135.0,240.0,1005.0,480.0,8.0,570.0,10.0,0.8,0.6,0.2
1974,2,303.0,24.0,22.45,23.1,25.0,23.51,13.0,1.35,16.0,0.4,0.6,0.4,22.12,22.95,23.99,22.84,14.0,1.28,16.0,0.4,0.6,0.4,11.79,12.65,14.04,12.83,11.0,1.38,18.0,0.5,0.6,0.4,60.9,76.6,80.5,73.5,12.0,9.3,18.0,0.5,0.4,4.67,6.7,11.24,7.58,14.0,3.21,16.0,0.4,0.6,0.4,-6.58,-5.63,-3.12,-5.18,14.0,3.34,16.0,0.4,0.6,0.4,-3.25,0.85,5.31,0.64,14.0,5.63,16.0,0.4,0.6,0.4,1017.33,1020.2,1022.22,1019.41,13.0,2.76,16.0,0.5,0.6,0.4,1.1,4.0,6.9,3.9,14.0,2.6,16.0,0.4,0.6,0.4,-67.9,-33.7,-16.7,-42.2,14.0,44.3,16.0,0.4,0.6,0.4,-22.1,4.3,38.5,5.5,14.0,60.7,16.0,0.4,0.6,0.4,-0.73,0.8,2.45,0.76,13.0,1.6,16.0,0.4,0.6,0.4,-4.4,3.3,20.2,6.6,13.0,12.9,16.0,0.4,0.6,0.4,3.17,4.78,5.96,4.8,10.0,1.62,18.0,0.5,0.6,0.4,17.2,34.7,40.5,31.7,10.0,12.2,18.0,0.5,0.6,0.4,-140.3,-118.0,-73.9,-116.7,14.0,75.9,16.0,0.4,0.6,0.4,-74.3,19.2,126.1,19.1,14.0,125.9,16.0,0.4,0.6,0.4,-79.0,-63.0,-34.3,-58.5,11.0,46.6,18.0,0.5,0.6,0.4,-47.9,12.5,72.3,19.0,11.0,84.1,18.0,0.5,0.6,0.4,-34.1,-25.1,-13.2,-23.9,10.0,9.9,18.0,0.5,0.6,0.4,-20.1,5.4,19.0,1.0,10.0,23.2,18.0,0.5,0.6,0.4,103.0,301.0,1421.0,662.0,14.0,714.5,16.0,0.4,0.6,0.4,105.0,300.0,1420.0,660.0,14.0,715.0,16.0,0.4,0.6,0.4
1974,2,303.0,25.0,22.0,23.0,24.0,23.18,38.0,0.98,16.0,0.5,0.6,0.4,21.09,22.0,23.0,22.23,38.0,1.17,16.0,0.5,0.6,0.4,10.84,12.45,13.38,12.14,30.0,1.23,16.0,0.5,0.6,0.4,65.5,75.6,80.1,73.8,30.0,7.1,16.0,0.5,0.4,3.15,6.0,8.2,5.99,36.0,2.73,16.0,0.5,0.6,0.4,-7.4,-3.74,-0.65,-3.85,36.0,3.26,16.0,0.5,0.6,0.4,-5.13,0.13,4.08,0.08,36.0,4.29,16.0,0.5,0.6,0.4,1019.14,1021.5,1024.14,1021.47,37.0,2.63,16.0,0.5,0.6,0.4,1.0,3.0,5.3,3.0,37.0,2.1,16.0,0.5,0.6,0.4,-60.1,-16.2,-1.2,-28.0,36.0,33.2,16.0,0.5,0.6,0.4,-35.7,0.2,19.9,0.0,36.0,38.7,16.0,0.5,0.6,0.4,-0.13,0.95,2.23,0.95,38.0,1.58,16.0,0.5,0.6,0.4,-0.3,6.0,13.6,6.0,36.0,10.2,16.0,0.5,0.6,0.4,4.15,5.43,6.54,5.56,30.0,1.53,16.0,0.5,0.6,0.4,16.7,27.9,45.2,31.3,29.0,15.4,16.0,0.5,0.7,0.4,-164.9,-83.5,-14.7,-84.8,36.0,72.4,16.0,0.5,0.6,0.4,-110.5,3.0,88.4,1.9,36.0,95.6,16.0,0.5,0.6,0.4,-97.8,-44.4,-16.6,-51.4,29.0,40.7,16.0,0.5,0.7,0.4,-46.9,0.0,41.4,-1.4,29.0,45.1,16.0,0.5,0.7,0.4,-38.7,-19.3,-6.3,-22.7,29.0,17.6,16.0,0.5,0.7,0.4,-19.8,0.0,15.1,-2.2,29.0,20.2,16.0,0.5,0.7,0.4,33.5,216.0,551.5,357.0,36.0,501.5,16.0,0.5,0.6,0.4,35.0,215.0,550.0,355.0,36.0,500.0,16.0,0.5,0.6,0.4
1974,2,303.0,26.0,22.09,22.5,23.0,22.64,10.0,1.03,16.0,0.6,0.5,0.4,20.77,21.55,22.66,21.84,10.0,1.41,16.0,0.6,0.5,0.4,11.31,13.48,14.07,12.72,5.0,1.87,16.0,0.6,0.6,0.3,66.2,82.2,87.2,77.8,5.0,12.0,16.0,0.6,0.3,1.11,5.35,8.4,5.26,10.0,4.12,16.0,0.6,0.5,0.4,-6.98,-2.62,-0.98,-3.65,10.0,3.13,16.0,0.6,0.5,0.4,0.0,0.91,6.56,2.21,10.0,4.2,16.0,0.6,0.5,0.4,1019.14,1020.9,1023.73,1021.31,10.0,3.12,16.0,0.6,0.5,0.4,1.0,3.0,4.7,3.0,9.0,1.9,16.0,0.7,0.6,0.4,-64.2,-15.2,-2.9,-29.3,10.0,37.7,16.0,0.6,0.5,0.4,0.0,3.0,45.9,20.3,10.0,44.3,16.0,0.6,0.5,0.4,-0.46,0.95,2.19,0.8,10.0,1.6,16.0,0.6,0.5,0.4,-3.1,2.0,10.9,4.2,10.0,14.1,16.0,0.6,0.5,0.4,1.95,3.38,5.02,3.57,5.0,2.07,16.0,0.6,0.6,0.3,11.0,24.4,40.1,26.7,5.0,22.4,16.0,0.6,0.6,0.3,-150.2,-59.8,-22.6,-79.5,10.0,67.2,16.0,0.6,0.5,0.4,0.0,19.8,159.1,52.2,10.0,94.9,16.0,0.6,0.5,0.4,-72.7,-35.7,-33.0,-50.9,5.0,25.2,16.0,0.6,0.6,0.3,-19.3,6.3,90.3,26.9,5.0,62.4,16.0,0.6,0.6,0.3,-36.1,-8.3,-4.6,-20.2,5.0,25.0,16.0,0.6,0.6,0.3,-6.3,0.6,17.5,4.2,5.0,15.3,16.0,0.6,0.6,0.3,7.5,182.5,619.5,408.5,10.0,677.5,16.0,0.6,0.5,0.4,10.0,180.0,620.0,410.0,10.0,675.0,16.0,0.6,0.5,0.4
1974,2,303.0,27.0,20.38,22.15,23.62,22.04,16.0,1.73,16.0,0.6,0.6,0.4,20.95,22.0,23.39,22.13,18.0,1.3,14.0,0.6,0.6,0.4,11.71,12.85,14.14,12.92,4.0,1.44,12.0,1.0,0.6,0.1,66.4,77.7,84.6,75.6,4.0,11.7,12.0,1.0,0.1,2.71,7.2,9.4,6.22,19.0,3.56,14.0,0.6,0.6,0.4,-4.73,0.0,0.92,-1.08,19.0,3.66,14.0,0.6,0.6,0.4,-6.11,2.37,7.25,0.94,19.0,6.16,14.0,0.6,0.6,0.4,1016.91,1021.0,1023.34,1020.43,19.0,4.53,14.0,0.6,0.6,0.4,1.2,4.0,7.8,4.5,15.0,2.9,14.0,0.7,0.5,0.4,-33.9,0.0,2.0,-9.1,19.0,32.2,14.0,0.6,0.6,0.4,-55.4,7.4,64.3,3.6,19.0,56.6,14.0,0.6,0.6,0.4,-2.06,-0.1,1.85,0.05,16.0,1.81,16.0,0.6,0.6,0.4,-8.7,0.0,11.0,-0.9,16.0,10.2,16.0,0.6,0.6,0.4,1.79,3.65,6.92,4.34,3.0,3.8,16.0,1.0,0.5,0.1,10.8,33.9,34.4,22.8,3.0,19.8,16.0,1.0,0.5,0.1,-89.7,0.0,28.0,-15.9,18.0,76.1,14.0,0.6,0.6,0.4,-128.8,63.6,158.6,32.7,18.0,132.4,14.0,0.6,0.6,0.4,-27.4,-11.4,42.9,6.9,4.0,51.8,12.0,1.0,0.6,0.1,12.9,32.4,69.1,40.6,4.0,41.2,12.0,1.0,0.6,0.1,-15.2,0.0,14.9,-0.1,3.0,22.0,16.0,1.0,0.5,0.1,8.2,26.0,26.3,17.5,3.0,15.2,16.0,1.0,0.5,0.1,23.5,373.0,832.5,446.5,19.0,438.0,14.0,0.6,0.6,0.4,25.0,375.0,830.0,445.0,19.0,440.0,14.0,0.6,0.6,0.4
1974,2,303.0,28.0,21.38,21.7,22.57,21.81,16.0,0.78,14.0,0.7,0.5,0.4,19.88,21.0,23.0,21.35,16.0,1.53,14.0,0.7,0.5,0.4,9.59,11.84,13.86,11.64,14.0,2.34,14.0,0.6,0.4,0.4,58.7,78.4,89.7,74.7,14.0,13.9,14.0,0.6,0.4,2.6,6.7,12.54,7.34,16.0,4.56,14.0,0.7,0.5,0.4,-3.07,1.86,6.27,0.92,16.0,4.79,14.0,0.7,0.5,0.4,-5.42,1.49,10.24,2.18,16.0,7.02,14.0,0.7,0.5,0.4,1015.25,1020.65,1025.25,1020.26,16.0,5.83,14.0,0.7,0.5,0.4,0.4,3.0,6.6,3.3,16.0,2.6,14.0,0.7,0.5,0.4,-14.4,4.0,63.3,14.5,16.0,49.0,14.0,0.7,0.5,0.4,-35.5,3.9,129.1,29.0,16.0,85.9,14.0,0.7,0.5,0.4,-0.96,0.55,2.01,0.46,16.0,1.6,14.0,0.7,0.5,0.4,-2.5,4.4,12.3,2.9,16.0,11.2,14.0,0.7,0.5,0.4,2.17,4.17,6.91,4.4,14.0,2.29,14.0,0.6,0.4,0.4,7.4,24.6,49.1,28.5,14.0,20.1,14.0,0.6,0.4,0.4,-64.9,36.3,134.3,17.3,16.0,104.3,14.0,0.7,0.5,0.4,-110.2,31.7,215.4,50.1,16.0,149.1,14.0,0.7,0.5,0.4,-43.7,8.0,87.5,10.9,14.0,61.6,14.0,0.6,0.4,0.4,-43.3,14.8,57.9,14.5,14.0,70.2,14.0,0.6,0.4,0.4,-20.6,2.2,21.0,1.6,14.0,21.4,14.0,0.6,0.4,0.4,-37.2,3.7,16.0,-5.4,14.0,28.0,14.0,0.6,0.4,0.4,17.5,301.0,1986.0,838.0,16.0,1026.5,14.0,0.7,0.5,0.4,20.0,300.0,1985.0,840.0,16.0,1025.0,14.0,0.7,0.5,0.4
1974,2,303.0,29.0,20.3,21.7,22.0,21.22,10.0,1.4,12.0,0.7,0.4,0.6,19.52,21.25,21.73,20.78,12.0,1.13,14.0,0.7,0.4,0.5,9.84,12.55,13.81,12.07,8.0,2.19,12.0,0.9,0.5,0.6,63.1,82.6,89.5,78.1,8.0,13.4,12.0,0.9,0.6,2.83,5.0,9.36,5.61,11.0,3.42,12.0,0.6,0.4,0.5,-0.8,1.22,6.05,1.71,11.0,3.79,12.0,0.6,0.4,0.5,-1.85,2.98,6.19,2.34,11.0,4.76,12.0,0.6,0.4,0.5,1018.47,1020.4,1024.58,1021.23,12.0,3.01,14.0,0.7,0.4,0.5,1.0,2.5,8.0,3.8,12.0,3.0,14.0,0.7,0.4,0.5,-2.4,4.3,65.6,17.7,11.0,33.3,12.0,0.6,0.4,0.5,-6.7,15.8,48.8,20.4,11.0,43.3,12.0,0.6,0.4,0.5,-1.14,0.65,2.24,0.38,10.0,2.03,12.0,0.7,0.4,0.6,-1.2,3.4,16.7,4.4,9.0,12.4,12.0,0.7,0.4,0.6,2.38,3.51,5.26,3.31,7.0,2.08,12.0,0.9,0.5,0.7,4.8,23.6,29.8,18.5,6.0,15.2,12.0,0.8,0.5,0.7,-17.5,24.3,131.3,35.8,11.0,76.6,12.0,0.6,0.4,0.5,-37.2,56.2,132.3,50.3,11.0,100.0,12.0,0.6,0.4,0.5,6.2,21.7,99.0,42.0,7.0,49.9,12.0,0.9,0.5,0.6,28.5,38.0,119.9,54.1,7.0,55.5,12.0,0.9,0.5,0.6,2.4,6.4,18.0,9.9,6.0,12.5,12.0,0.8,0.5,0.7,-5.3,16.7,23.9,11.8,6.0,14.2,12.0,0.8,0.5,0.7,23.0,125.0,838.0,364.0,11.0,491.5,12.0,0.6,0.4,0.5,25.0,125.0,840.0,365.0,11.0,490.0,12.0,0.6,0.4,0.5
1974,2,303.0,30.0,19.89,20.9,21.44,20.61,19.0,1.42,14.0,0.5,0.6,0.5,18.17,20.0,21.03,19.98,19.0,1.75,14.0,0.5,0.6,0.5,7.12,8.67,12.66,9.85,13.0,2.77,12.0,0.5,0.7,0.5,53.0,67.5,82.4,67.3,13.0,13.0,12.0,0.5,0.5,4.94,7.7,11.37,8.31,19.0,3.17,14.0,0.5,0.6,0.5,-4.01,4.1,8.64,2.3,19.0,6.78,14.0,0.5,0.6,0.5,-6.67,0.0,5.3,-0.04,19.0,5.6,14.0,0.5,0.6,0.5,1017.97,1023.6,1026.5,1022.37,19.0,4.09,14.0,0.5,0.6,0.5,1.5,3.0,7.0,3.9,17.0,2.5,14.0,0.6,0.6,0.6,-31.0,21.2,86.3,23.7,19.0,76.7,14.0,0.5,0.6,0.5,-51.3,0.0,50.7,5.5,19.0,58.9,14.0,0.5,0.6,0.5,-0.94,1.0,2.6,0.63,19.0,2.18,14.0,0.5,0.6,0.5,-14.1,7.8,22.3,4.7,19.0,20.2,14.0,0.5,0.6,0.5,2.57,6.17,7.69,4.92,13.0,3.17,12.0,0.5,0.7,0.5,12.0,41.4,62.3,40.5,13.0,31.5,12.0,0.5,0.7,0.5,-74.2,86.1,160.3,50.7,19.0,140.9,14.0,0.5,0.6,0.5,-120.7,0.0,114.5,6.0,19.0,110.6,14.0,0.5,0.6,0.5,-31.1,46.0,96.9,36.0,13.0,78.0,12.0,0.5,0.7,0.5,-45.1,0.0,31.0,-7.5,13.0,38.6,12.0,0.5,0.7,0.5,-31.3,3.8,29.2,-2.6,13.0,43.8,12.0,0.5,0.7,0.5,-46.4,-3.1,0.1,-16.6,13.0,23.3,12.0,0.5,0.7,0.5,121.0,456.5,1471.5,826.0,19.0,914.0,14.0,0.5,0.6,0.5,120.0,455.0,1470.0,825.0,19.0,915.0,14.0,0.5,0.6,0.5
1974,2,303.0,31.0,19.27,20.0,20.59,19.92,17.0,0.88,16.0,0.6,0.6,0.4,18.4,20.0,21.0,19.74,18.0,1.48,16.0,0.6,0.6,0.4,9.28,12.25,13.06,11.64,16.0,1.99,16.0,0.6,0.6,0.5,69.4,83.3,88.9,81.0,16.0,9.8,16.0,0.6,0.5,2.88,6.45,12.48,7.48,18.0,4.73,16.0,0.6,0.6,0.4,-1.86,0.76,7.66,2.3,18.0,5.32,16.0,0.6,0.6,0.4,-2.03,2.83,9.46,3.08,18.0,6.14,16.0,0.6,0.6,0.4,1015.79,1020.0,1023.43,1018.89,18.0,5.16,16.0,0.6,0.6,0.4,0.5,2.0,8.0,3.6,17.0,3.1,16.0,0.6,0.6,0.5,-10.2,2.6,84.4,29.9,18.0,65.2,16.0,0.6,0.6,0.4,-11.0,12.1,92.6,34.6,18.0,75.9,16.0,0.6,0.6,0.4,-1.0,0.5,1.55,0.2,17.0,1.64,16.0,0.6,0.6,0.4,-6.1,0.0,12.9,4.3,17.0,12.3,16.0,0.6,0.6,0.4,1.21,2.68,4.57,2.77,16.0,1.63,16.0,0.6,0.6,0.5,3.2,19.0,39.0,22.6,16.0,19.6,16.0,0.6,0.6,0.5,-36.8,15.5,141.3,43.8,18.0,103.0,16.0,0.6,0.6,0.4,-36.7,57.0,192.5,65.1,18.0,119.4,16.0,0.6,0.6,0.4,-22.9,9.8,79.6,29.0,16.0,66.6,16.0,0.6,0.6,0.5,-11.6,56.8,113.9,48.5,16.0,72.3,16.0,0.6,0.6,0.5,-7.1,0.8,31.9,9.1,16.0,20.1,16.0,0.6,0.6,0.5,-4.4,3.2,23.4,4.0,16.0,20.4,16.0,0.6,0.6,0.5,24.0,269.5,1947.0,906.0,18.0,1190.0,16.0,0.6,0.6,0.4,25.0,270.0,1945.0,905.0,18.0,1190.0,16.0,0.6,0.6,0.4
1974,2,303.0,32.0,20.0,20.5,21.15,20.63,9.0,0.82,18.0,0.4,0.5,0.6,17.13,18.4,20.51,18.52,9.0,1.74,18.0,0.4,0.5,0.6,8.75,10.13,11.7,10.24,7.0,1.84,18.0,0.6,0.4,0.6,59.2,81.0,83.5,74.8,7.0,12.5,18.0,0.6,0.6,4.23,8.0,15.0,8.82,9.0,5.2,18.0,0.4,0.5,0.6,-3.01,0.0,13.12,3.84,9.0,7.5,18.0,0.4,0.5,0.6,-4.26,0.0,6.46,0.22,9.0,6.45,18.0,0.4,0.5,0.6,1009.71,1015.5,1024.29,1016.98,9.0,7.72,18.0,0.4,0.5,0.6,2.1,4.5,6.0,4.1,8.0,2.4,18.0,0.5,0.5,0.5,-11.9,0.0,199.3,66.0,9.0,104.1,18.0,0.4,0.5,0.6,-20.1,0.0,49.6,-1.8,9.0,73.4,18.0,0.4,0.5,0.6,0.13,2.2,3.8,2.11,9.0,1.95,18.0,0.4,0.5,0.6,0.6,19.4,30.5,16.3,9.0,19.1,18.0,0.4,0.5,0.6,3.23,4.26,6.38,4.8,7.0,1.76,18.0,0.6,0.4,0.6,18.2,30.5,98.3,51.2,7.0,43.0,18.0,0.6,0.4,0.6,-49.0,0.0,226.8,75.2,9.0,142.7,18.0,0.4,0.5,0.6,-78.6,0.0,111.6,6.2,9.0,120.5,18.0,0.4,0.5,0.6,-9.6,68.6,112.6,48.4,7.0,65.5,18.0,0.6,0.4,0.6,-62.4,0.0,27.4,-8.9,7.0,74.1,18.0,0.6,0.4,0.6,-3.0,15.2,98.3,34.9,7.0,53.0,18.0,0.6,0.4,0.6,-26.8,0.0,10.2,-6.8,7.0,25.1,18.0,0.6,0.4,0.6,76.5,512.0,3391.5,1341.0,9.0,1564.5,18.0,0.4,0.5,0.6,75.0,510.0,3390.0,1340.0,9.0,1565.0,18.0,0.4,0.5,0.6
1974,2,303.0,33.0,18.0,19.45,20.99,19.21,20.0,1.45,14.0,0.6,0.6,0.5,17.0,18.3,19.5,18.43,21.0,1.45,14.0,0.5,0.6,0.5,8.55,10.38,12.21,10.31,16.0,1.83,16.0,0.6,0.6,0.5,69.2,77.8,89.4,79.5,17.0,12.0,16.0,0.6,0.5,5.1,9.15,12.88,8.7,20.0,3.93,14.0,0.6,0.6,0.5,-2.54,5.99,8.74,4.49,20.0,5.83,14.0,0.6,0.6,0.5,-4.92,1.49,7.26,1.66,20.0,6.08,14.0,0.6,0.6,0.5,1015.01,1022.0,1025.08,1020.43,20.0,7.01,16.0,0.6,0.6,0.5,1.0,6.0,8.0,5.0,19.0,2.8,16.0,0.6,0.6,0.5,-12.9,56.3,97.6,57.1,20.0,72.2,14.0,0.6,0.6,0.5,-33.2,6.5,81.8,21.9,20.0,72.5,14.0,0.6,0.6,0.5,-0.99,0.65,3.0,0.83,20.0,2.08,14.0,0.6,0.6,0.5,-8.9,3.2,13.4,2.1,19.0,17.3,14.0,0.6,0.6,0.5,1.46,3.21,5.08,3.27,16.0,2.17,16.0,0.6,0.6,0.5,9.0,20.0,31.3,22.2,16.0,15.6,16.0,0.6,0.6,0.5,-42.7,110.7,179.6,85.7,20.0,108.2,14.0,0.6,0.6,0.5,-83.6,26.4,132.9,35.4,20.0,113.6,14.0,0.6,0.6,0.5,-31.2,71.9,115.5,51.1,16.0,67.4,16.0,0.6,0.6,0.5,-44.5,7.6,65.4,12.8,16.0,54.3,16.0,0.6,0.6,0.5,-12.3,6.6,27.6,9.4,16.0,21.7,16.0,0.6,0.6,0.5,-13.6,1.6,13.6,-0.3,16.0,14.1,16.0,0.6,0.6,0.5,132.5,766.5,2136.0,1063.0,20.0,1301.5,14.0,0.6,0.6,0.5,135.0,765.0,2135.0,1065.0,20.0,1300.0,14.0,0.6,0.6,0.5
1974,2,303.0,34.0,18.24,18.9,20.0,18.88,13.0,1.0,16.0,0.8,0.6,0.4,16.89,18.2,19.36,18.18,13.0,1.42,16.0,0.8,0.6,0.4,7.44,10.06,12.27,10.04,11.0,2.43,14.0,0.8,0.6,0.5,63.8,76.5,87.5,76.5,11.0,12.8,14.0,0.8,0.5,7.96,9.3,14.29,10.65,13.0,4.09,16.0,0.8,0.6,0.4,3.94,5.59,9.91,6.58,13.0,4.99,16.0,0.8,0.6,0.4,-5.34,6.66,9.63,3.68,13.0,7.3,16.0,0.8,0.6,0.4,1012.22,1018.0,1022.21,1017.75,13.0,5.25,16.0,0.8,0.6,0.4,4.0,6.0,7.1,5.7,13.0,1.8,16.0,0.8,0.6,0.4,33.3,55.6,128.7,84.6,13.0,86.1,16.0,0.8,0.6,0.4,-54.3,58.0,109.8,44.9,13.0,102.5,16.0,0.8,0.6,0.4,-0.75,1.0,2.1,0.7,13.0,1.55,16.0,0.8,0.6,0.4,-9.2,8.2,19.8,5.7,13.0,15.8,16.0,0.8,0.6,0.4,1.19,3.23,5.42,3.3,11.0,2.24,14.0,0.8,0.6,0.5,16.9,23.2,60.0,34.9,11.0,26.3,14.0,0.8,0.6,0.5,71.1,99.5,188.0,121.1,13.0,92.8,16.0,0.8,0.6,0.4,-84.4,118.6,184.3,74.5,13.0,132.9,16.0,0.8,0.6,0.4,47.3,64.3,114.0,79.7,11.0,43.6,14.0,0.8,0.6,0.5,-40.3,57.9,111.8,45.6,11.0,72.1,14.0,0.8,0.6,0.5,11.7,18.6,44.7,25.9,11.0,21.7,14.0,0.8,0.6,0.5,-34.7,7.9,21.7,-0.2,11.0,28.8,14.0,0.8,0.6,0.5,516.5,804.5,2951.5,1741.0,13.0,2005.5,16.0,0.8,0.6,0.4,515.0,805.0,2950.0,1740.0,13.0,2005.0,16.0,0.8,0.6,0.4
1974,2,303.0,35.0,18.3,18.8,21.47,19.55,11.0,1.51,18.0,0.3,0.6,0.5,16.41,18.0,20.04,18.16,11.0,2.38,18.0,0.3,0.6,0.5,6.97,9.57,12.47,9.81,11.0,2.87,18.0,0.3,0.6,0.5,59.0,74.9,87.1,74.6,11.0,15.7,18.0,0.3,0.5,4.89,8.2,17.62,11.16,11.0,6.09,18.0,0.3,0.6,0.5,3.72,7.71,13.06,8.42,11.0,5.72,18.0,0.3,0.6,0.5,-3.03,2.96,11.28,3.62,11.0,6.99,18.0,0.3,0.6,0.5,1001.59,1018.0,1023.45,1013.75,11.0,10.73,18.0,0.3,0.6,0.5,2.0,4.0,8.0,4.9,11.0,3.0,18.0,0.3,0.6,0.5,18.9,63.2,232.5,123.1,11.0,131.6,18.0,0.3,0.6,0.5,-22.7,13.6,166.9,62.5,11.0,105.2,18.0,0.3,0.6,0.5,-0.9,2.0,2.45,1.39,11.0,3.11,18.0,0.3,0.6,0.5,-13.8,10.2,25.9,14.8,11.0,58.4,18.0,0.3,0.6,0.5,1.91,5.1,6.79,4.38,11.0,2.84,18.0,0.3,0.6,0.5,18.8,36.7,65.6,42.4,11.0,42.2,18.0,0.3,0.6,0.5,67.9,145.6,241.3,152.1,11.0,100.8,18.0,0.3,0.6,0.5,-54.9,59.1,216.1,72.6,11.0,130.5,18.0,0.3,0.6,0.5,27.1,73.8,156.0,88.2,11.0,71.7,18.0,0.3,0.6,0.5,-23.1,39.6,129.5,45.5,11.0,72.0,18.0,0.3,0.6,0.5,8.6,20.9,50.6,33.0,11.0,41.0,18.0,0.3,0.6,0.5,-19.4,0.0,24.9,4.4,11.0,29.3,18.0,0.3,0.6,0.5,118.0,551.5,5499.0,2575.0,11.0,3028.5,18.0,0.3,0.6,0.5,120.0,550.0,5500.0,2575.0,11.0,3030.0,18.0,0.3,0.6,0.5
1974,2,303.0,36.0,18.75,19.95,20.55,19.58,12.0,1.17,14.0,0.4,0.6,0.7,15.52,17.0,18.82,16.96,13.0,1.54,14.0,0.4,0.6,0.7,7.21,8.38,11.39,9.08,11.0,1.96,14.0,0.4,0.6,0.6,63.0,72.9,94.7,75.6,11.0,14.6,14.0,0.4,0.6,7.45,10.55,13.54,10.85,12.0,3.61,14.0,0.4,0.6,0.7,-0.41,7.28,11.63,6.2,12.0,5.7,14.0,0.4,0.6,0.7,-4.13,-1.07,9.89,1.53,12.0,8.04,14.0,0.4,0.6,0.7,1002.25,1015.7,1018.1,1011.13,13.0,9.32,14.0,0.4,0.6,0.7,3.9,8.0,8.0,6.3,13.0,2.6,14.0,0.4,0.6,0.7,-3.8,66.3,157.3,77.9,12.0,77.0,14.0,0.4,0.6,0.7,-31.8,-7.7,133.8,18.6,12.0,112.9,14.0,0.4,0.6,0.7,0.92,2.0,4.65,2.53,12.0,1.9,14.0,0.4,0.6,0.7,8.2,13.4,35.8,24.7,11.0,21.4,14.0,0.5,0.6,0.7,3.47,4.73,7.46,5.05,11.0,2.01,14.0,0.4,0.6,0.6,38.9,51.1,63.5,51.2,10.0,15.2,16.0,0.4,0.6,0.7,-7.4,125.3,205.4,109.5,12.0,99.0,14.0,0.4,0.6,0.7,-66.1,-20.5,170.6,29.5,12.0,134.4,14.0,0.4,0.6,0.7,-8.7,74.3,127.6,63.1,10.0,63.5,16.0,0.4,0.6,0.7,-29.1,24.4,110.4,24.2,10.0,87.2,16.0,0.4,0.6,0.7,-3.9,33.9,54.0,24.2,10.0,33.2,16.0,0.4,0.6,0.7,-24.9,8.1,43.6,8.7,10.0,36.2,16.0,0.4,0.6,0.7,417.0,1176.0,2529.5,1687.5,12.0,1647.5,14.0,0.4,0.6,0.7,415.0,1175.0,2530.0,1685.0,12.0,1650.0,14.0,0.4,0.6,0.7
1974,2,303.0,37.0,18.01,19.0,19.97,18.91,14.0,0.85,16.0,0.4,0.5,0.3,13.0,16.0,17.42,15.46,17.0,2.27,16.0,0.4,0.6,0.4,5.99,6.58,10.43,8.04,13.0,2.38,16.0,0.5,0.6,0.4,57.3,73.0,88.9,71.5,13.0,15.2,16.0,0.5,0.4,8.62,15.2,18.62,13.87,16.0,4.79,16.0,0.4,0.6,0.4,0.6,6.04,15.27,6.99,16.0,7.26,16.0,0.4,0.6,0.4,-11.76,-3.68,12.54,-0.94,16.0,11.06,16.0,0.4,0.6,0.4,1004.2,1011.0,1021.06,1011.75,17.0,9.07,16.0,0.4,0.6,0.4,3.0,8.0,8.0,6.2,15.0,2.3,16.0,0.4,0.5,0.4,2.8,66.3,271.8,110.7,16.0,144.6,16.0,0.4,0.6,0.4,-193.8,-29.1,189.8,-17.8,16.0,173.0,16.0,0.4,0.6,0.4,0.59,2.75,6.28,3.24,14.0,2.38,16.0,0.4,0.5,0.3,7.3,37.5,82.9,47.1,13.0,38.1,16.0,0.5,0.5,0.4,3.34,5.78,7.99,5.53,11.0,2.62,16.0,0.5,0.5,0.4,40.5,65.8,122.9,78.3,10.0,47.1,16.0,0.6,0.5,0.4,8.0,90.0,199.0,107.7,16.0,109.4,16.0,0.4,0.6,0.4,-157.9,-48.4,222.9,-0.4,16.0,179.6,16.0,0.4,0.6,0.4,7.1,65.6,110.7,65.0,12.0,59.8,18.0,0.5,0.6,0.4,-63.1,-10.3,130.2,19.1,12.0,94.9,18.0,0.5,0.6,0.4,3.7,34.0,91.1,37.0,10.0,51.5,16.0,0.6,0.5,0.4,-61.5,-14.5,42.7,-18.4,10.0,66.9,16.0,0.6,0.5,0.4,647.5,3513.5,6468.0,3515.0,16.0,2705.0,16.0,0.4,0.6,0.4,650.0,3515.0,6470.0,3515.0,16.0,2705.0,16.0,0.4,0.6,0.4
1974,2,303.0,38.0,17.61,20.0,20.98,19.29,8.0,1.82,14.0,0.8,0.6,0.5,12.56,14.0,16.42,14.16,8.0,2.01,14.0,0.8,0.6,0.5,5.16,6.91,8.56,6.96,6.0,2.1,12.0,0.8,0.7,0.5,57.2,66.1,81.1,68.1,6.0,12.4,12.0,0.8,0.5,18.11,19.5,20.6,17.8,8.0,6.3,14.0,0.8,0.6,0.5,2.76,17.15,19.55,11.1,8.0,12.04,14.0,0.8,0.6,0.5,-10.44,3.9,9.23,2.09,8.0,10.53,14.0,0.8,0.6,0.5,1000.91,1009.8,1017.04,1008.81,8.0,8.82,14.0,0.8,0.6,0.5,6.0,7.0,8.0,7.0,8.0,0.9,14.0,0.8,0.6,0.5,20.4,325.9,415.8,225.7,8.0,243.5,14.0,0.8,0.6,0.5,-193.3,63.4,176.6,36.4,8.0,211.7,14.0,0.8,0.6,0.5,3.58,4.85,6.59,5.13,8.0,1.41,14.0,0.8,0.6,0.5,70.2,84.6,124.6,87.9,8.0,37.9,14.0,0.8,0.6,0.5,6.57,7.25,8.3,7.25,6.0,1.46,12.0,0.8,0.7,0.5,81.6,143.5,160.4,121.5,6.0,54.9,12.0,0.8,0.7,0.5,31.5,267.9,292.8,170.3,8.0,177.2,14.0,0.8,0.6,0.5,-139.5,58.5,152.3,33.8,8.0,143.2,14.0,0.8,0.6,0.5,-7.7,128.7,171.7,92.3,6.0,103.3,12.0,0.8,0.7,0.5,-64.0,-11.8,53.9,-5.9,6.0,58.3,12.0,0.8,0.7,0.5,-11.6,109.4,140.3,66.4,6.0,105.5,12.0,0.8,0.7,0.5,-85.0,-7.9,36.0,-20.2,6.0,61.8,12.0,0.8,0.7,0.5,5946.0,7429.5,8742.0,7074.5,8.0,3334.5,14.0,0.8,0.6,0.5,5945.0,7430.0,8740.0,7075.0,8.0,3335.0,14.0,0.8,0.6,0.5
1974,2,303.0,39.0,17.98,20.0,21.0,19.53,13.0,1.77,10.0,0.5,0.7,0.5,9.28,17.8,19.02,14.95,13.0,4.56,10.0,0.5,0.7,0.5,6.11,8.65,11.36,8.55,11.0,2.69,12.0,0.5,0.7,0.5,62.1,69.5,91.7,74.1,11.0,13.8,12.0,0.5,0.5,9.75,12.9,20.79,14.16,13.0,6.0,10.0,0.5,0.7,0.5,-2.76,7.12,18.74,6.89,13.0,9.79,10.0,0.5,0.7,0.5,-5.55,3.92,14.41,4.25,13.0,9.3,10.0,0.5,0.7,0.5,1002.27,1011.7,1017.39,1008.5,13.0,9.64,10.0,0.5,0.7,0.5,5.9,7.0,8.0,6.8,13.0,1.3,10.0,0.5,0.7,0.5,-14.6,93.1,426.7,139.3,13.0,198.7,10.0,0.5,0.7,0.5,-58.5,88.7,237.7,80.6,13.0,152.7,10.0,0.5,0.7,0.5,0.0,3.6,8.14,4.58,13.0,4.02,10.0,0.5,0.7,0.5,0.0,59.4,119.4,60.6,13.0,53.2,10.0,0.5,0.7,0.5,3.98,5.48,8.58,6.01,11.0,2.42,12.0,0.5,0.7,0.5,40.2,90.5,144.7,91.4,11.0,57.0,12.0,0.5,0.7,0.5,-46.7,66.7,297.3,107.8,13.0,149.6,10.0,0.5,0.7,0.5,-45.6,52.2,259.3,96.8,13.0,146.1,10.0,0.5,0.7,0.5,1.2,49.4,138.8,64.0,11.0,73.7,12.0,0.5,0.7,0.5,-10.8,79.7,145.0,63.8,11.0,80.1,12.0,0.5,0.7,0.5,0.0,41.3,120.4,54.7,11.0,73.0,12.0,0.5,0.7,0.5,-25.1,33.9,71.5,25.0,11.0,56.0,12.0,0.5,0.7,0.5,928.0,2146.5,9009.5,4272.5,13.0,4513.5,10.0,0.5,0.7,0.5,930.0,2145.0,9010.0,4270.0,13.0,4515.0,10.0,0.5,0.7,0.5
1974,2,303.0,40.0,14.0,17.3,19.0,16.61,21.0,2.95,18.0,0.5,0.5,0.5,7.52,13.3,16.73,12.5,24.0,4.13,18.0,0.5,0.5,0.5,4.87,7.4,10.23,7.54,21.0,2.43,18.0,0.4,0.6,0.5,70.3,79.4,92.4,79.9,21.0,12.2,18.0,0.4,0.5,8.39,12.6,16.67,12.88,24.0,5.26,18.0,0.5,0.5,0.5,1.66,8.96,13.78,7.91,24.0,8.15,18.0,0.5,0.5,0.5,-8.21,-1.07,8.51,-0.16,24.0,8.32,18.0,0.5,0.5,0.5,1000.98,1010.8,1021.51,1010.37,23.0,10.57,18.0,0.5,0.6,0.5,4.0,7.0,8.0,6.3,23.0,2.5,18.0,0.5,0.5,0.6,8.5,99.7,227.0,129.6,24.0,187.1,18.0,0.5,0.5,0.5,-105.1,-8.1,90.5,-7.0,24.0,118.8,18.0,0.5,0.5,0.5,0.09,4.0,8.73,4.33,21.0,4.22,18.0,0.5,0.5,0.5,1.1,49.2,154.8,64.1,21.0,70.6,18.0,0.5,0.5,0.5,1.23,4.22,6.45,4.1,18.0,2.72,20.0,0.4,0.5,0.5,8.8,44.9,89.2,53.8,18.0,49.1,20.0,0.4,0.5,0.5,13.8,77.7,186.5,97.7,24.0,113.2,18.0,0.5,0.5,0.5,-66.1,-14.4,133.6,26.0,24.0,99.7,18.0,0.5,0.5,0.5,2.6,46.9,116.6,56.5,21.0,69.2,18.0,0.4,0.6,0.5,-42.1,0.0,69.2,9.3,21.0,52.1,18.0,0.4,0.6,0.5,-2.4,16.3,61.5,31.2,18.0,51.2,20.0,0.4,0.5,0.5,-44.7,-1.8,31.1,-7.2,18.0,42.1,20.0,0.4,0.5,0.5,628.0,2004.0,4639.5,3295.5,24.0,4735.0,18.0,0.5,0.5,0.5,630.0,2005.0,4640.0,3295.0,24.0,4735.0,18.0,0.5,0.5,0.5
1974,2,303.0,41.0,10.96,12.2,17.19,13.11,13.0,3.67,14.0,0.6,0.6,0.4,3.89,8.9,12.39,8.49,13.0,4.24,14.0,0.6,0.6,0.4,4.34,5.19,7.6,5.76,10.0,1.74,16.0,0.6,0.6,0.4,68.7,79.0,94.0,80.0,10.0,13.1,16.0,0.6,0.4,7.36,10.3,18.74,13.15,13.0,8.12,14.0,0.6,0.6,0.4,-0.25,7.1,17.72,9.3,13.0,10.7,14.0,0.6,0.6,0.4,-7.27,2.64,6.46,1.34,13.0,6.57,14.0,0.6,0.6,0.4,986.46,999.7,1011.83,1000.54,13.0,12.45,14.0,0.6,0.6,0.4,7.0,8.0,8.0,7.5,11.0,0.9,12.0,0.6,0.6,0.4,-1.0,58.2,337.5,197.1,13.0,296.0,14.0,0.6,0.6,0.4,-56.0,33.6,111.2,33.0,13.0,83.9,14.0,0.6,0.6,0.4,-0.18,5.2,9.78,4.62,13.0,4.84,14.0,0.6,0.6,0.4,-1.7,42.6,91.7,57.4,13.0,88.4,14.0,0.6,0.6,0.4,1.06,4.56,6.63,4.03,10.0,2.7,16.0,0.6,0.6,0.4,9.0,38.6,98.7,50.6,10.0,47.9,16.0,0.6,0.6,0.4,-1.0,24.5,172.7,78.9,13.0,93.9,14.0,0.6,0.6,0.4,-40.4,20.6,93.4,23.1,13.0,68.8,14.0,0.6,0.6,0.4,-5.5,16.1,120.2,50.3,10.0,64.4,16.0,0.6,0.6,0.4,-40.1,6.7,61.4,11.2,10.0,51.0,16.0,0.6,0.6,0.4,-7.0,8.9,78.9,28.6,10.0,54.9,16.0,0.6,0.6,0.4,-54.7,0.0,8.5,-14.3,10.0,31.4,16.0,0.6,0.6,0.4,419.5,1092.5,6897.0,5118.0,13.0,8664.5,14.0,0.6,0.6,0.4,420.0,1095.0,6895.0,5120.0,13.0,8665.0,14.0,0.6,0.6,0.4
1974,2,303.0,42.0,7.97,11.0,11.37,10.1,9.0,2.46,20.0,0.7,0.6,0.3,4.12,5.5,7.88,6.2,9.0,2.85,20.0,0.7,0.6,0.3,3.84,4.51,4.67,4.75,8.0,1.23,20.0,0.8,0.5,0.3,76.4,79.6,81.6,78.4,8.0,5.1,20.0,0.8,0.3,7.78,17.0,25.0,15.8,9.0,8.85,20.0,0.7,0.6,0.3,0.41,10.93,24.77,12.8,9.0,11.07,20.0,0.7,0.6,0.3,-10.48,0.0,3.3,-2.5,9.0,6.74,20.0,0.7,0.6,0.3,1007.13,1010.8,1018.98,1012.46,9.0,6.81,20.0,0.7,0.6,0.3,5.0,7.0,8.0,6.6,9.0,1.5,20.0,0.7,0.6,0.3,5.7,185.8,618.0,286.7,9.0,283.5,20.0,0.7,0.6,0.3,-177.4,0.0,39.9,-44.4,9.0,120.6,20.0,0.7,0.6,0.3,-0.34,5.5,6.45,3.9,9.0,3.78,20.0,0.7,0.6,0.3,1.6,77.0,137.5,73.0,9.0,62.3,20.0,0.7,0.6,0.3,1.02,3.7,4.1,3.19,8.0,1.68,20.0,0.8,0.5,0.3,8.9,75.2,93.9,59.9,8.0,39.2,20.0,0.8,0.5,0.3,4.2,110.0,150.7,84.2,9.0,73.8,20.0,0.7,0.6,0.3,-41.9,0.0,27.8,-6.9,9.0,33.8,20.0,0.7,0.6,0.3,0.1,79.4,114.0,65.0,8.0,51.5,20.0,0.8,0.5,0.3,-46.8,-4.7,11.0,-13.4,8.0,26.7,20.0,0.8,0.5,0.3,-1.0,59.7,93.1,48.7,8.0,44.6,20.0,0.8,0.5,0.3,-42.6,-0.7,0.8,-15.5,8.0,25.8,20.0,0.8,0.5,0.3,471.5,4913.0,15721.5,7170.5,9.0,7280.0,20.0,0.7,0.6,0.3,470.0,4915.0,15720.0,7170.0,9.0,7280.0,20.0,0.7,0.6,0.3
1974,2,303.0,43.0,2.92,4.5,6.93,5.14,13.0,2.67,20.0,0.5,0.5,0.4,-0.2,1.35,4.23,2.12,12.0,2.77,22.0,0.5,0.5,0.4,2.65,2.85,4.72,3.43,7.0,1.0,22.0,0.3,0.6,0.4,67.3,76.1,84.6,76.9,7.0,10.8,22.0,0.3,0.4,4.45,9.0,14.29,9.73,13.0,6.36,20.0,0.5,0.5,0.4,-4.47,-1.03,5.23,1.23,13.0,8.17,20.0,0.5,0.5,0.4,-9.46,-1.99,6.91,-1.84,13.0,8.42,20.0,0.5,0.5,0.4,1001.02,1016.0,1021.81,1011.73,13.0,12.15,20.0,0.5,0.5,0.4,4.7,7.0,8.0,6.3,12.0,2.8,22.0,0.6,0.5,0.4,-38.3,-4.3,42.2,38.1,13.0,181.7,20.0,0.5,0.5,0.4,-91.7,-5.2,71.2,-23.5,13.0,112.7,20.0,0.5,0.5,0.4,0.24,3.55,5.5,2.93,12.0,3.15,22.0,0.5,0.5,0.4,1.6,17.1,62.5,30.8,12.0,50.2,22.0,0.5,0.5,0.4,1.37,2.17,3.19,2.14,7.0,1.26,22.0,0.3,0.6,0.4,5.3,18.6,55.5,27.7,7.0,31.6,22.0,0.3,0.6,0.4,-5.4,-0.1,19.8,14.1,12.0,43.7,22.0,0.5,0.5,0.4,-5.0,0.0,35.5,8.5,12.0,22.5,22.0,0.5,0.5,0.4,-16.8,-4.6,17.1,11.9,7.0,48.3,22.0,0.3,0.6,0.4,-15.9,-5.5,46.1,2.5,7.0,33.2,22.0,0.3,0.6,0.4,-7.0,0.8,17.9,11.3,7.0,34.7,22.0,0.3,0.6,0.4,-18.8,-4.3,0.8,-9.2,7.0,21.1,22.0,0.3,0.6,0.4,90.5,729.0,2951.5,2246.0,13.0,4262.5,20.0,0.5,0.5,0.4,90.0,730.0,2950.0,2245.0,13.0,4260.0,20.0,0.5,0.5,0.4
1974,2,303.0,44.0,0.1,3.3,4.1,2.91,7.0,2.19,12.0,0.3,0.7,0.3,-1.89,0.2,4.56,0.71,8.0,2.95,14.0,0.4,0.6,0.4,3.2,3.85,4.21,3.71,4.0,0.62,18.0,0.3,0.5,0.5,86.4,97.8,100.0,93.4,4.0,10.4,18.0,0.3,0.5,6.11,10.05,12.83,10.75,8.0,5.57,14.0,0.4,0.6,0.4,-2.27,8.27,12.06,5.14,8.0,8.44,14.0,0.4,0.6,0.4,-1.08,3.1,8.04,4.36,8.0,6.32,14.0,0.4,0.6,0.4,1004.33,1011.45,1018.86,1008.41,8.0,14.94,14.0,0.4,0.6,0.4,5.8,7.0,8.0,6.8,6.0,1.3,16.0,0.5,0.6,0.5,-11.6,71.4,146.1,73.3,8.0,134.3,14.0,0.4,0.6,0.4,-7.6,20.5,99.1,68.7,8.0,135.9,14.0,0.4,0.6,0.4,0.71,2.9,4.38,2.1,7.0,3.52,12.0,0.3,0.7,0.3,2.6,35.7,45.9,21.4,7.0,41.5,12.0,0.3,0.7,0.3,0.08,0.76,1.08,0.59,4.0,0.73,18.0,0.3,0.5,0.5,2.1,11.8,13.9,8.2,4.0,9.3,18.0,0.3,0.5,0.5,-32.8,-5.1,2.5,-12.0,8.0,21.3,14.0,0.4,0.6,0.4,-0.4,1.7,29.1,11.3,8.0,16.7,14.0,0.4,0.6,0.4,-4.9,35.7,49.3,22.8,4.0,44.6,18.0,0.3,0.5,0.5,3.0,20.6,54.9,28.5,4.0,33.3,18.0,0.3,0.5,0.5,6.7,10.0,11.8,9.3,4.0,3.6,18.0,0.3,0.5,0.5,-1.9,1.1,7.0,2.5,4.0,6.3,18.0,0.3,0.5,0.5,230.0,1017.0,2115.0,2284.5,8.0,3814.0,14.0,0.4,0.6,0.4,230.0,1015.0,2115.0,2285.0,8.0,3815.0,14.0,0.4,0.6,0.4
1974,2,303.0,45.0,-0.05,1.0,4.25,1.92,12.0,2.55,18.0,0.5,0.6,0.3,-4.73,-2.15,2.01,-1.99,16.0,3.69,16.0,0.5,0.6,0.4,2.52,3.16,3.73,3.25,8.0,1.04,18.0,0.6,0.5,0.3,74.0,92.2,99.8,88.2,8.0,12.6,18.0,0.6,0.3,6.47,9.8,11.76,9.99,17.0,5.82,16.0,0.5,0.6,0.4,0.8,6.77,9.89,5.93,17.0,8.3,16.0,0.5,0.6,0.4,-6.15,-2.46,4.49,-1.2,17.0,5.67,16.0,0.5,0.6,0.4,999.14,1013.3,1020.95,1010.9,18.0,9.27,16.0,0.6,0.6,0.4,3.4,7.0,8.0,6.1,15.0,2.5,16.0,0.7,0.6,0.5,8.8,48.7,101.9,89.7,17.0,211.5,16.0,0.5,0.6,0.4,-63.7,-18.4,45.3,-4.8,17.0,70.3,16.0,0.5,0.6,0.4,-0.23,3.65,7.85,3.66,12.0,3.92,18.0,0.5,0.6,0.3,-4.9,49.6,79.8,41.2,11.0,53.0,18.0,0.5,0.6,0.3,-0.15,1.04,2.15,0.96,8.0,1.22,18.0,0.6,0.5,0.3,-3.0,11.7,20.2,8.9,7.0,13.5,18.0,0.6,0.5,0.4,-38.3,-14.5,9.7,-18.2,15.0,44.1,16.0,0.5,0.6,0.4,-7.2,5.9,35.7,12.4,15.0,25.8,16.0,0.5,0.6,0.4,8.0,20.4,38.1,16.3,7.0,24.5,18.0,0.6,0.5,0.4,-13.9,3.6,14.0,5.6,7.0,24.2,18.0,0.6,0.5,0.4,4.0,7.5,16.7,9.6,7.0,7.7,18.0,0.6,0.5,0.4,-11.9,-6.0,1.2,-4.8,7.0,9.0,18.0,0.6,0.5,0.4,272.0,941.0,1635.5,2361.5,17.0,6237.0,16.0,0.5,0.6,0.4,270.0,940.0,1635.0,2360.0,17.0,6235.0,16.0,0.5,0.6,0.4
1974,2,303.0,46.0,-0.68,-0.1,1.78,0.25,15.0,1.19,16.0,0.3,0.7,0.5,-4.63,-2.0,1.01,-2.33,19.0,3.46,18.0,0.3,0.7,0.5,2.08,2.89,3.93,3.04,7.0,1.07,16.0,0.1,0.7,0.5,76.7,83.9,88.5,83.0,7.0,8.3,16.0,0.1,0.5,5.69,11.3,17.29,11.36,17.0,5.34,18.0,0.2,0.6,0.5,-2.78,2.6,9.62,2.8,17.0,7.85,18.0,0.2,0.6,0.5,-4.64,2.24,11.87,2.92,17.0,9.31,18.0,0.2,0.6,0.5,998.21,1007.0,1014.95,1005.55,18.0,10.04,16.0,0.3,0.7,0.5,6.0,8.0,8.0,6.9,13.0,1.9,18.0,0.3,0.7,0.6,-15.6,6.8,105.1,22.7,17.0,113.7,18.0,0.2,0.6,0.5,-33.4,21.7,164.4,40.0,17.0,167.1,18.0,0.2,0.6,0.5,-1.17,2.6,7.28,2.8,15.0,4.18,16.0,0.3,0.7,0.5,-21.2,21.5,74.4,19.4,13.0,57.5,14.0,0.2,0.6,0.5,-0.31,0.85,1.91,0.67,7.0,1.13,16.0,0.1,0.7,0.5,-6.9,2.9,18.2,3.8,6.0,16.0,16.0,0.0,0.7,0.6,-49.8,-9.9,2.6,-20.1,17.0,34.0,18.0,0.2,0.6,0.5,-20.2,0.0,32.5,9.0,17.0,32.3,18.0,0.2,0.6,0.5,-8.9,0.0,9.7,-2.5,6.0,21.5,16.0,0.0,0.7,0.6,3.0,40.0,57.9,37.6,6.0,34.2,16.0,0.0,0.7,0.6,-2.6,0.0,7.3,2.4,6.0,12.0,16.0,0.0,0.7,0.6,-6.9,1.5,5.6,-1.1,6.0,10.9,16.0,0.0,0.7,0.6,189.5,1443.0,5386.0,2415.5,17.0,2804.0,18.0,0.2,0.6,0.5,190.0,1445.0,5385.0,2415.0,17.0,2805.0,18.0,0.2,0.6,0.5
1974,2,303.0,47.0,-1.2,-0.9,-0.8,-0.84,8.0,0.5,22.0,0.3,0.5,0.2,-5.56,-2.8,-1.35,-3.61,11.0,3.52,20.0,0.3,0.5,0.2,2.43,2.64,3.16,2.75,6.0,0.45,22.0,0.3,0.5,0.2,80.0,83.3,91.1,84.4,6.0,5.9,22.0,0.3,0.2,5.57,11.3,15.89,10.7,10.0,5.64,20.0,0.3,0.5,0.3,-7.6,-2.55,5.84,-1.34,10.0,6.83,20.0,0.3,0.5,0.3,-3.79,7.29,11.69,4.92,10.0,9.14,20.0,0.3,0.5,0.3,1006.17,1010.9,1017.01,1009.37,11.0,10.11,20.0,0.3,0.5,0.2,0.0,3.0,8.0,3.7,7.0,3.6,18.0,0.3,0.4,0.3,-107.8,-20.9,54.7,-19.1,10.0,98.3,20.0,0.3,0.5,0.3,-39.0,61.8,166.1,60.6,10.0,144.2,20.0,0.3,0.5,0.3,0.71,1.7,3.01,2.13,8.0,2.47,22.0,0.3,0.5,0.2,-0.7,4.3,24.7,11.4,7.0,19.1,22.0,0.3,0.5,0.2,0.42,0.84,1.25,0.81,6.0,0.45,22.0,0.3,0.5,0.2,1.8,3.5,14.0,6.8,6.0,7.3,22.0,0.3,0.5,0.2,-18.3,1.4,15.3,-9.8,10.0,45.1,20.0,0.3,0.5,0.3,-28.5,-8.5,13.2,6.1,10.0,55.4,20.0,0.3,0.5,0.3,-18.8,-2.7,10.4,-3.1,6.0,15.0,22.0,0.3,0.5,0.2,-3.0,14.8,37.1,17.5,6.0,25.4,22.0,0.3,0.5,0.2,-2.6,-0.4,3.8,0.2,6.0,6.1,22.0,0.3,0.5,0.2,-1.7,2.3,6.4,2.7,6.0,7.9,22.0,0.3,0.5,0.2,178.0,1477.0,4087.5,2068.0,10.0,2031.0,20.0,0.3,0.5,0.3,180.0,1475.0,4090.0,2070.0,10.0,2030.0,20.0,0.3,0.5,0.3
1974,2,303.0,50.0,-1.3,-1.3,-1.23,-1.27,3.0,0.06,8.0,0.7,0.9,0.0,-2.99,-2.1,-1.55,-2.27,3.0,1.06,8.0,0.7,0.9,0.0,2.69,3.16,3.4,3.05,3.0,0.52,8.0,0.7,0.9,0.0,86.9,95.7,98.6,92.8,3.0,8.9,8.0,0.7,0.0,9.75,14.15,18.55,14.15,2.0,9.12,8.0,0.5,1.0,0.0,-1.79,2.06,5.91,2.06,2.0,7.97,8.0,0.5,1.0,0.0,-17.07,-10.14,-3.22,-10.14,2.0,14.35,8.0,0.5,1.0,0.0,993.19,993.6,994.62,993.9,3.0,1.08,8.0,0.7,0.9,0.0,8.0,8.0,8.0,8.0,1.0,0.0,10.0,0.0,0.9,0.0,-52.6,-7.2,38.2,-7.2,2.0,94.0,8.0,0.5,1.0,0.0,-351.6,-209.0,-66.3,-209.0,2.0,295.5,8.0,0.5,1.0,0.0,0.29,0.9,1.72,1.0,3.0,1.05,8.0,0.7,0.9,0.0,16.5,17.4,18.2,17.4,2.0,1.7,8.0,0.5,1.0,0.0,0.12,0.37,0.81,0.46,3.0,0.52,8.0,0.7,0.9,0.0,7.7,7.7,7.8,7.7,2.0,0.2,8.0,0.5,1.0,0.0,-20.8,-9.3,2.2,-9.3,2.0,23.8,8.0,0.5,1.0,0.0,6.8,21.3,35.8,21.3,2.0,30.1,8.0,0.5,1.0,0.0,-6.5,3.9,14.3,3.9,2.0,21.5,8.0,0.5,1.0,0.0,-53.9,-32.0,-10.2,-32.0,2.0,45.3,8.0,0.5,1.0,0.0,0.1,3.3,6.4,3.3,2.0,6.5,8.0,0.5,1.0,0.0,-6.3,-3.8,-1.2,-3.8,2.0,5.3,8.0,0.5,1.0,0.0,1771.5,4599.0,7427.0,4599.0,2.0,5858.5,8.0,0.5,1.0,0.0,1770.0,4600.0,7425.0,4600.0,2.0,5860.0,8.0,0.5,1.0,0.0
1974,2,303.0,55.0,,,,,,,,,,,,,,,,,,,,,,,,,,,,,,,,,,,,,,,,1.79,3.5,5.21,3.5,2.0,3.54,20.0,0.5,0.5,0.6,0.15,2.48,4.82,2.48,2.0,4.84,20.0,0.5,0.5,0.6,-0.82,-0.35,0.12,-0.35,2.0,0.98,20.0,0.5,0.5,0.6,1002.78,1005.75,1008.72,1005.75,2.0,6.15,20.0,0.5,0.5,0.6,,,,,,,,,,,,,,,,,,,,,,,,,,,,,,,,,,,,,,,,,,,,,,,,,,,,,,,,,,,,,,,,,,,,,,,,,,,,,,,,,,,,,,,,,,,,,,,,,,,,,,,,,,,,,,,,,,,,,,,,,,,,,,,,,,,,,,,,,,,,,,,,,,,,,,
1974,2,303.0,56.0,1.41,2.3,4.21,2.8,3.0,2.1,18.0,0.3,0.5,0.1,-10.06,-0.5,2.91,-3.5,3.0,9.85,18.0,0.3,0.5,0.1,3.58,3.58,3.58,3.58,1.0,0.0,12.0,0.0,0.9,0.4,96.4,96.4,96.4,96.4,1.0,0.0,12.0,0.0,0.4,2.59,6.0,6.14,4.4,3.0,2.95,18.0,0.3,0.5,0.1,-4.15,-0.94,3.93,-0.13,3.0,5.96,18.0,0.3,0.5,0.1,-1.4,0.0,0.23,-0.57,3.0,1.29,18.0,0.3,0.5,0.1,997.25,1005.3,1010.62,1003.97,3.0,9.87,18.0,0.3,0.5,0.1,5.5,6.5,7.5,6.5,2.0,2.1,12.0,0.0,0.7,0.2,-23.4,-0.9,25.9,1.2,3.0,36.2,18.0,0.3,0.5,0.1,-8.4,0.0,0.2,-4.0,3.0,7.2,18.0,0.3,0.5,0.1,-1.5,2.8,14.27,6.3,3.0,11.94,18.0,0.3,0.5,0.1,2.9,16.8,88.3,44.9,3.0,67.1,18.0,0.3,0.5,0.1,0.97,0.97,0.97,0.97,1.0,0.0,12.0,0.0,0.9,0.4,5.8,5.8,5.8,5.8,1.0,0.0,12.0,0.0,0.9,0.4,-62.7,-4.2,0.6,-30.4,3.0,51.6,18.0,0.3,0.5,0.1,0.3,1.0,1.4,0.9,3.0,0.8,18.0,0.3,0.5,0.1,-20.2,-20.2,-20.2,-20.2,1.0,0.0,12.0,0.0,0.9,0.4,-7.3,-7.3,-7.3,-7.3,1.0,0.0,12.0,0.0,0.9,0.4,-5.4,-5.4,-5.4,-5.4,1.0,0.0,12.0,0.0,0.9,0.4,-2.0,-2.0,-2.0,-2.0,1.0,0.0,12.0,0.0,0.9,0.4,69.0,216.0,231.0,152.0,3.0,131.0,18.0,0.3,0.5,0.1,70.0,215.0,230.0,150.0,3.0,130.0,18.0,0.3,0.5,0.1
1974,2,304.0,-64.0,0.5,0.5,0.5,0.5,1.0,0.0,18.0,0.0,0.3,0.5,0.0,0.0,0.0,0.0,1.0,0.0,18.0,0.0,0.3,0.5,3.63,3.63,3.63,3.63,1.0,0.0,18.0,0.0,0.3,0.5,93.0,93.0,93.0,93.0,1.0,0.0,18.0,0.0,0.5,12.3,12.3,12.3,12.3,1.0,0.0,18.0,0.0,0.3,0.5,4.21,4.21,4.21,4.21,1.0,0.0,18.0,0.0,0.3,0.5,-11.56,-11.56,-11.56,-11.56,1.0,0.0,18.0,0.0,0.3,0.5,981.0,981.0,981.0,981.0,1.0,0.0,18.0,0.0,0.3,0.5,3.0,3.0,3.0,3.0,1.0,0.0,18.0,0.0,0.3,0.5,51.7,51.7,51.7,51.7,1.0,0.0,18.0,0.0,0.3,0.5,-142.2,-142.2,-142.2,-142.2,1.0,0.0,18.0,0.0,0.3,0.5,0.5,0.5,0.5,0.5,1.0,0.0,18.0,0.0,0.3,0.5,6.2,6.2,6.2,6.2,1.0,0.0,18.0,0.0,0.3,0.5,0.42,0.42,0.42,0.42,1.0,0.0,18.0,0.0,0.3,0.5,5.2,5.2,5.2,5.2,1.0,0.0,18.0,0.0,0.3,0.5,0.0,0.0,0.0,0.0,1.0,0.0,18.0,0.0,0.3,0.5,0.0,0.0,0.0,0.0,1.0,0.0,18.0,0.0,0.3,0.5,15.3,15.3,15.3,15.3,1.0,0.0,18.0,0.0,0.3,0.5,-41.9,-41.9,-41.9,-41.9,1.0,0.0,18.0,0.0,0.3,0.5,1.8,1.8,1.8,1.8,1.0,0.0,18.0,0.0,0.3,0.5,-4.8,-4.8,-4.8,-4.8,1.0,0.0,18.0,0.0,0.3,0.5,1861.0,1861.0,1861.0,1861.0,1.0,0.0,18.0,0.0,0.3,0.5,1860.0,1860.0,1860.0,1860.0,1.0,0.0,18.0,0.0,0.3,0.5
1974,2,304.0,-63.0,0.0,0.0,0.0,0.0,2.0,0.0,14.0,0.5,0.5,0.7,1.08,1.25,1.42,1.25,2.0,0.35,14.0,0.5,0.5,0.7,3.8,3.85,3.89,3.85,2.0,0.1,14.0,0.5,0.5,0.7,91.7,91.7,91.7,91.7,2.0,0.0,14.0,0.5,0.7,12.79,13.85,14.91,13.85,2.0,2.19,14.0,0.5,0.5,0.7,12.6,13.64,14.68,13.64,2.0,2.16,14.0,0.5,0.5,0.7,-2.59,-2.41,-2.22,-2.41,2.0,0.38,14.0,0.5,0.5,0.7,998.95,999.05,999.15,999.05,2.0,0.21,14.0,0.5,0.5,0.7,4.6,6.0,7.4,6.0,2.0,2.8,14.0,0.5,0.5,0.7,162.4,191.3,220.1,191.3,2.0,59.8,14.0,0.5,0.5,0.7,-38.8,-33.7,-28.6,-33.7,2.0,10.5,14.0,0.5,0.5,0.7,-1.42,-1.25,-1.08,-1.25,2.0,0.35,14.0,0.5,0.5,0.7,-18.0,-16.9,-15.9,-16.9,2.0,2.2,14.0,0.5,0.5,0.7,-0.06,-0.01,0.03,-0.01,2.0,0.1,14.0,0.5,0.5,0.7,-0.7,-0.1,0.6,-0.1,2.0,1.3,14.0,0.5,0.5,0.7,15.6,16.7,17.7,16.7,2.0,2.1,14.0,0.5,0.5,0.7,-3.1,-2.9,-2.8,-2.9,2.0,0.4,14.0,0.5,0.5,0.7,49.0,52.3,55.7,52.3,2.0,6.9,14.0,0.5,0.5,0.7,-9.8,-9.2,-8.6,-9.2,2.0,1.2,14.0,0.5,0.5,0.7,-0.7,-0.1,0.5,-0.1,2.0,1.3,14.0,0.5,0.5,0.7,-0.1,0.0,0.1,0.0,2.0,0.2,14.0,0.5,0.5,0.7,2145.0,2756.5,3368.0,2756.5,2.0,1266.5,14.0,0.5,0.5,0.7,2145.0,2755.0,3370.0,2755.0,2.0,1265.0,14.0,0.5,0.5,0.7
1974,2,304.0,-60.0,3.0,3.0,3.0,3.0,1.0,0.0,28.0,1.0,0.6,0.6,4.1,4.1,4.1,4.1,1.0,0.0,28.0,1.0,0.6,0.6,4.69,4.69,4.69,4.69,1.0,0.0,28.0,1.0,0.6,0.6,91.2,91.2,91.2,91.2,1.0,0.0,28.0,1.0,0.6,8.61,9.5,10.39,9.5,2.0,1.84,18.0,1.0,0.8,0.5,5.92,7.31,8.71,7.31,2.0,2.89,18.0,1.0,0.8,0.5,-3.55,0.44,4.43,0.44,2.0,8.26,18.0,1.0,0.8,0.5,1001.23,1005.8,1010.37,1005.8,2.0,9.48,18.0,1.0,0.8,0.5,6.2,6.5,6.8,6.5,2.0,0.7,18.0,1.0,0.8,0.5,52.4,72.1,91.8,72.1,2.0,40.9,18.0,1.0,0.8,0.5,-40.9,-3.4,34.1,-3.4,2.0,77.7,18.0,1.0,0.8,0.5,-1.1,-1.1,-1.1,-1.1,1.0,0.0,28.0,1.0,0.6,0.6,-11.9,-11.9,-11.9,-11.9,1.0,0.0,28.0,1.0,0.6,0.6,0.07,0.07,0.07,0.07,1.0,0.0,28.0,1.0,0.6,0.6,0.7,0.7,0.7,0.7,1.0,0.0,28.0,1.0,0.6,0.6,38.3,38.3,38.3,38.3,1.0,0.0,28.0,1.0,0.6,0.6,-22.1,-22.1,-22.1,-22.1,1.0,0.0,28.0,1.0,0.6,0.6,43.8,43.8,43.8,43.8,1.0,0.0,28.0,1.0,0.6,0.6,-25.3,-25.3,-25.3,-25.3,1.0,0.0,28.0,1.0,0.6,0.6,0.6,0.6,0.6,0.6,1.0,0.0,28.0,1.0,0.6,0.6,-0.4,-0.4,-0.4,-0.4,1.0,0.0,28.0,1.0,0.6,0.6,664.0,905.5,1147.5,905.5,2.0,501.0,18.0,1.0,0.8,0.5,665.0,905.0,1145.0,905.0,2.0,500.0,18.0,1.0,0.8,0.5
1974,2,304.0,-59.0,3.9,3.9,3.9,3.9,1.0,0.0,28.0,0.0,0.1,0.5,4.0,4.0,4.0,4.0,1.0,0.0,28.0,0.0,0.1,0.5,4.72,4.72,4.72,4.72,1.0,0.0,28.0,0.0,0.1,0.5,92.5,92.5,92.5,92.5,1.0,0.0,28.0,0.0,0.5,6.7,6.7,6.7,6.7,1.0,0.0,28.0,0.0,0.1,0.5,5.13,5.13,5.13,5.13,1.0,0.0,28.0,0.0,0.1,0.5,-4.31,-4.31,-4.31,-4.31,1.0,0.0,28.0,0.0,0.1,0.5,999.2,999.2,999.2,999.2,1.0,0.0,28.0,0.0,0.1,0.5,5.0,5.0,5.0,5.0,1.0,0.0,28.0,0.0,0.1,0.5,34.4,34.4,34.4,34.4,1.0,0.0,28.0,0.0,0.1,0.5,-28.9,-28.9,-28.9,-28.9,1.0,0.0,28.0,0.0,0.1,0.5,-0.1,-0.1,-0.1,-0.1,1.0,0.0,28.0,0.0,0.1,0.5,-0.7,-0.7,-0.7,-0.7,1.0,0.0,28.0,0.0,0.1,0.5,0.35,0.35,0.35,0.35,1.0,0.0,28.0,0.0,0.1,0.5,2.3,2.3,2.3,2.3,1.0,0.0,28.0,0.0,0.1,0.5,20.5,20.5,20.5,20.5,1.0,0.0,28.0,0.0,0.1,0.5,-17.2,-17.2,-17.2,-17.2,1.0,0.0,28.0,0.0,0.1,0.5,24.2,24.2,24.2,24.2,1.0,0.0,28.0,0.0,0.1,0.5,-20.3,-20.3,-20.3,-20.3,1.0,0.0,28.0,0.0,0.1,0.5,1.8,1.8,1.8,1.8,1.0,0.0,28.0,0.0,0.1,0.5,-1.5,-1.5,-1.5,-1.5,1.0,0.0,28.0,0.0,0.1,0.5,301.0,301.0,301.0,301.0,1.0,0.0,28.0,0.0,0.1,0.5,300.0,300.0,300.0,300.0,1.0,0.0,28.0,0.0,0.1,0.5
1974,2,304.0,-55.0,6.7,6.7,6.7,6.7,1.0,0.0,16.0,1.0,0.5,0.1,6.6,6.6,6.6,6.6,1.0,0.0,16.0,1.0,0.5,0.1,5.18,5.18,5.18,5.18,1.0,0.0,16.0,1.0,0.5,0.1,86.4,86.4,86.4,86.4,1.0,0.0,16.0,1.0,0.1,2.6,2.6,2.6,2.6,1.0,0.0,16.0,1.0,0.5,0.1,2.6,2.6,2.6,2.6,1.0,0.0,16.0,1.0,0.5,0.1,0.0,0.0,0.0,0.0,1.0,0.0,16.0,1.0,0.5,0.1,1018.5,1018.5,1018.5,1018.5,1.0,0.0,16.0,1.0,0.5,0.1,8.0,8.0,8.0,8.0,1.0,0.0,16.0,1.0,0.5,0.1,6.8,6.8,6.8,6.8,1.0,0.0,16.0,1.0,0.5,0.1,0.0,0.0,0.0,0.0,1.0,0.0,16.0,1.0,0.5,0.1,0.1,0.1,0.1,0.1,1.0,0.0,16.0,1.0,0.5,0.1,0.3,0.3,0.3,0.3,1.0,0.0,16.0,1.0,0.5,0.1,0.86,0.86,0.86,0.86,1.0,0.0,16.0,1.0,0.5,0.1,2.2,2.2,2.2,2.2,1.0,0.0,16.0,1.0,0.5,0.1,17.2,17.2,17.2,17.2,1.0,0.0,16.0,1.0,0.5,0.1,0.0,0.0,0.0,0.0,1.0,0.0,16.0,1.0,0.5,0.1,13.5,13.5,13.5,13.5,1.0,0.0,16.0,1.0,0.5,0.1,0.0,0.0,0.0,0.0,1.0,0.0,16.0,1.0,0.5,0.1,2.2,2.2,2.2,2.2,1.0,0.0,16.0,1.0,0.5,0.1,0.0,0.0,0.0,0.0,1.0,0.0,16.0,1.0,0.5,0.1,17.5,17.5,17.5,17.5,1.0,0.0,16.0,1.0,0.5,0.1,20.0,20.0,20.0,20.0,1.0,0.0,16.0,1.0,0.5,0.1
1974,2,304.0,-54.0,7.2,7.2,7.2,7.2,1.0,0.0,10.0,0.0,0.8,0.8,6.1,6.1,6.1,6.1,1.0,0.0,10.0,0.0,0.8,0.8,4.72,4.72,4.72,4.72,1.0,0.0,10.0,0.0,0.8,0.8,81.7,81.7,81.7,81.7,1.0,0.0,10.0,0.0,0.8,2.6,2.6,2.6,2.6,1.0,0.0,10.0,0.0,0.8,0.8,2.6,2.6,2.6,2.6,1.0,0.0,10.0,0.0,0.8,0.8,0.0,0.0,0.0,0.0,1.0,0.0,10.0,0.0,0.8,0.8,1019.4,1019.4,1019.4,1019.4,1.0,0.0,10.0,0.0,0.8,0.8,6.0,6.0,6.0,6.0,1.0,0.0,10.0,0.0,0.8,0.8,6.8,6.8,6.8,6.8,1.0,0.0,10.0,0.0,0.8,0.8,0.0,0.0,0.0,0.0,1.0,0.0,10.0,0.0,0.8,0.8,1.1,1.1,1.1,1.1,1.0,0.0,10.0,0.0,0.8,0.8,2.9,2.9,2.9,2.9,1.0,0.0,10.0,0.0,0.8,0.8,1.52,1.52,1.52,1.52,1.0,0.0,10.0,0.0,0.8,0.8,4.0,4.0,4.0,4.0,1.0,0.0,10.0,0.0,0.8,0.8,15.9,15.9,15.9,15.9,1.0,0.0,10.0,0.0,0.8,0.8,0.0,0.0,0.0,0.0,1.0,0.0,10.0,0.0,0.8,0.8,12.3,12.3,12.3,12.3,1.0,0.0,10.0,0.0,0.8,0.8,0.0,0.0,0.0,0.0,1.0,0.0,10.0,0.0,0.8,0.8,4.0,4.0,4.0,4.0,1.0,0.0,10.0,0.0,0.8,0.8,0.0,0.0,0.0,0.0,1.0,0.0,10.0,0.0,0.8,0.8,17.5,17.5,17.5,17.5,1.0,0.0,10.0,0.0,0.8,0.8,20.0,20.0,20.0,20.0,1.0,0.0,10.0,0.0,0.8,0.8
1974,2,304.0,-53.0,7.9,7.9,7.9,7.9,1.0,0.0,10.0,1.0,0.3,0.2,5.9,5.9,5.9,5.9,1.0,0.0,10.0,1.0,0.3,0.2,4.88,4.88,4.88,4.88,1.0,0.0,10.0,1.0,0.3,0.2,85.8,85.8,85.8,85.8,1.0,0.0,10.0,1.0,0.2,5.1,5.1,5.1,5.1,1.0,0.0,10.0,1.0,0.3,0.2,2.55,2.55,2.55,2.55,1.0,0.0,10.0,1.0,0.3,0.2,4.42,4.42,4.42,4.42,1.0,0.0,10.0,1.0,0.3,0.2,1023.2,1023.2,1023.2,1023.2,1.0,0.0,10.0,1.0,0.3,0.2,7.0,7.0,7.0,7.0,1.0,0.0,10.0,1.0,0.3,0.2,13.0,13.0,13.0,13.0,1.0,0.0,10.0,1.0,0.3,0.2,22.5,22.5,22.5,22.5,1.0,0.0,10.0,1.0,0.3,0.2,2.0,2.0,2.0,2.0,1.0,0.0,10.0,1.0,0.3,0.2,10.2,10.2,10.2,10.2,1.0,0.0,10.0,1.0,0.3,0.2,1.65,1.65,1.65,1.65,1.0,0.0,10.0,1.0,0.3,0.2,8.4,8.4,8.4,8.4,1.0,0.0,10.0,1.0,0.3,0.2,15.0,15.0,15.0,15.0,1.0,0.0,10.0,1.0,0.3,0.2,26.1,26.1,26.1,26.1,1.0,0.0,10.0,1.0,0.3,0.2,12.4,12.4,12.4,12.4,1.0,0.0,10.0,1.0,0.3,0.2,21.5,21.5,21.5,21.5,1.0,0.0,10.0,1.0,0.3,0.2,4.2,4.2,4.2,4.2,1.0,0.0,10.0,1.0,0.3,0.2,7.3,7.3,7.3,7.3,1.0,0.0,10.0,1.0,0.3,0.2,132.5,132.5,132.5,132.5,1.0,0.0,10.0,1.0,0.3,0.2,135.0,135.0,135.0,135.0,1.0,0.0,10.0,1.0,0.3,0.2
1974,2,304.0,-51.0,,,,,,,,,,,,,,,,,,,,,,,,,,,,,,,,,,,,,,,,5.0,5.0,5.0,5.0,1.0,0.0,18.0,1.0,0.6,0.7,-3.83,-3.83,-3.83,-3.83,1.0,0.0,18.0,1.0,0.6,0.7,3.21,3.21,3.21,3.21,1.0,0.0,18.0,1.0,0.6,0.7,1014.2,1014.2,1014.2,1014.2,1.0,0.0,18.0,1.0,0.6,0.7,,,,,,,,,,,,,,,,,,,,,,,,,,,,,,,,,,,,,,,,,,,,,,,,,,,,,,,,,,,,,,,,,,,,,,,,,,,,,,,,,,,,,,,,,,,,,,,,,,,,,,,,,,,,,,,,,,,,,,,,,,,,,,,,,,,,,,,,,,,,,,,,,,,,,,
1974,2,304.0,-46.0,,,,,,,,,,,,,,,,,,,,,,,,,,,,,,,,,,,,,,,,6.2,6.2,6.2,6.2,1.0,0.0,20.0,1.0,0.5,0.7,-3.99,-3.99,-3.99,-3.99,1.0,0.0,20.0,1.0,0.5,0.7,4.75,4.75,4.75,4.75,1.0,0.0,20.0,1.0,0.5,0.7,1014.2,1014.2,1014.2,1014.2,1.0,0.0,20.0,1.0,0.5,0.7,3.0,3.0,3.0,3.0,1.0,0.0,20.0,1.0,0.5,0.7,-24.7,-24.7,-24.7,-24.7,1.0,0.0,20.0,1.0,0.5,0.7,29.4,29.4,29.4,29.4,1.0,0.0,20.0,1.0,0.5,0.7,,,,,,,,,,,,,,,,,,,,,,,,,,,,,,,,,,,,,,,,,-57.8,-57.8,-57.8,-57.8,1.0,0.0,20.0,1.0,0.5,0.7,68.9,68.9,68.9,68.9,1.0,0.0,20.0,1.0,0.5,0.7,-35.1,-35.1,-35.1,-35.1,1.0,0.0,20.0,1.0,0.5,0.7,41.8,41.8,41.8,41.8,1.0,0.0,20.0,1.0,0.5,0.7,,,,,,,,,,,,,,,,,,,,,,,,,,,,,,,,,,,,,,,,
1974,2,304.0,-45.0,16.0,16.0,16.68,16.33,3.0,0.58,20.0,0.7,0.6,0.4,14.65,15.4,16.49,15.57,3.0,1.36,20.0,0.7,0.6,0.4,10.53,10.53,10.53,10.53,1.0,0.0,24.0,1.0,0.9,0.3,88.0,88.0,88.0,88.0,1.0,0.0,24.0,1.0,0.3,5.02,5.05,5.08,5.05,2.0,0.07,20.0,1.0,0.8,0.5,-3.78,-2.61,-1.43,-2.61,2.0,2.44,20.0,1.0,0.8,0.5,-1.31,1.26,3.83,1.26,2.0,5.32,20.0,1.0,0.8,0.5,1013.73,1015.1,1017.08,1015.4,3.0,2.46,20.0,0.7,0.6,0.4,6.0,8.0,8.0,7.0,3.0,1.7,20.0,0.7,0.6,0.4,-18.9,-13.1,-7.2,-13.1,2.0,12.1,20.0,1.0,0.8,0.5,-6.5,6.6,19.6,6.6,2.0,27.0,20.0,1.0,0.8,0.5,0.19,0.6,1.35,0.77,3.0,0.86,20.0,0.7,0.6,0.4,0.5,1.5,2.5,1.5,2.0,2.1,20.0,1.0,0.8,0.5,1.45,1.45,1.45,1.45,1.0,0.0,24.0,1.0,0.9,0.3,7.4,7.4,7.4,7.4,1.0,0.0,24.0,1.0,0.9,0.3,-58.5,-40.9,-23.2,-40.9,2.0,36.5,20.0,1.0,0.8,0.5,-18.8,23.4,65.7,23.4,2.0,87.6,20.0,1.0,0.8,0.5,-9.3,-9.3,-9.3,-9.3,1.0,0.0,24.0,1.0,0.9,0.3,52.9,52.9,52.9,52.9,1.0,0.0,24.0,1.0,0.9,0.3,-1.3,-1.3,-1.3,-1.3,1.0,0.0,24.0,1.0,0.9,0.3,7.3,7.3,7.3,7.3,1.0,0.0,24.0,1.0,0.9,0.3,126.0,129.0,131.5,129.0,2.0,5.5,20.0,1.0,0.8,0.5,125.0,130.0,130.0,130.0,2.0,5.0,20.0,1.0,0.8,0.5
1974,2,304.0,-44.0,15.52,16.65,17.78,16.65,2.0,2.33,26.0,0.5,0.5,0.9,14.56,15.55,16.54,15.55,2.0,2.05,20.0,0.5,0.3,0.4,8.73,8.88,9.03,8.88,2.0,0.31,20.0,0.5,0.3,0.4,78.0,81.7,85.4,81.7,2.0,7.7,20.0,0.5,0.4,5.45,6.2,8.66,7.03,3.0,2.46,24.0,0.7,0.3,0.6,-1.16,4.75,4.85,1.91,3.0,5.04,24.0,0.7,0.3,0.6,-7.06,-3.99,0.97,-3.06,3.0,5.94,24.0,0.7,0.3,0.6,1013.25,1017.0,1019.12,1016.2,3.0,4.36,24.0,0.7,0.3,0.6,3.8,5.5,7.2,5.5,2.0,3.5,22.0,1.0,0.3,0.6,-4.3,29.4,42.1,19.2,3.0,35.1,24.0,0.7,0.3,0.6,-64.6,-24.7,3.6,-30.4,3.0,50.2,24.0,0.7,0.3,0.6,0.9,0.9,0.9,0.9,1.0,0.0,24.0,0.0,0.4,0.7,4.6,4.6,4.6,4.6,1.0,0.0,24.0,0.0,0.4,0.7,1.88,1.88,1.88,1.88,1.0,0.0,24.0,0.0,0.4,0.7,9.6,9.6,9.6,9.6,1.0,0.0,24.0,0.0,0.4,0.7,-33.5,12.8,59.2,12.8,2.0,96.0,20.0,0.5,0.3,0.4,-49.7,-10.8,28.1,-10.8,2.0,80.6,20.0,0.5,0.3,0.4,-21.6,4.7,31.0,4.7,2.0,54.5,20.0,0.5,0.3,0.4,-26.0,-3.9,18.1,-3.9,2.0,45.7,20.0,0.5,0.3,0.4,-7.3,-7.3,-7.3,-7.3,1.0,0.0,24.0,0.0,0.4,0.7,6.2,6.2,6.2,6.2,1.0,0.0,24.0,0.0,0.4,0.7,166.0,238.5,718.0,437.5,3.0,439.5,24.0,0.7,0.3,0.6,165.0,240.0,720.0,435.0,3.0,440.0,24.0,0.7,0.3,0.6
1974,2,304.0,-41.0,14.0,14.0,14.96,14.47,3.0,0.81,22.0,0.3,0.6,0.5,15.57,16.25,17.3,16.43,4.0,1.32,18.0,0.3,0.7,0.5,9.59,9.94,10.28,9.94,2.0,0.72,16.0,0.0,0.8,0.6,82.9,86.4,89.8,86.4,2.0,7.1,16.0,0.0,0.6,2.24,5.65,7.86,5.08,4.0,3.38,18.0,0.3,0.7,0.5,-2.02,0.17,2.02,0.01,4.0,3.03,18.0,0.3,0.7,0.5,-7.37,-3.8,-0.77,-4.06,4.0,3.82,18.0,0.3,0.7,0.5,1005.97,1015.6,1017.74,1012.03,4.0,9.92,18.0,0.3,0.7,0.5,3.5,5.0,6.0,4.8,4.0,1.5,18.0,0.3,0.7,0.5,-15.5,0.2,6.8,-4.1,4.0,18.0,18.0,0.3,0.7,0.5,-58.0,-26.8,-1.6,-29.6,4.0,32.8,18.0,0.3,0.7,0.5,-3.18,-1.0,-0.93,-2.03,3.0,1.88,22.0,0.3,0.6,0.5,-25.1,-6.9,-2.9,-13.8,3.0,17.4,22.0,0.3,0.6,0.5,0.34,0.34,0.34,0.34,1.0,0.0,28.0,0.0,0.7,0.7,2.6,2.6,2.6,2.6,1.0,0.0,28.0,0.0,0.7,0.7,-32.9,2.6,32.5,0.0,4.0,49.2,18.0,0.3,0.7,0.5,-128.0,-61.4,-12.0,-69.6,4.0,68.1,18.0,0.3,0.7,0.5,-28.5,-3.4,21.7,-3.4,2.0,52.1,16.0,0.0,0.8,0.6,-59.5,-37.8,-16.0,-37.8,2.0,45.1,16.0,0.0,0.8,0.6,-1.3,-1.3,-1.3,-1.3,1.0,0.0,28.0,0.0,0.7,0.7,-2.3,-2.3,-2.3,-2.3,1.0,0.0,28.0,0.0,0.7,0.7,22.5,251.5,485.5,254.0,4.0,267.5,18.0,0.3,0.7,0.5,25.0,250.0,485.0,255.0,4.0,265.0,18.0,0.3,0.7,0.5
1974,2,304.0,-40.0,13.5,13.5,13.5,13.5,1.0,0.0,20.0,1.0,0.1,0.6,16.8,16.8,16.8,16.8,1.0,0.0,20.0,1.0,0.1,0.6,10.96,10.96,10.96,10.96,1.0,0.0,20.0,1.0,0.1,0.6,92.0,92.0,92.0,92.0,1.0,0.0,20.0,1.0,0.6,,,,,,,,,,,,,,,,,,,,,,,,,,,,,,,,,,,,,,,,,,,,,,,,,,,,,,,,,,,,,,,,,,,,,,,,,,,,,,,,,,,,,,,,,,,,,,,,,,,,,,,,,,,,,,,,,,,,,,,,,,,,,,,,,,,,,,,,,,,,,,,,,,,,,,,,,,,,,,,,,,,,,,,,,,,,,,,,,,,,,,,,,,,,,,
1974,2,304.0,-39.0,14.0,14.0,14.0,14.0,1.0,0.0,20.0,0.0,0.8,0.2,16.0,16.0,16.0,16.0,1.0,0.0,20.0,0.0,0.8,0.2,10.9,10.9,10.9,10.9,1.0,0.0,20.0,0.0,0.8,0.2,96.2,96.2,96.2,96.2,1.0,0.0,20.0,0.0,0.2,,,,,,,,,,,,,,,,,,,,,,,,,,,,,,,,,,,,,,,,,,,,,,,,,,,,,,,,,,,,,,,,,,,,,,,,,,,,,,,,,,,,,,,,,,,,,,,,,,,,,,,,,,,,,,,,,,,,,,,,,,,,,,,,,,,,,,,,,,,,,,,,,,,,,,,,,,,,,,,,,,,,,,,,,,,,,,,,,,,,,,,,,,,,,,
1974,2,304.0,-38.0,,,,,,,,,,,,,,,,,,,,,,,,,,,,,,,,,,,,,,,,4.32,5.0,5.68,5.0,2.0,1.41,20.0,0.5,0.5,0.6,-0.66,0.16,0.99,0.16,2.0,1.7,20.0,0.5,0.5,0.6,-5.57,-4.83,-4.1,-4.83,2.0,1.52,20.0,0.5,0.5,0.6,1012.32,1014.3,1016.28,1014.3,2.0,4.1,20.0,0.5,0.5,0.6,,,,,,,,,,,,,,,,,,,,,,,,,,,,,,,,,,,,,,,,,,,,,,,,,,,,,,,,,,,,,,,,,,,,,,,,,,,,,,,,,,,,,,,,,,,,,,,,,,,,,,,,,,,,,,,,,,,,,,,,,,,,,,,,,,,,,,,,,,,,,,,,,,,,,,
1974,2,304.0,-37.0,,,,,,,,,,,,,,,,,,,,,,,,,,,,,,,,,,,,,,,,4.32,5.0,5.68,5.0,2.0,1.41,20.0,1.0,0.6,0.6,-0.47,0.76,2.0,0.76,2.0,2.55,20.0,1.0,0.6,0.6,-4.48,-1.42,1.64,-1.42,2.0,6.34,20.0,1.0,0.6,0.6,1018.6,1018.6,1018.6,1018.6,1.0,0.0,28.0,1.0,0.5,0.6,,,,,,,,,,,,,,,,,,,,,,,,,,,,,,,,,,,,,,,,,,,,,,,,,,,,,,,,,,,,,,,,,,,,,,,,,,,,,,,,,,,,,,,,,,,,,,,,,,,,,,,,,,,,,,,,,,,,,,,,,,,,,,,,,,,,,,,,,,,,,,,,,,,,,,
1974,2,304.0,-36.0,21.0,23.0,24.0,22.77,11.0,1.57,20.0,0.5,0.7,0.8,20.0,21.5,24.41,22.25,11.0,3.05,20.0,0.5,0.7,0.8,8.42,11.18,15.01,11.69,4.0,4.19,20.0,0.5,0.9,0.8,61.5,67.7,81.1,71.1,4.0,14.8,20.0,0.5,0.8,4.0,4.35,5.87,4.64,10.0,1.38,20.0,0.5,0.7,0.9,-4.19,-2.52,0.36,-2.34,10.0,2.48,20.0,0.5,0.7,0.9,-3.97,0.0,3.3,-0.41,10.0,3.66,20.0,0.5,0.7,0.9,1014.06,1017.2,1018.85,1016.91,11.0,2.17,20.0,0.5,0.7,0.8,0.4,1.5,2.6,1.8,10.0,1.8,20.0,0.5,0.7,0.8,-19.2,-11.7,1.6,-11.7,10.0,14.3,20.0,0.5,0.7,0.9,-22.5,0.0,13.4,-3.5,10.0,19.9,20.0,0.5,0.7,0.9,-3.41,2.0,3.41,0.53,11.0,3.15,20.0,0.5,0.7,0.8,-10.4,10.3,19.0,6.0,10.0,14.9,20.0,0.5,0.7,0.9,-0.06,5.36,8.55,4.29,4.0,5.34,20.0,0.5,0.9,0.8,3.7,36.8,43.1,23.7,3.0,31.0,16.0,0.7,0.9,0.9,-91.3,-66.6,7.1,-51.5,10.0,53.6,20.0,0.5,0.7,0.9,-89.3,0.0,76.0,-8.8,10.0,76.6,20.0,0.5,0.7,0.9,-5.6,13.4,22.5,8.6,3.0,21.0,16.0,0.7,0.9,0.9,-38.5,36.8,38.7,1.0,3.0,64.5,16.0,0.7,0.9,0.9,-12.0,-4.0,7.3,-2.4,3.0,14.2,16.0,0.7,0.9,0.9,18.4,34.6,40.5,29.6,3.0,16.7,16.0,0.7,0.9,0.9,64.0,83.0,203.0,123.5,10.0,99.0,20.0,0.5,0.7,0.9,65.0,85.0,205.0,125.0,10.0,100.0,20.0,0.5,0.7,0.9
1974,2,304.0,6.0,26.48,27.0,28.0,27.14,7.0,0.75,12.0,0.6,0.4,0.5,25.56,26.0,26.79,26.24,7.0,1.17,12.0,0.6,0.4,0.5,16.11,16.28,18.01,17.06,7.0,1.64,12.0,0.6,0.4,0.5,76.9,81.1,83.5,80.0,7.0,4.6,12.0,0.6,0.5,5.0,5.1,7.72,5.71,7.0,1.74,12.0,0.6,0.4,0.5,-6.01,-3.91,-2.86,-4.56,7.0,2.13,12.0,0.6,0.4,0.5,-4.8,-3.28,-1.01,-2.76,7.0,1.85,12.0,0.6,0.4,0.5,1010.42,1011.2,1013.55,1011.66,7.0,1.91,12.0,0.6,0.4,0.5,1.9,3.0,5.1,3.3,7.0,2.3,12.0,0.6,0.4,0.5,-46.5,-19.9,-9.0,-28.7,7.0,21.2,12.0,0.6,0.4,0.5,-25.1,-16.7,-3.1,-15.8,7.0,12.9,12.0,0.6,0.4,0.5,0.26,1.0,1.8,0.9,7.0,0.86,12.0,0.6,0.4,0.5,0.7,5.1,11.0,5.1,7.0,6.1,12.0,0.6,0.4,0.5,4.44,4.85,6.8,5.47,7.0,1.67,12.0,0.6,0.4,0.5,22.4,27.9,39.6,32.0,7.0,16.7,12.0,0.6,0.4,0.5,-158.3,-101.6,-76.2,-120.9,7.0,61.4,12.0,0.6,0.4,0.5,-124.8,-81.0,-27.0,-71.2,7.0,48.2,12.0,0.6,0.4,0.5,-92.8,-63.3,-50.6,-78.6,7.0,42.9,12.0,0.6,0.4,0.5,-75.4,-53.0,-17.9,-45.3,7.0,30.5,12.0,0.6,0.4,0.5,-36.7,-21.4,-13.0,-25.4,7.0,14.6,12.0,0.6,0.4,0.5,-22.5,-15.9,-4.6,-16.5,7.0,13.7,12.0,0.6,0.4,0.5,127.5,132.5,461.0,231.5,7.0,193.5,12.0,0.6,0.4,0.5,130.0,135.0,460.0,230.0,7.0,195.0,12.0,0.6,0.4,0.5
1974,2,304.0,7.0,26.63,27.2,27.81,27.22,5.0,0.64,14.0,0.6,0.4,0.7,25.32,26.5,27.37,26.4,5.0,1.19,14.0,0.6,0.4,0.7,17.07,17.37,20.01,18.48,5.0,2.28,14.0,0.6,0.4,0.7,81.5,86.2,89.7,85.6,5.0,6.7,14.0,0.6,0.7,5.07,8.2,10.4,7.82,5.0,3.44,14.0,0.6,0.4,0.7,-9.77,-8.2,-0.48,-5.65,5.0,5.65,14.0,0.6,0.4,0.7,-4.8,-3.18,-1.26,-3.04,5.0,2.21,14.0,0.6,0.4,0.7,1009.45,1010.2,1011.51,1010.42,5.0,1.43,14.0,0.6,0.4,0.7,1.6,4.0,5.4,3.6,5.0,2.1,14.0,0.6,0.4,0.7,-103.5,-67.2,-5.7,-59.3,5.0,59.1,14.0,0.6,0.4,0.7,-41.8,-29.6,-3.9,-24.7,5.0,21.4,14.0,0.6,0.4,0.7,-0.79,1.5,2.2,0.82,5.0,1.62,14.0,0.6,0.4,0.7,-6.8,4.7,18.9,5.8,5.0,13.2,14.0,0.6,0.4,0.7,2.95,5.06,5.6,4.18,5.0,2.59,14.0,0.6,0.4,0.7,9.1,49.0,53.7,34.5,5.0,26.6,14.0,0.6,0.4,0.7,-252.7,-209.1,-14.7,-147.2,5.0,148.3,14.0,0.6,0.4,0.7,-131.7,-79.5,-33.5,-81.8,5.0,61.6,14.0,0.6,0.4,0.7,-166.5,-142.5,-13.9,-98.1,5.0,95.9,14.0,0.6,0.4,0.7,-92.4,-54.8,-23.6,-58.6,5.0,47.9,14.0,0.6,0.4,0.7,-51.7,-47.1,4.9,-27.9,5.0,31.8,14.0,0.6,0.4,0.7,-18.4,-10.1,0.8,-9.1,5.0,10.1,14.0,0.6,0.4,0.7,162.0,551.5,1190.0,697.0,5.0,714.5,14.0,0.6,0.4,0.7,160.0,550.0,1190.0,695.0,5.0,715.0,14.0,0.6,0.4,0.7
1974,2,304.0,8.0,25.94,26.6,27.63,26.78,4.0,1.09,22.0,0.5,0.4,0.2,25.1,25.6,26.1,25.6,4.0,0.59,22.0,0.5,0.4,0.2,15.73,16.22,16.9,16.31,4.0,0.89,22.0,0.5,0.4,0.2,77.3,79.5,81.8,79.6,4.0,2.6,22.0,0.5,0.2,7.2,7.45,7.7,7.45,4.0,0.29,22.0,0.5,0.4,0.2,-7.01,-6.5,-5.56,-6.3,4.0,0.99,22.0,0.5,0.4,0.2,-4.8,-3.12,-2.54,-3.65,4.0,1.58,22.0,0.5,0.4,0.2,1009.5,1011.35,1012.46,1011.0,4.0,1.86,22.0,0.5,0.4,0.2,2.5,3.5,5.6,4.0,4.0,2.2,22.0,0.5,0.4,0.2,-52.4,-46.8,-41.3,-46.9,4.0,7.4,22.0,0.5,0.4,0.2,-36.1,-23.1,-18.9,-27.3,4.0,12.5,22.0,0.5,0.4,0.2,0.84,1.0,1.52,1.18,4.0,0.57,22.0,0.5,0.4,0.2,6.3,7.7,11.2,8.7,4.0,4.0,22.0,0.5,0.4,0.2,5.17,5.75,6.37,5.76,4.0,0.72,22.0,0.5,0.4,0.2,38.5,42.9,47.3,42.9,4.0,5.1,22.0,0.5,0.4,0.2,-179.9,-166.6,-141.6,-161.0,4.0,24.4,22.0,0.5,0.4,0.2,-123.2,-78.2,-65.4,-93.6,4.0,41.5,22.0,0.5,0.4,0.2,-118.0,-106.6,-87.4,-102.9,4.0,18.5,22.0,0.5,0.4,0.2,-76.3,-49.1,-42.9,-59.1,4.0,24.9,22.0,0.5,0.4,0.2,-40.5,-34.8,-31.8,-36.1,4.0,6.1,22.0,0.5,0.4,0.2,-28.1,-17.7,-14.6,-21.2,4.0,10.3,22.0,0.5,0.4,0.2,373.0,415.0,456.5,415.0,4.0,48.0,22.0,0.5,0.4,0.2,375.0,415.0,455.0,415.0,4.0,50.0,22.0,0.5,0.4,0.2
1974,2,304.0,9.0,25.73,26.6,27.42,26.58,4.0,1.07,14.0,0.5,0.2,0.7,25.14,25.35,26.5,25.8,4.0,1.15,14.0,0.5,0.2,0.7,14.31,15.01,16.09,15.19,4.0,1.12,14.0,0.5,0.2,0.7,69.5,72.0,77.4,73.4,4.0,6.1,14.0,0.5,0.7,7.68,9.25,10.3,9.0,4.0,1.56,14.0,0.5,0.2,0.7,-8.05,-6.86,-5.91,-6.98,4.0,1.51,14.0,0.5,0.2,0.7,-7.12,-5.72,-3.11,-5.14,4.0,2.83,14.0,0.5,0.2,0.7,1010.61,1012.5,1012.81,1011.75,4.0,1.92,14.0,0.5,0.2,0.7,4.0,4.5,5.5,4.8,4.0,1.0,14.0,0.5,0.2,0.7,-80.6,-59.6,-46.9,-63.6,4.0,21.6,14.0,0.5,0.2,0.7,-67.8,-52.3,-29.2,-48.7,4.0,29.8,14.0,0.5,0.2,0.7,-0.58,1.4,2.07,0.78,4.0,2.06,14.0,0.5,0.2,0.7,-6.4,11.9,16.6,5.4,4.0,19.2,14.0,0.5,0.2,0.7,5.18,6.46,8.04,6.61,4.0,1.81,14.0,0.5,0.2,0.7,44.6,60.2,73.2,58.9,4.0,16.6,14.0,0.5,0.2,0.7,-214.3,-172.8,-148.7,-181.1,4.0,47.1,14.0,0.5,0.2,0.7,-179.0,-150.3,-84.1,-132.4,4.0,71.0,14.0,0.5,0.2,0.7,-128.5,-105.7,-84.6,-106.5,4.0,27.1,14.0,0.5,0.2,0.7,-101.8,-85.6,-48.9,-75.8,4.0,38.9,14.0,0.5,0.2,0.7,-47.0,-44.1,-41.2,-44.1,4.0,3.4,14.0,0.5,0.2,0.7,-56.1,-39.8,-15.2,-35.8,4.0,24.3,14.0,0.5,0.2,0.7,458.0,822.0,1092.5,777.5,4.0,371.0,14.0,0.5,0.2,0.7,460.0,820.0,1095.0,780.0,4.0,370.0,14.0,0.5,0.2,0.7
1974,2,304.0,10.0,25.6,26.6,27.2,26.41,13.0,1.0,12.0,0.5,0.7,0.5,25.34,25.6,26.16,25.87,15.0,0.84,12.0,0.5,0.6,0.5,15.02,15.81,17.37,16.0,11.0,1.07,10.0,0.6,0.7,0.5,72.0,75.4,82.9,76.7,11.0,6.3,10.0,0.6,0.5,8.16,10.3,12.77,10.36,15.0,3.02,12.0,0.5,0.6,0.5,-12.19,-10.0,-6.97,-9.72,15.0,3.0,12.0,0.5,0.6,0.5,-5.17,-2.24,-0.35,-2.6,15.0,2.58,12.0,0.5,0.6,0.5,1009.71,1012.2,1014.04,1011.89,15.0,2.03,12.0,0.5,0.6,0.5,2.1,4.0,6.9,4.1,14.0,2.1,12.0,0.6,0.6,0.5,-154.6,-100.0,-57.8,-108.9,15.0,58.2,12.0,0.5,0.6,0.5,-54.7,-25.9,-1.6,-29.0,15.0,32.5,12.0,0.5,0.6,0.5,-0.65,0.5,2.08,0.53,13.0,1.64,12.0,0.5,0.7,0.5,-8.4,6.2,15.1,5.3,13.0,16.8,12.0,0.5,0.7,0.5,3.59,5.59,6.48,5.09,10.0,1.7,10.0,0.7,0.7,0.5,25.7,61.5,75.1,53.1,10.0,26.6,10.0,0.7,0.7,0.5,-309.4,-253.0,-180.9,-251.2,15.0,76.4,12.0,0.5,0.6,0.5,-132.1,-54.7,-8.9,-67.7,15.0,67.9,12.0,0.5,0.6,0.5,-190.8,-162.7,-107.0,-155.9,11.0,51.8,10.0,0.6,0.7,0.5,-95.2,-52.4,-26.3,-53.4,11.0,34.7,10.0,0.6,0.7,0.5,-71.8,-55.5,-24.1,-49.9,10.0,26.3,10.0,0.7,0.7,0.5,-25.7,-14.1,-9.2,-16.9,10.0,8.2,10.0,0.7,0.7,0.5,544.5,1092.5,2083.5,1368.0,15.0,1015.5,12.0,0.5,0.6,0.5,545.0,1095.0,2085.0,1370.0,15.0,1015.0,12.0,0.5,0.6,0.5
1974,2,304.0,11.0,25.98,26.1,27.05,26.49,7.0,0.84,20.0,0.6,0.5,0.3,25.19,25.8,26.14,26.09,7.0,1.34,18.0,0.6,0.5,0.4,15.25,16.34,16.97,16.12,4.0,1.29,22.0,0.3,0.5,0.4,70.2,73.8,80.5,75.3,4.0,6.4,22.0,0.3,0.4,7.7,8.85,10.0,9.15,8.0,2.3,20.0,0.6,0.5,0.3,-9.85,-8.08,-6.76,-8.43,8.0,2.1,20.0,0.6,0.5,0.3,-4.29,-3.09,-1.74,-3.1,8.0,2.08,20.0,0.6,0.5,0.3,1013.12,1014.5,1015.48,1014.06,7.0,2.34,18.0,0.6,0.5,0.4,3.1,5.0,6.0,4.8,8.0,1.7,20.0,0.6,0.5,0.3,-98.5,-70.8,-52.2,-81.2,8.0,41.3,20.0,0.6,0.5,0.3,-36.9,-23.5,-17.4,-30.7,8.0,28.9,20.0,0.6,0.5,0.3,-0.81,0.25,1.25,0.3,6.0,1.65,20.0,0.5,0.5,0.3,-7.2,1.9,9.4,0.9,6.0,12.8,20.0,0.5,0.5,0.3,4.49,5.77,6.99,5.74,4.0,1.46,22.0,0.3,0.5,0.4,38.3,46.1,50.0,44.2,4.0,8.4,22.0,0.3,0.5,0.4,-257.5,-200.2,-169.0,-207.8,7.0,51.1,18.0,0.6,0.5,0.4,-99.1,-77.5,-43.0,-65.8,7.0,37.2,18.0,0.6,0.5,0.4,-149.5,-110.3,-91.9,-120.2,4.0,37.8,22.0,0.3,0.5,0.4,-53.2,-40.6,-14.4,-34.1,4.0,25.2,22.0,0.3,0.5,0.4,-46.1,-41.9,-35.5,-40.8,4.0,6.6,22.0,0.3,0.5,0.4,-24.3,-15.3,-3.9,-14.2,4.0,12.1,22.0,0.3,0.5,0.4,456.5,694.0,1000.0,903.0,8.0,768.0,20.0,0.6,0.5,0.3,455.0,695.0,1000.0,905.0,8.0,770.0,20.0,0.6,0.5,0.3
1974,2,304.0,12.0,26.0,26.0,27.16,26.57,3.0,0.98,18.0,0.7,0.5,0.5,24.98,26.25,27.1,26.05,4.0,1.28,16.0,0.8,0.4,0.4,14.88,15.14,16.07,15.46,4.0,0.95,16.0,0.8,0.4,0.4,66.9,71.4,81.5,74.1,4.0,10.0,16.0,0.8,0.4,6.68,7.2,8.3,7.48,4.0,1.3,16.0,0.8,0.4,0.4,-7.17,-5.86,-5.52,-6.32,4.0,1.2,16.0,0.8,0.4,0.4,-4.64,-4.63,-2.2,-3.48,4.0,2.32,16.0,0.8,0.4,0.4,1012.29,1014.1,1014.81,1013.58,4.0,1.75,16.0,0.8,0.4,0.4,2.0,3.0,4.6,3.3,4.0,2.1,16.0,0.8,0.4,0.4,-58.1,-39.7,-39.0,-48.2,4.0,17.8,16.0,0.8,0.4,0.4,-38.5,-33.3,-15.9,-27.5,4.0,18.9,16.0,0.8,0.4,0.4,-1.14,-1.0,1.18,0.0,3.0,1.91,18.0,0.7,0.5,0.5,-9.9,-7.2,8.5,-0.8,3.0,14.6,18.0,0.7,0.5,0.5,5.97,6.27,7.54,6.74,3.0,1.22,18.0,0.7,0.5,0.5,47.1,58.3,58.5,52.9,3.0,9.5,18.0,0.7,0.5,0.5,-187.1,-150.4,-144.6,-165.1,4.0,36.3,16.0,0.8,0.4,0.4,-125.8,-121.5,-56.2,-92.4,4.0,61.7,16.0,0.8,0.4,0.4,-111.8,-94.2,-83.5,-97.5,4.0,17.1,16.0,0.8,0.4,0.4,-70.1,-69.1,-32.6,-52.2,4.0,34.8,16.0,0.8,0.4,0.4,-48.7,-44.8,-36.2,-42.5,3.0,9.4,18.0,0.7,0.5,0.5,-34.9,-29.2,-27.7,-31.2,3.0,5.6,18.0,0.7,0.5,0.5,302.5,373.0,599.0,447.5,4.0,246.5,16.0,0.8,0.4,0.4,305.0,375.0,600.0,445.0,4.0,245.0,16.0,0.8,0.4,0.4
1974,2,304.0,13.0,25.8,26.2,26.81,26.59,7.0,1.13,14.0,0.6,0.5,0.5,24.85,25.9,26.73,25.8,9.0,0.91,12.0,0.4,0.5,0.5,13.9,15.72,18.29,15.88,8.0,2.2,14.0,0.5,0.5,0.4,72.2,77.4,83.9,77.3,8.0,8.0,14.0,0.5,0.4,3.27,7.7,9.67,6.92,9.0,2.96,12.0,0.4,0.5,0.5,-9.0,-6.3,-3.22,-6.43,9.0,2.73,12.0,0.4,0.5,0.5,-2.33,0.0,0.77,-0.92,9.0,2.78,12.0,0.4,0.5,0.5,1012.32,1013.8,1015.95,1014.0,9.0,1.82,12.0,0.4,0.5,0.5,0.0,2.0,5.5,2.8,9.0,2.8,12.0,0.4,0.5,0.5,-82.3,-55.7,-11.8,-51.2,9.0,34.7,12.0,0.4,0.5,0.5,-18.4,0.0,3.6,-9.5,9.0,26.1,12.0,0.4,0.5,0.5,0.07,0.7,1.38,0.84,7.0,1.12,14.0,0.6,0.5,0.5,0.8,2.6,6.6,6.2,7.0,11.2,14.0,0.6,0.5,0.5,3.37,6.2,7.95,5.8,7.0,2.33,14.0,0.6,0.5,0.5,16.1,26.1,78.1,40.2,7.0,31.6,14.0,0.6,0.5,0.5,-240.4,-161.9,-83.2,-167.2,9.0,73.1,12.0,0.4,0.5,0.5,-60.6,0.0,20.6,-23.4,9.0,71.8,12.0,0.4,0.5,0.5,-144.8,-95.0,-42.0,-98.6,8.0,48.1,14.0,0.5,0.5,0.4,-46.0,0.0,6.5,-17.6,8.0,38.0,14.0,0.5,0.5,0.4,-51.8,-24.5,-15.8,-35.8,7.0,27.8,14.0,0.6,0.5,0.5,-11.3,0.0,2.8,-9.4,7.0,22.5,14.0,0.6,0.5,0.5,48.5,456.5,904.5,484.5,9.0,408.0,12.0,0.4,0.5,0.5,50.0,455.0,905.0,485.0,9.0,410.0,12.0,0.4,0.5,0.5
1974,2,304.0,14.0,24.0,26.0,26.49,25.44,5.0,1.37,14.0,0.4,0.5,0.5,23.82,25.0,26.07,24.94,5.0,1.19,14.0,0.4,0.5,0.5,13.78,14.55,15.35,14.47,5.0,1.21,14.0,0.4,0.5,0.5,66.8,69.5,84.3,74.1,5.0,9.6,14.0,0.4,0.5,6.12,6.7,10.1,8.02,5.0,3.2,14.0,0.4,0.5,0.5,-9.11,-6.6,-5.83,-7.52,5.0,2.94,14.0,0.4,0.5,0.5,-4.28,-2.29,-0.14,-2.14,5.0,2.36,14.0,0.4,0.5,0.5,1012.46,1014.0,1015.73,1014.18,5.0,1.91,14.0,0.4,0.5,0.5,1.6,3.0,5.5,3.6,5.0,2.7,14.0,0.4,0.5,0.5,-98.6,-44.2,-36.1,-67.8,5.0,57.6,14.0,0.4,0.5,0.5,-43.8,-15.4,0.0,-21.4,5.0,27.0,14.0,0.4,0.5,0.5,-1.37,0.0,2.55,0.5,5.0,2.24,14.0,0.4,0.5,0.5,-13.4,0.0,19.0,3.1,5.0,18.1,14.0,0.4,0.5,0.5,4.86,6.1,6.85,5.86,5.0,1.21,14.0,0.4,0.5,0.5,31.7,35.6,66.9,47.4,5.0,22.5,14.0,0.4,0.5,0.5,-220.9,-163.7,-148.6,-187.1,5.0,72.8,14.0,0.4,0.5,0.5,-103.0,-59.6,-4.5,-53.2,5.0,57.3,14.0,0.4,0.5,0.5,-125.9,-103.0,-84.8,-106.5,5.0,31.3,14.0,0.4,0.5,0.5,-59.1,-33.3,-1.5,-29.5,5.0,33.2,14.0,0.4,0.5,0.5,-60.1,-35.0,-30.7,-44.3,5.0,20.3,14.0,0.4,0.5,0.5,-28.4,-9.3,-1.5,-13.2,5.0,15.1,14.0,0.4,0.5,0.5,239.5,301.0,1228.5,738.5,5.0,944.0,14.0,0.4,0.5,0.5,240.0,300.0,1230.0,740.0,5.0,945.0,14.0,0.4,0.5,0.5
1974,2,304.0,15.0,25.02,25.8,26.1,25.58,4.0,0.76,10.0,0.5,0.6,0.3,23.01,24.9,25.94,24.78,6.0,1.97,12.0,0.3,0.6,0.2,15.21,15.53,17.17,16.14,5.0,1.41,14.0,0.2,0.6,0.2,77.4,80.0,86.1,81.5,6.0,6.7,12.0,0.3,0.2,7.1,8.45,10.3,8.57,6.0,1.52,12.0,0.3,0.6,0.2,-9.17,-7.8,-6.93,-8.01,6.0,1.37,12.0,0.3,0.6,0.2,-4.52,-0.27,1.6,-1.05,6.0,3.19,12.0,0.3,0.6,0.2,1015.43,1016.0,1016.5,1015.96,5.0,0.92,14.0,0.2,0.6,0.2,1.6,3.0,4.4,3.0,5.0,1.6,12.0,0.4,0.5,0.3,-94.5,-65.9,-49.2,-70.2,6.0,23.8,12.0,0.3,0.6,0.2,-41.0,-4.7,12.4,-12.2,6.0,28.8,12.0,0.3,0.6,0.2,-0.67,1.05,2.66,1.0,4.0,2.42,10.0,0.5,0.6,0.3,-4.7,8.5,21.9,8.6,4.0,20.5,10.0,0.5,0.6,0.3,3.06,4.26,5.22,4.14,3.0,1.59,12.0,0.3,0.7,0.3,23.0,28.6,42.7,32.8,3.0,14.9,12.0,0.3,0.7,0.3,-231.8,-200.7,-163.5,-199.2,6.0,40.8,12.0,0.3,0.6,0.2,-103.3,-6.5,42.6,-24.1,6.0,77.0,12.0,0.3,0.6,0.2,-151.7,-117.0,-108.2,-126.5,5.0,25.8,14.0,0.2,0.6,0.2,-42.2,20.6,29.1,-2.8,5.0,43.5,14.0,0.2,0.6,0.2,-37.7,-26.8,-22.3,-29.9,3.0,11.6,12.0,0.3,0.7,0.3,-15.7,3.6,7.8,-3.8,3.0,18.3,12.0,0.3,0.7,0.3,358.5,605.0,1092.5,678.0,6.0,345.0,12.0,0.3,0.6,0.2,360.0,605.0,1095.0,680.0,6.0,345.0,12.0,0.3,0.6,0.2
1974,2,304.0,16.0,24.17,25.4,26.76,25.45,10.0,1.5,10.0,0.4,0.6,0.4,23.86,24.4,25.0,24.34,13.0,0.55,14.0,0.4,0.6,0.3,15.11,15.79,17.65,16.24,12.0,1.31,14.0,0.3,0.6,0.3,78.4,82.3,91.9,84.6,13.0,8.0,14.0,0.4,0.3,6.57,7.7,9.62,7.83,12.0,2.92,14.0,0.4,0.6,0.4,-9.1,-7.24,-4.0,-6.92,12.0,3.14,14.0,0.4,0.6,0.4,-3.31,-0.84,3.27,-0.49,12.0,3.6,14.0,0.4,0.6,0.4,1013.67,1014.8,1016.7,1014.82,12.0,2.38,14.0,0.3,0.6,0.3,1.9,3.0,6.0,3.6,13.0,1.9,14.0,0.4,0.6,0.3,-88.9,-55.7,-26.4,-62.1,12.0,43.2,14.0,0.4,0.6,0.4,-26.6,-6.7,23.6,-7.1,12.0,30.8,14.0,0.4,0.6,0.4,0.5,1.15,1.89,1.16,10.0,1.12,10.0,0.4,0.6,0.4,2.6,5.6,12.7,7.5,9.0,9.5,10.0,0.4,0.6,0.5,2.98,3.86,6.45,4.64,9.0,2.08,10.0,0.3,0.6,0.4,19.8,30.3,37.7,31.4,8.0,19.4,10.0,0.4,0.6,0.4,-224.2,-174.7,-96.3,-168.4,12.0,78.0,14.0,0.4,0.6,0.4,-78.4,-20.8,78.3,-11.7,12.0,87.3,14.0,0.4,0.6,0.4,-167.0,-116.1,-66.0,-115.9,11.0,57.1,14.0,0.4,0.6,0.3,-42.8,-2.7,56.8,-2.4,11.0,59.4,14.0,0.4,0.6,0.3,-35.6,-24.0,-15.9,-28.4,8.0,19.9,10.0,0.4,0.6,0.4,-7.2,-3.3,12.4,2.0,8.0,13.4,10.0,0.4,0.6,0.4,285.0,456.5,964.5,650.0,12.0,594.5,14.0,0.4,0.6,0.4,285.0,455.0,965.0,650.0,12.0,595.0,14.0,0.4,0.6,0.4
1974,2,304.0,17.0,25.2,25.4,25.5,25.35,4.0,0.19,6.0,0.8,0.6,0.3,23.96,24.9,25.5,24.82,5.0,0.94,10.0,0.6,0.5,0.3,15.75,16.17,16.41,16.08,4.0,0.42,6.0,0.8,0.6,0.3,76.8,82.2,86.1,81.5,4.0,6.2,6.0,0.8,0.3,4.6,6.7,7.7,6.26,5.0,1.57,10.0,0.6,0.5,0.3,-6.88,-6.6,-4.21,-5.73,5.0,1.58,10.0,0.6,0.5,0.3,-3.28,-2.63,0.42,-1.66,5.0,2.13,10.0,0.6,0.5,0.3,1012.53,1013.1,1014.1,1013.28,5.0,1.07,10.0,0.6,0.5,0.3,3.0,3.0,5.5,4.2,5.0,2.2,10.0,0.6,0.5,0.3,-52.9,-44.2,-19.4,-37.7,5.0,17.9,10.0,0.6,0.5,0.3,-23.7,-13.6,2.8,-11.1,5.0,15.1,10.0,0.6,0.5,0.3,-0.47,0.3,1.07,0.3,4.0,1.01,6.0,0.8,0.6,0.3,-2.2,2.3,5.8,1.8,4.0,4.9,6.0,0.8,0.6,0.3,3.92,3.97,4.3,4.1,4.0,0.3,6.0,0.8,0.6,0.3,19.7,23.6,28.3,24.0,4.0,5.3,6.0,0.8,0.6,0.3,-170.9,-159.4,-107.4,-142.0,5.0,39.0,10.0,0.6,0.5,0.3,-78.7,-65.6,10.7,-39.9,5.0,51.7,10.0,0.6,0.5,0.3,-112.5,-88.4,-64.3,-88.4,4.0,28.6,6.0,0.8,0.6,0.3,-46.0,-21.7,9.7,-18.3,4.0,32.8,6.0,0.8,0.6,0.3,-27.2,-23.4,-17.4,-22.3,4.0,6.3,6.0,0.8,0.6,0.3,-11.1,-5.2,2.4,-4.4,4.0,8.0,6.0,0.8,0.6,0.3,97.5,301.0,456.5,281.5,5.0,180.0,10.0,0.6,0.5,0.3,95.0,300.0,455.0,280.0,5.0,180.0,10.0,0.6,0.5,0.3
1974,2,304.0,18.0,24.27,25.6,26.0,25.39,9.0,1.04,18.0,0.7,0.5,0.4,23.83,25.0,26.22,25.06,9.0,1.26,18.0,0.7,0.5,0.4,13.37,15.34,16.47,15.11,8.0,1.82,18.0,0.6,0.6,0.4,72.1,77.3,84.8,77.3,8.0,7.5,18.0,0.6,0.4,6.2,8.0,9.14,7.47,9.0,2.25,18.0,0.7,0.5,0.4,-8.14,-6.93,-5.59,-6.63,9.0,2.16,18.0,0.7,0.5,0.4,-4.43,-2.98,1.45,-1.84,9.0,3.14,18.0,0.7,0.5,0.4,1016.13,1017.3,1019.21,1017.62,9.0,1.77,18.0,0.7,0.5,0.4,2.0,4.0,4.7,3.3,9.0,1.4,18.0,0.7,0.5,0.4,-73.9,-55.4,-34.7,-53.8,9.0,26.0,18.0,0.7,0.5,0.4,-39.6,-23.0,3.8,-17.4,9.0,26.1,18.0,0.7,0.5,0.4,-0.95,0.7,1.59,0.33,9.0,1.4,18.0,0.7,0.5,0.4,-8.6,3.7,11.7,1.5,9.0,11.1,18.0,0.7,0.5,0.4,4.24,5.04,7.74,5.27,8.0,2.02,18.0,0.6,0.6,0.4,17.9,36.7,60.2,39.0,8.0,21.2,18.0,0.6,0.6,0.4,-209.3,-182.2,-134.7,-168.0,9.0,58.4,18.0,0.7,0.5,0.4,-111.1,-73.5,33.5,-46.7,9.0,80.4,18.0,0.7,0.5,0.4,-142.8,-99.8,-78.5,-101.5,8.0,40.5,18.0,0.6,0.6,0.4,-57.2,-49.0,-4.9,-39.2,8.0,35.5,18.0,0.6,0.6,0.4,-52.1,-33.2,-16.9,-34.4,8.0,18.6,18.0,0.6,0.6,0.4,-30.1,-15.2,-0.6,-14.6,8.0,15.9,18.0,0.6,0.6,0.4,238.5,512.0,765.0,507.5,9.0,324.5,18.0,0.7,0.5,0.4,240.0,510.0,765.0,510.0,9.0,325.0,18.0,0.7,0.5,0.4
1974,2,304.0,19.0,24.28,25.0,25.41,24.75,11.0,0.95,20.0,0.4,0.5,0.5,22.65,23.1,24.63,23.48,12.0,1.16,18.0,0.3,0.5,0.5,12.47,13.32,14.3,13.35,10.0,1.36,20.0,0.3,0.4,0.5,69.6,74.4,77.2,73.7,10.0,5.1,20.0,0.3,0.5,5.92,8.7,10.0,8.3,12.0,2.49,18.0,0.3,0.5,0.5,-8.49,-7.33,-5.37,-7.3,12.0,2.49,18.0,0.3,0.5,0.5,-4.67,-2.63,2.41,-1.49,12.0,3.83,18.0,0.3,0.5,0.5,1017.07,1019.0,1021.73,1018.99,12.0,2.45,18.0,0.3,0.5,0.5,2.0,4.0,5.2,3.6,11.0,2.2,18.0,0.4,0.5,0.6,-81.0,-65.5,-32.0,-65.9,12.0,42.5,18.0,0.3,0.5,0.5,-40.6,-20.6,14.1,-13.7,12.0,34.0,18.0,0.3,0.5,0.5,-0.67,2.0,2.44,1.23,11.0,1.55,20.0,0.4,0.5,0.5,-5.2,13.6,21.0,10.2,11.0,13.4,20.0,0.4,0.5,0.5,4.28,6.25,8.09,6.07,9.0,1.88,20.0,0.3,0.4,0.5,30.7,38.5,71.6,49.6,9.0,21.5,20.0,0.3,0.4,0.5,-208.2,-171.5,-120.6,-172.1,12.0,62.7,18.0,0.3,0.5,0.5,-113.5,-64.0,54.2,-35.9,12.0,89.0,18.0,0.3,0.5,0.5,-121.3,-87.5,-63.1,-94.6,10.0,38.1,20.0,0.3,0.4,0.5,-62.0,-38.2,15.5,-27.4,10.0,42.4,20.0,0.3,0.4,0.5,-54.8,-36.2,-28.7,-43.9,9.0,19.1,20.0,0.3,0.4,0.5,-39.1,-10.0,-1.6,-16.4,9.0,19.8,20.0,0.3,0.4,0.5,211.5,658.5,1000.0,715.5,12.0,618.0,18.0,0.3,0.5,0.5,210.0,660.0,1000.0,715.0,12.0,620.0,18.0,0.3,0.5,0.5
1974,2,304.0,20.0,23.95,24.0,25.0,24.28,13.0,0.75,16.0,0.5,0.5,0.5,22.8,23.5,25.04,23.82,13.0,1.24,16.0,0.5,0.5,0.5,12.28,14.47,15.32,13.87,11.0,1.87,14.0,0.5,0.5,0.5,68.9,76.6,84.8,76.9,11.0,11.8,14.0,0.5,0.5,4.96,6.7,9.12,6.83,13.0,2.44,16.0,0.5,0.5,0.5,-8.62,-5.37,-3.33,-6.22,13.0,2.78,16.0,0.5,0.5,0.5,-1.87,0.0,3.08,0.78,13.0,2.48,16.0,0.5,0.5,0.5,1016.28,1018.3,1020.65,1018.62,13.0,2.24,16.0,0.5,0.5,0.5,2.0,3.0,7.0,3.9,13.0,2.3,16.0,0.5,0.5,0.5,-78.8,-33.3,-21.4,-48.4,13.0,35.7,16.0,0.5,0.5,0.5,-18.6,0.0,20.0,3.3,13.0,18.1,16.0,0.5,0.5,0.5,-0.09,0.7,1.41,0.46,13.0,1.16,16.0,0.5,0.5,0.5,-0.7,3.1,9.8,2.6,13.0,9.3,16.0,0.5,0.5,0.5,3.57,4.67,7.23,5.08,11.0,2.36,14.0,0.5,0.5,0.5,17.7,30.5,57.2,34.1,11.0,21.4,14.0,0.5,0.5,0.5,-224.8,-129.9,-82.7,-148.3,13.0,66.2,16.0,0.5,0.5,0.5,-42.7,0.0,75.6,19.5,13.0,61.1,16.0,0.5,0.5,0.5,-105.2,-74.1,-48.3,-74.6,11.0,29.0,14.0,0.5,0.5,0.5,-24.7,0.0,46.1,11.6,11.0,37.8,14.0,0.5,0.5,0.5,-56.8,-22.6,-14.4,-31.5,11.0,21.7,14.0,0.5,0.5,0.5,-9.6,0.0,9.3,0.7,11.0,13.1,14.0,0.5,0.5,0.5,124.5,301.0,764.0,433.0,13.0,406.5,16.0,0.5,0.5,0.5,125.0,300.0,765.0,435.0,13.0,405.0,16.0,0.5,0.5,0.5
1974,2,304.0,21.0,23.21,24.0,24.0,23.86,9.0,0.95,10.0,0.2,0.5,0.5,22.71,23.15,23.86,23.23,10.0,0.66,10.0,0.3,0.5,0.5,12.43,13.56,14.14,13.29,7.0,0.98,8.0,0.3,0.5,0.4,70.0,76.2,83.1,75.6,7.0,6.9,8.0,0.3,0.4,6.21,7.7,9.4,7.89,10.0,2.32,10.0,0.3,0.5,0.5,-9.4,-6.95,-2.18,-6.32,10.0,4.09,10.0,0.3,0.5,0.5,-4.52,0.0,0.0,-1.54,10.0,3.29,10.0,0.3,0.5,0.5,1016.31,1018.25,1019.2,1017.92,10.0,1.56,10.0,0.3,0.5,0.5,2.0,2.5,7.6,3.9,10.0,2.7,10.0,0.3,0.5,0.5,-89.5,-53.5,-11.1,-56.8,10.0,46.5,10.0,0.3,0.5,0.5,-30.5,0.0,0.0,-10.4,10.0,24.6,10.0,0.3,0.5,0.5,0.0,0.2,1.62,0.6,9.0,0.86,10.0,0.2,0.5,0.5,0.0,1.5,9.1,3.9,9.0,6.0,10.0,0.2,0.5,0.5,4.03,4.92,5.29,5.13,7.0,1.84,8.0,0.3,0.5,0.4,35.7,40.4,47.1,41.6,7.0,11.2,8.0,0.3,0.5,0.4,-216.8,-162.8,-52.2,-146.2,10.0,94.3,10.0,0.3,0.5,0.5,-105.2,0.0,0.0,-35.9,10.0,76.0,10.0,0.3,0.5,0.5,-133.2,-111.3,-85.1,-108.2,7.0,30.4,8.0,0.3,0.5,0.4,-37.5,0.0,0.0,-15.5,7.0,28.4,8.0,0.3,0.5,0.4,-47.1,-40.4,-34.8,-40.4,7.0,12.8,8.0,0.3,0.5,0.4,-13.1,0.0,0.0,-4.3,7.0,7.4,8.0,0.3,0.5,0.4,271.5,456.5,861.0,608.0,10.0,519.0,10.0,0.3,0.5,0.5,270.0,455.0,860.0,610.0,10.0,520.0,10.0,0.3,0.5,0.5
1974,2,304.0,22.0,23.0,23.7,24.16,23.58,15.0,0.82,14.0,0.5,0.6,0.5,21.31,22.9,23.56,22.57,16.0,1.1,14.0,0.4,0.6,0.5,11.9,13.86,14.68,13.44,12.0,1.6,12.0,0.5,0.6,0.5,66.4,76.4,85.1,77.4,13.0,10.7,12.0,0.5,0.6,6.7,7.2,8.01,7.09,16.0,1.9,14.0,0.4,0.6,0.5,-8.01,-6.48,-3.35,-5.86,16.0,2.55,14.0,0.4,0.6,0.5,-3.32,0.0,4.8,0.32,16.0,3.75,14.0,0.4,0.6,0.5,1018.0,1018.5,1022.27,1019.41,15.0,2.18,14.0,0.5,0.5,0.5,1.4,4.5,6.0,4.1,16.0,2.3,14.0,0.4,0.6,0.5,-64.2,-45.4,-18.1,-45.2,16.0,28.5,14.0,0.4,0.6,0.5,-25.1,0.0,35.3,3.2,16.0,26.7,14.0,0.4,0.6,0.5,-0.2,0.8,2.37,0.91,15.0,1.24,14.0,0.5,0.6,0.5,-1.8,3.9,17.3,6.3,15.0,9.3,14.0,0.5,0.6,0.5,2.66,4.6,7.01,4.78,12.0,2.16,12.0,0.5,0.6,0.5,17.8,33.6,46.5,32.6,12.0,16.6,12.0,0.5,0.6,0.5,-179.8,-141.0,-76.8,-132.2,16.0,58.9,14.0,0.4,0.6,0.5,-70.5,0.0,114.1,8.9,16.0,84.0,14.0,0.4,0.6,0.5,-101.6,-66.4,-42.6,-70.5,12.0,32.4,12.0,0.5,0.6,0.5,-29.1,0.0,80.6,13.4,12.0,54.8,12.0,0.5,0.6,0.5,-44.4,-22.6,-8.3,-27.0,12.0,19.0,12.0,0.5,0.6,0.5,-13.6,0.0,15.7,3.5,12.0,16.2,12.0,0.5,0.6,0.5,301.0,373.0,515.5,425.0,16.0,288.0,14.0,0.4,0.6,0.5,300.0,375.0,515.0,425.0,16.0,290.0,14.0,0.4,0.6,0.5
1974,2,304.0,23.0,23.0,23.65,24.4,23.64,22.0,0.82,12.0,0.4,0.6,0.4,21.7,22.75,23.3,22.64,24.0,0.94,12.0,0.5,0.6,0.4,11.16,13.19,14.47,13.01,21.0,1.63,12.0,0.5,0.5,0.4,68.4,77.4,83.2,76.1,21.0,7.8,12.0,0.5,0.4,3.1,6.2,8.2,6.21,23.0,2.43,12.0,0.4,0.6,0.4,-7.18,-5.02,-2.73,-4.57,23.0,3.67,12.0,0.4,0.6,0.4,-1.91,0.45,3.57,0.44,23.0,3.27,12.0,0.4,0.6,0.4,1016.63,1018.5,1021.54,1019.1,24.0,3.0,12.0,0.5,0.6,0.4,1.0,2.0,6.0,3.2,24.0,2.1,12.0,0.5,0.6,0.4,-55.0,-32.5,-8.2,-32.4,23.0,35.8,12.0,0.4,0.6,0.4,-14.1,1.2,18.2,0.3,23.0,26.5,12.0,0.4,0.6,0.4,-0.07,0.95,2.0,1.09,22.0,1.26,12.0,0.4,0.6,0.4,-0.4,6.2,15.1,6.9,21.0,8.4,12.0,0.4,0.6,0.4,3.58,5.26,6.73,5.29,19.0,1.65,12.0,0.4,0.6,0.4,16.3,32.1,57.6,34.2,18.0,17.9,12.0,0.4,0.5,0.4,-157.3,-116.5,-61.9,-103.5,23.0,82.9,12.0,0.4,0.6,0.4,-41.4,9.9,81.5,9.9,23.0,73.8,12.0,0.4,0.6,0.4,-83.9,-68.8,-41.7,-66.7,20.0,37.7,12.0,0.5,0.5,0.4,-14.6,2.4,47.6,7.6,20.0,39.7,12.0,0.5,0.5,0.4,-48.7,-28.8,-16.2,-29.6,18.0,15.6,12.0,0.4,0.5,0.4,-11.7,0.0,7.5,0.0,18.0,19.8,12.0,0.4,0.5,0.4,30.0,238.5,551.5,348.5,23.0,362.5,12.0,0.4,0.6,0.4,30.0,240.0,550.0,350.0,23.0,365.0,12.0,0.4,0.6,0.4
1974,2,304.0,24.0,23.01,23.9,25.0,23.96,8.0,0.95,10.0,0.6,0.4,0.5,22.31,22.8,23.6,23.09,8.0,0.94,10.0,0.6,0.4,0.5,10.91,12.86,14.31,12.51,6.0,1.96,10.0,0.5,0.4,0.5,65.5,73.3,86.3,73.6,6.0,12.2,10.0,0.5,0.5,3.2,4.6,6.52,4.84,8.0,1.81,10.0,0.6,0.4,0.5,-6.43,-3.18,0.99,-3.09,8.0,3.55,10.0,0.6,0.4,0.5,0.0,1.63,3.52,1.59,8.0,1.9,10.0,0.6,0.4,0.5,1017.4,1019.6,1021.43,1019.11,8.0,2.57,10.0,0.6,0.4,0.5,2.0,3.5,5.9,3.8,8.0,2.1,10.0,0.6,0.4,0.5,-42.2,-14.2,4.2,-19.7,8.0,24.5,10.0,0.6,0.4,0.5,0.0,4.8,15.0,6.0,8.0,8.8,10.0,0.6,0.4,0.5,0.2,0.7,1.38,0.88,8.0,0.85,10.0,0.6,0.4,0.5,0.8,4.0,7.9,4.1,8.0,3.6,10.0,0.6,0.4,0.5,4.04,5.4,6.76,5.56,6.0,2.1,10.0,0.5,0.4,0.5,14.4,22.5,51.7,29.9,6.0,20.8,10.0,0.5,0.4,0.5,-146.7,-73.2,25.0,-70.1,8.0,80.7,10.0,0.6,0.4,0.5,0.0,36.5,83.1,37.7,8.0,45.3,10.0,0.6,0.4,0.5,-71.6,-48.0,-14.6,-41.7,6.0,41.6,10.0,0.5,0.4,0.5,-2.2,6.3,36.5,13.5,6.0,21.8,10.0,0.5,0.4,0.5,-51.5,-16.8,-3.5,-23.3,6.0,26.8,10.0,0.5,0.4,0.5,-2.2,1.3,13.9,4.0,6.0,10.7,10.0,0.5,0.4,0.5,33.5,101.0,282.0,157.5,8.0,169.0,10.0,0.6,0.4,0.5,35.0,100.0,280.0,155.0,8.0,170.0,10.0,0.6,0.4,0.5
1974,2,304.0,25.0,22.38,23.0,24.0,23.17,16.0,1.59,14.0,0.4,0.6,0.5,21.26,22.0,23.04,22.17,19.0,0.9,14.0,0.4,0.6,0.4,11.43,12.76,13.97,12.67,11.0,1.39,14.0,0.6,0.5,0.4,66.3,76.3,84.3,75.7,11.0,8.1,14.0,0.6,0.4,5.03,7.0,8.74,7.23,19.0,2.26,14.0,0.4,0.6,0.4,-7.63,-5.8,0.09,-4.52,19.0,3.94,14.0,0.4,0.6,0.4,-5.28,-1.22,3.62,-0.4,19.0,4.8,14.0,0.4,0.6,0.4,1017.56,1020.4,1023.59,1020.68,19.0,3.4,14.0,0.4,0.6,0.4,1.0,3.5,6.0,3.4,18.0,2.4,14.0,0.4,0.6,0.4,-66.3,-38.9,0.3,-34.7,19.0,35.0,14.0,0.4,0.6,0.4,-38.6,-4.8,20.6,-2.0,19.0,45.7,14.0,0.4,0.6,0.4,-0.36,0.65,2.19,1.05,16.0,1.93,14.0,0.4,0.6,0.5,-1.9,3.4,15.3,6.8,16.0,15.3,14.0,0.4,0.6,0.5,4.29,5.2,6.15,5.3,9.0,1.25,14.0,0.7,0.5,0.5,20.1,28.5,39.8,30.4,9.0,12.2,14.0,0.7,0.5,0.5,-167.5,-135.2,2.0,-99.7,19.0,87.4,14.0,0.4,0.6,0.4,-113.1,-25.9,81.5,-5.5,19.0,108.5,14.0,0.4,0.6,0.4,-90.3,-64.1,3.8,-46.5,11.0,47.8,14.0,0.6,0.5,0.4,-40.0,32.0,52.7,24.2,11.0,67.7,14.0,0.6,0.5,0.4,-32.6,-23.4,-2.6,-19.4,9.0,14.3,14.0,0.7,0.5,0.5,-5.7,10.9,18.8,4.0,9.0,23.3,14.0,0.7,0.5,0.5,127.5,343.0,668.5,483.5,19.0,428.5,14.0,0.4,0.6,0.4,130.0,345.0,670.0,485.0,19.0,430.0,14.0,0.4,0.6,0.4
1974,2,304.0,26.0,21.63,22.3,23.97,22.53,22.0,1.32,16.0,0.7,0.6,0.4,20.9,22.25,23.73,22.42,22.0,1.65,16.0,0.7,0.6,0.4,10.73,12.12,13.55,12.11,16.0,1.82,18.0,0.6,0.6,0.5,64.4,74.6,82.5,74.4,16.0,11.9,18.0,0.6,0.5,2.73,5.05,8.53,5.68,22.0,2.48,16.0,0.7,0.6,0.4,-5.57,-2.67,0.85,-2.82,22.0,3.34,16.0,0.7,0.6,0.4,-2.26,0.65,6.53,1.56,22.0,4.24,16.0,0.7,0.6,0.4,1019.27,1022.7,1025.0,1022.47,22.0,3.27,16.0,0.7,0.6,0.4,1.0,3.0,5.0,3.4,20.0,2.0,16.0,0.7,0.6,0.5,-38.6,-9.0,2.6,-18.8,22.0,27.5,16.0,0.7,0.6,0.4,-10.0,1.7,45.1,12.4,22.0,33.6,16.0,0.7,0.6,0.4,-1.0,0.0,1.73,0.11,22.0,1.99,16.0,0.7,0.6,0.4,-6.8,0.0,12.7,1.9,22.0,12.2,16.0,0.7,0.6,0.4,3.06,4.72,6.36,4.65,16.0,1.77,18.0,0.6,0.6,0.5,11.0,21.8,37.3,24.2,16.0,14.8,18.0,0.6,0.6,0.5,-119.2,-61.1,18.2,-62.6,22.0,72.7,16.0,0.7,0.6,0.4,-51.0,14.3,144.1,37.3,22.0,96.7,16.0,0.7,0.6,0.4,-76.5,-34.9,-5.8,-37.7,16.0,40.9,18.0,0.6,0.6,0.5,-29.2,0.0,47.6,11.0,16.0,47.4,18.0,0.6,0.6,0.5,-24.3,-10.1,-3.5,-12.9,16.0,16.2,18.0,0.6,0.6,0.5,-19.7,0.0,19.5,-0.1,16.0,20.0,18.0,0.6,0.6,0.5,20.5,129.0,623.0,286.5,22.0,296.5,16.0,0.7,0.6,0.4,20.0,130.0,625.0,285.0,22.0,295.0,16.0,0.7,0.6,0.4
1974,2,304.0,27.0,21.1,22.5,23.73,22.62,17.0,1.27,12.0,0.5,0.5,0.4,20.0,20.9,22.36,21.15,18.0,1.07,12.0,0.6,0.6,0.4,10.91,12.74,13.43,12.34,9.0,1.31,12.0,0.4,0.5,0.6,72.0,78.0,85.4,78.6,9.0,7.9,12.0,0.4,0.6,3.54,6.2,9.0,6.15,17.0,3.12,12.0,0.5,0.5,0.4,-4.28,-2.46,1.14,-2.25,17.0,4.04,12.0,0.5,0.5,0.4,-7.05,-0.8,4.93,-1.03,17.0,5.2,12.0,0.5,0.5,0.4,1019.55,1021.5,1024.98,1022.37,17.0,3.18,12.0,0.5,0.5,0.4,1.0,3.0,7.0,3.6,18.0,2.8,12.0,0.6,0.6,0.4,-32.7,-7.8,7.5,-20.3,17.0,43.2,12.0,0.5,0.5,0.4,-51.7,-3.7,26.8,-11.2,17.0,41.0,12.0,0.5,0.5,0.4,-0.63,1.4,3.35,1.46,17.0,1.81,12.0,0.5,0.5,0.4,-3.9,8.9,28.1,10.3,16.0,14.2,12.0,0.5,0.5,0.4,2.25,3.7,6.69,4.27,9.0,2.32,12.0,0.4,0.5,0.6,10.7,18.9,47.2,25.6,9.0,22.9,12.0,0.4,0.5,0.6,-92.2,-51.1,24.5,-46.7,17.0,83.8,12.0,0.5,0.5,0.4,-141.1,-16.8,108.6,-17.9,17.0,109.3,12.0,0.5,0.5,0.4,-41.1,-22.2,11.3,-26.5,9.0,51.8,12.0,0.4,0.5,0.6,-24.4,0.0,81.5,20.5,9.0,58.1,12.0,0.4,0.5,0.6,-18.8,-9.1,1.7,-14.2,9.0,22.9,12.0,0.4,0.5,0.6,-13.6,0.0,13.5,-1.9,9.0,22.5,12.0,0.4,0.5,0.6,47.0,238.5,729.0,406.0,17.0,534.0,12.0,0.5,0.5,0.4,45.0,240.0,730.0,405.0,17.0,535.0,12.0,0.5,0.5,0.4
1974,2,304.0,28.0,21.0,22.0,22.41,21.85,11.0,0.98,12.0,0.3,0.6,0.4,19.4,20.05,21.38,20.35,12.0,1.28,12.0,0.3,0.6,0.4,8.88,10.76,12.76,10.68,7.0,2.01,8.0,0.3,0.6,0.5,54.3,74.4,87.4,72.0,7.0,15.0,8.0,0.3,0.5,2.82,7.2,10.73,6.74,12.0,3.9,12.0,0.3,0.6,0.4,-3.63,0.4,4.65,0.2,12.0,4.44,12.0,0.3,0.6,0.4,-6.01,1.51,8.4,1.66,12.0,6.49,12.0,0.3,0.6,0.4,1017.54,1021.1,1022.96,1020.27,12.0,3.84,12.0,0.3,0.6,0.4,1.6,3.0,5.4,3.4,11.0,2.1,12.0,0.3,0.6,0.4,-31.4,1.4,31.0,-1.9,12.0,40.1,12.0,0.3,0.6,0.4,-43.7,3.5,77.6,19.4,12.0,70.6,12.0,0.3,0.6,0.4,0.29,1.5,2.37,1.47,11.0,1.16,12.0,0.3,0.6,0.4,0.9,6.0,24.0,10.7,11.0,12.2,12.0,0.3,0.6,0.4,2.87,5.56,7.8,5.17,7.0,2.35,8.0,0.3,0.6,0.5,8.3,24.8,30.3,24.4,7.0,15.0,8.0,0.3,0.6,0.5,-75.7,8.3,89.8,2.2,12.0,88.8,12.0,0.3,0.6,0.4,-118.3,32.7,171.6,37.0,12.0,132.9,12.0,0.3,0.6,0.4,-26.6,13.7,41.1,15.3,7.0,42.0,8.0,0.3,0.6,0.5,-15.6,15.9,54.0,21.2,7.0,43.7,8.0,0.3,0.6,0.5,-8.5,2.5,23.1,5.6,7.0,19.4,8.0,0.3,0.6,0.5,-11.7,8.2,13.6,0.9,7.0,22.4,8.0,0.3,0.6,0.5,24.0,378.5,1254.5,596.0,12.0,725.5,12.0,0.3,0.6,0.4,25.0,380.0,1255.0,595.0,12.0,725.0,12.0,0.3,0.6,0.4
1974,2,304.0,29.0,20.13,21.0,22.0,21.27,15.0,1.04,14.0,0.6,0.6,0.4,20.01,20.5,21.47,20.65,14.0,1.19,14.0,0.5,0.7,0.4,11.2,11.68,13.01,12.02,12.0,1.55,14.0,0.6,0.7,0.4,75.3,77.8,87.3,80.1,12.0,8.3,14.0,0.6,0.4,2.99,7.7,12.9,8.18,13.0,4.84,16.0,0.5,0.7,0.4,-2.12,1.88,6.69,2.86,13.0,4.85,16.0,0.5,0.7,0.4,-0.07,3.91,10.08,4.56,13.0,6.41,16.0,0.5,0.7,0.4,1009.89,1020.15,1025.5,1018.57,14.0,6.74,16.0,0.6,0.6,0.4,1.2,5.0,7.6,4.5,15.0,2.6,14.0,0.5,0.6,0.5,-7.2,3.8,78.4,35.7,13.0,56.4,16.0,0.5,0.7,0.4,-0.1,29.4,115.9,52.0,13.0,96.8,16.0,0.5,0.7,0.4,-0.2,0.6,2.52,0.84,13.0,1.41,14.0,0.5,0.7,0.4,-3.4,7.8,19.7,8.2,11.0,14.5,16.0,0.5,0.7,0.4,2.68,3.55,5.61,3.82,12.0,1.55,14.0,0.6,0.7,0.4,18.8,26.4,50.6,33.1,10.0,20.5,16.0,0.6,0.7,0.4,-10.4,68.9,143.4,70.1,12.0,93.9,16.0,0.5,0.7,0.4,-4.0,89.8,233.5,97.0,12.0,140.2,16.0,0.5,0.7,0.4,-13.2,36.1,88.8,41.7,10.0,64.3,16.0,0.6,0.7,0.4,-5.5,62.0,125.7,63.9,10.0,96.0,16.0,0.6,0.7,0.4,-6.5,5.2,32.5,10.9,10.0,19.3,16.0,0.6,0.7,0.4,-1.0,17.8,33.6,16.6,10.0,28.6,16.0,0.6,0.7,0.4,27.5,456.5,2146.5,1117.5,13.0,1615.0,16.0,0.5,0.7,0.4,30.0,455.0,2145.0,1115.0,13.0,1615.0,16.0,0.5,0.7,0.4
1974,2,304.0,30.0,19.7,20.85,22.23,20.74,18.0,1.3,12.0,0.6,0.6,0.4,17.62,19.65,20.71,19.46,18.0,1.82,12.0,0.6,0.6,0.4,8.01,10.82,12.16,10.41,8.0,2.31,8.0,0.8,0.6,0.5,66.8,74.9,87.1,74.8,8.0,12.9,8.0,0.8,0.5,3.87,6.0,9.26,6.37,19.0,3.13,12.0,0.6,0.6,0.4,-4.34,0.0,2.38,-0.36,19.0,4.11,12.0,0.6,0.6,0.4,-6.89,0.0,5.85,-0.82,19.0,5.91,12.0,0.6,0.6,0.4,1018.64,1022.6,1028.21,1023.17,19.0,4.86,12.0,0.6,0.6,0.4,1.9,3.0,7.0,4.1,19.0,2.5,12.0,0.6,0.6,0.4,-24.9,0.0,13.5,-2.8,19.0,38.3,12.0,0.6,0.6,0.4,-50.9,0.0,36.0,-7.5,19.0,55.2,12.0,0.6,0.6,0.4,-0.71,1.35,3.09,1.28,18.0,2.2,12.0,0.6,0.6,0.4,-3.7,5.4,21.2,8.9,18.0,16.3,12.0,0.6,0.6,0.4,2.5,4.08,7.11,4.64,8.0,2.27,8.0,0.8,0.6,0.5,12.8,20.8,56.3,29.1,8.0,22.2,8.0,0.8,0.6,0.5,-83.3,8.2,57.0,-4.2,18.0,82.4,12.0,0.6,0.6,0.4,-130.5,-4.5,98.1,-19.3,18.0,115.5,12.0,0.6,0.6,0.4,-16.8,4.5,18.3,0.0,8.0,24.4,8.0,0.8,0.6,0.5,-51.6,11.1,67.6,5.9,8.0,63.1,8.0,0.8,0.6,0.5,-8.6,1.1,7.2,-0.7,8.0,11.4,8.0,0.8,0.6,0.5,-55.8,6.0,18.7,-9.2,8.0,35.1,8.0,0.8,0.6,0.5,59.0,216.0,805.0,443.5,19.0,567.5,12.0,0.6,0.6,0.4,60.0,215.0,805.0,445.0,19.0,570.0,12.0,0.6,0.6,0.4
1974,2,304.0,31.0,20.0,20.2,21.18,20.46,11.0,0.78,10.0,0.8,0.6,0.3,19.57,20.5,21.08,20.37,12.0,0.86,10.0,0.8,0.6,0.3,11.59,12.22,12.95,12.26,10.0,0.83,10.0,0.8,0.6,0.3,76.3,85.0,88.1,82.5,10.0,6.0,10.0,0.8,0.3,4.22,8.2,12.58,8.11,12.0,4.22,10.0,0.8,0.6,0.3,2.93,5.5,10.23,6.32,12.0,4.38,10.0,0.8,0.6,0.3,1.29,4.56,7.31,4.25,12.0,2.67,10.0,0.8,0.6,0.3,1014.45,1016.65,1020.86,1017.59,12.0,3.47,10.0,0.8,0.6,0.3,3.5,7.0,8.0,6.1,12.0,2.3,10.0,0.8,0.6,0.3,8.8,47.8,129.3,66.8,12.0,67.2,10.0,0.8,0.6,0.3,9.3,36.5,77.6,41.6,12.0,35.7,10.0,0.8,0.6,0.3,-0.8,0.1,0.38,-0.03,11.0,0.69,10.0,0.8,0.6,0.3,-5.1,0.8,3.9,-1.0,11.0,5.9,10.0,0.8,0.6,0.3,1.81,2.6,3.64,2.69,10.0,1.06,10.0,0.8,0.6,0.3,5.1,18.6,43.9,24.7,10.0,20.5,10.0,0.8,0.6,0.3,60.3,112.4,210.8,129.8,12.0,93.5,10.0,0.8,0.6,0.3,24.6,95.9,142.7,86.6,12.0,53.9,10.0,0.8,0.6,0.3,35.2,47.0,131.9,72.1,10.0,56.0,10.0,0.8,0.6,0.3,22.2,57.2,85.2,52.1,10.0,30.8,10.0,0.8,0.6,0.3,5.0,11.5,34.2,19.9,10.0,19.0,10.0,0.8,0.6,0.3,2.8,11.5,24.7,13.0,10.0,10.4,10.0,0.8,0.6,0.3,80.0,551.5,1999.5,940.5,12.0,1052.5,10.0,0.8,0.6,0.3,80.0,550.0,2000.0,940.0,12.0,1055.0,10.0,0.8,0.6,0.3
1974,2,304.0,32.0,18.84,19.5,21.05,19.61,7.0,2.07,10.0,0.9,0.6,0.5,19.19,19.6,21.42,20.1,7.0,1.11,14.0,0.6,0.5,0.5,9.54,11.26,12.43,11.22,7.0,1.7,14.0,0.6,0.5,0.5,69.3,78.5,81.4,77.0,7.0,10.0,14.0,0.6,0.5,5.97,10.8,14.73,10.63,9.0,4.69,12.0,0.7,0.5,0.5,-3.29,3.18,11.77,3.99,9.0,7.69,12.0,0.7,0.5,0.5,-2.16,4.41,10.32,4.35,9.0,7.13,12.0,0.7,0.5,0.5,1014.27,1016.3,1024.07,1020.12,9.0,9.18,12.0,0.7,0.5,0.5,2.0,4.0,6.5,4.0,9.0,2.3,12.0,0.7,0.5,0.5,-34.4,29.6,145.7,59.0,9.0,117.5,12.0,0.7,0.5,0.5,-9.9,56.9,164.2,68.5,9.0,94.3,12.0,0.7,0.5,0.5,-0.53,0.0,0.32,-0.1,5.0,0.65,10.0,0.8,0.6,0.5,-4.7,0.0,2.8,-0.6,5.0,4.9,10.0,0.8,0.6,0.5,2.77,3.9,4.33,3.64,5.0,0.86,10.0,0.8,0.6,0.5,20.5,22.2,43.2,30.5,5.0,14.1,10.0,0.8,0.6,0.5,-67.5,68.1,237.0,79.7,7.0,156.2,14.0,0.6,0.5,0.5,-59.3,84.7,188.4,70.7,7.0,133.1,14.0,0.6,0.5,0.5,-32.2,39.3,119.4,42.0,7.0,87.4,14.0,0.6,0.5,0.5,-28.2,42.2,109.9,44.1,7.0,80.7,14.0,0.6,0.5,0.5,-10.1,13.1,30.5,11.4,5.0,24.1,10.0,0.8,0.6,0.5,-15.2,0.0,29.6,6.1,5.0,23.9,10.0,0.8,0.6,0.5,216.5,1259.5,3246.5,1861.0,9.0,2187.5,12.0,0.7,0.5,0.5,215.0,1260.0,3245.0,1860.0,9.0,2185.0,12.0,0.7,0.5,0.5
1974,2,304.0,33.0,18.11,19.0,20.0,19.09,15.0,0.96,14.0,0.5,0.6,0.4,17.8,19.0,20.0,18.82,17.0,1.24,16.0,0.4,0.6,0.5,8.05,10.43,12.31,10.35,10.0,2.23,14.0,0.4,0.6,0.4,63.4,71.2,84.8,74.6,11.0,11.3,12.0,0.4,0.4,5.69,8.2,15.4,10.16,17.0,5.17,16.0,0.4,0.6,0.5,-1.73,4.21,12.68,5.17,17.0,7.02,16.0,0.4,0.6,0.5,-5.06,4.95,10.76,3.42,17.0,6.81,16.0,0.4,0.6,0.5,1010.47,1017.45,1024.28,1017.04,16.0,6.77,16.0,0.4,0.5,0.5,1.8,5.5,7.2,4.6,16.0,2.7,16.0,0.4,0.6,0.4,-9.2,22.5,192.6,80.8,17.0,116.6,16.0,0.4,0.6,0.5,-39.8,38.1,146.9,54.9,17.0,89.7,16.0,0.4,0.6,0.5,-1.08,0.0,1.2,0.23,15.0,1.67,14.0,0.5,0.6,0.4,-20.2,0.0,7.9,-3.2,15.0,17.4,14.0,0.5,0.6,0.4,0.91,2.73,5.59,3.12,10.0,2.25,14.0,0.4,0.6,0.4,15.4,24.6,38.1,28.7,10.0,18.1,14.0,0.4,0.6,0.4,-30.5,78.6,250.4,101.1,17.0,137.6,16.0,0.4,0.6,0.5,-96.9,88.1,215.2,69.1,17.0,131.2,16.0,0.4,0.6,0.5,-2.4,77.7,163.2,84.9,10.0,86.6,14.0,0.4,0.6,0.4,32.8,71.2,134.8,73.9,10.0,64.6,14.0,0.4,0.6,0.4,-3.4,11.9,22.5,13.2,10.0,24.1,14.0,0.4,0.6,0.4,8.0,12.1,23.3,10.8,10.0,18.4,14.0,0.4,0.6,0.4,189.5,551.5,3652.5,1873.5,17.0,2412.0,16.0,0.4,0.6,0.5,190.0,550.0,3650.0,1875.0,17.0,2410.0,16.0,0.4,0.6,0.5
1974,2,304.0,34.0,18.0,19.0,19.89,18.9,15.0,1.4,18.0,0.5,0.7,0.5,16.27,18.9,20.0,18.73,15.0,2.07,18.0,0.5,0.7,0.5,6.64,11.13,13.0,10.43,14.0,2.86,20.0,0.4,0.7,0.4,60.0,81.1,91.5,77.6,15.0,14.8,18.0,0.5,0.5,5.45,10.3,14.79,10.13,15.0,4.22,18.0,0.5,0.7,0.5,1.91,7.89,12.71,7.13,15.0,5.32,18.0,0.5,0.7,0.5,-2.61,5.27,7.86,3.84,15.0,5.41,18.0,0.5,0.7,0.5,1015.03,1019.75,1023.87,1019.16,14.0,5.33,20.0,0.4,0.7,0.4,2.1,6.5,8.0,5.6,14.0,2.7,18.0,0.5,0.7,0.5,9.0,81.3,186.7,91.1,15.0,79.3,18.0,0.5,0.7,0.5,-17.5,42.2,114.8,41.3,15.0,73.3,18.0,0.5,0.7,0.5,-1.71,0.1,2.11,0.17,15.0,2.01,18.0,0.5,0.7,0.5,-10.7,0.4,17.7,-1.8,15.0,23.7,18.0,0.5,0.7,0.5,1.27,3.09,6.0,3.1,14.0,2.3,20.0,0.4,0.7,0.4,9.3,20.3,53.9,28.3,14.0,26.3,20.0,0.4,0.7,0.4,35.1,154.2,253.6,138.0,15.0,107.2,18.0,0.5,0.7,0.5,-39.6,102.3,173.7,77.8,15.0,101.4,18.0,0.5,0.7,0.5,20.0,82.6,112.8,73.8,14.0,57.0,20.0,0.4,0.7,0.4,-20.6,61.8,101.3,46.5,14.0,56.7,20.0,0.4,0.7,0.4,3.3,12.5,39.9,18.5,14.0,25.4,20.0,0.4,0.7,0.4,-18.0,8.5,23.1,4.8,14.0,22.7,20.0,0.4,0.7,0.4,170.0,1092.5,3236.5,1538.5,15.0,1393.5,18.0,0.5,0.7,0.5,170.0,1095.0,3235.0,1540.0,15.0,1395.0,18.0,0.5,0.7,0.5
1974,2,304.0,35.0,18.0,19.0,20.78,19.27,15.0,1.46,16.0,0.6,0.6,0.5,15.81,17.65,20.0,17.83,16.0,2.02,16.0,0.6,0.6,0.5,7.92,10.16,12.75,10.11,15.0,2.43,16.0,0.6,0.6,0.5,65.4,80.3,89.7,79.1,15.0,11.9,16.0,0.6,0.5,4.6,9.25,14.14,9.34,16.0,4.44,16.0,0.6,0.6,0.5,0.8,6.13,10.99,6.28,16.0,5.25,16.0,0.6,0.6,0.5,-3.32,2.49,9.71,2.61,16.0,6.0,16.0,0.6,0.6,0.5,1003.43,1015.1,1022.67,1014.61,16.0,8.85,16.0,0.6,0.6,0.5,2.8,6.0,8.0,5.4,16.0,2.6,16.0,0.6,0.6,0.5,2.9,63.5,149.5,77.4,16.0,76.7,16.0,0.6,0.6,0.5,-22.8,11.7,130.5,35.5,16.0,76.4,16.0,0.6,0.6,0.5,0.2,1.6,3.0,1.51,15.0,2.29,16.0,0.6,0.6,0.5,2.5,9.2,21.2,12.3,15.0,30.3,16.0,0.6,0.6,0.5,1.75,3.57,5.76,3.81,15.0,2.1,16.0,0.6,0.6,0.5,10.0,26.5,54.8,33.9,15.0,27.8,16.0,0.6,0.6,0.5,17.5,119.2,205.2,112.3,16.0,89.0,16.0,0.6,0.6,0.5,-55.8,41.7,189.3,53.0,16.0,109.7,16.0,0.6,0.6,0.5,6.7,66.4,111.1,63.9,15.0,52.5,16.0,0.6,0.6,0.5,-26.5,23.8,91.7,26.0,15.0,59.0,16.0,0.6,0.6,0.5,-1.6,19.7,44.4,24.1,15.0,30.2,16.0,0.6,0.6,0.5,-16.5,4.8,19.2,2.6,15.0,21.4,16.0,0.6,0.6,0.5,97.5,822.0,2866.0,1344.0,16.0,1436.5,16.0,0.6,0.6,0.5,95.0,820.0,2865.0,1345.0,16.0,1435.0,16.0,0.6,0.6,0.5
1974,2,304.0,36.0,18.4,19.1,20.5,19.47,17.0,0.97,16.0,0.6,0.6,0.4,17.14,18.3,20.0,18.34,18.0,1.55,16.0,0.6,0.6,0.5,6.21,10.13,12.18,9.56,15.0,2.62,16.0,0.6,0.6,0.4,45.1,80.6,89.1,73.1,15.0,20.1,16.0,0.6,0.4,10.15,13.15,17.65,13.54,18.0,3.63,16.0,0.6,0.6,0.5,0.0,5.99,9.14,4.68,18.0,5.19,16.0,0.6,0.6,0.5,-5.21,10.94,14.28,5.78,18.0,11.03,16.0,0.6,0.6,0.5,998.32,1010.95,1020.13,1010.64,18.0,10.7,16.0,0.6,0.6,0.5,3.4,8.0,8.0,6.5,15.0,2.3,16.0,0.6,0.6,0.5,0.0,85.5,108.9,61.1,18.0,79.5,16.0,0.6,0.6,0.5,-42.2,130.8,232.3,86.7,18.0,178.8,16.0,0.6,0.6,0.5,-0.09,1.2,2.2,1.05,17.0,1.3,16.0,0.6,0.6,0.4,-0.9,12.4,29.0,15.5,17.0,21.3,16.0,0.6,0.6,0.4,2.26,3.99,8.75,4.62,15.0,3.1,16.0,0.6,0.6,0.4,31.1,48.9,94.9,63.8,15.0,44.5,16.0,0.6,0.6,0.4,0.0,107.7,174.5,88.4,18.0,98.8,16.0,0.6,0.6,0.5,-89.0,217.8,257.8,112.2,18.0,194.4,16.0,0.6,0.6,0.5,0.0,47.0,89.7,49.3,15.0,52.3,16.0,0.6,0.6,0.4,-0.1,100.1,170.7,86.1,15.0,96.2,16.0,0.6,0.6,0.4,0.0,14.8,43.9,23.6,15.0,32.2,16.0,0.6,0.6,0.4,-3.0,41.1,93.2,40.4,15.0,54.3,16.0,0.6,0.6,0.4,1047.0,2276.5,5502.0,2984.0,18.0,2095.0,16.0,0.6,0.6,0.5,1045.0,2275.0,5500.0,2985.0,18.0,2095.0,16.0,0.6,0.6,0.5
1974,2,304.0,37.0,18.59,19.2,19.91,19.09,10.0,1.76,16.0,0.7,0.6,0.4,14.18,16.0,18.22,16.36,13.0,2.27,16.0,0.5,0.6,0.4,6.94,9.15,10.69,8.9,11.0,1.84,16.0,0.5,0.6,0.5,65.6,73.1,93.3,76.7,11.0,13.6,16.0,0.5,0.5,6.2,9.3,14.84,11.27,13.0,6.15,16.0,0.5,0.6,0.4,3.32,5.37,13.81,8.22,13.0,7.21,16.0,0.5,0.6,0.4,-6.5,1.61,8.27,0.43,13.0,7.08,16.0,0.5,0.6,0.4,1008.08,1016.3,1021.53,1014.98,12.0,8.82,16.0,0.5,0.6,0.5,3.0,7.0,8.0,6.0,12.0,2.4,16.0,0.6,0.6,0.4,32.2,43.2,206.1,130.5,13.0,194.0,16.0,0.5,0.6,0.4,-75.2,13.1,93.5,3.4,13.0,95.2,16.0,0.5,0.6,0.4,-0.12,3.75,4.26,2.57,10.0,2.96,16.0,0.7,0.6,0.4,-4.1,29.4,52.5,28.7,10.0,35.9,16.0,0.7,0.6,0.4,2.91,3.82,6.84,4.36,9.0,2.07,16.0,0.7,0.6,0.5,19.6,43.5,88.9,52.6,9.0,33.4,16.0,0.7,0.6,0.5,56.7,93.2,184.2,134.9,13.0,124.4,16.0,0.5,0.6,0.4,-103.4,23.4,149.5,16.8,13.0,125.3,16.0,0.5,0.6,0.4,30.2,56.3,101.8,77.3,11.0,85.4,16.0,0.5,0.6,0.5,-60.5,11.5,80.6,10.1,11.0,69.1,16.0,0.5,0.6,0.5,6.5,20.1,72.7,38.8,9.0,37.2,16.0,0.7,0.6,0.5,-33.0,10.1,29.7,-2.7,9.0,33.7,16.0,0.7,0.6,0.5,238.5,804.5,3356.0,2886.0,13.0,5253.0,16.0,0.5,0.6,0.4,240.0,805.0,3355.0,2885.0,13.0,5255.0,16.0,0.5,0.6,0.4
1974,2,304.0,38.0,18.0,18.9,20.18,18.73,11.0,1.98,16.0,0.5,0.5,0.4,12.0,16.7,17.88,15.72,11.0,2.69,16.0,0.5,0.5,0.4,6.14,8.13,11.69,8.8,10.0,2.6,18.0,0.5,0.5,0.5,66.9,76.4,89.7,78.5,10.0,12.6,18.0,0.5,0.5,9.23,12.9,17.41,13.35,11.0,4.33,16.0,0.5,0.5,0.4,6.2,10.62,13.97,9.87,11.0,4.73,16.0,0.5,0.5,0.4,-6.08,-2.24,7.74,-0.25,11.0,9.22,16.0,0.5,0.5,0.4,1006.97,1016.5,1019.79,1012.96,11.0,8.87,16.0,0.5,0.5,0.4,5.2,7.0,8.0,6.4,11.0,2.2,16.0,0.5,0.5,0.4,51.0,120.0,208.4,135.1,11.0,96.0,16.0,0.5,0.5,0.4,-89.7,-20.3,138.3,8.9,11.0,162.8,16.0,0.5,0.5,0.4,0.41,3.0,6.9,3.01,11.0,3.47,16.0,0.5,0.5,0.4,8.2,30.9,89.0,41.4,11.0,53.9,16.0,0.5,0.5,0.4,1.74,5.27,7.55,4.53,10.0,2.72,18.0,0.5,0.5,0.5,24.7,50.6,104.6,62.0,10.0,41.6,18.0,0.5,0.5,0.5,90.7,152.4,226.9,154.5,11.0,80.5,16.0,0.5,0.5,0.4,-107.3,-26.9,131.7,4.6,11.0,144.1,16.0,0.5,0.5,0.4,45.6,74.3,128.3,82.9,10.0,48.4,18.0,0.5,0.5,0.5,-39.2,-13.1,101.0,15.1,10.0,87.8,18.0,0.5,0.5,0.5,8.6,38.0,91.7,46.3,10.0,36.8,18.0,0.5,0.5,0.5,-17.5,-7.9,28.8,-5.5,10.0,47.3,18.0,0.5,0.5,0.5,830.0,2146.5,5292.5,3064.5,11.0,2623.5,16.0,0.5,0.5,0.4,830.0,2145.0,5295.0,3065.0,11.0,2625.0,16.0,0.5,0.5,0.4
1974,2,304.0,39.0,16.45,17.6,19.73,17.79,13.0,1.99,18.0,0.4,0.6,0.4,9.53,13.5,15.56,12.86,14.0,3.28,18.0,0.4,0.6,0.4,4.34,6.71,9.34,6.52,11.0,2.28,18.0,0.5,0.6,0.4,55.2,63.2,81.6,66.8,11.0,13.8,18.0,0.5,0.4,4.7,9.8,20.6,12.03,14.0,6.78,18.0,0.4,0.6,0.4,-2.9,3.98,17.55,5.24,14.0,9.48,18.0,0.4,0.6,0.4,-8.84,0.0,4.01,-0.96,14.0,9.01,18.0,0.4,0.6,0.4,1008.65,1019.3,1023.0,1016.09,14.0,9.43,18.0,0.4,0.6,0.4,5.9,7.0,8.0,6.4,13.0,2.1,18.0,0.5,0.6,0.4,-13.3,30.7,355.4,103.1,14.0,174.7,18.0,0.4,0.6,0.4,-92.5,0.0,28.8,-17.0,14.0,164.6,18.0,0.4,0.6,0.4,1.92,5.0,8.07,5.0,13.0,3.1,18.0,0.4,0.6,0.4,10.5,65.6,106.5,64.9,13.0,53.8,18.0,0.4,0.6,0.4,3.19,6.6,9.16,6.28,10.0,2.71,18.0,0.4,0.6,0.4,22.5,69.7,180.1,92.1,10.0,74.0,18.0,0.4,0.6,0.4,-42.1,53.2,229.8,73.9,14.0,128.6,18.0,0.4,0.6,0.4,-120.0,0.0,59.3,-0.8,14.0,124.6,18.0,0.4,0.6,0.4,-3.6,29.9,113.9,48.9,11.0,54.2,18.0,0.5,0.6,0.4,-52.8,0.0,46.2,9.5,11.0,73.6,18.0,0.5,0.6,0.4,-8.5,35.8,132.2,64.0,10.0,77.8,18.0,0.4,0.6,0.4,-56.7,0.0,20.6,-12.5,10.0,64.3,18.0,0.4,0.6,0.4,106.0,948.5,8742.0,3359.0,14.0,3925.0,18.0,0.4,0.6,0.4,105.0,950.0,8740.0,3360.0,14.0,3925.0,18.0,0.4,0.6,0.4
1974,2,304.0,40.0,13.76,16.9,18.0,16.13,11.0,2.63,14.0,0.4,0.6,0.5,7.18,10.3,17.04,11.7,13.0,4.66,14.0,0.4,0.6,0.6,4.81,6.24,9.51,7.21,12.0,2.75,14.0,0.4,0.5,0.6,65.1,79.4,94.2,79.1,12.0,13.1,14.0,0.4,0.6,6.95,10.8,15.4,11.98,13.0,6.63,14.0,0.4,0.6,0.6,-2.76,5.0,8.77,4.29,13.0,5.94,14.0,0.4,0.6,0.6,-6.94,0.0,15.19,3.66,13.0,11.39,14.0,0.4,0.6,0.6,998.26,1003.7,1009.95,1004.84,13.0,7.78,14.0,0.4,0.6,0.6,6.9,8.0,8.0,7.3,13.0,1.4,14.0,0.4,0.6,0.6,-19.1,48.7,149.9,63.1,13.0,84.6,14.0,0.4,0.6,0.6,-60.0,0.0,233.9,102.3,13.0,242.6,14.0,0.4,0.6,0.6,-1.53,3.4,8.0,3.49,11.0,4.32,14.0,0.4,0.6,0.5,-32.4,47.5,63.2,27.1,11.0,44.3,14.0,0.4,0.6,0.5,0.96,3.63,6.55,3.75,10.0,2.7,14.0,0.4,0.6,0.5,2.9,39.3,70.5,39.4,10.0,37.2,14.0,0.4,0.6,0.5,-28.8,44.7,121.9,54.8,13.0,83.5,14.0,0.4,0.6,0.6,-55.4,0.0,247.2,87.2,13.0,180.3,14.0,0.4,0.6,0.6,-18.7,25.8,77.8,32.6,12.0,48.4,14.0,0.4,0.5,0.6,-38.6,29.5,123.4,56.7,12.0,122.5,14.0,0.4,0.5,0.6,-11.6,9.8,37.3,13.1,10.0,25.0,14.0,0.4,0.6,0.5,-27.9,-1.6,48.0,9.9,10.0,46.8,14.0,0.4,0.6,0.5,347.0,1259.5,3652.5,3443.5,13.0,6314.0,14.0,0.4,0.6,0.6,345.0,1260.0,3650.0,3445.0,13.0,6315.0,14.0,0.4,0.6,0.6
1974,2,304.0,41.0,9.56,11.85,14.79,11.74,8.0,3.32,20.0,0.5,0.6,0.4,8.15,10.0,14.47,11.21,9.0,3.6,20.0,0.6,0.6,0.4,5.11,5.51,7.95,6.31,8.0,1.54,20.0,0.5,0.7,0.4,63.7,80.6,85.6,77.7,8.0,11.9,20.0,0.5,0.4,9.67,13.0,20.6,15.04,9.0,6.22,20.0,0.6,0.6,0.4,2.16,6.45,17.28,9.97,9.0,8.52,20.0,0.6,0.6,0.4,-11.76,3.28,10.59,0.93,9.0,10.39,20.0,0.6,0.6,0.4,995.33,1015.0,1018.16,1009.08,9.0,11.53,20.0,0.6,0.6,0.4,6.1,8.0,8.0,7.3,8.0,1.2,20.0,0.6,0.6,0.5,15.0,83.2,356.1,192.5,9.0,206.0,20.0,0.6,0.6,0.4,-195.8,16.7,154.8,-8.9,9.0,165.7,20.0,0.6,0.6,0.4,-2.86,-0.2,3.09,0.14,8.0,4.58,20.0,0.5,0.6,0.4,-34.2,2.0,61.1,15.3,8.0,51.4,20.0,0.5,0.6,0.4,0.49,2.27,4.8,2.31,7.0,2.95,20.0,0.4,0.6,0.4,7.5,46.2,75.4,39.2,7.0,35.5,20.0,0.4,0.6,0.4,33.0,85.8,153.8,93.3,9.0,64.7,20.0,0.6,0.6,0.4,-90.7,42.6,149.6,36.3,9.0,113.7,20.0,0.6,0.6,0.4,13.7,63.6,90.0,59.8,8.0,43.9,20.0,0.5,0.7,0.4,-67.2,14.5,60.5,4.2,8.0,62.1,20.0,0.5,0.7,0.4,-0.6,4.8,41.6,21.0,7.0,30.1,20.0,0.4,0.6,0.4,-32.2,-10.0,28.2,-8.6,7.0,39.3,20.0,0.4,0.6,0.4,982.5,2197.0,8742.0,4942.5,9.0,4759.0,20.0,0.6,0.6,0.4,985.0,2195.0,8740.0,4945.0,9.0,4760.0,20.0,0.6,0.6,0.4
1974,2,304.0,42.0,6.33,10.0,12.53,9.8,11.0,2.82,12.0,0.6,0.5,0.4,1.04,3.55,7.69,4.28,14.0,3.65,14.0,0.7,0.5,0.4,3.54,4.01,5.03,4.42,14.0,1.23,14.0,0.7,0.5,0.4,77.4,86.3,93.0,84.3,14.0,11.7,14.0,0.7,0.4,7.73,13.1,22.94,14.84,14.0,7.64,14.0,0.7,0.5,0.4,1.44,6.47,20.4,8.74,14.0,10.71,14.0,0.7,0.5,0.4,-8.06,-4.56,0.0,-3.99,14.0,9.02,14.0,0.7,0.5,0.4,1001.06,1007.65,1022.06,1007.73,14.0,10.7,14.0,0.7,0.5,0.4,6.1,8.0,8.0,7.0,14.0,2.1,14.0,0.7,0.5,0.4,9.1,71.5,416.9,187.5,14.0,272.4,14.0,0.7,0.5,0.4,-112.6,-39.0,0.0,-68.0,14.0,170.5,14.0,0.7,0.5,0.4,1.62,6.2,7.7,5.04,11.0,3.45,12.0,0.6,0.5,0.4,25.5,67.0,190.8,96.8,11.0,89.8,12.0,0.6,0.5,0.4,1.35,3.64,4.68,3.04,11.0,1.58,12.0,0.6,0.5,0.4,12.2,46.1,111.8,58.2,11.0,47.0,12.0,0.6,0.5,0.4,0.0,17.7,106.5,39.2,14.0,55.4,14.0,0.7,0.5,0.4,-30.1,-2.3,0.0,-0.4,14.0,49.2,14.0,0.7,0.5,0.4,4.8,24.3,96.6,38.1,14.0,47.7,14.0,0.7,0.5,0.4,-27.8,-16.6,0.0,-11.3,14.0,42.8,14.0,0.7,0.5,0.4,1.9,23.0,111.0,42.5,11.0,52.2,12.0,0.6,0.5,0.4,-43.7,-4.9,1.3,-18.9,11.0,28.8,12.0,0.6,0.5,0.4,462.5,2456.0,12100.0,5848.0,14.0,7309.5,14.0,0.7,0.5,0.4,465.0,2455.0,12100.0,5850.0,14.0,7310.0,14.0,0.7,0.5,0.4
1974,2,304.0,43.0,3.49,3.9,3.97,3.73,3.0,0.38,18.0,0.3,0.6,0.3,0.25,0.8,0.94,0.6,3.0,0.53,22.0,0.0,0.3,0.6,3.51,3.67,3.84,3.67,2.0,0.34,18.0,0.0,0.3,0.4,87.4,90.8,94.2,90.8,2.0,7.0,18.0,0.0,0.4,9.3,9.65,10.68,9.98,4.0,0.94,20.0,0.3,0.4,0.4,2.21,4.65,6.75,4.49,4.0,3.54,20.0,0.3,0.4,0.4,-9.07,-8.05,-7.64,-8.34,4.0,1.17,20.0,0.3,0.4,0.4,1009.83,1017.35,1024.03,1016.95,4.0,8.85,20.0,0.3,0.4,0.4,5.5,6.5,7.5,6.5,4.0,1.3,20.0,0.3,0.4,0.4,20.6,43.2,71.8,46.1,4.0,40.1,20.0,0.3,0.4,0.4,-91.5,-78.5,-74.9,-83.0,4.0,11.8,20.0,0.3,0.4,0.4,2.95,3.05,3.15,3.05,2.0,0.21,18.0,0.0,0.3,0.4,30.2,31.3,32.3,31.3,2.0,2.1,18.0,0.0,0.3,0.4,1.19,1.35,1.52,1.35,2.0,0.34,18.0,0.0,0.3,0.4,12.9,13.7,14.5,13.7,2.0,1.6,18.0,0.0,0.3,0.4,1.2,3.7,7.1,4.1,3.0,4.3,22.0,0.0,0.3,0.6,-7.0,-6.4,-2.0,-4.6,3.0,4.0,22.0,0.0,0.3,0.6,18.8,24.9,31.0,24.9,2.0,12.7,18.0,0.0,0.3,0.4,-28.3,-28.0,-27.8,-28.0,2.0,0.6,18.0,0.0,0.3,0.4,7.8,8.5,9.3,8.5,2.0,1.6,18.0,0.0,0.3,0.4,-12.1,-10.5,-8.8,-10.5,2.0,3.4,18.0,0.0,0.3,0.4,804.5,902.0,1232.0,1013.0,4.0,301.0,20.0,0.3,0.4,0.4,805.0,900.0,1230.0,1015.0,4.0,300.0,20.0,0.3,0.4,0.4
1974,2,304.0,44.0,0.0,3.1,4.34,2.48,10.0,2.17,16.0,0.6,0.5,0.4,-3.0,-2.0,4.71,-0.01,13.0,4.13,18.0,0.6,0.5,0.4,2.18,3.02,3.74,3.27,6.0,1.5,18.0,0.7,0.5,0.5,82.4,95.1,100.0,90.9,6.0,12.1,18.0,0.7,0.5,3.76,10.0,15.17,9.92,11.0,6.25,16.0,0.6,0.5,0.5,-1.16,4.75,14.25,5.57,11.0,8.16,16.0,0.6,0.5,0.5,-5.3,-3.58,7.43,-1.27,11.0,6.68,16.0,0.6,0.5,0.5,994.45,1006.9,1017.2,1008.14,13.0,11.61,18.0,0.6,0.5,0.4,1.4,7.0,8.0,5.3,10.0,3.3,18.0,0.6,0.5,0.4,-9.5,49.0,216.2,89.9,11.0,141.8,16.0,0.6,0.5,0.5,-78.7,-30.5,68.7,-23.8,11.0,79.9,16.0,0.6,0.5,0.5,-3.43,3.7,6.0,2.19,10.0,4.56,16.0,0.6,0.5,0.4,-27.2,37.5,81.5,28.9,9.0,55.4,14.0,0.7,0.5,0.5,0.22,1.47,2.29,1.17,6.0,1.6,18.0,0.7,0.5,0.5,-5.0,9.8,32.7,13.2,5.0,22.4,16.0,0.8,0.5,0.6,-32.0,-0.5,13.9,-9.6,11.0,34.4,16.0,0.6,0.5,0.5,-22.7,-3.0,33.7,2.3,11.0,27.4,16.0,0.6,0.5,0.5,-6.3,14.7,41.1,17.5,5.0,29.6,16.0,0.8,0.5,0.6,-21.7,-10.6,17.4,-2.9,5.0,32.0,16.0,0.8,0.5,0.6,2.1,4.7,31.4,15.1,5.0,18.3,16.0,0.8,0.5,0.6,-10.6,-9.0,-4.8,-7.8,5.0,4.8,16.0,0.8,0.5,0.6,109.0,1000.0,3489.5,2013.5,11.0,2597.0,16.0,0.6,0.5,0.5,110.0,1000.0,3490.0,2015.0,11.0,2595.0,16.0,0.6,0.5,0.5
1974,2,304.0,45.0,-0.21,1.0,1.7,1.02,6.0,1.67,12.0,0.3,0.8,0.6,-5.28,-2.55,-1.38,-3.15,6.0,3.1,14.0,0.3,0.8,0.6,1.85,2.45,3.34,2.59,4.0,0.94,12.0,0.3,0.7,0.6,78.9,85.5,88.6,83.8,4.0,6.3,12.0,0.3,0.6,6.7,11.35,15.29,10.61,8.0,5.24,14.0,0.3,0.7,0.5,-1.02,9.03,13.52,7.4,8.0,7.68,14.0,0.3,0.7,0.5,-3.02,0.0,4.51,1.18,8.0,5.75,14.0,0.3,0.7,0.5,1002.9,1009.75,1017.4,1006.06,8.0,17.78,14.0,0.3,0.7,0.5,4.9,7.0,8.0,6.1,7.0,1.9,14.0,0.3,0.7,0.5,1.4,122.9,193.8,108.1,8.0,103.7,14.0,0.3,0.7,0.5,-20.0,0.0,63.9,27.7,8.0,85.8,14.0,0.3,0.7,0.5,0.7,3.0,6.59,3.6,5.0,3.38,14.0,0.4,0.8,0.6,3.8,7.4,75.8,33.1,5.0,39.4,14.0,0.4,0.8,0.6,0.56,1.36,2.08,1.32,4.0,0.88,12.0,0.3,0.7,0.6,5.7,13.4,23.8,14.7,4.0,10.9,12.0,0.3,0.7,0.6,-59.4,-27.2,6.3,-25.8,6.0,32.4,14.0,0.3,0.8,0.6,-5.0,0.0,10.8,5.5,6.0,22.4,14.0,0.3,0.8,0.6,15.2,23.1,43.7,29.2,4.0,20.6,12.0,0.3,0.7,0.6,-5.2,0.0,1.7,-1.7,4.0,5.8,12.0,0.3,0.7,0.6,5.7,11.1,21.6,13.5,4.0,10.4,12.0,0.3,0.7,0.6,-6.6,0.0,0.4,-2.9,4.0,6.4,12.0,0.3,0.7,0.6,301.0,1605.0,3578.5,1921.5,8.0,1831.5,14.0,0.3,0.7,0.5,300.0,1605.0,3580.0,1920.0,8.0,1830.0,14.0,0.3,0.7,0.5
1974,2,304.0,46.0,-0.68,0.0,1.67,0.3,8.0,1.09,20.0,0.5,0.7,0.5,-4.0,-0.55,2.99,-0.94,20.0,3.37,18.0,0.6,0.6,0.5,2.25,2.85,4.53,3.23,10.0,1.12,18.0,0.5,0.6,0.6,72.1,92.1,98.8,86.5,10.0,12.6,18.0,0.5,0.6,3.46,12.9,19.66,12.09,19.0,7.51,18.0,0.5,0.6,0.5,-10.61,2.44,9.49,1.38,19.0,11.08,18.0,0.5,0.6,0.5,-6.18,0.0,11.84,2.29,19.0,8.98,18.0,0.5,0.6,0.5,994.61,1008.1,1016.09,1005.19,19.0,12.4,18.0,0.5,0.6,0.5,4.7,8.0,8.0,6.8,18.0,2.2,18.0,0.6,0.6,0.5,-167.3,6.5,131.3,-4.8,19.0,219.9,18.0,0.5,0.6,0.5,-81.6,0.0,162.1,45.4,19.0,162.8,18.0,0.5,0.6,0.5,-2.71,0.35,1.9,0.06,8.0,2.88,20.0,0.5,0.7,0.5,-11.1,4.3,16.4,4.1,8.0,38.0,20.0,0.5,0.7,0.5,-0.87,0.43,1.24,0.16,7.0,1.0,18.0,0.4,0.6,0.6,-4.1,5.3,17.9,4.1,7.0,13.1,18.0,0.4,0.6,0.6,-44.0,-1.1,5.3,-15.0,19.0,28.7,18.0,0.5,0.6,0.5,0.0,5.6,30.1,13.8,19.0,22.7,18.0,0.5,0.6,0.5,0.0,10.5,30.4,10.5,10.0,19.9,18.0,0.5,0.6,0.6,-17.8,2.3,39.9,13.6,10.0,36.7,18.0,0.5,0.6,0.6,-3.3,0.0,10.1,2.5,7.0,6.5,18.0,0.4,0.6,0.6,-17.4,-2.4,7.0,-3.0,7.0,11.5,18.0,0.4,0.6,0.6,42.5,2146.5,7605.0,3697.0,19.0,4426.0,18.0,0.5,0.6,0.5,40.0,2145.0,7605.0,3695.0,19.0,4425.0,18.0,0.5,0.6,0.5
1974,2,304.0,47.0,-0.7,-0.5,-0.3,-0.5,2.0,0.42,20.0,1.0,0.2,0.8,-11.21,-6.7,-3.49,-7.33,3.0,5.68,20.0,1.0,0.5,0.6,1.06,1.35,1.65,1.35,2.0,0.62,20.0,1.0,0.2,0.8,70.0,73.8,77.5,73.8,2.0,7.7,20.0,1.0,0.8,1.46,4.6,9.17,5.3,3.0,5.68,20.0,1.0,0.5,0.6,0.5,1.57,5.46,2.95,3.0,3.82,20.0,1.0,0.5,0.6,-7.28,-4.32,-1.37,-4.33,3.0,4.33,20.0,1.0,0.5,0.6,1005.17,1024.9,1025.04,1015.33,3.0,16.74,20.0,1.0,0.5,0.6,4.0,4.0,4.0,4.0,3.0,0.0,20.0,1.0,0.5,0.6,2.3,7.2,58.3,29.8,3.0,45.4,20.0,1.0,0.5,0.6,-73.1,-19.9,-6.3,-39.2,3.0,51.7,20.0,1.0,0.5,0.6,7.45,9.5,11.55,9.5,2.0,4.24,20.0,1.0,0.2,0.8,9.1,28.8,48.4,28.8,2.0,40.7,20.0,1.0,0.2,0.8,2.0,2.25,2.49,2.25,2.0,0.51,20.0,1.0,0.2,0.8,1.9,6.0,10.1,6.0,2.0,8.5,20.0,1.0,0.2,0.8,-18.9,-14.5,-4.6,-11.8,3.0,10.7,20.0,1.0,0.5,0.6,5.5,17.3,44.7,24.9,3.0,29.5,20.0,1.0,0.5,0.6,0.2,0.7,1.2,0.7,2.0,1.0,20.0,1.0,0.2,0.8,-3.3,-2.0,-0.6,-2.0,2.0,2.8,20.0,1.0,0.2,0.8,0.7,2.0,3.4,2.0,2.0,2.9,20.0,1.0,0.2,0.8,-9.5,-5.6,-1.8,-5.6,2.0,8.0,20.0,1.0,0.2,0.8,31.0,97.5,1016.0,513.5,3.0,806.5,20.0,1.0,0.5,0.6,30.0,95.0,1015.0,515.0,3.0,805.0,20.0,1.0,0.5,0.6
1974,2,304.0,49.0,-1.35,-1.1,-0.75,-1.05,23.0,0.32,14.0,0.5,0.8,0.4,-14.0,-4.8,-2.32,-6.96,25.0,5.49,14.0,0.5,0.8,0.4,0.88,1.94,2.46,1.79,24.0,0.84,14.0,0.5,0.8,0.4,66.6,73.2,84.4,73.4,24.0,13.1,14.0,0.5,0.4,5.1,9.8,14.6,10.35,24.0,5.14,14.0,0.5,0.8,0.4,0.08,6.25,13.02,6.19,24.0,6.46,14.0,0.5,0.8,0.4,-5.45,1.56,9.37,1.94,24.0,7.24,14.0,0.5,0.8,0.4,995.96,1006.8,1014.86,1004.75,25.0,11.71,14.0,0.5,0.8,0.4,0.7,4.0,8.0,4.2,24.0,3.0,14.0,0.5,0.8,0.4,-0.8,59.3,203.4,86.6,24.0,115.6,14.0,0.5,0.8,0.4,-37.5,9.7,105.4,40.1,24.0,107.5,14.0,0.5,0.8,0.4,1.45,4.5,12.85,6.21,23.0,5.41,14.0,0.5,0.8,0.4,12.0,26.6,181.1,81.9,22.0,97.8,14.0,0.5,0.8,0.4,0.99,1.56,2.61,1.73,23.0,0.86,14.0,0.5,0.8,0.4,6.3,11.1,37.2,20.2,22.0,17.4,14.0,0.5,0.8,0.4,-166.3,-23.5,6.0,-61.2,24.0,84.5,14.0,0.5,0.8,0.4,-132.7,-2.8,21.9,-39.0,24.0,75.8,14.0,0.5,0.8,0.4,-1.2,7.4,17.5,7.9,23.0,11.3,14.0,0.5,0.8,0.4,-9.9,4.0,11.3,0.6,23.0,14.2,14.0,0.5,0.8,0.4,-0.4,9.4,32.0,13.8,22.0,15.5,14.0,0.5,0.8,0.4,-5.5,1.6,25.7,7.7,22.0,15.0,14.0,0.5,0.8,0.4,132.5,948.5,3152.5,1980.5,24.0,2721.0,14.0,0.5,0.8,0.4,135.0,950.0,3150.0,1980.0,24.0,2720.0,14.0,0.5,0.8,0.4
1974,2,304.0,50.0,-1.4,-1.4,-1.4,-1.4,2.0,0.0,8.0,0.5,0.4,0.1,-4.23,-3.45,-2.67,-3.45,2.0,1.63,8.0,0.5,0.4,0.1,2.29,2.68,3.07,2.68,2.0,0.81,8.0,0.5,0.4,0.1,80.7,88.6,96.4,88.6,2.0,16.2,8.0,0.5,0.1,9.41,14.15,18.89,14.15,2.0,9.83,8.0,0.5,0.4,0.1,-2.01,1.55,5.11,1.55,2.0,7.37,8.0,0.5,0.4,0.1,-17.87,-11.62,-5.37,-11.62,2.0,12.95,8.0,0.5,0.4,0.1,993.02,994.15,995.28,994.15,2.0,2.33,8.0,0.5,0.4,0.1,8.0,8.0,8.0,8.0,2.0,0.0,8.0,0.5,0.4,0.1,-57.3,-14.3,28.7,-14.3,2.0,89.1,8.0,0.5,0.4,0.1,-371.7,-228.1,-84.5,-228.1,2.0,297.5,8.0,0.5,0.4,0.1,1.27,2.05,2.83,2.05,2.0,1.63,8.0,0.5,0.4,0.1,19.6,21.0,22.4,21.0,2.0,2.9,8.0,0.5,0.4,0.1,0.4,0.79,1.18,0.79,2.0,0.81,8.0,0.5,0.4,0.1,5.5,7.3,9.0,7.3,2.0,3.6,8.0,0.5,0.4,0.1,-24.8,-11.3,2.2,-11.3,2.0,28.0,8.0,0.5,0.4,0.1,17.1,29.6,42.0,29.6,2.0,25.8,8.0,0.5,0.4,0.1,-7.8,1.2,10.1,1.2,2.0,18.5,8.0,0.5,0.4,0.1,-57.8,-36.4,-15.1,-36.4,2.0,44.2,8.0,0.5,0.4,0.1,0.8,4.2,7.6,4.2,2.0,7.1,8.0,0.5,0.4,0.1,-4.4,-4.0,-3.6,-4.0,2.0,0.9,8.0,0.5,0.4,0.1,1805.0,4883.5,7962.5,4883.5,2.0,6378.5,8.0,0.5,0.4,0.1,1805.0,4885.0,7960.0,4885.0,2.0,6380.0,8.0,0.5,0.4,0.1
1974,2,304.0,55.0,,,,,,,,,,,,,,,,,,,,,,,,,,,,,,,,,,,,,,,,4.06,4.1,6.1,5.04,5.0,1.7,28.0,0.6,0.8,0.2,3.52,3.55,5.28,4.36,5.0,1.48,28.0,0.6,0.8,0.2,-3.05,-2.05,-2.03,-2.52,5.0,0.85,28.0,0.6,0.8,0.2,1009.79,1013.3,1014.77,1012.36,5.0,3.18,28.0,0.6,0.8,0.2,,,,,,,,,,,,,,,,,,,,,,,,,,,,,,,,,,,,,,,,,,,,,,,,,,,,,,,,,,,,,,,,,,,,,,,,,,,,,,,,,,,,,,,,,,,,,,,,,,,,,,,,,,,,,,,,,,,,,,,,,,,,,,,,,,,,,,,,,,,,,,,,,,,,,,
1974,2,305.0,-62.0,0.0,0.0,0.0,0.0,1.0,0.0,16.0,1.0,0.8,0.3,2.0,2.0,2.0,2.0,1.0,0.0,16.0,1.0,0.8,0.3,4.42,4.42,4.42,4.42,1.0,0.0,16.0,1.0,0.8,0.3,100.0,100.0,100.0,100.0,1.0,0.0,16.0,1.0,0.3,11.3,11.3,11.3,11.3,1.0,0.0,16.0,1.0,0.8,0.3,11.13,11.13,11.13,11.13,1.0,0.0,16.0,1.0,0.8,0.3,-1.96,-1.96,-1.96,-1.96,1.0,0.0,16.0,1.0,0.8,0.3,999.3,999.3,999.3,999.3,1.0,0.0,16.0,1.0,0.8,0.3,8.0,8.0,8.0,8.0,1.0,0.0,16.0,1.0,0.8,0.3,125.8,125.8,125.8,125.8,1.0,0.0,16.0,1.0,0.8,0.3,-22.2,-22.2,-22.2,-22.2,1.0,0.0,16.0,1.0,0.8,0.3,-2.0,-2.0,-2.0,-2.0,1.0,0.0,16.0,1.0,0.8,0.3,-22.6,-22.6,-22.6,-22.6,1.0,0.0,16.0,1.0,0.8,0.3,-0.59,-0.59,-0.59,-0.59,1.0,0.0,16.0,1.0,0.8,0.3,-6.7,-6.7,-6.7,-6.7,1.0,0.0,16.0,1.0,0.8,0.3,22.3,22.3,22.3,22.3,1.0,0.0,16.0,1.0,0.8,0.3,-3.9,-3.9,-3.9,-3.9,1.0,0.0,16.0,1.0,0.8,0.3,49.2,49.2,49.2,49.2,1.0,0.0,16.0,1.0,0.8,0.3,-8.7,-8.7,-8.7,-8.7,1.0,0.0,16.0,1.0,0.8,0.3,-6.6,-6.6,-6.6,-6.6,1.0,0.0,16.0,1.0,0.8,0.3,1.2,1.2,1.2,1.2,1.0,0.0,16.0,1.0,0.8,0.3,1443.0,1443.0,1443.0,1443.0,1.0,0.0,16.0,1.0,0.8,0.3,1445.0,1445.0,1445.0,1445.0,1.0,0.0,16.0,1.0,0.8,0.3
1974,2,305.0,-60.0,1.5,1.5,1.5,1.5,1.0,0.0,28.0,1.0,0.5,0.1,4.0,4.0,4.0,4.0,1.0,0.0,28.0,1.0,0.5,0.1,4.72,4.72,4.72,4.72,1.0,0.0,28.0,1.0,0.5,0.1,92.5,92.5,92.5,92.5,1.0,0.0,28.0,1.0,0.1,10.8,10.8,10.8,10.8,1.0,0.0,28.0,1.0,0.5,0.1,8.27,8.27,8.27,8.27,1.0,0.0,28.0,1.0,0.5,0.1,-6.94,-6.94,-6.94,-6.94,1.0,0.0,28.0,1.0,0.5,0.1,998.2,998.2,998.2,998.2,1.0,0.0,28.0,1.0,0.5,0.1,8.0,8.0,8.0,8.0,1.0,0.0,28.0,1.0,0.5,0.1,89.4,89.4,89.4,89.4,1.0,0.0,28.0,1.0,0.5,0.1,-75.0,-75.0,-75.0,-75.0,1.0,0.0,28.0,1.0,0.5,0.1,-2.5,-2.5,-2.5,-2.5,1.0,0.0,28.0,1.0,0.5,0.1,-27.0,-27.0,-27.0,-27.0,1.0,0.0,28.0,1.0,0.5,0.1,-0.45,-0.45,-0.45,-0.45,1.0,0.0,28.0,1.0,0.5,0.1,-4.9,-4.9,-4.9,-4.9,1.0,0.0,28.0,1.0,0.5,0.1,33.1,33.1,33.1,33.1,1.0,0.0,28.0,1.0,0.5,0.1,-27.8,-27.8,-27.8,-27.8,1.0,0.0,28.0,1.0,0.5,0.1,39.1,39.1,39.1,39.1,1.0,0.0,28.0,1.0,0.5,0.1,-32.8,-32.8,-32.8,-32.8,1.0,0.0,28.0,1.0,0.5,0.1,-3.7,-3.7,-3.7,-3.7,1.0,0.0,28.0,1.0,0.5,0.1,3.1,3.1,3.1,3.1,1.0,0.0,28.0,1.0,0.5,0.1,1259.5,1259.5,1259.5,1259.5,1.0,0.0,28.0,1.0,0.5,0.1,1260.0,1260.0,1260.0,1260.0,1.0,0.0,28.0,1.0,0.5,0.1
1974,2,305.0,-54.0,7.1,7.1,7.1,7.1,1.0,0.0,10.0,0.0,0.4,0.4,5.1,5.1,5.1,5.1,1.0,0.0,10.0,0.0,0.4,0.4,4.38,4.38,4.38,4.38,1.0,0.0,10.0,0.0,0.4,0.4,80.9,80.9,80.9,80.9,1.0,0.0,10.0,0.0,0.4,3.1,3.1,3.1,3.1,1.0,0.0,10.0,0.0,0.4,0.4,1.06,1.06,1.06,1.06,1.0,0.0,10.0,0.0,0.4,0.4,2.91,2.91,2.91,2.91,1.0,0.0,10.0,0.0,0.4,0.4,1016.6,1016.6,1016.6,1016.6,1.0,0.0,10.0,0.0,0.4,0.4,7.0,7.0,7.0,7.0,1.0,0.0,10.0,0.0,0.4,0.4,3.3,3.3,3.3,3.3,1.0,0.0,10.0,0.0,0.4,0.4,9.0,9.0,9.0,9.0,1.0,0.0,10.0,0.0,0.4,0.4,2.0,2.0,2.0,2.0,1.0,0.0,10.0,0.0,0.4,0.4,6.2,6.2,6.2,6.2,1.0,0.0,10.0,0.0,0.4,0.4,1.84,1.84,1.84,1.84,1.0,0.0,10.0,0.0,0.4,0.4,5.7,5.7,5.7,5.7,1.0,0.0,10.0,0.0,0.4,0.4,5.4,5.4,5.4,5.4,1.0,0.0,10.0,0.0,0.4,0.4,14.9,14.9,14.9,14.9,1.0,0.0,10.0,0.0,0.4,0.4,4.6,4.6,4.6,4.6,1.0,0.0,10.0,0.0,0.4,0.4,12.8,12.8,12.8,12.8,1.0,0.0,10.0,0.0,0.4,0.4,2.0,2.0,2.0,2.0,1.0,0.0,10.0,0.0,0.4,0.4,5.4,5.4,5.4,5.4,1.0,0.0,10.0,0.0,0.4,0.4,30.0,30.0,30.0,30.0,1.0,0.0,10.0,0.0,0.4,0.4,30.0,30.0,30.0,30.0,1.0,0.0,10.0,0.0,0.4,0.4
1974,2,305.0,-49.0,,,,,,,,,,,,,,,,,,,,,,,,,,,,,,,,,,,,,,,,1.0,1.0,1.0,1.0,1.0,0.0,2.0,1.0,0.5,0.2,1.0,1.0,1.0,1.0,1.0,0.0,2.0,1.0,0.5,0.2,0.0,0.0,0.0,0.0,1.0,0.0,2.0,1.0,0.5,0.2,1009.9,1009.9,1009.9,1009.9,1.0,0.0,2.0,1.0,0.5,0.2,,,,,,,,,,,,,,,,,,,,,,,,,,,,,,,,,,,,,,,,,,,,,,,,,,,,,,,,,,,,,,,,,,,,,,,,,,,,,,,,,,,,,,,,,,,,,,,,,,,,,,,,,,,,,,,,,,,,,,,,,,,,,,,,,,,,,,,,,,,,,,,,,,,,,,
1974,2,305.0,-47.0,15.4,15.4,15.4,15.4,1.0,0.0,20.0,0.0,0.3,0.8,14.9,14.9,14.9,14.9,1.0,0.0,20.0,0.0,0.3,0.8,9.09,9.09,9.09,9.09,1.0,0.0,20.0,0.0,0.3,0.8,86.7,86.7,86.7,86.7,1.0,0.0,20.0,0.0,0.8,4.1,4.1,4.1,4.1,1.0,0.0,20.0,0.0,0.3,0.8,-2.64,-2.64,-2.64,-2.64,1.0,0.0,20.0,0.0,0.3,0.8,3.14,3.14,3.14,3.14,1.0,0.0,20.0,0.0,0.3,0.8,1014.5,1014.5,1014.5,1014.5,1.0,0.0,20.0,0.0,0.3,0.8,3.0,3.0,3.0,3.0,1.0,0.0,20.0,0.0,0.3,0.8,-10.8,-10.8,-10.8,-10.8,1.0,0.0,20.0,0.0,0.3,0.8,12.9,12.9,12.9,12.9,1.0,0.0,20.0,0.0,0.3,0.8,0.5,0.5,0.5,0.5,1.0,0.0,20.0,0.0,0.3,0.8,2.1,2.1,2.1,2.1,1.0,0.0,20.0,0.0,0.3,0.8,1.75,1.75,1.75,1.75,1.0,0.0,20.0,0.0,0.3,0.8,7.2,7.2,7.2,7.2,1.0,0.0,20.0,0.0,0.3,0.8,-39.3,-39.3,-39.3,-39.3,1.0,0.0,20.0,0.0,0.3,0.8,46.8,46.8,46.8,46.8,1.0,0.0,20.0,0.0,0.3,0.8,-24.0,-24.0,-24.0,-24.0,1.0,0.0,20.0,0.0,0.3,0.8,28.5,28.5,28.5,28.5,1.0,0.0,20.0,0.0,0.3,0.8,-4.6,-4.6,-4.6,-4.6,1.0,0.0,20.0,0.0,0.3,0.8,5.5,5.5,5.5,5.5,1.0,0.0,20.0,0.0,0.3,0.8,69.0,69.0,69.0,69.0,1.0,0.0,20.0,0.0,0.3,0.8,70.0,70.0,70.0,70.0,1.0,0.0,20.0,0.0,0.3,0.8
1974,2,305.0,-44.0,14.4,14.4,14.4,14.4,1.0,0.0,4.0,1.0,0.4,0.7,17.0,17.0,17.0,17.0,1.0,0.0,4.0,1.0,0.4,0.7,11.68,11.68,11.68,11.68,1.0,0.0,4.0,1.0,0.4,0.7,95.0,95.0,95.0,95.0,1.0,0.0,4.0,1.0,0.7,12.9,12.9,12.9,12.9,1.0,0.0,4.0,1.0,0.4,0.7,-4.41,-4.41,-4.41,-4.41,1.0,0.0,4.0,1.0,0.4,0.7,-12.12,-12.12,-12.12,-12.12,1.0,0.0,4.0,1.0,0.4,0.7,991.5,991.5,991.5,991.5,1.0,0.0,4.0,1.0,0.4,0.7,8.0,8.0,8.0,8.0,1.0,0.0,4.0,1.0,0.4,0.7,-56.9,-56.9,-56.9,-56.9,1.0,0.0,4.0,1.0,0.4,0.7,-156.4,-156.4,-156.4,-156.4,1.0,0.0,4.0,1.0,0.4,0.7,-2.6,-2.6,-2.6,-2.6,1.0,0.0,4.0,1.0,0.4,0.7,-33.5,-33.5,-33.5,-33.5,1.0,0.0,4.0,1.0,0.4,0.7,-1.28,-1.28,-1.28,-1.28,1.0,0.0,4.0,1.0,0.4,0.7,-16.6,-16.6,-16.6,-16.6,1.0,0.0,4.0,1.0,0.4,0.7,-75.0,-75.0,-75.0,-75.0,1.0,0.0,4.0,1.0,0.4,0.7,-206.1,-206.1,-206.1,-206.1,1.0,0.0,4.0,1.0,0.4,0.7,-51.5,-51.5,-51.5,-51.5,1.0,0.0,4.0,1.0,0.4,0.7,-141.6,-141.6,-141.6,-141.6,1.0,0.0,4.0,1.0,0.4,0.7,5.7,5.7,5.7,5.7,1.0,0.0,4.0,1.0,0.4,0.7,15.6,15.6,15.6,15.6,1.0,0.0,4.0,1.0,0.4,0.7,2146.5,2146.5,2146.5,2146.5,1.0,0.0,4.0,1.0,0.4,0.7,2145.0,2145.0,2145.0,2145.0,1.0,0.0,4.0,1.0,0.4,0.7
1974,2,305.0,-42.0,21.0,21.0,21.0,21.0,1.0,0.0,24.0,0.0,0.5,0.1,18.5,18.5,18.5,18.5,1.0,0.0,24.0,0.0,0.5,0.1,12.15,12.15,12.15,12.15,1.0,0.0,24.0,0.0,0.5,0.1,92.1,92.1,92.1,92.1,1.0,0.0,24.0,0.0,0.1,10.3,10.3,10.3,10.3,1.0,0.0,24.0,0.0,0.5,0.1,5.15,5.15,5.15,5.15,1.0,0.0,24.0,0.0,0.5,0.1,-8.92,-8.92,-8.92,-8.92,1.0,0.0,24.0,0.0,0.5,0.1,1016.1,1016.1,1016.1,1016.1,1.0,0.0,24.0,0.0,0.5,0.1,4.0,4.0,4.0,4.0,1.0,0.0,24.0,0.0,0.5,0.1,53.0,53.0,53.0,53.0,1.0,0.0,24.0,0.0,0.5,0.1,-91.9,-91.9,-91.9,-91.9,1.0,0.0,24.0,0.0,0.5,0.1,2.5,2.5,2.5,2.5,1.0,0.0,24.0,0.0,0.5,0.1,25.8,25.8,25.8,25.8,1.0,0.0,24.0,0.0,0.5,0.1,3.28,3.28,3.28,3.28,1.0,0.0,24.0,0.0,0.5,0.1,33.8,33.8,33.8,33.8,1.0,0.0,24.0,0.0,0.5,0.1,95.3,95.3,95.3,95.3,1.0,0.0,24.0,0.0,0.5,0.1,-165.0,-165.0,-165.0,-165.0,1.0,0.0,24.0,0.0,0.5,0.1,62.6,62.6,62.6,62.6,1.0,0.0,24.0,0.0,0.5,0.1,-108.4,-108.4,-108.4,-108.4,1.0,0.0,24.0,0.0,0.5,0.1,16.9,16.9,16.9,16.9,1.0,0.0,24.0,0.0,0.5,0.1,-29.3,-29.3,-29.3,-29.3,1.0,0.0,24.0,0.0,0.5,0.1,1092.5,1092.5,1092.5,1092.5,1.0,0.0,24.0,0.0,0.5,0.1,1095.0,1095.0,1095.0,1095.0,1.0,0.0,24.0,0.0,0.5,0.1
1974,2,305.0,-41.0,,,,,,,,,,,,,,,,,,,,,,,,,,,,,,,,,,,,,,,,4.23,9.55,11.3,9.19,14.0,4.73,6.0,0.5,0.7,0.5,-2.01,3.82,8.27,3.66,14.0,5.3,6.0,0.5,0.7,0.5,-9.05,-1.84,8.57,0.02,14.0,8.42,6.0,0.5,0.7,0.5,998.12,1010.3,1016.4,1008.82,15.0,9.06,6.0,0.5,0.6,0.5,1.0,4.0,7.8,3.9,15.0,3.0,6.0,0.5,0.6,0.5,-6.5,28.5,96.8,52.4,14.0,82.4,6.0,0.5,0.7,0.5,-85.3,-7.9,96.8,16.4,14.0,118.2,6.0,0.5,0.7,0.5,,,,,,,,,,,,,,,,,,,,,,,,,,,,,,,,,,,,,,,,,-28.8,56.6,144.5,54.9,14.0,83.0,6.0,0.5,0.7,0.5,-172.9,-34.8,121.4,-15.8,14.0,136.1,6.0,0.5,0.7,0.5,-12.2,22.8,74.7,26.9,14.0,43.0,6.0,0.5,0.7,0.5,-100.7,-18.5,50.6,-15.5,14.0,71.9,6.0,0.5,0.7,0.5,,,,,,,,,,,,,,,,,,,,,,,,,,,,,,,,,,,,,,,,
1974,2,305.0,-39.0,13.5,13.5,13.5,13.5,1.0,0.0,20.0,0.0,0.5,0.8,16.1,16.1,16.1,16.1,1.0,0.0,20.0,0.0,0.5,0.8,10.96,10.96,10.96,10.96,1.0,0.0,20.0,0.0,0.5,0.8,96.2,96.2,96.2,96.2,1.0,0.0,20.0,0.0,0.8,,,,,,,,,,,,,,,,,,,,,,,,,,,,,,,,,,,,,,,,,,,,,,,,,,,,,,,,,,,,,,,,,,,,,,,,,,,,,,,,,,,,,,,,,,,,,,,,,,,,,,,,,,,,,,,,,,,,,,,,,,,,,,,,,,,,,,,,,,,,,,,,,,,,,,,,,,,,,,,,,,,,,,,,,,,,,,,,,,,,,,,,,,,,,,
1974,2,305.0,-36.0,19.45,21.0,23.73,21.5,5.0,2.55,22.0,0.0,0.4,0.8,19.82,22.0,23.37,21.7,5.0,1.92,22.0,0.0,0.4,0.8,11.55,13.17,14.31,12.9,5.0,2.14,22.0,0.0,0.4,0.8,72.3,83.1,86.1,79.9,5.0,9.4,22.0,0.0,0.8,4.1,6.2,6.38,5.46,5.0,1.26,22.0,0.0,0.4,0.8,-4.1,-3.85,-0.12,-2.29,5.0,2.72,22.0,0.0,0.4,0.8,-4.89,-1.4,4.57,-0.32,5.0,4.98,22.0,0.0,0.4,0.8,1015.39,1018.0,1020.75,1017.72,5.0,3.93,22.0,0.0,0.4,0.8,2.9,5.0,8.0,5.2,5.0,2.9,22.0,0.0,0.4,0.8,-26.2,-15.8,1.2,-12.4,5.0,16.8,22.0,0.0,0.4,0.8,-31.3,-5.7,23.2,-3.5,5.0,29.9,22.0,0.0,0.4,0.8,-1.64,1.0,1.18,-0.2,5.0,2.46,22.0,0.0,0.4,0.8,-11.0,6.2,6.2,-2.3,5.0,15.8,22.0,0.0,0.4,0.8,1.67,3.86,4.51,3.14,5.0,1.94,22.0,0.0,0.4,0.8,6.9,20.1,24.9,16.3,5.0,10.9,22.0,0.0,0.4,0.8,-96.9,-77.1,-0.3,-50.5,5.0,61.4,22.0,0.0,0.4,0.8,-115.5,-28.0,94.5,-11.4,5.0,110.8,22.0,0.0,0.4,0.8,-58.4,-36.7,-0.7,-28.7,5.0,36.6,22.0,0.0,0.4,0.8,-69.6,-13.4,60.2,-5.1,5.0,68.4,22.0,0.0,0.4,0.8,-17.7,-3.7,3.0,-6.3,5.0,11.5,22.0,0.0,0.4,0.8,-11.8,0.0,14.7,1.1,5.0,16.3,22.0,0.0,0.4,0.8,69.0,238.5,261.0,183.0,5.0,107.5,22.0,0.0,0.4,0.8,70.0,240.0,260.0,185.0,5.0,105.0,22.0,0.0,0.4,0.8
1974,2,305.0,-35.0,22.2,23.3,24.0,23.02,5.0,1.32,14.0,0.6,0.8,0.2,19.34,22.0,24.05,21.74,5.0,2.71,14.0,0.6,0.8,0.2,9.73,13.6,17.67,13.61,5.0,4.23,14.0,0.6,0.8,0.2,69.9,83.1,92.8,81.9,5.0,13.6,14.0,0.6,0.2,3.55,5.7,6.38,5.06,5.0,1.69,14.0,0.6,0.8,0.2,-5.25,-3.55,0.32,-2.68,5.0,2.98,14.0,0.6,0.8,0.2,-2.34,2.44,4.39,1.42,5.0,3.8,14.0,0.6,0.8,0.2,1012.51,1016.6,1018.09,1015.26,5.0,4.72,14.0,0.6,0.8,0.2,3.0,6.0,7.4,5.4,5.0,2.3,14.0,0.6,0.8,0.2,-32.1,-14.6,0.8,-15.9,5.0,17.8,14.0,0.6,0.8,0.2,-11.3,6.4,28.3,8.5,5.0,22.3,14.0,0.6,0.8,0.2,-0.05,1.3,2.75,1.28,5.0,1.62,14.0,0.6,0.8,0.2,0.4,7.4,17.9,8.6,5.0,9.3,14.0,0.6,0.8,0.2,0.9,4.16,6.87,3.92,5.0,3.04,14.0,0.6,0.8,0.2,2.6,23.7,44.1,23.5,5.0,20.9,14.0,0.6,0.8,0.2,-106.7,-83.4,8.1,-55.1,5.0,61.7,14.0,0.6,0.8,0.2,-53.5,61.0,84.1,27.0,5.0,79.7,14.0,0.6,0.8,0.2,-65.4,-49.0,5.6,-33.0,5.0,38.2,14.0,0.6,0.8,0.2,-37.8,28.3,50.7,11.9,5.0,47.4,14.0,0.6,0.8,0.2,-27.5,-2.0,0.4,-12.2,5.0,17.6,14.0,0.6,0.8,0.2,-5.1,2.7,30.3,11.1,5.0,21.9,14.0,0.6,0.8,0.2,50.0,185.0,261.0,162.0,5.0,117.5,14.0,0.6,0.8,0.2,50.0,185.0,260.0,160.0,5.0,115.0,14.0,0.6,0.8,0.2
1974,2,305.0,6.0,,,,,,,,,,,,,,,,,,,,,,,,,,,,,,,,,,,,,,,,7.7,7.7,7.7,7.7,1.0,0.0,4.0,1.0,0.6,0.9,-7.24,-7.24,-7.24,-7.24,1.0,0.0,4.0,1.0,0.6,0.9,-2.63,-2.63,-2.63,-2.63,1.0,0.0,4.0,1.0,0.6,0.9,1008.0,1008.0,1008.0,1008.0,1.0,0.0,4.0,1.0,0.6,0.9,,,,,,,,,,,,,,,,,,,,,,,,,,,,,,,,,,,,,,,,,,,,,,,,,,,,,,,,,,,,,,,,,,,,,,,,,,,,,,,,,,,,,,,,,,,,,,,,,,,,,,,,,,,,,,,,,,,,,,,,,,,,,,,,,,,,,,,,,,,,,,,,,,,,,,
1974,2,305.0,7.0,26.48,27.0,27.76,27.15,16.0,0.75,20.0,0.6,0.6,0.3,25.51,26.1,27.19,26.23,14.0,1.22,22.0,0.6,0.6,0.3,14.53,15.4,17.09,15.74,13.0,1.19,20.0,0.5,0.7,0.3,70.1,73.5,80.5,74.5,13.0,6.4,20.0,0.5,0.3,6.7,9.0,10.3,8.71,16.0,1.85,20.0,0.6,0.6,0.3,-7.92,-6.66,-4.34,-6.34,16.0,1.8,20.0,0.6,0.6,0.3,-8.13,-5.56,-3.12,-5.21,16.0,3.05,20.0,0.6,0.6,0.3,1010.19,1012.05,1012.91,1011.66,16.0,1.35,20.0,0.6,0.6,0.3,3.4,4.0,5.6,4.4,16.0,1.7,20.0,0.6,0.6,0.3,-74.4,-55.6,-37.3,-56.7,16.0,22.8,20.0,0.6,0.6,0.3,-86.6,-52.2,-22.5,-49.3,16.0,33.4,20.0,0.6,0.6,0.3,0.51,1.05,1.39,1.02,14.0,1.4,22.0,0.6,0.6,0.3,4.2,7.3,12.3,9.8,14.0,13.4,22.0,0.6,0.6,0.3,6.41,6.97,7.96,7.0,13.0,1.11,20.0,0.5,0.7,0.3,41.4,68.3,74.5,61.1,13.0,19.2,20.0,0.5,0.7,0.3,-206.0,-172.6,-109.1,-166.5,14.0,48.2,22.0,0.6,0.6,0.3,-196.3,-126.6,-77.3,-128.0,14.0,79.7,22.0,0.6,0.6,0.3,-129.7,-108.2,-88.8,-103.7,13.0,31.3,20.0,0.5,0.7,0.3,-112.7,-63.6,-45.9,-73.1,13.0,49.1,20.0,0.5,0.7,0.3,-60.3,-47.5,-26.5,-46.1,13.0,16.0,20.0,0.5,0.7,0.3,-61.4,-34.5,-19.5,-35.2,13.0,22.7,20.0,0.5,0.7,0.3,301.0,731.5,1092.5,743.5,16.0,409.0,20.0,0.6,0.6,0.3,300.0,730.0,1095.0,745.0,16.0,410.0,20.0,0.6,0.6,0.3
1974,2,305.0,8.0,27.99,28.4,28.81,28.4,2.0,0.85,8.0,0.5,0.5,0.4,24.63,26.0,26.68,25.76,5.0,1.38,6.0,0.2,0.6,0.3,15.8,17.38,17.78,16.86,5.0,1.35,6.0,0.2,0.6,0.3,73.1,83.1,89.5,81.6,5.0,9.0,6.0,0.2,0.3,6.2,8.7,10.3,8.34,5.0,2.06,6.0,0.2,0.6,0.3,-8.27,-7.53,-3.66,-6.29,5.0,2.57,6.0,0.2,0.6,0.3,-5.83,-5.15,-4.6,-5.25,5.0,0.86,6.0,0.2,0.6,0.3,1008.3,1011.0,1011.82,1010.34,5.0,2.0,6.0,0.2,0.6,0.3,3.3,4.0,5.4,4.3,3.0,1.5,4.0,0.3,0.8,0.2,-85.1,-65.5,-22.7,-56.5,5.0,33.0,6.0,0.2,0.6,0.3,-58.6,-37.8,-31.9,-44.4,5.0,16.1,6.0,0.2,0.6,0.3,1.36,1.5,1.64,1.5,2.0,0.28,8.0,0.5,0.5,0.4,12.3,14.4,16.5,14.4,2.0,4.4,8.0,0.5,0.5,0.4,6.19,6.86,7.53,6.86,2.0,1.39,8.0,0.5,0.5,0.4,61.7,64.4,67.0,64.4,2.0,5.5,8.0,0.5,0.5,0.4,-210.7,-205.9,-92.7,-161.8,5.0,65.8,6.0,0.2,0.6,0.3,-151.7,-123.6,-119.9,-135.0,5.0,22.7,6.0,0.2,0.6,0.3,-141.1,-130.9,-62.9,-106.8,5.0,44.8,6.0,0.2,0.6,0.3,-97.4,-84.4,-77.9,-88.4,5.0,16.0,6.0,0.2,0.6,0.3,-57.1,-52.7,-48.4,-52.7,2.0,9.0,8.0,0.5,0.5,0.4,-38.1,-36.5,-34.9,-36.5,2.0,3.4,8.0,0.5,0.5,0.4,238.5,658.5,1092.5,664.0,5.0,427.0,6.0,0.2,0.6,0.3,240.0,660.0,1095.0,665.0,5.0,425.0,6.0,0.2,0.6,0.3
1974,2,305.0,9.0,26.94,27.3,28.5,27.6,6.0,0.87,20.0,0.3,0.7,0.4,24.5,25.5,26.46,25.52,6.0,0.97,20.0,0.3,0.7,0.4,15.32,16.82,17.36,16.36,4.0,1.44,24.0,0.3,0.6,0.4,76.5,79.4,85.2,80.8,4.0,6.4,24.0,0.3,0.4,8.6,10.15,10.44,9.75,6.0,1.07,20.0,0.3,0.7,0.4,-10.05,-8.55,-5.25,-8.03,6.0,2.36,20.0,0.3,0.7,0.4,-6.83,-4.06,-1.87,-4.5,6.0,2.82,20.0,0.3,0.7,0.4,1011.28,1013.2,1014.58,1013.05,6.0,1.55,20.0,0.3,0.7,0.4,2.0,3.0,3.2,2.8,6.0,0.8,20.0,0.3,0.7,0.4,-102.8,-81.5,-51.0,-79.5,6.0,28.9,20.0,0.3,0.7,0.4,-61.1,-38.7,-20.3,-43.4,6.0,28.3,20.0,0.3,0.7,0.4,0.79,2.25,2.97,2.08,6.0,1.51,20.0,0.3,0.7,0.4,6.9,20.7,31.2,20.5,6.0,15.7,20.0,0.3,0.7,0.4,5.07,6.79,7.98,6.54,4.0,1.76,24.0,0.3,0.6,0.4,47.8,58.8,73.8,60.7,4.0,15.8,24.0,0.3,0.6,0.4,-262.2,-225.4,-128.5,-206.1,6.0,64.0,20.0,0.3,0.7,0.4,-167.2,-107.4,-47.4,-113.5,6.0,68.5,20.0,0.3,0.7,0.4,-145.8,-111.5,-81.6,-113.6,4.0,38.0,24.0,0.3,0.6,0.4,-123.2,-90.0,-68.4,-95.6,4.0,43.1,24.0,0.3,0.6,0.4,-45.4,-41.5,-39.6,-42.5,4.0,3.8,24.0,0.3,0.6,0.4,-60.7,-37.0,-19.8,-40.1,4.0,24.5,24.0,0.3,0.6,0.4,636.5,1046.5,1142.0,954.5,6.0,294.0,20.0,0.3,0.7,0.4,635.0,1045.0,1140.0,955.0,6.0,295.0,20.0,0.3,0.7,0.4
1974,2,305.0,10.0,25.05,26.2,27.94,26.44,14.0,1.44,12.0,0.7,0.5,0.4,25.13,26.6,27.94,26.44,14.0,1.17,12.0,0.7,0.5,0.4,13.93,16.48,17.35,15.94,10.0,1.62,16.0,0.7,0.5,0.4,68.5,75.4,82.1,75.0,11.0,7.7,14.0,0.7,0.4,7.23,9.3,12.24,9.65,14.0,2.58,12.0,0.7,0.5,0.4,-11.54,-7.86,-7.09,-8.98,14.0,2.87,12.0,0.7,0.5,0.4,-4.86,-2.68,0.0,-2.58,14.0,2.17,12.0,0.7,0.5,0.4,1011.95,1012.5,1014.0,1012.83,13.0,1.95,14.0,0.7,0.5,0.4,2.0,3.0,4.3,3.3,12.0,1.6,14.0,0.8,0.5,0.4,-141.3,-66.7,-51.3,-93.3,14.0,57.0,12.0,0.7,0.5,0.4,-51.5,-19.7,0.0,-23.3,14.0,21.4,12.0,0.7,0.5,0.4,-1.76,0.0,1.82,-0.01,14.0,1.52,12.0,0.7,0.5,0.4,-16.2,0.0,17.7,0.4,14.0,18.1,12.0,0.7,0.5,0.4,3.41,5.68,7.8,5.76,10.0,2.29,16.0,0.7,0.5,0.4,34.6,52.1,63.6,56.5,10.0,33.3,16.0,0.7,0.5,0.4,-311.3,-204.2,-184.0,-237.8,14.0,79.0,12.0,0.7,0.5,0.4,-122.4,-69.8,0.0,-67.4,14.0,56.6,12.0,0.7,0.5,0.4,-188.0,-130.5,-97.3,-143.7,10.0,52.7,16.0,0.7,0.5,0.4,-89.8,-44.1,0.0,-45.0,10.0,39.6,16.0,0.7,0.5,0.4,-63.6,-45.6,-29.6,-53.4,10.0,35.0,16.0,0.7,0.5,0.4,-22.1,-13.4,0.0,-12.3,10.0,10.0,16.0,0.7,0.5,0.4,378.5,804.5,1834.5,1089.5,14.0,935.0,12.0,0.7,0.5,0.4,380.0,805.0,1835.0,1090.0,14.0,935.0,12.0,0.7,0.5,0.4
1974,2,305.0,11.0,26.53,26.6,26.87,26.7,3.0,0.26,12.0,0.3,0.4,0.2,25.3,25.7,26.0,25.65,4.0,0.41,12.0,0.3,0.5,0.2,16.24,16.32,16.41,16.32,2.0,0.18,16.0,0.5,0.3,0.1,77.4,77.9,78.4,77.9,2.0,1.0,16.0,0.5,0.1,7.39,8.85,9.94,8.68,4.0,1.89,12.0,0.3,0.5,0.2,-9.71,-8.58,-7.08,-8.4,4.0,1.98,12.0,0.3,0.5,0.2,-2.62,-2.0,-0.89,-1.77,4.0,1.29,12.0,0.3,0.5,0.2,1011.14,1012.65,1014.16,1012.65,4.0,1.74,12.0,0.3,0.5,0.2,2.5,3.0,3.0,2.8,4.0,0.5,12.0,0.3,0.5,0.2,-96.4,-75.9,-55.0,-75.7,4.0,32.1,12.0,0.3,0.5,0.2,-24.2,-16.7,-6.3,-15.3,4.0,11.8,12.0,0.3,0.5,0.2,0.73,1.0,1.07,0.9,3.0,0.26,12.0,0.3,0.4,0.2,5.3,8.7,10.9,8.1,3.0,4.1,12.0,0.3,0.4,0.2,5.65,5.72,5.79,5.72,2.0,0.15,16.0,0.5,0.3,0.1,37.4,42.8,48.2,42.8,2.0,11.2,16.0,0.5,0.3,0.1,-249.2,-219.7,-180.8,-215.2,4.0,49.0,12.0,0.3,0.5,0.2,-66.9,-51.4,-22.7,-45.1,4.0,32.6,12.0,0.3,0.5,0.2,-135.4,-118.7,-102.1,-118.7,2.0,34.5,16.0,0.5,0.3,0.1,-28.9,-17.2,-5.5,-17.2,2.0,24.3,16.0,0.5,0.3,0.1,-47.8,-41.7,-35.6,-41.7,2.0,12.7,16.0,0.5,0.3,0.1,-10.0,-6.0,-1.9,-6.0,2.0,8.4,16.0,0.5,0.3,0.1,438.5,694.0,1007.0,721.5,4.0,419.0,12.0,0.3,0.5,0.2,440.0,695.0,1005.0,720.0,4.0,420.0,12.0,0.3,0.5,0.2
1974,2,305.0,12.0,25.46,25.6,27.1,26.27,3.0,1.33,20.0,0.7,0.7,0.7,25.25,25.8,26.41,25.83,3.0,0.85,20.0,0.7,0.7,0.7,14.25,15.07,18.56,16.37,3.0,3.35,20.0,0.7,0.7,0.7,71.2,72.6,85.9,78.4,3.0,11.8,20.0,0.7,0.7,6.24,8.7,9.45,7.87,3.0,2.46,20.0,0.7,0.7,0.7,-7.94,-6.3,-5.43,-6.67,3.0,1.87,20.0,0.7,0.7,0.7,-5.12,0.0,0.6,-2.21,3.0,4.61,20.0,0.7,0.7,0.7,1009.29,1011.0,1014.96,1012.1,3.0,4.26,20.0,0.7,0.7,0.7,1.9,6.0,7.4,4.7,3.0,4.2,20.0,0.7,0.7,0.7,-71.3,-61.7,-37.1,-54.3,3.0,25.8,20.0,0.7,0.7,0.7,-50.2,0.0,3.1,-23.0,3.0,43.8,20.0,0.7,0.7,0.7,-0.01,0.4,0.88,0.43,3.0,0.65,20.0,0.7,0.7,0.7,0.1,3.9,5.1,2.6,3.0,3.8,20.0,0.7,0.7,0.7,3.97,5.52,6.06,5.03,3.0,1.59,20.0,0.7,0.7,0.7,26.6,48.1,57.5,42.2,3.0,23.2,20.0,0.7,0.7,0.7,-203.2,-157.5,-141.5,-172.0,3.0,46.9,20.0,0.7,0.7,0.7,-128.1,0.0,16.1,-54.7,3.0,115.8,20.0,0.7,0.7,0.7,-121.7,-101.3,-91.8,-106.6,3.0,22.4,20.0,0.7,0.7,0.7,-71.1,0.0,12.2,-28.7,3.0,65.9,20.0,0.7,0.7,0.7,-45.4,-39.8,-23.8,-34.7,3.0,16.5,20.0,0.7,0.7,0.7,-32.4,0.0,2.0,-14.8,3.0,28.2,20.0,0.7,0.7,0.7,299.5,658.5,851.5,577.5,3.0,410.5,20.0,0.7,0.7,0.7,300.0,660.0,850.0,575.0,3.0,410.0,20.0,0.7,0.7,0.7
1974,2,305.0,13.0,25.79,26.0,27.45,26.53,6.0,1.45,14.0,0.8,0.7,0.5,24.93,25.3,27.17,25.96,5.0,1.36,14.0,0.8,0.7,0.6,14.42,15.38,18.23,16.28,5.0,2.43,14.0,0.8,0.7,0.6,73.6,76.6,80.8,77.4,5.0,4.8,14.0,0.8,0.6,6.99,7.95,9.51,8.15,6.0,1.47,14.0,0.8,0.7,0.5,-8.21,-6.94,-6.27,-7.19,6.0,1.76,14.0,0.8,0.7,0.5,-4.4,-3.33,-1.58,-2.88,6.0,2.6,14.0,0.8,0.7,0.5,1012.54,1014.0,1014.92,1013.52,6.0,1.87,14.0,0.8,0.7,0.5,2.8,4.5,5.4,4.3,6.0,1.8,14.0,0.8,0.7,0.5,-74.1,-57.3,-44.7,-60.6,6.0,25.1,14.0,0.8,0.7,0.5,-35.0,-23.9,-10.3,-22.0,6.0,23.9,14.0,0.8,0.7,0.5,-0.73,0.3,0.88,0.04,5.0,1.23,14.0,0.8,0.7,0.6,-6.8,3.1,6.6,-0.2,5.0,10.8,14.0,0.8,0.7,0.6,3.63,5.23,6.02,4.73,5.0,2.25,14.0,0.8,0.7,0.6,28.6,42.8,52.5,39.4,5.0,18.4,14.0,0.8,0.7,0.6,-225.5,-192.6,-169.1,-199.9,5.0,42.1,14.0,0.8,0.7,0.6,-121.7,-70.1,-22.1,-69.5,5.0,77.6,14.0,0.8,0.7,0.6,-154.5,-111.9,-100.7,-125.6,5.0,32.5,14.0,0.8,0.7,0.6,-78.8,-40.7,-12.8,-44.6,5.0,53.8,14.0,0.8,0.7,0.6,-47.8,-40.2,-26.4,-36.5,5.0,17.9,14.0,0.8,0.7,0.6,-18.7,-13.8,0.1,-10.0,5.0,13.1,14.0,0.8,0.7,0.6,345.5,504.0,864.0,586.0,6.0,312.5,14.0,0.8,0.7,0.5,345.0,505.0,865.0,585.0,6.0,315.0,14.0,0.8,0.7,0.5
1974,2,305.0,14.0,25.09,26.05,26.97,26.05,8.0,1.27,12.0,0.5,0.3,0.4,24.0,25.0,26.81,25.27,9.0,1.35,14.0,0.4,0.3,0.4,14.19,15.42,16.52,15.43,8.0,1.42,14.0,0.5,0.3,0.3,69.8,75.5,81.0,76.4,8.0,7.3,14.0,0.5,0.3,5.1,8.0,9.73,7.28,9.0,2.55,14.0,0.4,0.3,0.4,-9.25,-7.71,-4.88,-7.02,9.0,2.44,14.0,0.4,0.3,0.4,-2.76,-1.74,0.33,-1.33,9.0,1.64,14.0,0.4,0.3,0.4,1012.77,1014.6,1015.15,1014.16,9.0,1.61,14.0,0.4,0.3,0.4,2.1,3.5,4.0,3.3,8.0,1.8,14.0,0.5,0.3,0.3,-90.7,-63.0,-24.9,-56.6,9.0,33.2,14.0,0.4,0.3,0.4,-22.3,-11.1,0.9,-11.7,9.0,14.6,14.0,0.4,0.3,0.4,-0.3,0.8,2.78,0.75,8.0,2.37,12.0,0.5,0.3,0.4,-2.4,3.1,22.8,7.8,8.0,19.6,12.0,0.5,0.3,0.4,4.58,6.2,7.32,5.6,7.0,2.37,12.0,0.6,0.3,0.3,15.6,41.0,66.8,40.3,7.0,26.5,12.0,0.6,0.3,0.3,-223.4,-189.1,-126.1,-176.4,9.0,58.6,14.0,0.4,0.3,0.4,-70.1,-44.1,8.2,-32.7,9.0,40.9,14.0,0.4,0.3,0.4,-136.2,-112.7,-79.6,-105.8,8.0,37.5,14.0,0.5,0.3,0.3,-43.1,-26.5,5.8,-20.8,8.0,27.2,14.0,0.5,0.3,0.3,-62.8,-38.5,-15.3,-38.3,7.0,25.0,12.0,0.6,0.3,0.3,-22.9,-8.3,3.1,-8.3,7.0,13.2,12.0,0.6,0.3,0.3,132.5,512.0,947.0,504.5,9.0,389.5,14.0,0.4,0.3,0.4,135.0,510.0,945.0,505.0,9.0,390.0,14.0,0.4,0.3,0.4
1974,2,305.0,15.0,24.82,25.6,25.81,25.36,5.0,0.6,14.0,0.8,0.5,0.4,23.39,25.15,25.87,24.65,4.0,1.79,12.0,1.0,0.4,0.4,14.12,15.12,15.56,14.85,4.0,1.01,12.0,1.0,0.4,0.4,70.9,75.1,84.1,77.4,4.0,9.1,12.0,1.0,0.4,6.33,8.2,11.43,8.86,5.0,3.07,14.0,0.8,0.5,0.4,-10.26,-8.2,-6.05,-8.32,5.0,2.74,14.0,0.8,0.5,0.4,-4.79,-0.99,0.84,-1.69,5.0,3.14,14.0,0.8,0.5,0.4,1014.56,1015.2,1015.93,1015.28,5.0,0.82,14.0,0.8,0.5,0.4,5.6,6.0,6.7,6.2,5.0,1.1,14.0,0.8,0.5,0.4,-119.9,-67.2,-38.5,-80.4,5.0,54.6,14.0,0.8,0.5,0.4,-56.1,-5.6,5.6,-20.9,5.0,34.1,14.0,0.8,0.5,0.4,-0.06,0.5,1.69,0.8,4.0,1.16,12.0,1.0,0.4,0.4,-0.7,3.0,10.9,5.0,4.0,8.0,12.0,1.0,0.4,0.4,4.48,5.17,6.4,5.43,4.0,1.26,12.0,1.0,0.4,0.4,33.4,39.7,49.6,41.4,4.0,12.1,12.0,1.0,0.4,0.4,-222.0,-174.2,-139.2,-180.3,4.0,48.5,12.0,1.0,0.4,0.4,-82.4,-12.3,26.5,-27.2,4.0,78.3,12.0,1.0,0.4,0.4,-133.2,-111.4,-84.1,-108.8,4.0,29.2,12.0,1.0,0.4,0.4,-47.8,-6.7,17.9,-14.6,4.0,47.4,12.0,1.0,0.4,0.4,-45.2,-39.4,-32.5,-38.9,4.0,9.5,12.0,1.0,0.4,0.4,-18.5,-3.5,5.1,-6.5,4.0,16.4,12.0,1.0,0.4,0.4,258.5,551.5,1572.5,907.0,5.0,908.0,14.0,0.8,0.5,0.4,260.0,550.0,1570.0,905.0,5.0,910.0,14.0,0.8,0.5,0.4
1974,2,305.0,16.0,24.5,25.0,25.5,24.99,7.0,0.47,12.0,0.4,0.6,0.3,23.38,24.5,24.82,24.3,7.0,0.82,12.0,0.4,0.6,0.3,14.13,14.7,15.37,14.75,7.0,0.74,12.0,0.4,0.6,0.3,71.0,78.5,84.3,78.3,7.0,5.8,12.0,0.4,0.3,6.6,6.7,7.72,6.9,7.0,1.18,12.0,0.4,0.6,0.3,-7.28,-6.6,-5.06,-6.3,7.0,1.53,12.0,0.4,0.6,0.3,-2.71,-2.29,1.5,-1.24,7.0,2.55,12.0,0.4,0.6,0.3,1013.02,1015.9,1017.23,1015.04,7.0,2.93,12.0,0.4,0.6,0.3,3.0,5.0,7.0,5.0,7.0,2.1,12.0,0.4,0.6,0.3,-56.2,-44.2,-33.5,-44.9,7.0,16.5,12.0,0.4,0.6,0.3,-20.7,-15.4,11.8,-9.6,7.0,16.5,12.0,0.4,0.6,0.3,0.0,0.7,1.05,0.69,7.0,0.71,12.0,0.4,0.6,0.3,0.0,4.7,8.1,5.2,7.0,5.9,12.0,0.4,0.6,0.3,4.3,5.04,5.85,4.98,7.0,1.03,12.0,0.4,0.6,0.3,28.5,39.0,41.5,34.8,7.0,9.8,12.0,0.4,0.6,0.3,-179.7,-166.9,-123.8,-152.7,7.0,35.4,12.0,0.4,0.6,0.3,-67.2,-56.8,34.6,-30.6,7.0,61.9,12.0,0.4,0.6,0.3,-111.4,-93.3,-74.8,-92.4,7.0,21.6,12.0,0.4,0.6,0.3,-41.5,-31.5,22.2,-17.4,7.0,38.6,12.0,0.4,0.6,0.3,-40.7,-37.9,-21.8,-32.1,7.0,11.1,12.0,0.4,0.6,0.3,-15.1,-11.9,7.3,-7.0,7.0,11.2,12.0,0.4,0.6,0.3,291.0,301.0,461.0,352.0,7.0,149.5,12.0,0.4,0.6,0.3,290.0,300.0,460.0,350.0,7.0,150.0,12.0,0.4,0.6,0.3
1974,2,305.0,17.0,24.81,25.05,25.94,25.48,8.0,1.12,14.0,0.9,0.6,0.5,23.82,24.1,25.4,24.58,8.0,1.03,14.0,0.9,0.6,0.5,13.87,14.82,17.34,15.29,6.0,1.69,12.0,0.8,0.5,0.4,66.4,74.3,93.0,75.9,7.0,12.8,12.0,0.9,0.5,5.81,8.2,10.81,8.0,8.0,3.07,14.0,0.9,0.6,0.5,-8.7,-7.94,-5.49,-7.32,8.0,2.8,14.0,0.9,0.6,0.5,-4.09,-2.32,1.03,-2.0,8.0,2.99,14.0,0.9,0.6,0.5,1013.44,1014.2,1016.95,1015.24,7.0,2.63,14.0,0.9,0.6,0.4,2.0,3.0,4.8,3.0,8.0,1.4,14.0,0.9,0.6,0.5,-91.4,-65.2,-32.0,-65.8,8.0,41.8,14.0,0.9,0.6,0.5,-49.3,-15.1,6.9,-21.3,8.0,31.3,14.0,0.9,0.6,0.5,-0.46,0.95,2.14,0.9,8.0,1.78,14.0,0.9,0.6,0.5,-3.5,4.8,22.5,9.1,8.0,19.0,14.0,0.9,0.6,0.5,4.23,5.32,5.87,4.97,6.0,1.34,12.0,0.8,0.5,0.4,30.0,34.7,58.5,42.3,6.0,19.8,12.0,0.8,0.5,0.4,-213.4,-196.7,-133.8,-179.9,8.0,67.8,14.0,0.9,0.6,0.5,-98.8,-55.7,27.6,-47.7,8.0,72.1,14.0,0.9,0.6,0.5,-153.9,-116.7,-91.6,-124.4,6.0,43.5,12.0,0.8,0.5,0.4,-56.0,-21.3,19.1,-20.5,6.0,40.8,12.0,0.8,0.5,0.4,-54.9,-34.5,-28.2,-40.4,6.0,18.4,12.0,0.8,0.5,0.4,-20.0,-3.7,6.9,-5.9,6.0,14.3,12.0,0.8,0.5,0.4,198.0,557.5,1272.5,702.0,8.0,622.0,14.0,0.9,0.6,0.5,200.0,560.0,1275.0,700.0,8.0,620.0,14.0,0.9,0.6,0.5
1974,2,305.0,18.0,24.08,25.0,25.0,24.51,9.0,1.04,18.0,0.4,0.8,0.3,22.2,24.0,25.12,23.75,11.0,1.41,18.0,0.5,0.8,0.4,13.55,13.61,15.18,14.16,8.0,0.87,18.0,0.6,0.8,0.3,69.0,82.1,82.3,77.5,8.0,7.4,18.0,0.6,0.3,6.49,7.7,9.92,8.02,11.0,2.76,18.0,0.5,0.8,0.4,-9.12,-7.2,-4.86,-6.52,11.0,4.97,18.0,0.5,0.8,0.4,-0.77,0.54,3.35,0.94,11.0,2.42,18.0,0.5,0.8,0.4,1016.33,1017.7,1020.1,1018.46,10.0,2.83,18.0,0.5,0.8,0.3,2.0,3.0,6.4,4.0,11.0,2.4,18.0,0.5,0.8,0.4,-91.4,-51.8,-29.9,-61.0,11.0,58.0,18.0,0.5,0.8,0.4,-8.4,1.7,37.0,8.3,11.0,22.4,18.0,0.5,0.8,0.4,0.13,0.8,2.53,1.04,9.0,1.25,18.0,0.4,0.8,0.3,0.7,5.6,18.8,7.8,9.0,9.3,18.0,0.4,0.8,0.3,4.21,4.91,6.13,5.21,7.0,1.12,16.0,0.6,0.8,0.3,27.5,42.7,46.0,37.1,7.0,13.3,16.0,0.6,0.8,0.3,-218.4,-166.9,-117.7,-158.2,11.0,120.3,18.0,0.5,0.8,0.4,-18.6,12.9,79.7,22.3,11.0,57.4,18.0,0.5,0.8,0.4,-118.9,-100.6,-95.4,-107.1,8.0,38.9,18.0,0.6,0.8,0.3,0.0,4.1,31.2,9.7,8.0,30.7,18.0,0.6,0.8,0.3,-44.3,-39.6,-27.1,-35.9,7.0,13.0,16.0,0.6,0.8,0.3,-0.5,0.0,5.8,2.7,7.0,10.3,16.0,0.6,0.8,0.3,275.0,456.5,992.5,692.0,11.0,753.5,18.0,0.5,0.8,0.4,275.0,455.0,990.0,690.0,11.0,755.0,18.0,0.5,0.8,0.4
1974,2,305.0,19.0,24.46,25.0,26.27,25.49,11.0,1.0,16.0,0.5,0.7,0.5,23.03,23.6,25.44,24.25,11.0,1.59,16.0,0.5,0.7,0.5,12.85,13.63,15.34,13.92,10.0,1.57,16.0,0.5,0.7,0.5,72.5,76.7,80.6,75.9,10.0,5.5,16.0,0.5,0.5,5.01,7.7,9.71,7.47,11.0,3.02,16.0,0.5,0.7,0.5,-8.48,-6.77,-3.98,-6.32,11.0,2.96,16.0,0.5,0.7,0.5,-5.93,-2.29,1.02,-2.16,11.0,3.56,16.0,0.5,0.7,0.5,1016.62,1018.5,1021.7,1019.14,11.0,2.48,16.0,0.5,0.7,0.5,2.0,4.0,5.0,3.7,10.0,1.8,18.0,0.5,0.7,0.5,-79.7,-48.7,-25.2,-54.9,11.0,39.0,16.0,0.5,0.7,0.5,-52.1,-15.4,7.3,-16.5,11.0,34.0,16.0,0.5,0.7,0.5,0.78,1.3,2.28,1.24,11.0,1.73,16.0,0.5,0.7,0.5,6.4,10.4,16.9,10.7,11.0,8.7,16.0,0.5,0.7,0.5,5.15,5.95,7.63,6.41,10.0,1.7,16.0,0.5,0.7,0.5,31.9,48.8,66.4,49.7,10.0,17.6,16.0,0.5,0.7,0.5,-207.8,-160.5,-96.2,-151.0,11.0,69.4,16.0,0.5,0.7,0.5,-142.3,-58.4,23.2,-53.8,11.0,84.1,16.0,0.5,0.7,0.5,-127.5,-100.1,-65.3,-96.4,10.0,35.2,16.0,0.5,0.7,0.5,-80.6,-39.3,18.6,-31.0,10.0,50.8,16.0,0.5,0.7,0.5,-50.3,-40.1,-30.0,-42.2,10.0,14.8,16.0,0.5,0.7,0.5,-40.0,-14.6,8.1,-14.3,10.0,25.2,16.0,0.5,0.7,0.5,184.0,456.5,923.5,590.5,11.0,527.5,16.0,0.5,0.7,0.5,185.0,455.0,925.0,590.0,11.0,525.0,16.0,0.5,0.7,0.5
1974,2,305.0,20.0,23.85,24.4,25.0,24.51,9.0,0.98,20.0,0.3,0.6,0.4,22.29,23.0,23.8,23.09,11.0,0.79,18.0,0.4,0.6,0.4,13.01,13.58,15.39,14.12,9.0,1.29,18.0,0.3,0.6,0.4,74.1,79.3,85.7,81.0,9.0,8.1,18.0,0.3,0.4,4.48,7.2,8.53,6.76,11.0,2.47,18.0,0.4,0.6,0.4,-7.89,-4.42,-2.08,-4.93,11.0,3.06,18.0,0.4,0.6,0.4,-3.95,0.0,5.17,0.74,11.0,4.45,18.0,0.4,0.6,0.4,1016.12,1019.1,1020.8,1018.75,11.0,2.15,18.0,0.4,0.6,0.4,1.0,5.0,7.4,4.3,11.0,3.0,18.0,0.4,0.6,0.4,-67.6,-25.9,-12.4,-38.5,11.0,32.7,18.0,0.4,0.6,0.4,-31.3,0.0,31.8,1.3,11.0,36.1,18.0,0.4,0.6,0.4,0.35,1.2,2.64,1.38,9.0,1.2,20.0,0.3,0.6,0.4,2.3,6.2,17.2,8.2,9.0,8.7,20.0,0.3,0.6,0.4,4.23,5.7,6.07,4.93,8.0,1.81,18.0,0.3,0.7,0.4,16.0,33.1,45.0,30.5,8.0,15.6,18.0,0.3,0.7,0.4,-181.6,-105.1,-46.6,-113.8,11.0,70.7,18.0,0.4,0.6,0.4,-90.6,0.0,119.6,17.5,11.0,100.7,18.0,0.4,0.6,0.4,-89.1,-52.2,-25.4,-54.7,9.0,33.1,18.0,0.3,0.6,0.4,-46.6,32.8,85.8,22.7,9.0,61.7,18.0,0.3,0.6,0.4,-37.5,-18.7,-2.8,-19.6,8.0,15.7,18.0,0.3,0.7,0.4,-17.6,1.8,24.8,4.9,8.0,24.3,18.0,0.3,0.7,0.4,97.0,373.0,624.5,420.5,11.0,380.0,18.0,0.4,0.6,0.4,95.0,375.0,625.0,420.0,11.0,380.0,18.0,0.4,0.6,0.4
1974,2,305.0,21.0,23.42,24.0,24.71,23.98,15.0,0.86,14.0,0.5,0.6,0.5,22.31,23.0,24.37,23.26,16.0,1.06,14.0,0.4,0.6,0.5,12.53,13.59,14.64,13.54,15.0,1.15,14.0,0.4,0.6,0.5,72.2,76.3,81.7,77.3,15.0,6.5,14.0,0.4,0.5,2.6,5.1,7.7,5.59,16.0,2.92,14.0,0.4,0.6,0.5,-6.49,-4.82,-0.27,-4.27,16.0,3.65,14.0,0.4,0.6,0.5,-3.26,0.0,2.35,0.08,16.0,3.02,14.0,0.4,0.6,0.5,1016.88,1018.35,1020.51,1018.66,16.0,2.03,14.0,0.4,0.6,0.5,1.2,4.0,5.0,3.5,15.0,2.2,14.0,0.5,0.6,0.5,-46.4,-23.4,-1.1,-32.9,16.0,45.8,14.0,0.4,0.6,0.5,-15.3,0.0,9.0,1.2,16.0,21.1,14.0,0.4,0.6,0.5,-0.28,0.5,1.88,0.72,15.0,1.25,14.0,0.5,0.6,0.5,-1.3,3.1,12.1,3.8,15.0,6.9,14.0,0.5,0.6,0.5,3.67,4.88,5.73,4.93,14.0,1.41,14.0,0.4,0.6,0.5,17.1,24.9,39.1,29.3,14.0,16.2,14.0,0.4,0.6,0.5,-148.4,-109.8,-6.0,-99.0,16.0,84.9,14.0,0.4,0.6,0.5,-74.2,0.0,56.0,4.0,16.0,71.7,14.0,0.4,0.6,0.5,-95.5,-66.4,-14.4,-62.7,15.0,45.1,14.0,0.4,0.6,0.5,-49.0,0.0,29.6,-0.4,15.0,44.3,14.0,0.4,0.6,0.5,-38.3,-23.8,-8.4,-24.6,14.0,19.0,14.0,0.4,0.6,0.5,-14.6,0.0,10.8,-1.9,14.0,13.0,14.0,0.4,0.6,0.5,17.5,132.5,456.5,339.0,16.0,646.0,14.0,0.4,0.6,0.5,20.0,135.0,455.0,340.0,16.0,645.0,14.0,0.4,0.6,0.5
1974,2,305.0,22.0,23.51,24.0,24.43,23.99,18.0,0.66,14.0,0.6,0.5,0.3,22.28,22.95,24.0,23.18,18.0,1.28,14.0,0.6,0.5,0.4,12.11,13.71,14.34,13.2,16.0,1.85,14.0,0.6,0.5,0.4,67.9,75.9,82.1,74.1,16.0,9.6,14.0,0.6,0.4,4.96,7.7,10.3,7.72,19.0,2.42,14.0,0.6,0.5,0.3,-9.44,-6.89,-3.86,-6.81,19.0,2.99,14.0,0.6,0.5,0.3,-2.43,-1.22,1.43,-0.82,19.0,3.18,14.0,0.6,0.5,0.3,1017.09,1018.9,1023.53,1020.29,19.0,2.74,14.0,0.6,0.5,0.3,1.7,3.0,6.6,3.8,18.0,2.5,14.0,0.6,0.5,0.4,-89.3,-58.4,-16.3,-58.0,19.0,39.6,14.0,0.6,0.5,0.3,-18.1,-8.4,11.6,-6.7,19.0,27.4,14.0,0.6,0.5,0.3,0.4,0.7,1.6,0.74,17.0,1.27,12.0,0.6,0.5,0.3,2.3,5.2,10.8,5.5,17.0,10.6,12.0,0.6,0.5,0.3,3.95,4.9,6.1,5.06,15.0,1.0,12.0,0.7,0.5,0.3,26.2,37.0,50.3,39.7,15.0,16.9,12.0,0.7,0.5,0.3,-214.4,-159.7,-84.4,-155.7,18.0,70.6,14.0,0.6,0.5,0.4,-60.4,-21.2,35.1,-19.4,18.0,78.0,14.0,0.6,0.5,0.4,-129.8,-86.9,-52.8,-87.4,16.0,40.5,14.0,0.6,0.5,0.4,-39.8,-12.2,24.2,-10.7,16.0,50.6,14.0,0.6,0.5,0.4,-50.1,-36.1,-17.7,-34.6,15.0,20.7,12.0,0.7,0.5,0.3,-15.6,-6.4,8.1,-3.2,15.0,15.7,12.0,0.7,0.5,0.3,123.5,456.5,1092.5,589.0,19.0,488.5,14.0,0.6,0.5,0.3,125.0,455.0,1095.0,590.0,19.0,490.0,14.0,0.6,0.5,0.3
1974,2,305.0,23.0,23.0,23.2,24.47,23.57,14.0,0.95,12.0,0.4,0.5,0.5,21.69,22.3,23.46,22.48,15.0,0.87,14.0,0.3,0.5,0.5,9.78,12.28,13.02,11.49,13.0,1.62,12.0,0.4,0.5,0.5,57.9,72.6,75.4,68.2,13.0,8.8,12.0,0.4,0.5,4.71,7.0,9.6,6.91,15.0,2.29,14.0,0.4,0.4,0.5,-7.99,-5.27,-3.72,-5.35,15.0,2.91,14.0,0.4,0.4,0.5,-3.42,0.0,2.37,-0.23,15.0,4.16,14.0,0.4,0.4,0.5,1017.65,1019.5,1022.85,1019.96,16.0,2.86,14.0,0.4,0.5,0.5,2.0,3.0,7.0,4.1,16.0,2.4,14.0,0.4,0.5,0.5,-65.5,-36.1,-17.3,-40.3,15.0,30.3,14.0,0.4,0.4,0.5,-33.3,0.0,12.7,-1.3,15.0,37.1,14.0,0.4,0.4,0.5,-0.14,0.8,2.37,1.05,13.0,1.23,12.0,0.4,0.5,0.5,-1.6,3.8,11.9,5.6,12.0,9.6,12.0,0.4,0.4,0.5,4.42,6.69,8.11,6.5,12.0,1.99,10.0,0.4,0.5,0.5,23.0,36.8,52.9,42.1,11.0,24.9,10.0,0.5,0.4,0.5,-189.3,-119.1,-98.9,-129.7,14.0,58.9,14.0,0.4,0.4,0.5,-76.9,-24.2,40.2,-19.8,14.0,70.4,14.0,0.4,0.4,0.5,-97.6,-62.9,-51.1,-67.4,12.0,32.9,12.0,0.4,0.4,0.5,-36.8,-10.8,19.6,-8.6,12.0,28.1,12.0,0.4,0.4,0.5,-50.8,-34.6,-21.1,-36.3,11.0,24.8,10.0,0.5,0.4,0.5,-23.5,0.0,10.4,-8.1,11.0,20.8,10.0,0.5,0.4,0.5,105.0,343.0,900.5,433.5,15.0,372.0,14.0,0.4,0.4,0.5,105.0,345.0,900.0,435.0,15.0,370.0,14.0,0.4,0.4,0.5
1974,2,305.0,24.0,22.0,23.05,23.66,22.82,18.0,1.04,10.0,0.8,0.7,0.6,22.16,22.8,23.11,22.72,19.0,0.65,12.0,0.8,0.7,0.6,12.12,12.98,13.6,12.82,14.0,1.17,10.0,0.9,0.7,0.5,69.1,75.7,77.5,73.8,15.0,6.4,12.0,0.8,0.6,4.21,5.1,7.93,6.07,15.0,2.28,12.0,0.8,0.7,0.5,-6.99,-4.7,-1.68,-4.05,15.0,3.85,12.0,0.8,0.7,0.5,-1.51,1.53,4.0,1.32,15.0,3.24,12.0,0.8,0.7,0.5,1017.04,1019.9,1020.97,1019.34,15.0,2.21,12.0,0.8,0.7,0.5,1.7,4.0,6.0,4.1,18.0,2.1,12.0,0.8,0.7,0.6,-53.6,-23.5,-4.7,-26.3,15.0,35.5,12.0,0.8,0.7,0.5,-7.5,4.5,30.4,8.3,15.0,27.3,12.0,0.8,0.7,0.5,-1.03,0.1,1.03,0.05,18.0,1.29,10.0,0.8,0.7,0.6,-11.1,0.2,4.0,-2.5,14.0,7.5,10.0,0.9,0.7,0.5,3.28,4.44,5.75,4.37,13.0,1.89,10.0,0.9,0.7,0.5,11.3,24.6,43.7,25.7,13.0,15.0,10.0,0.9,0.7,0.5,-161.0,-105.7,-37.8,-92.9,15.0,89.2,12.0,0.8,0.7,0.5,-33.8,34.8,92.1,30.7,15.0,74.3,12.0,0.8,0.7,0.5,-93.6,-59.5,-41.3,-61.2,14.0,31.4,10.0,0.9,0.7,0.5,-21.0,14.7,38.7,15.3,14.0,43.2,10.0,0.9,0.7,0.5,-37.3,-23.1,-7.4,-22.3,13.0,13.5,10.0,0.9,0.7,0.5,-7.6,5.1,12.5,4.2,13.0,14.2,10.0,0.9,0.7,0.5,75.0,132.5,499.5,317.5,15.0,360.0,12.0,0.8,0.7,0.5,75.0,135.0,500.0,315.0,15.0,360.0,12.0,0.8,0.7,0.5
1974,2,305.0,25.0,21.91,23.0,24.19,23.07,18.0,1.22,14.0,0.4,0.6,0.4,20.1,22.2,23.06,22.08,19.0,1.67,14.0,0.5,0.6,0.4,10.69,12.06,13.53,12.29,15.0,1.47,16.0,0.5,0.6,0.4,66.8,72.4,87.2,75.1,15.0,10.4,16.0,0.5,0.4,2.95,5.4,8.0,5.7,18.0,2.78,14.0,0.4,0.6,0.4,-5.19,-2.42,1.45,-1.41,18.0,4.03,14.0,0.4,0.6,0.4,-3.4,0.0,4.27,0.44,18.0,4.86,14.0,0.4,0.6,0.4,1017.0,1020.0,1023.03,1019.86,19.0,2.96,14.0,0.5,0.6,0.4,1.0,4.0,8.0,4.2,19.0,2.9,14.0,0.5,0.6,0.4,-29.3,-7.5,7.4,-7.7,18.0,27.8,14.0,0.4,0.6,0.4,-16.3,0.0,28.6,5.8,18.0,45.4,14.0,0.4,0.6,0.4,-0.47,1.6,2.51,1.07,18.0,1.92,14.0,0.4,0.6,0.4,-0.5,7.7,16.0,7.9,17.0,10.0,14.0,0.4,0.6,0.4,3.98,4.85,6.64,5.11,14.0,1.26,16.0,0.4,0.6,0.4,16.9,20.6,36.0,24.7,13.0,14.1,16.0,0.4,0.6,0.4,-112.6,-51.2,29.0,-31.1,18.0,88.4,14.0,0.4,0.6,0.4,-68.1,0.0,97.2,14.3,18.0,107.8,14.0,0.4,0.6,0.4,-60.3,-29.3,0.0,-24.6,14.0,39.6,16.0,0.4,0.6,0.4,-57.7,-5.4,42.7,1.6,14.0,69.0,16.0,0.4,0.6,0.4,-23.2,-14.9,0.0,-10.5,13.0,15.7,16.0,0.4,0.6,0.4,-16.4,-4.6,8.6,-5.3,13.0,21.6,16.0,0.4,0.6,0.4,26.0,159.0,512.0,314.5,18.0,433.0,14.0,0.4,0.6,0.4,25.0,160.0,510.0,315.0,18.0,435.0,14.0,0.4,0.6,0.4
1974,2,305.0,26.0,21.52,22.5,24.0,22.59,21.0,1.2,16.0,0.5,0.5,0.4,20.73,21.75,22.57,21.73,22.0,1.08,16.0,0.5,0.5,0.3,10.4,12.25,13.36,12.06,20.0,1.74,16.0,0.6,0.5,0.3,67.3,75.7,88.4,75.2,20.0,11.8,16.0,0.6,0.3,4.27,6.1,8.93,6.3,22.0,2.18,16.0,0.5,0.5,0.3,-6.9,-4.5,-0.29,-3.58,22.0,3.87,16.0,0.5,0.5,0.3,-6.61,-1.06,2.41,-1.63,22.0,3.9,16.0,0.5,0.5,0.3,1019.5,1021.5,1024.07,1021.85,22.0,2.38,16.0,0.5,0.5,0.3,1.0,4.0,7.0,3.6,21.0,2.7,16.0,0.5,0.5,0.3,-59.7,-22.0,-1.5,-25.6,22.0,32.6,16.0,0.5,0.5,0.3,-54.8,-6.2,9.4,-15.8,22.0,30.4,16.0,0.5,0.5,0.3,-0.86,1.1,2.45,0.85,21.0,1.79,16.0,0.5,0.5,0.4,-3.3,4.3,14.3,5.9,21.0,11.2,16.0,0.5,0.5,0.4,3.03,4.04,6.03,4.69,19.0,2.2,16.0,0.5,0.5,0.4,14.7,21.1,42.5,28.5,19.0,16.9,16.0,0.5,0.5,0.4,-147.6,-98.7,-7.2,-76.9,22.0,83.0,16.0,0.5,0.5,0.3,-141.1,-23.2,52.8,-34.8,22.0,84.7,16.0,0.5,0.5,0.3,-87.3,-45.4,-0.2,-43.5,20.0,48.0,16.0,0.6,0.5,0.3,-65.4,-13.5,44.3,-13.1,20.0,43.7,16.0,0.6,0.5,0.3,-31.7,-18.3,-2.5,-14.2,19.0,18.8,16.0,0.5,0.5,0.4,-27.9,-3.4,10.0,-6.8,19.0,23.0,16.0,0.5,0.5,0.4,78.5,227.0,720.0,340.0,22.0,328.5,16.0,0.5,0.5,0.3,80.0,225.0,720.0,340.0,22.0,330.0,16.0,0.5,0.5,0.3
1974,2,305.0,27.0,20.59,22.0,23.41,22.18,11.0,1.59,18.0,0.5,0.6,0.6,19.72,21.8,22.41,21.19,13.0,1.45,16.0,0.5,0.7,0.5,11.85,12.21,13.26,12.44,6.0,0.75,20.0,0.5,0.6,0.5,74.8,79.3,83.1,79.7,6.0,6.4,20.0,0.5,0.5,4.45,5.85,11.43,7.35,12.0,3.9,16.0,0.5,0.7,0.5,-6.63,-2.96,1.92,-3.23,12.0,4.8,16.0,0.5,0.7,0.5,-0.5,2.23,9.01,3.11,12.0,5.4,16.0,0.5,0.7,0.5,1019.69,1021.7,1024.6,1021.78,13.0,4.62,16.0,0.5,0.7,0.5,1.0,3.0,7.4,3.8,11.0,3.0,16.0,0.5,0.6,0.5,-52.6,-18.7,18.6,-29.5,12.0,58.4,16.0,0.5,0.7,0.5,-5.6,9.1,86.0,24.0,12.0,62.3,16.0,0.5,0.7,0.5,-0.65,1.1,3.2,1.17,11.0,1.97,18.0,0.5,0.6,0.6,-4.1,10.8,21.6,9.7,11.0,17.7,18.0,0.5,0.6,0.6,3.19,4.09,4.48,3.82,5.0,1.21,20.0,0.4,0.7,0.5,15.4,20.9,49.3,30.3,5.0,19.8,20.0,0.4,0.7,0.5,-134.5,-66.9,42.5,-63.5,12.0,93.0,16.0,0.5,0.7,0.5,-9.5,44.8,199.5,71.2,12.0,115.2,16.0,0.5,0.7,0.5,-87.7,-54.8,-15.4,-53.0,5.0,57.9,20.0,0.4,0.7,0.5,-8.8,0.0,93.6,36.6,5.0,67.2,20.0,0.4,0.7,0.5,-33.8,-18.4,-0.4,-18.6,5.0,24.0,20.0,0.4,0.7,0.5,-3.6,0.0,21.8,8.6,5.0,21.0,20.0,0.4,0.7,0.5,89.0,200.5,1494.0,715.0,12.0,858.5,16.0,0.5,0.7,0.5,90.0,200.0,1495.0,715.0,12.0,860.0,16.0,0.5,0.7,0.5
1974,2,305.0,28.0,20.35,21.35,22.0,21.36,16.0,1.2,14.0,0.3,0.6,0.4,19.65,20.6,21.89,20.87,17.0,1.29,12.0,0.3,0.6,0.4,9.91,12.45,13.19,11.71,10.0,1.86,10.0,0.2,0.6,0.4,69.1,78.1,86.7,77.3,10.0,10.5,10.0,0.2,0.4,2.87,6.0,7.57,5.61,17.0,4.04,12.0,0.3,0.6,0.4,-3.56,0.0,1.79,-0.2,17.0,4.03,12.0,0.3,0.6,0.4,-5.89,1.3,4.87,1.07,17.0,5.69,12.0,0.3,0.6,0.4,1017.05,1021.5,1025.34,1020.91,17.0,4.38,12.0,0.3,0.6,0.4,0.4,3.0,7.6,3.9,16.0,3.0,12.0,0.3,0.6,0.4,-24.0,0.0,5.8,5.9,17.0,54.6,12.0,0.3,0.6,0.4,-37.3,6.3,29.7,14.3,17.0,68.4,12.0,0.3,0.6,0.4,-0.85,0.4,1.76,0.53,16.0,1.48,14.0,0.3,0.6,0.4,-6.3,0.8,10.9,0.6,16.0,11.1,14.0,0.3,0.6,0.4,2.3,3.12,6.5,4.32,9.0,2.14,10.0,0.2,0.6,0.4,1.6,12.0,29.6,16.9,9.0,16.7,10.0,0.2,0.6,0.4,-72.7,0.0,38.3,-0.4,17.0,88.0,12.0,0.3,0.6,0.4,-119.0,27.3,108.5,26.5,17.0,123.4,12.0,0.3,0.6,0.4,-26.5,0.0,24.6,1.6,10.0,31.1,10.0,0.2,0.6,0.4,-26.1,26.0,46.0,14.1,10.0,36.7,10.0,0.2,0.6,0.4,-18.7,0.0,4.8,-3.8,9.0,13.3,10.0,0.2,0.6,0.4,-19.6,2.9,12.1,-2.3,9.0,20.1,10.0,0.2,0.6,0.4,24.0,216.0,437.0,526.0,17.0,1380.0,12.0,0.3,0.6,0.4,25.0,215.0,435.0,525.0,17.0,1380.0,12.0,0.3,0.6,0.4
1974,2,305.0,29.0,20.43,21.05,22.0,21.16,10.0,0.85,16.0,0.6,0.4,0.5,19.07,20.3,21.75,20.49,12.0,1.41,16.0,0.5,0.4,0.4,9.38,11.04,12.06,10.76,5.0,2.11,18.0,0.6,0.5,0.6,68.1,76.3,78.4,73.0,5.0,9.6,18.0,0.6,0.6,4.0,5.9,8.98,6.49,12.0,3.26,16.0,0.5,0.4,0.4,-2.56,0.0,3.53,0.29,12.0,4.04,16.0,0.5,0.4,0.4,-7.12,0.34,4.11,0.05,12.0,6.34,16.0,0.5,0.4,0.4,1018.69,1022.4,1025.38,1021.52,12.0,4.7,16.0,0.5,0.4,0.4,1.7,4.5,7.0,4.1,12.0,2.6,16.0,0.5,0.4,0.4,-18.8,0.0,21.4,3.5,12.0,33.2,16.0,0.5,0.4,0.4,-51.3,0.7,17.5,3.5,12.0,68.0,16.0,0.5,0.4,0.4,-0.56,0.5,2.0,0.47,10.0,1.5,16.0,0.6,0.4,0.5,-2.4,2.8,14.4,6.0,10.0,9.5,16.0,0.6,0.4,0.5,3.07,3.81,6.66,4.72,5.0,2.12,18.0,0.6,0.5,0.6,12.9,17.5,53.7,30.3,5.0,21.9,18.0,0.6,0.5,0.6,-55.0,0.0,73.0,4.9,12.0,82.1,16.0,0.5,0.4,0.4,-136.5,8.0,85.4,4.0,12.0,129.5,16.0,0.5,0.4,0.4,-14.6,0.0,56.9,18.1,5.0,50.9,18.0,0.6,0.5,0.6,-20.1,28.8,47.7,13.8,5.0,43.1,18.0,0.6,0.5,0.6,-3.0,0.0,25.4,10.8,5.0,24.1,18.0,0.6,0.5,0.6,-20.5,8.3,12.6,-4.1,5.0,29.7,18.0,0.6,0.5,0.6,64.0,235.5,730.5,491.0,12.0,763.5,16.0,0.5,0.4,0.4,65.0,235.0,730.0,490.0,12.0,765.0,16.0,0.5,0.4,0.4
1974,2,305.0,30.0,19.71,20.25,21.96,20.69,14.0,1.48,10.0,0.6,0.6,0.3,19.19,20.0,20.8,20.21,16.0,1.32,10.0,0.6,0.6,0.3,9.29,10.85,13.06,11.2,13.0,1.95,10.0,0.7,0.6,0.3,65.6,74.9,86.3,76.5,13.0,11.9,10.0,0.7,0.3,3.1,5.4,9.31,6.29,16.0,3.2,10.0,0.6,0.6,0.3,-1.83,1.81,6.41,2.32,16.0,5.01,10.0,0.6,0.6,0.3,-1.39,0.91,3.79,1.52,16.0,4.37,10.0,0.6,0.6,0.3,1016.15,1020.35,1022.87,1019.18,16.0,5.08,10.0,0.6,0.6,0.3,2.0,4.0,8.0,4.6,15.0,2.7,10.0,0.6,0.6,0.3,-9.1,5.9,43.9,21.5,16.0,47.7,10.0,0.6,0.6,0.3,-3.6,3.4,19.1,14.4,16.0,45.4,10.0,0.6,0.6,0.3,-0.99,0.1,2.97,0.49,14.0,2.13,10.0,0.6,0.6,0.3,-8.2,0.7,9.6,1.8,14.0,10.4,10.0,0.6,0.6,0.3,1.48,3.73,5.07,3.68,12.0,2.15,10.0,0.7,0.7,0.3,11.3,18.8,35.1,22.5,12.0,16.3,10.0,0.7,0.7,0.3,-36.8,34.6,119.6,45.5,16.0,99.6,10.0,0.6,0.6,0.3,-33.2,18.7,77.3,31.9,16.0,90.8,10.0,0.6,0.6,0.3,-18.1,19.5,77.3,33.3,13.0,59.6,10.0,0.7,0.6,0.3,-24.6,0.0,53.1,22.9,13.0,60.1,10.0,0.7,0.6,0.3,-7.6,-1.0,23.8,9.1,12.0,22.0,10.0,0.7,0.7,0.3,-10.9,0.0,14.0,0.6,12.0,15.6,10.0,0.7,0.7,0.3,30.0,159.0,850.5,455.5,16.0,662.0,10.0,0.6,0.6,0.3,30.0,160.0,850.0,455.0,16.0,660.0,10.0,0.6,0.6,0.3
1974,2,305.0,31.0,18.76,19.7,20.57,19.79,19.0,1.17,14.0,0.5,0.4,0.6,17.94,19.1,20.57,19.07,19.0,1.53,14.0,0.5,0.4,0.6,9.2,11.43,13.64,11.3,16.0,2.23,16.0,0.6,0.5,0.6,70.3,83.8,93.1,81.3,16.0,12.3,16.0,0.6,0.6,4.37,6.2,12.04,7.42,19.0,4.21,14.0,0.5,0.4,0.6,-1.14,3.52,8.09,3.04,19.0,4.69,14.0,0.5,0.4,0.6,-2.76,2.63,7.93,2.52,19.0,6.11,14.0,0.5,0.4,0.6,1013.46,1018.0,1024.33,1018.43,19.0,5.86,14.0,0.5,0.4,0.6,2.0,3.0,7.5,4.1,17.0,2.7,16.0,0.6,0.5,0.6,-4.8,18.3,99.0,31.8,19.0,48.6,14.0,0.5,0.4,0.6,-12.3,13.6,93.2,32.6,19.0,78.9,14.0,0.5,0.4,0.6,-0.63,0.2,1.57,0.72,19.0,1.72,14.0,0.5,0.4,0.6,-3.9,0.9,12.5,4.9,19.0,13.5,14.0,0.5,0.4,0.6,0.95,2.71,4.71,2.96,16.0,2.05,16.0,0.6,0.5,0.6,4.7,14.3,35.7,19.6,16.0,15.9,16.0,0.6,0.5,0.6,-22.7,67.3,167.0,59.9,19.0,91.1,14.0,0.5,0.4,0.6,-48.8,52.7,161.1,52.4,19.0,115.9,14.0,0.5,0.4,0.6,-12.4,34.3,95.1,34.8,16.0,54.4,16.0,0.6,0.5,0.6,-21.0,32.6,104.3,44.2,16.0,64.7,16.0,0.6,0.5,0.6,-3.0,6.5,20.2,6.3,16.0,17.6,16.0,0.6,0.5,0.6,-13.3,3.4,10.4,2.4,16.0,17.4,16.0,0.6,0.5,0.6,87.0,238.5,1747.0,811.5,19.0,1186.5,14.0,0.5,0.4,0.6,85.0,240.0,1745.0,810.0,19.0,1185.0,14.0,0.5,0.4,0.6
1974,2,305.0,32.0,18.16,19.0,20.0,19.22,15.0,1.49,16.0,0.5,0.6,0.6,17.0,19.75,21.29,19.29,16.0,1.98,16.0,0.5,0.6,0.6,8.41,11.94,13.45,11.26,15.0,2.26,16.0,0.5,0.6,0.6,71.6,80.8,89.6,80.4,15.0,10.3,16.0,0.5,0.6,7.05,12.3,16.87,12.21,17.0,5.0,16.0,0.5,0.6,0.6,1.96,8.93,15.63,8.48,17.0,7.36,16.0,0.5,0.6,0.6,-2.26,5.27,10.87,4.18,17.0,5.84,16.0,0.5,0.6,0.6,1012.01,1016.0,1022.41,1017.07,17.0,5.09,16.0,0.5,0.6,0.6,1.0,5.0,8.0,4.6,17.0,3.0,16.0,0.5,0.6,0.6,14.1,115.9,250.3,130.1,17.0,131.0,16.0,0.5,0.6,0.6,-10.2,68.2,136.0,59.6,17.0,75.7,16.0,0.5,0.6,0.6,-2.46,-0.1,2.97,0.06,14.0,2.32,14.0,0.5,0.5,0.6,-33.8,-0.6,44.1,0.7,14.0,33.4,14.0,0.5,0.5,0.6,1.54,3.06,5.3,2.93,14.0,2.3,14.0,0.5,0.5,0.6,11.3,26.7,70.9,37.1,14.0,36.7,14.0,0.5,0.5,0.6,37.4,191.7,300.2,165.6,16.0,138.7,16.0,0.5,0.6,0.6,-12.9,119.4,230.1,98.0,16.0,112.9,16.0,0.5,0.6,0.6,19.0,114.5,175.1,96.0,15.0,80.1,16.0,0.5,0.6,0.6,-8.0,73.9,133.1,64.9,15.0,70.8,16.0,0.5,0.6,0.6,-3.5,22.3,68.9,31.0,14.0,37.1,14.0,0.5,0.5,0.6,-17.5,8.3,20.4,4.5,14.0,20.0,14.0,0.5,0.5,0.6,382.5,1861.0,4855.0,2626.5,17.0,2312.5,16.0,0.5,0.6,0.6,385.0,1860.0,4855.0,2625.0,17.0,2310.0,16.0,0.5,0.6,0.6
1974,2,305.0,33.0,17.93,19.5,20.0,19.07,13.0,1.12,16.0,0.4,0.4,0.4,16.95,19.4,20.5,18.95,13.0,1.65,16.0,0.4,0.4,0.4,8.95,11.2,12.91,10.84,12.0,2.2,16.0,0.3,0.4,0.4,69.3,81.2,89.5,79.8,12.0,10.7,16.0,0.3,0.4,3.5,7.2,13.14,8.15,13.0,4.74,16.0,0.4,0.4,0.4,-1.88,3.12,11.73,3.63,13.0,6.17,16.0,0.4,0.4,0.4,0.19,2.44,7.93,3.11,13.0,5.63,16.0,0.4,0.4,0.4,1014.31,1018.0,1024.05,1018.56,13.0,4.67,16.0,0.4,0.4,0.4,1.9,6.0,7.0,4.9,13.0,2.6,16.0,0.4,0.4,0.4,-5.4,18.4,148.2,47.4,13.0,86.5,16.0,0.4,0.4,0.4,0.3,6.5,105.8,36.7,13.0,64.5,16.0,0.4,0.4,0.4,-1.31,-0.5,2.28,0.12,13.0,2.17,16.0,0.4,0.4,0.4,-14.8,-2.3,12.3,-1.6,13.0,18.4,16.0,0.4,0.4,0.4,0.46,2.64,5.51,2.8,12.0,2.41,16.0,0.3,0.4,0.4,4.7,12.6,32.8,17.0,12.0,18.4,16.0,0.3,0.4,0.4,-33.8,63.9,243.7,71.1,13.0,119.1,16.0,0.4,0.4,0.4,5.6,47.6,152.2,64.9,13.0,103.6,16.0,0.4,0.4,0.4,-20.4,27.2,151.8,43.4,12.0,78.3,16.0,0.3,0.4,0.4,-0.7,42.3,101.4,45.2,12.0,64.8,16.0,0.3,0.4,0.4,-11.7,2.7,12.4,1.8,12.0,14.2,16.0,0.3,0.4,0.4,-12.3,6.1,10.9,-0.3,12.0,21.2,16.0,0.3,0.4,0.4,44.0,373.0,2290.5,1078.0,13.0,1344.0,16.0,0.4,0.4,0.4,45.0,375.0,2290.0,1080.0,13.0,1345.0,16.0,0.4,0.4,0.4
1974,2,305.0,34.0,18.31,18.95,20.0,19.03,16.0,0.73,16.0,0.4,0.6,0.3,16.0,19.0,20.0,18.15,17.0,1.9,16.0,0.4,0.6,0.3,8.49,11.18,12.26,10.68,13.0,1.93,16.0,0.2,0.6,0.4,72.2,83.9,89.9,81.2,13.0,10.1,16.0,0.2,0.4,4.82,9.3,14.4,9.76,17.0,4.15,16.0,0.4,0.6,0.3,-1.06,3.21,11.1,4.48,17.0,6.03,16.0,0.4,0.6,0.3,-1.43,6.3,10.37,5.1,17.0,5.74,16.0,0.4,0.6,0.3,1012.45,1016.4,1023.51,1017.89,17.0,5.37,16.0,0.4,0.6,0.3,2.0,5.0,8.0,4.6,17.0,2.8,16.0,0.4,0.6,0.3,-7.1,29.6,155.5,61.4,17.0,83.3,16.0,0.4,0.6,0.3,-4.4,45.4,122.2,58.2,17.0,72.4,16.0,0.4,0.6,0.3,-0.69,0.5,2.7,0.99,16.0,1.94,16.0,0.4,0.6,0.3,-9.0,3.7,23.3,7.2,16.0,18.5,16.0,0.4,0.6,0.3,1.36,2.23,5.89,2.95,13.0,2.07,16.0,0.2,0.6,0.4,16.5,20.3,34.4,26.9,13.0,22.3,16.0,0.2,0.6,0.4,-16.9,60.4,196.1,79.1,17.0,102.7,16.0,0.4,0.6,0.3,-20.0,108.5,202.1,98.6,17.0,110.2,16.0,0.4,0.6,0.3,-2.8,51.9,107.0,49.8,13.0,61.2,16.0,0.2,0.6,0.4,12.2,84.3,146.8,78.2,13.0,62.2,16.0,0.2,0.6,0.4,-0.6,4.4,19.7,12.0,13.0,28.4,16.0,0.2,0.6,0.4,0.0,14.6,20.2,11.4,13.0,13.2,16.0,0.2,0.6,0.4,112.5,804.5,2986.0,1400.0,17.0,1324.5,16.0,0.4,0.6,0.3,110.0,805.0,2985.0,1400.0,17.0,1325.0,16.0,0.4,0.6,0.3
1974,2,305.0,35.0,18.32,19.0,20.0,18.8,8.0,1.69,16.0,0.6,0.6,0.4,15.47,17.3,19.29,17.19,9.0,2.29,16.0,0.6,0.6,0.4,4.06,7.68,10.03,7.28,6.0,3.08,14.0,0.7,0.6,0.4,30.8,61.4,77.9,57.5,6.0,23.9,14.0,0.7,0.4,6.46,8.7,12.97,10.06,9.0,3.53,16.0,0.6,0.6,0.4,-4.11,3.85,7.42,2.56,9.0,5.46,16.0,0.6,0.6,0.4,-5.63,5.59,10.82,2.23,9.0,9.13,16.0,0.6,0.6,0.4,1004.0,1018.4,1024.38,1015.92,9.0,10.12,16.0,0.6,0.6,0.4,4.1,6.0,8.0,5.9,8.0,2.2,18.0,0.6,0.6,0.4,-27.4,29.6,77.8,27.6,9.0,59.7,16.0,0.6,0.6,0.4,-43.7,32.0,139.6,23.9,9.0,120.3,16.0,0.6,0.6,0.4,-0.09,0.0,3.07,1.06,8.0,1.68,16.0,0.6,0.6,0.4,-0.5,0.0,30.7,10.0,8.0,17.5,16.0,0.6,0.6,0.4,3.77,6.07,10.07,6.72,6.0,3.32,14.0,0.7,0.6,0.4,30.6,41.8,147.3,72.7,6.0,58.8,14.0,0.7,0.6,0.4,-70.0,70.5,133.9,44.0,9.0,93.9,16.0,0.6,0.6,0.4,-104.3,90.6,163.4,30.7,9.0,163.4,16.0,0.6,0.6,0.4,-9.0,34.9,67.8,31.3,6.0,39.4,14.0,0.7,0.6,0.4,-60.9,1.3,41.2,-5.2,6.0,52.9,14.0,0.7,0.6,0.4,-16.3,21.2,44.8,18.4,6.0,48.2,14.0,0.7,0.6,0.4,-45.8,7.9,55.9,1.3,6.0,84.1,14.0,0.7,0.6,0.4,281.0,658.5,2183.5,1356.5,9.0,1217.0,16.0,0.6,0.6,0.4,280.0,660.0,2185.0,1355.0,9.0,1215.0,16.0,0.6,0.6,0.4
1974,2,305.0,36.0,18.0,19.05,19.79,19.03,10.0,0.96,14.0,0.4,0.6,0.6,16.26,17.5,19.4,17.54,10.0,1.86,14.0,0.4,0.6,0.6,8.07,9.04,10.46,9.11,9.0,1.49,14.0,0.4,0.6,0.5,64.0,73.4,83.4,73.6,10.0,11.3,14.0,0.4,0.6,8.13,10.8,17.86,12.47,9.0,6.74,14.0,0.3,0.6,0.5,6.54,8.61,11.89,8.95,9.0,5.62,14.0,0.3,0.6,0.5,-4.47,1.99,13.68,3.43,9.0,9.24,14.0,0.3,0.6,0.5,1011.59,1015.6,1022.08,1015.91,9.0,5.36,14.0,0.4,0.6,0.5,5.0,7.0,8.0,6.5,10.0,1.7,14.0,0.4,0.6,0.6,55.1,104.5,209.6,143.2,9.0,151.4,14.0,0.3,0.6,0.5,-35.8,5.2,249.8,80.0,9.0,177.1,14.0,0.3,0.6,0.5,-0.69,1.85,2.77,1.49,10.0,2.12,14.0,0.4,0.6,0.6,-11.7,15.4,55.0,21.4,9.0,32.6,14.0,0.3,0.6,0.5,2.64,4.59,6.34,4.52,9.0,1.93,14.0,0.4,0.6,0.5,21.0,42.2,110.9,63.1,8.0,54.8,14.0,0.4,0.6,0.5,100.2,156.4,214.8,159.8,9.0,106.3,14.0,0.3,0.6,0.5,-73.2,33.9,245.2,67.9,9.0,160.9,14.0,0.3,0.6,0.5,52.2,79.5,113.5,80.6,8.0,56.1,14.0,0.4,0.6,0.5,-24.4,32.1,127.6,44.8,8.0,74.9,14.0,0.4,0.6,0.5,20.0,33.7,72.4,46.3,8.0,41.5,14.0,0.4,0.6,0.5,-13.9,17.8,83.8,30.9,8.0,47.9,14.0,0.4,0.6,0.5,550.5,1259.5,6064.5,3619.0,9.0,5469.0,14.0,0.3,0.6,0.5,550.0,1260.0,6065.0,3620.0,9.0,5470.0,14.0,0.3,0.6,0.5
1974,2,305.0,37.0,17.33,18.9,19.5,18.56,10.0,1.06,18.0,0.4,0.7,0.3,14.92,15.5,18.71,16.49,11.0,1.97,16.0,0.5,0.7,0.3,6.92,8.04,10.92,8.8,9.0,2.17,18.0,0.4,0.7,0.3,62.9,69.4,87.7,73.8,9.0,12.7,18.0,0.4,0.3,6.63,10.3,14.78,10.81,11.0,4.04,16.0,0.5,0.7,0.3,-1.98,5.1,10.47,4.14,11.0,6.33,16.0,0.5,0.7,0.3,-1.52,9.16,12.84,6.06,11.0,6.76,16.0,0.5,0.7,0.3,1010.0,1016.4,1021.89,1015.65,11.0,5.83,16.0,0.5,0.7,0.3,5.9,7.0,7.6,6.6,10.0,1.5,18.0,0.4,0.7,0.3,-19.0,26.0,150.9,55.6,11.0,84.0,16.0,0.5,0.7,0.3,-13.7,85.2,186.6,79.8,11.0,96.4,16.0,0.5,0.7,0.3,0.49,2.0,3.89,1.97,10.0,1.96,18.0,0.4,0.7,0.3,4.4,18.9,41.2,21.4,10.0,27.5,18.0,0.4,0.7,0.3,1.8,5.55,6.61,4.59,9.0,2.22,18.0,0.4,0.7,0.3,22.6,31.7,66.0,46.0,9.0,30.0,18.0,0.4,0.7,0.3,-32.9,76.5,169.1,62.9,11.0,103.7,16.0,0.5,0.7,0.3,-22.5,149.3,224.2,104.9,11.0,115.3,16.0,0.5,0.7,0.3,-24.9,0.0,66.0,20.9,9.0,53.0,18.0,0.4,0.7,0.3,3.4,93.7,137.1,75.8,9.0,62.8,18.0,0.4,0.7,0.3,-8.8,0.0,47.8,13.2,9.0,31.5,18.0,0.4,0.7,0.3,2.7,15.7,55.6,29.4,9.0,33.5,18.0,0.4,0.7,0.3,323.0,1092.5,3271.0,1740.0,11.0,1584.0,16.0,0.5,0.7,0.3,325.0,1095.0,3270.0,1740.0,11.0,1585.0,16.0,0.5,0.7,0.3
1974,2,305.0,38.0,16.78,20.0,21.15,19.36,9.0,2.52,12.0,0.6,0.6,0.6,12.08,15.0,18.0,14.77,9.0,3.94,12.0,0.6,0.6,0.6,6.48,9.85,11.04,9.46,6.0,3.21,14.0,0.7,0.5,0.6,73.5,77.8,95.0,81.3,6.0,13.5,14.0,0.7,0.6,7.05,15.0,22.06,15.46,9.0,8.49,12.0,0.6,0.6,0.6,-0.6,9.68,17.92,9.84,9.0,11.88,12.0,0.6,0.6,0.6,-4.87,-3.0,11.7,1.4,9.0,9.41,12.0,0.6,0.6,0.6,1003.42,1014.5,1018.51,1012.0,9.0,8.78,12.0,0.6,0.6,0.6,5.3,7.0,8.0,6.9,9.0,1.3,12.0,0.6,0.6,0.6,-7.6,99.7,348.2,217.5,9.0,322.6,12.0,0.6,0.6,0.6,-138.0,-18.0,215.4,30.8,9.0,188.9,12.0,0.6,0.6,0.6,1.03,5.0,8.07,4.59,9.0,3.32,12.0,0.6,0.6,0.6,7.4,60.0,108.1,76.9,9.0,84.6,12.0,0.6,0.6,0.6,2.96,5.77,8.29,5.53,6.0,3.69,14.0,0.7,0.5,0.6,20.2,68.2,203.3,108.3,6.0,116.9,14.0,0.7,0.5,0.6,-19.4,118.8,311.2,148.6,9.0,176.9,12.0,0.6,0.6,0.6,-62.4,-21.0,223.0,39.2,9.0,160.1,12.0,0.6,0.6,0.6,31.8,105.9,180.5,96.8,6.0,113.7,14.0,0.7,0.5,0.6,-46.8,-6.2,178.8,35.7,6.0,122.7,14.0,0.7,0.5,0.6,-7.4,50.3,152.8,80.8,6.0,123.2,14.0,0.7,0.5,0.6,-45.3,-13.8,31.2,2.3,6.0,68.5,14.0,0.7,0.5,0.6,357.5,3375.0,10788.0,6905.0,9.0,9427.5,12.0,0.6,0.6,0.6,360.0,3375.0,10790.0,6905.0,9.0,9430.0,12.0,0.6,0.6,0.6
1974,2,305.0,39.0,16.0,18.8,20.25,18.48,11.0,1.9,16.0,0.5,0.6,0.6,10.57,15.55,18.08,14.68,12.0,3.47,16.0,0.5,0.6,0.5,5.82,8.53,10.81,8.4,10.0,2.59,16.0,0.5,0.6,0.5,62.6,80.6,87.2,76.7,10.0,13.0,16.0,0.5,0.5,10.3,14.7,19.78,15.03,12.0,5.12,16.0,0.5,0.6,0.5,3.14,7.3,17.85,8.72,12.0,9.38,16.0,0.5,0.6,0.5,-8.94,0.0,12.51,1.64,12.0,9.95,16.0,0.5,0.6,0.5,996.27,1010.5,1018.24,1007.81,12.0,10.85,16.0,0.5,0.6,0.5,6.0,8.0,8.0,6.7,11.0,2.1,18.0,0.5,0.6,0.6,36.6,85.3,353.5,156.8,12.0,196.6,16.0,0.5,0.6,0.5,-100.6,0.0,175.4,35.6,12.0,157.7,16.0,0.5,0.6,0.5,0.29,2.4,6.95,3.55,11.0,3.59,16.0,0.5,0.6,0.6,1.8,45.6,103.9,53.2,11.0,54.9,16.0,0.5,0.6,0.6,2.03,5.56,7.56,5.1,9.0,2.68,16.0,0.4,0.6,0.5,39.7,61.7,130.9,82.2,9.0,47.6,16.0,0.4,0.6,0.5,57.8,93.8,268.8,132.1,12.0,137.5,16.0,0.5,0.6,0.5,-96.7,0.0,225.4,50.3,12.0,158.6,16.0,0.5,0.6,0.5,33.4,71.4,136.8,89.2,10.0,64.1,16.0,0.5,0.6,0.5,-39.4,24.4,145.3,48.7,10.0,98.0,16.0,0.5,0.6,0.5,14.4,46.0,115.8,64.8,9.0,54.6,16.0,0.4,0.6,0.5,-42.4,23.7,42.3,9.2,9.0,45.3,16.0,0.4,0.6,0.5,1092.5,3198.0,7752.5,4470.0,12.0,3758.0,16.0,0.5,0.6,0.5,1095.0,3200.0,7750.0,4470.0,12.0,3760.0,16.0,0.5,0.6,0.5
1974,2,305.0,40.0,14.54,18.0,19.15,17.27,13.0,2.68,14.0,0.5,0.6,0.5,7.84,12.1,16.93,12.15,15.0,4.32,14.0,0.4,0.6,0.6,5.7,8.67,9.93,7.98,11.0,2.07,14.0,0.4,0.6,0.6,75.8,82.1,87.5,81.8,11.0,6.5,14.0,0.4,0.6,3.15,9.3,18.06,10.7,15.0,6.18,14.0,0.4,0.6,0.6,-2.23,2.44,13.6,4.9,15.0,8.2,14.0,0.4,0.6,0.6,-7.36,0.0,9.56,1.2,15.0,8.14,14.0,0.4,0.6,0.6,1001.93,1008.25,1012.95,1007.56,14.0,7.24,14.0,0.4,0.6,0.6,7.0,8.0,8.0,7.1,15.0,1.6,14.0,0.4,0.6,0.6,-23.0,13.0,238.5,84.4,15.0,151.1,14.0,0.4,0.6,0.6,-66.2,0.0,97.5,18.7,15.0,114.2,14.0,0.4,0.6,0.6,0.86,6.9,8.82,5.12,13.0,4.03,14.0,0.5,0.6,0.5,8.6,48.2,85.2,53.3,13.0,55.4,14.0,0.5,0.6,0.5,2.23,4.52,6.3,4.4,10.0,1.9,14.0,0.4,0.7,0.5,16.4,29.8,72.1,44.8,10.0,38.0,14.0,0.4,0.7,0.5,-14.9,28.7,191.5,65.9,15.0,102.3,14.0,0.4,0.6,0.6,-49.9,0.0,162.3,43.3,15.0,111.3,14.0,0.4,0.6,0.6,7.8,21.7,107.2,45.8,11.0,54.5,14.0,0.4,0.6,0.6,-34.0,7.9,107.1,34.8,11.0,71.0,14.0,0.4,0.6,0.6,5.3,14.7,59.3,32.1,10.0,41.6,14.0,0.4,0.7,0.5,-34.7,1.8,23.5,-2.5,10.0,28.3,14.0,0.4,0.7,0.5,43.0,804.5,5923.5,2393.5,15.0,2875.5,14.0,0.4,0.6,0.6,45.0,805.0,5925.0,2395.0,15.0,2875.0,14.0,0.4,0.6,0.6
1974,2,305.0,41.0,6.22,11.0,15.0,10.84,17.0,4.16,18.0,0.5,0.5,0.3,5.01,9.4,15.09,9.78,19.0,4.24,16.0,0.5,0.5,0.4,3.93,6.82,9.48,6.79,16.0,2.48,18.0,0.4,0.5,0.3,70.3,84.9,89.9,81.9,16.0,10.4,18.0,0.4,0.3,4.81,9.3,15.4,10.25,19.0,5.59,16.0,0.5,0.5,0.4,0.0,3.91,10.48,6.2,19.0,6.79,16.0,0.5,0.5,0.4,-8.63,0.0,5.62,-0.91,19.0,7.39,16.0,0.5,0.5,0.4,999.04,1011.9,1018.57,1008.98,19.0,10.59,16.0,0.5,0.5,0.4,5.5,8.0,8.0,6.8,17.0,2.2,18.0,0.5,0.5,0.4,0.0,38.9,143.9,90.5,19.0,149.4,16.0,0.5,0.5,0.4,-99.9,0.0,66.0,-14.8,19.0,93.4,16.0,0.5,0.5,0.4,-2.72,0.6,2.85,0.6,17.0,3.91,18.0,0.5,0.5,0.3,-27.7,6.2,21.7,6.8,17.0,45.7,18.0,0.5,0.5,0.3,-1.13,1.66,4.81,1.82,14.0,2.62,18.0,0.5,0.6,0.3,-8.6,11.7,45.3,20.4,14.0,36.0,18.0,0.5,0.6,0.3,0.0,51.5,92.1,55.7,19.0,65.7,16.0,0.5,0.5,0.4,-52.1,0.0,58.2,12.4,19.0,76.3,16.0,0.5,0.5,0.4,0.0,24.2,66.5,34.3,16.0,40.9,18.0,0.4,0.5,0.3,-43.5,0.0,49.6,9.3,16.0,52.3,18.0,0.4,0.5,0.3,0.0,5.1,25.8,13.8,14.0,23.5,18.0,0.5,0.6,0.3,-19.6,-6.2,3.2,-12.4,14.0,28.6,18.0,0.5,0.6,0.3,118.0,804.5,3652.5,2109.5,19.0,3496.0,16.0,0.5,0.5,0.4,120.0,805.0,3650.0,2110.0,19.0,3495.0,16.0,0.5,0.5,0.4
1974,2,305.0,42.0,5.87,9.25,11.25,8.8,6.0,2.9,18.0,0.7,0.3,0.3,4.38,5.85,10.97,7.28,6.0,4.62,18.0,0.7,0.3,0.3,4.44,4.89,7.48,5.85,5.0,1.92,16.0,0.6,0.4,0.3,77.2,85.1,88.0,82.5,5.0,7.7,16.0,0.6,0.3,6.66,12.2,18.54,12.47,6.0,6.43,18.0,0.7,0.3,0.3,1.95,6.94,16.05,8.3,6.0,7.33,18.0,0.7,0.3,0.3,-9.0,2.23,10.61,1.43,6.0,9.45,18.0,0.7,0.3,0.3,994.63,1003.4,1020.93,1005.4,6.0,14.13,18.0,0.7,0.3,0.3,4.6,7.5,8.0,6.5,6.0,2.1,18.0,0.7,0.3,0.3,14.1,85.4,298.5,139.4,6.0,155.6,18.0,0.7,0.3,0.3,-97.7,19.1,188.0,31.5,6.0,146.5,18.0,0.7,0.3,0.3,-4.27,2.5,6.17,1.52,6.0,5.1,18.0,0.7,0.3,0.3,-41.0,29.1,86.3,29.7,6.0,77.1,18.0,0.7,0.3,0.3,-0.82,1.23,3.9,1.46,5.0,2.45,16.0,0.6,0.4,0.3,-8.9,5.7,74.1,28.2,5.0,45.0,16.0,0.6,0.4,0.3,15.8,56.8,113.7,64.6,6.0,58.6,18.0,0.7,0.3,0.3,-26.7,20.0,89.9,34.5,6.0,84.7,18.0,0.7,0.3,0.3,17.5,66.3,87.3,55.1,5.0,35.5,16.0,0.6,0.4,0.3,-20.6,45.3,70.0,30.2,5.0,55.8,16.0,0.6,0.4,0.3,-4.0,4.9,64.2,25.8,5.0,37.7,16.0,0.6,0.4,0.3,-17.7,-6.7,13.9,-1.8,5.0,27.8,16.0,0.6,0.4,0.3,316.5,2190.5,6433.0,3237.5,6.0,3509.0,18.0,0.7,0.3,0.3,315.0,2190.0,6435.0,3240.0,6.0,3510.0,18.0,0.7,0.3,0.3
1974,2,305.0,43.0,3.27,5.0,8.09,5.64,5.0,3.21,20.0,0.2,0.4,0.6,-0.06,1.0,3.0,1.17,7.0,1.58,18.0,0.1,0.5,0.7,3.03,3.21,3.9,3.41,5.0,0.54,22.0,0.2,0.5,0.6,80.0,82.1,88.5,84.2,5.0,6.1,22.0,0.2,0.6,9.76,13.7,15.63,12.88,6.0,3.47,20.0,0.2,0.5,0.6,2.3,12.23,14.47,8.41,6.0,8.73,20.0,0.2,0.5,0.6,-7.44,-5.58,-4.61,-5.96,6.0,2.76,20.0,0.2,0.5,0.6,1006.11,1012.5,1013.39,1010.64,7.0,3.97,18.0,0.1,0.5,0.7,7.4,8.0,8.0,7.5,6.0,1.2,20.0,0.2,0.5,0.6,13.5,175.2,222.9,125.5,6.0,123.7,20.0,0.2,0.5,0.6,-100.5,-74.7,-41.2,-79.3,6.0,51.7,20.0,0.2,0.5,0.6,1.32,6.2,6.96,4.56,5.0,3.06,20.0,0.2,0.4,0.6,17.5,88.8,101.0,65.1,5.0,46.4,20.0,0.2,0.4,0.6,1.2,1.96,2.77,1.98,4.0,0.91,24.0,0.3,0.4,0.5,13.5,29.4,44.3,28.9,4.0,18.1,24.0,0.3,0.4,0.5,-14.9,3.6,19.3,4.5,6.0,20.0,20.0,0.2,0.5,0.6,-13.1,-4.5,1.3,-5.4,6.0,8.6,20.0,0.2,0.5,0.6,0.1,39.5,42.7,22.6,5.0,32.4,22.0,0.2,0.5,0.6,-29.7,-22.3,-16.0,-23.0,5.0,7.9,22.0,0.2,0.5,0.6,11.2,26.4,37.4,24.4,4.0,15.6,24.0,0.3,0.4,0.5,-22.6,-10.7,-6.7,-14.5,4.0,11.1,24.0,0.3,0.4,0.5,961.5,2690.0,3825.5,2512.5,6.0,1635.5,20.0,0.2,0.5,0.6,960.0,2690.0,3825.0,2510.0,6.0,1635.0,20.0,0.2,0.5,0.6
1974,2,305.0,44.0,1.1,3.5,4.94,3.18,14.0,2.02,16.0,0.3,0.4,0.3,-0.96,0.0,2.04,0.82,15.0,2.14,16.0,0.3,0.4,0.3,3.03,3.53,4.23,3.63,5.0,0.65,18.0,0.0,0.2,0.2,77.7,80.2,95.5,85.4,5.0,10.8,18.0,0.0,0.2,5.02,8.0,12.01,9.09,15.0,5.21,16.0,0.3,0.4,0.3,2.61,6.06,10.54,6.63,15.0,5.73,16.0,0.3,0.4,0.3,-4.98,-0.89,5.19,-0.49,15.0,5.97,16.0,0.3,0.4,0.3,1005.63,1011.0,1019.52,1010.85,15.0,9.8,16.0,0.3,0.4,0.3,5.0,8.0,8.0,7.0,10.0,1.4,18.0,0.4,0.4,0.2,14.9,42.2,116.0,84.3,15.0,138.3,16.0,0.3,0.4,0.3,-37.4,-4.5,62.6,-2.8,15.0,70.5,16.0,0.3,0.4,0.3,-1.09,2.8,5.46,2.3,14.0,3.13,16.0,0.3,0.4,0.3,-19.2,14.8,37.9,15.1,14.0,31.8,16.0,0.3,0.4,0.3,0.33,0.89,1.19,0.77,5.0,0.69,18.0,0.0,0.2,0.2,0.5,5.6,11.0,5.1,5.0,7.2,18.0,0.0,0.2,0.2,-5.0,0.0,16.9,3.8,15.0,14.2,16.0,0.3,0.4,0.3,0.0,2.3,20.9,8.4,15.0,14.1,16.0,0.3,0.4,0.3,11.3,18.7,46.7,30.9,5.0,36.1,18.0,0.0,0.2,0.2,-21.7,-6.9,23.3,-0.7,5.0,26.5,18.0,0.0,0.2,0.2,-1.2,2.3,7.3,2.7,5.0,6.2,18.0,0.0,0.2,0.2,-6.0,-3.8,1.2,-2.6,5.0,5.4,18.0,0.0,0.2,0.2,126.5,512.0,1743.5,1632.5,15.0,3351.0,16.0,0.3,0.4,0.3,125.0,510.0,1745.0,1630.0,15.0,3350.0,16.0,0.3,0.4,0.3
1974,2,305.0,45.0,0.0,0.3,1.89,0.95,8.0,1.42,16.0,0.6,0.6,0.4,-4.36,-1.2,1.74,-1.25,10.0,3.52,14.0,0.7,0.5,0.4,2.67,3.07,3.69,3.16,5.0,0.72,14.0,0.4,0.6,0.5,76.0,82.0,89.0,82.4,5.0,10.8,14.0,0.4,0.5,6.2,11.05,13.8,10.47,10.0,4.73,14.0,0.7,0.5,0.4,0.97,5.74,13.22,7.07,10.0,6.39,14.0,0.7,0.5,0.4,-7.44,-2.09,2.74,-2.11,10.0,6.54,14.0,0.7,0.5,0.4,997.81,1012.6,1019.22,1008.07,10.0,14.22,14.0,0.7,0.5,0.4,3.4,6.5,8.0,5.7,10.0,2.6,14.0,0.7,0.5,0.4,8.7,35.6,182.7,95.0,10.0,115.9,14.0,0.7,0.5,0.4,-81.5,-12.9,20.9,-26.3,10.0,74.2,14.0,0.7,0.5,0.4,-1.89,1.0,5.07,1.2,8.0,3.61,16.0,0.6,0.6,0.4,-18.9,7.7,62.9,20.3,8.0,45.8,16.0,0.6,0.6,0.4,0.18,0.68,1.18,0.68,5.0,0.78,14.0,0.4,0.6,0.5,0.1,5.2,17.8,9.3,5.0,14.2,14.0,0.4,0.6,0.5,-56.5,-3.2,10.2,-17.6,10.0,38.4,14.0,0.7,0.5,0.4,0.0,10.2,32.2,15.1,10.0,19.1,14.0,0.7,0.5,0.4,0.0,8.1,31.5,15.1,5.0,18.2,14.0,0.4,0.6,0.5,-11.0,0.0,17.8,2.8,5.0,19.4,14.0,0.4,0.6,0.5,-0.9,0.0,13.4,6.6,5.0,15.2,14.0,0.4,0.6,0.5,-1.8,0.4,4.2,1.2,5.0,4.9,14.0,0.4,0.6,0.5,238.5,1368.0,2648.0,1794.0,10.0,2045.5,14.0,0.7,0.5,0.4,240.0,1370.0,2650.0,1795.0,10.0,2045.0,14.0,0.7,0.5,0.4
1974,2,305.0,46.0,-1.1,-0.9,-0.24,-0.56,7.0,0.74,16.0,0.7,0.7,0.4,-3.28,-2.3,2.0,-1.75,17.0,3.16,18.0,0.5,0.6,0.4,1.64,2.82,3.27,2.53,5.0,0.91,18.0,0.6,0.7,0.5,74.4,85.1,90.9,83.1,5.0,10.2,18.0,0.6,0.5,7.38,13.4,17.5,13.25,17.0,5.54,18.0,0.5,0.6,0.4,-5.46,3.86,16.7,4.97,17.0,10.52,18.0,0.5,0.6,0.4,-3.92,-2.07,12.63,1.99,17.0,8.72,18.0,0.5,0.6,0.4,995.85,1005.7,1010.09,1003.78,17.0,8.95,18.0,0.5,0.6,0.4,3.9,8.0,8.0,6.3,13.0,2.2,16.0,0.5,0.6,0.3,-74.6,26.0,283.5,87.6,17.0,186.8,18.0,0.5,0.6,0.4,-50.0,-4.3,183.5,46.0,17.0,142.0,18.0,0.5,0.6,0.4,-0.55,1.4,4.33,2.04,7.0,3.52,16.0,0.7,0.7,0.4,-7.3,9.8,47.4,18.8,7.0,31.0,16.0,0.7,0.7,0.4,0.39,0.81,1.88,1.06,5.0,0.86,18.0,0.6,0.7,0.5,6.8,14.1,17.6,12.2,5.0,7.4,18.0,0.6,0.7,0.5,-44.4,-6.0,6.4,-12.3,17.0,27.5,18.0,0.5,0.6,0.4,-4.8,7.4,39.2,14.9,17.0,22.4,18.0,0.5,0.6,0.4,-6.7,8.2,50.5,17.4,5.0,34.6,18.0,0.6,0.7,0.5,-12.9,-8.6,8.9,-1.5,5.0,21.6,18.0,0.6,0.7,0.5,4.2,10.4,13.1,8.7,5.0,5.7,18.0,0.6,0.7,0.5,-13.4,-2.5,-1.1,-6.6,5.0,7.8,18.0,0.6,0.7,0.5,404.0,2406.0,5359.5,3438.0,17.0,3430.0,18.0,0.5,0.6,0.4,405.0,2405.0,5360.0,3440.0,17.0,3430.0,18.0,0.5,0.6,0.4
1974,2,305.0,49.0,-1.4,-1.3,-1.1,-1.23,47.0,0.21,14.0,0.7,0.5,0.6,-11.7,-5.8,-1.78,-5.89,47.0,4.84,14.0,0.7,0.5,0.6,1.1,2.02,3.06,2.14,47.0,1.07,14.0,0.7,0.5,0.6,65.4,77.1,94.9,78.5,47.0,13.8,14.0,0.7,0.6,6.2,9.8,15.9,11.11,47.0,5.68,14.0,0.7,0.5,0.6,-5.36,6.2,11.15,4.7,47.0,8.56,14.0,0.7,0.5,0.6,-2.72,3.18,9.74,3.28,47.0,7.19,14.0,0.7,0.5,0.6,988.45,1002.5,1012.31,1001.27,47.0,11.75,14.0,0.7,0.5,0.6,1.3,7.0,8.0,5.6,47.0,3.0,14.0,0.7,0.5,0.6,-69.9,43.2,140.2,56.0,47.0,158.9,14.0,0.7,0.5,0.6,-31.4,22.4,136.0,50.8,47.0,136.2,14.0,0.7,0.5,0.6,0.62,4.7,10.33,4.67,47.0,4.74,14.0,0.7,0.5,0.6,4.9,34.0,110.7,52.6,47.0,76.9,14.0,0.7,0.5,0.6,0.52,1.49,2.32,1.36,47.0,1.02,14.0,0.7,0.5,0.6,3.8,11.7,25.4,14.7,47.0,17.3,14.0,0.7,0.5,0.6,-109.9,-29.9,3.4,-42.7,47.0,66.4,14.0,0.7,0.5,0.6,-49.0,-8.0,19.6,-19.7,47.0,66.8,14.0,0.7,0.5,0.6,-19.3,9.7,23.5,6.1,47.0,21.0,14.0,0.7,0.5,0.6,-6.4,4.6,17.0,8.0,47.0,21.7,14.0,0.7,0.5,0.6,-0.3,9.1,23.1,10.1,47.0,14.2,14.0,0.7,0.5,0.6,-6.1,2.1,12.0,3.7,47.0,14.1,14.0,0.7,0.5,0.6,238.5,941.0,4019.5,2577.0,47.0,3951.5,14.0,0.7,0.5,0.6,240.0,940.0,4020.0,2575.0,47.0,3950.0,14.0,0.7,0.5,0.6
1974,2,305.0,50.0,-1.4,-1.4,-1.4,-1.4,1.0,0.0,6.0,0.0,0.4,0.4,-0.7,-0.7,-0.7,-0.7,1.0,0.0,6.0,0.0,0.4,0.4,3.67,3.67,3.67,3.67,1.0,0.0,6.0,0.0,0.4,0.4,100.0,100.0,100.0,100.0,1.0,0.0,6.0,0.0,0.4,,,,,,,,,,,,,,,,,,,,,,,,,,,,,,,,,,,,,,,,,,,,,,,,,,,,,,,,,,,,,,,,,,,,,,,,,,,,,,,,,,,,,,,,,,,,,,,,,,,,,,,,,,,,,,,,,,,,,,,,,,,,,,,,,,,,,,,,,,,,,,,,,,,,,,,,,,,,,,,,,,,,,,,,,,,,,,,,,,,,,,,,,,,,,,
1974,2,305.0,51.0,,,,,,,,,,,,,,,,,,,,,,,,,,,,,,,,,,,,,,,,9.25,11.95,14.65,11.95,2.0,5.59,12.0,0.5,0.7,0.8,6.81,10.4,13.99,10.4,2.0,7.44,12.0,0.5,0.7,0.8,3.3,4.44,5.59,4.44,2.0,2.38,12.0,0.5,0.7,0.8,992.01,992.25,992.49,992.25,2.0,0.5,12.0,0.5,0.7,0.8,,,,,,,,,,,,,,,,,,,,,,,,,,,,,,,,,,,,,,,,,,,,,,,,,,,,,,,,,,,,,,,,,,,,,,,,,,,,,,,,,,,,,,,,,,,,,,,,,,,,,,,,,,,,,,,,,,,,,,,,,,,,,,,,,,,,,,,,,,,,,,,,,,,,,,
1974,2,305.0,52.0,,,,,,,,,,,,,,,,,,,,,,,,,,,,,,,,,,,,,,,,8.45,9.0,12.41,10.4,3.0,3.14,10.0,0.7,0.6,0.3,3.4,4.1,10.71,6.99,3.0,5.91,10.0,0.7,0.6,0.3,3.91,7.1,8.03,6.0,3.0,3.16,10.0,0.7,0.6,0.3,991.62,992.3,1006.5,998.9,3.0,12.31,10.0,0.7,0.6,0.3,,,,,,,,,,,,,,,,,,,,,,,,,,,,,,,,,,,,,,,,,,,,,,,,,,,,,,,,,,,,,,,,,,,,,,,,,,,,,,,,,,,,,,,,,,,,,,,,,,,,,,,,,,,,,,,,,,,,,,,,,,,,,,,,,,,,,,,,,,,,,,,,,,,,,,
1974,2,305.0,54.0,,,,,,,,,,,,,,,,,,,,,,,,,,,,,,,,,,,,,,,,7.75,9.9,11.84,9.4,6.0,2.89,26.0,0.5,0.8,0.6,6.8,8.42,10.65,8.41,6.0,2.6,26.0,0.5,0.8,0.6,-5.27,1.02,3.6,-0.05,6.0,4.77,26.0,0.5,0.8,0.6,1007.94,1010.7,1012.07,1009.82,6.0,3.37,26.0,0.5,0.8,0.6,,,,,,,,,,,,,,,,,,,,,,,,,,,,,,,,,,,,,,,,,,,,,,,,,,,,,,,,,,,,,,,,,,,,,,,,,,,,,,,,,,,,,,,,,,,,,,,,,,,,,,,,,,,,,,,,,,,,,,,,,,,,,,,,,,,,,,,,,,,,,,,,,,,,,,
1974,2,305.0,55.0,,,,,,,,,,,,,,,,,,,,,,,,,,,,,,,,,,,,,,,,3.27,8.2,9.15,6.64,5.0,3.56,26.0,0.8,0.4,0.1,3.27,7.1,8.62,6.13,5.0,3.05,26.0,0.8,0.4,0.1,-4.57,0.0,0.0,-1.9,5.0,2.64,26.0,0.8,0.4,0.1,1008.59,1010.5,1014.01,1011.2,5.0,3.17,26.0,0.8,0.4,0.1,,,,,,,,,,,,,,,,,,,,,,,,,,,,,,,,,,,,,,,,,,,,,,,,,,,,,,,,,,,,,,,,,,,,,,,,,,,,,,,,,,,,,,,,,,,,,,,,,,,,,,,,,,,,,,,,,,,,,,,,,,,,,,,,,,,,,,,,,,,,,,,,,,,,,,
1974,2,305.0,62.0,,,,,,,,,,,,,,,,,,,,,,,,,,,,,,,,,,,,,,,,4.1,4.1,4.1,4.1,1.0,0.0,10.0,0.0,0.4,0.5,2.64,2.64,2.64,2.64,1.0,0.0,10.0,0.0,0.4,0.5,-3.14,-3.14,-3.14,-3.14,1.0,0.0,10.0,0.0,0.4,0.5,1010.5,1010.5,1010.5,1010.5,1.0,0.0,10.0,0.0,0.4,0.5,,,,,,,,,,,,,,,,,,,,,,,,,,,,,,,,,,,,,,,,,,,,,,,,,,,,,,,,,,,,,,,,,,,,,,,,,,,,,,,,,,,,,,,,,,,,,,,,,,,,,,,,,,,,,,,,,,,,,,,,,,,,,,,,,,,,,,,,,,,,,,,,,,,,,,
1974,2,306.0,-63.0,0.0,0.0,0.0,0.0,1.0,0.0,12.0,1.0,0.5,0.6,0.5,0.5,0.5,0.5,1.0,0.0,12.0,1.0,0.5,0.6,3.62,3.62,3.62,3.62,1.0,0.0,12.0,1.0,0.5,0.6,91.0,91.0,91.0,91.0,1.0,0.0,12.0,1.0,0.6,12.3,12.3,12.3,12.3,1.0,0.0,12.0,1.0,0.5,0.6,12.3,12.3,12.3,12.3,1.0,0.0,12.0,1.0,0.5,0.6,0.0,0.0,0.0,0.0,1.0,0.0,12.0,1.0,0.5,0.6,996.4,996.4,996.4,996.4,1.0,0.0,12.0,1.0,0.5,0.6,8.0,8.0,8.0,8.0,1.0,0.0,12.0,1.0,0.5,0.6,151.3,151.3,151.3,151.3,1.0,0.0,12.0,1.0,0.5,0.6,0.0,0.0,0.0,0.0,1.0,0.0,12.0,1.0,0.5,0.6,-0.5,-0.5,-0.5,-0.5,1.0,0.0,12.0,1.0,0.5,0.6,-6.1,-6.1,-6.1,-6.1,1.0,0.0,12.0,1.0,0.5,0.6,0.22,0.22,0.22,0.22,1.0,0.0,12.0,1.0,0.5,0.6,2.7,2.7,2.7,2.7,1.0,0.0,12.0,1.0,0.5,0.6,6.2,6.2,6.2,6.2,1.0,0.0,12.0,1.0,0.5,0.6,0.0,0.0,0.0,0.0,1.0,0.0,12.0,1.0,0.5,0.6,44.6,44.6,44.6,44.6,1.0,0.0,12.0,1.0,0.5,0.6,0.0,0.0,0.0,0.0,1.0,0.0,12.0,1.0,0.5,0.6,2.7,2.7,2.7,2.7,1.0,0.0,12.0,1.0,0.5,0.6,0.0,0.0,0.0,0.0,1.0,0.0,12.0,1.0,0.5,0.6,1861.0,1861.0,1861.0,1861.0,1.0,0.0,12.0,1.0,0.5,0.6,1860.0,1860.0,1860.0,1860.0,1.0,0.0,12.0,1.0,0.5,0.6
1974,2,306.0,-62.0,0.0,0.0,0.0,0.0,2.0,0.0,14.0,0.5,0.5,0.4,-0.26,0.25,0.76,0.25,2.0,1.06,14.0,0.5,0.5,0.4,3.15,3.4,3.66,3.4,2.0,0.53,14.0,0.5,0.5,0.4,83.5,86.8,90.1,86.8,2.0,6.9,14.0,0.5,0.4,7.59,9.5,11.41,9.5,2.0,3.96,14.0,0.5,0.5,0.4,4.65,7.45,10.26,7.45,2.0,5.8,14.0,0.5,0.5,0.4,-4.21,-0.8,2.62,-0.8,2.0,7.08,14.0,0.5,0.5,0.4,998.1,998.1,998.1,998.1,2.0,0.0,14.0,0.5,0.5,0.4,8.0,8.0,8.0,8.0,2.0,0.0,14.0,0.5,0.5,0.4,41.4,82.3,123.2,82.3,2.0,84.7,14.0,0.5,0.5,0.4,-24.5,6.4,37.4,6.4,2.0,64.1,14.0,0.5,0.5,0.4,-0.76,-0.25,0.26,-0.25,2.0,1.06,14.0,0.5,0.5,0.4,-9.8,-4.5,0.9,-4.5,2.0,11.1,14.0,0.5,0.5,0.4,0.17,0.43,0.69,0.43,2.0,0.53,14.0,0.5,0.5,0.4,1.4,3.0,4.6,3.0,2.0,3.3,14.0,0.5,0.5,0.4,0.4,4.9,9.5,4.9,2.0,9.4,14.0,0.5,0.5,0.4,3.1,3.6,4.0,3.6,2.0,0.9,14.0,0.5,0.5,0.4,15.5,26.9,38.4,26.9,2.0,23.7,14.0,0.5,0.5,0.4,-12.3,-0.8,10.6,-0.8,2.0,23.7,14.0,0.5,0.5,0.4,1.0,1.7,2.4,1.7,2.0,1.5,14.0,0.5,0.5,0.4,-3.9,-2.2,-0.5,-2.2,2.0,3.5,14.0,0.5,0.5,0.4,548.5,1081.0,1613.5,1081.0,2.0,1103.0,14.0,0.5,0.5,0.4,550.0,1080.0,1615.0,1080.0,2.0,1105.0,14.0,0.5,0.5,0.4
1974,2,306.0,-56.0,4.91,5.8,6.69,5.8,2.0,1.84,12.0,1.0,0.5,0.6,5.47,5.85,6.23,5.85,2.0,0.78,12.0,1.0,0.5,0.6,4.2,4.59,4.98,4.59,2.0,0.81,12.0,1.0,0.5,0.6,71.6,80.7,89.7,80.7,2.0,18.8,12.0,1.0,0.6,5.1,5.1,5.1,5.1,2.0,0.0,12.0,1.0,0.5,0.6,-2.15,-1.27,-0.4,-1.27,2.0,1.8,12.0,1.0,0.5,0.6,-3.59,-0.34,2.91,-0.34,2.0,6.73,12.0,1.0,0.5,0.6,1011.61,1013.15,1014.69,1013.15,2.0,3.18,12.0,1.0,0.5,0.6,5.5,6.5,7.5,6.5,2.0,2.1,12.0,1.0,0.5,0.6,-10.9,-6.5,-2.1,-6.5,2.0,9.2,12.0,1.0,0.5,0.6,-18.3,-1.7,14.8,-1.7,2.0,34.3,12.0,1.0,0.5,0.6,-0.56,-0.05,0.46,-0.05,2.0,1.06,12.0,1.0,0.5,0.6,-2.9,-0.3,2.4,-0.3,2.0,5.4,12.0,1.0,0.5,0.6,0.39,1.14,1.89,1.14,2.0,1.56,12.0,1.0,0.5,0.6,2.0,5.8,9.7,5.8,2.0,8.0,12.0,1.0,0.5,0.6,-13.7,-8.2,-2.6,-8.2,2.0,11.5,12.0,1.0,0.5,0.6,-18.3,0.6,19.5,0.6,2.0,39.1,12.0,1.0,0.5,0.6,-8.6,-5.1,-1.6,-5.1,2.0,7.2,12.0,1.0,0.5,0.6,-19.3,-4.3,10.7,-4.3,2.0,31.1,12.0,1.0,0.5,0.6,-4.8,-2.9,-0.9,-2.9,2.0,4.0,12.0,1.0,0.5,0.6,1.4,4.9,8.3,4.9,2.0,7.1,12.0,1.0,0.5,0.6,132.5,132.5,132.5,132.5,2.0,0.0,12.0,1.0,0.5,0.6,135.0,135.0,135.0,135.0,2.0,0.0,12.0,1.0,0.5,0.6
1974,2,306.0,-55.0,7.5,7.5,7.5,7.5,1.0,0.0,8.0,1.0,0.1,1.0,6.0,6.0,6.0,6.0,1.0,0.0,8.0,1.0,0.1,1.0,3.62,3.62,3.62,3.62,1.0,0.0,8.0,1.0,0.1,1.0,62.6,62.6,62.6,62.6,1.0,0.0,8.0,1.0,1.0,4.6,4.6,4.6,4.6,1.0,0.0,8.0,1.0,0.1,1.0,2.3,2.3,2.3,2.3,1.0,0.0,8.0,1.0,0.1,1.0,3.98,3.98,3.98,3.98,1.0,0.0,8.0,1.0,0.1,1.0,1013.4,1013.4,1013.4,1013.4,1.0,0.0,8.0,1.0,0.1,1.0,7.0,7.0,7.0,7.0,1.0,0.0,8.0,1.0,0.1,1.0,10.6,10.6,10.6,10.6,1.0,0.0,8.0,1.0,0.1,1.0,18.3,18.3,18.3,18.3,1.0,0.0,8.0,1.0,0.1,1.0,1.5,1.5,1.5,1.5,1.0,0.0,8.0,1.0,0.1,1.0,6.9,6.9,6.9,6.9,1.0,0.0,8.0,1.0,0.1,1.0,2.8,2.8,2.8,2.8,1.0,0.0,8.0,1.0,0.1,1.0,12.9,12.9,12.9,12.9,1.0,0.0,8.0,1.0,0.1,1.0,13.8,13.8,13.8,13.8,1.0,0.0,8.0,1.0,0.1,1.0,23.9,23.9,23.9,23.9,1.0,0.0,8.0,1.0,0.1,1.0,8.3,8.3,8.3,8.3,1.0,0.0,8.0,1.0,0.1,1.0,14.4,14.4,14.4,14.4,1.0,0.0,8.0,1.0,0.1,1.0,6.4,6.4,6.4,6.4,1.0,0.0,8.0,1.0,0.1,1.0,11.1,11.1,11.1,11.1,1.0,0.0,8.0,1.0,0.1,1.0,97.5,97.5,97.5,97.5,1.0,0.0,8.0,1.0,0.1,1.0,95.0,95.0,95.0,95.0,1.0,0.0,8.0,1.0,0.1,1.0
1974,2,306.0,-46.0,17.3,17.3,17.3,17.3,1.0,0.0,20.0,1.0,0.8,0.5,17.0,17.0,17.0,17.0,1.0,0.0,20.0,1.0,0.8,0.5,10.29,10.29,10.29,10.29,1.0,0.0,20.0,1.0,0.8,0.5,85.8,85.8,85.8,85.8,1.0,0.0,20.0,1.0,0.5,4.6,4.6,4.6,4.6,1.0,0.0,20.0,1.0,0.8,0.5,-2.96,-2.96,-2.96,-2.96,1.0,0.0,20.0,1.0,0.8,0.5,3.52,3.52,3.52,3.52,1.0,0.0,20.0,1.0,0.8,0.5,1014.3,1014.3,1014.3,1014.3,1.0,0.0,20.0,1.0,0.8,0.5,5.0,5.0,5.0,5.0,1.0,0.0,20.0,1.0,0.8,0.5,-13.6,-13.6,-13.6,-13.6,1.0,0.0,20.0,1.0,0.8,0.5,16.2,16.2,16.2,16.2,1.0,0.0,20.0,1.0,0.8,0.5,0.3,0.3,0.3,0.3,1.0,0.0,20.0,1.0,0.8,0.5,1.4,1.4,1.4,1.4,1.0,0.0,20.0,1.0,0.8,0.5,1.95,1.95,1.95,1.95,1.0,0.0,20.0,1.0,0.8,0.5,9.0,9.0,9.0,9.0,1.0,0.0,20.0,1.0,0.8,0.5,-50.3,-50.3,-50.3,-50.3,1.0,0.0,20.0,1.0,0.8,0.5,59.9,59.9,59.9,59.9,1.0,0.0,20.0,1.0,0.8,0.5,-30.4,-30.4,-30.4,-30.4,1.0,0.0,20.0,1.0,0.8,0.5,36.3,36.3,36.3,36.3,1.0,0.0,20.0,1.0,0.8,0.5,-5.8,-5.8,-5.8,-5.8,1.0,0.0,20.0,1.0,0.8,0.5,6.9,6.9,6.9,6.9,1.0,0.0,20.0,1.0,0.8,0.5,97.5,97.5,97.5,97.5,1.0,0.0,20.0,1.0,0.8,0.5,95.0,95.0,95.0,95.0,1.0,0.0,20.0,1.0,0.8,0.5
1974,2,306.0,-42.0,19.4,19.4,19.4,19.4,1.0,0.0,26.0,1.0,0.2,0.8,18.41,19.3,20.19,19.3,2.0,1.84,18.0,0.5,0.5,0.8,10.62,10.94,11.26,10.94,2.0,0.67,18.0,0.5,0.5,0.8,77.4,79.5,81.6,79.5,2.0,4.4,18.0,0.5,0.8,4.6,4.6,4.6,4.6,1.0,0.0,26.0,1.0,0.2,0.8,1.57,1.57,1.57,1.57,1.0,0.0,26.0,1.0,0.2,0.8,-4.32,-4.32,-4.32,-4.32,1.0,0.0,26.0,1.0,0.2,0.8,1021.55,1022.3,1023.05,1022.3,2.0,1.56,18.0,0.5,0.5,0.8,3.0,5.0,7.0,5.0,2.0,4.2,18.0,0.5,0.5,0.8,7.2,7.2,7.2,7.2,1.0,0.0,26.0,1.0,0.2,0.8,-19.9,-19.9,-19.9,-19.9,1.0,0.0,26.0,1.0,0.2,0.8,-1.2,-1.2,-1.2,-1.2,1.0,0.0,26.0,1.0,0.2,0.8,-5.5,-5.5,-5.5,-5.5,1.0,0.0,26.0,1.0,0.2,0.8,2.48,2.48,2.48,2.48,1.0,0.0,26.0,1.0,0.2,0.8,11.4,11.4,11.4,11.4,1.0,0.0,26.0,1.0,0.2,0.8,32.4,32.4,32.4,32.4,1.0,0.0,26.0,1.0,0.2,0.8,-89.0,-89.0,-89.0,-89.0,1.0,0.0,26.0,1.0,0.2,0.8,18.0,18.0,18.0,18.0,1.0,0.0,26.0,1.0,0.2,0.8,-49.3,-49.3,-49.3,-49.3,1.0,0.0,26.0,1.0,0.2,0.8,3.9,3.9,3.9,3.9,1.0,0.0,26.0,1.0,0.2,0.8,-10.7,-10.7,-10.7,-10.7,1.0,0.0,26.0,1.0,0.2,0.8,97.5,97.5,97.5,97.5,1.0,0.0,26.0,1.0,0.2,0.8,95.0,95.0,95.0,95.0,1.0,0.0,26.0,1.0,0.2,0.8
1974,2,306.0,-41.0,17.0,17.0,17.0,17.0,1.0,0.0,24.0,1.0,0.3,0.3,17.15,18.55,19.95,18.55,2.0,2.9,16.0,0.5,0.2,0.4,7.51,9.35,11.18,9.35,2.0,3.81,16.0,0.5,0.2,0.4,60.8,68.8,76.7,68.8,2.0,16.4,16.0,0.5,0.4,4.59,5.65,6.71,5.65,2.0,2.19,16.0,0.5,0.2,0.4,3.21,4.44,5.66,4.44,2.0,2.55,16.0,0.5,0.2,0.4,-2.07,0.23,2.53,0.23,2.0,4.77,16.0,0.5,0.2,0.4,1012.49,1015.05,1017.61,1015.05,2.0,5.3,16.0,0.5,0.2,0.4,0.6,2.0,3.4,2.0,2.0,2.8,16.0,0.5,0.2,0.4,16.2,27.9,39.5,27.9,2.0,24.1,16.0,0.5,0.2,0.4,-6.7,6.5,19.8,6.5,2.0,27.4,16.0,0.5,0.2,0.4,-3.6,-3.6,-3.6,-3.6,1.0,0.0,24.0,1.0,0.3,0.3,-14.8,-14.8,-14.8,-14.8,1.0,0.0,24.0,1.0,0.3,0.3,-0.08,-0.08,-0.08,-0.08,1.0,0.0,24.0,1.0,0.3,0.3,-0.3,-0.3,-0.3,-0.3,1.0,0.0,24.0,1.0,0.3,0.3,62.0,78.6,95.2,78.6,2.0,34.4,16.0,0.5,0.2,0.4,-45.0,-2.6,39.7,-2.6,2.0,87.8,16.0,0.5,0.2,0.4,33.3,36.6,39.9,36.6,2.0,6.9,16.0,0.5,0.2,0.4,-28.0,-6.9,14.1,-6.9,2.0,43.7,16.0,0.5,0.2,0.4,-0.2,-0.2,-0.2,-0.2,1.0,0.0,24.0,1.0,0.3,0.3,0.2,0.2,0.2,0.2,1.0,0.0,24.0,1.0,0.3,0.3,117.0,221.0,325.0,221.0,2.0,215.0,16.0,0.5,0.2,0.4,115.0,220.0,325.0,220.0,2.0,215.0,16.0,0.5,0.2,0.4
1974,2,306.0,-37.0,21.0,21.0,21.0,21.0,1.0,0.0,20.0,1.0,0.8,0.7,18.21,19.1,19.99,19.1,2.0,1.84,20.0,1.0,0.5,0.4,12.43,12.87,13.31,12.87,2.0,0.91,20.0,1.0,0.5,0.4,91.4,93.4,95.4,93.4,2.0,4.1,20.0,1.0,0.4,0.65,2.05,3.45,2.05,2.0,2.9,20.0,1.0,0.5,0.4,0.64,2.02,3.4,2.02,2.0,2.86,20.0,1.0,0.5,0.4,0.11,0.36,0.6,0.36,2.0,0.5,20.0,1.0,0.5,0.4,1009.74,1010.25,1010.76,1010.25,2.0,1.06,20.0,1.0,0.5,0.4,1.2,1.5,1.8,1.5,2.0,0.7,20.0,1.0,0.5,0.4,2.6,8.3,13.9,8.3,2.0,11.7,20.0,1.0,0.5,0.4,0.5,1.5,2.5,1.5,2.0,2.1,20.0,1.0,0.5,0.4,0.6,0.6,0.6,0.6,1.0,0.0,20.0,1.0,0.8,0.7,2.5,2.5,2.5,2.5,1.0,0.0,20.0,1.0,0.8,0.7,1.99,1.99,1.99,1.99,1.0,0.0,20.0,1.0,0.8,0.7,8.2,8.2,8.2,8.2,1.0,0.0,20.0,1.0,0.8,0.7,13.1,41.2,69.3,41.2,2.0,58.2,20.0,1.0,0.5,0.4,2.3,7.3,12.2,7.3,2.0,10.3,20.0,1.0,0.5,0.4,8.7,27.3,45.9,27.3,2.0,38.6,20.0,1.0,0.5,0.4,1.5,4.8,8.1,4.8,2.0,6.8,20.0,1.0,0.5,0.4,8.1,8.1,8.1,8.1,1.0,0.0,20.0,1.0,0.8,0.7,1.4,1.4,1.4,1.4,1.0,0.0,20.0,1.0,0.8,0.7,11.0,34.5,58.0,34.5,2.0,48.5,20.0,1.0,0.5,0.4,10.0,35.0,60.0,35.0,2.0,50.0,20.0,1.0,0.5,0.4
1974,2,306.0,-36.0,,,,,,,,,,,,,,,,,,,,,,,,,,,,,,,,,,,,,,,,5.0,5.0,5.0,5.0,1.0,0.0,26.0,0.0,0.8,1.0,-5.0,-5.0,-5.0,-5.0,1.0,0.0,26.0,0.0,0.8,1.0,0.0,0.0,0.0,0.0,1.0,0.0,26.0,0.0,0.8,1.0,1017.2,1017.2,1017.2,1017.2,1.0,0.0,26.0,0.0,0.8,1.0,,,,,,,,,,,,,,,,,,,,,,,,,,,,,,,,,,,,,,,,,,,,,,,,,,,,,,,,,,,,,,,,,,,,,,,,,,,,,,,,,,,,,,,,,,,,,,,,,,,,,,,,,,,,,,,,,,,,,,,,,,,,,,,,,,,,,,,,,,,,,,,,,,,,,,
1974,2,306.0,-35.0,21.0,22.5,24.0,22.18,21.0,1.75,16.0,0.7,0.5,0.6,20.03,22.0,24.0,22.1,21.0,2.13,18.0,0.7,0.5,0.6,9.2,11.96,14.09,11.76,18.0,2.32,18.0,0.7,0.5,0.7,60.7,68.9,78.0,70.9,18.0,9.7,18.0,0.7,0.7,3.8,4.1,6.7,5.02,23.0,2.37,18.0,0.7,0.5,0.6,-4.32,-2.55,0.0,-1.92,23.0,3.1,18.0,0.7,0.5,0.6,-2.87,0.0,4.51,1.0,23.0,4.18,18.0,0.7,0.5,0.6,1012.49,1016.6,1019.1,1016.2,23.0,3.28,18.0,0.7,0.5,0.6,1.0,5.0,7.0,4.3,23.0,2.8,18.0,0.7,0.5,0.6,-25.3,-10.8,0.0,-7.1,23.0,25.6,18.0,0.7,0.5,0.6,-12.7,0.0,21.9,9.2,23.0,36.3,18.0,0.7,0.5,0.6,-1.49,0.0,2.0,-0.11,20.0,2.23,18.0,0.7,0.5,0.6,-10.0,0.0,7.2,-0.5,20.0,9.7,18.0,0.7,0.5,0.6,3.21,4.92,6.66,4.6,17.0,2.39,18.0,0.7,0.5,0.6,15.1,22.4,30.3,23.6,17.0,14.2,18.0,0.7,0.5,0.6,-103.1,-51.0,0.0,-53.7,21.0,59.8,18.0,0.7,0.5,0.6,-62.5,0.0,87.9,10.5,21.0,77.8,18.0,0.7,0.5,0.6,-65.3,-19.3,0.0,-28.0,18.0,34.6,18.0,0.7,0.5,0.7,-39.3,1.9,51.7,5.7,18.0,43.4,18.0,0.7,0.5,0.7,-22.8,-3.0,2.0,-8.0,17.0,14.4,18.0,0.7,0.5,0.6,-13.7,3.6,27.1,8.6,17.0,21.0,18.0,0.7,0.5,0.6,55.0,69.0,301.0,226.0,23.0,446.0,18.0,0.7,0.5,0.6,55.0,70.0,300.0,225.0,23.0,445.0,18.0,0.7,0.5,0.6
1974,2,306.0,-34.0,21.97,23.2,24.43,23.2,2.0,2.55,14.0,0.5,1.0,0.2,21.44,24.1,26.76,24.1,2.0,5.52,14.0,0.5,1.0,0.2,12.55,14.95,17.36,14.95,2.0,4.99,14.0,0.5,1.0,0.2,78.3,78.4,78.4,78.4,2.0,0.1,14.0,0.5,0.2,1.75,3.35,4.95,3.35,2.0,3.32,14.0,0.5,1.0,0.2,-4.05,-2.15,-0.24,-2.15,2.0,3.95,14.0,0.5,1.0,0.2,-0.19,1.04,2.28,1.04,2.0,2.56,14.0,0.5,1.0,0.2,1014.78,1016.9,1019.02,1016.9,2.0,4.38,14.0,0.5,1.0,0.2,4.2,4.5,4.8,4.5,2.0,0.7,14.0,0.5,1.0,0.2,-23.6,-13.7,-3.9,-13.7,2.0,20.4,14.0,0.5,1.0,0.2,1.9,7.7,13.5,7.7,2.0,12.0,14.0,0.5,1.0,0.2,-2.33,-0.9,0.53,-0.9,2.0,2.97,14.0,0.5,1.0,0.2,-1.4,1.9,5.3,1.9,2.0,7.0,14.0,0.5,1.0,0.2,1.76,2.8,3.85,2.8,2.0,2.16,14.0,0.5,1.0,0.2,5.0,13.0,21.0,13.0,2.0,16.6,14.0,0.5,1.0,0.2,-81.0,-40.9,-0.7,-40.9,2.0,83.2,14.0,0.5,1.0,0.2,-8.9,18.1,45.0,18.1,2.0,55.9,14.0,0.5,1.0,0.2,-45.6,-22.3,1.0,-22.3,2.0,48.3,14.0,0.5,1.0,0.2,-6.7,9.2,25.1,9.2,2.0,33.0,14.0,0.5,1.0,0.2,-17.9,-10.3,-2.7,-10.3,2.0,15.7,14.0,0.5,1.0,0.2,1.1,5.7,10.2,5.7,2.0,9.4,14.0,0.5,1.0,0.2,30.0,93.0,156.0,93.0,2.0,130.0,14.0,0.5,1.0,0.2,30.0,95.0,155.0,95.0,2.0,130.0,14.0,0.5,1.0,0.2
1974,2,306.0,6.0,26.39,27.7,28.52,27.52,5.0,1.15,16.0,0.6,0.7,0.5,25.46,26.2,27.05,26.32,5.0,1.05,16.0,0.6,0.7,0.5,16.92,17.31,17.83,17.38,4.0,0.57,18.0,0.8,0.7,0.5,76.7,81.1,88.6,82.0,5.0,6.9,16.0,0.6,0.5,8.52,9.3,11.03,9.76,5.0,1.62,16.0,0.6,0.7,0.5,-8.72,-7.12,-6.04,-7.26,5.0,2.0,16.0,0.6,0.7,0.5,-8.02,-4.1,-3.32,-5.63,5.0,3.5,16.0,0.6,0.7,0.5,1010.28,1011.2,1013.59,1011.9,4.0,2.45,18.0,0.8,0.7,0.5,4.6,6.0,7.4,6.0,5.0,1.6,16.0,0.6,0.7,0.5,-81.6,-66.3,-55.9,-69.4,5.0,18.5,16.0,0.6,0.7,0.5,-87.2,-36.3,-30.8,-58.7,5.0,47.9,16.0,0.6,0.7,0.5,-0.04,1.2,2.74,1.2,5.0,1.75,16.0,0.6,0.7,0.5,-1.5,11.2,23.0,9.5,5.0,17.1,16.0,0.6,0.7,0.5,3.84,5.15,7.04,5.43,4.0,2.12,18.0,0.8,0.7,0.5,42.8,54.7,61.8,52.4,4.0,14.2,18.0,0.8,0.7,0.5,-222.1,-188.8,-161.1,-189.4,5.0,46.6,16.0,0.6,0.7,0.5,-218.8,-107.4,-84.5,-151.0,5.0,101.5,16.0,0.6,0.7,0.5,-151.3,-122.3,-94.4,-122.8,4.0,42.2,18.0,0.8,0.7,0.5,-153.2,-87.0,-66.2,-108.7,4.0,61.7,18.0,0.8,0.7,0.5,-50.0,-36.0,-24.8,-37.3,4.0,16.5,18.0,0.8,0.7,0.5,-43.9,-34.0,-21.9,-33.0,4.0,16.9,18.0,0.8,0.7,0.5,619.5,804.5,1373.5,993.5,5.0,525.5,16.0,0.6,0.7,0.5,620.0,805.0,1375.0,995.0,5.0,525.0,16.0,0.6,0.7,0.5
1974,2,306.0,7.0,27.1,27.3,27.98,27.53,3.0,0.68,12.0,0.7,0.4,0.8,25.82,26.5,26.64,26.23,3.0,0.64,12.0,0.7,0.4,0.8,15.32,15.75,19.36,17.3,3.0,3.25,12.0,0.7,0.4,0.8,72.9,74.3,89.9,81.2,3.0,13.8,12.0,0.7,0.8,8.02,8.7,9.79,8.9,3.0,1.31,12.0,0.7,0.4,0.8,-8.81,-8.57,-7.27,-8.05,3.0,1.21,12.0,0.7,0.4,0.8,-4.74,-3.85,-2.25,-3.5,3.0,1.84,12.0,0.7,0.4,0.8,1011.53,1011.6,1013.24,1012.37,3.0,1.42,12.0,0.7,0.4,0.8,3.6,7.0,7.7,5.7,3.0,3.2,12.0,0.7,0.4,0.8,-86.4,-74.5,-58.7,-72.6,3.0,20.3,12.0,0.7,0.4,0.8,-45.6,-29.6,-18.4,-31.9,3.0,20.0,12.0,0.7,0.4,0.8,1.02,1.5,1.57,1.3,3.0,0.44,12.0,0.7,0.4,0.8,8.3,13.1,15.4,11.9,3.0,5.3,12.0,0.7,0.4,0.8,3.45,7.21,7.96,5.74,3.0,3.54,12.0,0.7,0.4,0.8,28.8,62.7,78.3,53.8,3.0,37.1,12.0,0.7,0.4,0.8,-231.9,-218.5,-190.0,-211.1,3.0,31.4,12.0,0.7,0.4,0.8,-126.2,-102.0,-58.7,-92.7,3.0,50.1,12.0,0.7,0.4,0.8,-140.4,-140.3,-132.9,-136.8,3.0,6.3,12.0,0.7,0.4,0.8,-81.1,-81.0,-41.3,-61.7,3.0,33.6,12.0,0.7,0.4,0.8,-70.2,-61.8,-27.3,-49.1,3.0,33.3,12.0,0.7,0.4,0.8,-32.7,-10.9,-7.9,-20.1,3.0,19.8,12.0,0.7,0.4,0.8,520.5,658.5,955.0,736.0,3.0,325.0,12.0,0.7,0.4,0.8,520.0,660.0,955.0,735.0,3.0,325.0,12.0,0.7,0.4,0.8
1974,2,306.0,8.0,26.06,26.2,28.01,26.94,5.0,1.25,18.0,0.2,0.6,0.6,24.82,25.2,26.17,25.46,5.0,0.88,18.0,0.2,0.6,0.6,13.43,16.39,16.73,15.34,5.0,1.87,18.0,0.2,0.6,0.6,65.1,79.1,86.4,76.0,5.0,11.9,18.0,0.2,0.6,6.52,9.3,10.48,8.66,5.0,2.1,18.0,0.2,0.6,0.6,-8.13,-5.83,-5.56,-6.62,5.0,1.44,18.0,0.2,0.6,0.6,-7.66,-4.65,-2.9,-5.2,5.0,2.74,18.0,0.2,0.6,0.6,1011.32,1012.8,1013.2,1012.34,5.0,1.02,18.0,0.2,0.6,0.6,0.0,3.0,4.1,2.4,5.0,2.5,18.0,0.2,0.6,0.6,-80.2,-53.0,-37.9,-58.5,5.0,23.1,18.0,0.2,0.6,0.6,-81.1,-43.2,-19.0,-49.1,5.0,33.7,18.0,0.2,0.6,0.6,0.59,0.8,2.31,1.48,5.0,1.65,18.0,0.2,0.6,0.6,3.7,7.4,24.1,14.3,5.0,17.7,18.0,0.2,0.6,0.6,4.55,7.36,9.04,6.93,5.0,2.5,18.0,0.2,0.6,0.6,39.0,61.9,75.4,58.6,5.0,21.6,18.0,0.2,0.6,0.6,-204.4,-156.1,-141.1,-168.4,5.0,35.2,18.0,0.2,0.6,0.6,-190.0,-117.2,-75.6,-130.5,5.0,65.5,18.0,0.2,0.6,0.6,-121.9,-95.1,-81.5,-101.6,5.0,26.1,18.0,0.2,0.6,0.6,-129.4,-63.6,-44.9,-82.5,5.0,49.1,18.0,0.2,0.6,0.6,-58.6,-43.7,-31.1,-44.4,5.0,14.2,18.0,0.2,0.6,0.6,-49.4,-27.3,-19.4,-35.0,5.0,23.7,18.0,0.2,0.6,0.6,278.0,804.5,1153.5,739.0,5.0,459.0,18.0,0.2,0.6,0.6,280.0,805.0,1155.0,740.0,5.0,460.0,18.0,0.2,0.6,0.6
1974,2,306.0,9.0,25.52,26.8,27.26,26.42,13.0,1.07,14.0,0.2,0.6,0.6,25.1,25.9,26.55,25.96,12.0,0.89,14.0,0.2,0.6,0.5,15.3,16.02,17.02,16.08,11.0,1.24,14.0,0.2,0.6,0.5,71.8,77.2,83.8,77.1,11.0,6.2,14.0,0.2,0.5,4.97,10.05,12.3,9.45,12.0,3.33,12.0,0.2,0.6,0.5,-11.57,-9.35,-3.98,-8.27,12.0,3.4,12.0,0.2,0.6,0.5,-6.52,-4.0,-2.24,-4.11,12.0,1.99,12.0,0.2,0.6,0.5,1009.45,1011.6,1013.3,1011.58,13.0,2.51,14.0,0.2,0.6,0.6,1.0,3.0,5.3,3.1,12.0,2.0,14.0,0.3,0.6,0.6,-142.2,-97.1,-18.3,-88.1,12.0,56.3,12.0,0.2,0.6,0.5,-61.3,-35.0,-15.1,-41.7,12.0,29.9,12.0,0.2,0.6,0.5,-0.53,0.9,1.8,0.53,12.0,1.54,14.0,0.2,0.6,0.5,-6.9,8.3,13.8,2.9,11.0,16.4,14.0,0.1,0.6,0.5,3.79,6.09,7.07,5.68,11.0,1.92,14.0,0.2,0.6,0.5,32.0,50.4,65.9,48.6,10.0,16.4,14.0,0.1,0.6,0.5,-293.7,-221.5,-104.0,-204.3,11.0,86.6,14.0,0.1,0.6,0.5,-127.9,-100.8,-58.5,-97.9,11.0,43.3,14.0,0.1,0.6,0.5,-178.2,-130.0,-65.6,-122.5,10.0,55.9,14.0,0.1,0.6,0.5,-80.6,-62.1,-37.9,-63.7,10.0,27.5,14.0,0.1,0.6,0.5,-54.2,-43.6,-26.1,-40.9,10.0,14.5,14.0,0.1,0.6,0.5,-32.1,-22.4,-11.9,-23.9,10.0,13.9,14.0,0.1,0.6,0.5,123.5,1017.0,1861.0,1121.5,12.0,898.0,12.0,0.2,0.6,0.5,125.0,1015.0,1860.0,1120.0,12.0,900.0,12.0,0.2,0.6,0.5
1974,2,306.0,10.0,26.3,26.5,26.6,26.45,15.0,0.25,8.0,0.6,0.6,0.6,25.24,26.2,26.58,26.11,15.0,1.08,8.0,0.6,0.6,0.6,14.58,14.72,15.62,15.08,4.0,0.86,10.0,0.5,0.4,0.3,69.9,71.8,78.0,73.9,4.0,6.6,10.0,0.5,0.3,6.0,9.0,11.0,8.37,15.0,2.23,8.0,0.6,0.6,0.6,-10.16,-8.86,-5.7,-7.95,15.0,2.12,8.0,0.6,0.6,0.6,-4.19,-1.56,0.0,-1.83,15.0,2.07,8.0,0.6,0.6,0.6,1012.9,1013.8,1014.6,1013.25,15.0,2.11,8.0,0.6,0.6,0.6,2.9,4.0,6.0,4.5,13.0,2.1,8.0,0.7,0.6,0.6,-111.7,-79.8,-34.6,-70.8,15.0,35.3,8.0,0.6,0.6,0.6,-38.6,-14.1,0.0,-16.7,15.0,21.7,8.0,0.6,0.6,0.6,0.0,0.5,1.2,0.33,15.0,1.15,8.0,0.6,0.6,0.6,0.0,4.9,7.9,1.9,15.0,11.4,8.0,0.6,0.6,0.6,5.8,7.08,7.25,6.55,4.0,1.2,10.0,0.5,0.4,0.3,48.7,71.0,76.7,63.1,4.0,21.3,10.0,0.5,0.4,0.3,-278.0,-226.0,-145.7,-208.5,15.0,59.3,8.0,0.6,0.6,0.6,-105.2,-41.0,0.0,-48.3,15.0,55.9,8.0,0.6,0.6,0.6,-149.6,-131.8,-106.2,-128.1,4.0,33.2,10.0,0.5,0.4,0.3,-73.0,-49.7,-26.1,-49.6,4.0,27.1,10.0,0.5,0.4,0.3,-72.0,-65.5,-43.7,-58.2,4.0,23.2,10.0,0.5,0.4,0.3,-29.4,-17.1,-12.6,-20.8,4.0,11.7,10.0,0.5,0.4,0.3,216.0,729.0,1331.0,703.5,15.0,490.0,8.0,0.6,0.6,0.6,215.0,730.0,1330.0,705.0,15.0,490.0,8.0,0.6,0.6,0.6
1974,2,306.0,11.0,,,,,,,,,,,,,,,,,,,,,,,,,,,,,,,,,,,,,,,,5.27,7.0,10.0,7.7,9.0,2.75,6.0,0.4,0.6,0.1,-9.58,-6.89,-4.95,-7.23,9.0,2.37,6.0,0.4,0.6,0.1,-4.21,-1.22,0.95,-1.62,9.0,2.62,6.0,0.4,0.6,0.1,1010.86,1011.4,1012.57,1011.84,9.0,1.25,6.0,0.4,0.6,0.1,,,,,,,,,,,,,,,,,,,,,,,,,,,,,,,,,,,,,,,,,,,,,,,,,,,,,,,,,,,,,,,,,,,,,,,,,,,,,,,,,,,,,,,,,,,,,,,,,,,,,,,,,,,,,,,,,,,,,,,,,,,,,,,,,,,,,,,,,,,,,,,,,,,,,,
1974,2,306.0,12.0,26.59,27.0,27.55,27.07,3.0,0.7,6.0,0.7,0.3,0.3,25.32,26.0,26.07,25.7,3.0,0.61,6.0,0.7,0.3,0.3,15.47,15.82,17.6,16.52,3.0,1.67,6.0,0.7,0.3,0.3,76.0,77.5,84.1,80.0,3.0,6.3,6.0,0.7,0.3,5.08,7.2,7.2,6.17,3.0,1.79,6.0,0.7,0.3,0.3,-6.99,-6.77,-4.9,-5.96,3.0,1.68,6.0,0.7,0.3,0.3,-1.45,0.71,1.08,-0.17,3.0,2.01,6.0,0.7,0.3,0.3,1010.18,1011.0,1011.68,1010.93,3.0,1.1,6.0,0.7,0.3,0.3,4.0,6.0,7.4,5.7,3.0,2.5,6.0,0.7,0.3,0.3,-50.3,-48.7,-26.8,-38.8,3.0,19.3,6.0,0.7,0.3,0.3,-11.2,2.9,7.1,-1.9,3.0,14.0,6.0,0.7,0.3,0.3,0.81,1.7,1.9,1.37,3.0,0.85,6.0,0.7,0.3,0.3,4.6,8.2,11.0,7.8,3.0,4.7,6.0,0.7,0.3,0.3,5.25,5.76,6.62,5.93,3.0,1.02,6.0,0.7,0.3,0.3,31.1,36.1,39.8,35.4,3.0,6.4,6.0,0.7,0.3,0.3,-182.2,-175.9,-124.7,-154.0,3.0,46.2,6.0,0.7,0.3,0.3,-38.1,17.8,27.9,-4.5,3.0,52.1,6.0,0.7,0.3,0.3,-123.1,-107.0,-76.1,-99.8,3.0,35.0,6.0,0.7,0.3,0.3,-23.1,10.9,19.2,-1.7,3.0,32.9,6.0,0.7,0.3,0.3,-37.9,-35.5,-30.6,-34.3,3.0,5.4,6.0,0.7,0.3,0.3,-8.1,5.0,5.9,-1.0,3.0,11.5,6.0,0.7,0.3,0.3,165.5,373.0,373.0,272.0,3.0,175.5,6.0,0.7,0.3,0.3,165.0,375.0,375.0,270.0,3.0,175.0,6.0,0.7,0.3,0.3
1974,2,306.0,13.0,26.0,26.0,26.0,26.0,1.0,0.0,20.0,0.0,0.1,0.1,25.0,25.0,25.0,25.0,1.0,0.0,20.0,0.0,0.1,0.1,13.94,13.94,13.94,13.94,1.0,0.0,20.0,0.0,0.1,0.1,70.6,70.6,70.6,70.6,1.0,0.0,20.0,0.0,0.1,7.2,7.2,7.2,7.2,1.0,0.0,20.0,0.0,0.1,0.1,-7.09,-7.09,-7.09,-7.09,1.0,0.0,20.0,0.0,0.1,0.1,1.25,1.25,1.25,1.25,1.0,0.0,20.0,0.0,0.1,0.1,1011.2,1011.2,1011.2,1011.2,1.0,0.0,20.0,0.0,0.1,0.1,1.0,1.0,1.0,1.0,1.0,0.0,20.0,0.0,0.1,0.1,-51.1,-51.1,-51.1,-51.1,1.0,0.0,20.0,0.0,0.1,0.1,9.0,9.0,9.0,9.0,1.0,0.0,20.0,0.0,0.1,0.1,1.0,1.0,1.0,1.0,1.0,0.0,20.0,0.0,0.1,0.1,7.2,7.2,7.2,7.2,1.0,0.0,20.0,0.0,0.1,0.1,7.1,7.1,7.1,7.1,1.0,0.0,20.0,0.0,0.1,0.1,51.1,51.1,51.1,51.1,1.0,0.0,20.0,0.0,0.1,0.1,-177.3,-177.3,-177.3,-177.3,1.0,0.0,20.0,0.0,0.1,0.1,31.3,31.3,31.3,31.3,1.0,0.0,20.0,0.0,0.1,0.1,-98.9,-98.9,-98.9,-98.9,1.0,0.0,20.0,0.0,0.1,0.1,17.4,17.4,17.4,17.4,1.0,0.0,20.0,0.0,0.1,0.1,-50.3,-50.3,-50.3,-50.3,1.0,0.0,20.0,0.0,0.1,0.1,8.9,8.9,8.9,8.9,1.0,0.0,20.0,0.0,0.1,0.1,373.0,373.0,373.0,373.0,1.0,0.0,20.0,0.0,0.1,0.1,375.0,375.0,375.0,375.0,1.0,0.0,20.0,0.0,0.1,0.1
1974,2,306.0,14.0,25.0,25.9,26.32,25.74,5.0,0.74,12.0,0.6,0.3,0.4,24.5,24.6,25.17,24.83,6.0,0.51,12.0,0.5,0.3,0.4,13.95,14.38,15.4,14.58,6.0,0.7,12.0,0.5,0.3,0.4,72.7,74.7,76.2,74.8,6.0,3.2,12.0,0.5,0.4,4.6,6.2,9.3,6.7,6.0,2.14,12.0,0.5,0.3,0.4,-8.05,-5.47,-4.42,-5.93,6.0,1.8,12.0,0.5,0.3,0.4,-4.65,-3.14,0.16,-2.46,6.0,2.39,12.0,0.5,0.3,0.4,1013.38,1014.6,1015.6,1014.33,6.0,1.66,12.0,0.5,0.3,0.4,1.0,2.0,4.0,2.3,6.0,1.4,12.0,0.5,0.3,0.4,-74.9,-33.9,-20.3,-42.8,6.0,25.8,12.0,0.5,0.3,0.4,-43.2,-17.6,0.8,-19.7,6.0,20.7,12.0,0.5,0.3,0.4,0.23,0.5,1.82,0.94,5.0,0.91,12.0,0.6,0.3,0.4,1.0,4.7,13.8,7.4,5.0,8.2,12.0,0.6,0.3,0.4,4.92,5.41,7.29,5.95,5.0,1.35,12.0,0.6,0.3,0.4,24.6,40.8,53.8,40.9,5.0,19.0,12.0,0.6,0.3,0.4,-197.3,-135.7,-110.0,-146.8,6.0,43.0,12.0,0.5,0.3,0.4,-113.9,-78.5,4.1,-60.8,6.0,58.6,12.0,0.5,0.3,0.4,-116.6,-76.2,-65.0,-86.4,6.0,26.9,12.0,0.5,0.3,0.4,-67.3,-45.7,2.4,-36.2,6.0,35.0,12.0,0.5,0.3,0.4,-44.8,-33.7,-22.9,-35.1,5.0,15.8,12.0,0.6,0.3,0.4,-30.9,-20.4,-6.4,-18.5,5.0,15.3,12.0,0.6,0.3,0.4,97.5,238.5,804.5,380.0,6.0,334.5,12.0,0.5,0.3,0.4,95.0,240.0,805.0,380.0,6.0,335.0,12.0,0.5,0.3,0.4
1974,2,306.0,15.0,25.16,26.0,27.05,26.19,7.0,1.19,16.0,0.7,0.6,0.5,24.43,25.2,26.26,25.3,7.0,1.4,16.0,0.7,0.6,0.5,13.59,14.33,15.07,14.35,6.0,0.78,14.0,0.8,0.6,0.5,66.8,70.7,83.9,73.1,7.0,7.9,16.0,0.7,0.5,7.55,10.3,11.3,9.03,7.0,2.47,16.0,0.7,0.6,0.5,-9.86,-8.92,-7.06,-8.24,7.0,2.53,16.0,0.7,0.6,0.5,-5.17,-2.63,2.98,-1.37,7.0,3.66,16.0,0.7,0.6,0.5,1014.41,1014.9,1016.1,1015.1,6.0,1.01,14.0,0.8,0.6,0.5,3.0,5.0,6.1,4.7,7.0,2.0,16.0,0.7,0.6,0.5,-111.4,-91.9,-53.8,-79.6,7.0,38.7,16.0,0.7,0.6,0.5,-53.6,-20.3,14.7,-15.4,7.0,35.5,16.0,0.7,0.6,0.5,-0.51,-0.2,2.33,0.89,7.0,2.08,16.0,0.7,0.6,0.5,-4.0,-1.8,18.6,8.8,7.0,20.7,16.0,0.7,0.6,0.5,5.49,6.82,7.79,6.78,6.0,1.41,14.0,0.8,0.6,0.5,50.6,57.4,86.1,62.8,6.0,22.6,14.0,0.8,0.6,0.5,-248.4,-222.6,-173.1,-207.6,7.0,61.9,16.0,0.7,0.6,0.5,-135.3,-64.5,75.9,-36.8,7.0,91.9,16.0,0.7,0.6,0.5,-145.5,-134.3,-96.0,-120.9,6.0,39.1,14.0,0.8,0.6,0.5,-76.6,-19.7,42.7,-17.1,6.0,56.8,14.0,0.8,0.6,0.5,-76.0,-54.9,-44.3,-57.0,6.0,21.9,14.0,0.8,0.6,0.5,-31.7,-9.6,21.4,-6.7,6.0,28.5,14.0,0.8,0.6,0.5,439.5,1092.5,1443.0,869.0,7.0,531.5,16.0,0.7,0.6,0.5,440.0,1095.0,1445.0,870.0,7.0,530.0,16.0,0.7,0.6,0.5
1974,2,306.0,16.0,24.38,24.9,25.21,24.8,4.0,0.59,18.0,0.8,0.6,0.6,24.76,25.9,26.62,25.7,4.0,1.27,18.0,0.8,0.6,0.6,13.2,13.86,14.73,13.96,4.0,1.01,18.0,0.8,0.6,0.6,65.3,69.5,70.9,68.2,4.0,4.6,18.0,0.8,0.6,6.94,7.95,11.16,9.0,4.0,3.05,18.0,0.8,0.6,0.6,-10.16,-7.67,-6.52,-8.31,4.0,2.41,18.0,0.8,0.6,0.6,-4.6,-1.9,0.57,-2.01,4.0,3.76,18.0,0.8,0.6,0.6,1015.4,1015.85,1017.67,1016.5,4.0,1.71,18.0,0.8,0.6,0.6,2.5,4.0,6.0,4.3,4.0,2.2,18.0,0.8,0.6,0.6,-117.0,-61.6,-45.3,-80.2,4.0,52.1,18.0,0.8,0.6,0.6,-54.3,-14.2,3.0,-25.1,4.0,45.7,18.0,0.8,0.6,0.6,-1.71,-0.8,-0.1,-0.9,4.0,0.96,18.0,0.8,0.6,0.6,-13.6,-5.4,-0.7,-7.1,4.0,8.0,18.0,0.8,0.6,0.6,4.93,5.88,6.07,5.52,4.0,0.87,18.0,0.8,0.6,0.6,35.7,48.3,65.1,50.3,4.0,20.0,18.0,0.8,0.6,0.6,-256.1,-202.3,-168.9,-212.0,4.0,53.3,18.0,0.8,0.6,0.6,-112.8,-50.4,13.6,-49.6,4.0,91.7,18.0,0.8,0.6,0.6,-133.6,-106.2,-95.9,-114.3,4.0,25.2,18.0,0.8,0.6,0.6,-61.8,-27.7,8.5,-26.7,4.0,49.8,18.0,0.8,0.6,0.6,-59.4,-46.6,-33.5,-46.5,4.0,16.7,18.0,0.8,0.6,0.6,-24.6,-9.5,3.4,-10.5,4.0,21.7,18.0,0.8,0.6,0.6,335.5,516.0,1574.0,934.5,4.0,993.0,18.0,0.8,0.6,0.6,335.0,515.0,1575.0,935.0,4.0,995.0,18.0,0.8,0.6,0.6
1974,2,306.0,17.0,24.46,25.0,26.41,25.48,5.0,1.48,16.0,0.8,0.4,0.4,23.63,24.4,26.53,25.0,5.0,1.86,16.0,0.8,0.4,0.4,14.15,15.06,16.43,15.28,4.0,1.61,14.0,0.8,0.4,0.4,72.6,74.4,87.0,79.0,5.0,8.8,16.0,0.8,0.4,8.02,8.2,9.22,8.66,5.0,1.33,16.0,0.8,0.4,0.4,-9.16,-8.08,-6.66,-8.02,5.0,1.82,16.0,0.8,0.4,0.4,-2.71,-1.42,1.81,-0.5,5.0,3.38,16.0,0.8,0.4,0.4,1012.17,1017.15,1018.89,1015.6,4.0,4.93,14.0,0.8,0.4,0.4,3.0,4.0,5.5,4.4,5.0,2.1,16.0,0.8,0.4,0.4,-86.2,-66.2,-53.6,-71.3,5.0,28.2,16.0,0.8,0.4,0.4,-25.6,-11.7,13.9,-5.6,5.0,27.4,16.0,0.8,0.4,0.4,-0.17,0.5,1.21,0.48,5.0,0.86,16.0,0.8,0.4,0.4,-1.2,4.1,11.7,4.6,5.0,7.6,16.0,0.8,0.4,0.4,3.57,4.37,4.96,4.27,4.0,1.08,14.0,0.8,0.4,0.4,32.5,34.8,40.6,36.5,4.0,6.0,14.0,0.8,0.4,0.4,-221.9,-193.8,-175.3,-199.3,5.0,40.6,16.0,0.8,0.4,0.4,-71.2,-34.2,46.6,-13.4,5.0,89.1,16.0,0.8,0.4,0.4,-156.6,-115.4,-99.6,-127.5,4.0,42.7,14.0,0.8,0.4,0.4,-26.6,-9.7,39.8,5.8,4.0,48.7,14.0,0.8,0.4,0.4,-40.3,-33.4,-28.3,-34.2,4.0,7.9,14.0,0.8,0.4,0.4,-6.7,-2.7,11.4,2.1,4.0,13.5,14.0,0.8,0.4,0.4,516.5,551.5,836.0,688.5,5.0,361.5,16.0,0.8,0.4,0.4,515.0,550.0,835.0,690.0,5.0,360.0,16.0,0.8,0.4,0.4
1974,2,306.0,18.0,24.04,24.5,25.06,24.84,10.0,1.19,16.0,0.4,0.5,0.5,23.29,24.0,24.54,23.88,11.0,0.8,16.0,0.5,0.5,0.5,13.09,14.05,15.15,14.02,10.0,1.14,16.0,0.4,0.5,0.5,70.4,78.0,81.3,76.4,10.0,6.1,16.0,0.4,0.5,3.98,6.7,8.41,6.82,11.0,2.71,16.0,0.5,0.5,0.5,-7.9,-6.6,-3.52,-6.43,11.0,2.92,16.0,0.5,0.5,0.5,-2.7,-1.16,1.51,-0.77,11.0,1.98,16.0,0.5,0.5,0.5,1015.39,1016.7,1018.62,1016.94,11.0,1.64,16.0,0.5,0.5,0.5,1.6,3.0,7.4,4.0,11.0,2.7,16.0,0.5,0.5,0.5,-66.5,-44.2,-15.0,-51.0,11.0,39.4,16.0,0.5,0.5,0.5,-24.2,-7.8,6.1,-8.9,11.0,13.6,16.0,0.5,0.5,0.5,-0.26,0.3,1.61,0.97,10.0,1.93,16.0,0.4,0.5,0.5,-1.4,1.5,13.5,10.5,10.0,23.1,16.0,0.4,0.5,0.5,3.81,5.14,6.75,5.53,10.0,1.98,16.0,0.4,0.5,0.5,22.1,39.4,51.1,43.1,10.0,31.7,16.0,0.4,0.5,0.5,-186.2,-163.0,-86.2,-152.0,11.0,64.8,16.0,0.5,0.5,0.5,-65.5,-27.3,37.0,-17.7,11.0,47.3,16.0,0.5,0.5,0.5,-117.6,-98.4,-72.8,-95.5,10.0,36.0,16.0,0.4,0.5,0.5,-35.8,-21.6,10.2,-14.0,10.0,24.7,16.0,0.4,0.5,0.5,-48.0,-37.9,-22.0,-41.4,10.0,31.5,16.0,0.4,0.5,0.5,-17.5,-10.2,2.4,-7.9,10.0,10.4,16.0,0.4,0.5,0.5,69.5,301.0,595.5,457.5,11.0,510.0,16.0,0.5,0.5,0.5,70.0,300.0,595.0,455.0,11.0,510.0,16.0,0.5,0.5,0.5
1974,2,306.0,19.0,23.71,24.75,25.0,24.38,4.0,0.95,14.0,0.3,0.6,0.5,22.65,23.0,23.68,23.14,5.0,0.62,14.0,0.4,0.5,0.6,13.58,14.69,15.8,14.69,2.0,2.3,18.0,0.5,0.4,0.3,79.6,86.9,87.7,83.7,3.0,6.5,14.0,0.3,0.4,6.44,6.7,7.88,7.06,5.0,0.88,14.0,0.4,0.5,0.6,-7.18,-6.3,-4.38,-5.68,5.0,2.69,14.0,0.4,0.5,0.6,-2.86,-1.42,3.61,0.13,5.0,3.94,14.0,0.4,0.5,0.6,1016.13,1016.2,1018.66,1017.37,3.0,2.11,18.0,0.3,0.5,0.5,2.6,4.0,5.5,4.2,5.0,2.3,14.0,0.4,0.5,0.6,-56.8,-42.2,-29.1,-41.6,5.0,22.1,14.0,0.4,0.5,0.6,-20.6,-11.7,22.7,-1.2,5.0,26.2,14.0,0.4,0.5,0.6,-0.02,1.35,2.41,1.2,4.0,1.45,14.0,0.3,0.6,0.5,-0.6,9.5,16.3,7.9,4.0,10.1,14.0,0.3,0.6,0.5,3.41,4.7,5.98,4.7,2.0,2.66,18.0,0.5,0.4,0.3,23.9,34.8,45.6,34.8,2.0,22.5,18.0,0.5,0.4,0.3,-165.8,-151.1,-100.4,-132.2,5.0,63.4,14.0,0.4,0.5,0.6,-65.5,-33.5,83.2,2.7,5.0,89.6,14.0,0.4,0.5,0.6,-100.2,-94.9,-89.6,-94.9,2.0,11.0,18.0,0.5,0.4,0.3,-36.4,-6.5,23.5,-6.5,2.0,62.0,18.0,0.5,0.4,0.3,-39.7,-30.8,-21.9,-30.8,2.0,18.5,18.0,0.5,0.4,0.3,-20.3,-9.4,1.4,-9.4,2.0,22.5,18.0,0.5,0.4,0.3,270.0,301.0,491.0,365.0,5.0,135.5,14.0,0.4,0.5,0.6,270.0,300.0,490.0,365.0,5.0,135.0,14.0,0.4,0.5,0.6
1974,2,306.0,20.0,24.0,24.4,25.73,24.67,9.0,0.94,18.0,0.4,0.7,0.5,22.28,23.5,24.87,23.49,9.0,1.22,18.0,0.4,0.7,0.5,12.5,13.79,14.43,13.6,8.0,1.24,18.0,0.5,0.7,0.5,69.0,75.7,81.1,75.2,8.0,8.1,18.0,0.5,0.5,4.78,7.2,10.57,7.58,8.0,2.75,18.0,0.5,0.7,0.5,-9.0,-5.48,-3.99,-5.93,8.0,2.88,18.0,0.5,0.7,0.5,-5.28,-0.36,2.28,-0.75,8.0,4.91,18.0,0.5,0.7,0.5,1017.32,1020.4,1022.89,1020.28,9.0,3.01,18.0,0.4,0.7,0.5,1.0,4.0,6.5,3.6,9.0,2.7,18.0,0.4,0.7,0.5,-98.2,-35.3,-16.8,-49.9,8.0,38.9,18.0,0.5,0.7,0.5,-55.1,-1.5,12.9,-12.2,8.0,45.9,18.0,0.5,0.7,0.5,0.08,1.0,2.5,1.18,9.0,1.31,18.0,0.4,0.7,0.5,0.3,3.2,16.2,8.5,8.0,13.7,18.0,0.5,0.7,0.5,4.57,5.52,7.15,5.87,8.0,1.46,18.0,0.5,0.7,0.5,24.1,36.5,82.2,47.2,8.0,28.0,18.0,0.5,0.7,0.5,-216.7,-124.7,-94.4,-140.6,8.0,69.2,18.0,0.5,0.7,0.5,-119.2,-8.9,53.3,-18.1,8.0,116.2,18.0,0.5,0.7,0.5,-114.5,-78.4,-57.8,-78.6,8.0,33.6,18.0,0.5,0.7,0.5,-66.4,-5.4,32.8,-7.7,8.0,62.9,18.0,0.5,0.7,0.5,-64.4,-27.1,-17.2,-37.6,8.0,26.0,18.0,0.5,0.7,0.5,-43.2,-2.0,11.1,-8.1,8.0,31.2,18.0,0.5,0.7,0.5,113.0,378.5,1193.0,590.5,8.0,573.5,18.0,0.5,0.7,0.5,115.0,380.0,1195.0,590.0,8.0,575.0,18.0,0.5,0.7,0.5
1974,2,306.0,21.0,23.74,24.0,24.91,24.38,6.0,1.09,18.0,0.5,0.7,0.4,23.07,23.6,26.07,24.24,7.0,1.82,16.0,0.4,0.7,0.4,13.5,13.65,16.1,14.49,7.0,1.54,16.0,0.4,0.7,0.4,74.1,75.4,78.7,77.1,7.0,5.2,16.0,0.4,0.4,5.05,6.2,6.75,6.1,7.0,1.18,16.0,0.4,0.7,0.4,-6.74,-6.2,-3.67,-5.25,7.0,2.58,16.0,0.4,0.7,0.4,-1.38,0.0,1.58,0.56,7.0,2.38,16.0,0.4,0.7,0.4,1017.1,1017.8,1021.01,1018.51,7.0,2.22,16.0,0.4,0.7,0.4,2.0,2.0,5.0,3.1,7.0,1.9,16.0,0.4,0.7,0.4,-45.5,-38.4,-15.0,-33.9,7.0,19.6,16.0,0.4,0.7,0.4,-10.5,0.0,7.6,1.8,7.0,13.4,16.0,0.4,0.7,0.4,-2.31,0.55,1.49,-0.05,6.0,2.34,18.0,0.5,0.7,0.4,-15.5,3.2,9.9,-1.1,6.0,14.6,18.0,0.5,0.7,0.4,2.4,5.1,5.56,4.36,6.0,1.6,18.0,0.5,0.7,0.4,16.1,24.3,35.7,26.1,6.0,11.0,18.0,0.5,0.7,0.4,-173.2,-146.3,-86.6,-127.9,7.0,63.5,16.0,0.4,0.7,0.4,-31.5,0.0,37.2,12.1,7.0,57.6,16.0,0.4,0.7,0.4,-102.9,-84.0,-50.0,-74.9,7.0,37.6,16.0,0.4,0.7,0.4,-17.6,0.0,22.0,8.6,7.0,37.0,16.0,0.4,0.7,0.4,-35.6,-17.3,-11.2,-20.7,6.0,15.0,18.0,0.5,0.7,0.4,-5.6,0.0,11.3,3.9,6.0,13.4,18.0,0.5,0.7,0.4,129.5,238.5,308.0,248.0,7.0,125.5,16.0,0.4,0.7,0.4,130.0,240.0,310.0,250.0,7.0,125.0,16.0,0.4,0.7,0.4
1974,2,306.0,22.0,22.95,23.85,24.0,23.79,12.0,1.16,14.0,0.5,0.5,0.3,22.28,23.3,24.0,23.35,13.0,1.17,14.0,0.5,0.5,0.3,12.71,13.41,14.04,13.39,8.0,0.68,14.0,0.4,0.5,0.3,69.6,77.8,80.9,75.7,8.0,5.6,14.0,0.4,0.3,5.1,6.2,7.75,6.4,13.0,1.93,14.0,0.5,0.5,0.3,-6.15,-5.02,-3.84,-4.83,13.0,2.06,14.0,0.5,0.5,0.3,-1.14,2.55,5.15,1.78,13.0,3.9,14.0,0.5,0.5,0.3,1016.88,1020.0,1022.55,1019.45,13.0,2.73,14.0,0.5,0.5,0.3,2.9,4.0,7.0,4.6,13.0,2.0,14.0,0.5,0.5,0.3,-47.5,-25.6,-21.0,-32.8,13.0,21.2,14.0,0.5,0.5,0.3,-6.4,13.0,39.2,14.6,13.0,31.8,14.0,0.5,0.5,0.3,-0.2,0.45,1.63,0.42,12.0,1.54,14.0,0.5,0.5,0.3,-1.2,2.3,9.6,2.1,12.0,10.0,14.0,0.5,0.5,0.3,3.85,4.79,5.42,5.11,8.0,1.99,14.0,0.4,0.5,0.3,20.2,26.7,42.7,28.5,8.0,12.7,14.0,0.4,0.5,0.3,-159.7,-119.5,-85.7,-113.1,13.0,49.7,14.0,0.5,0.5,0.3,-27.9,57.4,115.7,40.5,13.0,90.7,14.0,0.5,0.5,0.3,-74.4,-58.4,-53.9,-63.0,8.0,20.7,14.0,0.4,0.5,0.3,-11.9,16.1,42.6,11.5,8.0,41.7,14.0,0.4,0.5,0.3,-40.7,-23.3,-13.0,-24.7,8.0,13.0,14.0,0.4,0.5,0.3,-4.6,6.6,17.7,5.8,8.0,13.6,14.0,0.4,0.5,0.3,132.5,238.5,465.5,331.0,13.0,314.0,14.0,0.5,0.5,0.3,135.0,240.0,465.0,330.0,13.0,315.0,14.0,0.5,0.5,0.3
1974,2,306.0,23.0,23.0,23.65,24.94,23.59,14.0,1.07,12.0,0.7,0.5,0.6,22.18,23.0,23.73,23.18,13.0,1.38,12.0,0.7,0.5,0.6,12.37,13.58,14.53,13.56,12.0,1.83,12.0,0.8,0.5,0.6,68.9,78.6,84.2,76.9,12.0,7.7,12.0,0.8,0.6,6.72,8.1,10.24,7.94,14.0,1.98,12.0,0.7,0.5,0.6,-9.23,-6.49,-3.13,-5.9,14.0,3.54,12.0,0.7,0.5,0.6,-2.73,0.0,6.73,0.92,14.0,4.57,12.0,0.7,0.5,0.6,1016.83,1018.85,1019.39,1018.98,14.0,2.51,12.0,0.7,0.5,0.6,1.9,5.0,6.0,4.4,13.0,2.4,12.0,0.8,0.5,0.6,-85.3,-48.2,-20.1,-51.8,14.0,34.8,12.0,0.7,0.5,0.6,-21.1,0.0,47.0,10.3,14.0,37.8,12.0,0.7,0.5,0.6,-0.71,1.0,1.91,0.38,13.0,1.94,12.0,0.7,0.5,0.6,-6.4,8.2,12.6,3.3,13.0,15.1,12.0,0.7,0.5,0.6,2.73,4.81,6.56,4.53,12.0,2.27,12.0,0.8,0.5,0.6,14.4,38.1,52.2,36.6,12.0,21.3,12.0,0.8,0.5,0.6,-216.1,-160.4,-63.2,-134.5,13.0,85.2,12.0,0.7,0.5,0.6,-66.4,0.0,156.5,26.8,13.0,108.2,12.0,0.7,0.5,0.6,-128.6,-96.7,-45.7,-83.8,12.0,48.8,12.0,0.8,0.5,0.6,-40.5,0.0,69.0,11.1,12.0,63.3,12.0,0.8,0.5,0.6,-52.2,-26.1,-7.9,-29.5,12.0,25.2,12.0,0.8,0.5,0.6,-6.8,0.0,15.0,0.8,12.0,18.0,12.0,0.8,0.5,0.6,303.5,531.5,1074.5,582.5,14.0,357.0,12.0,0.7,0.5,0.6,305.0,530.0,1075.0,585.0,14.0,355.0,12.0,0.7,0.5,0.6
1974,2,306.0,24.0,22.6,23.0,23.99,23.16,20.0,0.94,12.0,0.5,0.6,0.5,21.75,22.5,23.55,22.68,23.0,1.0,14.0,0.5,0.6,0.5,11.31,12.51,13.35,12.27,18.0,1.18,14.0,0.5,0.6,0.5,64.9,75.2,78.4,72.2,19.0,8.4,14.0,0.5,0.5,4.02,6.0,7.95,5.99,21.0,2.06,14.0,0.5,0.6,0.5,-7.03,-5.14,-2.65,-4.94,21.0,2.71,14.0,0.5,0.6,0.5,-3.79,0.0,2.51,-0.25,21.0,2.97,14.0,0.5,0.6,0.5,1017.42,1019.0,1022.68,1019.72,21.0,2.9,12.0,0.4,0.6,0.5,2.0,3.0,6.0,4.0,23.0,2.2,14.0,0.5,0.6,0.5,-57.0,-30.5,-10.2,-34.1,21.0,26.1,14.0,0.5,0.6,0.5,-29.6,0.0,14.6,-4.1,21.0,20.7,14.0,0.5,0.6,0.5,-0.6,0.2,1.3,0.46,20.0,1.48,12.0,0.5,0.6,0.5,-5.1,1.0,6.1,0.1,18.0,7.1,14.0,0.5,0.6,0.5,3.89,4.93,6.19,5.1,16.0,1.24,14.0,0.5,0.6,0.5,23.0,28.3,43.3,31.9,16.0,14.6,14.0,0.5,0.6,0.5,-157.5,-119.0,-58.6,-113.2,21.0,64.1,14.0,0.5,0.6,0.5,-86.6,0.0,54.9,-5.5,21.0,66.6,14.0,0.5,0.6,0.5,-85.1,-69.0,-40.7,-64.4,18.0,26.8,14.0,0.5,0.6,0.5,-49.1,0.0,30.5,-6.6,18.0,38.1,14.0,0.5,0.6,0.5,-41.5,-27.4,-18.4,-28.7,16.0,16.1,14.0,0.5,0.6,0.5,-15.0,0.0,9.7,-2.6,16.0,12.5,14.0,0.5,0.6,0.5,65.0,216.0,502.5,288.5,21.0,275.5,14.0,0.5,0.6,0.5,65.0,215.0,500.0,290.0,21.0,275.0,14.0,0.5,0.6,0.5
1974,2,306.0,25.0,22.35,23.05,23.62,23.08,16.0,1.02,16.0,0.7,0.6,0.5,20.7,21.8,22.99,21.65,20.0,1.33,16.0,0.6,0.6,0.5,11.25,12.1,13.07,12.19,12.0,1.07,18.0,0.6,0.7,0.4,67.4,75.1,86.4,76.2,13.0,9.2,18.0,0.6,0.4,4.09,6.0,7.7,5.9,19.0,1.92,16.0,0.6,0.6,0.5,-6.94,-4.53,-0.21,-3.73,19.0,4.18,16.0,0.6,0.6,0.5,-3.64,-1.22,1.83,-0.94,19.0,2.72,16.0,0.6,0.6,0.5,1018.49,1020.4,1023.35,1020.83,17.0,2.67,16.0,0.6,0.6,0.5,1.0,3.0,7.0,3.9,19.0,2.6,16.0,0.7,0.6,0.5,-52.0,-24.9,-1.2,-26.3,19.0,32.5,16.0,0.6,0.6,0.5,-21.1,-4.8,9.2,-6.9,19.0,19.6,16.0,0.6,0.6,0.5,0.47,1.5,2.55,1.35,16.0,1.35,16.0,0.7,0.6,0.5,1.7,6.9,16.0,6.6,15.0,10.5,16.0,0.7,0.6,0.5,4.19,5.41,5.93,5.12,11.0,0.96,18.0,0.5,0.7,0.4,18.5,20.6,35.9,26.4,11.0,10.2,18.0,0.5,0.7,0.4,-151.5,-101.3,-4.1,-83.6,19.0,88.7,16.0,0.6,0.6,0.5,-69.8,-26.5,39.1,-19.1,19.0,60.4,16.0,0.6,0.6,0.5,-81.4,-57.1,-25.6,-50.2,12.0,35.8,18.0,0.6,0.7,0.4,-34.4,-14.3,26.7,-7.6,12.0,29.9,18.0,0.6,0.7,0.4,-33.3,-19.2,-9.7,-19.7,11.0,16.9,18.0,0.5,0.7,0.4,-13.1,-3.5,10.4,-2.1,11.0,12.4,18.0,0.5,0.7,0.4,68.0,216.0,456.5,272.5,19.0,295.5,16.0,0.6,0.6,0.5,70.0,215.0,455.0,275.0,19.0,295.0,16.0,0.6,0.6,0.5
1974,2,306.0,26.0,21.34,22.0,22.89,21.96,15.0,1.07,14.0,0.7,0.5,0.5,20.65,22.4,23.29,22.15,16.0,1.28,14.0,0.7,0.5,0.5,9.64,12.12,13.51,11.82,13.0,1.62,14.0,0.6,0.6,0.5,64.5,73.6,78.7,72.2,13.0,8.9,14.0,0.6,0.5,2.29,4.6,7.32,4.85,16.0,2.58,14.0,0.7,0.5,0.5,-5.53,-2.7,-0.44,-2.71,16.0,2.58,14.0,0.7,0.5,0.5,-5.54,-1.99,3.46,-1.11,16.0,3.99,14.0,0.7,0.5,0.5,1018.93,1020.5,1024.82,1021.38,16.0,2.59,14.0,0.7,0.5,0.5,0.4,3.0,4.6,2.9,16.0,2.2,14.0,0.7,0.5,0.5,-42.8,-13.4,-0.8,-17.9,16.0,20.6,14.0,0.7,0.5,0.5,-37.2,-6.2,15.5,-7.8,16.0,27.2,14.0,0.7,0.5,0.5,-1.76,0.0,1.38,-0.15,15.0,1.47,14.0,0.7,0.5,0.5,-7.3,0.0,9.1,-0.8,15.0,9.9,14.0,0.7,0.5,0.5,2.91,4.12,6.03,4.41,12.0,1.45,14.0,0.6,0.6,0.5,9.6,17.2,43.2,21.3,12.0,15.0,14.0,0.6,0.6,0.5,-122.8,-57.4,-8.9,-60.4,16.0,57.8,14.0,0.7,0.5,0.5,-112.3,-45.2,79.8,-22.3,16.0,87.8,14.0,0.7,0.5,0.5,-51.3,-31.2,-13.3,-34.1,13.0,26.9,14.0,0.6,0.6,0.5,-50.1,-23.6,30.9,-11.0,13.0,45.5,14.0,0.6,0.6,0.5,-23.3,-12.3,-4.4,-13.9,12.0,10.3,14.0,0.6,0.6,0.5,-24.7,-2.8,9.6,-5.7,12.0,19.2,14.0,0.6,0.6,0.5,12.5,97.5,397.5,203.0,16.0,221.0,14.0,0.7,0.5,0.5,10.0,95.0,395.0,205.0,16.0,220.0,14.0,0.7,0.5,0.5
1974,2,306.0,27.0,21.2,22.0,22.93,22.14,22.0,1.11,14.0,0.5,0.5,0.5,20.0,21.3,22.56,21.42,25.0,1.7,14.0,0.5,0.5,0.5,10.74,11.9,13.25,11.84,11.0,1.31,16.0,0.5,0.5,0.5,68.9,77.9,81.2,76.4,11.0,7.8,16.0,0.5,0.5,3.1,4.8,6.8,5.02,24.0,2.24,14.0,0.5,0.5,0.5,-4.99,-3.08,2.64,-1.96,24.0,3.77,14.0,0.5,0.5,0.5,-1.25,0.0,3.47,0.33,24.0,3.6,14.0,0.5,0.5,0.5,1018.17,1022.0,1025.35,1021.78,23.0,4.2,14.0,0.5,0.5,0.5,1.0,3.5,6.7,3.6,22.0,2.6,14.0,0.6,0.4,0.5,-28.1,-10.9,10.0,-13.7,24.0,28.5,14.0,0.5,0.5,0.5,-7.1,0.0,16.7,-1.6,24.0,29.4,14.0,0.5,0.5,0.5,-1.13,0.9,2.2,0.7,22.0,2.33,14.0,0.5,0.5,0.5,-6.9,4.0,15.0,5.9,21.0,14.9,14.0,0.4,0.5,0.5,2.71,4.23,6.02,4.27,11.0,1.82,16.0,0.5,0.5,0.5,9.3,20.7,28.1,21.8,10.0,12.8,14.0,0.5,0.5,0.5,-104.2,-63.3,56.8,-40.7,24.0,79.4,14.0,0.5,0.5,0.5,-28.2,0.0,74.2,9.6,24.0,73.8,14.0,0.5,0.5,0.5,-75.7,-39.4,-28.7,-43.6,10.0,43.4,14.0,0.5,0.5,0.5,-15.3,0.0,30.4,3.2,10.0,48.9,14.0,0.5,0.5,0.5,-23.5,-14.7,-6.7,-13.1,10.0,17.8,14.0,0.5,0.5,0.5,-6.5,0.0,8.5,-0.9,10.0,13.6,14.0,0.5,0.5,0.5,30.0,111.0,315.5,214.0,24.0,377.0,14.0,0.5,0.5,0.5,30.0,110.0,315.0,215.0,24.0,375.0,14.0,0.5,0.5,0.5
1974,2,306.0,28.0,20.7,21.05,21.48,21.13,12.0,0.9,18.0,0.6,0.6,0.5,20.0,21.05,21.98,21.01,14.0,1.04,18.0,0.6,0.6,0.5,10.7,12.13,14.48,12.45,8.0,2.08,18.0,0.6,0.6,0.6,68.0,82.1,91.6,80.6,8.0,13.1,18.0,0.6,0.6,3.19,5.1,6.7,5.46,14.0,2.24,18.0,0.6,0.6,0.5,-4.58,-2.28,2.26,-1.47,14.0,3.59,18.0,0.6,0.6,0.5,-0.24,0.97,5.11,0.8,14.0,4.61,18.0,0.6,0.6,0.5,1017.95,1023.4,1025.12,1022.64,13.0,3.95,16.0,0.6,0.6,0.5,2.8,3.0,6.1,3.8,13.0,2.2,18.0,0.6,0.6,0.5,-28.8,-9.5,13.7,-9.0,14.0,21.4,18.0,0.6,0.6,0.5,-0.4,3.3,33.8,0.7,14.0,36.5,18.0,0.6,0.6,0.5,-1.15,0.4,1.55,0.28,12.0,1.33,18.0,0.6,0.6,0.5,-7.3,1.7,7.8,1.2,12.0,7.9,18.0,0.6,0.6,0.5,1.09,3.37,5.49,3.24,8.0,2.37,18.0,0.6,0.6,0.6,5.4,10.1,36.6,17.7,8.0,16.6,18.0,0.6,0.6,0.6,-96.5,-45.7,47.5,-32.3,14.0,76.4,18.0,0.6,0.6,0.5,-4.9,20.0,110.4,18.9,14.0,93.9,18.0,0.6,0.6,0.5,-71.1,-29.0,25.3,-20.4,8.0,57.6,18.0,0.6,0.6,0.6,0.0,31.4,61.9,31.1,8.0,31.5,18.0,0.6,0.6,0.6,-17.4,-2.0,7.5,-3.3,8.0,13.2,18.0,0.6,0.6,0.6,0.0,6.5,28.0,12.9,8.0,16.0,18.0,0.6,0.6,0.6,34.0,132.5,301.0,237.5,14.0,234.5,18.0,0.6,0.6,0.5,35.0,135.0,300.0,235.0,14.0,235.0,18.0,0.6,0.6,0.5
1974,2,306.0,29.0,19.82,20.45,22.06,20.87,18.0,1.42,14.0,0.4,0.6,0.4,19.17,20.5,21.8,20.44,19.0,1.3,16.0,0.5,0.6,0.4,9.22,12.83,13.36,11.88,14.0,1.95,14.0,0.6,0.6,0.4,68.7,81.0,90.3,79.4,14.0,10.9,14.0,0.6,0.4,4.11,5.4,9.28,6.68,20.0,3.12,16.0,0.5,0.6,0.3,-3.35,-1.4,4.94,-0.03,20.0,4.42,16.0,0.5,0.6,0.3,-5.79,1.44,5.96,1.2,20.0,5.97,16.0,0.5,0.6,0.3,1019.31,1022.35,1026.7,1022.59,20.0,4.79,16.0,0.5,0.6,0.3,2.0,4.5,8.0,4.6,20.0,2.6,16.0,0.5,0.6,0.3,-22.4,-5.6,25.6,4.8,20.0,39.4,16.0,0.5,0.6,0.3,-38.7,5.3,48.6,12.5,20.0,63.1,16.0,0.5,0.6,0.3,-1.0,-0.05,1.56,0.35,18.0,1.45,14.0,0.4,0.6,0.4,-5.7,-0.3,9.0,1.2,18.0,10.0,14.0,0.4,0.6,0.4,1.84,3.09,4.82,3.33,14.0,1.75,14.0,0.6,0.6,0.4,9.3,16.6,34.2,19.5,14.0,11.7,14.0,0.6,0.6,0.4,-69.2,-42.6,95.7,-10.2,19.0,79.8,16.0,0.5,0.6,0.4,-92.8,40.3,130.6,38.0,19.0,117.2,16.0,0.5,0.6,0.4,-39.3,-9.9,64.5,3.4,14.0,49.4,14.0,0.6,0.6,0.4,-49.4,26.5,75.6,25.1,14.0,70.6,14.0,0.6,0.6,0.4,-17.9,-2.9,9.4,-3.3,14.0,13.3,14.0,0.6,0.6,0.4,-22.0,6.4,15.0,1.0,14.0,18.9,14.0,0.6,0.6,0.4,69.5,159.0,800.5,510.0,20.0,730.0,16.0,0.5,0.6,0.3,70.0,160.0,800.0,510.0,20.0,730.0,16.0,0.5,0.6,0.3
1974,2,306.0,30.0,20.0,21.2,21.65,20.94,9.0,0.8,12.0,0.3,0.4,0.3,19.0,20.1,21.63,20.35,12.0,1.67,12.0,0.4,0.4,0.3,9.67,11.22,13.68,11.47,9.0,1.93,12.0,0.3,0.4,0.4,67.6,76.4,90.7,78.1,9.0,12.0,12.0,0.3,0.4,7.07,8.2,10.81,8.75,12.0,2.25,12.0,0.4,0.4,0.3,-6.05,6.23,9.61,4.07,12.0,6.85,12.0,0.4,0.4,0.3,-3.44,0.0,6.03,0.59,12.0,4.82,12.0,0.4,0.4,0.3,1014.96,1019.2,1021.41,1018.23,11.0,3.82,12.0,0.5,0.4,0.4,0.7,3.5,6.5,3.8,12.0,2.9,12.0,0.4,0.4,0.3,-41.4,43.3,107.4,44.2,12.0,65.9,12.0,0.4,0.4,0.3,-28.9,0.0,46.3,4.4,12.0,49.9,12.0,0.4,0.4,0.3,-0.57,0.7,2.42,0.61,9.0,2.14,12.0,0.3,0.4,0.3,-6.8,6.1,21.3,6.4,9.0,15.9,12.0,0.3,0.4,0.3,0.63,4.62,6.48,3.99,8.0,2.64,12.0,0.3,0.4,0.3,5.3,36.0,62.3,38.5,8.0,29.5,12.0,0.3,0.4,0.3,-117.4,134.4,193.3,86.5,12.0,135.3,12.0,0.4,0.4,0.3,-69.1,0.0,131.3,13.1,12.0,100.6,12.0,0.4,0.4,0.3,-32.7,80.1,105.3,52.6,9.0,78.1,12.0,0.3,0.4,0.4,-23.2,0.0,79.8,17.7,9.0,56.3,12.0,0.3,0.4,0.4,2.1,26.8,62.2,29.1,8.0,34.4,12.0,0.3,0.4,0.3,-12.5,0.0,9.8,-2.4,8.0,20.1,12.0,0.3,0.4,0.3,355.0,557.5,1288.0,797.0,12.0,629.5,12.0,0.4,0.4,0.3,355.0,560.0,1290.0,795.0,12.0,630.0,12.0,0.4,0.4,0.3
1974,2,306.0,31.0,17.85,20.1,22.0,19.91,18.0,1.75,12.0,0.6,0.6,0.5,17.76,19.2,21.23,19.39,19.0,1.62,14.0,0.5,0.6,0.5,8.6,9.89,12.48,10.28,15.0,1.82,12.0,0.6,0.6,0.5,61.7,74.5,80.5,72.7,15.0,9.5,12.0,0.6,0.5,3.8,7.45,12.48,8.06,18.0,4.46,14.0,0.6,0.6,0.5,-1.57,3.61,11.3,4.22,18.0,6.26,14.0,0.6,0.6,0.5,-3.56,1.19,6.91,1.34,18.0,5.37,14.0,0.6,0.6,0.5,1015.57,1020.3,1026.54,1020.76,19.0,4.89,14.0,0.5,0.6,0.5,1.9,4.0,6.0,3.8,19.0,2.0,14.0,0.5,0.6,0.5,-5.5,19.6,138.6,53.7,18.0,76.5,14.0,0.6,0.6,0.5,-22.0,4.3,74.7,19.4,18.0,63.3,14.0,0.6,0.6,0.5,-1.2,0.3,2.12,0.34,18.0,2.01,12.0,0.6,0.6,0.5,-11.8,3.1,15.1,1.6,17.0,15.7,12.0,0.6,0.6,0.5,1.35,4.04,6.35,3.81,15.0,2.37,12.0,0.6,0.6,0.5,8.0,20.9,43.2,30.4,14.0,32.5,12.0,0.6,0.6,0.5,-32.2,66.8,231.2,86.5,18.0,123.7,14.0,0.6,0.6,0.5,-60.7,24.4,143.7,30.0,18.0,105.1,14.0,0.6,0.6,0.5,0.0,53.1,116.4,60.3,14.0,56.7,12.0,0.6,0.6,0.5,-25.4,19.4,96.4,25.4,14.0,59.4,12.0,0.6,0.6,0.5,0.0,8.7,34.7,20.0,14.0,29.0,12.0,0.6,0.6,0.5,-18.3,0.8,11.9,1.9,14.0,27.8,12.0,0.6,0.6,0.5,57.0,415.0,1947.0,987.5,18.0,1189.5,14.0,0.6,0.6,0.5,55.0,415.0,1945.0,990.0,18.0,1190.0,14.0,0.6,0.6,0.5
1974,2,306.0,32.0,18.91,19.1,21.9,19.66,14.0,1.53,12.0,0.6,0.6,0.4,18.13,19.8,20.39,19.46,14.0,1.53,12.0,0.6,0.6,0.4,8.75,11.4,12.69,10.91,14.0,1.99,12.0,0.6,0.6,0.4,68.4,79.0,87.5,77.5,14.0,10.1,12.0,0.6,0.4,4.6,7.2,10.17,7.45,14.0,3.39,12.0,0.6,0.6,0.4,-1.87,2.8,8.84,3.35,14.0,5.51,12.0,0.6,0.6,0.4,-3.45,2.63,6.71,2.47,14.0,4.71,12.0,0.6,0.6,0.4,1014.06,1018.95,1024.01,1018.54,14.0,5.74,12.0,0.6,0.6,0.4,2.0,5.5,7.9,5.2,14.0,2.5,12.0,0.6,0.6,0.4,-5.8,17.0,90.1,38.0,14.0,64.0,12.0,0.6,0.6,0.4,-15.7,24.6,52.8,28.1,14.0,45.6,12.0,0.6,0.6,0.4,-0.87,0.15,2.15,0.2,14.0,1.7,12.0,0.6,0.6,0.4,-5.0,1.5,15.1,2.0,14.0,13.8,12.0,0.6,0.6,0.4,1.69,3.32,4.13,3.31,14.0,1.37,12.0,0.6,0.6,0.4,10.2,21.6,31.9,23.8,14.0,13.7,12.0,0.6,0.6,0.4,-38.1,51.3,178.3,67.0,14.0,105.6,12.0,0.6,0.6,0.4,-57.9,55.0,134.3,49.9,14.0,90.0,12.0,0.6,0.6,0.4,-19.6,28.1,118.9,40.0,14.0,59.1,12.0,0.6,0.6,0.4,-27.3,27.9,85.1,31.6,14.0,52.5,12.0,0.6,0.6,0.4,-6.0,10.5,25.1,9.3,14.0,20.7,12.0,0.6,0.6,0.4,-13.1,9.0,19.1,5.6,14.0,15.5,12.0,0.6,0.6,0.4,97.5,373.0,1058.5,684.0,14.0,984.5,12.0,0.6,0.6,0.4,95.0,375.0,1060.0,685.0,14.0,985.0,12.0,0.6,0.6,0.4
1974,2,306.0,33.0,18.87,19.2,20.13,19.38,12.0,0.8,14.0,0.4,0.7,0.3,18.18,18.8,20.73,19.38,13.0,1.82,12.0,0.5,0.7,0.3,9.45,11.39,12.71,11.22,11.0,1.49,12.0,0.5,0.7,0.3,71.6,78.2,90.5,80.7,11.0,10.0,12.0,0.5,0.3,7.2,11.3,13.81,10.45,11.0,3.93,12.0,0.5,0.7,0.3,-1.91,8.61,11.84,5.59,11.0,6.85,12.0,0.5,0.7,0.3,-3.49,5.52,9.98,3.7,11.0,6.27,12.0,0.5,0.7,0.3,1014.27,1015.6,1021.12,1017.04,13.0,3.89,12.0,0.5,0.7,0.3,1.0,3.0,7.0,3.4,12.0,2.6,12.0,0.5,0.7,0.3,-13.8,85.2,160.9,78.2,11.0,86.1,12.0,0.5,0.7,0.3,-30.7,39.7,135.0,50.0,11.0,78.7,12.0,0.5,0.7,0.3,-1.05,0.3,1.9,0.21,12.0,2.09,14.0,0.4,0.7,0.3,-17.3,2.6,10.3,-1.2,10.0,26.8,14.0,0.5,0.7,0.3,0.83,2.37,5.0,2.59,11.0,1.79,12.0,0.5,0.7,0.3,9.4,14.8,40.3,24.1,9.0,21.0,12.0,0.6,0.7,0.3,-35.0,168.5,246.9,114.1,11.0,135.6,12.0,0.5,0.7,0.3,-59.3,100.9,207.1,80.1,11.0,127.8,12.0,0.5,0.7,0.3,-30.7,71.0,120.9,51.7,9.0,77.6,12.0,0.6,0.7,0.3,-26.3,50.0,122.4,49.1,9.0,72.2,12.0,0.6,0.7,0.3,-9.5,4.6,25.0,9.2,9.0,26.7,12.0,0.6,0.7,0.3,-11.7,7.7,21.8,5.0,9.0,15.9,12.0,0.6,0.7,0.3,373.0,1443.0,2645.5,1567.0,11.0,1366.5,12.0,0.5,0.7,0.3,375.0,1445.0,2645.0,1565.0,11.0,1365.0,12.0,0.5,0.7,0.3
1974,2,306.0,34.0,17.84,18.9,19.82,18.85,15.0,1.28,16.0,0.4,0.5,0.4,17.15,18.1,19.86,18.44,16.0,1.3,16.0,0.4,0.5,0.5,7.79,9.54,11.92,9.82,14.0,2.03,18.0,0.4,0.5,0.4,65.0,74.6,88.1,75.8,15.0,13.1,16.0,0.4,0.4,4.79,12.3,16.7,11.31,16.0,5.73,16.0,0.4,0.5,0.5,0.0,5.86,14.64,6.52,16.0,6.82,16.0,0.4,0.5,0.5,0.0,3.14,11.42,5.05,16.0,7.09,16.0,0.4,0.5,0.5,1010.89,1020.1,1024.86,1018.74,15.0,6.22,18.0,0.4,0.5,0.5,1.0,6.0,7.6,4.6,16.0,3.1,16.0,0.4,0.5,0.5,2.8,82.2,235.8,101.1,16.0,106.4,16.0,0.4,0.5,0.5,0.0,28.7,183.9,75.4,16.0,124.8,16.0,0.4,0.5,0.5,-1.06,0.2,1.91,0.38,15.0,1.63,16.0,0.4,0.5,0.4,-11.4,2.1,19.7,4.4,15.0,22.4,16.0,0.4,0.5,0.4,1.56,3.15,5.56,3.66,14.0,2.23,18.0,0.4,0.5,0.4,9.6,28.2,75.1,40.0,14.0,38.9,18.0,0.4,0.5,0.4,0.1,113.1,256.2,118.6,16.0,119.1,16.0,0.4,0.5,0.5,0.0,55.9,220.4,96.8,16.0,136.2,16.0,0.4,0.5,0.5,-13.3,62.2,116.6,58.4,14.0,62.2,18.0,0.4,0.5,0.4,0.0,34.9,129.3,54.7,14.0,58.1,18.0,0.4,0.5,0.4,-5.5,15.9,72.6,28.2,14.0,44.7,18.0,0.4,0.5,0.4,0.0,7.1,24.6,11.2,14.0,15.7,18.0,0.4,0.5,0.4,111.0,1861.0,4710.0,2476.0,16.0,2658.5,16.0,0.4,0.5,0.5,110.0,1860.0,4710.0,2475.0,16.0,2660.0,16.0,0.4,0.5,0.5
1974,2,306.0,35.0,18.08,18.4,18.65,18.76,9.0,1.24,16.0,0.6,0.4,0.6,16.65,17.9,19.25,18.04,12.0,1.49,14.0,0.6,0.4,0.5,6.55,11.78,12.09,9.8,9.0,3.13,16.0,0.6,0.4,0.6,56.7,86.3,95.3,77.1,9.0,22.9,16.0,0.6,0.6,4.47,8.6,14.15,9.79,12.0,5.66,14.0,0.6,0.4,0.5,-0.3,3.95,7.66,4.22,12.0,6.31,14.0,0.6,0.4,0.5,-1.54,7.4,11.71,5.16,12.0,6.95,14.0,0.6,0.4,0.5,1006.47,1018.05,1021.25,1015.66,12.0,8.37,14.0,0.6,0.4,0.5,2.7,5.0,8.0,5.3,12.0,2.2,14.0,0.6,0.4,0.5,-2.0,30.1,108.0,66.9,12.0,126.9,14.0,0.6,0.4,0.5,-6.8,55.7,184.3,75.6,12.0,99.0,14.0,0.6,0.4,0.5,-0.37,1.0,2.07,0.92,9.0,1.7,16.0,0.6,0.4,0.6,-5.4,7.4,11.1,3.3,9.0,11.7,16.0,0.6,0.4,0.6,1.06,2.48,6.49,3.65,9.0,3.04,16.0,0.6,0.4,0.6,10.5,16.6,40.5,29.8,9.0,35.0,16.0,0.6,0.4,0.6,-5.0,80.0,143.5,75.4,12.0,105.1,14.0,0.6,0.4,0.5,-27.6,128.4,216.2,92.2,12.0,126.0,14.0,0.6,0.4,0.5,-5.2,28.8,54.3,21.6,9.0,45.4,16.0,0.6,0.4,0.6,2.8,40.3,147.9,66.3,9.0,70.3,16.0,0.6,0.4,0.6,-5.9,4.9,12.1,10.2,9.0,26.4,16.0,0.6,0.4,0.6,1.2,9.3,37.3,18.4,9.0,32.1,16.0,0.6,0.4,0.6,90.0,640.0,2844.0,1932.5,12.0,3223.5,14.0,0.6,0.4,0.5,90.0,640.0,2845.0,1935.0,12.0,3225.0,14.0,0.6,0.4,0.5
1974,2,306.0,36.0,18.5,19.0,20.28,19.19,17.0,1.12,14.0,0.4,0.5,0.5,16.63,18.4,18.96,17.94,19.0,1.2,14.0,0.4,0.6,0.5,8.67,10.0,11.81,10.28,15.0,1.44,14.0,0.4,0.5,0.5,72.3,84.9,89.1,82.0,15.0,10.7,14.0,0.4,0.5,9.31,12.6,14.12,11.93,18.0,3.22,14.0,0.4,0.5,0.5,0.0,7.66,12.3,6.03,18.0,5.87,14.0,0.4,0.5,0.5,-4.88,4.58,13.0,3.12,18.0,8.82,14.0,0.4,0.5,0.5,1008.39,1018.0,1022.04,1015.06,19.0,8.59,14.0,0.4,0.6,0.5,4.0,6.5,8.0,6.2,18.0,2.0,14.0,0.4,0.6,0.5,0.0,97.8,158.6,75.4,18.0,75.1,14.0,0.4,0.5,0.5,-45.5,51.2,171.9,44.6,18.0,126.0,14.0,0.4,0.5,0.5,-0.19,0.6,3.0,1.29,17.0,1.74,14.0,0.4,0.5,0.5,-3.8,9.0,39.4,14.5,16.0,19.6,14.0,0.4,0.5,0.5,2.1,3.17,4.93,3.53,15.0,1.81,14.0,0.4,0.5,0.5,28.4,39.6,61.9,43.4,14.0,21.4,16.0,0.4,0.5,0.5,0.0,126.8,228.8,112.1,18.0,109.9,14.0,0.4,0.5,0.5,-82.3,87.6,221.9,56.9,18.0,152.5,14.0,0.4,0.5,0.5,0.0,58.9,118.1,53.8,14.0,60.1,16.0,0.4,0.5,0.5,-61.9,59.8,150.6,47.5,14.0,96.2,16.0,0.4,0.5,0.5,0.0,12.2,41.1,15.5,14.0,23.1,16.0,0.4,0.5,0.5,-27.0,19.5,35.7,12.4,14.0,39.1,16.0,0.4,0.5,0.5,836.0,2004.0,2817.0,2027.0,18.0,1351.0,14.0,0.4,0.5,0.5,835.0,2005.0,2815.0,2025.0,18.0,1350.0,14.0,0.4,0.5,0.5
1974,2,306.0,37.0,19.0,19.4,20.22,19.6,7.0,0.66,14.0,0.6,0.6,0.4,15.78,16.75,17.98,16.99,8.0,2.14,12.0,0.6,0.6,0.4,9.4,10.59,12.14,10.62,6.0,1.51,14.0,0.5,0.5,0.3,80.6,87.6,96.1,88.4,6.0,8.0,14.0,0.5,0.3,7.31,12.6,21.41,13.75,8.0,7.31,12.0,0.6,0.6,0.4,3.46,5.86,12.7,8.21,8.0,7.92,12.0,0.6,0.6,0.4,-5.36,0.4,15.16,3.67,8.0,10.7,12.0,0.6,0.6,0.4,1004.34,1007.75,1020.67,1011.09,8.0,7.61,12.0,0.6,0.6,0.4,7.1,8.0,8.0,7.6,8.0,0.7,12.0,0.6,0.6,0.4,25.8,45.8,201.1,146.5,8.0,216.3,12.0,0.6,0.6,0.4,-39.0,34.7,237.5,88.0,8.0,189.4,12.0,0.6,0.6,0.4,0.9,2.8,3.9,2.54,7.0,2.19,14.0,0.6,0.6,0.4,16.9,25.7,45.2,26.8,7.0,26.1,14.0,0.6,0.6,0.4,2.54,3.49,4.92,3.69,6.0,1.25,14.0,0.5,0.5,0.3,33.5,44.1,55.5,44.3,6.0,19.3,14.0,0.5,0.5,0.3,57.6,92.9,212.1,142.3,8.0,143.5,12.0,0.6,0.6,0.4,-73.7,11.4,269.0,78.8,8.0,200.4,12.0,0.6,0.6,0.4,25.6,43.9,101.9,57.9,6.0,48.0,14.0,0.5,0.5,0.3,-53.0,24.0,205.5,62.2,6.0,139.6,14.0,0.5,0.5,0.3,9.0,15.2,33.2,21.8,6.0,22.2,14.0,0.5,0.5,0.3,-31.4,13.2,48.0,9.4,6.0,39.5,14.0,0.5,0.5,0.3,393.0,2296.5,10042.5,4686.5,8.0,6092.0,12.0,0.6,0.6,0.4,395.0,2295.0,10045.0,4685.0,8.0,6090.0,12.0,0.6,0.6,0.4
1974,2,306.0,38.0,16.2,18.0,19.41,17.93,11.0,1.73,10.0,0.4,0.6,0.4,10.0,14.0,17.1,13.87,13.0,3.6,12.0,0.3,0.6,0.4,7.6,9.67,10.02,8.86,8.0,1.66,14.0,0.3,0.5,0.4,76.5,81.2,100.0,85.2,8.0,13.4,14.0,0.3,0.4,7.56,12.85,22.26,14.11,10.0,7.57,14.0,0.3,0.6,0.4,2.8,9.4,21.77,11.57,10.0,9.23,14.0,0.3,0.6,0.4,-4.7,-0.89,3.72,-1.54,10.0,6.47,14.0,0.3,0.6,0.4,1003.78,1014.6,1021.1,1013.42,13.0,8.65,12.0,0.3,0.6,0.4,4.0,6.0,8.0,6.0,13.0,1.9,12.0,0.3,0.6,0.4,29.5,95.5,494.1,220.3,10.0,257.4,14.0,0.3,0.6,0.4,-40.9,-7.9,40.7,-15.2,10.0,92.2,14.0,0.3,0.6,0.4,1.47,2.2,6.83,3.54,11.0,3.32,10.0,0.4,0.6,0.4,26.9,55.6,99.0,58.6,8.0,44.6,12.0,0.4,0.6,0.3,1.52,3.61,6.64,3.96,8.0,2.65,14.0,0.3,0.5,0.4,48.3,87.7,111.8,79.2,5.0,41.9,18.0,0.2,0.4,0.4,37.3,98.2,363.9,179.4,10.0,172.4,14.0,0.3,0.6,0.4,-44.9,-12.5,60.2,-4.1,10.0,82.9,14.0,0.3,0.6,0.4,25.5,78.6,135.5,82.0,5.0,62.6,18.0,0.2,0.4,0.4,-40.6,0.0,70.3,9.3,5.0,67.9,18.0,0.2,0.4,0.4,13.4,67.7,96.6,58.1,5.0,45.7,18.0,0.2,0.4,0.4,-46.2,0.0,22.4,-13.0,5.0,55.4,18.0,0.2,0.4,0.4,454.0,2372.5,11553.0,5160.5,10.0,6731.0,14.0,0.3,0.6,0.4,455.0,2370.0,11555.0,5160.0,10.0,6730.0,14.0,0.3,0.6,0.4
1974,2,306.0,39.0,16.01,17.0,18.3,17.26,14.0,1.29,18.0,0.5,0.6,0.4,10.46,14.9,17.38,14.03,16.0,3.77,18.0,0.5,0.6,0.4,4.72,8.85,10.29,7.71,12.0,2.64,20.0,0.5,0.7,0.5,63.3,73.6,86.2,74.5,12.0,12.5,20.0,0.5,0.5,9.11,14.2,18.31,13.63,16.0,4.29,18.0,0.5,0.6,0.4,-3.7,5.34,10.93,4.52,16.0,6.94,18.0,0.5,0.6,0.4,-9.28,2.89,15.31,3.02,16.0,11.69,18.0,0.5,0.6,0.4,1001.59,1016.1,1021.5,1012.66,16.0,11.6,18.0,0.5,0.6,0.4,5.5,7.0,8.0,6.7,12.0,1.9,18.0,0.5,0.6,0.4,-34.4,59.4,170.8,71.8,16.0,103.3,18.0,0.5,0.6,0.4,-119.7,26.0,244.0,65.7,16.0,188.5,18.0,0.5,0.6,0.4,0.31,2.95,6.89,3.43,14.0,3.81,18.0,0.5,0.6,0.4,3.7,42.8,65.0,36.8,14.0,46.4,18.0,0.5,0.6,0.4,2.38,3.71,7.05,4.4,10.0,2.52,20.0,0.5,0.7,0.5,25.6,60.6,85.8,57.0,10.0,29.5,20.0,0.5,0.7,0.5,-37.0,55.9,175.2,70.4,16.0,109.7,18.0,0.5,0.6,0.4,-88.7,42.8,258.7,76.6,16.0,171.3,18.0,0.5,0.6,0.4,25.9,38.1,70.3,47.3,12.0,34.0,20.0,0.5,0.7,0.5,-41.3,50.1,167.8,56.8,12.0,100.5,20.0,0.5,0.7,0.5,6.3,26.1,53.9,28.3,10.0,23.0,20.0,0.5,0.7,0.5,-65.5,6.6,51.8,-4.0,10.0,55.1,20.0,0.5,0.7,0.5,757.5,2924.5,6141.5,3208.0,16.0,2336.5,18.0,0.5,0.6,0.4,760.0,2925.0,6140.0,3210.0,16.0,2335.0,18.0,0.5,0.6,0.4
1974,2,306.0,40.0,14.79,17.0,19.62,17.13,11.0,2.22,14.0,0.4,0.6,0.4,7.1,10.55,16.12,11.97,12.0,4.72,14.0,0.4,0.6,0.4,4.58,6.93,9.37,7.19,8.0,2.53,16.0,0.5,0.5,0.4,68.9,80.1,94.7,81.8,10.0,12.6,16.0,0.4,0.5,9.15,11.65,15.93,12.36,12.0,4.08,14.0,0.4,0.6,0.4,-3.39,7.29,10.97,5.26,12.0,7.39,14.0,0.4,0.6,0.4,-8.24,-3.07,13.29,-0.69,12.0,9.89,14.0,0.4,0.6,0.4,1003.13,1009.35,1021.96,1011.62,10.0,9.97,14.0,0.5,0.5,0.4,3.6,8.0,8.0,6.3,11.0,2.3,16.0,0.5,0.6,0.4,-29.8,79.5,153.6,76.6,12.0,111.8,14.0,0.4,0.6,0.4,-80.0,-33.1,202.0,7.6,12.0,147.4,14.0,0.4,0.6,0.4,0.85,4.0,7.8,4.64,11.0,3.39,14.0,0.4,0.6,0.4,14.1,52.5,85.5,54.4,11.0,44.8,14.0,0.4,0.6,0.4,3.77,5.62,6.18,5.02,7.0,1.36,16.0,0.4,0.5,0.4,38.9,75.9,88.0,68.4,7.0,28.1,16.0,0.4,0.5,0.4,-25.0,73.3,209.9,77.9,12.0,109.7,14.0,0.4,0.6,0.4,-76.5,-22.1,194.9,24.5,12.0,128.9,14.0,0.4,0.6,0.4,-10.9,54.7,114.7,60.5,8.0,62.2,16.0,0.5,0.5,0.4,-50.6,-29.7,18.0,-11.5,8.0,67.7,16.0,0.5,0.5,0.4,18.5,38.9,67.8,43.1,7.0,34.1,16.0,0.4,0.5,0.4,-46.8,-17.0,10.3,-14.1,7.0,51.8,16.0,0.4,0.5,0.4,767.5,1596.0,4086.5,2442.5,12.0,2000.5,14.0,0.4,0.6,0.4,765.0,1595.0,4085.0,2440.0,12.0,2000.0,14.0,0.4,0.6,0.4
1974,2,306.0,41.0,6.41,11.7,15.21,11.28,11.0,4.4,20.0,0.5,0.6,0.4,6.24,11.5,15.21,10.62,11.0,4.45,20.0,0.5,0.6,0.4,4.18,6.84,10.26,7.07,10.0,2.8,20.0,0.6,0.6,0.4,74.4,93.2,96.0,85.8,10.0,15.3,20.0,0.6,0.4,7.7,12.9,15.59,12.31,11.0,4.27,20.0,0.5,0.6,0.4,0.0,0.0,7.34,2.77,11.0,4.97,20.0,0.5,0.6,0.4,-7.36,7.09,15.59,4.84,11.0,11.23,20.0,0.5,0.6,0.4,995.0,1013.2,1019.44,1009.49,11.0,10.61,20.0,0.5,0.6,0.4,6.6,8.0,8.0,7.5,11.0,0.8,20.0,0.5,0.6,0.4,0.0,0.0,76.8,30.0,11.0,61.2,20.0,0.5,0.6,0.4,-62.2,51.1,247.2,89.9,11.0,175.9,20.0,0.5,0.6,0.4,-4.74,0.0,6.51,0.66,11.0,5.66,20.0,0.5,0.6,0.4,-76.0,0.0,50.6,-6.8,11.0,82.1,20.0,0.5,0.6,0.4,-2.22,2.26,4.2,1.39,10.0,3.33,20.0,0.6,0.6,0.4,-36.3,23.9,37.6,7.3,10.0,47.7,20.0,0.6,0.6,0.4,0.0,0.0,37.8,18.3,11.0,52.1,20.0,0.5,0.6,0.4,-33.1,66.7,223.5,92.2,11.0,138.5,20.0,0.5,0.6,0.4,0.0,4.2,37.1,14.0,10.0,34.6,20.0,0.6,0.6,0.4,-29.7,16.2,161.5,55.4,10.0,97.8,20.0,0.6,0.6,0.4,0.0,2.4,25.9,10.8,10.0,18.5,20.0,0.6,0.6,0.4,-51.1,-19.1,13.8,-20.2,10.0,37.6,20.0,0.6,0.6,0.4,456.5,2146.5,3985.0,2513.5,11.0,2581.0,20.0,0.5,0.6,0.4,455.0,2145.0,3985.0,2515.0,11.0,2580.0,20.0,0.5,0.6,0.4
1974,2,306.0,42.0,5.61,7.8,11.56,8.13,15.0,2.94,14.0,0.4,0.6,0.5,2.54,6.0,9.64,6.44,17.0,3.16,14.0,0.4,0.6,0.5,4.06,5.19,6.36,5.29,10.0,1.27,16.0,0.3,0.5,0.5,75.5,87.0,100.0,86.9,10.0,12.5,16.0,0.3,0.5,6.11,10.3,16.46,10.82,17.0,5.0,14.0,0.4,0.6,0.5,0.0,6.2,11.82,5.55,17.0,6.88,14.0,0.4,0.6,0.5,-6.29,2.76,9.97,2.09,17.0,8.05,14.0,0.4,0.6,0.5,993.77,1004.2,1022.05,1006.43,17.0,11.94,14.0,0.4,0.6,0.5,5.4,8.0,8.0,7.1,16.0,1.5,14.0,0.4,0.6,0.5,0.0,51.5,180.3,80.2,17.0,105.6,14.0,0.4,0.6,0.5,-52.2,8.9,155.7,40.1,17.0,117.3,14.0,0.4,0.6,0.5,-1.08,1.0,3.7,1.67,15.0,3.92,14.0,0.4,0.6,0.5,-7.7,12.0,35.6,15.4,15.0,44.9,14.0,0.4,0.6,0.5,0.07,2.06,3.27,1.97,8.0,2.33,12.0,0.4,0.5,0.5,0.7,12.6,41.0,17.5,8.0,28.0,12.0,0.4,0.5,0.5,0.0,31.0,87.9,38.9,17.0,40.8,14.0,0.4,0.6,0.5,-17.8,16.6,95.8,33.4,17.0,69.4,14.0,0.4,0.6,0.5,-5.5,20.6,56.0,20.9,10.0,33.3,16.0,0.3,0.5,0.5,-28.1,4.9,65.0,16.7,10.0,57.2,16.0,0.3,0.5,0.5,0.0,7.8,32.1,13.7,8.0,19.3,12.0,0.4,0.5,0.5,-32.1,-7.8,6.5,-12.4,8.0,19.4,12.0,0.4,0.5,0.5,228.0,1092.5,4472.5,2039.0,17.0,2099.5,14.0,0.4,0.6,0.5,230.0,1095.0,4470.0,2040.0,17.0,2100.0,14.0,0.4,0.6,0.5
1974,2,306.0,43.0,3.32,4.6,6.21,4.72,9.0,1.42,16.0,0.8,0.4,0.5,-0.4,2.5,7.97,3.4,10.0,4.12,16.0,0.7,0.4,0.5,3.22,3.64,6.86,4.73,5.0,1.97,16.0,0.8,0.4,0.6,70.5,82.9,90.8,81.3,5.0,11.7,16.0,0.8,0.6,5.1,9.15,10.46,9.25,10.0,5.17,16.0,0.7,0.4,0.5,0.0,2.89,6.77,4.09,10.0,7.17,16.0,0.7,0.4,0.5,-5.08,1.92,9.17,2.14,10.0,6.83,16.0,0.7,0.4,0.5,991.83,1009.5,1021.37,1006.88,9.0,14.23,16.0,0.8,0.4,0.5,8.0,8.0,8.0,7.9,9.0,0.3,16.0,0.8,0.4,0.6,0.0,20.1,64.6,66.5,10.0,148.6,16.0,0.7,0.4,0.5,-40.3,37.5,85.8,29.4,10.0,66.1,16.0,0.7,0.4,0.5,-2.22,2.7,4.51,1.17,9.0,4.52,16.0,0.8,0.4,0.5,-20.5,20.4,31.4,10.8,9.0,47.6,16.0,0.8,0.4,0.5,-1.3,1.67,2.36,0.69,5.0,2.07,16.0,0.8,0.4,0.6,-12.1,8.5,32.6,11.1,5.0,28.8,16.0,0.8,0.4,0.6,0.0,4.4,33.0,13.4,10.0,17.0,16.0,0.7,0.4,0.5,-9.4,7.7,67.0,22.6,10.0,38.8,16.0,0.7,0.4,0.5,8.6,15.8,49.2,28.1,5.0,30.7,16.0,0.8,0.4,0.6,-14.1,14.0,58.5,20.6,5.0,37.7,16.0,0.8,0.4,0.6,-1.4,6.5,27.8,13.9,5.0,23.2,16.0,0.8,0.4,0.6,-17.1,-6.4,0.0,-7.6,5.0,11.4,16.0,0.8,0.4,0.6,132.5,766.5,1148.5,1634.5,10.0,3243.5,16.0,0.7,0.4,0.5,135.0,765.0,1150.0,1635.0,10.0,3245.0,16.0,0.7,0.4,0.5
1974,2,306.0,44.0,0.37,1.25,3.25,1.65,12.0,1.91,20.0,0.5,0.6,0.5,-1.69,-0.05,2.12,0.14,14.0,3.03,18.0,0.6,0.7,0.5,3.01,3.29,3.58,3.35,7.0,0.74,18.0,0.4,0.6,0.5,73.1,82.0,87.1,81.4,7.0,6.6,18.0,0.4,0.5,5.2,11.4,19.87,11.64,14.0,6.85,18.0,0.6,0.7,0.5,4.13,9.79,19.57,10.58,14.0,7.21,18.0,0.6,0.7,0.5,-4.3,0.0,4.09,0.22,14.0,4.5,18.0,0.6,0.7,0.5,1003.16,1008.2,1018.52,1008.74,14.0,10.84,18.0,0.6,0.7,0.5,3.7,7.0,8.0,6.2,12.0,2.2,18.0,0.6,0.7,0.5,21.9,112.8,389.2,168.4,14.0,177.8,18.0,0.6,0.7,0.5,-37.0,0.0,68.8,9.0,14.0,58.7,18.0,0.6,0.7,0.5,-0.51,1.6,4.38,1.75,12.0,2.84,20.0,0.5,0.6,0.5,-5.5,18.4,33.1,16.6,12.0,28.8,20.0,0.5,0.6,0.5,0.34,0.75,1.26,0.77,7.0,0.52,18.0,0.4,0.6,0.5,2.8,10.5,15.5,9.9,7.0,6.3,18.0,0.4,0.6,0.5,-10.4,0.0,16.2,2.8,14.0,17.4,18.0,0.6,0.7,0.5,-4.9,0.0,3.9,4.6,14.0,16.3,18.0,0.6,0.7,0.5,19.6,32.3,68.0,39.4,7.0,23.6,18.0,0.4,0.6,0.5,-12.5,13.0,19.4,5.4,7.0,20.1,18.0,0.4,0.6,0.5,1.4,9.9,15.3,9.0,7.0,6.3,18.0,0.4,0.6,0.5,-3.7,0.1,3.0,0.1,7.0,4.6,18.0,0.4,0.6,0.5,143.5,1494.0,7863.0,3167.0,14.0,4147.0,18.0,0.6,0.7,0.5,145.0,1495.0,7865.0,3165.0,14.0,4145.0,18.0,0.6,0.7,0.5
1974,2,306.0,45.0,-0.09,1.0,2.57,1.13,10.0,1.7,16.0,0.5,0.6,0.4,-3.33,-1.6,0.0,-1.75,11.0,2.26,16.0,0.5,0.7,0.4,2.78,3.26,3.32,3.14,7.0,0.38,18.0,0.3,0.6,0.6,86.3,91.4,100.0,93.2,7.0,6.9,18.0,0.3,0.6,5.94,8.85,13.84,10.09,10.0,4.9,16.0,0.4,0.6,0.5,-1.43,7.47,10.39,6.27,10.0,7.29,16.0,0.4,0.6,0.5,-6.5,-0.87,5.67,-0.77,10.0,6.3,16.0,0.4,0.6,0.5,1009.96,1016.05,1021.54,1015.33,12.0,7.14,16.0,0.4,0.7,0.4,2.0,4.0,7.1,4.2,10.0,2.6,18.0,0.5,0.6,0.4,-7.1,69.1,132.6,90.7,10.0,130.3,16.0,0.4,0.6,0.5,-87.2,-8.7,38.6,-24.8,10.0,72.0,16.0,0.4,0.6,0.5,0.01,1.85,5.87,2.68,10.0,3.07,16.0,0.5,0.6,0.4,-0.4,20.6,47.1,21.8,9.0,26.5,18.0,0.4,0.6,0.5,0.22,0.72,1.04,0.74,6.0,0.66,18.0,0.3,0.5,0.6,2.4,5.5,14.5,7.4,6.0,6.4,18.0,0.3,0.5,0.6,-15.7,-5.5,0.0,-6.9,10.0,8.7,16.0,0.4,0.6,0.5,-11.3,1.7,11.3,1.3,10.0,10.5,16.0,0.4,0.6,0.5,-0.6,16.5,41.9,21.6,7.0,26.7,18.0,0.3,0.6,0.6,-14.4,0.0,21.5,0.0,7.0,18.3,18.0,0.3,0.6,0.6,-0.6,1.5,11.9,4.6,6.0,7.4,18.0,0.3,0.5,0.6,-4.1,0.0,4.9,-0.3,6.0,5.3,18.0,0.3,0.5,0.6,231.5,728.5,2726.5,1774.5,10.0,2644.5,16.0,0.4,0.6,0.5,230.0,730.0,2725.0,1775.0,10.0,2645.0,16.0,0.4,0.6,0.5
1974,2,306.0,46.0,-1.0,-0.5,0.54,0.01,15.0,1.75,12.0,0.3,0.6,0.4,-4.4,-1.6,1.91,-1.3,21.0,3.64,14.0,0.4,0.7,0.5,2.26,2.84,3.31,2.8,10.0,0.79,14.0,0.3,0.7,0.4,69.7,83.9,92.9,82.7,11.0,12.1,14.0,0.4,0.4,5.55,13.9,19.73,13.29,21.0,5.99,14.0,0.4,0.7,0.5,2.85,10.39,18.69,9.76,21.0,9.0,14.0,0.4,0.7,0.5,-3.62,2.31,7.62,1.99,21.0,6.01,14.0,0.4,0.7,0.5,993.02,1004.5,1015.47,1004.29,20.0,9.83,14.0,0.4,0.6,0.5,4.6,7.0,8.0,5.9,19.0,2.6,14.0,0.3,0.6,0.4,11.1,124.7,369.1,163.0,21.0,191.3,14.0,0.4,0.7,0.5,-27.3,8.3,135.7,34.5,21.0,85.8,14.0,0.4,0.7,0.5,-1.48,1.2,4.27,1.7,15.0,3.19,12.0,0.3,0.6,0.4,-7.7,18.6,74.1,25.4,15.0,38.0,12.0,0.3,0.6,0.4,0.66,1.07,1.49,1.08,9.0,0.54,14.0,0.3,0.7,0.4,5.3,13.7,27.5,15.1,9.0,10.4,14.0,0.3,0.7,0.4,-68.9,-7.7,19.9,-15.7,21.0,48.3,14.0,0.4,0.7,0.5,-14.8,0.0,13.4,-1.5,21.0,18.3,14.0,0.4,0.7,0.5,9.0,41.3,53.6,30.4,10.0,31.8,14.0,0.3,0.7,0.4,-8.0,0.0,12.8,2.3,10.0,11.4,14.0,0.3,0.7,0.4,5.0,12.9,26.8,14.3,9.0,10.4,14.0,0.3,0.7,0.4,-3.0,0.0,5.1,1.1,9.0,5.2,14.0,0.3,0.7,0.4,189.0,2685.5,7722.5,3701.5,21.0,3924.5,14.0,0.4,0.7,0.5,190.0,2685.0,7720.0,3700.0,21.0,3925.0,14.0,0.4,0.7,0.5
1974,2,306.0,47.0,-1.24,-1.1,-0.96,-1.1,2.0,0.28,14.0,1.0,1.0,0.7,4.95,6.55,8.15,6.55,2.0,3.32,14.0,1.0,1.0,0.7,4.63,4.64,4.66,4.64,2.0,0.04,14.0,1.0,1.0,0.7,69.9,78.3,86.7,78.3,2.0,17.4,14.0,1.0,0.7,6.85,8.25,9.65,8.25,2.0,2.9,14.0,1.0,1.0,0.7,0.82,2.58,4.33,2.58,2.0,3.64,14.0,1.0,1.0,0.7,6.63,7.56,8.49,7.56,2.0,1.92,14.0,1.0,1.0,0.7,1010.2,1011.5,1012.8,1011.5,2.0,2.69,14.0,1.0,1.0,0.7,4.6,6.0,7.4,6.0,2.0,2.8,14.0,1.0,1.0,0.7,8.4,26.5,44.6,26.5,2.0,37.5,14.0,1.0,1.0,0.7,46.9,65.2,83.4,65.2,2.0,37.8,14.0,1.0,1.0,0.7,-9.12,-7.65,-6.18,-7.65,2.0,3.04,14.0,1.0,1.0,0.7,-90.3,-67.5,-44.7,-67.5,2.0,47.3,14.0,1.0,1.0,0.7,-1.17,-1.15,-1.13,-1.15,2.0,0.05,14.0,1.0,1.0,0.7,-10.9,-9.4,-8.0,-9.4,2.0,3.0,14.0,1.0,1.0,0.7,7.3,22.9,38.6,22.9,2.0,32.4,14.0,1.0,1.0,0.7,34.5,52.7,70.9,52.7,2.0,37.7,14.0,1.0,1.0,0.7,3.8,12.0,20.2,12.0,2.0,17.0,14.0,1.0,1.0,0.7,30.7,35.2,39.6,35.2,2.0,9.2,14.0,1.0,1.0,0.7,-4.9,-2.9,-0.9,-2.9,2.0,4.1,14.0,1.0,1.0,0.7,-9.6,-8.7,-7.8,-8.7,2.0,1.9,14.0,1.0,1.0,0.7,374.0,665.5,957.0,665.5,2.0,604.0,14.0,1.0,1.0,0.7,375.0,665.0,955.0,665.0,2.0,605.0,14.0,1.0,1.0,0.7
1974,2,306.0,48.0,-1.27,-1.2,-1.13,-1.2,3.0,0.1,8.0,0.3,0.2,0.7,-2.42,-1.6,-0.78,-1.6,3.0,1.2,8.0,0.3,0.2,0.7,2.67,2.72,2.97,2.82,3.0,0.24,8.0,0.3,0.2,0.7,81.0,83.2,84.3,82.7,3.0,2.5,8.0,0.3,0.7,6.69,13.35,20.01,13.35,2.0,13.79,8.0,0.5,0.3,0.8,5.65,10.54,15.42,10.54,2.0,10.12,8.0,0.5,0.3,0.8,-12.3,-6.81,-1.32,-6.81,2.0,11.37,8.0,0.5,0.3,0.8,999.33,1000.7,1001.79,1000.57,3.0,1.8,8.0,0.3,0.2,0.7,6.0,6.0,7.4,6.7,3.0,1.2,8.0,0.3,0.2,0.7,75.1,210.5,345.8,210.5,2.0,280.4,8.0,0.5,0.3,0.8,-287.9,-169.3,-50.7,-169.3,2.0,245.7,8.0,0.5,0.3,0.8,-0.49,0.4,1.29,0.4,3.0,1.3,8.0,0.3,0.2,0.7,3.5,18.0,32.5,18.0,2.0,30.1,8.0,0.5,0.3,0.8,0.51,0.78,0.86,0.69,3.0,0.27,8.0,0.3,0.2,0.7,4.4,11.0,17.6,11.0,2.0,13.6,8.0,0.5,0.3,0.8,-41.9,-25.5,-9.0,-25.5,2.0,34.1,8.0,0.5,0.3,0.8,6.2,20.5,34.9,20.5,2.0,29.7,8.0,0.5,0.3,0.8,16.2,28.6,41.0,28.6,2.0,25.7,8.0,0.5,0.3,0.8,-32.4,-17.7,-3.0,-17.7,2.0,30.4,8.0,0.5,0.3,0.8,3.6,8.6,13.5,8.6,2.0,10.2,8.0,0.5,0.3,0.8,-11.1,-6.4,-1.7,-6.4,2.0,9.7,8.0,0.5,0.3,0.8,1995.5,6186.5,10377.5,6186.5,2.0,8683.0,8.0,0.5,0.3,0.8,1995.0,6185.0,10380.0,6185.0,2.0,8685.0,8.0,0.5,0.3,0.8
1974,2,306.0,49.0,-1.4,-1.3,-1.1,-1.23,12.0,0.16,10.0,0.7,0.6,0.3,-7.59,-6.15,-1.45,-4.89,14.0,3.07,10.0,0.6,0.6,0.3,1.58,1.73,2.94,2.16,12.0,0.7,10.0,0.7,0.6,0.3,68.5,77.5,91.0,79.1,12.0,11.4,10.0,0.7,0.3,8.7,12.35,21.24,14.31,12.0,6.19,10.0,0.7,0.6,0.3,1.75,8.88,18.12,8.51,12.0,11.15,10.0,0.7,0.6,0.3,-9.61,-2.69,2.16,-3.46,12.0,6.73,10.0,0.7,0.6,0.3,993.76,999.75,1011.97,1002.2,14.0,11.14,10.0,0.6,0.6,0.3,3.5,6.0,8.0,5.9,12.0,2.3,10.0,0.7,0.5,0.3,12.2,87.8,401.3,158.9,12.0,230.5,10.0,0.7,0.6,0.3,-184.3,-29.7,21.7,-67.2,12.0,134.3,10.0,0.7,0.6,0.3,0.85,4.85,6.15,3.75,12.0,2.77,10.0,0.7,0.6,0.3,10.7,45.3,58.9,38.4,11.0,31.3,8.0,0.7,0.6,0.3,0.57,1.74,1.85,1.33,12.0,0.68,10.0,0.7,0.6,0.3,12.7,15.9,18.9,15.7,11.0,5.4,8.0,0.7,0.6,0.3,-57.7,-41.7,19.5,-17.6,12.0,55.3,10.0,0.7,0.6,0.3,-10.9,6.2,28.1,8.3,12.0,20.5,10.0,0.7,0.6,0.3,-1.2,17.0,53.1,24.2,11.0,29.7,8.0,0.7,0.6,0.3,-31.1,-3.8,4.0,-9.5,11.0,19.9,8.0,0.7,0.6,0.3,-6.1,12.5,15.6,6.5,11.0,14.9,8.0,0.7,0.6,0.3,-6.8,-3.2,3.8,-1.4,11.0,5.4,8.0,0.7,0.6,0.3,658.5,1972.5,9653.5,4566.5,12.0,5418.0,10.0,0.7,0.6,0.3,660.0,1975.0,9655.0,4565.0,12.0,5420.0,10.0,0.7,0.6,0.3
1974,2,306.0,50.0,-1.35,-1.3,-0.78,-1.07,4.0,0.52,8.0,0.5,0.4,0.3,-5.67,-3.6,-1.63,-3.65,4.0,2.36,8.0,0.5,0.4,0.3,1.76,1.88,3.0,2.36,3.0,1.0,10.0,0.7,0.4,0.2,70.7,72.3,91.2,80.7,3.0,16.7,10.0,0.7,0.2,7.29,8.7,17.87,12.4,4.0,9.29,8.0,0.5,0.4,0.3,6.54,7.53,8.28,7.42,4.0,1.36,8.0,0.5,0.4,0.3,-13.88,1.15,4.35,-4.49,4.0,13.75,8.0,0.5,0.4,0.3,991.69,995.9,999.17,995.45,4.0,4.4,8.0,0.5,0.4,0.3,6.0,6.0,6.0,6.0,2.0,0.0,10.0,1.0,0.5,0.0,48.9,65.5,154.2,99.9,4.0,91.1,8.0,0.5,0.4,0.3,-343.8,12.8,37.8,-145.4,4.0,333.9,8.0,0.5,0.4,0.3,0.76,2.8,4.37,2.58,4.0,2.21,8.0,0.5,0.4,0.3,3.5,22.1,38.0,20.8,4.0,20.6,8.0,0.5,0.4,0.3,0.49,1.6,1.73,1.12,3.0,1.0,10.0,0.7,0.4,0.2,4.0,13.9,15.0,9.6,3.0,8.9,10.0,0.7,0.4,0.2,-42.7,-25.4,-11.5,-27.0,4.0,18.2,8.0,0.5,0.4,0.3,-24.7,-9.3,18.7,-3.3,4.0,27.2,8.0,0.5,0.4,0.3,13.2,14.2,26.0,19.5,3.0,10.4,10.0,0.7,0.4,0.2,-56.7,7.4,7.9,-23.6,3.0,54.4,10.0,0.7,0.4,0.2,3.7,12.1,13.0,8.4,3.0,7.5,10.0,0.7,0.4,0.2,2.6,7.0,7.5,5.1,3.0,3.9,10.0,0.7,0.4,0.2,426.5,658.5,9735.5,4879.5,4.0,8739.5,8.0,0.5,0.4,0.3,425.0,660.0,9735.0,4880.0,4.0,8740.0,8.0,0.5,0.4,0.3
1974,2,306.0,51.0,,,,,,,,,,,,,,,,,,,,,,,,,,,,,,,,,,,,,,,,4.84,10.3,15.58,10.01,16.0,4.87,10.0,0.6,0.7,0.7,-1.23,5.84,9.54,4.93,16.0,5.45,10.0,0.6,0.7,0.7,-14.7,-2.19,0.97,-4.84,16.0,7.08,10.0,0.6,0.7,0.7,990.15,993.1,1001.02,994.79,17.0,5.73,10.0,0.6,0.7,0.6,,,,,,,,,,,,,,,,,,,,,,,,,,,,,,,,,,,,,,,,,,,,,,,,,,,,,,,,,,,,,,,,,,,,,,,,,,,,,,,,,,,,,,,,,,,,,,,,,,,,,,,,,,,,,,,,,,,,,,,,,,,,,,,,,,,,,,,,,,,,,,,,,,,,,,
1974,2,306.0,52.0,,,,,,,,,,,,,,,,,,,,,,,,,,,,,,,,,,,,,,,,3.54,10.8,12.73,9.04,9.0,5.23,12.0,0.3,0.7,0.5,-2.35,2.6,10.97,3.95,9.0,7.08,12.0,0.3,0.7,0.5,-8.87,-1.5,3.0,-2.41,9.0,6.72,12.0,0.3,0.7,0.5,986.38,993.25,993.8,991.05,10.0,5.07,12.0,0.3,0.7,0.5,,,,,,,,,,,,,,,,,,,,,,,,,,,,,,,,,,,,,,,,,,,,,,,,,,,,,,,,,,,,,,,,,,,,,,,,,,,,,,,,,,,,,,,,,,,,,,,,,,,,,,,,,,,,,,,,,,,,,,,,,,,,,,,,,,,,,,,,,,,,,,,,,,,,,,
1974,2,306.0,53.0,-0.37,1.1,1.8,0.87,9.0,0.96,2.0,0.6,0.7,0.4,-11.64,-3.3,0.98,-4.7,9.0,6.03,2.0,0.6,0.7,0.4,3.65,3.65,3.65,3.65,1.0,0.0,2.0,1.0,0.6,0.0,93.0,93.0,93.0,93.0,1.0,0.0,2.0,1.0,0.0,11.82,15.5,20.53,16.05,8.0,5.08,2.0,0.5,0.7,0.4,-15.64,-3.48,8.46,-4.28,8.0,12.39,2.0,0.5,0.7,0.4,5.29,7.79,13.13,7.57,8.0,8.96,2.0,0.5,0.7,0.4,970.62,974.7,993.56,980.02,9.0,10.64,2.0,0.6,0.7,0.4,6.9,8.0,8.0,7.4,5.0,1.3,2.0,0.6,0.7,0.4,-319.7,-40.8,107.7,-105.8,8.0,236.1,2.0,0.5,0.7,0.4,54.4,136.7,268.3,144.0,8.0,158.4,2.0,0.5,0.7,0.4,0.6,4.3,11.62,5.57,9.0,5.35,2.0,0.6,0.7,0.4,7.7,100.8,157.1,84.5,8.0,69.3,2.0,0.5,0.7,0.4,0.28,0.28,0.28,0.28,1.0,0.0,2.0,1.0,0.6,0.0,5.7,5.7,5.7,5.7,1.0,0.0,2.0,1.0,0.6,0.0,-107.2,-8.7,59.8,-21.1,8.0,73.9,2.0,0.5,0.7,0.4,-102.6,-41.0,-1.6,-49.0,8.0,53.1,2.0,0.5,0.7,0.4,-57.6,-57.6,-57.6,-57.6,1.0,0.0,2.0,1.0,0.6,0.0,48.3,48.3,48.3,48.3,1.0,0.0,2.0,1.0,0.6,0.0,-4.4,-4.4,-4.4,-4.4,1.0,0.0,2.0,1.0,0.6,0.0,3.7,3.7,3.7,3.7,1.0,0.0,2.0,1.0,0.6,0.0,1652.5,4293.5,8659.5,5233.5,8.0,4244.0,2.0,0.5,0.7,0.4,1650.0,4295.0,8660.0,5235.0,8.0,4245.0,2.0,0.5,0.7,0.4
1974,2,306.0,54.0,,,,,,,,,,,,,,,,,,,,,,,,,,,,,,,,,,,,,,,,5.61,10.0,16.73,11.68,9.0,6.58,10.0,0.6,0.4,0.6,-9.41,0.0,5.8,-2.11,9.0,8.39,10.0,0.6,0.4,0.6,-4.54,0.0,8.87,0.01,9.0,11.02,10.0,0.6,0.4,0.6,982.07,1002.9,1006.53,995.92,10.0,14.09,10.0,0.5,0.5,0.6,,,,,,,,,,,,,,,,,,,,,,,,,,,,,,,,,,,,,,,,,,,,,,,,,,,,,,,,,,,,,,,,,,,,,,,,,,,,,,,,,,,,,,,,,,,,,,,,,,,,,,,,,,,,,,,,,,,,,,,,,,,,,,,,,,,,,,,,,,,,,,,,,,,,,,
1974,2,306.0,57.0,,,,,,,,,,,,,,,,,,,,,,,,,,,,,,,,,,,,,,,,10.8,10.8,10.8,10.8,1.0,0.0,12.0,0.0,0.8,0.9,9.35,9.35,9.35,9.35,1.0,0.0,12.0,0.0,0.8,0.9,5.4,5.4,5.4,5.4,1.0,0.0,12.0,0.0,0.8,0.9,993.0,993.0,993.0,993.0,1.0,0.0,12.0,0.0,0.8,0.9,,,,,,,,,,,,,,,,,,,,,,,,,,,,,,,,,,,,,,,,,,,,,,,,,,,,,,,,,,,,,,,,,,,,,,,,,,,,,,,,,,,,,,,,,,,,,,,,,,,,,,,,,,,,,,,,,,,,,,,,,,,,,,,,,,,,,,,,,,,,,,,,,,,,,,
1974,2,306.0,64.0,,,,,,,,,,,,,,,,,,,,,,,,,,,,,,,,,,,,,,,,1.98,4.1,4.78,3.4,3.0,2.14,12.0,0.3,0.7,0.7,-2.42,0.0,3.43,0.49,3.0,4.31,12.0,0.3,0.7,0.7,-1.72,-1.0,0.29,-0.72,3.0,1.49,12.0,0.3,0.7,0.7,998.25,1004.6,1010.06,1004.17,3.0,8.66,12.0,0.3,0.7,0.7,,,,,,,,,,,,,,,,,,,,,,,,,,,,,,,,,,,,,,,,,,,,,,,,,,,,,,,,,,,,,,,,,,,,,,,,,,,,,,,,,,,,,,,,,,,,,,,,,,,,,,,,,,,,,,,,,,,,,,,,,,,,,,,,,,,,,,,,,,,,,,,,,,,,,,
1974,2,307.0,-56.0,5.05,5.6,6.15,5.6,2.0,1.13,12.0,0.0,0.8,0.6,4.13,4.4,4.67,4.4,2.0,0.57,12.0,0.0,0.8,0.6,3.9,4.49,5.07,4.49,2.0,1.21,12.0,0.0,0.8,0.6,76.4,86.0,95.5,86.0,2.0,19.8,12.0,0.0,0.6,2.75,4.15,5.55,4.15,2.0,2.9,12.0,0.0,0.8,0.6,0.34,1.06,1.78,1.06,2.0,1.5,12.0,0.0,0.8,0.6,-4.57,-1.86,0.84,-1.86,2.0,5.6,12.0,0.0,0.8,0.6,1008.86,1009.2,1009.54,1009.2,2.0,0.71,12.0,0.0,0.8,0.6,7.0,7.0,7.0,7.0,1.0,0.0,8.0,0.0,0.9,0.8,2.1,6.6,11.1,6.6,2.0,9.3,12.0,0.0,0.8,0.6,-29.7,-15.9,-2.0,-15.9,2.0,28.7,12.0,0.0,0.8,0.6,0.38,1.2,2.02,1.2,2.0,1.7,12.0,0.0,0.8,0.6,0.8,2.5,4.2,2.5,2.0,3.6,12.0,0.0,0.8,0.6,0.37,1.17,1.97,1.17,2.0,1.66,12.0,0.0,0.8,0.6,0.8,2.5,4.1,2.5,2.0,3.5,12.0,0.0,0.8,0.6,1.6,5.1,8.6,5.1,2.0,7.2,12.0,0.0,0.8,0.6,-22.2,-9.8,2.6,-9.8,2.0,25.7,12.0,0.0,0.8,0.6,1.8,5.7,9.5,5.7,2.0,8.0,12.0,0.0,0.8,0.6,-25.0,-11.7,1.5,-11.7,2.0,27.4,12.0,0.0,0.8,0.6,0.0,0.0,0.0,0.0,2.0,0.0,12.0,0.0,0.8,0.6,0.8,2.5,4.1,2.5,2.0,3.5,12.0,0.0,0.8,0.6,45.5,124.0,202.0,124.0,2.0,162.0,12.0,0.0,0.8,0.6,45.0,125.0,200.0,125.0,2.0,160.0,12.0,0.0,0.8,0.6
1974,2,307.0,-50.0,,,,,,,,,,,,,,,,,,,,,,,,,,,,,,,,,,,,,,,,,,,,,,,,,,,,,,,,,,,,,,,,,,,,,,,,,,,,,,,,8.0,8.0,8.0,8.0,1.0,0.0,10.0,0.0,0.8,0.7,21.9,21.9,21.9,21.9,1.0,0.0,10.0,0.0,0.8,0.7,-60.1,-60.1,-60.1,-60.1,1.0,0.0,10.0,0.0,0.8,0.7,,,,,,,,,,,,,,,,,,,,,,,,,,,,,,,,,,,,,,,,,,,,,,,,,,,,,,,,,,,,,,,,,,,,,,,,,,,,,,,,,,,,,,,,,,,,,,,,,,,,,,,,,,,,,,,,,,,,,,,,
1974,2,307.0,-48.0,,,,,,,,,,,,,,,,,,,,,,,,,,,,,,,,,,,,,,,,1.0,1.0,1.0,1.0,1.0,0.0,20.0,1.0,0.5,0.4,0.64,0.64,0.64,0.64,1.0,0.0,20.0,1.0,0.5,0.4,0.77,0.77,0.77,0.77,1.0,0.0,20.0,1.0,0.5,0.4,1016.3,1016.3,1016.3,1016.3,1.0,0.0,20.0,1.0,0.5,0.4,,,,,,,,,,,,,,,,,,,,,,,,,,,,,,,,,,,,,,,,,,,,,,,,,,,,,,,,,,,,,,,,,,,,,,,,,,,,,,,,,,,,,,,,,,,,,,,,,,,,,,,,,,,,,,,,,,,,,,,,,,,,,,,,,,,,,,,,,,,,,,,,,,,,,,
1974,2,307.0,-46.0,16.0,16.0,16.0,16.0,1.0,0.0,20.0,1.0,0.9,0.9,17.0,17.0,17.0,17.0,1.0,0.0,20.0,1.0,0.9,0.9,11.42,11.42,11.42,11.42,1.0,0.0,20.0,1.0,0.9,0.9,95.0,95.0,95.0,95.0,1.0,0.0,20.0,1.0,0.9,4.6,4.6,4.6,4.6,1.0,0.0,20.0,1.0,0.9,0.9,2.96,2.96,2.96,2.96,1.0,0.0,20.0,1.0,0.9,0.9,-3.52,-3.52,-3.52,-3.52,1.0,0.0,20.0,1.0,0.9,0.9,1014.3,1014.3,1014.3,1014.3,1.0,0.0,20.0,1.0,0.9,0.9,6.0,6.0,6.0,6.0,1.0,0.0,20.0,1.0,0.9,0.9,13.6,13.6,13.6,13.6,1.0,0.0,20.0,1.0,0.9,0.9,-16.2,-16.2,-16.2,-16.2,1.0,0.0,20.0,1.0,0.9,0.9,-1.0,-1.0,-1.0,-1.0,1.0,0.0,20.0,1.0,0.9,0.9,-4.6,-4.6,-4.6,-4.6,1.0,0.0,20.0,1.0,0.9,0.9,-0.15,-0.15,-0.15,-0.15,1.0,0.0,20.0,1.0,0.9,0.9,-0.7,-0.7,-0.7,-0.7,1.0,0.0,20.0,1.0,0.9,0.9,50.3,50.3,50.3,50.3,1.0,0.0,20.0,1.0,0.9,0.9,-59.9,-59.9,-59.9,-59.9,1.0,0.0,20.0,1.0,0.9,0.9,33.8,33.8,33.8,33.8,1.0,0.0,20.0,1.0,0.9,0.9,-40.2,-40.2,-40.2,-40.2,1.0,0.0,20.0,1.0,0.9,0.9,-0.4,-0.4,-0.4,-0.4,1.0,0.0,20.0,1.0,0.9,0.9,0.5,0.5,0.5,0.5,1.0,0.0,20.0,1.0,0.9,0.9,97.5,97.5,97.5,97.5,1.0,0.0,20.0,1.0,0.9,0.9,95.0,95.0,95.0,95.0,1.0,0.0,20.0,1.0,0.9,0.9
1974,2,307.0,-43.0,19.9,19.9,19.9,19.9,1.0,0.0,26.0,1.0,0.1,1.0,19.3,19.3,19.3,19.3,1.0,0.0,26.0,1.0,0.1,1.0,8.78,8.78,8.78,8.78,1.0,0.0,26.0,1.0,0.1,1.0,63.9,63.9,63.9,63.9,1.0,0.0,26.0,1.0,1.0,4.6,4.6,4.6,4.6,1.0,0.0,26.0,1.0,0.1,1.0,1.57,1.57,1.57,1.57,1.0,0.0,26.0,1.0,0.1,1.0,-4.32,-4.32,-4.32,-4.32,1.0,0.0,26.0,1.0,0.1,1.0,1022.5,1022.5,1022.5,1022.5,1.0,0.0,26.0,1.0,0.1,1.0,2.0,2.0,2.0,2.0,1.0,0.0,26.0,1.0,0.1,1.0,7.2,7.2,7.2,7.2,1.0,0.0,26.0,1.0,0.1,1.0,-19.9,-19.9,-19.9,-19.9,1.0,0.0,26.0,1.0,0.1,1.0,0.6,0.6,0.6,0.6,1.0,0.0,26.0,1.0,0.1,1.0,2.8,2.8,2.8,2.8,1.0,0.0,26.0,1.0,0.1,1.0,5.54,5.54,5.54,5.54,1.0,0.0,26.0,1.0,0.1,1.0,25.5,25.5,25.5,25.5,1.0,0.0,26.0,1.0,0.1,1.0,30.4,30.4,30.4,30.4,1.0,0.0,26.0,1.0,0.1,1.0,-83.4,-83.4,-83.4,-83.4,1.0,0.0,26.0,1.0,0.1,1.0,13.8,13.8,13.8,13.8,1.0,0.0,26.0,1.0,0.1,1.0,-38.0,-38.0,-38.0,-38.0,1.0,0.0,26.0,1.0,0.1,1.0,8.7,8.7,8.7,8.7,1.0,0.0,26.0,1.0,0.1,1.0,-23.9,-23.9,-23.9,-23.9,1.0,0.0,26.0,1.0,0.1,1.0,97.5,97.5,97.5,97.5,1.0,0.0,26.0,1.0,0.1,1.0,95.0,95.0,95.0,95.0,1.0,0.0,26.0,1.0,0.1,1.0
1974,2,307.0,-40.0,19.16,19.5,19.84,19.5,2.0,0.71,26.0,0.5,0.2,0.4,22.57,23.15,23.73,23.15,2.0,1.2,26.0,0.5,0.2,0.4,11.67,11.67,11.67,11.67,1.0,0.0,24.0,1.0,0.3,0.3,63.3,63.3,63.3,63.3,1.0,0.0,24.0,1.0,0.3,3.14,4.3,5.46,4.3,2.0,2.4,26.0,0.5,0.2,0.4,0.55,0.75,0.95,0.75,2.0,0.42,26.0,0.5,0.2,0.4,-5.38,-4.23,-3.09,-4.23,2.0,2.37,26.0,0.5,0.2,0.4,1017.95,1018.05,1018.15,1018.05,2.0,0.21,26.0,0.5,0.2,0.4,0.5,1.5,2.5,1.5,2.0,2.1,26.0,0.5,0.2,0.4,2.0,3.7,5.4,3.7,2.0,3.6,26.0,0.5,0.2,0.4,-30.9,-21.1,-11.2,-21.1,2.0,20.4,26.0,0.5,0.2,0.4,-4.57,-3.65,-2.73,-3.65,2.0,1.91,26.0,0.5,0.2,0.4,-13.7,-13.4,-13.1,-13.4,2.0,0.6,26.0,0.5,0.2,0.4,1.92,1.92,1.92,1.92,1.0,0.0,24.0,1.0,0.3,0.3,5.0,5.0,5.0,5.0,1.0,0.0,24.0,1.0,0.3,0.3,12.8,17.0,21.3,17.0,2.0,8.8,26.0,0.5,0.2,0.4,-120.6,-96.6,-72.6,-96.6,2.0,49.7,26.0,0.5,0.2,0.4,5.3,5.3,5.3,5.3,1.0,0.0,24.0,1.0,0.3,0.3,-29.9,-29.9,-29.9,-29.9,1.0,0.0,24.0,1.0,0.3,0.3,0.9,0.9,0.9,0.9,1.0,0.0,24.0,1.0,0.3,0.3,-4.9,-4.9,-4.9,-4.9,1.0,0.0,24.0,1.0,0.3,0.3,49.0,117.0,184.5,117.0,2.0,140.5,26.0,0.5,0.2,0.4,50.0,115.0,185.0,115.0,2.0,140.0,26.0,0.5,0.2,0.4
1974,2,307.0,-39.0,,,,,,,,,,,,,,,,,,,,,,,,,,,,,,,,,,,,,,,,5.0,5.0,5.0,5.0,1.0,0.0,28.0,0.0,1.0,0.6,-2.5,-2.5,-2.5,-2.5,1.0,0.0,28.0,0.0,1.0,0.6,-4.33,-4.33,-4.33,-4.33,1.0,0.0,28.0,0.0,1.0,0.6,1019.1,1019.1,1019.1,1019.1,1.0,0.0,28.0,0.0,1.0,0.6,,,,,,,,,,,,,,,,,,,,,,,,,,,,,,,,,,,,,,,,,,,,,,,,,,,,,,,,,,,,,,,,,,,,,,,,,,,,,,,,,,,,,,,,,,,,,,,,,,,,,,,,,,,,,,,,,,,,,,,,,,,,,,,,,,,,,,,,,,,,,,,,,,,,,,
1974,2,307.0,-36.0,19.63,21.0,21.0,20.33,3.0,1.15,18.0,0.7,0.5,0.7,20.09,22.0,23.02,21.57,3.0,2.18,18.0,0.7,0.5,0.7,13.53,13.59,13.65,13.59,2.0,0.12,20.0,1.0,0.6,0.7,76.2,79.0,81.8,79.0,2.0,5.8,20.0,1.0,0.7,4.6,4.6,4.87,4.73,3.0,0.23,18.0,0.7,0.5,0.7,2.82,3.52,3.52,3.18,3.0,0.59,18.0,0.7,0.5,0.7,2.96,2.96,3.89,3.41,3.0,0.79,18.0,0.7,0.5,0.7,1011.63,1011.9,1014.15,1012.87,3.0,2.03,18.0,0.7,0.5,0.7,2.3,3.0,3.0,2.7,3.0,0.6,18.0,0.7,0.5,0.7,13.7,16.2,16.2,15.0,3.0,2.1,18.0,0.7,0.5,0.7,13.6,13.6,19.1,16.3,3.0,4.6,18.0,0.7,0.5,0.7,-2.02,-1.0,-0.45,-1.23,3.0,1.17,18.0,0.7,0.5,0.7,-9.3,-4.6,-2.1,-5.7,3.0,5.3,18.0,0.7,0.5,0.7,1.85,1.91,1.97,1.91,2.0,0.12,20.0,1.0,0.6,0.7,8.5,8.8,9.0,8.8,2.0,0.6,20.0,1.0,0.6,0.7,57.4,77.5,81.1,69.4,3.0,18.8,18.0,0.7,0.5,0.7,66.5,69.5,78.8,72.6,3.0,9.4,18.0,0.7,0.5,0.7,47.7,47.9,48.1,47.9,2.0,0.4,20.0,1.0,0.6,0.7,40.0,40.2,40.4,40.2,2.0,0.3,20.0,1.0,0.6,0.7,6.5,6.7,6.9,6.7,2.0,0.4,20.0,1.0,0.6,0.7,5.5,5.6,5.8,5.6,2.0,0.4,20.0,1.0,0.6,0.7,97.5,97.5,116.0,106.5,3.0,16.0,18.0,0.7,0.5,0.7,95.0,95.0,115.0,105.0,3.0,15.0,18.0,0.7,0.5,0.7
1974,2,307.0,-35.0,21.4,22.6,23.86,22.6,5.0,1.81,16.0,0.4,0.3,0.8,21.13,21.7,21.87,21.54,5.0,0.42,16.0,0.4,0.3,0.8,9.85,11.5,12.94,11.4,3.0,2.26,16.0,0.7,0.3,0.8,63.9,73.6,80.8,72.4,3.0,12.4,16.0,0.7,0.8,3.37,4.6,8.92,6.16,5.0,4.6,16.0,0.4,0.3,0.8,-8.18,-4.04,2.23,-3.46,5.0,6.13,16.0,0.4,0.3,0.8,-3.01,1.04,1.95,-0.42,5.0,3.98,16.0,0.4,0.3,0.8,1010.29,1013.7,1020.22,1015.08,5.0,5.33,16.0,0.4,0.3,0.8,1.3,3.0,8.0,4.2,5.0,3.6,16.0,0.4,0.3,0.8,-84.5,-16.6,7.4,-40.9,5.0,74.5,16.0,0.4,0.3,0.8,-37.6,2.2,9.9,-15.3,5.0,46.8,16.0,0.4,0.3,0.8,0.21,1.0,1.98,1.06,5.0,1.43,16.0,0.4,0.3,0.8,-0.3,4.6,20.7,10.6,5.0,18.2,16.0,0.4,0.3,0.8,4.04,5.16,5.28,4.67,3.0,1.0,16.0,0.7,0.3,0.8,12.0,21.9,23.2,17.7,3.0,8.9,16.0,0.7,0.3,0.8,-179.2,-84.8,47.9,-75.6,5.0,134.0,16.0,0.4,0.3,0.8,-65.7,22.7,41.7,-9.7,5.0,86.7,16.0,0.4,0.3,0.8,-17.2,24.7,31.1,7.4,3.0,38.4,16.0,0.7,0.3,0.8,0.1,14.3,32.2,16.1,3.0,23.5,16.0,0.7,0.3,0.8,-12.7,6.4,12.5,0.0,3.0,19.2,16.0,0.7,0.3,0.8,-1.4,3.7,13.6,6.0,3.0,11.2,16.0,0.7,0.3,0.8,47.0,97.5,1139.0,627.0,5.0,1186.0,16.0,0.4,0.3,0.8,45.0,95.0,1140.0,625.0,5.0,1185.0,16.0,0.4,0.3,0.8
1974,2,307.0,-34.0,21.0,22.5,24.0,22.48,15.0,1.89,14.0,0.7,0.6,0.5,20.0,23.2,25.0,22.79,17.0,2.3,14.0,0.8,0.6,0.5,10.89,12.36,16.02,12.87,15.0,3.02,16.0,0.8,0.6,0.5,61.9,74.5,86.5,72.8,15.0,13.9,16.0,0.8,0.5,4.1,4.6,6.7,5.38,17.0,2.72,16.0,0.7,0.6,0.5,-5.37,-4.1,-1.32,-3.69,17.0,3.3,16.0,0.7,0.6,0.5,-3.14,0.0,3.17,-0.08,17.0,3.58,16.0,0.7,0.6,0.5,1011.01,1016.55,1018.15,1015.32,18.0,3.52,16.0,0.7,0.6,0.5,3.0,5.0,7.0,4.8,17.0,2.3,16.0,0.8,0.6,0.5,-34.1,-16.8,-4.6,-23.4,17.0,38.5,16.0,0.7,0.6,0.5,-14.0,0.0,15.3,-0.2,17.0,30.3,16.0,0.7,0.6,0.5,-2.0,0.0,1.16,-0.45,15.0,2.21,14.0,0.7,0.6,0.5,-8.2,1.2,6.7,-0.9,14.0,11.3,14.0,0.7,0.6,0.5,1.89,3.72,5.19,3.55,13.0,1.89,16.0,0.8,0.6,0.6,8.2,17.2,22.9,17.1,12.0,9.5,16.0,0.8,0.6,0.6,-116.2,-96.1,-21.4,-82.2,16.0,75.8,16.0,0.8,0.6,0.5,-80.5,0.0,64.6,-3.5,16.0,78.4,16.0,0.8,0.6,0.5,-65.7,-53.3,-21.0,-45.3,14.0,25.1,16.0,0.8,0.6,0.5,-45.6,0.0,32.1,-6.9,14.0,34.4,16.0,0.8,0.6,0.5,-18.8,-13.3,-3.0,-13.3,12.0,10.9,16.0,0.8,0.6,0.6,-4.4,0.0,9.7,1.7,12.0,9.8,16.0,0.8,0.6,0.6,69.0,97.5,301.0,291.5,17.0,530.0,16.0,0.7,0.6,0.5,70.0,95.0,300.0,290.0,17.0,530.0,16.0,0.7,0.6,0.5
1974,2,307.0,-33.0,22.32,23.0,24.37,23.33,3.0,1.53,14.0,0.0,0.9,0.3,24.0,24.0,24.68,24.33,3.0,0.58,14.0,0.0,0.9,0.3,12.8,15.5,16.86,14.85,3.0,3.03,14.0,0.0,0.9,0.3,69.3,83.8,87.1,78.3,3.0,13.9,14.0,0.0,0.3,5.27,6.7,8.47,6.87,3.0,2.35,14.0,0.0,0.9,0.3,-7.59,-5.13,1.32,-3.18,3.0,6.75,14.0,0.0,0.9,0.3,-3.95,-3.18,0.06,-1.97,3.0,3.12,14.0,0.0,0.9,0.3,1014.37,1015.6,1017.24,1015.8,3.0,2.11,14.0,0.0,0.9,0.3,1.6,3.0,6.4,4.0,3.0,3.6,14.0,0.0,0.9,0.3,-66.4,-34.4,2.7,-31.9,3.0,50.6,14.0,0.0,0.9,0.3,-29.4,-28.9,-4.2,-17.1,3.0,21.1,14.0,0.0,0.9,0.3,-1.68,-1.0,-0.32,-1.0,3.0,1.0,14.0,0.0,0.9,0.3,-9.3,-9.2,-2.9,-6.2,3.0,5.3,14.0,0.0,0.9,0.3,1.32,2.26,4.76,3.02,3.0,2.6,14.0,0.0,0.9,0.3,7.6,15.2,42.4,24.8,3.0,26.8,14.0,0.0,0.9,0.3,-183.9,-128.3,30.1,-78.1,3.0,162.7,14.0,0.0,0.9,0.3,-97.7,-76.3,1.5,-48.7,3.0,76.5,14.0,0.0,0.9,0.3,-97.4,-89.8,17.2,-41.2,3.0,93.9,14.0,0.0,0.9,0.3,-63.1,-36.7,5.0,-29.2,3.0,50.3,14.0,0.0,0.9,0.3,-39.0,-11.6,-1.1,-19.8,3.0,28.7,14.0,0.0,0.9,0.3,-15.9,-9.7,-2.1,-9.1,3.0,10.1,14.0,0.0,0.9,0.3,162.0,301.0,644.5,401.0,3.0,364.0,14.0,0.0,0.9,0.3,160.0,300.0,645.0,400.0,3.0,365.0,14.0,0.0,0.9,0.3
1974,2,307.0,5.0,26.5,26.5,26.5,26.5,2.0,0.0,26.0,0.0,0.8,0.9,24.6,25.9,26.31,25.47,3.0,1.31,18.0,0.0,0.8,0.8,15.11,15.11,15.11,15.11,1.0,0.0,28.0,0.0,0.6,0.9,72.6,72.6,72.6,72.6,1.0,0.0,28.0,0.0,0.9,8.21,9.3,11.35,9.77,3.0,2.34,18.0,0.0,0.8,0.8,-5.36,-4.21,-2.44,-3.91,3.0,2.16,18.0,0.0,0.8,0.8,-10.8,-9.16,-6.29,-8.56,3.0,3.35,18.0,0.0,0.8,0.8,1008.89,1010.8,1011.55,1010.23,3.0,2.01,18.0,0.0,0.8,0.8,4.6,6.0,7.4,6.0,3.0,2.0,18.0,0.0,0.8,0.8,-49.7,-45.4,-24.7,-37.4,3.0,19.6,18.0,0.0,0.8,0.8,-124.1,-85.2,-53.0,-88.5,3.0,52.1,18.0,0.0,0.8,0.8,0.9,1.55,2.2,1.55,2.0,1.34,26.0,0.0,0.8,0.9,9.9,15.3,20.7,15.3,2.0,11.2,26.0,0.0,0.8,0.9,6.55,6.55,6.55,6.55,1.0,0.0,28.0,0.0,0.6,0.9,80.6,80.6,80.6,80.6,1.0,0.0,28.0,0.0,0.6,0.9,-141.3,-109.0,-61.0,-101.3,3.0,59.1,18.0,0.0,0.8,0.8,-274.1,-219.8,-159.3,-216.8,3.0,84.1,18.0,0.0,0.8,0.8,-63.6,-63.6,-63.6,-63.6,1.0,0.0,28.0,0.0,0.6,0.9,-174.7,-174.7,-174.7,-174.7,1.0,0.0,28.0,0.0,0.6,0.9,-27.6,-27.6,-27.6,-27.6,1.0,0.0,28.0,0.0,0.6,0.9,-75.7,-75.7,-75.7,-75.7,1.0,0.0,28.0,0.0,0.6,0.9,567.0,804.5,1525.5,1040.5,3.0,731.5,18.0,0.0,0.8,0.8,565.0,805.0,1525.0,1040.0,3.0,730.0,18.0,0.0,0.8,0.8
1974,2,307.0,6.0,27.03,27.4,28.23,27.45,8.0,0.69,20.0,0.5,0.5,0.4,25.73,26.5,27.51,26.58,9.0,0.87,18.0,0.6,0.5,0.4,15.55,15.82,17.86,16.69,8.0,1.69,18.0,0.6,0.5,0.4,72.4,75.9,79.0,76.4,8.0,4.5,18.0,0.6,0.4,6.81,8.5,10.63,8.63,8.0,1.86,18.0,0.6,0.5,0.4,-8.15,-6.51,-4.38,-6.29,8.0,1.78,18.0,0.6,0.5,0.4,-6.84,-5.94,-4.97,-5.86,8.0,0.91,18.0,0.6,0.5,0.4,1009.61,1011.05,1012.57,1011.14,8.0,1.59,18.0,0.6,0.5,0.4,4.0,6.0,6.0,5.0,9.0,1.2,18.0,0.6,0.5,0.4,-86.8,-55.8,-29.9,-57.1,8.0,27.3,18.0,0.6,0.5,0.4,-72.8,-50.5,-34.8,-52.0,8.0,18.9,18.0,0.6,0.5,0.4,0.58,1.35,1.78,1.05,8.0,1.14,20.0,0.5,0.5,0.4,2.6,13.0,17.1,10.2,7.0,11.4,18.0,0.6,0.6,0.3,6.38,7.1,8.09,6.8,7.0,1.66,18.0,0.6,0.6,0.3,46.5,65.3,78.8,62.2,7.0,22.5,18.0,0.6,0.6,0.3,-213.1,-176.1,-117.4,-166.8,8.0,44.3,18.0,0.6,0.5,0.4,-178.8,-154.4,-137.3,-155.5,8.0,19.9,18.0,0.6,0.5,0.4,-127.7,-109.2,-78.4,-103.5,8.0,24.7,18.0,0.6,0.5,0.4,-107.1,-95.2,-89.3,-96.8,8.0,9.7,18.0,0.6,0.5,0.4,-60.4,-50.1,-30.0,-46.0,7.0,18.6,18.0,0.6,0.6,0.3,-50.7,-42.0,-35.5,-41.7,7.0,13.6,18.0,0.6,0.6,0.3,318.0,630.5,1209.0,720.5,8.0,443.0,18.0,0.6,0.5,0.4,320.0,630.0,1210.0,720.0,8.0,445.0,18.0,0.6,0.5,0.4
1974,2,307.0,7.0,26.36,27.1,27.36,26.98,10.0,0.71,20.0,0.7,0.6,0.4,25.21,25.7,26.41,25.85,10.0,0.85,20.0,0.7,0.6,0.4,14.5,14.56,15.64,15.07,7.0,1.38,18.0,0.7,0.6,0.4,66.7,71.6,77.5,72.2,7.0,5.0,18.0,0.7,0.4,10.25,11.0,12.04,10.97,7.0,1.19,18.0,0.7,0.6,0.4,-9.6,-8.43,-7.59,-8.42,7.0,1.84,18.0,0.7,0.6,0.4,-8.93,-6.45,-5.13,-6.7,7.0,1.8,18.0,0.7,0.6,0.4,1010.57,1012.1,1012.53,1011.6,7.0,1.16,18.0,0.7,0.6,0.4,4.3,6.0,6.7,5.2,9.0,2.2,22.0,0.7,0.6,0.4,-106.7,-92.6,-73.9,-93.4,7.0,27.9,18.0,0.7,0.6,0.4,-92.8,-77.8,-52.6,-74.3,7.0,23.5,18.0,0.7,0.6,0.4,0.77,1.2,1.4,1.13,10.0,0.31,20.0,0.7,0.6,0.4,6.2,14.2,15.4,11.6,7.0,4.2,18.0,0.7,0.6,0.4,6.12,7.36,8.26,7.22,7.0,1.25,18.0,0.7,0.6,0.4,63.0,84.7,88.8,79.1,7.0,14.9,18.0,0.7,0.6,0.4,-248.3,-216.6,-194.1,-217.2,7.0,43.8,18.0,0.7,0.6,0.4,-235.0,-161.2,-136.9,-174.3,7.0,49.9,18.0,0.7,0.6,0.4,-132.9,-122.7,-111.2,-125.6,7.0,24.8,18.0,0.7,0.6,0.4,-134.9,-100.1,-74.9,-102.2,7.0,34.1,18.0,0.7,0.6,0.4,-73.9,-63.3,-49.2,-61.1,7.0,17.5,18.0,0.7,0.6,0.4,-56.4,-49.8,-36.2,-48.0,7.0,13.1,18.0,0.7,0.6,0.4,1079.0,1331.0,1748.0,1361.0,7.0,448.5,18.0,0.7,0.6,0.4,1080.0,1330.0,1750.0,1360.0,7.0,450.0,18.0,0.7,0.6,0.4
1974,2,307.0,8.0,26.32,26.7,27.14,26.77,11.0,0.65,12.0,0.7,0.7,0.5,25.56,25.9,27.85,26.55,11.0,1.18,12.0,0.7,0.7,0.5,15.36,16.23,17.37,16.36,4.0,1.2,14.0,1.0,0.8,0.6,69.0,71.9,74.8,71.9,4.0,3.4,14.0,1.0,0.6,5.51,8.85,12.17,8.82,10.0,3.21,10.0,0.7,0.7,0.6,-11.15,-8.78,-4.85,-8.13,10.0,2.88,10.0,0.7,0.7,0.6,-5.52,-1.44,0.0,-2.57,10.0,2.77,10.0,0.7,0.7,0.6,1010.79,1012.75,1013.61,1012.24,10.0,1.8,10.0,0.7,0.7,0.6,2.4,4.5,7.0,4.7,10.0,2.0,12.0,0.8,0.7,0.5,-133.1,-77.8,-27.4,-79.6,10.0,48.9,10.0,0.7,0.7,0.6,-70.5,-10.8,0.0,-27.2,10.0,35.8,10.0,0.7,0.7,0.6,-1.01,0.7,1.08,0.22,11.0,1.15,12.0,0.7,0.7,0.5,-6.0,4.5,13.3,2.7,10.0,10.7,10.0,0.7,0.7,0.6,4.44,6.07,6.87,5.67,4.0,1.71,14.0,1.0,0.8,0.6,31.8,56.3,83.5,57.6,4.0,30.1,14.0,1.0,0.8,0.6,-293.8,-234.7,-134.9,-216.1,10.0,76.1,10.0,0.7,0.7,0.6,-149.7,-40.2,0.0,-68.2,10.0,72.9,10.0,0.7,0.7,0.6,-164.7,-147.4,-122.9,-144.0,4.0,29.5,14.0,1.0,0.8,0.6,-93.2,-45.4,-12.8,-52.6,4.0,51.8,14.0,1.0,0.8,0.6,-72.1,-47.3,-31.6,-51.6,4.0,25.2,14.0,1.0,0.8,0.6,-40.5,-17.7,-2.4,-21.3,4.0,23.2,14.0,1.0,0.8,0.6,173.5,694.0,1804.0,927.5,10.0,789.0,10.0,0.7,0.7,0.6,175.0,695.0,1805.0,925.0,10.0,790.0,10.0,0.7,0.7,0.6
1974,2,307.0,9.0,25.96,26.7,27.35,26.7,25.0,1.0,8.0,0.6,0.6,0.3,25.24,25.6,26.84,25.86,25.0,0.84,8.0,0.6,0.6,0.3,15.12,15.9,17.83,16.31,13.0,1.57,12.0,0.6,0.4,0.4,73.8,77.2,87.3,79.0,13.0,7.9,12.0,0.6,0.4,6.85,10.0,12.06,9.61,25.0,2.62,8.0,0.6,0.6,0.3,-11.56,-9.0,-5.8,-8.86,25.0,2.76,8.0,0.6,0.6,0.3,-4.67,-3.08,0.0,-2.94,25.0,2.16,8.0,0.6,0.6,0.3,1010.08,1011.4,1013.38,1011.54,25.0,1.64,8.0,0.6,0.6,0.3,2.5,6.0,7.0,4.9,23.0,2.2,10.0,0.7,0.6,0.3,-141.9,-81.3,-37.1,-91.8,25.0,50.2,8.0,0.6,0.6,0.3,-53.0,-25.0,0.0,-28.5,25.0,24.3,8.0,0.6,0.6,0.3,-0.04,0.6,1.76,0.84,25.0,0.91,8.0,0.6,0.6,0.3,-0.2,6.5,18.0,9.0,25.0,10.5,8.0,0.6,0.6,0.3,4.16,5.67,6.9,5.62,13.0,1.95,12.0,0.6,0.4,0.4,32.5,60.1,76.1,59.4,13.0,27.0,12.0,0.6,0.4,0.4,-284.2,-228.6,-154.3,-228.8,25.0,72.6,8.0,0.6,0.6,0.3,-120.0,-80.3,0.0,-75.5,25.0,55.8,8.0,0.6,0.6,0.3,-189.9,-151.1,-123.5,-154.7,13.0,61.4,12.0,0.6,0.4,0.4,-89.3,-58.7,-30.1,-58.3,13.0,34.3,12.0,0.6,0.4,0.4,-72.0,-46.0,-31.6,-53.8,13.0,28.0,12.0,0.6,0.4,0.4,-36.4,-24.8,-5.3,-20.0,13.0,13.9,12.0,0.6,0.4,0.4,323.0,1000.0,1753.5,1074.5,25.0,795.5,8.0,0.6,0.6,0.3,325.0,1000.0,1755.0,1075.0,25.0,795.0,8.0,0.6,0.6,0.3
1974,2,307.0,10.0,26.05,26.5,27.2,26.55,12.0,0.79,10.0,0.3,0.5,0.4,24.71,25.5,26.09,25.77,14.0,1.31,10.0,0.4,0.5,0.4,15.19,15.44,16.3,16.08,9.0,1.72,14.0,0.3,0.6,0.4,76.1,80.5,82.9,79.7,9.0,5.6,14.0,0.3,0.4,5.3,7.7,9.23,7.73,15.0,2.38,10.0,0.4,0.4,0.4,-8.39,-7.1,-5.04,-7.04,15.0,2.23,10.0,0.4,0.4,0.4,-3.97,-1.74,-1.09,-1.77,15.0,2.86,10.0,0.4,0.4,0.4,1009.9,1012.6,1014.29,1012.21,15.0,2.23,10.0,0.4,0.4,0.4,2.0,4.0,7.0,4.3,15.0,2.4,10.0,0.4,0.4,0.4,-75.0,-58.2,-26.9,-59.1,15.0,35.0,10.0,0.4,0.4,0.4,-31.9,-10.3,-5.1,-15.2,15.0,27.1,10.0,0.4,0.4,0.4,0.42,0.9,2.08,0.92,12.0,1.29,10.0,0.3,0.5,0.4,2.7,5.8,13.9,5.5,12.0,12.1,10.0,0.3,0.5,0.4,4.76,6.11,6.88,6.06,8.0,1.4,12.0,0.3,0.6,0.5,25.0,47.1,59.9,45.0,8.0,18.5,12.0,0.3,0.6,0.5,-212.2,-178.2,-123.3,-182.5,14.0,66.4,10.0,0.4,0.5,0.4,-102.9,-43.4,-27.7,-45.6,14.0,76.2,10.0,0.4,0.5,0.4,-127.7,-109.0,-74.8,-105.0,9.0,35.6,14.0,0.3,0.6,0.4,-83.5,-28.3,27.9,-24.9,9.0,63.4,14.0,0.3,0.6,0.4,-55.8,-39.4,-23.5,-39.7,8.0,15.7,12.0,0.3,0.6,0.5,-34.6,-15.7,-8.5,-17.1,8.0,16.5,12.0,0.3,0.6,0.5,151.0,456.5,787.5,584.5,15.0,500.0,10.0,0.4,0.4,0.4,150.0,455.0,790.0,585.0,15.0,500.0,10.0,0.4,0.4,0.4
1974,2,307.0,11.0,26.04,27.0,27.55,26.8,3.0,1.11,14.0,0.3,0.4,0.4,24.8,25.0,25.0,24.9,3.0,0.17,14.0,0.3,0.4,0.4,13.9,16.63,17.56,15.75,3.0,2.78,14.0,0.3,0.4,0.4,71.3,83.9,88.7,80.1,3.0,13.1,14.0,0.3,0.4,6.52,7.2,7.88,7.2,3.0,1.0,14.0,0.3,0.4,0.4,-6.81,-6.2,-5.57,-6.19,3.0,0.91,14.0,0.3,0.4,0.4,-4.29,0.0,0.85,-1.68,3.0,4.04,14.0,0.3,0.4,0.4,1009.66,1010.0,1013.21,1011.4,3.0,2.87,14.0,0.3,0.4,0.4,2.0,2.0,6.1,4.0,3.0,3.5,14.0,0.3,0.4,0.4,-48.6,-43.2,-40.0,-44.2,3.0,6.4,14.0,0.3,0.4,0.4,-35.2,0.0,6.1,-14.2,3.0,32.6,14.0,0.3,0.4,0.4,1.25,2.0,2.55,1.9,3.0,0.95,14.0,0.3,0.4,0.4,9.0,12.4,17.7,13.3,3.0,6.4,14.0,0.3,0.4,0.4,5.55,5.75,7.17,6.35,3.0,1.29,14.0,0.3,0.4,0.4,36.8,39.3,56.3,46.4,3.0,15.5,14.0,0.3,0.4,0.4,-170.2,-155.0,-138.1,-154.2,3.0,23.5,14.0,0.3,0.4,0.4,-105.9,0.0,21.3,-41.3,3.0,99.8,14.0,0.3,0.4,0.4,-119.8,-103.1,-78.2,-99.1,3.0,30.7,14.0,0.3,0.4,0.4,-54.2,0.0,15.4,-19.0,3.0,53.5,14.0,0.3,0.4,0.4,-40.5,-38.7,-36.6,-38.5,3.0,2.8,14.0,0.3,0.4,0.4,-33.6,0.0,4.7,-14.1,3.0,30.6,14.0,0.3,0.4,0.4,281.0,373.0,495.0,387.5,3.0,157.0,14.0,0.3,0.4,0.4,280.0,375.0,495.0,390.0,3.0,155.0,14.0,0.3,0.4,0.4
1974,2,307.0,12.0,24.0,24.5,25.52,24.75,4.0,0.96,18.0,0.3,0.2,0.6,23.45,25.0,26.73,25.1,5.0,2.07,16.0,0.2,0.3,0.5,11.24,14.23,15.74,13.5,3.0,3.36,18.0,0.3,0.2,0.5,60.9,66.7,73.3,67.1,4.0,7.7,18.0,0.3,0.6,8.02,10.3,11.67,9.96,5.0,1.97,16.0,0.2,0.3,0.5,-11.16,-10.14,-7.66,-9.63,5.0,1.96,16.0,0.2,0.3,0.5,-3.19,-2.14,-1.62,-2.39,5.0,0.99,16.0,0.2,0.3,0.5,1011.18,1015.0,1018.41,1014.8,3.0,5.3,18.0,0.3,0.2,0.5,3.6,6.0,7.0,5.4,5.0,1.8,16.0,0.2,0.3,0.5,-130.6,-104.5,-61.4,-99.0,5.0,38.4,16.0,0.2,0.3,0.5,-32.6,-23.0,-15.5,-24.3,5.0,12.4,16.0,0.2,0.3,0.5,-2.1,0.75,1.76,-0.12,4.0,2.72,18.0,0.3,0.2,0.6,-25.8,7.7,16.2,-4.2,4.0,31.0,18.0,0.3,0.2,0.6,3.63,6.84,8.07,5.88,3.0,3.36,18.0,0.3,0.2,0.5,34.7,52.7,83.4,58.9,3.0,36.0,18.0,0.3,0.2,0.5,-291.3,-238.9,-188.7,-243.3,5.0,63.2,16.0,0.2,0.3,0.5,-76.3,-59.8,-41.2,-59.1,5.0,21.1,16.0,0.2,0.3,0.5,-170.1,-107.9,-105.6,-137.2,3.0,53.6,18.0,0.3,0.2,0.5,-37.1,-35.1,-24.1,-30.7,3.0,10.2,18.0,0.3,0.2,0.5,-79.1,-51.9,-34.2,-56.5,3.0,33.1,18.0,0.3,0.2,0.5,-25.7,-9.2,-6.0,-15.7,3.0,15.5,18.0,0.3,0.2,0.5,516.5,1092.5,1595.5,1081.0,5.0,593.5,16.0,0.2,0.3,0.5,515.0,1095.0,1595.0,1080.0,5.0,595.0,16.0,0.2,0.3,0.5
1974,2,307.0,13.0,25.79,26.4,26.6,26.2,3.0,0.62,14.0,0.7,0.3,0.6,25.49,25.9,27.05,26.25,4.0,1.22,14.0,0.8,0.3,0.5,14.8,15.15,15.92,15.35,4.0,0.73,14.0,0.8,0.3,0.5,68.0,72.3,76.8,72.4,4.0,5.7,14.0,0.8,0.5,7.68,8.45,9.54,8.6,4.0,1.29,14.0,0.8,0.3,0.5,-9.3,-7.87,-7.36,-8.31,4.0,1.39,14.0,0.8,0.3,0.5,-2.28,0.0,0.0,-1.09,4.0,2.18,14.0,0.8,0.3,0.5,1010.93,1012.75,1014.57,1012.75,4.0,2.14,14.0,0.8,0.3,0.5,1.9,4.5,6.0,4.0,4.0,2.9,14.0,0.8,0.3,0.5,-87.6,-66.4,-58.4,-72.7,4.0,23.3,14.0,0.8,0.3,0.5,-19.8,0.0,0.0,-9.5,4.0,18.9,14.0,0.8,0.3,0.5,-1.05,-0.5,0.66,-0.2,3.0,1.28,14.0,0.7,0.3,0.6,-9.4,-5.1,4.3,-2.6,3.0,10.2,14.0,0.7,0.3,0.6,5.9,6.41,6.61,6.26,3.0,0.53,14.0,0.7,0.3,0.6,50.7,55.8,57.6,54.1,3.0,5.3,14.0,0.7,0.3,0.6,-241.0,-211.3,-195.5,-217.9,4.0,36.1,14.0,0.8,0.3,0.5,-63.8,0.0,0.0,-30.4,4.0,60.9,14.0,0.8,0.3,0.5,-143.5,-125.2,-111.4,-127.3,4.0,20.0,14.0,0.8,0.3,0.5,-35.2,0.0,0.0,-16.8,4.0,33.6,14.0,0.8,0.3,0.5,-55.2,-48.3,-48.3,-51.7,3.0,5.8,14.0,0.7,0.3,0.6,-19.0,0.0,0.0,-9.3,3.0,16.1,14.0,0.7,0.3,0.6,458.0,605.0,886.0,669.0,4.0,306.0,14.0,0.8,0.3,0.5,460.0,605.0,885.0,670.0,4.0,305.0,14.0,0.8,0.3,0.5
1974,2,307.0,14.0,24.48,25.5,25.7,25.1,3.0,0.96,12.0,0.0,0.4,0.8,23.19,23.6,23.87,23.53,3.0,0.5,12.0,0.0,0.4,0.8,13.19,15.39,15.46,14.35,3.0,1.9,12.0,0.0,0.4,0.8,72.4,83.3,86.5,79.5,3.0,10.8,12.0,0.0,0.8,4.4,7.2,8.63,6.53,3.0,3.15,12.0,0.0,0.4,0.8,-8.4,-6.77,-4.14,-6.28,3.0,3.15,12.0,0.0,0.4,0.8,-2.19,-1.61,-1.24,-1.71,3.0,0.71,12.0,0.0,0.4,0.8,1012.06,1012.2,1014.32,1013.17,3.0,1.85,12.0,0.0,0.4,0.8,1.3,2.0,5.4,3.3,3.0,3.2,12.0,0.0,0.4,0.8,-73.6,-48.7,-21.6,-47.6,3.0,38.1,12.0,0.0,0.4,0.8,-16.9,-15.0,-7.0,-12.0,3.0,7.7,12.0,0.0,0.4,0.8,1.25,1.8,1.87,1.57,3.0,0.49,12.0,0.0,0.4,0.8,6.1,7.2,14.3,10.2,3.0,6.6,12.0,0.0,0.4,0.8,3.88,5.28,7.26,5.56,3.0,2.48,12.0,0.0,0.4,0.8,18.6,23.3,59.3,38.6,3.0,32.6,12.0,0.0,0.4,0.8,-196.9,-155.6,-97.1,-147.2,3.0,73.5,12.0,0.0,0.4,0.8,-50.8,-38.1,-29.5,-40.1,3.0,15.7,12.0,0.0,0.4,0.8,-109.1,-104.2,-63.9,-86.9,3.0,36.3,12.0,0.0,0.4,0.8,-32.1,-19.6,-17.4,-24.7,3.0,11.6,12.0,0.0,0.4,0.8,-58.1,-21.9,-17.4,-37.4,3.0,32.6,12.0,0.0,0.4,0.8,-11.5,-8.0,-6.3,-8.9,3.0,3.9,12.0,0.0,0.4,0.8,139.0,373.0,667.5,402.5,3.0,388.0,12.0,0.0,0.4,0.8,140.0,375.0,670.0,400.0,3.0,390.0,12.0,0.0,0.4,0.8
1974,2,307.0,15.0,24.69,25.0,25.42,25.05,4.0,0.57,10.0,0.5,0.4,0.6,23.74,24.5,25.91,24.86,5.0,1.6,10.0,0.6,0.5,0.5,14.09,14.75,15.64,14.86,4.0,1.13,10.0,0.8,0.5,0.5,70.4,75.9,81.3,75.8,4.0,6.4,10.0,0.8,0.5,5.93,7.7,10.92,8.26,5.0,2.93,10.0,0.6,0.5,0.5,-9.98,-7.24,-5.54,-7.64,5.0,3.04,10.0,0.6,0.5,0.5,-3.55,-2.08,1.08,-1.38,5.0,3.04,10.0,0.6,0.5,0.5,1014.13,1015.2,1017.06,1015.5,5.0,1.64,10.0,0.6,0.5,0.5,2.3,3.0,3.4,2.8,5.0,1.1,10.0,0.6,0.5,0.5,-110.1,-55.7,-34.4,-70.1,5.0,48.4,10.0,0.6,0.5,0.5,-35.2,-20.3,5.0,-16.9,5.0,25.5,10.0,0.6,0.5,0.5,0.64,0.9,1.05,0.85,4.0,0.26,10.0,0.5,0.4,0.6,4.8,7.2,9.4,7.1,4.0,2.9,10.0,0.5,0.4,0.6,4.57,4.85,6.36,5.45,3.0,1.41,10.0,0.7,0.5,0.6,33.0,34.1,45.0,38.9,3.0,9.7,10.0,0.7,0.5,0.6,-241.6,-184.2,-139.2,-188.9,5.0,73.1,10.0,0.6,0.5,0.5,-84.1,-51.1,27.0,-32.4,5.0,73.9,10.0,0.6,0.5,0.5,-121.7,-107.7,-75.5,-99.0,4.0,36.1,10.0,0.8,0.5,0.5,-58.5,-19.3,21.1,-18.7,4.0,50.2,10.0,0.8,0.5,0.5,-39.7,-32.1,-27.2,-33.4,3.0,9.3,10.0,0.7,0.5,0.6,-20.8,-11.7,10.5,-5.3,3.0,23.6,10.0,0.7,0.5,0.6,226.5,456.5,1324.5,735.0,5.0,668.5,10.0,0.6,0.5,0.5,225.0,455.0,1325.0,735.0,5.0,670.0,10.0,0.6,0.5,0.5
1974,2,307.0,16.0,24.5,25.6,26.76,25.76,7.0,1.27,14.0,0.4,0.5,0.4,23.9,24.2,25.05,24.29,7.0,1.23,14.0,0.4,0.5,0.4,12.86,14.15,15.67,14.3,7.0,1.49,14.0,0.4,0.5,0.4,69.4,75.5,84.0,75.9,7.0,7.1,14.0,0.4,0.4,4.6,7.7,10.3,7.7,7.0,2.37,14.0,0.4,0.5,0.4,-8.96,-7.7,-4.52,-7.22,7.0,2.07,14.0,0.4,0.5,0.4,-2.75,0.8,3.0,0.16,7.0,3.1,14.0,0.4,0.5,0.4,1015.47,1015.7,1016.5,1015.9,7.0,0.65,14.0,0.4,0.5,0.4,1.0,2.0,4.0,2.4,7.0,1.9,14.0,0.4,0.5,0.4,-92.3,-59.3,-20.8,-59.8,7.0,31.3,14.0,0.4,0.5,0.4,-21.8,3.7,26.4,0.0,7.0,29.7,14.0,0.4,0.5,0.4,-0.3,1.7,2.56,1.47,7.0,1.51,14.0,0.4,0.5,0.4,-1.5,11.5,21.5,12.7,7.0,14.3,14.0,0.4,0.5,0.4,5.24,6.1,8.14,6.38,7.0,1.82,14.0,0.4,0.5,0.4,29.1,40.8,83.8,50.7,7.0,27.8,14.0,0.4,0.5,0.4,-215.0,-196.2,-106.8,-176.1,7.0,52.3,14.0,0.4,0.5,0.4,-68.6,17.6,72.1,3.4,7.0,75.0,14.0,0.4,0.5,0.4,-128.2,-116.8,-58.9,-104.3,7.0,33.1,14.0,0.4,0.5,0.4,-44.6,10.4,46.7,2.5,7.0,43.6,14.0,0.4,0.5,0.4,-72.9,-38.5,-27.6,-47.3,7.0,24.7,14.0,0.4,0.5,0.4,-15.3,4.9,13.2,0.7,7.0,23.5,14.0,0.4,0.5,0.4,97.5,456.5,1092.5,564.5,7.0,413.5,14.0,0.4,0.5,0.4,95.0,455.0,1095.0,565.0,7.0,415.0,14.0,0.4,0.5,0.4
1974,2,307.0,17.0,24.25,24.5,25.22,24.72,9.0,0.62,16.0,0.7,0.6,0.4,22.67,24.2,24.47,23.87,9.0,1.1,16.0,0.7,0.6,0.4,12.37,13.77,14.42,13.59,9.0,1.09,16.0,0.7,0.6,0.4,67.3,74.5,82.4,74.2,9.0,7.3,16.0,0.7,0.4,5.4,6.7,11.03,7.94,9.0,3.03,16.0,0.7,0.6,0.4,-10.53,-5.9,-5.29,-7.33,9.0,2.86,16.0,0.7,0.6,0.4,-3.02,-1.08,3.62,-0.33,9.0,3.39,16.0,0.7,0.6,0.4,1014.49,1016.9,1017.9,1016.44,9.0,2.01,16.0,0.7,0.6,0.4,0.4,5.0,7.0,4.5,8.0,3.1,18.0,0.8,0.6,0.4,-116.6,-38.9,-28.7,-65.8,9.0,51.5,16.0,0.7,0.6,0.4,-22.4,-6.7,27.8,-3.9,9.0,33.8,16.0,0.7,0.6,0.4,0.08,0.5,1.76,0.86,9.0,1.07,16.0,0.7,0.6,0.4,0.6,3.7,12.4,5.3,9.0,7.0,16.0,0.7,0.6,0.4,4.98,6.1,6.8,5.8,9.0,0.98,16.0,0.7,0.6,0.4,31.2,35.7,68.3,45.6,9.0,17.9,16.0,0.7,0.6,0.4,-258.0,-143.9,-117.1,-176.4,9.0,73.2,16.0,0.7,0.6,0.4,-71.5,-26.3,88.2,-6.9,9.0,83.4,16.0,0.7,0.6,0.4,-148.4,-82.2,-70.5,-100.1,9.0,40.3,16.0,0.7,0.6,0.4,-41.8,-13.0,54.7,-3.0,9.0,48.5,16.0,0.7,0.6,0.4,-64.1,-31.9,-29.0,-42.4,9.0,17.2,16.0,0.7,0.6,0.4,-16.3,-7.6,14.9,-2.0,9.0,18.3,16.0,0.7,0.6,0.4,161.0,301.0,1348.5,711.5,9.0,786.5,16.0,0.7,0.6,0.4,160.0,300.0,1350.0,710.0,9.0,785.0,16.0,0.7,0.6,0.4
1974,2,307.0,18.0,24.36,24.5,24.81,24.58,5.0,0.28,14.0,0.6,0.3,0.6,23.43,24.0,24.5,23.92,5.0,0.7,14.0,0.6,0.3,0.6,13.62,14.04,15.03,14.32,3.0,1.06,12.0,0.7,0.5,0.5,62.5,73.0,79.3,71.0,4.0,13.1,12.0,0.5,0.5,2.92,6.7,9.59,6.3,5.0,4.44,14.0,0.6,0.3,0.6,-8.48,-6.6,-2.53,-5.57,5.0,3.67,14.0,0.6,0.3,0.6,-3.72,-1.16,0.84,-1.6,5.0,3.72,14.0,0.6,0.3,0.6,1014.07,1018.3,1018.65,1016.45,4.0,3.98,14.0,0.8,0.4,0.5,1.0,2.0,2.4,1.8,5.0,0.8,14.0,0.6,0.3,0.6,-82.3,-44.2,-11.6,-47.8,5.0,43.1,14.0,0.6,0.3,0.6,-41.2,-7.8,3.9,-20.3,5.0,41.3,14.0,0.6,0.3,0.6,0.28,0.5,1.01,0.66,5.0,0.74,14.0,0.6,0.3,0.6,-0.3,2.3,4.3,2.2,5.0,2.7,14.0,0.6,0.3,0.6,3.91,5.08,5.48,4.7,3.0,1.2,12.0,0.7,0.5,0.5,22.6,38.0,40.5,31.7,3.0,14.2,12.0,0.7,0.5,0.5,-207.8,-158.4,-60.2,-135.2,5.0,90.1,14.0,0.6,0.3,0.6,-91.2,-27.9,20.0,-39.4,5.0,90.7,14.0,0.6,0.3,0.6,-105.5,-88.6,-70.2,-87.9,3.0,25.9,12.0,0.7,0.5,0.5,-18.6,-15.6,19.4,0.0,3.0,30.9,12.0,0.7,0.5,0.5,-39.9,-37.4,-21.0,-30.6,3.0,15.0,12.0,0.7,0.5,0.5,-7.0,-6.6,3.2,-2.0,3.0,8.5,12.0,0.7,0.5,0.5,62.0,301.0,981.0,535.5,5.0,699.5,14.0,0.6,0.3,0.6,60.0,300.0,980.0,535.0,5.0,700.0,14.0,0.6,0.3,0.6
1974,2,307.0,19.0,24.0,24.4,25.0,24.59,17.0,1.0,16.0,0.4,0.5,0.4,23.36,24.0,26.37,24.57,17.0,1.71,16.0,0.4,0.5,0.4,12.78,14.12,14.79,13.94,16.0,1.1,16.0,0.4,0.5,0.4,66.9,70.9,79.9,73.0,16.0,7.5,16.0,0.4,0.4,4.6,6.2,9.76,7.01,17.0,2.81,16.0,0.4,0.5,0.4,-9.4,-6.2,-3.95,-6.57,17.0,2.96,16.0,0.4,0.5,0.4,-2.63,-1.5,1.46,-0.87,17.0,2.14,16.0,0.4,0.5,0.4,1016.11,1016.9,1020.28,1017.99,17.0,2.64,16.0,0.4,0.5,0.4,0.5,2.0,4.0,2.5,17.0,1.7,16.0,0.4,0.5,0.4,-91.9,-38.4,-18.9,-53.7,17.0,46.0,16.0,0.4,0.5,0.4,-20.3,-6.7,9.5,-6.4,17.0,17.1,16.0,0.4,0.5,0.4,-1.89,0.1,1.46,0.02,17.0,2.06,16.0,0.4,0.5,0.4,-14.3,0.8,7.0,0.5,17.0,18.5,16.0,0.4,0.5,0.4,3.92,5.1,6.55,5.33,16.0,1.86,16.0,0.4,0.5,0.4,20.9,32.0,48.8,41.2,16.0,29.8,16.0,0.4,0.5,0.4,-252.4,-149.8,-95.1,-162.4,17.0,76.6,16.0,0.4,0.5,0.4,-62.2,-36.3,36.6,-20.2,17.0,54.7,16.0,0.4,0.5,0.4,-141.1,-90.6,-66.5,-94.3,16.0,38.4,16.0,0.4,0.5,0.4,-33.9,-17.1,23.3,-10.9,16.0,31.4,16.0,0.4,0.5,0.4,-47.3,-30.4,-20.0,-39.1,16.0,30.1,16.0,0.4,0.5,0.4,-14.6,-6.9,7.9,-5.1,16.0,11.8,16.0,0.4,0.5,0.4,97.5,238.5,937.0,516.0,17.0,627.5,16.0,0.4,0.5,0.4,95.0,240.0,935.0,515.0,17.0,630.0,16.0,0.4,0.5,0.4
1974,2,307.0,20.0,23.78,24.5,25.73,24.8,9.0,1.48,18.0,0.4,0.6,0.5,22.22,23.4,24.73,23.47,9.0,1.52,18.0,0.4,0.6,0.5,12.77,14.41,15.62,14.3,8.0,1.47,16.0,0.5,0.6,0.4,73.5,80.7,89.7,80.4,8.0,8.1,16.0,0.5,0.4,6.33,7.7,9.95,8.08,9.0,2.36,18.0,0.4,0.6,0.5,-9.84,-6.67,-5.17,-7.36,9.0,2.97,18.0,0.4,0.6,0.5,-3.61,-2.14,2.14,-0.8,9.0,2.91,18.0,0.4,0.6,0.5,1017.81,1020.0,1020.94,1019.44,9.0,1.86,18.0,0.4,0.6,0.5,2.3,5.0,6.7,4.6,9.0,1.9,18.0,0.4,0.6,0.5,-97.8,-51.3,-32.9,-65.6,9.0,42.8,18.0,0.4,0.6,0.5,-26.2,-15.4,16.8,-6.5,9.0,21.2,18.0,0.4,0.6,0.5,0.0,0.8,3.66,1.33,9.0,2.66,18.0,0.4,0.6,0.5,0.0,7.8,22.8,12.6,9.0,26.1,18.0,0.4,0.6,0.5,3.04,4.92,6.79,5.3,8.0,2.81,16.0,0.5,0.6,0.4,23.5,30.7,46.7,44.7,8.0,39.4,16.0,0.5,0.6,0.4,-235.3,-152.0,-126.7,-172.1,9.0,67.8,18.0,0.4,0.6,0.5,-84.2,-47.0,46.6,-17.8,9.0,69.7,18.0,0.4,0.6,0.5,-145.2,-91.4,-70.0,-99.6,8.0,41.9,16.0,0.5,0.6,0.4,-51.7,-29.7,25.8,-16.4,8.0,42.0,16.0,0.5,0.6,0.4,-43.9,-27.6,-15.1,-41.0,8.0,40.3,16.0,0.5,0.6,0.4,-20.1,-12.1,10.5,-7.4,8.0,15.1,16.0,0.5,0.6,0.4,255.0,456.5,984.0,650.5,9.0,551.0,18.0,0.4,0.6,0.5,255.0,455.0,985.0,650.0,9.0,550.0,18.0,0.4,0.6,0.5
1974,2,307.0,21.0,23.29,24.35,25.0,24.18,8.0,0.92,18.0,0.6,0.7,0.6,22.5,23.5,24.73,23.29,9.0,1.66,18.0,0.7,0.7,0.6,12.08,13.15,15.35,13.49,8.0,1.7,18.0,0.6,0.7,0.6,68.6,73.5,83.0,74.4,8.0,6.8,18.0,0.6,0.6,6.26,7.7,8.64,7.45,8.0,1.86,18.0,0.6,0.7,0.6,-8.05,-7.15,-5.47,-6.83,8.0,1.5,18.0,0.6,0.7,0.6,-3.99,-1.9,0.0,-2.02,8.0,2.59,18.0,0.6,0.7,0.6,1019.32,1021.8,1023.8,1021.58,9.0,2.29,18.0,0.7,0.7,0.6,2.0,2.0,4.0,2.7,9.0,1.1,18.0,0.7,0.7,0.6,-73.6,-55.0,-34.3,-53.0,8.0,21.7,18.0,0.6,0.7,0.6,-32.0,-14.2,0.0,-17.2,8.0,24.8,18.0,0.6,0.7,0.6,-0.71,0.6,1.43,0.48,8.0,1.26,18.0,0.6,0.7,0.6,-4.8,3.4,14.6,3.6,8.0,9.2,18.0,0.6,0.7,0.6,3.44,5.74,6.8,5.19,8.0,1.96,18.0,0.6,0.7,0.6,24.2,42.0,48.2,38.7,8.0,18.9,18.0,0.6,0.7,0.6,-188.4,-175.2,-125.4,-161.6,8.0,34.8,18.0,0.6,0.7,0.6,-98.9,-46.8,0.0,-47.7,8.0,60.0,18.0,0.6,0.7,0.6,-111.7,-96.5,-70.0,-91.9,8.0,22.4,18.0,0.6,0.7,0.6,-64.2,-24.5,0.0,-26.5,8.0,33.4,18.0,0.6,0.7,0.6,-47.5,-37.9,-22.7,-35.0,8.0,15.2,18.0,0.6,0.7,0.6,-20.5,-10.7,0.0,-11.9,8.0,16.7,18.0,0.6,0.7,0.6,245.5,462.5,646.5,479.5,8.0,313.5,18.0,0.6,0.7,0.6,245.0,460.0,645.0,480.0,8.0,315.0,18.0,0.6,0.7,0.6
1974,2,307.0,22.0,22.83,23.2,24.21,23.44,11.0,0.78,16.0,0.7,0.6,0.5,21.36,22.7,24.0,22.75,13.0,1.5,16.0,0.7,0.6,0.5,10.84,13.5,16.08,13.44,9.0,2.57,12.0,0.8,0.5,0.4,64.0,78.6,82.3,75.7,9.0,10.4,12.0,0.8,0.4,4.05,8.0,10.3,7.18,13.0,2.9,16.0,0.7,0.6,0.5,-9.89,-6.62,-3.6,-5.86,13.0,3.51,16.0,0.7,0.6,0.5,-2.57,-0.71,3.93,0.37,13.0,3.81,16.0,0.7,0.6,0.5,1017.09,1018.8,1022.11,1019.52,13.0,2.42,16.0,0.7,0.6,0.5,2.9,3.0,7.0,4.3,13.0,2.2,16.0,0.7,0.6,0.5,-99.2,-48.7,-15.0,-50.5,13.0,40.0,16.0,0.7,0.6,0.5,-18.1,-2.9,17.3,2.5,13.0,33.4,16.0,0.7,0.6,0.5,-1.21,1.2,2.17,0.71,11.0,1.6,16.0,0.7,0.6,0.5,-6.5,6.1,18.2,5.3,11.0,12.0,16.0,0.7,0.6,0.5,2.27,4.82,8.04,4.77,8.0,3.04,12.0,0.8,0.5,0.4,8.8,26.5,37.4,31.1,8.0,28.2,12.0,0.8,0.5,0.4,-209.9,-150.4,-77.1,-131.5,13.0,79.2,16.0,0.7,0.6,0.5,-57.0,-16.1,90.5,11.0,13.0,88.0,16.0,0.7,0.6,0.5,-103.1,-59.6,-10.1,-63.2,9.0,50.3,12.0,0.8,0.5,0.4,-33.6,-8.7,48.7,8.7,9.0,53.2,12.0,0.8,0.5,0.4,-34.8,-26.3,-2.2,-28.3,8.0,27.3,12.0,0.8,0.5,0.4,-18.0,-8.3,-0.1,-9.2,8.0,12.2,12.0,0.8,0.5,0.4,67.0,512.0,1092.5,534.0,13.0,480.0,16.0,0.7,0.6,0.5,65.0,510.0,1095.0,535.0,13.0,480.0,16.0,0.7,0.6,0.5
1974,2,307.0,23.0,22.4,22.65,23.79,22.91,10.0,0.87,14.0,0.8,0.5,0.4,22.06,23.0,23.97,23.05,11.0,0.97,14.0,0.7,0.6,0.4,10.61,13.39,14.36,12.84,9.0,2.33,14.0,0.8,0.6,0.4,60.8,73.6,84.6,73.0,9.0,11.8,14.0,0.8,0.4,2.89,7.0,8.65,6.76,11.0,3.6,14.0,0.7,0.6,0.4,-7.7,-4.65,-2.44,-5.54,11.0,3.77,14.0,0.7,0.6,0.4,-3.12,0.0,3.17,-0.42,11.0,3.89,14.0,0.7,0.6,0.4,1018.09,1020.7,1022.88,1020.59,11.0,2.3,14.0,0.7,0.6,0.4,3.0,4.0,6.0,4.5,11.0,1.8,14.0,0.7,0.6,0.4,-60.9,-38.9,-6.4,-48.7,11.0,61.4,14.0,0.7,0.6,0.4,-22.7,0.0,17.1,-4.9,11.0,30.5,14.0,0.7,0.6,0.4,-1.03,-0.15,0.91,-0.25,10.0,1.48,14.0,0.8,0.5,0.4,-5.1,-0.9,2.5,-1.8,10.0,10.9,14.0,0.8,0.5,0.4,2.6,4.28,5.39,3.99,8.0,2.08,12.0,0.9,0.6,0.4,11.0,24.5,39.2,26.0,8.0,19.9,12.0,0.9,0.6,0.4,-178.6,-102.8,-58.1,-127.8,11.0,87.4,14.0,0.7,0.6,0.4,-72.5,0.0,70.4,-9.3,11.0,87.6,14.0,0.7,0.6,0.4,-115.7,-66.0,-33.6,-79.7,9.0,51.6,14.0,0.8,0.6,0.4,-40.6,-11.5,8.8,-17.3,9.0,46.3,14.0,0.8,0.6,0.4,-26.1,-18.1,-10.4,-21.6,8.0,18.9,12.0,0.9,0.6,0.4,-19.8,-1.8,4.3,-7.5,8.0,14.8,12.0,0.9,0.6,0.4,24.5,343.0,656.0,580.5,11.0,939.5,14.0,0.7,0.6,0.4,25.0,345.0,655.0,580.0,11.0,940.0,14.0,0.7,0.6,0.4
1974,2,307.0,24.0,22.0,23.0,24.0,23.03,26.0,1.11,8.0,0.5,0.6,0.6,21.2,22.15,23.12,22.33,26.0,1.42,10.0,0.5,0.6,0.6,11.95,12.62,13.6,12.68,22.0,1.03,10.0,0.5,0.6,0.6,72.0,76.1,82.6,77.1,22.0,7.3,10.0,0.5,0.6,3.78,6.7,9.77,6.73,27.0,2.71,10.0,0.5,0.6,0.6,-7.17,-4.7,-1.1,-3.92,27.0,3.95,10.0,0.5,0.6,0.6,-4.83,0.0,3.04,-0.67,27.0,4.73,10.0,0.5,0.6,0.6,1018.83,1019.8,1022.64,1020.37,27.0,2.21,10.0,0.5,0.6,0.6,2.0,4.0,5.7,3.9,28.0,1.8,10.0,0.5,0.6,0.6,-51.8,-23.5,-1.6,-26.6,27.0,37.8,10.0,0.5,0.6,0.6,-34.1,0.0,20.1,-5.0,27.0,46.4,10.0,0.5,0.6,0.6,-0.12,1.0,2.02,0.81,25.0,1.31,8.0,0.5,0.6,0.6,-0.1,4.8,15.4,6.1,24.0,9.6,8.0,0.5,0.6,0.6,3.45,4.75,5.74,4.64,22.0,1.45,10.0,0.5,0.6,0.6,14.1,28.7,46.9,30.0,22.0,15.0,10.0,0.5,0.6,0.6,-155.6,-100.1,-37.2,-91.7,25.0,79.9,10.0,0.5,0.6,0.6,-91.5,0.0,73.0,-12.1,25.0,106.3,10.0,0.5,0.6,0.6,-87.4,-52.8,-17.1,-46.7,22.0,45.4,10.0,0.5,0.6,0.6,-40.0,0.0,49.6,1.4,22.0,62.3,10.0,0.5,0.6,0.6,-35.8,-17.9,-4.4,-19.9,22.0,19.1,10.0,0.5,0.6,0.6,-17.0,0.0,16.5,-0.8,22.0,19.6,10.0,0.5,0.6,0.6,56.5,301.0,943.5,450.5,27.0,487.0,10.0,0.5,0.6,0.6,55.0,300.0,945.0,450.0,27.0,485.0,10.0,0.5,0.6,0.6
1974,2,307.0,25.0,21.01,22.75,23.4,22.5,20.0,1.0,14.0,0.6,0.6,0.3,21.33,21.9,22.33,21.85,22.0,0.63,14.0,0.5,0.6,0.3,10.94,12.71,13.82,12.55,20.0,1.38,14.0,0.6,0.5,0.3,71.2,77.6,86.8,77.8,20.0,9.1,14.0,0.6,0.3,5.02,7.0,9.66,6.84,21.0,2.27,14.0,0.6,0.6,0.4,-6.27,-4.92,-0.23,-3.48,21.0,3.86,14.0,0.6,0.6,0.4,-3.59,0.0,7.48,0.79,21.0,5.11,14.0,0.6,0.6,0.4,1016.1,1019.9,1021.4,1019.54,23.0,2.97,14.0,0.6,0.6,0.4,2.0,3.5,7.0,4.0,22.0,2.5,12.0,0.5,0.5,0.4,-50.4,-25.6,-1.0,-24.4,21.0,33.6,14.0,0.6,0.6,0.4,-30.5,0.0,56.8,7.9,21.0,44.7,14.0,0.6,0.6,0.4,-0.5,1.05,1.8,0.65,20.0,1.27,14.0,0.6,0.6,0.3,-4.5,5.7,11.1,4.5,18.0,10.9,14.0,0.6,0.6,0.3,2.84,3.9,5.88,4.12,18.0,1.5,14.0,0.6,0.6,0.3,12.8,25.9,38.7,26.8,16.0,13.3,14.0,0.6,0.6,0.3,-135.7,-96.2,-0.5,-74.2,20.0,86.1,14.0,0.6,0.6,0.3,-79.9,0.0,172.6,20.0,20.0,113.8,14.0,0.6,0.6,0.3,-79.7,-57.3,-13.5,-43.6,18.0,48.5,14.0,0.6,0.6,0.3,-47.0,-4.8,66.6,1.9,18.0,62.6,14.0,0.6,0.6,0.3,-37.1,-21.1,-0.5,-18.4,16.0,19.1,14.0,0.6,0.6,0.3,-16.0,-2.9,13.1,-2.4,16.0,14.6,14.0,0.6,0.6,0.3,126.5,343.0,904.5,422.0,21.0,360.0,14.0,0.6,0.6,0.4,125.0,345.0,905.0,420.0,21.0,360.0,14.0,0.6,0.6,0.4
1974,2,307.0,26.0,21.01,22.0,23.98,22.32,20.0,1.35,14.0,0.5,0.6,0.5,20.73,21.3,22.47,21.45,21.0,0.9,14.0,0.4,0.6,0.5,10.23,12.87,13.66,12.36,15.0,1.7,12.0,0.4,0.5,0.4,67.5,77.2,87.1,77.2,15.0,10.0,12.0,0.4,0.4,2.77,6.2,9.66,6.29,21.0,3.14,14.0,0.4,0.6,0.5,-6.76,-2.96,0.0,-2.61,21.0,4.52,14.0,0.4,0.6,0.5,-5.23,0.0,3.05,-0.18,21.0,4.88,14.0,0.4,0.6,0.5,1019.05,1020.8,1023.1,1020.78,21.0,3.11,14.0,0.4,0.6,0.5,2.0,4.0,6.0,3.9,20.0,2.2,14.0,0.5,0.6,0.5,-61.8,-11.2,0.0,-20.6,21.0,41.6,14.0,0.4,0.6,0.5,-38.5,0.0,18.1,-0.1,21.0,47.5,14.0,0.4,0.6,0.5,-0.6,0.5,2.69,0.83,20.0,1.47,14.0,0.5,0.6,0.5,-1.6,2.1,12.9,6.1,20.0,11.9,14.0,0.5,0.6,0.5,2.63,4.73,5.89,4.58,14.0,1.97,12.0,0.4,0.5,0.4,13.2,17.3,27.1,22.6,14.0,15.2,12.0,0.4,0.5,0.4,-136.8,-67.0,0.0,-56.4,21.0,94.6,14.0,0.4,0.6,0.5,-106.3,0.0,64.8,-3.0,21.0,102.5,14.0,0.4,0.6,0.5,-56.4,-26.8,-1.8,-28.8,15.0,41.6,12.0,0.4,0.5,0.4,-50.4,0.0,41.1,5.1,15.0,55.4,12.0,0.4,0.5,0.4,-22.7,-12.1,-2.2,-11.2,14.0,11.4,12.0,0.4,0.5,0.4,-20.7,0.0,8.4,-6.9,14.0,21.6,12.0,0.4,0.5,0.4,22.5,238.5,904.5,436.0,21.0,524.0,14.0,0.4,0.6,0.5,25.0,240.0,905.0,435.0,21.0,525.0,14.0,0.4,0.6,0.5
1974,2,307.0,27.0,21.0,22.05,23.3,22.27,22.0,1.13,16.0,0.5,0.7,0.6,20.2,21.0,22.1,21.23,23.0,1.61,16.0,0.4,0.7,0.6,10.65,11.88,12.79,11.97,18.0,1.37,16.0,0.5,0.7,0.5,68.0,79.2,85.1,76.9,18.0,10.9,16.0,0.5,0.5,2.85,5.1,6.71,5.03,23.0,1.87,16.0,0.4,0.7,0.6,-4.91,-1.82,3.52,-1.13,23.0,4.28,16.0,0.4,0.7,0.6,-3.23,0.89,3.44,0.55,23.0,3.17,16.0,0.4,0.7,0.6,1019.75,1022.3,1025.96,1022.91,23.0,3.4,16.0,0.4,0.7,0.6,0.0,3.0,6.0,3.1,23.0,2.5,16.0,0.4,0.7,0.6,-25.0,-6.8,16.6,-7.0,23.0,28.9,16.0,0.4,0.7,0.6,-17.5,2.2,19.6,1.8,23.0,19.8,16.0,0.4,0.7,0.6,0.0,1.25,2.6,1.07,22.0,2.03,16.0,0.5,0.7,0.6,0.0,4.9,18.0,6.2,22.0,14.9,16.0,0.5,0.7,0.6,2.85,4.73,5.88,4.41,18.0,1.48,16.0,0.5,0.7,0.5,9.3,21.1,38.1,21.7,18.0,12.3,16.0,0.5,0.7,0.5,-106.2,-37.3,73.0,-24.9,23.0,91.1,16.0,0.4,0.7,0.6,-63.1,18.6,68.8,12.2,23.0,65.2,16.0,0.4,0.7,0.6,-58.2,-19.4,45.4,-10.5,18.0,50.2,16.0,0.5,0.7,0.5,-41.6,0.0,34.5,-0.7,18.0,38.2,16.0,0.5,0.7,0.5,-23.4,-7.8,14.5,-5.6,18.0,19.3,16.0,0.5,0.7,0.5,-11.0,0.0,13.5,1.7,18.0,15.5,16.0,0.5,0.7,0.5,23.5,132.5,307.0,180.0,23.0,189.5,16.0,0.4,0.7,0.6,25.0,135.0,305.0,180.0,23.0,190.0,16.0,0.4,0.7,0.6
1974,2,307.0,28.0,20.38,21.05,23.0,21.46,16.0,1.46,12.0,0.6,0.6,0.2,19.45,21.2,22.09,20.95,17.0,1.65,12.0,0.6,0.7,0.3,8.81,10.86,12.6,10.68,6.0,1.98,12.0,0.5,0.6,0.4,64.6,73.7,77.6,71.3,6.0,8.1,12.0,0.5,0.4,3.1,6.6,11.8,7.84,16.0,5.14,12.0,0.6,0.6,0.3,-4.95,-0.85,2.99,-0.48,16.0,5.93,12.0,0.6,0.6,0.3,-6.94,0.06,8.84,1.15,16.0,7.43,12.0,0.6,0.6,0.3,1019.02,1021.0,1027.35,1022.6,17.0,5.05,12.0,0.6,0.7,0.3,2.2,4.0,7.6,4.6,15.0,2.4,12.0,0.5,0.6,0.3,-28.3,-4.3,32.2,6.8,16.0,83.3,12.0,0.6,0.6,0.3,-81.9,1.2,80.7,12.4,16.0,103.0,12.0,0.6,0.6,0.3,-1.55,0.8,2.31,0.47,16.0,2.03,12.0,0.6,0.6,0.2,-7.4,4.0,20.8,-0.8,15.0,25.5,12.0,0.6,0.6,0.3,2.57,4.47,6.67,4.68,6.0,2.48,12.0,0.5,0.6,0.4,8.1,9.7,30.7,21.3,6.0,25.9,12.0,0.5,0.6,0.4,-96.4,-17.3,64.6,-4.3,16.0,120.7,12.0,0.6,0.6,0.3,-129.5,2.1,192.3,31.5,16.0,163.4,12.0,0.6,0.6,0.3,-44.2,-33.5,6.2,-26.8,6.0,35.1,12.0,0.5,0.6,0.4,-23.8,2.5,35.0,-0.3,6.0,39.4,12.0,0.5,0.6,0.4,-26.2,-7.3,3.2,-13.7,6.0,22.5,12.0,0.5,0.6,0.4,-16.0,-1.5,5.8,-7.5,6.0,20.4,12.0,0.5,0.6,0.4,30.0,294.5,1643.0,1139.0,16.0,1764.0,12.0,0.6,0.6,0.3,30.0,295.0,1645.0,1140.0,16.0,1765.0,12.0,0.6,0.6,0.3
1974,2,307.0,29.0,20.01,20.5,21.98,20.83,14.0,1.26,16.0,0.3,0.6,0.3,19.12,20.0,20.89,19.91,15.0,1.04,16.0,0.3,0.6,0.4,8.61,9.92,11.82,10.17,10.0,1.58,14.0,0.3,0.6,0.4,62.3,73.9,83.2,72.4,10.0,11.6,14.0,0.3,0.4,3.43,6.7,8.54,6.65,15.0,2.66,16.0,0.3,0.6,0.4,-4.12,2.29,6.87,1.18,15.0,5.44,16.0,0.3,0.6,0.4,-5.58,-1.99,1.94,-1.49,15.0,4.57,16.0,0.3,0.6,0.4,1017.02,1019.2,1020.67,1019.24,15.0,3.19,16.0,0.3,0.6,0.4,0.9,4.0,8.0,4.6,13.0,3.3,16.0,0.3,0.6,0.3,-18.1,7.4,57.4,11.4,15.0,47.7,16.0,0.3,0.6,0.4,-42.0,-6.2,14.7,-7.1,15.0,41.0,16.0,0.3,0.6,0.4,0.13,1.15,1.97,0.93,14.0,1.35,16.0,0.3,0.6,0.3,0.9,7.5,11.9,7.5,14.0,7.3,16.0,0.3,0.6,0.3,3.34,5.03,6.8,5.28,9.0,2.5,16.0,0.3,0.7,0.4,20.6,29.4,36.3,30.8,9.0,13.1,16.0,0.3,0.7,0.4,-79.6,44.2,138.8,24.3,15.0,108.4,16.0,0.3,0.6,0.4,-108.2,-42.6,41.8,-27.3,15.0,92.0,16.0,0.3,0.6,0.4,-22.1,20.3,57.7,21.7,10.0,42.1,14.0,0.3,0.6,0.4,-62.4,-43.4,-2.8,-34.4,10.0,31.8,14.0,0.3,0.6,0.4,-2.1,15.4,27.7,12.8,9.0,21.6,16.0,0.3,0.7,0.4,-29.6,-21.2,-8.2,-19.8,9.0,12.0,16.0,0.3,0.7,0.4,45.0,301.0,626.0,427.5,15.0,450.5,16.0,0.3,0.6,0.4,45.0,300.0,625.0,430.0,15.0,450.0,16.0,0.3,0.6,0.4
1974,2,307.0,30.0,19.27,20.0,21.29,20.27,9.0,1.43,12.0,0.4,0.6,0.4,19.05,20.0,21.6,20.23,9.0,1.48,12.0,0.4,0.6,0.4,11.03,12.41,13.24,12.15,4.0,1.41,6.0,0.5,0.5,0.2,74.2,79.8,84.9,79.6,4.0,6.7,6.0,0.5,0.2,6.13,7.95,12.09,8.78,10.0,3.59,14.0,0.5,0.6,0.4,-4.65,3.88,6.96,0.98,10.0,7.37,14.0,0.5,0.6,0.4,-4.74,-0.58,6.83,0.67,10.0,6.53,14.0,0.5,0.6,0.4,1019.76,1021.1,1023.46,1021.55,10.0,2.1,14.0,0.5,0.6,0.4,2.3,6.0,7.0,5.0,9.0,2.3,12.0,0.4,0.6,0.4,-35.6,26.4,59.2,-1.6,10.0,94.0,14.0,0.5,0.6,0.4,-61.1,-3.9,53.9,2.1,10.0,72.6,14.0,0.5,0.6,0.4,-1.0,0.1,0.95,0.03,9.0,1.08,12.0,0.4,0.6,0.4,-10.8,0.4,9.7,0.1,9.0,9.4,12.0,0.4,0.6,0.4,2.33,2.48,2.93,2.62,4.0,0.44,6.0,0.5,0.5,0.2,16.4,18.6,20.3,18.4,4.0,3.0,6.0,0.5,0.5,0.2,-40.3,102.7,142.5,56.2,9.0,98.5,12.0,0.4,0.6,0.4,-70.0,0.0,147.5,33.7,9.0,135.6,12.0,0.4,0.6,0.4,43.1,60.2,69.3,56.4,4.0,16.8,6.0,0.5,0.5,0.2,21.1,64.5,89.5,55.7,4.0,42.9,6.0,0.5,0.5,0.2,9.0,13.3,15.7,12.4,4.0,4.5,6.0,0.5,0.5,0.2,6.7,14.2,15.9,11.4,4.0,7.8,6.0,0.5,0.5,0.2,234.5,504.0,1767.5,1011.5,10.0,1241.5,14.0,0.5,0.6,0.4,235.0,505.0,1770.0,1010.0,10.0,1240.0,14.0,0.5,0.6,0.4
1974,2,307.0,31.0,19.08,20.75,22.0,20.71,14.0,1.45,12.0,0.5,0.6,0.6,18.61,19.35,20.4,19.36,16.0,1.44,12.0,0.5,0.6,0.6,8.89,10.48,11.43,10.17,12.0,1.33,14.0,0.6,0.6,0.6,65.1,73.1,78.4,73.2,12.0,10.2,14.0,0.6,0.6,4.29,9.0,14.4,9.06,16.0,4.66,12.0,0.5,0.6,0.6,0.0,5.87,12.21,6.27,16.0,5.42,12.0,0.5,0.6,0.6,-3.78,1.28,9.15,2.31,16.0,5.68,12.0,0.5,0.6,0.6,1012.15,1019.5,1023.12,1017.32,16.0,7.91,12.0,0.5,0.6,0.6,2.4,4.0,7.0,4.3,16.0,2.5,12.0,0.5,0.6,0.6,0.0,39.3,180.9,76.8,16.0,82.5,12.0,0.5,0.6,0.6,-21.3,6.8,100.8,28.9,16.0,64.4,12.0,0.5,0.6,0.6,-0.48,1.3,2.5,1.02,14.0,1.57,12.0,0.5,0.6,0.6,-3.2,8.8,26.0,10.7,14.0,15.7,12.0,0.5,0.6,0.6,3.84,4.78,6.2,4.8,11.0,1.58,14.0,0.5,0.5,0.6,23.1,58.7,75.6,52.7,11.0,28.7,14.0,0.5,0.5,0.6,0.0,117.4,235.8,119.9,16.0,102.0,12.0,0.5,0.6,0.6,-70.2,26.2,185.4,46.9,16.0,111.5,12.0,0.5,0.6,0.6,32.1,81.8,136.8,84.3,12.0,50.4,14.0,0.6,0.6,0.6,-41.0,26.8,92.4,29.7,12.0,61.1,14.0,0.6,0.6,0.6,9.7,32.8,69.7,39.3,11.0,32.7,14.0,0.5,0.5,0.6,-23.0,1.6,40.4,9.7,11.0,31.7,14.0,0.5,0.5,0.6,79.5,731.5,2986.0,1282.0,16.0,1321.0,12.0,0.5,0.6,0.6,80.0,730.0,2985.0,1280.0,16.0,1320.0,12.0,0.5,0.6,0.6
1974,2,307.0,32.0,18.83,19.2,19.81,19.29,13.0,0.99,16.0,0.5,0.5,0.4,17.9,19.0,20.04,18.99,13.0,1.26,16.0,0.5,0.5,0.4,7.05,10.72,12.71,10.14,12.0,2.33,16.0,0.4,0.5,0.4,59.0,78.9,88.8,74.1,12.0,15.1,16.0,0.4,0.4,3.05,7.2,10.89,7.8,13.0,6.19,16.0,0.5,0.5,0.4,-0.55,2.6,8.87,3.38,13.0,6.34,16.0,0.5,0.5,0.4,-3.42,0.0,7.51,2.42,13.0,6.73,16.0,0.5,0.5,0.4,1009.07,1019.2,1022.48,1017.38,13.0,7.08,16.0,0.5,0.5,0.4,2.0,6.0,8.0,5.2,13.0,2.8,16.0,0.5,0.5,0.4,-1.8,9.9,83.5,47.4,13.0,113.4,16.0,0.5,0.5,0.4,-18.6,0.0,69.7,48.0,13.0,114.3,16.0,0.5,0.5,0.4,-1.37,0.2,2.05,0.3,13.0,1.6,16.0,0.5,0.5,0.4,-7.9,0.0,10.3,1.5,13.0,11.6,16.0,0.5,0.5,0.4,1.84,3.24,6.61,3.75,12.0,2.18,16.0,0.4,0.5,0.4,14.0,21.9,32.5,24.4,12.0,12.7,16.0,0.4,0.5,0.4,-9.6,48.0,168.0,61.9,13.0,118.4,16.0,0.5,0.5,0.4,-68.7,0.0,144.3,46.6,13.0,130.6,16.0,0.5,0.5,0.4,-4.0,28.6,97.1,37.6,12.0,76.0,16.0,0.4,0.5,0.4,-32.4,10.6,107.8,33.0,12.0,81.7,16.0,0.4,0.5,0.4,-4.1,7.3,27.6,9.8,12.0,18.9,16.0,0.4,0.5,0.4,-15.9,2.6,21.0,2.1,12.0,18.6,16.0,0.4,0.5,0.4,28.5,373.0,1417.5,1535.5,13.0,3238.5,16.0,0.5,0.5,0.4,30.0,375.0,1420.0,1535.0,13.0,3240.0,16.0,0.5,0.5,0.4
1974,2,307.0,33.0,18.99,19.4,20.0,19.36,19.0,0.89,14.0,0.4,0.6,0.4,17.39,19.1,20.0,18.96,19.0,1.39,14.0,0.4,0.6,0.4,8.21,10.69,12.8,11.0,15.0,2.23,14.0,0.3,0.6,0.4,65.6,81.1,95.0,81.1,15.0,13.3,14.0,0.3,0.4,4.96,10.8,13.26,9.78,19.0,4.37,14.0,0.4,0.6,0.4,-2.77,1.96,12.68,3.74,19.0,6.89,14.0,0.4,0.6,0.4,-1.59,6.89,10.68,5.01,19.0,5.6,14.0,0.4,0.6,0.4,1012.77,1015.9,1024.66,1017.9,19.0,5.17,14.0,0.4,0.6,0.4,3.0,4.0,6.5,4.5,17.0,2.3,14.0,0.4,0.6,0.4,-9.7,11.7,172.5,59.2,19.0,97.3,14.0,0.4,0.6,0.4,-7.2,66.2,142.4,63.1,19.0,66.7,14.0,0.4,0.6,0.4,-0.93,0.5,1.72,0.4,19.0,1.73,14.0,0.4,0.6,0.4,-11.2,2.2,13.5,-0.4,19.0,19.2,14.0,0.4,0.6,0.4,0.19,3.08,5.53,2.77,15.0,2.6,14.0,0.3,0.6,0.4,2.7,19.9,32.3,20.4,15.0,21.9,14.0,0.3,0.6,0.4,-51.5,39.6,260.4,75.2,19.0,134.8,14.0,0.4,0.6,0.4,-29.2,131.7,223.4,99.2,19.0,107.3,14.0,0.4,0.6,0.4,-24.3,41.7,156.1,58.0,15.0,86.4,14.0,0.3,0.6,0.4,-14.7,66.8,131.0,54.2,15.0,70.8,14.0,0.3,0.6,0.4,-16.9,0.0,20.0,5.7,15.0,25.0,14.0,0.3,0.6,0.4,-13.3,0.0,14.1,1.2,15.0,16.2,14.0,0.3,0.6,0.4,123.5,1259.5,2362.5,1478.0,19.0,1620.0,14.0,0.4,0.6,0.4,125.0,1260.0,2365.0,1480.0,19.0,1620.0,14.0,0.4,0.6,0.4
1974,2,307.0,34.0,18.4,19.1,20.55,19.46,23.0,1.15,14.0,0.7,0.6,0.5,16.9,18.95,20.3,18.7,24.0,1.93,16.0,0.7,0.6,0.5,8.15,10.79,12.16,10.32,21.0,1.88,14.0,0.7,0.6,0.5,64.4,79.3,88.3,77.1,21.0,10.5,14.0,0.7,0.5,3.75,7.45,11.32,7.84,24.0,4.36,16.0,0.7,0.6,0.5,-0.8,3.18,9.07,3.63,24.0,5.35,16.0,0.7,0.6,0.5,-2.72,3.5,8.74,2.97,24.0,5.62,16.0,0.7,0.6,0.5,1015.43,1019.75,1025.11,1019.19,24.0,6.37,16.0,0.7,0.6,0.5,2.0,4.0,8.0,4.2,23.0,2.4,16.0,0.7,0.6,0.5,-5.4,22.9,94.6,45.5,24.0,71.5,16.0,0.7,0.6,0.5,-19.1,15.1,81.3,35.9,24.0,69.0,16.0,0.7,0.6,0.5,-1.1,1.3,2.85,0.83,23.0,2.11,14.0,0.7,0.6,0.5,-10.0,7.4,14.3,4.1,23.0,13.7,14.0,0.7,0.6,0.5,1.93,3.36,6.04,3.61,21.0,1.83,14.0,0.7,0.6,0.5,10.6,25.4,40.5,26.2,21.0,16.4,14.0,0.7,0.6,0.5,-15.2,60.7,173.5,70.9,24.0,101.3,16.0,0.7,0.6,0.5,-55.9,60.2,168.4,59.2,24.0,107.8,16.0,0.7,0.6,0.5,1.3,34.1,107.8,45.1,21.0,59.2,14.0,0.7,0.6,0.5,-36.3,21.5,89.1,28.3,21.0,57.1,14.0,0.7,0.6,0.5,0.4,10.7,27.3,9.9,21.0,20.7,14.0,0.7,0.6,0.5,-13.2,9.4,24.0,4.7,21.0,20.9,14.0,0.7,0.6,0.5,55.0,426.0,1470.0,957.5,24.0,1405.0,16.0,0.7,0.6,0.5,55.0,425.0,1470.0,960.0,24.0,1405.0,16.0,0.7,0.6,0.5
1974,2,307.0,35.0,17.79,18.7,19.17,18.57,11.0,1.08,16.0,0.3,0.7,0.2,16.07,18.8,19.66,18.33,14.0,1.93,14.0,0.4,0.7,0.2,5.85,10.28,11.81,9.18,11.0,3.12,14.0,0.4,0.8,0.3,49.9,78.0,83.4,69.3,11.0,20.5,14.0,0.4,0.3,8.27,10.3,14.87,11.11,14.0,3.83,14.0,0.4,0.7,0.2,2.15,6.21,11.2,6.21,14.0,4.6,14.0,0.4,0.7,0.2,-3.94,3.52,11.69,3.34,14.0,8.54,14.0,0.4,0.7,0.2,1012.05,1019.35,1023.92,1016.96,14.0,8.28,14.0,0.4,0.7,0.2,2.9,5.0,8.0,5.3,13.0,2.3,16.0,0.5,0.7,0.3,20.2,61.3,125.9,71.9,14.0,72.4,14.0,0.4,0.7,0.2,-32.0,36.3,138.9,35.0,14.0,128.2,14.0,0.4,0.7,0.2,-1.33,-0.1,0.75,-0.11,11.0,1.36,16.0,0.3,0.7,0.2,-13.5,-1.5,5.1,-3.1,11.0,11.4,16.0,0.3,0.7,0.2,1.67,3.0,4.19,3.36,9.0,2.31,16.0,0.2,0.8,0.2,17.8,27.8,49.6,34.2,9.0,24.8,16.0,0.2,0.8,0.2,47.3,113.6,186.9,112.0,14.0,81.0,14.0,0.4,0.7,0.2,-71.9,66.9,258.4,69.8,14.0,156.1,14.0,0.4,0.7,0.2,16.5,39.8,84.4,47.2,11.0,44.1,14.0,0.4,0.8,0.3,-24.2,14.5,142.5,51.8,11.0,80.6,14.0,0.4,0.8,0.3,0.7,10.2,22.7,17.3,9.0,27.8,16.0,0.2,0.8,0.2,-5.0,17.7,30.8,17.5,9.0,21.8,16.0,0.2,0.8,0.2,567.5,1092.5,3287.5,1841.0,14.0,1822.0,14.0,0.4,0.7,0.2,565.0,1095.0,3290.0,1840.0,14.0,1820.0,14.0,0.4,0.7,0.2
1974,2,307.0,36.0,18.44,19.25,20.0,19.44,10.0,1.13,14.0,0.6,0.5,0.5,15.69,16.45,19.57,17.56,10.0,2.41,14.0,0.6,0.5,0.5,7.25,9.24,10.82,9.13,8.0,1.88,14.0,0.8,0.5,0.6,64.9,73.8,82.3,72.1,8.0,10.3,14.0,0.8,0.6,9.3,10.4,18.6,12.58,10.0,5.2,14.0,0.6,0.5,0.5,7.52,9.14,15.39,11.16,10.0,4.93,14.0,0.6,0.5,0.5,-3.57,2.21,6.53,2.34,10.0,5.83,14.0,0.6,0.5,0.5,1003.46,1013.8,1019.67,1011.46,10.0,9.68,14.0,0.6,0.5,0.5,5.0,7.0,8.0,6.5,10.0,1.7,14.0,0.6,0.5,0.5,70.0,94.7,288.6,162.5,10.0,140.1,14.0,0.6,0.5,0.5,-30.4,21.6,67.2,37.7,10.0,99.2,14.0,0.6,0.5,0.5,-0.56,2.4,4.26,1.88,10.0,2.75,14.0,0.6,0.5,0.5,-8.8,23.4,50.0,26.5,10.0,45.2,14.0,0.6,0.5,0.5,3.58,4.34,7.61,5.0,8.0,2.14,14.0,0.8,0.5,0.6,33.3,51.8,68.6,61.1,8.0,46.1,14.0,0.8,0.5,0.6,136.5,162.5,272.7,192.5,10.0,78.2,14.0,0.6,0.5,0.5,-56.5,36.0,136.7,49.9,10.0,107.8,14.0,0.6,0.5,0.5,59.0,88.8,134.1,97.8,8.0,48.2,14.0,0.8,0.5,0.6,-30.7,20.0,63.2,17.1,8.0,48.1,14.0,0.8,0.5,0.6,25.9,47.8,64.1,56.7,8.0,47.9,14.0,0.8,0.5,0.6,-23.2,6.8,18.2,0.3,8.0,20.5,14.0,0.8,0.5,0.6,804.5,1130.0,6859.0,3005.0,10.0,3645.0,14.0,0.6,0.5,0.5,805.0,1130.0,6860.0,3005.0,10.0,3645.0,14.0,0.6,0.5,0.5
1974,2,307.0,37.0,17.9,18.8,19.0,18.41,13.0,0.96,16.0,0.2,0.6,0.4,15.0,16.85,18.29,16.54,14.0,1.99,14.0,0.2,0.6,0.4,8.2,10.62,11.66,10.17,10.0,1.7,20.0,0.3,0.6,0.3,72.0,88.4,92.1,84.3,10.0,11.3,20.0,0.3,0.3,7.23,14.2,15.4,13.19,14.0,5.56,14.0,0.2,0.6,0.4,2.57,9.12,14.87,9.23,14.0,7.93,14.0,0.2,0.6,0.4,-2.36,1.99,9.86,3.81,14.0,6.93,14.0,0.2,0.6,0.4,1001.68,1011.65,1018.64,1011.04,14.0,8.39,14.0,0.2,0.6,0.4,5.7,8.0,8.0,7.0,12.0,1.6,16.0,0.3,0.6,0.4,25.9,114.6,222.8,155.6,14.0,170.6,14.0,0.2,0.6,0.4,-32.5,12.4,180.6,59.1,14.0,100.9,14.0,0.2,0.6,0.4,0.6,2.0,3.82,1.87,13.0,1.6,16.0,0.2,0.6,0.4,8.4,23.6,47.1,23.8,13.0,23.5,16.0,0.2,0.6,0.4,1.78,2.89,4.34,3.1,10.0,1.32,20.0,0.3,0.6,0.3,22.7,30.6,48.0,33.5,10.0,14.2,20.0,0.3,0.6,0.3,46.1,145.3,287.4,153.8,14.0,132.9,14.0,0.2,0.6,0.4,-28.7,29.9,165.5,69.2,14.0,120.5,14.0,0.2,0.6,0.4,12.7,50.9,126.6,66.2,10.0,64.3,20.0,0.3,0.6,0.3,-33.7,65.1,141.5,56.0,10.0,86.4,20.0,0.3,0.6,0.3,2.0,17.3,39.0,18.6,10.0,24.2,20.0,0.3,0.6,0.3,-7.1,19.0,25.5,11.6,10.0,18.3,20.0,0.3,0.6,0.3,378.5,2865.0,3652.5,3468.0,14.0,3848.0,14.0,0.2,0.6,0.4,380.0,2865.0,3650.0,3470.0,14.0,3850.0,14.0,0.2,0.6,0.4
1974,2,307.0,38.0,16.05,17.7,19.37,17.36,9.0,2.2,14.0,0.8,0.7,0.4,14.3,17.1,19.13,16.98,12.0,2.2,14.0,0.7,0.6,0.4,7.41,10.24,11.7,9.84,10.0,2.02,12.0,0.7,0.7,0.4,70.2,81.1,88.8,80.6,10.0,10.4,12.0,0.7,0.4,4.82,11.8,19.04,12.72,12.0,8.27,14.0,0.7,0.6,0.4,-1.43,1.25,14.59,5.97,12.0,9.7,14.0,0.7,0.6,0.4,-2.89,7.28,14.51,5.7,12.0,8.74,14.0,0.7,0.6,0.4,1001.19,1009.7,1021.36,1011.22,12.0,9.2,14.0,0.7,0.6,0.4,4.5,6.0,8.0,5.9,12.0,1.8,14.0,0.7,0.6,0.4,-3.9,18.0,280.2,140.4,12.0,249.2,14.0,0.7,0.6,0.4,-26.1,65.8,256.7,119.1,12.0,170.5,14.0,0.7,0.6,0.4,-0.37,0.0,3.72,0.79,9.0,2.71,14.0,0.8,0.7,0.4,-8.1,0.0,18.7,3.6,9.0,27.9,14.0,0.8,0.7,0.4,0.16,2.53,5.84,2.75,8.0,2.62,12.0,0.8,0.7,0.4,3.5,34.2,50.6,33.1,8.0,27.1,12.0,0.8,0.7,0.4,-22.1,23.8,285.3,102.2,12.0,168.0,14.0,0.7,0.6,0.4,-43.9,119.9,262.1,105.5,12.0,150.0,14.0,0.7,0.6,0.4,0.0,43.5,181.3,85.6,10.0,108.8,12.0,0.7,0.7,0.4,-28.2,111.5,157.8,74.4,10.0,93.7,12.0,0.7,0.7,0.4,0.0,4.4,36.5,14.9,8.0,22.8,12.0,0.8,0.7,0.4,-27.8,11.3,35.2,7.7,8.0,33.8,12.0,0.8,0.7,0.4,115.0,1652.0,7094.0,4814.5,12.0,8379.0,14.0,0.7,0.6,0.4,115.0,1650.0,7095.0,4815.0,12.0,8380.0,14.0,0.7,0.6,0.4
1974,2,307.0,39.0,14.9,18.0,21.03,17.57,7.0,3.19,18.0,0.6,0.6,0.4,12.0,15.2,17.72,15.1,9.0,3.31,18.0,0.6,0.6,0.4,7.25,9.99,12.53,9.88,6.0,2.74,14.0,0.3,0.4,0.4,77.0,87.2,95.8,85.9,7.0,9.8,14.0,0.4,0.5,7.94,13.9,17.76,13.22,9.0,4.82,18.0,0.6,0.6,0.4,-6.53,6.5,12.12,4.86,9.0,9.08,18.0,0.6,0.6,0.4,-9.52,4.31,11.61,2.76,9.0,10.12,18.0,0.6,0.6,0.4,1001.63,1013.95,1019.45,1010.73,8.0,9.13,18.0,0.5,0.6,0.4,7.3,8.0,8.0,7.7,9.0,0.7,18.0,0.6,0.6,0.4,-90.7,120.0,170.0,75.2,9.0,145.8,18.0,0.6,0.6,0.4,-130.5,38.4,227.2,49.5,9.0,170.9,18.0,0.6,0.6,0.4,0.56,1.0,3.25,1.83,7.0,3.2,18.0,0.6,0.6,0.4,4.0,13.9,48.1,34.7,7.0,61.5,18.0,0.6,0.6,0.4,0.62,2.61,5.77,3.28,5.0,3.49,14.0,0.4,0.5,0.4,7.3,24.7,98.1,53.6,5.0,74.5,14.0,0.4,0.5,0.4,-78.3,117.3,188.5,79.1,9.0,123.2,18.0,0.6,0.6,0.4,-111.6,76.7,159.1,64.0,9.0,157.0,18.0,0.6,0.6,0.4,45.7,78.0,120.9,77.2,6.0,47.1,14.0,0.3,0.4,0.4,29.5,51.3,126.7,73.6,6.0,90.5,14.0,0.3,0.4,0.4,-0.3,11.3,61.8,33.5,5.0,60.0,14.0,0.4,0.5,0.4,2.4,24.7,72.4,38.4,5.0,47.9,14.0,0.4,0.5,0.4,608.5,2685.5,5815.0,3127.0,9.0,2871.0,18.0,0.6,0.6,0.4,610.0,2685.0,5815.0,3125.0,9.0,2870.0,18.0,0.6,0.6,0.4
1974,2,307.0,40.0,16.31,17.5,19.0,16.71,14.0,3.32,16.0,0.4,0.6,0.3,8.26,12.0,16.58,12.02,21.0,5.03,16.0,0.4,0.6,0.4,5.75,7.79,10.34,8.14,14.0,2.75,16.0,0.4,0.6,0.4,68.2,77.9,91.7,78.7,14.0,11.5,16.0,0.4,0.4,9.14,14.4,19.52,14.85,19.0,5.74,16.0,0.4,0.6,0.4,-4.05,8.29,15.2,6.5,19.0,9.62,16.0,0.4,0.6,0.4,-10.74,3.28,14.22,2.28,19.0,11.09,16.0,0.4,0.6,0.4,1000.06,1009.0,1019.27,1009.93,20.0,8.81,16.0,0.5,0.6,0.4,6.0,8.0,8.0,6.8,17.0,2.1,16.0,0.5,0.6,0.4,-26.1,107.0,339.8,137.9,19.0,184.5,16.0,0.4,0.6,0.4,-138.8,16.7,271.7,36.0,19.0,207.7,16.0,0.4,0.6,0.4,0.91,5.05,8.24,4.09,14.0,5.07,16.0,0.4,0.6,0.3,-6.8,45.8,145.9,56.0,12.0,81.6,16.0,0.3,0.7,0.3,3.4,4.51,6.76,4.47,10.0,2.59,16.0,0.4,0.6,0.3,32.1,67.7,125.8,71.8,9.0,56.5,16.0,0.3,0.7,0.4,-51.0,57.9,229.0,75.3,19.0,121.5,16.0,0.4,0.6,0.4,-90.9,54.7,227.5,59.4,19.0,147.2,16.0,0.4,0.6,0.4,-31.6,51.9,137.0,62.0,13.0,75.9,16.0,0.4,0.7,0.4,-63.1,65.2,148.4,50.6,13.0,100.9,16.0,0.4,0.7,0.4,-17.5,23.2,80.9,34.7,9.0,57.5,16.0,0.3,0.7,0.4,-77.1,-19.2,46.2,-20.3,9.0,62.3,16.0,0.3,0.7,0.4,768.0,2986.0,7530.5,4688.5,19.0,4666.5,16.0,0.4,0.6,0.4,770.0,2985.0,7530.0,4690.0,19.0,4665.0,16.0,0.4,0.6,0.4
1974,2,307.0,41.0,10.27,14.0,15.62,13.01,11.0,3.18,18.0,0.6,0.6,0.5,6.95,12.1,16.68,11.98,12.0,4.55,16.0,0.6,0.6,0.5,4.7,7.11,9.44,7.06,12.0,2.33,16.0,0.6,0.6,0.5,62.0,84.1,97.0,79.5,12.0,17.7,16.0,0.6,0.5,8.45,10.55,12.08,10.2,12.0,2.28,16.0,0.6,0.6,0.5,-2.62,4.36,9.85,3.95,12.0,6.3,16.0,0.6,0.6,0.5,-7.17,0.25,9.58,0.57,12.0,7.85,16.0,0.6,0.6,0.5,1003.88,1010.25,1017.39,1009.3,12.0,9.64,16.0,0.6,0.6,0.5,5.7,8.0,8.0,7.1,12.0,1.4,16.0,0.6,0.6,0.5,-21.3,37.8,110.2,48.8,12.0,71.0,16.0,0.6,0.6,0.5,-70.7,10.0,93.2,6.0,12.0,84.4,16.0,0.6,0.6,0.5,-3.53,0.1,6.14,0.71,11.0,4.7,18.0,0.6,0.6,0.5,-36.4,1.1,45.9,5.7,11.0,47.9,18.0,0.6,0.6,0.5,-0.13,2.4,3.96,2.22,11.0,2.14,18.0,0.6,0.6,0.5,0.4,23.5,36.1,21.3,11.0,20.9,18.0,0.6,0.6,0.5,-19.5,34.2,125.6,51.8,12.0,73.2,16.0,0.6,0.6,0.5,-48.7,6.0,138.6,36.0,12.0,95.1,16.0,0.6,0.6,0.5,-13.5,24.2,72.6,30.4,12.0,45.8,16.0,0.6,0.6,0.5,-40.7,4.3,72.0,12.6,12.0,54.0,16.0,0.6,0.6,0.5,-12.7,0.0,14.7,1.8,11.0,17.9,18.0,0.6,0.6,0.5,-24.1,1.0,23.7,-0.6,11.0,24.7,18.0,0.6,0.6,0.5,607.0,1176.0,1771.0,1199.5,12.0,659.0,16.0,0.6,0.6,0.5,605.0,1175.0,1770.0,1200.0,12.0,660.0,16.0,0.6,0.6,0.5
1974,2,307.0,42.0,4.71,5.3,8.36,5.92,13.0,3.03,16.0,0.3,0.5,0.5,1.27,3.0,4.56,3.26,13.0,3.47,16.0,0.3,0.5,0.5,3.42,3.6,3.96,3.61,8.0,0.65,18.0,0.4,0.5,0.5,78.5,81.1,85.4,80.8,8.0,8.3,18.0,0.4,0.5,6.15,8.2,15.65,10.16,13.0,4.97,16.0,0.3,0.5,0.5,-3.12,2.85,11.85,3.95,13.0,7.61,16.0,0.3,0.5,0.5,-7.72,-4.04,4.54,-1.82,13.0,7.62,16.0,0.3,0.5,0.5,1004.14,1012.0,1022.04,1012.02,13.0,11.11,16.0,0.3,0.5,0.5,4.6,6.0,8.0,6.3,11.0,1.7,16.0,0.4,0.5,0.5,-24.4,16.2,209.7,63.2,13.0,111.4,16.0,0.3,0.5,0.5,-88.8,-22.4,52.8,-22.4,13.0,114.4,16.0,0.3,0.5,0.5,0.72,3.6,6.66,2.65,13.0,4.29,16.0,0.3,0.5,0.5,4.5,24.1,52.7,22.7,13.0,57.2,16.0,0.3,0.5,0.5,1.41,2.03,3.2,2.16,8.0,0.98,18.0,0.4,0.5,0.5,7.6,16.6,38.3,21.6,8.0,17.9,18.0,0.4,0.5,0.5,-12.6,0.0,35.4,10.0,13.0,32.9,16.0,0.3,0.5,0.5,-17.5,-4.7,31.1,9.4,13.0,53.2,16.0,0.3,0.5,0.5,-10.5,8.8,46.4,12.5,8.0,29.5,18.0,0.4,0.5,0.5,-25.0,-13.4,4.5,-8.4,8.0,20.1,18.0,0.4,0.5,0.5,-4.3,4.9,31.9,11.4,8.0,21.0,18.0,0.4,0.5,0.5,-19.9,-6.7,0.6,-7.1,8.0,14.4,18.0,0.4,0.5,0.5,233.0,551.5,3860.5,1801.5,13.0,2180.0,16.0,0.3,0.5,0.5,235.0,550.0,3860.0,1800.0,13.0,2180.0,16.0,0.3,0.5,0.5
1974,2,307.0,43.0,1.71,5.0,7.52,4.67,6.0,2.94,16.0,0.5,0.7,0.7,1.98,4.7,6.94,4.58,5.0,3.88,16.0,0.6,0.7,0.7,3.53,4.11,5.88,4.68,4.0,1.77,16.0,0.8,0.7,0.7,76.8,85.5,90.3,83.7,4.0,8.7,16.0,0.8,0.7,10.09,12.05,13.19,11.77,6.0,1.71,16.0,0.5,0.7,0.7,0.0,7.79,12.31,6.79,6.0,5.81,16.0,0.5,0.7,0.7,-10.79,-2.83,5.69,-2.47,6.0,8.52,16.0,0.5,0.7,0.7,1003.3,1011.25,1014.94,1009.8,6.0,8.69,16.0,0.5,0.7,0.7,8.0,8.0,8.0,8.0,5.0,0.0,16.0,0.6,0.7,0.7,0.0,84.7,155.7,83.3,6.0,75.2,16.0,0.5,0.7,0.7,-130.6,-31.3,70.3,-33.3,6.0,100.3,16.0,0.5,0.7,0.7,-5.82,-0.3,5.15,-0.46,5.0,6.03,16.0,0.6,0.7,0.7,-62.5,-4.2,57.4,-3.7,5.0,62.7,16.0,0.6,0.7,0.7,-1.69,0.45,1.91,0.13,4.0,2.28,16.0,0.8,0.7,0.7,-16.4,6.7,22.1,3.0,4.0,23.4,16.0,0.8,0.7,0.7,-1.8,20.1,60.9,27.4,5.0,32.0,16.0,0.6,0.7,0.7,-19.5,1.8,49.2,14.9,5.0,49.7,16.0,0.6,0.7,0.7,15.0,40.8,51.7,33.7,4.0,24.4,16.0,0.8,0.7,0.7,-10.5,4.4,43.9,16.2,4.0,36.6,16.0,0.8,0.7,0.7,-3.0,9.0,20.7,8.9,4.0,13.9,16.0,0.8,0.7,0.7,-17.6,-3.7,3.9,-6.7,4.0,14.2,16.0,0.8,0.7,0.7,1033.0,1752.0,2298.0,1714.0,6.0,695.5,16.0,0.5,0.7,0.7,1035.0,1750.0,2300.0,1715.0,6.0,695.0,16.0,0.5,0.7,0.7
1974,2,307.0,44.0,-0.22,2.0,3.0,1.54,9.0,1.92,20.0,0.6,0.6,0.5,-1.0,1.65,3.64,1.43,10.0,2.42,18.0,0.5,0.6,0.5,2.64,3.85,5.14,3.89,4.0,1.52,18.0,0.5,0.5,0.7,65.8,77.4,93.7,79.7,4.0,16.9,18.0,0.5,0.7,7.58,12.3,17.41,12.41,11.0,5.2,18.0,0.5,0.5,0.6,4.89,8.5,14.98,9.19,11.0,4.78,18.0,0.5,0.5,0.6,-7.11,1.06,10.62,0.93,11.0,8.93,18.0,0.5,0.5,0.6,1000.65,1011.0,1023.51,1011.95,11.0,10.25,18.0,0.5,0.5,0.6,0.9,5.5,8.0,4.9,10.0,3.3,20.0,0.6,0.5,0.5,35.6,130.8,257.1,131.7,11.0,103.2,18.0,0.5,0.5,0.6,-97.5,3.3,145.3,13.0,11.0,142.9,18.0,0.5,0.5,0.6,-3.16,0.6,2.88,-0.16,9.0,3.13,20.0,0.6,0.6,0.5,-43.1,8.0,12.3,-7.9,9.0,32.8,20.0,0.6,0.6,0.5,-1.12,-0.16,1.17,0.02,4.0,1.35,18.0,0.5,0.5,0.7,-11.3,0.4,12.3,0.5,4.0,13.7,18.0,0.5,0.5,0.7,-7.6,9.3,35.7,12.1,10.0,19.4,18.0,0.5,0.6,0.5,0.4,13.9,30.6,16.0,10.0,18.5,18.0,0.5,0.6,0.5,11.8,24.7,41.2,26.4,4.0,17.5,18.0,0.5,0.5,0.7,11.5,34.4,47.6,29.8,4.0,25.6,18.0,0.5,0.5,0.7,-5.0,3.9,10.3,2.7,4.0,9.0,18.0,0.5,0.5,0.7,-9.5,-5.0,3.0,-3.4,4.0,9.0,18.0,0.5,0.5,0.7,448.0,1861.0,5292.5,2789.0,11.0,2497.5,18.0,0.5,0.5,0.6,450.0,1860.0,5295.0,2790.0,11.0,2500.0,18.0,0.5,0.5,0.6
1974,2,307.0,45.0,-0.6,0.0,0.0,0.06,105.0,1.29,14.0,0.4,0.9,0.7,-4.4,-1.7,0.03,-2.0,106.0,2.63,14.0,0.4,0.9,0.7,2.43,2.79,3.33,2.78,7.0,0.6,14.0,0.6,0.8,0.5,63.3,67.4,93.3,73.4,7.0,17.5,14.0,0.6,0.5,6.37,13.4,18.0,12.77,104.0,5.82,14.0,0.4,0.9,0.7,-1.99,8.83,16.77,7.55,104.0,9.43,14.0,0.4,0.9,0.7,-4.54,0.0,8.47,1.72,104.0,7.01,14.0,0.4,0.9,0.7,995.24,1006.4,1017.02,1005.93,107.0,10.56,14.0,0.4,0.9,0.7,7.0,8.0,8.0,6.8,99.0,2.8,14.0,0.4,0.9,0.7,-9.8,89.9,293.3,119.7,104.0,182.7,14.0,0.4,0.9,0.7,-52.5,0.0,110.8,30.0,104.0,123.3,14.0,0.4,0.9,0.7,0.0,1.7,5.0,2.08,104.0,2.91,14.0,0.4,0.9,0.7,0.0,22.2,69.2,29.2,101.0,45.9,14.0,0.4,0.9,0.7,0.34,1.1,1.48,0.97,6.0,0.66,14.0,0.5,0.7,0.4,2.3,10.9,11.7,7.7,5.0,5.5,12.0,0.4,0.7,0.4,-62.0,-13.5,7.0,-23.3,103.0,39.4,14.0,0.4,0.9,0.7,-17.9,0.0,10.0,0.5,103.0,22.2,14.0,0.4,0.9,0.7,13.4,39.4,79.0,43.6,6.0,36.9,10.0,0.5,0.7,0.5,-21.1,-10.5,-2.5,-11.8,6.0,10.9,10.0,0.5,0.7,0.5,-1.0,10.7,11.6,6.3,5.0,7.1,12.0,0.4,0.7,0.4,-2.3,-1.9,0.0,-1.3,5.0,1.2,12.0,0.4,0.7,0.4,260.0,2406.0,5832.0,3385.5,104.0,3890.5,14.0,0.4,0.9,0.7,260.0,2405.0,5830.0,3385.0,104.0,3890.0,14.0,0.4,0.9,0.7
1974,2,307.0,46.0,-1.29,-0.85,0.57,-0.12,10.0,2.02,14.0,0.6,0.5,0.4,-3.0,-1.75,0.43,-1.6,14.0,2.43,14.0,0.6,0.4,0.5,2.6,3.3,3.9,3.39,9.0,0.9,14.0,0.4,0.4,0.4,82.0,95.7,99.4,92.1,9.0,8.2,14.0,0.4,0.4,5.1,13.4,15.4,11.41,14.0,5.56,14.0,0.6,0.4,0.5,-5.86,3.44,12.85,3.79,14.0,10.61,14.0,0.6,0.4,0.5,-2.6,0.79,7.65,2.6,14.0,5.98,14.0,0.6,0.4,0.5,992.9,1001.8,1008.27,1001.6,14.0,10.51,14.0,0.6,0.4,0.5,6.1,8.0,8.0,7.3,14.0,1.4,14.0,0.5,0.4,0.5,-104.1,16.4,180.8,53.1,14.0,173.0,14.0,0.6,0.4,0.5,-23.4,3.6,94.3,39.0,14.0,92.9,14.0,0.6,0.4,0.5,-1.79,1.2,4.51,1.24,10.0,3.66,14.0,0.6,0.5,0.4,-17.6,8.8,56.5,9.7,10.0,47.6,14.0,0.6,0.5,0.4,-0.39,0.11,1.39,0.25,7.0,1.22,16.0,0.4,0.4,0.4,-6.2,1.5,18.9,1.5,7.0,16.4,16.0,0.4,0.4,0.4,-37.7,-6.4,5.8,-13.9,14.0,27.2,14.0,0.6,0.4,0.5,-7.4,0.8,7.2,3.7,14.0,22.7,14.0,0.6,0.4,0.5,-44.5,16.7,41.6,6.1,9.0,41.1,14.0,0.4,0.4,0.4,0.0,6.1,32.1,17.0,9.0,29.5,14.0,0.4,0.4,0.4,-1.6,4.9,16.5,6.3,7.0,9.3,16.0,0.4,0.4,0.4,-4.4,0.0,3.8,-2.5,7.0,11.4,16.0,0.4,0.4,0.4,132.5,2416.0,3652.5,2454.0,14.0,2537.0,14.0,0.6,0.4,0.5,135.0,2415.0,3650.0,2455.0,14.0,2535.0,14.0,0.6,0.4,0.5
1974,2,307.0,47.0,-1.5,-1.15,0.18,-0.91,20.0,0.87,16.0,0.8,0.4,0.5,-6.51,-1.8,2.66,-1.9,23.0,4.51,16.0,0.8,0.4,0.5,1.63,3.01,4.56,2.99,15.0,1.57,16.0,0.8,0.4,0.4,71.4,87.0,95.7,83.9,15.0,13.9,16.0,0.8,0.4,6.53,11.3,17.17,11.26,24.0,5.36,16.0,0.8,0.4,0.5,-2.16,7.85,12.03,5.88,24.0,7.9,16.0,0.8,0.4,0.5,-0.57,3.9,11.86,4.78,24.0,6.21,16.0,0.8,0.4,0.5,990.48,1004.5,1016.25,1003.36,25.0,12.43,16.0,0.8,0.4,0.5,3.0,6.0,8.0,5.7,23.0,2.5,16.0,0.8,0.4,0.5,-13.2,87.5,182.3,87.7,24.0,130.6,16.0,0.8,0.4,0.5,-2.2,44.6,159.5,72.4,24.0,97.7,16.0,0.8,0.4,0.5,-1.49,1.4,6.5,1.44,20.0,4.73,16.0,0.8,0.4,0.5,-21.4,12.3,73.3,12.5,19.0,61.2,14.0,0.8,0.4,0.5,-0.98,0.38,2.02,0.56,15.0,1.6,16.0,0.8,0.4,0.4,-11.6,5.5,23.1,4.7,15.0,20.9,16.0,0.8,0.4,0.4,-67.7,-12.5,4.1,-20.6,22.0,47.0,16.0,0.8,0.4,0.5,-20.5,-1.8,22.6,2.6,22.0,32.3,16.0,0.8,0.4,0.5,-7.8,9.4,40.2,13.4,15.0,24.4,16.0,0.8,0.4,0.4,0.4,15.8,54.3,26.3,15.0,28.0,16.0,0.8,0.4,0.4,0.0,4.7,22.2,6.5,15.0,15.5,16.0,0.8,0.4,0.4,-11.5,0.6,3.4,-2.5,15.0,12.9,16.0,0.8,0.4,0.4,279.0,1451.5,5069.0,2343.0,24.0,2640.5,16.0,0.8,0.4,0.5,280.0,1450.0,5070.0,2345.0,24.0,2640.0,16.0,0.8,0.4,0.5
1974,2,307.0,48.0,-1.35,-1.25,-1.15,-1.25,2.0,0.21,24.0,0.5,0.6,0.4,-2.41,-1.35,-0.29,-1.35,2.0,2.19,24.0,0.5,0.6,0.4,2.99,3.37,3.74,3.37,2.0,0.77,24.0,0.5,0.6,0.4,94.5,96.8,99.0,96.8,2.0,4.6,24.0,0.5,0.4,7.43,9.0,10.57,9.0,2.0,3.25,24.0,0.5,0.6,0.4,4.19,6.0,7.81,6.0,2.0,3.75,24.0,0.5,0.6,0.4,6.03,6.53,7.03,6.53,2.0,1.03,24.0,0.5,0.6,0.4,997.47,1008.6,1019.73,1008.6,2.0,23.05,24.0,0.5,0.6,0.4,5.5,6.5,7.5,6.5,2.0,2.1,24.0,0.5,0.6,0.4,34.4,60.1,85.9,60.1,2.0,53.3,24.0,0.5,0.6,0.4,45.7,60.5,75.2,60.5,2.0,30.5,24.0,0.5,0.6,0.4,-0.86,0.1,1.06,0.1,2.0,1.98,24.0,0.5,0.6,0.4,-4.6,4.1,12.9,4.1,2.0,18.1,24.0,0.5,0.6,0.4,-0.21,0.1,0.41,0.1,2.0,0.64,24.0,0.5,0.6,0.4,-1.0,1.9,4.9,1.9,2.0,6.1,24.0,0.5,0.6,0.4,-21.0,-12.2,-3.4,-12.2,2.0,18.2,24.0,0.5,0.6,0.4,-17.5,-10.0,-2.4,-10.0,2.0,15.7,24.0,0.5,0.6,0.4,14.9,18.8,22.6,18.8,2.0,8.0,24.0,0.5,0.6,0.4,20.8,21.6,22.4,21.6,2.0,1.6,24.0,0.5,0.6,0.4,-0.2,1.8,3.8,1.8,2.0,4.2,24.0,0.5,0.6,0.4,-1.1,1.0,3.0,1.0,2.0,4.3,24.0,0.5,0.6,0.4,482.0,872.0,1261.5,872.0,2.0,807.5,24.0,0.5,0.6,0.4,480.0,870.0,1260.0,870.0,2.0,810.0,24.0,0.5,0.6,0.4
1974,2,307.0,49.0,,,,,,,,,,,,,,,,,,,,,,,,,,,,,,,,,,,,,,,,5.52,8.85,11.51,8.9,12.0,4.09,8.0,0.7,0.4,0.8,5.21,8.12,9.13,7.68,12.0,3.24,8.0,0.7,0.4,0.8,-2.47,0.52,5.9,0.82,12.0,5.25,8.0,0.7,0.4,0.8,993.4,998.1,1003.1,999.19,12.0,7.72,8.0,0.7,0.4,0.8,,,,,,,,,,,,,,,,,,,,,,,,,,,,,,,,,,,,,,,,,,,,,,,,,,,,,,,,,,,,,,,,,,,,,,,,,,,,,,,,,,,,,,,,,,,,,,,,,,,,,,,,,,,,,,,,,,,,,,,,,,,,,,,,,,,,,,,,,,,,,,,,,,,,,,
1974,2,307.0,50.0,0.4,0.5,1.0,0.5,20.0,0.55,12.0,0.5,0.3,0.2,-10.19,-4.9,-0.5,-4.55,20.0,4.5,12.0,0.5,0.3,0.2,4.12,4.12,4.12,4.12,1.0,0.0,22.0,0.0,1.0,0.5,97.2,97.2,97.2,97.2,1.0,0.0,22.0,0.0,0.5,5.02,10.0,13.97,9.82,20.0,3.7,12.0,0.5,0.3,0.2,3.83,7.12,12.98,7.57,20.0,4.45,12.0,0.5,0.3,0.2,-3.42,0.0,7.69,1.59,20.0,5.69,12.0,0.5,0.3,0.2,993.3,998.8,1008.25,1000.28,20.0,7.27,12.0,0.5,0.3,0.2,1.7,3.5,7.0,3.7,12.0,2.5,14.0,0.6,0.3,0.3,19.2,56.1,194.1,84.3,20.0,73.9,12.0,0.5,0.3,0.2,-24.5,0.0,92.1,20.0,20.0,66.7,12.0,0.5,0.3,0.2,1.11,5.45,10.59,5.05,20.0,4.51,12.0,0.5,0.3,0.2,5.5,41.7,128.4,58.0,20.0,62.2,12.0,0.5,0.3,0.2,-0.69,-0.69,-0.69,-0.69,1.0,0.0,22.0,0.0,1.0,0.5,-8.4,-8.4,-8.4,-8.4,1.0,0.0,22.0,0.0,1.0,0.5,-93.7,-27.4,-1.6,-42.0,20.0,52.6,12.0,0.5,0.3,0.2,-34.4,0.0,2.6,-16.0,20.0,42.7,12.0,0.5,0.3,0.2,0.0,0.0,0.0,0.0,1.0,0.0,22.0,0.0,1.0,0.5,50.7,50.7,50.7,50.7,1.0,0.0,22.0,0.0,1.0,0.5,0.0,0.0,0.0,0.0,1.0,0.0,22.0,0.0,1.0,0.5,-8.4,-8.4,-8.4,-8.4,1.0,0.0,22.0,0.0,1.0,0.5,126.5,1000.0,2730.5,1324.5,20.0,1161.0,12.0,0.5,0.3,0.2,125.0,1000.0,2730.0,1325.0,20.0,1160.0,12.0,0.5,0.3,0.2
1974,2,307.0,51.0,-1.61,-1.0,0.54,-0.58,32.0,1.22,14.0,0.4,0.7,0.7,-7.0,-4.8,0.0,-4.53,35.0,4.52,14.0,0.4,0.7,0.7,4.14,4.15,4.17,4.15,2.0,0.03,22.0,1.0,1.0,0.3,93.4,94.1,94.8,94.1,2.0,1.4,22.0,1.0,0.3,6.28,11.8,16.8,11.53,35.0,5.01,14.0,0.4,0.7,0.7,0.0,7.56,13.36,6.73,35.0,6.63,14.0,0.4,0.7,0.7,-2.93,0.0,9.48,2.04,35.0,8.19,14.0,0.4,0.7,0.7,992.22,999.5,1009.62,1000.08,35.0,7.89,14.0,0.4,0.7,0.7,4.1,7.5,8.0,6.5,16.0,2.1,18.0,0.8,0.8,0.8,0.0,75.7,187.9,90.1,35.0,107.2,14.0,0.4,0.7,0.7,-31.7,0.0,110.9,30.2,35.0,143.6,14.0,0.4,0.7,0.7,-0.32,3.55,7.56,4.06,32.0,4.8,14.0,0.4,0.7,0.7,-1.9,35.4,92.2,51.0,31.0,76.7,14.0,0.4,0.7,0.7,-0.74,-0.74,-0.74,-0.74,2.0,0.0,22.0,1.0,1.0,0.3,-14.8,-13.8,-12.8,-13.8,2.0,2.1,22.0,1.0,1.0,0.3,-91.5,-27.7,0.0,-49.2,34.0,69.4,14.0,0.4,0.7,0.7,-16.5,0.0,25.8,-2.7,34.0,34.7,14.0,0.4,0.7,0.7,-12.4,-7.4,-2.3,-7.4,2.0,10.5,22.0,1.0,1.0,0.3,71.2,76.4,81.5,76.4,2.0,10.7,22.0,1.0,1.0,0.3,0.4,1.3,2.2,1.3,2.0,1.9,22.0,1.0,1.0,0.3,-14.6,-13.6,-12.7,-13.6,2.0,1.9,22.0,1.0,1.0,0.3,249.5,1643.0,4746.5,2412.0,35.0,2770.5,14.0,0.4,0.7,0.7,250.0,1645.0,4745.0,2410.0,35.0,2770.0,14.0,0.4,0.7,0.7
1974,2,307.0,52.0,-1.0,-0.3,1.1,-0.03,158.0,1.16,14.0,0.5,0.8,0.4,-8.0,-2.15,1.0,-3.3,190.0,5.29,14.0,0.4,0.8,0.4,3.19,3.37,3.82,3.43,13.0,0.3,16.0,0.3,0.9,0.3,88.0,93.6,95.9,91.9,13.0,6.8,16.0,0.3,0.3,4.1,9.3,15.9,10.38,193.0,5.55,14.0,0.4,0.8,0.4,-4.57,3.3,11.95,3.28,193.0,7.38,14.0,0.4,0.8,0.4,-9.74,0.0,7.61,-0.57,193.0,8.57,14.0,0.4,0.8,0.4,985.8,992.7,1003.67,993.96,199.0,9.13,14.0,0.4,0.8,0.4,6.0,8.0,8.0,7.1,118.0,1.9,16.0,0.6,0.8,0.4,-39.3,17.7,176.7,48.2,193.0,115.5,14.0,0.4,0.8,0.4,-128.8,0.0,85.2,-8.7,193.0,141.5,14.0,0.4,0.8,0.4,-1.0,2.4,9.12,3.67,154.0,5.46,14.0,0.5,0.8,0.4,-10.2,14.9,109.0,42.3,151.0,76.0,14.0,0.5,0.8,0.4,-0.15,0.15,0.36,0.21,13.0,0.51,16.0,0.3,0.9,0.3,-0.9,0.9,5.4,2.1,12.0,5.0,16.0,0.3,0.9,0.2,-66.6,-5.1,3.7,-28.6,185.0,56.1,14.0,0.4,0.8,0.4,-28.1,0.0,18.5,-7.8,185.0,54.8,14.0,0.4,0.8,0.4,-25.8,-7.3,16.6,-5.6,12.0,22.7,16.0,0.3,0.9,0.2,-25.2,-5.9,19.6,-4.0,12.0,24.0,16.0,0.3,0.9,0.2,-0.3,0.4,3.5,1.2,12.0,3.0,16.0,0.3,0.9,0.2,-4.2,-0.2,1.3,-1.4,12.0,4.1,16.0,0.3,0.9,0.2,69.0,804.5,4019.5,2118.0,193.0,2789.5,14.0,0.4,0.8,0.4,70.0,805.0,4020.0,2120.0,193.0,2790.0,14.0,0.4,0.8,0.4
1974,2,307.0,53.0,-0.7,0.5,1.6,0.46,86.0,1.17,10.0,0.5,0.6,0.3,-8.02,-2.1,3.8,-2.62,91.0,6.45,10.0,0.5,0.6,0.3,0.96,2.72,3.66,2.47,7.0,1.15,2.0,0.4,0.5,0.6,89.6,93.3,95.8,93.4,7.0,3.4,2.0,0.4,0.6,4.0,7.45,17.0,10.04,92.0,6.65,8.0,0.5,0.6,0.3,-2.56,5.41,12.05,4.9,92.0,7.56,8.0,0.5,0.6,0.3,-1.99,2.21,11.21,3.49,92.0,7.24,8.0,0.5,0.6,0.3,980.02,998.0,1007.41,995.88,99.0,11.92,10.0,0.5,0.6,0.3,6.0,8.0,8.0,6.9,64.0,2.0,8.0,0.6,0.6,0.3,-11.3,32.4,163.1,68.5,92.0,143.5,8.0,0.5,0.6,0.3,-7.0,8.3,178.7,64.2,92.0,143.8,8.0,0.5,0.6,0.3,-3.03,2.0,8.08,2.98,81.0,6.3,10.0,0.5,0.6,0.3,-19.5,13.4,71.8,36.7,76.0,107.8,8.0,0.5,0.6,0.3,0.16,1.03,2.96,1.33,7.0,1.22,2.0,0.4,0.5,0.6,3.0,10.4,68.7,25.7,7.0,30.4,2.0,0.4,0.5,0.6,-68.3,-15.8,11.3,-29.9,84.0,78.9,8.0,0.5,0.6,0.3,-32.4,0.0,25.3,-17.3,84.0,74.4,8.0,0.5,0.6,0.3,-45.8,-4.8,15.3,-9.0,7.0,32.0,2.0,0.4,0.5,0.6,16.7,30.6,54.6,32.0,7.0,17.3,2.0,0.4,0.5,0.6,-3.3,0.0,35.5,11.6,7.0,20.4,2.0,0.4,0.5,0.6,2.3,8.7,52.9,20.6,7.0,25.1,2.0,0.4,0.5,0.6,64.0,415.0,4913.0,2525.0,92.0,4235.5,8.0,0.5,0.6,0.3,65.0,415.0,4915.0,2525.0,92.0,4235.0,8.0,0.5,0.6,0.3
1974,2,307.0,54.0,,,,,,,,,,,,,,,,,,,,,,,,,,,,,,,,,,,,,,,,16.42,17.0,19.62,17.98,4.0,2.73,14.0,0.5,0.4,0.2,4.77,8.02,12.58,8.64,4.0,4.85,14.0,0.5,0.4,0.2,-10.43,3.74,18.96,4.24,4.0,17.06,14.0,0.5,0.4,0.2,974.3,986.0,1001.47,987.8,4.0,15.99,14.0,0.5,0.4,0.2,,,,,,,,,,,,,,,,,,,,,,,,,,,,,,,,,,,,,,,,,,,,,,,,,,,,,,,,,,,,,,,,,,,,,,,,,,,,,,,,,,,,,,,,,,,,,,,,,,,,,,,,,,,,,,,,,,,,,,,,,,,,,,,,,,,,,,,,,,,,,,,,,,,,,,
1974,2,307.0,56.0,3.0,3.0,3.0,3.0,4.0,0.0,8.0,0.0,0.8,0.4,0.0,0.05,0.99,0.48,4.0,0.88,8.0,0.0,0.8,0.4,2.83,3.06,3.32,3.07,4.0,0.37,8.0,0.0,0.8,0.4,69.7,75.3,86.9,78.2,4.0,11.0,8.0,0.0,0.4,11.3,12.6,13.9,12.6,4.0,1.5,8.0,0.0,0.8,0.4,-11.38,-10.22,-9.79,-10.56,4.0,1.06,8.0,0.0,0.8,0.4,-7.99,-6.3,-5.65,-6.8,4.0,1.55,8.0,0.0,0.8,0.4,1005.9,1006.25,1006.55,1006.23,4.0,0.39,8.0,0.0,0.8,0.4,2.0,2.5,3.5,2.8,4.0,1.0,8.0,0.0,0.8,0.4,-158.1,-129.3,-110.6,-134.1,4.0,28.3,8.0,0.0,0.8,0.4,-111.1,-80.2,-63.8,-87.1,4.0,29.1,8.0,0.0,0.8,0.4,2.01,2.95,3.0,2.53,4.0,0.88,8.0,0.0,0.8,0.4,24.9,33.9,37.3,31.2,4.0,10.1,8.0,0.0,0.8,0.4,1.4,1.66,1.89,1.65,4.0,0.37,8.0,0.0,0.8,0.4,17.9,23.0,23.4,20.8,4.0,5.0,8.0,0.0,0.8,0.4,-11.9,-0.5,0.0,-5.7,4.0,10.7,8.0,0.0,0.8,0.4,-7.0,-0.4,0.0,-3.4,4.0,6.1,8.0,0.0,0.8,0.4,-35.7,-33.7,-29.0,-32.4,4.0,4.8,8.0,0.0,0.8,0.4,-24.5,-20.6,-17.3,-20.9,4.0,5.2,8.0,0.0,0.8,0.4,-20.3,-18.8,-14.4,-17.4,4.0,4.1,8.0,0.0,0.8,0.4,-13.3,-11.7,-9.0,-11.2,4.0,3.3,8.0,0.0,0.8,0.4,1443.0,2064.5,2685.5,2064.5,4.0,717.5,8.0,0.0,0.8,0.4,1445.0,2065.0,2685.0,2065.0,4.0,715.0,8.0,0.0,0.8,0.4
1974,2,307.0,63.0,,,,,,,,,,,,,,,,,,,,,,,,,,,,,,,,,,,,,,,,1.0,1.0,1.0,1.0,1.0,0.0,6.0,0.0,0.2,0.6,0.0,0.0,0.0,0.0,1.0,0.0,6.0,0.0,0.2,0.6,-1.0,-1.0,-1.0,-1.0,1.0,0.0,6.0,0.0,0.2,0.6,1013.3,1013.3,1013.3,1013.3,1.0,0.0,6.0,0.0,0.2,0.6,,,,,,,,,,,,,,,,,,,,,,,,,,,,,,,,,,,,,,,,,,,,,,,,,,,,,,,,,,,,,,,,,,,,,,,,,,,,,,,,,,,,,,,,,,,,,,,,,,,,,,,,,,,,,,,,,,,,,,,,,,,,,,,,,,,,,,,,,,,,,,,,,,,,,,
1974,2,308.0,-62.0,0.0,0.0,0.0,0.0,3.0,0.0,14.0,0.3,0.7,0.5,0.66,1.0,1.0,0.83,3.0,0.29,14.0,0.3,0.7,0.5,3.66,3.78,3.82,3.74,3.0,0.12,14.0,0.3,0.7,0.5,91.2,91.7,92.6,91.9,3.0,1.0,14.0,0.3,0.5,8.55,9.3,9.3,8.93,3.0,0.64,14.0,0.3,0.7,0.5,1.48,1.61,6.01,3.7,3.0,3.77,14.0,0.3,0.7,0.5,5.74,8.08,8.81,7.29,3.0,2.35,14.0,0.3,0.7,0.5,997.07,998.5,999.87,998.47,3.0,2.05,14.0,0.3,0.7,0.5,0.0,0.0,5.5,2.7,3.0,4.6,14.0,0.3,0.7,0.5,12.7,15.0,55.9,33.9,3.0,35.6,14.0,0.3,0.7,0.5,50.5,66.2,79.2,64.9,3.0,21.0,14.0,0.3,0.7,0.5,-1.0,-1.0,-0.66,-0.83,3.0,0.29,14.0,0.3,0.7,0.5,-9.0,-8.2,-5.8,-7.4,3.0,2.4,14.0,0.3,0.7,0.5,0.02,0.06,0.17,0.09,3.0,0.11,14.0,0.3,0.7,0.5,0.2,0.5,1.5,0.8,3.0,1.0,14.0,0.3,0.7,0.5,1.5,1.6,3.3,2.4,3.0,1.5,14.0,0.3,0.7,0.5,4.2,8.1,8.8,6.5,3.0,3.7,14.0,0.3,0.7,0.5,5.7,6.1,21.8,13.5,3.0,13.4,14.0,0.3,0.7,0.5,21.3,31.0,33.5,27.5,3.0,9.4,14.0,0.3,0.7,0.5,0.0,0.1,1.2,0.6,3.0,1.0,14.0,0.3,0.7,0.5,0.2,0.5,0.8,0.5,3.0,0.5,14.0,0.3,0.7,0.5,631.5,804.5,804.5,720.0,3.0,146.0,14.0,0.3,0.7,0.5,630.0,805.0,805.0,720.0,3.0,145.0,14.0,0.3,0.7,0.5
1974,2,308.0,-57.0,4.8,4.8,4.8,4.8,1.0,0.0,8.0,0.0,0.8,0.9,3.1,3.1,3.1,3.1,1.0,0.0,8.0,0.0,0.8,0.9,3.28,3.28,3.28,3.28,1.0,0.0,8.0,0.0,0.8,0.9,69.2,69.2,69.2,69.2,1.0,0.0,8.0,0.0,0.9,2.6,2.6,2.6,2.6,1.0,0.0,8.0,0.0,0.8,0.9,-2.56,-2.56,-2.56,-2.56,1.0,0.0,8.0,0.0,0.8,0.9,-0.45,-0.45,-0.45,-0.45,1.0,0.0,8.0,0.0,0.8,0.9,1008.3,1008.3,1008.3,1008.3,1.0,0.0,8.0,0.0,0.8,0.9,1.0,1.0,1.0,1.0,1.0,0.0,8.0,0.0,0.8,0.9,-6.7,-6.7,-6.7,-6.7,1.0,0.0,8.0,0.0,0.8,0.9,-1.2,-1.2,-1.2,-1.2,1.0,0.0,8.0,0.0,0.8,0.9,1.7,1.7,1.7,1.7,1.0,0.0,8.0,0.0,0.8,0.9,4.4,4.4,4.4,4.4,1.0,0.0,8.0,0.0,0.8,0.9,2.07,2.07,2.07,2.07,1.0,0.0,8.0,0.0,0.8,0.9,5.4,5.4,5.4,5.4,1.0,0.0,8.0,0.0,0.8,0.9,-7.9,-7.9,-7.9,-7.9,1.0,0.0,8.0,0.0,0.8,0.9,-1.4,-1.4,-1.4,-1.4,1.0,0.0,8.0,0.0,0.8,0.9,-8.4,-8.4,-8.4,-8.4,1.0,0.0,8.0,0.0,0.8,0.9,-1.5,-1.5,-1.5,-1.5,1.0,0.0,8.0,0.0,0.8,0.9,-5.3,-5.3,-5.3,-5.3,1.0,0.0,8.0,0.0,0.8,0.9,-0.9,-0.9,-0.9,-0.9,1.0,0.0,8.0,0.0,0.8,0.9,17.5,17.5,17.5,17.5,1.0,0.0,8.0,0.0,0.8,0.9,20.0,20.0,20.0,20.0,1.0,0.0,8.0,0.0,0.8,0.9
1974,2,308.0,-50.0,,,,,,,,,,,,,,,,,,,,,,,,,,,,,,,,,,,,,,,,8.0,8.0,8.0,8.0,1.0,0.0,8.0,1.0,1.0,0.3,5.14,5.14,5.14,5.14,1.0,0.0,8.0,1.0,1.0,0.3,6.13,6.13,6.13,6.13,1.0,0.0,8.0,1.0,1.0,0.3,1012.5,1012.5,1012.5,1012.5,1.0,0.0,8.0,1.0,1.0,0.3,,,,,,,,,,,,,,,,,,,,,,,,,,,,,,,,,,,,,,,,,,,,,,,,,,,,,,,,,,,,,,,,,,,,,,,,,,,,,,,,,,,,,,,,,,,,,,,,,,,,,,,,,,,,,,,,,,,,,,,,,,,,,,,,,,,,,,,,,,,,,,,,,,,,,,
1974,2,308.0,-46.0,12.9,12.9,12.9,12.9,1.0,0.0,10.0,1.0,0.2,0.1,11.8,11.8,11.8,11.8,1.0,0.0,10.0,1.0,0.2,0.1,5.33,5.33,5.33,5.33,1.0,0.0,10.0,1.0,0.2,0.1,63.1,63.1,63.1,63.1,1.0,0.0,10.0,1.0,0.1,5.0,5.0,5.0,5.0,1.0,0.0,10.0,1.0,0.2,0.1,4.92,4.92,4.92,4.92,1.0,0.0,10.0,1.0,0.2,0.1,0.87,0.87,0.87,0.87,1.0,0.0,10.0,1.0,0.2,0.1,1026.6,1026.6,1026.6,1026.6,1.0,0.0,10.0,1.0,0.2,0.1,3.0,3.0,3.0,3.0,1.0,0.0,10.0,1.0,0.2,0.1,24.6,24.6,24.6,24.6,1.0,0.0,10.0,1.0,0.2,0.1,4.3,4.3,4.3,4.3,1.0,0.0,10.0,1.0,0.2,0.1,1.1,1.1,1.1,1.1,1.0,0.0,10.0,1.0,0.2,0.1,5.5,5.5,5.5,5.5,1.0,0.0,10.0,1.0,0.2,0.1,3.77,3.77,3.77,3.77,1.0,0.0,10.0,1.0,0.2,0.1,18.9,18.9,18.9,18.9,1.0,0.0,10.0,1.0,0.2,0.1,58.1,58.1,58.1,58.1,1.0,0.0,10.0,1.0,0.2,0.1,10.2,10.2,10.2,10.2,1.0,0.0,10.0,1.0,0.2,0.1,26.2,26.2,26.2,26.2,1.0,0.0,10.0,1.0,0.2,0.1,4.6,4.6,4.6,4.6,1.0,0.0,10.0,1.0,0.2,0.1,18.6,18.6,18.6,18.6,1.0,0.0,10.0,1.0,0.2,0.1,3.3,3.3,3.3,3.3,1.0,0.0,10.0,1.0,0.2,0.1,125.0,125.0,125.0,125.0,1.0,0.0,10.0,1.0,0.2,0.1,125.0,125.0,125.0,125.0,1.0,0.0,10.0,1.0,0.2,0.1
1974,2,308.0,-45.0,12.8,12.8,12.8,12.8,1.0,0.0,4.0,1.0,0.6,0.7,13.67,15.1,16.53,15.1,2.0,2.97,6.0,0.5,0.5,0.5,8.15,9.51,10.87,9.51,2.0,2.82,6.0,0.5,0.5,0.5,83.7,87.3,91.0,87.3,2.0,7.5,6.0,0.5,0.5,6.43,9.5,12.57,9.5,2.0,6.36,6.0,0.5,0.5,0.5,-3.63,-1.14,1.34,-1.14,2.0,5.15,6.0,0.5,0.5,0.5,-10.38,-4.41,1.56,-4.41,2.0,12.36,6.0,0.5,0.5,0.5,999.14,1009.75,1020.36,1009.75,2.0,21.99,6.0,0.5,0.5,0.5,2.8,4.5,6.2,4.5,2.0,3.5,6.0,0.5,0.5,0.5,-54.4,-27.3,-0.1,-27.3,2.0,56.2,6.0,0.5,0.5,0.5,-151.5,-81.3,-11.0,-81.3,2.0,145.5,6.0,0.5,0.5,0.5,-4.4,-4.4,-4.4,-4.4,1.0,0.0,4.0,1.0,0.6,0.7,-61.6,-61.6,-61.6,-61.6,1.0,0.0,4.0,1.0,0.6,0.7,-2.16,-2.16,-2.16,-2.16,1.0,0.0,4.0,1.0,0.6,0.7,-30.3,-30.3,-30.3,-30.3,1.0,0.0,4.0,1.0,0.6,0.7,-64.1,-24.9,14.3,-24.9,2.0,81.2,6.0,0.5,0.5,0.5,-181.4,-85.0,11.4,-85.0,2.0,199.8,6.0,0.5,0.5,0.5,-43.3,-18.1,7.1,-18.1,2.0,52.2,6.0,0.5,0.5,0.5,-122.1,-59.4,3.4,-59.4,2.0,130.0,6.0,0.5,0.5,0.5,10.4,10.4,10.4,10.4,1.0,0.0,4.0,1.0,0.6,0.7,28.5,28.5,28.5,28.5,1.0,0.0,4.0,1.0,0.6,0.7,540.5,1434.5,2328.5,1434.5,2.0,1852.0,6.0,0.5,0.5,0.5,540.0,1435.0,2330.0,1435.0,2.0,1850.0,6.0,0.5,0.5,0.5
1974,2,308.0,-44.0,16.1,16.1,16.1,16.1,1.0,0.0,26.0,1.0,1.0,0.2,15.6,15.6,15.6,15.6,1.0,0.0,26.0,1.0,1.0,0.2,9.06,9.06,9.06,9.06,1.0,0.0,26.0,1.0,1.0,0.2,82.9,82.9,82.9,82.9,1.0,0.0,26.0,1.0,0.2,6.2,6.2,6.2,6.2,1.0,0.0,26.0,1.0,1.0,0.2,6.2,6.2,6.2,6.2,1.0,0.0,26.0,1.0,1.0,0.2,0.0,0.0,0.0,0.0,1.0,0.0,26.0,1.0,1.0,0.2,1018.2,1018.2,1018.2,1018.2,1.0,0.0,26.0,1.0,1.0,0.2,6.0,6.0,6.0,6.0,1.0,0.0,26.0,1.0,1.0,0.2,38.4,38.4,38.4,38.4,1.0,0.0,26.0,1.0,1.0,0.2,0.0,0.0,0.0,0.0,1.0,0.0,26.0,1.0,1.0,0.2,0.5,0.5,0.5,0.5,1.0,0.0,26.0,1.0,1.0,0.2,3.1,3.1,3.1,3.1,1.0,0.0,26.0,1.0,1.0,0.2,2.24,2.24,2.24,2.24,1.0,0.0,26.0,1.0,1.0,0.2,13.9,13.9,13.9,13.9,1.0,0.0,26.0,1.0,1.0,0.2,96.7,96.7,96.7,96.7,1.0,0.0,26.0,1.0,1.0,0.2,0.0,0.0,0.0,0.0,1.0,0.0,26.0,1.0,1.0,0.2,56.1,56.1,56.1,56.1,1.0,0.0,26.0,1.0,1.0,0.2,0.0,0.0,0.0,0.0,1.0,0.0,26.0,1.0,1.0,0.2,13.9,13.9,13.9,13.9,1.0,0.0,26.0,1.0,1.0,0.2,0.0,0.0,0.0,0.0,1.0,0.0,26.0,1.0,1.0,0.2,238.5,238.5,238.5,238.5,1.0,0.0,26.0,1.0,1.0,0.2,240.0,240.0,240.0,240.0,1.0,0.0,26.0,1.0,1.0,0.2
1974,2,308.0,-43.0,14.6,14.6,14.6,14.6,1.0,0.0,8.0,1.0,0.5,0.3,13.28,14.95,16.62,14.95,2.0,3.46,18.0,0.5,0.3,0.3,6.68,7.47,8.26,7.47,2.0,1.63,18.0,0.5,0.3,0.3,59.0,74.3,89.6,74.3,2.0,31.8,18.0,0.5,0.3,13.0,13.0,13.0,13.0,1.0,0.0,8.0,1.0,0.5,0.3,4.45,4.45,4.45,4.45,1.0,0.0,8.0,1.0,0.5,0.3,12.22,12.22,12.22,12.22,1.0,0.0,8.0,1.0,0.5,0.3,1021.18,1021.35,1021.52,1021.35,2.0,0.35,18.0,0.5,0.3,0.3,0.5,1.5,2.5,1.5,2.0,2.1,18.0,0.5,0.3,0.3,57.8,57.8,57.8,57.8,1.0,0.0,8.0,1.0,0.5,0.3,158.8,158.8,158.8,158.8,1.0,0.0,8.0,1.0,0.5,0.3,2.1,2.1,2.1,2.1,1.0,0.0,8.0,1.0,0.5,0.3,27.3,27.3,27.3,27.3,1.0,0.0,8.0,1.0,0.5,0.3,1.6,1.6,1.6,1.6,1.0,0.0,8.0,1.0,0.5,0.3,20.9,20.9,20.9,20.9,1.0,0.0,8.0,1.0,0.5,0.3,55.6,55.6,55.6,55.6,1.0,0.0,8.0,1.0,0.5,0.3,152.7,152.7,152.7,152.7,1.0,0.0,8.0,1.0,0.5,0.3,38.3,38.3,38.3,38.3,1.0,0.0,8.0,1.0,0.5,0.3,105.3,105.3,105.3,105.3,1.0,0.0,8.0,1.0,0.5,0.3,7.1,7.1,7.1,7.1,1.0,0.0,8.0,1.0,0.5,0.3,19.6,19.6,19.6,19.6,1.0,0.0,8.0,1.0,0.5,0.3,2197.0,2197.0,2197.0,2197.0,1.0,0.0,8.0,1.0,0.5,0.3,2195.0,2195.0,2195.0,2195.0,1.0,0.0,8.0,1.0,0.5,0.3
1974,2,308.0,-41.0,13.8,13.8,13.8,13.8,1.0,0.0,8.0,0.0,0.5,0.4,12.0,12.0,12.0,12.0,1.0,0.0,8.0,0.0,0.5,0.4,7.11,7.11,7.11,7.11,1.0,0.0,8.0,0.0,0.5,0.4,81.9,81.9,81.9,81.9,1.0,0.0,8.0,0.0,0.4,12.0,12.0,12.0,12.0,1.0,0.0,8.0,0.0,0.5,0.4,7.71,7.71,7.71,7.71,1.0,0.0,8.0,0.0,0.5,0.4,9.19,9.19,9.19,9.19,1.0,0.0,8.0,0.0,0.5,0.4,1012.3,1012.3,1012.3,1012.3,1.0,0.0,8.0,0.0,0.5,0.4,4.0,4.0,4.0,4.0,1.0,0.0,8.0,0.0,0.5,0.4,92.6,92.6,92.6,92.6,1.0,0.0,8.0,0.0,0.5,0.4,110.3,110.3,110.3,110.3,1.0,0.0,8.0,0.0,0.5,0.4,1.8,1.8,1.8,1.8,1.0,0.0,8.0,0.0,0.5,0.4,21.6,21.6,21.6,21.6,1.0,0.0,8.0,0.0,0.5,0.4,2.68,2.68,2.68,2.68,1.0,0.0,8.0,0.0,0.5,0.4,32.1,32.1,32.1,32.1,1.0,0.0,8.0,0.0,0.5,0.4,92.6,92.6,92.6,92.6,1.0,0.0,8.0,0.0,0.5,0.4,110.3,110.3,110.3,110.3,1.0,0.0,8.0,0.0,0.5,0.4,54.9,54.9,54.9,54.9,1.0,0.0,8.0,0.0,0.5,0.4,65.4,65.4,65.4,65.4,1.0,0.0,8.0,0.0,0.5,0.4,20.7,20.7,20.7,20.7,1.0,0.0,8.0,0.0,0.5,0.4,24.6,24.6,24.6,24.6,1.0,0.0,8.0,0.0,0.5,0.4,1728.0,1728.0,1728.0,1728.0,1.0,0.0,8.0,0.0,0.5,0.4,1730.0,1730.0,1730.0,1730.0,1.0,0.0,8.0,0.0,0.5,0.4
1974,2,308.0,-40.0,,,,,,,,,,,,,,,,,,,,,,,,,,,,,,,,,,,,,,,,8.2,8.2,8.2,8.2,1.0,0.0,4.0,1.0,1.0,0.3,7.71,7.71,7.71,7.71,1.0,0.0,4.0,1.0,1.0,0.3,-2.8,-2.8,-2.8,-2.8,1.0,0.0,4.0,1.0,1.0,0.3,1002.0,1002.0,1002.0,1002.0,1.0,0.0,4.0,1.0,1.0,0.3,,,,,,,,,,,,,,,,,,,,,,,,,,,,,,,,,,,,,,,,,,,,,,,,,,,,,,,,,,,,,,,,,,,,,,,,,,,,,,,,,,,,,,,,,,,,,,,,,,,,,,,,,,,,,,,,,,,,,,,,,,,,,,,,,,,,,,,,,,,,,,,,,,,,,,
1974,2,308.0,-38.0,20.0,20.0,20.0,20.0,2.0,0.0,26.0,0.5,0.6,0.4,19.5,19.5,19.5,19.5,1.0,0.0,26.0,0.0,0.4,0.1,11.21,11.21,11.21,11.21,1.0,0.0,26.0,0.0,0.4,0.1,80.2,80.2,80.2,80.2,1.0,0.0,26.0,0.0,0.1,1.48,2.5,3.52,2.5,2.0,2.12,26.0,0.5,0.6,0.4,-2.91,-1.73,-0.55,-1.73,2.0,2.45,26.0,0.5,0.6,0.4,-1.84,-1.5,-1.16,-1.5,2.0,0.71,26.0,0.5,0.6,0.4,1019.51,1019.95,1020.39,1019.95,2.0,0.92,26.0,0.5,0.6,0.4,5.2,5.5,5.8,5.5,2.0,0.7,26.0,0.5,0.6,0.4,-11.7,-6.9,-2.2,-6.9,2.0,9.8,26.0,0.5,0.6,0.4,-6.9,-4.5,-2.1,-4.5,2.0,4.9,26.0,0.5,0.6,0.4,0.5,0.5,0.5,0.5,1.0,0.0,26.0,0.0,0.4,0.1,0.5,0.5,0.5,0.5,1.0,0.0,26.0,0.0,0.4,0.1,3.24,3.24,3.24,3.24,1.0,0.0,26.0,0.0,0.4,0.1,3.2,3.2,3.2,3.2,1.0,0.0,26.0,0.0,0.4,0.1,0.0,0.0,0.0,0.0,1.0,0.0,26.0,0.0,0.4,0.1,-19.5,-19.5,-19.5,-19.5,1.0,0.0,26.0,0.0,0.4,0.1,0.0,0.0,0.0,0.0,1.0,0.0,26.0,0.0,0.4,0.1,-11.2,-11.2,-11.2,-11.2,1.0,0.0,26.0,0.0,0.4,0.1,0.0,0.0,0.0,0.0,1.0,0.0,26.0,0.0,0.4,0.1,-3.2,-3.2,-3.2,-3.2,1.0,0.0,26.0,0.0,0.4,0.1,11.0,32.5,54.0,32.5,2.0,44.5,26.0,0.5,0.6,0.4,10.0,35.0,55.0,35.0,2.0,45.0,26.0,0.5,0.6,0.4
1974,2,308.0,-35.0,22.22,23.7,23.97,23.04,5.0,1.71,18.0,0.8,0.6,0.5,20.63,22.1,23.03,21.92,5.0,1.32,18.0,0.8,0.6,0.5,12.5,12.79,13.05,12.78,3.0,0.4,16.0,0.7,0.5,0.5,75.3,76.7,82.4,78.8,3.0,5.5,16.0,0.7,0.5,4.23,5.0,8.47,6.1,5.0,2.43,18.0,0.8,0.6,0.5,-0.26,2.74,4.69,2.23,5.0,4.54,18.0,0.8,0.6,0.5,2.09,3.98,5.7,4.04,5.0,2.28,18.0,0.8,0.6,0.5,1010.38,1011.5,1015.09,1012.66,5.0,3.41,18.0,0.8,0.6,0.5,5.6,6.0,8.0,6.6,5.0,1.3,18.0,0.8,0.6,0.5,-2.3,10.6,41.2,18.8,5.0,35.7,18.0,0.8,0.6,0.5,8.5,18.3,49.4,27.7,5.0,23.0,18.0,0.8,0.6,0.5,-0.68,1.8,3.09,1.12,5.0,2.82,18.0,0.8,0.6,0.5,-4.3,16.6,18.8,8.3,5.0,16.2,18.0,0.8,0.6,0.5,5.41,6.01,6.12,5.77,3.0,0.56,16.0,0.7,0.5,0.5,21.4,27.6,47.9,34.5,3.0,20.3,16.0,0.7,0.5,0.5,-10.6,56.6,104.7,46.7,5.0,103.0,18.0,0.8,0.6,0.5,48.1,81.7,122.1,86.6,5.0,45.7,18.0,0.8,0.6,0.5,31.6,36.3,79.5,55.1,3.0,38.7,16.0,0.7,0.5,0.5,37.0,50.9,55.4,46.3,3.0,14.1,16.0,0.7,0.5,0.5,13.9,14.2,38.4,25.9,3.0,20.6,16.0,0.7,0.5,0.5,15.7,23.9,27.2,21.5,3.0,8.7,16.0,0.7,0.5,0.5,79.0,125.0,619.0,317.0,5.0,329.5,18.0,0.8,0.6,0.5,80.0,125.0,620.0,315.0,5.0,330.0,18.0,0.8,0.6,0.5
1974,2,308.0,-34.0,23.27,24.0,24.44,23.78,5.0,1.02,22.0,0.8,0.6,0.5,21.32,22.0,23.26,22.3,5.0,1.32,22.0,0.8,0.6,0.5,12.74,13.28,14.54,13.62,4.0,1.33,22.0,0.8,0.6,0.5,73.4,76.1,88.9,80.9,4.0,12.9,22.0,0.8,0.5,3.73,5.0,6.07,4.92,5.0,1.39,22.0,0.8,0.6,0.5,-4.94,2.37,3.53,-0.1,5.0,4.54,22.0,0.8,0.6,0.5,0.18,1.71,3.38,1.79,5.0,2.75,22.0,0.8,0.6,0.5,1011.6,1012.6,1018.77,1014.72,5.0,4.07,22.0,0.8,0.6,0.5,3.9,7.0,8.0,6.0,5.0,2.5,22.0,0.8,0.6,0.5,-26.1,7.4,18.2,-1.7,5.0,23.9,22.0,0.8,0.6,0.5,-0.4,6.2,19.6,9.6,5.0,18.1,22.0,0.8,0.6,0.5,0.0,1.4,3.0,1.48,5.0,1.5,22.0,0.8,0.6,0.5,0.0,4.3,13.3,6.3,5.0,7.0,22.0,0.8,0.6,0.5,3.57,4.75,5.51,4.55,4.0,1.16,22.0,0.8,0.6,0.5,14.9,22.2,29.2,22.1,4.0,8.5,22.0,0.8,0.6,0.5,-111.9,53.7,76.3,-4.7,5.0,102.5,22.0,0.8,0.6,0.5,1.3,36.8,75.2,38.3,5.0,62.2,22.0,0.8,0.6,0.5,-23.0,36.3,51.1,15.1,4.0,59.4,22.0,0.8,0.6,0.5,-3.4,23.9,50.2,23.4,4.0,40.2,22.0,0.8,0.6,0.5,-9.6,12.6,13.4,2.4,4.0,21.1,22.0,0.8,0.6,0.5,-3.5,7.7,17.6,7.1,4.0,14.2,22.0,0.8,0.6,0.5,54.5,125.0,227.5,142.0,5.0,106.5,22.0,0.8,0.6,0.5,55.0,125.0,225.0,140.0,5.0,105.0,22.0,0.8,0.6,0.5
1974,2,308.0,-33.0,22.5,23.9,25.0,23.51,22.0,1.5,14.0,0.6,0.4,0.6,22.0,23.25,26.0,23.62,22.0,2.3,14.0,0.6,0.4,0.6,11.95,13.51,17.06,14.48,18.0,2.88,14.0,0.6,0.5,0.6,72.4,80.7,88.8,80.0,18.0,7.6,14.0,0.6,0.6,3.93,5.05,6.7,5.19,24.0,2.44,14.0,0.5,0.5,0.6,-5.81,-2.64,0.98,-2.23,24.0,3.42,14.0,0.5,0.5,0.6,-2.64,0.44,4.79,1.36,24.0,3.9,14.0,0.5,0.5,0.6,1009.2,1014.2,1017.87,1013.45,24.0,4.5,14.0,0.5,0.5,0.6,3.5,7.0,8.0,6.0,23.0,2.2,14.0,0.6,0.5,0.6,-37.1,-10.4,5.7,-13.3,24.0,23.8,14.0,0.5,0.5,0.6,-10.8,2.3,24.4,12.1,24.0,36.7,14.0,0.5,0.5,0.6,-1.13,0.3,1.33,-0.1,22.0,2.11,14.0,0.6,0.4,0.6,-4.1,1.4,9.9,0.8,22.0,10.0,14.0,0.6,0.4,0.6,2.07,3.64,6.1,3.64,18.0,2.32,14.0,0.6,0.5,0.6,8.9,16.5,26.4,17.3,18.0,10.2,14.0,0.6,0.5,0.6,-114.8,-47.3,26.3,-43.4,22.0,80.0,14.0,0.6,0.4,0.6,-58.6,29.9,112.1,36.1,22.0,92.9,14.0,0.6,0.4,0.6,-68.5,-35.2,13.9,-35.1,18.0,41.4,14.0,0.6,0.5,0.6,-31.9,23.6,67.4,20.1,18.0,47.9,14.0,0.6,0.5,0.6,-15.8,-11.3,1.9,-10.0,18.0,11.0,14.0,0.6,0.5,0.6,-4.2,7.4,17.8,7.2,18.0,11.8,14.0,0.6,0.5,0.6,61.0,129.0,301.0,244.0,24.0,438.5,14.0,0.5,0.5,0.6,60.0,130.0,300.0,245.0,24.0,440.0,14.0,0.5,0.5,0.6
1974,2,308.0,-32.0,22.27,23.8,24.58,23.51,9.0,1.48,14.0,0.6,0.6,0.3,20.38,23.0,25.0,22.73,9.0,2.37,14.0,0.6,0.6,0.3,10.51,12.36,16.91,13.6,9.0,3.06,14.0,0.6,0.6,0.3,67.7,81.1,89.1,78.4,9.0,11.0,14.0,0.6,0.3,3.37,6.2,8.7,6.33,9.0,2.65,14.0,0.6,0.6,0.3,-8.57,-5.37,-0.64,-4.67,9.0,4.18,14.0,0.6,0.6,0.3,-1.86,0.54,3.83,0.72,9.0,3.09,14.0,0.6,0.6,0.3,1011.27,1018.0,1018.0,1015.37,9.0,3.64,14.0,0.6,0.6,0.3,5.3,7.0,8.0,6.7,9.0,1.5,14.0,0.6,0.6,0.3,-74.5,-33.3,-2.0,-37.5,9.0,38.5,14.0,0.6,0.6,0.3,-11.3,1.7,18.6,6.9,9.0,22.2,14.0,0.6,0.6,0.3,0.02,1.0,1.89,0.78,9.0,2.14,14.0,0.6,0.6,0.3,-0.2,6.2,16.0,8.2,9.0,13.2,14.0,0.6,0.6,0.3,2.88,4.04,7.62,4.48,9.0,2.8,14.0,0.6,0.6,0.3,12.6,26.5,51.5,30.3,9.0,21.8,14.0,0.6,0.6,0.3,-169.6,-118.1,-16.6,-99.0,9.0,89.3,14.0,0.6,0.6,0.3,-45.6,12.5,93.3,15.7,9.0,74.0,14.0,0.6,0.6,0.3,-102.1,-66.4,-8.6,-55.8,9.0,54.1,14.0,0.6,0.6,0.3,-29.8,5.6,64.7,9.2,9.0,48.7,14.0,0.6,0.6,0.3,-50.0,-26.1,0.9,-25.2,9.0,25.4,14.0,0.6,0.6,0.3,-3.4,4.3,14.6,5.3,9.0,10.7,14.0,0.6,0.6,0.3,40.5,238.5,658.5,374.0,9.0,369.5,14.0,0.6,0.6,0.3,40.0,240.0,660.0,375.0,9.0,370.0,14.0,0.6,0.6,0.3
1974,2,308.0,4.0,26.5,26.5,26.5,26.5,1.0,0.0,28.0,0.0,1.0,0.8,26.0,26.0,26.0,26.0,1.0,0.0,28.0,0.0,1.0,0.8,16.16,16.16,16.16,16.16,1.0,0.0,28.0,0.0,1.0,0.8,77.2,77.2,77.2,77.2,1.0,0.0,28.0,0.0,0.8,10.3,10.3,10.3,10.3,1.0,0.0,28.0,0.0,1.0,0.8,-1.79,-1.79,-1.79,-1.79,1.0,0.0,28.0,0.0,1.0,0.8,-10.14,-10.14,-10.14,-10.14,1.0,0.0,28.0,0.0,1.0,0.8,1013.5,1013.5,1013.5,1013.5,1.0,0.0,28.0,0.0,1.0,0.8,5.0,5.0,5.0,5.0,1.0,0.0,28.0,0.0,1.0,0.8,-18.4,-18.4,-18.4,-18.4,1.0,0.0,28.0,0.0,1.0,0.8,-104.5,-104.5,-104.5,-104.5,1.0,0.0,28.0,0.0,1.0,0.8,0.5,0.5,0.5,0.5,1.0,0.0,28.0,0.0,1.0,0.8,5.2,5.2,5.2,5.2,1.0,0.0,28.0,0.0,1.0,0.8,5.47,5.47,5.47,5.47,1.0,0.0,28.0,0.0,1.0,0.8,56.4,56.4,56.4,56.4,1.0,0.0,28.0,0.0,1.0,0.8,-46.5,-46.5,-46.5,-46.5,1.0,0.0,28.0,0.0,1.0,0.8,-263.7,-263.7,-263.7,-263.7,1.0,0.0,28.0,0.0,1.0,0.8,-28.9,-28.9,-28.9,-28.9,1.0,0.0,28.0,0.0,1.0,0.8,-163.9,-163.9,-163.9,-163.9,1.0,0.0,28.0,0.0,1.0,0.8,-9.8,-9.8,-9.8,-9.8,1.0,0.0,28.0,0.0,1.0,0.8,-55.5,-55.5,-55.5,-55.5,1.0,0.0,28.0,0.0,1.0,0.8,1092.5,1092.5,1092.5,1092.5,1.0,0.0,28.0,0.0,1.0,0.8,1095.0,1095.0,1095.0,1095.0,1.0,0.0,28.0,0.0,1.0,0.8
1974,2,308.0,5.0,27.24,27.7,28.53,27.77,10.0,0.74,12.0,0.5,0.6,0.6,26.06,26.4,27.24,26.73,11.0,1.06,12.0,0.5,0.6,0.7,16.8,17.6,19.72,18.06,11.0,1.61,12.0,0.5,0.6,0.7,77.1,81.0,87.6,82.4,11.0,7.9,12.0,0.5,0.7,6.49,9.3,10.51,8.95,11.0,2.48,12.0,0.5,0.6,0.7,-8.24,-6.3,-4.05,-6.28,11.0,2.02,12.0,0.5,0.6,0.7,-8.28,-7.1,-2.81,-6.04,11.0,2.53,12.0,0.5,0.6,0.7,1008.68,1009.3,1011.86,1010.0,11.0,1.66,12.0,0.5,0.6,0.7,6.0,6.0,8.0,6.4,9.0,1.9,12.0,0.7,0.6,0.7,-81.3,-55.6,-29.9,-59.7,11.0,31.8,12.0,0.5,0.6,0.7,-90.4,-66.3,-23.6,-58.6,11.0,33.4,12.0,0.5,0.6,0.7,0.61,1.1,2.24,1.17,10.0,1.17,12.0,0.5,0.6,0.6,3.1,11.9,21.7,10.7,10.0,11.8,12.0,0.5,0.6,0.6,4.41,5.78,7.1,5.58,10.0,1.92,12.0,0.5,0.6,0.6,24.7,54.7,75.5,51.9,10.0,24.7,12.0,0.5,0.6,0.6,-216.9,-163.7,-109.2,-167.9,11.0,54.3,12.0,0.5,0.6,0.7,-227.2,-183.2,-73.3,-162.1,11.0,69.3,12.0,0.5,0.6,0.7,-144.6,-115.8,-75.7,-113.0,11.0,34.5,12.0,0.5,0.6,0.7,-150.0,-119.1,-48.5,-109.6,11.0,47.0,12.0,0.5,0.6,0.7,-57.9,-35.0,-22.1,-37.0,10.0,19.9,12.0,0.5,0.6,0.6,-52.2,-38.3,-11.2,-34.3,10.0,19.7,12.0,0.5,0.6,0.6,275.0,804.5,1161.5,859.5,11.0,583.5,12.0,0.5,0.6,0.7,275.0,805.0,1160.0,860.0,11.0,585.0,12.0,0.5,0.6,0.7
1974,2,308.0,6.0,26.08,26.8,27.27,26.71,8.0,0.55,20.0,0.3,0.4,0.5,26.1,26.2,27.6,26.5,9.0,0.91,18.0,0.3,0.4,0.5,15.23,15.81,16.41,15.82,6.0,0.87,16.0,0.5,0.3,0.4,68.7,73.0,74.9,72.4,6.0,3.2,16.0,0.5,0.4,8.49,11.4,12.9,10.83,6.0,2.19,16.0,0.5,0.3,0.4,-8.99,-7.12,-6.34,-7.7,6.0,1.92,16.0,0.5,0.3,0.4,-9.48,-6.76,-5.46,-7.38,6.0,2.33,16.0,0.5,0.3,0.4,1009.89,1010.75,1011.48,1010.65,6.0,0.97,16.0,0.5,0.3,0.4,5.1,6.0,6.0,5.6,8.0,1.7,20.0,0.3,0.4,0.5,-103.3,-86.4,-55.4,-85.5,6.0,34.3,16.0,0.5,0.3,0.4,-114.4,-80.5,-46.5,-83.1,6.0,38.8,16.0,0.5,0.3,0.4,-0.24,0.7,1.06,0.4,8.0,0.73,20.0,0.3,0.4,0.5,-3.1,6.1,9.7,3.2,5.0,9.7,20.0,0.4,0.3,0.4,5.77,6.16,7.16,6.48,5.0,1.01,20.0,0.4,0.3,0.4,65.8,77.6,83.2,74.3,5.0,15.2,20.0,0.4,0.3,0.4,-239.8,-184.4,-167.9,-206.0,6.0,56.5,16.0,0.5,0.3,0.4,-248.3,-182.9,-140.9,-196.3,6.0,60.4,16.0,0.5,0.3,0.4,-134.8,-110.8,-102.3,-121.5,6.0,30.6,16.0,0.5,0.3,0.4,-148.5,-103.8,-85.9,-116.5,6.0,37.0,16.0,0.5,0.3,0.4,-68.8,-49.9,-37.7,-52.5,5.0,15.7,20.0,0.4,0.3,0.4,-61.6,-57.7,-36.7,-50.7,5.0,14.4,20.0,0.4,0.3,0.4,617.0,1487.0,2146.5,1397.0,6.0,723.5,16.0,0.5,0.3,0.4,615.0,1485.0,2145.0,1395.0,6.0,725.0,16.0,0.5,0.3,0.4
1974,2,308.0,7.0,29.1,29.1,29.1,29.1,1.0,0.0,28.0,0.0,0.5,0.5,26.24,26.55,26.86,26.55,2.0,0.64,26.0,0.5,0.6,0.5,18.58,18.58,18.58,18.58,1.0,0.0,26.0,1.0,0.7,0.5,83.7,83.7,83.7,83.7,1.0,0.0,26.0,1.0,0.5,8.29,8.9,9.51,8.9,2.0,1.27,26.0,0.5,0.6,0.5,-9.5,-8.84,-8.18,-8.84,2.0,1.36,26.0,0.5,0.6,0.5,0.22,0.69,1.17,0.69,2.0,0.98,26.0,0.5,0.6,0.5,1014.25,1014.35,1014.45,1014.35,2.0,0.21,26.0,0.5,0.6,0.5,7.2,7.5,7.8,7.5,2.0,0.7,26.0,0.5,0.6,0.5,-90.8,-79.5,-68.3,-79.5,2.0,23.3,26.0,0.5,0.6,0.5,1.8,5.6,9.3,5.6,2.0,7.9,26.0,0.5,0.6,0.5,,,,,,,,,,,,,,,,,,,,,,,,,,,,,,,,,,,,,,,,,-255.2,-235.1,-215.0,-235.1,2.0,41.7,26.0,0.5,0.6,0.5,5.8,18.1,30.5,18.1,2.0,25.6,26.0,0.5,0.6,0.5,-182.1,-182.1,-182.1,-182.1,1.0,0.0,26.0,1.0,0.7,0.5,0.0,0.0,0.0,0.0,1.0,0.0,26.0,1.0,0.7,0.5,,,,,,,,,,,,,,,,,,,,,,,,,,,,,,,,,,,,,,,,
1974,2,308.0,8.0,26.0,26.5,27.18,26.7,15.0,0.92,14.0,0.5,0.4,0.5,25.6,25.8,26.58,25.95,15.0,0.66,14.0,0.5,0.4,0.5,14.95,15.63,17.32,16.09,11.0,1.42,14.0,0.6,0.5,0.6,70.0,76.3,83.1,76.9,11.0,6.4,14.0,0.6,0.6,7.27,9.8,12.08,9.6,12.0,2.61,12.0,0.6,0.5,0.6,-11.62,-8.49,-6.13,-8.66,12.0,2.79,12.0,0.6,0.5,0.6,-5.18,-3.58,0.0,-3.27,12.0,2.47,12.0,0.6,0.5,0.6,1009.36,1011.2,1012.89,1011.19,14.0,1.86,12.0,0.6,0.5,0.6,2.0,3.0,6.8,4.1,15.0,2.3,14.0,0.5,0.4,0.5,-140.0,-83.2,-52.8,-89.4,12.0,47.6,12.0,0.6,0.5,0.6,-56.9,-34.5,0.0,-32.4,12.0,27.1,12.0,0.6,0.5,0.6,0.0,0.4,1.36,0.75,15.0,1.15,14.0,0.5,0.4,0.5,0.0,1.7,12.3,7.1,12.0,12.9,12.0,0.6,0.5,0.6,4.11,6.17,7.95,6.06,11.0,2.15,14.0,0.6,0.5,0.6,31.7,61.3,84.0,58.9,10.0,28.5,12.0,0.7,0.5,0.5,-302.1,-222.8,-157.4,-223.4,12.0,69.4,12.0,0.6,0.5,0.6,-138.8,-94.0,0.0,-84.5,12.0,64.2,12.0,0.6,0.5,0.6,-170.8,-136.0,-105.9,-136.9,10.0,40.2,12.0,0.7,0.5,0.5,-84.4,-71.7,-15.5,-58.7,10.0,36.2,12.0,0.7,0.5,0.5,-68.5,-51.9,-29.8,-52.1,10.0,26.2,12.0,0.7,0.5,0.5,-39.6,-19.7,-3.0,-22.8,10.0,19.8,12.0,0.7,0.5,0.5,395.5,941.0,1762.0,1058.0,12.0,708.0,12.0,0.6,0.5,0.6,395.0,940.0,1760.0,1060.0,12.0,710.0,12.0,0.6,0.5,0.6
1974,2,308.0,9.0,26.0,26.4,27.1,26.58,17.0,0.53,8.0,0.4,0.3,0.3,25.0,25.8,26.78,25.91,17.0,0.75,8.0,0.4,0.3,0.3,14.35,15.11,15.97,15.24,6.0,1.27,22.0,0.5,0.5,0.2,69.7,74.7,77.8,74.1,6.0,3.9,22.0,0.5,0.2,6.38,8.2,10.5,8.38,16.0,2.03,8.0,0.4,0.3,0.3,-9.1,-7.83,-6.22,-7.65,16.0,1.67,8.0,0.4,0.3,0.3,-6.11,-1.47,0.0,-2.22,16.0,2.9,8.0,0.4,0.3,0.3,1010.7,1012.3,1014.38,1012.58,17.0,2.0,8.0,0.4,0.3,0.3,2.0,3.0,6.0,3.2,13.0,1.6,10.0,0.5,0.4,0.3,-95.9,-65.1,-39.8,-66.8,16.0,28.6,8.0,0.4,0.3,0.3,-58.3,-12.0,0.0,-21.5,16.0,31.8,8.0,0.4,0.3,0.3,0.0,0.7,1.35,0.66,17.0,0.63,8.0,0.4,0.3,0.3,0.0,6.2,10.1,5.6,16.0,4.5,8.0,0.4,0.3,0.3,5.52,6.53,7.08,6.32,6.0,0.97,22.0,0.5,0.5,0.2,45.3,62.0,78.4,61.9,5.0,19.1,20.0,0.4,0.4,0.2,-242.6,-198.8,-162.3,-198.1,16.0,45.4,8.0,0.4,0.3,0.3,-152.7,-37.9,0.0,-56.9,16.0,74.9,8.0,0.4,0.3,0.3,-125.4,-111.3,-88.8,-107.8,5.0,28.9,20.0,0.4,0.4,0.2,-105.3,-93.4,-68.2,-87.0,5.0,30.9,20.0,0.4,0.4,0.2,-60.1,-47.5,-36.1,-48.2,5.0,13.5,20.0,0.4,0.4,0.2,-50.4,-39.9,-27.2,-38.7,5.0,14.1,20.0,0.4,0.4,0.2,264.5,551.5,1161.0,686.0,16.0,482.5,8.0,0.4,0.3,0.3,265.0,550.0,1160.0,685.0,16.0,480.0,8.0,0.4,0.3,0.3
1974,2,308.0,10.0,25.6,26.0,26.09,26.11,7.0,0.76,14.0,0.3,0.5,0.5,24.84,26.0,26.66,25.84,8.0,0.94,14.0,0.3,0.6,0.5,14.26,15.21,17.17,15.74,5.0,2.01,16.0,0.4,0.6,0.6,71.5,74.6,82.8,76.4,6.0,5.6,14.0,0.3,0.5,7.37,9.0,10.81,9.42,8.0,2.22,14.0,0.3,0.6,0.5,-10.21,-8.7,-6.8,-8.61,8.0,2.01,14.0,0.3,0.6,0.5,-6.64,-2.04,0.0,-2.59,8.0,3.17,14.0,0.3,0.6,0.5,1010.19,1012.1,1012.33,1011.9,7.0,1.62,14.0,0.3,0.6,0.5,1.0,3.0,6.0,3.1,7.0,2.5,14.0,0.3,0.5,0.5,-110.5,-75.7,-51.6,-84.4,8.0,40.5,14.0,0.3,0.6,0.5,-63.5,-16.4,0.0,-28.7,8.0,37.3,14.0,0.3,0.6,0.5,-0.12,0.4,0.83,0.4,7.0,0.65,14.0,0.3,0.5,0.5,-1.6,2.9,7.7,3.2,7.0,5.8,14.0,0.3,0.5,0.5,4.98,6.06,6.57,5.78,4.0,1.01,18.0,0.5,0.5,0.6,41.4,54.4,59.2,50.5,4.0,12.9,18.0,0.5,0.5,0.6,-264.7,-222.7,-173.0,-222.8,8.0,54.1,14.0,0.3,0.6,0.5,-167.9,-52.3,0.0,-65.9,8.0,81.2,14.0,0.3,0.6,0.5,-139.6,-134.8,-110.2,-124.6,5.0,23.9,16.0,0.4,0.6,0.6,-51.7,0.0,8.7,-20.0,5.0,47.4,16.0,0.4,0.6,0.6,-54.2,-45.1,-35.2,-44.7,4.0,11.5,18.0,0.5,0.5,0.6,-28.8,-4.5,2.9,-12.6,4.0,23.6,18.0,0.5,0.5,0.6,405.0,731.5,1272.5,968.5,8.0,778.0,14.0,0.3,0.6,0.5,405.0,730.0,1275.0,970.0,8.0,780.0,14.0,0.3,0.6,0.5
1974,2,308.0,11.0,25.93,26.1,27.0,26.38,5.0,0.58,16.0,0.8,0.6,0.4,24.36,25.1,26.02,25.15,6.0,0.79,14.0,0.8,0.6,0.4,14.84,15.29,16.63,15.59,5.0,1.07,16.0,0.8,0.6,0.4,73.2,79.1,82.3,77.7,5.0,6.4,16.0,0.8,0.4,6.77,7.7,13.08,9.58,6.0,4.66,14.0,0.8,0.6,0.4,-11.33,-7.13,-5.37,-8.39,6.0,4.0,14.0,0.8,0.6,0.4,-6.54,-4.24,-1.66,-4.41,6.0,2.84,14.0,0.8,0.6,0.4,1011.29,1013.1,1014.72,1013.0,6.0,1.79,14.0,0.8,0.6,0.4,3.6,5.5,6.2,5.0,6.0,1.8,14.0,0.8,0.6,0.4,-153.6,-54.9,-36.6,-95.8,6.0,96.3,14.0,0.8,0.6,0.4,-88.7,-31.5,-10.0,-52.3,6.0,58.1,14.0,0.8,0.6,0.4,0.38,1.0,1.87,1.08,5.0,0.83,16.0,0.8,0.6,0.4,2.7,7.7,11.5,7.3,5.0,5.7,16.0,0.8,0.6,0.4,5.09,5.72,6.65,5.92,5.0,1.39,16.0,0.8,0.6,0.4,35.6,44.2,56.5,45.7,5.0,13.0,16.0,0.8,0.6,0.4,-290.2,-181.5,-134.2,-210.8,6.0,97.9,14.0,0.8,0.6,0.4,-167.5,-108.4,-40.4,-111.0,6.0,70.1,14.0,0.8,0.6,0.4,-142.2,-94.1,-80.2,-109.6,5.0,39.2,16.0,0.8,0.6,0.4,-80.8,-54.3,-25.0,-54.4,5.0,31.6,16.0,0.8,0.6,0.4,-48.9,-43.6,-29.1,-40.3,5.0,11.4,16.0,0.8,0.6,0.4,-28.2,-25.3,-9.1,-20.2,5.0,10.7,16.0,0.8,0.6,0.4,323.5,456.5,2508.0,1482.5,6.0,2195.5,14.0,0.8,0.6,0.4,325.0,455.0,2510.0,1480.0,6.0,2195.0,14.0,0.8,0.6,0.4
1974,2,308.0,12.0,25.17,25.55,25.93,25.55,2.0,0.78,16.0,0.5,0.4,0.2,25.36,27.2,28.43,26.9,3.0,2.26,16.0,0.7,0.5,0.4,14.27,16.37,18.47,16.37,2.0,4.35,12.0,1.0,0.5,0.5,72.3,77.9,83.6,77.9,2.0,11.7,12.0,1.0,0.5,8.55,9.3,9.3,8.93,3.0,0.64,16.0,0.7,0.5,0.4,-8.79,-7.71,-7.31,-8.04,3.0,1.13,16.0,0.7,0.5,0.4,-4.97,-2.8,-0.89,-2.93,3.0,2.99,16.0,0.7,0.5,0.4,1011.93,1012.2,1014.11,1013.0,3.0,1.74,16.0,0.7,0.5,0.4,1.3,2.0,4.0,2.7,3.0,2.1,16.0,0.7,0.5,0.4,-80.1,-66.3,-64.2,-72.0,3.0,12.7,16.0,0.7,0.5,0.4,-45.2,-23.0,-7.3,-26.2,3.0,27.9,16.0,0.7,0.5,0.4,-3.11,-1.2,0.71,-1.2,2.0,3.96,16.0,0.5,0.4,0.2,-25.2,-9.0,7.3,-9.0,2.0,33.7,16.0,0.5,0.4,0.2,7.8,7.8,7.8,7.8,1.0,0.0,10.0,1.0,0.4,0.4,72.5,72.5,72.5,72.5,1.0,0.0,10.0,1.0,0.4,0.4,-243.6,-223.5,-190.1,-217.0,3.0,39.6,16.0,0.7,0.5,0.4,-125.8,-81.3,-25.8,-75.9,3.0,73.4,16.0,0.7,0.5,0.4,-167.2,-137.8,-108.4,-137.8,2.0,60.9,12.0,1.0,0.5,0.5,-66.8,-39.7,-12.6,-39.7,2.0,56.2,12.0,1.0,0.5,0.5,-55.5,-55.5,-55.5,-55.5,1.0,0.0,10.0,1.0,0.4,0.4,-46.6,-46.6,-46.6,-46.6,1.0,0.0,10.0,1.0,0.4,0.4,631.5,804.5,804.5,720.0,3.0,146.0,16.0,0.7,0.5,0.4,630.0,805.0,805.0,720.0,3.0,145.0,16.0,0.7,0.5,0.4
1974,2,308.0,14.0,23.77,25.0,27.05,25.4,3.0,2.42,18.0,0.3,0.6,0.7,24.48,25.5,26.52,25.5,3.0,1.5,18.0,0.3,0.6,0.7,13.92,14.58,16.6,15.25,3.0,2.05,18.0,0.3,0.6,0.7,70.8,78.3,78.6,74.8,3.0,6.5,18.0,0.3,0.7,5.45,6.2,7.57,6.5,3.0,1.57,18.0,0.3,0.6,0.7,-7.23,-6.2,-3.16,-5.22,3.0,3.1,18.0,0.3,0.6,0.7,-1.91,0.0,3.27,0.66,3.0,3.84,18.0,0.3,0.6,0.7,1010.66,1011.0,1014.41,1012.5,3.0,3.04,18.0,0.3,0.6,0.7,2.3,3.0,5.7,4.0,3.0,2.6,18.0,0.3,0.6,0.7,-55.3,-38.4,-18.3,-36.8,3.0,27.2,18.0,0.3,0.6,0.7,-15.7,0.0,16.7,0.5,3.0,23.7,18.0,0.3,0.6,0.7,-1.25,1.0,1.0,-0.1,3.0,1.91,18.0,0.3,0.6,0.7,-8.1,5.1,7.2,-0.3,3.0,12.2,18.0,0.3,0.6,0.7,4.43,5.25,5.87,5.16,3.0,1.06,18.0,0.3,0.6,0.7,27.1,31.4,39.3,33.2,3.0,9.1,18.0,0.3,0.6,0.7,-176.4,-158.1,-82.3,-130.0,3.0,73.1,18.0,0.3,0.6,0.7,-45.9,0.0,88.3,20.7,3.0,100.0,18.0,0.3,0.6,0.7,-103.5,-84.4,-47.7,-75.8,3.0,41.5,18.0,0.3,0.6,0.7,-27.9,0.0,57.4,14.4,3.0,63.7,18.0,0.3,0.6,0.7,-35.6,-25.1,-15.3,-25.4,3.0,14.8,18.0,0.3,0.6,0.7,-10.0,0.0,20.2,4.9,3.0,22.5,18.0,0.3,0.6,0.7,166.0,238.5,452.0,307.5,3.0,217.5,18.0,0.3,0.6,0.7,165.0,240.0,450.0,305.0,3.0,220.0,18.0,0.3,0.6,0.7
1974,2,308.0,15.0,24.19,24.7,25.42,24.8,4.0,0.78,12.0,0.5,0.3,0.3,23.79,24.55,25.89,24.83,4.0,1.39,12.0,0.5,0.3,0.3,13.94,14.36,14.94,14.44,4.0,0.6,12.0,0.5,0.3,0.3,67.5,74.5,81.5,74.5,4.0,8.6,12.0,0.5,0.3,7.2,8.75,10.82,9.0,4.0,2.12,12.0,0.5,0.3,0.3,-10.53,-8.38,-6.92,-8.71,4.0,2.16,12.0,0.5,0.3,0.3,-3.02,-1.86,-0.6,-1.81,4.0,1.52,12.0,0.5,0.3,0.3,1012.16,1015.6,1017.21,1014.73,4.0,3.28,12.0,0.5,0.3,0.3,3.0,4.5,5.0,4.0,4.0,1.4,12.0,0.5,0.3,0.3,-114.4,-75.4,-49.8,-81.8,4.0,38.6,12.0,0.5,0.3,0.3,-27.5,-13.4,-4.3,-15.8,4.0,15.5,12.0,0.5,0.3,0.3,-1.2,0.25,1.13,-0.02,4.0,1.68,12.0,0.5,0.3,0.3,-13.6,1.8,8.1,-2.5,4.0,16.5,12.0,0.5,0.3,0.3,4.15,5.39,5.99,5.08,4.0,1.22,12.0,0.5,0.3,0.3,33.9,50.1,58.1,46.2,4.0,15.9,12.0,0.5,0.3,0.3,-273.3,-206.4,-164.7,-218.4,4.0,66.5,12.0,0.5,0.3,0.3,-73.7,-44.0,-14.3,-44.0,4.0,37.7,12.0,0.5,0.3,0.3,-147.0,-119.1,-103.3,-124.9,4.0,26.8,12.0,0.5,0.3,0.3,-43.4,-27.9,-8.7,-26.1,4.0,21.5,12.0,0.5,0.3,0.3,-56.2,-49.7,-32.8,-44.8,4.0,15.6,12.0,0.5,0.3,0.3,-14.8,-8.0,-3.7,-9.2,4.0,8.5,12.0,0.5,0.3,0.3,373.0,733.0,1276.0,820.5,4.0,536.0,12.0,0.5,0.3,0.3,375.0,735.0,1275.0,820.0,4.0,535.0,12.0,0.5,0.3,0.3
1974,2,308.0,16.0,24.48,26.0,26.0,25.48,6.0,0.8,14.0,0.5,0.6,0.6,23.48,24.2,24.66,24.44,7.0,1.58,14.0,0.6,0.6,0.5,12.97,13.88,14.7,13.82,6.0,0.92,14.0,0.5,0.6,0.5,70.2,75.0,78.8,75.3,6.0,5.5,14.0,0.5,0.5,7.46,8.2,10.06,7.96,7.0,2.72,14.0,0.6,0.6,0.5,-9.92,-7.71,-5.71,-7.44,7.0,2.98,14.0,0.6,0.6,0.5,-2.91,-1.42,1.67,-1.2,7.0,2.48,14.0,0.6,0.6,0.5,1015.5,1016.1,1017.3,1016.33,7.0,0.8,14.0,0.6,0.6,0.5,2.9,3.0,6.0,3.7,7.0,1.8,14.0,0.6,0.6,0.5,-99.9,-63.2,-43.5,-66.0,7.0,38.9,14.0,0.6,0.6,0.5,-23.7,-11.7,5.0,-10.2,7.0,18.8,14.0,0.6,0.6,0.5,-0.45,1.35,2.6,1.05,6.0,1.88,14.0,0.5,0.6,0.6,-4.6,10.0,20.7,7.5,6.0,16.4,14.0,0.5,0.6,0.6,4.49,6.26,8.03,6.26,5.0,1.83,14.0,0.4,0.5,0.7,34.8,51.3,63.4,47.9,5.0,21.5,14.0,0.4,0.5,0.7,-273.9,-177.3,-134.3,-183.2,7.0,78.9,14.0,0.6,0.6,0.5,-67.0,-33.6,40.8,-27.2,7.0,60.2,14.0,0.6,0.6,0.5,-124.2,-99.3,-67.0,-97.4,6.0,45.2,14.0,0.5,0.6,0.5,-46.0,-26.5,5.0,-22.4,6.0,31.6,14.0,0.5,0.6,0.5,-54.9,-47.8,-33.0,-43.7,5.0,21.0,14.0,0.4,0.5,0.7,-25.4,-11.7,2.8,-12.1,5.0,18.0,14.0,0.4,0.5,0.7,435.5,551.5,1021.0,639.5,7.0,455.5,14.0,0.6,0.6,0.5,435.0,550.0,1020.0,640.0,7.0,455.0,14.0,0.6,0.6,0.5
1974,2,308.0,17.0,23.94,24.5,25.67,24.74,7.0,1.34,14.0,0.4,0.5,0.4,23.88,24.5,25.57,24.83,7.0,1.16,14.0,0.4,0.5,0.4,12.74,14.26,15.17,14.36,7.0,2.13,14.0,0.4,0.5,0.4,65.1,73.6,78.4,73.9,7.0,11.4,14.0,0.4,0.4,6.7,9.3,10.42,9.13,7.0,2.27,14.0,0.4,0.5,0.4,-9.75,-7.7,-6.3,-8.17,7.0,1.83,14.0,0.4,0.5,0.4,-5.21,0.0,3.64,-0.3,7.0,4.59,14.0,0.4,0.5,0.4,1015.14,1015.9,1018.24,1016.47,7.0,1.78,14.0,0.4,0.5,0.4,1.0,3.0,5.1,3.3,7.0,2.5,14.0,0.4,0.5,0.4,-101.8,-66.3,-42.2,-77.9,7.0,36.7,14.0,0.4,0.5,0.4,-54.5,0.0,37.2,-6.3,7.0,48.9,14.0,0.4,0.5,0.4,-1.74,0.5,0.57,-0.09,7.0,1.52,14.0,0.4,0.5,0.4,-16.8,3.9,7.1,0.3,7.0,13.5,14.0,0.4,0.5,0.4,4.61,5.37,6.91,5.09,7.0,3.24,14.0,0.4,0.5,0.4,30.7,38.1,87.9,47.0,7.0,37.1,14.0,0.4,0.5,0.4,-243.0,-188.6,-169.5,-201.7,7.0,39.7,14.0,0.4,0.5,0.4,-126.9,0.0,90.7,-6.1,7.0,111.0,14.0,0.4,0.5,0.4,-132.9,-113.8,-94.3,-116.3,7.0,26.5,14.0,0.4,0.5,0.4,-76.7,0.0,46.8,-6.7,7.0,64.9,14.0,0.4,0.5,0.4,-76.5,-38.1,-28.9,-42.5,7.0,33.4,14.0,0.4,0.5,0.4,-13.8,6.7,32.7,4.0,7.0,26.8,14.0,0.4,0.5,0.4,301.0,804.5,1143.0,885.0,7.0,652.0,14.0,0.4,0.5,0.4,300.0,805.0,1145.0,885.0,7.0,650.0,14.0,0.4,0.5,0.4
1974,2,308.0,18.0,24.33,24.7,25.0,24.49,9.0,1.01,16.0,0.3,0.6,0.5,23.32,23.75,25.0,24.14,8.0,0.92,14.0,0.4,0.6,0.5,13.53,13.86,16.24,14.41,8.0,1.63,14.0,0.4,0.6,0.5,71.8,75.4,82.8,77.3,8.0,7.9,14.0,0.4,0.5,4.6,6.7,9.68,6.93,9.0,2.82,16.0,0.3,0.6,0.5,-9.23,-6.6,-4.55,-6.64,9.0,2.37,16.0,0.3,0.6,0.5,-2.89,-0.8,0.0,-1.34,9.0,2.18,16.0,0.3,0.6,0.5,1014.98,1017.4,1018.58,1017.1,9.0,1.96,16.0,0.3,0.6,0.5,0.3,2.0,5.2,2.7,9.0,2.7,16.0,0.3,0.6,0.5,-90.1,-44.2,-20.9,-52.0,9.0,39.7,16.0,0.3,0.6,0.5,-28.6,-3.7,0.0,-14.3,9.0,25.9,16.0,0.3,0.6,0.5,-1.01,0.9,1.29,0.29,8.0,1.59,14.0,0.4,0.6,0.5,-12.9,4.1,8.4,-0.3,8.0,12.4,14.0,0.4,0.6,0.5,2.59,5.76,6.25,4.63,8.0,2.37,14.0,0.4,0.6,0.5,12.8,31.2,40.8,28.0,8.0,15.7,14.0,0.4,0.6,0.5,-194.9,-137.2,-107.4,-152.2,8.0,59.0,14.0,0.4,0.6,0.5,-27.1,-9.5,0.0,-26.6,8.0,55.1,14.0,0.4,0.6,0.5,-126.6,-83.0,-58.1,-91.2,8.0,37.0,14.0,0.4,0.6,0.5,-15.9,-6.8,0.0,-16.0,8.0,32.4,14.0,0.4,0.6,0.5,-40.2,-31.2,-12.6,-27.0,8.0,14.6,14.0,0.4,0.6,0.5,-7.1,-1.0,0.0,-4.3,8.0,8.7,14.0,0.4,0.6,0.5,97.5,301.0,936.0,496.0,9.0,605.0,16.0,0.3,0.6,0.5,95.0,300.0,935.0,495.0,9.0,605.0,16.0,0.3,0.6,0.5
1974,2,308.0,19.0,23.92,24.0,25.0,24.25,15.0,0.71,14.0,0.5,0.5,0.5,23.0,23.5,24.19,23.66,16.0,0.84,16.0,0.4,0.4,0.5,12.75,14.43,15.61,14.15,11.0,1.64,14.0,0.5,0.4,0.5,67.2,73.9,87.9,76.0,12.0,11.4,14.0,0.4,0.5,4.63,7.1,9.3,7.12,14.0,2.75,16.0,0.4,0.4,0.5,-8.74,-5.58,-3.91,-5.99,14.0,3.67,16.0,0.4,0.4,0.5,-2.94,-0.65,3.11,-0.16,14.0,3.18,16.0,0.4,0.4,0.5,1015.69,1019.0,1020.39,1018.16,15.0,3.32,16.0,0.5,0.4,0.5,2.0,4.0,6.0,4.0,14.0,2.3,14.0,0.5,0.4,0.6,-81.3,-37.2,-18.4,-51.2,14.0,43.7,16.0,0.4,0.4,0.5,-25.4,-1.7,25.7,-0.7,14.0,24.4,16.0,0.4,0.4,0.5,-0.21,0.8,1.74,0.62,15.0,1.31,14.0,0.5,0.5,0.5,-2.8,5.1,15.1,5.3,13.0,9.7,14.0,0.5,0.4,0.5,2.87,5.02,6.89,4.79,11.0,1.82,14.0,0.5,0.4,0.5,19.6,33.6,49.3,36.7,10.0,21.2,14.0,0.5,0.4,0.4,-211.6,-127.7,-94.1,-141.7,14.0,85.7,16.0,0.4,0.4,0.5,-67.8,-15.1,71.7,-2.6,14.0,75.8,16.0,0.4,0.4,0.5,-143.5,-91.3,-59.2,-99.4,10.0,43.6,14.0,0.5,0.4,0.4,-40.5,4.8,37.8,-0.8,10.0,35.5,14.0,0.5,0.4,0.4,-46.3,-32.5,-17.7,-35.0,10.0,21.3,14.0,0.5,0.4,0.4,-10.6,2.0,12.3,0.7,10.0,11.5,14.0,0.5,0.4,0.4,99.5,358.0,804.5,516.0,14.0,529.0,16.0,0.4,0.4,0.5,100.0,360.0,805.0,515.0,14.0,530.0,16.0,0.4,0.4,0.5
1974,2,308.0,20.0,22.59,23.4,24.47,23.45,11.0,1.26,14.0,0.3,0.7,0.5,22.38,23.0,25.0,23.16,11.0,1.53,14.0,0.3,0.7,0.5,11.91,12.83,14.67,13.38,7.0,1.35,14.0,0.1,0.8,0.4,68.5,80.2,86.8,77.5,8.0,9.6,12.0,0.3,0.4,4.03,5.65,8.7,6.33,10.0,2.59,14.0,0.3,0.7,0.5,-7.36,-5.2,-3.45,-5.24,10.0,2.09,14.0,0.3,0.7,0.5,-2.45,-0.4,4.8,0.82,10.0,3.96,14.0,0.3,0.7,0.5,1017.14,1018.95,1020.1,1018.76,10.0,1.4,16.0,0.2,0.7,0.5,2.0,3.0,4.8,3.3,11.0,1.8,14.0,0.3,0.7,0.5,-67.6,-29.5,-13.3,-37.2,10.0,26.1,14.0,0.3,0.7,0.5,-12.3,-2.8,37.7,10.6,10.0,36.2,14.0,0.3,0.7,0.5,-1.12,0.4,1.65,0.29,11.0,1.63,14.0,0.3,0.7,0.5,-9.7,1.6,5.7,-1.4,10.0,11.1,14.0,0.3,0.7,0.5,3.18,5.25,5.95,5.06,7.0,1.68,14.0,0.1,0.8,0.4,17.8,24.1,36.6,26.5,7.0,10.2,14.0,0.1,0.8,0.4,-175.8,-114.5,-79.4,-123.1,10.0,53.5,14.0,0.3,0.7,0.5,-56.3,-9.2,110.3,19.4,10.0,95.5,14.0,0.3,0.7,0.5,-82.2,-64.9,-35.7,-60.4,7.0,23.9,14.0,0.1,0.8,0.4,-39.5,-15.9,36.7,2.7,7.0,49.3,14.0,0.1,0.8,0.4,-32.0,-22.7,-10.9,-22.5,7.0,11.5,14.0,0.1,0.8,0.4,-15.7,-7.4,7.1,-2.5,7.0,13.9,14.0,0.1,0.8,0.4,68.5,185.5,658.5,374.5,10.0,413.5,14.0,0.3,0.7,0.5,70.0,185.0,660.0,375.0,10.0,415.0,14.0,0.3,0.7,0.5
1974,2,308.0,21.0,23.15,24.0,24.58,24.12,12.0,1.07,22.0,0.7,0.6,0.4,22.09,23.95,24.58,23.6,12.0,1.48,22.0,0.7,0.6,0.4,12.3,13.43,14.31,13.47,11.0,1.33,22.0,0.7,0.6,0.4,68.9,74.6,82.7,76.0,11.0,8.4,22.0,0.7,0.4,4.22,6.45,8.85,6.48,12.0,2.19,22.0,0.7,0.6,0.4,-8.32,-6.22,-3.72,-6.06,12.0,2.18,22.0,0.7,0.6,0.4,-2.59,0.76,2.52,0.35,12.0,2.36,22.0,0.7,0.6,0.4,1017.15,1018.95,1022.15,1019.48,12.0,2.4,22.0,0.7,0.6,0.4,2.0,4.0,6.3,4.0,12.0,2.2,22.0,0.7,0.6,0.4,-73.7,-41.3,-16.0,-43.5,12.0,27.6,22.0,0.7,0.6,0.4,-19.8,2.4,14.2,1.1,12.0,17.4,22.0,0.7,0.6,0.4,-1.43,0.0,2.03,0.52,12.0,2.17,22.0,0.7,0.6,0.4,-6.7,0.0,16.3,5.6,12.0,17.0,22.0,0.7,0.6,0.4,3.34,5.1,6.71,5.2,11.0,1.96,22.0,0.7,0.6,0.4,17.2,29.1,55.5,36.3,11.0,20.6,22.0,0.7,0.6,0.4,-181.1,-150.9,-92.3,-140.8,12.0,44.7,22.0,0.7,0.6,0.4,-57.1,19.0,61.1,9.4,12.0,55.6,22.0,0.7,0.6,0.4,-107.5,-83.8,-63.2,-84.5,11.0,24.9,22.0,0.7,0.6,0.4,-32.6,13.3,33.8,5.2,11.0,33.4,22.0,0.7,0.6,0.4,-52.2,-28.6,-15.8,-34.0,11.0,19.8,22.0,0.7,0.6,0.4,-17.9,2.6,11.1,-0.7,11.0,14.3,22.0,0.7,0.6,0.4,80.0,269.5,695.5,355.5,12.0,298.0,22.0,0.7,0.6,0.4,80.0,270.0,695.0,355.0,12.0,300.0,22.0,0.7,0.6,0.4
1974,2,308.0,22.0,23.0,23.5,25.45,24.07,11.0,1.27,14.0,0.5,0.6,0.5,21.57,22.75,24.68,22.94,12.0,1.76,12.0,0.5,0.6,0.4,12.61,13.35,13.75,13.14,10.0,0.85,12.0,0.5,0.6,0.4,65.0,80.4,83.1,75.9,10.0,10.3,12.0,0.5,0.4,3.85,6.45,8.4,6.37,12.0,2.29,12.0,0.5,0.6,0.4,-7.0,-5.37,-2.82,-5.11,12.0,2.43,12.0,0.5,0.6,0.4,-2.62,0.23,3.65,0.8,12.0,3.8,12.0,0.5,0.6,0.4,1017.42,1018.4,1023.1,1019.3,12.0,2.78,12.0,0.5,0.6,0.4,3.0,4.5,8.0,5.1,12.0,2.1,12.0,0.5,0.6,0.4,-54.5,-33.3,-9.0,-36.2,12.0,26.3,12.0,0.5,0.6,0.4,-18.1,0.6,28.1,7.7,12.0,29.4,12.0,0.5,0.6,0.4,0.33,1.0,1.87,1.26,11.0,1.45,14.0,0.5,0.6,0.5,1.0,6.7,14.5,7.5,11.0,6.9,14.0,0.5,0.6,0.5,3.88,5.32,6.96,5.54,9.0,1.66,12.0,0.4,0.6,0.5,21.5,30.6,41.1,29.7,9.0,10.9,12.0,0.4,0.6,0.5,-157.7,-130.2,-58.1,-116.5,12.0,54.1,12.0,0.5,0.6,0.4,-60.0,5.1,82.4,18.3,12.0,88.3,12.0,0.5,0.6,0.4,-90.2,-74.6,-36.3,-64.2,10.0,27.6,12.0,0.5,0.6,0.4,-38.5,3.1,39.7,4.6,10.0,40.9,12.0,0.5,0.6,0.4,-32.2,-25.7,-13.7,-23.8,9.0,9.3,12.0,0.4,0.6,0.5,-18.8,0.0,19.4,-0.8,9.0,19.6,12.0,0.4,0.6,0.5,59.0,269.5,596.5,347.5,12.0,292.5,12.0,0.5,0.6,0.4,60.0,270.0,595.0,350.0,12.0,295.0,12.0,0.5,0.6,0.4
1974,2,308.0,23.0,22.44,23.1,23.79,23.13,10.0,0.89,16.0,0.6,0.6,0.4,21.71,22.8,23.29,22.79,10.0,1.34,14.0,0.5,0.6,0.5,12.25,13.21,14.2,13.11,9.0,1.11,14.0,0.6,0.7,0.5,71.3,73.4,81.8,76.3,9.0,7.0,14.0,0.6,0.5,3.1,5.65,7.7,5.35,10.0,2.33,16.0,0.6,0.6,0.4,-7.22,-3.7,-2.06,-4.42,10.0,2.42,16.0,0.6,0.6,0.4,-2.92,-1.76,1.14,-1.45,10.0,2.7,16.0,0.6,0.6,0.4,1019.9,1021.1,1022.37,1020.2,11.0,3.88,16.0,0.5,0.6,0.5,1.3,3.0,4.0,2.9,9.0,1.3,14.0,0.6,0.7,0.5,-54.1,-21.2,-5.9,-28.1,10.0,22.6,16.0,0.6,0.6,0.4,-20.3,-7.6,3.5,-11.2,10.0,17.6,16.0,0.6,0.6,0.4,-0.37,0.0,0.77,0.16,9.0,0.89,14.0,0.6,0.7,0.5,-2.8,0.0,5.4,0.2,9.0,5.3,14.0,0.6,0.7,0.5,3.23,4.64,5.65,4.31,9.0,1.52,14.0,0.6,0.7,0.5,11.6,25.4,34.3,23.1,9.0,13.1,14.0,0.6,0.7,0.5,-165.0,-81.5,-43.6,-96.9,9.0,59.6,14.0,0.6,0.7,0.5,-68.0,-22.6,34.2,-31.0,9.0,65.2,14.0,0.6,0.7,0.5,-93.1,-45.0,-27.1,-54.7,9.0,32.8,14.0,0.6,0.7,0.5,-37.5,-15.2,18.5,-17.4,9.0,37.8,14.0,0.6,0.7,0.5,-32.7,-16.5,-6.9,-19.1,9.0,13.4,14.0,0.6,0.7,0.5,-18.9,-2.9,6.3,-6.1,9.0,11.9,14.0,0.6,0.7,0.5,30.0,221.0,456.5,230.0,10.0,206.5,16.0,0.6,0.6,0.4,30.0,220.0,455.0,230.0,10.0,205.0,16.0,0.6,0.6,0.4
1974,2,308.0,24.0,22.6,23.0,23.5,23.01,27.0,0.63,14.0,0.5,0.5,0.5,21.23,22.05,23.4,22.24,28.0,1.15,14.0,0.5,0.5,0.5,11.52,12.51,13.5,12.55,23.0,1.5,14.0,0.4,0.5,0.5,70.0,75.4,83.1,75.6,24.0,7.7,14.0,0.5,0.5,4.6,7.7,9.8,7.07,28.0,2.54,14.0,0.5,0.5,0.5,-8.67,-6.66,-3.61,-6.23,28.0,2.57,14.0,0.5,0.5,0.5,-2.91,0.0,3.27,0.48,28.0,3.35,14.0,0.5,0.5,0.5,1018.83,1020.1,1023.44,1020.74,27.0,2.27,14.0,0.4,0.5,0.5,2.0,5.0,7.9,4.4,27.0,2.5,14.0,0.5,0.5,0.5,-76.2,-52.0,-17.0,-49.9,28.0,31.6,14.0,0.5,0.5,0.5,-19.1,0.0,22.8,4.5,28.0,30.2,14.0,0.5,0.5,0.5,-0.26,0.9,1.97,0.72,27.0,1.29,14.0,0.5,0.5,0.5,-1.1,6.0,12.6,4.0,27.0,10.6,14.0,0.5,0.5,0.5,3.87,4.56,6.3,4.92,23.0,1.42,14.0,0.4,0.5,0.5,17.5,33.4,40.7,31.4,23.0,11.8,14.0,0.4,0.5,0.5,-198.3,-153.3,-74.3,-139.1,28.0,59.3,14.0,0.5,0.5,0.5,-60.7,0.0,72.8,12.5,28.0,75.8,14.0,0.5,0.5,0.5,-105.7,-77.9,-31.9,-74.6,23.0,36.4,14.0,0.4,0.5,0.5,-35.1,0.0,37.2,0.6,23.0,36.9,14.0,0.4,0.5,0.5,-38.0,-29.3,-13.0,-27.6,23.0,12.1,14.0,0.4,0.5,0.5,-17.6,0.0,14.1,-0.6,23.0,15.1,14.0,0.4,0.5,0.5,97.5,456.5,944.5,482.0,28.0,413.5,14.0,0.5,0.5,0.5,95.0,455.0,945.0,480.0,28.0,415.0,14.0,0.5,0.5,0.5
1974,2,308.0,25.0,22.15,22.4,24.0,22.77,23.0,1.12,10.0,0.5,0.7,0.3,21.0,21.5,22.46,21.7,23.0,0.9,10.0,0.5,0.7,0.3,11.47,13.02,13.62,12.68,16.0,1.27,12.0,0.6,0.7,0.3,72.1,82.5,87.0,79.2,16.0,8.0,12.0,0.6,0.3,4.02,6.2,8.61,6.21,21.0,2.65,10.0,0.5,0.7,0.4,-7.15,-4.0,0.66,-3.64,21.0,3.44,10.0,0.5,0.7,0.4,-1.07,2.46,6.55,2.17,21.0,4.11,10.0,0.5,0.7,0.4,1016.93,1019.8,1021.08,1019.72,21.0,2.77,10.0,0.5,0.7,0.4,2.0,4.5,7.0,4.5,22.0,2.4,12.0,0.5,0.7,0.3,-55.0,-22.5,1.2,-26.9,21.0,28.9,10.0,0.5,0.7,0.4,-2.9,13.0,44.1,17.8,21.0,37.9,10.0,0.5,0.7,0.4,0.15,1.0,2.31,1.07,23.0,1.63,10.0,0.5,0.7,0.3,0.7,5.8,14.7,7.1,21.0,11.3,10.0,0.5,0.7,0.4,2.97,4.3,5.3,4.2,16.0,1.42,12.0,0.6,0.7,0.3,17.1,21.3,46.6,28.9,16.0,15.2,12.0,0.6,0.7,0.3,-161.5,-87.6,14.1,-79.3,21.0,75.4,10.0,0.5,0.7,0.4,-23.6,52.9,143.9,46.4,21.0,86.5,10.0,0.5,0.7,0.4,-83.3,-57.8,6.4,-47.5,16.0,42.6,12.0,0.6,0.7,0.3,-25.3,28.7,97.6,32.0,16.0,61.2,12.0,0.6,0.7,0.3,-37.9,-13.2,2.2,-17.5,16.0,18.8,12.0,0.6,0.7,0.3,-10.4,10.2,19.1,8.0,16.0,19.2,12.0,0.6,0.7,0.3,65.0,238.5,640.0,366.5,21.0,406.5,10.0,0.5,0.7,0.4,65.0,240.0,640.0,365.0,21.0,405.0,10.0,0.5,0.7,0.4
1974,2,308.0,26.0,21.62,22.2,23.31,22.32,12.0,1.47,12.0,0.4,0.6,0.3,20.96,21.9,23.15,22.07,13.0,1.72,14.0,0.5,0.6,0.3,11.58,12.38,13.25,12.17,8.0,1.17,16.0,0.4,0.6,0.4,71.7,77.0,84.7,78.5,8.0,9.1,16.0,0.4,0.4,4.21,5.0,7.98,5.83,15.0,2.94,14.0,0.5,0.6,0.4,-4.79,-2.5,-0.85,-2.23,15.0,2.72,14.0,0.5,0.6,0.4,-1.6,1.99,6.78,2.52,15.0,5.06,14.0,0.5,0.6,0.4,1017.63,1020.15,1023.79,1020.06,14.0,3.2,14.0,0.5,0.6,0.3,1.2,3.0,6.0,3.6,15.0,2.4,14.0,0.5,0.6,0.4,-25.8,-13.6,-2.9,-14.5,15.0,20.8,14.0,0.5,0.6,0.4,-6.4,8.9,52.8,23.8,15.0,54.1,14.0,0.5,0.6,0.4,-1.43,1.1,2.17,0.41,11.0,2.11,14.0,0.5,0.6,0.3,-6.1,5.1,12.0,-0.1,11.0,20.6,14.0,0.5,0.6,0.3,2.94,3.92,5.04,3.86,7.0,1.67,14.0,0.3,0.7,0.4,9.9,20.4,28.2,18.9,7.0,9.2,14.0,0.3,0.7,0.4,-112.3,-61.5,-8.7,-48.7,13.0,64.3,14.0,0.5,0.6,0.3,-35.2,42.4,124.1,57.0,13.0,121.8,14.0,0.5,0.6,0.3,-57.1,-28.6,-10.4,-26.2,8.0,33.7,16.0,0.4,0.6,0.4,-13.8,24.4,50.4,26.9,8.0,48.0,16.0,0.4,0.6,0.4,-17.6,-6.5,0.7,-4.9,7.0,15.3,14.0,0.3,0.7,0.4,-9.9,6.5,16.2,5.2,7.0,14.4,14.0,0.3,0.7,0.4,75.0,125.0,512.0,373.0,15.0,691.0,14.0,0.5,0.6,0.4,75.0,125.0,510.0,375.0,15.0,690.0,14.0,0.5,0.6,0.4
1974,2,308.0,27.0,21.4,22.0,23.0,22.05,20.0,1.18,14.0,0.5,0.6,0.5,19.83,21.0,22.1,20.82,24.0,1.25,16.0,0.4,0.7,0.5,9.16,11.06,13.15,11.08,21.0,1.84,16.0,0.3,0.7,0.5,61.7,72.4,84.1,72.6,21.0,11.5,16.0,0.3,0.5,2.43,5.4,9.45,5.95,24.0,3.62,16.0,0.4,0.7,0.5,-5.65,-2.23,1.27,-2.34,24.0,4.34,16.0,0.4,0.7,0.5,-4.74,0.09,3.7,0.04,24.0,5.06,16.0,0.4,0.7,0.5,1017.84,1022.4,1025.21,1022.07,24.0,3.57,16.0,0.4,0.7,0.5,2.5,4.0,7.0,4.7,23.0,2.3,16.0,0.4,0.7,0.5,-41.7,-6.4,8.3,-18.8,24.0,46.9,16.0,0.4,0.7,0.5,-35.0,0.1,13.9,0.1,24.0,50.2,16.0,0.4,0.7,0.5,-0.2,1.1,2.69,1.16,20.0,1.94,14.0,0.5,0.6,0.5,-0.8,4.6,8.0,7.4,20.0,12.2,14.0,0.5,0.6,0.5,2.65,5.29,6.55,4.94,17.0,2.14,16.0,0.4,0.7,0.5,12.9,23.2,48.6,27.7,17.0,18.4,16.0,0.4,0.7,0.5,-118.6,-44.7,27.1,-49.0,24.0,88.1,16.0,0.4,0.7,0.5,-99.6,1.8,77.3,3.7,24.0,106.0,16.0,0.4,0.7,0.5,-69.7,-32.6,10.8,-33.2,21.0,50.9,16.0,0.3,0.7,0.5,-57.9,2.0,31.5,4.9,21.0,61.8,16.0,0.3,0.7,0.5,-31.3,-20.1,-2.0,-18.6,17.0,15.9,16.0,0.4,0.7,0.5,-14.0,0.9,16.5,1.7,17.0,23.0,16.0,0.4,0.7,0.5,14.5,159.0,856.5,457.5,24.0,705.0,16.0,0.4,0.7,0.5,15.0,160.0,855.0,460.0,24.0,705.0,16.0,0.4,0.7,0.5
1974,2,308.0,28.0,20.91,21.0,22.35,21.26,18.0,1.08,14.0,0.3,0.6,0.4,19.51,20.5,21.99,20.56,20.0,1.01,14.0,0.4,0.6,0.4,9.34,10.91,11.91,10.99,14.0,1.64,14.0,0.4,0.6,0.4,62.8,74.9,80.3,74.6,14.0,10.7,14.0,0.4,0.4,2.6,3.6,6.7,4.09,19.0,1.97,14.0,0.4,0.6,0.4,-3.23,-1.03,2.04,-0.68,19.0,2.74,14.0,0.4,0.6,0.4,-3.29,1.06,3.05,0.94,19.0,3.55,14.0,0.4,0.6,0.4,1020.6,1023.55,1025.99,1022.97,20.0,3.79,14.0,0.4,0.6,0.4,1.7,3.0,7.0,3.9,18.0,2.5,12.0,0.4,0.6,0.4,-12.5,-3.1,5.3,-1.8,19.0,14.4,14.0,0.4,0.6,0.4,-16.3,4.3,10.0,3.9,19.0,22.8,14.0,0.4,0.6,0.4,0.0,0.5,1.79,0.77,18.0,1.35,14.0,0.3,0.6,0.4,0.0,1.3,6.1,2.2,18.0,3.9,14.0,0.3,0.6,0.4,2.66,4.3,6.02,4.47,13.0,1.99,14.0,0.4,0.6,0.4,10.3,18.0,25.8,18.2,13.0,7.9,14.0,0.4,0.6,0.4,-62.7,-20.5,45.7,-13.1,19.0,56.2,14.0,0.4,0.6,0.4,-64.5,21.7,63.3,20.4,19.0,74.0,14.0,0.4,0.6,0.4,-35.2,-9.2,11.3,-6.8,13.0,32.3,14.0,0.4,0.6,0.4,-34.8,12.6,30.2,5.8,13.0,47.8,14.0,0.4,0.6,0.4,-18.8,-5.3,6.1,-4.4,13.0,12.9,14.0,0.4,0.6,0.4,-16.7,3.6,14.1,0.2,13.0,15.3,14.0,0.4,0.6,0.4,17.5,46.5,301.0,115.0,19.0,137.5,14.0,0.4,0.6,0.4,20.0,45.0,300.0,115.0,19.0,140.0,14.0,0.4,0.6,0.4
1974,2,308.0,29.0,19.61,20.8,21.48,20.6,14.0,1.24,18.0,0.6,0.6,0.4,19.0,20.45,21.69,20.33,16.0,1.66,20.0,0.6,0.6,0.4,8.29,11.25,13.59,11.04,10.0,2.68,20.0,0.5,0.5,0.4,61.3,79.5,92.1,75.6,10.0,16.3,20.0,0.5,0.4,4.29,5.1,10.24,6.56,16.0,3.87,20.0,0.6,0.6,0.4,-4.53,-2.05,1.57,-2.19,16.0,4.53,20.0,0.6,0.6,0.4,-4.36,-0.8,4.63,0.62,16.0,5.89,20.0,0.6,0.6,0.4,1017.14,1024.4,1027.24,1022.68,16.0,4.92,20.0,0.6,0.6,0.4,3.2,6.0,8.0,5.6,15.0,2.3,20.0,0.7,0.6,0.4,-21.9,-10.3,5.2,-20.3,16.0,60.8,20.0,0.6,0.6,0.4,-22.2,-3.7,23.4,11.0,16.0,67.8,20.0,0.6,0.6,0.4,-0.68,0.8,1.48,0.34,14.0,1.75,18.0,0.6,0.6,0.4,-3.5,4.4,7.7,1.7,14.0,21.2,18.0,0.6,0.6,0.4,1.8,3.83,5.62,3.53,9.0,2.07,20.0,0.4,0.5,0.4,7.5,19.5,26.4,19.7,9.0,13.8,20.0,0.4,0.5,0.4,-93.4,-41.6,32.2,-42.4,16.0,84.9,20.0,0.6,0.6,0.4,-81.0,-16.0,100.4,17.1,16.0,121.6,20.0,0.6,0.6,0.4,-35.0,-4.4,20.0,-9.7,10.0,28.4,20.0,0.5,0.5,0.4,-48.7,-12.2,59.5,10.3,10.0,69.0,20.0,0.5,0.5,0.4,-13.0,0.0,3.6,-3.8,9.0,10.5,20.0,0.4,0.5,0.4,-15.3,0.6,19.5,-0.4,9.0,22.3,20.0,0.4,0.5,0.4,79.5,132.5,1191.5,637.5,16.0,1179.5,20.0,0.6,0.6,0.4,80.0,135.0,1190.0,635.0,16.0,1180.0,20.0,0.6,0.6,0.4
1974,2,308.0,30.0,20.0,20.8,21.87,20.92,9.0,1.39,16.0,0.7,0.5,0.4,19.63,20.0,20.47,19.74,9.0,1.18,20.0,0.7,0.6,0.4,10.49,11.88,13.04,11.94,7.0,1.51,18.0,0.7,0.5,0.3,73.4,87.7,90.0,84.1,7.0,8.7,18.0,0.7,0.3,3.98,6.7,9.3,6.67,11.0,2.65,18.0,0.7,0.6,0.4,-1.7,1.74,5.42,1.68,11.0,5.22,18.0,0.7,0.6,0.4,-3.69,0.0,5.71,0.5,11.0,5.04,18.0,0.7,0.6,0.4,1014.56,1020.75,1025.53,1020.72,10.0,5.54,16.0,0.7,0.5,0.4,1.4,4.0,7.1,4.2,10.0,2.8,16.0,0.8,0.5,0.4,-4.7,8.9,35.1,13.8,11.0,47.7,18.0,0.7,0.6,0.4,-18.9,0.0,41.4,6.4,11.0,39.6,18.0,0.7,0.6,0.4,0.13,0.95,3.01,1.18,8.0,1.5,18.0,0.6,0.5,0.3,0.8,5.8,14.6,7.4,8.0,9.5,18.0,0.6,0.5,0.3,2.18,3.9,4.42,3.48,7.0,1.24,18.0,0.7,0.5,0.3,11.9,20.5,31.4,24.3,7.0,15.9,18.0,0.7,0.5,0.3,-12.9,35.8,99.8,49.2,9.0,81.3,20.0,0.7,0.6,0.4,-84.9,0.0,138.5,13.3,9.0,111.2,20.0,0.7,0.6,0.4,-0.5,41.2,61.4,39.8,7.0,42.4,18.0,0.7,0.5,0.3,-31.6,0.0,110.8,26.0,7.0,66.5,18.0,0.7,0.5,0.3,-0.2,7.6,17.6,12.9,7.0,20.2,18.0,0.7,0.5,0.3,-11.8,0.0,19.8,4.3,7.0,17.8,18.0,0.7,0.5,0.3,69.5,301.0,804.5,423.0,11.0,395.0,18.0,0.7,0.6,0.4,70.0,300.0,805.0,425.0,11.0,395.0,18.0,0.7,0.6,0.4
1974,2,308.0,31.0,19.75,20.7,21.78,20.64,12.0,1.2,12.0,0.7,0.5,0.3,18.92,19.5,21.18,19.83,15.0,1.22,12.0,0.7,0.5,0.3,9.61,11.29,12.88,11.38,14.0,1.56,12.0,0.6,0.5,0.3,70.6,76.8,87.8,78.8,14.0,9.7,12.0,0.6,0.3,4.48,7.7,11.3,8.09,16.0,3.51,12.0,0.7,0.5,0.3,-2.81,2.07,7.04,1.36,16.0,6.51,12.0,0.7,0.5,0.3,-2.8,3.24,8.23,3.03,16.0,5.29,12.0,0.7,0.5,0.3,1012.31,1019.2,1020.39,1017.0,16.0,5.45,12.0,0.7,0.5,0.3,1.0,3.0,7.2,3.7,16.0,2.6,12.0,0.7,0.5,0.3,-18.4,9.5,70.4,14.2,16.0,76.4,12.0,0.7,0.5,0.3,-16.4,20.2,89.4,31.5,16.0,56.0,12.0,0.7,0.5,0.3,-0.88,0.7,2.58,0.63,12.0,1.97,12.0,0.7,0.5,0.3,-7.2,2.5,17.6,4.1,12.0,23.3,12.0,0.7,0.5,0.3,1.74,4.14,5.41,3.62,12.0,2.13,12.0,0.7,0.5,0.3,13.2,21.2,43.1,25.2,12.0,21.0,12.0,0.7,0.5,0.3,-59.5,58.8,144.8,32.2,15.0,130.3,12.0,0.7,0.5,0.3,-61.8,50.6,150.1,52.1,15.0,103.1,12.0,0.7,0.5,0.3,-26.7,28.6,87.5,26.5,14.0,73.7,12.0,0.6,0.5,0.3,-35.4,34.6,95.7,36.0,14.0,63.2,12.0,0.6,0.5,0.3,-13.2,5.0,17.0,4.6,12.0,26.5,12.0,0.7,0.5,0.3,-25.2,11.2,13.7,-0.1,12.0,20.1,12.0,0.7,0.5,0.3,93.0,456.5,1443.0,825.0,16.0,956.0,12.0,0.7,0.5,0.3,95.0,455.0,1445.0,825.0,16.0,955.0,12.0,0.7,0.5,0.3
1974,2,308.0,32.0,18.9,19.55,20.98,19.73,20.0,1.03,14.0,0.6,0.6,0.3,18.0,19.4,20.59,19.33,20.0,1.3,14.0,0.6,0.6,0.3,8.28,10.15,12.78,10.41,17.0,2.2,14.0,0.6,0.6,0.4,61.0,77.0,87.0,74.9,17.0,12.8,14.0,0.6,0.4,4.18,9.3,11.8,8.45,17.0,3.73,14.0,0.6,0.6,0.3,2.04,7.1,11.09,6.25,17.0,4.58,14.0,0.6,0.6,0.3,-2.93,4.04,5.57,2.11,17.0,4.75,14.0,0.6,0.6,0.3,1015.0,1019.4,1024.38,1019.32,20.0,5.14,14.0,0.6,0.6,0.3,2.0,3.5,5.0,3.7,20.0,1.9,14.0,0.6,0.6,0.3,9.0,58.2,130.8,67.2,17.0,62.9,14.0,0.6,0.6,0.3,-18.3,30.5,56.3,20.1,17.0,47.2,14.0,0.6,0.6,0.3,-0.9,0.3,1.8,0.4,20.0,1.51,14.0,0.6,0.6,0.3,-5.1,5.2,14.8,4.6,17.0,15.9,14.0,0.6,0.6,0.3,1.56,4.25,6.23,3.78,17.0,2.28,14.0,0.6,0.6,0.4,9.0,23.0,52.0,29.9,15.0,23.4,14.0,0.7,0.6,0.3,40.9,126.4,209.7,122.0,17.0,91.3,14.0,0.6,0.6,0.3,-55.1,78.3,112.9,43.9,17.0,88.9,14.0,0.6,0.6,0.3,20.0,70.0,124.7,74.7,15.0,58.3,14.0,0.7,0.6,0.3,-15.3,45.0,70.5,31.2,15.0,40.7,14.0,0.7,0.6,0.3,3.7,14.0,47.6,22.8,15.0,22.7,14.0,0.7,0.6,0.3,-6.6,3.3,26.7,7.3,15.0,19.3,14.0,0.7,0.6,0.3,85.5,804.5,1643.0,926.0,17.0,901.0,14.0,0.6,0.6,0.3,85.0,805.0,1645.0,925.0,17.0,900.0,14.0,0.6,0.6,0.3
1974,2,308.0,33.0,18.9,19.0,19.65,19.17,16.0,0.84,14.0,0.6,0.6,0.3,17.71,19.0,20.5,19.07,18.0,1.36,14.0,0.6,0.6,0.3,7.79,10.98,12.48,10.21,16.0,2.32,14.0,0.5,0.5,0.3,63.6,75.0,89.2,74.3,16.0,14.7,14.0,0.5,0.3,5.52,9.55,15.4,10.15,18.0,4.96,14.0,0.6,0.6,0.3,-3.27,4.17,13.89,4.97,18.0,7.49,14.0,0.6,0.6,0.3,-2.51,6.22,8.83,4.6,18.0,5.38,14.0,0.6,0.6,0.3,1013.34,1016.75,1024.87,1018.43,18.0,5.26,14.0,0.6,0.6,0.3,2.0,4.5,8.0,4.7,18.0,2.7,14.0,0.6,0.6,0.3,-17.6,41.6,213.9,76.5,18.0,108.4,14.0,0.6,0.6,0.3,-11.2,53.6,129.0,60.2,18.0,70.0,14.0,0.6,0.6,0.3,-1.62,-0.25,1.45,-0.05,16.0,1.5,14.0,0.6,0.6,0.3,-12.6,-1.4,13.5,-0.8,16.0,17.2,14.0,0.6,0.6,0.3,0.92,2.79,6.43,3.62,15.0,2.5,14.0,0.5,0.5,0.3,6.4,31.3,77.2,40.8,15.0,35.6,14.0,0.5,0.5,0.3,-63.8,75.0,245.4,96.3,18.0,144.7,14.0,0.6,0.6,0.3,-46.4,125.0,171.9,87.4,18.0,101.8,14.0,0.6,0.6,0.3,-37.8,63.6,121.6,56.6,16.0,75.3,14.0,0.5,0.5,0.3,-19.6,69.3,107.3,52.5,16.0,54.7,14.0,0.5,0.5,0.3,-10.9,6.2,61.4,18.8,15.0,42.5,14.0,0.5,0.5,0.3,-13.9,8.0,35.5,11.4,15.0,26.9,14.0,0.5,0.5,0.3,169.5,873.0,3652.5,1725.5,18.0,1815.0,14.0,0.6,0.6,0.3,170.0,875.0,3650.0,1725.0,18.0,1815.0,14.0,0.6,0.6,0.3
1974,2,308.0,34.0,18.59,19.0,20.0,19.31,19.0,0.99,14.0,0.6,0.6,0.5,17.01,18.85,20.0,18.68,20.0,1.41,14.0,0.6,0.6,0.5,7.62,10.16,12.43,10.1,17.0,2.4,14.0,0.6,0.7,0.5,60.9,80.2,88.2,75.5,17.0,17.7,14.0,0.6,0.5,4.1,7.45,15.87,9.0,20.0,5.25,14.0,0.6,0.6,0.5,-3.09,3.88,13.36,3.95,20.0,6.77,14.0,0.6,0.6,0.5,0.0,2.43,11.25,4.14,20.0,5.69,14.0,0.6,0.6,0.5,1012.02,1019.3,1025.4,1017.86,20.0,8.38,14.0,0.6,0.6,0.5,2.0,6.0,8.0,5.1,20.0,2.6,14.0,0.6,0.6,0.5,-9.6,30.1,217.2,59.6,20.0,97.4,14.0,0.6,0.6,0.5,0.0,16.7,192.4,57.4,20.0,86.3,14.0,0.6,0.6,0.5,-0.91,1.0,2.29,0.7,19.0,1.7,14.0,0.6,0.6,0.5,-9.6,2.7,13.2,2.3,19.0,14.2,14.0,0.6,0.6,0.5,1.26,3.39,5.75,3.66,17.0,2.43,14.0,0.6,0.7,0.5,10.4,20.2,47.6,28.1,17.0,25.7,14.0,0.6,0.7,0.5,-56.8,78.7,260.7,78.8,20.0,128.6,14.0,0.6,0.6,0.5,0.0,39.7,225.4,80.3,20.0,112.4,14.0,0.6,0.6,0.5,-27.8,39.3,102.7,43.8,17.0,68.8,14.0,0.6,0.7,0.5,-6.8,15.8,140.9,45.1,17.0,72.7,14.0,0.6,0.7,0.5,-8.4,7.5,37.5,14.5,17.0,31.6,14.0,0.6,0.7,0.5,-2.5,7.4,16.1,5.9,17.0,15.4,14.0,0.6,0.7,0.5,69.0,415.0,3999.5,1500.0,20.0,2012.0,14.0,0.6,0.6,0.5,70.0,415.0,4000.0,1500.0,20.0,2010.0,14.0,0.6,0.6,0.5
1974,2,308.0,35.0,18.03,18.9,19.47,18.63,14.0,1.07,16.0,0.5,0.5,0.3,17.04,18.6,20.31,18.67,16.0,1.62,16.0,0.4,0.5,0.3,8.11,9.38,12.75,10.26,10.0,2.52,18.0,0.5,0.4,0.3,64.9,72.5,88.3,75.0,10.0,12.2,18.0,0.5,0.3,7.2,10.55,15.77,11.12,16.0,4.99,16.0,0.4,0.5,0.3,0.0,6.16,10.89,5.72,16.0,5.55,16.0,0.4,0.5,0.3,0.38,7.45,12.01,6.05,16.0,7.21,16.0,0.4,0.5,0.3,1002.73,1018.55,1024.22,1015.68,16.0,10.19,16.0,0.4,0.5,0.3,2.0,4.0,8.0,4.9,16.0,2.8,16.0,0.4,0.5,0.3,0.0,73.5,157.6,81.6,16.0,88.9,16.0,0.4,0.5,0.3,2.1,73.8,179.9,78.7,16.0,115.0,16.0,0.4,0.5,0.3,-1.98,-0.3,1.31,-0.35,14.0,1.57,16.0,0.5,0.5,0.3,-14.1,-1.2,9.4,-5.5,14.0,16.9,16.0,0.5,0.5,0.3,0.82,2.66,5.55,2.78,10.0,2.4,18.0,0.5,0.4,0.3,5.2,19.7,36.4,19.9,10.0,22.7,18.0,0.5,0.4,0.3,0.0,115.0,203.4,109.1,16.0,108.1,16.0,0.4,0.5,0.3,6.6,134.1,239.6,120.3,16.0,135.0,16.0,0.4,0.5,0.3,-15.4,32.4,80.3,40.9,10.0,65.0,18.0,0.5,0.4,0.3,25.0,73.1,130.4,83.2,10.0,62.1,18.0,0.5,0.4,0.3,-15.0,3.0,10.6,1.7,10.0,15.4,18.0,0.5,0.4,0.3,2.4,14.3,31.6,15.5,10.0,21.2,18.0,0.5,0.4,0.3,373.0,1176.0,3927.0,2119.0,16.0,2176.5,16.0,0.4,0.5,0.3,375.0,1175.0,3925.0,2120.0,16.0,2175.0,16.0,0.4,0.5,0.3
1974,2,308.0,36.0,18.34,18.9,19.38,18.85,15.0,0.54,14.0,0.5,0.5,0.5,15.79,17.75,18.99,17.29,16.0,1.7,12.0,0.4,0.5,0.5,7.66,9.91,11.97,9.83,14.0,1.88,14.0,0.5,0.5,0.5,67.0,79.6,88.2,78.7,14.0,10.8,14.0,0.5,0.5,6.39,9.65,12.9,10.7,16.0,4.82,12.0,0.4,0.5,0.5,2.65,5.98,11.09,5.92,16.0,6.05,12.0,0.4,0.5,0.5,-3.73,5.12,9.0,3.86,16.0,7.45,12.0,0.4,0.5,0.5,1012.82,1017.7,1020.82,1016.96,16.0,5.2,12.0,0.4,0.5,0.5,3.2,6.0,8.0,5.3,15.0,2.7,12.0,0.5,0.5,0.5,15.7,55.6,142.0,79.7,16.0,106.4,12.0,0.4,0.5,0.5,-37.8,39.2,98.8,56.6,16.0,133.6,12.0,0.4,0.5,0.5,0.04,1.0,3.56,1.54,15.0,1.63,14.0,0.5,0.5,0.5,0.5,6.2,39.0,15.9,15.0,21.3,14.0,0.5,0.5,0.5,1.5,3.84,5.6,3.71,14.0,2.0,14.0,0.5,0.5,0.5,13.6,31.4,52.2,40.6,14.0,35.7,14.0,0.5,0.5,0.5,48.2,111.8,199.8,105.6,16.0,102.2,12.0,0.4,0.5,0.5,-61.2,95.5,165.1,74.4,16.0,129.1,12.0,0.4,0.5,0.5,31.8,57.8,98.2,62.5,14.0,43.1,14.0,0.5,0.5,0.5,-32.3,71.2,94.3,52.1,14.0,73.0,14.0,0.5,0.5,0.5,6.8,22.3,48.8,27.1,14.0,25.6,14.0,0.5,0.5,0.5,-23.9,10.8,21.8,9.1,14.0,38.8,14.0,0.5,0.5,0.5,262.0,902.0,2146.5,2069.0,16.0,3598.0,12.0,0.4,0.5,0.5,260.0,900.0,2145.0,2070.0,16.0,3600.0,12.0,0.4,0.5,0.5
1974,2,308.0,37.0,16.14,17.7,19.29,17.82,10.0,1.5,10.0,0.6,0.6,0.5,14.54,16.0,17.6,16.02,12.0,2.13,10.0,0.7,0.6,0.5,7.78,9.87,10.96,9.47,7.0,1.94,14.0,0.6,0.6,0.4,71.5,82.3,84.4,78.3,7.0,9.9,14.0,0.6,0.4,9.72,13.1,21.11,14.52,12.0,5.61,10.0,0.7,0.6,0.5,-0.35,3.94,17.45,5.26,12.0,8.94,10.0,0.7,0.6,0.5,-6.85,8.67,14.75,5.29,12.0,10.99,10.0,0.7,0.6,0.5,1007.69,1012.5,1019.73,1012.91,12.0,6.6,10.0,0.7,0.6,0.5,6.0,8.0,8.0,7.2,11.0,1.1,12.0,0.7,0.6,0.5,-2.8,42.9,352.5,104.9,12.0,172.2,10.0,0.7,0.6,0.5,-78.4,113.0,260.3,106.8,12.0,196.7,10.0,0.7,0.6,0.5,0.34,2.4,3.0,2.02,10.0,1.37,10.0,0.6,0.6,0.5,4.2,26.0,59.0,30.9,10.0,27.1,10.0,0.6,0.6,0.5,2.51,3.64,4.78,3.79,5.0,1.67,12.0,0.4,0.6,0.4,38.6,44.8,52.7,45.1,5.0,10.5,12.0,0.4,0.6,0.4,-5.4,70.7,234.6,84.9,12.0,137.1,10.0,0.7,0.6,0.5,-88.8,143.7,254.0,97.9,12.0,177.7,10.0,0.7,0.6,0.5,0.0,38.8,55.2,46.3,7.0,67.6,14.0,0.6,0.6,0.4,-17.4,94.6,152.2,72.1,7.0,90.7,14.0,0.6,0.6,0.4,6.3,22.4,43.4,24.1,5.0,20.0,12.0,0.4,0.6,0.4,-23.7,17.0,38.3,9.6,5.0,37.5,12.0,0.4,0.6,0.4,945.0,2273.0,9454.0,4362.5,12.0,4366.0,10.0,0.7,0.6,0.5,945.0,2275.0,9455.0,4360.0,12.0,4365.0,10.0,0.7,0.6,0.5
1974,2,308.0,38.0,16.18,18.15,19.37,17.9,14.0,2.38,12.0,0.3,0.7,0.3,12.0,15.0,18.73,15.36,16.0,2.88,12.0,0.3,0.7,0.3,7.65,8.47,12.13,9.51,14.0,2.37,12.0,0.2,0.7,0.3,75.7,86.4,99.4,85.3,14.0,11.3,12.0,0.2,0.3,5.1,9.3,21.92,12.2,15.0,9.73,12.0,0.3,0.7,0.3,-1.5,4.75,21.11,7.3,15.0,11.52,12.0,0.3,0.7,0.3,-3.97,3.91,6.66,2.23,15.0,7.68,12.0,0.3,0.7,0.3,1000.42,1008.2,1023.55,1011.28,16.0,10.82,12.0,0.3,0.7,0.3,3.0,6.0,8.0,5.5,15.0,2.6,12.0,0.3,0.7,0.3,-4.5,29.4,480.4,178.0,15.0,332.1,12.0,0.3,0.7,0.3,-23.6,19.9,93.8,72.1,15.0,192.1,12.0,0.3,0.7,0.3,0.07,1.5,6.56,2.78,14.0,4.03,12.0,0.3,0.7,0.3,-0.4,29.6,83.8,39.6,13.0,74.5,12.0,0.2,0.7,0.3,0.85,3.56,6.1,3.76,13.0,2.83,12.0,0.2,0.7,0.3,11.5,26.1,83.6,47.4,13.0,60.6,12.0,0.2,0.7,0.3,-27.7,58.6,266.2,115.1,15.0,174.9,12.0,0.3,0.7,0.3,-49.1,49.2,126.0,44.3,15.0,117.2,12.0,0.3,0.7,0.3,-18.3,38.2,170.0,82.3,14.0,120.1,12.0,0.2,0.7,0.3,-33.4,27.7,86.0,29.6,14.0,81.6,12.0,0.2,0.7,0.3,2.7,17.1,28.2,23.0,13.0,68.9,12.0,0.2,0.7,0.3,-18.1,1.4,13.2,-3.9,13.0,27.7,12.0,0.2,0.7,0.3,132.5,804.5,11624.5,6051.0,15.0,11735.5,12.0,0.3,0.7,0.3,135.0,805.0,11625.0,6050.0,15.0,11735.0,12.0,0.3,0.7,0.3
1974,2,308.0,39.0,15.87,17.65,19.55,17.44,12.0,2.16,16.0,0.7,0.5,0.6,11.53,14.5,17.47,14.44,14.0,3.15,16.0,0.6,0.5,0.6,6.58,8.23,11.08,8.83,11.0,2.41,18.0,0.6,0.5,0.6,69.2,85.8,90.5,81.2,11.0,12.2,18.0,0.6,0.6,7.73,14.65,23.37,14.73,14.0,8.32,16.0,0.6,0.5,0.6,0.0,8.52,16.42,9.09,14.0,9.21,16.0,0.6,0.5,0.6,-6.14,3.85,15.07,4.12,14.0,10.53,16.0,0.6,0.5,0.6,996.5,1011.2,1021.87,1009.12,14.0,12.65,16.0,0.6,0.5,0.6,2.9,5.0,8.0,5.2,13.0,2.3,16.0,0.6,0.5,0.6,0.0,127.6,295.9,194.8,14.0,248.1,16.0,0.6,0.5,0.6,-74.1,29.6,233.0,102.5,14.0,226.9,16.0,0.6,0.5,0.6,-0.48,1.75,6.33,2.27,12.0,3.84,16.0,0.7,0.5,0.6,-11.0,16.6,98.0,33.9,12.0,59.7,16.0,0.7,0.5,0.6,1.73,3.08,7.06,3.83,11.0,3.03,18.0,0.6,0.5,0.6,17.3,45.4,103.1,61.0,11.0,66.3,18.0,0.6,0.5,0.6,0.0,123.3,263.7,135.9,14.0,145.2,16.0,0.6,0.5,0.6,-67.7,53.9,238.9,84.7,14.0,171.5,16.0,0.6,0.5,0.6,-1.2,71.7,138.0,76.7,11.0,89.1,18.0,0.6,0.5,0.6,-32.4,59.6,191.6,66.1,11.0,118.0,18.0,0.6,0.5,0.6,-4.1,15.5,83.0,44.6,11.0,71.2,18.0,0.6,0.5,0.6,-30.2,0.0,33.2,1.0,11.0,35.2,18.0,0.6,0.5,0.6,462.5,3169.0,12871.5,6259.5,14.0,8680.0,16.0,0.6,0.5,0.6,465.0,3170.0,12870.0,6260.0,14.0,8680.0,16.0,0.6,0.5,0.6
1974,2,308.0,40.0,15.0,17.0,18.63,16.87,12.0,1.76,12.0,0.8,0.6,0.4,9.32,14.35,18.83,14.27,12.0,4.29,12.0,0.8,0.6,0.4,5.86,7.62,11.09,8.18,10.0,2.64,14.0,0.8,0.5,0.4,75.0,79.2,90.2,80.5,10.0,9.6,14.0,0.8,0.4,11.42,15.4,18.25,14.53,12.0,4.34,12.0,0.8,0.6,0.4,-4.48,9.7,15.95,6.56,12.0,10.7,12.0,0.8,0.6,0.4,-3.99,4.27,12.78,3.93,12.0,8.42,12.0,0.8,0.6,0.4,996.72,1006.1,1018.58,1006.77,11.0,9.63,12.0,0.7,0.6,0.4,7.0,8.0,8.0,7.5,12.0,0.9,12.0,0.8,0.6,0.4,-41.1,125.9,282.7,116.6,12.0,173.1,12.0,0.8,0.6,0.4,-34.4,73.8,178.1,72.7,12.0,135.1,12.0,0.8,0.6,0.4,-1.11,2.2,6.99,2.6,12.0,4.14,12.0,0.8,0.6,0.4,-12.3,26.3,94.3,36.2,12.0,63.5,12.0,0.8,0.6,0.4,0.88,3.26,6.9,3.72,10.0,2.81,14.0,0.8,0.5,0.4,11.2,38.7,89.8,51.8,10.0,42.9,14.0,0.8,0.5,0.4,-53.3,139.6,208.5,90.1,12.0,146.4,12.0,0.8,0.6,0.4,-46.9,60.9,203.9,71.9,12.0,125.7,12.0,0.8,0.6,0.4,14.0,100.7,125.8,72.8,10.0,72.7,14.0,0.8,0.5,0.4,-29.5,22.0,131.9,39.3,10.0,80.2,14.0,0.8,0.5,0.4,-6.9,13.4,60.0,22.1,10.0,59.3,14.0,0.8,0.5,0.4,-30.6,2.1,24.6,-2.7,10.0,27.5,14.0,0.8,0.5,0.4,1503.0,3652.5,6093.0,3740.0,12.0,2372.5,12.0,0.8,0.6,0.4,1505.0,3650.0,6095.0,3740.0,12.0,2375.0,12.0,0.8,0.6,0.4
1974,2,308.0,41.0,6.08,13.4,15.0,11.88,11.0,4.4,20.0,0.4,0.6,0.6,2.18,10.0,14.49,9.16,13.0,5.45,18.0,0.4,0.5,0.6,4.1,6.65,9.01,6.63,10.0,2.32,18.0,0.4,0.5,0.6,82.8,84.1,93.9,87.2,11.0,6.4,18.0,0.4,0.6,5.1,7.2,14.13,9.13,13.0,4.92,18.0,0.4,0.5,0.6,-5.3,-0.89,3.42,-0.53,13.0,4.54,18.0,0.4,0.5,0.6,-6.33,3.05,12.35,2.8,13.0,9.23,18.0,0.4,0.5,0.6,1004.86,1019.2,1024.42,1016.33,12.0,10.03,18.0,0.4,0.5,0.6,3.0,7.0,8.0,6.0,12.0,2.2,20.0,0.4,0.5,0.6,-59.2,-4.5,17.5,-12.3,13.0,50.6,18.0,0.4,0.5,0.6,-43.7,9.5,162.7,46.5,13.0,135.8,18.0,0.4,0.5,0.6,-3.36,3.0,6.59,1.96,11.0,7.03,20.0,0.4,0.6,0.6,-52.3,15.5,57.2,0.8,11.0,68.0,20.0,0.4,0.6,0.6,-2.04,3.13,4.24,1.89,9.0,3.71,20.0,0.4,0.6,0.6,-32.6,16.0,36.9,8.7,9.0,36.0,20.0,0.4,0.6,0.6,-26.3,-5.0,22.8,0.7,13.0,53.2,18.0,0.4,0.5,0.6,-24.5,30.5,177.8,67.0,13.0,103.4,18.0,0.4,0.5,0.6,-33.7,-7.1,24.4,0.8,10.0,39.1,18.0,0.4,0.5,0.6,-23.9,22.4,93.0,31.9,10.0,58.3,18.0,0.4,0.5,0.6,-22.4,-2.8,14.2,-4.6,9.0,20.1,20.0,0.4,0.6,0.6,-32.4,-17.1,12.5,-10.3,9.0,28.9,20.0,0.4,0.6,0.6,132.5,373.0,2831.0,1441.5,13.0,2007.0,18.0,0.4,0.5,0.6,135.0,375.0,2830.0,1440.0,13.0,2005.0,18.0,0.4,0.5,0.6
1974,2,308.0,42.0,1.15,6.05,9.34,5.6,12.0,4.24,16.0,0.8,0.7,0.4,2.82,4.4,10.33,5.7,15.0,3.97,18.0,0.7,0.7,0.4,3.35,4.06,6.56,4.68,10.0,1.97,18.0,0.5,0.7,0.5,65.0,81.8,91.3,78.6,10.0,16.2,18.0,0.5,0.5,4.74,9.3,16.26,10.83,15.0,5.69,18.0,0.7,0.7,0.4,-1.41,0.0,14.28,4.11,15.0,8.1,18.0,0.7,0.7,0.4,-7.59,4.04,10.64,1.71,15.0,8.43,18.0,0.7,0.7,0.4,1008.17,1014.9,1021.31,1012.47,15.0,9.92,18.0,0.7,0.7,0.4,6.0,7.5,8.0,6.9,14.0,1.4,18.0,0.7,0.7,0.4,-12.3,0.0,244.6,74.3,15.0,142.8,18.0,0.7,0.7,0.4,-82.6,16.6,129.0,14.4,15.0,118.8,18.0,0.7,0.7,0.4,-2.61,0.25,2.46,-0.45,12.0,3.85,16.0,0.8,0.7,0.4,-42.8,2.5,13.0,-11.7,12.0,40.6,16.0,0.8,0.7,0.4,-0.46,0.95,2.63,0.73,8.0,2.34,16.0,0.6,0.8,0.5,-6.3,5.6,34.2,8.3,8.0,30.1,16.0,0.6,0.8,0.5,-4.1,0.0,66.8,14.7,15.0,51.4,18.0,0.7,0.7,0.4,-23.8,11.3,62.5,29.4,15.0,65.4,18.0,0.7,0.7,0.4,-4.6,3.1,54.2,15.4,10.0,44.0,18.0,0.5,0.7,0.5,-18.2,13.8,47.9,16.8,10.0,40.2,18.0,0.5,0.7,0.5,-0.8,0.3,31.9,11.5,8.0,18.8,16.0,0.6,0.8,0.5,-23.9,1.2,10.4,-6.3,8.0,20.8,16.0,0.6,0.8,0.5,129.5,804.5,4306.0,2278.5,15.0,2694.0,18.0,0.7,0.7,0.4,130.0,805.0,4305.0,2280.0,15.0,2695.0,18.0,0.7,0.7,0.4
1974,2,308.0,43.0,1.27,4.0,5.41,3.38,5.0,2.36,14.0,0.6,0.6,0.5,1.63,2.1,3.59,2.66,5.0,1.93,14.0,0.6,0.6,0.5,3.69,4.08,4.79,4.23,4.0,0.85,14.0,0.8,0.7,0.4,87.1,92.1,92.5,89.9,4.0,4.8,14.0,0.8,0.4,2.73,9.3,12.48,8.14,5.0,5.55,14.0,0.6,0.6,0.5,-6.28,0.0,3.36,-0.9,5.0,6.27,14.0,0.6,0.6,0.5,-5.49,-2.1,7.22,0.77,5.0,8.52,14.0,0.6,0.6,0.5,1002.63,1010.1,1016.74,1009.6,5.0,8.15,14.0,0.6,0.6,0.5,8.0,8.0,8.0,8.0,3.0,0.0,12.0,1.0,0.7,0.3,-77.2,0.0,33.7,-13.0,5.0,69.5,14.0,0.6,0.6,0.5,-54.8,-4.4,87.4,21.9,5.0,117.1,14.0,0.6,0.6,0.5,-2.86,2.0,3.79,0.72,5.0,3.64,14.0,0.6,0.6,0.5,-35.5,7.4,16.4,-8.0,5.0,33.9,14.0,0.6,0.6,0.5,-0.66,0.63,1.87,0.61,4.0,1.49,14.0,0.8,0.7,0.4,-9.4,0.3,5.1,-2.0,4.0,9.7,14.0,0.8,0.7,0.4,-22.8,0.0,6.4,-6.4,5.0,18.6,14.0,0.6,0.6,0.5,-11.6,-4.4,33.6,12.3,5.0,42.2,14.0,0.6,0.6,0.5,-30.9,-14.2,1.0,-15.0,4.0,18.4,14.0,0.8,0.7,0.4,-14.1,0.9,45.9,15.2,4.0,43.7,14.0,0.8,0.7,0.4,0.6,1.7,3.9,2.2,4.0,2.3,14.0,0.8,0.7,0.4,-9.2,-1.0,4.1,-2.5,4.0,9.0,14.0,0.8,0.7,0.4,22.5,804.5,2133.5,1151.0,5.0,1495.5,14.0,0.6,0.6,0.5,20.0,805.0,2135.0,1150.0,5.0,1495.0,14.0,0.6,0.6,0.5
1974,2,308.0,44.0,0.38,1.0,1.0,0.72,5.0,0.44,16.0,0.2,0.9,0.5,-2.73,-1.0,0.44,-0.77,9.0,2.3,16.0,0.4,0.8,0.5,3.57,3.57,3.57,3.57,1.0,0.0,20.0,0.0,0.8,0.6,89.0,89.0,89.0,89.0,1.0,0.0,20.0,0.0,0.6,3.43,10.3,13.66,9.28,9.0,4.76,16.0,0.4,0.8,0.5,-1.44,4.6,10.73,4.57,9.0,6.09,16.0,0.4,0.8,0.5,-6.03,-1.93,7.07,-0.23,9.0,7.67,16.0,0.4,0.8,0.5,999.75,1011.9,1015.7,1009.41,9.0,8.43,16.0,0.4,0.8,0.5,5.8,6.0,8.0,6.1,7.0,2.5,16.0,0.6,0.8,0.6,-4.4,36.3,130.2,51.1,9.0,79.8,16.0,0.4,0.8,0.5,-79.5,-5.8,72.8,3.1,9.0,100.4,16.0,0.4,0.8,0.5,-1.46,1.5,4.37,1.3,5.0,3.56,16.0,0.2,0.9,0.5,-21.9,12.0,33.9,6.1,5.0,43.1,16.0,0.2,0.9,0.5,0.44,0.44,0.44,0.44,1.0,0.0,20.0,0.0,0.8,0.6,4.5,4.5,4.5,4.5,1.0,0.0,20.0,0.0,0.8,0.6,-20.0,-5.6,1.5,-8.6,9.0,10.8,16.0,0.4,0.8,0.5,0.0,4.8,31.4,13.0,9.0,20.7,16.0,0.4,0.8,0.5,12.6,12.6,12.6,12.6,1.0,0.0,20.0,0.0,0.8,0.6,34.6,34.6,34.6,34.6,1.0,0.0,20.0,0.0,0.8,0.6,1.6,1.6,1.6,1.6,1.0,0.0,20.0,0.0,0.8,0.6,4.3,4.3,4.3,4.3,1.0,0.0,20.0,0.0,0.8,0.6,46.0,1092.5,2554.0,1326.5,9.0,1232.0,16.0,0.4,0.8,0.5,45.0,1095.0,2555.0,1325.0,9.0,1230.0,16.0,0.4,0.8,0.5
1974,2,308.0,45.0,-1.25,0.0,1.25,0.13,12.0,1.61,18.0,0.2,0.6,0.4,-3.21,-1.5,-0.9,-1.75,12.0,2.09,18.0,0.2,0.6,0.4,2.42,3.47,3.65,3.34,7.0,0.82,18.0,0.1,0.6,0.5,91.8,100.0,100.0,94.6,7.0,9.5,18.0,0.1,0.5,6.45,13.7,19.78,13.39,12.0,6.05,18.0,0.2,0.6,0.4,5.53,8.85,19.7,11.42,12.0,6.44,18.0,0.2,0.6,0.4,-5.87,-1.15,4.45,-1.64,12.0,6.76,18.0,0.2,0.6,0.4,991.09,1009.7,1021.01,1007.76,12.0,13.72,18.0,0.2,0.6,0.4,8.0,8.0,8.0,7.3,8.0,2.1,16.0,0.3,0.6,0.5,39.7,117.4,389.8,183.9,12.0,167.0,18.0,0.2,0.6,0.4,-97.9,-7.7,64.0,-23.5,12.0,106.3,18.0,0.2,0.6,0.4,0.64,1.8,3.53,1.88,12.0,2.26,18.0,0.2,0.6,0.4,6.2,19.6,42.8,21.2,12.0,24.0,18.0,0.2,0.6,0.4,0.0,0.32,1.28,0.51,7.0,0.87,18.0,0.1,0.6,0.5,0.7,6.2,9.9,4.8,7.0,6.8,18.0,0.1,0.6,0.5,-24.0,-17.1,-12.2,-16.0,12.0,13.8,18.0,0.2,0.6,0.4,-2.9,4.1,18.2,8.3,12.0,19.3,18.0,0.2,0.6,0.4,14.8,34.3,73.0,42.4,7.0,29.5,18.0,0.1,0.6,0.5,-13.7,0.0,14.5,-0.9,7.0,18.9,18.0,0.1,0.6,0.5,0.8,5.5,8.0,4.0,7.0,5.5,18.0,0.1,0.6,0.5,-5.8,-1.0,0.0,-2.8,7.0,4.0,18.0,0.1,0.6,0.5,271.5,2575.0,7752.5,3753.5,12.0,3800.5,18.0,0.2,0.6,0.4,270.0,2575.0,7750.0,3755.0,12.0,3800.0,18.0,0.2,0.6,0.4
1974,2,308.0,46.0,-1.34,-1.2,3.31,0.93,3.0,3.87,16.0,0.3,0.4,0.2,-2.19,-1.0,1.29,-0.84,7.0,2.88,14.0,0.4,0.4,0.3,3.18,3.83,4.49,3.83,2.0,1.35,18.0,0.5,0.5,0.1,75.9,85.7,95.4,85.7,2.0,20.3,18.0,0.5,0.1,7.08,10.0,13.97,9.94,7.0,3.76,14.0,0.4,0.4,0.3,-6.61,7.09,13.97,4.62,7.0,9.67,14.0,0.4,0.4,0.3,-0.37,0.0,1.58,-0.44,7.0,3.28,14.0,0.4,0.4,0.3,999.49,1004.9,1016.77,1005.94,7.0,10.44,14.0,0.4,0.4,0.3,7.0,8.0,8.0,7.2,6.0,2.0,16.0,0.5,0.4,0.3,-66.2,51.1,195.3,57.1,7.0,124.7,14.0,0.4,0.4,0.3,-3.7,0.0,9.5,-6.0,7.0,31.9,14.0,0.4,0.4,0.3,-0.03,4.2,4.4,2.23,3.0,3.67,16.0,0.3,0.4,0.2,-9.3,36.9,51.6,21.5,3.0,46.5,16.0,0.3,0.4,0.2,0.61,0.61,0.61,0.61,1.0,0.0,20.0,1.0,0.6,0.0,9.4,9.4,9.4,9.4,1.0,0.0,20.0,1.0,0.6,0.0,-31.3,-4.3,13.0,-7.9,7.0,24.6,14.0,0.4,0.4,0.3,-1.6,0.0,5.8,2.4,7.0,6.2,14.0,0.4,0.4,0.3,-33.8,-2.1,29.6,-2.1,2.0,65.7,18.0,0.5,0.5,0.1,1.4,4.3,7.2,4.3,2.0,6.1,18.0,0.5,0.5,0.1,9.4,9.4,9.4,9.4,1.0,0.0,20.0,1.0,0.6,0.0,0.0,0.0,0.0,0.0,1.0,0.0,20.0,1.0,0.6,0.0,360.0,1000.0,2732.0,1350.5,7.0,1318.5,14.0,0.4,0.4,0.3,360.0,1000.0,2730.0,1350.0,7.0,1320.0,14.0,0.4,0.4,0.3
1974,2,308.0,47.0,-0.87,-0.7,0.0,-0.5,5.0,0.47,14.0,0.8,0.4,0.4,-3.81,-0.9,1.81,-1.02,6.0,3.3,12.0,0.7,0.5,0.4,2.33,3.41,4.17,3.26,4.0,1.15,12.0,0.8,0.5,0.3,81.0,92.0,93.7,87.5,4.0,11.0,12.0,0.8,0.3,1.95,4.6,10.89,7.56,7.0,7.59,12.0,0.7,0.5,0.4,-1.73,0.35,2.52,1.07,7.0,3.38,12.0,0.7,0.5,0.4,-1.55,1.97,10.27,4.35,7.0,9.46,12.0,0.7,0.5,0.4,992.94,997.3,1018.55,1003.14,7.0,12.86,12.0,0.7,0.5,0.4,5.8,8.0,8.0,6.6,7.0,2.6,12.0,0.7,0.5,0.4,-10.9,0.7,9.5,8.8,7.0,32.9,12.0,0.7,0.5,0.4,-6.5,3.9,114.5,79.5,7.0,196.1,12.0,0.7,0.5,0.4,-2.49,-2.0,3.84,0.16,5.0,3.55,14.0,0.8,0.4,0.4,-37.2,-10.1,8.7,-15.8,5.0,31.7,14.0,0.8,0.4,0.4,-0.48,-0.36,1.1,0.3,3.0,1.29,12.0,1.0,0.3,0.2,-9.4,-3.5,2.1,-3.6,3.0,8.4,12.0,1.0,0.3,0.2,-14.2,-2.6,-0.9,-6.8,6.0,8.7,12.0,0.7,0.5,0.4,3.4,8.3,28.7,17.0,6.0,26.2,12.0,0.7,0.5,0.4,-3.5,2.0,13.9,5.1,4.0,12.7,12.0,0.8,0.5,0.3,-11.2,17.8,70.1,28.9,4.0,52.6,12.0,0.8,0.5,0.3,0.2,0.6,2.9,1.5,3.0,2.2,12.0,1.0,0.3,0.2,-9.3,-3.4,-2.7,-5.9,3.0,5.4,12.0,1.0,0.3,0.2,7.5,97.5,1592.5,1957.5,7.0,4253.0,12.0,0.7,0.5,0.4,10.0,95.0,1590.0,1955.0,7.0,4255.0,12.0,0.7,0.5,0.4
1974,2,308.0,48.0,-1.63,-1.6,-0.57,-1.2,12.0,0.72,12.0,0.6,0.4,0.4,-5.51,-2.65,1.55,-2.11,12.0,3.19,12.0,0.6,0.4,0.4,2.54,2.85,3.78,3.08,7.0,0.7,16.0,0.7,0.4,0.5,86.4,88.7,95.1,89.6,7.0,4.0,16.0,0.7,0.5,4.89,11.3,13.37,10.21,11.0,4.52,14.0,0.5,0.4,0.4,-1.97,5.37,11.43,5.46,11.0,7.19,14.0,0.5,0.4,0.4,-0.85,3.98,8.82,4.13,11.0,5.64,14.0,0.5,0.4,0.4,990.87,1001.15,1012.38,1001.43,12.0,11.87,12.0,0.6,0.4,0.4,6.7,8.0,8.0,7.3,12.0,1.5,12.0,0.6,0.4,0.4,-9.6,33.3,140.9,77.9,11.0,103.3,14.0,0.5,0.4,0.4,-10.0,19.2,130.2,54.3,11.0,73.2,14.0,0.5,0.4,0.4,-2.25,1.05,4.09,0.91,12.0,3.39,12.0,0.6,0.4,0.4,-17.7,14.8,39.7,12.8,11.0,40.2,14.0,0.5,0.4,0.4,-0.41,0.58,0.78,0.31,7.0,0.7,16.0,0.7,0.4,0.5,-5.1,4.7,8.7,2.0,7.0,7.8,16.0,0.7,0.4,0.5,-52.4,-15.6,1.1,-22.8,11.0,31.1,14.0,0.5,0.4,0.4,-25.0,0.0,7.0,-5.5,11.0,20.8,14.0,0.5,0.4,0.4,-6.0,8.0,30.8,12.2,7.0,21.2,16.0,0.7,0.4,0.5,-0.8,7.9,46.1,16.5,7.0,26.4,16.0,0.7,0.4,0.5,-1.0,0.0,8.7,2.4,7.0,5.5,16.0,0.7,0.4,0.5,-5.1,0.0,2.4,-1.4,7.0,5.1,16.0,0.7,0.4,0.5,118.0,1443.0,2399.0,1641.5,11.0,1805.5,14.0,0.5,0.4,0.4,120.0,1445.0,2400.0,1640.0,11.0,1805.0,14.0,0.5,0.4,0.4
1974,2,308.0,49.0,-1.63,-1.6,-1.23,-1.1,7.0,1.44,14.0,0.1,0.7,0.4,-7.2,-4.8,-1.45,-5.01,9.0,4.38,10.0,0.1,0.7,0.3,2.06,2.07,3.39,2.65,5.0,0.9,12.0,0.2,0.7,0.3,76.6,92.1,95.6,86.0,5.0,15.4,12.0,0.2,0.3,5.25,11.0,15.66,10.12,9.0,5.66,12.0,0.2,0.7,0.4,1.24,7.1,15.48,8.22,9.0,6.37,12.0,0.2,0.7,0.4,-2.09,0.0,5.12,1.85,9.0,5.2,12.0,0.2,0.7,0.4,994.58,1004.95,1014.84,1005.29,10.0,10.14,12.0,0.2,0.7,0.3,0.0,6.0,7.0,4.1,7.0,3.6,12.0,0.3,0.7,0.4,5.7,58.2,244.2,107.0,9.0,112.5,12.0,0.2,0.7,0.4,-17.9,0.0,53.3,22.4,9.0,66.5,12.0,0.2,0.7,0.4,-0.42,2.2,6.11,2.66,7.0,3.82,14.0,0.1,0.7,0.4,-3.1,13.2,58.5,21.3,7.0,39.9,14.0,0.1,0.7,0.4,0.05,1.29,1.34,0.75,5.0,0.88,12.0,0.2,0.7,0.3,0.7,7.5,13.3,6.7,5.0,9.8,12.0,0.2,0.7,0.3,-95.3,-38.0,-0.6,-44.9,8.0,49.0,12.0,0.1,0.7,0.3,-22.2,0.0,17.4,-6.9,8.0,31.7,12.0,0.1,0.7,0.3,6.0,14.7,35.1,20.0,5.0,18.7,12.0,0.2,0.7,0.3,-3.1,0.0,25.5,11.0,5.0,25.3,12.0,0.2,0.7,0.3,3.9,7.3,12.4,8.2,5.0,6.5,12.0,0.2,0.7,0.3,-4.0,0.0,1.9,-1.0,5.0,5.1,12.0,0.2,0.7,0.3,163.5,1331.0,3929.5,1838.0,9.0,1861.0,12.0,0.2,0.7,0.4,165.0,1330.0,3930.0,1840.0,9.0,1860.0,12.0,0.2,0.7,0.4
1974,2,308.0,50.0,-1.53,-1.25,-0.15,-0.87,12.0,0.73,10.0,0.3,0.8,0.3,-8.47,-6.5,0.0,-4.69,14.0,4.74,10.0,0.3,0.8,0.3,1.8,2.84,3.63,2.74,6.0,0.98,12.0,0.5,0.8,0.3,88.5,93.0,93.8,91.0,6.0,6.2,12.0,0.5,0.3,9.3,11.15,14.37,11.66,14.0,5.04,10.0,0.3,0.8,0.3,1.75,6.55,13.36,6.31,14.0,7.31,10.0,0.3,0.8,0.3,-10.09,1.82,7.86,-0.63,14.0,8.67,10.0,0.3,0.8,0.3,982.81,997.95,1005.54,994.22,14.0,12.12,10.0,0.3,0.8,0.3,4.9,8.0,8.0,6.6,13.0,2.4,10.0,0.3,0.8,0.3,16.6,67.9,190.1,91.2,14.0,123.1,10.0,0.3,0.8,0.3,-119.3,19.2,74.7,-18.9,14.0,132.8,10.0,0.3,0.8,0.3,-1.58,2.65,7.3,3.01,12.0,4.61,10.0,0.3,0.8,0.3,-15.5,23.3,106.5,40.1,12.0,59.8,10.0,0.3,0.8,0.3,-0.11,0.66,1.65,0.74,6.0,0.92,12.0,0.5,0.8,0.3,-1.2,8.1,26.3,12.5,6.0,16.1,12.0,0.5,0.8,0.3,-113.6,-4.2,6.5,-40.8,14.0,77.4,10.0,0.3,0.8,0.3,-16.6,0.0,15.7,8.3,14.0,44.8,10.0,0.3,0.8,0.3,-0.5,13.7,23.3,9.4,6.0,18.2,12.0,0.5,0.8,0.3,-37.3,-30.3,5.4,-20.4,6.0,21.4,12.0,0.5,0.8,0.3,-3.7,-0.2,22.4,4.9,6.0,15.4,12.0,0.5,0.8,0.3,-5.7,1.1,3.9,-2.6,6.0,13.2,12.0,0.5,0.8,0.3,804.5,1387.0,2967.0,2391.5,14.0,2767.5,10.0,0.3,0.8,0.3,805.0,1385.0,2965.0,2390.0,14.0,2770.0,10.0,0.3,0.8,0.3
1974,2,308.0,51.0,-1.1,-0.3,1.0,-0.16,102.0,1.11,14.0,0.5,0.5,0.7,-10.0,-4.4,1.16,-4.58,122.0,5.4,14.0,0.5,0.5,0.7,1.09,1.91,2.15,1.83,7.0,0.82,14.0,0.3,0.6,0.3,79.4,86.4,96.9,87.6,7.0,7.3,14.0,0.3,0.3,6.65,11.8,16.0,11.12,114.0,4.94,14.0,0.5,0.5,0.7,0.0,7.51,14.73,6.54,114.0,7.6,14.0,0.5,0.5,0.7,-5.4,0.0,7.52,1.4,114.0,6.79,14.0,0.5,0.5,0.7,992.36,1001.15,1010.2,1001.0,124.0,8.36,14.0,0.5,0.5,0.7,5.0,8.0,8.0,6.8,78.0,2.0,14.0,0.7,0.5,0.7,0.0,68.9,223.0,87.3,114.0,120.3,14.0,0.5,0.5,0.7,-49.7,0.0,82.1,22.8,114.0,100.3,14.0,0.5,0.5,0.7,-2.0,4.0,9.44,4.2,99.0,5.24,14.0,0.5,0.5,0.7,-16.0,40.4,130.6,56.1,94.0,77.9,14.0,0.5,0.5,0.7,1.23,1.47,2.31,1.62,7.0,0.76,14.0,0.3,0.6,0.3,16.8,23.5,42.7,25.4,7.0,15.2,14.0,0.3,0.6,0.3,-120.0,-19.7,11.5,-46.1,110.0,77.4,14.0,0.5,0.5,0.7,-35.3,0.0,18.2,-9.5,110.0,44.6,14.0,0.5,0.5,0.7,15.8,20.3,23.9,20.3,7.0,3.7,14.0,0.3,0.6,0.3,-24.4,-7.0,8.4,-9.0,7.0,15.6,14.0,0.3,0.6,0.3,14.0,16.4,40.3,22.4,7.0,15.8,14.0,0.3,0.6,0.3,-14.7,-2.7,6.3,-4.3,7.0,11.2,14.0,0.3,0.6,0.3,295.0,1643.0,4096.0,2132.5,114.0,1939.5,14.0,0.5,0.5,0.7,295.0,1645.0,4095.0,2135.0,114.0,1940.0,14.0,0.5,0.5,0.7
1974,2,308.0,52.0,-1.1,0.0,1.5,0.16,870.0,1.23,14.0,0.5,0.4,0.4,-9.0,-4.0,1.0,-3.95,1016.0,5.17,16.0,0.5,0.4,0.4,1.54,2.05,3.55,2.38,52.0,0.9,16.0,0.6,0.4,0.5,84.8,92.8,96.0,91.1,52.0,5.6,16.0,0.6,0.5,4.6,9.3,15.4,10.19,1018.0,5.51,14.0,0.5,0.4,0.4,-3.07,4.94,12.24,4.55,1018.0,7.73,14.0,0.5,0.4,0.4,-6.06,0.0,8.36,0.93,1018.0,7.28,14.0,0.5,0.4,0.4,987.65,995.8,1011.55,998.44,1088.0,11.15,14.0,0.5,0.4,0.4,5.0,8.0,8.0,6.8,814.0,1.9,14.0,0.6,0.4,0.4,-18.8,38.9,172.4,65.0,1018.0,130.3,14.0,0.5,0.4,0.4,-61.7,0.0,98.8,17.1,1018.0,118.1,14.0,0.5,0.4,0.4,-1.0,3.8,8.8,4.11,811.0,5.18,16.0,0.5,0.4,0.4,-5.0,25.5,102.9,46.6,760.0,73.6,16.0,0.5,0.4,0.4,0.04,1.38,1.89,1.07,51.0,0.89,16.0,0.6,0.4,0.5,-0.3,14.9,32.0,16.1,42.0,15.4,16.0,0.6,0.5,0.4,-87.7,-12.7,2.8,-36.3,944.0,63.1,16.0,0.5,0.4,0.4,-36.9,0.0,18.0,-11.2,944.0,47.4,16.0,0.5,0.4,0.4,-18.1,14.2,25.4,5.0,43.0,25.1,16.0,0.6,0.5,0.4,-16.7,0.0,7.9,-3.4,43.0,14.1,16.0,0.6,0.5,0.4,-0.8,11.7,29.7,13.1,42.0,14.4,16.0,0.6,0.5,0.4,-9.1,0.0,7.4,1.0,42.0,10.9,16.0,0.6,0.5,0.4,97.5,804.5,3652.5,2060.5,1018.0,3021.0,14.0,0.5,0.4,0.4,95.0,805.0,3650.0,2060.0,1018.0,3020.0,14.0,0.5,0.4,0.4
1974,2,308.0,53.0,-0.8,-0.5,1.12,-0.11,16.0,1.04,10.0,0.6,0.3,0.1,-11.43,-1.5,-0.54,-5.17,17.0,5.61,10.0,0.6,0.3,0.1,1.13,1.13,1.13,1.13,1.0,0.0,2.0,1.0,0.7,0.0,92.8,92.8,92.8,92.8,1.0,0.0,2.0,1.0,0.0,4.86,16.0,22.19,13.81,13.0,8.31,10.0,0.6,0.4,0.2,-0.17,11.89,18.4,8.18,13.0,8.85,10.0,0.6,0.4,0.2,-2.77,8.7,15.44,6.87,13.0,8.59,10.0,0.6,0.4,0.2,977.0,990.3,997.06,988.77,18.0,11.55,10.0,0.6,0.3,0.1,3.0,8.0,8.0,6.6,12.0,2.2,10.0,0.8,0.2,0.1,-0.9,196.1,398.4,176.2,13.0,188.7,10.0,0.6,0.4,0.2,-8.4,75.7,370.3,145.6,13.0,164.9,10.0,0.6,0.4,0.2,0.5,1.0,13.5,5.23,15.0,6.04,10.0,0.7,0.3,0.1,3.8,98.1,334.8,142.7,10.0,150.3,12.0,0.7,0.4,0.2,3.29,3.29,3.29,3.29,1.0,0.0,2.0,1.0,0.7,0.0,60.9,60.9,60.9,60.9,1.0,0.0,2.0,1.0,0.7,0.0,-205.0,-41.5,0.0,-91.1,12.0,110.4,12.0,0.7,0.4,0.2,-219.2,-14.1,9.7,-67.5,12.0,106.3,12.0,0.7,0.4,0.2,13.4,13.4,13.4,13.4,1.0,0.0,2.0,1.0,0.7,0.0,16.0,16.0,16.0,16.0,1.0,0.0,2.0,1.0,0.7,0.0,39.1,39.1,39.1,39.1,1.0,0.0,2.0,1.0,0.7,0.0,46.6,46.6,46.6,46.6,1.0,0.0,2.0,1.0,0.7,0.0,121.5,4096.0,10951.5,5178.5,13.0,5361.0,10.0,0.6,0.4,0.2,120.0,4095.0,10950.0,5180.0,13.0,5360.0,10.0,0.6,0.4,0.2
1974,2,308.0,55.0,2.7,2.7,3.31,3.05,12.0,0.76,12.0,0.3,0.7,0.6,-11.29,-7.0,-2.2,-6.45,14.0,5.21,12.0,0.3,0.7,0.7,0.98,1.35,2.59,1.71,10.0,0.79,12.0,0.2,0.7,0.8,59.4,75.2,84.3,72.1,10.0,12.9,12.0,0.2,0.8,3.1,11.05,14.84,9.86,14.0,5.83,12.0,0.3,0.7,0.7,1.37,7.03,12.1,6.3,14.0,6.41,12.0,0.3,0.7,0.7,-0.87,1.71,12.86,2.92,14.0,6.75,12.0,0.3,0.7,0.7,984.5,991.45,1004.98,993.66,14.0,9.99,12.0,0.3,0.7,0.7,6.0,7.0,8.0,7.0,12.0,1.0,12.0,0.2,0.7,0.7,2.2,74.5,192.5,82.1,14.0,96.8,12.0,0.3,0.7,0.7,-2.3,12.5,199.6,52.5,14.0,105.2,12.0,0.3,0.7,0.7,4.77,10.05,14.28,9.41,12.0,5.12,12.0,0.3,0.7,0.6,33.4,58.3,111.1,82.6,12.0,76.8,12.0,0.3,0.7,0.6,1.99,3.24,3.72,2.9,9.0,0.86,12.0,0.2,0.7,0.8,10.3,24.7,51.9,27.8,9.0,20.7,12.0,0.2,0.7,0.8,-47.4,-25.9,-14.7,-34.8,14.0,43.3,12.0,0.3,0.7,0.7,-18.1,-4.3,27.0,-16.0,14.0,59.4,12.0,0.3,0.7,0.7,2.6,15.1,30.5,16.7,10.0,14.3,12.0,0.2,0.7,0.8,-0.3,3.3,13.5,5.9,10.0,7.5,12.0,0.2,0.7,0.8,9.5,24.4,35.8,22.3,9.0,12.6,12.0,0.2,0.7,0.8,0.8,4.3,36.3,13.0,9.0,19.6,12.0,0.2,0.7,0.8,30.0,1351.5,3268.5,1865.0,14.0,2031.0,12.0,0.3,0.7,0.7,30.0,1350.0,3270.0,1865.0,14.0,2030.0,12.0,0.3,0.7,0.7
1974,2,308.0,56.0,2.17,2.3,2.8,2.42,188.0,0.34,18.0,0.5,0.8,0.5,-4.0,0.0,1.5,-0.8,189.0,2.29,18.0,0.5,0.8,0.5,2.08,2.88,3.79,2.91,180.0,0.77,18.0,0.5,0.8,0.5,64.0,80.0,93.0,79.0,180.0,13.4,18.0,0.5,0.5,3.6,11.3,17.0,10.95,187.0,5.92,18.0,0.5,0.8,0.5,-11.8,-1.97,9.68,-1.22,187.0,9.53,18.0,0.5,0.8,0.5,-11.57,-3.28,0.54,-4.6,187.0,6.48,18.0,0.5,0.8,0.5,987.86,1001.7,1007.3,998.34,191.0,9.7,18.0,0.5,0.8,0.5,5.0,8.0,8.0,6.9,168.0,1.7,18.0,0.5,0.8,0.5,-163.6,-4.1,144.6,-18.9,187.0,149.1,18.0,0.5,0.8,0.5,-182.6,-32.5,1.7,-72.8,187.0,122.8,18.0,0.5,0.8,0.5,1.0,2.5,6.36,3.22,186.0,2.25,18.0,0.5,0.8,0.5,5.5,22.7,72.3,35.2,183.0,33.6,18.0,0.5,0.8,0.5,0.88,1.65,2.46,1.65,178.0,0.75,18.0,0.5,0.8,0.5,5.3,16.4,29.1,17.6,175.0,11.7,18.0,0.5,0.8,0.5,-35.3,-2.8,4.1,-12.0,186.0,21.7,18.0,0.5,0.8,0.5,-11.5,0.0,12.3,1.7,186.0,17.4,18.0,0.5,0.8,0.5,-36.9,-5.8,26.5,-6.4,177.0,28.9,18.0,0.5,0.8,0.5,-43.6,-9.2,0.1,-15.4,177.0,21.5,18.0,0.5,0.8,0.5,-15.8,-2.1,19.4,0.7,175.0,17.1,18.0,0.5,0.8,0.5,-14.1,-4.7,0.1,-6.6,175.0,10.5,18.0,0.5,0.8,0.5,46.5,1443.0,4913.0,2468.5,187.0,3107.0,18.0,0.5,0.8,0.5,45.0,1445.0,4915.0,2470.0,187.0,3105.0,18.0,0.5,0.8,0.5
1974,2,308.0,57.0,,,,,,,,,,,,,,,,,,,,,,,,,,,,,,,,,,,,,,,,11.32,12.0,12.68,12.0,2.0,1.41,14.0,0.5,0.5,0.5,7.53,8.51,9.5,8.51,2.0,2.04,14.0,0.5,0.5,0.5,-5.69,0.04,5.76,0.04,2.0,11.87,14.0,0.5,0.5,0.5,999.4,999.6,999.8,999.6,2.0,0.42,14.0,0.5,0.5,0.5,,,,,,,,,,,,,,,,,,,,,,,,,,,,,,,,,,,,,,,,,,,,,,,,,,,,,,,,,,,,,,,,,,,,,,,,,,,,,,,,,,,,,,,,,,,,,,,,,,,,,,,,,,,,,,,,,,,,,,,,,,,,,,,,,,,,,,,,,,,,,,,,,,,,,,
1974,2,308.0,62.0,,,,,,,,,,,,,,,,,,,,,,,,,,,,,,,,,,,,,,,,2.1,2.1,2.1,2.1,1.0,0.0,28.0,0.0,0.7,0.2,0.72,0.72,0.72,0.72,1.0,0.0,28.0,0.0,0.7,0.2,1.97,1.97,1.97,1.97,1.0,0.0,28.0,0.0,0.7,0.2,1003.0,1003.0,1003.0,1003.0,1.0,0.0,28.0,0.0,0.7,0.2,,,,,,,,,,,,,,,,,,,,,,,,,,,,,,,,,,,,,,,,,,,,,,,,,,,,,,,,,,,,,,,,,,,,,,,,,,,,,,,,,,,,,,,,,,,,,,,,,,,,,,,,,,,,,,,,,,,,,,,,,,,,,,,,,,,,,,,,,,,,,,,,,,,,,,
1974,2,309.0,-57.0,5.0,5.0,5.0,5.0,1.0,0.0,8.0,1.0,0.9,0.1,2.4,2.4,2.4,2.4,1.0,0.0,8.0,1.0,0.9,0.1,2.92,2.92,2.92,2.92,1.0,0.0,8.0,1.0,0.9,0.1,64.6,64.6,64.6,64.6,1.0,0.0,8.0,1.0,0.1,4.6,4.6,4.6,4.6,1.0,0.0,8.0,1.0,0.9,0.1,0.0,0.0,0.0,0.0,1.0,0.0,8.0,1.0,0.9,0.1,4.6,4.6,4.6,4.6,1.0,0.0,8.0,1.0,0.9,0.1,1005.7,1005.7,1005.7,1005.7,1.0,0.0,8.0,1.0,0.9,0.1,2.0,2.0,2.0,2.0,1.0,0.0,8.0,1.0,0.9,0.1,0.0,0.0,0.0,0.0,1.0,0.0,8.0,1.0,0.9,0.1,21.2,21.2,21.2,21.2,1.0,0.0,8.0,1.0,0.9,0.1,2.6,2.6,2.6,2.6,1.0,0.0,8.0,1.0,0.9,0.1,12.0,12.0,12.0,12.0,1.0,0.0,8.0,1.0,0.9,0.1,2.52,2.52,2.52,2.52,1.0,0.0,8.0,1.0,0.9,0.1,11.6,11.6,11.6,11.6,1.0,0.0,8.0,1.0,0.9,0.1,0.0,0.0,0.0,0.0,1.0,0.0,8.0,1.0,0.9,0.1,11.0,11.0,11.0,11.0,1.0,0.0,8.0,1.0,0.9,0.1,0.0,0.0,0.0,0.0,1.0,0.0,8.0,1.0,0.9,0.1,13.4,13.4,13.4,13.4,1.0,0.0,8.0,1.0,0.9,0.1,0.0,0.0,0.0,0.0,1.0,0.0,8.0,1.0,0.9,0.1,11.6,11.6,11.6,11.6,1.0,0.0,8.0,1.0,0.9,0.1,97.5,97.5,97.5,97.5,1.0,0.0,8.0,1.0,0.9,0.1,95.0,95.0,95.0,95.0,1.0,0.0,8.0,1.0,0.9,0.1
1974,2,309.0,-56.0,5.5,5.5,5.5,5.5,1.0,0.0,18.0,0.0,0.2,0.1,6.2,6.2,6.2,6.2,1.0,0.0,18.0,0.0,0.2,0.1,5.64,5.64,5.64,5.64,1.0,0.0,18.0,0.0,0.2,0.1,95.3,95.3,95.3,95.3,1.0,0.0,18.0,0.0,0.1,11.3,11.3,11.3,11.3,1.0,0.0,18.0,0.0,0.2,0.1,-1.96,-1.96,-1.96,-1.96,1.0,0.0,18.0,0.0,0.2,0.1,-11.13,-11.13,-11.13,-11.13,1.0,0.0,18.0,0.0,0.2,0.1,1003.1,1003.1,1003.1,1003.1,1.0,0.0,18.0,0.0,0.2,0.1,0.0,0.0,0.0,0.0,1.0,0.0,18.0,0.0,0.2,0.1,-22.2,-22.2,-22.2,-22.2,1.0,0.0,18.0,0.0,0.2,0.1,-125.7,-125.7,-125.7,-125.7,1.0,0.0,18.0,0.0,0.2,0.1,-0.7,-0.7,-0.7,-0.7,1.0,0.0,18.0,0.0,0.2,0.1,-7.9,-7.9,-7.9,-7.9,1.0,0.0,18.0,0.0,0.2,0.1,0.0,0.0,0.0,0.0,1.0,0.0,18.0,0.0,0.2,0.1,0.0,0.0,0.0,0.0,1.0,0.0,18.0,0.0,0.2,0.1,-12.2,-12.2,-12.2,-12.2,1.0,0.0,18.0,0.0,0.2,0.1,-69.0,-69.0,-69.0,-69.0,1.0,0.0,18.0,0.0,0.2,0.1,-11.1,-11.1,-11.1,-11.1,1.0,0.0,18.0,0.0,0.2,0.1,-62.8,-62.8,-62.8,-62.8,1.0,0.0,18.0,0.0,0.2,0.1,0.0,0.0,0.0,0.0,1.0,0.0,18.0,0.0,0.2,0.1,0.0,0.0,0.0,0.0,1.0,0.0,18.0,0.0,0.2,0.1,1443.0,1443.0,1443.0,1443.0,1.0,0.0,18.0,0.0,0.2,0.1,1445.0,1445.0,1445.0,1445.0,1.0,0.0,18.0,0.0,0.2,0.1
1974,2,309.0,-50.0,,,,,,,,,,,,,,,,,,,,,,,,,,,,,,,,,,,,,,,,2.0,2.0,2.0,2.0,1.0,0.0,22.0,0.0,1.0,0.5,1.97,1.97,1.97,1.97,1.0,0.0,22.0,0.0,1.0,0.5,0.35,0.35,0.35,0.35,1.0,0.0,22.0,0.0,1.0,0.5,1015.0,1015.0,1015.0,1015.0,1.0,0.0,22.0,0.0,1.0,0.5,,,,,,,,,,,,,,,,,,,,,,,,,,,,,,,,,,,,,,,,,,,,,,,,,,,,,,,,,,,,,,,,,,,,,,,,,,,,,,,,,,,,,,,,,,,,,,,,,,,,,,,,,,,,,,,,,,,,,,,,,,,,,,,,,,,,,,,,,,,,,,,,,,,,,,
1974,2,309.0,-49.0,,,,,,,,,,,,,,,,,,,,,,,,,,,,,,,,,,,,,,,,10.0,10.0,10.0,10.0,1.0,0.0,8.0,1.0,1.0,0.2,6.43,6.43,6.43,6.43,1.0,0.0,8.0,1.0,1.0,0.2,7.66,7.66,7.66,7.66,1.0,0.0,8.0,1.0,1.0,0.2,1015.4,1015.4,1015.4,1015.4,1.0,0.0,8.0,1.0,1.0,0.2,,,,,,,,,,,,,,,,,,,,,,,,,,,,,,,,,,,,,,,,,,,,,,,,,,,,,,,,,,,,,,,,,,,,,,,,,,,,,,,,,,,,,,,,,,,,,,,,,,,,,,,,,,,,,,,,,,,,,,,,,,,,,,,,,,,,,,,,,,,,,,,,,,,,,,
1974,2,309.0,-45.0,15.0,15.0,15.0,15.0,1.0,0.0,20.0,0.0,0.4,0.8,15.5,15.5,15.5,15.5,1.0,0.0,20.0,0.0,0.4,0.8,10.34,10.34,10.34,10.34,1.0,0.0,20.0,0.0,0.4,0.8,95.0,95.0,95.0,95.0,1.0,0.0,20.0,0.0,0.8,6.2,6.2,6.2,6.2,1.0,0.0,20.0,0.0,0.4,0.8,-1.08,-1.08,-1.08,-1.08,1.0,0.0,20.0,0.0,0.4,0.8,-6.11,-6.11,-6.11,-6.11,1.0,0.0,20.0,0.0,0.4,0.8,1016.4,1016.4,1016.4,1016.4,1.0,0.0,20.0,0.0,0.4,0.8,8.0,8.0,8.0,8.0,1.0,0.0,20.0,0.0,0.4,0.8,-6.7,-6.7,-6.7,-6.7,1.0,0.0,20.0,0.0,0.4,0.8,-37.9,-37.9,-37.9,-37.9,1.0,0.0,20.0,0.0,0.4,0.8,-0.5,-0.5,-0.5,-0.5,1.0,0.0,20.0,0.0,0.4,0.8,-3.1,-3.1,-3.1,-3.1,1.0,0.0,20.0,0.0,0.4,0.8,0.2,0.2,0.2,0.2,1.0,0.0,20.0,0.0,0.4,0.8,1.3,1.3,1.3,1.3,1.0,0.0,20.0,0.0,0.4,0.8,-16.7,-16.7,-16.7,-16.7,1.0,0.0,20.0,0.0,0.4,0.8,-94.6,-94.6,-94.6,-94.6,1.0,0.0,20.0,0.0,0.4,0.8,-11.1,-11.1,-11.1,-11.1,1.0,0.0,20.0,0.0,0.4,0.8,-63.1,-63.1,-63.1,-63.1,1.0,0.0,20.0,0.0,0.4,0.8,-0.2,-0.2,-0.2,-0.2,1.0,0.0,20.0,0.0,0.4,0.8,-1.2,-1.2,-1.2,-1.2,1.0,0.0,20.0,0.0,0.4,0.8,238.5,238.5,238.5,238.5,1.0,0.0,20.0,0.0,0.4,0.8,240.0,240.0,240.0,240.0,1.0,0.0,20.0,0.0,0.4,0.8
1974,2,309.0,-44.0,17.1,17.1,17.1,17.1,1.0,0.0,26.0,0.0,0.1,0.4,16.8,16.8,16.8,16.8,1.0,0.0,26.0,0.0,0.1,0.4,7.85,7.85,7.85,7.85,1.0,0.0,26.0,0.0,0.1,0.4,66.8,66.8,66.8,66.8,1.0,0.0,26.0,0.0,0.4,1.48,3.6,5.72,3.6,2.0,4.38,26.0,0.0,0.2,0.6,1.26,3.42,5.59,3.42,2.0,4.49,26.0,0.0,0.2,0.6,-0.91,-0.37,0.18,-0.37,2.0,1.13,26.0,0.0,0.2,0.6,1021.27,1021.65,1022.03,1021.65,2.0,0.78,26.0,0.0,0.2,0.6,4.0,4.0,4.0,4.0,2.0,0.0,26.0,0.0,0.2,0.6,7.1,22.2,37.2,22.2,2.0,31.2,26.0,0.0,0.2,0.6,-6.5,-3.8,-1.1,-3.8,2.0,5.7,26.0,0.0,0.2,0.6,0.3,0.3,0.3,0.3,1.0,0.0,26.0,0.0,0.1,0.4,2.0,2.0,2.0,2.0,1.0,0.0,26.0,0.0,0.1,0.4,4.16,4.16,4.16,4.16,1.0,0.0,26.0,0.0,0.1,0.4,27.9,27.9,27.9,27.9,1.0,0.0,26.0,0.0,0.1,0.4,110.9,110.9,110.9,110.9,1.0,0.0,26.0,0.0,0.1,0.4,-19.5,-19.5,-19.5,-19.5,1.0,0.0,26.0,0.0,0.1,0.4,51.8,51.8,51.8,51.8,1.0,0.0,26.0,0.0,0.1,0.4,-9.1,-9.1,-9.1,-9.1,1.0,0.0,26.0,0.0,0.1,0.4,27.4,27.4,27.4,27.4,1.0,0.0,26.0,0.0,0.1,0.4,-4.8,-4.8,-4.8,-4.8,1.0,0.0,26.0,0.0,0.1,0.4,48.0,150.5,253.0,150.5,2.0,212.5,26.0,0.0,0.2,0.6,50.0,150.0,255.0,150.0,2.0,215.0,26.0,0.0,0.2,0.6
1974,2,309.0,-41.0,15.97,17.2,18.43,17.2,2.0,2.55,20.0,0.5,0.4,0.8,17.2,19.15,21.1,19.15,2.0,4.03,20.0,0.5,0.4,0.8,11.01,12.08,13.15,12.08,2.0,2.22,20.0,0.5,0.4,0.8,84.5,87.6,90.6,87.6,2.0,6.3,20.0,0.5,0.8,1.27,4.0,6.73,4.0,2.0,5.66,20.0,0.5,0.4,0.8,-3.37,-2.0,-0.63,-2.0,2.0,2.83,20.0,0.5,0.4,0.8,-5.83,-3.46,-1.1,-3.46,2.0,4.9,20.0,0.5,0.4,0.8,1014.7,1016.65,1018.6,1016.65,2.0,4.03,20.0,0.5,0.4,0.8,4.2,4.5,4.8,4.5,2.0,0.7,20.0,0.5,0.4,0.8,-26.9,-16.0,-5.1,-16.0,2.0,22.6,20.0,0.5,0.4,0.8,-46.6,-27.7,-8.8,-27.7,2.0,39.2,20.0,0.5,0.4,0.8,-2.67,-1.95,-1.23,-1.95,2.0,1.48,20.0,0.5,0.4,0.8,-6.1,-3.6,-1.1,-3.6,2.0,5.1,20.0,0.5,0.4,0.8,0.04,0.14,0.23,0.14,2.0,0.19,20.0,0.5,0.4,0.8,0.4,1.1,1.9,1.1,2.0,1.6,20.0,0.5,0.4,0.8,-54.9,-32.6,-10.3,-32.6,2.0,46.1,20.0,0.5,0.4,0.8,-95.0,-56.5,-17.9,-56.5,2.0,79.9,20.0,0.5,0.4,0.8,-35.4,-21.0,-6.7,-21.0,2.0,29.7,20.0,0.5,0.4,0.8,-61.3,-36.4,-11.6,-36.4,2.0,51.5,20.0,0.5,0.4,0.8,-0.9,-0.6,-0.2,-0.6,2.0,0.8,20.0,0.5,0.4,0.8,-1.6,-1.0,-0.3,-1.0,2.0,1.4,20.0,0.5,0.4,0.8,81.5,256.0,430.5,256.0,2.0,362.0,20.0,0.5,0.4,0.8,80.0,255.0,430.0,255.0,2.0,360.0,20.0,0.5,0.4,0.8
1974,2,309.0,-39.0,18.8,18.8,18.8,18.8,1.0,0.0,4.0,1.0,0.7,0.6,21.0,21.0,21.0,21.0,1.0,0.0,4.0,1.0,0.7,0.6,14.35,14.35,14.35,14.35,1.0,0.0,4.0,1.0,0.7,0.6,92.9,92.9,92.9,92.9,1.0,0.0,4.0,1.0,0.6,13.9,13.9,13.9,13.9,1.0,0.0,4.0,1.0,0.7,0.6,0.0,0.0,0.0,0.0,1.0,0.0,4.0,1.0,0.7,0.6,-13.9,-13.9,-13.9,-13.9,1.0,0.0,4.0,1.0,0.7,0.6,1013.9,1013.9,1013.9,1013.9,1.0,0.0,4.0,1.0,0.7,0.6,2.0,2.0,2.0,2.0,1.0,0.0,4.0,1.0,0.7,0.6,0.0,0.0,0.0,0.0,1.0,0.0,4.0,1.0,0.7,0.6,-193.2,-193.2,-193.2,-193.2,1.0,0.0,4.0,1.0,0.7,0.6,-2.2,-2.2,-2.2,-2.2,1.0,0.0,4.0,1.0,0.7,0.6,-30.6,-30.6,-30.6,-30.6,1.0,0.0,4.0,1.0,0.7,0.6,-0.87,-0.87,-0.87,-0.87,1.0,0.0,4.0,1.0,0.7,0.6,-12.1,-12.1,-12.1,-12.1,1.0,0.0,4.0,1.0,0.7,0.6,0.0,0.0,0.0,0.0,1.0,0.0,4.0,1.0,0.7,0.6,-291.9,-291.9,-291.9,-291.9,1.0,0.0,4.0,1.0,0.7,0.6,0.0,0.0,0.0,0.0,1.0,0.0,4.0,1.0,0.7,0.6,-199.5,-199.5,-199.5,-199.5,1.0,0.0,4.0,1.0,0.7,0.6,0.0,0.0,0.0,0.0,1.0,0.0,4.0,1.0,0.7,0.6,12.1,12.1,12.1,12.1,1.0,0.0,4.0,1.0,0.7,0.6,2685.5,2685.5,2685.5,2685.5,1.0,0.0,4.0,1.0,0.7,0.6,2685.0,2685.0,2685.0,2685.0,1.0,0.0,4.0,1.0,0.7,0.6
1974,2,309.0,-37.0,20.63,22.0,23.37,22.0,2.0,2.83,26.0,0.5,0.7,0.6,19.8,21.1,22.4,21.1,2.0,2.69,26.0,0.5,0.7,0.6,12.21,12.21,12.21,12.21,1.0,0.0,26.0,0.0,0.5,0.5,88.8,88.8,88.8,88.8,1.0,0.0,26.0,0.0,0.5,2.98,3.8,4.62,3.8,2.0,1.7,26.0,0.5,0.7,0.6,-4.41,-3.3,-2.19,-3.3,2.0,2.3,26.0,0.5,0.7,0.6,-1.81,-1.43,-1.05,-1.43,2.0,0.79,26.0,0.5,0.7,0.6,1017.93,1019.5,1021.07,1019.5,2.0,3.25,26.0,0.5,0.7,0.6,1.3,2.0,2.7,2.0,2.0,1.4,26.0,0.5,0.7,0.6,-21.4,-14.5,-7.6,-14.5,2.0,14.3,26.0,0.5,0.7,0.6,-5.0,-4.8,-4.5,-4.8,2.0,0.6,26.0,0.5,0.7,0.6,0.83,0.9,0.97,0.9,2.0,0.14,26.0,0.5,0.7,0.6,2.5,3.5,4.5,3.5,2.0,2.1,26.0,0.5,0.7,0.6,2.27,2.27,2.27,2.27,1.0,0.0,26.0,0.0,0.5,0.5,5.9,5.9,5.9,5.9,1.0,0.0,26.0,0.0,0.5,0.5,-100.4,-72.7,-45.0,-72.7,2.0,57.4,26.0,0.5,0.7,0.6,-35.3,-29.1,-22.9,-29.1,2.0,12.9,26.0,0.5,0.7,0.6,-20.4,-20.4,-20.4,-20.4,1.0,0.0,26.0,0.0,0.5,0.5,-24.3,-24.3,-24.3,-24.3,1.0,0.0,26.0,0.0,0.5,0.5,-3.8,-3.8,-3.8,-3.8,1.0,0.0,26.0,0.0,0.5,0.5,-4.5,-4.5,-4.5,-4.5,1.0,0.0,26.0,0.0,0.5,0.5,34.5,71.5,108.0,71.5,2.0,76.0,26.0,0.5,0.7,0.6,35.0,70.0,110.0,70.0,2.0,75.0,26.0,0.5,0.7,0.6
1974,2,309.0,-35.0,,,,,,,,,,,,,,,,,,,,,,,,,,,,,,,,,,,,,,,,9.3,9.3,9.3,9.3,1.0,0.0,6.0,0.0,0.5,0.8,1.61,1.61,1.61,1.61,1.0,0.0,6.0,0.0,0.5,0.8,9.16,9.16,9.16,9.16,1.0,0.0,6.0,0.0,0.5,0.8,1007.0,1007.0,1007.0,1007.0,1.0,0.0,6.0,0.0,0.5,0.8,,,,,,,,,,,,,,,,,,,,,,,,,,,,,,,,,,,,,,,,,,,,,,,,,,,,,,,,,,,,,,,,,,,,,,,,,,,,,,,,,,,,,,,,,,,,,,,,,,,,,,,,,,,,,,,,,,,,,,,,,,,,,,,,,,,,,,,,,,,,,,,,,,,,,,
1974,2,309.0,-34.0,23.0,23.0,23.0,23.0,1.0,0.0,22.0,0.0,0.5,0.9,22.0,22.0,22.0,22.0,1.0,0.0,22.0,0.0,0.5,0.9,14.84,14.84,14.84,14.84,1.0,0.0,22.0,0.0,0.5,0.9,90.1,90.1,90.1,90.1,1.0,0.0,22.0,0.0,0.9,3.1,3.1,3.1,3.1,1.0,0.0,22.0,0.0,0.5,0.9,2.37,2.37,2.37,2.37,1.0,0.0,22.0,0.0,0.5,0.9,1.99,1.99,1.99,1.99,1.0,0.0,22.0,0.0,0.5,0.9,1011.8,1011.8,1011.8,1011.8,1.0,0.0,22.0,0.0,0.5,0.9,8.0,8.0,8.0,8.0,1.0,0.0,22.0,0.0,0.5,0.9,7.4,7.4,7.4,7.4,1.0,0.0,22.0,0.0,0.5,0.9,6.2,6.2,6.2,6.2,1.0,0.0,22.0,0.0,0.5,0.9,1.0,1.0,1.0,1.0,1.0,0.0,22.0,0.0,0.5,0.9,3.1,3.1,3.1,3.1,1.0,0.0,22.0,0.0,0.5,0.9,2.7,2.7,2.7,2.7,1.0,0.0,22.0,0.0,0.5,0.9,8.4,8.4,8.4,8.4,1.0,0.0,22.0,0.0,0.5,0.9,52.2,52.2,52.2,52.2,1.0,0.0,22.0,0.0,0.5,0.9,43.8,43.8,43.8,43.8,1.0,0.0,22.0,0.0,0.5,0.9,35.2,35.2,35.2,35.2,1.0,0.0,22.0,0.0,0.5,0.9,29.6,29.6,29.6,29.6,1.0,0.0,22.0,0.0,0.5,0.9,6.4,6.4,6.4,6.4,1.0,0.0,22.0,0.0,0.5,0.9,5.4,5.4,5.4,5.4,1.0,0.0,22.0,0.0,0.5,0.9,30.0,30.0,30.0,30.0,1.0,0.0,22.0,0.0,0.5,0.9,30.0,30.0,30.0,30.0,1.0,0.0,22.0,0.0,0.5,0.9
1974,2,309.0,-33.0,23.06,23.5,25.49,24.22,5.0,1.56,18.0,0.0,0.5,0.7,21.8,22.0,24.41,23.06,5.0,2.01,18.0,0.0,0.5,0.7,13.62,14.36,17.84,15.67,4.0,3.48,18.0,0.0,0.5,0.7,80.3,87.6,92.4,86.4,4.0,8.9,18.0,0.0,0.7,3.42,4.1,6.54,4.9,5.0,1.99,18.0,0.0,0.5,0.7,-4.74,-1.06,-0.18,-2.3,5.0,3.3,18.0,0.0,0.5,0.7,-3.08,-2.64,3.79,-0.12,5.0,4.06,18.0,0.0,0.5,0.7,1009.69,1011.3,1014.44,1011.96,5.0,2.82,18.0,0.0,0.5,0.7,6.3,7.0,7.7,7.0,3.0,1.0,16.0,0.0,0.6,0.8,-30.1,-5.6,-0.5,-15.5,5.0,25.7,18.0,0.0,0.5,0.7,-11.3,-9.0,25.6,4.4,5.0,20.9,18.0,0.0,0.5,0.7,0.09,1.2,2.05,1.16,5.0,1.23,18.0,0.0,0.5,0.7,0.3,3.7,12.2,6.7,5.0,10.0,18.0,0.0,0.5,0.7,2.24,3.47,4.01,3.14,4.0,1.41,18.0,0.0,0.5,0.7,7.5,11.6,19.4,13.4,4.0,8.7,18.0,0.0,0.5,0.7,-112.7,-23.1,-4.7,-53.2,5.0,73.2,18.0,0.0,0.5,0.7,-71.5,-63.5,85.4,-3.6,5.0,93.4,18.0,0.0,0.5,0.7,-41.4,-14.0,3.2,-18.9,4.0,34.5,18.0,0.0,0.5,0.7,-52.2,-45.3,19.0,-17.9,4.0,61.4,18.0,0.0,0.5,0.7,-4.0,-3.6,0.5,-1.8,4.0,4.1,18.0,0.0,0.5,0.7,-11.0,-6.5,11.7,0.0,4.0,17.1,18.0,0.0,0.5,0.7,40.5,69.0,304.5,168.5,5.0,201.5,18.0,0.0,0.5,0.7,40.0,70.0,305.0,170.0,5.0,200.0,18.0,0.0,0.5,0.7
1974,2,309.0,-32.0,23.0,24.0,24.98,23.87,21.0,1.22,16.0,0.5,0.4,0.7,21.25,23.2,24.77,23.01,21.0,1.76,16.0,0.5,0.5,0.7,11.95,13.41,15.04,13.59,17.0,2.04,18.0,0.5,0.5,0.7,67.8,76.3,85.9,77.7,17.0,9.1,18.0,0.5,0.7,4.1,6.7,7.7,6.61,22.0,2.45,16.0,0.5,0.5,0.7,-7.29,-5.2,-2.42,-4.89,22.0,2.54,16.0,0.5,0.5,0.7,-6.48,-1.21,2.86,-1.65,22.0,4.17,16.0,0.5,0.5,0.7,1010.7,1012.95,1016.0,1013.26,22.0,2.67,16.0,0.5,0.5,0.7,4.0,7.0,8.0,5.9,20.0,2.5,16.0,0.6,0.5,0.7,-59.0,-36.1,-10.8,-36.9,22.0,26.6,16.0,0.5,0.5,0.7,-47.8,-8.5,13.5,-17.6,22.0,37.6,16.0,0.5,0.5,0.7,-0.69,1.0,2.3,0.88,20.0,2.06,16.0,0.5,0.4,0.7,-4.6,5.4,14.4,6.1,20.0,11.8,16.0,0.5,0.4,0.7,2.83,4.31,6.91,4.65,16.0,2.43,18.0,0.4,0.4,0.7,19.9,35.1,47.0,31.6,16.0,15.3,18.0,0.4,0.4,0.7,-154.7,-122.1,-60.4,-111.5,21.0,58.9,16.0,0.5,0.5,0.7,-161.8,-21.5,65.0,-38.1,21.0,100.9,16.0,0.5,0.5,0.7,-103.4,-74.4,-39.5,-74.8,17.0,31.8,18.0,0.5,0.5,0.7,-73.7,-13.0,35.4,-19.8,17.0,52.6,18.0,0.5,0.5,0.7,-40.1,-27.1,-10.0,-26.8,16.0,15.5,18.0,0.4,0.4,0.7,-16.6,-1.2,18.7,-0.7,16.0,17.2,18.0,0.4,0.4,0.7,69.0,301.0,456.5,408.5,22.0,473.5,16.0,0.5,0.5,0.7,70.0,300.0,455.0,410.0,22.0,475.0,16.0,0.5,0.5,0.7
1974,2,309.0,-31.0,22.06,24.0,24.39,23.23,14.0,1.74,16.0,0.6,0.8,0.4,22.63,24.0,24.97,23.79,14.0,1.62,16.0,0.6,0.8,0.4,11.65,14.69,16.33,14.3,12.0,2.39,16.0,0.6,0.8,0.4,70.5,79.5,85.5,78.3,12.0,9.0,16.0,0.6,0.4,2.63,4.6,9.23,5.36,14.0,2.93,16.0,0.6,0.8,0.4,-7.99,-3.76,-1.4,-4.73,14.0,2.87,16.0,0.6,0.8,0.4,-2.3,-1.03,1.64,-0.95,14.0,2.51,16.0,0.6,0.8,0.4,1012.08,1016.2,1017.0,1014.72,14.0,3.06,16.0,0.6,0.8,0.4,1.8,5.0,8.0,4.7,13.0,3.0,16.0,0.6,0.8,0.4,-73.9,-17.3,-3.7,-33.1,14.0,32.9,16.0,0.6,0.8,0.4,-15.1,-3.4,12.7,-5.1,14.0,20.5,16.0,0.6,0.8,0.4,-1.96,0.0,1.0,-0.56,14.0,2.31,16.0,0.6,0.8,0.4,-6.0,0.0,8.9,0.4,14.0,9.5,16.0,0.6,0.8,0.4,1.55,3.29,7.09,3.78,12.0,2.56,16.0,0.6,0.8,0.4,7.8,25.4,37.3,24.0,12.0,17.7,16.0,0.6,0.8,0.4,-180.3,-92.1,-36.1,-109.5,14.0,61.2,16.0,0.6,0.8,0.4,-58.4,-25.3,32.5,-24.2,14.0,57.4,16.0,0.6,0.8,0.4,-111.2,-69.7,-42.3,-74.3,12.0,36.5,16.0,0.6,0.8,0.4,-41.0,-15.8,24.4,-14.0,12.0,36.4,16.0,0.6,0.8,0.4,-30.6,-23.6,-7.6,-21.3,12.0,15.0,16.0,0.6,0.8,0.4,-13.5,-1.6,9.1,-0.9,12.0,14.9,16.0,0.6,0.8,0.4,18.5,97.5,788.5,292.0,14.0,367.0,16.0,0.6,0.8,0.4,20.0,95.0,790.0,290.0,14.0,365.0,16.0,0.6,0.8,0.4
1974,2,309.0,4.0,26.23,26.95,28.16,26.99,8.0,1.12,18.0,0.5,0.6,0.8,25.95,26.2,26.72,26.24,7.0,0.69,20.0,0.4,0.6,0.8,15.94,16.99,17.58,16.72,6.0,1.07,18.0,0.5,0.6,0.7,74.7,79.5,83.0,78.3,6.0,5.6,18.0,0.5,0.7,7.76,9.5,12.9,10.04,8.0,2.58,18.0,0.5,0.6,0.8,-7.41,-6.09,-3.61,-5.76,8.0,2.4,18.0,0.5,0.6,0.8,-11.01,-6.78,-4.97,-7.69,8.0,3.22,18.0,0.5,0.6,0.8,1009.82,1010.45,1010.94,1010.04,8.0,1.3,18.0,0.5,0.6,0.8,3.0,6.0,7.9,5.3,8.0,2.6,18.0,0.5,0.6,0.8,-81.2,-48.5,-29.7,-58.4,8.0,33.6,18.0,0.5,0.6,0.8,-140.0,-71.5,-37.9,-83.5,8.0,52.3,18.0,0.5,0.6,0.8,-0.11,1.0,1.7,0.57,7.0,1.38,20.0,0.4,0.6,0.8,-0.9,6.7,22.0,6.9,7.0,14.0,20.0,0.4,0.6,0.8,4.36,6.15,6.68,5.52,6.0,1.74,18.0,0.5,0.6,0.7,33.8,59.5,86.2,58.5,6.0,29.3,18.0,0.5,0.6,0.7,-176.5,-147.5,-90.0,-145.0,7.0,66.4,20.0,0.4,0.6,0.8,-299.9,-219.7,-134.0,-214.7,7.0,83.5,20.0,0.4,0.6,0.8,-123.6,-96.6,-63.5,-97.8,6.0,45.0,18.0,0.5,0.6,0.7,-178.6,-119.3,-82.7,-132.2,6.0,56.9,18.0,0.5,0.6,0.7,-49.3,-28.3,-14.1,-32.4,6.0,19.9,18.0,0.5,0.6,0.7,-75.5,-43.8,-21.7,-46.2,6.0,27.4,18.0,0.5,0.6,0.7,467.0,875.5,2146.5,1187.5,8.0,826.0,18.0,0.5,0.6,0.8,465.0,875.0,2145.0,1185.0,8.0,825.0,18.0,0.5,0.6,0.8
1974,2,309.0,5.0,26.33,26.6,26.87,26.6,2.0,0.57,26.0,0.0,0.6,0.3,25.5,25.7,25.9,25.7,2.0,0.42,26.0,0.0,0.6,0.3,16.84,17.52,18.21,17.52,2.0,1.42,26.0,0.0,0.6,0.3,82.5,84.8,87.1,84.8,2.0,4.8,26.0,0.0,0.3,6.86,7.2,7.54,7.2,2.0,0.71,26.0,0.0,0.6,0.3,-6.23,-6.1,-5.96,-6.1,2.0,0.28,26.0,0.0,0.6,0.3,-4.53,-3.62,-2.71,-3.62,2.0,1.88,26.0,0.0,0.6,0.3,1010.21,1010.65,1011.09,1010.65,2.0,0.92,26.0,0.0,0.6,0.3,2.0,2.0,2.0,2.0,2.0,0.0,26.0,0.0,0.6,0.3,-44.9,-43.8,-42.7,-43.8,2.0,2.3,26.0,0.0,0.6,0.3,-34.5,-26.7,-19.0,-26.7,2.0,16.1,26.0,0.0,0.6,0.3,0.83,0.9,0.97,0.9,2.0,0.14,26.0,0.0,0.6,0.3,6.2,6.4,6.6,6.4,2.0,0.4,26.0,0.0,0.6,0.3,3.96,4.3,4.65,4.3,2.0,0.71,26.0,0.0,0.6,0.3,27.3,31.2,35.2,31.2,2.0,8.1,26.0,0.0,0.6,0.3,-161.5,-156.8,-152.0,-156.8,2.0,9.8,26.0,0.0,0.6,0.3,-115.2,-92.6,-70.1,-92.6,2.0,46.8,26.0,0.0,0.6,0.3,-113.6,-107.0,-100.5,-107.0,2.0,13.6,26.0,0.0,0.6,0.3,-75.5,-62.1,-48.7,-62.1,2.0,27.8,26.0,0.0,0.6,0.3,-27.6,-26.1,-24.7,-26.1,2.0,3.1,26.0,0.0,0.6,0.3,-21.4,-16.2,-11.1,-16.2,2.0,10.6,26.0,0.0,0.6,0.3,325.5,378.5,432.0,378.5,2.0,110.0,26.0,0.0,0.6,0.3,325.0,380.0,430.0,380.0,2.0,110.0,26.0,0.0,0.6,0.3
1974,2,309.0,6.0,26.8,26.8,28.34,27.44,7.0,0.93,20.0,0.9,0.5,0.7,25.68,26.1,26.15,26.07,7.0,0.58,20.0,0.9,0.5,0.7,15.04,16.19,17.32,16.18,4.0,1.39,18.0,1.0,0.3,0.6,71.2,75.9,80.2,75.7,4.0,5.6,18.0,1.0,0.6,7.02,10.0,10.11,8.62,5.0,2.6,20.0,0.8,0.4,0.7,-8.46,-5.59,-4.42,-6.28,5.0,2.56,20.0,0.8,0.4,0.7,-7.49,-6.43,-2.31,-5.28,5.0,3.0,20.0,0.8,0.4,0.7,1008.38,1010.2,1013.52,1010.68,5.0,2.99,20.0,0.8,0.4,0.7,3.0,5.0,6.0,4.7,7.0,1.8,20.0,0.9,0.5,0.7,-84.6,-53.0,-35.6,-57.9,5.0,32.1,20.0,0.8,0.4,0.7,-74.4,-58.0,-15.0,-48.5,5.0,34.0,20.0,0.8,0.4,0.7,0.68,0.7,2.66,1.37,7.0,1.31,20.0,0.9,0.5,0.7,4.3,7.0,30.9,15.8,5.0,15.8,20.0,0.8,0.4,0.7,5.95,6.89,7.37,6.67,4.0,0.94,18.0,1.0,0.3,0.6,38.8,65.7,74.7,57.2,4.0,24.8,18.0,1.0,0.3,0.6,-217.9,-146.0,-115.2,-162.6,5.0,63.3,20.0,0.8,0.4,0.7,-194.1,-167.8,-61.5,-137.3,5.0,77.1,20.0,0.8,0.4,0.7,-99.9,-86.8,-70.5,-85.3,4.0,23.0,18.0,1.0,0.3,0.6,-128.1,-98.6,-69.1,-98.6,4.0,42.5,18.0,1.0,0.3,0.6,-47.8,-36.9,-26.4,-37.1,4.0,16.6,18.0,1.0,0.3,0.6,-56.7,-46.1,-28.3,-42.6,4.0,20.9,18.0,1.0,0.3,0.6,443.0,1000.0,1034.0,764.0,5.0,422.5,20.0,0.8,0.4,0.7,445.0,1000.0,1035.0,765.0,5.0,420.0,20.0,0.8,0.4,0.7
1974,2,309.0,7.0,25.92,26.5,27.37,26.63,6.0,0.88,10.0,0.5,0.7,0.7,25.59,26.0,27.01,26.24,7.0,0.71,12.0,0.6,0.8,0.6,16.03,16.21,16.87,16.52,6.0,0.95,10.0,0.5,0.7,0.7,76.3,78.6,80.7,78.2,6.0,5.1,10.0,0.5,0.7,6.58,9.3,10.4,8.74,7.0,2.65,12.0,0.6,0.8,0.6,-9.88,-7.89,-6.15,-7.85,7.0,2.68,12.0,0.6,0.8,0.6,-4.46,-3.18,-2.18,-3.33,7.0,2.05,12.0,0.6,0.8,0.6,1009.67,1011.0,1012.57,1011.3,7.0,1.76,12.0,0.6,0.8,0.6,2.0,4.0,5.1,3.9,7.0,2.3,12.0,0.6,0.8,0.6,-98.2,-81.3,-40.8,-74.5,7.0,40.9,12.0,0.6,0.8,0.6,-52.5,-29.6,-10.3,-30.5,7.0,24.1,12.0,0.6,0.8,0.6,-0.11,0.6,1.44,0.52,6.0,1.25,10.0,0.5,0.7,0.7,-1.2,6.8,8.3,2.9,6.0,9.4,10.0,0.5,0.7,0.7,4.6,5.08,6.5,5.36,6.0,1.24,10.0,0.5,0.7,0.7,31.3,43.7,55.1,43.9,6.0,12.2,10.0,0.5,0.7,0.7,-266.0,-202.0,-159.2,-206.2,7.0,70.1,12.0,0.6,0.8,0.6,-117.9,-86.8,-56.5,-86.6,7.0,52.7,12.0,0.6,0.8,0.6,-148.5,-132.2,-92.1,-124.0,6.0,44.7,10.0,0.5,0.7,0.7,-85.5,-58.9,-42.2,-64.2,6.0,26.1,10.0,0.5,0.7,0.7,-45.5,-40.4,-26.5,-38.4,6.0,12.3,10.0,0.5,0.7,0.7,-23.7,-17.4,-15.2,-20.0,6.0,7.5,10.0,0.5,0.7,0.7,289.5,804.5,1129.5,818.0,7.0,582.0,12.0,0.6,0.8,0.6,290.0,805.0,1130.0,820.0,7.0,580.0,12.0,0.6,0.8,0.6
1974,2,309.0,8.0,25.92,26.35,27.21,26.55,6.0,0.86,10.0,0.7,0.5,0.3,25.44,25.6,27.21,26.15,6.0,1.1,10.0,0.7,0.5,0.3,14.64,15.2,15.69,15.23,5.0,0.7,12.0,0.6,0.5,0.3,70.5,74.3,76.8,73.6,5.0,5.1,12.0,0.6,0.3,8.79,10.3,11.67,10.12,5.0,2.11,10.0,0.8,0.4,0.3,-10.13,-9.42,-5.14,-8.03,5.0,2.68,10.0,0.8,0.4,0.3,-8.28,-4.31,-3.09,-5.35,5.0,2.98,10.0,0.8,0.4,0.3,1008.29,1010.9,1011.71,1010.3,6.0,1.91,10.0,0.7,0.5,0.3,2.4,4.5,7.0,4.3,6.0,2.7,10.0,0.7,0.5,0.3,-117.4,-98.5,-46.2,-84.4,5.0,38.5,10.0,0.8,0.4,0.3,-93.8,-43.7,-24.7,-55.8,5.0,36.6,10.0,0.8,0.4,0.3,-0.21,0.25,1.24,0.4,6.0,0.97,10.0,0.7,0.5,0.3,-2.4,0.0,10.4,3.5,5.0,9.5,10.0,0.8,0.4,0.3,5.33,6.49,6.93,6.17,5.0,1.24,12.0,0.6,0.5,0.3,47.7,59.8,73.4,60.5,4.0,15.7,12.0,0.8,0.5,0.3,-273.3,-241.2,-135.4,-211.4,5.0,71.8,10.0,0.8,0.4,0.3,-210.6,-116.3,-80.6,-138.2,5.0,73.6,10.0,0.8,0.4,0.3,-157.9,-114.8,-75.2,-116.5,4.0,47.7,12.0,0.8,0.5,0.3,-130.1,-96.1,-60.7,-95.4,4.0,40.0,12.0,0.8,0.5,0.3,-52.2,-39.9,-36.3,-44.0,4.0,13.1,12.0,0.8,0.5,0.3,-51.9,-30.8,-25.3,-38.3,4.0,20.6,12.0,0.8,0.5,0.3,744.5,1092.5,1595.5,1139.5,5.0,578.5,10.0,0.8,0.4,0.3,745.0,1095.0,1595.0,1140.0,5.0,580.0,10.0,0.8,0.4,0.3
1974,2,309.0,9.0,25.78,27.0,27.87,26.84,5.0,1.13,10.0,0.6,0.5,0.6,25.95,26.0,26.73,26.2,7.0,0.75,12.0,0.6,0.6,0.6,16.72,17.53,18.14,17.34,6.0,2.09,14.0,0.5,0.6,0.6,75.8,82.3,85.3,81.2,6.0,7.4,14.0,0.5,0.6,6.19,8.2,8.76,7.79,7.0,1.42,12.0,0.6,0.6,0.6,-8.22,-7.66,-5.82,-7.31,7.0,1.19,12.0,0.6,0.6,0.6,-2.33,-1.42,0.06,-1.54,7.0,2.48,12.0,0.6,0.6,0.6,1009.9,1012.3,1012.7,1011.3,7.0,1.79,12.0,0.6,0.6,0.6,1.9,3.0,3.2,3.1,7.0,2.4,12.0,0.6,0.6,0.6,-75.7,-66.2,-36.0,-58.1,7.0,17.9,12.0,0.6,0.6,0.6,-15.6,-11.7,0.4,-13.2,7.0,24.0,12.0,0.6,0.6,0.6,0.32,0.5,0.85,0.56,5.0,0.4,10.0,0.6,0.5,0.6,2.8,5.0,6.5,4.6,5.0,2.9,10.0,0.6,0.5,0.6,4.0,5.49,6.4,5.21,4.0,1.51,10.0,0.5,0.4,0.6,32.2,46.2,58.7,45.5,4.0,17.8,10.0,0.5,0.4,0.6,-224.2,-190.7,-151.2,-191.8,7.0,33.0,12.0,0.6,0.6,0.6,-60.1,-37.0,1.6,-38.9,7.0,62.5,12.0,0.6,0.6,0.6,-145.8,-124.0,-101.4,-124.3,6.0,24.9,14.0,0.5,0.6,0.6,-47.6,-18.0,5.2,-22.6,6.0,39.9,14.0,0.5,0.6,0.6,-50.6,-46.2,-32.0,-41.5,4.0,13.0,10.0,0.5,0.4,0.6,-22.2,0.0,2.1,-9.6,4.0,22.0,10.0,0.5,0.4,0.6,237.5,551.5,675.0,512.5,7.0,272.0,12.0,0.6,0.6,0.6,235.0,550.0,675.0,515.0,7.0,270.0,12.0,0.6,0.6,0.6
1974,2,309.0,10.0,25.15,25.3,25.83,25.46,12.0,0.43,20.0,0.7,0.6,0.3,24.85,25.0,25.52,25.06,13.0,0.48,20.0,0.6,0.6,0.3,13.77,14.68,15.25,14.59,10.0,0.65,18.0,0.5,0.6,0.3,70.1,73.8,77.6,73.9,10.0,4.5,18.0,0.5,0.3,5.79,8.7,10.46,8.26,10.0,2.44,18.0,0.5,0.6,0.3,-9.38,-7.87,-5.13,-7.43,10.0,2.24,18.0,0.5,0.6,0.3,-5.99,-1.81,-1.27,-2.96,10.0,2.38,18.0,0.5,0.6,0.3,1011.89,1012.45,1014.04,1012.46,10.0,1.79,18.0,0.5,0.6,0.3,2.0,6.0,7.0,5.0,13.0,2.2,20.0,0.6,0.6,0.3,-98.0,-70.4,-32.9,-65.7,10.0,33.2,18.0,0.5,0.6,0.3,-58.2,-16.7,-8.3,-27.7,10.0,24.2,18.0,0.5,0.6,0.3,-0.18,0.4,0.98,0.39,12.0,0.67,20.0,0.7,0.6,0.3,0.5,4.4,6.1,3.0,9.0,4.5,18.0,0.6,0.6,0.3,5.25,6.05,6.41,5.87,9.0,0.61,18.0,0.6,0.6,0.3,32.8,52.6,63.3,47.4,9.0,16.3,18.0,0.6,0.6,0.3,-237.6,-198.7,-130.2,-186.3,10.0,57.3,18.0,0.5,0.6,0.3,-151.3,-45.5,-31.8,-74.7,10.0,60.4,18.0,0.5,0.6,0.3,-128.0,-115.3,-77.6,-107.4,10.0,29.9,18.0,0.5,0.6,0.3,-85.0,-27.1,-18.9,-42.7,10.0,34.2,18.0,0.5,0.6,0.3,-58.2,-41.9,-31.0,-42.0,9.0,14.5,18.0,0.6,0.6,0.3,-34.6,-10.9,-6.5,-18.4,9.0,14.7,18.0,0.6,0.6,0.3,204.5,658.5,1148.5,687.0,10.0,439.5,18.0,0.5,0.6,0.3,205.0,660.0,1150.0,685.0,10.0,440.0,18.0,0.5,0.6,0.3
1974,2,309.0,11.0,25.0,25.2,25.57,25.32,5.0,0.5,20.0,0.4,0.6,0.3,23.86,24.8,25.24,24.66,5.0,0.89,20.0,0.4,0.6,0.3,13.64,14.63,15.15,14.41,4.0,1.14,20.0,0.5,0.5,0.3,68.0,74.8,81.9,75.0,4.0,8.4,20.0,0.5,0.3,8.99,10.15,11.42,10.2,4.0,1.44,20.0,0.5,0.5,0.3,-9.89,-8.85,-8.11,-8.99,4.0,1.05,20.0,0.5,0.5,0.3,-5.71,-5.07,-3.77,-4.76,4.0,1.3,20.0,0.5,0.5,0.3,1013.0,1013.4,1014.53,1013.75,4.0,1.04,20.0,0.5,0.5,0.3,1.9,3.0,8.0,4.4,5.0,3.5,20.0,0.4,0.6,0.3,-113.1,-89.8,-72.9,-92.9,4.0,23.8,20.0,0.5,0.5,0.3,-65.3,-51.9,-34.2,-49.8,4.0,19.3,20.0,0.5,0.5,0.3,-0.11,0.4,1.57,0.66,5.0,1.24,20.0,0.4,0.6,0.3,-2.5,8.7,17.9,7.8,4.0,13.2,20.0,0.5,0.5,0.3,4.6,5.88,6.97,5.79,4.0,1.41,20.0,0.5,0.5,0.3,46.5,55.9,71.2,58.7,4.0,15.7,20.0,0.5,0.5,0.3,-240.4,-224.4,-201.6,-221.2,4.0,23.8,20.0,0.5,0.5,0.3,-138.8,-123.5,-93.2,-116.4,4.0,29.2,20.0,0.5,0.5,0.3,-141.4,-121.2,-118.6,-129.6,4.0,19.6,20.0,0.5,0.5,0.3,-81.6,-69.1,-55.1,-68.4,4.0,19.6,20.0,0.5,0.5,0.3,-61.6,-48.5,-42.0,-51.7,4.0,12.6,20.0,0.5,0.5,0.3,-35.6,-28.0,-19.6,-27.6,4.0,10.4,20.0,0.5,0.5,0.3,728.0,1067.5,1494.5,1109.0,4.0,458.5,20.0,0.5,0.5,0.3,730.0,1070.0,1495.0,1110.0,4.0,460.0,20.0,0.5,0.5,0.3
1974,2,309.0,12.0,25.16,25.85,27.0,25.98,6.0,0.93,14.0,0.7,0.5,0.4,24.51,25.5,26.0,25.2,6.0,1.04,14.0,0.7,0.5,0.4,13.87,14.43,16.16,14.72,6.0,1.25,14.0,0.7,0.5,0.4,66.4,73.6,79.9,74.1,6.0,9.5,14.0,0.7,0.4,7.46,8.75,10.71,8.82,6.0,2.57,14.0,0.7,0.5,0.4,-9.21,-7.8,-7.06,-7.75,6.0,1.72,14.0,0.7,0.5,0.4,-6.89,-2.21,0.58,-2.69,6.0,4.03,14.0,0.7,0.5,0.4,1011.94,1013.1,1014.06,1013.03,6.0,2.05,14.0,0.7,0.5,0.4,4.6,5.0,6.2,5.2,6.0,1.3,14.0,0.7,0.5,0.4,-91.5,-72.2,-54.5,-71.6,6.0,31.4,14.0,0.7,0.5,0.4,-74.2,-19.0,4.7,-30.1,6.0,44.6,14.0,0.7,0.5,0.4,0.17,1.0,1.44,0.78,6.0,0.84,14.0,0.7,0.5,0.4,1.8,6.4,15.5,7.5,6.0,8.9,14.0,0.7,0.5,0.4,4.94,6.59,7.58,6.29,6.0,1.66,14.0,0.7,0.5,0.4,41.1,53.5,69.3,53.9,6.0,17.2,14.0,0.7,0.5,0.4,-221.9,-200.3,-181.2,-194.2,6.0,38.5,14.0,0.7,0.5,0.4,-169.5,-56.5,15.1,-65.1,6.0,98.4,14.0,0.7,0.5,0.4,-138.5,-110.1,-95.0,-113.7,6.0,27.1,14.0,0.7,0.5,0.4,-100.4,-31.7,7.5,-41.3,6.0,60.4,14.0,0.7,0.5,0.4,-59.5,-51.4,-32.8,-47.8,6.0,14.0,14.0,0.7,0.5,0.4,-32.8,-15.8,4.1,-14.9,6.0,24.0,14.0,0.7,0.5,0.4,457.5,678.0,1251.5,826.5,6.0,604.0,14.0,0.7,0.5,0.4,460.0,680.0,1250.0,825.0,6.0,605.0,14.0,0.7,0.5,0.4
1974,2,309.0,13.0,27.0,27.0,27.0,27.0,1.0,0.0,6.0,1.0,0.9,0.8,26.2,26.2,26.2,26.2,1.0,0.0,6.0,1.0,0.9,0.8,16.19,16.19,16.19,16.19,1.0,0.0,6.0,1.0,0.9,0.8,76.3,76.3,76.3,76.3,1.0,0.0,6.0,1.0,0.8,5.7,5.7,5.7,5.7,1.0,0.0,6.0,1.0,0.9,0.8,-5.7,-5.7,-5.7,-5.7,1.0,0.0,6.0,1.0,0.9,0.8,0.0,0.0,0.0,0.0,1.0,0.0,6.0,1.0,0.9,0.8,1011.2,1011.2,1011.2,1011.2,1.0,0.0,6.0,1.0,0.9,0.8,5.0,5.0,5.0,5.0,1.0,0.0,6.0,1.0,0.9,0.8,-32.5,-32.5,-32.5,-32.5,1.0,0.0,6.0,1.0,0.9,0.8,0.0,0.0,0.0,0.0,1.0,0.0,6.0,1.0,0.9,0.8,0.8,0.8,0.8,0.8,1.0,0.0,6.0,1.0,0.9,0.8,4.6,4.6,4.6,4.6,1.0,0.0,6.0,1.0,0.9,0.8,6.14,6.14,6.14,6.14,1.0,0.0,6.0,1.0,0.9,0.8,35.0,35.0,35.0,35.0,1.0,0.0,6.0,1.0,0.9,0.8,-149.3,-149.3,-149.3,-149.3,1.0,0.0,6.0,1.0,0.9,0.8,0.0,0.0,0.0,0.0,1.0,0.0,6.0,1.0,0.9,0.8,-92.3,-92.3,-92.3,-92.3,1.0,0.0,6.0,1.0,0.9,0.8,0.0,0.0,0.0,0.0,1.0,0.0,6.0,1.0,0.9,0.8,-35.0,-35.0,-35.0,-35.0,1.0,0.0,6.0,1.0,0.9,0.8,0.0,0.0,0.0,0.0,1.0,0.0,6.0,1.0,0.9,0.8,185.0,185.0,185.0,185.0,1.0,0.0,6.0,1.0,0.9,0.8,185.0,185.0,185.0,185.0,1.0,0.0,6.0,1.0,0.9,0.8
1974,2,309.0,14.0,24.4,24.4,24.67,24.53,3.0,0.23,6.0,0.7,0.8,0.6,24.59,25.0,26.5,25.53,3.0,1.47,14.0,0.7,0.6,0.6,14.26,15.81,17.37,15.81,2.0,3.21,8.0,0.5,0.8,0.6,72.8,75.8,78.8,75.8,2.0,6.2,8.0,0.5,0.6,7.1,9.8,11.35,9.25,4.0,3.03,12.0,0.8,0.7,0.6,-9.8,-9.36,-7.06,-8.47,4.0,2.33,12.0,0.8,0.7,0.6,-4.56,-0.44,0.94,-1.75,4.0,4.25,12.0,0.8,0.7,0.6,1012.15,1014.2,1014.88,1013.53,3.0,2.08,6.0,0.7,0.8,0.6,5.5,6.0,7.0,6.3,4.0,1.3,12.0,0.8,0.7,0.6,-110.5,-95.5,-54.6,-83.1,4.0,40.2,12.0,0.8,0.7,0.6,-53.1,-2.3,9.7,-20.8,4.0,51.9,12.0,0.8,0.7,0.6,-2.36,-1.4,-0.44,-1.4,2.0,1.98,8.0,0.5,0.8,0.6,-24.3,-14.4,-4.6,-14.4,2.0,20.4,8.0,0.5,0.8,0.6,1.73,3.25,4.78,3.25,2.0,3.16,8.0,0.5,0.8,0.6,16.9,30.7,44.6,30.7,2.0,28.7,8.0,0.5,0.8,0.6,-263.1,-235.6,-229.7,-246.1,3.0,26.1,14.0,0.7,0.6,0.6,-134.9,0.0,33.2,-49.7,3.0,130.4,14.0,0.7,0.6,0.6,-174.3,-154.7,-135.1,-154.7,2.0,40.7,8.0,0.5,0.8,0.6,5.1,16.2,27.2,16.2,2.0,22.9,8.0,0.5,0.8,0.6,-44.6,-30.7,-16.8,-30.7,2.0,28.8,8.0,0.5,0.8,0.6,0.3,0.9,1.5,0.9,2.0,1.3,8.0,0.5,0.8,0.6,452.5,948.5,1495.0,972.5,4.0,716.0,12.0,0.8,0.7,0.6,450.0,950.0,1495.0,975.0,4.0,715.0,12.0,0.8,0.7,0.6
1974,2,309.0,15.0,25.1,25.45,26.9,25.98,4.0,1.38,26.0,0.5,0.5,0.7,23.71,24.55,25.86,24.78,4.0,1.65,26.0,0.5,0.5,0.7,12.76,13.27,14.26,13.51,3.0,1.12,24.0,0.3,0.5,0.6,65.5,67.6,77.3,71.2,4.0,8.9,26.0,0.5,0.7,8.68,10.8,11.3,10.03,4.0,1.94,26.0,0.5,0.5,0.7,-10.58,-9.73,-7.87,-9.25,4.0,2.14,26.0,0.5,0.5,0.7,-4.67,-3.56,-1.68,-3.19,4.0,2.35,26.0,0.5,0.5,0.7,1014.48,1016.6,1017.15,1015.83,3.0,2.06,24.0,0.3,0.5,0.6,2.0,3.0,5.1,3.5,4.0,2.5,26.0,0.5,0.5,0.7,-119.5,-105.1,-71.0,-95.7,4.0,35.8,26.0,0.5,0.5,0.7,-50.7,-31.1,-12.3,-31.5,4.0,26.4,26.0,0.5,0.5,0.7,0.84,1.05,1.57,1.2,4.0,0.56,26.0,0.5,0.5,0.7,7.9,9.6,16.2,11.9,4.0,6.0,26.0,0.5,0.5,0.7,5.56,6.67,7.59,6.58,3.0,1.49,24.0,0.3,0.5,0.6,53.8,57.7,69.8,61.7,3.0,12.2,24.0,0.3,0.5,0.6,-274.0,-231.2,-186.3,-230.2,4.0,62.3,26.0,0.5,0.5,0.7,-114.7,-84.8,-38.6,-77.0,4.0,57.3,26.0,0.5,0.5,0.7,-138.5,-129.9,-94.5,-116.8,3.0,34.1,24.0,0.3,0.5,0.6,-67.6,-51.9,-47.2,-57.3,3.0,15.7,24.0,0.3,0.5,0.6,-60.4,-50.0,-49.2,-54.7,3.0,9.2,24.0,0.3,0.5,0.6,-34.9,-28.8,-21.3,-28.1,3.0,10.0,24.0,0.3,0.5,0.6,716.0,1268.0,1443.0,1088.0,4.0,504.0,26.0,0.5,0.5,0.7,715.0,1270.0,1445.0,1090.0,4.0,505.0,26.0,0.5,0.5,0.7
1974,2,309.0,16.0,23.93,25.1,25.27,24.74,7.0,1.28,10.0,0.9,0.4,0.6,24.38,24.5,25.54,24.86,7.0,0.82,10.0,0.9,0.4,0.6,12.95,14.72,16.53,14.91,7.0,1.96,10.0,0.9,0.4,0.6,68.2,73.2,85.2,76.2,7.0,8.4,10.0,0.9,0.6,6.66,7.7,10.71,8.3,6.0,2.69,10.0,0.8,0.4,0.6,-10.18,-7.64,-6.19,-7.97,6.0,2.76,10.0,0.8,0.4,0.6,-2.68,-1.07,1.6,-0.73,6.0,2.33,10.0,0.8,0.4,0.6,1013.44,1014.5,1015.04,1014.3,7.0,1.18,10.0,0.9,0.4,0.6,2.0,5.0,5.1,4.3,7.0,2.3,10.0,0.9,0.4,0.6,-109.9,-59.0,-42.4,-72.3,6.0,46.0,10.0,0.8,0.4,0.6,-28.3,-8.9,10.8,-9.7,6.0,20.0,10.0,0.8,0.4,0.6,-1.61,0.7,1.25,-0.11,7.0,2.03,10.0,0.9,0.4,0.6,-16.9,3.5,8.9,-4.2,6.0,19.4,10.0,0.8,0.4,0.6,3.2,4.73,6.94,4.58,7.0,3.07,10.0,0.9,0.4,0.6,19.4,35.2,60.2,37.3,6.0,32.2,10.0,0.8,0.4,0.6,-263.8,-191.9,-149.0,-199.2,6.0,69.8,10.0,0.8,0.4,0.6,-66.1,-26.1,39.7,-18.8,6.0,58.6,10.0,0.8,0.4,0.6,-161.0,-104.7,-93.0,-116.9,6.0,43.3,10.0,0.8,0.4,0.6,-43.2,-13.8,21.0,-13.2,6.0,36.4,10.0,0.8,0.4,0.6,-59.2,-31.7,-19.6,-35.9,6.0,31.6,10.0,0.8,0.4,0.6,-12.3,2.3,11.1,0.9,6.0,12.5,10.0,0.8,0.4,0.6,316.5,462.5,1251.5,725.0,6.0,647.5,10.0,0.8,0.4,0.6,315.0,460.0,1250.0,725.0,6.0,650.0,10.0,0.8,0.4,0.6
1974,2,309.0,17.0,24.33,24.4,25.0,24.74,9.0,0.57,14.0,0.3,0.6,0.5,22.96,23.5,23.88,23.56,7.0,1.0,12.0,0.1,0.6,0.5,13.67,14.48,15.17,14.36,6.0,1.11,12.0,0.2,0.7,0.5,73.3,79.3,81.2,78.8,7.0,6.6,12.0,0.1,0.5,5.44,8.2,10.67,8.1,9.0,2.35,14.0,0.3,0.6,0.5,-10.5,-8.08,-5.11,-7.89,9.0,2.4,14.0,0.3,0.6,0.5,-1.92,0.0,1.53,-0.02,9.0,1.88,14.0,0.3,0.6,0.5,1015.01,1016.1,1017.86,1016.43,8.0,1.35,14.0,0.4,0.6,0.5,1.3,2.0,6.0,3.3,9.0,2.7,14.0,0.3,0.6,0.5,-112.1,-66.2,-29.5,-68.9,9.0,36.4,14.0,0.3,0.6,0.5,-14.8,0.0,10.5,-2.1,9.0,16.1,14.0,0.3,0.6,0.5,0.52,0.8,2.81,1.2,7.0,1.42,12.0,0.1,0.6,0.5,2.5,6.5,23.4,9.4,7.0,13.6,12.0,0.1,0.6,0.5,4.08,4.58,6.54,5.02,6.0,1.4,12.0,0.2,0.7,0.5,27.5,41.7,49.7,39.2,6.0,13.1,12.0,0.2,0.7,0.5,-257.9,-180.2,-101.6,-185.3,7.0,69.0,12.0,0.1,0.6,0.5,-61.4,0.0,37.0,-9.3,7.0,44.6,12.0,0.1,0.6,0.5,-159.1,-123.3,-60.8,-114.9,6.0,49.6,12.0,0.2,0.7,0.5,-40.2,0.0,20.2,-7.9,6.0,30.6,12.0,0.2,0.7,0.5,-49.0,-40.3,-25.9,-37.7,6.0,12.7,12.0,0.2,0.7,0.5,-16.8,0.0,7.4,-3.0,6.0,11.8,12.0,0.2,0.7,0.5,194.0,551.5,1214.5,647.0,9.0,453.5,14.0,0.3,0.6,0.5,195.0,550.0,1215.0,645.0,9.0,455.0,14.0,0.3,0.6,0.5
1974,2,309.0,18.0,24.0,24.35,24.73,24.47,6.0,0.59,16.0,0.5,0.3,0.4,22.98,24.4,24.84,23.85,6.0,1.49,16.0,0.5,0.3,0.4,12.74,13.32,14.08,13.37,6.0,0.95,16.0,0.5,0.3,0.4,67.3,70.4,77.4,73.5,6.0,11.4,16.0,0.5,0.4,5.0,6.7,11.11,7.7,6.0,3.13,16.0,0.5,0.3,0.4,-10.68,-6.65,-4.88,-7.35,6.0,2.77,16.0,0.5,0.3,0.4,-2.19,0.0,1.03,-0.81,6.0,2.78,16.0,0.5,0.3,0.4,1015.59,1016.95,1017.44,1016.53,6.0,1.41,16.0,0.5,0.3,0.4,2.0,3.5,7.0,4.2,6.0,2.3,16.0,0.5,0.3,0.4,-119.6,-44.5,-24.4,-63.7,6.0,47.8,16.0,0.5,0.3,0.4,-21.8,0.0,5.1,-11.9,6.0,31.6,16.0,0.5,0.3,0.4,-0.6,0.5,1.57,0.62,6.0,1.43,16.0,0.5,0.3,0.4,-3.0,3.4,17.9,8.2,6.0,15.4,16.0,0.5,0.3,0.4,4.5,5.63,6.64,5.72,6.0,1.59,16.0,0.5,0.3,0.4,25.8,40.7,55.7,44.6,6.0,24.6,16.0,0.5,0.3,0.4,-231.9,-159.3,-121.2,-173.1,6.0,59.6,16.0,0.5,0.3,0.4,-48.4,0.0,25.5,-15.9,6.0,59.9,16.0,0.5,0.3,0.4,-135.1,-86.3,-66.6,-97.9,6.0,37.6,16.0,0.5,0.3,0.4,-30.8,0.0,14.1,-12.0,6.0,40.6,16.0,0.5,0.3,0.4,-51.6,-39.9,-25.2,-43.2,6.0,25.0,16.0,0.5,0.3,0.4,-10.3,0.0,5.2,-3.0,6.0,11.0,16.0,0.5,0.3,0.4,125.5,301.0,1384.0,658.5,6.0,728.5,16.0,0.5,0.3,0.4,125.0,300.0,1385.0,660.0,6.0,730.0,16.0,0.5,0.3,0.4
1974,2,309.0,19.0,24.02,24.4,25.0,24.58,8.0,0.57,12.0,0.5,0.4,0.4,22.12,23.45,24.47,23.35,8.0,1.3,12.0,0.5,0.4,0.4,13.19,14.07,15.1,14.27,6.0,1.24,10.0,0.7,0.5,0.4,73.5,74.7,84.0,77.4,6.0,5.3,10.0,0.7,0.4,5.31,7.95,8.7,7.54,8.0,1.91,12.0,0.5,0.4,0.4,-8.53,-7.62,-5.14,-7.25,8.0,1.91,12.0,0.5,0.4,0.4,0.0,0.0,3.21,0.9,8.0,1.99,12.0,0.5,0.4,0.4,1016.18,1018.4,1019.04,1017.71,8.0,1.68,12.0,0.5,0.4,0.4,3.0,4.0,7.0,5.0,7.0,2.0,12.0,0.6,0.5,0.4,-73.7,-62.4,-27.5,-57.7,8.0,27.7,12.0,0.5,0.4,0.4,0.0,0.0,22.3,6.7,8.0,16.3,12.0,0.5,0.4,0.4,0.32,0.8,2.44,1.23,8.0,1.52,12.0,0.5,0.4,0.4,1.7,6.2,18.7,9.5,8.0,12.9,12.0,0.5,0.4,0.4,4.29,5.65,5.72,4.95,6.0,1.46,10.0,0.7,0.5,0.4,21.5,36.2,49.5,36.4,6.0,15.9,10.0,0.7,0.5,0.4,-212.7,-168.4,-119.3,-169.5,8.0,47.5,12.0,0.5,0.4,0.4,0.0,0.0,70.8,19.0,8.0,43.6,12.0,0.5,0.4,0.4,-137.2,-113.9,-65.6,-106.0,6.0,33.3,10.0,0.7,0.5,0.4,-5.1,0.0,2.4,-2.2,6.0,12.0,10.0,0.7,0.5,0.4,-49.5,-36.0,-21.4,-36.3,6.0,16.0,10.0,0.7,0.5,0.4,-0.6,0.0,1.0,0.3,6.0,2.6,10.0,0.7,0.5,0.4,156.0,504.0,658.5,499.0,8.0,322.5,12.0,0.5,0.4,0.4,155.0,505.0,660.0,500.0,8.0,320.0,12.0,0.5,0.4,0.4
1974,2,309.0,20.0,23.95,24.0,25.0,24.25,13.0,0.68,14.0,0.5,0.7,0.5,22.36,23.5,24.05,23.45,13.0,1.12,14.0,0.5,0.7,0.5,11.53,12.42,14.38,12.96,9.0,1.48,12.0,0.4,0.7,0.4,62.6,73.8,79.5,72.0,10.0,8.4,12.0,0.5,0.4,4.6,6.2,8.82,6.93,13.0,2.68,14.0,0.5,0.7,0.5,-8.35,-6.2,-4.51,-6.27,13.0,3.28,14.0,0.5,0.7,0.5,-2.67,-1.08,0.82,-1.13,13.0,2.11,14.0,0.5,0.7,0.5,1016.92,1018.9,1021.35,1018.68,12.0,2.97,16.0,0.4,0.7,0.5,1.0,3.0,6.1,3.5,13.0,2.1,14.0,0.5,0.7,0.5,-73.9,-38.4,-20.7,-50.9,13.0,39.2,14.0,0.5,0.7,0.5,-20.8,-6.7,3.4,-11.6,13.0,23.9,14.0,0.5,0.7,0.5,-0.55,1.0,1.64,0.81,13.0,1.53,14.0,0.5,0.7,0.5,-4.2,4.3,14.5,5.9,13.0,15.1,14.0,0.5,0.7,0.5,4.91,5.83,6.96,5.8,9.0,1.4,12.0,0.4,0.7,0.4,27.7,34.6,53.6,38.6,9.0,15.1,12.0,0.4,0.7,0.4,-197.4,-145.7,-107.2,-147.6,13.0,78.1,14.0,0.5,0.7,0.5,-65.0,-25.1,19.5,-26.0,13.0,47.6,14.0,0.5,0.7,0.5,-92.2,-83.2,-62.4,-81.1,9.0,19.8,12.0,0.4,0.7,0.4,-27.4,-15.1,0.0,-14.6,9.0,16.9,12.0,0.4,0.7,0.4,-51.0,-34.6,-26.3,-37.4,9.0,14.9,12.0,0.4,0.7,0.4,-14.1,-8.2,0.0,-7.2,9.0,7.3,12.0,0.4,0.7,0.4,97.5,238.5,691.0,481.5,13.0,582.0,14.0,0.5,0.7,0.5,95.0,240.0,690.0,480.0,13.0,580.0,14.0,0.5,0.7,0.5
1974,2,309.0,21.0,23.9,24.05,24.3,24.08,6.0,0.39,14.0,0.8,0.7,0.6,22.07,24.1,24.5,23.4,6.0,1.51,14.0,0.8,0.7,0.6,11.97,12.57,14.28,12.87,6.0,1.29,14.0,0.8,0.7,0.6,65.3,71.8,77.1,72.5,6.0,8.2,14.0,0.8,0.6,4.39,5.95,7.51,6.0,6.0,1.82,14.0,0.8,0.7,0.6,-6.78,-5.52,-3.49,-5.3,6.0,1.62,14.0,0.8,0.7,0.6,-0.59,1.15,3.5,1.33,6.0,2.83,14.0,0.8,0.7,0.6,1017.38,1018.15,1021.17,1019.3,6.0,2.97,14.0,0.8,0.7,0.6,3.8,5.0,7.0,5.2,6.0,1.7,14.0,0.8,0.7,0.6,-53.1,-33.0,-15.4,-34.0,6.0,18.6,14.0,0.8,0.7,0.6,-3.4,5.6,20.8,9.5,6.0,21.6,14.0,0.8,0.7,0.6,-0.3,0.2,1.53,0.68,6.0,1.33,14.0,0.8,0.7,0.6,-1.5,1.0,11.4,4.4,6.0,8.0,14.0,0.8,0.7,0.6,4.31,6.13,6.96,5.72,6.0,1.48,14.0,0.8,0.7,0.6,24.0,32.9,42.3,33.2,6.0,9.8,14.0,0.8,0.7,0.6,-154.7,-124.0,-85.6,-123.7,6.0,38.3,14.0,0.8,0.7,0.6,-12.2,27.9,83.4,32.4,6.0,62.8,14.0,0.8,0.7,0.6,-89.6,-66.3,-48.4,-68.2,6.0,22.3,14.0,0.8,0.7,0.6,-6.6,14.5,50.1,20.1,6.0,38.5,14.0,0.8,0.7,0.6,-37.9,-29.5,-21.3,-29.9,6.0,11.1,14.0,0.8,0.7,0.6,-4.3,7.4,14.6,4.4,6.0,13.9,14.0,0.8,0.7,0.6,87.0,212.0,432.0,266.5,6.0,223.5,14.0,0.8,0.7,0.6,85.0,210.0,430.0,265.0,6.0,225.0,14.0,0.8,0.7,0.6
1974,2,309.0,22.0,23.0,23.8,24.0,23.74,11.0,0.93,20.0,0.4,0.6,0.5,21.34,22.0,23.28,22.38,13.0,1.34,18.0,0.5,0.6,0.6,11.32,12.78,14.56,12.92,10.0,1.6,18.0,0.5,0.6,0.5,66.7,74.3,89.7,77.2,10.0,11.5,18.0,0.5,0.5,6.2,7.45,8.7,7.55,12.0,1.12,18.0,0.4,0.6,0.6,-8.28,-6.35,-4.9,-6.45,12.0,1.42,18.0,0.4,0.6,0.6,-5.24,-0.17,3.39,-0.39,12.0,3.98,18.0,0.4,0.6,0.6,1018.42,1020.7,1023.24,1020.81,13.0,2.24,18.0,0.5,0.6,0.6,1.0,4.0,7.1,3.9,13.0,2.7,18.0,0.5,0.6,0.6,-72.0,-45.1,-35.4,-49.8,12.0,17.5,18.0,0.4,0.6,0.6,-40.1,-2.7,25.9,-3.2,12.0,31.0,18.0,0.4,0.6,0.6,0.22,1.5,3.0,1.56,11.0,1.46,20.0,0.4,0.6,0.5,6.5,13.2,25.2,13.7,10.0,11.0,18.0,0.3,0.6,0.5,2.76,5.7,7.08,5.5,8.0,2.28,20.0,0.4,0.6,0.4,17.4,45.9,54.6,42.7,8.0,21.1,20.0,0.4,0.6,0.4,-193.6,-136.3,-105.6,-145.1,12.0,39.3,18.0,0.4,0.6,0.6,-107.5,-6.1,79.2,-7.7,12.0,86.2,18.0,0.4,0.6,0.6,-105.0,-82.7,-60.3,-83.9,10.0,23.6,18.0,0.5,0.6,0.5,-50.1,-0.2,53.2,1.1,10.0,50.1,18.0,0.5,0.6,0.5,-50.0,-32.1,-16.8,-35.3,8.0,19.7,20.0,0.4,0.6,0.4,-36.1,-10.2,9.1,-10.8,8.0,24.0,20.0,0.4,0.6,0.4,238.5,415.0,658.5,456.5,12.0,198.5,18.0,0.4,0.6,0.6,240.0,415.0,660.0,455.0,12.0,200.0,18.0,0.4,0.6,0.6
1974,2,309.0,23.0,22.77,23.3,24.55,23.6,13.0,1.33,12.0,0.6,0.7,0.6,21.2,22.2,24.62,22.63,15.0,1.56,12.0,0.7,0.7,0.5,12.18,13.31,13.88,13.02,12.0,1.42,14.0,0.6,0.7,0.6,71.3,77.3,86.5,78.0,12.0,8.9,14.0,0.6,0.6,3.71,5.1,7.7,5.82,15.0,2.18,12.0,0.7,0.7,0.5,-6.69,-4.94,-3.12,-4.57,15.0,2.52,12.0,0.7,0.7,0.5,-2.78,0.0,2.75,0.3,15.0,3.5,12.0,0.7,0.7,0.5,1018.06,1020.35,1021.82,1020.16,14.0,2.27,12.0,0.6,0.7,0.6,2.2,4.0,4.8,3.6,15.0,1.5,12.0,0.7,0.7,0.5,-50.0,-25.6,-10.5,-30.4,15.0,22.5,12.0,0.7,0.7,0.5,-15.5,0.0,20.8,4.7,15.0,29.6,12.0,0.7,0.7,0.5,-0.14,1.6,2.02,1.1,13.0,1.28,12.0,0.6,0.7,0.6,-0.8,6.2,11.3,5.9,13.0,9.1,12.0,0.6,0.7,0.6,3.41,4.34,6.99,4.83,12.0,1.8,14.0,0.6,0.7,0.6,14.1,18.9,42.4,26.3,12.0,15.1,14.0,0.6,0.7,0.6,-147.9,-106.5,-68.4,-103.7,15.0,55.9,12.0,0.7,0.7,0.5,-65.5,0.0,58.1,8.5,15.0,82.8,12.0,0.7,0.7,0.5,-80.0,-61.5,-34.6,-54.1,12.0,34.6,14.0,0.6,0.7,0.6,-39.6,-0.6,36.6,1.0,12.0,37.8,14.0,0.6,0.7,0.6,-37.5,-17.1,-12.1,-20.7,12.0,15.3,14.0,0.6,0.7,0.6,-14.9,-1.8,10.2,-2.5,12.0,16.6,14.0,0.6,0.7,0.6,51.5,132.5,456.5,280.5,15.0,319.0,12.0,0.7,0.7,0.5,50.0,135.0,455.0,280.0,15.0,320.0,12.0,0.7,0.7,0.5
1974,2,309.0,24.0,21.93,22.5,22.88,22.45,11.0,0.5,8.0,0.3,0.4,0.6,21.48,21.7,22.48,21.9,11.0,0.54,8.0,0.3,0.4,0.6,11.72,12.24,14.13,12.85,11.0,1.58,8.0,0.3,0.4,0.6,73.5,75.6,85.8,79.1,11.0,7.9,8.0,0.3,0.6,3.06,6.0,8.08,5.85,11.0,2.75,8.0,0.3,0.4,0.6,-7.42,-5.64,-2.87,-5.2,11.0,2.25,8.0,0.3,0.4,0.6,-2.86,0.0,1.83,-0.43,11.0,3.19,8.0,0.3,0.4,0.6,1018.99,1020.0,1020.73,1020.09,11.0,1.53,8.0,0.3,0.4,0.6,2.6,4.0,6.4,4.7,11.0,2.0,8.0,0.3,0.4,0.6,-60.2,-33.8,-8.8,-35.8,11.0,28.4,8.0,0.3,0.4,0.6,-22.3,0.0,7.6,-6.8,11.0,29.1,8.0,0.3,0.4,0.6,0.26,0.6,1.2,0.55,11.0,0.72,8.0,0.3,0.4,0.6,0.9,3.3,8.9,4.2,11.0,4.1,8.0,0.3,0.4,0.6,2.7,4.29,5.22,3.97,11.0,1.65,8.0,0.3,0.4,0.6,8.7,23.2,40.5,25.3,11.0,15.8,8.0,0.3,0.4,0.6,-164.5,-121.8,-63.8,-113.2,11.0,48.4,8.0,0.3,0.4,0.6,-60.7,0.0,40.7,-8.5,11.0,69.5,8.0,0.3,0.4,0.6,-91.3,-69.6,-37.9,-65.1,11.0,26.1,8.0,0.3,0.4,0.6,-33.7,0.0,26.3,-3.9,11.0,40.3,8.0,0.3,0.4,0.6,-36.6,-21.8,-8.2,-22.7,11.0,13.9,8.0,0.3,0.4,0.6,-13.1,0.0,5.8,-2.9,11.0,13.5,8.0,0.3,0.4,0.6,28.5,216.0,528.5,327.5,11.0,392.5,8.0,0.3,0.4,0.6,30.0,215.0,530.0,325.0,11.0,395.0,8.0,0.3,0.4,0.6
1974,2,309.0,25.0,22.04,22.45,23.25,22.64,16.0,0.71,12.0,0.4,0.7,0.4,21.35,22.1,23.0,22.11,18.0,0.71,14.0,0.5,0.7,0.4,12.18,12.95,13.56,12.9,14.0,1.4,12.0,0.4,0.7,0.5,75.2,78.4,85.0,79.0,14.0,7.8,12.0,0.4,0.5,5.1,7.7,8.57,7.3,17.0,2.1,14.0,0.5,0.7,0.5,-7.87,-4.79,1.09,-3.78,17.0,3.99,14.0,0.5,0.7,0.5,-1.77,2.63,7.32,2.62,17.0,4.76,14.0,0.5,0.7,0.5,1017.72,1019.8,1021.82,1020.11,17.0,2.85,14.0,0.5,0.7,0.5,0.7,4.0,7.0,3.9,18.0,2.8,14.0,0.5,0.7,0.4,-68.9,-26.0,5.3,-31.7,17.0,35.2,14.0,0.5,0.7,0.5,-9.8,17.4,54.4,22.3,17.0,40.9,14.0,0.5,0.7,0.5,-0.3,0.4,1.26,0.58,16.0,1.07,12.0,0.4,0.7,0.4,-2.5,3.6,9.5,4.8,15.0,7.8,12.0,0.4,0.7,0.4,3.48,4.2,5.53,4.27,13.0,1.07,12.0,0.3,0.7,0.4,24.8,32.1,41.1,32.1,13.0,9.1,12.0,0.3,0.7,0.4,-171.6,-100.6,24.8,-82.3,17.0,87.3,14.0,0.5,0.7,0.5,-38.5,60.6,160.0,59.0,17.0,105.5,14.0,0.5,0.7,0.5,-93.0,-65.1,15.8,-48.3,14.0,46.4,12.0,0.4,0.7,0.5,0.0,34.0,104.0,45.6,14.0,62.7,12.0,0.4,0.7,0.5,-34.3,-22.2,2.5,-19.7,13.0,16.7,12.0,0.3,0.7,0.4,-1.9,13.1,27.0,8.7,13.0,20.3,12.0,0.3,0.7,0.4,132.5,456.5,633.0,480.5,17.0,400.5,14.0,0.5,0.7,0.5,135.0,455.0,635.0,480.0,17.0,400.0,14.0,0.5,0.7,0.5
1974,2,309.0,26.0,21.0,22.8,23.68,22.42,17.0,1.41,16.0,0.2,0.5,0.4,20.62,21.1,22.0,21.32,17.0,0.92,16.0,0.2,0.5,0.4,10.1,11.65,13.09,11.69,11.0,1.52,16.0,0.1,0.5,0.3,66.5,75.7,82.2,75.0,12.0,7.9,16.0,0.1,0.3,4.6,7.0,10.46,7.41,17.0,2.94,16.0,0.2,0.5,0.4,-8.08,-4.45,-0.77,-4.22,17.0,3.53,16.0,0.2,0.5,0.4,-3.98,0.0,5.38,0.26,17.0,5.95,16.0,0.2,0.5,0.4,1017.6,1020.45,1022.85,1020.47,16.0,2.27,16.0,0.2,0.5,0.4,1.0,3.0,6.0,3.5,17.0,2.4,16.0,0.2,0.5,0.4,-65.5,-25.6,-3.5,-35.1,17.0,33.5,16.0,0.2,0.5,0.4,-21.8,0.0,31.7,3.6,17.0,65.0,16.0,0.2,0.5,0.4,-0.18,1.0,2.38,1.11,17.0,1.54,16.0,0.2,0.5,0.4,-2.0,5.6,17.1,6.2,17.0,12.2,16.0,0.2,0.5,0.4,3.93,5.74,6.26,5.25,11.0,1.72,16.0,0.1,0.5,0.3,21.5,27.7,46.3,32.3,11.0,16.1,16.0,0.1,0.5,0.3,-166.1,-101.1,-16.6,-89.7,17.0,74.1,16.0,0.2,0.5,0.4,-85.9,0.0,118.4,8.5,17.0,130.3,16.0,0.2,0.5,0.4,-71.4,-45.4,-9.9,-38.0,11.0,34.9,16.0,0.1,0.5,0.3,-48.2,0.0,48.4,-8.0,11.0,59.7,16.0,0.1,0.5,0.3,-41.2,-13.9,-2.7,-18.2,11.0,18.7,16.0,0.1,0.5,0.3,-24.5,0.0,10.9,-8.8,11.0,24.5,16.0,0.1,0.5,0.3,97.5,343.0,1152.5,602.0,17.0,687.0,16.0,0.2,0.5,0.4,95.0,345.0,1155.0,600.0,17.0,685.0,16.0,0.2,0.5,0.4
1974,2,309.0,27.0,21.51,22.0,23.23,21.99,14.0,1.05,10.0,0.6,0.5,0.3,19.93,21.8,22.58,21.46,15.0,1.5,10.0,0.6,0.5,0.4,11.41,13.01,13.6,12.73,11.0,1.55,10.0,0.7,0.4,0.4,67.7,82.1,89.8,80.3,11.0,11.4,10.0,0.7,0.4,2.71,5.1,9.84,6.21,15.0,3.92,10.0,0.6,0.5,0.4,-5.1,-1.55,1.82,-2.09,15.0,4.17,10.0,0.6,0.5,0.4,0.0,2.44,7.96,2.62,15.0,5.22,10.0,0.6,0.5,0.4,1016.27,1021.5,1022.87,1020.81,15.0,3.48,10.0,0.6,0.5,0.4,2.0,3.0,7.8,4.1,15.0,2.7,10.0,0.6,0.5,0.4,-27.3,-4.8,20.0,-17.6,15.0,43.8,10.0,0.6,0.5,0.4,0.0,7.2,67.8,16.8,15.0,63.5,10.0,0.6,0.5,0.4,-1.09,0.05,2.19,0.5,14.0,1.66,10.0,0.6,0.5,0.3,-5.1,0.7,8.4,1.3,14.0,7.0,10.0,0.6,0.5,0.3,2.48,3.75,4.88,3.73,10.0,1.3,10.0,0.8,0.4,0.4,10.0,16.3,24.4,17.5,10.0,8.3,10.0,0.8,0.4,0.4,-115.9,-30.7,37.6,-45.3,15.0,89.5,10.0,0.6,0.5,0.4,0.0,46.2,176.4,57.6,15.0,110.5,10.0,0.6,0.5,0.4,-68.4,-20.2,23.3,-26.2,11.0,52.3,10.0,0.7,0.4,0.4,0.0,21.7,52.7,17.7,11.0,64.3,10.0,0.7,0.4,0.4,-15.4,-7.3,2.9,-5.5,10.0,13.1,10.0,0.8,0.4,0.4,0.0,4.2,12.9,5.8,10.0,12.9,10.0,0.8,0.4,0.4,20.5,132.5,956.5,540.0,15.0,838.0,10.0,0.6,0.5,0.4,20.0,135.0,955.0,540.0,15.0,840.0,10.0,0.6,0.5,0.4
1974,2,309.0,28.0,20.0,21.35,22.1,21.24,28.0,1.26,14.0,0.5,0.6,0.5,19.15,20.6,22.02,20.64,31.0,1.63,16.0,0.5,0.6,0.5,8.94,10.39,12.74,10.78,18.0,1.77,18.0,0.4,0.6,0.5,60.4,74.8,83.9,73.9,18.0,12.2,18.0,0.4,0.5,3.4,5.85,8.94,5.96,30.0,2.75,16.0,0.5,0.6,0.5,-5.47,-0.17,2.87,-1.29,30.0,3.97,16.0,0.5,0.6,0.5,-3.66,0.0,5.66,0.75,30.0,5.12,16.0,0.5,0.6,0.5,1019.96,1022.2,1026.66,1022.86,30.0,3.65,16.0,0.5,0.6,0.5,2.0,4.0,7.0,4.5,26.0,2.6,14.0,0.6,0.6,0.5,-43.9,-0.2,11.4,-11.7,30.0,28.4,16.0,0.5,0.6,0.5,-19.0,0.0,38.6,8.3,30.0,45.4,16.0,0.5,0.6,0.5,-0.5,0.95,2.14,0.59,28.0,2.01,14.0,0.5,0.6,0.5,-3.3,5.1,14.2,4.5,27.0,11.6,16.0,0.5,0.6,0.5,2.67,4.01,6.2,4.48,16.0,1.87,16.0,0.5,0.6,0.5,12.6,18.2,38.5,23.4,16.0,13.9,16.0,0.5,0.6,0.5,-108.7,-3.2,63.4,-24.3,30.0,81.0,16.0,0.5,0.6,0.5,-71.2,0.0,113.9,18.7,30.0,107.8,16.0,0.5,0.6,0.5,-63.0,-13.0,20.0,-16.3,18.0,40.5,18.0,0.4,0.6,0.5,-41.9,0.0,46.6,1.7,18.0,51.4,18.0,0.4,0.6,0.5,-22.8,-4.8,6.2,-8.8,16.0,16.8,16.0,0.5,0.6,0.5,-10.3,0.0,23.3,3.7,16.0,20.0,16.0,0.5,0.6,0.5,40.0,200.5,716.5,343.0,30.0,392.0,16.0,0.5,0.6,0.5,40.0,200.0,715.0,345.0,30.0,390.0,16.0,0.5,0.6,0.5
1974,2,309.0,29.0,20.0,21.0,21.1,20.91,15.0,0.76,14.0,0.5,0.5,0.4,19.21,20.3,22.62,20.81,16.0,1.8,14.0,0.6,0.6,0.4,7.89,9.73,13.87,10.81,10.0,3.11,16.0,0.6,0.5,0.3,54.1,68.8,83.1,68.9,10.0,14.6,16.0,0.6,0.3,2.71,5.1,8.48,5.57,15.0,2.68,16.0,0.5,0.6,0.4,-3.04,0.0,2.73,-0.47,15.0,3.5,16.0,0.5,0.6,0.4,-4.16,2.44,6.95,1.74,15.0,4.96,16.0,0.5,0.6,0.4,1019.0,1020.9,1026.66,1022.18,16.0,4.28,14.0,0.6,0.6,0.4,0.0,3.0,7.8,3.5,15.0,3.1,14.0,0.6,0.5,0.4,-16.4,0.0,18.4,-2.4,15.0,26.5,16.0,0.5,0.6,0.4,-24.6,12.5,50.5,10.6,15.0,39.8,16.0,0.5,0.6,0.4,-1.39,0.8,1.47,0.32,15.0,1.59,14.0,0.5,0.5,0.4,-3.8,5.0,7.7,2.9,14.0,8.6,14.0,0.5,0.5,0.4,1.29,5.19,7.16,4.28,9.0,3.01,14.0,0.6,0.5,0.3,3.7,22.8,51.1,24.2,8.0,22.6,16.0,0.5,0.5,0.3,-58.3,0.0,55.2,-7.3,15.0,72.2,16.0,0.5,0.6,0.4,-75.1,52.0,154.8,40.0,15.0,99.9,16.0,0.5,0.6,0.4,-28.6,0.0,9.6,-6.7,9.0,35.1,16.0,0.6,0.5,0.3,-41.1,32.1,58.5,18.4,9.0,53.1,16.0,0.6,0.5,0.3,-15.8,-2.1,0.0,-9.5,8.0,14.5,16.0,0.5,0.5,0.3,-30.9,0.6,24.8,-3.8,8.0,29.2,16.0,0.5,0.5,0.3,20.5,132.5,613.5,282.5,15.0,295.5,16.0,0.5,0.6,0.4,20.0,135.0,615.0,280.0,15.0,295.0,16.0,0.5,0.6,0.4
1974,2,309.0,30.0,18.45,19.6,21.71,20.02,11.0,1.6,14.0,0.4,0.5,0.4,18.8,20.25,21.63,20.43,12.0,1.76,12.0,0.4,0.4,0.4,9.55,11.49,12.47,11.41,10.0,1.87,12.0,0.5,0.4,0.4,67.7,78.2,84.4,76.6,10.0,8.7,12.0,0.5,0.4,3.5,6.2,8.4,6.22,13.0,2.63,14.0,0.4,0.4,0.4,-2.23,1.67,5.79,1.93,13.0,4.34,14.0,0.4,0.4,0.4,-5.18,0.0,4.09,0.42,13.0,5.08,14.0,0.4,0.4,0.4,1019.24,1022.45,1025.13,1021.69,12.0,3.43,14.0,0.4,0.4,0.4,1.9,4.0,7.0,4.1,13.0,2.6,14.0,0.4,0.4,0.4,-13.5,4.3,53.5,17.1,13.0,33.3,14.0,0.4,0.4,0.4,-32.2,0.0,30.3,2.2,13.0,44.5,14.0,0.4,0.4,0.4,-1.97,-0.1,1.06,-0.09,10.0,1.98,14.0,0.4,0.5,0.4,-9.8,-1.1,5.8,0.9,10.0,13.5,14.0,0.4,0.5,0.4,1.23,2.8,4.41,3.02,9.0,1.73,14.0,0.4,0.5,0.3,5.0,14.6,38.0,19.1,9.0,16.1,14.0,0.4,0.5,0.3,-34.1,59.8,122.7,45.0,12.0,87.4,12.0,0.4,0.4,0.4,-101.4,0.0,87.5,4.6,12.0,102.3,12.0,0.4,0.4,0.4,-33.4,13.2,55.9,10.6,10.0,46.7,12.0,0.5,0.4,0.4,-55.3,0.0,53.9,1.7,10.0,58.7,12.0,0.5,0.4,0.4,-3.1,4.3,20.0,8.2,9.0,10.9,14.0,0.4,0.5,0.3,-18.6,0.0,9.6,-3.1,9.0,21.6,14.0,0.4,0.5,0.3,44.0,238.5,603.0,362.5,13.0,395.5,14.0,0.4,0.4,0.4,45.0,240.0,605.0,365.0,13.0,395.0,14.0,0.4,0.4,0.4
1974,2,309.0,31.0,19.9,20.0,20.45,20.49,7.0,1.29,16.0,0.9,0.4,0.4,20.0,20.7,21.0,20.43,8.0,1.42,12.0,0.9,0.5,0.3,11.96,12.59,13.19,12.48,7.0,0.88,12.0,0.9,0.5,0.3,78.0,86.1,88.9,84.9,7.0,8.3,12.0,0.9,0.3,5.53,8.2,9.14,7.42,9.0,2.11,14.0,0.9,0.5,0.4,-5.2,-0.54,4.35,-0.56,9.0,5.08,14.0,0.9,0.5,0.4,-2.16,3.35,7.53,2.77,9.0,5.63,14.0,0.9,0.5,0.4,1018.38,1021.2,1021.95,1020.33,7.0,2.0,12.0,0.9,0.5,0.3,1.3,5.0,8.0,4.8,9.0,2.9,14.0,0.9,0.5,0.4,-43.2,-1.7,37.8,-2.8,9.0,39.8,14.0,0.9,0.5,0.4,-16.0,22.4,65.5,21.8,9.0,50.3,14.0,0.9,0.5,0.4,-0.76,-0.35,0.52,0.02,6.0,1.27,14.0,0.8,0.4,0.4,-5.1,-2.7,4.0,0.4,6.0,9.5,14.0,0.8,0.4,0.4,1.33,1.9,2.88,2.07,6.0,0.97,14.0,0.8,0.4,0.4,7.1,15.5,25.9,16.4,6.0,9.4,14.0,0.8,0.4,0.4,-105.2,27.0,90.9,2.3,8.0,102.2,12.0,0.9,0.5,0.3,-8.6,98.0,157.4,86.4,8.0,83.7,12.0,0.9,0.5,0.3,-65.8,-7.1,55.9,-6.6,7.0,65.5,12.0,0.9,0.5,0.3,-12.4,45.4,95.4,44.3,7.0,51.3,12.0,0.9,0.5,0.3,-16.0,-1.1,7.6,-3.4,6.0,12.1,14.0,0.8,0.4,0.4,-2.2,7.8,22.8,9.2,6.0,12.4,14.0,0.8,0.4,0.4,178.0,551.5,765.0,488.5,9.0,281.5,14.0,0.9,0.5,0.4,180.0,550.0,765.0,490.0,9.0,280.0,14.0,0.9,0.5,0.4
1974,2,309.0,32.0,18.46,19.5,21.39,19.85,15.0,1.47,14.0,0.5,0.5,0.5,17.86,19.2,20.34,19.13,17.0,1.56,16.0,0.5,0.5,0.5,7.37,10.52,12.8,10.22,15.0,2.36,16.0,0.5,0.6,0.5,58.5,77.1,88.0,74.8,15.0,13.9,16.0,0.5,0.5,3.6,9.3,11.76,8.27,17.0,3.63,16.0,0.5,0.5,0.5,-2.04,2.25,9.37,2.9,17.0,6.58,16.0,0.5,0.5,0.5,-1.88,3.55,7.18,2.42,17.0,5.23,16.0,0.5,0.5,0.5,1015.05,1020.3,1024.57,1019.77,17.0,4.6,16.0,0.5,0.5,0.5,1.5,4.0,8.0,4.3,17.0,2.8,16.0,0.5,0.5,0.5,-10.5,20.3,101.3,33.0,17.0,73.5,16.0,0.5,0.5,0.5,-11.3,13.1,61.7,21.4,17.0,54.9,16.0,0.5,0.5,0.5,-0.89,0.5,3.1,0.53,15.0,2.12,14.0,0.5,0.5,0.5,-10.5,3.1,23.9,2.9,15.0,21.5,14.0,0.5,0.5,0.5,0.52,3.35,6.31,3.67,14.0,2.83,16.0,0.4,0.6,0.5,4.2,29.0,45.5,28.8,14.0,25.7,16.0,0.4,0.6,0.5,-38.3,39.4,178.7,60.7,17.0,130.5,16.0,0.5,0.5,0.5,-33.9,70.9,137.8,50.9,17.0,96.4,16.0,0.5,0.5,0.5,-13.7,15.2,81.1,33.7,15.0,63.6,16.0,0.5,0.6,0.5,-18.3,45.3,81.1,30.4,15.0,52.2,16.0,0.5,0.6,0.5,-5.2,2.8,19.6,7.6,14.0,26.5,16.0,0.4,0.6,0.5,-6.1,4.6,30.4,6.3,14.0,27.4,16.0,0.4,0.6,0.5,46.5,804.5,1635.5,856.0,17.0,742.5,16.0,0.5,0.5,0.5,45.0,805.0,1635.0,855.0,17.0,745.0,16.0,0.5,0.5,0.5
1974,2,309.0,33.0,18.27,19.15,19.92,19.24,16.0,0.96,16.0,0.4,0.6,0.4,17.8,19.2,20.12,19.14,18.0,1.15,14.0,0.4,0.6,0.4,9.95,11.32,12.82,11.3,16.0,1.54,14.0,0.4,0.6,0.4,73.8,83.6,91.1,82.8,16.0,9.9,14.0,0.4,0.4,4.6,8.2,14.84,9.29,18.0,4.93,14.0,0.4,0.6,0.4,-2.03,3.78,11.37,4.17,18.0,6.62,14.0,0.4,0.6,0.4,-1.33,5.25,9.55,4.14,18.0,5.94,14.0,0.4,0.6,0.4,1013.57,1019.25,1026.0,1019.35,18.0,6.2,14.0,0.4,0.6,0.4,1.5,4.0,6.0,3.8,17.0,2.3,16.0,0.4,0.6,0.4,-13.2,30.6,158.3,62.3,18.0,102.2,14.0,0.4,0.6,0.4,-6.8,33.3,132.1,45.8,18.0,84.7,14.0,0.4,0.6,0.4,-0.75,0.15,1.41,0.14,16.0,1.24,16.0,0.4,0.6,0.4,-5.1,1.3,9.7,1.8,16.0,10.7,16.0,0.4,0.6,0.4,0.97,2.35,4.45,2.47,15.0,1.64,16.0,0.4,0.7,0.3,7.4,20.1,31.4,19.5,15.0,15.1,16.0,0.4,0.7,0.3,-38.0,69.3,225.9,83.2,18.0,127.1,14.0,0.4,0.6,0.4,-24.7,104.6,185.3,80.9,18.0,112.8,14.0,0.4,0.6,0.4,-10.7,47.2,106.4,48.8,16.0,75.4,14.0,0.4,0.6,0.4,-26.0,45.8,93.9,39.0,16.0,67.6,14.0,0.4,0.6,0.4,-3.5,2.4,27.1,7.0,15.0,17.0,16.0,0.4,0.7,0.3,-0.7,8.6,20.1,9.3,15.0,14.2,16.0,0.4,0.7,0.3,97.5,551.5,3358.5,1499.5,18.0,1990.5,14.0,0.4,0.6,0.4,95.0,550.0,3360.0,1500.0,18.0,1990.0,14.0,0.4,0.6,0.4
1974,2,309.0,34.0,17.67,20.0,20.25,19.33,12.0,1.56,16.0,0.7,0.6,0.5,15.7,17.2,19.28,17.61,13.0,1.65,16.0,0.6,0.7,0.5,7.78,8.97,11.66,9.58,9.0,2.14,14.0,0.8,0.7,0.5,62.3,74.3,87.2,75.1,9.0,11.6,14.0,0.8,0.5,2.6,8.7,13.14,8.38,13.0,4.51,16.0,0.6,0.7,0.5,-6.41,0.0,6.24,0.73,13.0,7.48,16.0,0.6,0.7,0.5,0.96,2.98,9.49,4.12,13.0,4.63,16.0,0.6,0.7,0.5,1010.47,1021.5,1027.28,1018.9,13.0,8.33,16.0,0.6,0.7,0.5,4.0,6.0,8.0,5.9,11.0,1.8,14.0,0.7,0.7,0.5,-57.7,0.0,51.4,21.2,13.0,97.8,16.0,0.6,0.7,0.5,1.6,37.5,90.4,44.1,13.0,54.3,16.0,0.6,0.7,0.5,-0.28,1.7,4.48,1.68,12.0,2.77,16.0,0.7,0.6,0.5,-2.3,9.8,25.5,8.3,12.0,27.1,16.0,0.7,0.6,0.5,2.54,4.44,5.68,3.89,8.0,2.61,14.0,0.9,0.6,0.5,11.4,27.5,47.1,26.0,8.0,26.9,14.0,0.9,0.6,0.5,-106.6,0.0,102.0,17.7,13.0,135.9,16.0,0.6,0.7,0.5,17.5,47.6,176.3,77.2,13.0,88.6,16.0,0.6,0.7,0.5,-16.5,0.0,97.4,30.7,9.0,75.8,14.0,0.8,0.7,0.5,-8.9,20.8,90.0,37.4,9.0,52.8,14.0,0.8,0.7,0.5,-18.5,0.0,24.6,2.6,8.0,33.8,14.0,0.9,0.6,0.5,-15.0,8.9,25.2,5.6,8.0,17.6,14.0,0.9,0.6,0.5,17.5,658.5,2290.5,1072.5,13.0,1297.5,16.0,0.6,0.7,0.5,20.0,660.0,2290.0,1070.0,13.0,1295.0,16.0,0.6,0.7,0.5
1974,2,309.0,35.0,17.53,18.5,19.33,18.47,21.0,1.0,16.0,0.5,0.6,0.4,17.5,18.4,19.8,18.21,22.0,1.7,16.0,0.5,0.6,0.4,7.71,9.42,11.35,9.52,18.0,1.82,18.0,0.6,0.6,0.4,64.7,73.4,85.9,73.8,18.0,10.7,18.0,0.6,0.4,5.47,9.3,14.03,9.6,22.0,4.39,16.0,0.5,0.6,0.4,-0.66,4.38,9.95,4.55,22.0,4.61,16.0,0.5,0.6,0.4,-5.26,7.0,11.72,4.05,22.0,7.46,16.0,0.5,0.6,0.4,1014.13,1020.6,1026.0,1019.32,22.0,6.61,16.0,0.5,0.6,0.4,1.3,4.0,8.0,4.5,22.0,3.0,16.0,0.5,0.6,0.4,-0.7,39.9,119.0,55.5,22.0,64.0,16.0,0.5,0.6,0.4,-45.4,55.0,173.5,54.2,22.0,97.0,16.0,0.5,0.6,0.4,-0.98,-0.1,1.41,0.27,21.0,1.42,16.0,0.5,0.6,0.4,-9.3,-0.5,11.7,2.9,21.0,15.6,16.0,0.5,0.6,0.4,2.0,3.26,4.91,3.54,18.0,1.53,18.0,0.6,0.6,0.4,15.6,28.4,38.0,30.3,18.0,18.8,18.0,0.6,0.6,0.4,-12.5,75.9,177.8,82.8,22.0,84.6,16.0,0.5,0.6,0.4,-79.2,128.6,212.7,81.8,22.0,135.6,16.0,0.5,0.6,0.4,-12.3,29.8,69.5,38.2,18.0,47.9,18.0,0.6,0.6,0.4,-40.1,56.8,117.5,43.7,18.0,78.9,18.0,0.6,0.6,0.4,-5.2,10.2,24.0,14.1,18.0,21.9,18.0,0.6,0.6,0.4,-26.9,13.9,25.8,5.3,18.0,24.6,18.0,0.6,0.6,0.4,168.0,804.5,2826.5,1401.0,22.0,1428.0,16.0,0.5,0.6,0.4,170.0,805.0,2825.0,1400.0,22.0,1430.0,16.0,0.5,0.6,0.4
1974,2,309.0,36.0,18.62,19.2,20.41,19.57,6.0,1.34,16.0,0.8,0.4,0.6,16.74,18.9,19.57,18.32,10.0,1.41,12.0,0.6,0.5,0.5,8.74,9.68,10.73,9.7,5.0,1.74,14.0,0.8,0.5,0.6,68.9,79.4,80.7,75.4,5.0,7.9,14.0,0.8,0.6,9.13,13.65,18.57,13.82,10.0,4.97,12.0,0.6,0.5,0.5,1.07,8.53,17.8,8.91,10.0,8.31,12.0,0.6,0.5,0.5,0.0,3.89,13.3,5.98,10.0,6.31,12.0,0.6,0.5,0.5,1009.43,1012.5,1020.7,1014.56,10.0,5.54,12.0,0.6,0.5,0.5,2.4,6.0,7.6,5.3,10.0,2.4,12.0,0.6,0.5,0.5,11.1,78.0,330.6,140.8,10.0,164.3,12.0,0.6,0.5,0.5,0.0,49.8,183.7,90.1,10.0,99.7,12.0,0.6,0.5,0.5,-0.1,0.8,2.43,1.43,6.0,2.35,16.0,0.8,0.4,0.6,-1.0,7.1,40.4,25.3,6.0,48.8,16.0,0.8,0.4,0.6,2.66,3.75,6.42,4.58,5.0,2.86,14.0,0.8,0.5,0.6,19.2,38.7,121.5,70.2,5.0,73.4,14.0,0.8,0.5,0.6,20.2,154.3,333.7,163.0,10.0,151.3,12.0,0.6,0.5,0.5,0.0,76.2,245.6,113.0,10.0,117.8,12.0,0.6,0.5,0.5,-16.1,49.2,115.3,49.9,5.0,75.8,14.0,0.8,0.5,0.6,0.0,56.0,136.8,68.3,5.0,73.3,14.0,0.8,0.5,0.6,-4.8,16.6,82.9,43.2,5.0,85.1,14.0,0.8,0.5,0.6,0.0,9.6,52.3,25.2,5.0,34.1,14.0,0.8,0.5,0.6,761.5,2566.5,6419.0,3529.0,10.0,2913.5,12.0,0.6,0.5,0.5,760.0,2565.0,6420.0,3530.0,10.0,2915.0,12.0,0.6,0.5,0.5
1974,2,309.0,37.0,18.03,18.5,18.9,18.46,11.0,0.63,16.0,0.5,0.6,0.3,15.29,17.8,18.07,16.97,11.0,1.77,16.0,0.5,0.6,0.3,7.22,10.06,10.73,9.29,11.0,1.82,16.0,0.5,0.6,0.3,69.6,78.4,85.5,76.9,11.0,11.6,16.0,0.5,0.3,8.23,14.4,16.47,13.37,11.0,5.92,16.0,0.5,0.6,0.3,2.5,5.27,12.57,6.29,11.0,6.86,16.0,0.5,0.6,0.3,6.28,7.7,15.32,9.83,11.0,5.9,16.0,0.5,0.6,0.3,1004.16,1013.7,1019.18,1012.07,11.0,8.67,16.0,0.5,0.6,0.3,4.2,7.0,8.0,6.4,11.0,2.2,16.0,0.5,0.6,0.3,17.3,55.6,183.0,99.1,11.0,158.1,16.0,0.5,0.6,0.3,54.9,118.6,256.6,158.2,11.0,128.3,16.0,0.5,0.6,0.3,-0.48,0.9,3.17,1.49,11.0,1.85,16.0,0.5,0.6,0.3,-3.8,13.0,46.1,20.2,11.0,26.9,16.0,0.5,0.6,0.3,2.59,3.54,5.84,3.94,11.0,1.63,16.0,0.5,0.6,0.3,22.5,54.2,78.5,50.0,11.0,25.8,16.0,0.5,0.6,0.3,41.4,93.8,192.1,100.6,11.0,111.3,16.0,0.5,0.6,0.3,105.9,127.5,260.1,172.8,11.0,105.9,16.0,0.5,0.6,0.3,23.4,37.5,99.6,55.8,11.0,66.0,16.0,0.5,0.6,0.3,49.9,67.3,166.5,98.5,11.0,65.5,16.0,0.5,0.6,0.3,5.7,20.4,68.0,27.6,11.0,29.7,16.0,0.5,0.6,0.3,17.3,39.6,53.1,33.4,11.0,21.7,16.0,0.5,0.6,0.3,596.5,2986.0,4552.5,3728.5,11.0,4721.0,16.0,0.5,0.6,0.3,595.0,2985.0,4550.0,3730.0,11.0,4720.0,16.0,0.5,0.6,0.3
1974,2,309.0,38.0,16.61,18.0,18.89,17.88,8.0,1.27,16.0,0.8,0.8,0.4,14.66,18.2,19.5,17.42,10.0,2.69,16.0,0.7,0.7,0.4,8.94,10.59,11.91,10.16,8.0,2.04,16.0,0.8,0.8,0.4,68.3,79.8,87.8,79.6,8.0,10.2,16.0,0.8,0.4,11.3,13.4,17.46,13.94,10.0,3.41,16.0,0.7,0.7,0.4,3.04,9.04,12.32,8.34,10.0,5.01,16.0,0.7,0.7,0.4,-5.11,8.7,12.37,4.33,10.0,10.22,16.0,0.7,0.7,0.4,1006.13,1015.9,1021.91,1013.88,10.0,7.95,16.0,0.7,0.7,0.4,3.9,6.5,8.0,6.1,10.0,2.2,16.0,0.7,0.7,0.4,37.9,106.9,193.3,122.6,10.0,94.1,16.0,0.7,0.7,0.4,-59.3,108.6,186.1,51.6,10.0,169.5,16.0,0.7,0.7,0.4,-1.0,-0.25,4.59,0.84,8.0,2.7,16.0,0.8,0.8,0.4,-12.7,-4.7,52.1,14.5,8.0,43.0,16.0,0.8,0.8,0.4,1.44,2.39,4.01,2.57,7.0,2.2,16.0,0.7,0.8,0.3,17.9,38.3,51.2,34.6,7.0,25.9,16.0,0.7,0.8,0.3,57.9,140.8,236.5,143.0,10.0,89.8,16.0,0.7,0.7,0.4,-71.8,149.9,231.8,94.6,10.0,159.7,16.0,0.7,0.7,0.4,29.4,82.9,137.5,80.8,8.0,56.5,16.0,0.8,0.8,0.4,-7.8,106.2,135.9,81.9,8.0,73.9,16.0,0.8,0.8,0.4,3.3,29.3,49.7,25.7,7.0,24.2,16.0,0.7,0.8,0.3,-10.6,17.9,22.8,3.7,7.0,26.3,16.0,0.7,0.8,0.3,1443.0,2416.0,5485.5,3170.0,10.0,2430.0,16.0,0.7,0.7,0.4,1445.0,2415.0,5485.0,3170.0,10.0,2430.0,16.0,0.7,0.7,0.4
1974,2,309.0,39.0,15.0,18.0,19.94,17.51,14.0,2.27,18.0,0.5,0.6,0.5,9.05,14.0,17.01,13.26,17.0,3.61,18.0,0.6,0.7,0.5,5.47,7.31,8.93,7.25,12.0,1.98,16.0,0.6,0.6,0.6,66.5,72.8,80.3,73.1,12.0,7.8,16.0,0.6,0.6,7.04,12.3,20.01,13.49,17.0,6.91,18.0,0.6,0.7,0.5,-4.44,4.65,15.27,5.09,17.0,9.58,18.0,0.6,0.7,0.5,-11.86,1.99,9.63,-0.42,17.0,11.03,18.0,0.6,0.7,0.5,999.71,1013.9,1023.58,1012.49,17.0,10.47,18.0,0.6,0.7,0.5,3.4,8.0,8.0,6.3,15.0,2.3,18.0,0.7,0.7,0.5,-40.1,53.0,268.5,104.2,17.0,172.8,18.0,0.6,0.7,0.5,-161.6,5.2,107.2,-29.9,17.0,224.6,18.0,0.6,0.7,0.5,0.68,4.7,7.27,4.05,14.0,4.21,18.0,0.5,0.6,0.5,6.8,37.8,133.9,61.4,14.0,82.5,18.0,0.5,0.6,0.5,3.22,6.28,6.8,5.14,12.0,2.74,16.0,0.6,0.6,0.6,5.9,65.6,153.4,75.7,12.0,69.5,16.0,0.6,0.6,0.6,-53.5,35.4,237.8,75.2,17.0,138.8,18.0,0.6,0.7,0.5,-115.5,18.1,156.3,20.0,17.0,124.7,18.0,0.6,0.7,0.5,-6.0,51.5,123.8,56.2,12.0,65.5,16.0,0.6,0.6,0.6,-31.1,16.6,90.9,13.8,12.0,70.5,16.0,0.6,0.6,0.6,-6.6,19.9,106.8,43.0,12.0,64.4,16.0,0.6,0.6,0.6,-36.9,6.9,38.6,-3.4,12.0,70.1,16.0,0.6,0.6,0.6,416.0,1861.0,8026.5,4281.0,17.0,5107.5,18.0,0.6,0.7,0.5,415.0,1860.0,8025.0,4280.0,17.0,5105.0,18.0,0.6,0.7,0.5
1974,2,309.0,40.0,6.38,15.5,17.45,13.66,14.0,4.81,12.0,0.4,0.6,0.5,7.61,12.0,17.0,12.28,19.0,4.65,14.0,0.4,0.6,0.5,5.86,9.32,10.57,8.56,14.0,2.29,14.0,0.4,0.6,0.5,82.5,87.9,92.1,86.2,15.0,7.8,14.0,0.4,0.5,8.13,12.3,18.0,12.38,19.0,5.71,14.0,0.4,0.6,0.5,-2.12,5.99,12.32,4.66,19.0,7.76,14.0,0.4,0.6,0.5,-3.21,7.58,13.98,5.79,19.0,8.71,14.0,0.4,0.6,0.5,1001.32,1007.9,1015.95,1008.98,17.0,8.35,14.0,0.4,0.6,0.5,3.5,8.0,8.0,6.4,17.0,2.2,14.0,0.4,0.6,0.5,-17.4,86.6,208.3,82.8,19.0,119.6,14.0,0.4,0.6,0.5,-14.9,66.2,250.6,89.7,19.0,152.8,14.0,0.4,0.6,0.5,-3.92,1.6,7.41,1.87,14.0,5.24,12.0,0.4,0.6,0.5,-56.8,8.4,100.6,13.9,14.0,66.3,12.0,0.4,0.6,0.5,-0.53,1.23,4.64,1.66,11.0,2.58,12.0,0.5,0.6,0.5,-7.3,22.2,60.8,24.7,11.0,41.2,12.0,0.5,0.6,0.5,-19.1,71.5,158.5,69.2,19.0,100.5,14.0,0.4,0.6,0.5,-14.5,82.2,225.9,97.4,19.0,124.4,14.0,0.4,0.6,0.5,-46.0,67.9,104.1,46.3,14.0,68.7,14.0,0.4,0.6,0.5,1.1,73.8,151.3,73.2,14.0,79.5,14.0,0.4,0.6,0.5,-14.4,0.0,28.3,5.8,11.0,37.2,12.0,0.5,0.6,0.5,-32.7,-2.0,16.3,-9.2,11.0,29.2,12.0,0.5,0.6,0.5,538.0,1861.0,5832.0,2972.0,19.0,2778.5,14.0,0.4,0.6,0.5,540.0,1860.0,5830.0,2970.0,19.0,2780.0,14.0,0.4,0.6,0.5
1974,2,309.0,41.0,9.6,14.0,14.73,12.58,5.0,3.0,22.0,1.0,0.6,0.4,2.65,5.5,8.77,6.02,9.0,3.39,20.0,0.8,0.6,0.5,4.1,5.16,6.02,5.42,8.0,1.49,22.0,0.8,0.6,0.5,91.8,95.9,100.0,94.5,8.0,6.7,22.0,0.8,0.5,5.53,8.7,10.3,8.73,9.0,4.16,20.0,0.8,0.6,0.5,-6.34,-2.8,7.07,-0.84,9.0,6.71,20.0,0.8,0.6,0.5,-6.69,-3.28,5.28,-1.01,9.0,7.49,20.0,0.8,0.6,0.5,1009.16,1017.3,1027.94,1018.2,9.0,9.24,20.0,0.8,0.6,0.5,3.9,8.0,8.0,6.3,7.0,2.8,22.0,0.9,0.6,0.5,-62.9,-19.9,72.8,-11.1,9.0,77.9,20.0,0.8,0.6,0.5,-54.5,-18.4,58.3,10.0,9.0,99.8,20.0,0.8,0.6,0.5,3.59,4.8,9.54,6.2,5.0,3.6,22.0,1.0,0.6,0.4,12.0,23.0,86.7,46.1,5.0,45.0,22.0,1.0,0.6,0.4,1.53,2.75,4.76,3.13,4.0,2.04,26.0,1.0,0.5,0.5,8.8,19.6,45.4,26.8,4.0,24.0,26.0,1.0,0.5,0.5,-41.4,-3.6,37.0,-4.4,9.0,38.6,20.0,0.8,0.6,0.5,-19.1,-13.3,41.4,0.1,9.0,53.1,20.0,0.8,0.6,0.5,-32.4,-15.6,44.5,-4.4,8.0,38.0,22.0,0.8,0.6,0.5,-29.7,-17.6,34.6,-3.6,8.0,46.7,22.0,0.8,0.6,0.5,-8.8,-3.7,30.7,10.3,4.0,32.5,26.0,1.0,0.5,0.5,-19.6,-9.2,-7.1,-13.1,4.0,10.0,26.0,1.0,0.5,0.5,178.0,658.5,1092.5,1093.5,9.0,1491.5,20.0,0.8,0.6,0.5,180.0,660.0,1095.0,1095.0,9.0,1490.0,20.0,0.8,0.6,0.5
1974,2,309.0,42.0,1.34,3.5,8.88,4.97,12.0,4.89,16.0,0.6,0.6,0.4,1.22,2.85,6.18,3.4,12.0,2.44,16.0,0.6,0.6,0.4,3.46,4.38,5.05,4.3,10.0,0.75,16.0,0.6,0.6,0.4,81.8,91.5,100.0,90.0,10.0,9.7,16.0,0.6,0.4,4.97,7.45,14.28,8.54,12.0,4.39,16.0,0.6,0.6,0.4,-5.0,2.8,10.22,2.47,12.0,8.06,16.0,0.6,0.6,0.4,-6.35,0.63,4.51,-0.49,12.0,5.2,16.0,0.6,0.6,0.4,996.47,1012.6,1022.78,1010.11,12.0,13.47,16.0,0.6,0.6,0.4,6.2,8.0,8.0,7.1,12.0,1.7,16.0,0.6,0.6,0.4,-35.3,10.3,115.7,29.8,12.0,109.6,16.0,0.6,0.6,0.4,-77.8,6.4,30.0,-13.9,12.0,54.1,16.0,0.6,0.6,0.4,-1.48,0.25,4.89,1.57,12.0,4.98,16.0,0.6,0.6,0.4,-5.0,1.9,52.0,25.9,12.0,66.7,16.0,0.6,0.6,0.4,-0.41,0.65,3.85,1.45,10.0,2.38,16.0,0.6,0.6,0.4,-1.9,4.6,51.4,18.5,10.0,34.5,16.0,0.6,0.6,0.4,-9.1,2.7,28.0,8.8,12.0,27.6,16.0,0.6,0.6,0.4,-11.2,3.6,13.1,4.4,12.0,18.0,16.0,0.6,0.6,0.4,-20.7,4.3,34.5,5.7,10.0,37.3,16.0,0.6,0.6,0.4,-23.5,4.9,18.7,1.8,10.0,21.9,16.0,0.6,0.6,0.4,-3.5,0.0,4.1,-0.5,10.0,38.0,16.0,0.6,0.6,0.4,-5.7,-1.3,5.9,-2.0,10.0,11.3,16.0,0.6,0.6,0.4,123.5,415.0,2931.5,1108.0,12.0,1391.0,16.0,0.6,0.6,0.4,125.0,415.0,2930.0,1110.0,12.0,1390.0,16.0,0.6,0.6,0.4
1974,2,309.0,43.0,0.0,0.7,1.41,0.9,6.0,1.11,22.0,0.2,0.5,0.4,0.56,0.7,3.47,1.86,5.0,1.88,22.0,0.0,0.6,0.4,3.42,3.52,4.48,3.93,4.0,0.92,22.0,0.0,0.6,0.4,80.8,90.0,95.0,88.0,4.0,10.6,22.0,0.0,0.4,4.48,10.4,12.92,8.98,6.0,4.43,22.0,0.2,0.5,0.4,0.0,0.0,6.59,2.76,6.0,4.65,22.0,0.2,0.5,0.4,-10.62,-5.77,0.27,-4.55,6.0,7.8,22.0,0.2,0.5,0.4,1006.86,1010.35,1024.47,1013.43,6.0,9.2,22.0,0.2,0.5,0.4,8.0,8.0,8.0,8.0,2.0,0.0,26.0,0.0,0.5,0.3,0.0,0.0,76.0,33.7,6.0,58.9,22.0,0.2,0.5,0.4,-114.2,-54.6,17.4,-46.9,6.0,92.9,22.0,0.2,0.5,0.4,-2.13,-0.6,0.1,-0.98,5.0,1.24,22.0,0.0,0.6,0.4,-10.7,-3.1,1.1,-5.2,5.0,8.5,22.0,0.0,0.6,0.4,-0.17,0.32,0.4,0.13,4.0,0.47,22.0,0.0,0.6,0.4,-2.8,1.1,3.2,0.3,4.0,4.6,22.0,0.0,0.6,0.4,0.0,0.0,13.0,6.3,5.0,11.2,22.0,0.0,0.6,0.4,-6.2,-3.2,14.5,5.2,5.0,22.3,22.0,0.0,0.6,0.4,0.0,14.3,34.6,17.1,4.0,20.3,22.0,0.0,0.6,0.4,-20.5,-12.4,22.6,0.4,4.0,33.4,22.0,0.0,0.6,0.4,-1.6,0.0,2.2,0.3,4.0,3.0,22.0,0.0,0.6,0.4,-4.0,-1.9,-1.1,-2.5,4.0,2.0,22.0,0.0,0.6,0.4,107.0,1130.0,2157.0,1124.0,6.0,944.0,22.0,0.2,0.5,0.4,105.0,1130.0,2155.0,1125.0,6.0,945.0,22.0,0.2,0.5,0.4
1974,2,309.0,44.0,0.04,0.75,1.89,0.85,8.0,1.68,16.0,0.6,0.5,0.5,-1.15,2.0,3.15,1.21,9.0,2.13,16.0,0.7,0.5,0.6,2.74,3.67,3.99,3.54,6.0,0.85,14.0,0.5,0.5,0.5,76.4,82.1,100.0,85.7,6.0,11.6,14.0,0.5,0.5,7.78,9.8,11.9,9.86,9.0,2.78,16.0,0.7,0.5,0.6,5.16,7.88,11.18,7.79,9.0,4.61,16.0,0.7,0.5,0.6,-3.98,1.39,4.92,1.44,9.0,5.02,16.0,0.7,0.5,0.6,1004.38,1013.7,1018.78,1011.71,8.0,11.05,16.0,0.6,0.5,0.5,2.4,8.0,8.0,6.0,8.0,3.2,16.0,0.6,0.5,0.6,35.4,63.0,133.4,83.2,9.0,69.8,16.0,0.7,0.5,0.6,-46.6,11.1,42.3,7.6,9.0,55.9,16.0,0.7,0.5,0.6,-2.13,-0.9,2.09,-0.14,8.0,2.53,16.0,0.6,0.5,0.5,-20.7,-10.2,21.5,-0.9,8.0,22.3,16.0,0.6,0.5,0.5,-0.12,0.36,1.26,0.45,6.0,0.8,14.0,0.5,0.5,0.5,-1.7,4.5,10.9,4.1,6.0,8.1,14.0,0.5,0.5,0.5,-13.5,0.0,21.7,5.0,9.0,18.9,16.0,0.7,0.5,0.6,-2.7,4.2,11.9,5.1,9.0,12.1,16.0,0.7,0.5,0.6,21.6,25.5,43.9,31.4,6.0,14.5,14.0,0.5,0.5,0.5,-16.0,-1.7,15.9,-0.7,6.0,16.4,14.0,0.5,0.5,0.5,-1.6,4.3,8.8,3.6,6.0,7.4,14.0,0.5,0.5,0.5,-2.9,0.2,3.7,0.4,6.0,4.0,14.0,0.5,0.5,0.5,471.5,941.0,1699.0,1174.0,9.0,1054.5,16.0,0.7,0.5,0.6,470.0,940.0,1700.0,1175.0,9.0,1055.0,16.0,0.7,0.5,0.6
1974,2,309.0,45.0,-0.6,0.0,1.1,0.21,13.0,1.28,18.0,0.5,0.4,0.5,-2.08,-1.0,1.91,-0.59,15.0,2.3,18.0,0.5,0.5,0.5,2.34,3.31,4.02,3.23,10.0,0.71,22.0,0.7,0.5,0.4,66.4,86.7,93.3,82.6,10.0,13.3,22.0,0.7,0.4,7.7,12.3,15.87,12.09,15.0,4.69,18.0,0.5,0.5,0.5,1.63,7.58,12.85,7.54,15.0,7.01,18.0,0.5,0.5,0.5,-2.87,0.0,12.59,2.25,15.0,7.93,18.0,0.5,0.5,0.5,1000.2,1010.0,1021.88,1009.76,15.0,12.84,18.0,0.5,0.5,0.5,6.1,8.0,8.0,7.1,14.0,1.4,18.0,0.6,0.5,0.5,10.9,58.4,177.8,105.0,15.0,118.0,18.0,0.5,0.5,0.5,-44.8,0.0,187.1,36.6,15.0,118.4,18.0,0.5,0.5,0.5,-1.51,0.7,2.84,1.03,13.0,2.67,18.0,0.5,0.4,0.5,-22.4,10.5,31.8,6.9,13.0,30.3,18.0,0.5,0.4,0.5,-0.22,0.69,1.38,0.68,9.0,0.81,22.0,0.7,0.4,0.5,-2.6,5.3,20.5,8.1,9.0,10.8,22.0,0.7,0.4,0.5,-23.1,-6.3,6.6,-7.9,15.0,14.8,18.0,0.5,0.5,0.5,-0.4,2.1,32.0,10.3,15.0,19.0,18.0,0.5,0.5,0.5,10.8,22.3,41.7,24.9,10.0,17.8,22.0,0.7,0.5,0.4,-5.0,8.9,60.6,20.0,10.0,29.2,22.0,0.7,0.5,0.4,-0.8,5.2,20.5,8.1,9.0,10.3,22.0,0.7,0.4,0.5,-3.9,-0.8,2.6,-0.8,9.0,3.2,22.0,0.7,0.4,0.5,456.5,1861.0,3997.5,2469.0,15.0,2122.0,18.0,0.5,0.5,0.5,455.0,1860.0,4000.0,2470.0,15.0,2120.0,18.0,0.5,0.5,0.5
1974,2,309.0,46.0,0.26,1.0,1.33,1.05,10.0,1.64,12.0,0.3,0.6,0.5,-2.97,-1.8,0.12,-1.04,11.0,2.38,12.0,0.4,0.6,0.5,3.22,3.31,3.46,3.35,6.0,0.28,8.0,0.3,0.6,0.4,92.0,100.0,100.0,96.6,6.0,5.9,8.0,0.3,0.4,9.13,10.3,13.79,11.12,10.0,3.09,14.0,0.4,0.7,0.5,-7.02,4.93,11.44,2.79,10.0,9.39,14.0,0.4,0.7,0.5,-2.66,2.25,8.93,3.28,10.0,6.19,14.0,0.4,0.7,0.5,999.47,1009.0,1021.49,1009.43,11.0,13.78,12.0,0.4,0.6,0.5,6.9,8.0,8.0,7.0,10.0,2.5,12.0,0.4,0.6,0.4,-75.5,39.0,131.9,37.7,10.0,123.9,14.0,0.4,0.7,0.5,-24.7,15.7,108.1,43.9,10.0,79.6,14.0,0.4,0.7,0.5,0.24,2.65,4.03,2.19,10.0,2.97,12.0,0.3,0.6,0.5,6.2,31.5,55.4,30.4,9.0,22.5,12.0,0.3,0.7,0.5,0.35,0.64,1.2,0.81,6.0,0.72,8.0,0.3,0.6,0.4,4.8,7.4,11.9,8.5,6.0,6.4,8.0,0.3,0.6,0.4,-13.6,-1.9,15.5,-3.9,10.0,20.9,14.0,0.4,0.7,0.5,-19.8,0.0,3.7,-8.1,10.0,16.3,14.0,0.4,0.7,0.5,-28.4,3.8,41.7,6.0,6.0,36.7,8.0,0.3,0.6,0.4,-15.4,0.0,21.0,3.3,6.0,19.0,8.0,0.3,0.6,0.4,-11.4,-1.5,5.5,-3.0,6.0,9.3,8.0,0.3,0.6,0.4,-4.4,0.0,3.3,-0.7,6.0,5.5,8.0,0.3,0.6,0.4,761.5,1092.5,2688.0,1683.5,10.0,1534.5,14.0,0.4,0.7,0.5,760.0,1095.0,2690.0,1685.0,10.0,1535.0,14.0,0.4,0.7,0.5
1974,2,309.0,47.0,-0.23,1.55,5.51,2.32,6.0,3.04,20.0,0.7,0.5,0.2,-5.08,-4.2,3.0,-2.13,6.0,4.03,20.0,0.7,0.5,0.2,2.13,2.54,2.96,2.54,4.0,0.62,16.0,0.5,0.4,0.2,59.8,68.3,79.4,69.5,4.0,14.7,16.0,0.5,0.2,4.69,6.95,12.13,7.88,6.0,3.98,20.0,0.7,0.5,0.2,1.59,5.6,8.79,5.37,6.0,5.32,20.0,0.7,0.5,0.2,-1.17,0.0,7.61,2.27,6.0,4.62,20.0,0.7,0.5,0.2,996.41,1009.1,1017.83,1007.52,6.0,11.15,20.0,0.7,0.5,0.2,3.8,8.0,8.0,6.0,5.0,3.5,18.0,0.6,0.5,0.3,2.4,31.9,108.1,53.5,6.0,71.7,20.0,0.7,0.5,0.2,-5.2,0.0,66.2,25.1,6.0,46.4,20.0,0.7,0.5,0.2,2.32,4.9,7.75,4.45,6.0,4.15,20.0,0.7,0.5,0.2,13.4,33.8,55.0,31.5,6.0,32.3,20.0,0.7,0.5,0.2,1.11,2.3,3.28,2.2,4.0,1.36,16.0,0.5,0.4,0.2,9.2,18.7,23.0,16.2,4.0,8.9,16.0,0.5,0.4,0.2,-43.7,-16.2,-2.5,-20.9,6.0,28.5,20.0,0.7,0.5,0.2,-11.9,0.0,11.1,-3.1,6.0,22.5,20.0,0.7,0.5,0.2,1.7,14.2,19.9,10.9,4.0,13.9,16.0,0.5,0.4,0.2,-1.4,0.0,12.5,5.3,4.0,12.5,16.0,0.5,0.4,0.2,6.2,18.5,22.8,14.7,4.0,11.4,16.0,0.5,0.4,0.2,-2.1,0.0,2.1,0.0,4.0,3.2,16.0,0.5,0.4,0.2,111.5,347.5,1800.5,817.5,6.0,975.5,20.0,0.7,0.5,0.2,110.0,345.0,1800.0,820.0,6.0,975.0,20.0,0.7,0.5,0.2
1974,2,309.0,48.0,-1.6,0.5,2.1,0.16,9.0,1.81,20.0,0.7,0.7,0.7,-6.75,-5.4,-1.94,-4.51,9.0,3.56,20.0,0.7,0.7,0.7,2.12,2.19,2.23,2.18,3.0,0.08,22.0,0.7,0.6,0.5,85.8,89.8,93.2,89.5,3.0,5.4,22.0,0.7,0.5,4.26,6.45,10.91,7.27,10.0,4.22,18.0,0.6,0.7,0.7,2.38,5.75,8.95,5.89,10.0,3.83,18.0,0.6,0.7,0.7,-1.14,2.13,6.14,2.42,10.0,4.1,18.0,0.6,0.7,0.7,993.91,1004.4,1022.19,1006.43,10.0,14.87,18.0,0.6,0.7,0.7,3.0,8.0,8.0,6.3,7.0,2.4,18.0,0.7,0.7,0.6,10.1,41.0,90.0,56.2,10.0,58.6,18.0,0.6,0.7,0.7,-4.6,13.5,75.5,26.7,10.0,46.6,18.0,0.6,0.7,0.7,0.37,4.8,8.38,4.67,9.0,3.65,20.0,0.7,0.7,0.7,5.0,31.5,54.9,32.4,9.0,31.8,20.0,0.7,0.7,0.7,1.11,1.13,1.19,1.15,3.0,0.07,22.0,0.7,0.6,0.5,5.7,6.8,7.8,6.7,3.0,1.5,22.0,0.7,0.6,0.5,-42.1,-26.8,-2.7,-26.3,9.0,29.1,20.0,0.7,0.7,0.7,-24.4,-4.8,19.8,-2.2,9.0,21.3,20.0,0.7,0.7,0.7,6.7,13.7,13.8,10.3,3.0,5.9,22.0,0.7,0.6,0.5,2.4,2.4,7.2,4.8,3.0,4.1,22.0,0.7,0.6,0.5,3.3,6.7,7.7,5.5,3.0,3.3,22.0,0.7,0.6,0.5,1.3,1.4,3.8,2.5,3.0,2.1,22.0,0.7,0.6,0.5,78.5,269.5,1300.5,745.5,10.0,1039.0,18.0,0.6,0.7,0.7,80.0,270.0,1300.0,745.0,10.0,1040.0,18.0,0.6,0.7,0.7
1974,2,309.0,49.0,-1.6,-0.3,0.65,-0.43,9.0,1.05,10.0,0.8,0.6,0.4,-9.54,-5.45,-0.06,-5.09,14.0,4.41,8.0,0.7,0.6,0.3,2.0,2.22,2.45,2.22,3.0,0.33,22.0,0.7,0.6,0.4,77.7,82.9,86.7,82.2,3.0,6.7,22.0,0.7,0.4,7.92,12.0,17.56,12.87,15.0,5.1,10.0,0.7,0.6,0.3,6.13,8.74,13.7,9.75,15.0,6.35,10.0,0.7,0.6,0.3,-2.24,4.79,9.37,4.17,15.0,6.54,10.0,0.7,0.6,0.3,989.81,996.3,1018.51,1000.23,15.0,13.57,10.0,0.7,0.6,0.3,1.7,5.0,8.0,5.2,12.0,2.9,8.0,0.8,0.6,0.3,39.4,81.3,218.7,149.0,15.0,154.8,10.0,0.7,0.6,0.3,-21.5,67.0,133.7,52.0,15.0,109.3,10.0,0.7,0.6,0.3,0.78,3.8,9.27,4.57,9.0,4.3,10.0,0.8,0.6,0.4,9.3,35.3,120.0,55.4,9.0,59.3,10.0,0.8,0.6,0.4,0.88,1.11,1.33,1.1,3.0,0.33,22.0,0.7,0.6,0.4,6.5,10.3,10.3,8.5,3.0,3.2,22.0,0.7,0.6,0.4,-130.8,-43.0,-7.0,-60.5,14.0,56.0,8.0,0.7,0.6,0.3,-52.7,-27.6,11.1,-25.3,14.0,35.8,8.0,0.7,0.6,0.3,13.0,15.6,18.2,15.6,3.0,3.8,22.0,0.7,0.6,0.4,-3.9,2.8,5.5,0.8,3.0,7.1,22.0,0.7,0.6,0.4,6.0,8.9,9.5,7.8,3.0,2.7,22.0,0.7,0.6,0.4,-2.2,0.8,3.8,0.8,3.0,4.3,22.0,0.7,0.6,0.4,501.5,1728.0,5447.0,3165.0,15.0,4008.0,10.0,0.7,0.6,0.3,500.0,1730.0,5445.0,3165.0,15.0,4010.0,10.0,0.7,0.6,0.3
1974,2,309.0,50.0,-1.8,-1.4,1.0,-0.81,14.0,1.25,12.0,0.4,0.5,0.5,-11.16,-6.25,0.0,-5.72,18.0,4.98,12.0,0.5,0.4,0.4,2.12,2.21,2.47,2.29,3.0,0.27,20.0,0.0,0.7,0.5,88.4,92.8,94.1,91.3,3.0,4.4,20.0,0.0,0.5,7.2,8.7,14.91,10.07,19.0,4.32,12.0,0.5,0.4,0.4,-7.81,7.45,12.33,4.6,19.0,8.12,12.0,0.5,0.4,0.4,-3.96,0.0,7.99,1.67,19.0,5.87,12.0,0.5,0.4,0.4,991.81,1001.4,1016.13,1003.84,19.0,11.76,12.0,0.5,0.4,0.4,4.0,6.0,8.0,5.9,14.0,2.4,14.0,0.6,0.4,0.4,-63.0,71.1,164.0,64.9,19.0,103.8,12.0,0.5,0.4,0.4,-41.0,0.0,123.0,32.9,19.0,85.7,12.0,0.5,0.4,0.4,-1.9,2.5,5.51,2.96,13.0,4.83,12.0,0.4,0.5,0.5,-17.3,17.6,65.8,32.3,13.0,68.2,12.0,0.4,0.5,0.5,0.89,1.14,1.33,1.11,3.0,0.32,20.0,0.0,0.7,0.5,6.4,9.9,14.1,10.2,3.0,5.6,20.0,0.0,0.7,0.5,-102.6,-52.2,9.5,-40.2,18.0,58.5,12.0,0.5,0.4,0.4,-43.2,0.0,11.1,-13.7,18.0,41.2,12.0,0.5,0.4,0.4,10.2,14.7,19.7,14.9,3.0,7.0,20.0,0.0,0.7,0.5,-11.0,-8.0,7.0,-2.1,3.0,14.1,20.0,0.0,0.7,0.5,4.0,7.6,12.7,8.3,3.0,6.4,20.0,0.0,0.7,0.5,-6.1,-5.5,1.1,-2.6,3.0,5.8,20.0,0.0,0.7,0.5,373.0,658.5,3317.5,1564.5,19.0,1820.0,12.0,0.5,0.4,0.4,375.0,660.0,3320.0,1565.0,19.0,1820.0,12.0,0.5,0.4,0.4
1974,2,309.0,51.0,-1.4,-0.25,1.0,-0.11,74.0,1.28,16.0,0.6,0.4,0.5,-10.03,-4.75,1.51,-4.1,82.0,5.88,18.0,0.5,0.4,0.5,1.75,1.75,1.75,1.75,1.0,0.0,28.0,0.0,0.2,0.9,87.5,87.5,87.5,87.5,1.0,0.0,28.0,0.0,0.9,3.0,9.0,15.0,9.46,74.0,5.55,18.0,0.6,0.4,0.5,0.0,6.77,13.4,6.16,74.0,7.12,18.0,0.6,0.4,0.5,-1.62,1.9,6.38,1.72,74.0,5.43,18.0,0.6,0.4,0.5,992.15,997.5,1019.3,1002.59,86.0,12.79,18.0,0.6,0.4,0.5,3.0,6.0,8.0,5.5,54.0,2.4,18.0,0.8,0.4,0.6,0.0,50.3,193.0,81.0,74.0,111.3,18.0,0.6,0.4,0.5,-8.7,7.7,68.2,21.5,74.0,81.2,18.0,0.6,0.4,0.5,-1.7,4.0,9.0,3.43,71.0,5.37,16.0,0.5,0.4,0.5,-11.4,11.8,131.6,44.5,64.0,71.6,16.0,0.5,0.5,0.5,1.64,1.64,1.64,1.64,1.0,0.0,28.0,0.0,0.2,0.9,22.0,22.0,22.0,22.0,1.0,0.0,28.0,0.0,0.2,0.9,-118.1,-9.4,1.9,-39.8,71.0,65.4,18.0,0.6,0.4,0.5,-41.3,-3.9,0.0,-18.3,71.0,37.6,18.0,0.6,0.4,0.5,23.0,23.0,23.0,23.0,1.0,0.0,28.0,0.0,0.2,0.9,4.1,4.1,4.1,4.1,1.0,0.0,28.0,0.0,0.2,0.9,21.7,21.7,21.7,21.7,1.0,0.0,28.0,0.0,0.2,0.9,3.8,3.8,3.8,3.8,1.0,0.0,28.0,0.0,0.2,0.9,27.0,729.0,3375.0,1696.0,74.0,1986.0,18.0,0.6,0.4,0.5,25.0,730.0,3375.0,1695.0,74.0,1985.0,18.0,0.6,0.4,0.5
1974,2,309.0,52.0,-1.0,0.5,1.86,0.67,35.0,1.62,18.0,0.5,0.4,0.3,-10.69,-6.9,4.31,-4.38,36.0,6.82,18.0,0.5,0.4,0.3,1.4,1.44,2.89,2.18,5.0,1.58,16.0,0.8,0.5,0.3,84.2,86.1,89.1,86.5,5.0,3.0,16.0,0.8,0.3,6.93,12.0,18.0,12.07,38.0,5.49,18.0,0.5,0.4,0.3,0.47,9.65,15.91,9.09,38.0,7.12,18.0,0.5,0.4,0.3,-4.51,0.0,7.49,0.39,38.0,6.64,18.0,0.5,0.4,0.3,989.39,998.0,1012.19,999.9,39.0,11.66,18.0,0.5,0.4,0.3,4.7,8.0,8.0,6.8,24.0,1.8,16.0,0.8,0.4,0.2,0.8,115.1,258.8,141.2,38.0,132.0,18.0,0.5,0.4,0.3,-72.6,0.0,112.6,12.8,38.0,99.4,18.0,0.5,0.4,0.3,0.44,6.5,10.61,5.37,32.0,5.74,18.0,0.5,0.4,0.3,3.4,63.0,170.2,70.3,31.0,86.5,18.0,0.5,0.4,0.3,1.97,2.09,2.14,2.06,4.0,0.12,16.0,0.8,0.4,0.2,30.8,33.2,35.0,32.9,3.0,3.1,16.0,1.0,0.3,0.3,-141.9,-42.3,28.7,-50.7,35.0,82.4,18.0,0.5,0.4,0.3,-82.2,-3.8,22.2,-13.7,35.0,59.8,18.0,0.5,0.4,0.3,9.7,20.4,20.7,15.4,4.0,10.3,16.0,1.0,0.4,0.3,-26.1,-3.6,11.0,-7.4,4.0,29.2,16.0,1.0,0.4,0.3,25.0,29.2,31.6,28.3,3.0,4.9,16.0,1.0,0.3,0.3,-5.6,-5.1,17.1,5.5,3.0,19.0,16.0,1.0,0.3,0.3,342.5,1728.0,5832.0,2780.5,38.0,2662.5,18.0,0.5,0.4,0.3,340.0,1730.0,5830.0,2780.0,38.0,2665.0,18.0,0.5,0.4,0.3
1974,2,309.0,53.0,,,,,,,,,,,,,,,,,,,,,,,,,,,,,,,,,,,,,,,,11.27,14.0,16.73,14.0,2.0,5.66,18.0,0.5,0.7,0.0,10.97,13.38,15.79,13.38,2.0,5.0,18.0,0.5,0.7,0.0,-0.48,2.21,4.9,2.21,2.0,5.58,18.0,0.5,0.7,0.0,993.54,993.85,994.16,993.85,2.0,0.64,18.0,0.5,0.7,0.0,,,,,,,,,,,,,,,,,,,,,,,,,,,,,,,,,,,,,,,,,,,,,,,,,,,,,,,,,,,,,,,,,,,,,,,,,,,,,,,,,,,,,,,,,,,,,,,,,,,,,,,,,,,,,,,,,,,,,,,,,,,,,,,,,,,,,,,,,,,,,,,,,,,,,,
1974,2,309.0,55.0,2.54,2.7,2.7,2.67,29.0,0.39,14.0,0.3,0.6,0.7,-9.28,-2.5,0.0,-4.4,29.0,4.37,14.0,0.3,0.6,0.7,1.32,2.04,2.78,2.15,28.0,0.75,12.0,0.3,0.6,0.7,64.0,79.7,86.7,75.2,28.0,11.1,12.0,0.3,0.7,2.38,12.6,19.36,11.92,28.0,6.93,12.0,0.3,0.6,0.7,1.07,6.99,15.23,7.83,28.0,6.89,12.0,0.3,0.6,0.7,-4.14,0.38,13.06,3.72,28.0,8.36,12.0,0.3,0.6,0.7,985.2,994.2,1005.36,994.44,29.0,8.98,14.0,0.3,0.6,0.7,6.0,8.0,8.0,7.3,29.0,1.2,14.0,0.3,0.6,0.7,1.6,79.1,265.5,122.2,28.0,132.5,12.0,0.3,0.6,0.7,-47.8,0.6,212.8,75.7,28.0,152.7,12.0,0.3,0.6,0.7,2.7,5.6,11.98,7.07,29.0,4.39,14.0,0.3,0.6,0.7,7.6,49.7,192.1,95.1,28.0,85.9,12.0,0.3,0.6,0.7,1.8,2.67,3.39,2.52,28.0,0.81,12.0,0.3,0.6,0.7,3.0,31.6,55.9,31.8,27.0,22.2,12.0,0.3,0.6,0.7,-94.6,-26.8,0.0,-42.9,28.0,48.2,12.0,0.3,0.6,0.7,-121.5,0.0,7.4,-39.7,28.0,60.6,12.0,0.3,0.6,0.7,2.9,12.1,32.4,14.8,27.0,19.1,12.0,0.3,0.6,0.7,-8.9,2.1,24.8,6.6,27.0,16.1,12.0,0.3,0.6,0.7,2.0,23.7,41.6,22.4,27.0,16.4,12.0,0.3,0.6,0.7,-9.5,0.6,38.9,13.0,27.0,23.9,12.0,0.3,0.6,0.7,15.0,2004.0,7256.5,3268.5,28.0,3532.0,12.0,0.3,0.6,0.7,15.0,2005.0,7255.0,3270.0,28.0,3530.0,12.0,0.3,0.6,0.7
1974,2,309.0,56.0,2.0,2.3,2.8,2.45,168.0,0.49,14.0,0.4,0.4,0.5,-3.59,0.0,1.8,-0.96,170.0,3.53,14.0,0.4,0.4,0.5,2.09,3.07,3.9,3.03,164.0,0.89,14.0,0.4,0.4,0.5,69.0,80.4,94.5,81.8,164.0,12.7,14.0,0.4,0.5,4.1,10.8,18.0,11.07,169.0,6.44,14.0,0.4,0.4,0.5,-10.62,0.0,9.98,-0.58,169.0,9.26,14.0,0.4,0.4,0.5,-7.69,-1.61,10.28,0.52,169.0,8.86,14.0,0.4,0.4,0.5,989.5,1000.5,1006.7,999.1,171.0,8.63,14.0,0.4,0.4,0.5,4.0,8.0,8.0,6.8,166.0,2.1,14.0,0.4,0.4,0.5,-166.7,0.0,115.1,-21.5,169.0,170.9,14.0,0.4,0.4,0.5,-81.3,-4.3,145.3,16.7,169.0,160.0,14.0,0.4,0.4,0.5,0.7,2.3,6.27,3.43,167.0,3.5,14.0,0.4,0.4,0.5,4.4,19.0,73.0,42.1,165.0,63.7,14.0,0.4,0.4,0.5,0.6,1.46,2.5,1.54,161.0,0.87,14.0,0.4,0.4,0.5,4.3,11.6,29.6,17.1,159.0,16.0,14.0,0.4,0.4,0.5,-32.3,-3.2,0.0,-15.4,168.0,33.2,14.0,0.4,0.4,0.5,-23.0,0.0,11.0,-13.9,168.0,46.2,14.0,0.4,0.4,0.5,-37.7,0.0,19.3,-4.8,162.0,30.4,14.0,0.4,0.4,0.5,-25.8,-4.1,25.8,-1.1,162.0,28.5,14.0,0.4,0.4,0.5,-8.9,0.0,17.4,2.6,159.0,15.9,14.0,0.4,0.4,0.5,-8.4,-1.8,14.8,2.6,159.0,16.8,14.0,0.4,0.4,0.5,69.0,1259.5,5832.0,2838.5,169.0,4410.0,14.0,0.4,0.4,0.5,70.0,1260.0,5830.0,2840.0,169.0,4410.0,14.0,0.4,0.4,0.5
1974,2,309.0,57.0,2.9,2.9,2.9,2.9,2.0,0.0,8.0,0.0,0.8,0.0,1.7,1.9,2.1,1.9,2.0,0.42,8.0,0.0,0.8,0.0,3.8,3.8,3.8,3.8,2.0,0.0,8.0,0.0,0.8,0.0,86.0,87.2,88.5,87.2,2.0,2.6,8.0,0.0,0.0,14.56,14.9,15.24,14.9,2.0,0.71,8.0,0.0,0.8,0.0,-14.15,-13.47,-12.79,-13.47,2.0,1.41,8.0,0.0,0.8,0.0,-6.89,-6.23,-5.57,-6.23,2.0,1.37,8.0,0.0,0.8,0.0,1008.0,1008.0,1008.0,1008.0,2.0,0.0,8.0,0.0,0.8,0.0,4.3,5.0,5.7,5.0,2.0,1.4,8.0,0.0,0.8,0.0,-216.0,-201.2,-186.4,-201.2,2.0,30.6,8.0,0.0,0.8,0.0,-100.1,-92.4,-84.7,-92.4,2.0,16.0,8.0,0.0,0.8,0.0,0.8,1.0,1.2,1.0,2.0,0.42,8.0,0.0,0.8,0.0,12.0,14.8,17.5,14.8,2.0,5.6,8.0,0.0,0.8,0.0,0.88,0.88,0.88,0.88,2.0,0.0,8.0,0.0,0.8,0.0,12.8,13.1,13.4,13.1,2.0,0.6,8.0,0.0,0.8,0.0,-30.0,-25.9,-21.8,-25.9,2.0,8.4,8.0,0.0,0.8,0.0,-11.6,-11.6,-11.5,-11.6,2.0,0.0,8.0,0.0,0.8,0.0,-53.7,-51.2,-48.6,-51.2,2.0,5.4,8.0,0.0,0.8,0.0,-26.2,-23.7,-21.2,-23.7,2.0,5.2,8.0,0.0,0.8,0.0,-12.5,-11.9,-11.3,-11.9,2.0,1.2,8.0,0.0,0.8,0.0,-6.1,-5.5,-4.9,-5.5,2.0,1.2,8.0,0.0,0.8,0.0,3091.5,3319.0,3546.5,3319.0,2.0,471.0,8.0,0.0,0.8,0.0,3090.0,3320.0,3545.0,3320.0,2.0,470.0,8.0,0.0,0.8,0.0
1974,2,310.0,-62.0,0.87,1.3,1.44,1.12,6.0,0.57,6.0,0.7,1.0,0.8,1.16,2.0,2.84,2.05,6.0,0.91,6.0,0.7,1.0,0.8,4.33,4.53,4.59,4.46,3.0,0.2,4.0,0.3,1.0,0.7,91.7,100.0,100.0,96.5,5.0,5.0,4.0,0.6,0.7,5.1,9.55,14.21,9.65,4.0,5.36,6.0,0.5,1.0,0.8,-6.85,-5.01,-3.91,-5.36,4.0,2.15,6.0,0.5,1.0,0.8,-7.07,-3.31,6.33,-0.51,4.0,10.47,6.0,0.5,1.0,0.8,981.95,986.65,988.94,985.5,4.0,5.44,6.0,0.5,1.0,0.8,8.0,8.0,8.0,8.0,4.0,0.0,6.0,0.8,1.0,0.8,-94.7,-55.3,-20.8,-57.6,4.0,43.9,6.0,0.5,1.0,0.8,-78.5,-17.8,111.6,15.0,4.0,148.0,6.0,0.5,1.0,0.8,-1.44,-0.8,-0.5,-0.93,6.0,0.66,6.0,0.7,1.0,0.8,-20.8,-9.6,-3.1,-11.8,4.0,11.0,6.0,0.5,1.0,0.8,-0.28,-0.19,0.0,-0.14,3.0,0.21,4.0,0.3,1.0,0.7,-3.6,-2.6,-1.6,-2.6,2.0,2.1,4.0,0.0,1.0,0.9,-19.7,-8.1,-5.5,-12.4,4.0,10.8,6.0,0.5,1.0,0.8,-21.8,-6.8,5.3,-8.2,4.0,19.8,6.0,0.5,1.0,0.8,-35.6,-29.9,-24.2,-29.9,2.0,11.8,4.0,0.0,1.0,0.9,-41.2,-31.8,-22.4,-31.8,2.0,19.5,4.0,0.0,1.0,0.9,1.2,1.8,2.4,1.8,2.0,1.2,4.0,0.0,1.0,0.9,1.1,2.0,2.8,2.0,2.0,1.7,4.0,0.0,1.0,0.9,149.5,1192.5,2935.5,1526.5,4.0,1701.5,6.0,0.5,1.0,0.8,150.0,1195.0,2935.0,1525.0,4.0,1700.0,6.0,0.5,1.0,0.8
1974,2,310.0,-61.0,0.89,1.2,1.67,1.28,4.0,0.54,6.0,0.5,1.0,0.5,0.73,1.15,1.41,1.08,4.0,0.5,6.0,0.5,1.0,0.5,3.84,4.2,4.33,4.09,4.0,0.33,6.0,0.5,1.0,0.5,92.3,100.0,100.0,96.3,4.0,7.4,6.0,0.5,0.5,7.18,9.3,11.76,9.47,3.0,3.35,6.0,0.7,1.0,0.5,-0.64,4.65,7.14,3.28,3.0,5.82,6.0,0.7,1.0,0.5,-1.11,8.05,9.3,4.19,3.0,8.33,6.0,0.7,1.0,0.5,965.58,971.65,984.79,975.03,4.0,13.31,6.0,0.5,1.0,0.5,8.0,8.0,8.0,8.0,2.0,0.0,4.0,1.0,1.0,0.3,0.6,43.2,86.7,43.7,3.0,63.1,6.0,0.7,1.0,0.5,1.1,74.9,110.8,56.4,3.0,82.0,6.0,0.7,1.0,0.5,-0.2,0.1,0.61,0.2,4.0,0.53,6.0,0.5,1.0,0.5,-0.4,2.8,8.8,4.2,3.0,6.8,6.0,0.7,1.0,0.5,-0.06,0.03,0.52,0.22,4.0,0.47,6.0,0.5,1.0,0.5,-0.1,0.8,8.3,4.0,3.0,6.8,6.0,0.7,1.0,0.5,-2.8,1.9,6.8,2.0,3.0,7.0,6.0,0.7,1.0,0.5,-4.8,3.2,8.4,1.8,3.0,9.8,6.0,0.7,1.0,0.5,-3.1,18.9,26.5,11.9,3.0,22.6,6.0,0.7,1.0,0.5,-5.4,32.8,34.8,15.1,3.0,33.2,6.0,0.7,1.0,0.5,0.3,0.4,5.3,2.8,3.0,4.2,6.0,0.7,1.0,0.5,0.6,0.7,6.4,3.4,3.0,4.9,6.0,0.7,1.0,0.5,418.0,804.5,1720.5,1063.0,3.0,980.0,6.0,0.7,1.0,0.5,420.0,805.0,1720.0,1065.0,3.0,980.0,6.0,0.7,1.0,0.5
1974,2,310.0,-60.0,2.2,2.2,2.2,2.2,2.0,0.0,6.0,0.5,1.0,0.8,0.44,0.75,1.06,0.75,2.0,0.64,6.0,0.5,1.0,0.8,3.52,3.63,3.74,3.63,2.0,0.22,6.0,0.5,1.0,0.8,83.8,88.7,93.5,88.7,2.0,10.0,6.0,0.5,0.8,13.3,14.15,15.0,14.15,2.0,1.77,6.0,0.5,1.0,0.8,10.19,10.84,11.49,10.84,2.0,1.35,6.0,0.5,1.0,0.8,8.55,9.1,9.64,9.1,2.0,1.14,6.0,0.5,1.0,0.8,981.22,983.85,986.48,983.85,2.0,5.44,6.0,0.5,1.0,0.8,8.0,8.0,8.0,8.0,2.0,0.0,6.0,0.5,1.0,0.8,136.1,154.6,173.1,154.6,2.0,38.3,6.0,0.5,1.0,0.8,114.2,129.7,145.2,129.7,2.0,32.2,6.0,0.5,1.0,0.8,1.14,1.45,1.76,1.45,2.0,0.64,6.0,0.5,1.0,0.8,15.5,21.1,26.7,21.1,2.0,11.6,6.0,0.5,1.0,0.8,0.81,0.93,1.05,0.93,2.0,0.25,6.0,0.5,1.0,0.8,12.0,12.9,13.8,12.9,2.0,1.9,6.0,0.5,1.0,0.8,4.9,7.7,10.5,7.7,2.0,5.9,6.0,0.5,1.0,0.8,4.1,6.5,8.8,6.5,2.0,4.9,6.0,0.5,1.0,0.8,36.0,39.5,43.1,39.5,2.0,7.4,6.0,0.5,1.0,0.8,30.2,33.2,36.1,33.2,2.0,6.2,6.0,0.5,1.0,0.8,9.2,9.9,10.6,9.9,2.0,1.5,6.0,0.5,1.0,0.8,7.7,8.3,8.9,8.3,2.0,1.2,6.0,0.5,1.0,0.8,2385.5,2899.5,3413.5,2899.5,2.0,1064.5,6.0,0.5,1.0,0.8,2385.0,2900.0,3415.0,2900.0,2.0,1065.0,6.0,0.5,1.0,0.8
1974,2,310.0,-59.0,3.0,3.0,3.0,3.0,1.0,0.0,8.0,0.0,1.0,0.5,0.5,0.5,0.5,0.5,1.0,0.0,8.0,0.0,1.0,0.5,3.25,3.25,3.25,3.25,1.0,0.0,8.0,0.0,1.0,0.5,81.5,81.5,81.5,81.5,1.0,0.0,8.0,0.0,0.5,12.9,12.9,12.9,12.9,1.0,0.0,8.0,0.0,1.0,0.5,4.41,4.41,4.41,4.41,1.0,0.0,8.0,0.0,1.0,0.5,12.12,12.12,12.12,12.12,1.0,0.0,8.0,0.0,1.0,0.5,995.4,995.4,995.4,995.4,1.0,0.0,8.0,0.0,1.0,0.5,6.0,6.0,6.0,6.0,1.0,0.0,8.0,0.0,1.0,0.5,56.9,56.9,56.9,56.9,1.0,0.0,8.0,0.0,1.0,0.5,156.4,156.4,156.4,156.4,1.0,0.0,8.0,0.0,1.0,0.5,2.5,2.5,2.5,2.5,1.0,0.0,8.0,0.0,1.0,0.5,32.3,32.3,32.3,32.3,1.0,0.0,8.0,0.0,1.0,0.5,1.52,1.52,1.52,1.52,1.0,0.0,8.0,0.0,1.0,0.5,19.6,19.6,19.6,19.6,1.0,0.0,8.0,0.0,1.0,0.5,2.2,2.2,2.2,2.2,1.0,0.0,8.0,0.0,1.0,0.5,6.1,6.1,6.1,6.1,1.0,0.0,8.0,0.0,1.0,0.5,14.3,14.3,14.3,14.3,1.0,0.0,8.0,0.0,1.0,0.5,39.4,39.4,39.4,39.4,1.0,0.0,8.0,0.0,1.0,0.5,6.7,6.7,6.7,6.7,1.0,0.0,8.0,0.0,1.0,0.5,18.5,18.5,18.5,18.5,1.0,0.0,8.0,0.0,1.0,0.5,2146.5,2146.5,2146.5,2146.5,1.0,0.0,8.0,0.0,1.0,0.5,2145.0,2145.0,2145.0,2145.0,1.0,0.0,8.0,0.0,1.0,0.5
1974,2,310.0,-58.0,3.9,3.9,3.9,3.9,1.0,0.0,8.0,1.0,0.1,0.3,1.0,1.0,1.0,1.0,1.0,0.0,8.0,1.0,0.1,0.3,2.91,2.91,2.91,2.91,1.0,0.0,8.0,1.0,0.1,0.3,70.8,70.8,70.8,70.8,1.0,0.0,8.0,1.0,0.3,5.1,5.1,5.1,5.1,1.0,0.0,8.0,1.0,0.1,0.3,0.89,0.89,0.89,0.89,1.0,0.0,8.0,1.0,0.1,0.3,5.02,5.02,5.02,5.02,1.0,0.0,8.0,1.0,0.1,0.3,1002.2,1002.2,1002.2,1002.2,1.0,0.0,8.0,1.0,0.1,0.3,8.0,8.0,8.0,8.0,1.0,0.0,8.0,1.0,0.1,0.3,4.5,4.5,4.5,4.5,1.0,0.0,8.0,1.0,0.1,0.3,25.6,25.6,25.6,25.6,1.0,0.0,8.0,1.0,0.1,0.3,2.9,2.9,2.9,2.9,1.0,0.0,8.0,1.0,0.1,0.3,14.8,14.8,14.8,14.8,1.0,0.0,8.0,1.0,0.1,0.3,2.14,2.14,2.14,2.14,1.0,0.0,8.0,1.0,0.1,0.3,10.9,10.9,10.9,10.9,1.0,0.0,8.0,1.0,0.1,0.3,0.9,0.9,0.9,0.9,1.0,0.0,8.0,1.0,0.1,0.3,5.0,5.0,5.0,5.0,1.0,0.0,8.0,1.0,0.1,0.3,2.6,2.6,2.6,2.6,1.0,0.0,8.0,1.0,0.1,0.3,14.6,14.6,14.6,14.6,1.0,0.0,8.0,1.0,0.1,0.3,1.9,1.9,1.9,1.9,1.0,0.0,8.0,1.0,0.1,0.3,10.8,10.8,10.8,10.8,1.0,0.0,8.0,1.0,0.1,0.3,132.5,132.5,132.5,132.5,1.0,0.0,8.0,1.0,0.1,0.3,135.0,135.0,135.0,135.0,1.0,0.0,8.0,1.0,0.1,0.3
1974,2,310.0,-57.0,5.5,5.5,5.5,5.5,1.0,0.0,18.0,1.0,1.0,0.8,6.9,6.9,6.9,6.9,1.0,0.0,18.0,1.0,1.0,0.8,5.94,5.94,5.94,5.94,1.0,0.0,18.0,1.0,1.0,0.8,95.3,95.3,95.3,95.3,1.0,0.0,18.0,1.0,0.8,11.8,11.8,11.8,11.8,1.0,0.0,18.0,1.0,1.0,0.8,11.09,11.09,11.09,11.09,1.0,0.0,18.0,1.0,1.0,0.8,-4.04,-4.04,-4.04,-4.04,1.0,0.0,18.0,1.0,1.0,0.8,1001.1,1001.1,1001.1,1001.1,1.0,0.0,18.0,1.0,1.0,0.8,8.0,8.0,8.0,8.0,1.0,0.0,18.0,1.0,1.0,0.8,130.8,130.8,130.8,130.8,1.0,0.0,18.0,1.0,1.0,0.8,-47.6,-47.6,-47.6,-47.6,1.0,0.0,18.0,1.0,1.0,0.8,-1.4,-1.4,-1.4,-1.4,1.0,0.0,18.0,1.0,1.0,0.8,-16.5,-16.5,-16.5,-16.5,1.0,0.0,18.0,1.0,1.0,0.8,-0.28,-0.28,-0.28,-0.28,1.0,0.0,18.0,1.0,1.0,0.8,-3.3,-3.3,-3.3,-3.3,1.0,0.0,18.0,1.0,1.0,0.8,76.5,76.5,76.5,76.5,1.0,0.0,18.0,1.0,1.0,0.8,-27.8,-27.8,-27.8,-27.8,1.0,0.0,18.0,1.0,1.0,0.8,65.8,65.8,65.8,65.8,1.0,0.0,18.0,1.0,1.0,0.8,-24.0,-24.0,-24.0,-24.0,1.0,0.0,18.0,1.0,1.0,0.8,-3.1,-3.1,-3.1,-3.1,1.0,0.0,18.0,1.0,1.0,0.8,1.1,1.1,1.1,1.1,1.0,0.0,18.0,1.0,1.0,0.8,1643.0,1643.0,1643.0,1643.0,1.0,0.0,18.0,1.0,1.0,0.8,1645.0,1645.0,1645.0,1645.0,1.0,0.0,18.0,1.0,1.0,0.8
1974,2,310.0,-46.0,,,,,,,,,,,,,,,,,,,,,,,,,,,,,,,,,,,,,,,,0.0,0.0,0.0,0.0,1.0,0.0,2.0,0.0,0.2,0.8,0.0,0.0,0.0,0.0,1.0,0.0,2.0,0.0,0.2,0.8,0.0,0.0,0.0,0.0,1.0,0.0,2.0,0.0,0.2,0.8,1017.0,1017.0,1017.0,1017.0,1.0,0.0,2.0,0.0,0.2,0.8,,,,,,,,,,,,,,,,,,,,,,,,,,,,,,,,,,,,,,,,,,,,,,,,,,,,,,,,,,,,,,,,,,,,,,,,,,,,,,,,,,,,,,,,,,,,,,,,,,,,,,,,,,,,,,,,,,,,,,,,,,,,,,,,,,,,,,,,,,,,,,,,,,,,,,
1974,2,310.0,-45.0,,,,,,,,,,,,,,,,,,,,,,,,,,,,,,,,,,,,,,,,4.59,5.65,6.71,5.65,2.0,2.19,20.0,0.5,0.7,0.4,-2.4,-2.26,-2.12,-2.26,2.0,0.29,20.0,0.5,0.7,0.4,-6.26,-5.16,-4.06,-5.16,2.0,2.27,20.0,0.5,0.7,0.4,1014.85,1015.4,1015.95,1015.4,2.0,1.13,20.0,0.5,0.7,0.4,,,,,,,,,,,,,,,,,,,,,,,,,,,,,,,,,,,,,,,,,,,,,,,,,,,,,,,,,,,,,,,,,,,,,,,,,,,,,,,,,,,,,,,,,,,,,,,,,,,,,,,,,,,,,,,,,,,,,,,,,,,,,,,,,,,,,,,,,,,,,,,,,,,,,,
1974,2,310.0,-44.0,,,,,,,,,,,,,,,,,,,,,,,,,,,,,,,,,,,,,,,,4.32,5.0,5.68,5.0,2.0,1.41,16.0,0.5,0.6,0.6,-3.93,-3.9,-3.87,-3.9,2.0,0.06,16.0,0.5,0.6,0.6,-3.76,-1.95,-0.15,-1.95,2.0,3.74,16.0,0.5,0.6,0.6,1014.3,1014.3,1014.3,1014.3,1.0,0.0,20.0,0.0,1.0,0.5,,,,,,,,,,,,,,,,,,,,,,,,,,,,,,,,,,,,,,,,,,,,,,,,,,,,,,,,,,,,,,,,,,,,,,,,,,,,,,,,,,,,,,,,,,,,,,,,,,,,,,,,,,,,,,,,,,,,,,,,,,,,,,,,,,,,,,,,,,,,,,,,,,,,,,
1974,2,310.0,-43.0,,,,,,,,,,,,,,,,,,,,,,,,,,,,,,,,,,,,,,,,5.19,5.6,6.01,5.6,2.0,0.85,16.0,0.0,1.0,0.6,-4.59,-4.34,-4.1,-4.34,2.0,0.5,16.0,0.0,1.0,0.6,-4.27,-3.23,-2.19,-3.23,2.0,2.15,16.0,0.0,1.0,0.6,1014.3,1014.3,1014.3,1014.3,1.0,0.0,20.0,0.0,1.0,0.5,,,,,,,,,,,,,,,,,,,,,,,,,,,,,,,,,,,,,,,,,,,,,,,,,,,,,,,,,,,,,,,,,,,,,,,,,,,,,,,,,,,,,,,,,,,,,,,,,,,,,,,,,,,,,,,,,,,,,,,,,,,,,,,,,,,,,,,,,,,,,,,,,,,,,,
1974,2,310.0,-36.0,23.63,25.0,25.27,24.47,3.0,1.29,20.0,0.7,0.4,0.9,23.43,25.2,25.75,24.6,3.0,1.78,20.0,0.7,0.4,0.9,13.36,15.0,16.64,15.0,2.0,3.4,16.0,1.0,0.5,0.9,75.6,78.4,81.2,78.4,2.0,5.8,16.0,1.0,0.9,5.39,6.0,8.25,6.8,3.0,2.21,20.0,0.7,0.4,0.9,-4.9,-2.55,0.29,-2.31,3.0,3.81,20.0,0.7,0.4,0.9,-6.25,0.0,3.01,-1.58,3.0,6.92,20.0,0.7,0.4,0.9,1010.58,1018.5,1019.93,1015.33,3.0,7.38,20.0,0.7,0.4,0.9,2.3,3.0,6.4,4.3,3.0,3.2,20.0,0.7,0.4,0.9,-28.7,-13.0,6.1,-11.3,3.0,25.6,20.0,0.7,0.4,0.9,-58.1,0.0,15.4,-20.9,3.0,56.8,20.0,0.7,0.4,0.9,-1.69,-0.6,1.45,-0.13,3.0,2.34,20.0,0.7,0.4,0.9,-10.8,-5.6,6.6,-2.2,3.0,13.1,20.0,0.7,0.4,0.9,3.63,5.03,6.43,5.03,2.0,2.9,16.0,1.0,0.5,0.9,29.0,31.9,34.8,31.9,2.0,5.9,16.0,1.0,0.5,0.9,-121.5,-57.6,10.4,-55.6,3.0,96.6,20.0,0.7,0.4,0.9,-162.5,0.0,68.1,-46.1,3.0,173.6,20.0,0.7,0.4,0.9,-22.6,-2.0,18.5,-2.0,2.0,42.6,16.0,1.0,0.5,0.9,-125.3,-51.9,21.5,-51.9,2.0,152.0,16.0,1.0,0.5,0.9,-14.4,-6.6,1.2,-6.6,2.0,16.2,16.0,1.0,0.5,0.9,-18.0,2.0,22.0,2.0,2.0,41.4,16.0,1.0,0.5,0.9,159.0,216.0,617.5,384.5,3.0,366.0,20.0,0.7,0.4,0.9,160.0,215.0,620.0,385.0,3.0,365.0,20.0,0.7,0.4,0.9
1974,2,310.0,-34.0,23.33,23.6,23.87,23.6,2.0,0.57,18.0,1.0,0.5,0.5,22.57,23.8,25.03,23.8,2.0,2.55,18.0,1.0,0.5,0.5,14.6,14.6,14.6,14.6,1.0,0.0,22.0,1.0,0.7,0.3,88.4,88.4,88.4,88.4,1.0,0.0,22.0,1.0,0.3,1.16,1.5,1.84,1.5,2.0,0.71,18.0,1.0,0.5,0.5,1.14,1.44,1.74,1.44,2.0,0.62,18.0,1.0,0.5,0.5,-0.58,-0.34,-0.11,-0.34,2.0,0.48,18.0,1.0,0.5,0.5,1009.28,1010.3,1011.32,1010.3,2.0,2.12,18.0,1.0,0.5,0.5,7.2,7.5,7.8,7.5,2.0,0.7,18.0,1.0,0.5,0.5,1.4,2.4,3.3,2.4,2.0,2.0,18.0,1.0,0.5,0.5,-1.2,-0.7,-0.2,-0.7,2.0,1.0,18.0,1.0,0.5,0.5,-1.16,-0.2,0.76,-0.2,2.0,1.98,18.0,1.0,0.5,0.5,-2.5,-1.0,0.5,-1.0,2.0,3.1,18.0,1.0,0.5,0.5,3.2,3.2,3.2,3.2,1.0,0.0,22.0,1.0,0.7,0.3,3.2,3.2,3.2,3.2,1.0,0.0,22.0,1.0,0.7,0.3,26.1,35.1,44.0,35.1,2.0,18.5,18.0,1.0,0.5,0.5,-14.7,-8.8,-2.8,-8.8,2.0,12.4,18.0,1.0,0.5,0.5,14.6,14.6,14.6,14.6,1.0,0.0,22.0,1.0,0.7,0.3,0.0,0.0,0.0,0.0,1.0,0.0,22.0,1.0,0.7,0.3,3.2,3.2,3.2,3.2,1.0,0.0,22.0,1.0,0.7,0.3,0.0,0.0,0.0,0.0,1.0,0.0,22.0,1.0,0.7,0.3,2.0,4.5,7.0,4.5,2.0,5.0,18.0,1.0,0.5,0.5,0.0,5.0,5.0,5.0,2.0,5.0,18.0,1.0,0.5,0.5
1974,2,310.0,-33.0,26.0,26.0,26.0,26.0,1.0,0.0,18.0,1.0,0.5,0.6,23.5,23.5,23.5,23.5,1.0,0.0,18.0,1.0,0.5,0.6,16.47,16.47,16.47,16.47,1.0,0.0,18.0,1.0,0.5,0.6,91.9,91.9,91.9,91.9,1.0,0.0,18.0,1.0,0.6,3.6,3.6,3.6,3.6,1.0,0.0,18.0,1.0,0.5,0.6,-3.38,-3.38,-3.38,-3.38,1.0,0.0,18.0,1.0,0.5,0.6,1.23,1.23,1.23,1.23,1.0,0.0,18.0,1.0,0.5,0.6,1019.0,1019.0,1019.0,1019.0,1.0,0.0,18.0,1.0,0.5,0.6,3.0,3.0,3.0,3.0,1.0,0.0,18.0,1.0,0.5,0.6,-12.2,-12.2,-12.2,-12.2,1.0,0.0,18.0,1.0,0.5,0.6,4.4,4.4,4.4,4.4,1.0,0.0,18.0,1.0,0.5,0.6,2.5,2.5,2.5,2.5,1.0,0.0,18.0,1.0,0.5,0.6,9.0,9.0,9.0,9.0,1.0,0.0,18.0,1.0,0.5,0.6,4.41,4.41,4.41,4.41,1.0,0.0,18.0,1.0,0.5,0.6,15.9,15.9,15.9,15.9,1.0,0.0,18.0,1.0,0.5,0.6,-79.5,-79.5,-79.5,-79.5,1.0,0.0,18.0,1.0,0.5,0.6,28.9,28.9,28.9,28.9,1.0,0.0,18.0,1.0,0.5,0.6,-55.7,-55.7,-55.7,-55.7,1.0,0.0,18.0,1.0,0.5,0.6,20.3,20.3,20.3,20.3,1.0,0.0,18.0,1.0,0.5,0.6,-14.9,-14.9,-14.9,-14.9,1.0,0.0,18.0,1.0,0.5,0.6,5.4,5.4,5.4,5.4,1.0,0.0,18.0,1.0,0.5,0.6,46.5,46.5,46.5,46.5,1.0,0.0,18.0,1.0,0.5,0.6,45.0,45.0,45.0,45.0,1.0,0.0,18.0,1.0,0.5,0.6
1974,2,310.0,-32.0,23.9,24.75,25.41,24.83,6.0,1.21,20.0,0.3,0.6,0.6,22.21,23.3,24.62,23.53,6.0,1.98,20.0,0.3,0.6,0.6,13.63,15.82,17.05,15.49,5.0,2.04,18.0,0.4,0.6,0.7,79.3,86.4,88.6,84.2,5.0,5.8,18.0,0.4,0.7,1.4,3.35,5.29,3.38,6.0,2.01,20.0,0.3,0.6,0.6,-4.32,0.79,1.62,-0.73,6.0,3.37,20.0,0.3,0.6,0.6,0.81,1.01,3.4,1.76,6.0,1.42,20.0,0.3,0.6,0.6,1009.8,1010.9,1013.81,1011.65,6.0,2.24,20.0,0.3,0.6,0.6,3.8,8.0,8.0,6.5,6.0,2.3,20.0,0.3,0.6,0.6,-23.1,1.1,5.9,-6.8,6.0,17.0,20.0,0.3,0.6,0.6,0.9,4.3,16.0,7.1,6.0,7.3,20.0,0.3,0.6,0.6,0.4,0.95,2.58,1.3,6.0,1.17,20.0,0.3,0.6,0.6,0.4,2.5,9.1,4.7,6.0,5.7,20.0,0.3,0.6,0.6,3.58,4.15,4.81,4.14,5.0,0.83,18.0,0.4,0.6,0.7,4.9,12.2,20.1,12.7,5.0,9.0,18.0,0.4,0.6,0.7,-98.4,18.8,40.7,-15.9,6.0,76.7,20.0,0.3,0.6,0.6,17.4,23.5,81.1,42.8,6.0,37.5,20.0,0.3,0.6,0.6,-16.8,22.3,28.7,6.8,5.0,34.3,18.0,0.4,0.6,0.7,10.8,16.1,52.8,29.9,5.0,26.3,18.0,0.4,0.6,0.7,-6.8,5.7,7.9,0.8,5.0,12.0,18.0,0.4,0.6,0.7,2.5,4.2,16.1,8.3,5.0,7.2,18.0,0.4,0.6,0.7,3.0,43.0,150.0,73.5,6.0,86.0,20.0,0.3,0.6,0.6,5.0,45.0,150.0,75.0,6.0,85.0,20.0,0.3,0.6,0.6
1974,2,310.0,-31.0,22.63,24.0,24.52,23.59,16.0,1.27,18.0,0.6,0.4,0.7,22.65,24.25,26.0,24.21,16.0,1.75,18.0,0.6,0.4,0.7,13.38,14.54,16.3,14.89,14.0,1.75,18.0,0.6,0.4,0.7,73.8,81.3,87.8,80.7,14.0,7.3,18.0,0.6,0.7,3.6,6.7,8.98,6.45,17.0,2.4,18.0,0.6,0.4,0.7,-8.01,-4.9,-3.12,-5.18,17.0,2.53,18.0,0.6,0.4,0.7,-4.13,-1.23,3.43,-0.7,17.0,3.82,18.0,0.6,0.4,0.7,1010.99,1015.3,1016.89,1014.46,17.0,2.76,18.0,0.6,0.4,0.7,1.5,6.0,8.0,5.4,17.0,2.8,18.0,0.6,0.4,0.7,-69.7,-34.4,-11.0,-38.0,17.0,29.1,18.0,0.6,0.4,0.7,-28.9,-4.4,25.8,-5.7,17.0,30.1,18.0,0.6,0.4,0.7,-2.0,-1.05,1.62,-0.62,16.0,1.7,18.0,0.6,0.4,0.7,-13.4,-6.4,8.9,-3.9,16.0,13.2,18.0,0.6,0.4,0.7,0.97,3.7,5.07,3.21,14.0,1.86,18.0,0.6,0.4,0.7,8.9,21.0,35.8,20.7,14.0,13.4,18.0,0.6,0.4,0.7,-175.1,-120.1,-72.1,-124.6,16.0,60.3,18.0,0.6,0.4,0.7,-89.5,-22.3,84.5,-14.0,16.0,95.2,18.0,0.6,0.4,0.7,-114.3,-79.1,-48.6,-81.4,14.0,39.5,18.0,0.6,0.4,0.7,-48.3,-5.1,61.7,1.3,14.0,50.2,18.0,0.6,0.4,0.7,-25.1,-15.8,-6.5,-16.4,14.0,11.7,18.0,0.6,0.4,0.7,-6.8,0.0,18.2,3.4,14.0,14.2,18.0,0.6,0.4,0.7,46.5,301.0,725.5,373.5,17.0,335.5,18.0,0.6,0.4,0.7,45.0,300.0,725.0,375.0,17.0,335.0,18.0,0.6,0.4,0.7
1974,2,310.0,-30.0,21.98,24.0,25.0,23.47,25.0,1.45,16.0,0.6,0.7,0.5,22.97,24.55,26.03,24.47,26.0,2.03,16.0,0.6,0.7,0.5,13.52,16.45,17.77,15.84,22.0,2.25,16.0,0.5,0.7,0.5,75.1,84.1,92.4,82.9,22.0,9.0,16.0,0.5,0.5,3.1,4.1,8.2,4.94,25.0,2.34,16.0,0.6,0.7,0.5,-5.05,-3.14,-1.76,-3.26,25.0,2.81,16.0,0.6,0.7,0.5,-3.07,-0.63,2.22,-0.57,25.0,3.4,16.0,0.6,0.7,0.5,1010.99,1012.65,1015.8,1012.99,26.0,2.33,16.0,0.6,0.7,0.5,2.8,5.0,8.0,5.0,25.0,2.4,16.0,0.6,0.7,0.5,-32.0,-12.8,-6.0,-18.4,25.0,24.5,16.0,0.6,0.7,0.5,-16.8,-2.3,9.0,-3.0,25.0,25.8,16.0,0.6,0.7,0.5,-3.1,-0.6,0.74,-1.1,25.0,1.97,16.0,0.6,0.7,0.5,-11.2,-2.9,3.5,-4.3,24.0,9.4,16.0,0.6,0.7,0.5,0.23,2.14,4.85,2.25,21.0,2.53,16.0,0.6,0.7,0.5,0.9,12.1,18.0,11.9,20.0,12.9,16.0,0.6,0.7,0.5,-122.4,-76.3,-45.2,-79.5,25.0,67.1,16.0,0.6,0.7,0.5,-74.1,-15.4,53.1,-16.1,25.0,85.6,16.0,0.6,0.7,0.5,-100.2,-57.9,-35.4,-62.5,21.0,31.8,16.0,0.5,0.7,0.5,-45.6,-10.4,19.5,-17.2,21.0,53.3,16.0,0.5,0.7,0.5,-13.8,-9.6,-0.9,-9.2,20.0,11.1,16.0,0.6,0.7,0.5,-10.8,-1.8,4.1,-1.0,20.0,10.0,16.0,0.6,0.7,0.5,30.0,69.0,551.5,205.5,25.0,256.0,16.0,0.6,0.7,0.5,30.0,70.0,550.0,205.0,25.0,255.0,16.0,0.6,0.7,0.5
1974,2,310.0,-29.0,24.5,24.5,24.5,24.5,1.0,0.0,24.0,1.0,1.0,0.1,22.0,22.0,22.0,22.0,1.0,0.0,24.0,1.0,1.0,0.1,7.6,7.6,7.6,7.6,1.0,0.0,24.0,1.0,1.0,0.1,46.4,46.4,46.4,46.4,1.0,0.0,24.0,1.0,0.1,4.1,4.1,4.1,4.1,1.0,0.0,24.0,1.0,1.0,0.1,-2.64,-2.64,-2.64,-2.64,1.0,0.0,24.0,1.0,1.0,0.1,-3.14,-3.14,-3.14,-3.14,1.0,0.0,24.0,1.0,1.0,0.1,1014.0,1014.0,1014.0,1014.0,1.0,0.0,24.0,1.0,1.0,0.1,8.0,8.0,8.0,8.0,1.0,0.0,24.0,1.0,1.0,0.1,-10.8,-10.8,-10.8,-10.8,1.0,0.0,24.0,1.0,1.0,0.1,-12.9,-12.9,-12.9,-12.9,1.0,0.0,24.0,1.0,1.0,0.1,2.5,2.5,2.5,2.5,1.0,0.0,24.0,1.0,1.0,0.1,10.3,10.3,10.3,10.3,1.0,0.0,24.0,1.0,1.0,0.1,11.57,11.57,11.57,11.57,1.0,0.0,24.0,1.0,1.0,0.1,47.4,47.4,47.4,47.4,1.0,0.0,24.0,1.0,1.0,0.1,-58.0,-58.0,-58.0,-58.0,1.0,0.0,24.0,1.0,1.0,0.1,-69.1,-69.1,-69.1,-69.1,1.0,0.0,24.0,1.0,1.0,0.1,-20.0,-20.0,-20.0,-20.0,1.0,0.0,24.0,1.0,1.0,0.1,-23.9,-23.9,-23.9,-23.9,1.0,0.0,24.0,1.0,1.0,0.1,-30.5,-30.5,-30.5,-30.5,1.0,0.0,24.0,1.0,1.0,0.1,-36.3,-36.3,-36.3,-36.3,1.0,0.0,24.0,1.0,1.0,0.1,69.0,69.0,69.0,69.0,1.0,0.0,24.0,1.0,1.0,0.1,70.0,70.0,70.0,70.0,1.0,0.0,24.0,1.0,1.0,0.1
1974,2,310.0,2.0,27.0,27.2,27.5,27.17,110.0,0.27,4.0,0.5,0.7,0.9,25.3,26.75,27.5,26.49,108.0,1.29,4.0,0.5,0.7,0.9,17.07,17.62,18.64,17.76,101.0,0.73,4.0,0.5,0.7,0.9,74.3,81.1,90.3,82.0,108.0,7.2,4.0,0.5,0.9,9.8,12.3,15.0,12.2,69.0,2.31,4.0,0.5,0.7,0.9,-13.2,-11.09,-8.88,-10.99,69.0,1.96,4.0,0.5,0.7,0.9,-7.7,-4.04,-1.28,-4.17,69.0,3.51,4.0,0.5,0.7,0.9,1005.5,1007.0,1008.48,1007.08,103.0,1.22,4.0,0.5,0.7,0.9,4.0,8.0,8.0,6.3,14.0,2.2,4.0,0.9,0.7,0.9,-183.9,-144.1,-86.2,-137.9,69.0,46.4,4.0,0.5,0.7,0.9,-118.6,-43.7,-11.9,-55.6,69.0,52.3,4.0,0.5,0.7,0.9,-0.3,0.5,1.7,0.68,108.0,1.21,4.0,0.5,0.7,0.9,-6.3,4.1,18.9,6.3,68.0,14.4,4.0,0.5,0.7,0.9,3.98,5.03,5.73,4.89,101.0,0.8,4.0,0.5,0.7,0.9,46.1,55.9,74.5,60.1,64.0,15.5,4.0,0.5,0.7,0.9,-357.4,-305.8,-229.0,-293.4,68.0,56.0,4.0,0.5,0.7,0.9,-209.4,-114.6,-45.5,-114.8,68.0,94.6,4.0,0.5,0.7,0.9,-231.3,-198.9,-157.9,-193.9,64.0,35.1,4.0,0.5,0.7,0.9,-135.5,-69.7,-28.3,-71.3,64.0,61.6,4.0,0.5,0.7,0.9,-68.6,-51.4,-42.3,-54.3,64.0,13.7,4.0,0.5,0.7,0.9,-39.0,-17.7,-8.0,-19.8,64.0,18.1,4.0,0.5,0.7,0.9,941.0,1861.0,3379.5,2009.0,69.0,1077.0,4.0,0.5,0.7,0.9,940.0,1860.0,3380.0,2010.0,69.0,1075.0,4.0,0.5,0.7,0.9
1974,2,310.0,3.0,25.9,26.4,27.84,26.73,6.0,1.1,22.0,0.3,0.6,0.6,25.48,26.4,27.14,26.35,6.0,1.0,22.0,0.3,0.6,0.6,16.92,17.19,17.81,17.54,6.0,1.12,22.0,0.3,0.6,0.6,76.8,79.9,88.5,82.0,6.0,7.7,22.0,0.3,0.6,10.3,12.9,13.08,11.74,5.0,2.33,20.0,0.2,0.5,0.6,-10.57,-9.88,-6.41,-8.77,5.0,2.33,20.0,0.2,0.5,0.6,-9.5,-6.45,-5.55,-7.44,5.0,2.63,20.0,0.2,0.5,0.6,1008.9,1010.4,1011.91,1010.55,6.0,1.86,22.0,0.3,0.6,0.6,5.3,8.0,8.0,6.8,5.0,1.8,22.0,0.4,0.6,0.6,-133.6,-120.6,-73.6,-105.5,5.0,38.9,20.0,0.2,0.5,0.6,-124.7,-83.2,-58.1,-90.7,5.0,44.0,20.0,0.2,0.5,0.6,-1.25,0.2,2.46,0.38,6.0,1.92,22.0,0.3,0.6,0.6,-18.0,-2.6,15.7,-0.5,5.0,22.9,20.0,0.2,0.5,0.6,3.67,4.48,4.98,4.49,6.0,0.91,22.0,0.3,0.6,0.6,39.0,49.6,67.1,53.0,5.0,17.2,20.0,0.2,0.5,0.6,-289.0,-247.0,-170.0,-232.3,5.0,64.3,20.0,0.2,0.5,0.6,-246.0,-172.9,-150.0,-196.7,5.0,71.2,20.0,0.2,0.5,0.6,-179.8,-170.6,-109.8,-150.0,5.0,40.0,20.0,0.2,0.5,0.6,-164.2,-110.4,-93.9,-127.5,5.0,46.4,20.0,0.2,0.5,0.6,-55.2,-36.0,-25.9,-40.0,5.0,15.7,20.0,0.2,0.5,0.6,-45.7,-30.3,-21.7,-33.3,5.0,13.0,20.0,0.2,0.5,0.6,1209.5,2146.5,2241.5,1760.0,5.0,779.5,20.0,0.2,0.5,0.6,1210.0,2145.0,2240.0,1760.0,5.0,780.0,20.0,0.2,0.5,0.6
1974,2,310.0,4.0,26.81,28.3,28.32,27.73,6.0,0.96,14.0,0.5,0.4,0.3,24.17,26.3,26.62,25.6,6.0,1.41,14.0,0.5,0.4,0.3,16.53,17.58,18.89,17.71,5.0,1.22,16.0,0.4,0.4,0.3,75.8,84.9,100.0,86.9,6.0,11.3,14.0,0.5,0.3,5.97,8.2,12.03,8.73,6.0,3.06,14.0,0.5,0.4,0.3,-9.95,-6.46,-4.83,-7.03,6.0,2.54,14.0,0.5,0.4,0.3,-7.35,-5.0,-1.87,-4.73,6.0,2.89,14.0,0.5,0.4,0.3,1008.52,1009.1,1010.89,1009.7,5.0,2.15,16.0,0.4,0.4,0.3,8.0,8.0,8.0,8.0,4.0,0.0,14.0,0.8,0.5,0.2,-122.0,-47.2,-32.0,-66.9,6.0,45.6,14.0,0.5,0.4,0.3,-77.3,-45.9,-11.4,-47.7,6.0,38.4,14.0,0.5,0.4,0.3,0.61,1.7,4.21,2.13,6.0,2.03,14.0,0.5,0.4,0.3,3.2,18.2,27.0,15.7,6.0,14.3,14.0,0.5,0.4,0.3,4.27,5.19,6.99,5.54,5.0,1.61,16.0,0.4,0.4,0.3,35.1,55.2,70.9,53.6,5.0,23.4,16.0,0.4,0.4,0.3,-263.9,-162.7,-115.5,-180.9,6.0,70.6,14.0,0.5,0.4,0.3,-195.8,-128.5,-48.2,-123.7,6.0,78.1,14.0,0.5,0.4,0.3,-170.6,-136.2,-94.0,-131.1,5.0,44.1,16.0,0.4,0.4,0.3,-127.8,-97.5,-64.4,-95.8,5.0,40.0,16.0,0.4,0.4,0.3,-54.2,-36.8,-27.5,-40.4,5.0,17.0,16.0,0.4,0.4,0.3,-54.5,-27.6,-16.3,-33.1,5.0,20.9,16.0,0.4,0.4,0.3,216.5,551.5,1747.0,877.0,6.0,821.5,14.0,0.5,0.4,0.3,215.0,550.0,1745.0,875.0,6.0,820.0,14.0,0.5,0.4,0.3
1974,2,310.0,5.0,26.44,27.9,29.31,27.88,4.0,1.67,18.0,0.5,0.6,0.4,25.65,26.05,26.45,26.05,4.0,0.47,18.0,0.5,0.6,0.4,16.56,16.7,16.84,16.7,2.0,0.29,22.0,0.5,0.4,0.4,77.3,79.5,81.2,79.3,3.0,2.8,16.0,0.3,0.3,7.94,9.1,11.52,9.7,4.0,2.35,18.0,0.5,0.6,0.4,-10.33,-7.33,-4.53,-7.42,4.0,3.43,18.0,0.5,0.6,0.4,-6.56,-6.37,-4.78,-5.71,4.0,1.53,18.0,0.5,0.6,0.4,1011.36,1011.5,1013.68,1012.5,3.0,1.91,24.0,0.7,0.5,0.6,3.0,3.5,5.6,4.3,4.0,1.9,18.0,0.5,0.6,0.4,-120.2,-68.6,-36.1,-77.7,4.0,52.2,18.0,0.5,0.6,0.4,-68.1,-51.4,-42.4,-55.1,4.0,20.4,18.0,0.5,0.6,0.4,0.37,1.9,3.28,1.83,4.0,1.8,18.0,0.5,0.6,0.4,5.5,20.6,29.2,17.5,4.0,15.1,18.0,0.5,0.6,0.4,5.46,6.89,8.32,6.89,2.0,2.96,22.0,0.5,0.4,0.4,42.8,55.3,67.9,55.3,2.0,26.0,22.0,0.5,0.4,0.4,-267.9,-191.8,-117.9,-192.9,4.0,88.1,18.0,0.5,0.6,0.4,-171.2,-163.3,-124.2,-148.4,4.0,39.3,18.0,0.5,0.6,0.4,-85.0,-76.3,-67.6,-76.3,2.0,18.1,22.0,0.5,0.4,0.4,-109.4,-108.1,-106.8,-108.1,2.0,2.7,22.0,0.5,0.4,0.4,-42.8,-32.9,-23.1,-32.9,2.0,20.4,22.0,0.5,0.4,0.4,-52.6,-44.2,-35.9,-44.2,2.0,17.3,22.0,0.5,0.4,0.4,501.5,775.5,1601.0,1038.5,4.0,776.0,18.0,0.5,0.6,0.4,500.0,775.0,1600.0,1040.0,4.0,775.0,18.0,0.5,0.6,0.4
1974,2,310.0,6.0,26.8,26.8,26.9,26.85,4.0,0.1,24.0,0.8,0.5,0.5,25.9,25.95,26.05,25.98,4.0,0.1,24.0,0.8,0.5,0.5,15.5,15.51,16.17,15.83,3.0,0.57,24.0,0.7,0.5,0.5,74.1,74.4,77.0,75.5,3.0,2.3,24.0,0.7,0.5,10.12,10.8,11.62,10.87,3.0,1.1,24.0,0.7,0.5,0.5,-9.32,-8.27,-7.89,-8.6,3.0,1.08,24.0,0.7,0.5,0.5,-8.48,-6.94,-2.2,-5.38,3.0,4.79,24.0,0.7,0.5,0.5,1011.22,1011.7,1011.9,1011.57,3.0,0.51,24.0,0.7,0.5,0.5,1.6,3.0,5.2,3.2,6.0,2.1,22.0,0.8,0.4,0.6,-94.9,-92.6,-90.4,-92.7,3.0,3.3,24.0,0.7,0.5,0.5,-99.1,-75.0,-23.8,-61.8,3.0,56.3,24.0,0.7,0.5,0.5,0.85,0.9,0.9,0.88,4.0,0.05,24.0,0.8,0.5,0.5,9.1,9.6,9.7,9.4,3.0,0.5,24.0,0.7,0.5,0.5,6.07,6.56,6.57,6.32,3.0,0.42,24.0,0.7,0.5,0.5,61.6,70.9,76.3,69.0,3.0,10.9,24.0,0.7,0.5,0.5,-242.6,-214.3,-204.9,-223.5,3.0,28.8,24.0,0.7,0.5,0.5,-220.2,-179.8,-57.1,-139.6,3.0,124.5,24.0,0.7,0.5,0.5,-151.0,-128.3,-122.3,-136.5,3.0,22.1,24.0,0.7,0.5,0.5,-131.4,-107.7,-34.2,-83.4,3.0,74.3,24.0,0.7,0.5,0.5,-56.3,-54.3,-51.8,-54.1,3.0,3.3,24.0,0.7,0.5,0.5,-55.7,-45.6,-14.5,-35.3,3.0,31.5,24.0,0.7,0.5,0.5,1042.5,1259.5,1579.5,1309.5,3.0,396.0,24.0,0.7,0.5,0.5,1040.0,1260.0,1580.0,1310.0,3.0,395.0,24.0,0.7,0.5,0.5
1974,2,310.0,7.0,25.98,26.5,27.53,26.79,13.0,1.05,12.0,0.4,0.5,0.4,25.0,25.9,27.44,26.28,13.0,1.43,12.0,0.4,0.5,0.4,14.48,15.88,17.71,16.16,10.0,1.88,12.0,0.3,0.5,0.4,69.7,76.0,80.8,76.0,10.0,6.3,12.0,0.3,0.4,8.64,11.0,13.61,11.16,11.0,2.55,10.0,0.5,0.5,0.4,-12.78,-10.3,-6.63,-9.88,11.0,3.01,10.0,0.5,0.5,0.4,-6.83,-4.21,0.0,-3.61,11.0,3.58,10.0,0.5,0.5,0.4,1008.0,1010.0,1012.71,1010.18,13.0,1.98,12.0,0.4,0.5,0.4,2.0,4.0,5.0,3.7,13.0,1.8,12.0,0.4,0.5,0.4,-164.3,-115.4,-53.7,-116.2,11.0,57.5,10.0,0.5,0.5,0.4,-73.5,-38.1,0.0,-41.1,11.0,44.9,10.0,0.5,0.5,0.4,-1.1,0.5,2.8,0.52,13.0,2.01,12.0,0.4,0.5,0.4,-15.0,4.6,21.1,4.4,11.0,22.2,10.0,0.5,0.5,0.4,3.01,5.25,8.5,5.99,10.0,2.99,12.0,0.3,0.5,0.4,35.4,56.1,106.7,70.2,8.0,41.1,10.0,0.4,0.5,0.4,-326.9,-293.6,-176.6,-260.4,11.0,76.5,10.0,0.5,0.5,0.4,-187.5,-106.9,0.0,-93.4,11.0,92.4,10.0,0.5,0.5,0.4,-204.0,-160.7,-101.7,-157.0,8.0,48.3,10.0,0.4,0.5,0.4,-111.9,-77.1,-7.6,-75.5,8.0,54.8,10.0,0.4,0.5,0.4,-102.5,-45.0,-27.1,-59.5,8.0,39.6,10.0,0.4,0.5,0.4,-46.3,-23.4,-2.3,-29.5,8.0,26.7,10.0,0.4,0.5,0.4,660.5,1331.0,2521.5,1589.5,11.0,1008.0,10.0,0.5,0.5,0.4,660.0,1330.0,2520.0,1590.0,11.0,1010.0,10.0,0.5,0.5,0.4
1974,2,310.0,8.0,25.81,27.8,27.9,26.9,4.0,1.94,8.0,0.5,0.4,0.5,26.0,26.05,26.68,26.33,4.0,0.59,8.0,0.5,0.4,0.5,15.35,16.62,17.77,16.56,4.0,1.62,8.0,0.5,0.4,0.5,72.4,76.4,82.4,77.3,4.0,7.3,8.0,0.5,0.5,6.68,7.45,7.7,7.2,4.0,0.71,8.0,0.5,0.4,0.5,-7.64,-7.34,-4.49,-6.12,4.0,2.68,8.0,0.5,0.4,0.5,-3.69,-0.67,0.66,-1.48,4.0,3.09,8.0,0.5,0.4,0.5,1010.0,1010.25,1011.29,1010.63,4.0,0.95,8.0,0.5,0.4,0.5,0.0,2.5,5.5,2.8,4.0,3.2,8.0,0.5,0.4,0.5,-58.9,-54.7,-31.2,-45.5,4.0,21.9,8.0,0.5,0.4,0.5,-23.8,-5.1,4.7,-9.4,4.0,19.5,8.0,0.5,0.4,0.5,-0.76,1.15,1.86,0.58,4.0,1.82,8.0,0.5,0.4,0.5,-4.3,8.4,13.9,5.0,4.0,12.4,8.0,0.5,0.4,0.5,4.52,5.72,7.0,5.76,4.0,1.52,8.0,0.5,0.4,0.5,30.4,42.8,53.9,42.2,4.0,14.4,8.0,0.5,0.4,0.5,-203.4,-192.6,-117.0,-161.7,4.0,71.6,8.0,0.5,0.4,0.5,-96.7,-18.2,17.1,-38.8,4.0,80.2,8.0,0.5,0.4,0.5,-130.0,-127.0,-75.6,-103.9,4.0,48.7,8.0,0.5,0.4,0.5,-55.3,-11.4,12.1,-21.1,4.0,46.4,8.0,0.5,0.4,0.5,-53.5,-42.1,-21.4,-37.7,4.0,21.4,8.0,0.5,0.4,0.5,-16.5,-4.3,3.3,-6.5,4.0,13.0,8.0,0.5,0.4,0.5,302.5,415.0,456.5,381.0,4.0,103.0,8.0,0.5,0.4,0.5,305.0,415.0,455.0,380.0,4.0,105.0,8.0,0.5,0.4,0.5
1974,2,310.0,9.0,25.4,25.4,25.4,25.4,1.0,0.0,24.0,1.0,0.8,0.1,25.0,25.0,25.0,25.0,1.0,0.0,24.0,1.0,0.8,0.1,14.89,14.89,14.89,14.89,1.0,0.0,24.0,1.0,0.8,0.1,75.6,75.6,75.6,75.6,1.0,0.0,24.0,1.0,0.1,9.8,9.8,9.8,9.8,1.0,0.0,24.0,1.0,0.8,0.1,-4.9,-4.9,-4.9,-4.9,1.0,0.0,24.0,1.0,0.8,0.1,-8.49,-8.49,-8.49,-8.49,1.0,0.0,24.0,1.0,0.8,0.1,1014.3,1014.3,1014.3,1014.3,1.0,0.0,24.0,1.0,0.8,0.1,7.0,7.0,7.0,7.0,1.0,0.0,24.0,1.0,0.8,0.1,-48.0,-48.0,-48.0,-48.0,1.0,0.0,24.0,1.0,0.8,0.1,-83.2,-83.2,-83.2,-83.2,1.0,0.0,24.0,1.0,0.8,0.1,0.4,0.4,0.4,0.4,1.0,0.0,24.0,1.0,0.8,0.1,3.9,3.9,3.9,3.9,1.0,0.0,24.0,1.0,0.8,0.1,5.34,5.34,5.34,5.34,1.0,0.0,24.0,1.0,0.8,0.1,52.3,52.3,52.3,52.3,1.0,0.0,24.0,1.0,0.8,0.1,-122.5,-122.5,-122.5,-122.5,1.0,0.0,24.0,1.0,0.8,0.1,-212.2,-212.2,-212.2,-212.2,1.0,0.0,24.0,1.0,0.8,0.1,-73.0,-73.0,-73.0,-73.0,1.0,0.0,24.0,1.0,0.8,0.1,-126.4,-126.4,-126.4,-126.4,1.0,0.0,24.0,1.0,0.8,0.1,-26.2,-26.2,-26.2,-26.2,1.0,0.0,24.0,1.0,0.8,0.1,-45.3,-45.3,-45.3,-45.3,1.0,0.0,24.0,1.0,0.8,0.1,941.0,941.0,941.0,941.0,1.0,0.0,24.0,1.0,0.8,0.1,940.0,940.0,940.0,940.0,1.0,0.0,24.0,1.0,0.8,0.1
1974,2,310.0,10.0,25.76,26.1,26.71,26.23,3.0,0.71,14.0,0.7,0.6,0.4,24.25,25.0,25.2,24.73,3.0,0.74,14.0,0.7,0.6,0.4,14.5,14.6,15.06,14.78,3.0,0.44,14.0,0.7,0.6,0.4,74.1,77.5,78.1,76.1,3.0,3.2,14.0,0.7,0.4,8.02,8.7,9.11,8.57,3.0,0.81,14.0,0.7,0.6,0.4,-7.88,-7.24,-6.38,-7.13,3.0,1.1,14.0,0.7,0.6,0.4,-5.81,-2.98,-2.74,-4.24,3.0,2.5,14.0,0.7,0.6,0.4,1010.48,1012.8,1013.21,1011.87,3.0,2.16,14.0,0.7,0.6,0.4,2.0,4.0,4.7,3.3,3.0,2.1,14.0,0.7,0.6,0.4,-66.2,-55.7,-55.6,-60.8,3.0,8.9,14.0,0.7,0.6,0.4,-53.4,-25.9,-22.1,-37.5,3.0,25.1,14.0,0.7,0.6,0.4,0.95,1.7,2.04,1.5,3.0,0.82,14.0,0.7,0.6,0.4,7.8,14.8,18.7,13.3,3.0,8.0,14.0,0.7,0.6,0.4,5.68,6.68,7.43,6.56,3.0,1.29,14.0,0.7,0.6,0.4,47.1,62.1,65.9,56.7,3.0,14.6,14.0,0.7,0.6,0.4,-198.6,-180.9,-154.9,-176.9,3.0,32.2,14.0,0.7,0.6,0.4,-140.1,-75.3,-68.8,-103.8,3.0,57.8,14.0,0.7,0.6,0.4,-116.5,-110.6,-94.1,-105.4,3.0,17.0,14.0,0.7,0.6,0.4,-84.1,-43.4,-41.3,-62.2,3.0,35.3,14.0,0.7,0.6,0.4,-56.1,-39.9,-38.4,-47.1,3.0,14.4,14.0,0.7,0.6,0.4,-39.8,-23.2,-16.7,-28.2,3.0,17.5,14.0,0.7,0.6,0.4,520.5,658.5,758.0,640.0,3.0,174.5,14.0,0.7,0.6,0.4,520.0,660.0,760.0,640.0,3.0,175.0,14.0,0.7,0.6,0.4
1974,2,310.0,11.0,25.1,25.1,25.6,25.32,6.0,0.37,24.0,0.2,0.4,0.5,24.2,24.2,25.12,24.57,6.0,0.6,24.0,0.2,0.4,0.5,13.62,14.68,15.16,14.4,4.0,1.14,22.0,0.3,0.4,0.5,70.3,75.0,78.0,74.2,4.0,4.7,22.0,0.3,0.5,6.68,9.0,10.9,8.8,4.0,2.46,22.0,0.3,0.4,0.5,-9.87,-8.28,-6.48,-8.18,4.0,2.04,22.0,0.3,0.4,0.5,-4.62,-2.94,-1.01,-2.82,4.0,2.31,22.0,0.3,0.4,0.5,1013.1,1014.35,1014.71,1013.93,4.0,1.32,22.0,0.3,0.4,0.5,1.0,2.5,5.2,3.0,6.0,2.1,24.0,0.2,0.4,0.5,-107.7,-76.4,-43.6,-75.7,4.0,37.5,22.0,0.3,0.4,0.5,-50.3,-27.3,-6.3,-28.2,4.0,26.5,22.0,0.3,0.4,0.5,0.48,0.9,0.9,0.75,6.0,0.23,24.0,0.2,0.4,0.5,3.0,6.7,9.8,6.4,4.0,3.9,22.0,0.3,0.4,0.5,5.11,5.77,6.65,5.87,4.0,0.96,22.0,0.3,0.4,0.5,36.7,48.1,68.2,52.3,4.0,19.6,22.0,0.3,0.4,0.5,-238.8,-203.2,-163.8,-201.4,4.0,45.4,22.0,0.3,0.4,0.5,-111.8,-72.7,-25.8,-69.0,4.0,55.6,22.0,0.3,0.4,0.5,-134.1,-121.8,-98.3,-116.5,4.0,22.8,22.0,0.3,0.4,0.5,-64.0,-39.8,-15.0,-39.5,4.0,32.7,22.0,0.3,0.4,0.5,-62.0,-43.0,-35.6,-48.6,4.0,17.6,22.0,0.3,0.4,0.5,-27.8,-19.8,-6.3,-17.1,4.0,13.4,22.0,0.3,0.4,0.5,302.5,816.5,1297.0,800.5,4.0,574.5,22.0,0.3,0.4,0.5,305.0,815.0,1295.0,800.0,4.0,575.0,22.0,0.3,0.4,0.5
1974,2,310.0,12.0,25.0,25.2,25.2,25.13,6.0,0.1,26.0,0.3,0.7,0.2,24.28,24.3,24.4,24.32,6.0,0.08,26.0,0.3,0.7,0.2,12.28,12.82,13.38,12.83,3.0,0.81,26.0,0.3,0.7,0.1,64.9,67.5,70.8,67.8,3.0,4.3,26.0,0.3,0.1,10.8,10.8,11.62,11.2,3.0,0.69,26.0,0.3,0.7,0.1,-10.56,-10.39,-9.68,-10.13,3.0,0.68,26.0,0.3,0.7,0.1,-5.81,-5.4,-2.99,-4.43,3.0,2.23,26.0,0.3,0.7,0.1,1013.1,1013.3,1013.98,1013.53,3.0,0.68,26.0,0.3,0.7,0.1,0.0,3.5,6.2,3.3,6.0,3.1,26.0,0.3,0.7,0.2,-121.6,-114.9,-105.4,-113.5,3.0,11.9,26.0,0.3,0.7,0.1,-67.7,-58.3,-32.3,-50.2,3.0,26.8,26.0,0.3,0.7,0.1,0.7,0.8,0.92,0.82,6.0,0.12,26.0,0.3,0.7,0.2,8.2,9.6,9.7,9.0,3.0,1.2,26.0,0.3,0.7,0.1,6.45,7.19,7.73,7.09,3.0,0.94,26.0,0.3,0.7,0.1,72.4,86.2,86.3,79.5,3.0,11.7,26.0,0.3,0.7,0.1,-256.9,-253.6,-235.6,-246.4,3.0,16.8,26.0,0.3,0.7,0.1,-141.6,-131.2,-72.8,-107.7,3.0,54.4,26.0,0.3,0.7,0.1,-131.6,-127.9,-127.7,-129.6,3.0,3.2,26.0,0.3,0.7,0.1,-75.9,-73.7,-38.8,-57.7,3.0,30.5,26.0,0.3,0.7,0.1,-81.7,-74.8,-62.7,-72.3,3.0,14.0,26.0,0.3,0.7,0.1,-39.9,-33.0,-20.7,-30.4,3.0,14.3,26.0,0.3,0.7,0.1,1259.5,1259.5,1579.5,1416.0,3.0,270.5,26.0,0.3,0.7,0.1,1260.0,1260.0,1580.0,1415.0,3.0,270.0,26.0,0.3,0.7,0.1
1974,2,310.0,13.0,24.89,25.4,26.37,25.62,5.0,0.91,16.0,0.4,0.5,0.6,24.46,24.85,25.0,24.7,6.0,0.42,16.0,0.5,0.5,0.5,13.59,13.99,14.46,14.03,5.0,0.76,16.0,0.4,0.5,0.6,69.5,71.5,76.0,72.9,5.0,5.6,16.0,0.4,0.6,8.1,9.3,11.63,9.78,6.0,1.97,16.0,0.5,0.5,0.5,-10.39,-8.69,-7.21,-9.04,6.0,2.09,16.0,0.5,0.5,0.5,-5.72,-2.44,0.29,-2.51,6.0,2.96,16.0,0.5,0.5,0.5,1012.06,1014.2,1015.54,1013.94,5.0,1.88,16.0,0.4,0.5,0.6,1.8,4.0,6.2,4.0,6.0,2.4,16.0,0.5,0.5,0.5,-121.6,-76.4,-64.0,-91.5,6.0,40.5,16.0,0.5,0.5,0.5,-57.3,-24.6,2.4,-26.2,6.0,29.8,16.0,0.5,0.5,0.5,0.47,1.1,1.43,0.98,5.0,0.75,16.0,0.4,0.5,0.6,4.4,9.0,14.6,9.0,5.0,6.5,16.0,0.4,0.5,0.6,5.04,6.99,7.68,6.51,5.0,1.54,16.0,0.4,0.5,0.6,54.4,58.9,65.7,59.6,5.0,7.1,16.0,0.4,0.5,0.6,-256.8,-214.9,-180.0,-222.6,6.0,47.8,16.0,0.5,0.5,0.5,-142.7,-59.7,7.3,-62.2,6.0,73.7,16.0,0.5,0.5,0.5,-147.0,-113.0,-100.6,-125.4,5.0,38.4,16.0,0.4,0.5,0.6,-54.0,-33.9,7.3,-27.0,5.0,39.8,16.0,0.4,0.5,0.6,-63.2,-58.0,-49.6,-56.1,5.0,11.1,16.0,0.4,0.5,0.6,-25.6,-10.2,3.6,-10.8,5.0,16.7,16.0,0.4,0.5,0.6,532.0,804.5,1588.0,1034.5,6.0,644.5,16.0,0.5,0.5,0.5,530.0,805.0,1590.0,1035.0,6.0,645.0,16.0,0.5,0.5,0.5
1974,2,310.0,14.0,25.16,25.5,25.84,25.5,2.0,0.71,16.0,0.5,0.9,0.5,24.06,24.4,24.74,24.4,2.0,0.71,16.0,0.5,0.9,0.5,15.4,15.41,15.42,15.41,2.0,0.03,16.0,0.5,0.9,0.5,79.3,81.1,83.0,81.1,2.0,3.8,16.0,0.5,0.5,5.92,8.75,11.58,8.75,2.0,5.87,16.0,0.5,0.9,0.5,-11.42,-8.65,-5.89,-8.65,2.0,5.73,16.0,0.5,0.9,0.5,-1.88,-1.12,-0.36,-1.12,2.0,1.58,16.0,0.5,0.9,0.5,1013.19,1014.45,1015.71,1014.45,2.0,2.62,16.0,0.5,0.9,0.5,6.3,7.0,7.7,7.0,2.0,1.4,16.0,0.5,0.9,0.5,-141.2,-92.5,-43.8,-92.5,2.0,100.9,16.0,0.5,0.9,0.5,-24.3,-14.4,-4.6,-14.4,2.0,20.4,16.0,0.5,0.9,0.5,1.1,1.1,1.1,1.1,2.0,0.0,16.0,0.5,0.9,0.5,6.5,9.6,12.7,9.6,2.0,6.5,16.0,0.5,0.9,0.5,4.5,4.95,5.41,4.95,2.0,0.95,16.0,0.5,0.9,0.5,30.5,40.6,50.6,40.6,2.0,20.8,16.0,0.5,0.9,0.5,-273.6,-209.1,-144.5,-209.1,2.0,133.7,16.0,0.5,0.9,0.5,-45.0,-26.8,-8.5,-26.8,2.0,37.9,16.0,0.5,0.9,0.5,-176.1,-133.4,-90.7,-133.4,2.0,88.5,16.0,0.5,0.9,0.5,-29.1,-17.3,-5.5,-17.3,2.0,24.4,16.0,0.5,0.9,0.5,-49.9,-40.1,-30.4,-40.1,2.0,20.2,16.0,0.5,0.9,0.5,-8.1,-4.8,-1.5,-4.8,2.0,6.8,16.0,0.5,0.9,0.5,422.5,1122.0,1821.5,1122.0,2.0,1449.0,16.0,0.5,0.9,0.5,425.0,1120.0,1820.0,1120.0,2.0,1450.0,16.0,0.5,0.9,0.5
1974,2,310.0,15.0,23.8,25.3,25.5,24.67,3.0,1.37,10.0,0.3,0.6,0.4,23.93,24.2,25.57,24.73,3.0,1.29,10.0,0.3,0.6,0.4,13.78,13.79,17.54,15.62,3.0,3.18,10.0,0.3,0.6,0.4,74.2,75.4,86.0,80.0,3.0,9.5,10.0,0.3,0.4,10.3,10.3,11.67,10.97,3.0,1.15,10.0,0.3,0.6,0.4,-11.49,-10.14,-10.14,-10.8,3.0,1.14,10.0,0.3,0.6,0.4,-2.03,-1.79,-1.79,-1.9,3.0,0.2,10.0,0.3,0.6,0.4,1014.66,1016.3,1016.44,1015.57,3.0,1.45,10.0,0.3,0.6,0.4,2.6,4.0,6.7,4.7,3.0,3.1,10.0,0.3,0.6,0.4,-134.9,-104.5,-104.5,-119.3,3.0,25.7,10.0,0.3,0.6,0.4,-23.8,-18.4,-18.4,-21.0,3.0,4.5,10.0,0.3,0.6,0.4,-1.77,1.1,1.58,-0.07,3.0,2.65,10.0,0.3,0.6,0.4,-17.5,13.5,16.9,0.0,3.0,27.8,10.0,0.3,0.6,0.4,0.85,6.28,6.53,3.75,3.0,4.71,10.0,0.3,0.6,0.4,9.9,68.5,74.5,42.8,3.0,52.3,10.0,0.3,0.6,0.4,-284.4,-265.8,-249.1,-266.8,3.0,25.9,10.0,0.3,0.6,0.4,-50.2,-46.9,-43.9,-47.0,3.0,4.6,10.0,0.3,0.6,0.4,-186.5,-167.0,-148.4,-167.5,3.0,27.9,10.0,0.3,0.6,0.4,-32.9,-29.4,-26.2,-29.5,3.0,4.9,10.0,0.3,0.6,0.4,-73.4,-67.4,-9.8,-42.2,3.0,51.5,10.0,0.3,0.6,0.4,-12.9,-11.9,-1.7,-7.4,3.0,9.1,10.0,0.3,0.6,0.4,1092.5,1092.5,1617.0,1349.0,3.0,443.5,10.0,0.3,0.6,0.4,1095.0,1095.0,1615.0,1350.0,3.0,445.0,10.0,0.3,0.6,0.4
1974,2,310.0,16.0,24.32,25.0,25.72,25.03,6.0,0.79,16.0,0.5,0.7,0.5,22.13,23.3,24.0,23.1,5.0,0.96,16.0,0.2,0.6,0.6,13.6,13.78,15.54,14.54,4.0,1.64,16.0,0.0,0.6,0.5,78.6,82.6,89.8,84.1,4.0,8.5,16.0,0.0,0.5,6.2,8.2,10.04,8.41,7.0,1.85,16.0,0.4,0.6,0.5,-9.89,-7.51,-5.37,-7.68,7.0,2.1,16.0,0.4,0.6,0.5,-3.97,-3.1,0.08,-2.09,7.0,2.78,16.0,0.4,0.6,0.5,1016.5,1017.6,1019.19,1018.2,7.0,2.3,16.0,0.4,0.6,0.5,2.0,3.5,5.2,3.7,6.0,1.6,16.0,0.3,0.6,0.6,-99.3,-67.2,-33.3,-67.7,7.0,31.7,16.0,0.4,0.6,0.5,-31.2,-19.2,0.8,-16.1,7.0,25.6,16.0,0.4,0.6,0.5,0.19,1.05,2.59,1.38,4.0,1.53,16.0,0.3,0.7,0.5,1.6,10.0,27.2,14.2,4.0,16.7,16.0,0.3,0.7,0.5,3.43,5.05,6.26,4.85,3.0,2.08,18.0,0.0,0.8,0.4,31.0,41.4,63.4,47.1,3.0,24.2,18.0,0.0,0.8,0.4,-237.6,-196.8,-154.2,-193.2,5.0,50.0,16.0,0.2,0.6,0.6,-96.9,0.0,15.2,-34.7,5.0,74.0,16.0,0.2,0.6,0.6,-137.7,-121.0,-92.7,-115.5,4.0,31.3,16.0,0.0,0.6,0.5,-76.1,-21.1,0.0,-37.3,4.0,50.5,16.0,0.0,0.6,0.5,-63.4,-41.4,-26.8,-45.0,3.0,27.0,18.0,0.0,0.8,0.4,-11.5,0.0,0.0,-5.6,3.0,9.7,18.0,0.0,0.8,0.4,238.5,551.5,1012.5,669.5,7.0,400.5,16.0,0.4,0.6,0.5,240.0,550.0,1010.0,670.0,7.0,400.0,16.0,0.4,0.6,0.5
1974,2,310.0,17.0,24.32,25.0,25.14,24.73,3.0,0.64,8.0,0.7,0.5,0.7,22.34,23.5,24.52,23.43,3.0,1.6,8.0,0.7,0.5,0.7,13.53,15.49,16.11,14.84,3.0,1.97,8.0,0.7,0.5,0.7,74.5,83.4,91.5,83.0,3.0,12.4,8.0,0.7,0.7,6.68,7.7,8.38,7.53,3.0,1.26,8.0,0.7,0.5,0.7,-8.02,-7.7,-6.42,-7.23,3.0,1.24,8.0,0.7,0.5,0.7,-1.45,0.0,2.03,0.29,3.0,2.56,8.0,0.7,0.5,0.7,1013.31,1015.9,1016.86,1015.1,3.0,2.69,8.0,0.7,0.5,0.7,1.3,2.0,2.7,2.0,2.0,1.4,12.0,0.5,0.5,0.8,-67.4,-59.3,-43.5,-55.5,3.0,17.8,8.0,0.7,0.5,0.7,-9.0,0.0,17.7,4.2,3.0,19.9,8.0,0.7,0.5,0.7,0.16,0.5,2.48,1.3,3.0,1.84,8.0,0.7,0.5,0.7,1.2,3.9,15.6,8.3,3.0,11.2,8.0,0.7,0.5,0.7,3.69,4.54,5.49,4.59,3.0,1.32,8.0,0.7,0.5,0.7,28.3,28.7,40.3,34.2,3.0,10.0,8.0,0.7,0.5,0.7,-196.9,-180.9,-144.1,-170.8,3.0,39.7,8.0,0.7,0.5,0.7,-31.6,0.0,50.8,9.4,3.0,60.9,8.0,0.7,0.5,0.7,-122.4,-97.2,-92.5,-107.2,3.0,23.5,8.0,0.7,0.5,0.7,-22.4,0.0,33.3,5.3,3.0,41.1,8.0,0.7,0.5,0.7,-39.7,-26.9,-26.6,-33.0,3.0,11.0,8.0,0.7,0.5,0.7,-6.6,0.0,6.7,0.1,3.0,9.7,8.0,0.7,0.5,0.7,307.5,456.5,594.5,451.0,3.0,210.0,8.0,0.7,0.5,0.7,310.0,455.0,595.0,450.0,3.0,210.0,8.0,0.7,0.5,0.7
1974,2,310.0,18.0,24.48,24.7,26.05,25.11,7.0,1.03,12.0,0.3,0.6,0.3,22.49,23.5,24.0,23.37,7.0,0.7,12.0,0.3,0.6,0.3,12.83,13.43,14.11,13.52,7.0,0.62,12.0,0.3,0.6,0.3,69.6,75.9,79.8,76.1,7.0,5.5,12.0,0.3,0.3,5.08,7.7,10.35,7.7,7.0,2.46,12.0,0.3,0.6,0.3,-10.35,-7.2,-4.77,-7.29,7.0,2.65,12.0,0.3,0.6,0.3,-1.79,0.0,1.73,0.31,7.0,2.46,12.0,0.3,0.6,0.3,1016.85,1018.0,1019.04,1017.94,7.0,1.4,12.0,0.3,0.6,0.3,1.0,3.0,6.0,3.4,7.0,2.9,12.0,0.3,0.6,0.3,-107.1,-51.8,-24.2,-61.6,7.0,40.5,12.0,0.3,0.6,0.3,-9.4,0.0,8.7,2.3,7.0,18.1,12.0,0.3,0.6,0.3,0.68,1.1,3.5,1.74,7.0,1.34,12.0,0.3,0.6,0.3,4.9,7.9,27.4,14.2,7.0,13.0,12.0,0.3,0.6,0.3,4.93,6.48,7.55,6.33,7.0,1.61,12.0,0.3,0.6,0.3,29.1,38.3,74.1,50.0,7.0,24.8,12.0,0.3,0.6,0.3,-243.4,-162.8,-114.4,-170.8,7.0,64.1,12.0,0.3,0.6,0.3,-42.7,0.0,40.5,6.6,7.0,55.5,12.0,0.3,0.6,0.3,-137.9,-97.2,-61.3,-98.2,7.0,33.9,12.0,0.3,0.6,0.3,-23.0,0.0,23.7,4.8,7.0,33.9,12.0,0.3,0.6,0.3,-74.1,-32.7,-29.0,-47.7,7.0,26.0,12.0,0.3,0.6,0.3,-12.3,0.0,9.6,0.3,7.0,14.2,12.0,0.3,0.6,0.3,131.0,456.5,1109.5,579.0,7.0,502.5,12.0,0.3,0.6,0.3,130.0,455.0,1110.0,580.0,7.0,500.0,12.0,0.3,0.6,0.3
1974,2,310.0,19.0,23.09,24.0,24.93,23.86,8.0,1.09,20.0,0.8,0.4,0.4,23.0,23.85,24.0,23.76,8.0,1.18,20.0,0.8,0.4,0.4,11.5,13.62,15.35,13.3,7.0,1.71,18.0,0.7,0.4,0.4,63.2,74.3,84.1,73.6,8.0,10.7,20.0,0.8,0.4,4.6,6.7,11.4,7.79,7.0,3.36,18.0,0.7,0.4,0.4,-9.95,-6.3,-4.6,-7.27,7.0,3.15,18.0,0.7,0.4,0.4,-2.45,0.0,2.4,-0.06,7.0,3.23,18.0,0.7,0.4,0.4,1016.76,1017.6,1020.09,1018.39,7.0,2.04,18.0,0.7,0.4,0.4,4.0,5.5,7.0,5.3,8.0,2.3,20.0,0.8,0.4,0.4,-113.7,-42.2,-21.1,-65.6,7.0,57.7,18.0,0.7,0.4,0.4,-17.7,0.0,29.7,-1.3,7.0,32.5,18.0,0.7,0.4,0.4,-1.18,0.4,1.0,0.1,8.0,1.41,20.0,0.8,0.4,0.4,-5.6,5.4,13.6,5.0,7.0,9.3,18.0,0.7,0.4,0.4,2.79,4.66,7.81,5.08,7.0,2.85,18.0,0.7,0.4,0.4,21.0,29.8,68.6,44.6,6.0,34.7,16.0,0.7,0.4,0.4,-229.5,-144.8,-118.3,-171.9,7.0,73.9,18.0,0.7,0.4,0.4,-56.4,0.0,57.3,-1.6,7.0,74.3,18.0,0.7,0.4,0.4,-108.4,-77.9,-61.6,-87.0,6.0,35.0,16.0,0.7,0.4,0.4,-14.8,13.4,32.0,9.2,6.0,29.4,16.0,0.7,0.4,0.4,-62.1,-28.8,-20.8,-42.5,6.0,34.0,16.0,0.7,0.4,0.4,-6.3,4.1,21.0,7.2,6.0,14.4,16.0,0.7,0.4,0.4,97.5,301.0,1489.0,720.0,7.0,877.5,18.0,0.7,0.4,0.4,95.0,300.0,1490.0,720.0,7.0,875.0,18.0,0.7,0.4,0.4
1974,2,310.0,20.0,23.67,24.1,25.0,24.21,7.0,0.74,10.0,0.9,0.4,0.4,22.44,23.8,24.43,23.56,8.0,0.94,12.0,0.9,0.5,0.5,13.27,13.92,15.11,14.26,6.0,1.25,8.0,0.8,0.4,0.4,69.6,79.4,82.8,78.2,6.0,8.0,8.0,0.8,0.4,4.78,6.95,7.97,6.26,8.0,2.25,12.0,0.9,0.5,0.5,-7.7,-6.45,-4.06,-5.79,8.0,2.3,12.0,0.9,0.5,0.5,0.0,0.0,2.1,0.69,8.0,2.39,12.0,0.9,0.5,0.5,1016.02,1016.8,1021.57,1018.16,8.0,2.91,12.0,0.9,0.5,0.5,3.2,5.5,7.0,5.4,8.0,2.1,12.0,0.9,0.5,0.5,-62.8,-41.7,-20.0,-40.4,8.0,22.2,12.0,0.9,0.5,0.5,0.0,0.0,9.5,3.5,8.0,17.4,12.0,0.9,0.5,0.5,0.09,0.3,0.73,0.43,7.0,0.52,10.0,0.9,0.4,0.4,0.4,1.6,5.2,2.8,7.0,3.3,10.0,0.9,0.4,0.4,3.63,3.99,6.15,4.59,6.0,1.32,8.0,0.8,0.4,0.4,14.8,25.0,42.5,27.2,6.0,16.1,8.0,0.8,0.4,0.4,-186.5,-155.6,-96.1,-136.5,8.0,54.8,12.0,0.9,0.5,0.5,0.0,0.0,50.2,16.1,8.0,53.5,12.0,0.9,0.5,0.5,-101.9,-75.3,-50.1,-72.2,6.0,31.6,8.0,0.8,0.4,0.4,0.0,3.8,41.7,19.1,6.0,29.7,8.0,0.8,0.4,0.4,-42.5,-19.7,-12.9,-25.0,6.0,16.7,8.0,0.8,0.4,0.4,0.0,1.0,11.4,5.5,6.0,9.0,8.0,0.8,0.4,0.4,113.0,337.0,506.0,316.5,8.0,196.0,12.0,0.9,0.5,0.5,115.0,335.0,505.0,315.0,8.0,195.0,12.0,0.9,0.5,0.5
1974,2,310.0,21.0,22.83,23.35,24.57,23.52,10.0,0.97,12.0,0.8,0.5,0.4,23.04,23.6,25.51,24.02,10.0,1.25,12.0,0.8,0.5,0.4,11.92,12.95,14.58,13.16,8.0,1.39,12.0,0.8,0.5,0.4,65.5,69.1,83.8,74.1,9.0,9.3,10.0,0.8,0.4,7.1,9.3,10.17,8.58,9.0,2.07,10.0,0.8,0.5,0.4,-10.13,-9.16,-6.9,-8.3,9.0,2.48,10.0,0.8,0.5,0.4,-1.68,0.0,0.85,-0.37,9.0,1.79,10.0,0.8,0.5,0.4,1017.36,1018.9,1021.01,1018.57,9.0,3.34,12.0,0.8,0.5,0.4,2.4,5.0,6.6,4.7,10.0,2.2,12.0,0.8,0.5,0.4,-103.0,-85.2,-49.3,-75.7,9.0,32.6,10.0,0.8,0.5,0.4,-16.2,0.0,5.7,-5.2,9.0,12.2,10.0,0.8,0.5,0.4,-1.83,-0.3,0.97,-0.5,10.0,1.64,12.0,0.8,0.5,0.4,-15.1,-2.2,9.3,-5.0,9.0,15.1,10.0,0.8,0.5,0.4,4.13,5.07,5.44,4.84,8.0,0.8,12.0,0.8,0.5,0.4,28.0,45.7,55.3,42.1,8.0,15.8,12.0,0.8,0.5,0.4,-243.0,-214.8,-173.1,-198.2,9.0,59.2,10.0,0.8,0.5,0.4,-41.3,0.0,22.1,-8.7,9.0,42.2,10.0,0.8,0.5,0.4,-125.8,-114.0,-96.5,-105.8,8.0,29.8,12.0,0.8,0.5,0.4,-22.2,0.0,14.8,-2.9,8.0,26.0,12.0,0.8,0.5,0.4,-55.3,-44.1,-27.6,-40.8,8.0,17.3,12.0,0.8,0.5,0.4,-8.4,0.0,4.3,-1.3,8.0,8.3,12.0,0.8,0.5,0.4,368.5,804.5,1052.0,720.0,9.0,375.0,10.0,0.8,0.5,0.4,370.0,805.0,1050.0,720.0,9.0,375.0,10.0,0.8,0.5,0.4
1974,2,310.0,22.0,23.01,23.4,24.0,23.33,14.0,1.05,18.0,0.5,0.6,0.4,22.08,22.6,23.94,22.98,13.0,1.31,18.0,0.5,0.6,0.4,11.68,12.9,13.9,13.35,11.0,2.52,18.0,0.6,0.5,0.5,68.2,73.9,84.6,76.1,11.0,9.4,18.0,0.6,0.5,4.6,6.2,7.7,6.16,14.0,1.62,18.0,0.5,0.6,0.4,-6.64,-4.45,-3.4,-4.3,14.0,3.08,18.0,0.5,0.6,0.4,-1.49,1.83,5.11,1.68,14.0,3.32,18.0,0.5,0.6,0.4,1019.81,1021.0,1022.69,1021.16,14.0,1.72,18.0,0.5,0.6,0.4,1.9,3.0,7.0,4.1,13.0,2.4,18.0,0.5,0.6,0.4,-50.8,-25.0,-12.4,-28.9,14.0,24.6,18.0,0.5,0.6,0.4,-12.6,8.0,34.1,11.3,14.0,22.6,18.0,0.5,0.6,0.4,-0.09,0.9,2.01,0.56,13.0,1.78,18.0,0.5,0.6,0.4,-0.7,6.0,9.2,2.8,13.0,11.6,18.0,0.5,0.6,0.4,4.22,5.17,6.32,4.54,11.0,2.98,18.0,0.6,0.5,0.5,22.0,33.4,38.6,26.9,11.0,19.2,18.0,0.6,0.5,0.5,-155.7,-111.9,-80.2,-113.5,13.0,41.3,18.0,0.5,0.6,0.4,-34.8,31.2,133.6,37.9,13.0,79.9,18.0,0.5,0.6,0.4,-86.7,-62.7,-44.5,-63.4,11.0,23.5,18.0,0.6,0.5,0.5,-20.9,31.0,77.9,27.8,11.0,49.8,18.0,0.6,0.5,0.5,-32.7,-24.5,-14.0,-21.2,11.0,15.0,18.0,0.6,0.5,0.5,-16.7,0.0,25.8,4.3,11.0,20.6,18.0,0.6,0.5,0.5,97.5,243.0,456.5,278.0,14.0,191.5,18.0,0.5,0.6,0.4,95.0,245.0,455.0,280.0,14.0,190.0,18.0,0.5,0.6,0.4
1974,2,310.0,23.0,23.0,23.7,24.89,23.8,8.0,1.25,18.0,0.5,0.6,0.3,20.63,22.0,23.31,22.22,9.0,2.15,18.0,0.4,0.6,0.3,11.71,13.08,15.31,13.25,8.0,1.61,16.0,0.5,0.7,0.3,70.6,76.4,88.8,78.2,8.0,8.7,16.0,0.5,0.3,4.67,6.7,8.2,6.73,9.0,1.85,18.0,0.4,0.6,0.3,-7.98,-6.28,-3.63,-5.87,9.0,2.05,18.0,0.4,0.6,0.3,-2.43,1.16,3.62,0.41,9.0,3.36,18.0,0.4,0.6,0.3,1018.25,1022.0,1023.65,1021.08,9.0,2.69,18.0,0.4,0.6,0.3,1.3,3.0,5.7,3.6,9.0,2.4,18.0,0.4,0.6,0.3,-65.4,-44.2,-17.2,-42.6,9.0,23.1,18.0,0.4,0.6,0.3,-19.9,7.8,21.6,0.9,9.0,24.2,18.0,0.4,0.6,0.3,0.11,1.25,3.8,1.36,8.0,2.21,18.0,0.5,0.6,0.3,0.4,8.1,30.8,9.5,8.0,18.5,18.0,0.5,0.6,0.3,2.89,4.41,7.82,4.95,7.0,2.62,18.0,0.6,0.7,0.3,15.9,25.3,53.1,34.9,7.0,22.6,18.0,0.6,0.7,0.3,-184.3,-119.3,-80.5,-132.6,9.0,55.6,18.0,0.4,0.6,0.3,-54.1,26.5,75.7,10.9,9.0,70.9,18.0,0.4,0.6,0.3,-104.4,-72.5,-46.3,-77.4,8.0,31.8,16.0,0.5,0.7,0.3,-18.5,18.6,52.4,17.0,8.0,38.6,16.0,0.5,0.7,0.3,-52.1,-24.9,-13.0,-32.3,7.0,22.7,18.0,0.6,0.7,0.3,-7.6,4.4,10.3,0.1,7.0,14.2,18.0,0.6,0.7,0.3,114.5,301.0,551.5,363.0,9.0,224.5,18.0,0.4,0.6,0.3,115.0,300.0,550.0,365.0,9.0,225.0,18.0,0.4,0.6,0.3
1974,2,310.0,24.0,22.3,22.95,23.0,22.76,26.0,0.67,10.0,0.5,0.5,0.5,21.44,22.0,22.9,22.1,29.0,0.82,12.0,0.6,0.5,0.5,11.24,12.17,13.55,12.44,20.0,1.51,12.0,0.6,0.5,0.5,71.1,73.4,86.1,75.9,20.0,10.4,12.0,0.6,0.5,2.92,5.1,8.04,5.7,25.0,2.77,12.0,0.5,0.5,0.5,-7.53,-3.91,-1.63,-4.26,25.0,3.06,12.0,0.5,0.5,0.5,-3.33,0.89,2.77,0.25,25.0,3.64,12.0,0.5,0.5,0.5,1019.6,1021.3,1023.61,1021.42,24.0,2.13,12.0,0.5,0.5,0.5,2.4,5.0,7.6,4.9,29.0,2.4,12.0,0.6,0.5,0.5,-58.7,-19.9,-6.0,-30.7,25.0,32.9,12.0,0.5,0.5,0.5,-17.2,2.3,16.6,0.2,25.0,30.3,12.0,0.5,0.5,0.5,-0.01,0.8,1.5,0.66,26.0,1.1,10.0,0.5,0.5,0.5,-1.1,3.3,8.2,2.6,22.0,6.7,12.0,0.5,0.5,0.5,2.87,4.82,5.95,4.6,19.0,1.78,10.0,0.5,0.5,0.5,9.3,21.5,38.2,23.6,19.0,14.9,10.0,0.5,0.5,0.5,-168.0,-86.1,-35.9,-94.6,25.0,67.7,12.0,0.5,0.5,0.5,-74.8,19.3,61.0,5.9,25.0,81.8,12.0,0.5,0.5,0.5,-77.1,-42.4,-18.2,-44.9,20.0,33.1,12.0,0.6,0.5,0.5,-37.3,0.0,22.9,-1.0,20.0,44.0,12.0,0.6,0.5,0.5,-38.1,-15.0,-3.5,-17.9,19.0,16.0,10.0,0.5,0.5,0.5,-17.1,0.0,7.1,-2.4,19.0,14.5,10.0,0.5,0.5,0.5,25.0,132.5,519.5,322.0,25.0,424.0,12.0,0.5,0.5,0.5,25.0,135.0,520.0,320.0,25.0,425.0,12.0,0.5,0.5,0.5
1974,2,310.0,25.0,22.1,22.5,23.47,22.78,11.0,0.69,14.0,0.4,0.7,0.2,21.12,21.7,22.1,21.67,11.0,0.93,14.0,0.4,0.7,0.2,11.79,12.38,13.41,12.43,8.0,0.97,14.0,0.3,0.8,0.2,70.9,77.6,80.4,76.7,9.0,6.0,16.0,0.2,0.2,3.24,6.5,9.74,6.38,10.0,3.2,14.0,0.3,0.7,0.2,-8.17,-4.01,-2.9,-4.82,10.0,3.15,14.0,0.3,0.7,0.2,-2.49,-0.73,3.65,0.6,10.0,4.4,14.0,0.3,0.7,0.2,1019.49,1021.2,1022.76,1021.13,9.0,1.71,12.0,0.3,0.7,0.2,2.0,5.0,8.0,5.1,11.0,2.7,14.0,0.4,0.7,0.2,-69.5,-32.3,-10.4,-37.7,10.0,31.2,14.0,0.3,0.7,0.2,-16.1,-2.0,22.9,8.1,10.0,43.3,14.0,0.3,0.7,0.2,0.22,0.9,2.34,1.11,11.0,1.09,14.0,0.4,0.7,0.2,1.4,3.2,13.6,5.7,10.0,7.2,14.0,0.3,0.7,0.2,3.84,4.33,6.05,4.85,8.0,1.37,14.0,0.3,0.8,0.2,15.6,29.7,43.5,31.1,8.0,16.4,14.0,0.3,0.8,0.2,-176.7,-85.6,-62.9,-106.4,10.0,71.1,14.0,0.3,0.7,0.2,-53.4,-15.1,80.3,12.9,10.0,98.1,14.0,0.3,0.7,0.2,-79.0,-52.6,-47.5,-57.9,8.0,38.6,14.0,0.3,0.8,0.2,-28.5,-9.3,55.6,9.4,8.0,62.7,14.0,0.3,0.8,0.2,-36.8,-19.9,-14.4,-22.9,8.0,18.3,14.0,0.3,0.8,0.2,-19.2,-3.2,17.3,0.8,8.0,21.0,14.0,0.3,0.8,0.2,39.5,279.5,937.0,435.5,10.0,470.0,14.0,0.3,0.7,0.2,40.0,280.0,935.0,435.0,10.0,470.0,14.0,0.3,0.7,0.2
1974,2,310.0,26.0,21.15,22.1,23.15,22.16,23.0,1.31,14.0,0.4,0.5,0.5,20.0,21.0,22.18,21.06,25.0,1.13,14.0,0.4,0.5,0.5,9.65,11.78,12.73,11.44,20.0,1.54,14.0,0.4,0.5,0.5,62.1,75.4,79.8,73.2,21.0,7.9,14.0,0.4,0.5,2.93,5.95,8.58,5.82,24.0,2.61,14.0,0.4,0.5,0.4,-6.45,-3.03,-1.35,-3.56,24.0,2.49,14.0,0.4,0.5,0.4,-4.51,0.38,5.96,0.29,24.0,4.76,14.0,0.4,0.5,0.4,1019.43,1020.95,1025.17,1021.78,24.0,2.73,14.0,0.3,0.5,0.4,1.0,4.0,7.0,4.2,25.0,2.6,14.0,0.4,0.5,0.5,-49.7,-15.6,-4.5,-24.4,24.0,24.5,14.0,0.4,0.5,0.4,-23.6,0.4,36.9,2.5,24.0,38.8,14.0,0.4,0.5,0.4,-0.61,1.4,2.6,1.04,23.0,1.64,14.0,0.4,0.5,0.5,-4.8,3.6,11.6,3.7,22.0,9.9,14.0,0.4,0.5,0.4,3.67,5.02,6.82,5.18,19.0,1.89,14.0,0.4,0.5,0.5,14.4,29.0,39.7,28.4,18.0,13.6,14.0,0.4,0.5,0.4,-125.5,-61.0,-27.5,-74.8,24.0,51.9,14.0,0.4,0.5,0.4,-92.0,8.3,130.9,6.7,24.0,101.8,14.0,0.4,0.5,0.4,-69.0,-32.4,-20.5,-41.6,19.0,28.5,14.0,0.4,0.5,0.4,-42.7,9.7,58.8,7.4,19.0,50.8,14.0,0.4,0.5,0.4,-31.4,-14.6,-5.2,-17.3,18.0,11.8,14.0,0.4,0.5,0.4,-23.1,7.6,14.1,0.3,18.0,24.1,14.0,0.4,0.5,0.4,25.5,212.0,640.0,313.5,24.0,344.5,14.0,0.4,0.5,0.4,25.0,210.0,640.0,315.0,24.0,345.0,14.0,0.4,0.5,0.4
1974,2,310.0,27.0,21.19,21.9,22.82,21.76,15.0,1.13,14.0,0.3,0.6,0.4,20.6,21.1,22.7,21.39,15.0,1.43,14.0,0.3,0.6,0.4,10.06,12.83,13.56,12.1,12.0,2.01,14.0,0.3,0.6,0.3,66.2,79.4,89.5,77.8,13.0,14.2,14.0,0.3,0.3,2.6,4.6,8.2,4.91,14.0,2.71,14.0,0.4,0.6,0.4,-3.98,-1.24,-0.89,-1.99,14.0,1.66,14.0,0.4,0.6,0.4,-0.31,2.18,7.01,2.3,14.0,4.54,14.0,0.4,0.6,0.4,1018.34,1020.6,1022.94,1020.64,14.0,2.4,14.0,0.4,0.6,0.4,2.0,6.0,7.1,4.8,13.0,2.8,14.0,0.4,0.6,0.3,-25.0,-6.0,-2.0,-11.0,14.0,11.3,14.0,0.4,0.6,0.4,0.0,6.8,56.6,13.9,14.0,37.4,14.0,0.4,0.6,0.4,-1.48,0.5,2.31,0.37,15.0,2.13,14.0,0.3,0.6,0.4,-11.3,0.6,4.9,0.0,14.0,12.3,14.0,0.4,0.6,0.4,1.88,3.03,6.32,3.81,12.0,2.5,14.0,0.3,0.6,0.3,4.0,16.9,28.1,16.6,12.0,11.8,14.0,0.3,0.6,0.3,-83.4,-28.6,-17.6,-42.8,14.0,35.7,14.0,0.4,0.6,0.4,-6.5,49.5,160.0,54.1,14.0,95.4,14.0,0.4,0.6,0.4,-39.6,-16.3,-8.8,-21.3,12.0,17.3,14.0,0.3,0.6,0.3,-11.7,21.0,86.1,25.7,12.0,62.1,14.0,0.3,0.6,0.3,-22.8,-3.2,-0.3,-8.6,12.0,11.4,14.0,0.3,0.6,0.3,-3.1,5.1,13.8,4.4,12.0,14.4,14.0,0.3,0.6,0.3,17.5,101.0,551.5,223.0,14.0,269.5,14.0,0.4,0.6,0.4,20.0,100.0,550.0,225.0,14.0,270.0,14.0,0.4,0.6,0.4
1974,2,310.0,28.0,21.0,22.0,22.15,21.58,23.0,1.08,12.0,0.6,0.5,0.4,19.5,20.9,22.2,20.93,25.0,1.32,12.0,0.6,0.5,0.4,9.31,11.2,13.29,11.45,20.0,1.71,12.0,0.6,0.5,0.4,63.3,75.7,84.1,75.0,20.0,11.0,12.0,0.6,0.4,3.0,5.7,9.1,6.1,24.0,3.22,12.0,0.6,0.5,0.4,-4.6,0.0,3.45,-0.32,24.0,4.29,12.0,0.6,0.5,0.4,-4.35,1.93,6.85,1.4,24.0,5.35,12.0,0.6,0.5,0.4,1018.64,1021.6,1025.32,1022.14,25.0,4.4,12.0,0.6,0.5,0.4,1.8,5.0,8.0,4.8,25.0,2.7,12.0,0.6,0.5,0.4,-28.7,0.0,18.7,-5.9,24.0,38.9,12.0,0.6,0.5,0.4,-25.3,8.7,51.5,9.2,24.0,51.1,12.0,0.6,0.5,0.4,-0.65,0.6,2.45,0.61,23.0,1.79,12.0,0.6,0.5,0.4,-4.2,3.1,11.7,6.4,22.0,14.0,14.0,0.5,0.5,0.4,2.91,4.23,6.1,4.37,19.0,1.6,12.0,0.5,0.5,0.4,11.9,22.2,31.8,24.0,18.0,14.7,12.0,0.5,0.5,0.4,-93.9,0.0,70.1,-5.7,24.0,87.1,12.0,0.6,0.5,0.4,-86.8,41.9,150.7,32.1,24.0,109.1,12.0,0.6,0.5,0.4,-54.5,0.0,25.0,-16.3,19.0,45.6,12.0,0.5,0.5,0.4,-41.7,29.3,92.9,19.3,19.0,67.8,12.0,0.5,0.5,0.4,-21.8,0.0,9.1,-4.6,18.0,16.9,12.0,0.5,0.5,0.4,-17.7,11.2,23.7,4.7,18.0,22.1,12.0,0.5,0.5,0.4,27.0,185.0,755.5,417.0,24.0,563.5,12.0,0.6,0.5,0.4,25.0,185.0,755.0,415.0,24.0,565.0,12.0,0.6,0.5,0.4
1974,2,310.0,29.0,19.0,20.0,21.0,20.25,23.0,1.47,16.0,0.4,0.7,0.5,19.2,20.0,21.57,20.38,24.0,1.64,16.0,0.4,0.6,0.5,8.57,9.61,12.43,10.29,11.0,2.1,16.0,0.3,0.7,0.5,57.8,73.1,84.3,70.7,11.0,13.8,16.0,0.3,0.5,5.0,7.2,9.0,6.87,23.0,2.63,16.0,0.3,0.6,0.5,-6.85,-1.56,4.75,-0.93,23.0,5.69,16.0,0.3,0.6,0.5,-3.61,1.5,6.46,1.11,23.0,4.65,16.0,0.3,0.6,0.5,1019.96,1023.6,1027.14,1023.7,24.0,3.67,16.0,0.4,0.6,0.5,1.0,4.0,7.5,4.2,23.0,2.7,16.0,0.4,0.6,0.5,-52.1,-4.3,26.1,-9.5,23.0,52.4,16.0,0.3,0.6,0.5,-23.3,2.3,49.9,9.1,23.0,39.2,16.0,0.3,0.6,0.5,-2.15,0.0,1.25,-0.14,23.0,2.07,16.0,0.4,0.7,0.5,-12.9,0.8,9.8,1.6,22.0,14.1,16.0,0.4,0.7,0.5,1.95,4.83,6.35,4.25,11.0,2.53,16.0,0.3,0.7,0.5,8.2,28.7,44.9,26.7,10.0,17.6,18.0,0.2,0.7,0.5,-134.9,-31.4,95.8,-15.6,23.0,111.7,16.0,0.3,0.6,0.5,-65.2,30.8,132.8,25.3,23.0,96.3,16.0,0.3,0.6,0.5,-48.1,16.9,58.0,9.0,10.0,55.2,18.0,0.2,0.7,0.5,-25.8,9.7,43.1,10.8,10.0,42.9,18.0,0.2,0.7,0.5,-26.2,0.6,19.2,-3.6,10.0,23.7,18.0,0.2,0.7,0.5,-7.3,-0.2,28.7,5.7,10.0,22.1,18.0,0.2,0.7,0.5,125.0,373.0,729.0,461.0,23.0,490.0,16.0,0.3,0.6,0.5,125.0,375.0,730.0,460.0,23.0,490.0,16.0,0.3,0.6,0.5
1974,2,310.0,30.0,19.37,20.0,20.55,19.98,13.0,0.69,14.0,0.6,0.6,0.4,18.8,19.8,21.34,20.18,13.0,1.54,14.0,0.6,0.6,0.4,9.23,11.29,12.61,10.99,10.0,1.81,14.0,0.7,0.6,0.4,67.5,74.6,88.1,76.4,10.0,14.3,14.0,0.7,0.4,4.77,5.7,9.73,7.18,12.0,4.02,14.0,0.6,0.6,0.3,-3.92,-1.14,4.51,-0.29,12.0,3.79,14.0,0.6,0.6,0.3,-3.71,0.27,9.56,2.77,12.0,7.04,14.0,0.6,0.6,0.3,1018.57,1023.3,1026.37,1021.92,13.0,4.57,14.0,0.6,0.6,0.4,1.0,6.0,8.0,4.8,12.0,3.2,14.0,0.7,0.6,0.4,-31.5,-5.1,24.7,-6.3,12.0,28.0,14.0,0.6,0.6,0.3,-17.4,-1.1,93.4,41.9,12.0,90.3,14.0,0.6,0.6,0.3,-2.02,0.3,0.75,-0.2,13.0,1.28,14.0,0.6,0.6,0.4,-12.7,1.7,3.7,-1.7,12.0,8.9,14.0,0.6,0.6,0.3,1.95,3.15,4.72,3.32,10.0,1.84,14.0,0.7,0.6,0.4,8.2,16.9,33.5,19.3,9.0,12.4,14.0,0.7,0.6,0.4,-78.6,-20.8,95.3,-5.9,12.0,77.6,14.0,0.6,0.6,0.3,-70.9,4.1,212.4,58.1,12.0,143.4,14.0,0.6,0.6,0.3,-34.8,-11.6,37.1,0.5,9.0,40.0,14.0,0.7,0.6,0.4,-39.1,-13.9,86.9,11.5,9.0,66.1,14.0,0.7,0.6,0.4,-14.6,-0.4,7.8,-3.8,9.0,14.5,14.0,0.7,0.6,0.4,-16.3,-2.5,16.1,2.5,9.0,18.4,14.0,0.7,0.6,0.4,110.5,185.0,938.5,753.5,12.0,1369.5,14.0,0.6,0.6,0.3,110.0,185.0,940.0,755.0,12.0,1370.0,14.0,0.6,0.6,0.3
1974,2,310.0,31.0,19.53,19.95,22.0,20.5,10.0,1.14,16.0,0.6,0.7,0.6,18.7,19.8,21.41,20.06,11.0,1.9,16.0,0.5,0.7,0.6,8.64,10.81,11.86,10.31,8.0,1.68,16.0,0.5,0.6,0.6,60.6,73.9,82.2,71.7,8.0,10.9,16.0,0.5,0.6,4.39,5.1,6.7,5.78,11.0,2.45,16.0,0.5,0.7,0.6,-3.19,-1.16,1.07,-0.93,11.0,2.9,16.0,0.5,0.7,0.6,1.86,4.42,6.42,4.13,11.0,3.83,16.0,0.5,0.7,0.6,1020.46,1023.1,1026.61,1023.45,11.0,3.23,16.0,0.5,0.7,0.6,1.5,3.0,8.0,4.2,9.0,2.9,16.0,0.6,0.6,0.6,-18.7,-7.8,3.9,-7.5,11.0,20.8,16.0,0.5,0.7,0.6,6.7,22.5,43.0,30.3,11.0,39.0,16.0,0.5,0.7,0.6,-0.96,0.0,2.5,0.43,10.0,2.03,16.0,0.6,0.7,0.6,-3.1,0.0,11.8,0.9,10.0,12.5,16.0,0.6,0.7,0.6,2.46,3.66,7.21,4.58,7.0,2.52,18.0,0.6,0.6,0.6,12.3,16.1,35.4,21.9,7.0,12.6,18.0,0.6,0.6,0.6,-62.6,-22.3,20.5,-19.0,11.0,58.2,16.0,0.5,0.7,0.6,36.3,87.5,127.4,84.2,11.0,87.5,16.0,0.5,0.7,0.6,-26.5,-8.2,11.5,-0.6,8.0,32.0,16.0,0.5,0.6,0.6,21.2,42.5,56.2,34.9,8.0,34.1,16.0,0.5,0.6,0.6,-6.1,-5.1,3.2,-1.6,7.0,7.4,18.0,0.6,0.6,0.6,5.5,12.1,34.8,12.6,7.0,21.8,18.0,0.6,0.6,0.6,85.5,132.5,301.0,304.5,11.0,481.0,16.0,0.5,0.7,0.6,85.0,135.0,300.0,305.0,11.0,480.0,16.0,0.5,0.7,0.6
1974,2,310.0,32.0,18.51,19.65,21.1,19.73,20.0,1.42,14.0,0.6,0.6,0.5,18.13,19.4,20.23,19.25,24.0,1.14,14.0,0.6,0.5,0.5,8.54,10.82,12.75,10.56,19.0,1.88,14.0,0.6,0.5,0.5,65.5,78.6,85.7,76.7,19.0,12.4,14.0,0.6,0.5,6.34,9.3,13.65,9.53,23.0,3.55,14.0,0.6,0.5,0.5,-3.71,5.91,8.77,3.2,23.0,6.97,14.0,0.6,0.5,0.5,-2.93,4.79,8.86,3.59,23.0,5.91,14.0,0.6,0.5,0.5,1016.5,1019.6,1024.51,1020.19,23.0,4.09,14.0,0.6,0.5,0.5,1.0,2.5,6.3,3.3,24.0,2.4,14.0,0.6,0.5,0.5,-36.1,35.5,106.5,34.6,23.0,88.5,14.0,0.6,0.5,0.5,-24.7,43.2,102.9,38.0,23.0,73.2,14.0,0.6,0.5,0.5,-1.1,0.1,1.99,0.38,20.0,1.72,14.0,0.6,0.6,0.5,-11.6,1.2,16.2,4.6,19.0,18.9,14.0,0.6,0.6,0.5,1.41,2.79,6.06,3.57,17.0,2.17,14.0,0.6,0.5,0.5,11.8,22.3,62.6,34.8,16.0,27.1,14.0,0.6,0.6,0.5,-70.5,120.9,176.6,65.9,23.0,132.9,14.0,0.6,0.5,0.5,-54.9,83.9,180.5,70.5,23.0,117.1,14.0,0.6,0.5,0.5,-29.0,70.2,105.4,51.4,18.0,68.5,14.0,0.6,0.5,0.5,17.3,57.2,110.0,53.5,18.0,54.5,14.0,0.6,0.5,0.5,-1.8,13.2,31.2,15.0,16.0,32.4,14.0,0.6,0.6,0.5,6.2,10.9,29.7,9.5,16.0,25.3,14.0,0.6,0.6,0.5,257.5,804.5,2548.5,1215.0,23.0,1139.0,14.0,0.6,0.5,0.5,260.0,805.0,2550.0,1215.0,23.0,1140.0,14.0,0.6,0.5,0.5
1974,2,310.0,33.0,18.21,19.0,20.03,19.24,18.0,1.16,16.0,0.4,0.6,0.4,17.3,18.0,19.3,18.27,20.0,1.24,16.0,0.5,0.6,0.4,7.51,9.98,11.44,9.87,17.0,2.21,16.0,0.5,0.5,0.4,59.5,80.0,89.4,75.6,17.0,14.4,16.0,0.5,0.4,4.81,10.0,12.3,8.98,17.0,3.91,16.0,0.5,0.6,0.4,-2.64,5.98,9.78,3.95,17.0,6.74,16.0,0.5,0.6,0.4,-0.92,5.15,7.64,3.37,17.0,5.18,16.0,0.5,0.6,0.4,1015.51,1019.6,1024.49,1020.44,20.0,5.04,16.0,0.5,0.6,0.4,1.0,4.5,7.0,4.6,20.0,2.5,16.0,0.5,0.6,0.4,-14.0,50.0,117.9,46.8,17.0,80.7,16.0,0.5,0.6,0.4,-2.4,44.9,85.1,35.9,17.0,58.8,16.0,0.5,0.6,0.4,-0.36,0.85,2.62,0.99,18.0,1.61,16.0,0.4,0.6,0.4,-2.6,1.8,28.0,11.3,15.0,20.1,16.0,0.5,0.6,0.5,1.9,3.43,5.96,3.88,17.0,2.32,16.0,0.5,0.5,0.4,15.9,26.7,51.7,37.3,14.0,30.1,16.0,0.6,0.5,0.4,-48.9,115.4,172.7,73.1,17.0,121.7,16.0,0.5,0.6,0.4,-16.2,98.9,138.0,64.6,17.0,92.7,16.0,0.5,0.6,0.4,-16.3,63.0,91.7,48.7,14.0,66.7,16.0,0.6,0.5,0.4,10.6,58.0,79.8,49.1,14.0,40.8,16.0,0.6,0.5,0.4,-3.9,15.1,38.0,22.3,14.0,31.8,16.0,0.6,0.5,0.4,2.8,15.8,34.6,12.6,14.0,26.3,16.0,0.6,0.5,0.4,170.5,1000.0,1861.0,1080.5,17.0,954.0,16.0,0.5,0.6,0.4,170.0,1000.0,1860.0,1080.0,17.0,955.0,16.0,0.5,0.6,0.4
1974,2,310.0,34.0,18.08,19.0,20.42,19.16,16.0,1.24,14.0,0.5,0.6,0.3,16.88,18.3,19.43,18.04,16.0,1.71,14.0,0.5,0.6,0.3,7.91,9.89,12.59,10.14,14.0,2.07,12.0,0.5,0.6,0.2,66.6,80.8,89.7,79.0,14.0,11.6,12.0,0.5,0.2,5.52,9.3,13.22,9.47,16.0,4.3,14.0,0.5,0.6,0.3,-0.55,6.4,10.23,5.15,16.0,6.78,14.0,0.5,0.6,0.3,-4.87,0.0,9.06,1.79,16.0,6.04,14.0,0.5,0.6,0.3,1014.32,1020.6,1024.6,1019.17,16.0,6.12,14.0,0.5,0.6,0.3,3.0,5.5,6.6,4.9,16.0,2.0,14.0,0.5,0.6,0.3,-1.4,47.2,133.7,65.8,16.0,98.1,14.0,0.5,0.6,0.3,-34.8,0.0,105.3,29.0,16.0,71.9,14.0,0.5,0.6,0.3,-0.92,1.55,2.2,1.12,16.0,2.31,14.0,0.5,0.6,0.3,-10.3,7.7,22.9,5.5,16.0,18.5,14.0,0.5,0.6,0.3,0.56,3.94,6.01,3.62,14.0,2.55,12.0,0.5,0.6,0.2,5.1,23.4,67.0,32.4,14.0,29.2,12.0,0.5,0.6,0.2,-7.7,110.5,211.1,98.6,16.0,124.4,14.0,0.5,0.6,0.3,-86.2,0.0,171.1,38.0,16.0,114.7,14.0,0.5,0.6,0.3,-6.6,57.5,132.5,52.6,14.0,68.7,12.0,0.5,0.6,0.2,-48.0,0.0,91.3,17.7,14.0,68.3,12.0,0.5,0.6,0.2,-4.1,4.8,43.1,13.8,14.0,36.5,12.0,0.5,0.6,0.2,-25.4,0.0,5.2,-4.8,14.0,20.5,12.0,0.5,0.6,0.2,173.0,804.5,2399.0,1364.5,16.0,1671.5,14.0,0.5,0.6,0.3,175.0,805.0,2400.0,1365.0,16.0,1670.0,14.0,0.5,0.6,0.3
1974,2,310.0,35.0,17.01,18.65,19.5,18.54,20.0,1.15,16.0,0.6,0.5,0.3,16.2,18.0,19.47,17.83,21.0,1.65,16.0,0.6,0.5,0.4,7.89,10.49,12.27,10.12,18.0,2.19,16.0,0.7,0.5,0.4,68.4,80.9,88.4,78.4,19.0,12.0,16.0,0.6,0.3,5.12,9.0,15.38,9.72,20.0,5.1,16.0,0.6,0.5,0.4,-1.16,3.11,10.64,4.05,20.0,6.09,16.0,0.6,0.5,0.4,0.04,6.5,11.53,5.44,20.0,6.31,16.0,0.6,0.5,0.4,1012.92,1021.05,1026.3,1019.75,20.0,6.87,16.0,0.6,0.5,0.4,1.2,5.0,8.0,4.6,21.0,2.9,16.0,0.6,0.5,0.4,-7.7,16.5,147.7,60.5,20.0,90.5,16.0,0.6,0.5,0.4,0.1,50.9,141.9,67.6,20.0,93.1,16.0,0.6,0.5,0.4,-1.0,0.1,3.2,0.67,20.0,2.01,16.0,0.6,0.5,0.3,-12.6,0.0,13.2,1.3,19.0,20.1,16.0,0.6,0.5,0.3,0.77,3.15,5.01,2.99,18.0,2.16,16.0,0.7,0.5,0.4,9.0,21.6,27.1,21.6,17.0,25.8,16.0,0.6,0.6,0.4,-18.7,48.7,200.0,75.7,20.0,112.7,16.0,0.6,0.5,0.4,0.6,115.9,231.5,104.2,20.0,112.1,16.0,0.6,0.5,0.4,-14.3,34.9,112.3,46.2,17.0,71.7,16.0,0.6,0.6,0.4,-13.5,56.6,125.4,58.1,17.0,68.1,16.0,0.6,0.6,0.4,-8.0,2.1,16.5,6.8,17.0,25.1,16.0,0.6,0.6,0.4,-14.1,10.4,21.7,3.8,17.0,21.7,16.0,0.6,0.6,0.4,135.0,731.5,3637.5,1638.0,20.0,1908.0,16.0,0.6,0.5,0.4,135.0,730.0,3635.0,1640.0,20.0,1910.0,16.0,0.6,0.5,0.4
1974,2,310.0,36.0,18.32,18.9,19.65,18.81,11.0,1.25,16.0,0.6,0.5,0.7,14.97,17.3,19.1,17.13,12.0,2.14,16.0,0.6,0.5,0.6,6.37,10.63,11.76,9.23,9.0,2.61,16.0,0.6,0.5,0.7,59.9,80.7,86.6,74.7,9.0,13.1,16.0,0.6,0.7,2.6,10.3,15.93,10.08,12.0,6.45,16.0,0.6,0.5,0.6,-0.42,6.14,11.65,5.8,12.0,5.75,16.0,0.6,0.5,0.6,-3.3,1.4,11.19,3.45,12.0,8.35,16.0,0.6,0.5,0.6,1010.74,1021.35,1023.61,1018.83,12.0,7.1,16.0,0.6,0.5,0.6,3.2,5.5,7.3,5.0,12.0,2.6,16.0,0.6,0.5,0.6,-1.1,59.7,235.3,88.2,12.0,97.6,16.0,0.6,0.5,0.6,-20.7,8.1,157.5,60.8,12.0,144.2,16.0,0.6,0.5,0.6,-0.6,1.2,4.25,1.85,11.0,2.21,16.0,0.6,0.5,0.7,-5.2,6.8,34.8,12.2,11.0,20.6,16.0,0.6,0.5,0.7,1.34,3.78,7.28,4.18,9.0,2.85,16.0,0.6,0.5,0.7,9.3,17.3,69.9,32.5,9.0,33.9,16.0,0.6,0.5,0.7,-5.7,114.9,224.6,104.4,12.0,101.8,16.0,0.6,0.5,0.6,-45.4,26.1,211.8,72.4,12.0,150.8,16.0,0.6,0.5,0.6,-5.0,67.4,110.3,59.7,9.0,59.9,16.0,0.6,0.5,0.7,-9.1,3.6,124.5,46.0,9.0,87.5,16.0,0.6,0.5,0.7,-6.2,8.6,34.9,14.2,9.0,24.5,16.0,0.6,0.5,0.7,-9.8,2.9,25.0,3.8,9.0,38.6,16.0,0.6,0.5,0.7,17.5,1123.5,4086.5,2243.5,12.0,3166.0,16.0,0.6,0.5,0.6,20.0,1125.0,4085.0,2245.0,12.0,3165.0,16.0,0.6,0.5,0.6
1974,2,310.0,37.0,17.74,18.15,19.0,18.26,10.0,0.68,16.0,0.4,0.6,0.4,16.09,17.15,18.64,16.82,10.0,2.21,16.0,0.4,0.6,0.4,6.87,9.67,10.97,9.22,9.0,1.89,16.0,0.4,0.6,0.4,71.8,78.4,84.6,76.8,9.0,12.1,16.0,0.4,0.4,7.04,12.6,19.49,13.68,10.0,7.67,16.0,0.4,0.6,0.4,0.99,9.53,15.15,9.08,10.0,8.37,16.0,0.4,0.6,0.4,2.73,9.36,13.85,7.9,10.0,5.98,16.0,0.4,0.6,0.4,1007.47,1015.5,1021.7,1015.41,10.0,7.53,16.0,0.4,0.6,0.4,2.4,6.5,8.0,5.6,10.0,2.7,16.0,0.4,0.6,0.4,4.5,98.2,299.3,175.5,10.0,237.4,16.0,0.4,0.6,0.4,18.4,117.4,232.8,140.8,10.0,139.2,16.0,0.4,0.6,0.4,-0.29,0.4,2.83,1.44,10.0,2.4,16.0,0.4,0.6,0.4,-4.0,6.4,42.9,16.0,10.0,23.8,16.0,0.4,0.6,0.4,1.91,3.22,5.93,3.73,9.0,1.9,16.0,0.4,0.6,0.4,21.1,28.9,57.1,44.3,9.0,32.8,16.0,0.4,0.6,0.4,17.4,168.4,248.7,161.2,10.0,150.9,16.0,0.4,0.6,0.4,49.6,162.5,232.0,138.6,10.0,99.8,16.0,0.4,0.6,0.4,3.8,87.2,172.3,89.9,9.0,89.0,16.0,0.4,0.6,0.4,21.1,84.1,127.0,71.6,9.0,56.6,16.0,0.4,0.6,0.4,3.9,17.8,43.9,26.5,9.0,34.5,16.0,0.4,0.6,0.4,5.5,25.0,47.8,23.7,9.0,26.0,16.0,0.4,0.6,0.4,523.5,2064.5,7495.5,5020.5,10.0,8011.5,16.0,0.4,0.6,0.4,525.0,2065.0,7495.0,5020.0,10.0,8010.0,16.0,0.4,0.6,0.4
1974,2,310.0,38.0,17.08,18.0,18.87,17.99,9.0,1.15,12.0,0.7,0.3,0.5,12.96,14.6,17.82,15.15,13.0,2.38,12.0,0.7,0.4,0.5,6.72,7.84,11.36,8.57,13.0,2.08,12.0,0.7,0.4,0.5,71.3,77.4,90.3,79.2,13.0,11.8,12.0,0.7,0.5,6.65,10.3,23.21,13.45,13.0,7.73,12.0,0.7,0.4,0.5,-5.52,3.28,15.08,3.88,13.0,10.73,12.0,0.7,0.4,0.5,-5.41,4.75,9.63,4.25,13.0,10.23,12.0,0.7,0.4,0.5,1005.62,1012.5,1023.19,1013.28,13.0,8.41,12.0,0.7,0.4,0.5,5.0,7.0,8.0,6.8,13.0,1.6,12.0,0.7,0.4,0.5,-48.4,16.7,294.3,103.9,13.0,214.4,12.0,0.7,0.4,0.5,-38.3,51.5,146.1,94.0,13.0,239.7,12.0,0.7,0.4,0.5,0.27,2.2,4.52,2.28,9.0,2.1,12.0,0.7,0.3,0.5,2.2,22.7,36.9,20.8,9.0,18.3,12.0,0.7,0.3,0.5,1.73,3.76,4.69,3.61,9.0,1.7,12.0,0.7,0.3,0.5,19.9,32.8,43.2,33.2,9.0,12.8,12.0,0.7,0.3,0.5,-96.8,45.9,220.1,52.0,13.0,155.5,12.0,0.7,0.4,0.5,-69.2,73.6,167.5,76.4,13.0,155.5,12.0,0.7,0.4,0.5,-53.3,29.0,118.5,26.2,13.0,84.1,12.0,0.7,0.4,0.5,-38.0,41.6,77.4,45.7,13.0,101.5,12.0,0.7,0.4,0.5,-28.4,0.0,12.8,-5.9,9.0,22.0,12.0,0.7,0.3,0.5,-27.0,11.2,31.1,7.0,9.0,28.7,12.0,0.7,0.3,0.5,295.0,1092.5,12503.0,4957.5,13.0,7123.5,12.0,0.7,0.4,0.5,295.0,1095.0,12505.0,4955.0,13.0,7125.0,12.0,0.7,0.4,0.5
1974,2,310.0,39.0,14.45,19.0,19.37,17.3,5.0,2.86,12.0,0.2,0.7,0.7,9.95,17.2,17.69,14.12,5.0,5.52,12.0,0.2,0.7,0.7,5.38,7.97,10.14,7.77,4.0,2.83,16.0,0.3,0.6,0.7,70.5,79.6,85.7,78.2,4.0,9.0,16.0,0.3,0.7,9.49,13.9,20.31,14.48,5.0,6.88,12.0,0.2,0.7,0.7,-5.5,6.15,18.2,6.28,5.0,12.8,12.0,0.2,0.7,0.7,3.83,9.5,10.65,7.11,5.0,5.76,12.0,0.2,0.7,0.7,999.7,1012.5,1021.73,1011.46,5.0,12.03,12.0,0.2,0.7,0.7,6.0,6.0,6.5,6.3,4.0,0.5,10.0,0.3,0.7,0.8,-55.6,75.6,373.7,145.6,5.0,246.8,12.0,0.2,0.7,0.7,78.2,148.0,176.8,124.1,5.0,79.6,12.0,0.2,0.7,0.7,-0.28,1.8,7.59,3.18,5.0,5.23,12.0,0.2,0.7,0.7,-1.6,34.2,80.4,39.5,5.0,67.2,12.0,0.2,0.7,0.7,1.9,5.48,6.76,4.38,4.0,3.73,16.0,0.3,0.6,0.7,6.5,61.8,135.5,70.6,4.0,80.6,16.0,0.3,0.6,0.7,-67.3,107.0,281.9,101.4,5.0,192.1,12.0,0.2,0.7,0.7,57.4,172.9,183.9,125.1,5.0,85.9,12.0,0.2,0.7,0.7,22.6,99.3,146.8,85.3,4.0,78.4,16.0,0.3,0.6,0.7,16.1,70.2,102.7,59.9,4.0,55.7,16.0,0.3,0.6,0.7,-13.7,38.7,123.9,54.4,4.0,84.5,16.0,0.3,0.6,0.7,-14.1,18.9,53.6,19.7,4.0,39.2,16.0,0.3,0.6,0.7,1217.0,2685.5,8569.5,4609.0,5.0,4603.0,12.0,0.2,0.7,0.7,1215.0,2685.0,8570.0,4610.0,5.0,4605.0,12.0,0.2,0.7,0.7
1974,2,310.0,40.0,5.27,9.0,16.47,11.38,9.0,6.15,14.0,0.9,0.5,0.4,4.41,8.1,15.58,8.73,12.0,6.48,14.0,0.8,0.5,0.4,4.35,6.3,11.35,7.35,9.0,3.21,16.0,0.8,0.5,0.4,75.8,88.4,98.4,86.5,10.0,11.4,16.0,0.7,0.4,7.04,10.15,13.54,10.44,12.0,5.27,14.0,0.8,0.5,0.4,-0.44,7.48,11.88,7.32,12.0,6.92,14.0,0.8,0.5,0.4,-5.66,2.14,7.97,1.45,12.0,6.17,14.0,0.8,0.5,0.4,993.44,1012.3,1017.74,1006.35,11.0,12.87,14.0,0.8,0.5,0.4,3.6,5.0,7.4,5.3,11.0,1.8,14.0,0.7,0.5,0.4,-0.9,74.2,162.8,107.5,12.0,133.8,14.0,0.8,0.5,0.4,-53.7,9.4,111.7,28.0,12.0,81.4,14.0,0.8,0.5,0.4,-2.36,1.2,4.9,0.96,9.0,5.11,14.0,0.9,0.5,0.4,-26.0,27.1,46.3,6.8,9.0,69.4,14.0,0.9,0.5,0.4,-0.1,2.87,4.3,2.06,7.0,4.05,14.0,0.9,0.5,0.4,-2.1,27.8,93.3,27.6,7.0,61.5,14.0,0.9,0.5,0.4,4.6,65.8,191.1,90.7,12.0,94.2,14.0,0.8,0.5,0.4,-27.1,10.7,114.7,38.3,12.0,74.1,14.0,0.8,0.5,0.4,12.4,50.3,128.9,67.7,9.0,57.2,16.0,0.8,0.5,0.4,-13.0,42.1,89.1,36.1,9.0,51.7,16.0,0.8,0.5,0.4,-2.9,21.3,87.7,25.8,7.0,54.6,14.0,0.9,0.5,0.4,-13.9,1.3,31.9,1.9,7.0,30.1,14.0,0.9,0.5,0.4,374.0,1067.5,2529.5,2029.0,12.0,3169.0,14.0,0.8,0.5,0.4,375.0,1070.0,2530.0,2030.0,12.0,3170.0,14.0,0.8,0.5,0.4
1974,2,310.0,41.0,8.43,12.4,14.57,12.23,10.0,4.21,18.0,0.9,0.6,0.4,2.83,6.6,10.52,6.99,16.0,3.71,20.0,0.7,0.6,0.5,3.99,5.76,7.38,5.61,11.0,1.58,20.0,0.7,0.6,0.4,69.8,81.0,94.0,81.7,11.0,12.3,20.0,0.7,0.4,4.29,12.3,16.63,10.58,16.0,5.63,20.0,0.7,0.6,0.5,-5.99,0.23,5.42,0.52,16.0,6.25,20.0,0.7,0.6,0.5,-10.18,-2.47,13.75,0.48,16.0,10.56,20.0,0.7,0.6,0.5,1008.83,1018.0,1023.59,1016.41,16.0,9.1,20.0,0.7,0.6,0.5,3.7,7.0,8.0,6.3,15.0,2.4,20.0,0.7,0.6,0.4,-82.5,0.6,40.8,5.0,16.0,94.8,20.0,0.7,0.6,0.5,-125.3,-7.0,190.8,19.3,16.0,162.9,20.0,0.7,0.6,0.5,-1.8,2.55,8.22,3.83,10.0,6.36,18.0,0.9,0.6,0.4,-8.1,17.7,56.1,26.0,10.0,46.6,18.0,0.9,0.6,0.4,0.24,2.6,4.65,2.43,8.0,2.28,20.0,1.0,0.6,0.3,1.1,14.8,38.2,15.6,8.0,19.4,20.0,1.0,0.6,0.3,-26.0,1.1,25.1,-1.9,16.0,33.4,20.0,0.7,0.6,0.5,-31.4,-11.6,140.4,33.4,16.0,95.7,20.0,0.7,0.6,0.5,-25.0,1.6,17.7,-4.1,11.0,25.1,20.0,0.7,0.6,0.4,-28.4,12.6,102.4,23.8,11.0,67.9,20.0,0.7,0.6,0.4,-6.2,5.0,11.0,4.3,8.0,8.6,20.0,1.0,0.6,0.3,-13.0,3.2,36.7,7.5,8.0,22.2,20.0,1.0,0.6,0.3,79.5,1861.0,4749.0,2122.0,16.0,2276.0,20.0,0.7,0.6,0.5,80.0,1860.0,4750.0,2120.0,16.0,2275.0,20.0,0.7,0.6,0.5
1974,2,310.0,42.0,0.38,3.85,6.93,4.06,16.0,3.1,18.0,0.8,0.6,0.4,0.22,4.0,8.23,4.36,17.0,3.81,18.0,0.7,0.5,0.4,3.68,4.17,4.66,4.19,11.0,0.49,16.0,0.6,0.6,0.4,62.9,83.3,88.7,78.0,12.0,15.8,16.0,0.7,0.4,4.87,9.8,13.95,9.94,17.0,4.24,18.0,0.7,0.5,0.4,-4.3,2.96,11.41,4.04,17.0,6.86,18.0,0.7,0.5,0.4,-6.68,-3.18,8.48,0.42,17.0,7.63,18.0,0.7,0.5,0.4,1004.99,1013.4,1022.27,1013.09,16.0,10.01,16.0,0.7,0.5,0.5,3.0,6.0,8.0,5.6,17.0,2.5,18.0,0.7,0.5,0.4,-34.3,13.6,150.7,50.9,17.0,91.2,18.0,0.7,0.5,0.4,-79.8,-12.8,90.1,7.8,17.0,100.7,18.0,0.7,0.5,0.4,-5.25,0.9,2.95,-0.49,16.0,4.27,18.0,0.8,0.6,0.4,-69.1,5.8,24.3,-10.9,16.0,53.4,18.0,0.8,0.6,0.4,-0.24,1.22,2.67,1.2,10.0,1.41,18.0,0.7,0.6,0.4,-2.6,10.0,22.7,9.5,10.0,13.2,18.0,0.7,0.6,0.4,-18.6,0.0,44.9,12.3,17.0,49.2,18.0,0.7,0.5,0.4,-16.0,8.9,64.2,18.0,17.0,48.5,18.0,0.7,0.5,0.4,-7.6,3.3,44.6,13.7,11.0,26.8,16.0,0.6,0.6,0.4,-18.8,0.0,31.5,2.7,11.0,25.5,16.0,0.6,0.6,0.4,-9.1,0.0,10.8,0.4,10.0,9.7,18.0,0.7,0.6,0.4,-7.7,-1.3,9.7,0.3,10.0,13.4,18.0,0.7,0.6,0.4,116.5,941.0,2712.5,1479.5,17.0,1406.5,18.0,0.7,0.5,0.4,115.0,940.0,2715.0,1480.0,17.0,1405.0,18.0,0.7,0.5,0.4
1974,2,310.0,43.0,-0.25,0.8,3.21,1.15,11.0,2.05,18.0,0.5,0.6,0.4,-0.54,0.5,1.94,0.9,11.0,1.96,18.0,0.5,0.6,0.4,2.94,3.72,3.85,3.61,10.0,0.88,18.0,0.6,0.6,0.3,77.8,91.3,98.2,87.4,10.0,11.2,18.0,0.6,0.3,6.41,7.95,14.8,9.83,10.0,4.77,16.0,0.6,0.6,0.4,-5.24,6.7,13.4,5.33,10.0,8.64,16.0,0.6,0.6,0.4,-6.52,-1.85,1.26,-2.53,10.0,4.11,16.0,0.6,0.6,0.4,1003.65,1011.8,1016.75,1011.01,11.0,7.32,18.0,0.5,0.6,0.4,4.9,8.0,8.0,7.0,10.0,1.7,18.0,0.6,0.6,0.3,-38.0,47.3,199.9,79.7,10.0,125.2,16.0,0.6,0.6,0.4,-88.9,-19.9,9.2,-34.3,10.0,51.9,16.0,0.6,0.6,0.4,-0.71,0.5,2.01,0.25,11.0,2.86,18.0,0.5,0.6,0.4,-4.1,7.3,15.1,3.5,10.0,19.3,16.0,0.6,0.6,0.4,-0.13,0.63,1.54,0.54,10.0,1.24,18.0,0.6,0.6,0.3,0.2,6.9,11.3,5.7,9.0,9.6,18.0,0.7,0.6,0.4,-5.1,1.5,18.1,4.3,10.0,16.1,16.0,0.6,0.6,0.4,-5.0,0.0,7.1,0.5,10.0,6.6,16.0,0.6,0.6,0.4,-14.9,28.1,44.1,17.3,9.0,29.1,18.0,0.7,0.6,0.4,-24.3,0.0,4.6,-8.1,9.0,16.1,18.0,0.7,0.6,0.4,-10.3,2.7,8.2,1.5,9.0,10.6,18.0,0.7,0.6,0.4,-4.8,0.0,2.0,-1.4,9.0,3.6,18.0,0.7,0.6,0.4,265.0,504.0,3263.5,1602.0,10.0,2048.0,16.0,0.6,0.6,0.4,265.0,505.0,3265.0,1600.0,10.0,2050.0,16.0,0.6,0.6,0.4
1974,2,310.0,44.0,-0.06,1.0,2.19,1.14,7.0,1.63,18.0,0.1,0.5,0.4,-1.66,0.3,1.8,0.08,10.0,1.79,18.0,0.4,0.5,0.4,2.77,3.52,3.85,3.29,5.0,0.82,16.0,0.4,0.6,0.4,76.4,89.6,94.0,84.4,5.0,16.5,16.0,0.4,0.4,3.89,8.2,15.18,9.24,11.0,5.46,18.0,0.4,0.5,0.5,-2.4,3.12,12.2,3.75,11.0,6.88,18.0,0.4,0.5,0.5,-5.39,1.8,7.43,1.53,11.0,7.64,18.0,0.4,0.5,0.5,1007.54,1011.4,1017.56,1013.09,9.0,6.28,18.0,0.3,0.5,0.4,2.8,5.0,8.0,5.2,6.0,2.5,16.0,0.7,0.7,0.5,-28.2,11.2,155.5,43.4,11.0,99.2,18.0,0.4,0.5,0.5,-40.6,6.5,72.4,20.4,11.0,111.3,18.0,0.4,0.5,0.5,-0.5,0.2,4.0,0.97,7.0,2.36,18.0,0.1,0.5,0.4,-5.9,0.0,20.1,3.3,7.0,23.4,18.0,0.1,0.5,0.4,0.57,1.15,1.53,1.06,4.0,0.57,16.0,0.3,0.7,0.4,5.1,8.5,11.3,8.2,4.0,3.7,16.0,0.3,0.7,0.4,-15.4,-3.3,1.1,-6.5,10.0,9.7,18.0,0.4,0.5,0.4,-1.4,4.1,23.1,10.5,10.0,14.5,18.0,0.4,0.5,0.4,-5.1,11.7,23.6,9.5,5.0,24.6,16.0,0.4,0.6,0.4,-0.3,7.4,21.4,9.8,5.0,16.0,16.0,0.4,0.6,0.4,0.1,6.6,10.2,5.2,4.0,6.2,16.0,0.3,0.7,0.4,-1.4,3.4,4.9,1.8,4.0,5.0,16.0,0.3,0.7,0.4,59.5,551.5,3605.5,1535.0,11.0,1850.5,18.0,0.4,0.5,0.5,60.0,550.0,3605.0,1535.0,11.0,1850.0,18.0,0.4,0.5,0.5
1974,2,310.0,45.0,-1.63,0.1,1.51,0.19,12.0,1.85,18.0,0.7,0.5,0.5,-2.94,-0.7,0.19,-0.93,14.0,1.69,16.0,0.7,0.6,0.6,2.65,3.33,3.7,3.16,10.0,0.64,18.0,0.7,0.5,0.6,77.3,90.9,96.9,85.8,10.0,14.4,18.0,0.7,0.6,4.73,10.8,16.9,11.09,14.0,6.09,16.0,0.6,0.6,0.6,2.97,7.18,14.59,7.64,14.0,6.79,16.0,0.6,0.6,0.6,-8.53,-0.58,3.52,-0.18,14.0,7.79,16.0,0.6,0.6,0.6,987.86,1010.85,1017.85,1007.37,14.0,14.03,16.0,0.6,0.5,0.5,6.0,8.0,8.0,7.3,12.0,1.1,16.0,0.8,0.5,0.6,14.0,90.9,217.8,113.4,14.0,117.0,16.0,0.6,0.6,0.6,-96.8,-3.6,38.4,6.8,14.0,133.9,16.0,0.6,0.6,0.6,-1.22,1.0,3.41,1.03,11.0,2.43,18.0,0.7,0.5,0.5,-15.0,-1.1,25.4,4.8,10.0,28.4,18.0,0.7,0.5,0.6,0.0,0.62,1.29,0.63,9.0,0.74,18.0,0.8,0.5,0.6,0.0,1.4,6.1,1.5,8.0,5.0,20.0,0.8,0.5,0.6,-15.7,0.0,13.4,-3.1,13.0,18.4,16.0,0.7,0.6,0.6,-1.7,0.0,18.7,5.9,13.0,13.6,16.0,0.7,0.6,0.6,8.2,23.2,56.9,29.6,9.0,25.0,18.0,0.7,0.6,0.7,-24.4,-4.6,12.6,-4.4,9.0,19.0,18.0,0.7,0.6,0.7,0.0,0.9,2.6,0.5,8.0,3.8,20.0,0.8,0.5,0.6,-5.5,0.0,1.9,-1.1,8.0,3.4,20.0,0.8,0.5,0.6,110.0,1268.0,4833.5,2494.5,14.0,2829.5,16.0,0.6,0.6,0.6,110.0,1270.0,4835.0,2495.0,14.0,2830.0,16.0,0.6,0.6,0.6
1974,2,310.0,46.0,-0.37,1.0,2.44,1.04,5.0,1.65,14.0,0.8,0.8,0.1,-1.29,0.0,2.67,0.47,7.0,2.96,14.0,0.6,0.8,0.2,3.24,4.25,5.08,4.16,3.0,1.35,16.0,0.7,0.8,0.0,78.5,91.8,92.4,85.6,3.0,11.5,16.0,0.7,0.0,7.15,12.3,15.4,11.6,7.0,3.82,14.0,0.6,0.8,0.2,-0.3,7.89,9.7,6.04,7.0,7.02,14.0,0.6,0.8,0.2,-0.53,2.67,8.26,3.43,7.0,8.12,14.0,0.6,0.8,0.2,990.49,995.3,1014.79,1001.84,7.0,12.72,14.0,0.6,0.8,0.2,8.0,8.0,8.0,8.0,7.0,0.0,14.0,0.6,0.8,0.2,-1.8,81.3,138.1,82.0,7.0,90.4,14.0,0.6,0.8,0.2,-7.6,41.2,103.9,43.2,7.0,118.7,14.0,0.6,0.8,0.2,-3.14,-1.0,2.75,-0.46,5.0,3.9,14.0,0.8,0.8,0.1,-43.6,-6.2,28.0,-11.3,5.0,49.6,14.0,0.8,0.8,0.1,-1.13,-0.09,1.06,-0.04,3.0,1.6,16.0,0.7,0.8,0.0,-17.3,-0.9,15.4,-0.9,3.0,23.9,16.0,0.7,0.8,0.0,-12.9,0.0,2.7,-6.2,7.0,19.9,14.0,0.6,0.8,0.2,-8.1,-2.2,20.2,12.3,7.0,36.3,14.0,0.6,0.8,0.2,8.1,25.6,31.0,19.7,3.0,17.5,16.0,0.7,0.8,0.0,-11.9,28.2,66.4,27.3,3.0,57.4,16.0,0.7,0.8,0.0,-0.5,0.0,10.1,4.7,3.0,8.7,16.0,0.7,0.8,0.0,-22.5,-17.6,-6.0,-14.3,3.0,12.4,16.0,0.7,0.8,0.0,367.0,1861.0,3652.5,1979.5,7.0,1473.0,14.0,0.6,0.8,0.2,365.0,1860.0,3650.0,1980.0,7.0,1475.0,14.0,0.6,0.8,0.2
1974,2,310.0,47.0,-1.02,-0.1,2.21,0.45,6.0,1.73,14.0,0.2,0.6,0.1,-4.03,-2.75,0.21,-2.2,6.0,2.27,14.0,0.2,0.6,0.1,1.91,2.48,3.25,2.58,5.0,0.75,12.0,0.2,0.6,0.1,68.6,77.5,97.3,82.0,5.0,15.1,12.0,0.2,0.1,4.15,8.75,13.04,8.55,6.0,5.39,14.0,0.2,0.6,0.1,-2.24,3.91,10.55,3.49,6.0,9.47,14.0,0.2,0.6,0.1,-1.04,-0.16,1.59,0.81,6.0,3.43,14.0,0.2,0.6,0.1,998.1,1008.05,1011.62,1005.93,6.0,7.18,14.0,0.2,0.6,0.1,6.5,7.0,7.5,7.0,4.0,0.8,10.0,0.3,0.5,0.1,-31.1,24.3,119.8,39.3,6.0,131.1,14.0,0.2,0.6,0.1,-6.7,-0.1,13.0,7.2,6.0,28.0,14.0,0.2,0.6,0.1,0.92,2.5,4.15,2.65,6.0,1.84,14.0,0.2,0.6,0.1,4.5,15.6,26.8,16.5,6.0,12.2,14.0,0.2,0.6,0.1,0.43,1.59,1.93,1.29,5.0,0.85,12.0,0.2,0.6,0.1,2.1,5.9,11.0,6.8,5.0,5.9,12.0,0.2,0.6,0.1,-24.4,-0.5,20.2,-2.0,6.0,28.2,14.0,0.2,0.6,0.1,0.0,0.4,4.3,2.0,6.0,3.2,14.0,0.2,0.6,0.1,-13.0,10.0,12.4,0.0,5.0,21.6,12.0,0.2,0.6,0.1,-2.2,-0.8,10.2,4.5,5.0,13.1,12.0,0.2,0.6,0.1,-1.6,0.9,10.9,3.9,5.0,8.3,12.0,0.2,0.6,0.1,-1.9,-0.7,0.9,-0.5,5.0,2.0,12.0,0.2,0.6,0.1,105.5,678.0,2306.5,1228.0,6.0,1519.0,14.0,0.2,0.6,0.1,105.0,680.0,2305.0,1230.0,6.0,1520.0,14.0,0.2,0.6,0.1
1974,2,310.0,48.0,-1.18,1.5,2.53,0.92,5.0,2.18,14.0,0.6,0.6,0.5,-1.75,-0.5,3.5,0.3,6.0,2.63,12.0,0.7,0.6,0.5,3.59,4.09,4.59,4.09,2.0,1.04,4.0,1.0,0.6,0.6,96.4,96.5,96.5,96.5,2.0,0.1,4.0,1.0,0.6,0.0,2.8,5.97,3.33,6.0,3.69,12.0,0.7,0.6,0.5,-0.66,0.47,3.26,0.86,6.0,2.64,12.0,0.7,0.6,0.5,-2.75,0.0,2.08,0.5,6.0,4.33,12.0,0.7,0.6,0.5,985.59,1001.0,1023.33,1004.6,7.0,18.36,12.0,0.7,0.6,0.6,6.8,8.0,8.0,7.0,6.0,2.4,8.0,0.8,0.6,0.6,-6.1,0.5,15.4,1.2,6.0,17.7,12.0,0.7,0.6,0.5,-13.7,0.0,17.1,8.7,6.0,36.3,12.0,0.7,0.6,0.5,-1.68,0.0,1.83,0.26,5.0,2.56,14.0,0.6,0.6,0.5,-6.8,0.0,2.5,-2.5,5.0,9.2,14.0,0.6,0.6,0.5,-0.49,-0.49,-0.49,-0.49,1.0,0.0,2.0,1.0,0.5,0.7,-4.6,-4.6,-4.6,-4.6,1.0,0.0,2.0,1.0,0.5,0.7,-7.6,-1.3,2.1,-1.7,6.0,7.3,12.0,0.7,0.6,0.5,-3.3,0.0,9.4,3.5,6.0,14.3,12.0,0.7,0.6,0.5,-10.6,-0.3,10.0,-0.3,2.0,21.3,4.0,1.0,0.6,0.6,-0.5,16.8,34.1,16.8,2.0,35.9,4.0,1.0,0.6,0.6,1.6,1.6,1.6,1.6,1.0,0.0,2.0,1.0,0.5,0.7,-4.3,-4.3,-4.3,-4.3,1.0,0.0,2.0,1.0,0.5,0.7,0.0,49.0,271.5,172.5,6.0,315.0,12.0,0.7,0.6,0.5,0.0,50.0,270.0,175.0,6.0,315.0,12.0,0.7,0.6,0.5
1974,2,310.0,49.0,,,,,,,,,,,,,,,,,,,,,,,,,,,,,,,,,,,,,,,,7.2,7.2,7.2,7.2,1.0,0.0,8.0,1.0,0.7,0.0,5.52,5.52,5.52,5.52,1.0,0.0,8.0,1.0,0.7,0.0,-4.63,-4.63,-4.63,-4.63,1.0,0.0,8.0,1.0,0.7,0.0,982.3,982.3,982.3,982.3,1.0,0.0,8.0,1.0,0.7,0.0,,,,,,,,,,,,,,,,,,,,,,,,,,,,,,,,,,,,,,,,,,,,,,,,,,,,,,,,,,,,,,,,,,,,,,,,,,,,,,,,,,,,,,,,,,,,,,,,,,,,,,,,,,,,,,,,,,,,,,,,,,,,,,,,,,,,,,,,,,,,,,,,,,,,,,
1974,2,310.0,50.0,,,,,,,,,,,,,,,,,,,,,,,,,,,,,,,,,,,,,,,,9.86,11.9,13.47,11.68,4.0,2.21,22.0,0.5,0.6,0.4,3.37,8.25,13.38,8.37,4.0,5.78,22.0,0.5,0.6,0.4,-1.18,4.23,9.34,4.09,4.0,6.13,22.0,0.5,0.6,0.4,997.34,1009.5,1022.34,1009.83,4.0,14.62,22.0,0.5,0.6,0.4,,,,,,,,,,,,,,,,,,,,,,,,,,,,,,,,,,,,,,,,,,,,,,,,,,,,,,,,,,,,,,,,,,,,,,,,,,,,,,,,,,,,,,,,,,,,,,,,,,,,,,,,,,,,,,,,,,,,,,,,,,,,,,,,,,,,,,,,,,,,,,,,,,,,,,
1974,2,310.0,51.0,0.4,0.65,2.57,1.33,6.0,1.5,20.0,0.7,0.4,0.4,-4.91,0.05,4.52,0.13,6.0,6.26,20.0,0.7,0.4,0.4,1.93,1.93,1.93,1.93,1.0,0.0,24.0,1.0,0.4,0.3,51.9,51.9,51.9,51.9,1.0,0.0,24.0,1.0,0.3,8.17,12.0,20.41,12.72,6.0,7.87,20.0,0.7,0.4,0.4,5.25,10.5,13.2,9.93,6.0,6.75,20.0,0.7,0.4,0.4,-6.79,0.0,9.55,1.74,6.0,9.41,20.0,0.7,0.4,0.4,991.57,997.05,1013.49,1000.35,6.0,13.1,20.0,0.7,0.4,0.4,3.0,4.5,5.5,4.3,4.0,1.7,22.0,0.8,0.4,0.4,54.1,133.7,252.6,165.1,6.0,157.5,20.0,0.7,0.4,0.4,-81.9,0.0,202.9,57.7,6.0,168.0,20.0,0.7,0.4,0.4,-1.95,0.35,5.41,1.2,6.0,5.06,20.0,0.7,0.4,0.4,-22.9,1.0,111.8,35.0,6.0,93.4,20.0,0.7,0.4,0.4,1.85,1.85,1.85,1.85,1.0,0.0,24.0,1.0,0.4,0.3,19.1,19.1,19.1,19.1,1.0,0.0,24.0,1.0,0.4,0.3,-67.6,-0.7,50.4,-11.7,6.0,94.1,20.0,0.7,0.4,0.4,-64.5,-10.1,0.3,-25.2,6.0,32.9,20.0,0.7,0.4,0.4,12.8,12.8,12.8,12.8,1.0,0.0,24.0,1.0,0.4,0.3,-15.3,-15.3,-15.3,-15.3,1.0,0.0,24.0,1.0,0.4,0.3,12.2,12.2,12.2,12.2,1.0,0.0,24.0,1.0,0.4,0.3,-14.6,-14.6,-14.6,-14.6,1.0,0.0,24.0,1.0,0.4,0.3,867.0,1764.0,8547.0,3878.0,6.0,4357.5,20.0,0.7,0.4,0.4,865.0,1765.0,8545.0,3880.0,6.0,4355.0,20.0,0.7,0.4,0.4
1974,2,310.0,52.0,,,,,,,,,,,,,,,,,,,,,,,,,,,,,,,,,,,,,,,,7.86,11.0,18.24,12.71,7.0,6.16,18.0,0.6,0.4,0.6,-0.16,4.33,18.17,7.5,7.0,9.35,18.0,0.6,0.4,0.6,-2.83,5.5,8.28,3.32,7.0,7.78,18.0,0.6,0.4,0.6,993.86,994.5,1003.81,1001.49,7.0,14.65,18.0,0.6,0.4,0.6,,,,,,,,,,,,,,,,,,,,,,,,,,,,,,,,,,,,,,,,,,,,,,,,,,,,,,,,,,,,,,,,,,,,,,,,,,,,,,,,,,,,,,,,,,,,,,,,,,,,,,,,,,,,,,,,,,,,,,,,,,,,,,,,,,,,,,,,,,,,,,,,,,,,,,
1974,2,310.0,53.0,,,,,,,,,,,,,,,,,,,,,,,,,,,,,,,,,,,,,,,,8.9,11.0,20.5,14.02,5.0,6.74,14.0,0.8,0.3,0.3,4.95,9.53,17.55,11.13,5.0,7.87,14.0,0.8,0.3,0.3,-6.29,4.01,8.64,1.93,5.0,8.35,14.0,0.8,0.3,0.3,987.37,993.1,1001.71,995.18,5.0,11.43,14.0,0.8,0.3,0.3,,,,,,,,,,,,,,,,,,,,,,,,,,,,,,,,,,,,,,,,,,,,,,,,,,,,,,,,,,,,,,,,,,,,,,,,,,,,,,,,,,,,,,,,,,,,,,,,,,,,,,,,,,,,,,,,,,,,,,,,,,,,,,,,,,,,,,,,,,,,,,,,,,,,,,
1974,2,310.0,54.0,2.94,3.9,3.9,3.43,3.0,0.81,8.0,0.3,0.5,0.9,-12.0,-12.0,-4.56,-8.37,3.0,6.29,8.0,0.3,0.5,0.9,1.22,1.22,1.91,1.56,3.0,0.59,8.0,0.3,0.5,0.9,68.7,78.3,78.3,73.6,3.0,8.2,8.0,0.3,0.9,4.08,5.1,12.88,8.4,3.0,7.05,8.0,0.3,0.5,0.9,3.28,4.42,7.03,5.14,3.0,2.82,8.0,0.3,0.5,0.9,-9.02,2.31,2.48,-3.14,3.0,9.65,8.0,0.3,0.5,0.9,984.36,984.5,1004.02,993.97,3.0,16.57,8.0,0.3,0.5,0.9,6.6,8.0,8.0,7.3,3.0,1.2,8.0,0.3,0.5,0.9,13.9,22.5,100.1,56.2,3.0,69.5,8.0,0.3,0.5,0.9,-158.3,8.3,11.5,-71.5,3.0,142.3,8.0,0.3,0.5,0.9,7.5,15.9,15.9,11.8,3.0,7.1,8.0,0.3,0.5,0.9,57.9,59.4,74.2,65.9,3.0,13.2,8.0,0.3,0.5,0.9,2.81,3.92,3.92,3.38,3.0,0.95,8.0,0.3,0.5,0.9,16.0,20.0,32.1,24.0,3.0,12.3,8.0,0.3,0.5,0.9,-46.7,-33.1,-16.7,-31.7,3.0,22.0,8.0,0.3,0.5,0.9,-29.7,-27.8,1.9,-14.2,3.0,26.0,8.0,0.3,0.5,0.9,4.0,5.4,14.3,9.1,3.0,8.2,8.0,0.3,0.5,0.9,-20.9,2.8,3.0,-8.7,3.0,20.2,8.0,0.3,0.5,0.9,12.9,17.3,18.4,15.7,3.0,4.3,8.0,0.3,0.5,0.9,-19.4,9.1,9.7,-4.5,3.0,24.4,8.0,0.3,0.5,0.9,74.0,132.5,3108.5,1557.0,3.0,2542.0,8.0,0.3,0.5,0.9,75.0,135.0,3110.0,1555.0,3.0,2540.0,8.0,0.3,0.5,0.9
1974,2,310.0,55.0,2.5,2.7,3.34,2.91,69.0,0.51,10.0,0.4,0.6,0.6,-11.4,-8.1,0.0,-6.43,70.0,4.79,10.0,0.4,0.6,0.6,1.12,1.56,2.9,1.88,68.0,0.84,10.0,0.4,0.6,0.6,62.0,73.9,83.0,73.2,68.0,11.6,10.0,0.4,0.6,3.73,10.8,15.4,10.42,68.0,5.29,10.0,0.4,0.6,0.6,0.47,4.53,11.08,5.06,68.0,5.67,10.0,0.4,0.6,0.6,-5.69,4.39,12.47,3.89,68.0,8.04,10.0,0.4,0.6,0.6,980.4,984.35,1007.02,989.87,70.0,12.01,10.0,0.4,0.6,0.6,5.0,8.0,8.0,6.8,70.0,2.0,10.0,0.4,0.6,0.6,0.5,45.4,167.2,68.5,68.0,93.9,10.0,0.4,0.6,0.6,-58.6,34.3,180.3,53.3,68.0,120.3,10.0,0.4,0.6,0.6,3.14,10.9,14.34,9.37,69.0,5.1,10.0,0.4,0.6,0.6,17.4,99.4,166.9,96.9,67.0,71.3,10.0,0.4,0.6,0.6,1.55,3.19,3.93,2.89,67.0,0.97,10.0,0.4,0.6,0.6,10.9,28.3,46.4,29.9,65.0,17.9,10.0,0.4,0.6,0.6,-77.6,-27.6,0.8,-35.1,68.0,38.5,10.0,0.4,0.6,0.6,-114.8,-27.7,6.6,-45.5,68.0,57.4,10.0,0.4,0.6,0.6,0.3,7.4,22.5,9.0,66.0,14.0,10.0,0.5,0.6,0.6,-15.5,7.0,21.5,4.5,66.0,16.2,10.0,0.5,0.6,0.6,0.9,13.6,32.9,15.0,65.0,14.7,10.0,0.4,0.6,0.6,-7.8,11.8,39.8,15.1,65.0,23.4,10.0,0.4,0.6,0.6,54.5,1259.5,3652.5,1968.5,68.0,2156.5,10.0,0.4,0.6,0.6,55.0,1260.0,3650.0,1970.0,68.0,2155.0,10.0,0.4,0.6,0.6
1974,2,310.0,56.0,2.25,2.7,3.9,2.97,12.0,0.73,4.0,0.5,0.3,0.4,-5.6,0.0,2.05,-0.79,12.0,3.99,6.0,0.6,0.4,0.3,2.32,2.95,3.76,3.0,10.0,0.83,4.0,0.5,0.4,0.3,74.4,89.5,92.5,83.5,10.0,10.3,4.0,0.5,0.3,10.15,14.9,25.7,16.62,13.0,6.67,6.0,0.5,0.3,0.3,-16.52,0.0,5.97,-5.18,13.0,11.28,6.0,0.5,0.3,0.3,-17.89,-4.41,12.2,-1.38,13.0,13.62,6.0,0.5,0.3,0.3,975.45,998.0,1004.1,992.25,13.0,14.87,6.0,0.5,0.3,0.3,5.7,8.0,8.0,7.1,13.0,1.9,6.0,0.5,0.3,0.3,-424.6,0.0,57.0,-146.4,13.0,243.9,6.0,0.5,0.3,0.3,-418.1,-38.1,175.3,-65.1,13.0,278.3,6.0,0.5,0.3,0.3,0.85,3.9,9.5,4.4,11.0,3.9,4.0,0.5,0.4,0.3,11.0,50.3,117.3,66.1,11.0,52.2,4.0,0.5,0.4,0.3,0.95,1.67,2.86,1.82,10.0,0.91,4.0,0.5,0.4,0.3,13.7,22.6,40.8,25.6,10.0,12.2,4.0,0.5,0.4,0.3,-36.2,0.0,7.8,-10.7,12.0,23.5,6.0,0.6,0.4,0.3,-56.7,-13.3,7.7,-17.0,12.0,48.3,6.0,0.6,0.4,0.3,-66.0,3.4,19.0,-19.0,10.0,42.3,4.0,0.5,0.4,0.3,-50.9,3.0,29.7,-7.0,10.0,42.5,4.0,0.5,0.4,0.3,-16.5,3.8,12.6,-0.9,10.0,18.9,4.0,0.5,0.4,0.3,-9.8,3.6,30.5,8.8,10.0,20.8,4.0,0.5,0.4,0.3,1051.0,3308.0,16974.5,6717.0,13.0,6734.5,6.0,0.5,0.3,0.3,1050.0,3310.0,16975.0,6715.0,13.0,6735.0,6.0,0.5,0.3,0.3
1974,2,310.0,57.0,2.6,2.6,2.9,2.7,11.0,0.14,8.0,0.4,0.6,0.3,1.35,1.8,2.1,1.49,11.0,1.15,8.0,0.4,0.6,0.3,3.04,3.29,4.11,3.45,11.0,0.48,8.0,0.4,0.6,0.3,70.1,82.3,92.4,81.4,11.0,10.9,8.0,0.4,0.3,14.99,20.6,22.31,19.54,11.0,3.81,8.0,0.4,0.6,0.3,-16.86,-16.02,-13.93,-15.86,11.0,1.91,8.0,0.4,0.6,0.3,-15.48,-13.24,-5.13,-10.88,11.0,4.88,8.0,0.4,0.6,0.3,1001.47,1007.0,1009.5,1005.84,11.0,3.55,8.0,0.4,0.6,0.3,3.6,8.0,8.0,6.7,11.0,2.2,8.0,0.4,0.6,0.3,-371.4,-313.9,-211.3,-315.2,11.0,96.1,8.0,0.4,0.6,0.3,-347.2,-272.8,-76.9,-228.6,11.0,133.6,8.0,0.4,0.6,0.3,0.5,0.9,1.31,1.21,11.0,1.2,8.0,0.4,0.6,0.3,10.7,19.3,27.2,22.4,11.0,18.4,8.0,0.4,0.6,0.3,0.5,1.3,1.63,1.17,11.0,0.5,8.0,0.4,0.6,0.3,10.7,23.5,28.9,22.1,11.0,8.3,8.0,0.4,0.6,0.3,-32.7,-28.1,-22.2,-23.8,11.0,17.2,8.0,0.4,0.6,0.3,-28.8,-14.8,-10.4,-17.6,11.0,12.5,8.0,0.4,0.6,0.3,-65.3,-58.4,-42.8,-54.8,11.0,10.0,8.0,0.4,0.6,0.3,-54.8,-47.6,-15.6,-38.8,11.0,19.7,8.0,0.4,0.6,0.3,-25.2,-22.1,-8.0,-18.5,11.0,7.6,8.0,0.4,0.6,0.3,-16.4,-8.9,-7.4,-11.4,11.0,5.4,8.0,0.4,0.6,0.3,3377.0,8742.0,11103.5,8230.5,11.0,4556.5,8.0,0.4,0.6,0.3,3375.0,8740.0,11105.0,8230.0,11.0,4555.0,8.0,0.4,0.6,0.3
1974,2,310.0,59.0,2.5,2.5,2.5,2.5,1.0,0.0,18.0,1.0,0.7,0.6,-1.0,-1.0,-1.0,-1.0,1.0,0.0,18.0,1.0,0.7,0.6,3.13,3.13,3.13,3.13,1.0,0.0,18.0,1.0,0.7,0.6,86.3,86.3,86.3,86.3,1.0,0.0,18.0,1.0,0.6,9.3,9.3,9.3,9.3,1.0,0.0,18.0,1.0,0.7,0.6,-4.65,-4.65,-4.65,-4.65,1.0,0.0,18.0,1.0,0.7,0.6,-8.05,-8.05,-8.05,-8.05,1.0,0.0,18.0,1.0,0.7,0.6,979.0,979.0,979.0,979.0,1.0,0.0,18.0,1.0,0.7,0.6,7.0,7.0,7.0,7.0,1.0,0.0,18.0,1.0,0.7,0.6,-43.2,-43.2,-43.2,-43.2,1.0,0.0,18.0,1.0,0.7,0.6,-74.9,-74.9,-74.9,-74.9,1.0,0.0,18.0,1.0,0.7,0.6,3.5,3.5,3.5,3.5,1.0,0.0,18.0,1.0,0.7,0.6,32.6,32.6,32.6,32.6,1.0,0.0,18.0,1.0,0.7,0.6,1.55,1.55,1.55,1.55,1.0,0.0,18.0,1.0,0.7,0.6,14.4,14.4,14.4,14.4,1.0,0.0,18.0,1.0,0.7,0.6,4.7,4.7,4.7,4.7,1.0,0.0,18.0,1.0,0.7,0.6,8.1,8.1,8.1,8.1,1.0,0.0,18.0,1.0,0.7,0.6,-14.6,-14.6,-14.6,-14.6,1.0,0.0,18.0,1.0,0.7,0.6,-25.2,-25.2,-25.2,-25.2,1.0,0.0,18.0,1.0,0.7,0.6,-7.2,-7.2,-7.2,-7.2,1.0,0.0,18.0,1.0,0.7,0.6,-12.5,-12.5,-12.5,-12.5,1.0,0.0,18.0,1.0,0.7,0.6,804.5,804.5,804.5,804.5,1.0,0.0,18.0,1.0,0.7,0.6,805.0,805.0,805.0,805.0,1.0,0.0,18.0,1.0,0.7,0.6
1974,2,311.0,-62.0,0.0,1.0,1.21,0.7,5.0,0.66,8.0,0.4,0.3,0.6,0.32,0.7,2.07,1.08,5.0,0.97,8.0,0.4,0.3,0.6,3.58,3.61,3.99,3.78,3.0,0.34,10.0,0.7,0.2,0.8,92.2,100.0,100.0,96.8,5.0,4.4,8.0,0.4,0.6,6.34,8.5,13.86,10.03,4.0,5.59,10.0,0.3,0.3,0.7,-9.08,1.66,8.24,-0.33,4.0,10.66,10.0,0.3,0.3,0.7,-7.62,-2.96,-2.1,-4.77,4.0,4.58,10.0,0.3,0.3,0.7,976.32,998.5,999.11,987.97,3.0,19.03,10.0,0.7,0.2,0.8,8.0,8.0,8.0,8.0,2.0,0.0,14.0,0.5,0.1,1.0,-139.5,17.9,71.1,-31.8,4.0,150.9,10.0,0.3,0.3,0.7,-118.8,-18.5,-15.8,-65.1,4.0,95.5,10.0,0.3,0.3,0.7,-0.87,-0.5,0.15,-0.38,5.0,0.58,8.0,0.4,0.3,0.6,-10.0,-4.9,-2.2,-6.0,4.0,6.0,10.0,0.3,0.3,0.7,0.15,0.22,0.25,0.2,3.0,0.07,10.0,0.7,0.2,0.8,2.0,2.0,2.1,2.0,2.0,0.0,14.0,0.5,0.1,1.0,-19.6,-3.9,2.4,-8.4,4.0,15.5,10.0,0.3,0.3,0.7,-16.5,-3.7,-0.4,-8.2,4.0,11.9,10.0,0.3,0.3,0.7,26.9,29.4,31.9,29.4,2.0,5.2,14.0,0.5,0.1,1.0,-8.8,-7.6,-6.4,-7.6,2.0,2.5,14.0,0.5,0.1,1.0,2.0,2.0,2.0,2.0,2.0,0.0,14.0,0.5,0.1,1.0,-0.7,-0.5,-0.4,-0.5,2.0,0.3,14.0,0.5,0.1,1.0,287.0,630.5,3438.5,1806.5,4.0,2697.5,10.0,0.3,0.3,0.7,285.0,630.0,3440.0,1805.0,4.0,2700.0,10.0,0.3,0.3,0.7
1974,2,311.0,-61.0,1.5,1.5,1.5,1.5,1.0,0.0,4.0,1.0,1.0,0.3,0.4,0.4,0.4,0.4,1.0,0.0,4.0,1.0,1.0,0.3,3.6,3.6,3.6,3.6,1.0,0.0,4.0,1.0,1.0,0.3,91.0,91.0,91.0,91.0,1.0,0.0,4.0,1.0,0.3,1.5,1.5,1.5,1.5,1.0,0.0,4.0,1.0,1.0,0.3,1.48,1.48,1.48,1.48,1.0,0.0,4.0,1.0,1.0,0.3,-0.26,-0.26,-0.26,-0.26,1.0,0.0,4.0,1.0,1.0,0.3,994.9,994.9,994.9,994.9,1.0,0.0,4.0,1.0,1.0,0.3,8.0,8.0,8.0,8.0,1.0,0.0,4.0,1.0,1.0,0.3,2.2,2.2,2.2,2.2,1.0,0.0,4.0,1.0,1.0,0.3,-0.4,-0.4,-0.4,-0.4,1.0,0.0,4.0,1.0,1.0,0.3,1.1,1.1,1.1,1.1,1.0,0.0,4.0,1.0,1.0,0.3,1.7,1.7,1.7,1.7,1.0,0.0,4.0,1.0,1.0,0.3,0.69,0.69,0.69,0.69,1.0,0.0,4.0,1.0,1.0,0.3,1.0,1.0,1.0,1.0,1.0,0.0,4.0,1.0,1.0,0.3,0.6,0.6,0.6,0.6,1.0,0.0,4.0,1.0,1.0,0.3,-0.1,-0.1,-0.1,-0.1,1.0,0.0,4.0,1.0,1.0,0.3,5.3,5.3,5.3,5.3,1.0,0.0,4.0,1.0,1.0,0.3,-0.9,-0.9,-0.9,-0.9,1.0,0.0,4.0,1.0,1.0,0.3,1.0,1.0,1.0,1.0,1.0,0.0,4.0,1.0,1.0,0.3,-0.2,-0.2,-0.2,-0.2,1.0,0.0,4.0,1.0,1.0,0.3,3.5,3.5,3.5,3.5,1.0,0.0,4.0,1.0,1.0,0.3,5.0,5.0,5.0,5.0,1.0,0.0,4.0,1.0,1.0,0.3
1974,2,311.0,-57.0,3.8,3.8,3.8,3.8,1.0,0.0,18.0,1.0,0.6,0.7,4.9,4.9,4.9,4.9,1.0,0.0,18.0,1.0,0.6,0.7,5.23,5.23,5.23,5.23,1.0,0.0,18.0,1.0,0.6,0.7,96.6,96.6,96.6,96.6,1.0,0.0,18.0,1.0,0.7,5.1,5.1,5.1,5.1,1.0,0.0,18.0,1.0,0.6,0.7,5.02,5.02,5.02,5.02,1.0,0.0,18.0,1.0,0.6,0.7,0.89,0.89,0.89,0.89,1.0,0.0,18.0,1.0,0.6,0.7,1001.6,1001.6,1001.6,1001.6,1.0,0.0,18.0,1.0,0.6,0.7,8.0,8.0,8.0,8.0,1.0,0.0,18.0,1.0,0.6,0.7,25.6,25.6,25.6,25.6,1.0,0.0,18.0,1.0,0.6,0.7,4.5,4.5,4.5,4.5,1.0,0.0,18.0,1.0,0.6,0.7,-1.1,-1.1,-1.1,-1.1,1.0,0.0,18.0,1.0,0.6,0.7,-5.6,-5.6,-5.6,-5.6,1.0,0.0,18.0,1.0,0.6,0.7,-0.22,-0.22,-0.22,-0.22,1.0,0.0,18.0,1.0,0.6,0.7,-1.1,-1.1,-1.1,-1.1,1.0,0.0,18.0,1.0,0.6,0.7,24.6,24.6,24.6,24.6,1.0,0.0,18.0,1.0,0.6,0.7,4.3,4.3,4.3,4.3,1.0,0.0,18.0,1.0,0.6,0.7,26.3,26.3,26.3,26.3,1.0,0.0,18.0,1.0,0.6,0.7,4.6,4.6,4.6,4.6,1.0,0.0,18.0,1.0,0.6,0.7,-1.1,-1.1,-1.1,-1.1,1.0,0.0,18.0,1.0,0.6,0.7,-0.2,-0.2,-0.2,-0.2,1.0,0.0,18.0,1.0,0.6,0.7,132.5,132.5,132.5,132.5,1.0,0.0,18.0,1.0,0.6,0.7,135.0,135.0,135.0,135.0,1.0,0.0,18.0,1.0,0.6,0.7
1974,2,311.0,-46.0,15.5,15.5,15.5,15.5,1.0,0.0,26.0,1.0,0.2,0.6,13.8,13.8,13.8,13.8,1.0,0.0,26.0,1.0,0.2,0.6,8.72,8.72,8.72,8.72,1.0,0.0,26.0,1.0,0.2,0.6,89.5,89.5,89.5,89.5,1.0,0.0,26.0,1.0,0.6,8.2,8.2,8.2,8.2,1.0,0.0,26.0,1.0,0.2,0.6,8.2,8.2,8.2,8.2,1.0,0.0,26.0,1.0,0.2,0.6,0.0,0.0,0.0,0.0,1.0,0.0,26.0,1.0,0.2,0.6,1016.4,1016.4,1016.4,1016.4,1.0,0.0,26.0,1.0,0.2,0.6,7.0,7.0,7.0,7.0,1.0,0.0,26.0,1.0,0.2,0.6,67.2,67.2,67.2,67.2,1.0,0.0,26.0,1.0,0.2,0.6,0.0,0.0,0.0,0.0,1.0,0.0,26.0,1.0,0.2,0.6,1.7,1.7,1.7,1.7,1.0,0.0,26.0,1.0,0.2,0.6,13.9,13.9,13.9,13.9,1.0,0.0,26.0,1.0,0.2,0.6,2.17,2.17,2.17,2.17,1.0,0.0,26.0,1.0,0.2,0.6,17.8,17.8,17.8,17.8,1.0,0.0,26.0,1.0,0.2,0.6,113.2,113.2,113.2,113.2,1.0,0.0,26.0,1.0,0.2,0.6,0.0,0.0,0.0,0.0,1.0,0.0,26.0,1.0,0.2,0.6,71.5,71.5,71.5,71.5,1.0,0.0,26.0,1.0,0.2,0.6,0.0,0.0,0.0,0.0,1.0,0.0,26.0,1.0,0.2,0.6,17.8,17.8,17.8,17.8,1.0,0.0,26.0,1.0,0.2,0.6,0.0,0.0,0.0,0.0,1.0,0.0,26.0,1.0,0.2,0.6,551.5,551.5,551.5,551.5,1.0,0.0,26.0,1.0,0.2,0.6,550.0,550.0,550.0,550.0,1.0,0.0,26.0,1.0,0.2,0.6
1974,2,311.0,-45.0,,,,,,,,,,,,,,,,,,,,,,,,,,,,,,,,,,,,,,,,1.27,4.0,6.73,4.0,2.0,5.66,10.0,0.5,0.6,0.9,0.0,0.0,0.0,0.0,2.0,0.0,10.0,0.5,0.6,0.9,-6.73,-4.0,-1.27,-4.0,2.0,5.66,10.0,0.5,0.6,0.9,1017.29,1017.9,1018.51,1017.9,2.0,1.27,10.0,0.5,0.6,0.9,,,,,,,,,,,,,,,,,,,,,,,,,,,,,,,,,,,,,,,,,,,,,,,,,,,,,,,,,,,,,,,,,,,,,,,,,,,,,,,,,,,,,,,,,,,,,,,,,,,,,,,,,,,,,,,,,,,,,,,,,,,,,,,,,,,,,,,,,,,,,,,,,,,,,,
1974,2,311.0,-44.0,16.2,16.2,16.2,16.2,1.0,0.0,20.0,0.0,0.3,0.8,16.1,16.1,16.1,16.1,1.0,0.0,20.0,0.0,0.3,0.8,10.11,10.11,10.11,10.11,1.0,0.0,20.0,0.0,0.3,0.8,89.7,89.7,89.7,89.7,1.0,0.0,20.0,0.0,0.8,3.1,3.1,3.1,3.1,1.0,0.0,20.0,0.0,0.3,0.8,1.99,1.99,1.99,1.99,1.0,0.0,20.0,0.0,0.3,0.8,-2.37,-2.37,-2.37,-2.37,1.0,0.0,20.0,0.0,0.3,0.8,1019.0,1019.0,1019.0,1019.0,1.0,0.0,20.0,0.0,0.3,0.8,2.0,2.0,2.0,2.0,1.0,0.0,20.0,0.0,0.3,0.8,6.2,6.2,6.2,6.2,1.0,0.0,20.0,0.0,0.3,0.8,-7.4,-7.4,-7.4,-7.4,1.0,0.0,20.0,0.0,0.3,0.8,0.1,0.1,0.1,0.1,1.0,0.0,20.0,0.0,0.3,0.8,0.3,0.3,0.3,0.3,1.0,0.0,20.0,0.0,0.3,0.8,1.25,1.25,1.25,1.25,1.0,0.0,20.0,0.0,0.3,0.8,3.9,3.9,3.9,3.9,1.0,0.0,20.0,0.0,0.3,0.8,32.1,32.1,32.1,32.1,1.0,0.0,20.0,0.0,0.3,0.8,-38.2,-38.2,-38.2,-38.2,1.0,0.0,20.0,0.0,0.3,0.8,20.2,20.2,20.2,20.2,1.0,0.0,20.0,0.0,0.3,0.8,-24.0,-24.0,-24.0,-24.0,1.0,0.0,20.0,0.0,0.3,0.8,2.5,2.5,2.5,2.5,1.0,0.0,20.0,0.0,0.3,0.8,-3.0,-3.0,-3.0,-3.0,1.0,0.0,20.0,0.0,0.3,0.8,30.0,30.0,30.0,30.0,1.0,0.0,20.0,0.0,0.3,0.8,30.0,30.0,30.0,30.0,1.0,0.0,20.0,0.0,0.3,0.8
1974,2,311.0,-43.0,,,,,,,,,,,,,,,,,,,,,,,,,,,,,,,,,,,,,,,,6.0,6.0,6.0,6.0,1.0,0.0,20.0,1.0,1.0,0.5,-5.64,-5.64,-5.64,-5.64,1.0,0.0,20.0,1.0,1.0,0.5,-2.05,-2.05,-2.05,-2.05,1.0,0.0,20.0,1.0,1.0,0.5,1013.5,1013.5,1013.5,1013.5,1.0,0.0,20.0,1.0,1.0,0.5,,,,,,,,,,,,,,,,,,,,,,,,,,,,,,,,,,,,,,,,,,,,,,,,,,,,,,,,,,,,,,,,,,,,,,,,,,,,,,,,,,,,,,,,,,,,,,,,,,,,,,,,,,,,,,,,,,,,,,,,,,,,,,,,,,,,,,,,,,,,,,,,,,,,,,
1974,2,311.0,-42.0,,,,,,,,,,,,,,,,,,,,,,,,,,,,,,,,,,,,,,,,10.0,10.0,10.0,10.0,1.0,0.0,12.0,0.0,0.4,0.5,-9.85,-9.85,-9.85,-9.85,1.0,0.0,12.0,0.0,0.4,0.5,-1.74,-1.74,-1.74,-1.74,1.0,0.0,12.0,0.0,0.4,0.5,1025.8,1025.8,1025.8,1025.8,1.0,0.0,12.0,0.0,0.4,0.5,,,,,,,,,,,,,,,,,,,,,,,,,,,,,,,,,,,,,,,,,,,,,,,,,,,,,,,,,,,,,,,,,,,,,,,,,,,,,,,,,,,,,,,,,,,,,,,,,,,,,,,,,,,,,,,,,,,,,,,,,,,,,,,,,,,,,,,,,,,,,,,,,,,,,,
1974,2,311.0,-36.0,25.0,25.0,25.0,25.0,1.0,0.0,8.0,1.0,1.0,1.0,25.4,25.4,25.4,25.4,1.0,0.0,8.0,1.0,1.0,1.0,17.12,17.12,17.12,17.12,1.0,0.0,8.0,1.0,1.0,1.0,84.5,84.5,84.5,84.5,1.0,0.0,8.0,1.0,1.0,9.3,9.3,9.3,9.3,1.0,0.0,8.0,1.0,1.0,1.0,1.61,1.61,1.61,1.61,1.0,0.0,8.0,1.0,1.0,1.0,-9.16,-9.16,-9.16,-9.16,1.0,0.0,8.0,1.0,1.0,1.0,1010.9,1010.9,1010.9,1010.9,1.0,0.0,8.0,1.0,1.0,1.0,8.0,8.0,8.0,8.0,1.0,0.0,8.0,1.0,1.0,1.0,15.0,15.0,15.0,15.0,1.0,0.0,8.0,1.0,1.0,1.0,-85.2,-85.2,-85.2,-85.2,1.0,0.0,8.0,1.0,1.0,1.0,-0.4,-0.4,-0.4,-0.4,1.0,0.0,8.0,1.0,1.0,1.0,-3.7,-3.7,-3.7,-3.7,1.0,0.0,8.0,1.0,1.0,1.0,2.7,2.7,2.7,2.7,1.0,0.0,8.0,1.0,1.0,1.0,25.1,25.1,25.1,25.1,1.0,0.0,8.0,1.0,1.0,1.0,41.0,41.0,41.0,41.0,1.0,0.0,8.0,1.0,1.0,1.0,-232.6,-232.6,-232.6,-232.6,1.0,0.0,8.0,1.0,1.0,1.0,27.7,27.7,27.7,27.7,1.0,0.0,8.0,1.0,1.0,1.0,-156.8,-156.8,-156.8,-156.8,1.0,0.0,8.0,1.0,1.0,1.0,4.4,4.4,4.4,4.4,1.0,0.0,8.0,1.0,1.0,1.0,-24.7,-24.7,-24.7,-24.7,1.0,0.0,8.0,1.0,1.0,1.0,804.5,804.5,804.5,804.5,1.0,0.0,8.0,1.0,1.0,1.0,805.0,805.0,805.0,805.0,1.0,0.0,8.0,1.0,1.0,1.0
1974,2,311.0,-35.0,25.5,25.7,25.9,25.7,2.0,0.42,16.0,0.5,0.5,0.9,25.83,25.9,25.97,25.9,2.0,0.14,16.0,0.5,0.5,0.9,19.2,19.2,19.2,19.2,1.0,0.0,6.0,1.0,0.6,0.8,92.0,92.0,92.0,92.0,1.0,0.0,6.0,1.0,0.8,8.11,8.35,8.59,8.35,2.0,0.49,16.0,0.5,0.5,0.9,-5.16,-3.06,-0.97,-3.06,2.0,4.33,16.0,0.5,0.5,0.9,-6.5,-1.78,2.95,-1.78,2.0,9.79,16.0,0.5,0.5,0.9,1008.27,1013.15,1018.03,1013.15,2.0,10.11,16.0,0.5,0.5,0.9,4.3,5.0,5.7,5.0,2.0,1.4,16.0,0.5,0.5,0.9,-41.2,-24.5,-7.8,-24.5,2.0,34.7,16.0,0.5,0.5,0.9,-57.1,-17.3,22.6,-17.3,2.0,82.6,16.0,0.5,0.5,0.9,-0.34,-0.2,-0.06,-0.2,2.0,0.28,16.0,0.5,0.5,0.9,-2.9,-1.7,-0.6,-1.7,2.0,2.5,16.0,0.5,0.5,0.9,1.2,1.2,1.2,1.2,1.0,0.0,6.0,1.0,0.6,0.8,10.4,10.4,10.4,10.4,1.0,0.0,6.0,1.0,0.6,0.8,-134.1,-79.7,-25.3,-79.7,2.0,112.7,16.0,0.5,0.5,0.9,-167.6,-45.4,76.9,-45.4,2.0,253.3,16.0,0.5,0.5,0.9,0.0,0.0,0.0,0.0,1.0,0.0,6.0,1.0,0.6,0.8,-167.1,-167.1,-167.1,-167.1,1.0,0.0,6.0,1.0,0.6,0.8,0.0,0.0,0.0,0.0,1.0,0.0,6.0,1.0,0.6,0.8,-10.4,-10.4,-10.4,-10.4,1.0,0.0,6.0,1.0,0.6,0.8,535.5,585.5,635.5,585.5,2.0,103.5,16.0,0.5,0.5,0.9,535.0,585.0,635.0,585.0,2.0,105.0,16.0,0.5,0.5,0.9
1974,2,311.0,-34.0,24.0,24.0,24.0,24.0,1.0,0.0,26.0,1.0,0.4,0.2,25.6,25.6,25.6,25.6,1.0,0.0,26.0,1.0,0.4,0.2,12.07,12.07,12.07,12.07,1.0,0.0,26.0,1.0,0.4,0.2,59.4,59.4,59.4,59.4,1.0,0.0,26.0,1.0,0.2,2.6,2.6,2.6,2.6,1.0,0.0,26.0,1.0,0.4,0.2,-2.25,-2.25,-2.25,-2.25,1.0,0.0,26.0,1.0,0.4,0.2,1.3,1.3,1.3,1.3,1.0,0.0,26.0,1.0,0.4,0.2,1016.3,1016.3,1016.3,1016.3,1.0,0.0,26.0,1.0,0.4,0.2,4.0,4.0,4.0,4.0,1.0,0.0,26.0,1.0,0.4,0.2,-5.9,-5.9,-5.9,-5.9,1.0,0.0,26.0,1.0,0.4,0.2,3.4,3.4,3.4,3.4,1.0,0.0,26.0,1.0,0.4,0.2,-1.6,-1.6,-1.6,-1.6,1.0,0.0,26.0,1.0,0.4,0.2,-4.2,-4.2,-4.2,-4.2,1.0,0.0,26.0,1.0,0.4,0.2,6.48,6.48,6.48,6.48,1.0,0.0,26.0,1.0,0.4,0.2,16.9,16.9,16.9,16.9,1.0,0.0,26.0,1.0,0.4,0.2,-57.6,-57.6,-57.6,-57.6,1.0,0.0,26.0,1.0,0.4,0.2,33.3,33.3,33.3,33.3,1.0,0.0,26.0,1.0,0.4,0.2,-27.2,-27.2,-27.2,-27.2,1.0,0.0,26.0,1.0,0.4,0.2,15.7,15.7,15.7,15.7,1.0,0.0,26.0,1.0,0.4,0.2,-14.6,-14.6,-14.6,-14.6,1.0,0.0,26.0,1.0,0.4,0.2,8.4,8.4,8.4,8.4,1.0,0.0,26.0,1.0,0.4,0.2,17.5,17.5,17.5,17.5,1.0,0.0,26.0,1.0,0.4,0.2,20.0,20.0,20.0,20.0,1.0,0.0,26.0,1.0,0.4,0.2
1974,2,311.0,-33.0,23.32,24.0,24.0,23.67,3.0,0.58,20.0,0.0,0.6,0.9,22.93,24.5,25.32,24.13,3.0,1.78,20.0,0.0,0.6,0.9,17.49,17.49,17.49,17.49,1.0,0.0,20.0,0.0,1.0,0.9,91.4,91.4,91.4,91.4,1.0,0.0,20.0,0.0,0.9,4.39,5.0,7.94,6.13,3.0,2.78,20.0,0.0,0.6,0.9,-3.87,-1.61,1.29,-1.3,3.0,3.79,20.0,0.0,0.6,0.9,-7.25,-3.14,-0.4,-3.81,3.0,5.05,20.0,0.0,0.6,0.9,1013.35,1014.1,1016.15,1014.73,3.0,2.12,20.0,0.0,0.6,0.9,1.3,2.0,4.7,3.0,3.0,2.6,20.0,0.0,0.6,0.9,-21.6,-15.0,2.6,-9.6,3.0,18.3,20.0,0.0,0.6,0.9,-62.2,-12.9,-1.1,-31.2,3.0,47.5,20.0,0.0,0.6,0.9,-1.32,-0.5,0.39,-0.47,3.0,1.25,20.0,0.0,0.6,0.9,-6.2,-4.6,1.3,-2.5,3.0,5.8,20.0,0.0,0.6,0.9,1.1,1.1,1.1,1.1,1.0,0.0,20.0,0.0,1.0,0.9,10.2,10.2,10.2,10.2,1.0,0.0,20.0,0.0,1.0,0.9,-87.2,-39.6,33.7,-27.0,3.0,89.2,20.0,0.0,0.6,0.9,-178.8,-80.7,-12.5,-95.3,3.0,122.5,20.0,0.0,0.6,0.9,-28.2,-28.2,-28.2,-28.2,1.0,0.0,20.0,0.0,1.0,0.9,-160.2,-160.2,-160.2,-160.2,1.0,0.0,20.0,0.0,1.0,0.9,-1.8,-1.8,-1.8,-1.8,1.0,0.0,20.0,0.0,1.0,0.9,-10.1,-10.1,-10.1,-10.1,1.0,0.0,20.0,0.0,1.0,0.9,86.5,125.0,588.5,333.0,3.0,409.5,20.0,0.0,0.6,0.9,85.0,125.0,590.0,335.0,3.0,410.0,20.0,0.0,0.6,0.9
1974,2,311.0,-32.0,,,,,,,,,,,,,,,,,,,,,,,,,,,,,,,,,,,,,,,,7.0,7.0,7.0,7.0,1.0,0.0,22.0,1.0,0.3,0.8,-2.39,-2.39,-2.39,-2.39,1.0,0.0,22.0,1.0,0.3,0.8,6.58,6.58,6.58,6.58,1.0,0.0,22.0,1.0,0.3,0.8,1014.6,1014.6,1014.6,1014.6,1.0,0.0,22.0,1.0,0.3,0.8,,,,,,,,,,,,,,,,,,,,,,,,,,,,,,,,,,,,,,,,,,,,,,,,,,,,,,,,,,,,,,,,,,,,,,,,,,,,,,,,,,,,,,,,,,,,,,,,,,,,,,,,,,,,,,,,,,,,,,,,,,,,,,,,,,,,,,,,,,,,,,,,,,,,,,
1974,2,311.0,-31.0,24.67,25.0,27.0,25.47,10.0,1.53,18.0,0.8,0.5,0.7,24.04,24.5,26.23,24.85,10.0,1.25,18.0,0.8,0.5,0.7,12.62,16.09,18.1,15.69,8.0,2.77,18.0,0.9,0.4,0.7,68.0,81.0,88.0,78.9,8.0,9.3,18.0,0.9,0.7,3.04,6.45,8.74,6.82,10.0,4.46,18.0,0.8,0.5,0.7,-6.74,-3.44,2.17,-2.63,10.0,4.35,18.0,0.8,0.5,0.7,-6.84,0.73,3.31,-1.48,10.0,6.52,18.0,0.8,0.5,0.7,1010.47,1013.1,1016.19,1013.27,10.0,2.81,18.0,0.8,0.5,0.7,4.9,6.0,8.0,6.3,10.0,1.8,18.0,0.8,0.5,0.7,-48.1,-20.4,13.4,-25.8,10.0,49.9,18.0,0.8,0.5,0.7,-58.8,0.9,18.4,-27.7,10.0,86.3,18.0,0.8,0.5,0.7,0.0,0.75,1.8,0.62,10.0,1.18,18.0,0.8,0.5,0.7,0.0,5.3,13.1,6.2,10.0,11.3,18.0,0.8,0.5,0.7,2.35,3.88,7.12,4.56,8.0,2.51,18.0,0.9,0.4,0.7,4.7,30.7,46.3,26.8,8.0,19.8,18.0,0.9,0.4,0.7,-163.8,-86.9,51.3,-65.1,10.0,108.5,18.0,0.8,0.5,0.7,-184.7,17.9,80.1,-41.7,10.0,163.8,18.0,0.8,0.5,0.7,-92.3,-46.5,22.1,-33.9,8.0,60.3,18.0,0.9,0.4,0.7,-75.0,10.6,16.7,-22.8,8.0,74.5,18.0,0.9,0.4,0.7,-44.2,-10.0,3.5,-15.8,8.0,23.9,18.0,0.9,0.4,0.7,-16.4,1.8,9.5,-0.2,8.0,18.9,18.0,0.9,0.4,0.7,58.5,269.5,679.0,754.5,10.0,1481.5,18.0,0.8,0.5,0.7,60.0,270.0,680.0,755.0,10.0,1480.0,18.0,0.8,0.5,0.7
1974,2,311.0,-30.0,23.92,24.0,25.19,24.76,7.0,2.02,14.0,0.9,0.6,0.4,24.27,25.8,27.31,25.46,9.0,1.9,16.0,0.8,0.6,0.5,16.23,17.03,17.59,17.07,7.0,1.39,18.0,0.7,0.7,0.3,77.5,84.5,88.4,84.0,7.0,6.4,18.0,0.7,0.3,4.44,8.2,9.67,7.72,9.0,2.88,16.0,0.8,0.6,0.5,-8.87,-5.13,3.33,-3.66,9.0,5.5,16.0,0.8,0.6,0.5,-8.33,-1.23,1.02,-2.56,9.0,4.76,16.0,0.8,0.6,0.5,1010.16,1011.3,1014.45,1012.0,9.0,2.58,16.0,0.8,0.6,0.5,2.3,8.0,8.0,5.7,9.0,3.2,16.0,0.8,0.6,0.5,-80.2,-44.2,12.6,-37.5,9.0,48.6,16.0,0.8,0.6,0.5,-82.7,-4.4,6.3,-27.8,9.0,46.7,16.0,0.8,0.6,0.5,-2.83,-0.8,0.92,-0.97,7.0,1.87,14.0,0.9,0.6,0.4,-23.6,-2.9,7.6,-7.4,7.0,15.8,14.0,0.9,0.6,0.4,1.8,2.37,3.59,2.78,6.0,1.41,16.0,0.8,0.6,0.4,9.9,18.6,40.8,24.1,6.0,16.8,16.0,0.8,0.6,0.4,-216.7,-141.1,86.7,-91.2,9.0,138.5,16.0,0.8,0.6,0.5,-219.4,-31.8,25.3,-66.1,9.0,127.0,16.0,0.8,0.6,0.5,-151.8,-114.6,59.3,-72.2,7.0,93.8,18.0,0.7,0.7,0.3,-134.0,-21.5,22.8,-39.1,7.0,85.7,18.0,0.7,0.7,0.3,-23.4,-11.1,10.0,-8.0,6.0,17.8,16.0,0.8,0.6,0.4,-29.3,-4.1,1.4,-12.3,6.0,20.2,16.0,0.8,0.6,0.4,115.0,551.5,904.5,628.5,9.0,567.5,16.0,0.8,0.6,0.5,115.0,550.0,905.0,630.0,9.0,565.0,16.0,0.8,0.6,0.5
1974,2,311.0,-29.0,21.4,24.0,25.35,23.94,25.0,2.23,16.0,0.6,0.6,0.6,22.3,24.45,27.0,24.31,30.0,2.29,14.0,0.6,0.5,0.5,14.29,16.46,18.65,16.37,25.0,1.9,14.0,0.6,0.5,0.6,78.8,83.7,88.3,84.0,26.0,6.7,16.0,0.7,0.6,2.6,4.1,7.7,5.1,30.0,2.62,14.0,0.6,0.5,0.5,-5.34,-3.14,-0.46,-3.06,30.0,3.28,14.0,0.6,0.5,0.5,-5.13,-1.99,1.44,-1.44,30.0,3.35,14.0,0.6,0.5,0.5,1010.49,1012.0,1015.91,1012.89,29.0,2.18,14.0,0.6,0.5,0.5,2.0,6.0,8.0,5.1,28.0,2.8,16.0,0.7,0.5,0.5,-36.9,-12.9,-0.5,-20.3,30.0,30.6,14.0,0.6,0.5,0.5,-28.2,-6.0,5.4,-9.6,30.0,26.0,14.0,0.6,0.5,0.5,-2.6,0.0,2.0,-0.32,25.0,2.28,16.0,0.6,0.6,0.6,-12.5,0.0,8.2,-3.1,25.0,10.8,16.0,0.6,0.6,0.6,-0.79,3.01,4.47,2.38,22.0,2.71,14.0,0.6,0.6,0.6,-3.8,13.3,24.5,11.4,22.0,13.8,14.0,0.6,0.6,0.6,-139.1,-75.4,-11.5,-76.4,30.0,79.5,14.0,0.6,0.5,0.5,-127.7,-51.3,30.8,-36.1,30.0,82.1,14.0,0.6,0.5,0.5,-101.0,-53.5,-23.5,-57.3,25.0,57.3,14.0,0.6,0.5,0.6,-73.7,-34.9,2.2,-28.7,25.0,49.3,14.0,0.6,0.5,0.6,-17.2,-7.9,7.7,-5.5,22.0,13.9,14.0,0.6,0.6,0.6,-9.5,-1.8,4.2,-2.7,22.0,9.7,14.0,0.6,0.6,0.6,17.5,69.0,456.5,244.0,30.0,370.5,14.0,0.6,0.5,0.5,20.0,70.0,455.0,245.0,30.0,370.0,14.0,0.6,0.5,0.5
1974,2,311.0,-28.0,23.37,24.65,27.17,25.24,10.0,2.03,14.0,0.4,0.8,0.4,23.85,25.0,25.95,25.11,9.0,1.58,14.0,0.4,0.8,0.3,14.36,16.77,17.63,16.38,8.0,1.5,12.0,0.4,0.8,0.4,76.9,82.8,85.0,81.6,8.0,5.2,12.0,0.4,0.4,2.6,3.6,6.19,4.2,10.0,2.0,14.0,0.4,0.8,0.4,-3.18,-1.67,1.3,-1.24,10.0,2.38,14.0,0.4,0.8,0.4,-3.19,-1.83,3.84,-0.56,10.0,3.98,14.0,0.4,0.8,0.4,1010.75,1011.3,1017.25,1013.58,9.0,3.24,14.0,0.4,0.8,0.3,5.0,5.0,7.0,5.6,9.0,1.7,14.0,0.4,0.8,0.3,-11.9,-4.3,6.3,-5.3,10.0,16.0,14.0,0.4,0.8,0.4,-13.1,-5.0,16.8,-1.9,10.0,25.4,14.0,0.4,0.8,0.4,-1.76,-0.4,2.08,0.27,9.0,2.18,14.0,0.4,0.8,0.3,-6.0,-1.0,9.3,1.3,9.0,7.3,14.0,0.4,0.8,0.3,1.88,4.61,5.86,4.32,8.0,2.56,12.0,0.4,0.8,0.4,5.6,15.8,21.7,14.9,8.0,9.6,12.0,0.4,0.8,0.4,-64.4,-43.1,34.2,-21.4,9.0,50.3,14.0,0.4,0.8,0.3,-55.2,-41.8,97.1,-1.7,9.0,88.6,14.0,0.4,0.8,0.3,-44.0,-29.3,10.7,-20.4,8.0,28.4,12.0,0.4,0.8,0.4,-35.1,-30.5,29.3,-15.7,8.0,45.0,12.0,0.4,0.8,0.4,-15.9,-3.1,2.7,-4.5,8.0,9.5,12.0,0.4,0.8,0.4,-13.7,-6.2,9.0,-2.0,8.0,15.1,12.0,0.4,0.8,0.4,17.5,49.5,253.0,126.5,10.0,180.0,14.0,0.4,0.8,0.4,20.0,50.0,255.0,125.0,10.0,180.0,14.0,0.4,0.8,0.4
1974,2,311.0,-27.0,24.95,26.35,27.9,26.43,4.0,2.06,20.0,0.5,0.8,0.4,24.74,26.55,28.15,26.45,4.0,2.36,20.0,0.5,0.8,0.4,13.96,14.42,17.26,15.58,3.0,2.61,20.0,0.3,0.7,0.4,71.1,76.3,81.3,76.2,3.0,7.5,20.0,0.3,0.4,5.34,7.45,9.56,7.45,4.0,2.8,20.0,0.5,0.8,0.4,-6.25,-3.9,-1.15,-3.71,4.0,3.83,20.0,0.5,0.8,0.4,0.0,3.3,8.46,4.19,4.0,5.05,20.0,0.5,0.8,0.4,1014.11,1015.1,1015.2,1014.68,4.0,0.92,20.0,0.5,0.8,0.4,2.5,3.5,6.1,4.3,4.0,2.6,20.0,0.5,0.8,0.4,-54.2,-28.4,-3.9,-29.0,4.0,32.1,20.0,0.5,0.8,0.4,0.0,22.1,78.5,38.5,4.0,51.8,20.0,0.5,0.8,0.4,-1.44,0.55,1.33,-0.02,4.0,2.22,20.0,0.5,0.8,0.4,-12.2,4.9,7.4,-2.1,4.0,16.2,20.0,0.5,0.8,0.4,5.38,6.48,7.13,6.26,3.0,1.3,20.0,0.3,0.7,0.4,28.5,32.6,65.2,46.5,3.0,29.4,20.0,0.3,0.7,0.4,-178.1,-103.6,-31.6,-104.8,4.0,109.1,20.0,0.5,0.8,0.4,0.0,77.5,212.6,105.0,4.0,129.3,20.0,0.5,0.8,0.4,-68.9,-53.3,-6.0,-37.8,3.0,48.0,20.0,0.3,0.7,0.4,28.8,90.7,128.7,79.0,3.0,73.9,20.0,0.3,0.7,0.4,-27.2,-26.6,-4.6,-16.1,3.0,18.9,20.0,0.3,0.7,0.4,10.2,32.1,61.7,35.9,3.0,37.9,20.0,0.3,0.7,0.4,179.5,426.0,922.5,545.0,4.0,515.5,20.0,0.5,0.8,0.4,180.0,425.0,920.0,545.0,4.0,515.0,20.0,0.5,0.8,0.4
1974,2,311.0,-26.0,26.0,26.0,26.0,26.0,1.0,0.0,24.0,0.0,0.7,0.4,24.5,24.5,24.5,24.5,1.0,0.0,24.0,0.0,0.7,0.4,17.61,17.61,17.61,17.61,1.0,0.0,24.0,0.0,0.7,0.4,91.9,91.9,91.9,91.9,1.0,0.0,24.0,0.0,0.4,6.7,6.7,6.7,6.7,1.0,0.0,24.0,0.0,0.7,0.4,2.29,2.29,2.29,2.29,1.0,0.0,24.0,0.0,0.7,0.4,6.3,6.3,6.3,6.3,1.0,0.0,24.0,0.0,0.7,0.4,1013.3,1013.3,1013.3,1013.3,1.0,0.0,24.0,0.0,0.7,0.4,8.0,8.0,8.0,8.0,1.0,0.0,24.0,0.0,0.7,0.4,15.4,15.4,15.4,15.4,1.0,0.0,24.0,0.0,0.7,0.4,42.2,42.2,42.2,42.2,1.0,0.0,24.0,0.0,0.7,0.4,1.5,1.5,1.5,1.5,1.0,0.0,24.0,0.0,0.7,0.4,10.1,10.1,10.1,10.1,1.0,0.0,24.0,0.0,0.7,0.4,3.38,3.38,3.38,3.38,1.0,0.0,24.0,0.0,0.7,0.4,22.7,22.7,22.7,22.7,1.0,0.0,24.0,0.0,0.7,0.4,56.1,56.1,56.1,56.1,1.0,0.0,24.0,0.0,0.7,0.4,154.3,154.3,154.3,154.3,1.0,0.0,24.0,0.0,0.7,0.4,40.4,40.4,40.4,40.4,1.0,0.0,24.0,0.0,0.7,0.4,110.9,110.9,110.9,110.9,1.0,0.0,24.0,0.0,0.7,0.4,7.8,7.8,7.8,7.8,1.0,0.0,24.0,0.0,0.7,0.4,21.3,21.3,21.3,21.3,1.0,0.0,24.0,0.0,0.7,0.4,301.0,301.0,301.0,301.0,1.0,0.0,24.0,0.0,0.7,0.4,300.0,300.0,300.0,300.0,1.0,0.0,24.0,0.0,0.7,0.4
1974,2,311.0,-1.0,,,,,,,,,,,,,,,,,,,,,,,,,,,,,,,,,,,,,,,,2.1,2.1,2.1,2.1,1.0,0.0,18.0,0.0,1.0,0.3,-1.82,-1.82,-1.82,-1.82,1.0,0.0,18.0,0.0,1.0,0.3,-1.05,-1.05,-1.05,-1.05,1.0,0.0,18.0,0.0,1.0,0.3,1008.0,1008.0,1008.0,1008.0,1.0,0.0,18.0,0.0,1.0,0.3,,,,,,,,,,,,,,,,,,,,,,,,,,,,,,,,,,,,,,,,,,,,,,,,,,,,,,,,,,,,,,,,,,,,,,,,,,,,,,,,,,,,,,,,,,,,,,,,,,,,,,,,,,,,,,,,,,,,,,,,,,,,,,,,,,,,,,,,,,,,,,,,,,,,,,
1974,2,311.0,0.0,25.5,25.5,25.5,25.5,1.0,0.0,18.0,1.0,1.0,0.8,26.6,26.6,26.6,26.6,1.0,0.0,18.0,1.0,1.0,0.8,17.42,17.42,17.42,17.42,1.0,0.0,18.0,1.0,1.0,0.8,80.2,80.2,80.2,80.2,1.0,0.0,18.0,1.0,0.8,6.2,6.2,6.2,6.2,1.0,0.0,18.0,1.0,1.0,0.8,-5.83,-5.83,-5.83,-5.83,1.0,0.0,18.0,1.0,1.0,0.8,-2.12,-2.12,-2.12,-2.12,1.0,0.0,18.0,1.0,1.0,0.8,1012.0,1012.0,1012.0,1012.0,1.0,0.0,18.0,1.0,1.0,0.8,8.0,8.0,8.0,8.0,1.0,0.0,18.0,1.0,1.0,0.8,-36.1,-36.1,-36.1,-36.1,1.0,0.0,18.0,1.0,1.0,0.8,-13.1,-13.1,-13.1,-13.1,1.0,0.0,18.0,1.0,1.0,0.8,-1.1,-1.1,-1.1,-1.1,1.0,0.0,18.0,1.0,1.0,0.8,-6.8,-6.8,-6.8,-6.8,1.0,0.0,18.0,1.0,1.0,0.8,2.98,2.98,2.98,2.98,1.0,0.0,18.0,1.0,1.0,0.8,18.5,18.5,18.5,18.5,1.0,0.0,18.0,1.0,1.0,0.8,-155.0,-155.0,-155.0,-155.0,1.0,0.0,18.0,1.0,1.0,0.8,-56.4,-56.4,-56.4,-56.4,1.0,0.0,18.0,1.0,1.0,0.8,-101.5,-101.5,-101.5,-101.5,1.0,0.0,18.0,1.0,1.0,0.8,-36.9,-36.9,-36.9,-36.9,1.0,0.0,18.0,1.0,1.0,0.8,-17.4,-17.4,-17.4,-17.4,1.0,0.0,18.0,1.0,1.0,0.8,-6.3,-6.3,-6.3,-6.3,1.0,0.0,18.0,1.0,1.0,0.8,238.5,238.5,238.5,238.5,1.0,0.0,18.0,1.0,1.0,0.8,240.0,240.0,240.0,240.0,1.0,0.0,18.0,1.0,1.0,0.8
1974,2,311.0,1.0,25.94,26.45,26.96,26.45,2.0,1.06,22.0,1.0,0.7,0.5,26.6,26.6,26.6,26.6,1.0,0.0,18.0,1.0,0.8,0.2,16.47,16.47,16.47,16.47,1.0,0.0,18.0,1.0,0.8,0.2,75.9,75.9,75.9,75.9,1.0,0.0,18.0,1.0,0.2,7.7,7.7,7.7,7.7,2.0,0.0,22.0,1.0,0.7,0.5,-7.15,-6.95,-6.76,-6.95,2.0,0.4,22.0,1.0,0.7,0.5,-3.66,-3.24,-2.83,-3.24,2.0,0.86,22.0,1.0,0.7,0.5,1010.56,1011.55,1012.54,1011.55,2.0,2.05,22.0,1.0,0.7,0.5,4.5,5.5,6.5,5.5,2.0,2.1,22.0,1.0,0.7,0.5,-55.0,-53.5,-52.0,-53.5,2.0,3.1,22.0,1.0,0.7,0.5,-28.2,-25.0,-21.8,-25.0,2.0,6.6,22.0,1.0,0.7,0.5,-0.9,-0.9,-0.9,-0.9,1.0,0.0,18.0,1.0,0.8,0.2,-6.9,-6.9,-6.9,-6.9,1.0,0.0,18.0,1.0,0.8,0.2,4.16,4.16,4.16,4.16,1.0,0.0,18.0,1.0,0.8,0.2,32.0,32.0,32.0,32.0,1.0,0.0,18.0,1.0,0.8,0.2,-177.4,-177.4,-177.4,-177.4,1.0,0.0,18.0,1.0,0.8,0.2,-102.4,-102.4,-102.4,-102.4,1.0,0.0,18.0,1.0,0.8,0.2,-109.8,-109.8,-109.8,-109.8,1.0,0.0,18.0,1.0,0.8,0.2,-63.4,-63.4,-63.4,-63.4,1.0,0.0,18.0,1.0,0.8,0.2,-27.8,-27.8,-27.8,-27.8,1.0,0.0,18.0,1.0,0.8,0.2,-16.0,-16.0,-16.0,-16.0,1.0,0.0,18.0,1.0,0.8,0.2,456.5,456.5,456.5,456.5,2.0,0.0,22.0,1.0,0.7,0.5,455.0,455.0,455.0,455.0,2.0,0.0,22.0,1.0,0.7,0.5
1974,2,311.0,2.0,25.6,25.8,26.0,25.8,2.0,0.42,18.0,1.0,0.2,0.3,27.13,27.2,27.27,27.2,2.0,0.14,18.0,1.0,0.2,0.3,17.4,17.47,17.53,17.47,2.0,0.13,18.0,1.0,0.2,0.3,77.4,77.4,77.4,77.4,2.0,0.0,18.0,1.0,0.3,11.3,11.3,11.3,11.3,2.0,0.0,18.0,1.0,0.2,0.3,-10.49,-10.2,-9.92,-10.2,2.0,0.59,18.0,1.0,0.2,0.3,-5.37,-4.76,-4.15,-4.76,2.0,1.26,18.0,1.0,0.2,0.3,1008.74,1009.25,1009.76,1009.25,2.0,1.06,18.0,1.0,0.2,0.3,8.0,8.0,8.0,8.0,2.0,0.0,18.0,1.0,0.2,0.3,-118.5,-115.3,-112.1,-115.3,2.0,6.7,18.0,1.0,0.2,0.3,-60.6,-53.8,-46.9,-53.8,2.0,14.3,18.0,1.0,0.2,0.3,-1.67,-1.4,-1.13,-1.4,2.0,0.57,18.0,1.0,0.2,0.3,-18.9,-15.8,-12.7,-15.8,2.0,6.4,18.0,1.0,0.2,0.3,3.03,3.36,3.7,3.36,2.0,0.69,18.0,1.0,0.2,0.3,34.3,38.0,41.8,38.0,2.0,7.8,18.0,1.0,0.2,0.3,-284.5,-277.5,-270.4,-277.5,2.0,14.6,18.0,1.0,0.2,0.3,-146.4,-129.5,-112.6,-129.5,2.0,35.0,18.0,1.0,0.2,0.3,-182.5,-178.2,-173.9,-178.2,2.0,8.9,18.0,1.0,0.2,0.3,-94.1,-83.2,-72.2,-83.2,2.0,22.7,18.0,1.0,0.2,0.3,-38.9,-34.5,-30.2,-34.5,2.0,9.0,18.0,1.0,0.2,0.3,-16.0,-15.6,-15.1,-15.6,2.0,1.0,18.0,1.0,0.2,0.3,1443.0,1443.0,1443.0,1443.0,2.0,0.0,18.0,1.0,0.2,0.3,1445.0,1445.0,1445.0,1445.0,2.0,0.0,18.0,1.0,0.2,0.3
1974,2,311.0,3.0,27.52,28.0,28.52,28.02,5.0,0.64,18.0,0.4,0.5,0.6,26.19,26.85,27.17,26.67,6.0,0.93,16.0,0.3,0.5,0.6,16.47,17.15,18.4,17.37,5.0,0.99,18.0,0.4,0.5,0.6,76.7,78.4,82.8,79.3,5.0,3.6,18.0,0.4,0.6,6.2,7.2,8.77,7.9,6.0,2.54,16.0,0.3,0.5,0.6,-7.78,-5.14,-3.49,-5.56,6.0,2.8,16.0,0.3,0.5,0.6,-7.0,-5.29,-2.56,-5.08,6.0,2.34,16.0,0.3,0.5,0.6,1006.87,1009.65,1010.61,1009.03,6.0,2.06,16.0,0.3,0.5,0.6,5.2,7.0,8.0,6.3,6.0,2.3,16.0,0.3,0.5,0.6,-70.5,-35.9,-22.3,-48.8,6.0,41.2,16.0,0.3,0.5,0.6,-62.8,-32.8,-19.3,-43.3,6.0,33.7,16.0,0.3,0.5,0.6,0.71,1.1,2.0,1.32,5.0,0.92,18.0,0.4,0.5,0.6,4.4,8.5,20.7,11.5,5.0,8.8,18.0,0.4,0.5,0.6,5.8,6.9,7.09,6.41,5.0,1.25,18.0,0.4,0.5,0.6,37.9,51.7,66.8,53.2,5.0,23.5,18.0,0.4,0.5,0.6,-198.0,-137.2,-96.8,-147.2,6.0,72.7,16.0,0.3,0.5,0.6,-192.8,-142.8,-64.8,-136.5,6.0,64.5,16.0,0.3,0.5,0.6,-137.3,-73.5,-57.7,-93.5,5.0,51.8,18.0,0.4,0.5,0.6,-129.7,-96.1,-71.4,-98.3,5.0,37.6,18.0,0.4,0.5,0.6,-57.1,-25.9,-16.2,-35.4,5.0,23.5,18.0,0.4,0.5,0.6,-49.7,-42.0,-19.3,-36.6,5.0,17.2,18.0,0.4,0.5,0.6,238.5,378.5,805.5,639.5,6.0,745.0,16.0,0.3,0.5,0.6,240.0,380.0,805.0,640.0,6.0,745.0,16.0,0.3,0.5,0.6
1974,2,311.0,4.0,26.52,27.3,28.36,27.48,5.0,1.27,20.0,0.6,0.4,0.5,26.08,26.85,27.72,27.22,6.0,1.67,20.0,0.7,0.4,0.5,16.09,16.38,17.62,16.83,4.0,1.24,18.0,0.8,0.4,0.6,74.2,77.9,81.3,77.7,4.0,5.0,18.0,0.8,0.6,7.7,8.7,10.42,9.17,7.0,1.87,18.0,0.6,0.4,0.5,-6.46,-5.27,-3.48,-4.85,7.0,1.54,18.0,0.6,0.4,0.5,-9.75,-6.67,-6.25,-7.61,7.0,2.03,18.0,0.6,0.4,0.5,1009.93,1010.5,1011.73,1010.61,7.0,1.26,18.0,0.6,0.4,0.5,4.0,6.0,8.0,6.3,7.0,1.8,18.0,0.6,0.4,0.5,-59.2,-43.2,-29.2,-45.6,7.0,20.7,18.0,0.6,0.4,0.5,-101.8,-55.7,-51.2,-72.7,7.0,36.1,18.0,0.6,0.4,0.5,-0.52,0.05,0.2,-0.15,4.0,0.58,24.0,0.8,0.4,0.6,-4.3,0.4,1.8,-1.2,4.0,4.8,24.0,0.8,0.4,0.6,4.24,4.55,4.86,4.55,2.0,0.64,24.0,1.0,0.3,0.7,36.9,39.6,42.2,39.6,2.0,5.5,24.0,1.0,0.3,0.7,-164.7,-123.0,-89.3,-125.3,6.0,42.9,20.0,0.7,0.4,0.5,-208.4,-182.8,-168.8,-190.6,6.0,36.8,20.0,0.7,0.4,0.5,-108.5,-77.3,-52.2,-80.2,4.0,35.7,18.0,0.8,0.4,0.6,-112.6,-109.2,-106.3,-109.5,4.0,4.5,18.0,0.8,0.4,0.6,-27.9,-27.6,-27.4,-27.6,2.0,0.5,24.0,1.0,0.3,0.7,-31.7,-28.1,-24.6,-28.1,2.0,7.4,24.0,1.0,0.3,0.7,456.5,658.5,1143.0,860.0,7.0,607.0,18.0,0.6,0.4,0.5,455.0,660.0,1145.0,860.0,7.0,605.0,18.0,0.6,0.4,0.5
1974,2,311.0,6.0,26.07,26.9,27.58,26.75,12.0,0.93,14.0,0.3,0.6,0.5,25.7,26.0,26.24,25.96,11.0,0.4,12.0,0.3,0.6,0.4,15.53,16.27,17.02,16.6,8.0,1.44,10.0,0.3,0.6,0.4,75.3,78.3,80.8,79.1,8.0,5.5,10.0,0.3,0.4,6.84,10.05,12.17,9.58,10.0,2.41,12.0,0.3,0.6,0.4,-10.32,-7.8,-6.03,-8.23,10.0,2.1,12.0,0.3,0.6,0.4,-7.74,-3.43,-1.36,-4.05,10.0,3.14,12.0,0.3,0.6,0.4,1008.59,1009.75,1010.96,1009.93,10.0,1.45,12.0,0.3,0.6,0.4,4.5,6.0,7.0,5.6,12.0,1.7,14.0,0.3,0.6,0.5,-115.0,-77.8,-45.7,-82.3,10.0,36.9,12.0,0.3,0.6,0.4,-87.1,-30.3,-10.6,-42.8,10.0,39.3,12.0,0.3,0.6,0.4,0.76,1.0,1.35,0.85,11.0,0.91,12.0,0.3,0.6,0.4,6.5,10.3,12.9,8.2,9.0,7.4,10.0,0.2,0.6,0.4,3.47,6.4,6.7,5.52,8.0,1.74,10.0,0.3,0.6,0.4,33.8,59.6,77.1,54.0,8.0,23.0,10.0,0.3,0.6,0.4,-265.9,-198.2,-155.2,-207.5,9.0,52.7,10.0,0.2,0.6,0.4,-203.9,-80.6,-35.3,-105.7,9.0,86.2,10.0,0.2,0.6,0.4,-176.5,-122.4,-97.5,-133.4,8.0,41.5,10.0,0.3,0.6,0.4,-125.7,-59.1,-23.5,-70.2,8.0,52.6,10.0,0.3,0.6,0.4,-59.1,-46.5,-33.2,-43.9,8.0,16.4,10.0,0.3,0.6,0.4,-50.4,-21.6,-5.6,-27.3,8.0,23.3,10.0,0.3,0.6,0.4,332.0,1017.0,1804.0,1026.0,10.0,651.5,12.0,0.3,0.6,0.4,330.0,1015.0,1805.0,1025.0,10.0,650.0,12.0,0.3,0.6,0.4
1974,2,311.0,7.0,26.47,27.5,27.98,27.45,8.0,1.06,10.0,0.6,0.4,0.1,25.07,26.05,26.97,26.04,8.0,1.26,10.0,0.6,0.4,0.1,16.41,16.99,18.05,17.19,8.0,1.03,10.0,0.6,0.4,0.1,75.5,82.5,87.9,81.7,8.0,5.8,10.0,0.6,0.1,7.7,10.3,10.74,9.45,8.0,1.63,10.0,0.6,0.4,0.1,-10.28,-7.89,-7.15,-8.49,8.0,1.82,10.0,0.6,0.4,0.1,-6.44,-2.83,-0.15,-2.99,8.0,2.96,10.0,0.6,0.4,0.1,1008.22,1010.45,1011.89,1010.14,8.0,1.83,10.0,0.6,0.4,0.1,4.8,6.0,7.0,5.4,7.0,2.2,12.0,0.6,0.4,0.1,-109.2,-81.3,-51.9,-82.4,8.0,29.5,10.0,0.6,0.4,0.1,-65.1,-30.1,-1.1,-29.7,8.0,29.2,10.0,0.6,0.4,0.1,0.0,1.55,2.64,1.41,8.0,1.3,10.0,0.6,0.4,0.1,0.0,13.8,27.7,13.7,8.0,14.0,10.0,0.6,0.4,0.1,3.98,5.73,7.38,5.82,8.0,1.86,10.0,0.6,0.4,0.1,35.0,55.6,68.4,55.5,8.0,22.1,10.0,0.6,0.4,0.1,-270.4,-209.4,-183.3,-220.8,8.0,46.3,10.0,0.6,0.4,0.1,-161.4,-72.8,-3.9,-78.5,8.0,78.6,10.0,0.6,0.4,0.1,-181.9,-134.0,-121.4,-146.0,8.0,33.1,10.0,0.6,0.4,0.1,-106.0,-47.0,-2.4,-50.4,8.0,50.9,10.0,0.6,0.4,0.1,-66.7,-44.7,-35.0,-50.2,8.0,21.8,10.0,0.6,0.4,0.1,-34.1,-15.5,-1.1,-17.8,8.0,17.1,10.0,0.6,0.4,0.1,456.5,1092.5,1241.0,908.5,8.0,415.0,10.0,0.6,0.4,0.1,455.0,1095.0,1240.0,910.0,8.0,415.0,10.0,0.6,0.4,0.1
1974,2,311.0,8.0,27.33,27.6,27.87,27.6,2.0,0.57,14.0,0.0,0.4,0.1,24.41,24.65,24.89,24.65,2.0,0.49,14.0,0.0,0.4,0.1,15.39,15.9,16.41,15.9,2.0,1.06,14.0,0.0,0.4,0.1,80.5,81.9,83.3,81.9,2.0,2.9,14.0,0.0,0.1,6.86,7.2,7.54,7.2,2.0,0.71,14.0,0.0,0.4,0.1,-6.16,-5.22,-4.29,-5.22,2.0,1.94,14.0,0.0,0.4,0.1,-5.79,-3.92,-2.04,-3.92,2.0,3.89,14.0,0.0,0.4,0.1,1008.29,1008.9,1009.51,1008.9,2.0,1.27,14.0,0.0,0.4,0.1,2.0,4.0,6.0,4.0,2.0,4.2,14.0,0.0,0.4,0.1,-41.9,-36.9,-32.0,-36.9,2.0,10.3,14.0,0.0,0.4,0.1,-44.4,-29.6,-14.7,-29.6,2.0,30.8,14.0,0.0,0.4,0.1,2.92,2.95,2.98,2.95,2.0,0.07,14.0,0.0,0.4,0.1,20.5,21.2,22.0,21.2,2.0,1.6,14.0,0.0,0.4,0.1,7.19,7.31,7.43,7.31,2.0,0.25,14.0,0.0,0.4,0.1,49.3,52.7,56.1,52.7,2.0,7.0,14.0,0.0,0.4,0.1,-153.6,-129.3,-104.9,-129.3,2.0,50.5,14.0,0.0,0.4,0.1,-140.9,-95.6,-50.2,-95.6,2.0,94.0,14.0,0.0,0.4,0.1,-101.7,-84.1,-66.5,-84.1,2.0,36.5,14.0,0.0,0.4,0.1,-88.0,-60.2,-32.3,-60.2,2.0,57.7,14.0,0.0,0.4,0.1,-44.2,-37.9,-31.7,-37.9,2.0,12.9,14.0,0.0,0.4,0.1,-43.3,-29.1,-14.9,-29.1,2.0,29.5,14.0,0.0,0.4,0.1,325.5,378.5,432.0,378.5,2.0,110.0,14.0,0.0,0.4,0.1,325.0,380.0,430.0,380.0,2.0,110.0,14.0,0.0,0.4,0.1
1974,2,311.0,9.0,25.4,26.1,26.86,26.13,4.0,0.85,10.0,0.8,0.6,0.6,24.86,26.0,26.41,25.65,4.0,1.15,10.0,0.8,0.6,0.6,13.83,13.99,14.15,13.99,2.0,0.33,16.0,0.5,0.7,0.8,69.3,75.4,76.1,72.8,3.0,5.4,12.0,0.7,0.7,7.2,7.95,9.54,8.35,4.0,1.48,10.0,0.8,0.6,0.6,-9.21,-7.63,-6.92,-8.04,4.0,1.52,10.0,0.8,0.6,0.6,-2.73,-2.13,-1.51,-2.12,4.0,0.76,10.0,0.8,0.6,0.6,1009.8,1010.0,1011.37,1010.57,3.0,1.25,12.0,0.7,0.7,0.6,1.5,2.0,4.6,3.0,4.0,2.7,10.0,0.8,0.6,0.6,-88.6,-61.1,-49.8,-68.8,4.0,25.8,10.0,0.8,0.6,0.6,-22.3,-18.1,-13.2,-17.8,4.0,6.9,10.0,0.8,0.6,0.6,-0.6,-0.2,1.62,0.48,4.0,1.72,10.0,0.8,0.6,0.6,-4.4,-1.3,14.2,4.6,4.0,14.6,10.0,0.8,0.6,0.6,6.67,7.27,7.86,7.27,2.0,1.23,16.0,0.5,0.7,0.8,50.0,58.4,66.9,58.4,2.0,17.5,16.0,0.5,0.7,0.8,-234.8,-191.0,-179.9,-206.6,4.0,43.1,10.0,0.8,0.6,0.6,-67.7,-55.6,-39.8,-53.8,4.0,17.2,10.0,0.8,0.6,0.6,-112.6,-104.7,-96.8,-104.7,2.0,16.4,16.0,0.5,0.7,0.8,-41.0,-38.1,-35.2,-38.1,2.0,6.0,16.0,0.5,0.7,0.8,-62.8,-54.9,-47.0,-54.9,2.0,16.4,16.0,0.5,0.7,0.8,-22.9,-20.0,-17.1,-20.0,2.0,6.0,16.0,0.5,0.7,0.8,373.0,516.0,886.0,624.5,4.0,340.0,10.0,0.8,0.6,0.6,375.0,515.0,885.0,625.0,4.0,340.0,10.0,0.8,0.6,0.6
1974,2,311.0,10.0,,,,,,,,,,,,,,,,,,,,,,,,,,,,,,,,,,,,,,,,10.0,10.0,10.0,10.0,1.0,0.0,12.0,1.0,0.5,0.3,-9.4,-9.4,-9.4,-9.4,1.0,0.0,12.0,1.0,0.5,0.3,-3.42,-3.42,-3.42,-3.42,1.0,0.0,12.0,1.0,0.5,0.3,1012.9,1012.9,1012.9,1012.9,1.0,0.0,12.0,1.0,0.5,0.3,,,,,,,,,,,,,,,,,,,,,,,,,,,,,,,,,,,,,,,,,,,,,,,,,,,,,,,,,,,,,,,,,,,,,,,,,,,,,,,,,,,,,,,,,,,,,,,,,,,,,,,,,,,,,,,,,,,,,,,,,,,,,,,,,,,,,,,,,,,,,,,,,,,,,,
1974,2,311.0,11.0,,,,,,,,,,,,,,,,,,,,,,,,,,,,,,,,,,,,,,,,,,,,,,,,,,,,,,,,,,,,,,,,,,,,,,,,,,,,,,,,3.0,3.0,3.0,3.0,1.0,0.0,22.0,1.0,0.3,0.5,-146.4,-146.4,-146.4,-146.4,1.0,0.0,22.0,1.0,0.3,0.5,-84.5,-84.5,-84.5,-84.5,1.0,0.0,22.0,1.0,0.3,0.5,,,,,,,,,,,,,,,,,,,,,,,,,,,,,,,,,,,,,,,,,,,,,,,,,,,,,,,,,,,,,,,,,,,,,,,,,,,,,,,,,,,,,,,,,,,,,,,,,,,,,,,,,,,,,,,,,,,,,,,,
1974,2,311.0,12.0,25.0,25.0,25.68,25.33,3.0,0.58,22.0,1.0,0.4,0.6,24.7,24.7,25.31,25.0,3.0,0.52,22.0,1.0,0.4,0.6,12.44,13.39,14.34,13.39,2.0,1.97,22.0,1.0,0.5,0.5,63.9,67.4,70.9,67.4,2.0,7.3,22.0,1.0,0.5,6.96,8.6,10.24,8.6,2.0,3.39,22.0,1.0,0.5,0.5,-9.55,-7.85,-6.16,-7.85,2.0,3.51,22.0,1.0,0.5,0.5,-3.66,-3.43,-3.21,-3.43,2.0,0.47,22.0,1.0,0.5,0.5,1015.4,1015.6,1015.8,1015.6,2.0,0.42,22.0,1.0,0.5,0.5,4.0,6.0,6.7,5.3,3.0,2.1,22.0,1.0,0.4,0.6,-100.9,-73.5,-46.1,-73.5,2.0,56.9,22.0,1.0,0.5,0.5,-37.9,-30.3,-22.7,-30.3,2.0,15.7,22.0,1.0,0.5,0.5,0.3,0.3,0.37,0.33,3.0,0.06,22.0,1.0,0.4,0.6,2.6,2.9,3.2,2.9,2.0,0.6,22.0,1.0,0.5,0.5,6.42,6.95,7.48,6.95,2.0,1.1,22.0,1.0,0.5,0.5,45.7,61.6,77.5,61.6,2.0,33.0,22.0,1.0,0.5,0.5,-236.6,-196.4,-156.2,-196.4,2.0,83.3,22.0,1.0,0.5,0.5,-90.8,-86.1,-81.5,-86.1,2.0,9.6,22.0,1.0,0.5,0.5,-116.9,-101.7,-86.5,-101.7,2.0,31.6,22.0,1.0,0.5,0.5,-45.7,-45.5,-45.2,-45.5,2.0,0.5,22.0,1.0,0.5,0.5,-72.4,-56.5,-40.5,-56.5,2.0,33.0,22.0,1.0,0.5,0.5,-27.5,-24.1,-20.7,-24.1,2.0,7.0,22.0,1.0,0.5,0.5,411.5,784.5,1157.5,784.5,2.0,772.5,22.0,1.0,0.5,0.5,410.0,785.0,1160.0,785.0,2.0,775.0,22.0,1.0,0.5,0.5
1974,2,311.0,13.0,24.33,24.6,25.07,24.7,9.0,0.41,22.0,0.4,0.6,0.5,23.83,24.2,24.57,24.5,9.0,1.47,22.0,0.4,0.6,0.5,12.81,13.42,14.63,14.08,6.0,2.14,18.0,0.5,0.6,0.6,69.6,73.4,74.9,72.7,6.0,3.1,18.0,0.5,0.6,10.09,10.8,12.21,11.03,6.0,1.3,18.0,0.5,0.6,0.6,-10.19,-9.66,-9.09,-9.57,6.0,0.77,18.0,0.5,0.6,0.6,-7.23,-5.7,-1.42,-4.75,6.0,3.2,18.0,0.5,0.6,0.6,1013.56,1014.5,1015.26,1014.4,6.0,1.03,18.0,0.5,0.6,0.6,2.3,6.0,6.0,4.8,9.0,1.9,22.0,0.4,0.6,0.5,-125.7,-102.7,-88.8,-105.9,6.0,17.8,18.0,0.5,0.6,0.6,-81.9,-65.2,-14.6,-55.4,6.0,39.8,18.0,0.5,0.6,0.6,0.11,0.4,0.94,0.2,9.0,1.2,22.0,0.4,0.6,0.5,-2.5,5.3,11.6,2.2,6.0,15.9,18.0,0.5,0.6,0.6,4.6,5.79,6.62,5.42,6.0,1.8,18.0,0.5,0.6,0.6,47.2,59.6,84.6,60.7,6.0,24.0,18.0,0.5,0.6,0.6,-255.5,-232.3,-213.3,-236.0,6.0,30.2,18.0,0.5,0.6,0.6,-175.1,-135.9,-40.2,-115.4,6.0,75.8,18.0,0.5,0.6,0.6,-144.0,-127.5,-120.8,-135.0,6.0,26.1,18.0,0.5,0.6,0.6,-97.3,-75.2,-26.1,-64.2,6.0,40.3,18.0,0.5,0.6,0.6,-66.6,-51.8,-42.0,-51.7,6.0,18.5,18.0,0.5,0.6,0.6,-45.3,-34.3,-2.8,-28.2,6.0,22.1,18.0,0.5,0.6,0.6,1033.0,1259.5,1825.0,1390.5,6.0,496.0,18.0,0.5,0.6,0.6,1035.0,1260.0,1825.0,1390.0,6.0,495.0,18.0,0.5,0.6,0.6
1974,2,311.0,14.0,24.65,25.0,25.49,25.07,9.0,0.49,12.0,0.4,0.4,0.5,24.05,24.4,24.5,24.36,9.0,0.28,12.0,0.4,0.4,0.5,13.05,13.76,15.48,14.12,8.0,1.33,12.0,0.4,0.4,0.5,70.5,71.4,80.5,74.2,9.0,5.9,12.0,0.4,0.5,8.2,8.7,11.76,9.53,9.0,2.08,12.0,0.4,0.4,0.5,-10.11,-8.2,-7.44,-8.79,9.0,1.74,12.0,0.4,0.4,0.5,-4.65,-1.61,1.04,-1.74,9.0,3.63,12.0,0.4,0.4,0.5,1012.02,1014.1,1015.28,1013.91,8.0,1.68,12.0,0.4,0.4,0.5,4.3,7.0,7.7,6.1,9.0,1.8,12.0,0.4,0.4,0.5,-127.3,-71.1,-55.7,-86.6,9.0,35.6,12.0,0.4,0.4,0.5,-38.7,-15.0,8.5,-19.8,9.0,42.9,12.0,0.4,0.4,0.5,0.03,0.5,1.2,0.71,9.0,0.64,12.0,0.4,0.4,0.5,0.3,6.7,13.4,6.8,9.0,6.0,12.0,0.4,0.4,0.5,4.09,6.05,6.92,5.64,8.0,1.64,12.0,0.4,0.4,0.5,34.4,55.8,67.2,54.4,8.0,18.5,12.0,0.4,0.4,0.5,-247.4,-200.9,-182.5,-214.0,9.0,41.4,12.0,0.4,0.4,0.5,-113.3,-39.6,24.9,-42.5,9.0,88.6,12.0,0.4,0.4,0.5,-157.5,-115.6,-108.7,-128.4,8.0,23.8,12.0,0.4,0.4,0.5,-38.2,-10.1,16.6,-18.2,8.0,55.1,12.0,0.4,0.4,0.5,-63.4,-49.2,-32.5,-51.6,8.0,18.2,12.0,0.4,0.4,0.5,-22.2,-5.5,8.4,-8.1,8.0,16.6,12.0,0.4,0.4,0.5,551.5,658.5,1654.0,983.5,9.0,696.0,12.0,0.4,0.4,0.5,550.0,660.0,1655.0,985.0,9.0,695.0,12.0,0.4,0.4,0.5
1974,2,311.0,15.0,24.48,25.3,25.81,25.15,4.0,0.87,12.0,0.5,0.8,0.5,24.09,24.6,26.63,25.33,4.0,2.03,12.0,0.5,0.8,0.5,13.75,15.26,16.22,15.0,4.0,1.61,12.0,0.5,0.8,0.5,70.0,73.0,79.7,74.7,4.0,6.4,12.0,0.5,0.5,7.94,9.8,12.19,10.05,4.0,2.98,12.0,0.5,0.8,0.5,-12.11,-9.65,-7.87,-9.98,4.0,2.99,12.0,0.5,0.8,0.5,-0.94,0.0,0.85,-0.04,4.0,1.39,12.0,0.5,0.8,0.5,1014.33,1016.55,1017.4,1015.9,4.0,2.08,12.0,0.5,0.8,0.5,1.5,2.0,5.1,3.3,4.0,3.2,12.0,0.5,0.8,0.5,-151.0,-94.8,-64.1,-106.9,4.0,62.6,12.0,0.5,0.8,0.5,-9.7,0.0,7.9,-0.9,4.0,13.7,12.0,0.5,0.8,0.5,-1.63,0.7,1.2,-0.17,4.0,2.14,12.0,0.5,0.8,0.5,-16.9,5.0,12.6,-1.9,4.0,22.3,12.0,0.5,0.8,0.5,3.82,5.15,6.0,4.92,4.0,1.4,12.0,0.5,0.8,0.5,36.7,47.5,58.8,47.8,4.0,13.9,12.0,0.5,0.8,0.5,-314.4,-252.5,-190.8,-252.6,4.0,76.1,12.0,0.5,0.8,0.5,-26.5,0.0,20.1,-3.0,4.0,36.5,12.0,0.5,0.8,0.5,-195.2,-143.1,-107.8,-151.1,4.0,54.3,12.0,0.5,0.8,0.5,-15.6,0.0,10.9,-2.2,4.0,20.8,12.0,0.5,0.8,0.5,-58.4,-47.1,-36.5,-47.4,4.0,14.0,12.0,0.5,0.8,0.5,-2.9,0.0,4.8,0.9,4.0,6.1,12.0,0.5,0.8,0.5,540.5,948.5,1927.0,1221.0,4.0,1030.0,12.0,0.5,0.8,0.5,540.0,950.0,1925.0,1220.0,4.0,1030.0,12.0,0.5,0.8,0.5
1974,2,311.0,16.0,24.06,24.2,24.34,24.2,2.0,0.28,18.0,0.5,0.6,0.4,23.13,23.4,23.67,23.4,2.0,0.57,18.0,0.5,0.6,0.4,13.43,13.67,13.91,13.67,2.0,0.5,18.0,0.5,0.6,0.4,76.3,76.3,76.4,76.3,2.0,0.1,18.0,0.5,0.4,7.95,8.5,9.05,8.5,2.0,1.13,18.0,0.5,0.6,0.4,-8.0,-7.88,-7.76,-7.88,2.0,0.25,18.0,0.5,0.6,0.4,-3.91,-2.32,-0.74,-2.32,2.0,3.29,18.0,0.5,0.6,0.4,1011.75,1012.3,1012.85,1012.3,2.0,1.13,18.0,0.5,0.6,0.4,4.6,6.0,7.4,6.0,2.0,2.8,18.0,0.5,0.6,0.4,-72.4,-67.1,-61.8,-67.1,2.0,11.0,18.0,0.5,0.6,0.4,-36.4,-21.6,-6.9,-21.6,2.0,30.6,18.0,0.5,0.6,0.4,0.66,0.8,0.94,0.8,2.0,0.28,18.0,0.5,0.6,0.4,5.9,6.6,7.4,6.6,2.0,1.5,18.0,0.5,0.6,0.4,5.11,5.18,5.26,5.18,2.0,0.16,18.0,0.5,0.6,0.4,41.8,44.0,46.1,44.0,2.0,4.5,18.0,0.5,0.6,0.4,-189.4,-184.4,-179.4,-184.4,2.0,10.3,18.0,0.5,0.6,0.4,-93.1,-55.3,-17.6,-55.3,2.0,78.3,18.0,0.5,0.6,0.4,-111.3,-107.8,-104.2,-107.8,2.0,7.4,18.0,0.5,0.6,0.4,-54.9,-32.6,-10.4,-32.6,2.0,46.1,18.0,0.5,0.6,0.4,-40.8,-40.8,-40.8,-40.8,2.0,0.1,18.0,0.5,0.6,0.4,-19.8,-11.8,-3.7,-11.8,2.0,16.7,18.0,0.5,0.6,0.4,511.5,630.5,749.0,630.5,2.0,246.0,18.0,0.5,0.6,0.4,510.0,630.0,750.0,630.0,2.0,245.0,18.0,0.5,0.6,0.4
1974,2,311.0,17.0,23.66,24.0,24.34,24.0,2.0,0.71,14.0,0.5,0.4,0.1,23.0,23.0,24.37,23.67,3.0,1.15,12.0,0.3,0.3,0.4,12.95,13.25,14.6,13.76,3.0,1.29,12.0,0.3,0.3,0.4,74.3,76.3,77.1,75.7,3.0,2.1,12.0,0.3,0.4,5.86,6.2,6.54,6.2,3.0,0.5,12.0,0.3,0.3,0.4,-6.28,-5.37,-5.07,-5.67,3.0,0.92,12.0,0.3,0.3,0.4,-3.02,-2.85,-0.9,-1.98,3.0,1.72,12.0,0.3,0.3,0.4,1014.68,1017.0,1018.09,1016.4,3.0,2.55,12.0,0.3,0.3,0.4,3.0,3.0,3.0,3.0,1.0,0.0,20.0,1.0,0.5,0.0,-41.2,-33.3,-29.8,-35.4,3.0,8.6,12.0,0.3,0.3,0.4,-18.3,-16.2,-5.2,-11.8,3.0,10.3,12.0,0.3,0.3,0.4,-0.34,0.0,0.34,0.0,2.0,0.71,14.0,0.5,0.4,0.1,-1.9,0.3,2.4,0.3,2.0,4.4,14.0,0.5,0.4,0.1,4.1,4.56,5.02,4.56,2.0,0.95,14.0,0.5,0.4,0.1,24.2,28.6,33.0,28.6,2.0,9.1,14.0,0.5,0.4,0.1,-144.4,-123.5,-123.4,-133.7,3.0,17.7,12.0,0.3,0.3,0.4,-71.3,-71.2,-22.6,-47.5,3.0,41.2,12.0,0.3,0.3,0.4,-82.5,-75.2,-72.4,-77.4,3.0,7.6,12.0,0.3,0.3,0.4,-42.7,-41.1,-13.0,-28.2,3.0,24.4,12.0,0.3,0.3,0.4,-32.5,-27.1,-21.7,-27.1,2.0,11.2,14.0,0.5,0.4,0.1,-9.3,-5.5,-1.8,-5.5,2.0,7.8,14.0,0.5,0.4,0.1,202.0,238.5,281.0,241.5,3.0,58.0,12.0,0.3,0.3,0.4,200.0,240.0,280.0,240.0,3.0,60.0,12.0,0.3,0.3,0.4
1974,2,311.0,18.0,23.74,23.95,24.44,24.08,6.0,0.52,12.0,0.3,0.5,0.4,22.63,23.5,25.92,23.95,6.0,1.65,12.0,0.3,0.5,0.4,12.94,13.39,14.73,13.63,6.0,0.96,12.0,0.3,0.5,0.4,65.0,74.8,82.1,74.2,6.0,8.5,12.0,0.3,0.4,4.6,7.2,8.43,6.85,6.0,2.01,12.0,0.3,0.5,0.4,-8.03,-5.82,-4.07,-6.01,6.0,2.38,12.0,0.3,0.5,0.4,-1.48,0.79,3.33,0.81,6.0,3.25,12.0,0.3,0.5,0.4,1014.61,1016.4,1017.71,1016.25,6.0,1.97,12.0,0.3,0.5,0.4,4.4,5.5,8.0,5.7,6.0,2.3,12.0,0.3,0.5,0.4,-68.0,-39.5,-19.7,-44.6,6.0,28.7,12.0,0.3,0.5,0.4,-9.9,3.6,25.1,4.4,6.0,23.3,12.0,0.3,0.5,0.4,-1.12,0.2,1.21,0.13,6.0,1.31,12.0,0.3,0.5,0.4,-9.6,0.9,8.3,0.2,6.0,10.9,12.0,0.3,0.5,0.4,3.67,5.28,6.11,5.03,6.0,1.15,12.0,0.3,0.5,0.4,21.3,36.4,51.0,35.9,6.0,16.8,12.0,0.3,0.5,0.4,-196.2,-138.4,-94.5,-145.6,6.0,63.7,12.0,0.3,0.5,0.4,-37.0,18.3,74.2,15.9,6.0,77.9,12.0,0.3,0.5,0.4,-102.0,-81.2,-54.3,-80.6,6.0,29.0,12.0,0.3,0.5,0.4,-20.9,10.3,43.8,11.1,6.0,45.6,12.0,0.3,0.5,0.4,-48.6,-32.2,-15.5,-32.1,6.0,17.8,12.0,0.3,0.5,0.4,-7.5,3.8,17.8,2.8,6.0,16.3,12.0,0.3,0.5,0.4,97.5,395.0,603.5,390.0,6.0,289.0,12.0,0.3,0.5,0.4,95.0,395.0,605.0,390.0,6.0,290.0,12.0,0.3,0.5,0.4
1974,2,311.0,19.0,24.06,24.85,25.0,24.53,8.0,1.17,16.0,0.5,0.6,0.3,23.0,23.4,24.0,23.85,8.0,1.8,16.0,0.5,0.6,0.3,12.56,13.6,13.74,13.29,7.0,1.03,16.0,0.4,0.7,0.3,62.3,76.3,80.4,72.9,7.0,9.3,16.0,0.4,0.3,5.1,6.95,10.93,7.54,8.0,2.89,16.0,0.5,0.6,0.3,-10.93,-6.15,-4.36,-7.04,8.0,3.24,16.0,0.5,0.6,0.3,-1.55,0.0,1.9,-0.22,8.0,2.46,16.0,0.5,0.6,0.3,1016.21,1017.6,1020.54,1017.59,8.0,3.36,16.0,0.5,0.6,0.3,2.0,4.5,5.9,4.3,8.0,2.2,16.0,0.5,0.6,0.3,-120.6,-40.3,-24.6,-61.0,8.0,50.5,16.0,0.5,0.6,0.3,-7.9,0.0,12.1,-0.4,8.0,17.5,16.0,0.5,0.6,0.3,0.03,0.85,1.93,0.68,8.0,1.77,16.0,0.5,0.6,0.3,0.3,7.2,12.1,5.1,8.0,12.1,16.0,0.5,0.6,0.3,4.39,6.13,8.13,5.97,7.0,1.95,16.0,0.4,0.7,0.3,24.8,41.1,61.8,46.2,7.0,28.2,16.0,0.4,0.7,0.3,-262.2,-143.1,-110.4,-167.7,8.0,77.8,16.0,0.5,0.6,0.3,-35.7,0.0,45.6,-8.0,8.0,64.4,16.0,0.5,0.6,0.3,-140.4,-69.4,-58.4,-91.0,7.0,45.1,16.0,0.4,0.7,0.3,-25.3,0.0,25.3,-4.1,7.0,35.5,16.0,0.4,0.7,0.3,-61.7,-30.8,-19.1,-42.8,7.0,29.5,16.0,0.4,0.7,0.3,-12.2,0.0,16.3,-1.3,7.0,16.7,16.0,0.4,0.7,0.3,132.5,337.0,1339.5,606.5,8.0,669.5,16.0,0.5,0.6,0.3,135.0,335.0,1340.0,605.0,8.0,670.0,16.0,0.5,0.6,0.3
1974,2,311.0,20.0,23.0,23.0,24.0,23.24,9.0,0.95,22.0,0.2,0.5,0.5,22.39,23.0,23.58,23.16,9.0,1.02,22.0,0.2,0.5,0.5,12.62,13.44,14.36,13.56,8.0,1.0,20.0,0.3,0.5,0.5,72.9,77.7,83.1,76.9,8.0,7.4,20.0,0.3,0.5,5.44,7.7,9.81,7.61,9.0,2.95,22.0,0.2,0.5,0.5,-9.61,-7.58,-4.49,-6.82,9.0,2.95,22.0,0.2,0.5,0.5,-4.44,0.0,1.51,-0.63,9.0,3.52,22.0,0.2,0.5,0.5,1016.94,1019.7,1021.28,1019.36,9.0,2.2,22.0,0.2,0.5,0.5,2.3,4.0,6.0,4.3,9.0,2.1,22.0,0.2,0.5,0.5,-93.2,-58.4,-24.8,-59.3,9.0,37.6,22.0,0.2,0.5,0.5,-41.9,0.0,9.5,-8.3,9.0,29.6,22.0,0.2,0.5,0.5,-1.1,0.1,0.95,0.09,9.0,1.2,22.0,0.2,0.5,0.5,-8.4,0.5,7.8,0.9,9.0,10.3,22.0,0.2,0.5,0.5,3.3,4.06,4.74,4.03,8.0,1.21,20.0,0.3,0.5,0.5,15.0,34.5,46.5,30.3,8.0,16.1,20.0,0.3,0.5,0.5,-213.8,-174.4,-100.6,-157.1,9.0,66.3,22.0,0.2,0.5,0.5,-102.1,0.0,33.8,-16.0,9.0,82.7,22.0,0.2,0.5,0.5,-115.4,-87.8,-59.7,-85.8,8.0,37.9,20.0,0.3,0.5,0.5,-60.0,-5.5,21.1,-9.0,8.0,50.1,20.0,0.3,0.5,0.5,-40.6,-26.4,-14.7,-26.3,8.0,14.3,20.0,0.3,0.5,0.5,-18.5,-2.8,5.7,-4.8,8.0,17.0,20.0,0.3,0.5,0.5,194.0,456.5,947.5,597.5,9.0,445.0,22.0,0.2,0.5,0.5,195.0,455.0,945.0,595.0,9.0,445.0,22.0,0.2,0.5,0.5
1974,2,311.0,21.0,23.18,23.8,24.41,23.79,13.0,0.69,16.0,0.7,0.6,0.6,22.18,22.8,24.02,22.98,13.0,0.95,16.0,0.7,0.6,0.6,11.49,12.79,14.34,12.83,10.0,1.56,16.0,0.7,0.6,0.5,65.6,72.4,82.3,73.0,11.0,8.9,14.0,0.7,0.5,4.6,7.0,9.3,7.19,13.0,2.8,16.0,0.7,0.6,0.6,-9.16,-7.0,-4.32,-5.98,13.0,3.8,16.0,0.7,0.6,0.6,-1.76,0.0,2.35,-0.35,13.0,3.25,16.0,0.7,0.6,0.6,1018.92,1020.6,1021.35,1020.29,12.0,1.61,16.0,0.7,0.6,0.5,2.0,3.0,5.1,3.5,13.0,1.7,16.0,0.7,0.6,0.6,-85.2,-49.0,-19.9,-50.6,13.0,43.3,16.0,0.7,0.6,0.6,-16.4,0.0,15.3,-8.8,13.0,38.0,16.0,0.7,0.6,0.6,-0.52,0.8,1.75,0.82,13.0,1.15,16.0,0.7,0.6,0.6,-3.3,6.0,16.0,7.4,13.0,12.4,16.0,0.7,0.6,0.6,3.59,5.54,6.81,5.31,10.0,1.62,16.0,0.7,0.6,0.5,18.4,35.7,59.4,37.7,10.0,19.5,16.0,0.7,0.6,0.5,-208.1,-168.0,-93.6,-137.7,13.0,85.8,16.0,0.7,0.6,0.6,-40.4,0.0,52.1,-7.9,13.0,72.5,16.0,0.7,0.6,0.6,-97.8,-86.6,-55.1,-80.4,10.0,27.4,16.0,0.7,0.6,0.5,-16.7,0.0,29.0,4.4,10.0,28.8,16.0,0.7,0.6,0.5,-55.9,-35.4,-18.3,-36.1,10.0,19.5,16.0,0.7,0.6,0.5,-9.8,0.0,9.5,0.0,10.0,11.6,16.0,0.7,0.6,0.5,97.5,343.0,804.5,548.5,13.0,719.5,16.0,0.7,0.6,0.6,95.0,345.0,805.0,550.0,13.0,720.0,16.0,0.7,0.6,0.6
1974,2,311.0,22.0,22.49,23.85,24.23,23.46,10.0,0.89,12.0,0.6,0.6,0.4,21.4,22.35,23.79,22.5,10.0,1.4,12.0,0.6,0.6,0.4,12.38,12.76,13.6,12.79,9.0,1.07,10.0,0.6,0.6,0.4,70.6,77.2,84.9,77.3,9.0,6.9,10.0,0.6,0.4,4.81,7.95,9.3,7.53,10.0,2.5,12.0,0.6,0.6,0.4,-9.16,-7.43,-4.71,-6.83,10.0,3.08,12.0,0.6,0.6,0.4,-2.89,-0.81,1.43,-0.88,10.0,2.65,12.0,0.6,0.6,0.4,1018.09,1018.8,1021.72,1019.15,10.0,2.62,12.0,0.6,0.6,0.4,3.4,4.5,5.6,4.6,10.0,1.6,12.0,0.6,0.6,0.4,-85.2,-59.3,-23.1,-58.0,10.0,36.6,12.0,0.6,0.6,0.4,-23.4,-7.5,7.0,-8.6,10.0,19.5,12.0,0.6,0.6,0.4,0.34,1.1,1.66,0.96,10.0,0.92,12.0,0.6,0.6,0.4,3.2,5.6,10.5,5.8,10.0,7.4,12.0,0.6,0.6,0.4,4.02,4.64,6.2,5.07,9.0,1.1,10.0,0.6,0.6,0.4,30.1,32.9,41.1,34.8,9.0,10.6,10.0,0.6,0.6,0.4,-217.8,-156.2,-102.7,-154.8,10.0,74.9,12.0,0.6,0.6,0.4,-65.0,-17.3,34.6,-19.3,10.0,59.9,12.0,0.6,0.6,0.4,-117.4,-84.7,-51.6,-81.9,9.0,39.0,10.0,0.6,0.6,0.4,-41.7,-20.6,6.1,-16.5,9.0,35.7,10.0,0.6,0.6,0.4,-40.0,-31.8,-22.4,-31.1,9.0,14.5,10.0,0.6,0.6,0.4,-15.7,-5.9,3.8,-4.7,9.0,12.4,10.0,0.6,0.6,0.4,112.5,504.0,804.5,547.0,10.0,404.5,12.0,0.6,0.6,0.4,110.0,505.0,805.0,545.0,10.0,405.0,12.0,0.6,0.6,0.4
1974,2,311.0,23.0,23.0,23.0,23.5,23.15,15.0,0.41,18.0,0.2,0.6,0.4,21.0,22.0,23.3,22.08,18.0,1.26,18.0,0.2,0.6,0.5,11.28,11.74,13.6,12.3,13.0,1.17,16.0,0.2,0.6,0.5,69.2,71.9,80.2,74.5,13.0,5.3,16.0,0.2,0.5,3.6,5.1,9.39,5.83,18.0,2.71,18.0,0.2,0.6,0.5,-6.74,-4.2,-3.13,-4.61,18.0,2.28,18.0,0.2,0.6,0.5,-3.54,0.87,3.13,0.42,18.0,3.93,18.0,0.2,0.6,0.5,1018.92,1021.2,1023.65,1021.23,18.0,2.32,18.0,0.2,0.6,0.5,1.0,3.0,6.0,3.3,18.0,2.3,18.0,0.2,0.6,0.5,-58.2,-20.4,-11.9,-32.1,18.0,28.9,18.0,0.2,0.6,0.5,-19.4,3.2,20.5,6.2,18.0,34.2,18.0,0.2,0.6,0.5,-0.22,1.2,2.28,1.22,15.0,1.4,18.0,0.2,0.6,0.4,-0.8,5.5,11.1,6.5,15.0,10.4,18.0,0.2,0.6,0.4,4.03,4.87,6.5,5.05,11.0,1.22,16.0,0.2,0.6,0.5,17.9,22.4,29.5,23.1,11.0,6.8,16.0,0.2,0.6,0.5,-136.8,-94.0,-67.8,-102.0,18.0,51.3,18.0,0.2,0.6,0.5,-78.4,19.1,69.7,12.5,18.0,88.8,18.0,0.2,0.6,0.5,-66.5,-45.1,-36.2,-51.8,13.0,24.0,16.0,0.2,0.6,0.5,-38.6,20.3,35.7,2.9,13.0,32.6,16.0,0.2,0.6,0.5,-22.3,-19.9,-12.7,-18.5,11.0,6.6,16.0,0.2,0.6,0.5,-17.6,0.0,11.3,-2.0,11.0,14.4,16.0,0.2,0.6,0.5,46.5,132.5,839.0,331.5,18.0,419.5,18.0,0.2,0.6,0.5,45.0,135.0,840.0,330.0,18.0,420.0,18.0,0.2,0.6,0.5
1974,2,311.0,24.0,22.05,22.8,23.61,22.96,23.0,1.18,12.0,0.5,0.6,0.6,21.0,21.7,22.35,21.68,24.0,0.9,12.0,0.5,0.6,0.5,9.62,12.35,13.16,11.67,18.0,1.92,12.0,0.4,0.6,0.6,63.4,72.4,88.0,73.5,18.0,12.4,12.0,0.4,0.6,3.02,5.1,6.95,5.3,21.0,2.06,14.0,0.5,0.6,0.5,-6.21,-4.32,-1.61,-3.87,21.0,2.71,14.0,0.5,0.6,0.5,-3.28,1.55,3.01,0.25,21.0,3.25,14.0,0.5,0.6,0.5,1019.6,1021.1,1023.1,1021.3,21.0,1.91,14.0,0.4,0.6,0.5,1.0,3.5,6.0,3.8,24.0,2.2,12.0,0.5,0.6,0.5,-41.6,-24.4,-3.2,-23.6,21.0,22.2,14.0,0.5,0.6,0.5,-22.0,4.8,16.4,-0.6,21.0,22.4,14.0,0.5,0.6,0.5,-0.35,1.0,2.5,1.24,23.0,1.45,12.0,0.5,0.6,0.6,-1.8,5.1,11.5,7.2,20.0,11.5,14.0,0.5,0.6,0.5,3.83,5.65,8.72,5.84,18.0,2.65,12.0,0.4,0.6,0.6,10.4,30.1,45.2,29.9,17.0,23.0,12.0,0.5,0.6,0.6,-135.8,-92.9,-35.2,-84.2,21.0,58.2,14.0,0.5,0.6,0.5,-70.7,33.8,65.6,6.0,21.0,69.2,14.0,0.5,0.6,0.5,-64.1,-41.1,-12.4,-37.1,17.0,31.2,12.0,0.5,0.6,0.6,-38.4,14.7,33.5,-0.3,17.0,41.2,12.0,0.5,0.6,0.6,-42.5,-13.0,-3.7,-23.0,17.0,24.4,12.0,0.5,0.6,0.6,-28.5,5.3,12.3,-2.1,17.0,17.7,12.0,0.5,0.6,0.6,27.5,132.5,335.5,213.0,21.0,206.5,14.0,0.5,0.6,0.5,25.0,135.0,335.0,215.0,21.0,205.0,14.0,0.5,0.6,0.5
1974,2,311.0,25.0,22.1,22.8,23.5,22.85,23.0,0.89,12.0,0.6,0.6,0.3,21.2,22.0,22.75,22.26,23.0,1.6,12.0,0.6,0.6,0.3,9.29,12.58,14.7,12.14,17.0,2.44,14.0,0.5,0.5,0.3,60.5,76.2,79.4,73.3,18.0,12.1,14.0,0.4,0.4,4.1,6.2,9.11,6.5,21.0,2.8,12.0,0.5,0.6,0.4,-7.59,-3.66,-2.57,-5.04,21.0,2.89,12.0,0.5,0.6,0.4,-3.46,0.0,4.27,0.12,21.0,4.15,12.0,0.5,0.6,0.4,1019.01,1021.4,1023.4,1021.33,20.0,2.6,12.0,0.6,0.6,0.4,1.5,3.0,5.0,3.3,23.0,1.8,12.0,0.6,0.6,0.3,-64.1,-29.6,-11.2,-39.2,21.0,41.7,12.0,0.5,0.6,0.4,-18.0,0.0,23.9,2.4,21.0,33.9,12.0,0.5,0.6,0.4,-0.3,0.6,1.8,0.59,23.0,1.5,12.0,0.6,0.6,0.3,-2.8,3.9,14.0,3.5,21.0,10.1,12.0,0.5,0.6,0.4,3.18,4.61,7.53,5.09,17.0,2.15,14.0,0.5,0.5,0.3,18.2,23.7,46.7,32.8,17.0,18.8,14.0,0.5,0.5,0.3,-176.7,-81.0,-56.5,-113.6,21.0,70.5,12.0,0.5,0.6,0.4,-67.9,0.0,94.6,2.0,21.0,93.6,12.0,0.5,0.6,0.4,-99.7,-46.6,-26.7,-66.6,17.0,49.9,14.0,0.5,0.5,0.3,-32.5,4.2,64.8,11.6,17.0,47.0,14.0,0.5,0.5,0.3,-32.7,-20.7,-15.0,-24.1,17.0,14.2,14.0,0.5,0.5,0.3,-19.5,3.4,21.1,-0.6,17.0,26.0,14.0,0.5,0.5,0.3,69.0,238.5,760.5,437.0,21.0,599.5,12.0,0.5,0.6,0.4,70.0,240.0,760.0,435.0,21.0,600.0,12.0,0.5,0.6,0.4
1974,2,311.0,26.0,21.04,22.2,23.0,22.05,23.0,1.2,14.0,0.5,0.5,0.5,20.0,21.0,22.33,21.12,24.0,1.01,14.0,0.5,0.5,0.5,9.55,11.92,12.78,11.75,21.0,1.57,14.0,0.5,0.5,0.5,64.7,77.4,82.9,75.9,21.0,9.6,14.0,0.5,0.5,2.6,6.2,10.06,6.32,23.0,3.49,14.0,0.5,0.5,0.5,-6.49,-3.1,2.83,-2.44,23.0,4.59,14.0,0.5,0.5,0.5,-0.63,2.63,6.87,2.69,23.0,4.36,14.0,0.5,0.5,0.5,1019.73,1021.75,1023.87,1021.58,24.0,2.06,14.0,0.5,0.5,0.5,1.0,3.0,7.3,3.7,24.0,2.7,14.0,0.5,0.5,0.5,-53.6,-13.6,15.6,-15.0,23.0,45.3,14.0,0.5,0.5,0.5,-0.9,10.8,69.5,26.5,23.0,48.8,14.0,0.5,0.5,0.5,-0.25,1.0,2.25,0.85,23.0,1.46,14.0,0.5,0.5,0.5,-1.8,4.0,13.7,4.5,22.0,9.7,14.0,0.5,0.5,0.5,2.94,4.33,7.3,4.74,20.0,2.07,12.0,0.5,0.5,0.4,12.7,27.8,37.5,25.7,19.0,13.9,12.0,0.5,0.6,0.4,-137.1,-66.0,55.4,-54.1,23.0,97.3,14.0,0.5,0.5,0.5,-12.9,55.3,148.2,58.9,23.0,92.7,14.0,0.5,0.5,0.5,-83.2,-36.6,-8.5,-39.2,20.0,48.2,14.0,0.6,0.5,0.4,-5.9,26.0,71.8,33.5,20.0,45.5,14.0,0.6,0.5,0.4,-31.9,-17.3,-3.4,-17.4,19.0,15.3,12.0,0.5,0.6,0.4,-2.5,7.7,23.4,8.4,19.0,16.3,12.0,0.5,0.6,0.4,17.5,238.5,1036.0,491.0,23.0,684.5,14.0,0.5,0.5,0.5,20.0,240.0,1035.0,490.0,23.0,685.0,14.0,0.5,0.5,0.5
1974,2,311.0,27.0,20.95,21.7,23.0,21.87,17.0,1.24,12.0,0.5,0.4,0.4,20.32,21.0,22.58,21.17,17.0,1.23,12.0,0.5,0.4,0.4,11.59,12.16,12.93,12.18,14.0,1.29,12.0,0.4,0.4,0.4,73.5,79.4,83.8,78.4,15.0,6.4,12.0,0.5,0.5,4.05,6.0,9.67,6.45,17.0,2.76,12.0,0.5,0.4,0.4,-6.94,-4.04,0.0,-3.5,17.0,3.29,12.0,0.5,0.4,0.4,-3.24,2.12,6.1,2.12,17.0,4.81,12.0,0.5,0.4,0.4,1018.3,1022.1,1023.17,1021.18,16.0,2.53,12.0,0.4,0.4,0.4,2.0,6.0,7.5,4.9,17.0,2.5,12.0,0.5,0.4,0.4,-64.2,-19.2,0.0,-28.5,17.0,31.2,12.0,0.5,0.4,0.4,-14.3,13.1,46.6,15.7,17.0,45.6,12.0,0.5,0.4,0.4,-1.01,0.4,2.29,0.7,17.0,1.64,12.0,0.5,0.4,0.4,-3.3,4.3,15.1,5.3,17.0,10.8,12.0,0.5,0.4,0.4,2.59,3.81,4.66,3.87,14.0,1.69,12.0,0.4,0.4,0.4,9.8,19.2,52.0,26.1,14.0,17.3,12.0,0.4,0.4,0.4,-149.8,-75.9,0.0,-74.0,17.0,69.5,12.0,0.5,0.4,0.4,-69.1,46.8,135.5,46.4,17.0,101.9,12.0,0.5,0.4,0.4,-76.1,-45.9,-0.5,-38.1,14.0,38.0,12.0,0.4,0.4,0.4,0.5,52.5,90.2,37.6,14.0,58.7,12.0,0.4,0.4,0.4,-33.3,-14.8,-0.1,-15.4,14.0,16.4,12.0,0.4,0.4,0.4,0.2,9.7,20.6,9.8,14.0,20.1,12.0,0.4,0.4,0.4,66.5,216.0,935.5,418.5,17.0,497.5,12.0,0.5,0.4,0.4,65.0,215.0,935.0,420.0,17.0,495.0,12.0,0.5,0.4,0.4
1974,2,311.0,28.0,21.0,21.5,23.0,21.78,13.0,1.01,14.0,0.5,0.5,0.6,20.02,20.5,21.97,20.66,14.0,1.1,14.0,0.6,0.5,0.6,10.0,11.77,12.65,11.43,10.0,1.27,12.0,0.6,0.4,0.6,67.4,79.3,84.1,77.7,10.0,10.2,12.0,0.6,0.6,3.91,6.2,7.59,5.98,15.0,2.35,14.0,0.6,0.5,0.6,-4.56,-1.99,2.08,-0.94,15.0,4.03,14.0,0.6,0.5,0.6,-1.3,3.21,6.56,2.21,15.0,4.63,14.0,0.6,0.5,0.6,1019.91,1022.2,1026.86,1022.67,15.0,3.63,14.0,0.6,0.5,0.6,1.9,7.0,8.0,5.5,13.0,2.8,12.0,0.7,0.5,0.5,-28.7,-5.2,8.9,-2.8,15.0,31.1,14.0,0.6,0.5,0.6,-3.4,16.1,51.3,13.8,15.0,36.5,14.0,0.6,0.5,0.6,0.4,1.0,2.08,1.21,12.0,0.98,14.0,0.5,0.5,0.6,0.8,4.8,14.8,7.4,12.0,6.8,14.0,0.5,0.5,0.6,3.35,4.73,5.2,4.35,9.0,0.98,12.0,0.6,0.4,0.6,19.0,25.6,29.3,24.3,9.0,6.5,12.0,0.6,0.4,0.6,-99.0,-20.3,45.1,-15.3,14.0,84.7,14.0,0.6,0.5,0.6,-31.9,61.2,139.6,45.3,14.0,98.3,14.0,0.6,0.5,0.6,-57.5,-28.7,52.6,-11.6,10.0,56.1,12.0,0.6,0.4,0.6,-9.5,29.8,74.9,26.9,10.0,52.5,12.0,0.6,0.4,0.6,-22.4,-12.8,8.8,-9.1,9.0,17.0,12.0,0.6,0.4,0.6,-6.0,14.3,19.6,7.5,9.0,16.2,12.0,0.6,0.4,0.6,64.0,238.5,438.0,301.5,15.0,271.5,14.0,0.6,0.5,0.6,65.0,240.0,440.0,300.0,15.0,270.0,14.0,0.6,0.5,0.6
1974,2,311.0,29.0,19.9,20.5,21.86,20.66,23.0,1.26,14.0,0.6,0.6,0.4,18.87,20.0,21.8,20.19,24.0,1.25,14.0,0.6,0.6,0.4,9.21,11.24,12.63,11.13,19.0,1.77,16.0,0.6,0.7,0.4,68.9,77.3,86.6,77.2,19.0,10.0,16.0,0.6,0.4,2.93,5.4,7.87,5.55,24.0,2.43,14.0,0.6,0.6,0.4,-3.74,0.0,4.32,0.12,24.0,3.64,14.0,0.6,0.6,0.4,-5.19,2.18,5.13,1.21,24.0,4.82,14.0,0.6,0.6,0.4,1018.99,1022.7,1025.11,1022.45,24.0,3.48,14.0,0.6,0.6,0.4,2.3,4.5,7.0,4.5,22.0,2.7,14.0,0.6,0.6,0.4,-17.0,0.0,29.9,0.4,24.0,26.3,14.0,0.6,0.6,0.4,-27.6,7.9,32.0,7.3,24.0,38.4,14.0,0.6,0.6,0.4,-1.2,0.4,1.6,0.41,23.0,1.51,14.0,0.6,0.6,0.4,-6.8,0.8,10.8,1.8,23.0,9.4,14.0,0.6,0.6,0.4,2.38,4.13,5.25,3.81,18.0,1.83,14.0,0.6,0.7,0.4,8.0,18.8,32.2,20.1,18.0,11.4,14.0,0.6,0.7,0.4,-73.0,0.0,85.0,3.1,24.0,73.1,14.0,0.6,0.6,0.4,-93.9,43.4,102.1,27.8,24.0,97.7,14.0,0.6,0.6,0.4,-30.2,0.0,55.4,8.6,19.0,39.6,16.0,0.6,0.7,0.4,-50.5,29.8,63.3,15.7,19.0,53.8,16.0,0.6,0.7,0.4,-9.4,0.0,11.5,0.7,18.0,11.5,14.0,0.6,0.7,0.4,-22.7,4.0,16.9,1.4,18.0,20.5,14.0,0.6,0.7,0.4,25.5,159.0,489.5,268.5,24.0,294.0,14.0,0.6,0.6,0.4,25.0,160.0,490.0,270.0,24.0,295.0,14.0,0.6,0.6,0.4
1974,2,311.0,30.0,19.23,20.8,21.0,20.4,11.0,1.0,18.0,0.5,0.6,0.3,19.22,20.0,20.59,20.01,14.0,0.86,18.0,0.4,0.7,0.3,7.88,9.18,12.11,9.84,9.0,2.03,18.0,0.6,0.7,0.3,59.2,61.7,81.8,68.3,9.0,12.2,18.0,0.6,0.3,4.13,5.4,8.94,5.99,14.0,2.15,18.0,0.4,0.7,0.3,-4.34,-2.06,4.3,-1.02,14.0,3.74,18.0,0.4,0.7,0.3,-2.06,3.95,7.69,3.39,14.0,3.98,18.0,0.4,0.7,0.3,1021.81,1025.5,1027.48,1024.84,14.0,2.9,18.0,0.4,0.7,0.3,0.0,4.0,7.1,3.8,13.0,3.3,18.0,0.5,0.7,0.3,-24.5,-7.8,38.3,-2.6,14.0,26.9,18.0,0.4,0.7,0.3,-9.6,20.4,68.8,25.4,14.0,32.6,18.0,0.4,0.7,0.3,-0.94,0.8,1.12,0.18,11.0,1.26,18.0,0.5,0.6,0.3,-4.3,6.6,8.2,2.1,11.0,7.6,18.0,0.5,0.6,0.3,1.83,4.77,6.15,4.34,8.0,2.06,18.0,0.6,0.7,0.3,10.4,21.6,28.4,21.2,8.0,9.4,18.0,0.6,0.7,0.3,-89.7,-40.6,86.0,-19.9,14.0,75.6,18.0,0.4,0.7,0.3,-42.1,78.4,153.9,68.6,14.0,80.2,18.0,0.4,0.7,0.3,-34.9,-20.9,0.0,-18.8,9.0,20.2,18.0,0.6,0.7,0.3,-9.7,36.2,49.5,31.4,9.0,42.6,18.0,0.6,0.7,0.3,-17.2,-4.9,0.0,-7.3,8.0,10.7,18.0,0.6,0.7,0.3,-12.0,11.7,26.5,8.8,8.0,18.4,18.0,0.6,0.7,0.3,70.5,159.0,715.5,295.0,14.0,280.5,18.0,0.4,0.7,0.3,70.0,160.0,715.0,295.0,14.0,280.0,18.0,0.4,0.7,0.3
1974,2,311.0,31.0,19.64,20.0,20.94,20.38,8.0,0.95,16.0,0.8,0.5,0.3,18.87,19.5,21.03,19.69,12.0,1.08,14.0,0.6,0.5,0.4,9.88,11.58,13.67,11.62,6.0,1.98,14.0,0.7,0.7,0.3,70.8,81.7,94.3,81.8,6.0,12.5,14.0,0.7,0.3,4.46,8.6,10.3,7.57,12.0,3.28,14.0,0.6,0.5,0.4,-0.42,2.15,5.15,1.61,12.0,4.25,14.0,0.6,0.5,0.4,-4.65,3.2,9.27,2.6,12.0,6.71,14.0,0.6,0.5,0.4,1018.32,1021.4,1025.21,1021.86,11.0,3.75,14.0,0.5,0.6,0.4,0.7,4.0,7.3,4.3,12.0,3.1,14.0,0.6,0.5,0.4,-1.1,11.0,53.0,14.1,12.0,41.0,14.0,0.6,0.5,0.4,-28.9,13.9,95.5,25.6,12.0,66.6,14.0,0.6,0.5,0.4,-0.21,0.8,1.48,0.89,8.0,1.11,16.0,0.8,0.5,0.3,-2.1,7.1,15.0,7.4,8.0,9.7,16.0,0.8,0.5,0.3,2.34,3.67,4.55,3.45,4.0,1.58,20.0,1.0,0.7,0.2,16.7,24.0,41.1,28.7,4.0,17.2,20.0,1.0,0.7,0.2,-8.1,42.3,99.2,32.7,12.0,82.7,14.0,0.6,0.5,0.4,-86.6,65.5,188.0,54.8,12.0,132.9,14.0,0.6,0.5,0.4,0.0,12.9,37.7,17.8,6.0,19.1,14.0,0.7,0.7,0.3,-54.9,41.9,106.9,32.4,6.0,84.7,14.0,0.7,0.7,0.3,0.0,3.4,17.1,8.3,4.0,12.5,20.0,1.0,0.7,0.2,-32.9,-2.5,21.3,-5.6,4.0,33.2,20.0,1.0,0.7,0.2,103.5,640.0,1092.5,644.5,12.0,554.5,14.0,0.6,0.5,0.4,105.0,640.0,1095.0,645.0,12.0,555.0,14.0,0.6,0.5,0.4
1974,2,311.0,32.0,18.51,20.0,21.06,19.83,18.0,1.39,12.0,0.5,0.7,0.4,18.16,19.2,20.46,19.22,19.0,1.41,12.0,0.5,0.7,0.4,9.76,12.55,13.57,12.12,13.0,1.76,12.0,0.5,0.7,0.4,73.2,88.3,95.3,85.5,13.0,10.6,12.0,0.5,0.4,5.0,9.3,11.02,8.28,19.0,3.41,12.0,0.5,0.7,0.4,-1.18,4.92,9.44,4.12,19.0,5.99,12.0,0.5,0.7,0.4,-3.73,3.52,6.02,2.22,19.0,5.01,12.0,0.5,0.7,0.4,1015.1,1019.6,1025.66,1020.09,19.0,4.54,12.0,0.5,0.7,0.4,2.0,4.0,8.0,4.7,19.0,2.6,12.0,0.5,0.7,0.4,-7.0,36.3,101.9,44.2,19.0,65.3,12.0,0.5,0.7,0.4,-17.0,34.2,52.3,23.0,19.0,49.6,12.0,0.5,0.7,0.4,-1.0,0.6,2.21,0.65,18.0,1.57,12.0,0.5,0.7,0.4,-10.5,2.3,19.8,3.2,18.0,14.3,12.0,0.5,0.7,0.4,1.57,2.38,3.8,2.44,12.0,1.6,12.0,0.5,0.7,0.5,8.7,19.2,33.5,19.3,12.0,16.1,12.0,0.5,0.7,0.5,-22.5,89.6,196.8,83.5,19.0,118.6,12.0,0.5,0.7,0.4,-68.2,71.1,116.8,47.0,19.0,93.1,12.0,0.5,0.7,0.4,-23.0,79.8,126.2,50.1,13.0,84.5,12.0,0.5,0.7,0.4,0.0,61.0,74.6,49.1,13.0,45.1,12.0,0.5,0.7,0.4,-14.7,3.8,20.9,4.3,12.0,20.2,12.0,0.5,0.7,0.5,-1.3,10.3,22.7,9.3,12.0,12.0,12.0,0.5,0.7,0.5,125.0,804.5,1346.0,820.5,19.0,697.0,12.0,0.5,0.7,0.4,125.0,805.0,1345.0,820.0,19.0,695.0,12.0,0.5,0.7,0.4
1974,2,311.0,33.0,17.6,19.0,19.81,18.87,26.0,1.04,16.0,0.4,0.5,0.4,17.58,19.0,20.2,18.87,26.0,1.55,16.0,0.4,0.5,0.4,8.02,11.25,12.75,10.62,23.0,2.11,14.0,0.4,0.5,0.4,64.8,82.2,87.0,78.7,23.0,13.2,14.0,0.4,0.4,4.6,7.45,13.42,8.68,26.0,4.43,16.0,0.4,0.5,0.4,-3.9,4.18,11.61,4.3,26.0,6.93,16.0,0.4,0.5,0.4,-2.06,4.37,7.71,3.38,26.0,4.35,16.0,0.4,0.5,0.4,1015.68,1019.6,1027.01,1020.46,26.0,4.67,16.0,0.4,0.5,0.4,2.0,4.5,7.0,4.5,26.0,2.5,16.0,0.4,0.5,0.4,-33.4,22.6,156.4,55.4,26.0,98.6,16.0,0.4,0.5,0.4,-15.4,27.9,97.9,41.7,26.0,51.7,16.0,0.4,0.5,0.4,-1.22,-0.05,1.41,0.0,26.0,1.6,16.0,0.4,0.5,0.4,-12.6,-0.2,10.0,-0.3,26.0,16.8,16.0,0.4,0.5,0.4,0.83,2.39,4.84,2.77,23.0,1.88,14.0,0.4,0.5,0.4,8.4,14.8,36.6,20.6,23.0,13.6,14.0,0.4,0.5,0.4,-71.3,79.6,242.8,86.0,26.0,130.7,16.0,0.4,0.5,0.4,-37.1,79.8,148.7,65.1,26.0,83.5,16.0,0.4,0.5,0.4,-37.7,43.1,140.2,48.4,23.0,78.6,14.0,0.4,0.5,0.4,-19.9,48.7,89.1,40.3,23.0,46.2,14.0,0.4,0.5,0.4,-6.1,9.7,17.3,7.0,23.0,15.9,14.0,0.4,0.5,0.4,-2.2,7.6,27.4,9.9,23.0,14.8,14.0,0.4,0.5,0.4,97.5,415.0,2415.0,1195.0,26.0,1609.5,16.0,0.4,0.5,0.4,95.0,415.0,2415.0,1195.0,26.0,1610.0,16.0,0.4,0.5,0.4
1974,2,311.0,34.0,17.7,18.95,19.99,18.75,20.0,1.07,16.0,0.8,0.7,0.5,16.2,18.0,19.83,18.16,22.0,1.87,16.0,0.7,0.7,0.4,6.87,9.26,11.2,9.17,16.0,2.03,16.0,0.6,0.7,0.4,58.1,71.8,83.2,71.4,16.0,11.7,16.0,0.6,0.4,5.29,9.3,12.8,9.39,21.0,3.81,16.0,0.7,0.6,0.5,-4.4,3.86,8.8,2.64,21.0,6.42,16.0,0.7,0.6,0.5,-3.72,3.28,10.62,2.81,21.0,7.09,16.0,0.7,0.6,0.5,1010.37,1020.15,1026.03,1019.02,22.0,7.83,16.0,0.7,0.7,0.4,3.0,6.5,8.0,5.7,22.0,2.3,16.0,0.7,0.7,0.4,-50.0,29.6,98.7,31.3,21.0,74.5,16.0,0.7,0.6,0.5,-29.0,18.4,120.0,42.8,21.0,93.0,16.0,0.7,0.6,0.5,-1.5,0.3,2.89,0.47,20.0,2.12,16.0,0.8,0.7,0.5,-21.5,2.6,25.9,0.5,20.0,21.8,16.0,0.8,0.7,0.5,1.52,3.68,6.37,4.07,15.0,2.4,16.0,0.7,0.7,0.4,12.7,28.7,53.4,31.9,15.0,19.7,16.0,0.7,0.7,0.4,-92.7,70.3,158.7,50.0,21.0,117.4,16.0,0.7,0.6,0.5,-59.5,52.6,191.6,59.9,21.0,139.5,16.0,0.7,0.6,0.5,1.5,43.3,88.6,43.1,16.0,56.1,16.0,0.6,0.7,0.4,-37.1,-12.7,83.5,13.8,16.0,60.3,16.0,0.6,0.7,0.4,0.7,19.8,43.7,20.1,15.0,21.9,16.0,0.7,0.7,0.4,-28.8,-9.8,9.7,-8.4,15.0,22.2,16.0,0.7,0.7,0.4,151.0,804.5,2097.0,1237.0,21.0,1411.0,16.0,0.7,0.6,0.5,150.0,805.0,2095.0,1235.0,21.0,1410.0,16.0,0.7,0.6,0.5
1974,2,311.0,35.0,17.64,18.5,19.29,18.57,18.0,1.2,14.0,0.6,0.5,0.5,16.03,17.8,19.0,17.4,19.0,1.53,14.0,0.5,0.5,0.5,7.05,8.78,10.67,8.67,16.0,2.0,14.0,0.6,0.5,0.4,65.1,73.2,79.7,71.0,17.0,12.7,14.0,0.6,0.4,5.03,9.3,14.47,9.25,19.0,4.22,14.0,0.5,0.5,0.5,-3.6,1.16,11.39,3.4,19.0,7.13,14.0,0.5,0.5,0.5,-1.09,2.67,8.13,2.7,19.0,6.12,14.0,0.5,0.5,0.5,1015.69,1021.55,1025.25,1020.87,18.0,6.67,14.0,0.5,0.5,0.4,1.9,5.0,8.0,5.2,19.0,2.7,14.0,0.5,0.5,0.5,-22.9,7.8,164.0,53.7,19.0,91.3,14.0,0.5,0.5,0.5,-6.5,29.6,74.9,28.5,19.0,72.4,14.0,0.5,0.5,0.5,-0.24,0.6,2.56,1.16,18.0,1.82,14.0,0.6,0.5,0.5,-2.9,4.4,18.2,9.8,18.0,21.8,14.0,0.6,0.5,0.5,2.17,4.74,6.19,4.58,15.0,2.3,14.0,0.6,0.5,0.4,18.7,24.2,88.2,43.6,15.0,35.5,14.0,0.6,0.5,0.4,-56.5,18.0,205.6,62.5,19.0,124.7,14.0,0.5,0.5,0.5,-17.3,47.6,151.8,51.5,19.0,111.5,14.0,0.5,0.5,0.5,-27.3,12.3,96.5,29.7,16.0,54.9,14.0,0.6,0.5,0.4,-1.0,22.1,86.6,35.1,16.0,62.0,14.0,0.6,0.5,0.4,-8.0,6.6,83.4,25.9,15.0,45.3,14.0,0.6,0.5,0.4,-0.6,14.9,19.6,6.6,15.0,21.7,14.0,0.6,0.5,0.4,127.5,804.5,3032.0,1259.0,19.0,1318.0,14.0,0.5,0.5,0.5,130.0,805.0,3030.0,1260.0,19.0,1320.0,14.0,0.5,0.5,0.5
1974,2,311.0,36.0,18.17,18.7,20.0,18.81,10.0,0.97,16.0,0.6,0.6,0.5,16.92,17.8,19.25,17.93,12.0,1.38,16.0,0.7,0.5,0.5,7.89,10.33,11.62,9.85,11.0,2.02,16.0,0.6,0.5,0.5,67.8,74.3,90.9,77.1,11.0,12.3,16.0,0.6,0.5,8.45,12.6,18.25,12.9,12.0,4.62,16.0,0.7,0.5,0.5,-0.3,7.62,13.42,6.92,12.0,7.03,16.0,0.7,0.5,0.5,-1.68,6.51,11.81,4.83,12.0,8.7,16.0,0.7,0.5,0.5,1008.36,1019.0,1023.61,1016.96,12.0,7.46,16.0,0.7,0.5,0.5,2.5,6.5,8.0,5.8,12.0,2.7,16.0,0.7,0.5,0.5,-2.0,71.0,212.6,108.8,12.0,122.3,16.0,0.7,0.5,0.5,-11.2,64.5,180.6,70.8,12.0,140.3,16.0,0.7,0.5,0.5,-0.43,0.65,1.89,0.95,10.0,1.66,16.0,0.6,0.6,0.5,-4.2,10.5,24.4,8.9,10.0,16.7,16.0,0.6,0.6,0.5,1.35,3.25,6.16,3.58,10.0,2.41,16.0,0.6,0.6,0.5,12.6,37.5,84.5,46.6,10.0,38.5,16.0,0.6,0.6,0.5,-4.5,132.6,245.3,125.0,12.0,125.3,16.0,0.7,0.5,0.5,-25.7,112.8,234.7,95.4,12.0,159.5,16.0,0.7,0.5,0.5,-3.6,68.4,122.8,64.4,11.0,70.2,16.0,0.6,0.5,0.5,-20.4,78.4,147.7,64.7,11.0,86.3,16.0,0.6,0.5,0.5,-4.6,6.8,55.1,20.6,10.0,37.8,16.0,0.6,0.6,0.5,-26.1,10.1,30.2,3.7,10.0,44.4,16.0,0.6,0.6,0.5,607.0,2004.0,6093.0,2919.5,12.0,2644.0,16.0,0.7,0.5,0.5,605.0,2005.0,6095.0,2920.0,12.0,2645.0,16.0,0.7,0.5,0.5
1974,2,311.0,37.0,17.18,18.6,18.92,18.18,13.0,1.12,12.0,0.4,0.5,0.4,13.98,16.3,18.99,16.52,14.0,2.39,12.0,0.5,0.6,0.4,7.37,8.56,11.45,9.0,12.0,1.94,14.0,0.5,0.6,0.4,69.7,76.9,86.4,77.7,12.0,8.7,14.0,0.5,0.4,7.7,13.9,18.39,13.26,15.0,5.87,12.0,0.5,0.6,0.4,0.57,5.9,15.36,7.73,15.0,7.67,12.0,0.5,0.6,0.4,-4.44,5.15,13.88,3.96,15.0,9.12,12.0,0.5,0.6,0.4,1009.22,1013.7,1022.26,1014.59,15.0,6.9,12.0,0.5,0.6,0.4,3.1,5.5,7.9,5.1,14.0,2.2,12.0,0.4,0.6,0.4,8.6,66.1,270.7,132.2,15.0,179.8,12.0,0.5,0.6,0.4,-34.2,53.0,210.4,54.4,15.0,150.3,12.0,0.5,0.6,0.4,-0.6,1.85,3.43,1.67,12.0,2.29,12.0,0.4,0.5,0.4,-7.1,13.1,81.3,24.8,12.0,38.3,12.0,0.4,0.5,0.4,2.13,4.01,5.74,4.05,11.0,1.9,14.0,0.5,0.5,0.4,21.7,32.1,107.8,56.0,11.0,51.0,14.0,0.5,0.5,0.4,3.2,107.2,311.7,131.9,14.0,130.2,12.0,0.5,0.6,0.4,-64.5,70.0,197.3,64.8,14.0,150.9,12.0,0.5,0.6,0.4,0.0,41.6,96.9,57.3,12.0,60.7,14.0,0.5,0.6,0.4,-41.4,11.9,102.6,31.5,12.0,95.8,14.0,0.5,0.6,0.4,2.4,26.3,75.9,40.1,11.0,55.7,14.0,0.5,0.5,0.4,-33.8,0.0,24.1,-4.0,11.0,34.2,14.0,0.5,0.5,0.4,456.5,2685.5,6221.0,3692.0,15.0,4491.0,12.0,0.5,0.6,0.4,455.0,2685.0,6220.0,3690.0,15.0,4490.0,12.0,0.5,0.6,0.4
1974,2,311.0,38.0,15.37,16.35,18.53,16.79,12.0,1.47,14.0,0.5,0.7,0.5,11.66,16.4,18.3,15.29,15.0,3.42,12.0,0.5,0.7,0.4,6.14,10.12,11.94,9.19,14.0,2.88,14.0,0.5,0.7,0.4,69.4,86.0,91.5,83.4,14.0,11.8,14.0,0.5,0.4,6.92,12.9,17.42,12.23,15.0,5.25,12.0,0.5,0.7,0.4,-3.51,4.31,11.69,4.24,15.0,7.53,12.0,0.5,0.7,0.4,-7.13,4.79,9.76,2.87,15.0,10.15,12.0,0.5,0.7,0.4,1007.11,1012.8,1022.48,1013.65,15.0,8.27,12.0,0.5,0.7,0.4,3.0,6.5,8.0,5.4,14.0,2.8,14.0,0.5,0.7,0.4,-25.0,33.6,176.6,68.6,15.0,118.0,12.0,0.5,0.7,0.4,-75.3,48.7,159.9,57.9,15.0,169.3,12.0,0.5,0.7,0.4,-0.55,1.4,4.26,1.83,12.0,2.66,14.0,0.5,0.7,0.5,-8.8,18.0,49.0,19.4,12.0,28.6,14.0,0.5,0.7,0.5,0.81,2.37,4.87,2.78,12.0,1.9,14.0,0.5,0.7,0.5,14.1,32.6,52.9,33.5,12.0,19.4,14.0,0.5,0.7,0.5,-40.5,58.1,213.0,68.7,15.0,127.7,12.0,0.5,0.7,0.4,-68.4,79.4,178.7,68.8,15.0,150.4,12.0,0.5,0.7,0.4,-29.5,21.3,128.9,36.3,14.0,81.1,14.0,0.5,0.7,0.4,-44.2,52.3,110.4,45.5,14.0,93.0,14.0,0.5,0.7,0.4,-13.2,10.4,22.3,7.3,12.0,18.4,14.0,0.5,0.7,0.5,-40.5,4.7,22.0,-8.3,12.0,33.6,14.0,0.5,0.7,0.5,335.5,2146.5,5348.5,2789.5,15.0,3056.0,12.0,0.5,0.7,0.4,335.0,2145.0,5350.0,2790.0,15.0,3055.0,12.0,0.5,0.7,0.4
1974,2,311.0,39.0,13.33,16.0,18.33,15.9,5.0,2.6,20.0,0.6,0.7,0.3,12.32,16.5,17.02,14.91,7.0,3.17,18.0,0.4,0.6,0.3,6.18,8.85,9.89,8.18,5.0,2.37,20.0,0.6,0.7,0.3,64.4,74.3,88.8,76.0,5.0,14.7,20.0,0.6,0.3,7.63,8.7,12.97,9.91,7.0,3.0,18.0,0.4,0.6,0.3,-3.22,0.0,4.3,1.55,7.0,5.96,18.0,0.4,0.6,0.3,-0.32,7.7,10.8,5.59,7.0,6.99,18.0,0.4,0.6,0.3,1001.59,1016.4,1018.33,1012.7,7.0,9.31,18.0,0.4,0.6,0.3,3.6,7.0,8.0,6.0,6.0,2.4,18.0,0.5,0.7,0.4,-20.6,0.0,49.5,23.6,7.0,69.5,18.0,0.4,0.6,0.3,-2.8,59.3,124.2,60.7,7.0,85.2,18.0,0.4,0.6,0.3,-1.12,0.5,3.08,0.92,5.0,2.6,20.0,0.6,0.7,0.3,-10.8,6.5,26.1,8.1,5.0,22.3,20.0,0.6,0.7,0.3,0.23,4.69,5.21,3.15,5.0,2.72,20.0,0.6,0.7,0.3,3.0,40.0,53.2,32.1,5.0,30.4,20.0,0.6,0.7,0.3,-39.2,0.0,73.4,35.8,7.0,93.5,18.0,0.4,0.6,0.3,-2.8,118.6,183.2,96.3,7.0,102.3,18.0,0.4,0.6,0.3,-9.8,0.0,48.6,17.6,5.0,44.4,20.0,0.6,0.7,0.3,-11.7,68.2,103.1,53.2,5.0,73.8,20.0,0.6,0.7,0.3,-9.6,0.0,35.9,12.4,5.0,37.6,20.0,0.6,0.7,0.3,-11.4,0.9,16.4,2.3,5.0,24.4,20.0,0.6,0.7,0.3,446.0,658.5,2187.0,1211.5,7.0,1027.5,18.0,0.4,0.6,0.3,445.0,660.0,2185.0,1210.0,7.0,1030.0,18.0,0.4,0.6,0.3
1974,2,311.0,40.0,7.0,14.0,17.39,12.31,15.0,4.88,16.0,0.7,0.5,0.3,5.82,9.35,14.0,9.54,20.0,4.9,16.0,0.7,0.5,0.4,4.91,6.53,9.98,6.83,13.0,2.29,16.0,0.7,0.6,0.4,78.5,87.8,93.7,86.0,14.0,9.1,16.0,0.7,0.4,7.7,10.3,15.4,11.15,20.0,4.42,16.0,0.7,0.5,0.4,-4.32,2.8,11.77,2.8,20.0,8.29,16.0,0.7,0.5,0.4,-2.96,6.05,9.88,4.5,20.0,7.22,16.0,0.7,0.5,0.4,1001.41,1014.05,1018.16,1011.98,18.0,9.19,14.0,0.7,0.5,0.4,1.9,6.0,8.0,5.3,19.0,2.9,16.0,0.7,0.6,0.4,-21.6,16.9,148.3,39.3,20.0,122.0,16.0,0.7,0.5,0.4,-25.8,54.4,151.6,62.1,20.0,111.5,16.0,0.7,0.5,0.4,-4.39,0.0,8.3,1.16,15.0,5.46,16.0,0.7,0.5,0.3,-45.2,0.0,98.9,23.3,15.0,75.1,16.0,0.7,0.5,0.3,-1.26,2.16,7.22,2.66,9.0,3.81,16.0,0.8,0.5,0.4,-12.8,33.3,87.3,44.3,9.0,59.1,16.0,0.8,0.5,0.4,-42.9,18.8,92.6,29.0,20.0,76.5,16.0,0.7,0.5,0.4,-17.1,55.5,143.8,61.4,20.0,83.5,16.0,0.7,0.5,0.4,-6.2,43.9,77.9,31.5,13.0,55.9,16.0,0.7,0.6,0.4,-17.6,37.6,93.3,36.3,13.0,63.9,16.0,0.7,0.6,0.4,-4.6,13.9,70.9,24.1,9.0,55.7,16.0,0.8,0.5,0.4,-14.5,-4.1,20.6,5.1,9.0,43.9,16.0,0.8,0.5,0.4,456.5,1092.5,3652.5,2035.5,20.0,2194.0,16.0,0.7,0.5,0.4,455.0,1095.0,3650.0,2035.0,20.0,2195.0,16.0,0.7,0.5,0.4
1974,2,311.0,41.0,5.34,6.5,11.86,8.31,10.0,3.5,14.0,0.4,0.7,0.3,4.79,7.5,10.98,7.86,11.0,3.28,14.0,0.4,0.7,0.4,4.93,6.29,7.37,6.16,8.0,1.27,14.0,0.5,0.6,0.4,84.5,91.8,97.4,91.0,8.0,6.2,14.0,0.5,0.4,5.41,8.2,9.88,8.15,11.0,2.43,14.0,0.4,0.7,0.4,0.51,4.95,8.23,4.53,11.0,4.59,14.0,0.4,0.7,0.4,-6.21,-2.24,4.05,-1.09,11.0,5.83,14.0,0.4,0.7,0.4,1006.68,1011.2,1019.87,1012.7,11.0,7.79,14.0,0.4,0.7,0.4,4.9,7.5,8.0,6.6,10.0,2.1,14.0,0.4,0.6,0.4,2.5,38.1,71.4,43.4,11.0,50.6,14.0,0.4,0.7,0.4,-50.6,-24.6,39.2,-4.7,11.0,52.2,14.0,0.4,0.7,0.4,-3.37,-0.5,1.74,-0.14,10.0,3.85,14.0,0.4,0.7,0.3,-30.4,-1.5,17.8,0.2,10.0,36.0,14.0,0.4,0.7,0.3,0.11,0.53,2.37,1.0,7.0,1.99,14.0,0.6,0.6,0.3,0.1,4.0,29.8,9.9,7.0,19.9,14.0,0.6,0.6,0.3,3.6,28.0,79.8,42.2,11.0,45.1,14.0,0.4,0.7,0.4,-33.8,-8.7,43.7,0.7,11.0,51.9,14.0,0.4,0.7,0.4,2.7,36.2,57.1,34.8,8.0,32.7,14.0,0.5,0.6,0.4,-27.4,-7.5,10.1,-5.6,8.0,33.5,14.0,0.5,0.6,0.4,-0.5,2.9,29.3,9.9,7.0,18.8,14.0,0.6,0.6,0.3,-5.4,-3.3,1.0,-2.3,7.0,6.1,14.0,0.6,0.6,0.3,160.5,551.5,965.5,675.0,11.0,578.5,14.0,0.4,0.7,0.4,160.0,550.0,965.0,675.0,11.0,580.0,14.0,0.4,0.7,0.4
1974,2,311.0,42.0,2.46,4.35,10.24,5.65,16.0,3.79,18.0,0.5,0.6,0.5,1.0,2.85,6.37,3.96,18.0,3.44,16.0,0.6,0.6,0.5,3.52,4.34,5.19,4.45,15.0,0.9,18.0,0.5,0.6,0.5,84.8,91.9,99.4,90.5,15.0,8.8,18.0,0.5,0.5,4.6,7.2,11.74,8.51,18.0,4.35,16.0,0.6,0.6,0.5,-3.88,0.84,8.59,2.6,18.0,6.66,16.0,0.6,0.6,0.5,-5.81,-1.93,7.05,-0.98,18.0,6.57,16.0,0.6,0.6,0.5,1002.16,1013.8,1020.63,1011.92,17.0,8.88,16.0,0.5,0.6,0.5,7.5,8.0,8.0,7.8,17.0,0.4,16.0,0.6,0.6,0.5,-22.4,2.2,91.3,40.1,18.0,94.6,16.0,0.6,0.6,0.5,-51.3,-12.7,59.1,-12.7,18.0,79.3,16.0,0.6,0.6,0.5,-1.22,1.8,6.24,2.41,16.0,3.93,18.0,0.5,0.6,0.5,-8.4,11.1,57.7,18.6,16.0,33.0,18.0,0.5,0.6,0.5,0.06,0.9,2.7,1.42,14.0,1.75,18.0,0.4,0.5,0.5,0.4,6.1,20.3,9.9,14.0,13.2,18.0,0.4,0.5,0.5,-14.5,0.0,31.8,7.4,18.0,32.8,16.0,0.6,0.6,0.5,-16.0,0.0,34.3,5.4,18.0,30.5,16.0,0.6,0.6,0.5,-16.4,0.0,43.0,7.8,15.0,27.5,18.0,0.5,0.6,0.5,-27.7,-9.5,2.5,-7.7,15.0,26.2,18.0,0.5,0.6,0.5,-5.8,0.0,8.5,1.9,14.0,7.8,18.0,0.4,0.5,0.5,-7.4,-0.1,1.2,0.7,14.0,14.6,18.0,0.4,0.5,0.5,97.5,373.0,1690.5,1136.5,18.0,1728.0,16.0,0.6,0.6,0.5,95.0,375.0,1690.0,1135.0,18.0,1730.0,16.0,0.6,0.6,0.5
1974,2,311.0,43.0,1.36,2.8,4.0,3.12,9.0,2.03,20.0,0.3,0.7,0.5,0.62,2.0,5.29,2.96,9.0,2.58,20.0,0.3,0.7,0.5,3.21,4.84,5.3,4.44,7.0,1.12,20.0,0.1,0.7,0.5,79.0,90.0,100.0,89.6,7.0,9.8,20.0,0.1,0.5,4.3,9.3,14.03,9.21,9.0,5.4,20.0,0.3,0.7,0.5,-6.17,-1.61,3.59,-1.78,9.0,4.99,20.0,0.3,0.7,0.5,-2.97,0.69,13.35,4.18,9.0,8.74,20.0,0.3,0.7,0.5,998.75,1023.1,1024.55,1015.26,9.0,14.25,20.0,0.3,0.7,0.5,5.2,8.0,8.0,6.5,8.0,2.8,20.0,0.4,0.7,0.5,-90.5,-3.4,19.1,-31.6,9.0,55.7,20.0,0.3,0.7,0.5,-27.4,2.8,191.4,71.6,9.0,132.2,20.0,0.3,0.7,0.5,-3.3,0.0,3.38,0.17,9.0,3.73,20.0,0.3,0.7,0.5,-34.3,0.0,12.1,-9.4,9.0,38.5,20.0,0.3,0.7,0.5,-0.83,-0.17,1.81,0.32,7.0,1.37,20.0,0.1,0.7,0.5,-8.1,-1.8,4.9,-1.5,7.0,12.4,20.0,0.1,0.7,0.5,-31.9,0.0,3.3,-11.8,9.0,17.8,20.0,0.3,0.7,0.5,-5.6,0.3,81.3,29.2,9.0,45.8,20.0,0.3,0.7,0.5,-31.2,-4.5,11.1,-9.4,7.0,20.0,20.0,0.1,0.7,0.5,-6.8,39.0,85.8,32.9,7.0,47.7,20.0,0.1,0.7,0.5,-0.1,3.7,6.0,2.8,7.0,3.7,20.0,0.1,0.7,0.5,-16.5,-3.3,-1.8,-7.6,7.0,8.1,20.0,0.1,0.7,0.5,82.5,804.5,2962.0,1563.5,9.0,2276.5,20.0,0.3,0.7,0.5,85.0,805.0,2960.0,1565.0,9.0,2275.0,20.0,0.3,0.7,0.5
1974,2,311.0,44.0,1.73,3.5,5.37,3.54,5.0,2.01,24.0,0.6,0.8,0.2,1.0,1.7,3.55,2.25,4.0,1.7,22.0,0.8,0.8,0.3,3.37,3.97,4.56,3.97,2.0,1.23,26.0,0.5,0.8,0.2,79.1,83.8,88.4,83.8,2.0,9.7,26.0,0.5,0.2,6.02,8.7,11.16,8.64,5.0,4.04,24.0,0.6,0.8,0.2,1.67,3.1,8.13,4.91,5.0,5.44,24.0,0.6,0.8,0.2,1.59,7.24,8.29,5.3,5.0,3.83,24.0,0.6,0.8,0.2,1003.24,1018.0,1020.05,1012.38,5.0,10.32,24.0,0.6,0.8,0.2,6.0,8.0,8.0,7.2,5.0,1.1,24.0,0.6,0.8,0.2,6.1,20.3,102.0,55.5,5.0,84.7,24.0,0.6,0.8,0.2,22.9,55.7,75.2,48.5,5.0,31.6,24.0,0.6,0.8,0.2,0.58,1.1,1.26,0.93,4.0,0.57,22.0,0.8,0.8,0.3,2.1,6.5,10.2,6.2,4.0,4.8,22.0,0.8,0.8,0.3,1.08,1.16,1.23,1.16,2.0,0.15,26.0,0.5,0.8,0.2,4.6,6.0,7.4,6.0,2.0,2.9,26.0,0.5,0.8,0.2,1.5,3.9,8.6,5.0,4.0,5.1,22.0,0.8,0.8,0.3,3.8,14.5,27.4,15.6,4.0,14.6,22.0,0.8,0.8,0.3,10.1,11.2,12.2,11.2,2.0,2.2,26.0,0.5,0.8,0.2,5.5,17.5,29.4,17.5,2.0,24.7,26.0,0.5,0.8,0.2,2.9,3.3,3.7,3.3,2.0,0.8,26.0,0.5,0.8,0.2,1.2,3.8,6.4,3.8,2.0,5.4,26.0,0.5,0.8,0.2,300.5,658.5,1601.0,987.0,5.0,1155.0,24.0,0.6,0.8,0.2,300.0,660.0,1600.0,985.0,5.0,1155.0,24.0,0.6,0.8,0.2
1974,2,311.0,45.0,-0.71,0.25,1.62,0.39,8.0,1.15,20.0,0.5,0.5,0.5,-0.98,0.0,1.87,0.3,8.0,1.74,20.0,0.5,0.6,0.5,2.49,3.03,4.12,3.21,7.0,0.87,20.0,0.4,0.5,0.5,69.3,80.2,93.2,80.5,7.0,12.6,20.0,0.4,0.5,6.7,10.3,16.63,10.98,9.0,5.22,20.0,0.6,0.6,0.5,-3.07,3.35,9.75,3.14,9.0,6.3,20.0,0.6,0.6,0.5,-6.28,2.3,11.18,1.93,9.0,10.38,20.0,0.6,0.6,0.5,999.22,1006.0,1021.03,1010.17,9.0,11.88,20.0,0.6,0.6,0.5,6.0,7.0,8.0,6.9,8.0,1.2,20.0,0.5,0.6,0.5,-30.8,18.4,117.5,44.6,9.0,94.5,20.0,0.6,0.6,0.5,-71.3,10.6,132.0,20.8,9.0,169.2,20.0,0.6,0.6,0.5,-1.4,-0.8,2.02,-0.11,7.0,2.1,20.0,0.4,0.5,0.5,-13.4,-3.7,23.9,1.2,7.0,23.3,20.0,0.4,0.5,0.5,-0.04,0.74,1.51,0.69,7.0,0.93,20.0,0.4,0.5,0.5,-0.4,3.4,15.3,8.5,7.0,14.7,20.0,0.4,0.5,0.5,-8.2,0.0,6.3,-0.2,8.0,7.3,20.0,0.5,0.6,0.5,0.0,3.7,21.8,8.1,8.0,14.7,20.0,0.5,0.6,0.5,6.4,11.0,31.7,13.5,7.0,17.4,20.0,0.4,0.5,0.5,-21.1,6.4,47.2,6.4,7.0,32.7,20.0,0.4,0.5,0.5,-0.1,2.9,12.8,6.5,7.0,9.0,20.0,0.4,0.5,0.5,-9.6,-7.1,1.7,-7.0,7.0,10.7,20.0,0.4,0.5,0.5,301.0,1092.5,4838.5,2179.5,9.0,2683.5,20.0,0.6,0.6,0.5,300.0,1095.0,4840.0,2180.0,9.0,2685.0,20.0,0.6,0.6,0.5
1974,2,311.0,46.0,-1.41,-0.1,1.79,0.19,10.0,2.19,14.0,0.5,0.6,0.3,-3.17,-1.5,1.57,-0.79,10.0,3.53,14.0,0.5,0.6,0.3,2.68,3.02,4.06,3.48,8.0,1.2,12.0,0.5,0.7,0.3,73.9,91.1,97.4,88.1,8.0,10.7,12.0,0.5,0.3,8.6,11.55,14.33,10.95,10.0,3.79,14.0,0.5,0.6,0.3,3.71,10.9,14.2,9.33,10.0,5.55,14.0,0.5,0.6,0.3,-3.45,0.0,2.44,-0.29,10.0,4.48,14.0,0.5,0.6,0.3,995.71,1006.15,1012.67,1004.43,10.0,9.26,14.0,0.5,0.6,0.3,6.4,8.0,8.0,7.4,10.0,1.1,14.0,0.5,0.6,0.3,28.6,124.3,204.8,118.2,10.0,85.3,14.0,0.5,0.6,0.3,-34.8,0.0,34.8,-4.2,10.0,45.0,14.0,0.5,0.6,0.3,-1.94,1.6,3.4,0.98,10.0,3.59,14.0,0.5,0.6,0.3,-28.3,16.4,34.4,9.9,10.0,35.8,14.0,0.5,0.6,0.3,-0.21,0.72,1.44,0.47,8.0,1.27,12.0,0.5,0.7,0.3,-3.7,6.5,14.8,5.9,8.0,12.9,12.0,0.5,0.7,0.3,-23.9,-13.4,10.0,-10.0,10.0,17.5,14.0,0.5,0.6,0.3,-3.4,0.0,31.5,10.7,10.0,23.8,14.0,0.5,0.6,0.3,8.8,33.6,42.8,29.2,8.0,20.9,12.0,0.5,0.7,0.3,-8.9,1.2,9.4,5.0,8.0,18.4,12.0,0.5,0.7,0.3,2.0,6.4,13.9,8.2,8.0,9.0,12.0,0.5,0.7,0.3,-5.0,-0.4,0.6,-3.2,8.0,6.1,12.0,0.5,0.7,0.3,664.0,1560.5,3007.5,1694.0,10.0,1219.5,14.0,0.5,0.6,0.3,665.0,1560.0,3005.0,1695.0,10.0,1220.0,14.0,0.5,0.6,0.3
1974,2,311.0,47.0,-1.07,0.0,1.66,0.9,8.0,3.02,12.0,0.6,0.6,0.3,-4.41,-2.3,0.04,-1.9,11.0,2.73,14.0,0.5,0.5,0.3,2.22,3.32,3.74,3.13,9.0,0.97,12.0,0.7,0.6,0.3,81.3,93.6,99.1,88.0,9.0,15.8,12.0,0.7,0.3,4.69,9.3,12.75,8.75,11.0,4.06,14.0,0.5,0.5,0.3,2.01,8.05,12.67,7.21,11.0,5.03,14.0,0.5,0.5,0.3,-2.44,2.33,5.24,1.39,11.0,4.0,14.0,0.5,0.5,0.3,993.16,1009.6,1014.3,1006.1,11.0,11.47,14.0,0.5,0.5,0.3,5.6,8.0,8.0,6.7,11.0,1.9,14.0,0.5,0.5,0.3,10.4,74.9,161.8,80.0,11.0,76.6,14.0,0.5,0.5,0.3,-20.5,6.7,42.7,7.6,11.0,41.0,14.0,0.5,0.5,0.3,0.17,1.95,6.5,2.83,8.0,2.94,12.0,0.6,0.6,0.3,0.7,23.0,37.8,25.4,8.0,28.2,12.0,0.6,0.6,0.3,0.39,1.02,2.0,1.23,8.0,1.01,12.0,0.6,0.6,0.3,2.7,8.9,14.7,9.7,8.0,7.8,12.0,0.6,0.6,0.3,-51.8,-9.4,0.0,-23.8,11.0,26.4,14.0,0.5,0.5,0.3,-5.9,0.0,22.0,4.2,11.0,12.8,14.0,0.5,0.5,0.3,3.0,18.7,28.8,17.3,9.0,13.3,12.0,0.7,0.6,0.3,0.0,8.4,18.4,10.2,9.0,11.8,12.0,0.7,0.6,0.3,1.7,8.2,14.4,9.2,8.0,7.9,12.0,0.6,0.6,0.3,0.0,0.5,3.7,1.1,8.0,2.4,12.0,0.6,0.6,0.3,106.5,804.5,2086.0,1067.5,11.0,1154.0,14.0,0.5,0.5,0.3,105.0,805.0,2085.0,1065.0,11.0,1155.0,14.0,0.5,0.5,0.3
1974,2,311.0,48.0,0.48,1.5,1.98,1.23,3.0,1.12,6.0,0.3,0.5,0.6,-1.76,-0.9,0.96,-0.42,4.0,1.83,10.0,0.3,0.5,0.4,3.2,3.2,3.2,3.2,1.0,0.0,2.0,0.0,0.7,0.8,87.0,87.0,87.0,87.0,1.0,0.0,2.0,0.0,0.8,10.18,17.0,22.15,16.2,4.0,7.18,10.0,0.3,0.5,0.4,2.49,11.93,18.18,10.41,4.0,9.87,10.0,0.3,0.5,0.4,-12.6,-5.77,6.66,-3.1,4.0,12.11,10.0,0.3,0.5,0.4,988.89,1004.65,1019.93,1004.43,4.0,18.1,10.0,0.3,0.5,0.4,8.0,8.0,8.0,8.0,2.0,0.0,4.0,0.5,0.5,0.6,13.1,200.2,404.5,208.4,4.0,231.3,10.0,0.3,0.5,0.4,-277.0,-133.4,85.9,-97.3,4.0,217.6,10.0,0.3,0.5,0.4,0.23,2.0,2.34,1.3,3.0,1.66,6.0,0.3,0.5,0.6,-2.5,19.3,37.6,17.6,3.0,29.5,6.0,0.3,0.5,0.6,1.21,1.21,1.21,1.21,1.0,0.0,2.0,0.0,0.7,0.8,9.3,9.3,9.3,9.3,1.0,0.0,2.0,0.0,0.7,0.8,-22.1,0.5,19.4,-1.3,4.0,30.3,10.0,0.3,0.5,0.4,-24.0,-9.5,12.1,-6.1,4.0,22.8,10.0,0.3,0.5,0.4,24.7,24.7,24.7,24.7,1.0,0.0,2.0,0.0,0.7,0.8,0.0,0.0,0.0,0.0,1.0,0.0,2.0,0.0,0.7,0.8,9.3,9.3,9.3,9.3,1.0,0.0,2.0,0.0,0.7,0.8,0.0,0.0,0.0,0.0,1.0,0.0,2.0,0.0,0.7,0.8,1261.0,5770.5,10930.0,6081.0,4.0,5689.0,10.0,0.3,0.5,0.4,1260.0,5770.0,10930.0,6080.0,4.0,5690.0,10.0,0.3,0.5,0.4
1974,2,311.0,49.0,0.0,0.0,2.87,1.4,3.0,2.42,24.0,0.0,0.9,0.5,0.38,0.9,3.62,1.95,4.0,2.73,20.0,0.0,0.9,0.6,2.73,2.9,3.07,2.9,2.0,0.36,24.0,0.0,1.0,0.4,67.4,71.3,75.1,71.3,2.0,7.9,24.0,0.0,0.4,7.5,16.25,20.12,13.93,4.0,8.29,20.0,0.0,0.9,0.6,-0.88,3.23,9.67,4.34,4.0,6.52,20.0,0.0,0.9,0.6,-8.81,4.59,16.11,3.69,4.0,15.54,20.0,0.0,0.9,0.6,996.41,1000.85,1004.35,1000.4,4.0,4.83,20.0,0.0,0.9,0.6,8.0,8.0,8.0,8.0,3.0,0.0,18.0,0.0,1.0,0.6,-2.3,41.6,169.0,81.4,4.0,117.4,20.0,0.0,0.9,0.6,-156.6,69.5,290.9,67.3,4.0,299.7,20.0,0.0,0.9,0.6,-0.94,-0.8,2.61,0.8,3.0,2.95,24.0,0.0,0.9,0.5,-19.0,-15.7,32.0,6.0,3.0,41.8,24.0,0.0,0.9,0.5,0.74,0.91,1.08,0.91,2.0,0.35,24.0,0.0,1.0,0.4,15.1,18.2,21.3,18.2,2.0,6.4,24.0,0.0,1.0,0.4,-5.3,0.0,5.3,0.0,4.0,8.2,20.0,0.0,0.9,0.6,-12.0,-6.0,10.8,-0.8,4.0,15.4,20.0,0.0,0.9,0.6,5.3,16.7,28.1,16.7,2.0,23.6,24.0,0.0,1.0,0.4,-23.1,12.6,48.3,12.6,2.0,74.0,24.0,0.0,1.0,0.4,2.3,7.3,12.3,7.3,2.0,10.3,24.0,0.0,1.0,0.4,-12.5,-1.9,8.7,-1.9,2.0,22.0,24.0,0.0,1.0,0.4,1031.0,4838.0,8164.5,4609.0,4.0,4193.5,20.0,0.0,0.9,0.6,1030.0,4840.0,8165.0,4610.0,4.0,4195.0,20.0,0.0,0.9,0.6
1974,2,311.0,50.0,,,,,,,,,,,,,,,,,,,,,,,,,,,,,,,,,,,,,,,,12.11,14.5,16.89,14.5,2.0,4.95,22.0,1.0,0.4,0.3,11.38,13.63,15.87,13.63,2.0,4.65,22.0,1.0,0.4,0.3,-2.19,1.2,4.58,1.2,2.0,7.01,22.0,1.0,0.4,0.3,1008.26,1015.05,1021.84,1015.05,2.0,14.07,22.0,1.0,0.4,0.3,,,,,,,,,,,,,,,,,,,,,,,,,,,,,,,,,,,,,,,,,,,,,,,,,,,,,,,,,,,,,,,,,,,,,,,,,,,,,,,,,,,,,,,,,,,,,,,,,,,,,,,,,,,,,,,,,,,,,,,,,,,,,,,,,,,,,,,,,,,,,,,,,,,,,,
1974,2,311.0,51.0,,,,,,,,,,,,,,,,,,,,,,,,,,,,,,,,,,,,,,,,11.16,11.5,11.84,11.5,2.0,0.71,26.0,0.5,0.4,0.1,10.49,10.81,11.13,10.81,2.0,0.66,26.0,0.5,0.4,0.1,-2.51,0.17,2.86,0.17,2.0,5.56,26.0,0.5,0.4,0.1,998.82,1007.9,1016.98,1007.9,2.0,18.81,26.0,0.5,0.4,0.1,,,,,,,,,,,,,,,,,,,,,,,,,,,,,,,,,,,,,,,,,,,,,,,,,,,,,,,,,,,,,,,,,,,,,,,,,,,,,,,,,,,,,,,,,,,,,,,,,,,,,,,,,,,,,,,,,,,,,,,,,,,,,,,,,,,,,,,,,,,,,,,,,,,,,,
1974,2,311.0,52.0,,,,,,,,,,,,,,,,,,,,,,,,,,,,,,,,,,,,,,,,10.43,12.45,13.48,11.98,4.0,2.15,22.0,0.0,0.6,0.4,1.07,5.35,11.36,6.17,4.0,6.33,22.0,0.0,0.6,0.4,-12.37,-7.54,-1.47,-6.95,4.0,6.37,22.0,0.0,0.6,0.4,995.99,1003.15,1008.47,1002.28,4.0,7.65,22.0,0.0,0.6,0.4,,,,,,,,,,,,,,,,,,,,,,,,,,,,,,,,,,,,,,,,,,,,,,,,,,,,,,,,,,,,,,,,,,,,,,,,,,,,,,,,,,,,,,,,,,,,,,,,,,,,,,,,,,,,,,,,,,,,,,,,,,,,,,,,,,,,,,,,,,,,,,,,,,,,,,
1974,2,311.0,53.0,,,,,,,,,,,,,,,,,,,,,,,,,,,,,,,,,,,,,,,,10.9,12.0,18.05,13.43,7.0,3.78,16.0,0.7,0.5,0.4,1.58,9.0,13.98,7.58,7.0,8.58,16.0,0.7,0.5,0.4,3.44,7.07,11.58,6.91,7.0,5.33,16.0,0.7,0.5,0.4,988.37,992.1,1000.75,992.9,7.0,6.18,16.0,0.7,0.5,0.4,,,,,,,,,,,,,,,,,,,,,,,,,,,,,,,,,,,,,,,,,,,,,,,,,,,,,,,,,,,,,,,,,,,,,,,,,,,,,,,,,,,,,,,,,,,,,,,,,,,,,,,,,,,,,,,,,,,,,,,,,,,,,,,,,,,,,,,,,,,,,,,,,,,,,,
1974,2,311.0,54.0,2.5,2.5,3.21,2.66,8.0,0.98,18.0,0.5,0.9,0.7,-1.46,-0.15,0.0,-1.26,8.0,2.47,18.0,0.5,0.9,0.7,2.21,2.41,3.04,2.56,7.0,0.54,20.0,0.4,0.9,0.8,58.9,66.1,87.2,70.1,7.0,14.9,20.0,0.4,0.8,12.37,13.65,14.4,13.11,8.0,2.21,18.0,0.5,0.9,0.7,7.88,9.66,12.96,10.11,8.0,2.54,18.0,0.5,0.9,0.7,-11.16,-8.58,-0.31,-6.45,8.0,5.53,18.0,0.5,0.9,0.7,1012.52,1015.5,1017.83,1012.43,8.0,9.73,18.0,0.5,0.9,0.7,6.0,6.0,7.0,6.4,7.0,1.0,20.0,0.4,0.9,0.8,86.8,142.9,174.8,134.6,8.0,45.1,18.0,0.5,0.9,0.7,-157.2,-115.3,-2.6,-88.4,8.0,80.4,18.0,0.5,0.9,0.7,2.5,3.05,5.42,3.93,8.0,2.03,18.0,0.5,0.9,0.7,32.9,43.1,66.2,48.4,8.0,16.4,18.0,0.5,0.9,0.7,2.05,2.17,2.3,2.09,7.0,0.5,20.0,0.4,0.9,0.8,28.3,30.3,33.7,29.1,7.0,7.7,20.0,0.4,0.9,0.8,-16.3,-1.4,0.0,-11.2,8.0,19.2,18.0,0.5,0.9,0.7,0.0,0.0,12.7,4.4,8.0,8.2,18.0,0.5,0.9,0.7,21.6,24.6,36.2,27.2,7.0,9.6,20.0,0.4,0.9,0.8,-26.7,-21.4,0.3,-16.5,7.0,14.1,20.0,0.4,0.9,0.8,16.5,22.5,28.7,21.8,7.0,7.2,20.0,0.4,0.9,0.8,-26.9,-21.1,0.2,-14.8,7.0,13.7,20.0,0.4,0.9,0.8,1892.5,2546.0,2986.0,2409.5,8.0,934.0,18.0,0.5,0.9,0.7,1895.0,2545.0,2985.0,2410.0,8.0,935.0,18.0,0.5,0.9,0.7
1974,2,311.0,55.0,2.5,3.2,3.29,3.02,27.0,0.55,8.0,0.3,0.3,0.7,-7.0,-2.5,0.0,-3.29,27.0,3.84,8.0,0.3,0.3,0.7,1.67,2.46,2.81,2.29,27.0,0.58,8.0,0.3,0.3,0.7,60.8,74.4,87.9,75.2,27.0,12.8,8.0,0.3,0.7,2.1,8.5,12.9,7.98,24.0,5.96,10.0,0.3,0.3,0.7,-1.01,4.3,9.3,4.18,24.0,4.82,10.0,0.3,0.3,0.7,-6.31,0.13,4.54,0.78,24.0,7.74,10.0,0.3,0.3,0.7,990.24,995.5,1014.53,998.37,27.0,11.73,8.0,0.3,0.3,0.7,2.0,7.0,8.0,5.7,26.0,2.7,8.0,0.3,0.3,0.7,-1.3,29.5,113.2,51.9,24.0,65.3,10.0,0.3,0.3,0.7,-70.8,0.2,29.4,17.1,24.0,147.3,10.0,0.3,0.3,0.7,2.6,5.4,10.16,6.31,27.0,3.86,8.0,0.3,0.3,0.7,16.2,31.3,57.5,48.6,24.0,56.9,10.0,0.3,0.3,0.7,1.97,2.39,3.18,2.47,27.0,0.62,8.0,0.3,0.3,0.7,6.4,15.2,32.8,19.6,24.0,17.4,10.0,0.3,0.3,0.7,-12.8,-1.6,2.2,-6.2,24.0,16.6,10.0,0.3,0.3,0.7,-21.8,0.0,4.1,-17.4,24.0,44.6,10.0,0.3,0.3,0.7,-2.4,8.9,24.8,10.4,24.0,13.3,10.0,0.3,0.3,0.7,-17.7,0.3,10.3,0.2,24.0,15.2,10.0,0.3,0.3,0.7,-2.3,7.7,19.5,9.6,24.0,10.9,10.0,0.3,0.3,0.7,-11.2,0.3,12.1,4.0,24.0,21.8,10.0,0.3,0.3,0.7,9.5,630.5,2146.5,1512.0,24.0,3424.0,10.0,0.3,0.3,0.7,10.0,630.0,2145.0,1510.0,24.0,3425.0,10.0,0.3,0.3,0.7
1974,2,311.0,56.0,3.32,3.9,3.9,3.63,4.0,0.55,2.0,0.5,0.1,0.1,-6.06,-5.65,-5.5,-5.77,4.0,0.38,2.0,0.5,0.1,0.1,1.91,2.15,2.23,2.07,4.0,0.27,2.0,0.5,0.1,0.1,75.6,82.5,87.1,81.4,4.0,9.0,2.0,0.5,0.1,12.25,14.7,15.21,13.78,4.0,2.35,2.0,0.5,0.1,0.1,2.13,5.0,7.6,4.87,4.0,3.16,2.0,0.5,0.1,0.1,11.5,13.16,13.78,12.66,4.0,1.75,2.0,0.5,0.1,0.1,978.0,978.2,978.71,978.35,4.0,0.47,2.0,0.5,0.1,0.1,8.0,8.0,8.0,8.0,4.0,0.0,2.0,0.5,0.1,0.1,26.8,74.3,115.7,71.4,4.0,51.6,2.0,0.5,0.1,0.1,147.5,199.5,204.8,177.2,4.0,48.7,2.0,0.5,0.1,0.1,9.24,9.4,9.56,9.4,4.0,0.24,2.0,0.5,0.1,0.1,115.6,140.3,143.0,129.8,4.0,24.1,2.0,0.5,0.1,0.1,2.94,3.03,3.06,3.0,4.0,0.1,2.0,0.5,0.1,0.1,36.2,43.3,46.1,41.3,4.0,6.7,2.0,0.5,0.1,0.1,-41.8,-27.9,-12.8,-27.3,4.0,16.8,2.0,0.5,0.1,0.1,-78.0,-72.4,-67.5,-72.7,4.0,7.5,2.0,0.5,0.1,0.1,4.3,10.9,16.3,10.4,4.0,7.0,2.0,0.5,0.1,0.1,22.3,28.2,30.8,26.6,4.0,6.7,2.0,0.5,0.1,0.1,6.3,14.9,23.0,14.7,4.0,9.7,2.0,0.5,0.1,0.1,35.2,39.9,40.5,37.9,4.0,4.4,2.0,0.5,0.1,0.1,1994.0,3180.5,3520.5,2776.5,4.0,1155.5,2.0,0.5,0.1,0.1,1995.0,3180.0,3520.0,2775.0,4.0,1155.0,2.0,0.5,0.1,0.1
1974,2,311.0,57.0,2.6,2.6,2.6,2.6,1.0,0.0,8.0,0.0,0.1,0.4,1.7,1.7,1.7,1.7,1.0,0.0,8.0,0.0,0.1,0.4,3.54,3.54,3.54,3.54,1.0,0.0,8.0,0.0,0.1,0.4,82.3,82.3,82.3,82.3,1.0,0.0,8.0,0.0,0.4,23.1,23.1,23.1,23.1,1.0,0.0,8.0,0.0,0.1,0.4,-14.85,-14.85,-14.85,-14.85,1.0,0.0,8.0,0.0,0.1,0.4,-17.7,-17.7,-17.7,-17.7,1.0,0.0,8.0,0.0,0.1,0.4,1005.3,1005.3,1005.3,1005.3,1.0,0.0,8.0,0.0,0.1,0.4,8.0,8.0,8.0,8.0,1.0,0.0,8.0,0.0,0.1,0.4,-343.0,-343.0,-343.0,-343.0,1.0,0.0,8.0,0.0,0.1,0.4,-408.8,-408.8,-408.8,-408.8,1.0,0.0,8.0,0.0,0.1,0.4,0.9,0.9,0.9,0.9,1.0,0.0,8.0,0.0,0.1,0.4,20.8,20.8,20.8,20.8,1.0,0.0,8.0,0.0,0.1,0.4,1.05,1.05,1.05,1.05,1.0,0.0,8.0,0.0,0.1,0.4,24.3,24.3,24.3,24.3,1.0,0.0,8.0,0.0,0.1,0.4,-25.2,-25.2,-25.2,-25.2,1.0,0.0,8.0,0.0,0.1,0.4,-30.1,-30.1,-30.1,-30.1,1.0,0.0,8.0,0.0,0.1,0.4,-52.6,-52.6,-52.6,-52.6,1.0,0.0,8.0,0.0,0.1,0.4,-62.6,-62.6,-62.6,-62.6,1.0,0.0,8.0,0.0,0.1,0.4,-15.6,-15.6,-15.6,-15.6,1.0,0.0,8.0,0.0,0.1,0.4,-18.6,-18.6,-18.6,-18.6,1.0,0.0,8.0,0.0,0.1,0.4,12326.5,12326.5,12326.5,12326.5,1.0,0.0,8.0,0.0,0.1,0.4,12325.0,12325.0,12325.0,12325.0,1.0,0.0,8.0,0.0,0.1,0.4
1974,2,312.0,-57.0,4.3,4.3,4.3,4.3,1.0,0.0,18.0,0.0,0.5,0.3,4.5,4.5,4.5,4.5,1.0,0.0,18.0,0.0,0.5,0.3,4.88,4.88,4.88,4.88,1.0,0.0,18.0,0.0,0.5,0.3,93.2,93.2,93.2,93.2,1.0,0.0,18.0,0.0,0.3,5.1,5.1,5.1,5.1,1.0,0.0,18.0,0.0,0.5,0.3,5.02,5.02,5.02,5.02,1.0,0.0,18.0,0.0,0.5,0.3,0.89,0.89,0.89,0.89,1.0,0.0,18.0,0.0,0.5,0.3,1007.9,1007.9,1007.9,1007.9,1.0,0.0,18.0,0.0,0.5,0.3,2.0,2.0,2.0,2.0,1.0,0.0,18.0,0.0,0.5,0.3,25.6,25.6,25.6,25.6,1.0,0.0,18.0,0.0,0.5,0.3,4.5,4.5,4.5,4.5,1.0,0.0,18.0,0.0,0.5,0.3,-0.2,-0.2,-0.2,-0.2,1.0,0.0,18.0,0.0,0.5,0.3,-1.0,-1.0,-1.0,-1.0,1.0,0.0,18.0,0.0,0.5,0.3,0.28,0.28,0.28,0.28,1.0,0.0,18.0,0.0,0.5,0.3,1.4,1.4,1.4,1.4,1.0,0.0,18.0,0.0,0.5,0.3,22.6,22.6,22.6,22.6,1.0,0.0,18.0,0.0,0.5,0.3,4.0,4.0,4.0,4.0,1.0,0.0,18.0,0.0,0.5,0.3,24.5,24.5,24.5,24.5,1.0,0.0,18.0,0.0,0.5,0.3,4.3,4.3,4.3,4.3,1.0,0.0,18.0,0.0,0.5,0.3,1.4,1.4,1.4,1.4,1.0,0.0,18.0,0.0,0.5,0.3,0.3,0.3,0.3,0.3,1.0,0.0,18.0,0.0,0.5,0.3,132.5,132.5,132.5,132.5,1.0,0.0,18.0,0.0,0.5,0.3,135.0,135.0,135.0,135.0,1.0,0.0,18.0,0.0,0.5,0.3
1974,2,312.0,-47.0,14.6,14.6,14.6,14.6,1.0,0.0,26.0,0.0,0.1,0.8,11.9,11.9,11.9,11.9,1.0,0.0,26.0,0.0,0.1,0.8,8.1,8.1,8.1,8.1,1.0,0.0,26.0,0.0,0.1,0.8,93.6,93.6,93.6,93.6,1.0,0.0,26.0,0.0,0.8,13.4,13.4,13.4,13.4,1.0,0.0,26.0,0.0,0.1,0.8,8.61,8.61,8.61,8.61,1.0,0.0,26.0,0.0,0.1,0.8,10.27,10.27,10.27,10.27,1.0,0.0,26.0,0.0,0.1,0.8,1010.4,1010.4,1010.4,1010.4,1.0,0.0,26.0,0.0,0.1,0.8,8.0,8.0,8.0,8.0,1.0,0.0,26.0,0.0,0.1,0.8,115.4,115.4,115.4,115.4,1.0,0.0,26.0,0.0,0.1,0.8,137.6,137.6,137.6,137.6,1.0,0.0,26.0,0.0,0.1,0.8,2.7,2.7,2.7,2.7,1.0,0.0,26.0,0.0,0.1,0.8,36.2,36.2,36.2,36.2,1.0,0.0,26.0,0.0,0.1,0.8,2.24,2.24,2.24,2.24,1.0,0.0,26.0,0.0,0.1,0.8,30.0,30.0,30.0,30.0,1.0,0.0,26.0,0.0,0.1,0.8,102.5,102.5,102.5,102.5,1.0,0.0,26.0,0.0,0.1,0.8,122.2,122.2,122.2,122.2,1.0,0.0,26.0,0.0,0.1,0.8,69.8,69.8,69.8,69.8,1.0,0.0,26.0,0.0,0.1,0.8,83.1,83.1,83.1,83.1,1.0,0.0,26.0,0.0,0.1,0.8,19.3,19.3,19.3,19.3,1.0,0.0,26.0,0.0,0.1,0.8,23.0,23.0,23.0,23.0,1.0,0.0,26.0,0.0,0.1,0.8,2406.0,2406.0,2406.0,2406.0,1.0,0.0,26.0,0.0,0.1,0.8,2405.0,2405.0,2405.0,2405.0,1.0,0.0,26.0,0.0,0.1,0.8
1974,2,312.0,-43.0,16.19,16.6,17.01,16.6,2.0,0.85,18.0,1.0,0.6,0.4,17.98,18.15,18.32,18.15,2.0,0.35,18.0,1.0,0.6,0.4,8.7,9.51,10.32,9.51,2.0,1.68,18.0,1.0,0.6,0.4,68.7,74.1,79.6,74.1,2.0,11.3,18.0,1.0,0.4,5.1,5.1,5.1,5.1,1.0,0.0,18.0,1.0,0.2,0.2,0.0,0.0,0.0,0.0,1.0,0.0,18.0,1.0,0.2,0.2,-5.1,-5.1,-5.1,-5.1,1.0,0.0,18.0,1.0,0.2,0.2,1021.44,1021.95,1022.46,1021.95,2.0,1.06,18.0,1.0,0.6,0.4,6.3,7.0,7.7,7.0,2.0,1.4,18.0,1.0,0.6,0.4,0.0,0.0,0.0,0.0,1.0,0.0,18.0,1.0,0.2,0.2,-26.0,-26.0,-26.0,-26.0,1.0,0.0,18.0,1.0,0.2,0.2,-1.79,-1.55,-1.31,-1.55,2.0,0.49,18.0,1.0,0.6,0.4,-6.1,-6.1,-6.1,-6.1,1.0,0.0,18.0,1.0,0.2,0.2,1.62,2.12,2.62,2.12,2.0,1.03,18.0,1.0,0.6,0.4,7.1,7.1,7.1,7.1,1.0,0.0,18.0,1.0,0.2,0.2,0.0,0.0,0.0,0.0,1.0,0.0,18.0,1.0,0.2,0.2,-93.8,-93.8,-93.8,-93.8,1.0,0.0,18.0,1.0,0.2,0.2,0.0,0.0,0.0,0.0,1.0,0.0,18.0,1.0,0.2,0.2,-54.6,-54.6,-54.6,-54.6,1.0,0.0,18.0,1.0,0.2,0.2,0.0,0.0,0.0,0.0,1.0,0.0,18.0,1.0,0.2,0.2,-7.1,-7.1,-7.1,-7.1,1.0,0.0,18.0,1.0,0.2,0.2,132.5,132.5,132.5,132.5,1.0,0.0,18.0,1.0,0.2,0.2,135.0,135.0,135.0,135.0,1.0,0.0,18.0,1.0,0.2,0.2
1974,2,312.0,-42.0,,,,,,,,,,,,,,,,,,,,,,,,,,,,,,,,,,,,,,,,9.0,9.0,9.0,9.0,1.0,0.0,20.0,1.0,0.8,0.7,-6.89,-6.89,-6.89,-6.89,1.0,0.0,20.0,1.0,0.8,0.7,-5.79,-5.79,-5.79,-5.79,1.0,0.0,20.0,1.0,0.8,0.7,1012.2,1012.2,1012.2,1012.2,1.0,0.0,20.0,1.0,0.8,0.7,,,,,,,,,,,,,,,,,,,,,,,,,,,,,,,,,,,,,,,,,,,,,,,,,,,,,,,,,,,,,,,,,,,,,,,,,,,,,,,,,,,,,,,,,,,,,,,,,,,,,,,,,,,,,,,,,,,,,,,,,,,,,,,,,,,,,,,,,,,,,,,,,,,,,,
1974,2,312.0,-36.0,22.2,22.2,22.2,22.2,1.0,0.0,6.0,1.0,0.5,0.8,25.0,25.0,25.0,25.0,1.0,0.0,6.0,1.0,0.5,0.8,19.86,19.86,19.86,19.86,1.0,0.0,6.0,1.0,0.5,0.8,100.0,100.0,100.0,100.0,1.0,0.0,6.0,1.0,0.8,5.1,5.1,5.1,5.1,1.0,0.0,6.0,1.0,0.5,0.8,-2.55,-2.55,-2.55,-2.55,1.0,0.0,6.0,1.0,0.5,0.8,4.42,4.42,4.42,4.42,1.0,0.0,6.0,1.0,0.5,0.8,1008.6,1008.6,1008.6,1008.6,1.0,0.0,6.0,1.0,0.5,0.8,8.0,8.0,8.0,8.0,1.0,0.0,6.0,1.0,0.5,0.8,-13.0,-13.0,-13.0,-13.0,1.0,0.0,6.0,1.0,0.5,0.8,22.5,22.5,22.5,22.5,1.0,0.0,6.0,1.0,0.5,0.8,-2.8,-2.8,-2.8,-2.8,1.0,0.0,6.0,1.0,0.5,0.8,-14.3,-14.3,-14.3,-14.3,1.0,0.0,6.0,1.0,0.5,0.8,-3.12,-3.12,-3.12,-3.12,1.0,0.0,6.0,1.0,0.5,0.8,-15.9,-15.9,-15.9,-15.9,1.0,0.0,6.0,1.0,0.5,0.8,-63.7,-63.7,-63.7,-63.7,1.0,0.0,6.0,1.0,0.5,0.8,110.4,110.4,110.4,110.4,1.0,0.0,6.0,1.0,0.5,0.8,-50.6,-50.6,-50.6,-50.6,1.0,0.0,6.0,1.0,0.5,0.8,87.7,87.7,87.7,87.7,1.0,0.0,6.0,1.0,0.5,0.8,8.0,8.0,8.0,8.0,1.0,0.0,6.0,1.0,0.5,0.8,-13.8,-13.8,-13.8,-13.8,1.0,0.0,6.0,1.0,0.5,0.8,132.5,132.5,132.5,132.5,1.0,0.0,6.0,1.0,0.5,0.8,135.0,135.0,135.0,135.0,1.0,0.0,6.0,1.0,0.5,0.8
1974,2,312.0,-34.0,23.99,24.4,24.81,24.4,2.0,0.85,24.0,0.5,0.2,0.9,22.4,22.4,22.4,22.4,1.0,0.0,22.0,0.0,0.3,0.8,14.16,14.16,14.16,14.16,1.0,0.0,22.0,0.0,0.3,0.8,83.7,83.7,83.7,83.7,1.0,0.0,22.0,0.0,0.8,5.14,6.3,7.46,6.3,2.0,2.4,24.0,0.5,0.2,0.9,-4.6,-1.3,1.99,-1.3,2.0,6.83,24.0,0.5,0.2,0.9,3.3,4.05,4.8,4.05,2.0,1.55,24.0,0.5,0.2,0.9,1009.93,1013.65,1017.37,1013.65,2.0,7.71,24.0,0.5,0.2,0.9,4.6,6.0,7.4,6.0,2.0,2.8,24.0,0.5,0.2,0.9,-38.7,-16.4,5.9,-16.4,2.0,46.1,24.0,0.5,0.2,0.9,18.0,27.4,36.8,27.4,2.0,19.5,24.0,0.5,0.2,0.9,1.4,1.4,1.4,1.4,1.0,0.0,22.0,0.0,0.3,0.8,6.4,6.4,6.4,6.4,1.0,0.0,22.0,0.0,0.3,0.8,4.31,4.31,4.31,4.31,1.0,0.0,22.0,0.0,0.3,0.8,19.8,19.8,19.8,19.8,1.0,0.0,22.0,0.0,0.3,0.8,78.9,78.9,78.9,78.9,1.0,0.0,22.0,0.0,0.3,0.8,66.2,66.2,66.2,66.2,1.0,0.0,22.0,0.0,0.3,0.8,49.9,49.9,49.9,49.9,1.0,0.0,22.0,0.0,0.3,0.8,41.9,41.9,41.9,41.9,1.0,0.0,22.0,0.0,0.3,0.8,15.2,15.2,15.2,15.2,1.0,0.0,22.0,0.0,0.3,0.8,12.8,12.8,12.8,12.8,1.0,0.0,22.0,0.0,0.3,0.8,163.0,304.5,446.0,304.5,2.0,293.0,24.0,0.5,0.2,0.9,165.0,305.0,445.0,305.0,2.0,295.0,24.0,0.5,0.2,0.9
1974,2,312.0,-33.0,23.59,24.0,24.68,24.13,3.0,0.81,24.0,0.3,0.5,0.8,22.46,22.6,22.87,22.67,3.0,0.31,24.0,0.3,0.5,0.8,11.51,12.41,13.31,12.41,2.0,1.86,24.0,0.0,0.4,0.7,67.9,73.3,78.6,73.3,2.0,11.1,24.0,0.0,0.7,4.76,5.1,8.44,6.57,3.0,2.98,24.0,0.3,0.5,0.8,-5.43,-3.28,1.36,-2.06,3.0,5.09,24.0,0.3,0.5,0.8,3.26,3.91,6.47,4.84,3.0,2.49,24.0,0.3,0.5,0.8,1011.15,1017.5,1017.57,1014.43,3.0,5.4,24.0,0.3,0.5,0.8,2.6,6.0,7.4,5.0,3.0,3.6,24.0,0.3,0.5,0.8,-49.2,-16.7,5.8,-21.6,3.0,40.5,24.0,0.3,0.5,0.8,15.6,19.9,58.6,36.7,3.0,34.7,24.0,0.3,0.5,0.8,1.13,1.4,1.81,1.47,3.0,0.5,24.0,0.3,0.5,0.8,5.4,7.1,15.9,10.6,3.0,8.3,24.0,0.3,0.5,0.8,4.8,5.87,6.94,5.87,2.0,2.22,24.0,0.0,0.4,0.7,22.7,28.9,35.1,28.9,2.0,12.8,24.0,0.0,0.4,0.7,-124.4,-74.1,30.4,-47.7,3.0,115.7,24.0,0.3,0.5,0.8,73.2,88.3,148.3,110.2,3.0,58.2,24.0,0.3,0.5,0.8,-22.9,6.0,34.9,6.0,2.0,59.9,24.0,0.0,0.4,0.7,41.0,42.0,42.9,42.0,2.0,1.9,24.0,0.0,0.4,0.7,-18.1,-4.6,8.9,-4.6,2.0,28.0,24.0,0.0,0.4,0.7,15.3,20.9,26.5,20.9,2.0,11.5,24.0,0.0,0.4,0.7,108.5,132.5,724.5,410.0,3.0,511.5,24.0,0.3,0.5,0.8,110.0,135.0,725.0,410.0,3.0,510.0,24.0,0.3,0.5,0.8
1974,2,312.0,-32.0,,,,,,,,,,,,,,,,,,,,,,,,,,,,,,,,,,,,,,,,6.03,6.1,6.17,6.1,2.0,0.14,20.0,0.0,0.8,1.0,-4.32,-3.4,-2.48,-3.4,2.0,1.91,20.0,0.0,0.8,1.0,-4.11,-0.83,2.46,-0.83,2.0,6.8,20.0,0.0,0.8,1.0,1014.77,1015.35,1015.93,1015.35,2.0,1.2,20.0,0.0,0.8,1.0,,,,,,,,,,,,,,,,,,,,,,,,,,,,,,,,,,,,,,,,,,,,,,,,,,,,,,,,,,,,,,,,,,,,,,,,,,,,,,,,,,,,,,,,,,,,,,,,,,,,,,,,,,,,,,,,,,,,,,,,,,,,,,,,,,,,,,,,,,,,,,,,,,,,,,
1974,2,312.0,-30.0,25.0,25.55,26.26,25.63,6.0,0.62,22.0,0.7,0.7,0.7,23.16,24.1,25.52,24.3,6.0,1.19,22.0,0.7,0.7,0.7,13.27,14.53,17.64,15.29,5.0,2.26,20.0,0.8,0.6,0.8,71.2,82.2,85.2,79.2,5.0,7.7,20.0,0.8,0.8,3.39,4.55,8.63,5.63,6.0,2.99,22.0,0.7,0.7,0.7,-6.95,-2.51,1.93,-2.6,6.0,4.58,22.0,0.7,0.7,0.7,0.7,2.0,4.8,2.8,6.0,2.92,22.0,0.7,0.7,0.7,1010.37,1014.0,1014.32,1012.85,6.0,2.22,22.0,0.7,0.7,0.7,5.8,7.5,8.0,6.5,6.0,2.7,22.0,0.7,0.7,0.7,-67.4,-12.8,6.4,-24.7,6.0,35.4,22.0,0.7,0.7,0.7,1.8,7.9,29.5,19.2,6.0,31.0,22.0,0.7,0.7,0.7,-0.42,1.2,3.1,1.33,6.0,1.67,22.0,0.7,0.7,0.7,-1.3,8.3,17.5,9.8,6.0,12.1,22.0,0.7,0.7,0.7,2.53,6.53,6.88,5.05,5.0,2.44,20.0,0.8,0.6,0.8,7.3,33.3,62.6,35.1,5.0,28.6,20.0,0.8,0.6,0.8,-162.9,-60.3,49.4,-60.6,6.0,111.0,22.0,0.7,0.7,0.7,16.9,51.2,110.8,66.4,6.0,67.4,22.0,0.7,0.7,0.7,-100.9,-66.4,36.1,-39.3,5.0,71.9,20.0,0.8,0.6,0.8,7.4,15.6,77.3,39.5,5.0,47.0,20.0,0.8,0.6,0.8,-49.7,-32.8,4.8,-25.1,5.0,29.2,20.0,0.8,0.6,0.8,1.6,5.8,23.2,13.5,5.0,22.2,20.0,0.8,0.6,0.8,40.5,98.5,663.0,317.5,6.0,428.5,22.0,0.7,0.7,0.7,40.0,100.0,665.0,315.0,6.0,430.0,22.0,0.7,0.7,0.7
1974,2,312.0,-29.0,24.56,25.75,26.18,25.28,8.0,1.53,18.0,0.6,0.4,0.5,22.77,25.5,26.49,25.29,8.0,2.26,18.0,0.6,0.4,0.5,15.32,16.29,17.84,16.62,8.0,1.55,18.0,0.6,0.4,0.5,76.8,81.8,91.7,83.0,8.0,8.2,18.0,0.6,0.5,5.57,9.3,10.24,8.5,8.0,3.11,18.0,0.6,0.4,0.5,-9.3,-7.89,-1.8,-5.84,8.0,4.26,18.0,0.6,0.4,0.5,-7.9,0.0,2.18,-2.15,8.0,5.45,18.0,0.6,0.4,0.5,1010.96,1014.0,1015.94,1013.63,8.0,2.63,18.0,0.6,0.4,0.5,6.0,7.0,8.0,7.0,8.0,1.1,18.0,0.6,0.4,0.5,-86.5,-76.7,-13.4,-58.6,8.0,43.6,18.0,0.6,0.4,0.5,-93.1,0.0,14.0,-28.7,8.0,52.3,18.0,0.6,0.4,0.5,-1.39,-0.1,0.9,-0.01,8.0,1.54,18.0,0.6,0.4,0.5,-7.3,-1.0,11.0,0.8,8.0,14.1,18.0,0.6,0.4,0.5,1.91,3.67,4.78,3.54,8.0,1.57,18.0,0.6,0.4,0.5,13.0,34.3,52.7,32.1,8.0,19.9,18.0,0.6,0.4,0.5,-232.3,-189.7,-51.2,-143.8,8.0,102.4,18.0,0.6,0.4,0.5,-207.1,0.0,53.9,-59.8,8.0,146.3,18.0,0.6,0.4,0.5,-143.9,-124.5,-34.4,-92.9,8.0,66.9,18.0,0.6,0.4,0.5,-131.5,0.0,38.8,-39.4,8.0,96.7,18.0,0.6,0.4,0.5,-43.0,-22.2,-4.7,-23.9,8.0,20.8,18.0,0.6,0.4,0.5,-33.1,0.0,7.2,-8.9,8.0,20.0,18.0,0.6,0.4,0.5,207.0,804.5,1076.0,807.5,8.0,571.5,18.0,0.6,0.4,0.5,205.0,805.0,1075.0,805.0,8.0,570.0,18.0,0.6,0.4,0.5
1974,2,312.0,-28.0,24.87,25.75,27.05,25.75,12.0,1.61,16.0,0.6,0.6,0.6,23.15,26.4,27.63,25.56,12.0,2.39,16.0,0.6,0.6,0.6,15.09,17.02,18.74,16.85,10.0,2.01,16.0,0.7,0.6,0.6,73.6,83.3,92.5,83.3,10.0,8.6,16.0,0.7,0.6,1.97,3.6,8.17,4.81,10.0,3.67,14.0,0.6,0.7,0.6,-7.12,-1.31,0.29,-2.7,10.0,4.89,14.0,0.6,0.7,0.6,-3.51,0.0,0.95,-0.94,10.0,2.48,14.0,0.6,0.7,0.6,1006.91,1012.35,1015.11,1010.95,12.0,4.75,16.0,0.6,0.6,0.6,3.0,7.0,8.0,5.7,11.0,2.4,16.0,0.6,0.6,0.6,-61.1,-2.6,0.4,-25.3,10.0,54.3,14.0,0.6,0.7,0.6,-18.5,0.0,1.4,-5.8,10.0,11.8,14.0,0.6,0.7,0.6,-1.13,-0.2,2.2,0.19,12.0,1.92,16.0,0.6,0.6,0.6,-4.6,-1.4,6.2,1.2,10.0,10.1,14.0,0.6,0.7,0.6,1.73,3.55,6.21,3.94,10.0,2.23,16.0,0.7,0.6,0.6,5.0,13.4,34.4,17.7,8.0,14.6,14.0,0.8,0.6,0.6,-160.2,-35.3,7.9,-64.0,10.0,112.8,14.0,0.6,0.7,0.6,-91.6,0.0,25.8,-25.1,10.0,65.5,14.0,0.6,0.7,0.6,-118.0,-41.6,0.0,-58.7,8.0,75.9,14.0,0.8,0.6,0.6,-34.3,0.0,23.6,-10.9,8.0,44.0,14.0,0.8,0.6,0.6,-34.1,-7.6,0.0,-13.8,8.0,16.9,14.0,0.8,0.6,0.6,-12.3,0.0,1.3,-3.3,8.0,7.4,14.0,0.8,0.6,0.6,9.5,49.5,630.5,329.0,10.0,609.0,14.0,0.6,0.7,0.6,10.0,50.0,630.0,330.0,10.0,610.0,14.0,0.6,0.7,0.6
1974,2,312.0,-27.0,23.9,26.0,27.0,25.44,13.0,1.72,16.0,0.2,0.5,0.4,24.93,25.5,27.0,25.55,13.0,1.0,16.0,0.2,0.5,0.4,14.04,15.97,17.45,15.8,11.0,1.61,16.0,0.3,0.5,0.4,74.0,75.7,81.6,77.1,11.0,5.8,16.0,0.3,0.4,4.1,4.6,6.29,5.83,11.0,3.51,16.0,0.3,0.5,0.4,-4.28,-2.85,1.77,-1.8,11.0,3.44,16.0,0.3,0.5,0.4,-1.96,0.0,5.5,2.26,11.0,5.35,16.0,0.3,0.5,0.4,1011.18,1013.7,1014.33,1012.82,13.0,2.39,16.0,0.2,0.5,0.4,3.6,7.0,8.0,5.8,11.0,2.4,16.0,0.3,0.5,0.4,-18.5,-15.8,9.7,-2.8,11.0,32.9,16.0,0.3,0.5,0.4,-7.5,0.0,33.9,28.2,11.0,72.6,16.0,0.3,0.5,0.4,-2.55,0.5,1.82,-0.12,13.0,1.95,16.0,0.2,0.5,0.4,-14.7,1.8,9.1,-0.9,11.0,11.5,16.0,0.3,0.5,0.4,1.93,5.21,6.6,4.7,11.0,2.49,16.0,0.3,0.5,0.4,8.0,17.5,34.6,20.8,9.0,12.6,16.0,0.3,0.5,0.4,-111.9,-69.0,44.7,-47.1,11.0,87.7,16.0,0.3,0.5,0.4,-51.7,0.0,136.4,56.5,11.0,134.8,16.0,0.3,0.5,0.4,-61.5,-39.9,6.7,-34.2,9.0,38.0,16.0,0.3,0.5,0.4,-38.7,0.0,68.9,17.1,9.0,57.1,16.0,0.3,0.5,0.4,-23.3,-7.2,3.2,-10.2,9.0,14.4,16.0,0.3,0.5,0.4,-13.3,0.0,14.9,1.3,9.0,17.9,16.0,0.3,0.5,0.4,69.0,97.5,251.0,486.5,11.0,1200.0,16.0,0.3,0.5,0.4,70.0,95.0,250.0,485.0,11.0,1200.0,16.0,0.3,0.5,0.4
1974,2,312.0,-26.0,26.27,26.75,27.0,26.66,10.0,0.38,14.0,0.8,0.8,0.4,25.47,26.7,28.79,26.77,10.0,2.43,14.0,0.8,0.8,0.4,17.5,18.81,19.73,18.63,9.0,1.31,14.0,0.8,0.8,0.4,75.3,81.0,90.3,82.1,9.0,7.3,14.0,0.8,0.4,2.6,4.9,7.27,4.74,10.0,2.6,14.0,0.8,0.8,0.4,-6.81,0.36,1.0,-1.99,10.0,3.84,14.0,0.8,0.8,0.4,-1.45,0.0,4.54,1.08,10.0,3.36,14.0,0.8,0.8,0.4,1009.73,1011.8,1013.08,1011.37,9.0,1.83,14.0,0.8,0.8,0.4,3.0,5.5,6.6,4.8,10.0,2.3,14.0,0.8,0.8,0.4,-47.6,1.2,5.1,-14.8,10.0,28.1,14.0,0.8,0.8,0.4,-6.1,0.0,24.4,6.6,10.0,19.4,14.0,0.8,0.8,0.4,-1.79,-0.05,1.09,-0.11,10.0,2.56,14.0,0.8,0.8,0.4,-8.0,-1.0,4.3,-0.2,10.0,19.2,14.0,0.8,0.8,0.4,2.55,3.11,4.61,3.21,9.0,1.31,14.0,0.8,0.8,0.4,5.3,12.8,23.4,13.6,9.0,10.3,14.0,0.8,0.8,0.4,-165.0,9.1,27.7,-50.9,10.0,101.6,14.0,0.8,0.8,0.4,-37.2,0.0,124.9,31.6,10.0,91.8,14.0,0.8,0.8,0.4,-93.3,13.7,18.5,-25.5,9.0,66.1,14.0,0.8,0.8,0.4,-26.6,0.0,91.2,21.2,9.0,63.7,14.0,0.8,0.8,0.4,-12.0,2.2,4.0,-1.9,9.0,7.9,14.0,0.8,0.8,0.4,-7.1,0.0,20.5,5.2,9.0,14.7,14.0,0.8,0.8,0.4,17.5,127.0,390.0,188.5,10.0,196.5,14.0,0.8,0.8,0.4,20.0,125.0,390.0,190.0,10.0,195.0,14.0,0.8,0.8,0.4
1974,2,312.0,-1.0,26.6,26.6,26.6,26.6,3.0,0.0,16.0,0.7,0.7,0.7,26.29,26.9,28.09,27.18,4.0,1.19,14.0,0.5,0.7,0.7,17.55,17.86,18.41,17.98,4.0,0.52,14.0,0.5,0.7,0.7,77.1,81.7,82.6,80.0,4.0,4.4,14.0,0.5,0.7,3.69,5.1,7.57,5.44,5.0,2.38,16.0,0.4,0.8,0.6,-6.25,-5.02,-2.54,-4.46,5.0,2.0,16.0,0.4,0.8,0.6,-4.21,-3.52,-0.34,-2.51,5.0,2.42,16.0,0.4,0.8,0.6,1009.46,1010.6,1012.33,1010.76,5.0,1.87,16.0,0.4,0.8,0.6,7.5,8.0,8.0,7.8,4.0,0.5,14.0,0.5,0.8,0.6,-47.3,-25.6,-10.0,-27.9,5.0,20.2,16.0,0.4,0.8,0.6,-32.2,-16.2,0.2,-16.6,5.0,19.0,16.0,0.4,0.8,0.6,-1.72,-0.7,0.12,-0.8,3.0,1.35,16.0,0.7,0.7,0.7,-9.3,-5.0,1.2,-4.1,3.0,7.7,16.0,0.7,0.7,0.7,3.3,3.61,4.06,3.68,3.0,0.56,16.0,0.7,0.7,0.7,19.8,22.8,31.1,25.4,3.0,8.6,16.0,0.7,0.7,0.7,-167.2,-154.3,-109.9,-139.3,4.0,42.1,14.0,0.5,0.7,0.7,-118.9,-95.8,-31.1,-75.9,4.0,70.5,14.0,0.5,0.7,0.7,-113.4,-100.8,-70.6,-92.4,4.0,29.0,14.0,0.5,0.7,0.7,-80.4,-64.5,-21.0,-51.3,4.0,46.9,14.0,0.5,0.7,0.7,-24.6,-19.7,-18.6,-21.6,3.0,4.6,16.0,0.7,0.7,0.7,-19.0,-11.4,-1.4,-10.2,3.0,12.9,16.0,0.7,0.7,0.7,65.0,132.5,438.5,233.0,5.0,223.5,16.0,0.4,0.8,0.6,65.0,135.0,440.0,235.0,5.0,225.0,16.0,0.4,0.8,0.6
1974,2,312.0,0.0,26.61,26.85,27.09,26.85,2.0,0.49,22.0,0.5,0.3,0.3,26.7,26.9,27.1,26.9,2.0,0.42,22.0,0.5,0.3,0.3,17.92,18.68,19.44,18.68,2.0,1.58,22.0,0.5,0.3,0.3,81.8,84.2,86.7,84.2,2.0,5.1,22.0,0.5,0.3,7.78,7.95,8.12,7.95,2.0,0.35,22.0,0.5,0.3,0.3,-7.31,-6.49,-5.66,-6.49,2.0,1.72,22.0,0.5,0.3,0.3,-5.28,-3.14,-1.0,-3.14,2.0,4.44,22.0,0.5,0.3,0.3,1010.29,1010.9,1011.51,1010.9,2.0,1.27,22.0,0.5,0.3,0.3,5.5,6.5,7.5,6.5,2.0,2.1,22.0,0.5,0.3,0.3,-56.7,-51.3,-45.8,-51.3,2.0,11.4,22.0,0.5,0.3,0.3,-43.3,-25.8,-8.2,-25.8,2.0,36.4,22.0,0.5,0.3,0.3,-0.08,-0.05,-0.02,-0.05,2.0,0.07,22.0,0.5,0.3,0.3,-0.7,-0.4,-0.1,-0.4,2.0,0.6,22.0,0.5,0.3,0.3,3.01,3.47,3.93,3.47,2.0,0.96,22.0,0.5,0.3,0.3,23.5,27.7,32.0,27.7,2.0,8.8,22.0,0.5,0.3,0.3,-198.5,-174.8,-151.2,-174.8,2.0,49.0,22.0,0.5,0.3,0.3,-140.6,-83.5,-26.5,-83.5,2.0,118.2,22.0,0.5,0.3,0.3,-143.0,-122.5,-102.1,-122.5,2.0,42.3,22.0,0.5,0.3,0.3,-92.8,-55.2,-17.5,-55.2,2.0,78.0,22.0,0.5,0.3,0.3,-21.8,-21.7,-21.6,-21.7,2.0,0.2,22.0,0.5,0.3,0.3,-21.9,-13.0,-4.1,-13.0,2.0,18.4,22.0,0.5,0.3,0.3,471.5,504.0,536.5,504.0,2.0,67.0,22.0,0.5,0.3,0.3,470.0,505.0,535.0,505.0,2.0,65.0,22.0,0.5,0.3,0.3
1974,2,312.0,2.0,26.0,26.85,28.28,27.13,4.0,1.37,18.0,0.0,0.4,0.8,25.74,26.0,27.47,26.58,4.0,1.5,18.0,0.0,0.4,0.8,18.23,18.63,18.64,18.44,3.0,0.34,18.0,0.0,0.4,0.8,88.4,88.7,88.7,88.6,3.0,0.3,18.0,0.0,0.8,7.94,8.75,11.19,9.53,4.0,2.35,18.0,0.0,0.4,0.8,-9.34,-6.42,-3.97,-6.64,4.0,3.12,18.0,0.0,0.4,0.8,-7.73,-6.88,-4.84,-6.31,4.0,2.2,18.0,0.0,0.4,0.8,1008.86,1010.9,1011.52,1010.23,4.0,2.15,18.0,0.0,0.4,0.8,6.5,7.5,8.0,7.3,4.0,1.0,18.0,0.0,0.4,0.8,-105.5,-57.4,-31.5,-68.0,4.0,46.1,18.0,0.0,0.4,0.8,-83.8,-54.8,-39.9,-61.5,4.0,32.7,18.0,0.0,0.4,0.8,-0.58,0.0,1.73,0.55,4.0,1.91,18.0,0.0,0.4,0.8,-5.4,0.0,22.3,8.1,4.0,23.5,18.0,0.0,0.4,0.8,2.39,2.4,5.47,3.9,3.0,2.6,18.0,0.0,0.4,0.8,18.8,19.6,67.0,42.4,3.0,40.4,18.0,0.0,0.4,0.8,-251.8,-179.1,-103.2,-177.6,4.0,85.8,18.0,0.0,0.4,0.8,-198.7,-179.0,-130.5,-165.3,4.0,51.6,18.0,0.0,0.4,0.8,-146.0,-76.4,-73.3,-108.9,3.0,60.2,18.0,0.0,0.4,0.8,-144.2,-132.3,-126.9,-135.4,3.0,12.9,18.0,0.0,0.4,0.8,-49.7,-9.8,-9.4,-29.1,3.0,33.9,18.0,0.0,0.4,0.8,-44.5,-17.0,-16.3,-30.1,3.0,23.5,18.0,0.0,0.4,0.8,501.5,678.0,1507.5,989.5,4.0,785.0,18.0,0.0,0.4,0.8,500.0,680.0,1510.0,990.0,4.0,785.0,18.0,0.0,0.4,0.8
1974,2,312.0,3.0,26.86,27.0,28.23,27.53,3.0,1.1,18.0,0.3,0.5,0.1,25.53,25.6,26.08,25.8,3.0,0.44,22.0,0.0,0.5,0.3,17.21,18.66,18.88,18.06,3.0,1.33,22.0,0.0,0.5,0.3,83.5,88.8,90.2,86.9,3.0,5.2,22.0,0.0,0.3,6.65,8.7,11.57,9.1,3.0,3.62,16.0,0.3,0.6,0.4,-10.39,-6.66,-5.48,-7.91,3.0,3.75,16.0,0.3,0.6,0.4,-5.22,-4.41,-3.35,-4.28,3.0,1.38,16.0,0.3,0.6,0.4,1008.01,1009.5,1011.09,1009.55,4.0,1.96,18.0,0.3,0.5,0.3,4.6,8.0,8.0,6.3,3.0,2.9,20.0,0.3,0.7,0.3,-125.1,-58.0,-37.6,-80.8,3.0,67.1,16.0,0.3,0.6,0.4,-54.3,-48.7,-26.5,-40.6,3.0,21.5,16.0,0.3,0.6,0.4,0.93,1.85,2.77,1.85,2.0,1.91,22.0,0.0,0.3,0.1,18.2,18.2,18.2,18.2,1.0,0.0,16.0,0.0,0.2,0.2,3.58,4.65,5.72,4.65,2.0,2.21,22.0,0.0,0.3,0.1,35.4,35.4,35.4,35.4,1.0,0.0,16.0,0.0,0.2,0.2,-163.0,-148.2,-133.3,-148.2,2.0,30.8,20.0,0.0,0.4,0.4,-131.6,-107.8,-84.0,-107.8,2.0,49.2,20.0,0.0,0.4,0.4,-107.3,-101.2,-95.0,-101.2,2.0,12.8,20.0,0.0,0.4,0.4,-86.2,-72.8,-59.4,-72.8,2.0,27.8,20.0,0.0,0.4,0.4,-30.7,-30.7,-30.7,-30.7,1.0,0.0,16.0,0.0,0.2,0.2,-17.7,-17.7,-17.7,-17.7,1.0,0.0,16.0,0.0,0.2,0.2,335.5,658.5,1674.5,997.0,3.0,1023.5,16.0,0.3,0.6,0.4,335.0,660.0,1675.0,995.0,3.0,1025.0,16.0,0.3,0.6,0.4
1974,2,312.0,4.0,26.13,26.4,26.81,26.47,3.0,0.5,14.0,0.3,0.5,0.2,25.22,25.7,26.04,25.63,3.0,0.6,14.0,0.3,0.5,0.2,16.52,16.55,16.57,16.55,2.0,0.04,18.0,0.5,0.4,0.3,78.1,79.1,80.1,79.1,2.0,2.0,18.0,0.5,0.3,8.11,9.0,9.89,9.0,2.0,1.84,18.0,0.5,0.4,0.3,-8.93,-7.31,-5.7,-7.31,2.0,3.34,18.0,0.5,0.4,0.3,-5.52,-4.71,-3.9,-4.71,2.0,1.68,18.0,0.5,0.4,0.3,1009.01,1010.1,1011.74,1010.37,3.0,2.01,14.0,0.3,0.5,0.2,5.0,7.0,7.7,6.3,3.0,2.1,14.0,0.3,0.5,0.2,-89.9,-68.9,-47.9,-68.9,2.0,43.5,18.0,0.5,0.4,0.3,-44.0,-40.9,-37.7,-40.9,2.0,6.5,18.0,0.5,0.4,0.3,0.23,0.3,1.46,0.83,3.0,1.01,14.0,0.3,0.5,0.2,1.8,2.3,2.8,2.3,2.0,1.1,18.0,0.5,0.4,0.3,4.54,4.75,4.96,4.75,2.0,0.44,18.0,0.5,0.4,0.3,40.0,42.3,44.6,42.3,2.0,4.8,18.0,0.5,0.4,0.3,-229.8,-189.2,-148.6,-189.2,2.0,84.2,18.0,0.5,0.4,0.3,-144.4,-122.5,-100.7,-122.5,2.0,45.3,18.0,0.5,0.4,0.3,-148.0,-121.1,-94.2,-121.1,2.0,55.7,18.0,0.5,0.4,0.3,-91.2,-77.9,-64.6,-77.9,2.0,27.6,18.0,0.5,0.4,0.3,-40.1,-34.0,-27.9,-34.0,2.0,12.7,18.0,0.5,0.4,0.3,-27.6,-22.7,-17.9,-22.7,2.0,10.1,18.0,0.5,0.4,0.3,557.5,774.5,992.0,774.5,2.0,450.0,18.0,0.5,0.4,0.3,555.0,775.0,990.0,775.0,2.0,450.0,18.0,0.5,0.4,0.3
1974,2,312.0,5.0,25.71,26.7,28.1,26.9,4.0,1.74,14.0,0.8,0.8,0.5,26.4,26.55,27.33,26.85,4.0,0.78,14.0,0.8,0.8,0.5,16.27,16.56,16.81,16.54,3.0,0.4,10.0,0.7,1.0,0.6,75.5,75.9,77.5,76.5,3.0,1.5,10.0,0.7,0.6,7.89,10.8,12.3,10.22,5.0,2.25,14.0,0.6,0.8,0.5,-10.66,-9.42,-6.47,-8.7,5.0,2.53,14.0,0.6,0.8,0.5,-6.78,-4.21,-3.31,-4.91,5.0,2.1,14.0,0.6,0.8,0.5,1008.07,1009.3,1011.79,1009.9,4.0,2.59,14.0,0.8,0.8,0.5,4.6,6.0,8.0,6.2,5.0,1.8,14.0,0.6,0.8,0.5,-125.5,-109.6,-50.4,-92.9,5.0,42.7,14.0,0.6,0.8,0.5,-68.4,-49.0,-32.7,-51.6,5.0,28.3,14.0,0.6,0.8,0.5,-0.73,0.15,0.82,0.05,4.0,1.05,14.0,0.8,0.8,0.5,-5.8,1.8,7.4,0.8,4.0,8.5,14.0,0.8,0.8,0.5,4.2,5.2,5.27,4.75,3.0,0.88,10.0,0.7,1.0,0.6,39.9,64.0,64.9,52.7,3.0,20.8,10.0,0.7,1.0,0.6,-280.0,-220.0,-166.0,-222.9,4.0,71.1,14.0,0.8,0.8,0.5,-191.5,-141.7,-89.6,-140.6,4.0,62.2,14.0,0.8,0.8,0.5,-181.3,-159.5,-130.3,-155.9,3.0,37.4,10.0,0.7,1.0,0.6,-113.5,-69.7,-51.1,-82.0,3.0,46.9,10.0,0.7,1.0,0.6,-56.9,-50.0,-34.3,-45.7,3.0,17.0,10.0,0.7,1.0,0.6,-35.6,-21.9,-13.6,-24.5,3.0,16.2,10.0,0.7,1.0,0.6,491.5,1259.5,1861.0,1190.0,5.0,689.5,14.0,0.6,0.8,0.5,490.0,1260.0,1860.0,1190.0,5.0,690.0,14.0,0.6,0.8,0.5
1974,2,312.0,6.0,25.66,26.8,26.99,26.65,14.0,0.64,16.0,0.4,0.5,0.5,25.5,25.8,26.0,25.75,14.0,0.47,16.0,0.3,0.5,0.5,14.66,15.49,18.43,16.14,9.0,2.09,16.0,0.3,0.5,0.5,69.2,75.6,89.3,78.0,9.0,9.4,16.0,0.3,0.5,10.01,10.9,13.96,11.56,10.0,1.88,16.0,0.5,0.6,0.3,-11.29,-8.64,-6.81,-8.96,10.0,2.42,16.0,0.5,0.6,0.3,-8.78,-7.04,-4.03,-6.54,10.0,3.08,16.0,0.5,0.6,0.3,1008.84,1009.9,1012.14,1010.21,13.0,1.74,14.0,0.5,0.6,0.5,4.5,8.0,8.0,6.6,17.0,1.6,16.0,0.4,0.6,0.4,-149.6,-89.9,-72.3,-106.5,10.0,44.2,16.0,0.5,0.6,0.3,-102.4,-78.1,-47.2,-77.2,10.0,40.7,16.0,0.5,0.6,0.3,0.4,1.0,1.83,1.12,12.0,0.72,16.0,0.3,0.5,0.5,9.6,14.2,25.7,16.6,6.0,9.3,18.0,0.3,0.5,0.4,2.98,6.99,7.47,6.0,8.0,2.45,16.0,0.4,0.5,0.5,61.7,90.6,104.8,83.1,6.0,32.5,18.0,0.3,0.5,0.4,-302.7,-233.1,-179.1,-242.1,7.0,65.7,18.0,0.4,0.5,0.4,-217.9,-179.1,-117.2,-164.8,7.0,86.5,18.0,0.4,0.5,0.4,-202.8,-157.4,-119.1,-158.0,6.0,44.8,18.0,0.3,0.5,0.4,-127.9,-107.7,-58.5,-93.2,6.0,51.5,18.0,0.3,0.5,0.4,-87.3,-65.6,-47.6,-65.1,6.0,25.3,18.0,0.3,0.5,0.4,-69.1,-47.5,-27.4,-47.4,6.0,30.4,18.0,0.3,0.5,0.4,1006.0,1295.5,2719.0,1658.0,10.0,826.5,16.0,0.5,0.6,0.3,1005.0,1295.0,2720.0,1660.0,10.0,825.0,16.0,0.5,0.6,0.3
1974,2,312.0,7.0,27.53,27.8,27.94,27.73,3.0,0.31,12.0,0.3,0.6,0.4,25.0,25.5,26.63,25.8,4.0,1.05,14.0,0.3,0.5,0.4,15.13,17.44,20.27,17.69,4.0,3.28,14.0,0.3,0.5,0.4,74.2,85.7,95.1,84.7,4.0,12.2,14.0,0.3,0.4,8.2,8.2,8.2,8.2,3.0,0.0,12.0,0.3,0.6,0.4,-8.16,-8.08,-6.16,-7.18,3.0,1.66,12.0,0.3,0.6,0.4,-4.29,0.0,0.97,-1.62,3.0,4.1,12.0,0.3,0.6,0.4,1008.24,1009.75,1011.37,1009.8,4.0,1.82,14.0,0.3,0.5,0.4,3.0,5.0,7.0,5.0,3.0,3.0,10.0,0.3,0.5,0.3,-66.9,-66.2,-50.5,-58.9,3.0,13.6,12.0,0.3,0.6,0.4,-35.2,0.0,8.0,-13.3,3.0,33.6,12.0,0.3,0.6,0.4,1.04,2.0,2.27,1.67,3.0,0.95,12.0,0.3,0.6,0.4,8.6,16.4,18.6,13.7,3.0,7.8,12.0,0.3,0.6,0.4,3.59,7.53,8.37,6.01,3.0,3.74,12.0,0.3,0.6,0.4,29.4,61.8,68.6,49.3,3.0,30.7,12.0,0.3,0.6,0.4,-217.6,-213.2,-157.6,-188.2,3.0,49.0,12.0,0.3,0.6,0.4,-107.2,0.0,26.4,-39.4,3.0,103.7,12.0,0.3,0.6,0.4,-162.2,-133.1,-93.1,-127.7,3.0,50.8,12.0,0.3,0.6,0.4,-60.6,0.0,21.1,-19.2,3.0,62.1,12.0,0.3,0.6,0.4,-56.8,-46.2,-24.3,-40.7,3.0,24.3,12.0,0.3,0.6,0.4,-37.6,0.0,1.7,-17.5,3.0,32.5,12.0,0.3,0.6,0.4,551.5,551.5,551.5,551.5,3.0,0.0,12.0,0.3,0.6,0.4,550.0,550.0,550.0,550.0,3.0,0.0,12.0,0.3,0.6,0.4
1974,2,312.0,8.0,25.7,25.7,25.7,25.7,1.0,0.0,24.0,0.0,0.2,0.3,25.3,25.3,25.3,25.3,1.0,0.0,24.0,0.0,0.2,0.3,13.67,13.67,13.67,13.67,1.0,0.0,24.0,0.0,0.2,0.3,68.1,68.1,68.1,68.1,1.0,0.0,24.0,0.0,0.3,8.2,8.2,8.2,8.2,1.0,0.0,24.0,0.0,0.2,0.3,-5.27,-5.27,-5.27,-5.27,1.0,0.0,24.0,0.0,0.2,0.3,-6.28,-6.28,-6.28,-6.28,1.0,0.0,24.0,0.0,0.2,0.3,1011.9,1011.9,1011.9,1011.9,1.0,0.0,24.0,0.0,0.2,0.3,3.0,3.0,3.0,3.0,1.0,0.0,24.0,0.0,0.2,0.3,-43.2,-43.2,-43.2,-43.2,1.0,0.0,24.0,0.0,0.2,0.3,-51.5,-51.5,-51.5,-51.5,1.0,0.0,24.0,0.0,0.2,0.3,0.4,0.4,0.4,0.4,1.0,0.0,24.0,0.0,0.2,0.3,3.3,3.3,3.3,3.3,1.0,0.0,24.0,0.0,0.2,0.3,6.98,6.98,6.98,6.98,1.0,0.0,24.0,0.0,0.2,0.3,57.2,57.2,57.2,57.2,1.0,0.0,24.0,0.0,0.2,0.3,-133.4,-133.4,-133.4,-133.4,1.0,0.0,24.0,0.0,0.2,0.3,-158.9,-158.9,-158.9,-158.9,1.0,0.0,24.0,0.0,0.2,0.3,-72.1,-72.1,-72.1,-72.1,1.0,0.0,24.0,0.0,0.2,0.3,-85.9,-85.9,-85.9,-85.9,1.0,0.0,24.0,0.0,0.2,0.3,-36.8,-36.8,-36.8,-36.8,1.0,0.0,24.0,0.0,0.2,0.3,-43.8,-43.8,-43.8,-43.8,1.0,0.0,24.0,0.0,0.2,0.3,551.5,551.5,551.5,551.5,1.0,0.0,24.0,0.0,0.2,0.3,550.0,550.0,550.0,550.0,1.0,0.0,24.0,0.0,0.2,0.3
1974,2,312.0,9.0,25.26,25.4,26.29,25.77,3.0,0.81,8.0,0.3,0.6,0.6,24.66,25.0,26.91,25.77,3.0,1.78,8.0,0.3,0.6,0.6,14.87,15.56,16.21,15.54,3.0,0.99,8.0,0.3,0.6,0.6,72.4,76.0,77.7,75.1,3.0,4.0,8.0,0.3,0.6,7.36,7.7,9.47,8.4,3.0,1.66,8.0,0.3,0.6,0.6,-7.22,-7.2,-6.8,-7.02,3.0,0.35,8.0,0.3,0.6,0.6,-6.22,-2.63,-0.84,-3.51,3.0,4.02,8.0,0.3,0.6,0.6,1008.5,1010.0,1012.05,1010.27,3.0,2.61,8.0,0.3,0.6,0.6,2.0,2.0,2.0,2.0,3.0,0.0,8.0,0.3,0.6,0.6,-64.2,-55.7,-53.1,-58.6,3.0,8.5,8.0,0.3,0.6,0.6,-61.9,-20.3,-6.4,-33.8,3.0,42.3,8.0,0.3,0.6,0.6,-0.69,0.2,0.68,0.0,3.0,1.01,8.0,0.3,0.6,0.6,-7.3,1.4,5.2,-1.0,3.0,9.4,8.0,0.3,0.6,0.6,4.84,5.45,5.63,5.24,3.0,0.6,8.0,0.3,0.6,0.6,36.4,44.0,52.3,44.3,3.0,11.7,8.0,0.3,0.6,0.6,-182.8,-180.0,-178.1,-180.4,3.0,3.4,8.0,0.3,0.6,0.6,-170.2,-64.5,-20.5,-94.6,3.0,112.7,8.0,0.3,0.6,0.6,-111.2,-109.3,-106.5,-108.9,3.0,3.4,8.0,0.3,0.6,0.6,-101.1,-38.3,-12.2,-56.2,3.0,67.0,8.0,0.3,0.6,0.6,-39.7,-36.1,-33.9,-36.8,3.0,4.3,8.0,0.3,0.6,0.6,-34.1,-15.1,-4.8,-19.4,3.0,21.8,8.0,0.3,0.6,0.6,399.5,456.5,891.0,641.0,3.0,393.5,8.0,0.3,0.6,0.6,400.0,455.0,890.0,640.0,3.0,395.0,8.0,0.3,0.6,0.6
1974,2,312.0,10.0,,,,,,,,,,,,,,,,,,,,,,,,,,,,,,,,,,,,,,,,11.41,11.65,11.89,11.65,2.0,0.49,18.0,1.0,0.6,0.2,-10.12,-9.52,-8.93,-9.52,2.0,1.23,18.0,1.0,0.6,0.2,-7.06,-6.63,-6.2,-6.63,2.0,0.89,18.0,1.0,0.6,0.2,1013.0,1013.0,1013.0,1013.0,1.0,0.0,12.0,1.0,0.3,0.2,,,,,,,,,,,,,,,,,,,,,,,,,,,,,,,,,,,,,,,,,,,,,,,,,,,,,,,,,,,,,,,,,,,,,,,,,,,,,,,,,,,,,,,,,,,,,,,,,,,,,,,,,,,,,,,,,,,,,,,,,,,,,,,,,,,,,,,,,,,,,,,,,,,,,,
1974,2,312.0,12.0,24.17,24.75,25.33,24.75,2.0,1.2,10.0,0.5,0.7,0.5,25.1,25.3,25.5,25.3,2.0,0.42,10.0,0.5,0.7,0.5,15.29,15.43,15.57,15.43,2.0,0.29,10.0,0.5,0.7,0.5,75.1,76.9,78.6,76.9,2.0,3.6,10.0,0.5,0.5,10.38,10.55,10.72,10.55,2.0,0.35,10.0,0.5,0.7,0.5,-10.14,-8.71,-7.28,-8.71,2.0,2.96,10.0,0.5,0.7,0.5,-6.64,-3.95,-1.25,-3.95,2.0,5.58,10.0,0.5,0.7,0.5,1011.67,1013.1,1014.53,1013.1,2.0,2.97,10.0,0.5,0.7,0.5,2.8,4.5,6.2,4.5,2.0,3.5,10.0,0.5,0.7,0.5,-109.0,-92.4,-75.9,-92.4,2.0,34.3,10.0,0.5,0.7,0.5,-68.4,-40.6,-12.9,-40.6,2.0,57.5,10.0,0.5,0.7,0.5,-1.33,-0.55,0.23,-0.55,2.0,1.63,10.0,0.5,0.7,0.5,-13.7,-5.5,2.7,-5.5,2.0,17.0,10.0,0.5,0.7,0.5,3.55,4.07,4.58,4.07,2.0,1.07,10.0,0.5,0.7,0.5,37.0,43.1,49.2,43.1,2.0,12.7,10.0,0.5,0.7,0.5,-254.0,-219.7,-185.4,-219.7,2.0,71.1,10.0,0.5,0.7,0.5,-169.9,-101.0,-32.1,-101.0,2.0,142.8,10.0,0.5,0.7,0.5,-158.1,-134.8,-111.6,-134.8,2.0,48.2,10.0,0.5,0.7,0.5,-101.0,-60.1,-19.1,-60.1,2.0,84.9,10.0,0.5,0.7,0.5,-47.3,-37.0,-26.7,-37.0,2.0,21.3,10.0,0.5,0.7,0.5,-22.0,-13.1,-4.1,-13.1,2.0,18.5,10.0,0.5,0.7,0.5,1119.0,1176.0,1233.0,1176.0,2.0,118.0,10.0,0.5,0.7,0.5,1120.0,1175.0,1235.0,1175.0,2.0,120.0,10.0,0.5,0.7,0.5
1974,2,312.0,13.0,25.36,25.5,25.57,25.47,3.0,0.15,12.0,0.3,0.8,0.4,23.25,23.8,24.28,23.77,3.0,0.75,12.0,0.3,0.8,0.4,12.89,13.08,13.27,13.08,2.0,0.39,14.0,0.5,1.0,0.5,71.2,73.4,74.2,72.7,3.0,2.3,12.0,0.3,0.4,6.68,7.7,10.84,8.73,3.0,3.18,12.0,0.3,0.8,0.4,-9.76,-5.9,-5.85,-7.76,3.0,3.29,12.0,0.3,0.8,0.4,-4.71,-4.21,-2.78,-3.76,3.0,1.47,12.0,0.3,0.8,0.4,1014.7,1015.35,1016.0,1015.35,2.0,1.34,14.0,0.5,1.0,0.5,2.3,3.0,5.0,3.7,3.0,2.1,12.0,0.3,0.8,0.4,-111.5,-45.4,-39.1,-74.6,3.0,58.7,12.0,0.3,0.8,0.4,-47.4,-38.1,-21.1,-34.3,3.0,19.6,12.0,0.3,0.8,0.4,1.12,1.8,2.28,1.7,3.0,0.85,12.0,0.3,0.8,0.4,11.1,13.9,15.0,13.1,3.0,2.9,12.0,0.3,0.8,0.4,6.84,7.13,7.42,7.13,2.0,0.59,14.0,0.5,1.0,0.5,52.5,64.7,76.9,64.7,2.0,25.3,14.0,0.5,1.0,0.5,-237.9,-140.4,-136.0,-185.9,3.0,84.3,12.0,0.3,0.8,0.4,-113.1,-103.1,-66.0,-89.9,3.0,36.4,12.0,0.3,0.8,0.4,-141.7,-114.5,-87.3,-114.5,2.0,56.4,14.0,0.5,1.0,0.5,-51.6,-41.7,-31.8,-41.7,2.0,20.5,14.0,0.5,1.0,0.5,-72.2,-60.8,-49.3,-60.8,2.0,23.8,14.0,0.5,1.0,0.5,-26.3,-22.1,-17.9,-22.1,2.0,8.6,14.0,0.5,1.0,0.5,307.5,456.5,1415.0,852.0,3.0,880.5,12.0,0.3,0.8,0.4,310.0,455.0,1415.0,850.0,3.0,880.0,12.0,0.3,0.8,0.4
1974,2,312.0,14.0,24.7,24.7,25.28,24.93,6.0,0.38,24.0,0.3,0.4,0.5,22.8,23.6,24.02,23.48,5.0,0.69,24.0,0.4,0.4,0.6,11.72,12.71,13.7,12.71,2.0,2.05,18.0,0.5,0.4,0.8,66.9,70.0,73.2,70.0,2.0,6.4,18.0,0.5,0.8,10.25,10.8,12.23,11.23,3.0,1.5,22.0,0.3,0.4,0.7,-12.18,-10.64,-9.79,-10.98,3.0,1.78,22.0,0.3,0.4,0.7,-2.33,0.0,1.28,-0.51,3.0,2.69,22.0,0.3,0.4,0.7,1014.73,1015.0,1015.41,1015.07,3.0,0.5,22.0,0.3,0.4,0.7,3.0,4.0,6.0,4.3,6.0,1.5,24.0,0.3,0.4,0.5,-150.1,-114.9,-100.6,-125.1,3.0,37.3,22.0,0.3,0.4,0.7,-23.3,0.0,13.8,-4.6,3.0,27.5,22.0,0.3,0.4,0.7,1.16,1.4,1.9,1.5,5.0,0.38,24.0,0.4,0.4,0.6,16.0,17.2,18.4,17.2,2.0,2.5,18.0,0.5,0.4,0.8,6.59,7.21,7.83,7.21,2.0,1.28,18.0,0.5,0.4,0.8,81.2,81.3,81.3,81.3,2.0,0.2,18.0,0.5,0.4,0.8,-298.8,-264.5,-230.2,-264.5,2.0,71.1,18.0,0.5,0.4,0.8,-65.6,-39.0,-12.4,-39.0,2.0,55.1,18.0,0.5,0.4,0.8,-170.4,-144.2,-118.0,-144.2,2.0,54.3,18.0,0.5,0.4,0.8,-32.4,-19.2,-6.1,-19.2,2.0,27.2,18.0,0.5,0.4,0.8,-80.6,-78.8,-77.1,-78.8,2.0,3.6,18.0,0.5,0.4,0.8,-23.3,-13.9,-4.4,-13.9,2.0,19.6,18.0,0.5,0.4,0.8,1082.5,1259.5,1865.0,1469.0,3.0,601.5,22.0,0.3,0.4,0.7,1080.0,1260.0,1865.0,1470.0,3.0,600.0,22.0,0.3,0.4,0.7
1974,2,312.0,15.0,24.47,24.6,24.76,24.69,7.0,0.64,18.0,0.7,0.5,0.5,23.75,23.8,24.21,23.84,7.0,0.53,18.0,0.7,0.5,0.5,12.03,12.61,13.16,12.62,6.0,0.96,18.0,0.7,0.5,0.5,64.6,67.0,72.8,68.9,6.0,7.1,18.0,0.7,0.5,5.47,9.55,10.51,8.5,6.0,2.7,18.0,0.7,0.5,0.5,-9.79,-8.7,-5.47,-7.94,6.0,2.27,18.0,0.7,0.5,0.5,-4.02,-0.85,0.0,-2.02,6.0,2.87,18.0,0.7,0.5,0.5,1013.32,1014.95,1016.77,1015.05,6.0,1.73,18.0,0.7,0.5,0.5,2.8,4.0,6.0,4.2,6.0,1.6,18.0,0.8,0.5,0.4,-99.5,-87.9,-30.2,-72.2,6.0,36.2,18.0,0.7,0.5,0.5,-40.4,-8.3,0.0,-21.4,6.0,32.1,18.0,0.7,0.5,0.5,0.3,0.8,1.14,0.84,7.0,0.6,18.0,0.7,0.5,0.5,2.7,5.5,13.7,7.7,6.0,6.7,18.0,0.7,0.5,0.5,5.86,6.71,8.12,6.77,6.0,1.51,18.0,0.7,0.5,0.5,35.4,59.9,78.7,57.4,6.0,22.2,18.0,0.7,0.5,0.5,-233.7,-203.6,-133.4,-189.2,6.0,53.9,18.0,0.7,0.5,0.5,-94.8,-20.3,0.0,-47.1,6.0,65.7,18.0,0.7,0.5,0.5,-123.1,-108.1,-70.6,-99.6,6.0,27.1,18.0,0.7,0.5,0.5,-52.3,-9.6,0.0,-26.8,6.0,40.3,18.0,0.7,0.5,0.5,-75.9,-54.2,-35.4,-54.5,6.0,22.3,18.0,0.7,0.5,0.5,-28.3,-6.8,0.0,-12.1,6.0,14.5,18.0,0.7,0.5,0.5,167.0,873.0,1165.0,760.5,6.0,525.5,18.0,0.7,0.5,0.5,165.0,875.0,1165.0,760.0,6.0,525.0,18.0,0.7,0.5,0.5
1974,2,312.0,16.0,23.9,24.35,25.1,24.5,6.0,0.67,14.0,0.5,0.7,0.4,22.99,23.75,24.06,23.53,6.0,0.76,14.0,0.5,0.7,0.4,12.3,12.8,12.97,12.64,6.0,0.64,14.0,0.5,0.7,0.4,68.6,70.2,72.4,70.3,6.0,2.4,14.0,0.5,0.4,6.77,9.3,9.82,8.67,6.0,2.28,14.0,0.5,0.7,0.4,-9.19,-9.1,-6.68,-8.14,6.0,1.71,14.0,0.5,0.7,0.4,-2.85,0.0,1.33,-1.06,6.0,3.39,14.0,0.5,0.7,0.4,1015.07,1015.9,1016.43,1015.9,6.0,1.27,14.0,0.5,0.7,0.4,2.8,5.5,7.2,5.2,6.0,2.3,14.0,0.5,0.7,0.4,-90.7,-85.2,-45.9,-73.4,6.0,29.3,14.0,0.5,0.7,0.4,-30.4,0.0,10.2,-13.4,6.0,38.6,14.0,0.5,0.7,0.4,-0.08,1.1,1.82,0.97,6.0,1.02,14.0,0.5,0.7,0.4,-0.6,7.7,20.3,9.0,6.0,10.1,14.0,0.5,0.7,0.4,5.87,6.47,7.07,6.51,6.0,0.64,14.0,0.5,0.7,0.4,40.6,56.5,72.0,56.8,6.0,17.7,14.0,0.5,0.7,0.4,-220.5,-206.6,-161.5,-191.4,6.0,39.6,14.0,0.5,0.7,0.4,-65.5,0.0,31.8,-23.2,6.0,76.1,14.0,0.5,0.7,0.4,-119.2,-110.5,-83.9,-102.9,6.0,22.4,14.0,0.5,0.7,0.4,-34.4,0.0,16.7,-11.9,6.0,39.6,14.0,0.5,0.7,0.4,-64.1,-56.0,-40.1,-53.1,6.0,13.2,14.0,0.5,0.7,0.4,-18.3,0.0,8.3,-7.1,6.0,23.6,14.0,0.5,0.7,0.4,323.5,804.5,977.5,760.5,6.0,515.5,14.0,0.5,0.7,0.4,325.0,805.0,980.0,760.0,6.0,515.0,14.0,0.5,0.7,0.4
1974,2,312.0,17.0,23.44,24.4,24.47,23.97,3.0,0.84,20.0,0.7,0.2,0.4,23.2,24.5,24.84,24.03,3.0,1.27,20.0,0.7,0.2,0.4,11.48,11.89,12.3,11.89,2.0,0.85,24.0,1.0,0.3,0.4,60.1,61.5,62.9,61.5,2.0,2.8,24.0,1.0,0.4,7.5,10.3,11.46,9.5,3.0,2.98,20.0,0.7,0.2,0.4,-10.77,-9.68,-6.74,-8.77,3.0,3.06,20.0,0.7,0.2,0.4,-3.92,-3.52,-3.23,-3.58,3.0,0.5,20.0,0.7,0.2,0.4,1015.12,1018.6,1018.74,1016.97,3.0,3.0,20.0,0.7,0.2,0.4,4.6,6.0,6.7,5.7,3.0,1.5,20.0,0.7,0.2,0.4,-124.0,-99.7,-54.4,-89.4,3.0,51.8,20.0,0.7,0.2,0.4,-45.1,-36.3,-24.6,-34.9,3.0,15.1,20.0,0.7,0.2,0.4,-0.37,-0.1,0.24,-0.07,3.0,0.45,20.0,0.7,0.2,0.4,-3.7,-0.6,3.1,-0.3,3.0,5.0,20.0,0.7,0.2,0.4,6.84,7.18,7.51,7.18,2.0,0.7,24.0,1.0,0.3,0.4,50.9,58.2,65.5,58.2,2.0,15.0,24.0,1.0,0.3,0.4,-250.8,-242.0,-166.6,-209.5,3.0,67.8,20.0,0.7,0.2,0.4,-91.3,-88.1,-79.8,-85.6,3.0,8.7,20.0,0.7,0.2,0.4,-111.4,-90.8,-70.2,-90.8,2.0,42.6,24.0,1.0,0.3,0.4,-42.6,-39.5,-36.4,-39.5,2.0,6.4,24.0,1.0,0.3,0.4,-60.9,-52.9,-44.9,-52.9,2.0,16.6,24.0,1.0,0.3,0.4,-23.7,-23.7,-23.6,-23.7,2.0,0.2,24.0,1.0,0.3,0.4,509.5,1092.5,1526.5,1019.5,3.0,747.5,20.0,0.7,0.2,0.4,510.0,1095.0,1525.0,1020.0,3.0,750.0,20.0,0.7,0.2,0.4
1974,2,312.0,18.0,24.48,25.0,25.52,25.0,4.0,0.82,18.0,0.8,0.7,0.8,24.56,24.6,25.37,24.9,5.0,0.46,16.0,0.8,0.7,0.8,11.73,12.77,13.7,12.7,5.0,1.07,16.0,0.8,0.7,0.8,61.5,66.7,68.1,65.1,5.0,4.0,16.0,0.8,0.8,6.57,10.8,11.35,9.24,5.0,3.09,16.0,0.8,0.7,0.8,-11.18,-9.35,-5.89,-8.66,5.0,3.05,16.0,0.8,0.7,0.8,-4.42,-1.88,0.27,-1.96,5.0,2.9,16.0,0.8,0.7,0.8,1016.66,1017.5,1019.29,1017.86,5.0,1.93,16.0,0.8,0.7,0.8,2.6,4.0,4.7,3.8,5.0,1.5,16.0,0.8,0.7,0.8,-127.3,-101.0,-40.2,-87.4,5.0,51.1,16.0,0.8,0.7,0.8,-40.1,-20.3,7.3,-17.1,5.0,31.3,16.0,0.8,0.7,0.8,-0.46,0.05,0.45,0.0,4.0,0.54,18.0,0.8,0.7,0.8,-3.2,0.8,4.9,0.8,4.0,4.7,18.0,0.8,0.7,0.8,6.16,6.74,7.14,6.65,4.0,0.64,18.0,0.8,0.7,0.8,49.8,73.1,77.1,63.9,4.0,22.7,18.0,0.8,0.7,0.8,-284.1,-230.1,-144.4,-216.5,5.0,79.3,16.0,0.8,0.7,0.8,-108.4,-47.8,7.3,-48.1,5.0,71.7,16.0,0.8,0.7,0.8,-153.1,-119.4,-67.6,-112.3,5.0,47.1,16.0,0.8,0.7,0.8,-52.8,-25.6,4.7,-23.6,5.0,37.0,16.0,0.8,0.7,0.8,-74.4,-67.6,-46.4,-60.7,4.0,21.4,18.0,0.8,0.7,0.8,-26.1,-9.5,4.0,-11.0,4.0,20.7,18.0,0.8,0.7,0.8,325.5,1259.5,1479.5,987.0,5.0,704.5,16.0,0.8,0.7,0.8,325.0,1260.0,1480.0,985.0,5.0,705.0,16.0,0.8,0.7,0.8
1974,2,312.0,19.0,24.0,24.5,25.19,24.65,6.0,0.72,16.0,1.0,0.5,0.6,22.48,23.85,25.62,24.22,6.0,2.13,16.0,1.0,0.5,0.6,12.1,13.65,13.77,13.0,5.0,1.21,16.0,1.0,0.4,0.6,64.5,75.2,78.8,71.3,5.0,13.9,16.0,1.0,0.6,4.85,6.2,7.97,6.46,5.0,1.89,18.0,1.0,0.5,0.6,-7.15,-4.33,-3.82,-5.23,5.0,1.78,18.0,1.0,0.5,0.6,-5.2,0.0,2.67,-1.05,5.0,4.11,18.0,1.0,0.5,0.6,1015.54,1018.35,1019.92,1017.63,6.0,2.75,16.0,1.0,0.5,0.6,2.4,6.0,7.0,4.8,6.0,2.8,16.0,1.0,0.5,0.6,-57.1,-24.7,-19.7,-36.1,5.0,21.7,18.0,1.0,0.5,0.6,-39.0,0.0,12.9,-11.8,5.0,30.0,18.0,1.0,0.5,0.6,-1.62,0.65,3.06,0.43,6.0,2.71,16.0,1.0,0.5,0.6,-16.8,5.8,16.4,-0.5,5.0,22.5,18.0,1.0,0.5,0.6,5.29,6.12,7.68,6.44,5.0,1.26,16.0,1.0,0.4,0.6,37.3,38.0,54.6,45.6,4.0,16.1,18.0,1.0,0.4,0.6,-181.6,-108.3,-84.7,-129.3,5.0,53.2,18.0,1.0,0.5,0.6,-127.5,0.0,64.1,-28.5,5.0,104.0,18.0,1.0,0.5,0.6,-90.0,-66.4,-49.4,-69.5,4.0,25.0,18.0,1.0,0.4,0.6,-65.3,-32.4,19.7,-23.2,4.0,51.0,18.0,1.0,0.4,0.6,-46.1,-33.1,-26.2,-36.0,4.0,12.9,18.0,1.0,0.4,0.6,-37.3,-14.5,12.4,-12.6,4.0,30.4,18.0,1.0,0.4,0.6,115.0,238.5,530.5,327.5,5.0,288.0,18.0,1.0,0.5,0.6,115.0,240.0,530.0,330.0,5.0,290.0,18.0,1.0,0.5,0.6
1974,2,312.0,20.0,23.29,23.8,24.1,23.93,7.0,0.98,18.0,0.7,0.6,0.3,22.1,23.0,23.74,23.1,7.0,0.92,18.0,0.7,0.6,0.3,11.65,12.99,13.44,12.57,6.0,1.16,16.0,0.7,0.6,0.3,65.2,73.0,81.9,72.8,6.0,9.2,16.0,0.7,0.3,4.6,7.95,9.71,7.62,6.0,2.68,16.0,0.7,0.6,0.3,-9.27,-7.37,-4.16,-7.1,6.0,2.86,16.0,0.7,0.6,0.3,-3.42,-0.79,0.61,-1.02,6.0,2.61,16.0,0.7,0.6,0.3,1018.98,1020.2,1021.19,1020.34,7.0,1.48,18.0,0.7,0.6,0.3,2.0,2.0,4.0,3.0,7.0,1.3,18.0,0.7,0.6,0.3,-90.9,-58.7,-19.1,-60.4,6.0,41.6,16.0,0.7,0.6,0.3,-31.3,-3.6,2.8,-10.2,6.0,19.6,16.0,0.7,0.6,0.3,-0.41,0.7,1.86,0.83,7.0,1.26,18.0,0.7,0.6,0.3,2.0,6.0,17.7,8.5,6.0,9.2,16.0,0.7,0.6,0.3,4.74,5.86,7.64,5.97,6.0,1.5,16.0,0.7,0.6,0.3,27.3,39.8,61.5,45.9,6.0,22.9,16.0,0.7,0.6,0.3,-208.1,-165.7,-101.0,-162.8,6.0,65.5,16.0,0.7,0.6,0.3,-75.5,-19.4,13.9,-22.9,6.0,58.3,16.0,0.7,0.6,0.3,-117.5,-98.8,-52.4,-88.5,6.0,32.5,16.0,0.7,0.6,0.3,-46.0,-10.0,7.3,-14.4,6.0,33.8,16.0,0.7,0.6,0.3,-61.5,-36.2,-24.1,-43.3,6.0,24.7,16.0,0.7,0.6,0.3,-16.0,-4.5,3.6,-4.0,6.0,12.9,16.0,0.7,0.6,0.3,97.5,516.0,936.0,579.0,6.0,512.0,16.0,0.7,0.6,0.3,95.0,515.0,935.0,580.0,6.0,510.0,16.0,0.7,0.6,0.3
1974,2,312.0,21.0,21.17,23.0,23.68,22.83,12.0,1.21,18.0,0.3,0.5,0.4,22.47,22.75,23.0,22.78,12.0,0.82,18.0,0.3,0.5,0.4,11.17,12.51,13.57,12.57,12.0,1.36,18.0,0.3,0.5,0.4,65.3,71.5,81.3,73.6,12.0,8.2,18.0,0.3,0.4,4.47,6.2,9.43,6.48,12.0,2.59,18.0,0.3,0.5,0.4,-9.01,-5.71,-4.36,-6.16,12.0,2.46,18.0,0.3,0.5,0.4,-3.22,-0.89,0.3,-0.92,12.0,2.05,18.0,0.3,0.5,0.4,1018.57,1020.4,1022.5,1020.33,12.0,1.76,18.0,0.3,0.5,0.4,2.6,4.0,7.0,4.7,11.0,2.1,16.0,0.3,0.6,0.5,-85.0,-35.4,-19.6,-45.7,12.0,35.0,18.0,0.3,0.5,0.4,-24.3,-4.7,2.0,-7.6,12.0,17.5,18.0,0.3,0.5,0.4,-1.53,0.2,0.8,0.04,12.0,1.19,18.0,0.3,0.5,0.4,-5.1,1.3,4.4,0.3,12.0,6.8,18.0,0.3,0.5,0.4,2.02,5.59,6.3,4.66,12.0,2.22,18.0,0.3,0.5,0.4,10.6,28.6,52.3,31.4,12.0,21.1,18.0,0.3,0.5,0.4,-206.2,-128.7,-105.7,-140.4,12.0,56.5,18.0,0.3,0.5,0.4,-73.9,-21.0,6.8,-20.7,12.0,46.8,18.0,0.3,0.5,0.4,-105.9,-73.8,-56.7,-76.1,12.0,26.9,18.0,0.3,0.5,0.4,-39.1,-12.1,3.2,-10.5,12.0,26.9,18.0,0.3,0.5,0.4,-50.0,-27.5,-9.3,-30.3,12.0,20.3,18.0,0.3,0.5,0.4,-11.9,-4.1,0.2,-5.5,12.0,8.8,18.0,0.3,0.5,0.4,90.0,243.0,839.0,397.5,12.0,436.0,18.0,0.3,0.5,0.4,90.0,245.0,840.0,395.0,12.0,435.0,18.0,0.3,0.5,0.4
1974,2,312.0,22.0,22.5,22.8,23.0,22.76,8.0,0.7,16.0,0.4,0.7,0.4,21.51,22.45,23.19,22.35,8.0,0.91,16.0,0.4,0.7,0.4,12.33,13.12,13.66,12.93,6.0,0.94,12.0,0.2,0.7,0.4,72.2,81.5,83.2,79.0,6.0,5.8,12.0,0.2,0.4,5.17,6.95,11.7,7.94,8.0,3.97,16.0,0.4,0.7,0.4,-10.27,-5.12,-3.68,-6.67,8.0,3.7,16.0,0.4,0.7,0.4,-5.33,0.23,4.24,0.15,8.0,4.82,16.0,0.4,0.7,0.4,1017.47,1019.5,1023.36,1020.05,8.0,2.85,16.0,0.4,0.7,0.4,3.0,4.5,6.0,4.6,8.0,2.1,16.0,0.4,0.7,0.4,-120.5,-30.2,-25.0,-65.2,8.0,64.6,16.0,0.4,0.7,0.4,-64.0,0.6,28.0,-10.9,8.0,53.2,16.0,0.4,0.7,0.4,-0.43,0.5,0.99,0.41,8.0,0.75,16.0,0.4,0.7,0.4,-4.4,2.6,9.5,2.8,8.0,6.7,16.0,0.4,0.7,0.4,3.31,3.69,4.46,3.97,6.0,0.91,12.0,0.2,0.7,0.4,17.1,22.5,30.0,23.0,6.0,6.7,12.0,0.2,0.7,0.4,-238.8,-112.5,-85.1,-149.9,8.0,86.0,16.0,0.4,0.7,0.4,-125.4,4.9,91.4,2.0,8.0,110.7,16.0,0.4,0.7,0.4,-80.3,-64.3,-42.4,-65.2,6.0,29.9,12.0,0.2,0.7,0.4,0.0,27.5,62.5,32.1,6.0,34.7,12.0,0.2,0.7,0.4,-22.2,-16.3,-14.6,-18.7,6.0,6.2,12.0,0.2,0.7,0.4,0.0,7.4,18.7,9.6,6.0,10.5,12.0,0.2,0.7,0.4,138.5,337.0,1625.5,856.0,8.0,1133.5,16.0,0.4,0.7,0.4,140.0,335.0,1625.0,855.0,8.0,1135.0,16.0,0.4,0.7,0.4
1974,2,312.0,23.0,22.0,22.0,23.33,22.61,7.0,0.82,14.0,0.6,0.5,0.4,21.86,22.8,23.1,22.64,7.0,1.25,14.0,0.6,0.5,0.4,12.56,13.63,14.55,13.56,4.0,1.36,10.0,0.5,0.4,0.6,77.1,77.3,81.5,79.2,4.0,4.0,10.0,0.5,0.6,5.08,6.7,10.05,7.4,7.0,2.65,14.0,0.6,0.5,0.4,-9.47,-5.13,-4.41,-6.8,7.0,2.75,14.0,0.6,0.5,0.4,-2.59,1.74,3.23,0.96,7.0,2.87,14.0,0.6,0.5,0.4,1017.36,1020.3,1021.12,1019.21,7.0,3.51,14.0,0.6,0.5,0.4,1.8,3.5,6.0,3.7,6.0,2.3,14.0,0.7,0.4,0.4,-95.2,-34.4,-22.4,-56.5,7.0,40.7,14.0,0.6,0.5,0.4,-14.0,8.9,28.9,6.9,7.0,23.4,14.0,0.6,0.5,0.4,-0.14,0.1,1.01,-0.03,7.0,1.4,14.0,0.6,0.5,0.4,-0.7,1.0,5.1,1.2,7.0,8.6,14.0,0.6,0.5,0.4,1.83,3.46,4.5,3.18,4.0,1.6,10.0,0.5,0.4,0.6,11.2,18.5,31.8,21.4,4.0,15.0,10.0,0.5,0.4,0.6,-207.8,-112.9,-109.3,-153.8,7.0,61.7,14.0,0.6,0.5,0.4,-64.3,40.1,73.6,20.8,7.0,65.2,14.0,0.6,0.5,0.4,-95.0,-69.1,-58.7,-76.5,4.0,28.0,10.0,0.5,0.4,0.6,-11.3,30.5,51.6,20.6,4.0,42.9,10.0,0.5,0.4,0.6,-29.9,-16.0,-8.9,-19.2,4.0,14.6,10.0,0.5,0.4,0.6,1.7,8.8,12.5,7.2,4.0,7.6,10.0,0.5,0.4,0.6,131.0,301.0,1016.0,542.5,7.0,498.5,14.0,0.6,0.5,0.4,130.0,300.0,1015.0,545.0,7.0,500.0,14.0,0.6,0.5,0.4
1974,2,312.0,24.0,21.95,22.4,23.05,22.5,23.0,0.69,12.0,0.4,0.6,0.6,21.0,21.7,22.8,21.8,25.0,0.91,12.0,0.4,0.6,0.6,10.11,11.49,13.32,11.72,19.0,1.73,14.0,0.4,0.6,0.5,65.5,73.5,81.1,72.9,19.0,10.8,14.0,0.4,0.5,2.73,5.0,7.53,5.2,22.0,2.2,12.0,0.3,0.6,0.5,-7.13,-3.98,-2.23,-4.05,22.0,2.9,12.0,0.3,0.6,0.5,-1.99,0.18,2.38,0.11,22.0,2.74,12.0,0.3,0.6,0.5,1020.0,1021.45,1024.1,1021.96,22.0,2.28,12.0,0.3,0.6,0.5,1.0,3.5,6.0,3.4,24.0,2.2,12.0,0.4,0.7,0.5,-50.9,-21.8,-5.1,-26.0,22.0,23.0,12.0,0.3,0.6,0.5,-10.3,0.4,13.7,0.1,22.0,19.5,12.0,0.3,0.6,0.5,-0.25,0.7,1.55,0.63,23.0,1.01,12.0,0.4,0.6,0.6,-1.3,2.5,6.5,2.5,20.0,4.1,12.0,0.4,0.6,0.5,3.55,4.65,7.05,5.13,18.0,1.72,14.0,0.4,0.6,0.5,15.7,26.2,38.0,26.8,18.0,13.3,14.0,0.4,0.6,0.5,-152.1,-86.5,-47.0,-89.0,22.0,63.4,12.0,0.3,0.6,0.5,-41.5,3.8,55.4,2.7,22.0,60.8,12.0,0.3,0.6,0.5,-81.8,-50.5,-18.6,-47.2,19.0,37.2,14.0,0.4,0.6,0.5,-25.1,3.7,24.3,-2.2,19.0,35.6,14.0,0.4,0.6,0.5,-37.4,-18.2,-7.2,-20.7,18.0,17.7,14.0,0.4,0.6,0.5,-10.2,1.4,14.4,1.0,18.0,13.1,14.0,0.4,0.6,0.5,20.5,125.0,429.0,213.5,22.0,217.5,12.0,0.3,0.6,0.5,20.0,125.0,430.0,215.0,22.0,220.0,12.0,0.3,0.6,0.5
1974,2,312.0,25.0,21.23,22.4,23.2,22.5,22.0,1.35,14.0,0.5,0.5,0.4,20.65,21.9,22.55,21.78,23.0,1.03,14.0,0.6,0.5,0.3,10.85,12.3,13.43,12.33,18.0,1.86,16.0,0.4,0.6,0.4,70.0,75.5,88.4,76.9,18.0,9.5,16.0,0.4,0.4,4.6,6.85,8.2,6.44,20.0,2.44,14.0,0.5,0.5,0.4,-6.43,-4.33,-1.36,-3.77,20.0,3.24,14.0,0.5,0.5,0.4,-2.3,2.76,6.61,1.99,20.0,4.48,14.0,0.5,0.5,0.4,1020.31,1021.65,1024.19,1022.16,20.0,2.11,14.0,0.5,0.5,0.4,2.0,4.0,6.5,4.1,23.0,2.3,14.0,0.6,0.5,0.3,-51.2,-27.0,-10.3,-26.7,20.0,27.6,14.0,0.5,0.5,0.4,-12.5,11.9,58.2,16.0,20.0,37.4,14.0,0.5,0.5,0.4,-0.33,0.4,1.53,0.68,22.0,1.46,14.0,0.5,0.5,0.4,-4.4,1.8,8.3,3.6,19.0,11.8,14.0,0.5,0.6,0.4,2.6,4.23,6.6,4.44,17.0,2.37,14.0,0.4,0.6,0.4,11.4,27.0,40.6,28.7,17.0,19.4,14.0,0.4,0.6,0.4,-136.5,-93.7,-30.0,-82.3,20.0,71.2,14.0,0.5,0.5,0.4,-48.7,61.9,146.8,44.9,20.0,95.7,14.0,0.5,0.5,0.4,-81.1,-54.4,-31.8,-49.8,18.0,37.2,16.0,0.4,0.6,0.4,-24.1,39.7,86.8,32.3,18.0,54.0,16.0,0.4,0.6,0.4,-38.4,-20.2,-4.8,-19.4,17.0,16.1,14.0,0.4,0.6,0.4,-6.3,8.3,20.6,5.0,17.0,23.8,14.0,0.4,0.6,0.4,97.5,322.0,551.0,368.0,20.0,313.0,14.0,0.5,0.5,0.4,95.0,320.0,550.0,370.0,20.0,315.0,14.0,0.5,0.5,0.4
1974,2,312.0,26.0,21.5,22.25,23.3,22.37,20.0,1.03,12.0,0.5,0.4,0.4,20.17,21.2,22.2,21.47,21.0,1.02,14.0,0.4,0.4,0.4,9.55,12.04,13.0,11.49,17.0,1.8,14.0,0.5,0.4,0.4,62.5,73.3,81.3,72.1,17.0,10.1,14.0,0.5,0.4,4.6,5.1,8.68,6.0,20.0,2.82,12.0,0.5,0.4,0.4,-5.35,-3.12,-1.25,-3.4,20.0,3.05,12.0,0.5,0.4,0.4,-3.49,2.46,5.9,1.96,20.0,4.5,12.0,0.5,0.4,0.4,1019.67,1021.3,1023.2,1021.54,21.0,2.31,12.0,0.4,0.4,0.4,2.0,3.0,7.0,3.8,22.0,2.5,12.0,0.4,0.4,0.4,-38.1,-15.2,-2.3,-24.4,20.0,31.3,12.0,0.5,0.4,0.4,-16.0,13.7,45.4,16.4,20.0,39.1,12.0,0.5,0.4,0.4,-0.54,0.6,1.91,0.67,19.0,1.3,12.0,0.5,0.4,0.4,-5.0,5.4,10.5,3.3,17.0,7.5,14.0,0.5,0.4,0.4,2.8,4.65,7.99,5.07,17.0,2.3,14.0,0.5,0.4,0.4,21.4,32.1,44.0,33.5,15.0,13.9,14.0,0.5,0.5,0.4,-117.3,-69.2,-24.1,-75.4,19.0,69.3,14.0,0.5,0.4,0.4,-69.9,62.5,135.0,47.5,19.0,99.7,14.0,0.5,0.4,0.4,-82.5,-47.2,-21.7,-46.3,15.0,40.5,14.0,0.5,0.5,0.4,-21.7,41.3,78.5,32.1,15.0,56.8,14.0,0.5,0.5,0.4,-41.4,-19.3,-7.1,-21.3,15.0,18.6,14.0,0.5,0.5,0.4,-16.3,15.1,23.8,9.9,15.0,21.3,14.0,0.5,0.5,0.4,97.5,132.5,655.5,358.0,20.0,457.5,12.0,0.5,0.4,0.4,95.0,135.0,655.0,360.0,20.0,455.0,12.0,0.5,0.4,0.4
1974,2,312.0,27.0,21.0,21.8,23.0,21.71,21.0,1.12,14.0,0.6,0.7,0.4,20.32,21.5,22.48,21.54,21.0,1.2,14.0,0.6,0.7,0.4,11.08,11.97,13.39,12.11,16.0,1.51,14.0,0.6,0.7,0.4,70.5,72.5,83.1,76.1,16.0,8.9,14.0,0.6,0.4,4.69,7.2,8.7,6.4,21.0,2.97,16.0,0.6,0.7,0.4,-6.21,-3.08,0.0,-2.82,21.0,3.41,16.0,0.6,0.7,0.4,0.0,3.91,7.47,3.84,21.0,4.06,16.0,0.6,0.7,0.4,1018.37,1021.25,1023.83,1021.09,22.0,2.55,14.0,0.6,0.7,0.4,3.0,6.0,7.8,5.2,21.0,2.3,14.0,0.6,0.7,0.4,-48.1,-18.4,0.0,-22.2,21.0,27.8,16.0,0.6,0.7,0.4,0.0,25.9,65.7,31.0,21.0,36.2,16.0,0.6,0.7,0.4,-1.0,0.35,1.7,0.23,20.0,1.47,14.0,0.6,0.7,0.5,-6.7,1.2,9.4,0.5,19.0,10.5,14.0,0.7,0.7,0.4,3.11,4.24,5.08,4.23,15.0,1.28,14.0,0.7,0.7,0.5,14.8,25.3,46.2,26.8,14.0,16.5,14.0,0.7,0.7,0.4,-139.5,-71.5,-0.2,-68.8,20.0,68.7,16.0,0.6,0.7,0.4,0.0,86.5,159.1,85.3,20.0,89.1,16.0,0.6,0.7,0.4,-81.7,-36.1,-1.3,-42.8,15.0,35.1,14.0,0.7,0.7,0.4,0.0,47.9,102.2,49.6,15.0,53.3,14.0,0.7,0.7,0.4,-24.7,-12.3,-0.1,-13.8,14.0,12.4,14.0,0.7,0.7,0.4,0.0,17.4,26.9,13.2,14.0,22.4,14.0,0.7,0.7,0.4,103.5,373.0,658.5,403.5,21.0,342.5,16.0,0.6,0.7,0.4,105.0,375.0,660.0,405.0,21.0,340.0,16.0,0.6,0.7,0.4
1974,2,312.0,28.0,19.91,21.5,23.09,21.4,17.0,1.79,12.0,0.5,0.5,0.5,20.26,21.3,22.05,21.25,17.0,0.99,12.0,0.5,0.5,0.5,10.4,12.82,13.43,11.97,12.0,1.95,10.0,0.6,0.5,0.4,65.8,79.3,83.6,76.7,13.0,11.1,12.0,0.6,0.4,3.6,6.2,7.32,5.8,17.0,2.88,12.0,0.5,0.5,0.5,-6.21,-1.08,3.31,-1.62,17.0,4.99,12.0,0.5,0.5,0.5,-0.74,1.82,5.72,1.89,17.0,3.54,12.0,0.5,0.5,0.5,1019.88,1021.4,1023.77,1022.74,16.0,4.22,10.0,0.5,0.5,0.5,3.0,3.0,7.8,4.7,15.0,2.3,10.0,0.6,0.5,0.4,-45.7,-6.7,14.2,-17.9,17.0,49.5,12.0,0.5,0.5,0.5,-3.2,5.7,36.9,9.3,17.0,28.2,12.0,0.5,0.5,0.5,-1.73,0.2,2.23,0.15,17.0,1.83,12.0,0.5,0.5,0.5,-9.6,0.4,16.3,2.6,17.0,13.4,12.0,0.5,0.5,0.5,1.29,3.01,6.4,3.39,12.0,2.35,10.0,0.6,0.5,0.4,6.5,10.8,30.6,17.4,12.0,16.2,10.0,0.6,0.5,0.4,-136.0,-22.9,69.7,-34.3,17.0,104.6,12.0,0.5,0.5,0.5,-15.3,36.0,124.9,41.8,17.0,76.3,12.0,0.5,0.5,0.5,-57.6,-10.9,37.7,-17.2,12.0,64.3,10.0,0.6,0.5,0.4,-5.5,21.5,77.2,29.6,12.0,46.2,10.0,0.6,0.5,0.4,-28.0,-1.7,5.0,-6.7,12.0,19.3,10.0,0.6,0.5,0.4,-0.5,7.3,11.7,6.8,12.0,11.1,10.0,0.6,0.5,0.4,46.5,238.5,395.5,349.5,17.0,619.0,12.0,0.5,0.5,0.5,45.0,240.0,395.0,350.0,17.0,620.0,12.0,0.5,0.5,0.5
1974,2,312.0,29.0,19.7,20.4,22.0,20.73,24.0,1.55,14.0,0.6,0.6,0.5,19.79,20.55,21.2,20.52,26.0,1.02,14.0,0.7,0.6,0.5,9.12,11.75,13.13,11.34,18.0,1.7,14.0,0.6,0.7,0.5,64.5,74.9,86.5,75.8,18.0,11.2,14.0,0.6,0.5,3.5,5.1,8.0,5.81,25.0,2.6,14.0,0.7,0.6,0.5,-4.82,-1.25,3.45,-0.96,25.0,4.24,14.0,0.7,0.6,0.5,-3.1,0.96,6.13,1.83,25.0,4.42,14.0,0.7,0.6,0.5,1019.98,1023.1,1026.02,1023.02,26.0,3.19,14.0,0.7,0.6,0.5,1.8,6.0,7.2,4.9,25.0,2.6,14.0,0.7,0.6,0.5,-26.7,-9.0,28.4,-4.4,25.0,30.0,14.0,0.7,0.6,0.5,-10.9,1.4,46.5,15.8,25.0,39.4,14.0,0.7,0.6,0.5,-1.35,0.05,1.74,0.19,24.0,1.67,14.0,0.6,0.6,0.5,-7.7,0.0,5.3,-0.6,23.0,9.0,14.0,0.7,0.6,0.5,1.95,4.18,6.32,4.11,16.0,2.24,14.0,0.6,0.7,0.5,4.7,16.4,32.1,17.7,15.0,11.4,12.0,0.6,0.7,0.5,-101.5,-25.0,73.1,-19.3,25.0,86.2,14.0,0.7,0.6,0.5,-56.4,20.2,133.5,39.4,25.0,91.1,14.0,0.7,0.6,0.5,-47.5,-30.4,29.5,-13.7,17.0,42.9,14.0,0.6,0.7,0.5,-25.9,0.0,65.9,23.2,17.0,54.1,14.0,0.6,0.7,0.5,-16.3,-4.3,8.1,-6.0,15.0,14.1,12.0,0.6,0.7,0.5,-6.2,0.0,19.0,4.6,15.0,14.4,12.0,0.6,0.7,0.5,43.5,132.5,512.0,310.0,25.0,384.5,14.0,0.7,0.6,0.5,45.0,135.0,510.0,310.0,25.0,385.0,14.0,0.7,0.6,0.5
1974,2,312.0,30.0,19.49,20.0,21.0,20.36,19.0,0.99,14.0,0.5,0.5,0.4,19.12,20.0,21.83,20.21,21.0,1.16,14.0,0.6,0.5,0.4,8.23,9.29,11.28,9.85,13.0,1.96,14.0,0.7,0.6,0.4,60.6,63.2,72.5,67.8,13.0,12.0,14.0,0.7,0.4,4.27,6.2,9.77,7.23,22.0,3.48,14.0,0.5,0.5,0.4,-4.88,0.0,4.24,-0.19,22.0,4.67,14.0,0.5,0.5,0.4,-4.09,3.4,6.5,2.49,22.0,6.2,14.0,0.5,0.5,0.4,1020.1,1023.75,1025.77,1023.1,22.0,3.23,14.0,0.5,0.5,0.4,2.0,5.0,7.0,4.7,21.0,2.6,14.0,0.6,0.5,0.4,-38.7,0.0,31.1,-4.1,22.0,41.9,14.0,0.5,0.5,0.4,-26.4,16.1,54.1,27.1,22.0,77.0,14.0,0.5,0.5,0.4,-1.46,0.2,1.33,0.05,19.0,1.49,14.0,0.5,0.5,0.4,-5.7,1.3,9.5,0.3,19.0,10.7,14.0,0.5,0.5,0.4,2.76,5.29,5.92,4.68,12.0,2.08,14.0,0.7,0.5,0.4,19.9,25.3,38.3,27.1,12.0,12.6,14.0,0.7,0.5,0.4,-101.6,0.0,85.5,-0.8,21.0,95.4,14.0,0.6,0.5,0.4,-49.8,73.3,135.2,64.1,21.0,118.0,14.0,0.6,0.5,0.4,-48.7,0.0,35.2,-2.0,13.0,39.2,14.0,0.7,0.6,0.4,-41.0,31.1,48.2,11.0,13.0,42.4,14.0,0.7,0.6,0.4,-15.2,0.0,19.6,0.7,12.0,17.5,14.0,0.7,0.5,0.4,-28.9,5.1,23.3,1.3,12.0,25.5,14.0,0.7,0.5,0.4,78.5,238.5,935.0,671.0,22.0,1054.0,14.0,0.5,0.5,0.4,80.0,240.0,935.0,670.0,22.0,1055.0,14.0,0.5,0.5,0.4
1974,2,312.0,31.0,18.78,20.6,21.73,20.2,9.0,1.38,14.0,0.3,0.6,0.5,18.09,19.55,20.61,19.42,10.0,1.64,14.0,0.3,0.6,0.5,10.56,12.13,12.9,11.82,6.0,1.43,16.0,0.3,0.6,0.4,78.6,87.9,94.8,87.0,6.0,9.4,16.0,0.3,0.4,4.81,5.4,9.8,6.79,10.0,2.76,14.0,0.3,0.6,0.5,0.75,2.68,5.95,2.06,10.0,5.5,14.0,0.3,0.6,0.5,-1.12,4.1,5.81,2.73,10.0,3.95,14.0,0.3,0.6,0.5,1020.54,1022.0,1024.15,1022.48,9.0,2.01,14.0,0.3,0.6,0.5,1.2,6.0,7.0,4.8,8.0,3.0,16.0,0.4,0.6,0.5,3.8,15.2,42.9,10.1,10.0,60.2,14.0,0.3,0.6,0.5,-3.7,24.7,40.7,22.1,10.0,29.0,14.0,0.3,0.6,0.5,-0.3,0.3,2.44,0.96,9.0,1.75,14.0,0.3,0.6,0.5,-1.9,1.4,19.6,9.9,9.0,18.5,14.0,0.3,0.6,0.5,1.4,2.09,3.01,2.13,6.0,1.05,16.0,0.3,0.6,0.4,6.1,13.0,15.0,11.1,6.0,5.1,16.0,0.3,0.6,0.4,13.4,53.6,117.7,44.9,10.0,98.6,14.0,0.3,0.6,0.5,-21.9,82.2,120.1,56.8,10.0,77.9,14.0,0.3,0.6,0.5,17.2,25.2,57.8,36.0,6.0,33.2,16.0,0.3,0.6,0.4,-39.0,38.1,56.7,16.6,6.0,50.9,16.0,0.3,0.6,0.4,0.8,7.4,11.7,6.7,6.0,5.6,16.0,0.3,0.6,0.4,-12.0,4.7,7.0,-0.1,6.0,9.5,16.0,0.3,0.6,0.4,112.5,159.0,997.0,470.5,10.0,584.0,14.0,0.3,0.6,0.5,110.0,160.0,995.0,470.0,10.0,585.0,14.0,0.3,0.6,0.5
1974,2,312.0,32.0,18.72,19.5,20.78,19.58,15.0,0.93,14.0,0.5,0.6,0.5,19.0,19.95,20.5,19.78,16.0,0.91,14.0,0.4,0.5,0.6,8.41,11.91,13.02,11.03,11.0,2.22,14.0,0.5,0.5,0.6,60.6,80.3,91.5,76.7,11.0,14.0,14.0,0.5,0.6,4.6,7.6,9.61,7.12,16.0,3.06,14.0,0.4,0.5,0.6,-3.16,3.23,7.94,2.79,16.0,5.02,14.0,0.4,0.5,0.6,0.94,3.91,7.56,4.13,16.0,3.45,14.0,0.4,0.5,0.6,1018.38,1020.7,1024.04,1021.27,15.0,2.76,14.0,0.5,0.6,0.5,1.2,3.0,4.8,3.1,15.0,1.8,14.0,0.5,0.5,0.5,-15.5,17.2,69.3,27.8,16.0,46.7,14.0,0.4,0.5,0.6,6.2,24.8,66.1,34.0,16.0,34.5,14.0,0.4,0.5,0.6,-1.31,-0.5,0.78,-0.18,15.0,1.07,14.0,0.5,0.6,0.5,-7.0,0.0,7.4,-0.9,15.0,7.1,14.0,0.5,0.6,0.5,0.45,2.64,5.82,2.99,11.0,2.54,14.0,0.5,0.5,0.6,3.2,14.7,45.3,23.1,11.0,22.4,14.0,0.5,0.5,0.6,-63.1,63.2,151.0,52.8,16.0,98.2,14.0,0.4,0.5,0.6,19.7,75.8,152.6,82.5,16.0,69.1,14.0,0.4,0.5,0.6,-39.8,29.4,70.4,16.3,11.0,58.5,14.0,0.5,0.5,0.6,27.5,46.0,61.3,47.0,11.0,31.8,14.0,0.5,0.5,0.6,-5.7,5.0,40.7,14.8,11.0,24.7,14.0,0.5,0.5,0.6,-0.1,10.3,22.4,10.8,11.0,10.3,14.0,0.5,0.5,0.6,97.5,442.5,889.0,535.5,16.0,495.5,14.0,0.4,0.5,0.6,95.0,445.0,890.0,535.0,16.0,495.0,14.0,0.4,0.5,0.6
1974,2,312.0,33.0,18.0,19.0,20.0,18.95,19.0,0.83,18.0,0.6,0.5,0.5,17.67,19.7,20.5,19.34,22.0,1.54,16.0,0.7,0.5,0.5,9.29,11.28,12.25,10.73,21.0,1.83,16.0,0.7,0.5,0.5,63.8,80.3,85.9,77.0,21.0,10.7,16.0,0.7,0.5,4.85,10.3,14.66,9.5,23.0,4.56,16.0,0.7,0.5,0.5,-1.44,3.28,12.69,4.76,23.0,6.98,16.0,0.7,0.5,0.5,-0.66,5.27,8.48,4.58,23.0,4.53,16.0,0.7,0.5,0.5,1013.7,1018.0,1024.2,1018.71,23.0,5.19,16.0,0.7,0.5,0.5,1.0,4.0,8.0,4.3,21.0,2.9,16.0,0.7,0.5,0.5,-5.4,18.4,169.2,64.5,23.0,102.0,16.0,0.7,0.5,0.5,-1.7,56.9,105.6,54.9,23.0,53.6,16.0,0.7,0.5,0.5,-1.81,-0.5,1.1,-0.48,19.0,1.58,18.0,0.6,0.5,0.5,-18.7,-5.1,7.3,-7.9,19.0,17.9,18.0,0.6,0.5,0.5,1.4,2.5,4.57,2.87,19.0,1.75,18.0,0.6,0.5,0.5,13.0,28.1,35.3,25.3,19.0,14.4,18.0,0.6,0.5,0.5,-27.3,59.7,259.4,100.0,22.0,142.0,16.0,0.7,0.5,0.5,0.0,116.6,165.8,97.2,22.0,86.4,16.0,0.7,0.5,0.5,-9.9,35.1,147.9,58.6,21.0,83.5,16.0,0.7,0.5,0.5,0.0,69.8,101.0,59.8,21.0,48.1,16.0,0.7,0.5,0.5,-0.3,13.5,29.5,12.8,19.0,20.9,18.0,0.6,0.5,0.5,-1.1,10.4,21.6,8.2,19.0,14.3,18.0,0.6,0.5,0.5,114.5,1092.5,3177.5,1428.5,23.0,1557.5,16.0,0.7,0.5,0.5,115.0,1095.0,3175.0,1430.0,23.0,1555.0,16.0,0.7,0.5,0.5
1974,2,312.0,34.0,17.17,18.3,19.91,18.63,19.0,1.39,16.0,0.5,0.7,0.5,16.0,18.0,19.68,17.39,21.0,2.42,16.0,0.5,0.7,0.5,7.05,11.2,11.99,9.67,19.0,2.77,16.0,0.5,0.7,0.5,58.7,82.4,94.7,78.4,19.0,17.5,16.0,0.5,0.5,6.2,10.15,14.88,9.84,20.0,4.07,16.0,0.5,0.7,0.5,-2.24,5.75,12.89,5.2,20.0,6.74,16.0,0.5,0.7,0.5,-3.14,2.91,7.89,2.71,20.0,6.07,16.0,0.5,0.7,0.5,1013.34,1020.5,1027.0,1019.6,21.0,7.24,16.0,0.5,0.7,0.5,1.3,6.0,7.0,4.9,21.0,2.7,16.0,0.5,0.7,0.5,-10.3,40.6,166.1,64.2,20.0,95.5,16.0,0.5,0.7,0.5,-12.9,22.3,81.3,33.2,20.0,75.4,16.0,0.5,0.7,0.5,-1.4,1.0,2.57,0.97,19.0,2.64,16.0,0.5,0.7,0.5,-15.7,8.7,29.9,4.6,19.0,23.3,16.0,0.5,0.7,0.5,1.42,2.71,6.54,3.48,17.0,2.56,16.0,0.5,0.7,0.5,13.1,25.9,45.6,30.6,17.0,26.4,16.0,0.5,0.7,0.5,-35.8,105.0,241.0,97.3,20.0,120.4,16.0,0.5,0.7,0.5,-57.7,56.4,142.0,51.7,20.0,109.9,16.0,0.5,0.7,0.5,-14.0,58.3,144.9,59.5,18.0,74.8,16.0,0.4,0.7,0.5,-36.2,25.9,60.3,15.2,18.0,54.5,16.0,0.4,0.7,0.5,-14.7,10.9,24.4,12.5,17.0,30.9,16.0,0.5,0.7,0.5,-17.6,4.2,29.5,6.0,17.0,23.1,16.0,0.5,0.7,0.5,238.5,1046.5,3294.0,1425.5,20.0,1431.5,16.0,0.5,0.7,0.5,240.0,1045.0,3295.0,1425.0,20.0,1430.0,16.0,0.5,0.7,0.5
1974,2,312.0,35.0,17.55,18.3,19.0,18.54,21.0,1.12,14.0,0.2,0.6,0.5,16.25,17.3,19.58,17.66,21.0,1.54,14.0,0.2,0.6,0.5,6.67,9.94,12.45,9.92,21.0,2.38,14.0,0.2,0.6,0.5,62.2,85.2,91.9,78.8,21.0,14.5,14.0,0.2,0.5,3.36,9.3,13.31,9.53,21.0,5.0,14.0,0.2,0.6,0.5,-2.68,3.18,7.62,2.98,21.0,5.59,14.0,0.2,0.6,0.5,-5.09,4.32,10.56,3.87,21.0,8.0,14.0,0.2,0.6,0.5,1015.03,1019.8,1025.38,1020.16,21.0,5.48,14.0,0.2,0.6,0.5,3.0,6.5,8.0,5.8,20.0,2.3,14.0,0.3,0.6,0.5,-8.2,29.6,90.2,38.7,21.0,73.8,14.0,0.2,0.6,0.5,-50.3,19.9,134.5,52.7,21.0,124.9,14.0,0.2,0.6,0.5,-0.5,1.0,2.18,0.88,21.0,1.68,14.0,0.2,0.6,0.5,-10.1,5.3,16.7,5.2,21.0,16.0,14.0,0.2,0.6,0.5,0.67,2.5,5.52,3.28,21.0,2.62,14.0,0.2,0.6,0.5,4.8,19.4,45.8,27.5,21.0,25.0,14.0,0.2,0.6,0.5,-45.4,63.0,120.3,52.7,21.0,93.8,14.0,0.2,0.6,0.5,-79.5,74.8,204.6,77.3,21.0,147.3,14.0,0.2,0.6,0.5,-24.8,35.6,55.4,28.8,21.0,51.9,14.0,0.2,0.6,0.5,-37.0,45.5,133.7,52.1,21.0,88.7,14.0,0.2,0.6,0.5,-4.1,3.6,38.1,10.3,21.0,25.0,14.0,0.2,0.6,0.5,-19.0,3.7,18.1,-1.4,21.0,26.1,14.0,0.2,0.6,0.5,41.5,804.5,2361.0,1587.5,21.0,2197.0,14.0,0.2,0.6,0.5,40.0,805.0,2360.0,1590.0,21.0,2195.0,14.0,0.2,0.6,0.5
1974,2,312.0,36.0,16.07,18.3,18.67,17.76,10.0,1.86,18.0,0.5,0.6,0.7,14.19,16.7,18.0,16.36,11.0,1.74,18.0,0.5,0.6,0.7,8.33,9.29,10.87,9.3,10.0,1.56,18.0,0.5,0.6,0.7,71.2,81.1,91.9,81.4,10.0,11.2,18.0,0.5,0.7,4.89,12.9,15.4,10.98,11.0,4.79,18.0,0.5,0.6,0.7,1.02,5.98,13.29,7.04,11.0,5.83,18.0,0.5,0.6,0.7,-5.14,4.6,8.88,2.87,11.0,7.62,18.0,0.5,0.6,0.7,1014.08,1016.4,1021.41,1016.69,11.0,5.53,18.0,0.5,0.6,0.7,2.4,6.5,8.0,5.7,10.0,2.5,16.0,0.6,0.6,0.7,5.2,55.6,204.6,94.9,11.0,97.6,18.0,0.5,0.6,0.7,-52.8,21.2,105.3,31.2,11.0,106.0,18.0,0.5,0.6,0.7,-0.83,1.8,4.19,1.56,10.0,3.17,18.0,0.5,0.6,0.7,-8.6,7.8,49.2,19.2,10.0,41.4,18.0,0.5,0.6,0.7,1.74,2.79,4.91,3.35,10.0,2.39,18.0,0.5,0.6,0.7,11.0,23.4,69.0,39.3,10.0,41.7,18.0,0.5,0.6,0.7,14.2,99.2,217.6,112.8,11.0,92.6,18.0,0.5,0.6,0.7,-78.0,78.2,157.0,56.6,11.0,126.1,18.0,0.5,0.6,0.7,20.5,63.9,130.8,70.1,10.0,53.5,18.0,0.5,0.6,0.7,-43.9,26.2,77.0,21.3,10.0,57.6,18.0,0.5,0.6,0.7,4.1,17.9,66.0,30.8,10.0,35.7,18.0,0.5,0.6,0.7,-26.1,2.1,12.2,-7.5,10.0,32.5,18.0,0.5,0.6,0.7,118.0,2146.5,3652.5,1978.5,11.0,1692.5,18.0,0.5,0.6,0.7,120.0,2145.0,3650.0,1980.0,11.0,1695.0,18.0,0.5,0.6,0.7
1974,2,312.0,37.0,16.41,17.0,17.9,17.12,11.0,0.77,14.0,0.5,0.7,0.5,13.06,15.6,18.94,15.81,14.0,2.7,14.0,0.4,0.6,0.4,5.94,7.7,10.97,8.06,12.0,2.58,16.0,0.3,0.6,0.4,60.2,72.5,86.8,73.6,12.0,14.9,16.0,0.3,0.4,8.85,12.9,23.16,14.24,13.0,6.56,14.0,0.5,0.6,0.4,2.29,6.94,14.59,8.03,13.0,8.56,14.0,0.5,0.6,0.4,-8.37,6.45,12.24,4.45,13.0,9.9,14.0,0.5,0.6,0.4,1004.58,1017.15,1024.84,1015.39,14.0,9.33,14.0,0.4,0.6,0.4,2.1,6.0,8.0,5.4,14.0,2.5,14.0,0.4,0.6,0.4,10.5,75.6,296.9,151.1,13.0,185.5,14.0,0.5,0.6,0.4,-93.3,83.2,235.0,96.6,13.0,185.1,14.0,0.5,0.6,0.4,-1.0,2.6,4.67,1.73,11.0,2.57,14.0,0.5,0.7,0.5,-12.6,8.9,57.6,15.7,10.0,32.3,14.0,0.5,0.7,0.5,1.09,5.04,6.51,4.21,10.0,2.71,16.0,0.4,0.7,0.4,10.5,32.8,73.3,40.8,9.0,33.0,16.0,0.4,0.6,0.5,31.6,116.9,287.4,132.8,13.0,144.4,14.0,0.5,0.6,0.4,-93.1,116.1,241.1,89.8,13.0,153.2,14.0,0.5,0.6,0.4,2.1,68.0,150.0,71.4,11.0,86.9,14.0,0.4,0.6,0.4,-49.4,31.9,127.7,46.5,11.0,94.5,14.0,0.4,0.6,0.4,-20.7,16.8,45.6,14.0,9.0,31.7,16.0,0.4,0.6,0.5,-48.9,0.0,14.7,-14.6,9.0,38.7,16.0,0.4,0.6,0.5,737.0,2146.5,12420.5,4634.0,13.0,5184.5,14.0,0.5,0.6,0.4,735.0,2145.0,12420.0,4635.0,13.0,5185.0,14.0,0.5,0.6,0.4
1974,2,312.0,38.0,15.38,16.2,18.62,17.01,7.0,2.1,14.0,0.6,0.7,0.4,12.93,16.3,17.62,15.47,9.0,2.36,14.0,0.7,0.7,0.3,6.27,7.82,9.62,8.18,8.0,2.34,12.0,0.6,0.7,0.3,68.7,78.7,84.8,75.5,8.0,13.6,12.0,0.6,0.3,5.17,10.3,12.83,9.2,8.0,3.89,14.0,0.8,0.8,0.3,-3.1,4.12,7.74,3.08,8.0,6.47,14.0,0.8,0.8,0.3,-2.91,2.21,10.98,3.74,8.0,6.56,14.0,0.8,0.8,0.3,1002.51,1012.9,1028.44,1014.82,9.0,11.63,14.0,0.7,0.7,0.3,3.3,7.0,8.0,5.9,9.0,2.4,14.0,0.7,0.7,0.3,-16.4,41.1,95.7,37.7,8.0,68.3,14.0,0.8,0.8,0.3,-14.9,17.0,141.0,52.6,8.0,77.7,14.0,0.8,0.8,0.3,1.76,2.2,3.43,1.87,7.0,2.28,14.0,0.6,0.7,0.4,-2.3,19.0,28.5,10.7,6.0,25.5,14.0,0.7,0.8,0.4,3.07,3.94,4.5,3.96,6.0,0.97,12.0,0.5,0.7,0.3,19.3,27.4,48.2,31.9,5.0,16.3,12.0,0.6,0.7,0.3,-52.5,69.5,129.6,48.7,8.0,96.0,14.0,0.8,0.8,0.3,-48.4,34.3,196.1,65.2,8.0,107.9,14.0,0.8,0.8,0.3,-23.6,42.6,73.7,23.6,7.0,54.3,12.0,0.7,0.8,0.3,-18.3,15.5,89.4,29.1,7.0,56.0,12.0,0.7,0.8,0.3,-2.8,15.4,28.1,12.9,5.0,26.1,12.0,0.6,0.7,0.3,-6.7,3.8,22.8,8.2,5.0,23.6,12.0,0.6,0.7,0.3,138.5,1123.5,2115.0,1128.0,8.0,960.5,14.0,0.8,0.8,0.3,140.0,1125.0,2115.0,1130.0,8.0,960.0,14.0,0.8,0.8,0.3
1974,2,312.0,39.0,14.27,16.0,16.85,15.88,9.0,1.62,12.0,0.6,0.5,0.4,10.52,14.5,16.51,14.02,9.0,3.01,12.0,0.6,0.5,0.4,6.93,7.42,10.69,8.43,7.0,2.71,12.0,0.6,0.5,0.4,69.0,89.1,95.2,83.2,7.0,14.4,12.0,0.6,0.4,3.73,8.2,18.33,9.89,9.0,6.86,12.0,0.6,0.5,0.4,-1.92,2.31,17.07,5.34,9.0,9.13,12.0,0.6,0.5,0.4,-3.04,5.1,7.82,3.35,9.0,5.38,12.0,0.6,0.5,0.4,1001.31,1013.2,1019.89,1012.14,9.0,11.17,12.0,0.6,0.5,0.4,2.2,5.5,8.0,5.3,8.0,2.8,12.0,0.6,0.5,0.4,-7.9,8.3,315.9,100.6,9.0,168.2,12.0,0.6,0.5,0.4,-12.1,26.0,118.8,43.4,9.0,76.2,12.0,0.6,0.5,0.4,-1.07,1.6,3.84,1.86,9.0,3.35,12.0,0.6,0.5,0.4,-7.7,8.1,29.3,27.5,9.0,60.1,12.0,0.6,0.5,0.4,0.43,2.53,5.55,2.93,7.0,2.61,12.0,0.6,0.5,0.4,4.2,22.6,84.0,40.2,7.0,47.7,12.0,0.6,0.5,0.4,-18.7,36.0,191.7,69.8,9.0,120.6,12.0,0.6,0.5,0.4,-43.2,62.2,126.4,48.0,9.0,80.0,12.0,0.6,0.5,0.4,-13.9,28.6,134.9,50.8,7.0,82.5,12.0,0.6,0.5,0.4,-24.2,36.0,77.1,28.3,7.0,53.7,12.0,0.6,0.5,0.4,-3.5,0.0,82.4,29.7,7.0,51.1,12.0,0.6,0.5,0.4,-14.3,3.5,23.0,7.5,7.0,21.2,12.0,0.6,0.5,0.4,52.5,551.5,6221.0,2345.0,9.0,3253.0,12.0,0.6,0.5,0.4,55.0,550.0,6220.0,2345.0,9.0,3255.0,12.0,0.6,0.5,0.4
1974,2,312.0,40.0,13.27,15.8,16.84,15.38,17.0,1.68,14.0,0.4,0.5,0.3,8.53,12.2,17.21,12.42,17.0,4.12,14.0,0.4,0.5,0.3,4.76,6.72,10.52,7.27,16.0,2.5,14.0,0.4,0.5,0.3,65.1,77.4,88.7,77.9,16.0,13.5,14.0,0.4,0.3,8.79,15.4,18.46,14.29,17.0,5.58,14.0,0.4,0.5,0.3,-2.11,7.91,13.12,6.8,17.0,8.37,14.0,0.4,0.5,0.3,-0.08,9.0,13.37,7.44,17.0,8.37,14.0,0.4,0.5,0.3,1000.63,1009.1,1020.19,1008.74,17.0,9.51,14.0,0.4,0.5,0.3,5.1,8.0,8.0,6.9,17.0,1.7,14.0,0.4,0.5,0.3,-23.7,118.6,245.1,113.9,17.0,140.0,14.0,0.4,0.5,0.3,-0.1,126.0,218.8,134.8,17.0,166.8,14.0,0.4,0.5,0.3,-1.59,2.7,7.52,2.95,17.0,4.29,14.0,0.4,0.5,0.3,-19.9,38.5,71.0,29.1,17.0,57.8,14.0,0.4,0.5,0.3,0.68,4.36,5.95,3.76,16.0,2.94,14.0,0.4,0.5,0.3,3.0,45.4,79.1,45.6,16.0,44.6,14.0,0.4,0.5,0.3,-26.6,114.8,188.7,87.5,17.0,108.0,14.0,0.4,0.5,0.3,-0.6,114.7,202.2,116.5,17.0,119.7,14.0,0.4,0.5,0.3,1.5,71.2,111.7,56.6,16.0,53.0,14.0,0.4,0.5,0.3,-0.4,67.0,135.8,68.7,16.0,80.1,14.0,0.4,0.5,0.3,0.0,29.1,71.1,32.8,16.0,35.9,14.0,0.4,0.5,0.3,-15.1,11.2,46.3,9.3,16.0,40.9,14.0,0.4,0.5,0.3,688.0,3652.5,6305.0,4090.5,17.0,3728.0,14.0,0.4,0.5,0.3,690.0,3650.0,6305.0,4090.0,17.0,3730.0,14.0,0.4,0.5,0.3
1974,2,312.0,41.0,14.97,16.2,16.61,15.8,3.0,1.25,12.0,0.3,0.7,0.2,8.16,9.1,11.99,9.96,5.0,2.85,16.0,0.6,0.8,0.3,4.3,6.25,7.54,5.93,4.0,2.05,18.0,0.8,0.7,0.4,61.3,72.1,88.6,74.8,4.0,18.9,18.0,0.8,0.4,5.9,9.8,13.11,9.48,5.0,6.39,16.0,0.6,0.8,0.3,4.52,7.51,10.04,7.26,5.0,4.89,16.0,0.6,0.8,0.3,3.79,6.3,8.43,6.09,5.0,4.11,16.0,0.6,0.8,0.3,1001.35,1013.1,1017.97,1009.72,5.0,14.25,16.0,0.6,0.8,0.3,0.6,2.0,4.7,2.7,3.0,3.1,18.0,0.7,0.7,0.3,42.1,73.6,142.2,93.9,5.0,92.1,16.0,0.6,0.8,0.3,35.3,61.7,119.3,78.8,5.0,77.3,16.0,0.6,0.8,0.3,3.67,7.7,7.7,5.73,3.0,3.41,12.0,0.3,0.7,0.2,46.1,75.5,78.1,62.4,3.0,26.0,12.0,0.3,0.7,0.2,4.97,5.7,6.42,5.7,2.0,1.5,14.0,0.5,0.6,0.3,71.8,76.5,81.2,76.5,2.0,9.8,14.0,0.5,0.6,0.3,33.6,68.3,120.5,79.1,5.0,73.0,16.0,0.6,0.8,0.3,28.2,57.3,101.1,66.3,5.0,61.3,16.0,0.6,0.8,0.3,12.4,41.3,78.2,45.1,4.0,42.1,18.0,0.8,0.7,0.4,10.4,34.6,65.7,37.9,4.0,35.3,18.0,0.8,0.7,0.4,55.0,58.6,62.2,58.6,2.0,7.5,14.0,0.5,0.6,0.3,46.1,49.2,52.2,49.2,2.0,6.3,14.0,0.5,0.6,0.3,510.5,941.0,2823.5,1734.0,5.0,2329.5,16.0,0.6,0.8,0.3,510.0,940.0,2825.0,1735.0,5.0,2330.0,16.0,0.6,0.8,0.3
1974,2,312.0,42.0,2.27,10.0,15.73,9.5,9.0,6.57,18.0,0.3,0.6,0.3,1.58,4.0,16.44,7.89,9.0,7.05,18.0,0.3,0.6,0.3,3.15,3.87,10.76,5.97,8.0,3.76,20.0,0.4,0.5,0.4,71.6,83.9,97.7,85.2,8.0,11.7,20.0,0.4,0.4,8.13,15.4,17.87,13.56,9.0,5.33,18.0,0.3,0.6,0.3,-4.84,2.24,13.25,3.47,9.0,8.3,18.0,0.3,0.6,0.3,-5.56,0.8,16.06,4.06,9.0,11.58,18.0,0.3,0.6,0.3,1001.91,1011.6,1022.08,1012.42,9.0,10.03,18.0,0.3,0.6,0.3,6.8,8.0,8.0,7.5,6.0,0.8,18.0,0.3,0.6,0.3,-33.5,28.9,194.2,65.1,9.0,136.5,18.0,0.3,0.6,0.3,-44.8,3.7,275.1,68.6,9.0,196.9,18.0,0.3,0.6,0.3,-1.57,-1.0,7.08,1.61,9.0,6.11,18.0,0.3,0.6,0.3,-29.5,-4.6,67.7,17.8,9.0,88.0,18.0,0.3,0.6,0.3,-0.88,0.87,4.0,1.63,8.0,3.23,20.0,0.4,0.5,0.4,-11.7,11.3,38.4,21.1,8.0,47.9,20.0,0.4,0.5,0.4,-15.2,4.8,50.0,14.4,9.0,43.7,18.0,0.3,0.6,0.3,-7.8,3.2,237.1,96.0,9.0,134.5,18.0,0.3,0.6,0.3,-19.2,12.6,43.7,8.8,8.0,34.0,20.0,0.4,0.5,0.4,-19.7,-2.3,139.7,49.2,8.0,96.3,20.0,0.4,0.5,0.4,-2.3,5.1,33.0,22.2,8.0,43.7,20.0,0.4,0.5,0.4,-21.9,-13.0,-0.3,-10.7,8.0,14.1,20.0,0.4,0.5,0.4,550.5,3652.5,5704.5,3465.0,9.0,2887.0,18.0,0.3,0.6,0.3,550.0,3650.0,5705.0,3465.0,9.0,2885.0,18.0,0.3,0.6,0.3
1974,2,312.0,43.0,3.42,5.0,7.51,5.72,18.0,2.72,16.0,0.4,0.6,0.5,0.51,2.7,7.14,3.31,19.0,3.18,16.0,0.4,0.6,0.5,3.39,4.63,4.79,4.25,13.0,0.91,18.0,0.5,0.6,0.4,72.3,84.0,100.0,85.2,13.0,13.5,18.0,0.5,0.4,5.09,9.0,14.2,10.13,19.0,4.5,16.0,0.4,0.6,0.5,-3.91,3.85,9.19,3.92,19.0,6.56,16.0,0.4,0.6,0.5,-11.17,-1.56,3.37,-2.35,19.0,7.97,16.0,0.4,0.6,0.5,1002.23,1011.6,1020.27,1011.12,19.0,9.9,16.0,0.4,0.6,0.5,6.2,8.0,8.0,7.1,15.0,2.2,16.0,0.5,0.6,0.5,-20.3,29.6,114.1,46.0,19.0,84.9,16.0,0.4,0.6,0.5,-144.1,-14.1,36.8,-39.6,19.0,122.7,16.0,0.4,0.6,0.5,-1.49,3.2,7.09,2.67,18.0,4.54,16.0,0.4,0.6,0.5,-10.6,33.8,74.7,29.2,18.0,53.8,16.0,0.4,0.6,0.5,0.03,1.81,2.87,1.59,12.0,1.64,18.0,0.4,0.6,0.4,0.2,15.9,38.4,17.8,12.0,19.1,18.0,0.4,0.6,0.4,-18.2,8.3,24.7,4.0,19.0,24.4,16.0,0.4,0.6,0.5,-22.3,0.0,24.4,4.2,19.0,43.4,16.0,0.4,0.6,0.5,-2.9,19.5,39.6,15.7,13.0,25.9,18.0,0.5,0.6,0.4,-51.9,-6.9,18.0,-9.4,13.0,36.5,18.0,0.5,0.6,0.4,-2.8,3.8,22.2,7.0,12.0,17.0,18.0,0.4,0.6,0.4,-18.1,-3.8,0.1,-9.4,12.0,16.4,18.0,0.4,0.6,0.4,131.5,729.0,2874.0,1664.0,19.0,1968.5,16.0,0.4,0.6,0.5,130.0,730.0,2875.0,1665.0,19.0,1970.0,16.0,0.4,0.6,0.5
1974,2,312.0,44.0,2.86,4.45,6.14,4.48,6.0,1.83,16.0,0.5,0.5,0.6,-0.73,1.3,2.73,0.77,9.0,1.92,18.0,0.6,0.5,0.5,3.6,3.81,3.86,3.73,3.0,0.2,14.0,0.3,0.4,0.6,83.3,95.8,99.7,91.7,4.0,11.6,18.0,0.3,0.6,6.2,9.5,13.69,9.72,10.0,4.22,18.0,0.5,0.6,0.5,1.57,4.45,13.4,6.74,10.0,6.15,18.0,0.5,0.6,0.5,-6.4,-1.34,4.32,-0.93,10.0,5.8,18.0,0.5,0.6,0.5,1005.41,1011.75,1027.64,1016.26,8.0,15.11,16.0,0.5,0.6,0.5,4.1,8.0,8.0,6.6,10.0,2.5,18.0,0.5,0.6,0.5,10.1,41.3,179.6,87.7,10.0,90.8,18.0,0.5,0.6,0.5,-47.0,-16.6,23.6,-10.8,10.0,57.4,18.0,0.5,0.6,0.5,1.83,3.65,5.4,3.4,6.0,2.09,16.0,0.5,0.5,0.6,14.6,33.2,60.7,35.8,6.0,26.1,16.0,0.5,0.5,0.6,1.46,1.78,2.11,1.78,3.0,0.48,14.0,0.3,0.4,0.6,15.1,17.5,21.9,18.5,3.0,5.0,14.0,0.3,0.4,0.6,0.7,5.6,14.5,6.9,9.0,11.9,18.0,0.6,0.5,0.5,-6.9,0.0,12.8,2.3,9.0,13.3,18.0,0.6,0.5,0.5,23.1,46.8,49.8,36.7,3.0,21.4,14.0,0.3,0.4,0.6,-14.2,0.0,0.0,-6.9,3.0,12.0,14.0,0.3,0.4,0.6,10.3,17.5,21.9,16.1,3.0,8.5,14.0,0.3,0.4,0.6,-8.3,0.0,0.0,-4.1,3.0,7.0,14.0,0.3,0.4,0.6,238.5,921.5,2566.0,1380.0,10.0,1305.0,18.0,0.5,0.6,0.5,240.0,920.0,2565.0,1380.0,10.0,1305.0,18.0,0.5,0.6,0.5
1974,2,312.0,45.0,0.0,2.5,4.0,2.27,11.0,2.63,18.0,0.7,0.5,0.5,-2.47,-0.7,1.0,-0.09,14.0,2.75,16.0,0.6,0.5,0.5,2.8,3.13,4.2,3.37,10.0,0.85,18.0,0.6,0.5,0.6,80.0,83.8,90.0,83.5,10.0,7.4,18.0,0.6,0.6,6.23,9.3,12.86,9.81,14.0,4.56,16.0,0.6,0.5,0.5,0.0,6.06,9.88,4.74,14.0,7.88,16.0,0.6,0.5,0.5,-6.98,-1.83,5.62,-1.02,14.0,6.1,16.0,0.6,0.5,0.5,1003.31,1011.45,1017.82,1010.82,14.0,7.5,16.0,0.6,0.5,0.5,6.9,8.0,8.0,7.5,13.0,1.2,16.0,0.6,0.5,0.6,0.0,41.7,126.4,68.3,14.0,131.2,16.0,0.6,0.5,0.5,-75.1,-7.9,62.6,-10.8,14.0,67.7,16.0,0.6,0.5,0.5,0.42,2.4,3.57,2.09,11.0,1.71,18.0,0.7,0.5,0.5,3.5,17.4,48.8,23.5,11.0,23.2,18.0,0.7,0.5,0.5,0.52,1.43,1.76,1.2,9.0,0.63,18.0,0.7,0.5,0.6,5.0,8.8,20.3,11.7,9.0,9.2,18.0,0.7,0.5,0.6,-10.4,-2.8,8.2,-4.2,14.0,17.6,16.0,0.6,0.5,0.5,0.0,8.4,14.7,8.9,14.0,12.6,16.0,0.6,0.5,0.5,2.0,15.5,34.6,17.3,10.0,14.8,18.0,0.6,0.5,0.6,-20.8,7.4,24.7,3.0,10.0,22.7,18.0,0.6,0.5,0.6,0.1,4.1,15.6,7.3,9.0,9.2,18.0,0.7,0.5,0.6,-7.9,0.6,10.0,0.3,9.0,9.6,18.0,0.7,0.5,0.6,242.5,804.5,2128.5,1595.5,14.0,2427.0,16.0,0.6,0.5,0.5,240.0,805.0,2130.0,1595.0,14.0,2425.0,16.0,0.6,0.5,0.5
1974,2,312.0,46.0,-1.54,-1.1,-1.03,-1.24,5.0,0.3,16.0,0.4,0.6,0.6,-2.89,-1.8,-1.52,-2.17,8.0,1.81,14.0,0.5,0.6,0.5,2.45,2.72,3.35,2.89,5.0,0.65,14.0,0.4,0.6,0.4,73.8,81.8,93.8,83.2,5.0,12.0,14.0,0.4,0.4,4.78,7.2,9.23,7.4,8.0,3.29,14.0,0.5,0.6,0.5,2.4,5.71,8.18,5.74,8.0,3.11,14.0,0.5,0.6,0.5,-3.54,1.13,5.49,1.41,8.0,4.87,14.0,0.5,0.6,0.5,1001.17,1013.4,1017.26,1009.66,8.0,15.31,14.0,0.5,0.6,0.5,7.1,8.0,8.0,7.3,8.0,1.8,14.0,0.5,0.6,0.5,14.0,43.7,74.1,50.6,8.0,43.8,14.0,0.5,0.6,0.5,-22.0,2.9,48.1,19.0,8.0,48.7,14.0,0.5,0.6,0.5,0.19,0.6,2.24,1.32,5.0,2.13,16.0,0.4,0.6,0.6,1.2,4.9,14.9,8.7,5.0,13.0,16.0,0.4,0.6,0.6,0.54,0.75,1.01,0.77,4.0,0.36,16.0,0.5,0.8,0.5,2.1,4.2,8.6,5.3,4.0,4.2,16.0,0.5,0.8,0.5,-15.9,-12.6,-2.2,-10.7,8.0,10.0,14.0,0.5,0.6,0.5,-8.6,0.0,10.2,2.0,8.0,11.1,14.0,0.5,0.6,0.5,5.3,14.9,28.9,17.4,5.0,14.8,14.0,0.4,0.6,0.4,-6.4,5.8,20.3,6.9,5.0,18.7,14.0,0.4,0.6,0.4,0.9,3.6,7.3,4.1,4.0,3.8,16.0,0.5,0.8,0.5,-1.1,0.8,4.4,1.6,4.0,3.9,16.0,0.5,0.8,0.5,113.0,395.0,788.0,626.5,8.0,770.5,14.0,0.5,0.6,0.5,115.0,395.0,790.0,625.0,8.0,770.0,14.0,0.5,0.6,0.5
1974,2,312.0,47.0,-0.34,0.75,1.94,0.8,4.0,1.61,12.0,0.5,0.4,0.4,-4.29,-2.5,0.31,-2.47,7.0,2.34,12.0,0.4,0.4,0.5,2.06,2.79,3.64,2.84,5.0,0.91,12.0,0.4,0.5,0.5,68.2,88.3,92.1,81.6,5.0,15.0,12.0,0.4,0.5,4.9,9.3,12.35,8.36,7.0,4.7,12.0,0.4,0.4,0.5,3.76,9.3,12.31,8.03,7.0,4.73,12.0,0.4,0.4,0.5,-0.58,0.0,3.34,0.75,7.0,2.33,12.0,0.4,0.4,0.5,996.34,1002.6,1013.11,1002.3,7.0,10.13,12.0,0.4,0.4,0.5,4.9,7.0,8.0,6.4,7.0,1.9,12.0,0.4,0.4,0.5,19.0,86.5,152.1,86.0,7.0,71.0,12.0,0.4,0.4,0.5,-1.7,0.0,18.9,7.3,7.0,27.0,12.0,0.4,0.4,0.5,1.03,1.8,2.62,1.83,4.0,0.99,12.0,0.5,0.4,0.4,3.3,7.4,15.2,9.1,4.0,7.4,12.0,0.5,0.4,0.4,0.72,0.95,1.16,0.94,4.0,0.26,12.0,0.5,0.4,0.4,2.2,3.7,10.3,6.1,4.0,6.7,12.0,0.5,0.4,0.4,-52.0,-27.9,1.6,-26.0,7.0,29.1,12.0,0.4,0.4,0.5,-0.5,0.0,2.3,0.1,7.0,6.0,12.0,0.4,0.4,0.5,10.7,17.6,23.4,16.9,5.0,9.6,12.0,0.4,0.5,0.5,-2.2,0.0,11.4,3.7,5.0,7.5,12.0,0.4,0.5,0.5,2.0,3.2,9.5,5.6,4.0,6.4,12.0,0.5,0.4,0.4,-0.3,1.3,4.1,1.9,4.0,2.8,12.0,0.5,0.4,0.4,126.5,804.5,1887.0,1028.5,7.0,999.5,12.0,0.4,0.4,0.5,125.0,805.0,1885.0,1030.0,7.0,1000.0,12.0,0.4,0.4,0.5
1974,2,312.0,48.0,,,,,,,,,,,,,,,,,,,,,,,,,,,,,,,,,,,,,,,,15.4,15.4,15.4,15.4,1.0,0.0,4.0,0.0,1.0,0.0,11.8,11.8,11.8,11.8,1.0,0.0,4.0,0.0,1.0,0.0,9.9,9.9,9.9,9.9,1.0,0.0,4.0,0.0,1.0,0.0,1001.2,1001.2,1001.2,1001.2,1.0,0.0,4.0,0.0,1.0,0.0,,,,,,,,,,,,,,,,,,,,,,,,,,,,,,,,,,,,,,,,,,,,,,,,,,,,,,,,,,,,,,,,,,,,,,,,,,,,,,,,,,,,,,,,,,,,,,,,,,,,,,,,,,,,,,,,,,,,,,,,,,,,,,,,,,,,,,,,,,,,,,,,,,,,,,
1974,2,312.0,49.0,0.0,1.0,3.07,1.82,6.0,2.64,18.0,0.5,0.6,0.4,-5.89,-0.4,1.78,-1.32,6.0,4.18,18.0,0.5,0.6,0.4,1.96,2.08,3.81,2.75,5.0,1.1,18.0,0.4,0.6,0.4,69.2,83.8,86.0,76.9,5.0,18.5,18.0,0.4,0.4,8.66,11.6,16.09,12.62,6.0,5.79,18.0,0.5,0.6,0.4,1.98,7.68,9.75,6.51,6.0,4.54,18.0,0.5,0.6,0.4,-1.44,1.61,15.92,5.51,6.0,10.8,18.0,0.5,0.6,0.4,994.51,1004.3,1010.24,1003.13,6.0,8.52,18.0,0.5,0.6,0.4,5.2,7.0,8.0,6.3,6.0,2.3,18.0,0.5,0.6,0.4,28.6,61.8,102.1,68.7,6.0,58.3,18.0,0.5,0.6,0.4,-19.9,15.0,267.5,108.1,6.0,220.1,18.0,0.5,0.6,0.4,-1.78,1.45,9.41,3.13,6.0,6.4,18.0,0.5,0.6,0.4,-29.8,23.4,87.5,27.1,6.0,66.8,18.0,0.5,0.6,0.4,0.03,2.03,2.96,1.66,5.0,1.78,18.0,0.4,0.6,0.4,-1.2,21.7,40.7,20.2,5.0,22.4,18.0,0.4,0.6,0.4,-53.9,-10.8,8.0,-19.5,6.0,30.7,18.0,0.5,0.6,0.4,-9.5,6.3,29.6,12.0,6.0,25.4,18.0,0.5,0.6,0.4,6.8,18.7,20.1,14.1,5.0,8.9,18.0,0.4,0.6,0.4,2.1,3.4,48.3,21.7,5.0,27.7,18.0,0.4,0.6,0.4,-0.4,1.8,27.1,11.9,5.0,16.9,18.0,0.4,0.6,0.4,-2.3,3.8,20.9,10.0,5.0,20.6,18.0,0.4,0.6,0.4,687.5,1745.0,4753.0,3177.0,6.0,4246.5,18.0,0.5,0.6,0.4,685.0,1745.0,4755.0,3175.0,6.0,4245.0,18.0,0.5,0.6,0.4
1974,2,312.0,50.0,2.8,4.1,5.4,4.1,2.0,2.69,18.0,0.5,0.8,0.3,1.27,4.0,5.37,3.33,3.0,3.06,14.0,0.7,0.7,0.3,5.2,5.2,5.2,5.2,1.0,0.0,10.0,0.0,1.0,0.0,87.0,87.0,87.0,87.0,1.0,0.0,10.0,0.0,0.0,6.09,9.3,14.56,10.3,3.0,6.26,14.0,0.7,0.7,0.3,-3.11,-2.96,9.97,3.28,3.0,11.0,14.0,0.7,0.7,0.3,-7.81,-5.81,-4.25,-6.03,3.0,2.61,14.0,0.7,0.7,0.3,982.64,989.4,1000.32,991.43,3.0,13.07,14.0,0.7,0.7,0.3,8.0,8.0,8.0,8.0,2.0,0.0,10.0,0.5,0.8,0.2,-24.5,-13.6,181.1,76.1,3.0,169.4,14.0,0.7,0.7,0.3,-93.3,-81.3,-36.9,-65.4,3.0,43.5,14.0,0.7,0.7,0.3,0.35,1.1,1.85,1.1,2.0,1.56,18.0,0.5,0.8,0.3,5.9,18.7,31.5,18.7,2.0,26.4,18.0,0.5,0.8,0.3,0.78,0.78,0.78,0.78,1.0,0.0,10.0,0.0,1.0,0.0,7.3,7.3,7.3,7.3,1.0,0.0,10.0,0.0,1.0,0.0,-16.8,-11.8,-3.8,-10.3,3.0,9.6,14.0,0.7,0.7,0.3,-40.3,-14.1,-4.5,-22.2,3.0,27.1,14.0,0.7,0.7,0.3,-16.5,-16.5,-16.5,-16.5,1.0,0.0,10.0,0.0,1.0,0.0,-45.5,-45.5,-45.5,-45.5,1.0,0.0,10.0,0.0,1.0,0.0,-2.5,-2.5,-2.5,-2.5,1.0,0.0,10.0,0.0,1.0,0.0,-6.8,-6.8,-6.8,-6.8,1.0,0.0,10.0,0.0,1.0,0.0,321.5,804.5,3609.0,1938.0,3.0,2600.5,14.0,0.7,0.7,0.3,320.0,805.0,3610.0,1940.0,3.0,2600.0,14.0,0.7,0.7,0.3
1974,2,312.0,52.0,3.72,4.5,5.39,4.55,4.0,1.23,18.0,0.3,0.9,0.5,-1.51,-0.45,1.3,-0.12,4.0,1.78,18.0,0.3,0.9,0.5,4.17,4.17,4.17,4.17,1.0,0.0,20.0,0.0,1.0,0.0,93.1,93.1,93.1,93.1,1.0,0.0,20.0,0.0,0.0,13.48,15.0,17.83,15.63,4.0,2.87,18.0,0.3,0.9,0.5,12.54,13.97,14.99,13.77,4.0,1.45,18.0,0.3,0.9,0.5,-9.9,-6.24,-2.61,-6.25,4.0,5.16,18.0,0.3,0.9,0.5,1000.45,1003.7,1007.37,1003.9,4.0,4.0,18.0,0.3,0.9,0.5,5.3,8.0,8.0,6.7,3.0,2.3,20.0,0.3,0.9,0.4,169.4,205.2,267.1,217.6,4.0,59.5,18.0,0.3,0.9,0.5,-174.7,-92.8,-41.7,-107.5,4.0,101.3,18.0,0.3,0.9,0.5,3.2,4.6,6.16,4.68,4.0,2.1,18.0,0.3,0.9,0.5,49.1,67.2,90.9,69.9,4.0,26.1,18.0,0.3,0.9,0.5,1.07,1.07,1.07,1.07,1.0,0.0,20.0,0.0,1.0,0.0,20.8,20.8,20.8,20.8,1.0,0.0,20.0,0.0,1.0,0.0,-21.1,-5.3,19.1,-1.2,4.0,26.0,18.0,0.3,0.9,0.5,-14.4,4.2,9.2,-2.3,4.0,17.4,18.0,0.3,0.9,0.5,62.3,62.3,62.3,62.3,1.0,0.0,20.0,0.0,1.0,0.0,-52.3,-52.3,-52.3,-52.3,1.0,0.0,20.0,0.0,1.0,0.0,15.9,15.9,15.9,15.9,1.0,0.0,20.0,0.0,1.0,0.0,-13.4,-13.4,-13.4,-13.4,1.0,0.0,20.0,0.0,1.0,0.0,2457.5,3420.0,5835.0,4113.0,4.0,2341.5,18.0,0.3,0.9,0.5,2455.0,3420.0,5835.0,4115.0,4.0,2340.0,18.0,0.3,0.9,0.5
1974,2,312.0,53.0,1.56,2.0,6.0,3.42,5.0,2.36,22.0,0.8,0.7,0.3,-2.33,-1.2,0.03,-1.16,5.0,2.23,22.0,0.8,0.7,0.3,3.27,3.27,3.27,3.27,1.0,0.0,20.0,1.0,0.7,0.0,94.3,94.3,94.3,94.3,1.0,0.0,20.0,1.0,0.0,10.01,14.4,18.83,14.26,5.0,6.23,22.0,0.8,0.7,0.3,4.14,4.41,13.45,7.95,5.0,5.18,22.0,0.8,0.7,0.3,-11.36,-2.5,9.5,-0.28,5.0,13.67,22.0,0.8,0.7,0.3,992.79,1000.1,1006.04,999.88,5.0,7.71,22.0,0.8,0.7,0.3,7.0,7.5,8.0,7.5,4.0,0.6,20.0,1.0,0.6,0.3,44.0,84.0,210.5,117.6,5.0,89.8,22.0,0.8,0.7,0.3,-167.1,-36.0,182.0,22.2,5.0,267.0,22.0,0.8,0.7,0.3,2.7,4.0,6.63,4.58,5.0,2.08,22.0,0.8,0.7,0.3,34.1,81.3,93.7,66.5,5.0,36.4,22.0,0.8,0.7,0.3,2.53,2.53,2.53,2.53,1.0,0.0,20.0,1.0,0.7,0.0,36.4,36.4,36.4,36.4,1.0,0.0,20.0,1.0,0.7,0.0,-17.7,-15.6,-0.2,-9.7,5.0,11.2,22.0,0.8,0.7,0.3,0.9,13.1,46.5,21.8,5.0,24.6,22.0,0.8,0.7,0.3,46.4,46.4,46.4,46.4,1.0,0.0,20.0,1.0,0.7,0.0,-8.2,-8.2,-8.2,-8.2,1.0,0.0,20.0,1.0,0.7,0.0,35.9,35.9,35.9,35.9,1.0,0.0,20.0,1.0,0.7,0.0,-6.3,-6.3,-6.3,-6.3,1.0,0.0,20.0,1.0,0.7,0.0,1408.5,2986.0,7007.5,4163.5,5.0,4011.5,22.0,0.8,0.7,0.3,1410.0,2985.0,7005.0,4165.0,5.0,4010.0,22.0,0.8,0.7,0.3
1974,2,312.0,54.0,1.95,2.5,3.51,2.66,7.0,0.97,14.0,0.4,0.6,0.3,-6.39,-4.1,0.0,-3.64,5.0,3.94,16.0,0.4,0.6,0.4,3.08,3.18,3.29,3.18,2.0,0.22,20.0,0.5,0.5,0.3,81.6,84.6,87.6,84.6,2.0,6.2,20.0,0.5,0.3,10.86,16.5,18.15,15.59,7.0,4.51,14.0,0.4,0.6,0.3,5.43,13.79,15.62,11.59,7.0,5.05,14.0,0.4,0.6,0.3,-9.17,6.93,11.67,2.04,7.0,10.8,14.0,0.4,0.6,0.3,985.38,999.0,1014.72,1001.34,7.0,13.5,14.0,0.4,0.6,0.3,6.0,6.5,7.5,6.8,4.0,1.0,20.0,0.8,0.7,0.3,59.1,248.2,283.5,199.0,7.0,115.6,14.0,0.4,0.6,0.3,-164.2,55.4,212.0,27.3,7.0,188.2,14.0,0.4,0.6,0.3,3.01,6.1,9.17,6.16,5.0,3.37,16.0,0.4,0.6,0.4,49.6,109.8,138.0,99.6,5.0,54.4,16.0,0.4,0.6,0.4,1.25,1.46,1.66,1.46,2.0,0.42,20.0,0.5,0.5,0.3,20.6,24.0,27.4,24.0,2.0,7.0,20.0,0.5,0.5,0.3,-63.0,-52.2,0.0,-36.6,5.0,34.4,16.0,0.4,0.6,0.4,-72.7,-47.4,0.0,-40.1,5.0,39.7,16.0,0.4,0.6,0.4,37.3,41.2,45.1,41.2,2.0,8.1,20.0,0.5,0.5,0.3,-38.2,-29.6,-21.1,-29.6,2.0,17.8,20.0,0.5,0.5,0.3,14.6,19.7,24.9,19.7,2.0,10.6,20.0,0.5,0.5,0.3,-13.9,-12.3,-10.7,-12.3,2.0,3.3,20.0,0.5,0.5,0.3,1292.0,4492.0,6002.5,4555.0,7.0,2984.0,14.0,0.4,0.6,0.3,1290.0,4490.0,6000.0,4555.0,7.0,2985.0,14.0,0.4,0.6,0.3
1974,2,312.0,59.0,1.66,2.0,2.68,2.17,3.0,0.76,20.0,1.0,0.4,0.5,-2.05,-0.5,1.89,-0.1,4.0,2.76,20.0,0.8,0.4,0.5,3.36,3.48,3.6,3.48,2.0,0.24,18.0,1.0,0.4,0.2,92.9,92.9,93.0,92.9,2.0,0.0,18.0,1.0,0.2,11.41,12.3,17.97,14.63,3.0,5.21,20.0,1.0,0.4,0.5,8.21,10.65,16.59,12.36,3.0,6.32,20.0,1.0,0.4,0.5,-7.99,-7.05,-6.43,-7.21,3.0,1.15,20.0,1.0,0.4,0.5,983.2,995.55,998.78,991.2,4.0,11.6,20.0,0.8,0.4,0.5,5.0,7.0,7.7,6.3,3.0,2.1,20.0,1.0,0.4,0.5,94.7,131.0,313.8,202.5,3.0,172.0,20.0,1.0,0.4,0.5,-128.5,-92.7,-81.1,-104.5,3.0,36.2,20.0,1.0,0.4,0.5,0.07,1.5,2.52,1.3,3.0,1.81,20.0,1.0,0.4,0.5,1.4,18.5,48.0,24.6,3.0,34.6,20.0,1.0,0.4,0.5,0.79,0.92,1.05,0.92,2.0,0.28,18.0,1.0,0.4,0.2,11.2,16.0,20.8,16.0,2.0,9.9,18.0,1.0,0.4,0.2,-13.2,0.0,17.4,2.0,3.0,22.5,20.0,1.0,0.4,0.5,-20.7,0.0,4.8,-7.8,3.0,19.9,20.0,1.0,0.4,0.5,42.9,51.5,60.0,51.5,2.0,17.8,18.0,1.0,0.4,0.2,-23.2,-22.9,-22.6,-22.9,2.0,0.6,18.0,1.0,0.4,0.2,9.9,14.7,19.4,14.7,2.0,9.8,18.0,1.0,0.4,0.2,-7.3,-6.2,-5.0,-6.2,2.0,2.4,18.0,1.0,0.4,0.2,1499.0,1861.0,6558.0,3978.0,3.0,4134.0,20.0,1.0,0.4,0.5,1500.0,1860.0,6560.0,3980.0,3.0,4135.0,20.0,1.0,0.4,0.5
1974,2,313.0,-61.0,0.0,0.0,0.61,0.3,3.0,0.52,10.0,0.7,0.7,0.1,-0.48,0.0,0.68,0.1,3.0,0.85,10.0,0.7,0.7,0.1,3.71,3.84,4.09,3.9,3.0,0.28,10.0,0.7,0.7,0.1,99.5,100.0,100.0,99.8,3.0,0.4,10.0,0.7,0.1,4.76,5.1,6.19,5.47,3.0,1.1,10.0,0.7,0.7,0.1,-2.54,1.74,3.49,0.51,3.0,4.55,10.0,0.7,0.7,0.1,-3.25,0.8,3.52,0.15,3.0,4.99,10.0,0.7,0.7,0.1,983.08,991.0,994.41,988.8,3.0,8.52,10.0,0.7,0.7,0.1,8.0,8.0,8.0,8.0,3.0,0.0,10.0,0.7,0.7,0.1,-11.4,8.9,22.5,5.6,3.0,25.0,10.0,0.7,0.7,0.1,-22.3,3.7,17.9,-2.1,3.0,29.8,10.0,0.7,0.7,0.1,-0.68,0.0,1.09,0.2,3.0,1.31,10.0,0.7,0.7,0.1,-3.5,0.0,5.0,0.8,3.0,6.3,10.0,0.7,0.7,0.1,-0.2,0.0,0.33,0.06,3.0,0.39,10.0,0.7,0.7,0.1,-1.0,0.0,1.5,0.2,3.0,1.9,10.0,0.7,0.7,0.1,0.6,1.7,2.7,1.6,3.0,1.6,10.0,0.7,0.7,0.1,-0.4,0.0,3.3,1.4,3.0,2.9,10.0,0.7,0.7,0.1,-8.9,7.3,13.6,2.5,3.0,17.1,10.0,0.7,0.7,0.1,-12.5,2.9,14.7,1.1,3.0,20.0,10.0,0.7,0.7,0.1,-1.6,-0.5,-0.2,-0.9,3.0,1.1,10.0,0.7,0.7,0.1,-1.0,0.0,0.3,-0.3,3.0,0.9,10.0,0.7,0.7,0.1,108.5,132.5,247.5,177.0,3.0,108.5,10.0,0.7,0.7,0.1,110.0,135.0,245.0,175.0,3.0,110.0,10.0,0.7,0.7,0.1
1974,2,313.0,-57.0,3.1,3.1,3.1,3.1,1.0,0.0,18.0,0.0,0.6,0.6,4.0,4.0,4.0,4.0,1.0,0.0,18.0,0.0,0.6,0.6,4.31,4.31,4.31,4.31,1.0,0.0,18.0,0.0,0.6,0.6,85.0,85.0,85.0,85.0,1.0,0.0,18.0,0.0,0.6,9.3,9.3,9.3,9.3,1.0,0.0,18.0,0.0,0.6,0.6,8.74,8.74,8.74,8.74,1.0,0.0,18.0,0.0,0.6,0.6,3.18,3.18,3.18,3.18,1.0,0.0,18.0,0.0,0.6,0.6,1004.7,1004.7,1004.7,1004.7,1.0,0.0,18.0,0.0,0.6,0.6,8.0,8.0,8.0,8.0,1.0,0.0,18.0,0.0,0.6,0.6,81.3,81.3,81.3,81.3,1.0,0.0,18.0,0.0,0.6,0.6,29.6,29.6,29.6,29.6,1.0,0.0,18.0,0.0,0.6,0.6,-0.9,-0.9,-0.9,-0.9,1.0,0.0,18.0,0.0,0.6,0.6,-8.4,-8.4,-8.4,-8.4,1.0,0.0,18.0,0.0,0.6,0.6,0.45,0.45,0.45,0.45,1.0,0.0,18.0,0.0,0.6,0.6,4.2,4.2,4.2,4.2,1.0,0.0,18.0,0.0,0.6,0.6,35.0,35.0,35.0,35.0,1.0,0.0,18.0,0.0,0.6,0.6,12.7,12.7,12.7,12.7,1.0,0.0,18.0,0.0,0.6,0.6,37.6,37.6,37.6,37.6,1.0,0.0,18.0,0.0,0.6,0.6,13.7,13.7,13.7,13.7,1.0,0.0,18.0,0.0,0.6,0.6,4.0,4.0,4.0,4.0,1.0,0.0,18.0,0.0,0.6,0.6,1.4,1.4,1.4,1.4,1.0,0.0,18.0,0.0,0.6,0.6,804.5,804.5,804.5,804.5,1.0,0.0,18.0,0.0,0.6,0.6,805.0,805.0,805.0,805.0,1.0,0.0,18.0,0.0,0.6,0.6
1974,2,313.0,-48.0,10.4,10.4,10.4,10.4,1.0,0.0,26.0,0.0,0.2,0.8,14.4,14.4,14.4,14.4,1.0,0.0,26.0,0.0,0.2,0.8,10.2,10.2,10.2,10.2,1.0,0.0,26.0,0.0,0.2,0.8,100.0,100.0,100.0,100.0,1.0,0.0,26.0,0.0,0.8,12.9,12.9,12.9,12.9,1.0,0.0,26.0,0.0,0.2,0.8,2.24,2.24,2.24,2.24,1.0,0.0,26.0,0.0,0.2,0.8,-12.7,-12.7,-12.7,-12.7,1.0,0.0,26.0,0.0,0.2,0.8,1010.0,1010.0,1010.0,1010.0,1.0,0.0,26.0,0.0,0.2,0.8,8.0,8.0,8.0,8.0,1.0,0.0,26.0,0.0,0.2,0.8,28.9,28.9,28.9,28.9,1.0,0.0,26.0,0.0,0.2,0.8,-163.9,-163.9,-163.9,-163.9,1.0,0.0,26.0,0.0,0.2,0.8,-4.0,-4.0,-4.0,-4.0,1.0,0.0,26.0,0.0,0.2,0.8,-51.6,-51.6,-51.6,-51.6,1.0,0.0,26.0,0.0,0.2,0.8,-2.37,-2.37,-2.37,-2.37,1.0,0.0,26.0,0.0,0.2,0.8,-30.6,-30.6,-30.6,-30.6,1.0,0.0,26.0,0.0,0.2,0.8,32.3,32.3,32.3,32.3,1.0,0.0,26.0,0.0,0.2,0.8,-182.9,-182.9,-182.9,-182.9,1.0,0.0,26.0,0.0,0.2,0.8,22.9,22.9,22.9,22.9,1.0,0.0,26.0,0.0,0.2,0.8,-129.6,-129.6,-129.6,-129.6,1.0,0.0,26.0,0.0,0.2,0.8,-5.3,-5.3,-5.3,-5.3,1.0,0.0,26.0,0.0,0.2,0.8,30.1,30.1,30.1,30.1,1.0,0.0,26.0,0.0,0.2,0.8,2146.5,2146.5,2146.5,2146.5,1.0,0.0,26.0,0.0,0.2,0.8,2145.0,2145.0,2145.0,2145.0,1.0,0.0,26.0,0.0,0.2,0.8
1974,2,313.0,-44.0,,,,,,,,,,,,,,,,,,,,,,,,,,,,,,,,,,,,,,,,3.0,3.0,3.0,3.0,1.0,0.0,20.0,0.0,0.2,0.9,-1.93,-1.93,-1.93,-1.93,1.0,0.0,20.0,0.0,0.2,0.9,-2.3,-2.3,-2.3,-2.3,1.0,0.0,20.0,0.0,0.2,0.9,1021.5,1021.5,1021.5,1021.5,1.0,0.0,20.0,0.0,0.2,0.9,,,,,,,,,,,,,,,,,,,,,,,,,,,,,,,,,,,,,,,,,,,,,,,,,,,,,,,,,,,,,,,,,,,,,,,,,,,,,,,,,,,,,,,,,,,,,,,,,,,,,,,,,,,,,,,,,,,,,,,,,,,,,,,,,,,,,,,,,,,,,,,,,,,,,,
1974,2,313.0,-43.0,,,,,,,,,,,,,,,,,,,,,,,,,,,,,,,,,,,,,,,,0.0,0.0,0.0,0.0,1.0,0.0,2.0,1.0,0.5,0.4,0.0,0.0,0.0,0.0,1.0,0.0,2.0,1.0,0.5,0.4,0.0,0.0,0.0,0.0,1.0,0.0,2.0,1.0,0.5,0.4,1017.0,1017.0,1017.0,1017.0,1.0,0.0,2.0,1.0,0.5,0.4,,,,,,,,,,,,,,,,,,,,,,,,,,,,,,,,,,,,,,,,,,,,,,,,,,,,,,,,,,,,,,,,,,,,,,,,,,,,,,,,,,,,,,,,,,,,,,,,,,,,,,,,,,,,,,,,,,,,,,,,,,,,,,,,,,,,,,,,,,,,,,,,,,,,,,
1974,2,313.0,-41.0,,,,,,,,,,,,,,,,,,,,,,,,,,,,,,,,,,,,,,,,13.9,13.9,13.9,13.9,1.0,0.0,22.0,0.0,0.4,0.8,-6.95,-6.95,-6.95,-6.95,1.0,0.0,22.0,0.0,0.4,0.8,12.04,12.04,12.04,12.04,1.0,0.0,22.0,0.0,0.4,0.8,1009.5,1009.5,1009.5,1009.5,1.0,0.0,22.0,0.0,0.4,0.8,,,,,,,,,,,,,,,,,,,,,,,,,,,,,,,,,,,,,,,,,,,,,,,,,,,,,,,,,,,,,,,,,,,,,,,,,,,,,,,,,,,,,,,,,,,,,,,,,,,,,,,,,,,,,,,,,,,,,,,,,,,,,,,,,,,,,,,,,,,,,,,,,,,,,,
1974,2,313.0,-40.0,,,,,,,,,,,,,,,,,,,,,,,,,,,,,,,,,,,,,,,,6.0,6.0,6.0,6.0,2.0,0.0,16.0,0.0,0.5,0.8,-4.6,-4.6,-4.6,-4.6,2.0,0.0,16.0,0.0,0.5,0.8,-2.63,0.0,2.63,0.0,2.0,5.45,16.0,0.0,0.5,0.8,1008.5,1010.65,1012.8,1010.65,2.0,4.45,16.0,0.0,0.5,0.8,,,,,,,,,,,,,,,,,,,,,,,,,,,,,,,,,,,,,,,,,,,,,,,,,,,,,,,,,,,,,,,,,,,,,,,,,,,,,,,,,,,,,,,,,,,,,,,,,,,,,,,,,,,,,,,,,,,,,,,,,,,,,,,,,,,,,,,,,,,,,,,,,,,,,,
1974,2,313.0,-39.0,,,,,,,,,,,,,,,,,,,,,,,,,,,,,,,,,,,,,,,,10.0,10.0,10.0,10.0,1.0,0.0,12.0,0.0,0.6,0.3,6.43,6.43,6.43,6.43,1.0,0.0,12.0,0.0,0.6,0.3,-7.66,-7.66,-7.66,-7.66,1.0,0.0,12.0,0.0,0.6,0.3,1011.1,1011.1,1011.1,1011.1,1.0,0.0,12.0,0.0,0.6,0.3,,,,,,,,,,,,,,,,,,,,,,,,,,,,,,,,,,,,,,,,,,,,,,,,,,,,,,,,,,,,,,,,,,,,,,,,,,,,,,,,,,,,,,,,,,,,,,,,,,,,,,,,,,,,,,,,,,,,,,,,,,,,,,,,,,,,,,,,,,,,,,,,,,,,,,
1974,2,313.0,-35.0,24.0,24.0,24.0,24.0,1.0,0.0,6.0,1.0,0.5,1.0,23.8,23.8,23.8,23.8,1.0,0.0,6.0,1.0,0.5,1.0,17.44,17.44,17.44,17.44,1.0,0.0,6.0,1.0,0.5,1.0,94.7,94.7,94.7,94.7,1.0,0.0,6.0,1.0,1.0,6.7,6.7,6.7,6.7,1.0,0.0,6.0,1.0,0.5,1.0,0.0,0.0,0.0,0.0,1.0,0.0,6.0,1.0,0.5,1.0,-6.7,-6.7,-6.7,-6.7,1.0,0.0,6.0,1.0,0.5,1.0,1010.8,1010.8,1010.8,1010.8,1.0,0.0,6.0,1.0,0.5,1.0,7.0,7.0,7.0,7.0,1.0,0.0,6.0,1.0,0.5,1.0,0.0,0.0,0.0,0.0,1.0,0.0,6.0,1.0,0.5,1.0,-44.9,-44.9,-44.9,-44.9,1.0,0.0,6.0,1.0,0.5,1.0,0.2,0.2,0.2,0.2,1.0,0.0,6.0,1.0,0.5,1.0,1.3,1.3,1.3,1.3,1.0,0.0,6.0,1.0,0.5,1.0,1.21,1.21,1.21,1.21,1.0,0.0,6.0,1.0,0.5,1.0,8.1,8.1,8.1,8.1,1.0,0.0,6.0,1.0,0.5,1.0,0.0,0.0,0.0,0.0,1.0,0.0,6.0,1.0,0.5,1.0,-159.5,-159.5,-159.5,-159.5,1.0,0.0,6.0,1.0,0.5,1.0,0.0,0.0,0.0,0.0,1.0,0.0,6.0,1.0,0.5,1.0,-116.9,-116.9,-116.9,-116.9,1.0,0.0,6.0,1.0,0.5,1.0,0.0,0.0,0.0,0.0,1.0,0.0,6.0,1.0,0.5,1.0,-8.1,-8.1,-8.1,-8.1,1.0,0.0,6.0,1.0,0.5,1.0,301.0,301.0,301.0,301.0,1.0,0.0,6.0,1.0,0.5,1.0,300.0,300.0,300.0,300.0,1.0,0.0,6.0,1.0,0.5,1.0
1974,2,313.0,-34.0,23.3,23.3,23.3,23.3,1.0,0.0,6.0,1.0,0.6,0.4,26.0,26.0,26.0,26.0,1.0,0.0,6.0,1.0,0.6,0.4,15.06,15.06,15.06,15.06,1.0,0.0,6.0,1.0,0.6,0.4,71.7,71.7,71.7,71.7,1.0,0.0,6.0,1.0,0.4,13.9,13.9,13.9,13.9,1.0,0.0,6.0,1.0,0.6,0.4,-6.95,-6.95,-6.95,-6.95,1.0,0.0,6.0,1.0,0.6,0.4,-12.04,-12.04,-12.04,-12.04,1.0,0.0,6.0,1.0,0.6,0.4,1009.0,1009.0,1009.0,1009.0,1.0,0.0,6.0,1.0,0.6,0.4,8.0,8.0,8.0,8.0,1.0,0.0,6.0,1.0,0.6,0.4,-96.6,-96.6,-96.6,-96.6,1.0,0.0,6.0,1.0,0.6,0.4,-167.3,-167.3,-167.3,-167.3,1.0,0.0,6.0,1.0,0.6,0.4,-2.7,-2.7,-2.7,-2.7,1.0,0.0,6.0,1.0,0.6,0.4,-37.5,-37.5,-37.5,-37.5,1.0,0.0,6.0,1.0,0.6,0.4,2.84,2.84,2.84,2.84,1.0,0.0,6.0,1.0,0.6,0.4,39.5,39.5,39.5,39.5,1.0,0.0,6.0,1.0,0.6,0.4,-180.7,-180.7,-180.7,-180.7,1.0,0.0,6.0,1.0,0.6,0.4,-313.0,-313.0,-313.0,-313.0,1.0,0.0,6.0,1.0,0.6,0.4,-104.7,-104.7,-104.7,-104.7,1.0,0.0,6.0,1.0,0.6,0.4,-181.3,-181.3,-181.3,-181.3,1.0,0.0,6.0,1.0,0.6,0.4,-19.7,-19.7,-19.7,-19.7,1.0,0.0,6.0,1.0,0.6,0.4,-34.2,-34.2,-34.2,-34.2,1.0,0.0,6.0,1.0,0.6,0.4,2685.5,2685.5,2685.5,2685.5,1.0,0.0,6.0,1.0,0.6,0.4,2685.0,2685.0,2685.0,2685.0,1.0,0.0,6.0,1.0,0.6,0.4
1974,2,313.0,-32.0,24.16,24.5,24.84,24.5,2.0,0.71,26.0,0.0,0.3,1.0,22.55,22.65,22.75,22.65,2.0,0.21,26.0,0.0,0.3,1.0,12.88,12.88,12.88,12.88,1.0,0.0,26.0,0.0,0.2,1.0,76.2,76.2,76.2,76.2,1.0,0.0,26.0,0.0,1.0,3.62,5.8,7.98,5.8,2.0,4.53,26.0,0.0,0.3,1.0,-6.16,-4.57,-2.99,-4.57,2.0,3.28,26.0,0.0,0.3,1.0,-0.18,2.24,4.66,2.24,2.0,5.01,26.0,0.0,0.3,1.0,1015.06,1015.2,1015.34,1015.2,2.0,0.28,26.0,0.0,0.3,1.0,2.8,4.5,6.2,4.5,2.0,3.5,26.0,0.0,0.3,1.0,-53.1,-34.0,-14.8,-34.0,2.0,39.7,26.0,0.0,0.3,1.0,5.4,24.3,43.3,24.3,2.0,39.2,26.0,0.0,0.3,1.0,1.61,1.85,2.09,1.85,2.0,0.49,26.0,0.0,0.3,1.0,6.4,11.9,17.3,11.9,2.0,11.2,26.0,0.0,0.3,1.0,5.7,5.7,5.7,5.7,1.0,0.0,26.0,0.0,0.2,1.0,14.8,14.8,14.8,14.8,1.0,0.0,26.0,0.0,0.2,1.0,-140.3,-103.9,-67.6,-103.9,2.0,75.3,26.0,0.0,0.3,1.0,-3.7,51.3,106.3,51.3,2.0,114.0,26.0,0.0,0.3,1.0,-29.0,-29.0,-29.0,-29.0,1.0,0.0,26.0,0.0,0.2,1.0,-16.7,-16.7,-16.7,-16.7,1.0,0.0,26.0,0.0,0.2,1.0,-12.8,-12.8,-12.8,-12.8,1.0,0.0,26.0,0.0,0.2,1.0,-7.4,-7.4,-7.4,-7.4,1.0,0.0,26.0,0.0,0.2,1.0,130.5,373.5,616.0,373.5,2.0,503.0,26.0,0.0,0.3,1.0,130.0,375.0,615.0,375.0,2.0,505.0,26.0,0.0,0.3,1.0
1974,2,313.0,-31.0,,,,,,,,,,,,,,,,,,,,,,,,,,,,,,,,,,,,,,,,4.0,4.0,4.0,4.0,1.0,0.0,26.0,1.0,0.9,1.0,-2.57,-2.57,-2.57,-2.57,1.0,0.0,26.0,1.0,0.9,1.0,3.06,3.06,3.06,3.06,1.0,0.0,26.0,1.0,0.9,1.0,1016.8,1016.8,1016.8,1016.8,1.0,0.0,26.0,1.0,0.9,1.0,,,,,,,,,,,,,,,,,,,,,,,,,,,,,,,,,,,,,,,,,,,,,,,,,,,,,,,,,,,,,,,,,,,,,,,,,,,,,,,,,,,,,,,,,,,,,,,,,,,,,,,,,,,,,,,,,,,,,,,,,,,,,,,,,,,,,,,,,,,,,,,,,,,,,,
1974,2,313.0,-30.0,26.0,26.0,26.0,26.0,2.0,0.0,20.0,0.5,0.5,0.8,23.9,25.85,27.8,25.85,2.0,4.03,20.0,0.5,0.5,0.8,14.08,15.08,16.08,15.08,2.0,2.07,20.0,0.5,0.5,0.8,69.2,72.9,76.5,72.9,2.0,7.5,20.0,0.5,0.8,7.78,7.95,8.12,7.95,2.0,0.35,20.0,0.5,0.5,0.8,-6.69,-4.52,-2.35,-4.52,2.0,4.5,20.0,0.5,0.5,0.8,-5.93,-2.39,1.16,-2.39,2.0,7.35,20.0,0.5,0.5,0.8,1014.74,1015.25,1015.76,1015.25,2.0,1.06,20.0,0.5,0.5,0.8,6.3,7.0,7.7,7.0,2.0,1.4,20.0,0.5,0.5,0.8,-54.8,-36.7,-18.7,-36.7,2.0,37.4,20.0,0.5,0.5,0.8,-45.5,-17.7,10.1,-17.7,2.0,57.5,20.0,0.5,0.5,0.8,-1.8,0.15,2.1,0.15,2.0,4.03,20.0,0.5,0.5,0.8,-13.6,1.9,17.4,1.9,2.0,32.1,20.0,0.5,0.5,0.8,4.89,5.88,6.86,5.88,2.0,2.05,20.0,0.5,0.5,0.8,38.2,47.1,55.9,47.1,2.0,18.3,20.0,0.5,0.5,0.8,-155.2,-107.8,-60.4,-107.8,2.0,98.2,20.0,0.5,0.5,0.8,-172.9,-76.6,19.7,-76.6,2.0,199.5,20.0,0.5,0.5,0.8,-91.8,-63.5,-35.3,-63.5,2.0,58.6,20.0,0.5,0.5,0.8,-99.5,-43.6,12.2,-43.6,2.0,115.7,20.0,0.5,0.5,0.8,-48.4,-31.2,-13.9,-31.2,2.0,35.7,20.0,0.5,0.5,0.8,-25.0,-6.5,11.9,-6.5,2.0,38.3,20.0,0.5,0.5,0.8,471.5,504.0,536.5,504.0,2.0,67.0,20.0,0.5,0.5,0.8,470.0,505.0,535.0,505.0,2.0,65.0,20.0,0.5,0.5,0.8
1974,2,313.0,-29.0,24.56,25.1,26.89,25.21,8.0,1.6,16.0,0.4,0.4,0.7,23.71,25.0,25.14,24.66,7.0,1.83,16.0,0.3,0.5,0.7,13.43,16.66,18.23,15.87,6.0,2.79,16.0,0.3,0.4,0.8,74.8,81.4,90.6,81.7,6.0,8.9,16.0,0.3,0.8,2.71,6.7,7.62,5.5,8.0,2.36,16.0,0.4,0.4,0.7,-7.0,-4.32,1.95,-2.81,8.0,4.25,16.0,0.4,0.4,0.7,-4.31,0.17,2.44,-0.96,8.0,3.46,16.0,0.4,0.4,0.7,1011.2,1012.5,1013.69,1013.24,7.0,3.87,16.0,0.3,0.5,0.7,4.0,6.0,8.0,5.9,8.0,2.0,16.0,0.4,0.4,0.7,-53.3,-29.4,6.1,-23.9,8.0,27.0,16.0,0.4,0.4,0.7,-28.9,0.3,10.2,-8.2,8.0,22.3,16.0,0.4,0.4,0.7,-0.52,0.0,1.43,0.44,7.0,1.1,16.0,0.3,0.5,0.7,-1.6,0.0,4.6,1.6,7.0,5.5,16.0,0.3,0.5,0.7,2.68,3.51,5.32,3.72,6.0,1.74,16.0,0.3,0.4,0.8,9.7,23.2,41.0,24.4,6.0,16.5,16.0,0.3,0.4,0.8,-160.3,-128.3,49.8,-65.9,7.0,110.8,16.0,0.3,0.5,0.7,-108.3,8.7,58.7,-9.3,7.0,76.3,16.0,0.3,0.5,0.7,-97.7,-83.4,32.9,-49.2,6.0,67.7,16.0,0.3,0.4,0.8,-73.6,8.1,34.1,-9.1,6.0,54.5,16.0,0.3,0.4,0.8,-39.1,-17.8,3.2,-18.4,6.0,20.8,16.0,0.3,0.4,0.8,-14.0,0.5,10.7,-0.9,6.0,12.1,16.0,0.3,0.4,0.8,21.0,301.0,444.0,241.0,8.0,190.0,16.0,0.4,0.4,0.7,20.0,300.0,445.0,240.0,8.0,190.0,16.0,0.4,0.4,0.7
1974,2,313.0,-28.0,23.9,25.0,26.76,25.24,7.0,2.0,18.0,0.3,0.6,0.6,23.83,25.0,25.55,24.49,7.0,1.93,18.0,0.3,0.6,0.6,14.82,16.56,18.12,16.63,7.0,1.69,18.0,0.3,0.6,0.6,81.0,88.1,89.5,86.7,7.0,5.5,18.0,0.3,0.6,3.79,5.4,7.84,5.83,6.0,2.72,18.0,0.3,0.6,0.7,-7.81,-3.98,0.29,-3.99,6.0,4.4,18.0,0.3,0.6,0.7,-4.01,-0.89,0.64,-1.19,6.0,2.84,18.0,0.3,0.6,0.7,1008.74,1012.3,1016.06,1012.34,7.0,3.65,18.0,0.3,0.6,0.6,1.9,5.0,7.0,4.6,7.0,2.8,18.0,0.3,0.6,0.6,-62.7,-20.0,1.2,-31.8,6.0,41.8,18.0,0.3,0.6,0.7,-19.0,-7.9,4.0,-6.0,6.0,15.4,18.0,0.3,0.6,0.7,-0.05,1.0,1.5,0.76,7.0,0.93,18.0,0.3,0.6,0.6,1.2,5.4,8.1,4.8,6.0,7.3,18.0,0.3,0.6,0.7,2.15,3.85,4.86,3.56,7.0,1.35,18.0,0.3,0.6,0.6,14.4,20.0,25.2,19.9,6.0,6.9,18.0,0.3,0.6,0.7,-185.8,-97.5,7.7,-90.9,6.0,98.3,18.0,0.3,0.6,0.7,-105.2,-18.3,15.4,-30.3,6.0,71.5,18.0,0.3,0.6,0.7,-124.3,-63.3,5.6,-60.7,6.0,67.0,18.0,0.3,0.6,0.7,-74.3,-12.8,9.5,-21.6,6.0,47.4,18.0,0.3,0.6,0.7,-22.3,-12.8,1.3,-11.1,6.0,12.4,18.0,0.3,0.6,0.7,-18.6,-1.9,3.1,-5.0,6.0,13.9,18.0,0.3,0.6,0.7,58.5,168.0,522.0,314.5,6.0,402.5,18.0,0.3,0.6,0.7,60.0,170.0,520.0,315.0,6.0,405.0,18.0,0.3,0.6,0.7
1974,2,313.0,-27.0,24.0,25.5,26.36,25.05,8.0,1.64,18.0,0.8,0.6,0.5,25.89,27.0,27.9,26.84,10.0,1.1,16.0,0.7,0.6,0.5,16.72,18.19,18.92,17.42,9.0,2.47,18.0,0.7,0.5,0.5,75.3,83.2,85.2,78.9,9.0,10.1,18.0,0.7,0.5,3.81,4.35,8.07,5.35,10.0,3.28,16.0,0.7,0.6,0.5,-4.48,-3.37,1.32,-2.2,10.0,3.49,16.0,0.7,0.6,0.5,-3.59,0.0,2.98,-0.12,10.0,5.0,16.0,0.7,0.6,0.5,1011.6,1015.1,1017.7,1013.85,10.0,4.9,16.0,0.7,0.6,0.5,3.0,4.0,7.6,4.6,10.0,2.3,16.0,0.7,0.6,0.5,-20.6,-13.8,4.8,-13.4,10.0,32.8,16.0,0.7,0.6,0.5,-18.0,0.0,11.6,-2.2,10.0,50.6,16.0,0.7,0.6,0.5,-3.0,-2.5,0.33,-1.74,8.0,1.56,18.0,0.8,0.6,0.5,-13.6,-10.2,2.3,-6.8,8.0,8.1,18.0,0.8,0.6,0.5,-0.34,2.71,4.72,2.5,7.0,3.24,20.0,0.7,0.5,0.5,-1.4,8.5,11.6,6.8,7.0,8.5,20.0,0.7,0.5,0.5,-116.8,-91.3,35.7,-58.7,10.0,93.4,16.0,0.7,0.6,0.5,-96.1,0.0,80.4,-2.5,10.0,134.2,16.0,0.7,0.6,0.5,-74.6,-49.9,32.0,-27.0,9.0,55.5,18.0,0.7,0.5,0.5,-22.4,0.0,57.5,17.8,9.0,76.4,18.0,0.7,0.5,0.5,-11.5,-2.9,0.9,-6.1,7.0,7.9,20.0,0.7,0.5,0.5,-7.2,0.0,0.1,-2.1,7.0,3.8,20.0,0.7,0.5,0.5,56.0,83.0,681.5,340.0,10.0,584.5,16.0,0.7,0.6,0.5,55.0,85.0,680.0,340.0,10.0,585.0,16.0,0.7,0.6,0.5
1974,2,313.0,-26.0,25.94,26.45,27.41,26.77,6.0,1.18,16.0,0.2,0.4,0.9,25.38,25.9,26.41,26.08,6.0,0.98,16.0,0.2,0.4,0.9,16.07,17.77,18.61,17.37,5.0,1.42,16.0,0.2,0.5,0.9,77.9,82.0,86.7,82.3,5.0,5.0,16.0,0.2,0.9,0.0,3.85,7.47,4.0,6.0,3.75,16.0,0.2,0.4,0.9,-3.42,-1.46,0.0,-1.74,6.0,1.96,16.0,0.2,0.4,0.9,-2.29,0.0,3.05,0.38,6.0,5.06,16.0,0.2,0.4,0.9,1011.61,1012.6,1014.0,1012.6,6.0,1.35,16.0,0.2,0.4,0.9,0.6,3.0,3.4,2.2,5.0,1.6,16.0,0.2,0.5,0.9,-21.9,-4.5,0.0,-9.7,6.0,12.5,16.0,0.2,0.4,0.9,-12.7,0.0,22.5,6.0,6.0,42.1,16.0,0.2,0.4,0.9,0.32,0.7,1.12,0.68,6.0,0.48,16.0,0.2,0.4,0.9,0.0,0.6,6.5,2.8,6.0,4.2,16.0,0.2,0.4,0.9,3.7,4.58,6.34,4.88,5.0,1.5,16.0,0.2,0.5,0.9,0.0,12.9,34.6,18.4,5.0,24.0,16.0,0.2,0.5,0.9,-87.1,-36.8,0.0,-44.3,6.0,50.2,16.0,0.2,0.4,0.9,-58.9,0.0,78.0,9.0,6.0,129.8,16.0,0.2,0.4,0.9,-59.1,-48.0,0.0,-34.7,5.0,33.8,16.0,0.2,0.5,0.9,-6.4,0.0,66.8,29.0,5.0,61.1,16.0,0.2,0.5,0.9,-19.8,-12.1,0.0,-10.4,5.0,10.0,16.0,0.2,0.5,0.9,-1.6,0.0,24.5,11.5,5.0,24.5,16.0,0.2,0.5,0.9,0.0,63.5,438.5,212.5,6.0,317.5,16.0,0.2,0.4,0.9,0.0,65.0,440.0,210.0,6.0,320.0,16.0,0.2,0.4,0.9
1974,2,313.0,-25.0,25.47,26.6,27.18,26.48,8.0,1.45,18.0,0.6,0.4,0.6,25.38,26.75,29.18,27.08,8.0,1.81,18.0,0.6,0.5,0.5,14.85,16.97,18.46,16.8,7.0,1.7,18.0,0.6,0.4,0.5,64.8,84.6,86.4,77.8,7.0,13.1,18.0,0.6,0.5,2.19,3.85,4.39,3.64,10.0,1.59,18.0,0.6,0.5,0.6,-3.84,0.68,3.14,-0.24,10.0,3.26,18.0,0.6,0.5,0.6,-0.93,0.4,2.71,0.6,10.0,2.49,18.0,0.6,0.5,0.6,1009.34,1010.55,1013.91,1011.25,10.0,2.46,18.0,0.6,0.5,0.6,2.4,4.0,6.0,4.3,10.0,2.2,18.0,0.6,0.5,0.6,-15.8,1.3,12.9,-2.8,10.0,15.6,18.0,0.6,0.5,0.6,-2.4,1.8,10.8,1.8,10.0,12.6,18.0,0.6,0.5,0.6,-2.51,0.0,1.61,-0.26,7.0,1.81,18.0,0.6,0.4,0.5,-8.4,0.0,1.9,-1.2,7.0,6.1,18.0,0.6,0.4,0.5,3.13,3.85,7.65,4.81,7.0,3.28,18.0,0.6,0.4,0.5,4.7,13.4,21.3,13.1,7.0,8.3,18.0,0.6,0.4,0.5,-82.9,18.1,79.0,0.0,8.0,80.0,18.0,0.6,0.5,0.5,-20.7,10.1,72.9,24.8,8.0,51.6,18.0,0.6,0.5,0.5,-44.7,9.6,23.5,-10.5,7.0,47.3,18.0,0.6,0.4,0.5,-12.8,15.0,51.8,20.2,7.0,35.3,18.0,0.6,0.4,0.5,-17.6,2.3,7.1,-1.5,7.0,13.5,18.0,0.6,0.4,0.5,-7.9,0.6,13.2,1.7,7.0,9.0,18.0,0.6,0.4,0.5,14.5,58.0,85.0,73.0,10.0,85.5,18.0,0.6,0.5,0.6,15.0,60.0,85.0,75.0,10.0,85.0,18.0,0.6,0.5,0.6
1974,2,313.0,-1.0,,,,,,,,,,,,,,,,,,,,,,,,,,,,,,,,,,,,,,,,2.99,4.9,6.81,4.9,2.0,3.96,16.0,0.0,0.9,0.2,-6.77,-4.76,-2.75,-4.76,2.0,4.16,16.0,0.0,0.9,0.2,-0.88,-0.52,-0.17,-0.52,2.0,0.74,16.0,0.0,0.9,0.2,1008.48,1009.5,1010.52,1009.5,2.0,2.12,16.0,0.0,0.9,0.2,,,,,,,,,,,,,,,,,,,,,,,,,,,,,,,,,,,,,,,,,,,,,,,,,,,,,,,,,,,,,,,,,,,,,,,,,,,,,,,,,,,,,,,,,,,,,,,,,,,,,,,,,,,,,,,,,,,,,,,,,,,,,,,,,,,,,,,,,,,,,,,,,,,,,,
1974,2,313.0,1.0,27.7,27.7,27.7,27.7,1.0,0.0,18.0,1.0,0.7,0.8,23.9,23.9,23.9,23.9,1.0,0.0,18.0,1.0,0.7,0.8,17.58,17.58,17.58,17.58,1.0,0.0,18.0,1.0,0.7,0.8,94.7,94.7,94.7,94.7,1.0,0.0,18.0,1.0,0.8,9.3,9.3,9.3,9.3,1.0,0.0,18.0,1.0,0.7,0.8,-8.74,-8.74,-8.74,-8.74,1.0,0.0,18.0,1.0,0.7,0.8,-3.18,-3.18,-3.18,-3.18,1.0,0.0,18.0,1.0,0.7,0.8,1009.1,1009.1,1009.1,1009.1,1.0,0.0,18.0,1.0,0.7,0.8,8.0,8.0,8.0,8.0,1.0,0.0,18.0,1.0,0.7,0.8,-81.3,-81.3,-81.3,-81.3,1.0,0.0,18.0,1.0,0.7,0.8,-29.6,-29.6,-29.6,-29.6,1.0,0.0,18.0,1.0,0.7,0.8,3.8,3.8,3.8,3.8,1.0,0.0,18.0,1.0,0.7,0.8,35.3,35.3,35.3,35.3,1.0,0.0,18.0,1.0,0.7,0.8,5.76,5.76,5.76,5.76,1.0,0.0,18.0,1.0,0.7,0.8,53.6,53.6,53.6,53.6,1.0,0.0,18.0,1.0,0.7,0.8,-208.9,-208.9,-208.9,-208.9,1.0,0.0,18.0,1.0,0.7,0.8,-76.0,-76.0,-76.0,-76.0,1.0,0.0,18.0,1.0,0.7,0.8,-153.6,-153.6,-153.6,-153.6,1.0,0.0,18.0,1.0,0.7,0.8,-55.9,-55.9,-55.9,-55.9,1.0,0.0,18.0,1.0,0.7,0.8,-50.3,-50.3,-50.3,-50.3,1.0,0.0,18.0,1.0,0.7,0.8,-18.3,-18.3,-18.3,-18.3,1.0,0.0,18.0,1.0,0.7,0.8,804.5,804.5,804.5,804.5,1.0,0.0,18.0,1.0,0.7,0.8,805.0,805.0,805.0,805.0,1.0,0.0,18.0,1.0,0.7,0.8
1974,2,313.0,2.0,26.13,27.55,28.71,27.56,8.0,1.2,16.0,0.6,0.5,0.4,25.06,25.75,27.83,26.24,8.0,1.55,16.0,0.6,0.5,0.4,17.89,18.55,19.19,18.4,7.0,1.0,18.0,0.6,0.5,0.5,78.2,85.1,94.0,86.1,7.0,8.8,18.0,0.6,0.5,6.7,7.7,9.47,8.39,7.0,2.19,16.0,0.7,0.5,0.4,-7.36,-5.98,-4.06,-5.87,7.0,2.24,16.0,0.7,0.5,0.4,-7.18,-5.8,-3.55,-5.67,7.0,2.04,16.0,0.7,0.5,0.4,1007.06,1009.15,1010.83,1009.06,8.0,1.97,16.0,0.6,0.5,0.4,3.4,7.5,8.0,6.4,8.0,2.4,16.0,0.6,0.5,0.4,-59.1,-44.9,-28.5,-52.7,7.0,35.4,16.0,0.7,0.5,0.4,-68.2,-38.9,-25.7,-50.1,7.0,30.0,16.0,0.7,0.5,0.4,0.03,0.95,2.66,1.33,8.0,2.01,16.0,0.6,0.5,0.4,-0.7,4.1,30.0,11.1,7.0,18.2,16.0,0.7,0.5,0.4,3.15,5.18,6.68,5.09,7.0,1.64,18.0,0.6,0.5,0.5,32.7,43.8,59.4,47.3,6.0,20.2,16.0,0.7,0.4,0.5,-184.8,-152.1,-104.0,-153.9,7.0,58.7,16.0,0.7,0.5,0.4,-207.2,-162.5,-86.8,-150.8,7.0,58.4,16.0,0.7,0.5,0.4,-132.6,-115.4,-71.3,-111.4,6.0,42.5,16.0,0.7,0.4,0.5,-137.5,-117.6,-63.7,-105.7,6.0,41.8,16.0,0.7,0.4,0.5,-52.8,-33.5,-16.4,-35.1,6.0,20.0,16.0,0.7,0.4,0.5,-35.1,-27.0,-21.0,-29.6,6.0,12.6,16.0,0.7,0.4,0.5,301.0,456.5,868.5,705.0,7.0,659.5,16.0,0.7,0.5,0.4,300.0,455.0,870.0,705.0,7.0,660.0,16.0,0.7,0.5,0.4
1974,2,313.0,3.0,26.1,26.2,27.93,26.98,4.0,1.69,20.0,0.3,0.7,0.5,24.84,25.15,26.51,25.65,4.0,1.39,20.0,0.3,0.7,0.5,15.98,16.54,17.2,16.59,4.0,0.92,20.0,0.3,0.7,0.5,78.4,81.7,82.9,80.7,4.0,3.0,20.0,0.3,0.5,5.86,7.45,9.3,7.58,4.0,2.21,20.0,0.3,0.7,0.5,-8.21,-5.93,-4.82,-6.49,4.0,2.31,20.0,0.3,0.7,0.5,-4.97,-3.04,-1.82,-3.38,4.0,2.16,20.0,0.3,0.7,0.5,1011.04,1011.2,1011.78,1011.4,4.0,0.62,20.0,0.3,0.7,0.5,8.0,8.0,8.0,8.0,4.0,0.0,20.0,0.3,0.7,0.5,-73.3,-43.7,-32.4,-52.4,4.0,33.1,20.0,0.3,0.7,0.5,-44.3,-24.6,-10.3,-27.1,4.0,20.4,20.0,0.3,0.7,0.5,1.05,1.25,1.61,1.33,4.0,0.36,20.0,0.3,0.7,0.5,6.1,10.6,14.6,10.4,4.0,4.9,20.0,0.3,0.7,0.5,4.74,5.17,6.9,5.79,4.0,1.61,20.0,0.3,0.7,0.5,27.8,44.2,62.1,44.9,4.0,20.2,20.0,0.3,0.7,0.5,-203.9,-156.1,-127.6,-165.3,4.0,53.7,20.0,0.3,0.7,0.5,-132.4,-75.3,-45.8,-88.5,4.0,61.7,20.0,0.3,0.7,0.5,-130.7,-101.5,-82.7,-106.5,4.0,32.7,20.0,0.3,0.7,0.5,-84.4,-48.4,-30.1,-56.9,4.0,39.3,20.0,0.3,0.7,0.5,-48.5,-36.9,-25.8,-37.2,4.0,14.1,20.0,0.3,0.7,0.5,-36.1,-15.9,-8.7,-22.1,4.0,20.2,20.0,0.3,0.7,0.5,212.5,426.0,835.0,519.5,4.0,419.0,20.0,0.3,0.7,0.5,215.0,425.0,835.0,520.0,4.0,420.0,20.0,0.3,0.7,0.5
1974,2,313.0,4.0,26.0,26.0,26.68,26.33,3.0,0.58,20.0,0.7,0.6,0.4,26.02,26.5,26.84,26.43,3.0,0.6,20.0,0.7,0.6,0.4,15.88,16.99,18.1,16.99,2.0,2.3,20.0,0.5,0.8,0.6,75.5,78.8,82.1,78.8,2.0,6.9,20.0,0.5,0.6,10.59,12.3,12.37,11.5,3.0,1.47,20.0,0.7,0.6,0.4,-11.0,-9.8,-6.01,-8.53,3.0,3.82,20.0,0.7,0.6,0.4,-9.29,-4.21,-1.34,-5.29,3.0,5.9,20.0,0.7,0.6,0.4,1009.14,1011.6,1012.56,1010.87,3.0,2.58,20.0,0.7,0.6,0.4,4.0,4.0,6.7,5.3,3.0,2.3,20.0,0.7,0.6,0.4,-127.5,-96.0,-66.4,-96.9,3.0,44.8,20.0,0.7,0.6,0.4,-115.1,-51.7,-16.4,-65.4,3.0,73.2,20.0,0.7,0.6,0.4,-0.34,0.0,0.14,-0.1,3.0,0.36,20.0,0.7,0.6,0.4,-4.2,0.0,1.7,-1.2,3.0,4.5,20.0,0.7,0.6,0.4,4.01,4.72,5.42,4.72,2.0,1.46,20.0,0.5,0.8,0.6,41.6,53.4,65.2,53.4,2.0,24.4,20.0,0.5,0.8,0.6,-287.5,-264.6,-160.7,-225.1,3.0,99.0,20.0,0.7,0.6,0.4,-245.2,-108.5,-34.4,-139.1,3.0,156.6,20.0,0.7,0.6,0.4,-181.6,-180.0,-178.3,-180.0,2.0,3.4,20.0,0.5,0.8,0.6,-54.4,-32.3,-10.3,-32.3,2.0,45.7,20.0,0.5,0.8,0.6,-61.6,-51.3,-40.9,-51.3,2.0,21.4,20.0,0.5,0.8,0.6,-20.3,-12.1,-3.8,-12.1,2.0,17.1,20.0,0.5,0.8,0.6,1233.0,1861.0,1892.0,1569.5,3.0,544.5,20.0,0.7,0.6,0.4,1235.0,1860.0,1890.0,1570.0,3.0,545.0,20.0,0.7,0.6,0.4
1974,2,313.0,5.0,26.32,27.0,27.55,26.93,3.0,0.9,10.0,0.0,0.6,0.4,25.86,26.0,26.14,26.0,3.0,0.2,10.0,0.0,0.6,0.4,17.32,18.17,19.02,18.17,2.0,1.77,4.0,0.0,0.4,0.4,81.6,85.8,90.0,85.8,2.0,8.8,4.0,0.0,0.4,7.41,10.0,10.2,8.83,3.0,2.29,10.0,0.0,0.6,0.4,-9.78,-8.66,-5.47,-7.65,3.0,3.28,10.0,0.0,0.6,0.4,-4.92,-4.75,-1.51,-3.25,3.0,2.82,10.0,0.0,0.6,0.4,1007.73,1009.3,1010.05,1008.9,3.0,1.73,10.0,0.0,0.6,0.4,5.6,7.0,7.7,6.7,3.0,1.5,10.0,0.0,0.6,0.4,-99.9,-86.6,-44.4,-72.5,3.0,42.5,10.0,0.0,0.6,0.4,-43.5,-29.4,-9.3,-26.5,3.0,25.1,10.0,0.0,0.6,0.4,0.45,1.0,1.41,0.93,3.0,0.7,10.0,0.0,0.6,0.4,4.5,9.9,10.2,7.4,3.0,4.7,10.0,0.0,0.6,0.4,3.57,4.77,5.97,4.77,2.0,2.48,4.0,0.0,0.4,0.4,32.5,35.7,39.0,35.7,2.0,6.7,4.0,0.0,0.4,0.4,-253.7,-223.4,-142.2,-198.5,3.0,84.5,10.0,0.0,0.6,0.4,-127.6,-124.4,-39.5,-84.5,3.0,73.2,10.0,0.0,0.6,0.4,-179.0,-133.7,-88.5,-133.7,2.0,93.7,4.0,0.0,0.4,0.4,-67.6,-40.2,-12.8,-40.2,2.0,56.8,4.0,0.0,0.4,0.4,-30.2,-28.5,-26.8,-28.5,2.0,3.6,4.0,0.0,0.4,0.4,-26.1,-15.5,-4.9,-15.5,2.0,21.9,4.0,0.0,0.4,0.4,480.0,1000.0,1063.5,777.0,3.0,469.0,10.0,0.0,0.6,0.4,480.0,1000.0,1065.0,775.0,3.0,470.0,10.0,0.0,0.6,0.4
1974,2,313.0,6.0,26.5,26.7,27.95,26.91,9.0,1.0,14.0,0.9,0.5,0.4,25.67,26.4,27.11,26.58,10.0,1.06,14.0,0.9,0.5,0.3,15.53,16.52,20.36,17.46,7.0,2.18,12.0,0.9,0.5,0.3,74.3,76.2,83.0,79.1,7.0,8.0,12.0,0.9,0.3,8.18,10.8,11.01,10.01,7.0,1.45,12.0,0.9,0.5,0.3,-10.17,-8.43,-7.66,-8.75,7.0,1.34,12.0,0.9,0.5,0.3,-7.13,-3.86,0.07,-3.57,7.0,3.62,12.0,0.9,0.5,0.3,1008.56,1009.55,1011.04,1009.55,8.0,1.51,12.0,0.9,0.5,0.3,6.0,7.0,7.7,6.4,9.0,1.8,14.0,0.9,0.5,0.4,-105.2,-92.7,-65.9,-88.4,7.0,22.2,12.0,0.9,0.5,0.3,-78.3,-43.7,0.6,-39.4,7.0,38.6,12.0,0.9,0.5,0.3,0.16,0.6,1.2,0.6,9.0,1.15,14.0,0.9,0.5,0.4,3.7,8.5,14.0,8.8,6.0,6.4,10.0,0.8,0.5,0.4,5.12,6.31,6.64,5.93,6.0,1.16,10.0,0.8,0.5,0.4,50.2,64.3,68.2,58.8,6.0,14.4,10.0,0.8,0.5,0.4,-274.3,-218.2,-207.9,-234.9,7.0,40.9,12.0,0.9,0.5,0.3,-184.5,-103.2,1.8,-95.0,7.0,94.6,12.0,0.9,0.5,0.3,-176.3,-164.3,-124.9,-153.3,7.0,31.8,12.0,0.9,0.5,0.3,-112.5,-63.8,1.4,-59.4,7.0,60.8,12.0,0.9,0.5,0.3,-59.6,-53.5,-41.9,-51.1,6.0,12.1,10.0,0.8,0.5,0.4,-45.6,-16.4,1.1,-20.7,6.0,23.6,10.0,0.8,0.5,0.4,547.0,1259.5,1336.5,1056.5,7.0,392.5,12.0,0.9,0.5,0.3,545.0,1260.0,1335.0,1055.0,7.0,390.0,12.0,0.9,0.5,0.3
1974,2,313.0,7.0,26.19,26.6,27.01,26.6,2.0,0.85,22.0,0.5,0.7,0.4,25.32,25.35,25.38,25.35,2.0,0.07,22.0,0.5,0.7,0.4,14.36,15.12,15.88,15.12,2.0,1.57,22.0,0.5,0.7,0.4,71.2,74.9,78.7,74.9,2.0,7.8,22.0,0.5,0.4,9.38,9.55,9.72,9.55,2.0,0.35,22.0,0.5,0.7,0.4,-6.25,-6.14,-6.03,-6.14,2.0,0.23,22.0,0.5,0.7,0.4,-7.45,-7.32,-7.18,-7.32,2.0,0.27,22.0,0.5,0.7,0.4,1009.65,1011.05,1012.45,1011.05,2.0,2.9,22.0,0.5,0.7,0.4,2.5,3.5,4.5,3.5,2.0,2.1,22.0,0.5,0.7,0.4,-60.8,-58.7,-56.6,-58.7,2.0,4.3,22.0,0.5,0.7,0.4,-72.4,-69.9,-67.4,-69.9,2.0,5.2,22.0,0.5,0.7,0.4,0.81,1.25,1.69,1.25,2.0,0.92,22.0,0.5,0.7,0.4,7.6,12.1,16.6,12.1,2.0,9.2,22.0,0.5,0.7,0.4,6.52,6.71,6.91,6.71,2.0,0.4,22.0,0.5,0.7,0.4,63.3,64.0,64.7,64.0,2.0,1.5,22.0,0.5,0.7,0.4,-158.2,-155.6,-153.0,-155.6,2.0,5.3,22.0,0.5,0.7,0.4,-188.5,-185.4,-182.4,-185.4,2.0,6.3,22.0,0.5,0.7,0.4,-99.3,-93.0,-86.7,-93.0,2.0,13.1,22.0,0.5,0.7,0.4,-118.3,-110.8,-103.3,-110.8,2.0,15.6,22.0,0.5,0.7,0.4,-41.6,-41.2,-40.7,-41.2,2.0,0.9,22.0,0.5,0.7,0.4,-49.6,-49.0,-48.5,-49.0,2.0,1.1,22.0,0.5,0.7,0.4,826.0,873.0,919.5,873.0,2.0,97.0,22.0,0.5,0.7,0.4,825.0,875.0,920.0,875.0,2.0,95.0,22.0,0.5,0.7,0.4
1974,2,313.0,8.0,26.0,26.0,26.0,26.0,1.0,0.0,22.0,1.0,0.6,0.1,25.0,25.0,25.0,25.0,1.0,0.0,22.0,1.0,0.6,0.1,13.96,13.96,13.96,13.96,1.0,0.0,22.0,1.0,0.6,0.1,70.6,70.6,70.6,70.6,1.0,0.0,22.0,1.0,0.1,10.8,10.8,10.8,10.8,1.0,0.0,22.0,1.0,0.6,0.1,-10.15,-10.15,-10.15,-10.15,1.0,0.0,22.0,1.0,0.6,0.1,-3.69,-3.69,-3.69,-3.69,1.0,0.0,22.0,1.0,0.6,0.1,1010.3,1010.3,1010.3,1010.3,1.0,0.0,22.0,1.0,0.6,0.1,6.0,6.0,6.0,6.0,1.0,0.0,22.0,1.0,0.6,0.1,-109.6,-109.6,-109.6,-109.6,1.0,0.0,22.0,1.0,0.6,0.1,-39.9,-39.9,-39.9,-39.9,1.0,0.0,22.0,1.0,0.6,0.1,1.0,1.0,1.0,1.0,1.0,0.0,22.0,1.0,0.6,0.1,10.8,10.8,10.8,10.8,1.0,0.0,22.0,1.0,0.6,0.1,7.1,7.1,7.1,7.1,1.0,0.0,22.0,1.0,0.6,0.1,76.7,76.7,76.7,76.7,1.0,0.0,22.0,1.0,0.6,0.1,-253.7,-253.7,-253.7,-253.7,1.0,0.0,22.0,1.0,0.6,0.1,-92.3,-92.3,-92.3,-92.3,1.0,0.0,22.0,1.0,0.6,0.1,-141.6,-141.6,-141.6,-141.6,1.0,0.0,22.0,1.0,0.6,0.1,-51.6,-51.6,-51.6,-51.6,1.0,0.0,22.0,1.0,0.6,0.1,-72.1,-72.1,-72.1,-72.1,1.0,0.0,22.0,1.0,0.6,0.1,-26.2,-26.2,-26.2,-26.2,1.0,0.0,22.0,1.0,0.6,0.1,1259.5,1259.5,1259.5,1259.5,1.0,0.0,22.0,1.0,0.6,0.1,1260.0,1260.0,1260.0,1260.0,1.0,0.0,22.0,1.0,0.6,0.1
1974,2,313.0,9.0,25.05,26.0,26.99,26.04,5.0,1.1,6.0,0.4,0.7,0.1,24.76,25.0,25.95,25.38,6.0,1.0,10.0,0.5,0.7,0.1,14.66,14.89,15.11,14.89,2.0,0.47,12.0,0.5,0.6,0.2,74.7,75.6,79.5,77.1,3.0,3.8,8.0,0.3,0.2,6.77,7.6,10.51,8.18,6.0,2.27,10.0,0.5,0.7,0.1,-7.92,-6.69,-3.17,-6.27,6.0,3.04,10.0,0.5,0.7,0.1,-7.59,-3.18,-1.82,-4.16,6.0,2.88,10.0,0.5,0.7,0.1,1010.99,1011.5,1011.86,1011.43,4.0,0.56,8.0,0.5,0.6,0.1,1.0,4.0,6.2,3.8,6.0,2.6,10.0,0.5,0.7,0.1,-80.1,-49.9,-20.8,-55.4,6.0,39.5,10.0,0.5,0.7,0.1,-64.5,-21.0,-15.9,-35.0,6.0,28.8,10.0,0.5,0.7,0.1,0.13,0.6,1.04,0.58,5.0,0.48,6.0,0.4,0.7,0.1,1.0,4.3,11.3,5.7,5.0,5.3,6.0,0.4,0.7,0.1,5.68,6.1,6.52,6.1,2.0,0.88,12.0,0.5,0.6,0.2,44.2,54.3,64.5,54.3,2.0,21.1,12.0,0.5,0.6,0.2,-197.0,-168.0,-80.5,-157.8,6.0,74.4,10.0,0.5,0.7,0.1,-202.7,-79.1,-45.3,-107.6,6.0,77.5,10.0,0.5,0.7,0.1,-100.4,-99.6,-98.9,-99.6,2.0,1.6,12.0,0.5,0.6,0.2,-106.7,-78.0,-49.2,-78.0,2.0,59.6,12.0,0.5,0.6,0.2,-43.3,-40.8,-38.2,-40.8,2.0,5.3,12.0,0.5,0.6,0.2,-46.8,-33.3,-19.8,-33.3,2.0,28.0,12.0,0.5,0.6,0.2,323.5,442.5,1165.0,654.5,6.0,503.0,10.0,0.5,0.7,0.1,325.0,445.0,1165.0,655.0,6.0,505.0,10.0,0.5,0.7,0.1
1974,2,313.0,10.0,,,,,,,,,,,,,,,,,,,,,,,,,,,,,,,,,,,,,,,,11.0,11.0,11.0,11.0,1.0,0.0,14.0,0.0,0.2,0.1,-10.34,-10.34,-10.34,-10.34,1.0,0.0,14.0,0.0,0.2,0.1,-3.76,-3.76,-3.76,-3.76,1.0,0.0,14.0,0.0,0.2,0.1,1012.9,1012.9,1012.9,1012.9,1.0,0.0,14.0,0.0,0.2,0.1,,,,,,,,,,,,,,,,,,,,,,,,,,,,,,,,,,,,,,,,,,,,,,,,,,,,,,,,,,,,,,,,,,,,,,,,,,,,,,,,,,,,,,,,,,,,,,,,,,,,,,,,,,,,,,,,,,,,,,,,,,,,,,,,,,,,,,,,,,,,,,,,,,,,,,
1974,2,313.0,11.0,26.03,26.1,26.37,26.2,3.0,0.26,10.0,0.3,0.7,0.3,24.07,24.65,25.23,24.65,2.0,1.2,14.0,0.5,0.7,0.3,12.28,12.28,12.28,12.28,1.0,0.0,18.0,1.0,0.9,0.1,63.5,69.9,76.3,69.9,2.0,13.3,14.0,0.5,0.3,10.3,10.3,10.3,10.3,3.0,0.0,10.0,0.3,0.7,0.3,-9.54,-7.89,-7.02,-8.27,3.0,1.87,10.0,0.3,0.7,0.3,-7.49,-6.62,-2.1,-4.84,3.0,4.24,10.0,0.3,0.7,0.3,1012.02,1012.05,1012.08,1012.05,2.0,0.07,10.0,0.5,0.8,0.1,3.0,5.0,6.4,4.7,3.0,2.5,10.0,0.3,0.7,0.3,-98.2,-81.3,-72.3,-85.2,3.0,19.2,10.0,0.3,0.7,0.3,-77.1,-68.2,-21.6,-49.8,3.0,43.6,10.0,0.3,0.7,0.3,0.79,1.4,2.01,1.4,2.0,1.27,14.0,0.5,0.7,0.3,8.1,14.4,20.7,14.4,2.0,13.1,14.0,0.5,0.7,0.3,8.75,8.75,8.75,8.75,1.0,0.0,18.0,1.0,0.9,0.1,90.1,90.1,90.1,90.1,1.0,0.0,18.0,1.0,0.9,0.1,-250.8,-225.2,-199.7,-225.2,2.0,52.9,14.0,0.5,0.7,0.3,-132.6,-78.8,-25.0,-78.8,2.0,111.4,14.0,0.5,0.7,0.3,-126.4,-126.4,-126.4,-126.4,1.0,0.0,18.0,1.0,0.9,0.1,0.0,0.0,0.0,0.0,1.0,0.0,18.0,1.0,0.9,0.1,-90.1,-90.1,-90.1,-90.1,1.0,0.0,18.0,1.0,0.9,0.1,0.0,0.0,0.0,0.0,1.0,0.0,18.0,1.0,0.9,0.1,1092.5,1092.5,1092.5,1092.5,3.0,0.0,10.0,0.3,0.7,0.3,1095.0,1095.0,1095.0,1095.0,3.0,0.0,10.0,0.3,0.7,0.3
1974,2,313.0,13.0,24.67,25.25,25.83,25.25,2.0,1.2,10.0,0.5,0.4,0.3,24.69,25.3,25.91,25.3,2.0,1.27,10.0,0.5,0.4,0.3,13.89,14.36,14.83,14.36,2.0,0.98,10.0,0.5,0.4,0.3,66.9,72.0,77.0,72.0,2.0,10.5,10.0,0.5,0.3,10.03,11.6,13.17,11.6,2.0,3.25,10.0,0.5,0.4,0.3,-11.6,-10.67,-9.73,-10.67,2.0,1.94,10.0,0.5,0.4,0.3,-5.85,-3.47,-1.1,-3.47,2.0,4.91,10.0,0.5,0.4,0.3,1012.63,1014.0,1015.37,1014.0,2.0,2.83,10.0,0.5,0.4,0.3,2.6,4.0,5.4,4.0,2.0,2.8,10.0,0.5,0.4,0.3,-154.5,-126.9,-99.3,-126.9,2.0,57.2,10.0,0.5,0.4,0.3,-81.3,-48.3,-15.3,-48.3,2.0,68.3,10.0,0.5,0.4,0.3,-1.24,-0.05,1.14,-0.05,2.0,2.47,10.0,0.5,0.4,0.3,-10.3,3.4,17.2,3.4,2.0,28.5,10.0,0.5,0.4,0.3,5.51,5.72,5.92,5.72,2.0,0.42,10.0,0.5,0.4,0.3,55.6,67.0,78.3,67.0,2.0,23.5,10.0,0.5,0.4,0.3,-285.8,-268.7,-251.6,-268.7,2.0,35.4,10.0,0.5,0.4,0.3,-142.7,-84.8,-26.9,-84.8,2.0,119.9,10.0,0.5,0.4,0.3,-172.6,-154.2,-135.7,-154.2,2.0,38.2,10.0,0.5,0.4,0.3,-88.0,-52.3,-16.6,-52.3,2.0,74.0,10.0,0.5,0.4,0.3,-68.9,-61.4,-53.9,-61.4,2.0,15.6,10.0,0.5,0.4,0.3,-35.2,-20.9,-6.6,-20.9,2.0,29.6,10.0,0.5,0.4,0.3,1103.0,1745.0,2387.0,1745.0,2.0,1330.5,10.0,0.5,0.4,0.3,1105.0,1745.0,2385.0,1745.0,2.0,1330.0,10.0,0.5,0.4,0.3
1974,2,313.0,14.0,24.5,24.7,24.9,24.7,2.0,0.42,12.0,0.5,0.1,0.3,24.83,25.55,26.27,25.55,2.0,1.48,12.0,0.5,0.1,0.3,16.05,16.57,17.09,16.57,2.0,1.08,12.0,0.5,0.1,0.3,80.5,81.3,82.0,81.3,2.0,1.6,12.0,0.5,0.3,10.62,11.3,11.98,11.3,2.0,1.41,12.0,0.5,0.1,0.3,-11.26,-10.62,-9.98,-10.62,2.0,1.33,12.0,0.5,0.1,0.3,-2.98,-0.34,2.3,-0.34,2.0,5.47,12.0,0.5,0.1,0.3,1011.55,1013.8,1016.05,1013.8,2.0,4.67,12.0,0.5,0.1,0.3,1.6,3.0,4.4,3.0,2.0,2.8,12.0,0.5,0.1,0.3,-135.4,-120.9,-106.4,-120.9,2.0,30.0,12.0,0.5,0.1,0.3,-37.8,-7.7,22.3,-7.7,2.0,62.2,12.0,0.5,0.1,0.3,-1.36,-0.85,-0.34,-0.85,2.0,1.06,12.0,0.5,0.1,0.3,-16.7,-10.4,-4.0,-10.4,2.0,13.2,12.0,0.5,0.1,0.3,2.51,2.84,3.16,2.84,2.0,0.67,12.0,0.5,0.1,0.3,29.9,31.6,33.3,31.6,2.0,3.6,12.0,0.5,0.1,0.3,-296.3,-272.3,-248.3,-272.3,2.0,49.7,12.0,0.5,0.1,0.3,-80.4,-12.8,54.9,-12.8,2.0,140.2,12.0,0.5,0.1,0.3,-192.8,-176.7,-160.5,-176.7,2.0,33.5,12.0,0.5,0.1,0.3,-52.5,-8.6,35.3,-8.6,2.0,90.9,12.0,0.5,0.1,0.3,-31.3,-29.7,-28.1,-29.7,2.0,3.3,12.0,0.5,0.1,0.3,-6.5,0.9,8.2,0.9,2.0,15.3,12.0,0.5,0.1,0.3,1214.5,1477.0,1739.0,1477.0,2.0,543.0,12.0,0.5,0.1,0.3,1215.0,1475.0,1740.0,1475.0,2.0,545.0,12.0,0.5,0.1,0.3
1974,2,313.0,15.0,24.46,24.5,24.54,24.5,5.0,0.07,16.0,0.8,0.3,0.5,23.2,23.3,23.61,23.4,5.0,0.25,16.0,0.8,0.3,0.5,12.42,13.27,14.6,13.5,4.0,1.48,14.0,0.8,0.4,0.4,69.2,73.1,81.7,75.3,4.0,8.4,14.0,0.8,0.4,6.43,9.9,11.9,9.2,4.0,3.75,14.0,0.8,0.4,0.4,-11.41,-9.22,-5.86,-8.66,4.0,3.53,14.0,0.8,0.4,0.4,-4.46,-3.14,-0.89,-2.7,4.0,2.17,14.0,0.8,0.4,0.4,1012.89,1014.2,1016.46,1014.65,4.0,2.26,14.0,0.8,0.4,0.4,6.0,6.0,7.0,6.4,5.0,0.5,16.0,0.8,0.3,0.5,-136.6,-92.5,-42.2,-89.5,4.0,59.9,14.0,0.8,0.4,0.4,-49.1,-30.4,-9.6,-29.4,4.0,24.7,14.0,0.8,0.4,0.4,0.93,1.1,1.3,1.1,5.0,0.21,16.0,0.8,0.3,0.5,6.3,10.2,13.0,9.7,4.0,4.3,14.0,0.8,0.4,0.4,4.51,5.96,6.78,5.66,4.0,1.53,14.0,0.8,0.4,0.4,33.9,55.2,66.7,50.5,4.0,21.0,14.0,0.8,0.4,0.4,-268.5,-217.0,-136.6,-203.2,4.0,83.0,14.0,0.8,0.4,0.4,-103.6,-73.7,-21.3,-63.0,4.0,50.3,14.0,0.8,0.4,0.4,-163.6,-115.3,-73.7,-118.5,4.0,56.8,14.0,0.8,0.4,0.4,-61.4,-39.1,-11.5,-36.6,4.0,30.5,14.0,0.8,0.4,0.4,-62.1,-49.5,-32.6,-47.4,4.0,19.3,14.0,0.8,0.4,0.4,-24.3,-13.9,-5.7,-15.0,4.0,13.2,14.0,0.8,0.4,0.4,383.0,994.5,1724.5,1051.0,4.0,878.0,14.0,0.8,0.4,0.4,385.0,995.0,1725.0,1050.0,4.0,880.0,14.0,0.8,0.4,0.4
1974,2,313.0,16.0,24.2,24.4,24.52,24.46,7.0,0.27,26.0,0.3,0.5,0.4,23.34,23.4,23.5,23.26,7.0,0.47,26.0,0.3,0.5,0.4,11.99,12.37,13.22,12.59,4.0,0.78,24.0,0.3,0.4,0.4,67.1,69.5,77.1,72.0,4.0,7.1,24.0,0.3,0.4,8.44,8.85,9.52,8.98,4.0,0.76,24.0,0.3,0.4,0.4,-9.14,-8.72,-8.38,-8.76,4.0,0.51,24.0,0.3,0.4,0.4,-2.54,-1.54,-0.72,-1.62,4.0,1.4,24.0,0.3,0.4,0.4,1015.27,1016.15,1017.51,1016.38,4.0,1.66,24.0,0.3,0.4,0.4,5.9,7.0,7.0,6.3,7.0,1.5,26.0,0.3,0.5,0.4,-87.2,-77.2,-70.7,-78.9,4.0,11.3,24.0,0.3,0.4,0.4,-24.6,-13.6,-6.3,-15.4,4.0,14.1,24.0,0.3,0.4,0.4,0.8,1.0,1.09,1.2,7.0,0.71,26.0,0.3,0.5,0.4,7.9,9.5,16.8,12.2,4.0,7.3,24.0,0.3,0.4,0.4,6.04,6.56,7.08,6.56,4.0,0.6,24.0,0.3,0.4,0.4,51.0,57.6,67.4,59.2,4.0,9.9,24.0,0.3,0.4,0.4,-214.4,-203.9,-190.8,-202.7,4.0,16.1,24.0,0.3,0.4,0.4,-59.5,-36.0,-16.8,-38.1,4.0,32.9,24.0,0.3,0.4,0.4,-112.3,-110.5,-107.7,-110.0,4.0,2.9,24.0,0.3,0.4,0.4,-30.7,-19.0,-8.9,-19.8,4.0,16.8,24.0,0.3,0.4,0.4,-64.7,-56.7,-50.6,-57.6,4.0,8.3,24.0,0.3,0.4,0.4,-18.0,-10.0,-4.3,-11.1,4.0,10.1,24.0,0.3,0.4,0.4,602.5,694.0,871.0,734.5,4.0,191.5,24.0,0.3,0.4,0.4,600.0,695.0,870.0,735.0,4.0,190.0,24.0,0.3,0.4,0.4
1974,2,313.0,17.0,23.82,23.95,24.6,24.13,6.0,0.53,18.0,0.7,0.6,0.3,22.4,23.1,24.26,23.23,6.0,0.96,18.0,0.7,0.6,0.3,12.07,12.78,13.87,12.9,6.0,0.91,18.0,0.7,0.6,0.3,67.1,70.8,82.8,73.4,6.0,8.5,18.0,0.7,0.3,6.1,8.6,10.3,8.28,6.0,1.98,18.0,0.7,0.6,0.3,-9.13,-7.8,-6.1,-7.75,6.0,1.65,18.0,0.7,0.6,0.3,-3.59,-0.78,0.37,-1.53,6.0,2.94,18.0,0.7,0.6,0.3,1014.85,1017.45,1018.96,1016.95,6.0,2.32,18.0,0.7,0.6,0.3,2.6,6.0,7.2,5.2,6.0,2.6,18.0,0.7,0.6,0.3,-86.1,-71.5,-37.2,-66.6,6.0,27.5,18.0,0.7,0.6,0.3,-32.3,-7.0,3.8,-14.5,6.0,29.9,18.0,0.7,0.6,0.3,0.46,0.85,1.42,0.9,6.0,0.48,18.0,0.7,0.6,0.3,3.6,6.4,14.6,8.1,6.0,5.6,18.0,0.7,0.6,0.3,4.45,5.99,6.77,5.79,6.0,1.33,18.0,0.7,0.6,0.3,37.4,44.2,59.7,46.9,6.0,11.8,18.0,0.7,0.6,0.3,-209.2,-183.2,-141.6,-179.3,6.0,34.0,18.0,0.7,0.6,0.3,-85.3,-18.1,8.1,-35.8,6.0,66.5,18.0,0.7,0.6,0.3,-115.9,-99.6,-75.9,-100.3,6.0,24.7,18.0,0.7,0.6,0.3,-45.9,-9.3,5.2,-19.9,6.0,40.4,18.0,0.7,0.6,0.3,-58.2,-39.7,-35.3,-44.2,6.0,11.4,18.0,0.7,0.6,0.3,-23.3,-5.1,1.5,-9.1,6.0,14.4,18.0,0.7,0.6,0.3,227.5,640.0,1092.5,648.0,6.0,398.5,18.0,0.7,0.6,0.3,225.0,640.0,1095.0,650.0,6.0,400.0,18.0,0.7,0.6,0.3
1974,2,313.0,18.0,23.38,24.0,24.89,23.89,8.0,1.02,18.0,0.5,0.5,0.3,23.0,24.0,24.18,23.66,8.0,0.69,18.0,0.5,0.5,0.3,11.64,12.73,12.93,12.52,7.0,0.89,18.0,0.6,0.5,0.3,63.0,69.1,73.5,68.8,7.0,4.8,18.0,0.6,0.3,5.1,8.2,9.3,7.6,8.0,2.38,18.0,0.5,0.5,0.3,-8.02,-7.41,-4.07,-6.76,8.0,2.39,18.0,0.5,0.5,0.3,-4.5,-2.55,-1.76,-2.48,8.0,2.58,18.0,0.5,0.5,0.3,1013.72,1018.35,1019.9,1017.16,8.0,2.95,18.0,0.5,0.5,0.3,1.0,3.5,7.0,3.9,8.0,3.1,18.0,0.5,0.5,0.3,-73.9,-63.2,-20.4,-56.2,8.0,34.4,18.0,0.5,0.5,0.3,-41.0,-18.9,-9.1,-19.5,8.0,23.6,18.0,0.5,0.5,0.3,0.0,0.6,1.0,0.23,8.0,1.14,18.0,0.5,0.5,0.3,0.0,4.6,8.0,3.0,8.0,6.8,18.0,0.5,0.5,0.3,5.57,6.18,7.02,5.91,7.0,1.84,18.0,0.6,0.5,0.3,28.4,47.2,63.6,43.9,7.0,20.4,18.0,0.6,0.5,0.3,-192.8,-169.1,-98.5,-159.3,8.0,54.3,18.0,0.5,0.5,0.3,-107.9,-62.2,-42.1,-58.9,8.0,59.6,18.0,0.5,0.5,0.3,-93.0,-83.0,-55.9,-76.3,7.0,19.9,18.0,0.6,0.5,0.3,-54.2,-33.8,-19.7,-31.1,7.0,33.3,18.0,0.6,0.5,0.3,-56.4,-44.0,-21.8,-38.3,7.0,18.4,18.0,0.6,0.5,0.3,-32.7,-18.8,-3.8,-15.8,7.0,17.9,18.0,0.6,0.5,0.3,132.5,551.5,804.5,550.5,8.0,429.5,18.0,0.5,0.5,0.3,135.0,550.0,805.0,550.0,8.0,430.0,18.0,0.5,0.5,0.3
1974,2,313.0,19.0,23.43,23.5,23.77,23.58,5.0,0.23,14.0,0.8,0.8,0.4,22.58,22.8,23.93,23.3,6.0,1.18,14.0,0.8,0.8,0.4,11.83,12.86,13.54,12.75,6.0,1.17,14.0,0.8,0.8,0.4,63.5,75.3,79.4,72.4,6.0,8.5,14.0,0.8,0.4,6.6,7.2,8.24,7.55,6.0,1.44,14.0,0.8,0.8,0.4,-7.58,-6.75,-6.06,-6.88,6.0,1.22,14.0,0.8,0.8,0.4,-3.2,-2.46,1.06,-1.08,6.0,3.3,14.0,0.8,0.8,0.4,1018.46,1018.7,1021.36,1019.52,6.0,1.51,14.0,0.8,0.8,0.4,3.0,3.0,4.4,3.7,6.0,1.2,14.0,0.8,0.8,0.4,-63.2,-48.4,-40.3,-53.3,6.0,20.4,14.0,0.8,0.8,0.4,-21.4,-17.3,11.0,-4.6,6.0,29.6,14.0,0.8,0.8,0.4,-0.62,0.6,0.78,0.12,5.0,1.09,14.0,0.8,0.8,0.4,-6.4,4.3,5.2,-0.4,5.0,9.9,14.0,0.8,0.8,0.4,4.41,5.42,6.49,5.39,5.0,1.28,14.0,0.8,0.8,0.4,29.9,35.6,54.7,41.3,5.0,16.2,14.0,0.8,0.8,0.4,-178.0,-155.4,-137.4,-161.1,6.0,36.5,14.0,0.8,0.8,0.4,-72.5,-56.6,27.2,-22.2,6.0,80.5,14.0,0.8,0.8,0.4,-98.5,-92.2,-68.6,-87.5,6.0,15.7,14.0,0.8,0.8,0.4,-39.6,-34.1,12.8,-14.2,6.0,40.2,14.0,0.8,0.8,0.4,-47.3,-35.6,-26.5,-37.1,5.0,13.3,14.0,0.8,0.8,0.4,-19.5,-8.0,12.0,-3.3,5.0,22.1,14.0,0.8,0.8,0.4,288.0,373.0,588.0,472.5,6.0,312.5,14.0,0.8,0.8,0.4,290.0,375.0,590.0,470.0,6.0,315.0,14.0,0.8,0.8,0.4
1974,2,313.0,20.0,22.86,23.8,24.05,23.53,7.0,0.97,14.0,0.4,0.4,0.6,21.98,23.0,23.67,22.93,7.0,1.15,14.0,0.4,0.4,0.6,11.69,13.44,13.87,12.9,6.0,1.34,12.0,0.5,0.4,0.6,68.7,75.5,78.3,74.3,6.0,8.1,12.0,0.5,0.6,4.98,7.7,11.01,7.44,7.0,3.3,14.0,0.4,0.4,0.6,-10.86,-6.67,-4.66,-7.12,7.0,3.45,14.0,0.4,0.4,0.6,-2.0,0.0,1.62,-0.6,7.0,2.02,14.0,0.4,0.4,0.6,1016.93,1018.8,1022.06,1019.41,7.0,2.9,14.0,0.4,0.4,0.6,3.9,6.0,7.0,5.4,7.0,2.4,14.0,0.4,0.4,0.6,-119.6,-51.3,-23.5,-62.7,7.0,48.6,14.0,0.4,0.4,0.6,-21.4,0.0,4.9,-5.7,7.0,15.3,14.0,0.4,0.4,0.6,0.0,0.6,1.02,0.6,7.0,0.52,14.0,0.4,0.4,0.6,0.0,3.7,7.8,4.4,7.0,3.6,14.0,0.4,0.4,0.6,4.39,5.31,6.18,5.21,6.0,1.72,12.0,0.5,0.4,0.6,13.4,35.1,54.2,37.9,6.0,27.3,12.0,0.5,0.4,0.6,-243.5,-153.4,-108.9,-163.8,7.0,79.1,14.0,0.4,0.4,0.6,-45.8,0.0,36.0,-14.4,7.0,46.3,14.0,0.4,0.4,0.6,-121.0,-80.2,-57.4,-82.5,6.0,37.6,12.0,0.5,0.4,0.6,-29.6,0.0,20.4,-5.5,6.0,27.9,12.0,0.5,0.4,0.6,-53.6,-31.5,-11.4,-36.1,6.0,27.9,12.0,0.5,0.4,0.6,-12.2,0.0,8.2,-2.3,6.0,11.2,12.0,0.5,0.4,0.6,127.0,456.5,1336.5,617.0,7.0,589.0,14.0,0.4,0.4,0.6,125.0,455.0,1335.0,615.0,7.0,590.0,14.0,0.4,0.4,0.6
1974,2,313.0,21.0,23.57,24.0,24.62,24.06,5.0,0.73,14.0,0.6,0.4,0.2,22.13,22.4,23.43,22.74,5.0,0.82,14.0,0.6,0.4,0.2,11.34,12.58,13.92,12.59,5.0,1.54,14.0,0.6,0.4,0.2,66.5,75.2,79.7,73.6,5.0,7.3,14.0,0.6,0.2,6.75,8.2,8.2,7.48,5.0,1.35,14.0,0.6,0.4,0.2,-7.89,-7.71,-4.57,-6.49,5.0,1.93,14.0,0.6,0.4,0.2,-2.98,0.0,3.93,0.52,5.0,3.87,14.0,0.6,0.4,0.2,1017.6,1019.0,1019.92,1018.84,5.0,1.53,14.0,0.6,0.4,0.2,2.3,6.0,7.0,4.8,5.0,2.7,14.0,0.6,0.4,0.2,-64.7,-63.2,-31.5,-50.3,5.0,20.6,14.0,0.6,0.4,0.2,-19.0,0.0,31.2,5.7,5.0,28.4,14.0,0.6,0.4,0.2,0.6,1.7,2.0,1.32,5.0,0.89,14.0,0.6,0.4,0.2,4.9,10.2,14.8,9.6,5.0,6.6,14.0,0.6,0.4,0.2,5.06,5.6,6.95,5.99,5.0,1.25,14.0,0.6,0.4,0.2,40.2,42.6,46.5,43.6,5.0,5.0,14.0,0.6,0.4,0.2,-181.4,-171.1,-104.0,-148.1,5.0,46.1,14.0,0.6,0.4,0.2,-65.9,0.0,89.6,12.9,5.0,87.7,14.0,0.6,0.4,0.2,-109.8,-97.0,-52.1,-84.0,5.0,32.8,14.0,0.6,0.4,0.2,-35.8,0.0,47.9,6.5,5.0,46.2,14.0,0.6,0.4,0.2,-45.0,-37.2,-29.9,-37.6,5.0,8.6,14.0,0.6,0.4,0.2,-18.1,0.0,23.4,2.3,5.0,23.7,14.0,0.6,0.4,0.2,338.5,551.5,551.5,448.5,5.0,181.5,14.0,0.6,0.4,0.2,340.0,550.0,550.0,450.0,5.0,180.0,14.0,0.6,0.4,0.2
1974,2,313.0,22.0,21.27,22.9,24.0,22.74,9.0,1.2,16.0,0.4,0.7,0.4,21.6,22.25,24.4,22.78,10.0,1.5,18.0,0.5,0.7,0.4,12.52,13.63,14.48,13.58,7.0,1.13,18.0,0.6,0.7,0.4,71.9,79.8,81.8,78.6,8.0,6.3,16.0,0.5,0.5,4.6,7.35,9.97,7.39,10.0,3.36,18.0,0.5,0.7,0.4,-7.86,-7.0,-3.95,-6.34,10.0,2.37,18.0,0.5,0.7,0.4,-4.0,0.0,1.69,-1.45,10.0,4.41,18.0,0.5,0.7,0.4,1018.05,1020.5,1021.5,1019.99,9.0,1.63,18.0,0.6,0.7,0.3,4.0,5.0,7.0,5.4,10.0,1.6,18.0,0.5,0.7,0.4,-84.4,-53.6,-18.2,-52.4,10.0,36.2,18.0,0.5,0.7,0.4,-39.4,0.0,10.8,-22.0,10.0,55.4,18.0,0.5,0.7,0.4,-0.73,0.4,1.76,0.21,9.0,2.07,16.0,0.4,0.7,0.4,-6.0,2.8,12.6,5.2,9.0,14.5,16.0,0.4,0.7,0.4,2.23,4.16,4.82,3.58,6.0,1.57,16.0,0.5,0.6,0.5,9.9,21.4,40.4,24.5,6.0,18.1,16.0,0.5,0.6,0.5,-177.6,-154.2,-88.8,-143.0,10.0,51.1,18.0,0.5,0.7,0.4,-95.0,0.0,37.1,-32.0,10.0,95.9,18.0,0.5,0.7,0.4,-103.4,-72.8,-47.5,-78.1,7.0,30.7,18.0,0.6,0.7,0.4,-45.6,11.8,27.2,-1.2,7.0,37.1,18.0,0.6,0.7,0.4,-39.3,-18.2,-9.7,-22.8,6.0,17.4,16.0,0.5,0.6,0.5,-3.8,4.2,8.5,1.9,6.0,11.0,16.0,0.5,0.6,0.5,97.5,400.0,1061.0,648.5,10.0,842.5,18.0,0.5,0.7,0.4,95.0,400.0,1060.0,650.0,10.0,845.0,18.0,0.5,0.7,0.4
1974,2,313.0,23.0,21.49,22.0,22.78,22.11,9.0,0.93,12.0,0.3,0.5,0.5,21.0,21.2,22.02,21.52,9.0,1.1,12.0,0.3,0.5,0.5,11.68,12.74,13.21,12.46,6.0,1.3,8.0,0.3,0.4,0.5,68.0,78.4,82.0,76.0,7.0,8.0,8.0,0.3,0.5,4.23,7.7,9.3,7.07,9.0,2.48,12.0,0.3,0.5,0.5,-9.08,-6.3,-3.18,-6.04,9.0,2.74,12.0,0.3,0.5,0.5,-4.36,-1.23,1.6,-1.01,9.0,3.56,12.0,0.3,0.5,0.5,1019.7,1019.9,1022.22,1020.61,8.0,1.36,12.0,0.4,0.5,0.5,3.0,4.0,7.5,4.6,9.0,2.4,12.0,0.3,0.5,0.5,-83.7,-58.4,-14.2,-47.9,9.0,32.4,12.0,0.3,0.5,0.5,-28.4,-4.4,14.8,-8.5,9.0,29.5,12.0,0.3,0.5,0.5,-1.07,1.0,2.0,0.59,9.0,1.55,12.0,0.3,0.5,0.5,-5.7,3.6,18.4,5.1,9.0,11.9,12.0,0.3,0.5,0.5,2.79,4.03,4.94,3.91,6.0,1.19,8.0,0.3,0.4,0.5,12.3,27.4,42.2,27.2,6.0,14.4,8.0,0.3,0.4,0.5,-192.0,-126.0,-66.9,-129.5,9.0,58.1,12.0,0.3,0.5,0.5,-92.0,-25.9,34.9,-20.3,9.0,73.9,12.0,0.3,0.5,0.5,-102.2,-73.7,-41.9,-73.8,6.0,33.1,8.0,0.3,0.4,0.5,-29.7,-17.7,16.6,-14.5,6.0,30.2,8.0,0.3,0.4,0.5,-41.6,-20.3,-11.5,-24.4,6.0,15.3,8.0,0.3,0.4,0.5,-8.7,-3.8,7.3,-3.5,6.0,11.5,8.0,0.3,0.4,0.5,76.5,456.5,804.5,465.0,9.0,361.5,12.0,0.3,0.5,0.5,75.0,455.0,805.0,465.0,9.0,360.0,12.0,0.3,0.5,0.5
1974,2,313.0,24.0,22.0,22.5,22.7,22.36,23.0,0.5,12.0,0.4,0.5,0.5,21.27,21.9,22.47,21.99,24.0,0.98,12.0,0.4,0.5,0.5,9.94,12.37,13.62,11.94,18.0,1.68,12.0,0.2,0.5,0.4,64.5,76.0,83.9,73.9,18.0,10.0,12.0,0.2,0.4,3.17,6.2,9.07,6.13,21.0,2.67,12.0,0.3,0.5,0.4,-7.85,-4.33,-2.29,-4.62,21.0,2.95,12.0,0.3,0.5,0.4,-4.16,0.87,3.34,0.26,21.0,3.92,12.0,0.3,0.5,0.4,1019.47,1021.2,1022.65,1021.31,21.0,2.25,12.0,0.3,0.5,0.4,1.0,3.0,6.5,3.1,23.0,2.4,12.0,0.4,0.5,0.5,-62.4,-24.6,-7.1,-33.5,21.0,29.0,12.0,0.3,0.5,0.4,-26.3,4.3,30.0,-1.8,21.0,33.1,12.0,0.3,0.5,0.4,-0.5,0.6,1.05,0.42,23.0,0.99,12.0,0.4,0.5,0.5,-2.8,3.0,6.0,2.4,20.0,6.8,12.0,0.3,0.5,0.4,3.43,4.06,6.92,4.7,17.0,1.98,10.0,0.2,0.5,0.5,9.5,20.3,43.8,26.6,17.0,19.2,10.0,0.2,0.5,0.5,-173.1,-91.4,-49.4,-102.5,21.0,67.0,12.0,0.3,0.5,0.4,-92.2,18.7,76.8,6.4,21.0,84.6,12.0,0.3,0.5,0.4,-90.4,-49.8,-21.6,-50.0,18.0,36.7,12.0,0.2,0.5,0.4,-27.5,9.8,41.6,6.2,18.0,43.7,12.0,0.2,0.5,0.4,-31.0,-16.0,-3.7,-18.0,17.0,15.3,10.0,0.2,0.5,0.5,-19.0,2.8,10.5,-3.8,17.0,22.9,10.0,0.2,0.5,0.5,33.5,238.5,753.5,352.5,21.0,345.0,12.0,0.3,0.5,0.4,35.0,240.0,755.0,350.0,21.0,345.0,12.0,0.3,0.5,0.4
1974,2,313.0,25.0,21.86,22.4,23.62,22.59,17.0,1.09,14.0,0.6,0.6,0.4,20.88,21.75,23.0,21.83,18.0,1.16,14.0,0.6,0.6,0.4,10.42,11.5,13.98,12.08,15.0,2.05,14.0,0.6,0.6,0.4,63.1,77.1,86.9,75.7,15.0,12.3,14.0,0.6,0.4,3.1,5.1,6.79,5.01,18.0,1.92,14.0,0.6,0.6,0.4,-6.04,-3.31,0.16,-3.0,18.0,3.18,14.0,0.6,0.6,0.4,-1.38,1.31,3.62,1.01,18.0,3.09,14.0,0.6,0.6,0.4,1019.97,1021.6,1024.12,1022.03,18.0,2.29,14.0,0.6,0.6,0.4,1.7,6.0,7.3,5.2,18.0,2.6,14.0,0.6,0.6,0.4,-41.0,-16.1,2.7,-17.3,18.0,21.0,14.0,0.6,0.6,0.4,-8.6,4.0,23.2,5.7,18.0,19.5,14.0,0.6,0.6,0.4,-0.15,0.7,2.79,0.89,17.0,1.66,14.0,0.6,0.6,0.4,-0.5,3.7,13.7,4.2,17.0,10.0,14.0,0.6,0.6,0.4,3.05,4.79,7.13,4.89,15.0,2.42,14.0,0.6,0.6,0.4,12.6,21.4,35.3,23.6,15.0,14.6,14.0,0.6,0.6,0.4,-129.4,-74.5,2.1,-66.4,18.0,68.7,14.0,0.6,0.6,0.4,-29.6,28.5,81.2,22.7,18.0,65.8,14.0,0.6,0.6,0.4,-63.4,-43.1,19.7,-32.4,15.0,41.5,14.0,0.6,0.6,0.4,-12.6,22.1,57.3,18.5,15.0,40.9,14.0,0.6,0.6,0.4,-30.8,-12.7,7.3,-13.4,15.0,17.9,14.0,0.6,0.6,0.4,-13.3,7.7,15.8,2.1,15.0,17.1,14.0,0.6,0.6,0.4,30.0,132.5,313.5,174.0,18.0,137.5,14.0,0.6,0.6,0.4,30.0,135.0,315.0,175.0,18.0,140.0,14.0,0.6,0.6,0.4
1974,2,313.0,26.0,21.31,22.0,23.0,22.26,14.0,1.01,16.0,0.5,0.6,0.5,20.22,21.15,22.0,21.25,14.0,1.07,16.0,0.5,0.6,0.5,9.51,12.51,13.57,11.85,12.0,2.24,16.0,0.5,0.6,0.5,64.1,76.8,86.9,76.0,13.0,11.2,18.0,0.5,0.5,3.43,5.1,8.09,5.59,15.0,2.75,16.0,0.5,0.6,0.5,-6.23,-3.91,-1.35,-4.03,15.0,2.86,16.0,0.5,0.6,0.5,-4.36,0.0,2.81,-0.69,15.0,3.86,16.0,0.5,0.6,0.5,1018.41,1022.0,1024.33,1021.18,14.0,3.08,14.0,0.5,0.6,0.5,1.0,3.0,6.6,3.4,15.0,2.4,16.0,0.5,0.6,0.5,-43.0,-18.3,-5.9,-28.2,15.0,30.6,16.0,0.5,0.6,0.5,-20.1,0.0,16.4,-6.1,15.0,28.7,16.0,0.5,0.6,0.5,0.0,1.1,1.97,1.01,14.0,1.52,16.0,0.5,0.6,0.5,0.0,5.3,14.7,7.4,14.0,10.9,16.0,0.5,0.6,0.5,2.66,3.88,7.54,4.71,12.0,2.74,16.0,0.5,0.6,0.5,8.4,19.4,44.0,27.1,12.0,25.1,16.0,0.5,0.6,0.5,-128.6,-81.8,-23.5,-83.0,14.0,61.5,16.0,0.5,0.6,0.5,-88.9,0.0,66.2,-13.8,14.0,83.3,16.0,0.5,0.6,0.5,-59.6,-40.2,-9.4,-41.1,12.0,29.5,16.0,0.5,0.6,0.5,-47.4,0.0,41.6,-2.3,12.0,44.3,16.0,0.5,0.6,0.5,-31.2,-11.7,-1.4,-15.7,12.0,14.3,16.0,0.5,0.6,0.5,-41.6,0.0,9.8,-11.7,12.0,28.4,16.0,0.5,0.6,0.5,45.0,132.5,530.5,294.5,15.0,364.5,16.0,0.5,0.6,0.5,45.0,135.0,530.0,295.0,15.0,365.0,16.0,0.5,0.6,0.5
1974,2,313.0,27.0,20.49,21.5,23.0,21.61,13.0,1.15,14.0,0.7,0.6,0.4,21.0,22.2,23.0,22.17,15.0,1.47,14.0,0.7,0.5,0.4,9.78,11.93,12.62,11.6,9.0,1.58,12.0,0.7,0.6,0.4,59.4,75.0,81.8,72.6,9.0,11.9,12.0,0.7,0.4,4.6,5.1,7.67,5.64,14.0,1.77,14.0,0.7,0.5,0.4,-4.41,-2.8,1.92,-1.67,14.0,3.73,14.0,0.7,0.5,0.4,-1.89,2.85,5.98,2.59,14.0,3.63,14.0,0.7,0.5,0.4,1019.61,1022.0,1024.96,1022.23,14.0,2.56,14.0,0.7,0.6,0.4,1.0,5.0,6.0,4.1,15.0,2.4,14.0,0.7,0.5,0.4,-36.9,-12.2,11.5,-10.1,14.0,25.6,14.0,0.7,0.5,0.4,-3.6,12.9,38.0,18.4,14.0,24.2,14.0,0.7,0.5,0.4,-2.6,0.0,1.52,-0.36,13.0,1.72,14.0,0.7,0.6,0.4,-12.3,1.5,7.4,-1.6,12.0,10.1,14.0,0.7,0.5,0.4,2.36,4.28,6.28,4.44,9.0,2.19,12.0,0.7,0.6,0.4,14.5,25.9,33.0,24.4,8.0,9.4,12.0,0.6,0.6,0.4,-111.7,-58.7,43.3,-35.5,14.0,81.2,14.0,0.7,0.5,0.4,-45.6,65.6,137.3,57.1,14.0,80.2,14.0,0.7,0.5,0.4,-67.4,-40.1,-27.2,-37.6,8.0,45.2,12.0,0.6,0.6,0.4,-26.5,24.8,35.4,15.5,8.0,32.8,12.0,0.6,0.6,0.4,-23.4,-17.9,-9.1,-12.3,8.0,16.5,12.0,0.6,0.6,0.4,-22.7,9.7,13.3,0.8,8.0,17.9,12.0,0.6,0.6,0.4,97.5,132.5,451.5,228.5,14.0,194.5,14.0,0.7,0.5,0.4,95.0,135.0,450.0,230.0,14.0,195.0,14.0,0.7,0.5,0.4
1974,2,313.0,28.0,20.2,22.0,23.0,21.62,19.0,1.72,14.0,0.8,0.6,0.5,20.1,21.05,22.0,21.22,20.0,1.05,14.0,0.8,0.6,0.5,10.3,11.96,12.86,11.8,14.0,1.56,14.0,0.9,0.6,0.5,68.6,73.7,84.2,75.6,14.0,7.7,14.0,0.9,0.5,3.13,6.2,9.28,6.45,20.0,3.02,14.0,0.8,0.6,0.5,-5.02,-2.77,1.77,-2.19,20.0,3.25,14.0,0.8,0.6,0.5,-0.88,4.27,8.04,3.46,20.0,4.97,14.0,0.8,0.6,0.5,1019.51,1021.85,1024.49,1021.83,20.0,2.09,14.0,0.8,0.6,0.5,3.0,5.0,6.3,4.7,18.0,2.0,14.0,0.9,0.6,0.5,-38.1,-14.2,4.5,-16.3,20.0,24.2,14.0,0.8,0.6,0.5,-2.2,22.9,65.9,31.7,20.0,53.1,14.0,0.8,0.6,0.5,-1.37,0.8,2.5,0.39,19.0,1.96,14.0,0.8,0.6,0.5,-7.2,2.1,16.1,2.8,19.0,14.4,14.0,0.8,0.6,0.5,1.09,4.28,5.5,3.8,14.0,2.33,14.0,0.9,0.6,0.5,7.0,21.5,39.3,24.2,14.0,17.2,14.0,0.9,0.6,0.5,-109.4,-60.2,37.0,-47.9,20.0,69.6,14.0,0.8,0.6,0.5,-17.7,89.1,161.0,74.0,20.0,106.6,14.0,0.8,0.6,0.5,-51.6,-32.0,18.2,-25.5,14.0,36.7,14.0,0.9,0.6,0.5,-10.7,54.7,104.1,39.0,14.0,59.5,14.0,0.9,0.6,0.5,-32.7,-7.2,2.2,-10.4,14.0,15.9,14.0,0.9,0.6,0.5,-7.3,8.1,33.7,7.9,14.0,22.1,14.0,0.9,0.6,0.5,31.0,238.5,800.5,450.5,20.0,621.5,14.0,0.8,0.6,0.5,30.0,240.0,800.0,450.0,20.0,620.0,14.0,0.8,0.6,0.5
1974,2,313.0,29.0,19.76,21.0,22.0,20.81,19.0,1.2,16.0,0.6,0.5,0.5,19.39,20.8,21.07,20.26,19.0,1.21,16.0,0.6,0.5,0.5,9.69,10.27,11.3,10.56,13.0,1.13,16.0,0.8,0.5,0.5,66.6,70.5,84.6,73.1,14.0,9.4,16.0,0.7,0.5,3.53,5.1,9.04,6.21,19.0,3.02,16.0,0.7,0.5,0.5,-5.21,-2.91,3.94,-1.15,19.0,4.66,16.0,0.7,0.5,0.5,-4.65,0.0,4.15,0.06,19.0,5.17,16.0,0.7,0.5,0.5,1021.29,1023.2,1026.2,1023.88,19.0,3.23,16.0,0.7,0.5,0.5,3.7,6.0,7.1,5.4,19.0,2.2,16.0,0.7,0.5,0.5,-42.3,-9.0,30.3,-7.4,19.0,39.5,16.0,0.7,0.5,0.5,-32.1,0.0,21.6,1.9,19.0,52.1,16.0,0.7,0.5,0.5,-0.73,0.5,1.83,0.52,18.0,1.81,16.0,0.6,0.5,0.5,-4.7,2.1,8.1,2.4,17.0,11.5,16.0,0.6,0.5,0.5,3.33,4.53,5.45,4.4,12.0,1.06,16.0,0.8,0.4,0.5,12.6,23.9,37.2,27.1,11.0,16.5,18.0,0.8,0.5,0.5,-101.6,-30.3,79.1,-17.8,18.0,93.9,18.0,0.7,0.5,0.5,-99.3,0.0,91.0,2.9,18.0,106.9,18.0,0.7,0.5,0.5,-58.1,-34.3,27.3,-21.6,12.0,46.7,18.0,0.8,0.5,0.5,-47.6,-4.1,54.3,7.5,12.0,62.7,18.0,0.8,0.5,0.5,-18.2,-12.2,17.1,-8.0,11.0,21.5,18.0,0.8,0.5,0.5,-27.0,-3.1,18.9,-4.1,11.0,23.0,18.0,0.8,0.5,0.5,44.0,132.5,740.0,417.5,19.0,568.5,16.0,0.7,0.5,0.5,45.0,135.0,740.0,415.0,19.0,570.0,16.0,0.7,0.5,0.5
1974,2,313.0,30.0,20.0,20.0,21.98,20.49,20.0,1.15,14.0,0.5,0.6,0.4,19.0,20.0,21.2,20.16,23.0,1.08,14.0,0.5,0.6,0.4,9.1,11.48,12.28,10.8,13.0,1.65,14.0,0.5,0.6,0.3,63.0,77.4,82.8,74.1,13.0,10.0,14.0,0.5,0.3,4.1,8.2,9.88,7.52,21.0,3.39,14.0,0.5,0.6,0.4,-3.38,2.3,7.96,2.3,21.0,5.58,14.0,0.5,0.6,0.4,-1.16,4.35,8.39,3.71,21.0,4.45,14.0,0.5,0.6,0.4,1018.45,1021.1,1027.16,1021.94,23.0,4.22,14.0,0.5,0.6,0.4,1.2,3.0,7.0,3.7,21.0,2.5,14.0,0.5,0.6,0.4,-12.3,15.0,66.1,25.0,21.0,60.0,14.0,0.5,0.6,0.4,-7.8,21.2,75.9,37.2,21.0,49.0,14.0,0.5,0.6,0.4,-1.29,0.35,1.79,0.35,20.0,1.42,14.0,0.5,0.6,0.4,-5.8,2.6,9.2,2.3,19.0,11.6,14.0,0.5,0.6,0.4,2.5,4.67,5.19,4.12,11.0,1.67,14.0,0.5,0.5,0.3,14.7,21.0,39.7,24.6,10.0,12.6,14.0,0.5,0.5,0.3,-65.5,43.7,153.3,46.0,21.0,111.4,14.0,0.5,0.6,0.4,-21.9,88.3,166.8,76.5,21.0,90.5,14.0,0.5,0.6,0.4,-5.2,20.3,91.9,37.0,11.0,51.3,14.0,0.5,0.5,0.3,-12.6,37.5,75.8,35.2,11.0,46.8,14.0,0.5,0.5,0.3,-2.8,4.5,22.2,8.3,10.0,16.1,14.0,0.5,0.5,0.3,-3.7,9.3,23.3,9.3,10.0,20.0,14.0,0.5,0.5,0.3,70.0,551.5,966.0,689.5,21.0,861.0,14.0,0.5,0.6,0.4,70.0,550.0,965.0,690.0,21.0,860.0,14.0,0.5,0.6,0.4
1974,2,313.0,31.0,19.0,19.7,20.89,19.89,15.0,1.02,18.0,0.5,0.6,0.4,18.27,19.35,20.79,19.72,18.0,1.55,20.0,0.5,0.6,0.3,7.62,8.69,13.25,10.17,13.0,2.71,20.0,0.5,0.7,0.3,59.8,64.3,87.9,71.3,13.0,14.0,20.0,0.5,0.3,3.37,5.7,8.57,6.07,17.0,2.4,20.0,0.5,0.6,0.3,-3.4,1.95,5.14,0.74,17.0,4.76,20.0,0.5,0.6,0.3,-4.56,0.63,4.25,-0.06,17.0,4.66,20.0,0.5,0.6,0.3,1019.13,1023.95,1027.62,1023.98,18.0,3.94,20.0,0.5,0.6,0.3,1.5,5.0,7.0,4.5,17.0,2.7,20.0,0.5,0.6,0.3,-14.6,6.2,36.2,5.3,17.0,39.6,20.0,0.5,0.6,0.3,-30.5,2.3,24.8,-1.2,17.0,35.0,20.0,0.5,0.6,0.3,-0.93,0.5,1.08,-0.02,15.0,1.66,18.0,0.5,0.6,0.4,-3.2,1.1,4.5,-1.4,14.0,12.2,20.0,0.6,0.6,0.3,1.09,5.34,5.58,3.79,11.0,2.77,20.0,0.5,0.6,0.3,4.8,21.4,28.7,18.0,11.0,14.8,20.0,0.5,0.6,0.3,-65.0,36.3,95.1,16.6,17.0,95.2,20.0,0.5,0.6,0.3,-84.4,11.9,84.6,-0.4,17.0,94.7,20.0,0.5,0.6,0.3,-31.1,-6.2,36.8,2.8,13.0,61.9,20.0,0.5,0.7,0.3,-43.0,-16.7,36.0,-7.0,13.0,48.4,20.0,0.5,0.7,0.3,-18.4,-1.2,13.6,-2.4,11.0,14.8,20.0,0.5,0.6,0.3,-16.3,4.7,20.6,2.2,11.0,18.6,20.0,0.5,0.6,0.3,39.0,185.0,633.0,324.5,17.0,319.0,20.0,0.5,0.6,0.3,40.0,185.0,635.0,325.0,17.0,320.0,20.0,0.5,0.6,0.3
1974,2,313.0,32.0,18.25,20.8,21.83,20.23,12.0,1.96,14.0,0.5,0.6,0.6,18.27,19.4,20.02,19.27,13.0,0.84,14.0,0.5,0.6,0.6,9.72,10.9,12.69,10.88,10.0,1.97,14.0,0.5,0.6,0.6,70.9,79.8,89.8,77.8,10.0,14.0,14.0,0.5,0.6,4.26,7.7,10.18,7.08,12.0,3.76,14.0,0.5,0.6,0.6,-4.13,0.18,8.19,1.4,12.0,6.67,14.0,0.5,0.6,0.6,-0.43,3.24,6.15,2.98,12.0,3.55,14.0,0.5,0.6,0.6,1017.09,1019.8,1024.16,1020.39,13.0,3.78,14.0,0.5,0.6,0.6,1.0,6.0,8.0,5.2,13.0,3.1,14.0,0.5,0.6,0.6,-31.8,0.4,81.9,16.5,12.0,70.8,14.0,0.5,0.6,0.6,-3.2,16.7,55.9,24.5,12.0,31.3,14.0,0.5,0.6,0.6,-0.41,1.15,2.83,0.98,12.0,2.02,14.0,0.5,0.6,0.6,1.2,7.2,24.6,11.6,11.0,14.8,12.0,0.5,0.6,0.6,2.28,4.21,6.26,4.09,9.0,2.9,14.0,0.6,0.6,0.7,11.6,41.2,50.9,32.8,9.0,23.7,14.0,0.6,0.6,0.7,-81.2,3.6,149.9,26.2,12.0,128.3,14.0,0.5,0.6,0.6,-8.2,64.4,121.0,58.4,12.0,68.0,14.0,0.5,0.6,0.6,-50.7,1.9,92.1,14.3,10.0,80.1,14.0,0.5,0.6,0.6,0.0,39.3,62.2,33.7,10.0,34.7,14.0,0.5,0.6,0.6,-9.6,2.1,47.8,15.8,9.0,35.6,14.0,0.6,0.6,0.7,0.0,11.7,17.4,9.9,9.0,10.5,14.0,0.6,0.6,0.7,95.5,456.5,1069.0,614.5,12.0,653.0,14.0,0.5,0.6,0.6,95.0,455.0,1070.0,615.0,12.0,655.0,14.0,0.5,0.6,0.6
1974,2,313.0,33.0,18.72,19.4,20.0,19.19,17.0,1.05,14.0,0.4,0.7,0.5,17.65,19.1,20.03,18.83,18.0,1.21,14.0,0.3,0.7,0.5,9.37,10.97,12.48,11.0,15.0,1.43,14.0,0.4,0.7,0.5,72.0,78.2,92.2,81.3,15.0,9.7,14.0,0.4,0.5,6.89,9.3,12.67,9.7,16.0,3.15,14.0,0.4,0.7,0.5,-4.74,3.85,10.16,2.86,16.0,7.5,14.0,0.4,0.7,0.5,0.0,4.69,8.68,4.43,16.0,4.93,14.0,0.4,0.7,0.5,1016.59,1019.6,1025.68,1020.65,17.0,4.34,14.0,0.4,0.7,0.5,5.0,7.0,8.0,6.2,17.0,2.1,12.0,0.4,0.7,0.5,-34.3,36.7,133.3,35.3,16.0,88.5,14.0,0.4,0.7,0.5,0.0,33.1,92.7,46.9,16.0,65.3,14.0,0.4,0.7,0.5,-1.13,0.1,1.78,0.38,17.0,1.44,14.0,0.4,0.7,0.5,-6.2,0.9,11.7,2.9,15.0,14.4,14.0,0.4,0.7,0.5,0.95,2.69,4.7,2.66,15.0,1.76,14.0,0.4,0.7,0.5,12.4,22.8,43.5,26.0,14.0,16.1,14.0,0.4,0.7,0.5,-89.7,72.7,202.9,55.4,16.0,139.8,14.0,0.4,0.7,0.5,0.0,86.0,171.8,87.4,16.0,95.7,14.0,0.4,0.7,0.5,-69.4,29.6,93.6,20.2,14.0,81.7,14.0,0.4,0.7,0.5,0.0,49.3,78.5,46.6,14.0,55.8,14.0,0.4,0.7,0.5,-9.9,6.3,33.7,9.5,14.0,24.8,14.0,0.4,0.7,0.5,0.0,9.8,18.6,7.8,14.0,14.4,14.0,0.4,0.7,0.5,328.5,804.5,2038.0,1195.5,16.0,1134.0,14.0,0.4,0.7,0.5,330.0,805.0,2040.0,1195.0,16.0,1135.0,14.0,0.4,0.7,0.5
1974,2,313.0,34.0,18.0,18.7,19.4,18.68,22.0,1.14,14.0,0.7,0.6,0.4,16.8,18.55,19.83,18.38,22.0,1.51,14.0,0.7,0.5,0.4,6.75,10.92,12.36,10.22,19.0,2.28,14.0,0.7,0.5,0.4,57.3,83.1,91.2,77.9,19.0,14.9,14.0,0.7,0.4,4.8,8.2,11.81,8.66,23.0,3.93,14.0,0.7,0.5,0.4,-2.68,4.31,10.69,3.89,23.0,6.54,14.0,0.7,0.5,0.4,-3.84,2.44,6.88,1.86,23.0,5.63,14.0,0.7,0.5,0.4,1014.15,1019.4,1025.16,1019.44,23.0,6.48,14.0,0.7,0.5,0.4,2.5,6.0,7.5,5.5,23.0,2.3,14.0,0.7,0.5,0.4,-10.9,21.7,120.1,48.7,23.0,89.1,14.0,0.7,0.5,0.4,-30.9,18.3,81.1,22.5,23.0,60.5,14.0,0.7,0.5,0.4,-1.53,0.0,1.95,0.37,21.0,2.21,14.0,0.7,0.5,0.4,-12.2,0.0,11.1,0.1,21.0,14.5,14.0,0.7,0.5,0.4,0.84,1.93,7.26,3.03,19.0,2.75,14.0,0.7,0.5,0.4,8.7,17.5,34.4,22.0,19.0,18.7,14.0,0.7,0.5,0.4,-51.0,64.1,195.9,68.1,22.0,123.4,14.0,0.7,0.5,0.4,-62.7,57.5,135.4,42.1,22.0,105.8,14.0,0.7,0.5,0.4,-17.4,34.7,136.6,50.1,19.0,78.4,14.0,0.7,0.5,0.4,-19.2,25.3,85.3,31.5,19.0,52.6,14.0,0.7,0.5,0.4,-4.5,6.2,25.3,7.9,19.0,15.4,14.0,0.7,0.5,0.4,-16.8,3.5,12.7,-2.2,19.0,23.5,14.0,0.7,0.5,0.4,111.0,551.5,1655.5,1065.0,23.0,1373.0,14.0,0.7,0.5,0.4,110.0,550.0,1655.0,1065.0,23.0,1375.0,14.0,0.7,0.5,0.4
1974,2,313.0,35.0,17.41,18.0,19.28,18.38,17.0,1.08,16.0,0.4,0.5,0.5,15.59,17.3,19.0,17.14,19.0,1.75,18.0,0.4,0.5,0.6,6.49,8.42,11.1,8.77,17.0,2.09,16.0,0.4,0.5,0.5,60.7,72.6,84.5,72.5,17.0,11.1,16.0,0.4,0.5,3.95,7.45,11.3,7.81,18.0,3.73,18.0,0.4,0.5,0.5,-4.01,1.93,7.13,1.83,18.0,5.86,18.0,0.4,0.5,0.5,-5.7,0.0,6.8,1.31,18.0,6.22,18.0,0.4,0.5,0.5,1016.99,1023.3,1028.57,1023.33,19.0,4.94,18.0,0.4,0.5,0.6,1.7,3.0,7.0,4.1,19.0,2.8,18.0,0.4,0.5,0.6,-32.6,7.9,72.2,16.2,18.0,64.3,18.0,0.4,0.5,0.5,-42.6,0.0,54.6,18.7,18.0,71.0,18.0,0.4,0.5,0.5,-0.69,1.0,2.85,1.36,17.0,2.18,16.0,0.4,0.5,0.5,-4.6,4.3,24.2,9.6,16.0,17.9,16.0,0.4,0.5,0.5,1.96,4.31,6.35,4.24,16.0,2.34,16.0,0.4,0.5,0.5,11.3,26.8,44.4,33.1,15.0,22.3,16.0,0.4,0.5,0.5,-69.0,28.3,130.2,33.6,18.0,100.9,18.0,0.4,0.5,0.5,-94.7,0.0,126.3,25.9,18.0,108.8,18.0,0.4,0.5,0.5,-32.4,21.5,81.1,25.7,16.0,56.6,16.0,0.4,0.5,0.5,-45.6,14.3,77.9,17.7,16.0,58.4,16.0,0.4,0.5,0.5,-19.8,6.9,25.9,2.4,15.0,30.9,16.0,0.4,0.5,0.5,-30.2,0.0,24.2,1.0,15.0,26.6,16.0,0.4,0.5,0.5,62.0,415.0,1443.0,793.5,18.0,980.0,18.0,0.4,0.5,0.5,60.0,415.0,1445.0,795.0,18.0,980.0,18.0,0.4,0.5,0.5
1974,2,313.0,36.0,17.84,18.8,20.0,18.76,15.0,1.52,14.0,0.4,0.6,0.3,15.84,16.7,18.59,17.13,15.0,1.43,14.0,0.4,0.6,0.3,8.7,9.3,11.18,9.6,13.0,1.47,14.0,0.3,0.6,0.3,69.1,79.2,87.6,79.3,14.0,9.1,14.0,0.4,0.3,7.7,11.8,13.29,10.36,15.0,4.35,14.0,0.4,0.6,0.3,-0.28,6.45,11.13,5.57,15.0,5.71,14.0,0.4,0.6,0.3,-3.19,4.95,11.17,4.25,15.0,6.99,14.0,0.4,0.6,0.3,1010.83,1016.4,1022.72,1016.69,14.0,6.88,14.0,0.4,0.6,0.3,2.2,6.0,8.0,5.2,15.0,2.9,14.0,0.4,0.6,0.3,-0.6,66.3,132.4,65.9,15.0,70.9,14.0,0.4,0.6,0.3,-26.2,38.1,144.1,58.0,15.0,102.8,14.0,0.4,0.6,0.3,0.0,2.0,3.46,1.63,15.0,2.17,14.0,0.4,0.6,0.3,0.0,4.6,51.2,16.7,15.0,27.9,14.0,0.4,0.6,0.3,2.11,3.41,5.46,3.76,13.0,2.23,14.0,0.3,0.6,0.3,8.6,26.6,87.7,37.8,13.0,34.0,14.0,0.3,0.6,0.3,-5.1,121.9,176.0,96.6,15.0,96.8,14.0,0.4,0.6,0.3,-56.8,74.2,209.5,76.6,15.0,120.5,14.0,0.4,0.6,0.3,-4.3,66.6,79.8,46.0,13.0,50.9,14.0,0.3,0.6,0.3,-40.1,23.1,128.0,38.1,13.0,71.2,14.0,0.3,0.6,0.3,-3.3,13.3,37.2,19.0,13.0,32.6,14.0,0.3,0.6,0.3,-13.6,7.0,25.4,8.3,13.0,34.2,14.0,0.3,0.6,0.3,456.5,1643.0,2348.5,1624.5,15.0,1507.0,14.0,0.4,0.6,0.3,455.0,1645.0,2350.0,1625.0,15.0,1505.0,14.0,0.4,0.6,0.3
1974,2,313.0,37.0,16.56,17.4,18.21,17.42,6.0,1.07,10.0,0.3,0.5,0.5,14.71,16.0,17.88,15.89,9.0,2.08,10.0,0.4,0.5,0.5,6.57,9.63,10.88,9.02,6.0,2.87,14.0,0.3,0.4,0.5,64.8,82.6,99.0,80.8,6.0,18.3,14.0,0.3,0.5,4.67,9.8,13.83,9.94,9.0,4.97,10.0,0.4,0.5,0.5,-9.05,1.3,8.91,0.98,9.0,9.69,10.0,0.4,0.5,0.5,-1.64,4.9,6.26,2.71,9.0,5.73,10.0,0.4,0.5,0.5,1008.38,1015.5,1023.0,1015.62,9.0,6.83,10.0,0.4,0.5,0.5,3.3,8.0,8.0,6.2,9.0,2.5,10.0,0.4,0.5,0.5,-118.1,3.4,104.5,19.1,9.0,137.8,10.0,0.4,0.5,0.5,-4.3,48.0,101.3,39.1,9.0,75.1,10.0,0.4,0.5,0.5,-0.22,1.7,4.37,2.12,6.0,2.44,10.0,0.3,0.5,0.5,-1.0,14.6,27.7,19.0,6.0,26.9,10.0,0.3,0.5,0.5,1.1,2.51,5.5,3.25,5.0,3.01,12.0,0.4,0.5,0.5,4.1,10.7,73.0,34.8,5.0,42.2,12.0,0.4,0.5,0.5,-138.0,22.1,130.3,19.4,9.0,162.5,10.0,0.4,0.5,0.5,-28.0,78.4,116.3,49.1,9.0,85.9,10.0,0.4,0.5,0.5,-74.1,27.5,70.9,7.3,6.0,78.5,14.0,0.3,0.4,0.5,-24.0,30.8,78.8,27.3,6.0,52.4,14.0,0.3,0.4,0.5,-13.8,3.3,34.1,10.2,5.0,40.7,12.0,0.4,0.5,0.5,-26.5,0.0,16.5,-4.7,5.0,38.4,12.0,0.4,0.5,0.5,114.5,941.0,2682.5,1638.5,9.0,1855.0,10.0,0.4,0.5,0.5,115.0,940.0,2685.0,1640.0,9.0,1855.0,10.0,0.4,0.5,0.5
1974,2,313.0,38.0,15.86,16.7,18.9,16.72,13.0,1.77,14.0,0.6,0.7,0.4,10.55,16.2,17.8,15.01,13.0,3.43,14.0,0.6,0.7,0.4,5.29,10.83,11.38,9.18,12.0,2.88,14.0,0.6,0.7,0.4,70.4,85.8,95.1,83.5,12.0,11.9,14.0,0.6,0.4,8.74,17.5,18.47,14.62,14.0,5.22,12.0,0.6,0.6,0.4,-5.46,8.27,15.33,6.24,14.0,9.03,12.0,0.6,0.6,0.4,-10.07,5.12,16.72,3.88,14.0,10.85,12.0,0.6,0.6,0.4,1009.53,1014.15,1017.27,1014.21,14.0,5.28,12.0,0.6,0.6,0.4,4.1,7.0,8.0,6.1,14.0,2.4,12.0,0.6,0.6,0.4,-46.5,101.6,276.3,119.5,14.0,153.6,12.0,0.6,0.6,0.4,-126.4,45.9,298.2,68.2,14.0,191.7,12.0,0.6,0.6,0.4,-0.25,1.1,5.55,2.06,12.0,2.87,14.0,0.6,0.7,0.4,-3.3,21.2,82.8,38.2,12.0,45.1,14.0,0.6,0.7,0.4,0.81,2.48,5.57,2.9,12.0,2.48,14.0,0.6,0.7,0.4,11.5,43.9,94.4,50.9,12.0,44.3,14.0,0.6,0.7,0.4,-60.3,126.6,196.5,96.3,13.0,127.2,14.0,0.6,0.7,0.4,-92.3,106.3,290.2,100.0,13.0,155.7,14.0,0.6,0.7,0.4,3.9,85.7,118.8,63.7,12.0,78.3,14.0,0.6,0.7,0.4,-50.8,79.0,189.2,70.7,12.0,98.2,14.0,0.6,0.7,0.4,-6.3,12.7,74.0,31.1,12.0,41.0,14.0,0.6,0.7,0.4,-59.2,5.9,40.0,-1.9,12.0,45.2,14.0,0.6,0.7,0.4,667.5,5359.5,6300.0,4159.0,14.0,3036.0,12.0,0.6,0.6,0.4,670.0,5360.0,6300.0,4160.0,14.0,3035.0,12.0,0.6,0.6,0.4
1974,2,313.0,39.0,15.13,16.1,18.22,16.49,9.0,1.66,18.0,0.3,0.6,0.5,9.36,11.5,17.23,12.92,9.0,3.9,18.0,0.3,0.6,0.5,5.13,6.3,10.49,7.46,9.0,2.54,18.0,0.3,0.6,0.5,67.5,74.9,90.7,78.1,9.0,11.3,18.0,0.3,0.5,5.14,14.4,20.17,13.56,9.0,6.77,18.0,0.3,0.6,0.5,2.88,7.12,17.59,9.47,9.0,7.75,18.0,0.3,0.6,0.5,-6.81,-2.76,10.47,0.27,9.0,9.56,18.0,0.3,0.6,0.5,1006.32,1014.8,1024.1,1015.32,9.0,9.54,18.0,0.3,0.6,0.5,3.3,7.0,7.9,6.0,8.0,2.3,18.0,0.4,0.7,0.5,21.4,123.5,350.5,167.8,9.0,155.8,18.0,0.3,0.6,0.5,-135.9,-9.9,129.2,-0.7,9.0,168.1,18.0,0.3,0.6,0.5,0.22,4.8,6.7,3.57,9.0,3.07,18.0,0.3,0.6,0.5,2.8,21.6,115.4,46.9,9.0,53.7,18.0,0.3,0.6,0.5,2.77,4.23,5.93,4.21,9.0,1.94,18.0,0.3,0.6,0.5,16.8,49.2,107.4,57.8,9.0,41.6,18.0,0.3,0.6,0.5,40.3,123.5,177.7,110.2,9.0,73.7,18.0,0.3,0.6,0.5,-68.4,-31.7,181.5,34.6,9.0,150.6,18.0,0.3,0.6,0.5,24.2,77.8,84.2,62.4,9.0,41.3,18.0,0.3,0.6,0.5,-40.5,-21.3,100.4,21.7,9.0,87.0,18.0,0.3,0.6,0.5,4.3,16.8,96.9,42.1,9.0,46.7,18.0,0.3,0.6,0.5,-36.7,-15.4,31.7,-9.4,9.0,34.9,18.0,0.3,0.6,0.5,251.0,2986.0,8234.0,4023.0,9.0,3578.0,18.0,0.3,0.6,0.5,250.0,2985.0,8235.0,4025.0,9.0,3580.0,18.0,0.3,0.6,0.5
1974,2,313.0,40.0,14.71,15.5,16.57,15.33,10.0,1.51,14.0,0.3,0.6,0.5,9.24,14.85,17.13,13.59,12.0,4.42,14.0,0.3,0.6,0.4,4.67,9.88,10.65,8.42,7.0,3.01,14.0,0.3,0.6,0.6,76.2,82.5,95.1,83.9,7.0,8.3,14.0,0.3,0.6,4.85,11.65,15.56,11.28,12.0,5.52,14.0,0.3,0.6,0.4,2.13,8.34,12.37,7.64,12.0,5.66,14.0,0.3,0.6,0.4,-3.92,5.61,9.01,3.71,12.0,7.66,14.0,0.3,0.6,0.4,1003.95,1016.0,1019.65,1012.87,11.0,8.4,14.0,0.3,0.6,0.5,4.0,6.0,7.4,5.8,11.0,1.5,14.0,0.3,0.6,0.5,7.0,93.8,194.3,112.9,12.0,106.2,14.0,0.3,0.6,0.4,-40.9,49.9,138.3,48.0,12.0,122.0,14.0,0.3,0.6,0.4,-3.3,-0.5,6.0,0.92,10.0,4.69,14.0,0.3,0.6,0.5,-46.6,-1.7,31.5,3.8,10.0,56.5,14.0,0.3,0.6,0.5,-1.39,0.5,4.09,1.29,6.0,3.18,12.0,0.3,0.6,0.5,-21.6,4.3,68.1,20.1,6.0,48.6,12.0,0.3,0.6,0.5,21.6,91.2,209.9,106.7,12.0,93.6,14.0,0.3,0.6,0.4,-29.4,95.4,149.2,78.9,12.0,92.8,14.0,0.3,0.6,0.4,52.9,59.1,123.5,83.4,7.0,52.5,14.0,0.3,0.6,0.6,-45.0,69.5,97.4,48.7,7.0,73.5,14.0,0.3,0.6,0.6,-12.2,3.4,56.9,17.3,6.0,37.4,12.0,0.3,0.6,0.5,-27.1,-7.0,8.4,-10.2,6.0,31.0,12.0,0.3,0.6,0.5,116.5,1645.0,3829.5,2381.5,12.0,2609.0,14.0,0.3,0.6,0.4,115.0,1645.0,3830.0,2380.0,12.0,2610.0,14.0,0.3,0.6,0.4
1974,2,313.0,41.0,13.59,15.0,16.0,14.6,11.0,1.79,12.0,0.3,0.6,0.3,7.29,10.0,14.17,10.55,13.0,3.88,14.0,0.3,0.6,0.3,4.67,5.66,7.97,6.12,11.0,1.82,12.0,0.4,0.6,0.3,69.4,77.3,89.8,78.4,11.0,9.3,12.0,0.4,0.3,8.75,12.1,15.4,11.58,12.0,4.64,14.0,0.3,0.5,0.3,-2.67,7.56,15.17,5.49,12.0,9.09,14.0,0.3,0.5,0.3,-4.84,2.67,6.83,1.37,12.0,7.09,14.0,0.3,0.5,0.3,1006.19,1013.0,1020.62,1013.39,13.0,8.24,14.0,0.3,0.6,0.3,4.0,8.0,8.0,6.5,13.0,2.2,14.0,0.3,0.6,0.3,-28.0,84.9,233.6,84.2,12.0,135.1,14.0,0.3,0.5,0.3,-74.4,33.4,74.6,8.7,12.0,92.5,14.0,0.3,0.5,0.3,-0.57,3.8,6.16,3.1,11.0,3.7,12.0,0.3,0.6,0.3,-11.6,21.0,71.6,33.9,10.0,50.7,14.0,0.3,0.5,0.3,2.49,4.56,5.48,3.91,9.0,1.72,12.0,0.3,0.6,0.2,11.2,30.2,78.7,40.7,8.0,31.6,14.0,0.4,0.6,0.2,-28.1,59.9,131.3,43.5,12.0,92.3,14.0,0.3,0.5,0.3,-26.9,23.0,97.3,34.0,12.0,80.9,14.0,0.3,0.5,0.3,-2.0,45.3,83.4,31.3,10.0,53.9,14.0,0.4,0.6,0.3,-11.0,15.1,68.4,22.1,10.0,45.9,14.0,0.4,0.6,0.3,-1.9,10.1,77.6,27.4,8.0,41.7,14.0,0.4,0.6,0.2,1.1,14.0,22.0,12.5,8.0,10.6,14.0,0.4,0.6,0.2,779.5,1795.0,3652.5,2168.0,12.0,1725.0,14.0,0.3,0.5,0.3,780.0,1795.0,3650.0,2170.0,12.0,1725.0,14.0,0.3,0.5,0.3
1974,2,313.0,42.0,9.76,14.75,15.75,12.59,12.0,5.12,20.0,0.4,0.5,0.4,4.53,8.7,11.87,8.76,14.0,4.19,18.0,0.4,0.5,0.4,4.49,6.69,7.19,6.18,12.0,1.68,18.0,0.4,0.5,0.4,76.7,87.4,100.0,86.7,12.0,11.1,18.0,0.4,0.4,5.2,9.8,14.81,10.51,14.0,5.06,18.0,0.4,0.5,0.4,-3.91,0.25,7.03,1.48,14.0,7.41,18.0,0.4,0.5,0.4,-8.47,-3.28,10.02,-0.06,14.0,9.34,18.0,0.4,0.5,0.4,998.41,1012.0,1021.19,1009.59,15.0,13.45,18.0,0.4,0.5,0.4,6.0,8.0,8.0,6.9,13.0,1.7,18.0,0.4,0.5,0.4,-42.1,-6.0,66.1,30.6,14.0,115.7,18.0,0.4,0.5,0.4,-108.4,-16.7,102.4,0.1,14.0,138.5,18.0,0.4,0.5,0.4,-1.54,4.5,9.18,4.18,11.0,5.07,18.0,0.4,0.5,0.4,-23.4,28.7,59.2,19.9,11.0,40.0,18.0,0.4,0.5,0.4,1.12,4.03,6.18,3.65,10.0,2.52,20.0,0.4,0.4,0.4,13.5,20.4,40.7,24.4,10.0,14.0,20.0,0.4,0.4,0.4,-46.8,-4.3,69.4,1.5,14.0,54.5,18.0,0.4,0.5,0.4,-59.4,-17.7,98.6,25.7,14.0,108.3,18.0,0.4,0.5,0.4,-30.7,-16.1,38.0,-3.9,12.0,39.3,18.0,0.4,0.5,0.4,-54.5,-18.8,59.0,5.0,12.0,66.2,18.0,0.4,0.5,0.4,-15.4,-4.9,13.5,-1.9,10.0,13.4,20.0,0.4,0.4,0.4,-14.3,1.3,29.3,1.9,10.0,25.9,20.0,0.4,0.4,0.4,143.5,948.5,3251.0,1954.0,14.0,2465.0,18.0,0.4,0.5,0.4,145.0,950.0,3250.0,1955.0,14.0,2465.0,18.0,0.4,0.5,0.4
1974,2,313.0,43.0,4.09,6.0,14.46,7.94,17.0,4.44,20.0,0.6,0.5,0.5,1.47,3.45,5.67,3.84,18.0,2.98,20.0,0.6,0.6,0.5,3.47,3.87,4.38,4.14,14.0,0.88,20.0,0.5,0.6,0.5,72.5,80.6,91.1,82.5,14.0,10.2,20.0,0.5,0.5,4.6,10.3,12.9,9.53,18.0,4.33,20.0,0.6,0.6,0.5,-2.26,7.25,11.53,5.07,18.0,7.31,20.0,0.6,0.6,0.5,-6.49,-1.71,3.7,-1.17,18.0,5.72,20.0,0.6,0.6,0.5,1004.87,1014.35,1022.79,1013.66,18.0,9.69,20.0,0.6,0.6,0.5,5.7,8.0,8.0,6.9,18.0,1.7,20.0,0.6,0.6,0.5,-16.1,60.0,147.8,61.7,18.0,94.5,20.0,0.6,0.6,0.5,-64.9,-9.2,40.2,-10.2,18.0,69.2,20.0,0.6,0.6,0.5,0.55,5.0,10.41,4.24,17.0,5.29,20.0,0.6,0.5,0.5,1.2,20.0,83.2,39.9,17.0,66.0,20.0,0.6,0.5,0.5,0.89,2.1,5.95,2.63,14.0,2.51,20.0,0.5,0.6,0.5,6.8,17.2,37.3,27.4,14.0,34.0,20.0,0.5,0.6,0.5,-13.0,2.9,49.4,12.4,18.0,31.9,20.0,0.6,0.6,0.5,-20.8,0.0,12.9,3.6,18.0,41.7,20.0,0.6,0.6,0.5,-9.2,25.7,42.0,19.8,14.0,29.4,20.0,0.5,0.6,0.5,-22.0,0.0,16.1,0.3,14.0,31.6,20.0,0.5,0.6,0.5,1.3,11.1,28.9,21.2,14.0,33.7,20.0,0.5,0.6,0.5,-20.3,-0.9,3.6,-6.4,14.0,17.4,20.0,0.5,0.6,0.5,97.5,1092.5,2146.5,1324.5,18.0,1126.5,20.0,0.6,0.6,0.5,95.0,1095.0,2145.0,1325.0,18.0,1125.0,20.0,0.6,0.6,0.5
1974,2,313.0,44.0,4.27,5.8,7.73,6.0,9.0,1.73,24.0,0.4,0.5,0.5,0.66,3.0,8.47,4.2,11.0,4.34,20.0,0.4,0.5,0.5,3.49,4.93,6.17,4.84,5.0,1.59,20.0,0.8,0.6,0.7,72.2,84.2,88.4,83.2,7.0,10.1,18.0,0.6,0.5,5.06,12.3,14.58,10.66,11.0,4.85,20.0,0.4,0.5,0.5,-4.5,6.5,9.81,3.47,11.0,7.76,20.0,0.4,0.5,0.5,-1.23,2.26,12.29,4.74,11.0,7.1,20.0,0.4,0.5,0.5,1006.52,1011.3,1023.51,1013.8,9.0,9.06,22.0,0.4,0.5,0.5,3.0,7.5,8.0,5.9,10.0,2.9,20.0,0.4,0.5,0.4,-35.8,59.3,141.2,44.7,11.0,98.9,20.0,0.4,0.5,0.5,-6.2,29.3,168.3,77.5,11.0,114.0,20.0,0.4,0.5,0.5,-3.52,-1.0,5.4,0.83,9.0,4.69,24.0,0.4,0.5,0.5,-45.9,-14.0,63.9,4.8,9.0,59.4,24.0,0.4,0.5,0.5,-0.9,-0.12,1.82,0.43,4.0,1.84,24.0,1.0,0.5,0.7,-12.8,-2.7,15.6,1.2,4.0,18.6,24.0,1.0,0.5,0.7,-15.6,14.4,59.3,10.4,11.0,46.4,20.0,0.4,0.5,0.5,-2.1,3.0,99.4,39.8,11.0,58.2,20.0,0.4,0.5,0.5,3.0,20.8,43.3,21.1,5.0,28.9,20.0,0.8,0.6,0.7,-2.5,12.0,75.8,32.7,5.0,43.7,20.0,0.8,0.6,0.7,-2.7,3.6,13.7,5.4,4.0,12.7,24.0,1.0,0.5,0.7,-11.4,-4.4,6.8,-2.4,4.0,11.8,24.0,1.0,0.5,0.7,129.5,1861.0,3119.0,1904.5,11.0,2044.5,20.0,0.4,0.5,0.5,130.0,1860.0,3120.0,1905.0,11.0,2045.0,20.0,0.4,0.5,0.5
1974,2,313.0,45.0,2.06,3.0,5.98,3.48,8.0,2.96,18.0,0.5,0.4,0.6,-0.89,0.8,5.72,1.89,9.0,3.51,18.0,0.4,0.4,0.6,3.0,3.5,4.98,3.86,8.0,1.49,18.0,0.5,0.4,0.6,75.3,83.3,98.5,82.7,8.0,17.8,18.0,0.5,0.6,7.1,14.15,18.6,13.04,8.0,5.29,16.0,0.4,0.4,0.6,5.32,9.82,13.39,9.43,8.0,5.5,16.0,0.4,0.4,0.6,-6.7,1.34,12.13,1.53,8.0,9.37,16.0,0.4,0.4,0.6,997.28,1010.05,1025.91,1009.21,8.0,14.84,18.0,0.5,0.4,0.6,6.1,8.0,8.0,7.3,8.0,1.2,18.0,0.5,0.4,0.6,34.4,138.7,189.2,142.0,8.0,110.9,16.0,0.4,0.4,0.6,-120.6,11.5,186.3,33.3,8.0,155.5,16.0,0.4,0.4,0.6,-1.58,1.6,3.44,1.1,8.0,2.62,18.0,0.5,0.4,0.6,-30.7,10.3,31.5,5.4,7.0,32.4,16.0,0.4,0.3,0.7,-0.19,1.24,2.49,1.09,8.0,1.34,18.0,0.5,0.4,0.6,-2.3,13.3,16.1,10.4,7.0,17.0,16.0,0.4,0.3,0.7,-9.8,9.2,59.9,16.8,8.0,35.7,16.0,0.4,0.4,0.6,2.2,10.4,54.1,26.3,8.0,38.5,16.0,0.4,0.4,0.6,14.8,38.5,51.5,31.7,7.0,19.2,16.0,0.4,0.3,0.7,-24.0,4.4,69.7,17.0,7.0,45.6,16.0,0.4,0.3,0.7,-0.3,11.4,15.8,10.6,7.0,15.1,16.0,0.4,0.3,0.7,-9.7,2.3,5.2,-0.5,7.0,7.5,16.0,0.4,0.3,0.7,388.5,2836.0,6503.5,3140.5,8.0,2775.0,16.0,0.4,0.4,0.6,390.0,2835.0,6505.0,3140.0,8.0,2775.0,16.0,0.4,0.4,0.6
1974,2,313.0,46.0,0.02,1.2,3.78,2.05,15.0,2.19,18.0,0.5,0.5,0.4,-1.06,0.4,2.46,0.93,16.0,2.71,18.0,0.4,0.5,0.5,2.48,2.8,3.96,3.16,11.0,0.92,20.0,0.5,0.4,0.4,62.6,75.6,90.7,75.5,11.0,12.6,20.0,0.5,0.4,3.36,10.55,13.29,9.8,16.0,5.42,18.0,0.5,0.5,0.4,-0.84,4.94,11.38,4.77,16.0,7.29,18.0,0.5,0.5,0.4,-4.24,3.24,6.3,2.39,16.0,6.95,18.0,0.5,0.5,0.4,999.7,1007.5,1018.79,1008.05,17.0,11.94,18.0,0.5,0.5,0.4,4.1,8.0,8.0,6.9,14.0,2.0,18.0,0.6,0.5,0.4,-1.8,35.1,137.9,60.6,16.0,120.9,18.0,0.5,0.5,0.4,-28.4,17.9,60.7,34.3,16.0,101.3,18.0,0.5,0.5,0.4,-0.28,1.05,3.97,1.39,14.0,2.27,18.0,0.5,0.5,0.4,-1.2,8.8,24.0,9.8,13.0,18.5,18.0,0.5,0.5,0.4,0.73,1.4,2.24,1.38,10.0,0.89,20.0,0.5,0.4,0.4,2.5,3.6,25.4,11.6,9.0,14.5,22.0,0.6,0.4,0.3,-8.9,0.0,21.3,4.5,15.0,20.2,18.0,0.5,0.5,0.4,0.0,4.1,17.8,11.7,15.0,24.0,18.0,0.5,0.5,0.4,-1.5,10.0,27.5,13.5,10.0,21.0,22.0,0.5,0.4,0.3,-6.7,5.1,27.6,10.0,10.0,20.3,22.0,0.5,0.4,0.3,-1.3,2.5,19.5,8.8,9.0,14.2,22.0,0.6,0.4,0.3,-9.0,0.0,2.6,-2.3,9.0,8.3,22.0,0.6,0.4,0.3,48.0,1223.5,2372.0,1783.5,16.0,2373.5,18.0,0.5,0.5,0.4,50.0,1225.0,2370.0,1785.0,16.0,2375.0,18.0,0.5,0.5,0.4
1974,2,313.0,47.0,0.0,0.95,2.0,0.99,20.0,1.0,20.0,0.6,0.5,0.3,-2.23,0.4,5.23,0.95,19.0,3.75,20.0,0.6,0.5,0.3,2.66,3.44,5.12,3.85,13.0,1.27,18.0,0.7,0.4,0.2,73.6,85.9,95.2,84.3,13.0,10.6,18.0,0.7,0.2,5.12,11.55,17.99,11.5,20.0,6.2,20.0,0.6,0.5,0.3,0.0,4.89,10.6,3.74,20.0,6.62,20.0,0.6,0.5,0.3,0.0,3.27,16.91,6.91,20.0,8.3,20.0,0.6,0.5,0.3,1001.3,1007.7,1018.88,1009.29,20.0,8.51,20.0,0.6,0.5,0.3,7.7,8.0,8.0,7.7,18.0,1.0,18.0,0.7,0.5,0.3,0.0,27.5,119.8,46.6,20.0,83.7,20.0,0.6,0.5,0.3,0.0,30.5,304.2,119.0,20.0,154.1,20.0,0.6,0.5,0.3,-5.11,0.8,3.01,-0.01,19.0,3.91,20.0,0.6,0.5,0.3,-96.0,0.0,22.9,-11.9,19.0,57.7,20.0,0.6,0.5,0.3,-1.28,0.9,1.35,0.22,13.0,1.33,18.0,0.7,0.4,0.2,-23.3,2.5,15.2,-1.8,13.0,19.7,18.0,0.7,0.4,0.2,-24.7,0.0,5.1,-7.8,19.0,19.2,20.0,0.6,0.5,0.3,-1.5,3.5,96.6,29.2,19.0,52.7,20.0,0.6,0.5,0.3,-17.9,0.0,26.1,4.2,13.0,23.9,18.0,0.7,0.4,0.2,3.1,14.9,93.7,39.6,13.0,44.9,18.0,0.7,0.4,0.2,0.0,4.1,11.2,5.9,13.0,7.9,18.0,0.7,0.4,0.2,-23.1,0.0,3.9,-5.9,13.0,16.0,18.0,0.7,0.4,0.2,134.5,1543.0,5825.0,2699.5,20.0,2702.0,20.0,0.6,0.5,0.3,135.0,1545.0,5825.0,2700.0,20.0,2700.0,20.0,0.6,0.5,0.3
1974,2,313.0,48.0,1.14,2.0,5.96,3.3,8.0,2.74,12.0,0.5,0.4,0.3,-3.0,0.0,4.75,0.82,9.0,4.38,14.0,0.6,0.4,0.3,3.32,3.32,3.32,3.32,1.0,0.0,14.0,1.0,0.5,0.3,98.5,98.5,98.5,98.5,1.0,0.0,14.0,1.0,0.3,8.52,13.9,16.15,13.14,11.0,4.27,12.0,0.6,0.4,0.3,5.95,12.04,15.17,10.2,11.0,4.98,12.0,0.6,0.4,0.3,-8.48,-2.67,1.82,-2.19,11.0,7.96,12.0,0.6,0.4,0.3,986.39,995.1,1003.66,996.17,11.0,12.68,12.0,0.6,0.4,0.3,6.1,8.0,8.0,7.1,8.0,1.5,12.0,0.8,0.5,0.4,36.5,156.4,233.6,142.9,11.0,94.7,12.0,0.6,0.4,0.3,-117.8,-41.2,23.5,-32.2,11.0,130.1,12.0,0.6,0.4,0.3,-2.57,2.3,5.05,0.91,7.0,4.81,12.0,0.4,0.4,0.3,-36.4,29.7,49.7,2.1,7.0,64.4,12.0,0.4,0.4,0.3,0.97,0.97,0.97,0.97,1.0,0.0,14.0,1.0,0.5,0.3,18.3,18.3,18.3,18.3,1.0,0.0,14.0,1.0,0.5,0.3,-24.5,0.0,24.1,-1.4,9.0,36.7,14.0,0.6,0.4,0.3,-10.2,10.7,25.7,20.0,9.0,49.4,14.0,0.6,0.4,0.3,40.6,40.6,40.6,40.6,1.0,0.0,14.0,1.0,0.5,0.3,-48.3,-48.3,-48.3,-48.3,1.0,0.0,14.0,1.0,0.5,0.3,11.8,11.8,11.8,11.8,1.0,0.0,14.0,1.0,0.5,0.3,-14.0,-14.0,-14.0,-14.0,1.0,0.0,14.0,1.0,0.5,0.3,676.5,2685.5,4215.0,2870.0,11.0,1987.5,12.0,0.6,0.4,0.3,675.0,2685.0,4215.0,2870.0,11.0,1985.0,12.0,0.6,0.4,0.3
1974,2,313.0,49.0,2.2,2.2,2.2,2.2,1.0,0.0,20.0,1.0,0.9,0.5,1.2,1.2,1.2,1.2,1.0,0.0,20.0,1.0,0.9,0.5,3.18,3.18,3.18,3.18,1.0,0.0,20.0,1.0,0.9,0.5,76.3,76.3,76.3,76.3,1.0,0.0,20.0,1.0,0.5,15.4,15.4,15.4,15.4,1.0,0.0,20.0,1.0,0.9,0.5,11.8,11.8,11.8,11.8,1.0,0.0,20.0,1.0,0.9,0.5,9.9,9.9,9.9,9.9,1.0,0.0,20.0,1.0,0.9,0.5,1001.1,1001.1,1001.1,1001.1,1.0,0.0,20.0,1.0,0.9,0.5,6.0,6.0,6.0,6.0,1.0,0.0,20.0,1.0,0.9,0.5,181.7,181.7,181.7,181.7,1.0,0.0,20.0,1.0,0.9,0.5,152.4,152.4,152.4,152.4,1.0,0.0,20.0,1.0,0.9,0.5,1.0,1.0,1.0,1.0,1.0,0.0,20.0,1.0,0.9,0.5,15.4,15.4,15.4,15.4,1.0,0.0,20.0,1.0,0.9,0.5,1.3,1.3,1.3,1.3,1.0,0.0,20.0,1.0,0.9,0.5,20.0,20.0,20.0,20.0,1.0,0.0,20.0,1.0,0.9,0.5,14.2,14.2,14.2,14.2,1.0,0.0,20.0,1.0,0.9,0.5,11.9,11.9,11.9,11.9,1.0,0.0,20.0,1.0,0.9,0.5,37.5,37.5,37.5,37.5,1.0,0.0,20.0,1.0,0.9,0.5,31.5,31.5,31.5,31.5,1.0,0.0,20.0,1.0,0.9,0.5,15.3,15.3,15.3,15.3,1.0,0.0,20.0,1.0,0.9,0.5,12.9,12.9,12.9,12.9,1.0,0.0,20.0,1.0,0.9,0.5,3652.5,3652.5,3652.5,3652.5,1.0,0.0,20.0,1.0,0.9,0.5,3650.0,3650.0,3650.0,3650.0,1.0,0.0,20.0,1.0,0.9,0.5
1974,2,313.0,50.0,3.32,4.35,5.43,4.38,4.0,1.36,16.0,0.3,0.5,0.3,-1.05,0.6,2.88,0.9,4.0,2.68,16.0,0.3,0.5,0.3,2.13,3.02,3.9,3.01,4.0,1.27,16.0,0.3,0.5,0.3,58.9,75.4,81.2,70.3,4.0,17.7,16.0,0.3,0.3,8.05,11.8,13.92,11.03,4.0,4.32,16.0,0.3,0.5,0.3,3.92,7.58,11.71,7.81,4.0,5.84,16.0,0.3,0.5,0.3,-3.9,2.99,9.06,2.6,4.0,7.51,16.0,0.3,0.5,0.3,991.94,1000.05,1004.6,998.35,4.0,9.87,16.0,0.3,0.5,0.3,7.5,8.0,8.0,7.8,4.0,0.5,16.0,0.3,0.5,0.3,41.4,89.7,168.7,104.3,4.0,95.2,16.0,0.3,0.5,0.3,-33.8,36.1,107.3,36.7,4.0,81.6,16.0,0.3,0.5,0.3,0.45,3.75,6.48,3.48,4.0,4.02,16.0,0.3,0.5,0.3,11.5,43.7,90.4,50.6,4.0,54.9,16.0,0.3,0.5,0.3,1.0,2.21,3.49,2.24,4.0,1.71,16.0,0.3,0.5,0.3,11.5,25.9,48.7,29.9,4.0,27.4,16.0,0.3,0.5,0.3,-15.9,1.9,6.8,-4.2,4.0,17.8,16.0,0.3,0.5,0.3,-11.6,2.7,8.5,-1.4,4.0,14.6,16.0,0.3,0.5,0.3,12.0,21.5,23.8,18.0,4.0,9.5,16.0,0.3,0.5,0.3,-13.9,10.4,27.5,7.0,4.0,24.9,16.0,0.3,0.5,0.3,7.1,16.7,43.3,24.8,4.0,28.5,16.0,0.3,0.5,0.3,-6.6,8.3,19.9,6.8,4.0,15.8,16.0,0.3,0.5,0.3,756.5,1652.0,2799.5,1772.0,4.0,1453.5,16.0,0.3,0.5,0.3,755.0,1650.0,2800.0,1770.0,4.0,1455.0,16.0,0.3,0.5,0.3
1974,2,313.0,51.0,,,,,,,,,,,,,,,,,,,,,,,,,,,,,,,,,,,,,,,,7.06,12.35,17.64,12.35,2.0,10.96,18.0,1.0,0.6,0.0,0.7,8.57,16.44,8.57,2.0,16.3,18.0,1.0,0.6,0.0,-2.96,-1.76,-0.56,-1.76,2.0,2.49,18.0,1.0,0.6,0.0,987.52,1001.75,1015.98,1001.75,2.0,29.49,18.0,1.0,0.6,0.0,,,,,,,,,,,,,,,,,,,,,,,,,,,,,,,,,,,,,,,,,,,,,,,,,,,,,,,,,,,,,,,,,,,,,,,,,,,,,,,,,,,,,,,,,,,,,,,,,,,,,,,,,,,,,,,,,,,,,,,,,,,,,,,,,,,,,,,,,,,,,,,,,,,,,,
1974,2,313.0,53.0,1.62,2.65,3.37,2.5,4.0,1.15,20.0,0.3,0.6,0.3,-2.17,0.0,3.6,0.8,5.0,5.06,20.0,0.2,0.7,0.4,2.4,2.4,2.4,2.4,1.0,0.0,22.0,0.0,0.5,0.9,64.0,64.0,64.0,64.0,1.0,0.0,22.0,0.0,0.9,8.08,9.0,12.73,10.14,5.0,2.81,20.0,0.2,0.7,0.4,4.53,5.59,10.01,7.15,5.0,4.17,20.0,0.2,0.7,0.4,-5.94,0.0,7.59,0.58,5.0,7.4,20.0,0.2,0.7,0.4,993.9,996.2,1013.06,1002.4,5.0,12.57,20.0,0.2,0.7,0.4,8.0,8.0,8.0,8.0,4.0,0.0,20.0,0.3,0.6,0.3,33.9,48.7,130.3,80.5,5.0,69.2,20.0,0.2,0.7,0.4,-47.8,0.0,77.1,12.1,5.0,73.4,20.0,0.2,0.7,0.4,-2.91,1.7,3.32,0.28,4.0,4.4,20.0,0.3,0.6,0.3,-41.9,12.4,26.5,-6.8,4.0,52.7,20.0,0.3,0.6,0.3,2.49,2.49,2.49,2.49,1.0,0.0,22.0,0.0,0.5,0.9,21.7,21.7,21.7,21.7,1.0,0.0,22.0,0.0,0.5,0.9,-15.8,0.0,47.0,17.3,5.0,62.9,20.0,0.2,0.7,0.4,-19.1,0.0,1.0,-9.3,5.0,20.1,20.0,0.2,0.7,0.4,13.4,13.4,13.4,13.4,1.0,0.0,22.0,0.0,0.5,0.9,16.0,16.0,16.0,16.0,1.0,0.0,22.0,0.0,0.5,0.9,13.9,13.9,13.9,13.9,1.0,0.0,22.0,0.0,0.5,0.9,16.6,16.6,16.6,16.6,1.0,0.0,22.0,0.0,0.5,0.9,543.5,729.0,2099.0,1240.5,5.0,988.0,20.0,0.2,0.7,0.4,545.0,730.0,2100.0,1240.0,5.0,990.0,20.0,0.2,0.7,0.4
1974,2,313.0,54.0,,,,,,,,,,,,,,,,,,,,,,,,,,,,,,,,,,,,,,,,12.0,12.0,14.04,12.98,4.0,1.95,18.0,0.5,0.3,0.2,3.05,7.96,12.01,7.55,4.0,5.21,18.0,0.5,0.3,0.2,-4.92,6.15,11.06,3.21,4.0,10.56,18.0,0.5,0.3,0.2,985.91,992.85,998.95,992.45,4.0,7.64,18.0,0.5,0.3,0.2,,,,,,,,,,,,,,,,,,,,,,,,,,,,,,,,,,,,,,,,,,,,,,,,,,,,,,,,,,,,,,,,,,,,,,,,,,,,,,,,,,,,,,,,,,,,,,,,,,,,,,,,,,,,,,,,,,,,,,,,,,,,,,,,,,,,,,,,,,,,,,,,,,,,,,
1974,2,313.0,58.0,2.0,2.0,2.0,2.0,1.0,0.0,20.0,1.0,0.4,0.8,2.6,2.6,2.6,2.6,1.0,0.0,20.0,1.0,0.4,0.8,3.09,3.09,3.09,3.09,1.0,0.0,20.0,1.0,0.4,0.8,66.6,66.6,66.6,66.6,1.0,0.0,20.0,1.0,0.8,17.5,17.5,17.5,17.5,1.0,0.0,20.0,1.0,0.4,0.8,11.25,11.25,11.25,11.25,1.0,0.0,20.0,1.0,0.4,0.8,-13.41,-13.41,-13.41,-13.41,1.0,0.0,20.0,1.0,0.4,0.8,994.4,994.4,994.4,994.4,1.0,0.0,20.0,1.0,0.4,0.8,8.0,8.0,8.0,8.0,1.0,0.0,20.0,1.0,0.4,0.8,196.9,196.9,196.9,196.9,1.0,0.0,20.0,1.0,0.4,0.8,-234.6,-234.6,-234.6,-234.6,1.0,0.0,20.0,1.0,0.4,0.8,-0.6,-0.6,-0.6,-0.6,1.0,0.0,20.0,1.0,0.4,0.8,-10.5,-10.5,-10.5,-10.5,1.0,0.0,20.0,1.0,0.4,0.8,1.36,1.36,1.36,1.36,1.0,0.0,20.0,1.0,0.4,0.8,23.8,23.8,23.8,23.8,1.0,0.0,20.0,1.0,0.4,0.8,29.2,29.2,29.2,29.2,1.0,0.0,20.0,1.0,0.4,0.8,-34.9,-34.9,-34.9,-34.9,1.0,0.0,20.0,1.0,0.4,0.8,34.7,34.7,34.7,34.7,1.0,0.0,20.0,1.0,0.4,0.8,-41.4,-41.4,-41.4,-41.4,1.0,0.0,20.0,1.0,0.4,0.8,15.3,15.3,15.3,15.3,1.0,0.0,20.0,1.0,0.4,0.8,-18.2,-18.2,-18.2,-18.2,1.0,0.0,20.0,1.0,0.4,0.8,5359.5,5359.5,5359.5,5359.5,1.0,0.0,20.0,1.0,0.4,0.8,5360.0,5360.0,5360.0,5360.0,1.0,0.0,20.0,1.0,0.4,0.8
1974,2,313.0,59.0,1.82,2.5,3.18,2.5,2.0,1.41,10.0,1.0,0.7,0.5,-1.0,-1.0,-1.0,-1.0,2.0,0.0,10.0,1.0,0.7,0.5,2.53,2.75,2.97,2.75,2.0,0.46,10.0,1.0,0.7,0.5,71.6,77.6,83.5,77.6,2.0,12.3,10.0,1.0,0.5,0.41,1.3,2.19,1.3,2.0,1.84,10.0,1.0,0.7,0.5,0.0,0.0,0.0,0.0,2.0,0.0,10.0,1.0,0.7,0.5,-2.19,-1.3,-0.41,-1.3,2.0,1.84,10.0,1.0,0.7,0.5,999.29,1003.8,1008.31,1003.8,2.0,9.33,10.0,1.0,0.7,0.5,1.3,2.0,2.7,2.0,2.0,1.4,10.0,1.0,0.7,0.5,0.0,0.0,0.0,0.0,2.0,0.0,10.0,1.0,0.7,0.5,-5.7,-3.4,-1.1,-3.4,2.0,4.8,10.0,1.0,0.7,0.5,2.82,3.5,4.18,3.5,2.0,1.41,10.0,1.0,0.7,0.5,1.9,5.9,9.8,5.9,2.0,8.3,10.0,1.0,0.7,0.5,1.81,1.83,1.85,1.83,2.0,0.04,10.0,1.0,0.7,0.5,0.8,2.4,4.1,2.4,2.0,3.4,10.0,1.0,0.7,0.5,0.0,0.0,0.0,0.0,2.0,0.0,10.0,1.0,0.7,0.5,0.4,1.3,2.2,1.3,2.0,1.8,10.0,1.0,0.7,0.5,0.0,0.0,0.0,0.0,2.0,0.0,10.0,1.0,0.7,0.5,-6.7,-4.0,-1.3,-4.0,2.0,5.7,10.0,1.0,0.7,0.5,0.0,0.0,0.0,0.0,2.0,0.0,10.0,1.0,0.7,0.5,-4.1,-2.4,-0.8,-2.4,2.0,3.4,10.0,1.0,0.7,0.5,3.0,9.0,15.0,9.0,2.0,12.5,10.0,1.0,0.7,0.5,5.0,10.0,15.0,10.0,2.0,10.0,10.0,1.0,0.7,0.5
1974,2,314.0,-62.0,0.0,0.0,0.0,0.0,1.0,0.0,16.0,0.0,0.8,0.6,-1.8,-1.8,-1.8,-1.8,1.0,0.0,16.0,0.0,0.8,0.6,2.99,2.99,2.99,2.99,1.0,0.0,16.0,0.0,0.8,0.6,89.5,89.5,89.5,89.5,1.0,0.0,16.0,0.0,0.6,1.5,1.5,1.5,1.5,1.0,0.0,16.0,0.0,0.8,0.6,0.51,0.51,0.51,0.51,1.0,0.0,16.0,0.0,0.8,0.6,1.41,1.41,1.41,1.41,1.0,0.0,16.0,0.0,0.8,0.6,1003.1,1003.1,1003.1,1003.1,1.0,0.0,16.0,0.0,0.8,0.6,8.0,8.0,8.0,8.0,1.0,0.0,16.0,0.0,0.8,0.6,0.8,0.8,0.8,0.8,1.0,0.0,16.0,0.0,0.8,0.6,2.1,2.1,2.1,2.1,1.0,0.0,16.0,0.0,0.8,0.6,1.8,1.8,1.8,1.8,1.0,0.0,16.0,0.0,0.8,0.6,2.7,2.7,2.7,2.7,1.0,0.0,16.0,0.0,0.8,0.6,0.82,0.82,0.82,0.82,1.0,0.0,16.0,0.0,0.8,0.6,1.2,1.2,1.2,1.2,1.0,0.0,16.0,0.0,0.8,0.6,-0.9,-0.9,-0.9,-0.9,1.0,0.0,16.0,0.0,0.8,0.6,-2.5,-2.5,-2.5,-2.5,1.0,0.0,16.0,0.0,0.8,0.6,1.5,1.5,1.5,1.5,1.0,0.0,16.0,0.0,0.8,0.6,4.2,4.2,4.2,4.2,1.0,0.0,16.0,0.0,0.8,0.6,0.4,0.4,0.4,0.4,1.0,0.0,16.0,0.0,0.8,0.6,1.2,1.2,1.2,1.2,1.0,0.0,16.0,0.0,0.8,0.6,3.5,3.5,3.5,3.5,1.0,0.0,16.0,0.0,0.8,0.6,5.0,5.0,5.0,5.0,1.0,0.0,16.0,0.0,0.8,0.6
1974,2,314.0,-61.0,0.23,0.5,0.84,0.53,3.0,0.45,14.0,1.0,0.7,0.5,0.2,1.7,1.9,1.07,3.0,1.37,14.0,1.0,0.7,0.5,3.27,3.58,3.87,3.57,3.0,0.44,14.0,1.0,0.7,0.5,82.0,85.1,90.1,86.0,3.0,6.0,14.0,1.0,0.5,4.9,7.7,9.47,7.2,3.0,3.38,14.0,1.0,0.7,0.5,1.79,2.76,4.39,3.08,3.0,1.93,14.0,1.0,0.7,0.5,-8.5,-7.58,-3.99,-6.27,3.0,3.49,14.0,1.0,0.7,0.5,995.08,998.9,1003.06,999.07,3.0,5.85,14.0,1.0,0.7,0.5,8.0,8.0,8.0,8.0,3.0,0.0,14.0,1.0,0.7,0.5,10.0,10.3,39.5,24.4,3.0,24.8,14.0,1.0,0.7,0.5,-81.2,-58.4,-24.2,-52.9,3.0,42.0,14.0,1.0,0.7,0.5,-1.25,-0.7,0.19,-0.53,3.0,1.06,14.0,1.0,0.7,0.5,-10.2,-7.2,-0.8,-5.5,3.0,7.0,14.0,1.0,0.7,0.5,0.21,0.41,0.62,0.41,3.0,0.3,14.0,1.0,0.7,0.5,1.6,2.6,3.0,2.3,3.0,1.0,14.0,1.0,0.7,0.5,-0.1,2.7,6.8,3.4,3.0,5.1,14.0,1.0,0.7,0.5,-15.2,-15.2,-4.0,-9.7,3.0,9.4,14.0,1.0,0.7,0.5,6.0,8.6,16.8,11.3,3.0,8.3,14.0,1.0,0.7,0.5,-33.0,-27.2,-13.6,-23.4,3.0,14.6,14.0,1.0,0.7,0.5,0.6,0.6,1.5,1.0,3.0,0.8,14.0,1.0,0.7,0.5,-2.7,-1.7,-1.2,-1.9,3.0,1.1,14.0,1.0,0.7,0.5,177.0,456.5,891.0,532.0,3.0,527.0,14.0,1.0,0.7,0.5,175.0,455.0,890.0,530.0,3.0,525.0,14.0,1.0,0.7,0.5
1974,2,314.0,-49.0,10.4,10.4,10.4,10.4,1.0,0.0,24.0,1.0,0.4,0.9,10.4,10.4,10.4,10.4,1.0,0.0,24.0,1.0,0.4,0.9,6.56,6.56,6.56,6.56,1.0,0.0,24.0,1.0,0.4,0.9,84.5,84.5,84.5,84.5,1.0,0.0,24.0,1.0,0.9,4.6,4.6,4.6,4.6,1.0,0.0,24.0,1.0,0.4,0.9,-3.98,-3.98,-3.98,-3.98,1.0,0.0,24.0,1.0,0.4,0.9,-2.3,-2.3,-2.3,-2.3,1.0,0.0,24.0,1.0,0.4,0.9,1018.7,1018.7,1018.7,1018.7,1.0,0.0,24.0,1.0,0.4,0.9,8.0,8.0,8.0,8.0,1.0,0.0,24.0,1.0,0.4,0.9,-18.3,-18.3,-18.3,-18.3,1.0,0.0,24.0,1.0,0.4,0.9,-10.6,-10.6,-10.6,-10.6,1.0,0.0,24.0,1.0,0.4,0.9,0.0,0.0,0.0,0.0,1.0,0.0,24.0,1.0,0.4,0.9,0.0,0.0,0.0,0.0,1.0,0.0,24.0,1.0,0.4,0.9,1.21,1.21,1.21,1.21,1.0,0.0,24.0,1.0,0.4,0.9,5.6,5.6,5.6,5.6,1.0,0.0,24.0,1.0,0.4,0.9,-41.4,-41.4,-41.4,-41.4,1.0,0.0,24.0,1.0,0.4,0.9,-23.9,-23.9,-23.9,-23.9,1.0,0.0,24.0,1.0,0.4,0.9,-26.1,-26.1,-26.1,-26.1,1.0,0.0,24.0,1.0,0.4,0.9,-15.1,-15.1,-15.1,-15.1,1.0,0.0,24.0,1.0,0.4,0.9,-4.8,-4.8,-4.8,-4.8,1.0,0.0,24.0,1.0,0.4,0.9,-2.8,-2.8,-2.8,-2.8,1.0,0.0,24.0,1.0,0.4,0.9,97.5,97.5,97.5,97.5,1.0,0.0,24.0,1.0,0.4,0.9,95.0,95.0,95.0,95.0,1.0,0.0,24.0,1.0,0.4,0.9
1974,2,314.0,-43.0,,,,,,,,,,,,,,,,,,,,,,,,,,,,,,,,,,,,,,,,6.0,6.0,6.0,6.0,1.0,0.0,20.0,0.0,0.3,0.9,-3.86,-3.86,-3.86,-3.86,1.0,0.0,20.0,0.0,0.3,0.9,-4.6,-4.6,-4.6,-4.6,1.0,0.0,20.0,0.0,0.3,0.9,1021.5,1021.5,1021.5,1021.5,1.0,0.0,20.0,0.0,0.3,0.9,,,,,,,,,,,,,,,,,,,,,,,,,,,,,,,,,,,,,,,,,,,,,,,,,,,,,,,,,,,,,,,,,,,,,,,,,,,,,,,,,,,,,,,,,,,,,,,,,,,,,,,,,,,,,,,,,,,,,,,,,,,,,,,,,,,,,,,,,,,,,,,,,,,,,,
1974,2,314.0,-42.0,15.9,16.75,17.6,16.75,2.0,1.77,10.0,0.5,0.6,0.3,15.46,17.3,19.14,17.3,2.0,3.82,10.0,0.5,0.6,0.3,7.27,7.27,7.27,7.27,1.0,0.0,18.0,0.0,0.9,0.3,71.5,71.5,71.5,71.5,1.0,0.0,18.0,0.0,0.3,0.0,0.0,0.0,0.0,1.0,0.0,2.0,1.0,0.3,0.2,0.0,0.0,0.0,0.0,1.0,0.0,2.0,1.0,0.3,0.2,0.0,0.0,0.0,0.0,1.0,0.0,2.0,1.0,0.3,0.2,1020.31,1022.05,1023.79,1022.05,2.0,3.61,10.0,0.5,0.6,0.3,1.3,4.0,6.7,4.0,2.0,5.7,10.0,0.5,0.6,0.3,0.0,0.0,0.0,0.0,1.0,0.0,2.0,1.0,0.3,0.2,0.0,0.0,0.0,0.0,1.0,0.0,2.0,1.0,0.3,0.2,,,,,,,,,,,,,,,,,,,,,,,,,,,,,,,,,,,,,,,,,,,,,,,,,,,,,,,,,,,,,,,,,,,,,,,,,,,,,,,,,,,,,,,,,,,,,,,,,,,,,,,,,,,,,,,,,,,,,,,,
1974,2,314.0,-41.0,,,,,,,,,,,,,,,,,,,,,,,,,,,,,,,,,,,,,,,,0.0,0.0,0.0,0.0,1.0,0.0,2.0,0.0,1.0,0.9,0.0,0.0,0.0,0.0,1.0,0.0,2.0,0.0,1.0,0.9,0.0,0.0,0.0,0.0,1.0,0.0,2.0,0.0,1.0,0.9,1019.5,1019.5,1019.5,1019.5,1.0,0.0,2.0,0.0,1.0,0.9,,,,,,,,,,,,,,,,,,,,,,,,,,,,,,,,,,,,,,,,,,,,,,,,,,,,,,,,,,,,,,,,,,,,,,,,,,,,,,,,,,,,,,,,,,,,,,,,,,,,,,,,,,,,,,,,,,,,,,,,,,,,,,,,,,,,,,,,,,,,,,,,,,,,,,
1974,2,314.0,-39.0,,,,,,,,,,,,,,,,,,,,,,,,,,,,,,,,,,,,,,,,8.0,8.0,8.0,8.0,1.0,0.0,22.0,1.0,0.9,1.0,6.93,6.93,6.93,6.93,1.0,0.0,22.0,1.0,0.9,1.0,-4.0,-4.0,-4.0,-4.0,1.0,0.0,22.0,1.0,0.9,1.0,1005.7,1005.7,1005.7,1005.7,1.0,0.0,22.0,1.0,0.9,1.0,,,,,,,,,,,,,,,,,,,,,,,,,,,,,,,,,,,,,,,,,,,,,,,,,,,,,,,,,,,,,,,,,,,,,,,,,,,,,,,,,,,,,,,,,,,,,,,,,,,,,,,,,,,,,,,,,,,,,,,,,,,,,,,,,,,,,,,,,,,,,,,,,,,,,,
1974,2,314.0,-38.0,,,,,,,,,,,,,,,,,,,,,,,,,,,,,,,,,,,,,,,,10.0,10.0,10.0,10.0,2.0,0.0,12.0,1.0,0.4,0.5,6.43,6.43,6.43,6.43,2.0,0.0,12.0,1.0,0.4,0.5,-7.66,-7.66,-7.66,-7.66,2.0,0.0,12.0,1.0,0.4,0.5,1009.91,1010.15,1010.39,1010.15,2.0,0.5,12.0,1.0,0.4,0.5,,,,,,,,,,,,,,,,,,,,,,,,,,,,,,,,,,,,,,,,,,,,,,,,,,,,,,,,,,,,,,,,,,,,,,,,,,,,,,,,,,,,,,,,,,,,,,,,,,,,,,,,,,,,,,,,,,,,,,,,,,,,,,,,,,,,,,,,,,,,,,,,,,,,,,
1974,2,314.0,-37.0,,,,,,,,,,,,,,,,,,,,,,,,,,,,,,,,,,,,,,,,7.0,7.0,7.0,7.0,1.0,0.0,14.0,0.0,1.0,0.3,1.22,1.22,1.22,1.22,1.0,0.0,14.0,0.0,1.0,0.3,-6.89,-6.89,-6.89,-6.89,1.0,0.0,14.0,0.0,1.0,0.3,1012.5,1012.5,1012.5,1012.5,1.0,0.0,14.0,0.0,1.0,0.3,,,,,,,,,,,,,,,,,,,,,,,,,,,,,,,,,,,,,,,,,,,,,,,,,,,,,,,,,,,,,,,,,,,,,,,,,,,,,,,,,,,,,,,,,,,,,,,,,,,,,,,,,,,,,,,,,,,,,,,,,,,,,,,,,,,,,,,,,,,,,,,,,,,,,,
1974,2,314.0,-36.0,24.3,24.3,24.3,24.3,1.0,0.0,8.0,0.0,0.1,1.0,24.0,24.0,24.0,24.0,1.0,0.0,8.0,0.0,0.1,1.0,17.84,17.84,17.84,17.84,1.0,0.0,8.0,0.0,0.1,1.0,95.9,95.9,95.9,95.9,1.0,0.0,8.0,0.0,1.0,7.7,7.7,7.7,7.7,1.0,0.0,8.0,0.0,0.1,1.0,1.34,1.34,1.34,1.34,1.0,0.0,8.0,0.0,0.1,1.0,-7.58,-7.58,-7.58,-7.58,1.0,0.0,8.0,0.0,0.1,1.0,1012.6,1012.6,1012.6,1012.6,1.0,0.0,8.0,0.0,0.1,1.0,8.0,8.0,8.0,8.0,1.0,0.0,8.0,0.0,0.1,1.0,10.3,10.3,10.3,10.3,1.0,0.0,8.0,0.0,0.1,1.0,-58.4,-58.4,-58.4,-58.4,1.0,0.0,8.0,0.0,0.1,1.0,0.3,0.3,0.3,0.3,1.0,0.0,8.0,0.0,0.1,1.0,2.3,2.3,2.3,2.3,1.0,0.0,8.0,0.0,0.1,1.0,1.12,1.12,1.12,1.12,1.0,0.0,8.0,0.0,0.1,1.0,8.6,8.6,8.6,8.6,1.0,0.0,8.0,0.0,0.1,1.0,32.1,32.1,32.1,32.1,1.0,0.0,8.0,0.0,0.1,1.0,-182.0,-182.0,-182.0,-182.0,1.0,0.0,8.0,0.0,0.1,1.0,23.9,23.9,23.9,23.9,1.0,0.0,8.0,0.0,0.1,1.0,-135.3,-135.3,-135.3,-135.3,1.0,0.0,8.0,0.0,0.1,1.0,1.5,1.5,1.5,1.5,1.0,0.0,8.0,0.0,0.1,1.0,-8.5,-8.5,-8.5,-8.5,1.0,0.0,8.0,0.0,0.1,1.0,456.5,456.5,456.5,456.5,1.0,0.0,8.0,0.0,0.1,1.0,455.0,455.0,455.0,455.0,1.0,0.0,8.0,0.0,0.1,1.0
1974,2,314.0,-33.0,24.2,24.2,24.2,24.2,1.0,0.0,22.0,0.0,0.2,0.5,23.9,23.9,23.9,23.9,1.0,0.0,22.0,0.0,0.2,0.5,17.53,17.53,17.53,17.53,1.0,0.0,22.0,0.0,0.2,0.5,94.7,94.7,94.7,94.7,1.0,0.0,22.0,0.0,0.5,2.6,2.6,2.6,2.6,1.0,0.0,22.0,0.0,0.2,0.5,-0.89,-0.89,-0.89,-0.89,1.0,0.0,22.0,0.0,0.2,0.5,-2.44,-2.44,-2.44,-2.44,1.0,0.0,22.0,0.0,0.2,0.5,1011.7,1011.7,1011.7,1011.7,1.0,0.0,22.0,0.0,0.2,0.5,3.0,3.0,3.0,3.0,1.0,0.0,22.0,0.0,0.2,0.5,-2.3,-2.3,-2.3,-2.3,1.0,0.0,22.0,0.0,0.2,0.5,-6.4,-6.4,-6.4,-6.4,1.0,0.0,22.0,0.0,0.2,0.5,0.3,0.3,0.3,0.3,1.0,0.0,22.0,0.0,0.2,0.5,0.8,0.8,0.8,0.8,1.0,0.0,22.0,0.0,0.2,0.5,1.33,1.33,1.33,1.33,1.0,0.0,22.0,0.0,0.2,0.5,3.5,3.5,3.5,3.5,1.0,0.0,22.0,0.0,0.2,0.5,-21.3,-21.3,-21.3,-21.3,1.0,0.0,22.0,0.0,0.2,0.5,-58.4,-58.4,-58.4,-58.4,1.0,0.0,22.0,0.0,0.2,0.5,-15.6,-15.6,-15.6,-15.6,1.0,0.0,22.0,0.0,0.2,0.5,-42.8,-42.8,-42.8,-42.8,1.0,0.0,22.0,0.0,0.2,0.5,-1.2,-1.2,-1.2,-1.2,1.0,0.0,22.0,0.0,0.2,0.5,-3.3,-3.3,-3.3,-3.3,1.0,0.0,22.0,0.0,0.2,0.5,17.5,17.5,17.5,17.5,1.0,0.0,22.0,0.0,0.2,0.5,20.0,20.0,20.0,20.0,1.0,0.0,22.0,0.0,0.2,0.5
1974,2,314.0,-31.0,,,,,,,,,,,,,,,,,,,,,,,,,,,,,,,,,,,,,,,,11.0,11.0,11.0,11.0,1.0,0.0,26.0,0.0,0.2,1.0,-3.76,-3.76,-3.76,-3.76,1.0,0.0,26.0,0.0,0.2,1.0,10.34,10.34,10.34,10.34,1.0,0.0,26.0,0.0,0.2,1.0,1015.3,1015.3,1015.3,1015.3,1.0,0.0,26.0,0.0,0.2,1.0,,,,,,,,,,,,,,,,,,,,,,,,,,,,,,,,,,,,,,,,,,,,,,,,,,,,,,,,,,,,,,,,,,,,,,,,,,,,,,,,,,,,,,,,,,,,,,,,,,,,,,,,,,,,,,,,,,,,,,,,,,,,,,,,,,,,,,,,,,,,,,,,,,,,,,
1974,2,314.0,-30.0,25.0,25.0,25.0,25.0,1.0,0.0,26.0,1.0,0.2,0.4,24.3,24.3,24.3,24.3,1.0,0.0,26.0,1.0,0.2,0.4,14.05,14.05,14.05,14.05,1.0,0.0,26.0,1.0,0.2,0.4,74.6,74.6,74.6,74.6,1.0,0.0,26.0,1.0,0.4,3.6,3.6,3.6,3.6,1.0,0.0,26.0,1.0,0.2,0.4,-3.38,-3.38,-3.38,-3.38,1.0,0.0,26.0,1.0,0.2,0.4,-1.23,-1.23,-1.23,-1.23,1.0,0.0,26.0,1.0,0.2,0.4,1016.5,1016.5,1016.5,1016.5,1.0,0.0,26.0,1.0,0.2,0.4,5.0,5.0,5.0,5.0,1.0,0.0,26.0,1.0,0.2,0.4,-12.2,-12.2,-12.2,-12.2,1.0,0.0,26.0,1.0,0.2,0.4,-4.4,-4.4,-4.4,-4.4,1.0,0.0,26.0,1.0,0.2,0.4,0.7,0.7,0.7,0.7,1.0,0.0,26.0,1.0,0.2,0.4,2.5,2.5,2.5,2.5,1.0,0.0,26.0,1.0,0.2,0.4,5.66,5.66,5.66,5.66,1.0,0.0,26.0,1.0,0.2,0.4,20.4,20.4,20.4,20.4,1.0,0.0,26.0,1.0,0.2,0.4,-82.2,-82.2,-82.2,-82.2,1.0,0.0,26.0,1.0,0.2,0.4,-29.9,-29.9,-29.9,-29.9,1.0,0.0,26.0,1.0,0.2,0.4,-47.5,-47.5,-47.5,-47.5,1.0,0.0,26.0,1.0,0.2,0.4,-17.3,-17.3,-17.3,-17.3,1.0,0.0,26.0,1.0,0.2,0.4,-19.2,-19.2,-19.2,-19.2,1.0,0.0,26.0,1.0,0.2,0.4,-7.0,-7.0,-7.0,-7.0,1.0,0.0,26.0,1.0,0.2,0.4,46.5,46.5,46.5,46.5,1.0,0.0,26.0,1.0,0.2,0.4,45.0,45.0,45.0,45.0,1.0,0.0,26.0,1.0,0.2,0.4
1974,2,314.0,-29.0,25.25,26.0,27.37,26.28,5.0,1.22,20.0,0.6,0.5,0.5,24.98,26.0,27.17,25.98,5.0,1.76,20.0,0.6,0.5,0.5,13.64,14.11,14.58,14.11,2.0,0.98,22.0,0.0,0.2,0.6,67.2,73.9,80.6,73.9,2.0,13.9,22.0,0.0,0.6,6.44,6.7,7.73,7.08,5.0,1.13,20.0,0.6,0.5,0.5,-4.43,-3.08,2.06,-1.42,5.0,4.53,20.0,0.6,0.5,0.5,-4.01,-2.05,6.77,0.58,5.0,6.36,20.0,0.6,0.5,0.5,1011.62,1012.9,1014.76,1013.2,5.0,1.85,20.0,0.6,0.5,0.5,4.3,6.0,8.0,6.0,5.0,2.1,20.0,0.6,0.5,0.5,-33.0,-22.4,12.4,-11.7,5.0,29.6,20.0,0.6,0.5,0.5,-27.6,-12.3,52.5,7.7,5.0,49.5,20.0,0.6,0.5,0.5,-1.26,0.0,2.07,0.3,5.0,1.75,20.0,0.6,0.5,0.5,-10.1,0.0,13.0,1.2,5.0,12.0,20.0,0.6,0.5,0.5,5.78,6.52,7.26,6.52,2.0,1.54,22.0,0.0,0.2,0.6,38.7,43.7,48.7,43.7,2.0,10.3,22.0,0.0,0.2,0.6,-114.5,-77.7,53.5,-36.2,5.0,117.5,20.0,0.6,0.5,0.5,-106.1,-53.4,171.9,14.3,5.0,169.2,20.0,0.6,0.5,0.5,-78.9,-67.0,-55.1,-67.0,2.0,24.7,22.0,0.0,0.2,0.6,-12.2,27.6,67.4,27.6,2.0,82.5,22.0,0.0,0.2,0.6,-43.2,-33.1,-22.9,-33.1,2.0,21.0,22.0,0.0,0.2,0.6,-9.7,7.0,23.8,7.0,2.0,34.6,22.0,0.0,0.2,0.6,270.0,301.0,484.0,378.0,5.0,201.5,20.0,0.6,0.5,0.5,270.0,300.0,485.0,380.0,5.0,200.0,20.0,0.6,0.5,0.5
1974,2,314.0,-28.0,24.94,26.0,27.02,25.8,7.0,1.28,16.0,0.9,0.6,0.9,23.5,26.2,27.05,25.87,7.0,1.78,16.0,0.9,0.6,0.9,16.48,17.29,18.53,17.41,6.0,1.0,18.0,0.8,0.6,0.9,77.1,83.6,91.4,84.3,6.0,8.4,18.0,0.8,0.9,4.08,6.7,7.11,5.93,7.0,2.07,16.0,0.9,0.6,0.9,-6.72,-4.1,-0.87,-3.43,7.0,5.0,16.0,0.9,0.6,0.9,-3.39,0.0,1.65,-0.64,7.0,2.48,16.0,0.9,0.6,0.9,1011.78,1013.3,1014.82,1013.21,7.0,1.46,16.0,0.9,0.6,0.9,3.0,4.0,8.0,5.1,7.0,2.7,16.0,0.9,0.6,0.9,-46.2,-16.8,-2.2,-23.4,7.0,39.6,16.0,0.9,0.6,0.9,-12.8,0.0,15.0,-1.3,7.0,15.1,16.0,0.9,0.6,0.9,-1.05,0.0,1.31,-0.07,7.0,1.28,16.0,0.9,0.6,0.9,-6.8,0.0,9.4,1.2,7.0,8.3,16.0,0.9,0.6,0.9,1.24,3.01,4.85,3.03,6.0,1.71,18.0,0.8,0.6,0.9,8.3,13.6,23.2,16.2,6.0,10.0,18.0,0.8,0.6,0.9,-161.5,-114.8,-23.8,-85.3,7.0,124.2,16.0,0.9,0.6,0.9,-91.4,0.0,38.8,-18.5,7.0,64.7,16.0,0.9,0.6,0.9,-121.0,-65.4,7.9,-49.5,6.0,92.8,18.0,0.8,0.6,0.9,-47.8,10.0,29.5,-2.2,6.0,40.2,18.0,0.8,0.6,0.9,-19.3,-8.5,-3.0,-10.6,6.0,13.5,18.0,0.8,0.6,0.9,-13.8,0.6,3.5,-3.2,6.0,9.2,18.0,0.8,0.6,0.9,68.0,301.0,365.0,276.0,7.0,265.5,16.0,0.9,0.6,0.9,70.0,300.0,365.0,275.0,7.0,265.0,16.0,0.9,0.6,0.9
1974,2,314.0,-27.0,24.0,25.5,26.43,25.26,10.0,1.18,22.0,0.9,0.4,0.5,23.29,26.9,28.04,25.87,11.0,2.62,20.0,0.9,0.4,0.6,16.06,17.44,18.07,17.26,11.0,1.7,20.0,0.9,0.4,0.6,74.8,82.2,91.4,83.0,11.0,7.4,20.0,0.9,0.6,2.73,4.1,9.87,5.42,9.0,3.69,20.0,0.9,0.4,0.6,-9.32,-3.85,1.88,-3.7,9.0,5.08,20.0,0.9,0.4,0.6,-2.04,0.0,1.16,-0.59,9.0,2.27,20.0,0.9,0.4,0.6,1009.25,1013.0,1017.37,1013.05,11.0,3.64,20.0,0.9,0.4,0.6,3.2,5.0,8.0,5.0,11.0,2.2,20.0,0.9,0.4,0.6,-93.1,-15.8,4.5,-35.0,9.0,50.2,20.0,0.9,0.4,0.6,-7.0,0.0,4.3,-3.5,9.0,18.9,20.0,0.9,0.4,0.6,-3.23,0.45,2.0,-0.42,10.0,2.75,22.0,0.9,0.4,0.5,-15.3,1.3,20.9,2.4,8.0,17.8,22.0,0.9,0.4,0.5,0.79,3.29,4.57,2.9,10.0,1.74,22.0,0.9,0.4,0.5,3.9,10.2,37.1,16.7,8.0,17.1,22.0,0.9,0.4,0.5,-207.9,-107.9,48.4,-90.0,9.0,116.9,20.0,0.9,0.4,0.6,-49.9,0.0,32.3,-16.5,9.0,60.8,20.0,0.9,0.4,0.6,-137.3,-67.2,31.8,-58.3,9.0,78.2,20.0,0.9,0.4,0.6,-34.2,0.0,20.3,-10.6,9.0,39.0,20.0,0.9,0.4,0.6,-35.5,-3.3,10.6,-8.9,8.0,22.1,22.0,0.9,0.4,0.5,-5.9,0.0,1.9,-0.9,8.0,5.4,22.0,0.9,0.4,0.5,21.0,69.0,975.5,381.0,9.0,549.5,20.0,0.9,0.4,0.6,20.0,70.0,975.0,380.0,9.0,550.0,20.0,0.9,0.4,0.6
1974,2,314.0,-26.0,24.0,26.0,27.08,25.73,6.0,1.58,14.0,0.8,0.7,0.7,26.0,27.15,28.12,27.15,6.0,1.05,14.0,0.8,0.7,0.7,16.31,18.64,19.86,17.97,5.0,3.12,18.0,0.8,0.6,0.7,69.9,78.9,92.2,79.9,5.0,13.3,18.0,0.8,0.7,0.79,3.35,4.02,2.63,6.0,1.72,14.0,0.8,0.7,0.7,-3.12,-1.46,0.41,-1.2,6.0,2.08,14.0,0.8,0.7,0.7,-2.72,-0.47,1.92,-0.41,6.0,2.24,14.0,0.8,0.7,0.7,1009.04,1011.55,1013.68,1010.53,6.0,4.59,14.0,0.8,0.7,0.7,1.8,2.5,7.0,3.7,6.0,2.7,14.0,0.8,0.7,0.7,-11.6,-5.3,1.3,-4.8,6.0,7.7,14.0,0.8,0.7,0.7,-11.1,-0.5,6.7,-1.7,6.0,8.3,14.0,0.8,0.7,0.7,-2.21,-1.1,-0.86,-1.42,6.0,0.95,14.0,0.8,0.7,0.7,-5.5,-2.9,-1.0,-3.6,6.0,3.8,14.0,0.8,0.7,0.7,-1.18,3.69,5.42,2.51,5.0,3.78,18.0,0.8,0.6,0.7,-3.1,0.0,14.3,4.2,5.0,9.8,18.0,0.8,0.6,0.7,-85.0,-39.5,11.8,-32.4,6.0,57.9,14.0,0.8,0.7,0.7,-75.8,-12.2,52.6,-10.9,6.0,62.1,14.0,0.8,0.7,0.7,-60.9,-6.6,13.4,-18.7,5.0,42.7,18.0,0.8,0.6,0.7,-29.4,0.0,39.8,2.8,5.0,38.8,18.0,0.8,0.6,0.7,-4.2,0.2,7.3,0.8,5.0,7.9,18.0,0.8,0.6,0.7,-5.9,0.0,4.3,-0.4,5.0,7.4,18.0,0.8,0.6,0.7,1.0,38.0,65.0,35.0,6.0,30.0,14.0,0.8,0.7,0.7,0.0,40.0,65.0,35.0,6.0,30.0,14.0,0.8,0.7,0.7
1974,2,314.0,-25.0,26.7,26.7,26.7,26.7,1.0,0.0,24.0,1.0,0.9,0.7,24.53,26.0,27.52,26.03,4.0,1.79,18.0,1.0,0.6,0.7,17.24,20.18,20.51,18.91,3.0,2.63,18.0,1.0,0.7,0.8,85.0,85.3,90.3,87.6,3.0,4.3,18.0,1.0,0.8,2.37,3.6,6.51,4.2,6.0,2.34,18.0,1.0,0.5,0.7,-5.64,-2.41,1.56,-2.09,6.0,3.74,18.0,1.0,0.5,0.7,-3.25,-1.44,1.31,-1.04,6.0,2.47,18.0,1.0,0.5,0.7,1009.14,1011.0,1012.04,1009.87,6.0,3.89,18.0,1.0,0.5,0.7,3.6,5.5,7.2,5.3,6.0,2.3,18.0,1.0,0.5,0.7,-37.0,-6.9,4.0,-14.0,6.0,23.8,18.0,1.0,0.5,0.7,-21.4,-4.2,3.4,-7.5,6.0,14.6,18.0,1.0,0.5,0.7,-0.3,-0.3,-0.3,-0.3,1.0,0.0,24.0,1.0,0.9,0.7,-0.4,-0.4,-0.4,-0.4,1.0,0.0,24.0,1.0,0.9,0.7,1.28,1.28,1.28,1.28,1.0,0.0,24.0,1.0,0.9,0.7,1.9,1.9,1.9,1.9,1.0,0.0,24.0,1.0,0.9,0.7,-158.9,-104.6,-11.8,-86.2,4.0,91.4,18.0,1.0,0.6,0.7,-91.8,-54.1,3.4,-44.6,4.0,57.7,18.0,1.0,0.6,0.7,-86.3,-38.8,3.9,-41.1,3.0,66.1,18.0,1.0,0.7,0.8,-47.2,-14.1,9.1,-18.9,3.0,41.4,18.0,1.0,0.7,0.8,1.5,1.5,1.5,1.5,1.0,0.0,24.0,1.0,0.9,0.7,1.2,1.2,1.2,1.2,1.0,0.0,24.0,1.0,0.9,0.7,14.5,49.5,283.5,136.0,6.0,179.0,18.0,1.0,0.5,0.7,15.0,50.0,285.0,135.0,6.0,180.0,18.0,1.0,0.5,0.7
1974,2,314.0,-24.0,,,,,,,,,,,,,,,,,,,,,,,,,,,,,,,,,,,,,,,,4.0,4.0,4.0,4.0,1.0,0.0,28.0,0.0,1.0,0.1,3.06,3.06,3.06,3.06,1.0,0.0,28.0,0.0,1.0,0.1,2.57,2.57,2.57,2.57,1.0,0.0,28.0,0.0,1.0,0.1,1016.0,1016.0,1016.0,1016.0,1.0,0.0,28.0,0.0,1.0,0.1,,,,,,,,,,,,,,,,,,,,,,,,,,,,,,,,,,,,,,,,,,,,,,,,,,,,,,,,,,,,,,,,,,,,,,,,,,,,,,,,,,,,,,,,,,,,,,,,,,,,,,,,,,,,,,,,,,,,,,,,,,,,,,,,,,,,,,,,,,,,,,,,,,,,,,
1974,2,314.0,-1.0,27.8,27.8,27.8,27.8,1.0,0.0,22.0,0.0,0.7,0.2,26.44,26.95,27.46,26.95,2.0,1.06,18.0,0.0,0.5,0.5,16.79,17.1,17.41,17.1,2.0,0.64,18.0,0.0,0.5,0.5,76.0,76.9,77.8,76.9,2.0,1.8,18.0,0.0,0.5,3.05,5.1,7.22,5.13,3.0,3.05,18.0,0.0,0.4,0.3,-5.53,-3.91,-2.48,-4.0,3.0,2.23,18.0,0.0,0.4,0.3,-4.64,-3.28,-1.76,-3.2,3.0,2.11,18.0,0.0,0.4,0.3,1008.0,1008.0,1009.71,1008.83,3.0,1.44,18.0,0.0,0.4,0.3,4.6,6.0,7.4,6.0,3.0,2.0,18.0,0.0,0.4,0.3,-41.5,-19.9,-8.9,-25.1,3.0,24.3,18.0,0.0,0.4,0.3,-34.8,-16.7,-6.8,-20.7,3.0,20.8,18.0,0.0,0.4,0.3,1.6,1.6,1.6,1.6,1.0,0.0,22.0,0.0,0.7,0.2,8.2,8.2,8.2,8.2,1.0,0.0,22.0,0.0,0.7,0.2,6.85,6.85,6.85,6.85,1.0,0.0,22.0,0.0,0.7,0.2,34.9,34.9,34.9,34.9,1.0,0.0,22.0,0.0,0.7,0.2,-162.6,-138.2,-113.7,-138.2,2.0,50.7,18.0,0.0,0.5,0.5,-136.5,-115.9,-95.4,-115.9,2.0,42.5,18.0,0.0,0.5,0.5,-103.1,-87.7,-72.2,-87.7,2.0,32.0,18.0,0.0,0.5,0.5,-86.5,-73.6,-60.6,-73.6,2.0,26.8,18.0,0.0,0.5,0.5,-26.8,-26.8,-26.8,-26.8,1.0,0.0,22.0,0.0,0.7,0.2,-22.5,-22.5,-22.5,-22.5,1.0,0.0,22.0,0.0,0.7,0.2,48.5,132.5,418.5,231.0,3.0,284.0,18.0,0.0,0.4,0.3,50.0,135.0,420.0,230.0,3.0,285.0,18.0,0.0,0.4,0.3
1974,2,314.0,1.0,26.63,28.0,29.24,27.96,5.0,1.55,18.0,0.8,0.7,0.4,26.13,26.5,27.05,26.64,5.0,0.79,18.0,0.8,0.7,0.4,17.78,18.34,18.64,18.22,5.0,0.49,18.0,0.8,0.7,0.4,81.1,86.1,86.2,83.6,5.0,5.2,18.0,0.8,0.4,5.8,8.2,8.97,7.6,5.0,2.01,18.0,0.8,0.7,0.4,-6.29,-2.8,-1.46,-3.6,5.0,3.28,18.0,0.8,0.7,0.4,-7.71,-6.62,-4.32,-6.03,5.0,1.97,18.0,0.8,0.7,0.4,1008.77,1010.5,1012.26,1010.44,5.0,2.07,18.0,0.8,0.7,0.4,5.0,6.0,8.0,6.4,5.0,1.5,18.0,0.8,0.7,0.4,-50.8,-23.0,-12.9,-31.2,5.0,31.3,18.0,0.8,0.7,0.4,-65.0,-63.2,-23.3,-47.9,5.0,23.4,18.0,0.8,0.7,0.4,-0.18,0.5,3.17,1.32,5.0,1.88,18.0,0.8,0.7,0.4,-1.5,4.1,25.5,10.5,5.0,14.8,18.0,0.8,0.7,0.4,3.22,6.15,7.51,5.53,5.0,2.44,18.0,0.8,0.7,0.4,26.4,31.4,59.3,41.1,5.0,21.0,18.0,0.8,0.7,0.4,-164.2,-74.3,-38.1,-93.9,5.0,85.8,18.0,0.8,0.7,0.4,-204.2,-172.1,-118.9,-160.5,5.0,51.6,18.0,0.8,0.7,0.4,-114.2,-52.3,-27.5,-65.8,5.0,58.7,18.0,0.8,0.7,0.4,-143.6,-118.7,-76.6,-110.2,5.0,37.6,18.0,0.8,0.7,0.4,-48.7,-10.4,-2.3,-22.4,5.0,26.3,18.0,0.8,0.7,0.4,-36.6,-28.5,-23.2,-30.0,5.0,10.3,18.0,0.8,0.7,0.4,199.5,551.5,749.0,513.5,5.0,374.0,18.0,0.8,0.7,0.4,200.0,550.0,750.0,515.0,5.0,375.0,18.0,0.8,0.7,0.4
1974,2,314.0,2.0,,,,,,,,,,,,,,,,,,,,,,,,,,,,,,,,,,,,,,,,10.8,10.8,10.8,10.8,1.0,0.0,8.0,1.0,0.4,0.3,-8.27,-8.27,-8.27,-8.27,1.0,0.0,8.0,1.0,0.4,0.3,-6.94,-6.94,-6.94,-6.94,1.0,0.0,8.0,1.0,0.4,0.3,1009.5,1009.5,1009.5,1009.5,1.0,0.0,8.0,1.0,0.4,0.3,,,,,,,,,,,,,,,,,,,,,,,,,,,,,,,,,,,,,,,,,,,,,,,,,,,,,,,,,,,,,,,,,,,,,,,,,,,,,,,,,,,,,,,,,,,,,,,,,,,,,,,,,,,,,,,,,,,,,,,,,,,,,,,,,,,,,,,,,,,,,,,,,,,,,,
1974,2,314.0,3.0,27.4,28.25,29.1,28.25,2.0,1.77,24.0,1.0,0.8,0.5,26.95,27.5,27.7,27.33,3.0,0.57,18.0,1.0,0.6,0.4,17.51,17.83,18.36,17.94,3.0,0.63,18.0,1.0,0.6,0.4,77.4,79.2,80.6,79.0,3.0,2.4,18.0,1.0,0.4,9.26,11.55,13.84,11.55,2.0,4.74,24.0,1.0,0.8,0.5,-11.69,-9.09,-6.48,-9.09,2.0,5.4,24.0,1.0,0.8,0.5,-7.26,-6.87,-6.47,-6.87,2.0,0.83,24.0,1.0,0.8,0.5,1010.34,1013.0,1013.14,1011.77,3.0,2.31,18.0,1.0,0.6,0.4,4.6,6.0,7.4,6.0,3.0,2.0,18.0,1.0,0.6,0.4,-168.6,-117.7,-66.9,-117.7,2.0,105.4,24.0,1.0,0.8,0.5,-101.6,-81.3,-61.0,-81.3,2.0,42.1,24.0,1.0,0.8,0.5,-0.15,0.6,1.35,0.6,2.0,1.56,24.0,1.0,0.8,0.5,-4.1,3.2,10.5,3.2,2.0,15.1,24.0,1.0,0.8,0.5,4.37,5.85,7.33,5.85,2.0,3.06,24.0,1.0,0.8,0.5,56.6,60.3,64.0,60.3,2.0,7.6,24.0,1.0,0.8,0.5,-321.8,-250.7,-179.6,-250.7,2.0,147.3,24.0,1.0,0.8,0.5,-200.1,-189.8,-179.4,-189.8,2.0,21.4,24.0,1.0,0.8,0.5,-217.0,-167.1,-117.2,-167.1,2.0,103.4,24.0,1.0,0.8,0.5,-134.4,-125.3,-116.2,-125.3,2.0,18.8,24.0,1.0,0.8,0.5,-46.7,-44.9,-43.1,-44.9,2.0,3.8,24.0,1.0,0.8,0.5,-46.7,-38.9,-31.1,-38.9,2.0,16.2,24.0,1.0,0.8,0.5,989.0,1929.5,2870.5,1929.5,2.0,1949.0,24.0,1.0,0.8,0.5,990.0,1930.0,2870.0,1930.0,2.0,1950.0,24.0,1.0,0.8,0.5
1974,2,314.0,4.0,25.71,26.6,27.12,26.43,4.0,1.04,10.0,1.0,0.6,0.4,26.84,27.1,27.25,27.05,4.0,0.26,10.0,1.0,0.6,0.4,16.23,17.57,18.02,17.14,3.0,1.36,10.0,1.0,0.7,0.3,72.3,78.8,81.7,77.1,3.0,7.1,10.0,1.0,0.3,6.81,8.5,9.56,8.2,4.0,1.72,10.0,1.0,0.6,0.4,-8.19,-6.61,-4.44,-6.33,4.0,2.36,10.0,1.0,0.6,0.4,-6.34,-2.62,-1.68,-3.94,4.0,3.59,10.0,1.0,0.6,0.4,1009.64,1010.15,1011.86,1010.73,4.0,1.64,10.0,1.0,0.6,0.4,5.0,6.5,8.0,6.5,4.0,1.7,10.0,1.0,0.6,0.4,-70.4,-46.1,-33.3,-51.6,4.0,23.1,10.0,1.0,0.6,0.4,-61.4,-20.9,-11.3,-35.6,4.0,37.4,10.0,1.0,0.6,0.4,-1.27,-0.65,0.02,-0.62,4.0,0.91,10.0,1.0,0.6,0.4,-10.6,-4.3,0.7,-4.9,4.0,8.5,10.0,1.0,0.6,0.4,2.84,5.48,6.07,4.48,3.0,2.52,10.0,1.0,0.7,0.3,25.8,48.8,52.2,39.2,3.0,21.1,10.0,1.0,0.7,0.3,-220.4,-180.1,-120.7,-171.0,4.0,63.0,10.0,1.0,0.6,0.4,-170.7,-70.5,-45.7,-106.5,4.0,96.8,10.0,1.0,0.6,0.4,-146.3,-118.4,-77.8,-112.2,3.0,50.5,10.0,1.0,0.7,0.3,-128.8,-58.0,-32.7,-80.2,3.0,73.0,10.0,1.0,0.7,0.3,-38.7,-18.4,-15.5,-26.9,3.0,18.5,10.0,1.0,0.7,0.3,-37.1,-8.5,-6.2,-21.4,3.0,25.3,10.0,1.0,0.7,0.3,330.5,630.5,876.0,604.5,4.0,329.5,10.0,1.0,0.6,0.4,330.0,630.0,875.0,605.0,4.0,330.0,10.0,1.0,0.6,0.4
1974,2,314.0,5.0,26.9,27.2,28.08,27.41,13.0,1.02,10.0,0.5,0.4,0.3,26.03,26.7,27.48,26.86,14.0,1.07,10.0,0.6,0.4,0.3,16.2,17.52,19.84,17.97,14.0,1.8,10.0,0.6,0.4,0.3,74.6,78.9,91.8,81.3,14.0,8.7,10.0,0.6,0.3,8.57,10.55,13.15,10.72,12.0,2.08,10.0,0.5,0.4,0.3,-10.74,-8.66,-7.12,-8.95,12.0,2.14,10.0,0.5,0.4,0.3,-7.26,-6.3,-3.06,-5.27,12.0,2.72,10.0,0.5,0.4,0.3,1008.01,1009.25,1010.48,1009.44,14.0,1.32,10.0,0.6,0.4,0.3,3.1,6.5,8.0,6.0,14.0,2.0,10.0,0.6,0.4,0.3,-137.6,-97.8,-59.0,-99.4,12.0,42.1,10.0,0.5,0.4,0.3,-85.8,-62.2,-25.1,-59.0,12.0,33.8,10.0,0.5,0.4,0.3,0.0,0.5,2.02,0.72,13.0,1.01,10.0,0.5,0.4,0.3,0.0,4.4,20.4,7.8,12.0,12.0,10.0,0.5,0.4,0.3,3.2,4.46,7.52,5.05,13.0,2.23,10.0,0.5,0.4,0.3,31.6,53.5,92.2,58.0,12.0,26.2,10.0,0.5,0.4,0.3,-294.0,-232.9,-194.3,-238.6,12.0,54.9,10.0,0.5,0.4,0.3,-195.0,-166.9,-81.6,-141.2,12.0,74.5,10.0,0.5,0.4,0.3,-199.8,-149.4,-123.8,-156.8,12.0,34.1,10.0,0.5,0.4,0.3,-126.4,-112.8,-55.1,-93.6,12.0,48.2,10.0,0.5,0.4,0.3,-74.8,-41.0,-24.1,-49.0,12.0,24.3,10.0,0.5,0.4,0.3,-40.8,-29.3,-10.0,-27.7,12.0,17.8,10.0,0.5,0.4,0.3,631.5,1176.0,2283.5,1360.0,12.0,773.0,10.0,0.5,0.4,0.3,630.0,1175.0,2285.0,1360.0,12.0,775.0,10.0,0.5,0.4,0.3
1974,2,314.0,6.0,26.7,26.7,26.81,26.76,5.0,0.13,22.0,0.8,0.5,0.3,25.1,25.1,25.47,25.3,5.0,0.45,22.0,0.8,0.5,0.3,14.5,15.53,16.19,15.35,3.0,1.25,22.0,0.7,0.5,0.4,70.2,78.0,81.4,75.8,3.0,8.4,22.0,0.7,0.4,9.03,10.8,10.94,10.0,3.0,1.56,22.0,0.7,0.5,0.4,-7.03,-6.94,-5.8,-6.43,3.0,1.0,22.0,0.7,0.5,0.4,-8.38,-8.27,-6.91,-7.66,3.0,1.2,22.0,0.7,0.5,0.4,1010.27,1011.5,1011.91,1011.1,3.0,1.25,22.0,0.7,0.5,0.4,5.3,6.0,6.4,5.8,5.0,1.1,22.0,0.8,0.5,0.3,-76.9,-75.0,-53.3,-65.3,3.0,19.2,22.0,0.7,0.5,0.4,-91.6,-89.4,-63.5,-77.9,3.0,22.9,22.0,0.7,0.5,0.4,1.34,1.6,1.6,1.46,5.0,0.31,22.0,0.8,0.5,0.3,10.5,17.3,17.5,14.1,3.0,5.8,22.0,0.7,0.5,0.4,5.76,6.45,7.71,6.73,3.0,1.45,22.0,0.7,0.5,0.4,61.7,68.1,70.0,65.9,3.0,6.3,22.0,0.7,0.5,0.4,-176.4,-174.2,-149.2,-163.1,3.0,22.2,22.0,0.7,0.5,0.4,-210.3,-207.7,-177.8,-194.4,3.0,26.4,22.0,0.7,0.5,0.4,-113.0,-109.8,-85.3,-99.4,3.0,22.2,22.0,0.7,0.5,0.4,-134.7,-130.9,-101.6,-118.5,3.0,26.5,22.0,0.7,0.5,0.4,-45.0,-43.7,-39.7,-42.4,3.0,4.1,22.0,0.7,0.5,0.4,-53.6,-52.1,-47.3,-50.5,3.0,4.8,22.0,0.7,0.5,0.4,776.0,1259.5,1308.5,1047.5,3.0,431.0,22.0,0.7,0.5,0.4,775.0,1260.0,1310.0,1045.0,3.0,430.0,22.0,0.7,0.5,0.4
1974,2,314.0,8.0,,,,,,,,,,,,,,,,,,,,,,,,,,,,,,,,,,,,,,,,10.46,10.8,11.14,10.8,2.0,0.71,8.0,0.0,0.6,0.5,-9.98,-8.62,-7.26,-8.62,2.0,2.83,8.0,0.0,0.6,0.5,-7.25,-5.88,-4.5,-5.88,2.0,2.85,8.0,0.0,0.6,0.5,1010.4,1010.4,1010.4,1010.4,1.0,0.0,6.0,0.0,1.0,0.9,5.0,5.0,5.0,5.0,1.0,0.0,6.0,0.0,1.0,0.9,-111.8,-94.1,-76.4,-94.1,2.0,36.6,8.0,0.0,0.6,0.5,-75.3,-62.5,-49.6,-62.5,2.0,26.6,8.0,0.0,0.6,0.5,,,,,,,,,,,,,,,,,,,,,,,,,,,,,,,,,,,,,,,,,,,,,,,,,,,,,,,,,,,,,,,,,,,,,,,,,,,,,,,,,,,,,,,,,,,,,,,,,,,,,,,,,,,,,,,,,,,,,,,,
1974,2,314.0,9.0,24.96,25.3,26.0,25.5,5.0,0.72,10.0,0.8,0.9,0.5,24.46,25.0,26.13,25.28,5.0,0.97,10.0,0.8,0.9,0.5,15.01,16.35,17.07,16.05,4.0,1.49,10.0,0.8,0.9,0.4,76.5,80.8,84.4,80.5,4.0,5.7,10.0,0.8,0.4,7.33,9.0,10.48,8.9,5.0,1.72,10.0,0.8,0.9,0.5,-9.31,-7.89,-6.93,-8.11,5.0,1.8,10.0,0.8,0.9,0.5,-4.54,-3.08,-0.85,-2.88,5.0,2.5,10.0,0.8,0.9,0.5,1011.15,1012.8,1014.11,1012.48,5.0,2.19,10.0,0.8,0.9,0.5,4.3,6.0,7.0,5.6,5.0,1.7,10.0,0.8,0.9,0.5,-94.2,-76.1,-51.3,-74.3,5.0,29.0,10.0,0.8,0.9,0.5,-42.5,-22.4,-6.5,-25.7,5.0,26.1,10.0,0.8,0.9,0.5,-0.36,0.0,0.95,0.22,5.0,0.79,10.0,0.8,0.9,0.5,-3.1,0.0,8.6,2.3,5.0,7.6,10.0,0.8,0.9,0.5,3.76,4.17,5.3,4.52,4.0,1.12,10.0,0.8,0.9,0.4,32.9,43.9,46.2,39.8,4.0,10.6,10.0,0.8,0.9,0.4,-234.7,-210.7,-170.9,-204.6,5.0,43.6,10.0,0.8,0.9,0.5,-117.7,-79.4,-20.8,-74.5,5.0,66.8,10.0,0.8,0.9,0.5,-159.6,-122.1,-99.6,-129.2,4.0,38.1,10.0,0.8,0.9,0.4,-86.5,-36.4,-8.9,-47.2,4.0,51.0,10.0,0.8,0.9,0.4,-44.6,-38.6,-27.5,-36.1,4.0,11.3,10.0,0.8,0.9,0.4,-21.0,-10.1,-3.9,-12.3,4.0,12.2,10.0,0.8,0.9,0.4,399.5,729.0,1153.5,767.5,5.0,407.5,10.0,0.8,0.9,0.5,400.0,730.0,1155.0,770.0,5.0,405.0,10.0,0.8,0.9,0.5
1974,2,314.0,10.0,,,,,,,,,,,,,,,,,,,,,,,,,,,,,,,,,,,,,,,,11.83,11.9,11.97,11.9,2.0,0.14,12.0,0.5,0.3,0.0,-11.38,-10.43,-9.48,-10.43,2.0,1.96,12.0,0.5,0.3,0.0,-6.71,-4.83,-2.96,-4.83,2.0,3.89,12.0,0.5,0.3,0.0,1013.33,1015.75,1018.17,1015.75,2.0,5.02,12.0,0.5,0.3,0.0,,,,,,,,,,,,,,,,,,,,,,,,,,,,,,,,,,,,,,,,,,,,,,,,,,,,,,,,,,,,,,,,,,,,,,,,,,,,,,,,,,,,,,,,,,,,,,,,,,,,,,,,,,,,,,,,,,,,,,,,,,,,,,,,,,,,,,,,,,,,,,,,,,,,,,
1974,2,314.0,11.0,26.2,26.2,26.2,26.2,1.0,0.0,12.0,1.0,0.9,0.3,25.0,25.0,25.0,25.0,1.0,0.0,12.0,1.0,0.9,0.3,17.69,17.69,17.69,17.69,1.0,0.0,12.0,1.0,0.9,0.3,89.7,89.7,89.7,89.7,1.0,0.0,12.0,1.0,0.3,10.8,10.8,10.8,10.8,1.0,0.0,12.0,1.0,0.9,0.3,-9.35,-9.35,-9.35,-9.35,1.0,0.0,12.0,1.0,0.9,0.3,-5.4,-5.4,-5.4,-5.4,1.0,0.0,12.0,1.0,0.9,0.3,1015.3,1015.3,1015.3,1015.3,1.0,0.0,12.0,1.0,0.9,0.3,6.0,6.0,6.0,6.0,1.0,0.0,12.0,1.0,0.9,0.3,-101.0,-101.0,-101.0,-101.0,1.0,0.0,12.0,1.0,0.9,0.3,-58.3,-58.3,-58.3,-58.3,1.0,0.0,12.0,1.0,0.9,0.3,1.2,1.2,1.2,1.2,1.0,0.0,12.0,1.0,0.9,0.3,13.0,13.0,13.0,13.0,1.0,0.0,12.0,1.0,0.9,0.3,3.52,3.52,3.52,3.52,1.0,0.0,12.0,1.0,0.9,0.3,38.0,38.0,38.0,38.0,1.0,0.0,12.0,1.0,0.9,0.3,-233.8,-233.8,-233.8,-233.8,1.0,0.0,12.0,1.0,0.9,0.3,-135.0,-135.0,-135.0,-135.0,1.0,0.0,12.0,1.0,0.9,0.3,-165.4,-165.4,-165.4,-165.4,1.0,0.0,12.0,1.0,0.9,0.3,-95.5,-95.5,-95.5,-95.5,1.0,0.0,12.0,1.0,0.9,0.3,-32.9,-32.9,-32.9,-32.9,1.0,0.0,12.0,1.0,0.9,0.3,-19.0,-19.0,-19.0,-19.0,1.0,0.0,12.0,1.0,0.9,0.3,1259.5,1259.5,1259.5,1259.5,1.0,0.0,12.0,1.0,0.9,0.3,1260.0,1260.0,1260.0,1260.0,1.0,0.0,12.0,1.0,0.9,0.3
1974,2,314.0,12.0,25.68,25.85,26.02,25.85,2.0,0.35,12.0,0.5,0.2,0.6,22.85,23.6,24.35,23.6,2.0,1.56,12.0,0.5,0.2,0.6,14.17,14.35,14.54,14.35,2.0,0.38,12.0,0.5,0.2,0.6,76.8,79.4,81.9,79.4,2.0,5.4,12.0,0.5,0.6,12.4,12.6,12.8,12.6,2.0,0.42,12.0,0.5,0.2,0.6,-11.5,-11.36,-11.23,-11.36,2.0,0.27,12.0,0.5,0.2,0.6,-6.09,-5.33,-4.56,-5.33,2.0,1.59,12.0,0.5,0.2,0.6,1013.75,1013.85,1013.95,1013.85,2.0,0.21,12.0,0.5,0.2,0.6,3.6,5.0,6.4,5.0,2.0,2.8,12.0,0.5,0.2,0.6,-143.8,-143.1,-142.5,-143.1,2.0,1.4,12.0,0.5,0.2,0.6,-78.2,-67.5,-56.7,-67.5,2.0,22.2,12.0,0.5,0.2,0.6,1.33,2.25,3.17,2.25,2.0,1.91,12.0,0.5,0.2,0.6,16.7,28.8,40.8,28.8,2.0,25.0,12.0,0.5,0.2,0.6,6.05,6.45,6.84,6.45,2.0,0.82,12.0,0.5,0.2,0.6,75.1,81.4,87.7,81.4,2.0,13.1,12.0,0.5,0.2,0.6,-280.1,-268.4,-256.8,-268.4,2.0,24.1,12.0,0.5,0.2,0.6,-138.6,-124.5,-110.4,-124.5,2.0,29.1,12.0,0.5,0.2,0.6,-167.2,-163.2,-159.2,-163.2,2.0,8.3,12.0,0.5,0.2,0.6,-86.2,-76.2,-66.2,-76.2,2.0,20.7,12.0,0.5,0.2,0.6,-76.8,-73.2,-69.5,-73.2,2.0,7.6,12.0,0.5,0.2,0.6,-42.1,-35.0,-28.0,-35.0,2.0,14.6,12.0,0.5,0.2,0.6,1906.0,2004.0,2101.5,2004.0,2.0,202.0,12.0,0.5,0.2,0.6,1905.0,2005.0,2100.0,2005.0,2.0,200.0,12.0,0.5,0.2,0.6
1974,2,314.0,13.0,23.31,24.4,24.81,24.07,3.0,1.14,12.0,0.7,0.6,0.5,23.33,23.4,23.74,23.53,3.0,0.32,12.0,0.7,0.6,0.5,14.83,15.31,15.79,15.31,2.0,1.0,12.0,0.5,0.5,0.7,83.0,84.6,86.2,84.6,2.0,3.4,12.0,0.5,0.7,8.87,10.3,10.3,9.6,3.0,1.21,12.0,0.7,0.6,0.5,-9.11,-7.89,-6.79,-7.95,3.0,1.7,12.0,0.7,0.6,0.5,-6.19,-5.27,-4.08,-5.14,3.0,1.55,12.0,0.7,0.6,0.5,1012.78,1014.9,1015.58,1014.2,3.0,2.14,12.0,0.7,0.6,0.5,1.0,1.0,4.4,2.7,3.0,2.9,12.0,0.7,0.6,0.5,-93.8,-81.3,-61.0,-77.5,3.0,24.3,12.0,0.7,0.6,0.5,-60.3,-43.2,-38.5,-49.2,3.0,16.8,12.0,0.7,0.6,0.5,-0.06,1.1,1.1,0.53,3.0,0.98,12.0,0.7,0.6,0.5,0.2,11.3,11.3,5.9,3.0,9.4,12.0,0.7,0.6,0.5,3.82,4.06,4.31,4.06,2.0,0.51,12.0,0.5,0.5,0.7,39.3,41.9,44.4,41.9,2.0,5.3,12.0,0.5,0.5,0.7,-216.3,-183.8,-158.7,-187.4,3.0,42.3,12.0,0.7,0.6,0.5,-144.4,-123.3,-96.6,-120.6,3.0,35.1,12.0,0.7,0.6,0.5,-148.7,-135.1,-121.6,-135.1,2.0,28.1,12.0,0.5,0.5,0.7,-90.3,-76.6,-62.8,-76.6,2.0,28.5,12.0,0.5,0.5,0.7,-35.7,-35.4,-35.1,-35.4,2.0,0.6,12.0,0.5,0.5,0.7,-26.7,-21.2,-15.6,-21.2,2.0,11.5,12.0,0.5,0.5,0.7,723.0,1092.5,1092.5,912.5,3.0,312.5,12.0,0.7,0.6,0.5,725.0,1095.0,1095.0,910.0,3.0,315.0,12.0,0.7,0.6,0.5
1974,2,314.0,14.0,24.5,24.5,25.18,24.83,3.0,0.58,12.0,0.0,0.4,0.4,23.56,23.9,24.31,23.93,3.0,0.55,12.0,0.0,0.4,0.4,12.37,12.43,12.72,12.54,3.0,0.27,12.0,0.0,0.4,0.4,67.1,67.5,68.8,68.0,3.0,1.3,12.0,0.0,0.4,6.43,9.3,9.3,7.9,3.0,2.42,12.0,0.0,0.4,0.4,-9.16,-9.16,-6.34,-7.78,3.0,2.39,12.0,0.0,0.4,0.4,-1.61,-1.61,-1.12,-1.37,3.0,0.42,12.0,0.0,0.4,0.4,1012.82,1013.5,1015.96,1014.37,3.0,2.42,12.0,0.0,0.4,0.4,1.0,1.0,2.4,1.7,3.0,1.2,12.0,0.0,0.4,0.4,-85.2,-85.2,-44.5,-65.3,3.0,34.4,12.0,0.0,0.4,0.4,-15.0,-15.0,-7.8,-11.5,3.0,6.1,12.0,0.0,0.4,0.4,0.73,1.0,1.07,0.9,3.0,0.26,12.0,0.0,0.4,0.4,5.3,5.6,8.8,7.0,3.0,2.8,12.0,0.0,0.4,0.4,6.79,6.84,7.25,7.02,3.0,0.37,12.0,0.0,0.4,0.4,45.9,62.9,63.4,54.8,3.0,14.6,12.0,0.0,0.4,0.4,-217.4,-214.3,-152.0,-185.4,3.0,54.1,12.0,0.0,0.4,0.4,-38.3,-37.8,-26.8,-32.7,3.0,9.5,12.0,0.0,0.4,0.4,-113.6,-113.0,-79.9,-97.1,3.0,28.2,12.0,0.0,0.4,0.4,-20.0,-19.9,-14.1,-17.1,3.0,5.0,12.0,0.0,0.4,0.4,-62.4,-62.0,-45.2,-54.0,3.0,14.4,12.0,0.0,0.4,0.4,-11.0,-10.9,-8.0,-9.5,3.0,2.5,12.0,0.0,0.4,0.4,346.0,804.5,804.5,580.5,3.0,388.0,12.0,0.0,0.4,0.4,345.0,805.0,805.0,580.0,3.0,390.0,12.0,0.0,0.4,0.4
1974,2,314.0,15.0,24.15,24.25,24.35,24.25,2.0,0.21,24.0,1.0,0.2,0.7,24.9,24.9,24.9,24.9,1.0,0.0,20.0,1.0,0.1,0.5,13.79,13.79,13.79,13.79,1.0,0.0,20.0,1.0,0.1,0.5,70.6,70.6,70.6,70.6,1.0,0.0,20.0,1.0,0.5,8.37,8.75,9.13,8.75,2.0,0.78,24.0,1.0,0.2,0.7,-7.12,-7.11,-7.11,-7.11,2.0,0.02,24.0,1.0,0.2,0.7,-5.68,-5.04,-4.4,-5.04,2.0,1.33,24.0,1.0,0.2,0.7,1016.42,1017.1,1017.78,1017.1,2.0,1.41,24.0,1.0,0.2,0.7,4.2,4.5,4.8,4.5,2.0,0.7,24.0,1.0,0.2,0.7,-65.0,-62.2,-59.5,-62.2,2.0,5.7,24.0,1.0,0.2,0.7,-52.1,-44.6,-37.1,-44.6,2.0,15.5,24.0,1.0,0.2,0.7,-0.5,-0.5,-0.5,-0.5,1.0,0.0,20.0,1.0,0.1,0.5,-4.1,-4.1,-4.1,-4.1,1.0,0.0,20.0,1.0,0.1,0.5,5.22,5.22,5.22,5.22,1.0,0.0,20.0,1.0,0.1,0.5,42.8,42.8,42.8,42.8,1.0,0.0,20.0,1.0,0.1,0.5,-176.8,-176.8,-176.8,-176.8,1.0,0.0,20.0,1.0,0.1,0.5,-102.1,-102.1,-102.1,-102.1,1.0,0.0,20.0,1.0,0.1,0.5,-97.9,-97.9,-97.9,-97.9,1.0,0.0,20.0,1.0,0.1,0.5,-56.5,-56.5,-56.5,-56.5,1.0,0.0,20.0,1.0,0.1,0.5,-37.1,-37.1,-37.1,-37.1,1.0,0.0,20.0,1.0,0.1,0.5,-21.4,-21.4,-21.4,-21.4,1.0,0.0,20.0,1.0,0.1,0.5,591.5,678.0,764.0,678.0,2.0,179.0,24.0,1.0,0.2,0.7,590.0,680.0,765.0,680.0,2.0,180.0,24.0,1.0,0.2,0.7
1974,2,314.0,16.0,24.5,24.5,24.5,24.5,1.0,0.0,20.0,0.0,0.8,0.2,21.5,21.5,21.5,21.5,1.0,0.0,20.0,0.0,0.8,0.2,12.64,12.64,12.64,12.64,1.0,0.0,20.0,0.0,0.8,0.2,79.5,79.5,79.5,79.5,1.0,0.0,20.0,0.0,0.2,7.7,7.7,7.7,7.7,1.0,0.0,20.0,0.0,0.8,0.2,-7.7,-7.7,-7.7,-7.7,1.0,0.0,20.0,0.0,0.8,0.2,0.0,0.0,0.0,0.0,1.0,0.0,20.0,0.0,0.8,0.2,1015.0,1015.0,1015.0,1015.0,1.0,0.0,20.0,0.0,0.8,0.2,2.0,2.0,2.0,2.0,1.0,0.0,20.0,0.0,0.8,0.2,-59.3,-59.3,-59.3,-59.3,1.0,0.0,20.0,0.0,0.8,0.2,0.0,0.0,0.0,0.0,1.0,0.0,20.0,0.0,0.8,0.2,3.0,3.0,3.0,3.0,1.0,0.0,20.0,0.0,0.8,0.2,23.1,23.1,23.1,23.1,1.0,0.0,20.0,0.0,0.8,0.2,6.51,6.51,6.51,6.51,1.0,0.0,20.0,0.0,0.8,0.2,50.1,50.1,50.1,50.1,1.0,0.0,20.0,0.0,0.8,0.2,-165.5,-165.5,-165.5,-165.5,1.0,0.0,20.0,0.0,0.8,0.2,0.0,0.0,0.0,0.0,1.0,0.0,20.0,0.0,0.8,0.2,-97.3,-97.3,-97.3,-97.3,1.0,0.0,20.0,0.0,0.8,0.2,0.0,0.0,0.0,0.0,1.0,0.0,20.0,0.0,0.8,0.2,-50.1,-50.1,-50.1,-50.1,1.0,0.0,20.0,0.0,0.8,0.2,0.0,0.0,0.0,0.0,1.0,0.0,20.0,0.0,0.8,0.2,456.5,456.5,456.5,456.5,1.0,0.0,20.0,0.0,0.8,0.2,455.0,455.0,455.0,455.0,1.0,0.0,20.0,0.0,0.8,0.2
1974,2,314.0,17.0,23.7,23.8,24.0,23.83,6.0,0.14,26.0,0.2,0.4,0.5,22.1,22.3,23.47,22.75,6.0,0.95,26.0,0.2,0.4,0.5,11.52,11.97,11.98,11.76,3.0,0.38,26.0,0.0,0.5,0.5,63.4,71.9,72.5,68.1,3.0,7.5,26.0,0.0,0.5,8.8,9.0,9.89,9.33,3.0,0.85,26.0,0.0,0.5,0.5,-7.86,-7.79,-7.62,-7.74,3.0,0.18,26.0,0.0,0.5,0.5,-5.95,-4.5,-4.4,-5.16,3.0,1.27,26.0,0.0,0.5,0.5,1017.13,1017.4,1017.74,1017.43,3.0,0.45,26.0,0.0,0.5,0.5,5.0,6.0,8.0,6.3,6.0,1.4,26.0,0.2,0.4,0.5,-77.7,-70.1,-67.0,-72.3,3.0,8.1,26.0,0.0,0.5,0.5,-59.4,-40.5,-38.7,-48.8,3.0,16.8,26.0,0.0,0.5,0.5,0.53,1.5,1.6,1.08,6.0,0.83,26.0,0.2,0.4,0.5,0.8,13.5,13.8,7.4,3.0,10.9,26.0,0.0,0.5,0.5,6.25,6.32,6.94,6.59,3.0,0.55,26.0,0.0,0.5,0.5,55.0,56.9,68.9,61.8,3.0,11.0,26.0,0.0,0.5,0.5,-187.1,-173.8,-168.8,-177.9,3.0,13.9,26.0,0.0,0.5,0.5,-142.6,-100.3,-97.5,-119.6,3.0,37.0,26.0,0.0,0.5,0.5,-92.4,-90.3,-89.6,-90.9,3.0,2.1,26.0,0.0,0.5,0.5,-68.2,-53.9,-52.7,-60.3,3.0,12.7,26.0,0.0,0.5,0.5,-54.6,-49.3,-47.6,-51.1,3.0,5.3,26.0,0.0,0.5,0.5,-41.7,-28.5,-27.5,-34.4,3.0,11.6,26.0,0.0,0.5,0.5,681.0,729.0,977.5,826.5,3.0,233.0,26.0,0.0,0.5,0.5,680.0,730.0,975.0,825.0,3.0,235.0,26.0,0.0,0.5,0.5
1974,2,314.0,18.0,23.21,23.85,24.92,23.92,6.0,0.95,20.0,0.8,0.5,0.3,23.12,23.45,23.92,23.52,6.0,0.55,20.0,0.8,0.5,0.3,11.94,12.82,13.52,12.73,4.0,0.93,18.0,0.8,0.4,0.3,65.5,70.0,75.0,70.2,4.0,5.6,18.0,0.8,0.3,5.8,8.2,10.8,8.22,5.0,2.6,20.0,0.8,0.5,0.3,-9.64,-7.71,-5.56,-7.63,5.0,2.18,20.0,0.8,0.5,0.3,-4.32,-2.8,0.77,-1.96,5.0,3.0,20.0,0.8,0.5,0.3,1016.34,1017.6,1018.57,1017.5,5.0,1.3,20.0,0.8,0.5,0.3,3.8,5.0,6.2,5.0,6.0,1.5,20.0,0.8,0.5,0.3,-104.2,-63.2,-32.4,-67.2,5.0,37.5,20.0,0.8,0.5,0.3,-46.6,-23.0,4.8,-21.6,5.0,29.0,20.0,0.8,0.5,0.3,-0.76,0.6,1.24,0.4,6.0,1.07,20.0,0.8,0.5,0.3,-6.2,6.5,9.7,2.7,5.0,10.0,20.0,0.8,0.5,0.3,5.43,6.06,7.13,6.27,4.0,1.29,18.0,0.8,0.4,0.3,34.1,45.7,59.8,46.9,4.0,15.7,18.0,0.8,0.4,0.3,-226.3,-178.8,-133.5,-179.8,5.0,49.2,20.0,0.8,0.5,0.3,-101.2,-65.1,18.4,-45.6,5.0,70.6,20.0,0.8,0.5,0.3,-115.2,-84.2,-69.9,-92.2,4.0,32.6,18.0,0.8,0.4,0.3,-41.9,-16.4,14.9,-13.6,4.0,35.0,18.0,0.8,0.4,0.3,-56.2,-42.9,-33.0,-44.5,4.0,14.2,18.0,0.8,0.4,0.3,-20.5,-9.1,6.8,-6.9,4.0,16.5,18.0,0.8,0.4,0.3,199.5,551.5,1259.5,688.5,5.0,544.0,20.0,0.8,0.5,0.3,200.0,550.0,1260.0,690.0,5.0,545.0,20.0,0.8,0.5,0.3
1974,2,314.0,19.0,22.83,23.5,24.0,23.39,10.0,1.04,20.0,0.1,0.8,0.2,21.77,22.8,23.16,22.64,10.0,0.78,20.0,0.1,0.8,0.2,11.67,12.32,12.91,12.34,9.0,0.68,20.0,0.1,0.8,0.2,68.4,73.2,75.5,72.9,9.0,5.7,20.0,0.1,0.2,5.83,7.45,9.87,7.66,10.0,2.07,20.0,0.1,0.8,0.2,-9.28,-6.55,-4.77,-6.85,10.0,2.1,20.0,0.1,0.8,0.2,-4.69,-3.14,0.0,-2.48,10.0,2.48,20.0,0.1,0.8,0.2,1016.77,1018.5,1020.0,1018.22,10.0,1.79,20.0,0.1,0.8,0.2,3.0,5.5,8.0,5.2,10.0,2.6,20.0,0.1,0.8,0.2,-91.8,-47.1,-30.4,-56.0,10.0,30.8,20.0,0.1,0.8,0.2,-35.5,-24.4,0.0,-19.8,10.0,22.3,20.0,0.1,0.8,0.2,0.0,1.1,1.79,0.75,10.0,1.28,20.0,0.1,0.8,0.2,0.0,8.0,13.3,6.7,10.0,9.9,20.0,0.1,0.8,0.2,4.25,5.7,6.68,5.57,9.0,1.16,20.0,0.1,0.8,0.2,32.7,40.1,52.0,43.3,9.0,13.8,20.0,0.1,0.8,0.2,-203.4,-147.4,-109.1,-154.0,10.0,43.3,20.0,0.1,0.8,0.2,-110.2,-70.7,0.0,-56.4,10.0,55.7,20.0,0.1,0.8,0.2,-112.1,-87.8,-57.8,-86.1,9.0,29.5,20.0,0.1,0.8,0.2,-59.1,-40.2,-5.5,-33.5,9.0,30.6,20.0,0.1,0.8,0.2,-44.6,-36.5,-26.7,-37.9,9.0,13.1,20.0,0.1,0.8,0.2,-28.9,-20.0,-2.9,-17.0,9.0,13.5,20.0,0.1,0.8,0.2,198.5,426.0,969.0,538.5,10.0,384.0,20.0,0.1,0.8,0.2,200.0,425.0,970.0,540.0,10.0,385.0,20.0,0.1,0.8,0.2
1974,2,314.0,20.0,22.99,23.9,25.0,23.87,7.0,0.99,22.0,0.3,0.5,0.4,22.03,22.9,23.0,22.71,8.0,0.56,20.0,0.3,0.6,0.4,10.83,12.31,12.95,11.95,6.0,1.38,18.0,0.2,0.6,0.4,66.4,71.2,75.0,70.7,6.0,7.2,18.0,0.2,0.4,6.68,8.2,10.33,8.49,7.0,1.89,20.0,0.3,0.6,0.5,-8.58,-6.3,-3.6,-6.54,7.0,2.51,20.0,0.3,0.6,0.5,-6.4,-3.76,-1.89,-3.74,7.0,3.88,20.0,0.3,0.6,0.5,1015.26,1019.65,1021.2,1018.7,8.0,2.94,20.0,0.3,0.6,0.4,1.6,6.0,6.0,4.9,8.0,2.4,20.0,0.3,0.6,0.4,-84.6,-42.2,-35.6,-57.2,7.0,31.6,20.0,0.3,0.6,0.5,-50.5,-41.4,-11.4,-34.2,7.0,38.1,20.0,0.3,0.6,0.5,-0.03,1.1,2.01,1.06,7.0,1.09,22.0,0.3,0.5,0.4,5.4,10.9,18.6,11.2,6.0,7.8,22.0,0.3,0.6,0.5,5.73,6.95,7.52,6.69,5.0,0.96,20.0,0.2,0.6,0.4,43.2,50.0,75.2,57.4,5.0,17.7,20.0,0.2,0.6,0.4,-189.2,-143.5,-82.7,-147.4,7.0,56.7,20.0,0.3,0.6,0.5,-147.2,-86.5,-41.4,-85.2,7.0,88.7,20.0,0.3,0.6,0.5,-86.4,-72.1,-45.3,-69.7,6.0,23.4,18.0,0.2,0.6,0.4,-87.4,-38.1,-10.9,-43.0,6.0,52.6,18.0,0.2,0.6,0.4,-50.2,-36.6,-26.4,-38.9,5.0,15.2,20.0,0.2,0.6,0.4,-54.8,-36.3,-2.7,-30.4,5.0,33.9,20.0,0.2,0.6,0.4,298.0,551.5,1104.0,690.0,7.0,430.5,20.0,0.3,0.6,0.5,300.0,550.0,1105.0,690.0,7.0,430.0,20.0,0.3,0.6,0.5
1974,2,314.0,21.0,22.27,23.0,24.11,23.12,5.0,1.44,14.0,0.8,0.4,0.5,22.0,22.5,23.87,22.9,5.0,1.08,14.0,0.8,0.4,0.5,12.02,13.21,13.47,12.85,5.0,0.79,14.0,0.8,0.4,0.5,72.0,74.2,77.3,74.5,5.0,3.5,14.0,0.8,0.5,6.12,7.7,8.07,7.18,5.0,1.36,14.0,0.8,0.4,0.5,-7.02,-6.67,-4.83,-6.08,5.0,1.32,14.0,0.8,0.4,0.5,-2.75,0.0,2.25,-0.47,5.0,4.25,14.0,0.8,0.4,0.5,1017.43,1021.0,1021.74,1019.86,5.0,2.49,14.0,0.8,0.4,0.5,2.3,4.0,5.1,3.8,5.0,2.2,14.0,0.8,0.4,0.5,-53.9,-44.9,-33.5,-43.7,5.0,12.5,14.0,0.8,0.4,0.5,-23.9,0.0,17.4,-5.1,5.0,35.9,14.0,0.8,0.4,0.5,-0.6,1.0,1.04,0.22,5.0,1.54,14.0,0.8,0.4,0.5,-4.5,7.7,8.6,2.1,5.0,10.9,14.0,0.8,0.4,0.5,3.64,5.27,5.79,4.72,5.0,1.78,14.0,0.8,0.4,0.5,25.0,36.5,43.0,33.7,5.0,13.5,14.0,0.8,0.4,0.5,-162.3,-146.7,-114.3,-139.1,5.0,29.5,14.0,0.8,0.4,0.5,-60.5,0.0,50.0,-10.2,5.0,93.6,14.0,0.8,0.4,0.5,-95.2,-80.5,-61.7,-78.5,5.0,19.5,14.0,0.8,0.4,0.5,-32.8,0.0,28.3,-5.1,5.0,51.1,14.0,0.8,0.4,0.5,-35.4,-32.7,-19.2,-27.8,5.0,10.3,14.0,0.8,0.4,0.5,-15.0,0.0,11.4,-2.9,5.0,22.9,14.0,0.8,0.4,0.5,239.5,456.5,530.5,401.0,5.0,196.5,14.0,0.8,0.4,0.5,240.0,455.0,530.0,400.0,5.0,195.0,14.0,0.8,0.4,0.5
1974,2,314.0,22.0,22.51,23.0,23.77,23.33,8.0,1.2,12.0,0.6,0.4,0.4,22.5,22.8,22.97,22.8,9.0,0.44,14.0,0.7,0.5,0.5,11.04,12.56,13.33,12.24,9.0,1.24,14.0,0.7,0.5,0.5,64.0,72.0,78.3,71.6,9.0,7.5,14.0,0.7,0.5,5.8,8.2,9.3,7.88,9.0,2.22,14.0,0.7,0.5,0.5,-8.9,-8.08,-5.15,-7.47,9.0,2.24,14.0,0.7,0.5,0.5,-2.3,-0.63,0.0,-1.02,9.0,2.42,14.0,0.7,0.5,0.5,1020.12,1021.9,1023.2,1021.57,9.0,1.61,14.0,0.7,0.5,0.5,2.5,5.0,6.7,4.7,9.0,1.9,14.0,0.7,0.5,0.5,-81.4,-66.3,-32.4,-63.0,9.0,30.9,14.0,0.7,0.5,0.5,-14.5,-2.3,0.0,-8.0,9.0,21.6,14.0,0.7,0.5,0.5,-0.48,0.2,1.23,0.53,8.0,1.36,12.0,0.6,0.4,0.4,-4.4,0.3,12.9,4.0,8.0,11.6,12.0,0.6,0.4,0.4,3.83,5.32,8.04,5.67,8.0,1.85,12.0,0.6,0.4,0.4,23.5,37.8,66.5,45.0,8.0,24.2,12.0,0.6,0.4,0.4,-206.3,-181.7,-115.7,-170.3,9.0,51.3,14.0,0.7,0.5,0.5,-51.5,-14.3,0.0,-22.9,9.0,55.6,14.0,0.7,0.5,0.5,-104.5,-99.2,-69.8,-90.1,9.0,23.1,14.0,0.7,0.5,0.5,-30.4,-7.3,0.0,-13.4,9.0,32.2,14.0,0.7,0.5,0.5,-66.4,-36.6,-23.1,-44.2,8.0,24.7,12.0,0.6,0.4,0.4,-8.9,-2.0,0.0,-1.8,8.0,7.4,12.0,0.6,0.4,0.4,220.0,551.5,804.5,585.0,9.0,365.5,14.0,0.7,0.5,0.5,220.0,550.0,805.0,585.0,9.0,365.0,14.0,0.7,0.5,0.5
1974,2,314.0,23.0,22.0,22.8,24.1,22.95,12.0,1.26,14.0,0.6,0.6,0.4,21.52,22.15,22.5,22.14,12.0,0.98,14.0,0.6,0.6,0.4,12.05,12.72,13.81,13.08,10.0,1.79,10.0,0.7,0.6,0.4,73.4,77.4,86.5,79.2,10.0,7.5,10.0,0.7,0.4,5.59,8.0,9.71,7.51,11.0,2.61,14.0,0.5,0.5,0.5,-7.97,-7.24,-3.08,-6.17,11.0,2.71,14.0,0.5,0.5,0.5,-5.75,-1.61,1.99,-1.59,11.0,4.1,14.0,0.5,0.5,0.5,1019.52,1020.95,1026.0,1021.74,12.0,4.02,14.0,0.6,0.6,0.4,1.6,3.0,7.0,3.8,11.0,2.8,14.0,0.5,0.5,0.5,-81.3,-58.2,-19.5,-52.1,11.0,28.8,14.0,0.5,0.5,0.5,-45.4,-15.0,5.2,-14.8,11.0,36.3,14.0,0.5,0.5,0.5,-0.35,0.5,2.73,0.81,12.0,1.39,14.0,0.6,0.6,0.4,-1.8,2.4,13.9,5.2,11.0,11.4,14.0,0.5,0.5,0.5,3.43,4.38,5.32,4.37,10.0,0.98,10.0,0.7,0.6,0.4,17.7,33.4,48.8,33.7,9.0,15.5,12.0,0.7,0.6,0.4,-179.3,-158.4,-67.1,-134.9,11.0,58.9,14.0,0.5,0.5,0.5,-125.7,-33.9,44.3,-34.3,11.0,90.6,14.0,0.5,0.5,0.5,-101.6,-94.8,-33.2,-75.6,9.0,37.2,12.0,0.7,0.6,0.4,-61.7,-18.1,28.8,-10.2,9.0,50.6,12.0,0.7,0.6,0.4,-41.7,-28.0,-12.7,-27.8,9.0,15.4,12.0,0.7,0.6,0.4,-27.5,-5.4,8.9,-6.2,9.0,19.2,12.0,0.7,0.6,0.4,275.0,512.0,923.5,546.5,11.0,353.5,14.0,0.5,0.5,0.5,275.0,510.0,925.0,545.0,11.0,355.0,14.0,0.5,0.5,0.5
1974,2,314.0,24.0,21.8,22.2,22.75,22.25,21.0,0.47,10.0,0.5,0.5,0.5,20.59,21.3,23.76,21.84,21.0,1.49,10.0,0.5,0.5,0.5,10.95,11.83,12.92,11.94,16.0,1.3,10.0,0.4,0.5,0.5,66.8,72.9,81.0,73.7,16.0,7.8,10.0,0.4,0.5,3.09,6.0,8.19,5.8,19.0,2.97,10.0,0.5,0.5,0.5,-7.73,-5.0,-2.6,-5.12,19.0,2.77,10.0,0.5,0.5,0.5,-1.48,0.0,2.74,0.19,19.0,2.98,10.0,0.5,0.5,0.5,1019.74,1021.0,1023.57,1021.51,19.0,2.18,10.0,0.5,0.5,0.5,2.0,3.0,6.0,4.0,21.0,1.9,10.0,0.5,0.5,0.5,-59.8,-33.3,-7.8,-36.9,19.0,35.7,10.0,0.5,0.5,0.5,-8.4,0.0,13.3,0.3,19.0,26.0,10.0,0.5,0.5,0.5,-1.18,0.6,1.83,0.41,21.0,1.54,10.0,0.5,0.5,0.5,-7.7,3.0,6.4,2.5,19.0,10.1,10.0,0.5,0.5,0.5,3.52,4.57,5.78,4.65,16.0,1.14,10.0,0.4,0.5,0.5,13.9,19.0,37.2,25.4,16.0,16.6,10.0,0.4,0.5,0.5,-167.1,-106.4,-59.4,-111.9,19.0,64.4,10.0,0.5,0.5,0.5,-34.9,0.0,58.6,4.6,19.0,62.9,10.0,0.5,0.5,0.5,-96.1,-61.0,-26.6,-60.7,16.0,35.1,10.0,0.4,0.5,0.5,-16.0,2.0,39.3,9.1,16.0,26.5,10.0,0.4,0.5,0.5,-33.8,-17.6,-12.9,-23.1,16.0,16.0,10.0,0.4,0.5,0.5,-5.6,1.1,10.9,4.1,16.0,11.0,10.0,0.4,0.5,0.5,29.5,216.0,554.0,350.0,19.0,463.0,10.0,0.5,0.5,0.5,30.0,215.0,555.0,350.0,19.0,465.0,10.0,0.5,0.5,0.5
1974,2,314.0,25.0,21.6,22.0,22.43,21.91,18.0,0.75,16.0,0.6,0.6,0.4,20.6,21.35,22.6,21.41,20.0,1.12,14.0,0.6,0.6,0.5,9.46,11.55,13.11,11.37,18.0,1.58,14.0,0.6,0.6,0.4,65.7,74.2,79.1,72.8,18.0,10.2,14.0,0.6,0.4,3.02,4.6,6.58,4.77,21.0,2.34,16.0,0.5,0.6,0.5,-5.57,-3.14,-1.06,-3.1,21.0,2.46,16.0,0.5,0.6,0.5,-2.87,1.05,3.23,0.15,21.0,3.64,16.0,0.5,0.6,0.5,1020.31,1022.25,1023.9,1022.03,20.0,2.46,16.0,0.6,0.6,0.5,1.2,5.0,8.0,4.4,21.0,2.9,16.0,0.5,0.6,0.5,-33.8,-12.9,-2.2,-19.0,21.0,22.5,16.0,0.5,0.6,0.5,-11.9,4.8,16.6,-1.7,21.0,27.3,16.0,0.5,0.6,0.5,-0.89,0.4,1.81,0.37,17.0,1.26,14.0,0.6,0.6,0.4,-4.6,1.4,6.9,0.5,17.0,7.2,14.0,0.6,0.6,0.4,3.04,4.41,6.63,4.69,16.0,1.69,14.0,0.6,0.5,0.4,12.9,16.1,31.2,21.6,16.0,11.3,14.0,0.6,0.5,0.4,-121.2,-71.7,-23.3,-68.8,20.0,53.9,14.0,0.6,0.6,0.5,-60.5,28.0,64.1,8.5,20.0,76.3,14.0,0.6,0.6,0.5,-61.7,-40.8,-12.3,-36.7,18.0,28.6,14.0,0.6,0.6,0.4,-33.9,10.4,39.2,0.9,18.0,40.0,14.0,0.6,0.6,0.4,-28.9,-11.5,-5.3,-15.9,16.0,12.5,14.0,0.6,0.5,0.4,-13.7,6.8,11.6,1.4,16.0,14.1,14.0,0.6,0.5,0.4,27.5,97.5,286.0,194.5,21.0,317.5,16.0,0.5,0.6,0.5,25.0,95.0,285.0,195.0,21.0,320.0,16.0,0.5,0.6,0.5
1974,2,314.0,26.0,21.37,21.75,23.08,22.13,12.0,1.13,16.0,0.6,0.8,0.6,19.46,21.1,21.89,20.87,14.0,1.23,16.0,0.6,0.7,0.5,8.75,11.38,13.45,10.99,10.0,2.35,14.0,0.7,0.8,0.6,61.9,70.6,86.0,71.1,11.0,12.6,16.0,0.7,0.6,2.55,4.6,6.8,4.92,13.0,2.62,16.0,0.5,0.7,0.6,-4.59,-2.44,0.07,-2.45,13.0,2.89,16.0,0.5,0.7,0.6,-3.15,0.0,5.71,0.53,13.0,4.24,16.0,0.5,0.7,0.6,1020.87,1022.7,1026.15,1023.07,13.0,3.18,14.0,0.5,0.7,0.5,2.1,4.5,6.9,4.5,14.0,2.3,16.0,0.6,0.7,0.5,-29.8,-6.4,0.3,-17.1,13.0,27.2,16.0,0.5,0.7,0.6,-18.3,0.0,33.1,5.6,13.0,32.4,16.0,0.5,0.7,0.6,-0.68,0.7,2.98,1.05,12.0,1.62,16.0,0.6,0.8,0.6,-2.2,3.3,8.8,3.4,12.0,7.4,16.0,0.6,0.8,0.6,2.86,5.57,8.15,5.52,9.0,2.48,16.0,0.7,0.8,0.6,15.2,25.9,36.9,27.1,9.0,13.2,16.0,0.7,0.8,0.6,-99.9,-55.2,1.4,-52.3,13.0,63.2,16.0,0.5,0.7,0.6,-63.8,0.0,119.0,12.8,13.0,89.8,16.0,0.5,0.7,0.6,-51.1,-29.7,0.0,-35.6,9.0,37.2,16.0,0.7,0.8,0.6,-34.2,0.0,70.8,14.1,9.0,50.6,16.0,0.7,0.8,0.6,-32.5,-10.7,0.0,-15.2,9.0,16.1,16.0,0.7,0.8,0.6,-22.4,0.0,16.1,-0.6,9.0,21.8,16.0,0.7,0.8,0.6,17.0,97.5,315.5,229.5,13.0,388.0,16.0,0.5,0.7,0.6,15.0,95.0,315.0,230.0,13.0,390.0,16.0,0.5,0.7,0.6
1974,2,314.0,27.0,21.0,21.5,22.91,21.73,21.0,1.1,14.0,0.7,0.5,0.5,20.0,21.2,22.66,21.19,21.0,1.13,14.0,0.7,0.5,0.5,9.33,11.17,12.92,11.33,17.0,1.94,14.0,0.6,0.4,0.5,66.4,73.1,83.6,74.0,17.0,9.4,14.0,0.6,0.5,4.1,6.7,9.04,6.63,19.0,2.2,14.0,0.7,0.5,0.5,-5.13,-2.96,-1.56,-3.2,19.0,3.15,14.0,0.7,0.5,0.5,-4.55,1.74,6.59,0.81,19.0,5.46,14.0,0.7,0.5,0.5,1021.47,1023.0,1024.37,1022.89,21.0,1.99,14.0,0.7,0.5,0.5,2.0,5.0,6.8,4.3,21.0,2.5,14.0,0.7,0.5,0.5,-33.8,-16.2,-12.8,-23.3,19.0,27.7,14.0,0.7,0.5,0.5,-38.1,6.4,46.8,4.3,19.0,44.4,14.0,0.7,0.5,0.5,-1.61,0.8,2.0,0.54,21.0,1.75,14.0,0.7,0.5,0.5,-8.8,4.5,16.1,4.2,19.0,13.4,14.0,0.7,0.5,0.5,2.94,4.95,7.25,4.88,17.0,2.27,14.0,0.6,0.4,0.5,16.1,29.0,60.7,32.1,15.0,20.4,14.0,0.6,0.5,0.5,-115.9,-60.4,-34.1,-68.2,19.0,64.9,14.0,0.7,0.5,0.5,-89.2,40.1,142.7,21.5,19.0,115.8,14.0,0.7,0.5,0.5,-86.0,-43.0,-24.3,-45.5,15.0,38.0,14.0,0.6,0.5,0.5,-58.5,-15.7,61.6,-2.4,15.0,55.1,14.0,0.6,0.5,0.5,-27.7,-18.5,-6.9,-15.6,15.0,20.4,14.0,0.6,0.5,0.5,-30.8,-7.2,10.6,-12.2,15.0,26.2,14.0,0.6,0.5,0.5,69.0,301.0,740.0,381.5,19.0,314.0,14.0,0.7,0.5,0.5,70.0,300.0,740.0,380.0,19.0,315.0,14.0,0.7,0.5,0.5
1974,2,314.0,28.0,19.88,21.3,22.24,21.23,18.0,1.33,12.0,0.2,0.5,0.5,19.96,21.0,22.14,21.0,19.0,1.44,14.0,0.3,0.5,0.5,9.63,11.68,12.44,11.0,15.0,1.86,12.0,0.2,0.5,0.6,65.3,73.1,81.3,72.3,15.0,11.4,12.0,0.2,0.6,3.73,5.1,8.44,6.01,18.0,2.8,14.0,0.3,0.5,0.5,-4.43,-2.27,0.72,-1.69,18.0,3.04,14.0,0.3,0.5,0.5,-1.94,3.5,7.73,3.4,18.0,4.64,14.0,0.3,0.5,0.5,1020.54,1022.0,1023.51,1021.95,19.0,1.79,14.0,0.3,0.5,0.5,2.0,5.0,7.0,4.5,19.0,2.3,14.0,0.3,0.5,0.5,-31.2,-10.8,3.9,-11.2,18.0,24.6,14.0,0.3,0.5,0.5,-5.0,17.1,63.3,30.6,18.0,44.2,14.0,0.3,0.5,0.5,-1.3,0.75,2.13,0.34,18.0,2.07,12.0,0.2,0.5,0.5,-6.4,3.9,14.3,3.2,17.0,17.0,14.0,0.2,0.5,0.5,3.01,4.25,6.43,4.48,15.0,2.04,12.0,0.2,0.5,0.6,12.3,18.5,39.1,23.4,14.0,11.9,14.0,0.2,0.5,0.6,-94.1,-49.3,14.5,-34.1,18.0,65.1,14.0,0.3,0.5,0.5,-41.7,71.5,162.4,71.0,18.0,98.8,14.0,0.3,0.5,0.5,-36.6,-18.6,16.2,-11.9,14.0,36.2,14.0,0.2,0.5,0.6,-17.7,35.4,89.7,35.4,14.0,51.9,14.0,0.2,0.5,0.6,-13.5,-7.1,4.1,-6.4,14.0,11.0,14.0,0.2,0.5,0.6,-8.6,14.2,37.9,13.1,14.0,19.6,14.0,0.2,0.5,0.6,53.5,132.5,605.0,367.0,18.0,525.5,14.0,0.3,0.5,0.5,55.0,135.0,605.0,365.0,18.0,525.0,14.0,0.3,0.5,0.5
1974,2,314.0,29.0,20.0,21.2,22.0,20.95,17.0,1.45,12.0,0.4,0.5,0.4,19.21,20.65,22.3,20.72,18.0,1.74,12.0,0.4,0.5,0.4,10.32,12.1,12.69,11.84,14.0,1.85,12.0,0.4,0.6,0.4,75.0,80.3,83.7,79.2,15.0,9.1,12.0,0.4,0.4,4.05,6.2,7.84,5.75,17.0,2.76,12.0,0.4,0.5,0.4,-5.62,-1.34,0.92,-2.17,17.0,3.41,12.0,0.4,0.5,0.4,0.0,3.46,7.32,3.37,17.0,3.75,12.0,0.4,0.5,0.4,1019.63,1021.5,1025.45,1023.12,17.0,4.85,12.0,0.4,0.5,0.4,2.0,4.0,5.5,4.1,17.0,2.1,12.0,0.4,0.5,0.4,-43.7,-9.0,3.7,-14.9,17.0,25.3,12.0,0.4,0.5,0.4,0.0,16.8,54.4,24.8,17.0,31.6,12.0,0.4,0.5,0.4,-1.51,0.7,1.84,0.48,17.0,2.08,12.0,0.4,0.5,0.4,-9.5,0.0,9.1,-1.1,16.0,10.7,12.0,0.4,0.5,0.4,1.48,3.63,5.3,3.47,14.0,2.0,12.0,0.4,0.6,0.4,1.4,15.6,33.7,18.0,14.0,13.7,12.0,0.4,0.6,0.4,-115.4,-31.3,19.4,-44.5,17.0,70.1,12.0,0.4,0.5,0.4,0.0,75.4,163.5,72.4,17.0,82.2,12.0,0.4,0.5,0.4,-62.0,-18.9,0.0,-25.5,14.0,36.7,12.0,0.4,0.6,0.4,0.0,46.8,89.9,43.5,14.0,47.2,12.0,0.4,0.6,0.4,-24.2,-5.7,0.0,-7.1,14.0,14.1,12.0,0.4,0.6,0.4,0.0,8.0,20.4,7.2,14.0,15.1,12.0,0.4,0.6,0.4,66.5,238.5,482.0,301.0,17.0,292.5,12.0,0.4,0.5,0.4,65.0,240.0,480.0,300.0,17.0,290.0,12.0,0.4,0.5,0.4
1974,2,314.0,30.0,19.9,20.3,21.0,20.32,24.0,1.08,14.0,0.4,0.5,0.4,18.96,19.9,21.06,19.98,25.0,1.24,14.0,0.4,0.5,0.4,9.03,11.38,12.91,10.85,14.0,2.03,14.0,0.4,0.5,0.5,63.6,75.8,88.2,76.2,14.0,12.9,14.0,0.4,0.5,3.75,5.85,8.2,6.01,24.0,2.23,14.0,0.5,0.5,0.4,-4.6,-1.65,3.92,-1.05,24.0,4.59,14.0,0.5,0.5,0.4,-4.21,2.02,4.55,0.58,24.0,4.49,14.0,0.5,0.5,0.4,1021.4,1023.6,1028.0,1024.38,25.0,2.89,14.0,0.4,0.5,0.4,1.0,4.5,7.0,4.1,24.0,2.9,14.0,0.5,0.5,0.4,-25.1,-6.8,19.1,-6.6,24.0,39.8,14.0,0.5,0.5,0.4,-28.6,7.9,23.5,2.3,24.0,32.3,14.0,0.5,0.5,0.4,-0.71,0.35,1.87,0.3,24.0,1.59,14.0,0.4,0.5,0.4,-6.7,3.1,10.2,1.7,23.0,10.8,14.0,0.4,0.5,0.4,2.42,3.79,5.64,4.11,14.0,1.99,14.0,0.4,0.5,0.5,11.8,15.7,35.5,23.8,13.0,15.7,14.0,0.4,0.5,0.5,-99.4,-33.8,75.2,-20.4,24.0,92.6,14.0,0.5,0.5,0.4,-82.3,37.2,91.8,13.9,24.0,89.0,14.0,0.5,0.5,0.4,-49.4,-30.2,0.8,-28.8,13.0,35.8,14.0,0.4,0.5,0.5,-48.2,24.8,54.1,9.0,13.0,53.1,14.0,0.4,0.5,0.5,-18.0,-7.6,0.9,-8.6,13.0,18.7,14.0,0.4,0.5,0.5,-20.4,8.8,11.5,-2.9,13.0,20.6,14.0,0.4,0.5,0.5,55.0,200.5,551.5,310.0,24.0,355.0,14.0,0.5,0.5,0.4,55.0,200.0,550.0,310.0,24.0,355.0,14.0,0.5,0.5,0.4
1974,2,314.0,31.0,18.99,20.8,21.73,20.36,9.0,1.4,12.0,0.9,0.6,0.5,18.06,20.2,20.97,19.62,11.0,1.42,14.0,0.8,0.6,0.6,8.55,10.54,12.44,10.7,5.0,2.6,18.0,1.0,0.7,0.6,67.0,82.6,90.0,80.0,5.0,14.0,18.0,1.0,0.6,5.7,9.0,10.63,8.35,11.0,3.67,14.0,0.8,0.6,0.6,-1.79,2.85,7.4,2.1,11.0,5.14,14.0,0.8,0.6,0.6,2.23,4.5,10.55,4.84,11.0,5.75,14.0,0.8,0.6,0.6,1018.17,1022.5,1024.08,1021.67,11.0,3.49,14.0,0.8,0.6,0.6,2.6,4.0,7.4,4.6,11.0,2.5,14.0,0.8,0.6,0.6,-16.0,16.2,67.9,10.8,11.0,57.2,14.0,0.8,0.6,0.6,10.7,28.1,113.0,53.1,11.0,75.1,14.0,0.8,0.6,0.6,-0.37,0.5,1.31,0.39,9.0,1.77,12.0,0.9,0.6,0.5,-2.1,3.9,12.4,2.7,9.0,13.8,12.0,0.9,0.6,0.5,1.43,4.21,5.1,3.31,4.0,2.62,14.0,1.0,0.6,0.5,13.0,31.3,35.3,24.5,4.0,18.3,14.0,1.0,0.6,0.5,-35.2,58.4,142.2,40.4,11.0,103.7,14.0,0.8,0.6,0.6,40.2,93.6,218.9,99.3,11.0,116.5,14.0,0.8,0.6,0.6,-12.2,42.4,62.0,29.4,5.0,40.0,18.0,1.0,0.7,0.6,-15.9,31.5,66.8,23.1,5.0,54.5,18.0,1.0,0.7,0.6,-4.1,11.8,25.5,10.8,4.0,17.1,14.0,1.0,0.6,0.5,-20.6,6.4,18.1,-0.9,4.0,26.2,14.0,1.0,0.6,0.5,185.0,729.0,1231.0,906.0,11.0,1156.0,14.0,0.8,0.6,0.6,185.0,730.0,1230.0,905.0,11.0,1155.0,14.0,0.8,0.6,0.6
1974,2,314.0,32.0,18.45,19.5,20.0,19.41,17.0,0.92,16.0,0.5,0.6,0.4,18.0,18.3,20.41,19.06,15.0,1.39,16.0,0.5,0.5,0.5,9.71,11.21,12.67,11.13,10.0,1.68,18.0,0.3,0.5,0.4,74.2,85.1,91.5,83.3,10.0,10.7,18.0,0.3,0.4,4.87,7.7,9.76,7.26,17.0,2.85,16.0,0.5,0.6,0.4,-1.12,1.96,7.43,2.61,17.0,4.27,16.0,0.5,0.6,0.4,-5.1,4.5,6.1,1.0,17.0,6.14,16.0,0.5,0.6,0.4,1017.31,1021.9,1025.01,1021.62,17.0,3.79,16.0,0.5,0.6,0.4,1.0,3.0,5.9,3.2,17.0,2.5,16.0,0.5,0.6,0.4,-5.3,16.2,68.0,24.1,17.0,37.2,16.0,0.5,0.6,0.4,-40.9,25.6,52.4,5.4,17.0,56.6,16.0,0.5,0.6,0.4,-0.18,0.4,1.38,0.37,15.0,1.51,16.0,0.5,0.5,0.5,-1.8,2.2,8.4,4.1,15.0,8.9,16.0,0.5,0.5,0.5,1.59,2.86,4.2,2.92,10.0,1.34,18.0,0.3,0.5,0.4,15.1,21.9,37.0,24.7,10.0,11.9,18.0,0.3,0.5,0.4,-22.8,30.4,131.0,42.6,15.0,81.6,16.0,0.5,0.5,0.5,-117.9,91.4,120.5,32.0,15.0,119.0,16.0,0.5,0.5,0.5,-28.5,15.2,61.7,18.4,10.0,49.5,18.0,0.3,0.5,0.4,-81.8,57.6,80.1,19.7,10.0,86.1,18.0,0.3,0.5,0.4,-10.8,1.6,16.3,4.0,10.0,14.8,18.0,0.3,0.5,0.4,-27.2,10.7,19.9,1.7,10.0,24.0,18.0,0.3,0.5,0.4,116.5,456.5,937.0,534.5,17.0,427.5,16.0,0.5,0.6,0.4,115.0,455.0,935.0,535.0,17.0,430.0,16.0,0.5,0.6,0.4
1974,2,314.0,33.0,18.76,19.4,20.0,19.42,17.0,0.79,14.0,0.4,0.6,0.4,17.88,18.45,19.95,18.71,18.0,1.3,14.0,0.3,0.5,0.4,9.02,11.13,12.55,10.69,16.0,1.72,16.0,0.3,0.5,0.4,69.3,81.1,90.1,80.1,16.0,11.0,16.0,0.3,0.4,6.7,9.3,12.2,9.49,19.0,3.65,14.0,0.4,0.6,0.4,-4.69,4.1,10.49,3.22,19.0,7.6,14.0,0.4,0.6,0.4,-2.0,5.27,7.3,3.29,19.0,5.33,14.0,0.4,0.6,0.4,1015.26,1020.0,1027.72,1021.06,19.0,5.64,14.0,0.4,0.6,0.4,1.0,4.0,8.0,4.3,19.0,2.7,14.0,0.4,0.6,0.4,-38.8,33.6,138.2,44.7,19.0,105.3,14.0,0.4,0.6,0.4,-17.0,43.2,105.4,37.5,19.0,59.4,14.0,0.4,0.6,0.4,-0.8,1.15,2.26,0.91,16.0,1.43,16.0,0.3,0.5,0.4,-10.0,6.6,23.4,6.5,16.0,18.3,16.0,0.3,0.5,0.4,1.87,3.37,5.16,3.55,14.0,1.65,16.0,0.3,0.5,0.4,16.5,27.0,44.4,31.5,14.0,14.3,16.0,0.3,0.5,0.4,-86.7,74.1,203.2,64.2,18.0,148.2,14.0,0.3,0.5,0.4,-38.0,105.1,148.1,63.9,18.0,102.6,14.0,0.3,0.5,0.4,-58.7,33.9,97.3,28.0,16.0,89.7,16.0,0.3,0.5,0.4,-25.8,65.6,90.1,42.4,16.0,62.3,16.0,0.3,0.5,0.4,-15.0,11.2,25.3,4.6,14.0,26.2,16.0,0.3,0.5,0.4,-13.2,11.6,26.8,8.4,14.0,22.0,16.0,0.3,0.5,0.4,301.0,804.5,1825.0,1258.0,19.0,1681.5,14.0,0.4,0.6,0.4,300.0,805.0,1825.0,1260.0,19.0,1680.0,14.0,0.4,0.6,0.4
1974,2,314.0,34.0,18.0,19.0,20.46,19.13,17.0,1.22,14.0,0.6,0.5,0.4,17.0,18.85,20.0,18.43,20.0,1.82,16.0,0.6,0.5,0.4,7.09,9.9,11.86,9.69,11.0,2.83,16.0,0.9,0.5,0.4,58.7,78.7,86.1,74.4,12.0,18.4,14.0,0.8,0.4,4.12,7.95,12.89,8.53,20.0,3.9,16.0,0.6,0.5,0.4,0.01,4.85,7.58,4.14,20.0,5.01,16.0,0.6,0.5,0.4,-8.45,0.0,5.95,-0.39,20.0,6.96,16.0,0.6,0.5,0.4,1007.18,1018.35,1021.41,1016.33,18.0,8.0,16.0,0.7,0.5,0.4,2.7,6.0,8.0,5.2,19.0,2.5,16.0,0.6,0.5,0.4,0.0,26.8,89.5,42.6,20.0,61.2,16.0,0.6,0.5,0.4,-82.5,0.0,55.5,-5.9,20.0,85.0,16.0,0.6,0.5,0.4,-1.64,0.0,3.46,0.59,17.0,2.28,14.0,0.6,0.5,0.4,-13.0,0.0,26.7,5.5,17.0,23.3,14.0,0.6,0.5,0.4,1.1,4.75,6.45,3.86,9.0,3.55,14.0,1.0,0.4,0.4,5.6,19.5,90.6,34.9,9.0,46.7,14.0,1.0,0.4,0.4,0.1,93.9,151.5,77.7,20.0,90.3,16.0,0.6,0.5,0.4,-148.7,0.0,112.4,-0.1,20.0,126.5,16.0,0.6,0.5,0.4,2.7,44.7,80.0,46.9,11.0,59.0,16.0,0.9,0.5,0.4,-65.8,0.0,55.9,4.8,11.0,61.7,16.0,0.9,0.5,0.4,-11.3,13.9,37.2,13.7,9.0,28.8,14.0,1.0,0.4,0.4,-58.1,0.0,9.9,-6.3,9.0,49.7,14.0,1.0,0.4,0.4,70.0,504.0,2140.5,998.5,20.0,1078.5,16.0,0.6,0.5,0.4,70.0,505.0,2140.0,1000.0,20.0,1080.0,16.0,0.6,0.5,0.4
1974,2,314.0,35.0,17.08,18.0,19.0,18.08,16.0,0.96,18.0,0.5,0.7,0.4,16.81,17.6,19.0,17.54,18.0,1.36,16.0,0.4,0.7,0.4,7.54,9.91,11.73,9.85,16.0,2.14,16.0,0.5,0.7,0.4,64.5,79.8,89.8,78.9,16.0,12.2,16.0,0.5,0.4,4.87,7.7,13.13,8.62,17.0,3.68,16.0,0.5,0.7,0.4,-3.12,1.16,6.88,2.33,17.0,5.17,16.0,0.5,0.7,0.4,-3.46,2.85,11.49,3.59,17.0,6.81,16.0,0.5,0.7,0.4,1016.49,1022.3,1025.05,1020.82,18.0,5.3,16.0,0.4,0.7,0.4,2.0,6.0,8.0,5.2,18.0,2.7,16.0,0.4,0.7,0.4,-22.7,6.5,66.2,25.3,17.0,56.4,16.0,0.5,0.7,0.4,-19.7,24.2,141.8,46.6,17.0,81.2,16.0,0.5,0.7,0.4,-0.26,0.15,1.81,0.66,16.0,1.28,18.0,0.5,0.7,0.4,-2.3,2.2,20.1,6.1,15.0,10.8,16.0,0.5,0.7,0.4,1.08,2.71,5.01,3.1,15.0,1.79,18.0,0.5,0.7,0.4,9.2,26.8,43.3,28.5,14.0,20.1,16.0,0.6,0.7,0.4,-50.3,17.1,128.1,44.2,17.0,92.7,16.0,0.5,0.7,0.4,-63.4,50.4,201.1,67.3,17.0,120.1,16.0,0.5,0.7,0.4,-15.4,21.2,76.4,34.0,15.0,54.8,16.0,0.5,0.7,0.4,-36.5,30.8,108.0,41.0,15.0,72.6,16.0,0.5,0.7,0.4,-11.2,4.6,16.0,5.7,14.0,17.5,16.0,0.6,0.7,0.4,-11.9,5.0,32.5,8.0,14.0,29.5,16.0,0.6,0.7,0.4,116.5,456.5,2266.0,985.5,17.0,1056.0,16.0,0.5,0.7,0.4,115.0,455.0,2265.0,985.0,17.0,1055.0,16.0,0.5,0.7,0.4
1974,2,314.0,36.0,16.55,17.8,18.71,17.76,23.0,1.15,14.0,0.5,0.7,0.4,15.0,16.8,18.45,16.63,23.0,1.78,14.0,0.5,0.7,0.4,6.44,9.54,11.31,8.9,22.0,2.34,14.0,0.5,0.7,0.4,58.5,78.4,88.5,75.2,22.0,16.0,14.0,0.5,0.4,6.7,9.3,13.66,10.25,23.0,4.45,14.0,0.5,0.7,0.4,-0.82,3.69,8.61,4.2,23.0,6.44,14.0,0.5,0.7,0.4,-6.47,5.15,11.15,2.69,23.0,7.88,14.0,0.5,0.7,0.4,1013.28,1020.4,1029.71,1020.83,23.0,7.39,14.0,0.5,0.7,0.4,2.0,6.0,7.8,5.0,21.0,2.5,14.0,0.6,0.7,0.4,-7.6,39.9,99.6,61.4,23.0,108.2,14.0,0.5,0.7,0.4,-79.4,38.9,133.4,32.8,23.0,105.1,14.0,0.5,0.7,0.4,-0.75,0.9,2.76,1.13,23.0,2.0,14.0,0.5,0.7,0.4,-7.9,6.0,35.3,12.5,23.0,24.2,14.0,0.5,0.7,0.4,1.8,3.17,6.16,3.57,22.0,1.89,14.0,0.5,0.7,0.4,11.5,33.6,47.0,32.1,22.0,17.4,14.0,0.5,0.7,0.4,-13.8,71.7,144.6,71.6,23.0,104.0,14.0,0.5,0.7,0.4,-102.1,94.8,206.3,54.1,23.0,131.8,14.0,0.5,0.7,0.4,-10.3,38.7,75.2,36.4,22.0,51.3,14.0,0.5,0.7,0.4,-44.7,54.8,120.1,37.3,22.0,77.6,14.0,0.5,0.7,0.4,-2.6,6.8,35.2,10.5,22.0,25.8,14.0,0.5,0.7,0.4,-29.6,9.2,23.3,2.3,22.0,24.4,14.0,0.5,0.7,0.4,301.0,804.5,2573.5,1721.0,23.0,2262.0,14.0,0.5,0.7,0.4,300.0,805.0,2575.0,1720.0,23.0,2260.0,14.0,0.5,0.7,0.4
1974,2,314.0,37.0,16.34,17.45,18.27,17.18,10.0,1.41,14.0,0.6,0.6,0.3,14.75,16.25,18.05,16.0,12.0,2.4,14.0,0.6,0.7,0.3,6.73,8.6,11.41,8.79,10.0,2.55,14.0,0.6,0.6,0.3,61.0,76.0,90.2,76.5,10.0,14.8,14.0,0.6,0.3,4.59,10.3,15.4,9.98,12.0,4.95,14.0,0.6,0.7,0.3,-5.5,4.5,11.93,3.83,12.0,8.23,14.0,0.6,0.7,0.3,-3.18,1.55,9.68,2.7,12.0,6.43,14.0,0.6,0.7,0.3,1011.17,1016.6,1024.24,1016.65,12.0,6.65,14.0,0.6,0.7,0.3,3.7,7.0,8.0,6.2,12.0,2.2,14.0,0.6,0.7,0.3,-32.5,39.1,157.1,62.5,12.0,110.4,14.0,0.6,0.7,0.3,-41.7,4.8,131.8,37.4,12.0,92.2,14.0,0.6,0.7,0.3,-1.67,1.05,3.67,1.18,10.0,2.93,14.0,0.6,0.6,0.3,-15.0,5.4,49.2,17.0,10.0,35.5,14.0,0.6,0.6,0.3,1.21,2.5,6.3,3.4,10.0,2.56,14.0,0.6,0.6,0.3,7.1,20.6,81.5,35.7,10.0,34.7,14.0,0.6,0.6,0.3,-84.8,66.4,182.1,56.9,12.0,125.7,14.0,0.6,0.7,0.3,-47.0,27.7,156.7,51.2,12.0,108.1,14.0,0.6,0.7,0.3,-28.4,58.5,103.6,44.4,10.0,71.1,14.0,0.6,0.6,0.3,-24.7,0.0,109.6,31.5,10.0,72.3,14.0,0.6,0.6,0.3,-8.6,9.7,78.1,25.3,10.0,39.2,14.0,0.6,0.6,0.3,-12.8,-1.1,12.6,-3.1,10.0,18.8,14.0,0.6,0.6,0.3,106.5,1123.5,3652.5,1665.0,12.0,1828.0,14.0,0.6,0.7,0.3,105.0,1125.0,3650.0,1665.0,12.0,1830.0,14.0,0.6,0.7,0.3
1974,2,314.0,38.0,16.61,17.0,17.25,17.14,17.0,1.3,14.0,0.4,0.5,0.4,11.0,15.5,18.5,15.36,20.0,3.66,14.0,0.5,0.5,0.4,5.69,8.6,11.51,8.49,19.0,2.54,14.0,0.4,0.5,0.4,64.7,82.0,87.6,77.6,19.0,10.8,14.0,0.4,0.4,5.12,11.3,16.48,11.39,20.0,5.35,14.0,0.5,0.5,0.4,1.34,9.52,14.93,8.7,20.0,6.58,14.0,0.5,0.5,0.4,-6.27,-1.13,6.67,-0.62,20.0,6.46,14.0,0.5,0.5,0.4,1007.0,1014.35,1023.96,1014.55,20.0,8.18,14.0,0.5,0.5,0.4,3.0,6.0,7.0,5.2,20.0,1.7,14.0,0.5,0.5,0.4,3.9,93.7,271.5,130.0,20.0,116.9,14.0,0.5,0.5,0.4,-81.1,-2.9,44.7,-10.3,20.0,89.7,14.0,0.5,0.5,0.4,-1.05,2.0,5.79,2.35,17.0,2.85,14.0,0.4,0.5,0.4,-5.2,18.0,86.9,32.9,17.0,39.3,14.0,0.4,0.5,0.4,2.1,3.6,5.75,3.74,17.0,2.02,14.0,0.4,0.5,0.4,9.4,40.5,88.5,46.7,17.0,36.8,14.0,0.4,0.5,0.4,24.1,130.4,250.2,123.9,20.0,102.7,14.0,0.5,0.5,0.4,-75.7,-20.8,133.4,8.9,20.0,105.0,14.0,0.5,0.5,0.4,10.9,68.3,104.4,63.1,19.0,54.5,14.0,0.4,0.5,0.4,-45.5,-19.4,59.5,0.5,19.0,52.8,14.0,0.4,0.5,0.4,3.9,37.1,80.0,40.5,17.0,35.7,14.0,0.4,0.5,0.4,-39.4,-7.6,5.3,-14.1,17.0,20.8,14.0,0.4,0.5,0.4,135.0,1477.0,4479.5,2368.0,20.0,2235.5,14.0,0.5,0.5,0.4,135.0,1475.0,4480.0,2370.0,20.0,2235.0,14.0,0.5,0.5,0.4
1974,2,314.0,39.0,15.0,16.65,18.14,16.6,10.0,1.72,16.0,0.7,0.7,0.5,9.67,14.65,18.34,14.13,10.0,4.16,16.0,0.7,0.7,0.5,5.02,8.65,11.61,8.28,9.0,3.04,18.0,0.8,0.7,0.6,63.0,71.5,92.3,76.4,9.0,14.4,18.0,0.8,0.6,8.96,15.4,19.91,14.71,10.0,5.72,16.0,0.7,0.7,0.5,-1.53,6.2,18.71,8.23,10.0,9.74,16.0,0.7,0.7,0.5,-6.51,6.24,12.95,3.41,10.0,9.49,16.0,0.7,0.7,0.5,1005.1,1016.2,1025.0,1014.59,10.0,10.62,16.0,0.7,0.7,0.5,5.4,7.0,8.0,6.4,10.0,2.2,16.0,0.7,0.7,0.5,-12.8,73.7,373.3,164.0,10.0,210.9,16.0,0.7,0.7,0.5,-109.2,65.6,207.0,49.6,10.0,143.1,16.0,0.7,0.7,0.5,-1.34,2.0,5.16,2.47,10.0,3.79,16.0,0.7,0.7,0.5,-15.2,20.8,106.5,44.4,10.0,70.2,16.0,0.7,0.7,0.5,0.01,4.46,5.57,3.27,9.0,2.62,18.0,0.8,0.7,0.6,0.4,33.0,93.0,48.9,9.0,49.6,18.0,0.8,0.7,0.6,-23.4,108.0,220.6,96.7,10.0,114.5,16.0,0.7,0.7,0.5,-87.6,80.1,219.7,64.9,10.0,141.2,16.0,0.7,0.7,0.5,-13.6,64.3,113.0,53.0,9.0,65.7,18.0,0.8,0.7,0.6,-43.8,66.9,122.3,43.9,9.0,85.5,18.0,0.8,0.7,0.6,-9.5,0.0,73.1,24.4,9.0,54.2,18.0,0.8,0.7,0.6,-33.2,-2.5,22.0,-6.3,9.0,38.6,18.0,0.8,0.7,0.6,721.0,3652.5,7935.5,4501.5,10.0,4413.0,16.0,0.7,0.7,0.5,720.0,3650.0,7935.0,4500.0,10.0,4415.0,16.0,0.7,0.7,0.5
1974,2,314.0,40.0,15.05,16.0,17.0,16.1,9.0,1.04,10.0,0.7,0.5,0.4,11.73,15.0,17.44,14.48,9.0,3.32,10.0,0.7,0.5,0.4,6.09,7.77,10.39,8.04,7.0,2.41,12.0,0.7,0.4,0.5,67.9,82.6,87.1,78.8,8.0,11.8,12.0,0.6,0.4,11.51,13.9,16.8,14.14,9.0,2.82,10.0,0.7,0.5,0.4,-4.37,9.58,12.1,5.32,9.0,9.24,10.0,0.7,0.5,0.4,-1.22,7.07,13.66,5.96,9.0,8.71,10.0,0.7,0.5,0.4,1006.29,1012.75,1018.58,1012.44,8.0,6.26,12.0,0.8,0.5,0.4,2.3,7.0,8.0,5.9,9.0,3.1,10.0,0.7,0.5,0.4,-67.7,127.5,164.4,83.6,9.0,146.7,10.0,0.7,0.5,0.4,-30.4,96.6,191.0,80.2,9.0,136.2,10.0,0.7,0.5,0.4,-1.49,2.0,3.44,1.62,9.0,3.69,10.0,0.7,0.5,0.4,-19.8,25.8,64.0,26.6,9.0,55.7,10.0,0.7,0.5,0.4,0.87,3.17,5.06,3.35,7.0,2.95,12.0,0.7,0.4,0.5,12.1,40.9,77.9,48.2,7.0,45.1,12.0,0.7,0.4,0.5,-56.4,78.5,198.2,64.7,9.0,130.4,10.0,0.7,0.5,0.4,-11.3,124.4,201.3,104.6,9.0,112.4,10.0,0.7,0.5,0.4,-1.8,39.5,95.6,41.9,7.0,58.2,12.0,0.7,0.4,0.5,30.4,72.2,105.4,68.8,7.0,64.2,12.0,0.7,0.4,0.5,-1.2,11.0,49.9,22.2,7.0,36.7,12.0,0.7,0.4,0.5,-3.8,14.0,41.9,6.9,7.0,52.6,12.0,0.7,0.4,0.5,1551.0,2685.5,4806.5,3137.5,9.0,1886.0,10.0,0.7,0.5,0.4,1550.0,2685.0,4805.0,3135.0,9.0,1885.0,10.0,0.7,0.5,0.4
1974,2,314.0,41.0,13.64,15.0,16.2,15.01,10.0,1.28,14.0,0.3,0.5,0.5,5.4,11.6,16.58,10.81,12.0,4.77,16.0,0.3,0.6,0.5,4.35,6.41,7.58,6.11,8.0,1.68,16.0,0.3,0.6,0.5,70.1,84.1,94.0,83.3,8.0,10.5,16.0,0.3,0.5,7.57,10.3,15.65,11.43,11.0,4.68,16.0,0.3,0.6,0.5,2.94,7.12,10.68,6.51,11.0,4.47,16.0,0.3,0.6,0.5,-6.63,1.5,12.1,2.21,11.0,9.68,16.0,0.3,0.6,0.5,1004.87,1015.45,1019.27,1011.67,12.0,10.37,16.0,0.3,0.6,0.5,1.4,6.5,8.0,5.2,10.0,3.2,16.0,0.3,0.6,0.5,14.9,86.6,164.5,81.1,11.0,74.3,16.0,0.3,0.6,0.5,-64.7,4.5,186.9,44.1,11.0,141.0,16.0,0.3,0.6,0.5,-2.77,4.55,10.11,4.5,10.0,6.24,14.0,0.3,0.5,0.5,-44.9,28.3,101.9,44.2,9.0,85.1,14.0,0.3,0.5,0.5,3.58,4.95,7.12,5.16,6.0,1.89,14.0,0.3,0.4,0.5,35.1,57.6,87.1,61.1,5.0,34.4,12.0,0.4,0.4,0.6,38.2,50.0,105.0,67.7,11.0,60.9,16.0,0.3,0.6,0.5,-39.1,25.2,181.4,52.2,11.0,118.0,16.0,0.3,0.6,0.5,17.8,33.9,59.8,35.1,7.0,31.1,16.0,0.3,0.6,0.6,-54.1,-19.6,67.9,10.6,7.0,64.9,16.0,0.3,0.6,0.6,6.5,44.1,66.3,37.2,5.0,33.3,12.0,0.4,0.4,0.6,-54.4,-12.3,39.4,-10.7,5.0,53.6,12.0,0.4,0.4,0.6,527.0,1092.5,3835.5,2135.0,11.0,1786.5,16.0,0.3,0.6,0.5,525.0,1095.0,3835.0,2135.0,11.0,1785.0,16.0,0.3,0.6,0.5
1974,2,314.0,42.0,10.21,12.6,13.52,11.9,4.0,2.45,16.0,0.5,0.8,0.6,5.66,7.0,12.21,8.72,5.0,4.1,16.0,0.6,0.8,0.5,4.04,4.65,7.84,5.79,5.0,2.42,16.0,0.6,0.8,0.5,66.3,86.8,88.1,79.0,5.0,12.5,16.0,0.6,0.5,12.32,14.4,18.37,15.12,5.0,3.29,16.0,0.6,0.8,0.5,7.09,12.47,15.42,11.02,5.0,6.53,16.0,0.6,0.8,0.5,-9.03,-6.45,0.22,-4.14,5.0,8.98,16.0,0.6,0.8,0.5,1010.03,1014.2,1014.71,1012.46,5.0,3.47,16.0,0.6,0.8,0.5,4.0,8.0,8.0,6.4,5.0,2.2,16.0,0.6,0.8,0.5,91.5,179.6,286.7,180.9,5.0,120.9,16.0,0.6,0.8,0.5,-155.1,-103.7,-6.2,-80.4,5.0,130.2,16.0,0.6,0.8,0.5,0.24,2.55,4.81,2.53,4.0,2.96,16.0,0.5,0.8,0.6,3.9,41.8,75.3,39.7,4.0,43.5,16.0,0.5,0.8,0.6,1.12,2.05,3.69,2.39,4.0,1.96,16.0,0.5,0.8,0.6,14.1,32.0,56.8,35.3,4.0,28.9,16.0,0.5,0.8,0.6,52.6,87.3,99.6,75.5,5.0,44.5,16.0,0.6,0.8,0.5,-70.6,-50.4,42.8,-10.8,5.0,102.3,16.0,0.6,0.8,0.5,33.6,53.2,77.4,52.3,5.0,31.7,16.0,0.6,0.8,0.5,-44.3,-30.7,21.2,-8.0,5.0,65.2,16.0,0.6,0.8,0.5,10.3,29.1,50.6,30.4,4.0,26.6,16.0,0.5,0.8,0.6,-25.5,-12.9,-3.7,-14.5,4.0,16.8,16.0,0.5,0.8,0.6,1889.5,2986.0,6207.0,3853.5,5.0,2367.5,16.0,0.6,0.8,0.5,1890.0,2985.0,6205.0,3855.0,5.0,2370.0,16.0,0.6,0.8,0.5
1974,2,314.0,43.0,9.62,15.0,15.87,13.24,9.0,4.2,22.0,0.4,0.5,0.4,2.89,6.85,8.0,6.63,10.0,4.38,20.0,0.4,0.5,0.3,4.0,5.54,6.84,5.97,7.0,2.36,22.0,0.4,0.6,0.4,86.4,89.8,94.3,88.9,7.0,8.9,22.0,0.4,0.4,4.81,9.3,15.74,9.82,10.0,4.74,20.0,0.4,0.5,0.3,-1.31,4.09,11.61,4.87,10.0,6.89,20.0,0.4,0.5,0.3,-6.48,-0.68,5.6,0.28,10.0,7.47,20.0,0.4,0.5,0.3,1006.21,1016.3,1022.01,1015.84,10.0,8.77,20.0,0.4,0.5,0.3,8.0,8.0,8.0,7.9,9.0,0.3,22.0,0.4,0.5,0.4,-6.0,21.4,154.5,59.7,10.0,97.2,20.0,0.4,0.5,0.3,-73.9,-2.7,52.9,9.6,10.0,108.2,20.0,0.4,0.5,0.3,3.07,8.5,8.95,6.77,9.0,4.08,22.0,0.4,0.5,0.4,13.0,67.8,86.5,60.6,9.0,58.4,22.0,0.4,0.5,0.4,1.0,5.16,5.72,4.13,7.0,2.5,22.0,0.4,0.6,0.4,5.7,39.7,60.7,41.3,7.0,36.5,22.0,0.4,0.6,0.4,-3.3,25.8,59.2,28.2,10.0,46.6,20.0,0.4,0.5,0.3,-36.2,-0.8,42.6,24.6,10.0,95.1,20.0,0.4,0.5,0.3,-10.6,14.1,46.2,14.1,7.0,32.4,22.0,0.4,0.6,0.4,-27.0,9.8,50.1,23.6,7.0,72.9,22.0,0.4,0.6,0.4,-4.0,13.6,50.7,19.5,7.0,42.2,22.0,0.4,0.6,0.4,-38.2,5.8,12.6,-3.8,7.0,33.0,22.0,0.4,0.6,0.4,112.5,804.5,3906.0,1569.0,10.0,1776.5,20.0,0.4,0.5,0.3,110.0,805.0,3905.0,1570.0,10.0,1775.0,20.0,0.4,0.5,0.3
1974,2,314.0,44.0,5.0,6.0,8.78,6.75,8.0,2.43,16.0,0.8,0.6,0.4,0.92,4.4,9.51,5.76,12.0,5.88,16.0,0.7,0.6,0.5,3.51,4.15,5.98,4.54,6.0,1.47,14.0,0.8,0.6,0.5,76.7,81.2,92.1,83.1,6.0,8.0,14.0,0.8,0.5,5.1,10.15,17.68,11.48,12.0,6.9,16.0,0.7,0.6,0.5,-2.83,2.73,10.75,4.73,12.0,8.04,16.0,0.7,0.6,0.5,-2.8,2.06,8.32,2.94,12.0,9.65,16.0,0.7,0.6,0.5,1003.39,1013.0,1023.26,1011.69,10.0,11.67,18.0,0.7,0.6,0.5,5.6,8.0,8.0,6.9,11.0,1.3,16.0,0.7,0.7,0.5,-12.4,14.4,123.5,75.8,12.0,163.9,16.0,0.7,0.6,0.5,-18.9,17.7,133.0,55.0,12.0,181.1,16.0,0.7,0.6,0.5,-0.16,2.8,5.57,2.64,8.0,4.17,16.0,0.8,0.6,0.4,-0.3,22.5,56.2,20.2,8.0,47.1,16.0,0.8,0.6,0.4,0.85,1.46,2.89,1.69,6.0,1.72,14.0,0.8,0.6,0.5,2.4,12.4,24.6,12.3,6.0,16.7,14.0,0.8,0.6,0.5,-11.6,2.0,68.1,33.1,12.0,74.8,16.0,0.7,0.6,0.5,-23.9,4.4,73.4,27.4,12.0,81.0,16.0,0.7,0.6,0.5,-4.0,19.1,33.3,14.8,6.0,21.2,14.0,0.8,0.6,0.5,-8.0,9.3,48.0,23.0,6.0,43.0,14.0,0.8,0.6,0.5,-0.9,9.8,23.6,11.8,6.0,14.6,14.0,0.8,0.6,0.5,-9.0,-1.7,7.7,-1.6,6.0,8.8,14.0,0.8,0.6,0.5,132.5,1046.5,5990.0,3182.5,12.0,4559.0,16.0,0.7,0.6,0.5,135.0,1045.0,5990.0,3185.0,12.0,4560.0,16.0,0.7,0.6,0.5
1974,2,314.0,45.0,4.33,6.9,8.0,6.31,7.0,2.36,20.0,0.9,0.6,0.4,-0.78,1.5,4.53,1.59,8.0,2.79,18.0,0.9,0.6,0.4,2.92,3.68,4.77,3.84,4.0,1.22,22.0,0.8,0.6,0.5,70.3,78.9,90.2,80.2,4.0,14.2,22.0,0.8,0.5,7.99,12.6,17.66,13.5,8.0,5.69,18.0,0.9,0.6,0.4,-4.4,5.46,17.19,6.91,8.0,10.77,18.0,0.9,0.6,0.4,-7.57,-5.05,8.28,-1.5,8.0,8.22,18.0,0.9,0.6,0.4,1002.51,1004.2,1015.61,1007.86,7.0,10.02,20.0,0.9,0.6,0.4,7.8,8.0,8.0,7.8,6.0,0.4,18.0,0.8,0.7,0.4,-33.9,76.5,305.0,143.7,8.0,217.4,18.0,0.9,0.6,0.4,-105.6,-51.9,87.9,-13.0,8.0,105.9,18.0,0.9,0.6,0.4,2.96,4.7,6.01,4.36,7.0,1.53,20.0,0.9,0.6,0.4,26.0,46.2,85.0,52.6,7.0,26.8,20.0,0.9,0.6,0.4,2.2,2.43,2.74,2.47,4.0,0.35,22.0,0.8,0.6,0.5,20.5,22.0,23.3,21.9,4.0,1.9,22.0,0.8,0.6,0.5,-24.2,-2.5,17.2,-2.1,8.0,30.3,18.0,0.9,0.6,0.4,-7.4,7.1,23.7,4.7,8.0,28.1,18.0,0.9,0.6,0.4,-17.0,-6.4,2.3,-7.3,4.0,11.6,22.0,0.8,0.6,0.5,-41.2,-20.1,11.7,-15.0,4.0,38.2,22.0,0.8,0.6,0.5,-11.7,-5.4,2.0,-4.9,4.0,8.1,22.0,0.8,0.6,0.5,-23.1,-18.6,2.7,-10.6,4.0,19.9,22.0,0.8,0.6,0.5,527.0,2200.5,5552.0,3715.0,8.0,4616.0,18.0,0.9,0.6,0.4,525.0,2200.0,5550.0,3715.0,8.0,4615.0,18.0,0.9,0.6,0.4
1974,2,314.0,46.0,2.19,3.0,6.92,3.98,9.0,3.09,14.0,0.4,0.5,0.4,-0.29,2.6,5.31,3.46,10.0,5.23,14.0,0.4,0.4,0.5,2.71,3.51,5.18,4.37,9.0,2.27,16.0,0.4,0.4,0.5,74.8,80.2,94.8,83.0,9.0,9.8,16.0,0.4,0.5,8.64,10.55,14.28,10.98,12.0,3.49,16.0,0.4,0.5,0.4,-0.41,5.92,12.34,5.14,12.0,6.34,16.0,0.4,0.5,0.4,-5.28,3.23,8.66,1.54,12.0,8.49,16.0,0.4,0.5,0.4,1000.13,1012.1,1019.91,1010.83,12.0,13.11,16.0,0.4,0.5,0.4,3.4,7.5,8.0,5.9,10.0,2.6,18.0,0.4,0.6,0.4,-3.8,61.5,160.2,66.9,12.0,84.1,16.0,0.4,0.5,0.4,-69.3,23.1,86.2,4.0,12.0,113.9,16.0,0.4,0.5,0.4,0.54,2.75,3.89,1.94,8.0,3.57,12.0,0.5,0.4,0.5,5.7,23.4,60.4,25.9,8.0,42.6,12.0,0.5,0.4,0.5,0.33,1.53,2.09,1.19,7.0,1.33,14.0,0.6,0.4,0.4,3.4,15.3,31.8,15.3,7.0,17.8,14.0,0.6,0.4,0.4,-4.0,0.0,27.1,7.2,10.0,19.1,14.0,0.4,0.4,0.5,0.0,16.8,56.2,32.7,10.0,47.5,14.0,0.4,0.4,0.5,0.0,23.1,36.4,17.6,9.0,21.3,16.0,0.4,0.4,0.5,-20.8,27.5,51.6,21.4,9.0,40.8,16.0,0.4,0.4,0.5,-0.3,2.4,10.6,5.1,7.0,10.9,14.0,0.6,0.4,0.4,-23.1,2.8,12.5,-2.5,7.0,20.8,14.0,0.6,0.4,0.4,676.5,1176.0,2931.5,1689.5,12.0,1428.0,16.0,0.4,0.5,0.4,675.0,1175.0,2930.0,1690.0,12.0,1430.0,16.0,0.4,0.5,0.4
1974,2,314.0,47.0,1.18,1.9,2.62,2.49,16.0,2.17,20.0,0.2,0.3,0.5,0.0,2.5,4.03,2.38,16.0,2.6,20.0,0.2,0.3,0.5,3.32,3.93,5.06,4.21,5.0,1.07,12.0,0.0,0.3,0.5,91.9,98.0,99.1,95.7,5.0,4.9,12.0,0.0,0.5,7.2,10.8,16.6,11.71,17.0,5.25,20.0,0.2,0.3,0.5,-2.98,4.63,12.94,5.48,17.0,7.6,20.0,0.2,0.3,0.5,-5.52,3.69,11.56,3.49,17.0,8.4,20.0,0.2,0.3,0.5,999.89,1009.5,1022.57,1009.52,17.0,12.51,20.0,0.2,0.3,0.5,5.3,8.0,8.0,6.7,11.0,2.1,16.0,0.3,0.4,0.5,-25.9,33.3,186.4,72.1,17.0,129.0,20.0,0.2,0.3,0.5,-57.2,36.3,203.6,55.5,17.0,138.2,20.0,0.2,0.3,0.5,-1.66,0.65,1.93,0.11,16.0,2.39,20.0,0.2,0.3,0.5,-27.4,2.6,18.4,-6.9,16.0,32.9,20.0,0.2,0.3,0.5,-0.63,0.71,1.06,0.23,5.0,1.17,12.0,0.0,0.3,0.5,-11.3,9.8,11.2,0.3,5.0,18.1,12.0,0.0,0.3,0.5,-9.4,1.3,38.7,12.6,16.0,24.9,20.0,0.2,0.3,0.5,-7.1,0.0,47.7,15.1,16.0,35.6,20.0,0.2,0.3,0.5,13.5,33.9,55.6,32.9,5.0,32.4,12.0,0.0,0.3,0.5,-17.8,11.6,45.8,17.7,5.0,51.1,12.0,0.0,0.3,0.5,3.4,8.5,10.6,7.0,5.0,4.5,12.0,0.0,0.3,0.5,-14.2,0.0,3.8,-5.5,5.0,14.4,12.0,0.0,0.3,0.5,373.0,1259.5,4656.5,2526.0,17.0,2664.0,20.0,0.2,0.3,0.5,375.0,1260.0,4655.0,2525.0,17.0,2665.0,20.0,0.2,0.3,0.5
1974,2,314.0,48.0,0.88,1.9,2.2,1.61,16.0,0.68,18.0,0.6,0.4,0.3,-2.09,1.0,3.6,1.27,19.0,3.51,18.0,0.6,0.4,0.3,2.98,3.59,6.18,4.13,11.0,1.52,14.0,0.5,0.3,0.4,79.0,89.0,97.4,87.7,11.0,10.0,14.0,0.5,0.4,7.9,10.3,15.9,11.83,18.0,4.09,18.0,0.6,0.4,0.3,-2.31,7.16,10.98,5.29,18.0,6.43,18.0,0.6,0.4,0.3,-7.95,0.58,10.06,1.59,18.0,9.55,18.0,0.6,0.4,0.3,992.7,1002.0,1016.77,1003.4,19.0,10.79,18.0,0.6,0.4,0.3,5.7,8.0,8.0,6.9,12.0,1.6,16.0,0.8,0.5,0.4,-21.1,59.3,156.7,62.8,18.0,85.4,18.0,0.6,0.4,0.3,-126.4,3.9,113.6,22.4,18.0,157.6,18.0,0.6,0.4,0.3,-4.34,0.0,3.24,-0.3,16.0,3.69,18.0,0.6,0.4,0.3,-76.5,0.0,26.3,-12.1,15.0,56.3,18.0,0.5,0.4,0.3,-2.11,0.5,1.03,0.01,10.0,1.58,14.0,0.5,0.3,0.4,-34.6,5.2,9.3,-4.4,9.0,26.1,16.0,0.4,0.3,0.3,-15.4,0.0,23.0,2.7,18.0,19.4,18.0,0.6,0.4,0.3,-3.8,1.3,62.6,26.8,18.0,52.0,18.0,0.6,0.4,0.3,-17.0,8.8,33.3,10.5,10.0,25.9,16.0,0.4,0.3,0.3,-20.4,14.2,96.1,31.0,10.0,58.1,16.0,0.4,0.3,0.3,0.0,4.8,5.8,2.1,9.0,5.2,16.0,0.4,0.3,0.3,-36.8,-1.8,2.9,-15.3,9.0,20.2,16.0,0.4,0.3,0.3,497.5,1092.5,4019.5,2246.5,18.0,2207.0,18.0,0.6,0.4,0.3,500.0,1095.0,4020.0,2245.0,18.0,2205.0,18.0,0.6,0.4,0.3
1974,2,314.0,49.0,4.51,5.6,6.69,5.6,2.0,2.26,6.0,0.5,0.3,0.4,-1.87,-1.6,1.54,-0.2,3.0,2.78,8.0,0.3,0.5,0.4,3.16,3.84,4.52,3.84,2.0,1.4,6.0,0.5,0.3,0.4,88.4,93.1,97.8,93.1,2.0,9.8,6.0,0.5,0.4,10.6,13.4,19.68,15.1,3.0,6.81,8.0,0.3,0.5,0.4,-6.33,7.12,17.69,5.71,3.0,17.64,8.0,0.3,0.5,0.4,1.45,4.58,5.54,3.52,3.0,3.13,8.0,0.3,0.5,0.4,988.46,1000.0,1001.3,995.0,3.0,10.35,8.0,0.3,0.5,0.4,8.0,8.0,8.0,8.0,2.0,0.0,12.0,0.0,0.5,0.3,-94.1,66.3,369.7,136.1,3.0,345.1,8.0,0.3,0.5,0.4,17.6,55.6,59.6,39.0,3.0,33.9,8.0,0.3,0.5,0.4,4.49,5.1,5.71,5.1,2.0,1.27,6.0,0.5,0.3,0.4,68.9,95.9,123.0,95.9,2.0,56.1,6.0,0.5,0.3,0.4,1.74,1.95,2.15,1.95,2.0,0.43,6.0,0.5,0.3,0.4,26.6,36.4,46.3,36.4,2.0,20.3,6.0,0.5,0.3,0.4,-42.8,-37.8,-19.8,-31.5,3.0,17.8,8.0,0.3,0.5,0.4,-6.5,0.0,9.4,1.4,3.0,11.7,8.0,0.3,0.5,0.4,-41.0,1.8,44.5,1.8,2.0,88.5,6.0,0.5,0.3,0.4,3.5,11.1,18.6,11.1,2.0,15.7,6.0,0.5,0.3,0.4,-9.4,15.0,39.5,15.0,2.0,50.6,6.0,0.5,0.3,0.4,1.2,3.8,6.4,3.8,2.0,5.3,6.0,0.5,0.3,0.4,1313.0,2406.0,8643.0,4918.0,3.0,5793.5,8.0,0.3,0.5,0.4,1315.0,2405.0,8645.0,4920.0,3.0,5795.0,8.0,0.3,0.5,0.4
1974,2,314.0,50.0,0.95,3.0,5.05,3.0,2.0,4.24,12.0,0.5,0.4,0.7,-0.13,1.75,3.63,1.75,2.0,3.89,12.0,0.5,0.4,0.7,1.9,3.12,4.34,3.12,2.0,2.53,12.0,0.5,0.4,0.7,46.4,64.9,83.3,64.9,2.0,38.3,12.0,0.5,0.7,6.73,10.25,13.77,10.25,2.0,7.28,12.0,0.5,0.4,0.7,1.57,4.95,8.33,4.95,2.0,7.0,12.0,0.5,0.4,0.7,-2.42,3.35,9.12,3.35,2.0,11.95,12.0,0.5,0.4,0.7,990.54,997.3,1004.06,997.3,2.0,14.0,12.0,0.5,0.4,0.7,8.0,8.0,8.0,8.0,2.0,0.0,12.0,0.5,0.4,0.7,24.2,76.2,128.3,76.2,2.0,107.8,12.0,0.5,0.4,0.7,6.9,77.8,148.7,77.8,2.0,146.9,12.0,0.5,0.4,0.7,-2.67,1.25,5.17,1.25,2.0,8.13,12.0,0.5,0.4,0.7,-2.2,42.4,87.1,42.4,2.0,92.5,12.0,0.5,0.4,0.7,-0.16,1.72,3.61,1.72,2.0,3.9,12.0,0.5,0.4,0.7,6.5,31.9,57.3,31.9,2.0,52.6,12.0,0.5,0.4,0.7,-8.3,-4.9,-1.6,-4.9,2.0,7.0,12.0,0.5,0.4,0.7,-21.2,-17.4,-13.6,-17.4,2.0,7.9,12.0,0.5,0.4,0.7,2.1,6.6,11.1,6.6,2.0,9.3,12.0,0.5,0.4,0.7,-18.6,-4.7,9.3,-4.7,2.0,28.8,12.0,0.5,0.4,0.7,7.0,22.2,37.4,22.2,2.0,31.4,12.0,0.5,0.4,0.7,12.8,29.1,45.4,29.1,2.0,33.7,12.0,0.5,0.4,0.7,691.0,1892.5,3093.5,1892.5,2.0,2488.5,12.0,0.5,0.4,0.7,690.0,1890.0,3095.0,1890.0,2.0,2490.0,12.0,0.5,0.4,0.7
1974,2,314.0,51.0,6.8,7.0,7.89,7.33,3.0,0.85,22.0,0.7,0.9,0.2,3.11,4.0,4.58,3.85,4.0,1.16,18.0,0.8,0.7,0.3,3.38,3.57,4.79,4.07,3.0,1.12,22.0,0.7,0.9,0.2,70.9,73.2,90.6,80.6,3.0,15.7,22.0,0.7,0.2,4.84,10.25,18.91,11.8,4.0,8.48,18.0,0.8,0.7,0.3,0.31,9.54,16.09,8.26,4.0,9.44,18.0,0.8,0.7,0.3,-3.41,-0.3,8.72,2.52,4.0,8.3,18.0,0.8,0.7,0.3,993.49,1000.5,1007.82,1000.65,4.0,9.53,18.0,0.8,0.7,0.3,3.9,7.0,8.0,6.0,4.0,2.8,18.0,0.8,0.7,0.3,2.4,126.7,307.2,153.5,4.0,183.4,18.0,0.8,0.7,0.3,-16.5,12.5,184.1,80.5,4.0,158.0,18.0,0.8,0.7,0.3,2.04,3.0,5.05,3.53,3.0,2.25,22.0,0.7,0.9,0.2,21.7,35.4,74.3,47.7,3.0,40.0,22.0,0.7,0.9,0.2,1.35,2.73,3.29,2.33,3.0,1.46,22.0,0.7,0.9,0.2,14.5,15.8,42.3,28.1,3.0,23.0,22.0,0.7,0.9,0.2,1.2,25.3,61.8,31.3,4.0,41.4,18.0,0.8,0.7,0.3,-13.6,-3.5,40.9,12.8,4.0,40.8,18.0,0.8,0.7,0.3,25.4,50.0,77.8,51.6,3.0,38.5,22.0,0.7,0.9,0.2,-5.2,8.8,54.8,24.4,3.0,46.0,22.0,0.7,0.9,0.2,11.1,12.1,40.6,25.5,3.0,24.5,22.0,0.7,0.9,0.2,-3.1,9.5,9.9,3.6,3.0,10.8,22.0,0.7,0.9,0.2,114.0,1892.5,7393.5,3669.0,4.0,5034.0,18.0,0.8,0.7,0.3,115.0,1890.0,7395.0,3670.0,4.0,5035.0,18.0,0.8,0.7,0.3
1974,2,314.0,52.0,,,,,,,,,,,,,,,,,,,,,,,,,,,,,,,,,,,,,,,,7.0,7.0,7.0,7.0,1.0,0.0,14.0,1.0,0.8,0.6,4.5,4.5,4.5,4.5,1.0,0.0,14.0,1.0,0.8,0.6,-5.36,-5.36,-5.36,-5.36,1.0,0.0,14.0,1.0,0.8,0.6,991.3,991.3,991.3,991.3,1.0,0.0,14.0,1.0,0.8,0.6,,,,,,,,,,,,,,,,,,,,,,,,,,,,,,,,,,,,,,,,,,,,,,,,,,,,,,,,,,,,,,,,,,,,,,,,,,,,,,,,,,,,,,,,,,,,,,,,,,,,,,,,,,,,,,,,,,,,,,,,,,,,,,,,,,,,,,,,,,,,,,,,,,,,,,
1974,2,314.0,53.0,4.48,5.0,6.05,5.25,4.0,1.26,20.0,0.3,0.6,0.5,0.24,0.75,1.73,0.98,4.0,1.03,20.0,0.3,0.6,0.5,3.45,3.45,3.45,3.45,1.0,0.0,22.0,1.0,1.0,0.0,77.1,77.1,77.1,77.1,1.0,0.0,22.0,1.0,0.0,13.51,17.7,20.52,17.05,4.0,4.27,20.0,0.3,0.6,0.5,-0.46,5.33,7.45,3.58,4.0,5.41,20.0,0.3,0.6,0.5,-15.62,1.12,16.67,0.55,4.0,18.95,20.0,0.3,0.6,0.5,997.49,1001.2,1009.94,1003.6,4.0,9.95,20.0,0.3,0.6,0.5,8.0,8.0,8.0,8.0,1.0,0.0,22.0,1.0,1.0,0.0,8.1,94.0,135.5,72.8,4.0,87.0,20.0,0.3,0.6,0.5,-279.4,37.3,304.2,13.5,4.0,358.5,20.0,0.3,0.6,0.5,3.03,3.75,5.57,4.28,4.0,1.91,20.0,0.3,0.6,0.5,43.4,60.4,108.3,75.2,4.0,45.5,20.0,0.3,0.6,0.5,1.93,1.93,1.93,1.93,1.0,0.0,22.0,1.0,1.0,0.0,29.7,29.7,29.7,29.7,1.0,0.0,22.0,1.0,1.0,0.0,-2.1,1.8,11.4,4.5,4.0,9.8,20.0,0.3,0.6,0.5,-10.5,-4.9,16.8,2.8,4.0,20.1,20.0,0.3,0.6,0.5,26.5,26.5,26.5,26.5,1.0,0.0,22.0,1.0,1.0,0.0,46.0,46.0,46.0,46.0,1.0,0.0,22.0,1.0,1.0,0.0,14.8,14.8,14.8,14.8,1.0,0.0,22.0,1.0,1.0,0.0,25.7,25.7,25.7,25.7,1.0,0.0,22.0,1.0,1.0,0.0,2599.5,5826.0,8660.5,5639.0,4.0,3587.5,20.0,0.3,0.6,0.5,2600.0,5825.0,8660.0,5640.0,4.0,3585.0,20.0,0.3,0.6,0.5
1974,2,314.0,54.0,,,,,,,,,,,,,,,,,,,,,,,,,,,,,,,,,,,,,,,,5.76,7.4,9.04,7.4,2.0,3.39,4.0,0.5,0.5,0.8,1.51,2.88,4.26,2.88,2.0,2.85,4.0,0.5,0.5,0.8,5.49,6.71,7.92,6.71,2.0,2.52,4.0,0.5,0.5,0.8,981.37,982.8,984.23,982.8,2.0,2.97,4.0,0.5,0.5,0.8,,,,,,,,,,,,,,,,,,,,,,,,,,,,,,,,,,,,,,,,,,,,,,,,,,,,,,,,,,,,,,,,,,,,,,,,,,,,,,,,,,,,,,,,,,,,,,,,,,,,,,,,,,,,,,,,,,,,,,,,,,,,,,,,,,,,,,,,,,,,,,,,,,,,,,
1974,2,314.0,55.0,,,,,,,,,,,,,,,,,,,,,,,,,,,,,,,,,,,,,,,,10.56,13.9,16.02,13.3,3.0,4.03,16.0,0.7,0.5,0.1,4.45,10.65,14.81,9.65,3.0,7.64,16.0,0.7,0.5,0.1,4.83,8.86,8.91,6.92,3.0,3.43,16.0,0.7,0.5,0.1,984.34,991.3,992.73,988.6,3.0,6.58,16.0,0.7,0.5,0.1,,,,,,,,,,,,,,,,,,,,,,,,,,,,,,,,,,,,,,,,,,,,,,,,,,,,,,,,,,,,,,,,,,,,,,,,,,,,,,,,,,,,,,,,,,,,,,,,,,,,,,,,,,,,,,,,,,,,,,,,,,,,,,,,,,,,,,,,,,,,,,,,,,,,,,
1974,2,314.0,56.0,2.5,2.5,2.5,2.5,1.0,0.0,8.0,0.0,1.0,0.7,1.8,1.8,1.8,1.8,1.0,0.0,8.0,0.0,1.0,0.7,3.89,3.89,3.89,3.89,1.0,0.0,8.0,0.0,1.0,0.7,89.1,89.1,89.1,89.1,1.0,0.0,8.0,0.0,0.7,23.1,23.1,23.1,23.1,1.0,0.0,8.0,0.0,1.0,0.7,-14.85,-14.85,-14.85,-14.85,1.0,0.0,8.0,0.0,1.0,0.7,-17.7,-17.7,-17.7,-17.7,1.0,0.0,8.0,0.0,1.0,0.7,998.5,998.5,998.5,998.5,1.0,0.0,8.0,0.0,1.0,0.7,8.0,8.0,8.0,8.0,1.0,0.0,8.0,0.0,1.0,0.7,-343.0,-343.0,-343.0,-343.0,1.0,0.0,8.0,0.0,1.0,0.7,-408.8,-408.8,-408.8,-408.8,1.0,0.0,8.0,0.0,1.0,0.7,0.7,0.7,0.7,0.7,1.0,0.0,8.0,0.0,1.0,0.7,16.2,16.2,16.2,16.2,1.0,0.0,8.0,0.0,1.0,0.7,0.7,0.7,0.7,0.7,1.0,0.0,8.0,0.0,1.0,0.7,16.2,16.2,16.2,16.2,1.0,0.0,8.0,0.0,1.0,0.7,-26.7,-26.7,-26.7,-26.7,1.0,0.0,8.0,0.0,1.0,0.7,-31.9,-31.9,-31.9,-31.9,1.0,0.0,8.0,0.0,1.0,0.7,-57.8,-57.8,-57.8,-57.8,1.0,0.0,8.0,0.0,1.0,0.7,-68.8,-68.8,-68.8,-68.8,1.0,0.0,8.0,0.0,1.0,0.7,-10.4,-10.4,-10.4,-10.4,1.0,0.0,8.0,0.0,1.0,0.7,-12.4,-12.4,-12.4,-12.4,1.0,0.0,8.0,0.0,1.0,0.7,12326.5,12326.5,12326.5,12326.5,1.0,0.0,8.0,0.0,1.0,0.7,12325.0,12325.0,12325.0,12325.0,1.0,0.0,8.0,0.0,1.0,0.7
1974,2,315.0,-64.0,-0.7,-0.7,-0.7,-0.7,1.0,0.0,14.0,1.0,0.5,0.7,-0.9,-0.9,-0.9,-0.9,1.0,0.0,14.0,1.0,0.5,0.7,3.29,3.29,3.29,3.29,1.0,0.0,14.0,1.0,0.5,0.7,90.9,90.9,90.9,90.9,1.0,0.0,14.0,1.0,0.7,9.8,9.8,9.8,9.8,1.0,0.0,14.0,1.0,0.5,0.7,-8.49,-8.49,-8.49,-8.49,1.0,0.0,14.0,1.0,0.5,0.7,4.9,4.9,4.9,4.9,1.0,0.0,14.0,1.0,0.5,0.7,991.4,991.4,991.4,991.4,1.0,0.0,14.0,1.0,0.5,0.7,7.0,7.0,7.0,7.0,1.0,0.0,14.0,1.0,0.5,0.7,-83.2,-83.2,-83.2,-83.2,1.0,0.0,14.0,1.0,0.5,0.7,48.0,48.0,48.0,48.0,1.0,0.0,14.0,1.0,0.5,0.7,0.2,0.2,0.2,0.2,1.0,0.0,14.0,1.0,0.5,0.7,2.0,2.0,2.0,2.0,1.0,0.0,14.0,1.0,0.5,0.7,0.38,0.38,0.38,0.38,1.0,0.0,14.0,1.0,0.5,0.7,3.8,3.8,3.8,3.8,1.0,0.0,14.0,1.0,0.5,0.7,7.6,7.6,7.6,7.6,1.0,0.0,14.0,1.0,0.5,0.7,-4.4,-4.4,-4.4,-4.4,1.0,0.0,14.0,1.0,0.5,0.7,-27.9,-27.9,-27.9,-27.9,1.0,0.0,14.0,1.0,0.5,0.7,16.1,16.1,16.1,16.1,1.0,0.0,14.0,1.0,0.5,0.7,-3.3,-3.3,-3.3,-3.3,1.0,0.0,14.0,1.0,0.5,0.7,1.9,1.9,1.9,1.9,1.0,0.0,14.0,1.0,0.5,0.7,941.0,941.0,941.0,941.0,1.0,0.0,14.0,1.0,0.5,0.7,940.0,940.0,940.0,940.0,1.0,0.0,14.0,1.0,0.5,0.7
1974,2,315.0,-63.0,-0.2,-0.2,-0.2,-0.2,1.0,0.0,16.0,0.0,0.2,0.7,-2.2,-2.2,-2.2,-2.2,1.0,0.0,16.0,0.0,0.2,0.7,2.49,2.49,2.49,2.49,1.0,0.0,16.0,0.0,0.2,0.7,76.3,76.3,76.3,76.3,1.0,0.0,16.0,0.0,0.7,8.2,8.2,8.2,8.2,1.0,0.0,16.0,0.0,0.2,0.7,0.0,0.0,0.0,0.0,1.0,0.0,16.0,0.0,0.2,0.7,8.2,8.2,8.2,8.2,1.0,0.0,16.0,0.0,0.2,0.7,998.9,998.9,998.9,998.9,1.0,0.0,16.0,0.0,0.2,0.7,8.0,8.0,8.0,8.0,1.0,0.0,16.0,0.0,0.2,0.7,0.0,0.0,0.0,0.0,1.0,0.0,16.0,0.0,0.2,0.7,67.2,67.2,67.2,67.2,1.0,0.0,16.0,0.0,0.2,0.7,2.0,2.0,2.0,2.0,1.0,0.0,16.0,0.0,0.2,0.7,16.4,16.4,16.4,16.4,1.0,0.0,16.0,0.0,0.2,0.7,1.29,1.29,1.29,1.29,1.0,0.0,16.0,0.0,0.2,0.7,10.6,10.6,10.6,10.6,1.0,0.0,16.0,0.0,0.2,0.7,0.0,0.0,0.0,0.0,1.0,0.0,16.0,0.0,0.2,0.7,-18.0,-18.0,-18.0,-18.0,1.0,0.0,16.0,0.0,0.2,0.7,0.0,0.0,0.0,0.0,1.0,0.0,16.0,0.0,0.2,0.7,20.4,20.4,20.4,20.4,1.0,0.0,16.0,0.0,0.2,0.7,0.0,0.0,0.0,0.0,1.0,0.0,16.0,0.0,0.2,0.7,10.6,10.6,10.6,10.6,1.0,0.0,16.0,0.0,0.2,0.7,551.5,551.5,551.5,551.5,1.0,0.0,16.0,0.0,0.2,0.7,550.0,550.0,550.0,550.0,1.0,0.0,16.0,0.0,0.2,0.7
1974,2,315.0,-61.0,0.0,0.0,0.94,0.38,6.0,0.63,12.0,0.5,0.5,0.3,0.88,1.4,1.6,1.28,6.0,0.54,12.0,0.5,0.5,0.3,3.42,4.13,4.22,3.85,6.0,0.59,12.0,0.5,0.5,0.3,80.6,94.1,100.0,90.2,6.0,11.8,12.0,0.5,0.3,8.23,9.8,10.3,8.93,6.0,2.42,12.0,0.5,0.5,0.3,4.49,8.4,9.68,7.44,6.0,2.68,12.0,0.5,0.5,0.3,-6.41,-2.46,3.52,-1.99,6.0,4.82,12.0,0.5,0.5,0.3,979.99,987.8,992.67,987.13,6.0,6.82,12.0,0.5,0.5,0.3,7.8,8.0,8.0,7.8,6.0,0.4,12.0,0.5,0.5,0.3,37.6,83.0,99.7,70.7,6.0,35.5,12.0,0.5,0.5,0.3,-59.6,-21.0,36.3,-16.7,6.0,46.9,12.0,0.5,0.5,0.3,-1.6,-1.15,0.08,-0.9,6.0,0.92,12.0,0.5,0.5,0.3,-15.3,-8.1,0.9,-7.8,6.0,9.3,12.0,0.5,0.5,0.3,-0.29,-0.09,0.49,0.14,6.0,0.62,12.0,0.5,0.5,0.3,-1.9,-0.6,4.8,1.7,6.0,6.1,12.0,0.5,0.5,0.3,3.9,8.1,15.5,9.6,6.0,6.2,12.0,0.5,0.5,0.3,-8.7,-4.2,2.2,-3.6,6.0,6.5,12.0,0.5,0.5,0.3,16.6,27.8,40.8,28.4,6.0,11.0,12.0,0.5,0.5,0.3,-25.2,-10.3,10.8,-8.2,6.0,17.9,12.0,0.5,0.5,0.3,-1.6,-0.6,3.7,1.5,6.0,5.7,12.0,0.5,0.5,0.3,-0.5,0.7,1.8,0.8,6.0,2.2,12.0,0.5,0.5,0.3,652.5,948.5,1092.5,826.0,6.0,397.0,12.0,0.5,0.5,0.3,650.0,950.0,1095.0,825.0,6.0,395.0,12.0,0.5,0.5,0.3
1974,2,315.0,-57.0,3.9,3.9,3.9,3.9,1.0,0.0,18.0,1.0,0.4,0.4,4.1,4.1,4.1,4.1,1.0,0.0,18.0,1.0,0.4,0.4,3.75,3.75,3.75,3.75,1.0,0.0,18.0,1.0,0.4,0.4,73.6,73.6,73.6,73.6,1.0,0.0,18.0,1.0,0.4,11.8,11.8,11.8,11.8,1.0,0.0,18.0,1.0,0.4,0.4,9.04,9.04,9.04,9.04,1.0,0.0,18.0,1.0,0.4,0.4,7.58,7.58,7.58,7.58,1.0,0.0,18.0,1.0,0.4,0.4,1006.0,1006.0,1006.0,1006.0,1.0,0.0,18.0,1.0,0.4,0.4,8.0,8.0,8.0,8.0,1.0,0.0,18.0,1.0,0.4,0.4,106.7,106.7,106.7,106.7,1.0,0.0,18.0,1.0,0.4,0.4,89.5,89.5,89.5,89.5,1.0,0.0,18.0,1.0,0.4,0.4,-0.2,-0.2,-0.2,-0.2,1.0,0.0,18.0,1.0,0.4,0.4,-2.4,-2.4,-2.4,-2.4,1.0,0.0,18.0,1.0,0.4,0.4,1.28,1.28,1.28,1.28,1.0,0.0,18.0,1.0,0.4,0.4,15.1,15.1,15.1,15.1,1.0,0.0,18.0,1.0,0.4,0.4,37.1,37.1,37.1,37.1,1.0,0.0,18.0,1.0,0.4,0.4,31.1,31.1,31.1,31.1,1.0,0.0,18.0,1.0,0.4,0.4,33.9,33.9,33.9,33.9,1.0,0.0,18.0,1.0,0.4,0.4,28.4,28.4,28.4,28.4,1.0,0.0,18.0,1.0,0.4,0.4,11.6,11.6,11.6,11.6,1.0,0.0,18.0,1.0,0.4,0.4,9.7,9.7,9.7,9.7,1.0,0.0,18.0,1.0,0.4,0.4,1643.0,1643.0,1643.0,1643.0,1.0,0.0,18.0,1.0,0.4,0.4,1645.0,1645.0,1645.0,1645.0,1.0,0.0,18.0,1.0,0.4,0.4
1974,2,315.0,-50.0,10.3,10.3,10.3,10.3,1.0,0.0,24.0,1.0,0.6,1.0,8.6,8.6,8.6,8.6,1.0,0.0,24.0,1.0,0.6,1.0,5.54,5.54,5.54,5.54,1.0,0.0,24.0,1.0,0.6,1.0,80.9,80.9,80.9,80.9,1.0,0.0,24.0,1.0,1.0,2.6,2.6,2.6,2.6,1.0,0.0,24.0,1.0,0.6,1.0,1.67,1.67,1.67,1.67,1.0,0.0,24.0,1.0,0.6,1.0,-1.99,-1.99,-1.99,-1.99,1.0,0.0,24.0,1.0,0.6,1.0,1021.1,1021.1,1021.1,1021.1,1.0,0.0,24.0,1.0,0.6,1.0,7.0,7.0,7.0,7.0,1.0,0.0,24.0,1.0,0.6,1.0,4.3,4.3,4.3,4.3,1.0,0.0,24.0,1.0,0.6,1.0,-5.2,-5.2,-5.2,-5.2,1.0,0.0,24.0,1.0,0.6,1.0,1.7,1.7,1.7,1.7,1.0,0.0,24.0,1.0,0.6,1.0,4.4,4.4,4.4,4.4,1.0,0.0,24.0,1.0,0.6,1.0,2.15,2.15,2.15,2.15,1.0,0.0,24.0,1.0,0.6,1.0,5.6,5.6,5.6,5.6,1.0,0.0,24.0,1.0,0.6,1.0,14.4,14.4,14.4,14.4,1.0,0.0,24.0,1.0,0.6,1.0,-17.1,-17.1,-17.1,-17.1,1.0,0.0,24.0,1.0,0.6,1.0,9.3,9.3,9.3,9.3,1.0,0.0,24.0,1.0,0.6,1.0,-11.0,-11.0,-11.0,-11.0,1.0,0.0,24.0,1.0,0.6,1.0,3.6,3.6,3.6,3.6,1.0,0.0,24.0,1.0,0.6,1.0,-4.3,-4.3,-4.3,-4.3,1.0,0.0,24.0,1.0,0.6,1.0,17.5,17.5,17.5,17.5,1.0,0.0,24.0,1.0,0.6,1.0,20.0,20.0,20.0,20.0,1.0,0.0,24.0,1.0,0.6,1.0
1974,2,315.0,-42.0,,,,,,,,,,,,,,,,,,,,,,,,,,,,,,,,,,,,,,,,3.0,3.0,3.0,3.0,1.0,0.0,18.0,1.0,0.5,0.7,-1.93,-1.93,-1.93,-1.93,1.0,0.0,18.0,1.0,0.5,0.7,-2.3,-2.3,-2.3,-2.3,1.0,0.0,18.0,1.0,0.5,0.7,1022.8,1022.8,1022.8,1022.8,1.0,0.0,18.0,1.0,0.5,0.7,,,,,,,,,,,,,,,,,,,,,,,,,,,,,,,,,,,,,,,,,,,,,,,,,,,,,,,,,,,,,,,,,,,,,,,,,,,,,,,,,,,,,,,,,,,,,,,,,,,,,,,,,,,,,,,,,,,,,,,,,,,,,,,,,,,,,,,,,,,,,,,,,,,,,,
1974,2,315.0,-40.0,,,,,,,,,,,,,,,,,,,,,,,,,,,,,,,,,,,,,,,,5.0,5.0,5.0,5.0,1.0,0.0,2.0,0.0,1.0,1.0,0.87,0.87,0.87,0.87,1.0,0.0,2.0,0.0,1.0,1.0,4.92,4.92,4.92,4.92,1.0,0.0,2.0,0.0,1.0,1.0,1019.5,1019.5,1019.5,1019.5,1.0,0.0,2.0,0.0,1.0,1.0,,,,,,,,,,,,,,,,,,,,,,,,,,,,,,,,,,,,,,,,,,,,,,,,,,,,,,,,,,,,,,,,,,,,,,,,,,,,,,,,,,,,,,,,,,,,,,,,,,,,,,,,,,,,,,,,,,,,,,,,,,,,,,,,,,,,,,,,,,,,,,,,,,,,,,
1974,2,315.0,-37.0,,,,,,,,,,,,,,,,,,,,,,,,,,,,,,,,,,,,,,,,8.0,8.0,8.0,8.0,1.0,0.0,22.0,1.0,0.6,0.1,6.93,6.93,6.93,6.93,1.0,0.0,22.0,1.0,0.6,0.1,-4.0,-4.0,-4.0,-4.0,1.0,0.0,22.0,1.0,0.6,0.1,1005.5,1005.5,1005.5,1005.5,1.0,0.0,22.0,1.0,0.6,0.1,,,,,,,,,,,,,,,,,,,,,,,,,,,,,,,,,,,,,,,,,,,,,,,,,,,,,,,,,,,,,,,,,,,,,,,,,,,,,,,,,,,,,,,,,,,,,,,,,,,,,,,,,,,,,,,,,,,,,,,,,,,,,,,,,,,,,,,,,,,,,,,,,,,,,,
1974,2,315.0,-36.0,,,,,,,,,,,,,,,,,,,,,,,,,,,,,,,,,,,,,,,,4.48,5.5,6.52,5.5,2.0,2.12,14.0,0.5,0.5,0.5,1.34,1.61,1.88,1.61,2.0,0.55,14.0,0.5,0.5,0.5,-6.35,-5.18,-4.01,-5.18,2.0,2.43,14.0,0.5,0.5,0.5,1012.12,1012.6,1013.08,1012.6,2.0,0.99,14.0,0.5,0.5,0.5,,,,,,,,,,,,,,,,,,,,,,,,,,,,,,,,,,,,,,,,,,,,,,,,,,,,,,,,,,,,,,,,,,,,,,,,,,,,,,,,,,,,,,,,,,,,,,,,,,,,,,,,,,,,,,,,,,,,,,,,,,,,,,,,,,,,,,,,,,,,,,,,,,,,,,
1974,2,315.0,-35.0,22.2,22.2,22.2,22.2,1.0,0.0,6.0,0.0,0.6,1.0,22.8,22.8,22.8,22.8,1.0,0.0,6.0,0.0,0.6,1.0,17.0,17.0,17.0,17.0,1.0,0.0,6.0,0.0,0.6,1.0,98.2,98.2,98.2,98.2,1.0,0.0,6.0,0.0,1.0,1.0,1.0,1.0,1.0,1.0,0.0,6.0,0.0,0.6,1.0,0.0,0.0,0.0,0.0,1.0,0.0,6.0,0.0,0.6,1.0,-1.0,-1.0,-1.0,-1.0,1.0,0.0,6.0,0.0,0.6,1.0,1011.7,1011.7,1011.7,1011.7,1.0,0.0,6.0,0.0,0.6,1.0,8.0,8.0,8.0,8.0,1.0,0.0,6.0,0.0,0.6,1.0,0.0,0.0,0.0,0.0,1.0,0.0,6.0,0.0,0.6,1.0,-1.0,-1.0,-1.0,-1.0,1.0,0.0,6.0,0.0,0.6,1.0,-0.6,-0.6,-0.6,-0.6,1.0,0.0,6.0,0.0,0.6,1.0,-0.6,-0.6,-0.6,-0.6,1.0,0.0,6.0,0.0,0.6,1.0,-0.31,-0.31,-0.31,-0.31,1.0,0.0,6.0,0.0,0.6,1.0,-0.3,-0.3,-0.3,-0.3,1.0,0.0,6.0,0.0,0.6,1.0,0.0,0.0,0.0,0.0,1.0,0.0,6.0,0.0,0.6,1.0,-22.8,-22.8,-22.8,-22.8,1.0,0.0,6.0,0.0,0.6,1.0,0.0,0.0,0.0,0.0,1.0,0.0,6.0,0.0,0.6,1.0,-17.0,-17.0,-17.0,-17.0,1.0,0.0,6.0,0.0,0.6,1.0,0.0,0.0,0.0,0.0,1.0,0.0,6.0,0.0,0.6,1.0,0.3,0.3,0.3,0.3,1.0,0.0,6.0,0.0,0.6,1.0,1.0,1.0,1.0,1.0,1.0,0.0,6.0,0.0,0.6,1.0,0.0,0.0,0.0,0.0,1.0,0.0,6.0,0.0,0.6,1.0
1974,2,315.0,-33.0,24.0,24.0,24.0,24.0,1.0,0.0,20.0,1.0,1.0,1.0,24.8,24.8,24.8,24.8,1.0,0.0,20.0,1.0,1.0,1.0,16.79,16.79,16.79,16.79,1.0,0.0,20.0,1.0,1.0,1.0,86.0,86.0,86.0,86.0,1.0,0.0,20.0,1.0,1.0,2.1,2.1,2.1,2.1,1.0,0.0,20.0,1.0,1.0,1.0,-2.07,-2.07,-2.07,-2.07,1.0,0.0,20.0,1.0,1.0,1.0,0.36,0.36,0.36,0.36,1.0,0.0,20.0,1.0,1.0,1.0,1012.2,1012.2,1012.2,1012.2,1.0,0.0,20.0,1.0,1.0,1.0,7.0,7.0,7.0,7.0,1.0,0.0,20.0,1.0,1.0,1.0,-4.3,-4.3,-4.3,-4.3,1.0,0.0,20.0,1.0,1.0,1.0,0.8,0.8,0.8,0.8,1.0,0.0,20.0,1.0,1.0,1.0,-0.8,-0.8,-0.8,-0.8,1.0,0.0,20.0,1.0,1.0,1.0,-1.7,-1.7,-1.7,-1.7,1.0,0.0,20.0,1.0,1.0,1.0,1.84,1.84,1.84,1.84,1.0,0.0,20.0,1.0,1.0,1.0,3.9,3.9,3.9,3.9,1.0,0.0,20.0,1.0,1.0,1.0,-51.3,-51.3,-51.3,-51.3,1.0,0.0,20.0,1.0,1.0,1.0,9.0,9.0,9.0,9.0,1.0,0.0,20.0,1.0,1.0,1.0,-34.7,-34.7,-34.7,-34.7,1.0,0.0,20.0,1.0,1.0,1.0,6.1,6.1,6.1,6.1,1.0,0.0,20.0,1.0,1.0,1.0,-3.8,-3.8,-3.8,-3.8,1.0,0.0,20.0,1.0,1.0,1.0,0.7,0.7,0.7,0.7,1.0,0.0,20.0,1.0,1.0,1.0,9.5,9.5,9.5,9.5,1.0,0.0,20.0,1.0,1.0,1.0,10.0,10.0,10.0,10.0,1.0,0.0,20.0,1.0,1.0,1.0
1974,2,315.0,-32.0,,,,,,,,,,,,,,,,,,,,,,,,,,,,,,,,,,,,,,,,6.0,6.0,6.0,6.0,1.0,0.0,8.0,0.0,0.7,0.3,-3.0,-3.0,-3.0,-3.0,1.0,0.0,8.0,0.0,0.7,0.3,-5.2,-5.2,-5.2,-5.2,1.0,0.0,8.0,0.0,0.7,0.3,1014.3,1014.3,1014.3,1014.3,1.0,0.0,8.0,0.0,0.7,0.3,,,,,,,,,,,,,,,,,,,,,,,,,,,,,,,,,,,,,,,,,,,,,,,,,,,,,,,,,,,,,,,,,,,,,,,,,,,,,,,,,,,,,,,,,,,,,,,,,,,,,,,,,,,,,,,,,,,,,,,,,,,,,,,,,,,,,,,,,,,,,,,,,,,,,,
1974,2,315.0,-29.0,24.48,25.5,26.52,25.5,4.0,1.29,22.0,1.0,0.3,0.7,24.74,26.0,26.05,25.43,4.0,1.22,22.0,1.0,0.3,0.7,13.98,13.98,13.98,13.98,1.0,0.0,26.0,1.0,0.1,1.0,66.6,66.6,66.6,66.6,1.0,0.0,26.0,1.0,1.0,4.0,5.55,8.62,6.28,4.0,3.39,22.0,1.0,0.3,0.7,-2.85,-0.87,0.0,-1.4,4.0,1.83,22.0,1.0,0.3,0.7,-0.98,3.9,8.04,3.55,4.0,6.42,22.0,1.0,0.3,0.7,1012.91,1015.45,1016.94,1014.95,4.0,2.83,22.0,1.0,0.3,0.7,2.0,3.0,6.1,4.0,4.0,2.8,22.0,1.0,0.3,0.7,-16.4,-4.4,0.0,-8.0,4.0,10.9,22.0,1.0,0.3,0.7,-10.2,16.7,75.0,31.7,4.0,63.4,22.0,1.0,0.3,0.7,-0.57,0.15,0.71,0.08,4.0,0.85,22.0,1.0,0.3,0.7,-3.4,0.3,6.3,1.4,4.0,7.1,22.0,1.0,0.3,0.7,6.98,6.98,6.98,6.98,1.0,0.0,26.0,1.0,0.1,1.0,35.6,35.6,35.6,35.6,1.0,0.0,26.0,1.0,0.1,1.0,-74.2,-22.8,0.0,-36.5,4.0,47.7,22.0,1.0,0.3,0.7,-28.9,97.9,209.4,90.6,4.0,167.2,22.0,1.0,0.3,0.7,-24.4,-24.4,-24.4,-24.4,1.0,0.0,26.0,1.0,0.1,1.0,67.0,67.0,67.0,67.0,1.0,0.0,26.0,1.0,0.1,1.0,-12.2,-12.2,-12.2,-12.2,1.0,0.0,26.0,1.0,0.1,1.0,33.5,33.5,33.5,33.5,1.0,0.0,26.0,1.0,0.1,1.0,77.5,174.5,800.0,426.5,4.0,608.0,22.0,1.0,0.3,0.7,75.0,175.0,800.0,425.0,4.0,610.0,22.0,1.0,0.3,0.7
1974,2,315.0,-28.0,24.48,25.5,26.52,25.5,4.0,1.29,22.0,0.3,0.6,0.5,23.48,24.2,25.4,24.43,4.0,1.38,22.0,0.3,0.6,0.5,15.57,15.79,16.3,15.94,3.0,0.55,22.0,0.3,0.5,0.5,82.5,84.9,91.2,86.8,3.0,6.6,22.0,0.3,0.5,6.86,7.2,7.88,7.37,3.0,0.76,22.0,0.3,0.5,0.5,-5.89,-5.13,0.29,-2.85,3.0,4.93,22.0,0.3,0.5,0.5,-1.09,4.31,6.63,2.8,3.0,5.8,22.0,0.3,0.5,0.5,1009.88,1012.45,1017.22,1013.5,4.0,5.22,22.0,0.3,0.6,0.5,6.6,8.0,8.0,7.3,3.0,1.2,22.0,0.3,0.5,0.5,-41.6,-34.4,4.8,-18.8,3.0,36.5,22.0,0.3,0.5,0.5,-8.5,28.9,52.3,22.0,3.0,44.9,22.0,0.3,0.5,0.5,0.65,0.85,1.52,1.08,4.0,0.64,22.0,0.3,0.6,0.5,5.3,8.2,12.4,8.9,3.0,5.2,22.0,0.3,0.5,0.5,2.83,4.3,4.94,3.9,3.0,1.58,22.0,0.3,0.5,0.5,21.2,28.8,34.9,28.1,3.0,10.1,22.0,0.3,0.5,0.5,-141.9,-125.2,4.3,-70.1,3.0,117.2,22.0,0.3,0.5,0.5,-25.6,105.1,154.3,65.3,3.0,136.2,22.0,0.3,0.5,0.5,-92.4,-79.4,6.5,-43.8,3.0,78.7,22.0,0.3,0.5,0.5,-17.7,66.6,108.2,45.7,3.0,93.9,22.0,0.3,0.5,0.5,-29.3,-22.0,-2.9,-16.2,3.0,20.0,22.0,0.3,0.5,0.5,-7.6,16.6,17.9,5.4,3.0,21.1,22.0,0.3,0.5,0.5,324.0,373.0,495.0,408.5,3.0,129.0,22.0,0.3,0.5,0.5,325.0,375.0,495.0,410.0,3.0,130.0,22.0,0.3,0.5,0.5
1974,2,315.0,-27.0,25.98,26.0,27.08,26.53,7.0,1.07,18.0,0.6,0.5,0.7,24.4,25.85,26.83,25.85,6.0,1.59,18.0,0.5,0.5,0.6,16.03,17.46,18.46,17.26,6.0,2.41,18.0,0.5,0.5,0.6,78.0,82.8,87.5,82.8,6.0,8.5,18.0,0.5,0.6,2.6,5.65,7.86,5.92,6.0,3.63,16.0,0.7,0.4,0.7,-6.15,-0.02,3.14,-1.42,6.0,6.42,16.0,0.7,0.4,0.7,-2.33,-0.44,2.39,-0.5,6.0,3.36,16.0,0.7,0.4,0.7,1010.77,1012.0,1013.95,1012.34,7.0,2.79,18.0,0.6,0.5,0.7,2.0,2.0,8.0,4.4,7.0,3.4,18.0,0.6,0.5,0.7,-47.6,-4.7,13.1,-22.4,6.0,65.5,16.0,0.7,0.4,0.7,-11.4,-1.2,23.2,0.1,6.0,24.5,16.0,0.7,0.4,0.7,-0.42,0.5,1.6,0.6,6.0,1.02,18.0,0.5,0.5,0.6,-2.4,1.3,10.3,4.6,5.0,11.4,16.0,0.6,0.4,0.6,3.07,3.86,5.54,4.37,6.0,1.79,18.0,0.5,0.5,0.6,15.9,17.8,30.9,22.7,5.0,10.3,16.0,0.6,0.4,0.6,-183.3,-65.3,91.8,-53.7,5.0,169.7,16.0,0.6,0.4,0.6,-86.7,0.0,64.3,-14.9,5.0,103.0,16.0,0.6,0.4,0.6,-129.2,-47.5,61.5,-40.5,5.0,121.7,16.0,0.6,0.4,0.6,-61.5,0.0,45.9,-10.9,5.0,74.0,16.0,0.6,0.4,0.6,-25.2,-9.0,12.8,-7.7,5.0,22.0,16.0,0.6,0.4,0.6,-13.1,0.0,7.6,-3.1,5.0,13.5,16.0,0.6,0.4,0.6,17.5,199.0,623.0,432.5,6.0,711.5,16.0,0.7,0.4,0.7,20.0,200.0,625.0,430.0,6.0,710.0,16.0,0.7,0.4,0.7
1974,2,315.0,-26.0,25.11,26.25,27.0,26.13,8.0,1.16,18.0,0.4,0.5,0.4,26.5,27.0,27.66,26.66,9.0,1.91,16.0,0.3,0.6,0.5,15.7,17.44,21.01,17.97,7.0,2.33,20.0,0.4,0.5,0.5,72.2,80.1,91.9,82.5,7.0,9.4,20.0,0.4,0.5,2.73,4.1,10.54,5.74,9.0,3.83,16.0,0.3,0.6,0.5,-8.33,-3.14,1.31,-3.66,9.0,4.9,16.0,0.3,0.6,0.5,-4.11,0.0,1.75,-0.87,9.0,3.44,16.0,0.3,0.6,0.5,1010.06,1011.9,1015.43,1012.2,8.0,2.98,18.0,0.4,0.5,0.5,2.3,4.0,6.0,4.3,9.0,1.8,16.0,0.3,0.6,0.5,-87.9,-12.8,4.8,-36.3,9.0,52.7,16.0,0.3,0.6,0.5,-34.5,0.0,4.5,-12.1,9.0,29.6,16.0,0.3,0.6,0.5,-1.89,-0.45,0.89,-0.49,8.0,1.6,18.0,0.4,0.5,0.4,-7.7,-0.9,9.8,1.1,8.0,11.4,18.0,0.4,0.5,0.4,1.18,3.48,4.47,2.99,7.0,2.43,20.0,0.4,0.5,0.5,2.4,12.1,21.2,13.6,7.0,14.7,20.0,0.4,0.5,0.5,-221.7,-84.8,37.6,-91.5,9.0,120.8,16.0,0.3,0.6,0.5,-110.9,0.0,48.3,-21.9,9.0,93.5,16.0,0.3,0.6,0.5,-71.4,-42.2,26.0,-37.4,7.0,76.0,20.0,0.4,0.5,0.5,-24.2,10.9,39.8,9.3,7.0,40.8,20.0,0.4,0.5,0.5,-18.6,1.4,4.4,-7.4,7.0,17.9,20.0,0.4,0.5,0.5,-0.3,2.4,10.2,3.4,7.0,5.8,20.0,0.4,0.5,0.5,21.0,69.0,1189.0,446.5,9.0,645.5,16.0,0.3,0.6,0.5,20.0,70.0,1190.0,445.0,9.0,645.0,16.0,0.3,0.6,0.5
1974,2,315.0,-25.0,25.26,26.5,27.0,26.18,10.0,1.34,16.0,0.6,0.6,0.4,25.42,26.0,27.25,26.24,12.0,1.21,16.0,0.5,0.6,0.5,17.39,18.34,20.42,18.69,11.0,1.42,18.0,0.5,0.6,0.4,84.5,87.1,91.9,87.2,11.0,4.5,18.0,0.5,0.4,2.31,4.9,11.06,6.05,10.0,4.51,16.0,0.4,0.7,0.5,-8.3,-1.99,1.7,-2.82,10.0,4.48,16.0,0.4,0.7,0.5,-1.92,1.75,5.36,1.76,10.0,5.35,16.0,0.4,0.7,0.5,1010.27,1012.65,1015.58,1012.1,12.0,4.08,16.0,0.5,0.6,0.5,0.6,2.0,3.0,1.8,11.0,1.3,18.0,0.5,0.6,0.4,-76.5,-6.0,4.4,-30.4,10.0,44.8,16.0,0.4,0.7,0.5,-18.8,4.3,38.5,12.4,10.0,62.9,16.0,0.4,0.7,0.5,-1.5,-0.1,1.0,-0.11,10.0,1.47,16.0,0.6,0.6,0.4,-4.3,0.0,7.6,2.1,8.0,15.4,16.0,0.5,0.7,0.4,1.43,2.15,3.88,2.33,9.0,1.46,18.0,0.7,0.6,0.4,1.0,4.8,14.3,10.1,7.0,13.5,18.0,0.6,0.7,0.3,-211.5,-52.6,45.8,-70.7,10.0,115.3,16.0,0.4,0.7,0.5,-48.9,45.4,146.4,46.1,10.0,134.0,16.0,0.4,0.7,0.5,-111.2,-17.1,33.6,-35.6,9.0,74.1,18.0,0.4,0.6,0.4,0.0,47.1,112.0,52.3,9.0,78.8,18.0,0.4,0.6,0.4,-14.1,-1.0,2.5,-6.3,7.0,13.3,18.0,0.6,0.7,0.3,0.0,2.3,7.9,4.7,7.0,7.1,18.0,0.6,0.7,0.3,13.0,165.5,1391.0,575.5,10.0,786.5,16.0,0.4,0.7,0.5,15.0,165.0,1390.0,575.0,10.0,785.0,16.0,0.4,0.7,0.5
1974,2,315.0,-24.0,23.71,24.0,26.38,24.5,9.0,1.53,14.0,0.4,0.7,0.4,22.24,25.6,28.15,25.61,9.0,3.23,14.0,0.4,0.7,0.4,13.13,16.0,19.88,16.52,9.0,3.62,14.0,0.4,0.7,0.4,68.9,80.9,88.7,79.4,9.0,9.2,14.0,0.4,0.4,2.6,3.1,4.99,3.54,8.0,1.75,14.0,0.5,0.7,0.5,-2.68,-1.8,2.79,-1.02,8.0,3.34,14.0,0.5,0.7,0.5,0.0,0.78,3.05,1.03,8.0,1.94,14.0,0.5,0.7,0.5,1009.27,1012.0,1013.57,1011.88,9.0,2.56,14.0,0.4,0.7,0.4,0.8,5.0,7.0,4.6,9.0,3.0,14.0,0.4,0.7,0.4,-8.1,-3.9,11.4,-4.0,8.0,18.4,14.0,0.5,0.7,0.5,0.0,2.4,10.7,3.3,8.0,9.7,14.0,0.5,0.7,0.5,-3.74,-0.3,1.76,-1.11,9.0,3.64,14.0,0.4,0.7,0.4,-20.2,-1.8,4.5,-6.2,8.0,12.3,14.0,0.5,0.7,0.5,-1.58,2.69,6.62,2.75,9.0,3.98,14.0,0.4,0.7,0.4,-8.9,7.6,17.8,6.3,8.0,12.5,14.0,0.5,0.7,0.5,-71.7,-39.1,78.2,-20.2,8.0,85.0,14.0,0.5,0.7,0.5,0.0,20.9,90.4,31.4,8.0,53.1,14.0,0.5,0.7,0.5,-41.5,-21.3,55.5,-9.7,8.0,58.4,14.0,0.5,0.7,0.5,0.0,11.7,60.6,21.3,8.0,36.7,14.0,0.5,0.7,0.5,-16.8,-8.8,-0.8,-9.2,8.0,7.6,14.0,0.5,0.7,0.5,-7.7,0.0,1.4,-1.5,8.0,6.5,14.0,0.5,0.7,0.5,17.5,30.0,125.5,75.0,8.0,100.5,14.0,0.5,0.7,0.5,20.0,30.0,125.0,75.0,8.0,100.0,14.0,0.5,0.7,0.5
1974,2,315.0,-2.0,,,,,,,,,,,,,,,,,,,,,,,,,,,,,,,,,,,,,,,,2.73,3.1,5.52,4.08,5.0,2.3,18.0,0.6,0.5,0.7,-4.48,-2.68,-2.37,-3.29,5.0,1.32,18.0,0.6,0.5,0.7,-3.22,-1.55,-0.67,-2.06,5.0,2.36,18.0,0.6,0.5,0.7,1008.0,1008.5,1010.05,1009.0,4.0,1.41,16.0,0.8,0.5,0.8,,,,,,,,,,,,,,,,,,,,,,,,,,,,,,,,,,,,,,,,,,,,,,,,,,,,,,,,,,,,,,,,,,,,,,,,,,,,,,,,,,,,,,,,,,,,,,,,,,,,,,,,,,,,,,,,,,,,,,,,,,,,,,,,,,,,,,,,,,,,,,,,,,,,,,
1974,2,315.0,-1.0,26.1,26.3,26.5,26.3,2.0,0.42,18.0,0.5,0.3,0.6,26.82,27.3,27.78,27.3,2.0,0.99,18.0,0.5,0.3,0.6,18.34,18.42,18.5,18.42,2.0,0.17,18.0,0.5,0.3,0.6,79.3,81.3,83.2,81.3,2.0,4.0,18.0,0.5,0.6,9.88,10.05,10.22,10.05,2.0,0.35,18.0,0.5,0.3,0.6,-7.17,-5.62,-4.07,-5.62,2.0,3.21,18.0,0.5,0.3,0.6,-8.8,-7.91,-7.03,-7.91,2.0,1.83,18.0,0.5,0.3,0.6,1011.11,1011.35,1011.59,1011.35,2.0,0.49,18.0,0.5,0.3,0.6,5.0,5.0,5.0,5.0,1.0,0.0,22.0,1.0,0.5,0.4,-73.6,-57.1,-40.5,-57.1,2.0,34.2,18.0,0.5,0.3,0.6,-86.7,-79.2,-71.7,-79.2,2.0,15.6,18.0,0.5,0.3,0.6,-1.68,-1.0,-0.32,-1.0,2.0,1.41,18.0,0.5,0.3,0.6,-16.5,-9.8,-3.1,-9.8,2.0,13.9,18.0,0.5,0.3,0.6,2.67,3.0,3.34,3.0,2.0,0.7,18.0,0.5,0.3,0.6,26.4,30.3,34.2,30.3,2.0,8.1,18.0,0.5,0.3,0.6,-191.5,-151.9,-112.3,-151.9,2.0,82.0,18.0,0.5,0.3,0.6,-244.9,-217.0,-189.1,-217.0,2.0,57.8,18.0,0.5,0.3,0.6,-131.3,-103.3,-75.2,-103.3,2.0,58.2,18.0,0.5,0.3,0.6,-162.8,-145.9,-129.0,-145.9,2.0,35.0,18.0,0.5,0.3,0.6,-24.6,-18.0,-11.5,-18.0,2.0,13.6,18.0,0.5,0.3,0.6,-23.2,-23.1,-23.1,-23.1,2.0,0.1,18.0,0.5,0.3,0.6,965.0,1017.0,1068.5,1017.0,2.0,107.0,18.0,0.5,0.3,0.6,965.0,1015.0,1070.0,1015.0,2.0,105.0,18.0,0.5,0.3,0.6
1974,2,315.0,0.0,29.4,29.4,29.4,29.4,1.0,0.0,16.0,0.0,0.9,0.1,24.81,25.7,26.59,25.7,2.0,1.84,10.0,0.0,0.9,0.3,17.61,17.61,17.61,17.61,1.0,0.0,16.0,0.0,0.9,0.1,91.9,91.9,91.9,91.9,1.0,0.0,16.0,0.0,0.1,6.86,7.2,7.54,7.2,2.0,0.71,10.0,0.0,0.9,0.3,-6.61,-6.48,-6.36,-6.48,2.0,0.26,10.0,0.0,0.9,0.3,-3.6,-3.07,-2.54,-3.07,2.0,1.1,10.0,0.0,0.9,0.3,1006.24,1006.75,1007.26,1006.75,2.0,1.06,10.0,0.0,0.9,0.3,6.0,6.0,6.0,6.0,1.0,0.0,6.0,0.0,0.8,0.6,-49.9,-46.8,-43.6,-46.8,2.0,6.5,10.0,0.0,0.9,0.3,-27.4,-22.5,-17.6,-22.5,2.0,10.1,10.0,0.0,0.9,0.3,5.0,5.0,5.0,5.0,1.0,0.0,16.0,0.0,0.9,0.1,38.5,38.5,38.5,38.5,1.0,0.0,16.0,0.0,0.9,0.1,8.24,8.24,8.24,8.24,1.0,0.0,16.0,0.0,0.9,0.1,63.4,63.4,63.4,63.4,1.0,0.0,16.0,0.0,0.9,0.1,-168.8,-166.3,-163.9,-166.3,2.0,5.1,10.0,0.0,0.9,0.3,-88.9,-77.9,-67.0,-77.9,2.0,22.7,10.0,0.0,0.9,0.3,-117.4,-117.4,-117.4,-117.4,1.0,0.0,16.0,0.0,0.9,0.1,-67.8,-67.8,-67.8,-67.8,1.0,0.0,16.0,0.0,0.9,0.1,-54.9,-54.9,-54.9,-54.9,1.0,0.0,16.0,0.0,0.9,0.1,-31.7,-31.7,-31.7,-31.7,1.0,0.0,16.0,0.0,0.9,0.1,325.5,378.5,432.0,378.5,2.0,110.0,10.0,0.0,0.9,0.3,325.0,380.0,430.0,380.0,2.0,110.0,10.0,0.0,0.9,0.3
1974,2,315.0,1.0,27.5,27.8,28.77,28.12,5.0,0.8,16.0,0.6,0.5,0.2,24.36,25.3,27.02,25.68,4.0,2.05,18.0,0.8,0.4,0.1,16.45,18.45,19.54,18.02,4.0,2.02,18.0,0.8,0.4,0.1,82.8,86.2,91.6,87.1,4.0,5.8,18.0,0.8,0.1,7.97,10.3,11.25,9.78,5.0,2.29,16.0,0.6,0.5,0.2,-10.2,-9.88,-7.19,-8.89,5.0,1.71,16.0,0.6,0.5,0.2,-5.79,-1.16,0.65,-2.4,5.0,3.98,16.0,0.6,0.5,0.2,1007.43,1008.9,1012.54,1009.76,5.0,2.62,16.0,0.6,0.5,0.2,4.9,8.0,8.0,6.5,4.0,3.0,18.0,0.8,0.4,0.1,-113.9,-104.5,-57.8,-89.6,5.0,33.8,16.0,0.6,0.5,0.2,-63.1,-7.8,6.7,-26.8,5.0,49.2,16.0,0.6,0.5,0.2,0.63,3.15,4.51,2.6,4.0,2.49,18.0,0.8,0.4,0.1,3.5,31.8,51.9,27.9,4.0,28.9,18.0,0.8,0.4,0.1,3.7,5.96,8.56,6.12,4.0,2.81,18.0,0.8,0.4,0.1,28.3,61.8,98.8,63.5,4.0,40.8,18.0,0.8,0.4,0.1,-244.4,-227.1,-190.0,-217.7,4.0,36.4,18.0,0.8,0.4,0.1,-168.5,-76.8,8.0,-80.1,4.0,109.6,18.0,0.8,0.4,0.1,-165.6,-152.4,-137.6,-151.6,4.0,19.9,18.0,0.8,0.4,0.1,-118.1,-54.4,3.7,-57.1,4.0,75.9,18.0,0.8,0.4,0.1,-85.8,-53.8,-26.1,-55.8,4.0,34.6,18.0,0.8,0.4,0.1,-42.8,-10.1,6.3,-17.9,4.0,35.5,18.0,0.8,0.4,0.1,528.0,1092.5,1477.5,1058.5,5.0,693.0,16.0,0.6,0.5,0.2,530.0,1095.0,1480.0,1060.0,5.0,695.0,16.0,0.6,0.5,0.2
1974,2,315.0,2.0,26.19,26.5,28.12,27.13,4.0,1.6,20.0,0.5,0.3,0.5,25.37,26.1,26.2,25.8,4.0,0.67,20.0,0.5,0.3,0.5,17.23,17.54,17.63,17.44,4.0,0.29,20.0,0.5,0.3,0.5,83.1,83.1,85.2,84.1,4.0,2.0,20.0,0.5,0.5,6.08,7.7,8.54,7.33,4.0,1.97,20.0,0.5,0.3,0.5,-8.24,-7.47,-5.53,-6.91,4.0,2.05,20.0,0.5,0.3,0.5,-2.92,-2.47,-1.1,-2.03,4.0,1.4,20.0,0.5,0.3,0.5,1010.14,1010.75,1012.14,1011.13,4.0,1.35,20.0,0.5,0.3,0.5,6.0,6.5,7.5,6.8,4.0,1.0,20.0,0.5,0.3,0.5,-70.8,-57.5,-36.1,-53.7,4.0,26.1,20.0,0.5,0.3,0.5,-25.2,-15.4,-5.0,-15.1,4.0,12.7,20.0,0.5,0.3,0.5,0.18,1.1,2.49,1.33,4.0,1.51,20.0,0.5,0.3,0.5,0.5,7.5,21.9,11.1,4.0,14.3,20.0,0.5,0.3,0.5,3.86,4.46,6.48,5.14,4.0,2.13,20.0,0.5,0.3,0.5,23.0,30.5,56.8,39.5,4.0,25.6,20.0,0.5,0.3,0.5,-210.9,-190.3,-144.5,-178.3,4.0,53.0,20.0,0.5,0.3,0.5,-76.5,-64.4,-28.5,-53.0,4.0,36.7,20.0,0.5,0.3,0.5,-143.2,-129.3,-97.1,-120.6,4.0,36.0,20.0,0.5,0.3,0.5,-51.5,-43.3,-19.1,-35.7,4.0,24.7,20.0,0.5,0.3,0.5,-54.4,-29.7,-20.8,-37.3,4.0,24.3,20.0,0.5,0.3,0.5,-18.5,-9.5,-4.2,-11.3,4.0,10.9,20.0,0.5,0.3,0.5,268.5,456.5,639.0,453.5,4.0,288.5,20.0,0.5,0.3,0.5,270.0,455.0,640.0,455.0,4.0,290.0,20.0,0.5,0.3,0.5
1974,2,315.0,3.0,,,,,,,,,,,,,,,,,,,,,,,,,,,,,,,,,,,,,,,,4.75,6.35,7.95,6.35,2.0,3.32,14.0,1.0,0.5,0.7,-6.45,-4.11,-1.78,-4.11,2.0,4.84,14.0,1.0,0.5,0.7,-3.03,-0.21,2.62,-0.21,2.0,5.86,14.0,1.0,0.5,0.7,1011.56,1012.55,1013.54,1012.55,2.0,2.05,14.0,1.0,0.5,0.7,,,,,,,,,,,,,,,,,,,,,,,,,,,,,,,,,,,,,,,,,,,,,,,,,,,,,,,,,,,,,,,,,,,,,,,,,,,,,,,,,,,,,,,,,,,,,,,,,,,,,,,,,,,,,,,,,,,,,,,,,,,,,,,,,,,,,,,,,,,,,,,,,,,,,,
1974,2,315.0,4.0,25.81,26.8,27.96,26.94,10.0,1.28,12.0,0.3,0.6,0.4,25.77,26.25,26.7,26.46,10.0,0.97,12.0,0.3,0.6,0.4,17.56,18.21,20.74,18.82,8.0,1.77,12.0,0.3,0.7,0.3,77.2,85.9,92.3,85.0,9.0,7.1,12.0,0.2,0.4,6.97,9.3,11.53,9.17,9.0,2.36,12.0,0.3,0.6,0.4,-9.31,-7.12,-5.06,-6.45,9.0,3.38,12.0,0.3,0.6,0.4,-7.82,-5.4,-3.35,-5.56,9.0,2.67,12.0,0.3,0.6,0.4,1007.85,1009.0,1011.2,1009.39,9.0,1.65,12.0,0.3,0.6,0.3,4.3,8.0,8.0,6.7,10.0,2.1,12.0,0.3,0.6,0.4,-98.1,-69.6,-28.3,-62.9,9.0,39.6,12.0,0.3,0.6,0.4,-86.8,-55.6,-25.2,-55.0,9.0,35.3,12.0,0.3,0.6,0.4,-0.7,0.7,1.39,0.48,10.0,1.24,12.0,0.3,0.6,0.4,-2.0,5.4,14.1,6.1,9.0,12.1,12.0,0.3,0.6,0.4,2.27,3.02,4.8,3.73,8.0,2.48,12.0,0.3,0.7,0.3,15.2,31.7,62.9,39.0,7.0,31.6,10.0,0.3,0.6,0.4,-248.0,-205.8,-132.1,-172.2,9.0,90.4,12.0,0.3,0.6,0.4,-204.8,-144.2,-88.0,-147.0,9.0,68.8,12.0,0.3,0.6,0.4,-167.7,-153.9,-105.0,-139.6,7.0,37.0,10.0,0.3,0.6,0.4,-141.8,-89.4,-65.1,-101.5,7.0,51.8,10.0,0.3,0.6,0.4,-48.7,-16.9,-13.1,-31.5,7.0,27.5,10.0,0.3,0.6,0.4,-39.8,-11.2,-7.5,-21.5,7.0,17.6,10.0,0.3,0.6,0.4,343.0,804.5,1539.5,903.0,9.0,590.5,12.0,0.3,0.6,0.4,345.0,805.0,1540.0,905.0,9.0,590.0,12.0,0.3,0.6,0.4
1974,2,315.0,5.0,27.58,27.75,27.92,27.75,2.0,0.35,4.0,0.5,0.4,0.0,25.55,25.65,25.75,25.65,2.0,0.21,4.0,0.5,0.4,0.0,19.43,19.43,19.43,19.43,1.0,0.0,4.0,0.0,0.7,0.0,94.8,94.8,94.8,94.8,1.0,0.0,4.0,0.0,0.0,8.07,8.85,9.63,8.85,2.0,1.63,4.0,0.5,0.4,0.0,-7.38,-6.78,-6.18,-6.78,2.0,1.25,4.0,0.5,0.4,0.0,-6.19,-5.69,-5.18,-5.69,2.0,1.05,4.0,0.5,0.4,0.0,1007.06,1008.05,1009.04,1008.05,2.0,2.05,4.0,0.5,0.4,0.0,6.0,6.0,6.0,6.0,2.0,0.0,4.0,0.5,0.4,0.0,-71.7,-61.0,-50.4,-61.0,2.0,22.1,4.0,0.5,0.4,0.0,-60.1,-51.2,-42.3,-51.2,2.0,18.5,4.0,0.5,0.4,0.0,1.83,2.1,2.37,2.1,2.0,0.57,4.0,0.5,0.4,0.0,17.4,18.1,18.9,18.1,2.0,1.6,4.0,0.5,0.4,0.0,4.39,4.39,4.39,4.39,1.0,0.0,4.0,0.0,0.7,0.0,33.8,33.8,33.8,33.8,1.0,0.0,4.0,0.0,0.7,0.0,-190.1,-174.0,-157.9,-174.0,2.0,33.4,4.0,0.5,0.4,0.0,-159.6,-146.0,-132.5,-146.0,2.0,28.0,4.0,0.5,0.4,0.0,-114.6,-114.6,-114.6,-114.6,1.0,0.0,4.0,0.0,0.7,0.0,-96.2,-96.2,-96.2,-96.2,1.0,0.0,4.0,0.0,0.7,0.0,-25.9,-25.9,-25.9,-25.9,1.0,0.0,4.0,0.0,0.7,0.0,-21.7,-21.7,-21.7,-21.7,1.0,0.0,4.0,0.0,0.7,0.0,543.0,728.5,914.0,728.5,2.0,384.5,4.0,0.5,0.4,0.0,545.0,730.0,915.0,730.0,2.0,385.0,4.0,0.5,0.4,0.0
1974,2,315.0,6.0,26.59,26.7,26.8,26.68,5.0,0.16,22.0,0.2,0.5,0.1,25.3,25.9,26.08,25.76,5.0,0.47,22.0,0.2,0.5,0.1,16.28,16.48,16.5,16.39,3.0,0.18,22.0,0.3,0.6,0.1,76.6,79.1,81.0,78.8,3.0,3.3,22.0,0.3,0.1,8.45,9.0,10.23,9.33,3.0,1.33,22.0,0.3,0.6,0.1,-6.7,-6.28,-4.52,-5.62,3.0,1.7,22.0,0.3,0.6,0.1,-8.76,-5.79,-5.43,-7.07,3.0,2.68,22.0,0.3,0.6,0.1,1011.11,1012.0,1012.14,1011.63,3.0,0.81,22.0,0.3,0.6,0.1,5.0,6.0,6.7,6.0,5.0,1.2,22.0,0.2,0.5,0.1,-58.7,-51.5,-43.6,-51.2,3.0,11.1,22.0,0.3,0.6,0.1,-91.3,-52.1,-46.0,-68.3,3.0,36.0,22.0,0.3,0.6,0.1,0.57,0.9,1.4,0.92,5.0,0.57,22.0,0.2,0.5,0.1,2.6,8.1,12.9,7.7,3.0,7.6,22.0,0.3,0.6,0.1,5.38,5.45,5.53,5.46,3.0,0.11,22.0,0.3,0.6,0.1,45.9,50.1,56.1,51.0,3.0,7.5,22.0,0.3,0.6,0.1,-174.5,-165.8,-116.4,-146.0,3.0,45.9,22.0,0.3,0.6,0.1,-222.8,-149.8,-142.5,-181.9,3.0,65.0,22.0,0.3,0.6,0.1,-109.8,-101.6,-73.9,-92.1,3.0,27.6,22.0,0.3,0.6,0.1,-144.6,-95.3,-88.5,-116.0,3.0,44.8,22.0,0.3,0.6,0.1,-36.9,-33.6,-24.4,-30.7,3.0,9.5,22.0,0.3,0.6,0.1,-48.0,-32.2,-29.5,-38.6,3.0,14.6,22.0,0.3,0.6,0.1,607.5,729.0,1091.5,846.5,3.0,368.5,22.0,0.3,0.6,0.1,610.0,730.0,1090.0,845.0,3.0,370.0,22.0,0.3,0.6,0.1
1974,2,315.0,7.0,27.2,27.2,27.2,27.2,1.0,0.0,10.0,0.0,0.4,0.2,24.5,24.5,24.5,24.5,1.0,0.0,10.0,0.0,0.4,0.2,15.05,15.05,15.05,15.05,1.0,0.0,10.0,0.0,0.4,0.2,78.4,78.4,78.4,78.4,1.0,0.0,10.0,0.0,0.2,10.3,10.3,10.3,10.3,1.0,0.0,10.0,0.0,0.4,0.2,-5.15,-5.15,-5.15,-5.15,1.0,0.0,10.0,0.0,0.4,0.2,-8.92,-8.92,-8.92,-8.92,1.0,0.0,10.0,0.0,0.4,0.2,1009.8,1009.8,1009.8,1009.8,1.0,0.0,10.0,0.0,0.4,0.2,3.0,3.0,3.0,3.0,1.0,0.0,10.0,0.0,0.4,0.2,-53.0,-53.0,-53.0,-53.0,1.0,0.0,10.0,0.0,0.4,0.2,-91.9,-91.9,-91.9,-91.9,1.0,0.0,10.0,0.0,0.4,0.2,2.7,2.7,2.7,2.7,1.0,0.0,10.0,0.0,0.4,0.2,27.8,27.8,27.8,27.8,1.0,0.0,10.0,0.0,0.4,0.2,7.59,7.59,7.59,7.59,1.0,0.0,10.0,0.0,0.4,0.2,78.1,78.1,78.1,78.1,1.0,0.0,10.0,0.0,0.4,0.2,-126.2,-126.2,-126.2,-126.2,1.0,0.0,10.0,0.0,0.4,0.2,-218.5,-218.5,-218.5,-218.5,1.0,0.0,10.0,0.0,0.4,0.2,-77.5,-77.5,-77.5,-77.5,1.0,0.0,10.0,0.0,0.4,0.2,-134.3,-134.3,-134.3,-134.3,1.0,0.0,10.0,0.0,0.4,0.2,-39.1,-39.1,-39.1,-39.1,1.0,0.0,10.0,0.0,0.4,0.2,-67.7,-67.7,-67.7,-67.7,1.0,0.0,10.0,0.0,0.4,0.2,1092.5,1092.5,1092.5,1092.5,1.0,0.0,10.0,0.0,0.4,0.2,1095.0,1095.0,1095.0,1095.0,1.0,0.0,10.0,0.0,0.4,0.2
1974,2,315.0,8.0,25.68,26.5,26.64,26.17,3.0,0.76,8.0,1.0,0.7,0.6,24.51,24.75,24.99,24.75,2.0,0.49,12.0,1.0,0.8,0.8,13.82,14.3,14.78,14.3,2.0,0.99,12.0,1.0,0.8,0.8,70.2,73.9,77.6,73.9,2.0,7.7,12.0,1.0,0.8,8.18,10.3,10.64,9.43,3.0,1.95,8.0,1.0,0.7,0.6,-10.0,-9.35,-7.22,-8.63,3.0,2.13,8.0,1.0,0.7,0.6,-4.83,-3.6,-1.14,-3.0,3.0,2.75,8.0,1.0,0.7,0.6,1011.14,1014.7,1018.84,1014.98,4.0,4.47,8.0,0.8,0.8,0.5,1.4,5.0,7.0,4.3,4.0,3.4,8.0,0.8,0.8,0.5,-104.5,-101.0,-62.7,-84.0,3.0,34.0,8.0,1.0,0.7,0.6,-48.0,-25.9,-8.2,-28.1,3.0,29.2,8.0,1.0,0.7,0.6,0.53,1.25,1.97,1.25,2.0,1.48,12.0,1.0,0.8,0.8,5.2,13.1,21.1,13.1,2.0,16.5,12.0,1.0,0.8,0.8,6.6,6.67,6.73,6.67,2.0,0.13,12.0,1.0,0.8,0.8,51.4,60.2,68.9,60.2,2.0,18.1,12.0,1.0,0.8,0.8,-216.8,-192.4,-167.9,-192.4,2.0,50.7,12.0,1.0,0.8,0.8,-125.2,-111.1,-96.9,-111.1,2.0,29.3,12.0,1.0,0.8,0.8,-131.5,-112.5,-93.6,-112.5,2.0,39.3,12.0,1.0,0.8,0.8,-75.9,-65.0,-54.0,-65.0,2.0,22.7,12.0,1.0,0.8,0.8,-59.7,-52.1,-44.5,-52.1,2.0,15.7,12.0,1.0,0.8,0.8,-34.5,-30.1,-25.7,-30.1,2.0,9.1,12.0,1.0,0.8,0.8,601.5,1092.5,1206.5,908.5,3.0,471.0,8.0,1.0,0.7,0.6,600.0,1095.0,1205.0,910.0,3.0,470.0,8.0,1.0,0.7,0.6
1974,2,315.0,9.0,,,,,,,,,,,,,,,,,,,,,,,,,,,,,,,,,,,,,,,,9.0,9.0,9.0,9.0,1.0,0.0,14.0,1.0,0.9,0.6,-7.79,-7.79,-7.79,-7.79,1.0,0.0,14.0,1.0,0.9,0.6,-4.5,-4.5,-4.5,-4.5,1.0,0.0,14.0,1.0,0.9,0.6,1012.1,1012.1,1012.1,1012.1,1.0,0.0,14.0,1.0,0.9,0.6,,,,,,,,,,,,,,,,,,,,,,,,,,,,,,,,,,,,,,,,,,,,,,,,,,,,,,,,,,,,,,,,,,,,,,,,,,,,,,,,,,,,,,,,,,,,,,,,,,,,,,,,,,,,,,,,,,,,,,,,,,,,,,,,,,,,,,,,,,,,,,,,,,,,,,
1974,2,315.0,10.0,25.0,25.0,25.0,25.0,1.0,0.0,12.0,1.0,0.7,0.5,25.6,25.6,25.6,25.6,1.0,0.0,12.0,1.0,0.7,0.5,15.0,15.0,15.0,15.0,1.0,0.0,12.0,1.0,0.7,0.5,73.4,73.4,73.4,73.4,1.0,0.0,12.0,1.0,0.5,10.3,10.3,10.3,10.3,1.0,0.0,12.0,1.0,0.7,0.5,-9.68,-9.68,-9.68,-9.68,1.0,0.0,12.0,1.0,0.7,0.5,-3.52,-3.52,-3.52,-3.52,1.0,0.0,12.0,1.0,0.7,0.5,1013.0,1013.0,1013.0,1013.0,1.0,0.0,12.0,1.0,0.7,0.5,7.0,7.0,7.0,7.0,1.0,0.0,12.0,1.0,0.7,0.5,-99.7,-99.7,-99.7,-99.7,1.0,0.0,12.0,1.0,0.7,0.5,-36.3,-36.3,-36.3,-36.3,1.0,0.0,12.0,1.0,0.7,0.5,-0.6,-0.6,-0.6,-0.6,1.0,0.0,12.0,1.0,0.7,0.5,-6.2,-6.2,-6.2,-6.2,1.0,0.0,12.0,1.0,0.7,0.5,4.77,4.77,4.77,4.77,1.0,0.0,12.0,1.0,0.7,0.5,49.1,49.1,49.1,49.1,1.0,0.0,12.0,1.0,0.7,0.5,-247.8,-247.8,-247.8,-247.8,1.0,0.0,12.0,1.0,0.7,0.5,-90.2,-90.2,-90.2,-90.2,1.0,0.0,12.0,1.0,0.7,0.5,-145.2,-145.2,-145.2,-145.2,1.0,0.0,12.0,1.0,0.7,0.5,-52.9,-52.9,-52.9,-52.9,1.0,0.0,12.0,1.0,0.7,0.5,-46.2,-46.2,-46.2,-46.2,1.0,0.0,12.0,1.0,0.7,0.5,-16.8,-16.8,-16.8,-16.8,1.0,0.0,12.0,1.0,0.7,0.5,1092.5,1092.5,1092.5,1092.5,1.0,0.0,12.0,1.0,0.7,0.5,1095.0,1095.0,1095.0,1095.0,1.0,0.0,12.0,1.0,0.7,0.5
1974,2,315.0,11.0,25.3,25.3,25.3,25.3,1.0,0.0,12.0,0.0,0.5,0.8,24.1,24.1,24.1,24.1,1.0,0.0,12.0,0.0,0.5,0.8,13.13,13.13,13.13,13.13,1.0,0.0,12.0,0.0,0.5,0.8,70.5,70.5,70.5,70.5,1.0,0.0,12.0,0.0,0.8,12.3,12.3,12.3,12.3,1.0,0.0,12.0,0.0,0.5,0.8,-11.56,-11.56,-11.56,-11.56,1.0,0.0,12.0,0.0,0.5,0.8,-4.21,-4.21,-4.21,-4.21,1.0,0.0,12.0,0.0,0.5,0.8,1014.9,1014.9,1014.9,1014.9,1.0,0.0,12.0,0.0,0.5,0.8,2.0,2.0,2.0,2.0,1.0,0.0,12.0,0.0,0.5,0.8,-142.2,-142.2,-142.2,-142.2,1.0,0.0,12.0,0.0,0.5,0.8,-51.7,-51.7,-51.7,-51.7,1.0,0.0,12.0,0.0,0.5,0.8,1.2,1.2,1.2,1.2,1.0,0.0,12.0,0.0,0.5,0.8,14.8,14.8,14.8,14.8,1.0,0.0,12.0,0.0,0.5,0.8,6.97,6.97,6.97,6.97,1.0,0.0,12.0,0.0,0.5,0.8,85.8,85.8,85.8,85.8,1.0,0.0,12.0,0.0,0.5,0.8,-278.6,-278.6,-278.6,-278.6,1.0,0.0,12.0,0.0,0.5,0.8,-101.4,-101.4,-101.4,-101.4,1.0,0.0,12.0,0.0,0.5,0.8,-151.7,-151.7,-151.7,-151.7,1.0,0.0,12.0,0.0,0.5,0.8,-55.2,-55.2,-55.2,-55.2,1.0,0.0,12.0,0.0,0.5,0.8,-80.6,-80.6,-80.6,-80.6,1.0,0.0,12.0,0.0,0.5,0.8,-29.3,-29.3,-29.3,-29.3,1.0,0.0,12.0,0.0,0.5,0.8,1861.0,1861.0,1861.0,1861.0,1.0,0.0,12.0,0.0,0.5,0.8,1860.0,1860.0,1860.0,1860.0,1.0,0.0,12.0,0.0,0.5,0.8
1974,2,315.0,12.0,24.5,24.7,24.9,24.7,2.0,0.42,14.0,0.5,0.3,0.5,24.25,25.0,25.96,25.1,3.0,1.25,18.0,0.3,0.5,0.6,13.84,15.01,16.18,15.01,2.0,2.42,14.0,0.5,0.3,0.5,71.3,79.2,87.1,79.2,2.0,16.4,14.0,0.5,0.5,9.88,10.05,10.22,10.05,2.0,0.35,14.0,0.5,0.3,0.5,-10.13,-9.75,-9.38,-9.75,2.0,0.77,14.0,0.5,0.3,0.5,-2.82,-1.68,-0.53,-1.68,2.0,2.37,14.0,0.5,0.3,0.5,1014.88,1015.9,1019.72,1017.27,3.0,3.74,18.0,0.3,0.5,0.6,2.3,3.0,5.0,3.7,3.0,2.1,18.0,0.3,0.5,0.6,-103.6,-98.2,-92.8,-98.2,2.0,11.2,14.0,0.5,0.3,0.5,-27.6,-16.4,-5.2,-16.4,2.0,23.2,14.0,0.5,0.3,0.5,-0.33,0.25,0.83,0.25,2.0,1.2,14.0,0.5,0.3,0.5,-3.5,2.3,8.1,2.3,2.0,12.0,14.0,0.5,0.3,0.5,3.43,4.37,5.31,4.37,2.0,1.94,14.0,0.5,0.3,0.5,34.1,44.2,54.4,44.2,2.0,21.1,14.0,0.5,0.3,0.5,-251.6,-238.8,-226.0,-238.8,2.0,26.4,14.0,0.5,0.3,0.5,-67.4,-40.1,-12.7,-40.1,2.0,56.6,14.0,0.5,0.3,0.5,-151.3,-145.5,-139.7,-145.5,2.0,12.0,14.0,0.5,0.3,0.5,-47.2,-28.0,-8.9,-28.0,2.0,39.6,14.0,0.5,0.3,0.5,-54.1,-43.4,-32.6,-43.4,2.0,22.3,14.0,0.5,0.3,0.5,-8.4,-5.0,-1.6,-5.0,2.0,7.1,14.0,0.5,0.3,0.5,965.0,1017.0,1068.5,1017.0,2.0,107.0,14.0,0.5,0.3,0.5,965.0,1015.0,1070.0,1015.0,2.0,105.0,14.0,0.5,0.3,0.5
1974,2,315.0,13.0,24.5,24.5,24.5,24.5,1.0,0.0,10.0,0.0,0.4,0.7,24.0,24.0,24.0,24.0,1.0,0.0,10.0,0.0,0.4,0.7,12.18,12.18,12.18,12.18,1.0,0.0,10.0,0.0,0.4,0.7,65.7,65.7,65.7,65.7,1.0,0.0,10.0,0.0,0.7,10.3,10.3,10.3,10.3,1.0,0.0,10.0,0.0,0.4,0.7,-9.68,-9.68,-9.68,-9.68,1.0,0.0,10.0,0.0,0.4,0.7,-3.52,-3.52,-3.52,-3.52,1.0,0.0,10.0,0.0,0.4,0.7,1013.9,1013.9,1013.9,1013.9,1.0,0.0,10.0,0.0,0.4,0.7,7.0,7.0,7.0,7.0,1.0,0.0,10.0,0.0,0.4,0.7,-99.7,-99.7,-99.7,-99.7,1.0,0.0,10.0,0.0,0.4,0.7,-36.3,-36.3,-36.3,-36.3,1.0,0.0,10.0,0.0,0.4,0.7,0.5,0.5,0.5,0.5,1.0,0.0,10.0,0.0,0.4,0.7,5.2,5.2,5.2,5.2,1.0,0.0,10.0,0.0,0.4,0.7,6.99,6.99,6.99,6.99,1.0,0.0,10.0,0.0,0.4,0.7,72.0,72.0,72.0,72.0,1.0,0.0,10.0,0.0,0.4,0.7,-232.3,-232.3,-232.3,-232.3,1.0,0.0,10.0,0.0,0.4,0.7,-84.5,-84.5,-84.5,-84.5,1.0,0.0,10.0,0.0,0.4,0.7,-117.8,-117.8,-117.8,-117.8,1.0,0.0,10.0,0.0,0.4,0.7,-42.9,-42.9,-42.9,-42.9,1.0,0.0,10.0,0.0,0.4,0.7,-67.7,-67.7,-67.7,-67.7,1.0,0.0,10.0,0.0,0.4,0.7,-24.6,-24.6,-24.6,-24.6,1.0,0.0,10.0,0.0,0.4,0.7,1092.5,1092.5,1092.5,1092.5,1.0,0.0,10.0,0.0,0.4,0.7,1095.0,1095.0,1095.0,1095.0,1.0,0.0,10.0,0.0,0.4,0.7
1974,2,315.0,14.0,23.05,23.6,24.15,23.6,2.0,1.13,14.0,1.0,0.3,0.8,23.96,24.1,24.24,24.1,2.0,0.28,14.0,1.0,0.3,0.8,15.52,15.52,15.52,15.52,1.0,0.0,2.0,1.0,0.1,0.9,83.8,83.8,83.8,83.8,1.0,0.0,2.0,1.0,0.9,7.68,9.8,11.92,9.8,2.0,4.38,14.0,1.0,0.3,0.8,-11.01,-8.63,-6.24,-8.63,2.0,4.94,14.0,1.0,0.3,0.8,-4.4,-4.36,-4.32,-4.36,2.0,0.07,14.0,1.0,0.3,0.8,1011.93,1015.0,1018.07,1015.0,2.0,6.36,14.0,1.0,0.3,0.8,6.2,6.5,6.8,6.5,2.0,0.7,14.0,1.0,0.3,0.8,-137.0,-95.4,-53.7,-95.4,2.0,86.3,14.0,1.0,0.3,0.8,-52.5,-42.9,-33.3,-42.9,2.0,19.8,14.0,1.0,0.3,0.8,-1.18,-0.5,0.18,-0.5,2.0,1.41,14.0,1.0,0.3,0.8,-7.4,-1.8,3.8,-1.8,2.0,11.7,14.0,1.0,0.3,0.8,3.6,3.6,3.6,3.6,1.0,0.0,2.0,1.0,0.1,0.9,46.5,46.5,46.5,46.5,1.0,0.0,2.0,1.0,0.1,0.9,-263.5,-207.2,-150.9,-207.2,2.0,116.7,14.0,1.0,0.3,0.8,-105.3,-105.1,-104.8,-105.1,2.0,0.6,14.0,1.0,0.3,0.8,-188.1,-188.1,-188.1,-188.1,1.0,0.0,2.0,1.0,0.1,0.9,-68.5,-68.5,-68.5,-68.5,1.0,0.0,2.0,1.0,0.1,0.9,-43.6,-43.6,-43.6,-43.6,1.0,0.0,2.0,1.0,0.1,0.9,-15.9,-15.9,-15.9,-15.9,1.0,0.0,2.0,1.0,0.1,0.9,593.5,1223.5,1853.5,1223.5,2.0,1305.5,14.0,1.0,0.3,0.8,595.0,1225.0,1855.0,1225.0,2.0,1305.0,14.0,1.0,0.3,0.8
1974,2,315.0,15.0,24.58,24.75,24.92,24.75,2.0,0.35,18.0,1.0,0.6,0.2,24.16,24.3,24.44,24.3,2.0,0.28,18.0,1.0,0.6,0.2,13.63,13.63,13.64,13.63,2.0,0.01,18.0,1.0,0.6,0.2,71.7,72.3,72.9,72.3,2.0,1.2,18.0,1.0,0.2,6.85,8.25,9.65,8.25,2.0,2.9,18.0,1.0,0.6,0.2,-9.11,-7.89,-6.67,-7.89,2.0,2.53,18.0,1.0,0.6,0.2,-3.13,-2.3,-1.46,-2.3,2.0,1.73,18.0,1.0,0.6,0.2,1014.73,1015.0,1015.27,1015.0,2.0,0.57,18.0,1.0,0.6,0.2,3.0,3.0,3.0,3.0,2.0,0.0,18.0,1.0,0.6,0.2,-89.9,-68.8,-47.7,-68.8,2.0,43.7,18.0,1.0,0.6,0.2,-31.6,-21.5,-11.4,-21.5,2.0,20.9,18.0,1.0,0.6,0.2,0.42,0.45,0.48,0.45,2.0,0.07,18.0,1.0,0.6,0.2,3.3,3.6,4.0,3.6,2.0,0.7,18.0,1.0,0.6,0.2,5.61,5.81,6.01,5.81,2.0,0.41,18.0,1.0,0.6,0.2,40.9,47.3,53.8,47.3,2.0,13.4,18.0,1.0,0.6,0.2,-220.0,-191.4,-162.9,-191.4,2.0,59.2,18.0,1.0,0.6,0.2,-75.6,-55.6,-35.7,-55.6,2.0,41.4,18.0,1.0,0.6,0.2,-124.2,-107.6,-90.9,-107.6,2.0,34.5,18.0,1.0,0.6,0.2,-42.7,-31.4,-20.0,-31.4,2.0,23.6,18.0,1.0,0.6,0.2,-50.9,-45.3,-39.8,-45.3,2.0,11.4,18.0,1.0,0.6,0.2,-17.4,-13.0,-8.6,-13.0,2.0,9.1,18.0,1.0,0.6,0.2,374.0,665.5,957.0,665.5,2.0,604.0,18.0,1.0,0.6,0.2,375.0,665.0,955.0,665.0,2.0,605.0,18.0,1.0,0.6,0.2
1974,2,315.0,16.0,23.0,23.0,23.0,23.0,1.0,0.0,26.0,0.0,0.6,0.3,23.5,23.5,23.5,23.5,1.0,0.0,26.0,0.0,0.6,0.3,12.44,12.44,12.44,12.44,1.0,0.0,26.0,0.0,0.6,0.3,69.5,69.5,69.5,69.5,1.0,0.0,26.0,0.0,0.3,8.7,8.7,8.7,8.7,1.0,0.0,26.0,0.0,0.6,0.3,-6.66,-6.66,-6.66,-6.66,1.0,0.0,26.0,0.0,0.6,0.3,-5.59,-5.59,-5.59,-5.59,1.0,0.0,26.0,0.0,0.6,0.3,1018.0,1018.0,1018.0,1018.0,1.0,0.0,26.0,0.0,0.6,0.3,3.0,3.0,3.0,3.0,1.0,0.0,26.0,0.0,0.6,0.3,-58.0,-58.0,-58.0,-58.0,1.0,0.0,26.0,0.0,0.6,0.3,-48.7,-48.7,-48.7,-48.7,1.0,0.0,26.0,0.0,0.6,0.3,-0.5,-0.5,-0.5,-0.5,1.0,0.0,26.0,0.0,0.6,0.3,-4.3,-4.3,-4.3,-4.3,1.0,0.0,26.0,0.0,0.6,0.3,4.98,4.98,4.98,4.98,1.0,0.0,26.0,0.0,0.6,0.3,43.4,43.4,43.4,43.4,1.0,0.0,26.0,0.0,0.6,0.3,-156.6,-156.6,-156.6,-156.6,1.0,0.0,26.0,0.0,0.6,0.3,-131.4,-131.4,-131.4,-131.4,1.0,0.0,26.0,0.0,0.6,0.3,-82.9,-82.9,-82.9,-82.9,1.0,0.0,26.0,0.0,0.6,0.3,-69.6,-69.6,-69.6,-69.6,1.0,0.0,26.0,0.0,0.6,0.3,-33.2,-33.2,-33.2,-33.2,1.0,0.0,26.0,0.0,0.6,0.3,-27.9,-27.9,-27.9,-27.9,1.0,0.0,26.0,0.0,0.6,0.3,658.5,658.5,658.5,658.5,1.0,0.0,26.0,0.0,0.6,0.3,660.0,660.0,660.0,660.0,1.0,0.0,26.0,0.0,0.6,0.3
1974,2,315.0,18.0,23.3,23.3,23.67,23.48,4.0,0.35,26.0,0.8,0.5,0.4,22.39,22.75,22.9,22.65,4.0,0.33,26.0,0.8,0.5,0.4,12.28,12.74,13.45,12.86,3.0,0.86,26.0,0.7,0.7,0.4,72.0,73.9,80.2,76.0,3.0,6.3,26.0,0.7,0.4,8.41,9.3,9.3,8.87,3.0,0.75,26.0,0.7,0.7,0.4,-8.23,-7.12,-6.99,-7.6,3.0,0.99,26.0,0.7,0.7,0.4,-5.35,-4.0,-3.44,-4.39,3.0,1.44,26.0,0.7,0.7,0.4,1016.32,1016.8,1018.92,1017.6,3.0,2.02,26.0,0.7,0.7,0.4,3.0,3.5,5.0,4.0,4.0,1.4,26.0,0.8,0.5,0.4,-76.5,-66.3,-58.9,-67.7,3.0,13.0,26.0,0.7,0.7,0.4,-48.1,-32.0,-30.3,-39.1,3.0,14.4,26.0,0.7,0.7,0.4,0.4,0.55,1.28,0.83,4.0,0.67,26.0,0.8,0.5,0.4,4.3,6.5,13.5,8.8,3.0,7.1,26.0,0.7,0.7,0.4,4.83,4.98,5.48,5.15,3.0,0.5,26.0,0.7,0.7,0.4,41.2,44.3,50.3,45.7,3.0,6.7,26.0,0.7,0.7,0.4,-183.5,-161.0,-159.4,-171.2,3.0,19.8,26.0,0.7,0.7,0.4,-121.3,-91.6,-77.3,-99.1,3.0,32.9,26.0,0.7,0.7,0.4,-110.2,-88.2,-86.7,-98.2,3.0,19.3,26.0,0.7,0.7,0.4,-65.4,-50.9,-46.1,-55.6,3.0,14.7,26.0,0.7,0.7,0.4,-41.3,-40.7,-36.5,-38.9,3.0,3.9,26.0,0.7,0.7,0.4,-29.6,-19.9,-16.7,-23.1,3.0,9.9,26.0,0.7,0.7,0.4,605.0,804.5,804.5,707.0,3.0,169.0,26.0,0.7,0.7,0.4,605.0,805.0,805.0,705.0,3.0,170.0,26.0,0.7,0.7,0.4
1974,2,315.0,19.0,23.2,23.5,24.87,23.84,15.0,0.83,20.0,0.4,0.5,0.4,22.2,22.5,25.47,23.45,15.0,1.79,20.0,0.4,0.5,0.4,11.45,13.31,15.06,13.57,11.0,2.26,18.0,0.4,0.5,0.4,67.6,77.4,82.1,75.0,11.0,7.1,18.0,0.4,0.4,7.04,8.2,10.8,8.53,12.0,2.0,18.0,0.4,0.5,0.4,-9.43,-7.85,-6.51,-7.82,12.0,1.72,18.0,0.4,0.5,0.4,-4.43,-2.19,2.8,-1.21,12.0,3.5,18.0,0.4,0.5,0.4,1016.82,1019.25,1020.0,1018.84,12.0,1.57,18.0,0.4,0.5,0.4,2.0,5.0,6.8,4.4,15.0,2.1,20.0,0.4,0.5,0.4,-102.0,-63.6,-47.8,-69.8,12.0,28.5,18.0,0.4,0.5,0.4,-44.6,-14.6,23.0,-13.1,12.0,33.5,18.0,0.4,0.5,0.4,-0.47,0.9,1.47,0.39,15.0,1.49,20.0,0.4,0.5,0.4,-9.1,6.8,11.5,2.4,12.0,13.5,18.0,0.4,0.5,0.4,4.01,4.81,6.68,4.83,11.0,2.09,18.0,0.4,0.5,0.4,24.1,44.7,65.0,42.3,11.0,22.6,18.0,0.4,0.5,0.4,-210.1,-199.0,-151.2,-184.7,12.0,37.9,18.0,0.4,0.5,0.4,-100.3,-57.0,70.3,-27.0,12.0,80.7,18.0,0.4,0.5,0.4,-125.4,-106.1,-79.3,-104.4,11.0,23.7,18.0,0.4,0.5,0.4,-51.4,-38.3,45.6,-13.4,11.0,48.3,18.0,0.4,0.5,0.4,-58.6,-38.7,-22.7,-38.1,11.0,19.6,18.0,0.4,0.5,0.4,-30.1,-9.9,9.7,-10.2,11.0,19.5,18.0,0.4,0.5,0.4,374.0,551.5,1259.5,712.0,12.0,418.5,18.0,0.4,0.5,0.4,375.0,550.0,1260.0,710.0,12.0,420.0,18.0,0.4,0.5,0.4
1974,2,315.0,20.0,22.8,23.1,24.5,23.46,7.0,0.8,18.0,0.4,0.7,0.3,22.17,22.4,22.81,22.39,7.0,0.49,18.0,0.4,0.7,0.3,11.35,12.21,12.8,12.0,7.0,0.93,18.0,0.4,0.7,0.3,67.4,70.3,75.6,71.8,7.0,6.3,18.0,0.4,0.3,5.33,7.95,10.19,7.93,8.0,2.29,18.0,0.4,0.6,0.3,-9.37,-6.94,-4.62,-5.58,8.0,5.01,18.0,0.4,0.6,0.3,-5.44,-2.99,-0.19,-2.84,8.0,2.66,18.0,0.4,0.6,0.3,1016.3,1017.75,1022.64,1018.7,8.0,3.42,18.0,0.4,0.6,0.3,2.1,6.5,7.0,5.0,8.0,2.9,18.0,0.4,0.6,0.3,-96.0,-57.5,-21.5,-48.2,8.0,48.6,18.0,0.4,0.6,0.3,-53.7,-27.0,-1.0,-25.7,8.0,26.1,18.0,0.4,0.6,0.3,0.39,0.8,1.76,1.07,7.0,0.98,18.0,0.4,0.7,0.3,4.0,4.1,10.5,7.6,7.0,6.7,18.0,0.4,0.7,0.3,5.68,5.93,6.37,5.93,7.0,0.7,18.0,0.4,0.7,0.3,31.0,42.7,59.9,47.3,7.0,17.1,18.0,0.4,0.7,0.3,-211.7,-161.0,-110.0,-161.3,7.0,44.7,18.0,0.4,0.7,0.3,-122.7,-52.9,1.5,-56.8,7.0,60.9,18.0,0.4,0.7,0.3,-100.9,-89.2,-58.8,-85.6,7.0,20.5,18.0,0.4,0.7,0.3,-58.2,-32.5,0.8,-28.9,7.0,30.6,18.0,0.4,0.7,0.3,-56.0,-40.1,-29.2,-42.8,7.0,13.7,18.0,0.4,0.7,0.3,-34.8,-14.6,0.3,-16.0,7.0,16.7,18.0,0.4,0.7,0.3,159.5,504.0,1060.5,605.0,8.0,441.5,18.0,0.4,0.6,0.3,160.0,505.0,1060.0,605.0,8.0,440.0,18.0,0.4,0.6,0.3
1974,2,315.0,21.0,23.0,23.0,23.0,23.0,2.0,0.0,26.0,1.0,0.6,0.2,21.82,22.3,22.78,22.3,2.0,0.99,26.0,1.0,0.6,0.2,12.74,12.74,12.74,12.74,1.0,0.0,24.0,1.0,0.5,0.4,73.4,73.4,73.4,73.4,1.0,0.0,24.0,1.0,0.4,8.75,8.85,8.95,8.85,2.0,0.21,26.0,1.0,0.6,0.2,-7.44,-6.69,-5.94,-6.69,2.0,1.56,26.0,1.0,0.6,0.2,-6.32,-5.58,-4.84,-5.58,2.0,1.53,26.0,1.0,0.6,0.2,1020.39,1021.45,1022.51,1021.45,2.0,2.19,26.0,1.0,0.6,0.2,2.8,4.5,6.2,4.5,2.0,3.5,26.0,1.0,0.6,0.2,-66.7,-59.4,-52.1,-59.4,2.0,15.2,26.0,1.0,0.6,0.2,-55.2,-49.2,-43.3,-49.2,2.0,12.4,26.0,1.0,0.6,0.2,0.22,0.7,1.18,0.7,2.0,0.99,26.0,1.0,0.6,0.2,2.0,6.3,10.6,6.3,2.0,8.9,26.0,1.0,0.6,0.2,4.66,4.66,4.66,4.66,1.0,0.0,24.0,1.0,0.5,0.4,40.5,40.5,40.5,40.5,1.0,0.0,24.0,1.0,0.5,0.4,-162.0,-148.5,-134.9,-148.5,2.0,28.1,26.0,1.0,0.6,0.2,-144.4,-125.2,-106.1,-125.2,2.0,39.7,26.0,1.0,0.6,0.2,-71.2,-71.2,-71.2,-71.2,1.0,0.0,24.0,1.0,0.5,0.4,-84.9,-84.9,-84.9,-84.9,1.0,0.0,24.0,1.0,0.5,0.4,-26.0,-26.0,-26.0,-26.0,1.0,0.0,24.0,1.0,0.5,0.4,-31.0,-31.0,-31.0,-31.0,1.0,0.0,24.0,1.0,0.5,0.4,669.5,694.0,718.0,694.0,2.0,50.0,26.0,1.0,0.6,0.2,670.0,695.0,720.0,695.0,2.0,50.0,26.0,1.0,0.6,0.2
1974,2,315.0,22.0,21.72,23.0,23.71,22.78,13.0,0.98,12.0,0.5,0.6,0.6,21.51,22.15,22.77,22.18,14.0,1.55,14.0,0.5,0.6,0.5,11.39,12.25,12.56,11.78,13.0,1.24,14.0,0.5,0.6,0.5,65.5,72.4,75.8,71.4,13.0,6.1,14.0,0.5,0.5,5.1,7.1,9.3,7.15,14.0,2.16,14.0,0.5,0.6,0.5,-7.84,-6.27,-4.05,-6.08,14.0,2.03,14.0,0.5,0.6,0.5,-2.31,0.44,2.73,0.3,14.0,3.96,14.0,0.5,0.6,0.5,1019.32,1021.25,1023.31,1021.57,14.0,3.25,14.0,0.5,0.6,0.5,2.0,4.5,7.0,4.2,14.0,2.7,14.0,0.5,0.6,0.5,-79.4,-43.5,-25.6,-45.9,14.0,24.4,14.0,0.5,0.6,0.5,-16.6,2.3,15.1,-0.5,14.0,38.3,14.0,0.5,0.6,0.5,-1.43,0.3,1.82,0.32,13.0,1.7,12.0,0.5,0.6,0.6,-10.3,2.2,16.9,2.0,13.0,15.1,12.0,0.5,0.6,0.6,3.92,5.15,5.69,5.1,12.0,1.45,12.0,0.5,0.6,0.5,25.9,34.0,51.2,38.1,12.0,16.9,12.0,0.5,0.6,0.5,-191.1,-147.6,-89.4,-136.3,14.0,48.1,14.0,0.5,0.6,0.5,-51.7,9.7,52.2,7.2,14.0,88.0,14.0,0.5,0.6,0.5,-92.1,-76.9,-47.1,-71.6,13.0,26.3,14.0,0.5,0.6,0.5,-31.6,10.9,30.3,3.7,13.0,48.8,14.0,0.5,0.6,0.5,-38.8,-28.7,-20.7,-32.6,12.0,16.7,12.0,0.5,0.6,0.5,-11.0,2.5,13.2,-1.1,12.0,20.8,12.0,0.5,0.6,0.5,132.5,358.0,804.5,459.5,14.0,380.5,14.0,0.5,0.6,0.5,135.0,360.0,805.0,460.0,14.0,380.0,14.0,0.5,0.6,0.5
1974,2,315.0,23.0,21.96,22.2,23.12,22.4,11.0,0.83,14.0,0.4,0.5,0.5,21.3,22.0,22.89,22.28,11.0,1.8,14.0,0.4,0.5,0.5,10.85,11.62,13.57,11.84,9.0,1.61,16.0,0.3,0.5,0.5,66.6,75.7,84.2,74.8,10.0,9.3,14.0,0.4,0.5,5.83,7.7,8.54,7.23,11.0,1.56,14.0,0.4,0.5,0.5,-8.23,-6.77,-3.79,-6.46,11.0,2.16,14.0,0.4,0.5,0.5,-2.37,-1.16,2.01,-0.56,11.0,3.0,14.0,0.4,0.5,0.5,1019.8,1021.5,1022.99,1021.69,10.0,1.98,14.0,0.3,0.5,0.5,1.2,5.0,7.4,4.4,11.0,3.0,14.0,0.4,0.5,0.5,-70.6,-48.7,-19.5,-48.9,11.0,23.7,14.0,0.4,0.5,0.5,-16.1,-7.8,11.7,-4.2,11.0,22.5,14.0,0.4,0.5,0.5,-0.65,0.2,1.85,0.12,11.0,2.31,14.0,0.4,0.5,0.5,-5.4,1.9,10.9,0.1,11.0,14.9,14.0,0.4,0.5,0.5,3.53,4.9,6.22,5.03,9.0,1.46,16.0,0.3,0.5,0.5,22.9,27.8,51.1,36.5,9.0,14.9,16.0,0.3,0.5,0.5,-185.4,-170.6,-77.6,-145.3,11.0,51.6,14.0,0.4,0.5,0.5,-49.0,-30.6,44.9,-11.2,11.0,63.9,14.0,0.4,0.5,0.5,-101.7,-79.8,-46.9,-75.0,9.0,29.3,16.0,0.3,0.5,0.5,-27.2,14.1,30.9,-1.0,9.0,34.7,16.0,0.3,0.5,0.5,-45.9,-25.0,-19.7,-30.4,9.0,13.0,16.0,0.3,0.5,0.5,-14.7,4.1,11.6,-5.3,9.0,21.9,16.0,0.3,0.5,0.5,216.5,456.5,632.5,423.5,11.0,234.0,14.0,0.4,0.5,0.5,215.0,455.0,635.0,425.0,11.0,235.0,14.0,0.4,0.5,0.5
1974,2,315.0,24.0,21.71,22.0,22.2,21.88,18.0,0.38,10.0,0.4,0.4,0.7,20.28,21.15,22.0,21.21,18.0,0.87,10.0,0.4,0.4,0.7,10.13,11.82,12.31,11.28,15.0,1.24,10.0,0.4,0.4,0.7,62.3,73.8,82.2,73.1,16.0,8.6,10.0,0.4,0.7,4.0,6.0,7.3,6.05,17.0,2.4,12.0,0.4,0.4,0.7,-6.76,-5.0,-2.44,-5.08,17.0,2.81,12.0,0.4,0.4,0.7,-2.37,0.0,3.84,0.53,17.0,3.0,12.0,0.4,0.4,0.7,1020.1,1023.55,1024.52,1022.62,16.0,2.26,12.0,0.4,0.4,0.7,1.0,3.0,7.0,3.8,18.0,2.7,10.0,0.4,0.4,0.7,-48.1,-25.0,-14.5,-36.2,17.0,37.4,12.0,0.4,0.4,0.7,-14.9,0.0,17.3,2.0,17.0,20.2,12.0,0.4,0.4,0.7,-0.03,0.7,1.65,0.68,18.0,0.95,10.0,0.4,0.4,0.7,-0.6,4.3,7.9,3.2,17.0,6.2,12.0,0.4,0.4,0.7,4.05,4.46,6.11,4.89,15.0,1.23,10.0,0.4,0.4,0.7,17.3,25.7,38.8,29.6,15.0,17.1,10.0,0.4,0.4,0.7,-140.5,-106.5,-52.3,-108.2,17.0,62.2,12.0,0.4,0.4,0.7,-48.1,0.0,80.4,11.7,17.0,64.5,12.0,0.4,0.4,0.7,-77.8,-49.6,-28.8,-56.4,15.0,28.9,10.0,0.4,0.4,0.7,-23.3,0.0,29.6,5.0,15.0,30.3,10.0,0.4,0.4,0.7,-33.4,-21.8,-12.2,-26.1,15.0,17.9,10.0,0.4,0.4,0.7,-10.9,0.0,9.2,0.9,15.0,13.4,10.0,0.4,0.4,0.7,64.0,216.0,398.0,335.0,17.0,466.5,12.0,0.4,0.4,0.7,65.0,215.0,400.0,335.0,17.0,465.0,12.0,0.4,0.4,0.7
1974,2,315.0,25.0,21.48,22.0,23.32,22.2,7.0,0.96,14.0,0.6,0.6,0.3,20.61,22.9,24.0,22.34,8.0,2.48,14.0,0.6,0.6,0.3,11.35,12.72,13.61,12.44,5.0,1.44,12.0,0.6,0.7,0.4,66.9,68.5,82.4,73.9,5.0,10.2,12.0,0.6,0.4,4.07,4.8,7.41,5.51,8.0,2.7,14.0,0.6,0.6,0.3,-5.41,-3.8,-2.61,-4.02,8.0,1.8,14.0,0.6,0.6,0.3,-1.37,2.1,3.47,0.6,8.0,4.46,14.0,0.6,0.6,0.3,1021.01,1021.1,1022.59,1021.73,8.0,1.56,14.0,0.6,0.6,0.3,1.4,6.5,7.0,5.3,8.0,2.8,14.0,0.6,0.6,0.3,-52.1,-18.3,-10.7,-25.4,8.0,21.1,14.0,0.6,0.6,0.3,-7.3,9.7,19.5,-4.3,8.0,41.7,14.0,0.6,0.6,0.3,-2.86,1.3,3.05,0.1,7.0,3.08,14.0,0.6,0.6,0.3,-11.6,6.5,15.2,5.2,7.0,20.5,14.0,0.6,0.6,0.3,3.29,4.77,5.5,4.41,4.0,1.64,12.0,0.5,0.7,0.4,15.1,23.2,27.8,21.5,4.0,8.6,12.0,0.5,0.7,0.4,-109.4,-84.5,-61.2,-89.2,8.0,41.7,14.0,0.6,0.6,0.3,-27.7,51.7,72.9,20.1,8.0,86.3,14.0,0.6,0.6,0.3,-69.4,-47.9,-41.1,-55.2,5.0,19.3,12.0,0.6,0.7,0.4,7.4,31.6,48.4,26.6,5.0,27.2,12.0,0.6,0.7,0.4,-22.5,-14.9,-11.2,-16.8,4.0,8.1,12.0,0.5,0.7,0.4,-3.8,9.7,17.9,7.2,4.0,13.5,12.0,0.5,0.7,0.4,67.5,111.0,420.5,289.0,8.0,442.0,14.0,0.6,0.6,0.3,70.0,110.0,420.0,290.0,8.0,440.0,14.0,0.6,0.6,0.3
1974,2,315.0,26.0,21.5,22.0,22.43,21.85,15.0,0.73,12.0,0.5,0.6,0.4,20.84,21.2,22.28,21.35,15.0,0.72,12.0,0.5,0.6,0.4,9.71,11.8,13.54,11.79,13.0,2.01,12.0,0.6,0.6,0.5,63.0,74.4,87.7,75.5,13.0,12.0,12.0,0.6,0.5,4.16,6.45,7.67,6.02,14.0,1.82,12.0,0.6,0.6,0.4,-6.19,-3.12,2.25,-2.65,14.0,3.73,12.0,0.6,0.6,0.4,-3.6,2.09,5.02,1.0,14.0,4.46,12.0,0.6,0.6,0.4,1020.5,1022.2,1025.87,1022.64,15.0,2.97,12.0,0.5,0.6,0.4,2.0,4.0,7.8,4.5,15.0,2.6,12.0,0.5,0.6,0.4,-44.9,-16.0,14.9,-16.4,14.0,27.5,12.0,0.6,0.6,0.4,-25.9,7.8,29.6,5.1,14.0,31.8,12.0,0.6,0.6,0.4,-0.41,0.4,1.51,0.51,15.0,0.95,12.0,0.5,0.6,0.4,-3.0,1.9,6.9,2.6,14.0,5.2,12.0,0.6,0.6,0.4,2.44,3.68,7.39,4.29,13.0,2.35,12.0,0.6,0.6,0.5,8.6,21.7,38.3,23.8,12.0,14.5,12.0,0.7,0.6,0.4,-130.5,-65.8,45.9,-56.6,14.0,80.5,12.0,0.6,0.6,0.4,-80.0,43.6,105.4,21.0,14.0,95.5,12.0,0.6,0.6,0.4,-61.2,-41.5,29.6,-26.9,12.0,49.2,12.0,0.7,0.6,0.4,-50.5,6.7,55.1,2.9,12.0,53.6,12.0,0.7,0.6,0.4,-28.3,-13.7,5.2,-13.7,12.0,17.8,12.0,0.7,0.6,0.4,-13.6,1.7,15.0,0.1,12.0,17.6,12.0,0.7,0.6,0.4,73.0,269.5,451.5,271.0,14.0,188.5,12.0,0.6,0.6,0.4,75.0,270.0,450.0,270.0,14.0,190.0,12.0,0.6,0.6,0.4
1974,2,315.0,27.0,20.45,21.5,22.82,21.54,13.0,1.27,10.0,0.4,0.6,0.4,20.01,21.0,22.91,21.15,14.0,1.39,10.0,0.4,0.6,0.4,10.3,11.72,14.1,11.89,13.0,2.08,8.0,0.5,0.6,0.5,68.3,80.3,82.2,76.4,13.0,9.0,8.0,0.5,0.5,2.63,4.85,7.7,5.26,14.0,2.89,10.0,0.4,0.6,0.4,-5.89,-3.03,0.0,-2.44,14.0,3.97,10.0,0.4,0.6,0.4,0.03,1.93,4.88,2.36,14.0,3.15,10.0,0.4,0.6,0.4,1020.06,1022.5,1024.44,1022.91,14.0,3.1,10.0,0.4,0.6,0.4,2.1,5.5,7.0,5.1,14.0,2.2,10.0,0.4,0.6,0.4,-43.7,-11.6,0.0,-11.0,14.0,31.9,10.0,0.4,0.6,0.4,0.1,8.3,37.6,18.7,14.0,29.5,10.0,0.4,0.6,0.4,-0.41,0.5,1.14,0.34,13.0,1.66,10.0,0.4,0.6,0.4,-2.2,1.3,4.0,-0.3,13.0,10.2,10.0,0.4,0.6,0.4,2.15,3.56,5.87,3.98,12.0,2.43,8.0,0.4,0.6,0.4,4.2,21.5,27.0,18.2,12.0,11.1,8.0,0.4,0.6,0.4,-123.7,-62.4,0.0,-53.4,14.0,83.8,10.0,0.4,0.6,0.4,0.6,42.6,98.6,50.2,14.0,63.2,10.0,0.4,0.6,0.4,-70.8,-35.1,3.9,-29.7,13.0,50.6,8.0,0.5,0.6,0.5,4.3,25.5,59.1,32.5,13.0,36.3,8.0,0.5,0.6,0.5,-22.4,-12.2,2.0,-8.6,12.0,14.7,8.0,0.4,0.6,0.4,1.0,5.7,16.7,5.7,12.0,12.3,8.0,0.4,0.6,0.4,18.5,115.0,456.5,269.5,14.0,331.5,10.0,0.4,0.6,0.4,20.0,115.0,455.0,270.0,14.0,330.0,10.0,0.4,0.6,0.4
1974,2,315.0,28.0,20.09,21.1,22.54,21.09,19.0,1.56,14.0,0.6,0.6,0.4,20.0,20.65,21.5,20.62,20.0,0.89,16.0,0.6,0.6,0.4,10.91,12.54,13.15,12.21,20.0,1.48,16.0,0.6,0.6,0.4,74.0,81.3,90.0,81.7,20.0,9.2,16.0,0.6,0.4,2.1,5.1,7.77,5.52,19.0,2.98,16.0,0.6,0.6,0.4,-3.44,-2.46,0.0,-2.07,19.0,2.69,16.0,0.6,0.6,0.4,-0.81,2.3,6.9,2.73,19.0,4.63,16.0,0.6,0.6,0.4,1021.0,1023.35,1025.5,1023.2,20.0,2.24,16.0,0.6,0.6,0.4,4.7,7.0,8.0,6.3,19.0,2.0,14.0,0.6,0.6,0.4,-22.2,-16.2,0.0,-13.8,19.0,17.7,16.0,0.6,0.6,0.4,-2.8,10.6,47.9,22.4,19.0,41.7,16.0,0.6,0.6,0.4,-0.53,0.3,1.74,0.5,19.0,1.92,14.0,0.6,0.6,0.4,-3.9,0.0,10.1,3.4,18.0,16.4,16.0,0.6,0.6,0.4,1.08,3.25,5.53,3.43,19.0,2.19,14.0,0.6,0.6,0.4,2.3,14.7,25.3,17.6,18.0,18.9,16.0,0.6,0.6,0.4,-73.1,-46.8,0.0,-42.8,19.0,56.0,16.0,0.6,0.6,0.4,-16.3,51.1,147.7,57.6,19.0,93.2,16.0,0.6,0.6,0.4,-43.2,-26.0,0.0,-25.4,19.0,35.9,16.0,0.6,0.6,0.4,-9.2,26.2,90.5,35.6,19.0,57.0,16.0,0.6,0.6,0.4,-13.2,-7.6,-0.4,-6.7,18.0,8.6,16.0,0.6,0.6,0.4,-1.9,2.6,17.1,5.8,18.0,23.0,16.0,0.6,0.6,0.4,9.5,132.5,470.0,307.0,19.0,383.0,16.0,0.6,0.6,0.4,10.0,135.0,470.0,305.0,19.0,385.0,16.0,0.6,0.6,0.4
1974,2,315.0,29.0,20.35,21.15,22.0,21.17,18.0,1.3,10.0,0.4,0.6,0.4,19.08,19.95,21.44,20.13,18.0,1.18,10.0,0.4,0.6,0.4,9.64,11.12,12.08,10.84,16.0,1.64,10.0,0.4,0.6,0.4,64.7,74.6,88.5,75.1,16.0,10.9,10.0,0.4,0.4,2.95,5.1,7.64,5.56,18.0,2.87,10.0,0.4,0.6,0.4,-4.24,0.0,3.35,-0.63,18.0,3.78,10.0,0.4,0.6,0.4,-4.01,2.45,4.39,0.68,18.0,5.07,10.0,0.4,0.6,0.4,1022.42,1023.75,1025.29,1023.77,18.0,1.95,10.0,0.4,0.6,0.4,2.0,5.0,7.3,4.7,18.0,2.4,10.0,0.4,0.6,0.4,-23.9,0.0,16.4,-4.9,18.0,26.9,10.0,0.4,0.6,0.4,-20.2,10.2,28.0,-1.3,18.0,46.1,10.0,0.4,0.6,0.4,-0.12,0.9,1.84,1.04,18.0,1.45,10.0,0.4,0.6,0.4,-0.3,3.7,11.6,5.0,18.0,8.5,10.0,0.4,0.6,0.4,3.33,4.9,5.9,4.46,16.0,1.79,10.0,0.4,0.6,0.4,8.5,26.0,35.6,25.1,16.0,17.1,10.0,0.4,0.6,0.4,-89.4,0.0,66.3,-13.1,18.0,78.6,10.0,0.4,0.6,0.4,-82.3,50.0,90.2,15.4,18.0,101.4,10.0,0.4,0.6,0.4,-46.4,0.0,30.9,-9.5,16.0,44.4,10.0,0.4,0.6,0.4,-46.8,27.2,44.2,8.8,16.0,55.8,10.0,0.4,0.6,0.4,-20.4,0.0,20.0,-0.3,16.0,17.1,10.0,0.4,0.6,0.4,-13.0,6.8,20.8,1.8,16.0,25.8,10.0,0.4,0.6,0.4,26.0,132.5,494.0,308.0,18.0,413.5,10.0,0.4,0.6,0.4,25.0,135.0,495.0,310.0,18.0,415.0,10.0,0.4,0.6,0.4
1974,2,315.0,30.0,18.95,20.0,20.95,19.81,23.0,0.99,14.0,0.5,0.4,0.5,19.0,20.0,21.0,20.04,26.0,1.09,16.0,0.5,0.5,0.5,9.8,11.46,12.61,11.28,15.0,1.28,16.0,0.5,0.4,0.5,70.7,81.8,88.1,79.0,15.0,10.3,16.0,0.5,0.5,4.0,6.2,8.71,6.4,26.0,2.6,16.0,0.5,0.5,0.5,-5.37,-1.8,4.65,-0.96,26.0,4.23,16.0,0.5,0.5,0.5,-3.07,2.9,8.06,2.51,26.0,4.9,16.0,0.5,0.5,0.5,1021.14,1023.45,1026.02,1023.38,26.0,2.88,16.0,0.5,0.5,0.5,3.0,5.5,8.0,5.4,26.0,2.4,16.0,0.5,0.5,0.5,-33.5,-11.7,29.9,-6.1,26.0,32.3,16.0,0.5,0.5,0.5,-12.5,13.1,71.2,22.9,26.0,44.0,16.0,0.5,0.5,0.5,-1.05,-0.1,0.75,-0.22,23.0,1.02,14.0,0.5,0.4,0.5,-8.8,-0.8,3.2,-2.0,23.0,6.1,14.0,0.5,0.4,0.5,2.1,2.89,4.29,3.13,14.0,1.15,16.0,0.6,0.4,0.5,12.5,19.6,25.2,18.7,14.0,6.3,16.0,0.6,0.4,0.5,-107.6,-37.4,87.9,-20.1,26.0,84.3,16.0,0.5,0.5,0.5,-55.3,58.2,152.5,51.4,26.0,98.1,16.0,0.5,0.5,0.5,-53.4,-34.1,42.9,-20.1,15.0,46.2,16.0,0.5,0.4,0.5,-29.0,42.2,93.3,31.1,15.0,54.2,16.0,0.5,0.4,0.5,-18.9,-7.5,0.0,-6.9,14.0,12.3,16.0,0.6,0.4,0.5,-10.9,8.7,21.2,4.6,14.0,13.8,16.0,0.6,0.4,0.5,64.0,238.5,661.0,388.5,26.0,409.0,16.0,0.5,0.5,0.5,65.0,240.0,660.0,390.0,26.0,410.0,16.0,0.5,0.5,0.5
1974,2,315.0,31.0,19.0,20.0,21.0,20.11,13.0,0.8,12.0,0.3,0.6,0.4,18.0,19.5,20.98,19.47,15.0,1.55,12.0,0.3,0.6,0.4,9.38,10.67,11.52,10.31,11.0,1.64,12.0,0.3,0.7,0.3,69.3,75.7,79.1,73.6,11.0,8.1,12.0,0.3,0.3,3.21,5.1,7.7,5.61,15.0,2.29,12.0,0.3,0.6,0.4,-2.9,0.0,4.21,0.24,15.0,3.81,12.0,0.3,0.6,0.4,-3.75,2.6,6.14,1.96,15.0,4.51,12.0,0.3,0.6,0.4,1021.27,1024.4,1026.7,1024.03,15.0,2.75,12.0,0.3,0.6,0.4,0.4,2.0,5.6,2.8,16.0,2.5,12.0,0.3,0.6,0.4,-18.2,0.0,25.2,-1.3,15.0,30.0,12.0,0.3,0.6,0.4,-15.9,12.8,43.6,10.1,15.0,34.4,12.0,0.3,0.6,0.4,-0.53,0.5,1.69,0.72,13.0,1.47,12.0,0.3,0.6,0.4,-3.7,3.4,8.0,3.0,13.0,6.5,12.0,0.3,0.6,0.4,3.31,3.84,4.82,4.21,11.0,1.6,12.0,0.3,0.7,0.3,15.1,26.1,30.9,23.8,11.0,9.1,12.0,0.3,0.7,0.3,-60.5,0.0,78.5,4.7,15.0,73.2,12.0,0.3,0.6,0.4,-66.6,56.1,121.8,42.1,15.0,87.9,12.0,0.3,0.6,0.4,-42.0,0.0,41.2,-3.6,11.0,40.0,12.0,0.3,0.7,0.3,-13.8,44.9,72.7,31.8,11.0,49.5,12.0,0.3,0.7,0.3,-19.3,0.0,14.6,-1.1,11.0,17.2,12.0,0.3,0.7,0.3,-5.6,16.4,22.7,9.6,11.0,17.5,12.0,0.3,0.7,0.3,33.5,132.5,456.5,263.0,15.0,286.5,12.0,0.3,0.6,0.4,35.0,135.0,455.0,265.0,15.0,285.0,12.0,0.3,0.6,0.4
1974,2,315.0,32.0,19.0,19.5,20.0,19.51,13.0,0.67,18.0,0.4,0.7,0.5,17.22,18.5,19.98,18.67,15.0,1.3,18.0,0.3,0.7,0.5,7.66,8.67,12.12,9.79,13.0,2.53,18.0,0.3,0.6,0.5,60.6,74.3,89.1,73.9,13.0,14.1,18.0,0.3,0.5,4.78,8.1,12.22,8.36,16.0,4.0,18.0,0.4,0.7,0.5,0.0,5.95,8.27,4.36,16.0,5.14,18.0,0.4,0.7,0.5,-6.17,0.78,6.98,0.42,16.0,6.6,18.0,0.4,0.7,0.5,1020.57,1022.65,1025.58,1022.54,16.0,3.11,18.0,0.4,0.7,0.5,4.0,6.0,7.8,5.5,15.0,2.0,18.0,0.4,0.6,0.5,0.0,47.5,86.5,44.1,16.0,61.5,18.0,0.4,0.7,0.5,-54.0,2.4,51.5,4.5,16.0,79.5,18.0,0.4,0.7,0.5,-0.41,0.3,2.03,0.62,13.0,1.23,18.0,0.4,0.7,0.5,-2.8,1.5,20.7,6.2,13.0,11.2,18.0,0.4,0.7,0.5,1.25,3.48,5.33,3.62,11.0,2.51,18.0,0.4,0.6,0.5,2.9,18.7,55.5,26.1,11.0,23.8,18.0,0.4,0.6,0.5,0.0,108.1,140.8,73.6,15.0,93.9,18.0,0.3,0.7,0.5,-124.7,0.0,138.9,11.1,15.0,127.3,18.0,0.3,0.7,0.5,0.0,48.1,74.6,42.4,13.0,50.9,18.0,0.3,0.6,0.5,-69.9,0.0,67.6,-4.2,13.0,65.5,18.0,0.3,0.6,0.5,0.6,9.3,32.6,17.6,11.0,19.6,18.0,0.4,0.6,0.5,-28.2,0.0,14.0,-5.4,11.0,23.7,18.0,0.4,0.6,0.5,143.5,531.5,1906.5,948.0,16.0,1060.0,18.0,0.4,0.7,0.5,145.0,530.0,1905.0,950.0,16.0,1060.0,18.0,0.4,0.7,0.5
1974,2,315.0,33.0,18.75,19.5,20.8,19.62,23.0,1.21,14.0,0.7,0.5,0.4,17.4,19.5,20.5,19.18,23.0,1.8,14.0,0.7,0.5,0.4,8.53,10.46,12.27,10.54,19.0,1.77,14.0,0.7,0.5,0.4,66.4,81.4,86.0,77.3,19.0,11.2,14.0,0.7,0.4,5.4,9.8,14.23,9.77,22.0,3.92,12.0,0.6,0.5,0.4,-2.1,5.58,11.69,5.03,22.0,6.68,12.0,0.6,0.5,0.4,-5.48,2.59,7.62,1.42,22.0,6.5,12.0,0.6,0.5,0.4,1014.05,1019.7,1023.81,1018.88,23.0,4.74,14.0,0.7,0.5,0.4,2.0,4.0,7.0,4.4,23.0,2.2,14.0,0.7,0.5,0.4,-8.6,55.9,155.1,65.9,22.0,91.7,12.0,0.6,0.5,0.4,-51.1,12.1,107.1,21.9,22.0,77.7,12.0,0.6,0.5,0.4,-0.5,0.5,1.7,0.44,23.0,1.39,14.0,0.7,0.5,0.4,-6.5,3.9,19.8,4.4,22.0,13.5,12.0,0.6,0.5,0.4,1.61,3.64,4.93,3.69,19.0,1.94,14.0,0.7,0.5,0.4,14.5,27.5,49.3,33.7,18.0,22.6,14.0,0.7,0.5,0.4,-39.8,113.7,239.0,100.3,22.0,129.0,12.0,0.6,0.5,0.4,-96.2,50.7,148.0,31.6,22.0,122.0,12.0,0.6,0.5,0.4,-38.6,44.2,149.9,50.7,18.0,83.5,14.0,0.7,0.5,0.4,-43.6,43.1,98.4,30.4,18.0,67.7,14.0,0.7,0.5,0.4,-8.2,15.5,35.2,14.4,18.0,24.0,14.0,0.7,0.5,0.4,-17.5,7.1,21.1,0.4,18.0,30.3,14.0,0.7,0.5,0.4,160.5,941.0,2921.5,1377.0,22.0,1485.0,12.0,0.6,0.5,0.4,160.0,940.0,2920.0,1375.0,22.0,1485.0,12.0,0.6,0.5,0.4
1974,2,315.0,34.0,17.29,18.1,19.51,18.29,19.0,1.17,14.0,0.5,0.5,0.4,17.0,18.0,19.2,18.03,20.0,1.45,14.0,0.6,0.6,0.4,7.0,10.41,11.27,9.58,17.0,1.96,12.0,0.5,0.5,0.4,58.3,76.8,83.4,73.6,17.0,12.7,12.0,0.5,0.4,5.12,10.05,12.89,9.51,20.0,3.29,14.0,0.6,0.6,0.4,-1.93,5.5,9.88,3.68,20.0,7.73,14.0,0.6,0.6,0.4,-5.1,0.44,6.61,0.35,20.0,5.66,14.0,0.6,0.6,0.4,1015.8,1018.5,1029.07,1019.56,19.0,7.1,14.0,0.5,0.5,0.4,2.0,6.0,8.0,5.5,20.0,2.6,14.0,0.6,0.6,0.4,-21.8,40.6,127.1,36.4,20.0,96.9,14.0,0.6,0.6,0.4,-47.8,2.3,66.1,8.1,20.0,60.5,14.0,0.6,0.6,0.4,-1.7,0.5,1.87,0.26,19.0,1.96,14.0,0.5,0.5,0.4,-18.1,5.7,18.0,-0.1,19.0,18.6,14.0,0.5,0.5,0.4,1.05,3.11,5.89,3.41,17.0,2.33,12.0,0.5,0.5,0.4,11.5,26.3,60.4,34.3,17.0,27.6,12.0,0.5,0.5,0.4,-34.4,98.7,190.6,68.6,20.0,144.1,14.0,0.6,0.6,0.4,-89.2,7.4,126.7,10.0,20.0,102.8,14.0,0.6,0.6,0.4,-30.3,62.9,115.6,41.2,17.0,79.8,12.0,0.5,0.5,0.4,-39.5,22.5,71.3,17.1,17.0,50.6,12.0,0.5,0.5,0.4,-11.3,13.3,38.0,5.8,17.0,37.1,12.0,0.5,0.5,0.4,-19.4,2.0,13.9,-3.1,17.0,24.2,12.0,0.5,0.5,0.4,134.5,1017.0,2140.5,1149.0,20.0,968.0,14.0,0.6,0.6,0.4,135.0,1015.0,2140.0,1150.0,20.0,970.0,14.0,0.6,0.6,0.4
1974,2,315.0,35.0,16.87,17.9,19.25,18.07,12.0,1.29,16.0,0.2,0.6,0.5,14.86,16.1,18.08,16.33,11.0,1.77,16.0,0.2,0.6,0.5,6.98,8.36,11.23,9.11,9.0,2.21,16.0,0.2,0.6,0.6,61.8,75.0,87.8,76.3,9.0,12.8,16.0,0.2,0.6,6.57,9.55,12.33,9.63,12.0,2.99,16.0,0.2,0.6,0.5,-8.11,3.54,7.76,0.87,12.0,8.1,16.0,0.2,0.6,0.5,-6.94,-3.83,5.04,-2.25,12.0,6.17,16.0,0.2,0.6,0.5,1018.59,1021.75,1023.45,1021.28,12.0,2.59,16.0,0.2,0.6,0.5,0.7,4.5,8.0,4.3,12.0,3.1,16.0,0.2,0.6,0.5,-90.8,18.8,72.1,1.9,12.0,95.0,16.0,0.2,0.6,0.5,-80.5,-25.0,47.9,-19.6,12.0,71.2,16.0,0.2,0.6,0.5,-0.18,1.5,3.77,1.76,11.0,2.41,16.0,0.2,0.6,0.5,-2.3,9.9,38.6,18.5,11.0,26.5,16.0,0.2,0.6,0.5,0.95,3.49,5.56,3.46,9.0,2.44,16.0,0.2,0.6,0.6,8.0,31.3,68.0,34.8,9.0,29.4,16.0,0.2,0.6,0.6,-142.4,53.6,119.5,0.5,11.0,134.2,16.0,0.2,0.6,0.5,-103.4,-92.7,100.5,-29.6,11.0,105.7,16.0,0.2,0.6,0.5,-77.7,44.5,58.6,3.2,9.0,76.8,16.0,0.2,0.6,0.6,-47.5,-39.9,72.2,-2.4,9.0,61.5,16.0,0.2,0.6,0.6,-15.6,6.1,54.7,14.9,9.0,33.7,16.0,0.2,0.6,0.6,-36.5,-20.9,4.6,-15.5,9.0,24.0,16.0,0.2,0.6,0.6,285.0,873.0,1908.0,1129.0,12.0,926.0,16.0,0.2,0.6,0.5,285.0,875.0,1910.0,1130.0,12.0,925.0,16.0,0.2,0.6,0.5
1974,2,315.0,36.0,16.85,17.6,18.3,17.44,18.0,1.03,20.0,0.6,0.5,0.4,14.46,16.8,18.06,16.32,19.0,2.03,18.0,0.5,0.5,0.4,5.71,8.52,10.03,8.22,17.0,2.26,18.0,0.5,0.5,0.5,57.3,73.5,86.0,72.0,17.0,13.8,18.0,0.5,0.5,4.53,8.2,14.54,8.78,19.0,4.57,18.0,0.5,0.5,0.4,-0.87,3.28,9.94,3.77,19.0,5.76,18.0,0.5,0.5,0.4,-4.43,2.96,6.84,2.08,19.0,7.04,18.0,0.5,0.5,0.4,1015.97,1024.7,1028.07,1023.11,19.0,6.04,18.0,0.5,0.5,0.4,2.0,3.0,6.1,3.8,19.0,2.3,18.0,0.5,0.5,0.4,-4.4,13.0,124.7,48.5,19.0,76.6,18.0,0.5,0.5,0.4,-25.4,13.6,76.1,28.7,19.0,92.3,18.0,0.5,0.5,0.4,-0.24,0.8,2.12,1.22,18.0,1.9,20.0,0.6,0.5,0.4,-1.2,7.1,21.7,8.8,18.0,14.7,20.0,0.6,0.5,0.4,2.08,3.83,6.59,4.11,16.0,2.26,18.0,0.5,0.6,0.5,14.3,26.3,56.3,32.4,16.0,23.2,18.0,0.5,0.6,0.5,-16.0,38.4,156.0,62.0,19.0,95.9,18.0,0.5,0.5,0.4,-53.9,50.3,121.0,42.8,19.0,113.2,18.0,0.5,0.5,0.4,-1.8,33.6,81.1,36.6,17.0,49.2,18.0,0.5,0.5,0.5,-29.3,0.0,74.8,25.5,17.0,67.3,18.0,0.5,0.5,0.5,-4.2,11.1,33.2,14.5,16.0,25.0,18.0,0.5,0.6,0.5,-26.9,0.0,14.1,-2.7,16.0,28.3,18.0,0.5,0.6,0.5,93.5,551.5,3081.5,1228.0,19.0,1453.0,18.0,0.5,0.5,0.4,95.0,550.0,3080.0,1230.0,19.0,1455.0,18.0,0.5,0.5,0.4
1974,2,315.0,37.0,17.5,18.6,19.18,18.52,17.0,1.06,12.0,0.4,0.6,0.3,13.93,16.8,18.46,16.39,19.0,2.18,14.0,0.3,0.6,0.4,7.52,10.37,12.08,10.06,14.0,2.13,14.0,0.4,0.5,0.3,74.7,83.9,92.1,83.5,14.0,10.1,14.0,0.4,0.3,6.17,10.0,12.9,10.01,19.0,3.65,14.0,0.3,0.6,0.4,-4.12,2.63,7.21,2.34,19.0,5.22,14.0,0.3,0.6,0.4,-7.14,6.2,12.36,3.47,19.0,8.56,14.0,0.3,0.6,0.4,1011.67,1017.5,1021.84,1017.41,19.0,5.88,14.0,0.3,0.6,0.4,1.0,6.0,7.3,4.7,18.0,2.9,14.0,0.3,0.6,0.4,-22.7,20.3,85.2,28.5,19.0,63.1,14.0,0.3,0.6,0.4,-57.2,38.4,153.1,51.4,19.0,109.7,14.0,0.3,0.6,0.4,-0.65,1.0,4.49,1.75,17.0,2.58,12.0,0.4,0.6,0.3,-7.6,6.8,41.8,16.6,17.0,29.8,12.0,0.4,0.6,0.3,0.58,2.21,6.49,3.17,14.0,2.73,14.0,0.4,0.5,0.3,6.5,24.8,60.6,33.6,14.0,32.6,14.0,0.4,0.5,0.3,-71.9,40.3,119.6,37.6,19.0,85.9,14.0,0.3,0.6,0.4,-94.6,111.6,214.6,69.4,19.0,143.6,14.0,0.3,0.6,0.4,-38.2,32.4,74.7,28.0,14.0,54.3,14.0,0.4,0.5,0.3,-53.8,83.6,130.2,52.7,14.0,93.4,14.0,0.4,0.5,0.3,-11.6,4.0,37.6,11.7,14.0,27.7,14.0,0.4,0.5,0.3,-46.2,0.6,24.0,-6.6,14.0,36.3,14.0,0.4,0.5,0.3,235.0,1000.0,2146.5,1395.5,19.0,1465.5,14.0,0.3,0.6,0.4,235.0,1000.0,2145.0,1395.0,19.0,1465.0,14.0,0.3,0.6,0.4
1974,2,315.0,38.0,16.27,17.35,17.93,17.37,12.0,1.42,14.0,0.3,0.7,0.5,13.95,17.0,18.19,15.89,16.0,2.86,12.0,0.3,0.6,0.4,6.27,8.46,11.36,8.85,13.0,2.59,14.0,0.2,0.7,0.4,64.8,81.6,89.9,77.9,13.0,12.7,14.0,0.2,0.4,3.55,13.9,17.62,11.33,16.0,5.91,12.0,0.3,0.6,0.4,-0.36,6.64,15.43,6.7,16.0,7.18,12.0,0.3,0.6,0.4,-1.66,5.71,11.56,5.43,16.0,6.39,12.0,0.3,0.6,0.4,1007.69,1013.9,1021.35,1014.66,16.0,6.75,12.0,0.3,0.6,0.4,3.4,6.0,7.6,5.6,16.0,2.1,12.0,0.3,0.6,0.4,-0.6,74.8,262.7,101.1,16.0,119.4,12.0,0.3,0.6,0.4,-4.9,43.7,166.8,83.8,16.0,99.4,12.0,0.3,0.6,0.4,-1.75,0.65,5.16,1.52,12.0,3.59,14.0,0.3,0.7,0.5,-25.5,3.2,43.4,10.5,12.0,44.3,14.0,0.3,0.7,0.5,1.24,3.17,6.3,3.53,11.0,2.58,14.0,0.3,0.7,0.5,7.5,17.4,75.9,36.6,11.0,41.7,14.0,0.3,0.7,0.5,0.2,110.1,215.1,104.9,16.0,110.6,12.0,0.3,0.6,0.4,-21.0,91.9,210.2,97.3,16.0,110.8,12.0,0.3,0.6,0.4,10.9,38.9,98.0,53.1,13.0,56.6,14.0,0.2,0.7,0.4,-11.0,32.6,119.5,57.8,13.0,69.8,14.0,0.2,0.7,0.4,1.4,11.2,74.8,32.2,11.0,43.4,14.0,0.3,0.7,0.5,-8.7,3.2,14.0,4.1,11.0,13.0,14.0,0.3,0.7,0.5,61.5,2685.5,5482.5,2486.0,16.0,2244.0,12.0,0.3,0.6,0.4,60.0,2685.0,5480.0,2485.0,16.0,2245.0,12.0,0.3,0.6,0.4
1974,2,315.0,39.0,16.74,17.1,18.0,17.28,5.0,0.73,8.0,0.8,0.6,0.4,13.71,17.1,19.0,16.24,7.0,3.39,8.0,0.7,0.6,0.4,8.64,11.12,11.76,10.24,4.0,2.38,6.0,0.5,0.7,0.3,86.1,87.7,88.1,87.1,4.0,1.5,6.0,0.5,0.3,13.4,17.0,20.22,17.21,7.0,3.53,8.0,0.7,0.6,0.4,-3.27,8.61,19.05,8.32,7.0,11.11,8.0,0.7,0.6,0.4,0.0,10.27,16.77,9.44,7.0,7.06,8.0,0.7,0.6,0.4,1000.98,1010.6,1017.9,1011.06,7.0,8.45,8.0,0.7,0.6,0.4,2.0,7.0,8.0,5.6,7.0,2.6,8.0,0.7,0.6,0.4,-54.7,115.4,363.1,161.3,7.0,211.8,8.0,0.7,0.6,0.4,0.0,137.6,289.7,160.5,7.0,142.2,8.0,0.7,0.6,0.4,-1.66,-1.0,0.51,-0.68,5.0,1.54,8.0,0.8,0.6,0.4,-23.8,-13.4,8.7,-9.0,5.0,23.9,8.0,0.8,0.6,0.4,0.93,1.24,1.45,1.19,3.0,0.38,6.0,0.7,0.8,0.1,12.5,16.6,29.2,20.7,3.0,12.7,6.0,0.7,0.8,0.1,-52.7,163.7,249.9,116.4,7.0,168.6,8.0,0.7,0.6,0.4,0.0,195.0,262.8,166.7,7.0,119.5,8.0,0.7,0.6,0.4,101.1,115.9,142.7,121.6,4.0,26.1,6.0,0.5,0.7,0.3,56.3,120.6,155.7,106.7,4.0,77.4,6.0,0.5,0.7,0.3,8.0,10.7,18.7,13.3,3.0,8.2,6.0,0.7,0.8,0.1,9.5,12.7,22.3,15.9,3.0,9.8,6.0,0.7,0.8,0.1,2406.0,4913.0,8284.0,5660.5,7.0,3392.5,8.0,0.7,0.6,0.4,2405.0,4915.0,8285.0,5660.0,7.0,3395.0,8.0,0.7,0.6,0.4
1974,2,315.0,40.0,14.47,15.4,16.05,15.38,12.0,0.74,16.0,0.7,0.5,0.3,10.02,11.0,15.56,11.89,14.0,3.96,16.0,0.6,0.5,0.4,3.75,5.66,8.51,6.1,10.0,2.56,16.0,0.6,0.4,0.5,54.9,73.3,90.5,72.9,11.0,17.2,16.0,0.5,0.4,7.36,10.8,14.9,10.72,13.0,4.17,16.0,0.7,0.5,0.4,2.09,6.95,9.96,6.51,13.0,4.88,16.0,0.7,0.5,0.4,-7.53,-2.76,8.43,-0.48,13.0,8.47,16.0,0.7,0.5,0.4,1015.9,1019.7,1026.94,1019.81,12.0,6.93,18.0,0.7,0.5,0.5,3.0,6.0,7.0,5.3,14.0,2.1,16.0,0.6,0.5,0.4,7.5,89.4,147.7,84.7,13.0,77.3,16.0,0.7,0.5,0.4,-89.4,-9.9,75.0,-10.7,13.0,108.0,16.0,0.7,0.5,0.4,-0.68,4.85,5.85,3.59,12.0,4.11,16.0,0.7,0.5,0.3,-8.1,48.5,77.3,32.8,11.0,49.8,16.0,0.7,0.5,0.4,2.39,5.53,6.41,4.65,9.0,2.65,16.0,0.7,0.5,0.4,15.5,54.1,69.2,47.8,8.0,35.4,16.0,0.8,0.5,0.4,19.3,73.0,150.1,76.4,13.0,68.6,16.0,0.7,0.5,0.4,-75.6,-27.1,132.5,16.5,13.0,114.1,16.0,0.7,0.5,0.4,11.7,26.1,74.1,37.1,9.0,30.6,18.0,0.7,0.5,0.5,-40.6,-26.7,73.7,-0.6,9.0,60.8,18.0,0.7,0.5,0.5,9.9,27.5,52.9,31.2,8.0,23.8,16.0,0.8,0.5,0.4,-45.5,-17.2,16.4,-19.5,8.0,41.8,16.0,0.8,0.5,0.4,419.5,1259.5,3308.0,1720.5,13.0,1389.0,16.0,0.7,0.5,0.4,420.0,1260.0,3310.0,1720.0,13.0,1390.0,16.0,0.7,0.5,0.4
1974,2,315.0,41.0,13.75,14.9,16.63,14.92,12.0,2.01,12.0,0.7,0.7,0.4,7.49,13.9,17.05,13.13,13.0,4.44,14.0,0.7,0.6,0.4,5.53,6.29,6.86,6.7,7.0,1.8,12.0,0.6,0.8,0.2,66.1,75.4,86.2,72.9,7.0,14.8,12.0,0.6,0.2,12.01,15.0,19.05,14.81,13.0,4.88,14.0,0.7,0.6,0.4,0.0,8.74,13.4,8.23,13.0,7.23,14.0,0.7,0.6,0.4,0.0,7.2,17.62,7.62,13.0,8.53,14.0,0.7,0.6,0.4,998.49,1011.0,1018.7,1008.58,13.0,11.16,14.0,0.7,0.6,0.4,4.7,6.0,7.0,5.6,13.0,1.8,14.0,0.7,0.6,0.4,0.0,83.2,227.9,133.3,13.0,130.9,14.0,0.7,0.6,0.4,0.0,103.7,311.0,129.9,13.0,152.4,14.0,0.7,0.6,0.4,-2.9,2.15,8.06,2.11,12.0,5.06,12.0,0.7,0.7,0.4,-40.6,24.1,152.7,36.4,12.0,83.0,12.0,0.7,0.7,0.4,2.23,4.1,5.06,3.52,7.0,2.35,12.0,0.6,0.8,0.2,4.7,50.0,85.8,48.5,7.0,46.5,12.0,0.6,0.8,0.2,0.0,112.9,166.7,95.4,13.0,74.6,14.0,0.7,0.6,0.4,0.0,100.1,252.0,124.9,13.0,129.1,14.0,0.7,0.6,0.4,-0.6,55.0,84.8,45.5,7.0,50.1,12.0,0.6,0.8,0.2,0.0,20.3,114.5,57.8,7.0,75.8,12.0,0.6,0.8,0.2,-0.3,35.8,70.4,36.1,7.0,41.6,12.0,0.6,0.8,0.2,-1.2,13.0,41.8,18.7,7.0,35.3,12.0,0.6,0.8,0.2,1760.0,3375.0,6912.0,4104.0,13.0,2712.5,14.0,0.7,0.6,0.4,1760.0,3375.0,6910.0,4105.0,13.0,2710.0,14.0,0.7,0.6,0.4
1974,2,315.0,42.0,12.28,15.1,16.7,14.41,10.0,2.76,18.0,0.3,0.5,0.6,6.67,8.5,14.0,9.39,11.0,3.92,18.0,0.3,0.5,0.6,5.03,6.28,7.39,6.57,8.0,2.3,16.0,0.4,0.5,0.5,74.3,83.4,97.7,83.0,8.0,15.0,16.0,0.4,0.5,6.2,11.1,16.79,11.58,10.0,5.29,16.0,0.3,0.4,0.5,-2.28,4.44,11.19,4.47,10.0,6.68,16.0,0.3,0.4,0.5,-4.75,3.86,14.11,4.51,10.0,9.35,16.0,0.3,0.4,0.5,1004.73,1012.8,1025.9,1015.13,11.0,10.66,18.0,0.3,0.5,0.6,4.4,8.0,8.0,6.4,10.0,2.4,18.0,0.3,0.5,0.5,-14.1,34.9,171.0,64.9,10.0,93.4,16.0,0.3,0.4,0.5,-29.4,25.2,235.2,80.0,10.0,152.9,16.0,0.3,0.4,0.5,0.03,7.15,8.73,5.48,10.0,5.02,18.0,0.3,0.5,0.6,-19.0,52.7,116.5,55.6,9.0,80.4,16.0,0.3,0.5,0.5,0.98,5.56,6.48,4.05,8.0,3.02,16.0,0.4,0.5,0.5,15.0,35.3,50.5,35.2,8.0,36.5,16.0,0.4,0.5,0.5,-19.4,23.7,94.4,34.0,10.0,55.4,16.0,0.3,0.4,0.5,-33.3,31.8,211.3,70.2,10.0,118.4,16.0,0.3,0.4,0.5,-19.9,1.4,58.5,15.2,8.0,36.6,16.0,0.4,0.5,0.5,-24.6,18.8,131.1,43.6,8.0,79.9,16.0,0.4,0.5,0.5,-9.0,2.6,49.5,17.9,8.0,36.1,16.0,0.4,0.5,0.5,-20.5,3.0,28.0,6.8,8.0,32.0,16.0,0.4,0.5,0.5,238.5,1475.5,4732.5,2436.0,10.0,2446.5,16.0,0.3,0.4,0.5,240.0,1475.0,4735.0,2435.0,10.0,2445.0,16.0,0.3,0.4,0.5
1974,2,315.0,43.0,10.73,14.0,15.42,13.21,11.0,3.08,18.0,0.4,0.5,0.4,4.5,8.9,14.37,8.62,13.0,5.69,16.0,0.4,0.6,0.4,3.73,5.8,8.55,6.08,11.0,2.3,16.0,0.5,0.5,0.4,68.3,82.2,88.5,78.7,12.0,11.5,16.0,0.4,0.4,4.55,7.7,11.35,8.28,13.0,4.18,16.0,0.4,0.6,0.4,-3.85,4.04,9.22,3.2,13.0,5.33,16.0,0.4,0.6,0.4,-4.99,-0.71,7.58,1.37,13.0,7.08,16.0,0.4,0.6,0.4,1009.47,1015.1,1023.09,1015.43,12.0,7.54,16.0,0.4,0.5,0.4,7.0,8.0,8.0,7.3,11.0,1.2,16.0,0.5,0.6,0.4,-17.3,20.8,99.0,33.5,13.0,54.9,16.0,0.4,0.6,0.4,-27.2,-2.9,85.7,30.7,13.0,96.9,16.0,0.4,0.6,0.4,0.65,3.9,7.35,4.07,11.0,3.78,18.0,0.4,0.5,0.4,6.0,32.0,41.0,28.1,11.0,39.2,18.0,0.4,0.5,0.4,1.39,3.48,5.85,3.54,10.0,2.18,18.0,0.4,0.5,0.4,10.1,26.7,34.9,27.7,10.0,20.6,18.0,0.4,0.5,0.4,-8.9,41.2,58.1,35.2,13.0,54.1,16.0,0.4,0.6,0.4,-26.3,-7.3,117.6,30.0,13.0,95.0,16.0,0.4,0.6,0.4,-12.5,26.7,52.7,21.9,11.0,35.2,16.0,0.5,0.5,0.4,-24.1,-3.0,71.2,20.2,11.0,62.5,16.0,0.5,0.5,0.4,-8.4,1.8,27.6,11.5,10.0,24.5,18.0,0.4,0.5,0.4,-27.6,-4.1,10.7,-6.6,10.0,21.9,18.0,0.4,0.5,0.4,94.5,456.5,1462.0,1013.5,13.0,1450.0,16.0,0.4,0.6,0.4,95.0,455.0,1460.0,1015.0,13.0,1450.0,16.0,0.4,0.6,0.4
1974,2,315.0,44.0,3.43,8.55,13.01,8.45,10.0,4.5,16.0,0.5,0.4,0.3,2.68,3.9,10.71,5.75,11.0,4.19,18.0,0.5,0.4,0.4,3.8,4.02,7.24,5.15,9.0,1.66,18.0,0.4,0.4,0.4,77.9,81.8,88.4,82.9,9.0,6.1,18.0,0.4,0.4,9.59,13.0,16.47,13.34,11.0,3.43,18.0,0.5,0.4,0.4,3.09,11.13,15.15,9.47,11.0,7.29,18.0,0.5,0.4,0.4,-0.81,3.13,10.26,3.66,11.0,6.39,18.0,0.5,0.4,0.4,994.35,1009.0,1018.18,1007.86,11.0,11.4,18.0,0.5,0.4,0.4,6.5,8.0,8.0,7.1,9.0,2.0,18.0,0.6,0.4,0.4,44.0,125.8,252.3,140.3,11.0,122.3,18.0,0.5,0.4,0.4,-9.2,43.2,149.4,57.6,11.0,88.1,18.0,0.5,0.4,0.4,-3.79,2.4,9.04,2.41,10.0,6.51,16.0,0.5,0.4,0.3,-46.7,27.1,123.5,34.9,10.0,92.5,16.0,0.5,0.4,0.3,-0.4,0.65,4.63,1.45,8.0,2.62,18.0,0.5,0.4,0.3,-3.6,6.4,53.8,21.3,8.0,39.3,18.0,0.5,0.4,0.3,12.5,43.9,73.5,41.2,11.0,34.7,18.0,0.5,0.4,0.4,-5.6,4.3,89.0,35.7,11.0,69.1,18.0,0.5,0.4,0.4,10.5,51.1,63.8,41.3,9.0,31.7,18.0,0.4,0.4,0.4,-7.6,12.5,81.6,28.5,9.0,46.2,18.0,0.4,0.4,0.4,-3.4,2.8,52.3,22.5,8.0,34.2,18.0,0.5,0.4,0.3,-9.1,-1.1,13.7,-1.0,8.0,17.6,18.0,0.5,0.4,0.3,884.5,2197.0,4552.5,2806.5,11.0,2044.5,18.0,0.5,0.4,0.4,885.0,2195.0,4550.0,2805.0,11.0,2045.0,18.0,0.5,0.4,0.4
1974,2,315.0,45.0,3.9,8.1,11.28,7.81,13.0,3.37,16.0,0.5,0.5,0.4,1.29,4.0,8.93,5.13,15.0,4.32,14.0,0.5,0.5,0.4,3.13,4.97,5.89,4.73,11.0,2.08,14.0,0.5,0.5,0.4,65.9,77.5,89.2,76.7,12.0,15.4,14.0,0.5,0.3,4.95,12.3,17.42,12.09,15.0,5.72,14.0,0.5,0.5,0.4,-1.22,8.92,13.85,7.15,15.0,7.55,14.0,0.5,0.5,0.4,-6.59,1.4,7.13,1.44,15.0,8.68,14.0,0.5,0.5,0.4,1001.33,1009.5,1023.87,1009.75,13.0,12.75,14.0,0.5,0.5,0.3,2.8,8.0,8.0,5.8,13.0,2.9,14.0,0.5,0.6,0.4,-5.6,91.9,202.7,106.0,15.0,133.5,14.0,0.5,0.5,0.4,-80.6,6.7,104.0,14.6,15.0,158.3,14.0,0.5,0.5,0.4,-2.73,3.2,5.82,2.47,13.0,4.87,16.0,0.5,0.5,0.4,-29.6,27.8,82.2,29.3,13.0,59.0,16.0,0.5,0.5,0.4,0.64,1.53,3.07,1.83,10.0,1.98,16.0,0.6,0.5,0.4,5.7,14.3,34.3,18.4,10.0,22.4,16.0,0.6,0.5,0.4,-16.3,13.5,59.0,17.4,15.0,43.9,14.0,0.5,0.5,0.4,-36.0,4.9,56.8,26.1,15.0,74.9,14.0,0.5,0.5,0.4,-13.7,11.5,37.3,13.1,11.0,29.9,14.0,0.5,0.5,0.4,-0.3,12.5,65.7,26.3,11.0,54.2,14.0,0.5,0.5,0.4,-0.6,7.1,31.2,14.0,10.0,22.0,16.0,0.6,0.5,0.4,-14.6,4.0,9.2,-0.2,10.0,13.1,16.0,0.6,0.5,0.4,128.5,1861.0,5348.5,2901.0,15.0,3361.5,14.0,0.5,0.5,0.4,130.0,1860.0,5350.0,2900.0,15.0,3360.0,14.0,0.5,0.5,0.4
1974,2,315.0,46.0,2.63,3.0,4.1,3.4,5.0,1.52,24.0,0.4,0.4,0.4,1.13,2.0,4.94,2.96,5.0,2.59,24.0,0.4,0.4,0.4,3.41,3.5,5.41,4.39,3.0,1.66,24.0,0.7,0.4,0.3,75.5,91.0,97.1,86.4,3.0,16.3,24.0,0.7,0.3,4.89,12.9,16.35,11.02,5.0,6.43,24.0,0.4,0.4,0.4,-0.11,6.16,11.56,5.98,5.0,6.48,24.0,0.4,0.4,0.4,-3.55,6.11,11.44,4.7,5.0,8.89,24.0,0.4,0.4,0.4,1003.37,1009.3,1024.94,1013.76,5.0,12.58,24.0,0.4,0.4,0.4,3.8,8.0,8.0,6.0,4.0,4.0,24.0,0.5,0.5,0.4,-1.7,110.8,162.3,91.1,5.0,95.8,24.0,0.4,0.4,0.4,-33.8,37.9,179.1,72.3,5.0,146.7,24.0,0.4,0.4,0.4,-0.85,0.0,1.87,0.44,5.0,1.52,24.0,0.4,0.4,0.4,-14.1,0.0,7.5,-3.0,5.0,12.2,24.0,0.4,0.4,0.4,0.03,1.1,1.26,0.66,3.0,0.98,24.0,0.7,0.4,0.3,-4.8,2.9,14.9,5.0,3.0,14.5,24.0,0.7,0.4,0.3,-0.4,19.8,47.3,23.1,5.0,25.0,24.0,0.4,0.4,0.4,-7.9,9.2,54.4,25.0,5.0,54.9,24.0,0.4,0.4,0.4,13.4,38.8,45.6,29.7,3.0,24.9,24.0,0.7,0.4,0.3,-15.0,-9.0,70.0,26.6,3.0,69.4,24.0,0.7,0.4,0.3,-1.8,0.5,13.3,5.6,3.0,11.9,24.0,0.7,0.4,0.3,-7.6,-7.0,-4.2,-5.9,3.0,2.7,24.0,0.7,0.4,0.3,157.5,2146.5,4448.5,2377.5,5.0,2437.0,24.0,0.4,0.4,0.4,160.0,2145.0,4450.0,2375.0,5.0,2435.0,24.0,0.4,0.4,0.4
1974,2,315.0,47.0,2.0,4.0,4.1,3.42,13.0,1.3,18.0,0.5,0.6,0.6,-0.69,1.0,3.0,1.12,14.0,2.31,18.0,0.5,0.6,0.6,3.06,3.28,3.46,3.29,7.0,0.25,16.0,0.4,0.5,0.6,68.4,81.3,86.3,80.0,7.0,11.0,16.0,0.4,0.6,8.7,12.6,15.87,12.07,14.0,4.35,18.0,0.5,0.6,0.6,-1.57,7.0,12.67,6.82,14.0,7.45,18.0,0.5,0.6,0.6,-1.28,4.37,12.78,4.89,14.0,6.67,18.0,0.5,0.6,0.6,1002.62,1006.45,1019.37,1009.86,14.0,8.9,18.0,0.5,0.6,0.6,6.0,7.5,8.0,6.6,10.0,2.5,18.0,0.5,0.7,0.5,-12.8,80.5,163.4,96.6,14.0,122.9,18.0,0.5,0.6,0.6,-11.5,56.6,177.9,69.1,14.0,95.4,18.0,0.5,0.6,0.6,-0.1,2.0,3.55,1.91,13.0,2.12,18.0,0.5,0.6,0.6,-1.2,15.9,43.7,22.8,13.0,31.9,18.0,0.5,0.6,0.6,1.15,1.37,2.14,1.55,7.0,0.66,16.0,0.4,0.5,0.6,9.8,17.8,27.2,21.6,7.0,14.7,16.0,0.4,0.5,0.6,-10.5,0.8,21.5,5.3,14.0,19.5,18.0,0.5,0.6,0.6,-2.1,4.7,44.1,15.0,14.0,21.0,18.0,0.5,0.6,0.6,-5.4,33.5,52.9,28.7,7.0,26.0,16.0,0.4,0.5,0.6,8.9,16.3,20.8,17.5,7.0,16.3,16.0,0.4,0.5,0.6,-1.6,16.6,25.7,16.8,7.0,17.9,16.0,0.4,0.5,0.6,3.8,8.7,12.7,8.0,7.0,6.1,16.0,0.4,0.5,0.6,658.5,2004.0,3996.5,2381.0,14.0,2067.5,18.0,0.5,0.6,0.6,660.0,2005.0,3995.0,2380.0,14.0,2065.0,18.0,0.5,0.6,0.6
1974,2,315.0,48.0,2.0,3.15,4.11,3.15,10.0,1.43,14.0,0.5,0.5,0.4,-1.84,0.7,2.93,0.46,15.0,2.21,18.0,0.5,0.5,0.3,2.88,3.25,4.21,3.37,6.0,0.83,14.0,0.3,0.5,0.5,73.1,84.0,98.3,83.8,6.0,15.3,14.0,0.3,0.5,6.96,11.3,15.4,11.31,16.0,4.39,18.0,0.4,0.5,0.3,3.75,7.7,13.63,8.04,16.0,6.11,18.0,0.4,0.5,0.3,-4.06,0.0,8.31,0.36,16.0,7.01,18.0,0.4,0.5,0.3,989.06,1002.5,1018.92,1003.89,16.0,13.4,18.0,0.4,0.5,0.3,4.9,8.0,8.0,7.0,13.0,2.0,16.0,0.5,0.6,0.4,18.0,109.1,187.0,107.0,16.0,97.9,18.0,0.4,0.5,0.3,-35.5,0.0,78.7,5.5,16.0,101.9,18.0,0.4,0.5,0.3,1.69,4.2,5.0,3.26,9.0,2.56,16.0,0.6,0.5,0.3,9.8,51.5,71.2,38.0,9.0,34.9,16.0,0.6,0.5,0.3,0.75,1.23,2.72,1.55,6.0,1.04,14.0,0.3,0.5,0.5,7.0,17.0,30.2,19.1,6.0,13.9,14.0,0.3,0.5,0.5,-24.5,-1.5,18.7,-2.6,15.0,20.7,18.0,0.5,0.5,0.3,-17.9,-1.1,3.0,-4.8,15.0,18.7,18.0,0.5,0.5,0.3,14.6,29.5,42.4,23.4,6.0,29.9,14.0,0.3,0.5,0.5,-4.2,4.3,15.4,5.3,6.0,17.4,14.0,0.3,0.5,0.5,0.4,16.9,28.9,16.1,6.0,17.2,14.0,0.3,0.5,0.5,-0.8,1.3,4.5,1.9,6.0,4.5,14.0,0.3,0.5,0.5,357.5,1477.0,3652.5,2042.5,16.0,1854.5,18.0,0.4,0.5,0.3,355.0,1475.0,3650.0,2040.0,16.0,1855.0,18.0,0.4,0.5,0.3
1974,2,315.0,49.0,1.59,2.5,6.25,3.58,5.0,2.86,14.0,0.2,0.6,0.3,-0.7,2.35,5.52,2.63,6.0,3.22,14.0,0.3,0.6,0.4,3.56,4.41,5.2,4.5,5.0,1.22,14.0,0.2,0.6,0.3,96.8,97.8,100.0,98.2,5.0,2.0,14.0,0.2,0.3,7.46,14.15,14.61,11.82,6.0,4.37,14.0,0.3,0.6,0.4,-11.03,-3.93,1.44,-3.83,6.0,7.01,14.0,0.3,0.6,0.4,-9.26,0.47,12.73,1.65,6.0,10.8,14.0,0.3,0.6,0.4,996.75,998.45,1000.1,998.03,6.0,3.7,14.0,0.3,0.6,0.4,7.6,8.0,8.0,7.8,5.0,0.4,12.0,0.4,0.6,0.4,-158.8,-29.4,19.9,-46.6,6.0,99.5,14.0,0.3,0.6,0.4,-133.3,11.7,181.7,26.9,6.0,153.4,14.0,0.3,0.6,0.4,-0.83,3.2,3.93,1.42,5.0,5.07,14.0,0.2,0.6,0.3,-15.7,42.6,46.1,12.2,5.0,71.4,14.0,0.2,0.6,0.3,-0.33,1.03,1.55,0.52,5.0,1.84,14.0,0.2,0.6,0.3,-5.8,14.8,16.8,4.5,5.0,25.7,14.0,0.2,0.6,0.3,-8.8,3.9,10.0,2.3,6.0,11.5,14.0,0.3,0.6,0.4,0.7,8.5,49.6,25.0,6.0,47.6,14.0,0.3,0.6,0.4,-39.3,-27.7,11.2,-15.1,5.0,30.3,14.0,0.2,0.6,0.3,-33.0,23.3,70.7,22.3,5.0,57.6,14.0,0.2,0.6,0.3,-11.6,-11.3,3.3,-5.1,5.0,9.5,14.0,0.2,0.6,0.3,-21.2,-9.5,12.3,-6.9,5.0,22.5,14.0,0.2,0.6,0.3,457.5,2836.0,3123.5,2160.0,6.0,1463.5,14.0,0.3,0.6,0.4,460.0,2835.0,3125.0,2160.0,6.0,1465.0,14.0,0.3,0.6,0.4
1974,2,315.0,50.0,7.38,8.2,9.36,8.37,3.0,1.46,10.0,0.3,0.5,0.5,-1.68,-1.4,1.92,0.22,5.0,3.81,12.0,0.2,0.5,0.4,2.51,2.86,4.89,3.68,3.0,1.88,10.0,0.3,0.5,0.5,73.5,86.2,90.6,82.2,3.0,13.0,10.0,0.3,0.5,9.3,19.0,20.13,15.74,5.0,6.01,12.0,0.2,0.5,0.4,8.84,17.85,19.46,14.94,5.0,5.83,12.0,0.2,0.5,0.4,2.09,4.65,6.89,4.4,5.0,2.96,12.0,0.2,0.5,0.4,992.79,999.0,1005.29,998.94,5.0,6.97,12.0,0.2,0.5,0.4,7.6,8.0,8.0,7.8,5.0,0.4,12.0,0.2,0.5,0.4,82.3,339.2,393.3,263.0,5.0,172.7,12.0,0.2,0.5,0.4,27.5,62.7,139.4,79.3,5.0,66.2,12.0,0.2,0.5,0.4,3.68,9.0,10.64,7.2,3.0,5.33,10.0,0.3,0.5,0.5,72.4,171.0,202.1,138.0,3.0,99.2,10.0,0.3,0.5,0.5,1.78,3.45,4.77,3.28,3.0,2.2,10.0,0.3,0.5,0.5,35.9,65.6,90.7,63.3,3.0,40.2,10.0,0.3,0.5,0.5,-30.9,-11.3,47.2,12.2,5.0,75.3,12.0,0.2,0.5,0.4,-8.9,-4.9,19.3,5.7,5.0,26.8,12.0,0.2,0.5,0.4,46.2,51.1,98.8,72.0,3.0,42.6,10.0,0.3,0.5,0.5,11.2,18.6,36.0,23.5,3.0,18.6,10.0,0.3,0.5,0.5,33.7,61.6,88.4,61.1,3.0,40.0,10.0,0.3,0.5,0.5,10.8,17.8,21.0,15.9,3.0,7.6,10.0,0.3,0.5,0.5,804.5,6859.0,8296.0,5224.0,5.0,4342.5,12.0,0.2,0.5,0.4,805.0,6860.0,8295.0,5225.0,5.0,4345.0,12.0,0.2,0.5,0.4
1974,2,315.0,51.0,8.03,8.1,8.17,8.1,2.0,0.14,18.0,0.0,0.3,0.1,7.36,7.5,7.64,7.5,2.0,0.28,18.0,0.0,0.3,0.1,5.54,5.7,5.87,5.7,2.0,0.34,18.0,0.0,0.3,0.1,86.2,88.1,90.0,88.1,2.0,3.9,18.0,0.0,0.1,19.75,21.35,22.95,21.35,2.0,3.32,18.0,0.0,0.3,0.1,6.75,7.3,7.85,7.3,2.0,1.14,18.0,0.0,0.3,0.1,18.56,20.06,21.57,20.06,2.0,3.12,18.0,0.0,0.3,0.1,1001.06,1003.55,1006.04,1003.55,2.0,5.16,18.0,0.0,0.3,0.1,8.0,8.0,8.0,8.0,2.0,0.0,18.0,0.0,0.3,0.1,134.4,157.8,181.2,157.8,2.0,48.5,18.0,0.0,0.3,0.1,369.2,433.5,497.9,433.5,2.0,133.4,18.0,0.0,0.3,0.1,0.53,0.6,0.67,0.6,2.0,0.14,18.0,0.0,0.3,0.1,12.1,12.6,13.1,12.6,2.0,1.0,18.0,0.0,0.3,0.1,0.9,1.04,1.19,1.04,2.0,0.3,18.0,0.0,0.3,0.1,20.3,21.8,23.2,21.8,2.0,3.0,18.0,0.0,0.3,0.1,49.8,54.9,60.0,54.9,2.0,10.6,18.0,0.0,0.3,0.1,136.9,150.9,165.0,150.9,2.0,29.1,18.0,0.0,0.3,0.1,37.5,41.8,46.2,41.8,2.0,8.9,18.0,0.0,0.3,0.1,103.1,115.0,126.8,115.0,2.0,24.5,18.0,0.0,0.3,0.1,6.9,7.5,8.0,7.5,2.0,1.0,18.0,0.0,0.3,0.1,19.1,20.5,21.8,20.5,2.0,2.9,18.0,0.0,0.3,0.1,7883.0,10085.5,12288.0,10085.5,2.0,4563.0,18.0,0.0,0.3,0.1,7885.0,10085.0,12290.0,10085.0,2.0,4565.0,18.0,0.0,0.3,0.1
1974,2,315.0,52.0,0.0,0.0,0.0,0.0,1.0,0.0,8.0,0.0,0.5,0.1,3.62,4.95,6.28,4.95,2.0,2.76,8.0,0.0,0.3,0.0,4.8,4.8,4.8,4.8,1.0,0.0,8.0,0.0,0.5,0.1,75.7,75.7,75.7,75.7,1.0,0.0,8.0,0.0,0.1,5.58,7.7,9.82,7.7,2.0,4.38,8.0,0.0,0.3,0.0,-1.0,3.2,7.4,3.2,2.0,8.7,8.0,0.0,0.3,0.0,-5.1,-4.46,-3.82,-4.46,2.0,1.33,8.0,0.0,0.3,0.0,982.77,984.65,986.53,984.65,2.0,3.89,8.0,0.0,0.3,0.0,5.5,6.5,7.5,6.5,2.0,2.1,8.0,0.0,0.3,0.0,4.6,43.7,82.8,43.7,2.0,81.0,8.0,0.0,0.3,0.0,-51.6,-37.3,-22.9,-37.3,2.0,29.8,8.0,0.0,0.3,0.0,-6.9,-6.9,-6.9,-6.9,1.0,0.0,8.0,0.0,0.5,0.1,-74.5,-74.5,-74.5,-74.5,1.0,0.0,8.0,0.0,0.5,0.1,-0.9,-0.9,-0.9,-0.9,1.0,0.0,8.0,0.0,0.5,0.1,-9.8,-9.8,-9.8,-9.8,1.0,0.0,8.0,0.0,0.5,0.1,2.8,27.8,52.9,27.8,2.0,51.9,8.0,0.0,0.3,0.0,-33.0,-23.9,-14.8,-23.9,2.0,18.9,8.0,0.0,0.3,0.0,44.9,44.9,44.9,44.9,1.0,0.0,8.0,0.0,0.5,0.1,-25.9,-25.9,-25.9,-25.9,1.0,0.0,8.0,0.0,0.5,0.1,-8.5,-8.5,-8.5,-8.5,1.0,0.0,8.0,0.0,0.5,0.1,4.9,4.9,4.9,4.9,1.0,0.0,8.0,0.0,0.5,0.1,282.0,678.5,1075.0,678.5,2.0,822.0,8.0,0.0,0.3,0.0,280.0,680.0,1075.0,680.0,2.0,820.0,8.0,0.0,0.3,0.0
1974,2,315.0,53.0,,,,,,,,,,,,,,,,,,,,,,,,,,,,,,,,,,,,,,,,6.96,11.0,16.14,12.29,7.0,4.86,24.0,0.6,0.5,0.4,5.33,6.94,14.62,8.88,7.0,5.07,24.0,0.6,0.5,0.4,-6.66,0.0,12.35,1.47,7.0,8.91,24.0,0.6,0.5,0.4,1000.32,1008.55,1014.26,1007.18,6.0,11.03,24.0,0.5,0.6,0.5,,,,,,,,,,,,,,,,,,,,,,,,,,,,,,,,,,,,,,,,,,,,,,,,,,,,,,,,,,,,,,,,,,,,,,,,,,,,,,,,,,,,,,,,,,,,,,,,,,,,,,,,,,,,,,,,,,,,,,,,,,,,,,,,,,,,,,,,,,,,,,,,,,,,,,
1974,2,315.0,54.0,,,,,,,,,,,,,,,,,,,,,,,,,,,,,,,,,,,,,,,,10.62,11.95,13.28,11.95,2.0,2.76,18.0,0.5,0.6,0.3,9.1,9.47,9.83,9.47,2.0,0.75,18.0,0.5,0.6,0.3,1.69,5.32,8.96,5.32,2.0,7.53,18.0,0.5,0.6,0.3,987.27,995.8,1003.45,995.37,3.0,11.86,20.0,0.3,0.4,0.5,,,,,,,,,,,,,,,,,,,,,,,,,,,,,,,,,,,,,,,,,,,,,,,,,,,,,,,,,,,,,,,,,,,,,,,,,,,,,,,,,,,,,,,,,,,,,,,,,,,,,,,,,,,,,,,,,,,,,,,,,,,,,,,,,,,,,,,,,,,,,,,,,,,,,,
1974,2,315.0,55.0,,,,,,,,,,,,,,,,,,,,,,,,,,,,,,,,,,,,,,,,13.16,13.5,13.84,13.5,2.0,0.71,14.0,0.5,0.5,0.1,-5.18,-1.28,2.63,-1.28,2.0,8.09,14.0,0.5,0.5,0.1,12.14,12.17,12.2,12.17,2.0,0.06,14.0,0.5,0.5,0.1,984.17,984.95,985.74,984.95,2.0,1.63,14.0,0.5,0.5,0.1,,,,,,,,,,,,,,,,,,,,,,,,,,,,,,,,,,,,,,,,,,,,,,,,,,,,,,,,,,,,,,,,,,,,,,,,,,,,,,,,,,,,,,,,,,,,,,,,,,,,,,,,,,,,,,,,,,,,,,,,,,,,,,,,,,,,,,,,,,,,,,,,,,,,,,
1974,2,315.0,56.0,,,,,,,,,,,,,,,,,,,,,,,,,,,,,,,,,,,,,,,,9.8,9.8,9.8,9.8,1.0,0.0,16.0,0.0,0.1,0.8,-1.7,-1.7,-1.7,-1.7,1.0,0.0,16.0,0.0,0.1,0.8,-9.65,-9.65,-9.65,-9.65,1.0,0.0,16.0,0.0,0.1,0.8,1005.4,1005.4,1005.4,1005.4,1.0,0.0,16.0,0.0,0.1,0.8,,,,,,,,,,,,,,,,,,,,,,,,,,,,,,,,,,,,,,,,,,,,,,,,,,,,,,,,,,,,,,,,,,,,,,,,,,,,,,,,,,,,,,,,,,,,,,,,,,,,,,,,,,,,,,,,,,,,,,,,,,,,,,,,,,,,,,,,,,,,,,,,,,,,,,
1974,2,315.0,58.0,,,,,,,,,,,,,,,,,,,,,,,,,,,,,,,,,,,,,,,,17.5,17.5,17.5,17.5,1.0,0.0,20.0,1.0,0.3,0.3,16.44,16.44,16.44,16.44,1.0,0.0,20.0,1.0,0.3,0.3,-5.99,-5.99,-5.99,-5.99,1.0,0.0,20.0,1.0,0.3,0.3,999.1,999.1,999.1,999.1,1.0,0.0,20.0,1.0,0.3,0.3,,,,,,,,,,,,,,,,,,,,,,,,,,,,,,,,,,,,,,,,,,,,,,,,,,,,,,,,,,,,,,,,,,,,,,,,,,,,,,,,,,,,,,,,,,,,,,,,,,,,,,,,,,,,,,,,,,,,,,,,,,,,,,,,,,,,,,,,,,,,,,,,,,,,,,
1974,2,316.0,-65.0,-0.8,-0.8,-0.8,-0.8,1.0,0.0,14.0,1.0,0.7,0.6,-1.0,-1.0,-1.0,-1.0,1.0,0.0,14.0,1.0,0.7,0.6,3.43,3.43,3.43,3.43,1.0,0.0,14.0,1.0,0.7,0.6,95.0,95.0,95.0,95.0,1.0,0.0,14.0,1.0,0.6,7.2,7.2,7.2,7.2,1.0,0.0,14.0,1.0,0.7,0.6,-6.24,-6.24,-6.24,-6.24,1.0,0.0,14.0,1.0,0.7,0.6,3.6,3.6,3.6,3.6,1.0,0.0,14.0,1.0,0.7,0.6,985.7,985.7,985.7,985.7,1.0,0.0,14.0,1.0,0.7,0.6,8.0,8.0,8.0,8.0,1.0,0.0,14.0,1.0,0.7,0.6,-44.9,-44.9,-44.9,-44.9,1.0,0.0,14.0,1.0,0.7,0.6,25.9,25.9,25.9,25.9,1.0,0.0,14.0,1.0,0.7,0.6,0.2,0.2,0.2,0.2,1.0,0.0,14.0,1.0,0.7,0.6,1.4,1.4,1.4,1.4,1.0,0.0,14.0,1.0,0.7,0.6,0.23,0.23,0.23,0.23,1.0,0.0,14.0,1.0,0.7,0.6,1.7,1.7,1.7,1.7,1.0,0.0,14.0,1.0,0.7,0.6,6.2,6.2,6.2,6.2,1.0,0.0,14.0,1.0,0.7,0.6,-3.6,-3.6,-3.6,-3.6,1.0,0.0,14.0,1.0,0.7,0.6,-21.4,-21.4,-21.4,-21.4,1.0,0.0,14.0,1.0,0.7,0.6,12.3,12.3,12.3,12.3,1.0,0.0,14.0,1.0,0.7,0.6,-1.5,-1.5,-1.5,-1.5,1.0,0.0,14.0,1.0,0.7,0.6,0.8,0.8,0.8,0.8,1.0,0.0,14.0,1.0,0.7,0.6,373.0,373.0,373.0,373.0,1.0,0.0,14.0,1.0,0.7,0.6,375.0,375.0,375.0,375.0,1.0,0.0,14.0,1.0,0.7,0.6
1974,2,316.0,-50.0,8.1,8.1,8.1,8.1,1.0,0.0,24.0,0.0,0.3,0.1,7.7,7.7,7.7,7.7,1.0,0.0,24.0,0.0,0.3,0.1,5.63,5.63,5.63,5.63,1.0,0.0,24.0,0.0,0.3,0.1,87.2,87.2,87.2,87.2,1.0,0.0,24.0,0.0,0.1,5.1,5.1,5.1,5.1,1.0,0.0,24.0,0.0,0.3,0.1,3.28,3.28,3.28,3.28,1.0,0.0,24.0,0.0,0.3,0.1,3.91,3.91,3.91,3.91,1.0,0.0,24.0,0.0,0.3,0.1,1019.3,1019.3,1019.3,1019.3,1.0,0.0,24.0,0.0,0.3,0.1,8.0,8.0,8.0,8.0,1.0,0.0,24.0,0.0,0.3,0.1,16.7,16.7,16.7,16.7,1.0,0.0,24.0,0.0,0.3,0.1,19.9,19.9,19.9,19.9,1.0,0.0,24.0,0.0,0.3,0.1,0.4,0.4,0.4,0.4,1.0,0.0,24.0,0.0,0.3,0.1,2.0,2.0,2.0,2.0,1.0,0.0,24.0,0.0,0.3,0.1,1.01,1.01,1.01,1.01,1.0,0.0,24.0,0.0,0.3,0.1,5.2,5.2,5.2,5.2,1.0,0.0,24.0,0.0,0.3,0.1,25.2,25.2,25.2,25.2,1.0,0.0,24.0,0.0,0.3,0.1,30.1,30.1,30.1,30.1,1.0,0.0,24.0,0.0,0.3,0.1,18.5,18.5,18.5,18.5,1.0,0.0,24.0,0.0,0.3,0.1,22.0,22.0,22.0,22.0,1.0,0.0,24.0,0.0,0.3,0.1,3.3,3.3,3.3,3.3,1.0,0.0,24.0,0.0,0.3,0.1,4.0,4.0,4.0,4.0,1.0,0.0,24.0,0.0,0.3,0.1,132.5,132.5,132.5,132.5,1.0,0.0,24.0,0.0,0.3,0.1,135.0,135.0,135.0,135.0,1.0,0.0,24.0,0.0,0.3,0.1
1974,2,316.0,-41.0,15.32,16.0,16.68,16.0,2.0,1.41,18.0,0.5,0.4,0.4,14.23,14.95,15.67,14.95,2.0,1.48,18.0,0.5,0.4,0.4,7.31,7.31,7.31,7.31,1.0,0.0,18.0,0.0,0.8,0.2,75.3,75.3,75.3,75.3,1.0,0.0,18.0,0.0,0.2,1.57,2.8,4.03,2.8,2.0,2.55,18.0,0.5,0.4,0.4,0.67,0.72,0.77,0.72,2.0,0.11,18.0,0.5,0.4,0.4,1.36,2.65,3.93,2.65,2.0,2.66,18.0,0.5,0.4,0.4,1025.61,1025.85,1026.09,1025.85,2.0,0.5,18.0,0.5,0.4,0.4,7.2,7.5,7.8,7.5,2.0,0.7,18.0,0.5,0.4,0.4,1.1,2.2,3.2,2.2,2.0,2.1,18.0,0.5,0.4,0.4,4.0,10.8,17.7,10.8,2.0,14.2,18.0,0.5,0.4,0.4,1.02,1.05,1.08,1.05,2.0,0.07,18.0,0.5,0.4,0.4,1.6,3.0,4.4,3.0,2.0,2.9,18.0,0.5,0.4,0.4,3.14,3.14,3.14,3.14,1.0,0.0,18.0,0.0,0.8,0.2,14.4,14.4,14.4,14.4,1.0,0.0,18.0,0.0,0.8,0.2,10.4,10.7,11.0,10.7,2.0,0.6,18.0,0.5,0.4,0.4,20.3,37.6,54.9,37.6,2.0,35.9,18.0,0.5,0.4,0.4,5.8,5.8,5.8,5.8,1.0,0.0,18.0,0.0,0.8,0.2,33.1,33.1,33.1,33.1,1.0,0.0,18.0,0.0,0.8,0.2,2.5,2.5,2.5,2.5,1.0,0.0,18.0,0.0,0.8,0.2,14.2,14.2,14.2,14.2,1.0,0.0,18.0,0.0,0.8,0.2,16.5,49.0,82.0,49.0,2.0,68.0,18.0,0.5,0.4,0.4,15.0,50.0,80.0,50.0,2.0,70.0,18.0,0.5,0.4,0.4
1974,2,316.0,-36.0,22.02,22.05,22.08,22.05,2.0,0.07,14.0,0.0,0.2,0.6,23.03,23.1,23.17,23.1,2.0,0.14,14.0,0.0,0.2,0.6,16.63,16.63,16.63,16.63,1.0,0.0,8.0,0.0,0.3,1.0,94.1,94.1,94.1,94.1,1.0,0.0,8.0,0.0,1.0,6.2,6.2,6.2,6.2,1.0,0.0,8.0,0.0,0.3,1.0,0.0,0.0,0.0,0.0,1.0,0.0,8.0,0.0,0.3,1.0,-6.2,-6.2,-6.2,-6.2,1.0,0.0,8.0,0.0,0.3,1.0,1006.61,1010.3,1013.99,1010.3,2.0,7.64,14.0,0.0,0.2,0.6,1.3,4.0,6.7,4.0,2.0,5.7,14.0,0.0,0.2,0.6,0.0,0.0,0.0,0.0,1.0,0.0,8.0,0.0,0.3,1.0,-38.4,-38.4,-38.4,-38.4,1.0,0.0,8.0,0.0,0.3,1.0,-1.08,-1.05,-1.02,-1.05,2.0,0.07,14.0,0.0,0.2,0.6,-6.8,-6.8,-6.8,-6.8,1.0,0.0,8.0,0.0,0.3,1.0,-0.1,-0.1,-0.1,-0.1,1.0,0.0,8.0,0.0,0.3,1.0,-0.6,-0.6,-0.6,-0.6,1.0,0.0,8.0,0.0,0.3,1.0,0.0,0.0,0.0,0.0,1.0,0.0,8.0,0.0,0.3,1.0,-143.8,-143.8,-143.8,-143.8,1.0,0.0,8.0,0.0,0.3,1.0,0.0,0.0,0.0,0.0,1.0,0.0,8.0,0.0,0.3,1.0,-103.1,-103.1,-103.1,-103.1,1.0,0.0,8.0,0.0,0.3,1.0,0.0,0.0,0.0,0.0,1.0,0.0,8.0,0.0,0.3,1.0,0.6,0.6,0.6,0.6,1.0,0.0,8.0,0.0,0.3,1.0,238.5,238.5,238.5,238.5,1.0,0.0,8.0,0.0,0.3,1.0,240.0,240.0,240.0,240.0,1.0,0.0,8.0,0.0,0.3,1.0
1974,2,316.0,-35.0,,,,,,,,,,,,,,,,,,,,,,,,,,,,,,,,,,,,,,,,10.16,10.5,10.84,10.5,2.0,0.71,18.0,0.5,0.5,0.5,7.54,8.54,9.54,8.54,2.0,2.07,18.0,0.5,0.5,0.5,-7.09,-4.21,-1.34,-4.21,2.0,5.96,18.0,0.5,0.5,0.5,1006.23,1008.0,1009.77,1008.0,2.0,3.68,18.0,0.5,0.5,0.5,,,,,,,,,,,,,,,,,,,,,,,,,,,,,,,,,,,,,,,,,,,,,,,,,,,,,,,,,,,,,,,,,,,,,,,,,,,,,,,,,,,,,,,,,,,,,,,,,,,,,,,,,,,,,,,,,,,,,,,,,,,,,,,,,,,,,,,,,,,,,,,,,,,,,,
1974,2,316.0,-32.0,24.5,24.5,24.5,24.5,1.0,0.0,22.0,0.0,0.4,0.4,24.0,24.0,24.0,24.0,1.0,0.0,22.0,0.0,0.4,0.4,16.44,16.44,16.44,16.44,1.0,0.0,22.0,0.0,0.4,0.4,88.6,88.6,88.6,88.6,1.0,0.0,22.0,0.0,0.4,,,,,,,,,,,,,,,,,,,,,,,,,,,,,,,,,,,,,,,,,,,,,,,,,,,,,,,,,,,,,,,,,,,,,,,,,,,,,,,,,,,,,,,,,,,,,,,,,,,,,,,,,,,,,,,,,,,,,,,,,,,,,,,,,,,,,,,,,,,,,,,,,,,,,,,,,,,,,,,,,,,,,,,,,,,,,,,,,,,,,,,,,,,,,,
1974,2,316.0,-31.0,23.73,24.65,25.57,24.65,2.0,1.91,6.0,1.0,0.5,0.4,26.33,26.6,26.87,26.6,2.0,0.57,6.0,1.0,0.5,0.4,20.44,20.44,20.44,20.44,1.0,0.0,6.0,1.0,0.4,0.5,92.1,92.1,92.1,92.1,1.0,0.0,6.0,1.0,0.5,5.68,7.15,8.62,7.15,2.0,3.04,6.0,1.0,0.5,0.4,-0.83,2.78,6.38,2.78,2.0,7.46,6.0,1.0,0.5,0.4,-2.9,0.16,3.22,0.16,2.0,6.35,6.0,1.0,0.5,0.4,1015.24,1015.55,1015.86,1015.55,2.0,0.64,6.0,1.0,0.5,0.4,2.2,2.5,2.8,2.5,2.0,0.7,6.0,1.0,0.5,0.4,1.4,31.2,61.0,31.2,2.0,61.8,6.0,1.0,0.5,0.4,-11.4,10.8,32.9,10.8,2.0,45.9,6.0,1.0,0.5,0.4,-3.14,-1.95,-0.76,-1.95,2.0,2.47,6.0,1.0,0.5,0.4,-29.1,-17.7,-6.3,-17.7,2.0,23.6,6.0,1.0,0.5,0.4,-2.66,-2.66,-2.66,-2.66,1.0,0.0,6.0,1.0,0.4,0.5,-24.8,-24.8,-24.8,-24.8,1.0,0.0,6.0,1.0,0.4,0.5,-20.6,76.0,172.6,76.0,2.0,200.1,6.0,1.0,0.5,0.4,-75.5,6.1,87.6,6.1,2.0,169.0,6.0,1.0,0.5,0.4,164.7,164.7,164.7,164.7,1.0,0.0,6.0,1.0,0.4,0.5,95.1,95.1,95.1,95.1,1.0,0.0,6.0,1.0,0.4,0.5,-21.4,-21.4,-21.4,-21.4,1.0,0.0,6.0,1.0,0.4,0.5,-12.4,-12.4,-12.4,-12.4,1.0,0.0,6.0,1.0,0.4,0.5,233.0,464.5,696.5,464.5,2.0,480.5,6.0,1.0,0.5,0.4,235.0,465.0,695.0,465.0,2.0,480.0,6.0,1.0,0.5,0.4
1974,2,316.0,-28.0,25.0,25.0,26.23,25.6,3.0,1.04,18.0,0.3,0.6,0.6,24.23,25.8,26.76,25.5,3.0,1.87,18.0,0.3,0.6,0.6,15.86,15.86,15.86,15.86,1.0,0.0,14.0,1.0,0.3,0.4,70.6,70.6,70.6,70.6,1.0,0.0,14.0,1.0,0.4,3.19,3.6,5.24,4.2,3.0,1.59,18.0,0.3,0.6,0.6,-4.01,-2.76,-1.9,-2.95,3.0,1.56,18.0,0.3,0.6,0.6,-3.37,-2.31,1.04,-1.19,3.0,3.37,18.0,0.3,0.6,0.6,1014.15,1016.2,1016.88,1015.53,3.0,2.08,18.0,0.3,0.6,0.6,2.3,3.0,4.4,3.3,3.0,1.5,18.0,0.3,0.6,0.6,-22.0,-9.9,-6.2,-14.0,3.0,12.1,18.0,0.3,0.6,0.6,-18.4,-8.3,2.7,-7.9,3.0,15.5,18.0,0.3,0.6,0.6,-0.67,-0.4,0.9,0.1,3.0,1.23,18.0,0.3,0.6,0.6,-3.7,-1.4,2.6,-0.6,3.0,4.7,18.0,0.3,0.6,0.6,6.17,6.17,6.17,6.17,1.0,0.0,14.0,1.0,0.3,0.4,22.2,22.2,22.2,22.2,1.0,0.0,14.0,1.0,0.3,0.4,-104.8,-75.0,-47.9,-76.3,3.0,41.7,18.0,0.3,0.6,0.6,-87.9,-62.9,21.7,-33.8,3.0,84.2,18.0,0.3,0.6,0.6,-43.7,-43.7,-43.7,-43.7,1.0,0.0,14.0,1.0,0.3,0.4,-36.7,-36.7,-36.7,-36.7,1.0,0.0,14.0,1.0,0.3,0.4,-17.0,-17.0,-17.0,-17.0,1.0,0.0,14.0,1.0,0.3,0.4,-14.3,-14.3,-14.3,-14.3,1.0,0.0,14.0,1.0,0.3,0.4,33.0,46.5,162.5,96.5,3.0,104.0,18.0,0.3,0.6,0.6,35.0,45.0,160.0,95.0,3.0,105.0,18.0,0.3,0.6,0.6
1974,2,316.0,-27.0,25.66,26.0,27.37,26.5,3.0,1.32,22.0,0.7,0.4,0.5,23.69,25.6,25.87,24.8,3.0,1.74,22.0,0.7,0.4,0.5,16.1,16.6,17.11,16.6,2.0,1.05,22.0,1.0,0.4,0.6,85.7,88.2,90.7,88.2,2.0,5.2,22.0,1.0,0.6,6.02,6.7,6.9,6.47,3.0,0.68,22.0,0.7,0.4,0.5,-5.29,-5.13,-3.26,-4.29,3.0,1.65,22.0,0.7,0.4,0.5,-5.11,-1.95,2.32,-1.41,3.0,5.46,22.0,0.7,0.4,0.5,1010.83,1012.6,1013.21,1012.03,3.0,1.82,22.0,0.7,0.4,0.5,6.0,8.0,8.0,7.0,3.0,1.7,22.0,0.7,0.4,0.5,-33.2,-30.5,-21.1,-27.2,3.0,9.3,22.0,0.7,0.4,0.5,-35.0,-11.1,16.2,-9.4,3.0,37.5,22.0,0.7,0.4,0.5,0.91,2.0,2.48,1.7,3.0,1.18,22.0,0.7,0.4,0.5,6.0,14.0,16.8,11.5,3.0,8.2,22.0,0.7,0.4,0.5,3.84,4.11,4.39,4.11,2.0,0.56,22.0,1.0,0.4,0.6,22.6,25.7,28.8,25.7,2.0,6.4,22.0,1.0,0.4,0.6,-130.7,-117.0,-79.6,-105.5,3.0,38.8,22.0,0.7,0.4,0.5,-132.6,-49.9,51.2,-40.9,3.0,134.8,22.0,0.7,0.4,0.5,-91.1,-87.2,-83.2,-87.2,2.0,8.2,22.0,1.0,0.4,0.6,-17.6,17.2,52.1,17.2,2.0,72.2,22.0,1.0,0.4,0.6,-22.6,-21.5,-20.4,-21.5,2.0,2.3,22.0,1.0,0.4,0.6,-3.0,6.1,15.2,6.1,2.0,18.9,22.0,1.0,0.4,0.6,222.0,301.0,329.5,276.5,3.0,81.5,22.0,0.7,0.4,0.5,220.0,300.0,330.0,275.0,3.0,80.0,22.0,0.7,0.4,0.5
1974,2,316.0,-26.0,25.95,26.8,27.47,26.72,5.0,1.18,16.0,0.4,0.5,0.6,24.93,26.0,27.0,25.96,5.0,1.05,16.0,0.4,0.5,0.6,15.17,17.85,18.94,17.11,5.0,2.19,16.0,0.4,0.5,0.6,77.5,85.1,85.2,81.5,5.0,6.3,16.0,0.4,0.6,3.6,6.7,7.65,5.76,5.0,3.06,16.0,0.4,0.5,0.6,-6.18,-3.35,2.45,-1.96,5.0,5.65,16.0,0.4,0.5,0.6,-5.07,-1.0,0.0,-2.29,5.0,2.74,16.0,0.4,0.5,0.6,1010.93,1011.9,1014.95,1012.74,5.0,2.11,16.0,0.4,0.5,0.6,1.6,5.0,6.0,4.0,5.0,2.3,16.0,0.4,0.5,0.6,-43.9,-22.4,16.4,-15.7,5.0,43.5,16.0,0.4,0.5,0.6,-40.5,-1.0,0.0,-16.6,5.0,22.4,16.0,0.4,0.5,0.6,-0.49,1.3,1.81,0.76,5.0,1.3,16.0,0.4,0.5,0.6,-4.2,2.0,8.7,1.7,5.0,7.6,16.0,0.4,0.5,0.6,2.67,5.12,6.73,4.86,5.0,2.49,16.0,0.4,0.5,0.6,14.5,20.7,31.3,22.2,5.0,10.1,16.0,0.4,0.5,0.6,-156.8,-90.4,66.1,-49.1,5.0,148.9,16.0,0.4,0.5,0.6,-134.0,-25.0,0.0,-60.5,5.0,73.3,16.0,0.4,0.5,0.6,-104.0,-63.4,46.5,-32.2,5.0,102.8,16.0,0.4,0.5,0.6,-92.8,-13.9,0.0,-41.3,5.0,51.4,16.0,0.4,0.5,0.6,-21.7,-15.7,7.5,-8.3,5.0,19.3,16.0,0.4,0.5,0.6,-16.6,-8.4,0.0,-9.4,5.0,12.2,16.0,0.4,0.5,0.6,84.5,301.0,484.5,308.0,5.0,304.5,16.0,0.4,0.5,0.6,85.0,300.0,485.0,310.0,5.0,305.0,16.0,0.4,0.5,0.6
1974,2,316.0,-25.0,24.0,26.2,27.0,25.53,12.0,1.47,22.0,0.6,0.7,0.6,25.02,26.4,28.55,26.52,12.0,1.89,22.0,0.6,0.7,0.6,15.5,17.16,18.31,17.1,11.0,1.53,22.0,0.5,0.7,0.6,78.3,80.2,84.7,80.1,11.0,6.7,22.0,0.5,0.6,1.0,2.6,3.6,2.53,11.0,1.84,22.0,0.5,0.7,0.6,-3.02,-0.34,0.47,-1.35,11.0,2.45,22.0,0.5,0.7,0.6,-1.94,-0.36,0.94,-0.55,11.0,1.44,22.0,0.5,0.7,0.6,1011.5,1013.1,1016.18,1013.4,12.0,2.43,22.0,0.6,0.7,0.6,1.7,4.5,8.0,4.5,12.0,2.8,22.0,0.6,0.7,0.6,-10.9,-0.3,0.5,-6.9,11.0,13.6,22.0,0.5,0.7,0.6,-6.0,-0.8,0.9,-2.0,11.0,4.3,22.0,0.5,0.7,0.6,-2.05,-0.75,0.33,-0.98,12.0,1.82,22.0,0.6,0.7,0.6,-5.4,-1.0,1.7,-1.7,11.0,3.7,22.0,0.5,0.7,0.6,1.96,3.1,4.4,3.3,11.0,1.47,22.0,0.5,0.7,0.6,3.1,5.1,16.6,8.0,10.0,7.1,24.0,0.5,0.7,0.6,-76.9,-9.9,12.9,-34.6,11.0,64.5,22.0,0.5,0.7,0.6,-52.8,-10.4,26.7,-13.5,11.0,36.6,22.0,0.5,0.7,0.6,-53.4,-22.3,3.6,-29.5,10.0,41.1,24.0,0.5,0.7,0.6,-36.8,-6.9,16.2,-9.7,10.0,24.7,24.0,0.5,0.7,0.6,-11.8,-2.4,0.7,-4.8,10.0,7.9,24.0,0.5,0.7,0.6,-3.8,-0.9,3.1,-0.9,10.0,5.8,24.0,0.5,0.7,0.6,1.0,17.5,46.5,44.0,11.0,87.0,22.0,0.5,0.7,0.6,0.0,20.0,45.0,45.0,11.0,85.0,22.0,0.5,0.7,0.6
1974,2,316.0,-24.0,22.11,24.35,26.0,24.26,14.0,2.05,16.0,0.6,0.6,0.5,22.19,25.35,26.76,24.89,16.0,2.39,16.0,0.7,0.6,0.6,14.41,17.02,18.44,16.57,15.0,2.17,16.0,0.7,0.6,0.6,76.7,88.1,92.2,85.3,15.0,8.4,16.0,0.7,0.6,1.11,4.0,5.1,3.85,15.0,2.75,16.0,0.7,0.6,0.6,-4.61,0.34,3.25,-0.72,15.0,4.29,16.0,0.7,0.6,0.6,-1.18,0.94,2.34,0.55,15.0,2.06,16.0,0.7,0.6,0.6,1010.0,1011.25,1013.02,1011.72,16.0,2.26,16.0,0.7,0.6,0.6,1.0,2.5,5.6,3.1,16.0,2.1,16.0,0.7,0.6,0.6,-22.8,0.3,12.7,-10.5,15.0,36.3,16.0,0.7,0.6,0.6,-8.0,0.9,13.7,2.5,15.0,10.3,16.0,0.7,0.6,0.6,-2.0,-1.0,0.0,-0.91,14.0,1.41,16.0,0.6,0.6,0.5,-9.3,-3.6,0.0,-4.0,13.0,7.3,16.0,0.7,0.6,0.5,0.21,1.57,4.28,2.01,13.0,2.09,16.0,0.6,0.6,0.5,0.6,3.8,13.1,5.9,12.0,9.3,16.0,0.7,0.6,0.6,-106.1,8.2,90.0,-13.0,15.0,106.4,16.0,0.7,0.6,0.6,-27.9,24.0,50.4,12.1,15.0,51.3,16.0,0.7,0.6,0.6,-77.4,5.4,50.7,-14.8,14.0,67.9,16.0,0.7,0.6,0.6,-21.8,16.4,28.4,9.2,14.0,34.4,16.0,0.7,0.6,0.6,-1.8,0.6,7.6,1.6,12.0,9.3,16.0,0.7,0.6,0.6,-1.2,1.3,3.7,0.6,12.0,5.9,16.0,0.7,0.6,0.6,1.5,64.0,132.5,162.5,15.0,366.5,16.0,0.7,0.6,0.6,0.0,65.0,135.0,165.0,15.0,365.0,16.0,0.7,0.6,0.6
1974,2,316.0,-3.0,,,,,,,,,,,,,,,,,,,,,,,,,,,,,,,,,,,,,,,,6.2,6.2,6.2,6.2,1.0,0.0,14.0,0.0,1.0,0.8,-5.37,-5.37,-5.37,-5.37,1.0,0.0,14.0,0.0,1.0,0.8,-3.1,-3.1,-3.1,-3.1,1.0,0.0,14.0,0.0,1.0,0.8,1010.0,1010.0,1010.0,1010.0,1.0,0.0,14.0,0.0,1.0,0.8,,,,,,,,,,,,,,,,,,,,,,,,,,,,,,,,,,,,,,,,,,,,,,,,,,,,,,,,,,,,,,,,,,,,,,,,,,,,,,,,,,,,,,,,,,,,,,,,,,,,,,,,,,,,,,,,,,,,,,,,,,,,,,,,,,,,,,,,,,,,,,,,,,,,,,
1974,2,316.0,-2.0,27.8,27.8,27.8,27.8,1.0,0.0,22.0,0.0,0.5,0.5,26.7,26.7,26.7,26.7,1.0,0.0,22.0,0.0,0.5,0.5,18.7,18.7,18.7,18.7,1.0,0.0,22.0,0.0,0.5,0.5,85.2,85.2,85.2,85.2,1.0,0.0,22.0,0.0,0.5,3.1,3.1,3.36,3.23,4.0,0.25,20.0,0.0,0.6,0.5,-2.72,-2.68,-2.68,-2.7,4.0,0.04,20.0,0.0,0.6,0.5,-1.95,-1.55,-1.55,-1.74,4.0,0.38,20.0,0.0,0.6,0.5,1007.48,1008.0,1008.05,1007.78,4.0,0.52,20.0,0.0,0.6,0.5,5.0,5.5,6.0,5.5,4.0,0.6,20.0,0.0,0.6,0.5,-9.2,-8.3,-8.3,-8.7,4.0,0.8,20.0,0.0,0.6,0.5,-6.7,-4.8,-4.8,-5.7,4.0,1.8,20.0,0.0,0.6,0.5,1.1,1.1,1.1,1.1,1.0,0.0,22.0,0.0,0.5,0.5,4.0,4.0,4.0,4.0,1.0,0.0,22.0,0.0,0.5,0.5,4.8,4.8,4.8,4.8,1.0,0.0,22.0,0.0,0.5,0.5,17.3,17.3,17.3,17.3,1.0,0.0,22.0,0.0,0.5,0.5,-73.6,-73.6,-73.6,-73.6,1.0,0.0,22.0,0.0,0.5,0.5,-61.8,-61.8,-61.8,-61.8,1.0,0.0,22.0,0.0,0.5,0.5,-51.6,-51.6,-51.6,-51.6,1.0,0.0,22.0,0.0,0.5,0.5,-43.3,-43.3,-43.3,-43.3,1.0,0.0,22.0,0.0,0.5,0.5,-13.2,-13.2,-13.2,-13.2,1.0,0.0,22.0,0.0,0.5,0.5,-11.1,-11.1,-11.1,-11.1,1.0,0.0,22.0,0.0,0.5,0.5,30.0,30.0,38.5,34.0,4.0,8.5,20.0,0.0,0.6,0.5,30.0,30.0,40.0,35.0,4.0,10.0,20.0,0.0,0.6,0.5
1974,2,316.0,-1.0,26.19,26.6,26.6,26.4,3.0,0.35,16.0,0.3,0.7,0.7,27.7,27.7,29.95,28.8,3.0,1.91,16.0,0.3,0.7,0.7,18.63,18.66,18.67,18.65,3.0,0.03,16.0,0.3,0.7,0.7,70.8,80.3,80.3,75.6,3.0,8.0,16.0,0.3,0.7,4.76,5.1,7.97,6.33,3.0,2.58,16.0,0.3,0.7,0.7,-6.44,-2.96,-1.54,-3.97,3.0,3.69,16.0,0.3,0.7,0.7,-4.9,-4.65,-3.88,-4.4,3.0,0.78,16.0,0.3,0.7,0.7,1010.16,1010.5,1012.21,1011.17,3.0,1.61,16.0,0.3,0.7,0.7,2.6,4.0,4.7,3.7,3.0,1.5,16.0,0.3,0.7,0.7,-55.4,-13.6,-7.4,-31.0,3.0,38.3,16.0,0.3,0.7,0.7,-37.6,-25.6,-19.2,-28.4,3.0,13.7,16.0,0.3,0.7,0.7,-3.76,-1.1,-1.1,-2.4,3.0,2.25,16.0,0.3,0.7,0.7,-20.7,-10.2,-6.7,-13.6,3.0,10.6,16.0,0.3,0.7,0.7,2.64,3.17,3.17,2.91,3.0,0.45,16.0,0.3,0.7,0.7,12.9,14.6,24.7,18.7,3.0,9.4,16.0,0.3,0.7,0.7,-178.3,-81.9,-44.7,-110.8,3.0,101.0,16.0,0.3,0.7,0.7,-147.2,-128.8,-107.5,-127.4,3.0,29.1,16.0,0.3,0.7,0.7,-120.1,-55.2,-28.8,-74.0,3.0,68.9,16.0,0.3,0.7,0.7,-91.4,-86.8,-72.4,-82.0,3.0,14.5,16.0,0.3,0.7,0.7,-20.4,-9.4,-4.4,-12.3,3.0,12.0,16.0,0.3,0.7,0.7,-13.9,-12.0,-11.4,-12.6,3.0,1.9,16.0,0.3,0.7,0.7,108.5,132.5,591.0,345.0,3.0,398.5,16.0,0.3,0.7,0.7,110.0,135.0,590.0,345.0,3.0,400.0,16.0,0.3,0.7,0.7
1974,2,316.0,0.0,27.77,28.15,28.53,28.15,2.0,0.78,28.0,0.5,0.5,0.8,26.36,26.5,26.64,26.5,2.0,0.28,28.0,0.5,0.5,0.8,18.27,18.85,19.44,18.85,2.0,1.21,28.0,0.5,0.5,0.8,83.7,87.1,90.4,87.1,2.0,7.0,28.0,0.5,0.8,4.93,5.65,6.37,5.65,2.0,1.48,28.0,0.5,0.5,0.8,-4.19,-2.17,-0.14,-2.17,2.0,4.19,28.0,0.5,0.5,0.8,-4.49,-4.42,-4.34,-4.42,2.0,0.16,28.0,0.5,0.5,0.8,1010.23,1010.3,1010.37,1010.3,2.0,0.14,28.0,0.5,0.5,0.8,1.8,3.5,5.2,3.5,2.0,3.5,28.0,0.5,0.5,0.8,-28.3,-15.4,-2.4,-15.4,2.0,26.9,28.0,0.5,0.5,0.8,-27.6,-24.8,-22.1,-24.8,2.0,5.7,28.0,0.5,0.5,0.8,1.41,1.65,1.89,1.65,2.0,0.49,28.0,0.5,0.5,0.8,8.8,9.0,9.1,9.0,2.0,0.3,28.0,0.5,0.5,0.8,3.98,5.1,6.22,5.1,2.0,2.32,28.0,0.5,0.5,0.8,24.4,27.1,29.8,27.1,2.0,5.5,28.0,0.5,0.5,0.8,-110.2,-56.8,-3.5,-56.8,2.0,110.5,28.0,0.5,0.5,0.8,-119.7,-117.1,-114.5,-117.1,2.0,5.4,28.0,0.5,0.5,0.8,-82.8,-43.4,-4.0,-43.4,2.0,81.7,28.0,0.5,0.5,0.8,-84.3,-83.2,-82.0,-83.2,2.0,2.4,28.0,0.5,0.5,0.8,-14.1,-6.2,1.7,-6.2,2.0,16.4,28.0,0.5,0.5,0.8,-28.0,-22.7,-17.4,-22.7,2.0,11.0,28.0,0.5,0.5,0.8,129.5,199.0,268.5,199.0,2.0,144.0,28.0,0.5,0.5,0.8,130.0,200.0,270.0,200.0,2.0,145.0,28.0,0.5,0.5,0.8
1974,2,316.0,1.0,29.5,29.5,29.5,29.5,1.0,0.0,22.0,0.0,0.7,0.2,25.5,25.5,25.5,25.5,1.0,0.0,22.0,0.0,0.7,0.2,16.89,16.89,16.89,16.89,1.0,0.0,22.0,0.0,0.7,0.2,83.0,83.0,83.0,83.0,1.0,0.0,22.0,0.0,0.2,9.3,9.3,9.3,9.3,1.0,0.0,22.0,0.0,0.7,0.2,-8.74,-8.74,-8.74,-8.74,1.0,0.0,22.0,0.0,0.7,0.2,-3.18,-3.18,-3.18,-3.18,1.0,0.0,22.0,0.0,0.7,0.2,1012.5,1012.5,1012.5,1012.5,1.0,0.0,22.0,0.0,0.7,0.2,8.0,8.0,8.0,8.0,1.0,0.0,22.0,0.0,0.7,0.2,-81.3,-81.3,-81.3,-81.3,1.0,0.0,22.0,0.0,0.7,0.2,-29.6,-29.6,-29.6,-29.6,1.0,0.0,22.0,0.0,0.7,0.2,4.0,4.0,4.0,4.0,1.0,0.0,22.0,0.0,0.7,0.2,37.2,37.2,37.2,37.2,1.0,0.0,22.0,0.0,0.7,0.2,8.98,8.98,8.98,8.98,1.0,0.0,22.0,0.0,0.7,0.2,83.5,83.5,83.5,83.5,1.0,0.0,22.0,0.0,0.7,0.2,-222.8,-222.8,-222.8,-222.8,1.0,0.0,22.0,0.0,0.7,0.2,-81.1,-81.1,-81.1,-81.1,1.0,0.0,22.0,0.0,0.7,0.2,-147.6,-147.6,-147.6,-147.6,1.0,0.0,22.0,0.0,0.7,0.2,-53.7,-53.7,-53.7,-53.7,1.0,0.0,22.0,0.0,0.7,0.2,-78.5,-78.5,-78.5,-78.5,1.0,0.0,22.0,0.0,0.7,0.2,-28.6,-28.6,-28.6,-28.6,1.0,0.0,22.0,0.0,0.7,0.2,804.5,804.5,804.5,804.5,1.0,0.0,22.0,0.0,0.7,0.2,805.0,805.0,805.0,805.0,1.0,0.0,22.0,0.0,0.7,0.2
1974,2,316.0,2.0,27.0,27.0,27.0,27.0,1.0,0.0,20.0,1.0,0.4,0.3,26.0,26.0,26.0,26.0,1.0,0.0,20.0,1.0,0.4,0.3,16.18,16.18,16.18,16.18,1.0,0.0,20.0,1.0,0.4,0.3,77.2,77.2,77.2,77.2,1.0,0.0,20.0,1.0,0.3,,,,,,,,,,,,,,,,,,,,,,,,,,,,,,,,,,,,,,,,,,,,,,,,,,,,,,,,,,,,,,,,,,,,,,,,,,,,,,,,,,,,,,,,,,,,,,,,,,,,,,,,,,,,,,,,,,,,,,,,,,,,,,,,,,,,,,,,,,,,,,,,,,,,,,,,,,,,,,,,,,,,,,,,,,,,,,,,,,,,,,,,,,,,,,
1974,2,316.0,3.0,26.0,27.0,27.58,26.7,9.0,0.94,12.0,0.4,0.6,0.4,25.71,26.8,27.0,26.27,9.0,1.42,12.0,0.4,0.6,0.4,17.13,18.09,19.75,18.39,6.0,1.54,10.0,0.5,0.6,0.4,78.9,88.1,95.9,88.1,6.0,9.0,10.0,0.5,0.4,8.26,9.3,11.13,9.2,8.0,2.8,12.0,0.5,0.5,0.4,-8.53,-7.32,-6.74,-6.82,8.0,2.37,12.0,0.5,0.5,0.4,-7.16,-5.16,-3.46,-5.77,8.0,2.77,12.0,0.5,0.5,0.4,1008.85,1009.9,1011.22,1009.93,9.0,1.28,12.0,0.4,0.6,0.4,8.0,8.0,8.0,8.0,8.0,0.0,12.0,0.5,0.5,0.4,-88.8,-69.9,-59.0,-67.1,8.0,28.6,12.0,0.5,0.5,0.4,-79.8,-46.7,-30.0,-58.5,8.0,44.7,12.0,0.5,0.5,0.4,-1.46,0.0,1.74,0.43,9.0,2.13,12.0,0.4,0.6,0.4,0.0,1.1,16.7,3.2,8.0,12.0,12.0,0.5,0.5,0.4,1.57,4.22,5.34,3.76,6.0,1.96,10.0,0.5,0.6,0.4,19.8,32.6,47.5,34.0,5.0,16.6,8.0,0.6,0.5,0.5,-225.3,-197.9,-175.0,-181.2,8.0,65.0,12.0,0.5,0.5,0.4,-192.6,-139.4,-85.2,-152.1,8.0,74.3,12.0,0.5,0.5,0.4,-148.3,-145.4,-95.8,-120.5,5.0,55.5,8.0,0.6,0.5,0.5,-124.5,-79.9,-57.0,-88.3,5.0,34.7,8.0,0.6,0.5,0.5,-40.9,-28.3,-10.4,-26.2,5.0,16.2,8.0,0.6,0.5,0.5,-26.8,-16.3,-12.7,-19.7,5.0,10.5,8.0,0.6,0.5,0.5,563.0,804.5,1387.5,957.0,8.0,703.5,12.0,0.5,0.5,0.4,565.0,805.0,1385.0,955.0,8.0,705.0,12.0,0.5,0.5,0.4
1974,2,316.0,4.0,25.76,27.35,27.98,27.01,8.0,1.14,10.0,0.3,0.5,0.1,24.95,26.2,27.38,26.31,7.0,1.61,10.0,0.3,0.4,0.1,17.12,17.51,18.82,18.13,7.0,1.7,10.0,0.3,0.4,0.1,75.5,85.6,92.0,84.6,7.0,7.2,10.0,0.3,0.1,5.76,8.5,13.61,9.26,8.0,3.77,10.0,0.3,0.5,0.1,-11.51,-5.75,-3.86,-6.3,8.0,4.6,10.0,0.3,0.5,0.1,-7.39,-6.39,-3.92,-6.09,8.0,1.83,10.0,0.3,0.5,0.1,1008.32,1009.25,1010.22,1009.4,8.0,1.76,10.0,0.3,0.5,0.1,3.2,7.5,8.0,5.9,8.0,3.0,10.0,0.3,0.5,0.1,-157.9,-47.9,-20.5,-72.0,8.0,72.3,10.0,0.3,0.5,0.1,-97.7,-53.5,-22.8,-61.0,8.0,36.6,10.0,0.3,0.5,0.1,-2.01,1.0,2.76,0.56,7.0,2.34,10.0,0.3,0.4,0.1,-19.0,8.5,21.2,4.8,7.0,22.3,10.0,0.3,0.4,0.1,2.27,4.65,6.62,4.12,7.0,2.28,10.0,0.3,0.4,0.1,13.1,33.7,65.0,39.2,7.0,24.7,10.0,0.3,0.4,0.1,-302.6,-198.3,-102.4,-193.2,7.0,96.9,10.0,0.3,0.4,0.1,-195.7,-173.7,-95.2,-161.4,7.0,55.3,10.0,0.3,0.4,0.1,-224.9,-124.7,-66.9,-134.3,7.0,70.2,10.0,0.3,0.4,0.1,-131.3,-129.4,-66.3,-110.2,7.0,35.2,10.0,0.3,0.4,0.1,-56.3,-25.8,-10.0,-29.4,7.0,21.6,10.0,0.3,0.4,0.1,-36.2,-23.4,-8.4,-24.7,7.0,14.8,10.0,0.3,0.4,0.1,191.0,630.5,2548.0,1156.5,8.0,1224.5,10.0,0.3,0.5,0.1,190.0,630.0,2550.0,1155.0,8.0,1225.0,10.0,0.3,0.5,0.1
1974,2,316.0,5.0,26.72,26.75,26.78,26.75,2.0,0.07,20.0,0.5,1.0,0.9,26.33,26.4,26.47,26.4,2.0,0.14,20.0,0.5,1.0,0.9,15.52,15.52,15.52,15.52,1.0,0.0,20.0,0.0,0.9,0.9,72.6,72.6,72.6,72.6,1.0,0.0,20.0,0.0,0.9,11.0,11.0,11.0,11.0,1.0,0.0,20.0,0.0,0.9,0.9,-9.53,-9.53,-9.53,-9.53,1.0,0.0,20.0,0.0,0.9,0.9,-5.5,-5.5,-5.5,-5.5,1.0,0.0,20.0,0.0,0.9,0.9,1010.2,1010.2,1010.2,1010.2,1.0,0.0,20.0,0.0,0.9,0.9,6.0,6.0,6.0,6.0,2.0,0.0,20.0,0.5,1.0,0.9,-104.8,-104.8,-104.8,-104.8,1.0,0.0,20.0,0.0,0.9,0.9,-60.5,-60.5,-60.5,-60.5,1.0,0.0,20.0,0.0,0.9,0.9,0.32,0.35,0.38,0.35,2.0,0.07,20.0,0.5,1.0,0.9,4.4,4.4,4.4,4.4,1.0,0.0,20.0,0.0,0.9,0.9,6.44,6.44,6.44,6.44,1.0,0.0,20.0,0.0,0.9,0.9,70.9,70.9,70.9,70.9,1.0,0.0,20.0,0.0,0.9,0.9,-250.5,-250.5,-250.5,-250.5,1.0,0.0,20.0,0.0,0.9,0.9,-144.6,-144.6,-144.6,-144.6,1.0,0.0,20.0,0.0,0.9,0.9,-147.9,-147.9,-147.9,-147.9,1.0,0.0,20.0,0.0,0.9,0.9,-85.4,-85.4,-85.4,-85.4,1.0,0.0,20.0,0.0,0.9,0.9,-61.4,-61.4,-61.4,-61.4,1.0,0.0,20.0,0.0,0.9,0.9,-35.4,-35.4,-35.4,-35.4,1.0,0.0,20.0,0.0,0.9,0.9,1331.0,1331.0,1331.0,1331.0,1.0,0.0,20.0,0.0,0.9,0.9,1330.0,1330.0,1330.0,1330.0,1.0,0.0,20.0,0.0,0.9,0.9
1974,2,316.0,6.0,26.7,26.8,27.8,27.09,7.0,0.5,16.0,0.1,0.6,0.3,25.11,26.35,26.67,26.08,8.0,0.87,18.0,0.3,0.5,0.3,15.64,16.33,18.52,16.96,5.0,1.57,16.0,0.2,0.5,0.4,73.7,81.4,87.0,80.8,5.0,7.9,16.0,0.2,0.4,9.3,10.0,12.25,10.76,5.0,1.94,18.0,0.2,0.5,0.4,-8.75,-7.12,-5.28,-7.15,5.0,2.29,18.0,0.2,0.5,0.4,-9.25,-8.05,-6.26,-7.84,5.0,1.62,18.0,0.2,0.5,0.4,1008.63,1009.8,1011.46,1009.98,5.0,1.59,16.0,0.2,0.5,0.4,7.8,8.0,8.0,7.4,7.0,1.5,18.0,0.1,0.5,0.3,-102.7,-66.3,-56.3,-79.6,5.0,40.1,18.0,0.2,0.5,0.4,-115.6,-74.9,-61.1,-85.9,5.0,29.9,18.0,0.2,0.5,0.4,0.36,0.4,2.06,1.0,7.0,1.24,16.0,0.1,0.6,0.3,-0.5,15.9,28.8,14.2,4.0,17.2,16.0,0.0,0.5,0.5,3.72,6.56,7.36,5.71,5.0,2.06,16.0,0.2,0.5,0.4,41.9,61.7,68.9,55.7,4.0,19.7,16.0,0.0,0.5,0.5,-225.6,-193.8,-135.0,-184.7,5.0,57.9,18.0,0.2,0.5,0.4,-234.7,-198.1,-167.1,-201.6,5.0,38.1,18.0,0.2,0.5,0.4,-166.2,-127.0,-94.8,-130.4,4.0,50.1,16.0,0.0,0.5,0.5,-145.7,-120.1,-106.2,-125.7,4.0,27.3,16.0,0.0,0.5,0.5,-47.4,-40.1,-28.2,-37.9,4.0,12.7,16.0,0.0,0.5,0.5,-52.7,-39.7,-26.9,-39.8,4.0,18.4,16.0,0.0,0.5,0.5,804.5,1000.0,1896.5,1347.5,5.0,792.0,18.0,0.2,0.5,0.4,805.0,1000.0,1895.0,1345.0,5.0,790.0,18.0,0.2,0.5,0.4
1974,2,316.0,7.0,26.39,26.5,27.07,26.72,5.0,0.58,22.0,0.8,0.6,0.4,23.89,25.2,26.16,25.08,5.0,1.57,22.0,0.8,0.6,0.4,15.61,16.56,17.51,16.65,5.0,1.36,22.0,0.8,0.6,0.4,79.7,83.2,87.9,84.1,5.0,7.1,22.0,0.8,0.4,9.3,9.3,11.88,10.42,5.0,1.63,22.0,0.8,0.6,0.4,-10.29,-7.12,-7.12,-8.47,5.0,1.9,22.0,0.8,0.6,0.4,-6.15,-5.98,-5.86,-6.01,5.0,0.29,22.0,0.8,0.6,0.4,1011.96,1013.3,1016.31,1014.1,5.0,2.55,22.0,0.8,0.6,0.4,6.6,7.0,8.0,7.2,5.0,0.8,22.0,0.8,0.6,0.4,-122.8,-66.3,-66.3,-90.7,5.0,35.5,22.0,0.8,0.6,0.4,-70.9,-55.6,-55.6,-62.8,5.0,12.0,22.0,0.8,0.6,0.4,0.23,2.3,2.87,1.64,5.0,1.77,22.0,0.8,0.6,0.4,1.4,23.3,30.7,16.5,5.0,18.5,22.0,0.8,0.6,0.4,3.97,5.07,6.72,5.26,5.0,2.01,22.0,0.8,0.6,0.4,38.7,47.2,75.3,54.2,5.0,21.2,22.0,0.8,0.6,0.4,-269.1,-181.7,-173.8,-213.0,5.0,52.4,22.0,0.8,0.6,0.4,-155.4,-152.4,-145.8,-150.4,5.0,7.7,22.0,0.8,0.6,0.4,-179.4,-119.2,-114.7,-141.4,5.0,36.0,22.0,0.8,0.6,0.4,-103.6,-100.0,-96.3,-99.8,5.0,5.5,22.0,0.8,0.6,0.4,-60.5,-36.1,-30.6,-43.7,5.0,17.7,22.0,0.8,0.6,0.4,-42.0,-30.3,-23.4,-31.9,5.0,12.6,22.0,0.8,0.6,0.4,804.5,804.5,1700.0,1200.5,5.0,597.0,22.0,0.8,0.6,0.4,805.0,805.0,1700.0,1200.0,5.0,595.0,22.0,0.8,0.6,0.4
1974,2,316.0,8.0,24.89,25.5,25.5,25.2,3.0,0.52,12.0,0.3,0.8,0.6,24.2,24.4,24.81,24.5,3.0,0.46,12.0,0.3,0.8,0.6,14.13,15.13,16.12,15.13,2.0,2.06,16.0,0.0,1.0,0.5,75.4,80.1,84.8,80.1,2.0,9.8,16.0,0.0,0.5,7.84,10.3,11.73,9.8,3.0,2.88,12.0,0.3,0.8,0.6,-10.6,-10.3,-7.57,-9.11,3.0,2.45,12.0,0.3,0.8,0.6,-4.96,-2.29,-0.73,-2.83,3.0,3.13,12.0,0.3,0.8,0.6,1011.66,1012.0,1012.0,1011.83,3.0,0.29,12.0,0.3,0.8,0.6,1.3,2.0,2.0,1.7,3.0,0.6,12.0,0.3,0.8,0.6,-124.6,-106.1,-62.5,-93.8,3.0,46.7,12.0,0.3,0.8,0.6,-57.4,-15.4,-4.9,-30.7,3.0,40.7,12.0,0.3,0.8,0.6,0.5,0.5,0.91,0.7,3.0,0.35,12.0,0.3,0.8,0.6,4.3,6.2,9.7,7.0,3.0,4.0,12.0,0.3,0.8,0.6,4.11,4.73,5.36,4.73,2.0,1.3,16.0,0.0,1.0,0.5,38.1,38.6,39.1,38.6,2.0,1.0,16.0,0.0,1.0,0.5,-263.0,-251.3,-183.3,-223.8,3.0,63.0,12.0,0.3,0.8,0.6,-123.3,-55.2,-17.5,-70.1,3.0,78.6,12.0,0.3,0.8,0.6,-157.4,-128.5,-99.5,-128.5,2.0,59.9,16.0,0.0,1.0,0.5,-26.4,-15.7,-5.0,-15.7,2.0,22.2,16.0,0.0,1.0,0.5,-38.7,-37.4,-36.2,-37.4,2.0,2.6,16.0,0.0,1.0,0.5,-10.9,-6.5,-2.1,-6.5,2.0,9.2,16.0,0.0,1.0,0.5,552.0,1092.5,1648.5,1100.0,3.0,803.0,12.0,0.3,0.8,0.6,550.0,1095.0,1650.0,1100.0,3.0,805.0,12.0,0.3,0.8,0.6
1974,2,316.0,9.0,24.78,25.6,25.6,25.2,3.0,0.69,10.0,0.3,0.4,0.2,25.0,25.0,25.55,25.27,3.0,0.46,10.0,0.3,0.4,0.2,15.78,16.05,16.32,16.05,2.0,0.56,12.0,0.0,0.5,0.3,76.6,79.4,82.2,79.4,3.0,4.1,10.0,0.3,0.2,8.55,9.3,9.98,9.27,3.0,1.05,10.0,0.3,0.4,0.2,-9.38,-8.74,-8.03,-8.71,3.0,0.99,10.0,0.3,0.4,0.2,-3.41,-3.18,-2.92,-3.17,3.0,0.36,10.0,0.3,0.4,0.2,1014.0,1014.0,1014.0,1014.0,2.0,0.0,12.0,0.0,0.5,0.3,1.3,4.0,6.7,4.0,3.0,4.0,10.0,0.3,0.4,0.2,-93.8,-81.3,-68.9,-81.4,3.0,18.3,10.0,0.3,0.4,0.2,-34.2,-29.6,-25.1,-29.6,3.0,6.6,10.0,0.3,0.4,0.2,-0.77,0.6,0.6,-0.07,3.0,1.15,10.0,0.3,0.4,0.2,-7.3,4.9,5.8,-0.6,3.0,10.7,10.0,0.3,0.4,0.2,4.16,4.43,4.7,4.43,2.0,0.56,12.0,0.0,0.5,0.3,39.9,40.6,41.2,40.6,2.0,1.4,12.0,0.0,0.5,0.3,-236.7,-225.5,-203.1,-220.0,3.0,25.1,10.0,0.3,0.4,0.2,-86.2,-82.1,-73.9,-80.1,3.0,9.1,10.0,0.3,0.4,0.2,-153.1,-139.9,-126.8,-139.9,2.0,27.3,12.0,0.0,0.5,0.3,-55.7,-50.9,-46.1,-50.9,2.0,9.9,12.0,0.0,0.5,0.3,-38.7,-38.1,-37.5,-38.1,2.0,1.3,12.0,0.0,0.5,0.3,-14.1,-13.9,-13.6,-13.9,2.0,0.5,12.0,0.0,0.5,0.3,631.5,804.5,1001.0,816.0,3.0,271.0,10.0,0.3,0.4,0.2,630.0,805.0,1000.0,815.0,3.0,270.0,10.0,0.3,0.4,0.2
1974,2,316.0,10.0,25.41,25.65,25.89,25.65,2.0,0.49,20.0,0.5,0.7,0.7,24.8,26.1,27.4,26.1,2.0,2.69,20.0,0.5,0.7,0.7,13.86,14.5,15.13,14.5,2.0,1.31,20.0,0.5,0.7,0.7,66.8,69.0,71.2,69.0,2.0,4.6,20.0,0.5,0.7,8.85,10.25,11.65,10.25,2.0,2.9,20.0,0.5,0.7,0.7,-9.96,-8.47,-6.98,-8.47,2.0,3.09,20.0,0.5,0.7,0.7,-6.01,-5.71,-5.41,-5.71,2.0,0.62,20.0,0.5,0.7,0.7,1013.89,1014.95,1016.01,1014.95,2.0,2.19,20.0,0.5,0.7,0.7,4.6,6.0,7.4,6.0,2.0,2.8,20.0,0.5,0.7,0.7,-118.4,-91.3,-64.1,-91.3,2.0,56.2,20.0,0.5,0.7,0.7,-70.5,-59.4,-48.4,-59.4,2.0,22.9,20.0,0.5,0.7,0.7,-1.51,-0.45,0.61,-0.45,2.0,2.19,20.0,0.5,0.7,0.7,-11.7,-1.4,8.8,-1.4,2.0,21.2,20.0,0.5,0.7,0.7,5.67,6.03,6.39,6.03,2.0,0.75,20.0,0.5,0.7,0.7,50.8,62.9,75.1,62.9,2.0,25.1,20.0,0.5,0.7,0.7,-244.8,-216.8,-188.9,-216.8,2.0,57.9,20.0,0.5,0.7,0.7,-148.6,-148.2,-147.8,-148.2,2.0,0.9,20.0,0.5,0.7,0.7,-137.0,-120.7,-104.5,-120.7,2.0,33.7,20.0,0.5,0.7,0.7,-83.1,-82.4,-81.6,-82.4,2.0,1.5,20.0,0.5,0.7,0.7,-64.3,-52.2,-40.2,-52.2,2.0,25.0,20.0,0.5,0.7,0.7,-38.6,-34.7,-30.8,-34.7,2.0,8.0,20.0,0.5,0.7,0.7,759.0,1206.0,1653.0,1206.0,2.0,926.0,20.0,0.5,0.7,0.7,760.0,1205.0,1655.0,1205.0,2.0,925.0,20.0,0.5,0.7,0.7
1974,2,316.0,11.0,24.5,24.7,24.9,24.7,2.0,0.42,14.0,0.5,0.7,0.8,24.77,25.55,26.33,25.55,2.0,1.63,14.0,0.5,0.7,0.8,14.72,15.42,16.12,15.42,2.0,1.45,14.0,0.5,0.7,0.8,75.5,75.5,75.5,75.5,2.0,0.1,14.0,0.5,0.8,8.53,10.3,12.07,10.3,2.0,3.68,14.0,0.5,0.7,0.8,-11.26,-9.4,-7.53,-9.4,2.0,3.86,14.0,0.5,0.7,0.8,-4.32,-4.13,-3.94,-4.13,2.0,0.4,14.0,0.5,0.7,0.8,1011.51,1012.6,1013.69,1012.6,2.0,2.26,14.0,0.5,0.7,0.8,4.2,4.5,4.8,4.5,2.0,0.7,14.0,0.5,0.7,0.8,-139.7,-103.9,-68.0,-103.9,2.0,74.3,14.0,0.5,0.7,0.8,-52.6,-43.3,-34.0,-43.3,2.0,19.3,14.0,0.5,0.7,0.8,-1.43,-0.85,-0.27,-0.85,2.0,1.2,14.0,0.5,0.7,0.8,-18.4,-11.0,-3.5,-11.0,2.0,15.5,14.0,0.5,0.7,0.8,3.53,4.01,4.49,4.01,2.0,1.0,14.0,0.5,0.7,0.8,37.3,39.5,41.6,39.5,2.0,4.5,14.0,0.5,0.7,0.8,-298.1,-243.2,-188.3,-243.2,2.0,113.8,14.0,0.5,0.7,0.8,-114.0,-105.9,-97.7,-105.9,2.0,16.9,14.0,0.5,0.7,0.8,-183.0,-147.7,-112.4,-147.7,2.0,73.1,14.0,0.5,0.7,0.8,-69.8,-64.0,-58.1,-64.0,2.0,12.1,14.0,0.5,0.7,0.8,-38.7,-35.8,-32.8,-35.8,2.0,6.1,14.0,0.5,0.7,0.8,-17.6,-16.4,-15.2,-16.4,2.0,2.5,14.0,0.5,0.7,0.8,725.0,1301.5,1878.5,1301.5,2.0,1195.0,14.0,0.5,0.7,0.8,725.0,1300.0,1880.0,1300.0,2.0,1195.0,14.0,0.5,0.7,0.8
1974,2,316.0,12.0,24.5,24.5,25.18,24.83,3.0,0.58,8.0,0.7,0.8,0.8,23.82,24.5,25.18,24.5,3.0,1.0,8.0,0.7,0.8,0.8,11.46,11.81,15.0,13.19,3.0,2.86,8.0,0.7,0.8,0.8,61.2,65.6,76.1,68.6,3.0,11.2,8.0,0.7,0.8,9.1,9.3,9.3,9.2,3.0,0.17,8.0,0.7,0.8,0.8,-9.16,-9.16,-8.96,-9.06,3.0,0.17,8.0,0.7,0.8,0.8,-1.61,-1.61,-1.58,-1.6,3.0,0.03,8.0,0.7,0.8,0.8,1012.26,1012.4,1012.4,1012.33,3.0,0.12,8.0,0.7,0.8,0.8,1.5,3.5,5.0,3.3,4.0,2.1,8.0,0.8,0.7,0.6,-85.2,-85.2,-81.5,-83.4,3.0,3.1,8.0,0.7,0.8,0.8,-15.0,-15.0,-14.4,-14.7,3.0,0.6,8.0,0.7,0.8,0.8,0.0,0.0,0.68,0.33,3.0,0.58,8.0,0.7,0.8,0.8,0.0,0.0,6.3,3.1,3.0,5.4,8.0,0.7,0.8,0.8,5.02,7.39,7.74,6.4,3.0,2.17,8.0,0.7,0.8,0.8,46.7,68.7,70.4,58.8,3.0,19.4,8.0,0.7,0.8,0.8,-228.3,-217.2,-215.8,-222.0,3.0,10.1,8.0,0.7,0.8,0.8,-40.3,-38.3,-38.1,-39.1,3.0,1.8,8.0,0.7,0.8,0.8,-137.4,-108.2,-102.6,-119.7,3.0,27.3,8.0,0.7,0.8,0.8,-24.2,-19.1,-18.1,-21.1,3.0,4.8,8.0,0.7,0.8,0.8,-69.3,-67.7,-46.0,-57.9,3.0,19.1,8.0,0.7,0.8,0.8,-12.2,-11.9,-8.1,-10.2,3.0,3.4,8.0,0.7,0.8,0.8,753.0,804.5,804.5,779.0,3.0,43.5,8.0,0.7,0.8,0.8,755.0,805.0,805.0,780.0,3.0,45.0,8.0,0.7,0.8,0.8
1974,2,316.0,13.0,24.15,24.25,24.35,24.25,2.0,0.21,8.0,0.5,0.3,0.2,23.66,24.0,24.34,24.0,2.0,0.71,8.0,0.5,0.3,0.2,12.6,13.28,13.96,13.28,2.0,1.41,8.0,0.5,0.3,0.2,69.2,71.4,73.6,71.4,2.0,4.6,8.0,0.5,0.2,9.62,10.3,10.98,10.3,2.0,1.41,8.0,0.5,0.3,0.2,-9.69,-9.47,-9.26,-9.47,2.0,0.44,8.0,0.5,0.3,0.2,-5.01,-3.63,-2.26,-3.63,2.0,2.85,8.0,0.5,0.3,0.2,1011.89,1012.3,1012.71,1012.3,2.0,0.85,8.0,0.5,0.3,0.2,5.0,5.0,5.0,5.0,1.0,0.0,6.0,1.0,0.4,0.3,-106.6,-97.9,-89.2,-97.9,2.0,18.0,8.0,0.5,0.3,0.2,-56.1,-39.4,-22.8,-39.4,2.0,34.5,8.0,0.5,0.3,0.2,0.01,0.25,0.49,0.25,2.0,0.49,8.0,0.5,0.3,0.2,-0.1,2.2,4.5,2.2,2.0,4.7,8.0,0.5,0.3,0.2,5.06,5.63,6.2,5.63,2.0,1.18,8.0,0.5,0.3,0.2,55.2,57.2,59.2,57.2,2.0,4.2,8.0,0.5,0.3,0.2,-235.9,-227.5,-219.1,-227.5,2.0,17.3,8.0,0.5,0.3,0.2,-122.5,-88.2,-53.9,-88.2,2.0,71.0,8.0,0.5,0.3,0.2,-135.4,-126.1,-116.8,-126.1,2.0,19.2,8.0,0.5,0.3,0.2,-71.0,-50.2,-29.5,-50.2,2.0,43.0,8.0,0.5,0.3,0.2,-57.3,-53.1,-48.9,-53.1,2.0,8.7,8.0,0.5,0.3,0.2,-24.5,-18.8,-13.1,-18.8,2.0,11.8,8.0,0.5,0.3,0.2,905.5,1123.5,1341.5,1123.5,2.0,451.5,8.0,0.5,0.3,0.2,905.0,1125.0,1340.0,1125.0,2.0,450.0,8.0,0.5,0.3,0.2
1974,2,316.0,14.0,22.73,23.45,24.17,23.45,2.0,1.48,24.0,0.5,0.4,0.8,23.16,23.5,23.84,23.5,2.0,0.71,24.0,0.5,0.4,0.8,11.72,11.83,11.93,11.83,2.0,0.22,24.0,0.5,0.4,0.8,65.3,66.1,66.8,66.1,2.0,1.6,24.0,0.5,0.8,6.7,6.7,8.07,7.37,3.0,1.15,24.0,0.3,0.6,0.8,-7.48,-5.13,-5.13,-6.28,3.0,1.98,24.0,0.3,0.6,0.8,-4.31,-4.31,-0.34,-2.37,3.0,3.36,24.0,0.3,0.6,0.8,1017.39,1018.0,1018.96,1018.17,3.0,1.16,24.0,0.3,0.6,0.8,2.0,2.0,2.7,2.3,3.0,0.6,24.0,0.3,0.6,0.8,-61.8,-34.4,-34.4,-47.8,3.0,23.2,24.0,0.3,0.6,0.8,-28.9,-28.9,-0.2,-14.9,3.0,24.2,24.0,0.3,0.6,0.8,-0.43,-0.05,0.33,-0.05,2.0,0.78,24.0,0.5,0.4,0.8,-2.7,0.2,3.0,0.2,2.0,5.9,24.0,0.5,0.4,0.8,5.44,6.12,6.81,6.12,2.0,1.42,24.0,0.5,0.4,0.8,38.7,48.2,57.6,48.2,2.0,19.6,24.0,0.5,0.4,0.8,-191.7,-161.8,-131.9,-161.8,2.0,61.9,24.0,0.5,0.4,0.8,-77.6,-31.4,14.8,-31.4,2.0,95.7,24.0,0.5,0.4,0.8,-95.9,-81.3,-66.7,-81.3,2.0,30.2,24.0,0.5,0.4,0.8,-39.4,-16.1,7.3,-16.1,2.0,48.3,24.0,0.5,0.4,0.8,-55.5,-43.7,-31.8,-43.7,2.0,24.6,24.0,0.5,0.4,0.8,-16.9,-5.7,5.6,-5.7,2.0,23.2,24.0,0.5,0.4,0.8,301.0,301.0,545.0,420.0,3.0,206.5,24.0,0.3,0.6,0.8,300.0,300.0,545.0,420.0,3.0,205.0,24.0,0.3,0.6,0.8
1974,2,316.0,15.0,24.13,24.4,24.4,24.27,3.0,0.23,16.0,1.0,0.5,0.5,25.52,27.7,27.9,26.73,3.0,1.94,16.0,1.0,0.5,0.5,12.58,12.82,14.43,13.49,3.0,1.48,16.0,1.0,0.5,0.5,57.2,65.7,66.6,62.0,3.0,7.7,16.0,1.0,0.5,8.21,9.3,9.64,8.93,3.0,1.1,16.0,1.0,0.5,0.5,-8.69,-7.58,-6.49,-7.59,3.0,1.62,16.0,1.0,0.5,0.5,-5.93,-3.35,-1.98,-3.94,3.0,2.94,16.0,1.0,0.5,0.5,1013.3,1013.5,1014.87,1014.07,3.0,1.25,16.0,1.0,0.5,0.5,3.0,3.0,3.7,3.3,3.0,0.6,16.0,1.0,0.5,0.5,-80.1,-58.4,-56.5,-68.1,3.0,19.3,16.0,1.0,0.5,0.5,-55.7,-32.8,-17.5,-36.5,3.0,28.2,16.0,1.0,0.5,0.5,-3.78,-3.3,-1.12,-2.47,3.0,2.08,16.0,1.0,0.5,0.5,-33.5,-25.4,-8.7,-21.2,3.0,18.5,16.0,1.0,0.5,0.5,4.58,6.1,6.2,5.41,3.0,1.33,16.0,1.0,0.5,0.5,38.4,56.7,59.8,49.3,3.0,17.0,16.0,1.0,0.5,0.5,-220.7,-210.0,-180.9,-201.0,3.0,30.2,16.0,1.0,0.5,0.5,-162.2,-82.1,-51.3,-106.2,3.0,83.9,16.0,1.0,0.5,0.5,-117.1,-115.1,-87.4,-102.6,3.0,24.3,16.0,1.0,0.5,0.5,-74.3,-43.0,-27.5,-50.7,3.0,34.9,16.0,1.0,0.5,0.5,-50.8,-36.4,-31.6,-41.1,3.0,14.6,16.0,1.0,0.5,0.5,-36.3,-20.9,-10.2,-23.2,3.0,19.2,16.0,1.0,0.5,0.5,567.0,804.5,898.0,734.0,3.0,250.0,16.0,1.0,0.5,0.5,565.0,805.0,900.0,735.0,3.0,250.0,16.0,1.0,0.5,0.5
1974,2,316.0,16.0,24.5,24.5,24.5,24.5,1.0,0.0,16.0,1.0,0.7,0.3,24.3,24.3,24.3,24.3,1.0,0.0,16.0,1.0,0.7,0.3,12.74,12.74,12.74,12.74,1.0,0.0,16.0,1.0,0.7,0.3,67.9,67.9,67.9,67.9,1.0,0.0,16.0,1.0,0.3,6.2,6.2,6.2,6.2,1.0,0.0,16.0,1.0,0.7,0.3,-6.11,-6.11,-6.11,-6.11,1.0,0.0,16.0,1.0,0.7,0.3,-1.08,-1.08,-1.08,-1.08,1.0,0.0,16.0,1.0,0.7,0.3,1019.3,1019.3,1019.3,1019.3,1.0,0.0,16.0,1.0,0.7,0.3,3.0,3.0,3.0,3.0,1.0,0.0,16.0,1.0,0.7,0.3,-37.9,-37.9,-37.9,-37.9,1.0,0.0,16.0,1.0,0.7,0.3,-6.7,-6.7,-6.7,-6.7,1.0,0.0,16.0,1.0,0.7,0.3,0.2,0.2,0.2,0.2,1.0,0.0,16.0,1.0,0.7,0.3,1.2,1.2,1.2,1.2,1.0,0.0,16.0,1.0,0.7,0.3,6.32,6.32,6.32,6.32,1.0,0.0,16.0,1.0,0.7,0.3,39.2,39.2,39.2,39.2,1.0,0.0,16.0,1.0,0.7,0.3,-148.4,-148.4,-148.4,-148.4,1.0,0.0,16.0,1.0,0.7,0.3,-26.2,-26.2,-26.2,-26.2,1.0,0.0,16.0,1.0,0.7,0.3,-77.8,-77.8,-77.8,-77.8,1.0,0.0,16.0,1.0,0.7,0.3,-13.7,-13.7,-13.7,-13.7,1.0,0.0,16.0,1.0,0.7,0.3,-38.6,-38.6,-38.6,-38.6,1.0,0.0,16.0,1.0,0.7,0.3,-6.8,-6.8,-6.8,-6.8,1.0,0.0,16.0,1.0,0.7,0.3,238.5,238.5,238.5,238.5,1.0,0.0,16.0,1.0,0.7,0.3,240.0,240.0,240.0,240.0,1.0,0.0,16.0,1.0,0.7,0.3
1974,2,316.0,17.0,23.46,23.8,24.28,23.87,3.0,0.6,16.0,0.7,0.8,0.7,23.43,24.8,25.35,24.4,3.0,1.44,16.0,0.7,0.8,0.7,11.5,12.54,13.32,12.42,3.0,1.34,16.0,0.7,0.8,0.7,64.4,64.7,66.5,65.4,3.0,1.7,16.0,0.7,0.7,8.2,8.2,8.2,8.2,3.0,0.0,16.0,0.7,0.8,0.7,-7.51,-7.1,-5.05,-6.3,3.0,1.93,16.0,0.7,0.8,0.7,-6.15,-4.1,-3.22,-4.67,3.0,2.2,16.0,0.7,0.8,0.7,1016.41,1017.3,1017.5,1016.97,3.0,0.85,16.0,0.7,0.8,0.7,4.6,6.0,6.0,5.3,3.0,1.2,16.0,0.7,0.8,0.7,-61.6,-58.2,-41.4,-51.7,3.0,15.8,16.0,0.7,0.8,0.7,-50.4,-33.6,-26.4,-38.3,3.0,18.1,16.0,0.7,0.8,0.7,-1.32,-0.3,0.25,-0.53,3.0,1.17,16.0,0.7,0.8,0.7,-10.9,-2.5,2.0,-4.4,3.0,9.6,16.0,0.7,0.8,0.7,5.25,6.59,6.69,5.98,3.0,1.18,16.0,0.7,0.8,0.7,43.0,54.0,54.8,49.0,3.0,9.7,16.0,0.7,0.8,0.7,-190.5,-176.1,-119.7,-155.6,3.0,54.8,16.0,0.7,0.8,0.7,-142.8,-101.7,-81.3,-111.8,3.0,45.9,16.0,0.7,0.8,0.7,-100.3,-89.1,-59.1,-79.9,3.0,31.2,16.0,0.7,0.8,0.7,-69.7,-51.4,-42.5,-56.0,3.0,20.3,16.0,0.7,0.8,0.7,-43.2,-35.6,-30.2,-36.7,3.0,9.6,16.0,0.7,0.8,0.7,-41.2,-27.0,-17.4,-29.3,3.0,17.5,16.0,0.7,0.8,0.7,551.5,551.5,551.5,551.5,3.0,0.0,16.0,0.7,0.8,0.7,550.0,550.0,550.0,550.0,3.0,0.0,16.0,0.7,0.8,0.7
1974,2,316.0,18.0,24.08,24.25,24.42,24.25,2.0,0.35,8.0,0.0,0.7,0.3,21.21,21.65,22.09,21.65,2.0,0.92,8.0,0.0,0.7,0.3,13.48,13.48,13.48,13.48,1.0,0.0,16.0,0.0,0.7,0.1,81.1,81.1,81.1,81.1,1.0,0.0,16.0,0.0,0.1,7.52,8.65,9.78,8.65,2.0,2.33,8.0,0.0,0.7,0.3,-9.25,-8.34,-7.43,-8.34,2.0,1.89,8.0,0.0,0.7,0.3,0.56,1.76,2.96,1.76,2.0,2.49,8.0,0.0,0.7,0.3,1016.3,1017.8,1019.3,1017.8,2.0,3.11,8.0,0.0,0.7,0.3,1.0,1.0,1.0,1.0,1.0,0.0,16.0,0.0,0.7,0.1,-91.6,-74.3,-57.0,-74.3,2.0,35.8,8.0,0.0,0.7,0.3,5.8,18.1,30.5,18.1,2.0,25.7,8.0,0.0,0.7,0.3,2.33,2.6,2.87,2.6,2.0,0.57,8.0,0.0,0.7,0.3,21.3,21.8,22.4,21.8,2.0,1.2,8.0,0.0,0.7,0.3,5.57,5.57,5.57,5.57,1.0,0.0,16.0,0.0,0.7,0.1,57.4,57.4,57.4,57.4,1.0,0.0,16.0,0.0,0.7,0.1,-204.9,-181.4,-157.9,-181.4,2.0,48.7,8.0,0.0,0.7,0.3,12.5,39.3,66.1,39.3,2.0,55.5,8.0,0.0,0.7,0.3,-130.5,-130.5,-130.5,-130.5,1.0,0.0,16.0,0.0,0.7,0.1,47.5,47.5,47.5,47.5,1.0,0.0,16.0,0.0,0.7,0.1,-54.0,-54.0,-54.0,-54.0,1.0,0.0,16.0,0.0,0.7,0.1,19.6,19.6,19.6,19.6,1.0,0.0,16.0,0.0,0.7,0.1,462.0,718.0,973.5,718.0,2.0,530.0,8.0,0.0,0.7,0.3,460.0,720.0,975.0,720.0,2.0,530.0,8.0,0.0,0.7,0.3
1974,2,316.0,19.0,23.0,23.15,23.35,23.18,4.0,0.21,14.0,0.3,0.6,0.6,22.18,22.85,23.0,22.6,4.0,0.62,14.0,0.3,0.6,0.6,11.82,12.33,12.59,12.21,3.0,0.57,12.0,0.3,0.8,0.6,72.3,72.5,73.1,72.7,3.0,0.6,12.0,0.3,0.6,6.34,7.95,8.46,7.43,4.0,1.6,14.0,0.3,0.6,0.6,-7.82,-6.72,-5.48,-6.65,4.0,1.39,14.0,0.3,0.6,0.6,-2.59,0.71,2.96,0.21,4.0,3.88,14.0,0.3,0.6,0.6,1017.03,1019.5,1020.98,1019.03,4.0,2.58,14.0,0.3,0.6,0.6,1.5,2.5,5.6,3.5,4.0,3.1,14.0,0.3,0.6,0.6,-65.9,-55.5,-35.3,-50.8,4.0,19.1,14.0,0.3,0.6,0.6,-20.0,5.8,25.4,2.9,4.0,31.6,14.0,0.3,0.6,0.6,0.0,0.35,1.17,0.58,4.0,0.76,14.0,0.3,0.6,0.6,0.0,2.7,9.9,4.8,4.0,6.6,14.0,0.3,0.6,0.6,4.91,5.48,5.94,5.43,3.0,0.75,12.0,0.3,0.8,0.6,39.4,42.2,49.9,44.6,3.0,8.0,12.0,0.3,0.8,0.6,-175.1,-148.7,-125.2,-150.1,4.0,30.5,14.0,0.3,0.6,0.6,-58.9,16.4,65.0,3.7,4.0,86.7,14.0,0.3,0.6,0.6,-97.8,-87.3,-77.4,-87.6,3.0,15.0,12.0,0.3,0.8,0.6,-35.9,18.1,40.2,2.5,3.0,57.3,12.0,0.3,0.8,0.6,-43.5,-37.5,-34.0,-38.7,3.0,7.1,12.0,0.3,0.8,0.6,-16.4,6.6,20.4,2.1,3.0,27.2,12.0,0.3,0.8,0.6,287.0,504.0,607.5,450.0,4.0,227.0,14.0,0.3,0.6,0.6,285.0,505.0,605.0,450.0,4.0,225.0,14.0,0.3,0.6,0.6
1974,2,316.0,20.0,22.7,23.1,24.0,23.31,13.0,0.74,24.0,0.4,0.4,0.5,21.9,22.2,23.15,22.43,12.0,0.75,24.0,0.3,0.4,0.5,10.52,11.56,12.36,11.51,8.0,1.08,22.0,0.4,0.4,0.5,60.6,69.5,74.8,68.1,8.0,6.4,22.0,0.4,0.5,5.67,8.2,9.95,7.84,9.0,2.17,22.0,0.4,0.4,0.5,-9.17,-7.71,-5.41,-7.28,9.0,2.27,22.0,0.4,0.4,0.5,-3.5,-2.8,-0.34,-2.09,9.0,2.04,22.0,0.4,0.4,0.5,1018.31,1020.3,1021.83,1020.1,10.0,1.73,22.0,0.4,0.4,0.4,3.9,8.0,8.0,6.4,13.0,2.1,24.0,0.4,0.4,0.5,-91.1,-63.2,-31.6,-61.4,9.0,30.2,22.0,0.4,0.4,0.5,-35.7,-13.1,-2.4,-18.6,9.0,18.4,22.0,0.4,0.4,0.5,0.17,0.85,1.2,0.84,12.0,0.62,24.0,0.3,0.4,0.5,0.8,7.6,9.7,6.7,8.0,6.0,22.0,0.4,0.4,0.5,5.36,6.07,7.17,6.34,8.0,1.42,22.0,0.4,0.4,0.5,39.2,48.2,70.8,52.8,8.0,16.7,22.0,0.4,0.4,0.5,-205.7,-180.8,-169.5,-177.3,8.0,32.4,22.0,0.4,0.4,0.5,-75.4,-49.3,-3.3,-43.5,8.0,46.9,22.0,0.4,0.4,0.5,-94.9,-92.1,-81.3,-89.7,8.0,15.7,22.0,0.4,0.4,0.5,-41.1,-25.0,-1.7,-21.8,8.0,24.5,22.0,0.4,0.4,0.5,-66.0,-46.7,-38.4,-50.1,8.0,16.2,22.0,0.4,0.4,0.5,-23.7,-14.6,-0.7,-12.0,8.0,13.0,22.0,0.4,0.4,0.5,197.5,551.5,984.0,577.0,9.0,374.5,22.0,0.4,0.4,0.5,200.0,550.0,985.0,575.0,9.0,375.0,22.0,0.4,0.4,0.5
1974,2,316.0,21.0,22.4,23.5,24.0,23.21,9.0,0.92,18.0,0.7,0.8,0.4,21.6,22.1,22.44,22.24,11.0,1.01,18.0,0.5,0.8,0.4,10.85,11.77,12.73,11.69,10.0,0.97,16.0,0.5,0.7,0.4,64.8,71.3,75.9,70.4,10.0,5.4,16.0,0.5,0.4,5.1,6.2,8.2,6.5,9.0,1.43,16.0,0.6,0.7,0.3,-5.82,-5.1,-4.22,-3.97,9.0,4.66,16.0,0.6,0.7,0.3,-2.84,-0.8,1.28,-0.99,9.0,3.01,16.0,0.6,0.7,0.3,1016.61,1020.45,1022.71,1020.19,10.0,3.79,16.0,0.5,0.7,0.4,4.6,7.0,7.4,6.1,11.0,1.8,18.0,0.5,0.8,0.4,-38.1,-33.3,-22.1,-23.8,9.0,36.2,16.0,0.6,0.7,0.3,-17.6,-3.7,9.7,-7.5,9.0,23.0,16.0,0.6,0.7,0.3,-0.08,0.8,1.75,0.87,9.0,1.07,18.0,0.7,0.8,0.4,-2.3,6.6,8.6,4.6,7.0,7.7,16.0,0.7,0.8,0.3,5.26,6.35,6.67,6.08,8.0,0.7,18.0,0.6,0.8,0.4,32.7,39.2,52.6,41.8,7.0,10.4,16.0,0.7,0.8,0.3,-127.1,-113.0,-101.1,-88.3,9.0,102.1,16.0,0.6,0.7,0.3,-61.8,-17.7,28.3,-23.7,9.0,71.8,16.0,0.6,0.7,0.3,-68.1,-59.8,-52.8,-46.7,9.0,50.2,16.0,0.6,0.7,0.3,-35.5,-9.4,13.8,-12.8,9.0,37.1,16.0,0.6,0.7,0.3,-35.0,-30.3,-20.1,-22.0,7.0,34.0,16.0,0.7,0.8,0.3,-20.6,-5.4,9.5,-7.2,7.0,19.1,16.0,0.7,0.8,0.3,132.5,238.5,551.5,310.5,9.0,191.5,16.0,0.6,0.7,0.3,135.0,240.0,550.0,310.0,9.0,190.0,16.0,0.6,0.7,0.3
1974,2,316.0,22.0,22.19,22.2,22.9,22.43,7.0,0.39,18.0,0.4,0.5,0.5,20.98,22.0,22.71,22.1,7.0,1.47,18.0,0.4,0.5,0.5,11.18,11.49,12.04,11.59,7.0,0.47,18.0,0.4,0.5,0.5,67.7,68.7,76.6,70.9,7.0,5.3,18.0,0.4,0.5,6.6,7.2,7.85,7.34,7.0,1.85,18.0,0.4,0.5,0.5,-6.6,-4.32,-1.85,-4.28,7.0,2.38,18.0,0.4,0.5,0.5,-7.4,-1.16,1.68,-2.79,7.0,5.5,18.0,0.4,0.5,0.5,1020.42,1020.7,1022.0,1020.8,7.0,1.09,18.0,0.4,0.5,0.5,1.0,2.0,6.1,3.0,7.0,2.9,18.0,0.4,0.5,0.5,-44.5,-20.3,-19.4,-29.9,7.0,16.3,18.0,0.4,0.5,0.5,-58.5,-7.8,8.8,-26.4,7.0,50.1,18.0,0.4,0.5,0.5,0.06,0.3,1.6,0.33,7.0,1.51,18.0,0.4,0.5,0.5,0.2,2.0,12.6,3.0,7.0,12.6,18.0,0.4,0.5,0.5,4.88,5.34,5.66,5.19,7.0,0.55,18.0,0.4,0.5,0.5,31.6,37.0,41.8,37.7,7.0,8.4,18.0,0.4,0.5,0.5,-145.3,-96.0,-37.9,-94.8,7.0,52.4,18.0,0.4,0.5,0.5,-182.7,-26.3,37.2,-61.6,7.0,119.2,18.0,0.4,0.5,0.5,-76.0,-48.4,-21.5,-49.5,7.0,27.5,18.0,0.4,0.5,0.5,-91.4,-13.4,19.0,-32.8,7.0,64.6,18.0,0.4,0.5,0.5,-35.9,-24.4,-9.1,-22.9,7.0,13.9,18.0,0.4,0.5,0.5,-37.2,-6.7,9.5,-12.8,7.0,27.1,18.0,0.4,0.5,0.5,291.0,373.0,495.0,463.5,7.0,372.0,18.0,0.4,0.5,0.5,290.0,375.0,495.0,465.0,7.0,370.0,18.0,0.4,0.5,0.5
1974,2,316.0,23.0,22.64,23.25,23.77,23.36,8.0,0.8,16.0,0.5,0.7,0.5,22.0,22.05,23.66,22.49,8.0,0.91,16.0,0.5,0.7,0.5,11.91,12.26,13.52,12.48,7.0,0.86,16.0,0.4,0.7,0.4,74.1,75.1,77.4,75.3,7.0,4.8,16.0,0.4,0.4,5.8,7.7,8.78,7.44,9.0,1.59,16.0,0.4,0.7,0.5,-8.46,-5.9,-4.26,-6.25,9.0,2.11,16.0,0.4,0.7,0.5,0.0,2.3,4.47,1.24,9.0,3.83,16.0,0.4,0.7,0.5,1020.12,1021.0,1023.21,1021.54,9.0,1.64,16.0,0.4,0.7,0.5,1.3,3.0,6.7,3.9,9.0,2.7,16.0,0.4,0.7,0.5,-75.1,-45.4,-23.7,-48.3,9.0,23.5,16.0,0.4,0.7,0.5,0.0,10.6,35.8,8.7,9.0,30.9,16.0,0.4,0.7,0.5,-0.7,0.95,1.77,0.88,8.0,1.49,16.0,0.5,0.7,0.5,-3.6,7.3,13.9,7.1,8.0,11.6,16.0,0.5,0.7,0.5,4.25,5.67,6.06,5.35,7.0,1.34,16.0,0.4,0.7,0.4,26.1,33.1,53.1,38.5,7.0,14.5,16.0,0.4,0.7,0.4,-189.7,-144.8,-120.3,-150.4,8.0,41.6,16.0,0.5,0.7,0.5,2.3,54.8,102.4,52.1,8.0,43.1,16.0,0.5,0.7,0.5,-94.7,-80.3,-66.8,-79.4,7.0,20.6,16.0,0.4,0.7,0.4,11.4,33.1,59.5,33.8,7.0,24.1,16.0,0.4,0.7,0.4,-46.2,-31.1,-22.8,-34.2,7.0,12.6,16.0,0.4,0.7,0.4,3.2,13.2,21.9,15.0,7.0,12.6,16.0,0.4,0.7,0.4,220.0,456.5,681.0,460.0,9.0,234.0,16.0,0.4,0.7,0.5,220.0,455.0,680.0,460.0,9.0,235.0,16.0,0.4,0.7,0.5
1974,2,316.0,24.0,21.42,21.8,22.25,21.93,17.0,0.72,10.0,0.7,0.5,0.6,20.35,21.5,22.25,21.35,17.0,0.98,10.0,0.7,0.5,0.6,11.03,12.04,12.61,11.95,12.0,0.89,10.0,0.6,0.4,0.6,69.2,76.7,81.6,75.8,12.0,5.6,10.0,0.6,0.6,3.77,4.85,6.05,4.68,12.0,1.38,12.0,0.6,0.4,0.6,-5.24,-4.37,-1.88,-3.99,12.0,1.8,12.0,0.6,0.4,0.6,-1.31,0.68,3.16,0.95,12.0,2.07,12.0,0.6,0.4,0.6,1020.13,1021.4,1023.56,1021.77,13.0,1.94,10.0,0.6,0.4,0.6,2.0,5.0,7.0,4.4,17.0,2.4,10.0,0.7,0.5,0.6,-30.6,-22.2,-6.7,-20.7,12.0,13.1,12.0,0.6,0.4,0.6,-3.3,2.7,14.6,5.3,12.0,10.3,12.0,0.6,0.4,0.6,-0.18,0.4,1.5,0.58,17.0,0.93,10.0,0.7,0.5,0.6,-2.1,2.1,6.3,2.1,12.0,4.3,12.0,0.6,0.4,0.6,3.21,4.39,5.25,4.34,12.0,0.98,10.0,0.6,0.4,0.6,13.3,16.7,28.3,20.1,11.0,7.6,10.0,0.5,0.4,0.6,-113.8,-94.1,-38.7,-85.5,12.0,39.6,12.0,0.6,0.4,0.6,-27.5,14.8,69.8,21.3,12.0,45.3,12.0,0.6,0.4,0.6,-66.3,-61.7,-21.0,-48.1,11.0,23.4,10.0,0.5,0.4,0.6,-5.7,15.2,39.8,14.9,11.0,24.8,10.0,0.5,0.4,0.6,-23.2,-16.7,-8.1,-16.8,11.0,8.4,10.0,0.5,0.4,0.6,-2.8,7.1,12.9,4.8,11.0,9.8,10.0,0.5,0.4,0.6,55.5,115.0,221.5,127.0,12.0,97.0,12.0,0.6,0.4,0.6,55.0,115.0,220.0,125.0,12.0,95.0,12.0,0.6,0.4,0.6
1974,2,316.0,25.0,21.62,22.0,22.28,21.99,12.0,0.5,10.0,0.8,0.5,0.4,21.39,22.2,23.05,22.29,13.0,0.96,10.0,0.8,0.6,0.4,10.88,11.93,13.93,12.33,10.0,1.43,12.0,0.7,0.5,0.4,67.1,73.3,86.2,76.1,11.0,9.6,12.0,0.7,0.4,4.52,6.45,10.3,6.81,12.0,3.43,10.0,0.8,0.6,0.4,-7.27,-4.56,-2.35,-5.18,12.0,3.64,10.0,0.8,0.6,0.4,-1.76,2.14,6.42,2.17,12.0,3.83,10.0,0.8,0.6,0.4,1020.22,1021.85,1023.36,1021.94,12.0,2.31,10.0,0.8,0.6,0.4,1.0,4.0,6.1,3.6,13.0,2.3,10.0,0.8,0.6,0.4,-58.0,-28.9,-13.3,-44.3,12.0,53.0,10.0,0.8,0.6,0.4,-9.8,10.8,43.8,18.3,12.0,33.7,10.0,0.8,0.6,0.4,-1.25,-0.15,0.85,-0.24,12.0,1.2,10.0,0.8,0.5,0.4,-9.6,-3.1,2.3,-3.3,11.0,7.0,10.0,0.7,0.6,0.4,2.52,3.91,5.33,3.98,10.0,1.55,12.0,0.7,0.5,0.4,8.6,22.9,41.0,25.6,9.0,18.8,10.0,0.7,0.6,0.4,-169.4,-97.4,-54.4,-115.4,12.0,79.9,10.0,0.8,0.6,0.4,-37.8,49.3,149.9,49.9,12.0,86.2,10.0,0.8,0.6,0.4,-109.3,-64.1,-29.1,-67.0,9.0,46.2,10.0,0.7,0.6,0.4,-22.8,6.8,40.3,10.9,9.0,35.3,10.0,0.7,0.6,0.4,-40.3,-13.0,-5.9,-22.6,9.0,19.8,10.0,0.7,0.6,0.4,-7.1,3.8,10.0,1.8,9.0,11.0,10.0,0.7,0.6,0.4,101.0,269.5,1092.5,551.0,12.0,764.5,10.0,0.8,0.6,0.4,100.0,270.0,1095.0,550.0,12.0,765.0,10.0,0.8,0.6,0.4
1974,2,316.0,26.0,20.79,21.8,22.21,21.58,11.0,0.8,14.0,0.3,0.6,0.7,19.4,20.5,21.82,20.58,13.0,1.08,14.0,0.3,0.6,0.7,9.32,11.47,11.97,10.66,11.0,1.43,14.0,0.3,0.5,0.6,64.4,71.4,82.8,71.6,11.0,9.1,14.0,0.3,0.6,3.35,5.9,8.48,5.92,12.0,2.57,16.0,0.3,0.5,0.7,-4.46,-2.3,1.57,-1.96,12.0,3.55,16.0,0.3,0.5,0.7,-5.35,2.38,5.3,0.74,12.0,5.24,16.0,0.3,0.5,0.7,1020.93,1023.3,1024.27,1022.96,13.0,1.86,14.0,0.3,0.6,0.7,3.0,4.0,6.1,4.5,13.0,1.9,14.0,0.3,0.6,0.7,-33.7,-10.8,5.4,-14.9,12.0,29.3,16.0,0.3,0.5,0.7,-33.6,8.4,35.5,1.9,12.0,41.7,16.0,0.3,0.5,0.7,0.0,0.8,2.32,0.95,11.0,1.54,14.0,0.3,0.6,0.7,0.0,4.1,12.9,4.7,10.0,11.9,14.0,0.2,0.6,0.6,3.19,4.35,6.98,4.81,9.0,1.87,14.0,0.2,0.6,0.6,18.3,24.1,30.6,24.7,9.0,8.1,14.0,0.2,0.6,0.6,-93.3,-46.0,31.9,-41.6,12.0,75.0,16.0,0.3,0.5,0.7,-103.7,49.6,114.5,18.6,12.0,105.1,16.0,0.3,0.5,0.7,-43.0,-22.9,23.1,-17.9,11.0,42.7,14.0,0.3,0.5,0.6,-28.5,25.3,62.1,21.0,11.0,45.5,14.0,0.3,0.5,0.6,-19.5,-15.6,6.7,-9.7,9.0,13.8,14.0,0.2,0.6,0.6,-2.8,18.0,22.0,9.5,9.0,18.8,14.0,0.2,0.6,0.6,39.5,216.5,615.5,317.0,12.0,323.0,16.0,0.3,0.5,0.7,40.0,215.0,615.0,315.0,12.0,325.0,16.0,0.3,0.5,0.7
1974,2,316.0,27.0,20.27,21.4,22.46,21.44,17.0,1.22,14.0,0.5,0.6,0.4,19.47,20.2,22.29,20.69,18.0,1.43,14.0,0.4,0.6,0.4,8.32,11.03,11.88,10.51,15.0,1.9,12.0,0.5,0.6,0.4,60.0,70.7,82.4,70.0,16.0,10.9,14.0,0.4,0.4,2.6,5.1,7.35,5.71,18.0,3.49,14.0,0.4,0.6,0.4,-5.83,-2.96,1.26,-2.85,18.0,4.41,14.0,0.4,0.6,0.4,-3.3,1.05,3.31,0.76,18.0,4.25,14.0,0.4,0.6,0.4,1020.51,1023.0,1025.37,1022.95,17.0,2.21,14.0,0.5,0.6,0.5,2.7,4.0,7.0,4.4,18.0,2.1,14.0,0.4,0.6,0.4,-37.0,-16.5,4.9,-26.4,18.0,58.2,14.0,0.4,0.6,0.4,-18.4,3.5,24.9,7.6,18.0,37.2,14.0,0.4,0.6,0.4,-0.89,1.0,1.95,0.73,17.0,1.47,14.0,0.5,0.6,0.4,-7.8,3.1,10.4,2.4,17.0,8.7,14.0,0.5,0.6,0.4,3.25,5.06,7.55,5.31,14.0,2.31,14.0,0.5,0.6,0.4,13.0,24.3,56.6,29.1,14.0,18.9,14.0,0.5,0.6,0.4,-124.5,-63.6,25.5,-60.2,18.0,92.6,14.0,0.4,0.6,0.4,-67.0,21.0,69.4,18.1,18.0,89.1,14.0,0.4,0.6,0.4,-69.3,-39.9,10.6,-37.6,15.0,50.5,12.0,0.5,0.6,0.4,-38.1,7.0,34.2,0.1,15.0,33.9,12.0,0.5,0.6,0.4,-41.2,-18.7,4.1,-18.4,14.0,21.7,14.0,0.5,0.6,0.4,-19.0,-0.5,12.1,-4.6,14.0,20.2,14.0,0.5,0.6,0.4,17.5,132.5,398.5,438.5,18.0,945.5,14.0,0.4,0.6,0.4,20.0,135.0,400.0,440.0,18.0,945.0,14.0,0.4,0.6,0.4
1974,2,316.0,28.0,20.96,21.0,21.71,21.25,11.0,1.17,10.0,0.3,0.7,0.3,19.38,20.0,21.0,20.2,13.0,1.0,10.0,0.2,0.7,0.4,7.92,11.3,12.58,10.74,11.0,2.46,10.0,0.3,0.7,0.3,56.8,73.8,85.7,73.6,11.0,15.0,10.0,0.3,0.3,2.35,4.6,6.25,4.26,13.0,2.38,10.0,0.2,0.7,0.4,-5.1,-3.1,0.91,-1.84,13.0,3.25,10.0,0.2,0.7,0.4,-2.62,0.0,4.4,0.88,13.0,3.2,10.0,0.2,0.7,0.4,1020.27,1023.6,1024.41,1022.3,13.0,2.66,10.0,0.2,0.7,0.4,1.0,1.0,8.0,3.4,13.0,3.2,10.0,0.2,0.7,0.4,-26.8,-12.9,3.9,-11.7,13.0,19.7,10.0,0.2,0.7,0.4,-13.4,0.0,29.3,5.9,13.0,19.3,10.0,0.2,0.7,0.4,-0.1,1.2,2.0,1.1,11.0,1.52,10.0,0.3,0.7,0.3,-1.0,2.7,9.2,3.8,11.0,7.9,10.0,0.3,0.7,0.3,2.18,4.85,7.4,4.87,11.0,2.73,10.0,0.3,0.7,0.3,0.7,21.7,32.7,18.1,11.0,14.8,10.0,0.3,0.7,0.3,-102.5,-62.2,17.5,-38.5,13.0,65.6,10.0,0.2,0.7,0.4,-50.5,0.0,91.6,20.0,13.0,66.0,10.0,0.2,0.7,0.4,-55.0,0.0,14.5,-15.4,11.0,34.0,10.0,0.3,0.7,0.3,-13.6,0.0,45.4,12.8,11.0,31.6,10.0,0.3,0.7,0.3,-20.2,0.0,3.1,-5.7,11.0,17.7,10.0,0.3,0.7,0.3,-9.7,0.0,16.2,0.2,11.0,15.2,10.0,0.3,0.7,0.3,16.0,97.5,244.5,138.5,13.0,152.5,10.0,0.2,0.7,0.4,15.0,95.0,245.0,140.0,13.0,155.0,10.0,0.2,0.7,0.4
1974,2,316.0,29.0,19.22,20.4,21.13,20.47,12.0,1.44,16.0,0.4,0.6,0.4,19.41,20.0,21.0,20.22,14.0,1.06,16.0,0.4,0.5,0.4,10.45,11.17,12.95,11.56,13.0,1.45,16.0,0.4,0.5,0.4,72.5,78.7,87.5,78.7,13.0,9.6,16.0,0.4,0.4,3.63,5.1,7.7,5.64,14.0,2.08,16.0,0.4,0.5,0.4,-4.76,-3.1,1.74,-1.97,14.0,3.95,16.0,0.4,0.5,0.4,-4.96,-0.67,3.8,-0.31,14.0,4.32,16.0,0.4,0.5,0.4,1020.24,1022.35,1024.49,1022.34,14.0,2.01,16.0,0.4,0.5,0.4,2.1,4.0,6.9,4.4,14.0,2.3,16.0,0.4,0.5,0.4,-33.4,-13.3,6.4,-12.7,14.0,28.5,16.0,0.4,0.5,0.4,-25.1,-3.6,28.6,-0.7,14.0,30.7,16.0,0.4,0.5,0.4,-1.03,0.0,1.2,0.28,12.0,1.79,16.0,0.4,0.6,0.4,-7.9,0.0,4.9,1.5,12.0,11.4,16.0,0.4,0.6,0.4,1.8,2.82,4.49,3.39,12.0,1.96,16.0,0.4,0.6,0.4,7.8,14.4,22.5,17.6,12.0,13.9,16.0,0.4,0.6,0.4,-95.8,-62.4,34.0,-39.8,14.0,81.5,16.0,0.4,0.5,0.4,-99.4,-14.0,73.8,-5.2,14.0,87.0,16.0,0.4,0.5,0.4,-63.1,-32.5,25.1,-22.3,13.0,49.6,16.0,0.4,0.5,0.4,-36.4,0.0,45.0,4.6,13.0,46.6,16.0,0.4,0.5,0.4,-12.7,-9.0,3.1,-6.9,12.0,10.5,16.0,0.4,0.6,0.4,-21.1,-0.7,7.9,-5.3,12.0,18.4,16.0,0.4,0.6,0.4,48.0,132.5,456.5,247.0,14.0,211.5,16.0,0.4,0.5,0.4,50.0,135.0,455.0,245.0,14.0,210.0,16.0,0.4,0.5,0.4
1974,2,316.0,30.0,19.0,20.1,22.31,20.45,19.0,1.64,14.0,0.4,0.5,0.4,18.7,20.0,21.7,20.12,20.0,1.53,14.0,0.4,0.5,0.5,10.11,10.93,11.78,10.97,13.0,1.01,12.0,0.2,0.5,0.3,71.3,75.2,80.4,75.6,14.0,6.4,14.0,0.3,0.3,2.62,5.55,8.98,5.69,20.0,2.84,14.0,0.4,0.5,0.5,-5.02,-0.88,1.79,-1.14,20.0,3.73,14.0,0.4,0.5,0.5,-0.88,2.25,6.69,2.34,20.0,4.6,14.0,0.4,0.5,0.5,1020.87,1023.5,1026.07,1024.05,19.0,3.37,14.0,0.3,0.6,0.5,2.0,4.5,7.0,4.4,20.0,2.4,14.0,0.4,0.5,0.5,-26.0,-3.3,17.3,-4.1,20.0,26.3,14.0,0.4,0.5,0.5,-2.8,11.3,45.4,18.4,20.0,40.9,14.0,0.4,0.5,0.5,-1.43,0.5,1.8,0.33,19.0,2.18,14.0,0.4,0.5,0.4,-10.4,0.0,8.9,-1.0,19.0,10.2,14.0,0.4,0.5,0.4,1.93,3.64,5.7,3.9,13.0,2.03,12.0,0.2,0.5,0.3,7.8,20.2,28.2,18.1,13.0,10.4,12.0,0.2,0.5,0.3,-102.9,-19.0,37.2,-21.2,20.0,76.0,14.0,0.4,0.5,0.5,-19.4,45.6,153.6,49.8,20.0,92.8,14.0,0.4,0.5,0.5,-59.1,-24.0,1.8,-24.0,13.0,30.2,12.0,0.2,0.5,0.3,-12.8,15.4,72.7,21.2,13.0,57.7,12.0,0.2,0.5,0.3,-24.6,-2.8,0.2,-10.6,13.0,12.2,12.0,0.2,0.5,0.3,-5.6,7.8,14.2,4.5,13.0,13.1,12.0,0.2,0.5,0.3,18.5,174.5,725.0,312.0,20.0,338.5,14.0,0.4,0.5,0.5,20.0,175.0,725.0,310.0,20.0,340.0,14.0,0.4,0.5,0.5
1974,2,316.0,31.0,19.32,20.0,21.0,20.06,25.0,0.94,16.0,0.4,0.5,0.5,17.4,19.9,20.7,19.51,26.0,1.82,16.0,0.4,0.6,0.5,8.38,10.66,12.79,10.59,17.0,2.11,18.0,0.4,0.5,0.6,65.8,80.0,89.3,76.9,17.0,13.3,18.0,0.4,0.6,4.08,6.2,9.3,6.57,26.0,2.83,16.0,0.4,0.6,0.5,-3.88,1.81,4.61,0.97,26.0,4.96,16.0,0.4,0.6,0.5,-1.78,2.88,6.6,2.16,26.0,4.75,16.0,0.4,0.6,0.5,1019.16,1022.5,1024.0,1022.22,27.0,2.85,16.0,0.4,0.6,0.5,1.0,3.0,7.0,3.7,26.0,2.5,16.0,0.4,0.6,0.5,-16.1,7.3,32.6,8.2,26.0,49.0,16.0,0.4,0.6,0.5,-8.9,15.6,44.4,15.5,26.0,42.8,16.0,0.4,0.6,0.5,-0.87,0.15,2.8,0.52,24.0,1.9,16.0,0.4,0.5,0.5,-5.7,0.9,14.4,3.1,24.0,13.5,16.0,0.4,0.5,0.5,1.86,3.4,5.18,3.72,16.0,1.98,16.0,0.4,0.5,0.6,9.8,14.5,28.4,20.1,16.0,14.5,16.0,0.4,0.5,0.6,-78.1,34.6,85.1,18.4,26.0,98.5,16.0,0.4,0.6,0.5,-40.6,58.2,136.6,46.8,26.0,90.6,16.0,0.4,0.6,0.5,-32.3,15.2,43.4,4.8,17.0,43.7,18.0,0.4,0.5,0.6,-20.8,25.7,75.5,21.2,17.0,46.9,18.0,0.4,0.5,0.6,-12.7,3.0,13.5,0.7,16.0,16.2,16.0,0.4,0.5,0.6,-9.6,6.1,13.2,0.2,16.0,19.4,16.0,0.4,0.5,0.6,68.0,238.5,804.5,448.5,26.0,574.5,16.0,0.4,0.6,0.5,70.0,240.0,805.0,450.0,26.0,575.0,16.0,0.4,0.6,0.5
1974,2,316.0,32.0,18.55,20.0,21.05,19.77,17.0,1.2,12.0,0.4,0.5,0.5,18.38,19.3,20.67,19.51,16.0,1.65,12.0,0.4,0.6,0.5,8.98,10.35,12.23,10.66,12.0,2.09,14.0,0.2,0.6,0.6,68.0,77.0,92.8,78.4,12.0,13.4,14.0,0.2,0.6,4.45,8.0,9.95,7.72,18.0,3.48,12.0,0.4,0.5,0.5,-0.6,3.6,8.09,3.31,18.0,5.3,12.0,0.4,0.5,0.5,-1.4,3.25,7.7,2.94,18.0,5.13,12.0,0.4,0.5,0.5,1018.03,1021.5,1023.92,1021.27,18.0,3.82,12.0,0.4,0.5,0.5,2.0,4.0,7.3,4.3,18.0,2.5,12.0,0.4,0.5,0.5,-1.6,22.5,74.0,31.8,18.0,61.2,12.0,0.4,0.5,0.5,-13.1,23.4,62.1,27.8,18.0,54.4,12.0,0.4,0.5,0.5,-0.96,-0.2,1.67,0.03,15.0,1.62,12.0,0.4,0.6,0.5,-11.8,-1.2,8.5,-2.2,15.0,11.6,12.0,0.4,0.6,0.5,1.65,3.06,6.02,3.41,11.0,2.14,14.0,0.2,0.6,0.6,6.7,22.1,34.1,22.9,11.0,16.1,14.0,0.2,0.6,0.6,6.0,66.4,161.0,77.1,16.0,94.9,12.0,0.4,0.6,0.5,-51.9,67.9,148.2,55.2,16.0,106.5,12.0,0.4,0.6,0.5,-4.2,30.4,109.5,43.1,12.0,60.7,14.0,0.2,0.6,0.6,-13.0,31.9,77.8,32.8,12.0,57.3,14.0,0.2,0.6,0.6,2.1,5.6,18.1,6.7,11.0,18.7,14.0,0.2,0.6,0.6,-2.8,2.5,22.5,5.4,11.0,20.1,14.0,0.2,0.6,0.6,89.0,512.0,987.0,727.5,18.0,870.5,12.0,0.4,0.5,0.5,90.0,510.0,985.0,725.0,18.0,870.0,12.0,0.4,0.5,0.5
1974,2,316.0,33.0,18.0,19.0,19.79,18.94,20.0,1.24,14.0,0.6,0.6,0.5,16.87,18.3,20.13,18.49,22.0,1.68,14.0,0.6,0.6,0.5,8.57,10.47,12.01,10.36,20.0,1.91,14.0,0.6,0.6,0.5,71.2,77.8,88.1,79.0,20.0,10.6,14.0,0.6,0.5,5.03,8.2,12.3,8.79,22.0,3.95,14.0,0.6,0.5,0.5,-4.48,2.53,10.93,2.73,22.0,7.23,14.0,0.6,0.5,0.5,-4.17,0.65,5.8,0.58,22.0,6.01,14.0,0.6,0.5,0.5,1016.53,1021.35,1027.97,1021.65,22.0,5.42,14.0,0.6,0.6,0.5,3.0,4.5,7.7,4.8,22.0,2.3,14.0,0.6,0.6,0.5,-24.8,19.6,128.0,39.7,22.0,93.2,14.0,0.6,0.5,0.5,-28.3,1.7,56.1,6.9,22.0,67.7,14.0,0.6,0.5,0.5,-0.69,1.0,1.89,0.48,20.0,1.67,14.0,0.6,0.6,0.5,-2.0,7.4,15.4,3.5,19.0,15.7,14.0,0.6,0.6,0.5,1.6,3.55,4.77,3.1,18.0,1.92,14.0,0.6,0.6,0.5,13.8,20.9,44.7,28.9,17.0,18.3,14.0,0.6,0.6,0.5,-80.5,38.3,218.1,55.0,21.0,141.7,14.0,0.6,0.6,0.5,-73.5,0.0,97.0,4.9,21.0,104.7,14.0,0.6,0.6,0.5,-44.4,19.6,117.8,34.8,19.0,78.2,14.0,0.6,0.6,0.5,-35.1,11.1,61.1,12.9,19.0,54.5,14.0,0.6,0.6,0.5,-19.2,6.8,35.8,9.3,17.0,30.1,14.0,0.6,0.6,0.5,-15.1,5.3,11.9,-0.3,17.0,15.1,14.0,0.6,0.6,0.5,127.5,551.5,1861.0,1097.0,22.0,1349.5,14.0,0.6,0.5,0.5,130.0,550.0,1860.0,1095.0,22.0,1350.0,14.0,0.6,0.5,0.5
1974,2,316.0,34.0,17.27,19.25,20.3,19.01,18.0,1.51,18.0,0.7,0.6,0.5,15.35,17.75,19.86,17.69,18.0,2.15,18.0,0.7,0.6,0.5,6.95,9.93,11.35,9.64,16.0,2.44,18.0,0.7,0.6,0.5,65.3,74.3,89.2,76.4,16.0,12.4,18.0,0.7,0.5,4.96,9.3,10.8,8.25,19.0,2.86,16.0,0.7,0.6,0.5,-8.31,2.12,8.07,0.65,19.0,7.5,16.0,0.7,0.6,0.5,-4.41,1.79,4.84,1.05,19.0,4.71,16.0,0.7,0.6,0.5,1017.97,1020.9,1029.39,1021.2,19.0,7.01,16.0,0.7,0.6,0.5,2.9,6.0,8.0,5.5,19.0,2.5,16.0,0.7,0.6,0.5,-69.8,12.9,74.9,1.7,19.0,77.9,16.0,0.7,0.6,0.5,-24.5,6.4,52.3,11.9,19.0,43.5,16.0,0.7,0.6,0.5,-0.89,1.1,3.55,1.19,17.0,1.98,18.0,0.6,0.6,0.5,-10.3,4.1,26.3,9.1,17.0,19.4,18.0,0.6,0.6,0.5,1.75,3.95,5.69,3.87,16.0,2.11,18.0,0.7,0.6,0.5,11.8,25.5,51.8,32.4,16.0,24.8,18.0,0.7,0.6,0.5,-138.2,28.2,141.1,10.3,18.0,129.9,18.0,0.7,0.6,0.5,-68.5,16.3,103.6,23.5,18.0,88.3,18.0,0.7,0.6,0.5,-67.4,26.3,72.9,15.9,16.0,68.5,18.0,0.7,0.6,0.5,-32.0,9.2,54.0,9.8,16.0,46.9,18.0,0.7,0.6,0.5,-27.2,5.7,31.8,0.3,16.0,37.6,18.0,0.7,0.6,0.5,-21.1,1.2,11.8,-2.6,16.0,17.7,18.0,0.7,0.6,0.5,123.5,804.5,1259.5,746.5,19.0,598.5,16.0,0.7,0.6,0.5,125.0,805.0,1260.0,745.0,19.0,600.0,16.0,0.7,0.6,0.5
1974,2,316.0,35.0,16.97,17.0,18.09,17.42,19.0,0.76,16.0,0.4,0.4,0.5,15.89,17.0,18.91,16.88,19.0,1.81,16.0,0.4,0.4,0.5,7.43,9.19,11.99,9.7,18.0,2.32,14.0,0.4,0.4,0.5,68.5,80.5,92.2,80.5,18.0,11.7,14.0,0.4,0.5,5.52,8.65,13.27,8.89,18.0,3.98,14.0,0.4,0.4,0.5,-3.05,2.59,11.05,3.47,18.0,6.11,14.0,0.4,0.4,0.5,-6.13,2.3,7.46,1.73,18.0,6.81,14.0,0.4,0.4,0.5,1016.17,1019.2,1025.13,1020.45,19.0,5.27,16.0,0.4,0.4,0.5,1.9,5.0,8.0,5.0,19.0,2.9,16.0,0.4,0.4,0.5,-18.7,14.1,134.3,44.7,18.0,85.2,14.0,0.4,0.4,0.5,-54.0,12.6,96.2,17.3,18.0,75.0,14.0,0.4,0.4,0.5,-0.91,0.0,2.01,0.54,19.0,1.78,16.0,0.4,0.4,0.5,-8.2,0.0,22.6,4.7,18.0,18.2,14.0,0.4,0.4,0.5,0.49,2.7,4.66,2.61,18.0,2.29,14.0,0.4,0.4,0.5,2.3,15.8,50.1,22.9,17.0,30.3,14.0,0.5,0.4,0.5,-45.7,44.5,186.2,62.4,18.0,104.8,14.0,0.4,0.4,0.5,-102.8,40.3,135.8,36.7,18.0,115.0,14.0,0.4,0.4,0.5,-23.2,27.3,95.1,37.0,17.0,63.4,14.0,0.5,0.4,0.5,-37.0,34.1,93.5,32.4,17.0,65.9,14.0,0.5,0.4,0.5,-15.7,1.8,22.7,8.7,17.0,30.3,14.0,0.5,0.4,0.5,-27.0,1.3,11.6,-4.2,17.0,21.3,14.0,0.5,0.4,0.5,169.5,658.0,2344.5,1118.5,18.0,1303.5,14.0,0.4,0.4,0.5,170.0,660.0,2345.0,1120.0,18.0,1305.0,14.0,0.4,0.4,0.5
1974,2,316.0,36.0,16.0,17.6,18.35,17.32,17.0,1.52,14.0,0.4,0.6,0.4,14.95,15.9,18.12,16.32,18.0,2.2,14.0,0.3,0.6,0.4,6.58,8.36,11.42,9.09,13.0,3.12,12.0,0.5,0.6,0.5,62.5,79.2,89.5,76.6,14.0,14.2,12.0,0.4,0.5,7.55,9.8,14.05,10.23,18.0,4.21,14.0,0.4,0.6,0.4,0.56,4.39,8.8,4.43,18.0,4.1,14.0,0.4,0.6,0.4,-7.11,6.87,10.68,3.41,18.0,8.87,14.0,0.4,0.6,0.4,1014.0,1021.05,1025.8,1020.57,18.0,5.44,14.0,0.4,0.6,0.4,3.0,5.0,7.5,5.2,17.0,2.1,14.0,0.4,0.6,0.4,0.7,46.2,118.4,54.2,18.0,57.6,14.0,0.4,0.6,0.4,-69.8,59.4,129.8,46.8,18.0,124.5,14.0,0.4,0.6,0.4,-0.22,0.85,2.76,0.88,16.0,2.4,12.0,0.4,0.6,0.4,-3.2,1.6,20.4,6.4,15.0,35.0,14.0,0.4,0.6,0.4,1.23,2.39,5.22,2.54,12.0,2.9,12.0,0.5,0.6,0.4,9.6,20.1,37.8,19.1,12.0,32.1,12.0,0.5,0.6,0.4,6.5,71.1,135.9,72.0,17.0,68.3,14.0,0.4,0.6,0.4,-101.7,120.2,180.3,76.9,17.0,144.9,14.0,0.4,0.6,0.4,5.1,46.5,76.4,40.4,13.0,37.1,12.0,0.5,0.6,0.5,-49.5,31.8,104.8,32.8,13.0,87.3,12.0,0.5,0.6,0.5,-4.5,7.1,23.9,7.2,12.0,15.5,12.0,0.5,0.6,0.4,-32.0,4.3,18.3,-4.8,12.0,33.2,12.0,0.5,0.6,0.4,431.5,948.5,2776.5,1594.0,18.0,1886.0,14.0,0.4,0.6,0.4,430.0,950.0,2775.0,1595.0,18.0,1885.0,14.0,0.4,0.6,0.4
1974,2,316.0,37.0,16.9,17.2,19.0,17.48,19.0,1.39,16.0,0.6,0.5,0.4,14.67,17.0,18.25,16.52,21.0,1.73,16.0,0.6,0.6,0.4,7.12,9.25,10.43,8.71,14.0,1.77,16.0,0.6,0.6,0.4,60.5,79.5,82.9,73.7,14.0,11.4,16.0,0.6,0.4,5.43,12.3,15.4,11.53,21.0,4.98,16.0,0.6,0.6,0.4,0.0,4.41,7.87,4.0,21.0,5.62,16.0,0.6,0.6,0.4,-4.53,7.89,12.83,5.09,21.0,9.43,16.0,0.6,0.6,0.4,1012.02,1016.5,1021.83,1016.91,21.0,6.15,16.0,0.6,0.6,0.4,4.0,6.0,8.0,5.7,20.0,1.8,14.0,0.6,0.6,0.4,0.0,50.2,97.1,53.7,21.0,84.3,16.0,0.6,0.6,0.4,-38.9,81.3,222.9,77.9,21.0,144.0,16.0,0.6,0.6,0.4,-1.0,0.8,1.67,0.85,19.0,1.98,16.0,0.6,0.5,0.4,-14.0,6.9,30.4,10.7,19.0,26.5,16.0,0.6,0.5,0.4,1.78,3.01,5.87,3.49,14.0,2.01,16.0,0.6,0.6,0.4,16.6,36.3,57.8,43.4,14.0,30.0,16.0,0.6,0.6,0.4,0.0,52.9,133.5,66.5,21.0,96.8,16.0,0.6,0.6,0.4,-69.6,134.1,222.2,93.6,21.0,151.5,16.0,0.6,0.6,0.4,0.0,37.7,68.6,30.2,14.0,48.8,16.0,0.6,0.6,0.4,-36.9,98.1,150.3,68.0,14.0,85.6,16.0,0.6,0.6,0.4,0.0,11.1,36.7,18.3,14.0,30.6,16.0,0.6,0.6,0.4,-22.5,25.1,46.7,11.8,14.0,38.4,16.0,0.6,0.6,0.4,169.5,1861.0,3652.5,2300.0,21.0,2062.0,16.0,0.6,0.6,0.4,170.0,1860.0,3650.0,2300.0,21.0,2060.0,16.0,0.6,0.6,0.4
1974,2,316.0,38.0,16.3,17.25,18.0,17.34,14.0,0.91,14.0,0.6,0.5,0.4,13.44,17.0,18.5,16.11,15.0,3.0,14.0,0.5,0.6,0.4,5.65,9.84,11.16,9.2,14.0,2.55,14.0,0.5,0.6,0.4,64.1,81.1,93.7,79.0,14.0,13.4,14.0,0.5,0.4,7.89,14.4,18.2,12.85,15.0,6.08,14.0,0.5,0.6,0.4,0.0,10.3,16.98,7.96,15.0,8.2,14.0,0.5,0.6,0.4,-2.57,7.2,13.32,5.37,15.0,6.92,14.0,0.5,0.6,0.4,1007.1,1015.1,1016.88,1012.99,15.0,6.78,14.0,0.5,0.6,0.4,4.0,7.5,8.0,6.5,12.0,1.9,14.0,0.5,0.5,0.5,0.0,106.1,326.1,137.1,15.0,153.4,14.0,0.5,0.6,0.4,-48.8,66.1,204.2,77.5,15.0,122.2,14.0,0.5,0.6,0.4,-0.96,1.1,4.36,1.57,14.0,2.61,14.0,0.6,0.5,0.4,-7.2,15.8,80.7,22.9,14.0,41.5,14.0,0.6,0.5,0.4,1.59,2.37,6.6,3.3,13.0,2.25,14.0,0.5,0.6,0.4,21.2,36.8,101.8,50.0,13.0,39.7,14.0,0.5,0.6,0.4,0.0,149.1,240.6,118.9,15.0,126.2,14.0,0.5,0.6,0.4,-33.9,108.0,239.2,98.9,15.0,113.4,14.0,0.5,0.6,0.4,0.0,67.5,123.7,65.5,14.0,70.6,14.0,0.5,0.6,0.4,-16.9,73.1,150.5,64.8,14.0,71.1,14.0,0.5,0.6,0.4,0.0,31.8,95.6,38.5,13.0,45.8,14.0,0.5,0.6,0.4,-24.2,17.0,24.3,6.0,13.0,23.2,14.0,0.5,0.6,0.4,533.0,2986.0,6147.5,3373.0,15.0,3475.5,14.0,0.5,0.6,0.4,535.0,2985.0,6150.0,3375.0,15.0,3475.0,14.0,0.5,0.6,0.4
1974,2,316.0,39.0,15.22,16.4,18.25,16.64,12.0,1.48,16.0,0.5,0.6,0.5,11.75,15.8,18.97,15.56,14.0,3.42,16.0,0.4,0.5,0.5,5.36,7.96,11.43,8.66,11.0,3.11,14.0,0.5,0.6,0.5,65.4,75.4,89.4,76.7,11.0,12.4,14.0,0.5,0.5,7.8,12.9,20.53,13.97,14.0,7.3,16.0,0.4,0.5,0.5,2.01,8.44,18.92,9.4,14.0,7.82,16.0,0.4,0.5,0.5,-1.76,6.0,12.67,4.87,14.0,9.04,16.0,0.4,0.5,0.5,1002.71,1013.75,1023.84,1013.36,14.0,10.89,16.0,0.4,0.5,0.5,5.0,6.0,8.0,5.9,14.0,2.4,16.0,0.4,0.5,0.5,6.7,106.4,396.4,178.6,14.0,194.7,16.0,0.4,0.5,0.5,-19.0,62.3,169.4,78.0,14.0,193.5,16.0,0.4,0.5,0.5,-1.15,0.6,3.96,1.3,12.0,2.95,16.0,0.5,0.6,0.5,-13.9,4.5,44.1,17.5,12.0,46.1,16.0,0.5,0.6,0.5,0.39,3.05,5.76,3.12,10.0,2.63,16.0,0.5,0.5,0.5,4.6,16.8,68.5,37.5,10.0,42.8,16.0,0.5,0.5,0.5,37.8,132.2,250.1,145.8,14.0,124.1,16.0,0.4,0.5,0.5,-20.6,96.2,240.7,93.8,14.0,149.0,16.0,0.4,0.5,0.5,26.9,94.5,142.2,83.9,11.0,55.2,14.0,0.5,0.6,0.5,-21.5,17.9,121.5,37.1,11.0,84.8,14.0,0.5,0.6,0.5,2.5,5.7,55.6,28.4,10.0,44.0,16.0,0.5,0.5,0.5,-30.4,2.8,4.8,-6.4,10.0,22.6,16.0,0.5,0.5,0.5,478.5,2146.5,8658.0,4912.5,14.0,6365.0,16.0,0.4,0.5,0.5,480.0,2145.0,8660.0,4910.0,14.0,6365.0,16.0,0.4,0.5,0.5
1974,2,316.0,40.0,13.75,14.5,16.33,14.77,12.0,1.29,14.0,0.8,0.6,0.4,10.23,13.1,16.52,13.21,14.0,2.83,14.0,0.8,0.6,0.5,5.49,7.91,10.11,7.77,10.0,2.42,16.0,0.9,0.5,0.5,62.2,83.5,91.1,78.8,10.0,14.1,16.0,0.9,0.5,10.06,13.9,15.34,14.15,14.0,3.92,14.0,0.8,0.6,0.5,6.33,11.85,13.69,10.26,14.0,6.51,14.0,0.8,0.6,0.5,-5.9,2.41,9.61,2.26,14.0,8.34,14.0,0.8,0.6,0.5,1004.51,1010.25,1021.59,1010.78,14.0,9.76,14.0,0.8,0.6,0.5,5.0,8.0,8.0,6.9,13.0,1.4,16.0,0.8,0.6,0.5,52.4,185.9,205.3,159.6,14.0,131.5,14.0,0.8,0.6,0.5,-65.4,33.6,122.3,37.1,14.0,135.9,14.0,0.8,0.6,0.5,-1.28,1.6,4.43,1.59,12.0,2.8,14.0,0.8,0.6,0.4,-15.6,22.1,54.7,21.1,12.0,38.7,14.0,0.8,0.6,0.4,0.13,3.59,5.87,3.09,8.0,2.71,14.0,0.9,0.5,0.5,2.0,40.7,85.8,44.1,8.0,41.9,14.0,0.9,0.5,0.5,76.5,138.9,191.0,129.6,14.0,87.6,14.0,0.8,0.6,0.5,-62.7,23.2,159.2,45.0,14.0,119.2,14.0,0.8,0.6,0.5,4.5,69.8,116.1,64.7,10.0,55.4,16.0,0.9,0.5,0.5,-42.1,12.5,115.4,32.3,10.0,83.0,16.0,0.9,0.5,0.5,0.2,22.2,80.0,36.6,8.0,42.8,14.0,0.9,0.5,0.5,-35.1,0.0,2.2,-9.5,8.0,22.6,14.0,0.9,0.5,0.5,1051.5,2685.5,3610.0,3476.5,14.0,3124.0,14.0,0.8,0.6,0.5,1050.0,2685.0,3610.0,3475.0,14.0,3125.0,14.0,0.8,0.6,0.5
1974,2,316.0,41.0,15.0,15.4,18.0,16.06,13.0,1.47,12.0,0.5,0.5,0.4,10.37,12.3,17.02,12.82,13.0,3.43,12.0,0.5,0.5,0.4,5.06,6.67,7.88,6.86,10.0,1.97,12.0,0.4,0.5,0.4,61.4,79.1,89.4,76.2,10.0,13.7,12.0,0.4,0.4,10.25,13.4,17.55,13.84,13.0,4.09,12.0,0.5,0.5,0.4,2.1,9.58,12.41,8.08,13.0,5.5,12.0,0.5,0.5,0.4,-3.77,5.1,13.04,3.91,13.0,10.33,12.0,0.5,0.5,0.4,1000.89,1012.0,1018.65,1012.35,13.0,9.01,12.0,0.5,0.5,0.4,6.0,7.0,8.0,6.6,12.0,1.4,12.0,0.5,0.5,0.4,28.2,99.7,190.3,116.7,13.0,90.1,12.0,0.5,0.5,0.4,-47.8,56.9,181.1,43.9,13.0,182.3,12.0,0.5,0.5,0.4,-2.02,4.1,5.77,3.25,13.0,3.73,12.0,0.5,0.5,0.4,-27.3,53.9,103.4,44.9,13.0,56.2,12.0,0.5,0.5,0.4,3.73,4.47,6.4,4.54,10.0,2.21,12.0,0.4,0.5,0.4,34.9,62.2,98.4,63.3,10.0,38.9,12.0,0.4,0.5,0.4,34.0,103.2,165.3,96.0,13.0,62.0,12.0,0.5,0.5,0.4,-37.0,60.2,205.2,74.2,13.0,137.6,12.0,0.5,0.5,0.4,9.9,58.6,74.0,49.2,10.0,35.8,12.0,0.4,0.5,0.4,-25.6,24.3,109.3,27.2,10.0,83.1,12.0,0.4,0.5,0.4,0.0,33.2,79.9,39.8,10.0,37.2,12.0,0.4,0.5,0.4,-26.1,10.1,50.2,9.0,10.0,52.3,12.0,0.4,0.5,0.4,1078.0,2406.0,5404.5,3265.5,13.0,2402.5,12.0,0.5,0.5,0.4,1080.0,2405.0,5405.0,3265.0,13.0,2400.0,12.0,0.5,0.5,0.4
1974,2,316.0,42.0,15.6,16.1,16.38,16.07,6.0,0.43,8.0,0.5,0.8,0.5,6.49,11.0,12.67,10.01,9.0,3.5,10.0,0.3,0.7,0.5,5.43,6.3,7.73,6.5,8.0,1.98,10.0,0.4,0.6,0.5,68.3,80.5,86.0,79.6,8.0,10.1,10.0,0.4,0.5,8.63,15.4,23.49,14.79,9.0,7.32,10.0,0.3,0.7,0.5,7.56,12.85,16.87,12.53,9.0,6.78,10.0,0.3,0.7,0.5,-5.65,-2.67,0.0,-0.3,9.0,8.77,10.0,0.3,0.7,0.5,995.66,1012.5,1015.07,1006.71,9.0,10.57,10.0,0.3,0.7,0.5,7.0,8.0,8.0,7.6,8.0,0.5,10.0,0.4,0.6,0.5,66.0,233.6,323.8,222.1,9.0,200.2,10.0,0.3,0.7,0.5,-56.2,-23.0,0.0,35.2,9.0,202.7,10.0,0.3,0.7,0.5,2.9,5.8,8.73,5.68,6.0,3.48,8.0,0.5,0.8,0.5,21.0,63.4,140.9,79.8,6.0,69.2,8.0,0.5,0.8,0.5,2.67,5.16,5.46,4.18,5.0,1.97,6.0,0.6,0.8,0.6,25.9,29.9,106.5,61.2,5.0,49.3,6.0,0.6,0.8,0.6,54.1,98.6,185.8,117.1,9.0,62.5,10.0,0.3,0.7,0.5,-45.3,-29.4,0.0,8.9,9.0,124.3,10.0,0.3,0.7,0.5,53.2,71.5,127.0,81.2,8.0,43.2,10.0,0.4,0.6,0.5,-25.5,-14.8,0.0,13.4,8.0,88.2,10.0,0.4,0.6,0.5,15.3,28.1,105.6,56.2,5.0,53.5,6.0,0.6,0.8,0.6,-17.3,-10.2,7.9,-4.9,5.0,16.7,6.0,0.6,0.8,0.6,656.5,3652.5,13843.0,5481.0,9.0,6742.5,10.0,0.3,0.7,0.5,655.0,3650.0,13845.0,5480.0,9.0,6740.0,10.0,0.3,0.7,0.5
1974,2,316.0,43.0,13.48,15.0,16.05,14.79,7.0,1.5,18.0,0.7,0.4,0.3,5.61,7.0,8.12,6.71,8.0,2.32,18.0,0.6,0.4,0.4,4.2,5.09,5.83,5.07,6.0,0.85,16.0,0.5,0.4,0.3,72.2,84.6,100.0,84.7,6.0,15.0,16.0,0.5,0.3,7.33,13.4,15.4,11.72,10.0,5.22,18.0,0.6,0.5,0.4,-5.54,8.1,14.87,5.77,10.0,10.01,18.0,0.6,0.5,0.4,-6.55,-5.18,-0.95,-4.82,10.0,4.11,18.0,0.6,0.5,0.4,1005.23,1015.15,1021.44,1011.71,10.0,13.57,18.0,0.6,0.5,0.4,7.4,8.0,8.0,7.8,10.0,0.4,18.0,0.6,0.5,0.4,-60.8,84.9,229.0,92.6,10.0,146.8,18.0,0.6,0.5,0.4,-99.0,-72.1,-15.3,-68.2,10.0,56.7,18.0,0.6,0.5,0.4,5.48,7.0,10.0,7.4,7.0,2.0,18.0,0.7,0.4,0.3,49.5,84.7,111.8,87.1,7.0,53.4,18.0,0.7,0.4,0.3,4.25,5.16,6.11,5.22,5.0,1.49,16.0,0.6,0.3,0.2,24.7,49.0,85.3,53.2,5.0,35.1,16.0,0.6,0.3,0.2,-51.3,8.3,98.0,18.1,8.0,76.0,18.0,0.6,0.4,0.4,-45.6,-34.5,-0.4,-35.1,8.0,36.2,18.0,0.6,0.4,0.4,-50.0,12.7,67.3,12.6,6.0,59.0,16.0,0.5,0.4,0.3,-35.5,-21.1,2.0,-18.6,6.0,18.2,16.0,0.5,0.4,0.3,-33.7,7.1,80.1,19.7,5.0,60.3,16.0,0.6,0.3,0.2,-29.2,-22.3,-9.7,-19.2,5.0,13.5,16.0,0.6,0.3,0.2,544.0,2416.0,3652.5,2359.5,10.0,1831.5,18.0,0.6,0.5,0.4,545.0,2415.0,3650.0,2360.0,10.0,1830.0,18.0,0.6,0.5,0.4
1974,2,316.0,44.0,7.9,14.0,16.0,12.12,13.0,3.71,20.0,0.6,0.5,0.3,5.0,7.85,11.66,8.18,16.0,3.71,20.0,0.7,0.6,0.4,3.95,5.71,7.15,5.62,10.0,1.9,18.0,0.6,0.5,0.2,68.8,81.0,89.0,79.6,10.0,10.1,18.0,0.6,0.2,8.62,12.9,19.31,13.49,16.0,5.05,20.0,0.7,0.6,0.4,-5.07,3.08,9.8,1.56,16.0,7.47,20.0,0.7,0.6,0.4,-7.15,4.78,18.03,4.65,16.0,11.76,20.0,0.7,0.6,0.4,1001.26,1008.8,1016.16,1008.78,15.0,8.49,20.0,0.7,0.5,0.4,7.0,8.0,8.0,7.7,15.0,0.6,20.0,0.7,0.6,0.4,-57.4,27.2,120.2,13.8,16.0,115.8,20.0,0.7,0.6,0.4,-87.1,34.1,367.1,97.2,16.0,204.9,20.0,0.7,0.6,0.4,-2.52,4.0,9.1,3.98,13.0,5.15,20.0,0.6,0.5,0.3,-15.1,66.3,89.7,49.2,13.0,60.4,20.0,0.6,0.5,0.3,-0.18,3.69,5.2,2.9,10.0,2.82,18.0,0.6,0.5,0.2,-1.9,45.4,78.9,38.8,10.0,39.7,18.0,0.6,0.5,0.2,-44.0,12.9,54.3,5.3,16.0,59.9,20.0,0.7,0.6,0.4,-33.7,40.7,211.2,73.4,16.0,118.7,20.0,0.7,0.6,0.4,-19.1,23.9,39.0,13.9,10.0,31.6,18.0,0.6,0.5,0.2,-27.9,2.4,139.5,41.2,10.0,79.1,18.0,0.6,0.5,0.2,-3.4,8.1,41.5,16.7,10.0,28.9,18.0,0.6,0.5,0.2,-30.1,-23.8,45.8,-0.4,10.0,45.9,18.0,0.6,0.5,0.2,647.5,2146.5,7203.5,3444.5,16.0,3359.5,20.0,0.7,0.6,0.4,650.0,2145.0,7205.0,3445.0,16.0,3360.0,20.0,0.7,0.6,0.4
1974,2,316.0,45.0,6.0,7.5,11.6,8.65,6.0,3.29,12.0,0.7,0.6,0.3,3.77,5.35,6.84,5.85,6.0,3.18,12.0,0.7,0.6,0.3,4.59,5.27,5.6,5.14,6.0,0.69,12.0,0.7,0.6,0.3,82.1,91.3,97.3,88.8,6.0,11.8,12.0,0.7,0.3,5.1,12.05,16.6,11.3,6.0,5.78,12.0,0.7,0.6,0.3,-7.5,4.6,16.03,3.83,6.0,11.5,12.0,0.7,0.6,0.3,-6.29,-2.71,2.58,-2.22,6.0,5.55,12.0,0.7,0.6,0.3,995.01,996.5,1005.7,998.88,6.0,6.33,12.0,0.7,0.6,0.3,7.6,8.0,8.0,7.7,6.0,0.8,12.0,0.7,0.6,0.3,-80.9,23.5,268.8,56.9,6.0,183.0,12.0,0.7,0.6,0.3,-71.1,-28.1,27.5,-26.4,6.0,85.3,12.0,0.7,0.6,0.3,0.19,1.25,6.64,2.8,6.0,3.78,12.0,0.7,0.6,0.3,-0.3,19.5,35.3,17.3,6.0,22.8,12.0,0.7,0.6,0.3,0.4,1.52,3.58,2.03,6.0,1.92,12.0,0.7,0.6,0.3,5.7,14.3,29.0,17.2,6.0,13.3,12.0,0.7,0.6,0.3,-41.2,18.9,91.2,32.1,6.0,90.8,12.0,0.7,0.6,0.3,-34.6,-9.4,21.6,-4.2,6.0,42.5,12.0,0.7,0.6,0.3,-41.1,20.3,85.1,19.7,6.0,63.6,12.0,0.7,0.6,0.3,-34.5,-12.4,13.8,-11.1,6.0,31.2,12.0,0.7,0.6,0.3,-3.0,13.1,27.3,13.4,6.0,15.8,12.0,0.7,0.6,0.3,-4.9,-2.1,9.9,1.0,6.0,8.3,12.0,0.7,0.6,0.3,132.5,2285.5,4579.0,2373.5,6.0,2324.0,12.0,0.7,0.6,0.3,135.0,2285.0,4580.0,2375.0,6.0,2325.0,12.0,0.7,0.6,0.3
1974,2,316.0,46.0,4.93,10.3,11.53,8.91,8.0,3.33,16.0,0.5,0.5,0.2,1.53,1.8,3.81,2.41,9.0,1.38,14.0,0.4,0.6,0.3,2.49,3.94,4.22,3.48,8.0,0.91,14.0,0.4,0.5,0.3,60.4,84.9,94.1,79.3,9.0,19.0,14.0,0.4,0.3,6.1,12.35,15.4,11.31,8.0,4.36,14.0,0.5,0.6,0.3,1.83,5.44,12.29,6.63,8.0,6.1,14.0,0.5,0.6,0.3,-2.38,1.57,13.19,2.99,8.0,8.22,14.0,0.5,0.6,0.3,1002.99,1004.55,1017.46,1009.16,8.0,8.59,14.0,0.4,0.5,0.3,7.0,8.0,8.0,7.6,7.0,0.8,16.0,0.4,0.6,0.2,15.2,56.6,151.4,79.9,8.0,91.8,14.0,0.5,0.6,0.3,-36.6,9.6,201.1,47.0,8.0,117.4,14.0,0.5,0.6,0.3,3.35,7.15,8.29,6.58,8.0,2.85,16.0,0.5,0.5,0.2,42.9,86.8,113.1,81.7,7.0,47.3,14.0,0.6,0.6,0.3,0.96,3.85,6.0,3.69,7.0,2.14,16.0,0.4,0.5,0.3,12.6,47.4,78.4,47.0,6.0,35.1,14.0,0.5,0.5,0.3,3.2,13.2,49.9,23.1,8.0,24.3,14.0,0.5,0.6,0.3,-7.8,3.7,22.5,5.1,8.0,14.7,14.0,0.5,0.6,0.3,5.4,14.2,28.6,19.4,7.0,22.7,12.0,0.4,0.6,0.3,-12.1,4.7,37.3,10.7,7.0,32.1,12.0,0.4,0.6,0.3,1.7,19.2,61.3,28.3,6.0,31.7,14.0,0.5,0.5,0.3,-15.4,7.6,29.9,12.1,6.0,41.7,14.0,0.5,0.5,0.3,254.0,1883.5,3652.5,1976.5,8.0,1538.0,14.0,0.5,0.6,0.3,255.0,1885.0,3650.0,1975.0,8.0,1540.0,14.0,0.5,0.6,0.3
1974,2,316.0,47.0,3.29,8.0,12.88,8.28,6.0,5.58,16.0,0.2,0.4,0.6,0.39,2.0,5.05,2.9,7.0,3.2,18.0,0.3,0.4,0.6,3.03,3.66,4.94,3.82,6.0,1.07,16.0,0.2,0.4,0.6,73.6,86.8,95.9,85.0,6.0,11.3,16.0,0.2,0.6,4.6,10.3,12.46,10.57,7.0,7.27,18.0,0.3,0.4,0.6,-0.84,5.9,10.87,7.02,7.0,7.99,18.0,0.3,0.4,0.6,4.1,4.53,10.34,6.12,7.0,4.26,18.0,0.3,0.4,0.6,1003.54,1007.1,1021.12,1010.66,7.0,13.49,18.0,0.3,0.4,0.6,2.0,5.0,8.0,5.1,7.0,2.9,18.0,0.3,0.4,0.6,-3.8,69.6,128.4,121.8,7.0,203.0,18.0,0.3,0.4,0.6,18.9,28.9,130.6,84.1,7.0,115.8,18.0,0.3,0.4,0.6,1.36,4.55,13.58,6.23,6.0,6.36,16.0,0.2,0.4,0.6,5.0,28.4,184.1,91.8,6.0,140.7,16.0,0.2,0.4,0.6,0.63,2.64,6.69,3.32,6.0,3.01,16.0,0.2,0.4,0.6,3.0,15.9,94.0,46.5,6.0,65.5,16.0,0.2,0.4,0.6,-4.8,20.6,36.8,12.6,7.0,28.7,18.0,0.3,0.4,0.6,-1.0,8.6,32.9,17.5,7.0,32.8,18.0,0.3,0.4,0.6,-3.4,31.9,41.2,24.3,6.0,23.3,16.0,0.2,0.4,0.6,11.0,19.7,30.3,19.2,6.0,11.8,16.0,0.2,0.4,0.6,-1.1,9.5,89.3,39.3,6.0,59.7,16.0,0.2,0.4,0.6,0.5,5.5,29.4,18.5,6.0,32.6,16.0,0.2,0.4,0.6,97.5,1092.5,2376.0,3042.5,7.0,6171.5,18.0,0.3,0.4,0.6,95.0,1095.0,2375.0,3045.0,7.0,6170.0,18.0,0.3,0.4,0.6
1974,2,316.0,48.0,2.42,5.0,8.59,5.36,5.0,4.22,16.0,0.4,0.7,0.5,-0.37,2.0,2.11,1.06,5.0,1.47,16.0,0.4,0.7,0.5,3.26,3.36,3.71,3.48,4.0,0.32,14.0,0.3,0.7,0.6,74.6,80.1,88.3,81.2,5.0,7.4,16.0,0.4,0.5,7.77,12.3,15.13,11.72,5.0,5.11,16.0,0.4,0.7,0.5,3.19,7.12,13.93,8.41,5.0,7.03,16.0,0.4,0.7,0.5,-1.79,3.3,8.29,3.2,5.0,6.87,16.0,0.4,0.7,0.5,989.38,1007.65,1016.64,1003.23,4.0,17.81,14.0,0.3,0.7,0.6,2.0,8.0,8.0,5.6,5.0,3.3,16.0,0.4,0.7,0.5,16.3,66.3,221.3,118.3,5.0,143.4,16.0,0.4,0.7,0.5,-27.5,55.6,95.0,38.2,5.0,86.0,16.0,0.4,0.7,0.5,1.52,2.7,7.32,4.3,5.0,4.11,16.0,0.4,0.7,0.5,9.2,33.2,107.0,61.5,5.0,84.2,16.0,0.4,0.7,0.5,1.7,2.56,3.92,2.8,4.0,1.49,14.0,0.3,0.7,0.6,16.0,27.0,60.8,37.8,4.0,36.6,14.0,0.3,0.7,0.6,-4.1,0.0,11.6,2.6,5.0,9.9,16.0,0.4,0.7,0.5,1.1,6.5,17.9,9.7,5.0,11.4,16.0,0.4,0.7,0.5,9.4,21.5,44.9,26.9,4.0,27.1,14.0,0.3,0.7,0.6,7.3,15.5,30.3,18.6,4.0,15.7,14.0,0.3,0.7,0.6,3.1,13.9,57.0,29.3,4.0,41.0,14.0,0.3,0.7,0.6,8.1,16.8,22.2,15.2,4.0,10.4,14.0,0.3,0.7,0.6,559.0,1861.0,3867.5,2360.5,5.0,2642.0,16.0,0.4,0.7,0.5,560.0,1860.0,3870.0,2360.0,5.0,2640.0,16.0,0.4,0.7,0.5
1974,2,316.0,49.0,2.1,5.0,10.09,5.64,5.0,4.79,10.0,0.4,0.5,0.4,0.43,3.05,4.62,2.25,6.0,4.22,10.0,0.5,0.5,0.4,2.24,3.28,3.74,3.01,4.0,1.05,12.0,0.5,0.4,0.4,64.1,70.4,75.2,69.7,4.0,7.2,12.0,0.5,0.4,11.89,13.85,17.02,14.3,6.0,3.23,10.0,0.5,0.5,0.4,8.05,13.39,14.9,11.29,6.0,5.92,10.0,0.5,0.5,0.4,-6.7,0.89,4.81,-0.09,6.0,8.24,10.0,0.5,0.5,0.4,991.28,996.85,1001.33,997.48,6.0,6.86,10.0,0.5,0.5,0.4,5.6,7.0,8.0,6.7,6.0,1.6,10.0,0.5,0.5,0.4,82.9,187.1,269.9,170.5,6.0,107.1,10.0,0.5,0.5,0.4,-112.3,9.2,68.8,-16.0,6.0,129.9,10.0,0.5,0.5,0.4,0.81,4.4,6.47,3.48,5.0,3.92,10.0,0.4,0.5,0.4,9.9,45.3,102.3,50.6,5.0,58.2,10.0,0.4,0.5,0.4,2.22,3.25,4.05,3.14,4.0,1.07,12.0,0.5,0.4,0.4,25.2,46.1,64.6,45.0,4.0,23.0,12.0,0.5,0.4,0.4,-11.7,31.9,52.5,20.2,6.0,43.7,10.0,0.5,0.5,0.4,-21.0,-5.0,26.9,6.1,6.0,42.0,10.0,0.5,0.5,0.4,25.9,44.1,57.9,42.0,4.0,20.8,12.0,0.5,0.4,0.4,-9.7,1.4,7.2,-1.1,4.0,12.6,12.0,0.5,0.4,0.4,25.1,44.3,62.3,43.7,4.0,21.9,12.0,0.5,0.4,0.4,-11.0,1.8,7.8,-1.5,4.0,14.0,12.0,0.5,0.4,0.4,1702.0,2756.5,4981.0,3303.0,6.0,2155.5,10.0,0.5,0.5,0.4,1700.0,2755.0,4980.0,3305.0,6.0,2155.0,10.0,0.5,0.5,0.4
1974,2,316.0,50.0,4.03,5.4,10.26,7.08,6.0,4.58,12.0,0.7,0.5,0.5,-1.0,2.65,6.57,2.9,10.0,4.06,12.0,0.7,0.5,0.5,3.11,3.49,5.3,4.17,4.0,1.68,10.0,0.8,0.5,0.4,74.7,88.3,96.3,85.6,4.0,14.7,10.0,0.8,0.4,4.81,9.55,17.1,10.71,10.0,5.92,12.0,0.7,0.5,0.5,-2.36,4.0,9.26,2.66,10.0,8.03,12.0,0.7,0.5,0.5,-9.2,-3.04,1.32,-3.47,10.0,8.77,12.0,0.7,0.5,0.5,990.0,1000.0,1012.58,1001.34,9.0,12.86,12.0,0.7,0.5,0.5,6.4,7.0,8.0,7.2,10.0,0.8,12.0,0.7,0.5,0.5,-10.9,33.4,88.9,18.6,10.0,123.8,12.0,0.7,0.5,0.5,-168.0,-16.4,13.6,-60.3,10.0,160.9,12.0,0.7,0.5,0.5,3.22,5.3,6.14,4.58,6.0,2.33,12.0,0.7,0.5,0.5,23.2,47.5,108.7,60.0,6.0,48.1,12.0,0.7,0.5,0.5,2.17,3.12,4.11,3.14,4.0,1.13,10.0,0.8,0.5,0.4,19.4,32.7,67.8,43.1,4.0,32.5,10.0,0.8,0.5,0.4,-10.4,0.0,27.4,6.2,10.0,19.2,12.0,0.7,0.5,0.5,-26.4,-4.2,14.3,-20.2,10.0,71.7,12.0,0.7,0.5,0.5,-17.4,18.8,28.8,6.3,4.0,35.7,10.0,0.8,0.5,0.4,-88.9,-23.3,2.6,-42.3,4.0,65.0,10.0,0.8,0.5,0.4,-10.9,16.3,17.6,3.9,4.0,25.8,10.0,0.8,0.5,0.4,-59.4,-19.6,-1.4,-29.9,4.0,40.7,10.0,0.8,0.5,0.4,112.5,873.0,5389.5,2341.5,10.0,3167.0,12.0,0.7,0.5,0.5,110.0,875.0,5390.0,2340.0,10.0,3165.0,12.0,0.7,0.5,0.5
1974,2,316.0,51.0,6.95,8.15,8.61,7.8,4.0,1.26,10.0,0.8,0.4,0.3,-1.0,3.6,4.64,2.3,5.0,3.17,12.0,0.6,0.5,0.3,2.37,2.93,3.67,3.02,3.0,0.95,6.0,0.7,0.4,0.4,58.9,59.7,64.9,61.9,3.0,4.8,6.0,0.7,0.4,8.35,10.8,20.1,13.56,5.0,6.59,12.0,0.6,0.5,0.3,-4.54,8.74,12.76,5.24,5.0,9.63,12.0,0.6,0.5,0.3,-3.24,1.88,13.94,5.3,5.0,10.54,12.0,0.6,0.5,0.3,988.88,1004.0,1007.52,999.3,5.0,10.26,12.0,0.6,0.5,0.3,6.6,7.0,8.0,7.2,5.0,0.8,12.0,0.6,0.5,0.3,-55.4,81.3,187.1,77.2,5.0,155.2,12.0,0.6,0.5,0.3,-25.1,20.3,288.7,125.1,5.0,214.1,12.0,0.6,0.5,0.3,2.2,3.75,7.24,4.68,4.0,3.23,10.0,0.8,0.4,0.3,30.8,52.8,116.8,72.8,4.0,68.0,10.0,0.8,0.4,0.3,3.32,4.16,4.53,3.93,3.0,0.91,6.0,0.7,0.4,0.4,27.6,44.9,75.3,51.3,3.0,35.4,6.0,0.7,0.4,0.4,-23.4,-14.5,8.4,-7.4,5.0,27.4,12.0,0.6,0.5,0.3,-13.5,3.2,34.4,12.5,5.0,40.5,12.0,0.6,0.5,0.3,-6.0,31.2,33.6,14.2,3.0,32.5,6.0,0.7,0.4,0.4,-7.4,5.5,15.4,4.0,3.0,16.8,6.0,0.7,0.4,0.4,2.4,44.2,66.9,34.9,3.0,47.9,6.0,0.7,0.4,0.4,-4.2,7.8,33.0,14.2,3.0,27.8,6.0,0.7,0.4,0.4,620.5,1259.5,8242.5,3974.5,5.0,4576.5,12.0,0.6,0.5,0.3,620.0,1260.0,8245.0,3975.0,5.0,4575.0,12.0,0.6,0.5,0.3
1974,2,316.0,52.0,,,,,,,,,,,,,,,,,,,,,,,,,,,,,,,,,,,,,,,,10.89,17.1,23.31,17.1,2.0,12.87,16.0,0.5,1.0,0.4,-1.0,10.04,21.07,10.04,2.0,22.86,16.0,0.5,1.0,0.4,-4.33,-2.57,-0.82,-2.57,2.0,3.64,16.0,0.5,1.0,0.4,991.1,991.1,991.1,991.1,1.0,0.0,14.0,1.0,0.9,0.8,,,,,,,,,,,,,,,,,,,,,,,,,,,,,,,,,,,,,,,,,,,,,,,,,,,,,,,,,,,,,,,,,,,,,,,,,,,,,,,,,,,,,,,,,,,,,,,,,,,,,,,,,,,,,,,,,,,,,,,,,,,,,,,,,,,,,,,,,,,,,,,,,,,,,,
1974,2,316.0,53.0,,,,,,,,,,,,,,,,,,,,,,,,,,,,,,,,,,,,,,,,21.1,21.1,21.1,21.1,1.0,0.0,28.0,0.0,0.5,0.6,7.22,7.22,7.22,7.22,1.0,0.0,28.0,0.0,0.5,0.6,-19.83,-19.83,-19.83,-19.83,1.0,0.0,28.0,0.0,0.5,0.6,994.3,994.3,994.3,994.3,1.0,0.0,28.0,0.0,0.5,0.6,,,,,,,,,,,,,,,,,,,,,,,,,,,,,,,,,,,,,,,,,,,,,,,,,,,,,,,,,,,,,,,,,,,,,,,,,,,,,,,,,,,,,,,,,,,,,,,,,,,,,,,,,,,,,,,,,,,,,,,,,,,,,,,,,,,,,,,,,,,,,,,,,,,,,,
1974,2,316.0,54.0,,,,,,,,,,,,,,,,,,,,,,,,,,,,,,,,,,,,,,,,13.9,15.5,20.19,16.98,4.0,4.86,20.0,0.5,0.8,0.2,-0.02,12.62,15.82,8.12,4.0,13.15,20.0,0.5,0.8,0.2,-12.98,-8.37,0.86,-6.17,4.0,9.82,20.0,0.5,0.8,0.2,989.37,998.0,1004.38,996.93,4.0,8.89,20.0,0.5,0.8,0.2,,,,,,,,,,,,,,,,,,,,,,,,,,,,,,,,,,,,,,,,,,,,,,,,,,,,,,,,,,,,,,,,,,,,,,,,,,,,,,,,,,,,,,,,,,,,,,,,,,,,,,,,,,,,,,,,,,,,,,,,,,,,,,,,,,,,,,,,,,,,,,,,,,,,,,
1974,2,316.0,55.0,,,,,,,,,,,,,,,,,,,,,,,,,,,,,,,,,,,,,,,,8.71,14.0,16.1,12.84,5.0,4.15,8.0,0.6,0.4,0.4,-3.08,5.27,13.09,4.29,5.0,11.19,8.0,0.6,0.4,0.4,-0.64,7.0,9.59,4.67,5.0,6.92,8.0,0.6,0.4,0.4,981.11,987.4,997.66,989.44,5.0,9.89,8.0,0.6,0.4,0.4,,,,,,,,,,,,,,,,,,,,,,,,,,,,,,,,,,,,,,,,,,,,,,,,,,,,,,,,,,,,,,,,,,,,,,,,,,,,,,,,,,,,,,,,,,,,,,,,,,,,,,,,,,,,,,,,,,,,,,,,,,,,,,,,,,,,,,,,,,,,,,,,,,,,,,
1974,2,316.0,59.0,,,,,,,,,,,,,,,,,,,,,,,,,,,,,,,,,,,,,,,,9.3,9.3,9.3,9.3,1.0,0.0,12.0,1.0,0.3,0.3,-7.12,-7.12,-7.12,-7.12,1.0,0.0,12.0,1.0,0.3,0.3,-5.98,-5.98,-5.98,-5.98,1.0,0.0,12.0,1.0,0.3,0.3,997.0,997.0,997.0,997.0,1.0,0.0,12.0,1.0,0.3,0.3,,,,,,,,,,,,,,,,,,,,,,,,,,,,,,,,,,,,,,,,,,,,,,,,,,,,,,,,,,,,,,,,,,,,,,,,,,,,,,,,,,,,,,,,,,,,,,,,,,,,,,,,,,,,,,,,,,,,,,,,,,,,,,,,,,,,,,,,,,,,,,,,,,,,,,
1974,2,317.0,-66.0,-1.8,-1.8,-1.8,-1.8,1.0,0.0,14.0,0.0,0.5,0.5,-1.7,-1.7,-1.7,-1.7,1.0,0.0,14.0,0.0,0.5,0.5,3.24,3.24,3.24,3.24,1.0,0.0,14.0,0.0,0.5,0.5,94.3,94.3,94.3,94.3,1.0,0.0,14.0,0.0,0.5,7.2,7.2,7.2,7.2,1.0,0.0,14.0,0.0,0.5,0.5,-3.6,-3.6,-3.6,-3.6,1.0,0.0,14.0,0.0,0.5,0.5,6.24,6.24,6.24,6.24,1.0,0.0,14.0,0.0,0.5,0.5,981.8,981.8,981.8,981.8,1.0,0.0,14.0,0.0,0.5,0.5,8.0,8.0,8.0,8.0,1.0,0.0,14.0,0.0,0.5,0.5,-25.9,-25.9,-25.9,-25.9,1.0,0.0,14.0,0.0,0.5,0.5,44.9,44.9,44.9,44.9,1.0,0.0,14.0,0.0,0.5,0.5,-0.1,-0.1,-0.1,-0.1,1.0,0.0,14.0,0.0,0.5,0.5,-0.7,-0.7,-0.7,-0.7,1.0,0.0,14.0,0.0,0.5,0.5,0.17,0.17,0.17,0.17,1.0,0.0,14.0,0.0,0.5,0.5,1.2,1.2,1.2,1.2,1.0,0.0,14.0,0.0,0.5,0.5,6.1,6.1,6.1,6.1,1.0,0.0,14.0,0.0,0.5,0.5,-10.6,-10.6,-10.6,-10.6,1.0,0.0,14.0,0.0,0.5,0.5,-11.7,-11.7,-11.7,-11.7,1.0,0.0,14.0,0.0,0.5,0.5,20.2,20.2,20.2,20.2,1.0,0.0,14.0,0.0,0.5,0.5,-0.6,-0.6,-0.6,-0.6,1.0,0.0,14.0,0.0,0.5,0.5,1.1,1.1,1.1,1.1,1.0,0.0,14.0,0.0,0.5,0.5,373.0,373.0,373.0,373.0,1.0,0.0,14.0,0.0,0.5,0.5,375.0,375.0,375.0,375.0,1.0,0.0,14.0,0.0,0.5,0.5
1974,2,317.0,-61.0,2.6,2.6,2.6,2.6,1.0,0.0,2.0,1.0,0.4,0.8,-0.1,-0.1,-0.1,-0.1,1.0,0.0,2.0,1.0,0.4,0.8,3.32,3.32,3.32,3.32,1.0,0.0,2.0,1.0,0.4,0.8,86.4,86.4,86.4,86.4,1.0,0.0,2.0,1.0,0.8,9.3,9.3,9.3,9.3,1.0,0.0,2.0,1.0,0.4,0.8,7.12,7.12,7.12,7.12,1.0,0.0,2.0,1.0,0.4,0.8,5.98,5.98,5.98,5.98,1.0,0.0,2.0,1.0,0.4,0.8,988.6,988.6,988.6,988.6,1.0,0.0,2.0,1.0,0.4,0.8,8.0,8.0,8.0,8.0,1.0,0.0,2.0,1.0,0.4,0.8,66.3,66.3,66.3,66.3,1.0,0.0,2.0,1.0,0.4,0.8,55.6,55.6,55.6,55.6,1.0,0.0,2.0,1.0,0.4,0.8,2.7,2.7,2.7,2.7,1.0,0.0,2.0,1.0,0.4,0.8,25.1,25.1,25.1,25.1,1.0,0.0,2.0,1.0,0.4,0.8,1.35,1.35,1.35,1.35,1.0,0.0,2.0,1.0,0.4,0.8,12.6,12.6,12.6,12.6,1.0,0.0,2.0,1.0,0.4,0.8,-0.7,-0.7,-0.7,-0.7,1.0,0.0,2.0,1.0,0.4,0.8,-0.6,-0.6,-0.6,-0.6,1.0,0.0,2.0,1.0,0.4,0.8,23.6,23.6,23.6,23.6,1.0,0.0,2.0,1.0,0.4,0.8,19.8,19.8,19.8,19.8,1.0,0.0,2.0,1.0,0.4,0.8,9.6,9.6,9.6,9.6,1.0,0.0,2.0,1.0,0.4,0.8,8.1,8.1,8.1,8.1,1.0,0.0,2.0,1.0,0.4,0.8,804.5,804.5,804.5,804.5,1.0,0.0,2.0,1.0,0.4,0.8,805.0,805.0,805.0,805.0,1.0,0.0,2.0,1.0,0.4,0.8
1974,2,317.0,-59.0,2.9,2.9,2.9,2.9,1.0,0.0,20.0,0.0,1.0,1.0,3.4,3.4,3.4,3.4,1.0,0.0,20.0,0.0,1.0,1.0,4.88,4.88,4.88,4.88,1.0,0.0,20.0,0.0,1.0,1.0,100.0,100.0,100.0,100.0,1.0,0.0,20.0,0.0,1.0,10.3,10.3,10.3,10.3,1.0,0.0,20.0,0.0,1.0,1.0,7.89,7.89,7.89,7.89,1.0,0.0,20.0,0.0,1.0,1.0,-6.62,-6.62,-6.62,-6.62,1.0,0.0,20.0,0.0,1.0,1.0,1000.5,1000.5,1000.5,1000.5,1.0,0.0,20.0,0.0,1.0,1.0,,,,,,,,,,,,,,,,,,,,,,,,,,,,,,,-0.5,-0.5,-0.5,-0.5,1.0,0.0,20.0,0.0,1.0,1.0,-5.1,-5.1,-5.1,-5.1,1.0,0.0,20.0,0.0,1.0,1.0,-0.17,-0.17,-0.17,-0.17,1.0,0.0,20.0,0.0,1.0,1.0,-1.8,-1.8,-1.8,-1.8,1.0,0.0,20.0,0.0,1.0,1.0,26.8,26.8,26.8,26.8,1.0,0.0,20.0,0.0,1.0,1.0,-22.5,-22.5,-22.5,-22.5,1.0,0.0,20.0,0.0,1.0,1.0,38.5,38.5,38.5,38.5,1.0,0.0,20.0,0.0,1.0,1.0,-32.3,-32.3,-32.3,-32.3,1.0,0.0,20.0,0.0,1.0,1.0,-1.3,-1.3,-1.3,-1.3,1.0,0.0,20.0,0.0,1.0,1.0,1.1,1.1,1.1,1.1,1.0,0.0,20.0,0.0,1.0,1.0,1092.5,1092.5,1092.5,1092.5,1.0,0.0,20.0,0.0,1.0,1.0,1095.0,1095.0,1095.0,1095.0,1.0,0.0,20.0,0.0,1.0,1.0
1974,2,317.0,-57.0,4.0,4.0,4.0,4.0,1.0,0.0,18.0,1.0,0.3,0.2,3.2,3.2,3.2,3.2,1.0,0.0,18.0,1.0,0.3,0.2,4.11,4.11,4.11,4.11,1.0,0.0,18.0,1.0,0.3,0.2,86.1,86.1,86.1,86.1,1.0,0.0,18.0,1.0,0.2,7.7,7.7,7.7,7.7,1.0,0.0,18.0,1.0,0.3,0.2,4.95,4.95,4.95,4.95,1.0,0.0,18.0,1.0,0.3,0.2,5.9,5.9,5.9,5.9,1.0,0.0,18.0,1.0,0.3,0.2,1007.9,1007.9,1007.9,1007.9,1.0,0.0,18.0,1.0,0.3,0.2,7.0,7.0,7.0,7.0,1.0,0.0,18.0,1.0,0.3,0.2,38.1,38.1,38.1,38.1,1.0,0.0,18.0,1.0,0.3,0.2,45.4,45.4,45.4,45.4,1.0,0.0,18.0,1.0,0.3,0.2,0.8,0.8,0.8,0.8,1.0,0.0,18.0,1.0,0.3,0.2,6.2,6.2,6.2,6.2,1.0,0.0,18.0,1.0,0.3,0.2,0.94,0.94,0.94,0.94,1.0,0.0,18.0,1.0,0.3,0.2,7.3,7.3,7.3,7.3,1.0,0.0,18.0,1.0,0.3,0.2,15.8,15.8,15.8,15.8,1.0,0.0,18.0,1.0,0.3,0.2,18.9,18.9,18.9,18.9,1.0,0.0,18.0,1.0,0.3,0.2,20.4,20.4,20.4,20.4,1.0,0.0,18.0,1.0,0.3,0.2,24.3,24.3,24.3,24.3,1.0,0.0,18.0,1.0,0.3,0.2,4.7,4.7,4.7,4.7,1.0,0.0,18.0,1.0,0.3,0.2,5.6,5.6,5.6,5.6,1.0,0.0,18.0,1.0,0.3,0.2,456.5,456.5,456.5,456.5,1.0,0.0,18.0,1.0,0.3,0.2,455.0,455.0,455.0,455.0,1.0,0.0,18.0,1.0,0.3,0.2
1974,2,317.0,-51.0,7.2,7.2,7.2,7.2,1.0,0.0,24.0,0.0,0.5,0.8,6.5,6.5,6.5,6.5,1.0,0.0,24.0,0.0,0.5,0.8,5.35,5.35,5.35,5.35,1.0,0.0,24.0,0.0,0.5,0.8,89.5,89.5,89.5,89.5,1.0,0.0,24.0,0.0,0.8,4.1,4.1,4.1,4.1,1.0,0.0,24.0,0.0,0.5,0.8,2.64,2.64,2.64,2.64,1.0,0.0,24.0,0.0,0.5,0.8,3.14,3.14,3.14,3.14,1.0,0.0,24.0,0.0,0.5,0.8,1014.3,1014.3,1014.3,1014.3,1.0,0.0,24.0,0.0,0.5,0.8,2.0,2.0,2.0,2.0,1.0,0.0,24.0,0.0,0.5,0.8,10.8,10.8,10.8,10.8,1.0,0.0,24.0,0.0,0.5,0.8,12.9,12.9,12.9,12.9,1.0,0.0,24.0,0.0,0.5,0.8,0.7,0.7,0.7,0.7,1.0,0.0,24.0,0.0,0.5,0.8,2.9,2.9,2.9,2.9,1.0,0.0,24.0,0.0,0.5,0.8,0.93,0.93,0.93,0.93,1.0,0.0,24.0,0.0,0.5,0.8,3.8,3.8,3.8,3.8,1.0,0.0,24.0,0.0,0.5,0.8,17.1,17.1,17.1,17.1,1.0,0.0,24.0,0.0,0.5,0.8,20.4,20.4,20.4,20.4,1.0,0.0,24.0,0.0,0.5,0.8,14.1,14.1,14.1,14.1,1.0,0.0,24.0,0.0,0.5,0.8,16.8,16.8,16.8,16.8,1.0,0.0,24.0,0.0,0.5,0.8,2.4,2.4,2.4,2.4,1.0,0.0,24.0,0.0,0.5,0.8,2.9,2.9,2.9,2.9,1.0,0.0,24.0,0.0,0.5,0.8,69.0,69.0,69.0,69.0,1.0,0.0,24.0,0.0,0.5,0.8,70.0,70.0,70.0,70.0,1.0,0.0,24.0,0.0,0.5,0.8
1974,2,317.0,-41.0,18.5,18.5,18.5,18.5,1.0,0.0,18.0,1.0,0.5,0.6,15.5,15.5,15.5,15.5,1.0,0.0,18.0,1.0,0.5,0.6,6.84,6.84,6.84,6.84,1.0,0.0,18.0,1.0,0.5,0.6,63.5,63.5,63.5,63.5,1.0,0.0,18.0,1.0,0.6,4.6,4.6,4.6,4.6,1.0,0.0,18.0,1.0,0.5,0.6,0.8,0.8,0.8,0.8,1.0,0.0,18.0,1.0,0.5,0.6,4.53,4.53,4.53,4.53,1.0,0.0,18.0,1.0,0.5,0.6,1025.2,1025.2,1025.2,1025.2,1.0,0.0,18.0,1.0,0.5,0.6,8.0,8.0,8.0,8.0,1.0,0.0,18.0,1.0,0.5,0.6,3.7,3.7,3.7,3.7,1.0,0.0,18.0,1.0,0.5,0.6,20.8,20.8,20.8,20.8,1.0,0.0,18.0,1.0,0.5,0.6,3.0,3.0,3.0,3.0,1.0,0.0,18.0,1.0,0.5,0.6,13.8,13.8,13.8,13.8,1.0,0.0,18.0,1.0,0.5,0.6,6.24,6.24,6.24,6.24,1.0,0.0,18.0,1.0,0.5,0.6,28.7,28.7,28.7,28.7,1.0,0.0,18.0,1.0,0.5,0.6,12.4,12.4,12.4,12.4,1.0,0.0,18.0,1.0,0.5,0.6,70.2,70.2,70.2,70.2,1.0,0.0,18.0,1.0,0.5,0.6,5.5,5.5,5.5,5.5,1.0,0.0,18.0,1.0,0.5,0.6,31.0,31.0,31.0,31.0,1.0,0.0,18.0,1.0,0.5,0.6,5.0,5.0,5.0,5.0,1.0,0.0,18.0,1.0,0.5,0.6,28.3,28.3,28.3,28.3,1.0,0.0,18.0,1.0,0.5,0.6,97.5,97.5,97.5,97.5,1.0,0.0,18.0,1.0,0.5,0.6,95.0,95.0,95.0,95.0,1.0,0.0,18.0,1.0,0.5,0.6
1974,2,317.0,-40.0,,,,,,,,,,,,,,,,,,,,,,,,,,,,,,,,,,,,,,,,1.0,1.0,1.0,1.0,1.0,0.0,18.0,0.0,0.3,0.5,-0.77,-0.77,-0.77,-0.77,1.0,0.0,18.0,0.0,0.3,0.5,-0.64,-0.64,-0.64,-0.64,1.0,0.0,18.0,0.0,0.3,0.5,1024.2,1024.2,1024.2,1024.2,1.0,0.0,18.0,0.0,0.3,0.5,,,,,,,,,,,,,,,,,,,,,,,,,,,,,,,,,,,,,,,,,,,,,,,,,,,,,,,,,,,,,,,,,,,,,,,,,,,,,,,,,,,,,,,,,,,,,,,,,,,,,,,,,,,,,,,,,,,,,,,,,,,,,,,,,,,,,,,,,,,,,,,,,,,,,,
1974,2,317.0,-36.0,22.6,22.6,22.6,22.6,1.0,0.0,6.0,1.0,0.9,0.9,25.0,25.0,25.0,25.0,1.0,0.0,6.0,1.0,0.9,0.9,16.42,16.42,16.42,16.42,1.0,0.0,6.0,1.0,0.9,0.9,83.4,83.4,83.4,83.4,1.0,0.0,6.0,1.0,0.9,9.3,9.3,9.3,9.3,1.0,0.0,6.0,1.0,0.9,0.9,1.61,1.61,1.61,1.61,1.0,0.0,6.0,1.0,0.9,0.9,-9.16,-9.16,-9.16,-9.16,1.0,0.0,6.0,1.0,0.9,0.9,1015.6,1015.6,1015.6,1015.6,1.0,0.0,6.0,1.0,0.9,0.9,7.0,7.0,7.0,7.0,1.0,0.0,6.0,1.0,0.9,0.9,15.0,15.0,15.0,15.0,1.0,0.0,6.0,1.0,0.9,0.9,-85.2,-85.2,-85.2,-85.2,1.0,0.0,6.0,1.0,0.9,0.9,-2.4,-2.4,-2.4,-2.4,1.0,0.0,6.0,1.0,0.9,0.9,-22.3,-22.3,-22.3,-22.3,1.0,0.0,6.0,1.0,0.9,0.9,0.62,0.62,0.62,0.62,1.0,0.0,6.0,1.0,0.9,0.9,5.7,5.7,5.7,5.7,1.0,0.0,6.0,1.0,0.9,0.9,40.4,40.4,40.4,40.4,1.0,0.0,6.0,1.0,0.9,0.9,-229.0,-229.0,-229.0,-229.0,1.0,0.0,6.0,1.0,0.9,0.9,26.5,26.5,26.5,26.5,1.0,0.0,6.0,1.0,0.9,0.9,-150.4,-150.4,-150.4,-150.4,1.0,0.0,6.0,1.0,0.9,0.9,1.0,1.0,1.0,1.0,1.0,0.0,6.0,1.0,0.9,0.9,-5.7,-5.7,-5.7,-5.7,1.0,0.0,6.0,1.0,0.9,0.9,804.5,804.5,804.5,804.5,1.0,0.0,6.0,1.0,0.9,0.9,805.0,805.0,805.0,805.0,1.0,0.0,6.0,1.0,0.9,0.9
1974,2,317.0,-35.0,22.3,22.3,22.3,22.3,1.0,0.0,6.0,0.0,0.7,1.0,22.5,22.5,22.5,22.5,1.0,0.0,6.0,0.0,0.7,1.0,15.77,15.77,15.77,15.77,1.0,0.0,6.0,0.0,0.7,1.0,92.9,92.9,92.9,92.9,1.0,0.0,6.0,0.0,1.0,,,,,,,,,,,,,,,,,,,,,,,,,,,,,,,,,,,,,,,,,,,,,,,,,,,,,,,,,,,,,,,,,,,,,,,,,,,,,,,,,,,,,,,,,,,,,,,,,,,,,,,,,,,,,,,,,,,,,,,,,,,,,,,,,,,,,,,,,,,,,,,,,,,,,,,,,,,,,,,,,,,,,,,,,,,,,,,,,,,,,,,,,,,,,,
1974,2,317.0,-34.0,,,,,,,,,,,,,,,,,,,,,,,,,,,,,,,,,,,,,,,,9.63,11.0,12.37,11.0,2.0,2.83,18.0,0.5,0.5,0.6,5.57,7.88,10.19,7.88,2.0,4.78,18.0,0.5,0.5,0.6,-5.53,-0.65,4.23,-0.65,2.0,10.11,18.0,0.5,0.5,0.6,1007.43,1009.0,1010.57,1009.0,2.0,3.25,18.0,0.5,0.5,0.6,,,,,,,,,,,,,,,,,,,,,,,,,,,,,,,,,,,,,,,,,,,,,,,,,,,,,,,,,,,,,,,,,,,,,,,,,,,,,,,,,,,,,,,,,,,,,,,,,,,,,,,,,,,,,,,,,,,,,,,,,,,,,,,,,,,,,,,,,,,,,,,,,,,,,,
1974,2,317.0,-33.0,,,,,,,,,,,,,,,,,,,,,,,,,,,,,,,,,,,,,,,,10.0,10.0,10.0,10.0,1.0,0.0,14.0,0.0,0.7,0.6,6.43,6.43,6.43,6.43,1.0,0.0,14.0,0.0,0.7,0.6,-7.66,-7.66,-7.66,-7.66,1.0,0.0,14.0,0.0,0.7,0.6,1010.7,1010.7,1010.7,1010.7,1.0,0.0,14.0,0.0,0.7,0.6,,,,,,,,,,,,,,,,,,,,,,,,,,,,,,,,,,,,,,,,,,,,,,,,,,,,,,,,,,,,,,,,,,,,,,,,,,,,,,,,,,,,,,,,,,,,,,,,,,,,,,,,,,,,,,,,,,,,,,,,,,,,,,,,,,,,,,,,,,,,,,,,,,,,,,
1974,2,317.0,-30.0,23.81,24.7,25.59,24.7,2.0,1.84,6.0,1.0,0.4,0.4,25.65,26.2,26.75,26.2,2.0,1.13,6.0,1.0,0.4,0.4,19.6,19.6,19.6,19.6,1.0,0.0,6.0,1.0,0.2,0.6,88.3,88.3,88.3,88.3,1.0,0.0,6.0,1.0,0.6,4.4,5.05,5.7,5.05,2.0,1.34,6.0,1.0,0.4,0.4,-3.66,-3.25,-2.83,-3.25,2.0,0.86,6.0,1.0,0.4,0.4,-4.37,-3.87,-3.37,-3.87,2.0,1.03,6.0,1.0,0.4,0.4,1016.31,1016.75,1017.19,1016.75,2.0,0.92,6.0,1.0,0.4,0.4,1.0,1.0,1.0,1.0,1.0,0.0,8.0,1.0,0.7,0.2,-21.2,-17.0,-12.8,-17.0,2.0,8.7,6.0,1.0,0.4,0.4,-25.2,-20.2,-15.2,-20.2,2.0,10.4,6.0,1.0,0.4,0.4,-2.93,-1.5,-0.07,-1.5,2.0,2.97,6.0,1.0,0.4,0.4,-11.8,-5.6,0.7,-5.6,2.0,13.0,6.0,1.0,0.4,0.4,-1.71,-1.71,-1.71,-1.71,1.0,0.0,6.0,1.0,0.2,0.6,-7.0,-7.0,-7.0,-7.0,1.0,0.0,6.0,1.0,0.2,0.6,-93.7,-84.6,-75.4,-84.6,2.0,19.0,6.0,1.0,0.4,0.4,-111.7,-100.8,-89.9,-100.8,2.0,22.6,6.0,1.0,0.4,0.4,-51.6,-51.6,-51.6,-51.6,1.0,0.0,6.0,1.0,0.2,0.6,-61.5,-61.5,-61.5,-61.5,1.0,0.0,6.0,1.0,0.2,0.6,4.5,4.5,4.5,4.5,1.0,0.0,6.0,1.0,0.2,0.6,5.4,5.4,5.4,5.4,1.0,0.0,6.0,1.0,0.2,0.6,92.5,142.5,192.5,142.5,2.0,104.0,6.0,1.0,0.4,0.4,90.0,140.0,195.0,140.0,2.0,105.0,6.0,1.0,0.4,0.4
1974,2,317.0,-29.0,26.2,26.2,26.2,26.2,1.0,0.0,14.0,0.0,0.9,0.8,26.0,26.0,26.0,26.0,1.0,0.0,14.0,0.0,0.9,0.8,16.67,16.67,16.67,16.67,1.0,0.0,14.0,0.0,0.9,0.8,79.6,79.6,79.6,79.6,1.0,0.0,14.0,0.0,0.8,4.6,4.6,4.6,4.6,1.0,0.0,14.0,0.0,0.9,0.8,-3.52,-3.52,-3.52,-3.52,1.0,0.0,14.0,0.0,0.9,0.8,-2.96,-2.96,-2.96,-2.96,1.0,0.0,14.0,0.0,0.9,0.8,1013.0,1013.0,1013.0,1013.0,1.0,0.0,14.0,0.0,0.9,0.8,3.0,3.0,3.0,3.0,1.0,0.0,14.0,0.0,0.9,0.8,-16.2,-16.2,-16.2,-16.2,1.0,0.0,14.0,0.0,0.9,0.8,-13.6,-13.6,-13.6,-13.6,1.0,0.0,14.0,0.0,0.9,0.8,0.2,0.2,0.2,0.2,1.0,0.0,14.0,0.0,0.9,0.8,0.9,0.9,0.9,0.9,1.0,0.0,14.0,0.0,0.9,0.8,4.59,4.59,4.59,4.59,1.0,0.0,14.0,0.0,0.9,0.8,21.1,21.1,21.1,21.1,1.0,0.0,14.0,0.0,0.9,0.8,-91.6,-91.6,-91.6,-91.6,1.0,0.0,14.0,0.0,0.9,0.8,-76.9,-76.9,-76.9,-76.9,1.0,0.0,14.0,0.0,0.9,0.8,-58.7,-58.7,-58.7,-58.7,1.0,0.0,14.0,0.0,0.9,0.8,-49.3,-49.3,-49.3,-49.3,1.0,0.0,14.0,0.0,0.9,0.8,-16.2,-16.2,-16.2,-16.2,1.0,0.0,14.0,0.0,0.9,0.8,-13.6,-13.6,-13.6,-13.6,1.0,0.0,14.0,0.0,0.9,0.8,97.5,97.5,97.5,97.5,1.0,0.0,14.0,0.0,0.9,0.8,95.0,95.0,95.0,95.0,1.0,0.0,14.0,0.0,0.9,0.8
1974,2,317.0,-27.0,,,,,,,,,,,,,,,,,,,,,,,,,,,,,,,,,,,,,,,,3.0,3.0,3.0,3.0,1.0,0.0,28.0,0.0,0.9,0.6,-1.93,-1.93,-1.93,-1.93,1.0,0.0,28.0,0.0,0.9,0.6,2.3,2.3,2.3,2.3,1.0,0.0,28.0,0.0,0.9,0.6,1015.0,1015.0,1015.0,1015.0,1.0,0.0,28.0,0.0,0.9,0.6,,,,,,,,,,,,,,,,,,,,,,,,,,,,,,,,,,,,,,,,,,,,,,,,,,,,,,,,,,,,,,,,,,,,,,,,,,,,,,,,,,,,,,,,,,,,,,,,,,,,,,,,,,,,,,,,,,,,,,,,,,,,,,,,,,,,,,,,,,,,,,,,,,,,,,
1974,2,317.0,-26.0,25.9,28.75,29.0,27.83,6.0,1.63,22.0,0.7,0.5,0.7,25.56,26.9,29.22,27.26,5.0,2.02,22.0,0.6,0.5,0.7,17.11,17.37,17.64,17.37,2.0,0.55,22.0,0.5,0.4,0.5,85.0,85.8,86.7,85.8,2.0,1.8,22.0,0.5,0.5,0.0,5.7,7.59,4.38,5.0,4.33,22.0,0.8,0.6,0.8,-6.83,-4.75,0.0,-3.9,5.0,3.98,22.0,0.8,0.6,0.8,-3.63,0.0,0.71,-1.09,5.0,2.52,22.0,0.8,0.6,0.8,1012.03,1013.75,1015.2,1013.53,6.0,1.73,22.0,0.7,0.5,0.7,2.0,6.5,8.0,5.5,6.0,2.8,22.0,0.7,0.5,0.7,-53.7,-29.4,0.0,-30.8,5.0,38.4,22.0,0.8,0.6,0.8,-28.2,0.0,4.1,-9.6,5.0,19.0,22.0,0.8,0.6,0.8,-0.22,0.0,1.03,0.34,5.0,0.84,22.0,0.6,0.5,0.7,-3.1,0.0,2.1,-0.5,4.0,4.1,22.0,0.8,0.5,0.7,3.3,3.34,3.38,3.34,2.0,0.08,22.0,0.5,0.4,0.5,19.5,19.9,20.2,19.9,2.0,0.7,22.0,0.5,0.4,0.5,-209.0,-128.2,-58.8,-133.6,4.0,113.8,22.0,0.8,0.5,0.7,-102.5,-50.6,25.3,-39.1,4.0,75.7,22.0,0.8,0.5,0.7,-89.9,-87.7,-85.4,-87.7,2.0,4.7,22.0,0.5,0.4,0.5,-54.3,-18.8,16.6,-18.8,2.0,73.5,22.0,0.5,0.4,0.5,-17.8,-16.9,-16.0,-16.9,2.0,1.8,22.0,0.5,0.4,0.5,-10.0,-3.2,3.5,-3.2,2.0,13.9,22.0,0.5,0.4,0.5,0.0,185.0,516.5,284.5,5.0,414.0,22.0,0.8,0.6,0.8,0.0,185.0,515.0,285.0,5.0,415.0,22.0,0.8,0.6,0.8
1974,2,317.0,-25.0,26.76,27.2,27.67,27.3,7.0,0.91,16.0,0.6,0.6,0.7,26.0,26.7,27.33,26.96,7.0,1.42,16.0,0.6,0.6,0.7,17.84,18.4,18.6,18.27,5.0,0.46,18.0,0.6,0.4,0.8,82.9,83.7,85.7,84.2,5.0,2.2,18.0,0.6,0.8,1.0,5.0,10.81,5.43,7.0,4.11,16.0,0.6,0.6,0.7,-7.13,-2.5,0.74,-3.08,7.0,4.69,16.0,0.6,0.6,0.7,-4.52,-2.55,-0.97,-3.14,7.0,2.58,16.0,0.6,0.6,0.7,1010.39,1011.3,1013.13,1011.67,7.0,1.42,16.0,0.6,0.6,0.7,0.0,4.0,5.1,3.4,7.0,2.6,16.0,0.6,0.6,0.7,-77.1,-12.5,1.1,-31.1,7.0,48.0,16.0,0.6,0.6,0.7,-24.9,-13.0,-1.0,-22.8,7.0,30.5,16.0,0.6,0.6,0.7,-0.05,0.4,0.84,0.34,7.0,0.81,16.0,0.6,0.6,0.7,-0.2,0.6,3.9,2.6,7.0,7.0,16.0,0.6,0.6,0.7,4.02,4.31,4.78,4.37,5.0,0.45,18.0,0.6,0.4,0.8,4.5,17.7,32.2,19.7,5.0,19.1,18.0,0.6,0.4,0.8,-185.3,-75.0,19.9,-82.0,7.0,122.1,16.0,0.6,0.6,0.7,-134.0,-68.3,-26.0,-84.5,7.0,68.4,16.0,0.6,0.6,0.7,-98.3,-3.1,24.8,-30.7,5.0,71.7,18.0,0.6,0.4,0.8,-91.0,-47.0,-16.5,-57.4,5.0,56.0,18.0,0.6,0.4,0.8,-23.7,-0.8,5.7,-7.7,5.0,17.7,18.0,0.6,0.4,0.8,-22.9,-10.7,-4.1,-14.2,5.0,14.6,18.0,0.6,0.4,0.8,1.0,125.0,1263.0,417.0,7.0,602.5,16.0,0.6,0.6,0.7,0.0,125.0,1265.0,415.0,7.0,605.0,16.0,0.6,0.6,0.7
1974,2,317.0,-24.0,23.07,25.3,27.44,25.29,18.0,2.27,22.0,0.6,0.6,0.6,24.35,25.65,28.0,26.05,18.0,1.71,22.0,0.6,0.6,0.6,16.33,17.51,19.56,17.6,15.0,2.17,22.0,0.6,0.6,0.6,74.8,83.6,86.0,81.6,15.0,7.7,22.0,0.6,0.6,1.0,2.85,6.51,3.39,16.0,2.67,22.0,0.6,0.6,0.6,-2.51,-0.67,0.0,-0.86,16.0,3.28,22.0,0.6,0.6,0.6,-3.51,0.0,1.01,-1.17,16.0,2.53,22.0,0.6,0.6,0.6,1010.67,1013.0,1015.96,1013.03,18.0,2.59,22.0,0.6,0.6,0.6,0.5,3.0,5.9,3.1,17.0,2.5,22.0,0.6,0.6,0.6,-7.1,-0.7,0.0,-3.0,16.0,24.6,22.0,0.6,0.6,0.6,-23.6,0.0,1.7,-7.5,16.0,14.3,22.0,0.6,0.6,0.6,-2.5,-1.0,0.74,-0.76,18.0,1.61,22.0,0.6,0.6,0.6,-5.8,-0.5,4.3,-1.3,16.0,7.6,22.0,0.6,0.6,0.6,1.23,3.36,6.16,3.38,15.0,2.45,22.0,0.6,0.6,0.6,0.2,3.9,24.7,10.5,14.0,13.0,22.0,0.6,0.6,0.6,-67.4,-18.6,0.0,-23.1,16.0,80.3,22.0,0.6,0.6,0.6,-91.7,0.0,27.2,-31.3,16.0,68.1,22.0,0.6,0.6,0.6,-42.9,-12.5,0.0,-18.6,14.0,30.3,22.0,0.6,0.6,0.6,-73.7,0.0,21.5,-21.8,14.0,49.9,22.0,0.6,0.6,0.6,-3.9,-0.6,0.0,-4.0,14.0,8.5,22.0,0.6,0.6,0.6,-22.6,-0.1,2.3,-4.9,14.0,13.2,22.0,0.6,0.6,0.6,1.0,23.5,277.0,117.0,16.0,185.5,22.0,0.6,0.6,0.6,0.0,25.0,275.0,115.0,16.0,185.0,22.0,0.6,0.6,0.6
1974,2,317.0,-3.0,28.9,28.9,28.9,28.9,1.0,0.0,4.0,0.0,1.0,0.9,25.0,25.0,25.0,25.0,1.0,0.0,4.0,0.0,1.0,0.9,17.5,17.5,17.5,17.5,1.0,0.0,4.0,0.0,1.0,0.9,88.1,88.1,88.1,88.1,1.0,0.0,4.0,0.0,0.9,,,,,,,,,,,,,,,,,,,,,,,,,,,,,,,,,,,,,,,,,,,,,,,,,,,,,,,,,,,,,,,,,,,,,,,,,,,,,,,,,,,,,,,,,,,,,,,,,,,,,,,,,,,,,,,,,,,,,,,,,,,,,,,,,,,,,,,,,,,,,,,,,,,,,,,,,,,,,,,,,,,,,,,,,,,,,,,,,,,,,,,,,,,,,,
1974,2,317.0,-2.0,,,,,,,,,,,,,,,,,,,,,,,,,,,,,,,,,,,,,,,,2.68,2.85,3.02,2.85,2.0,0.35,18.0,1.0,0.7,0.2,-2.62,-2.47,-2.32,-2.47,2.0,0.31,18.0,1.0,0.7,0.2,-1.51,-1.42,-1.34,-1.42,2.0,0.18,18.0,1.0,0.7,0.2,1008.0,1008.0,1008.0,1008.0,2.0,0.0,18.0,1.0,0.7,0.2,,,,,,,,,,,,,,,,,,,,,,,,,,,,,,,,,,,,,,,,,,,,,,,,,,,,,,,,,,,,,,,,,,,,,,,,,,,,,,,,,,,,,,,,,,,,,,,,,,,,,,,,,,,,,,,,,,,,,,,,,,,,,,,,,,,,,,,,,,,,,,,,,,,,,,
1974,2,317.0,-1.0,26.0,26.6,28.52,27.16,5.0,1.35,16.0,0.8,0.3,0.6,25.9,26.6,27.41,26.65,4.0,0.89,16.0,1.0,0.4,0.5,17.55,18.62,19.81,18.68,4.0,1.31,16.0,1.0,0.4,0.5,79.6,85.4,91.5,85.6,4.0,8.0,16.0,1.0,0.5,6.12,7.2,8.97,7.5,5.0,1.92,16.0,0.8,0.3,0.6,-8.21,-6.7,-3.26,-5.89,5.0,3.42,16.0,0.8,0.3,0.6,-5.2,-4.1,0.65,-2.57,5.0,3.26,16.0,0.8,0.3,0.6,1008.74,1010.8,1011.07,1009.82,5.0,2.43,16.0,0.8,0.3,0.6,3.6,8.0,8.0,6.2,5.0,2.5,16.0,0.8,0.3,0.6,-75.1,-44.9,-22.8,-49.1,5.0,36.8,16.0,0.8,0.3,0.6,-35.8,-25.6,6.7,-16.1,5.0,24.5,16.0,0.8,0.3,0.6,-0.52,0.1,0.99,0.23,4.0,1.11,16.0,1.0,0.4,0.5,-4.3,0.7,7.1,1.3,4.0,8.4,16.0,1.0,0.4,0.5,2.31,3.89,4.81,3.58,4.0,1.73,16.0,1.0,0.4,0.5,12.8,26.4,36.7,24.8,4.0,14.2,16.0,1.0,0.4,0.5,-185.0,-149.4,-72.0,-129.4,4.0,76.7,16.0,1.0,0.4,0.5,-140.8,-121.9,-53.9,-98.4,4.0,67.3,16.0,1.0,0.4,0.5,-129.3,-107.9,-51.5,-91.2,4.0,53.6,16.0,1.0,0.4,0.5,-98.9,-80.0,-34.3,-67.2,4.0,47.2,16.0,1.0,0.4,0.5,-27.6,-16.4,-5.6,-16.6,4.0,13.0,16.0,1.0,0.4,0.5,-23.7,-17.5,-8.3,-16.1,4.0,12.1,16.0,1.0,0.4,0.5,239.5,373.0,749.0,490.0,5.0,369.0,16.0,0.8,0.3,0.6,240.0,375.0,750.0,490.0,5.0,370.0,16.0,0.8,0.3,0.6
1974,2,317.0,0.0,27.0,27.65,28.88,27.93,4.0,1.16,14.0,0.5,0.5,0.5,25.6,25.85,26.15,25.88,4.0,0.32,14.0,0.5,0.7,0.4,16.32,17.06,18.25,17.27,4.0,1.16,14.0,0.5,0.7,0.4,78.1,81.8,87.6,82.8,4.0,6.2,14.0,0.5,0.4,4.6,4.85,6.46,5.5,4.0,1.49,14.0,0.5,0.5,0.5,-5.95,-4.47,-4.37,-5.13,4.0,1.41,14.0,0.5,0.5,0.5,-2.59,-2.06,-1.17,-1.89,4.0,0.87,14.0,0.5,0.5,0.5,1008.56,1009.1,1010.9,1009.54,5.0,1.34,14.0,0.4,0.6,0.5,5.3,6.0,6.7,6.0,5.0,1.4,14.0,0.4,0.6,0.5,-39.9,-21.7,-20.3,-29.7,4.0,17.4,14.0,0.5,0.5,0.5,-16.8,-10.1,-5.4,-11.0,4.0,7.3,14.0,0.5,0.5,0.5,0.83,0.9,2.88,1.83,3.0,1.7,18.0,0.7,0.7,0.4,3.8,4.1,14.5,9.1,3.0,8.9,18.0,0.7,0.7,0.4,5.05,6.05,6.78,5.91,3.0,1.27,18.0,0.7,0.7,0.4,23.2,27.8,33.6,28.4,3.0,7.6,18.0,0.7,0.7,0.4,-116.9,-113.1,-112.9,-114.9,3.0,3.3,18.0,0.7,0.7,0.4,-57.6,-41.1,-27.3,-42.4,3.0,22.2,18.0,0.7,0.7,0.4,-80.7,-76.8,-74.8,-77.7,3.0,4.4,18.0,0.7,0.7,0.4,-41.4,-27.9,-17.8,-29.5,3.0,17.4,18.0,0.7,0.7,0.4,-30.1,-27.4,-22.2,-26.2,3.0,5.9,18.0,0.7,0.7,0.4,-14.7,-7.2,-5.6,-10.1,3.0,7.1,18.0,0.7,0.7,0.4,97.5,115.0,302.5,196.0,4.0,174.5,14.0,0.5,0.5,0.5,95.0,115.0,300.0,195.0,4.0,175.0,14.0,0.5,0.5,0.5
1974,2,317.0,1.0,26.5,26.5,26.5,26.5,1.0,0.0,26.0,1.0,0.2,0.6,25.5,25.5,25.5,25.5,1.0,0.0,26.0,1.0,0.2,0.6,16.79,16.79,16.79,16.79,1.0,0.0,26.0,1.0,0.2,0.6,82.5,82.5,82.5,82.5,1.0,0.0,26.0,1.0,0.6,4.6,4.6,4.6,4.6,1.0,0.0,26.0,1.0,0.2,0.6,-1.57,-1.57,-1.57,-1.57,1.0,0.0,26.0,1.0,0.2,0.6,-4.32,-4.32,-4.32,-4.32,1.0,0.0,26.0,1.0,0.2,0.6,1012.2,1012.2,1012.2,1012.2,1.0,0.0,26.0,1.0,0.2,0.6,6.0,6.0,6.0,6.0,1.0,0.0,26.0,1.0,0.2,0.6,-7.2,-7.2,-7.2,-7.2,1.0,0.0,26.0,1.0,0.2,0.6,-19.9,-19.9,-19.9,-19.9,1.0,0.0,26.0,1.0,0.2,0.6,1.0,1.0,1.0,1.0,1.0,0.0,26.0,1.0,0.2,0.6,4.6,4.6,4.6,4.6,1.0,0.0,26.0,1.0,0.2,0.6,4.87,4.87,4.87,4.87,1.0,0.0,26.0,1.0,0.2,0.6,22.4,22.4,22.4,22.4,1.0,0.0,26.0,1.0,0.2,0.6,-40.1,-40.1,-40.1,-40.1,1.0,0.0,26.0,1.0,0.2,0.6,-110.2,-110.2,-110.2,-110.2,1.0,0.0,26.0,1.0,0.2,0.6,-26.4,-26.4,-26.4,-26.4,1.0,0.0,26.0,1.0,0.2,0.6,-72.6,-72.6,-72.6,-72.6,1.0,0.0,26.0,1.0,0.2,0.6,-7.7,-7.7,-7.7,-7.7,1.0,0.0,26.0,1.0,0.2,0.6,-21.1,-21.1,-21.1,-21.1,1.0,0.0,26.0,1.0,0.2,0.6,97.5,97.5,97.5,97.5,1.0,0.0,26.0,1.0,0.2,0.6,95.0,95.0,95.0,95.0,1.0,0.0,26.0,1.0,0.2,0.6
1974,2,317.0,2.0,26.0,26.6,28.33,27.04,7.0,1.18,14.0,0.3,0.7,0.5,25.0,25.9,26.81,25.91,7.0,0.82,14.0,0.3,0.7,0.5,17.64,17.86,18.8,18.21,4.0,0.88,12.0,0.3,0.6,0.4,86.5,90.0,93.2,89.8,4.0,4.3,12.0,0.3,0.4,6.7,9.0,11.7,9.47,6.0,2.96,16.0,0.3,0.7,0.5,-9.88,-7.76,-6.3,-8.3,6.0,2.35,16.0,0.3,0.7,0.5,-7.1,-3.73,-2.29,-4.38,6.0,2.24,16.0,0.3,0.7,0.5,1007.98,1009.0,1009.81,1008.91,7.0,0.92,14.0,0.3,0.7,0.5,7.0,8.0,8.0,7.4,7.0,0.8,14.0,0.3,0.7,0.5,-110.6,-74.2,-42.2,-84.2,6.0,51.8,16.0,0.3,0.7,0.5,-83.1,-33.2,-15.4,-46.4,6.0,36.2,16.0,0.3,0.7,0.5,-0.9,0.8,2.76,1.13,7.0,1.82,14.0,0.3,0.7,0.5,-10.8,6.3,13.1,3.5,6.0,13.6,16.0,0.3,0.7,0.5,3.93,4.43,6.23,5.05,4.0,1.77,12.0,0.3,0.6,0.4,25.9,27.9,35.1,30.4,3.0,7.1,14.0,0.3,0.5,0.5,-261.0,-203.8,-161.8,-217.6,6.0,67.5,16.0,0.3,0.7,0.5,-190.5,-96.4,-58.9,-115.5,6.0,61.9,16.0,0.3,0.7,0.5,-130.6,-113.5,-112.0,-121.1,3.0,15.1,14.0,0.3,0.5,0.5,-67.7,-41.3,-40.8,-53.9,3.0,22.5,14.0,0.3,0.5,0.5,-31.0,-26.3,-24.3,-27.6,3.0,5.1,14.0,0.3,0.5,0.5,-16.1,-9.6,-8.8,-12.4,3.0,5.9,14.0,0.3,0.5,0.5,301.0,746.5,1673.0,1068.5,6.0,1020.5,16.0,0.3,0.7,0.5,300.0,745.0,1675.0,1070.0,6.0,1020.0,16.0,0.3,0.7,0.5
1974,2,317.0,3.0,26.33,27.5,28.37,27.37,9.0,1.3,10.0,0.7,0.5,0.3,25.0,26.7,27.57,26.13,9.0,1.59,10.0,0.7,0.5,0.3,16.77,17.37,19.03,17.63,8.0,1.07,10.0,0.6,0.6,0.3,73.9,85.8,94.1,84.9,8.0,9.9,10.0,0.6,0.3,4.67,9.3,11.17,8.23,9.0,3.39,10.0,0.7,0.5,0.3,-9.75,-7.12,-3.72,-6.17,9.0,4.17,10.0,0.7,0.5,0.3,-6.52,-4.21,-1.95,-4.44,9.0,2.32,10.0,0.7,0.5,0.3,1007.77,1009.0,1010.71,1009.12,9.0,1.42,10.0,0.7,0.5,0.3,7.1,8.0,8.0,7.5,8.0,1.1,10.0,0.8,0.5,0.3,-106.4,-66.3,-19.1,-62.6,9.0,49.2,10.0,0.7,0.5,0.3,-64.8,-44.9,-9.1,-41.5,9.0,27.2,10.0,0.7,0.5,0.3,-0.37,1.7,2.65,1.23,9.0,1.57,10.0,0.7,0.5,0.3,-3.8,7.0,20.5,8.0,9.0,12.3,10.0,0.7,0.5,0.3,2.47,5.58,7.11,5.34,8.0,2.4,10.0,0.6,0.6,0.3,22.1,29.1,58.0,41.6,8.0,30.8,10.0,0.6,0.6,0.3,-266.6,-178.1,-98.7,-162.9,9.0,112.9,10.0,0.7,0.5,0.3,-169.5,-116.5,-52.2,-115.9,9.0,58.4,10.0,0.7,0.5,0.3,-154.6,-100.4,-60.0,-98.8,8.0,74.4,10.0,0.6,0.6,0.3,-124.1,-85.8,-29.7,-79.5,8.0,43.7,10.0,0.6,0.6,0.3,-43.2,-24.3,-16.9,-30.8,8.0,32.3,10.0,0.6,0.6,0.3,-37.7,-16.9,-6.9,-22.2,8.0,15.3,10.0,0.6,0.6,0.3,114.5,804.5,1393.5,795.5,9.0,659.5,10.0,0.7,0.5,0.3,115.0,805.0,1395.0,795.0,9.0,660.0,10.0,0.7,0.5,0.3
1974,2,317.0,4.0,26.7,26.7,26.7,26.7,1.0,0.0,16.0,0.0,0.2,0.0,25.6,25.6,25.6,25.6,1.0,0.0,16.0,0.0,0.2,0.0,16.13,16.13,16.13,16.13,1.0,0.0,16.0,0.0,0.2,0.0,78.6,78.6,78.6,78.6,1.0,0.0,16.0,0.0,0.0,12.3,12.3,12.3,12.3,1.0,0.0,16.0,0.0,0.2,0.0,-9.42,-9.42,-9.42,-9.42,1.0,0.0,16.0,0.0,0.2,0.0,-7.91,-7.91,-7.91,-7.91,1.0,0.0,16.0,0.0,0.2,0.0,1009.1,1009.1,1009.1,1009.1,1.0,0.0,16.0,0.0,0.2,0.0,6.0,6.0,6.0,6.0,1.0,0.0,16.0,0.0,0.2,0.0,-115.9,-115.9,-115.9,-115.9,1.0,0.0,16.0,0.0,0.2,0.0,-97.2,-97.2,-97.2,-97.2,1.0,0.0,16.0,0.0,0.2,0.0,1.1,1.1,1.1,1.1,1.0,0.0,16.0,0.0,0.2,0.0,13.5,13.5,13.5,13.5,1.0,0.0,16.0,0.0,0.2,0.0,5.86,5.86,5.86,5.86,1.0,0.0,16.0,0.0,0.2,0.0,72.1,72.1,72.1,72.1,1.0,0.0,16.0,0.0,0.2,0.0,-241.2,-241.2,-241.2,-241.2,1.0,0.0,16.0,0.0,0.2,0.0,-202.4,-202.4,-202.4,-202.4,1.0,0.0,16.0,0.0,0.2,0.0,-152.0,-152.0,-152.0,-152.0,1.0,0.0,16.0,0.0,0.2,0.0,-127.5,-127.5,-127.5,-127.5,1.0,0.0,16.0,0.0,0.2,0.0,-55.2,-55.2,-55.2,-55.2,1.0,0.0,16.0,0.0,0.2,0.0,-46.3,-46.3,-46.3,-46.3,1.0,0.0,16.0,0.0,0.2,0.0,1861.0,1861.0,1861.0,1861.0,1.0,0.0,16.0,0.0,0.2,0.0,1860.0,1860.0,1860.0,1860.0,1.0,0.0,16.0,0.0,0.2,0.0
1974,2,317.0,5.0,26.77,27.0,27.8,27.09,7.0,0.58,14.0,0.4,0.6,0.5,24.97,25.6,26.54,25.76,7.0,0.96,14.0,0.4,0.6,0.5,15.31,15.53,17.55,16.41,5.0,1.82,16.0,0.4,0.5,0.4,75.1,81.1,86.5,81.1,7.0,6.4,14.0,0.4,0.5,8.83,9.3,10.51,9.57,6.0,1.08,16.0,0.3,0.6,0.6,-9.1,-7.46,-6.74,-7.67,6.0,1.58,16.0,0.3,0.6,0.6,-6.04,-5.81,-5.02,-5.59,6.0,0.66,16.0,0.3,0.6,0.6,1007.31,1009.7,1010.87,1009.12,5.0,2.07,16.0,0.4,0.5,0.4,5.4,7.0,7.2,6.3,6.0,1.8,16.0,0.3,0.6,0.6,-95.7,-68.2,-61.5,-74.7,6.0,23.4,16.0,0.3,0.6,0.6,-57.3,-54.3,-49.2,-53.3,6.0,7.6,16.0,0.3,0.6,0.6,0.3,1.6,2.3,1.33,7.0,0.97,14.0,0.4,0.6,0.5,2.6,10.6,18.8,10.7,6.0,8.3,16.0,0.3,0.6,0.6,5.26,6.58,7.32,6.3,5.0,1.57,16.0,0.4,0.5,0.4,45.5,56.4,57.9,51.9,4.0,10.8,18.0,0.3,0.5,0.5,-233.7,-200.5,-167.9,-198.4,6.0,43.4,16.0,0.3,0.6,0.6,-155.3,-148.2,-129.2,-144.0,6.0,15.8,16.0,0.3,0.6,0.6,-130.7,-118.9,-97.6,-114.4,4.0,24.8,18.0,0.3,0.5,0.5,-107.9,-96.8,-82.1,-95.1,4.0,19.4,18.0,0.3,0.5,0.5,-47.5,-39.7,-31.6,-39.5,4.0,10.1,18.0,0.3,0.5,0.5,-39.9,-33.0,-26.2,-33.0,4.0,8.6,18.0,0.3,0.5,0.5,692.5,804.5,1165.0,904.0,6.0,316.5,16.0,0.3,0.6,0.6,690.0,805.0,1165.0,905.0,6.0,315.0,16.0,0.3,0.6,0.6
1974,2,317.0,7.0,27.2,27.2,27.2,27.2,1.0,0.0,14.0,1.0,1.0,0.0,25.6,25.6,25.6,25.6,1.0,0.0,14.0,1.0,1.0,0.0,16.76,16.76,16.76,16.76,1.0,0.0,14.0,1.0,1.0,0.0,82.0,82.0,82.0,82.0,1.0,0.0,14.0,1.0,0.0,10.8,10.8,10.8,10.8,1.0,0.0,14.0,1.0,1.0,0.0,-9.35,-9.35,-9.35,-9.35,1.0,0.0,14.0,1.0,1.0,0.0,-5.4,-5.4,-5.4,-5.4,1.0,0.0,14.0,1.0,1.0,0.0,1013.6,1013.6,1013.6,1013.6,1.0,0.0,14.0,1.0,1.0,0.0,6.0,6.0,6.0,6.0,1.0,0.0,14.0,1.0,1.0,0.0,-101.0,-101.0,-101.0,-101.0,1.0,0.0,14.0,1.0,1.0,0.0,-58.3,-58.3,-58.3,-58.3,1.0,0.0,14.0,1.0,1.0,0.0,1.6,1.6,1.6,1.6,1.0,0.0,14.0,1.0,1.0,0.0,17.3,17.3,17.3,17.3,1.0,0.0,14.0,1.0,1.0,0.0,5.79,5.79,5.79,5.79,1.0,0.0,14.0,1.0,1.0,0.0,62.5,62.5,62.5,62.5,1.0,0.0,14.0,1.0,1.0,0.0,-239.4,-239.4,-239.4,-239.4,1.0,0.0,14.0,1.0,1.0,0.0,-138.2,-138.2,-138.2,-138.2,1.0,0.0,14.0,1.0,1.0,0.0,-156.8,-156.8,-156.8,-156.8,1.0,0.0,14.0,1.0,1.0,0.0,-90.5,-90.5,-90.5,-90.5,1.0,0.0,14.0,1.0,1.0,0.0,-54.1,-54.1,-54.1,-54.1,1.0,0.0,14.0,1.0,1.0,0.0,-31.3,-31.3,-31.3,-31.3,1.0,0.0,14.0,1.0,1.0,0.0,1259.5,1259.5,1259.5,1259.5,1.0,0.0,14.0,1.0,1.0,0.0,1260.0,1260.0,1260.0,1260.0,1.0,0.0,14.0,1.0,1.0,0.0
1974,2,317.0,8.0,24.95,25.5,25.57,25.27,3.0,0.49,8.0,0.3,0.6,0.5,23.78,24.8,25.96,24.87,3.0,1.6,8.0,0.3,0.6,0.5,15.61,15.71,15.82,15.71,2.0,0.23,10.0,0.0,0.4,0.5,81.0,84.2,87.5,84.2,2.0,6.8,10.0,0.0,0.5,8.55,9.3,12.1,10.3,3.0,2.74,8.0,0.3,0.6,0.5,-9.78,-8.74,-8.03,-8.9,3.0,1.29,8.0,0.3,0.6,0.5,-6.89,-3.18,-2.92,-4.87,3.0,3.25,8.0,0.3,0.6,0.5,1008.35,1008.9,1011.36,1009.83,3.0,2.34,8.0,0.3,0.6,0.5,1.3,2.0,6.1,3.7,3.0,3.8,8.0,0.3,0.6,0.5,-119.7,-81.3,-68.9,-94.0,3.0,38.8,8.0,0.3,0.6,0.5,-88.2,-29.6,-25.1,-56.0,3.0,51.6,8.0,0.3,0.6,0.5,-0.71,-0.1,1.54,0.4,3.0,1.71,8.0,0.3,0.6,0.5,-9.4,-0.9,12.6,1.5,3.0,16.3,8.0,0.3,0.6,0.5,4.07,4.3,4.53,4.3,2.0,0.48,10.0,0.0,0.4,0.5,37.0,37.4,37.9,37.4,2.0,0.9,10.0,0.0,0.4,0.5,-254.5,-216.7,-191.3,-222.8,3.0,46.5,8.0,0.3,0.6,0.5,-180.8,-78.9,-69.6,-124.2,3.0,90.4,8.0,0.3,0.6,0.5,-133.8,-129.1,-124.5,-129.1,2.0,9.6,10.0,0.0,0.4,0.5,-48.7,-47.0,-45.3,-47.0,2.0,3.5,10.0,0.0,0.4,0.5,-35.6,-35.2,-34.8,-35.2,2.0,0.8,10.0,0.0,0.4,0.5,-12.9,-12.8,-12.7,-12.8,2.0,0.3,10.0,0.0,0.4,0.5,631.5,804.5,1897.5,1254.0,3.0,1006.0,8.0,0.3,0.6,0.5,630.0,805.0,1900.0,1255.0,3.0,1005.0,8.0,0.3,0.6,0.5
1974,2,317.0,9.0,,,,,,,,,,,,,,,,,,,,,,,,,,,,,,,,,,,,,,,,9.0,9.0,9.0,9.0,1.0,0.0,14.0,0.0,0.7,0.9,-7.79,-7.79,-7.79,-7.79,1.0,0.0,14.0,0.0,0.7,0.9,-4.5,-4.5,-4.5,-4.5,1.0,0.0,14.0,0.0,0.7,0.9,1012.2,1012.2,1012.2,1012.2,1.0,0.0,14.0,0.0,0.7,0.9,,,,,,,,,,,,,,,,,,,,,,,,,,,,,,,,,,,,,,,,,,,,,,,,,,,,,,,,,,,,,,,,,,,,,,,,,,,,,,,,,,,,,,,,,,,,,,,,,,,,,,,,,,,,,,,,,,,,,,,,,,,,,,,,,,,,,,,,,,,,,,,,,,,,,,
1974,2,317.0,11.0,25.0,25.0,25.0,25.0,1.0,0.0,20.0,1.0,0.5,0.0,25.6,25.6,25.6,25.6,1.0,0.0,20.0,1.0,0.5,0.0,18.57,18.57,18.57,18.57,1.0,0.0,20.0,1.0,0.5,0.0,90.9,90.9,90.9,90.9,1.0,0.0,20.0,1.0,0.0,15.4,15.4,15.4,15.4,1.0,0.0,20.0,1.0,0.5,0.0,-11.8,-11.8,-11.8,-11.8,1.0,0.0,20.0,1.0,0.5,0.0,-9.9,-9.9,-9.9,-9.9,1.0,0.0,20.0,1.0,0.5,0.0,1015.2,1015.2,1015.2,1015.2,1.0,0.0,20.0,1.0,0.5,0.0,5.0,5.0,5.0,5.0,1.0,0.0,20.0,1.0,0.5,0.0,-181.7,-181.7,-181.7,-181.7,1.0,0.0,20.0,1.0,0.5,0.0,-152.4,-152.4,-152.4,-152.4,1.0,0.0,20.0,1.0,0.5,0.0,-0.6,-0.6,-0.6,-0.6,1.0,0.0,20.0,1.0,0.5,0.0,-9.2,-9.2,-9.2,-9.2,1.0,0.0,20.0,1.0,0.5,0.0,1.16,1.16,1.16,1.16,1.0,0.0,20.0,1.0,0.5,0.0,17.9,17.9,17.9,17.9,1.0,0.0,20.0,1.0,0.5,0.0,-302.0,-302.0,-302.0,-302.0,1.0,0.0,20.0,1.0,0.5,0.0,-253.4,-253.4,-253.4,-253.4,1.0,0.0,20.0,1.0,0.5,0.0,-219.1,-219.1,-219.1,-219.1,1.0,0.0,20.0,1.0,0.5,0.0,-183.8,-183.8,-183.8,-183.8,1.0,0.0,20.0,1.0,0.5,0.0,-13.7,-13.7,-13.7,-13.7,1.0,0.0,20.0,1.0,0.5,0.0,-11.5,-11.5,-11.5,-11.5,1.0,0.0,20.0,1.0,0.5,0.0,3652.5,3652.5,3652.5,3652.5,1.0,0.0,20.0,1.0,0.5,0.0,3650.0,3650.0,3650.0,3650.0,1.0,0.0,20.0,1.0,0.5,0.0
1974,2,317.0,12.0,24.43,24.5,24.57,24.5,2.0,0.14,8.0,0.5,0.7,0.4,23.65,24.4,25.15,24.4,2.0,1.56,8.0,0.5,0.7,0.4,12.87,13.01,13.16,13.01,2.0,0.29,8.0,0.5,0.7,0.4,65.0,68.8,72.6,68.8,2.0,7.9,8.0,0.5,0.4,9.46,9.8,10.14,9.8,2.0,0.71,8.0,0.5,0.7,0.4,-8.96,-8.52,-8.09,-8.52,2.0,0.9,8.0,0.5,0.7,0.4,-5.83,-4.12,-2.41,-4.12,2.0,3.54,8.0,0.5,0.7,0.4,1013.95,1014.05,1014.15,1014.05,2.0,0.21,8.0,0.5,0.7,0.4,2.8,4.5,6.2,4.5,2.0,3.5,8.0,0.5,0.7,0.4,-84.6,-83.2,-81.9,-83.2,2.0,2.8,8.0,0.5,0.7,0.4,-59.8,-41.6,-23.5,-41.6,2.0,37.6,8.0,0.5,0.7,0.4,-0.58,0.1,0.78,0.1,2.0,1.41,8.0,0.5,0.7,0.4,-5.2,1.5,8.2,1.5,2.0,13.9,8.0,0.5,0.7,0.4,5.93,6.15,6.37,6.15,2.0,0.45,8.0,0.5,0.7,0.4,60.1,60.1,60.2,60.1,2.0,0.1,8.0,0.5,0.7,0.4,-225.7,-208.7,-191.7,-208.7,2.0,35.1,8.0,0.5,0.7,0.4,-136.3,-97.7,-59.1,-97.7,2.0,80.0,8.0,0.5,0.7,0.4,-115.2,-110.8,-106.4,-110.8,2.0,9.2,8.0,0.5,0.7,0.4,-76.9,-54.1,-31.3,-54.1,2.0,47.3,8.0,0.5,0.7,0.4,-57.2,-52.6,-48.1,-52.6,2.0,9.4,8.0,0.5,0.7,0.4,-34.1,-24.5,-14.9,-24.5,2.0,19.9,8.0,0.5,0.7,0.4,850.0,948.5,1047.0,948.5,2.0,204.0,8.0,0.5,0.7,0.4,850.0,950.0,1045.0,950.0,2.0,205.0,8.0,0.5,0.7,0.4
1974,2,317.0,14.0,23.92,23.95,23.98,23.95,2.0,0.07,24.0,0.5,0.5,0.5,23.83,24.1,24.37,24.1,2.0,0.57,24.0,0.5,0.5,0.5,12.3,12.98,13.65,12.98,2.0,1.4,24.0,0.5,0.5,0.5,67.2,69.7,72.1,69.7,2.0,5.1,24.0,0.5,0.5,9.46,9.8,10.14,9.8,2.0,0.71,24.0,0.5,0.5,0.5,-9.27,-8.4,-7.53,-8.4,2.0,1.81,24.0,0.5,0.5,0.5,-5.59,-4.75,-3.91,-4.75,2.0,1.74,24.0,0.5,0.5,0.5,1016.14,1016.45,1016.76,1016.45,2.0,0.64,24.0,0.5,0.5,0.5,4.3,5.0,5.7,5.0,2.0,1.4,24.0,0.5,0.5,0.5,-94.4,-83.0,-71.6,-83.0,2.0,23.6,24.0,0.5,0.5,0.5,-52.5,-45.9,-39.3,-45.9,2.0,13.7,24.0,0.5,0.5,0.5,-0.39,-0.15,0.09,-0.15,2.0,0.49,24.0,0.5,0.5,0.5,-3.6,-1.3,1.0,-1.3,2.0,4.7,24.0,0.5,0.5,0.5,4.89,5.52,6.15,5.52,2.0,1.31,24.0,0.5,0.5,0.5,46.5,54.5,62.6,54.5,2.0,16.7,24.0,0.5,0.5,0.5,-220.7,-202.0,-183.2,-202.0,2.0,38.8,24.0,0.5,0.5,0.5,-136.5,-115.0,-93.5,-115.0,2.0,44.5,24.0,0.5,0.5,0.5,-113.4,-107.7,-102.1,-107.7,2.0,11.7,24.0,0.5,0.5,0.5,-76.9,-62.9,-48.8,-62.9,2.0,29.2,24.0,0.5,0.5,0.5,-57.7,-47.5,-37.4,-47.5,2.0,21.0,24.0,0.5,0.5,0.5,-26.7,-25.1,-23.5,-25.1,2.0,3.4,24.0,0.5,0.5,0.5,850.0,948.5,1047.0,948.5,2.0,204.0,24.0,0.5,0.5,0.5,850.0,950.0,1045.0,950.0,2.0,205.0,24.0,0.5,0.5,0.5
1974,2,317.0,15.0,,,,,,,,,,,,,,,,,,,,,,,,,,,,,,,,,,,,,,,,6.7,6.7,6.7,6.7,1.0,0.0,8.0,0.0,0.4,0.7,-6.6,-6.6,-6.6,-6.6,1.0,0.0,8.0,0.0,0.4,0.7,-1.16,-1.16,-1.16,-1.16,1.0,0.0,8.0,0.0,0.4,0.7,1015.1,1015.1,1015.1,1015.1,1.0,0.0,8.0,0.0,0.4,0.7,,,,,,,,,,,,,,,,,,,,,,,,,,,,,,,,,,,,,,,,,,,,,,,,,,,,,,,,,,,,,,,,,,,,,,,,,,,,,,,,,,,,,,,,,,,,,,,,,,,,,,,,,,,,,,,,,,,,,,,,,,,,,,,,,,,,,,,,,,,,,,,,,,,,,,
1974,2,317.0,16.0,24.42,24.45,24.48,24.45,2.0,0.07,12.0,0.5,1.0,0.8,22.99,23.4,23.81,23.4,2.0,0.85,12.0,0.5,1.0,0.8,12.44,12.79,13.14,12.79,2.0,0.72,12.0,0.5,1.0,0.8,68.3,71.9,75.5,71.9,2.0,7.5,12.0,0.5,0.8,8.28,8.45,8.62,8.45,2.0,0.35,12.0,0.5,1.0,0.8,-7.03,-6.88,-6.73,-6.88,2.0,0.31,12.0,0.5,1.0,0.8,-5.36,-4.85,-4.34,-4.85,2.0,1.06,12.0,0.5,1.0,0.8,1015.22,1016.55,1017.88,1016.55,2.0,2.76,12.0,0.5,1.0,0.8,7.2,7.5,7.8,7.5,2.0,0.7,12.0,0.5,1.0,0.8,-58.2,-58.1,-58.0,-58.1,2.0,0.2,12.0,0.5,1.0,0.8,-46.3,-41.1,-36.0,-41.1,2.0,10.6,12.0,0.5,1.0,0.8,0.67,1.05,1.43,1.05,2.0,0.78,12.0,0.5,1.0,0.8,5.7,9.0,12.4,9.0,2.0,6.9,12.0,0.5,1.0,0.8,5.91,6.27,6.64,6.27,2.0,0.75,12.0,0.5,1.0,0.8,50.9,52.9,54.9,52.9,2.0,4.1,12.0,0.5,1.0,0.8,-167.5,-161.2,-154.9,-161.2,2.0,13.1,12.0,0.5,1.0,0.8,-122.9,-113.0,-103.0,-113.0,2.0,20.6,12.0,0.5,1.0,0.8,-88.4,-87.9,-87.4,-87.9,2.0,1.0,12.0,0.5,1.0,0.8,-70.5,-62.3,-54.1,-62.3,2.0,17.0,12.0,0.5,1.0,0.8,-46.7,-43.3,-39.9,-43.3,2.0,7.1,12.0,0.5,1.0,0.8,-31.4,-30.0,-28.6,-30.0,2.0,3.0,12.0,0.5,1.0,0.8,568.5,605.0,641.5,605.0,2.0,76.0,12.0,0.5,1.0,0.8,570.0,605.0,640.0,605.0,2.0,75.0,12.0,0.5,1.0,0.8
1974,2,317.0,17.0,23.86,24.0,24.27,24.07,3.0,0.31,20.0,0.3,0.7,0.2,20.87,22.3,23.12,22.0,3.0,1.67,20.0,0.3,0.7,0.2,11.76,12.29,12.94,12.35,3.0,0.87,20.0,0.3,0.7,0.2,70.8,74.0,80.8,75.7,3.0,7.5,20.0,0.3,0.2,6.59,9.8,10.14,8.4,3.0,2.87,20.0,0.3,0.7,0.2,-9.85,-9.21,-6.4,-8.15,3.0,2.68,20.0,0.3,0.7,0.2,-2.29,0.0,1.22,-0.52,3.0,2.61,20.0,0.3,0.7,0.2,1017.74,1018.7,1019.11,1018.43,3.0,1.03,20.0,0.3,0.7,0.2,0.6,2.0,4.7,2.7,3.0,3.1,20.0,0.3,0.7,0.2,-100.0,-90.2,-46.4,-73.6,3.0,41.8,20.0,0.3,0.7,0.2,-22.4,0.0,12.6,-4.8,3.0,26.0,20.0,0.3,0.7,0.2,0.87,2.1,3.26,2.07,3.0,1.75,20.0,0.3,0.7,0.2,8.2,19.4,20.9,14.7,3.0,10.2,20.0,0.3,0.7,0.2,5.42,6.24,7.06,6.24,3.0,1.2,20.0,0.3,0.7,0.2,37.4,49.4,68.0,52.6,3.0,22.6,20.0,0.3,0.7,0.2,-223.1,-216.4,-139.0,-181.9,3.0,68.5,20.0,0.3,0.7,0.2,-53.8,0.0,27.2,-13.0,3.0,60.4,20.0,0.3,0.7,0.2,-120.3,-116.7,-79.8,-100.5,3.0,32.8,20.0,0.3,0.7,0.2,-30.3,0.0,14.0,-7.9,3.0,33.2,20.0,0.3,0.7,0.2,-66.3,-46.4,-36.5,-51.3,3.0,22.2,20.0,0.3,0.7,0.2,-11.5,0.0,9.1,-1.2,3.0,15.1,20.0,0.3,0.7,0.2,389.5,941.0,1044.5,722.0,3.0,516.0,20.0,0.3,0.7,0.2,390.0,940.0,1045.0,720.0,3.0,515.0,20.0,0.3,0.7,0.2
1974,2,317.0,18.0,23.74,24.25,24.76,24.25,2.0,1.06,10.0,0.0,0.5,0.6,21.16,21.5,21.84,21.5,2.0,0.71,10.0,0.0,0.5,0.6,12.76,12.76,12.76,12.76,1.0,0.0,20.0,0.0,0.4,0.7,78.0,78.0,78.0,78.0,1.0,0.0,20.0,0.0,0.7,4.59,5.65,6.71,5.65,2.0,2.19,10.0,0.0,0.5,0.6,-6.7,-5.62,-4.54,-5.62,2.0,2.24,10.0,0.0,0.5,0.6,0.11,0.36,0.6,0.36,2.0,0.5,10.0,0.0,0.5,0.6,1015.07,1016.3,1017.53,1016.3,2.0,2.55,10.0,0.0,0.5,0.6,3.0,3.0,3.0,3.0,1.0,0.0,20.0,0.0,0.4,0.7,-46.2,-34.2,-22.2,-34.2,2.0,25.0,10.0,0.0,0.5,0.6,0.5,1.5,2.5,1.5,2.0,2.1,10.0,0.0,0.5,0.6,1.9,2.75,3.6,2.75,2.0,1.77,10.0,0.0,0.5,0.6,9.7,17.5,25.2,17.5,2.0,16.0,10.0,0.0,0.5,0.6,5.21,5.21,5.21,5.21,1.0,0.0,20.0,0.0,0.4,0.7,21.3,21.3,21.3,21.3,1.0,0.0,20.0,0.0,0.4,0.7,-141.3,-120.0,-98.7,-120.0,2.0,44.1,10.0,0.0,0.5,0.6,2.5,7.8,13.2,7.8,2.0,11.1,10.0,0.0,0.5,0.6,-51.5,-51.5,-51.5,-51.5,1.0,0.0,20.0,0.0,0.4,0.7,9.1,9.1,9.1,9.1,1.0,0.0,20.0,0.0,0.4,0.7,-21.0,-21.0,-21.0,-21.0,1.0,0.0,20.0,0.0,0.4,0.7,3.7,3.7,3.7,3.7,1.0,0.0,20.0,0.0,0.4,0.7,117.0,221.0,325.0,221.0,2.0,215.0,10.0,0.0,0.5,0.6,115.0,220.0,325.0,220.0,2.0,215.0,10.0,0.0,0.5,0.6
1974,2,317.0,19.0,22.45,23.0,23.68,23.07,3.0,0.9,10.0,0.7,0.5,0.6,21.8,22.0,22.61,22.2,3.0,0.62,10.0,0.7,0.5,0.6,11.61,11.61,11.61,11.61,1.0,0.0,2.0,0.0,0.5,0.3,72.3,72.3,72.3,72.3,1.0,0.0,2.0,0.0,0.3,9.32,10.0,10.2,9.77,3.0,0.68,10.0,0.7,0.5,0.6,-10.2,-10.0,-9.32,-9.77,3.0,0.68,10.0,0.7,0.5,0.6,0.0,0.0,0.0,0.0,3.0,0.0,10.0,0.7,0.5,0.6,1016.89,1017.5,1020.3,1018.57,3.0,2.67,10.0,0.7,0.5,0.6,4.0,6.0,6.7,5.3,3.0,2.1,10.0,0.7,0.5,0.6,-104.2,-100.0,-87.0,-95.7,3.0,13.1,10.0,0.7,0.5,0.6,0.0,0.0,0.0,0.0,3.0,0.0,10.0,0.7,0.5,0.6,0.23,0.5,1.52,0.87,3.0,1.0,10.0,0.7,0.5,0.6,2.3,5.2,13.9,8.1,3.0,8.9,10.0,0.7,0.5,0.6,5.0,5.0,5.0,5.0,1.0,0.0,2.0,0.0,0.5,0.3,51.5,51.5,51.5,51.5,1.0,0.0,2.0,0.0,0.5,0.3,-227.3,-223.5,-206.1,-216.8,3.0,16.5,10.0,0.7,0.5,0.6,0.0,0.0,0.0,0.0,3.0,0.0,10.0,0.7,0.5,0.6,-119.6,-119.6,-119.6,-119.6,1.0,0.0,2.0,0.0,0.5,0.3,0.0,0.0,0.0,0.0,1.0,0.0,2.0,0.0,0.5,0.3,-51.5,-51.5,-51.5,-51.5,1.0,0.0,2.0,0.0,0.5,0.3,0.0,0.0,0.0,0.0,1.0,0.0,2.0,0.0,0.5,0.3,815.0,1000.0,1063.5,940.5,3.0,189.0,10.0,0.7,0.5,0.6,815.0,1000.0,1065.0,940.0,3.0,190.0,10.0,0.7,0.5,0.6
1974,2,317.0,20.0,23.55,23.65,23.75,23.65,2.0,0.21,6.0,0.5,0.7,0.3,22.43,24.0,26.39,24.4,3.0,2.92,8.0,0.3,0.6,0.4,12.62,13.01,13.85,13.23,3.0,0.92,8.0,0.3,0.6,0.4,64.0,67.4,76.7,70.3,3.0,9.6,8.0,0.3,0.4,2.76,8.7,11.57,7.2,3.0,6.58,8.0,0.3,0.6,0.4,-10.99,-8.57,-2.72,-6.9,3.0,6.23,8.0,0.3,0.6,0.4,-3.49,-1.51,-0.48,-1.97,3.0,2.24,8.0,0.3,0.6,0.4,1015.73,1017.3,1017.98,1016.87,3.0,1.69,8.0,0.3,0.6,0.4,0.6,2.0,6.1,3.3,3.0,4.2,8.0,0.3,0.6,0.4,-130.4,-74.5,-23.7,-77.0,3.0,78.2,8.0,0.3,0.6,0.4,-43.0,-13.1,-4.2,-23.4,3.0,29.8,8.0,0.3,0.6,0.4,-0.09,0.8,1.69,0.8,2.0,1.84,6.0,0.5,0.7,0.3,0.6,11.4,22.1,11.4,2.0,22.2,6.0,0.5,0.7,0.3,5.33,5.41,5.49,5.41,2.0,0.16,6.0,0.5,0.7,0.3,51.3,58.2,65.1,58.2,2.0,14.3,6.0,0.5,0.7,0.3,-244.8,-205.6,-65.3,-156.2,3.0,138.3,8.0,0.3,0.6,0.4,-76.9,-36.3,-11.5,-44.0,3.0,48.3,8.0,0.3,0.6,0.4,-141.5,-106.5,-33.8,-88.1,3.0,80.5,8.0,0.3,0.6,0.4,-45.2,-18.8,-6.0,-25.4,3.0,29.3,8.0,0.3,0.6,0.4,-61.5,-55.8,-50.0,-55.8,2.0,11.9,6.0,0.5,0.7,0.3,-21.0,-15.9,-10.7,-15.9,2.0,10.6,6.0,0.5,0.7,0.3,209.0,658.5,1674.5,935.0,3.0,1099.5,8.0,0.3,0.6,0.4,210.0,660.0,1675.0,935.0,3.0,1100.0,8.0,0.3,0.6,0.4
1974,2,317.0,21.0,22.4,23.1,24.0,23.19,14.0,0.83,18.0,0.7,0.4,0.5,21.81,22.65,24.14,22.79,14.0,1.23,18.0,0.7,0.4,0.5,10.44,11.6,13.74,12.06,12.0,1.85,16.0,0.8,0.4,0.5,61.4,69.4,76.7,69.9,12.0,6.9,16.0,0.8,0.5,7.6,8.2,9.37,8.32,13.0,1.7,16.0,0.7,0.4,0.5,-9.3,-7.88,-4.08,-7.23,13.0,2.43,16.0,0.7,0.4,0.5,-5.03,-1.39,1.68,-1.25,13.0,3.68,16.0,0.7,0.4,0.5,1018.42,1020.2,1022.12,1020.06,13.0,1.91,16.0,0.7,0.4,0.5,3.0,4.5,7.9,4.7,14.0,2.4,18.0,0.7,0.4,0.5,-86.5,-63.0,-28.7,-63.0,13.0,29.6,16.0,0.7,0.4,0.5,-43.9,-11.1,15.1,-11.8,13.0,30.4,16.0,0.7,0.4,0.5,-0.29,0.4,0.98,0.4,14.0,0.77,18.0,0.7,0.4,0.5,-3.1,1.3,7.6,2.8,13.0,6.3,16.0,0.7,0.4,0.5,4.45,5.35,7.14,5.64,12.0,1.4,16.0,0.8,0.4,0.5,33.0,47.2,57.2,45.4,12.0,12.5,16.0,0.8,0.4,0.5,-222.0,-184.5,-90.6,-166.7,13.0,59.0,16.0,0.7,0.4,0.5,-117.0,-30.3,37.8,-28.5,13.0,81.7,16.0,0.7,0.4,0.5,-127.8,-90.0,-46.9,-88.1,12.0,37.9,16.0,0.8,0.4,0.5,-50.9,-6.8,20.0,-10.5,12.0,40.3,16.0,0.8,0.4,0.5,-49.6,-39.7,-23.7,-38.2,12.0,12.2,16.0,0.8,0.4,0.5,-22.9,-4.4,9.6,-7.6,12.0,24.5,16.0,0.8,0.4,0.5,441.5,551.5,823.0,637.0,13.0,314.5,16.0,0.7,0.4,0.5,440.0,550.0,825.0,635.0,13.0,315.0,16.0,0.7,0.4,0.5
1974,2,317.0,22.0,21.88,22.3,23.06,22.39,16.0,0.93,20.0,0.3,0.7,0.5,20.96,21.8,22.09,21.75,17.0,1.08,20.0,0.3,0.7,0.5,10.02,11.2,11.9,11.19,15.0,1.06,18.0,0.3,0.7,0.5,64.3,69.6,74.9,69.7,15.0,5.8,18.0,0.3,0.5,5.23,6.7,9.06,6.85,15.0,2.36,18.0,0.3,0.7,0.5,-6.61,-5.27,-2.13,-4.81,15.0,2.35,18.0,0.3,0.7,0.5,-7.77,-1.3,1.78,-2.44,15.0,4.38,18.0,0.3,0.7,0.5,1019.1,1020.2,1022.71,1020.25,15.0,2.4,18.0,0.3,0.7,0.5,1.0,2.0,4.3,2.7,19.0,2.3,20.0,0.4,0.6,0.4,-51.2,-35.5,-8.3,-34.3,15.0,22.1,18.0,0.3,0.7,0.5,-63.8,-6.3,11.9,-21.3,15.0,39.7,18.0,0.3,0.7,0.5,0.34,0.5,1.96,0.84,16.0,1.13,20.0,0.3,0.7,0.5,2.5,3.5,14.5,6.0,14.0,9.1,20.0,0.2,0.7,0.5,4.04,6.15,6.79,5.69,14.0,1.49,20.0,0.2,0.7,0.5,21.4,36.2,52.9,38.4,14.0,15.6,20.0,0.2,0.7,0.5,-144.4,-116.0,-46.1,-105.1,15.0,50.5,18.0,0.3,0.7,0.5,-158.3,-29.9,39.2,-52.0,15.0,93.1,18.0,0.3,0.7,0.5,-75.1,-58.0,-24.1,-54.6,15.0,27.4,18.0,0.3,0.7,0.5,-83.3,-15.3,20.2,-26.6,15.0,48.8,18.0,0.3,0.7,0.5,-35.2,-28.2,-13.5,-24.9,14.0,12.0,20.0,0.2,0.7,0.5,-45.5,-7.9,6.6,-15.9,14.0,27.3,20.0,0.2,0.7,0.5,144.5,301.0,748.0,422.0,15.0,325.0,18.0,0.3,0.7,0.5,145.0,300.0,750.0,420.0,15.0,325.0,18.0,0.3,0.7,0.5
1974,2,317.0,23.0,22.27,23.0,23.18,22.7,5.0,0.97,16.0,0.2,0.5,0.3,21.0,21.5,22.17,21.62,5.0,0.74,16.0,0.2,0.5,0.3,11.39,12.55,13.12,12.27,4.0,1.23,16.0,0.0,0.6,0.4,72.6,78.8,84.3,78.4,4.0,7.7,16.0,0.0,0.4,4.73,5.7,6.81,5.72,5.0,1.18,16.0,0.2,0.5,0.3,-6.55,-5.7,-4.45,-5.53,5.0,1.24,16.0,0.2,0.5,0.3,-1.53,0.0,0.84,-0.17,5.0,1.59,16.0,0.2,0.5,0.3,1019.87,1021.5,1021.81,1020.88,5.0,1.38,16.0,0.2,0.5,0.3,1.6,4.0,4.7,3.4,5.0,1.9,16.0,0.2,0.5,0.3,-44.7,-32.5,-21.3,-32.8,5.0,13.3,16.0,0.2,0.5,0.3,-6.9,0.0,5.6,0.1,5.0,9.3,16.0,0.2,0.5,0.3,0.44,1.2,1.68,1.08,5.0,0.77,16.0,0.2,0.5,0.3,3.1,8.0,9.2,6.3,5.0,4.0,16.0,0.2,0.5,0.3,3.21,4.81,5.97,4.6,4.0,1.99,16.0,0.0,0.6,0.4,16.6,29.9,34.3,25.7,4.0,12.3,16.0,0.0,0.6,0.4,-145.4,-122.5,-93.4,-120.2,5.0,30.7,16.0,0.2,0.5,0.3,-32.1,0.0,18.2,-3.2,5.0,34.1,16.0,0.2,0.5,0.3,-75.3,-62.3,-51.1,-63.2,4.0,14.0,16.0,0.0,0.6,0.4,-18.6,-9.2,14.8,-2.3,4.0,22.1,16.0,0.0,0.6,0.4,-32.2,-28.9,-16.4,-24.5,4.0,11.6,16.0,0.0,0.6,0.4,-7.5,-1.4,6.1,-0.8,4.0,9.7,16.0,0.0,0.6,0.4,109.5,185.0,316.0,206.0,5.0,114.5,16.0,0.2,0.5,0.3,110.0,185.0,315.0,205.0,5.0,115.0,16.0,0.2,0.5,0.3
1974,2,317.0,24.0,21.74,22.0,22.72,22.23,16.0,1.08,12.0,0.6,0.5,0.5,20.88,21.6,22.72,21.92,16.0,1.15,12.0,0.6,0.5,0.5,10.19,11.9,12.24,11.41,13.0,1.57,12.0,0.5,0.5,0.4,64.7,72.8,79.8,71.7,14.0,9.3,12.0,0.6,0.5,4.13,5.0,8.16,5.93,15.0,2.14,12.0,0.6,0.5,0.5,-7.75,-4.53,-2.99,-5.01,15.0,2.06,12.0,0.6,0.5,0.5,0.0,1.22,3.52,1.61,15.0,2.91,12.0,0.6,0.5,0.5,1021.03,1022.85,1024.38,1022.66,14.0,1.88,12.0,0.6,0.5,0.5,2.0,4.0,6.6,4.1,16.0,2.3,12.0,0.6,0.5,0.5,-60.5,-20.8,-13.6,-33.0,15.0,22.9,12.0,0.6,0.5,0.5,0.0,4.8,17.6,11.2,15.0,24.0,12.0,0.6,0.5,0.5,-0.4,0.45,1.2,0.31,16.0,1.77,12.0,0.6,0.5,0.5,-1.4,2.4,9.3,1.6,15.0,14.8,12.0,0.6,0.5,0.5,3.97,5.0,8.11,5.37,13.0,2.13,12.0,0.5,0.5,0.4,18.6,24.9,42.8,31.3,13.0,18.7,12.0,0.5,0.5,0.4,-159.4,-103.3,-66.6,-109.8,15.0,46.0,12.0,0.6,0.5,0.5,0.0,25.3,79.6,36.1,15.0,66.8,12.0,0.6,0.5,0.5,-82.3,-54.0,-34.0,-56.0,13.0,22.5,12.0,0.5,0.5,0.4,0.0,19.7,44.3,27.4,13.0,33.9,12.0,0.5,0.5,0.4,-34.2,-24.9,-14.3,-27.0,13.0,18.0,12.0,0.5,0.5,0.4,0.0,5.3,18.9,11.0,13.0,12.7,12.0,0.5,0.5,0.4,71.5,125.0,542.5,288.0,15.0,277.0,12.0,0.6,0.5,0.5,70.0,125.0,545.0,290.0,15.0,275.0,12.0,0.6,0.5,0.5
1974,2,317.0,25.0,20.75,22.0,22.7,21.81,12.0,1.18,12.0,0.6,0.5,0.5,21.0,21.6,22.55,21.9,12.0,1.11,12.0,0.6,0.5,0.5,11.87,12.17,13.59,12.5,10.0,1.32,12.0,0.6,0.5,0.5,69.3,78.4,87.5,78.3,11.0,9.0,12.0,0.5,0.6,4.6,5.1,8.62,6.23,12.0,2.82,12.0,0.6,0.5,0.6,-7.86,-4.54,-3.38,-5.2,12.0,3.13,12.0,0.6,0.5,0.6,0.0,2.63,3.28,1.3,12.0,3.04,12.0,0.6,0.5,0.6,1019.99,1023.0,1023.71,1022.3,11.0,2.16,12.0,0.6,0.5,0.6,1.9,3.0,7.1,4.0,13.0,2.5,12.0,0.6,0.5,0.5,-68.4,-23.0,-15.5,-40.1,12.0,43.3,12.0,0.6,0.5,0.6,0.0,10.4,16.7,2.6,12.0,27.5,12.0,0.6,0.5,0.6,-1.71,0.2,1.54,-0.07,11.0,1.57,12.0,0.5,0.5,0.5,-9.1,-0.2,8.5,-0.4,10.0,8.5,12.0,0.5,0.5,0.6,1.89,3.31,4.78,3.29,9.0,1.52,12.0,0.6,0.5,0.5,10.8,18.2,40.3,23.9,9.0,18.8,12.0,0.6,0.5,0.5,-166.8,-115.4,-72.8,-115.8,11.0,68.7,12.0,0.5,0.5,0.6,0.0,48.3,69.3,25.1,11.0,65.4,12.0,0.5,0.5,0.6,-89.6,-65.2,-47.0,-67.5,10.0,38.2,12.0,0.6,0.5,0.5,0.0,22.1,41.2,13.9,10.0,35.0,12.0,0.6,0.5,0.5,-40.1,-15.9,-9.9,-21.0,9.0,16.2,12.0,0.6,0.5,0.5,0.0,2.7,9.6,-0.5,9.0,15.5,12.0,0.6,0.5,0.5,97.5,132.5,707.5,404.5,12.0,599.0,12.0,0.6,0.5,0.6,95.0,135.0,705.0,405.0,12.0,600.0,12.0,0.6,0.5,0.6
1974,2,317.0,26.0,21.06,22.15,22.38,21.6,8.0,1.2,14.0,0.4,0.6,0.4,20.23,21.0,21.42,20.87,9.0,0.76,12.0,0.3,0.5,0.4,10.89,12.0,12.67,11.66,8.0,1.27,14.0,0.4,0.5,0.4,70.0,76.9,82.3,76.9,9.0,8.9,12.0,0.3,0.4,3.64,6.2,7.7,6.06,9.0,3.37,12.0,0.3,0.5,0.4,-5.3,-3.1,-0.29,-3.36,9.0,2.66,12.0,0.3,0.5,0.4,0.0,1.06,5.76,1.03,9.0,5.63,12.0,0.3,0.5,0.4,1020.52,1021.35,1023.97,1022.04,8.0,1.8,14.0,0.4,0.5,0.4,1.4,5.0,7.0,4.5,10.0,2.6,14.0,0.4,0.5,0.4,-36.8,-19.2,-1.8,-21.3,9.0,19.9,12.0,0.3,0.5,0.4,0.0,3.3,36.6,-1.4,9.0,59.0,12.0,0.3,0.5,0.4,-0.18,0.95,1.2,0.59,8.0,1.16,14.0,0.4,0.6,0.4,-1.1,2.8,8.9,4.6,8.0,10.8,14.0,0.4,0.6,0.4,3.32,4.43,5.95,4.54,7.0,2.03,14.0,0.4,0.5,0.4,7.2,21.2,31.7,26.7,7.0,30.6,14.0,0.4,0.5,0.4,-112.0,-65.7,-6.0,-69.5,9.0,53.7,12.0,0.3,0.5,0.4,0.0,23.5,118.1,22.2,9.0,114.6,12.0,0.3,0.5,0.4,-66.9,-36.1,-1.5,-38.9,8.0,35.5,14.0,0.4,0.5,0.4,0.0,6.4,61.4,9.7,8.0,57.9,14.0,0.4,0.5,0.4,-20.4,-10.6,0.0,-10.5,7.0,11.0,14.0,0.4,0.5,0.4,-4.4,4.7,11.9,-7.2,7.0,38.2,14.0,0.4,0.5,0.4,57.5,238.5,456.5,405.5,9.0,568.5,12.0,0.3,0.5,0.4,60.0,240.0,455.0,405.0,9.0,570.0,12.0,0.3,0.5,0.4
1974,2,317.0,27.0,20.72,21.5,22.02,21.4,13.0,0.79,18.0,0.5,0.5,0.5,19.0,20.2,20.73,20.1,13.0,1.07,18.0,0.5,0.5,0.5,8.6,10.47,13.44,10.82,12.0,2.22,18.0,0.5,0.5,0.5,62.2,72.5,86.2,73.9,12.0,11.6,18.0,0.5,0.5,4.59,7.95,9.3,7.11,12.0,3.16,18.0,0.6,0.5,0.5,-5.41,-2.93,2.02,-1.72,12.0,4.75,18.0,0.6,0.5,0.5,-6.86,0.0,3.77,-1.11,12.0,6.17,18.0,0.6,0.5,0.5,1021.45,1022.6,1026.34,1023.65,13.0,2.64,18.0,0.5,0.5,0.5,1.9,5.0,7.0,4.4,13.0,2.4,18.0,0.5,0.5,0.5,-40.0,-24.4,7.3,-13.2,12.0,38.2,18.0,0.6,0.5,0.5,-57.4,0.0,29.9,-13.3,12.0,63.4,18.0,0.6,0.5,0.5,0.2,1.2,2.3,1.3,13.0,1.13,18.0,0.5,0.5,0.5,1.3,7.7,15.1,8.7,12.0,9.4,18.0,0.6,0.5,0.5,2.44,5.38,7.3,5.01,12.0,2.32,18.0,0.5,0.5,0.5,13.9,27.4,49.9,31.7,11.0,20.0,18.0,0.5,0.5,0.5,-105.1,-64.0,40.9,-35.0,12.0,95.1,18.0,0.6,0.5,0.5,-131.5,0.0,77.5,-17.1,12.0,123.2,18.0,0.6,0.5,0.5,-49.8,-37.3,28.1,-18.0,11.0,56.2,18.0,0.5,0.5,0.5,-40.9,0.0,58.6,9.2,11.0,57.8,18.0,0.5,0.5,0.5,-27.8,-12.3,15.3,-8.2,11.0,24.4,18.0,0.5,0.5,0.5,-30.9,0.0,12.6,-9.0,11.0,27.4,18.0,0.5,0.5,0.5,106.5,504.0,804.5,547.5,12.0,578.5,18.0,0.6,0.5,0.5,105.0,505.0,805.0,550.0,12.0,580.0,18.0,0.6,0.5,0.5
1974,2,317.0,28.0,20.0,20.5,21.47,20.69,11.0,0.75,14.0,0.2,0.7,0.3,19.38,20.0,21.14,20.18,13.0,1.05,14.0,0.2,0.7,0.3,10.32,12.13,12.89,11.71,10.0,1.35,14.0,0.1,0.6,0.3,74.6,84.5,86.1,81.5,10.0,6.1,14.0,0.1,0.3,4.46,5.1,9.35,6.36,13.0,2.65,14.0,0.2,0.7,0.3,-3.74,-1.79,2.49,-0.98,13.0,3.95,14.0,0.2,0.7,0.3,-4.93,2.96,4.81,1.41,13.0,5.66,14.0,0.2,0.7,0.3,1021.19,1022.3,1024.06,1022.64,13.0,1.7,14.0,0.2,0.7,0.3,0.0,1.5,3.5,2.1,12.0,2.0,16.0,0.2,0.7,0.3,-20.4,-12.5,9.2,-6.4,13.0,31.5,14.0,0.2,0.7,0.3,-44.7,13.6,27.3,7.9,13.0,50.4,14.0,0.2,0.7,0.3,-0.15,0.5,1.74,0.48,11.0,1.15,14.0,0.2,0.7,0.3,-0.7,1.3,11.5,4.2,11.0,7.8,14.0,0.2,0.7,0.3,2.12,3.2,4.73,3.22,9.0,1.38,14.0,0.1,0.6,0.4,8.2,17.9,37.9,22.1,9.0,16.1,14.0,0.1,0.6,0.4,-76.1,-38.5,48.7,-21.7,13.0,78.7,14.0,0.2,0.7,0.3,-93.8,60.3,101.3,32.4,13.0,114.2,14.0,0.2,0.7,0.3,-44.8,-16.9,31.5,-7.2,10.0,44.9,14.0,0.1,0.6,0.3,-30.8,37.2,53.7,23.6,10.0,57.1,14.0,0.1,0.6,0.3,-10.5,-5.7,6.4,0.2,9.0,18.5,14.0,0.1,0.6,0.4,-19.2,6.4,13.2,1.3,9.0,21.5,14.0,0.1,0.6,0.4,91.0,132.5,817.5,384.5,13.0,389.0,14.0,0.2,0.7,0.3,90.0,135.0,815.0,385.0,13.0,390.0,14.0,0.2,0.7,0.3
1974,2,317.0,29.0,20.03,21.0,22.0,21.09,14.0,1.17,16.0,0.6,0.6,0.4,18.88,20.1,21.92,20.29,16.0,1.54,16.0,0.6,0.6,0.5,9.83,11.24,12.55,11.29,10.0,1.54,16.0,0.6,0.6,0.4,70.9,79.6,89.3,80.5,10.0,10.5,16.0,0.6,0.4,4.21,6.7,8.48,6.3,15.0,2.21,16.0,0.5,0.6,0.5,-6.14,-2.64,1.32,-2.14,15.0,4.01,16.0,0.5,0.6,0.5,-3.26,3.14,6.17,2.09,15.0,4.67,16.0,0.5,0.6,0.5,1022.69,1023.55,1026.65,1024.18,16.0,2.16,16.0,0.6,0.6,0.5,2.0,5.5,7.0,4.9,16.0,2.4,16.0,0.6,0.6,0.5,-48.1,-10.8,5.9,-17.9,15.0,31.8,16.0,0.5,0.6,0.5,-25.2,12.9,41.5,12.6,15.0,36.6,16.0,0.5,0.6,0.5,-0.46,1.0,1.59,0.76,14.0,1.06,16.0,0.6,0.6,0.4,-3.7,5.4,11.0,4.1,13.0,7.7,16.0,0.6,0.5,0.5,2.94,3.9,4.38,3.83,9.0,1.03,16.0,0.7,0.6,0.4,14.6,26.6,31.0,24.0,8.0,9.2,14.0,0.6,0.6,0.5,-119.6,-50.1,26.2,-41.3,15.0,83.2,16.0,0.5,0.6,0.5,-65.8,59.7,132.7,43.6,15.0,96.7,16.0,0.5,0.6,0.5,-66.4,-29.9,12.1,-26.9,9.0,47.8,14.0,0.6,0.6,0.5,-21.0,35.7,54.8,23.0,9.0,56.3,14.0,0.6,0.6,0.5,-29.0,-10.6,8.4,-8.8,8.0,18.8,14.0,0.6,0.6,0.5,-10.6,10.5,16.2,5.2,8.0,16.5,14.0,0.6,0.6,0.5,75.0,301.0,613.5,335.0,15.0,290.0,16.0,0.5,0.6,0.5,75.0,300.0,615.0,335.0,15.0,290.0,16.0,0.5,0.6,0.5
1974,2,317.0,30.0,18.7,20.0,21.98,20.07,20.0,1.58,16.0,0.4,0.6,0.6,18.6,19.8,20.5,19.64,23.0,1.0,16.0,0.4,0.6,0.6,8.13,10.92,12.23,10.55,16.0,1.85,18.0,0.4,0.5,0.5,61.2,79.2,87.9,75.6,16.0,12.5,18.0,0.4,0.5,3.73,6.35,10.63,6.56,22.0,3.16,16.0,0.5,0.6,0.6,-4.35,-0.23,4.16,-0.14,22.0,4.55,16.0,0.5,0.6,0.6,-5.68,1.77,5.17,0.39,22.0,5.85,16.0,0.5,0.6,0.6,1020.54,1023.0,1026.21,1023.92,23.0,4.61,16.0,0.4,0.6,0.6,1.0,4.0,7.0,3.9,23.0,2.7,16.0,0.4,0.6,0.6,-23.1,-0.5,27.4,2.5,22.0,40.8,16.0,0.5,0.6,0.6,-40.6,8.4,34.0,-1.4,22.0,56.0,16.0,0.5,0.6,0.6,-0.8,0.2,2.5,0.47,20.0,1.82,16.0,0.4,0.6,0.6,-8.9,1.0,15.9,3.4,19.0,16.3,18.0,0.4,0.6,0.6,2.18,4.79,6.42,4.37,15.0,2.16,18.0,0.4,0.5,0.6,6.6,24.5,65.5,30.9,15.0,24.4,18.0,0.4,0.5,0.6,-82.0,-4.2,80.5,-2.6,22.0,90.1,16.0,0.5,0.6,0.6,-109.9,34.3,109.2,10.9,22.0,112.5,16.0,0.5,0.6,0.6,-57.9,-7.1,38.6,-9.9,16.0,52.3,18.0,0.4,0.5,0.5,-80.1,-5.5,50.6,-7.8,16.0,52.6,18.0,0.4,0.5,0.5,-23.8,-5.5,12.3,-4.6,15.0,18.3,18.0,0.4,0.5,0.6,-64.0,-1.4,8.4,-13.5,15.0,32.6,18.0,0.4,0.5,0.6,52.5,258.5,1204.0,473.5,22.0,531.0,16.0,0.5,0.6,0.6,50.0,260.0,1205.0,475.0,22.0,530.0,16.0,0.5,0.6,0.6
1974,2,317.0,31.0,19.5,20.0,21.0,20.12,17.0,0.9,16.0,0.5,0.5,0.3,18.5,19.75,20.59,19.62,18.0,1.26,14.0,0.5,0.6,0.3,8.77,11.67,12.45,10.9,12.0,1.88,12.0,0.5,0.6,0.3,60.8,77.7,86.1,73.2,13.0,16.3,12.0,0.5,0.3,4.07,5.4,8.09,6.03,18.0,2.69,14.0,0.5,0.6,0.3,-3.09,0.0,4.49,0.73,18.0,3.72,14.0,0.5,0.6,0.3,-5.18,2.11,4.48,0.54,18.0,5.57,14.0,0.5,0.6,0.3,1022.66,1024.5,1027.35,1024.96,17.0,2.28,14.0,0.5,0.6,0.3,1.7,4.5,7.3,4.4,18.0,2.8,14.0,0.5,0.6,0.3,-14.0,0.0,25.1,5.8,18.0,26.8,14.0,0.5,0.6,0.3,-34.2,7.6,24.1,4.7,18.0,51.8,14.0,0.5,0.6,0.3,-0.23,0.4,1.78,0.54,17.0,1.07,16.0,0.5,0.5,0.3,-1.9,2.1,8.9,3.1,17.0,6.6,16.0,0.5,0.5,0.3,2.27,2.95,4.76,3.41,11.0,1.22,12.0,0.5,0.6,0.4,10.6,16.3,29.4,19.4,11.0,11.0,12.0,0.5,0.6,0.4,-57.9,0.0,97.3,14.8,18.0,73.2,14.0,0.5,0.6,0.3,-96.6,40.1,90.8,14.2,18.0,109.9,14.0,0.5,0.6,0.3,-39.7,-3.0,37.4,0.1,12.0,38.5,12.0,0.5,0.6,0.3,-44.1,29.2,45.1,21.0,12.0,58.5,12.0,0.5,0.6,0.3,-9.1,0.0,11.4,-1.3,11.0,14.0,12.0,0.5,0.6,0.4,-11.2,7.6,17.8,5.9,11.0,17.3,12.0,0.5,0.6,0.4,67.5,159.0,539.0,355.0,18.0,500.5,14.0,0.5,0.6,0.3,65.0,160.0,540.0,355.0,18.0,500.0,14.0,0.5,0.6,0.3
1974,2,317.0,32.0,18.91,19.6,21.0,19.78,18.0,1.2,14.0,0.6,0.7,0.5,17.76,19.0,20.0,18.84,19.0,1.45,14.0,0.5,0.7,0.5,7.54,9.5,12.6,9.87,17.0,2.41,14.0,0.5,0.7,0.5,58.9,70.2,87.2,73.4,17.0,13.3,14.0,0.5,0.5,4.6,8.0,10.44,7.82,19.0,3.26,14.0,0.5,0.7,0.5,-2.29,2.8,7.63,2.53,19.0,5.34,14.0,0.5,0.7,0.5,-4.72,2.3,7.82,1.62,19.0,6.09,14.0,0.5,0.7,0.5,1017.91,1021.1,1027.29,1022.17,19.0,4.33,14.0,0.5,0.7,0.5,1.9,6.0,7.1,5.3,19.0,2.5,14.0,0.5,0.7,0.5,-13.3,18.3,78.9,26.4,19.0,52.0,14.0,0.5,0.7,0.5,-34.7,10.6,66.1,8.6,19.0,63.5,14.0,0.5,0.7,0.5,-0.29,0.4,2.65,0.96,18.0,1.78,14.0,0.6,0.7,0.5,-1.8,0.5,15.7,9.3,18.0,19.3,14.0,0.6,0.7,0.5,1.82,4.44,6.9,4.32,16.0,2.45,14.0,0.5,0.7,0.5,13.2,24.9,59.4,33.3,16.0,30.4,14.0,0.5,0.7,0.5,-43.4,56.1,145.9,46.3,19.0,100.0,14.0,0.5,0.7,0.5,-86.5,43.7,157.0,35.8,19.0,111.9,14.0,0.5,0.7,0.5,-28.0,30.0,62.1,16.4,17.0,49.3,14.0,0.5,0.7,0.5,-43.0,19.9,102.8,28.0,17.0,64.2,14.0,0.5,0.7,0.5,-12.3,4.3,35.8,10.5,16.0,30.3,14.0,0.5,0.7,0.5,-24.0,6.9,22.4,-2.5,16.0,32.6,14.0,0.5,0.7,0.5,97.5,512.0,1143.0,695.0,19.0,617.0,14.0,0.5,0.7,0.5,95.0,510.0,1145.0,695.0,19.0,615.0,14.0,0.5,0.7,0.5
1974,2,317.0,33.0,18.0,18.7,19.9,18.73,21.0,0.81,16.0,0.5,0.6,0.5,17.17,18.9,20.33,18.81,21.0,1.59,16.0,0.5,0.6,0.5,8.72,11.27,12.22,10.8,19.0,1.7,16.0,0.5,0.5,0.5,66.7,82.9,87.4,80.0,19.0,9.2,16.0,0.5,0.5,5.1,9.55,12.3,9.04,20.0,4.2,14.0,0.5,0.5,0.5,-1.67,4.3,9.67,3.86,20.0,5.71,14.0,0.5,0.5,0.5,-7.09,2.12,9.14,1.26,20.0,7.32,14.0,0.5,0.5,0.5,1017.06,1020.7,1028.61,1022.04,21.0,6.05,16.0,0.5,0.6,0.5,2.0,6.0,8.0,5.1,21.0,2.8,16.0,0.5,0.6,0.5,-14.9,32.6,130.8,46.2,20.0,72.8,14.0,0.5,0.5,0.5,-58.2,15.6,94.4,4.9,20.0,93.2,14.0,0.5,0.5,0.5,-1.58,-0.3,1.83,-0.08,21.0,1.64,16.0,0.5,0.6,0.5,-15.3,-4.5,9.6,-2.0,20.0,17.6,14.0,0.5,0.5,0.5,0.67,2.72,4.07,2.54,19.0,1.52,16.0,0.5,0.5,0.5,4.7,16.3,30.9,21.8,18.0,19.4,16.0,0.6,0.5,0.5,-31.6,77.8,203.0,74.0,20.0,110.9,14.0,0.5,0.5,0.5,-120.6,41.5,179.2,30.5,20.0,132.9,14.0,0.5,0.5,0.5,-20.1,41.6,117.3,43.6,18.0,67.9,16.0,0.6,0.5,0.5,-69.6,22.8,110.6,19.2,18.0,81.7,16.0,0.6,0.5,0.5,-2.2,6.9,19.9,9.1,18.0,17.2,16.0,0.6,0.5,0.5,-23.7,2.2,13.7,-4.4,18.0,21.7,16.0,0.6,0.5,0.5,132.5,873.0,1861.0,1185.5,20.0,1356.5,14.0,0.5,0.5,0.5,135.0,875.0,1860.0,1185.0,20.0,1355.0,14.0,0.5,0.5,0.5
1974,2,317.0,34.0,17.04,18.0,18.97,18.15,14.0,1.24,16.0,0.7,0.6,0.4,16.19,17.75,20.37,17.88,16.0,2.05,16.0,0.6,0.5,0.4,7.7,10.55,11.51,9.95,11.0,2.35,16.0,0.6,0.5,0.5,65.2,82.4,91.0,79.4,11.0,12.7,16.0,0.6,0.5,3.23,8.5,11.42,8.01,16.0,3.73,16.0,0.6,0.5,0.4,-6.99,1.77,10.08,1.63,16.0,7.3,16.0,0.6,0.5,0.4,-2.5,0.67,6.38,0.87,16.0,5.04,16.0,0.6,0.5,0.4,1015.38,1020.45,1028.58,1020.47,16.0,7.46,16.0,0.6,0.5,0.4,3.0,6.5,8.0,5.4,16.0,2.6,16.0,0.6,0.5,0.4,-64.0,10.3,112.2,20.8,16.0,79.5,16.0,0.6,0.5,0.4,-14.0,5.1,51.3,9.6,16.0,53.9,16.0,0.6,0.5,0.4,-1.75,-0.2,1.0,0.0,14.0,1.52,16.0,0.7,0.6,0.4,-9.8,-1.5,9.3,-1.9,14.0,12.8,16.0,0.7,0.6,0.4,1.19,2.74,4.76,3.03,10.0,1.92,18.0,0.7,0.5,0.5,7.2,16.8,35.4,22.1,10.0,15.7,18.0,0.7,0.5,0.5,-115.5,27.9,200.4,37.5,16.0,134.1,16.0,0.6,0.5,0.4,-45.8,11.5,109.9,18.5,16.0,90.0,16.0,0.6,0.5,0.4,-60.8,9.5,60.1,5.0,11.0,64.8,16.0,0.6,0.5,0.5,-30.5,17.0,75.7,17.6,11.0,54.7,16.0,0.6,0.5,0.5,-17.5,4.4,12.6,0.4,10.0,18.0,18.0,0.7,0.5,0.5,-16.1,4.5,12.0,-2.2,10.0,21.4,18.0,0.7,0.5,0.5,34.5,630.5,1497.0,818.0,16.0,815.0,16.0,0.6,0.5,0.4,35.0,630.0,1495.0,820.0,16.0,815.0,16.0,0.6,0.5,0.4
1974,2,317.0,35.0,17.0,17.2,18.5,17.77,23.0,1.18,16.0,0.5,0.6,0.4,15.05,18.0,19.61,17.5,23.0,2.26,16.0,0.5,0.6,0.4,7.02,9.56,11.96,9.22,18.0,2.59,16.0,0.4,0.6,0.4,62.3,77.3,86.3,74.9,18.0,13.8,16.0,0.4,0.4,5.1,7.85,14.57,9.08,22.0,4.3,14.0,0.6,0.6,0.4,-4.18,1.72,7.56,2.65,22.0,6.44,14.0,0.6,0.6,0.4,-5.4,3.76,8.92,1.85,22.0,7.24,14.0,0.6,0.6,0.4,1014.46,1020.6,1026.31,1020.25,24.0,6.34,16.0,0.5,0.6,0.4,1.7,5.5,8.0,5.0,24.0,2.7,16.0,0.5,0.6,0.4,-23.0,8.8,76.8,39.1,22.0,93.6,14.0,0.6,0.6,0.4,-35.5,20.9,121.8,25.6,22.0,91.3,14.0,0.6,0.6,0.4,-2.1,-0.3,3.3,0.26,23.0,2.4,16.0,0.5,0.6,0.4,-24.2,-4.4,23.4,-2.6,21.0,23.2,16.0,0.6,0.6,0.4,0.38,2.7,5.63,3.29,18.0,2.93,16.0,0.4,0.6,0.4,5.3,18.8,36.1,22.3,16.0,20.9,16.0,0.5,0.7,0.4,-65.2,15.1,160.4,48.0,21.0,125.4,16.0,0.6,0.6,0.4,-85.1,55.8,144.6,28.6,21.0,131.1,16.0,0.6,0.6,0.4,-29.5,10.5,94.3,33.5,16.0,78.6,16.0,0.5,0.7,0.4,-39.0,43.8,104.9,37.8,16.0,64.7,16.0,0.5,0.7,0.4,-9.1,1.1,18.0,3.9,16.0,19.5,16.0,0.5,0.7,0.4,-24.6,1.2,15.0,-3.7,16.0,23.7,16.0,0.5,0.7,0.4,132.5,484.5,3151.5,1289.0,22.0,1763.0,14.0,0.6,0.6,0.4,135.0,485.0,3150.0,1290.0,22.0,1765.0,14.0,0.6,0.6,0.4
1974,2,317.0,36.0,16.37,17.0,18.34,17.28,19.0,1.22,18.0,0.5,0.6,0.4,15.44,16.5,18.2,16.62,19.0,1.64,18.0,0.5,0.6,0.4,6.75,8.55,10.71,8.69,16.0,2.24,16.0,0.4,0.6,0.5,61.5,73.8,89.7,74.8,16.0,14.4,16.0,0.4,0.5,5.1,11.3,15.4,10.14,18.0,4.6,18.0,0.5,0.6,0.5,0.0,4.5,15.17,5.94,18.0,6.78,18.0,0.5,0.6,0.5,-2.67,1.19,9.57,2.35,18.0,6.4,18.0,0.5,0.6,0.5,1016.43,1021.0,1026.94,1020.99,19.0,5.9,18.0,0.5,0.6,0.4,1.7,4.5,8.0,4.9,18.0,3.0,18.0,0.4,0.6,0.4,0.0,39.8,233.6,77.7,18.0,101.3,18.0,0.5,0.6,0.5,-41.2,4.8,109.7,22.4,18.0,74.9,18.0,0.5,0.6,0.5,-1.03,0.2,3.07,0.67,19.0,1.8,18.0,0.5,0.6,0.4,-11.5,1.0,28.6,7.6,18.0,20.5,18.0,0.5,0.6,0.5,1.51,3.18,5.3,3.29,16.0,2.2,16.0,0.4,0.6,0.5,7.0,35.8,55.8,32.9,15.0,23.2,18.0,0.5,0.6,0.5,0.0,71.6,223.3,97.8,18.0,114.2,18.0,0.5,0.6,0.5,-43.0,17.5,159.0,41.1,18.0,105.2,18.0,0.5,0.6,0.5,0.0,28.2,130.1,50.9,15.0,72.4,18.0,0.5,0.6,0.5,-22.9,33.6,94.7,29.3,15.0,59.9,18.0,0.5,0.6,0.5,0.0,7.7,47.8,17.5,15.0,24.8,18.0,0.5,0.6,0.5,-10.0,0.0,31.8,6.7,15.0,26.7,18.0,0.5,0.6,0.5,132.5,1451.5,3652.5,1593.0,18.0,1341.5,18.0,0.5,0.6,0.5,135.0,1450.0,3650.0,1595.0,18.0,1340.0,18.0,0.5,0.6,0.5
1974,2,317.0,37.0,16.27,17.0,17.89,17.13,17.0,0.86,14.0,0.4,0.5,0.5,13.11,16.9,18.2,15.84,20.0,2.53,14.0,0.5,0.5,0.4,5.58,9.41,11.13,8.59,15.0,2.55,16.0,0.5,0.6,0.4,63.8,76.9,89.9,76.4,15.0,12.5,16.0,0.5,0.4,6.0,9.8,13.9,9.95,20.0,3.82,14.0,0.5,0.5,0.4,-1.57,1.42,8.65,2.85,20.0,5.36,14.0,0.5,0.5,0.4,-5.02,5.68,10.13,3.71,20.0,8.18,14.0,0.5,0.5,0.4,1012.11,1018.55,1023.76,1018.04,20.0,5.92,14.0,0.5,0.5,0.4,3.0,7.0,8.0,5.8,19.0,2.4,14.0,0.4,0.6,0.4,-11.6,7.8,97.8,39.4,20.0,65.1,14.0,0.5,0.5,0.4,-38.2,33.3,106.1,41.8,20.0,113.4,14.0,0.5,0.5,0.4,-1.79,1.2,3.23,1.07,17.0,2.89,14.0,0.4,0.5,0.5,-21.4,7.2,30.7,5.6,17.0,27.2,14.0,0.4,0.5,0.5,0.45,2.73,6.81,3.3,14.0,2.67,16.0,0.5,0.5,0.5,4.2,23.5,43.7,26.7,14.0,24.0,16.0,0.5,0.5,0.5,-25.9,23.3,130.1,47.8,20.0,86.8,14.0,0.5,0.5,0.4,-65.7,98.6,172.3,72.6,20.0,129.7,14.0,0.5,0.5,0.4,-6.5,41.1,70.3,32.7,15.0,44.8,16.0,0.5,0.6,0.4,-45.0,42.5,93.9,36.8,15.0,82.9,16.0,0.5,0.6,0.4,-6.8,4.1,35.3,9.4,14.0,18.4,16.0,0.5,0.5,0.5,-35.0,3.1,27.2,-2.8,14.0,30.0,16.0,0.5,0.5,0.5,216.5,948.5,2685.5,1423.5,20.0,1580.0,14.0,0.5,0.5,0.4,215.0,950.0,2685.0,1425.0,20.0,1580.0,14.0,0.5,0.5,0.4
1974,2,317.0,38.0,16.01,17.3,18.87,17.36,14.0,1.67,16.0,0.6,0.6,0.3,13.0,15.5,18.0,15.51,21.0,2.45,14.0,0.5,0.5,0.3,5.88,9.83,11.41,9.31,14.0,2.46,16.0,0.6,0.6,0.3,67.4,82.5,91.0,80.1,14.0,11.9,16.0,0.6,0.3,5.42,10.3,14.14,9.91,21.0,4.78,14.0,0.5,0.5,0.3,0.05,4.65,9.59,4.43,21.0,5.92,14.0,0.5,0.5,0.3,-6.96,1.48,10.65,2.07,21.0,8.12,14.0,0.5,0.5,0.3,1011.92,1016.95,1027.51,1018.42,20.0,6.98,14.0,0.6,0.5,0.3,4.0,6.0,8.0,6.1,18.0,1.9,14.0,0.6,0.5,0.3,0.1,43.2,97.2,53.6,21.0,87.0,14.0,0.5,0.5,0.3,-76.3,2.2,128.2,30.5,21.0,108.9,14.0,0.5,0.5,0.3,-0.94,1.5,4.87,1.83,14.0,2.77,16.0,0.6,0.6,0.3,-9.7,9.4,57.6,18.5,14.0,31.7,16.0,0.6,0.6,0.3,0.89,3.29,5.49,3.15,12.0,2.22,16.0,0.7,0.6,0.3,8.6,34.2,64.7,37.5,12.0,27.6,16.0,0.7,0.6,0.3,0.9,60.0,146.5,64.7,21.0,83.4,14.0,0.5,0.5,0.3,-97.3,28.1,188.2,44.7,21.0,135.0,14.0,0.5,0.5,0.3,-16.1,34.9,72.5,31.9,14.0,43.7,16.0,0.6,0.6,0.3,-29.1,62.5,125.6,56.9,14.0,81.9,16.0,0.6,0.6,0.3,-7.6,3.1,47.0,13.5,12.0,35.8,16.0,0.7,0.6,0.3,-24.1,6.8,32.1,6.6,12.0,27.7,16.0,0.7,0.6,0.3,220.5,1092.5,2840.0,1583.0,21.0,1684.5,14.0,0.5,0.5,0.3,220.0,1095.0,2840.0,1585.0,21.0,1685.0,14.0,0.5,0.5,0.3
1974,2,317.0,39.0,15.0,15.6,17.0,15.87,6.0,0.95,12.0,0.5,0.6,0.5,13.91,14.75,19.39,15.97,6.0,2.96,12.0,0.5,0.6,0.5,6.08,6.67,7.27,6.67,2.0,1.23,6.0,0.5,0.4,0.5,65.0,68.8,72.6,68.8,2.0,7.8,6.0,0.5,0.5,10.62,14.0,18.13,14.22,5.0,4.7,12.0,0.6,0.7,0.6,1.67,11.56,14.32,8.77,5.0,7.13,12.0,0.6,0.7,0.6,0.34,7.24,14.51,7.08,5.0,8.09,12.0,0.6,0.7,0.6,1009.63,1015.75,1021.81,1015.85,6.0,6.79,12.0,0.5,0.6,0.5,2.9,5.0,6.7,4.8,5.0,2.6,10.0,0.6,0.7,0.5,12.9,142.2,268.8,141.3,5.0,131.5,12.0,0.6,0.7,0.6,13.0,55.7,237.4,111.9,5.0,141.3,12.0,0.6,0.7,0.6,-3.29,0.75,2.32,-0.1,6.0,2.85,12.0,0.5,0.6,0.5,-62.8,0.0,31.5,-13.4,5.0,51.5,12.0,0.6,0.7,0.6,3.83,4.23,4.62,4.23,2.0,0.82,6.0,0.5,0.4,0.5,59.1,59.1,59.1,59.1,1.0,0.0,10.0,1.0,0.7,0.5,25.1,147.9,280.4,154.4,5.0,140.6,12.0,0.6,0.7,0.6,18.0,108.5,234.2,121.7,5.0,133.3,12.0,0.6,0.7,0.6,67.1,67.1,67.1,67.1,1.0,0.0,10.0,1.0,0.7,0.5,-24.4,-24.4,-24.4,-24.4,1.0,0.0,10.0,1.0,0.7,0.5,55.5,55.5,55.5,55.5,1.0,0.0,10.0,1.0,0.7,0.5,-20.2,-20.2,-20.2,-20.2,1.0,0.0,10.0,1.0,0.7,0.5,1348.0,2744.0,6084.5,3619.0,5.0,2991.5,12.0,0.6,0.7,0.6,1350.0,2745.0,6085.0,3620.0,5.0,2990.0,12.0,0.6,0.7,0.6
1974,2,317.0,40.0,14.79,16.0,16.87,15.96,11.0,1.2,12.0,0.8,0.5,0.4,9.67,12.0,17.28,12.45,11.0,3.83,12.0,0.8,0.5,0.4,4.9,5.83,10.66,7.21,9.0,2.76,12.0,0.8,0.5,0.4,63.5,78.2,85.1,74.9,9.0,10.2,12.0,0.8,0.4,5.1,12.3,15.59,11.8,11.0,5.63,12.0,0.8,0.5,0.4,3.88,8.93,14.99,9.55,11.0,6.47,12.0,0.8,0.5,0.4,-3.8,1.79,9.42,1.99,11.0,6.2,12.0,0.8,0.5,0.4,1005.39,1015.35,1025.29,1015.5,10.0,9.28,12.0,0.8,0.5,0.4,2.6,5.0,7.4,4.7,11.0,2.7,12.0,0.8,0.5,0.4,18.6,104.5,238.4,144.1,11.0,150.5,12.0,0.8,0.5,0.4,-60.3,12.3,115.9,18.9,11.0,79.4,12.0,0.8,0.5,0.4,-0.3,4.0,6.33,3.51,11.0,3.21,12.0,0.8,0.5,0.4,-3.7,34.7,81.7,39.4,11.0,46.1,12.0,0.8,0.5,0.4,1.51,4.88,6.0,4.05,9.0,2.1,12.0,0.8,0.5,0.4,19.2,50.3,104.8,57.4,9.0,42.7,12.0,0.8,0.5,0.4,38.6,106.5,159.7,116.2,11.0,81.8,12.0,0.8,0.5,0.4,-31.7,18.8,173.4,43.7,11.0,91.6,12.0,0.8,0.5,0.4,46.6,80.8,92.4,71.9,9.0,37.3,12.0,0.8,0.5,0.4,-21.0,9.7,103.4,31.3,9.0,58.3,12.0,0.8,0.5,0.4,10.6,49.5,102.2,50.4,9.0,46.2,12.0,0.8,0.5,0.4,-27.2,8.7,15.5,-2.5,9.0,22.8,12.0,0.8,0.5,0.4,132.5,1861.0,3985.0,2704.5,11.0,3359.0,12.0,0.8,0.5,0.4,135.0,1860.0,3985.0,2705.0,11.0,3360.0,12.0,0.8,0.5,0.4
1974,2,317.0,41.0,13.6,14.4,17.13,14.97,12.0,1.95,16.0,0.7,0.5,0.5,9.84,12.8,15.48,12.53,15.0,2.95,16.0,0.7,0.5,0.4,4.44,6.97,9.48,7.02,9.0,2.41,18.0,0.6,0.5,0.5,59.2,75.0,90.6,76.0,9.0,15.2,18.0,0.6,0.5,7.7,12.9,16.42,11.8,15.0,4.59,16.0,0.7,0.5,0.4,0.0,4.35,11.42,4.6,15.0,5.29,16.0,0.7,0.5,0.4,-6.23,7.7,11.52,5.5,15.0,9.34,16.0,0.7,0.5,0.4,1002.78,1017.5,1023.41,1013.53,15.0,9.62,16.0,0.7,0.5,0.4,5.1,6.0,8.0,5.9,14.0,2.3,18.0,0.7,0.5,0.4,0.0,37.8,162.4,67.3,15.0,81.2,16.0,0.7,0.5,0.4,-79.1,65.5,176.5,76.3,15.0,147.0,16.0,0.7,0.5,0.4,-0.01,3.6,5.23,2.67,12.0,3.25,16.0,0.7,0.5,0.5,-1.8,34.4,59.1,33.9,12.0,41.0,16.0,0.7,0.5,0.5,0.59,5.09,5.68,3.46,8.0,2.83,16.0,0.6,0.5,0.6,8.2,39.1,63.4,36.1,8.0,29.3,16.0,0.6,0.5,0.6,0.0,63.2,128.8,55.4,15.0,65.3,16.0,0.7,0.5,0.4,-66.5,100.8,192.1,86.0,15.0,118.2,16.0,0.7,0.5,0.4,0.0,3.9,40.1,16.8,9.0,32.5,18.0,0.6,0.5,0.5,-7.3,50.2,113.0,48.3,9.0,62.5,18.0,0.6,0.5,0.5,-0.8,0.0,29.9,12.0,8.0,24.7,16.0,0.6,0.5,0.6,-10.0,33.3,43.5,16.2,8.0,35.7,16.0,0.6,0.5,0.6,456.5,2146.5,4485.5,2339.5,15.0,2261.0,16.0,0.7,0.5,0.4,455.0,2145.0,4485.0,2340.0,15.0,2260.0,16.0,0.7,0.5,0.4
1974,2,317.0,42.0,13.8,15.1,16.0,14.79,10.0,1.66,14.0,0.4,0.6,0.4,7.71,9.7,13.57,9.93,13.0,4.96,16.0,0.5,0.6,0.5,5.05,6.66,9.12,7.02,8.0,1.86,14.0,0.5,0.6,0.5,74.1,85.6,89.8,83.3,8.0,10.1,14.0,0.5,0.5,4.54,12.3,18.14,11.88,13.0,6.23,16.0,0.5,0.6,0.5,-3.18,7.91,15.64,6.49,13.0,9.11,16.0,0.5,0.6,0.5,-5.4,0.0,12.15,1.97,13.0,7.67,16.0,0.5,0.6,0.5,1001.67,1016.05,1028.98,1015.23,12.0,14.04,14.0,0.5,0.6,0.5,4.2,7.5,8.0,6.4,12.0,2.5,16.0,0.5,0.6,0.5,-19.9,94.0,292.5,114.1,13.0,162.8,16.0,0.5,0.6,0.5,-39.8,0.0,157.7,35.8,13.0,115.8,16.0,0.5,0.6,0.5,-0.86,3.8,7.57,3.75,10.0,4.42,14.0,0.4,0.6,0.4,-14.2,41.5,80.7,39.5,10.0,52.9,14.0,0.4,0.6,0.4,1.16,3.34,5.03,3.27,8.0,2.34,14.0,0.5,0.6,0.5,15.2,40.2,68.1,41.8,8.0,28.1,14.0,0.5,0.6,0.5,-28.0,39.5,212.2,78.5,13.0,110.3,16.0,0.5,0.6,0.5,-47.2,2.2,165.6,39.6,13.0,92.9,16.0,0.5,0.6,0.5,-11.7,47.8,129.2,55.3,8.0,62.1,14.0,0.5,0.6,0.5,-34.1,16.2,81.2,21.1,8.0,60.8,14.0,0.5,0.6,0.5,-2.1,34.6,54.7,28.2,8.0,30.7,14.0,0.5,0.6,0.5,-26.9,-5.1,14.9,-9.3,8.0,28.8,14.0,0.5,0.6,0.5,94.0,1861.0,5983.5,2923.5,13.0,3079.5,16.0,0.5,0.6,0.5,95.0,1860.0,5985.0,2925.0,13.0,3080.0,16.0,0.5,0.6,0.5
1974,2,317.0,43.0,14.44,15.0,15.0,14.9,8.0,0.58,20.0,0.8,0.4,0.4,8.08,13.0,15.75,12.11,9.0,3.85,20.0,0.7,0.4,0.5,5.11,9.19,10.28,8.1,6.0,2.7,22.0,0.7,0.3,0.4,78.6,82.4,95.1,85.2,6.0,10.1,22.0,0.7,0.4,10.3,10.3,20.66,14.8,9.0,6.74,20.0,0.7,0.4,0.5,0.72,8.92,15.16,7.96,9.0,8.99,20.0,0.7,0.4,0.5,-3.76,7.51,16.73,6.73,9.0,9.42,20.0,0.7,0.4,0.5,1008.27,1015.9,1022.22,1015.03,9.0,7.39,20.0,0.7,0.4,0.5,7.3,8.0,8.0,7.7,9.0,0.7,20.0,0.7,0.4,0.5,11.1,91.9,303.7,157.1,9.0,216.8,20.0,0.7,0.4,0.5,-38.7,73.6,348.7,139.2,9.0,207.1,20.0,0.7,0.4,0.5,-0.89,1.25,6.9,2.78,8.0,4.09,20.0,0.8,0.4,0.4,-20.1,31.4,91.2,35.1,8.0,52.3,20.0,0.8,0.4,0.4,0.27,1.44,5.04,2.38,6.0,2.62,22.0,0.7,0.3,0.4,2.8,16.4,51.9,25.1,6.0,26.5,22.0,0.7,0.3,0.4,11.2,75.6,205.5,98.2,9.0,110.4,20.0,0.7,0.4,0.5,-21.8,90.1,239.6,108.0,9.0,125.3,20.0,0.7,0.4,0.5,-8.8,30.6,110.0,45.1,6.0,70.3,22.0,0.7,0.3,0.4,-24.0,64.7,149.7,66.0,6.0,88.0,22.0,0.7,0.3,0.4,-7.7,0.8,14.3,4.1,6.0,30.1,22.0,0.7,0.3,0.4,-31.5,0.6,12.4,-5.0,6.0,22.5,22.0,0.7,0.3,0.4,1092.5,1092.5,9416.0,5338.5,9.0,7743.5,20.0,0.7,0.4,0.5,1095.0,1095.0,9415.0,5340.0,9.0,7745.0,20.0,0.7,0.4,0.5
1974,2,317.0,44.0,6.0,12.2,15.44,11.03,9.0,4.48,20.0,0.4,0.6,0.5,5.85,10.5,13.71,9.39,9.0,4.42,20.0,0.4,0.6,0.5,3.87,4.97,8.71,5.8,7.0,2.23,22.0,0.6,0.8,0.5,63.2,69.2,78.6,72.4,7.0,9.5,22.0,0.6,0.5,7.32,15.4,18.1,12.6,9.0,6.55,20.0,0.4,0.6,0.5,-3.17,3.21,11.77,3.76,9.0,7.32,20.0,0.4,0.6,0.5,-5.66,0.0,15.92,4.59,9.0,11.33,20.0,0.4,0.6,0.5,1010.21,1018.7,1023.18,1017.47,9.0,6.59,20.0,0.4,0.6,0.5,3.8,7.0,8.0,6.2,9.0,2.2,20.0,0.4,0.6,0.5,-36.1,59.4,183.0,59.7,9.0,121.4,20.0,0.4,0.6,0.5,-70.2,0.0,310.7,101.9,9.0,184.3,20.0,0.4,0.6,0.5,-2.07,1.7,4.68,1.64,9.0,4.53,20.0,0.4,0.6,0.5,-32.0,18.4,73.2,22.3,9.0,72.3,20.0,0.4,0.6,0.5,0.52,1.9,6.23,2.67,7.0,3.12,22.0,0.6,0.8,0.5,-1.5,19.0,95.9,33.3,7.0,52.0,22.0,0.6,0.8,0.5,-27.6,17.1,77.8,32.9,9.0,77.4,20.0,0.4,0.6,0.5,-36.6,0.0,216.9,77.8,9.0,137.8,20.0,0.4,0.6,0.5,-13.4,27.9,59.3,30.6,7.0,48.4,22.0,0.6,0.8,0.5,-27.8,0.0,146.2,41.1,7.0,84.9,22.0,0.6,0.8,0.5,-16.7,0.0,27.3,13.0,7.0,42.5,22.0,0.6,0.8,0.5,-28.4,-3.6,22.3,2.6,7.0,44.6,22.0,0.6,0.8,0.5,416.0,3652.5,5949.0,3286.5,9.0,3006.5,20.0,0.4,0.6,0.5,415.0,3650.0,5950.0,3285.0,9.0,3005.0,20.0,0.4,0.6,0.5
1974,2,317.0,45.0,5.33,9.5,11.48,9.26,8.0,3.35,16.0,0.9,0.7,0.4,3.83,7.0,10.87,7.07,9.0,3.93,16.0,0.9,0.7,0.4,4.01,5.33,7.32,5.68,9.0,1.66,16.0,0.9,0.7,0.4,84.9,86.8,96.2,88.2,9.0,9.0,16.0,0.9,0.4,5.53,10.3,13.5,9.61,9.0,4.06,16.0,0.9,0.7,0.4,-2.48,0.0,12.52,2.97,9.0,7.54,16.0,0.9,0.7,0.4,0.0,6.3,9.92,5.14,9.0,4.89,16.0,0.9,0.7,0.4,996.94,1010.6,1021.31,1010.47,9.0,11.62,16.0,0.9,0.7,0.4,7.3,8.0,8.0,7.6,9.0,1.0,16.0,0.9,0.7,0.4,-17.6,0.0,169.7,43.0,9.0,100.5,16.0,0.9,0.7,0.4,0.0,42.2,114.8,55.6,9.0,55.6,16.0,0.9,0.7,0.4,-2.18,0.45,6.6,1.38,8.0,4.78,16.0,0.9,0.7,0.4,-20.0,2.2,92.6,23.6,8.0,58.0,16.0,0.9,0.7,0.4,-0.61,1.18,3.92,1.5,8.0,2.56,16.0,0.9,0.7,0.4,-4.2,4.7,59.8,19.7,8.0,33.4,16.0,0.9,0.7,0.4,-22.4,0.0,43.7,5.4,9.0,35.9,16.0,0.9,0.7,0.4,0.0,38.5,91.6,42.0,9.0,48.0,16.0,0.9,0.7,0.4,-15.8,0.0,47.9,10.1,9.0,33.0,16.0,0.9,0.7,0.4,0.0,29.3,68.1,31.3,9.0,33.2,16.0,0.9,0.7,0.4,-2.3,0.9,45.0,9.1,8.0,28.6,16.0,0.9,0.7,0.4,-4.1,-1.0,27.6,7.6,8.0,24.1,16.0,0.9,0.7,0.4,178.0,1092.5,2475.5,1299.5,9.0,1231.0,16.0,0.9,0.7,0.4,180.0,1095.0,2475.0,1300.0,9.0,1230.0,16.0,0.9,0.7,0.4
1974,2,317.0,46.0,3.9,5.0,9.12,5.87,7.0,3.3,20.0,0.3,0.7,0.6,2.1,3.1,4.78,4.07,7.0,2.92,20.0,0.3,0.7,0.6,2.88,3.82,4.61,4.09,7.0,1.68,20.0,0.3,0.7,0.6,63.2,81.8,86.5,76.9,7.0,12.9,20.0,0.3,0.6,9.98,10.3,13.02,10.44,7.0,3.59,20.0,0.3,0.7,0.6,3.35,9.68,12.79,7.75,7.0,5.4,20.0,0.3,0.7,0.6,-0.17,2.24,9.71,3.42,7.0,5.21,20.0,0.3,0.7,0.6,991.69,1003.0,1017.14,1006.89,7.0,14.9,20.0,0.3,0.7,0.6,3.8,8.0,8.0,5.7,7.0,3.1,20.0,0.3,0.7,0.6,12.3,99.7,166.7,91.7,7.0,82.0,20.0,0.3,0.7,0.6,-1.7,28.9,100.0,39.9,7.0,55.9,20.0,0.3,0.7,0.6,0.84,2.0,6.91,1.8,7.0,5.15,20.0,0.3,0.7,0.6,2.7,16.8,74.7,22.1,7.0,60.3,20.0,0.3,0.7,0.6,0.98,2.05,4.2,1.81,7.0,2.52,20.0,0.3,0.7,0.6,5.5,16.8,44.3,20.4,7.0,31.3,20.0,0.3,0.7,0.6,6.9,30.4,37.1,26.6,7.0,16.7,20.0,0.3,0.7,0.6,-0.5,6.3,40.1,20.6,7.0,38.3,20.0,0.3,0.7,0.6,9.9,28.9,46.0,28.5,7.0,18.1,20.0,0.3,0.7,0.6,-0.5,8.6,44.7,18.4,7.0,29.6,20.0,0.3,0.7,0.6,-0.5,16.5,44.1,20.8,7.0,26.1,20.0,0.3,0.7,0.6,-10.0,0.0,12.7,-0.1,7.0,16.8,20.0,0.3,0.7,0.6,1042.5,1092.5,2218.5,1459.5,7.0,1141.0,20.0,0.3,0.7,0.6,1045.0,1095.0,2220.0,1460.0,7.0,1140.0,20.0,0.3,0.7,0.6
1974,2,317.0,47.0,4.59,9.5,10.0,7.79,8.0,3.74,16.0,0.5,0.7,0.2,0.11,5.15,8.17,4.23,8.0,3.51,16.0,0.5,0.7,0.2,2.48,3.74,5.13,3.8,4.0,1.56,22.0,0.5,0.8,0.2,57.2,77.1,81.0,69.5,4.0,18.9,22.0,0.5,0.2,7.04,11.05,14.34,10.94,8.0,4.79,16.0,0.5,0.7,0.2,4.77,5.88,13.74,7.56,8.0,5.46,16.0,0.5,0.7,0.2,-1.89,6.9,8.94,5.01,8.0,5.98,16.0,0.5,0.7,0.2,991.22,1002.3,1022.88,1005.36,8.0,14.02,16.0,0.5,0.7,0.2,8.0,8.0,8.0,7.9,7.0,0.4,16.0,0.6,0.7,0.2,35.9,67.1,194.9,102.5,8.0,95.2,16.0,0.5,0.7,0.2,-1.7,75.4,153.3,72.3,8.0,73.6,16.0,0.5,0.7,0.2,-0.8,2.85,9.39,3.56,8.0,4.51,16.0,0.5,0.7,0.2,-12.9,16.3,65.1,33.4,8.0,53.4,16.0,0.5,0.7,0.2,1.26,3.44,4.9,3.1,4.0,2.19,22.0,0.5,0.8,0.2,8.7,21.5,30.8,19.9,4.0,13.1,22.0,0.5,0.8,0.2,0.0,26.0,41.5,23.0,8.0,22.9,16.0,0.5,0.7,0.2,0.0,20.1,69.0,31.8,8.0,42.3,16.0,0.5,0.7,0.2,5.8,20.3,28.8,17.4,4.0,14.7,22.0,0.5,0.8,0.2,-8.8,15.8,55.4,23.0,4.0,39.3,22.0,0.5,0.8,0.2,-0.9,6.6,17.6,8.3,4.0,12.3,22.0,0.5,0.8,0.2,-16.6,-4.4,16.4,-0.3,4.0,21.4,22.0,0.5,0.8,0.2,372.0,1368.0,2952.5,1937.5,8.0,1889.0,16.0,0.5,0.7,0.2,370.0,1370.0,2955.0,1935.0,8.0,1890.0,16.0,0.5,0.7,0.2
1974,2,317.0,48.0,1.96,10.5,12.22,8.22,6.0,5.05,10.0,0.7,0.7,0.1,1.03,3.15,4.56,3.05,6.0,2.31,10.0,0.7,0.7,0.1,2.81,3.4,4.22,3.45,5.0,1.0,12.0,0.6,0.7,0.2,59.8,77.2,82.0,71.5,5.0,13.6,12.0,0.6,0.2,13.17,17.5,22.7,16.78,6.0,6.72,10.0,0.7,0.7,0.1,11.16,16.17,21.82,14.87,6.0,8.67,10.0,0.7,0.7,0.1,1.53,4.79,8.13,4.25,6.0,4.59,10.0,0.7,0.7,0.1,998.59,1000.3,1017.97,1006.73,6.0,12.55,10.0,0.7,0.7,0.1,5.8,7.5,8.0,7.0,6.0,1.3,10.0,0.7,0.7,0.1,175.3,282.6,501.8,297.5,6.0,191.2,10.0,0.7,0.7,0.1,-2.5,65.6,166.2,67.8,6.0,99.3,10.0,0.7,0.7,0.1,0.19,5.25,9.44,5.17,6.0,4.97,10.0,0.7,0.7,0.1,3.0,51.2,216.9,95.3,6.0,118.4,10.0,0.7,0.7,0.1,2.82,4.06,5.54,4.12,5.0,2.17,12.0,0.6,0.7,0.2,17.8,60.0,126.6,72.4,5.0,61.2,12.0,0.6,0.7,0.2,-2.2,34.3,60.7,31.3,6.0,32.8,10.0,0.7,0.7,0.1,3.0,23.6,27.4,17.8,6.0,12.6,10.0,0.7,0.7,0.1,24.7,47.9,67.9,45.5,5.0,34.0,12.0,0.6,0.7,0.2,3.6,17.4,24.2,14.3,5.0,14.5,12.0,0.6,0.7,0.2,7.8,56.4,121.6,64.8,5.0,65.7,12.0,0.6,0.7,0.2,-8.3,17.5,26.5,10.0,5.0,24.3,12.0,0.6,0.7,0.2,2918.0,5372.5,11705.0,6394.0,6.0,4720.0,10.0,0.7,0.7,0.1,2920.0,5375.0,11705.0,6395.0,6.0,4720.0,10.0,0.7,0.7,0.1
1974,2,317.0,49.0,4.89,8.75,11.91,8.8,10.0,3.72,12.0,0.7,0.6,0.4,2.49,5.0,9.23,5.75,10.0,3.4,12.0,0.7,0.6,0.4,3.47,3.99,5.34,4.52,9.0,1.6,12.0,0.7,0.6,0.4,66.4,76.9,88.7,77.4,9.0,12.3,12.0,0.7,0.4,6.91,13.35,17.1,12.33,10.0,4.97,12.0,0.7,0.6,0.4,1.67,8.06,13.45,8.05,10.0,6.57,12.0,0.7,0.6,0.4,-3.87,3.31,11.36,3.08,10.0,8.24,12.0,0.7,0.6,0.4,994.94,1002.55,1015.86,1003.58,10.0,10.51,12.0,0.7,0.6,0.4,5.4,7.5,8.0,6.9,10.0,1.3,12.0,0.7,0.6,0.4,8.5,104.2,201.5,117.4,10.0,118.4,12.0,0.7,0.6,0.4,-27.8,19.6,159.4,45.3,10.0,129.0,12.0,0.7,0.6,0.4,-1.4,3.05,6.4,3.05,10.0,4.53,12.0,0.7,0.6,0.4,-10.0,39.3,86.9,34.3,10.0,56.1,12.0,0.7,0.6,0.4,1.23,3.69,4.88,2.93,9.0,2.36,12.0,0.7,0.6,0.4,10.1,45.4,64.1,36.0,9.0,37.5,12.0,0.7,0.6,0.4,3.1,28.5,99.9,43.0,10.0,46.7,12.0,0.7,0.6,0.4,-27.1,7.9,93.2,28.5,10.0,73.4,12.0,0.7,0.6,0.4,17.8,42.2,62.1,39.5,9.0,24.7,12.0,0.7,0.6,0.4,0.0,13.8,63.3,27.1,9.0,48.5,12.0,0.7,0.6,0.4,1.6,25.9,55.5,28.3,9.0,33.7,12.0,0.7,0.6,0.4,-22.1,3.4,27.5,7.0,9.0,27.9,12.0,0.7,0.6,0.4,332.0,2423.5,5056.0,2682.0,10.0,2401.0,12.0,0.7,0.6,0.4,330.0,2425.0,5055.0,2680.0,10.0,2400.0,12.0,0.7,0.6,0.4
1974,2,317.0,50.0,1.17,3.7,6.23,3.7,2.0,5.23,16.0,0.5,0.7,0.4,4.38,6.05,7.72,6.05,2.0,3.46,16.0,0.5,0.7,0.4,3.94,4.66,5.38,4.66,2.0,1.49,16.0,0.5,0.7,0.4,74.4,77.5,80.5,77.5,2.0,6.4,16.0,0.5,0.4,10.95,12.35,13.75,12.35,2.0,2.9,16.0,0.5,0.7,0.4,5.8,7.2,8.6,7.2,2.0,2.9,16.0,0.5,0.7,0.4,-5.75,1.06,7.86,1.06,2.0,14.11,16.0,0.5,0.7,0.4,998.71,1000.25,1001.79,1000.25,2.0,3.18,16.0,0.5,0.7,0.4,4.6,6.0,7.4,6.0,2.0,2.8,16.0,0.5,0.7,0.4,65.8,93.2,120.6,93.2,2.0,56.7,16.0,0.5,0.7,0.4,-52.1,33.5,119.1,33.5,2.0,177.3,16.0,0.5,0.7,0.4,-6.55,-2.35,1.85,-2.35,2.0,8.7,16.0,0.5,0.7,0.4,-96.8,-41.6,13.5,-41.6,2.0,114.2,16.0,0.5,0.7,0.4,-1.13,0.48,2.09,0.48,2.0,3.33,16.0,0.5,0.7,0.4,-18.1,1.1,20.3,1.1,2.0,39.8,16.0,0.5,0.7,0.4,28.1,48.6,69.1,48.6,2.0,42.5,16.0,0.5,0.7,0.4,-12.1,30.8,73.8,30.8,2.0,89.0,16.0,0.5,0.7,0.4,24.0,35.7,47.4,35.7,2.0,24.3,16.0,0.5,0.7,0.4,-17.0,15.4,47.9,15.4,2.0,67.3,16.0,0.5,0.7,0.4,-12.3,-1.4,9.5,-1.4,2.0,22.6,16.0,0.5,0.7,0.4,-24.6,-23.0,-21.4,-23.0,2.0,3.3,16.0,0.5,0.7,0.4,1393.0,2039.5,2685.5,2039.5,2.0,1338.5,16.0,0.5,0.7,0.4,1395.0,2040.0,2685.0,2040.0,2.0,1340.0,16.0,0.5,0.7,0.4
1974,2,317.0,51.0,9.0,9.0,9.0,9.0,1.0,0.0,4.0,1.0,0.1,0.8,-0.68,0.0,3.41,1.33,3.0,3.21,10.0,0.7,0.3,0.6,2.11,2.11,2.11,2.11,1.0,0.0,4.0,1.0,0.1,0.8,58.6,58.6,58.6,58.6,1.0,0.0,4.0,1.0,0.8,9.46,15.4,17.86,13.7,3.0,6.32,10.0,0.7,0.3,0.6,1.95,15.4,16.12,9.18,3.0,11.69,10.0,0.7,0.3,0.6,-3.5,0.0,6.48,1.46,3.0,7.42,10.0,0.7,0.3,0.6,988.54,991.0,1000.08,994.23,3.0,8.9,10.0,0.7,0.3,0.6,5.5,6.5,7.5,6.5,2.0,2.1,12.0,0.5,0.4,0.4,55.6,237.2,288.7,173.6,3.0,179.4,10.0,0.7,0.3,0.6,-23.5,0.0,123.2,48.7,3.0,115.4,10.0,0.7,0.3,0.6,10.0,10.0,10.0,10.0,1.0,0.0,4.0,1.0,0.1,0.8,190.0,190.0,190.0,190.0,1.0,0.0,4.0,1.0,0.1,0.8,5.18,5.18,5.18,5.18,1.0,0.0,4.0,1.0,0.1,0.8,98.5,98.5,98.5,98.5,1.0,0.0,4.0,1.0,0.1,0.8,-19.9,-16.5,-5.2,-12.7,3.0,11.3,10.0,0.7,0.3,0.6,-20.5,-9.5,-3.0,-11.7,3.0,13.0,10.0,0.7,0.3,0.6,34.7,34.7,34.7,34.7,1.0,0.0,4.0,1.0,0.1,0.8,20.0,20.0,20.0,20.0,1.0,0.0,4.0,1.0,0.1,0.8,85.3,85.3,85.3,85.3,1.0,0.0,4.0,1.0,0.1,0.8,49.2,49.2,49.2,49.2,1.0,0.0,4.0,1.0,0.1,0.8,1364.5,3652.5,5841.0,3604.0,3.0,3279.5,10.0,0.7,0.3,0.6,1365.0,3650.0,5840.0,3605.0,3.0,3280.0,10.0,0.7,0.3,0.6
1974,2,317.0,52.0,4.76,6.6,7.56,6.17,3.0,2.08,8.0,0.3,0.6,0.4,-0.21,3.85,5.85,3.23,6.0,3.21,10.0,0.5,0.7,0.5,2.76,3.85,4.72,3.74,4.0,1.29,8.0,0.5,0.6,0.5,69.2,84.9,89.9,79.8,4.0,14.5,8.0,0.5,0.5,10.81,13.35,15.4,12.48,6.0,3.88,10.0,0.5,0.7,0.5,-0.99,12.21,13.92,8.09,6.0,8.35,10.0,0.5,0.7,0.5,-1.83,0.0,7.09,2.74,6.0,6.69,10.0,0.5,0.7,0.5,987.96,999.25,1004.3,997.33,6.0,11.33,10.0,0.5,0.7,0.5,7.6,8.0,8.0,7.7,6.0,0.8,10.0,0.5,0.7,0.5,-5.0,150.1,203.6,118.0,6.0,106.2,10.0,0.5,0.7,0.5,-12.5,0.0,105.2,45.5,6.0,99.6,10.0,0.5,0.7,0.5,2.53,3.9,7.38,4.93,3.0,3.66,8.0,0.3,0.6,0.4,31.2,48.0,103.7,67.0,3.0,55.6,8.0,0.3,0.6,0.4,1.66,1.79,3.76,2.69,3.0,1.72,8.0,0.3,0.6,0.4,20.5,22.0,52.9,36.4,3.0,26.8,8.0,0.3,0.6,0.4,-16.2,0.0,48.6,10.7,6.0,33.7,10.0,0.5,0.7,0.5,-5.9,0.0,22.9,16.1,6.0,46.6,10.0,0.5,0.7,0.5,0.7,35.3,47.2,24.5,4.0,34.2,8.0,0.5,0.6,0.5,-8.2,-3.7,5.5,-1.5,4.0,8.9,8.0,0.5,0.6,0.5,20.3,22.0,50.2,34.9,3.0,24.6,8.0,0.3,0.6,0.4,-2.3,0.0,15.7,6.5,3.0,14.4,8.0,0.3,0.6,0.4,1504.0,2423.5,3652.5,2357.5,6.0,1356.0,10.0,0.5,0.7,0.5,1505.0,2425.0,3650.0,2355.0,6.0,1355.0,10.0,0.5,0.7,0.5
1974,2,317.0,53.0,,,,,,,,,,,,,,,,,,,,,,,,,,,,,,,,,,,,,,,,8.2,9.3,10.71,9.45,4.0,1.97,14.0,0.3,0.3,0.6,-5.98,-1.76,7.36,0.58,4.0,8.48,14.0,0.3,0.3,0.6,-7.12,-6.94,-4.31,-5.77,4.0,2.47,14.0,0.3,0.3,0.6,987.35,998.9,1009.77,998.58,4.0,12.93,14.0,0.3,0.3,0.6,,,,,,,,,,,,,,,,,,,,,,,,,,,,,,,,,,,,,,,,,,,,,,,,,,,,,,,,,,,,,,,,,,,,,,,,,,,,,,,,,,,,,,,,,,,,,,,,,,,,,,,,,,,,,,,,,,,,,,,,,,,,,,,,,,,,,,,,,,,,,,,,,,,,,,
1974,2,317.0,54.0,,,,,,,,,,,,,,,,,,,,,,,,,,,,,,,,,,,,,,,,9.43,11.0,12.37,10.9,3.0,2.15,12.0,1.0,0.8,0.3,5.71,8.43,8.61,7.19,3.0,2.38,12.0,1.0,0.8,0.3,2.24,7.07,10.58,6.43,3.0,6.13,12.0,1.0,0.8,0.3,996.48,1010.0,1015.67,1006.17,3.0,14.44,12.0,1.0,0.8,0.3,,,,,,,,,,,,,,,,,,,,,,,,,,,,,,,,,,,,,,,,,,,,,,,,,,,,,,,,,,,,,,,,,,,,,,,,,,,,,,,,,,,,,,,,,,,,,,,,,,,,,,,,,,,,,,,,,,,,,,,,,,,,,,,,,,,,,,,,,,,,,,,,,,,,,,
1974,2,317.0,55.0,,,,,,,,,,,,,,,,,,,,,,,,,,,,,,,,,,,,,,,,5.38,13.0,20.07,13.03,6.0,8.28,18.0,0.5,0.7,0.5,-2.87,2.6,11.11,4.73,6.0,10.65,18.0,0.5,0.7,0.5,0.96,3.75,17.18,6.74,6.0,8.8,18.0,0.5,0.7,0.5,988.41,993.85,1006.87,996.03,6.0,9.57,18.0,0.5,0.7,0.5,,,,,,,,,,,,,,,,,,,,,,,,,,,,,,,,,,,,,,,,,,,,,,,,,,,,,,,,,,,,,,,,,,,,,,,,,,,,,,,,,,,,,,,,,,,,,,,,,,,,,,,,,,,,,,,,,,,,,,,,,,,,,,,,,,,,,,,,,,,,,,,,,,,,,,
1974,2,317.0,56.0,,,,,,,,,,,,,,,,,,,,,,,,,,,,,,,,,,,,,,,,8.0,8.0,8.0,8.0,1.0,0.0,24.0,0.0,0.9,0.3,2.74,2.74,2.74,2.74,1.0,0.0,24.0,0.0,0.9,0.3,7.52,7.52,7.52,7.52,1.0,0.0,24.0,0.0,0.9,0.3,997.4,997.4,997.4,997.4,1.0,0.0,24.0,0.0,0.9,0.3,,,,,,,,,,,,,,,,,,,,,,,,,,,,,,,,,,,,,,,,,,,,,,,,,,,,,,,,,,,,,,,,,,,,,,,,,,,,,,,,,,,,,,,,,,,,,,,,,,,,,,,,,,,,,,,,,,,,,,,,,,,,,,,,,,,,,,,,,,,,,,,,,,,,,,
1974,2,317.0,57.0,3.2,3.2,3.2,3.2,1.0,0.0,14.0,1.0,1.0,0.0,-0.17,1.6,3.37,1.6,2.0,3.68,8.0,1.0,0.5,0.4,2.3,2.3,2.3,2.3,1.0,0.0,4.0,1.0,0.1,0.8,63.8,63.8,63.8,63.8,1.0,0.0,4.0,1.0,0.8,11.43,14.5,17.57,14.5,2.0,6.36,8.0,1.0,0.5,0.4,5.49,9.94,14.39,9.94,2.0,9.22,8.0,1.0,0.5,0.4,-6.4,0.05,6.5,0.05,2.0,13.36,8.0,1.0,0.5,0.4,990.26,996.4,1002.54,996.4,2.0,12.73,8.0,1.0,0.5,0.4,6.0,6.0,6.0,6.0,1.0,0.0,14.0,1.0,1.0,0.0,78.4,173.4,268.4,173.4,2.0,196.9,8.0,1.0,0.5,0.4,-50.4,43.3,136.9,43.3,2.0,194.1,8.0,1.0,0.5,0.4,,,,,,,,,,,,,,,,,,,,,,,,,,,,,,,,,,,,,,,,,-11.6,-1.0,9.5,-1.0,2.0,21.8,8.0,1.0,0.5,0.4,-34.7,-24.5,-14.3,-24.5,2.0,21.2,8.0,1.0,0.5,0.4,37.8,37.8,37.8,37.8,1.0,0.0,4.0,1.0,0.1,0.8,21.8,21.8,21.8,21.8,1.0,0.0,4.0,1.0,0.1,0.8,,,,,,,,,,,,,,,,,,,,,,,,,,,,,,,,,,,,,,,,
1974,2,317.0,59.0,5.5,5.5,5.5,5.5,1.0,0.0,18.0,0.0,0.8,0.1,-1.0,-1.0,-1.0,-1.0,1.0,0.0,18.0,0.0,0.8,0.1,2.13,2.13,2.13,2.13,1.0,0.0,18.0,0.0,0.8,0.1,59.0,59.0,59.0,59.0,1.0,0.0,18.0,0.0,0.1,26.8,26.8,26.8,26.8,1.0,0.0,18.0,0.0,0.8,0.1,26.8,26.8,26.8,26.8,1.0,0.0,18.0,0.0,0.8,0.1,0.0,0.0,0.0,0.0,1.0,0.0,18.0,0.0,0.8,0.1,985.5,985.5,985.5,985.5,1.0,0.0,18.0,0.0,0.8,0.1,4.0,4.0,4.0,4.0,1.0,0.0,18.0,0.0,0.8,0.1,718.2,718.2,718.2,718.2,1.0,0.0,18.0,0.0,0.8,0.1,0.0,0.0,0.0,0.0,1.0,0.0,18.0,0.0,0.8,0.1,6.5,6.5,6.5,6.5,1.0,0.0,18.0,0.0,0.8,0.1,174.2,174.2,174.2,174.2,1.0,0.0,18.0,0.0,0.8,0.1,3.62,3.62,3.62,3.62,1.0,0.0,18.0,0.0,0.8,0.1,96.9,96.9,96.9,96.9,1.0,0.0,18.0,0.0,0.8,0.1,-26.8,-26.8,-26.8,-26.8,1.0,0.0,18.0,0.0,0.8,0.1,0.0,0.0,0.0,0.0,1.0,0.0,18.0,0.0,0.8,0.1,57.1,57.1,57.1,57.1,1.0,0.0,18.0,0.0,0.8,0.1,0.0,0.0,0.0,0.0,1.0,0.0,18.0,0.0,0.8,0.1,96.9,96.9,96.9,96.9,1.0,0.0,18.0,0.0,0.8,0.1,0.0,0.0,0.0,0.0,1.0,0.0,18.0,0.0,0.8,0.1,19249.0,19249.0,19249.0,19249.0,1.0,0.0,18.0,0.0,0.8,0.1,19250.0,19250.0,19250.0,19250.0,1.0,0.0,18.0,0.0,0.8,0.1
1974,2,318.0,-60.0,2.2,2.2,2.2,2.2,1.0,0.0,2.0,0.0,0.7,0.3,0.7,0.7,0.7,0.7,1.0,0.0,2.0,0.0,0.7,0.3,3.11,3.11,3.11,3.11,1.0,0.0,2.0,0.0,0.7,0.3,76.3,76.3,76.3,76.3,1.0,0.0,2.0,0.0,0.3,10.3,10.3,10.3,10.3,1.0,0.0,2.0,0.0,0.7,0.3,7.89,7.89,7.89,7.89,1.0,0.0,2.0,0.0,0.7,0.3,6.62,6.62,6.62,6.62,1.0,0.0,2.0,0.0,0.7,0.3,986.3,986.3,986.3,986.3,1.0,0.0,2.0,0.0,0.7,0.3,8.0,8.0,8.0,8.0,1.0,0.0,2.0,0.0,0.7,0.3,81.3,81.3,81.3,81.3,1.0,0.0,2.0,0.0,0.7,0.3,68.2,68.2,68.2,68.2,1.0,0.0,2.0,0.0,0.7,0.3,1.5,1.5,1.5,1.5,1.0,0.0,2.0,0.0,0.7,0.3,15.5,15.5,15.5,15.5,1.0,0.0,2.0,0.0,0.7,0.3,1.44,1.44,1.44,1.44,1.0,0.0,2.0,0.0,0.7,0.3,14.8,14.8,14.8,14.8,1.0,0.0,2.0,0.0,0.7,0.3,5.5,5.5,5.5,5.5,1.0,0.0,2.0,0.0,0.7,0.3,4.6,4.6,4.6,4.6,1.0,0.0,2.0,0.0,0.7,0.3,24.6,24.6,24.6,24.6,1.0,0.0,2.0,0.0,0.7,0.3,20.6,20.6,20.6,20.6,1.0,0.0,2.0,0.0,0.7,0.3,11.3,11.3,11.3,11.3,1.0,0.0,2.0,0.0,0.7,0.3,9.5,9.5,9.5,9.5,1.0,0.0,2.0,0.0,0.7,0.3,1092.5,1092.5,1092.5,1092.5,1.0,0.0,2.0,0.0,0.7,0.3,1095.0,1095.0,1095.0,1095.0,1.0,0.0,2.0,0.0,0.7,0.3
1974,2,318.0,-59.0,2.34,2.65,2.96,2.65,2.0,0.64,10.0,0.5,0.7,0.5,1.03,1.75,2.47,1.75,2.0,1.48,10.0,0.5,0.7,0.5,3.26,3.57,3.88,3.57,2.0,0.64,10.0,0.5,0.7,0.5,77.8,81.2,84.5,81.2,2.0,6.9,10.0,0.5,0.5,10.46,11.45,12.44,11.45,2.0,2.05,10.0,0.5,0.7,0.5,8.37,9.89,11.41,9.89,2.0,3.15,10.0,0.5,0.7,0.5,4.73,5.42,6.11,5.42,2.0,1.43,10.0,0.5,0.7,0.5,988.71,993.9,999.09,993.9,2.0,10.75,10.0,0.5,0.7,0.5,8.0,8.0,8.0,8.0,2.0,0.0,10.0,0.5,0.7,0.5,89.3,116.5,143.7,116.5,2.0,56.4,10.0,0.5,0.7,0.5,58.1,60.6,63.1,60.6,2.0,5.2,10.0,0.5,0.7,0.5,0.49,0.9,1.31,0.9,2.0,0.85,10.0,0.5,0.7,0.5,5.6,9.4,13.2,9.4,2.0,7.9,10.0,0.5,0.7,0.5,0.86,1.1,1.33,1.1,2.0,0.48,10.0,0.5,0.7,0.5,10.5,12.0,13.6,12.0,2.0,3.3,10.0,0.5,0.7,0.5,9.9,19.7,29.4,19.7,2.0,20.2,10.0,0.5,0.7,0.5,5.7,8.4,11.1,8.4,2.0,5.6,10.0,0.5,0.7,0.5,27.8,36.3,44.8,36.3,2.0,17.6,10.0,0.5,0.7,0.5,18.1,18.9,19.6,18.9,2.0,1.6,10.0,0.5,0.7,0.5,9.4,10.1,10.7,10.1,2.0,1.3,10.0,0.5,0.7,0.5,4.3,6.3,8.3,6.3,2.0,4.2,10.0,0.5,0.7,0.5,1182.0,1573.5,1964.5,1573.5,2.0,811.0,10.0,0.5,0.7,0.5,1180.0,1575.0,1965.0,1575.0,2.0,810.0,10.0,0.5,0.7,0.5
1974,2,318.0,-58.0,3.0,3.1,3.3,3.14,5.0,0.15,20.0,0.4,0.4,0.5,3.43,3.5,3.67,3.54,5.0,0.18,20.0,0.4,0.4,0.5,4.29,4.89,4.97,4.64,4.0,0.6,20.0,0.5,0.3,0.7,86.8,99.3,100.0,93.7,4.0,11.7,20.0,0.5,0.7,7.77,9.3,10.3,8.86,5.0,2.16,20.0,0.4,0.4,0.5,7.68,9.3,10.2,8.8,5.0,2.13,20.0,0.4,0.4,0.5,-1.68,0.0,0.0,-0.68,5.0,0.93,20.0,0.4,0.4,0.5,998.34,999.2,1001.31,999.9,5.0,2.87,20.0,0.4,0.4,0.5,8.0,8.0,8.0,8.0,5.0,0.0,20.0,0.4,0.4,0.5,63.6,86.5,105.1,81.6,5.0,32.6,20.0,0.4,0.4,0.5,-16.3,0.0,0.0,-6.7,5.0,9.2,20.0,0.4,0.4,0.5,-0.54,-0.5,-0.25,-0.4,5.0,0.23,20.0,0.4,0.4,0.5,-5.0,-4.1,-1.6,-3.4,5.0,2.2,20.0,0.4,0.4,0.5,-0.17,-0.15,0.48,0.14,4.0,0.6,20.0,0.5,0.3,0.7,-1.5,-1.1,5.2,1.7,4.0,6.0,20.0,0.5,0.3,0.7,27.8,33.5,35.3,31.1,5.0,7.5,20.0,0.4,0.4,0.5,-6.0,0.0,0.0,-2.4,5.0,3.3,20.0,0.4,0.4,0.5,31.5,42.0,45.8,38.8,4.0,9.8,20.0,0.5,0.3,0.7,-4.3,0.0,0.0,-2.0,4.0,4.1,20.0,0.5,0.3,0.7,-1.4,-1.1,5.2,1.7,4.0,6.0,20.0,0.5,0.3,0.7,0.0,0.0,0.1,0.1,4.0,0.1,20.0,0.5,0.3,0.7,559.0,804.5,1092.5,785.5,5.0,392.5,20.0,0.4,0.4,0.5,560.0,805.0,1095.0,785.0,5.0,390.0,20.0,0.4,0.4,0.5
1974,2,318.0,-52.0,6.7,6.7,6.7,6.7,1.0,0.0,24.0,1.0,0.2,0.7,9.0,9.0,9.0,9.0,1.0,0.0,24.0,1.0,0.2,0.7,6.97,6.97,6.97,6.97,1.0,0.0,24.0,1.0,0.2,0.7,97.3,97.3,97.3,97.3,1.0,0.0,24.0,1.0,0.7,14.4,14.4,14.4,14.4,1.0,0.0,24.0,1.0,0.2,0.7,9.26,9.26,9.26,9.26,1.0,0.0,24.0,1.0,0.2,0.7,-11.03,-11.03,-11.03,-11.03,1.0,0.0,24.0,1.0,0.2,0.7,1005.4,1005.4,1005.4,1005.4,1.0,0.0,24.0,1.0,0.2,0.7,8.0,8.0,8.0,8.0,1.0,0.0,24.0,1.0,0.2,0.7,133.3,133.3,133.3,133.3,1.0,0.0,24.0,1.0,0.2,0.7,-158.8,-158.8,-158.8,-158.8,1.0,0.0,24.0,1.0,0.2,0.7,-2.3,-2.3,-2.3,-2.3,1.0,0.0,24.0,1.0,0.2,0.7,-33.1,-33.1,-33.1,-33.1,1.0,0.0,24.0,1.0,0.2,0.7,-0.85,-0.85,-0.85,-0.85,1.0,0.0,24.0,1.0,0.2,0.7,-12.2,-12.2,-12.2,-12.2,1.0,0.0,24.0,1.0,0.2,0.7,83.3,83.3,83.3,83.3,1.0,0.0,24.0,1.0,0.2,0.7,-99.3,-99.3,-99.3,-99.3,1.0,0.0,24.0,1.0,0.2,0.7,64.5,64.5,64.5,64.5,1.0,0.0,24.0,1.0,0.2,0.7,-76.9,-76.9,-76.9,-76.9,1.0,0.0,24.0,1.0,0.2,0.7,-7.9,-7.9,-7.9,-7.9,1.0,0.0,24.0,1.0,0.2,0.7,9.4,9.4,9.4,9.4,1.0,0.0,24.0,1.0,0.2,0.7,2986.0,2986.0,2986.0,2986.0,1.0,0.0,24.0,1.0,0.2,0.7,2985.0,2985.0,2985.0,2985.0,1.0,0.0,24.0,1.0,0.2,0.7
1974,2,318.0,-40.0,17.5,17.5,17.5,17.5,1.0,0.0,18.0,1.0,0.2,0.1,14.5,14.5,14.5,14.5,1.0,0.0,18.0,1.0,0.2,0.1,7.13,7.13,7.13,7.13,1.0,0.0,18.0,1.0,0.2,0.1,70.5,70.5,70.5,70.5,1.0,0.0,18.0,1.0,0.1,,,,,,,,,,,,,,,,,,,,,,,,,,,,,,,,,,,,,,,,,,,,,,,,,,,,,,,,,,,,,,,,,,,,,,,,,,,,,,,,,,,,,,,,,,,,,,,,,,,,,,,,,,,,,,,,,,,,,,,,,,,,,,,,,,,,,,,,,,,,,,,,,,,,,,,,,,,,,,,,,,,,,,,,,,,,,,,,,,,,,,,,,,,,,,
1974,2,318.0,-39.0,,,,,,,,,,,,,,,,,,,,,,,,,,,,,,,,,,,,,,,,2.0,2.0,2.0,2.0,1.0,0.0,18.0,0.0,0.3,0.3,-1.73,-1.73,-1.73,-1.73,1.0,0.0,18.0,0.0,0.3,0.3,1.0,1.0,1.0,1.0,1.0,0.0,18.0,0.0,0.3,0.3,1025.5,1025.5,1025.5,1025.5,1.0,0.0,18.0,0.0,0.3,0.3,,,,,,,,,,,,,,,,,,,,,,,,,,,,,,,,,,,,,,,,,,,,,,,,,,,,,,,,,,,,,,,,,,,,,,,,,,,,,,,,,,,,,,,,,,,,,,,,,,,,,,,,,,,,,,,,,,,,,,,,,,,,,,,,,,,,,,,,,,,,,,,,,,,,,,
1974,2,318.0,-32.0,23.52,24.0,24.0,23.77,3.0,0.4,20.0,0.7,0.5,0.8,24.65,25.2,25.4,25.03,3.0,0.57,20.0,0.7,0.5,0.8,16.05,16.05,16.05,16.05,1.0,0.0,20.0,1.0,0.2,0.9,84.4,84.4,84.4,84.4,1.0,0.0,20.0,1.0,0.9,2.1,2.1,2.1,2.1,1.0,0.0,20.0,1.0,0.2,0.9,-2.07,-2.07,-2.07,-2.07,1.0,0.0,20.0,1.0,0.2,0.9,-0.36,-0.36,-0.36,-0.36,1.0,0.0,20.0,1.0,0.2,0.9,1010.89,1012.6,1013.42,1012.17,3.0,1.89,20.0,0.7,0.5,0.8,0.6,2.0,3.4,2.0,3.0,2.0,20.0,0.7,0.5,0.8,-4.3,-4.3,-4.3,-4.3,1.0,0.0,20.0,1.0,0.2,0.9,-0.8,-0.8,-0.8,-0.8,1.0,0.0,20.0,1.0,0.2,0.9,-1.77,-1.5,-0.75,-1.27,3.0,0.78,20.0,0.7,0.5,0.8,-0.8,-0.8,-0.8,-0.8,1.0,0.0,20.0,1.0,0.2,0.9,2.55,2.55,2.55,2.55,1.0,0.0,20.0,1.0,0.2,0.9,5.3,5.3,5.3,5.3,1.0,0.0,20.0,1.0,0.2,0.9,-50.5,-50.5,-50.5,-50.5,1.0,0.0,20.0,1.0,0.2,0.9,-8.9,-8.9,-8.9,-8.9,1.0,0.0,20.0,1.0,0.2,0.9,-33.2,-33.2,-33.2,-33.2,1.0,0.0,20.0,1.0,0.2,0.9,-5.9,-5.9,-5.9,-5.9,1.0,0.0,20.0,1.0,0.2,0.9,-5.3,-5.3,-5.3,-5.3,1.0,0.0,20.0,1.0,0.2,0.9,-0.9,-0.9,-0.9,-0.9,1.0,0.0,20.0,1.0,0.2,0.9,9.5,9.5,9.5,9.5,1.0,0.0,20.0,1.0,0.2,0.9,10.0,10.0,10.0,10.0,1.0,0.0,20.0,1.0,0.2,0.9
1974,2,318.0,-31.0,24.03,24.1,24.17,24.1,2.0,0.14,16.0,0.5,0.7,0.4,22.3,24.25,26.2,24.25,2.0,4.03,16.0,0.5,0.7,0.4,10.53,10.53,10.53,10.53,1.0,0.0,20.0,0.0,0.5,0.2,66.9,66.9,66.9,66.9,1.0,0.0,20.0,0.0,0.2,3.88,5.55,7.22,5.55,2.0,3.46,16.0,0.5,0.7,0.4,-1.38,2.23,5.84,2.23,2.0,7.47,16.0,0.5,0.7,0.4,-2.22,-1.1,0.02,-1.1,2.0,2.32,16.0,0.5,0.7,0.4,1014.1,1015.6,1017.1,1015.6,2.0,3.11,16.0,0.5,0.7,0.4,5.2,5.5,5.8,5.5,2.0,0.7,16.0,0.5,0.7,0.4,1.6,25.3,49.1,25.3,2.0,49.2,16.0,0.5,0.7,0.4,-18.2,-10.1,-2.1,-10.1,2.0,16.7,16.0,0.5,0.7,0.4,-2.16,-0.15,1.86,-0.15,2.0,4.17,16.0,0.5,0.7,0.4,-19.5,-8.1,3.4,-8.1,2.0,23.7,16.0,0.5,0.7,0.4,8.22,8.22,8.22,8.22,1.0,0.0,20.0,0.0,0.5,0.2,25.5,25.5,25.5,25.5,1.0,0.0,20.0,0.0,0.5,0.2,-22.6,69.2,161.0,69.2,2.0,190.3,16.0,0.5,0.7,0.4,-60.6,-31.3,-2.1,-31.3,2.0,60.6,16.0,0.5,0.7,0.4,-32.1,-32.1,-32.1,-32.1,1.0,0.0,20.0,0.0,0.5,0.2,5.7,5.7,5.7,5.7,1.0,0.0,20.0,0.0,0.5,0.2,-25.1,-25.1,-25.1,-25.1,1.0,0.0,20.0,0.0,0.5,0.2,4.4,4.4,4.4,4.4,1.0,0.0,20.0,0.0,0.5,0.2,106.5,271.0,435.5,271.0,2.0,341.0,16.0,0.5,0.7,0.4,105.0,270.0,435.0,270.0,2.0,340.0,16.0,0.5,0.7,0.4
1974,2,318.0,-29.0,,,,,,,,,,,,,,,,,,,,,,,,,,,,,,,,,,,,,,,,5.0,5.0,5.0,5.0,1.0,0.0,8.0,0.0,0.7,0.1,-3.21,-3.21,-3.21,-3.21,1.0,0.0,8.0,0.0,0.7,0.1,-3.83,-3.83,-3.83,-3.83,1.0,0.0,8.0,0.0,0.7,0.1,1015.0,1015.0,1015.0,1015.0,1.0,0.0,8.0,0.0,0.7,0.1,,,,,,,,,,,,,,,,,,,,,,,,,,,,,,,,,,,,,,,,,,,,,,,,,,,,,,,,,,,,,,,,,,,,,,,,,,,,,,,,,,,,,,,,,,,,,,,,,,,,,,,,,,,,,,,,,,,,,,,,,,,,,,,,,,,,,,,,,,,,,,,,,,,,,,
1974,2,318.0,-26.0,26.08,26.45,26.72,26.42,6.0,0.35,10.0,0.2,0.6,0.7,25.43,25.8,26.0,25.72,5.0,0.31,10.0,0.2,0.6,0.8,17.68,18.33,18.79,18.24,5.0,0.67,10.0,0.2,0.6,0.8,87.1,88.2,90.2,88.5,5.0,1.9,10.0,0.2,0.8,5.1,7.45,8.82,7.18,6.0,1.77,10.0,0.2,0.6,0.7,-8.69,-7.45,-3.91,-6.74,6.0,2.3,10.0,0.2,0.6,0.7,-3.28,-1.56,0.0,-1.61,6.0,1.47,10.0,0.2,0.6,0.7,1012.23,1015.1,1016.46,1014.36,5.0,2.67,10.0,0.2,0.6,0.8,2.0,5.0,7.0,4.7,6.0,2.3,10.0,0.2,0.6,0.7,-76.7,-55.6,-19.9,-51.8,6.0,27.3,10.0,0.2,0.6,0.7,-16.7,-14.1,0.0,-10.3,6.0,8.1,10.0,0.2,0.6,0.7,0.55,0.8,1.01,0.78,5.0,0.33,10.0,0.2,0.6,0.8,3.4,5.4,6.9,5.2,5.0,2.3,10.0,0.2,0.6,0.8,2.71,3.63,3.95,3.38,5.0,0.66,10.0,0.2,0.6,0.8,18.4,20.1,27.2,23.1,5.0,7.8,10.0,0.2,0.6,0.8,-211.7,-185.8,-100.9,-163.8,5.0,60.0,10.0,0.2,0.6,0.8,-84.2,-40.9,0.0,-41.9,5.0,42.2,10.0,0.2,0.6,0.8,-150.7,-134.4,-71.0,-116.1,5.0,42.2,10.0,0.2,0.6,0.8,-59.2,-27.9,0.0,-29.3,5.0,29.7,10.0,0.2,0.6,0.8,-27.0,-18.2,-15.0,-21.2,5.0,8.9,10.0,0.2,0.6,0.8,-12.3,-6.4,0.0,-6.3,5.0,6.2,10.0,0.2,0.6,0.8,132.5,415.0,688.5,426.5,6.0,273.0,10.0,0.2,0.6,0.7,135.0,415.0,690.0,425.0,6.0,275.0,10.0,0.2,0.6,0.7
1974,2,318.0,-25.0,26.57,27.6,27.81,27.23,7.0,0.73,12.0,0.6,0.6,0.5,26.43,27.0,27.25,26.87,7.0,0.97,12.0,0.6,0.6,0.5,17.45,18.05,18.58,17.97,6.0,0.66,10.0,0.7,0.6,0.4,76.7,80.0,83.7,80.0,6.0,3.5,10.0,0.7,0.4,5.08,5.7,10.11,7.36,7.0,2.99,12.0,0.6,0.6,0.5,-7.55,-4.79,-2.9,-4.83,7.0,2.34,12.0,0.6,0.6,0.5,-9.44,-3.91,-1.71,-4.83,7.0,3.5,12.0,0.6,0.6,0.5,1011.4,1013.3,1015.04,1013.17,7.0,2.18,12.0,0.6,0.6,0.5,2.0,3.0,7.0,4.1,7.0,2.5,12.0,0.6,0.6,0.5,-67.1,-24.4,-16.6,-38.1,7.0,31.5,12.0,0.6,0.6,0.5,-99.3,-19.9,-8.7,-43.3,7.0,45.1,12.0,0.6,0.6,0.5,-0.68,0.6,1.19,0.36,7.0,1.59,12.0,0.6,0.6,0.5,-3.7,3.1,8.5,4.6,7.0,12.6,12.0,0.6,0.6,0.5,3.46,4.32,5.67,4.47,6.0,1.33,10.0,0.7,0.6,0.4,20.7,25.8,41.7,32.9,6.0,23.5,10.0,0.7,0.6,0.4,-204.0,-127.0,-81.5,-130.5,7.0,64.0,12.0,0.6,0.6,0.5,-246.7,-105.5,-45.3,-128.3,7.0,90.2,12.0,0.6,0.6,0.5,-135.5,-91.6,-59.6,-95.5,6.0,36.0,10.0,0.7,0.6,0.4,-97.2,-68.8,-27.9,-71.1,6.0,50.1,10.0,0.7,0.6,0.4,-32.4,-24.8,-13.3,-25.1,6.0,14.6,10.0,0.7,0.6,0.4,-26.4,-12.8,-8.2,-19.5,6.0,20.6,10.0,0.7,0.6,0.4,131.0,185.0,1041.0,581.0,7.0,660.0,12.0,0.6,0.6,0.5,130.0,185.0,1040.0,580.0,7.0,660.0,12.0,0.6,0.6,0.5
1974,2,318.0,-24.0,23.23,24.8,27.25,24.91,11.0,2.23,18.0,0.7,0.4,0.9,24.71,25.5,29.22,26.48,9.0,2.22,18.0,0.7,0.4,0.9,16.36,17.56,18.34,17.41,8.0,1.02,18.0,0.8,0.3,0.9,80.4,82.9,91.2,83.4,8.0,8.7,18.0,0.8,0.9,0.59,3.6,6.11,3.73,11.0,2.98,18.0,0.7,0.4,0.9,-4.6,-2.0,0.0,-2.2,11.0,2.33,18.0,0.7,0.4,0.9,-4.8,-0.98,0.0,-1.92,11.0,3.06,18.0,0.7,0.4,0.9,1010.0,1012.5,1014.54,1012.57,11.0,2.73,18.0,0.7,0.4,0.9,1.2,3.0,5.7,3.3,11.0,2.7,18.0,0.7,0.4,0.9,-24.7,-6.8,0.0,-12.8,11.0,19.2,18.0,0.7,0.4,0.9,-28.0,-1.0,0.0,-13.6,11.0,24.4,18.0,0.7,0.4,0.9,-2.25,-0.7,0.47,-0.94,9.0,2.36,18.0,0.7,0.4,0.9,-8.6,-0.7,1.1,-3.0,9.0,6.1,18.0,0.7,0.4,0.9,0.51,2.82,4.27,2.56,8.0,1.78,18.0,0.8,0.3,0.9,0.2,3.5,14.8,8.2,8.0,10.9,18.0,0.8,0.3,0.9,-77.6,-11.4,0.0,-43.2,9.0,54.6,18.0,0.7,0.4,0.9,-160.9,-25.1,0.0,-53.2,9.0,87.0,18.0,0.7,0.4,0.9,-48.2,-5.2,0.0,-27.3,8.0,40.5,18.0,0.8,0.3,0.9,-113.0,-8.6,0.0,-32.9,8.0,63.1,18.0,0.8,0.3,0.9,-2.8,-1.0,0.0,-2.6,8.0,4.5,18.0,0.8,0.3,0.9,-7.3,-1.1,0.0,-4.5,8.0,12.0,18.0,0.8,0.3,0.9,0.5,46.5,233.0,154.5,11.0,277.5,18.0,0.7,0.4,0.9,0.0,45.0,235.0,155.0,11.0,280.0,18.0,0.7,0.4,0.9
1974,2,318.0,-23.0,22.93,24.25,26.03,24.51,24.0,2.04,18.0,0.7,0.7,0.4,24.08,25.5,27.1,25.89,25.0,1.95,18.0,0.7,0.7,0.4,15.95,16.76,18.26,17.1,22.0,1.42,16.0,0.7,0.7,0.4,72.3,81.9,89.7,81.8,22.0,7.8,16.0,0.7,0.4,2.6,5.0,6.71,4.73,23.0,2.05,16.0,0.7,0.7,0.4,-5.03,-2.05,0.0,-2.11,23.0,3.11,16.0,0.7,0.7,0.4,-3.73,-1.5,3.08,-0.39,23.0,3.62,16.0,0.7,0.7,0.4,1010.0,1014.0,1016.18,1013.43,25.0,2.89,18.0,0.7,0.7,0.4,1.0,3.0,6.0,3.4,25.0,2.4,18.0,0.7,0.7,0.4,-28.4,-8.4,0.0,-12.5,23.0,20.6,16.0,0.7,0.7,0.4,-22.6,-4.3,13.8,-1.6,23.0,22.9,16.0,0.7,0.7,0.4,-3.67,-0.95,0.0,-1.33,24.0,2.2,18.0,0.7,0.7,0.4,-21.3,-4.4,0.0,-7.3,22.0,15.0,16.0,0.7,0.7,0.4,0.56,1.78,4.85,2.32,22.0,2.51,16.0,0.7,0.7,0.4,3.0,6.1,18.4,10.6,20.0,15.6,16.0,0.8,0.7,0.4,-136.4,-55.3,0.0,-54.4,23.0,81.5,16.0,0.7,0.7,0.4,-100.7,-39.8,87.1,-7.3,23.0,97.6,16.0,0.7,0.7,0.4,-93.3,-40.8,0.0,-39.3,20.0,49.2,16.0,0.8,0.7,0.4,-59.6,-26.0,61.8,-2.7,20.0,65.2,16.0,0.8,0.7,0.4,-10.3,-3.3,0.0,-6.3,20.0,14.5,16.0,0.8,0.7,0.4,-12.3,-1.4,9.7,-1.5,20.0,10.4,16.0,0.8,0.7,0.4,17.5,125.0,307.0,162.5,23.0,165.5,16.0,0.7,0.7,0.4,20.0,125.0,305.0,160.0,23.0,165.0,16.0,0.7,0.7,0.4
1974,2,318.0,-22.0,27.0,27.0,27.0,27.0,1.0,0.0,24.0,1.0,0.7,0.6,28.2,28.2,28.2,28.2,1.0,0.0,24.0,1.0,0.7,0.6,17.55,17.55,17.55,17.55,1.0,0.0,24.0,1.0,0.7,0.6,73.4,73.4,73.4,73.4,1.0,0.0,24.0,1.0,0.6,4.6,4.6,4.6,4.6,1.0,0.0,24.0,1.0,0.7,0.6,-2.3,-2.3,-2.3,-2.3,1.0,0.0,24.0,1.0,0.7,0.6,-3.98,-3.98,-3.98,-3.98,1.0,0.0,24.0,1.0,0.7,0.6,1010.5,1010.5,1010.5,1010.5,1.0,0.0,24.0,1.0,0.7,0.6,1.0,1.0,1.0,1.0,1.0,0.0,24.0,1.0,0.7,0.6,-10.6,-10.6,-10.6,-10.6,1.0,0.0,24.0,1.0,0.7,0.6,-18.3,-18.3,-18.3,-18.3,1.0,0.0,24.0,1.0,0.7,0.6,-1.2,-1.2,-1.2,-1.2,1.0,0.0,24.0,1.0,0.7,0.6,-5.5,-5.5,-5.5,-5.5,1.0,0.0,24.0,1.0,0.7,0.6,4.8,4.8,4.8,4.8,1.0,0.0,24.0,1.0,0.7,0.6,22.1,22.1,22.1,22.1,1.0,0.0,24.0,1.0,0.7,0.6,-64.9,-64.9,-64.9,-64.9,1.0,0.0,24.0,1.0,0.7,0.6,-112.3,-112.3,-112.3,-112.3,1.0,0.0,24.0,1.0,0.7,0.6,-40.4,-40.4,-40.4,-40.4,1.0,0.0,24.0,1.0,0.7,0.6,-69.9,-69.9,-69.9,-69.9,1.0,0.0,24.0,1.0,0.7,0.6,-11.0,-11.0,-11.0,-11.0,1.0,0.0,24.0,1.0,0.7,0.6,-19.1,-19.1,-19.1,-19.1,1.0,0.0,24.0,1.0,0.7,0.6,97.5,97.5,97.5,97.5,1.0,0.0,24.0,1.0,0.7,0.6,95.0,95.0,95.0,95.0,1.0,0.0,24.0,1.0,0.7,0.6
1974,2,318.0,-3.0,27.63,27.7,27.77,27.7,2.0,0.14,22.0,0.5,0.2,1.0,27.0,27.2,27.4,27.2,2.0,0.42,18.0,0.5,0.4,0.7,17.81,17.81,17.81,17.81,1.0,0.0,24.0,0.0,0.2,1.0,80.2,80.2,80.2,80.2,1.0,0.0,24.0,0.0,1.0,2.1,3.1,5.33,3.62,6.0,1.79,18.0,0.7,0.6,0.8,-4.18,-2.55,-1.82,-2.92,6.0,1.29,18.0,0.7,0.6,0.8,-3.92,-1.05,-0.69,-1.72,6.0,1.85,18.0,0.7,0.6,0.8,1007.0,1008.0,1008.94,1008.23,6.0,1.47,18.0,0.7,0.6,0.8,4.0,5.0,6.2,5.2,6.0,1.3,18.0,0.7,0.6,0.8,-19.3,-10.2,-3.8,-12.4,6.0,10.5,18.0,0.7,0.6,0.8,-20.9,-2.2,-1.1,-8.1,6.0,11.3,18.0,0.7,0.6,0.8,0.7,0.7,0.7,0.7,1.0,0.0,24.0,0.0,0.2,1.0,3.6,3.6,3.6,3.6,1.0,0.0,24.0,0.0,0.2,1.0,5.41,5.41,5.41,5.41,1.0,0.0,24.0,0.0,0.2,1.0,27.6,27.6,27.6,27.6,1.0,0.0,24.0,0.0,0.2,1.0,-107.4,-99.6,-91.8,-99.6,2.0,16.2,18.0,0.5,0.4,0.7,-85.3,-42.8,-0.2,-42.8,2.0,88.2,18.0,0.5,0.4,0.7,-58.4,-58.4,-58.4,-58.4,1.0,0.0,24.0,0.0,0.2,1.0,-69.6,-69.6,-69.6,-69.6,1.0,0.0,24.0,0.0,0.2,1.0,-17.7,-17.7,-17.7,-17.7,1.0,0.0,24.0,0.0,0.2,1.0,-21.1,-21.1,-21.1,-21.1,1.0,0.0,24.0,0.0,0.2,1.0,9.5,39.0,154.5,78.0,6.0,92.5,18.0,0.7,0.6,0.8,10.0,40.0,155.0,80.0,6.0,95.0,18.0,0.7,0.6,0.8
1974,2,318.0,-2.0,27.46,27.8,28.14,27.8,2.0,0.71,16.0,0.5,0.7,0.8,27.04,27.55,28.06,27.55,2.0,1.06,16.0,0.5,0.7,0.8,17.42,17.91,18.4,17.91,2.0,1.02,16.0,0.5,0.7,0.8,77.6,77.9,78.1,77.9,2.0,0.5,16.0,0.5,0.8,6.43,8.0,9.57,8.0,2.0,3.25,16.0,0.5,0.7,0.8,-9.38,-7.75,-6.12,-7.75,2.0,3.39,16.0,0.5,0.7,0.8,-1.36,-0.08,1.2,-0.08,2.0,2.64,16.0,0.5,0.7,0.8,1012.14,1012.45,1012.76,1012.45,2.0,0.64,16.0,0.5,0.7,0.8,7.0,7.0,7.0,7.0,2.0,0.0,16.0,0.5,0.7,0.8,-92.7,-67.5,-42.3,-67.5,2.0,52.3,16.0,0.5,0.7,0.8,-6.4,3.7,13.7,3.7,2.0,20.9,16.0,0.5,0.7,0.8,-0.6,0.25,1.1,0.25,2.0,1.77,16.0,0.5,0.7,0.8,-2.3,4.9,12.1,4.9,2.0,15.0,16.0,0.5,0.7,0.8,4.54,5.49,6.45,5.49,2.0,1.98,16.0,0.5,0.7,0.8,30.9,47.2,63.5,47.2,2.0,33.7,16.0,0.5,0.7,0.8,-252.8,-211.7,-170.7,-211.7,2.0,85.0,16.0,0.5,0.7,0.8,-38.8,-3.6,31.6,-3.6,2.0,72.9,16.0,0.5,0.7,0.8,-162.6,-137.1,-111.6,-137.1,2.0,52.8,16.0,0.5,0.7,0.8,-25.7,-2.8,20.1,-2.8,2.0,47.4,16.0,0.5,0.7,0.8,-62.3,-45.9,-29.5,-45.9,2.0,34.0,16.0,0.5,0.7,0.8,-4.8,2.2,9.1,2.2,2.0,14.4,16.0,0.5,0.7,0.8,329.0,639.0,948.5,639.0,2.0,641.5,16.0,0.5,0.7,0.8,330.0,640.0,950.0,640.0,2.0,640.0,16.0,0.5,0.7,0.8
1974,2,318.0,-1.0,27.14,28.65,29.34,28.38,8.0,1.06,16.0,0.6,0.3,0.4,26.7,28.0,28.97,27.8,8.0,1.24,16.0,0.6,0.3,0.4,17.7,18.02,18.25,18.15,8.0,0.77,16.0,0.6,0.3,0.4,72.7,78.9,82.7,77.7,8.0,5.0,16.0,0.6,0.4,4.1,5.1,8.78,6.3,7.0,2.47,16.0,0.7,0.4,0.4,-6.7,-4.79,-3.34,-4.59,7.0,2.91,16.0,0.7,0.4,0.4,-4.69,-2.05,-1.52,-2.7,7.0,3.29,16.0,0.7,0.4,0.4,1007.62,1010.05,1011.86,1009.75,8.0,2.3,16.0,0.6,0.3,0.4,5.0,6.0,6.0,5.4,8.0,1.5,16.0,0.6,0.3,0.4,-68.3,-24.4,-13.7,-33.4,7.0,28.7,16.0,0.7,0.4,0.4,-28.6,-8.9,-6.8,-18.3,7.0,32.3,16.0,0.7,0.4,0.4,-0.6,0.65,2.07,0.58,8.0,1.54,16.0,0.6,0.3,0.4,-3.1,2.6,19.6,5.6,7.0,11.5,16.0,0.7,0.4,0.4,4.37,6.78,7.68,6.16,8.0,1.73,16.0,0.6,0.3,0.4,17.7,40.4,63.6,42.7,7.0,24.0,16.0,0.7,0.4,0.4,-179.5,-140.4,-96.0,-128.5,7.0,80.5,16.0,0.7,0.4,0.4,-128.7,-59.4,-44.6,-73.7,7.0,89.4,16.0,0.7,0.4,0.4,-116.4,-86.1,-60.8,-82.9,7.0,51.3,16.0,0.7,0.4,0.4,-84.5,-40.8,-27.3,-48.8,7.0,57.7,16.0,0.7,0.4,0.4,-51.3,-37.9,-12.0,-31.2,7.0,23.7,16.0,0.7,0.4,0.4,-30.2,-13.8,-6.0,-17.9,7.0,25.1,16.0,0.7,0.4,0.4,69.0,132.5,679.5,356.0,7.0,391.0,16.0,0.7,0.4,0.4,70.0,135.0,680.0,355.0,7.0,390.0,16.0,0.7,0.4,0.4
1974,2,318.0,0.0,26.21,26.65,27.09,26.65,2.0,0.92,18.0,0.5,0.4,0.7,26.12,26.6,27.08,26.6,2.0,0.99,18.0,0.5,0.4,0.7,16.56,17.15,17.74,17.15,2.0,1.23,18.0,0.5,0.4,0.7,78.3,78.7,79.1,78.7,2.0,0.8,18.0,0.5,0.7,4.1,4.1,4.1,4.1,1.0,0.0,26.0,1.0,0.7,0.9,-3.14,-3.14,-3.14,-3.14,1.0,0.0,26.0,1.0,0.7,0.9,-2.64,-2.64,-2.64,-2.64,1.0,0.0,26.0,1.0,0.7,0.9,1009.56,1010.55,1011.54,1010.55,2.0,2.05,18.0,0.5,0.4,0.7,5.3,8.0,8.0,6.7,3.0,2.3,18.0,0.7,0.6,0.8,-12.9,-12.9,-12.9,-12.9,1.0,0.0,26.0,1.0,0.7,0.9,-10.8,-10.8,-10.8,-10.8,1.0,0.0,26.0,1.0,0.7,0.9,0.02,0.05,0.08,0.05,2.0,0.07,18.0,0.5,0.4,0.7,0.0,0.0,0.0,0.0,1.0,0.0,26.0,1.0,0.7,0.9,4.75,4.76,4.77,4.76,2.0,0.02,18.0,0.5,0.4,0.7,19.6,19.6,19.6,19.6,1.0,0.0,26.0,1.0,0.7,0.9,-85.7,-85.7,-85.7,-85.7,1.0,0.0,26.0,1.0,0.7,0.9,-71.9,-71.9,-71.9,-71.9,1.0,0.0,26.0,1.0,0.7,0.9,-56.6,-56.6,-56.6,-56.6,1.0,0.0,26.0,1.0,0.7,0.9,-47.5,-47.5,-47.5,-47.5,1.0,0.0,26.0,1.0,0.7,0.9,-15.0,-15.0,-15.0,-15.0,1.0,0.0,26.0,1.0,0.7,0.9,-12.6,-12.6,-12.6,-12.6,1.0,0.0,26.0,1.0,0.7,0.9,69.0,69.0,69.0,69.0,1.0,0.0,26.0,1.0,0.7,0.9,70.0,70.0,70.0,70.0,1.0,0.0,26.0,1.0,0.7,0.9
1974,2,318.0,1.0,27.11,28.0,28.0,27.57,3.0,0.75,12.0,0.7,0.5,0.3,26.48,27.4,27.9,27.2,4.0,0.91,16.0,0.8,0.6,0.4,17.65,17.91,19.5,18.56,3.0,1.47,22.0,1.0,0.7,0.4,78.8,83.6,84.7,81.8,3.0,4.6,22.0,1.0,0.4,6.58,9.6,13.04,9.8,4.0,4.17,16.0,0.8,0.6,0.4,-10.77,-6.61,-3.75,-7.23,4.0,4.44,16.0,0.8,0.6,0.4,-7.58,-7.26,-2.45,-5.12,4.0,4.58,16.0,0.8,0.6,0.4,1008.38,1009.85,1011.48,1009.93,4.0,1.85,16.0,0.8,0.6,0.4,5.4,7.0,7.5,6.5,4.0,1.7,16.0,0.8,0.6,0.4,-144.9,-58.6,-23.7,-83.1,4.0,79.7,16.0,0.8,0.6,0.4,-95.2,-70.5,-25.4,-60.8,4.0,50.6,16.0,0.8,0.6,0.4,-0.75,0.0,0.68,-0.03,3.0,1.05,12.0,0.7,0.5,0.3,-3.8,0.0,7.5,1.8,3.0,8.4,12.0,0.7,0.5,0.3,3.63,3.81,4.0,3.81,2.0,0.38,18.0,1.0,0.6,0.3,22.1,24.9,27.8,24.9,2.0,5.8,18.0,1.0,0.6,0.3,-284.1,-180.4,-104.6,-193.7,4.0,112.8,16.0,0.8,0.6,0.4,-205.3,-192.3,-65.5,-138.0,4.0,124.8,16.0,0.8,0.6,0.4,-181.6,-85.8,-66.0,-122.9,3.0,90.6,22.0,1.0,0.7,0.4,-147.9,-130.6,-20.1,-85.1,3.0,101.5,22.0,1.0,0.7,0.4,-18.0,-14.8,-11.5,-14.8,2.0,6.8,18.0,1.0,0.6,0.3,-21.8,-10.1,1.7,-10.1,2.0,24.3,18.0,1.0,0.6,0.3,332.0,941.0,2366.5,1330.5,4.0,1408.5,16.0,0.8,0.6,0.4,330.0,940.0,2365.0,1330.0,4.0,1410.0,16.0,0.8,0.6,0.4
1974,2,318.0,2.0,26.62,27.1,28.12,27.37,11.0,1.02,14.0,0.5,0.7,0.5,25.29,26.2,27.21,26.11,11.0,1.29,14.0,0.5,0.7,0.5,16.84,18.57,20.24,18.58,10.0,1.52,14.0,0.5,0.6,0.5,79.1,86.0,94.0,86.4,10.0,7.1,14.0,0.5,0.5,5.1,7.7,10.3,7.62,11.0,3.2,14.0,0.5,0.7,0.5,-8.74,-5.9,-4.37,-5.78,11.0,2.9,14.0,0.5,0.7,0.5,-5.49,-4.95,-1.86,-4.46,11.0,2.63,14.0,0.5,0.7,0.5,1008.79,1009.5,1011.27,1009.82,11.0,1.53,14.0,0.5,0.7,0.5,6.6,8.0,8.0,7.5,11.0,0.8,14.0,0.5,0.7,0.5,-91.9,-45.4,-24.3,-51.8,11.0,35.6,14.0,0.5,0.7,0.5,-54.1,-38.1,-9.5,-41.0,11.0,37.3,14.0,0.5,0.7,0.5,0.56,1.1,2.82,1.26,11.0,1.62,14.0,0.5,0.7,0.5,2.9,5.6,19.8,9.4,11.0,16.6,14.0,0.5,0.7,0.5,2.73,4.87,5.46,4.45,10.0,1.43,14.0,0.5,0.6,0.5,18.6,30.1,47.1,31.7,10.0,15.9,14.0,0.5,0.6,0.5,-220.1,-152.0,-110.8,-151.1,11.0,78.6,14.0,0.5,0.7,0.5,-151.0,-128.3,-47.7,-115.3,11.0,63.8,14.0,0.5,0.7,0.5,-149.2,-98.5,-82.1,-101.2,10.0,56.7,14.0,0.5,0.6,0.5,-101.2,-82.6,-30.1,-71.6,10.0,34.5,14.0,0.5,0.6,0.5,-36.0,-23.8,-16.1,-24.8,10.0,14.3,14.0,0.5,0.6,0.5,-27.5,-18.9,-6.1,-17.8,10.0,11.2,14.0,0.5,0.6,0.5,132.5,456.5,1092.5,652.5,11.0,691.0,14.0,0.5,0.7,0.5,135.0,455.0,1095.0,655.0,11.0,690.0,14.0,0.5,0.7,0.5
1974,2,318.0,3.0,27.26,27.7,27.81,27.58,5.0,0.33,10.0,0.6,0.5,0.3,26.08,26.8,27.31,26.64,5.0,0.97,10.0,0.6,0.5,0.3,16.51,16.74,18.94,17.68,4.0,2.07,12.0,0.8,0.6,0.3,75.0,80.1,89.4,82.1,4.0,9.5,12.0,0.8,0.3,5.48,6.0,10.28,7.78,5.0,3.62,10.0,0.6,0.5,0.3,-7.74,-5.2,-4.38,-6.19,5.0,3.33,10.0,0.6,0.5,0.3,-6.53,-4.37,-2.54,-4.47,5.0,2.18,10.0,0.6,0.5,0.3,1008.86,1010.1,1011.84,1010.24,5.0,1.63,10.0,0.6,0.5,0.3,6.6,7.0,8.0,7.2,5.0,0.8,10.0,0.6,0.5,0.3,-88.5,-31.2,-23.1,-57.4,5.0,62.0,10.0,0.6,0.5,0.3,-68.0,-24.9,-14.7,-40.0,5.0,35.4,10.0,0.6,0.5,0.3,0.32,0.5,1.62,0.94,5.0,1.05,10.0,0.6,0.5,0.3,1.8,3.0,18.9,10.3,5.0,15.5,10.0,0.6,0.5,0.3,4.09,5.97,6.48,5.31,4.0,1.92,12.0,0.8,0.6,0.3,25.6,32.2,65.5,44.9,4.0,33.7,12.0,0.8,0.6,0.3,-200.6,-140.7,-118.6,-162.6,5.0,79.4,10.0,0.6,0.5,0.3,-169.9,-117.0,-69.7,-117.7,5.0,54.4,10.0,0.6,0.5,0.3,-156.5,-94.3,-70.1,-112.4,4.0,61.1,12.0,0.8,0.6,0.3,-123.1,-94.5,-50.3,-87.0,4.0,45.6,12.0,0.8,0.6,0.3,-56.9,-25.3,-17.1,-36.5,4.0,31.1,12.0,0.8,0.6,0.3,-36.9,-20.6,-13.0,-24.8,4.0,16.3,12.0,0.8,0.6,0.3,166.0,216.0,1331.0,754.0,5.0,1092.0,10.0,0.6,0.5,0.3,165.0,215.0,1330.0,755.0,5.0,1090.0,10.0,0.6,0.5,0.3
1974,2,318.0,4.0,26.72,27.2,27.54,27.13,3.0,0.6,14.0,0.3,0.7,0.2,24.66,24.8,24.94,24.8,2.0,0.28,16.0,0.0,0.6,0.3,16.44,17.01,17.58,17.01,2.0,1.18,16.0,0.0,0.6,0.3,84.8,86.8,88.8,86.8,2.0,4.1,16.0,0.0,0.3,7.7,7.7,8.79,8.23,3.0,0.92,14.0,0.3,0.7,0.2,-7.07,-4.95,-4.95,-5.98,3.0,1.79,14.0,0.3,0.7,0.2,-5.9,-5.9,-5.05,-5.48,3.0,0.72,14.0,0.3,0.7,0.2,1007.94,1012.1,1013.74,1010.87,3.0,4.38,14.0,0.3,0.7,0.2,7.2,7.5,7.8,7.5,2.0,0.7,16.0,0.5,0.7,0.1,-63.2,-38.1,-38.1,-50.4,3.0,21.2,14.0,0.3,0.7,0.2,-45.4,-45.4,-43.9,-44.7,3.0,1.3,14.0,0.3,0.7,0.2,2.03,2.3,2.57,2.3,2.0,0.57,16.0,0.0,0.6,0.3,15.6,17.7,19.8,17.7,2.0,4.4,16.0,0.0,0.6,0.3,5.49,5.52,5.55,5.52,2.0,0.05,16.0,0.0,0.6,0.3,42.3,42.5,42.7,42.5,2.0,0.4,16.0,0.0,0.6,0.3,-123.4,-122.7,-122.1,-122.7,2.0,1.4,16.0,0.0,0.6,0.3,-147.1,-146.3,-145.5,-146.3,2.0,1.7,16.0,0.0,0.6,0.3,-87.0,-84.2,-81.4,-84.2,2.0,5.8,16.0,0.0,0.6,0.3,-103.7,-100.4,-97.0,-100.4,2.0,7.0,16.0,0.0,0.6,0.3,-27.5,-27.3,-27.2,-27.3,2.0,0.3,16.0,0.0,0.6,0.3,-32.7,-32.6,-32.4,-32.6,2.0,0.3,16.0,0.0,0.6,0.3,456.5,456.5,694.0,572.5,3.0,201.0,14.0,0.3,0.7,0.2,455.0,455.0,695.0,570.0,3.0,200.0,14.0,0.3,0.7,0.2
1974,2,318.0,5.0,26.8,26.8,27.17,27.0,6.0,0.4,20.0,1.0,0.5,0.7,25.87,26.3,26.3,26.05,6.0,0.52,20.0,1.0,0.5,0.7,15.01,15.9,17.32,16.15,4.0,1.57,18.0,1.0,0.6,0.6,70.4,74.9,84.9,77.5,4.0,10.3,18.0,1.0,0.6,9.86,10.8,11.06,10.48,4.0,1.01,18.0,1.0,0.6,0.6,-10.02,-9.35,-8.54,-9.28,4.0,1.16,18.0,1.0,0.6,0.6,-5.4,-4.95,-4.17,-4.79,4.0,0.75,18.0,1.0,0.6,0.6,1009.45,1010.95,1011.45,1010.48,4.0,1.39,18.0,1.0,0.6,0.6,3.8,5.0,6.2,5.0,6.0,1.5,20.0,1.0,0.5,0.7,-111.0,-101.0,-84.8,-98.0,4.0,20.6,18.0,1.0,0.6,0.6,-58.3,-51.0,-42.0,-50.2,4.0,9.5,18.0,1.0,0.6,0.6,0.5,0.5,1.76,0.95,6.0,0.7,20.0,1.0,0.5,0.7,4.9,11.9,20.6,12.7,4.0,9.1,18.0,1.0,0.6,0.6,5.3,6.85,7.33,6.34,4.0,1.51,18.0,1.0,0.6,0.6,56.7,69.2,74.1,65.6,4.0,13.1,18.0,1.0,0.6,0.6,-256.2,-245.1,-223.6,-240.1,4.0,25.3,18.0,1.0,0.6,0.6,-141.5,-129.6,-107.0,-124.5,4.0,21.5,18.0,1.0,0.6,0.6,-174.1,-148.8,-128.5,-151.2,4.0,33.0,18.0,1.0,0.6,0.6,-86.0,-77.1,-67.9,-77.0,4.0,10.7,18.0,1.0,0.6,0.6,-64.2,-59.9,-50.9,-57.7,4.0,9.7,18.0,1.0,0.6,0.6,-37.1,-34.6,-24.5,-31.0,4.0,10.1,18.0,1.0,0.6,0.6,981.5,1259.5,1355.5,1173.0,4.0,308.0,18.0,1.0,0.6,0.6,980.0,1260.0,1355.0,1175.0,4.0,310.0,18.0,1.0,0.6,0.6
1974,2,318.0,6.0,27.21,27.65,28.09,27.65,2.0,0.92,18.0,0.0,0.4,0.3,26.05,26.15,26.25,26.15,2.0,0.21,18.0,0.0,0.4,0.3,14.84,14.84,14.84,14.84,1.0,0.0,22.0,0.0,0.2,0.4,70.8,70.8,70.8,70.8,1.0,0.0,22.0,0.0,0.4,7.36,7.7,8.04,7.7,2.0,0.71,18.0,0.0,0.4,0.3,-7.37,-5.84,-4.31,-5.84,2.0,3.16,18.0,0.0,0.4,0.3,-5.47,-3.83,-2.19,-3.83,2.0,3.4,18.0,0.0,0.4,0.3,1011.92,1012.4,1012.88,1012.4,2.0,0.99,18.0,0.0,0.4,0.3,3.0,5.0,7.0,5.0,2.0,4.2,18.0,0.0,0.4,0.3,-59.8,-46.1,-32.3,-46.1,2.0,28.5,18.0,0.0,0.4,0.3,-39.6,-28.3,-16.9,-28.3,2.0,23.5,18.0,0.0,0.4,0.3,0.95,1.5,2.05,1.5,2.0,1.13,18.0,0.0,0.4,0.3,7.5,11.2,14.8,11.2,2.0,7.7,18.0,0.0,0.4,0.3,9.28,9.28,9.28,9.28,1.0,0.0,22.0,0.0,0.2,0.4,66.8,66.8,66.8,66.8,1.0,0.0,22.0,0.0,0.2,0.4,-193.5,-153.0,-112.5,-153.0,2.0,84.0,18.0,0.0,0.4,0.3,-142.3,-99.8,-57.2,-99.8,2.0,88.2,18.0,0.0,0.4,0.3,-53.4,-53.4,-53.4,-53.4,1.0,0.0,22.0,0.0,0.2,0.4,-92.5,-92.5,-92.5,-92.5,1.0,0.0,22.0,0.0,0.2,0.4,-33.4,-33.4,-33.4,-33.4,1.0,0.0,22.0,0.0,0.2,0.4,-57.9,-57.9,-57.9,-57.9,1.0,0.0,22.0,0.0,0.2,0.4,401.5,462.5,523.0,462.5,2.0,126.0,18.0,0.0,0.4,0.3,400.0,460.0,525.0,460.0,2.0,125.0,18.0,0.0,0.4,0.3
1974,2,318.0,7.0,26.5,26.5,26.5,26.5,1.0,0.0,28.0,0.0,0.6,0.5,24.0,24.0,24.0,24.0,1.0,0.0,28.0,0.0,0.6,0.5,17.08,17.08,17.08,17.08,1.0,0.0,28.0,0.0,0.6,0.5,91.9,91.9,91.9,91.9,1.0,0.0,28.0,0.0,0.5,6.7,6.7,6.7,6.7,1.0,0.0,28.0,0.0,0.6,0.5,-5.13,-5.13,-5.13,-5.13,1.0,0.0,28.0,0.0,0.6,0.5,-4.31,-4.31,-4.31,-4.31,1.0,0.0,28.0,0.0,0.6,0.5,1013.1,1013.1,1013.1,1013.1,1.0,0.0,28.0,0.0,0.6,0.5,4.0,4.0,4.0,4.0,1.0,0.0,28.0,0.0,0.6,0.5,-34.4,-34.4,-34.4,-34.4,1.0,0.0,28.0,0.0,0.6,0.5,-28.9,-28.9,-28.9,-28.9,1.0,0.0,28.0,0.0,0.6,0.5,2.5,2.5,2.5,2.5,1.0,0.0,28.0,0.0,0.6,0.5,16.8,16.8,16.8,16.8,1.0,0.0,28.0,0.0,0.6,0.5,4.56,4.56,4.56,4.56,1.0,0.0,28.0,0.0,0.6,0.5,30.5,30.5,30.5,30.5,1.0,0.0,28.0,0.0,0.6,0.5,-123.2,-123.2,-123.2,-123.2,1.0,0.0,28.0,0.0,0.6,0.5,-103.4,-103.4,-103.4,-103.4,1.0,0.0,28.0,0.0,0.6,0.5,-87.7,-87.7,-87.7,-87.7,1.0,0.0,28.0,0.0,0.6,0.5,-73.6,-73.6,-73.6,-73.6,1.0,0.0,28.0,0.0,0.6,0.5,-23.4,-23.4,-23.4,-23.4,1.0,0.0,28.0,0.0,0.6,0.5,-19.6,-19.6,-19.6,-19.6,1.0,0.0,28.0,0.0,0.6,0.5,301.0,301.0,301.0,301.0,1.0,0.0,28.0,0.0,0.6,0.5,300.0,300.0,300.0,300.0,1.0,0.0,28.0,0.0,0.6,0.5
1974,2,318.0,8.0,24.2,25.15,26.52,25.35,4.0,1.39,12.0,0.5,0.3,0.5,24.24,25.0,25.76,25.0,4.0,0.91,12.0,0.5,0.3,0.5,13.71,14.86,16.01,14.86,2.0,2.38,10.0,0.5,0.1,0.6,74.1,81.0,81.6,77.9,3.0,6.1,8.0,0.3,0.6,7.91,9.5,11.19,9.55,4.0,2.07,12.0,0.5,0.3,0.5,-8.31,-7.8,-7.22,-7.77,4.0,0.79,12.0,0.5,0.3,0.5,-7.97,-4.54,-1.17,-4.57,4.0,4.12,12.0,0.5,0.3,0.5,1009.42,1011.4,1011.54,1010.5,3.0,1.73,16.0,0.7,0.2,0.4,5.0,6.5,7.0,6.0,4.0,1.4,12.0,0.5,0.3,0.5,-87.2,-78.5,-61.6,-74.6,4.0,18.6,12.0,0.5,0.3,0.5,-90.3,-43.0,-8.4,-49.1,4.0,50.0,12.0,0.5,0.3,0.5,-0.21,0.15,0.93,0.35,4.0,0.82,12.0,0.5,0.3,0.5,-2.2,1.1,7.9,2.8,4.0,7.3,12.0,0.5,0.3,0.5,5.82,5.84,5.85,5.84,2.0,0.03,10.0,0.5,0.1,0.6,43.3,46.4,49.5,46.4,2.0,6.4,10.0,0.5,0.1,0.6,-211.7,-196.9,-177.1,-194.5,4.0,24.6,12.0,0.5,0.3,0.5,-202.4,-110.7,-28.1,-115.1,4.0,106.4,12.0,0.5,0.3,0.5,-135.2,-116.5,-97.8,-116.5,2.0,38.7,10.0,0.5,0.1,0.6,-27.3,-16.2,-5.1,-16.2,2.0,22.9,10.0,0.5,0.1,0.6,-49.1,-45.1,-41.2,-45.1,2.0,8.2,10.0,0.5,0.1,0.6,-12.0,-7.2,-2.3,-7.2,2.0,10.1,10.0,0.5,0.1,0.6,509.0,875.5,1425.5,963.0,4.0,589.5,12.0,0.5,0.3,0.5,510.0,875.0,1425.0,965.0,4.0,590.0,12.0,0.5,0.3,0.5
1974,2,318.0,9.0,25.38,25.6,26.0,25.64,5.0,0.41,20.0,0.6,0.5,0.6,23.0,23.2,24.17,23.56,5.0,0.77,20.0,0.6,0.5,0.6,14.9,15.7,16.5,15.7,2.0,1.66,16.0,0.5,0.4,0.8,77.4,83.3,89.1,83.3,2.0,12.2,16.0,0.5,0.8,10.19,12.0,12.52,11.5,5.0,1.28,20.0,0.6,0.5,0.6,-11.31,-7.89,-7.05,-8.86,5.0,2.41,20.0,0.6,0.5,0.6,-8.0,-6.45,-5.62,-6.82,5.0,2.23,20.0,0.6,0.5,0.6,1012.8,1014.5,1015.67,1014.24,5.0,1.58,20.0,0.6,0.5,0.6,2.0,3.0,4.6,3.3,4.0,2.1,20.0,0.8,0.4,0.5,-142.9,-81.3,-74.9,-103.2,5.0,36.6,20.0,0.6,0.5,0.6,-98.4,-68.2,-59.7,-78.4,5.0,28.2,20.0,0.6,0.5,0.6,1.43,1.8,3.0,2.08,5.0,0.93,20.0,0.6,0.5,0.6,15.4,23.2,32.2,23.5,5.0,10.1,20.0,0.6,0.5,0.6,4.0,4.79,5.58,4.79,2.0,1.64,16.0,0.5,0.4,0.8,43.0,55.3,67.5,55.3,2.0,25.4,16.0,0.5,0.4,0.8,-269.2,-187.8,-162.2,-209.6,5.0,61.5,20.0,0.6,0.5,0.6,-187.3,-149.6,-132.0,-159.7,5.0,49.0,20.0,0.6,0.5,0.6,-162.3,-150.5,-138.6,-150.5,2.0,24.5,16.0,0.5,0.4,0.8,-103.7,-86.4,-69.1,-86.4,2.0,35.8,16.0,0.5,0.4,0.8,-62.4,-48.7,-35.0,-48.7,2.0,28.4,16.0,0.5,0.4,0.8,-24.9,-24.5,-24.2,-24.5,2.0,0.7,16.0,0.5,0.4,0.8,1059.0,1728.0,1965.0,1565.5,5.0,498.5,20.0,0.6,0.5,0.6,1060.0,1730.0,1965.0,1565.0,5.0,500.0,20.0,0.6,0.5,0.6
1974,2,318.0,10.0,26.0,26.0,26.0,26.0,2.0,0.0,28.0,1.0,0.6,0.1,22.4,23.25,24.1,23.25,2.0,1.77,28.0,1.0,0.6,0.1,13.93,13.93,13.93,13.93,1.0,0.0,28.0,1.0,0.3,0.2,73.2,73.2,73.2,73.2,1.0,0.0,28.0,1.0,0.2,5.74,8.2,8.75,7.27,3.0,2.34,26.0,0.7,0.5,0.2,-8.04,-6.28,-4.01,-6.03,3.0,2.96,26.0,0.7,0.5,0.2,-4.72,-3.52,-2.19,-3.45,3.0,1.86,26.0,0.7,0.5,0.2,1015.22,1016.55,1017.88,1016.55,2.0,2.76,28.0,1.0,0.6,0.1,0.6,2.0,4.7,2.7,3.0,3.1,26.0,0.7,0.5,0.2,-70.8,-51.5,-25.6,-48.3,3.0,33.2,26.0,0.7,0.5,0.2,-34.6,-16.2,-14.7,-24.5,3.0,16.2,26.0,0.7,0.5,0.2,1.9,2.75,3.6,2.75,2.0,1.77,28.0,1.0,0.6,0.1,16.1,24.2,32.2,24.2,2.0,16.8,28.0,1.0,0.6,0.1,6.96,6.96,6.96,6.96,1.0,0.0,28.0,1.0,0.3,0.2,57.1,57.1,57.1,57.1,1.0,0.0,28.0,1.0,0.3,0.2,-188.5,-174.4,-160.4,-174.4,2.0,29.1,28.0,1.0,0.6,0.1,-114.1,-81.8,-49.4,-81.8,2.0,67.0,28.0,1.0,0.6,0.1,-87.5,-87.5,-87.5,-87.5,1.0,0.0,28.0,1.0,0.3,0.2,-73.4,-73.4,-73.4,-73.4,1.0,0.0,28.0,1.0,0.3,0.2,-43.7,-43.7,-43.7,-43.7,1.0,0.0,28.0,1.0,0.3,0.2,-36.7,-36.7,-36.7,-36.7,1.0,0.0,28.0,1.0,0.3,0.2,241.5,551.5,672.5,459.0,3.0,326.0,26.0,0.7,0.5,0.2,240.0,550.0,675.0,460.0,3.0,325.0,26.0,0.7,0.5,0.2
1974,2,318.0,11.0,24.5,24.7,24.77,24.63,3.0,0.21,10.0,0.7,0.4,0.4,23.93,24.0,25.77,24.83,3.0,1.53,10.0,0.7,0.4,0.4,13.07,13.6,14.19,13.63,3.0,0.83,10.0,0.7,0.4,0.4,63.6,73.2,76.7,70.2,3.0,9.9,10.0,0.7,0.4,8.21,9.3,11.35,9.77,3.0,2.34,10.0,0.7,0.4,0.4,-10.18,-9.16,-8.16,-9.17,3.0,1.48,10.0,0.7,0.4,0.4,-4.71,-1.61,-0.51,-2.59,3.0,3.19,10.0,0.7,0.4,0.4,1011.11,1012.0,1013.02,1012.07,3.0,1.4,10.0,0.7,0.4,0.4,4.6,6.0,6.7,5.7,3.0,1.5,10.0,0.7,0.4,0.4,-116.5,-85.2,-67.5,-91.8,3.0,36.3,10.0,0.7,0.4,0.4,-56.4,-15.0,-4.8,-30.2,3.0,40.0,10.0,0.7,0.4,0.4,-1.07,0.5,0.64,-0.2,3.0,1.39,10.0,0.7,0.4,0.4,-10.2,3.9,7.1,-1.4,3.0,13.5,10.0,0.7,0.4,0.4,5.02,5.86,6.44,5.73,3.0,1.05,10.0,0.7,0.4,0.4,44.1,62.4,69.0,56.7,3.0,18.9,10.0,0.7,0.4,0.4,-251.8,-243.6,-202.9,-227.8,3.0,38.4,10.0,0.7,0.4,0.4,-114.4,-43.0,-13.6,-63.5,3.0,75.9,10.0,0.7,0.4,0.4,-136.2,-117.4,-113.3,-124.6,3.0,17.9,10.0,0.7,0.4,0.4,-63.7,-20.7,-6.6,-34.8,3.0,43.6,10.0,0.7,0.4,0.4,-62.1,-61.5,-43.8,-53.2,3.0,15.2,10.0,0.7,0.4,0.4,-28.0,-10.8,-3.4,-15.6,3.0,18.5,10.0,0.7,0.4,0.4,567.0,804.5,1525.5,1040.5,3.0,731.5,10.0,0.7,0.4,0.4,565.0,805.0,1525.0,1040.0,3.0,730.0,10.0,0.7,0.4,0.4
1974,2,318.0,13.0,24.51,25.6,26.69,25.6,2.0,2.26,20.0,0.5,0.6,0.3,23.25,24.85,26.45,24.85,2.0,3.32,20.0,0.5,0.6,0.3,11.76,13.59,15.43,13.59,2.0,3.8,20.0,0.5,0.6,0.3,65.8,68.5,71.1,68.5,2.0,5.5,20.0,0.5,0.3,10.3,10.3,10.3,10.3,2.0,0.0,20.0,0.5,0.6,0.3,-8.96,-7.41,-5.87,-7.41,2.0,3.2,20.0,0.5,0.6,0.3,-8.06,-6.22,-4.38,-6.22,2.0,3.82,20.0,0.5,0.6,0.3,1012.39,1013.45,1014.51,1013.45,2.0,2.19,20.0,0.5,0.6,0.3,4.5,5.5,6.5,5.5,2.0,2.1,20.0,0.5,0.6,0.3,-92.3,-76.4,-60.4,-76.4,2.0,33.0,20.0,0.5,0.6,0.3,-83.1,-64.1,-45.1,-64.1,2.0,39.3,20.0,0.5,0.6,0.3,0.24,0.75,1.26,0.75,2.0,1.06,20.0,0.5,0.6,0.3,2.5,7.7,13.0,7.7,2.0,10.9,20.0,0.5,0.6,0.3,6.52,6.99,7.45,6.99,2.0,0.96,20.0,0.5,0.6,0.3,67.2,72.0,76.8,72.0,2.0,9.9,20.0,0.5,0.6,0.3,-239.9,-189.6,-139.3,-189.6,2.0,104.2,20.0,0.5,0.6,0.3,-184.1,-148.3,-112.5,-148.3,2.0,74.2,20.0,0.5,0.6,0.3,-141.5,-106.9,-72.3,-106.9,2.0,71.7,20.0,0.5,0.6,0.3,-90.9,-77.3,-63.7,-77.3,2.0,28.2,20.0,0.5,0.6,0.3,-57.6,-50.3,-42.9,-50.3,2.0,15.2,20.0,0.5,0.6,0.3,-61.1,-45.3,-29.6,-45.3,2.0,32.7,20.0,0.5,0.6,0.3,1092.5,1092.5,1092.5,1092.5,2.0,0.0,20.0,0.5,0.6,0.3,1095.0,1095.0,1095.0,1095.0,2.0,0.0,20.0,0.5,0.6,0.3
1974,2,318.0,14.0,23.5,23.5,23.5,23.5,1.0,0.0,22.0,0.0,0.9,0.4,22.5,22.5,22.5,22.5,1.0,0.0,22.0,0.0,0.9,0.4,12.17,12.17,12.17,12.17,1.0,0.0,22.0,0.0,0.9,0.4,72.0,72.0,72.0,72.0,1.0,0.0,22.0,0.0,0.4,8.2,8.2,8.2,8.2,1.0,0.0,22.0,0.0,0.9,0.4,-8.08,-8.08,-8.08,-8.08,1.0,0.0,22.0,0.0,0.9,0.4,-1.42,-1.42,-1.42,-1.42,1.0,0.0,22.0,0.0,0.9,0.4,1014.5,1014.5,1014.5,1014.5,1.0,0.0,22.0,0.0,0.9,0.4,7.0,7.0,7.0,7.0,1.0,0.0,22.0,0.0,0.9,0.4,-66.2,-66.2,-66.2,-66.2,1.0,0.0,22.0,0.0,0.9,0.4,-11.7,-11.7,-11.7,-11.7,1.0,0.0,22.0,0.0,0.9,0.4,1.0,1.0,1.0,1.0,1.0,0.0,22.0,0.0,0.9,0.4,8.2,8.2,8.2,8.2,1.0,0.0,22.0,0.0,0.9,0.4,5.86,5.86,5.86,5.86,1.0,0.0,22.0,0.0,0.9,0.4,48.0,48.0,48.0,48.0,1.0,0.0,22.0,0.0,0.9,0.4,-181.7,-181.7,-181.7,-181.7,1.0,0.0,22.0,0.0,0.9,0.4,-32.0,-32.0,-32.0,-32.0,1.0,0.0,22.0,0.0,0.9,0.4,-98.3,-98.3,-98.3,-98.3,1.0,0.0,22.0,0.0,0.9,0.4,-17.3,-17.3,-17.3,-17.3,1.0,0.0,22.0,0.0,0.9,0.4,-47.3,-47.3,-47.3,-47.3,1.0,0.0,22.0,0.0,0.9,0.4,-8.3,-8.3,-8.3,-8.3,1.0,0.0,22.0,0.0,0.9,0.4,551.5,551.5,551.5,551.5,1.0,0.0,22.0,0.0,0.9,0.4,550.0,550.0,550.0,550.0,1.0,0.0,22.0,0.0,0.9,0.4
1974,2,318.0,15.0,23.49,23.9,24.31,23.9,2.0,0.85,20.0,0.5,0.3,0.6,22.97,24.4,25.83,24.4,2.0,2.97,20.0,0.5,0.3,0.6,12.51,14.26,16.01,14.26,2.0,3.63,20.0,0.5,0.3,0.6,71.4,74.2,76.9,74.2,2.0,5.7,20.0,0.5,0.6,7.95,8.5,9.05,8.5,2.0,1.13,20.0,0.5,0.3,0.6,-8.41,-7.7,-7.0,-7.7,2.0,1.46,20.0,0.5,0.3,0.6,-3.74,-3.52,-3.29,-3.52,2.0,0.47,20.0,0.5,0.3,0.6,1015.5,1015.7,1015.9,1015.7,2.0,0.42,20.0,0.5,0.3,0.6,1.2,1.5,1.8,1.5,2.0,0.7,20.0,0.5,0.3,0.6,-76.5,-66.3,-56.1,-66.3,2.0,21.2,20.0,0.5,0.3,0.6,-29.6,-29.6,-29.6,-29.6,2.0,0.0,20.0,0.5,0.3,0.6,-1.52,-0.5,0.52,-0.5,2.0,2.12,20.0,0.5,0.3,0.6,-14.4,-5.4,3.5,-5.4,2.0,18.6,20.0,0.5,0.3,0.6,2.9,4.2,5.49,4.2,2.0,2.68,20.0,0.5,0.3,0.6,25.5,34.2,42.9,34.2,2.0,18.0,20.0,0.5,0.3,0.6,-218.4,-190.1,-161.9,-190.1,2.0,58.6,20.0,0.5,0.3,0.6,-85.6,-85.1,-84.5,-85.1,2.0,1.1,20.0,0.5,0.3,0.6,-136.1,-112.5,-89.0,-112.5,2.0,48.8,20.0,0.5,0.3,0.6,-52.2,-49.3,-46.4,-49.3,2.0,6.0,20.0,0.5,0.3,0.6,-37.4,-30.4,-23.4,-30.4,2.0,14.5,20.0,0.5,0.3,0.6,-20.9,-15.4,-9.9,-15.4,2.0,11.4,20.0,0.5,0.3,0.6,511.5,630.5,749.0,630.5,2.0,246.0,20.0,0.5,0.3,0.6,510.0,630.0,750.0,630.0,2.0,245.0,20.0,0.5,0.3,0.6
1974,2,318.0,16.0,24.4,24.4,24.4,24.4,1.0,0.0,16.0,1.0,0.8,0.3,23.3,23.3,23.3,23.3,1.0,0.0,16.0,1.0,0.8,0.3,11.72,11.72,11.72,11.72,1.0,0.0,16.0,1.0,0.8,0.3,66.4,66.4,66.4,66.4,1.0,0.0,16.0,1.0,0.3,8.2,8.2,8.2,8.2,1.0,0.0,16.0,1.0,0.8,0.3,-8.08,-8.08,-8.08,-8.08,1.0,0.0,16.0,1.0,0.8,0.3,1.42,1.42,1.42,1.42,1.0,0.0,16.0,1.0,0.8,0.3,1020.0,1020.0,1020.0,1020.0,1.0,0.0,16.0,1.0,0.8,0.3,2.0,2.0,2.0,2.0,1.0,0.0,16.0,1.0,0.8,0.3,-66.2,-66.2,-66.2,-66.2,1.0,0.0,16.0,1.0,0.8,0.3,11.7,11.7,11.7,11.7,1.0,0.0,16.0,1.0,0.8,0.3,1.1,1.1,1.1,1.1,1.0,0.0,16.0,1.0,0.8,0.3,9.0,9.0,9.0,9.0,1.0,0.0,16.0,1.0,0.8,0.3,7.22,7.22,7.22,7.22,1.0,0.0,16.0,1.0,0.8,0.3,59.2,59.2,59.2,59.2,1.0,0.0,16.0,1.0,0.8,0.3,-188.2,-188.2,-188.2,-188.2,1.0,0.0,16.0,1.0,0.8,0.3,33.2,33.2,33.2,33.2,1.0,0.0,16.0,1.0,0.8,0.3,-94.7,-94.7,-94.7,-94.7,1.0,0.0,16.0,1.0,0.8,0.3,16.7,16.7,16.7,16.7,1.0,0.0,16.0,1.0,0.8,0.3,-58.3,-58.3,-58.3,-58.3,1.0,0.0,16.0,1.0,0.8,0.3,10.3,10.3,10.3,10.3,1.0,0.0,16.0,1.0,0.8,0.3,551.5,551.5,551.5,551.5,1.0,0.0,16.0,1.0,0.8,0.3,550.0,550.0,550.0,550.0,1.0,0.0,16.0,1.0,0.8,0.3
1974,2,318.0,18.0,22.2,22.2,22.2,22.2,1.0,0.0,2.0,0.0,0.4,0.5,21.7,21.7,21.7,21.7,1.0,0.0,2.0,0.0,0.4,0.5,11.64,11.64,11.64,11.64,1.0,0.0,2.0,0.0,0.4,0.5,72.3,72.3,72.3,72.3,1.0,0.0,2.0,0.0,0.5,10.3,10.3,10.3,10.3,1.0,0.0,2.0,0.0,0.4,0.5,-7.89,-7.89,-7.89,-7.89,1.0,0.0,2.0,0.0,0.4,0.5,6.62,6.62,6.62,6.62,1.0,0.0,2.0,0.0,0.4,0.5,1013.9,1013.9,1013.9,1013.9,1.0,0.0,2.0,0.0,0.4,0.5,6.0,6.0,6.0,6.0,1.0,0.0,2.0,0.0,0.4,0.5,-81.3,-81.3,-81.3,-81.3,1.0,0.0,2.0,0.0,0.4,0.5,68.2,68.2,68.2,68.2,1.0,0.0,2.0,0.0,0.4,0.5,0.5,0.5,0.5,0.5,1.0,0.0,2.0,0.0,0.4,0.5,5.2,5.2,5.2,5.2,1.0,0.0,2.0,0.0,0.4,0.5,5.01,5.01,5.01,5.01,1.0,0.0,2.0,0.0,0.4,0.5,51.6,51.6,51.6,51.6,1.0,0.0,2.0,0.0,0.4,0.5,-171.2,-171.2,-171.2,-171.2,1.0,0.0,2.0,0.0,0.4,0.5,143.7,143.7,143.7,143.7,1.0,0.0,2.0,0.0,0.4,0.5,-91.9,-91.9,-91.9,-91.9,1.0,0.0,2.0,0.0,0.4,0.5,77.1,77.1,77.1,77.1,1.0,0.0,2.0,0.0,0.4,0.5,-39.6,-39.6,-39.6,-39.6,1.0,0.0,2.0,0.0,0.4,0.5,33.2,33.2,33.2,33.2,1.0,0.0,2.0,0.0,0.4,0.5,1092.5,1092.5,1092.5,1092.5,1.0,0.0,2.0,0.0,0.4,0.5,1095.0,1095.0,1095.0,1095.0,1.0,0.0,2.0,0.0,0.4,0.5
1974,2,318.0,19.0,23.3,23.3,25.14,24.2,3.0,1.56,14.0,0.7,0.5,0.6,22.29,22.7,23.11,22.7,2.0,0.85,8.0,0.5,0.5,0.4,11.97,12.07,12.18,12.07,2.0,0.22,8.0,0.5,0.5,0.4,69.9,70.9,71.9,70.9,2.0,2.1,8.0,0.5,0.4,8.55,9.3,12.51,10.5,3.0,3.08,14.0,0.7,0.5,0.6,-10.23,-9.16,-7.75,-8.99,3.0,1.82,14.0,0.7,0.5,0.6,-6.66,-1.61,2.29,-2.17,3.0,6.57,14.0,0.7,0.5,0.6,1015.04,1016.0,1020.44,1017.7,3.0,4.22,14.0,0.7,0.5,0.6,2.0,4.0,5.4,3.7,3.0,2.5,14.0,0.7,0.5,0.6,-129.5,-85.2,-66.8,-97.9,3.0,47.2,14.0,0.7,0.5,0.6,-90.8,-15.0,18.2,-35.8,3.0,81.8,14.0,0.7,0.5,0.6,0.19,0.6,1.01,0.6,2.0,0.85,8.0,0.5,0.5,0.4,1.8,5.6,9.4,5.6,2.0,7.9,8.0,0.5,0.5,0.4,5.51,5.65,5.8,5.65,2.0,0.3,8.0,0.5,0.5,0.4,46.2,49.6,52.9,49.6,2.0,7.0,8.0,0.5,0.5,0.4,-196.5,-183.9,-171.3,-183.9,2.0,26.1,8.0,0.5,0.5,0.4,-14.9,29.9,74.7,29.9,2.0,92.8,8.0,0.5,0.5,0.4,-105.6,-98.0,-90.4,-98.0,2.0,15.8,8.0,0.5,0.5,0.4,-8.2,15.4,39.1,15.4,2.0,49.1,8.0,0.5,0.5,0.4,-51.3,-46.2,-41.0,-46.2,2.0,10.6,8.0,0.5,0.5,0.4,-4.4,6.4,17.3,6.4,2.0,22.5,8.0,0.5,0.5,0.4,631.5,804.5,2128.5,1366.5,3.0,1199.5,14.0,0.7,0.5,0.6,630.0,805.0,2130.0,1365.0,3.0,1200.0,14.0,0.7,0.5,0.6
1974,2,318.0,20.0,22.0,22.7,23.01,22.63,7.0,0.49,14.0,0.4,0.7,0.5,20.98,22.1,23.13,22.21,7.0,1.14,14.0,0.4,0.7,0.5,11.76,11.93,12.44,12.07,5.0,0.45,14.0,0.4,0.7,0.5,67.7,70.5,78.3,72.8,5.0,6.8,14.0,0.4,0.5,8.29,9.0,10.47,9.28,6.0,1.84,14.0,0.3,0.7,0.5,-9.65,-8.61,-7.36,-8.7,6.0,1.66,14.0,0.3,0.7,0.5,-4.48,-2.1,1.53,-1.74,6.0,3.11,14.0,0.3,0.7,0.5,1019.89,1020.7,1021.67,1021.17,7.0,1.81,14.0,0.4,0.7,0.5,3.0,5.0,6.0,4.6,7.0,1.6,14.0,0.4,0.7,0.5,-98.1,-79.9,-61.3,-83.2,6.0,32.7,14.0,0.3,0.7,0.5,-50.4,-18.9,13.5,-18.6,6.0,31.4,14.0,0.3,0.7,0.5,-0.31,0.0,1.43,0.41,7.0,0.94,14.0,0.4,0.7,0.5,-3.4,1.7,14.7,4.6,6.0,9.0,14.0,0.3,0.7,0.5,4.42,5.12,5.45,4.96,5.0,0.66,14.0,0.4,0.7,0.5,37.9,40.5,52.2,45.0,5.0,10.6,14.0,0.4,0.7,0.5,-214.8,-179.2,-164.9,-191.8,6.0,39.1,14.0,0.3,0.7,0.5,-98.0,-48.1,32.5,-38.1,6.0,67.5,14.0,0.3,0.7,0.5,-121.7,-109.1,-84.4,-105.2,5.0,23.0,14.0,0.4,0.7,0.5,-50.2,0.0,19.5,-12.3,5.0,35.6,14.0,0.4,0.7,0.5,-46.9,-39.8,-37.7,-42.8,5.0,9.2,14.0,0.4,0.7,0.5,-22.1,0.0,6.7,-6.2,5.0,14.9,14.0,0.4,0.7,0.5,584.5,731.5,1178.0,880.5,6.0,532.0,14.0,0.3,0.7,0.5,585.0,730.0,1180.0,880.0,6.0,530.0,14.0,0.3,0.7,0.5
1974,2,318.0,21.0,22.37,23.0,23.37,22.9,5.0,0.79,18.0,0.6,0.4,0.3,21.56,22.1,23.48,22.46,5.0,1.04,18.0,0.6,0.4,0.3,10.34,11.74,12.11,11.25,4.0,1.38,16.0,0.8,0.5,0.3,61.9,67.6,70.0,66.0,4.0,5.5,16.0,0.8,0.3,7.53,8.2,9.1,8.28,5.0,1.13,18.0,0.6,0.4,0.3,-8.71,-6.6,-4.29,-6.47,5.0,2.66,18.0,0.6,0.4,0.3,-6.7,-2.98,-0.66,-3.47,5.0,3.53,18.0,0.6,0.4,0.3,1019.2,1020.2,1021.3,1020.28,5.0,1.92,18.0,0.6,0.4,0.3,3.3,6.0,6.7,5.2,5.0,2.3,18.0,0.6,0.4,0.3,-79.7,-44.2,-34.5,-54.8,5.0,28.1,18.0,0.6,0.4,0.3,-54.2,-25.9,-7.7,-29.4,5.0,27.8,18.0,0.6,0.4,0.3,-0.41,0.2,1.44,0.44,5.0,0.97,18.0,0.6,0.4,0.3,-3.4,1.7,11.6,3.5,5.0,8.0,18.0,0.6,0.4,0.3,4.7,5.67,7.38,6.02,4.0,1.67,16.0,0.8,0.5,0.3,38.6,52.0,62.1,50.4,4.0,15.4,16.0,0.8,0.5,0.3,-205.6,-145.8,-92.5,-147.3,5.0,65.5,18.0,0.6,0.4,0.3,-144.5,-70.8,-15.8,-76.6,5.0,75.7,18.0,0.6,0.4,0.3,-108.5,-86.9,-49.9,-79.5,4.0,39.7,16.0,0.8,0.5,0.3,-54.1,-28.2,-2.9,-28.5,4.0,35.0,16.0,0.8,0.5,0.3,-50.1,-38.4,-26.4,-38.2,4.0,14.1,16.0,0.8,0.5,0.3,-42.2,-13.8,-1.1,-21.3,4.0,29.5,16.0,0.8,0.5,0.3,435.0,551.5,761.5,593.0,5.0,234.0,18.0,0.6,0.4,0.3,435.0,550.0,760.0,595.0,5.0,235.0,18.0,0.6,0.4,0.3
1974,2,318.0,22.0,22.16,23.6,24.04,23.27,6.0,0.95,16.0,0.2,0.5,0.3,21.0,21.65,22.37,21.75,6.0,0.84,16.0,0.2,0.5,0.3,9.76,11.42,13.28,11.68,6.0,2.21,16.0,0.2,0.5,0.3,63.4,69.3,84.0,72.3,6.0,11.1,16.0,0.2,0.3,6.2,7.45,9.13,7.8,6.0,1.75,16.0,0.2,0.5,0.3,-6.11,-4.69,-2.8,-4.55,6.0,1.79,16.0,0.2,0.5,0.3,-8.2,-5.67,-4.75,-6.12,6.0,1.75,16.0,0.2,0.5,0.3,1015.98,1020.1,1021.76,1019.07,6.0,3.3,16.0,0.2,0.5,0.3,1.8,3.5,4.8,3.7,6.0,2.4,16.0,0.2,0.5,0.3,-51.5,-31.4,-23.3,-37.0,6.0,21.3,16.0,0.2,0.5,0.3,-74.9,-38.9,-33.8,-49.9,6.0,24.8,16.0,0.2,0.5,0.3,0.79,1.5,2.34,1.52,6.0,1.01,16.0,0.2,0.5,0.3,6.9,13.4,16.3,11.6,6.0,6.5,16.0,0.2,0.5,0.3,3.59,6.07,8.08,6.03,6.0,2.49,16.0,0.2,0.5,0.3,30.7,46.6,57.5,44.8,6.0,14.3,16.0,0.2,0.5,0.3,-136.9,-101.5,-58.8,-100.1,6.0,42.5,16.0,0.2,0.5,0.3,-175.5,-119.4,-105.5,-133.2,6.0,39.2,16.0,0.2,0.5,0.3,-72.4,-51.6,-34.2,-55.1,6.0,29.5,16.0,0.2,0.5,0.3,-108.9,-54.3,-52.2,-73.5,6.0,33.4,16.0,0.2,0.5,0.3,-38.0,-22.5,-17.7,-26.1,6.0,12.5,16.0,0.2,0.5,0.3,-45.2,-33.8,-26.3,-35.1,6.0,12.6,16.0,0.2,0.5,0.3,238.5,415.0,782.5,537.5,6.0,387.0,16.0,0.2,0.5,0.3,240.0,415.0,785.0,535.0,6.0,385.0,16.0,0.2,0.5,0.3
1974,2,318.0,23.0,21.2,22.0,22.91,22.05,8.0,0.72,20.0,0.4,0.5,0.5,20.21,21.2,22.95,21.63,9.0,1.46,18.0,0.4,0.6,0.5,11.7,11.99,12.14,11.89,8.0,0.43,18.0,0.5,0.6,0.4,70.4,74.4,79.9,74.1,8.0,5.3,18.0,0.5,0.4,5.53,7.7,9.22,7.57,9.0,1.89,18.0,0.4,0.6,0.5,-9.12,-5.8,-2.97,-5.44,9.0,4.48,18.0,0.4,0.6,0.5,-3.04,0.0,3.81,0.35,9.0,3.8,18.0,0.4,0.6,0.5,1018.9,1021.2,1022.22,1020.73,9.0,1.64,18.0,0.4,0.6,0.5,3.0,5.0,8.0,5.0,9.0,2.6,18.0,0.4,0.6,0.5,-84.1,-43.2,-14.3,-45.3,9.0,41.6,18.0,0.4,0.6,0.5,-29.3,0.0,21.3,1.3,9.0,29.1,18.0,0.4,0.6,0.5,0.02,0.65,1.46,0.53,8.0,1.23,20.0,0.4,0.5,0.5,0.2,4.9,13.3,4.4,8.0,9.6,20.0,0.4,0.5,0.5,4.36,4.46,4.99,4.57,7.0,0.61,20.0,0.4,0.5,0.5,27.9,32.9,46.2,35.1,7.0,9.6,20.0,0.4,0.5,0.5,-191.1,-116.6,-67.7,-117.4,9.0,95.9,18.0,0.4,0.6,0.5,-62.0,0.0,85.1,7.4,9.0,80.4,18.0,0.4,0.6,0.5,-104.4,-65.5,-31.8,-58.7,8.0,53.4,18.0,0.5,0.6,0.4,-36.7,1.7,48.3,5.2,8.0,48.3,18.0,0.5,0.6,0.4,-43.5,-28.5,-9.9,-23.4,7.0,23.3,20.0,0.4,0.5,0.5,-16.1,8.7,19.9,2.9,7.0,18.3,20.0,0.4,0.5,0.5,178.0,456.5,784.0,504.0,9.0,326.5,18.0,0.4,0.6,0.5,180.0,455.0,785.0,505.0,9.0,325.0,18.0,0.4,0.6,0.5
1974,2,318.0,24.0,21.09,22.35,23.71,22.39,8.0,1.12,12.0,0.9,0.4,0.4,21.64,22.25,22.98,22.24,8.0,0.72,12.0,0.9,0.4,0.4,11.81,12.19,13.13,12.35,7.0,1.45,12.0,0.9,0.5,0.4,68.5,76.2,80.2,74.9,7.0,8.0,12.0,0.9,0.4,5.1,7.45,8.7,6.95,8.0,1.92,12.0,0.9,0.4,0.4,-8.59,-6.93,-5.1,-6.66,8.0,1.84,12.0,0.9,0.4,0.4,0.0,0.0,0.0,0.52,8.0,2.11,12.0,0.9,0.4,0.4,1020.62,1023.1,1025.51,1022.96,8.0,2.17,12.0,0.9,0.4,0.4,2.1,4.5,7.0,4.6,8.0,2.3,12.0,0.9,0.4,0.4,-73.9,-54.9,-26.0,-49.2,8.0,24.2,12.0,0.9,0.4,0.4,0.0,0.0,0.0,5.4,8.0,17.6,12.0,0.9,0.4,0.4,-1.13,0.6,1.0,0.15,8.0,1.29,12.0,0.9,0.4,0.4,-8.5,4.0,8.5,2.2,8.0,9.0,12.0,0.9,0.4,0.4,2.54,4.19,5.35,4.3,7.0,2.35,12.0,0.9,0.5,0.4,10.5,29.9,46.5,31.3,7.0,22.9,12.0,0.9,0.5,0.4,-189.8,-151.6,-112.8,-148.4,8.0,41.7,12.0,0.9,0.4,0.4,0.0,0.0,0.0,12.2,8.0,47.8,12.0,0.9,0.4,0.4,-87.6,-85.2,-61.5,-76.7,7.0,15.8,12.0,0.9,0.5,0.4,-0.9,0.0,3.5,7.9,7.0,29.5,12.0,0.9,0.5,0.4,-36.5,-29.9,-9.8,-29.7,7.0,22.2,12.0,0.9,0.5,0.4,-0.2,0.0,1.4,3.6,7.0,11.3,12.0,0.9,0.5,0.4,132.5,415.0,658.5,401.5,8.0,267.0,12.0,0.9,0.4,0.4,135.0,415.0,660.0,400.0,8.0,265.0,12.0,0.9,0.4,0.4
1974,2,318.0,25.0,20.3,21.1,22.51,21.48,12.0,1.43,12.0,0.4,0.6,0.3,20.74,21.6,23.55,22.22,13.0,1.85,12.0,0.5,0.6,0.3,11.63,12.26,13.47,12.57,11.0,1.64,12.0,0.5,0.6,0.3,70.8,76.0,87.3,77.5,12.0,7.8,12.0,0.5,0.2,3.5,5.1,7.82,5.38,13.0,2.44,12.0,0.5,0.6,0.3,-7.67,-4.6,-2.11,-4.59,13.0,2.92,12.0,0.5,0.6,0.3,-2.6,0.64,1.99,0.4,13.0,2.42,12.0,0.5,0.6,0.3,1021.37,1022.45,1024.2,1022.22,12.0,2.78,12.0,0.5,0.6,0.3,1.0,3.0,7.1,3.8,13.0,2.7,12.0,0.5,0.6,0.3,-60.1,-22.5,-5.4,-30.4,13.0,27.4,12.0,0.5,0.6,0.3,-14.4,0.6,10.7,0.0,13.0,16.8,12.0,0.5,0.6,0.3,-2.48,-0.7,0.95,-0.78,12.0,1.82,12.0,0.4,0.6,0.3,-18.6,-2.5,5.0,-4.5,12.0,11.3,12.0,0.4,0.6,0.3,2.14,3.37,4.99,3.48,10.0,1.46,12.0,0.5,0.6,0.3,6.2,22.3,30.1,19.9,10.0,12.6,12.0,0.5,0.6,0.3,-163.7,-96.6,-43.8,-103.5,13.0,69.0,12.0,0.5,0.6,0.3,-55.3,13.0,44.6,8.1,13.0,54.8,12.0,0.5,0.6,0.3,-92.8,-54.1,-34.2,-63.7,11.0,37.2,12.0,0.5,0.6,0.3,-33.9,8.2,19.8,1.7,11.0,31.6,12.0,0.5,0.6,0.3,-29.0,-20.7,-5.9,-18.0,10.0,11.0,12.0,0.5,0.6,0.3,-9.5,0.8,5.5,1.1,10.0,10.9,12.0,0.5,0.6,0.3,44.0,132.5,482.5,245.5,13.0,268.0,12.0,0.5,0.6,0.3,45.0,135.0,485.0,245.0,13.0,270.0,12.0,0.5,0.6,0.3
1974,2,318.0,26.0,21.0,21.5,22.29,21.6,9.0,1.1,12.0,0.6,0.6,0.4,20.42,21.1,21.77,21.22,9.0,0.89,12.0,0.6,0.6,0.4,9.76,11.83,12.68,11.51,8.0,1.92,14.0,0.5,0.6,0.5,67.4,75.1,79.9,73.9,8.0,10.7,14.0,0.5,0.5,4.23,4.6,10.03,6.62,9.0,2.75,12.0,0.6,0.6,0.4,-7.68,-4.32,-2.96,-4.7,9.0,2.59,12.0,0.6,0.6,0.4,0.22,1.57,6.45,2.4,9.0,4.33,12.0,0.6,0.6,0.4,1020.22,1022.0,1023.71,1022.29,9.0,2.0,12.0,0.6,0.6,0.4,2.5,5.0,6.0,4.7,9.0,2.0,12.0,0.6,0.6,0.4,-77.2,-20.3,-16.1,-35.8,9.0,31.3,12.0,0.6,0.6,0.4,1.0,7.2,55.7,16.6,9.0,41.2,12.0,0.6,0.6,0.4,-0.58,0.5,1.88,0.38,9.0,1.59,12.0,0.6,0.6,0.4,-2.7,4.1,10.1,2.0,9.0,10.7,12.0,0.6,0.6,0.4,3.29,4.44,5.68,4.45,8.0,1.7,14.0,0.5,0.6,0.5,15.4,26.8,43.5,30.1,8.0,15.9,14.0,0.5,0.6,0.5,-155.8,-87.3,-66.1,-98.7,9.0,53.2,12.0,0.6,0.6,0.4,4.7,31.8,136.5,53.3,9.0,91.9,12.0,0.6,0.6,0.4,-81.6,-57.2,-33.0,-54.5,8.0,31.8,14.0,0.5,0.6,0.5,1.3,36.9,80.5,33.1,8.0,51.7,14.0,0.5,0.6,0.5,-33.6,-25.1,-6.1,-22.8,8.0,15.0,14.0,0.5,0.6,0.5,0.4,10.3,22.4,6.6,8.0,20.4,14.0,0.5,0.6,0.5,76.5,97.5,1015.0,430.5,9.0,449.0,12.0,0.6,0.6,0.4,75.0,95.0,1015.0,430.0,9.0,450.0,12.0,0.6,0.6,0.4
1974,2,318.0,27.0,20.78,21.25,21.64,21.23,6.0,0.65,18.0,0.2,0.6,0.5,20.0,20.25,21.13,20.43,8.0,0.53,20.0,0.4,0.6,0.5,9.82,11.91,12.41,11.35,6.0,1.46,18.0,0.3,0.5,0.5,63.0,77.4,86.1,74.1,7.0,11.7,18.0,0.3,0.5,2.52,4.6,10.9,5.96,7.0,4.38,22.0,0.4,0.6,0.5,-0.14,0.89,3.71,1.03,7.0,2.34,22.0,0.4,0.6,0.5,-10.28,0.0,3.58,-2.27,7.0,6.92,22.0,0.4,0.6,0.5,1019.71,1022.2,1024.0,1022.01,7.0,2.33,18.0,0.4,0.6,0.5,1.0,3.0,5.9,3.4,8.0,2.4,20.0,0.4,0.6,0.5,-0.7,2.3,25.4,8.1,7.0,18.0,22.0,0.4,0.6,0.5,-112.3,0.0,16.8,-33.8,7.0,74.2,22.0,0.4,0.6,0.5,-0.04,0.6,1.25,0.7,6.0,0.88,18.0,0.2,0.6,0.5,-0.2,1.4,4.3,2.0,5.0,2.6,20.0,0.2,0.5,0.6,2.94,3.82,4.9,3.94,5.0,1.05,16.0,0.2,0.6,0.5,12.1,15.7,18.0,15.1,4.0,3.6,20.0,0.3,0.5,0.6,-3.0,18.9,74.3,20.7,7.0,48.4,22.0,0.4,0.6,0.5,-205.7,0.0,75.8,-44.3,7.0,140.4,22.0,0.4,0.6,0.5,-8.1,8.9,40.1,13.2,5.0,32.7,20.0,0.4,0.5,0.5,-61.4,24.4,49.2,-1.7,5.0,64.4,20.0,0.4,0.5,0.5,-5.0,3.3,8.4,1.8,4.0,9.7,20.0,0.3,0.5,0.6,0.7,13.2,13.8,7.5,4.0,11.9,20.0,0.3,0.5,0.6,17.0,97.5,1302.0,544.0,7.0,836.0,22.0,0.4,0.6,0.5,15.0,95.0,1300.0,545.0,7.0,835.0,22.0,0.4,0.6,0.5
1974,2,318.0,28.0,20.05,21.0,21.92,20.96,9.0,0.82,10.0,0.6,0.4,0.4,19.27,20.5,21.22,20.59,9.0,1.55,12.0,0.4,0.4,0.5,8.52,11.37,11.9,10.51,7.0,1.92,10.0,0.6,0.4,0.5,55.3,76.4,82.2,72.3,7.0,12.7,10.0,0.6,0.5,4.81,5.95,7.4,5.89,10.0,1.71,10.0,0.5,0.4,0.5,-5.07,-2.77,2.11,-1.48,10.0,3.99,10.0,0.5,0.4,0.5,-5.66,-0.23,2.95,-0.74,10.0,4.75,10.0,0.5,0.4,0.5,1022.12,1024.1,1025.73,1023.74,9.0,2.0,10.0,0.6,0.4,0.4,1.3,3.0,5.9,3.2,9.0,2.3,10.0,0.6,0.5,0.4,-28.0,-14.2,11.9,-8.1,10.0,22.3,10.0,0.5,0.4,0.5,-41.6,-0.6,17.2,-7.4,10.0,36.3,10.0,0.5,0.4,0.5,-1.16,0.35,1.17,0.16,8.0,1.27,12.0,0.5,0.4,0.4,-10.1,1.8,5.3,0.1,8.0,9.0,12.0,0.5,0.4,0.4,2.97,3.93,5.87,4.49,7.0,1.71,10.0,0.6,0.4,0.5,16.5,24.3,50.7,29.3,7.0,18.6,10.0,0.6,0.4,0.5,-100.8,-29.2,44.2,-22.4,9.0,82.0,12.0,0.4,0.4,0.5,-121.0,-8.6,66.7,-13.7,9.0,106.9,12.0,0.4,0.4,0.5,-57.3,9.7,32.3,-6.5,7.0,50.7,10.0,0.6,0.4,0.5,-55.8,-12.4,11.6,-18.6,7.0,39.4,10.0,0.6,0.4,0.5,-19.9,7.0,10.5,-2.8,7.0,17.1,10.0,0.6,0.4,0.5,-49.9,-2.9,4.1,-15.2,7.0,27.8,10.0,0.6,0.4,0.5,112.5,212.0,408.0,250.0,10.0,191.0,10.0,0.5,0.4,0.5,110.0,210.0,410.0,250.0,10.0,190.0,10.0,0.5,0.4,0.5
1974,2,318.0,29.0,19.82,20.6,21.33,20.62,17.0,0.87,10.0,0.3,0.5,0.5,19.0,19.9,20.05,19.56,17.0,1.05,10.0,0.3,0.5,0.5,9.7,10.67,12.44,10.98,16.0,1.4,10.0,0.3,0.5,0.5,71.7,76.0,87.5,78.6,16.0,8.5,10.0,0.3,0.5,2.6,5.1,8.44,5.53,17.0,3.65,10.0,0.3,0.5,0.5,-2.41,1.99,4.58,1.28,17.0,3.87,10.0,0.3,0.5,0.5,-0.41,1.95,5.56,1.53,17.0,5.16,10.0,0.3,0.5,0.5,1019.92,1023.5,1025.84,1023.45,17.0,3.05,10.0,0.3,0.5,0.5,1.0,1.0,7.0,3.2,17.0,3.0,10.0,0.3,0.5,0.5,-14.1,5.2,26.5,8.6,17.0,34.5,10.0,0.3,0.5,0.5,-1.1,10.8,38.0,2.4,17.0,62.4,10.0,0.3,0.5,0.5,0.25,0.6,2.57,1.06,17.0,1.38,10.0,0.3,0.5,0.5,0.5,2.0,9.5,6.4,17.0,12.3,10.0,0.3,0.5,0.5,3.21,3.77,5.15,3.98,16.0,1.66,10.0,0.3,0.5,0.5,5.6,19.0,33.4,22.5,16.0,22.5,10.0,0.3,0.5,0.5,-49.1,37.8,84.2,23.2,17.0,75.8,10.0,0.3,0.5,0.5,-8.2,32.6,111.3,32.3,17.0,98.4,10.0,0.3,0.5,0.5,-26.8,12.6,53.4,11.7,16.0,42.5,10.0,0.3,0.5,0.5,0.0,24.3,63.3,23.9,16.0,52.4,10.0,0.3,0.5,0.5,-9.2,0.8,20.7,4.6,16.0,17.4,10.0,0.3,0.5,0.5,-0.9,8.5,21.7,4.6,16.0,26.3,10.0,0.3,0.5,0.5,17.5,132.5,617.0,420.0,17.0,870.5,10.0,0.3,0.5,0.5,20.0,135.0,615.0,420.0,17.0,870.0,10.0,0.3,0.5,0.5
1974,2,318.0,30.0,19.0,20.0,20.59,19.86,18.0,0.89,14.0,0.6,0.4,0.5,19.94,20.55,21.83,20.57,18.0,1.05,14.0,0.6,0.4,0.5,10.55,12.21,12.99,11.9,13.0,1.43,14.0,0.5,0.4,0.5,68.2,82.3,87.8,79.8,13.0,9.9,14.0,0.5,0.5,4.6,5.1,8.39,6.02,18.0,2.39,14.0,0.6,0.4,0.5,-4.83,-1.87,2.37,-1.12,18.0,3.72,14.0,0.6,0.4,0.5,-1.13,3.56,7.75,3.25,18.0,4.21,14.0,0.6,0.4,0.5,1021.01,1023.5,1025.65,1023.6,18.0,3.61,14.0,0.6,0.4,0.5,3.0,5.0,7.0,5.0,18.0,1.9,14.0,0.6,0.4,0.5,-27.1,-7.0,13.5,-5.8,18.0,25.3,14.0,0.6,0.4,0.5,-5.7,19.0,64.0,26.2,18.0,36.1,14.0,0.6,0.4,0.5,-1.73,-0.7,-0.13,-0.71,18.0,1.18,14.0,0.6,0.4,0.5,-12.0,-4.8,-1.1,-5.4,18.0,7.0,14.0,0.6,0.4,0.5,0.46,2.24,3.56,2.31,13.0,1.41,14.0,0.5,0.4,0.5,2.6,11.4,17.5,12.1,13.0,10.0,14.0,0.5,0.4,0.5,-95.1,-38.2,49.7,-22.1,18.0,76.2,14.0,0.6,0.4,0.5,-22.5,73.8,163.6,68.5,18.0,89.4,14.0,0.6,0.4,0.5,-62.2,-31.3,12.2,-25.4,13.0,40.9,14.0,0.5,0.4,0.5,-23.4,47.7,78.3,32.9,13.0,52.2,14.0,0.5,0.4,0.5,-8.8,-2.0,3.7,-1.9,13.0,10.4,14.0,0.5,0.4,0.5,-1.2,1.9,14.0,5.8,13.0,10.5,14.0,0.5,0.4,0.5,97.5,132.5,600.5,315.5,18.0,314.0,14.0,0.6,0.4,0.5,95.0,135.0,600.0,315.0,18.0,315.0,14.0,0.6,0.4,0.5
1974,2,318.0,31.0,19.0,20.0,20.8,19.91,17.0,1.15,16.0,0.4,0.6,0.5,18.0,18.8,20.66,19.14,19.0,1.22,16.0,0.4,0.7,0.5,8.97,9.17,10.29,9.59,8.0,1.03,18.0,0.6,0.6,0.5,61.7,69.4,76.0,70.7,9.0,9.6,18.0,0.6,0.6,4.1,6.45,8.2,6.42,20.0,2.82,16.0,0.4,0.6,0.4,-4.59,-0.27,6.07,-0.11,20.0,5.31,16.0,0.4,0.6,0.4,-4.3,2.68,6.68,1.37,20.0,4.6,16.0,0.4,0.6,0.4,1022.5,1023.9,1025.63,1023.84,19.0,1.69,16.0,0.4,0.6,0.4,0.9,5.0,7.1,4.3,19.0,3.0,16.0,0.4,0.7,0.4,-23.0,-0.8,48.4,2.8,20.0,51.5,16.0,0.4,0.6,0.4,-21.5,10.0,48.2,7.0,20.0,37.0,16.0,0.4,0.6,0.4,-0.85,0.7,2.59,0.79,16.0,1.64,14.0,0.4,0.6,0.5,-3.4,4.6,17.9,6.3,16.0,12.4,14.0,0.4,0.6,0.5,3.8,4.8,6.52,4.68,8.0,1.99,18.0,0.6,0.6,0.5,12.4,25.3,54.0,29.2,8.0,20.7,18.0,0.6,0.6,0.5,-85.8,0.0,120.9,1.1,19.0,102.7,16.0,0.4,0.7,0.5,-90.2,44.6,102.8,21.2,19.0,86.7,16.0,0.4,0.7,0.5,-55.2,-32.5,3.0,-30.9,8.0,33.3,18.0,0.6,0.6,0.5,-45.3,-10.4,28.7,-8.7,8.0,35.8,18.0,0.6,0.6,0.5,-38.2,-17.3,0.0,-18.8,8.0,19.7,18.0,0.6,0.6,0.5,-26.3,-3.3,11.3,-8.2,8.0,23.2,18.0,0.6,0.6,0.5,69.0,269.5,551.0,416.0,20.0,491.5,16.0,0.4,0.6,0.4,70.0,270.0,550.0,415.0,20.0,490.0,16.0,0.4,0.6,0.4
1974,2,318.0,32.0,18.53,19.75,21.0,19.6,22.0,1.46,14.0,0.5,0.6,0.4,18.0,18.9,20.0,18.83,22.0,1.46,14.0,0.5,0.6,0.4,8.43,10.31,11.99,10.25,17.0,1.77,16.0,0.5,0.7,0.4,64.6,80.9,88.7,77.1,17.0,12.2,16.0,0.5,0.4,2.6,5.55,9.27,5.8,22.0,3.4,14.0,0.5,0.6,0.4,-3.22,0.0,4.72,0.58,22.0,4.51,14.0,0.5,0.6,0.4,-3.39,2.36,5.92,1.6,22.0,4.84,14.0,0.5,0.6,0.4,1018.33,1022.75,1027.8,1023.04,22.0,4.51,14.0,0.5,0.6,0.4,2.0,6.0,7.0,4.8,22.0,2.6,14.0,0.5,0.6,0.4,-16.7,0.0,38.0,5.4,22.0,41.9,14.0,0.5,0.6,0.4,-31.3,10.0,52.4,11.4,22.0,42.1,14.0,0.5,0.6,0.4,-0.47,0.9,2.13,0.76,22.0,1.69,14.0,0.5,0.6,0.4,-3.1,0.0,9.7,2.8,22.0,8.0,14.0,0.5,0.6,0.4,1.99,3.37,6.74,3.82,17.0,2.37,16.0,0.5,0.7,0.4,3.2,15.0,27.4,18.8,17.0,19.9,16.0,0.5,0.7,0.4,-59.6,0.0,94.5,11.8,22.0,89.1,14.0,0.5,0.6,0.4,-67.0,43.9,113.4,34.3,22.0,92.3,14.0,0.5,0.6,0.4,-35.8,-10.4,20.3,-11.2,17.0,41.8,16.0,0.5,0.7,0.4,-31.7,21.9,43.8,14.5,17.0,46.5,16.0,0.5,0.7,0.4,-13.3,0.0,5.5,0.6,17.0,21.2,16.0,0.5,0.7,0.4,-12.8,5.6,14.3,3.3,17.0,17.6,16.0,0.5,0.7,0.4,17.5,174.5,811.5,384.0,22.0,446.0,14.0,0.5,0.6,0.4,20.0,175.0,810.0,385.0,22.0,445.0,14.0,0.5,0.6,0.4
1974,2,318.0,33.0,18.0,19.0,20.0,19.01,24.0,1.11,14.0,0.6,0.5,0.4,17.63,18.85,20.1,18.88,24.0,1.2,14.0,0.6,0.5,0.4,7.87,10.49,11.37,9.9,18.0,1.73,14.0,0.7,0.6,0.5,61.8,79.9,83.1,74.9,18.0,11.4,14.0,0.7,0.5,5.07,8.45,11.3,8.22,24.0,3.32,14.0,0.6,0.5,0.4,-1.49,4.5,8.55,3.49,24.0,5.25,14.0,0.6,0.5,0.4,-6.5,0.0,5.9,0.55,24.0,6.41,14.0,0.6,0.5,0.4,1017.0,1023.55,1027.52,1022.95,24.0,5.06,14.0,0.6,0.5,0.4,0.0,5.0,8.0,4.2,22.0,3.1,12.0,0.6,0.6,0.5,-12.0,36.1,84.7,32.8,24.0,53.8,14.0,0.6,0.5,0.4,-65.6,0.0,46.5,5.9,24.0,72.9,14.0,0.6,0.5,0.4,-1.1,0.0,1.37,0.13,24.0,1.42,14.0,0.6,0.5,0.4,-6.7,0.0,12.2,1.1,24.0,13.1,14.0,0.6,0.5,0.4,1.93,2.95,5.67,3.52,18.0,1.78,14.0,0.7,0.6,0.5,10.3,27.0,39.6,26.3,18.0,16.2,14.0,0.7,0.6,0.5,-30.6,82.9,165.6,66.6,24.0,98.3,14.0,0.6,0.5,0.4,-118.5,0.0,110.9,14.3,24.0,123.2,14.0,0.6,0.5,0.4,-18.0,41.4,73.5,30.4,18.0,50.5,14.0,0.7,0.6,0.5,-39.9,13.0,59.1,10.9,18.0,60.7,14.0,0.7,0.6,0.5,-10.9,8.6,27.7,8.0,18.0,24.2,14.0,0.7,0.6,0.5,-21.1,2.6,23.2,1.8,18.0,18.4,14.0,0.7,0.6,0.5,130.0,605.0,1443.0,812.5,24.0,792.0,14.0,0.6,0.5,0.4,130.0,605.0,1445.0,810.0,24.0,790.0,14.0,0.6,0.5,0.4
1974,2,318.0,34.0,16.14,17.95,19.44,17.84,18.0,1.67,14.0,0.6,0.5,0.3,16.29,18.3,20.0,18.25,21.0,1.68,16.0,0.7,0.5,0.3,7.78,10.26,12.09,10.01,18.0,1.98,14.0,0.7,0.5,0.3,63.1,79.6,89.7,77.3,18.0,10.5,14.0,0.7,0.3,4.6,8.7,12.9,8.7,21.0,3.88,16.0,0.7,0.5,0.3,-1.3,3.98,9.88,4.33,21.0,5.9,16.0,0.7,0.5,0.3,-3.8,4.32,8.29,2.94,21.0,5.56,16.0,0.7,0.5,0.3,1016.1,1020.0,1024.77,1019.79,21.0,6.07,16.0,0.7,0.5,0.3,2.0,6.0,7.0,4.9,21.0,2.8,16.0,0.7,0.5,0.3,-6.0,20.3,127.5,55.1,21.0,72.3,16.0,0.7,0.5,0.3,-23.7,28.9,107.0,37.1,21.0,59.0,16.0,0.7,0.5,0.3,-2.56,-1.3,2.49,-0.44,18.0,2.59,14.0,0.6,0.5,0.3,-27.8,-11.8,19.8,-8.3,18.0,22.2,14.0,0.6,0.5,0.3,0.09,3.32,5.39,2.56,15.0,2.47,14.0,0.6,0.5,0.3,0.4,16.2,40.8,18.2,15.0,17.9,14.0,0.6,0.5,0.3,-26.0,79.7,189.8,83.0,21.0,111.1,16.0,0.7,0.5,0.3,-64.3,86.5,155.4,58.4,21.0,101.4,16.0,0.7,0.5,0.3,-7.6,35.6,102.9,43.3,18.0,61.9,14.0,0.7,0.5,0.3,-32.1,42.8,93.8,32.2,18.0,58.6,14.0,0.7,0.5,0.3,-0.8,7.3,12.2,4.3,15.0,14.0,14.0,0.6,0.5,0.3,-20.4,0.0,18.7,-0.4,15.0,21.4,14.0,0.6,0.5,0.3,97.5,658.5,2146.5,1036.0,21.0,1057.0,16.0,0.7,0.5,0.3,95.0,660.0,2145.0,1035.0,21.0,1055.0,16.0,0.7,0.5,0.3
1974,2,318.0,35.0,17.0,17.8,19.0,17.95,23.0,1.03,16.0,0.5,0.5,0.5,14.99,17.75,20.01,17.42,26.0,2.46,16.0,0.5,0.5,0.5,6.02,7.55,11.84,8.65,22.0,2.76,16.0,0.5,0.6,0.4,53.8,69.3,86.3,69.4,22.0,15.1,16.0,0.5,0.4,6.7,8.0,13.24,9.35,23.0,4.2,14.0,0.5,0.6,0.5,-2.38,3.35,8.89,3.93,23.0,6.4,14.0,0.5,0.6,0.5,-5.98,3.5,8.23,1.52,23.0,7.03,14.0,0.5,0.6,0.5,1017.49,1020.6,1027.2,1021.76,26.0,5.0,16.0,0.5,0.5,0.5,3.0,4.5,8.0,4.9,26.0,2.5,16.0,0.5,0.5,0.5,-13.8,29.6,136.6,53.0,23.0,92.8,14.0,0.5,0.6,0.5,-48.2,25.9,96.3,11.4,23.0,95.4,14.0,0.5,0.6,0.5,-0.85,1.0,3.05,0.94,23.0,2.03,16.0,0.5,0.5,0.5,-10.7,-2.1,21.4,2.9,20.0,16.2,16.0,0.5,0.6,0.5,1.08,4.57,7.04,4.4,19.0,2.65,16.0,0.5,0.6,0.4,11.8,29.4,52.0,34.2,16.0,28.3,14.0,0.4,0.6,0.4,-38.1,58.5,167.3,74.0,23.0,118.3,14.0,0.5,0.6,0.5,-92.1,58.9,143.1,33.4,23.0,124.2,14.0,0.5,0.6,0.5,-11.5,35.7,101.0,43.9,19.0,66.3,14.0,0.5,0.6,0.4,-38.6,45.7,85.4,24.8,19.0,64.5,14.0,0.5,0.6,0.4,-7.5,10.0,34.3,12.3,16.0,30.8,14.0,0.4,0.6,0.4,-33.2,2.3,10.2,-9.9,16.0,28.9,14.0,0.4,0.6,0.4,301.0,512.0,2511.5,1355.0,23.0,1928.5,14.0,0.5,0.6,0.5,300.0,510.0,2510.0,1355.0,23.0,1930.0,14.0,0.5,0.6,0.5
1974,2,318.0,36.0,17.0,17.5,17.8,17.39,14.0,0.77,18.0,0.7,0.6,0.4,14.15,16.35,17.8,16.16,16.0,1.92,18.0,0.6,0.6,0.4,5.29,9.94,11.62,8.83,12.0,3.01,18.0,0.6,0.6,0.4,53.1,79.6,92.9,73.9,12.0,19.3,18.0,0.6,0.4,5.71,9.0,14.83,9.94,16.0,4.26,18.0,0.6,0.6,0.4,-4.62,3.37,11.67,3.41,16.0,8.05,18.0,0.6,0.6,0.4,-4.83,0.0,8.46,0.83,16.0,6.75,18.0,0.6,0.6,0.4,1015.52,1020.8,1029.26,1021.54,15.0,6.13,18.0,0.7,0.6,0.4,2.4,5.0,8.0,5.3,16.0,2.6,18.0,0.6,0.6,0.4,-28.3,27.6,152.0,42.6,16.0,112.0,18.0,0.6,0.6,0.4,-41.9,0.0,105.9,10.9,16.0,82.8,18.0,0.6,0.6,0.4,-0.69,0.7,3.49,1.22,14.0,2.18,18.0,0.7,0.6,0.4,-8.4,5.6,23.1,5.9,14.0,21.1,18.0,0.7,0.6,0.4,0.51,2.82,7.09,3.53,11.0,3.09,18.0,0.6,0.6,0.4,5.8,18.6,50.6,26.4,11.0,22.3,18.0,0.6,0.6,0.4,-68.5,46.1,197.1,62.8,16.0,133.5,18.0,0.6,0.6,0.4,-71.7,0.0,157.7,19.2,16.0,112.4,18.0,0.6,0.6,0.4,4.6,46.7,123.3,57.7,12.0,62.2,18.0,0.6,0.6,0.4,-25.7,2.4,102.1,29.3,12.0,60.6,18.0,0.6,0.6,0.4,-10.7,5.2,23.0,7.4,11.0,26.5,18.0,0.6,0.6,0.4,-21.9,3.0,6.8,-3.2,11.0,22.1,18.0,0.6,0.6,0.4,196.5,731.5,3284.5,1482.0,16.0,1419.0,18.0,0.6,0.6,0.4,195.0,730.0,3285.0,1480.0,16.0,1420.0,18.0,0.6,0.6,0.4
1974,2,318.0,37.0,16.7,17.0,17.8,17.14,20.0,0.59,12.0,0.6,0.5,0.5,14.01,16.85,18.39,16.5,20.0,1.98,12.0,0.6,0.5,0.5,6.11,10.13,11.86,9.5,18.0,2.67,12.0,0.6,0.6,0.5,59.7,84.8,94.2,80.3,18.0,15.0,12.0,0.6,0.5,5.1,12.0,14.54,10.62,19.0,4.36,12.0,0.5,0.5,0.5,-5.04,2.29,12.59,3.66,19.0,7.36,12.0,0.5,0.5,0.5,-3.44,6.3,11.63,4.57,19.0,6.9,12.0,0.5,0.5,0.5,1006.73,1016.25,1025.95,1016.6,20.0,9.25,12.0,0.6,0.5,0.5,5.7,7.0,8.0,6.6,18.0,1.8,12.0,0.6,0.5,0.5,-29.5,26.3,183.3,61.4,19.0,103.3,12.0,0.5,0.5,0.5,-20.6,42.2,143.1,54.8,19.0,94.4,12.0,0.5,0.5,0.5,-1.1,0.25,2.49,0.65,20.0,1.81,12.0,0.6,0.5,0.5,-13.7,2.4,14.7,2.9,19.0,17.4,12.0,0.5,0.5,0.5,0.21,1.74,5.63,2.56,18.0,2.5,12.0,0.6,0.6,0.5,0.8,15.7,44.6,22.1,17.0,24.3,12.0,0.6,0.5,0.5,-76.4,42.2,181.9,61.4,19.0,123.6,12.0,0.5,0.5,0.5,-45.7,115.8,194.2,85.3,19.0,115.0,12.0,0.5,0.5,0.5,-25.8,25.7,115.3,43.3,17.0,75.2,12.0,0.6,0.5,0.5,-29.5,57.6,115.6,50.4,17.0,69.6,12.0,0.6,0.5,0.5,-15.4,0.0,31.8,6.2,17.0,26.0,12.0,0.6,0.5,0.5,-19.5,1.5,11.3,-2.5,17.0,19.7,12.0,0.6,0.5,0.5,132.5,1728.0,3081.5,1764.0,19.0,1735.5,12.0,0.5,0.5,0.5,135.0,1730.0,3080.0,1765.0,19.0,1735.0,12.0,0.5,0.5,0.5
1974,2,318.0,38.0,15.97,17.0,18.04,17.08,19.0,1.13,14.0,0.6,0.5,0.5,12.67,16.3,18.0,15.74,21.0,2.46,16.0,0.6,0.5,0.5,7.03,10.55,11.73,9.44,19.0,2.27,14.0,0.6,0.5,0.5,71.0,83.1,91.2,81.6,19.0,11.0,14.0,0.6,0.5,8.29,15.4,18.0,13.52,21.0,5.31,16.0,0.6,0.5,0.5,0.28,6.15,16.82,7.98,21.0,6.89,16.0,0.6,0.5,0.5,-2.76,7.7,15.4,6.02,21.0,8.23,16.0,0.6,0.5,0.5,1010.75,1014.6,1022.13,1016.06,21.0,7.53,16.0,0.6,0.5,0.5,4.0,7.0,8.0,6.2,20.0,2.3,14.0,0.6,0.5,0.5,2.6,58.3,302.3,129.3,21.0,138.8,16.0,0.6,0.5,0.5,-11.8,85.2,266.1,99.7,21.0,130.6,16.0,0.6,0.5,0.5,-1.31,0.0,3.7,0.98,19.0,2.73,14.0,0.6,0.5,0.5,-20.1,0.0,37.4,12.2,19.0,38.8,14.0,0.6,0.5,0.5,0.3,1.34,5.27,2.67,19.0,2.55,14.0,0.6,0.5,0.5,3.8,22.1,68.4,38.0,19.0,40.2,14.0,0.6,0.5,0.5,5.1,111.9,235.8,123.2,21.0,104.3,16.0,0.6,0.5,0.5,-33.4,133.2,259.9,110.0,21.0,137.3,16.0,0.6,0.5,0.5,16.6,76.6,138.2,75.7,19.0,59.2,14.0,0.6,0.5,0.5,-9.5,100.9,172.0,78.7,19.0,81.9,14.0,0.6,0.5,0.5,0.0,8.0,64.3,28.7,19.0,41.5,14.0,0.6,0.5,0.5,-7.8,3.1,19.2,4.1,19.0,23.0,14.0,0.6,0.5,0.5,570.0,3652.5,5832.0,3500.5,21.0,2986.5,16.0,0.6,0.5,0.5,570.0,3650.0,5830.0,3500.0,21.0,2985.0,16.0,0.6,0.5,0.5
1974,2,318.0,39.0,15.0,17.0,18.51,16.71,10.0,2.05,12.0,0.6,0.6,0.3,11.98,16.8,17.72,15.28,11.0,3.15,12.0,0.6,0.5,0.3,5.26,8.9,10.2,8.03,10.0,2.52,10.0,0.6,0.5,0.3,63.6,77.1,90.3,74.7,10.0,17.5,10.0,0.6,0.3,7.99,11.8,16.89,12.56,11.0,5.5,12.0,0.6,0.5,0.3,-3.34,5.15,13.04,4.4,11.0,8.41,12.0,0.6,0.5,0.3,-4.75,7.58,13.84,5.2,11.0,9.06,12.0,0.6,0.5,0.3,1005.12,1013.6,1022.91,1014.65,11.0,8.93,12.0,0.6,0.5,0.3,2.4,5.5,7.1,4.9,10.0,2.6,14.0,0.6,0.5,0.3,-27.3,53.0,232.7,77.1,11.0,140.5,12.0,0.6,0.5,0.3,-48.7,89.5,234.8,95.1,11.0,149.4,12.0,0.6,0.5,0.3,-1.13,1.0,3.73,1.23,10.0,2.37,12.0,0.6,0.6,0.3,-12.9,13.0,32.5,12.2,10.0,28.5,12.0,0.6,0.6,0.3,1.19,3.44,4.69,3.59,9.0,2.87,12.0,0.6,0.5,0.3,14.5,34.6,61.3,37.0,9.0,25.8,12.0,0.6,0.5,0.3,-33.0,77.3,203.1,79.0,11.0,124.8,12.0,0.6,0.5,0.3,-53.0,133.5,235.6,93.8,11.0,143.9,12.0,0.6,0.5,0.3,-23.1,62.9,107.1,45.9,10.0,73.7,10.0,0.6,0.5,0.3,-31.3,47.8,132.0,50.1,10.0,87.0,10.0,0.6,0.5,0.3,-26.0,4.7,36.6,6.6,9.0,30.1,12.0,0.6,0.5,0.3,-19.0,8.1,47.0,12.3,9.0,32.8,12.0,0.6,0.5,0.3,512.0,1643.0,4976.5,3029.5,11.0,3285.0,12.0,0.6,0.5,0.3,510.0,1645.0,4975.0,3030.0,11.0,3285.0,12.0,0.6,0.5,0.3
1974,2,318.0,40.0,14.45,15.6,16.06,15.45,13.0,1.18,12.0,0.5,0.7,0.5,10.47,15.4,16.02,13.48,13.0,2.84,12.0,0.5,0.7,0.5,5.53,6.81,9.63,7.36,10.0,2.2,12.0,0.5,0.7,0.5,58.3,83.8,94.0,79.2,10.0,16.8,12.0,0.5,0.5,8.23,12.35,19.47,13.55,14.0,5.89,12.0,0.5,0.7,0.5,5.9,10.77,18.87,11.31,14.0,7.67,12.0,0.5,0.7,0.5,0.0,4.85,7.02,3.08,14.0,5.08,12.0,0.5,0.7,0.5,1006.22,1014.7,1023.41,1013.77,14.0,9.11,12.0,0.5,0.7,0.5,1.1,3.5,7.9,3.9,14.0,2.8,12.0,0.5,0.7,0.5,45.8,141.3,359.0,193.2,14.0,187.5,12.0,0.5,0.7,0.5,0.0,37.1,66.2,27.3,14.0,76.9,12.0,0.5,0.7,0.5,-0.81,1.2,4.46,1.97,13.0,2.76,12.0,0.5,0.7,0.5,-7.4,11.2,96.3,32.6,13.0,49.0,12.0,0.5,0.7,0.5,1.21,3.2,6.24,3.63,10.0,2.42,12.0,0.5,0.7,0.5,7.5,40.5,124.9,63.8,10.0,57.9,12.0,0.5,0.7,0.5,82.8,143.5,234.2,151.0,13.0,106.6,12.0,0.5,0.7,0.5,0.0,64.4,112.8,54.2,13.0,65.9,12.0,0.5,0.7,0.5,56.3,66.9,120.2,77.6,10.0,48.3,12.0,0.5,0.7,0.5,0.0,26.7,54.8,22.8,10.0,32.7,12.0,0.5,0.7,0.5,0.0,38.0,120.4,58.0,10.0,60.1,12.0,0.5,0.7,0.5,0.0,0.0,15.7,0.1,10.0,22.7,12.0,0.5,0.7,0.5,558.0,1972.5,7380.0,3889.5,14.0,4476.5,12.0,0.5,0.7,0.5,560.0,1975.0,7380.0,3890.0,14.0,4475.0,12.0,0.5,0.7,0.5
1974,2,318.0,41.0,13.26,14.15,15.46,14.3,10.0,1.22,16.0,0.5,0.5,0.5,8.95,12.7,16.55,12.57,12.0,3.84,18.0,0.5,0.5,0.4,4.61,5.59,11.37,7.47,7.0,3.32,20.0,0.3,0.5,0.4,70.4,74.1,95.7,80.1,7.0,14.3,20.0,0.3,0.4,4.85,12.35,14.18,10.6,12.0,5.02,18.0,0.5,0.5,0.4,-1.32,3.98,8.53,3.89,12.0,5.98,18.0,0.5,0.5,0.4,-4.99,3.54,12.24,3.34,12.0,9.13,18.0,0.5,0.5,0.4,1011.82,1016.55,1026.98,1017.57,12.0,8.43,18.0,0.5,0.5,0.4,4.4,7.0,8.0,6.1,10.0,2.4,16.0,0.6,0.5,0.4,-13.3,35.7,99.2,50.7,12.0,91.4,18.0,0.5,0.5,0.4,-65.5,17.0,159.5,40.5,12.0,121.5,18.0,0.5,0.5,0.4,-1.11,0.9,5.41,1.96,10.0,3.21,16.0,0.5,0.5,0.5,-14.4,4.6,74.1,23.9,10.0,44.0,16.0,0.5,0.5,0.5,0.11,4.06,4.82,2.78,5.0,2.51,18.0,0.2,0.5,0.5,1.4,20.7,59.8,28.8,5.0,30.7,18.0,0.2,0.5,0.5,-17.1,48.4,96.3,39.4,12.0,69.1,18.0,0.5,0.5,0.4,-42.2,41.5,205.6,70.9,12.0,120.0,18.0,0.5,0.5,0.4,-6.4,0.0,30.9,6.4,7.0,31.5,20.0,0.3,0.5,0.4,-48.6,23.2,139.2,45.9,7.0,86.0,20.0,0.3,0.5,0.4,-0.9,1.1,29.9,11.8,5.0,17.2,18.0,0.2,0.5,0.5,-51.8,-1.8,9.4,-16.8,5.0,34.0,18.0,0.2,0.5,0.5,116.5,1895.0,2861.0,1825.0,12.0,1460.5,18.0,0.5,0.5,0.4,115.0,1895.0,2860.0,1825.0,12.0,1460.0,18.0,0.5,0.5,0.4
1974,2,318.0,42.0,12.5,15.3,16.0,14.56,10.0,2.23,10.0,0.5,0.6,0.4,9.5,11.5,14.87,12.7,11.0,4.19,12.0,0.5,0.6,0.4,5.17,5.91,6.68,6.13,11.0,1.32,12.0,0.5,0.6,0.4,57.2,68.5,80.8,67.6,11.0,13.6,12.0,0.5,0.4,12.9,16.5,18.0,15.6,11.0,5.15,12.0,0.5,0.6,0.4,8.41,12.7,16.54,12.72,11.0,6.77,12.0,0.5,0.6,0.4,-0.93,4.65,12.33,5.21,11.0,6.38,12.0,0.5,0.6,0.4,999.13,1005.9,1016.83,1007.59,11.0,9.82,12.0,0.5,0.6,0.4,5.6,7.0,8.0,6.7,11.0,1.1,12.0,0.5,0.6,0.4,102.1,181.6,284.0,220.3,11.0,186.9,12.0,0.5,0.6,0.4,-8.6,66.1,219.1,94.1,11.0,104.4,12.0,0.5,0.6,0.4,-0.5,3.75,5.29,1.71,10.0,5.87,10.0,0.5,0.6,0.4,-6.4,54.5,95.5,30.5,10.0,101.0,10.0,0.5,0.6,0.4,1.61,4.99,5.98,4.22,10.0,2.18,10.0,0.5,0.6,0.4,17.7,78.6,98.1,69.2,10.0,44.7,10.0,0.5,0.6,0.4,91.6,150.3,206.4,144.0,11.0,71.1,12.0,0.5,0.6,0.4,-10.2,53.2,186.9,85.4,11.0,124.8,12.0,0.5,0.6,0.4,46.3,74.3,116.7,75.4,11.0,39.9,12.0,0.5,0.6,0.4,-4.3,25.1,94.3,35.9,11.0,47.0,12.0,0.5,0.6,0.4,13.5,63.2,91.8,62.7,10.0,45.1,10.0,0.5,0.6,0.4,-3.4,14.3,31.3,17.2,10.0,24.2,10.0,0.5,0.6,0.4,2146.5,4492.0,5832.0,4960.5,11.0,5079.5,12.0,0.5,0.6,0.4,2145.0,4490.0,5830.0,4960.0,11.0,5080.0,12.0,0.5,0.6,0.4
1974,2,318.0,43.0,12.93,14.5,15.0,14.35,8.0,1.51,18.0,0.6,0.6,0.5,7.42,11.0,14.46,10.81,9.0,3.64,16.0,0.7,0.6,0.4,4.91,6.59,8.88,6.81,9.0,2.06,16.0,0.7,0.6,0.4,69.0,82.4,95.5,82.7,9.0,12.1,16.0,0.7,0.4,7.33,12.1,18.0,12.03,10.0,5.8,16.0,0.7,0.5,0.4,0.43,7.19,15.01,6.69,10.0,8.15,16.0,0.7,0.5,0.4,-6.75,-1.27,6.99,-1.21,10.0,8.75,16.0,0.7,0.5,0.4,1007.03,1014.7,1024.62,1014.95,10.0,9.43,16.0,0.7,0.5,0.4,7.0,8.0,8.0,7.7,10.0,0.5,16.0,0.7,0.5,0.4,0.4,89.5,251.0,104.2,10.0,134.0,16.0,0.7,0.5,0.4,-107.8,-6.5,76.1,-30.3,10.0,137.8,16.0,0.7,0.5,0.4,1.73,4.65,7.6,4.19,8.0,3.67,18.0,0.6,0.6,0.5,6.5,40.7,120.8,50.7,8.0,58.7,18.0,0.6,0.6,0.5,2.71,3.63,5.89,3.65,8.0,2.41,18.0,0.6,0.6,0.5,7.6,34.1,84.1,40.3,8.0,37.4,18.0,0.6,0.6,0.5,3.0,69.8,134.0,66.9,9.0,75.5,16.0,0.7,0.6,0.4,-41.0,0.0,111.7,24.6,9.0,80.3,16.0,0.7,0.6,0.4,1.5,50.6,83.6,41.6,9.0,51.5,16.0,0.7,0.6,0.4,-32.7,0.0,67.6,12.4,9.0,50.6,16.0,0.7,0.6,0.4,-7.6,9.5,74.9,26.2,8.0,43.0,18.0,0.6,0.6,0.5,-27.9,-7.1,0.0,-8.6,8.0,23.1,18.0,0.6,0.6,0.5,544.0,1795.0,5832.0,2742.0,10.0,2536.5,16.0,0.7,0.5,0.4,545.0,1795.0,5830.0,2740.0,10.0,2535.0,16.0,0.7,0.5,0.4
1974,2,318.0,44.0,11.99,14.0,15.0,13.76,10.0,1.59,18.0,0.8,0.4,0.6,4.65,9.6,12.4,9.06,11.0,3.94,18.0,0.8,0.5,0.6,3.82,5.05,7.99,5.72,8.0,2.42,18.0,0.8,0.4,0.5,57.7,77.9,85.1,73.6,8.0,13.8,18.0,0.8,0.5,6.63,12.0,15.4,11.2,11.0,4.43,18.0,0.8,0.5,0.6,0.0,4.1,10.25,4.74,11.0,5.25,18.0,0.8,0.5,0.6,-7.16,0.0,13.53,2.72,11.0,9.86,18.0,0.8,0.5,0.6,1011.08,1016.2,1022.56,1016.94,11.0,6.22,18.0,0.8,0.5,0.6,6.0,7.0,8.0,6.9,11.0,0.8,18.0,0.8,0.5,0.6,0.0,49.3,124.2,52.3,11.0,74.0,18.0,0.8,0.5,0.6,-81.7,0.0,191.2,49.0,11.0,143.8,18.0,0.8,0.5,0.6,-0.4,4.2,10.5,4.79,10.0,5.31,18.0,0.8,0.4,0.6,-17.8,34.9,119.9,45.6,10.0,67.4,18.0,0.8,0.4,0.6,0.69,4.24,5.77,3.86,8.0,2.87,18.0,0.8,0.4,0.5,7.1,28.3,69.2,32.8,8.0,32.2,18.0,0.8,0.4,0.5,0.0,19.7,83.0,35.3,11.0,48.5,18.0,0.8,0.5,0.6,-31.0,0.0,174.3,55.8,11.0,107.9,18.0,0.8,0.5,0.6,0.8,15.9,52.9,24.5,8.0,23.8,18.0,0.8,0.4,0.5,-19.3,-4.7,128.6,29.5,8.0,74.0,18.0,0.8,0.4,0.5,1.1,21.9,46.0,26.3,8.0,25.1,18.0,0.8,0.4,0.5,-38.4,-8.1,5.2,-11.7,8.0,26.3,18.0,0.8,0.4,0.5,323.0,1728.0,3652.5,1985.5,11.0,1740.5,18.0,0.8,0.5,0.6,325.0,1730.0,3650.0,1985.0,11.0,1740.0,18.0,0.8,0.5,0.6
1974,2,318.0,45.0,8.91,11.1,13.52,11.27,7.0,2.49,18.0,0.7,0.5,0.4,3.45,7.2,10.73,6.78,9.0,4.37,16.0,0.8,0.6,0.4,4.08,4.72,5.64,4.9,7.0,0.93,18.0,0.7,0.5,0.4,69.8,77.9,87.1,77.2,7.0,10.6,18.0,0.7,0.4,6.97,11.8,15.89,11.61,9.0,4.82,16.0,0.8,0.6,0.4,-3.16,2.14,7.88,3.32,9.0,7.42,16.0,0.8,0.6,0.4,-7.45,7.05,11.98,2.46,9.0,10.04,16.0,0.8,0.6,0.4,1009.11,1014.0,1022.67,1012.7,8.0,11.13,16.0,0.8,0.5,0.4,7.1,8.0,8.0,7.1,8.0,2.1,18.0,0.8,0.6,0.4,-21.9,26.3,115.9,63.9,9.0,136.7,16.0,0.8,0.6,0.4,-65.2,55.7,148.0,31.9,9.0,138.1,16.0,0.8,0.6,0.4,0.86,5.5,6.97,3.94,7.0,4.82,18.0,0.7,0.5,0.4,5.8,34.1,98.8,41.6,7.0,61.3,18.0,0.7,0.5,0.4,1.59,4.08,5.05,3.44,7.0,1.62,18.0,0.7,0.5,0.4,17.9,27.4,50.8,37.5,7.0,31.1,18.0,0.7,0.5,0.4,-14.7,22.4,41.1,22.5,9.0,49.5,16.0,0.8,0.6,0.4,-18.2,44.1,131.6,52.8,9.0,68.8,16.0,0.8,0.6,0.4,-13.8,11.5,32.4,15.2,7.0,39.4,18.0,0.7,0.5,0.4,-23.9,29.5,65.9,22.2,7.0,44.1,18.0,0.7,0.5,0.4,-14.2,3.1,31.2,12.7,7.0,40.8,18.0,0.7,0.5,0.4,-24.6,15.8,21.0,3.4,7.0,27.2,18.0,0.7,0.5,0.4,343.0,1643.0,4167.0,2345.0,9.0,2802.5,16.0,0.8,0.6,0.4,345.0,1645.0,4165.0,2345.0,9.0,2805.0,16.0,0.8,0.6,0.4
1974,2,318.0,46.0,5.48,9.9,13.04,9.79,7.0,3.48,14.0,0.6,0.5,0.4,4.02,6.0,13.58,8.08,8.0,4.67,14.0,0.5,0.5,0.5,3.89,4.65,7.38,5.29,6.0,2.04,14.0,0.5,0.5,0.5,70.1,81.4,93.6,80.4,6.0,13.6,14.0,0.5,0.5,5.65,12.3,15.4,11.44,7.0,4.5,14.0,0.6,0.5,0.4,-0.12,4.53,10.78,4.52,7.0,5.87,14.0,0.6,0.5,0.4,-6.22,0.99,14.24,4.26,7.0,9.67,14.0,0.6,0.5,0.4,990.02,997.0,1013.39,1000.45,8.0,15.5,14.0,0.5,0.5,0.5,7.0,8.0,8.0,7.6,7.0,0.5,14.0,0.6,0.5,0.4,-1.7,20.8,134.6,50.5,7.0,85.9,14.0,0.6,0.5,0.4,-77.7,5.6,205.8,58.3,7.0,139.6,14.0,0.6,0.5,0.4,-4.04,1.3,7.13,1.56,7.0,6.11,14.0,0.6,0.5,0.4,-58.5,16.0,37.9,6.5,7.0,81.0,14.0,0.6,0.5,0.4,-0.26,2.35,4.34,2.13,6.0,3.23,14.0,0.5,0.5,0.5,-4.3,17.5,36.7,20.1,6.0,47.3,14.0,0.5,0.5,0.5,-1.6,21.9,45.2,15.4,7.0,29.9,14.0,0.6,0.5,0.4,-26.1,4.0,183.9,73.1,7.0,107.3,14.0,0.6,0.5,0.4,-3.7,23.3,39.5,18.6,6.0,23.5,14.0,0.5,0.5,0.5,-22.8,4.1,106.7,31.6,6.0,65.9,14.0,0.5,0.5,0.5,-0.2,16.7,32.6,23.3,6.0,33.8,14.0,0.5,0.5,0.5,-44.8,-3.3,3.6,-15.5,6.0,25.5,14.0,0.5,0.5,0.5,181.0,1861.0,3652.5,2042.0,7.0,1493.0,14.0,0.6,0.5,0.4,180.0,1860.0,3650.0,2040.0,7.0,1495.0,14.0,0.6,0.5,0.4
1974,2,318.0,47.0,3.81,4.8,10.27,6.67,6.0,4.19,18.0,0.2,0.5,0.3,0.54,4.1,5.45,3.6,9.0,2.75,12.0,0.3,0.5,0.4,3.95,4.75,5.24,4.6,4.0,0.91,18.0,0.3,0.5,0.4,76.8,90.3,93.7,85.4,4.0,13.3,18.0,0.3,0.4,4.73,13.9,17.6,13.09,9.0,8.44,12.0,0.3,0.5,0.4,1.64,10.65,16.53,11.18,9.0,9.41,12.0,0.3,0.5,0.4,2.65,5.37,6.5,4.27,9.0,3.81,12.0,0.3,0.5,0.4,995.74,1002.0,1012.87,1003.6,9.0,10.89,12.0,0.3,0.5,0.4,5.2,7.5,8.0,7.0,8.0,1.3,14.0,0.4,0.4,0.4,8.1,148.0,291.4,216.4,9.0,292.8,12.0,0.3,0.5,0.4,17.8,68.2,120.6,68.0,9.0,60.3,12.0,0.3,0.5,0.4,-1.22,0.6,5.22,2.1,6.0,4.28,18.0,0.2,0.5,0.3,-5.6,4.4,72.5,31.7,6.0,56.7,18.0,0.2,0.5,0.3,-0.04,0.38,3.79,1.81,4.0,3.25,18.0,0.3,0.5,0.4,-0.2,3.5,51.6,24.7,4.0,45.4,18.0,0.3,0.5,0.4,0.9,33.6,41.5,22.4,9.0,19.8,12.0,0.3,0.5,0.4,0.0,16.9,29.4,13.1,9.0,19.4,12.0,0.3,0.5,0.4,4.0,20.2,37.5,20.7,4.0,19.3,18.0,0.3,0.5,0.4,-3.2,25.5,31.4,14.6,4.0,26.9,18.0,0.3,0.5,0.4,0.0,2.5,39.5,18.9,4.0,34.7,18.0,0.3,0.5,0.4,0.7,2.5,33.1,16.3,4.0,28.9,18.0,0.3,0.5,0.4,107.0,2685.5,5471.0,5180.0,9.0,9346.5,12.0,0.3,0.5,0.4,105.0,2685.0,5470.0,5180.0,9.0,9345.0,12.0,0.3,0.5,0.4
1974,2,318.0,48.0,10.11,12.0,12.28,10.78,8.0,2.87,12.0,0.8,0.5,0.4,1.98,6.0,6.84,5.96,7.0,4.0,12.0,0.7,0.5,0.4,3.97,5.03,6.65,5.56,6.0,2.13,14.0,0.8,0.5,0.4,86.3,91.1,98.0,91.4,6.0,6.8,14.0,0.8,0.4,10.64,18.8,22.43,17.18,8.0,5.37,12.0,0.8,0.5,0.4,6.74,12.31,20.62,12.88,8.0,7.41,12.0,0.8,0.5,0.4,-6.39,5.35,10.79,4.25,8.0,10.03,12.0,0.8,0.5,0.4,991.47,1000.65,1012.86,1001.5,8.0,14.28,12.0,0.8,0.5,0.4,7.0,8.0,8.0,7.6,7.0,0.5,10.0,0.7,0.5,0.4,77.9,198.0,434.0,247.1,8.0,179.1,12.0,0.8,0.5,0.4,-87.9,85.9,181.3,90.4,8.0,192.0,12.0,0.8,0.5,0.4,2.3,4.5,6.95,4.6,7.0,3.67,12.0,0.7,0.5,0.4,42.3,59.8,96.6,69.4,7.0,72.6,12.0,0.7,0.5,0.4,0.82,3.21,4.15,2.59,6.0,2.02,14.0,0.8,0.5,0.4,17.0,35.0,56.5,36.8,6.0,36.8,14.0,0.8,0.5,0.4,30.2,43.0,79.5,53.8,7.0,32.4,12.0,0.7,0.5,0.4,-40.7,14.1,76.3,48.9,7.0,115.5,12.0,0.7,0.5,0.4,30.1,71.2,77.9,57.2,6.0,29.0,14.0,0.8,0.5,0.4,-40.2,21.1,77.5,34.7,6.0,90.1,14.0,0.8,0.5,0.4,4.2,22.7,50.4,29.4,6.0,33.9,14.0,0.8,0.5,0.4,-23.1,-6.1,34.2,2.2,6.0,28.1,14.0,0.8,0.5,0.4,1238.5,6827.5,11305.0,6322.0,8.0,4526.5,12.0,0.8,0.5,0.4,1240.0,6825.0,11305.0,6320.0,8.0,4525.0,12.0,0.8,0.5,0.4
1974,2,318.0,49.0,7.83,9.0,11.37,9.48,5.0,1.98,10.0,0.4,0.5,0.5,3.57,5.9,8.04,5.42,6.0,3.04,10.0,0.3,0.6,0.5,3.13,4.07,4.91,4.02,3.0,1.31,12.0,0.3,0.3,0.7,55.0,61.3,77.2,66.0,3.0,16.8,12.0,0.3,0.7,8.42,11.35,15.7,12.02,6.0,6.41,10.0,0.3,0.6,0.5,0.57,7.0,12.62,6.29,6.0,7.39,10.0,0.3,0.6,0.5,-10.66,-6.45,3.79,-4.59,6.0,9.33,10.0,0.3,0.6,0.5,986.48,1009.95,1013.06,1003.03,6.0,14.83,10.0,0.3,0.6,0.5,6.4,7.0,8.0,6.8,6.0,1.5,10.0,0.3,0.6,0.5,-5.0,90.4,191.9,103.9,6.0,136.2,10.0,0.3,0.6,0.5,-179.3,-70.0,24.5,-93.0,6.0,164.3,10.0,0.3,0.6,0.5,0.32,4.0,7.41,4.0,5.0,3.86,10.0,0.4,0.5,0.5,4.1,20.2,70.6,38.2,5.0,50.9,10.0,0.4,0.5,0.5,2.28,4.64,5.16,3.74,3.0,2.25,12.0,0.3,0.3,0.7,15.7,16.7,36.3,25.8,3.0,17.0,12.0,0.3,0.3,0.7,-8.3,17.9,75.6,25.2,6.0,46.3,10.0,0.3,0.6,0.5,-73.5,-14.8,23.7,-17.2,6.0,58.8,10.0,0.3,0.6,0.5,8.0,13.6,48.2,27.8,3.0,31.9,12.0,0.3,0.3,0.7,-13.9,6.4,27.6,6.8,3.0,30.5,12.0,0.3,0.3,0.7,11.9,14.4,15.2,13.6,3.0,2.5,12.0,0.3,0.3,0.7,0.5,12.8,33.2,16.8,3.0,24.2,12.0,0.3,0.3,0.7,753.0,1544.0,4514.5,3048.0,6.0,4268.5,10.0,0.3,0.6,0.5,755.0,1545.0,4515.0,3050.0,6.0,4270.0,10.0,0.3,0.6,0.5
1974,2,318.0,50.0,8.15,8.9,9.65,8.9,2.0,1.56,6.0,0.5,0.8,0.5,7.19,8.55,8.7,7.98,4.0,1.32,12.0,0.8,0.8,0.5,5.97,5.97,5.97,5.97,1.0,0.0,20.0,1.0,1.0,0.9,86.0,86.0,86.0,86.0,1.0,0.0,20.0,1.0,0.9,10.63,13.2,15.66,13.15,4.0,2.91,12.0,0.8,0.8,0.5,-5.75,7.52,10.48,2.6,4.0,12.43,12.0,0.8,0.8,0.5,-6.18,1.38,5.99,-0.03,4.0,8.69,12.0,0.8,0.8,0.5,987.41,995.3,1007.32,997.28,4.0,11.99,12.0,0.8,0.8,0.5,6.3,7.0,7.0,6.7,3.0,0.6,14.0,0.7,0.9,0.6,-105.2,87.0,137.5,19.4,4.0,183.6,12.0,0.8,0.8,0.5,-95.2,22.0,69.0,-11.5,4.0,119.5,12.0,0.8,0.8,0.5,,,,,,,,,,,,,,,,,,,,,,,,,,,,,,,,,,,,,,,,,-49.7,51.6,79.0,16.3,4.0,103.1,12.0,0.8,0.8,0.5,-37.1,11.9,51.0,7.2,4.0,60.9,12.0,0.8,0.8,0.5,30.7,30.7,30.7,30.7,1.0,0.0,20.0,1.0,1.0,0.9,53.3,53.3,53.3,53.3,1.0,0.0,20.0,1.0,1.0,0.9,,,,,,,,,,,,,,,,,,,,,,,,,,,,,,,,,,,,,,,,
1974,2,318.0,51.0,7.36,7.7,8.04,7.7,2.0,0.71,14.0,1.0,0.6,0.4,3.38,3.55,3.72,3.55,2.0,0.35,14.0,1.0,0.6,0.4,4.96,5.02,5.09,5.02,2.0,0.13,14.0,1.0,0.6,0.4,100.0,100.0,100.0,100.0,2.0,0.0,14.0,1.0,0.4,19.83,20.55,21.27,20.55,2.0,1.48,14.0,1.0,0.6,0.4,-10.14,-8.73,-7.32,-8.73,2.0,2.92,14.0,1.0,0.6,0.4,-18.65,-18.52,-18.38,-18.52,2.0,0.27,14.0,1.0,0.6,0.4,982.73,983.0,983.27,983.0,2.0,0.57,14.0,1.0,0.6,0.4,8.0,8.0,8.0,8.0,2.0,0.0,14.0,1.0,0.6,0.4,-216.9,-181.7,-146.4,-181.7,2.0,73.0,14.0,1.0,0.6,0.4,-396.6,-380.7,-364.7,-380.7,2.0,33.0,14.0,1.0,0.6,0.4,3.98,4.15,4.32,4.15,2.0,0.35,14.0,1.0,0.6,0.4,79.1,85.5,92.0,85.5,2.0,13.4,14.0,1.0,0.6,0.4,1.59,1.68,1.78,1.68,2.0,0.2,14.0,1.0,0.6,0.4,31.6,34.8,37.9,34.8,2.0,6.6,14.0,1.0,0.6,0.4,-38.0,-31.5,-25.0,-31.5,2.0,13.5,14.0,1.0,0.6,0.4,-69.4,-65.8,-62.2,-65.8,2.0,7.5,14.0,1.0,0.6,0.4,-51.7,-44.1,-36.4,-44.1,2.0,15.8,14.0,1.0,0.6,0.4,-94.8,-93.0,-91.2,-93.0,2.0,3.7,14.0,1.0,0.6,0.4,-18.2,-15.0,-11.8,-15.0,2.0,6.7,14.0,1.0,0.6,0.4,-33.2,-31.2,-29.2,-31.2,2.0,4.2,14.0,1.0,0.6,0.4,7837.5,8746.5,9655.0,8746.5,2.0,1883.0,14.0,1.0,0.6,0.4,7835.0,8745.0,9655.0,8745.0,2.0,1885.0,14.0,1.0,0.6,0.4
1974,2,318.0,52.0,5.15,5.6,6.26,5.7,4.0,0.67,14.0,0.5,0.5,0.7,3.88,4.1,6.37,4.8,6.0,1.44,14.0,0.5,0.5,0.7,3.5,4.03,4.56,4.03,2.0,1.09,12.0,0.5,0.6,0.8,68.7,78.6,88.6,78.6,2.0,20.6,12.0,0.5,0.8,12.74,15.4,15.4,14.3,5.0,1.53,16.0,0.6,0.4,0.7,-10.18,0.0,9.38,-0.34,5.0,10.7,16.0,0.6,0.4,0.7,-2.81,9.96,14.09,6.2,5.0,9.76,16.0,0.6,0.4,0.7,995.22,999.55,1003.15,999.82,6.0,8.52,14.0,0.5,0.5,0.7,4.6,8.0,8.0,6.7,6.0,2.2,14.0,0.5,0.5,0.7,-144.0,0.0,130.5,-8.8,5.0,150.5,16.0,0.6,0.4,0.7,-43.3,129.5,217.0,90.7,5.0,148.4,16.0,0.6,0.4,0.7,1.33,1.85,2.26,1.8,4.0,0.63,14.0,0.5,0.5,0.7,16.6,26.0,34.5,25.6,3.0,13.1,16.0,0.7,0.5,0.7,1.47,1.77,2.07,1.77,2.0,0.62,12.0,0.5,0.6,0.8,21.6,23.9,26.1,23.9,2.0,4.6,12.0,0.5,0.6,0.8,-40.7,0.0,52.5,3.8,5.0,48.6,16.0,0.6,0.4,0.7,-11.2,39.8,94.1,39.6,5.0,56.0,16.0,0.6,0.4,0.7,-47.6,-12.0,23.5,-12.0,2.0,73.7,12.0,0.5,0.6,0.8,-31.1,-18.5,-5.9,-18.5,2.0,26.2,12.0,0.5,0.6,0.8,-10.7,4.7,20.0,4.7,2.0,31.8,12.0,0.5,0.6,0.8,-8.7,-5.1,-1.6,-5.1,2.0,7.3,12.0,0.5,0.6,0.8,2074.0,3652.5,3652.5,3003.0,5.0,897.0,16.0,0.6,0.4,0.7,2075.0,3650.0,3650.0,3005.0,5.0,895.0,16.0,0.6,0.4,0.7
1974,2,318.0,53.0,4.25,5.0,7.18,5.7,3.0,2.23,14.0,0.3,0.6,0.4,-2.71,0.5,1.11,-0.77,3.0,3.01,14.0,0.3,0.6,0.4,2.28,2.28,2.28,2.28,1.0,0.0,6.0,0.0,0.6,0.3,80.8,80.8,80.8,80.8,1.0,0.0,6.0,0.0,0.3,5.95,8.0,9.91,7.93,3.0,2.9,14.0,0.3,0.6,0.4,-3.64,4.7,8.75,2.61,3.0,9.26,14.0,0.3,0.6,0.4,-2.41,-1.71,0.74,-0.86,3.0,2.42,14.0,0.3,0.6,0.4,997.79,1005.3,1011.38,1004.6,3.0,9.97,14.0,0.3,0.6,0.4,7.0,7.0,7.0,7.0,2.0,0.0,8.0,0.5,0.8,0.4,-33.6,23.5,85.9,26.1,3.0,87.5,14.0,0.3,0.6,0.4,-17.7,-8.6,11.1,-3.4,3.0,21.5,14.0,0.3,0.6,0.4,4.9,7.7,7.97,6.47,3.0,2.49,14.0,0.3,0.6,0.4,31.9,38.5,71.9,51.6,3.0,31.5,14.0,0.3,0.6,0.4,2.81,2.81,2.81,2.81,1.0,0.0,6.0,0.0,0.6,0.3,30.3,30.3,30.3,30.3,1.0,0.0,6.0,0.0,0.6,0.3,-33.8,-10.5,-1.7,-17.6,3.0,24.3,14.0,0.3,0.6,0.4,-6.6,-3.8,-1.8,-4.2,3.0,3.5,14.0,0.3,0.6,0.4,24.2,24.2,24.2,24.2,1.0,0.0,6.0,0.0,0.6,0.3,4.3,4.3,4.3,4.3,1.0,0.0,6.0,0.0,0.6,0.3,29.9,29.9,29.9,29.9,1.0,0.0,6.0,0.0,0.6,0.3,5.3,5.3,5.3,5.3,1.0,0.0,6.0,0.0,0.6,0.3,248.0,512.0,1022.5,632.0,3.0,577.0,14.0,0.3,0.6,0.4,250.0,510.0,1020.0,630.0,3.0,575.0,14.0,0.3,0.6,0.4
1974,2,318.0,54.0,,,,,,,,,,,,,,,,,,,,,,,,,,,,,,,,,,,,,,,,11.95,14.0,14.96,13.47,3.0,2.25,18.0,0.3,0.4,0.5,-3.48,10.34,12.84,4.81,3.0,12.87,18.0,0.3,0.4,0.5,-9.25,-3.76,-1.19,-5.19,3.0,6.03,18.0,0.3,0.4,0.5,990.73,992.5,1002.74,996.63,3.0,9.5,18.0,0.3,0.4,0.5,,,,,,,,,,,,,,,,,,,,,,,,,,,,,,,,,,,,,,,,,,,,,,,,,,,,,,,,,,,,,,,,,,,,,,,,,,,,,,,,,,,,,,,,,,,,,,,,,,,,,,,,,,,,,,,,,,,,,,,,,,,,,,,,,,,,,,,,,,,,,,,,,,,,,,
1974,2,318.0,55.0,,,,,,,,,,,,,,,,,,,,,,,,,,,,,,,,,,,,,,,,8.17,15.0,20.46,14.33,3.0,9.02,16.0,1.0,0.9,0.5,-7.0,-5.13,-4.99,-5.97,3.0,1.64,16.0,1.0,0.9,0.5,-9.9,-0.87,14.48,2.22,3.0,18.05,16.0,1.0,0.9,0.5,999.8,1003.9,1004.17,1002.03,3.0,3.59,16.0,1.0,0.9,0.5,,,,,,,,,,,,,,,,,,,,,,,,,,,,,,,,,,,,,,,,,,,,,,,,,,,,,,,,,,,,,,,,,,,,,,,,,,,,,,,,,,,,,,,,,,,,,,,,,,,,,,,,,,,,,,,,,,,,,,,,,,,,,,,,,,,,,,,,,,,,,,,,,,,,,,
1974,2,318.0,56.0,2.8,3.0,3.68,3.23,3.0,0.68,6.0,0.3,0.8,0.3,-1.83,0.7,1.04,-0.37,3.0,2.29,6.0,0.3,0.8,0.3,2.45,2.45,2.45,2.45,1.0,0.0,10.0,1.0,0.8,0.7,60.8,60.8,60.8,60.8,1.0,0.0,10.0,1.0,0.7,5.0,5.0,11.14,8.0,3.0,5.2,6.0,0.3,0.8,0.3,-8.62,2.5,4.0,-2.2,3.0,10.1,6.0,0.3,0.8,0.3,-1.12,1.71,3.5,1.2,3.0,3.41,6.0,0.3,0.8,0.3,988.92,1000.8,1002.1,995.63,3.0,10.64,6.0,0.3,0.8,0.3,8.0,8.0,8.0,8.0,1.0,0.0,10.0,1.0,0.8,0.7,-127.8,12.5,20.0,-52.3,3.0,122.0,6.0,0.3,0.8,0.3,-20.5,8.6,17.5,-1.3,3.0,29.1,6.0,0.3,0.8,0.3,1.86,2.0,5.41,3.6,3.0,2.95,6.0,0.3,0.8,0.3,15.0,28.0,32.8,24.0,3.0,13.5,6.0,0.3,0.8,0.3,2.2,2.2,2.2,2.2,1.0,0.0,10.0,1.0,0.8,0.7,30.8,30.8,30.8,30.8,1.0,0.0,10.0,1.0,0.8,0.7,-9.0,-7.5,1.5,-3.8,3.0,8.3,6.0,0.3,0.8,0.3,-9.4,-1.7,0.9,-4.2,3.0,7.8,6.0,0.3,0.8,0.3,-33.7,-33.7,-33.7,-33.7,1.0,0.0,10.0,1.0,0.8,0.7,-5.9,-5.9,-5.9,-5.9,1.0,0.0,10.0,1.0,0.8,0.7,-30.3,-30.3,-30.3,-30.3,1.0,0.0,10.0,1.0,0.8,0.7,-5.3,-5.3,-5.3,-5.3,1.0,0.0,10.0,1.0,0.8,0.7,125.0,125.0,1912.5,998.0,3.0,1512.0,6.0,0.3,0.8,0.3,125.0,125.0,1915.0,1000.0,3.0,1510.0,6.0,0.3,0.8,0.3
1974,2,318.0,58.0,2.0,2.0,2.0,2.0,1.0,0.0,22.0,0.0,0.2,0.0,2.2,2.2,2.2,2.2,1.0,0.0,22.0,0.0,0.2,0.0,4.42,4.42,4.42,4.42,1.0,0.0,22.0,0.0,0.2,0.0,98.6,98.6,98.6,98.6,1.0,0.0,22.0,0.0,0.0,15.0,15.0,15.0,15.0,1.0,0.0,22.0,0.0,0.2,0.0,14.1,14.1,14.1,14.1,1.0,0.0,22.0,0.0,0.2,0.0,-5.13,-5.13,-5.13,-5.13,1.0,0.0,22.0,0.0,0.2,0.0,1000.0,1000.0,1000.0,1000.0,1.0,0.0,22.0,0.0,0.2,0.0,8.0,8.0,8.0,8.0,1.0,0.0,22.0,0.0,0.2,0.0,211.4,211.4,211.4,211.4,1.0,0.0,22.0,0.0,0.2,0.0,-77.0,-77.0,-77.0,-77.0,1.0,0.0,22.0,0.0,0.2,0.0,-0.2,-0.2,-0.2,-0.2,1.0,0.0,22.0,0.0,0.2,0.0,-3.0,-3.0,-3.0,-3.0,1.0,0.0,22.0,0.0,0.2,0.0,0.0,0.0,0.0,0.0,1.0,0.0,22.0,0.0,0.2,0.0,0.0,0.0,0.0,0.0,1.0,0.0,22.0,0.0,0.2,0.0,31.0,31.0,31.0,31.0,1.0,0.0,22.0,0.0,0.2,0.0,-11.3,-11.3,-11.3,-11.3,1.0,0.0,22.0,0.0,0.2,0.0,62.3,62.3,62.3,62.3,1.0,0.0,22.0,0.0,0.2,0.0,-22.7,-22.7,-22.7,-22.7,1.0,0.0,22.0,0.0,0.2,0.0,0.0,0.0,0.0,0.0,1.0,0.0,22.0,0.0,0.2,0.0,0.0,0.0,0.0,0.0,1.0,0.0,22.0,0.0,0.2,0.0,3375.0,3375.0,3375.0,3375.0,1.0,0.0,22.0,0.0,0.2,0.0,3375.0,3375.0,3375.0,3375.0,1.0,0.0,22.0,0.0,0.2,0.0
1974,2,318.0,59.0,3.2,3.2,3.2,3.2,1.0,0.0,8.0,1.0,0.7,0.0,2.0,2.0,2.0,2.0,1.0,0.0,8.0,1.0,0.7,0.0,3.19,3.19,3.19,3.19,1.0,0.0,8.0,1.0,0.7,0.0,72.6,72.6,72.6,72.6,1.0,0.0,8.0,1.0,0.0,19.0,19.0,19.0,19.0,1.0,0.0,8.0,1.0,0.7,0.0,-14.55,-14.55,-14.55,-14.55,1.0,0.0,8.0,1.0,0.7,0.0,-12.21,-12.21,-12.21,-12.21,1.0,0.0,8.0,1.0,0.7,0.0,1004.5,1004.5,1004.5,1004.5,1.0,0.0,8.0,1.0,0.7,0.0,7.0,7.0,7.0,7.0,1.0,0.0,8.0,1.0,0.7,0.0,-276.5,-276.5,-276.5,-276.5,1.0,0.0,8.0,1.0,0.7,0.0,-232.0,-232.0,-232.0,-232.0,1.0,0.0,8.0,1.0,0.7,0.0,1.2,1.2,1.2,1.2,1.0,0.0,8.0,1.0,0.7,0.0,22.8,22.8,22.8,22.8,1.0,0.0,8.0,1.0,0.7,0.0,1.6,1.6,1.6,1.6,1.0,0.0,8.0,1.0,0.7,0.0,30.4,30.4,30.4,30.4,1.0,0.0,8.0,1.0,0.7,0.0,-29.1,-29.1,-29.1,-29.1,1.0,0.0,8.0,1.0,0.7,0.0,-24.4,-24.4,-24.4,-24.4,1.0,0.0,8.0,1.0,0.7,0.0,-46.5,-46.5,-46.5,-46.5,1.0,0.0,8.0,1.0,0.7,0.0,-39.0,-39.0,-39.0,-39.0,1.0,0.0,8.0,1.0,0.7,0.0,-23.3,-23.3,-23.3,-23.3,1.0,0.0,8.0,1.0,0.7,0.0,-19.5,-19.5,-19.5,-19.5,1.0,0.0,8.0,1.0,0.7,0.0,6859.0,6859.0,6859.0,6859.0,1.0,0.0,8.0,1.0,0.7,0.0,6860.0,6860.0,6860.0,6860.0,1.0,0.0,8.0,1.0,0.7,0.0
1974,2,318.0,60.0,,,,,,,,,,,,,,,,,,,,,,,,,,,,,,,,,,,,,,,,5.1,5.1,5.1,5.1,1.0,0.0,12.0,0.0,0.3,0.2,-3.28,-3.28,-3.28,-3.28,1.0,0.0,12.0,0.0,0.3,0.2,-3.91,-3.91,-3.91,-3.91,1.0,0.0,12.0,0.0,0.3,0.2,1003.8,1003.8,1003.8,1003.8,1.0,0.0,12.0,0.0,0.3,0.2,,,,,,,,,,,,,,,,,,,,,,,,,,,,,,,,,,,,,,,,,,,,,,,,,,,,,,,,,,,,,,,,,,,,,,,-22.3,-22.3,-22.3,-22.3,1.0,0.0,12.0,0.0,0.3,0.2,-26.6,-26.6,-26.6,-26.6,1.0,0.0,12.0,0.0,0.3,0.2,-13.8,-13.8,-13.8,-13.8,1.0,0.0,12.0,0.0,0.3,0.2,-16.5,-16.5,-16.5,-16.5,1.0,0.0,12.0,0.0,0.3,0.2,,,,,,,,,,,,,,,,,,,,,,,,,,,,,,,,,,,,,,,,
1974,2,319.0,-68.0,,,,,,,,,,,,,,,,,,,,,,,,,,,,,,,,,,,,,,,,3.1,3.1,3.1,3.1,1.0,0.0,14.0,1.0,0.2,0.3,3.1,3.1,3.1,3.1,1.0,0.0,14.0,1.0,0.2,0.3,0.0,0.0,0.0,0.0,1.0,0.0,14.0,1.0,0.2,0.3,987.3,987.3,987.3,987.3,1.0,0.0,14.0,1.0,0.2,0.3,,,,,,,,,,,,,,,,,,,,,,,,,,,,,,,,,,,,,,,,,,,,,,,,,,,,,,,,,,,,,,,,,,,,,,,,,,,,,,,,,,,,,,,,,,,,,,,,,,,,,,,,,,,,,,,,,,,,,,,,,,,,,,,,,,,,,,,,,,,,,,,,,,,,,,
1974,2,319.0,-60.0,1.8,1.8,1.8,1.8,1.0,0.0,2.0,0.0,0.8,0.6,1.4,1.4,1.4,1.4,1.0,0.0,2.0,0.0,0.8,0.6,3.25,3.25,3.25,3.25,1.0,0.0,2.0,0.0,0.8,0.6,75.8,75.8,75.8,75.8,1.0,0.0,2.0,0.0,0.6,5.1,5.1,5.1,5.1,1.0,0.0,2.0,0.0,0.8,0.6,3.91,3.91,3.91,3.91,1.0,0.0,2.0,0.0,0.8,0.6,3.28,3.28,3.28,3.28,1.0,0.0,2.0,0.0,0.8,0.6,988.0,988.0,988.0,988.0,1.0,0.0,2.0,0.0,0.8,0.6,8.0,8.0,8.0,8.0,1.0,0.0,2.0,0.0,0.8,0.6,19.9,19.9,19.9,19.9,1.0,0.0,2.0,0.0,0.8,0.6,16.7,16.7,16.7,16.7,1.0,0.0,2.0,0.0,0.8,0.6,0.4,0.4,0.4,0.4,1.0,0.0,2.0,0.0,0.8,0.6,2.0,2.0,2.0,2.0,1.0,0.0,2.0,0.0,0.8,0.6,1.16,1.16,1.16,1.16,1.0,0.0,2.0,0.0,0.8,0.6,5.9,5.9,5.9,5.9,1.0,0.0,2.0,0.0,0.8,0.6,5.5,5.5,5.5,5.5,1.0,0.0,2.0,0.0,0.8,0.6,4.6,4.6,4.6,4.6,1.0,0.0,2.0,0.0,0.8,0.6,12.7,12.7,12.7,12.7,1.0,0.0,2.0,0.0,0.8,0.6,10.6,10.6,10.6,10.6,1.0,0.0,2.0,0.0,0.8,0.6,4.5,4.5,4.5,4.5,1.0,0.0,2.0,0.0,0.8,0.6,3.8,3.8,3.8,3.8,1.0,0.0,2.0,0.0,0.8,0.6,132.5,132.5,132.5,132.5,1.0,0.0,2.0,0.0,0.8,0.6,135.0,135.0,135.0,135.0,1.0,0.0,2.0,0.0,0.8,0.6
1974,2,319.0,-59.0,2.9,2.9,2.9,2.9,1.0,0.0,20.0,1.0,1.0,0.5,3.2,3.2,3.2,3.2,1.0,0.0,20.0,1.0,1.0,0.5,4.67,4.67,4.67,4.67,1.0,0.0,20.0,1.0,1.0,0.5,96.5,96.5,96.5,96.5,1.0,0.0,20.0,1.0,0.5,10.3,10.3,10.3,10.3,1.0,0.0,20.0,1.0,1.0,0.5,10.3,10.3,10.3,10.3,1.0,0.0,20.0,1.0,1.0,0.5,0.0,0.0,0.0,0.0,1.0,0.0,20.0,1.0,1.0,0.5,995.2,995.2,995.2,995.2,1.0,0.0,20.0,1.0,1.0,0.5,8.0,8.0,8.0,8.0,1.0,0.0,20.0,1.0,1.0,0.5,106.1,106.1,106.1,106.1,1.0,0.0,20.0,1.0,1.0,0.5,0.0,0.0,0.0,0.0,1.0,0.0,20.0,1.0,1.0,0.5,-0.3,-0.3,-0.3,-0.3,1.0,0.0,20.0,1.0,1.0,0.5,-3.1,-3.1,-3.1,-3.1,1.0,0.0,20.0,1.0,1.0,0.5,0.07,0.07,0.07,0.07,1.0,0.0,20.0,1.0,1.0,0.5,0.7,0.7,0.7,0.7,1.0,0.0,20.0,1.0,1.0,0.5,33.0,33.0,33.0,33.0,1.0,0.0,20.0,1.0,1.0,0.5,0.0,0.0,0.0,0.0,1.0,0.0,20.0,1.0,1.0,0.5,48.1,48.1,48.1,48.1,1.0,0.0,20.0,1.0,1.0,0.5,0.0,0.0,0.0,0.0,1.0,0.0,20.0,1.0,1.0,0.5,0.7,0.7,0.7,0.7,1.0,0.0,20.0,1.0,1.0,0.5,0.0,0.0,0.0,0.0,1.0,0.0,20.0,1.0,1.0,0.5,1092.5,1092.5,1092.5,1092.5,1.0,0.0,20.0,1.0,1.0,0.5,1095.0,1095.0,1095.0,1095.0,1.0,0.0,20.0,1.0,1.0,0.5
1974,2,319.0,-58.0,3.4,3.4,3.4,3.4,1.0,0.0,16.0,1.0,0.7,0.5,3.1,3.1,3.1,3.1,1.0,0.0,16.0,1.0,0.7,0.5,4.19,4.19,4.19,4.19,1.0,0.0,16.0,1.0,0.7,0.5,88.0,88.0,88.0,88.0,1.0,0.0,16.0,1.0,0.5,10.8,10.8,10.8,10.8,1.0,0.0,16.0,1.0,0.7,0.5,10.64,10.64,10.64,10.64,1.0,0.0,16.0,1.0,0.7,0.5,1.88,1.88,1.88,1.88,1.0,0.0,16.0,1.0,0.7,0.5,1003.4,1003.4,1003.4,1003.4,1.0,0.0,16.0,1.0,0.7,0.5,8.0,8.0,8.0,8.0,1.0,0.0,16.0,1.0,0.7,0.5,114.9,114.9,114.9,114.9,1.0,0.0,16.0,1.0,0.7,0.5,20.3,20.3,20.3,20.3,1.0,0.0,16.0,1.0,0.7,0.5,0.3,0.3,0.3,0.3,1.0,0.0,16.0,1.0,0.7,0.5,3.2,3.2,3.2,3.2,1.0,0.0,16.0,1.0,0.7,0.5,0.68,0.68,0.68,0.68,1.0,0.0,16.0,1.0,0.7,0.5,7.3,7.3,7.3,7.3,1.0,0.0,16.0,1.0,0.7,0.5,33.0,33.0,33.0,33.0,1.0,0.0,16.0,1.0,0.7,0.5,5.8,5.8,5.8,5.8,1.0,0.0,16.0,1.0,0.7,0.5,44.6,44.6,44.6,44.6,1.0,0.0,16.0,1.0,0.7,0.5,7.9,7.9,7.9,7.9,1.0,0.0,16.0,1.0,0.7,0.5,7.2,7.2,7.2,7.2,1.0,0.0,16.0,1.0,0.7,0.5,1.3,1.3,1.3,1.3,1.0,0.0,16.0,1.0,0.7,0.5,1259.5,1259.5,1259.5,1259.5,1.0,0.0,16.0,1.0,0.7,0.5,1260.0,1260.0,1260.0,1260.0,1.0,0.0,16.0,1.0,0.7,0.5
1974,2,319.0,-53.0,,,,,,,,,,,,,,,,,,,,,,,,,,,,,,,,,,,,,,,,10.3,10.3,10.3,10.3,1.0,0.0,24.0,1.0,0.2,1.0,5.15,5.15,5.15,5.15,1.0,0.0,24.0,1.0,0.2,1.0,-8.92,-8.92,-8.92,-8.92,1.0,0.0,24.0,1.0,0.2,1.0,1009.0,1009.0,1009.0,1009.0,1.0,0.0,24.0,1.0,0.2,1.0,,,,,,,,,,,,,,,,,,,,,,,,,,,,,,,,,,,,,,,,,,,,,,,,,,,,,,,,,,,,,,,,,,,,,,,,,,,,,,,,,,,,,,,,,,,,,,,,,,,,,,,,,,,,,,,,,,,,,,,,,,,,,,,,,,,,,,,,,,,,,,,,,,,,,,
1974,2,319.0,-40.0,18.2,18.2,18.2,18.2,1.0,0.0,18.0,0.0,0.3,0.4,14.6,14.6,14.6,14.6,1.0,0.0,18.0,0.0,0.3,0.4,7.93,7.93,7.93,7.93,1.0,0.0,18.0,0.0,0.3,0.4,77.4,77.4,77.4,77.4,1.0,0.0,18.0,0.0,0.4,,,,,,,,,,,,,,,,,,,,,,,,,,,,,,,,,,,,,,,,,,,,,,,,,,,,,,,,,,,,,,,,,,,,,,,,,,,,,,,,,,,,,,,,,,,,,,,,,,,,,,,,,,,,,,,,,,,,,,,,,,,,,,,,,,,,,,,,,,,,,,,,,,,,,,,,,,,,,,,,,,,,,,,,,,,,,,,,,,,,,,,,,,,,,,
1974,2,319.0,-38.0,,,,,,,,,,,,,,,,,,,,,,,,,,,,,,,,,,,,,,,,12.0,12.0,12.0,12.0,1.0,0.0,18.0,1.0,1.0,0.9,2.08,2.08,2.08,2.08,1.0,0.0,18.0,1.0,1.0,0.9,11.82,11.82,11.82,11.82,1.0,0.0,18.0,1.0,1.0,0.9,1021.5,1021.5,1021.5,1021.5,1.0,0.0,18.0,1.0,1.0,0.9,,,,,,,,,,,,,,,,,,,,,,,,,,,,,,,,,,,,,,,,,,,,,,,,,,,,,,,,,,,,,,,,,,,,,,,,,,,,,,,,,,,,,,,,,,,,,,,,,,,,,,,,,,,,,,,,,,,,,,,,,,,,,,,,,,,,,,,,,,,,,,,,,,,,,,
1974,2,319.0,-36.0,22.4,22.4,22.4,22.4,1.0,0.0,6.0,1.0,0.9,0.7,24.0,24.0,24.0,24.0,1.0,0.0,6.0,1.0,0.9,0.7,15.7,15.7,15.7,15.7,1.0,0.0,6.0,1.0,0.9,0.7,84.9,84.9,84.9,84.9,1.0,0.0,6.0,1.0,0.7,6.2,6.2,6.2,6.2,1.0,0.0,6.0,1.0,0.9,0.7,0.0,0.0,0.0,0.0,1.0,0.0,6.0,1.0,0.9,0.7,-6.2,-6.2,-6.2,-6.2,1.0,0.0,6.0,1.0,0.9,0.7,1017.7,1017.7,1017.7,1017.7,1.0,0.0,6.0,1.0,0.9,0.7,5.0,5.0,5.0,5.0,1.0,0.0,6.0,1.0,0.9,0.7,0.0,0.0,0.0,0.0,1.0,0.0,6.0,1.0,0.9,0.7,-38.4,-38.4,-38.4,-38.4,1.0,0.0,6.0,1.0,0.9,0.7,-1.6,-1.6,-1.6,-1.6,1.0,0.0,6.0,1.0,0.9,0.7,-9.9,-9.9,-9.9,-9.9,1.0,0.0,6.0,1.0,0.9,0.7,1.1,1.1,1.1,1.1,1.0,0.0,6.0,1.0,0.9,0.7,6.8,6.8,6.8,6.8,1.0,0.0,6.0,1.0,0.9,0.7,0.0,0.0,0.0,0.0,1.0,0.0,6.0,1.0,0.9,0.7,-148.8,-148.8,-148.8,-148.8,1.0,0.0,6.0,1.0,0.9,0.7,0.0,0.0,0.0,0.0,1.0,0.0,6.0,1.0,0.9,0.7,-97.3,-97.3,-97.3,-97.3,1.0,0.0,6.0,1.0,0.9,0.7,0.0,0.0,0.0,0.0,1.0,0.0,6.0,1.0,0.9,0.7,-6.8,-6.8,-6.8,-6.8,1.0,0.0,6.0,1.0,0.9,0.7,238.5,238.5,238.5,238.5,1.0,0.0,6.0,1.0,0.9,0.7,240.0,240.0,240.0,240.0,1.0,0.0,6.0,1.0,0.9,0.7
1974,2,319.0,-35.0,22.5,22.5,22.5,22.5,1.0,0.0,4.0,1.0,0.9,1.0,22.8,22.8,22.8,22.8,1.0,0.0,4.0,1.0,0.9,1.0,15.88,15.88,15.88,15.88,1.0,0.0,4.0,1.0,0.9,1.0,91.8,91.8,91.8,91.8,1.0,0.0,4.0,1.0,1.0,6.7,6.7,6.7,6.7,1.0,0.0,4.0,1.0,0.9,1.0,0.0,0.0,0.0,0.0,1.0,0.0,4.0,1.0,0.9,1.0,-6.7,-6.7,-6.7,-6.7,1.0,0.0,4.0,1.0,0.9,1.0,1012.5,1012.5,1012.5,1012.5,1.0,0.0,4.0,1.0,0.9,1.0,7.0,7.0,7.0,7.0,1.0,0.0,4.0,1.0,0.9,1.0,0.0,0.0,0.0,0.0,1.0,0.0,4.0,1.0,0.9,1.0,-44.9,-44.9,-44.9,-44.9,1.0,0.0,4.0,1.0,0.9,1.0,-0.3,-0.3,-0.3,-0.3,1.0,0.0,4.0,1.0,0.9,1.0,-2.0,-2.0,-2.0,-2.0,1.0,0.0,4.0,1.0,0.9,1.0,1.11,1.11,1.11,1.11,1.0,0.0,4.0,1.0,0.9,1.0,7.5,7.5,7.5,7.5,1.0,0.0,4.0,1.0,0.9,1.0,0.0,0.0,0.0,0.0,1.0,0.0,4.0,1.0,0.9,1.0,-152.8,-152.8,-152.8,-152.8,1.0,0.0,4.0,1.0,0.9,1.0,0.0,0.0,0.0,0.0,1.0,0.0,4.0,1.0,0.9,1.0,-106.4,-106.4,-106.4,-106.4,1.0,0.0,4.0,1.0,0.9,1.0,0.0,0.0,0.0,0.0,1.0,0.0,4.0,1.0,0.9,1.0,-7.5,-7.5,-7.5,-7.5,1.0,0.0,4.0,1.0,0.9,1.0,301.0,301.0,301.0,301.0,1.0,0.0,4.0,1.0,0.9,1.0,300.0,300.0,300.0,300.0,1.0,0.0,4.0,1.0,0.9,1.0
1974,2,319.0,-32.0,24.5,24.5,24.5,24.5,1.0,0.0,22.0,0.0,0.7,0.4,24.0,24.0,24.0,24.0,1.0,0.0,22.0,0.0,0.7,0.4,16.44,16.44,16.44,16.44,1.0,0.0,22.0,0.0,0.7,0.4,88.6,88.6,88.6,88.6,1.0,0.0,22.0,0.0,0.4,,,,,,,,,,,,,,,,,,,,,,,,,,,,,,,,,,,,,,,,,,,,,,,,,,,,,,,,,,,,,,,,,,,,,,,,,,,,,,,,,,,,,,,,,,,,,,,,,,,,,,,,,,,,,,,,,,,,,,,,,,,,,,,,,,,,,,,,,,,,,,,,,,,,,,,,,,,,,,,,,,,,,,,,,,,,,,,,,,,,,,,,,,,,,,
1974,2,319.0,-31.0,,,,,,,,,,,,,,,,,,,,,,,,,,,,,,,,,,,,,,,,8.0,8.0,8.0,8.0,1.0,0.0,24.0,0.0,0.6,1.0,6.93,6.93,6.93,6.93,1.0,0.0,24.0,0.0,0.6,1.0,4.0,4.0,4.0,4.0,1.0,0.0,24.0,0.0,0.6,1.0,1010.7,1010.7,1010.7,1010.7,1.0,0.0,24.0,0.0,0.6,1.0,,,,,,,,,,,,,,,,,,,,,,,,,,,,,,,,,,,,,,,,,,,,,,,,,,,,,,,,,,,,,,,,,,,,,,,,,,,,,,,,,,,,,,,,,,,,,,,,,,,,,,,,,,,,,,,,,,,,,,,,,,,,,,,,,,,,,,,,,,,,,,,,,,,,,,
1974,2,319.0,-30.0,,,,,,,,,,,,,,,,,,,,,,,,,,,,,,,,,,,,,,,,3.0,3.0,3.0,3.0,1.0,0.0,16.0,0.0,0.4,0.6,1.5,1.5,1.5,1.5,1.0,0.0,16.0,0.0,0.4,0.6,-2.6,-2.6,-2.6,-2.6,1.0,0.0,16.0,0.0,0.4,0.6,1014.6,1014.6,1014.6,1014.6,1.0,0.0,16.0,0.0,0.4,0.6,,,,,,,,,,,,,,,,,,,,,,,,,,,,,,,,,,,,,,,,,,,,,,,,,,,,,,,,,,,,,,,,,,,,,,,,,,,,,,,,,,,,,,,,,,,,,,,,,,,,,,,,,,,,,,,,,,,,,,,,,,,,,,,,,,,,,,,,,,,,,,,,,,,,,,
1974,2,319.0,-29.0,24.38,25.2,26.02,25.2,2.0,1.7,14.0,0.0,0.5,0.4,25.58,25.75,25.92,25.75,2.0,0.35,14.0,0.0,0.5,0.4,15.58,15.58,15.58,15.58,1.0,0.0,14.0,0.0,0.2,0.2,74.4,74.4,74.4,74.4,1.0,0.0,14.0,0.0,0.2,2.98,3.8,4.62,3.8,2.0,1.7,14.0,0.0,0.5,0.4,-0.66,1.51,3.69,1.51,2.0,4.5,14.0,0.0,0.5,0.4,-1.95,-1.85,-1.75,-1.85,2.0,0.2,14.0,0.0,0.5,0.4,1012.81,1013.25,1013.69,1013.25,2.0,0.92,14.0,0.0,0.5,0.4,3.2,3.5,3.8,3.5,2.0,0.7,14.0,0.0,0.5,0.4,0.1,9.6,19.1,9.6,2.0,19.7,14.0,0.0,0.5,0.4,-8.0,-6.9,-5.7,-6.9,2.0,2.4,14.0,0.0,0.5,0.4,-1.2,-0.55,0.1,-0.55,2.0,1.34,14.0,0.0,0.5,0.4,-6.1,-3.2,-0.3,-3.2,2.0,6.0,14.0,0.0,0.5,0.4,5.94,5.94,5.94,5.94,1.0,0.0,14.0,0.0,0.2,0.2,15.4,15.4,15.4,15.4,1.0,0.0,14.0,0.0,0.2,0.2,-17.5,38.2,93.9,38.2,2.0,115.4,14.0,0.0,0.5,0.4,-50.5,-47.7,-44.9,-47.7,2.0,5.8,14.0,0.0,0.5,0.4,-26.0,-26.0,-26.0,-26.0,1.0,0.0,14.0,0.0,0.2,0.2,-31.0,-31.0,-31.0,-31.0,1.0,0.0,14.0,0.0,0.2,0.2,-9.9,-9.9,-9.9,-9.9,1.0,0.0,14.0,0.0,0.2,0.2,-11.8,-11.8,-11.8,-11.8,1.0,0.0,14.0,0.0,0.2,0.2,34.5,71.5,108.0,71.5,2.0,76.0,14.0,0.0,0.5,0.4,35.0,70.0,110.0,70.0,2.0,75.0,14.0,0.0,0.5,0.4
1974,2,319.0,-28.0,,,,,,,,,,,,,,,,,,,,,,,,,,,,,,,,,,,,,,,,6.0,6.0,6.0,6.0,1.0,0.0,8.0,0.0,0.8,0.1,-3.86,-3.86,-3.86,-3.86,1.0,0.0,8.0,0.0,0.8,0.1,-4.6,-4.6,-4.6,-4.6,1.0,0.0,8.0,0.0,0.8,0.1,1017.1,1017.1,1017.1,1017.1,1.0,0.0,8.0,0.0,0.8,0.1,,,,,,,,,,,,,,,,,,,,,,,,,,,,,,,,,,,,,,,,,,,,,,,,,,,,,,,,,,,,,,,,,,,,,,,,,,,,,,,,,,,,,,,,,,,,,,,,,,,,,,,,,,,,,,,,,,,,,,,,,,,,,,,,,,,,,,,,,,,,,,,,,,,,,,
1974,2,319.0,-27.0,26.0,26.0,26.0,26.0,1.0,0.0,6.0,1.0,0.5,0.5,25.86,26.85,27.84,26.85,2.0,2.05,6.0,1.0,0.5,0.7,15.68,16.4,17.13,16.4,2.0,1.5,6.0,1.0,0.5,0.7,73.5,74.6,75.7,74.6,2.0,2.2,6.0,1.0,0.7,4.1,4.3,4.5,4.3,2.0,0.42,6.0,1.0,0.5,0.7,-3.59,-1.58,0.43,-1.58,2.0,4.17,6.0,1.0,0.5,0.7,-0.08,1.48,3.04,1.48,2.0,3.22,6.0,1.0,0.5,0.7,1015.63,1015.7,1015.77,1015.7,2.0,0.14,6.0,1.0,0.5,0.7,3.2,3.5,3.8,3.5,2.0,0.7,6.0,1.0,0.5,0.7,-16.7,-7.7,1.3,-7.7,2.0,18.6,6.0,1.0,0.5,0.7,-0.7,5.7,12.1,5.7,2.0,13.2,6.0,1.0,0.5,0.7,0.6,0.6,0.6,0.6,1.0,0.0,6.0,1.0,0.5,0.5,2.8,2.8,2.8,2.8,1.0,0.0,6.0,1.0,0.5,0.5,5.6,5.6,5.6,5.6,1.0,0.0,6.0,1.0,0.5,0.5,25.8,25.8,25.8,25.8,1.0,0.0,6.0,1.0,0.5,0.5,-90.7,-38.2,14.3,-38.2,2.0,108.7,6.0,1.0,0.5,0.7,-0.2,43.0,86.3,43.0,2.0,89.6,6.0,1.0,0.5,0.7,-54.7,-22.8,9.1,-22.8,2.0,66.0,6.0,1.0,0.5,0.7,0.1,26.7,53.3,26.7,2.0,55.1,6.0,1.0,0.5,0.7,-25.4,-25.4,-25.4,-25.4,1.0,0.0,6.0,1.0,0.5,0.5,-4.5,-4.5,-4.5,-4.5,1.0,0.0,6.0,1.0,0.5,0.5,69.5,80.5,92.0,80.5,2.0,23.5,6.0,1.0,0.5,0.7,70.0,80.0,90.0,80.0,2.0,25.0,6.0,1.0,0.5,0.7
1974,2,319.0,-26.0,24.5,24.7,24.9,24.7,2.0,0.42,18.0,1.0,0.5,0.5,26.15,26.9,27.65,26.9,2.0,1.56,18.0,1.0,0.5,0.5,20.08,20.08,20.08,20.08,1.0,0.0,8.0,1.0,0.9,0.2,85.3,85.3,85.3,85.3,1.0,0.0,8.0,1.0,0.2,2.75,4.35,5.95,4.35,2.0,3.32,18.0,1.0,0.5,0.5,-4.21,-2.22,-0.24,-2.22,2.0,4.11,18.0,1.0,0.5,0.5,-3.32,-1.21,0.9,-1.21,2.0,4.37,18.0,1.0,0.5,0.5,1016.1,1016.3,1016.5,1016.3,2.0,0.42,18.0,1.0,0.5,0.5,2.5,3.5,4.5,3.5,2.0,2.1,18.0,1.0,0.5,0.5,-28.7,-16.5,-4.3,-16.5,2.0,25.3,18.0,1.0,0.5,0.5,-23.7,-12.5,-1.4,-12.5,2.0,23.1,18.0,1.0,0.5,0.5,-3.16,-2.2,-1.24,-2.2,2.0,1.98,18.0,1.0,0.5,0.5,-20.5,-12.9,-5.2,-12.9,2.0,15.9,18.0,1.0,0.5,0.5,-1.06,-1.06,-1.06,-1.06,1.0,0.0,8.0,1.0,0.9,0.2,-7.1,-7.1,-7.1,-7.1,1.0,0.0,8.0,1.0,0.9,0.2,-118.1,-63.0,-8.0,-63.0,2.0,114.1,18.0,1.0,0.5,0.5,-93.8,-36.0,21.7,-36.0,2.0,119.6,18.0,1.0,0.5,0.5,-103.0,-103.0,-103.0,-103.0,1.0,0.0,8.0,1.0,0.9,0.2,-86.5,-86.5,-86.5,-86.5,1.0,0.0,8.0,1.0,0.9,0.2,5.5,5.5,5.5,5.5,1.0,0.0,8.0,1.0,0.9,0.2,4.6,4.6,4.6,4.6,1.0,0.0,8.0,1.0,0.9,0.2,54.5,154.5,254.5,154.5,2.0,207.0,18.0,1.0,0.5,0.5,55.0,155.0,255.0,155.0,2.0,205.0,18.0,1.0,0.5,0.5
1974,2,319.0,-25.0,26.01,27.1,27.37,26.7,3.0,1.06,18.0,0.3,0.6,0.7,26.39,27.0,27.34,26.87,3.0,0.71,18.0,0.3,0.6,0.7,18.0,18.0,18.0,18.0,1.0,0.0,22.0,0.0,0.9,1.0,78.4,78.4,78.4,78.4,1.0,0.0,22.0,0.0,1.0,2.44,7.7,7.9,5.23,3.0,4.53,18.0,0.3,0.6,0.7,-6.6,-3.85,-1.22,-3.91,3.0,3.94,18.0,0.3,0.6,0.7,-4.99,-1.39,-0.44,-2.69,3.0,3.52,18.0,0.3,0.6,0.7,1011.27,1014.0,1016.39,1013.83,3.0,3.75,18.0,0.3,0.6,0.7,0.6,2.0,6.1,3.3,3.0,4.2,18.0,0.3,0.6,0.7,-52.4,-29.6,-9.4,-30.9,3.0,31.5,18.0,0.3,0.6,0.7,-38.6,-11.1,-3.5,-20.8,3.0,27.0,18.0,0.3,0.6,0.7,-0.41,0.0,0.07,-0.17,3.0,0.38,18.0,0.3,0.6,0.7,-3.3,0.0,0.0,-1.6,3.0,2.8,18.0,0.3,0.6,0.7,5.04,5.04,5.04,5.04,1.0,0.0,22.0,0.0,0.9,1.0,38.8,38.8,38.8,38.8,1.0,0.0,22.0,0.0,0.9,1.0,-174.0,-105.9,-33.6,-103.8,3.0,102.8,18.0,0.3,0.6,0.7,-136.7,-36.3,-11.5,-73.2,3.0,97.1,18.0,0.3,0.6,0.7,-69.3,-69.3,-69.3,-69.3,1.0,0.0,22.0,0.0,0.9,1.0,-120.0,-120.0,-120.0,-120.0,1.0,0.0,22.0,0.0,0.9,1.0,-19.4,-19.4,-19.4,-19.4,1.0,0.0,22.0,0.0,0.9,1.0,-33.6,-33.6,-33.6,-33.6,1.0,0.0,22.0,0.0,0.9,1.0,145.0,456.5,494.5,323.0,3.0,281.0,18.0,0.3,0.6,0.7,145.0,455.0,495.0,325.0,3.0,280.0,18.0,0.3,0.6,0.7
1974,2,319.0,-24.0,27.13,28.0,28.0,27.6,5.0,0.65,22.0,0.6,0.4,0.7,26.13,27.0,27.61,26.86,5.0,0.91,22.0,0.6,0.4,0.7,17.25,17.65,18.04,17.65,4.0,0.54,22.0,0.8,0.4,0.7,75.7,79.3,83.6,79.6,4.0,5.8,22.0,0.8,0.7,4.38,6.7,6.88,5.84,5.0,1.44,22.0,0.6,0.4,0.7,-3.86,-1.37,0.0,-2.05,5.0,2.72,22.0,0.6,0.4,0.7,-6.63,-4.6,-2.81,-4.6,5.0,2.35,22.0,0.6,0.4,0.7,1011.33,1011.5,1013.49,1012.36,5.0,1.67,22.0,0.6,0.4,0.7,1.6,3.0,5.4,3.4,5.0,2.1,22.0,0.6,0.4,0.7,-25.9,-5.5,0.0,-13.0,5.0,18.5,22.0,0.6,0.4,0.7,-45.7,-21.2,-12.4,-27.6,5.0,18.7,22.0,0.6,0.4,0.7,0.13,1.0,1.18,0.74,5.0,0.62,22.0,0.6,0.4,0.7,0.6,6.0,6.7,4.1,5.0,3.3,22.0,0.6,0.4,0.7,4.29,5.43,6.44,5.37,4.0,1.28,22.0,0.8,0.4,0.7,28.4,32.3,37.8,33.0,4.0,6.3,22.0,0.8,0.4,0.7,-100.7,-36.3,0.0,-53.3,5.0,69.4,22.0,0.6,0.4,0.7,-180.2,-127.9,-74.1,-125.0,5.0,65.4,22.0,0.6,0.4,0.7,-80.5,-20.1,0.0,-39.3,4.0,55.2,22.0,0.8,0.4,0.7,-121.6,-94.3,-48.0,-85.3,4.0,48.4,22.0,0.8,0.4,0.7,-20.3,-7.1,0.0,-10.0,4.0,12.5,22.0,0.8,0.4,0.7,-36.5,-32.3,-17.0,-27.0,4.0,15.3,22.0,0.8,0.4,0.7,85.0,301.0,327.0,227.0,5.0,137.5,22.0,0.6,0.4,0.7,85.0,300.0,325.0,225.0,5.0,140.0,22.0,0.6,0.4,0.7
1974,2,319.0,-23.0,23.32,24.4,27.09,24.94,17.0,1.99,16.0,0.5,0.3,0.7,24.0,26.5,27.83,26.04,19.0,1.95,18.0,0.5,0.3,0.7,16.26,17.23,18.72,17.49,15.0,1.19,18.0,0.5,0.2,0.8,78.4,85.9,91.9,85.1,15.0,6.2,18.0,0.5,0.8,2.1,5.1,8.27,5.27,19.0,3.37,18.0,0.5,0.3,0.7,-5.13,-2.56,-0.71,-2.9,19.0,2.33,18.0,0.5,0.3,0.7,-7.98,-2.55,0.0,-3.71,19.0,3.44,18.0,0.5,0.3,0.7,1011.09,1012.3,1015.41,1013.27,19.0,2.21,18.0,0.5,0.3,0.7,1.0,4.0,6.0,3.6,19.0,2.1,18.0,0.5,0.3,0.7,-38.2,-13.0,-1.4,-19.5,19.0,26.0,18.0,0.5,0.3,0.7,-64.7,-13.0,0.0,-29.2,19.0,37.1,18.0,0.5,0.3,0.7,-3.73,-1.0,0.69,-1.26,17.0,2.55,16.0,0.5,0.3,0.7,-26.5,-5.0,3.5,-7.2,17.0,15.4,16.0,0.5,0.3,0.7,-0.29,2.04,3.84,2.09,14.0,2.55,18.0,0.5,0.2,0.8,-0.9,5.6,24.6,10.5,14.0,15.5,18.0,0.5,0.2,0.8,-129.3,-69.0,-18.7,-76.8,19.0,63.8,18.0,0.5,0.3,0.7,-223.9,-70.9,0.0,-99.3,19.0,94.2,18.0,0.5,0.3,0.7,-82.8,-42.1,-11.1,-42.3,15.0,33.8,18.0,0.5,0.2,0.8,-121.8,-37.5,0.0,-51.6,15.0,56.7,18.0,0.5,0.2,0.8,-13.9,-2.8,0.3,-5.3,14.0,10.5,18.0,0.5,0.2,0.8,-20.0,-0.4,0.0,-7.3,14.0,12.7,18.0,0.5,0.2,0.8,9.5,132.5,566.5,331.5,19.0,518.5,18.0,0.5,0.3,0.7,10.0,135.0,565.0,330.0,19.0,520.0,18.0,0.5,0.3,0.7
1974,2,319.0,-22.0,24.22,27.0,28.0,26.22,29.0,2.29,18.0,0.5,0.7,0.6,24.58,26.8,29.42,26.89,29.0,2.1,18.0,0.5,0.7,0.6,16.46,17.9,18.88,17.87,22.0,1.65,18.0,0.5,0.8,0.7,75.1,78.6,88.1,81.0,23.0,7.1,18.0,0.5,0.6,2.1,4.85,7.4,5.1,30.0,2.85,18.0,0.5,0.7,0.6,-4.51,-2.37,0.0,-2.22,30.0,2.48,18.0,0.5,0.7,0.6,-6.65,-2.22,1.26,-2.73,30.0,4.0,18.0,0.5,0.7,0.6,1010.5,1013.8,1015.5,1013.28,29.0,2.29,18.0,0.5,0.7,0.6,2.0,3.5,7.0,4.0,30.0,2.4,18.0,0.5,0.7,0.6,-34.8,-10.2,0.0,-14.9,30.0,19.2,18.0,0.5,0.7,0.6,-51.5,-6.3,2.6,-21.9,30.0,32.7,18.0,0.5,0.7,0.6,-3.0,-0.45,1.21,-0.64,28.0,2.71,18.0,0.5,0.7,0.6,-19.8,-0.8,8.1,-3.7,27.0,18.4,18.0,0.5,0.7,0.6,0.41,2.58,5.62,3.06,22.0,2.35,18.0,0.5,0.8,0.7,0.1,10.4,32.7,13.4,21.0,15.4,18.0,0.6,0.7,0.6,-127.1,-67.5,0.0,-59.9,28.0,68.6,18.0,0.5,0.7,0.6,-182.0,-59.6,42.0,-70.4,28.0,106.6,18.0,0.5,0.7,0.6,-70.1,-32.5,0.0,-31.7,21.0,40.5,18.0,0.6,0.7,0.6,-110.9,-17.4,38.2,-29.8,21.0,67.7,18.0,0.6,0.7,0.6,-11.8,-0.4,2.8,-4.2,21.0,10.0,18.0,0.6,0.7,0.6,-23.1,0.0,4.7,-4.9,21.0,16.8,18.0,0.6,0.7,0.6,9.5,115.0,406.5,255.5,30.0,319.5,18.0,0.5,0.7,0.6,10.0,115.0,405.0,255.0,30.0,320.0,18.0,0.5,0.7,0.6
1974,2,319.0,-21.0,27.0,27.0,27.0,27.0,1.0,0.0,22.0,0.0,1.0,0.1,27.0,27.0,27.0,27.0,1.0,0.0,22.0,0.0,1.0,0.1,19.78,19.78,19.78,19.78,1.0,0.0,22.0,0.0,1.0,0.1,88.8,88.8,88.8,88.8,1.0,0.0,22.0,0.0,0.1,9.3,9.3,9.3,9.3,1.0,0.0,22.0,0.0,1.0,0.1,-5.98,-5.98,-5.98,-5.98,1.0,0.0,22.0,0.0,1.0,0.1,-7.12,-7.12,-7.12,-7.12,1.0,0.0,22.0,0.0,1.0,0.1,1012.8,1012.8,1012.8,1012.8,1.0,0.0,22.0,0.0,1.0,0.1,0.0,0.0,0.0,0.0,1.0,0.0,22.0,0.0,1.0,0.1,-55.6,-55.6,-55.6,-55.6,1.0,0.0,22.0,0.0,1.0,0.1,-66.3,-66.3,-66.3,-66.3,1.0,0.0,22.0,0.0,1.0,0.1,0.0,0.0,0.0,0.0,1.0,0.0,22.0,0.0,1.0,0.1,0.0,0.0,0.0,0.0,1.0,0.0,22.0,0.0,1.0,0.1,2.52,2.52,2.52,2.52,1.0,0.0,22.0,0.0,1.0,0.1,23.5,23.5,23.5,23.5,1.0,0.0,22.0,0.0,1.0,0.1,-161.4,-161.4,-161.4,-161.4,1.0,0.0,22.0,0.0,1.0,0.1,-192.4,-192.4,-192.4,-192.4,1.0,0.0,22.0,0.0,1.0,0.1,-118.2,-118.2,-118.2,-118.2,1.0,0.0,22.0,0.0,1.0,0.1,-140.9,-140.9,-140.9,-140.9,1.0,0.0,22.0,0.0,1.0,0.1,-15.1,-15.1,-15.1,-15.1,1.0,0.0,22.0,0.0,1.0,0.1,-18.0,-18.0,-18.0,-18.0,1.0,0.0,22.0,0.0,1.0,0.1,804.5,804.5,804.5,804.5,1.0,0.0,22.0,0.0,1.0,0.1,805.0,805.0,805.0,805.0,1.0,0.0,22.0,0.0,1.0,0.1
1974,2,319.0,-3.0,27.8,27.8,27.8,27.8,2.0,0.0,22.0,0.5,0.9,0.8,27.35,27.9,28.71,28.03,4.0,0.82,14.0,0.5,0.8,0.9,17.3,17.41,17.51,17.41,2.0,0.22,22.0,0.5,0.9,0.8,73.0,74.1,75.1,74.1,2.0,2.1,22.0,0.5,0.8,3.6,4.85,6.84,5.4,6.0,2.15,16.0,0.3,0.8,0.8,-6.77,-3.72,-3.12,-4.85,6.0,2.45,16.0,0.3,0.8,0.8,-3.02,-1.8,-0.85,-1.82,6.0,1.21,16.0,0.3,0.8,0.8,1006.59,1008.1,1009.76,1007.98,6.0,1.97,16.0,0.3,0.8,0.8,2.0,4.5,7.2,4.7,6.0,2.5,16.0,0.3,0.8,0.8,-47.9,-18.1,-11.2,-30.5,6.0,29.1,16.0,0.3,0.8,0.8,-14.2,-6.6,-5.1,-8.3,6.0,6.0,16.0,0.3,0.8,0.8,-0.44,-0.1,0.24,-0.1,2.0,0.71,22.0,0.5,0.9,0.8,-2.3,-0.6,1.1,-0.6,2.0,3.5,22.0,0.5,0.9,0.8,5.94,6.05,6.16,6.05,2.0,0.23,22.0,0.5,0.9,0.8,28.8,29.3,29.8,29.3,2.0,1.0,22.0,0.5,0.9,0.8,-217.3,-144.0,-103.4,-159.6,4.0,72.0,14.0,0.5,0.8,0.9,-87.3,-56.1,-14.9,-51.3,4.0,43.5,14.0,0.5,0.8,0.9,-67.4,-64.7,-62.0,-64.7,2.0,5.5,22.0,0.5,0.9,0.8,-56.5,-54.3,-52.0,-54.3,2.0,4.6,22.0,0.5,0.9,0.8,-22.8,-22.5,-22.1,-22.5,2.0,0.8,22.0,0.5,0.9,0.8,-19.2,-18.8,-18.5,-18.8,2.0,0.7,22.0,0.5,0.9,0.8,46.5,115.0,355.0,227.5,6.0,291.5,16.0,0.3,0.8,0.8,45.0,115.0,355.0,230.0,6.0,290.0,16.0,0.3,0.8,0.8
1974,2,319.0,-2.0,26.57,27.0,29.4,27.71,7.0,1.49,14.0,0.4,0.6,0.6,25.19,26.6,27.1,26.47,7.0,1.4,14.0,0.4,0.6,0.6,15.38,17.54,18.86,17.2,7.0,1.78,14.0,0.4,0.6,0.6,74.0,78.0,85.5,79.5,7.0,6.6,14.0,0.4,0.6,4.4,5.7,7.72,5.43,7.0,2.54,14.0,0.4,0.6,0.6,-4.82,-2.85,-2.51,-3.06,7.0,1.73,14.0,0.4,0.6,0.6,-5.07,-3.1,-0.13,-2.04,7.0,4.7,14.0,0.4,0.6,0.6,1009.96,1010.9,1011.55,1010.74,7.0,1.12,14.0,0.4,0.6,0.6,6.0,7.5,8.0,7.2,6.0,1.0,14.0,0.5,0.5,0.6,-24.9,-20.3,-13.0,-18.7,7.0,10.4,14.0,0.4,0.6,0.6,-29.8,-16.2,2.4,-11.5,7.0,35.8,14.0,0.4,0.6,0.6,-0.02,0.5,3.9,1.24,7.0,1.86,14.0,0.4,0.6,0.6,-0.1,2.0,7.0,4.7,7.0,9.0,14.0,0.4,0.6,0.6,4.23,6.56,7.34,6.19,7.0,2.08,14.0,0.4,0.6,0.6,23.4,27.5,45.1,30.3,7.0,15.2,14.0,0.4,0.6,0.6,-137.0,-75.8,-63.2,-81.9,7.0,47.1,14.0,0.4,0.6,0.6,-135.0,-79.0,-3.2,-56.3,7.0,122.2,14.0,0.4,0.6,0.6,-90.8,-50.0,-36.3,-54.3,7.0,33.2,14.0,0.4,0.6,0.6,-89.5,-57.6,-2.3,-40.7,7.0,77.7,14.0,0.4,0.6,0.6,-33.9,-15.7,-9.0,-18.1,7.0,13.6,14.0,0.4,0.6,0.6,-22.6,-18.7,-2.3,-8.2,7.0,25.6,14.0,0.4,0.6,0.6,92.5,185.0,461.0,237.5,7.0,198.5,14.0,0.4,0.6,0.6,95.0,185.0,460.0,235.0,7.0,200.0,14.0,0.4,0.6,0.6
1974,2,319.0,-1.0,28.7,28.7,28.7,28.7,1.0,0.0,8.0,1.0,1.0,0.9,26.21,26.65,27.09,26.65,2.0,0.92,12.0,0.5,0.9,1.0,18.28,19.88,21.48,19.88,2.0,3.31,12.0,0.5,0.9,1.0,85.8,90.6,95.4,90.6,2.0,10.0,12.0,0.5,1.0,5.35,6.1,6.85,6.1,2.0,1.56,12.0,0.5,0.9,1.0,-4.34,-3.58,-2.82,-3.58,2.0,1.58,12.0,0.5,0.9,1.0,-5.96,-4.24,-2.51,-4.24,2.0,3.57,12.0,0.5,0.9,1.0,1010.61,1010.85,1011.09,1010.85,2.0,0.5,12.0,0.5,0.9,1.0,8.0,8.0,8.0,8.0,1.0,0.0,16.0,0.0,0.8,1.0,-22.6,-20.6,-18.6,-20.6,2.0,4.1,12.0,0.5,0.9,1.0,-42.3,-28.6,-14.9,-28.6,2.0,28.4,12.0,0.5,0.9,1.0,1.4,1.4,1.4,1.4,1.0,0.0,8.0,1.0,1.0,0.9,10.1,10.1,10.1,10.1,1.0,0.0,8.0,1.0,1.0,0.9,2.5,2.5,2.5,2.5,1.0,0.0,8.0,1.0,1.0,0.9,18.0,18.0,18.0,18.0,1.0,0.0,8.0,1.0,1.0,0.9,-113.4,-94.7,-75.9,-94.7,2.0,38.8,12.0,0.5,0.9,1.0,-162.4,-114.6,-66.7,-114.6,2.0,99.2,12.0,0.5,0.9,1.0,-78.0,-68.6,-59.1,-68.6,2.0,19.6,12.0,0.5,0.9,1.0,-131.2,-90.2,-49.1,-90.2,2.0,85.1,12.0,0.5,0.9,1.0,-6.2,-6.2,-6.2,-6.2,1.0,0.0,8.0,1.0,1.0,0.9,-16.9,-16.9,-16.9,-16.9,1.0,0.0,8.0,1.0,1.0,0.9,164.5,249.0,334.0,249.0,2.0,175.5,12.0,0.5,0.9,1.0,165.0,250.0,335.0,250.0,2.0,175.0,12.0,0.5,0.9,1.0
1974,2,319.0,0.0,28.0,28.0,28.0,28.0,1.0,0.0,2.0,0.0,0.5,0.5,26.16,26.5,26.84,26.5,2.0,0.71,8.0,0.0,0.6,0.3,17.54,17.54,17.54,17.54,1.0,0.0,16.0,0.0,0.8,0.0,83.6,83.6,83.6,83.6,1.0,0.0,16.0,0.0,0.0,3.33,4.05,4.77,4.05,2.0,1.48,8.0,0.0,0.6,0.3,-4.27,-3.15,-2.02,-3.15,2.0,2.33,8.0,0.0,0.6,0.3,-2.46,-2.17,-1.88,-2.17,2.0,0.6,8.0,0.0,0.6,0.3,1011.2,1011.2,1011.2,1011.2,1.0,0.0,16.0,0.0,0.8,0.0,8.0,8.0,8.0,8.0,2.0,0.0,8.0,0.0,0.6,0.3,-21.3,-14.5,-7.7,-14.5,2.0,14.1,8.0,0.0,0.6,0.3,-8.7,-8.3,-8.0,-8.3,2.0,0.8,8.0,0.0,0.6,0.3,,,,,,,,,,,,,,,,,,,,,,,,,,,,,,,,,,,,,,,,,-111.3,-82.6,-53.8,-82.6,2.0,59.5,8.0,0.0,0.6,0.3,-66.2,-57.7,-49.3,-57.7,2.0,17.5,8.0,0.0,0.6,0.3,-84.1,-84.1,-84.1,-84.1,1.0,0.0,16.0,0.0,0.8,0.0,-30.6,-30.6,-30.6,-30.6,1.0,0.0,16.0,0.0,0.8,0.0,,,,,,,,,,,,,,,,,,,,,,,,,,,,,,,,,,,,,,,,
1974,2,319.0,1.0,26.63,27.6,28.17,27.47,10.0,0.86,10.0,0.6,0.7,0.4,24.75,25.6,27.18,25.72,11.0,1.3,10.0,0.6,0.7,0.4,16.83,17.36,19.49,18.03,9.0,1.91,8.0,0.6,0.7,0.4,82.3,87.1,95.6,88.0,9.0,6.8,8.0,0.6,0.4,4.6,6.95,9.87,7.34,10.0,3.32,12.0,0.7,0.7,0.5,-8.77,-5.56,-3.98,-6.0,10.0,3.22,12.0,0.7,0.7,0.5,-6.34,-3.48,-0.85,-3.33,10.0,2.87,12.0,0.7,0.7,0.5,1007.36,1009.15,1010.79,1009.26,10.0,1.88,10.0,0.6,0.7,0.4,6.6,8.0,8.0,7.1,11.0,1.8,10.0,0.6,0.7,0.4,-83.5,-38.3,-18.3,-53.2,10.0,49.0,12.0,0.7,0.7,0.5,-54.9,-22.1,-1.8,-27.8,10.0,33.7,12.0,0.7,0.7,0.5,0.0,1.75,3.44,1.78,10.0,1.77,10.0,0.6,0.7,0.4,-0.8,9.5,16.9,10.6,9.0,12.5,10.0,0.7,0.7,0.4,2.99,5.11,6.32,5.09,9.0,2.43,8.0,0.6,0.7,0.4,12.2,27.9,43.5,32.7,8.0,24.6,10.0,0.6,0.7,0.4,-222.5,-146.1,-103.1,-154.7,10.0,79.4,12.0,0.7,0.7,0.5,-160.8,-92.4,-19.9,-86.8,10.0,74.8,12.0,0.7,0.7,0.5,-171.1,-97.4,-69.8,-108.7,8.0,61.9,10.0,0.6,0.7,0.4,-117.0,-47.9,-3.8,-58.7,8.0,62.1,10.0,0.6,0.7,0.4,-39.4,-22.3,-7.7,-26.8,8.0,22.5,10.0,0.6,0.7,0.4,-31.3,-12.2,-1.0,-14.4,8.0,16.3,10.0,0.6,0.7,0.4,97.5,337.0,969.0,627.5,10.0,797.0,12.0,0.7,0.7,0.5,95.0,335.0,970.0,625.0,10.0,795.0,12.0,0.7,0.7,0.5
1974,2,319.0,2.0,26.25,27.7,28.0,27.25,11.0,1.11,10.0,0.5,0.5,0.2,25.0,26.0,27.51,26.14,11.0,1.3,10.0,0.5,0.5,0.2,16.81,17.8,18.32,17.8,9.0,1.5,8.0,0.6,0.6,0.2,73.6,85.6,94.2,84.9,9.0,9.9,8.0,0.6,0.2,3.69,7.7,9.71,6.86,11.0,3.57,10.0,0.5,0.5,0.2,-6.95,-5.9,-2.53,-4.92,11.0,2.5,10.0,0.5,0.5,0.2,-6.83,-4.95,-2.17,-4.68,11.0,2.76,10.0,0.5,0.5,0.2,1007.92,1009.5,1011.72,1010.05,11.0,2.28,10.0,0.5,0.5,0.2,5.8,8.0,8.0,6.8,11.0,2.0,10.0,0.5,0.5,0.2,-66.2,-42.2,-9.4,-41.5,11.0,32.2,10.0,0.5,0.5,0.2,-67.1,-38.1,-10.1,-40.6,11.0,36.8,10.0,0.5,0.5,0.2,-0.04,1.0,1.88,1.12,11.0,1.29,10.0,0.5,0.5,0.2,-0.3,2.9,15.6,7.5,11.0,10.4,10.0,0.5,0.5,0.2,2.64,5.29,6.36,4.87,9.0,1.89,8.0,0.6,0.6,0.2,21.0,32.5,62.1,38.2,9.0,23.5,8.0,0.6,0.6,0.2,-180.9,-141.6,-67.5,-128.3,11.0,67.6,10.0,0.5,0.5,0.2,-180.3,-118.8,-54.7,-122.9,11.0,76.6,10.0,0.5,0.5,0.2,-125.0,-105.8,-50.4,-96.8,9.0,38.1,8.0,0.6,0.6,0.2,-137.4,-82.9,-44.1,-90.5,9.0,49.0,8.0,0.6,0.6,0.2,-41.4,-30.5,-13.5,-28.0,9.0,17.5,8.0,0.6,0.6,0.2,-44.8,-20.5,-12.4,-25.3,9.0,16.7,8.0,0.6,0.6,0.2,53.0,456.5,923.5,550.5,11.0,626.5,10.0,0.5,0.5,0.2,55.0,455.0,925.0,550.0,11.0,625.0,10.0,0.5,0.5,0.2
1974,2,319.0,3.0,26.66,26.8,27.11,26.88,5.0,0.28,16.0,0.4,0.7,0.4,25.23,26.1,26.67,25.96,5.0,1.05,16.0,0.4,0.7,0.4,15.99,16.1,16.94,16.46,3.0,0.77,16.0,0.3,0.7,0.4,78.6,82.7,84.2,81.5,4.0,4.2,18.0,0.3,0.3,6.75,7.7,8.97,7.8,5.0,1.85,16.0,0.4,0.7,0.4,-7.77,-6.67,-3.64,-5.96,5.0,2.36,16.0,0.4,0.7,0.4,-5.7,-4.1,-3.89,-4.74,5.0,1.2,16.0,0.4,0.7,0.4,1009.65,1010.8,1011.74,1010.7,4.0,1.56,16.0,0.5,0.6,0.4,6.5,7.0,7.5,7.0,4.0,0.8,18.0,0.5,0.6,0.3,-70.5,-51.3,-24.9,-49.6,5.0,28.9,16.0,0.4,0.7,0.4,-52.0,-33.6,-26.1,-37.5,5.0,14.3,16.0,0.4,0.7,0.4,0.08,0.7,1.69,0.92,5.0,1.21,16.0,0.4,0.7,0.4,0.6,5.4,11.9,6.1,5.0,6.7,16.0,0.4,0.7,0.4,5.06,5.72,6.5,5.78,3.0,1.06,16.0,0.3,0.7,0.4,35.5,36.6,41.7,38.5,3.0,4.8,16.0,0.3,0.7,0.4,-206.8,-174.0,-93.5,-155.7,5.0,63.0,16.0,0.4,0.7,0.4,-148.1,-111.9,-98.6,-123.1,5.0,32.5,16.0,0.4,0.7,0.4,-98.6,-62.0,-55.3,-76.6,3.0,34.1,16.0,0.3,0.7,0.4,-94.5,-66.7,-63.7,-78.8,3.0,24.8,16.0,0.3,0.7,0.4,-28.8,-22.5,-22.2,-25.4,3.0,5.4,16.0,0.3,0.7,0.4,-34.5,-26.8,-21.0,-27.7,3.0,10.0,16.0,0.3,0.7,0.4,338.5,456.5,749.0,538.0,5.0,348.5,16.0,0.4,0.7,0.4,340.0,455.0,750.0,540.0,5.0,350.0,16.0,0.4,0.7,0.4
1974,2,319.0,4.0,26.48,27.15,27.56,27.03,4.0,0.76,18.0,0.3,0.7,0.3,26.15,26.25,26.56,26.35,4.0,0.31,18.0,0.3,0.7,0.3,15.82,16.8,17.95,16.88,4.0,1.29,18.0,0.3,0.7,0.3,72.8,78.7,84.7,78.8,4.0,7.3,18.0,0.3,0.3,7.18,8.5,10.09,8.63,4.0,1.8,18.0,0.3,0.7,0.3,-7.73,-6.71,-6.09,-6.9,4.0,1.05,18.0,0.3,0.7,0.3,-6.48,-5.46,-3.56,-5.04,4.0,2.0,18.0,0.3,0.7,0.3,1008.65,1010.8,1011.43,1010.08,4.0,2.32,18.0,0.3,0.7,0.3,7.0,8.0,8.0,7.5,4.0,1.0,18.0,0.3,0.7,0.3,-78.4,-55.8,-43.7,-60.8,4.0,21.8,18.0,0.3,0.7,0.3,-65.7,-46.9,-26.2,-46.0,4.0,25.4,18.0,0.3,0.7,0.3,-0.09,0.9,1.41,0.68,4.0,1.07,18.0,0.3,0.7,0.3,-1.0,7.5,14.5,6.8,4.0,10.3,18.0,0.3,0.7,0.3,5.15,5.42,5.92,5.53,4.0,0.54,18.0,0.3,0.7,0.3,42.3,46.0,51.8,47.0,4.0,5.7,18.0,0.3,0.7,0.3,-202.0,-176.1,-161.7,-181.6,4.0,25.9,18.0,0.3,0.7,0.3,-169.5,-144.6,-94.7,-132.7,4.0,52.2,18.0,0.3,0.7,0.3,-138.9,-113.0,-96.4,-117.5,4.0,26.9,18.0,0.3,0.7,0.3,-116.6,-90.5,-56.0,-86.5,4.0,39.0,18.0,0.3,0.7,0.3,-40.5,-38.7,-35.1,-37.8,4.0,3.7,18.0,0.3,0.7,0.3,-33.3,-29.6,-20.6,-27.1,4.0,9.0,18.0,0.3,0.7,0.3,375.0,630.5,1043.0,705.5,4.0,425.5,18.0,0.3,0.7,0.3,375.0,630.0,1045.0,705.0,4.0,425.0,18.0,0.3,0.7,0.3
1974,2,319.0,5.0,26.4,26.5,26.7,26.54,10.0,0.14,20.0,0.2,0.7,0.6,25.6,25.8,25.8,25.72,10.0,0.1,20.0,0.2,0.7,0.6,14.58,15.5,15.9,15.34,5.0,0.81,20.0,0.2,0.8,0.6,70.9,74.8,76.9,74.3,5.0,4.0,20.0,0.2,0.6,9.51,10.0,10.87,10.12,5.0,0.81,20.0,0.2,0.8,0.6,-8.76,-7.79,-7.16,-7.91,5.0,1.12,20.0,0.2,0.8,0.6,-7.23,-6.43,-5.07,-6.18,5.0,1.23,20.0,0.2,0.8,0.6,1009.4,1009.5,1011.51,1010.28,5.0,1.16,20.0,0.2,0.8,0.6,7.0,7.0,7.6,6.8,10.0,1.4,20.0,0.2,0.7,0.6,-95.7,-76.6,-67.1,-80.4,5.0,16.2,20.0,0.2,0.8,0.6,-75.1,-64.3,-51.8,-62.9,5.0,14.7,20.0,0.2,0.8,0.6,0.6,0.9,1.01,0.82,10.0,0.2,20.0,0.2,0.7,0.6,6.0,8.1,10.6,8.4,5.0,2.6,20.0,0.2,0.8,0.6,5.83,6.06,7.21,6.41,5.0,0.81,20.0,0.2,0.8,0.6,59.1,60.6,70.3,64.8,5.0,9.4,20.0,0.2,0.8,0.6,-225.5,-199.5,-184.8,-203.3,5.0,28.3,20.0,0.2,0.8,0.6,-186.5,-165.8,-129.8,-159.1,5.0,32.2,20.0,0.2,0.8,0.6,-134.5,-119.0,-107.7,-121.5,5.0,20.8,20.0,0.2,0.8,0.6,-108.0,-99.8,-80.6,-94.8,5.0,19.0,20.0,0.2,0.8,0.6,-57.9,-51.0,-43.4,-50.6,5.0,9.1,20.0,0.2,0.8,0.6,-47.9,-38.9,-31.1,-39.6,5.0,9.4,20.0,0.2,0.8,0.6,863.5,1000.0,1285.5,1052.0,5.0,245.0,20.0,0.2,0.8,0.6,865.0,1000.0,1285.0,1050.0,5.0,245.0,20.0,0.2,0.8,0.6
1974,2,319.0,6.0,27.55,27.65,27.75,27.65,2.0,0.21,12.0,0.5,0.8,0.3,25.64,26.6,27.56,26.6,2.0,1.98,12.0,0.5,0.8,0.3,16.53,16.95,17.38,16.95,2.0,0.89,12.0,0.5,0.8,0.3,75.4,77.9,80.3,77.9,2.0,5.1,12.0,0.5,0.3,3.07,5.15,7.23,5.15,2.0,4.31,12.0,0.5,0.8,0.3,-3.66,-2.72,-1.79,-2.72,2.0,1.94,12.0,0.5,0.8,0.3,-5.72,-2.75,0.23,-2.75,2.0,6.16,12.0,0.5,0.8,0.3,1009.03,1009.1,1009.17,1009.1,2.0,0.14,12.0,0.5,0.8,0.3,1.3,4.0,6.7,4.0,2.0,5.7,12.0,0.5,0.8,0.3,-28.7,-18.2,-7.7,-18.2,2.0,21.8,12.0,0.5,0.8,0.3,-48.5,-27.4,-6.4,-27.4,2.0,43.6,12.0,0.5,0.8,0.3,-0.01,1.05,2.11,1.05,2.0,2.19,12.0,0.5,0.8,0.3,2.5,10.1,17.8,10.1,2.0,15.8,12.0,0.5,0.8,0.3,5.75,6.32,6.88,6.32,2.0,1.18,12.0,0.5,0.8,0.3,19.0,35.1,51.1,35.1,2.0,33.3,12.0,0.5,0.8,0.3,-92.9,-70.6,-48.2,-70.6,2.0,46.3,12.0,0.5,0.8,0.3,-143.4,-67.0,9.5,-67.0,2.0,158.4,12.0,0.5,0.8,0.3,-60.1,-45.3,-30.6,-45.3,2.0,30.6,12.0,0.5,0.8,0.3,-93.1,-43.8,5.4,-43.8,2.0,102.0,12.0,0.5,0.8,0.3,-25.8,-18.4,-10.9,-18.4,2.0,15.5,12.0,0.5,0.8,0.3,-41.3,-21.0,-0.6,-21.0,2.0,42.1,12.0,0.5,0.8,0.3,95.5,280.5,465.5,280.5,2.0,383.5,12.0,0.5,0.8,0.3,95.0,280.0,465.0,280.0,2.0,385.0,12.0,0.5,0.8,0.3
1974,2,319.0,8.0,25.04,25.75,26.09,25.66,8.0,0.67,16.0,0.6,0.6,0.5,24.52,24.8,25.8,24.84,8.0,0.93,16.0,0.6,0.6,0.5,13.84,15.4,16.14,15.07,5.0,1.63,12.0,0.8,0.7,0.6,68.0,79.4,82.2,76.2,5.0,8.6,12.0,0.8,0.6,8.2,9.65,12.36,10.4,8.0,2.69,16.0,0.6,0.6,0.5,-9.43,-7.0,-5.84,-7.36,8.0,2.78,16.0,0.6,0.6,0.5,-9.06,-7.07,-5.27,-7.11,8.0,1.83,16.0,0.6,0.6,0.5,1010.83,1012.55,1013.97,1012.23,8.0,1.92,16.0,0.6,0.6,0.5,2.0,2.5,5.0,3.5,8.0,2.3,16.0,0.6,0.6,0.5,-115.0,-72.0,-51.5,-82.4,8.0,50.7,16.0,0.6,0.6,0.5,-109.0,-58.9,-44.3,-77.4,8.0,39.3,16.0,0.6,0.6,0.5,0.02,0.45,1.62,0.83,8.0,1.07,16.0,0.6,0.6,0.5,0.2,4.4,24.7,10.4,8.0,13.8,16.0,0.6,0.6,0.5,4.39,4.88,6.82,5.43,5.0,1.37,12.0,0.8,0.7,0.6,43.4,51.5,63.1,52.7,5.0,14.8,12.0,0.8,0.7,0.6,-231.3,-166.6,-151.0,-181.9,8.0,67.8,16.0,0.6,0.6,0.5,-209.6,-183.3,-130.7,-176.2,8.0,43.7,16.0,0.6,0.6,0.5,-161.2,-97.6,-64.7,-111.2,5.0,62.3,12.0,0.8,0.7,0.6,-128.6,-81.9,-74.9,-100.6,5.0,41.1,12.0,0.8,0.7,0.6,-48.3,-43.5,-21.7,-37.0,5.0,15.6,12.0,0.8,0.7,0.6,-47.3,-37.1,-23.4,-35.5,5.0,12.6,12.0,0.8,0.7,0.6,551.5,911.0,1887.0,1333.5,8.0,1087.5,16.0,0.6,0.6,0.5,550.0,910.0,1885.0,1335.0,8.0,1085.0,16.0,0.6,0.6,0.5
1974,2,319.0,9.0,25.0,26.0,26.0,25.6,5.0,0.55,22.0,0.4,0.7,0.6,23.0,23.85,25.01,24.0,4.0,1.18,20.0,0.5,0.6,0.5,14.56,14.56,14.56,14.56,1.0,0.0,12.0,1.0,0.4,0.7,75.1,75.1,75.1,75.1,1.0,0.0,12.0,1.0,0.7,10.19,11.0,11.37,10.86,5.0,0.77,22.0,0.4,0.7,0.6,-9.76,-8.92,-7.07,-8.57,5.0,1.47,22.0,0.4,0.7,0.6,-8.43,-6.0,-4.52,-6.28,5.0,2.16,22.0,0.4,0.7,0.6,1012.98,1013.9,1014.97,1013.92,5.0,1.37,22.0,0.4,0.7,0.6,3.0,7.0,8.0,5.8,5.0,2.6,22.0,0.4,0.7,0.6,-105.2,-91.9,-77.8,-93.2,5.0,19.2,22.0,0.4,0.7,0.6,-92.7,-72.0,-46.2,-68.9,5.0,25.5,22.0,0.4,0.7,0.6,-0.01,1.65,3.0,1.5,4.0,1.75,20.0,0.5,0.6,0.5,-0.1,18.0,33.0,16.5,4.0,19.2,20.0,0.5,0.6,0.5,5.24,5.24,5.24,5.24,1.0,0.0,12.0,1.0,0.4,0.7,54.0,54.0,54.0,54.0,1.0,0.0,12.0,1.0,0.4,0.7,-229.5,-191.5,-162.6,-195.8,4.0,39.0,20.0,0.5,0.6,0.5,-193.8,-160.5,-105.9,-150.3,4.0,52.9,20.0,0.5,0.6,0.5,-129.9,-129.9,-129.9,-129.9,1.0,0.0,12.0,1.0,0.4,0.7,-75.0,-75.0,-75.0,-75.0,1.0,0.0,12.0,1.0,0.4,0.7,-46.7,-46.7,-46.7,-46.7,1.0,0.0,12.0,1.0,0.4,0.7,-27.0,-27.0,-27.0,-27.0,1.0,0.0,12.0,1.0,0.4,0.7,1059.0,1331.0,1476.0,1296.5,5.0,282.0,22.0,0.4,0.7,0.6,1060.0,1330.0,1475.0,1295.0,5.0,280.0,22.0,0.4,0.7,0.6
1974,2,319.0,10.0,23.61,24.5,25.52,24.57,3.0,1.4,16.0,0.0,0.5,0.5,22.63,24.0,24.07,23.37,3.0,1.18,16.0,0.0,0.5,0.5,13.19,13.24,13.29,13.24,2.0,0.11,10.0,0.0,0.4,0.5,71.0,71.1,71.3,71.1,2.0,0.3,10.0,0.0,0.5,9.52,10.0,11.57,10.53,3.0,1.57,16.0,0.0,0.5,0.5,-10.64,-8.66,-7.61,-9.11,3.0,2.25,16.0,0.0,0.5,0.5,-5.67,-5.0,-4.46,-5.06,3.0,0.89,16.0,0.0,0.5,0.5,1012.32,1013.0,1014.91,1013.6,3.0,1.97,16.0,0.0,0.5,0.5,6.2,6.5,6.8,6.5,2.0,0.7,20.0,0.0,0.6,0.3,-124.5,-86.6,-72.7,-98.3,3.0,39.3,16.0,0.0,0.5,0.5,-54.4,-51.7,-50.6,-52.4,3.0,2.9,16.0,0.0,0.5,0.5,-0.46,0.5,2.89,1.2,3.0,2.52,16.0,0.0,0.5,0.5,-3.8,6.2,29.3,12.6,3.0,24.8,16.0,0.0,0.5,0.5,4.67,5.22,5.78,5.22,2.0,1.16,10.0,0.0,0.4,0.5,46.3,57.6,69.0,57.6,2.0,23.6,10.0,0.0,0.4,0.5,-249.8,-190.5,-177.7,-213.2,3.0,56.4,16.0,0.0,0.5,0.5,-133.3,-110.0,-103.8,-118.3,3.0,22.7,16.0,0.0,0.5,0.5,-143.1,-123.5,-104.0,-123.5,2.0,40.5,10.0,0.0,0.4,0.5,-75.8,-67.5,-59.2,-67.5,2.0,17.1,10.0,0.0,0.4,0.5,-63.7,-50.6,-37.5,-50.6,2.0,27.2,10.0,0.0,0.4,0.5,-26.2,-25.9,-25.6,-25.9,2.0,0.7,10.0,0.0,0.4,0.5,866.5,1000.0,1587.5,1221.5,3.0,562.0,16.0,0.0,0.5,0.5,865.0,1000.0,1590.0,1220.0,3.0,560.0,16.0,0.0,0.5,0.5
1974,2,319.0,11.0,23.3,23.3,23.3,23.3,1.0,0.0,10.0,1.0,0.5,0.7,26.7,26.7,26.7,26.7,1.0,0.0,10.0,1.0,0.5,0.7,18.65,18.65,18.65,18.65,1.0,0.0,10.0,1.0,0.5,0.7,85.2,85.2,85.2,85.2,1.0,0.0,10.0,1.0,0.7,7.2,7.2,7.2,7.2,1.0,0.0,10.0,1.0,0.5,0.7,-4.63,-4.63,-4.63,-4.63,1.0,0.0,10.0,1.0,0.5,0.7,-5.52,-5.52,-5.52,-5.52,1.0,0.0,10.0,1.0,0.5,0.7,1011.0,1011.0,1011.0,1011.0,1.0,0.0,10.0,1.0,0.5,0.7,0.0,0.0,0.0,0.0,1.0,0.0,10.0,1.0,0.5,0.7,-33.3,-33.3,-33.3,-33.3,1.0,0.0,10.0,1.0,0.5,0.7,-39.7,-39.7,-39.7,-39.7,1.0,0.0,10.0,1.0,0.5,0.7,-3.4,-3.4,-3.4,-3.4,1.0,0.0,10.0,1.0,0.5,0.7,-24.5,-24.5,-24.5,-24.5,1.0,0.0,10.0,1.0,0.5,0.7,-0.78,-0.78,-0.78,-0.78,1.0,0.0,10.0,1.0,0.5,0.7,-5.6,-5.6,-5.6,-5.6,1.0,0.0,10.0,1.0,0.5,0.7,-123.6,-123.6,-123.6,-123.6,1.0,0.0,10.0,1.0,0.5,0.7,-147.3,-147.3,-147.3,-147.3,1.0,0.0,10.0,1.0,0.5,0.7,-86.3,-86.3,-86.3,-86.3,1.0,0.0,10.0,1.0,0.5,0.7,-102.9,-102.9,-102.9,-102.9,1.0,0.0,10.0,1.0,0.5,0.7,3.6,3.6,3.6,3.6,1.0,0.0,10.0,1.0,0.5,0.7,4.3,4.3,4.3,4.3,1.0,0.0,10.0,1.0,0.5,0.7,373.0,373.0,373.0,373.0,1.0,0.0,10.0,1.0,0.5,0.7,375.0,375.0,375.0,375.0,1.0,0.0,10.0,1.0,0.5,0.7
1974,2,319.0,12.0,24.13,24.4,24.81,24.47,3.0,0.5,12.0,0.3,0.5,0.3,23.3,23.3,25.14,24.2,3.0,1.56,12.0,0.3,0.5,0.3,12.34,13.24,15.46,13.88,3.0,2.35,12.0,0.3,0.5,0.3,62.7,74.4,86.7,74.7,3.0,17.6,12.0,0.3,0.3,8.77,10.0,10.2,9.5,3.0,1.14,12.0,0.3,0.5,0.3,-9.59,-9.4,-4.9,-7.29,3.0,3.89,12.0,0.3,0.5,0.3,-6.38,-3.52,-3.45,-4.88,3.0,2.45,12.0,0.3,0.5,0.3,1012.09,1012.5,1014.89,1013.47,3.0,2.21,12.0,0.3,0.5,0.3,2.9,7.0,7.0,5.0,3.0,3.5,12.0,0.3,0.5,0.3,-97.9,-94.0,-45.5,-72.2,3.0,42.7,12.0,0.3,0.5,0.3,-54.6,-36.3,-34.9,-44.6,3.0,16.2,12.0,0.3,0.5,0.3,-1.02,1.1,1.51,0.27,3.0,1.99,12.0,0.3,0.5,0.3,-7.6,11.3,15.2,4.0,3.0,17.9,12.0,0.3,0.5,0.3,4.11,5.84,6.38,5.26,3.0,1.74,12.0,0.3,0.5,0.3,39.9,54.4,58.3,49.2,3.0,14.2,12.0,0.3,0.5,0.3,-223.4,-218.9,-119.3,-172.5,3.0,86.3,12.0,0.3,0.5,0.3,-162.8,-82.1,-80.4,-120.7,3.0,69.0,12.0,0.3,0.5,0.3,-146.4,-128.2,-63.5,-105.5,3.0,63.8,12.0,0.3,0.5,0.3,-80.6,-56.4,-49.7,-65.0,3.0,23.8,12.0,0.3,0.5,0.3,-48.5,-31.1,-22.6,-35.4,3.0,19.3,12.0,0.3,0.5,0.3,-41.4,-20.6,-14.3,-27.7,3.0,20.8,12.0,0.3,0.5,0.3,694.0,1000.0,1063.5,881.5,3.0,289.5,12.0,0.3,0.5,0.3,695.0,1000.0,1065.0,880.0,3.0,290.0,12.0,0.3,0.5,0.3
1974,2,319.0,14.0,22.04,22.75,23.88,22.95,4.0,1.14,24.0,0.3,0.7,0.5,21.39,21.8,22.21,21.8,2.0,0.85,20.0,0.5,0.8,0.8,12.61,12.71,12.81,12.71,2.0,0.2,20.0,0.5,0.8,0.8,77.2,78.5,79.8,78.5,2.0,2.7,20.0,0.5,0.8,6.31,8.75,9.3,7.85,4.0,2.23,24.0,0.3,0.7,0.5,-8.26,-6.2,-4.77,-6.5,4.0,2.2,24.0,0.3,0.7,0.5,-6.14,-3.78,-0.75,-3.46,4.0,3.15,24.0,0.3,0.7,0.5,1015.47,1017.2,1017.3,1016.43,4.0,1.69,24.0,0.3,0.7,0.5,3.4,6.0,7.0,5.3,4.0,2.4,24.0,0.3,0.7,0.5,-76.9,-54.7,-31.0,-54.0,4.0,28.8,24.0,0.3,0.7,0.5,-53.6,-29.4,-3.4,-28.6,4.0,29.0,24.0,0.3,0.7,0.5,1.27,2.05,2.83,2.05,2.0,1.63,20.0,0.5,0.8,0.8,10.9,18.6,26.2,18.6,2.0,15.8,20.0,0.5,0.8,0.8,5.16,5.7,6.23,5.7,2.0,1.11,20.0,0.5,0.8,0.8,43.4,50.3,57.1,50.3,2.0,14.2,20.0,0.5,0.8,0.8,-184.6,-157.6,-130.6,-157.6,2.0,55.9,20.0,0.5,0.8,0.8,-118.4,-70.4,-22.3,-70.4,2.0,99.5,20.0,0.5,0.8,0.8,-109.1,-92.3,-75.5,-92.3,2.0,34.8,20.0,0.5,0.8,0.8,-67.9,-40.4,-12.8,-40.4,2.0,57.1,20.0,0.5,0.8,0.8,-54.8,-43.1,-31.3,-43.1,2.0,24.3,20.0,0.5,0.8,0.8,-25.9,-15.4,-4.9,-15.4,2.0,21.8,20.0,0.5,0.8,0.8,313.5,678.0,804.5,564.5,4.0,333.5,24.0,0.3,0.7,0.5,315.0,680.0,805.0,565.0,4.0,335.0,24.0,0.3,0.7,0.5
1974,2,319.0,15.0,23.23,24.4,25.0,24.16,5.0,0.91,14.0,0.6,0.7,0.6,23.26,23.3,24.0,23.56,5.0,0.4,14.0,0.6,0.7,0.6,12.33,13.2,13.47,12.91,4.0,0.94,16.0,0.5,0.6,0.6,68.2,74.4,76.2,72.3,4.0,6.7,16.0,0.5,0.6,8.2,8.7,9.3,8.74,5.0,0.55,14.0,0.6,0.7,0.6,-8.06,-7.12,-6.94,-7.4,5.0,0.63,14.0,0.6,0.7,0.6,-5.73,-4.65,-2.08,-3.78,5.0,3.0,14.0,0.6,0.7,0.6,1015.16,1016.0,1016.22,1015.78,5.0,0.63,14.0,0.6,0.7,0.6,1.3,3.0,6.7,3.8,5.0,3.2,14.0,0.6,0.7,0.6,-69.4,-66.2,-58.1,-64.7,5.0,7.0,14.0,0.6,0.7,0.6,-51.2,-43.2,-17.1,-33.9,5.0,26.7,14.0,0.6,0.7,0.6,-0.32,1.0,1.32,0.6,5.0,0.97,14.0,0.6,0.7,0.6,-2.7,8.7,11.6,5.2,5.0,8.2,14.0,0.6,0.7,0.6,4.8,6.17,7.38,6.09,4.0,1.79,16.0,0.5,0.6,0.6,44.3,53.8,63.0,53.7,4.0,14.4,16.0,0.5,0.6,0.6,-187.3,-170.4,-163.8,-174.3,5.0,12.6,14.0,0.6,0.7,0.6,-136.1,-107.9,-50.3,-89.3,5.0,70.6,14.0,0.6,0.7,0.6,-108.5,-100.3,-85.1,-97.0,4.0,15.1,16.0,0.5,0.6,0.6,-72.1,-64.1,-20.5,-47.1,4.0,44.5,16.0,0.5,0.6,0.6,-53.6,-47.1,-36.0,-44.9,4.0,10.9,16.0,0.5,0.6,0.6,-40.5,-26.4,-3.7,-22.3,4.0,23.9,16.0,0.5,0.6,0.6,551.5,658.5,804.5,674.0,5.0,127.0,14.0,0.6,0.7,0.6,550.0,660.0,805.0,675.0,5.0,125.0,14.0,0.6,0.7,0.6
1974,2,319.0,17.0,22.2,22.2,22.2,22.2,1.0,0.0,2.0,1.0,1.0,0.0,21.7,21.7,21.7,21.7,1.0,0.0,2.0,1.0,1.0,0.0,10.36,10.36,10.36,10.36,1.0,0.0,2.0,1.0,1.0,0.0,64.4,64.4,64.4,64.4,1.0,0.0,2.0,1.0,0.0,10.3,10.3,10.3,10.3,1.0,0.0,2.0,1.0,1.0,0.0,-9.68,-9.68,-9.68,-9.68,1.0,0.0,2.0,1.0,1.0,0.0,-3.52,-3.52,-3.52,-3.52,1.0,0.0,2.0,1.0,1.0,0.0,1014.9,1014.9,1014.9,1014.9,1.0,0.0,2.0,1.0,1.0,0.0,8.0,8.0,8.0,8.0,1.0,0.0,2.0,1.0,1.0,0.0,-99.7,-99.7,-99.7,-99.7,1.0,0.0,2.0,1.0,1.0,0.0,-36.3,-36.3,-36.3,-36.3,1.0,0.0,2.0,1.0,1.0,0.0,0.5,0.5,0.5,0.5,1.0,0.0,2.0,1.0,1.0,0.0,5.2,5.2,5.2,5.2,1.0,0.0,2.0,1.0,1.0,0.0,6.28,6.28,6.28,6.28,1.0,0.0,2.0,1.0,1.0,0.0,64.7,64.7,64.7,64.7,1.0,0.0,2.0,1.0,1.0,0.0,-210.0,-210.0,-210.0,-210.0,1.0,0.0,2.0,1.0,1.0,0.0,-76.4,-76.4,-76.4,-76.4,1.0,0.0,2.0,1.0,1.0,0.0,-100.2,-100.2,-100.2,-100.2,1.0,0.0,2.0,1.0,1.0,0.0,-36.5,-36.5,-36.5,-36.5,1.0,0.0,2.0,1.0,1.0,0.0,-60.8,-60.8,-60.8,-60.8,1.0,0.0,2.0,1.0,1.0,0.0,-22.1,-22.1,-22.1,-22.1,1.0,0.0,2.0,1.0,1.0,0.0,1092.5,1092.5,1092.5,1092.5,1.0,0.0,2.0,1.0,1.0,0.0,1095.0,1095.0,1095.0,1095.0,1.0,0.0,2.0,1.0,1.0,0.0
1974,2,319.0,18.0,23.59,24.0,24.0,23.8,3.0,0.35,12.0,0.3,0.6,0.5,22.66,23.0,23.68,23.17,3.0,0.76,12.0,0.3,0.6,0.5,12.31,12.68,12.72,12.52,3.0,0.33,12.0,0.3,0.6,0.5,70.0,72.0,73.0,71.5,3.0,2.2,12.0,0.3,0.5,7.52,8.2,8.95,8.23,3.0,1.05,12.0,0.3,0.6,0.5,-8.85,-8.2,-7.52,-8.19,3.0,0.98,12.0,0.3,0.6,0.5,-1.1,0.0,0.0,-0.54,3.0,0.93,12.0,0.3,0.6,0.5,1017.89,1019.6,1022.6,1020.23,3.0,3.49,12.0,0.3,0.6,0.5,3.3,4.0,4.7,4.0,3.0,1.0,12.0,0.3,0.6,0.5,-79.5,-67.2,-56.7,-68.1,3.0,16.7,12.0,0.3,0.6,0.5,-10.3,0.0,0.0,-5.0,3.0,8.7,12.0,0.3,0.6,0.5,0.29,0.9,0.97,0.63,3.0,0.55,12.0,0.3,0.6,0.5,2.6,8.2,8.3,5.5,3.0,4.8,12.0,0.3,0.6,0.5,5.73,5.73,5.75,5.74,3.0,0.01,12.0,0.3,0.6,0.5,43.1,47.2,51.4,47.2,3.0,6.0,12.0,0.3,0.6,0.5,-200.5,-188.6,-177.8,-189.2,3.0,16.6,12.0,0.3,0.6,0.5,-24.8,0.0,0.0,-12.1,3.0,21.0,12.0,0.3,0.6,0.5,-109.0,-104.5,-95.5,-102.3,3.0,10.1,12.0,0.3,0.6,0.5,-13.4,0.0,0.0,-6.5,3.0,11.3,12.0,0.3,0.6,0.5,-50.8,-47.2,-43.1,-47.0,3.0,5.6,12.0,0.3,0.6,0.5,-6.3,0.0,0.0,-3.1,3.0,5.3,12.0,0.3,0.6,0.5,430.0,551.5,724.0,576.5,3.0,216.5,12.0,0.3,0.6,0.5,430.0,550.0,725.0,575.0,3.0,215.0,12.0,0.3,0.6,0.5
1974,2,319.0,19.0,22.63,23.3,23.77,23.22,5.0,0.86,8.0,0.6,0.4,0.4,22.23,23.5,24.37,23.34,5.0,1.3,8.0,0.6,0.4,0.4,12.18,12.42,13.36,12.76,3.0,0.91,6.0,0.3,0.4,0.2,62.7,67.3,79.0,70.7,4.0,11.1,8.0,0.5,0.3,6.33,7.7,9.28,7.82,5.0,1.78,8.0,0.6,0.4,0.4,-9.28,-7.24,-5.8,-7.49,5.0,2.08,8.0,0.6,0.4,0.4,-2.42,0.0,1.04,-0.42,5.0,2.2,8.0,0.6,0.4,0.4,1016.09,1016.5,1018.41,1017.23,3.0,1.81,6.0,0.3,0.4,0.2,0.6,2.0,2.4,1.6,5.0,1.1,8.0,0.6,0.4,0.4,-86.8,-55.7,-37.1,-61.6,5.0,30.5,8.0,0.6,0.4,0.4,-17.2,0.0,5.9,-3.9,5.0,14.5,8.0,0.6,0.4,0.4,-1.57,-1.0,1.53,-0.12,5.0,1.91,8.0,0.6,0.4,0.4,-10.8,-7.7,13.9,0.6,5.0,17.4,8.0,0.6,0.4,0.4,5.25,5.3,5.65,5.45,3.0,0.32,6.0,0.3,0.4,0.2,41.2,46.1,51.4,46.3,3.0,7.4,6.0,0.3,0.4,0.2,-219.3,-173.7,-132.7,-174.4,5.0,46.4,8.0,0.6,0.4,0.4,-56.0,0.0,24.5,-9.6,5.0,51.7,8.0,0.6,0.4,0.4,-131.3,-108.1,-86.2,-108.7,3.0,33.0,6.0,0.3,0.4,0.2,-18.9,0.0,0.0,-9.2,3.0,16.0,6.0,0.3,0.4,0.2,-51.4,-46.1,-39.6,-45.5,3.0,8.6,6.0,0.3,0.4,0.2,-9.1,0.0,0.0,-4.4,3.0,7.7,6.0,0.3,0.4,0.2,258.5,456.5,817.0,538.5,5.0,357.0,8.0,0.6,0.4,0.4,260.0,455.0,815.0,540.0,5.0,355.0,8.0,0.6,0.4,0.4
1974,2,319.0,20.0,22.5,22.65,22.9,22.7,4.0,0.24,18.0,1.0,0.5,0.3,22.89,23.35,23.5,23.2,4.0,0.42,18.0,1.0,0.5,0.3,11.01,11.81,12.62,11.81,2.0,1.67,18.0,1.0,0.5,0.4,61.7,66.1,70.5,66.1,2.0,9.2,18.0,1.0,0.4,5.0,7.35,12.21,8.55,4.0,4.94,18.0,1.0,0.5,0.3,-11.72,-7.3,-4.93,-8.28,4.0,4.55,18.0,1.0,0.5,0.3,-2.76,0.36,0.88,-0.88,4.0,2.96,18.0,1.0,0.5,0.3,1016.98,1019.9,1021.41,1019.23,4.0,2.82,18.0,1.0,0.5,0.3,5.5,6.5,7.5,6.5,4.0,1.3,18.0,1.0,0.5,0.3,-152.8,-55.6,-25.6,-87.6,4.0,93.5,18.0,1.0,0.5,0.3,-42.5,1.5,4.7,-18.0,4.0,42.2,18.0,1.0,0.5,0.3,-0.86,-0.7,-0.12,-0.5,4.0,0.62,18.0,1.0,0.5,0.3,-8.5,-5.1,-0.7,-4.6,4.0,5.5,18.0,1.0,0.5,0.3,4.31,5.21,6.11,5.21,2.0,1.86,18.0,1.0,0.5,0.4,29.4,58.2,87.1,58.2,2.0,59.8,18.0,1.0,0.5,0.4,-274.3,-167.7,-113.3,-192.6,4.0,107.8,18.0,1.0,0.5,0.3,-64.8,8.4,20.3,-20.9,4.0,69.3,18.0,1.0,0.5,0.3,-137.7,-103.2,-68.6,-103.2,2.0,71.7,18.0,1.0,0.5,0.4,-45.6,-23.4,-1.1,-23.4,2.0,46.1,18.0,1.0,0.5,0.4,-82.0,-55.1,-28.2,-55.1,2.0,55.7,18.0,1.0,0.5,0.4,-28.5,-15.8,-3.1,-15.8,2.0,26.3,18.0,1.0,0.5,0.4,139.0,437.5,2227.0,1149.0,4.0,1687.5,18.0,1.0,0.5,0.3,140.0,435.0,2225.0,1150.0,4.0,1690.0,18.0,1.0,0.5,0.3
1974,2,319.0,21.0,21.67,22.8,23.3,22.5,5.0,0.95,20.0,0.8,0.7,0.4,21.69,23.1,24.32,23.18,6.0,2.06,20.0,0.7,0.6,0.4,11.61,12.75,15.26,13.38,5.0,2.08,18.0,0.6,0.5,0.4,67.1,70.4,85.6,76.3,5.0,13.9,18.0,0.6,0.4,4.69,6.7,8.76,6.55,6.0,2.24,20.0,0.7,0.6,0.4,-4.82,-3.86,-2.75,-3.69,6.0,1.38,20.0,0.7,0.6,0.4,-8.48,-4.75,0.0,-4.42,6.0,3.85,20.0,0.7,0.6,0.4,1017.86,1018.6,1020.21,1018.92,6.0,1.38,20.0,0.7,0.6,0.4,1.6,4.5,6.0,3.8,6.0,2.4,20.0,0.7,0.6,0.4,-30.2,-26.9,-12.4,-23.2,6.0,9.5,20.0,0.7,0.6,0.4,-74.9,-32.2,0.0,-35.8,6.0,34.1,20.0,0.7,0.6,0.4,-1.88,-0.4,-0.03,-0.92,5.0,1.5,20.0,0.8,0.7,0.4,-14.7,-3.5,0.1,-7.1,5.0,10.7,20.0,0.8,0.7,0.4,3.51,4.48,5.28,4.4,4.0,1.09,18.0,0.8,0.6,0.3,23.3,25.0,37.4,30.1,4.0,12.2,18.0,0.8,0.6,0.3,-121.4,-84.1,-61.4,-86.0,6.0,34.4,20.0,0.7,0.6,0.4,-195.4,-114.5,0.0,-103.7,6.0,90.7,20.0,0.7,0.6,0.4,-66.0,-54.6,-38.7,-51.1,5.0,20.0,18.0,0.6,0.5,0.4,-87.7,-45.8,0.0,-45.3,5.0,45.7,18.0,0.6,0.5,0.4,-22.3,-16.6,-11.2,-16.7,4.0,7.2,18.0,0.8,0.6,0.3,-33.0,-16.4,-7.5,-20.1,4.0,19.9,18.0,0.8,0.6,0.3,111.5,306.0,673.0,360.5,6.0,283.0,20.0,0.7,0.6,0.4,110.0,305.0,675.0,360.0,6.0,285.0,20.0,0.7,0.6,0.4
1974,2,319.0,22.0,22.61,23.0,23.27,22.95,8.0,0.58,18.0,0.5,0.5,0.6,21.2,21.3,22.0,21.57,9.0,0.48,18.0,0.6,0.5,0.5,10.6,11.68,12.67,11.6,8.0,1.03,18.0,0.5,0.4,0.5,67.8,74.3,77.8,72.8,8.0,5.6,18.0,0.5,0.5,3.84,8.7,9.95,7.58,9.0,3.0,18.0,0.6,0.5,0.5,-9.04,-7.2,-1.79,-5.41,9.0,3.74,18.0,0.6,0.5,0.5,-7.64,-1.51,-0.35,-3.35,9.0,3.74,18.0,0.6,0.5,0.5,1018.51,1020.1,1022.2,1020.53,9.0,1.78,18.0,0.6,0.5,0.5,3.3,6.0,6.7,5.1,9.0,1.8,18.0,0.6,0.5,0.5,-86.0,-51.8,-6.1,-44.7,9.0,38.8,18.0,0.6,0.5,0.5,-72.0,-13.1,-0.9,-31.2,9.0,37.3,18.0,0.6,0.5,0.5,1.02,1.55,1.99,1.5,8.0,0.82,18.0,0.5,0.5,0.6,5.4,12.4,18.8,12.3,8.0,8.0,18.0,0.5,0.5,0.6,5.1,5.95,6.54,5.89,7.0,1.06,16.0,0.4,0.5,0.5,32.8,50.2,60.3,45.4,7.0,15.0,16.0,0.4,0.5,0.5,-193.6,-158.4,-38.7,-116.8,9.0,80.3,18.0,0.6,0.5,0.5,-162.0,-32.0,-7.9,-71.4,9.0,78.9,18.0,0.6,0.5,0.5,-109.6,-88.3,-26.1,-71.8,8.0,40.9,18.0,0.5,0.4,0.5,-40.1,-17.6,-1.7,-28.4,8.0,31.5,18.0,0.5,0.4,0.5,-52.2,-39.1,-19.8,-37.1,7.0,17.1,16.0,0.4,0.5,0.5,-22.8,-9.1,0.0,-16.2,7.0,20.6,16.0,0.4,0.5,0.5,113.5,658.5,984.0,595.5,9.0,405.5,18.0,0.6,0.5,0.5,115.0,660.0,985.0,595.0,9.0,405.0,18.0,0.6,0.5,0.5
1974,2,319.0,23.0,21.76,22.1,23.0,22.37,11.0,0.83,18.0,0.5,0.5,0.5,20.59,22.0,22.61,21.71,11.0,1.19,18.0,0.5,0.5,0.5,10.49,11.12,12.77,11.43,11.0,1.41,18.0,0.5,0.5,0.5,65.0,68.5,77.1,71.3,11.0,8.2,18.0,0.5,0.5,4.89,7.2,9.36,7.15,11.0,2.26,18.0,0.5,0.5,0.5,-7.1,-5.59,-1.82,-4.57,11.0,3.07,18.0,0.5,0.5,0.5,-7.91,0.0,1.74,-2.22,11.0,4.85,18.0,0.5,0.5,0.5,1017.38,1021.5,1022.79,1020.45,11.0,3.13,18.0,0.5,0.5,0.5,2.0,3.0,5.4,3.6,11.0,1.9,18.0,0.5,0.5,0.5,-54.0,-44.2,-5.6,-33.4,11.0,23.5,18.0,0.5,0.5,0.5,-75.2,0.0,9.9,-21.7,11.0,46.1,18.0,0.5,0.5,0.5,0.06,0.6,2.0,0.66,11.0,1.45,18.0,0.5,0.5,0.5,0.5,4.4,13.1,4.4,11.0,11.3,18.0,0.5,0.5,0.5,4.03,5.58,6.39,5.31,11.0,1.81,18.0,0.5,0.5,0.5,24.5,37.5,49.7,36.3,11.0,14.2,18.0,0.5,0.5,0.5,-158.7,-123.0,-38.2,-101.0,11.0,70.1,18.0,0.5,0.5,0.5,-166.0,0.0,37.6,-45.0,11.0,100.7,18.0,0.5,0.5,0.5,-80.8,-58.7,-16.2,-52.3,11.0,37.7,18.0,0.5,0.5,0.5,-86.8,0.0,19.7,-25.7,11.0,56.4,18.0,0.5,0.5,0.5,-39.7,-26.2,-5.8,-23.0,11.0,17.8,18.0,0.5,0.5,0.5,-38.1,0.0,9.0,-11.3,11.0,24.8,18.0,0.5,0.5,0.5,118.0,373.0,838.0,462.5,11.0,364.5,18.0,0.5,0.5,0.5,120.0,375.0,840.0,460.0,11.0,365.0,18.0,0.5,0.5,0.5
1974,2,319.0,24.0,21.01,22.5,23.0,22.21,8.0,1.22,14.0,0.5,0.6,0.3,21.0,21.25,21.88,21.26,8.0,0.65,14.0,0.5,0.6,0.3,11.36,11.58,14.05,12.27,7.0,1.66,14.0,0.6,0.6,0.3,70.5,74.6,91.4,78.7,7.0,10.3,14.0,0.6,0.3,4.05,8.1,11.69,7.86,8.0,3.87,14.0,0.5,0.6,0.3,-10.9,-7.85,-2.3,-7.11,8.0,4.0,14.0,0.5,0.6,0.3,-0.44,0.0,5.03,1.16,8.0,3.22,14.0,0.5,0.6,0.3,1020.32,1022.7,1024.34,1022.5,8.0,2.05,14.0,0.5,0.6,0.3,2.3,5.5,6.9,4.8,8.0,2.5,14.0,0.5,0.6,0.3,-127.5,-61.6,-11.5,-69.2,8.0,51.8,14.0,0.5,0.6,0.3,-0.4,0.0,39.7,8.1,8.0,31.9,14.0,0.5,0.6,0.3,0.03,1.05,2.0,0.95,8.0,1.25,14.0,0.5,0.6,0.3,0.1,5.1,15.7,5.5,8.0,11.1,14.0,0.5,0.6,0.3,3.2,4.39,5.82,4.18,7.0,1.59,14.0,0.6,0.6,0.3,14.4,25.3,48.6,30.0,7.0,19.6,14.0,0.6,0.6,0.3,-219.0,-166.8,-50.1,-150.7,8.0,84.0,14.0,0.5,0.6,0.3,-9.3,0.0,108.3,25.7,8.0,67.8,14.0,0.5,0.6,0.3,-131.1,-116.0,-20.9,-85.9,7.0,52.2,14.0,0.6,0.6,0.3,-7.5,0.0,61.0,17.9,7.0,41.5,14.0,0.6,0.6,0.3,-42.6,-25.3,-7.8,-26.4,7.0,18.9,14.0,0.6,0.6,0.3,-3.7,0.0,14.5,4.2,7.0,15.7,14.0,0.6,0.6,0.3,92.0,531.5,1600.5,764.0,8.0,664.5,14.0,0.5,0.6,0.3,90.0,530.0,1600.0,765.0,8.0,665.0,14.0,0.5,0.6,0.3
1974,2,319.0,25.0,20.37,21.45,22.48,21.34,12.0,1.04,10.0,0.5,0.4,0.5,20.9,21.9,22.28,21.48,12.0,1.18,10.0,0.5,0.4,0.5,11.18,11.92,12.75,11.96,12.0,0.81,10.0,0.5,0.4,0.5,69.3,74.7,80.6,76.1,12.0,7.0,10.0,0.5,0.5,3.72,5.1,7.33,5.42,12.0,2.22,10.0,0.5,0.4,0.5,-7.2,-5.05,-2.99,-5.17,12.0,2.26,10.0,0.5,0.4,0.5,0.0,0.23,1.84,0.71,12.0,1.45,10.0,0.5,0.4,0.5,1021.67,1022.9,1025.23,1023.38,12.0,1.83,10.0,0.5,0.4,0.5,4.3,6.0,8.0,5.9,11.0,2.3,10.0,0.5,0.4,0.5,-51.8,-25.5,-11.3,-32.5,12.0,22.3,10.0,0.5,0.4,0.5,0.0,0.3,8.6,4.0,12.0,9.5,10.0,0.5,0.4,0.5,-2.0,0.1,1.1,-0.13,12.0,1.67,10.0,0.5,0.4,0.5,-11.5,0.5,4.9,-1.4,12.0,8.9,10.0,0.5,0.4,0.5,2.09,3.78,5.64,3.71,12.0,1.64,10.0,0.5,0.4,0.5,8.0,17.2,29.0,19.6,12.0,12.7,10.0,0.5,0.4,0.5,-154.9,-110.1,-65.7,-111.6,12.0,50.0,10.0,0.5,0.4,0.5,0.0,4.7,40.8,15.6,12.0,32.0,10.0,0.5,0.4,0.5,-92.3,-61.3,-34.7,-62.3,12.0,27.9,10.0,0.5,0.4,0.5,0.0,2.4,22.0,8.5,12.0,18.1,10.0,0.5,0.4,0.5,-28.9,-16.9,-7.1,-19.0,12.0,13.1,10.0,0.5,0.4,0.5,0.0,1.3,5.7,2.3,12.0,3.4,10.0,0.5,0.4,0.5,56.0,132.5,394.5,228.0,12.0,202.5,10.0,0.5,0.4,0.5,55.0,135.0,395.0,230.0,12.0,205.0,10.0,0.5,0.4,0.5
1974,2,319.0,26.0,21.2,21.7,22.0,21.49,9.0,0.85,10.0,0.7,0.5,0.5,21.09,22.0,22.0,21.5,10.0,1.03,10.0,0.6,0.5,0.5,10.63,11.27,11.88,11.21,8.0,1.13,10.0,0.6,0.5,0.5,66.3,71.4,80.2,71.4,8.0,8.9,10.0,0.6,0.5,3.03,6.2,8.4,5.88,10.0,2.7,10.0,0.6,0.5,0.5,-7.28,-4.84,-2.67,-5.0,10.0,2.72,10.0,0.6,0.5,0.5,0.0,2.22,4.17,1.86,10.0,2.58,10.0,0.6,0.5,0.5,1021.89,1023.65,1024.4,1023.21,10.0,1.23,10.0,0.6,0.5,0.5,0.4,4.5,7.0,4.1,10.0,3.0,10.0,0.6,0.5,0.5,-62.1,-31.1,-8.1,-35.8,10.0,32.8,10.0,0.6,0.5,0.5,0.0,10.7,27.9,11.1,10.0,19.3,10.0,0.6,0.5,0.5,-0.27,0.0,0.42,0.04,9.0,0.36,10.0,0.7,0.5,0.5,-2.0,0.0,2.5,0.1,9.0,2.6,10.0,0.7,0.5,0.5,3.1,4.39,5.28,4.54,7.0,1.47,10.0,0.7,0.5,0.5,22.0,34.8,43.4,32.9,7.0,12.2,10.0,0.7,0.5,0.5,-157.1,-105.6,-57.5,-107.6,10.0,59.9,10.0,0.6,0.5,0.5,0.0,48.8,90.7,41.7,10.0,53.9,10.0,0.6,0.5,0.5,-92.8,-57.8,-39.3,-62.5,8.0,32.4,10.0,0.6,0.5,0.5,1.6,27.7,53.5,23.4,8.0,32.0,10.0,0.6,0.5,0.5,-40.9,-27.9,-19.0,-28.4,7.0,13.2,10.0,0.7,0.5,0.5,-0.5,14.8,20.7,10.8,7.0,12.9,10.0,0.7,0.5,0.5,30.0,238.5,619.5,322.0,10.0,359.0,10.0,0.6,0.5,0.5,30.0,240.0,620.0,320.0,10.0,360.0,10.0,0.6,0.5,0.5
1974,2,319.0,27.0,20.48,20.5,21.43,20.84,7.0,0.68,16.0,0.6,0.3,0.5,20.48,20.85,22.0,21.05,6.0,0.8,16.0,0.7,0.3,0.5,9.38,11.49,12.14,10.87,5.0,1.52,18.0,0.8,0.3,0.5,64.4,74.8,76.2,71.8,6.0,6.6,16.0,0.7,0.5,6.68,7.7,8.78,7.71,7.0,1.41,16.0,0.6,0.3,0.5,-6.76,-4.95,-2.89,-5.01,7.0,2.34,16.0,0.6,0.3,0.5,-6.6,3.85,6.01,1.24,7.0,5.9,16.0,0.6,0.3,0.5,1024.2,1025.3,1029.06,1027.07,6.0,4.66,16.0,0.7,0.3,0.5,3.9,5.0,5.1,4.4,7.0,1.8,16.0,0.6,0.3,0.5,-52.8,-38.1,-25.0,-39.8,7.0,23.1,16.0,0.6,0.3,0.5,-45.4,24.7,46.6,8.4,7.0,49.5,16.0,0.6,0.3,0.5,-1.6,-0.15,0.29,-0.4,6.0,1.21,16.0,0.7,0.3,0.5,-12.8,-1.1,1.9,-3.6,6.0,9.5,16.0,0.7,0.3,0.5,2.47,3.77,5.76,4.12,5.0,1.87,18.0,0.8,0.3,0.5,20.1,34.6,41.3,31.8,5.0,11.5,18.0,0.8,0.3,0.5,-150.6,-120.2,-56.7,-106.9,6.0,54.3,16.0,0.7,0.3,0.5,-133.4,42.4,134.0,19.3,6.0,133.4,16.0,0.7,0.3,0.5,-85.1,-64.8,-26.5,-56.7,5.0,33.3,18.0,0.8,0.3,0.5,-64.9,0.0,66.0,2.3,5.0,72.7,18.0,0.8,0.3,0.5,-31.5,-17.0,-7.6,-19.2,5.0,12.6,18.0,0.8,0.3,0.5,-32.2,0.0,13.2,-8.2,5.0,26.3,18.0,0.8,0.3,0.5,298.0,456.5,679.5,500.5,7.0,296.5,16.0,0.6,0.3,0.5,300.0,455.0,680.0,500.0,7.0,295.0,16.0,0.6,0.3,0.5
1974,2,319.0,28.0,20.01,21.05,21.5,20.94,14.0,0.73,18.0,0.6,0.6,0.5,19.0,20.1,20.89,20.11,14.0,1.6,18.0,0.6,0.6,0.5,9.22,11.04,12.5,10.88,11.0,1.56,16.0,0.6,0.5,0.5,68.1,78.4,84.4,76.6,11.0,9.6,16.0,0.6,0.5,3.5,7.7,9.85,6.71,13.0,3.57,18.0,0.6,0.6,0.5,-6.09,-1.23,2.77,-1.97,13.0,4.53,18.0,0.6,0.6,0.5,-6.75,1.7,6.65,0.18,13.0,6.06,18.0,0.6,0.6,0.5,1022.21,1023.9,1025.78,1023.71,14.0,2.83,18.0,0.6,0.6,0.5,0.1,4.5,6.9,4.0,14.0,3.0,18.0,0.6,0.6,0.5,-51.8,-8.5,11.5,-17.7,13.0,42.0,18.0,0.6,0.6,0.5,-58.0,8.3,49.2,-2.6,13.0,60.3,18.0,0.6,0.6,0.5,-0.17,0.75,2.83,0.82,14.0,1.91,18.0,0.6,0.6,0.5,-0.3,3.9,10.9,5.2,13.0,15.7,18.0,0.6,0.6,0.5,2.82,4.52,6.3,4.62,11.0,1.8,16.0,0.6,0.5,0.5,10.5,19.3,54.9,30.8,10.0,29.9,16.0,0.6,0.5,0.5,-121.3,-29.5,54.7,-39.9,13.0,89.6,18.0,0.6,0.6,0.5,-135.9,32.3,138.5,9.2,13.0,120.8,18.0,0.6,0.6,0.5,-62.8,-6.4,33.5,-13.5,10.0,49.4,16.0,0.6,0.5,0.5,-66.0,0.0,49.0,-6.2,10.0,59.9,16.0,0.6,0.5,0.5,-19.9,-2.8,14.4,-2.8,10.0,21.8,16.0,0.6,0.5,0.5,-45.4,0.0,11.4,-14.7,10.0,35.0,16.0,0.6,0.5,0.5,44.0,456.5,955.5,530.0,13.0,600.5,18.0,0.6,0.6,0.5,45.0,455.0,955.0,530.0,13.0,600.0,18.0,0.6,0.6,0.5
1974,2,319.0,29.0,19.88,20.75,22.62,20.97,16.0,1.4,14.0,0.6,0.5,0.4,18.55,20.3,21.0,20.09,17.0,1.55,14.0,0.5,0.5,0.4,9.17,10.74,12.88,10.91,14.0,1.67,14.0,0.5,0.5,0.4,65.9,78.3,84.3,76.7,14.0,8.6,14.0,0.5,0.4,3.98,5.4,7.51,5.54,16.0,1.66,12.0,0.5,0.5,0.4,-5.07,-1.16,2.47,-1.05,16.0,3.49,12.0,0.5,0.5,0.4,-2.26,2.67,5.39,1.59,16.0,4.42,12.0,0.5,0.5,0.4,1018.01,1022.8,1025.15,1022.07,17.0,3.19,14.0,0.5,0.5,0.4,1.0,4.0,7.0,4.1,16.0,2.8,12.0,0.6,0.5,0.4,-30.5,-8.0,9.1,-7.2,16.0,20.4,12.0,0.5,0.5,0.4,-13.6,10.9,31.7,7.8,16.0,31.0,12.0,0.5,0.5,0.4,-0.89,0.8,2.86,0.89,16.0,1.66,14.0,0.6,0.5,0.4,-4.8,1.6,16.4,4.6,15.0,10.3,12.0,0.5,0.5,0.4,2.29,4.32,5.56,4.03,13.0,1.8,14.0,0.5,0.5,0.4,9.7,20.0,38.7,23.0,12.0,15.3,12.0,0.5,0.5,0.4,-100.8,-23.9,49.9,-22.7,16.0,70.6,12.0,0.5,0.5,0.4,-43.1,54.7,114.5,34.6,16.0,87.7,12.0,0.5,0.5,0.4,-53.4,-12.3,30.5,-9.6,13.0,39.8,12.0,0.5,0.5,0.4,-36.4,14.4,60.6,13.4,13.0,48.4,12.0,0.5,0.5,0.4,-18.2,-1.7,9.4,-2.7,12.0,15.3,12.0,0.5,0.5,0.4,-15.0,1.5,23.0,-0.8,12.0,23.8,12.0,0.5,0.5,0.4,66.0,159.0,425.0,212.0,16.0,154.0,12.0,0.5,0.5,0.4,65.0,160.0,425.0,210.0,16.0,155.0,12.0,0.5,0.5,0.4
1974,2,319.0,30.0,19.0,20.0,20.5,19.81,17.0,0.9,14.0,0.7,0.6,0.4,19.0,20.0,20.8,20.09,20.0,1.22,14.0,0.6,0.6,0.4,9.6,11.06,13.04,11.27,14.0,1.81,14.0,0.6,0.6,0.3,70.5,79.1,91.0,78.8,14.0,11.7,14.0,0.6,0.3,2.53,5.1,8.79,5.71,19.0,3.03,14.0,0.7,0.7,0.4,-4.79,0.0,2.61,-0.57,19.0,4.59,14.0,0.7,0.7,0.4,-4.56,0.0,4.81,-0.03,19.0,4.71,14.0,0.7,0.7,0.4,1022.51,1026.1,1027.99,1025.84,20.0,4.43,14.0,0.6,0.6,0.4,1.7,4.5,7.3,4.7,18.0,2.6,16.0,0.7,0.6,0.4,-35.8,0.0,15.0,-5.5,19.0,38.3,14.0,0.7,0.7,0.4,-39.1,0.0,26.4,-4.0,19.0,38.3,14.0,0.7,0.7,0.4,-1.34,-0.3,1.0,-0.12,17.0,1.2,14.0,0.7,0.6,0.4,-5.9,-0.7,5.7,-1.3,16.0,7.3,14.0,0.8,0.7,0.4,0.85,3.24,4.76,2.82,14.0,2.06,14.0,0.6,0.6,0.3,-0.5,9.9,26.0,12.1,13.0,14.9,14.0,0.7,0.6,0.3,-96.5,0.0,51.0,-11.6,19.0,93.0,14.0,0.7,0.7,0.4,-97.6,0.0,99.2,-0.4,19.0,95.0,14.0,0.7,0.7,0.4,-40.5,14.5,34.5,5.7,13.0,59.3,14.0,0.7,0.6,0.3,-37.0,0.0,48.7,3.5,13.0,43.4,14.0,0.7,0.6,0.3,-11.3,-3.4,6.0,-4.0,13.0,12.9,14.0,0.7,0.6,0.3,-9.6,0.0,5.8,-2.4,13.0,13.8,14.0,0.7,0.6,0.3,16.5,132.5,679.5,332.0,19.0,352.0,14.0,0.7,0.7,0.4,15.0,135.0,680.0,330.0,19.0,350.0,14.0,0.7,0.7,0.4
1974,2,319.0,31.0,17.91,19.5,20.09,19.37,17.0,1.49,16.0,0.6,0.5,0.4,18.0,19.15,20.43,19.15,18.0,1.3,16.0,0.6,0.5,0.4,9.15,11.35,12.41,10.93,13.0,1.49,14.0,0.6,0.5,0.4,71.9,81.0,84.6,79.3,13.0,6.4,14.0,0.6,0.4,4.8,6.7,10.39,7.37,18.0,3.36,16.0,0.6,0.5,0.4,-4.62,-2.29,5.12,-0.12,18.0,5.09,16.0,0.6,0.5,0.4,-7.13,-0.44,6.87,-0.26,18.0,6.55,16.0,0.6,0.5,0.4,1020.0,1023.4,1027.93,1023.91,18.0,4.39,16.0,0.6,0.5,0.4,3.0,4.0,7.0,4.8,17.0,2.0,16.0,0.6,0.5,0.4,-31.4,-12.0,37.3,4.8,18.0,50.7,16.0,0.6,0.5,0.4,-56.1,-2.3,54.0,-5.9,18.0,68.0,16.0,0.6,0.5,0.4,-0.9,0.3,2.0,0.3,17.0,1.69,16.0,0.6,0.5,0.4,-9.9,0.0,12.2,0.1,17.0,16.0,16.0,0.6,0.5,0.4,1.93,2.9,4.4,3.04,12.0,1.45,14.0,0.6,0.4,0.4,6.0,19.4,27.9,20.8,12.0,17.1,14.0,0.6,0.4,0.4,-86.8,-43.1,104.8,-1.9,18.0,96.7,16.0,0.6,0.5,0.4,-135.3,-9.0,140.7,-0.8,18.0,124.6,16.0,0.6,0.5,0.4,-41.7,-29.7,59.6,-9.5,13.0,46.1,14.0,0.6,0.5,0.4,-63.2,-10.3,80.0,-2.1,13.0,68.7,14.0,0.6,0.5,0.4,-16.5,-5.5,11.7,-2.0,12.0,17.8,14.0,0.6,0.4,0.4,-25.2,-2.0,10.4,-6.2,12.0,19.9,14.0,0.6,0.4,0.4,113.5,306.0,1210.0,639.0,18.0,746.0,16.0,0.6,0.5,0.4,115.0,305.0,1210.0,640.0,18.0,745.0,16.0,0.6,0.5,0.4
1974,2,319.0,32.0,17.77,20.0,20.57,19.31,10.0,1.65,14.0,0.5,0.6,0.3,17.29,18.4,19.71,18.48,11.0,1.39,14.0,0.5,0.6,0.4,7.98,10.45,11.31,10.06,7.0,1.79,14.0,0.6,0.5,0.4,63.5,75.0,82.3,74.0,8.0,9.9,16.0,0.5,0.4,3.18,5.4,7.59,5.19,8.0,2.76,14.0,0.6,0.6,0.3,-1.61,0.0,2.9,0.4,8.0,2.84,14.0,0.6,0.6,0.3,-3.26,1.48,6.13,1.24,8.0,5.33,14.0,0.6,0.6,0.3,1021.29,1025.5,1028.73,1025.33,9.0,3.75,14.0,0.6,0.5,0.3,1.6,5.0,6.4,4.4,11.0,2.6,14.0,0.5,0.6,0.4,-8.1,0.0,20.5,3.4,8.0,16.7,14.0,0.6,0.6,0.3,-18.6,4.4,40.2,5.3,8.0,40.1,14.0,0.6,0.6,0.3,-1.56,1.8,2.96,0.98,10.0,2.45,14.0,0.5,0.6,0.3,-0.6,8.2,16.6,5.8,7.0,10.4,14.0,0.6,0.6,0.3,2.34,3.55,6.88,3.87,7.0,2.52,14.0,0.6,0.5,0.4,12.3,17.6,35.6,21.0,6.0,14.7,12.0,0.5,0.5,0.3,-31.2,0.0,52.7,7.8,8.0,52.3,14.0,0.6,0.6,0.3,-59.0,25.1,122.3,27.0,8.0,102.1,14.0,0.6,0.6,0.3,-24.3,0.0,34.0,3.3,6.0,30.5,12.0,0.5,0.5,0.3,-40.9,0.0,64.9,5.2,6.0,61.7,12.0,0.5,0.5,0.3,-10.7,0.0,12.6,-1.5,6.0,16.8,12.0,0.5,0.5,0.3,-27.7,0.0,15.5,-4.2,6.0,20.9,12.0,0.5,0.5,0.3,35.0,159.0,439.5,232.0,8.0,228.0,14.0,0.6,0.6,0.3,35.0,160.0,440.0,230.0,8.0,230.0,14.0,0.6,0.6,0.3
1974,2,319.0,33.0,18.53,19.35,20.0,19.37,28.0,1.13,14.0,0.4,0.7,0.4,17.15,19.0,20.7,18.8,31.0,1.88,14.0,0.5,0.6,0.4,7.95,9.83,12.0,10.0,20.0,2.14,16.0,0.6,0.5,0.4,63.4,78.3,86.8,76.5,20.0,11.9,16.0,0.6,0.4,7.5,9.3,12.94,9.54,30.0,3.87,14.0,0.4,0.6,0.4,-1.85,4.82,9.99,3.65,30.0,6.64,14.0,0.4,0.6,0.4,-5.88,2.35,8.73,1.68,30.0,6.96,14.0,0.4,0.6,0.4,1018.4,1020.7,1026.48,1022.01,31.0,4.22,14.0,0.5,0.6,0.4,2.0,5.0,8.0,4.7,27.0,2.8,16.0,0.5,0.6,0.4,-14.3,42.9,116.6,39.7,30.0,93.1,14.0,0.4,0.6,0.4,-55.6,19.2,94.0,16.6,30.0,82.9,14.0,0.4,0.6,0.4,-1.44,0.3,1.91,0.39,28.0,1.78,14.0,0.4,0.7,0.4,-16.7,0.2,15.8,2.5,27.0,20.5,12.0,0.4,0.7,0.4,1.71,3.72,5.73,3.65,17.0,2.11,14.0,0.5,0.6,0.4,10.4,27.3,47.6,30.8,16.0,26.7,14.0,0.5,0.5,0.4,-33.3,86.6,187.8,69.9,30.0,130.7,14.0,0.4,0.6,0.4,-111.2,44.8,168.3,39.4,30.0,128.1,14.0,0.4,0.6,0.4,-16.6,41.2,90.9,32.8,19.0,49.1,16.0,0.5,0.5,0.4,-59.6,16.9,84.6,11.0,19.0,68.4,16.0,0.5,0.5,0.4,-1.6,6.0,35.6,13.8,16.0,21.9,14.0,0.5,0.5,0.4,-23.3,7.7,15.0,-5.6,16.0,31.8,14.0,0.5,0.5,0.4,423.5,804.5,2166.5,1282.0,30.0,1388.0,14.0,0.4,0.6,0.4,425.0,805.0,2165.0,1280.0,30.0,1390.0,14.0,0.4,0.6,0.4
1974,2,319.0,34.0,16.92,18.5,20.0,18.27,17.0,1.63,14.0,0.5,0.5,0.4,15.26,16.7,19.06,16.97,19.0,2.07,14.0,0.5,0.6,0.4,7.19,10.13,12.39,10.0,16.0,2.5,16.0,0.6,0.6,0.5,65.5,84.9,91.4,81.7,16.0,12.9,16.0,0.6,0.5,4.61,9.3,12.3,8.81,20.0,3.64,12.0,0.5,0.5,0.5,-4.14,3.69,7.7,2.55,20.0,6.75,12.0,0.5,0.5,0.5,-8.74,-0.79,5.24,-1.76,20.0,6.26,12.0,0.5,0.5,0.5,1017.09,1019.6,1027.75,1020.34,21.0,7.0,14.0,0.5,0.5,0.5,2.7,5.0,8.0,5.1,19.0,2.7,14.0,0.5,0.5,0.5,-51.0,23.4,66.2,24.1,20.0,83.0,12.0,0.5,0.5,0.5,-86.5,-2.6,38.7,-23.0,20.0,70.3,12.0,0.5,0.5,0.5,-0.88,1.75,3.19,1.4,16.0,1.9,14.0,0.6,0.5,0.4,-4.8,18.5,34.0,15.2,15.0,18.3,14.0,0.5,0.5,0.4,1.16,2.81,4.94,2.83,14.0,2.37,14.0,0.6,0.5,0.4,5.9,19.7,47.1,25.8,13.0,22.8,14.0,0.6,0.5,0.4,-89.4,56.5,146.3,41.8,18.0,117.9,14.0,0.5,0.6,0.4,-138.1,-13.8,104.6,-19.7,18.0,106.4,14.0,0.5,0.6,0.4,-22.9,26.1,97.7,35.2,15.0,68.8,14.0,0.6,0.6,0.4,-78.9,9.5,66.8,-0.4,15.0,64.0,14.0,0.6,0.6,0.4,-13.3,3.8,19.4,0.7,13.0,27.1,14.0,0.6,0.5,0.4,-31.7,3.1,9.8,-7.0,13.0,21.3,14.0,0.6,0.5,0.4,98.0,804.5,1861.0,1019.0,20.0,1050.5,12.0,0.5,0.5,0.5,100.0,805.0,1860.0,1020.0,20.0,1050.0,12.0,0.5,0.5,0.5
1974,2,319.0,35.0,17.0,18.0,18.9,17.78,23.0,1.22,18.0,0.4,0.7,0.5,14.93,17.15,19.0,16.95,24.0,1.93,18.0,0.4,0.7,0.5,5.84,8.65,11.97,8.91,21.0,2.75,16.0,0.5,0.6,0.4,56.6,73.2,87.1,72.5,21.0,14.8,16.0,0.5,0.4,6.1,8.2,15.4,9.29,23.0,4.31,18.0,0.4,0.7,0.5,0.0,2.6,8.19,3.73,23.0,5.32,18.0,0.4,0.7,0.5,-7.06,1.08,10.06,1.23,23.0,8.02,18.0,0.4,0.7,0.5,1015.4,1023.0,1028.04,1021.88,24.0,6.05,18.0,0.4,0.7,0.5,2.3,6.0,8.0,5.3,22.0,2.7,18.0,0.5,0.7,0.5,0.0,6.8,102.9,48.1,23.0,83.1,18.0,0.4,0.7,0.5,-64.4,3.4,133.1,24.2,23.0,97.7,18.0,0.4,0.7,0.5,-1.0,1.2,2.85,0.83,23.0,2.05,18.0,0.4,0.7,0.5,-11.1,4.0,21.9,4.4,22.0,20.8,18.0,0.5,0.7,0.5,0.79,4.17,6.44,3.55,21.0,2.73,16.0,0.5,0.6,0.4,9.5,20.7,44.8,25.7,20.0,22.5,16.0,0.5,0.6,0.4,0.0,42.1,147.1,67.2,23.0,96.0,18.0,0.4,0.7,0.5,-106.2,20.8,194.5,32.1,23.0,136.7,18.0,0.4,0.7,0.5,0.0,25.1,92.3,45.9,20.0,58.8,16.0,0.5,0.6,0.4,-43.2,11.4,113.3,29.4,20.0,70.3,16.0,0.5,0.6,0.4,0.0,5.8,20.9,7.5,20.0,20.1,16.0,0.5,0.6,0.4,-36.4,-2.1,10.5,-9.2,20.0,25.4,16.0,0.5,0.6,0.4,227.0,551.5,3652.5,1331.0,23.0,1611.5,18.0,0.4,0.7,0.5,225.0,550.0,3650.0,1330.0,23.0,1610.0,18.0,0.4,0.7,0.5
1974,2,319.0,36.0,16.02,17.0,17.25,16.8,21.0,0.72,16.0,0.6,0.5,0.5,14.8,15.7,18.0,16.11,23.0,1.68,16.0,0.6,0.5,0.5,6.3,9.78,11.23,9.35,17.0,2.15,14.0,0.6,0.6,0.5,63.5,86.4,93.8,81.8,17.0,13.3,14.0,0.6,0.5,5.0,9.0,13.9,9.41,20.0,4.66,16.0,0.6,0.6,0.5,-2.38,2.62,7.57,3.46,20.0,6.42,16.0,0.6,0.6,0.5,-8.68,3.46,7.87,1.33,20.0,7.69,16.0,0.6,0.6,0.5,1016.17,1024.0,1028.15,1022.94,21.0,5.64,16.0,0.6,0.5,0.5,2.0,5.0,7.0,4.7,22.0,2.5,16.0,0.6,0.5,0.5,-20.5,16.9,68.2,51.2,20.0,102.2,16.0,0.6,0.6,0.5,-80.4,29.3,86.4,15.5,20.0,94.6,16.0,0.6,0.6,0.5,-0.6,0.8,2.25,0.87,21.0,1.49,16.0,0.6,0.5,0.5,-7.5,5.0,16.7,5.8,19.0,13.8,16.0,0.6,0.6,0.5,0.74,1.83,4.91,2.46,17.0,2.01,14.0,0.6,0.6,0.5,5.1,9.1,48.3,21.5,15.0,20.1,14.0,0.6,0.6,0.5,-41.1,40.0,138.2,59.8,20.0,116.5,16.0,0.6,0.6,0.5,-121.7,53.4,129.8,28.0,20.0,122.8,16.0,0.6,0.6,0.5,-39.3,25.8,75.7,27.8,15.0,66.6,14.0,0.6,0.6,0.5,-46.0,49.9,78.5,27.1,15.0,71.6,14.0,0.6,0.6,0.5,-3.7,3.0,17.6,6.9,15.0,14.1,14.0,0.6,0.6,0.5,-22.3,4.3,8.8,-1.6,15.0,25.4,14.0,0.6,0.6,0.5,125.0,731.5,2685.5,1454.0,20.0,1866.5,16.0,0.6,0.6,0.5,125.0,730.0,2685.0,1455.0,20.0,1865.0,16.0,0.6,0.6,0.5
1974,2,319.0,37.0,16.14,17.0,18.0,17.16,18.0,1.07,14.0,0.6,0.5,0.5,14.94,16.35,17.73,16.24,18.0,1.45,14.0,0.6,0.5,0.6,7.35,9.8,11.18,9.3,13.0,1.83,14.0,0.4,0.5,0.5,70.5,83.1,92.3,81.6,13.0,10.1,14.0,0.4,0.5,8.46,13.9,19.0,13.52,18.0,4.74,14.0,0.6,0.5,0.6,-0.94,1.43,11.34,3.79,18.0,6.93,14.0,0.6,0.5,0.6,2.41,9.02,17.26,8.01,18.0,9.21,14.0,0.6,0.5,0.6,1010.64,1015.1,1022.22,1016.09,19.0,7.06,14.0,0.6,0.5,0.6,2.7,8.0,8.0,6.1,18.0,2.8,14.0,0.6,0.5,0.6,-5.8,12.5,173.2,64.7,18.0,113.7,14.0,0.6,0.5,0.6,13.0,107.5,304.2,116.5,18.0,170.0,14.0,0.6,0.5,0.6,-0.8,0.0,3.34,0.91,17.0,2.09,12.0,0.5,0.5,0.5,-12.0,-0.9,36.5,9.3,16.0,29.1,12.0,0.6,0.5,0.6,0.48,2.09,4.64,2.58,13.0,2.16,14.0,0.4,0.5,0.5,5.8,14.3,67.9,30.9,12.0,32.3,14.0,0.4,0.5,0.6,-23.0,30.4,198.8,66.7,17.0,114.5,14.0,0.6,0.5,0.6,17.9,148.5,250.7,127.7,17.0,143.2,14.0,0.6,0.5,0.6,-7.7,5.7,75.1,26.2,12.0,49.7,14.0,0.4,0.5,0.6,18.9,80.0,196.4,84.1,12.0,96.8,14.0,0.4,0.5,0.6,-1.7,0.3,16.5,9.1,12.0,25.6,14.0,0.4,0.5,0.6,-9.7,10.1,25.9,4.0,12.0,36.4,14.0,0.4,0.5,0.6,621.5,2685.5,6859.0,3327.0,18.0,2864.0,14.0,0.6,0.5,0.6,620.0,2685.0,6860.0,3325.0,18.0,2865.0,14.0,0.6,0.5,0.6
1974,2,319.0,38.0,15.99,16.5,17.44,16.69,19.0,1.19,12.0,0.5,0.6,0.4,12.0,14.45,17.0,14.69,22.0,2.38,14.0,0.6,0.6,0.4,5.46,7.59,10.66,7.77,15.0,2.43,14.0,0.5,0.6,0.4,59.7,77.9,89.3,74.6,15.0,14.5,14.0,0.5,0.4,3.93,10.3,13.93,9.69,22.0,4.86,14.0,0.6,0.6,0.4,0.15,3.95,8.26,4.36,22.0,5.48,14.0,0.6,0.6,0.4,-5.11,0.0,10.88,2.85,22.0,7.97,14.0,0.6,0.6,0.4,1009.0,1020.65,1026.3,1018.33,22.0,8.22,14.0,0.6,0.6,0.4,4.2,7.0,8.0,6.4,21.0,2.0,14.0,0.6,0.6,0.4,0.4,36.1,89.0,52.5,22.0,85.1,14.0,0.6,0.6,0.4,-42.9,0.0,138.6,49.7,22.0,106.2,14.0,0.6,0.6,0.4,-0.46,1.8,5.0,2.16,19.0,2.66,12.0,0.5,0.6,0.4,-5.1,10.7,25.7,13.2,19.0,22.5,12.0,0.5,0.6,0.4,2.03,3.84,6.81,4.06,14.0,2.3,12.0,0.5,0.6,0.5,8.1,21.1,51.4,30.4,14.0,23.3,12.0,0.5,0.6,0.5,1.9,54.5,111.5,65.6,22.0,87.0,14.0,0.6,0.6,0.4,-56.2,0.0,194.6,54.2,22.0,123.3,14.0,0.6,0.6,0.4,0.5,19.0,55.6,25.9,15.0,40.9,14.0,0.5,0.6,0.4,-22.5,0.0,105.3,32.1,15.0,61.8,14.0,0.5,0.6,0.4,1.4,11.6,25.7,14.2,14.0,23.0,12.0,0.5,0.6,0.5,-25.1,-2.9,16.7,-2.9,14.0,28.1,12.0,0.5,0.6,0.5,63.5,1092.5,2723.5,1573.0,22.0,1837.0,14.0,0.6,0.6,0.4,65.0,1095.0,2725.0,1575.0,22.0,1835.0,14.0,0.6,0.6,0.4
1974,2,319.0,39.0,15.05,16.4,17.83,16.47,21.0,1.33,16.0,0.5,0.6,0.4,11.55,14.5,17.5,14.39,23.0,2.51,16.0,0.5,0.6,0.4,5.71,7.73,9.79,7.78,20.0,1.91,16.0,0.6,0.6,0.3,63.1,75.6,87.8,75.9,20.0,11.9,16.0,0.6,0.3,4.85,10.3,14.2,10.07,23.0,4.2,16.0,0.5,0.6,0.4,-0.76,6.15,9.48,5.5,23.0,5.84,16.0,0.5,0.6,0.4,-4.74,2.96,10.27,2.83,23.0,7.03,16.0,0.5,0.6,0.4,1009.44,1017.3,1027.2,1017.87,23.0,9.42,16.0,0.5,0.6,0.4,2.7,8.0,8.0,6.3,22.0,2.6,16.0,0.5,0.6,0.4,-2.3,68.2,129.7,72.7,23.0,84.4,16.0,0.5,0.6,0.4,-41.2,13.6,129.3,39.5,23.0,86.2,16.0,0.5,0.6,0.4,-0.78,1.7,5.79,2.06,21.0,2.98,16.0,0.5,0.6,0.4,-10.9,13.8,30.6,14.7,21.0,30.4,16.0,0.5,0.6,0.4,2.21,3.96,6.65,4.11,19.0,2.07,16.0,0.6,0.6,0.3,20.2,31.7,53.5,37.6,19.0,21.3,16.0,0.6,0.6,0.3,-8.0,103.0,160.7,85.9,23.0,92.4,16.0,0.5,0.6,0.4,-64.2,38.4,167.1,52.3,23.0,107.6,16.0,0.5,0.6,0.4,0.0,43.3,95.8,47.5,20.0,51.2,16.0,0.6,0.6,0.3,-41.5,7.3,96.8,26.4,20.0,60.7,16.0,0.6,0.6,0.3,-1.6,13.9,53.5,19.3,19.0,25.6,16.0,0.6,0.6,0.3,-21.0,0.0,38.5,3.7,19.0,29.7,16.0,0.6,0.6,0.3,114.5,1092.5,2867.0,1522.0,23.0,1461.0,16.0,0.5,0.6,0.4,115.0,1095.0,2865.0,1520.0,23.0,1460.0,16.0,0.5,0.6,0.4
1974,2,319.0,40.0,14.0,15.0,15.24,14.81,13.0,1.26,12.0,0.3,0.5,0.4,9.61,11.9,15.16,12.41,14.0,2.81,14.0,0.4,0.5,0.4,5.72,6.72,8.62,7.11,8.0,1.8,14.0,0.4,0.5,0.5,68.5,84.9,93.2,81.3,9.0,12.0,14.0,0.4,0.4,4.7,13.2,15.93,11.13,18.0,5.21,14.0,0.4,0.6,0.4,-2.74,9.05,12.66,6.24,18.0,7.6,14.0,0.4,0.6,0.4,-3.3,1.34,10.94,2.43,18.0,7.3,14.0,0.4,0.6,0.4,1007.02,1015.9,1024.38,1015.23,15.0,8.04,14.0,0.4,0.6,0.4,3.0,5.0,8.0,5.1,18.0,2.3,14.0,0.4,0.6,0.4,-9.1,109.8,191.3,96.1,18.0,111.7,14.0,0.4,0.6,0.4,-27.6,20.6,164.4,38.0,18.0,104.6,14.0,0.4,0.6,0.4,-2.08,2.5,5.37,2.18,13.0,3.38,12.0,0.3,0.5,0.4,-19.5,28.8,74.1,31.7,13.0,48.0,12.0,0.3,0.5,0.4,1.1,4.27,5.39,3.41,7.0,2.88,14.0,0.3,0.6,0.4,18.9,32.9,76.4,46.8,7.0,45.2,14.0,0.3,0.6,0.4,2.6,115.6,193.8,103.7,14.0,92.2,14.0,0.4,0.5,0.4,-21.9,56.5,178.9,57.1,14.0,94.6,14.0,0.4,0.5,0.4,6.6,70.8,91.6,56.8,8.0,44.4,14.0,0.4,0.5,0.5,-11.4,14.2,67.5,19.2,8.0,58.1,14.0,0.4,0.5,0.5,-0.8,26.2,75.3,39.7,7.0,49.7,14.0,0.3,0.6,0.4,-11.2,0.0,19.8,5.6,7.0,15.8,14.0,0.3,0.6,0.4,106.5,2301.5,4042.5,2173.5,18.0,1841.5,14.0,0.4,0.6,0.4,105.0,2300.0,4045.0,2175.0,18.0,1840.0,14.0,0.4,0.6,0.4
1974,2,319.0,41.0,13.92,15.0,16.82,15.06,11.0,1.59,12.0,0.5,0.6,0.4,9.74,12.0,15.08,12.45,15.0,2.56,14.0,0.5,0.6,0.4,5.42,6.27,10.76,7.32,7.0,2.45,10.0,0.6,0.5,0.4,64.8,75.9,91.9,78.1,7.0,15.0,10.0,0.6,0.4,6.89,10.65,17.62,12.68,16.0,6.36,14.0,0.6,0.6,0.4,-3.2,4.2,8.54,4.44,16.0,8.39,14.0,0.6,0.6,0.4,-5.45,4.36,14.63,3.43,16.0,10.38,14.0,0.6,0.6,0.4,1006.0,1015.5,1027.56,1016.17,16.0,10.25,14.0,0.6,0.6,0.4,7.0,8.0,8.0,7.5,13.0,0.7,12.0,0.6,0.5,0.4,-27.6,57.3,120.4,90.0,16.0,188.7,14.0,0.6,0.6,0.4,-57.4,28.7,239.8,32.7,16.0,189.3,14.0,0.6,0.6,0.4,-0.08,2.0,4.82,2.3,11.0,2.32,12.0,0.5,0.6,0.4,-1.3,26.8,53.2,26.7,11.0,29.7,12.0,0.5,0.6,0.4,0.8,4.25,5.4,3.54,6.0,2.56,10.0,0.5,0.5,0.4,8.3,38.0,91.7,45.1,6.0,39.6,10.0,0.5,0.5,0.4,-29.3,66.0,124.9,60.9,15.0,100.0,14.0,0.5,0.6,0.4,-71.5,85.8,213.8,58.9,15.0,141.2,14.0,0.5,0.6,0.4,-6.6,53.7,72.6,40.1,7.0,43.0,10.0,0.6,0.5,0.4,-22.5,34.3,101.2,36.3,7.0,88.7,10.0,0.6,0.5,0.4,-1.6,11.3,43.5,22.9,6.0,36.1,10.0,0.5,0.5,0.4,-31.4,2.7,15.4,-8.1,6.0,44.7,10.0,0.5,0.5,0.4,328.5,1212.0,5482.5,3658.5,16.0,5562.5,14.0,0.6,0.6,0.4,330.0,1210.0,5480.0,3660.0,16.0,5560.0,14.0,0.6,0.6,0.4
1974,2,319.0,42.0,12.3,14.05,15.13,13.8,12.0,1.5,16.0,0.6,0.6,0.3,10.0,12.0,15.97,12.84,14.0,2.88,18.0,0.6,0.6,0.3,5.02,5.65,9.32,6.88,10.0,2.21,18.0,0.6,0.6,0.4,65.2,72.2,83.7,74.2,10.0,10.5,18.0,0.6,0.4,6.92,12.3,20.36,13.48,15.0,6.4,18.0,0.6,0.6,0.3,-1.56,7.07,16.35,6.28,15.0,8.2,18.0,0.6,0.6,0.3,-3.15,6.7,12.43,5.62,15.0,9.61,18.0,0.6,0.6,0.3,1009.03,1019.5,1023.78,1017.14,15.0,8.41,18.0,0.6,0.6,0.3,6.9,7.0,8.0,7.2,13.0,0.7,18.0,0.7,0.6,0.3,-6.2,77.8,312.0,110.6,15.0,163.7,18.0,0.6,0.6,0.3,-21.9,73.7,157.8,88.5,15.0,200.6,18.0,0.6,0.6,0.3,-1.55,0.8,3.73,1.07,12.0,2.69,16.0,0.6,0.6,0.3,-18.5,12.4,39.3,15.7,12.0,39.1,16.0,0.6,0.6,0.3,0.84,2.86,4.99,2.88,9.0,2.0,18.0,0.6,0.6,0.4,10.3,55.9,64.9,45.4,9.0,33.3,18.0,0.6,0.6,0.4,0.0,86.2,182.4,82.7,14.0,101.3,18.0,0.6,0.6,0.3,-16.7,99.8,199.1,97.9,14.0,134.3,18.0,0.6,0.6,0.3,0.0,50.9,111.9,53.0,10.0,62.3,18.0,0.6,0.6,0.4,-23.4,49.2,131.2,53.5,10.0,86.8,18.0,0.6,0.6,0.4,0.0,3.5,56.4,26.0,9.0,37.0,18.0,0.6,0.6,0.4,-9.1,17.6,41.4,12.6,9.0,33.4,18.0,0.6,0.6,0.4,335.5,1861.0,8447.5,4086.0,15.0,4905.0,18.0,0.6,0.6,0.3,335.0,1860.0,8450.0,4085.0,15.0,4905.0,18.0,0.6,0.6,0.3
1974,2,319.0,43.0,14.22,14.75,15.96,14.96,8.0,0.85,18.0,0.9,0.6,0.4,8.76,11.2,14.56,11.51,9.0,3.39,18.0,0.9,0.6,0.4,5.18,6.61,9.89,7.3,7.0,2.28,18.0,0.9,0.7,0.5,79.4,90.1,92.1,85.4,7.0,10.8,18.0,0.9,0.5,4.81,8.75,12.64,9.02,10.0,4.15,18.0,0.8,0.6,0.4,-1.14,5.03,8.91,3.9,10.0,5.93,18.0,0.8,0.6,0.4,-5.68,-3.08,5.73,-0.22,10.0,7.45,18.0,0.8,0.6,0.4,1011.34,1017.0,1023.4,1017.4,10.0,6.41,18.0,0.8,0.6,0.4,6.0,7.0,8.0,6.7,9.0,1.9,18.0,0.9,0.6,0.4,-4.6,41.6,121.0,47.1,10.0,69.6,18.0,0.8,0.6,0.4,-66.1,-18.4,35.4,0.7,10.0,101.8,18.0,0.8,0.6,0.4,0.19,2.65,5.86,3.41,8.0,3.71,18.0,0.9,0.6,0.4,1.0,20.6,56.0,36.0,8.0,45.3,18.0,0.9,0.6,0.4,1.06,3.26,5.14,3.25,7.0,2.25,18.0,0.9,0.7,0.5,10.4,41.7,45.3,33.6,7.0,25.8,18.0,0.9,0.7,0.5,8.5,54.3,109.4,54.1,9.0,63.2,18.0,0.9,0.6,0.4,-50.9,-31.1,81.3,23.1,9.0,97.4,18.0,0.9,0.6,0.4,-2.1,34.7,74.4,31.8,7.0,43.8,18.0,0.9,0.7,0.5,-43.1,-14.6,50.4,12.7,7.0,70.4,18.0,0.9,0.7,0.5,-1.8,9.4,38.8,13.5,7.0,27.9,18.0,0.9,0.7,0.5,-24.0,-14.2,7.4,-14.3,7.0,27.4,18.0,0.9,0.7,0.5,112.5,678.0,2024.5,1185.5,10.0,1496.0,18.0,0.8,0.6,0.4,110.0,680.0,2025.0,1185.0,10.0,1495.0,18.0,0.8,0.6,0.4
1974,2,319.0,44.0,10.46,12.0,14.05,12.27,7.0,1.88,16.0,0.4,0.5,0.7,5.93,9.5,12.44,8.96,7.0,3.44,16.0,0.4,0.5,0.7,4.13,6.47,8.36,6.32,6.0,2.17,16.0,0.5,0.5,0.7,73.7,79.5,96.4,82.8,6.0,12.5,16.0,0.5,0.7,5.39,10.8,16.33,10.74,8.0,5.68,18.0,0.5,0.5,0.7,0.0,4.61,11.23,5.23,8.0,7.08,18.0,0.5,0.5,0.7,-5.65,1.44,10.93,2.43,8.0,8.72,18.0,0.5,0.5,0.7,1006.57,1012.75,1020.57,1014.59,8.0,9.19,18.0,0.5,0.5,0.7,7.8,8.0,8.0,7.8,6.0,0.4,16.0,0.5,0.5,0.6,0.0,38.7,162.7,75.2,8.0,112.9,18.0,0.5,0.5,0.7,-100.2,4.3,131.4,24.7,8.0,133.6,18.0,0.5,0.5,0.7,-0.53,2.2,8.05,3.31,7.0,4.1,16.0,0.4,0.5,0.7,-3.4,39.6,71.7,37.3,7.0,47.8,16.0,0.4,0.5,0.7,-0.27,2.44,4.38,2.39,6.0,2.47,16.0,0.5,0.5,0.7,-2.1,31.6,47.4,25.5,6.0,23.6,16.0,0.5,0.5,0.7,-1.4,52.2,73.3,49.9,7.0,59.9,16.0,0.4,0.5,0.7,-57.9,9.7,146.9,40.4,7.0,103.9,16.0,0.4,0.5,0.7,-4.4,30.9,53.2,30.2,6.0,41.2,16.0,0.5,0.5,0.7,-12.0,16.3,95.5,36.8,6.0,67.4,16.0,0.5,0.5,0.7,-7.3,4.5,38.1,9.9,6.0,27.6,16.0,0.5,0.5,0.7,-8.5,-2.5,27.2,5.5,6.0,20.4,16.0,0.5,0.5,0.7,168.5,1332.5,4368.0,2120.0,8.0,2202.5,18.0,0.5,0.5,0.7,170.0,1335.0,4370.0,2120.0,8.0,2200.0,18.0,0.5,0.5,0.7
1974,2,319.0,45.0,11.33,12.05,13.45,12.38,4.0,1.47,12.0,0.5,0.8,0.3,4.56,5.6,11.44,7.26,9.0,4.0,16.0,0.6,0.7,0.4,3.57,3.99,8.43,5.22,7.0,2.28,14.0,0.4,0.7,0.4,68.7,74.6,80.6,74.9,7.0,8.4,14.0,0.4,0.4,4.81,8.2,15.92,9.39,10.0,5.78,16.0,0.6,0.7,0.3,-0.76,5.02,8.67,5.07,10.0,5.98,16.0,0.6,0.7,0.3,-5.42,-0.89,9.44,1.5,10.0,8.03,16.0,0.6,0.7,0.3,998.86,1012.9,1020.66,1010.71,10.0,11.31,16.0,0.6,0.7,0.3,4.3,7.0,8.0,6.2,10.0,2.1,16.0,0.6,0.7,0.3,-4.6,36.6,116.0,68.9,10.0,105.7,16.0,0.6,0.7,0.3,-41.0,-4.5,98.7,31.1,10.0,126.8,16.0,0.6,0.7,0.3,-2.86,2.6,8.48,2.8,4.0,6.67,12.0,0.5,0.8,0.3,-48.8,-0.6,48.8,0.0,4.0,64.2,12.0,0.5,0.8,0.3,-0.15,2.7,6.01,2.92,4.0,3.58,12.0,0.5,0.8,0.3,-3.0,7.3,33.3,14.8,4.0,25.6,12.0,0.5,0.8,0.3,-4.9,32.1,86.5,39.8,9.0,42.9,16.0,0.6,0.7,0.4,-15.3,-4.4,116.3,41.0,9.0,100.8,16.0,0.6,0.7,0.4,-8.8,23.2,41.8,20.1,7.0,25.4,14.0,0.4,0.7,0.4,-8.2,0.0,96.2,35.1,7.0,64.1,14.0,0.4,0.7,0.4,-10.2,-1.0,3.7,-3.1,4.0,10.3,12.0,0.5,0.8,0.3,-9.2,-2.7,25.4,7.6,4.0,27.4,12.0,0.5,0.8,0.3,112.5,557.5,4625.0,1795.0,10.0,2717.5,16.0,0.6,0.7,0.3,110.0,560.0,4625.0,1795.0,10.0,2715.0,16.0,0.6,0.7,0.3
1974,2,319.0,46.0,11.59,13.0,14.0,12.86,11.0,1.42,16.0,0.2,0.6,0.3,4.09,5.5,10.44,6.99,11.0,4.02,16.0,0.2,0.6,0.3,3.51,4.48,7.36,5.38,11.0,2.56,16.0,0.2,0.6,0.3,63.8,84.8,94.7,81.0,11.0,15.8,16.0,0.2,0.3,6.53,15.4,19.68,13.8,11.0,8.21,16.0,0.2,0.6,0.3,0.55,8.74,17.04,9.07,11.0,9.86,16.0,0.2,0.6,0.3,-5.05,0.0,12.3,3.59,11.0,8.66,16.0,0.2,0.6,0.3,992.99,1006.4,1022.04,1008.15,11.0,14.06,16.0,0.2,0.6,0.3,7.0,8.0,8.0,7.5,11.0,1.2,16.0,0.2,0.6,0.3,0.6,81.3,347.9,182.3,11.0,267.1,16.0,0.2,0.6,0.3,-51.7,0.0,204.6,71.1,11.0,137.2,16.0,0.2,0.6,0.3,2.61,8.0,9.21,5.87,11.0,4.92,16.0,0.2,0.6,0.3,-10.4,88.2,182.3,86.4,11.0,108.6,16.0,0.2,0.6,0.3,2.37,4.86,5.46,3.9,11.0,2.93,16.0,0.2,0.6,0.3,-0.9,55.3,110.7,51.9,11.0,57.8,16.0,0.2,0.6,0.3,2.7,60.0,87.8,48.7,11.0,52.0,16.0,0.2,0.6,0.3,-28.9,0.0,124.8,42.2,11.0,86.2,16.0,0.2,0.6,0.3,1.6,37.2,96.6,44.4,11.0,50.4,16.0,0.2,0.6,0.3,-19.5,0.0,95.5,32.6,11.0,61.1,16.0,0.2,0.6,0.3,-9.1,27.6,95.8,39.8,11.0,54.5,16.0,0.2,0.6,0.3,-40.7,-4.3,50.9,0.5,11.0,40.0,16.0,0.2,0.6,0.3,479.5,3652.5,8490.0,5243.5,11.0,7325.0,16.0,0.2,0.6,0.3,480.0,3650.0,8490.0,5245.0,11.0,7325.0,16.0,0.2,0.6,0.3
1974,2,319.0,47.0,9.15,12.1,13.06,11.35,6.0,2.07,22.0,0.3,0.6,0.3,5.83,8.05,9.31,7.8,6.0,1.96,22.0,0.3,0.6,0.3,4.15,5.06,5.85,5.09,5.0,1.08,22.0,0.4,0.6,0.3,69.2,75.5,88.7,78.1,5.0,11.3,22.0,0.4,0.3,4.48,8.7,14.54,9.25,6.0,5.94,22.0,0.3,0.6,0.3,2.98,4.06,11.14,6.15,6.0,4.54,22.0,0.3,0.6,0.3,-1.42,3.59,9.48,2.97,6.0,7.84,22.0,0.3,0.6,0.3,1006.08,1020.4,1023.58,1016.9,6.0,10.91,22.0,0.3,0.6,0.3,5.6,6.5,7.2,6.3,6.0,1.4,22.0,0.3,0.6,0.3,14.1,35.8,163.2,76.9,6.0,88.1,22.0,0.3,0.6,0.3,-36.6,18.3,127.9,19.9,6.0,117.0,22.0,0.3,0.6,0.3,0.55,4.1,6.21,3.55,6.0,3.09,22.0,0.3,0.6,0.3,2.8,23.5,84.1,40.3,6.0,47.9,22.0,0.3,0.6,0.3,2.16,3.8,4.72,3.49,5.0,1.52,22.0,0.4,0.6,0.3,8.4,32.3,67.5,37.1,5.0,30.5,22.0,0.4,0.6,0.3,25.7,38.7,70.4,44.4,6.0,25.9,22.0,0.3,0.6,0.3,-6.7,31.5,78.9,33.6,6.0,59.7,22.0,0.3,0.6,0.3,13.8,28.5,52.3,32.7,5.0,23.1,22.0,0.4,0.6,0.3,-17.4,20.8,52.3,17.1,5.0,48.9,22.0,0.4,0.6,0.3,6.7,11.0,51.7,25.7,5.0,24.7,22.0,0.4,0.6,0.3,-12.2,5.3,36.3,9.1,5.0,33.4,22.0,0.4,0.6,0.3,107.0,997.0,3145.5,1622.5,6.0,1952.0,22.0,0.3,0.6,0.3,105.0,995.0,3145.0,1620.0,6.0,1950.0,22.0,0.3,0.6,0.3
1974,2,319.0,48.0,5.61,9.4,12.02,9.07,6.0,3.61,14.0,1.0,0.6,0.4,4.5,5.05,8.31,6.1,6.0,2.15,14.0,1.0,0.6,0.4,3.25,4.14,5.49,4.36,4.0,1.66,16.0,1.0,0.8,0.4,61.7,75.1,82.8,72.3,4.0,16.3,16.0,1.0,0.4,7.39,12.9,15.4,11.75,6.0,3.91,14.0,1.0,0.6,0.4,1.37,7.48,12.37,6.38,6.0,6.8,14.0,1.0,0.6,0.4,-4.61,1.93,10.83,3.07,6.0,8.64,14.0,1.0,0.6,0.4,997.42,1004.75,1013.51,1005.33,6.0,12.36,14.0,1.0,0.6,0.4,6.8,8.0,8.0,7.5,6.0,0.8,14.0,1.0,0.6,0.4,-1.5,79.2,166.5,76.4,6.0,102.6,14.0,1.0,0.6,0.4,-38.2,44.5,147.2,58.2,6.0,113.9,14.0,1.0,0.6,0.4,1.11,3.15,4.73,2.97,6.0,2.34,14.0,1.0,0.6,0.4,8.1,34.0,58.7,32.9,6.0,26.9,14.0,1.0,0.6,0.4,2.46,3.12,3.34,2.91,4.0,0.72,16.0,1.0,0.8,0.4,26.4,37.0,46.6,36.5,4.0,11.8,16.0,1.0,0.8,0.4,9.3,38.2,55.7,27.6,6.0,40.4,14.0,1.0,0.6,0.4,-24.6,8.7,72.3,24.6,6.0,66.5,14.0,1.0,0.6,0.4,-10.0,26.4,44.9,17.9,4.0,38.0,16.0,1.0,0.8,0.4,9.5,36.6,70.1,39.6,4.0,43.3,16.0,1.0,0.8,0.4,4.8,25.0,35.6,20.4,4.0,21.8,16.0,1.0,0.8,0.4,5.0,25.5,31.0,18.4,4.0,20.8,16.0,1.0,0.8,0.4,411.5,2146.5,3652.5,2049.0,6.0,1481.5,14.0,1.0,0.6,0.4,410.0,2145.0,3650.0,2050.0,6.0,1480.0,14.0,1.0,0.6,0.4
1974,2,319.0,49.0,9.88,11.45,12.97,11.83,6.0,2.6,18.0,0.7,0.6,0.5,4.06,7.15,9.57,7.37,6.0,3.74,18.0,0.7,0.6,0.5,3.77,4.43,6.44,5.23,6.0,2.21,18.0,0.7,0.6,0.5,72.2,81.0,86.1,78.8,6.0,14.6,18.0,0.7,0.5,10.62,15.4,20.31,15.4,5.0,5.78,18.0,0.8,0.6,0.5,-7.42,2.14,15.3,3.84,5.0,11.95,18.0,0.8,0.6,0.5,-2.88,7.7,15.45,7.02,5.0,10.35,18.0,0.8,0.6,0.5,992.76,1014.1,1024.8,1009.4,6.0,17.07,18.0,0.7,0.6,0.5,5.8,7.0,8.0,6.8,6.0,1.3,18.0,0.7,0.6,0.5,-99.2,26.3,260.2,71.4,5.0,210.6,18.0,0.8,0.6,0.5,-35.8,118.6,269.9,132.9,5.0,213.7,18.0,0.8,0.6,0.5,2.14,3.55,7.33,4.47,6.0,5.14,18.0,0.7,0.6,0.5,-4.7,43.1,124.8,62.6,5.0,114.5,18.0,0.8,0.6,0.5,1.77,3.3,5.67,3.51,6.0,3.12,18.0,0.7,0.6,0.5,1.6,50.2,96.0,51.4,5.0,68.3,18.0,0.8,0.6,0.5,-65.3,18.2,83.0,9.8,5.0,86.5,18.0,0.8,0.6,0.5,-12.9,65.5,171.6,86.5,5.0,125.0,18.0,0.8,0.6,0.5,-48.1,7.6,72.8,9.5,5.0,65.0,18.0,0.8,0.6,0.5,-12.3,43.3,101.2,52.7,5.0,87.8,18.0,0.8,0.6,0.5,-0.2,10.7,83.6,39.8,5.0,67.2,18.0,0.8,0.6,0.5,-27.6,-6.8,38.1,4.7,5.0,38.1,18.0,0.8,0.6,0.5,1348.0,3652.5,8569.5,4874.5,5.0,4430.0,18.0,0.8,0.6,0.5,1350.0,3650.0,8570.0,4875.0,5.0,4430.0,18.0,0.8,0.6,0.5
1974,2,319.0,50.0,6.91,7.85,8.9,7.96,8.0,1.53,10.0,0.5,0.7,0.3,1.83,4.7,7.31,4.93,10.0,3.37,10.0,0.6,0.7,0.4,3.44,3.83,6.71,5.05,3.0,2.62,10.0,0.7,0.5,0.2,57.3,59.0,84.3,70.5,3.0,22.2,10.0,0.7,0.2,10.31,13.6,19.06,14.45,10.0,5.43,10.0,0.6,0.7,0.4,-6.86,3.75,13.47,4.09,10.0,11.4,10.0,0.6,0.7,0.4,-10.08,-6.05,4.35,-2.91,10.0,10.17,10.0,0.6,0.7,0.4,985.61,1002.5,1013.61,999.78,10.0,12.46,10.0,0.6,0.7,0.4,5.1,7.0,7.9,6.4,8.0,1.7,12.0,0.8,0.6,0.3,-81.0,36.8,220.9,97.3,10.0,220.1,10.0,0.6,0.7,0.4,-149.0,-85.1,52.0,-29.8,10.0,180.1,10.0,0.6,0.7,0.4,0.37,0.95,8.89,2.9,8.0,4.92,10.0,0.5,0.7,0.3,2.8,10.8,160.5,51.1,8.0,104.0,10.0,0.5,0.7,0.3,-0.33,2.81,2.87,1.31,3.0,2.68,10.0,0.7,0.5,0.2,-19.2,18.8,25.3,3.5,3.0,35.2,10.0,0.7,0.5,0.2,-34.9,-4.9,44.4,-0.3,10.0,37.7,10.0,0.6,0.7,0.4,-48.3,-23.7,17.3,-0.3,10.0,87.2,10.0,0.6,0.7,0.4,-8.8,0.0,16.7,3.9,3.0,19.0,10.0,0.7,0.5,0.2,-21.7,-20.5,106.7,41.0,3.0,108.1,10.0,0.7,0.5,0.2,-6.4,0.0,14.8,4.1,3.0,16.0,10.0,0.7,0.5,0.2,-30.9,-18.2,-16.9,-23.8,3.0,11.3,10.0,0.7,0.5,0.2,1108.0,2647.5,7102.0,4244.5,10.0,4706.5,10.0,0.6,0.7,0.4,1110.0,2650.0,7100.0,4245.0,10.0,4705.0,10.0,0.6,0.7,0.4
1974,2,319.0,51.0,8.0,8.0,9.37,8.67,3.0,1.15,18.0,0.7,0.8,0.3,5.64,8.1,8.71,7.2,3.0,2.38,18.0,0.7,0.8,0.3,3.5,4.1,5.28,4.38,3.0,1.32,18.0,0.7,0.8,0.3,58.3,60.4,78.3,68.1,3.0,16.1,18.0,0.7,0.3,7.35,15.4,17.17,12.33,3.0,7.67,18.0,0.7,0.8,0.3,0.55,9.0,9.61,5.17,3.0,7.42,18.0,0.7,0.8,0.3,-11.03,-1.23,7.66,-1.67,3.0,13.7,18.0,0.7,0.8,0.3,993.4,1003.3,1005.48,999.53,3.0,9.43,18.0,0.7,0.8,0.3,7.3,8.0,8.0,7.7,3.0,0.6,18.0,0.7,0.8,0.3,40.1,152.4,159.0,100.8,3.0,97.9,18.0,0.7,0.8,0.3,-192.9,-4.4,122.6,-34.4,3.0,232.6,18.0,0.7,0.8,0.3,0.25,1.0,2.71,1.47,3.0,1.84,18.0,0.7,0.8,0.3,0.1,3.6,44.1,21.7,3.0,35.9,18.0,0.7,0.8,0.3,1.72,3.58,3.58,2.67,3.0,1.57,18.0,0.7,0.8,0.3,13.0,13.2,48.2,30.2,3.0,29.7,18.0,0.7,0.8,0.3,-7.9,40.5,67.6,30.1,3.0,56.0,18.0,0.7,0.8,0.3,-51.4,-11.1,61.7,4.8,3.0,84.0,18.0,0.7,0.8,0.3,-0.3,29.0,48.6,24.3,3.0,36.0,18.0,0.7,0.8,0.3,-35.9,-5.1,45.3,4.5,3.0,60.0,18.0,0.7,0.8,0.3,-5.6,8.5,24.7,9.5,3.0,22.2,18.0,0.7,0.8,0.3,-39.5,-4.4,5.5,-16.7,3.0,34.7,18.0,0.7,0.8,0.3,1191.0,3652.5,5140.0,3177.0,3.0,2922.0,18.0,0.7,0.8,0.3,1190.0,3650.0,5140.0,3175.0,3.0,2920.0,18.0,0.7,0.8,0.3
1974,2,319.0,52.0,4.92,4.95,4.98,4.95,2.0,0.07,16.0,0.0,0.7,0.3,1.41,1.85,2.29,1.85,2.0,0.92,16.0,0.0,0.7,0.3,2.94,3.41,3.88,3.41,2.0,0.97,16.0,0.0,0.7,0.3,65.8,78.5,91.3,78.5,2.0,26.3,16.0,0.0,0.3,9.94,12.6,15.26,12.6,2.0,5.52,16.0,0.0,0.7,0.3,1.3,4.09,6.88,4.09,2.0,5.78,16.0,0.0,0.7,0.3,-14.35,-9.74,-5.12,-9.74,2.0,9.56,16.0,0.0,0.7,0.3,992.62,998.05,1003.48,998.05,2.0,11.24,16.0,0.0,0.7,0.3,7.2,7.5,7.8,7.5,2.0,0.7,16.0,0.0,0.7,0.3,11.3,35.6,59.8,35.6,2.0,50.3,16.0,0.0,0.7,0.3,-233.2,-149.1,-65.0,-149.1,2.0,174.2,16.0,0.0,0.7,0.3,2.69,3.1,3.51,3.1,2.0,0.85,16.0,0.0,0.7,0.3,28.0,41.4,54.8,41.4,2.0,27.8,16.0,0.0,0.7,0.3,1.6,2.05,2.5,2.05,2.0,0.93,16.0,0.0,0.7,0.3,23.0,23.2,23.5,23.2,2.0,0.5,16.0,0.0,0.7,0.3,3.2,10.2,17.2,10.2,2.0,14.5,16.0,0.0,0.7,0.3,-17.8,-13.6,-9.4,-13.6,2.0,8.7,16.0,0.0,0.7,0.3,3.5,11.1,18.8,11.1,2.0,15.8,16.0,0.0,0.7,0.3,-58.2,-37.9,-17.6,-37.9,2.0,42.1,16.0,0.0,0.7,0.3,3.5,11.1,18.6,11.1,2.0,15.7,16.0,0.0,0.7,0.3,-20.5,-15.5,-10.4,-15.5,2.0,10.5,16.0,0.0,0.7,0.3,1267.0,2575.5,3883.5,2575.5,2.0,2711.0,16.0,0.0,0.7,0.3,1265.0,2575.0,3885.0,2575.0,2.0,2710.0,16.0,0.0,0.7,0.3
1974,2,319.0,53.0,4.0,4.0,5.37,4.67,3.0,1.15,14.0,0.3,0.5,0.2,1.54,3.2,4.98,3.16,9.0,2.1,14.0,0.4,0.6,0.4,2.65,3.79,4.66,3.66,3.0,1.48,8.0,0.7,0.7,0.4,65.6,80.7,84.5,75.2,3.0,14.7,8.0,0.7,0.4,6.7,12.3,15.23,11.63,8.0,4.59,14.0,0.4,0.5,0.4,-0.8,7.77,11.37,5.73,8.0,6.16,14.0,0.4,0.5,0.4,-10.2,-3.15,11.24,-0.56,8.0,9.98,14.0,0.4,0.5,0.4,987.45,1001.7,1010.84,999.29,9.0,10.72,14.0,0.4,0.6,0.4,4.0,6.5,8.0,5.9,8.0,2.3,12.0,0.5,0.6,0.4,-4.0,84.2,151.3,85.6,8.0,90.8,14.0,0.4,0.5,0.4,-136.5,-21.1,138.2,7.7,8.0,150.7,14.0,0.4,0.5,0.4,1.29,1.9,4.02,2.63,3.0,2.1,14.0,0.3,0.5,0.2,20.9,36.1,53.4,37.2,3.0,23.8,14.0,0.3,0.5,0.2,1.54,2.16,2.77,2.16,2.0,1.27,8.0,0.5,0.5,0.1,20.7,27.6,34.4,27.6,2.0,14.3,8.0,0.5,0.5,0.1,-10.7,10.6,26.0,10.7,8.0,22.0,14.0,0.4,0.5,0.4,-21.0,-8.0,52.7,3.8,8.0,37.1,14.0,0.4,0.5,0.4,25.9,29.1,32.4,29.1,2.0,6.7,8.0,0.5,0.5,0.1,-32.6,-15.7,1.1,-15.7,2.0,34.8,8.0,0.5,0.5,0.1,15.1,23.3,31.5,23.3,2.0,17.1,8.0,0.5,0.5,0.1,-9.2,-0.3,8.7,-0.3,2.0,18.6,8.0,0.5,0.5,0.1,301.0,1861.0,3545.0,2227.5,8.0,2239.0,14.0,0.4,0.5,0.4,300.0,1860.0,3545.0,2230.0,8.0,2240.0,14.0,0.4,0.5,0.4
1974,2,319.0,54.0,4.0,4.2,5.29,4.63,4.0,1.0,18.0,0.5,0.4,0.2,-2.51,1.4,3.0,0.4,7.0,2.89,16.0,0.6,0.5,0.3,2.2,2.2,2.2,2.2,1.0,0.0,4.0,1.0,0.7,0.2,80.8,80.8,80.8,80.8,1.0,0.0,4.0,1.0,0.2,9.0,12.0,15.57,11.64,7.0,4.99,16.0,0.6,0.5,0.3,0.5,9.35,12.28,7.36,7.0,9.11,16.0,0.6,0.5,0.3,-6.75,-1.61,0.26,-2.48,7.0,5.45,16.0,0.6,0.5,0.3,989.89,1009.7,1012.15,1003.83,7.0,13.8,16.0,0.6,0.5,0.3,6.8,7.5,8.0,7.3,6.0,0.8,18.0,0.7,0.5,0.3,-4.4,101.0,153.3,94.9,7.0,149.6,16.0,0.6,0.5,0.3,-126.3,-8.5,2.8,-38.6,7.0,83.2,16.0,0.6,0.5,0.3,2.55,5.55,8.81,5.68,4.0,3.62,18.0,0.5,0.4,0.2,18.4,64.1,100.2,59.5,4.0,47.8,18.0,0.5,0.4,0.2,3.09,3.09,3.09,3.09,1.0,0.0,4.0,1.0,0.7,0.2,33.4,33.4,33.4,33.4,1.0,0.0,4.0,1.0,0.7,0.2,-30.4,1.4,18.5,-5.4,7.0,28.4,16.0,0.6,0.5,0.3,-25.9,-4.8,0.0,-10.9,7.0,13.9,16.0,0.6,0.5,0.3,20.6,20.6,20.6,20.6,1.0,0.0,4.0,1.0,0.7,0.2,11.9,11.9,11.9,11.9,1.0,0.0,4.0,1.0,0.7,0.2,28.9,28.9,28.9,28.9,1.0,0.0,4.0,1.0,0.7,0.2,16.7,16.7,16.7,16.7,1.0,0.0,4.0,1.0,0.7,0.2,767.0,1728.0,3805.5,2294.0,7.0,2300.5,16.0,0.6,0.5,0.3,765.0,1730.0,3805.0,2295.0,7.0,2300.0,16.0,0.6,0.5,0.3
1974,2,319.0,55.0,,,,,,,,,,,,,,,,,,,,,,,,,,,,,,,,,,,,,,,,9.98,15.4,18.73,14.08,5.0,6.61,16.0,0.6,0.7,0.3,-11.32,2.82,16.06,2.58,5.0,14.6,16.0,0.6,0.7,0.3,-11.65,-2.43,-0.65,-5.36,5.0,5.83,16.0,0.6,0.7,0.3,986.98,1001.7,1003.23,996.1,5.0,9.78,16.0,0.6,0.7,0.3,,,,,,,,,,,,,,,,,,,,,,,,,,,,,,,,,,,,,,,,,,,,,,,,,,,,,,,,,,,,,,,,,,,,,,,,,,,,,,,,,,,,,,,,,,,,,,,,,,,,,,,,,,,,,,,,,,,,,,,,,,,,,,,,,,,,,,,,,,,,,,,,,,,,,,
1974,2,319.0,56.0,,,,,,,,,,,,,,,,,,,,,,,,,,,,,,,,,,,,,,,,4.27,7.0,13.83,9.0,3.0,7.21,10.0,0.7,0.6,0.4,-1.7,-1.22,11.22,4.62,3.0,10.73,10.0,0.7,0.6,0.4,-4.71,0.0,1.57,-1.53,3.0,4.78,10.0,0.7,0.6,0.4,985.14,999.0,1003.57,994.47,3.0,14.06,10.0,0.7,0.6,0.4,,,,,,,,,,,,,,,,,,,,,,,,,,,,,,,,,,,,,,,,,,,,,,,,,,,,,,,,,,,,,,,,,,,,,,,,,,,,,,,,,,,,,,,,,,,,,,,,,,,,,,,,,,,,,,,,,,,,,,,,,,,,,,,,,,,,,,,,,,,,,,,,,,,,,,
1974,2,319.0,57.0,,,,,,,,,,,,,,,,,,,,,,,,,,,,,,,,,,,,,,,,8.0,8.0,8.0,8.0,1.0,0.0,24.0,1.0,0.4,0.0,4.0,4.0,4.0,4.0,1.0,0.0,24.0,1.0,0.4,0.0,6.93,6.93,6.93,6.93,1.0,0.0,24.0,1.0,0.4,0.0,1000.7,1000.7,1000.7,1000.7,1.0,0.0,24.0,1.0,0.4,0.0,,,,,,,,,,,,,,,,,,,,,,,,,,,,,,,,,,,,,,,,,,,,,,,,,,,,,,,,,,,,,,,,,,,,,,,,,,,,,,,,,,,,,,,,,,,,,,,,,,,,,,,,,,,,,,,,,,,,,,,,,,,,,,,,,,,,,,,,,,,,,,,,,,,,,,
1974,2,320.0,-62.0,,,,,,,,,,,,,,,,,,,,,,,,,,,,,,,,,,,,,,,,5.1,5.1,5.1,5.1,1.0,0.0,4.0,0.0,0.7,0.8,-3.28,-3.28,-3.28,-3.28,1.0,0.0,4.0,0.0,0.7,0.8,3.91,3.91,3.91,3.91,1.0,0.0,4.0,0.0,0.7,0.8,997.5,997.5,997.5,997.5,1.0,0.0,4.0,0.0,0.7,0.8,,,,,,,,,,,,,,,,,,,,,,,,,,,,,,,,,,,,,,,,,,,,,,,,,,,,,,,,,,,,,,,,,,,,,,,,,,,,,,,,,,,,,,,,,,,,,,,,,,,,,,,,,,,,,,,,,,,,,,,,,,,,,,,,,,,,,,,,,,,,,,,,,,,,,,
1974,2,320.0,-60.0,1.5,1.5,1.5,1.5,1.0,0.0,2.0,1.0,1.0,1.0,1.8,1.8,1.8,1.8,1.0,0.0,2.0,1.0,1.0,1.0,3.44,3.44,3.44,3.44,1.0,0.0,2.0,1.0,1.0,1.0,78.2,78.2,78.2,78.2,1.0,0.0,2.0,1.0,1.0,9.3,9.3,9.3,9.3,1.0,0.0,2.0,1.0,1.0,1.0,9.16,9.16,9.16,9.16,1.0,0.0,2.0,1.0,1.0,1.0,1.61,1.61,1.61,1.61,1.0,0.0,2.0,1.0,1.0,1.0,989.9,989.9,989.9,989.9,1.0,0.0,2.0,1.0,1.0,1.0,8.0,8.0,8.0,8.0,1.0,0.0,2.0,1.0,1.0,1.0,85.2,85.2,85.2,85.2,1.0,0.0,2.0,1.0,1.0,1.0,15.0,15.0,15.0,15.0,1.0,0.0,2.0,1.0,1.0,1.0,-0.3,-0.3,-0.3,-0.3,1.0,0.0,2.0,1.0,1.0,1.0,-2.8,-2.8,-2.8,-2.8,1.0,0.0,2.0,1.0,1.0,1.0,0.87,0.87,0.87,0.87,1.0,0.0,2.0,1.0,1.0,1.0,8.1,8.1,8.1,8.1,1.0,0.0,2.0,1.0,1.0,1.0,16.5,16.5,16.5,16.5,1.0,0.0,2.0,1.0,1.0,1.0,2.9,2.9,2.9,2.9,1.0,0.0,2.0,1.0,1.0,1.0,31.5,31.5,31.5,31.5,1.0,0.0,2.0,1.0,1.0,1.0,5.6,5.6,5.6,5.6,1.0,0.0,2.0,1.0,1.0,1.0,8.0,8.0,8.0,8.0,1.0,0.0,2.0,1.0,1.0,1.0,1.4,1.4,1.4,1.4,1.0,0.0,2.0,1.0,1.0,1.0,804.5,804.5,804.5,804.5,1.0,0.0,2.0,1.0,1.0,1.0,805.0,805.0,805.0,805.0,1.0,0.0,2.0,1.0,1.0,1.0
1974,2,320.0,-53.0,5.0,5.0,5.0,5.0,1.0,0.0,24.0,0.0,0.3,0.2,5.7,5.7,5.7,5.7,1.0,0.0,24.0,0.0,0.3,0.2,5.68,5.68,5.68,5.68,1.0,0.0,24.0,0.0,0.3,0.2,100.0,100.0,100.0,100.0,1.0,0.0,24.0,0.0,0.2,10.3,10.3,10.3,10.3,1.0,0.0,24.0,0.0,0.3,0.2,6.62,6.62,6.62,6.62,1.0,0.0,24.0,0.0,0.3,0.2,-7.89,-7.89,-7.89,-7.89,1.0,0.0,24.0,0.0,0.3,0.2,1010.9,1010.9,1010.9,1010.9,1.0,0.0,24.0,0.0,0.3,0.2,8.0,8.0,8.0,8.0,1.0,0.0,24.0,0.0,0.3,0.2,68.2,68.2,68.2,68.2,1.0,0.0,24.0,0.0,0.3,0.2,-81.3,-81.3,-81.3,-81.3,1.0,0.0,24.0,0.0,0.3,0.2,-0.7,-0.7,-0.7,-0.7,1.0,0.0,24.0,0.0,0.3,0.2,-7.2,-7.2,-7.2,-7.2,1.0,0.0,24.0,0.0,0.3,0.2,-0.27,-0.27,-0.27,-0.27,1.0,0.0,24.0,0.0,0.3,0.2,-2.8,-2.8,-2.8,-2.8,1.0,0.0,24.0,0.0,0.3,0.2,37.7,37.7,37.7,37.7,1.0,0.0,24.0,0.0,0.3,0.2,-45.0,-45.0,-45.0,-45.0,1.0,0.0,24.0,0.0,0.3,0.2,37.6,37.6,37.6,37.6,1.0,0.0,24.0,0.0,0.3,0.2,-44.8,-44.8,-44.8,-44.8,1.0,0.0,24.0,0.0,0.3,0.2,-1.8,-1.8,-1.8,-1.8,1.0,0.0,24.0,0.0,0.3,0.2,2.1,2.1,2.1,2.1,1.0,0.0,24.0,0.0,0.3,0.2,1092.5,1092.5,1092.5,1092.5,1.0,0.0,24.0,0.0,0.3,0.2,1095.0,1095.0,1095.0,1095.0,1.0,0.0,24.0,0.0,0.3,0.2
1974,2,320.0,-45.0,11.1,11.1,11.1,11.1,1.0,0.0,16.0,1.0,0.3,0.4,11.1,11.1,11.1,11.1,1.0,0.0,16.0,1.0,0.3,0.4,6.38,6.38,6.38,6.38,1.0,0.0,16.0,1.0,0.3,0.4,77.4,77.4,77.4,77.4,1.0,0.0,16.0,1.0,0.4,,,,,,,,,,,,,,,,,,,,,,,,,,,,,,,,,,,,,,,,,,,,,,,,,,,,,,,,,,,,,,,,,,,,,,,,,,,,,,,,,,,,,,,,,,,,,,,,,,,,,,,,,,,,,,,,,,,,,,,,,,,,,,,,,,,,,,,,,,,,,,,,,,,,,,,,,,,,,,,,,,,,,,,,,,,,,,,,,,,,,,,,,,,,,,
1974,2,320.0,-40.0,17.8,17.8,17.8,17.8,1.0,0.0,18.0,0.0,0.5,0.7,14.5,14.5,14.5,14.5,1.0,0.0,18.0,0.0,0.5,0.7,8.07,8.07,8.07,8.07,1.0,0.0,18.0,0.0,0.5,0.7,79.0,79.0,79.0,79.0,1.0,0.0,18.0,0.0,0.7,,,,,,,,,,,,,,,,,,,,,,,,,,,,,,,,,,,,,,,,,,,,,,,,,,,,,,,,,,,,,,,,,,,,,,,,,,,,,,,,,,,,,,,,,,,,,,,,,,,,,,,,,,,,,,,,,,,,,,,,,,,,,,,,,,,,,,,,,,,,,,,,,,,,,,,,,,,,,,,,,,,,,,,,,,,,,,,,,,,,,,,,,,,,,,
1974,2,320.0,-38.0,,,,,,,,,,,,,,,,,,,,,,,,,,,,,,,,,,,,,,,,9.0,9.0,9.0,9.0,1.0,0.0,18.0,1.0,0.1,0.1,-3.08,-3.08,-3.08,-3.08,1.0,0.0,18.0,1.0,0.1,0.1,8.46,8.46,8.46,8.46,1.0,0.0,18.0,1.0,0.1,0.1,1022.8,1022.8,1022.8,1022.8,1.0,0.0,18.0,1.0,0.1,0.1,,,,,,,,,,,,,,,,,,,,,,,,,,,,,,,,,,,,,,,,,,,,,,,,,,,,,,,,,,,,,,,,,,,,,,,,,,,,,,,,,,,,,,,,,,,,,,,,,,,,,,,,,,,,,,,,,,,,,,,,,,,,,,,,,,,,,,,,,,,,,,,,,,,,,,
1974,2,320.0,-37.0,,,,,,,,,,,,,,,,,,,,,,,,,,,,,,,,,,,,,,,,10.0,10.0,10.0,10.0,1.0,0.0,18.0,0.0,0.7,0.5,6.43,6.43,6.43,6.43,1.0,0.0,18.0,0.0,0.7,0.5,7.66,7.66,7.66,7.66,1.0,0.0,18.0,0.0,0.7,0.5,1017.6,1017.6,1017.6,1017.6,1.0,0.0,18.0,0.0,0.7,0.5,,,,,,,,,,,,,,,,,,,,,,,,,,,,,,,,,,,,,,,,,,,,,,,,,,,,,,,,,,,,,,,,,,,,,,,,,,,,,,,,,,,,,,,,,,,,,,,,,,,,,,,,,,,,,,,,,,,,,,,,,,,,,,,,,,,,,,,,,,,,,,,,,,,,,,
1974,2,320.0,-31.0,24.2,24.2,24.2,24.2,1.0,0.0,20.0,0.0,0.3,0.1,22.4,22.4,22.4,22.4,1.0,0.0,20.0,0.0,0.3,0.1,15.21,15.21,15.21,15.21,1.0,0.0,20.0,0.0,0.3,0.1,90.1,90.1,90.1,90.1,1.0,0.0,20.0,0.0,0.1,2.6,2.6,2.6,2.6,1.0,0.0,20.0,0.0,0.3,0.1,-2.56,-2.56,-2.56,-2.56,1.0,0.0,20.0,0.0,0.3,0.1,0.45,0.45,0.45,0.45,1.0,0.0,20.0,0.0,0.3,0.1,1011.6,1011.6,1011.6,1011.6,1.0,0.0,20.0,0.0,0.3,0.1,3.0,3.0,3.0,3.0,1.0,0.0,20.0,0.0,0.3,0.1,-6.7,-6.7,-6.7,-6.7,1.0,0.0,20.0,0.0,0.3,0.1,1.2,1.2,1.2,1.2,1.0,0.0,20.0,0.0,0.3,0.1,1.8,1.8,1.8,1.8,1.0,0.0,20.0,0.0,0.3,0.1,4.7,4.7,4.7,4.7,1.0,0.0,20.0,0.0,0.3,0.1,3.65,3.65,3.65,3.65,1.0,0.0,20.0,0.0,0.3,0.1,9.5,9.5,9.5,9.5,1.0,0.0,20.0,0.0,0.3,0.1,-57.4,-57.4,-57.4,-57.4,1.0,0.0,20.0,0.0,0.3,0.1,10.1,10.1,10.1,10.1,1.0,0.0,20.0,0.0,0.3,0.1,-39.0,-39.0,-39.0,-39.0,1.0,0.0,20.0,0.0,0.3,0.1,6.9,6.9,6.9,6.9,1.0,0.0,20.0,0.0,0.3,0.1,-9.4,-9.4,-9.4,-9.4,1.0,0.0,20.0,0.0,0.3,0.1,1.6,1.6,1.6,1.6,1.0,0.0,20.0,0.0,0.3,0.1,17.5,17.5,17.5,17.5,1.0,0.0,20.0,0.0,0.3,0.1,20.0,20.0,20.0,20.0,1.0,0.0,20.0,0.0,0.3,0.1
1974,2,320.0,-30.0,25.26,25.6,25.94,25.6,2.0,0.71,18.0,1.0,0.5,0.9,26.57,26.95,27.33,26.95,2.0,0.78,18.0,1.0,0.5,0.9,16.15,16.15,16.15,16.15,1.0,0.0,14.0,1.0,0.7,0.7,75.4,75.4,75.4,75.4,1.0,0.0,14.0,1.0,0.7,6.22,7.35,8.48,7.35,2.0,2.33,18.0,1.0,0.5,0.9,3.11,3.68,4.24,3.68,2.0,1.17,18.0,1.0,0.5,0.9,-2.92,1.43,5.77,1.43,2.0,9.0,18.0,1.0,0.5,0.9,1013.45,1013.55,1013.65,1013.55,2.0,0.21,18.0,1.0,0.5,0.9,2.0,2.0,2.0,2.0,2.0,0.0,18.0,1.0,0.5,0.9,20.1,28.4,36.7,28.4,2.0,17.2,18.0,1.0,0.5,0.9,-12.5,21.0,54.6,21.0,2.0,69.5,18.0,1.0,0.5,0.9,-2.07,-1.35,-0.63,-1.35,2.0,1.48,18.0,1.0,0.5,0.9,-18.4,-11.7,-4.9,-11.7,2.0,14.1,18.0,1.0,0.5,0.9,4.96,4.96,4.96,4.96,1.0,0.0,14.0,1.0,0.7,0.7,28.3,28.3,28.3,28.3,1.0,0.0,14.0,1.0,0.7,0.7,82.9,99.5,116.1,99.5,2.0,34.3,18.0,1.0,0.5,0.9,-75.6,42.0,159.6,42.0,2.0,243.7,18.0,1.0,0.5,0.9,46.0,46.0,46.0,46.0,1.0,0.0,14.0,1.0,0.7,0.7,-79.7,-79.7,-79.7,-79.7,1.0,0.0,14.0,1.0,0.7,0.7,14.1,14.1,14.1,14.1,1.0,0.0,14.0,1.0,0.7,0.7,-24.5,-24.5,-24.5,-24.5,1.0,0.0,14.0,1.0,0.7,0.7,271.5,457.0,642.5,457.0,2.0,384.5,18.0,1.0,0.5,0.9,270.0,455.0,645.0,455.0,2.0,385.0,18.0,1.0,0.5,0.9
1974,2,320.0,-29.0,,,,,,,,,,,,,,,,,,,,,,,,,,,,,,,,,,,,,,,,4.1,4.1,4.1,4.1,1.0,0.0,24.0,0.0,0.9,0.9,-3.14,-3.14,-3.14,-3.14,1.0,0.0,24.0,0.0,0.9,0.9,-2.64,-2.64,-2.64,-2.64,1.0,0.0,24.0,0.0,0.9,0.9,1012.6,1012.6,1012.6,1012.6,1.0,0.0,24.0,0.0,0.9,0.9,0.0,0.0,0.0,0.0,1.0,0.0,24.0,0.0,0.9,0.9,-12.9,-12.9,-12.9,-12.9,1.0,0.0,24.0,0.0,0.9,0.9,-10.8,-10.8,-10.8,-10.8,1.0,0.0,24.0,0.0,0.9,0.9,,,,,,,,,,,,,,,,,,,,,,,,,,,,,,,,,,,,,,,,,-87.9,-87.9,-87.9,-87.9,1.0,0.0,24.0,0.0,0.9,0.9,-73.8,-73.8,-73.8,-73.8,1.0,0.0,24.0,0.0,0.9,0.9,-62.1,-62.1,-62.1,-62.1,1.0,0.0,24.0,0.0,0.9,0.9,-52.1,-52.1,-52.1,-52.1,1.0,0.0,24.0,0.0,0.9,0.9,,,,,,,,,,,,,,,,,,,,,,,,,,,,,,,,,,,,,,,,
1974,2,320.0,-28.0,25.52,26.0,26.68,26.1,3.0,0.85,14.0,1.0,0.7,0.6,26.75,26.85,26.95,26.85,2.0,0.21,10.0,1.0,0.6,0.8,17.05,17.05,17.05,17.05,1.0,0.0,6.0,1.0,0.7,1.0,78.2,78.2,78.2,78.2,1.0,0.0,6.0,1.0,1.0,2.51,3.6,4.56,3.53,3.0,1.5,14.0,1.0,0.7,0.6,-1.12,0.35,3.07,0.96,3.0,3.11,14.0,1.0,0.7,0.6,-2.92,-2.5,0.55,-1.22,3.0,2.78,14.0,1.0,0.7,0.6,1014.58,1015.4,1016.01,1015.3,3.0,1.05,14.0,1.0,0.7,0.6,2.3,3.0,3.0,2.7,3.0,0.6,14.0,1.0,0.7,0.6,-4.2,0.7,15.0,5.3,3.0,14.6,14.0,1.0,0.7,0.6,-12.1,-11.2,-0.9,-6.6,3.0,9.1,14.0,1.0,0.7,0.6,-1.18,-0.7,-0.22,-0.7,2.0,0.99,10.0,1.0,0.6,0.8,-4.2,-2.5,-0.8,-2.5,2.0,3.6,10.0,1.0,0.6,0.8,3.04,3.04,3.04,3.04,1.0,0.0,6.0,1.0,0.7,1.0,11.0,11.0,11.0,11.0,1.0,0.0,6.0,1.0,0.7,1.0,-21.9,34.4,90.7,34.4,2.0,116.7,10.0,1.0,0.6,0.8,-80.7,-75.4,-70.0,-75.4,2.0,11.1,10.0,1.0,0.6,0.8,-30.7,-30.7,-30.7,-30.7,1.0,0.0,6.0,1.0,0.7,1.0,-53.1,-53.1,-53.1,-53.1,1.0,0.0,6.0,1.0,0.7,1.0,-5.5,-5.5,-5.5,-5.5,1.0,0.0,6.0,1.0,0.7,1.0,-9.5,-9.5,-9.5,-9.5,1.0,0.0,6.0,1.0,0.7,1.0,20.5,46.5,100.0,60.0,3.0,59.5,14.0,1.0,0.7,0.6,20.0,45.0,100.0,60.0,3.0,60.0,14.0,1.0,0.7,0.6
1974,2,320.0,-27.0,,,,,,,,,,,,,,,,,,,,,,,,,,,,,,,,,,,,,,,,3.32,4.0,4.68,4.0,2.0,1.41,10.0,1.0,0.8,0.4,-3.39,-2.43,-1.47,-2.43,2.0,1.98,10.0,1.0,0.8,0.4,-3.15,-3.02,-2.88,-3.02,2.0,0.28,10.0,1.0,0.8,0.4,1015.92,1015.95,1015.98,1015.95,2.0,0.07,10.0,1.0,0.8,0.4,,,,,,,,,,,,,,,,,,,,,,,,,,,,,,,,,,,,,,,,,,,,,,,,,,,,,,,,,,,,,,,,,,,,,,,,,,,,,,,,,,,,,,,,,,,,,,,,,,,,,,,,,,,,,,,,,,,,,,,,,,,,,,,,,,,,,,,,,,,,,,,,,,,,,,
1974,2,320.0,-26.0,26.2,26.4,26.88,26.53,3.0,0.51,10.0,1.0,0.6,0.6,25.1,26.4,27.49,26.3,3.0,1.75,10.0,1.0,0.6,0.6,17.28,17.52,18.21,17.74,3.0,0.71,10.0,1.0,0.6,0.6,79.3,80.1,87.8,83.5,3.0,6.9,10.0,1.0,0.6,6.69,7.75,8.81,7.75,2.0,2.19,6.0,1.0,0.4,0.6,-5.47,-3.91,-2.34,-3.91,2.0,3.24,6.0,1.0,0.4,0.6,-7.71,-4.58,-1.45,-4.58,2.0,6.48,6.0,1.0,0.4,0.6,1013.04,1014.2,1016.18,1014.6,3.0,2.33,10.0,1.0,0.6,0.6,4.0,6.0,7.4,5.7,3.0,2.5,10.0,1.0,0.6,0.6,-34.7,-26.7,-18.7,-26.7,2.0,16.6,6.0,1.0,0.4,0.6,-71.7,-42.6,-13.5,-42.6,2.0,60.2,6.0,1.0,0.4,0.6,-0.61,0.0,1.09,0.23,3.0,1.27,10.0,1.0,0.6,0.6,-4.7,-2.8,-0.9,-2.8,2.0,3.9,6.0,1.0,0.4,0.6,3.68,3.8,4.15,3.91,3.0,0.36,10.0,1.0,0.6,0.6,26.2,31.9,37.5,31.9,2.0,11.7,6.0,1.0,0.4,0.6,-152.8,-108.1,-63.4,-108.1,2.0,92.6,6.0,1.0,0.4,0.6,-203.4,-120.9,-38.4,-120.9,2.0,171.0,6.0,1.0,0.4,0.6,-101.1,-71.3,-41.6,-71.3,2.0,61.7,6.0,1.0,0.4,0.6,-132.3,-78.6,-25.0,-78.6,2.0,111.2,6.0,1.0,0.4,0.6,-20.9,-15.3,-9.6,-15.3,2.0,11.7,6.0,1.0,0.4,0.6,-33.3,-19.8,-6.3,-19.8,2.0,28.0,6.0,1.0,0.4,0.6,328.0,521.5,714.5,521.5,2.0,400.0,6.0,1.0,0.4,0.6,330.0,520.0,715.0,520.0,2.0,400.0,6.0,1.0,0.4,0.6
1974,2,320.0,-25.0,26.53,26.6,26.87,26.7,3.0,0.26,12.0,0.7,0.3,0.4,25.7,25.9,27.47,26.57,3.0,1.42,12.0,0.7,0.3,0.4,19.22,19.59,19.95,19.59,2.0,0.75,6.0,0.5,0.4,0.3,85.7,88.7,91.7,88.7,2.0,6.2,6.0,0.5,0.3,2.98,5.1,5.51,4.27,3.0,1.99,12.0,0.7,0.3,0.4,-4.22,-3.91,-0.77,-2.53,3.0,2.79,12.0,0.7,0.3,0.4,-3.54,-3.28,0.24,-1.69,3.0,3.1,12.0,0.7,0.3,0.4,1013.93,1014.0,1015.02,1014.47,3.0,0.9,12.0,0.7,0.3,0.4,0.3,1.0,1.7,1.0,2.0,1.4,16.0,0.5,0.3,0.5,-23.3,-19.9,-5.4,-14.5,3.0,13.9,12.0,0.7,0.3,0.4,-19.6,-16.7,-2.7,-11.3,3.0,13.2,12.0,0.7,0.3,0.4,-0.9,0.6,1.15,0.13,3.0,1.55,12.0,0.7,0.3,0.4,-5.2,1.2,5.8,0.3,3.0,8.1,12.0,0.7,0.3,0.4,1.89,2.43,2.97,2.43,2.0,1.13,6.0,0.5,0.4,0.3,9.9,13.4,16.8,13.4,2.0,7.1,6.0,0.5,0.4,0.3,-111.3,-110.2,-22.9,-68.1,3.0,74.3,12.0,0.7,0.3,0.4,-93.4,-92.4,3.9,-45.9,3.0,81.9,12.0,0.7,0.3,0.4,-82.5,-80.9,-79.3,-80.9,2.0,3.3,6.0,0.5,0.4,0.3,-69.2,-67.9,-66.6,-67.9,2.0,2.7,6.0,0.5,0.4,0.3,-12.9,-10.2,-7.6,-10.2,2.0,5.4,6.0,0.5,0.4,0.3,-10.8,-8.6,-6.4,-8.6,2.0,4.6,6.0,0.5,0.4,0.3,47.5,132.5,168.5,108.5,3.0,91.0,12.0,0.7,0.3,0.4,50.0,135.0,170.0,110.0,3.0,90.0,12.0,0.7,0.3,0.4
1974,2,320.0,-24.0,27.3,27.3,27.3,27.3,1.0,0.0,22.0,1.0,0.5,0.7,27.8,27.8,27.8,27.8,1.0,0.0,22.0,1.0,0.5,0.7,19.69,19.69,19.69,19.69,1.0,0.0,22.0,1.0,0.5,0.7,84.3,84.3,84.3,84.3,1.0,0.0,22.0,1.0,0.7,6.7,6.7,6.7,6.7,1.0,0.0,22.0,1.0,0.5,0.7,0.0,0.0,0.0,0.0,1.0,0.0,22.0,1.0,0.5,0.7,-6.7,-6.7,-6.7,-6.7,1.0,0.0,22.0,1.0,0.5,0.7,1011.2,1011.2,1011.2,1011.2,1.0,0.0,22.0,1.0,0.5,0.7,7.0,7.0,7.0,7.0,1.0,0.0,22.0,1.0,0.5,0.7,0.0,0.0,0.0,0.0,1.0,0.0,22.0,1.0,0.5,0.7,-44.9,-44.9,-44.9,-44.9,1.0,0.0,22.0,1.0,0.5,0.7,-0.5,-0.5,-0.5,-0.5,1.0,0.0,22.0,1.0,0.5,0.7,-3.3,-3.3,-3.3,-3.3,1.0,0.0,22.0,1.0,0.5,0.7,3.05,3.05,3.05,3.05,1.0,0.0,22.0,1.0,0.5,0.7,20.4,20.4,20.4,20.4,1.0,0.0,22.0,1.0,0.5,0.7,0.0,0.0,0.0,0.0,1.0,0.0,22.0,1.0,0.5,0.7,-186.3,-186.3,-186.3,-186.3,1.0,0.0,22.0,1.0,0.5,0.7,0.0,0.0,0.0,0.0,1.0,0.0,22.0,1.0,0.5,0.7,-131.9,-131.9,-131.9,-131.9,1.0,0.0,22.0,1.0,0.5,0.7,0.0,0.0,0.0,0.0,1.0,0.0,22.0,1.0,0.5,0.7,-20.4,-20.4,-20.4,-20.4,1.0,0.0,22.0,1.0,0.5,0.7,301.0,301.0,301.0,301.0,1.0,0.0,22.0,1.0,0.5,0.7,300.0,300.0,300.0,300.0,1.0,0.0,22.0,1.0,0.5,0.7
1974,2,320.0,-22.0,27.23,27.75,28.8,27.95,8.0,1.08,16.0,0.6,0.5,0.6,26.58,27.6,29.0,27.95,8.0,1.41,16.0,0.6,0.5,0.6,17.24,18.32,20.8,19.23,6.0,3.1,16.0,0.7,0.4,0.6,72.3,79.7,87.5,80.0,6.0,12.7,16.0,0.7,0.6,2.71,6.35,7.64,6.09,8.0,3.25,16.0,0.6,0.5,0.6,-5.88,-3.05,-0.74,-3.28,8.0,2.46,16.0,0.6,0.5,0.6,-5.94,-2.77,0.0,-3.16,8.0,4.82,16.0,0.6,0.5,0.6,1011.34,1012.25,1016.17,1013.48,8.0,2.52,16.0,0.6,0.5,0.6,0.1,1.5,2.9,1.6,8.0,1.4,16.0,0.6,0.5,0.6,-43.5,-15.6,-2.5,-20.1,8.0,19.2,16.0,0.6,0.5,0.6,-42.0,-9.0,0.0,-28.0,8.0,54.4,16.0,0.6,0.5,0.6,-1.41,0.4,1.09,0.0,8.0,1.42,16.0,0.6,0.5,0.6,-7.9,1.5,7.1,0.8,8.0,8.0,16.0,0.6,0.5,0.6,3.55,5.22,7.32,4.72,6.0,3.55,16.0,0.7,0.4,0.6,7.0,28.1,57.4,28.7,6.0,29.1,16.0,0.7,0.4,0.6,-169.7,-80.5,-21.9,-92.0,8.0,70.8,16.0,0.6,0.5,0.6,-157.7,-81.0,0.0,-87.2,8.0,133.2,16.0,0.6,0.5,0.6,-123.6,-78.7,-8.2,-72.2,6.0,61.9,16.0,0.7,0.4,0.6,-144.1,-29.2,14.0,-55.8,6.0,103.0,16.0,0.7,0.4,0.6,-34.0,-8.8,2.6,-13.9,6.0,22.1,16.0,0.7,0.4,0.6,-33.3,0.0,14.1,-8.4,6.0,32.0,16.0,0.7,0.4,0.6,21.0,264.0,447.5,412.5,8.0,610.0,16.0,0.6,0.5,0.6,20.0,265.0,445.0,415.0,8.0,610.0,16.0,0.6,0.5,0.6
1974,2,320.0,-21.0,26.0,27.55,29.0,27.44,34.0,1.49,16.0,0.5,0.3,0.6,26.0,27.2,28.5,27.16,33.0,1.62,16.0,0.5,0.3,0.6,16.5,17.8,19.06,17.91,28.0,1.36,16.0,0.5,0.3,0.6,72.3,82.5,87.8,80.6,28.0,8.9,16.0,0.5,0.6,3.1,5.4,7.15,5.35,34.0,2.05,16.0,0.6,0.3,0.6,-5.77,-2.83,0.61,-2.7,34.0,2.7,16.0,0.6,0.3,0.6,-5.81,-3.7,-0.24,-3.08,34.0,3.03,16.0,0.6,0.3,0.6,1011.86,1013.0,1014.72,1013.15,36.0,1.7,16.0,0.6,0.3,0.6,0.0,3.0,7.0,3.5,35.0,2.7,16.0,0.6,0.3,0.6,-37.0,-15.8,1.5,-17.6,34.0,19.9,16.0,0.6,0.3,0.6,-42.4,-19.9,-0.2,-19.3,34.0,21.4,16.0,0.6,0.3,0.6,-1.8,0.0,2.0,0.23,33.0,1.83,16.0,0.5,0.3,0.6,-11.1,0.0,12.8,0.0,31.0,11.6,16.0,0.5,0.3,0.7,2.48,5.19,6.19,4.71,28.0,2.0,16.0,0.5,0.3,0.6,12.0,23.4,44.6,26.8,26.0,14.5,16.0,0.5,0.3,0.6,-163.0,-77.2,5.1,-76.5,31.0,75.6,16.0,0.5,0.3,0.7,-155.6,-112.0,-21.7,-86.8,31.0,81.4,16.0,0.5,0.3,0.7,-102.1,-65.0,-12.9,-55.8,26.0,48.6,16.0,0.5,0.3,0.6,-95.9,-67.2,0.0,-54.3,26.0,56.6,16.0,0.5,0.3,0.6,-31.3,-13.2,1.3,-14.3,26.0,15.8,16.0,0.5,0.3,0.6,-30.0,-14.1,0.0,-13.9,26.0,17.2,16.0,0.5,0.3,0.6,30.0,159.0,366.0,216.5,34.0,194.0,16.0,0.6,0.3,0.6,30.0,160.0,365.0,215.0,34.0,195.0,16.0,0.6,0.3,0.6
1974,2,320.0,-20.0,26.7,27.5,28.44,27.37,28.0,1.22,18.0,0.6,0.8,0.5,26.78,27.4,28.69,27.61,29.0,1.19,18.0,0.7,0.8,0.5,16.59,17.51,18.97,17.65,27.0,1.11,18.0,0.6,0.8,0.4,71.7,77.4,83.4,76.8,27.0,6.0,18.0,0.6,0.4,2.6,3.85,6.2,4.09,30.0,2.02,18.0,0.7,0.8,0.5,-4.01,-2.59,0.0,-1.86,30.0,2.55,18.0,0.7,0.8,0.5,-3.92,-2.35,0.87,-1.2,30.0,3.14,18.0,0.7,0.8,0.5,1012.0,1012.5,1015.07,1013.25,31.0,1.57,18.0,0.7,0.8,0.5,1.0,4.0,7.0,3.6,31.0,2.3,18.0,0.7,0.8,0.5,-22.7,-8.6,0.0,-8.8,30.0,16.2,18.0,0.7,0.8,0.5,-20.2,-6.1,2.5,-4.1,30.0,20.4,18.0,0.7,0.8,0.5,-1.27,-0.1,0.6,-0.3,28.0,1.52,18.0,0.6,0.8,0.5,-5.8,0.0,2.8,-1.1,27.0,6.2,18.0,0.6,0.8,0.5,3.42,4.95,6.68,4.93,26.0,1.87,18.0,0.6,0.8,0.4,10.2,19.1,29.8,20.9,25.0,10.6,18.0,0.6,0.8,0.4,-108.5,-75.2,-3.4,-57.1,28.0,68.6,18.0,0.6,0.8,0.5,-115.0,-66.6,20.1,-37.5,28.0,88.2,18.0,0.6,0.8,0.5,-69.9,-46.9,0.0,-35.1,26.0,46.5,18.0,0.6,0.8,0.4,-70.2,-43.0,13.5,-23.6,26.0,56.7,18.0,0.6,0.8,0.4,-21.2,-10.4,-2.2,-11.6,25.0,11.4,18.0,0.6,0.8,0.4,-20.0,-9.8,2.2,-8.8,25.0,14.8,18.0,0.6,0.8,0.4,17.5,58.0,238.5,119.0,30.0,148.0,18.0,0.7,0.8,0.5,20.0,60.0,240.0,120.0,30.0,150.0,18.0,0.7,0.8,0.5
1974,2,320.0,-19.0,29.0,29.0,29.0,29.0,1.0,0.0,20.0,1.0,1.0,0.1,27.0,27.0,27.0,27.0,1.0,0.0,20.0,1.0,1.0,0.1,17.49,17.49,17.49,17.49,1.0,0.0,20.0,1.0,1.0,0.1,78.8,78.8,78.8,78.8,1.0,0.0,20.0,1.0,0.1,4.6,4.6,4.6,4.6,1.0,0.0,20.0,1.0,1.0,0.1,0.0,0.0,0.0,0.0,1.0,0.0,20.0,1.0,1.0,0.1,-4.6,-4.6,-4.6,-4.6,1.0,0.0,20.0,1.0,1.0,0.1,1014.0,1014.0,1014.0,1014.0,1.0,0.0,20.0,1.0,1.0,0.1,5.0,5.0,5.0,5.0,1.0,0.0,20.0,1.0,1.0,0.1,0.0,0.0,0.0,0.0,1.0,0.0,20.0,1.0,1.0,0.1,-21.2,-21.2,-21.2,-21.2,1.0,0.0,20.0,1.0,1.0,0.1,2.0,2.0,2.0,2.0,1.0,0.0,20.0,1.0,1.0,0.1,9.2,9.2,9.2,9.2,1.0,0.0,20.0,1.0,1.0,0.1,7.58,7.58,7.58,7.58,1.0,0.0,20.0,1.0,1.0,0.1,34.9,34.9,34.9,34.9,1.0,0.0,20.0,1.0,1.0,0.1,0.0,0.0,0.0,0.0,1.0,0.0,20.0,1.0,1.0,0.1,-124.2,-124.2,-124.2,-124.2,1.0,0.0,20.0,1.0,1.0,0.1,0.0,0.0,0.0,0.0,1.0,0.0,20.0,1.0,1.0,0.1,-80.5,-80.5,-80.5,-80.5,1.0,0.0,20.0,1.0,1.0,0.1,0.0,0.0,0.0,0.0,1.0,0.0,20.0,1.0,1.0,0.1,-34.9,-34.9,-34.9,-34.9,1.0,0.0,20.0,1.0,1.0,0.1,97.5,97.5,97.5,97.5,1.0,0.0,20.0,1.0,1.0,0.1,95.0,95.0,95.0,95.0,1.0,0.0,20.0,1.0,1.0,0.1
1974,2,320.0,-3.0,26.08,27.0,29.0,27.4,6.0,1.43,18.0,0.2,0.5,0.6,26.98,27.2,27.81,27.26,7.0,0.49,18.0,0.1,0.5,0.6,17.51,18.02,19.16,18.3,6.0,0.89,18.0,0.2,0.5,0.7,78.4,80.9,85.6,81.4,6.0,4.3,18.0,0.2,0.7,4.08,5.7,7.72,6.03,7.0,1.77,16.0,0.0,0.4,0.6,-6.81,-3.66,-3.1,-4.71,7.0,1.92,16.0,0.0,0.4,0.6,-4.53,-2.05,-1.71,-2.9,7.0,2.47,16.0,0.0,0.4,0.6,1007.76,1010.0,1012.33,1010.06,8.0,2.06,18.0,0.1,0.5,0.6,3.1,5.0,7.9,5.3,8.0,2.3,18.0,0.1,0.5,0.6,-49.2,-23.0,-14.4,-29.7,7.0,17.9,16.0,0.0,0.4,0.6,-26.7,-11.1,-6.2,-18.8,7.0,21.1,16.0,0.0,0.4,0.6,-1.29,0.0,1.93,0.23,6.0,1.77,18.0,0.2,0.5,0.6,-9.6,0.0,10.3,-0.1,5.0,11.2,18.0,0.0,0.5,0.6,3.33,4.14,6.42,4.89,5.0,2.1,18.0,0.2,0.6,0.6,22.9,28.9,32.3,27.7,4.0,6.5,18.0,0.0,0.5,0.7,-193.8,-122.7,-90.6,-136.5,6.0,56.3,16.0,0.0,0.4,0.6,-137.2,-61.5,-42.1,-83.8,6.0,71.7,16.0,0.0,0.4,0.6,-103.9,-72.2,-58.9,-80.4,5.0,26.5,16.0,0.0,0.5,0.7,-108.2,-43.1,-35.5,-69.3,5.0,48.0,16.0,0.0,0.5,0.7,-24.8,-18.6,-13.3,-19.0,4.0,8.3,18.0,0.0,0.5,0.7,-24.6,-20.2,-11.5,-18.1,4.0,8.6,18.0,0.0,0.5,0.7,68.0,185.0,461.0,266.5,7.0,195.5,16.0,0.0,0.4,0.6,70.0,185.0,460.0,265.0,7.0,195.0,16.0,0.0,0.4,0.6
1974,2,320.0,-2.0,27.96,28.3,28.64,28.3,3.0,0.5,12.0,0.3,0.5,0.5,25.32,26.0,28.73,27.0,3.0,2.65,12.0,0.3,0.5,0.5,17.34,19.37,19.39,18.39,3.0,1.73,12.0,0.3,0.5,0.5,76.0,82.9,89.1,82.6,3.0,9.6,12.0,0.3,0.5,3.92,4.6,5.69,4.8,3.0,1.31,12.0,0.3,0.5,0.5,-3.45,-2.31,-0.73,-2.1,3.0,2.0,12.0,0.3,0.5,0.5,-4.02,-2.76,2.37,-0.87,3.0,4.95,12.0,0.3,0.5,0.5,1008.61,1009.5,1010.87,1009.73,3.0,1.66,12.0,0.3,0.5,0.5,4.0,4.0,6.7,5.3,3.0,2.3,12.0,0.3,0.5,0.5,-19.5,-8.3,-2.6,-11.0,3.0,12.6,12.0,0.3,0.5,0.5,-17.6,-9.9,16.9,-0.5,3.0,26.6,12.0,0.3,0.5,0.5,-0.27,2.8,2.8,1.3,3.0,2.6,12.0,0.3,0.5,0.5,-2.1,10.1,15.0,6.5,3.0,13.0,12.0,0.3,0.5,0.5,5.03,5.53,6.55,5.79,3.0,1.14,12.0,0.3,0.5,0.5,23.1,25.3,31.4,27.2,3.0,6.3,12.0,0.3,0.5,0.5,-89.1,-57.9,-18.4,-53.8,3.0,51.9,12.0,0.3,0.5,0.5,-116.1,-68.9,62.4,-27.8,3.0,135.5,12.0,0.3,0.5,0.5,-64.8,-37.9,-12.0,-38.4,3.0,38.7,12.0,0.3,0.5,0.5,-75.2,-45.2,48.5,-14.1,3.0,94.5,12.0,0.3,0.5,0.5,-20.2,-16.3,-5.2,-12.8,3.0,11.4,12.0,0.3,0.5,0.5,-21.2,-19.4,11.8,-5.1,3.0,27.2,12.0,0.3,0.5,0.5,62.5,97.5,193.5,127.5,3.0,99.5,12.0,0.3,0.5,0.5,65.0,95.0,195.0,125.0,3.0,100.0,12.0,0.3,0.5,0.5
1974,2,320.0,-1.0,28.05,28.15,28.25,28.15,2.0,0.21,6.0,0.5,0.8,0.7,27.03,27.1,27.17,27.1,2.0,0.14,6.0,0.5,0.8,0.7,21.69,21.69,21.69,21.69,1.0,0.0,12.0,0.0,1.0,0.8,96.0,96.0,96.0,96.0,1.0,0.0,12.0,0.0,0.8,1.59,5.0,8.41,5.0,2.0,7.07,6.0,0.5,0.8,0.7,-6.44,-3.83,-1.22,-3.83,2.0,5.42,6.0,0.5,0.8,0.7,-5.41,-3.21,-1.02,-3.21,2.0,4.55,6.0,0.5,0.8,0.7,1010.92,1010.95,1010.98,1010.95,2.0,0.07,6.0,0.5,0.8,0.7,8.0,8.0,8.0,8.0,2.0,0.0,6.0,0.5,0.8,0.7,-64.4,-38.3,-12.2,-38.3,2.0,54.2,6.0,0.5,0.8,0.7,-54.1,-32.1,-10.2,-32.1,2.0,45.5,6.0,0.5,0.8,0.7,1.02,1.05,1.08,1.05,2.0,0.07,6.0,0.5,0.8,0.7,1.6,5.0,8.4,5.0,2.0,7.1,6.0,0.5,0.8,0.7,2.45,2.45,2.45,2.45,1.0,0.0,12.0,0.0,1.0,0.8,0.0,0.0,0.0,0.0,1.0,0.0,12.0,0.0,1.0,0.8,-174.0,-103.4,-32.8,-103.4,2.0,146.3,6.0,0.5,0.8,0.7,-146.0,-86.8,-27.5,-86.8,2.0,122.7,6.0,0.5,0.8,0.7,0.0,0.0,0.0,0.0,1.0,0.0,12.0,0.0,1.0,0.8,0.0,0.0,0.0,0.0,1.0,0.0,12.0,0.0,1.0,0.8,0.0,0.0,0.0,0.0,1.0,0.0,12.0,0.0,1.0,0.8,0.0,0.0,0.0,0.0,1.0,0.0,12.0,0.0,1.0,0.8,158.5,500.0,841.5,500.0,2.0,707.0,6.0,0.5,0.8,0.7,160.0,500.0,840.0,500.0,2.0,705.0,6.0,0.5,0.8,0.7
1974,2,320.0,0.0,26.9,27.45,28.34,27.53,6.0,0.78,16.0,0.7,0.5,0.5,26.33,26.8,27.86,26.93,7.0,1.24,18.0,0.7,0.5,0.5,17.34,18.99,21.61,19.29,6.0,2.25,18.0,0.7,0.4,0.5,79.1,88.4,92.5,86.7,6.0,7.3,18.0,0.7,0.5,0.0,4.6,6.29,4.33,7.0,4.14,18.0,0.7,0.5,0.5,-5.91,-4.32,0.0,-4.05,7.0,3.94,18.0,0.7,0.5,0.5,-2.15,-1.57,0.0,-1.34,7.0,1.51,18.0,0.7,0.5,0.5,1009.93,1011.0,1012.0,1010.79,7.0,1.22,18.0,0.7,0.5,0.5,3.9,6.0,7.0,5.6,7.0,2.1,18.0,0.7,0.5,0.5,-38.7,-19.9,0.0,-31.5,7.0,47.7,18.0,0.7,0.5,0.5,-14.1,-4.3,0.0,-10.4,7.0,17.7,18.0,0.7,0.5,0.5,-0.1,0.25,0.95,0.53,6.0,1.12,16.0,0.7,0.5,0.5,-0.5,0.0,0.6,-0.2,6.0,1.2,16.0,0.7,0.5,0.5,2.61,5.07,5.13,4.06,5.0,1.5,16.0,0.6,0.5,0.4,0.0,13.2,18.4,10.5,5.0,10.4,16.0,0.6,0.5,0.4,-156.8,-114.1,0.0,-109.9,7.0,106.6,18.0,0.7,0.5,0.5,-57.1,-41.5,0.0,-35.9,7.0,40.7,18.0,0.7,0.5,0.5,-109.8,-53.2,0.0,-54.6,6.0,50.8,18.0,0.7,0.4,0.5,-31.7,-13.0,0.0,-16.0,6.0,18.2,18.0,0.7,0.4,0.5,-17.9,-10.1,0.0,-9.6,5.0,9.8,16.0,0.6,0.5,0.4,-8.3,0.0,0.0,-3.3,5.0,4.6,16.0,0.6,0.5,0.4,0.0,97.5,288.5,313.0,7.0,629.0,18.0,0.7,0.5,0.5,0.0,95.0,290.0,315.0,7.0,630.0,18.0,0.7,0.5,0.5
1974,2,320.0,1.0,26.28,27.2,27.88,27.17,11.0,1.06,14.0,0.5,0.6,0.4,24.59,26.0,27.32,26.06,11.0,1.68,14.0,0.5,0.6,0.4,17.02,17.22,18.63,17.57,8.0,0.88,12.0,0.4,0.6,0.4,77.8,82.9,89.6,83.1,9.0,7.8,12.0,0.4,0.4,4.63,6.7,8.65,6.82,11.0,2.54,14.0,0.5,0.6,0.4,-7.43,-4.31,-2.45,-4.43,11.0,2.77,14.0,0.5,0.6,0.4,-5.74,-3.99,-2.71,-4.51,11.0,2.45,14.0,0.5,0.6,0.4,1008.76,1010.25,1011.84,1010.35,10.0,1.67,14.0,0.4,0.6,0.4,3.5,7.0,8.0,6.2,9.0,2.0,14.0,0.4,0.6,0.4,-68.0,-28.9,-11.1,-33.9,11.0,29.0,14.0,0.5,0.6,0.4,-43.6,-23.0,-15.3,-34.8,11.0,34.6,14.0,0.5,0.6,0.4,-0.39,1.2,3.21,1.11,11.0,2.13,14.0,0.5,0.6,0.4,-2.6,6.1,31.4,9.3,11.0,16.6,14.0,0.5,0.6,0.4,4.97,5.3,6.86,5.48,8.0,1.94,12.0,0.4,0.6,0.4,21.4,29.1,44.0,35.0,8.0,20.8,12.0,0.4,0.6,0.4,-181.9,-116.3,-62.8,-113.3,11.0,68.4,14.0,0.5,0.6,0.4,-155.5,-112.2,-66.6,-117.0,11.0,59.8,14.0,0.5,0.6,0.4,-134.8,-81.2,-46.3,-89.2,8.0,41.0,12.0,0.4,0.6,0.4,-78.8,-62.0,-45.5,-62.2,8.0,19.1,12.0,0.4,0.6,0.4,-40.3,-20.3,-14.0,-27.6,8.0,19.6,12.0,0.4,0.6,0.4,-26.4,-19.6,-11.0,-20.1,8.0,10.8,12.0,0.4,0.6,0.4,102.0,301.0,656.0,448.5,11.0,535.0,14.0,0.5,0.6,0.4,100.0,300.0,655.0,450.0,11.0,535.0,14.0,0.5,0.6,0.4
1974,2,320.0,2.0,27.8,27.8,27.8,27.8,1.0,0.0,8.0,1.0,1.0,0.5,24.8,24.8,24.8,24.8,1.0,0.0,8.0,1.0,1.0,0.5,18.48,18.48,18.48,18.48,1.0,0.0,8.0,1.0,1.0,0.5,94.2,94.2,94.2,94.2,1.0,0.0,8.0,1.0,0.5,9.3,9.3,9.3,9.3,1.0,0.0,8.0,1.0,1.0,0.5,-4.65,-4.65,-4.65,-4.65,1.0,0.0,8.0,1.0,1.0,0.5,-8.05,-8.05,-8.05,-8.05,1.0,0.0,8.0,1.0,1.0,0.5,1008.0,1008.0,1008.0,1008.0,1.0,0.0,8.0,1.0,1.0,0.5,,,,,,,,,,,,,,,,,,,,,,,,,,,,,,,3.0,3.0,3.0,3.0,1.0,0.0,8.0,1.0,1.0,0.5,27.9,27.9,27.9,27.9,1.0,0.0,8.0,1.0,1.0,0.5,5.02,5.02,5.02,5.02,1.0,0.0,8.0,1.0,1.0,0.5,46.7,46.7,46.7,46.7,1.0,0.0,8.0,1.0,1.0,0.5,-115.3,-115.3,-115.3,-115.3,1.0,0.0,8.0,1.0,1.0,0.5,-199.7,-199.7,-199.7,-199.7,1.0,0.0,8.0,1.0,1.0,0.5,-85.9,-85.9,-85.9,-85.9,1.0,0.0,8.0,1.0,1.0,0.5,-148.8,-148.8,-148.8,-148.8,1.0,0.0,8.0,1.0,1.0,0.5,-23.4,-23.4,-23.4,-23.4,1.0,0.0,8.0,1.0,1.0,0.5,-40.5,-40.5,-40.5,-40.5,1.0,0.0,8.0,1.0,1.0,0.5,804.5,804.5,804.5,804.5,1.0,0.0,8.0,1.0,1.0,0.5,805.0,805.0,805.0,805.0,1.0,0.0,8.0,1.0,1.0,0.5
1974,2,320.0,3.0,27.11,27.35,27.59,27.35,2.0,0.49,18.0,0.0,0.7,0.6,24.33,24.6,24.87,24.6,2.0,0.57,18.0,0.0,0.7,0.6,17.67,17.91,18.14,17.91,2.0,0.49,18.0,0.0,0.7,0.6,92.1,92.5,92.8,92.5,2.0,0.8,18.0,0.0,0.6,5.59,6.65,7.71,6.65,2.0,2.19,18.0,0.0,0.7,0.6,-6.05,-5.54,-5.03,-5.54,2.0,1.05,18.0,0.0,0.7,0.6,-4.71,-3.51,-2.3,-3.51,2.0,2.49,18.0,0.0,0.7,0.6,1008.4,1009.05,1009.7,1009.05,2.0,1.34,18.0,0.0,0.7,0.6,6.0,6.0,6.0,6.0,2.0,0.0,18.0,0.0,0.7,0.6,-47.2,-38.0,-28.7,-38.0,2.0,19.1,18.0,0.0,0.7,0.6,-37.8,-26.1,-14.3,-26.1,2.0,24.3,18.0,0.0,0.7,0.6,2.24,2.75,3.26,2.75,2.0,1.06,18.0,0.0,0.7,0.6,13.1,19.5,25.8,19.5,2.0,13.1,18.0,0.0,0.7,0.6,4.41,4.95,5.5,4.95,2.0,1.13,18.0,0.0,0.7,0.6,25.3,34.2,43.1,34.2,2.0,18.4,18.0,0.0,0.7,0.6,-146.9,-135.9,-124.9,-135.9,2.0,22.8,18.0,0.0,0.7,0.6,-114.2,-85.6,-56.9,-85.6,2.0,59.4,18.0,0.0,0.7,0.6,-106.7,-98.9,-91.1,-98.9,2.0,16.2,18.0,0.0,0.7,0.6,-82.9,-62.2,-41.5,-62.2,2.0,42.9,18.0,0.0,0.7,0.6,-33.6,-28.0,-22.5,-28.0,2.0,11.5,18.0,0.0,0.7,0.6,-26.7,-18.8,-10.9,-18.8,2.0,16.3,18.0,0.0,0.7,0.6,199.0,342.0,485.0,342.0,2.0,296.0,18.0,0.0,0.7,0.6,200.0,340.0,485.0,340.0,2.0,295.0,18.0,0.0,0.7,0.6
1974,2,320.0,4.0,26.0,26.0,26.0,26.0,1.0,0.0,20.0,1.0,0.3,0.7,26.8,26.8,26.8,26.8,1.0,0.0,20.0,1.0,0.3,0.7,16.52,16.52,16.52,16.52,1.0,0.0,20.0,1.0,0.3,0.7,75.0,75.0,75.0,75.0,1.0,0.0,20.0,1.0,0.7,12.3,12.3,12.3,12.3,1.0,0.0,20.0,1.0,0.3,0.7,-9.42,-9.42,-9.42,-9.42,1.0,0.0,20.0,1.0,0.3,0.7,-7.91,-7.91,-7.91,-7.91,1.0,0.0,20.0,1.0,0.3,0.7,1010.0,1010.0,1010.0,1010.0,1.0,0.0,20.0,1.0,0.3,0.7,8.0,8.0,8.0,8.0,1.0,0.0,20.0,1.0,0.3,0.7,-115.9,-115.9,-115.9,-115.9,1.0,0.0,20.0,1.0,0.3,0.7,-97.2,-97.2,-97.2,-97.2,1.0,0.0,20.0,1.0,0.3,0.7,-0.8,-0.8,-0.8,-0.8,1.0,0.0,20.0,1.0,0.3,0.7,-9.8,-9.8,-9.8,-9.8,1.0,0.0,20.0,1.0,0.3,0.7,4.55,4.55,4.55,4.55,1.0,0.0,20.0,1.0,0.3,0.7,56.0,56.0,56.0,56.0,1.0,0.0,20.0,1.0,0.3,0.7,-252.5,-252.5,-252.5,-252.5,1.0,0.0,20.0,1.0,0.3,0.7,-211.9,-211.9,-211.9,-211.9,1.0,0.0,20.0,1.0,0.3,0.7,-155.6,-155.6,-155.6,-155.6,1.0,0.0,20.0,1.0,0.3,0.7,-130.6,-130.6,-130.6,-130.6,1.0,0.0,20.0,1.0,0.3,0.7,-42.9,-42.9,-42.9,-42.9,1.0,0.0,20.0,1.0,0.3,0.7,-36.0,-36.0,-36.0,-36.0,1.0,0.0,20.0,1.0,0.3,0.7,1861.0,1861.0,1861.0,1861.0,1.0,0.0,20.0,1.0,0.3,0.7,1860.0,1860.0,1860.0,1860.0,1.0,0.0,20.0,1.0,0.3,0.7
1974,2,320.0,5.0,25.98,26.4,26.8,26.29,7.0,0.45,20.0,0.9,0.7,0.6,25.6,26.05,26.24,26.03,6.0,0.44,20.0,1.0,0.7,0.6,15.02,15.99,16.59,15.82,4.0,0.97,20.0,1.0,0.8,0.6,71.9,75.4,77.7,74.9,4.0,4.3,20.0,1.0,0.6,9.62,10.0,13.43,11.36,5.0,2.54,20.0,0.8,0.8,0.6,-10.29,-8.49,-7.46,-8.9,5.0,1.84,20.0,0.8,0.8,0.6,-8.63,-6.43,-5.58,-7.02,5.0,1.94,20.0,0.8,0.8,0.6,1010.82,1011.9,1012.3,1011.6,5.0,1.16,20.0,0.8,0.8,0.6,4.9,6.0,7.0,5.7,7.0,1.6,20.0,0.9,0.7,0.6,-139.9,-83.2,-72.8,-104.7,5.0,46.9,20.0,0.8,0.8,0.6,-117.4,-64.3,-52.8,-83.5,5.0,42.9,20.0,0.8,0.8,0.6,-0.17,0.3,1.2,0.37,6.0,0.76,20.0,1.0,0.7,0.6,-6.5,1.5,7.7,0.7,4.0,10.0,20.0,1.0,0.8,0.6,4.43,5.55,6.79,5.61,4.0,1.36,20.0,1.0,0.8,0.6,59.2,67.1,69.3,64.4,4.0,7.6,20.0,1.0,0.8,0.6,-282.3,-233.2,-208.2,-244.7,4.0,51.7,20.0,1.0,0.8,0.6,-236.9,-185.1,-145.3,-190.8,4.0,58.9,20.0,1.0,0.8,0.6,-176.8,-140.5,-121.2,-148.6,4.0,35.0,20.0,1.0,0.8,0.6,-148.3,-115.8,-84.9,-116.6,4.0,39.7,20.0,1.0,0.8,0.6,-56.6,-51.9,-45.4,-51.0,4.0,7.7,20.0,1.0,0.8,0.6,-43.6,-38.2,-34.3,-38.9,4.0,5.5,20.0,1.0,0.8,0.6,891.0,1000.0,2515.0,1651.5,5.0,1193.0,20.0,0.8,0.8,0.6,890.0,1000.0,2515.0,1650.0,5.0,1195.0,20.0,0.8,0.8,0.6
1974,2,320.0,6.0,28.6,28.6,28.6,28.6,1.0,0.0,20.0,0.0,0.5,0.1,28.8,28.8,28.8,28.8,1.0,0.0,20.0,0.0,0.5,0.1,17.01,17.01,17.01,17.01,1.0,0.0,20.0,0.0,0.5,0.1,69.2,69.2,69.2,69.2,1.0,0.0,20.0,0.0,0.1,,,,,,,,,,,,,,,,,,,,,,,,,,,,,,,,,,,,,,,,,,,,,,,,,,,,,,,,,,,,,,,,,,,,,,,,,,,,,,,,,,,,,,,,,,,,,,,,,,,,,,,,,,,,,,,,,,,,,,,,,,,,,,,,,,,,,,,,,,,,,,,,,,,,,,,,,,,,,,,,,,,,,,,,,,,,,,,,,,,,,,,,,,,,,,
1974,2,320.0,7.0,26.7,26.7,26.7,26.7,1.0,0.0,12.0,0.0,0.8,0.8,25.6,25.6,25.6,25.6,1.0,0.0,12.0,0.0,0.8,0.8,14.91,14.91,14.91,14.91,1.0,0.0,12.0,0.0,0.8,0.8,73.0,73.0,73.0,73.0,1.0,0.0,12.0,0.0,0.8,12.3,12.3,12.3,12.3,1.0,0.0,12.0,0.0,0.8,0.8,-10.65,-10.65,-10.65,-10.65,1.0,0.0,12.0,0.0,0.8,0.8,-6.15,-6.15,-6.15,-6.15,1.0,0.0,12.0,0.0,0.8,0.8,1012.9,1012.9,1012.9,1012.9,1.0,0.0,12.0,0.0,0.8,0.8,2.0,2.0,2.0,2.0,1.0,0.0,12.0,0.0,0.8,0.8,-131.0,-131.0,-131.0,-131.0,1.0,0.0,12.0,0.0,0.8,0.8,-75.6,-75.6,-75.6,-75.6,1.0,0.0,12.0,0.0,0.8,0.8,1.1,1.1,1.1,1.1,1.0,0.0,12.0,0.0,0.8,0.8,13.5,13.5,13.5,13.5,1.0,0.0,12.0,0.0,0.8,0.8,6.99,6.99,6.99,6.99,1.0,0.0,12.0,0.0,0.8,0.8,86.0,86.0,86.0,86.0,1.0,0.0,12.0,0.0,0.8,0.8,-272.7,-272.7,-272.7,-272.7,1.0,0.0,12.0,0.0,0.8,0.8,-157.4,-157.4,-157.4,-157.4,1.0,0.0,12.0,0.0,0.8,0.8,-158.9,-158.9,-158.9,-158.9,1.0,0.0,12.0,0.0,0.8,0.8,-91.7,-91.7,-91.7,-91.7,1.0,0.0,12.0,0.0,0.8,0.8,-74.5,-74.5,-74.5,-74.5,1.0,0.0,12.0,0.0,0.8,0.8,-43.0,-43.0,-43.0,-43.0,1.0,0.0,12.0,0.0,0.8,0.8,1861.0,1861.0,1861.0,1861.0,1.0,0.0,12.0,0.0,0.8,0.8,1860.0,1860.0,1860.0,1860.0,1.0,0.0,12.0,0.0,0.8,0.8
1974,2,320.0,8.0,25.53,25.6,25.87,25.7,3.0,0.26,16.0,0.3,1.0,0.2,23.79,25.5,27.07,25.43,3.0,2.4,16.0,0.3,1.0,0.2,18.76,18.76,18.76,18.76,1.0,0.0,18.0,1.0,1.0,0.0,80.3,80.3,80.3,80.3,1.0,0.0,18.0,1.0,0.0,8.03,12.4,14.45,11.27,3.0,4.8,16.0,0.3,1.0,0.2,-10.58,-7.97,-5.16,-7.87,3.0,3.97,16.0,0.3,1.0,0.2,-9.77,-9.5,-6.15,-8.0,3.0,2.95,16.0,0.3,1.0,0.2,1009.29,1011.2,1012.16,1010.73,3.0,2.14,16.0,0.3,1.0,0.2,3.3,6.0,7.4,5.3,3.0,3.1,16.0,0.3,1.0,0.2,-155.4,-98.8,-47.2,-101.2,3.0,79.3,16.0,0.3,1.0,0.2,-141.4,-117.8,-56.2,-99.3,3.0,64.5,16.0,0.3,1.0,0.2,-1.5,0.0,2.05,0.27,3.0,2.61,16.0,0.3,1.0,0.2,-23.1,0.0,12.3,-5.3,3.0,26.3,16.0,0.3,1.0,0.2,1.78,1.78,1.78,1.78,1.0,0.0,18.0,1.0,1.0,0.0,27.4,27.4,27.4,27.4,1.0,0.0,18.0,1.0,1.0,0.0,-288.4,-203.2,-125.1,-206.6,3.0,119.7,16.0,0.3,1.0,0.2,-264.7,-242.2,-149.0,-207.7,3.0,89.9,16.0,0.3,1.0,0.2,-221.3,-221.3,-221.3,-221.3,1.0,0.0,18.0,1.0,1.0,0.0,-185.7,-185.7,-185.7,-185.7,1.0,0.0,18.0,1.0,1.0,0.0,-21.0,-21.0,-21.0,-21.0,1.0,0.0,18.0,1.0,1.0,0.0,-17.6,-17.6,-17.6,-17.6,1.0,0.0,18.0,1.0,1.0,0.0,752.5,1906.5,3098.0,1925.0,3.0,1718.0,16.0,0.3,1.0,0.2,755.0,1905.0,3100.0,1925.0,3.0,1720.0,16.0,0.3,1.0,0.2
1974,2,320.0,9.0,25.25,25.8,26.35,25.8,2.0,1.13,12.0,1.0,0.4,0.7,23.15,23.9,24.65,23.9,2.0,1.56,12.0,1.0,0.4,0.7,17.62,17.62,17.62,17.62,1.0,0.0,10.0,1.0,0.3,0.7,89.2,89.2,89.2,89.2,1.0,0.0,10.0,1.0,0.7,9.07,9.85,10.63,9.85,2.0,1.63,12.0,1.0,0.4,0.7,-8.15,-7.55,-6.94,-7.55,2.0,1.25,12.0,1.0,0.4,0.7,-6.84,-6.33,-5.83,-6.33,2.0,1.05,12.0,1.0,0.4,0.7,1011.91,1012.35,1012.79,1012.35,2.0,0.92,12.0,1.0,0.4,0.7,3.2,3.5,3.8,3.5,2.0,0.7,12.0,1.0,0.4,0.7,-87.2,-75.3,-63.5,-75.3,2.0,24.5,12.0,1.0,0.4,0.7,-73.2,-63.2,-53.3,-63.2,2.0,20.6,12.0,1.0,0.4,0.7,1.7,1.9,2.1,1.9,2.0,0.42,12.0,1.0,0.4,0.7,15.6,19.1,22.6,19.1,2.0,7.3,12.0,1.0,0.4,0.7,4.15,4.15,4.15,4.15,1.0,0.0,10.0,1.0,0.3,0.7,36.1,36.1,36.1,36.1,1.0,0.0,10.0,1.0,0.3,0.7,-188.1,-179.4,-170.7,-179.4,2.0,18.0,12.0,1.0,0.4,0.7,-157.8,-150.5,-143.2,-150.5,2.0,15.1,12.0,1.0,0.4,0.7,-117.4,-117.4,-117.4,-117.4,1.0,0.0,10.0,1.0,0.3,0.7,-98.5,-98.5,-98.5,-98.5,1.0,0.0,10.0,1.0,0.3,0.7,-27.7,-27.7,-27.7,-27.7,1.0,0.0,10.0,1.0,0.3,0.7,-23.2,-23.2,-23.2,-23.2,1.0,0.0,10.0,1.0,0.3,0.7,765.0,995.0,1224.5,995.0,2.0,475.5,12.0,1.0,0.4,0.7,765.0,995.0,1225.0,995.0,2.0,475.0,12.0,1.0,0.4,0.7
1974,2,320.0,10.0,24.52,25.0,25.68,25.1,3.0,0.85,16.0,0.3,0.4,0.2,22.71,23.75,25.1,23.9,4.0,1.7,18.0,0.3,0.4,0.2,13.71,14.41,14.48,14.1,3.0,0.62,16.0,0.3,0.4,0.2,69.8,72.2,77.7,73.7,3.0,5.9,16.0,0.3,0.2,8.44,9.0,9.3,8.88,4.0,0.53,18.0,0.3,0.4,0.2,-7.81,-6.76,-4.99,-6.42,4.0,1.78,18.0,0.3,0.4,0.2,-7.11,-5.88,-4.49,-5.81,4.0,1.51,18.0,0.3,0.4,0.2,1011.58,1015.1,1016.0,1013.85,4.0,3.21,18.0,0.3,0.4,0.2,5.5,6.5,7.5,6.5,4.0,1.3,18.0,0.3,0.4,0.2,-70.4,-60.6,-44.1,-57.4,4.0,17.7,18.0,0.3,0.4,0.2,-62.4,-50.7,-40.4,-51.4,4.0,13.1,18.0,0.3,0.4,0.2,-0.66,0.3,1.8,0.57,3.0,1.81,16.0,0.3,0.4,0.2,-6.1,2.8,14.9,4.4,3.0,15.4,16.0,0.3,0.4,0.2,5.41,5.55,6.22,5.81,3.0,0.64,16.0,0.3,0.4,0.2,50.3,51.6,52.9,51.6,3.0,1.9,16.0,0.3,0.4,0.2,-189.0,-154.6,-118.8,-153.9,4.0,47.4,18.0,0.3,0.4,0.2,-169.0,-144.1,-107.9,-138.7,4.0,36.5,18.0,0.3,0.4,0.2,-105.2,-80.0,-65.7,-85.3,3.0,29.2,16.0,0.3,0.4,0.2,-100.1,-95.4,-76.3,-88.4,3.0,18.5,16.0,0.3,0.4,0.2,-39.9,-33.1,-28.8,-34.3,3.0,8.2,16.0,0.3,0.4,0.2,-44.2,-39.5,-29.5,-36.9,3.0,11.0,16.0,0.3,0.4,0.2,602.5,731.5,804.5,704.5,4.0,123.0,18.0,0.3,0.4,0.2,600.0,730.0,805.0,705.0,4.0,125.0,18.0,0.3,0.4,0.2
1974,2,320.0,11.0,,,,,,,,,,,,,,,,,,,,,,,,,,,,,,,,,,,,,,,,8.2,8.2,8.2,8.2,1.0,0.0,24.0,1.0,0.8,0.5,-5.27,-5.27,-5.27,-5.27,1.0,0.0,24.0,1.0,0.8,0.5,-6.28,-6.28,-6.28,-6.28,1.0,0.0,24.0,1.0,0.8,0.5,1014.0,1014.0,1014.0,1014.0,1.0,0.0,24.0,1.0,0.8,0.5,,,,,,,,,,,,,,,,,,,,,,,,,,,,,,,,,,,,,,,,,,,,,,,,,,,,,,,,,,,,,,,,,,,,,,,,,,,,,,,,,,,,,,,,,,,,,,,,,,,,,,,,,,,,,,,,,,,,,,,,,,,,,,,,,,,,,,,,,,,,,,,,,,,,,,
1974,2,320.0,14.0,23.79,24.2,24.62,24.22,5.0,0.53,22.0,0.4,0.6,0.3,22.54,22.9,23.52,23.03,4.0,0.71,20.0,0.3,0.7,0.3,12.36,12.82,13.2,12.78,4.0,0.62,20.0,0.3,0.7,0.3,69.2,72.0,77.9,73.5,4.0,5.6,20.0,0.3,0.3,7.65,9.3,9.85,8.86,5.0,1.52,22.0,0.4,0.6,0.3,-8.62,-8.05,-6.82,-7.81,5.0,1.16,22.0,0.4,0.6,0.3,-5.61,-4.65,-1.45,-3.66,5.0,2.48,22.0,0.4,0.6,0.3,1016.19,1016.8,1017.62,1016.9,5.0,0.81,22.0,0.4,0.6,0.3,4.6,5.0,7.4,5.8,5.0,1.6,22.0,0.4,0.6,0.3,-84.4,-67.2,-57.5,-70.3,5.0,21.1,22.0,0.4,0.6,0.3,-56.6,-43.2,-9.7,-34.5,5.0,25.7,22.0,0.4,0.6,0.3,0.95,1.2,1.77,1.35,4.0,0.54,20.0,0.3,0.7,0.3,9.5,11.4,15.2,12.3,4.0,3.7,20.0,0.3,0.7,0.3,5.72,6.22,6.66,6.19,4.0,0.59,20.0,0.3,0.7,0.3,50.0,59.7,66.8,58.5,4.0,10.7,20.0,0.3,0.7,0.3,-200.1,-183.2,-176.6,-188.1,4.0,18.9,20.0,0.3,0.7,0.3,-134.3,-115.1,-50.5,-93.4,4.0,64.1,20.0,0.3,0.7,0.3,-111.5,-106.8,-97.0,-104.3,4.0,9.4,20.0,0.3,0.7,0.3,-71.1,-62.1,-28.3,-50.3,4.0,34.3,20.0,0.3,0.7,0.3,-54.8,-48.5,-46.5,-50.6,4.0,6.7,20.0,0.3,0.7,0.3,-38.0,-31.3,-13.3,-25.9,4.0,18.1,20.0,0.3,0.7,0.3,460.0,804.5,970.5,744.0,5.0,356.0,22.0,0.4,0.6,0.3,460.0,805.0,970.0,745.0,5.0,355.0,22.0,0.4,0.6,0.3
1974,2,320.0,15.0,24.4,24.4,24.4,24.4,1.0,0.0,6.0,1.0,0.3,0.0,26.1,26.1,26.1,26.1,1.0,0.0,6.0,1.0,0.3,0.0,14.18,14.18,14.18,14.18,1.0,0.0,6.0,1.0,0.3,0.0,67.4,67.4,67.4,67.4,1.0,0.0,6.0,1.0,0.0,12.9,12.9,12.9,12.9,1.0,0.0,6.0,1.0,0.3,0.0,-12.12,-12.12,-12.12,-12.12,1.0,0.0,6.0,1.0,0.3,0.0,-4.41,-4.41,-4.41,-4.41,1.0,0.0,6.0,1.0,0.3,0.0,1013.5,1013.5,1013.5,1013.5,1.0,0.0,6.0,1.0,0.3,0.0,5.0,5.0,5.0,5.0,1.0,0.0,6.0,1.0,0.3,0.0,-156.4,-156.4,-156.4,-156.4,1.0,0.0,6.0,1.0,0.3,0.0,-56.9,-56.9,-56.9,-56.9,1.0,0.0,6.0,1.0,0.3,0.0,-1.7,-1.7,-1.7,-1.7,1.0,0.0,6.0,1.0,0.3,0.0,-21.9,-21.9,-21.9,-21.9,1.0,0.0,6.0,1.0,0.3,0.0,4.88,4.88,4.88,4.88,1.0,0.0,6.0,1.0,0.3,0.0,63.0,63.0,63.0,63.0,1.0,0.0,6.0,1.0,0.3,0.0,-316.4,-316.4,-316.4,-316.4,1.0,0.0,6.0,1.0,0.3,0.0,-115.2,-115.2,-115.2,-115.2,1.0,0.0,6.0,1.0,0.3,0.0,-171.8,-171.8,-171.8,-171.8,1.0,0.0,6.0,1.0,0.3,0.0,-62.5,-62.5,-62.5,-62.5,1.0,0.0,6.0,1.0,0.3,0.0,-59.2,-59.2,-59.2,-59.2,1.0,0.0,6.0,1.0,0.3,0.0,-21.5,-21.5,-21.5,-21.5,1.0,0.0,6.0,1.0,0.3,0.0,2146.5,2146.5,2146.5,2146.5,1.0,0.0,6.0,1.0,0.3,0.0,2145.0,2145.0,2145.0,2145.0,1.0,0.0,6.0,1.0,0.3,0.0
1974,2,320.0,17.0,23.14,23.45,23.76,23.45,2.0,0.64,10.0,0.0,0.8,0.8,22.06,22.2,22.34,22.2,2.0,0.28,10.0,0.0,0.8,0.8,11.33,11.7,12.06,11.7,2.0,0.76,10.0,0.0,0.8,0.8,69.4,70.8,72.2,70.8,2.0,2.9,10.0,0.0,0.8,8.01,9.75,11.49,9.75,2.0,3.61,10.0,0.0,0.8,0.8,-11.49,-9.75,-8.01,-9.75,2.0,3.61,10.0,0.0,0.8,0.8,0.0,0.0,0.0,0.0,2.0,0.0,10.0,0.0,0.8,0.8,1016.85,1019.75,1022.65,1019.75,2.0,6.01,10.0,0.0,0.8,0.8,6.2,6.5,6.8,6.5,2.0,0.7,10.0,0.0,0.8,0.8,-135.5,-101.6,-67.6,-101.6,2.0,70.3,10.0,0.0,0.8,0.8,0.0,0.0,0.0,0.0,2.0,0.0,10.0,0.0,0.8,0.8,1.08,1.25,1.42,1.25,2.0,0.35,10.0,0.0,0.8,0.8,9.0,12.8,16.7,12.8,2.0,8.0,10.0,0.0,0.8,0.8,6.17,6.19,6.21,6.19,2.0,0.04,10.0,0.0,0.8,0.8,49.4,60.4,71.4,60.4,2.0,22.7,10.0,0.0,0.8,0.8,-256.9,-217.0,-177.0,-217.0,2.0,82.8,10.0,0.0,0.8,0.8,0.0,0.0,0.0,0.0,2.0,0.0,10.0,0.0,0.8,0.8,-139.4,-115.4,-91.5,-115.4,2.0,49.6,10.0,0.0,0.8,0.8,0.0,0.0,0.0,0.0,2.0,0.0,10.0,0.0,0.8,0.8,-71.4,-60.4,-49.4,-60.4,2.0,22.7,10.0,0.0,0.8,0.8,0.0,0.0,0.0,0.0,2.0,0.0,10.0,0.0,0.8,0.8,609.5,1117.0,1625.0,1117.0,2.0,1052.0,10.0,0.0,0.8,0.8,610.0,1115.0,1625.0,1115.0,2.0,1050.0,10.0,0.0,0.8,0.8
1974,2,320.0,18.0,24.0,24.2,25.03,24.5,4.0,0.76,8.0,1.0,0.3,0.7,22.0,22.15,22.51,22.25,4.0,0.33,8.0,1.0,0.3,0.7,13.31,14.29,15.27,14.29,2.0,2.03,16.0,1.0,0.1,0.7,79.4,84.5,89.5,84.5,2.0,10.4,16.0,1.0,0.7,8.86,9.9,11.52,10.18,4.0,2.03,8.0,1.0,0.3,0.7,-11.42,-8.94,-7.05,-9.22,4.0,2.77,8.0,1.0,0.3,0.7,-5.0,-1.81,-0.66,-2.78,4.0,3.28,8.0,1.0,0.3,0.7,1015.53,1016.6,1017.46,1016.5,4.0,1.14,8.0,1.0,0.3,0.7,5.4,7.5,8.0,6.8,4.0,1.9,8.0,1.0,0.3,0.7,-133.5,-81.5,-62.3,-97.2,4.0,47.9,8.0,1.0,0.3,0.7,-52.3,-20.0,-5.3,-28.4,4.0,32.4,8.0,1.0,0.3,0.7,2.0,2.05,2.52,2.25,4.0,0.44,8.0,1.0,0.3,0.7,17.9,23.5,27.8,22.9,4.0,5.9,8.0,1.0,0.3,0.7,4.95,5.43,5.91,5.43,2.0,1.0,16.0,1.0,0.1,0.7,51.5,62.7,74.0,62.7,2.0,23.3,16.0,1.0,0.1,0.7,-253.2,-196.7,-157.4,-204.9,4.0,61.1,8.0,1.0,0.3,0.7,-113.1,-40.3,-14.6,-62.7,4.0,74.7,8.0,1.0,0.3,0.7,-153.0,-131.1,-109.2,-131.1,2.0,45.4,16.0,1.0,0.1,0.7,-103.9,-73.4,-42.9,-73.4,2.0,63.1,16.0,1.0,0.1,0.7,-70.3,-53.9,-37.4,-53.9,2.0,34.1,16.0,1.0,0.1,0.7,-32.0,-24.6,-17.2,-24.6,2.0,15.3,16.0,1.0,0.1,0.7,716.5,970.5,1601.0,1150.0,4.0,699.0,8.0,1.0,0.3,0.7,715.0,970.0,1600.0,1150.0,4.0,700.0,8.0,1.0,0.3,0.7
1974,2,320.0,19.0,22.85,23.45,24.0,23.43,4.0,0.67,12.0,0.8,0.5,0.3,21.29,22.7,22.86,22.1,4.0,1.41,12.0,0.8,0.5,0.3,11.94,12.03,12.19,12.06,3.0,0.19,16.0,0.7,0.5,0.4,69.2,70.7,71.6,70.4,3.0,1.8,16.0,0.7,0.4,8.99,10.15,11.68,10.33,4.0,1.64,12.0,0.8,0.5,0.3,-11.6,-10.0,-8.92,-10.25,4.0,1.65,12.0,0.8,0.5,0.3,-1.77,-0.81,0.0,-0.88,4.0,1.02,12.0,0.8,0.5,0.3,1017.41,1018.75,1019.46,1018.45,4.0,1.36,12.0,0.8,0.5,0.3,2.5,3.5,5.0,3.8,4.0,1.7,12.0,0.8,0.5,0.3,-136.0,-102.2,-80.2,-107.8,4.0,34.5,12.0,0.8,0.5,0.3,-18.2,-7.5,0.0,-9.0,4.0,10.7,12.0,0.8,0.5,0.3,0.15,0.6,2.57,1.33,4.0,1.83,12.0,0.8,0.5,0.3,1.7,5.6,27.2,14.0,4.0,20.3,12.0,0.8,0.5,0.3,5.07,5.15,6.16,5.6,3.0,0.89,16.0,0.7,0.5,0.4,51.0,57.6,60.5,55.8,3.0,7.1,16.0,0.7,0.5,0.4,-249.4,-212.3,-203.8,-226.0,4.0,36.1,12.0,0.8,0.5,0.3,-37.5,-18.3,0.0,-18.7,4.0,21.6,12.0,0.8,0.5,0.3,-138.0,-110.2,-105.6,-121.5,3.0,25.7,16.0,0.7,0.5,0.4,-13.3,0.0,0.0,-6.5,3.0,11.2,16.0,0.7,0.5,0.4,-60.5,-57.6,-50.5,-55.6,3.0,7.5,16.0,0.7,0.5,0.4,-5.7,0.0,0.0,-2.8,3.0,4.8,16.0,0.7,0.5,0.4,728.0,1067.5,1608.5,1163.5,4.0,547.0,12.0,0.8,0.5,0.3,730.0,1070.0,1610.0,1165.0,4.0,545.0,12.0,0.8,0.5,0.3
1974,2,320.0,20.0,22.6,22.8,22.94,22.77,3.0,0.25,8.0,0.3,0.3,0.7,21.66,22.0,22.68,22.17,3.0,0.76,8.0,0.3,0.3,0.7,11.75,11.94,13.03,12.38,3.0,1.02,8.0,0.3,0.3,0.7,70.4,73.6,80.1,75.2,3.0,7.2,8.0,0.3,0.7,8.36,8.7,9.11,8.73,3.0,0.55,8.0,0.3,0.3,0.7,-8.56,-8.18,-7.44,-8.01,3.0,0.83,8.0,0.3,0.3,0.7,-3.81,-3.18,1.02,-1.44,3.0,3.85,8.0,0.3,0.3,0.7,1019.53,1021.1,1021.3,1020.43,3.0,1.42,8.0,0.3,0.3,0.7,3.0,3.0,5.0,4.0,3.0,1.7,8.0,0.3,0.3,0.7,-78.1,-71.1,-62.3,-70.2,3.0,11.5,8.0,0.3,0.3,0.7,-32.3,-29.6,8.3,-12.4,3.0,33.3,8.0,0.3,0.3,0.7,0.18,1.0,1.0,0.6,3.0,0.69,8.0,0.3,0.3,0.7,1.3,8.2,8.5,5.0,3.0,6.0,8.0,0.3,0.3,0.7,4.26,5.22,5.22,4.76,3.0,0.81,8.0,0.3,0.3,0.7,36.3,42.8,46.8,41.5,3.0,7.8,8.0,0.3,0.3,0.7,-194.3,-179.9,-161.3,-177.8,3.0,24.2,8.0,0.3,0.3,0.7,-83.4,-73.2,21.5,-31.9,3.0,84.7,8.0,0.3,0.3,0.7,-108.7,-104.3,-89.6,-99.3,3.0,14.6,8.0,0.3,0.3,0.7,-44.7,-38.0,15.5,-15.2,3.0,48.3,8.0,0.3,0.3,0.7,-42.9,-37.1,-33.1,-38.0,3.0,7.3,8.0,0.3,0.3,0.7,-19.9,-16.6,2.5,-8.9,3.0,17.7,8.0,0.3,0.3,0.7,585.5,658.5,758.0,671.5,3.0,127.0,8.0,0.3,0.3,0.7,585.0,660.0,760.0,670.0,3.0,125.0,8.0,0.3,0.3,0.7
1974,2,320.0,21.0,22.0,22.65,23.06,22.6,6.0,0.53,18.0,0.5,0.5,0.2,20.79,21.0,21.39,21.05,6.0,0.67,18.0,0.5,0.5,0.2,9.87,11.29,12.34,11.11,4.0,1.59,18.0,0.8,0.5,0.2,64.2,71.4,80.3,72.2,4.0,9.5,18.0,0.8,0.2,6.49,7.7,8.62,7.8,6.0,1.78,18.0,0.5,0.5,0.2,-8.24,-6.37,-4.45,-6.06,6.0,3.43,18.0,0.5,0.5,0.2,-4.76,-3.56,0.2,-2.97,6.0,3.12,18.0,0.5,0.5,0.2,1018.2,1020.1,1022.0,1019.82,6.0,2.54,18.0,0.5,0.5,0.2,0.8,6.5,7.2,4.8,6.0,3.4,18.0,0.5,0.5,0.2,-70.5,-47.2,-25.4,-49.9,6.0,37.7,18.0,0.5,0.5,0.2,-45.1,-27.2,1.2,-24.9,6.0,24.8,18.0,0.5,0.5,0.2,0.78,1.25,2.27,1.55,6.0,0.99,18.0,0.5,0.5,0.2,6.2,8.1,22.0,12.0,6.0,7.8,18.0,0.5,0.5,0.2,4.28,5.73,7.59,5.92,4.0,2.13,18.0,0.8,0.5,0.2,28.2,39.1,53.9,41.0,4.0,15.1,18.0,0.8,0.5,0.2,-173.1,-132.4,-92.1,-126.6,6.0,72.2,18.0,0.5,0.5,0.2,-102.4,-73.0,4.3,-63.4,6.0,68.1,18.0,0.5,0.5,0.2,-83.3,-59.6,-25.1,-54.4,4.0,41.0,18.0,0.8,0.5,0.2,-57.8,-15.2,6.1,-25.3,4.0,42.1,18.0,0.8,0.5,0.2,-39.5,-28.0,-13.3,-26.5,4.0,20.5,18.0,0.8,0.5,0.2,-39.8,-14.4,2.6,-18.4,4.0,25.7,18.0,0.8,0.5,0.2,277.0,456.5,681.0,540.5,6.0,406.0,18.0,0.5,0.5,0.2,275.0,455.0,680.0,540.0,6.0,405.0,18.0,0.5,0.5,0.2
1974,2,320.0,22.0,22.22,22.7,22.77,22.5,3.0,0.44,20.0,0.3,0.8,0.3,21.2,21.35,21.71,21.45,4.0,0.39,16.0,0.5,0.8,0.4,10.77,11.11,12.5,11.61,4.0,1.3,16.0,0.5,0.8,0.4,69.5,70.9,77.9,73.6,4.0,6.5,16.0,0.5,0.4,5.29,7.95,9.82,7.58,4.0,3.38,16.0,0.5,0.8,0.4,-9.41,-7.89,-5.29,-7.37,4.0,3.13,16.0,0.5,0.8,0.4,-0.75,0.0,2.02,0.61,4.0,2.27,16.0,0.5,0.8,0.4,1018.8,1020.55,1022.45,1020.63,4.0,2.37,16.0,0.5,0.8,0.4,3.0,4.0,5.6,4.3,4.0,2.1,16.0,0.5,0.8,0.4,-94.4,-62.8,-33.3,-63.8,4.0,45.2,16.0,0.5,0.8,0.4,-6.1,0.0,22.9,8.0,4.0,24.4,16.0,0.5,0.8,0.4,0.92,1.4,1.54,1.23,3.0,0.47,20.0,0.3,0.8,0.3,5.2,5.7,12.6,8.8,3.0,6.1,20.0,0.3,0.8,0.3,5.6,5.84,6.2,5.9,3.0,0.44,20.0,0.3,0.8,0.3,27.8,45.1,59.3,43.6,3.0,23.2,20.0,0.3,0.8,0.3,-200.9,-170.7,-114.9,-158.5,4.0,67.6,16.0,0.5,0.8,0.4,-15.9,0.0,43.3,13.1,4.0,48.6,16.0,0.5,0.8,0.4,-112.8,-95.8,-59.1,-86.4,4.0,38.0,16.0,0.5,0.8,0.4,-8.1,0.0,23.0,7.1,4.0,25.6,16.0,0.5,0.8,0.4,-56.4,-44.4,-27.5,-42.0,3.0,21.2,20.0,0.3,0.8,0.3,-5.3,0.0,15.4,4.9,3.0,15.8,20.0,0.3,0.8,0.3,233.0,504.0,1018.5,620.0,4.0,593.5,16.0,0.5,0.8,0.4,235.0,505.0,1020.0,620.0,4.0,595.0,16.0,0.5,0.8,0.4
1974,2,320.0,23.0,21.18,22.0,23.04,22.08,6.0,0.88,12.0,0.3,0.7,0.4,20.61,21.0,21.94,21.14,8.0,1.59,14.0,0.4,0.6,0.4,10.16,11.82,12.69,11.61,6.0,1.39,12.0,0.3,0.8,0.3,71.8,77.5,82.3,76.2,6.0,11.3,12.0,0.3,0.3,5.7,8.6,10.19,7.76,8.0,2.47,14.0,0.4,0.6,0.4,-9.14,-6.84,-1.08,-5.37,8.0,4.49,14.0,0.4,0.6,0.4,-5.34,-1.7,-1.04,-3.09,8.0,3.31,14.0,0.4,0.6,0.4,1019.42,1021.6,1025.33,1022.09,7.0,3.0,14.0,0.3,0.7,0.3,2.0,3.0,6.9,4.1,8.0,2.5,14.0,0.4,0.6,0.4,-84.7,-49.1,-7.1,-48.3,8.0,41.2,14.0,0.4,0.6,0.4,-30.5,-13.3,-6.3,-24.8,8.0,33.5,14.0,0.4,0.6,0.4,0.15,0.8,1.1,0.62,6.0,0.79,12.0,0.3,0.7,0.4,2.0,7.0,11.4,6.5,6.0,6.8,12.0,0.3,0.7,0.4,2.93,4.71,5.8,4.48,5.0,2.02,12.0,0.4,0.7,0.3,24.8,42.1,49.2,37.5,5.0,13.9,12.0,0.4,0.7,0.3,-189.5,-150.5,-20.3,-114.2,8.0,95.6,14.0,0.4,0.6,0.4,-98.9,-35.9,-24.4,-63.7,8.0,67.9,14.0,0.4,0.6,0.4,-124.2,-77.2,-18.5,-72.5,6.0,50.9,12.0,0.3,0.8,0.3,-68.0,-22.1,-15.6,-40.7,6.0,41.0,12.0,0.3,0.8,0.3,-44.4,-28.5,-14.1,-29.1,5.0,16.9,12.0,0.4,0.7,0.3,-23.0,-7.3,-4.3,-14.4,5.0,18.8,12.0,0.4,0.7,0.3,185.0,640.0,1060.5,586.0,8.0,413.0,14.0,0.4,0.6,0.4,185.0,640.0,1060.0,585.0,8.0,415.0,14.0,0.4,0.6,0.4
1974,2,320.0,24.0,21.23,22.2,23.0,22.08,8.0,1.15,18.0,0.9,0.5,0.6,20.32,21.5,21.75,21.26,9.0,1.15,16.0,0.8,0.5,0.6,10.15,10.8,11.7,10.94,8.0,0.87,16.0,0.9,0.5,0.6,65.7,70.4,74.3,70.4,8.0,4.5,16.0,0.9,0.6,4.8,8.2,9.81,8.38,9.0,4.0,16.0,0.8,0.5,0.6,-8.84,-7.1,-3.3,-4.97,9.0,5.55,16.0,0.8,0.5,0.6,-1.02,0.0,4.25,-0.04,9.0,6.04,16.0,0.8,0.5,0.6,1019.68,1023.0,1024.11,1021.64,9.0,3.95,16.0,0.8,0.5,0.6,2.3,5.0,7.0,4.6,9.0,2.7,16.0,0.8,0.5,0.6,-81.0,-58.2,-11.3,-31.6,9.0,72.5,16.0,0.8,0.5,0.6,-4.2,0.0,32.3,-14.2,9.0,90.8,16.0,0.8,0.5,0.6,0.07,1.15,1.89,0.66,8.0,1.75,18.0,0.9,0.5,0.6,0.6,6.1,14.7,6.8,8.0,16.6,18.0,0.9,0.5,0.6,4.12,5.58,6.29,5.32,7.0,1.46,18.0,1.0,0.5,0.7,22.2,39.0,60.1,46.2,7.0,27.4,18.0,1.0,0.5,0.7,-195.7,-150.5,-68.8,-109.8,9.0,114.7,16.0,0.8,0.5,0.6,-20.5,0.0,91.4,3.2,9.0,119.5,16.0,0.8,0.5,0.6,-88.1,-70.2,-32.4,-49.9,8.0,58.3,16.0,0.9,0.5,0.6,-13.4,7.8,52.0,3.0,8.0,66.0,16.0,0.9,0.5,0.6,-39.3,-28.6,-17.2,-21.0,7.0,34.0,18.0,1.0,0.5,0.7,-4.2,3.6,24.1,-1.8,7.0,39.5,18.0,1.0,0.5,0.7,131.5,551.5,947.5,992.0,9.0,1507.5,16.0,0.8,0.5,0.6,130.0,550.0,945.0,990.0,9.0,1510.0,16.0,0.8,0.5,0.6
1974,2,320.0,25.0,21.0,21.5,22.21,21.52,11.0,0.8,12.0,0.4,0.4,0.6,20.23,20.9,21.46,20.87,10.0,0.58,10.0,0.3,0.4,0.6,10.53,11.33,11.74,11.19,8.0,0.65,12.0,0.3,0.4,0.6,69.1,74.0,80.7,74.2,8.0,6.1,12.0,0.3,0.6,3.53,4.85,6.99,5.32,10.0,2.97,12.0,0.3,0.4,0.6,-6.81,-4.56,-1.25,-4.44,10.0,3.47,12.0,0.3,0.4,0.6,-2.97,0.0,1.69,-0.26,10.0,2.5,12.0,0.3,0.4,0.6,1021.16,1022.75,1024.13,1022.47,10.0,1.68,12.0,0.3,0.4,0.6,3.6,6.0,7.0,5.3,11.0,2.1,12.0,0.4,0.4,0.6,-47.7,-21.2,-3.7,-32.0,10.0,39.2,12.0,0.3,0.4,0.6,-11.5,0.0,10.7,-3.1,10.0,18.4,12.0,0.3,0.4,0.6,-0.34,0.8,1.27,0.6,10.0,1.12,10.0,0.3,0.4,0.6,-4.5,2.7,5.0,1.4,9.0,5.0,12.0,0.2,0.4,0.6,3.74,4.43,6.27,4.77,8.0,1.26,12.0,0.3,0.4,0.6,13.3,26.7,34.6,24.8,8.0,13.0,12.0,0.3,0.4,0.6,-140.8,-105.5,-50.5,-105.3,9.0,67.2,12.0,0.2,0.4,0.6,-23.7,0.0,40.2,3.3,9.0,48.1,12.0,0.2,0.4,0.6,-83.7,-62.0,-24.1,-58.2,8.0,39.1,12.0,0.3,0.4,0.6,-16.4,0.0,22.5,0.9,8.0,26.3,12.0,0.3,0.4,0.6,-32.5,-21.8,-11.4,-22.0,8.0,12.4,12.0,0.3,0.4,0.6,-5.7,0.0,11.0,2.5,8.0,12.5,12.0,0.3,0.4,0.6,46.5,115.0,342.0,293.0,10.0,489.5,12.0,0.3,0.4,0.6,45.0,115.0,340.0,295.0,10.0,490.0,12.0,0.3,0.4,0.6
1974,2,320.0,26.0,20.61,21.2,22.3,21.5,9.0,1.2,16.0,0.4,0.5,0.3,20.0,20.35,21.74,20.61,10.0,1.34,16.0,0.5,0.5,0.3,11.36,11.53,11.9,11.59,7.0,0.29,16.0,0.6,0.5,0.3,72.9,76.8,78.5,75.7,7.0,4.5,16.0,0.6,0.3,4.73,6.0,7.92,6.23,9.0,3.43,16.0,0.6,0.5,0.3,-6.88,-4.79,-1.16,-3.93,9.0,3.84,16.0,0.6,0.5,0.3,-1.65,0.0,2.14,-0.86,9.0,4.75,16.0,0.6,0.5,0.3,1021.4,1023.85,1025.57,1023.36,10.0,2.87,16.0,0.5,0.5,0.3,0.5,6.0,7.0,4.4,9.0,3.0,16.0,0.6,0.5,0.3,-50.3,-26.0,-5.6,-21.9,9.0,35.0,16.0,0.6,0.5,0.3,-10.5,0.0,15.8,-13.8,9.0,55.4,16.0,0.6,0.5,0.3,-0.57,0.7,2.08,0.6,9.0,1.57,16.0,0.4,0.5,0.3,-0.9,5.3,12.0,6.3,8.0,7.9,16.0,0.5,0.5,0.2,3.04,3.98,4.86,4.21,7.0,1.36,16.0,0.6,0.5,0.3,12.2,20.6,32.2,22.8,6.0,17.7,16.0,0.7,0.5,0.2,-145.0,-99.7,-23.8,-82.7,9.0,76.7,16.0,0.6,0.5,0.3,-33.5,0.0,45.9,-13.8,9.0,88.7,16.0,0.6,0.5,0.3,-64.9,-54.2,-39.4,-50.2,6.0,27.3,16.0,0.7,0.5,0.2,-4.1,4.8,36.2,13.2,6.0,27.8,16.0,0.7,0.5,0.2,-29.6,-16.9,-11.4,-20.5,6.0,16.7,16.0,0.7,0.5,0.2,-1.1,1.5,18.8,6.1,6.0,10.7,16.0,0.7,0.5,0.2,107.0,216.0,497.0,444.0,9.0,660.5,16.0,0.6,0.5,0.3,105.0,215.0,495.0,445.0,9.0,660.0,16.0,0.6,0.5,0.3
1974,2,320.0,27.0,20.79,22.0,23.0,21.85,11.0,1.02,12.0,0.3,0.5,0.5,20.0,20.2,20.8,20.33,11.0,0.42,12.0,0.3,0.5,0.5,9.83,10.88,13.13,11.29,8.0,1.75,12.0,0.4,0.4,0.5,68.4,74.4,87.4,76.4,8.0,10.4,12.0,0.4,0.5,2.83,4.6,7.82,4.9,11.0,2.72,12.0,0.3,0.5,0.5,-6.79,-4.32,-1.35,-4.0,11.0,3.19,12.0,0.3,0.5,0.5,-1.95,0.8,2.63,0.49,11.0,2.4,12.0,0.3,0.5,0.5,1020.53,1024.2,1026.05,1023.75,11.0,3.11,12.0,0.3,0.5,0.5,2.0,5.0,8.0,4.7,11.0,2.4,12.0,0.3,0.5,0.5,-53.0,-19.9,-4.0,-26.9,11.0,27.0,12.0,0.3,0.5,0.5,-5.4,3.7,15.0,3.1,11.0,15.6,12.0,0.3,0.5,0.5,0.43,1.6,2.74,1.53,11.0,1.11,12.0,0.3,0.5,0.5,0.8,5.9,17.2,8.0,11.0,9.2,12.0,0.3,0.5,0.5,3.33,4.96,5.99,4.59,8.0,1.46,12.0,0.4,0.4,0.5,10.7,15.6,33.2,18.4,8.0,12.5,12.0,0.4,0.4,0.5,-138.6,-90.8,-27.0,-81.7,11.0,64.6,12.0,0.3,0.5,0.5,-38.8,16.6,53.8,10.6,11.0,48.9,12.0,0.3,0.5,0.5,-64.9,-44.6,-2.6,-37.6,8.0,33.2,12.0,0.4,0.4,0.5,0.0,14.8,41.2,15.0,8.0,22.8,12.0,0.4,0.4,0.5,-30.9,-14.9,-0.7,-13.9,8.0,14.8,12.0,0.4,0.4,0.5,0.0,4.0,12.4,4.7,8.0,8.8,12.0,0.4,0.4,0.5,23.0,97.5,479.5,215.0,11.0,248.0,12.0,0.3,0.5,0.5,25.0,95.0,480.0,215.0,11.0,250.0,12.0,0.3,0.5,0.5
1974,2,320.0,28.0,20.0,21.0,21.24,20.79,19.0,0.65,16.0,0.5,0.5,0.5,19.0,20.0,20.99,20.05,20.0,1.15,18.0,0.6,0.5,0.5,8.72,10.96,11.9,10.52,14.0,1.61,20.0,0.5,0.5,0.5,67.2,72.9,83.8,73.6,16.0,9.6,20.0,0.6,0.5,3.53,5.7,7.93,6.01,19.0,2.55,16.0,0.5,0.4,0.5,-5.76,-4.31,0.09,-3.3,19.0,3.36,16.0,0.5,0.4,0.5,-4.11,1.74,5.02,0.16,19.0,4.66,16.0,0.5,0.4,0.5,1020.11,1023.7,1026.24,1023.53,19.0,3.32,16.0,0.5,0.4,0.5,1.0,5.0,7.0,4.8,21.0,2.7,16.0,0.5,0.5,0.5,-42.0,-23.5,0.3,-22.9,19.0,30.8,16.0,0.5,0.4,0.5,-20.8,7.4,36.0,1.1,19.0,37.6,16.0,0.5,0.4,0.5,-0.53,0.55,1.86,0.52,18.0,1.07,16.0,0.6,0.5,0.5,-3.9,1.7,9.3,2.7,16.0,6.4,16.0,0.6,0.5,0.5,3.13,4.36,5.34,4.43,12.0,1.63,18.0,0.5,0.5,0.5,16.2,24.5,37.5,26.6,11.0,10.4,18.0,0.5,0.5,0.5,-120.7,-84.5,3.6,-69.6,18.0,69.1,16.0,0.6,0.4,0.5,-80.6,15.5,101.7,3.5,18.0,93.2,16.0,0.6,0.4,0.5,-67.9,-34.9,7.5,-32.5,13.0,39.5,18.0,0.5,0.5,0.5,-48.5,-15.8,56.1,-3.9,13.0,53.0,18.0,0.5,0.5,0.5,-25.5,-16.7,-3.5,-15.6,11.0,13.4,18.0,0.5,0.5,0.5,-28.7,6.1,13.8,-3.4,11.0,20.7,18.0,0.5,0.5,0.5,44.0,185.0,506.5,329.0,19.0,351.5,16.0,0.5,0.4,0.5,45.0,185.0,505.0,330.0,19.0,350.0,16.0,0.5,0.4,0.5
1974,2,320.0,29.0,19.92,20.6,21.47,20.65,11.0,0.86,14.0,0.5,0.7,0.2,19.3,20.0,20.63,20.03,12.0,1.11,14.0,0.5,0.7,0.2,10.55,11.87,12.81,11.62,9.0,1.1,12.0,0.4,0.8,0.1,72.2,82.3,89.9,81.4,9.0,8.0,12.0,0.4,0.1,3.69,5.1,9.51,6.54,11.0,2.92,12.0,0.5,0.7,0.2,-6.64,-2.55,0.38,-2.84,11.0,4.01,12.0,0.5,0.7,0.2,0.47,3.28,5.82,2.67,11.0,4.77,12.0,0.5,0.7,0.2,1023.57,1024.65,1026.1,1024.49,12.0,1.61,14.0,0.5,0.7,0.2,2.0,5.0,7.3,4.9,12.0,2.5,14.0,0.5,0.7,0.2,-59.3,-13.0,5.1,-24.0,11.0,34.9,12.0,0.5,0.7,0.2,-0.6,16.6,55.6,18.8,11.0,46.4,12.0,0.5,0.7,0.2,-0.04,0.6,2.41,0.7,11.0,1.61,14.0,0.5,0.7,0.2,-0.1,2.3,7.1,1.5,10.0,13.5,12.0,0.5,0.6,0.2,2.33,3.07,4.91,3.41,8.0,1.27,10.0,0.4,0.8,0.1,8.4,11.8,22.1,15.8,7.0,11.1,10.0,0.4,0.8,0.1,-137.9,-49.5,6.5,-59.1,11.0,81.8,12.0,0.5,0.7,0.2,9.0,65.6,119.3,57.5,11.0,96.7,12.0,0.5,0.7,0.2,-64.8,-27.2,-5.8,-26.0,8.0,42.5,10.0,0.5,0.8,0.1,21.2,36.5,51.8,35.1,8.0,27.1,10.0,0.5,0.8,0.1,-12.0,-6.5,-0.5,-7.9,7.0,15.0,10.0,0.4,0.8,0.1,3.5,6.3,13.9,6.8,7.0,7.9,10.0,0.4,0.8,0.1,53.0,132.5,861.0,434.0,11.0,450.5,12.0,0.5,0.7,0.2,55.0,135.0,860.0,435.0,11.0,450.0,12.0,0.5,0.7,0.2
1974,2,320.0,30.0,19.8,20.0,20.41,20.18,12.0,0.71,10.0,0.8,0.5,0.4,18.87,19.75,21.0,19.82,12.0,1.21,10.0,0.7,0.5,0.3,9.95,11.29,12.09,11.12,11.0,1.33,10.0,0.7,0.5,0.4,69.9,79.4,87.9,78.2,11.0,10.7,10.0,0.7,0.4,2.04,4.6,7.7,4.93,13.0,2.3,10.0,0.7,0.5,0.3,-4.46,-2.3,0.15,-2.44,13.0,3.05,10.0,0.7,0.5,0.3,0.0,2.96,4.97,2.77,13.0,2.75,10.0,0.7,0.5,0.3,1021.36,1023.8,1025.7,1023.58,12.0,2.33,10.0,0.8,0.5,0.4,4.8,6.0,8.0,6.2,13.0,1.7,10.0,0.7,0.5,0.3,-30.4,-10.6,0.7,-14.5,13.0,21.1,10.0,0.7,0.5,0.3,0.0,13.6,34.7,17.8,13.0,20.3,10.0,0.7,0.5,0.3,-0.26,0.35,1.16,0.45,10.0,0.85,8.0,0.7,0.5,0.4,-1.0,1.8,3.2,2.4,10.0,5.6,8.0,0.7,0.5,0.4,2.31,3.48,4.57,3.6,10.0,1.76,8.0,0.7,0.5,0.4,8.1,19.4,28.2,19.3,10.0,11.4,8.0,0.7,0.5,0.4,-92.7,-59.5,8.1,-48.2,12.0,61.3,10.0,0.7,0.5,0.3,0.0,50.5,101.4,53.2,12.0,56.6,10.0,0.7,0.5,0.3,-58.0,-34.6,-5.8,-33.8,11.0,30.0,10.0,0.7,0.5,0.4,0.0,27.3,59.2,29.3,11.0,31.5,10.0,0.7,0.5,0.4,-20.1,-9.6,-1.1,-10.6,10.0,11.1,8.0,0.7,0.5,0.4,0.0,8.6,17.5,10.4,10.0,13.3,8.0,0.7,0.5,0.4,8.5,97.5,456.5,190.5,13.0,191.0,10.0,0.7,0.5,0.3,10.0,95.0,455.0,190.0,13.0,190.0,10.0,0.7,0.5,0.3
1974,2,320.0,31.0,19.0,19.25,20.0,19.47,18.0,0.6,16.0,0.6,0.4,0.4,17.93,19.85,21.27,19.69,22.0,1.48,16.0,0.6,0.5,0.4,9.39,10.71,11.86,10.43,17.0,1.96,16.0,0.6,0.4,0.3,70.3,79.3,83.0,75.3,17.0,13.6,16.0,0.6,0.3,4.77,6.2,8.2,6.36,22.0,2.23,16.0,0.6,0.5,0.4,-5.11,0.65,3.99,-0.09,22.0,4.6,16.0,0.6,0.5,0.4,-1.62,3.88,6.15,2.62,22.0,4.36,16.0,0.6,0.5,0.4,1020.03,1024.5,1028.07,1024.23,22.0,4.2,16.0,0.6,0.5,0.4,3.0,6.0,8.0,5.5,21.0,2.3,16.0,0.6,0.5,0.4,-41.5,1.7,24.7,-3.4,22.0,36.0,16.0,0.6,0.5,0.4,-5.0,21.7,45.2,18.2,22.0,36.3,16.0,0.6,0.5,0.4,-1.06,-0.2,1.32,-0.1,18.0,1.51,16.0,0.6,0.4,0.4,-8.8,-1.1,8.1,-0.8,18.0,10.7,16.0,0.6,0.4,0.4,2.2,3.17,4.58,3.34,15.0,1.34,16.0,0.6,0.4,0.3,11.2,18.1,25.9,20.5,15.0,10.1,16.0,0.6,0.4,0.3,-108.1,12.8,81.3,-1.7,22.0,90.8,16.0,0.6,0.5,0.4,-28.6,78.9,128.8,55.7,22.0,85.5,16.0,0.6,0.5,0.4,-49.4,8.8,47.8,1.6,17.0,50.4,16.0,0.6,0.4,0.3,-9.2,41.2,56.1,27.2,17.0,43.2,16.0,0.6,0.4,0.3,-16.1,0.0,14.6,-2.1,15.0,15.8,16.0,0.6,0.4,0.3,-2.2,12.9,17.9,9.1,15.0,14.5,16.0,0.6,0.4,0.3,109.0,238.5,551.5,347.5,22.0,314.5,16.0,0.6,0.5,0.4,110.0,240.0,550.0,345.0,22.0,315.0,16.0,0.6,0.5,0.4
1974,2,320.0,32.0,18.0,19.0,20.0,19.1,17.0,1.08,16.0,0.8,0.5,0.5,17.11,18.5,20.28,18.64,17.0,1.42,16.0,0.8,0.5,0.5,9.46,10.78,11.77,10.79,17.0,1.36,16.0,0.8,0.5,0.5,75.6,81.3,88.5,81.6,17.0,7.9,16.0,0.8,0.5,4.1,6.2,9.53,6.95,17.0,3.99,16.0,0.8,0.5,0.5,-3.43,-1.5,4.87,0.42,17.0,5.33,16.0,0.8,0.5,0.5,-6.13,3.85,5.64,0.79,17.0,6.16,16.0,0.8,0.5,0.5,1020.72,1024.8,1028.0,1024.02,17.0,3.69,16.0,0.8,0.5,0.5,2.5,5.0,7.5,4.9,17.0,2.5,16.0,0.8,0.5,0.5,-25.8,-5.7,34.3,16.8,17.0,71.1,16.0,0.8,0.5,0.5,-48.2,15.8,40.0,-5.4,17.0,68.8,16.0,0.8,0.5,0.5,-0.84,0.0,2.37,0.46,17.0,1.6,16.0,0.8,0.5,0.5,-6.5,0.0,11.6,4.9,17.0,15.2,16.0,0.8,0.5,0.5,1.35,2.47,4.35,2.84,17.0,1.61,16.0,0.8,0.5,0.5,6.3,14.5,27.7,20.7,17.0,20.6,16.0,0.8,0.5,0.5,-69.7,-27.5,94.6,4.6,17.0,92.1,16.0,0.8,0.5,0.5,-102.8,71.5,111.8,22.1,17.0,112.5,16.0,0.8,0.5,0.5,-40.4,-17.5,55.3,1.5,17.0,54.0,16.0,0.8,0.5,0.5,-62.4,41.4,70.9,13.9,17.0,63.6,16.0,0.8,0.5,0.5,-9.3,-3.3,12.9,4.0,17.0,20.0,16.0,0.8,0.5,0.5,-16.8,3.9,15.1,-1.3,17.0,21.5,16.0,0.8,0.5,0.5,69.0,238.5,867.5,719.0,17.0,1297.0,16.0,0.8,0.5,0.5,70.0,240.0,865.0,720.0,17.0,1295.0,16.0,0.8,0.5,0.5
1974,2,320.0,33.0,18.9,19.55,21.0,19.72,20.0,1.09,16.0,0.5,0.4,0.4,16.49,18.3,19.9,18.24,23.0,1.84,16.0,0.6,0.4,0.4,8.11,10.17,11.89,10.19,20.0,1.68,16.0,0.5,0.4,0.5,72.7,79.0,84.9,78.7,21.0,6.5,16.0,0.5,0.4,4.6,7.7,10.05,6.97,23.0,2.66,16.0,0.6,0.4,0.4,-1.57,0.89,5.85,1.56,23.0,4.18,16.0,0.6,0.4,0.4,-6.37,-1.0,6.26,0.01,23.0,6.15,16.0,0.6,0.4,0.4,1018.87,1024.3,1028.94,1023.7,22.0,4.56,16.0,0.5,0.4,0.4,1.0,5.0,7.5,4.5,23.0,3.0,16.0,0.6,0.4,0.4,-14.4,2.3,42.2,11.8,23.0,37.0,16.0,0.6,0.4,0.4,-55.7,-1.0,48.4,-1.9,23.0,53.8,16.0,0.6,0.4,0.4,0.2,1.1,2.99,1.29,20.0,2.11,16.0,0.5,0.4,0.4,0.7,8.2,18.5,9.4,20.0,18.0,16.0,0.5,0.4,0.4,2.26,3.72,5.83,3.86,18.0,2.08,14.0,0.4,0.4,0.4,11.9,23.1,50.7,27.7,18.0,21.0,14.0,0.4,0.4,0.4,-26.8,14.2,116.5,32.1,23.0,76.3,16.0,0.6,0.4,0.4,-111.9,-18.0,121.6,7.6,23.0,111.8,16.0,0.6,0.4,0.4,-15.6,3.6,56.2,12.8,20.0,40.4,16.0,0.5,0.4,0.5,-67.6,15.1,88.2,10.1,20.0,65.4,16.0,0.5,0.4,0.5,-5.4,1.0,18.3,6.6,18.0,17.1,14.0,0.4,0.4,0.4,-22.1,2.6,21.8,-5.0,18.0,29.9,14.0,0.4,0.4,0.4,97.5,456.5,1018.5,472.5,23.0,385.0,16.0,0.6,0.4,0.4,95.0,455.0,1020.0,470.0,23.0,385.0,16.0,0.6,0.4,0.4
1974,2,320.0,34.0,17.37,19.0,20.0,18.57,19.0,1.56,12.0,0.5,0.6,0.5,16.01,18.8,20.0,18.33,20.0,1.88,12.0,0.5,0.6,0.5,8.42,10.21,11.4,10.06,18.0,1.87,12.0,0.4,0.6,0.5,68.1,81.1,84.8,78.0,18.0,9.5,12.0,0.4,0.5,4.45,6.7,9.95,6.88,18.0,3.64,12.0,0.5,0.6,0.4,-0.48,1.6,7.03,2.62,18.0,4.45,12.0,0.5,0.6,0.4,-2.21,2.17,4.59,1.28,18.0,5.88,12.0,0.5,0.6,0.4,1019.31,1022.9,1025.98,1022.57,20.0,3.84,12.0,0.5,0.6,0.5,2.0,4.0,7.0,4.4,20.0,2.6,12.0,0.5,0.6,0.5,-2.2,8.0,54.0,22.9,18.0,38.2,12.0,0.5,0.6,0.4,-21.8,11.0,25.2,4.3,18.0,69.8,12.0,0.5,0.6,0.4,-2.11,0.0,2.04,0.15,19.0,2.32,12.0,0.5,0.6,0.5,-12.1,0.0,16.2,3.2,17.0,19.3,10.0,0.5,0.6,0.5,1.8,3.24,3.93,3.06,17.0,2.07,12.0,0.5,0.6,0.5,12.2,24.9,35.9,26.1,15.0,16.4,10.0,0.5,0.6,0.5,-10.0,30.6,136.9,50.4,18.0,82.6,12.0,0.5,0.6,0.4,-39.2,41.0,92.6,29.8,18.0,99.6,12.0,0.5,0.6,0.4,0.0,31.4,78.6,30.8,16.0,42.5,12.0,0.4,0.6,0.5,-24.6,23.3,53.6,16.0,16.0,60.6,12.0,0.4,0.6,0.5,-2.4,3.7,24.6,7.9,15.0,18.1,10.0,0.5,0.6,0.5,-8.4,6.1,12.3,-1.4,15.0,24.6,10.0,0.5,0.6,0.5,89.0,301.0,987.0,595.0,18.0,800.5,12.0,0.5,0.6,0.4,90.0,300.0,985.0,595.0,18.0,800.0,12.0,0.5,0.6,0.4
1974,2,320.0,35.0,16.09,17.0,18.03,17.18,13.0,1.24,16.0,0.6,0.5,0.4,14.05,15.5,18.69,16.06,17.0,2.05,16.0,0.5,0.5,0.4,5.79,8.34,11.37,8.55,16.0,2.36,16.0,0.5,0.5,0.4,60.1,76.9,88.2,74.3,16.0,12.8,16.0,0.5,0.4,6.7,9.3,14.83,9.81,16.0,3.45,16.0,0.6,0.5,0.4,-4.99,0.0,4.67,0.77,16.0,6.56,16.0,0.6,0.5,0.4,-7.96,2.4,8.69,0.54,16.0,8.4,16.0,0.6,0.5,0.4,1016.97,1021.0,1027.46,1021.91,17.0,5.38,16.0,0.5,0.5,0.4,5.5,7.0,8.0,6.6,17.0,1.5,16.0,0.5,0.5,0.4,-34.7,0.0,42.4,21.8,16.0,84.1,16.0,0.6,0.5,0.4,-67.4,12.2,86.5,1.1,16.0,101.8,16.0,0.6,0.5,0.4,-0.64,1.5,2.4,1.04,13.0,2.11,16.0,0.6,0.5,0.4,-7.8,10.0,27.2,13.1,12.0,27.6,16.0,0.7,0.5,0.4,1.09,3.93,5.39,3.58,13.0,2.13,16.0,0.6,0.5,0.4,14.8,28.1,55.3,35.9,12.0,29.4,16.0,0.7,0.5,0.4,-72.1,0.0,85.5,17.1,16.0,109.1,16.0,0.6,0.5,0.4,-119.8,42.4,151.9,22.5,16.0,131.9,16.0,0.6,0.5,0.4,-20.8,0.0,56.1,19.7,15.0,60.7,16.0,0.5,0.5,0.4,-57.0,51.0,88.1,18.9,15.0,73.2,16.0,0.5,0.5,0.4,-4.9,2.6,15.7,2.5,12.0,15.6,16.0,0.7,0.5,0.4,-52.8,4.5,24.7,-12.7,12.0,42.9,16.0,0.7,0.5,0.4,301.0,804.5,3284.5,1293.5,16.0,1313.0,16.0,0.6,0.5,0.4,300.0,805.0,3285.0,1295.0,16.0,1315.0,16.0,0.6,0.5,0.4
1974,2,320.0,36.0,16.0,17.0,17.84,16.95,15.0,0.97,18.0,0.6,0.6,0.5,13.59,16.2,18.68,16.18,15.0,2.39,18.0,0.6,0.6,0.5,6.09,9.16,11.87,9.15,13.0,2.46,18.0,0.7,0.6,0.5,67.9,81.9,89.9,78.3,13.0,11.3,18.0,0.7,0.5,4.32,7.7,12.6,8.55,15.0,5.27,18.0,0.6,0.6,0.5,-3.64,2.05,7.01,2.61,15.0,6.63,18.0,0.6,0.6,0.5,-4.05,4.79,8.87,3.14,15.0,6.66,18.0,0.6,0.6,0.5,1016.05,1022.0,1027.39,1020.83,15.0,7.97,18.0,0.6,0.6,0.5,2.1,6.0,7.9,5.2,14.0,2.6,18.0,0.6,0.6,0.5,-26.5,8.4,60.9,46.1,15.0,115.2,18.0,0.6,0.6,0.5,-19.7,24.4,142.7,44.7,15.0,94.7,18.0,0.6,0.6,0.5,-1.34,0.5,3.2,0.77,15.0,2.08,18.0,0.6,0.6,0.5,-25.4,1.8,16.6,0.8,15.0,21.8,18.0,0.6,0.6,0.5,0.49,2.42,4.94,2.7,13.0,2.13,18.0,0.7,0.6,0.5,6.6,10.2,26.7,16.1,13.0,15.3,18.0,0.7,0.6,0.5,-56.5,31.2,126.0,47.3,15.0,118.0,18.0,0.6,0.6,0.5,-56.0,74.8,168.0,62.8,15.0,108.8,18.0,0.6,0.6,0.5,-27.0,14.0,77.6,35.2,13.0,74.5,18.0,0.7,0.6,0.5,-17.2,36.1,115.5,44.6,13.0,65.5,18.0,0.7,0.6,0.5,-7.4,1.7,11.8,1.7,13.0,12.5,18.0,0.7,0.6,0.5,-15.8,2.5,10.4,0.0,13.0,18.8,18.0,0.7,0.6,0.5,83.0,456.5,2081.0,1459.5,15.0,2664.5,18.0,0.6,0.6,0.5,85.0,455.0,2080.0,1460.0,15.0,2665.0,18.0,0.6,0.6,0.5
1974,2,320.0,37.0,15.6,16.5,17.0,16.31,15.0,0.9,12.0,0.6,0.6,0.4,14.51,16.55,18.22,16.37,18.0,1.65,14.0,0.6,0.6,0.4,8.04,10.64,11.47,10.0,14.0,2.05,12.0,0.5,0.5,0.4,68.7,89.5,93.6,84.7,14.0,13.1,12.0,0.5,0.4,6.9,10.3,14.12,10.36,19.0,4.37,14.0,0.6,0.6,0.4,-2.72,1.97,11.83,3.68,19.0,7.41,14.0,0.6,0.6,0.4,-3.71,6.95,9.93,3.86,19.0,6.9,14.0,0.6,0.6,0.4,1012.48,1017.75,1025.87,1019.46,18.0,6.74,14.0,0.6,0.6,0.4,1.0,7.0,8.0,5.6,18.0,3.0,12.0,0.6,0.6,0.4,-13.9,18.4,169.4,59.8,19.0,119.9,14.0,0.6,0.6,0.4,-21.7,73.7,106.2,51.6,19.0,73.5,14.0,0.6,0.6,0.4,-1.76,-0.5,1.69,-0.21,15.0,1.52,12.0,0.6,0.6,0.4,-20.4,-4.1,6.8,-4.2,15.0,15.3,12.0,0.6,0.6,0.4,0.1,1.41,3.07,1.64,12.0,1.77,10.0,0.6,0.6,0.4,0.2,14.4,35.1,21.1,12.0,27.5,10.0,0.6,0.6,0.4,-44.4,36.1,204.7,65.1,18.0,122.2,14.0,0.6,0.6,0.4,-44.4,116.9,170.6,82.4,18.0,102.8,14.0,0.6,0.6,0.4,-30.1,37.0,134.5,45.8,14.0,77.0,12.0,0.5,0.5,0.4,-31.5,73.3,103.2,50.5,14.0,62.9,12.0,0.5,0.5,0.4,-7.2,1.5,22.1,9.8,12.0,30.4,10.0,0.6,0.6,0.4,-2.3,6.5,15.3,4.5,12.0,13.9,10.0,0.6,0.6,0.4,338.5,1092.5,2824.0,1693.0,19.0,2024.5,14.0,0.6,0.6,0.4,340.0,1095.0,2825.0,1695.0,19.0,2025.0,14.0,0.6,0.6,0.4
1974,2,320.0,38.0,16.78,17.3,18.22,17.4,9.0,0.89,16.0,0.7,0.4,0.3,13.11,16.65,18.17,15.79,10.0,2.79,16.0,0.6,0.5,0.3,5.36,11.39,12.12,9.8,8.0,3.22,18.0,0.6,0.4,0.3,63.1,90.5,94.8,84.4,8.0,16.4,18.0,0.6,0.3,7.91,9.5,13.43,10.01,10.0,3.28,16.0,0.6,0.5,0.3,0.0,6.47,7.61,4.23,10.0,4.18,16.0,0.6,0.5,0.3,-5.1,3.95,13.3,3.4,10.0,8.48,16.0,0.6,0.5,0.3,1012.19,1017.3,1021.93,1017.08,10.0,6.11,16.0,0.6,0.5,0.3,1.5,8.0,8.0,5.6,9.0,3.3,16.0,0.6,0.5,0.3,0.0,53.6,71.4,36.0,10.0,42.6,16.0,0.6,0.5,0.3,-44.7,31.7,183.5,51.9,10.0,111.2,16.0,0.6,0.5,0.3,0.0,0.8,4.99,1.63,9.0,2.82,16.0,0.7,0.4,0.3,0.0,8.6,27.1,13.8,9.0,23.6,16.0,0.7,0.4,0.3,0.11,1.39,6.76,2.54,8.0,3.21,18.0,0.6,0.4,0.3,1.1,16.7,38.6,23.1,8.0,25.9,18.0,0.6,0.4,0.3,0.0,100.1,122.9,64.9,10.0,66.3,16.0,0.6,0.5,0.3,-60.3,71.0,223.7,67.6,10.0,139.7,16.0,0.6,0.5,0.3,0.0,23.1,77.6,32.3,8.0,44.7,18.0,0.6,0.4,0.3,-18.0,64.7,163.7,71.6,8.0,79.1,18.0,0.6,0.4,0.3,-3.4,0.0,7.6,8.9,8.0,23.4,18.0,0.6,0.4,0.3,-34.0,3.2,17.3,-1.2,8.0,25.4,18.0,0.6,0.4,0.3,497.0,875.5,2627.5,1310.0,10.0,1280.5,16.0,0.6,0.5,0.3,495.0,875.0,2630.0,1310.0,10.0,1280.0,16.0,0.6,0.5,0.3
1974,2,320.0,39.0,14.92,16.2,17.0,16.03,12.0,1.14,12.0,0.6,0.6,0.4,12.99,15.0,17.19,15.21,13.0,2.3,12.0,0.6,0.7,0.4,5.1,7.16,10.56,7.67,12.0,2.44,12.0,0.6,0.6,0.4,56.1,65.0,86.3,70.1,12.0,15.8,12.0,0.6,0.4,4.97,13.1,17.25,11.99,12.0,5.6,14.0,0.7,0.6,0.4,0.66,5.0,16.49,7.2,12.0,7.66,14.0,0.7,0.6,0.4,-5.86,3.55,11.8,3.69,12.0,7.62,14.0,0.7,0.6,0.4,1009.63,1019.0,1023.91,1016.75,13.0,7.5,12.0,0.6,0.7,0.4,2.8,6.0,8.0,5.2,13.0,2.7,12.0,0.6,0.7,0.4,3.4,53.7,284.9,116.3,12.0,145.3,14.0,0.7,0.6,0.4,-66.0,20.9,157.1,44.3,12.0,111.1,14.0,0.7,0.6,0.4,-0.98,0.55,3.7,0.81,12.0,2.75,12.0,0.6,0.6,0.4,-19.7,5.6,17.8,3.9,11.0,36.0,12.0,0.6,0.6,0.4,1.23,3.79,6.14,3.63,12.0,2.52,12.0,0.6,0.6,0.4,5.8,27.6,84.7,41.2,11.0,43.4,12.0,0.6,0.6,0.4,8.8,86.2,209.6,108.2,12.0,113.6,14.0,0.7,0.6,0.4,-70.9,49.7,216.9,67.0,12.0,126.9,14.0,0.7,0.6,0.4,4.9,37.1,90.5,49.1,11.0,48.3,12.0,0.6,0.6,0.4,-12.3,18.2,134.0,48.2,11.0,72.4,12.0,0.6,0.6,0.4,-2.3,8.8,82.1,31.3,11.0,47.2,12.0,0.6,0.6,0.4,-14.8,14.3,22.2,3.9,11.0,20.9,12.0,0.6,0.6,0.4,123.5,2273.0,5146.5,2744.0,12.0,2738.0,14.0,0.7,0.6,0.4,125.0,2275.0,5145.0,2745.0,12.0,2740.0,14.0,0.7,0.6,0.4
1974,2,320.0,40.0,13.5,15.0,15.48,14.75,21.0,1.24,14.0,0.5,0.6,0.4,10.07,13.0,16.0,12.92,22.0,3.2,14.0,0.5,0.6,0.5,4.92,7.01,9.65,7.28,17.0,2.4,14.0,0.5,0.6,0.5,65.4,78.0,90.1,76.8,18.0,12.9,14.0,0.5,0.5,5.97,10.3,16.13,11.36,22.0,5.79,14.0,0.5,0.6,0.5,-2.09,6.77,14.37,6.49,22.0,7.51,14.0,0.5,0.6,0.5,-8.16,1.0,8.83,0.82,22.0,8.22,14.0,0.5,0.6,0.5,1006.75,1018.75,1024.38,1015.86,20.0,8.56,14.0,0.6,0.6,0.5,3.0,7.5,8.0,6.0,20.0,2.6,16.0,0.6,0.6,0.4,-8.5,57.4,216.7,99.0,22.0,146.6,14.0,0.5,0.6,0.5,-82.5,2.6,88.6,8.2,22.0,143.2,14.0,0.5,0.6,0.5,-1.18,1.8,5.0,1.96,21.0,2.58,14.0,0.5,0.6,0.4,-11.1,18.0,49.2,20.6,21.0,31.5,14.0,0.5,0.6,0.4,0.98,3.37,4.57,3.01,16.0,2.04,14.0,0.6,0.6,0.4,9.1,33.3,58.1,34.9,16.0,28.7,14.0,0.6,0.6,0.4,-24.5,89.2,175.0,83.4,22.0,101.0,14.0,0.5,0.6,0.5,-91.3,11.0,133.5,22.6,22.0,109.5,14.0,0.5,0.6,0.5,3.1,55.5,108.5,51.8,17.0,59.2,14.0,0.5,0.6,0.5,-57.5,0.0,77.4,9.3,17.0,66.6,14.0,0.5,0.6,0.5,-4.4,23.5,51.0,25.6,16.0,26.1,14.0,0.6,0.6,0.4,-37.4,-1.2,8.6,-11.9,16.0,24.3,14.0,0.6,0.6,0.4,240.5,1092.5,4212.5,2679.0,22.0,3892.0,14.0,0.5,0.6,0.5,240.0,1095.0,4215.0,2680.0,22.0,3890.0,14.0,0.5,0.6,0.5
1974,2,320.0,41.0,13.89,14.4,15.11,14.48,10.0,1.07,18.0,0.3,0.5,0.5,9.59,12.0,16.37,12.67,10.0,3.55,18.0,0.3,0.5,0.5,5.05,7.77,10.19,7.66,5.0,2.58,20.0,0.0,0.3,0.6,79.4,85.8,93.3,85.6,5.0,9.0,20.0,0.0,0.6,7.69,13.4,14.96,11.98,10.0,3.42,18.0,0.3,0.5,0.5,2.4,8.61,13.06,8.03,10.0,5.35,18.0,0.3,0.5,0.5,-3.52,5.48,11.36,4.67,10.0,6.83,18.0,0.3,0.5,0.5,1009.79,1017.2,1023.87,1016.64,10.0,6.66,18.0,0.3,0.5,0.5,6.0,7.0,8.0,6.4,10.0,2.4,18.0,0.3,0.5,0.5,33.2,97.1,181.6,105.6,10.0,81.1,18.0,0.3,0.5,0.5,-46.3,50.2,154.8,56.0,10.0,96.4,18.0,0.3,0.5,0.5,-1.09,2.5,3.56,1.81,10.0,2.95,18.0,0.3,0.5,0.5,-12.8,24.4,49.0,21.2,10.0,39.4,18.0,0.3,0.5,0.5,0.92,2.68,4.26,2.59,5.0,1.86,20.0,0.0,0.3,0.6,11.0,20.0,55.2,30.6,5.0,26.3,20.0,0.0,0.3,0.6,39.2,87.7,156.0,93.3,10.0,60.8,18.0,0.3,0.5,0.5,-29.4,64.2,189.6,77.9,10.0,98.9,18.0,0.3,0.5,0.5,37.1,58.8,84.7,60.1,5.0,41.6,20.0,0.0,0.3,0.6,-22.2,34.0,66.6,27.1,5.0,51.3,20.0,0.0,0.3,0.6,0.7,15.3,51.8,24.9,5.0,27.9,20.0,0.0,0.3,0.6,-18.9,0.7,14.2,-1.8,5.0,17.4,20.0,0.0,0.3,0.6,484.0,2416.0,3346.5,2070.5,10.0,1248.5,18.0,0.3,0.5,0.5,485.0,2415.0,3345.0,2070.0,10.0,1250.0,18.0,0.3,0.5,0.5
1974,2,320.0,42.0,12.38,15.0,15.73,14.27,9.0,1.89,12.0,0.7,0.6,0.4,8.8,10.5,12.41,10.78,11.0,2.23,14.0,0.7,0.6,0.5,4.41,5.85,6.7,6.04,10.0,1.86,14.0,0.7,0.6,0.5,60.8,75.2,82.4,73.5,10.0,11.9,14.0,0.7,0.5,6.29,15.4,18.78,14.06,11.0,6.01,14.0,0.7,0.6,0.5,2.37,12.9,18.03,11.17,11.0,8.03,14.0,0.7,0.6,0.5,-7.24,-2.67,4.43,-1.06,11.0,7.12,14.0,0.7,0.6,0.5,1002.53,1014.9,1022.45,1014.01,11.0,10.98,14.0,0.7,0.6,0.5,4.8,6.0,8.0,6.1,11.0,1.8,14.0,0.7,0.6,0.5,15.6,208.6,341.5,196.4,11.0,172.0,14.0,0.7,0.6,0.5,-107.3,-18.3,81.7,-11.7,11.0,103.7,14.0,0.7,0.6,0.5,1.63,3.4,4.42,2.98,9.0,2.49,12.0,0.7,0.6,0.4,24.2,32.2,59.8,32.5,9.0,28.5,12.0,0.7,0.6,0.4,2.77,3.91,4.87,3.75,8.0,2.34,12.0,0.6,0.6,0.4,35.4,49.5,72.0,48.4,8.0,30.4,12.0,0.6,0.6,0.4,32.2,113.6,199.5,114.0,11.0,83.6,14.0,0.7,0.6,0.5,-73.6,-34.8,46.2,-1.4,11.0,88.7,14.0,0.7,0.6,0.5,16.3,79.2,104.9,67.9,10.0,46.8,14.0,0.7,0.6,0.5,-42.6,-17.2,30.4,0.7,10.0,57.6,14.0,0.7,0.6,0.5,0.5,46.4,67.9,40.5,8.0,35.0,12.0,0.6,0.6,0.4,-29.5,-9.6,9.6,-8.7,8.0,20.4,12.0,0.6,0.6,0.4,270.5,3652.5,6756.5,4079.0,11.0,3569.0,14.0,0.7,0.6,0.5,270.0,3650.0,6755.0,4080.0,11.0,3570.0,14.0,0.7,0.6,0.5
1974,2,320.0,43.0,12.9,14.0,15.41,14.25,6.0,1.64,12.0,0.5,0.4,0.4,8.05,10.0,11.65,10.21,9.0,2.75,12.0,0.6,0.4,0.5,4.16,6.39,8.28,6.37,8.0,2.0,12.0,0.6,0.4,0.5,68.1,85.4,98.7,81.8,8.0,15.3,12.0,0.6,0.5,4.42,9.3,16.2,10.28,9.0,5.38,12.0,0.6,0.4,0.5,1.68,7.88,13.43,7.31,9.0,5.83,12.0,0.6,0.4,0.5,-4.7,-1.39,10.34,1.82,9.0,7.07,12.0,0.6,0.4,0.5,1011.69,1017.5,1028.98,1018.67,9.0,11.76,12.0,0.6,0.4,0.5,6.0,7.0,8.0,7.0,8.0,0.9,12.0,0.6,0.4,0.5,8.5,81.3,210.0,99.5,9.0,96.4,12.0,0.6,0.4,0.5,-67.2,-6.2,123.1,22.6,9.0,100.2,12.0,0.6,0.4,0.5,2.36,4.25,7.05,4.6,6.0,2.45,12.0,0.5,0.4,0.4,18.7,23.2,54.2,37.3,6.0,34.4,12.0,0.5,0.4,0.4,2.32,4.24,5.37,3.89,6.0,1.8,12.0,0.5,0.4,0.4,14.6,20.0,45.8,28.1,6.0,17.9,12.0,0.5,0.4,0.4,16.2,90.6,108.6,73.4,9.0,57.2,12.0,0.6,0.4,0.5,-35.8,-16.0,117.2,31.9,9.0,86.9,12.0,0.6,0.4,0.5,7.8,56.4,89.6,47.2,8.0,41.4,12.0,0.6,0.4,0.5,-22.5,2.3,89.0,23.5,8.0,58.4,12.0,0.6,0.4,0.5,3.4,9.4,29.4,15.4,6.0,21.4,12.0,0.5,0.4,0.4,-11.6,1.7,18.2,4.8,6.0,22.2,12.0,0.5,0.4,0.4,160.0,804.5,4265.5,1855.5,9.0,1888.5,12.0,0.6,0.4,0.5,160.0,805.0,4265.0,1855.0,9.0,1890.0,12.0,0.6,0.4,0.5
1974,2,320.0,44.0,11.0,13.05,14.25,12.88,12.0,1.55,18.0,0.5,0.5,0.6,7.3,8.35,10.63,9.03,12.0,2.52,18.0,0.5,0.5,0.6,4.42,5.71,6.94,5.69,9.0,1.36,18.0,0.4,0.5,0.6,63.1,75.0,91.0,77.6,9.0,14.2,18.0,0.4,0.6,7.7,12.3,18.41,12.46,11.0,5.63,18.0,0.5,0.5,0.6,4.64,9.21,14.27,9.89,11.0,5.91,18.0,0.5,0.5,0.6,-7.7,0.0,6.74,0.19,11.0,7.74,18.0,0.5,0.5,0.6,1002.71,1011.95,1024.69,1014.26,12.0,11.43,18.0,0.5,0.5,0.6,3.7,7.0,8.0,5.9,12.0,2.2,18.0,0.5,0.5,0.6,46.1,90.2,252.1,150.3,11.0,130.0,18.0,0.5,0.5,0.6,-118.6,0.0,78.0,1.4,11.0,124.2,18.0,0.5,0.5,0.6,1.97,3.7,6.53,3.85,12.0,3.09,18.0,0.5,0.5,0.6,13.0,50.8,67.2,41.0,11.0,50.8,18.0,0.5,0.5,0.6,1.65,2.33,5.42,3.28,9.0,1.95,18.0,0.4,0.5,0.6,12.5,33.0,92.8,46.7,8.0,39.4,18.0,0.5,0.4,0.6,49.5,78.3,135.8,91.1,11.0,63.1,18.0,0.5,0.5,0.6,-56.2,0.0,64.9,14.6,11.0,88.2,18.0,0.5,0.5,0.6,36.8,73.3,91.7,65.7,8.0,28.8,18.0,0.5,0.4,0.6,-45.1,-19.6,48.1,-0.2,8.0,59.7,18.0,0.5,0.4,0.6,8.7,22.8,78.3,38.3,8.0,39.0,18.0,0.5,0.4,0.6,-17.6,-4.5,7.3,-3.6,8.0,28.9,18.0,0.5,0.4,0.6,456.5,1861.0,6256.0,3003.0,11.0,3000.5,18.0,0.5,0.5,0.6,455.0,1860.0,6255.0,3005.0,11.0,3000.0,18.0,0.5,0.5,0.6
1974,2,320.0,45.0,10.4,13.0,13.53,12.37,6.0,1.73,20.0,0.7,0.5,0.4,4.58,6.55,11.31,7.81,8.0,3.63,20.0,0.8,0.5,0.4,3.67,4.38,6.86,5.23,7.0,2.34,20.0,0.7,0.5,0.4,62.1,71.0,87.3,74.4,7.0,13.9,20.0,0.7,0.4,5.5,18.0,20.48,14.45,8.0,7.8,20.0,0.8,0.5,0.4,-3.15,4.21,18.53,6.95,8.0,10.32,20.0,0.8,0.5,0.4,-4.12,2.51,17.95,4.66,8.0,10.62,20.0,0.8,0.5,0.4,1010.09,1015.2,1022.2,1014.03,8.0,10.14,20.0,0.8,0.5,0.4,6.0,8.0,8.0,6.5,8.0,2.8,20.0,0.8,0.5,0.4,-59.1,35.0,348.7,130.0,8.0,214.9,20.0,0.8,0.5,0.4,-34.3,12.8,353.2,101.5,8.0,203.1,20.0,0.8,0.5,0.4,0.5,6.25,7.78,4.88,6.0,4.24,20.0,0.7,0.5,0.4,-1.6,34.6,167.1,63.9,6.0,84.7,20.0,0.7,0.5,0.4,2.31,4.17,6.19,3.96,6.0,2.69,20.0,0.7,0.5,0.4,4.6,29.0,122.9,52.0,6.0,62.1,20.0,0.7,0.5,0.4,-37.5,30.4,108.5,34.6,8.0,67.8,20.0,0.8,0.5,0.4,-28.1,22.6,214.6,66.1,8.0,121.7,20.0,0.8,0.5,0.4,-24.5,3.9,48.2,14.4,7.0,40.8,20.0,0.7,0.5,0.4,-19.4,22.3,138.7,46.0,7.0,84.1,20.0,0.7,0.5,0.4,0.8,19.7,108.5,45.0,6.0,57.8,20.0,0.7,0.5,0.4,-29.1,-9.9,22.0,-6.3,6.0,35.8,20.0,0.7,0.5,0.4,191.0,5886.0,8594.5,5133.0,8.0,4538.5,20.0,0.8,0.5,0.4,190.0,5885.0,8595.0,5135.0,8.0,4540.0,20.0,0.8,0.5,0.4
1974,2,320.0,46.0,10.48,12.0,13.02,11.87,7.0,1.23,14.0,0.4,0.7,0.4,5.52,7.15,14.04,8.65,6.0,4.48,14.0,0.3,0.8,0.4,4.05,4.63,9.0,5.89,6.0,2.86,14.0,0.3,0.8,0.4,66.3,80.5,95.1,79.2,6.0,18.3,14.0,0.3,0.4,5.62,14.4,23.72,15.43,7.0,11.13,14.0,0.4,0.7,0.4,2.38,3.55,23.38,10.91,7.0,13.44,14.0,0.4,0.7,0.4,-3.22,0.0,14.24,3.61,7.0,8.18,14.0,0.4,0.7,0.4,988.13,1004.8,1020.46,1005.27,7.0,14.45,14.0,0.4,0.7,0.4,4.0,8.0,8.0,6.6,7.0,2.1,14.0,0.4,0.7,0.4,13.9,36.0,562.3,281.4,7.0,484.8,14.0,0.4,0.7,0.4,-32.6,0.0,205.8,48.4,7.0,123.7,14.0,0.4,0.7,0.4,-2.57,4.1,7.56,3.17,6.0,5.46,14.0,0.3,0.8,0.4,-37.9,18.8,99.1,40.3,6.0,104.3,14.0,0.3,0.8,0.4,-0.49,3.73,5.35,2.76,6.0,3.31,14.0,0.3,0.8,0.4,-7.5,17.9,71.2,29.3,6.0,53.1,14.0,0.3,0.8,0.4,17.8,29.2,57.8,34.8,6.0,26.4,14.0,0.3,0.8,0.4,-14.5,13.3,204.3,68.5,6.0,110.6,14.0,0.3,0.8,0.4,10.7,18.6,41.1,29.8,6.0,36.9,14.0,0.3,0.8,0.4,-11.0,7.2,130.2,44.5,6.0,76.0,14.0,0.3,0.8,0.4,0.0,12.1,68.0,32.6,6.0,45.6,14.0,0.3,0.8,0.4,-23.7,-14.5,3.3,-11.7,6.0,18.2,14.0,0.3,0.8,0.4,179.5,2986.0,13967.5,9525.5,7.0,16914.0,14.0,0.4,0.7,0.4,180.0,2985.0,13965.0,9525.0,7.0,16915.0,14.0,0.4,0.7,0.4
1974,2,320.0,47.0,10.9,12.0,14.66,12.41,11.0,2.21,20.0,0.7,0.5,0.5,5.12,7.1,12.25,8.1,12.0,3.6,18.0,0.7,0.5,0.6,3.83,5.09,8.48,5.66,10.0,2.27,18.0,0.8,0.5,0.5,60.9,84.5,90.8,76.9,11.0,14.9,20.0,0.7,0.6,8.89,12.3,12.9,11.3,12.0,2.47,18.0,0.7,0.5,0.6,0.0,8.74,12.03,6.87,12.0,5.49,18.0,0.7,0.5,0.6,-4.47,5.33,9.6,4.18,12.0,6.69,18.0,0.7,0.5,0.6,986.63,1001.8,1022.03,1003.85,11.0,18.14,18.0,0.7,0.5,0.5,6.0,7.0,8.0,6.8,12.0,1.4,18.0,0.7,0.5,0.6,0.0,95.4,147.2,81.1,12.0,71.0,18.0,0.7,0.5,0.6,-36.6,55.5,110.4,53.4,12.0,82.5,18.0,0.7,0.5,0.6,1.01,4.3,6.54,4.07,11.0,3.69,20.0,0.7,0.5,0.5,7.5,33.5,82.1,44.7,11.0,45.8,20.0,0.7,0.5,0.5,1.05,3.79,4.72,3.17,9.0,1.82,20.0,0.9,0.5,0.5,11.8,31.8,51.5,32.6,9.0,21.1,20.0,0.9,0.5,0.5,0.0,41.1,74.1,43.2,12.0,40.5,18.0,0.7,0.5,0.6,-20.0,31.2,126.9,51.1,12.0,72.5,18.0,0.7,0.5,0.6,0.0,26.8,54.9,27.7,10.0,29.2,18.0,0.8,0.5,0.5,-17.4,27.1,96.9,36.1,10.0,51.1,18.0,0.8,0.5,0.5,0.0,20.4,41.6,22.0,9.0,21.9,20.0,0.9,0.5,0.5,-12.1,7.2,33.2,10.9,9.0,22.0,20.0,0.9,0.5,0.5,716.0,1861.0,2146.5,1624.5,12.0,880.0,18.0,0.7,0.5,0.6,715.0,1860.0,2145.0,1625.0,12.0,880.0,18.0,0.7,0.5,0.6
1974,2,320.0,48.0,6.11,7.25,9.39,7.73,4.0,2.44,12.0,0.5,0.5,0.6,5.92,8.25,8.95,7.48,4.0,2.15,12.0,0.5,0.5,0.6,3.87,4.48,5.08,4.48,2.0,1.25,10.0,1.0,0.5,0.7,70.8,76.0,81.2,76.0,2.0,10.7,10.0,1.0,0.7,4.79,9.45,20.08,12.3,4.0,9.91,12.0,0.5,0.5,0.6,0.37,5.72,17.72,8.89,4.0,12.01,12.0,0.5,0.5,0.6,-2.26,2.17,7.64,2.66,4.0,6.39,12.0,0.5,0.5,0.6,999.86,1004.75,1013.68,1006.68,4.0,9.83,12.0,0.5,0.5,0.6,7.0,7.0,7.7,7.3,3.0,0.6,8.0,0.7,0.5,0.7,2.2,68.3,405.2,197.5,4.0,314.0,12.0,0.5,0.5,0.6,-10.4,10.8,87.8,37.4,4.0,75.6,12.0,0.5,0.5,0.6,-2.84,-1.05,3.46,0.25,4.0,4.53,12.0,0.5,0.5,0.6,-23.1,-9.2,90.0,31.5,4.0,94.5,12.0,0.5,0.5,0.6,1.6,2.87,4.13,2.87,2.0,2.62,10.0,1.0,0.5,0.7,23.2,63.0,102.8,63.0,2.0,82.5,10.0,1.0,0.5,0.7,4.3,51.3,97.5,50.9,4.0,56.3,12.0,0.5,0.5,0.6,-17.2,19.3,68.6,25.4,4.0,55.3,12.0,0.5,0.5,0.6,7.6,42.0,76.4,42.0,2.0,71.3,10.0,1.0,0.5,0.7,-19.5,-11.6,-3.7,-11.6,2.0,16.4,10.0,1.0,0.5,0.7,17.9,59.9,101.8,59.9,2.0,86.9,10.0,1.0,0.5,0.7,-3.7,-2.2,-0.7,-2.2,2.0,3.1,10.0,1.0,0.5,0.7,110.5,1405.5,10171.5,4970.5,4.0,8094.0,12.0,0.5,0.5,0.6,110.0,1405.0,10170.0,4970.0,4.0,8095.0,12.0,0.5,0.5,0.6
1974,2,320.0,49.0,9.21,11.0,12.05,10.65,4.0,1.73,18.0,0.3,0.6,0.5,3.43,6.1,9.61,6.5,4.0,3.69,18.0,0.3,0.6,0.5,3.49,4.18,6.26,4.84,4.0,2.01,18.0,0.3,0.6,0.5,67.2,73.2,87.1,77.0,4.0,13.6,18.0,0.3,0.5,10.73,15.4,22.27,16.45,4.0,7.26,18.0,0.3,0.6,0.5,-1.68,1.07,5.6,1.92,4.0,5.05,18.0,0.3,0.6,0.5,7.43,15.17,22.14,14.8,4.0,9.53,18.0,0.3,0.6,0.5,996.34,1008.8,1017.13,1006.83,4.0,15.51,18.0,0.3,0.6,0.5,6.5,7.5,8.0,7.3,4.0,1.0,18.0,0.3,0.6,0.5,-31.1,13.1,55.1,12.0,4.0,58.4,18.0,0.3,0.6,0.5,86.4,243.0,506.5,294.0,4.0,275.1,18.0,0.3,0.6,0.5,1.39,4.2,6.91,4.15,4.0,4.01,18.0,0.3,0.6,0.5,12.6,44.8,143.4,76.5,4.0,107.0,18.0,0.3,0.6,0.5,1.67,3.82,4.64,3.19,4.0,2.3,18.0,0.3,0.6,0.5,15.1,41.6,93.7,53.8,4.0,57.6,18.0,0.3,0.6,0.5,-18.2,8.9,26.3,4.3,4.0,29.5,18.0,0.3,0.6,0.5,43.2,88.8,151.0,96.7,4.0,76.4,18.0,0.3,0.6,0.5,-13.0,5.0,19.7,3.4,4.0,22.3,18.0,0.3,0.6,0.5,32.2,75.8,119.2,75.7,4.0,55.6,18.0,0.3,0.6,0.5,0.2,4.5,20.7,10.2,4.0,14.9,18.0,0.3,0.6,0.5,4.5,30.1,93.4,48.1,4.0,61.1,18.0,0.3,0.6,0.5,1307.5,4096.0,11907.5,6493.0,4.0,7387.0,18.0,0.3,0.6,0.5,1305.0,4095.0,11905.0,6495.0,4.0,7385.0,18.0,0.3,0.6,0.5
1974,2,320.0,50.0,6.67,8.0,8.0,7.42,5.0,0.86,12.0,0.8,0.6,0.4,2.03,2.5,4.13,3.02,5.0,1.51,12.0,0.8,0.6,0.4,2.9,3.54,4.18,3.54,3.0,0.94,10.0,1.0,0.7,0.5,61.6,77.7,92.9,77.3,3.0,22.9,10.0,1.0,0.5,11.83,13.4,15.58,13.6,5.0,2.06,12.0,0.8,0.6,0.4,3.53,10.34,14.03,8.26,5.0,8.64,12.0,0.8,0.6,0.4,-5.28,5.27,9.28,2.63,5.0,8.18,12.0,0.8,0.6,0.4,1002.12,1014.3,1015.0,1009.18,5.0,8.4,12.0,0.8,0.6,0.4,4.3,6.0,7.4,5.8,5.0,1.9,12.0,0.8,0.6,0.4,39.4,115.9,220.4,116.3,5.0,126.9,12.0,0.8,0.6,0.4,-61.8,81.1,137.0,44.9,5.0,109.4,12.0,0.8,0.6,0.4,3.23,3.6,5.97,4.4,5.0,1.64,12.0,0.8,0.6,0.4,38.6,55.4,86.0,61.7,5.0,29.5,12.0,0.8,0.6,0.4,2.2,2.33,3.19,2.69,3.0,0.79,10.0,1.0,0.7,0.5,31.0,35.9,41.5,36.3,3.0,7.7,10.0,1.0,0.7,0.5,6.4,32.0,43.4,25.4,5.0,26.7,12.0,0.8,0.6,0.4,-22.7,11.1,18.5,1.0,5.0,23.5,12.0,0.8,0.6,0.4,-12.7,24.5,42.7,15.2,3.0,41.4,10.0,1.0,0.7,0.5,-8.1,18.6,41.4,16.7,3.0,36.3,10.0,1.0,0.7,0.5,0.9,33.7,33.8,17.7,3.0,27.8,10.0,1.0,0.7,0.5,-15.5,12.3,20.9,2.9,3.0,27.8,10.0,1.0,0.7,0.5,1667.5,2406.0,3786.5,2654.0,5.0,1151.5,12.0,0.8,0.6,0.4,1665.0,2405.0,3785.0,2655.0,5.0,1150.0,12.0,0.8,0.6,0.4
1974,2,320.0,51.0,,,,,,,,,,,,,,,,,,,,,,,,,,,,,,,,,,,,,,,,9.3,9.3,9.3,9.3,1.0,0.0,14.0,0.0,0.3,0.3,8.05,8.05,8.05,8.05,1.0,0.0,14.0,0.0,0.3,0.3,-4.65,-4.65,-4.65,-4.65,1.0,0.0,14.0,0.0,0.3,0.3,1016.7,1016.7,1016.7,1016.7,1.0,0.0,14.0,0.0,0.3,0.3,,,,,,,,,,,,,,,,,,,,,,,,,,,,,,,,,,,,,,,,,,,,,,,,,,,,,,,,,,,,,,,,,,,,,,,,,,,,,,,,,,,,,,,,,,,,,,,,,,,,,,,,,,,,,,,,,,,,,,,,,,,,,,,,,,,,,,,,,,,,,,,,,,,,,,
1974,2,320.0,52.0,5.61,6.5,7.39,6.5,2.0,1.84,10.0,0.5,0.7,0.4,2.5,2.7,7.68,5.03,3.0,4.3,12.0,0.3,0.6,0.6,3.83,3.83,3.83,3.83,1.0,0.0,14.0,0.0,0.4,0.8,84.2,84.2,84.2,84.2,1.0,0.0,14.0,0.0,0.8,4.65,8.2,11.0,7.83,3.0,4.66,12.0,0.3,0.6,0.6,-4.66,2.95,3.81,-0.35,3.0,6.83,12.0,0.3,0.6,0.6,-7.89,0.0,0.36,-3.68,3.0,6.83,12.0,0.3,0.6,0.6,990.42,999.5,1002.16,996.37,3.0,9.02,12.0,0.3,0.6,0.6,4.6,8.0,8.0,6.3,3.0,2.9,12.0,0.3,0.6,0.6,-43.1,8.9,38.1,-2.2,3.0,60.3,12.0,0.3,0.6,0.6,-97.0,0.0,1.1,-46.9,3.0,82.5,12.0,0.3,0.6,0.6,,,,,,,,,,,,,,,,,,,,,,,,,,,,,,,,,,,,,,,,,-53.4,8.0,9.4,-21.3,3.0,52.6,12.0,0.3,0.6,0.6,-18.9,0.0,1.0,-8.8,3.0,16.4,12.0,0.3,0.6,0.6,16.1,16.1,16.1,16.1,1.0,0.0,14.0,0.0,0.4,0.8,-44.3,-44.3,-44.3,-44.3,1.0,0.0,14.0,0.0,0.4,0.8,,,,,,,,,,,,,,,,,,,,,,,,,,,,,,,,,,,,,,,,
1974,2,320.0,53.0,4.0,4.0,4.0,4.0,1.0,0.0,4.0,0.0,0.3,0.6,-1.0,-1.0,-1.0,-1.0,1.0,0.0,4.0,0.0,0.3,0.6,2.41,2.41,2.41,2.41,1.0,0.0,4.0,0.0,0.3,0.6,66.8,66.8,66.8,66.8,1.0,0.0,4.0,0.0,0.6,14.4,14.4,14.4,14.4,1.0,0.0,4.0,0.0,0.3,0.6,13.53,13.53,13.53,13.53,1.0,0.0,4.0,0.0,0.3,0.6,4.93,4.93,4.93,4.93,1.0,0.0,4.0,0.0,0.3,0.6,983.4,983.4,983.4,983.4,1.0,0.0,4.0,0.0,0.3,0.6,8.0,8.0,8.0,8.0,1.0,0.0,4.0,0.0,0.3,0.6,194.9,194.9,194.9,194.9,1.0,0.0,4.0,0.0,0.3,0.6,70.9,70.9,70.9,70.9,1.0,0.0,4.0,0.0,0.3,0.6,5.0,5.0,5.0,5.0,1.0,0.0,4.0,0.0,0.3,0.6,72.0,72.0,72.0,72.0,1.0,0.0,4.0,0.0,0.3,0.6,2.77,2.77,2.77,2.77,1.0,0.0,4.0,0.0,0.3,0.6,39.9,39.9,39.9,39.9,1.0,0.0,4.0,0.0,0.3,0.6,-13.5,-13.5,-13.5,-13.5,1.0,0.0,4.0,0.0,0.3,0.6,-4.9,-4.9,-4.9,-4.9,1.0,0.0,4.0,0.0,0.3,0.6,32.7,32.7,32.7,32.7,1.0,0.0,4.0,0.0,0.3,0.6,11.9,11.9,11.9,11.9,1.0,0.0,4.0,0.0,0.3,0.6,37.5,37.5,37.5,37.5,1.0,0.0,4.0,0.0,0.3,0.6,13.6,13.6,13.6,13.6,1.0,0.0,4.0,0.0,0.3,0.6,2986.0,2986.0,2986.0,2986.0,1.0,0.0,4.0,0.0,0.3,0.6,2985.0,2985.0,2985.0,2985.0,1.0,0.0,4.0,0.0,0.3,0.6
1974,2,320.0,54.0,5.19,5.6,5.87,5.53,3.0,0.5,20.0,0.7,0.8,0.4,0.55,2.1,4.25,2.2,6.0,2.25,18.0,0.7,0.7,0.4,4.81,4.81,4.81,4.81,1.0,0.0,8.0,1.0,1.0,0.0,85.7,85.7,85.7,85.7,1.0,0.0,8.0,1.0,0.0,5.94,9.75,13.61,9.5,6.0,4.53,18.0,0.7,0.7,0.4,-3.73,2.18,9.07,2.69,6.0,7.58,18.0,0.7,0.7,0.4,-9.87,-5.76,-3.78,-6.28,6.0,3.9,18.0,0.7,0.7,0.4,986.35,998.95,1011.52,998.83,6.0,14.14,18.0,0.7,0.7,0.4,6.6,7.5,8.0,7.2,6.0,1.2,18.0,0.7,0.7,0.4,-25.6,16.0,117.4,37.6,6.0,98.7,18.0,0.7,0.7,0.4,-124.1,-57.6,-26.8,-70.2,6.0,56.8,18.0,0.7,0.7,0.4,1.54,4.0,5.5,3.53,3.0,2.93,20.0,0.7,0.8,0.4,7.5,12.0,34.3,20.7,3.0,21.0,20.0,0.7,0.8,0.4,0.96,0.96,0.96,0.96,1.0,0.0,8.0,1.0,1.0,0.0,12.9,12.9,12.9,12.9,1.0,0.0,8.0,1.0,1.0,0.0,-12.4,-3.5,25.0,3.8,6.0,29.8,18.0,0.7,0.7,0.4,-28.9,-13.1,0.3,-17.1,6.0,23.5,18.0,0.7,0.7,0.4,-32.2,-32.2,-32.2,-32.2,1.0,0.0,8.0,1.0,1.0,0.0,-55.8,-55.8,-55.8,-55.8,1.0,0.0,8.0,1.0,1.0,0.0,-6.5,-6.5,-6.5,-6.5,1.0,0.0,8.0,1.0,1.0,0.0,-11.2,-11.2,-11.2,-11.2,1.0,0.0,8.0,1.0,1.0,0.0,244.0,1117.0,2526.0,1325.5,6.0,1253.5,18.0,0.7,0.7,0.4,245.0,1115.0,2525.0,1325.0,6.0,1255.0,18.0,0.7,0.7,0.4
1974,2,320.0,55.0,4.06,4.2,4.34,4.2,2.0,0.28,16.0,0.5,0.7,0.1,-2.64,-1.0,1.73,-0.47,3.0,3.23,14.0,0.3,0.6,0.2,2.78,2.78,2.78,2.78,1.0,0.0,4.0,1.0,0.9,0.1,92.1,92.1,92.1,92.1,1.0,0.0,4.0,1.0,0.1,10.8,10.8,16.4,13.53,3.0,4.73,14.0,0.3,0.6,0.2,-7.16,3.69,8.54,0.76,3.0,11.78,14.0,0.3,0.6,0.2,-9.94,0.0,6.93,-1.47,3.0,12.42,14.0,0.3,0.6,0.2,988.51,989.4,1001.35,994.8,3.0,10.5,14.0,0.3,0.6,0.2,4.6,6.0,7.4,6.0,2.0,2.8,6.0,0.5,0.8,0.3,-145.7,39.9,92.3,-25.2,3.0,183.2,14.0,0.3,0.6,0.2,-188.8,0.0,74.8,-55.6,3.0,199.0,14.0,0.3,0.6,0.2,5.44,6.4,7.36,6.4,2.0,1.98,16.0,0.5,0.7,0.1,58.8,69.1,79.4,69.1,2.0,21.4,16.0,0.5,0.7,0.1,2.53,2.53,2.53,2.53,1.0,0.0,4.0,1.0,0.9,0.1,27.3,27.3,27.3,27.3,1.0,0.0,4.0,1.0,0.9,0.1,-29.0,-12.6,-11.4,-20.0,3.0,14.4,14.0,0.3,0.6,0.2,-40.8,-34.5,-11.0,-26.1,3.0,23.0,14.0,0.3,0.6,0.2,10.3,10.3,10.3,10.3,1.0,0.0,4.0,1.0,0.9,0.1,28.2,28.2,28.2,28.2,1.0,0.0,4.0,1.0,0.9,0.1,9.3,9.3,9.3,9.3,1.0,0.0,4.0,1.0,0.9,0.1,25.7,25.7,25.7,25.7,1.0,0.0,4.0,1.0,0.9,0.1,1259.5,1259.5,5082.0,3126.0,3.0,3233.0,14.0,0.3,0.6,0.2,1260.0,1260.0,5080.0,3125.0,3.0,3235.0,14.0,0.3,0.6,0.2
1974,2,320.0,56.0,,,,,,,,,,,,,,,,,,,,,,,,,,,,,,,,,,,,,,,,6.16,11.0,17.21,11.53,6.0,5.72,12.0,0.3,0.5,0.4,-8.15,5.51,16.95,4.27,6.0,12.35,12.0,0.3,0.5,0.4,-2.29,0.89,4.03,1.22,6.0,4.02,12.0,0.3,0.5,0.4,997.02,1001.0,1005.18,1000.78,6.0,6.96,12.0,0.3,0.5,0.4,,,,,,,,,,,,,,,,,,,,,,,,,,,,,,,,,,,,,,,,,,,,,,,,,,,,,,,,,,,,,,,,,,,,,,,,,,,,,,,,,,,,,,,,,,,,,,,,,,,,,,,,,,,,,,,,,,,,,,,,,,,,,,,,,,,,,,,,,,,,,,,,,,,,,,
1974,2,320.0,57.0,4.06,5.05,6.04,5.05,2.0,2.05,16.0,1.0,0.3,0.4,2.15,2.9,3.65,2.9,2.0,1.56,16.0,1.0,0.3,0.4,4.14,4.14,4.14,4.14,1.0,0.0,18.0,1.0,0.4,0.9,80.8,80.8,80.8,80.8,1.0,0.0,18.0,1.0,0.9,14.35,19.4,24.45,19.4,2.0,10.47,16.0,1.0,0.3,0.4,-2.24,9.54,21.32,9.54,2.0,24.4,16.0,1.0,0.3,0.4,1.46,4.6,7.73,4.6,2.0,6.5,16.0,1.0,0.3,0.4,995.45,996.85,998.25,996.85,2.0,2.9,16.0,1.0,0.3,0.4,6.3,7.0,7.7,7.0,2.0,1.4,16.0,1.0,0.3,0.4,36.1,312.8,589.6,312.8,2.0,573.3,16.0,1.0,0.3,0.4,17.5,55.2,92.8,55.2,2.0,78.0,16.0,1.0,0.3,0.4,1.91,2.15,2.39,2.15,2.0,0.49,16.0,1.0,0.3,0.4,28.8,44.3,59.8,44.3,2.0,32.1,16.0,1.0,0.3,0.4,1.96,1.96,1.96,1.96,1.0,0.0,18.0,1.0,0.4,0.9,52.6,52.6,52.6,52.6,1.0,0.0,18.0,1.0,0.4,0.9,5.3,46.7,88.0,46.7,2.0,85.6,16.0,1.0,0.3,0.4,2.6,8.3,13.9,8.3,2.0,11.7,16.0,1.0,0.3,0.4,110.9,110.9,110.9,110.9,1.0,0.0,18.0,1.0,0.4,0.9,0.0,0.0,0.0,0.0,1.0,0.0,18.0,1.0,0.4,0.9,52.6,52.6,52.6,52.6,1.0,0.0,18.0,1.0,0.4,0.9,0.0,0.0,0.0,0.0,1.0,0.0,18.0,1.0,0.4,0.9,4508.5,10488.5,16468.5,10488.5,2.0,12389.0,16.0,1.0,0.3,0.4,4510.0,10490.0,16470.0,10490.0,2.0,12390.0,16.0,1.0,0.3,0.4
1974,2,320.0,59.0,2.0,2.0,2.0,2.0,1.0,0.0,22.0,0.0,0.7,0.4,5.2,5.2,5.2,5.2,1.0,0.0,22.0,0.0,0.7,0.4,2.83,2.83,2.83,2.83,1.0,0.0,22.0,0.0,0.7,0.4,51.4,51.4,51.4,51.4,1.0,0.0,22.0,0.0,0.4,19.0,19.0,19.0,19.0,1.0,0.0,22.0,0.0,0.7,0.4,17.85,17.85,17.85,17.85,1.0,0.0,22.0,0.0,0.7,0.4,-6.5,-6.5,-6.5,-6.5,1.0,0.0,22.0,0.0,0.7,0.4,1007.3,1007.3,1007.3,1007.3,1.0,0.0,22.0,0.0,0.7,0.4,1.0,1.0,1.0,1.0,1.0,0.0,22.0,0.0,0.7,0.4,339.2,339.2,339.2,339.2,1.0,0.0,22.0,0.0,0.7,0.4,-123.5,-123.5,-123.5,-123.5,1.0,0.0,22.0,0.0,0.7,0.4,-3.2,-3.2,-3.2,-3.2,1.0,0.0,22.0,0.0,0.7,0.4,-60.8,-60.8,-60.8,-60.8,1.0,0.0,22.0,0.0,0.7,0.4,1.56,1.56,1.56,1.56,1.0,0.0,22.0,0.0,0.7,0.4,29.7,29.7,29.7,29.7,1.0,0.0,22.0,0.0,0.7,0.4,92.8,92.8,92.8,92.8,1.0,0.0,22.0,0.0,0.7,0.4,-33.8,-33.8,-33.8,-33.8,1.0,0.0,22.0,0.0,0.7,0.4,50.5,50.5,50.5,50.5,1.0,0.0,22.0,0.0,0.7,0.4,-18.4,-18.4,-18.4,-18.4,1.0,0.0,22.0,0.0,0.7,0.4,27.9,27.9,27.9,27.9,1.0,0.0,22.0,0.0,0.7,0.4,-10.2,-10.2,-10.2,-10.2,1.0,0.0,22.0,0.0,0.7,0.4,6859.0,6859.0,6859.0,6859.0,1.0,0.0,22.0,0.0,0.7,0.4,6860.0,6860.0,6860.0,6860.0,1.0,0.0,22.0,0.0,0.7,0.4
1974,2,321.0,-69.0,,,,,,,,,,,,,,,,,,,,,,,,,,,,,,,,,,,,,,,,5.1,5.1,5.1,5.1,1.0,0.0,14.0,1.0,0.5,0.5,3.91,3.91,3.91,3.91,1.0,0.0,14.0,1.0,0.5,0.5,3.28,3.28,3.28,3.28,1.0,0.0,14.0,1.0,0.5,0.5,987.8,987.8,987.8,987.8,1.0,0.0,14.0,1.0,0.5,0.5,,,,,,,,,,,,,,,,,,,,,,,,,,,,,,,,,,,,,,,,,,,,,,,,,,,,,,,,,,,,,,,,,,,,,,,,,,,,,,,,,,,,,,,,,,,,,,,,,,,,,,,,,,,,,,,,,,,,,,,,,,,,,,,,,,,,,,,,,,,,,,,,,,,,,,
1974,2,321.0,-60.0,1.5,1.5,1.5,1.5,1.0,0.0,20.0,1.0,0.5,0.8,2.39,3.45,4.51,3.45,2.0,2.19,24.0,1.0,0.3,0.5,4.5,4.68,4.86,4.68,2.0,0.37,24.0,1.0,0.3,0.5,92.7,95.6,98.6,95.6,2.0,6.2,24.0,1.0,0.5,7.44,10.1,12.76,10.1,2.0,5.52,24.0,1.0,0.3,0.5,0.92,2.91,4.9,2.91,2.0,4.12,24.0,1.0,0.3,0.5,0.44,5.94,11.44,5.94,2.0,11.4,24.0,1.0,0.3,0.5,995.4,1001.2,1007.0,1001.2,2.0,12.02,24.0,1.0,0.3,0.5,8.0,8.0,8.0,8.0,1.0,0.0,20.0,1.0,0.5,0.8,5.7,18.1,30.4,18.1,2.0,25.5,24.0,1.0,0.3,0.5,20.0,91.4,162.8,91.4,2.0,147.9,24.0,1.0,0.3,0.5,-0.4,-0.4,-0.4,-0.4,1.0,0.0,20.0,1.0,0.5,0.8,-2.5,-2.5,-2.5,-2.5,1.0,0.0,20.0,1.0,0.5,0.8,-0.13,-0.13,-0.13,-0.13,1.0,0.0,20.0,1.0,0.5,0.8,-0.8,-0.8,-0.8,-0.8,1.0,0.0,20.0,1.0,0.5,0.8,1.8,5.5,9.3,5.5,2.0,7.8,24.0,1.0,0.3,0.5,7.7,33.0,58.3,33.0,2.0,52.3,24.0,1.0,0.3,0.5,4.1,12.9,21.7,12.9,2.0,18.2,24.0,1.0,0.3,0.5,3.1,29.9,56.7,29.9,2.0,55.6,24.0,1.0,0.3,0.5,-0.7,-0.7,-0.7,-0.7,1.0,0.0,20.0,1.0,0.5,0.8,0.3,0.3,0.3,0.3,1.0,0.0,20.0,1.0,0.5,0.8,636.0,1491.0,2346.5,1491.0,2.0,1772.0,24.0,1.0,0.3,0.5,635.0,1490.0,2345.0,1490.0,2.0,1770.0,24.0,1.0,0.3,0.5
1974,2,321.0,-59.0,2.5,2.5,2.5,2.5,1.0,0.0,2.0,1.0,1.0,0.3,2.5,2.5,2.5,2.5,1.0,0.0,2.0,1.0,1.0,0.3,3.73,3.73,3.73,3.73,1.0,0.0,2.0,1.0,1.0,0.3,80.6,80.6,80.6,80.6,1.0,0.0,2.0,1.0,0.3,12.9,12.9,12.9,12.9,1.0,0.0,2.0,1.0,1.0,0.3,11.17,11.17,11.17,11.17,1.0,0.0,2.0,1.0,1.0,0.3,6.45,6.45,6.45,6.45,1.0,0.0,2.0,1.0,1.0,0.3,988.9,988.9,988.9,988.9,1.0,0.0,2.0,1.0,1.0,0.3,8.0,8.0,8.0,8.0,1.0,0.0,2.0,1.0,1.0,0.3,144.1,144.1,144.1,144.1,1.0,0.0,2.0,1.0,1.0,0.3,83.2,83.2,83.2,83.2,1.0,0.0,2.0,1.0,1.0,0.3,0.0,0.0,0.0,0.0,1.0,0.0,2.0,1.0,1.0,0.3,0.0,0.0,0.0,0.0,1.0,0.0,2.0,1.0,1.0,0.3,0.9,0.9,0.9,0.9,1.0,0.0,2.0,1.0,1.0,0.3,11.6,11.6,11.6,11.6,1.0,0.0,2.0,1.0,1.0,0.3,27.9,27.9,27.9,27.9,1.0,0.0,2.0,1.0,1.0,0.3,16.1,16.1,16.1,16.1,1.0,0.0,2.0,1.0,1.0,0.3,41.7,41.7,41.7,41.7,1.0,0.0,2.0,1.0,1.0,0.3,24.1,24.1,24.1,24.1,1.0,0.0,2.0,1.0,1.0,0.3,10.1,10.1,10.1,10.1,1.0,0.0,2.0,1.0,1.0,0.3,5.8,5.8,5.8,5.8,1.0,0.0,2.0,1.0,1.0,0.3,2146.5,2146.5,2146.5,2146.5,1.0,0.0,2.0,1.0,1.0,0.3,2145.0,2145.0,2145.0,2145.0,1.0,0.0,2.0,1.0,1.0,0.3
1974,2,321.0,-57.0,3.4,3.4,3.4,3.4,1.0,0.0,18.0,0.0,0.1,0.2,2.6,2.6,2.6,2.6,1.0,0.0,18.0,0.0,0.1,0.2,4.18,4.18,4.18,4.18,1.0,0.0,18.0,0.0,0.1,0.2,91.1,91.1,91.1,91.1,1.0,0.0,18.0,0.0,0.2,6.0,7.95,9.9,7.95,2.0,4.03,16.0,0.5,0.3,0.2,4.97,7.27,9.57,7.27,2.0,4.76,16.0,0.5,0.3,0.2,2.1,2.58,3.06,2.58,2.0,0.99,16.0,0.5,0.3,0.2,990.77,997.15,1003.53,997.15,2.0,13.22,16.0,0.5,0.3,0.2,8.0,8.0,8.0,8.0,2.0,0.0,16.0,0.5,0.3,0.2,35.0,67.4,99.8,67.4,2.0,67.1,16.0,0.5,0.3,0.2,17.3,18.5,19.7,18.5,2.0,2.5,16.0,0.5,0.3,0.2,0.8,0.8,0.8,0.8,1.0,0.0,18.0,0.0,0.1,0.2,8.6,8.6,8.6,8.6,1.0,0.0,18.0,0.0,0.1,0.2,0.68,0.68,0.68,0.68,1.0,0.0,18.0,0.0,0.1,0.2,7.3,7.3,7.3,7.3,1.0,0.0,18.0,0.0,0.1,0.2,27.7,27.7,27.7,27.7,1.0,0.0,18.0,0.0,0.1,0.2,4.9,4.9,4.9,4.9,1.0,0.0,18.0,0.0,0.1,0.2,44.4,44.4,44.4,44.4,1.0,0.0,18.0,0.0,0.1,0.2,7.8,7.8,7.8,7.8,1.0,0.0,18.0,0.0,0.1,0.2,7.2,7.2,7.2,7.2,1.0,0.0,18.0,0.0,0.1,0.2,1.3,1.3,1.3,1.3,1.0,0.0,18.0,0.0,0.1,0.2,311.5,696.0,1081.0,696.0,2.0,797.0,16.0,0.5,0.3,0.2,310.0,695.0,1080.0,695.0,2.0,795.0,16.0,0.5,0.3,0.2
1974,2,321.0,-55.0,3.6,3.6,3.6,3.6,1.0,0.0,22.0,1.0,1.0,0.8,4.5,4.5,4.5,4.5,1.0,0.0,22.0,1.0,1.0,0.8,3.95,3.95,3.95,3.95,1.0,0.0,22.0,1.0,1.0,0.8,75.8,75.8,75.8,75.8,1.0,0.0,22.0,1.0,0.8,7.7,7.7,7.7,7.7,1.0,0.0,22.0,1.0,1.0,0.8,5.9,5.9,5.9,5.9,1.0,0.0,22.0,1.0,1.0,0.8,-4.95,-4.95,-4.95,-4.95,1.0,0.0,22.0,1.0,1.0,0.8,1013.1,1013.1,1013.1,1013.1,1.0,0.0,22.0,1.0,1.0,0.8,7.0,7.0,7.0,7.0,1.0,0.0,22.0,1.0,1.0,0.8,45.4,45.4,45.4,45.4,1.0,0.0,22.0,1.0,1.0,0.8,-38.1,-38.1,-38.1,-38.1,1.0,0.0,22.0,1.0,1.0,0.8,-0.9,-0.9,-0.9,-0.9,1.0,0.0,22.0,1.0,1.0,0.8,-6.9,-6.9,-6.9,-6.9,1.0,0.0,22.0,1.0,1.0,0.8,0.94,0.94,0.94,0.94,1.0,0.0,22.0,1.0,1.0,0.8,7.3,7.3,7.3,7.3,1.0,0.0,22.0,1.0,1.0,0.8,26.5,26.5,26.5,26.5,1.0,0.0,22.0,1.0,1.0,0.8,-22.3,-22.3,-22.3,-22.3,1.0,0.0,22.0,1.0,1.0,0.8,23.3,23.3,23.3,23.3,1.0,0.0,22.0,1.0,1.0,0.8,-19.5,-19.5,-19.5,-19.5,1.0,0.0,22.0,1.0,1.0,0.8,5.6,5.6,5.6,5.6,1.0,0.0,22.0,1.0,1.0,0.8,-4.7,-4.7,-4.7,-4.7,1.0,0.0,22.0,1.0,1.0,0.8,456.5,456.5,456.5,456.5,1.0,0.0,22.0,1.0,1.0,0.8,455.0,455.0,455.0,455.0,1.0,0.0,22.0,1.0,1.0,0.8
1974,2,321.0,-54.0,3.75,4.3,4.85,4.3,2.0,1.13,22.0,0.0,0.4,0.3,4.92,4.95,4.98,4.95,2.0,0.07,22.0,0.0,0.4,0.3,4.87,5.12,5.37,5.12,2.0,0.51,22.0,0.0,0.4,0.3,90.5,94.4,98.2,94.4,2.0,8.0,22.0,0.0,0.3,10.79,11.85,12.91,11.85,2.0,2.19,22.0,0.0,0.4,0.3,-5.64,0.77,7.17,0.77,2.0,13.26,22.0,0.0,0.4,0.3,0.12,4.24,8.35,4.24,2.0,8.52,22.0,0.0,0.4,0.3,999.11,1004.5,1009.89,1004.5,2.0,11.17,22.0,0.0,0.4,0.3,8.0,8.0,8.0,8.0,1.0,0.0,24.0,0.0,0.4,0.5,-80.5,-5.5,69.6,-5.5,2.0,155.5,22.0,0.0,0.4,0.3,6.3,59.6,112.8,59.6,2.0,110.3,22.0,0.0,0.4,0.3,-1.16,-0.65,-0.14,-0.65,2.0,1.06,22.0,0.0,0.4,0.3,-15.6,-8.9,-2.1,-8.9,2.0,14.0,22.0,0.0,0.4,0.3,0.05,0.07,0.09,0.07,2.0,0.05,22.0,0.0,0.4,0.3,0.6,0.9,1.2,0.9,2.0,0.7,22.0,0.0,0.4,0.3,-27.5,4.3,36.0,4.3,2.0,65.7,22.0,0.0,0.4,0.3,0.5,20.7,40.9,20.7,2.0,41.9,22.0,0.0,0.4,0.3,-25.6,7.3,40.3,7.3,2.0,68.3,22.0,0.0,0.4,0.3,-0.5,19.5,39.5,19.5,2.0,41.5,22.0,0.0,0.4,0.3,-0.7,-0.2,0.2,-0.2,2.0,0.9,22.0,0.0,0.4,0.3,0.1,0.5,0.9,0.5,2.0,0.8,22.0,0.0,0.4,0.3,1301.0,1749.5,2197.5,1749.5,2.0,928.5,22.0,0.0,0.4,0.3,1300.0,1750.0,2200.0,1750.0,2.0,930.0,22.0,0.0,0.4,0.3
1974,2,321.0,-39.0,17.5,17.5,17.5,17.5,1.0,0.0,16.0,1.0,0.2,0.3,13.8,13.8,13.8,13.8,1.0,0.0,16.0,1.0,0.2,0.3,6.99,6.99,6.99,6.99,1.0,0.0,16.0,1.0,0.2,0.3,71.3,71.3,71.3,71.3,1.0,0.0,16.0,1.0,0.3,,,,,,,,,,,,,,,,,,,,,,,,,,,,,,,,,,,,,,,,,,,,,,,,,,,,,,,,,,,,,,,,,,,,,,,,,,,,,,,,,,,,,,,,,,,,,,,,,,,,,,,,,,,,,,,,,,,,,,,,,,,,,,,,,,,,,,,,,,,,,,,,,,,,,,,,,,,,,,,,,,,,,,,,,,,,,,,,,,,,,,,,,,,,,,
1974,2,321.0,-36.0,22.08,22.25,22.42,22.25,2.0,0.35,12.0,0.0,0.4,0.5,22.0,22.0,22.0,22.0,1.0,0.0,6.0,0.0,0.3,0.7,15.32,15.32,15.32,15.32,1.0,0.0,6.0,0.0,0.3,0.7,93.5,93.5,93.5,93.5,1.0,0.0,6.0,0.0,0.7,6.2,8.55,10.9,8.55,2.0,4.88,12.0,0.0,0.4,0.5,1.22,3.86,6.49,3.86,2.0,5.45,12.0,0.0,0.4,0.5,-2.83,2.05,6.92,2.05,2.0,10.11,12.0,0.0,0.4,0.5,1015.1,1015.95,1016.8,1015.95,2.0,1.77,12.0,0.0,0.4,0.5,0.6,2.0,3.4,2.0,2.0,2.8,12.0,0.0,0.4,0.5,14.7,46.3,77.9,46.3,2.0,65.5,12.0,0.0,0.4,0.5,-4.4,42.2,88.7,42.2,2.0,96.4,12.0,0.0,0.4,0.5,0.5,0.5,0.5,0.5,1.0,0.0,6.0,0.0,0.3,0.7,2.6,2.6,2.6,2.6,1.0,0.0,6.0,0.0,0.3,0.7,1.59,1.59,1.59,1.59,1.0,0.0,6.0,0.0,0.3,0.7,8.1,8.1,8.1,8.1,1.0,0.0,6.0,0.0,0.3,0.7,0.0,0.0,0.0,0.0,1.0,0.0,6.0,0.0,0.3,0.7,-112.2,-112.2,-112.2,-112.2,1.0,0.0,6.0,0.0,0.3,0.7,0.0,0.0,0.0,0.0,1.0,0.0,6.0,0.0,0.3,0.7,-78.1,-78.1,-78.1,-78.1,1.0,0.0,6.0,0.0,0.3,0.7,0.0,0.0,0.0,0.0,1.0,0.0,6.0,0.0,0.3,0.7,-8.1,-8.1,-8.1,-8.1,1.0,0.0,6.0,0.0,0.3,0.7,386.0,930.5,1475.0,930.5,2.0,1128.0,12.0,0.0,0.4,0.5,385.0,930.0,1475.0,930.0,2.0,1130.0,12.0,0.0,0.4,0.5
1974,2,321.0,-34.0,22.3,22.3,22.3,22.3,1.0,0.0,4.0,1.0,0.9,0.1,22.2,22.2,22.2,22.2,1.0,0.0,4.0,1.0,0.9,0.1,15.73,15.73,15.73,15.73,1.0,0.0,4.0,1.0,0.9,0.1,94.6,94.6,94.6,94.6,1.0,0.0,4.0,1.0,0.1,5.1,5.1,5.1,5.1,1.0,0.0,4.0,1.0,0.9,0.1,0.0,0.0,0.0,0.0,1.0,0.0,4.0,1.0,0.9,0.1,-5.1,-5.1,-5.1,-5.1,1.0,0.0,4.0,1.0,0.9,0.1,1015.7,1015.7,1015.7,1015.7,1.0,0.0,4.0,1.0,0.9,0.1,7.0,7.0,7.0,7.0,1.0,0.0,4.0,1.0,0.9,0.1,0.0,0.0,0.0,0.0,1.0,0.0,4.0,1.0,0.9,0.1,-26.0,-26.0,-26.0,-26.0,1.0,0.0,4.0,1.0,0.9,0.1,0.1,0.1,0.1,0.1,1.0,0.0,4.0,1.0,0.9,0.1,0.5,0.5,0.5,0.5,1.0,0.0,4.0,1.0,0.9,0.1,1.0,1.0,1.0,1.0,1.0,0.0,4.0,1.0,0.9,0.1,5.1,5.1,5.1,5.1,1.0,0.0,4.0,1.0,0.9,0.1,0.0,0.0,0.0,0.0,1.0,0.0,4.0,1.0,0.9,0.1,-113.2,-113.2,-113.2,-113.2,1.0,0.0,4.0,1.0,0.9,0.1,0.0,0.0,0.0,0.0,1.0,0.0,4.0,1.0,0.9,0.1,-80.2,-80.2,-80.2,-80.2,1.0,0.0,4.0,1.0,0.9,0.1,0.0,0.0,0.0,0.0,1.0,0.0,4.0,1.0,0.9,0.1,-5.1,-5.1,-5.1,-5.1,1.0,0.0,4.0,1.0,0.9,0.1,132.5,132.5,132.5,132.5,1.0,0.0,4.0,1.0,0.9,0.1,135.0,135.0,135.0,135.0,1.0,0.0,4.0,1.0,0.9,0.1
1974,2,321.0,-27.0,,,,,,,,,,,,,,,,,,,,,,,,,,,,,,,,,,,,,,,,2.0,2.0,2.0,2.0,1.0,0.0,24.0,0.0,0.5,0.4,-1.0,-1.0,-1.0,-1.0,1.0,0.0,24.0,0.0,0.5,0.4,1.73,1.73,1.73,1.73,1.0,0.0,24.0,0.0,0.5,0.4,1014.6,1014.6,1014.6,1014.6,1.0,0.0,24.0,0.0,0.5,0.4,,,,,,,,,,,,,,,,,,,,,,,,,,,,,,,,,,,,,,,,,,,,,,,,,,,,,,,,,,,,,,,,,,,,,,,,,,,,,,,,,,,,,,,,,,,,,,,,,,,,,,,,,,,,,,,,,,,,,,,,,,,,,,,,,,,,,,,,,,,,,,,,,,,,,,
1974,2,321.0,-26.0,26.39,27.35,28.0,27.2,4.0,0.96,8.0,0.3,0.7,0.5,25.4,25.95,27.19,26.28,4.0,1.18,8.0,0.3,0.7,0.5,17.95,18.36,18.77,18.36,2.0,0.85,6.0,0.0,0.8,0.6,87.8,88.2,88.6,88.2,2.0,0.8,6.0,0.0,0.6,3.95,5.05,5.41,4.7,4.0,1.17,8.0,0.3,0.7,0.5,-5.23,-4.47,-2.36,-3.83,4.0,1.98,8.0,0.3,0.7,0.5,-3.03,-2.38,-0.93,-2.0,4.0,1.43,8.0,0.3,0.7,0.5,1016.99,1017.4,1018.29,1017.63,4.0,0.98,8.0,0.3,0.7,0.5,2.0,3.5,5.5,3.8,4.0,2.1,8.0,0.3,0.7,0.5,-28.4,-22.6,-10.7,-19.7,4.0,12.0,8.0,0.3,0.7,0.5,-13.7,-9.8,-4.0,-8.9,4.0,6.7,8.0,0.3,0.7,0.5,0.2,0.45,1.7,0.93,4.0,1.2,8.0,0.3,0.7,0.5,1.0,2.5,5.9,3.4,4.0,3.4,8.0,0.3,0.7,0.5,2.89,3.05,3.21,3.05,2.0,0.33,6.0,0.0,0.8,0.6,15.0,16.5,18.0,16.5,2.0,3.1,6.0,0.0,0.8,0.6,-135.7,-120.8,-64.5,-101.0,4.0,51.8,8.0,0.3,0.7,0.5,-80.9,-60.5,-23.7,-52.7,4.0,38.7,8.0,0.3,0.7,0.5,-96.4,-95.9,-95.4,-95.9,2.0,1.1,6.0,0.0,0.8,0.6,-29.1,-17.3,-5.5,-17.3,2.0,24.5,6.0,0.0,0.8,0.6,-17.1,-16.0,-14.9,-16.0,2.0,2.3,6.0,0.0,0.8,0.6,-5.4,-3.2,-1.0,-3.2,2.0,4.5,6.0,0.0,0.8,0.6,73.5,129.0,160.0,117.5,4.0,66.0,8.0,0.3,0.7,0.5,75.0,130.0,160.0,115.0,4.0,65.0,8.0,0.3,0.7,0.5
1974,2,321.0,-25.0,27.48,28.0,28.26,27.88,4.0,0.63,20.0,0.3,0.4,0.5,25.32,26.0,26.0,25.67,3.0,0.58,20.0,0.0,0.4,0.5,19.44,19.44,19.44,19.44,1.0,0.0,18.0,0.0,0.1,0.1,98.2,98.2,98.2,98.2,1.0,0.0,18.0,0.0,0.1,4.34,4.8,5.05,4.7,4.0,0.45,20.0,0.3,0.4,0.5,-2.48,-1.73,-0.81,-1.65,4.0,1.29,20.0,0.3,0.4,0.5,-4.75,-4.65,-0.81,-2.86,4.0,3.67,20.0,0.3,0.4,0.5,1010.85,1013.3,1014.6,1012.75,4.0,2.32,20.0,0.3,0.4,0.5,1.0,2.5,3.0,2.0,4.0,1.4,20.0,0.3,0.4,0.5,-11.0,-8.7,-4.1,-7.6,4.0,5.4,20.0,0.3,0.4,0.5,-24.0,-22.3,-4.4,-14.6,4.0,17.0,20.0,0.3,0.4,0.5,2.0,2.0,2.0,2.0,3.0,0.0,20.0,0.0,0.4,0.5,8.8,10.0,10.1,9.5,3.0,1.1,20.0,0.0,0.4,0.5,2.88,2.88,2.88,2.88,1.0,0.0,18.0,0.0,0.1,0.1,11.8,11.8,11.8,11.8,1.0,0.0,18.0,0.0,0.1,0.1,-68.0,-45.4,-44.7,-56.1,3.0,19.4,20.0,0.0,0.4,0.5,-123.8,-122.2,6.2,-60.3,3.0,109.3,20.0,0.0,0.4,0.5,-61.1,-61.1,-61.1,-61.1,1.0,0.0,18.0,0.0,0.1,0.1,51.2,51.2,51.2,51.2,1.0,0.0,18.0,0.0,0.1,0.1,-9.0,-9.0,-9.0,-9.0,1.0,0.0,18.0,0.0,0.1,0.1,7.6,7.6,7.6,7.6,1.0,0.0,18.0,0.0,0.1,0.1,82.5,111.0,129.0,106.0,4.0,29.0,20.0,0.3,0.4,0.5,80.0,110.0,130.0,105.0,4.0,30.0,20.0,0.3,0.4,0.5
1974,2,321.0,-24.0,26.0,26.0,26.89,26.43,3.0,0.75,20.0,0.3,0.4,0.8,26.53,26.8,26.8,26.67,3.0,0.23,20.0,0.3,0.4,0.8,18.42,18.42,18.42,18.42,1.0,0.0,22.0,0.0,0.7,0.6,83.6,83.6,83.6,83.6,1.0,0.0,22.0,0.0,0.6,3.04,4.0,8.1,5.53,3.0,3.93,20.0,0.3,0.4,0.8,-6.41,0.0,0.61,-2.84,3.0,5.7,20.0,0.3,0.4,0.8,-0.58,3.42,3.82,1.66,3.0,3.56,20.0,0.3,0.4,0.8,1012.66,1015.6,1017.37,1015.03,3.0,3.48,20.0,0.3,0.4,0.8,2.0,2.0,6.1,4.0,3.0,3.5,20.0,0.3,0.4,0.8,-64.1,0.0,1.6,-30.6,3.0,54.9,20.0,0.3,0.4,0.8,0.7,16.0,28.4,14.6,3.0,20.3,20.0,0.3,0.4,0.8,-0.67,-0.4,0.21,-0.23,3.0,0.67,20.0,0.3,0.4,0.8,-6.0,-1.6,0.4,-2.8,3.0,4.8,20.0,0.3,0.4,0.8,4.32,4.32,4.32,4.32,1.0,0.0,22.0,0.0,0.7,0.6,11.2,11.2,11.2,11.2,1.0,0.0,22.0,0.0,0.7,0.6,-171.9,0.0,16.3,-76.0,3.0,152.7,20.0,0.3,0.4,0.8,-15.6,91.7,101.2,43.9,3.0,95.0,20.0,0.3,0.4,0.8,16.4,16.4,16.4,16.4,1.0,0.0,22.0,0.0,0.7,0.6,-45.0,-45.0,-45.0,-45.0,1.0,0.0,22.0,0.0,0.7,0.6,3.8,3.8,3.8,3.8,1.0,0.0,22.0,0.0,0.7,0.6,-10.6,-10.6,-10.6,-10.6,1.0,0.0,22.0,0.0,0.7,0.6,32.5,64.0,703.0,360.5,3.0,554.5,20.0,0.3,0.4,0.8,30.0,65.0,705.0,360.0,3.0,555.0,20.0,0.3,0.4,0.8
1974,2,321.0,-21.0,26.9,27.55,28.7,27.72,10.0,0.86,14.0,0.2,0.6,0.5,26.5,27.0,27.37,27.11,10.0,1.15,16.0,0.2,0.6,0.5,16.92,17.52,18.53,17.76,8.0,1.02,14.0,0.1,0.5,0.5,77.0,79.7,83.6,80.8,8.0,4.2,14.0,0.1,0.5,3.1,3.85,8.83,5.51,10.0,3.34,14.0,0.2,0.5,0.6,-8.36,-2.49,-1.02,-3.97,10.0,3.4,14.0,0.2,0.5,0.6,-4.52,-2.15,0.0,-2.17,10.0,3.25,14.0,0.2,0.5,0.6,1012.73,1013.3,1014.31,1013.76,11.0,1.96,14.0,0.2,0.5,0.5,1.0,3.0,4.6,2.9,10.0,1.9,16.0,0.2,0.6,0.5,-74.4,-7.4,-4.3,-31.1,10.0,41.0,14.0,0.2,0.5,0.6,-22.8,-7.6,0.0,-13.7,10.0,33.5,14.0,0.2,0.5,0.6,-0.4,0.4,1.5,0.37,9.0,1.49,16.0,0.2,0.6,0.5,-1.2,1.4,6.3,1.8,8.0,6.0,16.0,0.3,0.6,0.5,3.1,5.5,7.74,5.31,7.0,2.31,14.0,0.1,0.6,0.5,9.6,23.9,39.9,24.9,7.0,16.9,14.0,0.1,0.6,0.5,-160.7,-64.1,-28.2,-89.8,9.0,78.0,14.0,0.2,0.6,0.5,-86.5,-53.8,0.0,-43.1,9.0,72.2,14.0,0.2,0.6,0.5,-113.8,-46.7,-20.4,-64.0,8.0,51.8,14.0,0.1,0.5,0.5,-51.6,-37.6,0.0,-24.7,8.0,49.1,14.0,0.1,0.5,0.5,-34.8,-7.5,-4.7,-17.1,7.0,18.5,14.0,0.1,0.6,0.5,-23.8,-6.3,0.0,-12.0,7.0,12.5,14.0,0.1,0.6,0.5,30.0,63.5,696.0,363.5,10.0,590.5,14.0,0.2,0.5,0.6,30.0,65.0,695.0,365.0,10.0,590.0,14.0,0.2,0.5,0.6
1974,2,321.0,-20.0,27.0,28.25,29.5,28.34,14.0,1.17,16.0,0.4,0.4,0.8,26.42,27.0,28.53,27.27,13.0,1.37,16.0,0.4,0.4,0.8,16.93,18.35,19.4,18.29,11.0,1.51,18.0,0.4,0.4,0.8,72.6,83.7,88.6,81.3,11.0,8.4,18.0,0.4,0.8,2.39,3.1,5.04,3.64,11.0,1.89,16.0,0.4,0.5,0.9,-3.87,-2.56,-1.52,-2.76,11.0,1.54,16.0,0.4,0.5,0.9,-3.84,-1.55,1.43,-1.33,11.0,2.33,16.0,0.4,0.5,0.9,1012.01,1012.85,1015.28,1013.4,14.0,2.12,16.0,0.4,0.4,0.8,1.0,3.0,6.9,3.4,14.0,2.7,16.0,0.4,0.4,0.8,-19.5,-6.7,-4.4,-12.4,11.0,14.5,16.0,0.4,0.5,0.9,-17.2,-4.3,3.6,-7.1,11.0,14.5,16.0,0.4,0.5,0.9,-0.13,1.3,2.62,1.06,13.0,1.58,16.0,0.4,0.4,0.8,-0.7,2.4,8.1,3.4,10.0,6.2,18.0,0.4,0.4,0.8,4.17,5.04,6.45,5.58,11.0,2.03,18.0,0.4,0.4,0.8,9.1,13.1,22.8,17.7,9.0,15.1,20.0,0.3,0.4,0.8,-87.3,-60.0,-40.5,-66.2,10.0,29.6,18.0,0.4,0.4,0.8,-80.8,-35.6,39.3,-26.5,10.0,56.3,18.0,0.4,0.4,0.8,-55.7,-37.6,-27.3,-42.1,9.0,17.4,20.0,0.3,0.4,0.8,-31.1,-18.0,26.3,-12.0,9.0,35.1,20.0,0.3,0.4,0.8,-12.2,-10.0,-7.0,-13.9,9.0,14.4,20.0,0.3,0.4,0.8,-8.0,-4.9,7.0,-2.1,9.0,12.2,20.0,0.3,0.4,0.8,14.0,30.0,128.0,91.0,11.0,159.0,16.0,0.4,0.5,0.9,15.0,30.0,130.0,90.0,11.0,160.0,16.0,0.4,0.5,0.9
1974,2,321.0,-19.0,26.07,28.0,29.0,27.52,37.0,1.32,18.0,0.5,0.4,0.6,26.5,27.1,28.99,27.52,39.0,1.33,18.0,0.5,0.5,0.6,16.16,17.58,19.82,17.93,32.0,1.69,18.0,0.5,0.5,0.6,71.9,81.0,84.2,79.0,32.0,5.7,18.0,0.5,0.6,2.1,3.8,5.99,4.05,40.0,2.24,18.0,0.5,0.4,0.6,-4.57,-2.34,-0.4,-2.51,40.0,2.26,18.0,0.5,0.4,0.6,-3.46,-1.35,1.5,-1.06,40.0,3.02,18.0,0.5,0.4,0.6,1011.5,1013.0,1014.55,1012.95,42.0,1.59,18.0,0.4,0.4,0.6,1.0,3.0,5.8,3.2,40.0,2.1,18.0,0.5,0.4,0.6,-25.3,-7.4,-0.3,-13.2,40.0,17.7,18.0,0.5,0.4,0.6,-16.6,-3.9,3.4,-6.2,40.0,21.9,18.0,0.5,0.4,0.6,-1.73,0.5,1.61,0.02,37.0,2.2,18.0,0.5,0.4,0.6,-4.3,0.8,7.5,-0.2,35.0,10.8,18.0,0.5,0.4,0.5,2.78,5.49,7.04,5.14,31.0,2.41,16.0,0.5,0.5,0.6,7.3,19.9,34.8,21.0,30.0,13.8,16.0,0.5,0.5,0.6,-127.1,-66.5,-12.0,-73.3,37.0,62.2,18.0,0.5,0.5,0.6,-97.5,-47.8,17.5,-34.9,37.0,83.6,18.0,0.5,0.5,0.6,-88.3,-42.6,-15.4,-50.1,31.0,40.1,18.0,0.5,0.5,0.6,-58.1,-31.3,23.1,-20.0,31.0,60.8,18.0,0.5,0.5,0.6,-25.5,-13.7,-1.7,-13.5,30.0,12.5,16.0,0.5,0.5,0.6,-23.6,-6.4,3.9,-7.4,30.0,15.8,16.0,0.5,0.5,0.6,9.5,55.5,218.5,135.5,40.0,225.5,18.0,0.5,0.4,0.6,10.0,55.0,220.0,135.0,40.0,225.0,18.0,0.5,0.4,0.6
1974,2,321.0,-18.0,27.0,28.0,28.64,27.82,24.0,1.0,16.0,0.4,0.8,0.5,27.0,27.5,28.01,27.63,26.0,0.73,16.0,0.4,0.8,0.5,16.79,17.63,19.69,17.98,22.0,1.7,16.0,0.4,0.8,0.5,71.9,78.8,85.2,78.3,22.0,6.4,16.0,0.4,0.5,2.1,4.0,6.2,4.2,27.0,2.3,16.0,0.4,0.8,0.6,-4.5,-2.68,-1.39,-3.16,27.0,2.11,16.0,0.4,0.8,0.6,-3.01,-0.8,1.6,-0.43,27.0,2.93,16.0,0.4,0.8,0.6,1011.01,1012.3,1013.39,1012.35,27.0,1.46,16.0,0.4,0.8,0.6,2.0,4.0,5.9,3.8,27.0,2.0,16.0,0.4,0.8,0.6,-21.1,-12.9,-3.0,-17.2,27.0,20.8,16.0,0.4,0.8,0.6,-12.1,-1.7,6.4,-1.3,27.0,19.5,16.0,0.4,0.8,0.6,-0.67,0.25,1.0,0.2,24.0,1.16,16.0,0.4,0.8,0.5,-2.6,0.4,5.1,0.9,24.0,4.2,16.0,0.4,0.8,0.5,3.35,5.71,7.02,5.19,20.0,2.4,16.0,0.4,0.8,0.5,8.5,20.0,44.2,23.8,20.0,16.5,16.0,0.4,0.8,0.5,-124.2,-74.5,-44.2,-89.1,26.0,58.0,16.0,0.4,0.8,0.5,-85.9,-26.8,42.3,-13.9,26.0,81.5,16.0,0.4,0.8,0.5,-82.6,-55.7,-29.9,-59.6,22.0,37.9,16.0,0.4,0.8,0.5,-56.1,-21.9,27.3,-9.7,22.0,55.5,16.0,0.4,0.8,0.5,-31.2,-13.4,-6.0,-17.7,20.0,14.6,16.0,0.4,0.8,0.5,-14.8,-2.0,11.0,-0.7,20.0,18.0,16.0,0.4,0.8,0.5,9.5,64.0,238.5,147.0,27.0,233.5,16.0,0.4,0.8,0.6,10.0,65.0,240.0,145.0,27.0,235.0,16.0,0.4,0.8,0.6
1974,2,321.0,-17.0,24.59,25.0,27.59,26.07,3.0,2.39,18.0,0.3,0.5,0.3,26.94,28.0,29.17,28.05,4.0,1.32,16.0,0.3,0.5,0.4,16.12,16.19,16.4,16.26,3.0,0.21,12.0,0.3,0.5,0.4,68.4,71.9,73.1,70.7,3.0,3.6,12.0,0.3,0.4,2.34,3.35,5.46,3.88,4.0,2.07,18.0,0.5,0.6,0.3,-4.76,-2.6,-1.93,-3.31,4.0,2.33,18.0,0.5,0.6,0.3,0.21,1.03,2.41,1.3,4.0,1.4,18.0,0.5,0.6,0.3,1011.45,1011.9,1012.18,1011.84,5.0,0.48,16.0,0.4,0.6,0.3,2.3,4.0,5.7,4.0,5.0,2.2,16.0,0.4,0.6,0.3,-28.7,-8.7,-4.7,-16.3,4.0,19.3,18.0,0.5,0.6,0.3,0.6,2.3,8.4,4.4,4.0,5.9,18.0,0.5,0.6,0.3,-3.96,-2.8,-0.89,-2.43,3.0,2.27,18.0,0.3,0.5,0.3,-18.7,-18.4,-5.9,-12.4,3.0,10.7,18.0,0.3,0.5,0.3,3.77,5.63,7.49,5.63,2.0,3.85,14.0,0.5,0.5,0.3,19.9,20.6,21.4,20.6,2.0,1.6,14.0,0.5,0.5,0.3,-149.1,-77.7,-75.0,-111.2,3.0,61.5,18.0,0.3,0.5,0.3,4.1,13.0,67.4,35.2,3.0,50.2,18.0,0.3,0.5,0.3,-98.0,-75.4,-52.7,-75.4,2.0,46.9,14.0,0.5,0.5,0.3,1.2,3.7,6.3,3.7,2.0,5.3,14.0,0.5,0.5,0.3,-21.1,-20.4,-19.8,-20.4,2.0,1.3,14.0,0.5,0.5,0.3,0.6,1.9,3.2,1.9,2.0,2.7,14.0,0.5,0.5,0.3,13.0,43.0,190.5,99.0,4.0,137.0,18.0,0.5,0.6,0.3,15.0,45.0,190.0,100.0,4.0,135.0,18.0,0.5,0.6,0.3
1974,2,321.0,-16.0,25.95,28.0,28.96,27.47,3.0,2.25,6.0,0.7,0.5,0.4,25.76,27.3,29.31,27.53,4.0,2.33,6.0,0.8,0.5,0.5,15.55,15.62,16.51,16.02,3.0,0.78,8.0,0.7,0.5,0.4,71.7,71.8,76.4,74.0,3.0,3.9,8.0,0.7,0.4,2.71,5.4,6.2,4.5,4.0,2.45,6.0,0.8,0.5,0.5,-4.97,-3.33,-1.41,-3.2,4.0,2.13,6.0,0.8,0.5,0.5,-0.72,1.23,4.53,1.87,4.0,3.19,6.0,0.8,0.5,0.5,1009.38,1009.95,1010.05,1009.73,4.0,0.56,6.0,0.8,0.5,0.5,7.0,8.0,8.0,7.5,4.0,1.0,6.0,0.8,0.5,0.5,-27.4,-17.0,-6.7,-17.0,4.0,13.6,6.0,0.8,0.5,0.5,-2.2,9.3,28.1,12.8,4.0,18.6,6.0,0.8,0.5,0.5,-0.75,0.0,0.0,-0.37,3.0,0.64,6.0,0.7,0.5,0.4,-0.8,0.0,0.0,-0.4,3.0,0.6,6.0,0.7,0.5,0.4,4.71,5.56,6.41,5.56,2.0,1.77,8.0,0.5,0.5,0.3,23.4,31.0,38.7,31.0,2.0,15.8,8.0,0.5,0.5,0.3,-128.7,-86.3,-40.5,-84.7,4.0,53.5,6.0,0.8,0.5,0.5,-19.8,31.4,124.7,51.5,4.0,88.7,6.0,0.8,0.5,0.5,-79.6,-70.3,-46.8,-63.4,3.0,24.7,8.0,0.7,0.5,0.4,6.9,48.4,82.7,44.9,3.0,55.6,8.0,0.7,0.5,0.4,-18.7,-17.0,-15.2,-17.0,2.0,3.6,8.0,0.5,0.5,0.3,3.4,18.1,32.8,18.1,2.0,30.5,8.0,0.5,0.5,0.3,47.0,168.0,238.5,143.5,4.0,116.0,6.0,0.8,0.5,0.5,45.0,170.0,240.0,145.0,4.0,115.0,6.0,0.8,0.5,0.5
1974,2,321.0,-15.0,25.85,27.7,28.18,27.16,5.0,1.28,14.0,0.8,0.4,0.5,25.6,26.1,27.73,26.6,5.0,1.53,14.0,0.8,0.4,0.5,16.32,16.79,17.4,16.86,4.0,0.71,12.0,0.8,0.5,0.6,75.4,80.4,85.6,80.5,4.0,5.9,12.0,0.8,0.6,3.58,5.15,7.82,5.68,4.0,2.74,16.0,0.8,0.4,0.5,-7.53,-4.29,0.73,-3.44,4.0,5.34,16.0,0.8,0.4,0.5,0.95,2.02,2.64,1.81,4.0,1.32,16.0,0.8,0.4,0.5,1011.5,1011.9,1012.86,1012.22,5.0,1.04,14.0,0.8,0.4,0.5,4.3,7.0,8.0,6.2,5.0,2.2,14.0,0.8,0.4,0.5,-60.9,-22.9,4.1,-28.1,4.0,41.6,16.0,0.8,0.4,0.5,2.9,7.3,19.5,11.0,4.0,12.9,16.0,0.8,0.4,0.5,-0.65,1.0,1.93,0.56,5.0,2.11,14.0,0.8,0.4,0.5,-1.7,7.9,12.5,5.5,4.0,10.6,16.0,0.8,0.4,0.5,5.02,6.88,7.15,6.12,4.0,1.74,12.0,0.8,0.5,0.6,33.2,41.3,58.2,45.6,3.0,18.7,12.0,0.7,0.5,0.7,-200.4,-115.0,15.8,-93.3,4.0,141.6,16.0,0.8,0.4,0.5,25.5,55.6,72.5,49.3,4.0,35.9,16.0,0.8,0.4,0.5,-133.8,-110.1,4.0,-66.0,3.0,108.0,12.0,0.7,0.5,0.7,10.5,33.0,46.5,28.6,3.0,26.6,12.0,0.7,0.5,0.7,-55.5,-41.3,4.3,-25.9,3.0,45.8,12.0,0.7,0.5,0.7,4.7,14.7,20.1,12.4,3.0,11.5,12.0,0.7,0.5,0.7,48.5,153.5,535.0,285.5,4.0,357.5,16.0,0.8,0.4,0.5,50.0,155.0,535.0,285.0,4.0,360.0,16.0,0.8,0.4,0.5
1974,2,321.0,-14.0,25.79,27.0,28.73,27.25,4.0,1.78,12.0,0.3,0.6,0.6,26.79,27.1,27.62,27.2,4.0,0.59,12.0,0.3,0.6,0.6,17.19,18.64,20.1,18.64,2.0,3.01,12.0,0.5,0.6,0.6,78.5,84.0,89.5,84.0,2.0,11.4,12.0,0.5,0.6,4.1,4.1,5.18,4.62,5.0,0.91,12.0,0.4,0.6,0.5,-4.79,-3.14,-0.89,-2.95,5.0,2.39,12.0,0.4,0.6,0.5,-3.08,0.0,2.96,-0.02,5.0,3.31,12.0,0.4,0.6,0.5,1009.6,1010.0,1011.37,1010.38,5.0,1.17,12.0,0.4,0.6,0.5,4.4,7.0,8.0,6.0,5.0,3.4,12.0,0.4,0.6,0.5,-25.7,-12.9,-3.6,-15.1,5.0,14.8,12.0,0.4,0.6,0.5,-12.6,0.0,12.9,0.2,5.0,13.8,12.0,0.4,0.6,0.5,-1.81,-1.4,1.06,-0.4,3.0,2.27,14.0,0.0,0.7,0.8,-7.4,-5.7,4.3,-1.6,3.0,9.3,14.0,0.0,0.7,0.8,4.95,4.95,4.95,4.95,1.0,0.0,16.0,0.0,0.8,1.0,20.3,20.3,20.3,20.3,1.0,0.0,16.0,0.0,0.8,1.0,-95.9,-61.5,-18.2,-57.2,4.0,47.5,12.0,0.3,0.6,0.6,-88.8,-5.0,89.3,0.0,4.0,104.8,12.0,0.3,0.6,0.6,-60.0,-47.5,-34.9,-47.5,2.0,25.9,12.0,0.5,0.6,0.6,-61.3,-21.0,19.3,-21.0,2.0,83.5,12.0,0.5,0.6,0.6,-6.9,-6.9,-6.9,-6.9,1.0,0.0,16.0,0.0,0.8,1.0,-19.1,-19.1,-19.1,-19.1,1.0,0.0,16.0,0.0,0.8,1.0,69.0,69.0,149.0,108.5,5.0,73.5,12.0,0.4,0.6,0.5,70.0,70.0,150.0,110.0,5.0,75.0,12.0,0.4,0.6,0.5
1974,2,321.0,-13.0,28.0,28.0,28.0,28.0,1.0,0.0,26.0,0.0,0.9,0.1,27.2,27.2,27.2,27.2,1.0,0.0,26.0,0.0,0.9,0.1,15.88,15.88,15.88,15.88,1.0,0.0,26.0,0.0,0.9,0.1,70.6,70.6,70.6,70.6,1.0,0.0,26.0,0.0,0.1,5.1,5.1,5.1,5.1,1.0,0.0,26.0,0.0,0.9,0.1,-5.1,-5.1,-5.1,-5.1,1.0,0.0,26.0,0.0,0.9,0.1,0.0,0.0,0.0,0.0,1.0,0.0,26.0,0.0,0.9,0.1,1012.0,1012.0,1012.0,1012.0,1.0,0.0,26.0,0.0,0.9,0.1,2.0,2.0,2.0,2.0,1.0,0.0,26.0,0.0,0.9,0.1,-26.0,-26.0,-26.0,-26.0,1.0,0.0,26.0,0.0,0.9,0.1,0.0,0.0,0.0,0.0,1.0,0.0,26.0,0.0,0.9,0.1,0.8,0.8,0.8,0.8,1.0,0.0,26.0,0.0,0.9,0.1,4.1,4.1,4.1,4.1,1.0,0.0,26.0,0.0,0.9,0.1,7.8,7.8,7.8,7.8,1.0,0.0,26.0,0.0,0.9,0.1,39.8,39.8,39.8,39.8,1.0,0.0,26.0,0.0,0.9,0.1,-138.7,-138.7,-138.7,-138.7,1.0,0.0,26.0,0.0,0.9,0.1,0.0,0.0,0.0,0.0,1.0,0.0,26.0,0.0,0.9,0.1,-81.0,-81.0,-81.0,-81.0,1.0,0.0,26.0,0.0,0.9,0.1,0.0,0.0,0.0,0.0,1.0,0.0,26.0,0.0,0.9,0.1,-39.8,-39.8,-39.8,-39.8,1.0,0.0,26.0,0.0,0.9,0.1,0.0,0.0,0.0,0.0,1.0,0.0,26.0,0.0,0.9,0.1,132.5,132.5,132.5,132.5,1.0,0.0,26.0,0.0,0.9,0.1,135.0,135.0,135.0,135.0,1.0,0.0,26.0,0.0,0.9,0.1
1974,2,321.0,-4.0,26.38,27.2,27.88,27.13,3.0,1.1,18.0,0.7,0.8,0.6,27.82,28.5,29.52,28.67,3.0,1.26,18.0,0.7,0.8,0.6,17.65,18.38,19.11,18.38,2.0,1.52,20.0,0.5,0.9,0.8,73.6,74.4,75.2,74.4,2.0,1.6,20.0,0.5,0.8,3.05,3.6,6.8,4.74,5.0,2.56,18.0,0.8,0.7,0.6,-6.12,-3.12,-2.13,-4.01,5.0,2.71,18.0,0.8,0.7,0.6,-1.81,2.31,2.9,0.9,5.0,2.49,18.0,0.8,0.7,0.6,1008.9,1011.2,1012.37,1010.6,5.0,2.25,18.0,0.8,0.7,0.6,4.9,6.0,8.0,6.2,5.0,2.0,18.0,0.8,0.7,0.6,-43.8,-11.2,-7.1,-24.5,5.0,27.7,18.0,0.8,0.7,0.6,-4.8,8.3,19.8,8.0,5.0,13.6,18.0,0.8,0.7,0.6,-2.7,-2.5,-0.32,-1.53,3.0,1.94,18.0,0.7,0.8,0.6,-18.0,-10.1,-2.2,-10.1,3.0,11.6,18.0,0.7,0.8,0.6,3.71,4.9,6.1,4.9,2.0,2.48,20.0,0.5,0.9,0.8,11.8,12.7,13.6,12.7,2.0,1.9,20.0,0.5,0.9,0.8,-185.3,-82.7,-46.0,-114.9,3.0,105.8,18.0,0.7,0.8,0.6,-12.1,69.4,79.9,34.7,3.0,73.8,18.0,0.7,0.8,0.6,-48.0,-35.9,-23.8,-35.9,2.0,25.1,20.0,0.5,0.9,0.8,-19.3,6.8,32.9,6.8,2.0,54.1,20.0,0.5,0.9,0.8,-8.4,-7.8,-7.3,-7.8,2.0,1.2,20.0,0.5,0.9,0.8,-9.0,-2.4,4.2,-2.4,2.0,13.7,20.0,0.5,0.9,0.8,33.0,46.5,358.0,189.5,5.0,271.0,18.0,0.8,0.7,0.6,35.0,45.0,360.0,190.0,5.0,270.0,18.0,0.8,0.7,0.6
1974,2,321.0,-3.0,26.92,27.6,28.82,27.75,6.0,0.97,14.0,0.5,0.4,0.3,25.4,26.6,27.32,26.4,6.0,1.04,14.0,0.5,0.4,0.3,17.79,17.96,18.52,18.04,6.0,0.48,14.0,0.5,0.4,0.3,78.5,83.1,91.0,83.9,6.0,6.4,14.0,0.5,0.3,5.1,5.95,7.8,6.33,6.0,1.33,14.0,0.5,0.4,0.3,-5.77,-4.98,-3.97,-5.14,6.0,1.38,14.0,0.5,0.4,0.3,-3.58,-1.87,1.3,-0.91,6.0,3.92,14.0,0.5,0.4,0.3,1006.96,1007.9,1011.8,1008.87,6.0,2.46,14.0,0.5,0.4,0.3,4.0,6.5,8.0,6.2,6.0,1.8,14.0,0.5,0.4,0.3,-46.5,-26.9,-23.7,-33.5,6.0,14.9,14.0,0.5,0.4,0.3,-19.3,-10.4,10.6,-2.6,6.0,28.4,14.0,0.5,0.4,0.3,0.46,1.4,2.17,1.35,6.0,1.04,14.0,0.5,0.4,0.3,2.3,8.2,13.1,8.7,6.0,8.2,14.0,0.5,0.4,0.3,3.99,5.43,7.05,5.4,6.0,1.7,14.0,0.5,0.4,0.3,21.4,32.8,47.1,34.6,6.0,14.5,14.0,0.5,0.4,0.3,-152.2,-125.7,-108.1,-135.7,6.0,38.3,14.0,0.5,0.4,0.3,-98.0,-47.4,33.7,-25.1,6.0,103.4,14.0,0.5,0.4,0.3,-104.5,-91.1,-70.6,-93.0,6.0,26.7,14.0,0.5,0.4,0.3,-62.5,-34.5,23.3,-16.3,6.0,70.2,14.0,0.5,0.4,0.3,-33.3,-27.0,-20.6,-26.8,6.0,7.6,14.0,0.5,0.4,0.3,-23.9,-6.4,9.1,-4.0,6.0,26.7,14.0,0.5,0.4,0.3,132.5,212.0,476.0,283.0,6.0,178.5,14.0,0.5,0.4,0.3,135.0,210.0,475.0,285.0,6.0,180.0,14.0,0.5,0.4,0.3
1974,2,321.0,-2.0,28.05,28.15,28.25,28.15,2.0,0.21,6.0,0.5,1.0,0.8,27.08,27.9,28.72,27.9,2.0,1.7,6.0,0.5,1.0,0.8,20.2,20.2,20.2,20.2,1.0,0.0,12.0,0.0,1.0,1.0,92.0,92.0,92.0,92.0,1.0,0.0,12.0,0.0,1.0,1.59,5.0,8.41,5.0,2.0,7.07,6.0,0.5,1.0,0.8,-6.44,-3.83,-1.22,-3.83,2.0,5.42,6.0,0.5,1.0,0.8,-5.41,-3.21,-1.02,-3.21,2.0,4.55,6.0,0.5,1.0,0.8,1008.49,1009.1,1009.71,1009.1,2.0,1.27,6.0,0.5,1.0,0.8,7.2,7.5,7.8,7.5,2.0,0.7,6.0,0.5,1.0,0.8,-64.4,-38.3,-12.2,-38.3,2.0,54.2,6.0,0.5,1.0,0.8,-54.1,-32.1,-10.2,-32.1,2.0,45.5,6.0,0.5,1.0,0.8,-0.67,0.25,1.17,0.25,2.0,1.91,6.0,0.5,1.0,0.8,-9.3,-5.5,-1.7,-5.5,2.0,7.8,6.0,0.5,1.0,0.8,3.96,3.96,3.96,3.96,1.0,0.0,12.0,0.0,1.0,1.0,0.0,0.0,0.0,0.0,1.0,0.0,12.0,0.0,1.0,1.0,-187.5,-111.5,-35.4,-111.5,2.0,157.6,6.0,0.5,1.0,0.8,-157.4,-93.5,-29.7,-93.5,2.0,132.3,6.0,0.5,1.0,0.8,0.0,0.0,0.0,0.0,1.0,0.0,12.0,0.0,1.0,1.0,0.0,0.0,0.0,0.0,1.0,0.0,12.0,0.0,1.0,1.0,0.0,0.0,0.0,0.0,1.0,0.0,12.0,0.0,1.0,1.0,0.0,0.0,0.0,0.0,1.0,0.0,12.0,0.0,1.0,1.0,158.5,500.0,841.5,500.0,2.0,707.0,6.0,0.5,1.0,0.8,160.0,500.0,840.0,500.0,2.0,705.0,6.0,0.5,1.0,0.8
1974,2,321.0,-1.0,26.56,27.4,28.42,27.4,6.0,0.97,18.0,0.2,0.7,0.7,25.48,26.7,27.13,26.71,7.0,1.56,16.0,0.3,0.7,0.7,17.08,17.46,20.52,18.5,5.0,1.9,14.0,0.2,0.6,0.7,81.6,83.4,95.0,87.5,5.0,8.4,14.0,0.2,0.7,4.19,5.1,6.73,5.36,5.0,1.94,16.0,0.2,0.8,0.7,-5.72,-3.91,-1.26,-3.57,5.0,2.68,16.0,0.2,0.8,0.7,-4.73,-3.28,-0.74,-2.81,5.0,2.59,16.0,0.2,0.8,0.7,1007.49,1009.1,1010.64,1009.11,7.0,1.54,16.0,0.3,0.7,0.7,3.0,4.0,8.0,5.0,7.0,2.3,16.0,0.3,0.7,0.7,-36.5,-19.9,-3.3,-21.2,5.0,21.8,16.0,0.2,0.8,0.7,-33.5,-16.7,-1.1,-16.9,5.0,17.4,16.0,0.2,0.8,0.7,-0.78,0.9,1.79,0.4,6.0,2.28,18.0,0.2,0.7,0.7,-8.3,3.4,7.9,-0.1,5.0,13.8,16.0,0.2,0.8,0.7,3.88,4.26,4.99,4.42,4.0,0.69,16.0,0.0,0.7,0.6,15.7,19.7,22.4,19.0,3.0,4.9,14.0,0.0,0.7,0.5,-153.4,-99.6,-32.9,-94.5,5.0,72.3,16.0,0.2,0.8,0.7,-133.9,-83.6,-18.9,-78.0,5.0,75.2,16.0,0.2,0.8,0.7,-84.9,-79.9,-49.1,-67.3,3.0,28.4,14.0,0.0,0.7,0.5,-55.0,-29.2,1.2,-27.0,3.0,41.3,14.0,0.0,0.7,0.5,-20.7,-15.1,-12.0,-16.3,3.0,6.4,14.0,0.0,0.7,0.5,-11.5,-8.9,0.0,-5.8,3.0,8.8,14.0,0.0,0.7,0.5,90.5,132.5,324.0,202.0,5.0,187.0,16.0,0.2,0.8,0.7,90.0,135.0,325.0,200.0,5.0,185.0,16.0,0.2,0.8,0.7
1974,2,321.0,0.0,26.68,27.7,28.0,27.4,7.0,0.72,8.0,0.4,0.6,0.4,25.0,25.5,26.67,25.89,8.0,1.54,8.0,0.4,0.6,0.4,17.17,17.27,18.06,17.7,8.0,1.25,8.0,0.4,0.6,0.4,79.3,85.3,91.4,84.8,8.0,7.9,8.0,0.4,0.4,4.38,5.1,7.82,5.5,7.0,3.17,8.0,0.3,0.6,0.4,-6.33,-5.02,-2.82,-4.71,7.0,2.81,8.0,0.3,0.6,0.4,-3.6,0.0,1.08,-0.73,7.0,3.31,8.0,0.3,0.6,0.4,1007.56,1008.35,1008.8,1008.35,8.0,0.82,8.0,0.4,0.6,0.4,7.0,7.0,8.0,6.9,8.0,1.6,8.0,0.4,0.6,0.4,-47.6,-25.6,-13.0,-33.3,7.0,30.0,8.0,0.3,0.6,0.4,-18.0,0.0,6.1,-5.3,7.0,27.3,8.0,0.3,0.6,0.4,-0.05,1.2,3.05,1.53,7.0,1.78,8.0,0.4,0.6,0.4,-1.3,1.8,13.1,5.8,6.0,11.9,10.0,0.3,0.6,0.5,4.6,5.64,6.64,5.67,7.0,1.09,8.0,0.4,0.6,0.4,18.7,28.1,40.7,29.6,6.0,20.3,10.0,0.3,0.6,0.5,-181.9,-134.1,-73.2,-123.8,7.0,72.5,8.0,0.3,0.6,0.4,-93.4,0.0,28.4,-19.1,7.0,83.6,8.0,0.3,0.6,0.4,-114.5,-87.3,-58.0,-83.6,7.0,48.1,8.0,0.3,0.6,0.4,-73.4,0.0,18.7,-14.3,7.0,59.0,8.0,0.3,0.6,0.4,-38.9,-23.7,-17.0,-26.3,6.0,17.8,10.0,0.3,0.6,0.5,-16.3,0.0,7.4,-3.2,6.0,17.3,10.0,0.3,0.6,0.5,92.5,132.5,487.0,302.0,7.0,378.0,8.0,0.3,0.6,0.4,95.0,135.0,485.0,300.0,7.0,380.0,8.0,0.3,0.6,0.4
1974,2,321.0,1.0,26.42,27.7,28.37,27.48,5.0,1.15,12.0,0.8,0.3,0.5,25.4,25.9,26.67,26.02,6.0,0.8,14.0,0.7,0.4,0.5,16.68,17.55,18.27,17.49,5.0,1.0,16.0,0.6,0.5,0.5,77.5,83.6,88.2,83.1,5.0,6.6,16.0,0.6,0.5,3.0,5.65,7.44,5.72,6.0,2.73,14.0,0.7,0.4,0.5,-6.55,-2.78,0.62,-2.78,6.0,3.99,14.0,0.7,0.4,0.5,-6.36,-3.45,0.0,-3.3,6.0,2.91,14.0,0.7,0.4,0.5,1009.56,1010.45,1011.34,1010.45,6.0,1.09,14.0,0.7,0.4,0.5,5.8,6.5,7.2,6.5,6.0,1.0,14.0,0.7,0.4,0.5,-47.3,-16.0,1.9,-23.8,6.0,32.5,14.0,0.7,0.4,0.5,-47.6,-14.5,0.0,-23.2,6.0,27.1,14.0,0.7,0.4,0.5,0.53,1.5,2.18,1.46,5.0,1.11,12.0,0.8,0.3,0.5,3.7,9.3,10.0,7.4,5.0,3.5,12.0,0.8,0.3,0.5,3.55,5.05,6.53,5.04,4.0,2.14,14.0,0.8,0.4,0.6,21.7,39.7,51.2,36.6,4.0,18.7,14.0,0.8,0.4,0.6,-174.9,-70.4,16.0,-73.9,6.0,106.7,14.0,0.7,0.4,0.5,-162.2,-88.8,0.0,-86.0,6.0,76.3,14.0,0.7,0.4,0.5,-115.3,-61.6,-24.7,-68.5,5.0,54.7,16.0,0.6,0.5,0.5,-111.4,-73.4,-33.4,-70.4,5.0,47.4,16.0,0.6,0.5,0.5,-44.7,-26.5,-9.4,-27.0,4.0,20.5,14.0,0.8,0.4,0.6,-32.8,-19.8,-4.5,-18.7,4.0,16.7,14.0,0.8,0.4,0.6,27.0,185.5,464.5,303.0,6.0,402.5,14.0,0.7,0.4,0.5,25.0,185.0,465.0,305.0,6.0,400.0,14.0,0.7,0.4,0.5
1974,2,321.0,2.0,26.62,27.1,27.58,27.1,2.0,0.99,18.0,1.0,0.1,0.5,25.18,26.0,26.82,26.0,2.0,1.7,18.0,1.0,0.1,0.5,16.01,17.55,19.08,17.55,2.0,3.18,18.0,1.0,0.1,0.5,79.9,83.1,86.3,83.1,2.0,6.6,18.0,1.0,0.5,8.19,9.25,10.31,9.25,2.0,2.19,18.0,1.0,0.1,0.5,-6.63,-5.95,-5.27,-5.95,2.0,1.41,18.0,1.0,0.1,0.5,-7.9,-7.09,-6.28,-7.09,2.0,1.68,18.0,1.0,0.1,0.5,1012.02,1012.05,1012.08,1012.05,2.0,0.07,18.0,1.0,0.1,0.5,6.3,7.0,7.7,7.0,2.0,1.4,18.0,1.0,0.1,0.5,-69.1,-56.5,-44.0,-56.5,2.0,26.1,18.0,1.0,0.1,0.5,-82.4,-67.4,-52.4,-67.4,2.0,31.1,18.0,1.0,0.1,0.5,0.76,1.1,1.44,1.1,2.0,0.71,18.0,1.0,0.1,0.5,7.4,9.4,11.4,9.4,2.0,4.1,18.0,1.0,0.1,0.5,4.03,4.92,5.82,4.92,2.0,1.85,18.0,1.0,0.1,0.5,40.4,43.5,46.6,43.5,2.0,6.3,18.0,1.0,0.1,0.5,-178.3,-155.8,-133.2,-155.8,2.0,46.7,18.0,1.0,0.1,0.5,-212.5,-185.7,-158.8,-185.7,2.0,55.7,18.0,1.0,0.1,0.5,-127.6,-106.6,-85.5,-106.6,2.0,43.6,18.0,1.0,0.1,0.5,-152.1,-127.0,-101.9,-127.0,2.0,52.0,18.0,1.0,0.1,0.5,-29.9,-28.0,-26.0,-28.0,2.0,4.1,18.0,1.0,0.1,0.5,-35.7,-33.3,-31.0,-33.3,2.0,4.9,18.0,1.0,0.1,0.5,584.0,858.0,1132.0,858.0,2.0,568.0,18.0,1.0,0.1,0.5,585.0,860.0,1130.0,860.0,2.0,570.0,18.0,1.0,0.1,0.5
1974,2,321.0,5.0,26.7,26.8,27.2,26.98,5.0,0.52,20.0,1.0,0.5,0.5,25.45,25.6,25.6,25.52,5.0,0.18,20.0,1.0,0.5,0.5,15.05,15.5,16.19,15.62,3.0,0.84,20.0,1.0,0.5,0.6,74.7,75.7,79.0,76.8,3.0,3.3,20.0,1.0,0.6,9.41,12.0,12.68,11.07,3.0,2.53,20.0,1.0,0.5,0.6,-9.59,-6.0,-4.7,-7.12,3.0,3.71,20.0,1.0,0.5,0.6,-9.35,-7.1,-6.69,-8.0,3.0,2.1,20.0,1.0,0.5,0.6,1010.52,1011.2,1011.34,1010.93,3.0,0.64,20.0,1.0,0.5,0.6,4.9,7.0,8.0,6.4,5.0,2.1,20.0,1.0,0.5,0.5,-122.8,-72.0,-45.8,-84.0,3.0,57.3,20.0,1.0,0.5,0.6,-111.9,-84.5,-66.6,-89.1,3.0,33.5,20.0,1.0,0.5,0.6,1.1,1.2,1.75,1.46,5.0,0.69,20.0,1.0,0.5,0.5,14.3,14.4,19.7,16.9,3.0,4.5,20.0,1.0,0.5,0.6,5.8,6.57,8.04,6.91,3.0,1.66,20.0,1.0,0.5,0.6,71.1,71.5,76.5,73.7,3.0,4.4,20.0,1.0,0.5,0.6,-245.5,-153.6,-119.3,-181.7,3.0,95.6,20.0,1.0,0.5,0.6,-238.4,-179.0,-170.4,-203.8,3.0,54.3,20.0,1.0,0.5,0.6,-156.4,-93.0,-71.1,-113.3,3.0,64.9,20.0,1.0,0.5,0.6,-144.0,-107.3,-106.0,-124.6,3.0,31.6,20.0,1.0,0.5,0.6,-54.4,-39.4,-36.9,-45.5,3.0,13.9,20.0,1.0,0.5,0.6,-66.2,-61.9,-43.8,-55.2,3.0,17.4,20.0,1.0,0.5,0.6,925.0,1728.0,2048.0,1492.0,3.0,848.0,20.0,1.0,0.5,0.6,925.0,1730.0,2050.0,1490.0,3.0,850.0,20.0,1.0,0.5,0.6
1974,2,321.0,6.0,26.08,26.25,26.42,26.25,2.0,0.35,24.0,1.0,0.5,0.6,26.5,26.5,26.5,26.5,2.0,0.0,24.0,1.0,0.5,0.6,14.34,15.37,16.4,15.37,2.0,2.14,24.0,1.0,0.5,0.6,66.4,71.2,76.0,71.2,2.0,9.9,24.0,1.0,0.6,7.59,9.5,11.41,9.5,2.0,3.96,24.0,1.0,0.5,0.6,-7.34,-6.11,-4.88,-6.11,2.0,2.55,24.0,1.0,0.5,0.6,-8.74,-7.28,-5.81,-7.28,2.0,3.03,24.0,1.0,0.5,0.6,1011.25,1011.8,1012.35,1011.8,2.0,1.13,24.0,1.0,0.5,0.6,3.2,3.5,3.8,3.5,2.0,0.7,24.0,1.0,0.5,0.6,-86.4,-63.1,-39.7,-63.1,2.0,48.4,24.0,1.0,0.5,0.6,-103.0,-75.1,-47.3,-75.1,2.0,57.6,24.0,1.0,0.5,0.6,-0.42,-0.25,-0.08,-0.25,2.0,0.35,24.0,1.0,0.5,0.6,-5.2,-3.1,-1.0,-3.1,2.0,4.3,24.0,1.0,0.5,0.6,5.15,5.98,6.8,5.98,2.0,1.71,24.0,1.0,0.5,0.6,40.9,60.2,79.4,60.2,2.0,39.9,24.0,1.0,0.5,0.6,-194.4,-161.8,-129.3,-161.8,2.0,67.5,24.0,1.0,0.5,0.6,-231.7,-192.9,-154.1,-192.9,2.0,80.4,24.0,1.0,0.5,0.6,-103.7,-91.1,-78.6,-91.1,2.0,26.1,24.0,1.0,0.5,0.6,-123.6,-108.6,-93.6,-108.6,2.0,31.1,24.0,1.0,0.5,0.6,-51.1,-38.7,-26.3,-38.7,2.0,25.7,24.0,1.0,0.5,0.6,-60.8,-46.1,-31.3,-46.1,2.0,30.6,24.0,1.0,0.5,0.6,548.5,1081.0,1613.5,1081.0,2.0,1103.0,24.0,1.0,0.5,0.6,550.0,1080.0,1615.0,1080.0,2.0,1105.0,24.0,1.0,0.5,0.6
1974,2,321.0,7.0,25.66,25.8,25.94,25.8,2.0,0.28,18.0,0.0,0.9,0.0,26.29,26.9,27.51,26.9,2.0,1.27,18.0,0.0,0.9,0.0,15.32,16.34,17.36,16.34,2.0,2.11,18.0,0.0,0.9,0.0,71.7,73.7,75.6,73.7,2.0,4.0,18.0,0.0,0.0,12.79,13.85,14.91,13.85,2.0,2.19,18.0,0.0,0.9,0.0,-11.42,-10.61,-9.8,-10.61,2.0,1.68,18.0,0.0,0.9,0.0,-9.58,-8.9,-8.22,-8.9,2.0,1.41,18.0,0.0,0.9,0.0,1011.33,1012.05,1012.77,1012.05,2.0,1.48,18.0,0.0,0.9,0.0,1.3,2.0,2.7,2.0,2.0,1.4,18.0,0.0,0.9,0.0,-171.2,-148.8,-126.3,-148.8,2.0,46.5,18.0,0.0,0.9,0.0,-143.7,-124.8,-106.0,-124.8,2.0,39.0,18.0,0.0,0.9,0.0,-1.85,-1.1,-0.35,-1.1,2.0,1.56,18.0,0.0,0.9,0.0,-28.5,-16.9,-5.4,-16.9,2.0,24.0,18.0,0.0,0.9,0.0,3.23,4.43,5.64,4.43,2.0,2.49,18.0,0.0,0.9,0.0,46.7,58.7,70.7,58.7,2.0,24.8,18.0,0.0,0.9,0.0,-314.8,-286.5,-258.1,-286.5,2.0,58.7,18.0,0.0,0.9,0.0,-264.1,-240.4,-216.6,-240.4,2.0,49.2,18.0,0.0,0.9,0.0,-199.2,-175.1,-151.1,-175.1,2.0,49.8,18.0,0.0,0.9,0.0,-167.1,-147.0,-126.8,-147.0,2.0,41.8,18.0,0.0,0.9,0.0,-54.1,-44.9,-35.8,-44.9,2.0,19.0,18.0,0.0,0.9,0.0,-45.4,-37.7,-30.0,-37.7,2.0,16.0,18.0,0.0,0.9,0.0,2145.0,2756.5,3368.0,2756.5,2.0,1266.5,18.0,0.0,0.9,0.0,2145.0,2755.0,3370.0,2755.0,2.0,1265.0,18.0,0.0,0.9,0.0
1974,2,321.0,8.0,24.72,25.4,25.95,25.33,3.0,0.9,10.0,0.7,0.6,0.4,24.9,24.9,25.79,25.33,3.0,0.75,10.0,0.7,0.6,0.4,12.99,13.34,13.68,13.34,2.0,0.72,12.0,0.5,0.8,0.4,66.5,68.7,70.0,68.3,3.0,2.6,10.0,0.7,0.4,7.18,9.3,11.35,9.27,3.0,3.05,10.0,0.7,0.6,0.4,-9.53,-7.12,-6.49,-7.99,3.0,2.35,10.0,0.7,0.6,0.4,-6.1,-5.98,-1.9,-4.04,3.0,3.5,10.0,0.7,0.6,0.4,1012.26,1012.4,1012.54,1012.4,2.0,0.28,12.0,0.5,0.8,0.4,1.3,2.0,6.1,3.7,3.0,3.8,10.0,0.7,0.6,0.4,-110.5,-66.3,-47.3,-78.6,3.0,47.5,10.0,0.7,0.6,0.4,-69.3,-55.6,-17.6,-43.7,3.0,39.2,10.0,0.7,0.6,0.4,-1.07,0.5,1.05,0.0,3.0,1.61,10.0,0.7,0.6,0.4,-9.5,6.2,7.5,-0.8,3.0,13.8,10.0,0.7,0.6,0.4,6.75,7.44,8.12,7.44,2.0,1.42,12.0,0.5,0.8,0.4,56.6,65.7,74.9,65.7,2.0,19.0,12.0,0.5,0.8,0.4,-240.3,-186.7,-164.6,-202.1,3.0,57.0,10.0,0.7,0.6,0.4,-155.5,-153.1,-48.6,-103.3,3.0,89.4,10.0,0.7,0.6,0.4,-136.7,-113.5,-90.3,-113.5,2.0,48.0,12.0,0.5,0.8,0.4,-71.6,-42.6,-13.5,-42.6,2.0,60.2,12.0,0.5,0.8,0.4,-65.9,-60.4,-54.9,-60.4,2.0,11.5,12.0,0.5,0.8,0.4,-33.3,-19.8,-6.3,-19.8,2.0,28.0,12.0,0.5,0.8,0.4,418.0,804.5,1525.5,968.0,3.0,823.5,10.0,0.7,0.6,0.4,420.0,805.0,1525.0,970.0,3.0,825.0,10.0,0.7,0.6,0.4
1974,2,321.0,9.0,24.59,25.0,25.0,24.8,3.0,0.35,12.0,0.3,0.2,0.6,24.31,25.2,25.81,25.07,3.0,1.11,12.0,0.3,0.2,0.6,14.19,14.35,14.51,14.35,2.0,0.33,10.0,0.5,0.1,0.6,70.3,72.8,75.2,72.8,2.0,5.2,10.0,0.5,0.6,9.52,10.0,10.2,9.87,3.0,0.51,12.0,0.3,0.2,0.6,-8.84,-8.66,-7.61,-8.23,3.0,0.97,12.0,0.3,0.2,0.6,-5.72,-5.15,-5.05,-5.38,3.0,0.53,12.0,0.3,0.2,0.6,1010.85,1011.6,1012.35,1011.6,3.0,1.1,12.0,0.3,0.2,0.6,6.0,6.0,6.0,6.0,1.0,0.0,8.0,1.0,0.1,0.8,-90.2,-86.6,-72.7,-81.6,3.0,13.5,12.0,0.3,0.2,0.6,-54.8,-53.0,-51.0,-52.9,3.0,2.8,12.0,0.3,0.2,0.6,-0.81,-0.2,0.28,-0.27,3.0,0.8,12.0,0.3,0.2,0.6,-8.4,-2.0,2.5,-2.9,3.0,8.0,12.0,0.3,0.2,0.6,5.02,5.11,5.2,5.11,2.0,0.19,10.0,0.5,0.1,0.6,47.6,50.2,52.8,50.2,2.0,5.4,10.0,0.5,0.1,0.6,-228.2,-218.2,-185.5,-207.1,3.0,32.7,12.0,0.3,0.2,0.6,-140.2,-134.4,-128.7,-134.4,3.0,8.4,12.0,0.3,0.2,0.6,-125.4,-115.3,-105.2,-115.3,2.0,20.9,10.0,0.5,0.1,0.6,-82.9,-79.7,-76.6,-79.7,2.0,6.6,10.0,0.5,0.1,0.6,-45.0,-41.1,-37.3,-41.1,2.0,8.0,10.0,0.5,0.1,0.6,-29.3,-28.4,-27.5,-28.4,2.0,2.0,10.0,0.5,0.1,0.6,866.5,1000.0,1063.5,965.5,3.0,147.0,12.0,0.3,0.2,0.6,865.0,1000.0,1065.0,965.0,3.0,145.0,12.0,0.3,0.2,0.6
1974,2,321.0,10.0,25.16,25.5,25.84,25.5,2.0,0.71,26.0,0.5,0.7,0.3,23.23,24.15,25.07,24.15,2.0,1.91,26.0,0.5,0.7,0.3,13.32,13.45,13.57,13.45,2.0,0.26,26.0,0.5,0.7,0.3,68.9,72.2,75.6,72.2,2.0,7.0,26.0,0.5,0.3,8.53,9.25,9.97,9.25,2.0,1.48,26.0,0.5,0.7,0.3,-4.98,-4.62,-4.27,-4.62,2.0,0.74,26.0,0.5,0.7,0.3,-8.63,-8.01,-7.39,-8.01,2.0,1.29,26.0,0.5,0.7,0.3,1015.32,1016.0,1016.68,1016.0,2.0,1.41,26.0,0.5,0.7,0.3,2.6,4.0,5.4,4.0,2.0,2.8,26.0,0.5,0.7,0.3,-50.0,-43.3,-36.7,-43.3,2.0,13.7,26.0,0.5,0.7,0.3,-86.5,-75.1,-63.6,-75.1,2.0,23.8,26.0,0.5,0.7,0.3,0.09,1.35,2.61,1.35,2.0,2.62,26.0,0.5,0.7,0.3,-0.2,10.5,21.3,10.5,2.0,22.2,26.0,0.5,0.7,0.3,6.35,6.88,7.41,6.88,2.0,1.1,26.0,0.5,0.7,0.3,62.8,62.8,62.9,62.8,2.0,0.1,26.0,0.5,0.7,0.3,-125.3,-112.4,-99.5,-112.4,2.0,26.8,26.0,0.5,0.7,0.3,-217.1,-194.7,-172.3,-194.7,2.0,46.4,26.0,0.5,0.7,0.3,-67.7,-62.3,-56.9,-62.3,2.0,11.2,26.0,0.5,0.7,0.3,-117.2,-107.9,-98.6,-107.9,2.0,19.4,26.0,0.5,0.7,0.3,-31.4,-31.4,-31.4,-31.4,2.0,0.0,26.0,0.5,0.7,0.3,-54.4,-54.4,-54.4,-54.4,2.0,0.1,26.0,0.5,0.7,0.3,637.5,822.0,1007.0,822.0,2.0,383.0,26.0,0.5,0.7,0.3,635.0,820.0,1005.0,820.0,2.0,385.0,26.0,0.5,0.7,0.3
1974,2,321.0,12.0,24.4,24.4,24.4,24.4,1.0,0.0,6.0,1.0,0.4,0.0,23.3,23.3,23.3,23.3,1.0,0.0,6.0,1.0,0.4,0.0,13.22,13.22,13.22,13.22,1.0,0.0,6.0,1.0,0.4,0.0,74.4,74.4,74.4,74.4,1.0,0.0,6.0,1.0,0.0,10.3,10.3,10.3,10.3,1.0,0.0,6.0,1.0,0.4,0.0,-5.15,-5.15,-5.15,-5.15,1.0,0.0,6.0,1.0,0.4,0.0,-8.92,-8.92,-8.92,-8.92,1.0,0.0,6.0,1.0,0.4,0.0,1013.9,1013.9,1013.9,1013.9,1.0,0.0,6.0,1.0,0.4,0.0,4.0,4.0,4.0,4.0,1.0,0.0,6.0,1.0,0.4,0.0,-53.0,-53.0,-53.0,-53.0,1.0,0.0,6.0,1.0,0.4,0.0,-91.9,-91.9,-91.9,-91.9,1.0,0.0,6.0,1.0,0.4,0.0,1.1,1.1,1.1,1.1,1.0,0.0,6.0,1.0,0.4,0.0,11.3,11.3,11.3,11.3,1.0,0.0,6.0,1.0,0.4,0.0,5.83,5.83,5.83,5.83,1.0,0.0,6.0,1.0,0.4,0.0,60.1,60.1,60.1,60.1,1.0,0.0,6.0,1.0,0.4,0.0,-120.0,-120.0,-120.0,-120.0,1.0,0.0,6.0,1.0,0.4,0.0,-207.8,-207.8,-207.8,-207.8,1.0,0.0,6.0,1.0,0.4,0.0,-68.1,-68.1,-68.1,-68.1,1.0,0.0,6.0,1.0,0.4,0.0,-117.9,-117.9,-117.9,-117.9,1.0,0.0,6.0,1.0,0.4,0.0,-30.0,-30.0,-30.0,-30.0,1.0,0.0,6.0,1.0,0.4,0.0,-52.0,-52.0,-52.0,-52.0,1.0,0.0,6.0,1.0,0.4,0.0,1092.5,1092.5,1092.5,1092.5,1.0,0.0,6.0,1.0,0.4,0.0,1095.0,1095.0,1095.0,1095.0,1.0,0.0,6.0,1.0,0.4,0.0
1974,2,321.0,13.0,24.06,24.4,24.4,24.23,3.0,0.29,22.0,0.3,0.6,0.6,21.71,22.8,22.94,22.33,3.0,0.99,22.0,0.3,0.6,0.6,12.18,12.74,12.77,12.48,3.0,0.49,22.0,0.3,0.6,0.6,73.4,74.3,75.8,74.6,3.0,1.8,22.0,0.3,0.6,8.2,8.2,8.95,8.57,3.0,0.64,22.0,0.3,0.6,0.6,-8.15,-8.05,-6.84,-7.51,3.0,1.07,22.0,0.3,0.6,0.6,-5.07,-4.65,-1.48,-3.31,3.0,2.88,22.0,0.3,0.6,0.6,1014.13,1015.9,1015.9,1015.03,3.0,1.5,22.0,0.3,0.6,0.6,7.3,8.0,8.0,7.7,3.0,0.6,22.0,0.3,0.6,0.6,-72.5,-67.2,-56.5,-64.6,3.0,11.9,22.0,0.3,0.6,0.6,-43.2,-43.2,-13.7,-28.8,3.0,25.0,22.0,0.3,0.6,0.6,1.12,1.6,2.69,1.9,3.0,1.18,22.0,0.3,0.6,0.6,9.8,14.9,22.6,16.2,3.0,9.5,22.0,0.3,0.6,0.6,5.91,6.23,6.82,6.36,3.0,0.68,22.0,0.3,0.6,0.6,50.6,57.9,58.1,54.4,3.0,6.3,22.0,0.3,0.6,0.6,-180.5,-173.8,-153.8,-167.3,3.0,20.4,22.0,0.3,0.6,0.6,-116.4,-106.0,-33.7,-75.7,3.0,66.0,22.0,0.3,0.6,0.6,-101.3,-97.7,-85.6,-93.6,3.0,12.0,22.0,0.3,0.6,0.6,-64.7,-59.5,-18.9,-42.2,3.0,36.7,22.0,0.3,0.6,0.6,-55.6,-50.2,-40.6,-48.2,3.0,11.1,22.0,0.3,0.6,0.6,-29.9,-29.0,-9.2,-19.8,3.0,17.1,22.0,0.3,0.6,0.6,551.5,551.5,724.0,635.5,3.0,146.0,22.0,0.3,0.6,0.6,550.0,550.0,725.0,635.0,3.0,145.0,22.0,0.3,0.6,0.6
1974,2,321.0,14.0,23.44,24.4,24.47,23.97,3.0,0.84,16.0,0.7,0.5,0.3,21.83,23.6,25.37,23.6,2.0,3.68,12.0,0.5,0.5,0.1,12.93,13.21,13.49,13.21,2.0,0.58,12.0,0.5,0.5,0.1,67.5,73.8,80.1,73.8,2.0,13.0,12.0,0.5,0.1,7.33,8.7,9.79,8.57,3.0,1.8,16.0,0.7,0.5,0.3,-9.33,-8.57,-6.22,-7.79,3.0,2.37,16.0,0.7,0.5,0.3,-4.06,-3.52,-2.15,-3.11,3.0,1.44,16.0,0.7,0.5,0.3,1015.29,1015.9,1017.06,1016.17,3.0,1.32,16.0,0.7,0.5,0.3,4.6,6.0,7.4,6.0,3.0,2.0,16.0,0.7,0.5,0.3,-91.7,-74.5,-47.1,-69.5,3.0,32.9,16.0,0.7,0.5,0.3,-33.9,-28.9,-18.1,-26.1,3.0,11.8,16.0,0.7,0.5,0.3,-0.96,0.85,2.66,0.85,2.0,3.75,12.0,0.5,0.5,0.1,-10.8,6.0,22.7,6.0,2.0,34.6,12.0,0.5,0.5,0.1,5.55,5.87,6.2,5.87,2.0,0.68,12.0,0.5,0.5,0.1,55.3,55.4,55.5,55.4,2.0,0.2,12.0,0.5,0.5,0.1,-241.9,-216.8,-191.6,-216.8,2.0,52.1,12.0,0.5,0.5,0.1,-82.7,-62.0,-41.3,-62.0,2.0,42.8,12.0,0.5,0.5,0.1,-128.3,-120.7,-113.2,-120.7,2.0,15.7,12.0,0.5,0.5,0.1,-43.4,-33.7,-23.9,-33.7,2.0,20.3,12.0,0.5,0.5,0.1,-54.1,-53.3,-52.6,-53.3,2.0,1.5,12.0,0.5,0.5,0.1,-17.5,-14.3,-11.1,-14.3,2.0,6.7,12.0,0.5,0.5,0.1,414.5,658.5,955.0,684.0,3.0,396.5,16.0,0.7,0.5,0.3,415.0,660.0,955.0,685.0,3.0,395.0,16.0,0.7,0.5,0.3
1974,2,321.0,15.0,22.2,22.2,22.2,22.2,1.0,0.0,2.0,1.0,0.2,0.9,25.6,25.6,25.6,25.6,1.0,0.0,2.0,1.0,0.2,0.9,12.12,12.12,12.12,12.12,1.0,0.0,2.0,1.0,0.2,0.9,59.4,59.4,59.4,59.4,1.0,0.0,2.0,1.0,0.9,10.3,10.3,10.3,10.3,1.0,0.0,2.0,1.0,0.2,0.9,-10.3,-10.3,-10.3,-10.3,1.0,0.0,2.0,1.0,0.2,0.9,0.0,0.0,0.0,0.0,1.0,0.0,2.0,1.0,0.2,0.9,1012.0,1012.0,1012.0,1012.0,1.0,0.0,2.0,1.0,0.2,0.9,7.0,7.0,7.0,7.0,1.0,0.0,2.0,1.0,0.2,0.9,-106.1,-106.1,-106.1,-106.1,1.0,0.0,2.0,1.0,0.2,0.9,0.0,0.0,0.0,0.0,1.0,0.0,2.0,1.0,0.2,0.9,-3.4,-3.4,-3.4,-3.4,1.0,0.0,2.0,1.0,0.2,0.9,-35.0,-35.0,-35.0,-35.0,1.0,0.0,2.0,1.0,0.2,0.9,4.57,4.57,4.57,4.57,1.0,0.0,2.0,1.0,0.2,0.9,47.0,47.0,47.0,47.0,1.0,0.0,2.0,1.0,0.2,0.9,-263.7,-263.7,-263.7,-263.7,1.0,0.0,2.0,1.0,0.2,0.9,0.0,0.0,0.0,0.0,1.0,0.0,2.0,1.0,0.2,0.9,-124.8,-124.8,-124.8,-124.8,1.0,0.0,2.0,1.0,0.2,0.9,0.0,0.0,0.0,0.0,1.0,0.0,2.0,1.0,0.2,0.9,-47.0,-47.0,-47.0,-47.0,1.0,0.0,2.0,1.0,0.2,0.9,0.0,0.0,0.0,0.0,1.0,0.0,2.0,1.0,0.2,0.9,1092.5,1092.5,1092.5,1092.5,1.0,0.0,2.0,1.0,0.2,0.9,1095.0,1095.0,1095.0,1095.0,1.0,0.0,2.0,1.0,0.2,0.9
1974,2,321.0,16.0,23.98,24.15,24.32,24.15,2.0,0.35,4.0,1.0,0.4,0.3,23.55,23.65,23.75,23.65,2.0,0.21,4.0,1.0,0.4,0.3,12.03,12.03,12.03,12.03,1.0,0.0,8.0,1.0,0.1,0.0,66.9,66.9,66.9,66.9,1.0,0.0,8.0,1.0,0.0,8.43,10.0,11.57,10.0,2.0,3.25,4.0,1.0,0.4,0.3,-10.87,-9.4,-7.92,-9.4,2.0,3.06,4.0,1.0,0.4,0.3,-3.96,-3.42,-2.88,-3.42,2.0,1.11,4.0,1.0,0.4,0.3,1013.13,1013.85,1014.57,1013.85,2.0,1.48,4.0,1.0,0.4,0.3,5.2,5.5,5.8,5.5,2.0,0.7,4.0,1.0,0.4,0.3,-128.4,-98.9,-69.4,-98.9,2.0,61.1,4.0,1.0,0.4,0.3,-46.8,-36.0,-25.3,-36.0,2.0,22.2,4.0,1.0,0.4,0.3,0.43,0.5,0.57,0.5,2.0,0.14,4.0,1.0,0.4,0.3,3.8,5.2,6.7,5.2,2.0,3.0,4.0,1.0,0.4,0.3,6.47,6.47,6.47,6.47,1.0,0.0,8.0,1.0,0.1,0.0,49.8,49.8,49.8,49.8,1.0,0.0,8.0,1.0,0.1,0.0,-258.4,-222.6,-186.7,-222.6,2.0,74.3,4.0,1.0,0.4,0.3,-94.1,-81.0,-68.0,-81.0,2.0,27.0,4.0,1.0,0.4,0.3,-87.1,-87.1,-87.1,-87.1,1.0,0.0,8.0,1.0,0.1,0.0,-31.7,-31.7,-31.7,-31.7,1.0,0.0,8.0,1.0,0.1,0.0,-46.8,-46.8,-46.8,-46.8,1.0,0.0,8.0,1.0,0.1,0.0,-17.0,-17.0,-17.0,-17.0,1.0,0.0,8.0,1.0,0.1,0.0,679.5,1158.5,1638.0,1158.5,2.0,993.0,4.0,1.0,0.4,0.3,680.0,1160.0,1640.0,1160.0,2.0,995.0,4.0,1.0,0.4,0.3
1974,2,321.0,17.0,23.18,24.2,25.22,24.2,3.0,1.5,12.0,1.0,0.3,0.6,21.89,22.3,23.12,22.5,3.0,0.92,12.0,1.0,0.3,0.6,12.51,13.56,13.77,13.15,3.0,0.99,12.0,1.0,0.3,0.6,71.4,81.1,84.6,78.1,3.0,10.0,12.0,1.0,0.6,10.59,12.3,12.71,11.67,3.0,1.64,12.0,1.0,0.3,0.6,-12.71,-12.3,-7.25,-10.03,3.0,4.46,12.0,1.0,0.3,0.6,-5.79,0.0,0.0,-2.83,3.0,4.9,12.0,1.0,0.3,0.6,1014.13,1014.2,1016.11,1015.1,3.0,1.65,12.0,1.0,0.3,0.6,4.6,6.0,7.4,6.0,3.0,2.0,12.0,1.0,0.3,0.6,-161.6,-151.3,-80.8,-121.9,3.0,64.4,12.0,1.0,0.3,0.6,-56.8,0.0,0.0,-27.7,3.0,48.0,12.0,1.0,0.3,0.6,0.5,0.7,2.95,1.7,3.0,2.0,12.0,1.0,0.3,0.6,6.3,8.6,29.5,17.7,3.0,18.7,12.0,1.0,0.3,0.6,4.59,6.68,6.76,5.7,3.0,1.81,12.0,1.0,0.3,0.6,52.6,65.5,77.9,65.3,3.0,18.5,12.0,1.0,0.3,0.6,-288.6,-287.7,-163.9,-227.7,3.0,105.1,12.0,1.0,0.3,0.6,-125.7,0.0,0.0,-61.4,3.0,106.3,12.0,1.0,0.3,0.6,-166.3,-147.8,-93.3,-130.2,3.0,55.6,12.0,1.0,0.3,0.6,-80.3,0.0,0.0,-39.2,3.0,67.9,12.0,1.0,0.3,0.6,-71.9,-46.6,-37.1,-54.3,3.0,26.3,12.0,1.0,0.3,0.6,-38.7,0.0,0.0,-18.9,3.0,32.7,12.0,1.0,0.3,0.6,1233.0,1861.0,2056.0,1649.5,3.0,630.0,12.0,1.0,0.3,0.6,1235.0,1860.0,2055.0,1650.0,3.0,630.0,12.0,1.0,0.3,0.6
1974,2,321.0,18.0,22.63,22.9,23.65,23.13,3.0,0.78,12.0,0.0,0.5,0.6,21.18,22.0,22.34,21.77,3.0,0.87,12.0,0.0,0.5,0.6,11.25,11.35,11.45,11.35,2.0,0.21,16.0,0.0,0.3,0.4,68.5,68.6,68.7,68.6,2.0,0.2,16.0,0.0,0.4,9.3,9.3,9.78,9.53,3.0,0.4,12.0,0.0,0.5,0.6,-9.73,-9.16,-8.87,-9.3,3.0,0.64,12.0,0.0,0.5,0.6,-1.1,0.0,2.17,0.52,3.0,2.44,12.0,0.0,0.5,0.6,1018.36,1020.0,1020.0,1019.2,3.0,1.39,12.0,0.0,0.5,0.6,2.6,6.0,6.0,4.3,3.0,2.9,12.0,0.0,0.5,0.6,-95.3,-85.2,-82.5,-88.8,3.0,9.9,12.0,0.0,0.5,0.6,-10.3,0.0,20.2,4.9,3.0,22.7,12.0,0.0,0.5,0.6,0.43,0.5,2.34,1.37,3.0,1.59,12.0,0.0,0.5,0.6,4.0,4.7,23.3,13.5,3.0,16.1,12.0,0.0,0.5,0.6,5.68,5.72,5.76,5.72,2.0,0.09,16.0,0.0,0.3,0.4,52.8,53.2,53.6,53.2,2.0,0.8,16.0,0.0,0.3,0.4,-205.9,-201.5,-198.2,-202.0,3.0,5.7,12.0,0.0,0.5,0.6,-24.3,0.0,48.9,12.0,3.0,54.5,12.0,0.0,0.5,0.6,-102.3,-101.6,-100.8,-101.6,2.0,1.5,16.0,0.0,0.3,0.4,-9.4,9.2,27.9,9.2,2.0,38.7,16.0,0.0,0.3,0.4,-51.6,-51.2,-50.8,-51.2,2.0,0.9,16.0,0.0,0.3,0.4,-4.8,4.6,14.0,4.6,2.0,19.5,16.0,0.0,0.3,0.4,804.5,804.5,938.0,869.5,3.0,113.0,12.0,0.0,0.5,0.6,805.0,805.0,940.0,870.0,3.0,115.0,12.0,0.0,0.5,0.6
1974,2,321.0,19.0,22.38,23.2,24.02,23.2,2.0,1.7,8.0,0.0,0.8,0.3,21.26,21.6,21.94,21.6,2.0,0.71,8.0,0.0,0.8,0.3,10.88,11.8,12.71,11.8,2.0,1.89,8.0,0.0,0.8,0.3,67.1,74.4,81.7,74.4,2.0,15.1,8.0,0.0,0.3,8.37,8.75,9.13,8.75,2.0,0.78,8.0,0.0,0.8,0.3,-9.11,-8.69,-8.27,-8.69,2.0,0.87,8.0,0.0,0.8,0.3,-1.2,-0.71,-0.23,-0.71,2.0,1.01,8.0,0.0,0.8,0.3,1018.31,1019.2,1020.09,1019.2,2.0,1.84,8.0,0.0,0.8,0.3,1.2,1.5,1.8,1.5,2.0,0.7,8.0,0.0,0.8,0.3,-83.3,-76.4,-69.4,-76.4,2.0,14.3,8.0,0.0,0.8,0.3,-9.8,-5.8,-1.9,-5.8,2.0,8.3,8.0,0.0,0.8,0.3,0.44,1.6,2.76,1.6,2.0,2.4,8.0,0.0,0.8,0.3,4.2,14.9,25.7,14.9,2.0,22.3,8.0,0.0,0.8,0.3,5.81,5.86,5.91,5.86,2.0,0.1,8.0,0.0,0.8,0.3,49.4,51.2,53.0,51.2,2.0,3.7,8.0,0.0,0.8,0.3,-193.4,-187.3,-181.3,-187.3,2.0,12.6,8.0,0.0,0.8,0.3,-26.5,-15.7,-5.0,-15.7,2.0,22.3,8.0,0.0,0.8,0.3,-116.2,-103.3,-90.5,-103.3,2.0,26.7,8.0,0.0,0.8,0.3,-12.5,-7.4,-2.4,-7.4,2.0,10.5,8.0,0.0,0.8,0.3,-52.9,-50.9,-48.8,-50.9,2.0,4.2,8.0,0.0,0.8,0.3,-7.1,-4.2,-1.3,-4.2,2.0,6.0,8.0,0.0,0.8,0.3,591.5,678.0,764.0,678.0,2.0,179.0,8.0,0.0,0.8,0.3,590.0,680.0,765.0,680.0,2.0,180.0,8.0,0.0,0.8,0.3
1974,2,321.0,20.0,21.08,23.0,23.52,22.53,7.0,1.28,18.0,0.3,0.6,0.3,19.97,21.2,22.52,21.3,7.0,1.33,18.0,0.3,0.6,0.3,10.19,11.14,12.61,11.29,6.0,1.57,18.0,0.3,0.6,0.3,63.0,68.1,80.2,70.7,6.0,8.6,18.0,0.3,0.3,5.97,7.2,8.3,7.1,6.0,1.35,18.0,0.3,0.6,0.3,-8.18,-5.85,-4.68,-6.21,6.0,1.64,18.0,0.3,0.6,0.3,-4.18,-2.95,0.61,-1.98,6.0,2.95,18.0,0.3,0.6,0.3,1017.17,1020.0,1021.44,1019.67,7.0,2.2,18.0,0.3,0.6,0.3,1.0,3.0,3.2,2.7,7.0,2.6,18.0,0.3,0.6,0.3,-68.0,-42.1,-28.0,-45.8,6.0,19.8,18.0,0.3,0.6,0.3,-27.5,-17.7,5.3,-12.1,6.0,22.5,18.0,0.3,0.6,0.3,0.48,1.0,1.59,1.23,7.0,1.04,18.0,0.3,0.6,0.3,3.3,6.9,13.7,8.6,6.0,7.7,18.0,0.3,0.6,0.3,4.15,5.54,8.19,5.97,6.0,2.02,18.0,0.3,0.6,0.3,28.5,42.0,58.7,42.6,6.0,16.5,18.0,0.3,0.6,0.3,-181.7,-124.4,-98.9,-135.2,6.0,40.4,18.0,0.3,0.6,0.3,-89.7,-60.5,13.5,-41.8,6.0,64.3,18.0,0.3,0.6,0.3,-99.0,-58.2,-52.3,-71.0,6.0,25.7,18.0,0.3,0.6,0.3,-44.1,-31.0,8.3,-19.3,6.0,34.0,18.0,0.3,0.6,0.3,-50.2,-39.4,-22.3,-36.9,6.0,14.4,18.0,0.3,0.6,0.3,-31.2,-15.1,2.3,-14.6,6.0,18.8,18.0,0.3,0.6,0.3,216.5,378.5,573.5,389.5,6.0,200.0,18.0,0.3,0.6,0.3,215.0,380.0,575.0,390.0,6.0,200.0,18.0,0.3,0.6,0.3
1974,2,321.0,21.0,22.29,22.7,22.9,22.6,4.0,0.43,18.0,0.8,0.5,0.5,22.13,23.4,25.19,23.65,4.0,1.89,18.0,0.8,0.5,0.5,10.84,10.87,15.31,13.02,3.0,3.77,16.0,0.7,0.6,0.5,60.0,64.6,77.5,68.7,3.0,13.3,16.0,0.7,0.5,7.84,8.35,10.32,9.05,4.0,1.88,18.0,0.8,0.5,0.5,-10.23,-8.2,-3.67,-7.01,4.0,4.96,18.0,0.8,0.5,0.5,-4.19,0.0,1.07,-1.49,4.0,4.45,18.0,0.8,0.5,0.5,1018.67,1020.35,1022.19,1020.43,4.0,2.19,18.0,0.8,0.5,0.5,4.0,4.0,5.4,4.7,3.0,1.2,18.0,1.0,0.4,0.5,-107.9,-67.5,-28.2,-68.0,4.0,56.4,18.0,0.8,0.5,0.5,-33.5,0.0,12.7,-10.0,4.0,37.8,18.0,0.8,0.5,0.5,-2.38,-0.75,0.25,-1.05,4.0,1.59,18.0,0.8,0.5,0.5,-19.9,-5.7,2.6,-8.5,4.0,13.9,18.0,0.8,0.5,0.5,1.94,6.1,6.26,4.15,3.0,3.59,16.0,0.7,0.6,0.5,14.9,47.0,66.0,40.6,3.0,37.8,16.0,0.7,0.6,0.5,-244.7,-206.7,-89.1,-168.7,4.0,116.5,18.0,0.8,0.5,0.5,-91.4,0.0,24.2,-32.1,4.0,97.3,18.0,0.8,0.5,0.5,-143.2,-126.3,-97.0,-120.3,3.0,34.3,16.0,0.7,0.6,0.5,0.0,0.0,15.2,7.4,3.0,12.9,16.0,0.7,0.6,0.5,-65.2,-47.0,-14.9,-40.2,3.0,37.3,16.0,0.7,0.6,0.5,0.0,0.0,8.9,4.3,3.0,7.5,16.0,0.7,0.6,0.5,483.0,585.5,1174.5,817.5,4.0,557.0,18.0,0.8,0.5,0.5,485.0,585.0,1175.0,820.0,4.0,555.0,18.0,0.8,0.5,0.5
1974,2,321.0,22.0,21.34,22.5,22.84,22.1,3.0,1.15,14.0,0.3,0.6,0.8,21.33,21.6,21.87,21.6,3.0,0.4,14.0,0.3,0.6,0.8,11.73,12.86,13.1,12.42,3.0,1.07,14.0,0.3,0.6,0.8,74.4,79.0,81.8,78.1,3.0,5.5,14.0,0.3,0.8,6.68,7.7,7.7,7.2,3.0,0.87,14.0,0.3,0.6,0.8,-7.37,-6.67,-6.09,-6.73,3.0,0.94,14.0,0.3,0.6,0.8,-2.63,0.0,1.45,-0.58,3.0,3.03,14.0,0.3,0.6,0.8,1020.89,1021.5,1022.52,1021.7,3.0,1.21,14.0,0.3,0.6,0.8,4.6,6.0,7.4,6.0,3.0,2.0,14.0,0.3,0.6,0.8,-56.8,-51.3,-41.0,-48.9,3.0,11.8,14.0,0.3,0.6,0.8,-20.2,0.0,9.0,-5.5,3.0,21.9,14.0,0.3,0.6,0.8,-0.23,1.0,1.2,0.5,3.0,1.14,14.0,0.3,0.6,0.8,-1.8,7.7,7.9,3.2,3.0,8.1,14.0,0.3,0.6,0.8,2.75,4.48,5.28,4.03,3.0,1.89,14.0,0.3,0.6,0.8,21.2,34.5,34.9,28.2,3.0,11.4,14.0,0.3,0.6,0.8,-160.1,-146.7,-130.9,-145.5,3.0,21.4,14.0,0.3,0.6,0.8,-57.8,0.0,30.7,-13.2,3.0,65.8,14.0,0.3,0.6,0.8,-96.6,-85.7,-71.8,-84.2,3.0,18.3,14.0,0.3,0.6,0.8,-33.8,0.0,16.2,-8.6,3.0,37.4,14.0,0.3,0.6,0.8,-32.0,-29.9,-19.7,-25.9,3.0,9.6,14.0,0.3,0.6,0.8,-11.8,0.0,8.2,-1.8,3.0,14.7,14.0,0.3,0.6,0.8,307.5,456.5,456.5,384.0,3.0,126.0,14.0,0.3,0.6,0.8,310.0,455.0,455.0,385.0,3.0,125.0,14.0,0.3,0.6,0.8
1974,2,321.0,23.0,22.24,22.75,23.52,22.88,4.0,0.85,20.0,0.8,0.5,0.6,21.7,22.4,23.31,22.5,4.0,0.96,20.0,0.8,0.5,0.6,11.49,12.37,13.81,12.64,3.0,1.72,18.0,0.7,0.7,0.6,71.9,77.0,81.3,76.6,3.0,6.8,18.0,0.7,0.6,4.84,7.2,9.3,7.08,4.0,2.58,20.0,0.8,0.5,0.6,-5.97,-1.96,0.95,-2.48,4.0,5.18,20.0,0.8,0.5,0.6,-6.69,-3.95,-1.86,-4.26,4.0,3.76,20.0,0.8,0.5,0.6,1014.0,1018.15,1021.51,1017.78,4.0,5.29,20.0,0.8,0.5,0.6,3.0,4.5,5.5,4.3,4.0,1.7,20.0,0.8,0.5,0.6,-52.5,-12.8,3.7,-23.8,4.0,44.1,20.0,0.8,0.5,0.6,-54.1,-19.1,-8.7,-30.9,4.0,37.3,20.0,0.8,0.5,0.6,-0.33,0.65,1.06,0.38,4.0,0.97,20.0,0.8,0.5,0.6,-3.9,3.1,7.8,2.0,4.0,8.5,20.0,0.8,0.5,0.6,2.88,4.96,5.54,4.23,3.0,2.05,18.0,0.7,0.7,0.6,20.6,26.7,39.9,30.2,3.0,14.5,18.0,0.7,0.7,0.6,-129.9,-43.4,22.8,-53.0,4.0,115.0,20.0,0.8,0.5,0.6,-154.3,-89.1,-41.0,-97.2,4.0,86.5,20.0,0.8,0.5,0.6,-86.6,-25.5,-24.0,-54.6,3.0,52.3,18.0,0.7,0.7,0.6,-104.5,-44.1,-14.0,-58.9,3.0,67.5,18.0,0.7,0.7,0.6,-35.7,-13.4,-6.3,-20.8,3.0,22.5,18.0,0.7,0.7,0.6,-21.4,-17.5,-5.6,-13.6,3.0,12.1,18.0,0.7,0.7,0.6,114.0,468.5,804.5,459.5,4.0,398.5,20.0,0.8,0.5,0.6,115.0,470.0,805.0,460.0,4.0,400.0,20.0,0.8,0.5,0.6
1974,2,321.0,24.0,22.0,22.0,22.0,22.0,2.0,0.0,18.0,0.5,0.8,0.5,20.43,20.7,21.25,20.83,3.0,0.61,14.0,0.3,0.7,0.6,10.67,10.74,11.03,10.85,3.0,0.28,14.0,0.3,0.7,0.6,69.3,73.4,74.1,71.7,3.0,3.8,14.0,0.3,0.6,3.93,5.7,6.38,5.17,3.0,1.86,14.0,0.3,0.7,0.6,-4.43,-3.35,-3.18,-3.8,3.0,1.0,14.0,0.3,0.7,0.6,-3.96,0.0,1.95,-0.98,3.0,4.41,14.0,0.3,0.7,0.6,1021.79,1023.5,1023.84,1022.83,3.0,1.61,14.0,0.3,0.7,0.6,2.3,5.0,6.4,4.3,3.0,3.1,14.0,0.3,0.7,0.6,-26.3,-22.4,-13.7,-20.1,3.0,9.5,14.0,0.3,0.7,0.6,-26.5,0.0,11.1,-7.5,3.0,28.3,14.0,0.3,0.7,0.6,1.36,1.5,1.64,1.5,2.0,0.28,18.0,0.5,0.8,0.5,8.9,9.2,9.5,9.2,2.0,0.7,18.0,0.5,0.8,0.5,5.19,5.34,5.48,5.34,2.0,0.3,18.0,0.5,0.8,0.5,32.1,33.0,33.9,33.0,2.0,1.9,18.0,0.5,0.8,0.5,-90.4,-69.3,-67.5,-78.7,3.0,18.6,14.0,0.3,0.7,0.6,-82.0,0.0,39.5,-20.8,3.0,90.8,14.0,0.3,0.7,0.6,-48.1,-37.4,-34.4,-41.1,3.0,10.5,14.0,0.3,0.7,0.6,-44.2,0.0,20.9,-11.4,3.0,48.7,14.0,0.3,0.7,0.6,-25.8,-22.3,-18.8,-22.3,2.0,7.2,18.0,0.5,0.8,0.5,-22.5,-7.0,8.6,-7.0,2.0,32.2,18.0,0.5,0.8,0.5,79.0,185.0,264.0,172.0,3.0,136.0,14.0,0.3,0.7,0.6,80.0,185.0,265.0,170.0,3.0,135.0,14.0,0.3,0.7,0.6
1974,2,321.0,25.0,21.24,21.75,22.79,22.0,4.0,1.08,16.0,0.3,0.6,0.5,18.93,20.2,20.87,20.0,5.0,1.12,18.0,0.2,0.6,0.6,10.26,10.28,11.82,11.03,3.0,1.31,14.0,0.0,0.6,0.4,66.5,69.3,80.8,73.5,3.0,11.1,14.0,0.0,0.4,5.93,6.7,12.61,8.88,5.0,4.33,18.0,0.2,0.6,0.6,-7.73,-6.6,-1.0,-4.43,5.0,5.7,18.0,0.2,0.6,0.6,-5.28,0.0,2.75,-1.56,5.0,7.56,18.0,0.2,0.6,0.6,1020.12,1022.7,1024.75,1022.2,5.0,3.4,18.0,0.2,0.6,0.6,4.3,6.0,7.0,5.6,5.0,1.7,18.0,0.2,0.6,0.6,-66.8,-44.2,16.2,-26.8,5.0,67.8,18.0,0.2,0.6,0.6,-81.4,0.0,27.0,-30.9,5.0,110.2,18.0,0.2,0.6,0.6,0.74,1.6,2.78,1.75,4.0,1.26,16.0,0.3,0.6,0.5,3.9,13.4,23.2,13.6,4.0,11.1,16.0,0.3,0.6,0.5,5.4,5.53,5.87,5.64,3.0,0.36,14.0,0.0,0.6,0.4,28.7,35.8,39.0,33.9,3.0,7.7,14.0,0.0,0.6,0.4,-156.8,-133.3,-23.3,-90.1,5.0,110.5,18.0,0.2,0.6,0.6,-100.4,0.0,52.7,-29.6,5.0,143.6,18.0,0.2,0.6,0.6,-78.3,-68.9,-54.1,-66.3,3.0,17.9,14.0,0.0,0.6,0.4,0.0,0.0,10.0,4.9,3.0,8.4,14.0,0.0,0.6,0.4,-38.8,-35.2,-28.5,-33.7,3.0,7.6,14.0,0.0,0.6,0.4,0.0,0.0,4.2,2.1,3.0,3.6,14.0,0.0,0.6,0.4,226.5,301.0,2178.5,1136.5,5.0,1487.0,18.0,0.2,0.6,0.6,225.0,300.0,2180.0,1135.0,5.0,1485.0,18.0,0.2,0.6,0.6
1974,2,321.0,26.0,20.63,21.5,22.0,21.46,16.0,0.99,10.0,0.4,0.5,0.4,19.49,20.5,21.64,20.65,17.0,1.31,10.0,0.4,0.5,0.4,10.59,11.1,12.0,11.27,12.0,1.07,12.0,0.5,0.4,0.4,68.5,76.8,85.6,76.8,13.0,9.2,10.0,0.5,0.4,3.75,6.7,10.12,7.02,16.0,4.21,10.0,0.4,0.5,0.4,-7.7,-5.2,-0.34,-3.98,16.0,4.66,10.0,0.4,0.5,0.4,-1.75,-0.09,2.26,-1.42,16.0,5.43,10.0,0.4,0.5,0.4,1020.39,1023.15,1025.06,1022.44,16.0,3.41,12.0,0.4,0.4,0.4,3.0,7.0,7.0,5.5,17.0,2.2,10.0,0.4,0.5,0.4,-59.3,-29.5,-0.3,-23.9,16.0,51.3,10.0,0.4,0.5,0.4,-16.4,0.0,9.6,-25.6,16.0,78.1,10.0,0.4,0.5,0.4,-0.45,1.25,2.05,0.69,16.0,1.76,10.0,0.4,0.5,0.4,-2.5,9.3,14.5,5.2,15.0,11.9,10.0,0.5,0.5,0.4,3.57,4.46,5.75,4.76,12.0,1.73,12.0,0.5,0.4,0.4,15.4,22.7,44.6,29.1,11.0,20.9,12.0,0.5,0.4,0.4,-161.8,-107.8,-7.3,-82.9,16.0,94.4,10.0,0.4,0.5,0.4,-36.0,-1.8,46.4,-27.4,16.0,106.1,10.0,0.4,0.5,0.4,-88.1,-65.5,-4.0,-45.1,11.0,48.4,12.0,0.5,0.4,0.4,-6.7,0.0,39.3,-2.4,11.0,55.5,12.0,0.5,0.4,0.4,-32.6,-16.2,-2.5,-16.7,11.0,21.5,12.0,0.5,0.4,0.4,-6.2,0.0,11.9,-3.3,11.0,24.2,12.0,0.5,0.4,0.4,53.5,306.0,1075.0,739.5,16.0,1184.0,10.0,0.4,0.5,0.4,55.0,305.0,1075.0,740.0,16.0,1185.0,10.0,0.4,0.5,0.4
1974,2,321.0,27.0,21.21,21.5,22.0,21.69,8.0,1.13,14.0,0.1,0.7,0.3,19.73,20.65,21.27,20.54,8.0,0.97,14.0,0.1,0.7,0.3,10.28,11.23,11.93,11.11,7.0,1.1,14.0,0.1,0.7,0.3,73.1,76.3,78.1,74.9,7.0,3.5,14.0,0.1,0.3,2.92,4.1,10.15,6.38,5.0,4.91,16.0,0.0,0.8,0.3,-4.81,-2.37,-1.26,-3.04,5.0,2.85,16.0,0.0,0.8,0.3,-6.52,0.0,2.02,-2.42,5.0,6.93,16.0,0.0,0.8,0.3,1022.08,1024.25,1024.97,1023.6,8.0,2.05,14.0,0.1,0.7,0.3,0.1,1.5,2.9,2.1,8.0,2.6,14.0,0.1,0.7,0.3,-29.8,-7.4,-3.3,-16.9,5.0,24.1,16.0,0.0,0.8,0.3,-79.6,0.0,6.7,-39.7,5.0,93.9,16.0,0.0,0.8,0.3,0.0,1.0,2.18,1.15,8.0,1.15,14.0,0.1,0.7,0.3,1.7,6.2,26.2,12.7,5.0,13.9,16.0,0.0,0.8,0.3,3.58,4.43,6.39,4.87,7.0,1.54,14.0,0.1,0.7,0.3,15.1,36.4,74.2,44.3,4.0,36.7,16.0,0.0,0.8,0.3,-98.9,-46.8,-26.6,-62.6,5.0,60.0,16.0,0.0,0.8,0.3,-124.8,0.0,41.5,-45.0,5.0,132.6,16.0,0.0,0.8,0.3,-62.2,-29.9,-11.7,-36.6,4.0,36.5,16.0,0.0,0.8,0.3,-79.4,-10.3,15.5,-31.0,4.0,71.0,16.0,0.0,0.8,0.3,-35.4,-11.7,-4.7,-19.7,4.0,24.4,16.0,0.0,0.8,0.3,-53.2,-5.6,4.3,-23.6,4.0,45.9,16.0,0.0,0.8,0.3,25.5,69.0,1380.5,712.0,5.0,1284.5,16.0,0.0,0.8,0.3,25.0,70.0,1380.0,710.0,5.0,1285.0,16.0,0.0,0.8,0.3
1974,2,321.0,28.0,20.5,21.1,21.5,21.01,15.0,0.59,14.0,0.5,0.6,0.4,19.27,20.3,21.0,20.23,17.0,1.21,14.0,0.5,0.6,0.4,11.04,11.23,13.18,11.79,9.0,1.38,10.0,0.6,0.6,0.3,72.7,78.2,91.1,81.4,9.0,9.4,10.0,0.6,0.3,3.91,6.0,9.46,6.52,17.0,2.93,14.0,0.5,0.6,0.4,-6.49,-3.28,-0.53,-3.05,17.0,3.69,14.0,0.5,0.6,0.4,0.63,3.1,6.85,3.54,17.0,4.11,14.0,0.5,0.6,0.4,1023.49,1025.8,1028.0,1025.56,17.0,2.6,14.0,0.5,0.6,0.4,2.0,5.5,7.0,4.4,16.0,2.4,12.0,0.5,0.6,0.4,-47.0,-18.3,-1.3,-23.0,17.0,31.3,14.0,0.5,0.6,0.4,4.0,16.2,63.5,29.3,17.0,47.5,14.0,0.5,0.6,0.4,-0.8,0.8,1.43,0.55,15.0,1.1,14.0,0.5,0.6,0.4,-5.5,5.1,9.6,3.2,15.0,8.1,14.0,0.5,0.6,0.4,2.1,3.37,4.7,3.49,8.0,1.55,12.0,0.6,0.6,0.3,13.5,15.7,20.9,17.3,8.0,6.1,12.0,0.6,0.6,0.3,-129.0,-68.2,-12.7,-63.2,17.0,76.6,14.0,0.5,0.6,0.4,12.7,65.1,144.0,72.5,17.0,83.2,14.0,0.5,0.6,0.4,-56.3,-36.5,-22.0,-27.6,9.0,45.9,10.0,0.6,0.6,0.3,4.2,28.2,42.4,28.7,9.0,32.0,10.0,0.6,0.6,0.3,-14.3,-12.9,-5.1,-10.1,8.0,11.1,12.0,0.6,0.6,0.3,2.9,9.7,14.7,8.8,8.0,7.2,12.0,0.6,0.6,0.3,66.0,216.0,854.0,450.0,17.0,582.5,14.0,0.5,0.6,0.4,65.0,215.0,855.0,450.0,17.0,580.0,14.0,0.5,0.6,0.4
1974,2,321.0,29.0,20.01,21.0,21.0,20.79,20.0,0.98,14.0,0.6,0.5,0.4,18.33,20.2,21.4,19.89,22.0,1.63,14.0,0.6,0.5,0.4,7.74,10.11,11.61,9.85,13.0,1.86,16.0,0.7,0.5,0.4,61.4,70.5,78.5,70.5,13.0,8.2,16.0,0.7,0.4,3.67,5.1,8.2,6.38,21.0,3.25,14.0,0.7,0.5,0.4,-5.05,-1.57,4.54,-1.15,21.0,4.74,14.0,0.7,0.5,0.4,-7.12,-0.34,3.4,-1.42,21.0,5.22,14.0,0.7,0.5,0.4,1021.53,1025.35,1027.07,1024.47,22.0,3.12,14.0,0.6,0.5,0.4,2.0,6.0,7.1,4.9,19.0,2.4,14.0,0.7,0.6,0.4,-25.7,-8.0,32.1,-3.8,21.0,44.5,14.0,0.7,0.5,0.4,-57.3,-0.3,19.2,-18.9,21.0,57.3,14.0,0.7,0.5,0.4,0.0,1.15,2.09,1.01,20.0,1.79,14.0,0.6,0.5,0.4,-0.1,5.1,19.1,8.5,19.0,18.6,14.0,0.7,0.5,0.4,3.04,4.69,6.89,5.06,13.0,2.04,16.0,0.7,0.5,0.4,11.9,23.9,67.4,36.2,13.0,34.6,16.0,0.7,0.5,0.4,-104.0,-28.9,78.6,-25.1,21.0,95.4,14.0,0.7,0.5,0.4,-121.7,-7.4,70.6,-22.9,21.0,96.5,14.0,0.7,0.5,0.4,-47.0,-12.3,40.3,-7.7,13.0,46.1,16.0,0.7,0.5,0.4,-71.5,-33.7,14.9,-26.6,13.0,43.1,16.0,0.7,0.5,0.4,-14.1,-9.9,18.7,-1.3,13.0,23.8,16.0,0.7,0.5,0.4,-55.4,-6.0,3.7,-22.2,13.0,38.9,16.0,0.7,0.5,0.4,49.5,132.5,551.5,485.5,21.0,826.0,14.0,0.7,0.5,0.4,50.0,135.0,550.0,485.0,21.0,825.0,14.0,0.7,0.5,0.4
1974,2,321.0,30.0,20.0,20.0,20.61,20.15,10.0,0.51,14.0,0.5,0.7,0.5,18.78,19.8,20.91,19.94,11.0,1.21,14.0,0.5,0.7,0.5,8.66,10.59,11.75,10.45,11.0,1.56,14.0,0.5,0.7,0.5,63.9,74.3,80.5,73.0,11.0,9.8,14.0,0.5,0.5,4.6,5.1,6.82,5.4,11.0,1.53,14.0,0.5,0.7,0.5,-2.85,-1.57,3.62,-0.07,11.0,4.01,14.0,0.5,0.7,0.5,-2.7,3.91,4.89,1.39,11.0,4.02,14.0,0.5,0.7,0.5,1020.15,1025.5,1028.3,1024.68,11.0,4.34,14.0,0.5,0.7,0.5,1.8,7.0,7.0,5.4,11.0,2.9,14.0,0.5,0.7,0.5,-14.5,-6.4,26.9,4.5,11.0,28.2,14.0,0.5,0.7,0.5,-21.4,19.9,24.9,4.8,11.0,23.3,14.0,0.5,0.7,0.5,-0.56,0.15,1.74,0.29,10.0,1.36,14.0,0.5,0.7,0.5,-2.8,0.8,11.0,2.6,10.0,6.7,14.0,0.5,0.7,0.5,2.74,3.57,5.24,3.88,10.0,1.58,14.0,0.5,0.7,0.5,9.5,18.2,31.8,20.2,10.0,10.1,14.0,0.5,0.7,0.5,-58.2,-33.4,67.0,-2.3,11.0,79.5,14.0,0.5,0.7,0.5,-52.7,76.2,98.5,29.4,11.0,78.1,14.0,0.5,0.7,0.5,-30.0,-18.5,32.8,-2.1,11.0,38.5,14.0,0.5,0.7,0.5,-25.4,42.9,54.0,18.8,11.0,41.4,14.0,0.5,0.7,0.5,-11.5,-5.3,3.5,-3.7,10.0,15.1,14.0,0.5,0.7,0.5,-10.9,9.3,17.3,3.3,10.0,17.3,14.0,0.5,0.7,0.5,97.5,132.5,328.5,193.0,11.0,163.5,14.0,0.5,0.7,0.5,95.0,135.0,330.0,195.0,11.0,165.0,14.0,0.5,0.7,0.5
1974,2,321.0,31.0,19.18,20.0,21.02,20.12,13.0,1.11,14.0,0.4,0.6,0.4,19.4,19.8,21.0,19.91,12.0,0.87,12.0,0.3,0.5,0.4,10.47,11.42,12.44,11.56,10.0,1.26,14.0,0.3,0.5,0.4,74.7,79.5,84.4,80.8,10.0,7.8,14.0,0.3,0.4,3.91,5.7,9.3,6.11,13.0,2.83,12.0,0.4,0.6,0.5,-4.73,0.0,3.45,0.21,13.0,4.57,12.0,0.4,0.6,0.5,-0.35,3.85,6.38,2.71,13.0,4.42,12.0,0.4,0.6,0.5,1018.38,1022.85,1027.97,1023.99,14.0,4.72,12.0,0.4,0.6,0.4,3.9,7.0,8.0,6.1,13.0,2.4,14.0,0.4,0.6,0.4,-22.8,0.0,32.1,5.9,13.0,41.6,12.0,0.4,0.6,0.5,-3.8,15.8,44.5,14.5,13.0,39.0,12.0,0.4,0.6,0.5,-0.71,0.0,1.0,0.13,11.0,1.09,14.0,0.3,0.5,0.4,-5.5,0.0,5.6,1.1,10.0,8.6,12.0,0.3,0.5,0.5,1.73,2.73,4.45,2.89,10.0,1.67,14.0,0.3,0.5,0.4,13.5,17.6,22.9,19.2,9.0,12.0,14.0,0.3,0.5,0.5,-48.9,7.3,86.4,17.9,11.0,91.8,12.0,0.3,0.5,0.5,-16.9,80.9,126.6,54.3,11.0,90.0,12.0,0.3,0.5,0.5,-44.0,0.0,32.4,0.4,9.0,42.6,14.0,0.3,0.5,0.5,16.6,46.6,78.3,41.2,9.0,50.0,14.0,0.3,0.5,0.5,-14.3,0.0,7.5,-2.1,9.0,13.7,14.0,0.3,0.5,0.5,0.9,14.8,17.3,7.6,9.0,17.5,14.0,0.3,0.5,0.5,63.0,185.0,804.5,367.5,13.0,407.0,12.0,0.4,0.6,0.5,65.0,185.0,805.0,365.0,13.0,405.0,12.0,0.4,0.6,0.5
1974,2,321.0,32.0,18.0,19.25,20.0,19.0,10.0,0.95,16.0,0.6,0.6,0.4,17.35,18.65,20.25,18.92,12.0,1.83,16.0,0.5,0.6,0.4,9.35,10.23,11.31,10.2,10.0,1.38,16.0,0.6,0.6,0.4,69.9,77.6,82.0,76.4,10.0,7.2,16.0,0.6,0.4,4.6,7.7,10.3,7.37,12.0,3.03,16.0,0.5,0.6,0.4,-4.37,-3.24,3.81,-1.78,12.0,4.73,16.0,0.5,0.6,0.4,-7.34,1.44,6.67,-0.07,12.0,6.52,16.0,0.5,0.6,0.4,1020.7,1026.2,1028.08,1024.71,11.0,4.92,16.0,0.5,0.6,0.4,0.0,3.5,7.3,3.7,12.0,2.9,16.0,0.5,0.6,0.4,-38.6,-14.9,28.3,-17.5,12.0,49.7,16.0,0.5,0.6,0.4,-77.0,4.8,51.3,-7.1,12.0,60.4,16.0,0.5,0.6,0.4,-1.27,0.7,1.74,0.2,10.0,2.24,16.0,0.6,0.6,0.4,-6.8,5.6,15.8,3.6,10.0,12.8,16.0,0.6,0.6,0.4,2.03,3.6,4.77,3.32,10.0,1.58,16.0,0.6,0.6,0.4,12.4,24.7,41.6,26.3,10.0,16.7,16.0,0.6,0.6,0.4,-84.9,-64.0,67.5,-35.5,12.0,87.9,16.0,0.5,0.6,0.4,-124.9,26.3,126.9,6.0,12.0,122.9,16.0,0.5,0.6,0.4,-42.5,-32.1,36.6,-14.9,10.0,50.6,16.0,0.6,0.6,0.4,-65.8,-9.1,62.5,-7.3,10.0,65.5,16.0,0.6,0.6,0.4,-17.2,-7.1,15.9,-5.6,10.0,21.2,16.0,0.6,0.6,0.4,-27.9,-7.1,11.5,-8.1,10.0,22.3,16.0,0.6,0.6,0.4,97.5,456.5,1092.5,590.0,12.0,621.0,16.0,0.5,0.6,0.4,95.0,455.0,1095.0,590.0,12.0,620.0,16.0,0.5,0.6,0.4
1974,2,321.0,33.0,18.02,19.0,20.0,19.11,21.0,1.34,14.0,0.5,0.6,0.3,17.62,19.2,21.0,19.16,21.0,1.54,14.0,0.5,0.6,0.3,8.05,9.99,12.14,10.16,19.0,2.03,14.0,0.5,0.7,0.3,64.9,75.7,86.4,74.4,19.0,12.3,14.0,0.5,0.3,4.69,6.7,9.8,6.95,21.0,3.03,14.0,0.5,0.6,0.3,-2.06,2.55,7.01,1.63,21.0,4.57,14.0,0.5,0.6,0.3,-5.79,2.63,6.24,1.0,21.0,5.93,14.0,0.5,0.6,0.3,1018.35,1024.0,1028.24,1023.64,21.0,4.53,14.0,0.5,0.6,0.3,2.0,6.0,8.0,5.4,21.0,2.6,14.0,0.5,0.6,0.3,-16.1,9.9,64.4,14.6,21.0,43.2,14.0,0.5,0.6,0.3,-46.5,19.9,53.6,5.5,21.0,56.7,14.0,0.5,0.6,0.3,-1.0,0.0,1.4,0.03,20.0,1.81,14.0,0.5,0.6,0.3,-9.4,0.0,7.8,-1.6,19.0,12.7,14.0,0.5,0.6,0.3,1.28,3.14,6.75,3.54,19.0,2.39,14.0,0.5,0.7,0.3,6.7,18.1,34.2,18.6,18.0,14.5,14.0,0.5,0.7,0.3,-37.5,54.0,134.9,40.4,20.0,83.2,14.0,0.5,0.6,0.3,-103.0,64.5,125.4,31.8,20.0,113.1,14.0,0.5,0.6,0.3,-20.0,9.3,66.9,17.1,18.0,50.0,14.0,0.5,0.7,0.3,-58.2,24.4,70.2,13.1,18.0,67.4,14.0,0.5,0.7,0.3,-8.9,0.0,20.6,5.2,18.0,14.5,14.0,0.5,0.7,0.3,-15.1,4.9,15.7,0.1,18.0,18.4,14.0,0.5,0.7,0.3,103.5,301.0,941.0,518.0,21.0,568.0,14.0,0.5,0.6,0.3,105.0,300.0,940.0,520.0,21.0,570.0,14.0,0.5,0.6,0.3
1974,2,321.0,34.0,17.27,18.95,21.0,18.76,18.0,1.9,12.0,0.3,0.7,0.6,17.0,18.5,19.39,18.18,20.0,1.31,14.0,0.4,0.6,0.6,7.55,10.51,11.77,10.01,19.0,1.93,14.0,0.4,0.6,0.6,67.1,79.2,86.4,77.7,19.0,9.9,14.0,0.4,0.6,3.61,7.95,9.3,7.09,20.0,3.11,14.0,0.4,0.6,0.6,-1.33,2.25,5.27,1.88,20.0,3.38,14.0,0.4,0.6,0.6,-9.25,2.22,6.26,-0.05,20.0,6.89,14.0,0.4,0.6,0.6,1016.89,1024.4,1026.91,1022.82,21.0,7.85,14.0,0.4,0.6,0.6,2.0,7.0,8.0,5.5,20.0,2.5,14.0,0.4,0.6,0.6,-8.2,8.0,43.2,14.7,20.0,27.2,14.0,0.4,0.6,0.6,-86.0,8.2,51.3,-5.4,20.0,69.4,14.0,0.4,0.6,0.6,-1.29,0.3,1.45,0.29,17.0,2.44,12.0,0.3,0.7,0.6,-9.5,1.9,12.3,3.8,16.0,19.0,12.0,0.3,0.6,0.6,1.63,2.28,4.77,2.87,16.0,2.44,12.0,0.3,0.6,0.6,8.4,17.8,29.8,22.2,15.0,19.9,12.0,0.3,0.6,0.6,-28.2,25.1,96.5,31.6,19.0,60.3,14.0,0.4,0.6,0.6,-146.4,50.1,119.6,8.8,19.0,123.7,14.0,0.4,0.6,0.6,-17.2,5.7,49.3,15.7,18.0,30.7,14.0,0.4,0.6,0.6,-76.2,25.4,69.4,4.7,18.0,70.3,14.0,0.4,0.6,0.6,-2.4,6.8,11.0,3.4,15.0,11.3,12.0,0.3,0.6,0.6,-22.2,4.8,18.1,-3.3,15.0,27.8,12.0,0.3,0.6,0.6,47.0,504.0,804.5,553.5,20.0,589.5,14.0,0.4,0.6,0.6,45.0,505.0,805.0,555.0,20.0,590.0,14.0,0.4,0.6,0.6
1974,2,321.0,35.0,16.27,17.5,19.57,17.57,22.0,1.53,18.0,0.5,0.5,0.5,13.33,15.35,18.21,15.86,24.0,2.54,18.0,0.5,0.5,0.6,6.11,8.05,10.86,8.5,22.0,2.44,18.0,0.5,0.5,0.6,63.0,75.0,89.3,75.8,22.0,13.4,18.0,0.5,0.6,4.58,10.05,13.9,9.37,24.0,4.22,18.0,0.5,0.5,0.6,-1.79,2.4,10.0,3.59,24.0,5.65,18.0,0.5,0.5,0.6,-10.95,-1.08,6.47,-1.65,24.0,7.83,18.0,0.5,0.5,0.6,1015.43,1023.2,1027.98,1022.19,24.0,5.46,18.0,0.5,0.5,0.6,2.0,5.0,8.0,4.8,23.0,2.6,18.0,0.6,0.5,0.6,-11.9,15.7,114.6,46.6,24.0,76.7,18.0,0.5,0.5,0.6,-127.7,-3.8,75.9,-23.1,24.0,92.7,18.0,0.5,0.5,0.6,0.23,2.0,3.27,1.76,22.0,2.06,18.0,0.5,0.5,0.5,0.7,11.0,38.3,17.9,22.0,26.1,18.0,0.5,0.5,0.5,1.31,3.98,6.12,3.83,20.0,2.16,18.0,0.6,0.5,0.5,10.2,29.2,62.4,34.2,20.0,28.6,18.0,0.6,0.5,0.5,-35.5,38.0,165.1,56.9,24.0,90.0,18.0,0.5,0.5,0.6,-161.7,-16.4,112.2,-11.8,24.0,125.8,18.0,0.5,0.5,0.6,-19.8,20.1,91.1,35.6,22.0,52.7,18.0,0.5,0.5,0.6,-78.0,-14.4,50.4,-11.2,22.0,65.0,18.0,0.5,0.5,0.6,-10.5,9.6,38.3,12.5,20.0,28.6,18.0,0.6,0.5,0.5,-47.1,-10.9,5.0,-18.8,20.0,26.4,18.0,0.6,0.5,0.5,102.5,1017.0,2685.5,1285.5,24.0,1191.5,18.0,0.5,0.5,0.6,105.0,1015.0,2685.0,1285.0,24.0,1190.0,18.0,0.5,0.5,0.6
1974,2,321.0,36.0,16.02,16.6,17.69,16.77,15.0,0.74,18.0,0.6,0.6,0.4,13.11,15.0,16.61,14.79,15.0,2.25,18.0,0.6,0.5,0.4,6.08,7.89,9.87,7.95,13.0,1.99,16.0,0.7,0.6,0.4,54.1,78.0,91.6,76.5,13.0,15.8,16.0,0.7,0.4,5.1,6.7,12.67,8.71,16.0,4.68,18.0,0.6,0.5,0.5,-2.63,2.91,9.63,3.55,16.0,6.34,18.0,0.6,0.5,0.5,-7.18,-2.7,8.39,-0.42,16.0,6.99,18.0,0.6,0.5,0.5,1014.65,1020.5,1025.93,1020.74,16.0,5.63,18.0,0.6,0.5,0.5,3.0,6.0,8.0,5.6,15.0,2.3,18.0,0.6,0.5,0.4,-19.9,14.9,116.0,52.7,16.0,99.9,18.0,0.6,0.5,0.5,-74.4,-10.1,88.2,3.1,16.0,88.9,18.0,0.6,0.5,0.5,-0.29,2.0,3.99,2.0,14.0,2.46,18.0,0.6,0.5,0.4,-1.4,13.3,38.5,20.4,14.0,31.8,18.0,0.6,0.5,0.4,1.58,4.11,5.62,3.81,12.0,2.06,16.0,0.8,0.6,0.4,13.4,23.5,61.7,33.5,12.0,23.5,16.0,0.8,0.6,0.4,-24.8,49.3,133.7,57.3,15.0,92.9,18.0,0.6,0.5,0.4,-85.5,-38.4,150.9,10.8,15.0,106.2,18.0,0.6,0.5,0.4,-2.4,24.6,83.3,43.7,13.0,61.4,16.0,0.7,0.6,0.4,-52.2,-14.2,59.2,4.0,13.0,59.8,16.0,0.7,0.6,0.4,-5.7,12.2,37.7,13.3,12.0,25.6,16.0,0.8,0.6,0.4,-39.7,-3.5,12.9,-11.5,12.0,28.0,16.0,0.8,0.6,0.4,132.5,301.0,2038.0,1285.5,16.0,2080.0,18.0,0.6,0.5,0.5,135.0,300.0,2040.0,1285.0,16.0,2080.0,18.0,0.6,0.5,0.5
1974,2,321.0,37.0,15.1,16.1,17.37,16.5,21.0,1.37,14.0,0.5,0.5,0.4,14.97,17.0,17.93,16.57,21.0,1.61,14.0,0.5,0.5,0.4,7.11,10.47,11.26,9.53,20.0,2.11,14.0,0.5,0.5,0.4,69.2,83.7,90.9,80.2,20.0,13.9,14.0,0.5,0.4,7.56,10.3,12.9,10.51,19.0,4.24,14.0,0.4,0.5,0.4,-0.55,2.24,7.95,3.35,19.0,6.24,14.0,0.4,0.5,0.4,-1.38,7.89,12.14,5.06,19.0,7.53,14.0,0.4,0.5,0.4,1014.27,1021.1,1027.3,1020.84,21.0,6.05,14.0,0.5,0.5,0.4,1.2,6.0,8.0,5.2,21.0,3.1,14.0,0.5,0.5,0.4,-4.3,26.3,108.6,48.2,19.0,105.7,14.0,0.4,0.5,0.4,-8.0,74.9,149.3,59.8,19.0,90.7,14.0,0.4,0.5,0.4,-1.5,-0.2,1.1,-0.06,21.0,1.97,14.0,0.5,0.5,0.4,-21.3,0.0,10.9,-5.7,19.0,21.7,14.0,0.4,0.5,0.4,0.36,1.75,3.99,2.14,20.0,2.6,14.0,0.5,0.5,0.4,0.9,16.8,42.0,19.1,18.0,22.7,12.0,0.4,0.5,0.4,-9.5,37.4,142.1,59.8,19.0,109.4,14.0,0.4,0.5,0.4,-21.1,116.5,212.1,89.8,19.0,125.6,14.0,0.4,0.5,0.4,-12.2,24.2,90.9,36.1,18.0,65.6,12.0,0.4,0.5,0.4,-12.4,78.4,129.3,63.1,18.0,70.6,12.0,0.4,0.5,0.4,-6.6,0.4,18.0,4.7,18.0,16.3,12.0,0.4,0.5,0.4,-15.2,2.6,16.7,-2.0,18.0,24.6,12.0,0.4,0.5,0.4,434.0,1092.5,2146.5,1684.5,19.0,1931.5,14.0,0.4,0.5,0.4,435.0,1095.0,2145.0,1685.0,19.0,1930.0,14.0,0.4,0.5,0.4
1974,2,321.0,38.0,15.88,17.0,18.19,17.11,16.0,1.16,12.0,0.7,0.5,0.5,13.34,16.0,17.69,15.66,18.0,2.02,14.0,0.7,0.4,0.5,7.63,9.11,10.88,8.89,14.0,2.16,14.0,0.6,0.4,0.5,67.8,81.9,89.1,78.9,14.0,13.3,14.0,0.6,0.5,4.54,10.8,15.4,10.41,17.0,5.43,14.0,0.7,0.4,0.5,-1.85,1.48,12.48,3.98,17.0,7.24,14.0,0.7,0.4,0.5,-4.49,2.67,9.68,2.93,17.0,8.13,14.0,0.7,0.4,0.5,1006.5,1019.0,1027.29,1016.75,17.0,10.96,14.0,0.7,0.4,0.5,2.5,6.0,8.0,5.5,17.0,2.6,14.0,0.6,0.4,0.5,-14.0,2.3,172.9,57.5,17.0,100.4,14.0,0.7,0.4,0.5,-28.7,41.2,108.4,50.5,17.0,126.5,14.0,0.7,0.4,0.5,-0.81,0.7,4.55,1.48,16.0,2.6,12.0,0.7,0.5,0.5,-8.3,6.0,27.4,7.9,16.0,19.1,12.0,0.7,0.5,0.5,1.28,2.61,5.31,3.28,13.0,2.37,14.0,0.6,0.4,0.6,11.6,35.9,49.8,30.1,13.0,17.3,14.0,0.6,0.4,0.6,-27.0,23.6,196.7,62.0,17.0,111.3,14.0,0.7,0.4,0.5,-55.3,36.6,171.9,52.8,17.0,136.0,14.0,0.7,0.4,0.5,0.0,38.0,126.7,50.9,14.0,59.0,14.0,0.6,0.4,0.5,-10.1,41.1,109.2,49.5,14.0,72.3,14.0,0.6,0.4,0.5,0.0,9.1,38.4,14.0,13.0,24.2,14.0,0.6,0.4,0.6,-20.6,6.7,19.5,2.1,13.0,21.9,14.0,0.6,0.4,0.6,136.5,1259.5,3652.5,1966.5,17.0,2210.5,14.0,0.7,0.4,0.5,135.0,1260.0,3650.0,1965.0,17.0,2210.0,14.0,0.7,0.4,0.5
1974,2,321.0,39.0,15.44,16.5,17.64,16.27,13.0,1.64,16.0,0.3,0.4,0.4,12.32,13.9,17.03,14.26,15.0,2.43,16.0,0.4,0.5,0.4,5.61,7.17,10.63,7.86,14.0,2.47,16.0,0.4,0.5,0.4,63.6,76.1,90.1,75.9,14.0,12.3,16.0,0.4,0.4,5.34,10.3,14.85,9.84,15.0,4.72,16.0,0.4,0.5,0.4,0.31,3.28,9.68,4.9,15.0,6.53,16.0,0.4,0.5,0.4,-6.33,-2.29,10.51,0.54,15.0,7.58,16.0,0.4,0.5,0.4,1009.42,1017.3,1023.0,1016.66,15.0,8.27,16.0,0.4,0.5,0.4,3.0,5.0,8.0,5.3,15.0,2.4,16.0,0.4,0.5,0.4,0.7,29.6,139.0,67.4,15.0,111.4,16.0,0.4,0.5,0.4,-63.1,-15.4,116.5,13.3,15.0,89.0,16.0,0.4,0.5,0.4,-0.44,2.8,4.21,2.3,13.0,2.59,16.0,0.3,0.4,0.4,-5.0,16.8,49.8,17.3,13.0,27.3,16.0,0.3,0.4,0.4,0.89,4.32,6.64,3.94,13.0,2.62,16.0,0.3,0.4,0.4,7.9,28.5,71.6,33.1,13.0,30.4,16.0,0.3,0.4,0.4,4.3,40.4,161.2,69.4,15.0,93.1,16.0,0.4,0.5,0.4,-67.1,-28.4,167.9,17.3,15.0,119.7,16.0,0.4,0.5,0.4,0.6,20.3,84.1,31.8,14.0,47.5,16.0,0.4,0.5,0.4,-36.8,-19.6,107.8,15.1,14.0,74.4,16.0,0.4,0.5,0.4,0.9,13.2,31.2,19.6,13.0,30.5,16.0,0.3,0.4,0.4,-26.5,-10.0,11.3,-10.6,13.0,25.3,16.0,0.3,0.4,0.4,156.0,1092.5,3318.5,1596.5,15.0,1993.0,16.0,0.4,0.5,0.4,155.0,1095.0,3320.0,1595.0,15.0,1995.0,16.0,0.4,0.5,0.4
1974,2,321.0,40.0,13.41,14.5,15.23,14.5,17.0,1.09,12.0,0.5,0.6,0.5,10.0,13.0,15.39,12.64,18.0,2.54,14.0,0.5,0.6,0.5,5.0,5.99,8.16,6.46,14.0,2.05,14.0,0.5,0.7,0.6,61.4,72.4,85.1,72.3,14.0,12.9,14.0,0.5,0.6,10.15,13.9,18.15,13.76,18.0,4.78,14.0,0.5,0.6,0.5,3.24,7.03,16.75,8.18,18.0,7.08,14.0,0.5,0.6,0.5,-8.77,0.0,13.64,2.39,18.0,9.8,14.0,0.5,0.6,0.5,1009.05,1018.0,1022.52,1016.37,17.0,8.34,14.0,0.5,0.6,0.6,2.7,5.5,8.0,5.2,18.0,2.7,14.0,0.5,0.6,0.5,21.3,101.7,303.0,123.6,18.0,141.0,14.0,0.5,0.6,0.5,-93.1,0.0,195.5,37.3,18.0,160.2,14.0,0.5,0.6,0.5,-1.42,2.0,5.0,1.7,17.0,3.23,12.0,0.5,0.6,0.5,-16.9,18.0,62.0,24.4,17.0,52.6,12.0,0.5,0.6,0.5,1.57,4.33,5.97,3.74,13.0,2.5,12.0,0.5,0.7,0.6,8.6,57.3,81.8,49.7,13.0,42.4,12.0,0.5,0.7,0.6,32.4,100.9,179.2,102.1,18.0,83.3,14.0,0.5,0.6,0.5,-107.0,0.0,185.4,42.9,18.0,128.3,14.0,0.5,0.6,0.5,14.6,57.3,84.0,53.3,14.0,43.1,14.0,0.5,0.7,0.6,-52.1,0.0,96.3,13.2,14.0,71.0,14.0,0.5,0.7,0.6,-2.2,25.8,79.2,38.5,13.0,42.8,12.0,0.5,0.7,0.6,-28.7,0.0,7.1,-6.2,13.0,31.5,12.0,0.5,0.7,0.6,1047.0,2685.5,5983.0,3459.0,18.0,2883.0,14.0,0.5,0.6,0.5,1045.0,2685.0,5985.0,3460.0,18.0,2885.0,14.0,0.5,0.6,0.5
1974,2,321.0,41.0,13.2,14.7,14.97,14.3,9.0,1.03,12.0,0.3,0.6,0.3,10.35,11.4,13.95,11.92,9.0,1.96,12.0,0.3,0.6,0.3,4.3,6.83,8.23,6.71,6.0,2.26,12.0,0.5,0.7,0.2,56.4,80.4,94.4,77.0,6.0,18.7,12.0,0.5,0.2,5.57,13.7,15.4,11.65,8.0,4.77,10.0,0.3,0.6,0.3,2.96,7.7,9.82,6.33,8.0,4.47,10.0,0.3,0.6,0.3,-3.93,1.18,13.34,3.29,8.0,9.99,10.0,0.3,0.6,0.3,1004.73,1017.3,1026.15,1015.94,9.0,10.44,12.0,0.3,0.6,0.3,3.8,6.0,7.2,5.7,6.0,2.0,12.0,0.5,0.7,0.2,25.0,101.9,133.5,83.3,8.0,58.5,10.0,0.3,0.6,0.3,-45.5,2.7,205.4,52.8,8.0,152.0,10.0,0.3,0.6,0.3,1.03,2.6,3.82,2.38,9.0,1.61,12.0,0.3,0.6,0.3,6.8,24.7,35.7,22.5,8.0,16.6,10.0,0.3,0.6,0.3,2.08,3.35,5.97,3.57,6.0,2.28,12.0,0.5,0.7,0.2,15.5,27.2,51.2,30.9,5.0,21.6,8.0,0.4,0.7,0.3,40.1,94.3,115.3,76.5,8.0,51.5,10.0,0.3,0.6,0.3,-44.8,12.7,198.3,52.3,8.0,133.0,10.0,0.3,0.6,0.3,34.0,61.7,72.6,51.8,5.0,35.4,8.0,0.4,0.7,0.3,-36.8,17.1,115.3,32.9,5.0,88.2,8.0,0.4,0.7,0.3,-5.0,24.0,28.6,13.8,5.0,19.7,8.0,0.4,0.7,0.3,-16.7,0.0,31.7,5.3,5.0,31.6,8.0,0.4,0.7,0.3,207.0,2690.0,3652.5,2227.0,8.0,1723.0,10.0,0.3,0.6,0.3,205.0,2690.0,3650.0,2225.0,8.0,1725.0,10.0,0.3,0.6,0.3
1974,2,321.0,42.0,12.98,14.5,16.0,14.58,13.0,1.94,16.0,0.3,0.5,0.6,11.04,12.0,14.39,12.48,15.0,2.13,14.0,0.3,0.5,0.5,4.53,6.16,9.39,6.6,12.0,2.17,14.0,0.3,0.5,0.6,56.6,65.3,90.6,71.6,12.0,15.7,14.0,0.3,0.6,6.6,12.3,19.28,12.39,15.0,5.75,14.0,0.3,0.5,0.5,-1.26,3.52,11.87,5.6,15.0,7.06,14.0,0.3,0.5,0.5,-3.53,7.05,12.96,5.72,15.0,8.9,14.0,0.3,0.5,0.5,998.36,1020.0,1026.89,1015.39,15.0,12.61,14.0,0.3,0.5,0.5,6.8,8.0,8.0,7.0,13.0,1.7,14.0,0.4,0.5,0.5,-9.5,36.3,164.0,93.9,15.0,134.7,14.0,0.3,0.5,0.5,-16.2,63.0,180.6,85.0,15.0,149.8,14.0,0.3,0.5,0.5,-0.51,1.7,4.91,2.18,13.0,2.66,16.0,0.3,0.5,0.6,-4.8,12.4,35.3,23.5,13.0,40.7,16.0,0.3,0.5,0.6,0.9,3.67,5.48,3.68,12.0,2.51,14.0,0.3,0.5,0.6,15.4,28.5,58.9,42.9,12.0,46.0,14.0,0.3,0.5,0.6,-13.5,49.2,167.5,71.3,15.0,89.6,14.0,0.3,0.5,0.5,-28.2,86.8,193.5,82.2,15.0,116.4,14.0,0.3,0.5,0.5,-5.5,25.3,77.1,36.8,12.0,42.5,14.0,0.3,0.5,0.6,-4.3,41.6,139.9,59.7,12.0,70.9,14.0,0.3,0.5,0.6,-1.8,14.4,47.9,27.5,12.0,47.9,14.0,0.3,0.5,0.6,-6.9,14.9,35.7,11.7,12.0,29.3,14.0,0.3,0.5,0.6,299.0,1861.0,7174.5,3053.5,15.0,3182.5,14.0,0.3,0.5,0.5,300.0,1860.0,7175.0,3055.0,15.0,3180.0,14.0,0.3,0.5,0.5
1974,2,321.0,43.0,11.0,12.6,14.32,12.65,6.0,1.74,18.0,0.3,0.5,0.5,8.74,11.0,13.87,11.2,8.0,2.43,18.0,0.3,0.6,0.5,4.6,7.57,8.44,6.76,5.0,2.48,18.0,0.4,0.5,0.5,70.0,92.9,96.6,83.8,5.0,19.4,18.0,0.4,0.5,4.6,7.6,16.55,9.81,8.0,6.33,18.0,0.3,0.6,0.5,0.0,4.2,7.07,4.58,8.0,6.12,18.0,0.3,0.6,0.5,-2.31,-0.63,11.22,3.28,8.0,8.74,18.0,0.3,0.6,0.5,1018.11,1026.65,1031.6,1024.23,8.0,8.02,18.0,0.3,0.6,0.5,6.1,7.5,8.0,6.9,8.0,1.7,18.0,0.3,0.6,0.5,0.0,34.7,56.8,57.6,8.0,97.3,18.0,0.3,0.6,0.5,-10.4,-4.2,142.6,70.5,8.0,154.3,18.0,0.3,0.6,0.5,-0.66,3.0,4.07,2.05,6.0,3.19,18.0,0.3,0.5,0.5,-11.2,15.2,21.8,3.5,6.0,29.6,18.0,0.3,0.5,0.5,-0.29,2.49,4.11,2.11,5.0,3.07,18.0,0.4,0.5,0.5,-3.8,11.9,16.5,5.8,5.0,20.8,18.0,0.4,0.5,0.5,0.0,49.0,77.8,58.8,8.0,83.2,18.0,0.3,0.6,0.5,-19.5,-6.9,166.5,44.4,8.0,104.0,18.0,0.3,0.6,0.5,-3.5,0.0,75.0,36.1,5.0,75.2,18.0,0.4,0.5,0.5,-20.4,-8.0,56.9,20.2,5.0,76.9,18.0,0.4,0.5,0.5,-22.5,0.0,4.0,-7.5,5.0,16.5,18.0,0.4,0.5,0.5,-12.8,-6.3,4.3,-4.2,5.0,10.6,18.0,0.4,0.5,0.5,97.5,442.5,4606.0,2116.0,8.0,3157.0,18.0,0.3,0.6,0.5,95.0,445.0,4605.0,2115.0,8.0,3155.0,18.0,0.3,0.6,0.5
1974,2,321.0,44.0,11.9,13.0,14.0,12.92,6.0,1.02,18.0,0.7,0.7,0.5,8.0,9.75,13.42,10.08,8.0,2.83,20.0,0.6,0.6,0.6,4.46,5.32,6.62,5.53,4.0,1.31,18.0,0.8,0.7,0.3,62.8,69.5,77.7,70.2,4.0,9.6,18.0,0.8,0.3,7.37,12.6,15.24,11.58,8.0,4.59,20.0,0.6,0.6,0.6,-1.42,9.23,11.12,5.65,8.0,7.61,20.0,0.6,0.6,0.6,-6.43,-2.53,10.49,0.08,8.0,8.93,20.0,0.6,0.6,0.6,1007.71,1008.75,1027.44,1015.76,8.0,10.59,20.0,0.6,0.6,0.6,5.8,7.0,8.0,6.6,7.0,2.1,20.0,0.7,0.6,0.6,-4.6,109.3,151.2,66.0,8.0,111.6,20.0,0.6,0.6,0.6,-79.0,-13.9,161.5,22.6,8.0,137.8,20.0,0.6,0.6,0.6,-0.87,3.75,6.12,2.88,6.0,3.56,18.0,0.7,0.7,0.5,-14.5,39.0,58.3,28.2,6.0,43.5,18.0,0.7,0.7,0.5,1.93,3.27,3.93,2.94,3.0,1.49,14.0,1.0,0.9,0.3,22.7,28.4,46.3,34.4,3.0,18.0,14.0,1.0,0.9,0.3,-16.4,83.6,119.3,48.4,8.0,88.7,20.0,0.6,0.6,0.6,-50.3,-25.6,144.7,21.8,8.0,110.1,20.0,0.6,0.6,0.6,18.1,50.2,61.7,40.4,4.0,34.6,18.0,0.8,0.7,0.3,-22.4,-12.7,39.8,7.7,4.0,51.6,18.0,0.8,0.7,0.3,17.7,28.0,41.2,29.4,3.0,17.2,14.0,1.0,0.9,0.3,-20.2,-4.9,8.9,-5.6,3.0,21.4,14.0,1.0,0.9,0.3,405.0,2004.0,3551.5,2167.0,8.0,1926.0,20.0,0.6,0.6,0.6,405.0,2005.0,3550.0,2165.0,8.0,1925.0,20.0,0.6,0.6,0.6
1974,2,321.0,45.0,11.84,12.5,13.79,12.8,4.0,1.26,16.0,0.3,0.5,0.6,4.89,7.0,11.98,8.2,5.0,3.98,16.0,0.2,0.4,0.6,3.68,5.05,7.63,5.63,4.0,2.51,16.0,0.3,0.5,0.6,63.8,69.6,84.6,74.0,4.0,13.8,16.0,0.3,0.6,7.77,14.4,15.71,12.24,5.0,5.05,16.0,0.2,0.4,0.6,1.89,7.12,11.04,6.79,5.0,7.28,16.0,0.2,0.4,0.6,-4.17,2.55,13.1,4.02,5.0,9.05,16.0,0.2,0.4,0.6,1009.71,1012.5,1024.91,1016.88,5.0,9.51,16.0,0.2,0.4,0.6,6.5,7.5,8.0,7.3,4.0,1.0,16.0,0.3,0.5,0.7,1.1,66.3,182.3,95.1,5.0,135.6,16.0,0.2,0.4,0.6,-55.8,13.0,188.6,57.0,5.0,126.6,16.0,0.2,0.4,0.6,0.83,4.05,6.22,3.55,4.0,3.8,16.0,0.3,0.5,0.6,0.1,36.5,60.3,30.5,4.0,39.6,16.0,0.3,0.5,0.6,1.83,4.32,5.12,3.51,4.0,2.58,16.0,0.3,0.5,0.6,9.3,37.8,55.9,32.8,4.0,28.7,16.0,0.3,0.5,0.6,9.5,38.5,80.5,41.9,5.0,47.1,16.0,0.2,0.4,0.6,-19.7,17.9,161.4,59.8,5.0,95.9,16.0,0.2,0.4,0.6,0.1,21.0,45.6,22.8,4.0,32.8,16.0,0.3,0.5,0.6,-6.1,48.8,100.2,47.1,4.0,62.7,16.0,0.3,0.5,0.6,-6.2,9.2,30.6,12.1,4.0,22.7,16.0,0.3,0.5,0.6,-19.1,4.3,35.9,8.3,4.0,38.2,16.0,0.3,0.5,0.6,559.0,2986.0,4025.5,2548.0,5.0,2238.5,16.0,0.2,0.4,0.6,560.0,2985.0,4025.0,2550.0,5.0,2240.0,16.0,0.2,0.4,0.6
1974,2,321.0,46.0,10.05,11.0,12.29,11.3,9.0,1.44,14.0,0.3,0.7,0.5,5.88,8.6,12.29,8.69,9.0,3.46,14.0,0.3,0.7,0.5,4.73,5.74,7.1,6.05,8.0,1.55,14.0,0.4,0.7,0.5,77.0,84.9,92.0,84.2,8.0,9.8,14.0,0.4,0.5,8.65,12.65,18.94,13.86,8.0,5.04,16.0,0.3,0.7,0.4,-3.15,9.63,15.99,7.8,8.0,8.87,16.0,0.3,0.7,0.4,0.0,5.36,11.33,5.83,8.0,7.62,16.0,0.3,0.7,0.4,985.6,1004.5,1017.65,1002.08,9.0,17.38,14.0,0.3,0.7,0.5,6.2,8.0,8.0,7.4,8.0,1.2,14.0,0.4,0.8,0.5,-34.3,148.2,295.6,131.6,8.0,147.1,16.0,0.3,0.7,0.4,0.0,54.7,176.2,99.9,8.0,140.9,16.0,0.3,0.7,0.4,-0.53,2.6,5.72,2.61,9.0,4.13,14.0,0.3,0.7,0.5,-19.2,18.8,34.4,27.6,8.0,76.0,16.0,0.3,0.7,0.4,0.6,2.6,3.51,2.41,8.0,2.04,14.0,0.4,0.7,0.5,3.4,21.9,54.9,32.8,7.0,40.5,16.0,0.3,0.7,0.5,-29.6,80.7,104.0,69.0,8.0,90.4,16.0,0.3,0.7,0.4,0.0,47.4,134.0,70.9,8.0,95.3,16.0,0.3,0.7,0.4,-26.8,47.8,82.8,42.5,7.0,63.5,16.0,0.3,0.7,0.5,-1.0,44.9,87.3,44.6,7.0,55.1,16.0,0.3,0.7,0.5,-6.1,16.8,36.7,23.1,7.0,42.3,16.0,0.3,0.7,0.5,-5.9,0.0,17.9,7.0,7.0,20.6,16.0,0.3,0.7,0.5,696.5,2029.0,6800.5,3593.0,8.0,3217.0,16.0,0.3,0.7,0.4,695.0,2030.0,6800.0,3595.0,8.0,3215.0,16.0,0.3,0.7,0.4
1974,2,321.0,47.0,8.89,10.45,11.28,10.28,12.0,1.61,18.0,0.5,0.6,0.5,5.84,7.9,8.93,7.58,12.0,1.91,18.0,0.5,0.6,0.5,3.81,4.14,6.23,4.76,10.0,1.53,18.0,0.4,0.6,0.5,59.4,68.6,91.8,71.7,10.0,19.3,18.0,0.4,0.5,4.97,11.6,25.08,14.32,12.0,9.78,18.0,0.5,0.6,0.5,4.19,8.69,22.3,12.33,12.0,9.33,18.0,0.5,0.6,0.5,-5.56,0.89,5.01,0.7,12.0,8.11,18.0,0.5,0.6,0.5,991.24,1006.45,1018.42,1005.92,12.0,15.68,18.0,0.5,0.6,0.5,6.4,7.5,8.0,7.3,10.0,0.8,18.0,0.5,0.5,0.5,20.9,114.0,572.8,254.9,12.0,325.8,18.0,0.5,0.6,0.5,-105.2,4.2,101.0,-1.0,12.0,191.5,18.0,0.5,0.6,0.5,0.15,2.35,4.86,2.7,12.0,2.9,18.0,0.5,0.6,0.5,2.7,18.7,111.3,47.4,12.0,66.4,18.0,0.5,0.6,0.5,1.78,3.42,4.32,3.11,10.0,1.44,18.0,0.4,0.6,0.5,14.6,35.8,57.7,41.4,10.0,32.8,18.0,0.4,0.6,0.5,34.9,70.5,127.3,88.0,12.0,69.0,18.0,0.5,0.6,0.5,-39.9,6.3,27.1,5.7,12.0,70.9,18.0,0.5,0.6,0.5,18.9,40.3,133.5,66.3,10.0,64.0,18.0,0.4,0.6,0.5,-42.2,2.2,31.6,5.1,10.0,57.7,18.0,0.4,0.6,0.5,10.6,33.8,54.2,37.1,10.0,29.8,18.0,0.4,0.6,0.5,-15.4,2.8,9.5,2.6,10.0,23.5,18.0,0.4,0.6,0.5,123.5,1619.5,16694.5,7226.5,12.0,11022.0,18.0,0.5,0.6,0.5,125.0,1620.0,16695.0,7225.0,12.0,11020.0,18.0,0.5,0.6,0.5
1974,2,321.0,48.0,10.76,11.7,11.9,11.35,4.0,0.91,14.0,0.5,0.4,0.2,6.21,10.0,10.51,8.66,5.0,2.63,16.0,0.4,0.4,0.2,4.69,5.81,7.13,5.91,5.0,1.29,16.0,0.4,0.4,0.2,76.7,83.9,88.9,83.5,5.0,8.7,16.0,0.4,0.2,14.89,15.4,20.97,17.4,5.0,3.44,16.0,0.4,0.4,0.2,1.54,5.27,19.4,9.4,5.0,9.57,16.0,0.4,0.4,0.2,-5.28,10.8,14.38,5.1,5.0,12.48,16.0,0.4,0.4,0.2,999.19,1005.7,1019.44,1007.92,5.0,13.2,16.0,0.4,0.4,0.2,4.4,7.0,8.0,6.3,4.0,2.4,14.0,0.5,0.3,0.1,21.6,81.1,411.5,188.7,5.0,208.0,16.0,0.4,0.4,0.2,-81.4,193.0,234.7,88.1,5.0,199.2,16.0,0.4,0.4,0.2,0.19,1.0,4.43,2.25,4.0,3.24,14.0,0.5,0.4,0.2,2.7,15.1,87.3,43.6,4.0,67.9,14.0,0.5,0.4,0.2,1.3,1.77,3.14,2.2,4.0,1.38,14.0,0.5,0.4,0.2,19.0,26.1,59.9,38.8,4.0,32.3,14.0,0.5,0.4,0.2,17.6,52.7,112.5,62.5,5.0,53.1,16.0,0.4,0.4,0.2,-52.8,74.5,155.2,48.2,5.0,125.8,16.0,0.4,0.4,0.2,10.7,30.6,90.9,46.1,5.0,42.9,16.0,0.4,0.4,0.2,-30.7,51.5,102.8,35.6,5.0,80.2,16.0,0.4,0.4,0.2,1.8,7.1,50.3,25.2,4.0,41.1,14.0,0.5,0.4,0.2,-15.1,8.2,19.0,2.3,4.0,22.6,14.0,0.5,0.4,0.2,3320.5,3652.5,9229.5,5773.5,5.0,3373.0,16.0,0.4,0.4,0.2,3320.0,3650.0,9230.0,5775.0,5.0,3375.0,16.0,0.4,0.4,0.2
1974,2,321.0,49.0,6.68,8.2,10.41,8.57,6.0,2.27,16.0,0.8,0.8,0.3,5.81,7.0,10.14,7.83,7.0,3.51,16.0,0.9,0.7,0.4,4.44,4.84,6.5,5.46,3.0,1.6,14.0,0.7,0.7,0.6,74.0,92.9,95.3,84.9,3.0,17.1,14.0,0.7,0.6,11.92,12.9,18.24,14.51,7.0,4.47,16.0,0.9,0.7,0.4,-0.2,2.14,10.9,5.62,7.0,9.06,16.0,0.9,0.7,0.4,3.82,11.28,13.24,9.75,7.0,5.98,16.0,0.9,0.7,0.4,998.62,1010.65,1019.85,1008.32,6.0,13.92,16.0,0.8,0.8,0.3,5.0,7.0,8.0,6.7,7.0,1.4,16.0,0.9,0.7,0.4,-2.4,26.3,127.0,102.2,7.0,195.3,16.0,0.9,0.7,0.4,88.2,135.3,176.4,142.5,7.0,97.3,16.0,0.9,0.7,0.4,-0.64,0.4,3.4,1.6,6.0,3.33,16.0,0.8,0.8,0.3,-9.8,3.9,59.6,33.2,6.0,75.6,16.0,0.8,0.8,0.3,1.26,3.43,3.66,2.48,3.0,1.94,14.0,0.7,0.7,0.6,17.8,46.3,68.8,43.3,3.0,37.4,14.0,0.7,0.7,0.6,-1.4,20.9,64.0,29.6,7.0,45.9,16.0,0.9,0.7,0.4,7.6,91.0,130.9,86.4,7.0,64.9,16.0,0.9,0.7,0.4,3.3,10.3,69.4,35.7,3.0,53.2,14.0,0.7,0.7,0.6,30.3,58.7,107.9,68.8,3.0,57.5,14.0,0.7,0.7,0.6,2.6,8.0,55.8,28.7,3.0,42.9,14.0,0.7,0.7,0.6,7.4,13.8,35.5,21.3,3.0,21.5,14.0,0.7,0.7,0.6,1697.5,2146.5,6142.5,3883.5,7.0,4030.5,16.0,0.9,0.7,0.4,1700.0,2145.0,6140.0,3885.0,7.0,4030.0,16.0,0.9,0.7,0.4
1974,2,321.0,50.0,7.46,7.8,8.0,7.73,3.0,0.4,22.0,0.3,0.4,0.6,5.03,5.3,9.33,7.13,3.0,3.53,22.0,0.3,0.4,0.6,4.42,5.81,7.2,5.81,2.0,2.88,22.0,0.5,0.3,0.4,72.8,81.7,90.7,81.7,2.0,18.5,22.0,0.5,0.4,7.57,14.15,19.84,13.73,4.0,7.17,20.0,0.3,0.5,0.5,6.31,7.89,13.51,9.82,4.0,5.5,20.0,0.3,0.5,0.5,-4.92,-2.62,9.16,1.91,4.0,11.79,20.0,0.3,0.5,0.5,1003.03,1011.9,1016.84,1010.03,4.0,9.19,20.0,0.3,0.5,0.5,4.4,7.0,8.0,6.3,4.0,2.4,20.0,0.3,0.5,0.5,56.4,113.2,246.8,149.9,4.0,134.2,20.0,0.3,0.5,0.5,-78.8,-20.9,203.1,58.4,4.0,232.1,20.0,0.3,0.5,0.5,-1.87,2.5,2.98,0.6,3.0,3.91,22.0,0.3,0.4,0.6,-48.7,19.2,22.0,-12.6,3.0,58.7,22.0,0.3,0.4,0.6,-0.81,0.64,2.09,0.64,2.0,3.01,22.0,0.5,0.3,0.4,-21.7,-2.5,16.8,-2.5,2.0,39.9,22.0,0.5,0.3,0.4,33.6,46.3,68.6,51.0,3.0,26.0,22.0,0.3,0.4,0.6,-14.7,-10.1,144.8,63.3,3.0,133.0,22.0,0.3,0.4,0.6,36.5,44.1,51.7,44.1,2.0,15.8,22.0,0.5,0.3,0.4,14.0,69.9,125.8,69.9,2.0,115.8,22.0,0.5,0.3,0.4,-5.0,6.8,18.7,6.8,2.0,24.5,22.0,0.5,0.3,0.4,-25.6,-18.8,-12.0,-18.8,2.0,14.1,22.0,0.5,0.3,0.4,496.0,3831.5,7845.5,4155.5,4.0,4285.5,20.0,0.3,0.5,0.5,495.0,3830.0,7845.0,4155.0,4.0,4285.0,20.0,0.3,0.5,0.5
1974,2,321.0,51.0,5.49,7.8,9.18,7.55,8.0,1.75,6.0,0.3,0.6,0.4,2.07,4.6,5.35,3.77,9.0,3.14,8.0,0.2,0.5,0.4,3.6,3.8,5.26,4.46,5.0,1.54,10.0,0.2,0.6,0.4,69.2,81.7,91.1,80.8,5.0,13.7,10.0,0.2,0.4,6.78,8.0,18.03,11.6,9.0,5.87,8.0,0.2,0.5,0.4,-7.26,0.99,11.71,1.63,9.0,11.45,8.0,0.2,0.5,0.4,-9.01,-2.39,4.84,-1.84,9.0,6.92,8.0,0.2,0.5,0.4,982.3,999.7,1010.02,996.59,9.0,14.36,8.0,0.2,0.5,0.4,6.2,8.0,8.0,7.5,8.0,0.9,6.0,0.3,0.6,0.4,-56.3,5.6,179.2,30.1,9.0,202.1,8.0,0.2,0.5,0.4,-123.3,-16.8,29.3,-29.4,9.0,104.0,8.0,0.2,0.5,0.4,0.36,4.95,5.76,4.44,8.0,4.02,6.0,0.3,0.6,0.4,2.6,62.9,108.8,65.8,8.0,65.7,6.0,0.3,0.6,0.4,2.79,2.91,3.24,3.01,4.0,0.34,6.0,0.3,0.7,0.3,31.1,52.4,63.0,47.3,4.0,21.3,6.0,0.3,0.7,0.3,-35.6,-6.3,18.9,-2.8,9.0,42.0,8.0,0.2,0.5,0.4,-27.6,-15.0,9.6,-7.8,9.0,26.4,8.0,0.2,0.5,0.4,-29.7,7.1,52.7,8.5,5.0,55.1,10.0,0.2,0.6,0.4,-37.7,-24.1,14.7,-12.3,5.0,33.5,10.0,0.2,0.6,0.4,-28.4,15.8,51.4,11.7,4.0,50.8,6.0,0.3,0.7,0.3,-29.4,-23.5,-8.5,-19.2,4.0,13.9,6.0,0.3,0.7,0.3,312.0,512.0,5994.5,2701.5,9.0,3224.0,8.0,0.2,0.5,0.4,310.0,510.0,5995.0,2700.0,9.0,3225.0,8.0,0.2,0.5,0.4
1974,2,321.0,52.0,4.0,4.0,4.0,4.0,1.0,0.0,16.0,1.0,0.2,0.8,6.0,6.0,6.0,6.0,1.0,0.0,16.0,1.0,0.2,0.8,5.01,5.01,5.01,5.01,1.0,0.0,16.0,1.0,0.2,0.8,85.8,85.8,85.8,85.8,1.0,0.0,16.0,1.0,0.8,6.2,6.2,6.2,6.2,1.0,0.0,16.0,1.0,0.2,0.8,5.37,5.37,5.37,5.37,1.0,0.0,16.0,1.0,0.2,0.8,3.1,3.1,3.1,3.1,1.0,0.0,16.0,1.0,0.2,0.8,1003.0,1003.0,1003.0,1003.0,1.0,0.0,16.0,1.0,0.2,0.8,,,,,,,,,,,,,,,,,,,,,,,,,,,,,,,-2.0,-2.0,-2.0,-2.0,1.0,0.0,16.0,1.0,0.2,0.8,-12.4,-12.4,-12.4,-12.4,1.0,0.0,16.0,1.0,0.2,0.8,0.07,0.07,0.07,0.07,1.0,0.0,16.0,1.0,0.2,0.8,0.4,0.4,0.4,0.4,1.0,0.0,16.0,1.0,0.2,0.8,32.2,32.2,32.2,32.2,1.0,0.0,16.0,1.0,0.2,0.8,18.6,18.6,18.6,18.6,1.0,0.0,16.0,1.0,0.2,0.8,26.9,26.9,26.9,26.9,1.0,0.0,16.0,1.0,0.2,0.8,15.5,15.5,15.5,15.5,1.0,0.0,16.0,1.0,0.2,0.8,0.4,0.4,0.4,0.4,1.0,0.0,16.0,1.0,0.2,0.8,0.2,0.2,0.2,0.2,1.0,0.0,16.0,1.0,0.2,0.8,238.5,238.5,238.5,238.5,1.0,0.0,16.0,1.0,0.2,0.8,240.0,240.0,240.0,240.0,1.0,0.0,16.0,1.0,0.2,0.8
1974,2,321.0,53.0,3.95,4.65,6.19,5.05,4.0,1.45,16.0,0.8,0.5,0.6,3.59,3.8,3.9,3.75,4.0,0.25,16.0,0.8,0.5,0.6,3.59,3.68,3.76,3.68,2.0,0.18,14.0,1.0,0.2,0.7,71.5,73.0,74.5,73.0,2.0,3.0,14.0,1.0,0.7,9.81,13.4,13.95,11.95,4.0,3.34,16.0,0.8,0.5,0.6,-0.64,1.12,5.75,2.49,4.0,4.53,16.0,0.8,0.5,0.6,-11.73,-8.77,4.05,-4.06,4.0,12.28,16.0,0.8,0.5,0.6,1002.33,1003.05,1004.76,1003.53,4.0,1.75,16.0,0.8,0.5,0.6,2.6,6.0,6.7,4.7,3.0,3.2,14.0,1.0,0.5,0.5,-4.5,14.4,78.8,36.1,4.0,60.8,16.0,0.8,0.5,0.6,-156.3,-98.1,79.7,-41.0,4.0,166.1,16.0,0.8,0.5,0.6,0.05,0.8,2.6,1.3,4.0,1.68,16.0,0.8,0.5,0.6,0.6,5.9,31.4,15.5,4.0,23.7,16.0,0.8,0.5,0.6,1.3,1.38,1.46,1.38,2.0,0.17,14.0,1.0,0.2,0.7,17.8,18.4,19.1,18.4,2.0,1.3,14.0,1.0,0.2,0.7,-2.4,4.3,22.8,9.9,4.0,18.1,16.0,0.8,0.5,0.6,-45.6,-34.4,12.5,-17.4,4.0,44.3,16.0,0.8,0.5,0.6,12.1,21.0,29.9,21.0,2.0,18.4,14.0,1.0,0.2,0.7,-44.4,-42.8,-41.2,-42.8,2.0,3.3,14.0,1.0,0.2,0.7,4.6,7.3,10.0,7.3,2.0,5.6,14.0,1.0,0.2,0.7,-18.2,-16.2,-14.3,-16.2,2.0,4.0,14.0,1.0,0.2,0.7,1201.5,2416.0,2716.0,1980.0,4.0,1124.0,16.0,0.8,0.5,0.6,1200.0,2415.0,2715.0,1980.0,4.0,1125.0,16.0,0.8,0.5,0.6
1974,2,321.0,54.0,4.63,6.0,7.57,6.1,3.0,2.15,16.0,0.7,0.8,0.3,0.83,2.0,3.41,2.06,5.0,2.21,14.0,0.6,0.7,0.5,2.12,2.12,2.12,2.12,1.0,0.0,2.0,1.0,0.6,0.2,47.1,47.1,47.1,47.1,1.0,0.0,2.0,1.0,0.2,4.38,6.7,14.56,9.26,5.0,6.29,14.0,0.6,0.7,0.5,0.0,2.0,14.34,6.51,5.0,8.4,14.0,0.6,0.7,0.5,-5.37,2.08,3.36,-0.49,5.0,4.8,14.0,0.6,0.7,0.5,988.13,993.0,1013.61,998.8,5.0,14.44,14.0,0.6,0.7,0.5,2.6,3.0,5.7,4.0,5.0,2.0,14.0,0.6,0.7,0.5,0.0,8.0,219.9,101.1,5.0,154.5,14.0,0.6,0.7,0.5,-29.8,13.9,38.8,7.1,5.0,41.7,14.0,0.6,0.7,0.5,2.48,3.5,7.6,5.0,3.0,3.97,16.0,0.7,0.8,0.3,38.0,38.0,40.7,39.3,3.0,2.3,16.0,0.7,0.8,0.3,3.07,3.07,3.07,3.07,1.0,0.0,2.0,1.0,0.6,0.2,58.4,58.4,58.4,58.4,1.0,0.0,2.0,1.0,0.6,0.2,-0.9,0.0,32.4,12.9,5.0,19.0,14.0,0.6,0.7,0.5,-18.1,-4.2,5.7,-7.0,5.0,16.2,14.0,0.6,0.7,0.5,39.7,39.7,39.7,39.7,1.0,0.0,2.0,1.0,0.6,0.2,7.0,7.0,7.0,7.0,1.0,0.0,2.0,1.0,0.6,0.2,57.5,57.5,57.5,57.5,1.0,0.0,2.0,1.0,0.6,0.2,10.1,10.1,10.1,10.1,1.0,0.0,2.0,1.0,0.6,0.2,85.0,301.0,3602.0,1810.0,5.0,2905.0,14.0,0.6,0.7,0.5,85.0,300.0,3600.0,1810.0,5.0,2905.0,14.0,0.6,0.7,0.5
1974,2,321.0,55.0,,,,,,,,,,,,,,,,,,,,,,,,,,,,,,,,,,,,,,,,8.65,12.85,17.05,12.85,2.0,8.7,16.0,0.5,0.5,0.4,7.29,11.92,16.56,11.92,2.0,9.6,16.0,0.5,0.5,0.4,-3.1,-0.5,2.09,-0.5,2.0,5.38,16.0,0.5,0.5,0.4,976.61,986.75,996.89,986.75,2.0,21.0,16.0,0.5,0.5,0.4,,,,,,,,,,,,,,,,,,,,,,,,,,,,,,,,,,,,,,,,,,,,,,,,,,,,,,,,,,,,,,,,,,,,,,,,,,,,,,,,,,,,,,,,,,,,,,,,,,,,,,,,,,,,,,,,,,,,,,,,,,,,,,,,,,,,,,,,,,,,,,,,,,,,,,
1974,2,321.0,56.0,,,,,,,,,,,,,,,,,,,,,,,,,,,,,,,,,,,,,,,,11.79,13.5,15.21,13.5,2.0,3.54,12.0,0.5,0.8,0.7,11.2,13.05,14.9,13.05,2.0,3.83,12.0,0.5,0.8,0.7,2.93,3.27,3.61,3.27,2.0,0.7,12.0,0.5,0.8,0.7,1000.42,1004.55,1008.68,1004.55,2.0,8.56,12.0,0.5,0.8,0.7,,,,,,,,,,,,,,,,,,,,,,,,,,,,,,,,,,,,,,,,,,,,,,,,,,,,,,,,,,,,,,,,,,,,,,,,,,,,,,,,,,,,,,,,,,,,,,,,,,,,,,,,,,,,,,,,,,,,,,,,,,,,,,,,,,,,,,,,,,,,,,,,,,,,,,
1974,2,321.0,57.0,,,,,,,,,,,,,,,,,,,,,,,,,,,,,,,,,,,,,,,,14.0,14.0,14.0,14.0,1.0,0.0,16.0,1.0,0.2,0.2,-12.12,-12.12,-12.12,-12.12,1.0,0.0,16.0,1.0,0.2,0.2,7.0,7.0,7.0,7.0,1.0,0.0,16.0,1.0,0.2,0.2,995.1,995.1,995.1,995.1,1.0,0.0,16.0,1.0,0.2,0.2,,,,,,,,,,,,,,,,,,,,,,,,,,,,,,,,,,,,,,,,,,,,,,,,,,,,,,,,,,,,,,,,,,,,,,,,,,,,,,,,,,,,,,,,,,,,,,,,,,,,,,,,,,,,,,,,,,,,,,,,,,,,,,,,,,,,,,,,,,,,,,,,,,,,,,
1974,2,321.0,58.0,,,,,,,,,,,,,,,,,,,,,,,,,,,,,,,,,,,,,,,,8.0,8.0,8.0,8.0,1.0,0.0,24.0,1.0,0.4,0.1,6.13,6.13,6.13,6.13,1.0,0.0,24.0,1.0,0.4,0.1,5.14,5.14,5.14,5.14,1.0,0.0,24.0,1.0,0.4,0.1,1000.33,1001.05,1001.77,1001.05,2.0,1.48,22.0,0.5,0.5,0.2,,,,,,,,,,,,,,,,,,,,,,,,,,,,,,,,,,,,,,,,,,,,,,,,,,,,,,,,,,,,,,,,,,,,,,,,,,,,,,,,,,,,,,,,,,,,,,,,,,,,,,,,,,,,,,,,,,,,,,,,,,,,,,,,,,,,,,,,,,,,,,,,,,,,,,
1974,2,321.0,59.0,2.24,2.75,3.26,2.75,2.0,1.06,14.0,1.0,0.4,0.2,-0.37,1.0,2.37,1.0,2.0,2.83,14.0,1.0,0.4,0.2,3.13,3.31,3.48,3.31,2.0,0.36,14.0,1.0,0.4,0.2,70.3,82.3,94.4,82.3,2.0,25.0,14.0,1.0,0.2,20.24,22.9,25.56,22.9,2.0,5.52,14.0,1.0,0.4,0.2,-7.99,6.12,20.24,6.12,2.0,29.24,14.0,1.0,0.4,0.2,-10.27,-6.11,-1.94,-6.11,2.0,8.64,14.0,1.0,0.4,0.2,999.45,1001.7,1003.95,1001.7,2.0,4.67,14.0,1.0,0.4,0.2,7.0,7.0,7.0,7.0,2.0,0.0,14.0,1.0,0.4,0.2,-118.7,220.8,560.4,220.8,2.0,703.4,14.0,1.0,0.4,0.2,-195.2,-116.0,-36.8,-116.0,2.0,164.1,14.0,1.0,0.4,0.2,0.9,1.75,2.6,1.75,2.0,1.77,14.0,1.0,0.4,0.2,20.8,45.0,69.1,45.0,2.0,50.1,14.0,1.0,0.4,0.2,1.02,1.35,1.69,1.35,2.0,0.69,14.0,1.0,0.4,0.2,25.1,29.1,33.1,29.1,2.0,8.3,14.0,1.0,0.4,0.2,-41.0,-35.2,-29.5,-35.2,2.0,11.9,14.0,1.0,0.4,0.2,-30.8,-18.3,-5.8,-18.3,2.0,25.9,14.0,1.0,0.4,0.2,-22.2,25.5,73.3,25.5,2.0,99.0,14.0,1.0,0.4,0.2,-31.4,-18.6,-5.9,-18.6,2.0,26.4,14.0,1.0,0.4,0.2,-18.9,-1.8,15.3,-1.8,2.0,35.3,14.0,1.0,0.4,0.2,-18.9,-11.2,-3.6,-11.2,2.0,15.9,14.0,1.0,0.4,0.2,8825.5,13054.0,17282.5,13054.0,2.0,8761.0,14.0,1.0,0.4,0.2,8825.0,13055.0,17285.0,13055.0,2.0,8760.0,14.0,1.0,0.4,0.2
1974,2,322.0,-70.0,,,,,,,,,,,,,,,,,,,,,,,,,,,,,,,,,,,,,,,,5.1,5.1,5.1,5.1,1.0,0.0,14.0,0.0,0.5,0.6,4.42,4.42,4.42,4.42,1.0,0.0,14.0,0.0,0.5,0.6,2.55,2.55,2.55,2.55,1.0,0.0,14.0,0.0,0.5,0.6,987.7,987.7,987.7,987.7,1.0,0.0,14.0,0.0,0.5,0.6,,,,,,,,,,,,,,,,,,,,,,,,,,,,,,,,,,,,,,,,,,,,,,,,,,,,,,,,,,,,,,,,,,,,,,,,,,,,,,,,,,,,,,,,,,,,,,,,,,,,,,,,,,,,,,,,,,,,,,,,,,,,,,,,,,,,,,,,,,,,,,,,,,,,,,
1974,2,322.0,-61.0,0.43,0.5,0.57,0.5,2.0,0.14,22.0,0.5,0.8,0.3,0.13,0.2,0.27,0.2,2.0,0.14,22.0,0.5,0.8,0.3,3.25,3.34,3.43,3.34,2.0,0.18,22.0,0.5,0.8,0.3,83.6,85.5,87.4,85.5,2.0,4.0,22.0,0.5,0.3,3.84,4.35,4.86,4.35,2.0,1.06,22.0,0.5,0.8,0.3,1.96,2.43,2.9,2.43,2.0,0.97,22.0,0.5,0.8,0.3,2.27,3.3,4.32,3.3,2.0,2.12,22.0,0.5,0.8,0.3,992.12,993.45,994.78,993.45,2.0,2.76,22.0,0.5,0.8,0.3,8.0,8.0,8.0,8.0,2.0,0.0,22.0,0.5,0.8,0.3,9.3,10.1,10.9,10.1,2.0,1.6,22.0,0.5,0.8,0.3,9.3,15.5,21.6,15.5,2.0,12.7,22.0,0.5,0.8,0.3,0.16,0.3,0.44,0.3,2.0,0.28,22.0,0.5,0.8,0.3,0.7,1.2,1.6,1.2,2.0,0.9,22.0,0.5,0.8,0.3,0.54,0.65,0.77,0.65,2.0,0.23,22.0,0.5,0.8,0.3,2.6,2.7,2.9,2.7,2.0,0.3,22.0,0.5,0.8,0.3,0.3,0.4,0.5,0.4,2.0,0.1,22.0,0.5,0.8,0.3,0.4,0.8,1.2,0.8,2.0,0.9,22.0,0.5,0.8,0.3,6.7,8.0,9.4,8.0,2.0,2.8,22.0,0.5,0.8,0.3,7.5,11.2,14.9,11.2,2.0,7.7,22.0,0.5,0.8,0.3,1.1,1.7,2.3,1.7,2.0,1.2,22.0,0.5,0.8,0.3,1.6,1.9,2.2,1.9,2.0,0.6,22.0,0.5,0.8,0.3,60.5,89.5,119.0,89.5,2.0,61.0,22.0,0.5,0.8,0.3,60.0,90.0,120.0,90.0,2.0,60.0,22.0,0.5,0.8,0.3
1974,2,322.0,-60.0,1.6,1.6,1.6,1.6,1.0,0.0,22.0,0.0,0.3,0.1,1.5,1.5,1.5,1.5,1.0,0.0,22.0,0.0,0.3,0.1,4.3,4.3,4.3,4.3,1.0,0.0,22.0,0.0,0.3,0.1,100.0,100.0,100.0,100.0,1.0,0.0,22.0,0.0,0.1,5.1,5.1,5.1,5.1,1.0,0.0,22.0,0.0,0.3,0.1,4.42,4.42,4.42,4.42,1.0,0.0,22.0,0.0,0.3,0.1,2.55,2.55,2.55,2.55,1.0,0.0,22.0,0.0,0.3,0.1,991.0,991.0,991.0,991.0,1.0,0.0,22.0,0.0,0.3,0.1,8.0,8.0,8.0,8.0,1.0,0.0,22.0,0.0,0.3,0.1,22.5,22.5,22.5,22.5,1.0,0.0,22.0,0.0,0.3,0.1,13.0,13.0,13.0,13.0,1.0,0.0,22.0,0.0,0.3,0.1,0.1,0.1,0.1,0.1,1.0,0.0,22.0,0.0,0.3,0.1,0.5,0.5,0.5,0.5,1.0,0.0,22.0,0.0,0.3,0.1,0.03,0.03,0.03,0.03,1.0,0.0,22.0,0.0,0.3,0.1,0.2,0.2,0.2,0.2,1.0,0.0,22.0,0.0,0.3,0.1,6.6,6.6,6.6,6.6,1.0,0.0,22.0,0.0,0.3,0.1,3.8,3.8,3.8,3.8,1.0,0.0,22.0,0.0,0.3,0.1,19.0,19.0,19.0,19.0,1.0,0.0,22.0,0.0,0.3,0.1,11.0,11.0,11.0,11.0,1.0,0.0,22.0,0.0,0.3,0.1,0.1,0.1,0.1,0.1,1.0,0.0,22.0,0.0,0.3,0.1,0.1,0.1,0.1,0.1,1.0,0.0,22.0,0.0,0.3,0.1,132.5,132.5,132.5,132.5,1.0,0.0,22.0,0.0,0.3,0.1,135.0,135.0,135.0,135.0,1.0,0.0,22.0,0.0,0.3,0.1
1974,2,322.0,-59.0,1.9,1.9,1.9,1.9,1.0,0.0,2.0,0.0,0.8,0.6,2.8,2.8,2.8,2.8,1.0,0.0,2.0,0.0,0.8,0.6,4.75,4.75,4.75,4.75,1.0,0.0,2.0,0.0,0.8,0.6,100.0,100.0,100.0,100.0,1.0,0.0,2.0,0.0,0.6,12.9,12.9,12.9,12.9,1.0,0.0,2.0,0.0,0.8,0.6,12.12,12.12,12.12,12.12,1.0,0.0,2.0,0.0,0.8,0.6,-4.41,-4.41,-4.41,-4.41,1.0,0.0,2.0,0.0,0.8,0.6,986.3,986.3,986.3,986.3,1.0,0.0,2.0,0.0,0.8,0.6,,,,,,,,,,,,,,,,,,,,,,,,,,,,,,,-0.9,-0.9,-0.9,-0.9,1.0,0.0,2.0,0.0,0.8,0.6,-11.6,-11.6,-11.6,-11.6,1.0,0.0,2.0,0.0,0.8,0.6,-0.3,-0.3,-0.3,-0.3,1.0,0.0,2.0,0.0,0.8,0.6,-3.8,-3.8,-3.8,-3.8,1.0,0.0,2.0,0.0,0.8,0.6,33.9,33.9,33.9,33.9,1.0,0.0,2.0,0.0,0.8,0.6,-12.4,-12.4,-12.4,-12.4,1.0,0.0,2.0,0.0,0.8,0.6,57.5,57.5,57.5,57.5,1.0,0.0,2.0,0.0,0.8,0.6,-20.9,-20.9,-20.9,-20.9,1.0,0.0,2.0,0.0,0.8,0.6,-3.6,-3.6,-3.6,-3.6,1.0,0.0,2.0,0.0,0.8,0.6,1.3,1.3,1.3,1.3,1.0,0.0,2.0,0.0,0.8,0.6,2146.5,2146.5,2146.5,2146.5,1.0,0.0,2.0,0.0,0.8,0.6,2145.0,2145.0,2145.0,2145.0,1.0,0.0,2.0,0.0,0.8,0.6
1974,2,322.0,-57.0,3.5,3.5,3.5,3.5,1.0,0.0,18.0,0.0,0.3,0.9,2.5,2.5,2.5,2.5,1.0,0.0,18.0,0.0,0.3,0.9,4.14,4.14,4.14,4.14,1.0,0.0,18.0,0.0,0.3,0.9,91.1,91.1,91.1,91.1,1.0,0.0,18.0,0.0,0.9,10.8,10.8,10.8,10.8,1.0,0.0,18.0,0.0,0.3,0.9,10.64,10.64,10.64,10.64,1.0,0.0,18.0,0.0,0.3,0.9,1.88,1.88,1.88,1.88,1.0,0.0,18.0,0.0,0.3,0.9,1007.4,1007.4,1007.4,1007.4,1.0,0.0,18.0,0.0,0.3,0.9,8.0,8.0,8.0,8.0,1.0,0.0,18.0,0.0,0.3,0.9,114.9,114.9,114.9,114.9,1.0,0.0,18.0,0.0,0.3,0.9,20.3,20.3,20.3,20.3,1.0,0.0,18.0,0.0,0.3,0.9,1.0,1.0,1.0,1.0,1.0,0.0,18.0,0.0,0.3,0.9,10.8,10.8,10.8,10.8,1.0,0.0,18.0,0.0,0.3,0.9,0.74,0.74,0.74,0.74,1.0,0.0,18.0,0.0,0.3,0.9,8.0,8.0,8.0,8.0,1.0,0.0,18.0,0.0,0.3,0.9,26.6,26.6,26.6,26.6,1.0,0.0,18.0,0.0,0.3,0.9,4.7,4.7,4.7,4.7,1.0,0.0,18.0,0.0,0.3,0.9,44.1,44.1,44.1,44.1,1.0,0.0,18.0,0.0,0.3,0.9,7.8,7.8,7.8,7.8,1.0,0.0,18.0,0.0,0.3,0.9,7.9,7.9,7.9,7.9,1.0,0.0,18.0,0.0,0.3,0.9,1.4,1.4,1.4,1.4,1.0,0.0,18.0,0.0,0.3,0.9,1259.5,1259.5,1259.5,1259.5,1.0,0.0,18.0,0.0,0.3,0.9,1260.0,1260.0,1260.0,1260.0,1.0,0.0,18.0,0.0,0.3,0.9
1974,2,322.0,-55.0,3.0,4.0,4.43,3.82,5.0,0.84,22.0,0.6,0.3,0.9,3.13,3.6,4.34,3.7,5.0,0.63,22.0,0.6,0.3,0.9,3.91,3.94,4.65,4.25,5.0,0.55,22.0,0.6,0.3,0.9,80.4,82.4,91.9,85.7,5.0,8.2,22.0,0.6,0.9,2.6,6.7,8.28,5.78,5.0,3.05,22.0,0.6,0.3,0.9,0.0,2.56,3.77,2.19,5.0,2.4,22.0,0.6,0.3,0.9,0.29,3.35,8.28,4.16,5.0,4.2,22.0,0.6,0.3,0.9,1002.28,1009.2,1012.52,1007.54,5.0,6.41,22.0,0.6,0.3,0.9,6.3,7.0,7.4,6.8,5.0,1.1,22.0,0.6,0.3,0.9,0.0,6.7,18.5,10.5,5.0,16.2,22.0,0.6,0.3,0.9,0.7,22.4,69.2,33.9,5.0,38.0,22.0,0.6,0.3,0.9,-0.24,0.0,0.54,0.12,5.0,0.41,22.0,0.6,0.3,0.9,-0.6,0.0,4.3,1.5,5.0,2.6,22.0,0.6,0.3,0.9,0.6,0.77,0.92,0.75,5.0,0.28,22.0,0.6,0.3,0.9,2.0,2.8,6.7,4.1,5.0,2.5,22.0,0.6,0.3,0.9,0.0,8.3,16.3,9.0,5.0,10.5,22.0,0.6,0.3,0.9,1.2,14.7,26.9,14.7,5.0,14.2,22.0,0.6,0.3,0.9,0.0,10.1,17.5,10.1,5.0,12.3,22.0,0.6,0.3,0.9,1.1,17.4,33.6,17.9,5.0,17.5,22.0,0.6,0.3,0.9,0.0,1.7,2.3,1.3,5.0,1.2,22.0,0.6,0.3,0.9,0.3,1.0,6.7,3.0,5.0,3.5,22.0,0.6,0.3,0.9,17.5,301.0,583.5,319.5,5.0,330.5,22.0,0.6,0.3,0.9,20.0,300.0,585.0,320.0,5.0,330.0,22.0,0.6,0.3,0.9
1974,2,322.0,-54.0,3.63,3.9,4.72,4.17,3.0,0.83,26.0,0.3,0.7,0.2,4.59,5.0,5.34,4.97,3.0,0.55,26.0,0.3,0.7,0.2,4.98,5.1,5.2,5.09,3.0,0.16,26.0,0.3,0.7,0.2,91.3,91.3,97.2,94.2,3.0,5.0,26.0,0.3,0.2,10.1,10.3,10.78,10.43,3.0,0.51,26.0,0.3,0.7,0.2,9.78,10.0,10.23,10.01,3.0,0.33,26.0,0.3,0.7,0.2,-3.69,-3.52,-1.12,-2.43,3.0,2.11,26.0,0.3,0.7,0.2,1004.06,1013.0,1013.89,1009.07,3.0,7.97,26.0,0.3,0.7,0.2,8.0,8.0,8.0,8.0,1.0,0.0,22.0,0.0,0.6,0.1,99.8,100.0,109.4,104.5,3.0,8.0,26.0,0.3,0.7,0.2,-39.8,-36.3,-11.5,-25.9,3.0,22.6,26.0,0.3,0.7,0.2,-1.57,-1.5,0.0,-0.8,3.0,1.3,26.0,0.3,0.7,0.2,-16.3,-16.0,-0.2,-8.4,3.0,13.5,26.0,0.3,0.7,0.2,-0.09,-0.07,0.16,0.03,3.0,0.2,26.0,0.3,0.7,0.2,-1.0,-0.8,1.6,0.3,3.0,2.1,26.0,0.3,0.7,0.2,45.5,51.7,53.9,49.8,3.0,6.4,26.0,0.3,0.7,0.2,-17.8,-15.5,-4.9,-11.4,3.0,10.0,26.0,0.3,0.7,0.2,50.8,50.9,51.0,50.9,3.0,0.1,26.0,0.3,0.7,0.2,-18.5,-18.5,-5.9,-12.3,3.0,10.7,26.0,0.3,0.7,0.2,-1.0,-0.7,1.5,0.3,3.0,2.0,26.0,0.3,0.7,0.2,-0.6,0.0,0.2,-0.2,3.0,0.6,26.0,0.3,0.7,0.2,1029.5,1092.5,1255.5,1141.0,3.0,170.5,26.0,0.3,0.7,0.2,1030.0,1095.0,1255.0,1140.0,3.0,170.0,26.0,0.3,0.7,0.2
1974,2,322.0,-39.0,19.0,19.0,19.0,19.0,1.0,0.0,16.0,1.0,0.4,0.7,15.5,15.5,15.5,15.5,1.0,0.0,16.0,1.0,0.4,0.7,7.81,7.81,7.81,7.81,1.0,0.0,16.0,1.0,0.4,0.7,71.2,71.2,71.2,71.2,1.0,0.0,16.0,1.0,0.7,12.3,12.3,12.3,12.3,1.0,0.0,16.0,1.0,0.4,0.7,12.11,12.11,12.11,12.11,1.0,0.0,16.0,1.0,0.4,0.7,-2.14,-2.14,-2.14,-2.14,1.0,0.0,16.0,1.0,0.4,0.7,1007.0,1007.0,1007.0,1007.0,1.0,0.0,16.0,1.0,0.4,0.7,6.0,6.0,6.0,6.0,1.0,0.0,16.0,1.0,0.4,0.7,149.0,149.0,149.0,149.0,1.0,0.0,16.0,1.0,0.4,0.7,-26.3,-26.3,-26.3,-26.3,1.0,0.0,16.0,1.0,0.4,0.7,3.5,3.5,3.5,3.5,1.0,0.0,16.0,1.0,0.4,0.7,43.1,43.1,43.1,43.1,1.0,0.0,16.0,1.0,0.4,0.7,5.94,5.94,5.94,5.94,1.0,0.0,16.0,1.0,0.4,0.7,73.0,73.0,73.0,73.0,1.0,0.0,16.0,1.0,0.4,0.7,187.8,187.8,187.8,187.8,1.0,0.0,16.0,1.0,0.4,0.7,-33.1,-33.1,-33.1,-33.1,1.0,0.0,16.0,1.0,0.4,0.7,94.5,94.5,94.5,94.5,1.0,0.0,16.0,1.0,0.4,0.7,-16.7,-16.7,-16.7,-16.7,1.0,0.0,16.0,1.0,0.4,0.7,71.9,71.9,71.9,71.9,1.0,0.0,16.0,1.0,0.4,0.7,-12.7,-12.7,-12.7,-12.7,1.0,0.0,16.0,1.0,0.4,0.7,1861.0,1861.0,1861.0,1861.0,1.0,0.0,16.0,1.0,0.4,0.7,1860.0,1860.0,1860.0,1860.0,1.0,0.0,16.0,1.0,0.4,0.7
1974,2,322.0,-36.0,,,,,,,,,,,,,,,,,,,,,,,,,,,,,,,,,,,,,,,,12.0,12.0,12.0,12.0,1.0,0.0,16.0,1.0,0.2,0.9,11.28,11.28,11.28,11.28,1.0,0.0,16.0,1.0,0.2,0.9,4.1,4.1,4.1,4.1,1.0,0.0,16.0,1.0,0.2,0.9,1010.7,1010.7,1010.7,1010.7,1.0,0.0,16.0,1.0,0.2,0.9,,,,,,,,,,,,,,,,,,,,,,,,,,,,,,,,,,,,,,,,,,,,,,,,,,,,,,,,,,,,,,,,,,,,,,,,,,,,,,,,,,,,,,,,,,,,,,,,,,,,,,,,,,,,,,,,,,,,,,,,,,,,,,,,,,,,,,,,,,,,,,,,,,,,,,
1974,2,322.0,-35.0,,,,,,,,,,,,,,,,,,,,,,,,,,,,,,,,,,,,,,,,10.8,10.8,10.8,10.8,1.0,0.0,16.0,1.0,1.0,0.7,10.15,10.15,10.15,10.15,1.0,0.0,16.0,1.0,1.0,0.7,-3.69,-3.69,-3.69,-3.69,1.0,0.0,16.0,1.0,1.0,0.7,1011.5,1011.5,1011.5,1011.5,1.0,0.0,16.0,1.0,1.0,0.7,,,,,,,,,,,,,,,,,,,,,,,,,,,,,,,,,,,,,,,,,,,,,,,,,,,,,,,,,,,,,,,,,,,,,,,,,,,,,,,,,,,,,,,,,,,,,,,,,,,,,,,,,,,,,,,,,,,,,,,,,,,,,,,,,,,,,,,,,,,,,,,,,,,,,,
1974,2,322.0,-33.0,19.2,19.2,19.2,19.2,1.0,0.0,22.0,0.0,0.1,0.5,17.8,17.8,17.8,17.8,1.0,0.0,22.0,0.0,0.1,0.5,9.76,9.76,9.76,9.76,1.0,0.0,22.0,0.0,0.1,0.5,78.4,78.4,78.4,78.4,1.0,0.0,22.0,0.0,0.5,7.7,7.7,7.7,7.7,1.0,0.0,22.0,0.0,0.1,0.5,0.0,0.0,0.0,0.0,1.0,0.0,22.0,0.0,0.1,0.5,-7.7,-7.7,-7.7,-7.7,1.0,0.0,22.0,0.0,0.1,0.5,1028.4,1028.4,1028.4,1028.4,1.0,0.0,22.0,0.0,0.1,0.5,4.0,4.0,4.0,4.0,1.0,0.0,22.0,0.0,0.1,0.5,0.0,0.0,0.0,0.0,1.0,0.0,22.0,0.0,0.1,0.5,-59.3,-59.3,-59.3,-59.3,1.0,0.0,22.0,0.0,0.1,0.5,1.4,1.4,1.4,1.4,1.0,0.0,22.0,0.0,0.1,0.5,10.8,10.8,10.8,10.8,1.0,0.0,22.0,0.0,0.1,0.5,3.86,3.86,3.86,3.86,1.0,0.0,22.0,0.0,0.1,0.5,29.7,29.7,29.7,29.7,1.0,0.0,22.0,0.0,0.1,0.5,0.0,0.0,0.0,0.0,1.0,0.0,22.0,0.0,0.1,0.5,-137.1,-137.1,-137.1,-137.1,1.0,0.0,22.0,0.0,0.1,0.5,0.0,0.0,0.0,0.0,1.0,0.0,22.0,0.0,0.1,0.5,-75.2,-75.2,-75.2,-75.2,1.0,0.0,22.0,0.0,0.1,0.5,0.0,0.0,0.0,0.0,1.0,0.0,22.0,0.0,0.1,0.5,-29.7,-29.7,-29.7,-29.7,1.0,0.0,22.0,0.0,0.1,0.5,456.5,456.5,456.5,456.5,1.0,0.0,22.0,0.0,0.1,0.5,455.0,455.0,455.0,455.0,1.0,0.0,22.0,0.0,0.1,0.5
1974,2,322.0,-31.0,23.9,23.9,23.9,23.9,1.0,0.0,20.0,0.0,0.3,0.1,22.6,22.6,22.6,22.6,1.0,0.0,20.0,0.0,0.3,0.1,16.54,16.54,16.54,16.54,1.0,0.0,20.0,0.0,0.3,0.1,97.0,97.0,97.0,97.0,1.0,0.0,20.0,0.0,0.1,3.6,3.6,3.6,3.6,1.0,0.0,20.0,0.0,0.3,0.1,-3.6,-3.6,-3.6,-3.6,1.0,0.0,20.0,0.0,0.3,0.1,0.0,0.0,0.0,0.0,1.0,0.0,20.0,0.0,0.3,0.1,1014.5,1014.5,1014.5,1014.5,1.0,0.0,20.0,0.0,0.3,0.1,1.0,1.0,1.0,1.0,1.0,0.0,20.0,0.0,0.3,0.1,-13.0,-13.0,-13.0,-13.0,1.0,0.0,20.0,0.0,0.3,0.1,0.0,0.0,0.0,0.0,1.0,0.0,20.0,0.0,0.3,0.1,1.3,1.3,1.3,1.3,1.0,0.0,20.0,0.0,0.3,0.1,4.7,4.7,4.7,4.7,1.0,0.0,20.0,0.0,0.3,0.1,1.93,1.93,1.93,1.93,1.0,0.0,20.0,0.0,0.3,0.1,6.9,6.9,6.9,6.9,1.0,0.0,20.0,0.0,0.3,0.1,-81.4,-81.4,-81.4,-81.4,1.0,0.0,20.0,0.0,0.3,0.1,0.0,0.0,0.0,0.0,1.0,0.0,20.0,0.0,0.3,0.1,-59.6,-59.6,-59.6,-59.6,1.0,0.0,20.0,0.0,0.3,0.1,0.0,0.0,0.0,0.0,1.0,0.0,20.0,0.0,0.3,0.1,-6.9,-6.9,-6.9,-6.9,1.0,0.0,20.0,0.0,0.3,0.1,0.0,0.0,0.0,0.0,1.0,0.0,20.0,0.0,0.3,0.1,46.5,46.5,46.5,46.5,1.0,0.0,20.0,0.0,0.3,0.1,45.0,45.0,45.0,45.0,1.0,0.0,20.0,0.0,0.3,0.1
1974,2,322.0,-30.0,26.4,26.4,26.4,26.4,1.0,0.0,14.0,1.0,0.3,0.2,26.8,26.8,26.8,26.8,1.0,0.0,14.0,1.0,0.3,0.2,16.35,16.35,16.35,16.35,1.0,0.0,14.0,1.0,0.3,0.2,74.5,74.5,74.5,74.5,1.0,0.0,14.0,1.0,0.2,5.1,5.1,5.1,5.1,1.0,0.0,14.0,1.0,0.3,0.2,1.74,1.74,1.74,1.74,1.0,0.0,14.0,1.0,0.3,0.2,-4.79,-4.79,-4.79,-4.79,1.0,0.0,14.0,1.0,0.3,0.2,1013.7,1013.7,1013.7,1013.7,1.0,0.0,14.0,1.0,0.3,0.2,6.0,6.0,6.0,6.0,1.0,0.0,14.0,1.0,0.3,0.2,8.9,8.9,8.9,8.9,1.0,0.0,14.0,1.0,0.3,0.2,-24.4,-24.4,-24.4,-24.4,1.0,0.0,14.0,1.0,0.3,0.2,-0.4,-0.4,-0.4,-0.4,1.0,0.0,14.0,1.0,0.3,0.2,-2.0,-2.0,-2.0,-2.0,1.0,0.0,14.0,1.0,0.3,0.2,5.14,5.14,5.14,5.14,1.0,0.0,14.0,1.0,0.3,0.2,26.2,26.2,26.2,26.2,1.0,0.0,14.0,1.0,0.3,0.2,46.7,46.7,46.7,46.7,1.0,0.0,14.0,1.0,0.3,0.2,-128.4,-128.4,-128.4,-128.4,1.0,0.0,14.0,1.0,0.3,0.2,28.5,28.5,28.5,28.5,1.0,0.0,14.0,1.0,0.3,0.2,-78.4,-78.4,-78.4,-78.4,1.0,0.0,14.0,1.0,0.3,0.2,9.0,9.0,9.0,9.0,1.0,0.0,14.0,1.0,0.3,0.2,-24.7,-24.7,-24.7,-24.7,1.0,0.0,14.0,1.0,0.3,0.2,132.5,132.5,132.5,132.5,1.0,0.0,14.0,1.0,0.3,0.2,135.0,135.0,135.0,135.0,1.0,0.0,14.0,1.0,0.3,0.2
1974,2,322.0,-28.0,24.6,24.6,24.6,24.6,1.0,0.0,8.0,0.0,0.1,0.4,25.2,25.2,25.2,25.2,1.0,0.0,8.0,0.0,0.1,0.4,16.5,16.5,16.5,16.5,1.0,0.0,8.0,0.0,0.1,0.4,83.0,83.0,83.0,83.0,1.0,0.0,8.0,0.0,0.4,6.7,6.7,6.7,6.7,1.0,0.0,8.0,0.0,0.1,0.4,-6.6,-6.6,-6.6,-6.6,1.0,0.0,8.0,0.0,0.1,0.4,-1.16,-1.16,-1.16,-1.16,1.0,0.0,8.0,0.0,0.1,0.4,1017.1,1017.1,1017.1,1017.1,1.0,0.0,8.0,0.0,0.1,0.4,3.0,3.0,3.0,3.0,1.0,0.0,8.0,0.0,0.1,0.4,-44.2,-44.2,-44.2,-44.2,1.0,0.0,8.0,0.0,0.1,0.4,-7.8,-7.8,-7.8,-7.8,1.0,0.0,8.0,0.0,0.1,0.4,-0.6,-0.6,-0.6,-0.6,1.0,0.0,8.0,0.0,0.1,0.4,-4.0,-4.0,-4.0,-4.0,1.0,0.0,8.0,0.0,0.1,0.4,2.72,2.72,2.72,2.72,1.0,0.0,8.0,0.0,0.1,0.4,18.2,18.2,18.2,18.2,1.0,0.0,8.0,0.0,0.1,0.4,-166.3,-166.3,-166.3,-166.3,1.0,0.0,8.0,0.0,0.1,0.4,-29.3,-29.3,-29.3,-29.3,1.0,0.0,8.0,0.0,0.1,0.4,-108.9,-108.9,-108.9,-108.9,1.0,0.0,8.0,0.0,0.1,0.4,-19.2,-19.2,-19.2,-19.2,1.0,0.0,8.0,0.0,0.1,0.4,-18.0,-18.0,-18.0,-18.0,1.0,0.0,8.0,0.0,0.1,0.4,-3.2,-3.2,-3.2,-3.2,1.0,0.0,8.0,0.0,0.1,0.4,301.0,301.0,301.0,301.0,1.0,0.0,8.0,0.0,0.1,0.4,300.0,300.0,300.0,300.0,1.0,0.0,8.0,0.0,0.1,0.4
1974,2,322.0,-27.0,26.6,26.6,26.6,26.6,1.0,0.0,4.0,0.0,0.5,0.5,25.4,25.4,25.4,25.4,1.0,0.0,4.0,0.0,0.5,0.5,14.95,14.95,14.95,14.95,1.0,0.0,4.0,0.0,0.5,0.5,74.3,74.3,74.3,74.3,1.0,0.0,4.0,0.0,0.5,6.2,6.2,6.2,6.2,1.0,0.0,4.0,0.0,0.5,0.5,-3.1,-3.1,-3.1,-3.1,1.0,0.0,4.0,0.0,0.5,0.5,-5.37,-5.37,-5.37,-5.37,1.0,0.0,4.0,0.0,0.5,0.5,1016.5,1016.5,1016.5,1016.5,1.0,0.0,4.0,0.0,0.5,0.5,6.0,6.0,6.0,6.0,1.0,0.0,4.0,0.0,0.5,0.5,-19.2,-19.2,-19.2,-19.2,1.0,0.0,4.0,0.0,0.5,0.5,-33.3,-33.3,-33.3,-33.3,1.0,0.0,4.0,0.0,0.5,0.5,1.2,1.2,1.2,1.2,1.0,0.0,4.0,0.0,0.5,0.5,7.4,7.4,7.4,7.4,1.0,0.0,4.0,0.0,0.5,0.5,6.74,6.74,6.74,6.74,1.0,0.0,4.0,0.0,0.5,0.5,41.8,41.8,41.8,41.8,1.0,0.0,4.0,0.0,0.5,0.5,-78.7,-78.7,-78.7,-78.7,1.0,0.0,4.0,0.0,0.5,0.5,-136.4,-136.4,-136.4,-136.4,1.0,0.0,4.0,0.0,0.5,0.5,-46.4,-46.4,-46.4,-46.4,1.0,0.0,4.0,0.0,0.5,0.5,-80.3,-80.3,-80.3,-80.3,1.0,0.0,4.0,0.0,0.5,0.5,-20.9,-20.9,-20.9,-20.9,1.0,0.0,4.0,0.0,0.5,0.5,-36.2,-36.2,-36.2,-36.2,1.0,0.0,4.0,0.0,0.5,0.5,238.5,238.5,238.5,238.5,1.0,0.0,4.0,0.0,0.5,0.5,240.0,240.0,240.0,240.0,1.0,0.0,4.0,0.0,0.5,0.5
1974,2,322.0,-26.0,25.71,26.8,26.94,26.33,3.0,0.99,18.0,0.3,0.7,0.3,26.16,26.5,27.39,26.77,3.0,0.93,18.0,0.3,0.7,0.3,17.52,17.57,17.61,17.57,2.0,0.1,14.0,0.5,1.0,0.3,81.7,82.8,84.0,82.8,2.0,2.4,14.0,0.5,0.3,2.98,5.1,6.87,4.93,3.0,2.85,18.0,0.3,0.7,0.3,-6.56,-5.1,-2.98,-4.78,3.0,2.63,18.0,0.3,0.7,0.3,0.0,0.0,1.8,0.88,3.0,1.52,18.0,0.3,0.7,0.3,1013.53,1013.8,1016.74,1015.1,3.0,2.61,18.0,0.3,0.7,0.3,7.2,7.5,7.8,7.5,2.0,0.7,14.0,0.5,1.0,0.3,-46.3,-26.0,-11.0,-28.6,3.0,26.0,18.0,0.3,0.7,0.3,0.0,0.0,13.8,6.8,3.0,11.7,18.0,0.3,0.7,0.3,-1.62,0.5,0.7,-0.43,3.0,1.88,18.0,0.3,0.7,0.3,-2.3,3.9,4.0,0.9,3.0,5.3,18.0,0.3,0.7,0.3,4.36,4.53,4.7,4.53,2.0,0.35,14.0,0.5,1.0,0.3,24.2,29.3,34.5,29.3,2.0,10.6,14.0,0.5,1.0,0.3,-173.0,-132.6,-80.0,-126.6,3.0,68.3,18.0,0.3,0.7,0.3,0.0,0.0,47.6,23.3,3.0,40.3,18.0,0.3,0.7,0.3,-120.8,-108.3,-95.8,-108.3,2.0,25.9,14.0,0.5,1.0,0.3,7.3,23.0,38.8,23.0,2.0,32.6,14.0,0.5,1.0,0.3,-32.6,-28.2,-23.9,-28.2,2.0,9.0,14.0,0.5,1.0,0.3,2.0,6.3,10.6,6.3,2.0,8.9,14.0,0.5,1.0,0.3,47.5,132.5,353.5,199.0,3.0,231.5,18.0,0.3,0.7,0.3,50.0,135.0,355.0,200.0,3.0,230.0,18.0,0.3,0.7,0.3
1974,2,322.0,-25.0,26.71,27.15,27.59,27.15,2.0,0.92,22.0,1.0,0.5,0.5,28.0,28.0,28.0,28.0,1.0,0.0,22.0,1.0,0.5,0.1,19.3,19.3,19.3,19.3,1.0,0.0,22.0,1.0,0.5,0.1,81.8,81.8,81.8,81.8,1.0,0.0,22.0,1.0,0.1,3.62,5.8,7.98,5.8,2.0,4.53,22.0,1.0,0.5,0.5,0.92,2.89,4.87,2.89,2.0,4.09,22.0,1.0,0.5,0.5,-6.21,-4.75,-3.28,-4.75,2.0,3.04,22.0,1.0,0.5,0.5,1013.19,1013.6,1014.01,1013.6,2.0,0.85,22.0,1.0,0.5,0.5,0.8,2.5,4.2,2.5,2.0,3.5,22.0,1.0,0.5,0.5,8.3,26.0,43.8,26.0,2.0,36.8,22.0,1.0,0.5,0.5,-53.3,-34.4,-15.5,-34.4,2.0,39.1,22.0,1.0,0.5,0.5,-1.5,-1.5,-1.5,-1.5,1.0,0.0,22.0,1.0,0.5,0.1,-3.9,-3.9,-3.9,-3.9,1.0,0.0,22.0,1.0,0.5,0.1,2.34,2.34,2.34,2.34,1.0,0.0,22.0,1.0,0.5,0.1,6.1,6.1,6.1,6.1,1.0,0.0,22.0,1.0,0.5,0.1,0.0,0.0,0.0,0.0,1.0,0.0,22.0,1.0,0.5,0.1,-72.8,-72.8,-72.8,-72.8,1.0,0.0,22.0,1.0,0.5,0.1,0.0,0.0,0.0,0.0,1.0,0.0,22.0,1.0,0.5,0.1,-50.2,-50.2,-50.2,-50.2,1.0,0.0,22.0,1.0,0.5,0.1,0.0,0.0,0.0,0.0,1.0,0.0,22.0,1.0,0.5,0.1,-6.1,-6.1,-6.1,-6.1,1.0,0.0,22.0,1.0,0.5,0.1,130.5,373.5,616.0,373.5,2.0,503.0,22.0,1.0,0.5,0.5,130.0,375.0,615.0,375.0,2.0,505.0,22.0,1.0,0.5,0.5
1974,2,322.0,-24.0,27.52,27.55,27.58,27.55,2.0,0.07,18.0,0.5,0.2,0.8,27.71,27.95,28.19,27.95,2.0,0.49,18.0,0.5,0.2,0.8,18.25,18.25,18.25,18.25,1.0,0.0,22.0,0.0,0.3,0.8,79.3,79.3,79.3,79.3,1.0,0.0,22.0,0.0,0.8,3.1,3.3,3.5,3.3,2.0,0.42,18.0,0.5,0.2,0.8,-2.48,-1.89,-1.3,-1.89,2.0,1.22,18.0,0.5,0.2,0.8,-2.74,-2.57,-2.39,-2.57,2.0,0.36,18.0,0.5,0.2,0.8,1014.79,1015.4,1016.01,1015.4,2.0,1.27,18.0,0.5,0.2,0.8,1.2,1.5,1.8,1.5,2.0,0.7,18.0,0.5,0.2,0.8,-8.8,-6.5,-4.2,-6.5,2.0,4.8,18.0,0.5,0.2,0.8,-8.4,-8.4,-8.4,-8.4,2.0,0.1,18.0,0.5,0.2,0.8,-0.67,-0.4,-0.13,-0.4,2.0,0.57,18.0,0.5,0.2,0.8,-2.0,-1.2,-0.4,-1.2,2.0,1.7,18.0,0.5,0.2,0.8,4.83,4.83,4.83,4.83,1.0,0.0,22.0,0.0,0.3,0.8,17.4,17.4,17.4,17.4,1.0,0.0,22.0,0.0,0.3,0.8,-68.6,-52.6,-36.5,-52.6,2.0,33.3,18.0,0.5,0.2,0.8,-77.3,-71.8,-66.4,-71.8,2.0,11.3,18.0,0.5,0.2,0.8,-50.3,-50.3,-50.3,-50.3,1.0,0.0,22.0,0.0,0.3,0.8,-42.2,-42.2,-42.2,-42.2,1.0,0.0,22.0,0.0,0.3,0.8,-13.3,-13.3,-13.3,-13.3,1.0,0.0,22.0,0.0,0.3,0.8,-11.2,-11.2,-11.2,-11.2,1.0,0.0,22.0,0.0,0.3,0.8,30.0,37.0,43.5,37.0,2.0,14.0,18.0,0.5,0.2,0.8,30.0,35.0,45.0,35.0,2.0,15.0,18.0,0.5,0.2,0.8
1974,2,322.0,-23.0,,,,,,,,,,,,,,,,,,,,,,,,,,,,,,,,,,,,,,,,4.0,4.0,4.0,4.0,1.0,0.0,16.0,1.0,0.3,0.3,-1.37,-1.37,-1.37,-1.37,1.0,0.0,16.0,1.0,0.3,0.3,-3.76,-3.76,-3.76,-3.76,1.0,0.0,16.0,1.0,0.3,0.3,1014.1,1014.1,1014.1,1014.1,1.0,0.0,16.0,1.0,0.3,0.3,,,,,,,,,,,,,,,,,,,,,,,,,,,,,,,,,,,,,,,,,,,,,,,,,,,,,,,,,,,,,,,,,,,,,,,,,,,,,,,,,,,,,,,,,,,,,,,,,,,,,,,,,,,,,,,,,,,,,,,,,,,,,,,,,,,,,,,,,,,,,,,,,,,,,,
1974,2,322.0,-22.0,26.24,26.75,27.1,26.68,4.0,0.54,16.0,0.0,0.7,0.5,26.2,26.25,26.4,26.3,4.0,0.14,16.0,0.0,0.7,0.5,16.98,16.98,16.98,16.98,1.0,0.0,8.0,0.0,0.7,0.9,80.1,80.1,80.1,80.1,1.0,0.0,8.0,0.0,0.9,1.95,6.15,9.67,5.83,4.0,4.5,16.0,0.0,0.7,0.5,-9.59,-4.65,0.18,-4.7,4.0,5.63,16.0,0.0,0.7,0.5,-0.91,0.47,2.02,0.55,4.0,1.97,16.0,0.0,0.7,0.5,1013.66,1015.0,1015.5,1014.6,4.0,1.28,16.0,0.0,0.7,0.5,0.5,2.5,5.0,2.8,4.0,2.8,16.0,0.0,0.7,0.5,-92.8,-43.2,0.2,-46.2,4.0,53.7,16.0,0.0,0.7,0.5,-9.1,0.5,5.2,-1.9,4.0,11.1,16.0,0.0,0.7,0.5,-0.01,0.35,0.76,0.38,4.0,0.51,16.0,0.0,0.7,0.5,-0.8,0.6,5.2,2.1,4.0,4.9,16.0,0.0,0.7,0.5,5.59,5.59,5.59,5.59,1.0,0.0,8.0,0.0,0.7,0.9,51.9,51.9,51.9,51.9,1.0,0.0,8.0,0.0,0.7,0.9,-251.2,-121.8,4.7,-123.2,4.0,147.6,16.0,0.0,0.7,0.5,-23.8,12.5,53.2,14.6,4.0,51.9,16.0,0.0,0.7,0.5,-158.0,-158.0,-158.0,-158.0,1.0,0.0,8.0,0.0,0.7,0.9,0.0,0.0,0.0,0.0,1.0,0.0,8.0,0.0,0.7,0.9,-51.9,-51.9,-51.9,-51.9,1.0,0.0,8.0,0.0,0.7,0.9,0.0,0.0,0.0,0.0,1.0,0.0,8.0,0.0,0.7,0.9,13.5,415.5,907.0,458.0,4.0,519.0,16.0,0.0,0.7,0.5,15.0,415.0,905.0,460.0,4.0,520.0,16.0,0.0,0.7,0.5
1974,2,322.0,-20.0,27.63,28.0,28.37,28.04,5.0,0.58,18.0,0.4,0.5,0.6,25.82,26.8,27.67,26.84,5.0,1.34,16.0,0.2,0.4,0.5,16.4,17.67,19.75,18.06,4.0,2.16,14.0,0.3,0.4,0.6,77.4,83.2,85.9,81.7,4.0,6.7,14.0,0.3,0.6,4.08,4.6,6.49,5.25,4.0,2.02,14.0,0.3,0.4,0.6,-5.78,-3.32,-2.31,-4.01,4.0,2.27,14.0,0.3,0.4,0.6,-3.4,-2.17,1.4,-1.05,4.0,3.57,14.0,0.3,0.4,0.6,1011.86,1014.3,1015.26,1013.77,6.0,1.73,16.0,0.3,0.5,0.6,0.0,2.0,5.2,2.5,6.0,2.6,16.0,0.3,0.5,0.6,-40.0,-15.2,-9.4,-24.3,4.0,23.2,14.0,0.3,0.4,0.6,-14.3,-8.6,14.2,-0.5,4.0,23.2,14.0,0.3,0.4,0.6,-0.4,0.9,1.62,0.63,4.0,1.41,18.0,0.3,0.4,0.6,-2.3,2.8,7.2,2.4,3.0,6.9,16.0,0.3,0.4,0.7,3.26,5.16,6.43,4.85,3.0,2.34,16.0,0.3,0.4,0.7,13.4,23.7,29.6,21.5,3.0,12.0,16.0,0.3,0.4,0.7,-148.4,-89.7,-64.4,-105.6,4.0,55.2,14.0,0.3,0.4,0.6,-94.2,-60.4,35.3,-30.9,4.0,94.3,14.0,0.3,0.4,0.6,-100.7,-64.1,-42.3,-71.2,4.0,37.1,14.0,0.3,0.4,0.6,-60.8,-43.4,22.4,-20.3,4.0,61.5,14.0,0.3,0.4,0.6,-20.3,-16.1,-8.9,-14.6,3.0,8.5,16.0,0.3,0.4,0.7,-21.7,-8.1,-7.0,-14.2,3.0,11.9,16.0,0.3,0.4,0.7,71.0,97.5,335.0,198.0,4.0,236.5,14.0,0.3,0.4,0.6,70.0,95.0,335.0,200.0,4.0,235.0,14.0,0.3,0.4,0.6
1974,2,322.0,-19.0,27.89,28.0,29.37,28.47,10.0,0.83,18.0,0.5,0.6,0.6,26.71,27.25,28.94,27.68,10.0,1.68,18.0,0.5,0.6,0.6,16.7,17.51,19.85,18.19,6.0,1.86,18.0,0.5,0.7,0.6,74.1,77.1,87.1,79.6,8.0,8.3,18.0,0.4,0.6,2.71,4.6,5.1,4.34,9.0,2.21,18.0,0.6,0.6,0.5,-4.36,-2.96,-1.04,-2.61,9.0,1.84,18.0,0.6,0.6,0.5,-2.37,0.0,4.38,1.04,9.0,3.72,18.0,0.6,0.6,0.5,1011.77,1013.75,1017.33,1014.31,8.0,2.6,16.0,0.6,0.6,0.6,1.0,2.0,5.0,2.9,10.0,2.1,18.0,0.5,0.6,0.6,-22.8,-12.9,-1.8,-13.0,9.0,13.6,18.0,0.6,0.6,0.5,-8.6,0.0,21.6,9.3,9.0,26.1,18.0,0.6,0.6,0.5,-0.94,1.25,2.56,0.79,10.0,2.05,18.0,0.5,0.6,0.6,-5.8,2.6,14.3,4.6,9.0,10.9,18.0,0.6,0.6,0.5,4.39,6.85,7.27,6.19,6.0,1.52,18.0,0.5,0.7,0.6,20.4,20.9,30.1,24.5,5.0,5.4,20.0,0.6,0.7,0.5,-119.1,-82.8,-29.7,-73.5,9.0,51.0,18.0,0.6,0.6,0.5,-72.9,0.0,110.9,25.3,9.0,102.2,18.0,0.6,0.6,0.5,-88.1,-55.0,-47.8,-65.6,5.0,22.0,20.0,0.6,0.7,0.5,-42.9,0.0,47.2,0.6,5.0,47.7,20.0,0.6,0.7,0.5,-21.0,-20.1,-19.0,-20.0,5.0,1.7,20.0,0.6,0.7,0.5,-13.3,0.0,13.4,-0.4,5.0,16.5,20.0,0.6,0.7,0.5,20.0,97.5,132.5,145.0,9.0,224.5,18.0,0.6,0.6,0.5,20.0,95.0,135.0,145.0,9.0,225.0,18.0,0.6,0.6,0.5
1974,2,322.0,-18.0,27.48,28.0,28.9,28.01,7.0,0.75,22.0,0.3,0.1,0.9,26.43,27.2,28.1,27.31,7.0,1.52,22.0,0.3,0.1,0.9,16.77,18.22,18.76,18.16,7.0,1.09,22.0,0.3,0.1,0.9,77.1,81.7,84.2,80.5,7.0,8.7,22.0,0.3,0.9,1.0,1.5,6.27,3.36,7.0,2.89,22.0,0.3,0.1,0.9,-6.18,-1.48,-0.61,-3.1,7.0,3.05,22.0,0.3,0.1,0.9,-0.3,0.0,1.11,0.33,7.0,0.92,22.0,0.3,0.1,0.9,1010.95,1013.2,1013.9,1012.66,7.0,1.94,22.0,0.3,0.1,0.9,2.0,3.0,3.1,3.0,7.0,1.4,22.0,0.3,0.1,0.9,-38.9,-2.2,-0.6,-17.9,7.0,23.5,22.0,0.3,0.1,0.9,-0.4,0.0,6.8,2.1,7.0,3.9,22.0,0.3,0.1,0.9,-0.52,0.8,1.33,0.7,7.0,1.65,22.0,0.3,0.1,0.9,-0.8,1.2,8.3,4.5,7.0,7.5,22.0,0.3,0.1,0.9,3.55,5.8,6.88,5.55,7.0,1.81,22.0,0.3,0.1,0.9,5.3,8.3,35.3,19.4,7.0,17.9,22.0,0.3,0.1,0.9,-167.9,-40.6,-17.1,-82.2,7.0,80.6,22.0,0.3,0.1,0.9,-8.3,0.0,30.0,8.2,7.0,24.8,22.0,0.3,0.1,0.9,-114.7,-27.6,-12.1,-55.6,7.0,53.1,22.0,0.3,0.1,0.9,-5.4,0.0,20.7,6.5,7.0,16.6,22.0,0.3,0.1,0.9,-33.3,-5.8,-2.0,-17.6,7.0,18.8,22.0,0.3,0.1,0.9,-1.3,0.0,5.6,1.5,7.0,6.2,22.0,0.3,0.1,0.9,1.0,3.5,249.0,119.0,7.0,175.0,22.0,0.3,0.1,0.9,0.0,5.0,250.0,120.0,7.0,175.0,22.0,0.3,0.1,0.9
1974,2,322.0,-17.0,27.8,28.3,29.0,28.4,23.0,0.8,16.0,0.6,0.4,0.6,26.6,27.55,28.81,27.77,26.0,1.37,16.0,0.5,0.4,0.6,16.55,17.88,18.73,17.84,23.0,1.21,16.0,0.5,0.3,0.5,69.7,77.5,82.5,76.7,23.0,6.9,16.0,0.5,0.5,2.6,4.1,6.3,4.37,25.0,1.74,18.0,0.5,0.3,0.6,-4.82,-3.38,-2.25,-3.5,25.0,1.44,18.0,0.5,0.3,0.6,-1.9,0.8,2.02,0.59,25.0,2.77,18.0,0.5,0.3,0.6,1011.06,1012.9,1014.0,1012.6,27.0,1.6,18.0,0.5,0.3,0.6,2.0,4.0,5.2,3.9,25.0,1.6,18.0,0.6,0.3,0.5,-24.5,-13.1,-6.3,-16.7,25.0,10.9,18.0,0.5,0.3,0.6,-9.3,3.4,9.7,3.8,25.0,19.2,18.0,0.5,0.3,0.6,-0.15,0.5,1.3,0.48,23.0,1.43,16.0,0.6,0.4,0.6,-0.8,2.1,6.8,2.5,22.0,8.9,16.0,0.5,0.4,0.6,5.76,6.28,7.33,6.29,20.0,1.42,16.0,0.6,0.4,0.6,17.3,26.2,42.2,26.7,19.0,11.9,16.0,0.6,0.4,0.6,-139.1,-92.5,-64.8,-100.5,24.0,41.6,16.0,0.5,0.3,0.6,-60.4,21.3,59.5,13.9,24.0,76.1,16.0,0.5,0.3,0.6,-89.6,-62.4,-42.2,-65.2,21.0,26.0,16.0,0.5,0.3,0.5,-45.7,8.4,36.2,2.3,21.0,42.7,16.0,0.5,0.3,0.5,-30.5,-20.2,-15.2,-23.0,19.0,10.5,16.0,0.6,0.4,0.6,-11.5,2.1,9.6,-0.4,19.0,15.1,16.0,0.6,0.4,0.6,17.5,69.0,250.5,123.5,25.0,144.5,18.0,0.5,0.3,0.6,20.0,70.0,250.0,125.0,25.0,145.0,18.0,0.5,0.3,0.6
1974,2,322.0,-16.0,27.6,28.0,28.8,28.22,20.0,0.55,16.0,0.6,0.7,0.5,26.73,27.6,28.0,27.59,22.0,1.15,16.0,0.5,0.7,0.5,16.01,17.27,18.6,17.44,21.0,1.5,16.0,0.5,0.8,0.5,71.1,74.6,79.6,75.8,21.0,6.2,16.0,0.5,0.5,2.1,4.6,6.2,4.37,24.0,2.17,16.0,0.6,0.7,0.5,-5.88,-3.73,-1.35,-3.58,24.0,2.29,16.0,0.6,0.7,0.5,-1.77,0.8,2.23,0.66,24.0,2.35,16.0,0.6,0.7,0.5,1010.0,1012.0,1014.17,1012.3,24.0,2.09,16.0,0.6,0.7,0.5,2.0,4.0,6.0,4.2,23.0,2.0,16.0,0.6,0.7,0.5,-36.9,-16.4,-2.8,-19.8,24.0,20.4,16.0,0.6,0.7,0.5,-9.2,3.4,8.0,3.4,24.0,16.4,16.0,0.6,0.7,0.5,-0.2,0.85,1.8,0.64,20.0,1.36,16.0,0.6,0.7,0.5,-0.7,2.9,8.3,3.2,20.0,8.2,16.0,0.6,0.7,0.5,5.63,6.58,7.75,6.75,19.0,1.49,16.0,0.5,0.7,0.5,14.7,28.5,49.4,30.7,19.0,16.8,16.0,0.5,0.7,0.5,-164.8,-110.0,-48.2,-103.7,22.0,61.1,16.0,0.5,0.7,0.5,-54.5,13.0,67.8,15.3,22.0,66.9,16.0,0.5,0.7,0.5,-98.8,-67.5,-31.3,-64.5,21.0,39.8,16.0,0.5,0.8,0.5,-25.5,12.7,46.4,13.6,21.0,38.8,16.0,0.5,0.8,0.5,-38.2,-24.6,-10.4,-25.4,19.0,17.4,16.0,0.5,0.7,0.5,-7.9,1.0,13.6,4.8,19.0,16.3,16.0,0.5,0.7,0.5,9.5,97.5,238.5,149.0,24.0,218.5,16.0,0.6,0.7,0.5,10.0,95.0,240.0,150.0,24.0,220.0,16.0,0.6,0.7,0.5
1974,2,322.0,-15.0,26.76,28.8,29.05,28.23,7.0,1.4,20.0,0.4,0.9,0.5,26.33,28.0,29.03,27.67,7.0,1.59,20.0,0.4,0.9,0.5,17.51,18.92,20.54,18.99,5.0,1.81,22.0,0.4,0.9,0.5,73.2,85.3,87.7,81.4,5.0,7.8,22.0,0.4,0.5,2.23,3.1,5.63,3.71,9.0,2.07,22.0,0.3,0.9,0.5,-5.29,-2.82,-1.44,-3.26,9.0,2.21,22.0,0.3,0.9,0.5,-1.83,-0.64,1.75,-0.12,9.0,1.71,22.0,0.3,0.9,0.5,1009.3,1011.8,1014.73,1011.94,9.0,2.34,22.0,0.3,0.9,0.5,3.3,4.0,5.7,4.4,9.0,1.5,22.0,0.3,0.9,0.5,-30.6,-8.5,-3.2,-16.1,9.0,19.0,22.0,0.3,0.9,0.5,-9.2,-0.6,4.7,-2.0,9.0,7.1,22.0,0.3,0.9,0.5,-1.05,0.4,2.48,0.56,7.0,2.05,20.0,0.4,0.9,0.5,-6.2,0.4,12.3,2.7,7.0,9.3,20.0,0.4,0.9,0.5,2.76,5.48,5.69,4.33,5.0,2.09,22.0,0.4,0.9,0.5,11.0,19.7,38.5,23.6,5.0,16.5,22.0,0.4,0.9,0.5,-170.4,-84.8,-64.4,-103.3,7.0,61.9,20.0,0.4,0.9,0.5,-56.1,-35.3,26.8,-19.6,7.0,41.8,20.0,0.4,0.9,0.5,-119.0,-82.0,-50.3,-86.0,5.0,39.7,22.0,0.4,0.9,0.5,-38.9,-29.8,-5.1,-20.7,5.0,28.9,22.0,0.4,0.9,0.5,-36.9,-17.1,-10.2,-22.2,5.0,16.5,22.0,0.4,0.9,0.5,-9.3,-5.4,2.5,-3.4,5.0,8.3,22.0,0.4,0.9,0.5,11.5,30.0,192.5,99.5,9.0,152.0,22.0,0.3,0.9,0.5,10.0,30.0,195.0,100.0,9.0,150.0,22.0,0.3,0.9,0.5
1974,2,322.0,-14.0,,,,,,,,,,,,,,,,,,,,,,,,,,,,,,,,,,,,,,,,2.6,2.6,2.6,2.6,1.0,0.0,24.0,0.0,0.9,0.2,-1.67,-1.67,-1.67,-1.67,1.0,0.0,24.0,0.0,0.9,0.2,1.99,1.99,1.99,1.99,1.0,0.0,24.0,0.0,0.9,0.2,1009.0,1009.0,1009.0,1009.0,1.0,0.0,24.0,0.0,0.9,0.2,,,,,,,,,,,,,,,,,,,,,,,,,,,,,,,,,,,,,,,,,,,,,,,,,,,,,,,,,,,,,,,,,,,,,,,,,,,,,,,,,,,,,,,,,,,,,,,,,,,,,,,,,,,,,,,,,,,,,,,,,,,,,,,,,,,,,,,,,,,,,,,,,,,,,,
1974,2,322.0,-13.0,26.91,28.25,29.3,28.14,8.0,1.28,16.0,0.4,0.5,0.7,26.32,28.2,28.97,27.9,9.0,1.61,16.0,0.4,0.5,0.6,15.19,18.78,21.33,18.35,9.0,2.9,16.0,0.4,0.5,0.6,71.0,72.5,86.5,77.6,9.0,7.4,16.0,0.4,0.6,3.1,5.1,7.66,5.26,9.0,2.77,16.0,0.4,0.5,0.6,-7.0,-4.75,-1.46,-3.8,9.0,3.42,16.0,0.4,0.5,0.6,-2.41,0.45,2.52,0.56,9.0,3.22,16.0,0.4,0.5,0.6,1010.0,1010.3,1012.0,1010.96,9.0,1.3,16.0,0.4,0.5,0.6,4.3,7.0,8.0,6.0,9.0,2.6,16.0,0.4,0.5,0.6,-54.1,-24.4,-4.2,-26.9,9.0,31.2,16.0,0.4,0.5,0.6,-7.5,1.2,19.2,8.3,9.0,28.1,16.0,0.4,0.5,0.6,-1.03,0.15,1.03,0.0,8.0,1.29,16.0,0.4,0.5,0.7,-10.2,0.1,3.4,-1.0,8.0,7.4,16.0,0.4,0.5,0.7,4.08,4.82,6.24,5.17,8.0,1.39,16.0,0.4,0.5,0.7,12.9,25.1,51.1,29.5,8.0,17.4,16.0,0.4,0.5,0.7,-197.5,-127.0,-42.4,-106.6,9.0,93.1,16.0,0.4,0.5,0.6,-69.8,13.1,71.9,14.9,9.0,89.5,16.0,0.4,0.5,0.6,-123.5,-71.5,-30.9,-68.9,9.0,55.4,16.0,0.4,0.5,0.6,-52.3,9.2,44.4,5.8,9.0,58.2,16.0,0.4,0.5,0.6,-41.1,-21.3,-10.7,-25.4,8.0,16.4,16.0,0.4,0.5,0.7,-11.1,0.9,16.8,3.5,8.0,16.6,16.0,0.4,0.5,0.7,30.0,132.5,467.0,269.0,9.0,408.5,16.0,0.4,0.5,0.6,30.0,135.0,465.0,270.0,9.0,410.0,16.0,0.4,0.5,0.6
1974,2,322.0,-12.0,26.19,26.6,27.56,26.87,3.0,1.03,12.0,1.0,0.9,0.3,27.45,28.0,28.68,28.07,3.0,0.9,12.0,1.0,0.9,0.3,17.48,18.59,19.69,18.59,2.0,2.28,8.0,1.0,1.0,0.3,77.1,80.4,83.7,80.4,2.0,6.9,8.0,1.0,0.3,6.85,8.25,9.65,8.25,2.0,2.9,8.0,1.0,1.0,0.3,-6.32,-5.69,-5.05,-5.69,2.0,1.32,8.0,1.0,1.0,0.3,-2.1,1.95,6.01,1.95,2.0,8.4,8.0,1.0,1.0,0.3,1010.32,1011.0,1012.71,1011.5,3.0,1.8,12.0,1.0,0.9,0.3,6.3,7.0,7.0,6.7,3.0,0.6,12.0,1.0,0.9,0.3,-62.0,-48.8,-35.6,-48.8,2.0,27.4,8.0,1.0,1.0,0.3,-7.9,28.3,64.5,28.3,2.0,74.9,8.0,1.0,1.0,0.3,-2.24,-0.6,-0.19,-1.2,3.0,1.59,12.0,1.0,0.9,0.3,-5.2,-3.1,-1.0,-3.1,2.0,4.4,8.0,1.0,1.0,0.3,3.74,4.16,4.59,4.16,2.0,0.88,8.0,1.0,1.0,0.3,26.3,35.6,45.0,35.6,2.0,19.4,8.0,1.0,1.0,0.3,-172.6,-156.5,-140.5,-156.5,2.0,33.3,8.0,1.0,1.0,0.3,-59.8,51.5,162.8,51.5,2.0,230.7,8.0,1.0,1.0,0.3,-109.8,-104.2,-98.5,-104.2,2.0,11.6,8.0,1.0,1.0,0.3,-46.5,26.7,99.9,26.7,2.0,151.6,8.0,1.0,1.0,0.3,-29.3,-24.2,-19.2,-24.2,2.0,10.5,8.0,1.0,1.0,0.3,-5.9,11.8,29.5,11.8,2.0,36.7,8.0,1.0,1.0,0.3,374.0,665.5,957.0,665.5,2.0,604.0,8.0,1.0,1.0,0.3,375.0,665.0,955.0,665.0,2.0,605.0,8.0,1.0,1.0,0.3
1974,2,322.0,-5.0,27.8,27.8,27.8,27.8,1.0,0.0,20.0,0.0,0.8,0.9,26.1,26.1,26.1,26.1,1.0,0.0,20.0,0.0,0.8,0.9,17.6,17.6,17.6,17.6,1.0,0.0,20.0,0.0,0.8,0.9,83.1,83.1,83.1,83.1,1.0,0.0,20.0,0.0,0.9,5.29,5.7,5.7,5.5,3.0,0.35,20.0,0.0,0.7,0.8,-5.05,-4.94,-4.94,-4.99,3.0,0.09,20.0,0.0,0.7,0.8,0.9,2.85,2.85,1.9,3.0,1.65,20.0,0.0,0.7,0.8,1007.0,1007.0,1007.61,1007.3,3.0,0.52,20.0,0.0,0.7,0.8,3.6,5.0,7.0,5.3,3.0,2.5,20.0,0.0,0.7,0.8,-28.1,-28.1,-26.7,-27.4,3.0,1.2,20.0,0.0,0.7,0.8,5.2,16.2,16.2,10.8,3.0,9.4,20.0,0.0,0.7,0.8,1.7,1.7,1.7,1.7,1.0,0.0,20.0,0.0,0.8,0.9,8.7,8.7,8.7,8.7,1.0,0.0,20.0,0.0,0.8,0.9,5.9,5.9,5.9,5.9,1.0,0.0,20.0,0.0,0.8,0.9,30.1,30.1,30.1,30.1,1.0,0.0,20.0,0.0,0.8,0.9,-133.1,-133.1,-133.1,-133.1,1.0,0.0,20.0,0.0,0.8,0.9,0.0,0.0,0.0,0.0,1.0,0.0,20.0,0.0,0.8,0.9,-89.8,-89.8,-89.8,-89.8,1.0,0.0,20.0,0.0,0.8,0.9,0.0,0.0,0.0,0.0,1.0,0.0,20.0,0.0,0.8,0.9,-30.1,-30.1,-30.1,-30.1,1.0,0.0,20.0,0.0,0.8,0.9,0.0,0.0,0.0,0.0,1.0,0.0,20.0,0.0,0.8,0.9,149.5,185.0,185.0,167.5,3.0,30.5,20.0,0.0,0.7,0.8,150.0,185.0,185.0,170.0,3.0,30.0,20.0,0.0,0.7,0.8
1974,2,322.0,-4.0,26.03,27.9,28.67,27.42,9.0,1.24,14.0,0.9,0.5,0.5,26.71,27.8,28.69,27.8,9.0,1.44,14.0,0.9,0.5,0.5,17.02,18.57,19.81,18.5,9.0,1.34,14.0,0.9,0.5,0.5,73.7,77.6,85.0,79.2,9.0,5.7,14.0,0.9,0.5,3.14,7.2,8.87,6.24,9.0,2.72,14.0,1.0,0.5,0.5,-8.52,-3.6,-1.84,-4.64,9.0,3.17,14.0,1.0,0.5,0.5,-2.23,2.85,5.59,1.8,9.0,3.65,14.0,1.0,0.5,0.5,1007.86,1010.55,1012.34,1010.01,10.0,2.49,14.0,0.9,0.4,0.5,2.9,5.0,8.0,5.2,10.0,2.3,14.0,0.9,0.4,0.5,-77.0,-25.9,-6.8,-35.6,9.0,33.3,14.0,1.0,0.5,0.5,-5.6,16.2,41.6,16.6,9.0,23.4,14.0,1.0,0.5,0.5,-1.26,-0.4,0.37,-0.38,9.0,2.08,14.0,0.9,0.5,0.5,-5.5,-3.4,2.7,-5.0,8.0,11.9,12.0,1.0,0.5,0.5,1.57,4.91,6.79,4.48,9.0,2.52,14.0,0.9,0.5,0.5,9.0,21.7,47.5,26.1,8.0,18.2,12.0,1.0,0.5,0.5,-240.9,-104.4,-43.8,-128.8,8.0,94.7,12.0,1.0,0.5,0.5,-66.4,48.3,174.5,49.0,8.0,110.1,12.0,1.0,0.5,0.5,-151.0,-68.7,-29.8,-84.5,8.0,60.7,12.0,1.0,0.5,0.5,-49.0,32.2,118.9,32.3,8.0,74.8,12.0,1.0,0.5,0.5,-42.5,-15.3,-4.3,-21.5,8.0,18.9,12.0,1.0,0.5,0.5,-9.7,3.5,18.8,5.0,8.0,14.2,12.0,1.0,0.5,0.5,39.0,373.0,710.5,362.0,9.0,332.5,14.0,1.0,0.5,0.5,40.0,375.0,710.0,360.0,9.0,335.0,14.0,1.0,0.5,0.5
1974,2,322.0,-3.0,28.01,28.8,29.1,28.55,6.0,0.9,12.0,0.5,0.7,0.5,26.05,26.4,27.38,26.7,4.0,0.92,16.0,0.5,0.5,0.5,17.82,17.98,18.11,17.97,3.0,0.21,20.0,0.7,0.4,0.5,77.7,83.1,84.5,81.1,3.0,5.2,20.0,0.7,0.5,5.1,6.4,7.7,6.4,4.0,1.5,12.0,0.5,0.7,0.4,-6.43,-4.99,-4.67,-5.52,4.0,1.48,12.0,0.5,0.7,0.4,-1.76,-0.44,3.09,0.62,4.0,3.68,12.0,0.5,0.7,0.4,1009.9,1011.35,1012.6,1011.28,6.0,1.36,12.0,0.5,0.7,0.5,6.0,7.0,7.2,6.8,6.0,0.8,12.0,0.5,0.7,0.5,-49.2,-31.9,-24.0,-36.4,4.0,16.7,12.0,0.5,0.7,0.4,-9.0,-2.3,23.8,7.0,4.0,26.2,12.0,0.5,0.7,0.4,0.54,1.8,2.9,1.73,4.0,1.37,16.0,0.5,0.5,0.5,6.9,12.8,18.8,12.8,2.0,12.4,16.0,0.5,0.5,0.4,4.91,6.37,7.27,6.1,3.0,1.75,20.0,0.7,0.4,0.5,27.5,40.4,53.2,40.4,2.0,26.6,16.0,0.5,0.5,0.4,-132.0,-131.6,-131.3,-131.6,2.0,0.8,16.0,0.5,0.5,0.4,5.5,67.2,128.8,67.2,2.0,127.7,16.0,0.5,0.5,0.4,-90.2,-90.1,-90.0,-90.1,2.0,0.2,16.0,0.5,0.5,0.4,3.6,45.6,87.7,45.6,2.0,87.1,16.0,0.5,0.5,0.4,-35.4,-29.7,-23.9,-29.7,2.0,11.9,16.0,0.5,0.5,0.4,4.0,20.8,37.6,20.8,2.0,34.7,16.0,0.5,0.5,0.4,132.5,294.5,456.5,294.5,4.0,187.0,12.0,0.5,0.7,0.4,135.0,295.0,455.0,295.0,4.0,185.0,12.0,0.5,0.7,0.4
1974,2,322.0,-2.0,27.14,27.8,28.9,27.77,7.0,1.0,14.0,0.3,0.8,0.4,26.17,27.0,27.77,27.04,7.0,1.19,14.0,0.3,0.8,0.4,18.12,19.19,20.9,19.37,6.0,1.54,14.0,0.3,0.7,0.4,84.4,89.1,92.9,88.4,6.0,6.4,14.0,0.3,0.4,3.71,5.1,6.2,4.87,6.0,1.38,16.0,0.2,0.8,0.5,-5.52,-4.76,-3.31,-4.3,6.0,1.83,16.0,0.2,0.8,0.5,-2.47,-0.35,1.49,-0.25,6.0,2.16,16.0,0.2,0.8,0.5,1008.01,1011.0,1012.0,1010.21,7.0,2.22,14.0,0.3,0.8,0.4,4.0,6.0,8.0,5.9,7.0,2.0,14.0,0.3,0.8,0.4,-34.2,-24.3,-13.0,-23.0,6.0,12.8,16.0,0.2,0.8,0.5,-7.7,-1.4,9.3,0.6,6.0,11.2,16.0,0.2,0.8,0.5,0.51,1.2,1.73,0.73,7.0,1.81,14.0,0.3,0.8,0.4,-0.8,5.5,9.0,3.7,6.0,9.1,16.0,0.2,0.8,0.5,3.81,4.09,5.24,4.48,6.0,0.99,14.0,0.3,0.7,0.4,18.8,22.2,24.5,21.6,5.0,3.6,14.0,0.2,0.7,0.5,-150.2,-125.4,-96.2,-115.7,6.0,47.9,16.0,0.2,0.8,0.5,-66.1,-10.1,39.5,-6.6,6.0,58.5,16.0,0.2,0.8,0.5,-116.7,-95.6,-57.0,-85.3,5.0,42.1,14.0,0.2,0.7,0.5,-43.9,0.0,37.7,-0.3,5.0,47.0,14.0,0.2,0.7,0.5,-22.6,-20.3,-14.2,-18.1,5.0,7.2,14.0,0.2,0.7,0.5,-13.6,0.0,6.7,-2.5,5.0,11.2,14.0,0.2,0.7,0.5,54.5,132.5,238.5,137.5,6.0,89.5,16.0,0.2,0.8,0.5,55.0,135.0,240.0,135.0,6.0,90.0,16.0,0.2,0.8,0.5
1974,2,322.0,-1.0,26.52,27.0,28.68,27.48,5.0,1.21,12.0,0.4,0.6,0.3,26.19,27.7,28.24,27.18,5.0,1.93,12.0,0.4,0.6,0.3,16.76,19.59,21.7,19.21,5.0,2.82,12.0,0.4,0.6,0.3,79.7,84.2,89.3,84.6,5.0,7.5,12.0,0.4,0.3,3.55,4.6,6.22,4.88,4.0,2.11,6.0,0.5,0.5,0.4,-4.65,-3.64,-1.41,-3.06,4.0,2.2,6.0,0.5,0.5,0.4,-2.6,0.51,4.33,0.85,4.0,4.23,6.0,0.5,0.5,0.4,1007.96,1009.2,1009.87,1008.9,5.0,1.48,12.0,0.4,0.6,0.3,3.6,4.0,5.5,4.6,5.0,1.9,12.0,0.4,0.6,0.3,-29.4,-16.7,-6.5,-17.9,4.0,15.8,6.0,0.5,0.5,0.4,-11.9,-0.2,27.0,7.2,4.0,27.2,6.0,0.5,0.5,0.4,-1.06,0.0,1.66,0.3,5.0,1.68,12.0,0.4,0.6,0.3,-7.8,0.5,6.0,-0.8,4.0,8.5,6.0,0.5,0.5,0.4,2.12,3.73,5.52,3.87,5.0,2.0,12.0,0.4,0.6,0.3,12.0,15.4,20.0,15.9,4.0,5.0,6.0,0.5,0.5,0.4,-129.0,-100.7,-38.7,-84.6,4.0,61.1,6.0,0.5,0.5,0.4,-71.6,9.2,115.2,21.2,4.0,115.6,6.0,0.5,0.5,0.4,-87.1,-70.8,-31.1,-59.6,4.0,41.9,6.0,0.5,0.5,0.4,-54.0,6.0,79.4,12.4,4.0,84.0,6.0,0.5,0.5,0.4,-15.0,-7.7,-3.3,-9.1,4.0,8.7,6.0,0.5,0.5,0.4,-7.9,1.3,14.0,3.0,4.0,12.9,6.0,0.5,0.5,0.4,55.5,97.5,285.5,167.0,4.0,196.5,6.0,0.5,0.5,0.4,55.0,95.0,285.0,165.0,4.0,195.0,6.0,0.5,0.5,0.4
1974,2,322.0,0.0,26.47,26.85,28.06,27.05,6.0,0.98,12.0,0.3,0.6,0.4,24.66,25.5,27.0,25.69,7.0,1.23,12.0,0.3,0.6,0.3,16.84,17.72,19.28,17.86,6.0,1.69,12.0,0.3,0.6,0.4,82.1,86.1,89.8,86.2,6.0,4.1,12.0,0.3,0.4,2.06,5.95,8.03,5.25,6.0,3.41,12.0,0.2,0.6,0.3,-6.41,-5.17,0.0,-3.96,6.0,3.2,12.0,0.2,0.6,0.3,-4.38,-1.32,0.54,-1.8,6.0,3.42,12.0,0.2,0.6,0.3,1008.76,1009.5,1011.25,1009.97,7.0,1.52,12.0,0.3,0.6,0.3,5.8,8.0,8.0,6.7,7.0,2.2,12.0,0.3,0.6,0.3,-55.6,-31.7,0.0,-29.1,6.0,25.3,12.0,0.2,0.6,0.3,-30.3,-10.1,1.4,-16.8,6.0,26.8,12.0,0.2,0.6,0.3,0.71,1.3,1.93,1.33,6.0,0.94,12.0,0.3,0.6,0.4,3.9,7.3,13.6,8.3,5.0,6.1,14.0,0.2,0.7,0.3,3.8,4.49,5.15,4.6,6.0,1.19,12.0,0.3,0.6,0.4,21.8,29.3,35.4,29.1,5.0,9.8,14.0,0.2,0.7,0.3,-172.7,-133.7,0.0,-104.7,6.0,84.7,12.0,0.2,0.6,0.3,-115.3,-35.2,12.8,-47.5,6.0,85.7,12.0,0.2,0.6,0.3,-128.3,-103.2,-50.1,-89.2,5.0,55.5,14.0,0.2,0.7,0.3,-87.0,-53.1,14.5,-40.5,5.0,62.6,14.0,0.2,0.7,0.3,-28.9,-28.3,-11.8,-21.0,5.0,12.5,14.0,0.2,0.7,0.3,-22.2,-10.4,6.4,-8.4,5.0,19.0,14.0,0.2,0.7,0.3,14.0,212.0,528.5,283.5,6.0,304.5,12.0,0.2,0.6,0.3,15.0,210.0,530.0,285.0,6.0,305.0,12.0,0.2,0.6,0.3
1974,2,322.0,1.0,26.5,27.2,27.98,27.26,5.0,0.8,16.0,0.6,0.2,0.5,26.02,26.5,26.57,26.32,5.0,0.39,16.0,0.6,0.2,0.5,16.97,17.78,18.25,17.62,4.0,0.78,14.0,0.8,0.2,0.4,80.5,83.6,84.3,82.5,4.0,2.9,14.0,0.8,0.4,4.5,7.7,8.82,7.02,6.0,2.18,16.0,0.7,0.3,0.4,-6.54,-4.49,-1.12,-3.73,6.0,3.56,16.0,0.7,0.3,0.4,-7.03,-4.81,-3.14,-4.93,6.0,2.31,16.0,0.7,0.3,0.4,1009.79,1010.1,1010.93,1010.38,6.0,1.2,16.0,0.7,0.3,0.4,2.5,5.0,6.1,4.4,5.0,2.9,18.0,0.6,0.3,0.5,-54.4,-31.6,-3.0,-28.5,6.0,30.8,16.0,0.7,0.3,0.4,-54.1,-40.5,-13.0,-37.7,6.0,24.5,16.0,0.7,0.3,0.4,0.0,1.5,1.6,0.94,5.0,0.86,16.0,0.6,0.2,0.5,0.0,6.2,14.3,7.0,5.0,7.2,16.0,0.6,0.2,0.5,4.28,5.61,6.41,5.36,4.0,1.47,14.0,0.8,0.2,0.4,18.4,36.7,58.0,38.1,4.0,23.2,14.0,0.8,0.2,0.4,-179.1,-121.8,-92.0,-131.3,5.0,56.3,16.0,0.6,0.2,0.5,-165.7,-116.1,-73.2,-120.0,5.0,62.5,16.0,0.6,0.2,0.5,-109.5,-78.2,-55.5,-82.3,4.0,41.8,14.0,0.8,0.2,0.4,-107.9,-70.4,-44.4,-75.9,4.0,44.0,14.0,0.8,0.2,0.4,-38.6,-23.2,-12.6,-25.5,4.0,15.8,14.0,0.8,0.2,0.4,-41.2,-22.3,-11.7,-26.3,4.0,21.0,14.0,0.8,0.2,0.4,91.5,462.5,688.5,425.5,6.0,300.5,16.0,0.7,0.3,0.4,90.0,460.0,690.0,425.0,6.0,300.0,16.0,0.7,0.3,0.4
1974,2,322.0,2.0,27.0,27.0,27.0,27.0,1.0,0.0,24.0,0.0,0.3,0.7,24.9,24.9,24.9,24.9,1.0,0.0,24.0,0.0,0.3,0.7,16.99,16.99,16.99,16.99,1.0,0.0,24.0,0.0,0.3,0.7,86.0,86.0,86.0,86.0,1.0,0.0,24.0,0.0,0.7,1.5,1.5,1.5,1.5,1.0,0.0,24.0,0.0,0.3,0.7,-1.41,-1.41,-1.41,-1.41,1.0,0.0,24.0,0.0,0.3,0.7,-0.51,-0.51,-0.51,-0.51,1.0,0.0,24.0,0.0,0.3,0.7,1006.4,1006.4,1006.4,1006.4,1.0,0.0,24.0,0.0,0.3,0.7,8.0,8.0,8.0,8.0,1.0,0.0,24.0,0.0,0.3,0.7,-2.1,-2.1,-2.1,-2.1,1.0,0.0,24.0,0.0,0.3,0.7,-0.8,-0.8,-0.8,-0.8,1.0,0.0,24.0,0.0,0.3,0.7,2.1,2.1,2.1,2.1,1.0,0.0,24.0,0.0,0.3,0.7,3.2,3.2,3.2,3.2,1.0,0.0,24.0,0.0,0.3,0.7,5.46,5.46,5.46,5.46,1.0,0.0,24.0,0.0,0.3,0.7,8.2,8.2,8.2,8.2,1.0,0.0,24.0,0.0,0.3,0.7,-35.1,-35.1,-35.1,-35.1,1.0,0.0,24.0,0.0,0.3,0.7,-12.8,-12.8,-12.8,-12.8,1.0,0.0,24.0,0.0,0.3,0.7,-23.9,-23.9,-23.9,-23.9,1.0,0.0,24.0,0.0,0.3,0.7,-8.7,-8.7,-8.7,-8.7,1.0,0.0,24.0,0.0,0.3,0.7,-7.7,-7.7,-7.7,-7.7,1.0,0.0,24.0,0.0,0.3,0.7,-2.8,-2.8,-2.8,-2.8,1.0,0.0,24.0,0.0,0.3,0.7,3.5,3.5,3.5,3.5,1.0,0.0,24.0,0.0,0.3,0.7,5.0,5.0,5.0,5.0,1.0,0.0,24.0,0.0,0.3,0.7
1974,2,322.0,5.0,26.4,26.4,27.36,26.87,3.0,0.81,20.0,0.0,0.6,0.4,24.65,25.2,25.2,24.93,3.0,0.46,20.0,0.0,0.6,0.4,15.38,15.45,15.52,15.45,2.0,0.14,20.0,0.0,0.7,0.4,78.0,78.9,79.9,78.9,2.0,2.0,20.0,0.0,0.4,8.77,10.0,11.23,10.0,2.0,2.55,20.0,0.0,0.7,0.4,-7.03,-5.84,-4.65,-5.84,2.0,2.46,20.0,0.0,0.7,0.4,-8.73,-8.07,-7.41,-8.07,2.0,1.37,20.0,0.0,0.7,0.4,1008.65,1008.75,1008.85,1008.75,2.0,0.21,20.0,0.0,0.7,0.4,7.3,8.0,8.0,7.7,3.0,0.6,20.0,0.0,0.6,0.4,-80.6,-61.6,-42.5,-61.6,2.0,39.5,20.0,0.0,0.7,0.4,-99.0,-82.4,-65.9,-82.4,2.0,34.2,20.0,0.0,0.7,0.4,1.2,1.2,2.7,1.93,3.0,1.27,20.0,0.0,0.6,0.4,16.3,21.0,25.7,21.0,2.0,9.7,20.0,0.0,0.7,0.4,6.39,7.1,7.8,7.1,2.0,1.46,20.0,0.0,0.7,0.4,67.4,69.1,70.8,69.1,2.0,3.4,20.0,0.0,0.7,0.4,-176.7,-145.6,-114.5,-145.6,2.0,64.4,20.0,0.0,0.7,0.4,-219.1,-200.5,-181.9,-200.5,2.0,38.5,20.0,0.0,0.7,0.4,-109.2,-90.4,-71.7,-90.4,2.0,38.9,20.0,0.0,0.7,0.4,-135.5,-124.8,-114.0,-124.8,2.0,22.3,20.0,0.0,0.7,0.4,-44.0,-39.7,-35.3,-39.7,2.0,8.9,20.0,0.0,0.7,0.4,-57.3,-56.3,-55.3,-56.3,2.0,2.1,20.0,0.0,0.7,0.4,724.5,1097.0,1470.0,1097.0,2.0,772.0,20.0,0.0,0.7,0.4,725.0,1095.0,1470.0,1095.0,2.0,770.0,20.0,0.0,0.7,0.4
1974,2,322.0,6.0,26.8,26.8,26.8,26.8,1.0,0.0,12.0,0.0,0.1,0.8,25.0,25.0,25.0,25.0,1.0,0.0,12.0,0.0,0.1,0.8,15.13,15.13,15.13,15.13,1.0,0.0,12.0,0.0,0.1,0.8,76.6,76.6,76.6,76.6,1.0,0.0,12.0,0.0,0.8,8.7,8.7,8.7,8.7,1.0,0.0,12.0,0.0,0.1,0.8,-6.66,-6.66,-6.66,-6.66,1.0,0.0,12.0,0.0,0.1,0.8,-5.59,-5.59,-5.59,-5.59,1.0,0.0,12.0,0.0,0.1,0.8,1011.0,1011.0,1011.0,1011.0,1.0,0.0,12.0,0.0,0.1,0.8,6.0,6.0,6.0,6.0,1.0,0.0,12.0,0.0,0.1,0.8,-58.0,-58.0,-58.0,-58.0,1.0,0.0,12.0,0.0,0.1,0.8,-48.7,-48.7,-48.7,-48.7,1.0,0.0,12.0,0.0,0.1,0.8,1.8,1.8,1.8,1.8,1.0,0.0,12.0,0.0,0.1,0.8,15.7,15.7,15.7,15.7,1.0,0.0,12.0,0.0,0.1,0.8,6.95,6.95,6.95,6.95,1.0,0.0,12.0,0.0,0.1,0.8,60.5,60.5,60.5,60.5,1.0,0.0,12.0,0.0,0.1,0.8,-166.6,-166.6,-166.6,-166.6,1.0,0.0,12.0,0.0,0.1,0.8,-139.8,-139.8,-139.8,-139.8,1.0,0.0,12.0,0.0,0.1,0.8,-100.8,-100.8,-100.8,-100.8,1.0,0.0,12.0,0.0,0.1,0.8,-84.6,-84.6,-84.6,-84.6,1.0,0.0,12.0,0.0,0.1,0.8,-46.3,-46.3,-46.3,-46.3,1.0,0.0,12.0,0.0,0.1,0.8,-38.9,-38.9,-38.9,-38.9,1.0,0.0,12.0,0.0,0.1,0.8,658.5,658.5,658.5,658.5,1.0,0.0,12.0,0.0,0.1,0.8,660.0,660.0,660.0,660.0,1.0,0.0,12.0,0.0,0.1,0.8
1974,2,322.0,7.0,26.0,26.0,26.0,26.0,1.0,0.0,20.0,0.0,0.3,0.6,25.2,25.2,25.2,25.2,1.0,0.0,20.0,0.0,0.3,0.6,14.54,14.54,14.54,14.54,1.0,0.0,20.0,0.0,0.3,0.6,72.9,72.9,72.9,72.9,1.0,0.0,20.0,0.0,0.6,12.3,12.3,12.3,12.3,1.0,0.0,20.0,0.0,0.3,0.6,-9.42,-9.42,-9.42,-9.42,1.0,0.0,20.0,0.0,0.3,0.6,-7.91,-7.91,-7.91,-7.91,1.0,0.0,20.0,0.0,0.3,0.6,1013.0,1013.0,1013.0,1013.0,1.0,0.0,20.0,0.0,0.3,0.6,4.0,4.0,4.0,4.0,1.0,0.0,20.0,0.0,0.3,0.6,-115.9,-115.9,-115.9,-115.9,1.0,0.0,20.0,0.0,0.3,0.6,-97.2,-97.2,-97.2,-97.2,1.0,0.0,20.0,0.0,0.3,0.6,0.8,0.8,0.8,0.8,1.0,0.0,20.0,0.0,0.3,0.6,9.8,9.8,9.8,9.8,1.0,0.0,20.0,0.0,0.3,0.6,6.46,6.46,6.46,6.46,1.0,0.0,20.0,0.0,0.3,0.6,79.5,79.5,79.5,79.5,1.0,0.0,20.0,0.0,0.3,0.6,-237.4,-237.4,-237.4,-237.4,1.0,0.0,20.0,0.0,0.3,0.6,-199.2,-199.2,-199.2,-199.2,1.0,0.0,20.0,0.0,0.3,0.6,-137.0,-137.0,-137.0,-137.0,1.0,0.0,20.0,0.0,0.3,0.6,-115.0,-115.0,-115.0,-115.0,1.0,0.0,20.0,0.0,0.3,0.6,-60.9,-60.9,-60.9,-60.9,1.0,0.0,20.0,0.0,0.3,0.6,-51.1,-51.1,-51.1,-51.1,1.0,0.0,20.0,0.0,0.3,0.6,1861.0,1861.0,1861.0,1861.0,1.0,0.0,20.0,0.0,0.3,0.6,1860.0,1860.0,1860.0,1860.0,1.0,0.0,20.0,0.0,0.3,0.6
1974,2,322.0,8.0,25.96,26.0,26.21,26.13,6.0,0.43,14.0,0.5,0.5,0.3,24.59,25.1,25.57,25.07,6.0,1.27,14.0,0.5,0.5,0.3,13.84,14.33,14.45,14.2,5.0,0.34,10.0,0.6,0.6,0.2,68.0,70.2,72.0,69.9,5.0,2.8,10.0,0.6,0.2,8.35,9.0,12.3,9.72,6.0,2.14,14.0,0.5,0.5,0.3,-9.42,-8.11,-5.37,-7.53,6.0,2.04,14.0,0.5,0.5,0.3,-7.91,-6.01,-4.3,-5.91,6.0,1.95,14.0,0.5,0.5,0.3,1008.66,1012.25,1013.28,1011.42,6.0,2.25,14.0,0.5,0.5,0.3,4.0,6.5,7.0,5.8,6.0,1.5,14.0,0.5,0.5,0.3,-115.9,-73.0,-45.1,-76.3,6.0,34.5,14.0,0.5,0.5,0.3,-97.2,-50.6,-35.1,-59.9,6.0,30.7,14.0,0.5,0.5,0.3,0.48,0.9,1.41,1.07,6.0,1.02,14.0,0.5,0.5,0.3,4.1,9.9,14.1,9.7,6.0,7.2,14.0,0.5,0.5,0.3,6.59,7.18,7.4,7.06,5.0,0.51,10.0,0.6,0.6,0.2,63.1,67.8,84.1,72.2,5.0,12.6,10.0,0.6,0.6,0.2,-235.6,-211.8,-133.2,-189.9,6.0,55.1,14.0,0.5,0.5,0.3,-197.7,-145.6,-109.6,-147.4,6.0,47.9,14.0,0.5,0.5,0.3,-132.2,-119.4,-100.1,-115.4,5.0,21.8,10.0,0.6,0.6,0.2,-110.9,-95.5,-56.7,-85.3,5.0,30.3,10.0,0.6,0.6,0.2,-65.1,-62.6,-50.0,-57.6,5.0,12.4,10.0,0.6,0.6,0.2,-54.0,-43.4,-29.7,-41.8,5.0,13.8,10.0,0.6,0.6,0.2,593.5,731.5,1861.0,1031.0,6.0,660.0,14.0,0.5,0.5,0.3,595.0,730.0,1860.0,1030.0,6.0,660.0,14.0,0.5,0.5,0.3
1974,2,322.0,9.0,25.0,25.0,26.37,25.67,3.0,1.15,16.0,0.3,0.4,0.6,25.25,26.0,26.07,25.67,3.0,0.67,16.0,0.3,0.4,0.6,12.95,13.57,14.2,13.57,2.0,1.29,16.0,0.5,0.4,0.7,61.9,64.6,67.4,64.6,2.0,5.7,16.0,0.5,0.7,8.73,10.3,10.3,9.53,3.0,1.33,16.0,0.3,0.4,0.6,-8.59,-7.89,-7.23,-7.91,3.0,1.0,16.0,0.3,0.4,0.6,-6.15,-5.15,-4.37,-5.26,3.0,1.31,16.0,0.3,0.4,0.6,1010.63,1010.9,1012.33,1011.47,3.0,1.34,16.0,0.3,0.4,0.6,6.3,7.0,7.7,7.0,2.0,1.4,16.0,0.5,0.4,0.7,-88.5,-81.3,-63.6,-76.2,3.0,18.7,16.0,0.3,0.4,0.6,-63.4,-53.0,-38.7,-51.1,3.0,18.2,16.0,0.3,0.4,0.6,-0.72,0.1,0.71,0.0,3.0,1.05,16.0,0.3,0.4,0.6,-7.5,0.8,7.3,-0.1,3.0,10.8,16.0,0.3,0.4,0.6,6.02,7.49,8.95,7.49,2.0,3.04,16.0,0.5,0.4,0.7,62.0,77.1,92.2,77.1,2.0,31.3,16.0,0.5,0.4,0.7,-224.0,-205.1,-182.9,-203.5,3.0,30.2,16.0,0.3,0.4,0.6,-160.2,-134.4,-110.7,-135.4,3.0,36.3,16.0,0.3,0.4,0.6,-124.6,-114.6,-104.6,-114.6,2.0,20.7,16.0,0.5,0.4,0.7,-82.4,-79.2,-76.1,-79.2,2.0,6.5,16.0,0.5,0.4,0.7,-71.5,-61.8,-52.1,-61.8,2.0,20.1,16.0,0.5,0.4,0.7,-58.0,-45.6,-33.2,-45.6,2.0,25.7,16.0,0.5,0.4,0.7,696.5,1092.5,1092.5,899.0,3.0,335.5,16.0,0.3,0.4,0.6,695.0,1095.0,1095.0,900.0,3.0,335.0,16.0,0.3,0.4,0.6
1974,2,322.0,10.0,26.7,26.7,26.7,26.7,1.0,0.0,10.0,1.0,1.0,0.7,27.5,27.5,27.5,27.5,1.0,0.0,10.0,1.0,1.0,0.7,20.44,20.44,20.44,20.44,1.0,0.0,10.0,1.0,1.0,0.7,88.9,88.9,88.9,88.9,1.0,0.0,10.0,1.0,0.7,8.7,8.7,8.7,8.7,1.0,0.0,10.0,1.0,1.0,0.7,-8.18,-8.18,-8.18,-8.18,1.0,0.0,10.0,1.0,1.0,0.7,-2.98,-2.98,-2.98,-2.98,1.0,0.0,10.0,1.0,1.0,0.7,1010.0,1010.0,1010.0,1010.0,1.0,0.0,10.0,1.0,1.0,0.7,5.0,5.0,5.0,5.0,1.0,0.0,10.0,1.0,1.0,0.7,-71.1,-71.1,-71.1,-71.1,1.0,0.0,10.0,1.0,1.0,0.7,-25.9,-25.9,-25.9,-25.9,1.0,0.0,10.0,1.0,1.0,0.7,-0.8,-0.8,-0.8,-0.8,1.0,0.0,10.0,1.0,1.0,0.7,-7.0,-7.0,-7.0,-7.0,1.0,0.0,10.0,1.0,1.0,0.7,1.53,1.53,1.53,1.53,1.0,0.0,10.0,1.0,1.0,0.7,13.3,13.3,13.3,13.3,1.0,0.0,10.0,1.0,1.0,0.7,-224.8,-224.8,-224.8,-224.8,1.0,0.0,10.0,1.0,1.0,0.7,-81.8,-81.8,-81.8,-81.8,1.0,0.0,10.0,1.0,1.0,0.7,-167.1,-167.1,-167.1,-167.1,1.0,0.0,10.0,1.0,1.0,0.7,-60.8,-60.8,-60.8,-60.8,1.0,0.0,10.0,1.0,1.0,0.7,-12.5,-12.5,-12.5,-12.5,1.0,0.0,10.0,1.0,1.0,0.7,-4.5,-4.5,-4.5,-4.5,1.0,0.0,10.0,1.0,1.0,0.7,658.5,658.5,658.5,658.5,1.0,0.0,10.0,1.0,1.0,0.7,660.0,660.0,660.0,660.0,1.0,0.0,10.0,1.0,1.0,0.7
1974,2,322.0,11.0,24.4,24.4,24.4,24.4,1.0,0.0,6.0,1.0,1.0,0.5,23.3,23.3,23.3,23.3,1.0,0.0,6.0,1.0,1.0,0.5,13.27,13.27,13.27,13.27,1.0,0.0,6.0,1.0,1.0,0.5,74.4,74.4,74.4,74.4,1.0,0.0,6.0,1.0,0.5,10.3,10.3,10.3,10.3,1.0,0.0,6.0,1.0,1.0,0.5,-8.92,-8.92,-8.92,-8.92,1.0,0.0,6.0,1.0,1.0,0.5,-5.15,-5.15,-5.15,-5.15,1.0,0.0,6.0,1.0,1.0,0.5,1010.5,1010.5,1010.5,1010.5,1.0,0.0,6.0,1.0,1.0,0.5,8.0,8.0,8.0,8.0,1.0,0.0,6.0,1.0,1.0,0.5,-91.9,-91.9,-91.9,-91.9,1.0,0.0,6.0,1.0,1.0,0.5,-53.0,-53.0,-53.0,-53.0,1.0,0.0,6.0,1.0,1.0,0.5,1.1,1.1,1.1,1.1,1.0,0.0,6.0,1.0,1.0,0.5,11.3,11.3,11.3,11.3,1.0,0.0,6.0,1.0,1.0,0.5,5.85,5.85,5.85,5.85,1.0,0.0,6.0,1.0,1.0,0.5,60.3,60.3,60.3,60.3,1.0,0.0,6.0,1.0,1.0,0.5,-207.8,-207.8,-207.8,-207.8,1.0,0.0,6.0,1.0,1.0,0.5,-120.0,-120.0,-120.0,-120.0,1.0,0.0,6.0,1.0,1.0,0.5,-118.3,-118.3,-118.3,-118.3,1.0,0.0,6.0,1.0,1.0,0.5,-68.3,-68.3,-68.3,-68.3,1.0,0.0,6.0,1.0,1.0,0.5,-52.2,-52.2,-52.2,-52.2,1.0,0.0,6.0,1.0,1.0,0.5,-30.1,-30.1,-30.1,-30.1,1.0,0.0,6.0,1.0,1.0,0.5,1092.5,1092.5,1092.5,1092.5,1.0,0.0,6.0,1.0,1.0,0.5,1095.0,1095.0,1095.0,1095.0,1.0,0.0,6.0,1.0,1.0,0.5
1974,2,322.0,12.0,24.06,24.4,25.22,24.63,3.0,0.87,20.0,0.7,0.8,0.6,22.4,22.6,23.56,22.97,3.0,0.91,20.0,0.7,0.8,0.6,12.72,12.9,13.33,13.02,3.0,0.46,20.0,0.7,0.8,0.6,71.1,74.3,78.9,75.0,3.0,5.8,20.0,0.7,0.6,7.18,8.2,8.95,8.07,3.0,1.31,20.0,0.7,0.8,0.6,-7.86,-7.12,-5.2,-6.54,3.0,2.01,20.0,0.7,0.8,0.6,-5.71,-5.13,-1.63,-3.7,3.0,3.24,20.0,0.7,0.8,0.6,1013.85,1014.6,1015.49,1014.67,3.0,1.2,20.0,0.7,0.8,0.6,3.0,5.0,5.7,4.3,3.0,2.1,20.0,0.7,0.8,0.6,-66.9,-66.3,-40.7,-54.1,3.0,21.9,20.0,0.7,0.8,0.6,-48.9,-34.4,-10.9,-30.0,3.0,28.1,20.0,0.7,0.8,0.6,1.4,1.6,1.94,1.67,3.0,0.4,20.0,0.7,0.8,0.6,10.7,14.9,16.5,13.6,3.0,4.4,20.0,0.7,0.8,0.6,5.59,5.83,7.04,6.3,3.0,1.13,20.0,0.7,0.8,0.6,40.9,44.9,62.5,51.6,3.0,16.8,20.0,0.7,0.8,0.6,-179.1,-171.0,-120.7,-150.4,3.0,46.3,20.0,0.7,0.8,0.6,-134.7,-116.0,-36.8,-86.5,3.0,76.2,20.0,0.7,0.8,0.6,-104.9,-91.9,-66.3,-85.8,3.0,28.8,20.0,0.7,0.8,0.6,-73.2,-64.9,-20.6,-47.3,3.0,41.4,20.0,0.7,0.8,0.6,-51.2,-44.9,-31.4,-41.4,3.0,14.8,20.0,0.7,0.8,0.6,-40.5,-29.9,-9.5,-25.1,3.0,23.1,20.0,0.7,0.8,0.6,380.5,551.5,724.0,552.0,3.0,252.0,20.0,0.7,0.8,0.6,380.0,550.0,725.0,550.0,3.0,250.0,20.0,0.7,0.8,0.6
1974,2,322.0,13.0,24.16,24.5,24.84,24.5,2.0,0.71,14.0,0.5,0.3,0.3,23.35,23.45,23.55,23.45,2.0,0.21,14.0,0.5,0.3,0.3,11.78,12.37,12.96,12.37,2.0,1.22,14.0,0.5,0.3,0.3,65.3,69.0,72.7,69.0,2.0,7.7,14.0,0.5,0.3,8.95,10.55,12.15,10.55,2.0,3.32,14.0,0.5,0.3,0.3,-11.33,-9.61,-7.9,-9.61,2.0,3.55,14.0,0.5,0.3,0.3,-4.36,-4.26,-4.15,-4.26,2.0,0.22,14.0,0.5,0.3,0.3,1012.83,1013.1,1013.37,1013.1,2.0,0.57,14.0,0.5,0.3,0.3,4.3,5.0,5.7,5.0,2.0,1.4,14.0,0.5,0.3,0.3,-140.8,-107.3,-73.8,-107.3,2.0,69.4,14.0,0.5,0.3,0.3,-53.2,-45.3,-37.3,-45.3,2.0,16.5,14.0,0.5,0.3,0.3,0.61,1.05,1.49,1.05,2.0,0.92,14.0,0.5,0.3,0.3,6.2,12.6,19.0,12.6,2.0,13.2,14.0,0.5,0.3,0.3,6.63,6.82,7.02,6.82,2.0,0.4,14.0,0.5,0.3,0.3,62.4,71.3,80.2,71.3,2.0,18.4,14.0,0.5,0.3,0.3,-264.2,-225.0,-185.8,-225.0,2.0,81.2,14.0,0.5,0.3,0.3,-101.8,-99.8,-97.7,-99.8,2.0,4.3,14.0,0.5,0.3,0.3,-147.9,-121.0,-94.2,-121.0,2.0,55.6,14.0,0.5,0.3,0.3,-56.6,-52.8,-49.0,-52.8,2.0,7.9,14.0,0.5,0.3,0.3,-74.7,-64.9,-55.1,-64.9,2.0,20.3,14.0,0.5,0.3,0.3,-29.1,-29.0,-28.9,-29.0,2.0,0.2,14.0,0.5,0.3,0.3,804.5,1349.0,1893.5,1349.0,2.0,1128.0,14.0,0.5,0.3,0.3,805.0,1350.0,1895.0,1350.0,2.0,1130.0,14.0,0.5,0.3,0.3
1974,2,322.0,14.0,22.3,22.5,23.05,22.67,3.0,0.57,18.0,0.0,0.4,0.7,21.2,21.2,21.2,21.2,1.0,0.0,2.0,0.0,0.2,0.7,11.95,11.95,11.95,11.95,1.0,0.0,2.0,0.0,0.2,0.7,76.5,76.5,76.5,76.5,1.0,0.0,2.0,0.0,0.7,9.3,9.3,9.3,9.3,3.0,0.0,18.0,0.0,0.4,0.7,-6.76,-1.61,-1.61,-4.13,3.0,4.36,18.0,0.0,0.4,0.7,-9.16,-9.16,-4.01,-6.64,3.0,4.36,18.0,0.0,0.4,0.7,1014.2,1015.7,1016.18,1015.2,3.0,1.51,18.0,0.0,0.4,0.7,2.6,6.0,6.7,4.7,3.0,3.2,18.0,0.0,0.4,0.7,-62.9,-15.0,-15.0,-38.4,3.0,40.5,18.0,0.0,0.4,0.7,-85.2,-85.2,-37.3,-61.8,3.0,40.5,18.0,0.0,0.4,0.7,1.0,1.0,1.0,1.0,1.0,0.0,2.0,0.0,0.2,0.7,9.3,9.3,9.3,9.3,1.0,0.0,2.0,0.0,0.2,0.7,4.71,4.71,4.71,4.71,1.0,0.0,2.0,0.0,0.2,0.7,43.8,43.8,43.8,43.8,1.0,0.0,2.0,0.0,0.2,0.7,-194.2,-194.2,-194.2,-194.2,1.0,0.0,2.0,0.0,0.2,0.7,-34.2,-34.2,-34.2,-34.2,1.0,0.0,2.0,0.0,0.2,0.7,-109.4,-109.4,-109.4,-109.4,1.0,0.0,2.0,0.0,0.2,0.7,-19.3,-19.3,-19.3,-19.3,1.0,0.0,2.0,0.0,0.2,0.7,-43.2,-43.2,-43.2,-43.2,1.0,0.0,2.0,0.0,0.2,0.7,-7.6,-7.6,-7.6,-7.6,1.0,0.0,2.0,0.0,0.2,0.7,804.5,804.5,804.5,804.5,3.0,0.0,18.0,0.0,0.4,0.7,805.0,805.0,805.0,805.0,3.0,0.0,18.0,0.0,0.4,0.7
1974,2,322.0,15.0,23.7,23.7,23.7,23.7,1.0,0.0,2.0,1.0,0.7,0.8,22.3,22.3,22.3,22.3,1.0,0.0,2.0,1.0,0.7,0.8,12.24,12.24,12.24,12.24,1.0,0.0,2.0,1.0,0.7,0.8,73.3,73.3,73.3,73.3,1.0,0.0,2.0,1.0,0.8,9.3,9.3,9.3,9.3,1.0,0.0,2.0,1.0,0.7,0.8,-9.16,-9.16,-9.16,-9.16,1.0,0.0,2.0,1.0,0.7,0.8,-1.61,-1.61,-1.61,-1.61,1.0,0.0,2.0,1.0,0.7,0.8,1015.4,1015.4,1015.4,1015.4,1.0,0.0,2.0,1.0,0.7,0.8,6.0,6.0,6.0,6.0,1.0,0.0,2.0,1.0,0.7,0.8,-85.2,-85.2,-85.2,-85.2,1.0,0.0,2.0,1.0,0.7,0.8,-15.0,-15.0,-15.0,-15.0,1.0,0.0,2.0,1.0,0.7,0.8,1.4,1.4,1.4,1.4,1.0,0.0,2.0,1.0,0.7,0.8,13.0,13.0,13.0,13.0,1.0,0.0,2.0,1.0,0.7,0.8,6.0,6.0,6.0,6.0,1.0,0.0,2.0,1.0,0.7,0.8,55.8,55.8,55.8,55.8,1.0,0.0,2.0,1.0,0.7,0.8,-204.2,-204.2,-204.2,-204.2,1.0,0.0,2.0,1.0,0.7,0.8,-36.0,-36.0,-36.0,-36.0,1.0,0.0,2.0,1.0,0.7,0.8,-112.1,-112.1,-112.1,-112.1,1.0,0.0,2.0,1.0,0.7,0.8,-19.8,-19.8,-19.8,-19.8,1.0,0.0,2.0,1.0,0.7,0.8,-54.9,-54.9,-54.9,-54.9,1.0,0.0,2.0,1.0,0.7,0.8,-9.7,-9.7,-9.7,-9.7,1.0,0.0,2.0,1.0,0.7,0.8,804.5,804.5,804.5,804.5,1.0,0.0,2.0,1.0,0.7,0.8,805.0,805.0,805.0,805.0,1.0,0.0,2.0,1.0,0.7,0.8
1974,2,322.0,16.0,22.32,23.7,24.71,23.53,4.0,1.48,12.0,0.3,0.3,0.5,20.76,21.8,22.42,21.6,4.0,1.18,12.0,0.3,0.3,0.5,12.14,13.05,13.8,12.97,4.0,0.97,12.0,0.3,0.3,0.5,72.6,80.9,90.9,81.7,4.0,11.3,12.0,0.3,0.5,9.3,9.55,12.73,10.95,4.0,2.98,12.0,0.3,0.3,0.5,-11.94,-8.95,-6.73,-9.32,4.0,3.93,12.0,0.3,0.3,0.5,-6.95,-4.22,-2.36,-4.64,4.0,2.97,12.0,0.3,0.3,0.5,1015.01,1016.15,1019.86,1017.38,4.0,3.87,12.0,0.3,0.3,0.5,6.0,7.0,7.5,6.8,4.0,1.3,12.0,0.3,0.3,0.5,-157.3,-83.2,-63.9,-109.3,4.0,77.5,12.0,0.3,0.3,0.5,-82.2,-55.3,-22.0,-52.2,4.0,35.1,12.0,0.3,0.3,0.5,0.53,1.3,3.38,1.93,4.0,2.14,12.0,0.3,0.3,0.5,5.2,12.1,32.8,18.7,4.0,20.9,12.0,0.3,0.3,0.5,3.62,5.49,6.5,5.08,4.0,2.01,12.0,0.3,0.3,0.5,41.1,52.5,61.9,51.5,4.0,12.9,12.0,0.3,0.3,0.5,-259.7,-200.4,-146.2,-202.8,4.0,87.7,12.0,0.3,0.3,0.5,-143.1,-93.1,-53.1,-97.9,4.0,57.6,12.0,0.3,0.3,0.5,-158.2,-108.7,-85.4,-121.2,4.0,55.8,12.0,0.3,0.3,0.5,-96.0,-55.4,-28.6,-62.0,4.0,42.9,12.0,0.3,0.3,0.5,-54.1,-39.9,-31.3,-42.6,4.0,14.4,12.0,0.3,0.3,0.5,-37.0,-17.3,-10.1,-23.3,4.0,19.0,12.0,0.3,0.3,0.5,804.5,873.0,2361.5,1550.5,4.0,1402.5,12.0,0.3,0.3,0.5,805.0,875.0,2360.0,1550.0,4.0,1405.0,12.0,0.3,0.3,0.5
1974,2,322.0,17.0,22.36,22.5,22.64,22.5,2.0,0.28,16.0,0.5,0.4,0.4,22.03,22.1,22.17,22.1,2.0,0.14,16.0,0.5,0.4,0.4,10.4,10.42,10.44,10.42,2.0,0.05,16.0,0.5,0.4,0.4,63.1,63.5,63.9,63.5,2.0,0.8,16.0,0.5,0.4,9.3,9.3,9.3,9.3,2.0,0.0,16.0,0.5,0.4,0.4,-9.09,-8.95,-8.81,-8.95,2.0,0.3,16.0,0.5,0.4,0.4,-0.85,0.78,2.42,0.78,2.0,3.39,16.0,0.5,0.4,0.4,1018.25,1018.35,1018.45,1018.35,2.0,0.21,16.0,0.5,0.4,0.4,6.2,6.5,6.8,6.5,2.0,0.7,16.0,0.5,0.4,0.4,-84.6,-83.2,-81.9,-83.2,2.0,2.8,16.0,0.5,0.4,0.4,-7.9,7.3,22.5,7.3,2.0,31.5,16.0,0.5,0.4,0.4,0.2,0.4,0.6,0.4,2.0,0.42,16.0,0.5,0.4,0.4,1.8,3.7,5.6,3.7,2.0,3.9,16.0,0.5,0.4,0.4,6.35,6.47,6.59,6.47,2.0,0.24,16.0,0.5,0.4,0.4,59.1,60.2,61.3,60.2,2.0,2.3,16.0,0.5,0.4,0.4,-201.6,-197.8,-194.0,-197.8,2.0,7.8,16.0,0.5,0.4,0.4,-19.1,17.1,53.2,17.1,2.0,74.8,16.0,0.5,0.4,0.4,-94.5,-93.3,-92.0,-93.3,2.0,2.7,16.0,0.5,0.4,0.4,-8.8,8.2,25.3,8.2,2.0,35.4,16.0,0.5,0.4,0.4,-58.0,-57.9,-57.7,-57.9,2.0,0.3,16.0,0.5,0.4,0.4,-5.2,5.5,16.2,5.5,2.0,22.1,16.0,0.5,0.4,0.4,804.5,804.5,804.5,804.5,2.0,0.0,16.0,0.5,0.4,0.4,805.0,805.0,805.0,805.0,2.0,0.0,16.0,0.5,0.4,0.4
1974,2,322.0,18.0,23.3,23.3,23.3,23.3,1.0,0.0,14.0,0.0,0.1,0.8,20.0,20.0,20.0,20.0,1.0,0.0,14.0,0.0,0.1,0.8,10.45,10.45,10.45,10.45,1.0,0.0,14.0,0.0,0.1,0.8,72.4,72.4,72.4,72.4,1.0,0.0,14.0,0.0,0.8,8.7,8.7,8.7,8.7,1.0,0.0,14.0,0.0,0.1,0.8,-8.7,-8.7,-8.7,-8.7,1.0,0.0,14.0,0.0,0.1,0.8,0.0,0.0,0.0,0.0,1.0,0.0,14.0,0.0,0.1,0.8,1019.3,1019.3,1019.3,1019.3,1.0,0.0,14.0,0.0,0.1,0.8,1.0,1.0,1.0,1.0,1.0,0.0,14.0,0.0,0.1,0.8,-75.7,-75.7,-75.7,-75.7,1.0,0.0,14.0,0.0,0.1,0.8,0.0,0.0,0.0,0.0,1.0,0.0,14.0,0.0,0.1,0.8,3.3,3.3,3.3,3.3,1.0,0.0,14.0,0.0,0.1,0.8,28.7,28.7,28.7,28.7,1.0,0.0,14.0,0.0,0.1,0.8,7.28,7.28,7.28,7.28,1.0,0.0,14.0,0.0,0.1,0.8,63.3,63.3,63.3,63.3,1.0,0.0,14.0,0.0,0.1,0.8,-174.0,-174.0,-174.0,-174.0,1.0,0.0,14.0,0.0,0.1,0.8,0.0,0.0,0.0,0.0,1.0,0.0,14.0,0.0,0.1,0.8,-90.9,-90.9,-90.9,-90.9,1.0,0.0,14.0,0.0,0.1,0.8,0.0,0.0,0.0,0.0,1.0,0.0,14.0,0.0,0.1,0.8,-63.3,-63.3,-63.3,-63.3,1.0,0.0,14.0,0.0,0.1,0.8,0.0,0.0,0.0,0.0,1.0,0.0,14.0,0.0,0.1,0.8,658.5,658.5,658.5,658.5,1.0,0.0,14.0,0.0,0.1,0.8,660.0,660.0,660.0,660.0,1.0,0.0,14.0,0.0,0.1,0.8
1974,2,322.0,19.0,22.2,22.2,22.2,22.2,1.0,0.0,22.0,1.0,0.8,0.5,23.3,23.3,23.3,23.3,1.0,0.0,22.0,1.0,0.8,0.5,13.18,13.18,13.18,13.18,1.0,0.0,22.0,1.0,0.8,0.5,74.4,74.4,74.4,74.4,1.0,0.0,22.0,1.0,0.5,6.2,6.2,6.2,6.2,1.0,0.0,22.0,1.0,0.8,0.5,-4.75,-4.75,-4.75,-4.75,1.0,0.0,22.0,1.0,0.8,0.5,-3.99,-3.99,-3.99,-3.99,1.0,0.0,22.0,1.0,0.8,0.5,1017.3,1017.3,1017.3,1017.3,1.0,0.0,22.0,1.0,0.8,0.5,2.0,2.0,2.0,2.0,1.0,0.0,22.0,1.0,0.8,0.5,-29.4,-29.4,-29.4,-29.4,1.0,0.0,22.0,1.0,0.8,0.5,-24.7,-24.7,-24.7,-24.7,1.0,0.0,22.0,1.0,0.8,0.5,-1.1,-1.1,-1.1,-1.1,1.0,0.0,22.0,1.0,0.8,0.5,-6.8,-6.8,-6.8,-6.8,1.0,0.0,22.0,1.0,0.8,0.5,3.42,3.42,3.42,3.42,1.0,0.0,22.0,1.0,0.8,0.5,21.2,21.2,21.2,21.2,1.0,0.0,22.0,1.0,0.8,0.5,-110.7,-110.7,-110.7,-110.7,1.0,0.0,22.0,1.0,0.8,0.5,-92.9,-92.9,-92.9,-92.9,1.0,0.0,22.0,1.0,0.8,0.5,-62.6,-62.6,-62.6,-62.6,1.0,0.0,22.0,1.0,0.8,0.5,-52.5,-52.5,-52.5,-52.5,1.0,0.0,22.0,1.0,0.8,0.5,-16.3,-16.3,-16.3,-16.3,1.0,0.0,22.0,1.0,0.8,0.5,-13.6,-13.6,-13.6,-13.6,1.0,0.0,22.0,1.0,0.8,0.5,238.5,238.5,238.5,238.5,1.0,0.0,22.0,1.0,0.8,0.5,240.0,240.0,240.0,240.0,1.0,0.0,22.0,1.0,0.8,0.5
1974,2,322.0,20.0,22.13,22.4,22.67,22.4,2.0,0.57,22.0,0.5,0.6,0.4,22.09,22.7,23.31,22.7,2.0,1.27,22.0,0.5,0.6,0.4,11.3,11.51,11.71,11.51,2.0,0.43,22.0,0.5,0.6,0.4,64.1,67.8,71.5,67.8,2.0,7.7,22.0,0.5,0.4,5.77,7.2,8.63,7.2,2.0,2.97,22.0,0.5,0.6,0.4,-8.41,-6.79,-5.17,-6.79,2.0,3.35,22.0,0.5,0.6,0.4,-2.4,-2.08,-1.76,-2.08,2.0,0.66,22.0,0.5,0.6,0.4,1019.27,1019.65,1020.03,1019.65,2.0,0.78,22.0,0.5,0.6,0.4,1.8,3.5,5.2,3.5,2.0,3.5,22.0,0.5,0.6,0.4,-75.2,-53.9,-32.5,-53.9,2.0,44.3,22.0,0.5,0.6,0.4,-14.7,-14.0,-13.3,-14.0,2.0,1.4,22.0,0.5,0.6,0.4,-1.19,-0.3,0.59,-0.3,2.0,1.84,22.0,0.5,0.6,0.4,-11.7,-4.9,1.9,-4.9,2.0,14.1,22.0,0.5,0.6,0.4,5.18,5.27,5.35,5.27,2.0,0.17,22.0,0.5,0.6,0.4,30.7,37.7,44.6,37.7,2.0,14.4,22.0,0.5,0.6,0.4,-197.1,-156.2,-115.3,-156.2,2.0,84.8,22.0,0.5,0.6,0.4,-52.8,-46.9,-40.9,-46.9,2.0,12.4,22.0,0.5,0.6,0.4,-94.6,-77.4,-60.2,-77.4,2.0,35.7,22.0,0.5,0.6,0.4,-28.2,-24.1,-20.0,-24.1,2.0,8.5,22.0,0.5,0.6,0.4,-43.4,-35.5,-27.5,-35.5,2.0,16.5,22.0,0.5,0.6,0.4,-12.9,-11.0,-9.2,-11.0,2.0,3.8,22.0,0.5,0.6,0.4,239.5,468.5,698.0,468.5,2.0,475.0,22.0,0.5,0.6,0.4,240.0,470.0,700.0,470.0,2.0,475.0,22.0,0.5,0.6,0.4
1974,2,322.0,21.0,22.0,22.9,23.62,23.13,6.0,1.48,16.0,0.2,0.4,0.7,20.96,21.3,22.14,21.7,7.0,1.55,14.0,0.1,0.4,0.7,11.03,12.24,13.47,12.25,4.0,1.41,12.0,0.0,0.5,0.6,69.1,78.5,86.7,77.9,4.0,10.3,12.0,0.0,0.6,7.7,8.0,11.14,9.17,7.0,2.4,14.0,0.1,0.4,0.7,-8.43,-6.67,-4.81,-6.5,7.0,4.47,14.0,0.1,0.4,0.7,-6.35,-3.85,0.23,-2.84,7.0,5.01,14.0,0.1,0.4,0.7,1018.88,1019.7,1021.61,1019.86,7.0,1.87,14.0,0.1,0.4,0.7,3.9,7.0,8.0,5.9,7.0,2.5,14.0,0.1,0.4,0.7,-72.7,-51.3,-38.2,-61.6,7.0,60.4,14.0,0.1,0.4,0.7,-52.4,-29.6,3.2,-23.1,7.0,56.3,14.0,0.1,0.4,0.7,0.79,1.25,2.17,1.38,6.0,0.96,16.0,0.2,0.4,0.7,6.3,11.3,20.3,14.1,6.0,13.2,16.0,0.2,0.4,0.7,4.43,5.36,5.88,5.16,3.0,1.08,14.0,0.0,0.6,0.6,34.9,43.9,46.1,40.6,3.0,8.7,14.0,0.0,0.6,0.6,-184.4,-142.0,-120.5,-139.9,7.0,91.4,14.0,0.1,0.4,0.7,-156.8,-80.8,4.6,-63.9,7.0,107.3,14.0,0.1,0.4,0.7,-97.5,-89.7,-81.2,-89.4,4.0,12.4,12.0,0.0,0.5,0.6,-47.3,-21.3,0.0,-23.6,4.0,27.4,12.0,0.0,0.5,0.6,-42.9,-40.8,-31.1,-37.1,3.0,9.2,14.0,0.0,0.6,0.6,-21.0,-15.4,-4.9,-13.0,3.0,12.0,14.0,0.0,0.6,0.6,456.5,512.0,1396.0,921.5,7.0,840.0,14.0,0.1,0.4,0.7,455.0,510.0,1395.0,920.0,7.0,840.0,14.0,0.1,0.4,0.7
1974,2,322.0,22.0,21.1,21.1,21.1,21.1,3.0,0.0,16.0,0.7,0.7,0.1,21.1,21.1,21.58,21.33,3.0,0.4,16.0,0.7,0.7,0.1,11.18,12.56,12.88,12.05,3.0,1.32,16.0,0.7,0.7,0.1,72.5,81.0,81.3,77.0,3.0,7.3,16.0,0.7,0.1,9.78,10.8,11.14,10.47,3.0,1.04,16.0,0.7,0.7,0.1,-10.32,-9.3,-8.86,-9.59,3.0,1.1,16.0,0.7,0.7,0.1,-4.96,0.0,0.0,-2.42,3.0,4.19,16.0,0.7,0.7,0.1,1021.27,1022.5,1022.84,1022.07,3.0,1.21,16.0,0.7,0.7,0.1,2.6,4.0,4.7,3.7,3.0,1.5,16.0,0.7,0.7,0.1,-110.7,-97.8,-90.1,-100.3,3.0,15.2,16.0,0.7,0.7,0.1,-56.0,0.0,0.0,-27.4,3.0,47.4,16.0,0.7,0.7,0.1,-0.48,0.0,0.0,-0.23,3.0,0.4,16.0,0.7,0.7,0.1,-5.2,0.0,0.0,-2.5,3.0,4.4,16.0,0.7,0.7,0.1,2.56,2.89,4.25,3.39,3.0,1.31,16.0,0.7,0.7,0.1,26.2,26.9,46.2,36.0,3.0,16.6,16.0,0.7,0.7,0.1,-223.0,-196.2,-187.0,-204.8,3.0,27.4,16.0,0.7,0.7,0.1,-104.6,0.0,0.0,-51.1,3.0,88.5,16.0,0.7,0.7,0.1,-133.1,-116.9,-99.4,-116.3,3.0,24.7,16.0,0.7,0.7,0.1,-52.3,0.0,0.0,-25.5,3.0,44.2,16.0,0.7,0.7,0.1,-37.4,-26.9,-26.2,-31.7,3.0,9.1,16.0,0.7,0.7,0.1,-24.2,0.0,0.0,-11.8,3.0,20.5,16.0,0.7,0.7,0.1,949.0,1259.5,1385.0,1169.0,3.0,329.0,16.0,0.7,0.7,0.1,950.0,1260.0,1385.0,1170.0,3.0,330.0,16.0,0.7,0.7,0.1
1974,2,322.0,23.0,21.24,22.7,22.9,22.1,4.0,1.41,20.0,0.5,0.5,0.5,20.74,21.6,23.14,21.93,4.0,1.56,20.0,0.5,0.5,0.5,11.46,11.65,13.03,12.22,4.0,1.28,20.0,0.5,0.5,0.5,72.9,76.9,77.4,75.2,4.0,3.7,20.0,0.5,0.5,5.84,7.45,8.22,7.05,4.0,1.75,20.0,0.5,0.5,0.5,-7.95,-7.23,-5.63,-6.81,4.0,1.59,20.0,0.5,0.5,0.5,0.0,1.23,2.73,1.36,4.0,1.58,20.0,0.5,0.5,0.5,1020.09,1022.7,1023.37,1021.78,4.0,2.57,20.0,0.5,0.5,0.5,2.0,4.5,6.5,4.3,4.0,2.8,20.0,0.5,0.5,0.5,-65.5,-54.0,-34.3,-50.1,4.0,21.3,20.0,0.5,0.5,0.5,0.0,8.9,22.0,10.9,4.0,13.0,20.0,0.5,0.5,0.5,-0.87,0.15,1.22,0.18,4.0,1.26,20.0,0.5,0.5,0.5,-4.7,1.0,10.0,2.6,4.0,9.0,20.0,0.5,0.5,0.5,3.01,4.09,5.5,4.25,4.0,1.46,20.0,0.5,0.5,0.5,18.2,32.4,43.3,30.8,4.0,14.7,20.0,0.5,0.5,0.5,-165.1,-154.0,-129.3,-147.5,4.0,26.3,20.0,0.5,0.5,0.5,0.0,27.3,58.8,29.3,4.0,34.0,20.0,0.5,0.5,0.5,-92.8,-82.9,-70.9,-81.9,4.0,13.8,20.0,0.5,0.5,0.5,0.0,14.1,31.9,15.9,4.0,18.5,20.0,0.5,0.5,0.5,-40.7,-31.2,-18.2,-29.5,4.0,13.3,20.0,0.5,0.5,0.5,0.0,7.2,14.8,7.4,4.0,8.5,20.0,0.5,0.5,0.5,228.5,415.0,562.5,396.5,4.0,232.5,20.0,0.5,0.5,0.5,230.0,415.0,560.0,395.0,4.0,235.0,20.0,0.5,0.5,0.5
1974,2,322.0,24.0,21.11,22.0,22.94,22.19,8.0,1.0,18.0,0.5,0.5,0.2,20.41,20.85,23.29,21.46,8.0,1.49,18.0,0.5,0.5,0.2,10.95,11.45,12.78,11.76,5.0,1.0,18.0,0.4,0.5,0.1,70.9,72.3,78.6,75.0,5.0,7.5,18.0,0.4,0.1,6.96,9.65,12.7,9.35,8.0,3.78,18.0,0.5,0.5,0.2,-9.75,-5.81,-0.18,-5.07,8.0,4.68,18.0,0.5,0.5,0.2,-12.57,-0.87,0.0,-4.55,8.0,6.26,18.0,0.5,0.5,0.2,1019.0,1021.2,1023.82,1020.31,8.0,4.38,18.0,0.5,0.5,0.2,2.0,3.5,6.8,4.0,8.0,2.5,18.0,0.5,0.5,0.2,-96.5,-57.9,-1.7,-51.6,8.0,44.0,18.0,0.5,0.5,0.2,-159.7,-8.7,0.0,-58.0,8.0,82.1,18.0,0.5,0.5,0.2,0.5,0.75,1.92,0.73,8.0,1.26,18.0,0.5,0.5,0.2,1.4,6.9,19.7,7.6,8.0,14.4,18.0,0.5,0.5,0.2,4.72,5.78,5.93,5.34,5.0,1.0,18.0,0.4,0.5,0.1,27.2,52.2,57.3,43.5,5.0,20.1,18.0,0.4,0.5,0.1,-212.8,-121.6,-3.7,-108.9,8.0,103.8,18.0,0.5,0.5,0.2,-256.8,-20.8,0.0,-92.8,8.0,127.0,18.0,0.5,0.5,0.2,-90.7,-62.8,-2.3,-49.6,5.0,53.8,18.0,0.4,0.5,0.1,-124.5,0.0,4.9,-51.2,5.0,81.0,18.0,0.4,0.5,0.1,-45.9,-17.8,-2.1,-23.2,5.0,28.0,18.0,0.4,0.5,0.1,-50.5,0.0,2.2,-19.2,5.0,29.2,18.0,0.4,0.5,0.1,348.5,902.0,2074.5,1140.0,8.0,986.5,18.0,0.5,0.5,0.2,350.0,900.0,2075.0,1140.0,8.0,985.0,18.0,0.5,0.5,0.2
1974,2,322.0,25.0,22.08,22.25,22.42,22.25,2.0,0.35,16.0,0.0,0.6,0.1,19.42,20.25,21.29,20.35,4.0,1.29,16.0,0.3,0.7,0.3,10.48,11.15,11.4,10.94,3.0,0.69,14.0,0.3,0.7,0.3,69.0,70.6,75.5,72.2,3.0,5.0,14.0,0.3,0.3,3.55,4.85,9.19,6.3,4.0,4.53,16.0,0.3,0.7,0.3,-4.12,-3.23,3.13,-0.62,4.0,5.99,16.0,0.3,0.7,0.3,-6.74,-2.43,-0.51,-3.57,4.0,4.48,16.0,0.3,0.7,0.3,1017.5,1019.3,1022.83,1020.13,4.0,3.8,16.0,0.3,0.7,0.3,1.5,2.5,4.0,2.8,4.0,1.7,16.0,0.3,0.7,0.3,-19.9,-13.3,52.9,15.1,4.0,61.5,16.0,0.3,0.7,0.3,-74.7,-12.0,-2.8,-37.6,4.0,60.4,16.0,0.3,0.7,0.3,2.0,2.0,2.0,2.0,2.0,0.0,16.0,0.0,0.6,0.1,9.4,9.7,10.0,9.7,2.0,0.7,16.0,0.0,0.6,0.1,5.41,5.72,6.04,5.72,2.0,0.65,16.0,0.0,0.6,0.1,27.1,27.6,28.2,27.6,2.0,1.1,16.0,0.0,0.6,0.1,-83.4,-68.2,55.3,-16.5,4.0,116.2,16.0,0.3,0.7,0.3,-129.8,-49.3,-9.8,-68.9,4.0,84.7,16.0,0.3,0.7,0.3,-44.7,-44.0,-33.4,-39.2,3.0,9.2,14.0,0.3,0.7,0.3,-30.8,-16.0,-1.6,-16.2,3.0,21.4,14.0,0.3,0.7,0.3,-25.7,-23.6,-21.5,-23.6,2.0,4.4,16.0,0.0,0.6,0.1,-16.1,-13.5,-10.9,-13.5,2.0,5.3,16.0,0.0,0.6,0.1,55.5,115.0,1188.0,598.5,4.0,1033.0,16.0,0.3,0.7,0.3,55.0,115.0,1190.0,600.0,4.0,1035.0,16.0,0.3,0.7,0.3
1974,2,322.0,26.0,20.43,21.0,21.31,20.84,10.0,0.78,12.0,0.6,0.5,0.6,20.04,20.4,21.41,20.9,10.0,1.31,12.0,0.6,0.5,0.6,9.72,11.03,11.89,10.88,8.0,1.05,10.0,0.5,0.5,0.6,66.3,75.8,80.6,73.3,8.0,8.5,10.0,0.5,0.6,4.77,6.85,8.44,6.76,10.0,1.71,12.0,0.6,0.5,0.6,-8.13,-6.59,-3.81,-6.3,10.0,2.12,12.0,0.6,0.5,0.6,-2.06,0.0,2.26,-0.01,10.0,2.27,12.0,0.6,0.5,0.6,1023.19,1023.85,1026.03,1024.42,10.0,1.43,12.0,0.6,0.5,0.6,1.4,3.5,6.0,3.6,10.0,2.4,12.0,0.6,0.5,0.6,-68.9,-45.1,-18.2,-45.7,10.0,24.6,12.0,0.6,0.5,0.6,-16.0,0.0,12.6,0.1,10.0,14.8,12.0,0.6,0.5,0.6,-0.79,0.6,1.11,-0.06,10.0,1.68,12.0,0.6,0.5,0.6,-6.4,3.3,6.6,-2.2,10.0,13.8,12.0,0.6,0.5,0.6,3.45,4.7,5.61,4.37,8.0,1.43,10.0,0.5,0.5,0.6,19.4,24.5,36.2,28.1,8.0,13.7,10.0,0.5,0.5,0.6,-182.8,-133.4,-78.0,-132.7,10.0,49.6,12.0,0.6,0.5,0.6,-42.4,0.0,51.3,0.8,10.0,48.5,12.0,0.6,0.5,0.6,-83.8,-72.1,-38.9,-64.5,8.0,22.9,10.0,0.5,0.5,0.6,-13.2,0.0,12.3,-0.9,8.0,23.9,10.0,0.5,0.5,0.6,-36.2,-24.3,-12.6,-26.1,8.0,14.9,10.0,0.5,0.5,0.6,-8.8,0.0,3.5,-0.4,8.0,9.4,10.0,0.5,0.5,0.6,109.0,322.0,612.5,362.5,10.0,251.5,12.0,0.6,0.5,0.6,110.0,320.0,610.0,365.0,10.0,250.0,12.0,0.6,0.5,0.6
1974,2,322.0,27.0,20.38,21.2,21.87,21.12,9.0,0.95,12.0,0.6,0.7,0.3,19.83,21.6,22.2,21.16,10.0,1.46,12.0,0.5,0.6,0.3,10.28,11.4,11.86,11.23,8.0,1.29,14.0,0.5,0.5,0.3,69.5,71.5,74.9,72.3,9.0,4.1,14.0,0.6,0.3,2.31,5.4,9.47,5.48,10.0,3.68,12.0,0.5,0.6,0.3,-6.96,-2.95,-0.16,-3.18,10.0,4.04,12.0,0.5,0.6,0.3,-2.39,1.0,3.04,0.01,10.0,4.41,12.0,0.5,0.6,0.3,1018.98,1024.8,1025.95,1022.52,9.0,5.37,14.0,0.4,0.6,0.3,3.4,5.0,6.6,4.8,10.0,1.9,12.0,0.5,0.6,0.3,-50.8,-11.8,-0.3,-22.4,10.0,39.5,12.0,0.5,0.6,0.3,-14.9,3.1,16.8,-3.6,10.0,43.0,12.0,0.5,0.6,0.3,-1.77,0.0,2.37,0.03,9.0,2.25,12.0,0.6,0.7,0.3,-11.7,0.0,23.3,2.7,9.0,18.8,12.0,0.6,0.7,0.3,2.9,4.21,5.85,4.25,7.0,1.74,14.0,0.6,0.6,0.4,7.4,12.2,26.3,21.0,7.0,23.1,14.0,0.6,0.6,0.4,-159.2,-61.1,-3.2,-69.2,10.0,83.9,12.0,0.5,0.6,0.3,-52.3,21.7,63.4,1.7,10.0,85.4,12.0,0.5,0.6,0.3,-60.7,-15.9,-0.4,-24.9,8.0,41.3,14.0,0.5,0.5,0.3,-34.1,11.1,30.3,-4.0,8.0,44.8,14.0,0.5,0.5,0.3,-17.9,-2.1,1.1,-4.0,7.0,14.8,14.0,0.6,0.6,0.4,-14.6,0.0,12.2,-6.7,7.0,27.6,14.0,0.6,0.6,0.4,13.0,168.0,915.5,374.0,10.0,508.5,12.0,0.5,0.6,0.3,15.0,170.0,915.0,375.0,10.0,510.0,12.0,0.5,0.6,0.3
1974,2,322.0,28.0,19.79,21.0,21.76,20.78,6.0,1.14,12.0,0.7,0.4,0.5,19.96,20.75,21.53,20.79,8.0,0.83,12.0,0.6,0.4,0.3,11.52,11.87,12.12,11.87,6.0,0.66,10.0,0.7,0.5,0.4,66.1,78.4,79.9,74.3,7.0,9.6,12.0,0.7,0.4,2.07,3.8,7.53,4.51,8.0,2.87,12.0,0.6,0.4,0.3,-7.44,-3.06,0.51,-3.32,8.0,3.89,12.0,0.6,0.4,0.3,0.07,1.42,2.84,1.43,8.0,1.2,12.0,0.6,0.4,0.3,1025.07,1025.4,1026.23,1025.5,7.0,0.79,10.0,0.6,0.4,0.3,3.0,5.0,6.9,4.6,8.0,2.6,12.0,0.6,0.4,0.3,-56.4,-11.5,0.3,-23.8,8.0,31.2,12.0,0.6,0.4,0.3,0.1,4.2,14.0,7.0,8.0,7.6,12.0,0.6,0.4,0.3,-1.96,0.25,1.03,-0.1,6.0,1.71,12.0,0.7,0.4,0.5,-5.1,0.3,5.9,1.6,6.0,10.4,12.0,0.7,0.4,0.5,2.12,3.06,3.77,2.95,4.0,1.06,10.0,0.8,0.4,0.6,7.5,14.0,16.2,12.0,4.0,6.1,10.0,0.8,0.4,0.6,-152.5,-65.0,10.5,-68.2,8.0,79.1,12.0,0.6,0.4,0.3,1.5,28.8,62.9,30.5,8.0,26.3,12.0,0.6,0.4,0.3,-73.9,-28.4,12.9,-30.0,6.0,45.1,10.0,0.7,0.5,0.4,6.1,19.1,34.0,19.7,6.0,15.1,10.0,0.7,0.5,0.4,-13.3,-7.3,3.7,-4.9,4.0,10.8,10.0,0.8,0.4,0.6,4.8,8.1,9.3,7.1,4.0,3.5,10.0,0.8,0.4,0.6,9.0,62.0,432.5,197.0,8.0,266.5,12.0,0.6,0.4,0.3,10.0,60.0,430.0,195.0,8.0,265.0,12.0,0.6,0.4,0.3
1974,2,322.0,29.0,20.0,20.0,21.89,20.61,15.0,1.28,10.0,0.5,0.5,0.5,19.32,19.8,20.96,19.96,15.0,1.05,10.0,0.5,0.5,0.5,9.94,10.45,11.94,10.76,11.0,1.12,10.0,0.5,0.5,0.5,69.1,73.5,81.4,74.9,12.0,8.3,10.0,0.6,0.5,3.63,5.05,6.2,4.84,14.0,1.83,10.0,0.5,0.5,0.5,-5.02,-3.72,-0.04,-2.85,14.0,2.74,10.0,0.5,0.5,0.5,-0.83,2.34,3.94,1.37,14.0,3.2,10.0,0.5,0.5,0.5,1022.59,1026.0,1028.04,1025.46,14.0,2.57,12.0,0.4,0.6,0.4,2.0,4.5,6.0,4.2,14.0,2.2,10.0,0.5,0.5,0.5,-29.2,-18.0,-0.2,-14.4,14.0,16.9,10.0,0.5,0.5,0.5,-4.2,7.8,19.1,6.8,14.0,20.2,10.0,0.5,0.5,0.5,-0.23,0.2,1.23,0.65,15.0,1.28,10.0,0.5,0.5,0.5,-1.7,1.5,6.7,3.3,14.0,6.6,10.0,0.5,0.5,0.5,3.27,4.23,4.5,4.09,11.0,1.05,10.0,0.5,0.5,0.5,12.8,17.7,27.9,18.6,11.0,9.4,10.0,0.5,0.5,0.5,-99.5,-74.8,-0.9,-57.0,14.0,54.5,10.0,0.5,0.5,0.5,-14.7,48.8,77.1,28.6,14.0,62.8,10.0,0.5,0.5,0.5,-56.9,-34.3,-5.0,-32.8,11.0,23.0,10.0,0.5,0.5,0.5,-13.2,26.0,32.2,9.3,11.0,32.8,10.0,0.5,0.5,0.5,-21.1,-14.9,-1.8,-12.5,11.0,9.4,10.0,0.5,0.5,0.5,-4.3,5.9,14.4,3.4,11.0,14.0,10.0,0.5,0.5,0.5,48.0,129.0,238.5,151.5,14.0,110.0,10.0,0.5,0.5,0.5,50.0,130.0,240.0,150.0,14.0,110.0,10.0,0.5,0.5,0.5
1974,2,322.0,30.0,20.09,20.5,21.0,20.53,15.0,0.69,12.0,0.5,0.6,0.4,18.22,19.8,20.96,19.54,15.0,1.48,14.0,0.6,0.6,0.3,7.57,10.67,11.84,9.9,12.0,1.99,14.0,0.6,0.6,0.3,58.8,75.0,80.0,71.0,12.0,11.0,14.0,0.6,0.3,2.71,5.1,8.09,5.75,15.0,2.99,14.0,0.6,0.6,0.3,-4.86,-0.72,3.23,-0.32,15.0,4.83,14.0,0.6,0.6,0.3,-5.92,0.0,3.86,-0.69,15.0,4.51,14.0,0.6,0.6,0.3,1020.02,1026.1,1028.0,1024.54,17.0,4.37,12.0,0.5,0.6,0.4,3.4,5.0,6.6,4.7,16.0,1.6,14.0,0.6,0.6,0.3,-25.9,-1.5,15.1,3.4,15.0,43.4,14.0,0.6,0.6,0.3,-37.5,0.0,21.9,-7.8,15.0,38.7,14.0,0.6,0.6,0.3,-0.37,1.4,2.19,1.15,13.0,1.7,14.0,0.6,0.6,0.3,-1.9,6.7,16.8,7.9,13.0,14.6,14.0,0.6,0.6,0.3,3.21,4.62,6.81,4.97,12.0,1.92,14.0,0.6,0.6,0.3,11.7,24.8,54.9,32.6,12.0,26.0,14.0,0.6,0.6,0.3,-99.4,-14.2,62.2,-9.7,15.0,96.0,14.0,0.6,0.6,0.3,-107.8,0.0,74.6,-8.7,15.0,82.9,14.0,0.6,0.6,0.3,-46.5,-12.6,38.0,-7.0,12.0,53.2,14.0,0.6,0.6,0.3,-51.1,-3.0,21.6,-10.3,12.0,36.8,14.0,0.6,0.6,0.3,-16.0,-4.8,21.9,1.8,12.0,27.1,14.0,0.6,0.6,0.3,-44.6,-1.1,8.0,-14.1,12.0,29.7,14.0,0.6,0.6,0.3,20.5,132.5,530.5,346.5,15.0,482.5,14.0,0.6,0.6,0.3,20.0,135.0,530.0,345.0,15.0,480.0,14.0,0.6,0.6,0.3
1974,2,322.0,31.0,18.9,19.25,20.79,19.63,10.0,1.1,16.0,0.4,0.6,0.5,17.98,19.0,20.0,18.87,13.0,1.15,16.0,0.5,0.5,0.5,10.54,11.3,11.79,11.14,8.0,0.71,12.0,0.4,0.5,0.5,79.2,82.2,88.0,82.6,8.0,5.4,12.0,0.4,0.5,0.9,6.7,9.3,5.83,13.0,4.02,16.0,0.5,0.5,0.5,-3.88,0.0,3.29,-0.74,13.0,4.08,16.0,0.5,0.5,0.5,-3.01,0.0,5.32,0.69,13.0,5.94,16.0,0.5,0.5,0.5,1021.0,1025.6,1028.59,1024.95,13.0,3.75,16.0,0.5,0.5,0.5,3.0,6.0,7.0,5.2,13.0,2.0,16.0,0.5,0.5,0.5,-20.0,0.0,28.9,-3.6,13.0,34.1,16.0,0.5,0.5,0.5,-22.6,0.0,45.4,2.3,13.0,61.3,16.0,0.5,0.5,0.5,-0.5,0.55,2.26,0.72,10.0,1.46,16.0,0.4,0.6,0.5,-4.6,3.0,12.6,2.8,10.0,9.5,16.0,0.4,0.6,0.5,2.13,2.53,3.92,2.92,8.0,1.46,12.0,0.4,0.5,0.5,12.7,20.5,26.0,20.9,8.0,10.9,12.0,0.4,0.5,0.5,-73.6,0.0,65.5,-13.2,13.0,78.5,16.0,0.5,0.5,0.5,-56.1,0.0,103.3,17.5,13.0,106.2,16.0,0.5,0.5,0.5,-67.6,-10.0,47.4,-9.7,8.0,59.1,12.0,0.4,0.5,0.5,-19.0,55.5,76.5,36.0,8.0,56.0,12.0,0.4,0.5,0.5,-12.8,-0.5,9.0,-3.6,8.0,17.4,12.0,0.4,0.5,0.5,-12.5,10.9,17.1,4.5,8.0,16.5,12.0,0.4,0.5,0.5,1.0,301.0,804.5,455.5,13.0,598.0,16.0,0.5,0.5,0.5,0.0,300.0,805.0,455.0,13.0,600.0,16.0,0.5,0.5,0.5
1974,2,322.0,32.0,18.04,19.4,20.0,19.27,15.0,1.41,14.0,0.2,0.5,0.4,16.94,18.85,20.23,18.76,18.0,1.59,14.0,0.2,0.5,0.4,9.71,11.01,11.97,10.94,13.0,1.21,14.0,0.1,0.6,0.5,76.0,83.9,86.8,82.8,13.0,6.7,14.0,0.1,0.5,4.15,6.2,8.7,6.36,18.0,2.51,14.0,0.2,0.5,0.4,-2.74,0.0,5.43,0.5,18.0,3.85,14.0,0.2,0.5,0.4,-3.26,4.15,5.69,1.71,18.0,5.57,14.0,0.2,0.5,0.4,1018.68,1022.65,1027.59,1023.08,18.0,4.45,14.0,0.2,0.5,0.4,1.4,5.0,7.6,4.7,16.0,2.7,14.0,0.3,0.5,0.4,-18.0,0.0,35.4,2.4,18.0,28.6,14.0,0.2,0.5,0.4,-15.9,19.7,47.7,8.0,18.0,51.8,14.0,0.2,0.5,0.4,-0.68,0.2,1.46,0.3,15.0,1.44,14.0,0.2,0.5,0.4,-6.5,1.0,11.0,1.3,15.0,10.6,14.0,0.2,0.5,0.4,1.66,2.9,3.77,2.59,12.0,1.7,14.0,0.1,0.6,0.5,9.1,19.2,27.9,17.5,12.0,12.4,14.0,0.1,0.6,0.5,-53.2,0.0,95.3,7.7,18.0,74.1,14.0,0.2,0.5,0.4,-55.1,70.8,108.1,35.9,18.0,103.4,14.0,0.2,0.5,0.4,-25.8,0.0,61.9,13.0,13.0,46.3,14.0,0.1,0.6,0.5,-59.4,48.1,70.4,19.5,13.0,66.8,14.0,0.1,0.6,0.5,-9.6,0.0,3.8,-1.0,12.0,9.9,14.0,0.1,0.6,0.5,-24.4,8.2,17.4,1.1,12.0,19.7,14.0,0.1,0.6,0.5,77.0,238.5,658.5,378.5,18.0,442.5,14.0,0.2,0.5,0.4,75.0,240.0,660.0,380.0,18.0,445.0,14.0,0.2,0.5,0.4
1974,2,322.0,33.0,18.3,19.5,20.78,19.49,15.0,1.03,16.0,0.7,0.5,0.5,15.63,19.2,20.0,18.18,17.0,2.36,16.0,0.7,0.5,0.5,8.11,9.13,12.0,9.69,14.0,1.94,16.0,0.6,0.5,0.6,65.3,74.7,84.5,74.6,15.0,9.4,18.0,0.7,0.6,4.1,6.2,10.96,7.53,17.0,4.36,16.0,0.7,0.5,0.5,-1.15,0.45,7.09,2.49,17.0,4.77,16.0,0.7,0.5,0.5,-6.24,0.89,6.93,-0.11,17.0,7.06,16.0,0.7,0.5,0.5,1017.08,1025.0,1027.89,1023.56,16.0,5.16,16.0,0.7,0.5,0.5,3.0,5.5,7.6,5.3,16.0,2.3,16.0,0.8,0.5,0.5,-7.8,1.2,88.0,33.0,17.0,68.1,16.0,0.7,0.5,0.5,-57.6,4.5,53.3,-10.2,17.0,91.9,16.0,0.7,0.5,0.5,-1.48,1.2,3.48,1.23,15.0,2.67,16.0,0.7,0.5,0.5,-10.2,6.5,21.5,12.2,15.0,35.0,16.0,0.7,0.5,0.5,2.69,4.56,5.65,4.01,13.0,1.97,16.0,0.6,0.5,0.6,10.9,23.0,39.5,23.2,13.0,15.2,16.0,0.6,0.5,0.6,-19.4,7.4,111.7,43.8,17.0,82.2,16.0,0.7,0.5,0.5,-97.5,16.2,144.8,11.6,17.0,122.0,16.0,0.7,0.5,0.5,-12.8,1.9,45.7,21.0,14.0,46.3,16.0,0.6,0.5,0.6,-48.9,-6.9,73.2,8.1,14.0,58.5,16.0,0.6,0.5,0.6,-6.7,0.0,12.8,3.6,13.0,15.0,16.0,0.6,0.5,0.6,-28.6,0.7,18.9,-5.7,13.0,23.3,16.0,0.6,0.5,0.6,69.0,238.5,1423.0,927.5,17.0,1728.0,16.0,0.7,0.5,0.5,70.0,240.0,1425.0,930.0,17.0,1730.0,16.0,0.7,0.5,0.5
1974,2,322.0,34.0,17.5,18.5,20.37,18.7,16.0,1.4,12.0,0.5,0.5,0.5,16.7,18.2,19.5,18.32,16.0,1.57,12.0,0.5,0.5,0.5,8.16,11.12,12.08,10.2,13.0,1.85,10.0,0.5,0.5,0.6,69.0,80.7,87.1,78.7,13.0,9.3,10.0,0.5,0.6,4.0,6.7,7.85,6.37,18.0,2.44,12.0,0.5,0.5,0.5,-1.22,2.44,5.0,1.96,18.0,4.27,12.0,0.5,0.5,0.5,-1.39,4.51,6.68,3.17,18.0,3.99,12.0,0.5,0.5,0.5,1016.77,1021.7,1024.83,1020.88,17.0,4.27,12.0,0.5,0.5,0.5,3.0,6.0,8.0,5.7,18.0,2.2,12.0,0.5,0.5,0.5,-8.6,6.4,35.5,13.5,18.0,39.7,12.0,0.5,0.5,0.5,-5.5,25.7,47.2,20.6,18.0,30.4,12.0,0.5,0.5,0.5,-0.39,0.0,1.47,0.46,14.0,1.2,10.0,0.5,0.5,0.5,-2.6,0.0,8.5,3.7,14.0,9.3,10.0,0.5,0.5,0.5,1.8,2.94,3.99,2.96,13.0,1.21,10.0,0.5,0.5,0.6,7.3,20.4,26.7,18.8,13.0,10.6,10.0,0.5,0.5,0.6,-24.3,21.4,91.5,32.7,16.0,77.6,12.0,0.5,0.5,0.5,-31.2,87.6,135.4,64.4,16.0,77.7,12.0,0.5,0.5,0.5,0.0,35.9,57.9,30.4,13.0,32.0,10.0,0.5,0.5,0.6,-9.6,44.4,85.2,39.0,13.0,42.8,10.0,0.5,0.5,0.6,0.0,7.2,21.0,11.0,13.0,12.9,10.0,0.5,0.5,0.6,-3.3,8.1,20.3,7.9,13.0,11.3,10.0,0.5,0.5,0.6,73.0,301.0,485.0,360.0,18.0,323.0,12.0,0.5,0.5,0.5,75.0,300.0,485.0,360.0,18.0,325.0,12.0,0.5,0.5,0.5
1974,2,322.0,35.0,17.0,17.6,18.37,17.74,17.0,1.24,16.0,0.4,0.6,0.3,14.22,17.4,19.2,16.89,17.0,2.19,16.0,0.4,0.5,0.4,7.51,10.1,11.99,9.93,17.0,2.22,16.0,0.4,0.5,0.4,71.3,83.1,91.0,82.5,17.0,10.3,16.0,0.4,0.4,4.29,7.95,10.3,7.87,16.0,2.82,16.0,0.3,0.5,0.3,-2.21,0.0,6.89,1.83,16.0,4.69,16.0,0.3,0.5,0.3,-7.7,3.14,7.55,0.65,16.0,6.93,16.0,0.3,0.5,0.3,1015.67,1021.7,1027.38,1021.89,17.0,5.79,16.0,0.4,0.5,0.4,0.7,4.5,7.3,3.9,18.0,2.8,16.0,0.3,0.5,0.4,-14.3,0.0,71.0,19.6,16.0,46.3,16.0,0.3,0.5,0.3,-59.3,15.4,63.5,2.8,16.0,66.3,16.0,0.3,0.5,0.3,-1.45,-0.15,3.14,0.77,16.0,2.56,14.0,0.4,0.6,0.3,-10.7,-0.6,18.6,5.8,14.0,22.0,14.0,0.4,0.6,0.3,0.29,2.09,4.7,2.48,16.0,2.67,14.0,0.4,0.6,0.3,2.2,9.5,39.8,18.5,14.0,26.1,14.0,0.4,0.6,0.3,-39.2,0.0,122.3,34.5,15.0,79.7,14.0,0.3,0.5,0.3,-117.4,63.4,148.7,27.2,15.0,116.1,14.0,0.3,0.5,0.3,-24.7,0.0,82.4,22.1,15.0,49.3,14.0,0.3,0.5,0.3,-54.0,41.0,88.2,22.8,15.0,65.8,14.0,0.3,0.5,0.3,-5.9,0.0,5.8,3.7,14.0,14.5,14.0,0.4,0.6,0.3,-38.5,-1.2,7.1,-9.4,14.0,27.0,14.0,0.4,0.6,0.3,79.5,504.0,1092.5,657.0,16.0,538.0,16.0,0.3,0.5,0.3,80.0,505.0,1095.0,655.0,16.0,540.0,16.0,0.3,0.5,0.3
1974,2,322.0,36.0,16.0,16.8,17.8,16.84,22.0,0.95,18.0,0.5,0.6,0.4,13.4,14.75,17.61,15.36,26.0,2.17,16.0,0.4,0.6,0.4,5.64,7.76,10.93,7.96,24.0,2.25,18.0,0.4,0.6,0.4,56.5,77.6,86.2,73.3,24.0,14.5,18.0,0.4,0.4,4.6,7.7,11.8,8.0,25.0,3.07,16.0,0.4,0.6,0.4,-1.54,2.05,5.34,1.9,25.0,3.86,16.0,0.4,0.6,0.4,-9.3,-3.52,7.12,-1.82,25.0,7.34,16.0,0.4,0.6,0.4,1014.78,1022.4,1026.8,1021.58,26.0,5.69,16.0,0.4,0.6,0.4,3.0,6.5,8.0,5.5,26.0,2.5,16.0,0.4,0.6,0.4,-5.2,12.3,55.9,22.8,25.0,36.7,16.0,0.4,0.6,0.4,-87.5,-16.2,74.9,-15.1,25.0,76.5,16.0,0.4,0.6,0.4,-0.53,1.5,3.63,1.47,22.0,2.1,18.0,0.5,0.6,0.4,-3.4,14.2,30.6,13.1,21.0,18.7,16.0,0.4,0.6,0.4,1.04,3.67,6.05,3.73,21.0,2.28,18.0,0.5,0.6,0.4,6.8,34.4,43.4,29.1,20.0,17.6,16.0,0.5,0.6,0.4,-23.8,36.9,76.8,30.3,25.0,59.4,16.0,0.4,0.6,0.4,-129.9,-51.8,128.5,-16.9,25.0,116.5,16.0,0.4,0.6,0.4,-13.9,28.3,46.0,20.9,23.0,33.3,16.0,0.4,0.6,0.4,-70.9,-27.7,64.2,-10.7,23.0,63.6,16.0,0.4,0.6,0.4,0.0,2.7,17.3,4.0,20.0,17.4,16.0,0.5,0.6,0.4,-37.9,-22.3,4.4,-18.0,20.0,23.3,16.0,0.5,0.6,0.4,97.5,456.5,1643.0,727.0,25.0,655.0,16.0,0.4,0.6,0.4,95.0,455.0,1645.0,725.0,25.0,655.0,16.0,0.4,0.6,0.4
1974,2,322.0,37.0,15.86,17.0,17.25,16.71,17.0,0.63,12.0,0.4,0.6,0.4,15.3,16.9,17.99,16.55,20.0,1.97,14.0,0.4,0.6,0.5,9.41,10.64,11.41,10.33,17.0,1.49,12.0,0.4,0.6,0.5,77.7,88.0,95.0,86.5,17.0,10.3,12.0,0.4,0.5,5.1,11.05,15.38,10.07,20.0,4.39,14.0,0.4,0.6,0.5,0.02,4.94,9.87,4.46,20.0,4.79,14.0,0.4,0.6,0.5,-4.29,2.34,13.04,3.16,20.0,8.46,14.0,0.4,0.6,0.5,1014.5,1018.8,1025.89,1019.52,20.0,6.12,14.0,0.4,0.6,0.5,3.7,8.0,8.0,6.2,19.0,2.5,14.0,0.4,0.6,0.5,0.1,36.1,136.7,53.7,20.0,64.6,14.0,0.4,0.6,0.5,-28.8,17.5,181.7,52.2,20.0,110.1,14.0,0.4,0.6,0.5,-1.78,-0.1,1.05,-0.15,17.0,1.85,12.0,0.4,0.6,0.4,-12.6,-1.2,9.9,-0.8,17.0,19.4,12.0,0.4,0.6,0.4,0.06,1.28,2.35,1.44,15.0,1.61,12.0,0.4,0.6,0.4,0.3,11.3,21.2,13.7,15.0,18.2,12.0,0.4,0.6,0.4,0.4,77.3,167.9,75.6,20.0,80.6,14.0,0.4,0.6,0.5,-68.7,38.6,223.0,60.6,20.0,140.3,14.0,0.4,0.6,0.5,13.0,54.6,120.7,58.8,17.0,46.8,12.0,0.4,0.6,0.5,-39.9,43.9,145.6,49.7,17.0,86.8,12.0,0.4,0.6,0.5,0.0,3.9,10.6,5.2,15.0,7.1,12.0,0.4,0.6,0.4,-5.8,0.0,16.6,0.7,15.0,21.3,12.0,0.4,0.6,0.4,132.5,1351.5,3637.5,1552.0,20.0,1373.5,14.0,0.4,0.6,0.5,135.0,1350.0,3635.0,1550.0,20.0,1375.0,14.0,0.4,0.6,0.5
1974,2,322.0,38.0,15.5,16.5,17.65,16.64,18.0,1.3,12.0,0.2,0.6,0.5,13.0,15.85,16.7,15.25,20.0,1.69,12.0,0.2,0.6,0.5,7.0,9.71,10.57,9.05,16.0,1.91,12.0,0.2,0.6,0.5,73.0,89.4,90.2,81.7,16.0,13.1,12.0,0.2,0.5,3.14,10.05,14.86,9.39,20.0,4.63,12.0,0.2,0.6,0.5,1.18,4.58,10.88,5.17,20.0,4.68,12.0,0.2,0.6,0.5,-2.66,2.84,11.55,3.86,20.0,6.96,12.0,0.2,0.6,0.5,1014.11,1020.0,1024.14,1019.45,19.0,6.02,12.0,0.2,0.6,0.4,1.0,6.0,8.0,5.2,19.0,2.9,12.0,0.2,0.6,0.5,4.2,38.9,127.1,56.2,20.0,70.6,12.0,0.2,0.6,0.5,-22.7,16.9,141.9,50.8,20.0,94.2,12.0,0.2,0.6,0.5,-0.82,1.0,2.65,1.08,18.0,2.05,12.0,0.2,0.6,0.5,-8.1,5.1,23.6,8.0,18.0,18.4,12.0,0.2,0.6,0.5,0.49,2.22,4.69,2.66,16.0,2.46,12.0,0.2,0.6,0.5,4.7,13.3,49.7,25.0,16.0,25.4,12.0,0.2,0.6,0.5,18.6,65.5,145.5,76.8,20.0,69.0,12.0,0.2,0.6,0.5,-37.2,46.2,196.4,67.6,20.0,110.6,12.0,0.2,0.6,0.5,4.4,39.7,90.0,43.7,16.0,41.7,12.0,0.2,0.6,0.5,-9.9,51.5,132.3,54.2,16.0,68.0,12.0,0.2,0.6,0.5,0.1,7.9,49.3,18.8,16.0,22.9,12.0,0.2,0.6,0.5,-5.5,3.0,12.5,-0.7,16.0,20.2,12.0,0.2,0.6,0.5,32.0,1032.0,3286.0,1389.0,20.0,1450.5,12.0,0.2,0.6,0.5,30.0,1030.0,3285.0,1390.0,20.0,1450.0,12.0,0.2,0.6,0.5
1974,2,322.0,39.0,14.23,15.7,16.82,15.69,11.0,1.87,12.0,0.7,0.7,0.4,11.02,13.0,16.28,13.41,15.0,3.09,14.0,0.7,0.7,0.4,6.16,7.39,10.38,7.63,13.0,2.09,14.0,0.7,0.7,0.4,67.2,76.5,92.2,77.6,13.0,14.9,14.0,0.7,0.4,4.79,10.3,12.67,8.84,16.0,4.38,14.0,0.7,0.7,0.4,-0.24,3.8,7.82,3.6,16.0,4.52,14.0,0.7,0.7,0.4,-9.3,-0.16,7.88,-1.0,16.0,8.2,14.0,0.7,0.7,0.4,1012.81,1019.25,1027.15,1018.39,14.0,8.34,14.0,0.6,0.7,0.4,4.8,6.0,8.0,6.2,16.0,2.0,14.0,0.7,0.7,0.4,-0.1,38.1,103.5,46.3,16.0,51.0,14.0,0.7,0.7,0.4,-104.9,-0.1,86.5,-14.5,16.0,102.3,14.0,0.7,0.7,0.4,-0.5,2.3,3.96,1.82,11.0,2.2,12.0,0.7,0.7,0.4,-3.8,8.6,20.0,11.7,11.0,23.7,12.0,0.7,0.7,0.4,2.4,3.71,5.4,3.64,11.0,1.93,12.0,0.7,0.7,0.4,10.7,24.8,34.1,24.2,11.0,14.7,12.0,0.7,0.7,0.4,-3.6,58.1,105.3,39.3,15.0,64.8,14.0,0.7,0.7,0.4,-112.7,-3.9,124.1,-3.7,15.0,106.4,14.0,0.7,0.7,0.4,-2.6,36.6,55.3,23.4,13.0,36.9,14.0,0.7,0.7,0.4,-69.3,0.0,73.2,2.0,13.0,65.9,14.0,0.7,0.7,0.4,-7.7,0.0,20.9,5.0,11.0,16.6,12.0,0.7,0.7,0.4,-24.6,-0.5,22.4,-3.9,11.0,23.3,12.0,0.7,0.7,0.4,111.0,1092.5,2038.0,1149.5,16.0,1187.0,14.0,0.7,0.7,0.4,110.0,1095.0,2040.0,1150.0,16.0,1185.0,14.0,0.7,0.7,0.4
1974,2,322.0,40.0,13.34,15.0,16.51,15.02,19.0,1.57,16.0,0.8,0.6,0.5,11.03,14.4,16.61,13.8,19.0,2.64,16.0,0.8,0.6,0.5,6.87,8.17,10.2,8.45,15.0,1.8,16.0,0.9,0.6,0.5,73.8,84.7,91.0,84.6,15.0,9.3,16.0,0.9,0.5,7.71,11.8,14.4,11.16,20.0,4.58,16.0,0.8,0.6,0.5,-4.26,4.24,10.64,4.09,20.0,7.81,16.0,0.8,0.6,0.5,-3.68,4.88,12.02,3.44,20.0,7.81,16.0,0.8,0.6,0.5,1004.21,1013.0,1023.23,1013.87,18.0,8.75,16.0,0.8,0.6,0.5,5.0,7.0,8.0,6.5,20.0,1.8,16.0,0.8,0.6,0.5,-21.3,39.6,133.3,59.7,20.0,113.4,16.0,0.8,0.6,0.5,-39.5,44.6,166.3,50.0,20.0,108.3,16.0,0.8,0.6,0.5,-1.55,0.85,3.41,1.07,18.0,2.82,16.0,0.8,0.6,0.5,-5.5,8.4,34.2,13.0,18.0,28.7,16.0,0.8,0.6,0.5,0.07,2.86,3.89,2.28,15.0,2.01,16.0,0.9,0.6,0.5,1.4,21.3,64.1,28.6,15.0,27.4,16.0,0.9,0.6,0.5,-57.9,63.2,155.4,55.7,19.0,115.4,16.0,0.8,0.6,0.5,-42.8,57.0,167.8,51.8,19.0,103.1,16.0,0.8,0.6,0.5,-55.2,25.7,105.2,26.4,15.0,68.4,16.0,0.9,0.6,0.5,-21.6,33.0,97.5,32.7,15.0,62.9,16.0,0.9,0.6,0.5,-1.1,5.7,51.6,14.7,15.0,27.8,16.0,0.9,0.6,0.5,-7.8,5.1,20.5,3.4,15.0,24.8,16.0,0.9,0.6,0.5,458.0,1652.0,2986.0,2006.0,20.0,1826.5,16.0,0.8,0.6,0.5,460.0,1650.0,2985.0,2005.0,20.0,1825.0,16.0,0.8,0.6,0.5
1974,2,322.0,41.0,13.67,14.0,15.39,14.62,15.0,1.31,14.0,0.4,0.6,0.4,10.74,13.0,15.5,13.26,16.0,2.58,16.0,0.4,0.6,0.4,4.9,7.7,10.13,7.36,11.0,2.29,14.0,0.4,0.6,0.4,63.4,84.4,97.3,80.4,11.0,16.7,14.0,0.4,0.4,5.4,8.2,16.7,9.74,16.0,5.63,16.0,0.4,0.6,0.4,-0.94,6.12,10.74,5.19,16.0,6.29,16.0,0.4,0.6,0.4,-4.87,1.91,7.7,0.81,16.0,7.99,16.0,0.4,0.6,0.4,1007.57,1021.7,1025.92,1017.58,16.0,10.43,16.0,0.4,0.6,0.4,6.0,8.0,8.0,7.3,13.0,0.9,16.0,0.5,0.6,0.4,-8.1,42.5,183.4,74.9,16.0,101.8,16.0,0.4,0.6,0.4,-55.6,14.2,71.8,-12.9,16.0,125.1,16.0,0.4,0.6,0.4,-1.3,1.0,3.42,1.51,15.0,2.72,14.0,0.4,0.6,0.4,-9.0,12.9,38.1,19.2,15.0,41.0,14.0,0.4,0.6,0.4,0.76,3.23,5.52,3.21,10.0,2.33,14.0,0.4,0.5,0.5,6.1,29.3,84.3,41.5,10.0,39.7,14.0,0.4,0.5,0.5,-10.0,81.3,135.8,67.4,16.0,77.2,16.0,0.4,0.6,0.4,-61.9,28.3,112.7,17.3,16.0,100.3,16.0,0.4,0.6,0.4,-14.4,37.4,75.8,32.7,11.0,47.8,14.0,0.4,0.6,0.4,-41.1,6.6,64.4,11.9,11.0,58.4,14.0,0.4,0.6,0.4,-3.9,14.2,43.6,23.9,10.0,39.8,14.0,0.4,0.5,0.5,-43.7,0.2,14.4,-10.4,10.0,33.9,14.0,0.4,0.5,0.5,174.5,551.5,4710.0,1848.0,16.0,2512.5,16.0,0.4,0.6,0.4,175.0,550.0,4710.0,1850.0,16.0,2510.0,16.0,0.4,0.6,0.4
1974,2,322.0,42.0,13.24,14.1,15.0,14.24,10.0,1.28,16.0,0.5,0.4,0.5,9.54,13.95,16.0,12.7,12.0,3.24,16.0,0.5,0.4,0.5,4.84,7.19,10.06,7.37,8.0,2.53,12.0,0.5,0.3,0.5,67.9,74.5,98.4,78.7,8.0,15.3,12.0,0.5,0.5,5.55,10.55,15.6,11.36,12.0,5.62,16.0,0.5,0.4,0.5,1.89,5.49,12.87,7.48,12.0,6.94,16.0,0.5,0.4,0.5,-4.01,5.18,10.39,4.65,12.0,6.29,16.0,0.5,0.4,0.5,1006.05,1018.25,1026.52,1016.04,12.0,11.1,16.0,0.5,0.4,0.5,3.8,6.0,8.0,5.6,11.0,2.7,14.0,0.5,0.4,0.5,13.6,48.5,200.9,115.0,12.0,154.8,16.0,0.5,0.4,0.5,-27.1,82.2,152.0,68.3,12.0,81.8,16.0,0.5,0.4,0.5,-1.33,-0.1,4.57,1.3,10.0,3.48,16.0,0.5,0.4,0.5,-16.8,-1.0,23.0,4.4,10.0,24.5,16.0,0.5,0.4,0.5,-0.1,2.53,3.33,2.28,7.0,2.93,12.0,0.4,0.4,0.6,-1.2,14.9,52.2,21.6,7.0,25.1,12.0,0.4,0.4,0.6,26.7,86.8,159.1,90.4,12.0,79.3,16.0,0.5,0.4,0.5,-42.5,77.8,146.8,71.7,12.0,86.8,16.0,0.5,0.4,0.5,17.9,62.8,101.1,59.2,8.0,47.5,12.0,0.5,0.3,0.5,-15.1,49.7,100.6,45.8,8.0,51.7,12.0,0.5,0.3,0.5,1.2,11.4,35.1,18.1,7.0,18.6,12.0,0.4,0.4,0.6,-12.9,-0.7,10.4,-3.0,7.0,20.8,12.0,0.4,0.4,0.6,172.0,1176.0,4225.5,2558.5,12.0,3502.5,16.0,0.5,0.4,0.5,170.0,1175.0,4225.0,2560.0,12.0,3500.0,16.0,0.5,0.4,0.5
1974,2,322.0,43.0,12.9,13.9,14.1,13.56,7.0,1.51,12.0,0.6,0.4,0.4,9.73,11.2,13.57,11.66,9.0,1.96,12.0,0.4,0.4,0.5,4.06,5.97,8.51,6.11,8.0,2.07,12.0,0.5,0.4,0.4,55.1,67.8,85.6,70.9,8.0,15.8,12.0,0.5,0.4,4.23,11.3,15.4,10.46,9.0,5.26,12.0,0.4,0.4,0.5,-0.24,8.66,13.75,6.98,9.0,6.39,12.0,0.4,0.4,0.5,-3.45,-2.67,6.83,0.16,9.0,7.41,12.0,0.4,0.4,0.5,1006.69,1012.2,1029.34,1015.58,8.0,11.92,12.0,0.5,0.4,0.4,3.5,7.0,8.0,6.1,9.0,2.1,12.0,0.4,0.4,0.5,0.2,81.3,211.7,98.9,9.0,97.5,12.0,0.4,0.4,0.5,-38.1,-11.2,90.1,9.9,9.0,102.2,12.0,0.4,0.4,0.5,0.26,2.5,4.0,1.99,7.0,2.72,12.0,0.6,0.4,0.4,-0.2,14.0,25.2,11.5,7.0,26.6,12.0,0.6,0.4,0.4,1.27,3.7,5.76,3.56,6.0,2.24,10.0,0.7,0.4,0.4,16.9,23.4,36.4,28.7,6.0,24.3,10.0,0.7,0.4,0.4,0.3,91.8,165.0,87.6,9.0,79.4,12.0,0.4,0.4,0.5,-36.2,-28.4,86.0,10.9,9.0,87.7,12.0,0.4,0.4,0.5,-3.4,46.4,86.2,46.1,8.0,43.4,12.0,0.5,0.4,0.4,-20.3,-14.1,29.7,4.5,8.0,47.3,12.0,0.5,0.4,0.4,-10.7,12.2,34.2,16.2,6.0,31.0,10.0,0.7,0.4,0.4,-18.5,-6.4,6.7,-4.1,6.0,17.0,10.0,0.7,0.4,0.4,76.5,1443.0,3652.5,1882.5,9.0,1765.0,12.0,0.4,0.4,0.5,75.0,1445.0,3650.0,1880.0,9.0,1765.0,12.0,0.4,0.4,0.5
1974,2,322.0,44.0,11.06,13.0,14.93,13.05,8.0,1.98,14.0,0.5,0.6,0.5,8.13,11.2,14.57,11.34,9.0,3.84,14.0,0.4,0.6,0.5,5.69,6.65,8.44,7.09,7.0,1.75,12.0,0.6,0.6,0.5,69.5,75.8,88.9,77.2,7.0,9.9,12.0,0.6,0.5,3.23,10.0,15.4,9.46,9.0,5.56,14.0,0.4,0.6,0.5,1.58,8.66,12.09,7.13,9.0,5.76,14.0,0.4,0.6,0.5,-2.5,0.0,9.36,2.15,9.0,6.0,14.0,0.4,0.6,0.5,999.21,1011.5,1018.1,1009.03,9.0,14.34,14.0,0.4,0.6,0.5,4.3,6.0,8.0,6.1,9.0,1.8,14.0,0.4,0.6,0.5,4.5,86.6,162.6,93.0,9.0,86.9,14.0,0.4,0.6,0.5,-7.5,0.0,143.8,39.0,9.0,84.2,14.0,0.4,0.6,0.5,-1.71,1.75,5.3,1.91,8.0,3.57,14.0,0.5,0.6,0.5,-7.3,8.8,35.7,14.5,8.0,31.0,14.0,0.5,0.6,0.5,1.81,2.35,3.18,2.59,6.0,0.98,10.0,0.7,0.6,0.5,6.5,28.4,36.2,23.7,6.0,14.0,10.0,0.7,0.6,0.5,17.7,60.3,131.6,72.8,9.0,65.7,14.0,0.4,0.6,0.5,-28.1,0.0,123.2,32.7,9.0,74.3,14.0,0.4,0.6,0.5,12.2,65.6,81.4,47.1,7.0,39.9,12.0,0.6,0.6,0.5,-0.8,15.4,79.3,28.7,7.0,42.8,12.0,0.6,0.6,0.5,2.3,23.5,35.7,19.9,6.0,17.1,10.0,0.7,0.6,0.5,-1.0,2.5,9.3,4.6,6.0,8.9,10.0,0.7,0.6,0.5,34.5,1000.0,3652.5,1611.0,9.0,1672.0,14.0,0.4,0.6,0.5,35.0,1000.0,3650.0,1610.0,9.0,1670.0,14.0,0.4,0.6,0.5
1974,2,322.0,45.0,10.0,10.05,12.14,11.03,4.0,1.98,16.0,0.5,0.5,0.4,7.86,9.15,11.83,9.93,6.0,2.83,14.0,0.3,0.4,0.5,3.83,4.97,8.02,5.78,5.0,2.64,14.0,0.4,0.5,0.4,54.2,70.0,91.4,71.4,5.0,21.2,14.0,0.4,0.4,8.95,10.55,12.77,10.82,6.0,3.49,14.0,0.3,0.4,0.5,4.84,7.22,11.52,8.33,6.0,4.58,14.0,0.3,0.4,0.5,-4.68,3.15,8.41,2.2,6.0,6.52,14.0,0.3,0.4,0.5,1007.97,1012.5,1019.79,1013.97,6.0,8.3,14.0,0.3,0.4,0.5,7.2,8.0,8.0,7.3,6.0,1.6,14.0,0.3,0.4,0.5,46.4,74.3,151.9,102.6,6.0,89.3,14.0,0.3,0.4,0.5,-34.1,30.9,89.9,24.7,6.0,66.4,14.0,0.3,0.4,0.5,-2.62,0.9,4.37,0.88,4.0,4.83,16.0,0.5,0.5,0.4,-27.0,10.6,30.1,2.0,4.0,38.9,16.0,0.5,0.5,0.4,-0.78,2.61,5.11,2.19,4.0,3.52,16.0,0.5,0.5,0.4,-8.2,18.0,44.1,17.9,4.0,32.8,16.0,0.5,0.5,0.4,65.1,76.8,94.6,78.7,6.0,33.5,14.0,0.3,0.4,0.5,-35.4,31.5,99.8,34.5,6.0,72.7,14.0,0.3,0.4,0.5,24.1,34.5,50.9,36.4,5.0,15.3,14.0,0.4,0.5,0.4,-17.6,41.1,59.7,27.2,5.0,44.7,14.0,0.4,0.5,0.4,-3.5,11.9,34.8,15.5,4.0,25.1,16.0,0.5,0.5,0.4,-26.0,-20.6,-6.6,-16.5,4.0,13.8,16.0,0.5,0.5,0.4,785.0,1176.0,2231.5,1602.5,6.0,1495.0,14.0,0.3,0.4,0.5,785.0,1175.0,2230.0,1600.0,6.0,1495.0,14.0,0.3,0.4,0.5
1974,2,322.0,46.0,10.18,11.6,13.38,11.78,9.0,1.47,16.0,0.3,0.5,0.5,6.59,8.3,11.1,8.32,11.0,3.72,16.0,0.4,0.6,0.5,4.71,4.91,5.81,5.35,9.0,1.21,16.0,0.3,0.5,0.5,63.2,73.7,90.8,77.2,9.0,12.9,16.0,0.3,0.5,7.51,10.3,23.1,13.85,10.0,7.51,18.0,0.4,0.6,0.5,-0.58,7.3,10.3,6.74,10.0,8.21,18.0,0.4,0.6,0.5,-4.15,-0.61,19.2,3.95,10.0,11.59,18.0,0.4,0.6,0.5,996.28,1010.2,1017.17,1007.45,11.0,12.82,16.0,0.4,0.6,0.5,5.3,8.0,8.0,6.7,9.0,2.1,16.0,0.4,0.7,0.6,-36.7,77.5,106.1,97.8,10.0,197.5,18.0,0.4,0.6,0.5,-40.2,-4.3,395.9,95.0,10.0,250.8,18.0,0.4,0.6,0.5,2.2,3.1,4.95,3.28,9.0,1.52,16.0,0.3,0.5,0.5,17.4,29.2,58.7,35.2,8.0,23.9,18.0,0.4,0.6,0.5,2.19,3.47,4.27,3.28,9.0,0.97,16.0,0.3,0.5,0.5,21.2,33.5,44.5,33.5,8.0,12.5,18.0,0.4,0.6,0.5,15.7,61.0,91.1,56.6,10.0,60.4,18.0,0.4,0.6,0.5,-41.3,-4.9,97.6,34.1,10.0,125.5,18.0,0.4,0.6,0.5,22.1,40.0,50.3,40.6,8.0,50.0,18.0,0.4,0.6,0.5,-23.5,-8.9,0.0,1.5,8.0,50.4,18.0,0.4,0.6,0.5,13.6,32.6,43.8,27.3,8.0,19.0,18.0,0.4,0.6,0.5,-16.1,-5.5,0.0,-4.2,8.0,14.6,18.0,0.4,0.6,0.5,432.0,1092.5,12326.5,4958.5,10.0,6355.5,18.0,0.4,0.6,0.5,430.0,1095.0,12325.0,4960.0,10.0,6355.0,18.0,0.4,0.6,0.5
1974,2,322.0,47.0,9.95,10.8,12.52,11.01,7.0,1.47,18.0,0.4,0.7,0.5,7.0,7.2,8.78,7.9,9.0,1.36,16.0,0.3,0.7,0.6,3.63,4.15,5.38,4.45,9.0,1.33,16.0,0.3,0.7,0.6,57.6,65.1,81.4,66.4,9.0,14.9,16.0,0.3,0.6,7.7,10.3,21.7,13.43,9.0,7.48,16.0,0.3,0.7,0.6,3.96,7.12,21.12,11.14,9.0,8.32,16.0,0.3,0.7,0.6,-5.4,3.84,8.37,1.64,9.0,6.87,16.0,0.3,0.7,0.6,997.52,1007.5,1024.68,1009.76,9.0,14.1,16.0,0.3,0.7,0.6,4.3,7.0,8.0,6.2,9.0,1.9,16.0,0.3,0.7,0.6,28.7,66.3,458.8,203.9,9.0,231.4,16.0,0.3,0.7,0.6,-48.6,55.7,130.8,44.2,9.0,105.4,16.0,0.3,0.7,0.6,0.71,2.8,5.33,2.83,7.0,2.5,18.0,0.4,0.7,0.5,5.2,18.9,56.1,27.0,7.0,27.1,18.0,0.4,0.7,0.5,2.75,3.32,5.2,3.57,7.0,1.64,18.0,0.4,0.7,0.5,20.2,31.0,49.4,35.2,7.0,21.4,18.0,0.4,0.7,0.5,32.3,49.9,149.9,84.3,9.0,57.4,16.0,0.3,0.7,0.6,-38.0,27.6,60.9,10.3,9.0,58.3,16.0,0.3,0.7,0.6,16.6,28.4,87.7,47.9,9.0,35.4,16.0,0.3,0.7,0.6,-21.0,16.6,36.2,4.9,9.0,34.2,16.0,0.3,0.7,0.6,7.5,15.9,38.6,27.3,7.0,23.3,18.0,0.4,0.7,0.5,-21.5,-5.8,20.9,-1.6,7.0,22.0,18.0,0.4,0.7,0.5,456.5,1092.5,10240.5,4618.5,9.0,6082.5,16.0,0.3,0.7,0.6,455.0,1095.0,10240.0,4620.0,9.0,6085.0,16.0,0.3,0.7,0.6
1974,2,322.0,48.0,10.16,11.0,11.32,10.87,6.0,0.67,16.0,0.5,0.4,0.5,5.99,6.9,10.45,7.71,7.0,2.63,16.0,0.6,0.5,0.5,5.21,5.62,7.14,6.08,5.0,1.27,16.0,0.6,0.4,0.4,77.4,86.7,93.3,84.7,6.0,9.5,18.0,0.5,0.5,9.74,12.3,19.2,13.46,7.0,6.02,16.0,0.6,0.5,0.5,2.29,9.85,13.13,9.62,7.0,6.85,16.0,0.6,0.5,0.5,-1.84,2.24,12.39,5.22,7.0,7.81,16.0,0.6,0.5,0.5,985.39,1004.95,1010.22,1000.38,6.0,12.34,16.0,0.7,0.5,0.5,5.0,6.5,8.0,6.5,6.0,1.4,18.0,0.5,0.4,0.5,25.5,123.5,180.0,153.3,7.0,164.2,16.0,0.6,0.5,0.5,-17.4,28.9,190.0,98.6,7.0,132.1,16.0,0.6,0.5,0.5,-0.42,3.7,4.22,2.5,6.0,2.31,16.0,0.5,0.4,0.5,-6.4,30.2,44.7,23.7,6.0,26.1,16.0,0.5,0.4,0.5,0.6,1.89,3.01,1.81,4.0,1.41,16.0,0.5,0.3,0.3,7.9,15.7,30.3,19.0,4.0,16.1,16.0,0.5,0.3,0.3,24.1,67.6,84.7,63.1,7.0,33.1,16.0,0.6,0.5,0.5,-11.4,19.0,141.5,50.2,7.0,80.2,16.0,0.6,0.5,0.5,15.4,43.5,82.0,49.0,5.0,37.1,16.0,0.6,0.4,0.4,-0.1,36.5,104.6,48.5,5.0,58.6,16.0,0.6,0.4,0.4,3.3,6.4,24.3,13.5,4.0,18.2,16.0,0.5,0.3,0.3,-4.3,5.2,12.5,4.1,4.0,11.8,16.0,0.5,0.3,0.3,957.0,1861.0,7120.5,3736.0,7.0,4355.5,16.0,0.6,0.5,0.5,955.0,1860.0,7120.0,3735.0,7.0,4355.0,16.0,0.6,0.5,0.5
1974,2,322.0,49.0,10.0,10.0,10.0,10.0,1.0,0.0,12.0,0.0,0.9,0.2,2.57,3.8,5.03,3.8,2.0,2.55,8.0,0.0,0.7,0.3,3.21,3.49,3.77,3.49,2.0,0.59,8.0,0.0,0.7,0.3,68.4,68.8,69.3,68.8,2.0,0.9,8.0,0.0,0.3,16.23,18.0,19.77,18.0,2.0,3.68,8.0,0.0,0.7,0.3,16.03,17.38,18.73,17.38,2.0,2.8,8.0,0.0,0.7,0.3,1.12,3.52,5.93,3.52,2.0,4.98,8.0,0.0,0.7,0.3,994.68,995.7,996.72,995.7,2.0,2.12,8.0,0.0,0.7,0.3,6.2,6.5,6.8,6.5,2.0,0.7,8.0,0.0,0.7,0.3,262.8,318.0,373.1,318.0,2.0,114.3,8.0,0.0,0.7,0.3,23.0,72.6,122.1,72.6,2.0,102.6,8.0,0.0,0.7,0.3,4.4,4.4,4.4,4.4,1.0,0.0,12.0,0.0,0.9,0.2,67.8,67.8,67.8,67.8,1.0,0.0,12.0,0.0,0.9,0.2,3.84,3.84,3.84,3.84,1.0,0.0,12.0,0.0,0.9,0.2,59.2,59.2,59.2,59.2,1.0,0.0,12.0,0.0,0.9,0.2,46.3,62.5,78.7,62.5,2.0,33.6,8.0,0.0,0.7,0.3,2.2,7.0,11.9,7.0,2.0,10.0,8.0,0.0,0.7,0.3,59.7,59.9,60.1,59.9,2.0,0.4,8.0,0.0,0.7,0.3,3.4,10.8,18.2,10.8,2.0,15.3,8.0,0.0,0.7,0.3,59.2,59.2,59.2,59.2,1.0,0.0,12.0,0.0,0.9,0.2,0.0,0.0,0.0,0.0,1.0,0.0,12.0,0.0,0.9,0.2,4460.0,6197.0,7934.0,6197.0,2.0,3599.0,8.0,0.0,0.7,0.3,4460.0,6195.0,7935.0,6195.0,2.0,3600.0,8.0,0.0,0.7,0.3
1974,2,322.0,50.0,5.95,7.9,10.02,7.91,7.0,2.17,14.0,0.7,0.5,0.3,5.81,6.4,9.68,7.07,7.0,2.97,14.0,0.7,0.5,0.3,3.91,4.29,4.98,4.6,6.0,1.35,16.0,0.7,0.6,0.3,63.1,70.9,77.4,70.9,6.0,10.5,16.0,0.7,0.3,12.03,14.4,15.77,14.23,7.0,4.93,14.0,0.7,0.5,0.3,6.1,11.55,15.17,10.25,7.0,4.96,14.0,0.7,0.5,0.3,-2.31,4.93,12.49,6.31,7.0,8.17,14.0,0.7,0.5,0.3,987.36,1010.8,1011.91,1003.9,7.0,13.82,14.0,0.7,0.5,0.3,3.0,7.0,8.0,6.1,7.0,2.3,14.0,0.7,0.5,0.3,41.4,194.9,235.1,156.4,7.0,99.2,14.0,0.7,0.5,0.3,-16.6,70.9,164.0,111.8,7.0,168.5,14.0,0.7,0.5,0.3,-0.71,0.3,1.62,0.84,7.0,2.37,14.0,0.7,0.5,0.3,-15.4,2.0,20.7,11.1,7.0,37.1,14.0,0.7,0.5,0.3,1.51,2.37,3.41,2.34,6.0,1.14,16.0,0.7,0.6,0.3,14.5,30.9,45.3,30.7,6.0,16.1,16.0,0.7,0.6,0.3,29.7,75.9,92.8,67.0,7.0,39.9,14.0,0.7,0.5,0.3,-14.1,31.5,105.3,60.1,7.0,86.1,14.0,0.7,0.5,0.3,23.9,41.9,60.9,43.2,6.0,25.6,16.0,0.7,0.6,0.3,4.9,30.1,71.4,42.6,6.0,54.6,16.0,0.7,0.6,0.3,7.4,17.1,32.8,21.2,6.0,17.1,16.0,0.7,0.6,0.3,5.9,11.1,34.0,16.1,6.0,15.7,16.0,0.7,0.6,0.3,1786.5,2986.0,4067.0,3805.5,7.0,3940.5,14.0,0.7,0.5,0.3,1785.0,2985.0,4065.0,3805.0,7.0,3940.0,14.0,0.7,0.5,0.3
1974,2,322.0,51.0,6.9,7.8,8.29,7.61,7.0,1.5,10.0,0.4,0.3,0.4,-1.05,4.5,6.8,2.94,7.0,4.26,10.0,0.4,0.3,0.4,4.39,5.27,6.35,5.36,3.0,1.44,10.0,0.3,0.4,0.3,78.4,84.1,93.1,85.7,3.0,10.9,10.0,0.3,0.3,7.62,15.4,21.43,16.53,7.0,8.27,10.0,0.4,0.3,0.4,5.37,11.8,20.22,12.71,7.0,9.97,10.0,0.4,0.3,0.4,-7.31,0.0,8.26,1.5,7.0,9.82,10.0,0.4,0.3,0.4,996.38,1001.4,1010.36,1001.74,7.0,11.78,10.0,0.4,0.3,0.4,5.9,7.0,8.0,6.7,7.0,1.4,10.0,0.4,0.3,0.4,32.2,181.7,437.6,270.9,7.0,308.8,10.0,0.4,0.3,0.4,-150.9,0.0,75.5,25.9,7.0,185.1,10.0,0.4,0.3,0.4,0.39,3.6,10.05,4.67,7.0,5.34,10.0,0.4,0.3,0.4,0.7,50.8,215.7,94.1,7.0,138.2,10.0,0.4,0.3,0.4,-0.57,1.27,2.19,0.82,3.0,2.06,10.0,0.3,0.4,0.3,-17.0,9.8,30.7,6.9,3.0,35.0,10.0,0.3,0.4,0.3,-30.5,0.0,53.5,8.1,7.0,39.9,10.0,0.4,0.3,0.4,-11.1,0.0,57.3,25.7,7.0,69.9,10.0,0.4,0.3,0.4,14.9,46.9,47.8,31.7,3.0,27.5,10.0,0.3,0.4,0.3,-14.0,40.6,103.3,44.6,3.0,86.0,10.0,0.3,0.4,0.3,-6.9,0.0,21.1,6.9,3.0,21.4,10.0,0.3,0.4,0.3,-27.1,-26.0,-1.6,-14.6,3.0,21.1,10.0,0.3,0.4,0.3,445.0,3652.5,10109.0,7529.0,7.0,9304.0,10.0,0.4,0.3,0.4,445.0,3650.0,10110.0,7530.0,7.0,9305.0,10.0,0.4,0.3,0.4
1974,2,322.0,52.0,4.96,5.1,5.24,5.1,2.0,0.28,6.0,0.0,0.6,0.3,2.52,3.65,4.78,3.65,2.0,2.33,6.0,0.0,0.6,0.3,3.74,3.74,3.74,3.74,1.0,0.0,2.0,0.0,0.8,0.0,85.3,85.3,85.3,85.3,1.0,0.0,2.0,0.0,0.0,10.37,11.15,11.93,11.15,2.0,1.63,6.0,0.0,0.6,0.3,-6.79,-0.21,6.36,-0.21,2.0,13.63,6.0,0.0,0.6,0.3,-6.93,-4.82,-2.72,-4.82,2.0,4.36,6.0,0.0,0.6,0.3,990.36,997.6,1004.84,997.6,2.0,14.99,6.0,0.0,0.6,0.3,7.2,7.5,7.8,7.5,2.0,0.7,6.0,0.0,0.6,0.3,-64.5,8.7,81.9,8.7,2.0,151.6,6.0,0.0,0.6,0.3,-84.6,-57.3,-30.0,-57.3,2.0,56.5,6.0,0.0,0.6,0.3,0.46,1.45,2.44,1.45,2.0,2.05,6.0,0.0,0.6,0.3,5.7,17.8,30.0,17.8,2.0,25.2,6.0,0.0,0.6,0.3,1.64,1.64,1.64,1.64,1.0,0.0,2.0,0.0,0.8,0.0,20.2,20.2,20.2,20.2,1.0,0.0,2.0,0.0,0.8,0.0,-40.9,-16.7,7.6,-16.7,2.0,50.2,6.0,0.0,0.6,0.3,-14.8,-12.5,-10.3,-12.5,2.0,4.7,6.0,0.0,0.6,0.3,35.3,35.3,35.3,35.3,1.0,0.0,2.0,0.0,0.8,0.0,-29.6,-29.6,-29.6,-29.6,1.0,0.0,2.0,0.0,0.8,0.0,15.5,15.5,15.5,15.5,1.0,0.0,2.0,0.0,0.8,0.0,-13.0,-13.0,-13.0,-13.0,1.0,0.0,2.0,0.0,0.8,0.0,1136.5,1430.5,1724.0,1430.5,2.0,608.5,6.0,0.0,0.6,0.3,1135.0,1430.0,1725.0,1430.0,2.0,610.0,6.0,0.0,0.6,0.3
1974,2,322.0,53.0,4.33,4.6,4.87,4.6,2.0,0.57,12.0,0.5,0.5,0.5,4.58,5.25,6.02,5.3,4.0,0.96,12.0,0.3,0.6,0.6,4.34,5.09,5.15,4.75,3.0,0.66,10.0,0.3,0.6,0.6,74.8,85.8,90.0,82.5,3.0,11.5,10.0,0.3,0.6,4.34,6.4,11.45,7.83,4.0,4.75,12.0,0.3,0.6,0.6,-1.85,-0.4,0.73,-0.55,4.0,1.76,12.0,0.3,0.6,0.6,-2.2,4.19,9.7,3.77,4.0,9.04,12.0,0.3,0.6,0.6,987.83,998.15,1009.51,998.65,4.0,12.62,12.0,0.3,0.6,0.6,4.3,5.0,7.0,5.7,3.0,2.1,10.0,0.0,0.5,0.6,-13.8,-1.8,3.0,-5.2,4.0,12.5,12.0,0.3,0.6,0.6,-25.6,18.3,118.6,45.2,4.0,114.7,12.0,0.3,0.6,0.6,-1.47,-1.4,-1.33,-1.4,2.0,0.14,12.0,0.5,0.5,0.5,-19.9,-16.1,-12.4,-16.1,2.0,7.7,12.0,0.5,0.5,0.5,0.42,0.75,1.09,0.75,2.0,0.69,12.0,0.5,0.5,0.5,4.8,7.0,9.2,7.0,2.0,4.6,12.0,0.5,0.5,0.5,-9.7,-1.7,3.7,-2.9,4.0,9.4,12.0,0.3,0.6,0.6,-13.1,19.1,58.2,22.4,4.0,55.6,12.0,0.3,0.6,0.6,-7.6,0.0,4.9,-1.3,3.0,9.2,10.0,0.3,0.6,0.6,-14.7,19.6,57.0,21.1,3.0,52.6,10.0,0.3,0.6,0.6,-2.9,-1.7,-0.6,-1.7,2.0,2.5,12.0,0.5,0.5,0.5,-7.5,-2.9,1.6,-2.9,2.0,9.4,12.0,0.5,0.5,0.5,82.5,324.5,1827.0,926.0,4.0,1391.0,12.0,0.3,0.6,0.6,80.0,325.0,1825.0,925.0,4.0,1390.0,12.0,0.3,0.6,0.6
1974,2,322.0,54.0,4.1,4.3,6.14,5.1,3.0,1.65,16.0,1.0,0.5,0.5,2.42,3.1,3.51,2.97,3.0,0.81,16.0,1.0,0.5,0.5,3.93,4.14,4.36,4.14,2.0,0.45,14.0,1.0,0.5,0.2,79.5,85.3,91.1,85.3,2.0,12.1,14.0,1.0,0.2,10.86,11.0,12.98,11.9,3.0,1.73,16.0,1.0,0.5,0.5,9.32,10.15,10.62,9.97,3.0,0.96,16.0,1.0,0.5,0.5,-8.44,-3.69,0.13,-4.14,3.0,6.29,16.0,1.0,0.5,0.5,1002.1,1004.9,1004.97,1003.57,3.0,2.4,16.0,1.0,0.5,0.5,6.0,6.0,6.7,6.3,3.0,0.6,16.0,1.0,0.5,0.5,112.6,119.2,122.6,117.7,3.0,7.4,16.0,1.0,0.5,0.5,-113.7,-39.9,1.7,-55.6,3.0,85.6,16.0,1.0,0.5,0.5,0.59,1.2,3.73,2.13,3.0,2.44,16.0,1.0,0.5,0.5,7.0,13.0,40.9,23.7,3.0,26.5,16.0,1.0,0.5,0.5,0.8,0.99,1.18,0.99,2.0,0.39,14.0,1.0,0.5,0.2,9.3,12.7,16.1,12.7,2.0,7.0,14.0,1.0,0.5,0.2,25.5,31.5,32.6,29.1,3.0,5.5,16.0,1.0,0.5,0.5,-30.5,-11.5,-0.9,-15.6,3.0,22.0,16.0,1.0,0.5,0.5,35.9,39.7,43.5,39.7,2.0,7.9,14.0,1.0,0.5,0.2,-36.9,-28.6,-20.3,-28.6,2.0,17.1,14.0,1.0,0.5,0.2,7.9,9.3,10.7,9.3,2.0,2.9,14.0,1.0,0.5,0.2,-11.8,-8.1,-4.4,-8.1,2.0,7.7,14.0,1.0,0.5,0.2,1282.5,1331.0,2255.5,1759.0,3.0,803.5,16.0,1.0,0.5,0.5,1280.0,1330.0,2255.0,1760.0,3.0,805.0,16.0,1.0,0.5,0.5
1974,2,322.0,55.0,4.32,5.0,7.53,5.9,3.0,2.48,16.0,0.3,0.4,0.6,-2.97,-1.2,-1.06,-2.0,3.0,1.56,16.0,0.3,0.4,0.6,3.36,3.36,3.36,3.36,1.0,0.0,4.0,0.0,0.3,0.9,94.3,94.3,94.3,94.3,1.0,0.0,4.0,0.0,0.9,10.25,10.8,15.03,12.6,3.0,3.83,16.0,0.3,0.4,0.6,4.96,8.27,14.05,9.48,3.0,6.74,16.0,0.3,0.4,0.6,4.22,6.94,8.62,6.43,3.0,3.25,16.0,0.3,0.4,0.6,991.35,1006.5,1009.91,1000.77,3.0,14.48,16.0,0.3,0.4,0.6,7.2,7.5,7.8,7.5,2.0,0.7,16.0,0.5,0.4,0.8,51.7,89.4,222.6,136.1,3.0,131.6,16.0,0.3,0.4,0.6,58.1,75.0,87.9,73.0,3.0,22.0,16.0,0.3,0.4,0.6,5.38,6.2,10.5,7.9,3.0,4.03,16.0,0.3,0.4,0.6,72.7,85.0,112.3,92.3,3.0,29.7,16.0,0.3,0.4,0.6,2.2,2.2,2.2,2.2,1.0,0.0,4.0,0.0,0.3,0.9,23.7,23.7,23.7,23.7,1.0,0.0,4.0,0.0,0.3,0.9,-15.6,-13.0,-10.9,-13.2,3.0,3.4,16.0,0.3,0.4,0.6,-27.0,-8.3,-4.7,-15.7,3.0,17.6,16.0,0.3,0.4,0.6,27.8,27.8,27.8,27.8,1.0,0.0,4.0,0.0,0.3,0.9,23.3,23.3,23.3,23.3,1.0,0.0,4.0,0.0,0.3,0.9,18.2,18.2,18.2,18.2,1.0,0.0,4.0,0.0,0.3,0.9,15.2,15.2,15.2,15.2,1.0,0.0,4.0,0.0,0.3,0.9,1082.5,1259.5,3753.5,2391.0,3.0,2188.0,16.0,0.3,0.4,0.6,1080.0,1260.0,3755.0,2390.0,3.0,2190.0,16.0,0.3,0.4,0.6
1974,2,322.0,56.0,,,,,,,,,,,,,,,,,,,,,,,,,,,,,,,,,,,,,,,,6.44,9.8,18.37,11.9,5.0,6.2,16.0,0.2,0.7,0.4,-6.59,-3.0,8.6,0.5,5.0,11.11,16.0,0.2,0.7,0.4,-11.16,-5.8,3.88,-4.25,5.0,8.32,16.0,0.2,0.7,0.4,991.25,998.6,1001.32,996.94,5.0,5.58,16.0,0.2,0.7,0.4,,,,,,,,,,,,,,,,,,,,,,,,,,,,,,,,,,,,,,,,,,,,,,,,,,,,,,,,,,,,,,,,,,,,,,,,,,,,,,,,,,,,,,,,,,,,,,,,,,,,,,,,,,,,,,,,,,,,,,,,,,,,,,,,,,,,,,,,,,,,,,,,,,,,,,
1974,2,322.0,57.0,,,,,,,,,,,,,,,,,,,,,,,,,,,,,,,,,,,,,,,,3.0,3.0,3.0,3.0,1.0,0.0,2.0,0.0,0.3,0.3,2.82,2.82,2.82,2.82,1.0,0.0,2.0,0.0,0.3,0.3,1.03,1.03,1.03,1.03,1.0,0.0,2.0,0.0,0.3,0.3,999.4,999.4,999.4,999.4,1.0,0.0,2.0,0.0,0.3,0.3,,,,,,,,,,,,,,,,,,,,,,,,,,,,,,,,,,,,,,,,,,,,,,,,,,,,,,,,,,,,,,,,,,,,,,,,,,,,,,,,,,,,,,,,,,,,,,,,,,,,,,,,,,,,,,,,,,,,,,,,,,,,,,,,,,,,,,,,,,,,,,,,,,,,,,
1974,2,322.0,58.0,4.16,4.5,4.84,4.5,2.0,0.71,22.0,0.5,0.5,0.3,3.27,6.0,8.73,6.0,2.0,5.66,22.0,0.5,0.5,0.3,2.85,2.85,2.85,2.85,1.0,0.0,18.0,1.0,0.1,0.2,64.5,64.5,64.5,64.5,1.0,0.0,18.0,1.0,0.2,9.75,13.5,17.25,13.5,2.0,7.78,22.0,0.5,0.5,0.3,9.29,13.11,16.93,13.11,2.0,7.92,22.0,0.5,0.5,0.3,2.83,3.02,3.21,3.02,2.0,0.4,22.0,0.5,0.5,0.3,1000.79,1002.5,1004.21,1002.5,2.0,3.54,22.0,0.5,0.5,0.3,5.2,5.5,5.8,5.5,2.0,0.7,22.0,0.5,0.5,0.3,107.0,207.8,308.6,207.8,2.0,208.9,22.0,0.5,0.5,0.3,28.4,42.3,56.2,42.3,2.0,28.8,22.0,0.5,0.5,0.3,-3.89,-1.5,0.89,-1.5,2.0,4.95,22.0,0.5,0.5,0.3,-27.6,-1.0,25.6,-1.0,2.0,55.2,22.0,0.5,0.5,0.3,2.25,2.25,2.25,2.25,1.0,0.0,18.0,1.0,0.1,0.2,42.7,42.7,42.7,42.7,1.0,0.0,18.0,1.0,0.1,0.2,43.4,56.3,69.2,56.3,2.0,26.7,22.0,0.5,0.5,0.3,9.9,17.0,24.1,17.0,2.0,14.7,22.0,0.5,0.5,0.3,53.3,53.3,53.3,53.3,1.0,0.0,18.0,1.0,0.1,0.2,9.4,9.4,9.4,9.4,1.0,0.0,18.0,1.0,0.1,0.2,42.1,42.1,42.1,42.1,1.0,0.0,18.0,1.0,0.1,0.2,7.4,7.4,7.4,7.4,1.0,0.0,18.0,1.0,0.1,0.2,1519.5,3685.5,5851.5,3685.5,2.0,4488.0,22.0,0.5,0.5,0.3,1520.0,3685.0,5850.0,3685.0,2.0,4490.0,22.0,0.5,0.5,0.3
1974,2,322.0,65.0,,,,,,,,,,,,,,,,,,,,,,,,,,,,,,,,,,,,,,,,5.32,6.0,6.0,5.67,3.0,0.58,16.0,0.3,0.5,0.4,-5.11,-4.92,1.57,-1.84,3.0,5.58,16.0,0.3,0.5,0.4,-3.58,-3.0,-0.36,-2.0,3.0,2.52,16.0,0.3,0.5,0.4,1024.82,1026.75,1031.56,1027.43,8.0,3.57,12.0,0.4,0.7,0.2,,,,,,,,,,,,,,,,,,,,,,,,,,,,,,,,,,,,,,,,,,,,,,,,,,,,,,,,,,,,,,,,,,,,,,,,,,,,,,,,,,,,,,,,,,,,,,,,,,,,,,,,,,,,,,,,,,,,,,,,,,,,,,,,,,,,,,,,,,,,,,,,,,,,,,
1974,2,322.0,66.0,,,,,,,,,,,,,,,,,,,,,,,,,,,,,,,,,,,,,,,,7.79,9.5,11.21,9.5,2.0,3.54,22.0,0.5,0.9,0.2,-10.45,-8.67,-6.89,-8.67,2.0,3.69,22.0,0.5,0.9,0.2,-4.01,-3.8,-3.6,-3.8,2.0,0.43,22.0,0.5,0.9,0.2,1022.4,1022.4,1022.4,1022.4,1.0,0.0,18.0,0.0,0.9,0.2,,,,,,,,,,,,,,,,,,,,,,,,,,,,,,,,,,,,,,,,,,,,,,,,,,,,,,,,,,,,,,,,,,,,,,,,,,,,,,,,,,,,,,,,,,,,,,,,,,,,,,,,,,,,,,,,,,,,,,,,,,,,,,,,,,,,,,,,,,,,,,,,,,,,,,
1974,2,323.0,-71.0,,,,,,,,,,,,,,,,,,,,,,,,,,,,,,,,,,,,,,,,3.1,3.1,3.1,3.1,1.0,0.0,14.0,0.0,0.9,0.7,3.1,3.1,3.1,3.1,1.0,0.0,14.0,0.0,0.9,0.7,0.0,0.0,0.0,0.0,1.0,0.0,14.0,0.0,0.9,0.7,986.5,986.5,986.5,986.5,1.0,0.0,14.0,0.0,0.9,0.7,,,,,,,,,,,,,,,,,,,,,,,,,,,,,,,,,,,,,,,,,,,,,,,,,,,,,,,,,,,,,,,,,,,,,,,,,,,,,,,,,,,,,,,,,,,,,,,,,,,,,,,,,,,,,,,,,,,,,,,,,,,,,,,,,,,,,,,,,,,,,,,,,,,,,,
1974,2,323.0,-63.0,0.2,0.2,0.2,0.2,1.0,0.0,22.0,0.0,1.0,0.6,0.1,0.1,0.1,0.1,1.0,0.0,22.0,0.0,1.0,0.6,3.46,3.46,3.46,3.46,1.0,0.0,22.0,0.0,1.0,0.6,90.3,90.3,90.3,90.3,1.0,0.0,22.0,0.0,0.6,1.0,1.0,1.0,1.0,1.0,0.0,22.0,0.0,1.0,0.6,0.94,0.94,0.94,0.94,1.0,0.0,22.0,0.0,1.0,0.6,-0.34,-0.34,-0.34,-0.34,1.0,0.0,22.0,0.0,1.0,0.6,1005.7,1005.7,1005.7,1005.7,1.0,0.0,22.0,0.0,1.0,0.6,7.0,7.0,7.0,7.0,1.0,0.0,22.0,0.0,1.0,0.6,0.9,0.9,0.9,0.9,1.0,0.0,22.0,0.0,1.0,0.6,-0.3,-0.3,-0.3,-0.3,1.0,0.0,22.0,0.0,1.0,0.6,0.1,0.1,0.1,0.1,1.0,0.0,22.0,0.0,1.0,0.6,0.1,0.1,0.1,0.1,1.0,0.0,22.0,0.0,1.0,0.6,0.4,0.4,0.4,0.4,1.0,0.0,22.0,0.0,1.0,0.6,0.4,0.4,0.4,0.4,1.0,0.0,22.0,0.0,1.0,0.6,0.1,0.1,0.1,0.1,1.0,0.0,22.0,0.0,1.0,0.6,0.0,0.0,0.0,0.0,1.0,0.0,22.0,0.0,1.0,0.6,3.3,3.3,3.3,3.3,1.0,0.0,22.0,0.0,1.0,0.6,-1.2,-1.2,-1.2,-1.2,1.0,0.0,22.0,0.0,1.0,0.6,0.4,0.4,0.4,0.4,1.0,0.0,22.0,0.0,1.0,0.6,-0.1,-0.1,-0.1,-0.1,1.0,0.0,22.0,0.0,1.0,0.6,1.0,1.0,1.0,1.0,1.0,0.0,22.0,0.0,1.0,0.6,0.0,0.0,0.0,0.0,1.0,0.0,22.0,0.0,1.0,0.6
1974,2,323.0,-62.0,0.9,0.9,0.9,0.9,1.0,0.0,22.0,1.0,0.3,0.5,0.3,0.3,0.3,0.3,1.0,0.0,22.0,1.0,0.3,0.5,3.74,3.74,3.74,3.74,1.0,0.0,22.0,1.0,0.3,0.5,95.7,95.7,95.7,95.7,1.0,0.0,22.0,1.0,0.5,4.6,4.6,4.6,4.6,1.0,0.0,22.0,1.0,0.3,0.5,-1.57,-1.57,-1.57,-1.57,1.0,0.0,22.0,1.0,0.3,0.5,4.32,4.32,4.32,4.32,1.0,0.0,22.0,1.0,0.3,0.5,1000.5,1000.5,1000.5,1000.5,1.0,0.0,22.0,1.0,0.3,0.5,7.0,7.0,7.0,7.0,1.0,0.0,22.0,1.0,0.3,0.5,-7.2,-7.2,-7.2,-7.2,1.0,0.0,22.0,1.0,0.3,0.5,19.9,19.9,19.9,19.9,1.0,0.0,22.0,1.0,0.3,0.5,0.6,0.6,0.6,0.6,1.0,0.0,22.0,1.0,0.3,0.5,2.8,2.8,2.8,2.8,1.0,0.0,22.0,1.0,0.3,0.5,0.34,0.34,0.34,0.34,1.0,0.0,22.0,1.0,0.3,0.5,1.6,1.6,1.6,1.6,1.0,0.0,22.0,1.0,0.3,0.5,-0.5,-0.5,-0.5,-0.5,1.0,0.0,22.0,1.0,0.3,0.5,1.3,1.3,1.3,1.3,1.0,0.0,22.0,1.0,0.3,0.5,-5.9,-5.9,-5.9,-5.9,1.0,0.0,22.0,1.0,0.3,0.5,16.2,16.2,16.2,16.2,1.0,0.0,22.0,1.0,0.3,0.5,-0.5,-0.5,-0.5,-0.5,1.0,0.0,22.0,1.0,0.3,0.5,1.5,1.5,1.5,1.5,1.0,0.0,22.0,1.0,0.3,0.5,97.5,97.5,97.5,97.5,1.0,0.0,22.0,1.0,0.3,0.5,95.0,95.0,95.0,95.0,1.0,0.0,22.0,1.0,0.3,0.5
1974,2,323.0,-59.0,1.9,1.9,1.9,1.9,1.0,0.0,2.0,0.0,0.6,0.8,2.6,2.6,2.6,2.6,1.0,0.0,2.0,0.0,0.6,0.8,4.66,4.66,4.66,4.66,1.0,0.0,2.0,0.0,0.6,0.8,100.0,100.0,100.0,100.0,1.0,0.0,2.0,0.0,0.8,14.4,14.4,14.4,14.4,1.0,0.0,2.0,0.0,0.6,0.8,11.03,11.03,11.03,11.03,1.0,0.0,2.0,0.0,0.6,0.8,-9.26,-9.26,-9.26,-9.26,1.0,0.0,2.0,0.0,0.6,0.8,991.1,991.1,991.1,991.1,1.0,0.0,2.0,0.0,0.6,0.8,8.0,8.0,8.0,8.0,1.0,0.0,2.0,0.0,0.6,0.8,158.8,158.8,158.8,158.8,1.0,0.0,2.0,0.0,0.6,0.8,-133.3,-133.3,-133.3,-133.3,1.0,0.0,2.0,0.0,0.6,0.8,-0.7,-0.7,-0.7,-0.7,1.0,0.0,2.0,0.0,0.6,0.8,-10.1,-10.1,-10.1,-10.1,1.0,0.0,2.0,0.0,0.6,0.8,-0.23,-0.23,-0.23,-0.23,1.0,0.0,2.0,0.0,0.6,0.8,-3.3,-3.3,-3.3,-3.3,1.0,0.0,2.0,0.0,0.6,0.8,28.7,28.7,28.7,28.7,1.0,0.0,2.0,0.0,0.6,0.8,-24.1,-24.1,-24.1,-24.1,1.0,0.0,2.0,0.0,0.6,0.8,51.4,51.4,51.4,51.4,1.0,0.0,2.0,0.0,0.6,0.8,-43.1,-43.1,-43.1,-43.1,1.0,0.0,2.0,0.0,0.6,0.8,-2.5,-2.5,-2.5,-2.5,1.0,0.0,2.0,0.0,0.6,0.8,2.1,2.1,2.1,2.1,1.0,0.0,2.0,0.0,0.6,0.8,2986.0,2986.0,2986.0,2986.0,1.0,0.0,2.0,0.0,0.6,0.8,2985.0,2985.0,2985.0,2985.0,1.0,0.0,2.0,0.0,0.6,0.8
1974,2,323.0,-56.0,3.1,3.1,3.1,3.1,1.0,0.0,18.0,1.0,0.9,0.8,3.2,3.2,3.2,3.2,1.0,0.0,18.0,1.0,0.9,0.8,4.21,4.21,4.21,4.21,1.0,0.0,18.0,1.0,0.9,0.8,88.0,88.0,88.0,88.0,1.0,0.0,18.0,1.0,0.8,12.3,12.3,12.3,12.3,1.0,0.0,18.0,1.0,0.9,0.8,9.42,9.42,9.42,9.42,1.0,0.0,18.0,1.0,0.9,0.8,-7.91,-7.91,-7.91,-7.91,1.0,0.0,18.0,1.0,0.9,0.8,1006.3,1006.3,1006.3,1006.3,1.0,0.0,18.0,1.0,0.9,0.8,8.0,8.0,8.0,8.0,1.0,0.0,18.0,1.0,0.9,0.8,115.9,115.9,115.9,115.9,1.0,0.0,18.0,1.0,0.9,0.8,-97.2,-97.2,-97.2,-97.2,1.0,0.0,18.0,1.0,0.9,0.8,-0.1,-0.1,-0.1,-0.1,1.0,0.0,18.0,1.0,0.9,0.8,-1.2,-1.2,-1.2,-1.2,1.0,0.0,18.0,1.0,0.9,0.8,0.54,0.54,0.54,0.54,1.0,0.0,18.0,1.0,0.9,0.8,6.7,6.7,6.7,6.7,1.0,0.0,18.0,1.0,0.9,0.8,30.2,30.2,30.2,30.2,1.0,0.0,18.0,1.0,0.9,0.8,-25.3,-25.3,-25.3,-25.3,1.0,0.0,18.0,1.0,0.9,0.8,39.7,39.7,39.7,39.7,1.0,0.0,18.0,1.0,0.9,0.8,-33.3,-33.3,-33.3,-33.3,1.0,0.0,18.0,1.0,0.9,0.8,5.1,5.1,5.1,5.1,1.0,0.0,18.0,1.0,0.9,0.8,-4.3,-4.3,-4.3,-4.3,1.0,0.0,18.0,1.0,0.9,0.8,1861.0,1861.0,1861.0,1861.0,1.0,0.0,18.0,1.0,0.9,0.8,1860.0,1860.0,1860.0,1860.0,1.0,0.0,18.0,1.0,0.9,0.8
1974,2,323.0,-55.0,3.8,4.25,5.06,4.41,16.0,0.64,20.0,0.4,0.7,0.7,3.4,5.3,7.01,5.2,7.0,1.65,22.0,0.1,0.7,0.7,3.88,4.24,4.26,4.06,5.0,0.37,22.0,0.0,0.8,0.6,66.8,84.9,87.4,78.2,5.0,11.9,22.0,0.0,0.6,1.06,5.65,15.05,7.01,14.0,5.73,20.0,0.4,0.7,0.7,0.0,4.72,9.88,5.62,14.0,5.43,20.0,0.4,0.7,0.7,-2.9,0.0,4.95,1.22,14.0,4.55,20.0,0.4,0.7,0.7,998.28,1002.55,1007.15,1002.74,16.0,4.4,20.0,0.4,0.7,0.7,0.4,4.5,6.6,4.1,16.0,2.7,20.0,0.4,0.7,0.7,0.0,26.5,148.8,66.8,14.0,86.8,20.0,0.4,0.7,0.7,-13.3,0.0,40.2,23.7,14.0,62.2,20.0,0.4,0.7,0.7,-2.56,-1.3,1.6,-0.99,7.0,2.04,22.0,0.1,0.7,0.7,-36.7,-2.2,9.3,-9.5,6.0,22.6,22.0,0.2,0.8,0.7,0.83,1.19,1.37,1.12,5.0,0.38,22.0,0.0,0.8,0.6,0.9,3.9,8.5,4.7,4.0,4.8,24.0,0.0,0.8,0.6,0.0,22.4,77.1,36.7,6.0,42.6,22.0,0.2,0.8,0.7,-10.9,-2.9,13.6,0.4,6.0,12.6,22.0,0.2,0.8,0.7,0.0,10.0,28.4,14.0,4.0,17.5,24.0,0.0,0.8,0.6,-10.8,-7.8,-3.4,-7.2,4.0,5.4,24.0,0.0,0.8,0.6,0.0,2.8,8.0,3.9,4.0,4.9,24.0,0.0,0.8,0.6,-2.9,-2.0,-0.9,-1.9,4.0,1.5,24.0,0.0,0.8,0.6,1.5,185.5,3481.0,1067.5,14.0,1677.5,20.0,0.4,0.7,0.7,0.0,185.0,3480.0,1070.0,14.0,1680.0,20.0,0.4,0.7,0.7
1974,2,323.0,-54.0,3.4,3.4,4.0,3.47,9.0,0.8,26.0,0.6,0.6,0.3,4.2,5.1,5.2,5.0,9.0,0.84,26.0,0.6,0.6,0.3,4.54,4.87,5.02,4.76,9.0,0.31,26.0,0.6,0.6,0.3,81.5,91.3,94.1,87.7,9.0,7.2,26.0,0.6,0.3,9.0,11.0,13.89,11.43,8.0,2.53,26.0,0.6,0.6,0.3,8.52,9.42,11.74,10.22,8.0,1.99,26.0,0.6,0.6,0.3,-9.26,-2.41,0.0,-3.6,8.0,4.19,26.0,0.6,0.6,0.3,1000.46,1005.4,1009.11,1004.76,9.0,4.38,26.0,0.6,0.6,0.3,0.0,0.0,0.0,0.0,4.0,0.0,26.0,0.5,0.5,0.2,81.0,103.6,176.5,119.8,8.0,46.9,26.0,0.6,0.6,0.3,-120.6,-22.5,0.0,-47.0,8.0,60.7,26.0,0.6,0.6,0.3,-2.28,-1.2,-0.88,-1.53,9.0,0.71,26.0,0.6,0.6,0.3,-35.9,-14.8,-8.7,-19.0,8.0,12.6,26.0,0.6,0.6,0.3,-0.11,0.07,0.42,0.13,9.0,0.25,26.0,0.6,0.6,0.3,-1.2,0.3,2.9,1.3,8.0,3.0,26.0,0.6,0.6,0.3,41.6,45.9,57.4,51.6,8.0,18.8,26.0,0.6,0.6,0.3,-37.6,-10.1,0.0,-16.6,8.0,19.7,26.0,0.6,0.6,0.3,42.4,46.6,54.1,48.5,8.0,7.3,26.0,0.6,0.6,0.3,-38.2,-11.7,0.0,-16.8,8.0,19.3,26.0,0.6,0.6,0.3,-1.2,0.2,2.7,1.2,8.0,3.0,26.0,0.6,0.6,0.3,-1.0,0.0,0.1,-0.4,8.0,0.6,26.0,0.6,0.6,0.3,729.0,1364.0,2683.5,1688.5,8.0,1100.0,26.0,0.6,0.6,0.3,730.0,1365.0,2685.0,1690.0,8.0,1100.0,26.0,0.6,0.6,0.3
1974,2,323.0,-38.0,19.5,19.5,19.5,19.5,1.0,0.0,16.0,0.0,0.3,0.3,18.0,18.0,18.0,18.0,1.0,0.0,16.0,0.0,0.3,0.3,8.81,8.81,8.81,8.81,1.0,0.0,16.0,0.0,0.3,0.3,68.4,68.4,68.4,68.4,1.0,0.0,16.0,0.0,0.3,,,,,,,,,,,,,,,,,,,,,,,,,,,,,,,,,,,,,,,,,,,,,,,,,,,,,,,,,,,,,,,,,,,,,,,,,,,,,,,,,,,,,,,,,,,,,,,,,,,,,,,,,,,,,,,,,,,,,,,,,,,,,,,,,,,,,,,,,,,,,,,,,,,,,,,,,,,,,,,,,,,,,,,,,,,,,,,,,,,,,,,,,,,,,,
1974,2,323.0,-36.0,22.0,22.0,22.0,22.0,1.0,0.0,6.0,0.0,0.5,0.7,22.5,22.5,22.5,22.5,1.0,0.0,6.0,0.0,0.5,0.7,16.05,16.05,16.05,16.05,1.0,0.0,6.0,0.0,0.5,0.7,95.2,95.2,95.2,95.2,1.0,0.0,6.0,0.0,0.7,2.1,2.1,2.1,2.1,1.0,0.0,6.0,0.0,0.5,0.7,0.0,0.0,0.0,0.0,1.0,0.0,6.0,0.0,0.5,0.7,-2.1,-2.1,-2.1,-2.1,1.0,0.0,6.0,0.0,0.5,0.7,1020.1,1020.1,1020.1,1020.1,1.0,0.0,6.0,0.0,0.5,0.7,4.0,4.0,4.0,4.0,1.0,0.0,6.0,0.0,0.5,0.7,0.0,0.0,0.0,0.0,1.0,0.0,6.0,0.0,0.5,0.7,-4.4,-4.4,-4.4,-4.4,1.0,0.0,6.0,0.0,0.5,0.7,-0.5,-0.5,-0.5,-0.5,1.0,0.0,6.0,0.0,0.5,0.7,-1.0,-1.0,-1.0,-1.0,1.0,0.0,6.0,0.0,0.5,0.7,0.3,0.3,0.3,0.3,1.0,0.0,6.0,0.0,0.5,0.7,0.6,0.6,0.6,0.6,1.0,0.0,6.0,0.0,0.5,0.7,0.0,0.0,0.0,0.0,1.0,0.0,6.0,0.0,0.5,0.7,-47.2,-47.2,-47.2,-47.2,1.0,0.0,6.0,0.0,0.5,0.7,0.0,0.0,0.0,0.0,1.0,0.0,6.0,0.0,0.5,0.7,-33.7,-33.7,-33.7,-33.7,1.0,0.0,6.0,0.0,0.5,0.7,0.0,0.0,0.0,0.0,1.0,0.0,6.0,0.0,0.5,0.7,-0.6,-0.6,-0.6,-0.6,1.0,0.0,6.0,0.0,0.5,0.7,9.5,9.5,9.5,9.5,1.0,0.0,6.0,0.0,0.5,0.7,10.0,10.0,10.0,10.0,1.0,0.0,6.0,0.0,0.5,0.7
1974,2,323.0,-34.0,,,,,,,,,,,,,,,,,,,,,,,,,,,,,,,,,,,,,,,,9.8,9.8,9.8,9.8,1.0,0.0,16.0,0.0,0.8,0.5,9.21,9.21,9.21,9.21,1.0,0.0,16.0,0.0,0.8,0.5,3.35,3.35,3.35,3.35,1.0,0.0,16.0,0.0,0.8,0.5,1013.4,1013.4,1013.4,1013.4,1.0,0.0,16.0,0.0,0.8,0.5,,,,,,,,,,,,,,,,,,,,,,,,,,,,,,,,,,,,,,,,,,,,,,,,,,,,,,,,,,,,,,,,,,,,,,,,,,,,,,,,,,,,,,,,,,,,,,,,,,,,,,,,,,,,,,,,,,,,,,,,,,,,,,,,,,,,,,,,,,,,,,,,,,,,,,
1974,2,323.0,-31.0,25.6,25.6,25.6,25.6,1.0,0.0,16.0,0.0,0.9,0.8,24.6,24.6,24.6,24.6,1.0,0.0,16.0,0.0,0.9,0.8,17.59,17.59,17.59,17.59,1.0,0.0,16.0,0.0,0.9,0.8,91.4,91.4,91.4,91.4,1.0,0.0,16.0,0.0,0.8,4.6,4.6,4.6,4.6,1.0,0.0,16.0,0.0,0.9,0.8,0.0,0.0,0.0,0.0,1.0,0.0,16.0,0.0,0.9,0.8,-4.6,-4.6,-4.6,-4.6,1.0,0.0,16.0,0.0,0.9,0.8,1014.4,1014.4,1014.4,1014.4,1.0,0.0,16.0,0.0,0.9,0.8,3.0,3.0,3.0,3.0,1.0,0.0,16.0,0.0,0.9,0.8,0.0,0.0,0.0,0.0,1.0,0.0,16.0,0.0,0.9,0.8,-21.2,-21.2,-21.2,-21.2,1.0,0.0,16.0,0.0,0.9,0.8,1.0,1.0,1.0,1.0,1.0,0.0,16.0,0.0,0.9,0.8,4.6,4.6,4.6,4.6,1.0,0.0,16.0,0.0,0.9,0.8,2.88,2.88,2.88,2.88,1.0,0.0,16.0,0.0,0.9,0.8,13.3,13.3,13.3,13.3,1.0,0.0,16.0,0.0,0.9,0.8,0.0,0.0,0.0,0.0,1.0,0.0,16.0,0.0,0.9,0.8,-113.2,-113.2,-113.2,-113.2,1.0,0.0,16.0,0.0,0.9,0.8,0.0,0.0,0.0,0.0,1.0,0.0,16.0,0.0,0.9,0.8,-80.9,-80.9,-80.9,-80.9,1.0,0.0,16.0,0.0,0.9,0.8,0.0,0.0,0.0,0.0,1.0,0.0,16.0,0.0,0.9,0.8,-13.3,-13.3,-13.3,-13.3,1.0,0.0,16.0,0.0,0.9,0.8,97.5,97.5,97.5,97.5,1.0,0.0,16.0,0.0,0.9,0.8,95.0,95.0,95.0,95.0,1.0,0.0,16.0,0.0,0.9,0.8
1974,2,323.0,-29.0,25.4,25.4,25.4,25.4,1.0,0.0,8.0,0.0,0.4,0.9,24.6,24.6,24.6,24.6,1.0,0.0,8.0,0.0,0.4,0.9,15.62,15.62,15.62,15.62,1.0,0.0,8.0,0.0,0.4,0.9,81.4,81.4,81.4,81.4,1.0,0.0,8.0,0.0,0.9,3.6,3.6,3.6,3.6,1.0,0.0,8.0,0.0,0.4,0.9,-3.55,-3.55,-3.55,-3.55,1.0,0.0,8.0,0.0,0.4,0.9,-0.63,-0.63,-0.63,-0.63,1.0,0.0,8.0,0.0,0.4,0.9,1016.3,1016.3,1016.3,1016.3,1.0,0.0,8.0,0.0,0.4,0.9,2.0,2.0,2.0,2.0,1.0,0.0,8.0,0.0,0.4,0.9,-12.8,-12.8,-12.8,-12.8,1.0,0.0,8.0,0.0,0.4,0.9,-2.3,-2.3,-2.3,-2.3,1.0,0.0,8.0,0.0,0.4,0.9,0.8,0.8,0.8,0.8,1.0,0.0,8.0,0.0,0.4,0.9,2.9,2.9,2.9,2.9,1.0,0.0,8.0,0.0,0.4,0.9,4.57,4.57,4.57,4.57,1.0,0.0,8.0,0.0,0.4,0.9,16.5,16.5,16.5,16.5,1.0,0.0,8.0,0.0,0.4,0.9,-87.2,-87.2,-87.2,-87.2,1.0,0.0,8.0,0.0,0.4,0.9,-15.4,-15.4,-15.4,-15.4,1.0,0.0,8.0,0.0,0.4,0.9,-55.4,-55.4,-55.4,-55.4,1.0,0.0,8.0,0.0,0.4,0.9,-9.8,-9.8,-9.8,-9.8,1.0,0.0,8.0,0.0,0.4,0.9,-16.2,-16.2,-16.2,-16.2,1.0,0.0,8.0,0.0,0.4,0.9,-2.9,-2.9,-2.9,-2.9,1.0,0.0,8.0,0.0,0.4,0.9,46.5,46.5,46.5,46.5,1.0,0.0,8.0,0.0,0.4,0.9,45.0,45.0,45.0,45.0,1.0,0.0,8.0,0.0,0.4,0.9
1974,2,323.0,-27.0,25.1,25.1,25.1,25.1,1.0,0.0,20.0,0.0,0.9,1.0,24.0,24.0,24.0,24.0,1.0,0.0,20.0,0.0,0.9,1.0,15.49,15.49,15.49,15.49,1.0,0.0,20.0,0.0,0.9,1.0,83.3,83.3,83.3,83.3,1.0,0.0,20.0,0.0,1.0,,,,,,,,,,,,,,,,,,,,,,,,,,,,,,,,,,,,,,,,,,,,,,,,,,,,,,,,,,,,,,,,,,,,,,,,,,,,,,,,,,,,,,,,,,,,,,,,,,,,,,,,,,,,,,,,,,,,,,,,,,,,,,,,,,,,,,,,,,,,,,,,,,,,,,,,,,,,,,,,,,,,,,,,,,,,,,,,,,,,,,,,,,,,,,
1974,2,323.0,-26.0,25.59,26.0,26.14,25.87,3.0,0.42,14.0,0.7,0.5,0.5,26.5,26.5,26.5,26.5,2.0,0.0,12.0,0.5,0.8,0.6,17.53,18.22,18.9,18.22,2.0,1.42,12.0,0.5,0.8,0.6,81.5,84.5,87.4,84.5,2.0,6.1,12.0,0.5,0.6,3.93,4.65,5.37,4.65,2.0,1.48,12.0,0.5,0.8,0.6,-3.67,-2.18,-0.69,-2.18,2.0,3.09,12.0,0.5,0.8,0.6,-3.65,-3.63,-3.61,-3.63,2.0,0.05,12.0,0.5,0.8,0.6,1012.0,1013.5,1016.44,1014.2,3.0,3.31,14.0,0.7,0.5,0.5,1.0,3.0,6.4,3.7,3.0,4.0,14.0,0.7,0.5,0.5,-20.9,-12.4,-3.9,-12.4,2.0,17.6,12.0,0.5,0.8,0.6,-19.6,-16.9,-14.2,-16.9,2.0,5.6,12.0,0.5,0.8,0.6,-0.47,-0.4,-0.33,-0.4,2.0,0.14,12.0,0.5,0.8,0.6,-1.8,-1.8,-1.7,-1.8,2.0,0.1,12.0,0.5,0.8,0.6,2.16,2.88,3.6,2.88,2.0,1.5,12.0,0.5,0.8,0.6,9.1,14.5,19.9,14.5,2.0,11.2,12.0,0.5,0.8,0.6,-97.3,-57.9,-18.4,-57.9,2.0,81.8,12.0,0.5,0.8,0.6,-96.8,-96.2,-95.7,-96.2,2.0,1.2,12.0,0.5,0.8,0.6,-63.2,-37.6,-11.9,-37.6,2.0,53.2,12.0,0.5,0.8,0.6,-68.2,-66.1,-64.0,-66.1,2.0,4.3,12.0,0.5,0.8,0.6,-14.5,-8.6,-2.7,-8.6,2.0,12.2,12.0,0.5,0.8,0.6,-13.2,-10.5,-7.8,-10.5,2.0,5.6,12.0,0.5,0.8,0.6,68.5,116.0,163.0,116.0,2.0,98.0,12.0,0.5,0.8,0.6,70.0,115.0,165.0,115.0,2.0,100.0,12.0,0.5,0.8,0.6
1974,2,323.0,-25.0,,,,,,,,,,,,,,,,,,,,,,,,,,,,,,,,,,,,,,,,6.0,6.0,6.0,6.0,1.0,0.0,6.0,0.0,0.4,0.3,-5.64,-5.64,-5.64,-5.64,1.0,0.0,6.0,0.0,0.4,0.3,-2.05,-2.05,-2.05,-2.05,1.0,0.0,6.0,0.0,0.4,0.3,1015.0,1015.0,1015.0,1015.0,1.0,0.0,6.0,0.0,0.4,0.3,,,,,,,,,,,,,,,,,,,,,,,,,,,,,,,,,,,,,,,,,,,,,,,,,,,,,,,,,,,,,,,,,,,,,,,,,,,,,,,,,,,,,,,,,,,,,,,,,,,,,,,,,,,,,,,,,,,,,,,,,,,,,,,,,,,,,,,,,,,,,,,,,,,,,,
1974,2,323.0,-24.0,27.06,27.2,27.75,27.4,3.0,0.53,22.0,0.7,0.4,0.7,27.51,28.6,29.9,28.7,3.0,1.75,22.0,0.7,0.4,0.7,18.44,18.55,18.67,18.55,2.0,0.25,22.0,0.5,0.5,0.7,76.7,79.7,82.8,79.7,2.0,6.3,22.0,0.5,0.7,2.92,3.6,6.6,4.73,3.0,2.87,22.0,0.7,0.4,0.7,-1.3,0.89,3.79,1.24,3.0,3.74,22.0,0.7,0.4,0.7,-5.06,-2.76,-2.54,-3.78,3.0,2.04,22.0,0.7,0.4,0.7,1012.99,1013.4,1013.95,1013.47,3.0,0.7,22.0,0.7,0.4,0.7,1.0,2.5,3.5,2.3,4.0,1.7,22.0,0.5,0.5,0.8,-5.0,2.3,28.8,11.7,3.0,26.0,22.0,0.7,0.4,0.7,-36.6,-9.9,-7.5,-21.8,3.0,23.7,22.0,0.7,0.4,0.7,-2.21,-1.6,-0.37,-1.3,3.0,1.37,22.0,0.7,0.4,0.7,-15.5,-5.8,-1.5,-8.4,3.0,10.5,22.0,0.7,0.4,0.7,3.85,3.87,3.9,3.87,2.0,0.05,22.0,0.5,0.5,0.7,10.6,12.0,13.4,12.0,2.0,2.9,22.0,0.5,0.5,0.7,-37.6,24.0,114.7,38.2,3.0,112.2,22.0,0.7,0.4,0.7,-152.6,-78.9,-70.1,-110.6,3.0,66.4,22.0,0.7,0.4,0.7,-33.1,-12.9,7.3,-12.9,2.0,41.9,22.0,0.5,0.5,0.7,-49.9,-48.2,-46.5,-48.2,2.0,3.5,22.0,0.5,0.5,0.7,-7.1,-2.8,1.4,-2.8,2.0,8.8,22.0,0.5,0.5,0.7,-10.6,-10.1,-9.6,-10.1,2.0,1.0,22.0,0.5,0.5,0.7,27.0,46.5,364.5,192.0,3.0,277.5,22.0,0.7,0.4,0.7,25.0,45.0,365.0,190.0,3.0,275.0,22.0,0.7,0.4,0.7
1974,2,323.0,-23.0,,,,,,,,,,,,,,,,,,,,,,,,,,,,,,,,,,,,,,,,2.66,2.8,2.94,2.8,2.0,0.28,24.0,0.5,0.5,0.5,-0.86,-0.51,-0.16,-0.51,2.0,0.73,24.0,0.5,0.5,0.5,-1.96,-0.11,1.74,-0.11,2.0,3.83,24.0,0.5,0.5,0.5,1009.94,1011.95,1013.96,1011.95,2.0,4.17,24.0,0.5,0.5,0.5,,,,,,,,,,,,,,,,,,,,,,,,,,,,,,,,,,,,,,,,,,,,,,,,,,,,,,,,,,,,,,,,,,,,,,,,,,,,,,,,,,,,,,,,,,,,,,,,,,,,,,,,,,,,,,,,,,,,,,,,,,,,,,,,,,,,,,,,,,,,,,,,,,,,,,
1974,2,323.0,-22.0,27.24,27.75,28.26,27.75,2.0,1.06,16.0,0.5,1.0,0.7,27.55,27.65,27.75,27.65,2.0,0.21,16.0,0.5,1.0,0.7,17.68,17.68,17.68,17.68,1.0,0.0,8.0,1.0,1.0,0.5,77.4,77.4,77.4,77.4,1.0,0.0,8.0,1.0,0.5,6.52,7.65,8.78,7.65,2.0,2.33,16.0,0.5,1.0,0.7,-7.68,-5.4,-3.11,-5.4,2.0,4.73,16.0,0.5,1.0,0.7,-4.24,-1.23,1.78,-1.23,2.0,6.24,16.0,0.5,1.0,0.7,1013.13,1014.05,1014.97,1014.05,2.0,1.91,16.0,0.5,1.0,0.7,2.0,2.0,2.0,2.0,1.0,0.0,8.0,1.0,1.0,0.5,-70.3,-46.8,-23.3,-46.8,2.0,48.8,16.0,0.5,1.0,0.7,-23.8,-2.1,19.5,-2.1,2.0,44.8,16.0,0.5,1.0,0.7,-0.31,0.1,0.51,0.1,2.0,0.85,16.0,0.5,1.0,0.7,-3.2,-0.2,2.8,-0.2,2.0,6.3,16.0,0.5,1.0,0.7,4.56,4.56,4.56,4.56,1.0,0.0,8.0,1.0,1.0,0.5,42.4,42.4,42.4,42.4,1.0,0.0,8.0,1.0,1.0,0.5,-211.2,-148.7,-86.1,-148.7,2.0,129.6,16.0,0.5,1.0,0.7,-118.0,-34.6,48.7,-34.6,2.0,172.7,16.0,0.5,1.0,0.7,-154.5,-154.5,-154.5,-154.5,1.0,0.0,8.0,1.0,1.0,0.5,56.2,56.2,56.2,56.2,1.0,0.0,8.0,1.0,1.0,0.5,-39.9,-39.9,-39.9,-39.9,1.0,0.0,8.0,1.0,1.0,0.5,14.5,14.5,14.5,14.5,1.0,0.0,8.0,1.0,1.0,0.5,309.5,510.0,711.0,510.0,2.0,416.0,16.0,0.5,1.0,0.7,310.0,510.0,710.0,510.0,2.0,415.0,16.0,0.5,1.0,0.7
1974,2,323.0,-21.0,,,,,,,,,,,,,,,,,,,,,,,,,,,,,,,,,,,,,,,,1.27,4.0,4.07,2.7,3.0,2.34,18.0,0.3,0.4,0.5,-2.86,-1.37,-0.43,-1.64,3.0,1.79,18.0,0.3,0.4,0.5,-2.57,0.0,1.4,-0.57,3.0,2.95,18.0,0.3,0.4,0.5,1014.0,1015.5,1015.7,1014.87,3.0,1.37,18.0,0.3,0.4,0.5,,,,,,,,,,,,,,,,,,,,,,,,,,,,,,,,,,,,,,,,,,,,,,,,,,,,,,,,,,,,,,,,,,,,,,,,,,,,,,,,,,,,,,,,,,,,,,,,,,,,,,,,,,,,,,,,,,,,,,,,,,,,,,,,,,,,,,,,,,,,,,,,,,,,,,
1974,2,323.0,-20.0,,,,,,,,,,,,,,,,,,,,,,,,,,,,,,,,,,,,,,,,2.0,2.0,2.0,2.0,1.0,0.0,18.0,1.0,0.8,0.4,-1.73,-1.73,-1.73,-1.73,1.0,0.0,18.0,1.0,0.8,0.4,-1.0,-1.0,-1.0,-1.0,1.0,0.0,18.0,1.0,0.8,0.4,1015.8,1015.8,1015.8,1015.8,1.0,0.0,18.0,1.0,0.8,0.4,,,,,,,,,,,,,,,,,,,,,,,,,,,,,,,,,,,,,,,,,,,,,,,,,,,,,,,,,,,,,,,,,,,,,,,,,,,,,,,,,,,,,,,,,,,,,,,,,,,,,,,,,,,,,,,,,,,,,,,,,,,,,,,,,,,,,,,,,,,,,,,,,,,,,,
1974,2,323.0,-19.0,27.32,28.0,28.68,28.0,2.0,1.41,24.0,1.0,0.5,0.6,28.63,28.7,28.77,28.7,2.0,0.14,24.0,1.0,0.5,0.6,19.17,19.17,19.17,19.17,1.0,0.0,20.0,1.0,0.3,1.0,78.5,78.5,78.5,78.5,1.0,0.0,20.0,1.0,1.0,0.33,1.05,1.77,1.05,2.0,1.48,24.0,1.0,0.5,0.6,-1.66,-0.99,-0.31,-0.99,2.0,1.4,24.0,1.0,0.5,0.6,0.11,0.36,0.6,0.36,2.0,0.51,24.0,1.0,0.5,0.6,1014.03,1014.1,1014.17,1014.1,2.0,0.14,24.0,1.0,0.5,0.6,1.2,1.5,1.8,1.5,2.0,0.7,24.0,1.0,0.5,0.6,-3.5,-2.1,-0.7,-2.1,2.0,2.9,24.0,1.0,0.5,0.6,0.2,0.8,1.3,0.8,2.0,1.1,24.0,1.0,0.5,0.6,-1.45,-0.7,0.05,-0.7,2.0,1.56,24.0,1.0,0.5,0.6,0.1,0.4,0.7,0.4,2.0,0.6,24.0,1.0,0.5,0.6,5.91,5.91,5.91,5.91,1.0,0.0,20.0,1.0,0.3,1.0,12.4,12.4,12.4,12.4,1.0,0.0,20.0,1.0,0.3,1.0,-47.5,-28.2,-9.0,-28.2,2.0,39.9,24.0,1.0,0.5,0.6,3.3,10.3,17.3,10.3,2.0,14.5,24.0,1.0,0.5,0.6,-37.8,-37.8,-37.8,-37.8,1.0,0.0,20.0,1.0,0.3,1.0,13.8,13.8,13.8,13.8,1.0,0.0,20.0,1.0,0.3,1.0,-11.7,-11.7,-11.7,-11.7,1.0,0.0,20.0,1.0,0.3,1.0,4.2,4.2,4.2,4.2,1.0,0.0,20.0,1.0,0.3,1.0,1.5,4.5,8.0,4.5,2.0,6.5,24.0,1.0,0.5,0.6,0.0,5.0,10.0,5.0,2.0,5.0,24.0,1.0,0.5,0.6
1974,2,323.0,-18.0,28.0,28.0,29.45,28.35,14.0,0.79,18.0,0.6,0.3,0.6,26.06,27.8,29.46,27.68,14.0,1.47,18.0,0.6,0.3,0.6,16.55,18.02,22.58,19.04,10.0,3.35,18.0,0.8,0.3,0.5,69.8,78.4,92.4,80.0,11.0,11.4,18.0,0.7,0.6,2.66,4.6,6.19,5.13,14.0,2.67,18.0,0.6,0.3,0.6,-5.87,-4.32,-1.91,-4.35,14.0,2.29,18.0,0.6,0.3,0.6,-2.18,0.7,2.31,0.06,14.0,3.14,18.0,0.6,0.3,0.6,1011.91,1013.3,1014.84,1013.68,14.0,2.05,16.0,0.7,0.4,0.6,2.0,3.5,7.0,4.2,14.0,2.5,18.0,0.6,0.4,0.6,-35.1,-19.7,-6.4,-27.8,14.0,29.3,18.0,0.6,0.3,0.6,-6.2,2.1,11.1,-2.5,14.0,29.0,18.0,0.6,0.3,0.6,0.0,0.45,1.94,0.67,14.0,1.21,18.0,0.6,0.3,0.6,-0.1,1.3,7.3,3.7,13.0,6.3,18.0,0.6,0.3,0.6,2.92,6.33,7.33,5.33,10.0,2.49,18.0,0.8,0.3,0.5,13.8,25.5,31.5,23.6,10.0,10.8,18.0,0.8,0.3,0.5,-138.4,-117.5,-55.2,-112.1,13.0,57.6,18.0,0.6,0.3,0.6,-67.8,19.4,65.1,-8.3,13.0,83.9,18.0,0.6,0.3,0.6,-105.1,-67.1,-38.5,-78.6,10.0,51.5,18.0,0.8,0.3,0.5,-68.4,5.2,49.6,-11.6,10.0,71.7,18.0,0.8,0.3,0.5,-31.3,-16.4,-9.4,-19.1,10.0,11.0,18.0,0.8,0.3,0.5,-14.8,0.9,13.4,0.8,10.0,14.4,18.0,0.8,0.3,0.5,19.5,97.5,237.0,258.5,14.0,447.0,18.0,0.6,0.3,0.6,20.0,95.0,235.0,260.0,14.0,445.0,18.0,0.6,0.3,0.6
1974,2,323.0,-17.0,27.92,28.0,29.5,28.44,11.0,0.92,16.0,0.5,0.7,0.6,26.79,27.5,29.0,27.73,11.0,1.17,16.0,0.5,0.7,0.6,16.06,17.89,21.25,18.16,7.0,2.4,16.0,0.6,0.7,0.8,71.7,78.4,91.2,79.8,9.0,11.4,18.0,0.7,0.7,3.11,5.7,7.65,5.52,11.0,2.81,16.0,0.5,0.7,0.6,-6.9,-5.02,-2.97,-5.04,11.0,2.47,16.0,0.5,0.7,0.6,-1.17,0.0,2.0,0.03,11.0,2.72,16.0,0.5,0.7,0.6,1011.4,1013.3,1015.33,1013.14,9.0,1.94,16.0,0.4,0.7,0.7,2.0,3.0,4.4,3.5,11.0,1.6,16.0,0.5,0.7,0.6,-55.8,-25.6,-12.8,-33.9,11.0,26.4,16.0,0.5,0.7,0.6,-8.5,0.0,12.3,-2.9,11.0,24.0,16.0,0.5,0.7,0.6,0.0,0.5,1.88,0.71,11.0,1.31,16.0,0.5,0.7,0.6,0.0,3.6,11.6,6.0,11.0,8.2,16.0,0.5,0.7,0.6,4.59,5.7,7.64,5.92,7.0,1.44,16.0,0.6,0.7,0.8,28.1,30.8,37.9,30.9,7.0,11.8,16.0,0.6,0.7,0.8,-192.8,-140.6,-78.9,-138.5,11.0,68.2,16.0,0.5,0.7,0.6,-31.8,0.0,54.7,-0.3,11.0,76.7,16.0,0.5,0.7,0.6,-125.5,-89.9,-68.2,-92.7,7.0,48.2,16.0,0.6,0.7,0.8,-21.9,0.0,67.9,-1.2,7.0,70.8,16.0,0.6,0.7,0.8,-35.6,-28.6,-21.7,-27.4,7.0,11.0,16.0,0.6,0.7,0.8,-6.2,0.0,15.6,0.6,7.0,15.9,16.0,0.6,0.7,0.8,57.5,185.0,477.5,284.0,11.0,333.0,16.0,0.5,0.7,0.6,60.0,185.0,480.0,285.0,11.0,335.0,16.0,0.5,0.7,0.6
1974,2,323.0,-16.0,28.0,28.7,29.44,28.7,8.0,0.81,16.0,0.6,0.6,0.7,26.62,27.85,29.91,28.2,8.0,1.62,16.0,0.6,0.6,0.7,17.31,18.41,20.8,18.64,7.0,2.19,16.0,0.6,0.7,0.6,66.7,78.9,85.6,78.9,7.0,10.9,16.0,0.6,0.6,4.16,5.1,6.64,5.43,8.0,1.91,16.0,0.6,0.6,0.7,-6.4,-4.33,-3.18,-4.7,8.0,1.97,16.0,0.6,0.6,0.7,-3.26,-0.43,2.47,-0.56,8.0,2.79,16.0,0.6,0.6,0.7,1010.02,1011.5,1013.56,1011.78,8.0,1.72,16.0,0.6,0.6,0.7,4.0,6.0,6.1,5.4,7.0,1.6,16.0,0.6,0.6,0.7,-42.6,-22.2,-13.2,-28.7,8.0,22.3,16.0,0.6,0.6,0.7,-23.8,-3.3,10.5,-5.4,8.0,16.3,16.0,0.6,0.6,0.7,-0.56,0.5,1.86,0.5,8.0,1.3,16.0,0.6,0.6,0.7,-3.5,2.5,7.5,2.1,8.0,5.8,16.0,0.6,0.6,0.7,3.37,5.96,9.28,6.02,7.0,3.18,16.0,0.6,0.7,0.6,13.9,27.3,44.3,29.0,7.0,17.1,16.0,0.6,0.7,0.6,-180.4,-117.6,-91.9,-133.2,8.0,58.5,16.0,0.6,0.6,0.7,-90.7,-10.8,72.0,-17.0,8.0,80.0,16.0,0.6,0.6,0.7,-89.9,-82.6,-61.5,-78.0,7.0,26.6,16.0,0.6,0.7,0.6,-69.5,13.7,52.7,-4.5,7.0,53.8,16.0,0.6,0.7,0.6,-43.0,-25.3,-10.6,-24.9,7.0,14.7,16.0,0.6,0.7,0.6,-10.5,7.6,9.7,-0.9,7.0,18.2,16.0,0.6,0.7,0.6,72.0,132.5,294.0,214.5,8.0,226.5,16.0,0.6,0.6,0.7,70.0,135.0,295.0,215.0,8.0,225.0,16.0,0.6,0.6,0.7
1974,2,323.0,-15.0,27.9,28.2,29.0,28.46,23.0,0.67,14.0,0.7,0.4,0.6,26.83,27.5,29.35,27.9,24.0,1.26,14.0,0.7,0.4,0.6,16.15,18.11,19.37,17.98,23.0,2.01,14.0,0.7,0.3,0.6,68.9,75.2,85.2,77.0,23.0,8.7,14.0,0.7,0.6,2.6,4.6,7.2,4.95,23.0,2.66,16.0,0.7,0.3,0.6,-6.77,-3.85,-2.09,-4.32,23.0,2.27,16.0,0.7,0.3,0.6,-2.18,0.0,1.58,-0.08,23.0,2.83,16.0,0.7,0.3,0.6,1009.93,1011.8,1014.28,1011.96,24.0,2.24,14.0,0.7,0.4,0.6,2.7,4.5,7.0,4.7,24.0,1.9,14.0,0.7,0.4,0.6,-48.7,-15.8,-6.6,-26.6,23.0,28.1,16.0,0.7,0.3,0.6,-8.4,0.0,8.9,-2.4,23.0,26.8,16.0,0.7,0.3,0.6,-0.1,0.9,1.5,0.7,23.0,1.06,14.0,0.7,0.4,0.6,-0.8,2.3,6.2,2.5,22.0,6.9,16.0,0.7,0.3,0.6,4.21,6.48,8.32,6.39,22.0,2.01,14.0,0.6,0.3,0.6,15.9,27.2,40.6,28.5,21.0,12.9,14.0,0.7,0.3,0.6,-203.1,-105.2,-56.6,-122.2,23.0,68.1,16.0,0.7,0.3,0.6,-59.6,0.0,43.9,-2.9,23.0,77.9,16.0,0.7,0.3,0.6,-121.3,-69.7,-34.1,-75.5,22.0,47.0,14.0,0.7,0.3,0.6,-38.8,0.0,28.5,-3.3,22.0,58.3,14.0,0.7,0.3,0.6,-38.8,-24.0,-11.3,-24.8,21.0,12.1,14.0,0.7,0.3,0.6,-9.9,0.0,10.7,2.2,21.0,14.8,14.0,0.7,0.3,0.6,17.5,97.5,373.0,239.5,23.0,444.5,16.0,0.7,0.3,0.6,20.0,95.0,375.0,240.0,23.0,445.0,16.0,0.7,0.3,0.6
1974,2,323.0,-14.0,27.78,28.35,29.0,28.4,32.0,0.8,16.0,0.5,0.5,0.5,26.68,27.8,29.05,27.91,32.0,1.39,16.0,0.5,0.5,0.5,16.12,17.19,20.35,17.94,27.0,2.16,16.0,0.5,0.5,0.6,68.5,75.0,85.8,76.8,27.0,8.1,16.0,0.5,0.6,2.6,4.6,6.2,4.36,32.0,2.06,16.0,0.5,0.5,0.5,-5.01,-3.49,-1.92,-3.63,32.0,2.15,16.0,0.5,0.5,0.5,-2.4,0.0,2.55,0.14,32.0,2.39,16.0,0.5,0.5,0.5,1009.62,1011.4,1013.34,1011.67,35.0,2.02,16.0,0.5,0.5,0.5,2.0,4.5,7.0,4.4,34.0,2.3,16.0,0.5,0.5,0.5,-28.8,-16.5,-4.0,-19.6,32.0,20.0,16.0,0.5,0.5,0.5,-12.5,0.0,13.0,0.2,32.0,13.2,16.0,0.5,0.5,0.5,-0.82,0.6,1.87,0.54,31.0,1.39,16.0,0.5,0.5,0.5,-4.2,2.3,7.8,2.2,29.0,6.9,16.0,0.5,0.5,0.5,3.66,7.07,8.23,6.07,26.0,2.62,16.0,0.5,0.5,0.6,11.0,19.9,40.5,23.8,24.0,16.1,16.0,0.5,0.5,0.6,-149.9,-98.9,-54.6,-104.8,30.0,62.4,16.0,0.5,0.5,0.5,-67.5,0.0,57.9,-0.8,30.0,66.0,16.0,0.5,0.5,0.5,-92.6,-60.0,-33.0,-63.0,25.0,32.5,16.0,0.6,0.5,0.6,-46.5,0.0,36.5,0.9,25.0,46.1,16.0,0.6,0.5,0.6,-32.8,-18.3,-6.7,-19.8,24.0,14.6,16.0,0.5,0.5,0.6,-10.4,0.0,15.1,1.3,24.0,15.1,16.0,0.5,0.5,0.6,17.5,97.5,238.5,139.5,32.0,192.0,16.0,0.5,0.5,0.5,20.0,95.0,240.0,140.0,32.0,190.0,16.0,0.5,0.5,0.5
1974,2,323.0,-13.0,27.33,28.0,29.0,28.06,24.0,1.01,14.0,0.5,0.8,0.6,26.08,27.2,28.64,27.48,25.0,1.42,16.0,0.5,0.8,0.6,16.02,17.14,18.5,17.13,23.0,1.18,16.0,0.5,0.8,0.6,70.6,75.9,83.1,76.2,24.0,8.3,14.0,0.5,0.6,2.6,3.6,5.41,4.25,25.0,1.95,16.0,0.6,0.8,0.6,-4.79,-3.38,-0.79,-3.16,25.0,2.29,16.0,0.6,0.8,0.6,-1.24,1.23,3.11,0.93,25.0,2.46,16.0,0.6,0.8,0.6,1009.4,1010.0,1012.81,1010.98,26.0,1.92,16.0,0.5,0.8,0.6,2.0,4.0,7.0,4.3,26.0,2.4,16.0,0.5,0.8,0.6,-25.4,-12.2,-2.9,-16.9,25.0,21.2,16.0,0.6,0.8,0.6,-3.6,2.8,10.2,3.4,25.0,15.0,16.0,0.6,0.8,0.6,-0.83,0.75,2.33,0.63,24.0,1.77,14.0,0.5,0.8,0.6,-2.3,2.6,11.3,3.6,22.0,7.6,14.0,0.5,0.8,0.6,5.26,6.49,7.17,6.52,22.0,1.55,14.0,0.5,0.8,0.5,16.0,23.5,33.1,25.6,20.0,10.9,14.0,0.5,0.8,0.6,-132.8,-93.6,-45.9,-94.2,23.0,61.1,14.0,0.5,0.8,0.6,-34.2,18.3,71.6,20.6,23.0,67.1,14.0,0.5,0.8,0.6,-81.9,-53.5,-26.0,-54.1,21.0,31.4,14.0,0.5,0.8,0.6,-18.3,11.8,54.8,15.6,21.0,41.6,14.0,0.5,0.8,0.6,-28.7,-21.6,-9.1,-20.0,20.0,11.1,14.0,0.5,0.8,0.6,-8.1,2.1,11.5,5.0,20.0,15.5,14.0,0.5,0.8,0.6,17.5,46.5,165.0,132.5,25.0,227.0,16.0,0.6,0.8,0.6,20.0,45.0,165.0,130.0,25.0,225.0,16.0,0.6,0.8,0.6
1974,2,323.0,-12.0,27.0,28.0,29.1,28.09,12.0,1.14,16.0,0.4,0.5,0.5,26.39,26.8,28.23,27.22,10.0,1.24,16.0,0.4,0.5,0.5,16.98,17.61,19.96,18.25,9.0,1.36,16.0,0.3,0.5,0.5,77.9,79.2,85.2,81.5,9.0,5.7,16.0,0.3,0.5,3.6,4.6,6.83,4.87,12.0,1.63,16.0,0.5,0.6,0.5,-6.5,-4.6,-2.86,-4.41,12.0,2.04,16.0,0.5,0.6,0.5,-0.99,0.0,1.97,0.37,12.0,1.7,16.0,0.5,0.6,0.5,1010.03,1011.0,1012.09,1011.51,14.0,2.62,16.0,0.4,0.6,0.5,3.0,4.0,6.0,4.2,14.0,2.1,16.0,0.4,0.6,0.5,-44.4,-21.2,-9.5,-24.1,12.0,17.4,16.0,0.5,0.6,0.5,-3.8,0.0,10.0,2.2,12.0,9.4,16.0,0.5,0.6,0.5,0.26,1.0,1.61,1.0,10.0,0.87,16.0,0.4,0.5,0.5,0.7,5.6,9.9,5.3,9.0,4.6,16.0,0.4,0.5,0.5,5.14,5.67,6.58,5.84,9.0,0.88,16.0,0.3,0.5,0.5,23.0,28.8,33.8,28.4,8.0,7.8,16.0,0.4,0.4,0.5,-184.4,-128.9,-89.0,-133.0,9.0,45.0,16.0,0.4,0.5,0.5,-39.7,0.0,43.2,2.0,9.0,42.8,16.0,0.4,0.5,0.5,-127.1,-83.0,-54.9,-90.1,8.0,34.9,16.0,0.4,0.4,0.5,-28.3,0.0,29.9,1.1,8.0,31.3,16.0,0.4,0.4,0.5,-31.8,-27.9,-21.1,-27.2,8.0,7.5,16.0,0.4,0.4,0.5,-10.6,0.0,10.4,0.2,8.0,9.2,16.0,0.4,0.4,0.5,46.5,97.5,319.0,152.0,12.0,143.5,16.0,0.5,0.6,0.5,45.0,95.0,320.0,150.0,12.0,145.0,16.0,0.5,0.6,0.5
1974,2,323.0,-11.0,26.56,27.9,28.92,27.73,6.0,1.19,14.0,0.7,0.8,0.3,27.29,28.7,30.0,28.51,8.0,1.6,12.0,0.6,0.8,0.4,16.11,17.02,20.19,17.79,7.0,1.86,10.0,0.7,0.8,0.3,60.7,75.5,81.7,73.7,7.0,9.6,10.0,0.7,0.3,2.1,4.1,6.22,4.21,7.0,2.0,10.0,0.7,0.8,0.3,-5.4,-3.14,-1.61,-3.6,7.0,1.88,10.0,0.7,0.8,0.3,-2.7,-1.35,1.97,-0.6,7.0,2.37,10.0,0.7,0.8,0.3,1010.11,1011.25,1012.87,1011.56,8.0,1.44,12.0,0.6,0.8,0.4,3.1,4.5,6.9,4.6,8.0,2.5,12.0,0.6,0.8,0.4,-31.1,-12.9,-3.4,-18.3,7.0,15.6,10.0,0.7,0.8,0.3,-11.5,-2.8,11.3,-1.8,7.0,13.5,10.0,0.7,0.8,0.3,-1.49,-0.25,0.95,-0.28,6.0,1.77,14.0,0.7,0.8,0.3,-3.8,0.0,5.8,1.4,5.0,7.0,14.0,0.8,0.8,0.2,4.12,4.93,6.9,5.36,5.0,1.53,14.0,0.8,0.8,0.2,18.3,21.9,35.2,26.1,5.0,9.4,14.0,0.8,0.8,0.2,-138.2,-94.2,-48.3,-100.1,7.0,48.0,10.0,0.7,0.8,0.3,-80.6,-40.5,50.3,-19.2,7.0,66.3,10.0,0.7,0.8,0.3,-96.4,-64.4,-25.9,-64.6,7.0,33.6,10.0,0.7,0.8,0.3,-55.3,-21.7,32.7,-12.9,7.0,44.7,10.0,0.7,0.8,0.3,-33.1,-17.2,-15.8,-23.1,5.0,10.0,14.0,0.8,0.8,0.2,-12.6,6.3,12.0,1.0,5.0,13.0,14.0,0.8,0.8,0.2,9.5,69.0,241.5,118.5,7.0,121.5,10.0,0.7,0.8,0.3,10.0,70.0,240.0,120.0,7.0,120.0,10.0,0.7,0.8,0.3
1974,2,323.0,-6.0,28.2,28.2,28.2,28.2,1.0,0.0,10.0,1.0,0.6,0.7,29.0,29.0,29.0,29.0,1.0,0.0,10.0,1.0,0.6,0.7,18.71,18.71,18.71,18.71,1.0,0.0,10.0,1.0,0.6,0.7,74.4,74.4,74.4,74.4,1.0,0.0,10.0,1.0,0.7,7.7,7.7,7.7,7.7,1.0,0.0,10.0,1.0,0.6,0.7,-5.9,-5.9,-5.9,-5.9,1.0,0.0,10.0,1.0,0.6,0.7,4.95,4.95,4.95,4.95,1.0,0.0,10.0,1.0,0.6,0.7,1007.5,1007.5,1007.5,1007.5,1.0,0.0,10.0,1.0,0.6,0.7,4.0,4.0,4.0,4.0,1.0,0.0,10.0,1.0,0.6,0.7,-45.4,-45.4,-45.4,-45.4,1.0,0.0,10.0,1.0,0.6,0.7,38.1,38.1,38.1,38.1,1.0,0.0,10.0,1.0,0.6,0.7,-0.8,-0.8,-0.8,-0.8,1.0,0.0,10.0,1.0,0.6,0.7,-6.2,-6.2,-6.2,-6.2,1.0,0.0,10.0,1.0,0.6,0.7,5.36,5.36,5.36,5.36,1.0,0.0,10.0,1.0,0.6,0.7,41.3,41.3,41.3,41.3,1.0,0.0,10.0,1.0,0.6,0.7,-171.1,-171.1,-171.1,-171.1,1.0,0.0,10.0,1.0,0.6,0.7,143.5,143.5,143.5,143.5,1.0,0.0,10.0,1.0,0.6,0.7,-110.4,-110.4,-110.4,-110.4,1.0,0.0,10.0,1.0,0.6,0.7,92.6,92.6,92.6,92.6,1.0,0.0,10.0,1.0,0.6,0.7,-31.6,-31.6,-31.6,-31.6,1.0,0.0,10.0,1.0,0.6,0.7,26.5,26.5,26.5,26.5,1.0,0.0,10.0,1.0,0.6,0.7,456.5,456.5,456.5,456.5,1.0,0.0,10.0,1.0,0.6,0.7,455.0,455.0,455.0,455.0,1.0,0.0,10.0,1.0,0.6,0.7
1974,2,323.0,-5.0,26.11,27.5,28.18,27.31,8.0,0.95,12.0,0.4,0.6,0.6,27.04,28.25,28.94,28.08,8.0,0.98,12.0,0.4,0.6,0.6,17.74,18.99,19.23,18.54,5.0,1.03,12.0,0.6,0.6,0.7,75.2,75.9,83.9,78.8,5.0,5.0,12.0,0.6,0.7,4.5,7.45,9.33,7.02,10.0,2.31,14.0,0.4,0.7,0.5,-8.49,-6.07,-4.05,-6.1,10.0,2.11,14.0,0.4,0.7,0.5,-2.06,1.52,3.14,0.58,10.0,3.73,14.0,0.4,0.7,0.5,1007.0,1009.8,1011.12,1009.5,11.0,2.36,14.0,0.4,0.7,0.6,2.0,4.0,6.0,4.1,11.0,1.9,14.0,0.4,0.7,0.6,-72.1,-45.2,-19.0,-46.7,10.0,27.1,14.0,0.4,0.7,0.5,-14.8,5.5,25.7,1.2,10.0,32.7,14.0,0.4,0.7,0.5,-2.5,-0.4,0.53,-0.76,8.0,1.59,12.0,0.4,0.6,0.6,-20.6,-6.2,0.7,-7.2,7.0,13.7,10.0,0.4,0.7,0.6,3.13,5.02,6.25,4.77,5.0,1.7,12.0,0.6,0.6,0.7,15.8,29.2,48.9,32.2,4.0,20.6,10.0,0.8,0.6,0.7,-246.0,-183.9,-167.2,-193.4,7.0,55.6,10.0,0.4,0.7,0.6,-111.4,0.0,92.1,-7.8,7.0,120.1,10.0,0.4,0.7,0.6,-145.9,-117.1,-87.2,-116.5,4.0,42.5,10.0,0.8,0.6,0.7,-25.7,42.2,78.5,27.1,4.0,71.1,10.0,0.8,0.6,0.7,-42.8,-23.4,-14.1,-28.2,4.0,19.2,10.0,0.8,0.6,0.7,-3.2,12.0,22.5,9.7,4.0,15.8,10.0,0.8,0.6,0.7,106.0,415.0,820.0,444.5,10.0,344.5,14.0,0.4,0.7,0.5,105.0,415.0,820.0,445.0,10.0,345.0,14.0,0.4,0.7,0.5
1974,2,323.0,-4.0,28.59,29.2,29.76,29.18,4.0,0.74,18.0,0.8,0.6,0.5,27.2,28.7,28.77,28.0,3.0,1.3,18.0,0.7,0.5,0.5,18.07,19.12,19.7,18.89,3.0,1.21,18.0,0.7,0.5,0.5,78.5,80.4,80.9,79.7,3.0,1.9,18.0,0.7,0.5,4.22,7.7,9.47,6.87,3.0,3.92,16.0,1.0,0.7,0.4,-8.48,-5.9,-3.01,-5.75,3.0,4.01,16.0,1.0,0.7,0.4,-0.24,3.52,4.5,2.16,3.0,3.67,16.0,1.0,0.7,0.4,1009.0,1009.6,1010.36,1009.68,4.0,0.79,18.0,0.8,0.6,0.5,5.0,6.5,7.5,6.3,4.0,1.7,18.0,0.8,0.6,0.5,-82.5,-45.4,-17.4,-49.8,3.0,47.8,16.0,1.0,0.7,0.4,8.0,36.3,37.5,23.1,3.0,24.5,16.0,1.0,0.7,0.4,0.36,0.7,1.45,0.9,3.0,0.82,18.0,0.7,0.5,0.5,1.6,3.9,6.1,3.9,2.0,4.7,14.0,1.0,0.5,0.5,5.93,5.98,6.41,6.16,3.0,0.38,18.0,0.7,0.5,0.5,22.7,38.5,54.3,38.5,2.0,32.7,14.0,1.0,0.5,0.5,-242.1,-163.4,-84.6,-163.4,2.0,163.2,14.0,1.0,0.5,0.5,-32.0,22.1,76.3,22.1,2.0,112.2,14.0,1.0,0.5,0.5,-167.7,-112.6,-57.6,-112.6,2.0,114.1,14.0,1.0,0.5,0.5,-20.9,16.1,53.2,16.1,2.0,76.7,14.0,1.0,0.5,0.5,-50.3,-33.9,-17.5,-33.9,2.0,34.0,14.0,1.0,0.5,0.5,-6.5,4.7,15.9,4.7,2.0,23.2,14.0,1.0,0.5,0.5,157.0,456.5,891.0,522.5,3.0,540.5,16.0,1.0,0.7,0.4,155.0,455.0,890.0,520.0,3.0,540.0,16.0,1.0,0.7,0.4
1974,2,323.0,-3.0,27.34,28.0,28.3,27.76,5.0,0.88,10.0,0.8,0.9,0.7,26.79,27.75,29.06,28.13,6.0,2.05,12.0,0.8,0.8,0.7,17.6,18.02,21.31,19.19,5.0,2.0,10.0,0.8,0.9,0.7,78.3,83.6,89.4,83.9,5.0,6.2,10.0,0.8,0.7,3.69,6.2,7.7,5.67,6.0,2.19,12.0,0.8,0.8,0.7,-6.41,-5.57,-2.37,-4.76,6.0,2.3,12.0,0.8,0.8,0.7,-0.33,1.32,3.71,1.68,6.0,2.73,12.0,0.8,0.8,0.7,1008.0,1009.0,1011.18,1009.5,5.0,1.66,10.0,0.8,0.9,0.7,6.0,7.5,8.0,7.2,6.0,1.0,12.0,0.8,0.8,0.7,-42.0,-38.3,-9.2,-30.7,6.0,19.9,12.0,0.8,0.8,0.7,-0.7,6.4,25.5,12.5,6.0,18.5,12.0,0.8,0.8,0.7,-0.55,0.5,1.37,0.4,5.0,1.29,10.0,0.8,0.9,0.7,-4.2,2.1,8.5,1.8,5.0,8.8,10.0,0.8,0.9,0.7,2.82,3.33,6.18,4.25,5.0,1.79,10.0,0.8,0.9,0.7,18.3,25.6,38.3,27.1,5.0,11.7,10.0,0.8,0.9,0.7,-175.1,-149.1,-67.1,-131.2,6.0,61.3,12.0,0.8,0.8,0.7,-10.6,37.3,103.0,45.6,6.0,77.5,12.0,0.8,0.8,0.7,-125.2,-109.1,-77.4,-103.5,5.0,35.0,10.0,0.8,0.9,0.7,0.0,55.7,81.8,45.9,5.0,45.9,10.0,0.8,0.9,0.7,-38.3,-21.4,-12.9,-24.3,5.0,13.9,10.0,0.8,0.9,0.7,0.0,7.8,12.3,7.1,5.0,8.0,10.0,0.8,0.9,0.7,56.5,238.5,456.5,244.5,6.0,187.5,12.0,0.8,0.8,0.7,55.0,240.0,455.0,245.0,6.0,190.0,12.0,0.8,0.8,0.7
1974,2,323.0,-2.0,26.17,27.2,28.62,27.35,8.0,1.11,14.0,0.4,0.5,0.7,25.0,25.7,26.92,25.94,8.0,1.05,14.0,0.4,0.5,0.7,17.5,18.24,18.69,18.1,7.0,0.69,12.0,0.4,0.4,0.8,81.2,85.1,94.3,86.2,7.0,8.1,12.0,0.4,0.8,3.05,5.1,6.27,5.0,7.0,1.93,12.0,0.4,0.4,0.8,-6.22,-4.32,-3.02,-4.45,7.0,1.99,12.0,0.4,0.4,0.8,-1.72,0.0,0.19,-0.45,7.0,2.37,12.0,0.4,0.4,0.8,1008.2,1009.3,1010.96,1009.61,8.0,1.54,14.0,0.4,0.5,0.7,3.2,6.0,8.0,5.8,8.0,2.3,14.0,0.4,0.5,0.7,-39.1,-19.9,-9.3,-25.3,7.0,17.7,12.0,0.4,0.4,0.8,-8.3,0.0,1.0,-2.9,7.0,14.6,12.0,0.4,0.4,0.8,0.61,1.05,3.44,1.41,8.0,1.65,14.0,0.4,0.5,0.7,2.5,6.2,12.9,7.7,7.0,10.6,12.0,0.4,0.4,0.8,4.11,5.33,5.76,5.05,7.0,1.06,12.0,0.4,0.4,0.8,18.7,19.8,34.7,24.9,7.0,11.0,12.0,0.4,0.4,0.8,-166.7,-113.7,-75.5,-115.2,7.0,50.6,12.0,0.4,0.4,0.8,-44.4,0.0,5.2,-10.1,7.0,63.0,12.0,0.4,0.4,0.8,-113.7,-78.9,-54.1,-81.1,7.0,37.7,12.0,0.4,0.4,0.8,-30.9,0.0,3.2,-9.1,7.0,42.4,12.0,0.4,0.4,0.8,-34.4,-19.7,-16.1,-22.0,7.0,10.7,12.0,0.4,0.4,0.8,-9.2,0.0,0.9,-2.5,7.0,12.6,12.0,0.4,0.4,0.8,29.0,132.5,249.0,171.5,7.0,154.5,12.0,0.4,0.4,0.8,30.0,135.0,250.0,170.0,7.0,155.0,12.0,0.4,0.4,0.8
1974,2,323.0,-1.0,27.28,27.7,28.68,27.89,9.0,0.79,16.0,0.4,0.3,0.6,25.11,26.4,27.07,26.32,9.0,1.33,16.0,0.6,0.3,0.5,17.17,17.57,17.96,17.62,6.0,0.76,20.0,0.7,0.3,0.7,79.0,81.1,85.8,82.8,6.0,5.4,20.0,0.7,0.7,2.6,4.35,5.1,4.16,8.0,1.72,14.0,0.6,0.3,0.5,-5.1,-3.31,-1.36,-3.24,8.0,2.26,14.0,0.6,0.3,0.5,-3.05,-0.84,1.36,-0.83,8.0,2.21,14.0,0.6,0.3,0.5,1008.33,1010.4,1011.9,1010.32,10.0,1.67,14.0,0.5,0.3,0.5,6.0,7.0,8.0,7.0,9.0,1.1,16.0,0.6,0.3,0.6,-26.0,-14.6,-2.9,-16.6,8.0,15.4,14.0,0.6,0.3,0.5,-12.6,-2.2,2.7,-5.5,8.0,10.6,14.0,0.6,0.3,0.5,0.61,1.8,2.7,1.91,8.0,1.38,16.0,0.5,0.3,0.5,2.5,7.0,10.9,7.0,7.0,4.4,16.0,0.6,0.3,0.5,4.7,5.41,7.05,5.82,6.0,1.54,20.0,0.7,0.3,0.7,21.1,23.6,31.3,26.4,5.0,9.7,18.0,0.8,0.2,0.7,-136.0,-89.0,-33.5,-84.9,8.0,60.2,14.0,0.6,0.3,0.5,-82.8,-20.9,33.4,-21.3,8.0,59.6,14.0,0.6,0.3,0.5,-89.1,-69.8,-41.6,-65.6,5.0,25.3,18.0,0.8,0.2,0.7,-45.8,-27.7,0.0,-24.7,5.0,24.6,18.0,0.8,0.2,0.7,-31.3,-20.2,-14.5,-23.3,5.0,11.9,18.0,0.8,0.2,0.7,-14.0,-11.2,0.0,-8.2,5.0,8.0,18.0,0.8,0.2,0.7,17.5,83.0,132.5,106.0,8.0,119.0,14.0,0.6,0.3,0.5,20.0,85.0,135.0,105.0,8.0,120.0,14.0,0.6,0.3,0.5
1974,2,323.0,0.0,26.31,27.3,27.64,27.02,6.0,0.83,20.0,0.7,0.7,0.6,26.14,27.0,27.32,26.74,7.0,0.91,20.0,0.7,0.7,0.6,17.49,17.85,19.28,18.27,6.0,1.01,20.0,0.7,0.7,0.5,79.7,81.9,88.3,83.3,6.0,4.2,20.0,0.7,0.5,2.05,5.1,8.3,5.06,7.0,3.28,20.0,0.7,0.7,0.6,-5.48,-2.55,-0.59,-3.27,7.0,3.37,20.0,0.7,0.7,0.6,-4.86,-3.52,-1.21,-3.3,7.0,2.03,20.0,0.7,0.7,0.6,1007.76,1008.8,1010.82,1009.06,7.0,1.59,20.0,0.7,0.7,0.6,5.4,6.0,7.0,5.8,6.0,1.5,22.0,0.8,0.8,0.6,-45.9,-12.2,-0.6,-25.3,7.0,35.9,20.0,0.7,0.7,0.6,-37.0,-22.5,-4.2,-20.6,7.0,18.9,20.0,0.7,0.7,0.6,-0.26,0.4,0.72,0.32,6.0,0.6,20.0,0.7,0.7,0.6,-1.6,1.4,3.3,0.7,6.0,3.3,20.0,0.7,0.7,0.6,3.71,5.07,5.39,4.61,5.0,1.0,20.0,0.6,0.7,0.6,11.2,15.9,32.4,21.1,5.0,14.7,20.0,0.6,0.7,0.6,-149.5,-63.7,-15.6,-88.1,7.0,91.4,20.0,0.7,0.7,0.6,-131.0,-95.1,-33.6,-88.0,7.0,54.4,20.0,0.7,0.7,0.6,-71.1,-37.6,-7.4,-39.9,6.0,37.1,20.0,0.7,0.7,0.5,-90.3,-59.2,-21.4,-58.9,6.0,39.1,20.0,0.7,0.7,0.5,-19.0,-8.8,-6.3,-12.4,5.0,9.5,20.0,0.6,0.7,0.6,-27.7,-13.8,-4.7,-16.2,5.0,12.7,20.0,0.6,0.7,0.6,9.0,132.5,577.0,281.0,7.0,405.0,20.0,0.7,0.7,0.6,10.0,135.0,575.0,280.0,7.0,405.0,20.0,0.7,0.7,0.6
1974,2,323.0,1.0,26.25,26.8,26.94,26.6,3.0,0.53,16.0,0.7,0.6,0.5,24.66,25.0,25.68,25.17,3.0,0.76,16.0,0.7,0.6,0.5,17.11,17.28,17.71,17.41,3.0,0.45,16.0,0.7,0.6,0.5,85.4,86.0,88.5,86.9,3.0,2.4,16.0,0.7,0.5,5.43,7.2,7.2,6.33,3.0,1.5,16.0,0.7,0.6,0.5,-7.06,-6.77,-4.87,-5.98,3.0,1.75,16.0,0.7,0.6,0.5,-2.41,-2.3,-0.73,-1.59,3.0,1.38,16.0,0.7,0.6,0.5,1008.32,1008.8,1009.55,1008.93,3.0,0.91,16.0,0.7,0.6,0.5,4.3,7.0,7.7,6.0,3.0,2.6,16.0,0.7,0.6,0.5,-50.8,-48.7,-28.0,-39.6,3.0,18.5,16.0,0.7,0.6,0.5,-15.5,-10.6,-3.4,-9.4,3.0,8.9,16.0,0.7,0.6,0.5,1.0,1.0,1.89,1.43,3.0,0.75,16.0,0.7,0.6,0.5,5.4,7.2,13.6,9.5,3.0,6.3,16.0,0.7,0.6,0.5,4.18,4.48,4.74,4.46,3.0,0.42,16.0,0.7,0.6,0.5,23.3,29.0,33.1,28.2,3.0,7.2,16.0,0.7,0.6,0.5,-175.5,-165.8,-123.3,-149.8,3.0,40.6,16.0,0.7,0.6,0.5,-60.2,-59.8,-19.0,-40.0,3.0,34.7,16.0,0.7,0.6,0.5,-120.8,-116.9,-85.8,-103.6,3.0,28.1,16.0,0.7,0.6,0.5,-42.1,-41.2,-13.1,-27.9,3.0,24.2,16.0,0.7,0.6,0.5,-31.7,-29.0,-21.4,-26.6,3.0,7.8,16.0,0.7,0.6,0.5,-11.5,-10.3,-3.3,-7.4,3.0,6.5,16.0,0.7,0.6,0.5,185.0,373.0,373.0,281.5,3.0,159.5,16.0,0.7,0.6,0.5,185.0,375.0,375.0,280.0,3.0,160.0,16.0,0.7,0.6,0.5
1974,2,323.0,5.0,26.06,26.3,26.41,26.26,5.0,0.23,18.0,0.2,0.6,0.4,25.45,25.5,25.55,25.5,4.0,0.08,18.0,0.3,0.6,0.4,15.68,16.04,16.4,16.04,2.0,0.75,16.0,0.5,0.3,0.6,77.4,79.1,80.7,79.1,2.0,3.4,16.0,0.5,0.6,10.8,10.8,11.62,11.2,3.0,0.69,16.0,0.3,0.4,0.5,-8.1,-7.71,-7.19,-7.64,3.0,0.67,16.0,0.3,0.4,0.5,-8.9,-8.27,-7.36,-8.14,3.0,1.13,16.0,0.3,0.4,0.5,1010.83,1011.1,1012.33,1011.57,3.0,1.17,16.0,0.3,0.4,0.5,4.8,8.0,8.0,6.4,5.0,3.0,18.0,0.2,0.6,0.4,-91.5,-89.4,-79.5,-85.6,3.0,9.4,16.0,0.3,0.4,0.5,-103.7,-89.4,-79.5,-91.5,3.0,17.8,16.0,0.3,0.4,0.5,0.6,0.65,0.91,0.75,4.0,0.24,18.0,0.3,0.6,0.4,6.6,6.8,7.1,6.8,2.0,0.5,16.0,0.5,0.3,0.6,4.72,5.05,5.38,5.05,2.0,0.69,16.0,0.5,0.3,0.6,52.0,57.9,63.7,57.9,2.0,12.2,16.0,0.5,0.3,0.6,-192.9,-186.5,-180.0,-186.5,2.0,13.4,16.0,0.5,0.3,0.6,-229.9,-222.2,-214.5,-222.2,2.0,15.9,16.0,0.5,0.3,0.6,-118.9,-117.3,-115.8,-117.3,2.0,3.3,16.0,0.5,0.3,0.6,-141.7,-139.9,-138.0,-139.9,2.0,3.9,16.0,0.5,0.3,0.6,-41.0,-37.2,-33.4,-37.2,2.0,7.8,16.0,0.5,0.3,0.6,-48.8,-44.3,-39.8,-44.3,2.0,9.3,16.0,0.5,0.3,0.6,1259.5,1259.5,1579.5,1416.0,3.0,270.5,16.0,0.3,0.4,0.5,1260.0,1260.0,1580.0,1415.0,3.0,270.0,16.0,0.3,0.4,0.5
1974,2,323.0,6.0,27.2,27.2,27.2,27.2,2.0,0.0,22.0,0.0,0.5,0.3,24.75,24.85,24.95,24.85,2.0,0.21,22.0,0.0,0.5,0.3,16.29,16.33,16.38,16.33,2.0,0.09,22.0,0.0,0.5,0.3,83.1,83.4,83.8,83.4,2.0,0.7,22.0,0.0,0.3,7.68,9.8,11.92,9.8,2.0,4.38,22.0,0.0,0.5,0.3,-7.51,-5.82,-4.13,-5.82,2.0,3.49,22.0,0.0,0.5,0.3,-9.23,-7.84,-6.45,-7.84,2.0,2.88,22.0,0.0,0.5,0.3,1011.41,1011.85,1012.29,1011.85,2.0,0.92,22.0,0.0,0.5,0.3,8.0,8.0,8.0,8.0,2.0,0.0,22.0,0.0,0.5,0.3,-93.6,-64.7,-35.9,-64.7,2.0,59.8,22.0,0.0,0.5,0.3,-113.4,-83.2,-52.9,-83.2,2.0,62.7,22.0,0.0,0.5,0.3,2.25,2.35,2.45,2.35,2.0,0.21,22.0,0.0,0.5,0.3,18.6,22.6,26.5,22.6,2.0,8.2,22.0,0.0,0.5,0.3,6.23,6.26,6.29,6.26,2.0,0.07,22.0,0.0,0.5,0.3,48.2,61.2,74.1,61.2,2.0,26.8,22.0,0.0,0.5,0.3,-187.5,-145.0,-102.5,-145.0,2.0,88.1,22.0,0.0,0.5,0.3,-230.6,-195.2,-159.8,-195.2,2.0,73.3,22.0,0.0,0.5,0.3,-123.0,-95.2,-67.4,-95.2,2.0,57.6,22.0,0.0,0.5,0.3,-151.3,-128.2,-105.1,-128.2,2.0,47.8,22.0,0.0,0.5,0.3,-46.7,-36.3,-25.9,-36.3,2.0,21.5,22.0,0.0,0.5,0.3,-57.4,-49.0,-40.5,-49.0,2.0,17.5,22.0,0.0,0.5,0.3,593.5,1223.5,1853.5,1223.5,2.0,1305.5,22.0,0.0,0.5,0.3,595.0,1225.0,1855.0,1225.0,2.0,1305.0,22.0,0.0,0.5,0.3
1974,2,323.0,7.0,24.9,25.0,25.26,25.08,4.0,0.3,10.0,0.8,0.8,0.5,24.44,25.05,25.45,24.95,4.0,0.61,10.0,0.8,0.8,0.5,14.07,14.13,15.08,14.56,3.0,0.83,12.0,0.7,0.9,0.5,73.4,74.6,76.0,74.7,3.0,1.9,12.0,0.7,0.5,7.94,10.05,12.16,10.05,4.0,2.8,10.0,0.8,0.8,0.5,-10.53,-9.05,-6.85,-8.71,4.0,2.68,10.0,0.8,0.8,0.5,-6.08,-4.85,-3.72,-4.9,4.0,1.51,10.0,0.8,0.8,0.5,1010.1,1010.35,1010.5,1010.3,4.0,0.24,10.0,0.8,0.8,0.5,6.5,7.5,8.0,7.3,4.0,1.0,10.0,0.8,0.8,0.5,-129.6,-91.1,-56.7,-93.0,4.0,50.1,10.0,0.8,0.8,0.5,-74.8,-44.0,-29.2,-51.6,4.0,28.9,10.0,0.8,0.8,0.5,-0.21,0.15,0.46,0.13,4.0,0.43,10.0,0.8,0.8,0.5,-1.9,1.6,3.6,0.9,4.0,3.5,10.0,0.8,0.8,0.5,4.7,5.55,5.65,5.18,3.0,0.76,12.0,0.7,0.9,0.5,38.1,40.1,54.7,46.2,3.0,13.3,12.0,0.7,0.9,0.5,-265.0,-226.5,-170.8,-218.3,4.0,70.8,10.0,0.8,0.8,0.5,-153.0,-118.8,-91.9,-122.3,4.0,38.9,10.0,0.8,0.8,0.5,-134.5,-132.2,-91.2,-113.3,3.0,35.7,12.0,0.7,0.9,0.5,-71.3,-60.5,-52.9,-62.0,3.0,13.5,12.0,0.7,0.9,0.5,-48.3,-37.6,-31.4,-39.8,3.0,12.5,12.0,0.7,0.9,0.5,-28.6,-23.9,-16.9,-22.8,3.0,8.6,12.0,0.7,0.9,0.5,540.5,1032.0,1860.5,1192.5,4.0,898.5,10.0,0.8,0.8,0.5,540.0,1030.0,1860.0,1195.0,4.0,900.0,10.0,0.8,0.8,0.5
1974,2,323.0,8.0,25.4,25.7,26.0,25.7,4.0,0.35,16.0,0.0,0.5,0.4,24.54,24.95,25.36,24.95,4.0,0.49,16.0,0.0,0.5,0.4,12.28,13.73,15.4,13.84,4.0,1.82,16.0,0.0,0.5,0.4,63.0,71.2,77.3,70.2,4.0,8.4,16.0,0.0,0.4,5.36,8.25,11.35,8.35,4.0,3.56,16.0,0.0,0.5,0.4,-8.69,-6.32,-4.63,-6.65,4.0,2.4,16.0,0.0,0.5,0.4,-7.29,-5.3,-2.32,-4.83,4.0,3.14,16.0,0.0,0.5,0.4,1008.76,1011.0,1012.14,1010.48,4.0,2.57,16.0,0.0,0.5,0.4,2.5,5.0,7.5,5.0,4.0,2.9,16.0,0.0,0.5,0.4,-99.4,-55.4,-24.9,-61.9,4.0,44.8,16.0,0.0,0.5,0.4,-83.4,-46.5,-13.7,-48.5,4.0,42.2,16.0,0.0,0.5,0.4,0.6,0.75,0.9,0.75,4.0,0.21,16.0,0.0,0.5,0.4,4.5,4.9,7.6,6.0,4.0,2.6,16.0,0.0,0.5,0.4,5.3,6.62,8.41,6.85,4.0,1.83,16.0,0.0,0.5,0.4,34.7,45.0,83.1,58.3,4.0,35.4,16.0,0.0,0.5,0.4,-220.2,-159.3,-113.8,-166.6,4.0,62.7,16.0,0.0,0.5,0.4,-184.8,-133.6,-57.1,-121.5,4.0,80.0,16.0,0.0,0.5,0.4,-119.6,-92.8,-63.5,-91.6,4.0,32.9,16.0,0.0,0.5,0.4,-100.4,-77.8,-33.7,-67.5,4.0,43.0,16.0,0.0,0.5,0.4,-63.6,-38.4,-30.3,-46.6,4.0,25.7,16.0,0.0,0.5,0.4,-53.4,-28.0,-13.5,-33.2,4.0,27.4,16.0,0.0,0.5,0.4,164.5,665.5,1495.0,822.5,4.0,820.0,16.0,0.0,0.5,0.4,165.0,665.0,1495.0,820.0,4.0,820.0,16.0,0.0,0.5,0.4
1974,2,323.0,9.0,25.0,25.5,26.52,25.75,4.0,0.96,18.0,0.8,0.7,0.4,24.45,24.85,25.78,25.1,4.0,0.88,18.0,0.8,0.7,0.4,13.55,15.37,17.44,15.49,3.0,2.85,18.0,0.7,0.6,0.5,71.0,80.4,88.3,79.7,3.0,12.7,18.0,0.7,0.5,7.15,9.6,11.68,9.43,4.0,2.75,18.0,0.8,0.7,0.4,-9.59,-6.59,-4.41,-6.98,4.0,3.1,18.0,0.8,0.7,0.4,-7.09,-6.61,-5.02,-6.08,4.0,1.46,18.0,0.8,0.7,0.4,1009.74,1012.6,1014.83,1012.3,4.0,3.7,18.0,0.8,0.7,0.4,3.4,5.5,6.5,5.0,4.0,2.2,18.0,0.8,0.7,0.4,-112.8,-63.2,-31.4,-71.7,4.0,49.0,18.0,0.8,0.7,0.4,-76.8,-66.9,-40.7,-59.1,4.0,24.5,18.0,0.8,0.7,0.4,-0.4,0.7,1.69,0.65,4.0,1.55,18.0,0.8,0.7,0.4,-5.7,6.8,15.4,4.9,4.0,14.6,18.0,0.8,0.7,0.4,3.22,4.51,7.93,5.55,3.0,3.57,18.0,0.7,0.6,0.5,29.3,32.2,63.5,46.1,3.0,27.8,18.0,0.7,0.6,0.5,-246.1,-168.8,-107.8,-176.6,4.0,81.5,18.0,0.8,0.7,0.4,-180.3,-164.5,-124.7,-153.0,4.0,39.3,18.0,0.8,0.7,0.4,-157.0,-73.0,-58.7,-107.0,3.0,77.8,18.0,0.7,0.6,0.5,-105.9,-90.2,-70.4,-88.2,3.0,26.0,18.0,0.7,0.6,0.5,-35.5,-27.9,-23.5,-29.5,3.0,8.9,18.0,0.7,0.6,0.5,-51.9,-18.0,-16.7,-33.9,3.0,29.2,18.0,0.7,0.6,0.5,387.5,941.0,1608.5,995.5,4.0,737.5,18.0,0.8,0.7,0.4,385.0,940.0,1610.0,995.0,4.0,740.0,18.0,0.8,0.7,0.4
1974,2,323.0,10.0,26.7,26.7,26.7,26.7,1.0,0.0,10.0,0.0,0.4,0.4,23.0,23.0,23.0,23.0,1.0,0.0,10.0,0.0,0.4,0.4,16.47,16.47,16.47,16.47,1.0,0.0,10.0,0.0,0.4,0.4,94.1,94.1,94.1,94.1,1.0,0.0,10.0,0.0,0.4,8.7,8.7,8.7,8.7,1.0,0.0,10.0,0.0,0.4,0.4,-8.18,-8.18,-8.18,-8.18,1.0,0.0,10.0,0.0,0.4,0.4,-2.98,-2.98,-2.98,-2.98,1.0,0.0,10.0,0.0,0.4,0.4,1013.0,1013.0,1013.0,1013.0,1.0,0.0,10.0,0.0,0.4,0.4,4.0,4.0,4.0,4.0,1.0,0.0,10.0,0.0,0.4,0.4,-71.1,-71.1,-71.1,-71.1,1.0,0.0,10.0,0.0,0.4,0.4,-25.9,-25.9,-25.9,-25.9,1.0,0.0,10.0,0.0,0.4,0.4,3.7,3.7,3.7,3.7,1.0,0.0,10.0,0.0,0.4,0.4,32.2,32.2,32.2,32.2,1.0,0.0,10.0,0.0,0.4,0.4,5.44,5.44,5.44,5.44,1.0,0.0,10.0,0.0,0.4,0.4,47.3,47.3,47.3,47.3,1.0,0.0,10.0,0.0,0.4,0.4,-188.0,-188.0,-188.0,-188.0,1.0,0.0,10.0,0.0,0.4,0.4,-68.4,-68.4,-68.4,-68.4,1.0,0.0,10.0,0.0,0.4,0.4,-134.6,-134.6,-134.6,-134.6,1.0,0.0,10.0,0.0,0.4,0.4,-49.0,-49.0,-49.0,-49.0,1.0,0.0,10.0,0.0,0.4,0.4,-44.4,-44.4,-44.4,-44.4,1.0,0.0,10.0,0.0,0.4,0.4,-16.2,-16.2,-16.2,-16.2,1.0,0.0,10.0,0.0,0.4,0.4,658.5,658.5,658.5,658.5,1.0,0.0,10.0,0.0,0.4,0.4,660.0,660.0,660.0,660.0,1.0,0.0,10.0,0.0,0.4,0.4
1974,2,323.0,11.0,25.74,26.05,26.36,26.05,2.0,0.64,12.0,0.5,0.9,0.7,23.99,24.4,24.81,24.4,2.0,0.85,12.0,0.5,0.9,0.7,13.26,13.78,14.3,13.78,2.0,1.07,12.0,0.5,0.9,0.7,68.4,72.8,77.2,72.8,2.0,9.1,12.0,0.5,0.7,9.46,9.8,10.14,9.8,2.0,0.71,12.0,0.5,0.9,0.7,-6.81,-6.14,-5.46,-6.14,2.0,1.4,12.0,0.5,0.9,0.7,-8.45,-7.45,-6.44,-7.45,2.0,2.08,12.0,0.5,0.9,0.7,1013.72,1014.85,1015.98,1014.85,2.0,2.33,12.0,0.5,0.9,0.7,3.0,3.0,3.0,3.0,2.0,0.0,12.0,0.5,0.9,0.7,-64.2,-59.6,-55.1,-59.6,2.0,9.3,12.0,0.5,0.9,0.7,-86.1,-73.7,-61.4,-73.7,2.0,25.7,12.0,0.5,0.9,0.7,1.55,1.65,1.75,1.65,2.0,0.21,12.0,0.5,0.9,0.7,14.7,16.2,17.8,16.2,2.0,3.2,12.0,0.5,0.9,0.7,6.37,7.25,8.13,7.25,2.0,1.83,12.0,0.5,0.9,0.7,64.3,70.4,76.6,70.4,2.0,12.8,12.0,0.5,0.9,0.7,-169.3,-150.3,-131.4,-150.3,2.0,39.3,12.0,0.5,0.9,0.7,-202.3,-180.9,-159.4,-180.9,2.0,44.4,12.0,0.5,0.9,0.7,-89.9,-83.8,-77.7,-83.8,2.0,12.7,12.0,0.5,0.9,0.7,-121.5,-103.8,-86.1,-103.8,2.0,36.7,12.0,0.5,0.9,0.7,-56.1,-45.8,-35.5,-45.8,2.0,21.3,12.0,0.5,0.9,0.7,-52.8,-52.1,-51.4,-52.1,2.0,1.5,12.0,0.5,0.9,0.7,850.0,948.5,1047.0,948.5,2.0,204.0,12.0,0.5,0.9,0.7,850.0,950.0,1045.0,950.0,2.0,205.0,12.0,0.5,0.9,0.7
1974,2,323.0,12.0,24.6,24.6,24.6,24.6,1.0,0.0,28.0,1.0,0.3,0.3,23.6,23.6,23.6,23.6,1.0,0.0,28.0,1.0,0.3,0.3,12.77,12.77,12.77,12.77,1.0,0.0,28.0,1.0,0.3,0.3,70.8,70.8,70.8,70.8,1.0,0.0,28.0,1.0,0.3,9.3,9.3,9.3,9.3,1.0,0.0,28.0,1.0,0.3,0.3,-8.05,-8.05,-8.05,-8.05,1.0,0.0,28.0,1.0,0.3,0.3,-4.65,-4.65,-4.65,-4.65,1.0,0.0,28.0,1.0,0.3,0.3,1017.2,1017.2,1017.2,1017.2,1.0,0.0,28.0,1.0,0.3,0.3,8.0,8.0,8.0,8.0,1.0,0.0,28.0,1.0,0.3,0.3,-74.9,-74.9,-74.9,-74.9,1.0,0.0,28.0,1.0,0.3,0.3,-43.2,-43.2,-43.2,-43.2,1.0,0.0,28.0,1.0,0.3,0.3,1.0,1.0,1.0,1.0,1.0,0.0,28.0,1.0,0.3,0.3,9.3,9.3,9.3,9.3,1.0,0.0,28.0,1.0,0.3,0.3,6.45,6.45,6.45,6.45,1.0,0.0,28.0,1.0,0.3,0.3,60.0,60.0,60.0,60.0,1.0,0.0,28.0,1.0,0.3,0.3,-190.1,-190.1,-190.1,-190.1,1.0,0.0,28.0,1.0,0.3,0.3,-109.7,-109.7,-109.7,-109.7,1.0,0.0,28.0,1.0,0.3,0.3,-102.8,-102.8,-102.8,-102.8,1.0,0.0,28.0,1.0,0.3,0.3,-59.4,-59.4,-59.4,-59.4,1.0,0.0,28.0,1.0,0.3,0.3,-52.0,-52.0,-52.0,-52.0,1.0,0.0,28.0,1.0,0.3,0.3,-30.0,-30.0,-30.0,-30.0,1.0,0.0,28.0,1.0,0.3,0.3,804.5,804.5,804.5,804.5,1.0,0.0,28.0,1.0,0.3,0.3,805.0,805.0,805.0,805.0,1.0,0.0,28.0,1.0,0.3,0.3
1974,2,323.0,13.0,22.55,23.3,23.64,23.1,3.0,0.82,14.0,0.3,0.5,0.5,21.58,22.4,24.99,23.27,3.0,2.61,14.0,0.3,0.5,0.5,11.48,11.97,13.13,12.3,3.0,1.24,14.0,0.3,0.5,0.5,65.4,67.1,73.5,69.4,3.0,6.3,14.0,0.3,0.5,8.89,9.3,9.98,9.43,3.0,0.81,14.0,0.3,0.5,0.5,-9.98,-9.3,-8.09,-9.04,3.0,1.4,14.0,0.3,0.5,0.5,-2.97,0.0,0.0,-1.45,3.0,2.51,14.0,0.3,0.5,0.5,1011.82,1012.5,1014.55,1013.17,3.0,2.08,14.0,0.3,0.5,0.5,3.0,3.0,5.0,4.0,3.0,1.7,14.0,0.3,0.5,0.5,-99.9,-86.5,-72.2,-86.0,3.0,20.3,14.0,0.3,0.5,0.5,-25.8,0.0,0.0,-12.6,3.0,21.8,14.0,0.3,0.5,0.5,-1.35,0.9,0.97,-0.17,3.0,1.93,14.0,0.3,0.5,0.5,-12.8,7.8,9.5,-1.4,3.0,18.2,14.0,0.3,0.5,0.5,4.73,4.73,5.96,5.33,3.0,1.04,14.0,0.3,0.5,0.5,45.5,48.6,54.2,49.8,3.0,6.5,14.0,0.3,0.5,0.5,-235.6,-218.4,-184.5,-210.3,3.0,38.1,14.0,0.3,0.5,0.5,-66.5,0.0,0.0,-32.5,3.0,56.3,14.0,0.3,0.5,0.5,-125.9,-123.3,-97.0,-111.7,3.0,23.4,14.0,0.3,0.5,0.5,-33.4,0.0,0.0,-16.3,3.0,28.3,14.0,0.3,0.5,0.5,-49.0,-48.6,-45.5,-47.3,3.0,2.9,14.0,0.3,0.5,0.5,-19.4,0.0,0.0,-9.5,3.0,16.4,14.0,0.3,0.5,0.5,705.0,804.5,1001.0,852.0,3.0,221.0,14.0,0.3,0.5,0.5,705.0,805.0,1000.0,850.0,3.0,220.0,14.0,0.3,0.5,0.5
1974,2,323.0,14.0,23.8,23.8,23.8,23.8,1.0,0.0,2.0,0.0,1.0,0.7,22.9,22.9,22.9,22.9,1.0,0.0,2.0,0.0,1.0,0.7,11.62,11.62,11.62,11.62,1.0,0.0,2.0,0.0,1.0,0.7,67.2,67.2,67.2,67.2,1.0,0.0,2.0,0.0,0.7,9.3,9.3,9.3,9.3,1.0,0.0,2.0,0.0,1.0,0.7,-8.05,-8.05,-8.05,-8.05,1.0,0.0,2.0,0.0,1.0,0.7,-4.65,-4.65,-4.65,-4.65,1.0,0.0,2.0,0.0,1.0,0.7,1015.8,1015.8,1015.8,1015.8,1.0,0.0,2.0,0.0,1.0,0.7,7.0,7.0,7.0,7.0,1.0,0.0,2.0,0.0,1.0,0.7,-74.9,-74.9,-74.9,-74.9,1.0,0.0,2.0,0.0,1.0,0.7,-43.2,-43.2,-43.2,-43.2,1.0,0.0,2.0,0.0,1.0,0.7,0.9,0.9,0.9,0.9,1.0,0.0,2.0,0.0,1.0,0.7,8.4,8.4,8.4,8.4,1.0,0.0,2.0,0.0,1.0,0.7,6.72,6.72,6.72,6.72,1.0,0.0,2.0,0.0,1.0,0.7,62.5,62.5,62.5,62.5,1.0,0.0,2.0,0.0,1.0,0.7,-184.4,-184.4,-184.4,-184.4,1.0,0.0,2.0,0.0,1.0,0.7,-106.5,-106.5,-106.5,-106.5,1.0,0.0,2.0,0.0,1.0,0.7,-93.6,-93.6,-93.6,-93.6,1.0,0.0,2.0,0.0,1.0,0.7,-54.0,-54.0,-54.0,-54.0,1.0,0.0,2.0,0.0,1.0,0.7,-54.1,-54.1,-54.1,-54.1,1.0,0.0,2.0,0.0,1.0,0.7,-31.2,-31.2,-31.2,-31.2,1.0,0.0,2.0,0.0,1.0,0.7,804.5,804.5,804.5,804.5,1.0,0.0,2.0,0.0,1.0,0.7,805.0,805.0,805.0,805.0,1.0,0.0,2.0,0.0,1.0,0.7
1974,2,323.0,15.0,22.84,23.25,24.55,23.68,4.0,1.26,12.0,0.3,0.2,0.4,21.89,22.15,22.62,22.25,4.0,0.54,12.0,0.3,0.2,0.4,12.09,12.26,13.38,12.72,3.0,1.02,12.0,0.0,0.3,0.5,70.6,73.3,80.5,75.4,4.0,7.5,12.0,0.3,0.4,8.72,9.8,12.97,10.8,4.0,3.18,12.0,0.3,0.2,0.4,-12.41,-9.1,-5.98,-9.19,4.0,4.32,12.0,0.3,0.2,0.4,-6.23,-4.96,-3.15,-4.7,4.0,2.2,12.0,0.3,0.2,0.4,1013.79,1014.4,1014.47,1014.13,3.0,0.55,12.0,0.0,0.3,0.5,5.5,6.0,6.5,6.0,4.0,0.8,12.0,0.3,0.2,0.4,-166.5,-89.7,-53.3,-109.0,4.0,81.3,12.0,0.3,0.2,0.4,-70.2,-50.7,-30.2,-50.3,4.0,26.3,12.0,0.3,0.2,0.4,0.29,0.95,2.61,1.43,4.0,1.67,12.0,0.3,0.2,0.4,4.4,10.7,22.1,13.1,4.0,13.1,12.0,0.3,0.2,0.4,5.27,6.01,6.31,5.8,3.0,0.79,12.0,0.0,0.3,0.5,53.9,55.9,69.5,61.6,3.0,12.5,12.0,0.0,0.3,0.5,-278.6,-206.1,-131.7,-205.2,4.0,96.8,12.0,0.3,0.2,0.4,-136.2,-109.8,-70.7,-103.7,4.0,47.0,12.0,0.3,0.2,0.4,-151.8,-96.8,-69.6,-110.4,3.0,61.3,12.0,0.0,0.3,0.5,-87.9,-64.6,-58.6,-73.0,3.0,22.6,12.0,0.0,0.3,0.5,-64.0,-48.4,-33.4,-48.7,3.0,22.4,12.0,0.0,0.3,0.5,-40.2,-28.0,-26.6,-33.2,3.0,10.9,12.0,0.0,0.3,0.5,672.0,948.5,2433.5,1525.0,4.0,1435.0,12.0,0.3,0.2,0.4,670.0,950.0,2435.0,1525.0,4.0,1435.0,12.0,0.3,0.2,0.4
1974,2,323.0,16.0,23.28,23.45,23.62,23.45,2.0,0.35,16.0,1.0,0.5,0.4,23.0,23.0,23.0,23.0,2.0,0.0,16.0,1.0,0.5,0.4,10.63,10.9,11.17,10.9,2.0,0.56,16.0,1.0,0.5,0.4,61.4,62.9,64.4,62.9,2.0,3.1,16.0,1.0,0.4,11.04,11.55,12.06,11.55,2.0,1.06,16.0,1.0,0.5,0.4,-10.57,-10.4,-10.23,-10.4,2.0,0.36,16.0,1.0,0.5,0.4,-5.76,-4.92,-4.08,-4.92,2.0,1.74,16.0,1.0,0.5,0.4,1018.74,1019.25,1019.76,1019.25,2.0,1.06,16.0,1.0,0.5,0.4,4.6,6.0,7.4,6.0,2.0,2.8,16.0,1.0,0.5,0.4,-127.6,-120.3,-113.0,-120.3,2.0,15.1,16.0,1.0,0.5,0.4,-70.0,-57.8,-45.6,-57.8,2.0,25.3,16.0,1.0,0.5,0.4,0.28,0.45,0.62,0.45,2.0,0.35,16.0,1.0,0.5,0.4,3.2,5.4,7.6,5.4,2.0,4.6,16.0,1.0,0.5,0.4,6.91,6.99,7.06,6.99,2.0,0.15,16.0,1.0,0.5,0.4,77.9,80.6,83.4,80.6,2.0,5.6,16.0,1.0,0.5,0.4,-243.2,-239.2,-235.3,-239.2,2.0,8.2,16.0,1.0,0.5,0.4,-132.5,-113.2,-93.9,-113.2,2.0,39.9,16.0,1.0,0.5,0.4,-118.1,-113.5,-108.8,-113.5,2.0,9.7,16.0,1.0,0.5,0.4,-64.6,-54.1,-43.7,-54.1,2.0,21.7,16.0,1.0,0.5,0.4,-73.1,-72.7,-72.2,-72.7,2.0,0.9,16.0,1.0,0.5,0.4,-39.8,-34.3,-28.8,-34.3,2.0,11.4,16.0,1.0,0.5,0.4,1355.0,1560.5,1765.5,1560.5,2.0,425.0,16.0,1.0,0.5,0.4,1355.0,1560.0,1765.0,1560.0,2.0,425.0,16.0,1.0,0.5,0.4
1974,2,323.0,18.0,22.2,22.2,22.2,22.2,1.0,0.0,4.0,0.0,0.6,0.8,22.6,22.6,22.6,22.6,1.0,0.0,4.0,0.0,0.6,0.8,11.22,11.22,11.22,11.22,1.0,0.0,4.0,0.0,0.6,0.8,66.3,66.3,66.3,66.3,1.0,0.0,4.0,0.0,0.8,9.3,9.3,9.3,9.3,1.0,0.0,4.0,0.0,0.6,0.8,-7.12,-7.12,-7.12,-7.12,1.0,0.0,4.0,0.0,0.6,0.8,-5.98,-5.98,-5.98,-5.98,1.0,0.0,4.0,0.0,0.6,0.8,1018.4,1018.4,1018.4,1018.4,1.0,0.0,4.0,0.0,0.6,0.8,6.0,6.0,6.0,6.0,1.0,0.0,4.0,0.0,0.6,0.8,-66.3,-66.3,-66.3,-66.3,1.0,0.0,4.0,0.0,0.6,0.8,-55.6,-55.6,-55.6,-55.6,1.0,0.0,4.0,0.0,0.6,0.8,-0.4,-0.4,-0.4,-0.4,1.0,0.0,4.0,0.0,0.6,0.8,-3.7,-3.7,-3.7,-3.7,1.0,0.0,4.0,0.0,0.6,0.8,5.36,5.36,5.36,5.36,1.0,0.0,4.0,0.0,0.6,0.8,49.8,49.8,49.8,49.8,1.0,0.0,4.0,0.0,0.6,0.8,-161.0,-161.0,-161.0,-161.0,1.0,0.0,4.0,0.0,0.6,0.8,-135.1,-135.1,-135.1,-135.1,1.0,0.0,4.0,0.0,0.6,0.8,-80.0,-80.0,-80.0,-80.0,1.0,0.0,4.0,0.0,0.6,0.8,-67.1,-67.1,-67.1,-67.1,1.0,0.0,4.0,0.0,0.6,0.8,-38.2,-38.2,-38.2,-38.2,1.0,0.0,4.0,0.0,0.6,0.8,-32.0,-32.0,-32.0,-32.0,1.0,0.0,4.0,0.0,0.6,0.8,804.5,804.5,804.5,804.5,1.0,0.0,4.0,0.0,0.6,0.8,805.0,805.0,805.0,805.0,1.0,0.0,4.0,0.0,0.6,0.8
1974,2,323.0,19.0,22.21,22.65,23.09,22.65,2.0,0.92,14.0,0.5,0.4,0.6,20.19,20.6,21.01,20.6,2.0,0.85,14.0,0.5,0.4,0.6,9.52,10.41,11.3,10.41,2.0,1.84,14.0,0.5,0.4,0.6,65.2,69.4,73.5,69.4,2.0,8.7,14.0,0.5,0.6,7.53,8.25,8.97,8.25,2.0,1.48,14.0,0.5,0.4,0.6,-8.69,-7.7,-6.7,-7.7,2.0,2.07,14.0,0.5,0.4,0.6,-2.77,-0.99,0.79,-0.99,2.0,3.69,14.0,0.5,0.4,0.6,1019.32,1020.0,1020.68,1020.0,2.0,1.41,14.0,0.5,0.4,0.6,4.0,4.0,4.0,4.0,2.0,0.0,14.0,0.5,0.4,0.6,-78.8,-65.0,-51.3,-65.0,2.0,28.5,14.0,0.5,0.4,0.6,-19.4,-5.5,8.5,-5.5,2.0,28.9,14.0,0.5,0.4,0.6,1.2,2.05,2.9,2.05,2.0,1.77,14.0,0.5,0.4,0.6,10.0,15.6,21.2,15.6,2.0,11.5,14.0,0.5,0.4,0.6,5.26,6.62,7.99,6.62,2.0,2.82,14.0,0.5,0.4,0.6,46.1,52.5,59.0,52.5,2.0,13.5,14.0,0.5,0.4,0.6,-183.1,-159.4,-135.7,-159.4,2.0,49.1,14.0,0.5,0.4,0.6,-55.1,-18.9,17.4,-18.9,2.0,75.1,14.0,0.5,0.4,0.6,-99.2,-82.0,-64.8,-82.0,2.0,35.7,14.0,0.5,0.4,0.6,-24.6,-6.9,10.7,-6.9,2.0,36.6,14.0,0.5,0.4,0.6,-51.9,-48.1,-44.2,-48.1,2.0,8.0,14.0,0.5,0.4,0.6,-24.9,-11.8,1.4,-11.8,2.0,27.2,14.0,0.5,0.4,0.6,441.5,589.0,736.0,589.0,2.0,305.0,14.0,0.5,0.4,0.6,440.0,590.0,735.0,590.0,2.0,305.0,14.0,0.5,0.4,0.6
1974,2,323.0,20.0,21.0,21.0,21.0,21.0,3.0,0.0,10.0,0.7,0.7,0.2,21.84,23.0,23.68,22.77,3.0,1.37,10.0,0.7,0.7,0.2,13.63,14.42,15.21,14.42,2.0,1.64,4.0,1.0,0.8,0.3,77.5,80.3,83.1,80.3,2.0,5.7,4.0,1.0,0.3,10.3,10.3,10.3,10.3,2.0,0.0,4.0,1.0,0.8,0.3,-6.62,-6.62,-6.62,-6.62,2.0,0.0,4.0,1.0,0.8,0.3,-7.89,-7.89,-7.89,-7.89,2.0,0.0,4.0,1.0,0.8,0.3,1017.63,1019.0,1021.18,1019.4,3.0,2.62,10.0,0.7,0.7,0.2,1.3,2.0,2.7,2.0,3.0,1.0,10.0,0.7,0.7,0.2,-68.2,-68.2,-68.2,-68.2,2.0,0.0,4.0,1.0,0.8,0.3,-81.3,-81.3,-81.3,-81.3,2.0,0.0,4.0,1.0,0.8,0.3,-2.68,-2.0,-0.84,-1.77,3.0,1.37,10.0,0.7,0.7,0.2,-29.3,-25.7,-22.2,-25.7,2.0,7.3,4.0,1.0,0.8,0.3,0.18,0.98,1.78,0.98,2.0,1.66,4.0,1.0,0.8,0.3,1.9,10.1,18.3,10.1,2.0,17.1,4.0,1.0,0.8,0.3,-157.8,-155.6,-153.3,-155.6,2.0,4.7,4.0,1.0,0.8,0.3,-188.1,-185.4,-182.7,-185.4,2.0,5.6,4.0,1.0,0.8,0.3,-100.7,-95.5,-90.3,-95.5,2.0,10.8,4.0,1.0,0.8,0.3,-120.0,-113.8,-107.6,-113.8,2.0,12.9,4.0,1.0,0.8,0.3,-11.8,-6.5,-1.2,-6.5,2.0,11.0,4.0,1.0,0.8,0.3,-14.0,-7.7,-1.4,-7.7,2.0,13.1,4.0,1.0,0.8,0.3,1092.5,1092.5,1092.5,1092.5,2.0,0.0,4.0,1.0,0.8,0.3,1095.0,1095.0,1095.0,1095.0,2.0,0.0,4.0,1.0,0.8,0.3
1974,2,323.0,21.0,22.0,22.2,22.99,22.48,5.0,0.64,16.0,0.4,0.3,0.5,20.96,21.7,22.4,21.74,5.0,0.89,16.0,0.4,0.3,0.5,10.61,11.34,11.83,11.22,4.0,0.75,14.0,0.5,0.2,0.4,63.5,68.8,74.9,69.2,4.0,6.7,14.0,0.5,0.4,7.15,8.2,10.66,8.78,5.0,2.17,16.0,0.4,0.3,0.5,-8.86,-7.7,-1.35,-5.08,5.0,6.62,16.0,0.4,0.3,0.5,-6.54,-2.12,0.52,-2.85,5.0,3.85,16.0,0.4,0.3,0.5,1017.53,1018.9,1021.48,1019.46,5.0,2.2,16.0,0.4,0.3,0.5,2.6,3.0,5.7,4.0,5.0,2.0,16.0,0.4,0.3,0.5,-86.1,-59.3,0.5,-43.6,5.0,67.8,16.0,0.4,0.3,0.5,-72.2,-13.1,4.3,-29.5,5.0,40.8,16.0,0.4,0.3,0.5,-0.15,1.1,1.42,0.74,5.0,0.91,16.0,0.4,0.3,0.5,-0.9,11.0,14.0,7.3,5.0,7.9,16.0,0.4,0.3,0.5,4.61,5.5,6.93,5.75,4.0,1.45,14.0,0.5,0.2,0.4,37.1,47.7,57.9,47.5,4.0,12.0,14.0,0.5,0.2,0.4,-191.2,-167.1,-36.4,-111.9,5.0,140.6,16.0,0.4,0.3,0.5,-137.1,-49.0,11.4,-60.3,5.0,80.9,16.0,0.4,0.3,0.5,-108.7,-87.8,-71.2,-89.8,4.0,24.1,14.0,0.5,0.2,0.4,-47.3,-11.6,8.9,-18.9,4.0,37.4,14.0,0.5,0.2,0.4,-54.3,-42.7,-35.7,-44.9,4.0,11.2,14.0,0.5,0.2,0.4,-21.2,-6.5,3.3,-8.8,4.0,15.4,14.0,0.5,0.2,0.4,377.0,551.5,1235.0,778.0,5.0,557.5,16.0,0.4,0.3,0.5,375.0,550.0,1235.0,780.0,5.0,560.0,16.0,0.4,0.3,0.5
1974,2,323.0,22.0,,,,,,,,,,,,,,,,,,,,,,,,,,,,,,,,,,,,,,,,12.0,12.0,12.0,12.0,1.0,0.0,20.0,1.0,0.7,0.6,-9.19,-9.19,-9.19,-9.19,1.0,0.0,20.0,1.0,0.7,0.6,7.71,7.71,7.71,7.71,1.0,0.0,20.0,1.0,0.7,0.6,1022.0,1022.0,1022.0,1022.0,1.0,0.0,20.0,1.0,0.7,0.6,,,,,,,,,,,,,,,,,,,,,,,,,,,,,,,,,,,,,,,,,,,,,,,,,,,,,,,,,,,,,,,,,,,,,,,,,,,,,,,,,,,,,,,,,,,,,,,,,,,,,,,,,,,,,,,,,,,,,,,,,,,,,,,,,,,,,,,,,,,,,,,,,,,,,,
1974,2,323.0,23.0,22.84,23.15,23.46,23.15,2.0,0.64,16.0,0.5,0.6,0.2,21.73,22.65,23.57,22.65,2.0,1.91,16.0,0.5,0.6,0.2,10.6,11.51,12.42,11.51,2.0,1.88,16.0,0.5,0.6,0.2,65.9,67.4,68.9,67.4,2.0,3.1,16.0,0.5,0.2,0.57,1.8,3.03,1.8,2.0,2.55,16.0,0.5,0.6,0.2,-3.03,-1.8,-0.57,-1.8,2.0,2.55,16.0,0.5,0.6,0.2,0.0,0.0,0.0,0.0,2.0,0.0,16.0,0.5,0.6,0.2,1018.14,1018.45,1018.76,1018.45,2.0,0.64,16.0,0.5,0.6,0.2,2.3,3.0,3.7,3.0,2.0,1.4,16.0,0.5,0.6,0.2,-10.9,-6.5,-2.1,-6.5,2.0,9.2,16.0,0.5,0.6,0.2,0.0,0.0,0.0,0.0,2.0,0.0,16.0,0.5,0.6,0.2,-0.11,0.5,1.11,0.5,2.0,1.27,16.0,0.5,0.6,0.2,0.8,2.5,4.2,2.5,2.0,3.6,16.0,0.5,0.6,0.2,5.5,6.07,6.64,6.07,2.0,1.18,16.0,0.5,0.6,0.2,3.9,12.4,20.9,12.4,2.0,17.6,16.0,0.5,0.6,0.2,-64.5,-38.3,-12.2,-38.3,2.0,54.2,16.0,0.5,0.6,0.2,0.0,0.0,0.0,0.0,2.0,0.0,16.0,0.5,0.6,0.2,-30.8,-18.3,-5.8,-18.3,2.0,25.9,16.0,0.5,0.6,0.2,0.0,0.0,0.0,0.0,2.0,0.0,16.0,0.5,0.6,0.2,-20.9,-12.4,-3.9,-12.4,2.0,17.6,16.0,0.5,0.6,0.2,0.0,0.0,0.0,0.0,2.0,0.0,16.0,0.5,0.6,0.2,7.5,23.5,39.5,23.5,2.0,33.0,16.0,0.5,0.6,0.2,5.0,25.0,40.0,25.0,2.0,35.0,16.0,0.5,0.6,0.2
1974,2,323.0,24.0,21.07,22.25,22.99,22.13,8.0,0.85,16.0,0.8,0.6,0.5,19.8,21.3,22.37,21.24,10.0,1.21,18.0,0.8,0.7,0.4,10.54,11.6,11.75,11.24,8.0,0.78,16.0,0.8,0.6,0.4,66.0,73.1,75.9,71.6,8.0,6.6,16.0,0.8,0.4,5.1,6.45,10.44,7.23,10.0,3.43,18.0,0.8,0.7,0.4,-7.84,-4.5,-1.7,-3.87,10.0,4.99,18.0,0.8,0.7,0.4,-7.05,0.0,0.44,-1.97,10.0,4.9,18.0,0.8,0.7,0.4,1018.5,1022.2,1024.34,1021.33,10.0,3.55,18.0,0.8,0.7,0.4,2.0,6.0,7.0,4.9,10.0,2.6,18.0,0.8,0.7,0.4,-62.5,-29.9,-8.6,-24.3,10.0,53.0,18.0,0.8,0.7,0.4,-75.8,0.0,0.4,-24.2,10.0,54.1,18.0,0.8,0.7,0.4,-0.18,0.25,1.79,0.83,8.0,1.27,16.0,0.8,0.6,0.5,-1.1,2.5,8.1,3.2,8.0,4.9,16.0,0.8,0.6,0.5,4.35,5.57,6.87,5.53,7.0,1.18,16.0,0.7,0.6,0.4,22.3,29.3,64.0,37.8,7.0,21.9,16.0,0.7,0.6,0.4,-171.2,-99.5,-35.4,-85.8,10.0,104.8,18.0,0.8,0.7,0.4,-139.9,0.0,8.7,-40.9,10.0,102.2,18.0,0.8,0.7,0.4,-90.8,-53.9,-36.6,-58.0,8.0,31.8,16.0,0.8,0.6,0.4,-34.3,0.0,7.2,-10.0,8.0,49.6,16.0,0.8,0.6,0.4,-49.2,-22.3,-11.2,-28.8,7.0,20.8,16.0,0.7,0.6,0.4,-20.0,0.0,6.0,-7.7,7.0,26.1,16.0,0.7,0.6,0.4,132.5,269.5,1169.5,607.5,10.0,692.0,18.0,0.8,0.7,0.4,135.0,270.0,1170.0,605.0,10.0,690.0,18.0,0.8,0.7,0.4
1974,2,323.0,25.0,22.0,22.0,22.68,22.33,3.0,0.58,18.0,0.3,0.2,0.4,20.72,21.2,21.75,21.23,3.0,0.75,18.0,0.3,0.2,0.4,11.18,12.44,12.58,11.89,3.0,1.13,18.0,0.3,0.2,0.4,73.7,78.0,79.7,76.7,3.0,4.6,18.0,0.3,0.4,4.76,5.1,7.97,6.33,3.0,2.58,18.0,0.3,0.2,0.4,-6.94,-4.53,-4.45,-5.67,3.0,2.07,18.0,0.3,0.2,0.4,1.35,2.55,3.98,2.67,3.0,1.93,18.0,0.3,0.2,0.4,1024.69,1025.3,1026.46,1025.57,3.0,1.32,18.0,0.3,0.2,0.4,4.6,6.0,6.7,5.7,3.0,1.5,18.0,0.3,0.2,0.4,-58.3,-22.5,-21.4,-39.4,3.0,30.7,18.0,0.3,0.2,0.4,6.6,13.0,33.6,20.0,3.0,20.7,18.0,0.3,0.2,0.4,0.48,1.5,1.7,1.1,3.0,0.96,18.0,0.3,0.2,0.4,2.4,7.7,8.1,5.3,3.0,4.6,18.0,0.3,0.2,0.4,4.0,4.87,5.42,4.72,3.0,1.05,18.0,0.3,0.2,0.4,24.5,29.0,32.0,28.3,3.0,5.5,18.0,0.3,0.2,0.4,-151.4,-96.0,-92.3,-121.3,3.0,48.5,18.0,0.3,0.2,0.4,28.2,52.3,86.4,57.2,3.0,42.9,18.0,0.3,0.2,0.4,-87.4,-56.4,-49.8,-68.3,3.0,29.4,18.0,0.3,0.2,0.4,15.4,27.0,48.7,31.9,3.0,24.8,18.0,0.3,0.2,0.4,-27.7,-25.1,-23.0,-25.4,3.0,3.4,18.0,0.3,0.2,0.4,7.3,14.5,16.0,11.7,3.0,6.8,18.0,0.3,0.2,0.4,108.5,132.5,591.0,345.0,3.0,398.5,18.0,0.3,0.2,0.4,110.0,135.0,590.0,345.0,3.0,400.0,18.0,0.3,0.2,0.4
1974,2,323.0,26.0,21.0,21.0,21.69,21.14,8.0,0.67,12.0,0.4,0.6,0.6,20.2,20.65,22.44,21.25,8.0,1.46,12.0,0.4,0.6,0.6,9.26,10.82,11.49,10.36,5.0,1.72,8.0,0.2,0.6,0.7,62.4,70.6,73.5,67.8,5.0,9.6,8.0,0.2,0.7,5.2,8.0,10.19,8.41,8.0,3.66,12.0,0.4,0.6,0.6,-9.16,-7.7,-4.5,-7.63,8.0,3.91,12.0,0.4,0.6,0.6,-2.77,-1.27,3.13,-0.11,8.0,3.52,12.0,0.4,0.6,0.6,1023.56,1024.6,1025.86,1024.69,8.0,1.18,12.0,0.4,0.6,0.6,2.9,6.0,7.0,4.9,7.0,2.9,10.0,0.4,0.6,0.6,-85.9,-62.1,-23.5,-76.4,8.0,75.9,12.0,0.4,0.6,0.6,-21.5,-6.5,14.4,-1.6,8.0,33.5,12.0,0.4,0.6,0.6,-1.44,0.1,1.46,-0.11,8.0,1.68,12.0,0.4,0.6,0.6,-13.5,0.3,10.6,-0.5,8.0,15.4,12.0,0.4,0.6,0.6,3.82,5.05,5.67,4.84,5.0,1.27,8.0,0.2,0.6,0.7,27.7,30.5,37.2,32.2,5.0,7.1,8.0,0.2,0.6,0.7,-207.3,-165.4,-91.5,-162.9,8.0,81.8,12.0,0.4,0.6,0.6,-57.1,-26.0,63.3,-1.0,8.0,74.6,12.0,0.4,0.6,0.6,-96.9,-56.2,-32.1,-64.0,5.0,35.5,8.0,0.2,0.6,0.7,-24.0,0.0,50.0,11.7,5.0,43.3,8.0,0.2,0.6,0.7,-31.2,-29.5,-22.2,-26.8,5.0,7.0,8.0,0.2,0.6,0.7,-15.9,0.0,21.3,2.6,5.0,19.8,8.0,0.2,0.6,0.7,142.0,512.0,1060.5,933.0,8.0,1323.0,12.0,0.4,0.6,0.6,140.0,510.0,1060.0,935.0,8.0,1325.0,12.0,0.4,0.6,0.6
1974,2,323.0,27.0,20.51,20.8,21.64,21.14,8.0,0.86,10.0,0.6,0.4,0.5,19.79,20.8,21.05,20.57,7.0,0.86,10.0,0.7,0.4,0.6,9.33,10.99,12.23,10.85,6.0,1.96,12.0,0.8,0.4,0.6,65.5,74.7,80.7,72.7,6.0,13.3,12.0,0.8,0.6,3.05,6.7,8.2,5.66,7.0,2.63,10.0,0.6,0.4,0.5,-8.08,-5.8,-1.97,-5.06,7.0,3.04,10.0,0.6,0.4,0.5,-2.41,-0.72,1.52,-0.41,7.0,2.24,10.0,0.6,0.4,0.5,1023.06,1025.3,1025.58,1024.9,8.0,1.63,10.0,0.6,0.4,0.5,3.0,4.5,7.9,5.0,8.0,2.4,10.0,0.6,0.4,0.5,-66.2,-38.9,-6.1,-35.3,7.0,29.3,10.0,0.6,0.4,0.5,-11.2,-1.5,12.2,0.3,7.0,12.6,10.0,0.6,0.4,0.5,-0.51,0.7,1.0,0.3,7.0,0.8,10.0,0.7,0.4,0.6,-3.2,0.3,4.1,0.1,6.0,4.2,10.0,0.7,0.4,0.5,2.84,3.86,5.7,4.31,6.0,1.89,12.0,0.8,0.4,0.6,15.3,24.8,41.0,28.3,5.0,18.2,12.0,0.8,0.4,0.5,-168.9,-78.4,-38.6,-94.9,6.0,64.6,10.0,0.7,0.4,0.5,-52.1,-22.1,13.7,-14.7,6.0,45.5,10.0,0.7,0.4,0.5,-74.2,-58.7,-21.4,-51.5,5.0,31.8,12.0,0.8,0.4,0.5,-28.9,-16.9,12.4,-8.3,5.0,26.4,12.0,0.8,0.4,0.5,-38.3,-24.4,-8.1,-24.9,5.0,20.4,12.0,0.8,0.4,0.5,-10.4,-4.3,5.8,-2.4,5.0,11.8,12.0,0.8,0.4,0.5,29.0,301.0,551.5,278.0,7.0,248.0,10.0,0.6,0.4,0.5,30.0,300.0,550.0,280.0,7.0,250.0,10.0,0.6,0.4,0.5
1974,2,323.0,28.0,20.0,21.0,21.28,20.9,11.0,0.92,12.0,0.7,0.4,0.6,19.67,20.8,22.08,20.7,11.0,1.43,12.0,0.7,0.4,0.6,10.31,10.58,13.23,11.23,7.0,1.59,12.0,0.7,0.4,0.6,67.3,71.9,78.8,72.5,8.0,7.0,14.0,0.6,0.6,2.15,4.1,7.91,4.85,11.0,2.92,12.0,0.7,0.4,0.6,-6.74,-2.6,0.27,-2.37,11.0,4.69,12.0,0.7,0.4,0.6,-2.03,0.0,2.71,0.14,11.0,2.48,12.0,0.7,0.4,0.6,1022.28,1026.6,1027.67,1025.71,10.0,3.36,10.0,0.8,0.4,0.6,1.6,4.0,6.8,4.2,11.0,2.7,12.0,0.7,0.4,0.6,-51.0,-6.8,1.0,-16.2,11.0,40.8,12.0,0.7,0.4,0.6,-11.4,0.0,10.5,-0.4,11.0,13.7,12.0,0.7,0.4,0.6,-1.32,0.4,1.31,0.2,11.0,1.49,12.0,0.7,0.4,0.6,-5.3,0.6,4.0,0.4,11.0,8.9,12.0,0.7,0.4,0.6,1.98,3.98,4.97,3.87,7.0,1.73,12.0,0.7,0.4,0.6,7.3,13.7,17.0,14.3,7.0,7.9,12.0,0.7,0.4,0.6,-142.8,-45.8,6.3,-48.1,11.0,101.1,12.0,0.7,0.4,0.6,-43.9,0.0,55.5,2.8,11.0,51.8,12.0,0.7,0.4,0.6,-35.9,-12.2,2.3,-12.4,7.0,60.8,12.0,0.7,0.4,0.6,-16.5,-10.2,28.0,1.8,7.0,27.8,12.0,0.7,0.4,0.6,-12.5,-5.6,-0.5,-4.5,7.0,9.6,12.0,0.7,0.4,0.6,-4.8,-3.3,11.4,3.3,7.0,13.1,12.0,0.7,0.4,0.6,11.5,69.0,495.5,236.0,11.0,321.5,12.0,0.7,0.4,0.6,10.0,70.0,495.0,235.0,11.0,320.0,12.0,0.7,0.4,0.6
1974,2,323.0,29.0,20.05,20.8,22.0,20.98,17.0,1.14,16.0,0.5,0.7,0.4,19.27,20.0,20.84,20.08,17.0,0.93,16.0,0.5,0.7,0.4,9.77,10.46,11.71,10.54,11.0,1.47,14.0,0.5,0.7,0.3,66.6,75.2,81.7,74.1,11.0,10.0,14.0,0.5,0.3,1.4,5.1,8.4,5.16,17.0,3.42,16.0,0.5,0.7,0.4,-5.18,-3.1,0.0,-2.91,17.0,3.35,16.0,0.5,0.7,0.4,-1.31,1.67,4.8,1.54,17.0,4.15,16.0,0.5,0.7,0.4,1023.07,1025.4,1027.27,1025.08,17.0,3.06,16.0,0.5,0.7,0.4,1.5,5.0,6.0,4.4,17.0,2.1,16.0,0.5,0.7,0.4,-30.5,-14.6,0.0,-21.4,17.0,33.8,16.0,0.5,0.7,0.4,-7.5,4.5,26.1,6.9,17.0,37.8,16.0,0.5,0.7,0.4,0.0,0.5,2.34,0.91,17.0,1.22,16.0,0.5,0.7,0.4,0.0,0.5,12.9,3.5,17.0,6.8,16.0,0.5,0.7,0.4,3.11,4.98,6.61,5.02,11.0,1.96,14.0,0.5,0.7,0.3,4.5,22.1,33.7,20.1,11.0,15.5,14.0,0.5,0.7,0.3,-106.5,-60.4,0.0,-58.9,17.0,68.9,16.0,0.5,0.7,0.4,-24.4,33.9,94.9,30.2,17.0,83.4,16.0,0.5,0.7,0.4,-50.4,-32.4,0.0,-27.0,11.0,26.8,14.0,0.5,0.7,0.3,0.0,19.9,40.2,19.4,11.0,22.4,14.0,0.5,0.7,0.3,-30.9,-11.5,0.0,-14.5,11.0,15.5,14.0,0.5,0.7,0.3,0.0,6.0,18.9,6.2,11.0,13.1,14.0,0.5,0.7,0.3,9.5,132.5,635.0,314.5,17.0,471.0,16.0,0.5,0.7,0.4,10.0,135.0,635.0,315.0,17.0,470.0,16.0,0.5,0.7,0.4
1974,2,323.0,30.0,19.37,20.0,21.0,20.14,19.0,0.85,14.0,0.6,0.6,0.6,18.77,20.5,21.57,20.12,22.0,1.86,14.0,0.6,0.6,0.5,9.06,10.02,12.67,10.53,19.0,1.85,16.0,0.6,0.6,0.6,61.3,71.3,82.2,72.2,19.0,11.5,16.0,0.6,0.6,4.6,5.1,7.7,5.81,22.0,2.47,14.0,0.6,0.6,0.5,-5.28,-2.92,3.75,-1.57,22.0,4.9,14.0,0.6,0.6,0.5,-2.76,2.17,4.52,1.21,22.0,3.65,14.0,0.6,0.6,0.5,1023.77,1027.9,1028.97,1025.88,22.0,6.03,14.0,0.6,0.6,0.5,3.0,5.0,7.0,4.7,21.0,2.2,16.0,0.6,0.6,0.6,-31.8,-13.4,22.6,-5.7,22.0,41.2,14.0,0.6,0.6,0.5,-12.6,13.3,28.0,6.9,22.0,28.5,14.0,0.6,0.6,0.5,-1.21,-0.3,0.54,-0.41,19.0,1.0,14.0,0.6,0.6,0.6,-6.2,-1.4,2.8,-2.9,19.0,6.8,14.0,0.6,0.6,0.6,1.78,4.04,5.75,3.81,18.0,1.83,14.0,0.7,0.6,0.6,5.7,21.6,35.5,20.9,18.0,13.6,14.0,0.7,0.6,0.6,-116.7,-61.3,60.5,-35.7,22.0,97.6,14.0,0.6,0.6,0.5,-49.9,43.6,93.0,26.6,22.0,70.1,14.0,0.6,0.6,0.5,-60.9,-25.2,26.9,-17.4,19.0,54.0,16.0,0.6,0.6,0.6,-8.0,21.3,50.7,16.6,19.0,35.9,16.0,0.6,0.6,0.6,-28.0,-12.4,1.2,-8.8,18.0,19.4,14.0,0.7,0.6,0.6,-0.7,3.5,15.8,4.4,18.0,13.0,14.0,0.7,0.6,0.6,97.5,132.5,456.5,300.0,22.0,341.5,14.0,0.6,0.6,0.5,95.0,135.0,455.0,300.0,22.0,340.0,14.0,0.6,0.6,0.5
1974,2,323.0,31.0,18.37,19.9,20.73,19.64,12.0,1.42,14.0,0.7,0.5,0.6,18.81,20.0,21.55,19.85,13.0,1.49,16.0,0.6,0.5,0.6,8.93,10.71,13.35,11.11,11.0,2.33,16.0,0.6,0.5,0.6,67.9,80.1,91.4,78.8,11.0,12.8,16.0,0.6,0.6,4.1,5.9,9.3,6.68,14.0,3.12,14.0,0.6,0.5,0.6,-4.35,-1.82,4.28,-0.46,14.0,5.29,14.0,0.6,0.5,0.6,-1.13,3.73,7.09,3.12,14.0,4.36,14.0,0.6,0.5,0.6,1020.91,1023.55,1027.36,1022.22,14.0,7.88,14.0,0.6,0.5,0.6,2.1,5.5,7.9,5.1,14.0,2.6,14.0,0.6,0.5,0.6,-21.9,-7.5,37.3,2.4,14.0,54.0,14.0,0.6,0.5,0.6,-4.1,16.4,66.2,24.6,14.0,40.5,14.0,0.6,0.5,0.6,-1.0,-0.6,1.04,-0.46,11.0,1.49,16.0,0.6,0.5,0.6,-10.5,-4.6,5.5,-3.4,11.0,8.8,16.0,0.6,0.5,0.6,0.57,3.64,5.0,2.85,9.0,2.17,16.0,0.7,0.5,0.6,6.4,14.9,25.6,18.6,9.0,17.1,16.0,0.7,0.5,0.6,-93.5,-39.1,72.1,-16.6,13.0,104.9,16.0,0.6,0.5,0.6,-28.3,63.4,128.9,58.5,13.0,85.9,16.0,0.6,0.5,0.6,-53.6,-19.8,53.5,-1.5,11.0,67.3,16.0,0.6,0.5,0.6,-19.8,33.6,80.2,36.1,11.0,54.2,16.0,0.6,0.5,0.6,-16.6,-4.8,4.2,-9.2,9.0,17.5,16.0,0.7,0.5,0.6,-14.9,3.1,10.9,0.4,9.0,16.6,16.0,0.7,0.5,0.6,69.0,216.5,804.5,489.0,14.0,573.0,14.0,0.6,0.5,0.6,70.0,215.0,805.0,490.0,14.0,575.0,14.0,0.6,0.5,0.6
1974,2,323.0,32.0,18.0,19.0,19.88,19.07,11.0,0.78,14.0,0.0,0.5,0.5,17.72,19.0,19.63,18.42,13.0,1.62,16.0,0.1,0.5,0.5,9.53,11.24,12.27,10.86,11.0,1.86,14.0,0.0,0.5,0.5,73.9,85.3,92.9,82.7,11.0,11.3,14.0,0.0,0.5,2.45,7.2,13.14,7.82,13.0,4.94,16.0,0.1,0.5,0.5,-4.66,1.16,6.01,0.13,13.0,6.51,16.0,0.1,0.5,0.5,-7.24,0.87,3.6,-0.93,13.0,6.88,16.0,0.1,0.5,0.5,1022.28,1025.5,1029.55,1025.08,13.0,4.81,16.0,0.1,0.5,0.5,2.6,6.0,7.4,5.2,11.0,2.5,16.0,0.1,0.6,0.6,-41.3,5.9,38.7,-6.6,13.0,76.8,16.0,0.1,0.5,0.5,-59.6,0.9,25.7,-25.2,13.0,90.5,16.0,0.1,0.5,0.5,-0.94,0.7,1.41,0.57,11.0,1.54,14.0,0.0,0.5,0.5,-3.9,4.3,13.0,8.0,11.0,19.5,14.0,0.0,0.5,0.5,1.13,2.41,4.42,2.71,11.0,1.96,14.0,0.0,0.5,0.5,3.0,17.4,28.8,20.9,11.0,26.9,14.0,0.0,0.5,0.5,-84.1,20.7,108.1,1.0,13.0,117.8,16.0,0.1,0.5,0.5,-124.1,16.5,61.7,-12.7,13.0,120.5,16.0,0.1,0.5,0.5,-80.5,12.1,60.6,-4.4,11.0,78.4,14.0,0.0,0.5,0.5,-32.5,10.7,49.4,7.1,11.0,51.5,14.0,0.0,0.5,0.5,-15.9,3.0,4.3,0.0,11.0,20.2,14.0,0.0,0.5,0.5,-11.3,0.0,8.8,-5.7,11.0,27.6,14.0,0.0,0.5,0.5,16.0,373.0,2290.5,1029.5,13.0,1347.5,16.0,0.1,0.5,0.5,15.0,375.0,2290.0,1030.0,13.0,1345.0,16.0,0.1,0.5,0.5
1974,2,323.0,33.0,17.68,18.4,20.0,18.53,18.0,1.1,12.0,0.4,0.5,0.5,17.76,18.5,19.65,18.62,18.0,1.23,12.0,0.4,0.5,0.5,9.46,10.43,11.57,10.56,15.0,1.55,12.0,0.5,0.5,0.6,72.9,80.0,89.8,79.7,15.0,9.1,12.0,0.5,0.6,2.95,5.1,10.95,6.51,18.0,3.85,12.0,0.4,0.5,0.5,-2.27,1.98,3.91,1.59,18.0,3.15,12.0,0.4,0.5,0.5,1.47,3.37,7.99,3.77,18.0,5.66,12.0,0.4,0.5,0.5,1020.26,1022.45,1028.66,1023.58,18.0,4.17,12.0,0.4,0.5,0.5,2.5,6.0,7.0,5.3,17.0,2.3,12.0,0.5,0.6,0.5,-8.3,8.2,36.1,16.4,18.0,30.2,12.0,0.4,0.5,0.5,4.4,15.7,79.0,23.3,18.0,75.3,12.0,0.4,0.5,0.5,-1.06,-0.1,1.23,-0.09,18.0,1.25,12.0,0.4,0.5,0.5,-8.0,-0.3,5.3,-1.3,18.0,9.0,12.0,0.4,0.5,0.5,0.32,2.87,3.79,2.51,15.0,1.55,12.0,0.5,0.5,0.6,2.3,11.7,27.2,16.0,15.0,16.2,12.0,0.5,0.5,0.6,-41.5,37.1,69.2,29.6,18.0,58.8,12.0,0.4,0.5,0.5,25.8,63.4,162.0,73.7,18.0,99.6,12.0,0.4,0.5,0.5,-17.9,21.9,41.4,15.0,15.0,26.4,12.0,0.5,0.5,0.6,16.3,34.6,99.2,42.6,15.0,59.6,12.0,0.5,0.5,0.6,-6.9,0.5,6.2,1.2,15.0,8.0,12.0,0.5,0.5,0.6,0.3,7.3,19.1,6.1,15.0,20.8,12.0,0.5,0.5,0.6,26.0,132.5,1315.0,593.5,18.0,943.5,12.0,0.4,0.5,0.5,25.0,135.0,1315.0,595.0,18.0,945.0,12.0,0.4,0.5,0.5
1974,2,323.0,34.0,16.49,17.25,18.09,17.13,18.0,1.26,12.0,0.4,0.7,0.3,15.67,17.15,18.9,17.09,18.0,1.71,12.0,0.4,0.7,0.3,7.26,9.66,11.27,9.39,16.0,1.78,12.0,0.4,0.7,0.3,63.2,79.4,86.7,76.5,17.0,10.4,14.0,0.4,0.3,3.1,6.2,10.99,6.89,17.0,3.98,12.0,0.4,0.7,0.3,-1.67,2.37,4.85,1.97,17.0,3.38,12.0,0.4,0.7,0.3,-5.58,1.99,6.63,0.77,17.0,7.08,12.0,0.4,0.7,0.3,1016.69,1019.9,1026.89,1021.78,17.0,5.03,12.0,0.4,0.7,0.3,1.0,3.5,6.3,3.7,18.0,2.4,12.0,0.4,0.7,0.3,-11.6,7.4,31.0,14.5,17.0,40.2,12.0,0.4,0.7,0.3,-43.1,6.2,46.1,-0.8,17.0,87.8,12.0,0.4,0.7,0.3,-1.53,-0.5,1.62,0.04,18.0,2.17,12.0,0.4,0.7,0.3,-11.3,-3.3,5.6,3.7,17.0,27.3,12.0,0.4,0.7,0.3,0.87,2.2,4.57,2.58,16.0,1.95,12.0,0.4,0.7,0.3,4.1,12.5,27.8,15.9,15.0,15.2,12.0,0.4,0.7,0.3,-28.3,43.2,83.1,31.2,17.0,55.6,12.0,0.4,0.7,0.3,-87.3,36.3,116.0,22.6,17.0,114.7,12.0,0.4,0.7,0.3,-17.0,23.0,29.4,10.8,15.0,27.6,12.0,0.4,0.7,0.3,-22.0,20.4,77.9,25.8,15.0,59.1,12.0,0.4,0.7,0.3,-2.7,1.8,18.7,5.5,15.0,11.6,12.0,0.4,0.7,0.3,-14.8,3.6,10.3,-2.3,15.0,18.1,12.0,0.4,0.7,0.3,30.0,238.5,1346.5,697.5,17.0,1225.0,12.0,0.4,0.7,0.3,30.0,240.0,1345.0,700.0,17.0,1225.0,12.0,0.4,0.7,0.3
1974,2,323.0,35.0,16.0,17.5,20.0,17.63,19.0,1.73,18.0,0.5,0.5,0.6,14.41,16.65,18.4,16.46,20.0,2.05,18.0,0.6,0.5,0.6,7.23,8.69,11.23,9.33,19.0,1.86,18.0,0.5,0.5,0.6,70.9,83.1,88.3,80.0,19.0,10.7,18.0,0.5,0.6,5.1,8.2,12.88,8.81,20.0,3.93,18.0,0.6,0.5,0.6,0.0,2.65,6.67,3.28,20.0,4.07,18.0,0.6,0.5,0.6,-8.73,1.73,7.22,-0.78,20.0,8.28,18.0,0.6,0.5,0.6,1014.37,1020.0,1026.24,1020.5,21.0,5.55,18.0,0.6,0.5,0.6,3.0,6.0,8.0,5.4,21.0,2.6,18.0,0.6,0.5,0.6,0.0,17.4,66.1,35.2,20.0,50.1,18.0,0.6,0.5,0.6,-81.3,5.3,55.6,-15.4,20.0,102.4,18.0,0.6,0.5,0.6,-0.83,0.55,3.64,1.03,18.0,2.5,18.0,0.5,0.5,0.6,-4.0,6.2,23.6,13.4,17.0,30.0,18.0,0.5,0.5,0.6,1.09,3.14,5.23,3.03,18.0,1.86,18.0,0.5,0.5,0.6,7.4,25.3,39.4,28.6,17.0,23.0,18.0,0.5,0.5,0.6,0.0,46.7,120.1,49.4,19.0,61.1,18.0,0.5,0.5,0.6,-125.0,23.7,105.5,-11.1,19.0,132.8,18.0,0.5,0.5,0.6,0.0,26.3,62.2,27.9,18.0,35.5,18.0,0.5,0.5,0.6,-61.9,12.8,72.1,5.0,18.0,72.6,18.0,0.5,0.5,0.6,0.0,6.7,26.9,13.2,17.0,21.0,18.0,0.5,0.5,0.6,-32.1,3.9,13.1,-9.4,17.0,26.0,18.0,0.5,0.5,0.6,132.5,557.5,2139.0,1085.0,20.0,1232.0,18.0,0.6,0.5,0.6,135.0,560.0,2140.0,1085.0,20.0,1230.0,18.0,0.6,0.5,0.6
1974,2,323.0,36.0,16.41,17.2,18.0,17.19,18.0,0.95,18.0,0.3,0.5,0.5,13.96,15.7,17.66,15.86,19.0,1.85,18.0,0.3,0.6,0.4,6.11,9.81,11.6,9.2,19.0,2.49,18.0,0.3,0.6,0.4,65.2,87.9,94.5,81.4,19.0,14.7,18.0,0.3,0.4,4.96,8.2,9.87,7.85,19.0,3.86,18.0,0.3,0.6,0.4,0.0,3.35,5.37,2.15,19.0,4.37,18.0,0.3,0.6,0.4,-5.32,3.99,8.34,2.96,19.0,6.83,18.0,0.3,0.6,0.4,1017.37,1021.0,1027.3,1022.18,19.0,4.89,18.0,0.3,0.6,0.4,3.0,6.0,8.0,5.7,18.0,2.3,16.0,0.3,0.6,0.4,0.0,12.9,45.0,21.8,19.0,52.6,18.0,0.3,0.6,0.4,-29.6,24.7,70.5,35.4,19.0,86.3,18.0,0.3,0.6,0.4,-0.72,1.15,3.36,1.28,18.0,1.9,18.0,0.3,0.5,0.5,-4.5,5.3,25.5,6.9,18.0,17.5,18.0,0.3,0.5,0.5,0.59,2.88,5.65,2.96,18.0,2.4,18.0,0.3,0.5,0.5,3.5,14.6,33.0,18.9,18.0,21.1,18.0,0.3,0.5,0.5,0.0,52.1,88.1,38.1,19.0,73.9,18.0,0.3,0.6,0.4,-69.9,65.8,142.2,54.9,19.0,112.7,18.0,0.3,0.6,0.4,0.0,20.5,56.7,23.9,19.0,46.4,18.0,0.3,0.6,0.4,-31.1,40.2,98.1,38.8,19.0,70.0,18.0,0.3,0.6,0.4,-4.0,3.1,12.5,2.1,18.0,15.5,18.0,0.3,0.5,0.5,-27.1,1.9,9.6,-5.3,18.0,23.4,18.0,0.3,0.5,0.5,123.5,551.5,963.0,858.5,19.0,1507.0,18.0,0.3,0.6,0.4,125.0,550.0,965.0,860.0,19.0,1505.0,18.0,0.3,0.6,0.4
1974,2,323.0,37.0,15.53,16.2,17.77,16.51,22.0,1.23,18.0,0.6,0.6,0.4,14.8,16.5,17.6,16.17,23.0,1.7,18.0,0.6,0.5,0.4,7.04,8.93,10.96,9.05,20.0,1.92,18.0,0.5,0.5,0.4,68.7,82.4,92.0,80.4,20.0,12.5,18.0,0.5,0.4,4.27,8.45,10.63,8.05,22.0,3.54,18.0,0.5,0.5,0.4,-4.72,1.83,4.73,0.57,22.0,4.14,18.0,0.5,0.5,0.4,-7.9,-1.24,9.08,0.23,22.0,7.93,18.0,0.5,0.5,0.4,1017.65,1026.0,1029.25,1024.29,23.0,5.3,18.0,0.6,0.5,0.4,1.3,5.5,8.0,4.9,22.0,2.8,18.0,0.5,0.5,0.4,-49.8,9.7,27.9,1.3,22.0,38.9,18.0,0.5,0.5,0.4,-69.5,-5.3,89.6,4.0,22.0,91.5,18.0,0.5,0.5,0.4,-1.43,0.05,2.47,0.38,22.0,2.1,18.0,0.6,0.6,0.4,-12.6,0.9,27.8,5.5,21.0,17.3,18.0,0.6,0.6,0.4,0.28,3.25,4.84,2.69,19.0,1.96,16.0,0.5,0.6,0.4,2.4,19.0,45.6,22.5,18.0,20.4,18.0,0.5,0.6,0.4,-74.8,29.2,76.4,9.4,22.0,65.4,18.0,0.5,0.5,0.4,-108.1,-19.7,160.1,10.5,22.0,125.5,18.0,0.5,0.5,0.4,-35.3,17.0,36.0,6.2,19.0,33.5,18.0,0.5,0.5,0.4,-60.9,-8.2,99.9,18.8,19.0,73.6,18.0,0.5,0.5,0.4,-14.8,2.0,11.2,-1.1,18.0,17.0,18.0,0.5,0.6,0.4,-30.9,-5.8,4.1,-7.9,18.0,24.4,18.0,0.5,0.6,0.4,78.5,605.0,1204.0,818.0,22.0,931.5,18.0,0.5,0.5,0.4,80.0,605.0,1205.0,820.0,22.0,930.0,18.0,0.5,0.5,0.4
1974,2,323.0,38.0,15.49,16.7,18.0,16.6,13.0,1.05,14.0,0.4,0.5,0.5,14.3,16.0,17.03,15.75,15.0,2.05,16.0,0.4,0.5,0.4,6.5,10.22,10.98,9.25,14.0,1.96,16.0,0.4,0.5,0.4,70.3,86.9,90.2,82.9,14.0,12.4,16.0,0.4,0.4,6.7,8.2,14.21,9.35,16.0,3.93,16.0,0.4,0.6,0.4,-1.58,4.31,7.72,3.84,16.0,5.35,16.0,0.4,0.6,0.4,-2.35,2.52,10.79,3.24,16.0,7.29,16.0,0.4,0.6,0.4,1013.2,1020.5,1027.43,1020.57,16.0,6.66,16.0,0.4,0.6,0.4,2.0,3.5,8.0,4.3,14.0,2.8,16.0,0.5,0.5,0.4,-14.3,32.2,85.4,44.2,16.0,70.1,16.0,0.4,0.6,0.4,-15.0,24.5,136.9,39.0,16.0,93.6,16.0,0.4,0.6,0.4,-0.51,0.0,2.01,1.04,13.0,2.34,14.0,0.4,0.5,0.5,-4.0,0.0,22.3,8.8,13.0,17.5,14.0,0.4,0.5,0.5,0.96,1.76,4.33,2.29,12.0,1.82,14.0,0.4,0.5,0.5,7.0,19.2,39.4,22.7,12.0,17.1,14.0,0.4,0.5,0.5,-18.6,76.1,129.2,69.5,15.0,75.6,16.0,0.4,0.5,0.4,-8.3,38.0,181.0,69.5,15.0,108.2,16.0,0.4,0.5,0.4,-13.5,43.9,84.3,40.4,14.0,48.1,16.0,0.4,0.5,0.4,0.0,40.8,117.3,48.1,14.0,66.7,16.0,0.4,0.5,0.4,-3.5,4.7,29.4,7.2,12.0,19.5,14.0,0.4,0.5,0.5,-5.2,6.0,17.9,2.1,12.0,20.4,14.0,0.4,0.5,0.5,301.0,551.5,2871.5,1241.5,16.0,1324.5,16.0,0.4,0.6,0.4,300.0,550.0,2870.0,1240.0,16.0,1325.0,16.0,0.4,0.6,0.4
1974,2,323.0,39.0,15.6,16.3,18.0,16.57,10.0,1.23,14.0,0.5,0.4,0.6,12.44,14.5,17.13,14.83,12.0,2.46,14.0,0.6,0.4,0.6,4.61,8.53,10.54,7.95,9.0,2.97,14.0,0.6,0.5,0.6,47.9,80.9,89.7,73.5,9.0,20.6,14.0,0.6,0.6,2.6,7.45,10.47,7.26,12.0,4.2,14.0,0.6,0.4,0.6,-2.85,0.44,8.73,2.26,12.0,5.89,14.0,0.6,0.4,0.6,-1.49,1.99,9.03,3.27,12.0,4.8,14.0,0.6,0.4,0.6,1011.42,1021.0,1027.87,1018.92,11.0,10.09,12.0,0.5,0.4,0.6,3.0,7.0,8.0,5.9,12.0,2.5,14.0,0.6,0.4,0.6,-8.9,1.2,87.0,32.9,12.0,68.1,14.0,0.6,0.4,0.6,-6.7,9.2,90.9,38.2,12.0,50.9,14.0,0.6,0.4,0.6,-1.47,1.8,4.51,1.68,10.0,3.09,14.0,0.5,0.4,0.6,-13.7,8.8,17.6,4.4,10.0,15.9,14.0,0.5,0.4,0.6,1.23,2.74,6.73,3.42,8.0,2.86,14.0,0.5,0.5,0.6,11.0,16.0,32.1,18.5,8.0,16.4,14.0,0.5,0.5,0.6,-34.8,5.1,152.0,41.5,12.0,92.3,14.0,0.6,0.4,0.6,-18.4,31.1,140.1,56.1,12.0,77.2,14.0,0.6,0.4,0.6,-13.1,2.9,64.1,25.5,9.0,48.4,14.0,0.6,0.5,0.6,-7.1,55.3,92.4,41.4,9.0,50.4,14.0,0.6,0.5,0.6,-12.2,3.1,8.1,-1.3,8.0,22.1,14.0,0.5,0.5,0.6,-9.7,-1.2,16.0,0.6,8.0,13.0,14.0,0.5,0.5,0.6,17.5,426.0,1283.0,760.5,12.0,1024.0,14.0,0.6,0.4,0.6,20.0,425.0,1285.0,760.0,12.0,1025.0,14.0,0.6,0.4,0.6
1974,2,323.0,40.0,13.48,14.3,15.28,14.33,6.0,0.98,14.0,0.8,0.5,0.6,12.89,15.0,16.05,14.59,7.0,2.15,12.0,0.7,0.5,0.5,8.44,9.85,10.22,9.36,5.0,1.33,14.0,0.8,0.5,0.5,86.2,87.9,92.4,89.1,5.0,3.6,14.0,0.8,0.5,12.73,13.9,18.17,14.73,7.0,3.95,12.0,0.7,0.5,0.5,4.64,9.0,13.55,9.34,7.0,5.0,12.0,0.7,0.5,0.5,-0.21,13.06,13.97,8.27,7.0,7.88,12.0,0.7,0.5,0.5,1004.24,1011.0,1024.91,1013.67,7.0,10.08,12.0,0.7,0.5,0.5,4.0,5.5,7.2,5.7,6.0,1.6,12.0,0.7,0.5,0.6,64.5,156.4,188.1,146.0,7.0,109.1,12.0,0.7,0.5,0.5,-2.7,181.6,281.5,136.3,7.0,138.6,12.0,0.7,0.5,0.5,-2.52,-1.45,1.19,-0.52,6.0,2.93,14.0,0.8,0.5,0.6,-40.5,-21.3,15.5,-12.4,6.0,44.3,14.0,0.8,0.5,0.6,-0.36,0.81,1.95,0.93,5.0,1.67,14.0,0.8,0.5,0.5,-6.5,8.8,24.6,10.5,5.0,22.7,14.0,0.8,0.5,0.5,74.2,128.5,179.4,134.7,7.0,78.8,12.0,0.7,0.5,0.5,-2.2,206.8,232.5,133.1,7.0,118.0,12.0,0.7,0.5,0.5,38.6,65.4,119.2,79.8,5.0,58.3,14.0,0.8,0.5,0.5,23.3,128.6,141.3,87.4,5.0,75.9,14.0,0.8,0.5,0.5,-4.0,2.0,20.6,8.7,5.0,21.0,14.0,0.8,0.5,0.5,-10.7,-3.3,7.7,-2.0,5.0,10.8,14.0,0.8,0.5,0.5,2082.5,2685.5,6035.0,3814.0,7.0,3150.0,12.0,0.7,0.5,0.5,2085.0,2685.0,6035.0,3815.0,7.0,3150.0,12.0,0.7,0.5,0.5
1974,2,323.0,41.0,13.61,14.25,15.0,14.41,14.0,0.99,14.0,0.4,0.5,0.4,9.4,12.0,14.18,11.99,17.0,2.49,14.0,0.4,0.5,0.5,4.71,6.05,8.36,6.47,11.0,1.87,14.0,0.4,0.5,0.4,60.0,68.4,88.5,74.1,11.0,13.6,14.0,0.4,0.4,7.55,11.8,17.65,12.91,17.0,6.11,14.0,0.4,0.5,0.5,3.43,9.85,15.67,10.0,17.0,7.27,14.0,0.4,0.5,0.5,-4.92,1.67,7.86,1.57,17.0,7.26,14.0,0.4,0.5,0.5,1005.38,1013.6,1024.85,1014.55,15.0,10.98,14.0,0.4,0.5,0.4,3.0,8.0,8.0,6.2,15.0,2.4,14.0,0.3,0.5,0.4,18.3,120.0,249.5,164.6,17.0,182.5,14.0,0.4,0.5,0.5,-47.9,4.3,116.5,25.7,17.0,111.7,14.0,0.4,0.5,0.5,0.01,1.5,4.44,1.95,14.0,2.62,14.0,0.4,0.5,0.4,0.3,12.1,63.2,23.0,14.0,30.7,14.0,0.4,0.5,0.4,1.48,4.38,5.27,3.76,10.0,2.21,14.0,0.3,0.5,0.4,11.2,63.7,94.2,56.7,10.0,39.1,14.0,0.3,0.5,0.4,36.5,99.8,205.7,123.4,17.0,104.7,14.0,0.4,0.5,0.5,-52.2,20.8,119.9,20.7,17.0,80.2,14.0,0.4,0.5,0.5,37.0,51.9,132.3,78.1,11.0,45.2,14.0,0.4,0.5,0.4,-35.6,0.0,75.8,12.6,11.0,53.0,14.0,0.4,0.5,0.4,8.9,55.1,86.8,52.0,10.0,37.8,14.0,0.3,0.5,0.4,-32.1,-6.9,11.0,-10.5,10.0,23.4,14.0,0.3,0.5,0.4,465.0,1643.0,5583.0,3604.5,17.0,4628.5,14.0,0.4,0.5,0.5,465.0,1645.0,5585.0,3605.0,17.0,4630.0,14.0,0.4,0.5,0.5
1974,2,323.0,42.0,12.72,14.0,15.47,14.13,15.0,1.25,16.0,0.4,0.5,0.5,9.91,12.15,15.5,12.22,18.0,3.08,16.0,0.4,0.5,0.5,5.43,6.64,9.11,6.88,14.0,1.84,14.0,0.4,0.5,0.5,63.4,80.2,87.7,76.7,14.0,12.2,14.0,0.4,0.5,5.97,11.0,20.6,12.77,19.0,6.77,14.0,0.4,0.5,0.4,-2.71,2.44,12.72,4.81,19.0,7.87,14.0,0.4,0.5,0.4,-3.57,3.58,18.02,6.21,19.0,9.54,14.0,0.4,0.5,0.4,1007.5,1017.0,1026.3,1016.41,19.0,9.48,14.0,0.4,0.5,0.4,5.2,8.0,8.0,6.6,15.0,2.2,12.0,0.5,0.5,0.4,-14.4,18.4,181.4,89.0,19.0,149.7,14.0,0.4,0.5,0.4,-21.6,73.7,337.5,121.2,19.0,186.9,14.0,0.4,0.5,0.4,-1.31,2.8,3.78,1.88,15.0,2.9,16.0,0.4,0.5,0.5,-21.5,18.6,39.4,17.1,15.0,49.8,16.0,0.4,0.5,0.5,1.14,3.15,4.88,3.03,14.0,1.89,14.0,0.4,0.5,0.5,8.7,23.5,91.5,38.4,14.0,35.0,14.0,0.4,0.5,0.5,-31.3,29.5,117.3,52.5,18.0,85.5,16.0,0.4,0.5,0.5,-34.8,59.9,278.5,100.5,18.0,142.9,16.0,0.4,0.5,0.5,-18.1,9.7,75.9,25.3,14.0,47.1,14.0,0.4,0.5,0.5,-14.6,41.9,167.0,62.9,14.0,85.8,14.0,0.4,0.5,0.5,-10.8,0.4,63.0,19.5,14.0,41.2,14.0,0.4,0.5,0.5,-11.3,5.6,22.5,9.5,14.0,24.6,14.0,0.4,0.5,0.5,218.0,1331.0,8742.0,3832.0,19.0,4643.0,14.0,0.4,0.5,0.4,220.0,1330.0,8740.0,3830.0,19.0,4645.0,14.0,0.4,0.5,0.4
1974,2,323.0,43.0,12.22,13.9,15.0,13.83,15.0,1.32,16.0,0.7,0.6,0.4,8.9,10.2,14.4,11.21,19.0,2.5,16.0,0.6,0.6,0.4,4.01,5.4,8.27,5.98,18.0,2.2,18.0,0.6,0.6,0.4,53.9,67.9,87.5,70.1,18.0,14.3,18.0,0.6,0.4,6.47,11.8,16.66,11.62,19.0,5.6,16.0,0.6,0.6,0.4,0.0,8.61,13.36,7.06,19.0,7.26,16.0,0.6,0.6,0.4,-8.07,0.0,8.46,0.76,19.0,8.23,16.0,0.6,0.6,0.4,1007.85,1022.0,1029.83,1019.04,19.0,11.03,16.0,0.6,0.6,0.4,4.4,6.0,8.0,5.9,18.0,2.0,18.0,0.6,0.6,0.4,0.0,91.9,215.0,113.1,19.0,131.1,16.0,0.6,0.6,0.4,-107.9,0.0,140.1,19.6,19.0,128.0,16.0,0.6,0.6,0.4,-1.96,2.2,5.16,2.15,15.0,3.38,16.0,0.7,0.6,0.4,-22.9,12.2,50.6,17.6,15.0,40.1,16.0,0.7,0.6,0.4,0.08,4.52,5.35,3.42,15.0,2.58,16.0,0.7,0.6,0.4,-0.6,25.2,67.9,31.6,15.0,33.1,16.0,0.7,0.6,0.4,0.0,72.4,154.7,79.9,19.0,82.3,16.0,0.6,0.6,0.4,-71.1,0.0,133.5,23.1,19.0,103.1,16.0,0.6,0.6,0.4,0.0,30.5,78.4,39.7,18.0,47.4,18.0,0.6,0.6,0.4,-35.2,3.7,80.1,19.3,18.0,59.0,18.0,0.6,0.6,0.4,-8.6,3.9,59.5,17.2,15.0,33.2,16.0,0.7,0.6,0.4,-27.9,-4.6,20.9,-4.8,15.0,26.8,16.0,0.7,0.6,0.4,276.5,1643.0,4762.0,2619.5,19.0,2985.0,16.0,0.6,0.6,0.4,275.0,1645.0,4760.0,2620.0,19.0,2985.0,16.0,0.6,0.6,0.4
1974,2,323.0,44.0,12.33,12.85,13.0,12.68,4.0,0.47,18.0,0.3,0.7,0.3,8.08,9.1,11.47,9.77,6.0,2.04,16.0,0.3,0.6,0.4,3.51,4.0,5.32,4.44,5.0,1.56,16.0,0.2,0.7,0.4,52.7,58.3,70.7,61.8,5.0,15.9,16.0,0.2,0.4,7.46,12.1,16.47,12.17,6.0,5.58,16.0,0.3,0.6,0.4,-0.32,8.7,11.85,6.91,6.0,6.53,16.0,0.3,0.6,0.4,-5.51,1.18,8.44,2.75,6.0,9.99,16.0,0.3,0.6,0.4,1020.83,1027.0,1028.44,1024.47,6.0,6.22,16.0,0.3,0.6,0.4,5.8,7.5,8.0,7.0,6.0,1.3,16.0,0.3,0.6,0.4,-1.5,88.6,160.4,89.5,6.0,90.4,16.0,0.3,0.6,0.4,-81.5,-1.1,121.9,50.2,6.0,190.4,16.0,0.3,0.6,0.4,2.22,3.4,4.47,3.35,4.0,1.4,18.0,0.3,0.7,0.3,26.3,39.1,53.6,39.9,4.0,18.6,18.0,0.3,0.7,0.3,3.04,4.7,5.75,4.41,4.0,1.85,18.0,0.3,0.7,0.3,31.3,52.7,73.9,52.6,4.0,25.8,18.0,0.3,0.7,0.3,-2.9,86.3,99.3,63.7,6.0,57.8,16.0,0.3,0.6,0.4,-49.2,11.6,102.4,36.5,6.0,105.0,16.0,0.3,0.6,0.4,-2.3,33.4,49.7,26.4,5.0,29.0,16.0,0.2,0.7,0.4,-20.5,-7.5,64.3,22.8,5.0,70.6,16.0,0.2,0.7,0.4,-4.2,30.9,66.3,31.0,4.0,40.8,18.0,0.3,0.7,0.3,-32.0,-0.1,31.4,-0.3,4.0,37.5,18.0,0.3,0.7,0.3,457.5,1795.0,4703.5,2772.0,6.0,3183.0,16.0,0.3,0.6,0.4,460.0,1795.0,4705.0,2770.0,6.0,3185.0,16.0,0.3,0.6,0.4
1974,2,323.0,45.0,11.19,12.5,13.0,12.28,9.0,1.19,18.0,0.7,0.4,0.3,7.89,10.0,11.87,10.1,10.0,2.16,16.0,0.7,0.5,0.3,4.74,6.08,7.01,6.09,8.0,1.5,18.0,0.6,0.5,0.3,67.2,79.3,87.6,77.6,8.0,10.0,18.0,0.6,0.3,9.64,15.4,18.12,13.94,11.0,4.42,18.0,0.7,0.5,0.4,-1.23,8.27,16.16,6.98,11.0,9.2,18.0,0.7,0.5,0.4,-2.68,6.45,12.4,5.28,11.0,8.02,18.0,0.7,0.5,0.4,1008.83,1014.6,1020.52,1013.93,11.0,6.54,18.0,0.7,0.5,0.4,7.0,7.0,8.0,7.0,9.0,1.2,18.0,0.7,0.5,0.3,-10.7,89.4,263.8,109.5,11.0,157.9,18.0,0.7,0.5,0.4,-33.6,71.1,194.5,79.6,11.0,138.5,18.0,0.7,0.5,0.4,0.55,2.3,3.73,1.94,9.0,1.75,18.0,0.7,0.4,0.3,7.8,40.3,45.5,25.2,9.0,24.6,18.0,0.7,0.4,0.3,1.56,2.79,3.44,2.64,8.0,1.28,18.0,0.6,0.5,0.3,16.5,37.8,48.0,34.8,8.0,17.9,18.0,0.6,0.5,0.3,22.1,98.8,141.3,74.2,10.0,88.8,16.0,0.7,0.5,0.3,-28.6,55.6,147.1,64.1,10.0,96.3,16.0,0.7,0.5,0.3,28.5,58.9,89.3,55.3,8.0,33.0,18.0,0.6,0.5,0.3,-27.6,33.3,101.3,40.7,8.0,65.8,18.0,0.6,0.5,0.3,5.2,27.8,44.3,26.7,8.0,20.6,18.0,0.6,0.5,0.3,-13.8,10.3,21.3,5.1,8.0,20.9,18.0,0.6,0.5,0.3,913.5,3652.5,5978.5,3438.0,11.0,2711.5,18.0,0.7,0.5,0.4,915.0,3650.0,5980.0,3440.0,11.0,2710.0,18.0,0.7,0.5,0.4
1974,2,323.0,46.0,10.0,10.0,12.06,10.96,7.0,1.32,20.0,0.4,0.7,0.4,9.08,10.0,11.02,10.34,8.0,1.92,20.0,0.4,0.8,0.4,5.38,6.09,6.34,5.92,6.0,0.77,20.0,0.5,0.7,0.5,66.1,74.7,82.7,74.9,6.0,10.7,20.0,0.5,0.5,8.49,11.15,18.49,13.39,8.0,6.02,20.0,0.4,0.8,0.4,2.15,4.24,10.58,6.1,8.0,6.5,20.0,0.4,0.8,0.4,0.0,8.63,13.84,8.42,8.0,8.68,20.0,0.4,0.8,0.4,999.78,1012.3,1024.71,1012.31,8.0,11.58,20.0,0.4,0.8,0.4,3.9,7.0,8.0,5.9,7.0,2.5,20.0,0.4,0.7,0.5,23.4,45.9,119.8,88.0,8.0,121.0,20.0,0.4,0.8,0.4,0.0,83.9,195.5,140.4,8.0,209.2,20.0,0.4,0.8,0.4,-0.6,1.4,2.01,0.43,7.0,2.38,20.0,0.4,0.7,0.4,-6.5,11.5,38.6,11.4,7.0,33.7,20.0,0.4,0.7,0.4,1.38,2.16,2.97,2.13,6.0,1.0,20.0,0.5,0.7,0.5,15.7,25.9,34.6,26.1,6.0,13.7,20.0,0.5,0.7,0.5,29.6,42.4,102.1,55.9,8.0,53.9,20.0,0.4,0.8,0.4,0.0,88.3,160.9,92.9,8.0,92.2,20.0,0.4,0.8,0.4,7.6,20.0,76.6,36.9,6.0,47.4,20.0,0.5,0.7,0.5,0.0,43.3,79.3,41.9,6.0,37.1,20.0,0.5,0.7,0.5,-0.6,10.9,20.2,10.4,6.0,13.1,20.0,0.5,0.7,0.5,0.0,13.4,32.9,17.2,6.0,18.6,20.0,0.5,0.7,0.5,630.0,1387.0,6429.5,3851.0,8.0,5336.0,20.0,0.4,0.8,0.4,630.0,1385.0,6430.0,3850.0,8.0,5335.0,20.0,0.4,0.8,0.4
1974,2,323.0,47.0,10.99,11.2,12.0,11.4,7.0,0.48,18.0,0.7,0.5,0.4,8.01,9.0,10.64,9.19,7.0,2.74,18.0,0.7,0.5,0.4,4.75,5.71,8.18,6.16,6.0,1.97,16.0,0.7,0.5,0.4,72.8,77.4,94.5,81.9,6.0,11.9,16.0,0.7,0.4,7.91,14.4,18.12,13.56,7.0,5.16,18.0,0.7,0.5,0.4,4.14,11.57,14.75,9.18,7.0,9.12,18.0,0.7,0.5,0.4,-5.67,-3.99,3.86,-1.65,7.0,7.51,18.0,0.7,0.5,0.4,995.57,1010.8,1013.21,1005.19,7.0,12.3,18.0,0.7,0.5,0.4,6.9,8.0,8.0,7.1,7.0,1.5,18.0,0.7,0.5,0.4,23.4,204.2,232.2,148.7,7.0,167.3,18.0,0.7,0.5,0.4,-89.1,-24.7,75.7,-22.9,7.0,119.9,18.0,0.7,0.5,0.4,0.98,1.8,3.03,2.21,7.0,2.77,18.0,0.7,0.5,0.4,6.3,15.8,48.6,37.7,7.0,57.2,18.0,0.7,0.5,0.4,0.45,2.64,3.56,2.32,6.0,1.9,16.0,0.7,0.5,0.4,6.5,30.7,66.7,38.2,6.0,39.8,16.0,0.7,0.5,0.4,40.2,87.2,120.1,66.0,7.0,83.1,18.0,0.7,0.5,0.4,-47.0,-36.0,31.0,-10.6,7.0,77.3,18.0,0.7,0.5,0.4,8.4,67.4,81.5,46.6,6.0,63.4,16.0,0.7,0.5,0.4,-36.3,-5.7,33.2,-1.3,6.0,53.5,16.0,0.7,0.5,0.4,7.1,23.5,56.9,34.1,6.0,37.7,16.0,0.7,0.5,0.4,-22.0,-5.2,4.9,-8.4,6.0,20.7,16.0,0.7,0.5,0.4,499.0,2986.0,5971.0,3403.5,7.0,3038.5,18.0,0.7,0.5,0.4,500.0,2985.0,5970.0,3405.0,7.0,3040.0,18.0,0.7,0.5,0.4
1974,2,323.0,48.0,9.59,10.6,11.65,10.59,11.0,1.27,16.0,0.4,0.6,0.4,5.95,8.2,10.38,8.03,12.0,2.49,16.0,0.3,0.5,0.4,4.1,4.89,7.21,5.52,11.0,1.58,16.0,0.4,0.6,0.4,64.9,73.8,96.2,78.1,11.0,14.2,16.0,0.4,0.4,8.77,13.15,16.44,12.88,12.0,5.06,16.0,0.3,0.5,0.4,-0.95,7.98,16.14,6.88,12.0,9.13,16.0,0.3,0.5,0.4,-5.51,0.98,12.68,2.37,12.0,8.08,16.0,0.3,0.5,0.4,991.3,1008.75,1018.65,1007.01,12.0,14.05,16.0,0.3,0.5,0.4,7.0,7.5,8.0,7.4,10.0,0.7,16.0,0.4,0.6,0.4,-9.5,79.5,267.7,114.7,12.0,158.8,16.0,0.3,0.5,0.4,-76.4,11.1,161.9,35.3,12.0,119.4,16.0,0.3,0.5,0.4,-0.14,1.8,4.38,2.09,11.0,2.44,16.0,0.4,0.6,0.4,-1.9,5.5,85.1,32.3,11.0,44.8,16.0,0.4,0.6,0.4,0.85,2.39,3.88,2.48,11.0,1.62,16.0,0.4,0.6,0.4,6.0,22.4,59.9,33.1,11.0,29.1,16.0,0.4,0.6,0.4,-9.9,42.0,97.8,41.7,12.0,68.3,16.0,0.3,0.5,0.4,-24.6,7.5,134.2,34.9,12.0,75.8,16.0,0.3,0.5,0.4,-9.3,27.2,69.1,28.2,11.0,53.4,16.0,0.4,0.6,0.4,-16.3,8.3,85.6,26.5,11.0,50.1,16.0,0.4,0.6,0.4,-0.8,20.8,57.6,26.8,11.0,32.1,16.0,0.4,0.6,0.4,-9.3,0.3,16.3,1.0,11.0,14.9,16.0,0.4,0.6,0.4,694.5,2302.5,4609.0,3006.0,12.0,2816.5,16.0,0.3,0.5,0.4,695.0,2300.0,4610.0,3005.0,12.0,2815.0,16.0,0.3,0.5,0.4
1974,2,323.0,49.0,8.49,8.9,9.65,9.07,3.0,0.86,10.0,0.0,0.8,0.3,4.26,5.3,5.5,4.9,4.0,0.95,12.0,0.3,0.7,0.3,4.21,4.38,4.92,4.56,3.0,0.55,12.0,0.3,0.8,0.3,81.4,83.7,89.3,85.3,3.0,6.0,12.0,0.3,0.3,6.48,14.3,21.91,14.2,4.0,8.97,12.0,0.3,0.7,0.3,4.96,12.74,19.7,12.35,4.0,8.52,12.0,0.3,0.7,0.3,4.17,6.09,9.41,6.75,4.0,3.55,12.0,0.3,0.7,0.3,1000.36,1006.9,1009.2,1004.88,4.0,6.51,12.0,0.3,0.7,0.3,7.0,7.0,7.7,7.3,3.0,0.6,12.0,0.3,0.8,0.3,33.8,223.9,432.0,232.5,4.0,230.4,12.0,0.3,0.7,0.3,28.3,93.1,208.9,117.5,4.0,114.1,12.0,0.3,0.7,0.3,3.75,4.5,4.7,4.23,3.0,0.74,10.0,0.0,0.8,0.3,23.3,36.0,78.9,50.7,3.0,42.7,10.0,0.0,0.8,0.3,2.07,2.35,2.63,2.35,2.0,0.59,8.0,0.0,0.8,0.4,17.3,33.4,49.4,33.4,2.0,33.3,8.0,0.0,0.8,0.4,27.3,50.7,85.7,56.2,4.0,36.3,12.0,0.3,0.7,0.3,21.2,26.5,44.3,32.5,4.0,18.1,12.0,0.3,0.7,0.3,39.2,80.0,85.2,62.6,3.0,36.9,12.0,0.3,0.8,0.3,20.8,29.1,43.8,32.2,3.0,17.0,12.0,0.3,0.8,0.3,14.8,30.5,46.2,30.5,2.0,32.5,8.0,0.0,0.8,0.4,8.4,12.9,17.4,12.9,2.0,9.3,8.0,0.0,0.8,0.4,313.5,4627.0,10620.0,5428.0,4.0,6076.5,12.0,0.3,0.7,0.3,315.0,4625.0,10620.0,5430.0,4.0,6075.0,12.0,0.3,0.7,0.3
1974,2,323.0,50.0,10.0,10.0,10.0,10.0,1.0,0.0,22.0,0.0,1.0,0.4,8.5,8.5,8.5,8.5,1.0,0.0,22.0,0.0,1.0,0.4,4.99,4.99,4.99,4.99,1.0,0.0,22.0,0.0,1.0,0.4,73.3,73.3,73.3,73.3,1.0,0.0,22.0,0.0,0.4,15.4,15.4,15.4,15.4,1.0,0.0,22.0,0.0,1.0,0.4,2.67,2.67,2.67,2.67,1.0,0.0,22.0,0.0,1.0,0.4,15.17,15.17,15.17,15.17,1.0,0.0,22.0,0.0,1.0,0.4,1020.8,1020.8,1020.8,1020.8,1.0,0.0,22.0,0.0,1.0,0.4,8.0,8.0,8.0,8.0,1.0,0.0,22.0,0.0,1.0,0.4,41.2,41.2,41.2,41.2,1.0,0.0,22.0,0.0,1.0,0.4,233.6,233.6,233.6,233.6,1.0,0.0,22.0,0.0,1.0,0.4,1.5,1.5,1.5,1.5,1.0,0.0,22.0,0.0,1.0,0.4,23.1,23.1,23.1,23.1,1.0,0.0,22.0,0.0,1.0,0.4,2.55,2.55,2.55,2.55,1.0,0.0,22.0,0.0,1.0,0.4,39.3,39.3,39.3,39.3,1.0,0.0,22.0,0.0,1.0,0.4,22.7,22.7,22.7,22.7,1.0,0.0,22.0,0.0,1.0,0.4,128.9,128.9,128.9,128.9,1.0,0.0,22.0,0.0,1.0,0.4,13.4,13.4,13.4,13.4,1.0,0.0,22.0,0.0,1.0,0.4,75.7,75.7,75.7,75.7,1.0,0.0,22.0,0.0,1.0,0.4,6.8,6.8,6.8,6.8,1.0,0.0,22.0,0.0,1.0,0.4,38.7,38.7,38.7,38.7,1.0,0.0,22.0,0.0,1.0,0.4,3652.5,3652.5,3652.5,3652.5,1.0,0.0,22.0,0.0,1.0,0.4,3650.0,3650.0,3650.0,3650.0,1.0,0.0,22.0,0.0,1.0,0.4
1974,2,323.0,51.0,6.8,6.8,6.8,6.8,1.0,0.0,18.0,1.0,0.4,0.9,7.0,7.0,7.0,7.0,1.0,0.0,18.0,1.0,0.4,0.9,5.77,5.77,5.77,5.77,1.0,0.0,18.0,1.0,0.4,0.9,92.7,92.7,92.7,92.7,1.0,0.0,18.0,1.0,0.9,19.0,19.0,19.0,19.0,1.0,0.0,18.0,1.0,0.4,0.9,6.5,6.5,6.5,6.5,1.0,0.0,18.0,1.0,0.4,0.9,17.85,17.85,17.85,17.85,1.0,0.0,18.0,1.0,0.4,0.9,1008.8,1008.8,1008.8,1008.8,1.0,0.0,18.0,1.0,0.4,0.9,8.0,8.0,8.0,8.0,1.0,0.0,18.0,1.0,0.4,0.9,123.5,123.5,123.5,123.5,1.0,0.0,18.0,1.0,0.4,0.9,339.2,339.2,339.2,339.2,1.0,0.0,18.0,1.0,0.4,0.9,-0.2,-0.2,-0.2,-0.2,1.0,0.0,18.0,1.0,0.4,0.9,-3.8,-3.8,-3.8,-3.8,1.0,0.0,18.0,1.0,0.4,0.9,0.37,0.37,0.37,0.37,1.0,0.0,18.0,1.0,0.4,0.9,7.0,7.0,7.0,7.0,1.0,0.0,18.0,1.0,0.4,0.9,45.5,45.5,45.5,45.5,1.0,0.0,18.0,1.0,0.4,0.9,125.0,125.0,125.0,125.0,1.0,0.0,18.0,1.0,0.4,0.9,37.5,37.5,37.5,37.5,1.0,0.0,18.0,1.0,0.4,0.9,103.0,103.0,103.0,103.0,1.0,0.0,18.0,1.0,0.4,0.9,2.4,2.4,2.4,2.4,1.0,0.0,18.0,1.0,0.4,0.9,6.6,6.6,6.6,6.6,1.0,0.0,18.0,1.0,0.4,0.9,6859.0,6859.0,6859.0,6859.0,1.0,0.0,18.0,1.0,0.4,0.9,6860.0,6860.0,6860.0,6860.0,1.0,0.0,18.0,1.0,0.4,0.9
1974,2,323.0,52.0,6.98,8.0,8.37,7.64,5.0,1.43,6.0,0.4,0.7,0.4,-1.72,3.6,5.78,2.92,6.0,4.13,8.0,0.3,0.7,0.4,4.71,5.44,6.16,5.44,2.0,1.5,16.0,0.5,0.7,0.3,81.2,85.4,89.6,85.4,2.0,8.7,16.0,0.5,0.3,7.33,13.95,17.62,12.85,6.0,5.88,8.0,0.3,0.7,0.4,-1.59,8.58,16.25,7.12,6.0,10.18,8.0,0.3,0.7,0.4,-6.68,-3.97,0.62,-2.24,6.0,7.89,8.0,0.3,0.7,0.4,993.84,997.95,1008.6,999.77,6.0,8.31,8.0,0.3,0.7,0.4,6.9,8.0,8.0,7.4,5.0,1.3,6.0,0.4,0.7,0.4,-13.0,111.8,287.0,129.7,6.0,168.3,8.0,0.3,0.7,0.4,-119.7,-50.0,26.2,-40.4,6.0,121.8,8.0,0.3,0.7,0.4,2.12,5.4,10.13,5.9,5.0,4.33,6.0,0.4,0.7,0.4,16.5,108.0,159.7,92.8,5.0,77.3,6.0,0.4,0.7,0.4,2.43,2.43,2.43,2.43,1.0,0.0,14.0,1.0,0.9,0.2,19.9,19.9,19.9,19.9,1.0,0.0,14.0,1.0,0.9,0.2,-29.5,-12.7,20.5,-5.3,6.0,31.4,8.0,0.3,0.7,0.4,-16.5,-1.3,31.3,13.5,6.0,51.0,8.0,0.3,0.7,0.4,-28.4,-16.9,-5.4,-16.9,2.0,23.8,16.0,0.5,0.7,0.3,3.0,35.8,68.5,35.8,2.0,67.9,16.0,0.5,0.7,0.3,-18.7,-18.7,-18.7,-18.7,1.0,0.0,14.0,1.0,0.9,0.2,-6.8,-6.8,-6.8,-6.8,1.0,0.0,14.0,1.0,0.9,0.2,450.5,2761.0,5550.5,3175.0,6.0,2965.0,8.0,0.3,0.7,0.4,450.0,2760.0,5550.0,3175.0,6.0,2965.0,8.0,0.3,0.7,0.4
1974,2,323.0,53.0,5.36,5.7,5.97,5.67,3.0,0.45,10.0,0.7,0.4,0.6,3.04,4.0,6.18,4.6,3.0,2.36,10.0,0.7,0.4,0.6,3.55,3.55,3.55,3.55,1.0,0.0,10.0,0.0,0.1,0.9,68.9,68.9,68.9,68.9,1.0,0.0,10.0,0.0,0.9,6.02,8.2,11.48,8.73,3.0,4.03,10.0,0.7,0.4,0.6,-7.69,-2.8,1.3,-3.18,3.0,6.59,10.0,0.7,0.4,0.6,-8.15,-7.71,-5.06,-6.63,3.0,2.45,10.0,0.7,0.4,0.6,986.66,988.3,994.51,990.53,3.0,6.07,10.0,0.7,0.4,0.6,4.3,5.0,7.0,5.7,3.0,2.1,10.0,0.7,0.4,0.6,-95.7,-23.0,3.7,-45.5,3.0,75.3,10.0,0.7,0.4,0.6,-94.2,-63.2,-33.1,-63.7,3.0,44.7,10.0,0.7,0.4,0.6,-0.37,1.2,2.5,1.07,3.0,2.1,10.0,0.7,0.4,0.6,-6.6,9.8,13.7,3.7,3.0,15.8,10.0,0.7,0.4,0.6,2.06,2.06,2.06,2.06,1.0,0.0,10.0,0.0,0.1,0.9,16.9,16.9,16.9,16.9,1.0,0.0,10.0,0.0,0.1,0.9,-52.5,-11.2,2.1,-24.9,3.0,41.7,10.0,0.7,0.4,0.6,-50.9,-30.8,-16.6,-33.6,3.0,25.2,10.0,0.7,0.4,0.6,-9.9,-9.9,-9.9,-9.9,1.0,0.0,10.0,0.0,0.1,0.9,-27.3,-27.3,-27.3,-27.3,1.0,0.0,10.0,0.0,0.1,0.9,-5.8,-5.8,-5.8,-5.8,1.0,0.0,10.0,0.0,0.1,0.9,-15.9,-15.9,-15.9,-15.9,1.0,0.0,10.0,0.0,0.1,0.9,260.5,551.5,1674.5,958.0,3.0,1094.0,10.0,0.7,0.4,0.6,260.0,550.0,1675.0,960.0,3.0,1095.0,10.0,0.7,0.4,0.6
1974,2,323.0,54.0,4.48,5.6,6.62,5.55,4.0,1.32,16.0,0.8,0.5,0.5,3.65,4.25,4.84,4.1,6.0,0.97,14.0,0.8,0.5,0.4,4.4,4.64,4.88,4.64,2.0,0.5,8.0,0.5,0.5,0.6,81.9,87.9,93.8,87.9,2.0,12.3,8.0,0.5,0.6,9.18,9.55,13.92,10.83,6.0,2.44,14.0,0.8,0.5,0.4,-6.28,0.13,7.22,0.13,6.0,7.36,14.0,0.8,0.5,0.4,4.33,8.27,10.95,6.89,6.0,5.98,14.0,0.8,0.5,0.4,993.29,1004.65,1011.15,1002.43,6.0,10.99,14.0,0.8,0.5,0.4,7.8,8.0,8.0,7.8,6.0,0.4,14.0,0.8,0.5,0.4,-64.3,2.4,79.7,0.8,6.0,86.2,14.0,0.8,0.5,0.4,37.1,79.0,152.5,81.8,6.0,75.3,14.0,0.8,0.5,0.4,0.06,1.75,3.23,1.65,4.0,2.02,16.0,0.8,0.5,0.5,2.7,19.2,40.3,21.4,4.0,25.8,16.0,0.8,0.5,0.5,0.6,0.7,0.79,0.7,2.0,0.2,8.0,0.5,0.5,0.6,7.7,7.7,7.8,7.7,2.0,0.0,8.0,0.5,0.5,0.6,-25.8,-3.1,25.5,-0.8,6.0,30.2,14.0,0.8,0.5,0.4,16.5,33.0,40.7,25.5,6.0,24.4,14.0,0.8,0.5,0.4,-32.1,-5.1,21.9,-5.1,2.0,56.0,8.0,0.5,0.5,0.6,-8.3,16.6,41.6,16.6,2.0,51.7,8.0,0.5,0.5,0.6,-3.1,0.9,4.9,0.9,2.0,8.3,8.0,0.5,0.5,0.6,-2.3,1.0,4.4,1.0,2.0,6.9,8.0,0.5,0.5,0.6,774.0,873.0,2697.5,1439.5,6.0,992.0,14.0,0.8,0.5,0.4,775.0,875.0,2700.0,1440.0,6.0,990.0,14.0,0.8,0.5,0.4
1974,2,323.0,55.0,5.7,6.55,7.4,6.55,2.0,1.77,16.0,0.5,0.5,0.3,3.74,4.7,5.66,4.7,2.0,1.98,16.0,0.5,0.5,0.3,5.05,5.05,5.05,5.05,1.0,0.0,16.0,0.0,0.7,0.3,86.4,86.4,86.4,86.4,1.0,0.0,16.0,0.0,0.3,9.89,11.15,12.41,11.15,2.0,2.62,16.0,0.5,0.5,0.3,0.26,0.81,1.36,0.81,2.0,1.14,16.0,0.5,0.5,0.3,-5.64,1.92,9.48,1.92,2.0,15.67,16.0,0.5,0.5,0.3,1008.69,1009.3,1009.91,1009.3,2.0,1.27,16.0,0.5,0.5,0.3,2.8,4.5,6.2,4.5,2.0,3.5,16.0,0.5,0.5,0.3,2.4,7.5,12.6,7.5,2.0,10.6,16.0,0.5,0.5,0.3,-44.8,41.9,128.7,41.9,2.0,179.7,16.0,0.5,0.5,0.3,0.04,1.85,3.66,1.85,2.0,3.75,16.0,0.5,0.5,0.3,3.0,25.5,48.0,25.5,2.0,46.6,16.0,0.5,0.5,0.3,0.48,0.48,0.48,0.48,1.0,0.0,16.0,0.0,0.7,0.3,4.5,4.5,4.5,4.5,1.0,0.0,16.0,0.0,0.7,0.3,1.6,4.9,8.3,4.9,2.0,7.0,16.0,0.5,0.5,0.3,-40.2,-6.5,27.2,-6.5,2.0,69.8,16.0,0.5,0.5,0.3,8.2,8.2,8.2,8.2,1.0,0.0,16.0,0.0,0.7,0.3,-46.3,-46.3,-46.3,-46.3,1.0,0.0,16.0,0.0,0.7,0.3,0.8,0.8,0.8,0.8,1.0,0.0,16.0,0.0,0.7,0.3,-4.4,-4.4,-4.4,-4.4,1.0,0.0,16.0,0.0,0.7,0.3,1025.5,1500.5,1976.0,1500.5,2.0,984.5,16.0,0.5,0.5,0.3,1025.0,1500.0,1975.0,1500.0,2.0,985.0,16.0,0.5,0.5,0.3
1974,2,323.0,56.0,5.41,6.3,7.19,6.3,2.0,1.84,12.0,0.5,0.8,0.8,-0.74,2.0,5.08,2.09,7.0,3.51,16.0,0.3,0.7,0.6,3.68,3.68,3.68,3.68,1.0,0.0,4.0,0.0,0.7,0.8,99.3,99.3,99.3,99.3,1.0,0.0,4.0,0.0,0.8,4.6,7.2,11.14,8.74,7.0,4.67,16.0,0.3,0.7,0.6,-3.02,0.0,9.17,3.5,7.0,8.26,16.0,0.3,0.7,0.6,-3.6,3.13,6.95,1.18,7.0,5.19,16.0,0.3,0.7,0.6,987.82,993.3,998.71,992.46,7.0,7.47,16.0,0.3,0.7,0.6,3.0,8.0,8.0,5.9,7.0,2.7,16.0,0.3,0.7,0.6,-14.3,0.0,100.3,61.9,7.0,123.0,16.0,0.3,0.7,0.6,-17.1,29.6,57.2,20.8,7.0,42.9,16.0,0.3,0.7,0.6,1.73,3.3,4.87,3.3,2.0,3.25,12.0,0.5,0.8,0.8,15.7,33.8,52.0,33.8,2.0,37.7,12.0,0.5,0.8,0.8,1.85,1.85,1.85,1.85,1.0,0.0,4.0,0.0,0.7,0.8,20.0,20.0,20.0,20.0,1.0,0.0,4.0,0.0,0.7,0.8,-17.1,-8.6,0.4,-13.7,7.0,23.5,16.0,0.3,0.7,0.6,-14.9,-10.3,5.3,-1.1,7.0,22.5,16.0,0.3,0.7,0.6,30.4,30.4,30.4,30.4,1.0,0.0,4.0,0.0,0.7,0.8,25.5,25.5,25.5,25.5,1.0,0.0,4.0,0.0,0.7,0.8,15.3,15.3,15.3,15.3,1.0,0.0,4.0,0.0,0.7,0.8,12.9,12.9,12.9,12.9,1.0,0.0,4.0,0.0,0.7,0.8,97.5,373.0,1478.5,1252.0,7.0,2062.5,16.0,0.3,0.7,0.6,95.0,375.0,1480.0,1250.0,7.0,2060.0,16.0,0.3,0.7,0.6
1974,2,323.0,57.0,,,,,,,,,,,,,,,,,,,,,,,,,,,,,,,,,,,,,,,,5.79,9.0,19.74,11.77,6.0,7.29,10.0,0.2,0.8,0.3,-16.63,0.64,6.24,-3.18,6.0,11.27,10.0,0.2,0.8,0.3,-10.54,-5.22,1.92,-5.0,6.0,7.08,10.0,0.2,0.8,0.3,990.78,995.8,1004.34,996.52,6.0,7.12,10.0,0.2,0.8,0.3,,,,,,,,,,,,,,,,,,,,,,,,,,,,,,,,,,,,,,,,,,,,,,,,,,,,,,,,,,,,,,,,,,,,,,,,,,,,,,,,,,,,,,,,,,,,,,,,,,,,,,,,,,,,,,,,,,,,,,,,,,,,,,,,,,,,,,,,,,,,,,,,,,,,,,
1974,2,323.0,59.0,2.5,2.5,2.5,2.5,1.0,0.0,8.0,0.0,0.9,0.7,2.0,2.0,2.0,2.0,1.0,0.0,8.0,0.0,0.9,0.7,3.29,3.29,3.29,3.29,1.0,0.0,8.0,0.0,0.9,0.7,74.8,74.8,74.8,74.8,1.0,0.0,8.0,0.0,0.7,9.3,9.3,9.3,9.3,1.0,0.0,8.0,0.0,0.9,0.7,-8.74,-8.74,-8.74,-8.74,1.0,0.0,8.0,0.0,0.9,0.7,-3.18,-3.18,-3.18,-3.18,1.0,0.0,8.0,0.0,0.9,0.7,1006.2,1006.2,1006.2,1006.2,1.0,0.0,8.0,0.0,0.9,0.7,8.0,8.0,8.0,8.0,1.0,0.0,8.0,0.0,0.9,0.7,-81.3,-81.3,-81.3,-81.3,1.0,0.0,8.0,0.0,0.9,0.7,-29.6,-29.6,-29.6,-29.6,1.0,0.0,8.0,0.0,0.9,0.7,0.5,0.5,0.5,0.5,1.0,0.0,8.0,0.0,0.9,0.7,4.7,4.7,4.7,4.7,1.0,0.0,8.0,0.0,0.9,0.7,1.27,1.27,1.27,1.27,1.0,0.0,8.0,0.0,0.9,0.7,11.8,11.8,11.8,11.8,1.0,0.0,8.0,0.0,0.9,0.7,-17.5,-17.5,-17.5,-17.5,1.0,0.0,8.0,0.0,0.9,0.7,-6.4,-6.4,-6.4,-6.4,1.0,0.0,8.0,0.0,0.9,0.7,-28.7,-28.7,-28.7,-28.7,1.0,0.0,8.0,0.0,0.9,0.7,-10.4,-10.4,-10.4,-10.4,1.0,0.0,8.0,0.0,0.9,0.7,-11.1,-11.1,-11.1,-11.1,1.0,0.0,8.0,0.0,0.9,0.7,-4.0,-4.0,-4.0,-4.0,1.0,0.0,8.0,0.0,0.9,0.7,804.5,804.5,804.5,804.5,1.0,0.0,8.0,0.0,0.9,0.7,805.0,805.0,805.0,805.0,1.0,0.0,8.0,0.0,0.9,0.7
1974,2,323.0,60.0,,,,,,,,,,,,,,,,,,,,,,,,,,,,,,,,,,,,,,,,12.3,12.3,12.3,12.3,1.0,0.0,12.0,0.0,0.4,0.0,-9.42,-9.42,-9.42,-9.42,1.0,0.0,12.0,0.0,0.4,0.0,-7.91,-7.91,-7.91,-7.91,1.0,0.0,12.0,0.0,0.4,0.0,998.3,998.3,998.3,998.3,1.0,0.0,12.0,0.0,0.4,0.0,,,,,,,,,,,,,,,,,,,,,,,,,,,,,,,,,,,,,,,,,,,,,,,,,,,,,,,,,,,,,,,,,,,,,,,,,,,,,,,,,,,,,,,,,,,,,,,,,,,,,,,,,,,,,,,,,,,,,,,,,,,,,,,,,,,,,,,,,,,,,,,,,,,,,,
1974,2,323.0,65.0,4.94,5.85,7.22,5.92,32.0,1.25,12.0,0.4,0.6,0.3,2.5,5.2,7.3,5.13,64.0,2.47,14.0,0.4,0.6,0.2,3.72,3.75,3.87,3.8,4.0,0.12,6.0,0.5,0.4,0.3,74.1,83.1,93.6,83.8,4.0,11.5,6.0,0.5,0.3,4.0,8.0,12.35,8.55,44.0,3.92,14.0,0.4,0.6,0.1,-6.95,-3.25,3.88,-2.02,44.0,6.56,14.0,0.4,0.6,0.1,-7.54,-2.22,6.37,-1.37,44.0,6.4,14.0,0.4,0.6,0.1,1021.95,1027.2,1033.67,1027.06,65.0,5.79,14.0,0.4,0.6,0.2,3.6,7.0,8.0,6.0,55.0,2.5,14.0,0.4,0.6,0.2,-73.0,-22.9,22.1,-20.6,44.0,85.7,14.0,0.4,0.6,0.1,-76.6,-13.1,57.7,-9.6,44.0,74.9,14.0,0.4,0.6,0.1,-1.0,0.8,2.5,1.06,32.0,2.4,12.0,0.4,0.6,0.3,-13.6,4.0,23.5,7.6,22.0,22.4,12.0,0.3,0.6,0.2,1.63,1.72,1.77,1.7,3.0,0.11,6.0,0.7,0.5,0.2,8.2,11.1,15.8,12.0,3.0,5.6,6.0,0.7,0.5,0.2,-35.2,-7.7,27.1,-6.4,44.0,38.6,14.0,0.4,0.6,0.1,-37.9,-6.2,33.1,-7.3,44.0,41.8,14.0,0.4,0.6,0.1,-17.9,-4.5,5.1,-6.3,3.0,16.9,6.0,0.7,0.5,0.2,-27.7,-25.6,-15.9,-21.9,3.0,9.2,6.0,0.7,0.5,0.2,-8.5,-1.9,2.4,-3.0,3.0,8.0,6.0,0.7,0.5,0.2,-12.9,-11.0,-7.1,-10.0,3.0,4.3,6.0,0.7,0.5,0.2,64.0,512.0,1906.5,1031.0,44.0,1226.5,14.0,0.4,0.6,0.1,65.0,510.0,1905.0,1030.0,44.0,1225.0,14.0,0.4,0.6,0.1
1974,2,323.0,66.0,3.77,5.0,5.77,4.9,7.0,1.33,14.0,0.4,0.8,0.2,1.9,3.4,5.48,3.63,7.0,2.28,14.0,0.4,0.8,0.2,3.6,3.6,3.6,3.6,1.0,0.0,4.0,0.0,0.7,0.8,93.0,93.0,93.0,93.0,1.0,0.0,4.0,0.0,0.8,2.79,7.5,11.87,7.8,6.0,5.17,12.0,0.3,0.9,0.1,-2.99,2.54,5.96,1.64,6.0,5.4,12.0,0.3,0.9,0.1,-4.1,-0.79,8.76,2.1,6.0,7.87,12.0,0.3,0.9,0.1,1003.79,1014.7,1021.75,1011.86,5.0,13.8,10.0,0.4,0.9,0.2,3.9,7.0,8.0,5.9,7.0,2.3,14.0,0.4,0.8,0.2,-14.6,22.2,53.7,19.8,6.0,49.3,12.0,0.3,0.9,0.1,-31.6,-2.5,111.6,43.1,6.0,109.6,12.0,0.3,0.9,0.1,-0.5,0.4,3.76,1.27,7.0,2.64,14.0,0.4,0.8,0.2,-8.9,1.3,28.9,6.4,6.0,30.9,12.0,0.3,0.9,0.1,1.93,1.93,1.93,1.93,1.0,0.0,4.0,0.0,0.7,0.8,20.9,20.9,20.9,20.9,1.0,0.0,4.0,0.0,0.7,0.8,-14.7,3.7,18.5,0.7,6.0,19.0,12.0,0.3,0.9,0.1,-15.8,-3.1,24.3,12.2,6.0,48.7,12.0,0.3,0.9,0.1,29.8,29.8,29.8,29.8,1.0,0.0,4.0,0.0,0.7,0.8,25.0,25.0,25.0,25.0,1.0,0.0,4.0,0.0,0.7,0.8,16.0,16.0,16.0,16.0,1.0,0.0,4.0,0.0,0.7,0.8,13.4,13.4,13.4,13.4,1.0,0.0,4.0,0.0,0.7,0.8,23.0,427.5,1845.5,1041.0,6.0,1565.0,12.0,0.3,0.9,0.1,25.0,430.0,1845.0,1040.0,6.0,1565.0,12.0,0.3,0.9,0.1
1974,2,324.0,-64.0,0.0,0.0,0.0,0.0,1.0,0.0,22.0,0.0,0.4,1.0,-0.3,-0.3,-0.3,-0.3,1.0,0.0,22.0,0.0,0.4,1.0,3.26,3.26,3.26,3.26,1.0,0.0,22.0,0.0,0.4,1.0,87.6,87.6,87.6,87.6,1.0,0.0,22.0,0.0,1.0,0.0,0.0,0.0,0.0,1.0,0.0,22.0,0.0,0.4,1.0,0.0,0.0,0.0,0.0,1.0,0.0,22.0,0.0,0.4,1.0,0.0,0.0,0.0,0.0,1.0,0.0,22.0,0.0,0.4,1.0,1006.8,1006.8,1006.8,1006.8,1.0,0.0,22.0,0.0,0.4,1.0,6.0,6.0,6.0,6.0,1.0,0.0,22.0,0.0,0.4,1.0,0.0,0.0,0.0,0.0,1.0,0.0,22.0,0.0,0.4,1.0,0.0,0.0,0.0,0.0,1.0,0.0,22.0,0.0,0.4,1.0,0.3,0.3,0.3,0.3,1.0,0.0,22.0,0.0,0.4,1.0,0.0,0.0,0.0,0.0,1.0,0.0,22.0,0.0,0.4,1.0,0.54,0.54,0.54,0.54,1.0,0.0,22.0,0.0,0.4,1.0,0.0,0.0,0.0,0.0,1.0,0.0,22.0,0.0,0.4,1.0,0.0,0.0,0.0,0.0,1.0,0.0,22.0,0.0,0.4,1.0,0.0,0.0,0.0,0.0,1.0,0.0,22.0,0.0,0.4,1.0,0.0,0.0,0.0,0.0,1.0,0.0,22.0,0.0,0.4,1.0,0.0,0.0,0.0,0.0,1.0,0.0,22.0,0.0,0.4,1.0,0.0,0.0,0.0,0.0,1.0,0.0,22.0,0.0,0.4,1.0,0.0,0.0,0.0,0.0,1.0,0.0,22.0,0.0,0.4,1.0,0.0,0.0,0.0,0.0,1.0,0.0,22.0,0.0,0.4,1.0,0.0,0.0,0.0,0.0,1.0,0.0,22.0,0.0,0.4,1.0
1974,2,324.0,-55.0,3.02,3.3,3.75,3.39,12.0,0.59,20.0,0.6,0.5,0.6,3.3,4.2,5.91,4.55,11.0,1.19,20.0,0.5,0.5,0.6,3.76,4.04,4.59,4.17,11.0,0.42,20.0,0.5,0.5,0.6,70.8,80.1,87.4,79.6,11.0,8.1,20.0,0.5,0.6,4.76,9.0,13.0,8.52,11.0,4.51,20.0,0.5,0.5,0.6,-1.24,4.6,10.14,4.72,11.0,5.88,20.0,0.5,0.5,0.6,-6.29,-1.56,5.72,-0.8,11.0,6.36,20.0,0.5,0.5,0.6,1003.26,1009.8,1014.18,1008.67,12.0,5.25,20.0,0.6,0.5,0.6,0.0,7.0,7.0,4.5,11.0,3.3,20.0,0.6,0.5,0.6,-3.7,27.6,129.5,55.4,11.0,71.0,20.0,0.5,0.5,0.6,-63.7,-14.1,58.4,-5.6,11.0,73.4,20.0,0.5,0.5,0.6,-2.35,-1.0,-0.35,-1.27,11.0,1.15,20.0,0.5,0.5,0.6,-22.4,-8.7,0.0,-12.4,10.0,15.7,20.0,0.5,0.5,0.6,0.33,0.62,0.92,0.63,11.0,0.33,20.0,0.5,0.5,0.6,0.8,4.1,8.3,4.4,10.0,3.4,20.0,0.5,0.5,0.6,-5.7,29.7,57.8,27.3,10.0,29.4,20.0,0.5,0.5,0.6,-28.9,-3.2,27.6,-1.1,10.0,30.0,20.0,0.5,0.5,0.6,-7.3,26.6,50.0,23.1,10.0,26.3,20.0,0.5,0.5,0.6,-25.7,-2.9,26.4,-2.3,10.0,26.9,20.0,0.5,0.5,0.6,-1.2,2.4,5.6,2.2,10.0,3.7,20.0,0.5,0.5,0.6,-1.9,0.0,3.9,0.6,10.0,3.6,20.0,0.5,0.5,0.6,138.0,729.0,2197.0,1048.5,11.0,952.5,20.0,0.5,0.5,0.6,140.0,730.0,2195.0,1050.0,11.0,950.0,20.0,0.5,0.5,0.6
1974,2,324.0,-54.0,3.4,3.4,3.4,3.4,1.0,0.0,24.0,1.0,0.4,0.6,4.2,4.2,4.2,4.2,1.0,0.0,24.0,1.0,0.4,0.6,4.87,4.87,4.87,4.87,1.0,0.0,24.0,1.0,0.4,0.6,95.2,95.2,95.2,95.2,1.0,0.0,24.0,1.0,0.6,9.0,9.0,9.0,9.0,1.0,0.0,24.0,1.0,0.4,0.6,8.46,8.46,8.46,8.46,1.0,0.0,24.0,1.0,0.4,0.6,-3.08,-3.08,-3.08,-3.08,1.0,0.0,24.0,1.0,0.4,0.6,1010.3,1010.3,1010.3,1010.3,1.0,0.0,24.0,1.0,0.4,0.6,,,,,,,,,,,,,,,,,,,,,,,,,,,,,,,-0.8,-0.8,-0.8,-0.8,1.0,0.0,24.0,1.0,0.4,0.6,-7.2,-7.2,-7.2,-7.2,1.0,0.0,24.0,1.0,0.4,0.6,-0.03,-0.03,-0.03,-0.03,1.0,0.0,24.0,1.0,0.4,0.6,-0.3,-0.3,-0.3,-0.3,1.0,0.0,24.0,1.0,0.4,0.6,35.5,35.5,35.5,35.5,1.0,0.0,24.0,1.0,0.4,0.6,-12.9,-12.9,-12.9,-12.9,1.0,0.0,24.0,1.0,0.4,0.6,41.2,41.2,41.2,41.2,1.0,0.0,24.0,1.0,0.4,0.6,-15.0,-15.0,-15.0,-15.0,1.0,0.0,24.0,1.0,0.4,0.6,-0.3,-0.3,-0.3,-0.3,1.0,0.0,24.0,1.0,0.4,0.6,0.1,0.1,0.1,0.1,1.0,0.0,24.0,1.0,0.4,0.6,729.0,729.0,729.0,729.0,1.0,0.0,24.0,1.0,0.4,0.6,730.0,730.0,730.0,730.0,1.0,0.0,24.0,1.0,0.4,0.6
1974,2,324.0,-53.0,3.3,3.3,3.3,3.3,2.0,0.0,20.0,0.0,0.4,0.3,4.0,4.0,4.0,4.0,2.0,0.0,20.0,0.0,0.4,0.3,3.93,4.12,4.31,4.12,2.0,0.39,20.0,0.0,0.4,0.3,78.0,81.8,85.6,81.8,2.0,7.9,20.0,0.0,0.3,9.0,9.0,9.0,9.0,2.0,0.0,20.0,0.0,0.4,0.3,7.79,7.79,7.79,7.79,2.0,0.0,20.0,0.0,0.4,0.3,4.5,4.5,4.5,4.5,2.0,0.0,20.0,0.0,0.4,0.3,1011.51,1011.95,1012.39,1011.95,2.0,0.92,20.0,0.0,0.4,0.3,0.0,0.0,0.0,0.0,2.0,0.0,20.0,0.0,0.4,0.3,70.1,70.1,70.1,70.1,2.0,0.0,20.0,0.0,0.4,0.3,40.5,40.5,40.5,40.5,2.0,0.0,20.0,0.0,0.4,0.3,-0.7,-0.7,-0.7,-0.7,2.0,0.0,20.0,0.0,0.4,0.3,-6.3,-6.3,-6.3,-6.3,2.0,0.0,20.0,0.0,0.4,0.3,0.48,0.67,0.87,0.67,2.0,0.4,20.0,0.0,0.4,0.3,4.3,6.1,7.8,6.1,2.0,3.6,20.0,0.0,0.4,0.3,31.2,31.2,31.2,31.2,2.0,0.0,20.0,0.0,0.4,0.3,18.0,18.0,18.0,18.0,2.0,0.0,20.0,0.0,0.4,0.3,30.6,32.1,33.6,32.1,2.0,3.1,20.0,0.0,0.4,0.3,17.7,18.5,19.4,18.5,2.0,1.8,20.0,0.0,0.4,0.3,3.8,5.3,6.8,5.3,2.0,3.1,20.0,0.0,0.4,0.3,2.2,3.0,3.9,3.0,2.0,1.8,20.0,0.0,0.4,0.3,729.0,729.0,729.0,729.0,2.0,0.0,20.0,0.0,0.4,0.3,730.0,730.0,730.0,730.0,2.0,0.0,20.0,0.0,0.4,0.3
1974,2,324.0,-52.0,4.33,4.6,4.87,4.6,2.0,0.57,20.0,0.5,0.3,0.6,7.0,7.0,7.0,7.0,1.0,0.0,18.0,1.0,0.5,0.2,4.97,4.97,4.97,4.97,1.0,0.0,18.0,1.0,0.5,0.2,80.1,80.1,80.1,80.1,1.0,0.0,18.0,1.0,0.2,13.16,13.5,13.84,13.5,2.0,0.71,20.0,0.5,0.3,0.6,10.47,11.56,12.65,11.56,2.0,2.26,20.0,0.5,0.3,0.6,-6.27,-1.78,2.7,-1.78,2.0,9.29,20.0,0.5,0.3,0.6,1010.87,1011.45,1012.03,1011.45,2.0,1.2,20.0,0.5,0.3,0.6,2.0,2.0,2.0,2.0,1.0,0.0,18.0,1.0,0.5,0.2,138.1,156.8,175.5,156.8,2.0,38.7,20.0,0.5,0.3,0.6,-80.8,-20.8,39.2,-20.8,2.0,124.2,20.0,0.5,0.3,0.6,-2.0,-2.0,-2.0,-2.0,1.0,0.0,18.0,1.0,0.5,0.2,-28.0,-28.0,-28.0,-28.0,1.0,0.0,18.0,1.0,0.5,0.2,0.44,0.44,0.44,0.44,1.0,0.0,18.0,1.0,0.5,0.2,6.1,6.1,6.1,6.1,1.0,0.0,18.0,1.0,0.5,0.2,92.1,92.1,92.1,92.1,1.0,0.0,18.0,1.0,0.5,0.2,33.5,33.5,33.5,33.5,1.0,0.0,18.0,1.0,0.5,0.2,65.4,65.4,65.4,65.4,1.0,0.0,18.0,1.0,0.5,0.2,23.8,23.8,23.8,23.8,1.0,0.0,18.0,1.0,0.5,0.2,5.8,5.8,5.8,5.8,1.0,0.0,18.0,1.0,0.5,0.2,2.1,2.1,2.1,2.1,1.0,0.0,18.0,1.0,0.5,0.2,2284.0,2470.5,2657.0,2470.5,2.0,387.0,20.0,0.5,0.3,0.6,2285.0,2470.0,2655.0,2470.0,2.0,385.0,20.0,0.5,0.3,0.6
1974,2,324.0,-51.0,6.02,6.05,6.08,6.05,2.0,0.07,18.0,0.5,0.9,0.5,6.0,6.0,6.0,6.0,1.0,0.0,18.0,0.0,1.0,0.9,5.06,5.06,5.06,5.06,1.0,0.0,18.0,0.0,1.0,0.9,87.6,87.6,87.6,87.6,1.0,0.0,18.0,0.0,0.9,12.95,15.0,17.05,15.0,2.0,4.24,18.0,0.5,0.9,0.5,11.56,14.06,16.56,14.06,2.0,5.19,18.0,0.5,0.9,0.5,-5.54,-4.56,-3.58,-4.56,2.0,2.03,18.0,0.5,0.9,0.5,1010.57,1012.0,1013.43,1012.0,2.0,2.97,18.0,0.5,0.9,0.5,0.0,0.0,0.0,0.0,1.0,0.0,18.0,0.0,1.0,0.9,155.6,221.9,288.2,221.9,2.0,137.4,18.0,0.5,0.9,0.5,-69.5,-64.1,-58.8,-64.1,2.0,11.1,18.0,0.5,0.9,0.5,0.0,0.0,0.0,0.0,1.0,0.0,18.0,0.0,1.0,0.9,0.0,0.0,0.0,0.0,1.0,0.0,18.0,0.0,1.0,0.9,0.72,0.72,0.72,0.72,1.0,0.0,18.0,0.0,1.0,0.9,8.6,8.6,8.6,8.6,1.0,0.0,18.0,0.0,1.0,0.9,62.4,62.4,62.4,62.4,1.0,0.0,18.0,0.0,1.0,0.9,-36.0,-36.0,-36.0,-36.0,1.0,0.0,18.0,0.0,1.0,0.9,52.6,52.6,52.6,52.6,1.0,0.0,18.0,0.0,1.0,0.9,-30.4,-30.4,-30.4,-30.4,1.0,0.0,18.0,0.0,1.0,0.9,7.5,7.5,7.5,7.5,1.0,0.0,18.0,0.0,1.0,0.9,-4.3,-4.3,-4.3,-4.3,1.0,0.0,18.0,0.0,1.0,0.9,2379.5,3780.0,5180.5,3780.0,2.0,2902.0,18.0,0.5,0.9,0.5,2380.0,3780.0,5180.0,3780.0,2.0,2900.0,18.0,0.5,0.9,0.5
1974,2,324.0,-38.0,20.0,20.0,20.0,20.0,1.0,0.0,16.0,0.0,0.3,0.9,17.4,17.4,17.4,17.4,1.0,0.0,16.0,0.0,0.3,0.9,11.24,11.24,11.24,11.24,1.0,0.0,16.0,0.0,0.3,0.9,90.9,90.9,90.9,90.9,1.0,0.0,16.0,0.0,0.9,9.3,9.3,9.3,9.3,1.0,0.0,16.0,0.0,0.3,0.9,8.74,8.74,8.74,8.74,1.0,0.0,16.0,0.0,0.3,0.9,-3.18,-3.18,-3.18,-3.18,1.0,0.0,16.0,0.0,0.3,0.9,1010.3,1010.3,1010.3,1010.3,1.0,0.0,16.0,0.0,0.3,0.9,4.0,4.0,4.0,4.0,1.0,0.0,16.0,0.0,0.3,0.9,81.3,81.3,81.3,81.3,1.0,0.0,16.0,0.0,0.3,0.9,-29.6,-29.6,-29.6,-29.6,1.0,0.0,16.0,0.0,0.3,0.9,2.6,2.6,2.6,2.6,1.0,0.0,16.0,0.0,0.3,0.9,24.2,24.2,24.2,24.2,1.0,0.0,16.0,0.0,0.3,0.9,3.34,3.34,3.34,3.34,1.0,0.0,16.0,0.0,0.3,0.9,31.1,31.1,31.1,31.1,1.0,0.0,16.0,0.0,0.3,0.9,152.1,152.1,152.1,152.1,1.0,0.0,16.0,0.0,0.3,0.9,-55.3,-55.3,-55.3,-55.3,1.0,0.0,16.0,0.0,0.3,0.9,98.2,98.2,98.2,98.2,1.0,0.0,16.0,0.0,0.3,0.9,-35.8,-35.8,-35.8,-35.8,1.0,0.0,16.0,0.0,0.3,0.9,29.2,29.2,29.2,29.2,1.0,0.0,16.0,0.0,0.3,0.9,-10.6,-10.6,-10.6,-10.6,1.0,0.0,16.0,0.0,0.3,0.9,804.5,804.5,804.5,804.5,1.0,0.0,16.0,0.0,0.3,0.9,805.0,805.0,805.0,805.0,1.0,0.0,16.0,0.0,0.3,0.9
1974,2,324.0,-35.0,,,,,,,,,,,,,,,,,,,,,,,,,,,,,,,,,,,,,,,,3.0,3.0,3.0,3.0,1.0,0.0,20.0,0.0,0.8,0.3,-3.0,-3.0,-3.0,-3.0,1.0,0.0,20.0,0.0,0.8,0.3,0.0,0.0,0.0,0.0,1.0,0.0,20.0,0.0,0.8,0.3,1003.3,1003.3,1003.3,1003.3,1.0,0.0,20.0,0.0,0.8,0.3,,,,,,,,,,,,,,,,,,,,,,,,,,,,,,,,,,,,,,,,,,,,,,,,,,,,,,,,,,,,,,,,,,,,,,,,,,,,,,,,,,,,,,,,,,,,,,,,,,,,,,,,,,,,,,,,,,,,,,,,,,,,,,,,,,,,,,,,,,,,,,,,,,,,,,
1974,2,324.0,-34.0,22.0,22.0,22.0,22.0,1.0,0.0,4.0,0.0,0.3,0.1,22.3,22.3,22.3,22.3,1.0,0.0,4.0,0.0,0.3,0.1,16.03,16.03,16.03,16.03,1.0,0.0,4.0,0.0,0.3,0.1,95.8,95.8,95.8,95.8,1.0,0.0,4.0,0.0,0.1,4.6,4.6,4.6,4.6,1.0,0.0,4.0,0.0,0.3,0.1,0.0,0.0,0.0,0.0,1.0,0.0,4.0,0.0,0.3,0.1,-4.6,-4.6,-4.6,-4.6,1.0,0.0,4.0,0.0,0.3,0.1,1015.2,1015.2,1015.2,1015.2,1.0,0.0,4.0,0.0,0.3,0.1,8.0,8.0,8.0,8.0,1.0,0.0,4.0,0.0,0.3,0.1,0.0,0.0,0.0,0.0,1.0,0.0,4.0,0.0,0.3,0.1,-21.2,-21.2,-21.2,-21.2,1.0,0.0,4.0,0.0,0.3,0.1,-0.3,-0.3,-0.3,-0.3,1.0,0.0,4.0,0.0,0.3,0.1,-1.4,-1.4,-1.4,-1.4,1.0,0.0,4.0,0.0,0.3,0.1,0.4,0.4,0.4,0.4,1.0,0.0,4.0,0.0,0.3,0.1,1.8,1.8,1.8,1.8,1.0,0.0,4.0,0.0,0.3,0.1,0.0,0.0,0.0,0.0,1.0,0.0,4.0,0.0,0.3,0.1,-102.6,-102.6,-102.6,-102.6,1.0,0.0,4.0,0.0,0.3,0.1,0.0,0.0,0.0,0.0,1.0,0.0,4.0,0.0,0.3,0.1,-73.7,-73.7,-73.7,-73.7,1.0,0.0,4.0,0.0,0.3,0.1,0.0,0.0,0.0,0.0,1.0,0.0,4.0,0.0,0.3,0.1,-1.8,-1.8,-1.8,-1.8,1.0,0.0,4.0,0.0,0.3,0.1,97.5,97.5,97.5,97.5,1.0,0.0,4.0,0.0,0.3,0.1,95.0,95.0,95.0,95.0,1.0,0.0,4.0,0.0,0.3,0.1
1974,2,324.0,-33.0,,,,,,,,,,,,,,,,,,,,,,,,,,,,,,,,,,,,,,,,4.0,4.0,4.0,4.0,1.0,0.0,16.0,0.0,0.7,0.3,3.46,3.46,3.46,3.46,1.0,0.0,16.0,0.0,0.7,0.3,2.0,2.0,2.0,2.0,1.0,0.0,16.0,0.0,0.7,0.3,1016.2,1016.2,1016.2,1016.2,1.0,0.0,16.0,0.0,0.7,0.3,,,,,,,,,,,,,,,,,,,,,,,,,,,,,,,,,,,,,,,,,,,,,,,,,,,,,,,,,,,,,,,,,,,,,,,,,,,,,,,,,,,,,,,,,,,,,,,,,,,,,,,,,,,,,,,,,,,,,,,,,,,,,,,,,,,,,,,,,,,,,,,,,,,,,,
1974,2,324.0,-31.0,24.14,24.65,25.16,24.65,2.0,1.06,18.0,0.5,0.7,0.2,23.72,24.2,24.68,24.2,2.0,0.99,18.0,0.5,0.7,0.2,16.1,16.25,16.39,16.25,2.0,0.31,18.0,0.5,0.7,0.2,84.8,86.5,88.3,86.5,2.0,3.6,18.0,0.5,0.2,3.41,5.15,6.89,5.15,2.0,3.61,18.0,0.5,0.7,0.2,-6.38,-3.79,-1.2,-3.79,2.0,5.36,18.0,0.5,0.7,0.2,-1.98,-0.63,0.71,-0.63,2.0,2.78,18.0,0.5,0.7,0.2,1013.6,1014.25,1014.9,1014.25,2.0,1.34,18.0,0.5,0.7,0.2,4.6,6.0,7.4,6.0,2.0,2.8,18.0,0.5,0.7,0.2,-49.1,-29.2,-9.3,-29.2,2.0,41.3,18.0,0.5,0.7,0.2,-4.1,1.8,7.6,1.8,2.0,12.1,18.0,0.5,0.7,0.2,0.42,0.45,0.48,0.45,2.0,0.07,18.0,0.5,0.7,0.2,1.6,2.2,2.8,2.2,2.0,1.3,18.0,0.5,0.7,0.2,2.65,3.11,3.58,3.11,2.0,0.96,18.0,0.5,0.7,0.2,11.3,14.3,17.3,14.3,2.0,6.3,18.0,0.5,0.7,0.2,-149.9,-89.1,-28.3,-89.1,2.0,126.0,18.0,0.5,0.7,0.2,-49.5,-16.7,16.2,-16.7,2.0,68.0,18.0,0.5,0.7,0.2,-102.3,-60.8,-19.3,-60.8,2.0,86.0,18.0,0.5,0.7,0.2,-32.6,-10.7,11.2,-10.7,2.0,45.4,18.0,0.5,0.7,0.2,-15.5,-9.2,-2.9,-9.2,2.0,13.0,18.0,0.5,0.7,0.2,-7.8,-3.3,1.2,-3.3,2.0,9.3,18.0,0.5,0.7,0.2,87.0,237.0,387.0,237.0,2.0,310.5,18.0,0.5,0.7,0.2,85.0,235.0,385.0,235.0,2.0,310.0,18.0,0.5,0.7,0.2
1974,2,324.0,-29.0,24.8,24.8,24.8,24.8,1.0,0.0,8.0,1.0,0.9,0.4,25.4,25.4,25.4,25.4,1.0,0.0,8.0,1.0,0.9,0.4,15.6,15.6,15.6,15.6,1.0,0.0,8.0,1.0,0.9,0.4,77.6,77.6,77.6,77.6,1.0,0.0,8.0,1.0,0.4,4.6,4.6,4.6,4.6,1.0,0.0,8.0,1.0,0.9,0.4,-4.53,-4.53,-4.53,-4.53,1.0,0.0,8.0,1.0,0.9,0.4,-0.8,-0.8,-0.8,-0.8,1.0,0.0,8.0,1.0,0.9,0.4,1017.9,1017.9,1017.9,1017.9,1.0,0.0,8.0,1.0,0.9,0.4,3.0,3.0,3.0,3.0,1.0,0.0,8.0,1.0,0.9,0.4,-20.8,-20.8,-20.8,-20.8,1.0,0.0,8.0,1.0,0.9,0.4,-3.7,-3.7,-3.7,-3.7,1.0,0.0,8.0,1.0,0.9,0.4,-0.6,-0.6,-0.6,-0.6,1.0,0.0,8.0,1.0,0.9,0.4,-2.8,-2.8,-2.8,-2.8,1.0,0.0,8.0,1.0,0.9,0.4,3.85,3.85,3.85,3.85,1.0,0.0,8.0,1.0,0.9,0.4,17.7,17.7,17.7,17.7,1.0,0.0,8.0,1.0,0.9,0.4,-115.1,-115.1,-115.1,-115.1,1.0,0.0,8.0,1.0,0.9,0.4,-20.3,-20.3,-20.3,-20.3,1.0,0.0,8.0,1.0,0.9,0.4,-70.7,-70.7,-70.7,-70.7,1.0,0.0,8.0,1.0,0.9,0.4,-12.5,-12.5,-12.5,-12.5,1.0,0.0,8.0,1.0,0.9,0.4,-17.4,-17.4,-17.4,-17.4,1.0,0.0,8.0,1.0,0.9,0.4,-3.1,-3.1,-3.1,-3.1,1.0,0.0,8.0,1.0,0.9,0.4,97.5,97.5,97.5,97.5,1.0,0.0,8.0,1.0,0.9,0.4,95.0,95.0,95.0,95.0,1.0,0.0,8.0,1.0,0.9,0.4
1974,2,324.0,-28.0,24.9,24.9,24.9,24.9,1.0,0.0,4.0,0.0,0.6,0.4,24.6,24.6,24.6,24.6,1.0,0.0,4.0,0.0,0.6,0.4,14.33,14.33,14.33,14.33,1.0,0.0,4.0,0.0,0.6,0.4,74.6,74.6,74.6,74.6,1.0,0.0,4.0,0.0,0.4,5.7,5.7,5.7,5.7,1.0,0.0,4.0,0.0,0.6,0.4,-2.85,-2.85,-2.85,-2.85,1.0,0.0,4.0,0.0,0.6,0.4,-4.94,-4.94,-4.94,-4.94,1.0,0.0,4.0,0.0,0.6,0.4,1015.2,1015.2,1015.2,1015.2,1.0,0.0,4.0,0.0,0.6,0.4,3.0,3.0,3.0,3.0,1.0,0.0,4.0,0.0,0.6,0.4,-16.2,-16.2,-16.2,-16.2,1.0,0.0,4.0,0.0,0.6,0.4,-28.1,-28.1,-28.1,-28.1,1.0,0.0,4.0,0.0,0.6,0.4,0.3,0.3,0.3,0.3,1.0,0.0,4.0,0.0,0.6,0.4,1.7,1.7,1.7,1.7,1.0,0.0,4.0,0.0,0.6,0.4,5.28,5.28,5.28,5.28,1.0,0.0,4.0,0.0,0.6,0.4,30.1,30.1,30.1,30.1,1.0,0.0,4.0,0.0,0.6,0.4,-70.1,-70.1,-70.1,-70.1,1.0,0.0,4.0,0.0,0.6,0.4,-121.4,-121.4,-121.4,-121.4,1.0,0.0,4.0,0.0,0.6,0.4,-40.8,-40.8,-40.8,-40.8,1.0,0.0,4.0,0.0,0.6,0.4,-70.7,-70.7,-70.7,-70.7,1.0,0.0,4.0,0.0,0.6,0.4,-15.1,-15.1,-15.1,-15.1,1.0,0.0,4.0,0.0,0.6,0.4,-26.1,-26.1,-26.1,-26.1,1.0,0.0,4.0,0.0,0.6,0.4,185.0,185.0,185.0,185.0,1.0,0.0,4.0,0.0,0.6,0.4,185.0,185.0,185.0,185.0,1.0,0.0,4.0,0.0,0.6,0.4
1974,2,324.0,-27.0,25.48,26.5,26.77,26.13,3.0,1.0,10.0,0.7,0.4,0.7,24.98,25.8,26.21,25.6,3.0,0.92,10.0,0.7,0.4,0.7,14.35,15.36,17.13,15.73,3.0,2.06,10.0,0.7,0.4,0.7,73.0,74.4,81.0,76.9,3.0,6.3,10.0,0.7,0.7,5.27,6.7,7.38,6.33,3.0,1.58,10.0,0.7,0.4,0.7,-7.07,-6.7,-4.85,-5.97,3.0,1.74,10.0,0.7,0.4,0.7,-1.57,0.0,1.8,0.11,3.0,2.47,10.0,0.7,0.4,0.7,1014.61,1015.5,1017.89,1016.23,3.0,2.48,10.0,0.7,0.4,0.7,3.3,4.0,6.0,4.7,3.0,2.1,10.0,0.7,0.4,0.7,-52.3,-44.9,-26.8,-39.6,3.0,19.2,10.0,0.7,0.4,0.7,-7.2,0.0,13.8,3.2,3.0,15.7,10.0,0.7,0.4,0.7,0.2,0.4,0.88,0.53,3.0,0.51,10.0,0.7,0.4,0.7,1.0,1.8,6.4,3.7,3.0,4.2,10.0,0.7,0.4,0.7,4.29,5.84,6.48,5.39,3.0,1.65,10.0,0.7,0.4,0.7,24.8,26.9,44.1,34.3,3.0,15.5,10.0,0.7,0.4,0.7,-183.6,-176.9,-123.0,-153.9,3.0,48.6,10.0,0.7,0.4,0.7,-38.6,0.0,46.4,3.8,3.0,62.3,10.0,0.7,0.4,0.7,-117.4,-111.2,-73.0,-95.6,3.0,35.2,10.0,0.7,0.4,0.7,-21.8,0.0,27.6,2.8,3.0,36.3,10.0,0.7,0.4,0.7,-41.0,-23.9,-23.5,-32.1,3.0,14.7,10.0,0.7,0.4,0.7,-9.2,0.0,12.2,1.5,3.0,15.7,10.0,0.7,0.4,0.7,162.0,301.0,407.0,285.0,3.0,180.0,10.0,0.7,0.4,0.7,160.0,300.0,405.0,285.0,3.0,180.0,10.0,0.7,0.4,0.7
1974,2,324.0,-24.0,27.5,27.7,27.9,27.7,2.0,0.42,14.0,0.5,0.5,0.2,26.22,26.7,27.18,26.7,2.0,0.99,14.0,0.5,0.5,0.2,18.51,18.51,18.51,18.51,1.0,0.0,22.0,1.0,0.8,0.3,81.2,81.2,81.2,81.2,1.0,0.0,22.0,1.0,0.3,3.3,4.8,6.3,4.8,2.0,3.11,14.0,0.5,0.5,0.2,-5.39,-2.84,-0.3,-2.84,2.0,5.28,14.0,0.5,0.5,0.2,-2.44,-2.42,-2.4,-2.42,2.0,0.03,14.0,0.5,0.5,0.2,1012.98,1014.45,1015.92,1014.45,2.0,3.04,14.0,0.5,0.5,0.2,5.2,5.5,5.8,5.5,2.0,0.7,14.0,0.5,0.5,0.2,-38.4,-21.9,-5.4,-21.9,2.0,34.2,14.0,0.5,0.5,0.2,-15.1,-11.6,-8.0,-11.6,2.0,7.4,14.0,0.5,0.5,0.2,0.32,1.0,1.68,1.0,2.0,1.41,14.0,0.5,0.5,0.2,2.2,7.0,11.8,7.0,2.0,9.9,14.0,0.5,0.5,0.2,4.34,4.34,4.34,4.34,1.0,0.0,22.0,1.0,0.8,0.3,11.3,11.3,11.3,11.3,1.0,0.0,22.0,1.0,0.8,0.3,-140.0,-73.3,-6.6,-73.3,2.0,138.2,14.0,0.5,0.5,0.2,-66.2,-64.6,-63.0,-64.6,2.0,3.3,14.0,0.5,0.5,0.2,16.5,16.5,16.5,16.5,1.0,0.0,22.0,1.0,0.8,0.3,-45.2,-45.2,-45.2,-45.2,1.0,0.0,22.0,1.0,0.8,0.3,3.9,3.9,3.9,3.9,1.0,0.0,22.0,1.0,0.8,0.3,-10.6,-10.6,-10.6,-10.6,1.0,0.0,22.0,1.0,0.8,0.3,69.0,180.5,291.5,180.5,2.0,230.0,14.0,0.5,0.5,0.2,70.0,180.0,290.0,180.0,2.0,230.0,14.0,0.5,0.5,0.2
1974,2,324.0,-20.0,,,,,,,,,,,,,,,,,,,,,,,,,,,,,,,,,,,,,,,,2.79,4.5,6.21,4.5,2.0,3.54,22.0,1.0,0.3,0.6,-4.79,-3.55,-2.31,-3.55,2.0,2.57,22.0,1.0,0.3,0.6,-3.94,-2.75,-1.56,-2.75,2.0,2.47,22.0,1.0,0.3,0.6,1013.32,1013.35,1013.38,1013.35,2.0,0.07,22.0,1.0,0.3,0.6,,,,,,,,,,,,,,,,,,,,,,,,,,,,,,,,,,,,,,,,,,,,,,,,,,,,,,,,,,,,,,,,,,,,,,,,,,,,,,,,,,,,,,,,,,,,,,,,,,,,,,,,,,,,,,,,,,,,,,,,,,,,,,,,,,,,,,,,,,,,,,,,,,,,,,
1974,2,324.0,-19.0,28.09,28.5,28.84,28.47,3.0,0.55,20.0,0.3,0.8,0.5,26.95,27.7,30.09,28.5,3.0,2.4,20.0,0.3,0.8,0.5,19.29,19.29,19.29,19.29,1.0,0.0,16.0,0.0,1.0,0.4,88.8,88.8,88.8,88.8,1.0,0.0,16.0,0.0,0.4,4.32,5.0,6.16,5.23,3.0,1.37,20.0,0.3,0.8,0.5,-5.88,-4.33,-3.94,-4.9,3.0,1.5,20.0,0.3,0.8,0.5,-2.14,-1.37,0.36,-0.9,3.0,1.88,20.0,0.3,0.8,0.5,1013.49,1013.9,1014.04,1013.77,3.0,0.42,20.0,0.3,0.8,0.5,2.3,3.0,3.7,3.0,3.0,1.0,20.0,0.3,0.8,0.5,-37.0,-21.7,-17.1,-27.0,3.0,15.3,20.0,0.3,0.8,0.5,-10.3,-5.5,3.6,-3.4,3.0,10.3,20.0,0.3,0.8,0.5,-1.43,1.3,1.3,-0.03,3.0,2.31,20.0,0.3,0.8,0.5,-7.6,5.2,7.6,0.1,3.0,11.9,20.0,0.3,0.8,0.5,4.22,4.22,4.22,4.22,1.0,0.0,16.0,0.0,1.0,0.4,28.3,28.3,28.3,28.3,1.0,0.0,16.0,0.0,1.0,0.4,-162.7,-135.1,-114.0,-138.2,3.0,35.8,20.0,0.3,0.8,0.5,-65.3,-37.9,9.1,-28.3,3.0,55.1,20.0,0.3,0.8,0.5,-127.3,-127.3,-127.3,-127.3,1.0,0.0,16.0,0.0,1.0,0.4,22.4,22.4,22.4,22.4,1.0,0.0,16.0,0.0,1.0,0.4,-27.8,-27.8,-27.8,-27.8,1.0,0.0,16.0,0.0,1.0,0.4,4.9,4.9,4.9,4.9,1.0,0.0,16.0,0.0,1.0,0.4,83.5,125.0,245.0,163.5,3.0,123.0,20.0,0.3,0.8,0.5,85.0,125.0,245.0,165.0,3.0,125.0,20.0,0.3,0.8,0.5
1974,2,324.0,-17.0,26.98,28.0,29.37,28.17,3.0,1.76,16.0,0.7,0.4,0.4,26.65,27.0,28.98,27.78,4.0,1.84,14.0,0.8,0.4,0.6,17.09,18.44,19.79,18.44,2.0,2.8,14.0,1.0,0.2,0.7,75.2,75.3,75.4,75.3,2.0,0.2,14.0,1.0,0.7,3.64,6.5,8.2,5.95,4.0,3.27,14.0,0.8,0.4,0.6,-7.11,-5.99,-3.49,-5.33,4.0,2.86,14.0,0.8,0.4,0.6,-0.9,1.38,4.1,1.59,4.0,2.91,14.0,0.8,0.4,0.6,1013.91,1014.8,1016.0,1014.95,4.0,1.56,14.0,0.8,0.4,0.6,2.0,4.0,7.0,4.5,4.0,3.0,14.0,0.8,0.4,0.6,-59.4,-38.9,-17.9,-38.7,4.0,29.9,14.0,0.8,0.4,0.6,-3.8,11.7,34.3,15.1,4.0,23.1,14.0,0.8,0.4,0.6,-0.7,-0.5,0.8,0.03,3.0,1.19,16.0,0.7,0.4,0.4,-4.1,-0.7,5.5,0.7,3.0,7.1,16.0,0.7,0.4,0.4,6.09,6.09,6.09,6.09,1.0,0.0,20.0,1.0,0.2,0.5,9.1,9.1,9.1,9.1,1.0,0.0,20.0,1.0,0.2,0.5,-191.5,-161.3,-95.6,-144.3,4.0,74.3,14.0,0.8,0.4,0.6,-25.4,36.3,110.5,42.3,4.0,78.9,14.0,0.8,0.4,0.6,-115.8,-79.6,-43.4,-79.6,2.0,75.0,14.0,1.0,0.2,0.7,-0.7,30.6,62.0,30.6,2.0,65.0,14.0,1.0,0.2,0.7,-7.9,-7.9,-7.9,-7.9,1.0,0.0,20.0,1.0,0.2,0.5,-4.6,-4.6,-4.6,-4.6,1.0,0.0,20.0,1.0,0.2,0.5,104.5,279.5,584.5,341.5,4.0,339.0,14.0,0.8,0.4,0.6,105.0,280.0,585.0,340.0,4.0,340.0,14.0,0.8,0.4,0.6
1974,2,324.0,-16.0,28.08,29.0,30.0,29.02,6.0,0.87,18.0,0.3,0.4,0.6,26.32,26.7,27.12,26.73,6.0,0.55,16.0,0.2,0.3,0.6,18.2,19.29,20.4,19.3,4.0,1.63,22.0,0.3,0.4,0.7,80.9,86.8,93.7,87.3,4.0,8.4,22.0,0.3,0.7,2.55,5.1,6.24,5.04,7.0,3.15,16.0,0.3,0.4,0.6,-5.89,-3.91,-1.28,-4.35,7.0,3.38,16.0,0.3,0.4,0.6,-0.83,1.91,3.01,1.23,7.0,2.08,16.0,0.3,0.4,0.6,1010.29,1012.5,1014.12,1012.19,7.0,1.81,16.0,0.3,0.4,0.6,2.0,3.0,5.0,3.3,7.0,1.8,16.0,0.3,0.4,0.6,-37.9,-19.9,-2.3,-31.0,7.0,41.0,16.0,0.3,0.4,0.6,-1.4,12.3,18.1,9.3,7.0,10.4,16.0,0.3,0.4,0.6,0.82,2.4,3.35,2.14,5.0,1.35,18.0,0.2,0.4,0.6,3.7,5.4,11.7,7.7,5.0,6.8,18.0,0.2,0.4,0.6,4.1,5.37,6.93,5.51,4.0,1.68,22.0,0.3,0.4,0.7,11.3,11.7,22.7,16.7,4.0,10.5,22.0,0.3,0.4,0.7,-178.1,-88.4,-32.3,-111.4,6.0,95.6,16.0,0.2,0.3,0.6,-29.6,45.4,61.9,24.5,6.0,57.2,16.0,0.2,0.3,0.6,-62.7,-41.1,-20.9,-41.7,4.0,24.4,22.0,0.3,0.4,0.7,-31.7,9.3,45.4,7.0,4.0,46.8,22.0,0.3,0.4,0.7,-18.0,-10.0,-6.6,-12.2,4.0,8.9,22.0,0.3,0.4,0.7,-8.3,0.2,13.8,2.6,4.0,14.0,22.0,0.3,0.4,0.7,17.0,132.5,269.5,278.0,7.0,473.0,16.0,0.3,0.4,0.6,15.0,135.0,270.0,280.0,7.0,475.0,16.0,0.3,0.4,0.6
1974,2,324.0,-15.0,27.5,27.9,28.87,28.0,10.0,0.71,20.0,0.5,0.6,0.5,26.12,26.5,28.44,26.98,11.0,1.16,18.0,0.5,0.6,0.5,17.37,18.07,20.94,18.54,7.0,1.75,20.0,0.3,0.5,0.6,76.3,81.7,87.4,83.1,9.0,6.9,20.0,0.4,0.5,3.04,4.6,7.77,5.12,10.0,2.08,20.0,0.5,0.6,0.5,-6.26,-4.26,-2.44,-4.18,10.0,1.79,20.0,0.5,0.6,0.5,-3.57,0.65,2.47,-0.02,10.0,3.29,20.0,0.5,0.6,0.5,1011.01,1012.3,1013.08,1012.17,9.0,1.44,18.0,0.3,0.6,0.5,1.0,3.0,7.4,3.8,11.0,3.0,18.0,0.5,0.6,0.5,-48.7,-19.6,-6.9,-24.5,10.0,18.4,20.0,0.5,0.6,0.5,-21.8,1.7,9.4,-1.9,10.0,23.2,20.0,0.5,0.6,0.5,-0.77,1.1,2.37,0.97,10.0,1.45,20.0,0.5,0.6,0.5,-3.7,4.7,9.3,4.8,10.0,9.1,20.0,0.5,0.6,0.5,4.02,5.45,6.3,5.1,7.0,1.53,20.0,0.3,0.5,0.6,19.2,25.8,39.8,29.0,7.0,13.1,20.0,0.3,0.5,0.6,-159.9,-113.9,-66.0,-112.5,10.0,47.8,20.0,0.5,0.6,0.5,-93.1,17.9,68.3,-1.5,10.0,88.2,20.0,0.5,0.6,0.5,-110.4,-82.3,-56.3,-86.6,7.0,29.2,20.0,0.3,0.5,0.6,-65.9,-14.5,43.1,-11.9,7.0,70.9,20.0,0.3,0.5,0.6,-34.3,-21.8,-14.7,-23.7,7.0,10.5,20.0,0.3,0.5,0.6,-19.6,-3.8,17.0,0.0,7.0,19.8,20.0,0.3,0.5,0.6,28.0,97.5,475.0,197.5,10.0,212.0,20.0,0.5,0.6,0.5,30.0,95.0,475.0,200.0,10.0,210.0,20.0,0.5,0.6,0.5
1974,2,324.0,-14.0,27.45,28.0,29.0,28.22,13.0,0.87,20.0,0.5,0.5,0.5,25.5,26.8,28.28,27.1,13.0,1.54,20.0,0.5,0.5,0.5,16.48,17.63,19.62,17.98,9.0,1.64,20.0,0.6,0.5,0.6,75.4,81.0,84.1,80.0,11.0,4.1,20.0,0.5,0.6,3.59,5.65,6.7,5.17,12.0,2.17,20.0,0.5,0.5,0.6,-6.22,-4.42,-1.75,-4.27,12.0,2.35,20.0,0.5,0.5,0.6,-0.58,0.0,3.44,0.86,12.0,2.76,20.0,0.5,0.5,0.6,1010.31,1011.6,1014.77,1012.28,11.0,2.2,20.0,0.5,0.5,0.6,1.9,6.0,7.1,4.9,13.0,2.6,20.0,0.5,0.5,0.5,-39.4,-22.2,-6.0,-25.8,12.0,22.1,20.0,0.5,0.5,0.6,-3.9,0.0,16.9,4.3,12.0,17.0,20.0,0.5,0.5,0.6,-0.28,1.1,2.27,1.12,13.0,1.34,20.0,0.5,0.5,0.5,0.4,4.1,14.9,6.8,12.0,7.9,20.0,0.5,0.5,0.6,4.57,5.77,6.93,6.07,9.0,1.81,20.0,0.6,0.5,0.6,13.5,27.8,44.6,29.3,9.0,17.9,20.0,0.6,0.5,0.6,-163.6,-124.9,-44.5,-115.5,12.0,64.9,20.0,0.5,0.5,0.6,-14.8,0.0,90.8,22.2,12.0,71.7,20.0,0.5,0.5,0.6,-104.2,-86.3,-35.5,-75.1,9.0,35.8,20.0,0.6,0.5,0.6,-28.5,0.0,41.1,3.9,9.0,42.2,20.0,0.6,0.5,0.6,-40.1,-24.5,-12.9,-25.1,9.0,14.1,20.0,0.6,0.5,0.6,-11.7,0.0,16.7,-0.7,9.0,19.3,20.0,0.6,0.5,0.6,53.5,185.5,301.0,202.0,12.0,197.5,20.0,0.5,0.5,0.6,55.0,185.0,300.0,200.0,12.0,200.0,20.0,0.5,0.5,0.6
1974,2,324.0,-13.0,27.75,28.2,29.0,28.4,11.0,0.85,18.0,0.5,0.5,0.6,26.83,27.5,29.71,27.89,11.0,1.79,18.0,0.5,0.5,0.6,16.85,17.69,19.6,18.48,9.0,2.52,18.0,0.7,0.5,0.6,68.3,79.8,85.7,78.5,10.0,9.5,20.0,0.6,0.6,3.98,6.2,6.7,5.47,11.0,1.66,18.0,0.5,0.5,0.6,-6.35,-5.13,-2.58,-4.86,11.0,1.76,18.0,0.5,0.5,0.6,-1.27,0.0,3.46,0.76,11.0,2.45,18.0,0.5,0.5,0.6,1009.26,1011.5,1013.29,1011.34,10.0,2.04,18.0,0.6,0.5,0.6,3.0,3.5,7.1,4.5,10.0,2.2,20.0,0.6,0.5,0.6,-40.8,-33.3,-9.6,-29.0,11.0,17.1,18.0,0.5,0.5,0.6,-5.6,0.0,20.8,5.5,11.0,14.8,18.0,0.5,0.5,0.6,-0.85,0.1,2.52,0.51,11.0,1.71,18.0,0.5,0.5,0.6,-5.0,0.3,13.4,3.2,11.0,10.5,18.0,0.5,0.5,0.6,4.22,5.58,7.71,5.46,9.0,2.25,18.0,0.7,0.5,0.6,15.8,22.6,47.3,29.8,9.0,17.0,18.0,0.7,0.5,0.6,-179.5,-140.2,-71.9,-136.0,11.0,51.2,18.0,0.5,0.5,0.6,-34.7,0.0,98.2,19.2,11.0,68.0,18.0,0.5,0.5,0.6,-131.0,-90.8,-42.7,-89.0,9.0,38.7,18.0,0.7,0.5,0.6,-24.6,0.0,64.9,14.2,9.0,50.6,18.0,0.7,0.5,0.6,-41.6,-21.1,-11.5,-26.0,9.0,16.2,18.0,0.7,0.5,0.6,-5.8,0.0,23.5,8.1,9.0,14.0,18.0,0.7,0.5,0.6,69.5,238.5,301.0,204.0,11.0,153.5,18.0,0.5,0.5,0.6,70.0,240.0,300.0,205.0,11.0,155.0,18.0,0.5,0.5,0.6
1974,2,324.0,-12.0,27.71,28.3,29.0,28.3,27.0,0.86,12.0,0.5,0.4,0.5,25.69,27.15,28.0,26.93,26.0,1.15,14.0,0.5,0.5,0.5,16.29,17.46,19.2,17.72,25.0,1.6,14.0,0.4,0.4,0.5,71.6,78.4,89.9,80.3,25.0,9.3,14.0,0.4,0.5,2.6,4.35,7.2,4.72,28.0,2.4,14.0,0.5,0.4,0.5,-7.09,-3.49,-1.65,-4.04,28.0,2.56,14.0,0.5,0.4,0.5,-1.0,1.24,3.17,1.07,28.0,2.04,14.0,0.5,0.4,0.5,1008.59,1010.5,1012.8,1010.63,28.0,2.3,14.0,0.5,0.4,0.5,1.1,4.0,6.9,3.9,27.0,2.5,14.0,0.5,0.4,0.5,-51.1,-12.9,-4.6,-24.6,28.0,25.4,14.0,0.5,0.4,0.5,-5.8,3.9,11.8,4.9,28.0,14.9,14.0,0.5,0.4,0.5,0.5,1.0,3.02,1.4,26.0,1.52,14.0,0.5,0.5,0.5,1.0,4.5,19.9,8.2,26.0,9.2,14.0,0.5,0.5,0.5,5.49,7.11,7.86,6.62,25.0,1.76,14.0,0.4,0.4,0.5,17.8,27.8,46.3,31.3,25.0,14.8,14.0,0.4,0.4,0.5,-186.2,-93.0,-45.5,-112.0,26.0,68.1,14.0,0.5,0.5,0.5,-28.8,34.0,74.5,28.6,26.0,53.5,14.0,0.5,0.5,0.5,-133.2,-69.8,-31.9,-79.1,25.0,50.5,14.0,0.4,0.4,0.5,-18.6,22.7,44.4,19.1,25.0,38.4,14.0,0.4,0.4,0.5,-42.8,-23.7,-12.8,-27.0,25.0,15.2,14.0,0.4,0.4,0.5,-8.7,7.9,15.7,7.2,25.0,13.8,14.0,0.4,0.4,0.5,17.5,83.0,373.0,191.0,28.0,271.0,14.0,0.5,0.4,0.5,20.0,85.0,375.0,190.0,28.0,270.0,14.0,0.5,0.4,0.5
1974,2,324.0,-11.0,27.13,28.1,29.4,28.27,24.0,1.03,14.0,0.5,0.5,0.6,26.49,27.6,28.51,27.59,26.0,1.07,16.0,0.5,0.5,0.6,15.96,17.34,19.05,17.52,23.0,1.88,16.0,0.5,0.5,0.6,69.1,75.3,83.0,75.9,23.0,6.6,16.0,0.5,0.6,3.1,4.1,7.2,4.84,27.0,2.21,16.0,0.4,0.5,0.6,-5.29,-3.85,-2.05,-3.76,27.0,2.27,16.0,0.4,0.5,0.6,-0.62,1.23,3.02,0.98,27.0,2.89,16.0,0.4,0.5,0.6,1009.73,1011.0,1012.3,1011.03,27.0,1.42,16.0,0.4,0.5,0.6,2.0,3.0,6.0,3.7,26.0,2.1,16.0,0.5,0.5,0.6,-30.5,-16.6,-5.3,-21.8,27.0,21.9,16.0,0.4,0.5,0.6,-2.6,3.7,12.0,3.7,27.0,22.3,16.0,0.4,0.5,0.6,-0.34,0.45,1.74,0.59,24.0,1.1,14.0,0.5,0.5,0.6,-1.3,1.5,9.7,3.0,24.0,6.7,14.0,0.5,0.5,0.6,4.75,6.38,8.4,6.52,22.0,1.74,14.0,0.5,0.5,0.6,16.8,32.6,45.7,32.3,22.0,15.1,14.0,0.5,0.5,0.6,-149.1,-106.4,-70.0,-109.9,26.0,58.9,16.0,0.5,0.5,0.6,-22.0,31.0,84.1,24.7,26.0,80.1,16.0,0.5,0.5,0.6,-97.9,-62.5,-44.1,-72.5,23.0,43.1,16.0,0.5,0.5,0.6,-20.8,17.1,51.2,13.5,23.0,55.8,16.0,0.5,0.5,0.6,-37.3,-26.9,-15.5,-26.3,22.0,12.5,14.0,0.5,0.5,0.6,-7.5,6.7,13.7,5.2,22.0,20.2,14.0,0.5,0.5,0.6,30.0,69.0,373.0,189.5,27.0,260.5,16.0,0.4,0.5,0.6,30.0,70.0,375.0,190.0,27.0,260.0,16.0,0.4,0.5,0.6
1974,2,324.0,-10.0,27.83,28.0,29.13,28.29,22.0,0.81,16.0,0.6,0.8,0.5,26.29,28.0,28.38,27.5,21.0,1.19,16.0,0.6,0.8,0.5,16.38,17.53,19.78,17.77,19.0,1.54,16.0,0.6,0.8,0.5,71.3,77.0,85.5,78.2,19.0,7.2,16.0,0.6,0.5,2.43,3.6,6.24,4.05,24.0,2.09,16.0,0.6,0.8,0.5,-5.68,-2.94,-1.19,-3.07,24.0,2.51,16.0,0.6,0.8,0.5,-1.21,1.24,2.48,0.77,24.0,2.17,16.0,0.6,0.8,0.5,1008.87,1010.0,1012.0,1010.33,24.0,1.6,16.0,0.6,0.8,0.5,1.0,3.0,6.0,3.2,24.0,2.3,16.0,0.6,0.8,0.5,-34.4,-11.2,-2.2,-16.6,24.0,21.4,16.0,0.6,0.8,0.5,-4.2,3.6,9.8,2.2,24.0,12.6,16.0,0.6,0.8,0.5,-0.08,0.4,1.93,0.74,21.0,1.06,16.0,0.6,0.8,0.5,-0.1,1.4,6.5,2.7,21.0,4.2,16.0,0.6,0.8,0.5,4.89,6.39,7.47,6.2,19.0,1.51,16.0,0.6,0.8,0.5,11.4,25.3,42.5,25.8,19.0,14.8,16.0,0.6,0.8,0.5,-161.8,-87.3,-39.4,-95.2,21.0,59.5,16.0,0.6,0.8,0.5,-42.6,32.3,63.1,17.4,21.0,61.3,16.0,0.6,0.8,0.5,-101.5,-54.2,-29.2,-63.4,19.0,38.7,16.0,0.6,0.8,0.5,-18.4,20.2,45.7,16.5,19.0,34.5,16.0,0.6,0.8,0.5,-40.1,-19.9,-8.9,-21.9,19.0,14.2,16.0,0.6,0.8,0.5,-6.0,7.0,14.3,6.4,19.0,13.0,16.0,0.6,0.8,0.5,14.5,46.5,245.5,125.0,24.0,204.0,16.0,0.6,0.8,0.5,15.0,45.0,245.0,125.0,24.0,205.0,16.0,0.6,0.8,0.5
1974,2,324.0,-9.0,,,,,,,,,,,,,,,,,,,,,,,,,,,,,,,,,,,,,,,,3.6,3.6,3.6,3.6,1.0,0.0,22.0,1.0,1.0,0.1,1.8,1.8,1.8,1.8,1.0,0.0,22.0,1.0,1.0,0.1,3.12,3.12,3.12,3.12,1.0,0.0,22.0,1.0,1.0,0.1,1009.0,1009.0,1009.0,1009.0,1.0,0.0,22.0,1.0,1.0,0.1,,,,,,,,,,,,,,,,,,,,,,,,,,,,,,,,,,,,,,,,,,,,,,,,,,,,,,,,,,,,,,,,,,,,,,,,,,,,,,,,,,,,,,,,,,,,,,,,,,,,,,,,,,,,,,,,,,,,,,,,,,,,,,,,,,,,,,,,,,,,,,,,,,,,,,
1974,2,324.0,-6.0,,,,,,,,,,,,,,,,,,,,,,,,,,,,,,,,,,,,,,,,3.6,3.6,3.6,3.6,2.0,0.0,20.0,1.0,0.9,0.5,-3.34,-3.25,-3.16,-3.25,2.0,0.19,20.0,1.0,0.9,0.5,1.32,1.52,1.71,1.52,2.0,0.4,20.0,1.0,0.9,0.5,1009.16,1009.5,1009.84,1009.5,2.0,0.71,20.0,1.0,0.9,0.5,,,,,,,,,,,,,,,,,,,,,,,,,,,,,,,,,,,,,,,,,,,,,,,,,,,,,,,,,,,,,,,,,,,,,,,,,,,,,,,,,,,,,,,,,,,,,,,,,,,,,,,,,,,,,,,,,,,,,,,,,,,,,,,,,,,,,,,,,,,,,,,,,,,,,,
1974,2,324.0,-5.0,27.27,27.9,28.71,27.9,8.0,0.73,12.0,0.4,0.6,0.6,26.21,27.2,27.92,27.14,9.0,0.82,12.0,0.3,0.6,0.5,17.47,17.91,18.16,17.7,7.0,0.87,14.0,0.3,0.6,0.6,75.2,78.4,81.4,78.5,7.0,4.3,14.0,0.3,0.6,3.71,5.4,8.14,5.91,8.0,2.29,16.0,0.4,0.6,0.6,-7.85,-4.74,-3.21,-5.25,8.0,2.0,16.0,0.4,0.6,0.6,0.09,1.61,4.39,2.11,8.0,2.14,16.0,0.4,0.6,0.6,1008.54,1010.0,1011.0,1009.61,10.0,1.95,14.0,0.4,0.6,0.5,1.4,3.5,8.0,4.3,10.0,3.2,14.0,0.4,0.6,0.5,-63.1,-29.5,-12.0,-34.7,8.0,24.7,16.0,0.4,0.6,0.6,0.4,8.5,39.7,15.1,8.0,18.5,16.0,0.4,0.6,0.6,-0.89,1.05,1.68,0.61,8.0,1.17,12.0,0.4,0.6,0.6,-5.2,5.3,12.2,4.5,7.0,8.3,14.0,0.3,0.6,0.6,5.02,5.35,7.17,5.89,7.0,1.28,14.0,0.3,0.6,0.6,23.2,31.4,61.8,37.1,7.0,18.0,14.0,0.3,0.6,0.6,-211.3,-137.1,-111.4,-150.4,7.0,51.1,14.0,0.3,0.6,0.6,0.0,37.2,129.6,59.3,7.0,63.9,14.0,0.3,0.6,0.6,-129.1,-88.0,-69.2,-97.8,7.0,32.6,14.0,0.3,0.6,0.6,0.0,22.6,84.6,38.0,7.0,41.3,14.0,0.3,0.6,0.6,-55.7,-24.3,-20.7,-33.6,7.0,17.2,14.0,0.3,0.6,0.6,0.0,10.7,25.1,11.9,7.0,12.3,14.0,0.3,0.6,0.6,52.5,168.0,541.0,290.0,8.0,284.0,16.0,0.4,0.6,0.6,50.0,170.0,540.0,290.0,8.0,285.0,16.0,0.4,0.6,0.6
1974,2,324.0,-4.0,27.69,28.9,29.52,28.62,6.0,1.23,10.0,0.5,0.5,0.3,25.96,26.6,28.94,27.4,6.0,2.02,10.0,0.5,0.5,0.3,17.24,17.8,21.33,18.9,6.0,2.73,10.0,0.5,0.5,0.3,76.6,83.3,85.3,82.3,6.0,6.1,10.0,0.5,0.3,2.77,5.65,8.24,5.65,6.0,3.17,10.0,0.5,0.5,0.3,-7.87,-5.65,-1.82,-5.33,6.0,3.4,10.0,0.5,0.5,0.3,-0.2,0.0,2.43,0.67,6.0,1.47,10.0,0.5,0.5,0.3,1009.03,1010.0,1012.02,1010.23,6.0,1.59,10.0,0.5,0.5,0.3,5.6,8.0,8.0,7.0,5.0,1.4,10.0,0.6,0.4,0.4,-66.1,-32.2,-5.3,-39.0,6.0,38.5,10.0,0.5,0.5,0.3,-0.3,0.0,10.0,4.4,6.0,8.4,10.0,0.5,0.5,0.3,-0.1,1.35,2.57,1.22,6.0,2.03,10.0,0.5,0.5,0.3,-1.8,4.8,8.0,1.9,6.0,11.5,10.0,0.5,0.5,0.3,4.29,5.93,7.35,5.76,6.0,2.45,10.0,0.5,0.5,0.3,15.0,23.4,41.3,27.9,6.0,15.5,10.0,0.5,0.5,0.3,-229.0,-146.4,-49.2,-150.3,6.0,105.7,10.0,0.5,0.5,0.3,-5.2,0.0,66.7,19.1,6.0,40.5,10.0,0.5,0.5,0.3,-153.3,-95.2,-37.0,-104.0,6.0,78.9,10.0,0.5,0.5,0.3,-3.5,0.0,47.8,13.3,6.0,28.0,10.0,0.5,0.5,0.3,-40.7,-23.4,-10.4,-25.9,6.0,16.1,10.0,0.5,0.5,0.3,-1.8,0.0,13.1,3.5,6.0,9.7,10.0,0.5,0.5,0.3,24.5,185.5,588.0,325.5,6.0,410.5,10.0,0.5,0.5,0.3,25.0,185.0,590.0,325.0,6.0,410.0,10.0,0.5,0.5,0.3
1974,2,324.0,-3.0,27.75,28.05,28.61,28.18,4.0,0.55,18.0,0.3,0.6,0.6,26.46,27.6,27.8,27.15,4.0,1.05,18.0,0.3,0.6,0.6,16.64,16.89,17.43,17.03,4.0,0.6,18.0,0.3,0.6,0.6,72.2,74.5,79.4,75.7,4.0,4.6,18.0,0.3,0.6,3.81,4.85,6.72,5.25,4.0,2.14,18.0,0.3,0.6,0.6,-6.51,-4.66,-2.16,-4.35,4.0,3.32,18.0,0.3,0.6,0.6,-1.24,1.11,1.59,0.22,4.0,2.25,18.0,0.3,0.6,0.6,1007.96,1009.15,1009.92,1008.95,4.0,1.32,18.0,0.3,0.6,0.6,1.0,4.0,7.0,4.0,4.0,3.7,18.0,0.3,0.6,0.6,-46.3,-22.6,-9.9,-27.9,4.0,27.7,18.0,0.3,0.6,0.6,-3.3,6.3,10.4,3.7,4.0,9.4,18.0,0.3,0.6,0.6,0.24,1.0,1.81,1.03,4.0,0.95,18.0,0.3,0.6,0.6,0.7,4.2,12.3,6.4,4.0,7.8,18.0,0.3,0.6,0.6,6.38,6.52,7.64,6.99,4.0,1.11,18.0,0.3,0.6,0.6,26.0,36.5,46.8,36.4,4.0,14.1,18.0,0.3,0.6,0.6,-171.7,-128.7,-59.1,-116.0,4.0,85.7,18.0,0.3,0.6,0.6,-34.7,29.2,42.8,5.2,4.0,61.9,18.0,0.3,0.6,0.6,-109.9,-77.9,-35.5,-72.9,4.0,55.9,18.0,0.3,0.6,0.6,-22.8,18.6,26.9,2.8,4.0,39.4,18.0,0.3,0.6,0.6,-46.1,-35.2,-14.9,-30.7,4.0,22.3,18.0,0.3,0.6,0.6,-6.9,8.1,10.4,2.0,4.0,14.4,18.0,0.3,0.6,0.6,62.0,115.0,352.0,203.0,4.0,236.5,18.0,0.3,0.6,0.6,60.0,115.0,350.0,205.0,4.0,235.0,18.0,0.3,0.6,0.6
1974,2,324.0,-2.0,27.02,27.55,28.87,27.77,8.0,1.21,14.0,0.8,0.6,0.4,25.82,27.0,28.27,27.08,8.0,1.36,10.0,0.6,0.5,0.5,16.89,17.58,19.36,18.22,6.0,1.87,12.0,0.7,0.6,0.5,76.5,81.6,86.3,81.0,6.0,7.0,12.0,0.7,0.5,2.73,4.6,5.76,4.32,9.0,2.59,12.0,0.7,0.5,0.4,-4.74,-3.91,-1.19,-3.48,9.0,2.78,12.0,0.7,0.5,0.4,-3.12,0.0,1.93,-0.17,9.0,2.52,12.0,0.7,0.5,0.4,1006.4,1008.8,1009.95,1008.73,9.0,2.17,12.0,0.7,0.5,0.4,3.3,5.0,8.0,5.7,9.0,2.3,12.0,0.7,0.5,0.4,-26.7,-19.9,-3.6,-21.2,9.0,26.1,12.0,0.7,0.5,0.4,-14.5,0.0,9.0,-1.1,9.0,12.7,12.0,0.7,0.5,0.4,-0.53,0.8,0.82,0.37,7.0,0.84,12.0,0.7,0.6,0.5,-3.3,1.9,4.1,0.0,7.0,5.3,12.0,0.7,0.6,0.5,4.15,5.29,5.92,5.07,6.0,0.92,12.0,0.7,0.6,0.5,8.8,17.2,31.6,21.0,6.0,18.7,12.0,0.7,0.6,0.5,-138.7,-110.1,-30.3,-102.4,8.0,81.5,10.0,0.6,0.5,0.5,-75.8,22.9,50.9,4.1,8.0,67.9,10.0,0.6,0.5,0.5,-114.3,-57.3,-15.1,-65.2,6.0,59.1,12.0,0.7,0.6,0.5,0.0,30.4,40.9,25.1,6.0,21.1,12.0,0.7,0.6,0.5,-30.2,-12.1,-4.7,-18.0,6.0,19.7,12.0,0.7,0.6,0.5,0.0,8.6,10.9,7.2,6.0,6.2,12.0,0.7,0.6,0.5,21.0,97.5,193.5,162.0,9.0,251.0,12.0,0.7,0.5,0.4,20.0,95.0,195.0,160.0,9.0,250.0,12.0,0.7,0.5,0.4
1974,2,324.0,-1.0,27.39,27.8,28.55,27.97,3.0,0.86,14.0,0.3,0.4,0.4,25.66,26.0,26.82,26.23,3.0,0.87,14.0,0.3,0.4,0.4,17.31,18.09,18.7,18.01,3.0,1.02,14.0,0.3,0.4,0.4,81.1,83.0,88.0,84.5,3.0,5.2,14.0,0.3,0.4,3.76,4.1,4.78,4.27,3.0,0.76,14.0,0.3,0.4,0.4,-4.14,-3.55,-3.44,-3.78,3.0,0.55,14.0,0.3,0.4,0.4,-1.79,-1.23,1.35,-0.24,3.0,2.45,14.0,0.3,0.4,0.4,1009.49,1011.2,1011.47,1010.5,3.0,1.57,14.0,0.3,0.4,0.4,3.0,5.0,6.4,4.7,3.0,2.5,14.0,0.3,0.4,0.4,-20.0,-14.6,-12.9,-16.4,3.0,5.4,14.0,0.3,0.4,0.4,-7.1,-4.4,7.5,0.1,3.0,11.4,14.0,0.3,0.4,0.4,0.57,1.8,2.89,1.73,3.0,1.7,14.0,0.3,0.4,0.4,2.1,6.5,11.6,6.8,3.0,7.0,14.0,0.3,0.4,0.4,4.46,4.52,6.97,5.69,3.0,2.1,14.0,0.3,0.4,0.4,18.2,23.1,30.0,24.1,3.0,8.7,14.0,0.3,0.4,0.4,-110.7,-90.5,-88.8,-99.5,3.0,17.9,14.0,0.3,0.4,0.4,-45.8,-32.0,37.2,-5.0,3.0,65.2,14.0,0.3,0.4,0.4,-74.9,-64.2,-61.5,-68.1,3.0,10.4,14.0,0.3,0.4,0.4,-31.1,-23.4,24.1,-4.0,3.0,43.8,14.0,0.3,0.4,0.4,-26.0,-20.0,-16.6,-21.3,3.0,7.0,14.0,0.3,0.4,0.4,-13.1,-5.5,6.1,-3.5,3.0,14.2,14.0,0.3,0.4,0.4,53.5,69.0,112.5,82.5,3.0,44.5,14.0,0.3,0.4,0.4,55.0,70.0,110.0,85.0,3.0,45.0,14.0,0.3,0.4,0.4
1974,2,324.0,0.0,26.8,27.45,28.1,27.45,2.0,1.34,12.0,0.5,0.5,0.4,26.42,26.9,27.38,26.9,2.0,0.99,12.0,0.5,0.5,0.4,16.84,17.53,18.23,17.53,2.0,1.44,12.0,0.5,0.5,0.4,74.0,79.4,84.7,79.4,2.0,11.0,12.0,0.5,0.4,2.48,4.6,6.72,4.6,2.0,4.38,12.0,0.5,0.5,0.4,-5.76,-3.82,-1.87,-3.82,2.0,4.03,12.0,0.5,0.5,0.4,-3.42,-2.5,-1.58,-2.5,2.0,1.91,12.0,0.5,0.5,0.4,1010.05,1010.15,1010.25,1010.15,2.0,0.21,12.0,0.5,0.5,0.4,3.5,4.5,5.5,4.5,2.0,2.1,12.0,0.5,0.5,0.4,-43.4,-26.4,-9.4,-26.4,2.0,35.3,12.0,0.5,0.5,0.4,-25.2,-15.7,-6.2,-15.7,2.0,19.7,12.0,0.5,0.5,0.4,0.38,0.55,0.72,0.55,2.0,0.35,12.0,0.5,0.5,0.4,1.4,1.8,2.1,1.8,2.0,0.8,12.0,0.5,0.5,0.4,3.89,5.47,7.05,5.47,2.0,3.28,12.0,0.5,0.5,0.4,13.7,18.0,22.3,18.0,2.0,8.9,12.0,0.5,0.5,0.4,-151.2,-100.7,-50.1,-100.7,2.0,104.7,12.0,0.5,0.5,0.4,-89.9,-66.3,-42.7,-66.3,2.0,48.9,12.0,0.5,0.5,0.4,-106.6,-69.8,-33.0,-69.8,2.0,76.2,12.0,0.5,0.5,0.4,-63.1,-45.2,-27.3,-45.2,2.0,37.1,12.0,0.5,0.5,0.4,-18.9,-14.3,-9.7,-14.3,2.0,9.5,12.0,0.5,0.5,0.4,-11.6,-10.5,-9.5,-10.5,2.0,2.3,12.0,0.5,0.5,0.4,75.5,230.0,384.5,230.0,2.0,320.5,12.0,0.5,0.5,0.4,75.0,230.0,385.0,230.0,2.0,320.0,12.0,0.5,0.5,0.4
1974,2,324.0,1.0,26.74,26.95,27.37,27.05,4.0,0.47,24.0,0.5,0.6,0.5,26.1,26.2,27.67,26.85,4.0,1.44,24.0,0.5,0.6,0.5,16.36,17.26,18.07,17.22,4.0,0.99,24.0,0.5,0.6,0.5,74.6,77.4,81.6,78.1,4.0,5.3,24.0,0.5,0.5,5.12,6.2,8.06,6.58,4.0,2.01,24.0,0.5,0.6,0.5,-6.36,-4.82,-2.95,-4.66,4.0,2.04,24.0,0.5,0.6,0.5,-5.81,-4.18,-1.9,-3.87,4.0,2.93,24.0,0.5,0.6,0.5,1008.59,1012.05,1013.1,1010.9,4.0,3.16,24.0,0.5,0.6,0.5,4.0,5.5,7.0,5.5,4.0,2.1,24.0,0.5,0.6,0.5,-50.5,-32.9,-15.5,-33.0,4.0,20.8,24.0,0.5,0.6,0.5,-46.6,-21.6,-8.7,-27.4,4.0,28.0,24.0,0.5,0.6,0.5,-0.49,0.55,0.86,0.2,4.0,1.03,24.0,0.5,0.6,0.5,-5.1,3.3,4.3,-0.2,4.0,8.0,24.0,0.5,0.6,0.5,4.63,5.25,5.76,5.2,4.0,0.85,24.0,0.5,0.6,0.5,25.8,32.0,42.3,33.9,4.0,10.8,24.0,0.5,0.6,0.5,-174.5,-134.7,-77.0,-126.2,4.0,57.7,24.0,0.5,0.6,0.5,-162.7,-109.0,-49.3,-106.1,4.0,84.5,24.0,0.5,0.6,0.5,-109.3,-87.1,-51.1,-80.5,4.0,35.2,24.0,0.5,0.6,0.5,-105.0,-71.8,-30.9,-68.1,4.0,53.1,24.0,0.5,0.6,0.5,-33.4,-23.1,-14.6,-24.0,4.0,10.9,24.0,0.5,0.6,0.5,-31.1,-21.3,-8.5,-19.9,4.0,15.5,24.0,0.5,0.6,0.5,139.0,243.0,564.5,347.0,4.0,316.0,24.0,0.5,0.6,0.5,140.0,245.0,565.0,345.0,4.0,315.0,24.0,0.5,0.6,0.5
1974,2,324.0,2.0,26.39,26.8,27.21,26.8,2.0,0.85,20.0,0.5,0.6,0.1,24.8,24.8,24.8,24.8,1.0,0.0,10.0,0.0,0.4,0.3,17.99,17.99,17.99,17.99,1.0,0.0,10.0,0.0,0.4,0.3,91.9,91.9,91.9,91.9,1.0,0.0,10.0,0.0,0.3,9.3,9.3,9.3,9.3,1.0,0.0,28.0,1.0,0.8,0.0,-5.98,-5.98,-5.98,-5.98,1.0,0.0,28.0,1.0,0.8,0.0,-7.12,-7.12,-7.12,-7.12,1.0,0.0,28.0,1.0,0.8,0.0,1010.5,1010.7,1010.9,1010.7,2.0,0.42,20.0,0.5,0.6,0.1,5.5,6.5,7.5,6.5,2.0,2.1,20.0,0.5,0.6,0.1,-55.6,-55.6,-55.6,-55.6,1.0,0.0,28.0,1.0,0.8,0.0,-66.3,-66.3,-66.3,-66.3,1.0,0.0,28.0,1.0,0.8,0.0,,,,,,,,,,,,,,,,,,,,,,,,,,,,,,,,,,,,,,,,,,,,,,,,,,,,,,,,,,,,,,,,,,,,,,,,,,,,,,,,,,,,,,,,,,,,,,,,,,,,,,,,,,,,,,,,,,,,,,,,
1974,2,324.0,4.0,27.1,27.1,27.1,27.1,1.0,0.0,12.0,1.0,0.7,0.8,24.32,25.0,25.68,25.0,2.0,1.41,14.0,1.0,0.4,0.7,15.7,15.7,15.7,15.7,1.0,0.0,12.0,1.0,0.7,0.8,66.5,69.9,73.3,69.9,2.0,7.0,14.0,1.0,0.7,10.96,11.3,11.64,11.3,2.0,0.71,14.0,1.0,0.4,0.7,-9.7,-8.58,-7.46,-8.58,2.0,2.32,14.0,1.0,0.4,0.7,-7.9,-7.09,-6.28,-7.09,2.0,1.68,14.0,1.0,0.4,0.7,1011.4,1011.4,1011.4,1011.4,1.0,0.0,12.0,1.0,0.7,0.8,3.0,5.0,7.0,5.0,2.0,4.2,14.0,1.0,0.4,0.7,-113.3,-97.8,-82.2,-97.8,2.0,32.3,14.0,1.0,0.4,0.7,-86.2,-79.5,-72.8,-79.5,2.0,14.0,14.0,1.0,0.4,0.7,1.1,1.1,1.1,1.1,1.0,0.0,12.0,1.0,0.7,0.8,11.9,11.9,11.9,11.9,1.0,0.0,12.0,1.0,0.7,0.8,6.77,6.77,6.77,6.77,1.0,0.0,12.0,1.0,0.7,0.8,73.1,73.1,73.1,73.1,1.0,0.0,12.0,1.0,0.7,0.8,-235.0,-212.9,-190.8,-212.9,2.0,45.8,14.0,1.0,0.4,0.7,-203.4,-178.4,-153.3,-178.4,2.0,52.0,14.0,1.0,0.4,0.7,-109.0,-109.0,-109.0,-109.0,1.0,0.0,12.0,1.0,0.7,0.8,-129.9,-129.9,-129.9,-129.9,1.0,0.0,12.0,1.0,0.7,0.8,-47.0,-47.0,-47.0,-47.0,1.0,0.0,12.0,1.0,0.7,0.8,-56.0,-56.0,-56.0,-56.0,1.0,0.0,12.0,1.0,0.7,0.8,1320.5,1451.5,1582.0,1451.5,2.0,271.0,14.0,1.0,0.4,0.7,1320.0,1450.0,1580.0,1450.0,2.0,270.0,14.0,1.0,0.4,0.7
1974,2,324.0,5.0,26.66,26.7,27.6,27.1,5.0,0.71,18.0,0.4,0.4,0.2,25.56,25.8,25.8,25.7,5.0,0.14,18.0,0.4,0.4,0.2,15.13,15.54,16.3,15.7,4.0,0.93,18.0,0.3,0.3,0.2,72.9,75.5,79.8,76.3,4.0,4.9,18.0,0.3,0.2,9.32,10.4,11.59,10.45,4.0,1.51,18.0,0.3,0.3,0.2,-7.98,-6.91,-5.21,-6.61,4.0,1.75,18.0,0.3,0.3,0.2,-9.17,-7.24,-6.67,-7.89,4.0,1.9,18.0,0.3,0.3,0.2,1008.99,1010.2,1012.1,1010.53,4.0,1.94,18.0,0.3,0.3,0.2,5.2,7.0,8.0,6.4,5.0,2.5,18.0,0.4,0.4,0.2,-83.3,-76.1,-55.8,-69.9,4.0,22.2,18.0,0.3,0.3,0.2,-104.3,-70.3,-64.9,-84.0,4.0,31.7,18.0,0.3,0.3,0.2,0.9,1.1,1.93,1.4,5.0,0.68,18.0,0.4,0.4,0.2,10.3,15.3,20.8,15.5,4.0,6.1,18.0,0.3,0.3,0.2,5.93,6.38,7.99,6.93,4.0,1.67,18.0,0.3,0.3,0.2,65.8,69.2,75.9,70.8,4.0,7.8,18.0,0.3,0.3,0.2,-204.8,-176.4,-133.8,-169.6,4.0,44.8,18.0,0.3,0.3,0.2,-235.4,-186.7,-171.1,-202.5,4.0,48.4,18.0,0.3,0.3,0.2,-124.0,-111.7,-83.3,-104.1,4.0,28.4,18.0,0.3,0.3,0.2,-147.7,-109.5,-103.7,-125.0,4.0,37.6,18.0,0.3,0.3,0.2,-51.0,-44.6,-37.4,-44.2,4.0,8.4,18.0,0.3,0.3,0.2,-65.3,-52.1,-42.6,-53.9,4.0,13.8,18.0,0.3,0.3,0.2,821.0,1130.0,1574.5,1195.0,4.0,507.5,18.0,0.3,0.3,0.2,820.0,1130.0,1575.0,1195.0,4.0,510.0,18.0,0.3,0.3,0.2
1974,2,324.0,7.0,25.41,26.5,26.84,26.13,3.0,1.1,16.0,1.0,0.6,0.7,25.16,25.5,27.89,26.5,3.0,2.18,16.0,1.0,0.6,0.7,14.96,15.67,16.37,15.67,2.0,1.46,20.0,1.0,0.8,0.7,67.9,70.5,73.1,70.5,2.0,5.3,20.0,1.0,0.7,8.21,9.3,11.42,9.8,3.0,2.39,16.0,1.0,0.6,0.7,-8.78,-7.24,-6.38,-7.57,3.0,1.78,16.0,1.0,0.6,0.7,-7.7,-7.12,-4.06,-5.91,3.0,2.87,16.0,1.0,0.6,0.7,1008.36,1011.5,1012.52,1010.47,3.0,3.18,16.0,1.0,0.6,0.7,4.6,8.0,8.0,6.3,3.0,2.9,16.0,1.0,0.6,0.7,-98.1,-55.7,-55.6,-76.4,3.0,35.9,16.0,1.0,0.6,0.7,-88.5,-66.3,-34.9,-61.8,3.0,39.5,16.0,1.0,0.6,0.7,-1.4,-0.1,0.65,-0.37,3.0,1.52,16.0,1.0,0.6,0.7,-12.9,-0.8,8.2,-2.3,3.0,15.6,16.0,1.0,0.6,0.7,5.12,5.33,5.54,5.33,2.0,0.43,20.0,1.0,0.8,0.7,40.9,45.5,50.2,45.5,2.0,9.7,20.0,1.0,0.8,0.7,-222.8,-180.9,-175.8,-198.8,3.0,37.8,16.0,1.0,0.6,0.7,-205.5,-203.2,-109.5,-158.6,3.0,80.3,16.0,1.0,0.6,0.7,-104.9,-102.8,-100.8,-102.8,2.0,4.3,20.0,1.0,0.8,0.7,-106.2,-78.7,-51.3,-78.7,2.0,56.9,20.0,1.0,0.8,0.7,-35.9,-35.0,-34.1,-35.0,2.0,1.9,20.0,1.0,0.8,0.7,-35.9,-26.7,-17.5,-26.7,2.0,19.0,20.0,1.0,0.8,0.7,567.0,804.5,1557.0,1056.0,3.0,757.0,16.0,1.0,0.6,0.7,565.0,805.0,1555.0,1055.0,3.0,755.0,16.0,1.0,0.6,0.7
1974,2,324.0,8.0,,,,,,,,,,,,,,,,,,,,,,,,,,,,,,,,,,,,,,,,6.0,6.0,6.0,6.0,1.0,0.0,24.0,1.0,0.1,0.2,-3.0,-3.0,-3.0,-3.0,1.0,0.0,24.0,1.0,0.1,0.2,-5.2,-5.2,-5.2,-5.2,1.0,0.0,24.0,1.0,0.1,0.2,1011.6,1011.6,1011.6,1011.6,1.0,0.0,24.0,1.0,0.1,0.2,,,,,,,,,,,,,,,,,,,,,,,,,,,,,,,,,,,,,,,,,,,,,,,,,,,,,,,,,,,,,,,,,,,,,,,,,,,,,,,,,,,,,,,,,,,,,,,,,,,,,,,,,,,,,,,,,,,,,,,,,,,,,,,,,,,,,,,,,,,,,,,,,,,,,,
1974,2,324.0,9.0,,,,,,,,,,,,,,,,,,,,,,,,,,,,,,,,,,,,,,,,12.0,12.0,12.0,12.0,1.0,0.0,16.0,1.0,1.0,0.0,-9.19,-9.19,-9.19,-9.19,1.0,0.0,16.0,1.0,1.0,0.0,-7.71,-7.71,-7.71,-7.71,1.0,0.0,16.0,1.0,1.0,0.0,1010.7,1010.7,1010.7,1010.7,1.0,0.0,16.0,1.0,1.0,0.0,,,,,,,,,,,,,,,,,,,,,,,,,,,,,,,,,,,,,,,,,,,,,,,,,,,,,,,,,,,,,,,,,,,,,,,,,,,,,,,,,,,,,,,,,,,,,,,,,,,,,,,,,,,,,,,,,,,,,,,,,,,,,,,,,,,,,,,,,,,,,,,,,,,,,,
1974,2,324.0,10.0,25.16,25.5,25.84,25.5,2.0,0.71,12.0,1.0,0.5,0.3,25.5,25.5,25.5,25.5,1.0,0.0,20.0,1.0,0.4,0.4,11.57,11.57,11.57,11.57,1.0,0.0,20.0,1.0,0.4,0.4,57.1,57.1,57.1,57.1,1.0,0.0,20.0,1.0,0.4,10.37,11.15,11.93,11.15,2.0,1.63,12.0,1.0,0.5,0.3,-9.91,-9.71,-9.51,-9.71,2.0,0.41,12.0,1.0,0.5,0.3,-6.65,-3.95,-1.25,-3.95,2.0,5.59,12.0,1.0,0.5,0.3,1014.86,1016.7,1018.54,1016.7,2.0,3.82,12.0,1.0,0.5,0.3,4.2,4.5,4.8,4.5,2.0,0.7,12.0,1.0,0.5,0.3,-113.4,-107.9,-102.5,-107.9,2.0,11.2,12.0,1.0,0.5,0.3,-81.8,-48.6,-15.4,-48.6,2.0,68.8,12.0,1.0,0.5,0.3,0.5,0.5,0.5,0.5,1.0,0.0,20.0,1.0,0.4,0.4,6.2,6.2,6.2,6.2,1.0,0.0,20.0,1.0,0.4,0.4,9.42,9.42,9.42,9.42,1.0,0.0,20.0,1.0,0.4,0.4,115.8,115.8,115.8,115.8,1.0,0.0,20.0,1.0,0.4,0.4,-240.3,-240.3,-240.3,-240.3,1.0,0.0,20.0,1.0,0.4,0.4,-201.6,-201.6,-201.6,-201.6,1.0,0.0,20.0,1.0,0.4,0.4,-109.0,-109.0,-109.0,-109.0,1.0,0.0,20.0,1.0,0.4,0.4,-91.4,-91.4,-91.4,-91.4,1.0,0.0,20.0,1.0,0.4,0.4,-88.7,-88.7,-88.7,-88.7,1.0,0.0,20.0,1.0,0.4,0.4,-74.4,-74.4,-74.4,-74.4,1.0,0.0,20.0,1.0,0.4,0.4,1136.5,1430.5,1724.0,1430.5,2.0,608.5,12.0,1.0,0.5,0.3,1135.0,1430.0,1725.0,1430.0,2.0,610.0,12.0,1.0,0.5,0.3
1974,2,324.0,11.0,24.4,24.45,25.6,24.87,6.0,0.7,16.0,0.7,0.4,0.2,23.24,23.55,25.59,24.23,6.0,1.46,16.0,0.7,0.4,0.2,13.0,13.55,14.32,13.74,6.0,1.14,16.0,0.7,0.4,0.2,70.1,73.5,78.3,73.0,6.0,6.0,16.0,0.7,0.2,7.79,9.3,11.11,9.35,6.0,2.1,16.0,0.7,0.4,0.2,-9.37,-7.64,-5.11,-7.25,6.0,2.38,16.0,0.7,0.4,0.2,-7.29,-6.25,-2.46,-5.11,6.0,3.04,16.0,0.7,0.4,0.2,1011.76,1012.35,1013.88,1012.92,6.0,1.89,16.0,0.7,0.4,0.2,3.0,4.5,7.2,5.0,6.0,2.1,16.0,0.7,0.4,0.2,-104.1,-71.0,-33.6,-71.0,6.0,35.3,16.0,0.7,0.4,0.2,-72.7,-58.3,-15.3,-49.9,6.0,34.9,16.0,0.7,0.4,0.2,0.31,0.9,1.16,0.63,6.0,0.93,16.0,0.7,0.4,0.2,1.3,9.0,10.5,5.3,6.0,9.2,16.0,0.7,0.4,0.2,5.05,5.55,6.47,5.9,6.0,1.4,16.0,0.7,0.4,0.2,42.0,48.9,65.5,56.3,6.0,25.0,16.0,0.7,0.4,0.2,-240.7,-178.5,-120.4,-177.8,6.0,65.5,16.0,0.7,0.4,0.2,-173.0,-153.8,-58.3,-124.5,6.0,74.1,16.0,0.7,0.4,0.2,-127.5,-100.2,-68.5,-99.8,6.0,34.8,16.0,0.7,0.4,0.2,-98.5,-91.5,-32.9,-70.3,6.0,40.9,16.0,0.7,0.4,0.2,-60.4,-37.1,-29.0,-43.8,6.0,21.5,16.0,0.7,0.4,0.2,-44.0,-30.8,-14.2,-30.9,6.0,22.9,16.0,0.7,0.4,0.2,486.5,804.5,1384.0,920.0,6.0,570.5,16.0,0.7,0.4,0.2,485.0,805.0,1385.0,920.0,6.0,570.0,16.0,0.7,0.4,0.2
1974,2,324.0,12.0,22.2,22.2,22.2,22.2,1.0,0.0,2.0,1.0,0.3,0.4,25.6,25.6,25.6,25.6,1.0,0.0,2.0,1.0,0.3,0.4,12.12,12.12,12.12,12.12,1.0,0.0,2.0,1.0,0.3,0.4,59.4,59.4,59.4,59.4,1.0,0.0,2.0,1.0,0.4,9.3,9.3,9.3,9.3,1.0,0.0,2.0,1.0,0.3,0.4,-9.3,-9.3,-9.3,-9.3,1.0,0.0,2.0,1.0,0.3,0.4,0.0,0.0,0.0,0.0,1.0,0.0,2.0,1.0,0.3,0.4,1011.9,1011.9,1011.9,1011.9,1.0,0.0,2.0,1.0,0.3,0.4,3.0,3.0,3.0,3.0,1.0,0.0,2.0,1.0,0.3,0.4,-86.5,-86.5,-86.5,-86.5,1.0,0.0,2.0,1.0,0.3,0.4,0.0,0.0,0.0,0.0,1.0,0.0,2.0,1.0,0.3,0.4,-3.4,-3.4,-3.4,-3.4,1.0,0.0,2.0,1.0,0.3,0.4,-31.6,-31.6,-31.6,-31.6,1.0,0.0,2.0,1.0,0.3,0.4,4.57,4.57,4.57,4.57,1.0,0.0,2.0,1.0,0.3,0.4,42.5,42.5,42.5,42.5,1.0,0.0,2.0,1.0,0.3,0.4,-238.1,-238.1,-238.1,-238.1,1.0,0.0,2.0,1.0,0.3,0.4,0.0,0.0,0.0,0.0,1.0,0.0,2.0,1.0,0.3,0.4,-112.7,-112.7,-112.7,-112.7,1.0,0.0,2.0,1.0,0.3,0.4,0.0,0.0,0.0,0.0,1.0,0.0,2.0,1.0,0.3,0.4,-42.5,-42.5,-42.5,-42.5,1.0,0.0,2.0,1.0,0.3,0.4,0.0,0.0,0.0,0.0,1.0,0.0,2.0,1.0,0.3,0.4,804.5,804.5,804.5,804.5,1.0,0.0,2.0,1.0,0.3,0.4,805.0,805.0,805.0,805.0,1.0,0.0,2.0,1.0,0.3,0.4
1974,2,324.0,13.0,24.5,24.5,24.5,24.5,1.0,0.0,18.0,1.0,1.0,0.3,23.5,23.5,23.5,23.5,1.0,0.0,18.0,1.0,1.0,0.3,13.02,13.02,13.02,13.02,1.0,0.0,18.0,1.0,1.0,0.3,72.6,72.6,72.6,72.6,1.0,0.0,18.0,1.0,0.3,7.7,7.7,7.7,7.7,1.0,0.0,18.0,1.0,1.0,0.3,-6.67,-6.67,-6.67,-6.67,1.0,0.0,18.0,1.0,1.0,0.3,-3.85,-3.85,-3.85,-3.85,1.0,0.0,18.0,1.0,1.0,0.3,1016.5,1016.5,1016.5,1016.5,1.0,0.0,18.0,1.0,1.0,0.3,6.0,6.0,6.0,6.0,1.0,0.0,18.0,1.0,1.0,0.3,-51.3,-51.3,-51.3,-51.3,1.0,0.0,18.0,1.0,1.0,0.3,-29.6,-29.6,-29.6,-29.6,1.0,0.0,18.0,1.0,1.0,0.3,1.0,1.0,1.0,1.0,1.0,0.0,18.0,1.0,1.0,0.3,7.7,7.7,7.7,7.7,1.0,0.0,18.0,1.0,1.0,0.3,6.1,6.1,6.1,6.1,1.0,0.0,18.0,1.0,1.0,0.3,46.9,46.9,46.9,46.9,1.0,0.0,18.0,1.0,1.0,0.3,-156.7,-156.7,-156.7,-156.7,1.0,0.0,18.0,1.0,1.0,0.3,-90.5,-90.5,-90.5,-90.5,1.0,0.0,18.0,1.0,1.0,0.3,-86.8,-86.8,-86.8,-86.8,1.0,0.0,18.0,1.0,1.0,0.3,-50.1,-50.1,-50.1,-50.1,1.0,0.0,18.0,1.0,1.0,0.3,-40.7,-40.7,-40.7,-40.7,1.0,0.0,18.0,1.0,1.0,0.3,-23.5,-23.5,-23.5,-23.5,1.0,0.0,18.0,1.0,1.0,0.3,456.5,456.5,456.5,456.5,1.0,0.0,18.0,1.0,1.0,0.3,455.0,455.0,455.0,455.0,1.0,0.0,18.0,1.0,1.0,0.3
1974,2,324.0,14.0,21.74,24.1,25.0,23.48,5.0,1.73,12.0,0.6,0.4,0.5,22.13,23.3,23.68,23.0,5.0,0.86,12.0,0.6,0.4,0.5,11.62,12.57,14.75,13.16,4.0,2.28,12.0,0.8,0.4,0.5,64.6,78.1,89.7,77.3,5.0,13.2,12.0,0.6,0.5,6.89,11.8,13.43,10.46,5.0,4.15,12.0,0.6,0.4,0.5,-12.05,-10.22,-3.89,-8.59,5.0,4.67,12.0,0.6,0.4,0.5,-6.5,-5.9,-4.42,-5.48,5.0,1.55,12.0,0.6,0.4,0.5,1013.47,1015.35,1017.86,1015.65,4.0,3.33,12.0,0.8,0.4,0.5,3.3,5.0,6.7,5.0,5.0,2.2,12.0,0.6,0.4,0.5,-164.6,-120.6,-27.3,-104.9,5.0,83.4,12.0,0.6,0.4,0.5,-77.6,-69.6,-41.9,-59.6,5.0,27.1,12.0,0.6,0.4,0.5,-1.3,0.6,2.17,0.48,5.0,1.99,12.0,0.6,0.4,0.5,-17.4,7.4,13.9,-0.5,5.0,17.2,12.0,0.6,0.4,0.5,3.08,3.79,5.95,4.48,4.0,2.13,12.0,0.8,0.4,0.5,35.0,46.0,72.2,53.3,4.0,28.0,12.0,0.8,0.4,0.5,-276.2,-245.3,-89.0,-198.0,5.0,106.3,12.0,0.6,0.4,0.5,-152.2,-141.6,-98.0,-126.7,5.0,38.5,12.0,0.6,0.4,0.5,-157.5,-121.4,-91.5,-124.4,4.0,49.3,12.0,0.8,0.4,0.5,-95.2,-70.1,-68.3,-81.2,4.0,23.5,12.0,0.8,0.4,0.5,-62.5,-41.4,-26.5,-44.4,4.0,27.4,12.0,0.8,0.4,0.5,-36.1,-24.4,-19.2,-27.5,4.0,13.5,12.0,0.8,0.4,0.5,385.5,1643.0,2515.0,1561.0,5.0,1381.5,12.0,0.6,0.4,0.5,385.0,1645.0,2515.0,1560.0,5.0,1380.0,12.0,0.6,0.4,0.5
1974,2,324.0,15.0,22.09,22.75,23.36,22.73,4.0,0.75,20.0,0.5,0.6,0.3,21.72,22.45,22.65,22.2,4.0,0.69,20.0,0.5,0.6,0.3,11.47,11.93,12.29,11.88,3.0,0.61,20.0,0.3,0.7,0.4,69.2,72.9,75.3,72.3,3.0,4.5,20.0,0.3,0.4,3.55,6.95,10.09,6.83,4.0,3.86,20.0,0.5,0.6,0.3,-8.29,-4.01,-0.84,-4.54,4.0,4.37,20.0,0.5,0.6,0.3,-5.7,-4.97,-3.44,-4.59,4.0,1.55,20.0,0.5,0.6,0.3,1015.47,1016.25,1016.67,1016.08,4.0,0.92,20.0,0.5,0.6,0.3,4.0,5.0,6.5,5.3,4.0,1.5,20.0,0.5,0.6,0.3,-84.5,-35.0,-3.0,-43.3,4.0,48.7,20.0,0.5,0.6,0.3,-57.0,-38.2,-13.2,-35.3,4.0,25.7,20.0,0.5,0.6,0.3,-0.13,0.85,1.15,0.53,4.0,0.92,20.0,0.5,0.6,0.3,-3.2,3.3,9.2,3.0,4.0,8.5,20.0,0.5,0.6,0.3,4.16,4.81,6.13,5.14,3.0,1.48,20.0,0.3,0.7,0.4,26.5,35.8,61.1,43.6,3.0,26.3,20.0,0.3,0.7,0.4,-186.3,-90.9,-18.4,-101.8,4.0,98.1,20.0,0.5,0.6,0.3,-128.4,-108.2,-74.7,-101.8,4.0,35.1,20.0,0.5,0.6,0.3,-100.0,-88.8,-34.7,-67.8,3.0,51.2,20.0,0.3,0.7,0.4,-70.1,-60.7,-56.2,-63.1,3.0,10.4,20.0,0.3,0.7,0.4,-51.8,-27.4,-11.3,-31.5,3.0,29.8,20.0,0.3,0.7,0.4,-32.2,-23.0,-22.2,-27.1,3.0,8.1,20.0,0.3,0.7,0.4,55.5,451.0,1043.0,544.5,4.0,593.5,20.0,0.5,0.6,0.3,55.0,450.0,1045.0,545.0,4.0,595.0,20.0,0.5,0.6,0.3
1974,2,324.0,18.0,22.39,22.8,22.94,22.67,3.0,0.42,18.0,0.7,0.6,0.7,21.8,22.0,22.14,21.97,3.0,0.25,18.0,0.7,0.6,0.7,10.74,10.93,12.16,11.44,3.0,1.13,18.0,0.7,0.6,0.7,66.2,68.3,74.3,70.2,3.0,6.1,18.0,0.7,0.7,8.21,9.3,9.3,8.77,3.0,0.92,18.0,0.7,0.6,0.7,-8.81,-8.05,-6.58,-7.7,3.0,1.66,18.0,0.7,0.6,0.7,-4.85,-4.65,-2.58,-3.74,3.0,1.84,18.0,0.7,0.6,0.7,1019.1,1019.3,1020.12,1019.6,3.0,0.79,18.0,0.7,0.6,0.7,3.3,6.0,6.0,4.7,3.0,2.3,18.0,0.7,0.6,0.7,-81.9,-74.9,-54.8,-68.5,3.0,20.6,18.0,0.7,0.6,0.7,-41.6,-38.1,-22.3,-32.1,3.0,15.0,18.0,0.7,0.6,0.7,0.53,0.6,0.87,0.7,3.0,0.26,18.0,0.7,0.6,0.7,4.4,5.6,8.1,6.2,3.0,2.8,18.0,0.7,0.6,0.7,4.82,5.64,6.4,5.61,3.0,1.16,18.0,0.7,0.6,0.7,42.0,43.4,56.7,49.2,3.0,11.9,18.0,0.7,0.6,0.7,-195.0,-177.2,-143.6,-169.5,3.0,38.2,18.0,0.7,0.6,0.7,-105.8,-102.3,-56.9,-81.9,3.0,39.9,18.0,0.7,0.6,0.7,-106.8,-85.8,-71.2,-88.9,3.0,26.2,18.0,0.7,0.6,0.7,-52.6,-49.5,-29.8,-41.4,3.0,18.2,18.0,0.7,0.6,0.7,-50.0,-40.7,-35.6,-42.8,3.0,10.7,18.0,0.7,0.6,0.7,-30.3,-27.9,-13.8,-22.2,3.0,13.1,18.0,0.7,0.6,0.7,567.0,804.5,804.5,688.5,3.0,201.0,18.0,0.7,0.6,0.7,565.0,805.0,805.0,690.0,3.0,200.0,18.0,0.7,0.6,0.7
1974,2,324.0,19.0,22.39,22.8,23.62,23.0,3.0,0.92,12.0,1.0,0.4,0.2,21.32,22.8,24.6,22.95,4.0,2.07,10.0,1.0,0.5,0.2,11.31,12.54,12.68,12.0,3.0,1.11,12.0,1.0,0.4,0.3,58.4,69.5,75.3,66.9,3.0,12.6,12.0,1.0,0.3,5.86,8.35,10.16,8.03,4.0,2.54,10.0,1.0,0.5,0.2,-10.08,-7.57,-4.76,-7.42,4.0,3.07,10.0,1.0,0.5,0.2,-3.47,-2.17,-0.85,-2.16,4.0,1.79,10.0,1.0,0.5,0.2,1017.27,1018.6,1019.3,1018.3,4.0,1.29,10.0,1.0,0.5,0.2,2.5,3.0,4.0,3.3,4.0,1.3,10.0,1.0,0.5,0.2,-102.3,-67.2,-28.2,-65.3,4.0,42.9,10.0,1.0,0.5,0.2,-23.9,-15.7,-6.2,-15.1,4.0,12.0,10.0,1.0,0.5,0.2,-2.29,-1.4,1.81,-0.27,3.0,3.16,12.0,1.0,0.4,0.2,-14.6,-7.1,20.3,2.6,3.0,26.9,12.0,1.0,0.4,0.2,4.46,5.28,6.1,5.28,2.0,1.7,16.0,1.0,0.2,0.3,24.4,32.1,39.8,32.1,2.0,16.0,16.0,1.0,0.2,0.3,-215.5,-168.9,-116.9,-166.3,4.0,57.7,10.0,1.0,0.5,0.2,-86.2,-49.8,-18.7,-52.3,4.0,45.7,10.0,1.0,0.5,0.2,-105.8,-55.4,-55.2,-79.9,3.0,42.7,12.0,1.0,0.4,0.3,-41.7,-32.0,-25.7,-33.7,3.0,11.8,12.0,1.0,0.4,0.3,-30.8,-25.6,-20.4,-25.6,2.0,10.8,16.0,1.0,0.2,0.3,-25.1,-19.1,-13.2,-19.1,2.0,12.4,16.0,1.0,0.2,0.3,212.5,650.5,1048.5,631.5,4.0,485.5,10.0,1.0,0.5,0.2,215.0,650.0,1050.0,630.0,4.0,485.0,10.0,1.0,0.5,0.2
1974,2,324.0,20.0,22.1,22.3,22.3,22.2,3.0,0.17,18.0,0.7,0.5,0.2,21.8,22.0,22.96,22.37,3.0,0.91,18.0,0.7,0.5,0.2,11.77,12.36,13.19,12.48,3.0,1.04,18.0,0.7,0.5,0.2,69.8,70.5,80.2,74.9,3.0,8.5,18.0,0.7,0.2,8.37,9.8,10.48,9.43,3.0,1.58,18.0,0.7,0.5,0.2,-10.04,-9.8,-7.66,-8.87,3.0,1.92,18.0,0.7,0.5,0.2,-3.8,-3.69,-1.17,-2.51,3.0,2.18,18.0,0.7,0.5,0.2,1018.54,1019.7,1019.9,1019.23,3.0,1.08,18.0,0.7,0.5,0.2,6.3,7.0,7.7,7.0,3.0,1.0,18.0,0.7,0.5,0.2,-105.3,-96.0,-65.5,-85.7,3.0,30.5,18.0,0.7,0.5,0.2,-36.6,-29.6,-9.4,-23.2,3.0,20.7,18.0,0.7,0.5,0.2,-0.66,0.3,0.3,-0.17,3.0,0.81,18.0,0.7,0.5,0.2,-7.4,2.3,2.7,-2.2,3.0,8.4,18.0,0.7,0.5,0.2,3.28,4.33,4.9,4.09,3.0,1.2,18.0,0.7,0.5,0.2,29.5,46.8,49.4,39.6,3.0,15.8,18.0,0.7,0.5,0.2,-230.5,-215.6,-167.2,-199.3,3.0,48.5,18.0,0.7,0.5,0.2,-85.5,-83.5,-26.5,-56.7,3.0,49.1,18.0,0.7,0.5,0.2,-121.4,-112.7,-97.5,-109.5,3.0,17.7,18.0,0.7,0.5,0.2,-50.1,-45.7,-14.5,-32.6,3.0,28.5,18.0,0.7,0.5,0.2,-48.5,-44.0,-26.6,-37.7,3.0,16.9,18.0,0.7,0.5,0.2,-14.3,-10.7,-3.4,-8.9,3.0,8.2,18.0,0.7,0.5,0.2,610.5,941.0,1158.5,886.0,3.0,404.5,18.0,0.7,0.5,0.2,610.0,940.0,1160.0,885.0,3.0,405.0,18.0,0.7,0.5,0.2
1974,2,324.0,21.0,21.1,21.1,21.17,21.13,3.0,0.06,16.0,1.0,0.3,0.3,21.13,21.2,21.68,21.4,3.0,0.44,16.0,1.0,0.3,0.3,10.49,11.83,12.62,11.56,3.0,1.57,16.0,1.0,0.3,0.3,68.1,76.5,78.9,73.6,3.0,8.3,16.0,1.0,0.3,9.46,9.8,10.82,10.13,3.0,1.04,16.0,1.0,0.3,0.3,-9.06,-8.74,-7.73,-8.4,3.0,1.02,16.0,1.0,0.3,0.3,-6.97,-3.35,-3.24,-5.06,3.0,3.11,16.0,1.0,0.3,0.3,1020.83,1023.7,1023.7,1022.3,3.0,2.42,16.0,1.0,0.3,0.3,4.0,4.0,6.7,5.3,3.0,2.3,16.0,1.0,0.3,0.3,-87.7,-82.1,-81.5,-84.5,3.0,5.0,16.0,1.0,0.3,0.3,-77.2,-32.8,-30.6,-53.4,3.0,38.5,16.0,1.0,0.3,0.3,-0.55,0.0,0.0,-0.27,3.0,0.46,16.0,1.0,0.3,0.3,-5.4,0.0,0.0,-2.6,3.0,4.5,16.0,1.0,0.3,0.3,2.87,3.68,4.95,3.9,3.0,1.54,16.0,1.0,0.3,0.3,27.5,34.2,53.6,40.4,3.0,19.8,16.0,1.0,0.3,0.3,-196.5,-185.3,-163.4,-180.1,3.0,24.6,16.0,1.0,0.3,0.3,-148.0,-73.4,-69.3,-107.8,3.0,64.9,16.0,1.0,0.3,0.3,-114.4,-103.4,-81.8,-98.2,3.0,24.3,16.0,1.0,0.3,0.3,-72.2,-43.5,-39.5,-55.5,3.0,26.1,16.0,1.0,0.3,0.3,-37.7,-32.1,-25.9,-31.8,3.0,8.7,16.0,1.0,0.3,0.3,-36.4,-11.7,-9.4,-22.7,3.0,22.0,16.0,1.0,0.3,0.3,848.0,941.0,1283.5,1063.0,3.0,336.0,16.0,1.0,0.3,0.3,850.0,940.0,1285.0,1065.0,3.0,335.0,16.0,1.0,0.3,0.3
1974,2,324.0,22.0,21.2,22.0,22.5,21.83,8.0,0.87,16.0,0.5,0.5,0.2,21.06,21.65,22.57,21.71,8.0,0.95,16.0,0.5,0.5,0.2,10.74,10.97,12.09,11.31,6.0,0.84,16.0,0.3,0.6,0.2,65.7,68.0,74.6,70.4,6.0,6.6,16.0,0.3,0.2,7.26,7.95,9.0,7.26,8.0,3.03,16.0,0.5,0.5,0.2,-8.14,-7.34,-0.76,-5.28,8.0,4.86,16.0,0.5,0.5,0.2,-5.29,-0.63,0.0,-2.02,8.0,3.04,16.0,0.5,0.5,0.2,1015.63,1021.3,1023.76,1020.45,8.0,3.68,16.0,0.5,0.5,0.2,1.1,5.0,7.9,4.6,8.0,3.0,16.0,0.5,0.5,0.2,-66.7,-58.8,-5.7,-43.0,8.0,41.8,16.0,0.5,0.5,0.2,-47.4,-4.5,0.0,-17.7,8.0,27.6,16.0,0.5,0.5,0.2,-0.53,0.35,0.97,0.11,8.0,0.97,16.0,0.5,0.5,0.2,0.0,3.0,7.8,3.0,8.0,4.6,16.0,0.5,0.5,0.2,3.61,4.64,5.95,4.74,6.0,1.13,16.0,0.3,0.6,0.2,23.5,38.9,43.7,32.7,6.0,17.0,16.0,0.3,0.6,0.2,-172.1,-163.0,-16.4,-113.4,8.0,103.8,16.0,0.5,0.5,0.2,-113.9,-13.6,0.0,-43.7,8.0,65.4,16.0,0.5,0.5,0.2,-98.5,-83.8,-60.9,-74.3,6.0,37.7,16.0,0.3,0.6,0.2,-13.8,0.0,0.0,-4.7,6.0,7.3,16.0,0.3,0.6,0.2,-43.2,-38.6,-23.5,-32.5,6.0,16.8,16.0,0.3,0.6,0.2,-7.1,0.0,0.0,-2.4,6.0,3.8,16.0,0.3,0.6,0.2,382.5,504.0,729.0,512.5,8.0,259.0,16.0,0.5,0.5,0.2,380.0,505.0,730.0,515.0,8.0,260.0,16.0,0.5,0.5,0.2
1974,2,324.0,23.0,21.66,22.0,22.41,22.03,3.0,0.55,10.0,0.7,0.8,0.4,21.38,22.2,22.34,21.87,3.0,0.76,10.0,0.7,0.8,0.4,10.47,10.94,11.41,10.94,2.0,0.97,6.0,0.5,0.7,0.5,67.4,68.7,70.0,68.7,2.0,2.7,6.0,0.5,0.5,4.93,6.7,10.32,7.6,3.0,4.03,10.0,0.7,0.8,0.4,-10.07,-6.3,-4.8,-7.4,3.0,3.98,10.0,0.7,0.8,0.4,-1.56,0.0,1.42,-0.07,3.0,2.19,10.0,0.7,0.8,0.4,1018.73,1020.3,1021.12,1019.93,3.0,1.78,10.0,0.7,0.8,0.4,4.3,5.0,5.7,5.0,3.0,1.0,10.0,0.7,0.8,0.4,-110.2,-42.2,-24.9,-66.9,3.0,66.1,10.0,0.7,0.8,0.4,-10.5,0.0,17.1,3.2,3.0,20.4,10.0,0.7,0.8,0.4,-0.6,-0.4,0.97,0.17,3.0,1.25,10.0,0.7,0.8,0.4,-4.8,-4.7,3.0,-1.0,3.0,6.5,10.0,0.7,0.8,0.4,4.61,5.47,6.34,5.47,2.0,1.8,6.0,0.5,0.7,0.5,27.7,27.9,28.1,27.9,2.0,0.4,6.0,0.5,0.7,0.5,-225.1,-139.8,-103.1,-163.5,3.0,91.6,10.0,0.7,0.8,0.4,-34.7,0.0,31.9,-1.4,3.0,48.8,10.0,0.7,0.8,0.4,-68.3,-57.6,-47.0,-57.6,2.0,22.0,6.0,0.5,0.7,0.5,-22.4,-13.3,-4.2,-13.3,2.0,18.8,6.0,0.5,0.7,0.5,-27.5,-27.1,-26.6,-27.1,2.0,0.8,6.0,0.5,0.7,0.5,-8.1,-4.8,-1.5,-4.8,2.0,6.8,6.0,0.5,0.7,0.5,142.5,301.0,1275.0,699.0,3.0,898.5,10.0,0.7,0.8,0.4,145.0,300.0,1275.0,700.0,3.0,900.0,10.0,0.7,0.8,0.4
1974,2,324.0,24.0,21.16,22.25,23.0,22.12,6.0,0.87,18.0,0.7,0.5,0.5,20.48,21.2,22.0,21.13,7.0,0.73,18.0,0.6,0.5,0.6,11.08,11.54,11.99,11.52,6.0,0.52,18.0,0.5,0.6,0.5,69.9,73.6,80.9,74.9,6.0,5.7,18.0,0.5,0.5,5.1,7.7,10.3,7.7,7.0,2.32,18.0,0.6,0.5,0.6,-6.23,-5.0,7.32,-1.51,7.0,6.88,18.0,0.6,0.5,0.6,-0.48,1.08,3.27,0.27,7.0,4.95,18.0,0.6,0.5,0.6,1017.87,1021.6,1025.33,1021.71,7.0,3.35,18.0,0.6,0.5,0.6,2.9,4.0,5.1,4.3,7.0,2.1,18.0,0.6,0.5,0.6,-39.9,-25.0,57.4,-5.9,7.0,59.1,18.0,0.6,0.5,0.6,-5.0,6.7,30.7,0.7,7.0,50.1,18.0,0.6,0.5,0.6,0.66,0.9,1.84,1.13,6.0,0.62,18.0,0.7,0.5,0.5,4.5,7.8,13.1,9.4,6.0,6.3,18.0,0.7,0.5,0.5,3.54,4.74,6.26,4.87,5.0,1.4,18.0,0.6,0.5,0.4,32.6,40.0,51.1,42.1,5.0,13.3,18.0,0.6,0.5,0.4,-132.4,-106.0,150.2,-34.3,7.0,145.9,18.0,0.6,0.5,0.6,-9.7,22.8,71.8,7.4,7.0,100.7,18.0,0.6,0.5,0.6,-74.5,-39.1,89.0,-10.7,6.0,84.6,18.0,0.5,0.6,0.5,-25.1,21.6,42.2,2.9,6.0,64.2,18.0,0.5,0.6,0.5,-40.1,-6.1,36.6,-1.2,5.0,41.8,18.0,0.6,0.5,0.4,-8.3,9.5,21.1,5.7,5.0,24.6,18.0,0.6,0.5,0.4,132.5,456.5,1092.5,563.0,7.0,430.5,18.0,0.6,0.5,0.6,130.0,455.0,1095.0,565.0,7.0,430.0,18.0,0.6,0.5,0.6
1974,2,324.0,25.0,21.0,21.4,22.05,21.56,7.0,0.73,16.0,0.7,0.7,0.3,20.16,20.75,21.85,21.07,6.0,1.18,18.0,0.7,0.7,0.2,10.46,11.18,11.9,11.18,4.0,1.1,20.0,0.8,0.5,0.3,69.1,71.3,72.4,70.8,4.0,2.4,20.0,0.8,0.3,5.0,7.7,8.25,6.8,7.0,2.17,16.0,0.7,0.7,0.3,-7.28,-4.79,-0.46,-3.78,7.0,3.47,16.0,0.7,0.7,0.3,-6.42,-1.42,2.79,-1.38,7.0,5.27,16.0,0.7,0.7,0.3,1019.5,1021.0,1025.41,1022.26,7.0,2.8,16.0,0.7,0.7,0.3,1.0,4.0,6.1,4.0,7.0,2.8,16.0,0.7,0.7,0.3,-56.2,-24.4,-1.3,-28.6,7.0,27.4,16.0,0.7,0.7,0.3,-53.1,-9.5,21.0,-13.3,7.0,42.1,16.0,0.7,0.7,0.3,-0.33,0.65,1.31,0.58,6.0,1.23,18.0,0.7,0.7,0.2,-2.0,3.2,9.0,4.3,6.0,9.0,18.0,0.7,0.7,0.2,4.14,4.59,5.09,4.62,4.0,0.72,20.0,0.8,0.5,0.3,18.1,27.4,39.1,28.6,4.0,12.4,20.0,0.8,0.5,0.3,-154.8,-73.0,-4.3,-75.6,6.0,77.9,18.0,0.7,0.7,0.2,-89.6,5.6,68.3,-12.3,6.0,110.6,18.0,0.7,0.7,0.2,-70.8,-39.0,-11.4,-41.0,4.0,35.3,20.0,0.8,0.5,0.3,-68.1,-4.1,25.8,-20.4,4.0,60.9,20.0,0.8,0.5,0.3,-26.1,-12.7,-5.1,-15.5,4.0,13.6,20.0,0.8,0.5,0.3,-29.9,-5.1,9.5,-10.0,4.0,24.6,20.0,0.8,0.5,0.3,127.5,456.5,563.5,391.5,7.0,275.0,16.0,0.7,0.7,0.3,130.0,455.0,565.0,390.0,7.0,275.0,16.0,0.7,0.7,0.3
1974,2,324.0,26.0,20.32,21.2,21.5,20.94,5.0,0.67,14.0,0.2,0.7,0.4,19.4,20.3,21.1,20.27,6.0,0.92,12.0,0.3,0.6,0.5,9.65,10.46,10.83,10.3,5.0,0.68,12.0,0.4,0.6,0.5,65.5,70.1,75.7,70.8,5.0,7.6,12.0,0.4,0.5,2.85,7.0,8.28,5.92,5.0,2.97,12.0,0.4,0.7,0.4,-7.53,-6.89,-1.32,-4.78,5.0,3.81,12.0,0.4,0.7,0.4,0.22,2.44,3.37,1.89,5.0,2.26,12.0,0.4,0.7,0.4,1023.09,1024.25,1025.47,1023.97,6.0,2.11,12.0,0.3,0.6,0.5,2.6,4.0,7.4,4.8,5.0,2.6,12.0,0.4,0.6,0.5,-62.7,-48.3,-4.1,-36.9,5.0,32.8,12.0,0.4,0.7,0.4,2.4,8.5,28.7,14.8,5.0,18.2,12.0,0.4,0.7,0.4,0.02,0.5,1.99,0.92,5.0,1.15,14.0,0.2,0.7,0.4,1.7,8.3,15.8,8.7,4.0,8.8,12.0,0.3,0.7,0.3,4.5,5.2,6.04,5.27,4.0,0.91,14.0,0.3,0.6,0.4,37.1,40.3,52.8,44.8,3.0,12.1,14.0,0.3,0.7,0.3,-149.0,-134.4,-26.5,-94.9,5.0,76.9,12.0,0.4,0.7,0.4,3.9,50.0,69.0,38.7,5.0,46.9,12.0,0.4,0.7,0.4,-78.7,-71.7,-27.0,-53.7,4.0,42.5,12.0,0.5,0.6,0.4,18.6,27.7,37.1,27.8,4.0,13.2,12.0,0.5,0.6,0.4,-47.2,-39.7,-35.5,-41.3,3.0,8.7,14.0,0.3,0.7,0.3,8.7,12.2,23.9,16.2,3.0,11.7,14.0,0.3,0.7,0.3,23.5,343.0,583.5,329.5,5.0,328.0,12.0,0.4,0.7,0.4,25.0,345.0,585.0,330.0,5.0,330.0,12.0,0.4,0.7,0.4
1974,2,324.0,27.0,20.0,20.5,21.37,20.56,9.0,1.01,8.0,0.9,0.5,0.5,20.13,21.6,24.35,21.93,9.0,2.0,10.0,0.9,0.5,0.5,11.07,12.67,13.75,12.47,7.0,1.97,8.0,0.9,0.5,0.5,67.0,79.8,90.7,77.7,7.0,10.7,8.0,0.9,0.5,3.91,6.95,7.7,6.59,10.0,2.67,8.0,0.9,0.5,0.5,-7.58,-6.75,-2.68,-6.02,10.0,3.03,8.0,0.9,0.5,0.5,-2.49,-1.66,0.61,-1.18,10.0,2.1,8.0,0.9,0.5,0.5,1022.98,1025.4,1026.57,1024.7,9.0,2.2,10.0,0.9,0.5,0.5,4.0,6.0,8.0,5.8,10.0,2.0,8.0,0.9,0.5,0.5,-58.4,-47.0,-10.5,-46.7,10.0,39.5,8.0,0.9,0.5,0.5,-21.1,-10.3,1.9,-8.6,10.0,13.4,8.0,0.9,0.5,0.5,-4.68,-0.6,0.98,-1.12,8.0,2.8,8.0,0.9,0.5,0.4,-23.4,-1.2,6.2,-4.0,8.0,20.4,8.0,0.9,0.5,0.4,0.46,1.99,3.86,2.21,6.0,2.14,8.0,0.8,0.5,0.5,3.8,12.8,29.7,16.5,6.0,16.1,8.0,0.8,0.5,0.5,-171.7,-136.0,-63.2,-125.2,9.0,63.3,10.0,0.9,0.5,0.5,-53.0,-41.7,17.3,-26.4,9.0,49.9,10.0,0.9,0.5,0.5,-86.5,-72.4,-32.2,-66.3,7.0,27.2,8.0,0.9,0.5,0.5,-30.5,-12.3,13.3,-7.0,7.0,27.2,8.0,0.9,0.5,0.5,-28.4,-11.5,-3.9,-15.8,6.0,15.7,8.0,0.8,0.5,0.5,-7.8,-1.9,2.2,-2.1,6.0,6.0,8.0,0.8,0.5,0.5,70.5,337.0,456.5,418.0,10.0,490.5,8.0,0.9,0.5,0.5,70.0,335.0,455.0,420.0,10.0,490.0,8.0,0.9,0.5,0.5
1974,2,324.0,28.0,20.66,21.0,21.68,21.17,3.0,0.76,16.0,0.7,0.4,0.2,20.82,23.0,23.55,22.2,3.0,2.12,16.0,0.7,0.4,0.2,9.71,9.71,9.71,9.71,1.0,0.0,20.0,0.0,0.8,0.0,68.8,68.8,68.8,68.8,1.0,0.0,20.0,0.0,0.0,3.03,3.1,6.24,4.6,3.0,2.69,16.0,0.7,0.4,0.2,-5.54,-3.1,-2.76,-4.12,3.0,2.22,16.0,0.7,0.4,0.2,0.48,1.5,3.1,1.78,3.0,1.94,16.0,0.7,0.4,0.2,1025.07,1026.3,1026.78,1025.93,3.0,1.29,16.0,0.7,0.4,0.2,1.3,2.0,6.1,3.7,3.0,3.8,16.0,0.7,0.4,0.2,-38.1,-9.6,-8.4,-22.9,3.0,24.6,16.0,0.7,0.4,0.2,1.4,4.5,21.7,11.4,3.0,16.0,16.0,0.7,0.4,0.2,-2.23,-1.0,0.16,-1.03,3.0,1.75,16.0,0.7,0.4,0.2,-6.7,-3.1,2.7,-2.0,3.0,7.0,16.0,0.7,0.4,0.2,5.09,5.09,5.09,5.09,1.0,0.0,20.0,0.0,0.8,0.0,39.2,39.2,39.2,39.2,1.0,0.0,20.0,0.0,0.8,0.0,-112.8,-71.3,-64.8,-88.4,3.0,38.1,16.0,0.7,0.4,0.2,11.3,35.7,63.4,37.3,3.0,38.1,16.0,0.7,0.4,0.2,-64.8,-64.8,-64.8,-64.8,1.0,0.0,20.0,0.0,0.8,0.0,37.4,37.4,37.4,37.4,1.0,0.0,20.0,0.0,0.8,0.0,-33.9,-33.9,-33.9,-33.9,1.0,0.0,20.0,0.0,0.8,0.0,19.6,19.6,19.6,19.6,1.0,0.0,20.0,0.0,0.8,0.0,28.0,30.0,321.0,171.0,3.0,247.0,16.0,0.7,0.4,0.2,30.0,30.0,320.0,170.0,3.0,245.0,16.0,0.7,0.4,0.2
1974,2,324.0,29.0,20.31,20.8,21.98,21.1,14.0,1.07,12.0,0.4,0.6,0.4,19.51,20.0,20.49,20.28,14.0,1.54,12.0,0.4,0.6,0.4,9.11,10.58,12.18,10.63,10.0,1.42,14.0,0.4,0.6,0.4,65.4,74.0,82.7,74.5,10.0,8.7,14.0,0.4,0.4,4.13,6.1,8.17,6.08,14.0,2.13,12.0,0.4,0.6,0.4,-7.01,-5.19,-0.93,-3.51,14.0,4.42,12.0,0.4,0.6,0.4,-2.71,1.31,4.59,1.03,14.0,3.23,12.0,0.4,0.6,0.4,1022.75,1026.65,1028.36,1025.89,14.0,3.1,12.0,0.4,0.6,0.4,0.0,3.0,5.1,2.9,13.0,2.3,12.0,0.5,0.6,0.4,-57.1,-29.5,-3.4,-25.2,14.0,36.0,12.0,0.4,0.6,0.4,-12.2,7.7,32.8,7.6,14.0,21.7,12.0,0.4,0.6,0.4,0.01,0.75,2.07,0.82,14.0,1.35,12.0,0.4,0.6,0.4,0.0,3.2,12.0,4.4,14.0,10.9,12.0,0.4,0.6,0.4,2.89,5.16,6.22,4.66,10.0,1.64,14.0,0.4,0.6,0.4,13.0,22.3,39.3,25.7,10.0,13.8,14.0,0.4,0.6,0.4,-136.9,-97.2,-18.7,-72.7,14.0,92.0,12.0,0.4,0.6,0.4,-53.8,28.3,92.9,20.9,14.0,64.3,12.0,0.4,0.6,0.4,-64.9,-29.4,28.6,-22.9,10.0,50.8,14.0,0.4,0.6,0.4,-19.2,21.2,51.0,17.8,10.0,33.2,14.0,0.4,0.6,0.4,-30.5,-12.3,4.5,-12.6,10.0,21.1,14.0,0.4,0.6,0.4,-8.4,6.5,24.8,7.5,10.0,15.6,14.0,0.4,0.6,0.4,70.5,227.0,545.5,301.0,14.0,271.5,12.0,0.4,0.6,0.4,70.0,225.0,545.0,300.0,14.0,270.0,12.0,0.4,0.6,0.4
1974,2,324.0,30.0,19.4,20.05,21.57,20.2,10.0,1.6,12.0,0.7,0.7,0.4,17.0,19.45,20.0,18.92,12.0,1.41,14.0,0.7,0.6,0.4,8.56,10.3,12.23,10.38,9.0,1.78,12.0,0.7,0.7,0.4,60.6,76.6,87.4,75.5,9.0,12.6,12.0,0.7,0.4,3.59,4.6,7.33,5.56,12.0,3.78,14.0,0.7,0.6,0.4,-5.01,-3.01,0.9,-2.13,12.0,4.28,14.0,0.7,0.6,0.4,-2.18,0.0,2.94,-0.24,12.0,4.96,14.0,0.7,0.6,0.4,1023.3,1026.9,1028.2,1025.31,12.0,4.79,14.0,0.7,0.6,0.4,4.0,6.0,7.0,5.4,11.0,2.1,14.0,0.7,0.6,0.4,-29.2,-16.1,3.7,-6.6,12.0,44.2,14.0,0.7,0.6,0.4,-9.6,0.0,18.3,-11.0,12.0,63.5,14.0,0.7,0.6,0.4,-0.47,0.55,2.16,0.8,10.0,1.3,12.0,0.7,0.7,0.4,-3.2,1.7,7.3,2.5,10.0,5.9,12.0,0.7,0.7,0.4,1.95,4.62,6.34,4.31,9.0,2.25,12.0,0.7,0.7,0.4,6.9,25.9,29.2,22.2,9.0,15.1,12.0,0.7,0.7,0.4,-98.0,-58.7,15.4,-43.3,12.0,78.5,14.0,0.7,0.6,0.4,-40.0,0.0,57.0,-0.6,12.0,88.4,14.0,0.7,0.6,0.4,-64.1,-28.4,-5.1,-27.7,9.0,49.2,12.0,0.7,0.7,0.4,-12.0,14.0,45.5,3.1,9.0,56.2,12.0,0.7,0.7,0.4,-26.0,-8.4,-1.6,-11.2,9.0,13.8,12.0,0.7,0.7,0.4,-9.5,4.8,17.3,5.9,9.0,20.3,12.0,0.7,0.7,0.4,53.5,97.5,394.5,452.5,12.0,1019.0,14.0,0.7,0.6,0.4,55.0,95.0,395.0,450.0,12.0,1020.0,14.0,0.7,0.6,0.4
1974,2,324.0,31.0,19.19,20.0,21.06,20.19,16.0,1.33,16.0,0.4,0.5,0.6,17.0,19.0,20.51,18.78,17.0,1.99,18.0,0.4,0.5,0.6,7.43,10.2,11.35,9.66,13.0,1.98,16.0,0.5,0.5,0.6,63.4,69.8,80.1,70.9,13.0,7.9,16.0,0.5,0.6,3.98,5.1,11.23,6.38,16.0,3.61,18.0,0.4,0.5,0.6,-2.72,0.87,7.92,2.04,16.0,5.39,18.0,0.4,0.5,0.6,-4.19,1.97,4.72,0.29,16.0,4.78,18.0,0.4,0.5,0.6,1019.22,1021.8,1027.89,1022.81,17.0,4.9,18.0,0.4,0.5,0.6,2.4,6.0,7.0,4.8,16.0,2.4,18.0,0.4,0.5,0.6,-13.1,4.4,73.0,26.7,16.0,58.9,18.0,0.4,0.5,0.6,-22.9,10.9,25.4,-3.2,16.0,44.7,18.0,0.4,0.5,0.6,-0.66,1.25,3.35,1.43,16.0,2.23,16.0,0.4,0.5,0.6,-1.9,6.7,19.0,12.3,15.0,27.1,16.0,0.4,0.6,0.6,3.48,4.74,7.07,5.12,13.0,1.79,16.0,0.5,0.5,0.6,19.9,25.2,55.7,39.4,12.0,33.4,14.0,0.5,0.5,0.5,-45.8,17.4,154.7,38.8,16.0,100.0,18.0,0.4,0.5,0.6,-70.7,39.9,96.8,10.7,16.0,86.6,18.0,0.4,0.5,0.6,-19.1,22.9,85.4,32.7,12.0,54.0,14.0,0.5,0.5,0.5,-32.4,21.1,57.5,8.5,12.0,45.9,14.0,0.5,0.5,0.5,-10.6,12.3,31.4,15.9,12.0,36.8,14.0,0.5,0.5,0.5,-31.3,7.3,18.4,-5.9,12.0,33.7,14.0,0.5,0.5,0.5,66.0,132.5,1433.5,526.5,16.0,773.0,18.0,0.4,0.5,0.6,65.0,135.0,1435.0,525.0,16.0,775.0,18.0,0.4,0.5,0.6
1974,2,324.0,32.0,19.32,19.5,19.81,19.54,5.0,0.36,14.0,0.6,0.5,0.4,17.95,18.5,20.54,19.14,5.0,1.86,16.0,0.6,0.7,0.2,9.73,10.75,11.65,10.69,3.0,1.41,18.0,0.7,0.8,0.4,68.8,73.5,84.6,76.6,4.0,11.4,14.0,0.5,0.3,3.55,5.1,10.32,6.17,7.0,3.2,16.0,0.7,0.6,0.3,-2.55,-1.79,2.68,0.31,7.0,4.65,16.0,0.7,0.6,0.3,-6.03,3.38,4.0,-0.01,7.0,5.74,16.0,0.7,0.6,0.3,1021.5,1027.6,1029.36,1025.0,6.0,6.8,18.0,0.8,0.6,0.4,4.8,6.0,7.0,5.6,7.0,2.1,16.0,0.7,0.6,0.3,-13.4,-6.7,15.3,9.2,7.0,45.2,16.0,0.7,0.6,0.3,-39.4,12.2,23.4,-6.6,7.0,49.2,16.0,0.7,0.6,0.3,0.02,0.5,0.84,0.43,3.0,0.6,14.0,0.3,0.6,0.3,0.4,2.3,7.8,4.0,3.0,5.6,14.0,0.3,0.6,0.3,1.89,2.99,4.1,2.99,2.0,2.29,18.0,0.5,0.6,0.4,12.9,26.9,41.0,26.9,2.0,29.1,18.0,0.5,0.6,0.4,-52.5,-36.0,-5.5,-26.6,5.0,39.8,16.0,0.6,0.7,0.2,-131.4,8.9,82.3,-21.4,5.0,120.1,16.0,0.6,0.7,0.2,-24.0,-16.6,13.7,-5.4,3.0,29.2,18.0,0.7,0.8,0.4,-49.0,47.5,47.9,0.5,3.0,81.8,18.0,0.7,0.8,0.4,-6.4,-2.5,1.3,-2.5,2.0,8.1,18.0,0.5,0.6,0.4,-38.5,-20.7,-2.8,-20.7,2.0,37.0,18.0,0.5,0.6,0.4,45.5,132.5,1100.5,412.0,7.0,529.0,16.0,0.7,0.6,0.3,45.0,135.0,1100.0,410.0,7.0,530.0,16.0,0.7,0.6,0.3
1974,2,324.0,33.0,17.38,18.0,19.52,18.48,17.0,1.39,14.0,0.6,0.4,0.4,17.86,18.3,19.14,18.41,17.0,1.09,14.0,0.6,0.4,0.4,9.51,10.55,12.09,10.75,17.0,1.29,14.0,0.6,0.4,0.4,74.1,82.6,90.1,82.6,17.0,8.8,14.0,0.6,0.4,3.87,7.7,8.71,6.44,17.0,2.65,14.0,0.6,0.4,0.4,-3.31,0.0,2.5,-0.48,17.0,3.18,14.0,0.6,0.4,0.4,-7.61,3.55,6.62,1.07,17.0,6.29,14.0,0.6,0.4,0.4,1017.86,1024.0,1029.32,1023.59,17.0,4.82,14.0,0.6,0.4,0.4,3.1,6.0,7.0,5.2,17.0,2.1,14.0,0.6,0.4,0.4,-26.4,0.0,7.7,-5.7,17.0,23.5,14.0,0.6,0.4,0.4,-61.0,14.6,49.0,4.5,17.0,53.1,14.0,0.6,0.4,0.4,-1.47,0.0,1.05,0.06,17.0,2.08,14.0,0.6,0.4,0.4,-7.2,0.0,9.1,2.4,17.0,13.6,14.0,0.6,0.4,0.4,0.64,2.16,4.02,2.37,17.0,2.04,14.0,0.6,0.4,0.4,2.0,11.4,33.9,16.2,17.0,16.8,14.0,0.6,0.4,0.4,-60.7,0.0,47.8,-8.6,17.0,58.3,14.0,0.6,0.4,0.4,-139.1,68.5,122.4,21.7,17.0,112.0,14.0,0.6,0.4,0.4,-35.6,0.0,28.0,-3.4,17.0,34.6,14.0,0.6,0.4,0.4,-75.1,35.8,70.5,14.4,17.0,65.5,14.0,0.6,0.4,0.4,-10.0,0.0,1.4,-2.1,17.0,10.6,14.0,0.6,0.4,0.4,-20.0,1.1,12.7,-2.8,17.0,20.9,14.0,0.6,0.4,0.4,58.5,456.5,668.0,385.5,17.0,320.5,14.0,0.6,0.4,0.4,60.0,455.0,670.0,385.0,17.0,320.0,14.0,0.6,0.4,0.4
1974,2,324.0,34.0,17.2,18.1,19.2,18.39,20.0,1.1,14.0,0.5,0.6,0.4,16.32,18.2,19.3,18.08,21.0,2.12,14.0,0.4,0.6,0.4,9.87,10.65,11.57,10.47,17.0,1.31,14.0,0.5,0.5,0.4,71.2,82.4,89.5,81.2,18.0,9.3,14.0,0.5,0.4,3.12,5.1,8.18,5.63,20.0,2.15,14.0,0.5,0.5,0.4,-2.24,0.0,4.62,0.83,20.0,3.23,14.0,0.5,0.5,0.4,-1.51,3.85,6.29,3.09,20.0,4.09,14.0,0.5,0.5,0.4,1021.75,1026.5,1029.99,1025.14,19.0,5.33,14.0,0.5,0.6,0.4,1.0,5.0,7.8,4.4,21.0,2.9,14.0,0.4,0.6,0.4,-11.6,0.0,24.4,4.9,20.0,21.2,14.0,0.5,0.5,0.4,-4.7,15.9,42.1,20.6,20.0,33.7,14.0,0.5,0.5,0.4,-1.89,0.1,2.19,0.36,20.0,2.18,14.0,0.5,0.6,0.4,-11.4,0.0,9.2,0.5,19.0,9.9,14.0,0.5,0.6,0.4,1.17,2.09,3.59,2.36,17.0,1.46,14.0,0.5,0.5,0.4,5.6,10.7,18.2,12.7,17.0,10.7,14.0,0.5,0.5,0.4,-40.3,0.0,90.2,15.7,20.0,58.3,14.0,0.5,0.5,0.4,-21.8,75.3,128.5,59.9,20.0,73.6,14.0,0.5,0.5,0.4,-19.6,0.0,54.2,9.6,17.0,33.8,14.0,0.5,0.5,0.4,-16.8,24.3,72.8,31.1,17.0,44.0,14.0,0.5,0.5,0.4,-4.6,0.0,6.0,-1.3,17.0,10.1,14.0,0.5,0.5,0.4,-5.2,3.5,13.1,2.6,17.0,13.3,14.0,0.5,0.5,0.4,31.0,132.5,548.5,255.0,20.0,273.0,14.0,0.5,0.5,0.4,30.0,135.0,550.0,255.0,20.0,275.0,14.0,0.5,0.5,0.4
1974,2,324.0,35.0,16.87,17.55,18.87,17.88,22.0,1.38,14.0,0.5,0.5,0.4,15.0,16.95,17.8,16.8,24.0,1.56,14.0,0.5,0.5,0.4,7.54,10.34,11.18,9.74,21.0,1.75,14.0,0.5,0.5,0.4,72.5,83.5,92.4,81.8,21.0,11.6,14.0,0.5,0.4,4.35,7.2,10.3,7.38,23.0,2.9,14.0,0.4,0.5,0.4,-2.95,1.25,6.13,1.25,23.0,4.46,14.0,0.4,0.5,0.4,-6.65,1.99,6.98,0.9,23.0,6.56,14.0,0.4,0.5,0.4,1016.2,1020.25,1028.87,1021.41,24.0,5.97,14.0,0.5,0.5,0.4,2.0,4.0,7.3,4.1,24.0,2.5,14.0,0.5,0.5,0.4,-16.4,4.3,46.9,10.2,23.0,40.8,14.0,0.4,0.5,0.4,-47.2,5.2,55.7,5.5,23.0,65.1,14.0,0.4,0.5,0.4,-0.47,0.5,2.97,1.04,22.0,2.35,14.0,0.5,0.5,0.4,-4.6,1.9,29.4,9.6,21.0,21.5,12.0,0.4,0.5,0.4,1.03,2.3,5.2,2.93,21.0,2.34,14.0,0.5,0.5,0.4,5.6,13.7,58.3,25.0,20.0,25.6,12.0,0.5,0.4,0.4,-49.3,18.8,97.4,21.4,23.0,74.5,14.0,0.4,0.5,0.4,-104.4,37.8,119.8,18.8,23.0,105.7,14.0,0.4,0.5,0.4,-23.7,20.0,52.9,14.4,20.0,45.8,12.0,0.5,0.4,0.4,-59.7,26.2,81.9,18.8,20.0,60.4,12.0,0.5,0.4,0.4,-2.8,2.9,21.3,6.2,20.0,15.8,12.0,0.5,0.4,0.4,-25.9,2.7,7.9,-6.4,20.0,31.2,12.0,0.5,0.4,0.4,83.0,373.0,1092.5,582.0,23.0,565.5,14.0,0.4,0.5,0.4,85.0,375.0,1095.0,580.0,23.0,565.0,14.0,0.4,0.5,0.4
1974,2,324.0,36.0,16.0,17.0,18.0,17.03,22.0,1.32,16.0,0.4,0.5,0.6,13.98,15.95,17.67,15.98,24.0,1.93,16.0,0.4,0.6,0.6,6.25,8.96,10.43,8.58,20.0,2.03,16.0,0.4,0.5,0.6,62.5,76.7,87.8,76.0,20.0,12.0,16.0,0.4,0.6,5.1,7.95,10.97,8.03,24.0,2.81,16.0,0.4,0.6,0.6,-1.92,0.97,6.25,2.06,24.0,4.25,16.0,0.4,0.6,0.6,-8.65,1.82,7.7,0.02,24.0,7.26,16.0,0.4,0.6,0.6,1018.46,1025.75,1029.61,1024.04,24.0,5.89,16.0,0.4,0.6,0.6,2.0,7.0,8.0,5.7,24.0,2.6,16.0,0.4,0.6,0.6,-12.5,3.9,56.8,18.5,24.0,41.5,16.0,0.4,0.6,0.6,-78.8,7.2,61.7,-8.3,24.0,72.6,16.0,0.4,0.6,0.6,-1.0,1.15,2.47,0.97,22.0,2.23,16.0,0.4,0.5,0.6,-8.9,9.3,19.6,9.0,22.0,19.0,16.0,0.4,0.5,0.6,1.34,2.99,5.0,3.35,18.0,2.13,16.0,0.4,0.5,0.6,9.2,22.7,37.6,26.2,18.0,20.4,16.0,0.4,0.5,0.6,-32.7,17.1,102.3,33.8,24.0,68.2,16.0,0.4,0.6,0.6,-115.4,28.2,129.6,8.8,24.0,113.7,16.0,0.4,0.6,0.6,-18.6,15.2,52.4,22.5,20.0,39.0,16.0,0.4,0.5,0.6,-55.4,4.6,73.7,1.9,20.0,61.3,16.0,0.4,0.5,0.6,-4.5,5.4,26.7,8.2,18.0,15.9,16.0,0.4,0.5,0.6,-23.5,0.3,16.1,-7.7,18.0,27.6,16.0,0.4,0.5,0.6,132.5,504.0,1324.0,697.0,24.0,595.5,16.0,0.4,0.6,0.6,135.0,505.0,1325.0,695.0,24.0,595.0,16.0,0.4,0.6,0.6
1974,2,324.0,37.0,16.07,16.55,17.0,16.58,22.0,0.47,16.0,0.5,0.7,0.4,13.5,16.3,17.27,15.69,22.0,1.75,16.0,0.5,0.7,0.4,6.57,9.12,10.57,8.84,20.0,1.92,16.0,0.6,0.7,0.4,65.9,83.8,91.2,80.8,21.0,11.3,16.0,0.6,0.4,5.29,9.3,12.04,8.9,21.0,3.58,16.0,0.6,0.7,0.4,0.0,3.98,8.45,4.14,21.0,4.66,16.0,0.6,0.7,0.4,-7.54,-1.7,8.56,0.17,21.0,7.5,16.0,0.6,0.7,0.4,1013.08,1024.6,1028.91,1020.63,23.0,9.98,16.0,0.5,0.7,0.4,2.2,6.0,8.0,5.1,21.0,2.9,14.0,0.6,0.7,0.4,0.0,29.6,98.8,44.0,21.0,61.1,16.0,0.6,0.7,0.4,-70.3,-10.6,80.2,5.2,21.0,86.4,16.0,0.6,0.7,0.4,-1.26,0.6,3.08,0.86,21.0,1.87,16.0,0.6,0.7,0.4,-6.1,3.7,32.3,6.3,20.0,18.8,16.0,0.6,0.7,0.4,0.74,1.85,5.12,2.72,19.0,1.98,16.0,0.6,0.7,0.4,6.8,14.8,49.6,23.4,18.0,19.8,16.0,0.6,0.7,0.4,0.0,60.5,143.8,64.6,21.0,75.1,16.0,0.6,0.7,0.4,-106.0,-27.2,140.6,11.2,21.0,120.4,16.0,0.6,0.7,0.4,-2.7,32.3,61.9,30.9,19.0,40.3,16.0,0.6,0.7,0.4,-52.5,-21.1,82.5,8.7,19.0,69.3,16.0,0.6,0.7,0.4,0.0,5.5,33.6,12.9,18.0,17.8,16.0,0.6,0.7,0.4,-27.5,-5.2,9.1,-10.1,18.0,19.2,16.0,0.6,0.7,0.4,151.0,804.5,1756.5,1035.5,21.0,1100.5,16.0,0.6,0.7,0.4,150.0,805.0,1755.0,1035.0,21.0,1100.0,16.0,0.6,0.7,0.4
1974,2,324.0,38.0,16.0,16.7,18.0,16.82,20.0,1.27,12.0,0.4,0.6,0.4,13.5,15.8,17.0,15.44,22.0,1.58,12.0,0.4,0.5,0.4,6.95,9.34,10.89,8.98,16.0,2.0,12.0,0.3,0.6,0.4,60.4,80.8,92.3,78.7,17.0,13.6,12.0,0.3,0.4,5.1,10.8,14.4,10.0,22.0,4.4,12.0,0.4,0.5,0.4,-2.03,2.71,11.3,3.71,22.0,5.97,12.0,0.4,0.5,0.4,-4.04,2.48,12.67,3.68,22.0,7.74,12.0,0.4,0.5,0.4,1019.0,1023.9,1027.0,1022.16,21.0,5.19,14.0,0.4,0.6,0.4,1.0,6.0,8.0,4.7,23.0,3.1,14.0,0.4,0.6,0.5,-14.3,14.4,135.5,47.3,22.0,79.7,12.0,0.4,0.5,0.4,-20.6,14.9,168.0,51.6,22.0,98.3,12.0,0.4,0.5,0.4,-1.21,1.1,4.04,1.47,19.0,2.41,12.0,0.4,0.5,0.4,-11.6,3.8,30.2,11.6,19.0,22.0,12.0,0.4,0.5,0.4,0.27,2.33,4.95,2.82,15.0,2.39,12.0,0.3,0.6,0.4,1.4,15.7,50.8,24.6,15.0,25.7,12.0,0.3,0.6,0.4,-32.3,37.2,162.1,56.1,22.0,87.3,12.0,0.4,0.5,0.4,-54.0,38.5,215.0,66.6,22.0,122.7,12.0,0.4,0.5,0.4,-19.8,6.8,65.8,19.8,16.0,42.4,12.0,0.3,0.6,0.4,-10.8,51.5,135.9,59.3,16.0,77.1,12.0,0.3,0.6,0.4,-3.1,0.0,41.0,8.4,15.0,25.9,12.0,0.3,0.6,0.4,-18.2,2.2,14.3,-2.1,15.0,23.6,12.0,0.3,0.6,0.4,132.5,1259.5,2986.0,1515.0,22.0,1270.0,12.0,0.4,0.5,0.4,135.0,1260.0,2985.0,1515.0,22.0,1270.0,12.0,0.4,0.5,0.4
1974,2,324.0,39.0,14.85,15.6,16.05,15.48,12.0,1.18,12.0,0.5,0.5,0.4,12.37,16.2,16.78,15.18,12.0,2.11,12.0,0.5,0.5,0.4,6.43,10.33,10.67,8.95,12.0,2.33,12.0,0.5,0.5,0.4,65.1,88.0,92.9,82.4,12.0,14.0,12.0,0.5,0.4,5.1,11.3,14.28,10.53,12.0,5.03,12.0,0.5,0.5,0.4,-0.73,3.85,7.88,3.8,12.0,4.44,12.0,0.5,0.5,0.4,-4.19,6.84,12.26,4.23,12.0,9.55,12.0,0.5,0.5,0.4,1010.14,1018.7,1025.65,1018.57,12.0,7.91,12.0,0.5,0.5,0.4,3.7,7.0,8.0,6.0,12.0,2.4,12.0,0.5,0.5,0.4,-4.0,33.4,105.7,47.2,12.0,56.2,12.0,0.5,0.5,0.4,-46.3,55.4,166.6,54.8,12.0,144.5,12.0,0.5,0.5,0.4,-1.08,-0.25,2.38,0.3,12.0,2.2,12.0,0.5,0.5,0.4,-17.3,-1.5,16.3,-0.5,12.0,20.8,12.0,0.5,0.5,0.4,0.16,1.32,3.97,1.92,12.0,2.26,12.0,0.5,0.5,0.4,0.8,11.8,41.1,16.8,12.0,22.3,12.0,0.5,0.5,0.4,-10.6,58.7,114.2,54.5,12.0,62.6,12.0,0.5,0.5,0.4,-49.0,113.5,199.4,77.1,12.0,150.4,12.0,0.5,0.5,0.4,-5.8,31.5,69.2,31.4,12.0,37.4,12.0,0.5,0.5,0.4,-27.7,72.1,128.5,53.8,12.0,87.0,12.0,0.5,0.5,0.4,-2.9,2.9,16.3,8.2,12.0,16.4,12.0,0.5,0.5,0.4,-16.2,-0.6,14.5,-5.0,12.0,20.9,12.0,0.5,0.5,0.4,132.5,1443.0,2931.5,1854.5,12.0,1917.5,12.0,0.5,0.5,0.4,135.0,1445.0,2930.0,1855.0,12.0,1915.0,12.0,0.5,0.5,0.4
1974,2,324.0,40.0,12.9,14.4,15.07,14.08,9.0,1.13,14.0,0.7,0.6,0.4,11.22,13.0,15.78,13.41,15.0,2.57,16.0,0.6,0.5,0.4,5.37,6.13,7.37,6.32,5.0,1.47,18.0,0.8,0.5,0.1,61.3,68.5,80.4,71.3,5.0,17.4,18.0,0.8,0.1,6.7,10.3,16.87,11.31,15.0,5.24,16.0,0.6,0.5,0.4,-0.91,7.24,11.48,6.53,15.0,7.54,16.0,0.6,0.5,0.4,-7.08,2.0,7.92,0.49,15.0,7.87,16.0,0.6,0.5,0.4,1010.8,1023.5,1026.1,1018.9,13.0,9.37,18.0,0.6,0.5,0.4,2.9,7.0,8.0,5.8,13.0,2.7,16.0,0.7,0.5,0.4,-6.1,55.7,194.0,105.4,15.0,147.6,16.0,0.6,0.5,0.4,-82.8,8.0,93.0,8.8,15.0,105.3,16.0,0.6,0.5,0.4,0.58,1.7,3.47,1.31,9.0,2.68,14.0,0.7,0.6,0.4,8.5,16.8,38.1,13.3,9.0,31.9,14.0,0.7,0.6,0.4,3.09,3.8,4.96,4.03,5.0,1.34,18.0,0.8,0.5,0.1,27.5,43.0,62.7,45.4,5.0,19.9,18.0,0.8,0.5,0.1,-15.4,101.3,182.0,85.3,15.0,99.9,16.0,0.6,0.5,0.4,-83.0,22.4,147.5,19.0,15.0,109.3,16.0,0.6,0.5,0.4,7.6,13.8,103.8,50.0,5.0,61.0,18.0,0.8,0.5,0.1,-50.2,-38.0,10.8,-23.3,5.0,38.2,18.0,0.8,0.5,0.1,4.7,19.4,41.8,24.7,5.0,28.6,18.0,0.8,0.5,0.1,-46.4,-28.8,3.2,-23.2,5.0,26.7,18.0,0.8,0.5,0.1,301.0,1092.5,5014.5,2409.5,15.0,3146.5,16.0,0.6,0.5,0.4,300.0,1095.0,5015.0,2410.0,15.0,3145.0,16.0,0.6,0.5,0.4
1974,2,324.0,41.0,14.0,14.6,15.65,14.79,18.0,0.89,16.0,0.6,0.5,0.5,10.91,13.0,16.07,13.46,19.0,2.48,16.0,0.6,0.5,0.4,5.19,7.4,9.67,7.39,16.0,2.09,16.0,0.6,0.5,0.4,65.2,80.5,90.2,77.5,16.0,13.3,16.0,0.6,0.4,4.45,11.3,16.19,11.36,18.0,5.3,16.0,0.6,0.5,0.4,-4.18,4.49,14.87,4.78,18.0,8.31,16.0,0.6,0.5,0.4,-9.59,0.0,8.84,-0.23,18.0,8.45,16.0,0.6,0.5,0.4,1009.96,1020.0,1025.24,1017.78,19.0,7.42,16.0,0.6,0.5,0.4,3.0,6.0,8.0,5.9,19.0,2.1,16.0,0.6,0.5,0.4,-45.0,31.6,250.0,78.4,18.0,137.9,16.0,0.6,0.5,0.4,-131.4,0.0,94.3,-13.2,18.0,121.8,16.0,0.6,0.5,0.4,-0.8,1.55,3.58,1.52,18.0,2.4,16.0,0.6,0.5,0.5,-8.0,14.9,42.9,19.8,17.0,33.2,16.0,0.6,0.5,0.5,0.68,3.48,5.1,3.05,15.0,2.27,16.0,0.6,0.5,0.4,6.1,16.7,93.9,37.5,14.0,38.9,16.0,0.6,0.5,0.4,-66.2,64.3,173.9,55.8,18.0,105.1,16.0,0.6,0.5,0.4,-110.1,0.0,145.0,10.0,18.0,116.0,16.0,0.6,0.5,0.4,-44.0,34.2,79.0,20.7,15.0,58.1,16.0,0.6,0.5,0.4,-51.6,0.0,79.6,9.1,15.0,61.6,16.0,0.6,0.5,0.4,-5.0,14.7,77.1,26.2,14.0,38.8,16.0,0.6,0.5,0.4,-39.6,-5.9,5.2,-14.5,14.0,23.7,16.0,0.6,0.5,0.4,89.0,1443.0,4311.0,2360.5,18.0,2514.0,16.0,0.6,0.5,0.4,90.0,1445.0,4310.0,2360.0,18.0,2515.0,16.0,0.6,0.5,0.4
1974,2,324.0,42.0,13.92,14.5,15.43,14.64,15.0,0.8,14.0,0.6,0.4,0.3,11.5,13.05,15.42,13.38,16.0,2.33,14.0,0.6,0.5,0.3,6.61,8.78,10.07,8.43,10.0,1.83,10.0,0.8,0.4,0.3,73.9,85.1,93.9,83.4,10.0,12.6,10.0,0.8,0.3,7.7,10.55,15.25,11.36,16.0,4.37,14.0,0.6,0.5,0.3,-2.39,5.77,11.17,4.54,16.0,7.11,14.0,0.6,0.5,0.3,-1.49,6.5,12.03,5.43,16.0,7.25,14.0,0.6,0.5,0.3,1009.11,1018.8,1022.56,1017.17,15.0,7.82,14.0,0.6,0.4,0.3,4.4,7.0,8.0,6.4,15.0,2.3,14.0,0.7,0.5,0.3,-26.8,43.9,154.3,65.8,16.0,113.4,14.0,0.6,0.5,0.3,-8.9,56.5,161.1,65.2,16.0,117.4,14.0,0.6,0.5,0.3,-0.78,1.0,3.73,1.37,15.0,2.22,14.0,0.6,0.4,0.3,-8.4,13.0,32.7,12.0,15.0,19.1,14.0,0.6,0.4,0.3,0.38,1.72,3.31,1.84,10.0,1.55,10.0,0.8,0.4,0.3,4.6,19.8,35.3,23.8,10.0,25.4,10.0,0.8,0.4,0.3,-35.9,70.5,160.4,63.8,16.0,98.4,14.0,0.6,0.5,0.3,-11.2,96.2,164.7,78.4,16.0,98.2,14.0,0.6,0.5,0.3,32.8,66.8,100.4,64.7,10.0,53.2,10.0,0.8,0.4,0.3,-7.3,56.0,90.5,46.5,10.0,57.9,10.0,0.8,0.4,0.3,2.0,10.3,33.4,17.4,10.0,21.1,10.0,0.8,0.4,0.3,-8.3,4.1,16.9,0.2,10.0,22.2,10.0,0.8,0.4,0.3,456.5,1176.0,3547.0,2121.5,16.0,2457.0,14.0,0.6,0.5,0.3,455.0,1175.0,3545.0,2120.0,16.0,2455.0,14.0,0.6,0.5,0.3
1974,2,324.0,43.0,12.67,13.85,14.0,13.98,8.0,1.9,12.0,0.6,0.5,0.5,10.48,13.3,15.45,13.04,9.0,2.28,14.0,0.7,0.5,0.5,6.13,7.54,9.02,7.26,7.0,1.9,12.0,0.7,0.5,0.5,64.5,79.3,89.1,76.1,7.0,13.8,12.0,0.7,0.5,6.7,11.3,14.73,11.31,9.0,6.29,14.0,0.7,0.5,0.5,0.35,6.6,14.26,7.09,9.0,7.62,14.0,0.7,0.5,0.5,-1.12,6.45,10.99,4.75,9.0,6.59,14.0,0.7,0.5,0.5,1000.51,1018.5,1024.47,1014.56,9.0,11.71,14.0,0.7,0.5,0.5,5.1,7.0,8.0,6.8,8.0,1.4,12.0,0.6,0.5,0.5,0.7,44.2,212.1,114.4,9.0,169.0,14.0,0.7,0.5,0.5,-2.2,83.2,124.5,76.3,9.0,101.7,14.0,0.7,0.5,0.5,-1.27,0.15,4.34,1.24,8.0,3.42,12.0,0.6,0.5,0.5,-13.2,3.1,27.3,3.4,8.0,26.4,12.0,0.6,0.5,0.5,0.3,2.25,5.45,2.71,7.0,2.35,12.0,0.7,0.5,0.5,3.1,36.3,51.0,29.2,7.0,22.0,12.0,0.7,0.5,0.5,3.5,63.3,196.3,95.2,9.0,105.6,14.0,0.7,0.5,0.5,-11.3,100.0,153.5,70.6,9.0,89.8,14.0,0.7,0.5,0.5,-0.8,24.7,99.3,50.3,7.0,62.3,12.0,0.7,0.5,0.5,-2.3,80.8,92.4,44.4,7.0,57.7,12.0,0.7,0.5,0.5,0.0,12.4,47.4,21.5,7.0,23.6,12.0,0.7,0.5,0.5,-1.6,3.2,18.4,3.1,7.0,19.2,12.0,0.7,0.5,0.5,301.0,1443.0,3246.5,2775.5,9.0,4421.5,14.0,0.7,0.5,0.5,300.0,1445.0,3245.0,2775.0,9.0,4420.0,14.0,0.7,0.5,0.5
1974,2,324.0,44.0,10.95,13.0,15.0,12.84,7.0,1.87,14.0,0.4,0.5,0.5,8.2,10.9,13.67,10.63,8.0,2.47,12.0,0.4,0.6,0.5,4.24,6.66,8.93,6.63,6.0,2.24,10.0,0.3,0.7,0.4,59.1,88.5,90.0,79.0,6.0,17.2,10.0,0.3,0.4,6.54,15.4,22.26,15.92,9.0,8.89,12.0,0.4,0.6,0.4,-0.35,9.9,19.74,9.61,9.0,12.16,12.0,0.4,0.6,0.4,-6.72,4.32,12.41,3.6,9.0,9.9,12.0,0.4,0.6,0.4,1010.32,1015.5,1026.74,1015.72,9.0,11.77,12.0,0.4,0.6,0.4,6.3,7.0,8.0,7.1,9.0,1.1,12.0,0.4,0.6,0.4,-1.6,152.4,422.1,216.6,9.0,355.1,12.0,0.4,0.6,0.4,-137.7,19.9,201.3,32.7,9.0,214.8,12.0,0.4,0.6,0.4,1.38,4.0,5.1,2.7,7.0,2.9,14.0,0.4,0.5,0.5,4.8,25.9,104.7,39.6,7.0,56.9,14.0,0.4,0.5,0.5,0.61,3.5,4.88,2.79,5.0,2.61,12.0,0.4,0.7,0.4,3.7,21.2,59.9,33.3,5.0,53.2,12.0,0.4,0.7,0.4,-11.8,100.0,147.4,75.3,8.0,89.2,12.0,0.4,0.6,0.5,-34.5,72.6,161.8,64.9,8.0,93.1,12.0,0.4,0.6,0.5,15.8,86.9,92.3,62.4,6.0,43.6,10.0,0.3,0.7,0.4,-27.0,9.3,110.0,30.4,6.0,64.7,10.0,0.3,0.7,0.4,-8.8,10.4,57.2,26.2,5.0,52.2,12.0,0.4,0.7,0.4,-24.1,-12.3,7.3,-9.7,5.0,22.7,12.0,0.4,0.7,0.4,514.0,3652.5,11160.0,7656.0,9.0,11190.0,12.0,0.4,0.6,0.4,515.0,3650.0,11160.0,7655.0,9.0,11190.0,12.0,0.4,0.6,0.4
1974,2,324.0,45.0,11.49,12.3,13.37,12.38,5.0,1.26,16.0,0.6,0.6,0.3,7.51,9.95,12.41,10.07,6.0,2.84,18.0,0.7,0.5,0.3,4.58,5.0,5.41,4.99,4.0,0.61,18.0,0.8,0.4,0.3,63.5,79.9,83.6,73.9,4.0,15.6,18.0,0.8,0.3,7.65,11.8,21.91,14.3,5.0,7.73,18.0,0.8,0.4,0.3,1.45,6.28,19.94,9.78,5.0,9.75,18.0,0.8,0.4,0.3,-8.89,-6.3,0.96,-3.78,5.0,9.1,18.0,0.8,0.4,0.3,1018.67,1022.8,1026.35,1021.72,6.0,6.43,18.0,0.7,0.5,0.3,6.2,7.5,8.0,6.8,6.0,1.9,18.0,0.7,0.5,0.3,9.7,51.5,438.4,194.6,5.0,239.7,18.0,0.8,0.4,0.3,-199.1,-43.2,24.1,-76.8,5.0,158.4,18.0,0.8,0.4,0.3,0.9,3.8,4.05,2.6,5.0,2.2,16.0,0.6,0.6,0.3,10.6,57.8,86.4,48.9,4.0,47.3,14.0,0.8,0.4,0.3,2.94,3.05,3.43,3.18,3.0,0.37,14.0,0.7,0.4,0.3,40.1,62.9,67.8,54.2,3.0,21.6,14.0,0.7,0.4,0.3,16.7,48.4,149.9,76.0,5.0,72.3,18.0,0.8,0.4,0.3,-76.0,-59.2,34.6,-17.9,5.0,103.5,18.0,0.8,0.4,0.3,19.9,68.5,108.5,64.4,4.0,51.6,18.0,0.8,0.4,0.3,-51.2,-33.5,-26.4,-38.6,4.0,16.4,18.0,0.8,0.4,0.3,34.2,59.1,60.2,47.5,3.0,21.5,14.0,0.7,0.4,0.3,-30.7,-21.5,-19.8,-25.2,3.0,8.6,14.0,0.7,0.4,0.3,460.0,1643.0,10725.0,5082.0,5.0,6149.0,18.0,0.8,0.4,0.3,460.0,1645.0,10725.0,5080.0,5.0,6150.0,18.0,0.8,0.4,0.3
1974,2,324.0,46.0,10.48,11.25,14.0,11.85,6.0,1.73,16.0,0.8,0.4,0.5,8.94,9.1,11.05,9.71,7.0,1.42,14.0,0.7,0.4,0.5,4.52,5.18,5.87,5.29,6.0,1.13,12.0,0.7,0.4,0.4,58.0,71.3,80.7,71.6,6.0,14.1,12.0,0.7,0.4,7.08,10.3,13.1,10.29,7.0,4.03,14.0,0.7,0.4,0.5,3.11,8.29,11.36,7.03,7.0,6.61,14.0,0.7,0.4,0.5,-2.49,0.0,8.97,2.46,7.0,5.59,14.0,0.7,0.4,0.5,1006.77,1012.0,1017.12,1010.44,7.0,8.94,14.0,0.7,0.4,0.5,5.9,7.0,8.0,6.4,7.0,1.7,14.0,0.7,0.4,0.5,12.9,75.7,132.7,84.6,7.0,101.8,14.0,0.7,0.4,0.5,-17.9,0.0,100.2,37.8,7.0,65.1,14.0,0.7,0.4,0.5,0.48,1.55,5.17,2.52,6.0,2.46,16.0,0.8,0.4,0.5,4.8,13.2,39.7,27.2,6.0,38.9,16.0,0.8,0.4,0.5,1.64,3.44,5.07,3.39,5.0,2.12,14.0,0.8,0.4,0.5,15.3,24.8,54.5,36.5,5.0,39.5,14.0,0.8,0.4,0.5,28.0,95.7,101.3,65.8,7.0,60.2,14.0,0.7,0.4,0.5,-22.4,0.0,91.5,26.8,7.0,58.8,14.0,0.7,0.4,0.5,7.7,36.5,60.3,29.5,6.0,36.6,12.0,0.7,0.4,0.4,-12.5,6.0,52.5,16.4,6.0,34.7,12.0,0.7,0.4,0.4,8.6,23.3,51.9,31.9,5.0,39.5,14.0,0.8,0.4,0.5,-10.1,-4.3,17.0,3.3,5.0,19.7,14.0,0.8,0.4,0.5,360.0,1092.5,2279.0,1532.0,7.0,1642.0,14.0,0.7,0.4,0.5,360.0,1095.0,2280.0,1530.0,7.0,1640.0,14.0,0.7,0.4,0.5
1974,2,324.0,47.0,10.06,10.5,11.15,10.6,5.0,0.6,22.0,0.2,0.8,0.4,9.06,10.55,13.12,10.9,6.0,2.04,20.0,0.3,0.8,0.4,4.12,6.46,7.5,6.01,5.0,1.95,22.0,0.2,0.8,0.4,58.5,79.0,91.2,75.3,5.0,18.5,22.0,0.2,0.4,4.0,9.5,19.0,10.78,6.0,7.07,20.0,0.3,0.8,0.4,-0.57,1.57,6.06,3.36,6.0,6.8,20.0,0.3,0.8,0.4,0.64,6.07,13.68,6.66,6.0,8.75,20.0,0.3,0.8,0.4,1000.41,1012.15,1024.81,1011.9,6.0,13.42,20.0,0.3,0.8,0.4,4.8,8.0,8.0,6.4,5.0,3.0,18.0,0.4,0.8,0.5,-2.1,6.4,82.4,56.3,6.0,126.1,20.0,0.3,0.8,0.4,-1.4,81.0,217.8,112.2,6.0,149.7,20.0,0.3,0.8,0.4,-1.31,-0.2,1.74,0.12,5.0,1.83,22.0,0.2,0.8,0.4,-12.0,-1.3,14.7,0.4,5.0,18.9,22.0,0.2,0.8,0.4,0.55,1.3,3.73,1.91,5.0,1.76,22.0,0.2,0.8,0.4,2.4,13.5,21.1,12.0,5.0,11.0,22.0,0.2,0.8,0.4,-4.8,17.0,58.6,32.7,6.0,62.3,20.0,0.3,0.8,0.4,3.3,57.9,183.7,81.7,6.0,110.8,20.0,0.3,0.8,0.4,-4.3,12.9,54.3,27.0,5.0,49.9,22.0,0.2,0.8,0.4,-1.9,17.0,80.0,35.1,5.0,50.3,22.0,0.2,0.8,0.4,-3.8,4.1,13.9,4.5,5.0,10.6,22.0,0.2,0.8,0.4,-9.6,3.4,9.0,-0.6,5.0,12.7,22.0,0.2,0.8,0.4,64.5,1081.0,6859.0,2666.0,6.0,3317.0,20.0,0.3,0.8,0.4,65.0,1080.0,6860.0,2665.0,6.0,3315.0,20.0,0.3,0.8,0.4
1974,2,324.0,48.0,10.75,11.0,11.55,11.18,5.0,0.77,18.0,0.4,0.4,0.5,5.85,10.0,10.56,8.4,5.0,3.1,18.0,0.4,0.4,0.5,4.46,6.46,7.21,5.94,5.0,1.47,18.0,0.4,0.4,0.5,75.2,87.5,97.5,85.5,5.0,15.4,18.0,0.4,0.5,7.49,10.5,12.9,10.2,6.0,2.82,18.0,0.5,0.3,0.5,1.44,9.57,12.24,7.77,6.0,5.3,18.0,0.5,0.3,0.5,-1.52,4.31,7.0,3.37,6.0,4.31,18.0,0.5,0.3,0.5,997.02,1003.8,1013.7,1004.34,5.0,11.61,18.0,0.4,0.4,0.5,5.6,7.5,8.0,6.8,6.0,1.6,18.0,0.5,0.3,0.5,12.0,100.3,157.9,90.3,6.0,72.5,18.0,0.5,0.3,0.5,-14.1,48.0,60.6,31.4,6.0,41.1,18.0,0.5,0.3,0.5,0.64,1.5,5.15,2.78,5.0,2.96,18.0,0.4,0.4,0.5,5.5,11.6,64.8,32.4,5.0,38.3,18.0,0.4,0.4,0.5,1.48,1.9,3.51,2.37,5.0,1.29,18.0,0.4,0.4,0.5,11.7,21.2,34.0,23.5,5.0,16.6,18.0,0.4,0.4,0.5,14.0,40.5,84.8,47.6,5.0,36.2,18.0,0.4,0.4,0.5,4.0,31.8,74.4,37.1,5.0,40.4,18.0,0.4,0.4,0.5,9.1,47.4,62.8,39.2,5.0,30.6,18.0,0.4,0.4,0.5,7.5,28.5,42.6,26.0,5.0,26.2,18.0,0.4,0.4,0.5,2.8,14.2,31.9,17.9,5.0,18.7,18.0,0.4,0.4,0.5,3.3,8.4,18.6,10.1,5.0,9.2,18.0,0.4,0.4,0.5,424.5,1259.5,2146.5,1261.5,6.0,878.5,18.0,0.5,0.3,0.5,425.0,1260.0,2145.0,1260.0,6.0,880.0,18.0,0.5,0.3,0.5
1974,2,324.0,49.0,8.88,10.2,12.02,10.36,7.0,1.45,16.0,0.7,0.6,0.4,3.14,5.0,11.26,6.6,9.0,3.8,14.0,0.6,0.7,0.4,4.44,4.89,5.2,4.82,4.0,0.55,12.0,0.5,0.6,0.4,82.9,89.2,91.1,87.1,5.0,5.3,14.0,0.6,0.4,9.63,14.65,16.89,14.28,8.0,6.15,14.0,0.6,0.6,0.4,3.78,10.52,15.49,10.3,8.0,8.44,14.0,0.6,0.6,0.4,-2.94,1.59,13.02,3.79,8.0,7.87,14.0,0.6,0.6,0.4,997.38,1006.55,1015.23,1007.28,8.0,13.83,14.0,0.5,0.7,0.4,3.9,6.0,8.0,5.7,7.0,2.1,16.0,0.6,0.6,0.4,23.4,125.1,246.9,177.8,8.0,212.7,14.0,0.6,0.6,0.4,-41.0,14.8,182.3,54.7,8.0,128.9,14.0,0.6,0.6,0.4,-0.1,3.5,5.54,3.0,7.0,2.67,16.0,0.7,0.6,0.4,-1.5,13.6,73.7,31.5,6.0,41.1,16.0,0.8,0.6,0.5,2.7,2.83,2.96,2.83,3.0,0.19,12.0,0.7,0.6,0.4,19.3,34.8,42.8,31.2,3.0,17.5,12.0,0.7,0.6,0.4,25.8,50.5,77.7,50.7,8.0,45.4,14.0,0.6,0.6,0.4,-19.3,10.0,155.3,45.2,8.0,86.6,14.0,0.6,0.6,0.4,36.0,56.9,94.0,64.7,4.0,44.5,12.0,0.5,0.6,0.4,-19.2,-8.0,16.5,-1.7,4.0,24.0,12.0,0.5,0.6,0.4,17.4,34.8,38.6,28.1,3.0,16.5,12.0,0.7,0.6,0.4,-5.3,0.0,15.9,5.2,3.0,16.2,12.0,0.7,0.6,0.4,921.5,3169.0,4822.5,4385.5,8.0,5343.5,14.0,0.6,0.6,0.4,920.0,3170.0,4820.0,4385.0,8.0,5345.0,14.0,0.6,0.6,0.4
1974,2,324.0,50.0,7.48,8.5,9.52,8.5,2.0,2.12,20.0,1.0,0.5,0.6,2.0,4.75,7.66,4.83,4.0,3.26,14.0,0.5,0.5,0.6,3.94,5.42,6.15,5.05,3.0,1.65,18.0,0.7,0.5,0.6,76.1,82.5,94.4,85.2,3.0,13.6,18.0,0.7,0.6,7.81,11.85,14.21,11.05,4.0,4.39,14.0,0.5,0.5,0.6,5.17,10.02,12.41,8.85,4.0,5.71,14.0,0.5,0.5,0.6,4.33,5.14,6.85,5.57,4.0,1.94,14.0,0.5,0.5,0.6,999.15,1005.35,1009.19,1004.23,4.0,6.26,14.0,0.5,0.5,0.6,6.0,6.0,6.7,6.3,3.0,0.6,12.0,0.3,0.5,0.8,54.5,118.5,177.4,116.1,4.0,89.5,14.0,0.5,0.5,0.6,32.4,60.5,94.7,63.4,4.0,37.4,14.0,0.5,0.5,0.6,-0.28,0.85,1.98,0.85,2.0,2.33,20.0,1.0,0.5,0.6,-5.2,2.1,9.4,2.1,2.0,15.1,20.0,1.0,0.5,0.6,0.87,1.0,1.14,1.0,2.0,0.28,20.0,1.0,0.5,0.6,6.5,7.4,8.3,7.4,2.0,1.8,20.0,1.0,0.5,0.6,12.9,24.4,55.3,33.6,4.0,31.7,14.0,0.5,0.5,0.6,13.4,22.7,33.5,23.4,4.0,12.2,14.0,0.5,0.5,0.6,18.8,47.0,52.5,35.9,3.0,26.4,18.0,0.7,0.5,0.6,18.0,20.0,28.6,23.2,3.0,8.2,18.0,0.7,0.5,0.6,2.2,4.6,7.1,4.6,2.0,5.0,20.0,1.0,0.5,0.6,3.5,4.5,5.5,4.5,2.0,2.2,20.0,1.0,0.5,0.6,669.0,1703.0,2935.5,1798.0,4.0,1486.0,14.0,0.5,0.5,0.6,670.0,1705.0,2935.0,1800.0,4.0,1485.0,14.0,0.5,0.5,0.6
1974,2,324.0,51.0,7.73,8.0,8.68,8.2,3.0,0.72,16.0,0.7,0.6,0.5,5.11,6.0,6.14,5.63,3.0,0.81,16.0,0.7,0.6,0.5,4.35,4.65,4.95,4.65,2.0,0.62,14.0,0.5,0.8,0.4,81.1,82.7,84.4,82.7,2.0,3.4,14.0,0.5,0.4,6.24,8.7,14.02,10.1,3.0,5.83,16.0,0.7,0.6,0.5,4.34,8.18,13.18,8.74,3.0,6.5,16.0,0.7,0.6,0.5,3.43,4.42,5.25,4.35,3.0,1.34,16.0,0.7,0.6,0.5,989.66,1010.0,1016.69,1003.33,3.0,20.62,16.0,0.7,0.6,0.5,7.3,8.0,8.0,7.7,3.0,0.6,16.0,0.7,0.6,0.5,31.5,71.1,197.2,113.3,3.0,126.8,16.0,0.7,0.6,0.5,23.6,25.9,71.8,47.2,3.0,39.8,16.0,0.7,0.6,0.5,1.98,2.8,3.14,2.57,3.0,0.87,16.0,0.7,0.6,0.5,13.3,24.4,44.9,29.0,3.0,23.5,16.0,0.7,0.6,0.5,1.71,1.98,2.26,1.98,2.0,0.56,14.0,0.5,0.8,0.4,13.0,23.7,34.4,23.7,2.0,22.1,14.0,0.5,0.8,0.4,26.5,50.7,65.8,46.3,3.0,29.0,16.0,0.7,0.6,0.5,21.0,26.5,26.5,23.8,3.0,4.7,16.0,0.7,0.6,0.5,21.3,39.2,57.0,39.2,2.0,37.0,14.0,0.5,0.8,0.4,22.7,23.1,23.6,23.1,2.0,0.9,14.0,0.5,0.8,0.4,9.3,20.5,31.7,20.5,2.0,23.3,14.0,0.5,0.8,0.4,8.0,10.2,12.4,10.2,2.0,4.6,14.0,0.5,0.8,0.4,299.5,658.5,3275.5,1761.0,3.0,2379.5,16.0,0.7,0.6,0.5,300.0,660.0,3275.0,1760.0,3.0,2380.0,16.0,0.7,0.6,0.5
1974,2,324.0,52.0,6.42,7.1,7.71,7.07,3.0,0.95,14.0,0.7,0.7,0.7,-0.15,2.1,4.28,2.07,3.0,3.25,14.0,0.7,0.7,0.7,3.93,3.93,3.93,3.93,1.0,0.0,14.0,1.0,0.8,0.5,86.0,86.0,86.0,86.0,1.0,0.0,14.0,1.0,0.5,13.75,17.5,23.3,18.5,3.0,7.05,14.0,0.7,0.7,0.7,-12.53,-4.1,15.37,1.29,3.0,20.97,14.0,0.7,0.7,0.7,-7.97,-5.99,5.8,-1.2,3.0,10.9,14.0,0.7,0.7,0.7,981.48,995.4,1008.71,995.1,3.0,19.95,14.0,0.7,0.7,0.7,7.3,8.0,8.0,7.7,3.0,0.6,14.0,0.7,0.7,0.7,-212.1,-49.3,418.0,99.4,3.0,479.1,14.0,0.7,0.7,0.7,-191.1,-104.7,59.1,-66.9,3.0,186.2,14.0,0.7,0.7,0.7,2.5,4.0,7.55,5.0,3.0,3.8,14.0,0.7,0.7,0.7,37.0,70.0,185.5,110.3,3.0,114.3,14.0,0.7,0.7,0.7,2.13,2.13,2.13,2.13,1.0,0.0,14.0,1.0,0.8,0.5,37.2,37.2,37.2,37.2,1.0,0.0,14.0,1.0,0.8,0.5,-32.9,-29.3,-24.2,-28.5,3.0,6.4,14.0,0.7,0.7,0.7,-5.2,10.7,44.2,19.3,3.0,36.9,14.0,0.7,0.7,0.7,-64.6,-64.6,-64.6,-64.6,1.0,0.0,14.0,1.0,0.8,0.5,-23.5,-23.5,-23.5,-23.5,1.0,0.0,14.0,1.0,0.8,0.5,-35.0,-35.0,-35.0,-35.0,1.0,0.0,14.0,1.0,0.8,0.5,-12.7,-12.7,-12.7,-12.7,1.0,0.0,14.0,1.0,0.8,0.5,2880.5,5359.5,13698.5,8221.0,3.0,8302.5,14.0,0.7,0.7,0.7,2880.0,5360.0,13700.0,8220.0,3.0,8305.0,14.0,0.7,0.7,0.7
1974,2,324.0,53.0,,,,,,,,,,,,,,,,,,,,,,,,,,,,,,,,,,,,,,,,10.0,15.9,22.0,15.81,11.0,5.66,8.0,0.4,0.8,0.4,-7.53,9.85,20.13,6.53,11.0,14.03,8.0,0.4,0.8,0.4,-5.88,1.74,7.83,1.18,11.0,7.84,8.0,0.4,0.8,0.4,991.84,998.25,1006.64,998.46,10.0,6.94,6.0,0.4,0.8,0.4,,,,,,,,,,,,,,,,,,,,,,,,,,,,,,,,,,,,,,,,,,,,,,,,,,,,,,,,,,,,,,,,,,,,,,,,,,,,,,,,,,,,,,,,,,,,,,,,,,,,,,,,,,,,,,,,,,,,,,,,,,,,,,,,,,,,,,,,,,,,,,,,,,,,,,
1974,2,324.0,54.0,5.0,6.0,6.2,5.68,5.0,0.63,10.0,0.8,0.7,0.5,3.01,4.0,7.1,4.23,6.0,2.9,10.0,0.8,0.6,0.5,3.29,3.69,4.08,3.69,2.0,0.82,12.0,0.5,0.6,0.1,64.2,72.6,81.0,72.6,2.0,17.4,12.0,0.5,0.1,11.99,13.95,15.83,14.17,6.0,2.87,10.0,0.8,0.6,0.5,-11.49,-4.31,0.76,-2.91,6.0,10.8,10.0,0.8,0.6,0.5,-10.56,-9.64,7.54,-3.92,6.0,10.19,10.0,0.8,0.6,0.5,985.1,987.95,1007.81,994.38,6.0,12.49,10.0,0.8,0.6,0.5,6.2,8.0,8.0,7.0,6.0,2.0,10.0,0.8,0.6,0.5,-172.4,-54.3,38.4,-25.7,6.0,188.7,10.0,0.8,0.6,0.5,-147.1,-127.1,127.3,-48.3,6.0,141.3,10.0,0.8,0.6,0.5,-0.9,1.0,3.12,1.4,5.0,3.16,10.0,0.8,0.7,0.5,-13.5,10.8,55.4,25.2,5.0,59.5,10.0,0.8,0.7,0.5,1.33,1.77,2.22,1.77,2.0,0.92,12.0,0.5,0.6,0.1,16.4,20.3,24.3,20.3,2.0,8.3,12.0,0.5,0.6,0.1,-81.6,-17.2,-14.7,-37.8,6.0,34.0,10.0,0.8,0.6,0.5,-68.5,-44.5,5.4,-30.8,6.0,44.3,10.0,0.8,0.6,0.5,-17.7,-15.1,-12.6,-15.1,2.0,5.2,12.0,0.5,0.6,0.1,-48.5,-41.6,-34.7,-41.6,2.0,14.3,12.0,0.5,0.6,0.1,-8.3,-7.0,-5.6,-7.0,2.0,2.8,12.0,0.5,0.6,0.1,-22.9,-19.1,-15.4,-19.1,2.0,7.8,12.0,0.5,0.6,0.1,1736.5,2761.0,4094.5,3146.0,6.0,2005.0,10.0,0.8,0.6,0.5,1735.0,2760.0,4095.0,3145.0,6.0,2005.0,10.0,0.8,0.6,0.5
1974,2,324.0,55.0,,,,,,,,,,,,,,,,,,,,,,,,,,,,,,,,,,,,,,,,13.36,15.65,17.94,15.65,2.0,4.74,18.0,1.0,1.0,0.4,-1.23,5.17,11.58,5.17,2.0,13.27,18.0,1.0,1.0,0.4,11.66,11.89,12.11,11.89,2.0,0.46,18.0,1.0,1.0,0.4,1003.82,1003.85,1003.88,1003.85,2.0,0.07,18.0,1.0,1.0,0.4,,,,,,,,,,,,,,,,,,,,,,,,,,,,,,,,,,,,,,,,,,,,,,,,,,,,,,,,,,,,,,,,,,,,,,,,,,,,,,,,,,,,,,,,,,,,,,,,,,,,,,,,,,,,,,,,,,,,,,,,,,,,,,,,,,,,,,,,,,,,,,,,,,,,,,
1974,2,324.0,56.0,4.19,4.6,5.01,4.6,2.0,0.85,22.0,0.5,0.7,0.2,1.0,1.0,2.43,1.7,3.0,1.21,24.0,0.7,0.8,0.2,3.93,3.93,3.93,3.93,1.0,0.0,16.0,0.0,1.0,0.3,83.0,83.0,83.0,83.0,1.0,0.0,16.0,0.0,0.3,5.41,9.3,12.51,8.97,3.0,5.21,24.0,0.7,0.8,0.2,2.56,8.05,11.97,7.28,3.0,6.93,24.0,0.7,0.8,0.2,-1.69,2.43,3.95,1.16,3.0,4.27,24.0,0.7,0.8,0.2,1006.32,1009.8,1012.74,1009.53,3.0,4.71,24.0,0.7,0.8,0.2,3.3,6.0,7.4,5.3,3.0,3.1,24.0,0.7,0.8,0.2,23.8,74.9,155.5,89.3,3.0,97.3,24.0,0.7,0.8,0.2,2.0,34.0,40.3,21.4,3.0,30.1,24.0,0.7,0.8,0.2,2.24,2.55,2.86,2.55,2.0,0.64,22.0,0.5,0.7,0.2,13.0,24.8,36.5,24.8,2.0,24.4,22.0,0.5,0.7,0.2,1.56,1.56,1.56,1.56,1.0,0.0,16.0,0.0,1.0,0.3,5.6,5.6,5.6,5.6,1.0,0.0,16.0,0.0,1.0,0.3,2.6,8.1,12.0,7.3,3.0,6.9,24.0,0.7,0.8,0.2,-6.8,2.4,3.9,-1.4,3.0,8.6,24.0,0.7,0.8,0.2,0.0,0.0,0.0,0.0,1.0,0.0,16.0,0.0,1.0,0.3,-14.2,-14.2,-14.2,-14.2,1.0,0.0,16.0,0.0,1.0,0.3,0.0,0.0,0.0,0.0,1.0,0.0,16.0,0.0,1.0,0.3,-5.6,-5.6,-5.6,-5.6,1.0,0.0,16.0,0.0,1.0,0.3,287.0,804.5,2128.5,1198.5,3.0,1391.0,24.0,0.7,0.8,0.2,285.0,805.0,2130.0,1200.0,3.0,1390.0,24.0,0.7,0.8,0.2
1974,2,324.0,57.0,5.1,5.95,7.38,6.23,4.0,1.41,8.0,0.8,0.6,0.6,0.0,1.5,4.27,1.83,8.0,2.41,14.0,0.8,0.6,0.6,3.87,3.87,3.87,3.87,1.0,0.0,4.0,1.0,0.5,0.8,100.0,100.0,100.0,100.0,1.0,0.0,4.0,1.0,0.8,11.14,13.45,17.71,13.85,8.0,5.25,14.0,0.8,0.6,0.6,-1.53,10.95,14.4,7.22,8.0,11.67,14.0,0.8,0.6,0.6,-3.13,3.1,5.15,0.74,8.0,7.1,14.0,0.8,0.6,0.6,988.78,993.95,1008.87,997.39,8.0,9.21,14.0,0.8,0.6,0.6,4.8,7.0,8.0,6.0,6.0,3.0,14.0,0.8,0.5,0.5,0.5,134.8,219.5,89.8,8.0,217.1,14.0,0.8,0.6,0.6,-14.4,37.7,77.9,-3.7,8.0,137.1,14.0,0.8,0.6,0.6,3.33,6.35,6.7,5.08,4.0,2.8,8.0,0.8,0.6,0.6,46.3,90.1,101.2,74.5,4.0,44.0,8.0,0.8,0.6,0.6,2.35,2.35,2.35,2.35,1.0,0.0,4.0,1.0,0.5,0.8,30.3,30.3,30.3,30.3,1.0,0.0,4.0,1.0,0.5,0.8,-22.5,0.0,33.6,-1.6,8.0,35.9,14.0,0.8,0.6,0.6,-16.1,0.0,4.7,-7.3,8.0,22.6,14.0,0.8,0.6,0.6,38.3,38.3,38.3,38.3,1.0,0.0,4.0,1.0,0.5,0.8,32.1,32.1,32.1,32.1,1.0,0.0,4.0,1.0,0.5,0.8,23.2,23.2,23.2,23.2,1.0,0.0,4.0,1.0,0.5,0.8,19.5,19.5,19.5,19.5,1.0,0.0,4.0,1.0,0.5,0.8,1390.0,2445.5,5590.5,3651.0,8.0,3612.5,14.0,0.8,0.6,0.6,1390.0,2445.0,5590.0,3650.0,8.0,3610.0,14.0,0.8,0.6,0.6
1974,2,324.0,58.0,,,,,,,,,,,,,,,,,,,,,,,,,,,,,,,,,,,,,,,,15.28,18.25,21.22,18.25,2.0,6.15,20.0,1.0,0.5,0.7,9.22,14.09,18.97,14.09,2.0,10.1,20.0,1.0,0.5,0.7,-4.59,2.15,8.9,2.15,2.0,13.98,20.0,1.0,0.5,0.7,1000.06,1000.4,1000.74,1000.4,2.0,0.71,20.0,1.0,0.5,0.7,8.0,8.0,8.0,8.0,2.0,0.0,20.0,1.0,0.5,0.7,157.4,288.3,419.1,288.3,2.0,271.1,20.0,1.0,0.5,0.7,-120.4,-3.7,113.0,-3.7,2.0,241.8,20.0,1.0,0.5,0.7,,,,,,,,,,,,,,,,,,,,,,,,,,,,,,,,,,,,,,,,,29.1,41.6,54.0,41.6,2.0,25.7,20.0,1.0,0.5,0.7,9.3,47.5,85.7,47.5,2.0,79.2,20.0,1.0,0.5,0.7,56.0,56.0,56.0,56.0,1.0,0.0,22.0,1.0,0.1,0.6,-20.4,-20.4,-20.4,-20.4,1.0,0.0,22.0,1.0,0.1,0.6,,,,,,,,,,,,,,,,,,,,,,,,,,,,,,,,,,,,,,,,
1974,2,324.0,59.0,,,,,,,,,,,,,,,,,,,,,,,,,,,,,,,,,,,,,,,,6.2,6.2,6.2,6.2,1.0,0.0,16.0,1.0,0.1,0.1,6.2,6.2,6.2,6.2,1.0,0.0,16.0,1.0,0.1,0.1,0.0,0.0,0.0,0.0,1.0,0.0,16.0,1.0,0.1,0.1,996.1,996.1,996.1,996.1,1.0,0.0,16.0,1.0,0.1,0.1,,,,,,,,,,,,,,,,,,,,,,,,,,,,,,,,,,,,,,,,,,,,,,,,,,,,,,,,,,,,,,,,,,,,,,,,,,,,,,,,,,,,,,,,,,,,,,,,,,,,,,,,,,,,,,,,,,,,,,,,,,,,,,,,,,,,,,,,,,,,,,,,,,,,,,
1974,2,324.0,65.0,,,,,,,,,,,,,,,,,,,,,,,,,,,,,,,,,,,,,,,,0.0,5.0,9.0,4.89,19.0,3.77,16.0,0.4,0.5,0.3,-6.98,0.0,2.31,-1.5,19.0,4.5,16.0,0.4,0.5,0.3,-5.9,-1.93,0.0,-2.56,19.0,3.16,16.0,0.4,0.5,0.3,1023.42,1030.7,1033.6,1029.94,25.0,7.08,16.0,0.4,0.5,0.3,,,,,,,,,,,,,,,,,,,,,,,,,,,,,,,,,,,,,,,,,,,,,,,,,,,,,,,,,,,,,,,,,,,,,,,,,,,,,,,,,,,,,,,,,,,,,,,,,,,,,,,,,,,,,,,,,,,,,,,,,,,,,,,,,,,,,,,,,,,,,,,,,,,,,,
1974,2,324.0,66.0,,,,,,,,,,,,,,,,,,,,,,,,,,,,,,,,,,,,,,,,4.38,6.5,13.48,8.25,16.0,4.78,12.0,0.5,0.6,0.5,-8.79,-3.21,2.88,-3.39,16.0,5.77,12.0,0.5,0.6,0.5,-5.45,-0.61,8.63,1.2,16.0,6.96,12.0,0.5,0.6,0.5,1017.22,1021.7,1025.82,1021.41,16.0,3.73,12.0,0.5,0.6,0.3,,,,,,,,,,,,,,,,,,,,,,,,,,,,,,,,,,,,,,,,,,,,,,,,,,,,,,,,,,,,,,,,,,,,,,,,,,,,,,,,,,,,,,,,,,,,,,,,,,,,,,,,,,,,,,,,,,,,,,,,,,,,,,,,,,,,,,,,,,,,,,,,,,,,,,
1974,2,325.0,-77.0,,,,,,,,,,,,,,,,,,,,,,,,,,,,,,,,,,,,,,,,,,,,,,,,,,,,,,,,,,,,,,,,,,,,,,,,,,,,,,,,3.0,3.0,3.0,3.0,1.0,0.0,10.0,1.0,0.3,0.1,23.0,23.0,23.0,23.0,1.0,0.0,10.0,1.0,0.3,0.1,63.2,63.2,63.2,63.2,1.0,0.0,10.0,1.0,0.3,0.1,,,,,,,,,,,,,,,,,,,,,,,,,,,,,,,,,,,,,,,,,,,,,,,,,,,,,,,,,,,,,,,,,,,,,,,,,,,,,,,,,,,,,,,,,,,,,,,,,,,,,,,,,,,,,,,,,,,,,,,,
1974,2,325.0,-66.0,,,,,,,,,,,,,,,,,,,,,,,,,,,,,,,,,,,,,,,,,,,,,,,,,,,,,,,,,,,,,,,,,,,,,,,,,,,,,,,,6.0,6.0,6.0,6.0,1.0,0.0,22.0,1.0,1.0,1.0,29.4,29.4,29.4,29.4,1.0,0.0,22.0,1.0,1.0,1.0,-24.7,-24.7,-24.7,-24.7,1.0,0.0,22.0,1.0,1.0,1.0,,,,,,,,,,,,,,,,,,,,,,,,,,,,,,,,,,,,,,,,,,,,,,,,,,,,,,,,,,,,,,,,,,,,,,,,,,,,,,,,,,,,,,,,,,,,,,,,,,,,,,,,,,,,,,,,,,,,,,,,
1974,2,325.0,-65.0,,,,,,,,,,,,,,,,,,,,,,,,,,,,,,,,,,,,,,,,,,,,,,,,,,,,,,,,,,,,,,,,,,,,,,,,,,,,,,,,7.0,7.0,7.0,7.0,1.0,0.0,22.0,1.0,0.1,1.0,14.6,14.6,14.6,14.6,1.0,0.0,22.0,1.0,0.1,1.0,-8.4,-8.4,-8.4,-8.4,1.0,0.0,22.0,1.0,0.1,1.0,,,,,,,,,,,,,,,,,,,,,,,,,,,,,,,,,,,,,,,,,,,,,,,,,,,,,,,,,,,,,,,,,,,,,,,,,,,,,,,,,,,,,,,,,,,,,,,,,,,,,,,,,,,,,,,,,,,,,,,,
1974,2,325.0,-55.0,2.86,3.0,3.0,2.93,3.0,0.12,22.0,0.7,0.4,0.2,4.03,4.1,4.37,4.2,3.0,0.26,22.0,0.7,0.4,0.2,4.55,4.64,4.64,4.6,3.0,0.08,22.0,0.7,0.4,0.2,87.4,87.5,90.0,88.7,3.0,2.2,22.0,0.7,0.2,5.95,8.0,8.68,7.33,3.0,2.08,22.0,0.7,0.4,0.2,1.35,6.13,6.65,4.05,3.0,4.28,22.0,0.7,0.4,0.2,4.99,5.14,5.58,5.28,3.0,0.45,22.0,0.7,0.4,0.2,994.0,995.5,1000.35,997.13,3.0,4.86,22.0,0.7,0.4,0.2,8.0,8.0,8.0,8.0,2.0,0.0,22.0,1.0,0.3,0.3,12.6,49.0,57.9,35.6,3.0,35.2,22.0,0.7,0.4,0.2,29.9,41.1,48.6,39.3,3.0,13.8,22.0,0.7,0.4,0.2,-1.51,-1.1,-1.03,-1.27,3.0,0.38,22.0,0.7,0.4,0.2,-12.1,-9.0,-6.6,-9.4,3.0,4.1,22.0,0.7,0.4,0.2,0.08,0.1,0.21,0.14,3.0,0.11,22.0,0.7,0.4,0.2,0.6,0.9,1.2,0.9,3.0,0.4,22.0,0.7,0.4,0.2,6.3,27.6,27.6,17.2,3.0,18.0,22.0,0.7,0.4,0.2,21.1,23.1,23.1,22.2,3.0,1.7,22.0,0.7,0.4,0.2,6.4,28.5,30.9,18.8,3.0,19.8,22.0,0.7,0.4,0.2,22.7,23.9,25.9,24.3,3.0,2.3,22.0,0.7,0.4,0.2,0.0,0.4,0.6,0.3,3.0,0.5,22.0,0.7,0.4,0.2,0.4,0.6,1.1,0.7,3.0,0.5,22.0,0.7,0.4,0.2,248.0,512.0,660.0,455.5,3.0,306.0,22.0,0.7,0.4,0.2,250.0,510.0,660.0,455.0,3.0,305.0,22.0,0.7,0.4,0.2
1974,2,325.0,-52.0,,,,,,,,,,,,,,,,,,,,,,,,,,,,,,,,,,,,,,,,,,,,,,,,,,,,,,,,,,,,,,,,,,,,,,,,,,,,,,,,8.0,8.0,8.0,8.0,1.0,0.0,22.0,1.0,0.5,0.1,-4.3,-4.3,-4.3,-4.3,1.0,0.0,22.0,1.0,0.5,0.1,24.6,24.6,24.6,24.6,1.0,0.0,22.0,1.0,0.5,0.1,,,,,,,,,,,,,,,,,,,,,,,,,,,,,,,,,,,,,,,,,,,,,,,,,,,,,,,,,,,,,,,,,,,,,,,,,,,,,,,,,,,,,,,,,,,,,,,,,,,,,,,,,,,,,,,,,,,,,,,,
1974,2,325.0,-50.0,6.2,6.2,6.2,6.2,1.0,0.0,18.0,0.0,0.2,0.5,5.2,5.2,5.2,5.2,1.0,0.0,18.0,0.0,0.2,0.5,4.77,4.77,4.77,4.77,1.0,0.0,18.0,0.0,0.2,0.5,87.5,87.5,87.5,87.5,1.0,0.0,18.0,0.0,0.5,6.0,6.0,6.0,6.0,1.0,0.0,18.0,0.0,0.2,0.5,4.6,4.6,4.6,4.6,1.0,0.0,18.0,0.0,0.2,0.5,-3.86,-3.86,-3.86,-3.86,1.0,0.0,18.0,0.0,0.2,0.5,1017.4,1017.4,1017.4,1017.4,1.0,0.0,18.0,0.0,0.2,0.5,0.0,0.0,0.0,0.0,1.0,0.0,18.0,0.0,0.2,0.5,27.6,27.6,27.6,27.6,1.0,0.0,18.0,0.0,0.2,0.5,-23.1,-23.1,-23.1,-23.1,1.0,0.0,18.0,0.0,0.2,0.5,1.0,1.0,1.0,1.0,1.0,0.0,18.0,0.0,0.2,0.5,6.0,6.0,6.0,6.0,1.0,0.0,18.0,0.0,0.2,0.5,1.07,1.07,1.07,1.07,1.0,0.0,18.0,0.0,0.2,0.5,6.4,6.4,6.4,6.4,1.0,0.0,18.0,0.0,0.2,0.5,23.9,23.9,23.9,23.9,1.0,0.0,18.0,0.0,0.2,0.5,-20.1,-20.1,-20.1,-20.1,1.0,0.0,18.0,0.0,0.2,0.5,21.9,21.9,21.9,21.9,1.0,0.0,18.0,0.0,0.2,0.5,-18.4,-18.4,-18.4,-18.4,1.0,0.0,18.0,0.0,0.2,0.5,4.9,4.9,4.9,4.9,1.0,0.0,18.0,0.0,0.2,0.5,-4.1,-4.1,-4.1,-4.1,1.0,0.0,18.0,0.0,0.2,0.5,216.0,216.0,216.0,216.0,1.0,0.0,18.0,0.0,0.2,0.5,215.0,215.0,215.0,215.0,1.0,0.0,18.0,0.0,0.2,0.5
1974,2,325.0,-49.0,,,,,,,,,,,,,,,,,,,,,,,,,,,,,,,,,,,,,,,,8.0,8.0,8.0,8.0,1.0,0.0,18.0,1.0,0.5,0.5,5.14,5.14,5.14,5.14,1.0,0.0,18.0,1.0,0.5,0.5,6.13,6.13,6.13,6.13,1.0,0.0,18.0,1.0,0.5,0.5,1019.4,1019.4,1019.4,1019.4,1.0,0.0,18.0,1.0,0.5,0.5,7.0,7.0,7.0,7.0,1.0,0.0,18.0,1.0,0.5,0.5,41.1,41.1,41.1,41.1,1.0,0.0,18.0,1.0,0.5,0.5,49.0,49.0,49.0,49.0,1.0,0.0,18.0,1.0,0.5,0.5,,,,,,,,,,,,,,,,,,,,,,,,,,,,,,,,,,,,,,,,,46.3,46.3,46.3,46.3,1.0,0.0,18.0,1.0,0.5,0.5,55.2,55.2,55.2,55.2,1.0,0.0,18.0,1.0,0.5,0.5,28.0,28.0,28.0,28.0,1.0,0.0,18.0,1.0,0.5,0.5,33.3,33.3,33.3,33.3,1.0,0.0,18.0,1.0,0.5,0.5,,,,,,,,,,,,,,,,,,,,,,,,,,,,,,,,,,,,,,,,
1974,2,325.0,-48.0,10.2,10.2,10.2,10.2,1.0,0.0,18.0,1.0,0.7,0.6,9.0,9.0,9.0,9.0,1.0,0.0,18.0,1.0,0.7,0.6,5.44,5.44,5.44,5.44,1.0,0.0,18.0,1.0,0.7,0.6,77.1,77.1,77.1,77.1,1.0,0.0,18.0,1.0,0.6,5.0,5.0,5.0,5.0,1.0,0.0,18.0,1.0,0.7,0.6,2.5,2.5,2.5,2.5,1.0,0.0,18.0,1.0,0.7,0.6,4.33,4.33,4.33,4.33,1.0,0.0,18.0,1.0,0.7,0.6,1018.6,1018.6,1018.6,1018.6,1.0,0.0,18.0,1.0,0.7,0.6,7.0,7.0,7.0,7.0,1.0,0.0,18.0,1.0,0.7,0.6,12.5,12.5,12.5,12.5,1.0,0.0,18.0,1.0,0.7,0.6,21.7,21.7,21.7,21.7,1.0,0.0,18.0,1.0,0.7,0.6,1.2,1.2,1.2,1.2,1.0,0.0,18.0,1.0,0.7,0.6,6.0,6.0,6.0,6.0,1.0,0.0,18.0,1.0,0.7,0.6,2.22,2.22,2.22,2.22,1.0,0.0,18.0,1.0,0.7,0.6,11.1,11.1,11.1,11.1,1.0,0.0,18.0,1.0,0.7,0.6,22.5,22.5,22.5,22.5,1.0,0.0,18.0,1.0,0.7,0.6,39.0,39.0,39.0,39.0,1.0,0.0,18.0,1.0,0.7,0.6,13.6,13.6,13.6,13.6,1.0,0.0,18.0,1.0,0.7,0.6,23.6,23.6,23.6,23.6,1.0,0.0,18.0,1.0,0.7,0.6,5.6,5.6,5.6,5.6,1.0,0.0,18.0,1.0,0.7,0.6,9.6,9.6,9.6,9.6,1.0,0.0,18.0,1.0,0.7,0.6,125.0,125.0,125.0,125.0,1.0,0.0,18.0,1.0,0.7,0.6,125.0,125.0,125.0,125.0,1.0,0.0,18.0,1.0,0.7,0.6
1974,2,325.0,-47.0,11.0,11.0,11.0,11.0,1.0,0.0,18.0,0.0,0.8,0.1,9.0,9.0,9.0,9.0,1.0,0.0,18.0,0.0,0.8,0.1,5.45,5.45,5.45,5.45,1.0,0.0,18.0,0.0,0.8,0.1,77.1,77.1,77.1,77.1,1.0,0.0,18.0,0.0,0.1,9.0,9.0,9.0,9.0,1.0,0.0,18.0,0.0,0.8,0.1,1.56,1.56,1.56,1.56,1.0,0.0,18.0,0.0,0.8,0.1,8.86,8.86,8.86,8.86,1.0,0.0,18.0,0.0,0.8,0.1,1017.6,1017.6,1017.6,1017.6,1.0,0.0,18.0,0.0,0.8,0.1,7.0,7.0,7.0,7.0,1.0,0.0,18.0,0.0,0.8,0.1,14.1,14.1,14.1,14.1,1.0,0.0,18.0,0.0,0.8,0.1,79.8,79.8,79.8,79.8,1.0,0.0,18.0,0.0,0.8,0.1,2.0,2.0,2.0,2.0,1.0,0.0,18.0,0.0,0.8,0.1,18.0,18.0,18.0,18.0,1.0,0.0,18.0,0.0,0.8,0.1,2.65,2.65,2.65,2.65,1.0,0.0,18.0,0.0,0.8,0.1,23.8,23.8,23.8,23.8,1.0,0.0,18.0,0.0,0.8,0.1,14.1,14.1,14.1,14.1,1.0,0.0,18.0,0.0,0.8,0.1,79.8,79.8,79.8,79.8,1.0,0.0,18.0,0.0,0.8,0.1,8.5,8.5,8.5,8.5,1.0,0.0,18.0,0.0,0.8,0.1,48.3,48.3,48.3,48.3,1.0,0.0,18.0,0.0,0.8,0.1,4.1,4.1,4.1,4.1,1.0,0.0,18.0,0.0,0.8,0.1,23.5,23.5,23.5,23.5,1.0,0.0,18.0,0.0,0.8,0.1,729.0,729.0,729.0,729.0,1.0,0.0,18.0,0.0,0.8,0.1,730.0,730.0,730.0,730.0,1.0,0.0,18.0,0.0,0.8,0.1
1974,2,325.0,-45.0,,,,,,,,,,,,,,,,,,,,,,,,,,,,,,,,,,,,,,,,11.0,11.0,11.0,11.0,1.0,0.0,28.0,1.0,1.0,0.5,5.5,5.5,5.5,5.5,1.0,0.0,28.0,1.0,1.0,0.5,-9.53,-9.53,-9.53,-9.53,1.0,0.0,28.0,1.0,1.0,0.5,1023.1,1023.1,1023.1,1023.1,1.0,0.0,28.0,1.0,1.0,0.5,,,,,,,,,,,,,,,,,,,,,,,,,,,,,,,,,,,,,,,,,,,,,,,,,,,,,,,,,,,,,,,,,,,,,,,,,,,,,,,,,,,,,,,,,,,,,,,,,,,,,,,,,,,,,,,,,,,,,,,,,,,,,,,,,,,,,,,,,,,,,,,,,,,,,,
1974,2,325.0,-37.0,21.0,21.0,21.0,21.0,1.0,0.0,16.0,1.0,0.5,0.4,21.4,21.4,21.4,21.4,1.0,0.0,16.0,1.0,0.5,0.4,10.05,10.05,10.05,10.05,1.0,0.0,16.0,1.0,0.5,0.4,63.5,63.5,63.5,63.5,1.0,0.0,16.0,1.0,0.4,9.3,9.3,9.3,9.3,1.0,0.0,16.0,1.0,0.5,0.4,9.3,9.3,9.3,9.3,1.0,0.0,16.0,1.0,0.5,0.4,0.0,0.0,0.0,0.0,1.0,0.0,16.0,1.0,0.5,0.4,1012.5,1012.5,1012.5,1012.5,1.0,0.0,16.0,1.0,0.5,0.4,4.0,4.0,4.0,4.0,1.0,0.0,16.0,1.0,0.5,0.4,86.5,86.5,86.5,86.5,1.0,0.0,16.0,1.0,0.5,0.4,0.0,0.0,0.0,0.0,1.0,0.0,16.0,1.0,0.5,0.4,-0.4,-0.4,-0.4,-0.4,1.0,0.0,16.0,1.0,0.5,0.4,-3.7,-3.7,-3.7,-3.7,1.0,0.0,16.0,1.0,0.5,0.4,5.44,5.44,5.44,5.44,1.0,0.0,16.0,1.0,0.5,0.4,50.6,50.6,50.6,50.6,1.0,0.0,16.0,1.0,0.5,0.4,199.0,199.0,199.0,199.0,1.0,0.0,16.0,1.0,0.5,0.4,0.0,0.0,0.0,0.0,1.0,0.0,16.0,1.0,0.5,0.4,93.4,93.4,93.4,93.4,1.0,0.0,16.0,1.0,0.5,0.4,0.0,0.0,0.0,0.0,1.0,0.0,16.0,1.0,0.5,0.4,50.6,50.6,50.6,50.6,1.0,0.0,16.0,1.0,0.5,0.4,0.0,0.0,0.0,0.0,1.0,0.0,16.0,1.0,0.5,0.4,804.5,804.5,804.5,804.5,1.0,0.0,16.0,1.0,0.5,0.4,805.0,805.0,805.0,805.0,1.0,0.0,16.0,1.0,0.5,0.4
1974,2,325.0,-36.0,21.9,21.9,21.9,21.9,1.0,0.0,6.0,1.0,0.9,0.7,24.0,24.0,24.0,24.0,1.0,0.0,6.0,1.0,0.9,0.7,15.37,15.37,15.37,15.37,1.0,0.0,6.0,1.0,0.9,0.7,83.3,83.3,83.3,83.3,1.0,0.0,6.0,1.0,0.7,2.1,2.1,2.1,2.1,1.0,0.0,6.0,1.0,0.9,0.7,0.0,0.0,0.0,0.0,1.0,0.0,6.0,1.0,0.9,0.7,-2.1,-2.1,-2.1,-2.1,1.0,0.0,6.0,1.0,0.9,0.7,1020.3,1020.3,1020.3,1020.3,1.0,0.0,6.0,1.0,0.9,0.7,7.0,7.0,7.0,7.0,1.0,0.0,6.0,1.0,0.9,0.7,0.0,0.0,0.0,0.0,1.0,0.0,6.0,1.0,0.9,0.7,-4.4,-4.4,-4.4,-4.4,1.0,0.0,6.0,1.0,0.9,0.7,-2.1,-2.1,-2.1,-2.1,1.0,0.0,6.0,1.0,0.9,0.7,-4.4,-4.4,-4.4,-4.4,1.0,0.0,6.0,1.0,0.9,0.7,0.88,0.88,0.88,0.88,1.0,0.0,6.0,1.0,0.9,0.7,1.8,1.8,1.8,1.8,1.0,0.0,6.0,1.0,0.9,0.7,0.0,0.0,0.0,0.0,1.0,0.0,6.0,1.0,0.9,0.7,-50.4,-50.4,-50.4,-50.4,1.0,0.0,6.0,1.0,0.9,0.7,0.0,0.0,0.0,0.0,1.0,0.0,6.0,1.0,0.9,0.7,-32.3,-32.3,-32.3,-32.3,1.0,0.0,6.0,1.0,0.9,0.7,0.0,0.0,0.0,0.0,1.0,0.0,6.0,1.0,0.9,0.7,-1.8,-1.8,-1.8,-1.8,1.0,0.0,6.0,1.0,0.9,0.7,9.5,9.5,9.5,9.5,1.0,0.0,6.0,1.0,0.9,0.7,10.0,10.0,10.0,10.0,1.0,0.0,6.0,1.0,0.9,0.7
1974,2,325.0,-32.0,,,,,,,,,,,,,,,,,,,,,,,,,,,,,,,,,,,,,,,,8.0,8.0,8.0,8.0,1.0,0.0,16.0,1.0,0.7,0.3,6.93,6.93,6.93,6.93,1.0,0.0,16.0,1.0,0.7,0.3,-4.0,-4.0,-4.0,-4.0,1.0,0.0,16.0,1.0,0.7,0.3,1016.0,1016.0,1016.0,1016.0,1.0,0.0,16.0,1.0,0.7,0.3,,,,,,,,,,,,,,,,,,,,,,,,,,,,,,,,,,,,,,,,,,,,,,,,,,,,,,,,,,,,,,,,,,,,,,,,,,,,,,,,,,,,,,,,,,,,,,,,,,,,,,,,,,,,,,,,,,,,,,,,,,,,,,,,,,,,,,,,,,,,,,,,,,,,,,
1974,2,325.0,-29.0,,,,,,,,,,,,,,,,,,,,,,,,,,,,,,,,,,,,,,,,0.0,0.0,0.0,0.0,1.0,0.0,14.0,1.0,0.5,0.2,0.0,0.0,0.0,0.0,1.0,0.0,14.0,1.0,0.5,0.2,0.0,0.0,0.0,0.0,1.0,0.0,14.0,1.0,0.5,0.2,1018.6,1018.6,1018.6,1018.6,1.0,0.0,14.0,1.0,0.5,0.2,6.0,6.0,6.0,6.0,1.0,0.0,14.0,1.0,0.5,0.2,0.0,0.0,0.0,0.0,1.0,0.0,14.0,1.0,0.5,0.2,0.0,0.0,0.0,0.0,1.0,0.0,14.0,1.0,0.5,0.2,,,,,,,,,,,,,,,,,,,,,,,,,,,,,,,,,,,,,,,,,0.0,0.0,0.0,0.0,1.0,0.0,14.0,1.0,0.5,0.2,0.0,0.0,0.0,0.0,1.0,0.0,14.0,1.0,0.5,0.2,0.0,0.0,0.0,0.0,1.0,0.0,14.0,1.0,0.5,0.2,0.0,0.0,0.0,0.0,1.0,0.0,14.0,1.0,0.5,0.2,,,,,,,,,,,,,,,,,,,,,,,,,,,,,,,,,,,,,,,,
1974,2,325.0,-27.0,27.0,27.0,27.0,27.0,1.0,0.0,10.0,1.0,1.0,0.8,27.0,27.0,27.0,27.0,1.0,0.0,10.0,1.0,1.0,0.8,16.15,16.15,16.15,16.15,1.0,0.0,10.0,1.0,1.0,0.8,73.2,73.2,73.2,73.2,1.0,0.0,10.0,1.0,0.8,5.1,5.1,5.1,5.1,1.0,0.0,10.0,1.0,1.0,0.8,-5.1,-5.1,-5.1,-5.1,1.0,0.0,10.0,1.0,1.0,0.8,0.0,0.0,0.0,0.0,1.0,0.0,10.0,1.0,1.0,0.8,1020.2,1020.2,1020.2,1020.2,1.0,0.0,10.0,1.0,1.0,0.8,6.0,6.0,6.0,6.0,1.0,0.0,10.0,1.0,1.0,0.8,-26.0,-26.0,-26.0,-26.0,1.0,0.0,10.0,1.0,1.0,0.8,0.0,0.0,0.0,0.0,1.0,0.0,10.0,1.0,1.0,0.8,0.0,0.0,0.0,0.0,1.0,0.0,10.0,1.0,1.0,0.8,0.0,0.0,0.0,0.0,1.0,0.0,10.0,1.0,1.0,0.8,5.99,5.99,5.99,5.99,1.0,0.0,10.0,1.0,1.0,0.8,30.5,30.5,30.5,30.5,1.0,0.0,10.0,1.0,1.0,0.8,-137.7,-137.7,-137.7,-137.7,1.0,0.0,10.0,1.0,1.0,0.8,0.0,0.0,0.0,0.0,1.0,0.0,10.0,1.0,1.0,0.8,-82.4,-82.4,-82.4,-82.4,1.0,0.0,10.0,1.0,1.0,0.8,0.0,0.0,0.0,0.0,1.0,0.0,10.0,1.0,1.0,0.8,-30.5,-30.5,-30.5,-30.5,1.0,0.0,10.0,1.0,1.0,0.8,0.0,0.0,0.0,0.0,1.0,0.0,10.0,1.0,1.0,0.8,132.5,132.5,132.5,132.5,1.0,0.0,10.0,1.0,1.0,0.8,135.0,135.0,135.0,135.0,1.0,0.0,10.0,1.0,1.0,0.8
1974,2,325.0,-26.0,26.1,26.3,26.5,26.3,2.0,0.42,12.0,0.5,0.3,0.3,26.24,26.75,27.26,26.75,2.0,1.06,12.0,0.5,0.3,0.3,17.3,17.56,17.81,17.56,2.0,0.52,12.0,0.5,0.3,0.3,79.0,80.5,81.9,80.5,2.0,3.0,12.0,0.5,0.3,3.84,4.35,4.86,4.35,2.0,1.06,12.0,0.5,0.3,0.3,-3.59,-1.02,1.56,-1.02,2.0,5.34,12.0,0.5,0.3,0.3,-2.22,-2.03,-1.83,-2.03,2.0,0.4,12.0,0.5,0.3,0.3,1014.87,1016.75,1018.63,1016.75,2.0,3.89,12.0,0.5,0.3,0.3,2.3,3.0,3.7,3.0,2.0,1.4,12.0,0.5,0.3,0.3,-19.0,-7.3,4.5,-7.3,2.0,24.3,12.0,0.5,0.3,0.3,-8.8,-8.6,-8.4,-8.6,2.0,0.4,12.0,0.5,0.3,0.3,-1.17,-0.45,0.27,-0.45,2.0,1.48,12.0,0.5,0.3,0.3,-4.1,-1.2,1.7,-1.2,2.0,6.0,12.0,0.5,0.3,0.3,3.28,3.75,4.23,3.75,2.0,0.98,12.0,0.5,0.3,0.3,12.9,16.8,20.8,16.8,2.0,8.3,12.0,0.5,0.3,0.3,-92.8,-24.4,44.0,-24.4,2.0,141.7,12.0,0.5,0.3,0.3,-60.7,-54.5,-48.3,-54.5,2.0,12.9,12.0,0.5,0.3,0.3,-61.4,-16.5,28.5,-16.5,2.0,93.2,12.0,0.5,0.3,0.3,-39.7,-35.7,-31.8,-35.7,2.0,8.1,12.0,0.5,0.3,0.3,-16.6,-6.4,3.7,-6.4,2.0,21.0,12.0,0.5,0.3,0.3,-7.6,-7.4,-7.2,-7.4,2.0,0.5,12.0,0.5,0.3,0.3,60.5,89.5,119.0,89.5,2.0,61.0,12.0,0.5,0.3,0.3,60.0,90.0,120.0,90.0,2.0,60.0,12.0,0.5,0.3,0.3
1974,2,325.0,-24.0,27.41,27.65,27.89,27.65,2.0,0.49,16.0,1.0,0.2,0.6,26.13,26.4,26.67,26.4,2.0,0.57,16.0,1.0,0.2,0.6,17.58,17.85,18.12,17.85,2.0,0.56,16.0,1.0,0.2,0.6,83.2,83.3,83.5,83.3,2.0,0.3,16.0,1.0,0.6,2.6,2.6,2.6,2.6,2.0,0.0,16.0,1.0,0.2,0.6,-2.54,-2.43,-2.31,-2.43,2.0,0.25,16.0,1.0,0.2,0.6,-1.09,-0.65,-0.21,-0.65,2.0,0.92,16.0,1.0,0.2,0.6,1014.82,1015.3,1015.78,1015.3,2.0,0.99,16.0,1.0,0.2,0.6,2.2,2.5,2.8,2.5,2.0,0.7,16.0,1.0,0.2,0.6,-6.6,-6.3,-6.0,-6.3,2.0,0.6,16.0,1.0,0.2,0.6,-2.8,-1.7,-0.5,-1.7,2.0,2.4,16.0,1.0,0.2,0.6,0.74,1.25,1.76,1.25,2.0,1.06,16.0,1.0,0.2,0.6,1.9,3.3,4.6,3.3,2.0,2.8,16.0,1.0,0.2,0.6,4.69,5.28,5.86,5.28,2.0,1.21,16.0,1.0,0.2,0.6,12.2,13.7,15.2,13.7,2.0,3.2,16.0,1.0,0.2,0.6,-66.4,-64.0,-61.5,-64.0,2.0,5.1,16.0,1.0,0.2,0.6,-29.3,-17.4,-5.5,-17.4,2.0,24.6,16.0,1.0,0.2,0.6,-44.7,-43.2,-41.8,-43.2,2.0,3.0,16.0,1.0,0.2,0.6,-20.0,-11.9,-3.8,-11.9,2.0,16.8,16.0,1.0,0.2,0.6,-15.0,-12.9,-10.9,-12.9,2.0,4.2,16.0,1.0,0.2,0.6,-4.8,-2.9,-0.9,-2.9,2.0,4.1,16.0,1.0,0.2,0.6,17.5,17.5,17.5,17.5,2.0,0.0,16.0,1.0,0.2,0.6,20.0,20.0,20.0,20.0,2.0,0.0,16.0,1.0,0.2,0.6
1974,2,325.0,-23.0,,,,,,,,,,,,,,,,,,,,,,,,,,,,,,,,,,,,,,,,4.0,4.0,4.0,4.0,1.0,0.0,6.0,1.0,0.2,0.1,-3.94,-3.94,-3.94,-3.94,1.0,0.0,6.0,1.0,0.2,0.1,0.69,0.69,0.69,0.69,1.0,0.0,6.0,1.0,0.2,0.1,1014.7,1014.7,1014.7,1014.7,1.0,0.0,6.0,1.0,0.2,0.1,,,,,,,,,,,,,,,,,,,,,,,,,,,,,,,,,,,,,,,,,,,,,,,,,,,,,,,,,,,,,,,,,,,,,,,,,,,,,,,,,,,,,,,,,,,,,,,,,,,,,,,,,,,,,,,,,,,,,,,,,,,,,,,,,,,,,,,,,,,,,,,,,,,,,,
1974,2,325.0,-22.0,27.0,27.0,27.0,27.0,1.0,0.0,8.0,1.0,0.4,0.1,27.5,27.5,27.5,27.5,1.0,0.0,8.0,1.0,0.4,0.1,16.16,16.16,16.16,16.16,1.0,0.0,8.0,1.0,0.4,0.1,70.7,70.7,70.7,70.7,1.0,0.0,8.0,1.0,0.1,9.3,9.3,9.3,9.3,1.0,0.0,8.0,1.0,0.4,0.1,-8.74,-8.74,-8.74,-8.74,1.0,0.0,8.0,1.0,0.4,0.1,3.18,3.18,3.18,3.18,1.0,0.0,8.0,1.0,0.4,0.1,1013.4,1013.4,1013.4,1013.4,1.0,0.0,8.0,1.0,0.4,0.1,3.0,3.0,3.0,3.0,1.0,0.0,8.0,1.0,0.4,0.1,-81.3,-81.3,-81.3,-81.3,1.0,0.0,8.0,1.0,0.4,0.1,29.6,29.6,29.6,29.6,1.0,0.0,8.0,1.0,0.4,0.1,-0.5,-0.5,-0.5,-0.5,1.0,0.0,8.0,1.0,0.4,0.1,-4.6,-4.6,-4.6,-4.6,1.0,0.0,8.0,1.0,0.4,0.1,6.13,6.13,6.13,6.13,1.0,0.0,8.0,1.0,0.4,0.1,57.0,57.0,57.0,57.0,1.0,0.0,8.0,1.0,0.4,0.1,-240.3,-240.3,-240.3,-240.3,1.0,0.0,8.0,1.0,0.4,0.1,87.5,87.5,87.5,87.5,1.0,0.0,8.0,1.0,0.4,0.1,-141.2,-141.2,-141.2,-141.2,1.0,0.0,8.0,1.0,0.4,0.1,51.4,51.4,51.4,51.4,1.0,0.0,8.0,1.0,0.4,0.1,-53.6,-53.6,-53.6,-53.6,1.0,0.0,8.0,1.0,0.4,0.1,19.5,19.5,19.5,19.5,1.0,0.0,8.0,1.0,0.4,0.1,804.5,804.5,804.5,804.5,1.0,0.0,8.0,1.0,0.4,0.1,805.0,805.0,805.0,805.0,1.0,0.0,8.0,1.0,0.4,0.1
1974,2,325.0,-18.0,,,,,,,,,,,,,,,,,,,,,,,,,,,,,,,,,,,,,,,,5.0,5.0,8.41,6.67,3.0,2.89,20.0,0.3,0.5,0.6,-6.6,-4.33,0.33,-3.16,3.0,5.18,20.0,0.3,0.5,0.6,-5.18,-2.5,2.16,-1.53,3.0,5.44,20.0,0.3,0.5,0.6,1011.78,1012.6,1016.7,1014.2,3.0,3.86,20.0,0.3,0.5,0.6,,,,,,,,,,,,,,,,,,,,,,,,,,,,,,,,,,,,,,,,,,,,,,,,,,,,,,,,,,,,,,,,,,,,,,,,,,,,,,,,,,,,,,,,,,,,,,,,,,,,,,,,,,,,,,,,,,,,,,,,,,,,,,,,,,,,,,,,,,,,,,,,,,,,,,
1974,2,325.0,-17.0,,,,,,,,,,,,,,,,,,,,,,,,,,,,,,,,,,,,,,,,2.48,3.5,4.52,3.5,2.0,2.12,22.0,0.5,0.8,0.7,-2.26,-1.75,-1.24,-1.75,2.0,1.06,22.0,0.5,0.8,0.7,-3.92,-3.03,-2.14,-3.03,2.0,1.84,22.0,0.5,0.8,0.7,1012.83,1013.1,1013.37,1013.1,2.0,0.57,22.0,0.5,0.8,0.7,,,,,,,,,,,,,,,,,,,,,,,,,,,,,,,,,,,,,,,,,,,,,,,,,,,,,,,,,,,,,,,,,,,,,,,,,,,,,,,,,,,,,,,,,,,,,,,,,,,,,,,,,,,,,,,,,,,,,,,,,,,,,,,,,,,,,,,,,,,,,,,,,,,,,,
1974,2,325.0,-16.0,,,,,,,,,,,,,,,,,,,,,,,,,,,,,,,,,,,,,,,,2.1,2.1,2.1,2.1,1.0,0.0,18.0,1.0,0.8,0.8,-1.05,-1.05,-1.05,-1.05,1.0,0.0,18.0,1.0,0.8,0.8,-1.82,-1.82,-1.82,-1.82,1.0,0.0,18.0,1.0,0.8,0.8,1013.5,1013.5,1013.5,1013.5,1.0,0.0,18.0,1.0,0.8,0.8,,,,,,,,,,,,,,,,,,,,,,,,,,,,,,,,,,,,,,,,,,,,,,,,,,,,,,,,,,,,,,,,,,,,,,,,,,,,,,,,,,,,,,,,,,,,,,,,,,,,,,,,,,,,,,,,,,,,,,,,,,,,,,,,,,,,,,,,,,,,,,,,,,,,,,
1974,2,325.0,-15.0,,,,,,,,,,,,,,,,,,,,,,,,,,,,,,,,,,,,,,,,6.95,9.0,10.91,8.93,3.0,2.9,10.0,0.7,0.2,0.5,-10.04,-7.79,-6.51,-8.26,3.0,2.62,10.0,0.7,0.2,0.5,-3.4,-1.04,2.42,-0.5,3.0,4.29,10.0,0.7,0.2,0.5,1011.65,1012.2,1014.66,1013.13,3.0,2.34,10.0,0.7,0.2,0.5,,,,,,,,,,,,,,,,,,,,,,,,,,,,,,,,,,,,,,,,,,,,,,,,,,,,,,,,,,,,,,,,,,,,,,,,,,,,,,,,,,,,,,,,,,,,,,,,,,,,,,,,,,,,,,,,,,,,,,,,,,,,,,,,,,,,,,,,,,,,,,,,,,,,,,
1974,2,325.0,-14.0,27.45,28.2,30.0,28.54,5.0,1.49,16.0,0.2,0.5,0.6,25.82,26.8,27.27,26.58,5.0,0.81,16.0,0.2,0.5,0.6,17.42,18.55,19.29,18.36,3.0,1.38,18.0,0.3,0.3,0.5,83.4,84.1,86.3,84.8,3.0,2.2,18.0,0.3,0.5,3.79,6.2,7.44,5.6,5.0,2.56,16.0,0.2,0.5,0.6,-6.77,-5.1,-3.0,-4.81,5.0,2.32,16.0,0.2,0.5,0.6,-1.35,0.0,4.34,1.14,5.0,3.13,16.0,0.2,0.5,0.6,1011.14,1011.9,1013.94,1012.32,5.0,1.67,16.0,0.2,0.5,0.6,2.9,5.5,7.0,5.0,4.0,2.9,18.0,0.3,0.4,0.5,-50.5,-26.0,-16.4,-31.4,5.0,21.7,16.0,0.2,0.5,0.6,-6.8,0.0,31.0,9.0,5.0,21.6,16.0,0.2,0.5,0.6,0.31,2.0,3.67,1.96,5.0,2.07,16.0,0.2,0.5,0.6,0.4,5.1,19.1,8.9,5.0,13.1,16.0,0.2,0.5,0.6,5.51,8.14,9.24,7.39,3.0,2.81,18.0,0.3,0.3,0.5,15.3,21.9,48.2,31.5,3.0,25.5,18.0,0.3,0.3,0.5,-179.6,-138.7,-77.2,-128.2,5.0,62.8,16.0,0.2,0.5,0.6,-35.5,0.0,115.5,30.2,5.0,82.2,16.0,0.2,0.5,0.6,-89.7,-67.3,-37.8,-63.9,3.0,38.1,18.0,0.3,0.3,0.5,-9.5,0.0,54.8,22.1,3.0,50.8,18.0,0.3,0.3,0.5,-33.5,-21.9,-14.2,-23.8,3.0,14.2,18.0,0.3,0.3,0.5,-4.2,0.0,31.6,13.4,3.0,28.7,18.0,0.3,0.3,0.5,85.5,238.5,419.0,253.5,5.0,208.5,16.0,0.2,0.5,0.6,85.0,240.0,420.0,255.0,5.0,210.0,16.0,0.2,0.5,0.6
1974,2,325.0,-13.0,27.63,28.2,29.73,28.52,9.0,1.05,24.0,0.6,0.5,0.5,27.21,27.85,29.37,28.09,10.0,1.23,22.0,0.6,0.5,0.5,17.47,18.86,19.72,18.64,7.0,1.24,24.0,0.6,0.5,0.5,75.1,79.9,84.6,80.3,7.0,4.5,24.0,0.6,0.5,2.64,3.85,4.96,4.21,8.0,2.37,22.0,0.6,0.5,0.5,-3.87,-2.82,-1.8,-2.87,8.0,1.06,22.0,0.6,0.5,0.5,-0.49,1.0,3.39,0.46,8.0,3.89,22.0,0.6,0.5,0.5,1010.42,1011.8,1013.48,1011.89,9.0,1.61,24.0,0.6,0.5,0.5,1.4,5.0,8.0,4.5,10.0,3.1,22.0,0.6,0.5,0.5,-17.8,-8.7,-6.8,-13.7,8.0,12.8,22.0,0.6,0.5,0.5,-1.4,3.0,15.6,-2.6,8.0,30.5,22.0,0.6,0.5,0.5,-0.69,0.4,1.73,0.51,9.0,1.23,24.0,0.6,0.5,0.5,-2.3,1.5,4.4,1.5,8.0,5.2,22.0,0.6,0.5,0.5,4.45,4.71,7.87,5.94,7.0,2.03,24.0,0.6,0.5,0.5,11.6,18.0,46.7,26.6,6.0,19.3,22.0,0.7,0.5,0.5,-104.8,-80.7,-53.8,-80.6,8.0,28.2,22.0,0.6,0.5,0.5,-13.7,29.4,93.0,14.2,8.0,109.8,22.0,0.6,0.5,0.5,-76.7,-52.9,-45.7,-56.8,6.0,19.3,22.0,0.7,0.5,0.5,-33.0,20.4,47.1,-0.2,6.0,72.8,22.0,0.7,0.5,0.5,-28.3,-15.6,-11.4,-18.4,6.0,8.2,22.0,0.7,0.5,0.5,-11.8,4.5,15.5,0.3,6.0,27.4,22.0,0.7,0.5,0.5,18.5,63.5,122.0,150.0,8.0,268.0,22.0,0.6,0.5,0.5,20.0,65.0,120.0,150.0,8.0,270.0,22.0,0.6,0.5,0.5
1974,2,325.0,-12.0,28.0,29.0,30.0,28.94,7.0,0.86,16.0,0.4,0.4,0.5,26.62,27.0,28.52,27.17,7.0,1.3,16.0,0.4,0.4,0.5,18.82,18.96,20.25,19.51,4.0,1.27,16.0,0.5,0.4,0.6,78.0,85.2,89.1,83.4,5.0,11.1,16.0,0.4,0.5,3.05,4.6,6.24,4.6,7.0,1.7,16.0,0.4,0.4,0.5,-5.44,-3.52,-2.1,-4.01,7.0,1.83,16.0,0.4,0.4,0.5,-0.06,0.54,3.12,1.28,7.0,1.89,16.0,0.4,0.4,0.5,1009.39,1011.45,1012.73,1011.15,6.0,2.14,16.0,0.5,0.4,0.6,2.6,3.5,5.2,3.7,6.0,1.8,18.0,0.5,0.4,0.5,-34.0,-16.2,-8.2,-20.9,7.0,15.9,16.0,0.4,0.4,0.5,-0.4,1.7,14.8,5.8,7.0,10.1,16.0,0.4,0.4,0.5,0.95,1.1,2.43,1.77,7.0,1.61,16.0,0.4,0.4,0.5,3.0,4.8,10.4,8.8,7.0,11.9,16.0,0.4,0.4,0.5,4.19,4.71,5.66,4.92,4.0,1.17,16.0,0.5,0.4,0.6,14.1,15.9,20.7,17.4,4.0,4.7,16.0,0.5,0.4,0.6,-153.9,-95.1,-59.3,-108.0,7.0,46.4,16.0,0.4,0.4,0.5,-1.5,14.5,89.0,36.5,7.0,52.6,16.0,0.4,0.4,0.5,-86.5,-66.7,-48.2,-67.3,4.0,24.5,16.0,0.5,0.4,0.6,0.0,5.1,38.0,18.4,4.0,30.3,16.0,0.5,0.4,0.6,-19.4,-14.0,-13.4,-16.3,4.0,5.2,16.0,0.5,0.4,0.6,0.0,1.3,7.0,3.4,4.0,5.2,16.0,0.5,0.4,0.6,29.0,97.5,243.5,131.5,7.0,120.0,16.0,0.4,0.4,0.5,30.0,95.0,245.0,130.0,7.0,120.0,16.0,0.4,0.4,0.5
1974,2,325.0,-11.0,27.81,28.1,29.0,28.42,14.0,0.71,18.0,0.5,0.3,0.5,26.63,27.45,28.79,27.83,14.0,1.16,18.0,0.5,0.3,0.5,16.82,18.27,19.01,18.17,12.0,1.4,18.0,0.4,0.3,0.6,69.9,77.0,85.0,78.0,14.0,8.5,18.0,0.5,0.5,2.66,4.35,6.2,4.44,14.0,1.8,18.0,0.5,0.3,0.5,-6.09,-3.57,-2.01,-3.65,14.0,2.36,18.0,0.5,0.3,0.5,-2.05,0.0,2.57,0.3,14.0,2.11,18.0,0.5,0.3,0.5,1007.82,1011.4,1013.93,1011.15,12.0,2.83,18.0,0.4,0.3,0.6,2.0,3.5,6.0,3.9,14.0,2.2,18.0,0.5,0.3,0.5,-37.7,-12.9,-5.3,-19.3,14.0,17.8,18.0,0.5,0.3,0.5,-10.3,0.0,15.1,1.4,14.0,10.6,18.0,0.5,0.3,0.5,-0.49,1.1,1.49,0.59,14.0,1.02,18.0,0.5,0.3,0.5,-3.0,3.6,5.5,1.8,14.0,5.5,18.0,0.5,0.3,0.5,4.7,5.89,7.83,6.14,12.0,1.87,18.0,0.4,0.3,0.6,16.2,22.8,40.6,27.7,12.0,13.3,18.0,0.4,0.3,0.6,-174.2,-96.6,-53.8,-102.8,14.0,68.0,18.0,0.5,0.3,0.5,-61.4,0.0,73.1,8.2,14.0,59.2,18.0,0.5,0.3,0.5,-101.0,-69.1,-37.6,-65.2,12.0,40.3,18.0,0.4,0.3,0.6,-37.2,0.0,37.3,2.2,12.0,39.0,18.0,0.4,0.3,0.6,-36.5,-19.3,-14.4,-22.0,12.0,15.1,18.0,0.4,0.3,0.6,-13.1,0.0,14.2,1.3,12.0,15.9,18.0,0.4,0.3,0.6,19.5,83.0,238.5,128.0,14.0,132.0,18.0,0.5,0.3,0.5,20.0,85.0,240.0,130.0,14.0,130.0,18.0,0.5,0.3,0.5
1974,2,325.0,-10.0,27.68,28.0,29.02,28.27,25.0,0.88,16.0,0.6,0.5,0.7,27.16,27.7,29.26,27.98,25.0,0.95,16.0,0.6,0.5,0.7,15.62,17.03,19.31,17.52,23.0,1.74,16.0,0.6,0.5,0.7,66.5,74.6,81.2,74.6,25.0,7.6,16.0,0.6,0.7,2.1,4.1,6.8,4.06,25.0,2.1,16.0,0.6,0.5,0.7,-5.9,-3.1,-1.6,-3.36,25.0,2.0,16.0,0.6,0.5,0.7,-2.06,1.05,2.1,0.66,25.0,2.31,16.0,0.6,0.5,0.7,1009.0,1010.3,1011.94,1010.62,24.0,1.76,16.0,0.6,0.5,0.7,1.0,4.0,6.2,3.7,25.0,2.4,16.0,0.6,0.5,0.7,-37.8,-12.2,-3.7,-17.3,25.0,16.2,16.0,0.6,0.5,0.7,-8.8,2.2,9.3,2.7,25.0,13.9,16.0,0.6,0.5,0.7,-0.94,0.5,1.0,0.25,24.0,1.14,16.0,0.6,0.5,0.7,-3.4,1.2,4.6,1.0,23.0,6.0,16.0,0.6,0.5,0.7,4.15,6.85,8.58,6.62,22.0,2.42,16.0,0.6,0.5,0.7,10.3,19.6,36.0,24.5,22.0,17.8,16.0,0.6,0.5,0.7,-146.8,-91.4,-44.6,-90.6,24.0,53.4,16.0,0.6,0.5,0.7,-50.1,31.3,59.4,22.3,24.0,65.1,16.0,0.6,0.5,0.7,-95.4,-52.8,-29.3,-57.8,23.0,36.9,16.0,0.6,0.5,0.7,-32.4,16.4,32.3,8.9,23.0,38.1,16.0,0.6,0.5,0.7,-32.5,-17.7,-7.4,-21.0,22.0,15.0,16.0,0.6,0.5,0.7,-7.3,3.8,11.3,4.8,22.0,15.3,16.0,0.6,0.5,0.7,9.5,69.0,314.5,119.5,25.0,138.0,16.0,0.6,0.5,0.7,10.0,70.0,315.0,120.0,25.0,140.0,16.0,0.6,0.5,0.7
1974,2,325.0,-9.0,27.21,28.0,29.69,28.31,39.0,1.12,14.0,0.5,0.4,0.5,27.0,28.0,29.15,28.09,38.0,1.07,14.0,0.5,0.4,0.5,16.43,17.17,19.29,17.81,35.0,1.8,14.0,0.5,0.4,0.5,69.3,73.6,83.6,75.2,36.0,7.0,14.0,0.5,0.5,2.6,4.1,6.2,4.37,42.0,2.13,14.0,0.5,0.4,0.5,-5.71,-3.4,-1.15,-3.27,42.0,2.31,14.0,0.5,0.4,0.5,-0.96,1.44,3.24,1.08,42.0,2.57,14.0,0.5,0.4,0.5,1008.87,1010.5,1012.13,1010.75,41.0,2.15,16.0,0.5,0.4,0.5,1.0,5.0,7.0,4.2,41.0,2.5,14.0,0.6,0.4,0.5,-36.1,-13.8,-1.7,-18.1,42.0,18.6,14.0,0.5,0.4,0.5,-2.3,5.2,18.0,5.2,42.0,18.0,14.0,0.5,0.4,0.5,-1.03,0.4,1.65,0.21,38.0,1.5,14.0,0.5,0.4,0.5,-6.6,1.1,4.5,0.2,38.0,7.9,14.0,0.5,0.4,0.5,4.25,6.12,8.78,6.33,35.0,2.32,14.0,0.5,0.4,0.5,15.2,21.8,40.7,27.4,35.0,14.9,14.0,0.5,0.4,0.5,-155.5,-97.2,-42.7,-99.8,38.0,56.4,14.0,0.5,0.4,0.5,-28.2,31.5,87.5,24.2,38.0,72.1,14.0,0.5,0.4,0.5,-94.0,-61.6,-34.9,-64.8,35.0,34.3,14.0,0.5,0.4,0.5,-15.9,24.9,63.7,16.7,35.0,48.4,14.0,0.5,0.4,0.5,-35.6,-19.6,-11.7,-22.5,35.0,12.5,14.0,0.5,0.4,0.5,-8.5,5.7,21.1,5.4,35.0,16.9,14.0,0.5,0.4,0.5,17.5,69.0,238.5,146.0,42.0,202.5,14.0,0.5,0.4,0.5,20.0,70.0,240.0,145.0,42.0,200.0,14.0,0.5,0.4,0.5
1974,2,325.0,-8.0,26.99,28.0,28.9,27.87,26.0,1.02,14.0,0.5,0.6,0.6,27.2,27.75,28.79,27.76,28.0,1.12,14.0,0.5,0.6,0.6,16.92,17.56,19.37,17.98,25.0,1.78,14.0,0.5,0.7,0.6,70.2,76.0,88.2,77.6,25.0,8.3,14.0,0.5,0.6,2.9,4.6,7.4,5.04,30.0,2.42,14.0,0.5,0.6,0.6,-6.37,-3.62,-2.05,-3.97,30.0,2.64,14.0,0.5,0.6,0.6,-0.52,1.55,3.49,1.35,30.0,2.64,14.0,0.5,0.6,0.6,1009.0,1010.35,1012.0,1010.62,30.0,1.95,14.0,0.5,0.6,0.6,1.0,3.0,6.0,3.2,30.0,2.4,14.0,0.5,0.6,0.6,-45.6,-14.0,-5.9,-24.8,30.0,27.9,14.0,0.5,0.6,0.6,-1.3,4.4,21.1,7.2,30.0,19.7,14.0,0.5,0.6,0.6,-1.5,0.45,2.0,0.2,26.0,1.47,14.0,0.5,0.6,0.6,-9.2,1.8,6.6,-0.2,26.0,8.8,14.0,0.5,0.6,0.6,4.76,5.77,6.87,5.61,24.0,1.56,14.0,0.5,0.7,0.6,14.0,29.1,40.9,28.4,24.0,13.8,14.0,0.5,0.7,0.6,-198.4,-107.4,-53.3,-112.9,28.0,77.6,14.0,0.5,0.6,0.6,-25.7,44.5,101.5,37.4,28.0,75.5,14.0,0.5,0.6,0.6,-103.7,-76.4,-35.4,-72.1,25.0,49.8,14.0,0.5,0.7,0.6,-4.3,28.5,66.2,27.5,25.0,41.3,14.0,0.5,0.7,0.6,-32.2,-22.6,-6.4,-22.2,24.0,15.4,14.0,0.5,0.7,0.6,-0.6,9.1,21.6,9.2,24.0,14.1,14.0,0.5,0.7,0.6,25.0,97.5,406.5,223.5,30.0,309.5,14.0,0.5,0.6,0.6,25.0,95.0,405.0,225.0,30.0,310.0,14.0,0.5,0.6,0.6
1974,2,325.0,-7.0,28.0,28.25,28.9,28.46,14.0,0.6,16.0,0.5,0.5,0.6,26.71,27.9,29.96,28.24,14.0,1.83,16.0,0.5,0.5,0.6,16.29,17.35,19.08,17.76,13.0,1.56,16.0,0.5,0.5,0.6,64.4,74.5,83.9,74.2,13.0,9.1,16.0,0.5,0.6,2.63,5.65,7.7,5.21,14.0,2.2,16.0,0.4,0.5,0.6,-5.89,-3.9,-1.73,-3.93,14.0,1.82,16.0,0.4,0.5,0.6,-2.11,0.84,4.88,0.85,14.0,3.65,16.0,0.4,0.5,0.6,1008.0,1009.0,1010.5,1009.23,16.0,1.38,16.0,0.4,0.4,0.6,2.0,4.0,6.8,4.4,15.0,2.2,16.0,0.5,0.4,0.6,-45.0,-17.4,-6.8,-23.2,14.0,17.3,16.0,0.4,0.5,0.6,-12.6,2.8,37.6,7.0,14.0,25.6,16.0,0.4,0.5,0.6,-1.47,0.35,1.97,0.21,14.0,1.96,16.0,0.5,0.5,0.6,-6.1,0.7,13.7,1.4,12.0,14.2,14.0,0.5,0.5,0.6,5.19,6.91,7.79,6.7,13.0,1.47,16.0,0.5,0.5,0.6,15.7,35.2,56.4,35.1,11.0,17.6,16.0,0.5,0.5,0.6,-157.7,-128.0,-43.6,-114.0,12.0,56.7,14.0,0.5,0.5,0.6,-68.6,-1.8,138.2,24.3,12.0,110.9,14.0,0.5,0.5,0.6,-112.2,-83.4,-38.8,-77.2,11.0,34.5,16.0,0.5,0.5,0.6,-50.4,-11.2,79.6,2.8,11.0,66.0,16.0,0.5,0.5,0.6,-40.0,-29.3,-13.3,-28.2,11.0,14.3,16.0,0.5,0.5,0.6,-21.0,-2.8,25.8,2.7,11.0,23.9,16.0,0.5,0.5,0.6,18.5,185.5,456.5,210.5,14.0,190.0,16.0,0.4,0.5,0.6,20.0,185.0,455.0,210.0,14.0,190.0,16.0,0.4,0.5,0.6
1974,2,325.0,-6.0,27.82,28.1,29.26,28.43,8.0,0.67,16.0,0.5,0.6,0.6,26.7,27.6,28.9,27.68,8.0,1.16,16.0,0.5,0.6,0.6,17.12,17.47,22.21,18.73,8.0,2.59,16.0,0.5,0.6,0.6,70.3,80.7,91.2,80.7,8.0,10.7,16.0,0.5,0.6,2.37,5.1,7.66,4.91,9.0,2.71,14.0,0.6,0.6,0.6,-6.48,-4.04,-1.87,-4.04,9.0,2.8,14.0,0.6,0.6,0.6,-0.53,1.61,3.63,1.23,9.0,2.56,14.0,0.6,0.6,0.6,1008.49,1010.6,1012.37,1010.38,9.0,1.91,14.0,0.6,0.6,0.6,3.0,4.0,7.5,4.7,9.0,2.2,14.0,0.6,0.6,0.6,-50.5,-16.6,-4.5,-26.3,9.0,28.2,14.0,0.6,0.6,0.6,-0.1,7.4,20.5,7.4,9.0,16.3,14.0,0.6,0.6,0.6,-0.86,1.0,1.96,0.75,8.0,1.29,16.0,0.5,0.6,0.6,-3.6,1.9,13.0,4.3,8.0,7.8,16.0,0.5,0.6,0.6,3.21,6.14,6.86,5.61,8.0,1.79,16.0,0.5,0.6,0.6,8.9,26.5,37.5,26.8,8.0,18.8,16.0,0.5,0.6,0.6,-188.6,-95.4,-50.9,-108.5,8.0,79.8,16.0,0.5,0.6,0.6,-21.1,36.0,108.6,34.1,8.0,74.8,16.0,0.5,0.6,0.6,-148.5,-56.4,-32.9,-74.1,8.0,57.4,16.0,0.5,0.6,0.6,-14.6,22.9,74.1,24.2,8.0,52.5,16.0,0.5,0.6,0.6,-29.4,-17.9,-6.1,-21.9,8.0,19.4,16.0,0.5,0.6,0.6,-5.4,6.4,11.6,4.6,8.0,15.0,16.0,0.5,0.6,0.6,15.0,132.5,467.0,218.5,9.0,278.0,14.0,0.6,0.6,0.6,15.0,135.0,465.0,220.0,9.0,280.0,14.0,0.6,0.6,0.6
1974,2,325.0,-5.0,27.82,28.3,29.34,28.39,8.0,1.09,16.0,0.4,0.3,0.3,26.2,27.5,28.86,27.64,8.0,1.47,16.0,0.4,0.3,0.3,16.03,16.77,19.53,17.56,8.0,2.2,16.0,0.4,0.3,0.3,69.0,72.6,83.7,76.0,8.0,10.2,16.0,0.4,0.3,2.66,5.1,6.14,4.7,8.0,1.94,16.0,0.4,0.3,0.3,-5.06,-3.47,-2.0,-3.51,8.0,1.65,16.0,0.4,0.3,0.3,0.0,2.31,4.32,1.73,8.0,2.96,16.0,0.4,0.3,0.3,1008.18,1010.85,1011.96,1010.34,8.0,1.79,16.0,0.4,0.3,0.3,4.9,6.0,8.0,6.1,7.0,2.2,18.0,0.4,0.4,0.3,-29.1,-18.8,-4.6,-19.1,8.0,14.6,16.0,0.4,0.3,0.3,0.0,6.6,24.3,8.9,8.0,19.0,16.0,0.4,0.3,0.3,0.06,0.9,1.1,0.75,8.0,0.63,16.0,0.4,0.3,0.3,0.1,3.7,6.3,3.6,8.0,3.3,16.0,0.4,0.3,0.3,5.47,7.09,7.82,6.75,8.0,2.16,16.0,0.4,0.3,0.3,16.5,32.2,47.0,33.3,8.0,21.4,16.0,0.4,0.3,0.3,-130.3,-93.7,-54.9,-96.9,8.0,46.9,16.0,0.4,0.3,0.3,0.0,64.4,119.2,49.1,8.0,82.6,16.0,0.4,0.3,0.3,-75.7,-63.6,-38.6,-60.1,8.0,25.1,16.0,0.4,0.3,0.3,0.0,44.5,81.1,32.5,8.0,51.0,16.0,0.4,0.3,0.3,-36.9,-20.8,-10.4,-25.2,8.0,17.3,16.0,0.4,0.3,0.3,0.0,11.3,26.0,11.2,8.0,23.6,16.0,0.4,0.3,0.3,19.0,132.5,232.5,150.0,8.0,149.0,16.0,0.4,0.3,0.3,20.0,135.0,230.0,150.0,8.0,150.0,16.0,0.4,0.3,0.3
1974,2,325.0,-4.0,27.0,27.0,27.0,27.0,1.0,0.0,14.0,1.0,0.5,0.6,26.0,26.0,26.0,26.0,1.0,0.0,14.0,1.0,0.5,0.6,18.58,18.58,18.58,18.58,1.0,0.0,14.0,1.0,0.5,0.6,88.2,88.2,88.2,88.2,1.0,0.0,14.0,1.0,0.6,4.6,4.6,4.6,4.6,1.0,0.0,14.0,1.0,0.5,0.6,-4.6,-4.6,-4.6,-4.6,1.0,0.0,14.0,1.0,0.5,0.6,0.0,0.0,0.0,0.0,1.0,0.0,14.0,1.0,0.5,0.6,1008.5,1008.5,1008.5,1008.5,1.0,0.0,14.0,1.0,0.5,0.6,5.0,5.0,5.0,5.0,1.0,0.0,14.0,1.0,0.5,0.6,-21.2,-21.2,-21.2,-21.2,1.0,0.0,14.0,1.0,0.5,0.6,0.0,0.0,0.0,0.0,1.0,0.0,14.0,1.0,0.5,0.6,1.0,1.0,1.0,1.0,1.0,0.0,14.0,1.0,0.5,0.6,4.6,4.6,4.6,4.6,1.0,0.0,14.0,1.0,0.5,0.6,3.82,3.82,3.82,3.82,1.0,0.0,14.0,1.0,0.5,0.6,17.6,17.6,17.6,17.6,1.0,0.0,14.0,1.0,0.5,0.6,-119.6,-119.6,-119.6,-119.6,1.0,0.0,14.0,1.0,0.5,0.6,0.0,0.0,0.0,0.0,1.0,0.0,14.0,1.0,0.5,0.6,-85.5,-85.5,-85.5,-85.5,1.0,0.0,14.0,1.0,0.5,0.6,0.0,0.0,0.0,0.0,1.0,0.0,14.0,1.0,0.5,0.6,-17.6,-17.6,-17.6,-17.6,1.0,0.0,14.0,1.0,0.5,0.6,0.0,0.0,0.0,0.0,1.0,0.0,14.0,1.0,0.5,0.6,97.5,97.5,97.5,97.5,1.0,0.0,14.0,1.0,0.5,0.6,95.0,95.0,95.0,95.0,1.0,0.0,14.0,1.0,0.5,0.6
1974,2,325.0,-3.0,25.92,27.5,28.24,27.2,5.0,1.37,18.0,1.0,0.6,0.5,26.08,28.7,29.06,27.97,6.0,1.51,14.0,0.8,0.5,0.5,19.38,21.45,22.63,21.01,3.0,2.41,16.0,1.0,0.6,0.6,87.4,87.9,90.8,89.1,3.0,2.7,16.0,1.0,0.6,1.9,5.1,8.43,5.2,6.0,3.15,14.0,0.8,0.5,0.5,-8.3,-3.91,-1.6,-4.57,6.0,3.4,14.0,0.8,0.5,0.5,-1.81,-0.36,1.96,-0.09,6.0,2.39,14.0,0.8,0.5,0.5,1009.43,1010.8,1011.74,1010.5,6.0,1.52,14.0,0.8,0.5,0.5,4.6,5.5,7.0,5.5,6.0,1.5,14.0,0.8,0.5,0.5,-70.1,-19.9,-3.1,-32.6,6.0,34.8,14.0,0.8,0.5,0.5,-12.7,-0.4,15.4,0.4,6.0,13.6,14.0,0.8,0.5,0.5,-2.17,-0.7,-0.32,-1.16,5.0,1.13,18.0,1.0,0.6,0.5,-9.5,-5.6,-1.6,-5.9,5.0,5.6,18.0,1.0,0.6,0.5,2.0,2.01,2.08,2.04,3.0,0.07,16.0,1.0,0.6,0.6,5.5,10.8,16.2,10.8,3.0,7.8,16.0,1.0,0.6,0.6,-241.7,-101.8,-46.2,-128.4,6.0,99.1,14.0,0.8,0.5,0.5,-50.7,-10.6,54.2,-2.7,6.0,64.0,14.0,0.8,0.5,0.5,-157.0,-71.9,-30.9,-93.4,3.0,94.2,16.0,1.0,0.6,0.6,-11.3,34.6,52.2,20.8,3.0,48.0,16.0,1.0,0.6,0.6,-15.2,-8.3,-3.3,-9.2,3.0,8.7,16.0,1.0,0.6,0.6,-0.9,3.2,5.8,2.5,3.0,4.9,16.0,1.0,0.6,0.6,7.0,132.5,603.5,272.0,6.0,329.5,14.0,0.8,0.5,0.5,5.0,135.0,605.0,270.0,6.0,330.0,14.0,0.8,0.5,0.5
1974,2,325.0,-2.0,26.16,27.4,28.92,27.6,5.0,1.62,10.0,0.6,0.6,0.4,25.9,26.8,28.65,27.26,5.0,2.35,10.0,0.6,0.6,0.4,17.49,17.99,18.79,18.13,4.0,0.94,12.0,0.5,0.7,0.5,73.3,79.7,88.0,80.6,4.0,10.5,12.0,0.5,0.5,1.27,2.1,7.88,4.0,5.0,3.71,10.0,0.6,0.6,0.4,-7.88,-1.97,-0.97,-3.88,5.0,3.79,10.0,0.6,0.6,0.4,-0.26,0.0,0.47,0.11,5.0,0.73,10.0,0.6,0.6,0.4,1008.7,1009.8,1011.46,1010.0,5.0,1.57,10.0,0.6,0.6,0.4,7.6,8.0,8.0,7.8,5.0,0.4,10.0,0.6,0.6,0.4,-62.2,-4.1,-1.9,-26.7,5.0,33.5,10.0,0.6,0.6,0.4,-0.6,0.0,0.9,0.2,5.0,1.5,10.0,0.6,0.6,0.4,-1.3,0.6,2.0,0.34,5.0,2.07,10.0,0.6,0.6,0.4,-10.5,0.0,4.1,-3.4,5.0,11.0,10.0,0.6,0.6,0.4,3.61,4.5,4.91,4.27,4.0,0.87,12.0,0.5,0.7,0.5,3.1,19.4,36.0,19.5,4.0,19.2,12.0,0.5,0.7,0.5,-223.3,-48.3,-26.6,-110.0,5.0,112.3,10.0,0.6,0.6,0.4,-6.4,0.0,12.8,3.5,5.0,19.2,10.0,0.6,0.6,0.4,-146.2,-83.9,-17.0,-81.7,4.0,76.0,12.0,0.5,0.7,0.5,-6.8,0.0,0.0,-3.3,4.0,6.5,12.0,0.5,0.7,0.5,-36.0,-19.2,-2.9,-19.4,4.0,19.3,12.0,0.5,0.7,0.5,-1.2,0.0,0.0,-0.6,4.0,1.1,12.0,0.5,0.7,0.5,5.0,9.5,491.0,205.0,5.0,275.0,10.0,0.6,0.6,0.4,5.0,10.0,490.0,205.0,5.0,275.0,10.0,0.6,0.6,0.4
1974,2,325.0,-1.0,27.98,28.8,29.62,28.8,2.0,1.7,20.0,1.0,0.4,0.4,26.1,26.3,26.5,26.3,2.0,0.42,20.0,1.0,0.4,0.4,17.45,18.4,19.35,18.4,2.0,1.97,20.0,1.0,0.4,0.4,80.8,86.2,91.7,86.2,2.0,11.3,20.0,1.0,0.4,2.68,2.85,3.02,2.85,2.0,0.35,20.0,1.0,0.4,0.4,-0.37,0.74,1.86,0.74,2.0,2.31,20.0,1.0,0.4,0.4,-2.37,-2.22,-2.06,-2.22,2.0,0.32,20.0,1.0,0.4,0.4,1011.6,1011.8,1012.0,1011.8,2.0,0.42,20.0,1.0,0.4,0.4,5.2,5.5,5.8,5.5,2.0,0.7,20.0,1.0,0.4,0.4,-0.8,2.5,5.8,2.5,2.0,6.8,20.0,1.0,0.4,0.4,-6.3,-6.3,-6.2,-6.3,2.0,0.1,20.0,1.0,0.4,0.4,1.48,2.5,3.52,2.5,2.0,2.12,20.0,1.0,0.4,0.4,4.2,7.5,10.8,7.5,2.0,6.9,20.0,1.0,0.4,0.4,6.25,6.49,6.74,6.49,2.0,0.5,20.0,1.0,0.4,0.4,16.8,18.6,20.4,18.6,2.0,3.7,20.0,1.0,0.4,0.4,-10.1,19.0,48.2,19.0,2.0,60.4,20.0,1.0,0.4,0.4,-62.9,-58.4,-53.9,-58.4,2.0,9.3,20.0,1.0,0.4,0.4,-5.3,15.9,37.1,15.9,2.0,43.9,20.0,1.0,0.4,0.4,-41.2,-40.5,-39.8,-40.5,2.0,1.5,20.0,1.0,0.4,0.4,-2.0,5.4,12.8,5.4,2.0,15.4,20.0,1.0,0.4,0.4,-14.8,-14.3,-13.9,-14.3,2.0,0.9,20.0,1.0,0.4,0.4,19.5,23.5,28.0,23.5,2.0,8.5,20.0,1.0,0.4,0.4,20.0,25.0,30.0,25.0,2.0,10.0,20.0,1.0,0.4,0.4
1974,2,325.0,0.0,26.25,26.35,26.45,26.35,2.0,0.21,12.0,0.5,0.4,0.5,25.58,25.75,25.92,25.75,2.0,0.35,12.0,0.5,0.4,0.5,18.11,18.11,18.11,18.11,1.0,0.0,2.0,0.0,0.3,0.3,86.1,86.1,86.1,86.1,1.0,0.0,2.0,0.0,0.3,6.44,6.95,7.46,6.95,2.0,1.06,12.0,0.5,0.4,0.5,-6.36,-5.71,-5.05,-5.71,2.0,1.36,12.0,0.5,0.4,0.5,-3.96,-3.92,-3.87,-3.92,2.0,0.1,12.0,0.5,0.4,0.5,1009.96,1010.3,1010.64,1010.3,2.0,0.71,12.0,0.5,0.4,0.5,6.0,6.0,6.0,6.0,2.0,0.0,12.0,0.5,0.4,0.5,-47.9,-40.4,-32.9,-40.4,2.0,15.5,12.0,0.5,0.4,0.5,-28.9,-27.2,-25.5,-27.2,2.0,3.5,12.0,0.5,0.4,0.5,0.33,0.6,0.87,0.6,2.0,0.57,12.0,0.5,0.4,0.5,2.3,3.9,5.5,3.9,2.0,3.3,12.0,0.5,0.4,0.5,3.21,3.21,3.21,3.21,1.0,0.0,2.0,0.0,0.3,0.3,24.7,24.7,24.7,24.7,1.0,0.0,2.0,0.0,0.3,0.3,-165.1,-147.2,-129.4,-147.2,2.0,37.0,12.0,0.5,0.4,0.5,-101.4,-100.9,-100.3,-100.9,2.0,1.1,12.0,0.5,0.4,0.5,-120.8,-120.8,-120.8,-120.8,1.0,0.0,2.0,0.0,0.3,0.3,-69.7,-69.7,-69.7,-69.7,1.0,0.0,2.0,0.0,0.3,0.3,-21.4,-21.4,-21.4,-21.4,1.0,0.0,2.0,0.0,0.3,0.3,-12.4,-12.4,-12.4,-12.4,1.0,0.0,2.0,0.0,0.3,0.3,273.0,347.5,422.0,347.5,2.0,154.5,12.0,0.5,0.4,0.5,275.0,345.0,420.0,345.0,2.0,155.0,12.0,0.5,0.4,0.5
1974,2,325.0,2.0,27.0,27.0,27.0,27.0,1.0,0.0,28.0,1.0,0.2,0.8,25.5,25.5,25.5,25.5,1.0,0.0,28.0,1.0,0.2,0.8,18.0,18.0,18.0,18.0,1.0,0.0,28.0,1.0,0.2,0.8,88.2,88.2,88.2,88.2,1.0,0.0,28.0,1.0,0.8,8.2,8.2,8.2,8.2,1.0,0.0,28.0,1.0,0.2,0.8,-4.1,-4.1,-4.1,-4.1,1.0,0.0,28.0,1.0,0.2,0.8,-7.1,-7.1,-7.1,-7.1,1.0,0.0,28.0,1.0,0.2,0.8,1010.0,1010.0,1010.0,1010.0,1.0,0.0,28.0,1.0,0.2,0.8,5.0,5.0,5.0,5.0,1.0,0.0,28.0,1.0,0.2,0.8,-33.6,-33.6,-33.6,-33.6,1.0,0.0,28.0,1.0,0.2,0.8,-58.2,-58.2,-58.2,-58.2,1.0,0.0,28.0,1.0,0.2,0.8,1.5,1.5,1.5,1.5,1.0,0.0,28.0,1.0,0.2,0.8,12.3,12.3,12.3,12.3,1.0,0.0,28.0,1.0,0.2,0.8,4.37,4.37,4.37,4.37,1.0,0.0,28.0,1.0,0.2,0.8,35.8,35.8,35.8,35.8,1.0,0.0,28.0,1.0,0.2,0.8,-104.5,-104.5,-104.5,-104.5,1.0,0.0,28.0,1.0,0.2,0.8,-181.1,-181.1,-181.1,-181.1,1.0,0.0,28.0,1.0,0.2,0.8,-73.8,-73.8,-73.8,-73.8,1.0,0.0,28.0,1.0,0.2,0.8,-127.8,-127.8,-127.8,-127.8,1.0,0.0,28.0,1.0,0.2,0.8,-17.9,-17.9,-17.9,-17.9,1.0,0.0,28.0,1.0,0.2,0.8,-31.0,-31.0,-31.0,-31.0,1.0,0.0,28.0,1.0,0.2,0.8,551.5,551.5,551.5,551.5,1.0,0.0,28.0,1.0,0.2,0.8,550.0,550.0,550.0,550.0,1.0,0.0,28.0,1.0,0.2,0.8
1974,2,325.0,3.0,26.24,26.65,27.11,26.68,4.0,0.59,20.0,0.0,0.7,0.5,24.95,25.5,26.1,25.53,4.0,0.67,20.0,0.0,0.7,0.5,16.49,17.06,17.75,17.12,4.0,0.85,20.0,0.0,0.7,0.5,78.1,83.8,89.9,84.0,4.0,7.1,20.0,0.0,0.5,6.41,7.45,7.96,7.2,4.0,1.08,20.0,0.0,0.7,0.5,-5.78,-4.56,-3.33,-4.55,4.0,1.5,20.0,0.0,0.7,0.5,-6.48,-5.61,-4.24,-5.37,4.0,1.39,20.0,0.0,0.7,0.5,1008.63,1010.25,1012.4,1010.5,4.0,2.3,20.0,0.0,0.7,0.5,5.9,8.0,8.0,7.0,4.0,2.0,20.0,0.0,0.7,0.5,-44.1,-36.4,-22.6,-33.5,4.0,13.4,20.0,0.0,0.7,0.5,-51.4,-39.7,-27.0,-39.2,4.0,14.1,20.0,0.0,0.7,0.5,0.57,1.35,1.71,1.15,4.0,0.82,20.0,0.0,0.7,0.5,3.3,8.8,13.3,8.3,4.0,6.6,20.0,0.0,0.7,0.5,3.85,4.56,5.81,4.82,4.0,1.36,20.0,0.0,0.7,0.5,28.7,35.4,39.0,33.9,4.0,6.6,20.0,0.0,0.7,0.5,-144.2,-115.7,-86.8,-115.5,4.0,35.5,20.0,0.0,0.7,0.5,-165.3,-142.9,-108.7,-137.3,4.0,36.4,20.0,0.0,0.7,0.5,-102.7,-77.9,-55.0,-78.8,4.0,29.5,20.0,0.0,0.7,0.5,-110.5,-94.1,-72.3,-91.5,4.0,22.6,20.0,0.0,0.7,0.5,-23.8,-20.4,-17.6,-20.7,4.0,4.0,20.0,0.0,0.7,0.5,-31.8,-29.4,-20.1,-26.1,4.0,9.2,20.0,0.0,0.7,0.5,274.5,415.0,506.0,391.5,4.0,155.5,20.0,0.0,0.7,0.5,275.0,415.0,505.0,390.0,4.0,155.0,20.0,0.0,0.7,0.5
1974,2,325.0,4.0,26.72,27.2,27.81,27.27,3.0,0.8,22.0,1.0,0.6,0.4,25.72,25.75,25.78,25.75,2.0,0.07,24.0,1.0,0.8,0.4,16.4,16.5,16.59,16.5,2.0,0.2,24.0,1.0,0.8,0.4,79.6,79.8,80.0,79.8,2.0,0.4,24.0,1.0,0.4,8.18,10.3,13.78,10.97,3.0,4.14,22.0,1.0,0.6,0.4,-9.2,-3.6,-3.55,-6.31,3.0,4.76,22.0,1.0,0.6,0.4,-9.83,-9.68,-7.33,-8.6,3.0,2.05,22.0,1.0,0.6,0.4,1009.34,1010.5,1012.68,1011.0,3.0,2.49,22.0,1.0,0.6,0.4,8.0,8.0,8.0,8.0,3.0,0.0,22.0,1.0,0.6,0.4,-135.5,-36.3,-29.2,-81.3,3.0,87.1,22.0,1.0,0.6,0.4,-135.7,-99.7,-62.3,-99.0,3.0,53.8,22.0,1.0,0.6,0.4,1.04,1.55,2.06,1.55,2.0,1.06,24.0,1.0,0.8,0.4,8.6,14.7,20.8,14.7,2.0,12.7,24.0,1.0,0.8,0.4,5.59,6.27,6.95,6.27,2.0,1.41,24.0,1.0,0.8,0.4,43.8,56.4,69.0,56.4,2.0,26.1,24.0,1.0,0.8,0.4,-92.3,-91.7,-91.1,-91.7,2.0,1.2,24.0,1.0,0.8,0.4,-235.5,-205.0,-174.4,-205.0,2.0,63.3,24.0,1.0,0.8,0.4,-58.8,-58.7,-58.7,-58.7,2.0,0.2,24.0,1.0,0.8,0.4,-151.7,-131.5,-111.3,-131.5,2.0,41.8,24.0,1.0,0.8,0.4,-24.5,-22.3,-20.0,-22.3,2.0,4.7,24.0,1.0,0.8,0.4,-64.4,-51.6,-38.8,-51.6,2.0,26.5,24.0,1.0,0.8,0.4,601.5,1092.5,2840.0,1706.0,3.0,1723.5,22.0,1.0,0.6,0.4,600.0,1095.0,2840.0,1705.0,3.0,1725.0,22.0,1.0,0.6,0.4
1974,2,325.0,5.0,26.27,26.65,26.7,26.38,6.0,0.68,16.0,0.8,0.6,0.2,25.0,25.8,25.8,25.53,6.0,0.41,16.0,0.8,0.6,0.2,15.3,15.51,15.52,15.41,3.0,0.18,16.0,0.7,0.6,0.3,74.8,74.8,76.3,75.6,3.0,1.3,16.0,0.7,0.3,10.01,11.3,11.9,10.98,4.0,1.23,16.0,0.8,0.6,0.2,-8.01,-7.65,-7.34,-7.67,4.0,0.47,16.0,0.8,0.6,0.2,-9.12,-7.99,-6.44,-7.79,4.0,1.58,16.0,0.8,0.6,0.2,1010.42,1010.9,1012.13,1011.27,3.0,1.29,16.0,0.7,0.6,0.3,6.8,7.5,8.0,7.3,6.0,0.8,16.0,0.8,0.6,0.2,-91.1,-89.4,-77.3,-84.4,4.0,12.2,16.0,0.8,0.6,0.2,-108.6,-90.8,-64.8,-86.9,4.0,26.2,16.0,0.8,0.6,0.2,0.63,0.85,1.07,0.85,6.0,0.54,16.0,0.8,0.6,0.2,4.6,10.1,14.7,9.6,4.0,7.5,16.0,0.8,0.6,0.2,5.13,6.31,6.4,5.78,3.0,1.04,16.0,0.7,0.6,0.3,53.1,75.7,75.9,64.8,3.0,19.2,16.0,0.7,0.6,0.3,-203.1,-197.3,-186.5,-194.9,4.0,12.1,16.0,0.8,0.6,0.2,-235.3,-203.4,-160.9,-198.3,4.0,43.7,16.0,0.8,0.6,0.2,-119.1,-117.6,-111.2,-115.2,3.0,6.1,16.0,0.7,0.6,0.3,-141.9,-140.2,-106.5,-124.6,3.0,29.2,16.0,0.7,0.6,0.3,-48.8,-48.7,-37.7,-43.4,3.0,9.3,16.0,0.7,0.6,0.3,-58.1,-58.0,-37.1,-47.9,3.0,17.7,16.0,0.7,0.6,0.3,1021.0,1451.5,1687.5,1359.0,4.0,422.0,16.0,0.8,0.6,0.2,1020.0,1450.0,1690.0,1360.0,4.0,420.0,16.0,0.8,0.6,0.2
1974,2,325.0,6.0,25.58,25.75,25.92,25.75,2.0,0.35,18.0,0.5,0.4,0.4,24.53,25.25,25.97,25.25,2.0,1.48,18.0,0.5,0.4,0.4,15.78,16.22,16.67,16.22,2.0,0.92,18.0,0.5,0.4,0.4,79.7,81.0,82.3,81.0,2.0,2.6,18.0,0.5,0.4,8.8,9.0,9.2,9.0,2.0,0.42,18.0,0.5,0.4,0.4,-7.66,-6.82,-5.98,-6.82,2.0,1.74,18.0,0.5,0.4,0.4,-6.34,-5.66,-4.97,-5.66,2.0,1.42,18.0,0.5,0.4,0.4,1013.03,1013.1,1013.17,1013.1,2.0,0.14,18.0,0.5,0.4,0.4,3.8,5.5,7.2,5.5,2.0,3.5,18.0,0.5,0.4,0.4,-70.7,-61.8,-52.8,-61.8,2.0,18.6,18.0,0.5,0.4,0.4,-55.6,-50.6,-45.6,-50.6,2.0,10.4,18.0,0.5,0.4,0.4,-0.05,0.5,1.05,0.5,2.0,1.13,18.0,0.5,0.4,0.4,-0.3,4.7,9.8,4.7,2.0,10.4,18.0,0.5,0.4,0.4,4.23,4.47,4.7,4.47,2.0,0.48,18.0,0.5,0.4,0.4,37.3,40.3,43.3,40.3,2.0,6.2,18.0,0.5,0.4,0.4,-187.3,-171.0,-154.7,-171.0,2.0,33.8,18.0,0.5,0.4,0.4,-165.3,-143.9,-122.5,-143.9,2.0,44.4,18.0,0.5,0.4,0.4,-120.5,-109.9,-99.3,-109.9,2.0,21.9,18.0,0.5,0.4,0.4,-106.1,-92.4,-78.8,-92.4,2.0,28.3,18.0,0.5,0.4,0.4,-36.2,-30.9,-25.6,-30.9,2.0,11.1,18.0,0.5,0.4,0.4,-26.7,-24.9,-23.2,-24.9,2.0,3.6,18.0,0.5,0.4,0.4,681.5,731.5,781.0,731.5,2.0,103.0,18.0,0.5,0.4,0.4,680.0,730.0,780.0,730.0,2.0,105.0,18.0,0.5,0.4,0.4
1974,2,325.0,7.0,25.74,26.05,26.36,26.05,2.0,0.64,8.0,0.5,0.5,0.7,24.83,25.1,25.37,25.1,2.0,0.57,8.0,0.5,0.5,0.7,14.71,14.71,14.71,14.71,1.0,0.0,6.0,1.0,0.1,0.9,75.6,75.6,75.6,75.6,1.0,0.0,6.0,1.0,0.9,6.85,8.25,9.65,8.25,2.0,2.9,8.0,0.5,0.5,0.7,-7.39,-6.32,-5.25,-6.32,2.0,2.22,8.0,0.5,0.5,0.7,-6.2,-5.3,-4.4,-5.3,2.0,1.86,8.0,0.5,0.5,0.7,1008.19,1008.8,1009.41,1008.8,2.0,1.27,8.0,0.5,0.5,0.7,3.8,5.5,7.2,5.5,2.0,3.5,8.0,0.5,0.5,0.7,-73.0,-55.4,-37.7,-55.4,2.0,36.6,8.0,0.5,0.5,0.7,-61.3,-46.5,-31.6,-46.5,2.0,30.7,8.0,0.5,0.5,0.7,0.92,0.95,0.98,0.95,2.0,0.07,8.0,0.5,0.5,0.7,6.3,7.9,9.6,7.9,2.0,3.3,8.0,0.5,0.5,0.7,5.9,5.9,5.9,5.9,1.0,0.0,6.0,1.0,0.1,0.9,36.6,36.6,36.6,36.6,1.0,0.0,6.0,1.0,0.1,0.9,-187.9,-159.3,-130.6,-159.3,2.0,59.3,8.0,0.5,0.5,0.7,-157.7,-133.6,-109.6,-133.6,2.0,49.8,8.0,0.5,0.5,0.7,-69.9,-69.9,-69.9,-69.9,1.0,0.0,6.0,1.0,0.1,0.9,-58.6,-58.6,-58.6,-58.6,1.0,0.0,6.0,1.0,0.1,0.9,-28.0,-28.0,-28.0,-28.0,1.0,0.0,6.0,1.0,0.1,0.9,-23.5,-23.5,-23.5,-23.5,1.0,0.0,6.0,1.0,0.1,0.9,374.0,665.5,957.0,665.5,2.0,604.0,8.0,0.5,0.5,0.7,375.0,665.0,955.0,665.0,2.0,605.0,8.0,0.5,0.5,0.7
1974,2,325.0,8.0,25.16,25.5,25.84,25.5,2.0,0.71,16.0,0.5,0.3,0.3,24.5,24.7,24.9,24.7,2.0,0.42,16.0,0.5,0.3,0.3,14.22,14.22,14.22,14.22,1.0,0.0,8.0,0.0,0.1,0.6,74.6,74.6,74.6,74.6,1.0,0.0,8.0,0.0,0.6,5.88,7.55,9.22,7.55,2.0,3.46,16.0,0.5,0.3,0.3,-7.06,-5.78,-4.5,-5.78,2.0,2.65,16.0,0.5,0.3,0.3,-5.93,-4.85,-3.78,-4.85,2.0,2.23,16.0,0.5,0.3,0.3,1010.74,1011.9,1013.06,1011.9,2.0,2.4,16.0,0.5,0.3,0.3,6.0,6.0,6.0,6.0,1.0,0.0,24.0,1.0,0.6,0.0,-67.6,-48.3,-28.9,-48.3,2.0,40.1,16.0,0.5,0.3,0.3,-56.7,-40.5,-24.3,-40.5,2.0,33.6,16.0,0.5,0.3,0.3,0.66,0.8,0.94,0.8,2.0,0.28,16.0,0.5,0.3,0.3,4.2,6.5,8.9,6.5,2.0,4.9,16.0,0.5,0.3,0.3,5.61,5.61,5.61,5.61,1.0,0.0,8.0,0.0,0.1,0.6,28.6,28.6,28.6,28.6,1.0,0.0,8.0,0.0,0.1,0.6,-176.2,-143.4,-110.6,-143.4,2.0,68.0,16.0,0.5,0.3,0.3,-147.9,-120.3,-92.8,-120.3,2.0,57.1,16.0,0.5,0.3,0.3,-55.6,-55.6,-55.6,-55.6,1.0,0.0,8.0,0.0,0.1,0.6,-46.6,-46.6,-46.6,-46.6,1.0,0.0,8.0,0.0,0.1,0.6,-21.9,-21.9,-21.9,-21.9,1.0,0.0,8.0,0.0,0.1,0.6,-18.4,-18.4,-18.4,-18.4,1.0,0.0,8.0,0.0,0.1,0.6,270.5,566.5,862.5,566.5,2.0,613.5,16.0,0.5,0.3,0.3,270.0,565.0,860.0,565.0,2.0,615.0,16.0,0.5,0.3,0.3
1974,2,325.0,9.0,26.0,26.0,26.0,26.0,1.0,0.0,28.0,1.0,0.5,0.8,23.95,26.0,28.05,26.0,2.0,4.24,16.0,1.0,0.5,0.6,13.26,13.26,13.26,13.26,1.0,0.0,28.0,1.0,0.5,0.8,76.3,76.3,76.3,76.3,1.0,0.0,28.0,1.0,0.8,8.95,10.55,12.15,10.55,2.0,3.32,16.0,1.0,0.5,0.6,-10.05,-7.64,-5.22,-7.64,2.0,5.0,16.0,1.0,0.5,0.6,-7.0,-6.78,-6.55,-6.78,2.0,0.46,16.0,1.0,0.5,0.6,1017.5,1017.5,1017.5,1017.5,1.0,0.0,28.0,1.0,0.5,0.8,6.3,7.0,7.7,7.0,2.0,1.4,16.0,1.0,0.5,0.6,-126.6,-88.9,-51.2,-88.9,2.0,78.1,16.0,1.0,0.5,0.6,-79.2,-70.7,-62.2,-70.7,2.0,17.7,16.0,1.0,0.5,0.6,3.0,3.0,3.0,3.0,1.0,0.0,28.0,1.0,0.5,0.8,24.6,24.6,24.6,24.6,1.0,0.0,28.0,1.0,0.5,0.8,7.65,7.65,7.65,7.65,1.0,0.0,28.0,1.0,0.5,0.8,62.7,62.7,62.7,62.7,1.0,0.0,28.0,1.0,0.5,0.8,-287.5,-209.1,-130.8,-209.1,2.0,162.4,16.0,1.0,0.5,0.6,-183.3,-175.2,-167.1,-175.2,2.0,16.8,16.0,1.0,0.5,0.6,-54.4,-54.4,-54.4,-54.4,1.0,0.0,28.0,1.0,0.5,0.8,-94.2,-94.2,-94.2,-94.2,1.0,0.0,28.0,1.0,0.5,0.8,-31.4,-31.4,-31.4,-31.4,1.0,0.0,28.0,1.0,0.5,0.8,-54.3,-54.3,-54.3,-54.3,1.0,0.0,28.0,1.0,0.5,0.8,804.5,1349.0,1893.5,1349.0,2.0,1128.0,16.0,1.0,0.5,0.6,805.0,1350.0,1895.0,1350.0,2.0,1130.0,16.0,1.0,0.5,0.6
1974,2,325.0,10.0,24.4,24.7,25.89,25.13,4.0,1.09,14.0,0.5,0.7,0.1,23.19,23.85,25.56,24.35,4.0,1.66,14.0,0.5,0.7,0.1,13.37,14.71,15.93,14.65,4.0,1.49,14.0,0.5,0.7,0.1,72.3,72.9,83.1,77.5,4.0,9.6,14.0,0.5,0.1,7.65,9.0,9.3,8.5,4.0,1.23,14.0,0.5,0.7,0.1,-8.47,-7.08,-5.54,-7.01,4.0,1.73,14.0,0.5,0.7,0.1,-5.78,-3.74,-3.07,-4.4,4.0,1.91,14.0,0.5,0.7,0.1,1012.57,1013.65,1014.68,1013.63,4.0,1.36,14.0,0.5,0.7,0.1,3.0,4.0,7.0,4.8,5.0,2.0,14.0,0.6,0.8,0.2,-76.4,-63.4,-44.5,-60.6,4.0,20.4,14.0,0.5,0.7,0.1,-48.8,-29.2,-27.3,-37.6,4.0,19.1,14.0,0.5,0.7,0.1,-0.84,0.55,2.41,0.78,4.0,2.25,14.0,0.5,0.7,0.1,-8.0,5.0,21.3,6.6,4.0,20.0,14.0,0.5,0.7,0.1,4.67,5.62,5.88,5.29,4.0,0.88,14.0,0.5,0.7,0.1,36.7,44.0,53.0,44.8,4.0,9.5,14.0,0.5,0.7,0.1,-196.7,-173.8,-141.3,-169.2,4.0,35.0,14.0,0.5,0.7,0.1,-149.5,-89.5,-71.3,-109.4,4.0,56.1,14.0,0.5,0.7,0.1,-123.5,-104.5,-81.6,-102.6,4.0,26.5,14.0,0.5,0.7,0.1,-86.8,-53.3,-44.6,-65.2,4.0,32.2,14.0,0.5,0.7,0.1,-49.8,-37.8,-25.8,-37.8,4.0,13.9,14.0,0.5,0.7,0.1,-26.0,-21.0,-18.1,-22.0,4.0,5.0,14.0,0.5,0.7,0.1,471.0,731.5,804.5,642.0,4.0,237.5,14.0,0.5,0.7,0.1,470.0,730.0,805.0,640.0,4.0,240.0,14.0,0.5,0.7,0.1
1974,2,325.0,11.0,22.64,23.6,24.56,23.6,2.0,1.98,12.0,0.5,0.3,0.4,24.5,25.15,25.8,25.15,2.0,1.34,12.0,0.5,0.3,0.4,12.1,12.1,12.1,12.1,1.0,0.0,20.0,0.0,0.1,0.6,64.5,64.5,64.5,64.5,2.0,0.0,12.0,0.5,0.4,8.43,10.0,11.57,10.0,2.0,3.25,12.0,0.5,0.3,0.4,-9.15,-8.56,-7.97,-8.56,2.0,1.22,12.0,0.5,0.3,0.4,-6.65,-3.95,-1.25,-3.95,2.0,5.59,12.0,0.5,0.3,0.4,1014.0,1014.0,1014.0,1014.0,1.0,0.0,20.0,0.0,0.1,0.6,6.0,6.0,6.0,6.0,2.0,0.0,12.0,0.5,0.3,0.4,-106.9,-87.6,-68.3,-87.6,2.0,40.0,12.0,0.5,0.3,0.4,-81.8,-48.6,-15.4,-48.6,2.0,68.8,12.0,0.5,0.3,0.4,-3.15,-1.55,0.05,-1.55,2.0,3.32,12.0,0.5,0.3,0.4,-23.7,-10.1,3.5,-10.1,2.0,28.2,12.0,0.5,0.3,0.4,7.66,7.66,7.66,7.66,1.0,0.0,20.0,0.0,0.1,0.6,94.2,94.2,94.2,94.2,1.0,0.0,20.0,0.0,0.1,0.6,-223.7,-214.5,-205.3,-214.5,2.0,19.1,12.0,0.5,0.3,0.4,-161.0,-95.7,-30.4,-95.7,2.0,135.3,12.0,0.5,0.3,0.4,-114.0,-114.0,-114.0,-114.0,1.0,0.0,20.0,0.0,0.1,0.6,-95.6,-95.6,-95.6,-95.6,1.0,0.0,20.0,0.0,0.1,0.6,-72.2,-72.2,-72.2,-72.2,1.0,0.0,20.0,0.0,0.1,0.6,-60.6,-60.6,-60.6,-60.6,1.0,0.0,20.0,0.0,0.1,0.6,679.5,1158.5,1638.0,1158.5,2.0,993.0,12.0,0.5,0.3,0.4,680.0,1160.0,1640.0,1160.0,2.0,995.0,12.0,0.5,0.3,0.4
1974,2,325.0,12.0,23.52,24.0,24.0,23.77,3.0,0.4,22.0,0.0,0.6,0.5,22.33,22.4,22.47,22.4,3.0,0.1,22.0,0.0,0.6,0.5,11.19,11.37,11.54,11.37,3.0,0.26,22.0,0.0,0.6,0.5,66.9,67.5,68.4,67.7,3.0,1.1,22.0,0.0,0.5,9.5,12.3,12.3,10.93,3.0,2.37,22.0,0.0,0.6,0.5,-9.42,-9.42,-7.28,-8.38,3.0,1.81,22.0,0.0,0.6,0.5,-7.91,-7.91,-6.11,-7.03,3.0,1.52,22.0,0.0,0.6,0.5,1013.22,1015.2,1015.75,1014.5,3.0,1.95,22.0,0.0,0.6,0.5,4.0,4.0,6.7,5.3,3.0,2.3,22.0,0.0,0.6,0.5,-115.9,-115.9,-71.9,-94.4,3.0,37.2,22.0,0.0,0.6,0.5,-97.2,-97.2,-60.4,-79.2,3.0,31.2,22.0,0.0,0.6,0.5,1.09,1.5,1.64,1.37,3.0,0.42,22.0,0.0,0.6,0.5,10.9,18.5,20.1,15.6,3.0,7.2,22.0,0.0,0.6,0.5,6.63,6.94,7.29,6.96,3.0,0.48,22.0,0.0,0.6,0.5,63.4,85.4,89.7,76.7,3.0,20.7,22.0,0.0,0.6,0.5,-211.4,-210.1,-162.7,-187.6,3.0,40.6,22.0,0.0,0.6,0.5,-177.4,-176.3,-136.6,-157.4,3.0,34.1,22.0,0.0,0.6,0.5,-108.0,-104.7,-81.9,-95.2,3.0,20.8,22.0,0.0,0.6,0.5,-90.6,-87.8,-68.8,-79.9,3.0,17.4,22.0,0.0,0.6,0.5,-68.7,-65.4,-48.6,-58.8,3.0,15.8,22.0,0.0,0.6,0.5,-57.6,-54.9,-40.7,-49.3,3.0,13.3,22.0,0.0,0.6,0.5,967.0,1861.0,1861.0,1424.5,3.0,756.0,22.0,0.0,0.6,0.5,965.0,1860.0,1860.0,1425.0,3.0,755.0,22.0,0.0,0.6,0.5
1974,2,325.0,13.0,22.48,23.5,24.52,23.5,2.0,2.12,22.0,0.5,0.5,0.3,22.11,22.35,22.59,22.35,2.0,0.49,22.0,0.5,0.5,0.3,15.57,15.57,15.57,15.57,1.0,0.0,28.0,1.0,0.5,0.3,80.1,84.4,88.7,84.4,2.0,8.9,22.0,0.5,0.3,8.95,9.5,10.05,9.5,2.0,1.13,22.0,0.5,0.5,0.3,-8.83,-7.01,-5.2,-7.01,2.0,3.77,22.0,0.5,0.5,0.3,-6.9,-5.53,-4.16,-5.53,2.0,2.84,22.0,0.5,0.5,0.3,1013.0,1013.0,1013.0,1013.0,1.0,0.0,28.0,1.0,0.5,0.3,6.0,6.0,6.0,6.0,2.0,0.0,22.0,0.5,0.5,0.3,-89.9,-68.8,-47.7,-68.8,2.0,43.7,22.0,0.5,0.5,0.3,-60.9,-50.9,-40.9,-50.9,2.0,20.7,22.0,0.5,0.5,0.3,0.37,1.15,1.93,1.15,2.0,1.63,22.0,0.5,0.5,0.3,3.2,10.0,16.8,10.0,2.0,14.1,22.0,0.5,0.5,0.3,4.2,4.2,4.2,4.2,1.0,0.0,28.0,1.0,0.5,0.3,36.5,36.5,36.5,36.5,1.0,0.0,28.0,1.0,0.5,0.3,-194.8,-155.8,-116.9,-155.8,2.0,80.7,22.0,0.5,0.5,0.3,-156.2,-124.3,-92.3,-124.3,2.0,66.1,22.0,0.5,0.5,0.3,-67.8,-67.8,-67.8,-67.8,1.0,0.0,28.0,1.0,0.5,0.3,-117.3,-117.3,-117.3,-117.3,1.0,0.0,28.0,1.0,0.5,0.3,-18.3,-18.3,-18.3,-18.3,1.0,0.0,28.0,1.0,0.5,0.3,-31.7,-31.7,-31.7,-31.7,1.0,0.0,28.0,1.0,0.5,0.3,727.5,875.5,1024.0,875.5,2.0,307.0,22.0,0.5,0.5,0.3,725.0,875.0,1025.0,875.0,2.0,305.0,22.0,0.5,0.5,0.3
1974,2,325.0,14.0,23.07,23.85,24.63,23.85,2.0,1.63,12.0,0.5,0.4,0.3,22.25,22.35,22.45,22.35,2.0,0.21,12.0,0.5,0.4,0.3,11.52,12.12,12.72,12.12,2.0,1.24,12.0,0.5,0.4,0.3,68.5,72.4,76.3,72.4,2.0,8.1,12.0,0.5,0.3,9.87,11.1,12.33,11.1,2.0,2.55,12.0,0.5,0.4,0.3,-11.33,-9.62,-7.92,-9.62,2.0,3.53,12.0,0.5,0.4,0.3,-5.73,-5.19,-4.66,-5.19,2.0,1.11,12.0,0.5,0.4,0.3,1012.71,1014.45,1016.19,1014.45,2.0,3.61,12.0,0.5,0.4,0.3,2.2,2.5,2.8,2.5,2.0,0.7,12.0,0.5,0.4,0.3,-142.1,-111.3,-80.6,-111.3,2.0,63.7,12.0,0.5,0.4,0.3,-56.7,-56.3,-55.8,-56.3,2.0,0.9,12.0,0.5,0.4,0.3,0.61,1.5,2.39,1.5,2.0,1.84,12.0,0.5,0.4,0.3,7.3,19.0,30.7,19.0,2.0,24.2,12.0,0.5,0.4,0.3,6.03,6.34,6.65,6.34,2.0,0.65,12.0,0.5,0.4,0.3,59.9,71.2,82.5,71.2,2.0,23.3,12.0,0.5,0.4,0.3,-251.8,-214.7,-177.6,-214.7,2.0,76.9,12.0,0.5,0.4,0.3,-128.7,-116.2,-103.7,-116.2,2.0,25.8,12.0,0.5,0.4,0.3,-145.3,-118.8,-92.4,-118.8,2.0,54.8,12.0,0.5,0.4,0.3,-65.6,-62.3,-58.9,-62.3,2.0,7.0,12.0,0.5,0.4,0.3,-76.0,-62.2,-48.3,-62.2,2.0,28.6,12.0,0.5,0.4,0.3,-34.3,-32.6,-30.8,-32.6,2.0,3.7,12.0,0.5,0.4,0.3,1017.5,1475.5,1933.5,1475.5,2.0,949.0,12.0,0.5,0.4,0.3,1015.0,1475.0,1935.0,1475.0,2.0,950.0,12.0,0.5,0.4,0.3
1974,2,325.0,15.0,22.2,22.2,22.2,22.2,1.0,0.0,26.0,0.0,0.2,0.2,21.0,21.0,21.0,21.0,1.0,0.0,26.0,0.0,0.2,0.2,11.54,11.54,11.54,11.54,1.0,0.0,26.0,0.0,0.2,0.2,75.0,75.0,75.0,75.0,1.0,0.0,26.0,0.0,0.2,2.6,2.6,2.6,2.6,1.0,0.0,26.0,0.0,0.2,0.2,-0.89,-0.89,-0.89,-0.89,1.0,0.0,26.0,0.0,0.2,0.2,-2.44,-2.44,-2.44,-2.44,1.0,0.0,26.0,0.0,0.2,0.2,1016.0,1016.0,1016.0,1016.0,1.0,0.0,26.0,0.0,0.2,0.2,2.0,2.0,2.0,2.0,1.0,0.0,26.0,0.0,0.2,0.2,-2.3,-2.3,-2.3,-2.3,1.0,0.0,26.0,0.0,0.2,0.2,-6.4,-6.4,-6.4,-6.4,1.0,0.0,26.0,0.0,0.2,0.2,1.2,1.2,1.2,1.2,1.0,0.0,26.0,0.0,0.2,0.2,3.1,3.1,3.1,3.1,1.0,0.0,26.0,0.0,0.2,0.2,5.08,5.08,5.08,5.08,1.0,0.0,26.0,0.0,0.2,0.2,13.2,13.2,13.2,13.2,1.0,0.0,26.0,0.0,0.2,0.2,-18.7,-18.7,-18.7,-18.7,1.0,0.0,26.0,0.0,0.2,0.2,-51.3,-51.3,-51.3,-51.3,1.0,0.0,26.0,0.0,0.2,0.2,-10.3,-10.3,-10.3,-10.3,1.0,0.0,26.0,0.0,0.2,0.2,-28.2,-28.2,-28.2,-28.2,1.0,0.0,26.0,0.0,0.2,0.2,-4.5,-4.5,-4.5,-4.5,1.0,0.0,26.0,0.0,0.2,0.2,-12.4,-12.4,-12.4,-12.4,1.0,0.0,26.0,0.0,0.2,0.2,17.5,17.5,17.5,17.5,1.0,0.0,26.0,0.0,0.2,0.2,20.0,20.0,20.0,20.0,1.0,0.0,26.0,0.0,0.2,0.2
1974,2,325.0,17.0,22.2,22.2,22.2,22.2,1.0,0.0,22.0,0.0,0.2,0.8,20.0,20.0,20.0,20.0,1.0,0.0,22.0,0.0,0.2,0.8,11.03,11.03,11.03,11.03,1.0,0.0,22.0,0.0,0.2,0.8,76.3,76.3,76.3,76.3,1.0,0.0,22.0,0.0,0.8,7.7,7.7,7.7,7.7,1.0,0.0,22.0,0.0,0.2,0.8,-5.9,-5.9,-5.9,-5.9,1.0,0.0,22.0,0.0,0.2,0.8,-4.95,-4.95,-4.95,-4.95,1.0,0.0,22.0,0.0,0.2,0.8,1016.9,1016.9,1016.9,1016.9,1.0,0.0,22.0,0.0,0.2,0.8,3.0,3.0,3.0,3.0,1.0,0.0,22.0,0.0,0.2,0.8,-45.4,-45.4,-45.4,-45.4,1.0,0.0,22.0,0.0,0.2,0.8,-38.1,-38.1,-38.1,-38.1,1.0,0.0,22.0,0.0,0.2,0.8,2.2,2.2,2.2,2.2,1.0,0.0,22.0,0.0,0.2,0.8,16.9,16.9,16.9,16.9,1.0,0.0,22.0,0.0,0.2,0.8,5.58,5.58,5.58,5.58,1.0,0.0,22.0,0.0,0.2,0.8,43.0,43.0,43.0,43.0,1.0,0.0,22.0,0.0,0.2,0.8,-118.0,-118.0,-118.0,-118.0,1.0,0.0,22.0,0.0,0.2,0.8,-99.0,-99.0,-99.0,-99.0,1.0,0.0,22.0,0.0,0.2,0.8,-65.0,-65.0,-65.0,-65.0,1.0,0.0,22.0,0.0,0.2,0.8,-54.6,-54.6,-54.6,-54.6,1.0,0.0,22.0,0.0,0.2,0.8,-32.9,-32.9,-32.9,-32.9,1.0,0.0,22.0,0.0,0.2,0.8,-27.6,-27.6,-27.6,-27.6,1.0,0.0,22.0,0.0,0.2,0.8,456.5,456.5,456.5,456.5,1.0,0.0,22.0,0.0,0.2,0.8,455.0,455.0,455.0,455.0,1.0,0.0,22.0,0.0,0.2,0.8
1974,2,325.0,18.0,22.23,22.5,22.7,22.47,3.0,0.35,10.0,1.0,0.5,0.3,21.83,22.2,22.72,22.28,4.0,0.7,8.0,1.0,0.6,0.3,10.63,11.79,13.43,12.02,4.0,1.89,8.0,1.0,0.6,0.3,62.3,69.3,83.1,72.6,4.0,13.7,8.0,1.0,0.3,7.68,9.25,11.66,9.65,4.0,2.52,8.0,1.0,0.6,0.3,-10.68,-8.92,-7.21,-8.95,4.0,2.06,8.0,1.0,0.6,0.3,-4.71,-2.63,-2.11,-3.38,4.0,2.09,8.0,1.0,0.6,0.3,1015.98,1017.25,1019.31,1017.63,4.0,2.17,8.0,1.0,0.6,0.3,2.5,3.0,5.1,3.8,4.0,2.2,8.0,1.0,0.6,0.3,-125.2,-83.8,-55.6,-90.1,4.0,43.1,8.0,1.0,0.6,0.3,-54.5,-20.7,-18.1,-35.6,4.0,31.8,8.0,1.0,0.6,0.3,-0.56,0.6,0.87,0.17,3.0,1.12,10.0,1.0,0.5,0.3,-4.8,4.3,10.2,2.7,3.0,11.0,10.0,1.0,0.5,0.3,3.31,5.2,6.58,4.95,3.0,2.4,10.0,1.0,0.5,0.3,34.9,42.6,49.0,42.0,3.0,10.3,10.0,1.0,0.5,0.3,-233.0,-202.0,-163.8,-198.6,4.0,41.5,8.0,1.0,0.6,0.3,-103.6,-59.9,-46.8,-74.5,4.0,44.0,8.0,1.0,0.6,0.3,-144.0,-105.8,-77.0,-110.3,4.0,41.7,8.0,1.0,0.6,0.3,-64.1,-28.2,-23.2,-42.9,4.0,33.9,8.0,1.0,0.6,0.3,-46.1,-40.1,-31.2,-38.7,3.0,10.9,10.0,1.0,0.5,0.3,-17.1,-15.7,-14.9,-16.0,3.0,1.6,10.0,1.0,0.5,0.3,458.0,822.0,1645.0,1041.0,4.0,798.0,8.0,1.0,0.6,0.3,460.0,820.0,1645.0,1040.0,4.0,800.0,8.0,1.0,0.6,0.3
1974,2,325.0,19.0,22.2,22.2,22.75,22.47,3.0,0.46,16.0,0.7,0.6,0.4,22.25,22.8,23.28,22.77,3.0,0.75,16.0,0.7,0.6,0.4,11.5,12.26,15.86,13.64,3.0,3.41,16.0,0.7,0.6,0.4,69.3,71.6,88.9,79.0,3.0,15.7,16.0,0.7,0.4,6.65,8.7,10.47,8.57,3.0,2.8,16.0,0.7,0.6,0.4,-9.99,-7.53,-5.76,-7.87,3.0,3.11,16.0,0.7,0.6,0.4,-3.87,-2.85,-2.24,-3.05,3.0,1.21,16.0,0.7,0.6,0.4,1014.19,1018.9,1019.51,1016.9,3.0,4.27,16.0,0.7,0.6,0.4,3.0,3.0,3.7,3.3,3.0,0.6,16.0,0.7,0.6,0.4,-106.6,-65.5,-40.0,-73.1,3.0,49.2,16.0,0.7,0.6,0.4,-32.9,-22.2,-18.1,-25.4,3.0,11.2,16.0,0.7,0.6,0.4,-0.57,-0.5,-0.02,-0.3,3.0,0.44,16.0,0.7,0.6,0.4,-4.1,-3.4,0.5,-1.8,3.0,3.6,16.0,0.7,0.6,0.4,1.36,4.3,5.07,3.24,3.0,2.86,16.0,0.7,0.6,0.4,7.8,24.5,49.6,28.6,3.0,30.9,16.0,0.7,0.6,0.4,-223.3,-177.1,-133.0,-178.1,3.0,66.1,16.0,0.7,0.6,0.4,-90.4,-65.0,-50.1,-70.1,3.0,29.9,16.0,0.7,0.6,0.4,-129.5,-124.0,-80.7,-105.5,3.0,39.2,16.0,0.7,0.6,0.4,-63.1,-34.9,-26.0,-44.4,3.0,28.4,16.0,0.7,0.6,0.4,-48.0,-21.2,-6.7,-27.2,3.0,30.6,16.0,0.7,0.6,0.4,-11.7,-10.6,-3.4,-7.6,3.0,6.7,16.0,0.7,0.6,0.4,335.5,658.5,1194.0,762.0,3.0,635.0,16.0,0.7,0.6,0.4,335.0,660.0,1195.0,760.0,3.0,635.0,16.0,0.7,0.6,0.4
1974,2,325.0,20.0,20.17,20.55,20.93,20.55,2.0,0.78,12.0,1.0,0.1,0.5,21.97,22.35,22.73,22.35,2.0,0.78,12.0,1.0,0.1,0.5,13.19,13.19,13.19,13.19,1.0,0.0,4.0,1.0,0.1,0.9,82.0,82.0,82.0,82.0,1.0,0.0,4.0,1.0,0.9,7.44,8.4,9.36,8.4,2.0,1.98,12.0,1.0,0.1,0.5,-8.25,-7.74,-7.24,-7.74,2.0,1.05,12.0,1.0,0.1,0.5,-4.12,-2.45,-0.78,-2.45,2.0,3.46,12.0,1.0,0.1,0.5,1021.44,1021.95,1022.46,1021.95,2.0,1.06,12.0,1.0,0.1,0.5,5.5,6.5,7.5,6.5,2.0,2.1,12.0,1.0,0.1,0.5,-77.7,-66.1,-54.4,-66.1,2.0,24.2,12.0,1.0,0.1,0.5,-40.4,-24.0,-7.6,-24.0,2.0,34.0,12.0,1.0,0.1,0.5,-2.55,-1.8,-1.05,-1.8,2.0,1.56,12.0,1.0,0.1,0.5,-18.2,-13.6,-9.0,-13.6,2.0,9.5,12.0,1.0,0.1,0.5,2.23,2.23,2.23,2.23,1.0,0.0,4.0,1.0,0.1,0.9,21.9,21.9,21.9,21.9,1.0,0.0,4.0,1.0,0.1,0.9,-181.1,-172.7,-164.2,-172.7,2.0,17.5,12.0,1.0,0.1,0.5,-89.9,-53.4,-17.0,-53.4,2.0,75.5,12.0,1.0,0.1,0.5,-112.0,-112.0,-112.0,-112.0,1.0,0.0,4.0,1.0,0.1,0.9,-64.6,-64.6,-64.6,-64.6,1.0,0.0,4.0,1.0,0.1,0.9,-19.0,-19.0,-19.0,-19.0,1.0,0.0,4.0,1.0,0.1,0.9,-10.9,-10.9,-10.9,-10.9,1.0,0.0,4.0,1.0,0.1,0.9,438.0,642.0,846.5,642.0,2.0,423.0,12.0,1.0,0.1,0.5,440.0,640.0,845.0,640.0,2.0,425.0,12.0,1.0,0.1,0.5
1974,2,325.0,22.0,21.48,22.1,22.46,21.98,4.0,0.71,18.0,0.8,0.8,0.5,19.79,20.7,22.87,21.3,4.0,2.08,18.0,0.8,0.8,0.5,10.32,11.09,11.15,10.75,3.0,0.68,14.0,0.7,0.8,0.6,61.2,63.5,72.6,66.8,3.0,8.8,14.0,0.7,0.6,5.33,6.7,9.06,7.18,4.0,2.38,18.0,0.8,0.8,0.5,-8.98,-6.53,0.03,-4.57,4.0,6.62,18.0,0.8,0.8,0.5,-1.87,-0.89,0.45,-0.72,4.0,1.38,18.0,0.8,0.8,0.5,1017.34,1019.1,1021.7,1019.5,4.0,2.6,18.0,0.8,0.8,0.5,1.5,4.5,7.5,4.5,4.0,3.5,18.0,0.8,0.8,0.5,-83.0,-44.9,-1.6,-42.4,4.0,54.1,18.0,0.8,0.8,0.5,-14.9,-5.6,2.3,-6.3,4.0,10.4,18.0,0.8,0.8,0.5,-1.24,1.0,2.56,0.68,4.0,2.26,18.0,0.8,0.8,0.5,-11.9,4.9,16.6,2.5,4.0,18.1,18.0,0.8,0.8,0.5,5.35,5.39,5.82,5.58,3.0,0.38,14.0,0.7,0.8,0.6,35.7,46.4,52.2,44.0,3.0,12.3,14.0,0.7,0.8,0.6,-201.9,-134.3,-4.0,-104.4,4.0,144.7,18.0,0.8,0.8,0.5,-42.5,-20.9,8.9,-17.0,4.0,30.3,18.0,0.8,0.8,0.5,-104.5,-85.4,-63.5,-84.1,3.0,30.0,14.0,0.7,0.8,0.6,-19.8,-19.4,-6.2,-13.1,3.0,11.4,14.0,0.7,0.8,0.6,-51.7,-46.4,-34.4,-43.1,3.0,12.9,14.0,0.7,0.8,0.6,-10.2,-9.5,-3.0,-6.7,3.0,5.8,14.0,0.7,0.8,0.6,153.5,321.0,790.0,465.0,4.0,442.5,18.0,0.8,0.8,0.5,155.0,320.0,790.0,465.0,4.0,445.0,18.0,0.8,0.8,0.5
1974,2,325.0,23.0,21.48,22.5,22.84,22.17,3.0,1.04,10.0,0.7,0.8,0.3,20.59,21.55,22.35,21.48,4.0,1.02,14.0,0.8,0.6,0.4,10.9,11.1,11.3,11.1,2.0,0.42,10.0,1.0,0.8,0.4,65.5,66.7,67.8,66.7,2.0,2.4,10.0,1.0,0.4,5.0,6.35,7.22,6.13,4.0,1.52,14.0,0.8,0.6,0.4,-6.16,-4.35,0.74,-2.79,4.0,5.5,14.0,0.8,0.6,0.4,-4.09,-2.6,-0.64,-2.38,4.0,2.05,14.0,0.8,0.6,0.4,1016.71,1020.1,1022.65,1019.7,4.0,3.48,14.0,0.8,0.6,0.4,4.0,5.0,5.5,4.8,4.0,1.3,14.0,0.8,0.6,0.4,-43.7,-22.2,10.0,-17.1,4.0,38.6,14.0,0.8,0.6,0.4,-26.1,-16.7,-4.9,-15.6,4.0,13.0,14.0,0.8,0.6,0.4,0.33,0.6,0.6,0.47,3.0,0.23,10.0,0.7,0.8,0.3,1.7,3.6,4.3,3.0,3.0,2.0,10.0,0.7,0.8,0.3,5.97,6.02,6.07,6.02,2.0,0.1,10.0,1.0,0.8,0.4,28.3,35.4,42.5,35.4,2.0,14.7,10.0,1.0,0.8,0.4,-133.6,-92.6,12.4,-62.1,4.0,118.3,14.0,0.8,0.6,0.4,-84.4,-54.3,-14.3,-49.6,4.0,42.0,14.0,0.8,0.6,0.4,-79.7,-65.4,-51.0,-65.4,2.0,29.8,10.0,1.0,0.8,0.4,-12.8,-7.6,-2.4,-7.6,2.0,10.8,10.0,1.0,0.8,0.4,-41.9,-35.1,-28.2,-35.1,2.0,14.2,10.0,1.0,0.8,0.4,-6.7,-4.0,-1.3,-4.0,2.0,5.6,10.0,1.0,0.8,0.4,139.0,258.5,382.5,260.5,4.0,162.0,14.0,0.8,0.6,0.4,140.0,260.0,380.0,260.0,4.0,160.0,14.0,0.8,0.6,0.4
1974,2,325.0,24.0,20.95,22.25,22.76,21.88,4.0,1.31,16.0,0.5,0.6,0.6,18.34,20.2,20.95,19.68,5.0,1.62,14.0,0.6,0.5,0.7,9.99,11.09,11.37,10.73,5.0,0.94,14.0,0.6,0.5,0.7,70.1,76.0,84.3,76.6,5.0,8.8,14.0,0.6,0.7,2.73,3.6,5.32,3.92,5.0,1.47,14.0,0.6,0.5,0.7,-4.53,-2.76,-1.88,-3.18,5.0,1.62,14.0,0.6,0.5,0.7,-2.9,-0.36,1.47,-0.6,5.0,2.38,14.0,0.6,0.5,0.7,1024.44,1025.4,1027.69,1026.22,5.0,3.01,14.0,0.6,0.5,0.7,4.9,6.0,7.0,5.8,5.0,1.6,14.0,0.6,0.5,0.7,-24.3,-9.9,-4.6,-14.2,5.0,11.8,14.0,0.6,0.5,0.7,-11.4,-0.8,6.6,-2.4,5.0,10.3,14.0,0.6,0.5,0.7,0.18,1.75,2.95,1.58,4.0,2.13,16.0,0.5,0.6,0.6,-0.1,7.4,9.1,4.6,4.0,7.3,16.0,0.5,0.6,0.6,4.1,5.93,6.58,5.37,4.0,1.9,16.0,0.5,0.6,0.6,13.2,19.3,29.0,21.0,4.0,9.5,16.0,0.5,0.6,0.6,-95.2,-55.7,-34.7,-64.2,5.0,36.1,14.0,0.6,0.5,0.7,-54.7,-6.9,30.1,-11.1,5.0,47.5,14.0,0.6,0.5,0.7,-51.8,-25.6,-20.5,-34.6,5.0,19.0,14.0,0.6,0.5,0.7,-31.8,-4.1,14.8,-7.6,5.0,25.3,14.0,0.6,0.5,0.7,-25.9,-16.0,-11.4,-18.6,4.0,9.7,16.0,0.5,0.6,0.6,-5.6,1.7,11.1,2.7,4.0,10.7,16.0,0.5,0.6,0.6,22.5,46.5,152.0,80.5,5.0,75.0,14.0,0.6,0.5,0.7,20.0,45.0,150.0,80.0,5.0,75.0,14.0,0.6,0.5,0.7
1974,2,325.0,25.0,21.0,21.0,21.68,21.33,3.0,0.58,20.0,0.7,0.3,0.3,19.63,21.0,21.68,20.67,3.0,1.53,20.0,0.7,0.3,0.3,11.33,11.59,11.84,11.59,2.0,0.52,24.0,1.0,0.5,0.4,71.8,78.5,85.1,78.5,2.0,13.7,24.0,1.0,0.4,4.34,7.0,12.05,8.17,3.0,5.74,20.0,0.7,0.3,0.3,-7.1,-6.89,-2.56,-4.88,3.0,3.76,20.0,0.7,0.3,0.3,-9.48,-3.05,-1.8,-5.58,3.0,6.04,20.0,0.7,0.3,0.3,1019.16,1019.3,1022.99,1021.03,3.0,3.18,20.0,0.7,0.3,0.3,1.0,1.0,1.0,1.0,3.0,0.0,20.0,0.7,0.3,0.3,-86.1,-48.3,-16.5,-51.2,3.0,51.1,20.0,0.7,0.3,0.3,-125.6,-9.5,-8.8,-65.9,3.0,98.5,20.0,0.7,0.3,0.3,-0.37,1.0,1.68,0.67,3.0,1.53,20.0,0.7,0.3,0.3,0.1,7.0,21.9,10.9,3.0,16.3,20.0,0.7,0.3,0.3,3.54,3.8,4.05,3.8,2.0,0.53,24.0,1.0,0.5,0.4,18.7,31.1,43.5,31.1,2.0,25.7,24.0,1.0,0.5,0.4,-142.2,-136.8,-51.5,-97.8,3.0,74.6,20.0,0.7,0.3,0.3,-183.1,-67.2,-38.7,-109.9,3.0,112.0,20.0,0.7,0.3,0.3,-73.4,-46.1,-18.7,-46.1,2.0,56.6,24.0,1.0,0.5,0.4,-130.9,-91.7,-52.5,-91.7,2.0,81.2,24.0,1.0,0.5,0.4,-21.1,-13.5,-5.8,-13.5,2.0,15.9,24.0,1.0,0.5,0.4,-38.0,-27.7,-17.5,-27.7,2.0,21.2,24.0,1.0,0.5,0.4,129.0,343.0,2147.0,1119.5,3.0,1624.0,20.0,0.7,0.3,0.3,130.0,345.0,2145.0,1120.0,3.0,1625.0,20.0,0.7,0.3,0.3
1974,2,325.0,26.0,21.0,21.05,21.81,21.43,6.0,0.79,14.0,0.3,0.3,0.4,18.96,19.95,20.92,19.93,6.0,0.96,14.0,0.3,0.3,0.4,10.38,10.98,11.16,10.78,4.0,0.55,14.0,0.3,0.3,0.3,71.5,72.5,78.1,74.7,4.0,5.4,14.0,0.3,0.3,5.1,7.35,11.0,7.82,6.0,2.69,14.0,0.3,0.3,0.4,-10.83,-7.24,-5.04,-7.67,6.0,2.69,14.0,0.3,0.3,0.4,-0.39,1.28,1.78,0.72,6.0,1.45,14.0,0.3,0.3,0.4,1023.83,1024.55,1025.19,1024.53,6.0,0.92,14.0,0.3,0.3,0.4,2.6,4.5,7.2,4.7,6.0,2.6,14.0,0.3,0.3,0.4,-119.2,-53.6,-25.7,-66.0,6.0,43.5,14.0,0.3,0.3,0.4,-4.3,8.3,13.2,4.6,6.0,14.3,14.0,0.3,0.3,0.4,0.87,1.8,2.12,1.5,6.0,0.84,14.0,0.3,0.3,0.4,8.1,12.5,16.2,12.2,6.0,7.8,14.0,0.3,0.3,0.4,4.15,4.78,5.99,5.05,4.0,1.14,14.0,0.3,0.3,0.3,21.2,32.2,43.4,32.3,4.0,12.9,14.0,0.3,0.3,0.3,-207.2,-145.8,-103.8,-152.4,6.0,51.7,14.0,0.3,0.3,0.4,-8.0,25.7,33.7,13.6,6.0,28.7,14.0,0.3,0.3,0.4,-75.2,-64.1,-55.1,-65.1,4.0,11.9,14.0,0.3,0.3,0.3,6.0,13.2,16.8,11.5,4.0,8.2,14.0,0.3,0.3,0.3,-42.8,-31.9,-20.5,-31.6,4.0,12.9,14.0,0.3,0.3,0.3,3.4,7.4,7.5,5.6,4.0,3.7,14.0,0.3,0.3,0.3,132.5,406.5,1331.0,623.5,6.0,565.5,14.0,0.3,0.3,0.4,135.0,405.0,1330.0,625.0,6.0,565.0,14.0,0.3,0.3,0.4
1974,2,325.0,27.0,20.0,20.0,20.56,20.26,5.0,0.43,10.0,0.6,0.4,0.4,19.92,20.4,20.92,20.38,6.0,0.59,10.0,0.5,0.4,0.4,8.81,10.73,12.16,10.47,5.0,2.02,8.0,0.6,0.4,0.4,58.2,74.3,82.9,70.6,5.0,14.1,8.0,0.6,0.4,3.71,5.9,8.63,6.15,6.0,2.9,10.0,0.5,0.4,0.4,-7.84,-5.41,-2.57,-5.01,6.0,4.13,10.0,0.5,0.4,0.4,-0.92,0.0,2.41,0.8,6.0,2.42,10.0,0.5,0.4,0.4,1022.73,1024.0,1026.07,1023.83,6.0,2.83,10.0,0.5,0.4,0.4,2.0,4.5,8.0,4.8,6.0,2.9,10.0,0.5,0.4,0.4,-63.0,-36.2,-10.9,-40.0,6.0,39.2,10.0,0.5,0.4,0.4,-4.0,0.0,12.4,6.4,6.0,18.4,10.0,0.5,0.4,0.4,-0.68,0.0,0.21,-0.2,5.0,0.55,10.0,0.6,0.4,0.4,-4.1,0.0,1.1,-1.4,5.0,3.5,10.0,0.6,0.4,0.4,2.07,4.12,6.48,4.27,4.0,2.6,8.0,0.8,0.3,0.4,18.6,29.2,40.4,29.5,4.0,14.6,8.0,0.8,0.3,0.4,-162.5,-112.8,-50.2,-102.8,6.0,83.8,10.0,0.5,0.4,0.4,-18.7,0.0,49.3,16.7,6.0,50.2,10.0,0.5,0.4,0.4,-102.5,-60.0,-13.8,-57.2,5.0,55.0,8.0,0.6,0.4,0.4,-2.2,0.0,29.8,12.5,5.0,23.0,8.0,0.6,0.4,0.4,-34.3,-28.9,-18.6,-26.6,4.0,10.5,8.0,0.8,0.3,0.4,-3.0,0.0,15.9,6.2,4.0,16.3,8.0,0.8,0.3,0.4,54.5,235.5,663.0,366.0,6.0,411.5,10.0,0.5,0.4,0.4,55.0,235.0,665.0,365.0,6.0,410.0,10.0,0.5,0.4,0.4
1974,2,325.0,28.0,20.0,20.35,20.97,20.57,6.0,0.75,16.0,0.7,0.7,0.5,18.18,19.4,19.98,19.31,7.0,1.23,18.0,0.7,0.7,0.5,9.34,10.46,11.15,10.17,7.0,0.94,18.0,0.7,0.7,0.5,69.2,70.1,81.0,73.9,7.0,7.3,18.0,0.7,0.5,6.12,7.0,10.95,8.2,7.0,3.16,16.0,0.7,0.7,0.5,-5.85,-4.6,2.85,-2.65,7.0,4.27,16.0,0.7,0.7,0.5,-10.32,-1.22,3.11,-3.76,7.0,6.75,16.0,0.7,0.7,0.5,1017.68,1024.5,1025.87,1023.3,8.0,8.2,16.0,0.8,0.7,0.5,4.1,6.0,7.9,5.8,8.0,2.1,16.0,0.8,0.7,0.5,-39.3,-33.3,23.8,-16.0,7.0,33.8,16.0,0.7,0.7,0.5,-113.5,-8.5,19.4,-47.1,7.0,79.2,16.0,0.7,0.7,0.5,0.48,0.9,1.39,1.0,6.0,0.62,16.0,0.7,0.7,0.5,2.9,9.7,11.3,7.8,5.0,4.8,18.0,0.6,0.8,0.5,3.58,4.54,5.31,4.51,6.0,0.86,16.0,0.7,0.7,0.5,25.1,35.2,45.4,34.9,5.0,12.9,18.0,0.6,0.8,0.5,-114.1,-65.3,55.4,-40.2,6.0,81.1,18.0,0.7,0.8,0.4,-198.2,-72.4,65.9,-76.5,6.0,139.9,18.0,0.7,0.8,0.4,-56.2,-39.2,27.5,-22.1,6.0,41.3,18.0,0.7,0.8,0.4,-101.8,-36.1,32.5,-41.5,6.0,75.4,18.0,0.7,0.8,0.4,-27.8,-16.1,-0.2,-13.4,5.0,17.8,18.0,0.6,0.8,0.5,-43.5,0.0,16.0,-11.4,5.0,31.4,18.0,0.6,0.8,0.5,231.5,343.0,1328.0,782.5,7.0,921.5,16.0,0.7,0.7,0.5,230.0,345.0,1330.0,780.0,7.0,920.0,16.0,0.7,0.7,0.5
1974,2,325.0,29.0,19.45,20.0,21.33,20.41,12.0,1.0,16.0,0.3,0.4,0.6,19.1,19.9,20.45,19.73,12.0,0.84,16.0,0.3,0.4,0.6,10.21,11.14,11.88,11.2,7.0,0.85,14.0,0.4,0.3,0.7,71.5,77.3,82.5,76.0,8.0,8.6,16.0,0.4,0.6,2.32,3.05,6.78,4.18,12.0,3.06,16.0,0.3,0.4,0.6,-4.76,-1.27,1.49,-1.45,12.0,3.21,16.0,0.3,0.4,0.6,-1.4,0.23,3.49,1.29,12.0,3.75,16.0,0.3,0.4,0.6,1025.36,1026.8,1027.74,1026.49,11.0,1.72,14.0,0.4,0.4,0.6,1.5,3.0,6.3,3.4,12.0,2.5,16.0,0.3,0.4,0.6,-45.7,-4.0,3.4,-12.1,12.0,21.9,16.0,0.3,0.4,0.6,-5.9,0.6,14.0,12.7,12.0,39.4,16.0,0.3,0.4,0.6,-0.03,0.5,1.63,0.68,12.0,1.01,16.0,0.3,0.4,0.6,-0.1,1.0,7.9,3.7,12.0,5.1,16.0,0.3,0.4,0.6,3.39,3.99,4.15,3.64,7.0,0.93,14.0,0.4,0.3,0.7,3.4,10.7,12.4,9.6,7.0,5.2,14.0,0.4,0.3,0.7,-95.8,-23.8,29.7,-27.5,12.0,61.8,16.0,0.3,0.4,0.6,-26.1,4.6,65.7,26.3,12.0,77.1,16.0,0.3,0.4,0.6,-6.3,10.9,23.1,8.0,7.0,18.1,14.0,0.4,0.3,0.7,-10.1,5.0,30.9,5.3,7.0,23.9,14.0,0.4,0.3,0.7,-2.5,2.7,8.8,2.2,7.0,6.9,14.0,0.4,0.3,0.7,-3.9,1.2,12.2,2.1,7.0,8.7,14.0,0.4,0.3,0.7,14.0,28.5,311.5,218.0,12.0,489.5,16.0,0.3,0.4,0.6,15.0,30.0,310.0,220.0,12.0,490.0,16.0,0.3,0.4,0.6
1974,2,325.0,30.0,18.92,19.8,20.49,19.79,15.0,0.96,10.0,0.2,0.6,0.4,17.89,19.2,20.06,19.09,16.0,1.03,10.0,0.2,0.6,0.4,8.77,9.66,12.01,10.22,16.0,1.42,10.0,0.2,0.6,0.4,65.9,74.9,82.3,75.3,16.0,8.1,10.0,0.2,0.4,2.6,4.35,5.78,4.14,16.0,1.92,10.0,0.2,0.6,0.4,-4.8,-2.44,0.55,-1.97,16.0,3.28,10.0,0.2,0.6,0.4,-2.52,0.0,1.28,-0.5,16.0,2.61,10.0,0.2,0.6,0.4,1022.96,1027.0,1028.83,1026.42,16.0,3.58,10.0,0.2,0.6,0.4,0.4,4.0,6.0,3.6,16.0,2.5,10.0,0.2,0.6,0.4,-23.7,-8.7,2.8,-10.5,16.0,19.4,10.0,0.2,0.6,0.4,-11.9,0.0,5.6,-3.4,16.0,14.3,10.0,0.2,0.6,0.4,-0.38,0.1,2.24,0.71,15.0,1.46,10.0,0.2,0.6,0.4,-2.2,0.0,7.5,1.3,15.0,4.5,10.0,0.2,0.6,0.4,2.41,4.1,5.71,3.92,15.0,1.81,10.0,0.2,0.6,0.4,4.6,14.4,24.1,14.8,15.0,9.0,10.0,0.2,0.6,0.4,-87.5,-45.3,10.5,-37.3,16.0,65.3,10.0,0.2,0.6,0.4,-46.8,0.0,24.8,-8.9,16.0,49.1,10.0,0.2,0.6,0.4,-43.6,-23.9,5.3,-18.8,16.0,36.6,10.0,0.2,0.6,0.4,-25.5,0.0,12.0,-4.3,16.0,24.7,10.0,0.2,0.6,0.4,-21.3,-9.9,0.0,-9.8,15.0,10.4,10.0,0.2,0.6,0.4,-7.6,0.0,7.3,-1.3,15.0,10.2,10.0,0.2,0.6,0.4,17.5,83.0,198.0,113.0,16.0,124.5,10.0,0.2,0.6,0.4,20.0,85.0,200.0,115.0,16.0,125.0,10.0,0.2,0.6,0.4
1974,2,325.0,31.0,18.63,19.9,21.11,19.9,10.0,1.25,12.0,0.4,0.5,0.5,17.54,19.05,19.67,19.07,10.0,1.65,12.0,0.4,0.5,0.5,9.7,11.08,12.35,11.06,9.0,1.56,12.0,0.4,0.5,0.5,67.6,77.9,95.2,80.0,10.0,13.6,12.0,0.4,0.5,2.6,4.6,5.1,4.11,9.0,1.27,12.0,0.4,0.5,0.5,-4.3,-1.8,0.6,-1.51,9.0,2.9,12.0,0.4,0.5,0.5,0.8,1.99,3.41,2.02,9.0,2.24,12.0,0.4,0.5,0.5,1026.71,1027.2,1030.29,1028.14,9.0,2.35,12.0,0.4,0.5,0.5,3.0,4.0,7.1,4.5,10.0,2.3,12.0,0.4,0.5,0.5,-21.5,-6.5,3.8,-5.9,9.0,14.6,12.0,0.4,0.5,0.5,2.3,8.9,14.9,8.6,9.0,12.0,12.0,0.4,0.5,0.5,-0.7,0.8,2.23,0.83,10.0,1.66,12.0,0.4,0.5,0.5,-3.9,3.2,8.6,2.3,9.0,6.8,12.0,0.4,0.5,0.5,1.46,3.39,5.55,3.35,9.0,2.1,12.0,0.4,0.5,0.5,4.7,8.8,24.2,13.3,9.0,9.5,12.0,0.4,0.5,0.5,-84.9,-34.4,11.5,-31.2,9.0,58.5,12.0,0.4,0.5,0.5,15.5,40.1,66.2,39.0,9.0,42.5,12.0,0.4,0.5,0.5,-47.0,-19.8,8.7,-17.0,9.0,31.6,12.0,0.4,0.5,0.5,8.9,21.7,40.2,23.5,9.0,27.4,12.0,0.4,0.5,0.5,-8.3,-4.7,-0.3,-4.0,9.0,12.9,12.0,0.4,0.5,0.5,1.2,5.6,13.6,5.1,9.0,8.6,12.0,0.4,0.5,0.5,17.5,97.5,132.5,86.5,9.0,63.5,12.0,0.4,0.5,0.5,20.0,95.0,135.0,85.0,9.0,65.0,12.0,0.4,0.5,0.5
1974,2,325.0,32.0,18.72,19.0,20.16,19.31,15.0,1.04,16.0,0.7,0.5,0.4,17.0,18.6,20.29,18.84,18.0,1.95,16.0,0.6,0.5,0.3,7.86,9.38,11.46,9.75,16.0,1.9,16.0,0.6,0.5,0.4,64.4,72.5,78.9,72.1,16.0,9.4,16.0,0.6,0.4,3.87,6.7,9.3,7.14,17.0,3.39,16.0,0.6,0.5,0.3,-3.75,1.99,5.01,0.86,17.0,4.97,16.0,0.6,0.5,0.3,-6.42,2.55,6.45,0.75,17.0,6.29,16.0,0.6,0.5,0.3,1017.64,1024.0,1029.12,1022.79,17.0,6.15,16.0,0.6,0.5,0.4,2.0,5.0,7.3,4.8,18.0,2.5,16.0,0.6,0.5,0.3,-29.6,5.2,34.8,10.1,17.0,52.3,16.0,0.6,0.5,0.3,-50.0,9.9,53.6,-1.6,17.0,68.2,16.0,0.6,0.5,0.3,-1.16,0.6,2.06,0.37,15.0,2.1,16.0,0.7,0.5,0.4,-7.7,1.5,16.0,-0.2,14.0,15.8,16.0,0.7,0.5,0.4,2.11,4.65,5.62,4.03,15.0,1.8,16.0,0.7,0.5,0.4,12.3,25.8,44.1,29.6,14.0,19.4,16.0,0.7,0.5,0.4,-75.3,35.9,92.5,16.5,17.0,99.4,16.0,0.6,0.5,0.3,-110.2,50.2,137.6,22.3,17.0,115.5,16.0,0.6,0.5,0.3,-46.3,-14.5,49.3,3.9,15.0,51.4,16.0,0.7,0.5,0.4,-56.6,25.8,74.3,14.4,15.0,59.2,16.0,0.7,0.5,0.4,-15.1,-8.4,20.9,-0.5,14.0,20.7,16.0,0.7,0.5,0.4,-38.2,7.8,20.1,-4.2,14.0,29.6,16.0,0.7,0.5,0.4,58.5,301.0,804.5,622.5,17.0,905.5,16.0,0.6,0.5,0.3,60.0,300.0,805.0,625.0,17.0,905.0,16.0,0.6,0.5,0.3
1974,2,325.0,33.0,18.08,19.0,19.5,18.87,16.0,1.35,14.0,0.4,0.7,0.5,16.09,18.5,20.14,18.35,19.0,1.85,16.0,0.5,0.7,0.5,8.51,10.9,12.2,10.31,13.0,2.0,14.0,0.4,0.7,0.5,70.2,82.3,89.9,80.5,13.0,10.1,14.0,0.4,0.5,2.53,6.7,11.44,6.99,19.0,4.16,16.0,0.5,0.7,0.5,-4.36,2.29,7.11,1.65,19.0,5.86,16.0,0.5,0.7,0.5,-3.78,0.72,4.8,-0.16,19.0,5.62,16.0,0.5,0.7,0.5,1020.87,1025.0,1027.57,1024.44,19.0,4.64,16.0,0.5,0.7,0.5,1.0,3.0,6.3,3.6,18.0,2.4,16.0,0.6,0.7,0.5,-30.7,6.7,56.5,11.7,19.0,62.7,16.0,0.5,0.7,0.5,-34.6,1.5,30.9,-11.7,19.0,64.3,16.0,0.5,0.7,0.5,-1.12,0.5,2.18,0.58,16.0,2.09,14.0,0.4,0.7,0.5,-6.1,1.1,19.4,5.6,16.0,17.3,14.0,0.4,0.7,0.5,1.29,2.34,5.51,3.08,13.0,2.1,14.0,0.4,0.7,0.5,3.1,6.4,53.3,22.3,13.0,24.1,14.0,0.4,0.7,0.5,-90.2,47.3,125.8,30.2,19.0,103.6,16.0,0.5,0.7,0.5,-61.7,13.3,100.1,4.4,19.0,96.0,16.0,0.5,0.7,0.5,-5.3,23.1,43.3,18.2,13.0,49.0,14.0,0.4,0.7,0.5,-35.1,5.5,35.4,-3.8,13.0,50.5,14.0,0.4,0.7,0.5,-7.6,3.5,11.5,-1.3,13.0,26.6,14.0,0.4,0.7,0.5,-16.4,0.0,4.2,-6.0,13.0,19.3,14.0,0.4,0.7,0.5,16.5,301.0,1503.0,692.5,19.0,852.5,16.0,0.5,0.7,0.5,15.0,300.0,1505.0,695.0,19.0,855.0,16.0,0.5,0.7,0.5
1974,2,325.0,34.0,17.13,18.0,19.58,17.97,15.0,1.41,16.0,0.7,0.6,0.5,17.02,18.1,18.66,17.73,15.0,1.42,16.0,0.7,0.6,0.5,8.55,10.51,11.25,9.92,15.0,1.74,16.0,0.7,0.6,0.5,68.7,81.3,87.5,79.0,15.0,11.0,16.0,0.7,0.5,3.68,7.7,12.1,7.84,15.0,3.57,16.0,0.7,0.6,0.5,-2.12,0.0,6.4,1.78,15.0,4.47,16.0,0.7,0.6,0.5,-6.31,2.91,8.15,1.33,15.0,7.3,16.0,0.7,0.6,0.5,1015.2,1020.5,1028.39,1021.25,15.0,6.24,16.0,0.7,0.6,0.5,2.8,4.0,6.2,4.3,13.0,2.4,16.0,0.7,0.6,0.5,-13.1,0.0,70.0,21.8,15.0,48.1,16.0,0.7,0.6,0.5,-71.3,11.1,69.4,7.1,15.0,80.1,16.0,0.7,0.6,0.5,-1.1,-0.2,1.29,0.24,15.0,2.05,16.0,0.7,0.6,0.5,-3.7,-1.2,11.0,4.2,15.0,24.1,16.0,0.7,0.6,0.5,0.67,2.17,4.87,2.81,15.0,2.26,16.0,0.7,0.6,0.5,4.6,14.4,42.8,23.7,15.0,28.5,16.0,0.7,0.6,0.5,-41.3,0.0,110.0,28.8,15.0,74.7,16.0,0.7,0.6,0.5,-102.5,51.3,150.2,27.5,15.0,127.1,16.0,0.7,0.6,0.5,-23.4,0.0,66.1,16.7,15.0,42.8,16.0,0.7,0.6,0.5,-57.0,28.4,77.3,19.7,15.0,69.4,16.0,0.7,0.6,0.5,-6.3,0.0,5.1,5.6,15.0,24.9,16.0,0.7,0.6,0.5,-31.6,1.5,13.8,-4.6,15.0,27.2,16.0,0.7,0.6,0.5,64.5,456.5,1849.0,768.5,15.0,851.5,16.0,0.7,0.6,0.5,65.0,455.0,1850.0,770.0,15.0,850.0,16.0,0.7,0.6,0.5
1974,2,325.0,35.0,16.51,17.85,19.99,17.81,20.0,1.77,14.0,0.6,0.5,0.4,14.52,17.75,18.3,16.93,20.0,1.86,14.0,0.6,0.5,0.4,6.82,9.85,11.48,9.3,18.0,2.16,14.0,0.6,0.5,0.4,67.9,81.5,91.1,78.5,18.0,13.8,14.0,0.6,0.4,4.61,7.45,9.79,6.97,20.0,2.74,14.0,0.6,0.5,0.4,-1.79,0.94,7.08,1.92,20.0,4.0,14.0,0.6,0.5,0.4,-6.28,3.31,7.23,1.42,20.0,6.05,14.0,0.6,0.5,0.4,1019.33,1026.9,1029.6,1024.75,20.0,6.34,14.0,0.6,0.5,0.4,2.0,4.0,7.0,4.3,20.0,2.4,14.0,0.6,0.5,0.4,-13.5,6.4,57.9,17.3,20.0,34.3,14.0,0.6,0.5,0.4,-61.2,12.9,55.6,6.8,20.0,54.0,14.0,0.6,0.5,0.4,-1.0,0.5,2.49,0.88,20.0,2.76,14.0,0.6,0.5,0.4,-7.4,0.6,15.4,8.0,20.0,26.1,14.0,0.6,0.5,0.4,0.97,2.82,6.2,3.14,18.0,2.61,14.0,0.6,0.5,0.4,2.7,21.3,56.4,24.1,18.0,26.4,14.0,0.6,0.5,0.4,-25.9,16.8,100.2,31.1,20.0,65.7,14.0,0.6,0.5,0.4,-82.9,58.2,130.2,32.7,20.0,98.1,14.0,0.6,0.5,0.4,-18.4,2.2,45.6,13.1,18.0,34.9,14.0,0.6,0.5,0.4,-45.5,30.8,72.4,18.1,18.0,54.2,14.0,0.6,0.5,0.4,-11.4,0.0,31.3,6.9,18.0,21.0,14.0,0.6,0.5,0.4,-32.4,2.6,19.8,-6.7,18.0,27.9,14.0,0.6,0.5,0.4,98.0,415.0,939.0,476.0,20.0,376.0,14.0,0.6,0.5,0.4,100.0,415.0,940.0,475.0,20.0,375.0,14.0,0.6,0.5,0.4
1974,2,325.0,36.0,16.6,17.1,18.85,17.48,23.0,1.21,18.0,0.6,0.6,0.5,14.83,16.05,17.67,16.13,24.0,1.47,18.0,0.5,0.5,0.5,6.78,9.0,10.54,8.85,24.0,1.62,18.0,0.5,0.5,0.5,67.6,78.9,89.9,78.3,24.0,12.0,18.0,0.5,0.5,4.1,6.7,8.2,6.59,25.0,2.45,18.0,0.6,0.5,0.5,-2.15,0.0,3.88,1.12,25.0,4.23,18.0,0.6,0.5,0.5,-6.61,1.3,5.12,0.58,25.0,5.63,18.0,0.6,0.5,0.5,1015.62,1022.8,1028.42,1022.36,25.0,6.03,18.0,0.6,0.5,0.5,1.0,6.0,8.0,5.1,25.0,2.8,18.0,0.6,0.5,0.5,-11.9,0.0,26.4,11.5,25.0,39.9,18.0,0.6,0.5,0.5,-45.6,4.5,33.6,6.0,25.0,45.2,18.0,0.6,0.5,0.5,-0.25,1.3,3.11,1.38,23.0,1.65,18.0,0.6,0.6,0.5,-1.2,7.7,17.5,8.3,23.0,10.2,18.0,0.6,0.6,0.5,1.93,3.61,4.79,3.57,23.0,1.52,18.0,0.6,0.6,0.5,10.3,22.4,37.1,23.1,23.0,12.3,18.0,0.6,0.6,0.5,-33.3,6.0,65.8,19.4,24.0,71.1,18.0,0.5,0.5,0.5,-101.7,27.0,90.0,15.1,24.0,91.4,18.0,0.5,0.5,0.5,-15.3,3.7,37.7,12.4,24.0,41.4,18.0,0.5,0.5,0.5,-46.3,17.8,53.4,11.2,24.0,48.6,18.0,0.5,0.5,0.5,-6.7,0.0,13.2,3.1,23.0,15.6,18.0,0.6,0.6,0.5,-23.1,3.7,18.1,-0.8,23.0,21.4,18.0,0.6,0.6,0.5,69.0,301.0,578.0,407.5,25.0,434.5,18.0,0.6,0.5,0.5,70.0,300.0,580.0,405.0,25.0,435.0,18.0,0.6,0.5,0.5
1974,2,325.0,37.0,16.0,16.85,17.23,16.75,22.0,0.86,18.0,0.5,0.5,0.5,14.48,16.8,18.1,16.55,25.0,2.04,18.0,0.6,0.5,0.5,8.11,10.35,11.05,9.78,22.0,1.41,18.0,0.5,0.5,0.4,73.7,88.6,94.7,84.8,22.0,9.8,18.0,0.5,0.4,4.1,6.7,10.8,7.94,25.0,4.45,18.0,0.6,0.5,0.5,-1.44,2.91,7.0,3.7,25.0,5.52,18.0,0.6,0.5,0.5,-3.28,3.1,7.47,2.47,25.0,5.86,18.0,0.6,0.5,0.5,1014.4,1024.1,1029.6,1022.6,25.0,7.02,18.0,0.6,0.5,0.5,1.3,5.5,8.0,5.0,22.0,2.8,18.0,0.6,0.5,0.5,-7.5,18.3,51.2,44.8,25.0,115.1,18.0,0.6,0.5,0.5,-16.6,16.7,76.9,31.1,25.0,70.1,18.0,0.6,0.5,0.5,-1.57,0.0,2.23,0.31,22.0,2.29,18.0,0.5,0.5,0.5,-11.7,0.0,13.1,0.2,22.0,19.0,18.0,0.5,0.5,0.5,0.49,1.51,3.12,1.78,19.0,1.63,18.0,0.5,0.5,0.5,3.3,8.1,25.3,11.4,19.0,10.5,18.0,0.5,0.5,0.5,-20.3,44.2,117.0,65.3,25.0,101.5,18.0,0.6,0.5,0.5,-46.6,51.8,133.2,47.4,25.0,92.6,18.0,0.6,0.5,0.5,-11.7,26.5,61.9,35.4,22.0,62.7,18.0,0.5,0.5,0.4,-18.1,34.9,72.8,36.0,22.0,56.4,18.0,0.5,0.5,0.4,-1.5,5.5,9.1,5.0,19.0,6.3,18.0,0.5,0.5,0.5,-8.5,1.7,9.8,0.9,19.0,13.4,18.0,0.5,0.5,0.5,69.0,301.0,1259.5,1141.0,25.0,2975.0,18.0,0.6,0.5,0.5,70.0,300.0,1260.0,1140.0,25.0,2975.0,18.0,0.6,0.5,0.5
1974,2,325.0,38.0,15.57,16.0,16.63,16.09,18.0,0.69,14.0,0.7,0.6,0.4,13.97,16.0,17.17,15.72,19.0,1.75,14.0,0.6,0.6,0.3,6.1,8.94,11.01,8.81,18.0,2.06,14.0,0.6,0.6,0.3,63.4,79.8,91.1,78.0,19.0,11.6,14.0,0.6,0.3,4.6,7.2,10.28,7.78,20.0,3.15,14.0,0.6,0.6,0.4,-2.28,2.1,6.22,2.15,20.0,5.02,14.0,0.6,0.6,0.4,-4.52,0.0,6.58,0.34,20.0,6.6,14.0,0.6,0.6,0.4,1016.33,1022.0,1028.06,1021.83,19.0,5.95,14.0,0.6,0.6,0.3,3.7,6.0,8.0,5.8,18.0,2.4,14.0,0.7,0.6,0.4,-10.5,14.0,44.9,22.9,20.0,55.5,14.0,0.6,0.6,0.4,-38.4,0.0,44.1,-4.7,20.0,72.3,14.0,0.6,0.6,0.4,-1.47,0.1,2.23,0.38,17.0,1.82,14.0,0.7,0.6,0.4,-12.1,0.5,18.3,4.4,17.0,18.6,14.0,0.7,0.6,0.4,0.24,2.45,4.29,2.41,16.0,2.04,14.0,0.7,0.6,0.3,1.7,12.6,38.2,17.6,16.0,17.8,14.0,0.7,0.6,0.3,-33.5,26.0,97.1,32.6,19.0,77.0,14.0,0.6,0.6,0.3,-75.7,0.0,112.5,14.3,19.0,101.6,14.0,0.6,0.6,0.3,-15.5,12.8,55.4,14.4,18.0,34.5,14.0,0.6,0.6,0.3,-40.9,11.2,68.1,10.7,18.0,61.0,14.0,0.6,0.6,0.3,-6.8,0.0,10.0,1.3,16.0,11.3,14.0,0.7,0.6,0.3,-18.2,0.5,13.6,-1.0,16.0,22.8,14.0,0.7,0.6,0.3,97.5,373.0,1088.5,724.0,20.0,994.5,14.0,0.6,0.6,0.4,95.0,375.0,1090.0,725.0,20.0,995.0,14.0,0.6,0.6,0.4
1974,2,325.0,39.0,14.95,16.0,17.1,16.15,13.0,1.6,12.0,0.6,0.6,0.5,13.04,16.3,17.19,15.62,14.0,2.1,12.0,0.6,0.6,0.4,5.95,9.15,10.45,8.47,12.0,2.14,12.0,0.6,0.6,0.4,65.6,78.4,91.4,78.2,12.0,13.4,12.0,0.6,0.4,4.1,8.2,9.69,7.51,15.0,3.5,12.0,0.5,0.6,0.4,-0.83,2.24,7.68,2.87,15.0,4.93,12.0,0.5,0.6,0.4,-5.24,1.42,8.41,1.48,15.0,6.11,12.0,0.5,0.6,0.4,1013.03,1022.7,1026.79,1020.57,15.0,7.38,12.0,0.5,0.6,0.4,3.0,6.0,8.0,5.3,15.0,2.6,12.0,0.5,0.6,0.4,-2.6,16.6,63.0,29.6,15.0,50.1,12.0,0.5,0.6,0.4,-37.3,11.7,76.9,18.0,15.0,60.3,12.0,0.5,0.6,0.4,-1.25,0.0,2.91,0.59,13.0,2.26,12.0,0.6,0.6,0.5,-7.2,0.0,14.5,1.9,13.0,17.0,12.0,0.6,0.6,0.5,0.63,2.49,5.31,2.79,11.0,2.44,12.0,0.6,0.6,0.5,3.4,18.9,41.5,20.8,11.0,19.2,12.0,0.6,0.6,0.5,0.0,37.3,136.6,53.4,14.0,84.0,12.0,0.6,0.6,0.4,-76.8,27.1,148.4,34.4,14.0,93.8,12.0,0.6,0.6,0.4,0.0,16.8,73.6,32.5,12.0,47.8,12.0,0.6,0.6,0.4,-45.9,9.8,96.2,20.7,12.0,54.9,12.0,0.6,0.6,0.4,-1.4,7.5,12.9,2.8,11.0,14.8,12.0,0.6,0.6,0.5,-24.2,0.0,8.9,-2.9,11.0,24.7,12.0,0.6,0.6,0.5,69.0,551.5,911.0,665.5,15.0,671.0,12.0,0.5,0.6,0.4,70.0,550.0,910.0,665.0,15.0,670.0,12.0,0.5,0.6,0.4
1974,2,325.0,40.0,13.75,15.45,16.25,15.26,12.0,1.51,18.0,0.3,0.6,0.4,12.0,14.15,15.94,13.73,14.0,2.3,16.0,0.4,0.6,0.4,5.1,9.14,10.51,8.31,9.0,2.5,18.0,0.3,0.6,0.3,62.5,88.6,97.3,81.8,9.0,16.8,18.0,0.3,0.3,2.6,9.3,17.1,10.62,13.0,7.19,16.0,0.4,0.6,0.4,-0.24,3.18,17.07,5.98,13.0,8.74,16.0,0.4,0.6,0.4,-5.45,0.0,7.6,1.14,13.0,7.57,16.0,0.4,0.6,0.4,1008.24,1015.9,1030.0,1016.89,14.0,11.26,16.0,0.4,0.6,0.4,7.0,8.0,8.0,7.5,11.0,0.5,16.0,0.5,0.6,0.4,-0.6,29.6,291.9,113.6,13.0,178.8,16.0,0.4,0.6,0.4,-45.0,0.0,74.2,39.9,13.0,140.9,16.0,0.4,0.6,0.4,-1.3,1.6,3.4,1.24,12.0,2.66,18.0,0.3,0.6,0.4,-16.4,6.1,37.8,9.0,11.0,27.0,18.0,0.4,0.6,0.4,0.22,1.83,5.44,2.47,9.0,2.67,18.0,0.3,0.6,0.3,2.2,10.5,39.4,17.8,8.0,19.8,18.0,0.4,0.5,0.3,-4.2,38.8,193.4,81.6,13.0,128.0,16.0,0.4,0.6,0.4,-74.2,0.0,110.8,26.7,13.0,112.5,16.0,0.4,0.6,0.4,-21.9,16.6,57.2,32.0,8.0,86.7,18.0,0.4,0.5,0.3,-46.2,13.7,122.2,35.1,8.0,88.7,18.0,0.4,0.5,0.3,0.0,2.7,13.8,3.7,8.0,11.0,18.0,0.4,0.5,0.3,-36.1,0.7,6.3,-9.9,8.0,22.5,18.0,0.4,0.5,0.3,17.5,804.5,5001.0,2966.5,13.0,5270.0,16.0,0.4,0.6,0.4,20.0,805.0,5000.0,2965.0,13.0,5270.0,16.0,0.4,0.6,0.4
1974,2,325.0,41.0,13.38,14.0,15.41,14.37,11.0,1.04,14.0,0.5,0.5,0.4,11.0,11.5,14.83,12.4,12.0,2.06,14.0,0.4,0.5,0.4,4.59,6.33,7.52,6.37,8.0,1.87,16.0,0.3,0.5,0.4,59.8,74.4,92.4,74.4,8.0,16.9,16.0,0.3,0.4,3.47,9.65,15.23,9.07,12.0,6.02,14.0,0.4,0.5,0.4,-2.2,3.62,11.27,4.07,12.0,8.43,14.0,0.4,0.5,0.4,-4.53,1.32,5.03,1.16,12.0,5.94,14.0,0.4,0.5,0.4,1012.29,1016.95,1024.85,1018.14,12.0,7.43,14.0,0.4,0.5,0.4,3.0,6.5,8.0,5.6,12.0,2.5,14.0,0.4,0.5,0.4,-22.0,14.5,148.0,55.6,12.0,130.2,14.0,0.4,0.5,0.4,-43.2,5.3,56.9,11.3,12.0,88.9,14.0,0.4,0.5,0.4,-0.68,2.5,4.41,1.85,11.0,2.76,14.0,0.5,0.5,0.4,-11.8,10.8,36.6,11.5,11.0,31.1,14.0,0.5,0.5,0.4,2.96,3.58,5.69,3.82,8.0,1.94,16.0,0.3,0.5,0.4,16.0,24.2,66.1,33.1,8.0,25.7,16.0,0.3,0.5,0.4,-24.2,43.9,151.7,56.9,12.0,108.6,14.0,0.4,0.5,0.4,-53.1,16.0,62.1,19.7,12.0,82.3,14.0,0.4,0.5,0.4,0.3,17.1,56.6,20.9,8.0,54.6,16.0,0.3,0.5,0.4,-37.7,0.0,13.3,-11.1,8.0,30.6,16.0,0.3,0.5,0.4,0.4,10.6,62.4,19.4,8.0,34.3,16.0,0.3,0.5,0.4,-23.6,0.0,8.9,-4.1,8.0,17.0,16.0,0.3,0.5,0.4,42.5,902.0,3539.0,1673.5,12.0,2154.5,14.0,0.4,0.5,0.4,40.0,900.0,3540.0,1675.0,12.0,2155.0,14.0,0.4,0.5,0.4
1974,2,325.0,42.0,13.61,14.0,14.94,14.14,8.0,0.64,16.0,0.4,0.4,0.3,10.98,11.9,13.44,12.09,9.0,1.36,14.0,0.3,0.4,0.3,4.97,5.49,6.36,5.65,4.0,0.87,12.0,0.5,0.3,0.3,61.1,63.3,66.8,63.9,4.0,3.4,12.0,0.5,0.3,8.33,9.0,20.35,12.43,9.0,6.43,14.0,0.3,0.4,0.3,0.9,8.86,20.3,9.79,9.0,9.17,14.0,0.3,0.4,0.3,-2.78,0.0,5.04,-0.01,9.0,4.81,14.0,0.3,0.4,0.3,999.74,1010.5,1028.28,1012.9,8.0,12.65,16.0,0.4,0.4,0.3,5.1,7.5,8.0,6.6,8.0,1.8,14.0,0.4,0.4,0.3,12.2,79.8,433.9,169.8,9.0,221.1,14.0,0.3,0.4,0.3,-28.1,0.0,35.2,-4.3,9.0,42.5,14.0,0.3,0.4,0.3,1.43,2.2,3.48,2.16,8.0,1.2,16.0,0.4,0.4,0.3,11.8,21.6,33.0,24.1,8.0,17.9,16.0,0.4,0.4,0.3,3.7,4.13,4.62,4.16,4.0,0.54,12.0,0.5,0.3,0.3,44.8,70.5,98.8,71.7,4.0,34.2,12.0,0.5,0.3,0.3,13.1,97.3,231.2,118.8,9.0,119.0,14.0,0.3,0.4,0.3,-32.4,0.0,57.4,0.5,9.0,61.0,14.0,0.3,0.4,0.3,54.5,91.3,139.7,96.8,4.0,51.0,12.0,0.5,0.3,0.3,-14.3,-5.4,0.0,-7.1,4.0,8.6,12.0,0.5,0.3,0.3,43.3,70.1,98.8,71.0,4.0,35.1,12.0,0.5,0.3,0.3,-10.7,-5.0,0.0,-5.3,4.0,6.2,12.0,0.5,0.3,0.3,580.5,729.0,9582.0,3543.0,9.0,5290.0,14.0,0.3,0.4,0.3,580.0,730.0,9580.0,3545.0,9.0,5290.0,14.0,0.3,0.4,0.3
1974,2,325.0,43.0,12.18,13.1,15.01,13.57,13.0,1.45,16.0,0.8,0.6,0.4,10.22,13.5,14.58,12.7,15.0,2.27,18.0,0.8,0.6,0.4,6.0,7.21,9.46,7.8,13.0,1.81,16.0,0.8,0.6,0.4,76.8,88.3,97.1,85.9,13.0,9.5,16.0,0.8,0.4,7.7,11.3,15.4,11.42,15.0,4.24,18.0,0.8,0.6,0.4,0.0,3.98,7.3,3.34,15.0,6.56,18.0,0.8,0.6,0.4,-2.26,5.98,13.78,6.2,15.0,7.84,18.0,0.8,0.6,0.4,1008.43,1020.0,1026.16,1017.91,15.0,9.3,18.0,0.8,0.6,0.4,6.0,8.0,8.0,7.2,15.0,1.2,18.0,0.8,0.6,0.4,0.0,18.3,89.5,47.8,15.0,114.3,18.0,0.8,0.6,0.4,-12.6,73.7,202.7,89.5,15.0,101.4,18.0,0.8,0.6,0.4,-1.53,-0.5,4.71,1.11,13.0,2.99,16.0,0.8,0.6,0.4,-21.1,-3.8,33.3,8.4,13.0,31.8,16.0,0.8,0.6,0.4,-0.2,1.29,4.07,1.82,13.0,2.13,16.0,0.8,0.6,0.4,-2.3,13.9,24.2,17.7,13.0,26.0,16.0,0.8,0.6,0.4,0.0,45.0,106.8,38.5,15.0,75.8,18.0,0.8,0.6,0.4,-24.1,78.5,202.3,93.3,15.0,104.1,18.0,0.8,0.6,0.4,-4.8,0.0,42.5,16.9,13.0,45.2,16.0,0.8,0.6,0.4,-17.1,42.5,131.0,55.9,13.0,69.2,16.0,0.8,0.6,0.4,-0.7,0.0,17.9,9.9,13.0,23.2,16.0,0.8,0.6,0.4,-10.6,-2.1,10.9,-3.7,13.0,18.8,16.0,0.8,0.6,0.4,456.5,1443.0,3652.5,2091.0,15.0,2233.0,18.0,0.8,0.6,0.4,455.0,1445.0,3650.0,2090.0,15.0,2235.0,18.0,0.8,0.6,0.4
1974,2,325.0,44.0,12.92,13.55,14.43,13.64,12.0,0.82,14.0,0.5,0.7,0.2,9.31,13.0,14.57,12.13,16.0,2.53,14.0,0.6,0.7,0.2,5.5,6.21,9.47,6.95,13.0,1.84,14.0,0.5,0.7,0.2,61.8,85.5,92.0,79.8,13.0,13.3,14.0,0.5,0.2,6.89,13.1,16.89,12.46,16.0,4.88,14.0,0.6,0.7,0.2,2.38,7.14,13.13,7.64,16.0,6.12,14.0,0.6,0.7,0.2,-6.54,4.33,12.73,3.32,16.0,8.83,14.0,0.6,0.7,0.2,1005.47,1020.2,1025.22,1017.14,16.0,10.58,14.0,0.6,0.7,0.2,3.1,6.0,7.9,5.5,14.0,2.1,14.0,0.6,0.7,0.2,19.6,77.8,189.0,111.0,16.0,119.4,14.0,0.6,0.7,0.2,-75.9,24.9,189.1,57.0,16.0,130.4,14.0,0.6,0.7,0.2,-1.6,0.9,4.15,1.24,12.0,2.71,14.0,0.5,0.7,0.2,-16.3,11.1,39.5,11.4,12.0,28.8,14.0,0.5,0.7,0.2,-0.05,2.12,4.29,2.22,10.0,2.0,14.0,0.4,0.7,0.2,-1.0,21.4,44.3,22.7,10.0,22.0,14.0,0.4,0.7,0.2,26.3,87.5,154.2,92.6,16.0,75.2,14.0,0.6,0.7,0.2,-58.9,43.7,189.3,52.2,16.0,116.6,14.0,0.6,0.7,0.2,19.6,52.8,77.9,51.3,13.0,30.5,14.0,0.5,0.7,0.2,-56.9,22.4,115.6,22.7,13.0,69.7,14.0,0.5,0.7,0.2,-1.2,10.0,40.0,16.9,10.0,21.5,14.0,0.4,0.7,0.2,-11.3,0.1,20.2,4.1,10.0,16.1,14.0,0.4,0.7,0.2,328.5,2273.0,4849.5,2747.5,16.0,2514.0,14.0,0.6,0.7,0.2,330.0,2275.0,4850.0,2750.0,16.0,2515.0,14.0,0.6,0.7,0.2
1974,2,325.0,45.0,11.95,13.0,14.37,13.36,7.0,2.19,18.0,0.4,0.6,0.5,10.43,11.0,13.01,11.5,7.0,1.6,18.0,0.4,0.6,0.5,5.51,6.73,7.89,6.65,7.0,1.18,18.0,0.4,0.6,0.5,71.0,75.0,86.4,79.1,7.0,9.8,18.0,0.4,0.5,9.18,11.3,12.72,11.76,7.0,4.58,18.0,0.4,0.6,0.5,0.0,7.91,9.19,7.04,7.0,6.24,18.0,0.4,0.6,0.5,-6.83,-3.18,10.63,1.45,7.0,9.11,18.0,0.4,0.6,0.5,1012.69,1018.8,1024.42,1018.04,7.0,5.39,18.0,0.4,0.6,0.5,4.0,7.0,8.0,6.4,7.0,2.1,18.0,0.4,0.6,0.5,0.0,81.3,111.0,101.3,7.0,131.4,18.0,0.4,0.6,0.5,-48.3,-29.6,154.7,37.8,7.0,123.7,18.0,0.4,0.6,0.5,-1.24,2.0,4.04,1.86,7.0,2.58,18.0,0.4,0.6,0.5,-14.1,22.8,43.0,20.2,7.0,30.1,18.0,0.4,0.6,0.5,0.58,3.39,4.05,2.88,7.0,1.99,18.0,0.4,0.6,0.5,6.6,31.6,72.2,35.0,7.0,30.6,18.0,0.4,0.6,0.5,0.0,78.7,107.5,78.4,7.0,68.5,18.0,0.4,0.6,0.5,-74.8,-28.6,130.6,21.2,7.0,111.6,18.0,0.4,0.6,0.5,0.0,46.5,55.5,42.1,7.0,34.6,18.0,0.4,0.6,0.5,-51.3,-16.9,79.0,12.1,7.0,64.6,18.0,0.4,0.6,0.5,0.0,29.7,47.3,26.1,7.0,26.5,18.0,0.4,0.6,0.5,-18.1,-10.8,7.6,-6.7,7.0,28.5,18.0,0.4,0.6,0.5,780.5,1443.0,2221.0,2352.5,7.0,3159.5,18.0,0.4,0.6,0.5,780.0,1445.0,2220.0,2355.0,7.0,3160.0,18.0,0.4,0.6,0.5
1974,2,325.0,46.0,11.74,12.0,12.1,11.93,4.0,0.3,18.0,0.5,0.3,0.5,7.58,9.0,11.72,10.03,7.0,3.0,18.0,0.6,0.5,0.5,4.31,4.43,8.73,6.19,5.0,2.6,20.0,0.4,0.6,0.5,64.9,71.0,90.9,76.6,5.0,14.9,20.0,0.4,0.5,8.05,9.3,15.42,10.79,7.0,4.03,18.0,0.6,0.5,0.5,4.71,7.95,12.79,7.53,7.0,5.26,18.0,0.6,0.5,0.5,-5.36,-1.42,8.82,1.02,7.0,7.55,18.0,0.6,0.5,0.5,1006.19,1014.3,1020.07,1013.03,7.0,8.9,18.0,0.6,0.5,0.5,5.9,8.0,8.0,6.9,7.0,1.6,18.0,0.6,0.5,0.5,23.8,66.2,166.7,92.5,7.0,82.6,18.0,0.6,0.5,0.5,-67.0,-11.7,81.4,15.7,7.0,103.1,18.0,0.6,0.5,0.5,1.21,2.65,3.61,2.43,4.0,1.51,18.0,0.5,0.3,0.5,16.9,31.2,46.6,31.7,4.0,22.8,18.0,0.5,0.3,0.5,1.7,4.04,4.38,3.07,3.0,2.14,20.0,0.3,0.4,0.4,17.1,42.2,55.8,36.6,3.0,28.8,20.0,0.3,0.4,0.4,49.8,79.5,110.2,68.3,7.0,44.3,18.0,0.6,0.5,0.5,-41.1,-10.3,100.4,16.7,7.0,74.2,18.0,0.6,0.5,0.5,11.5,35.8,54.3,32.2,5.0,28.6,20.0,0.4,0.6,0.5,-25.6,-6.3,30.9,3.8,5.0,39.7,20.0,0.4,0.6,0.5,8.0,27.2,48.5,28.2,3.0,29.7,20.0,0.3,0.4,0.4,-28.8,-21.3,-3.1,-16.1,3.0,19.3,20.0,0.3,0.4,0.4,531.5,804.5,3670.0,1709.5,7.0,1584.0,18.0,0.6,0.5,0.5,530.0,805.0,3670.0,1710.0,7.0,1585.0,18.0,0.6,0.5,0.5
1974,2,325.0,47.0,10.63,11.1,11.81,11.16,9.0,0.69,16.0,0.3,0.6,0.3,7.44,8.8,10.29,8.55,10.0,2.2,14.0,0.4,0.6,0.3,4.54,6.45,7.81,6.19,8.0,1.7,12.0,0.5,0.6,0.3,70.2,89.6,99.3,84.7,8.0,17.5,12.0,0.5,0.3,9.51,12.05,14.23,12.02,10.0,3.01,14.0,0.4,0.6,0.3,-2.1,4.66,11.51,4.93,10.0,7.03,14.0,0.4,0.6,0.3,-4.85,6.29,12.12,4.92,10.0,8.14,14.0,0.4,0.6,0.3,997.81,1006.6,1014.14,1005.02,10.0,10.61,14.0,0.4,0.6,0.3,8.0,8.0,8.0,7.8,9.0,0.7,12.0,0.4,0.6,0.4,-25.4,52.5,160.5,73.2,10.0,108.9,14.0,0.4,0.6,0.3,-46.5,87.5,153.2,66.8,10.0,95.2,14.0,0.4,0.6,0.3,1.0,1.6,3.95,2.54,9.0,2.31,16.0,0.3,0.6,0.3,12.5,16.0,42.3,28.2,9.0,23.0,16.0,0.3,0.6,0.3,0.55,1.6,2.91,1.69,7.0,1.21,12.0,0.4,0.7,0.2,6.8,18.9,29.2,20.9,7.0,16.4,12.0,0.4,0.7,0.2,-22.2,34.8,93.2,35.9,10.0,59.4,14.0,0.4,0.6,0.3,-17.0,61.8,119.1,53.4,10.0,67.8,14.0,0.4,0.6,0.3,-17.2,25.9,54.1,17.5,8.0,37.2,12.0,0.5,0.6,0.3,2.3,57.0,86.3,43.0,8.0,52.0,12.0,0.5,0.6,0.3,-1.4,4.3,15.8,10.4,7.0,18.9,12.0,0.4,0.7,0.2,-1.2,6.9,18.8,5.4,7.0,16.1,12.0,0.4,0.7,0.2,863.0,1752.0,2882.5,2041.5,10.0,1574.0,14.0,0.4,0.6,0.3,865.0,1750.0,2880.0,2040.0,10.0,1575.0,14.0,0.4,0.6,0.3
1974,2,325.0,48.0,9.63,11.0,11.32,10.34,9.0,1.43,20.0,0.3,0.5,0.6,6.51,9.15,11.09,9.01,10.0,2.4,20.0,0.3,0.5,0.6,3.83,4.94,7.23,5.36,9.0,1.66,20.0,0.3,0.5,0.6,62.7,79.3,92.6,75.7,9.0,16.9,20.0,0.3,0.6,4.78,9.3,18.0,10.55,10.0,6.44,20.0,0.3,0.5,0.6,0.0,5.55,14.62,6.57,10.0,7.29,20.0,0.3,0.5,0.6,-3.25,4.08,9.3,3.91,10.0,6.85,20.0,0.3,0.5,0.6,999.61,1007.8,1019.4,1005.68,10.0,16.8,20.0,0.3,0.5,0.6,5.3,8.0,8.0,7.0,10.0,1.6,20.0,0.3,0.5,0.6,0.0,59.7,234.9,102.9,10.0,130.7,20.0,0.3,0.5,0.6,-42.3,25.6,100.4,49.6,10.0,108.0,20.0,0.3,0.5,0.6,0.15,1.5,3.83,1.78,9.0,2.07,20.0,0.3,0.5,0.6,0.3,3.9,45.0,18.4,9.0,31.4,20.0,0.3,0.5,0.6,1.23,3.16,3.58,2.52,9.0,1.23,20.0,0.3,0.5,0.6,8.9,11.0,51.3,25.6,9.0,26.9,20.0,0.3,0.5,0.6,0.0,48.8,99.8,49.7,10.0,52.1,20.0,0.3,0.5,0.6,-18.8,34.2,103.1,48.5,10.0,77.3,20.0,0.3,0.5,0.6,0.0,37.2,63.6,28.8,9.0,30.6,20.0,0.3,0.5,0.6,-13.5,9.7,60.6,17.4,9.0,34.7,20.0,0.3,0.5,0.6,0.0,7.1,48.2,20.6,9.0,29.2,20.0,0.3,0.5,0.6,-10.2,7.3,10.6,2.7,9.0,11.4,20.0,0.3,0.5,0.6,205.5,804.5,5832.0,2327.0,10.0,2719.0,20.0,0.3,0.5,0.6,205.0,805.0,5830.0,2325.0,10.0,2720.0,20.0,0.3,0.5,0.6
1974,2,325.0,49.0,8.39,11.45,12.0,10.25,4.0,2.81,14.0,0.3,0.7,0.4,3.9,8.25,10.87,7.67,6.0,3.93,14.0,0.3,0.6,0.5,5.4,7.13,8.23,6.85,5.0,1.73,14.0,0.2,0.7,0.5,87.9,97.3,97.4,93.2,5.0,6.1,14.0,0.2,0.5,18.26,21.35,22.83,20.57,6.0,3.08,14.0,0.3,0.6,0.5,-0.72,7.11,14.62,7.27,6.0,8.46,14.0,0.3,0.6,0.5,-13.35,5.08,20.6,3.52,6.0,19.16,14.0,0.3,0.6,0.5,981.28,982.7,1000.48,990.08,5.0,12.83,14.0,0.2,0.7,0.5,4.2,7.0,8.0,6.0,5.0,2.9,14.0,0.4,0.6,0.4,-14.5,149.1,254.3,146.0,6.0,179.3,14.0,0.3,0.6,0.5,-301.8,110.3,431.7,74.1,6.0,416.1,14.0,0.3,0.6,0.5,0.44,2.35,3.21,1.85,4.0,1.85,14.0,0.3,0.7,0.4,5.5,48.6,74.1,40.2,4.0,42.3,14.0,0.3,0.7,0.4,0.63,1.67,2.11,1.38,4.0,1.1,14.0,0.3,0.7,0.4,9.4,33.4,48.6,29.2,4.0,25.0,14.0,0.3,0.7,0.4,-7.5,48.6,63.6,33.7,6.0,44.0,14.0,0.3,0.6,0.5,-59.8,91.6,216.1,71.7,6.0,164.6,14.0,0.3,0.6,0.5,-10.0,46.2,58.2,27.1,5.0,38.8,14.0,0.2,0.7,0.5,-67.9,155.5,162.4,64.5,5.0,136.3,14.0,0.2,0.7,0.5,-0.6,9.1,19.3,9.4,4.0,11.5,14.0,0.3,0.7,0.4,-31.9,-7.4,21.2,-5.4,4.0,38.4,14.0,0.3,0.7,0.4,6197.0,9832.0,11908.5,9171.5,6.0,3614.0,14.0,0.3,0.6,0.5,6195.0,9830.0,11910.0,9170.0,6.0,3615.0,14.0,0.3,0.6,0.5
1974,2,325.0,50.0,9.52,10.0,13.0,11.23,3.0,2.76,12.0,0.7,0.3,0.6,5.68,6.5,8.21,6.93,3.0,1.89,12.0,0.7,0.3,0.6,3.93,4.57,5.11,4.52,3.0,0.86,12.0,0.7,0.3,0.6,65.1,76.0,79.8,72.5,3.0,11.2,12.0,0.7,0.6,15.56,15.9,17.33,16.43,3.0,1.38,12.0,0.7,0.3,0.6,6.57,14.94,16.84,11.78,3.0,8.01,12.0,0.7,0.3,0.6,-2.72,3.13,11.34,4.28,3.0,10.35,12.0,0.7,0.3,0.6,996.89,1001.8,1014.63,1005.67,3.0,13.42,12.0,0.7,0.3,0.6,6.3,7.0,7.7,7.0,3.0,1.0,12.0,0.7,0.3,0.6,103.5,237.6,293.2,199.3,3.0,142.8,12.0,0.7,0.3,0.6,-41.2,56.3,177.3,67.8,3.0,160.3,12.0,0.7,0.3,0.6,1.95,4.0,6.66,4.3,3.0,3.46,12.0,0.7,0.3,0.6,33.4,72.0,108.6,71.0,3.0,55.1,12.0,0.7,0.3,0.6,2.39,2.81,5.44,3.89,3.0,2.42,12.0,0.7,0.3,0.6,39.1,50.6,88.3,63.4,3.0,37.7,12.0,0.7,0.3,0.6,46.2,94.0,96.1,71.7,3.0,41.3,12.0,0.7,0.3,0.6,-18.9,16.6,98.4,39.2,3.0,88.1,12.0,0.7,0.3,0.6,27.0,54.2,72.6,49.9,3.0,33.6,12.0,0.7,0.3,0.6,-8.9,14.3,60.0,25.3,3.0,51.4,12.0,0.7,0.3,0.6,19.8,49.9,83.7,51.7,3.0,46.8,12.0,0.7,0.3,0.6,-21.9,8.8,25.5,1.9,3.0,35.2,12.0,0.7,0.3,0.6,3769.0,4019.5,5257.0,4501.5,3.0,1167.0,12.0,0.7,0.3,0.6,3770.0,4020.0,5255.0,4500.0,3.0,1165.0,12.0,0.7,0.3,0.6
1974,2,325.0,51.0,6.07,7.4,9.05,7.55,4.0,1.95,20.0,0.5,0.6,0.5,3.07,5.5,7.97,5.52,5.0,2.62,22.0,0.6,0.6,0.5,3.99,4.43,5.69,4.83,5.0,1.1,22.0,0.6,0.6,0.5,79.6,83.1,90.0,84.8,5.0,6.4,22.0,0.6,0.5,6.54,12.3,14.77,10.48,5.0,6.18,22.0,0.6,0.6,0.5,0.0,6.62,10.92,5.91,5.0,5.93,22.0,0.6,0.6,0.5,-7.9,0.0,8.75,0.91,5.0,9.77,22.0,0.6,0.6,0.5,1004.29,1010.2,1017.68,1010.44,5.0,8.62,22.0,0.6,0.6,0.5,6.6,7.0,8.0,7.2,5.0,0.8,22.0,0.6,0.6,0.5,0.0,68.2,144.7,75.8,5.0,82.7,22.0,0.6,0.6,0.5,-87.1,0.0,131.6,25.9,5.0,136.0,22.0,0.6,0.6,0.5,0.3,1.85,2.66,1.5,4.0,1.55,20.0,0.5,0.6,0.5,-4.8,9.4,27.6,11.3,4.0,20.0,20.0,0.5,0.6,0.5,0.81,1.62,2.11,1.47,4.0,1.02,20.0,0.5,0.6,0.5,0.7,10.5,21.8,11.2,4.0,12.2,20.0,0.5,0.6,0.5,0.0,22.5,42.1,24.1,5.0,30.4,22.0,0.6,0.6,0.5,-22.3,0.0,65.6,22.6,5.0,64.9,22.0,0.6,0.6,0.5,0.0,26.6,45.4,24.7,5.0,25.6,22.0,0.6,0.6,0.5,-31.3,0.0,50.9,12.1,5.0,54.7,22.0,0.6,0.6,0.5,0.0,7.5,18.8,9.3,4.0,11.2,20.0,0.5,0.6,0.5,-6.6,0.7,4.9,-0.8,4.0,8.7,20.0,0.5,0.6,0.5,693.5,1861.0,3229.5,1918.5,5.0,1458.5,22.0,0.6,0.6,0.5,695.0,1860.0,3230.0,1920.0,5.0,1460.0,22.0,0.6,0.6,0.5
1974,2,325.0,52.0,5.79,7.5,9.21,7.5,2.0,3.54,24.0,0.5,0.2,0.5,4.41,7.0,9.25,6.83,3.0,3.55,24.0,0.3,0.3,0.6,2.36,2.94,3.53,2.94,2.0,1.22,24.0,0.5,0.2,0.5,40.8,56.5,72.2,56.5,2.0,32.5,24.0,0.5,0.5,10.18,13.35,16.52,13.35,2.0,6.58,28.0,0.0,0.3,0.8,9.89,12.74,15.59,12.74,2.0,5.9,28.0,0.0,0.3,0.8,-5.42,-3.83,-2.25,-3.83,2.0,3.28,28.0,0.0,0.3,0.8,1006.61,1007.5,1011.73,1009.13,3.0,4.01,24.0,0.3,0.3,0.6,4.3,7.0,7.7,6.0,3.0,2.6,24.0,0.3,0.3,0.6,111.0,189.5,268.0,189.5,2.0,162.6,28.0,0.0,0.3,0.8,-95.3,-62.0,-28.6,-62.0,2.0,69.1,28.0,0.0,0.3,0.8,1.99,2.4,2.81,2.4,2.0,0.85,24.0,0.5,0.2,0.5,32.4,32.4,32.4,32.4,1.0,0.0,28.0,0.0,0.2,0.9,2.25,3.6,4.94,3.6,2.0,2.78,24.0,0.5,0.2,0.5,29.3,29.3,29.3,29.3,1.0,0.0,28.0,0.0,0.2,0.9,59.5,71.2,82.8,71.2,2.0,24.1,28.0,0.0,0.3,0.8,-19.0,-17.6,-16.2,-17.6,2.0,2.9,28.0,0.0,0.3,0.8,64.3,64.3,64.3,64.3,1.0,0.0,28.0,0.0,0.2,0.9,-23.4,-23.4,-23.4,-23.4,1.0,0.0,28.0,0.0,0.2,0.9,27.6,27.6,27.6,27.6,1.0,0.0,28.0,0.0,0.2,0.9,-10.0,-10.0,-10.0,-10.0,1.0,0.0,28.0,0.0,0.2,0.9,1479.5,3245.5,5011.0,3245.5,2.0,3658.0,28.0,0.0,0.3,0.8,1480.0,3245.0,5010.0,3245.0,2.0,3660.0,28.0,0.0,0.3,0.8
1974,2,325.0,53.0,5.79,6.3,6.71,6.27,6.0,0.82,16.0,0.7,0.4,0.2,4.77,6.25,6.77,5.96,8.0,1.24,16.0,0.6,0.4,0.2,4.32,5.08,5.67,4.96,5.0,0.88,16.0,0.6,0.5,0.3,76.5,86.0,91.8,84.1,5.0,9.1,16.0,0.6,0.3,5.1,7.45,12.78,8.48,8.0,3.86,16.0,0.6,0.4,0.2,-3.04,0.78,4.97,0.93,8.0,5.22,16.0,0.6,0.4,0.2,-9.76,1.64,5.97,-0.13,8.0,8.29,16.0,0.6,0.4,0.2,987.28,1000.2,1004.37,997.21,8.0,8.8,16.0,0.6,0.4,0.2,4.4,8.0,8.0,7.0,8.0,1.9,16.0,0.6,0.4,0.2,-28.4,3.5,26.0,9.8,8.0,54.3,16.0,0.6,0.4,0.2,-132.8,8.4,43.2,-11.8,8.0,99.8,16.0,0.6,0.4,0.2,-0.3,0.05,1.75,0.72,6.0,1.49,16.0,0.7,0.4,0.2,-3.7,0.7,17.0,4.7,6.0,10.0,16.0,0.7,0.4,0.2,0.67,1.32,2.41,1.53,3.0,1.29,18.0,0.7,0.5,0.2,6.5,9.5,13.2,9.8,3.0,4.9,18.0,0.7,0.5,0.2,-19.1,4.9,25.1,2.3,8.0,32.1,16.0,0.6,0.4,0.2,-52.0,10.7,37.7,4.6,8.0,47.8,16.0,0.6,0.4,0.2,-3.3,18.3,30.5,12.8,5.0,31.0,16.0,0.6,0.5,0.3,-19.8,18.3,25.0,3.2,5.0,33.9,16.0,0.6,0.5,0.3,3.8,4.8,11.6,7.6,3.0,6.3,18.0,0.7,0.5,0.2,-2.7,0.0,5.6,1.4,3.0,6.2,18.0,0.7,0.5,0.2,132.5,415.0,2091.0,955.0,8.0,1043.0,16.0,0.6,0.4,0.2,135.0,415.0,2090.0,955.0,8.0,1045.0,16.0,0.6,0.4,0.2
1974,2,325.0,55.0,,,,,,,,,,,,,,,,,,,,,,,,,,,,,,,,,,,,,,,,8.27,12.3,13.0,10.86,5.0,2.72,14.0,0.2,0.5,0.5,-0.01,6.5,6.64,3.79,5.0,4.06,14.0,0.2,0.5,0.5,6.49,11.26,11.57,9.46,5.0,2.9,14.0,0.2,0.5,0.5,990.85,1002.3,1006.75,999.32,5.0,8.49,14.0,0.2,0.5,0.5,,,,,,,,,,,,,,,,,,,,,,,,,,,,,,,,,,,,,,,,,,,,,,,,,,,,,,,,,,,,,,,,,,,,,,,,,,,,,,,,,,,,,,,,,,,,,,,,,,,,,,,,,,,,,,,,,,,,,,,,,,,,,,,,,,,,,,,,,,,,,,,,,,,,,,
1974,2,325.0,56.0,,,,,,,,,,,,,,,,,,,,,,,,,,,,,,,,,,,,,,,,7.9,10.9,11.9,9.95,4.0,2.78,8.0,0.8,0.7,0.5,4.76,10.9,11.81,8.4,4.0,5.67,8.0,0.8,0.7,0.5,-1.09,0.0,3.14,0.98,4.0,3.49,8.0,0.8,0.7,0.5,993.87,999.0,1007.17,1000.45,4.0,9.67,8.0,0.8,0.7,0.5,,,,,,,,,,,,,,,,,,,,,,,,,,,,,,,,,,,,,,,,,,,,,,,,,,,,,,,,,,,,,,,,,,,,,,,,,,,,,,,,,,,,,,,,,,,,,,,,,,,,,,,,,,,,,,,,,,,,,,,,,,,,,,,,,,,,,,,,,,,,,,,,,,,,,,
1974,2,325.0,57.0,,,,,,,,,,,,,,,,,,,,,,,,,,,,,,,,,,,,,,,,8.33,14.15,19.62,13.87,6.0,7.02,12.0,0.8,0.4,0.6,-16.99,-5.98,-3.09,-8.84,6.0,7.1,12.0,0.8,0.4,0.6,-9.81,-7.12,0.7,-3.34,6.0,11.06,12.0,0.8,0.4,0.6,991.82,997.75,1003.49,997.22,6.0,6.6,12.0,0.8,0.4,0.6,,,,,,,,,,,,,,,,,,,,,,,,,,,,,,,,,,,,,,,,,,,,,,,,,,,,,,,,,,,,,,,,,,,,,,,,,,,,,,,,,,,,,,,,,,,,,,,,,,,,,,,,,,,,,,,,,,,,,,,,,,,,,,,,,,,,,,,,,,,,,,,,,,,,,,
1974,2,325.0,58.0,5.1,5.3,5.71,5.4,4.0,0.43,14.0,0.5,0.6,0.4,1.86,3.0,7.47,4.17,6.0,2.95,16.0,0.7,0.5,0.4,3.79,3.79,3.79,3.79,1.0,0.0,20.0,0.0,0.3,0.2,90.4,90.4,90.4,90.4,1.0,0.0,20.0,0.0,0.2,9.96,12.7,16.14,13.27,6.0,3.88,16.0,0.7,0.5,0.4,-5.67,7.33,10.64,3.59,6.0,10.84,16.0,0.7,0.5,0.4,-9.83,1.71,5.7,-0.02,6.0,9.66,16.0,0.7,0.5,0.4,992.7,999.55,1008.13,999.57,6.0,8.45,16.0,0.7,0.5,0.4,5.8,8.0,8.0,7.2,6.0,1.3,16.0,0.7,0.5,0.4,-83.2,87.5,123.5,32.8,6.0,174.1,16.0,0.7,0.5,0.4,-119.5,17.1,73.2,-5.2,6.0,150.9,16.0,0.7,0.5,0.4,-2.4,0.6,3.19,0.4,4.0,3.37,14.0,0.5,0.6,0.4,-23.9,6.1,42.9,9.3,4.0,41.6,14.0,0.5,0.6,0.4,1.74,1.74,1.74,1.74,1.0,0.0,20.0,0.0,0.3,0.2,26.8,26.8,26.8,26.8,1.0,0.0,20.0,0.0,0.3,0.2,-28.2,17.5,40.9,13.0,6.0,43.9,16.0,0.7,0.5,0.4,-42.8,5.1,20.9,-7.5,6.0,36.6,16.0,0.7,0.5,0.4,20.0,20.0,20.0,20.0,1.0,0.0,20.0,0.0,0.3,0.2,54.8,54.8,54.8,54.8,1.0,0.0,20.0,0.0,0.3,0.2,9.2,9.2,9.2,9.2,1.0,0.0,20.0,0.0,0.3,0.2,25.2,25.2,25.2,25.2,1.0,0.0,20.0,0.0,0.3,0.2,988.0,2326.0,4314.5,2851.0,6.0,2360.0,16.0,0.7,0.5,0.4,990.0,2325.0,4315.0,2850.0,6.0,2360.0,16.0,0.7,0.5,0.4
1974,2,325.0,59.0,,,,,,,,,,,,,,,,,,,,,,,,,,,,,,,,,,,,,,,,19.0,19.0,19.0,19.0,1.0,0.0,28.0,1.0,0.5,0.4,18.71,18.71,18.71,18.71,1.0,0.0,28.0,1.0,0.5,0.4,-3.3,-3.3,-3.3,-3.3,1.0,0.0,28.0,1.0,0.5,0.4,992.5,992.5,992.5,992.5,1.0,0.0,28.0,1.0,0.5,0.4,,,,,,,,,,,,,,,,,,,,,,,,,,,,,,,,,,,,,,,,,,,,,,,,,,,,,,,,,,,,,,,,,,,,,,,,,,,,,,,,,,,,,,,,,,,,,,,,,,,,,,,,,,,,,,,,,,,,,,,,,,,,,,,,,,,,,,,,,,,,,,,,,,,,,,
1974,2,325.0,60.0,4.13,4.4,4.67,4.4,2.0,0.57,8.0,0.5,0.8,0.1,0.99,1.4,1.81,1.4,2.0,0.85,8.0,0.5,0.8,0.1,3.39,3.58,3.76,3.58,2.0,0.39,8.0,0.5,0.8,0.1,77.9,84.6,91.3,84.6,2.0,13.8,8.0,0.5,0.1,8.65,12.85,17.05,12.85,2.0,8.7,8.0,0.5,0.8,0.1,-13.24,-10.43,-7.61,-10.43,2.0,5.84,8.0,0.5,0.8,0.1,-9.91,-4.96,-0.01,-4.96,2.0,10.26,8.0,0.5,0.8,0.1,995.53,997.75,999.97,997.75,2.0,4.6,8.0,0.5,0.8,0.1,7.2,7.5,7.8,7.5,2.0,0.7,8.0,0.5,0.8,0.1,-239.3,-159.4,-79.4,-159.4,2.0,165.7,8.0,0.5,0.8,0.1,-192.8,-108.3,-23.9,-108.3,2.0,174.9,8.0,0.5,0.8,0.1,2.32,3.0,3.68,3.0,2.0,1.41,8.0,0.5,0.8,0.1,23.3,44.7,66.1,44.7,2.0,44.3,8.0,0.5,0.8,0.1,1.61,1.68,1.75,1.68,2.0,0.15,8.0,0.5,0.8,0.1,14.8,20.9,27.0,20.9,2.0,12.6,8.0,0.5,0.8,0.1,-12.4,-12.1,-11.8,-12.1,2.0,0.7,8.0,0.5,0.8,0.1,-7.5,-2.6,2.3,-2.6,2.0,10.1,8.0,0.5,0.8,0.1,-50.4,-38.4,-26.4,-38.4,2.0,24.9,8.0,0.5,0.8,0.1,-38.3,-19.7,-1.1,-19.7,2.0,38.6,8.0,0.5,0.8,0.1,-21.0,-17.1,-13.1,-17.1,2.0,8.2,8.0,0.5,0.8,0.1,-15.5,-7.6,0.4,-7.6,2.0,16.5,8.0,0.5,0.8,0.1,1341.5,3580.0,5818.0,3580.0,2.0,4637.5,8.0,0.5,0.8,0.1,1340.0,3580.0,5820.0,3580.0,2.0,4635.0,8.0,0.5,0.8,0.1
1974,2,326.0,-71.0,,,,,,,,,,,,,,,,,,,,,,,,,,,,,,,,,,,,,,,,2.6,2.6,2.6,2.6,1.0,0.0,12.0,1.0,0.1,0.3,1.3,1.3,1.3,1.3,1.0,0.0,12.0,1.0,0.1,0.3,2.25,2.25,2.25,2.25,1.0,0.0,12.0,1.0,0.1,0.3,985.4,985.4,985.4,985.4,1.0,0.0,12.0,1.0,0.1,0.3,,,,,,,,,,,,,,,,,,,,,,,,,,,,,,,,,,,,,,,,,,,,,,,,,,,,,,,,,,,,,,,,,,,,,,,,,,,,,,,,,,,,,,,,,,,,,,,,,,,,,,,,,,,,,,,,,,,,,,,,,,,,,,,,,,,,,,,,,,,,,,,,,,,,,,
1974,2,326.0,-67.0,0.5,0.5,0.5,0.5,1.0,0.0,24.0,0.0,0.8,1.0,-0.2,-0.2,-0.2,-0.2,1.0,0.0,24.0,0.0,0.8,1.0,3.03,3.03,3.03,3.03,1.0,0.0,24.0,0.0,0.8,1.0,80.2,80.2,80.2,80.2,1.0,0.0,24.0,0.0,1.0,,,,,,,,,,,,,,,,,,,,,,,,,,,,,,,,,,,,,,,,,,,,,,,,,,,,,,,,,,,,,,,,,,,,,,,,,,,,,,,,,,,,,,,,,,,,,,,,,,,,,,,,,,,,,,,,,,,,,,,,,,,,,,,,,,,,,,,,,,,,,,,,,,,,,,,,,,,,,,,,,,,,,,,,,,,,,,,,,,,,,,,,,,,,,,
1974,2,326.0,-55.0,2.4,2.4,2.4,2.4,1.0,0.0,22.0,0.0,0.7,0.4,3.0,3.0,3.0,3.0,1.0,0.0,22.0,0.0,0.7,0.4,3.77,3.77,3.77,3.77,1.0,0.0,22.0,0.0,0.7,0.4,80.1,80.1,80.1,80.1,1.0,0.0,22.0,0.0,0.4,12.0,12.0,12.0,12.0,1.0,0.0,22.0,0.0,0.7,0.4,10.39,10.39,10.39,10.39,1.0,0.0,22.0,0.0,0.7,0.4,6.0,6.0,6.0,6.0,1.0,0.0,22.0,0.0,0.7,0.4,1006.9,1006.9,1006.9,1006.9,1.0,0.0,22.0,0.0,0.7,0.4,0.0,0.0,0.0,0.0,1.0,0.0,22.0,0.0,0.7,0.4,124.7,124.7,124.7,124.7,1.0,0.0,22.0,0.0,0.7,0.4,72.0,72.0,72.0,72.0,1.0,0.0,22.0,0.0,0.7,0.4,-0.6,-0.6,-0.6,-0.6,1.0,0.0,22.0,0.0,0.7,0.4,-7.2,-7.2,-7.2,-7.2,1.0,0.0,22.0,0.0,0.7,0.4,0.74,0.74,0.74,0.74,1.0,0.0,22.0,0.0,0.7,0.4,8.9,8.9,8.9,8.9,1.0,0.0,22.0,0.0,0.7,0.4,31.2,31.2,31.2,31.2,1.0,0.0,22.0,0.0,0.7,0.4,18.0,18.0,18.0,18.0,1.0,0.0,22.0,0.0,0.7,0.4,39.2,39.2,39.2,39.2,1.0,0.0,22.0,0.0,0.7,0.4,22.6,22.6,22.6,22.6,1.0,0.0,22.0,0.0,0.7,0.4,7.7,7.7,7.7,7.7,1.0,0.0,22.0,0.0,0.7,0.4,4.5,4.5,4.5,4.5,1.0,0.0,22.0,0.0,0.7,0.4,1728.0,1728.0,1728.0,1728.0,1.0,0.0,22.0,0.0,0.7,0.4,1730.0,1730.0,1730.0,1730.0,1.0,0.0,22.0,0.0,0.7,0.4
1974,2,326.0,-49.0,,,,,,,,,,,,,,,,,,,,,,,,,,,,,,,,,,,,,,,,5.0,5.0,5.0,5.0,1.0,0.0,16.0,0.0,0.8,0.3,4.7,4.7,4.7,4.7,1.0,0.0,16.0,0.0,0.8,0.3,-1.71,-1.71,-1.71,-1.71,1.0,0.0,16.0,0.0,0.8,0.3,1005.4,1005.4,1005.4,1005.4,1.0,0.0,16.0,0.0,0.8,0.3,,,,,,,,,,,,,,,,,,,,,,,,,,,,,,,,,,,,,,,,,,,,,,,,,,,,,,,,,,,,,,,,,,,,,,,,,,,,,,,,,,,,,,,,,,,,,,,,,,,,,,,,,,,,,,,,,,,,,,,,,,,,,,,,,,,,,,,,,,,,,,,,,,,,,,
1974,2,326.0,-46.0,10.1,10.1,10.1,10.1,1.0,0.0,18.0,0.0,0.1,0.2,9.0,9.0,9.0,9.0,1.0,0.0,18.0,0.0,0.1,0.2,4.78,4.78,4.78,4.78,1.0,0.0,18.0,0.0,0.1,0.2,67.5,67.5,67.5,67.5,1.0,0.0,18.0,0.0,0.2,7.0,7.0,7.0,7.0,1.0,0.0,18.0,0.0,0.1,0.2,1.22,1.22,1.22,1.22,1.0,0.0,18.0,0.0,0.1,0.2,6.89,6.89,6.89,6.89,1.0,0.0,18.0,0.0,0.1,0.2,1014.7,1014.7,1014.7,1014.7,1.0,0.0,18.0,0.0,0.1,0.2,7.0,7.0,7.0,7.0,1.0,0.0,18.0,0.0,0.1,0.2,8.5,8.5,8.5,8.5,1.0,0.0,18.0,0.0,0.1,0.2,48.3,48.3,48.3,48.3,1.0,0.0,18.0,0.0,0.1,0.2,1.1,1.1,1.1,1.1,1.0,0.0,18.0,0.0,0.1,0.2,7.7,7.7,7.7,7.7,1.0,0.0,18.0,0.0,0.1,0.2,2.86,2.86,2.86,2.86,1.0,0.0,18.0,0.0,0.1,0.2,20.0,20.0,20.0,20.0,1.0,0.0,18.0,0.0,0.1,0.2,10.9,10.9,10.9,10.9,1.0,0.0,18.0,0.0,0.1,0.2,62.0,62.0,62.0,62.0,1.0,0.0,18.0,0.0,0.1,0.2,5.8,5.8,5.8,5.8,1.0,0.0,18.0,0.0,0.1,0.2,33.0,33.0,33.0,33.0,1.0,0.0,18.0,0.0,0.1,0.2,3.5,3.5,3.5,3.5,1.0,0.0,18.0,0.0,0.1,0.2,19.7,19.7,19.7,19.7,1.0,0.0,18.0,0.0,0.1,0.2,343.0,343.0,343.0,343.0,1.0,0.0,18.0,0.0,0.1,0.2,345.0,345.0,345.0,345.0,1.0,0.0,18.0,0.0,0.1,0.2
1974,2,326.0,-45.0,11.02,11.05,11.08,11.05,2.0,0.07,16.0,1.0,0.2,0.3,10.85,10.95,11.05,10.95,2.0,0.21,16.0,1.0,0.2,0.3,6.39,6.43,6.47,6.43,2.0,0.08,16.0,1.0,0.2,0.3,77.9,79.0,80.1,79.0,2.0,2.3,16.0,1.0,0.3,9.0,9.0,9.0,9.0,1.0,0.0,16.0,1.0,0.2,0.1,-1.56,-1.56,-1.56,-1.56,1.0,0.0,16.0,1.0,0.2,0.1,8.86,8.86,8.86,8.86,1.0,0.0,16.0,1.0,0.2,0.1,1005.91,1007.0,1008.09,1007.0,2.0,2.26,16.0,1.0,0.2,0.3,0.3,1.0,1.7,1.0,2.0,1.4,16.0,1.0,0.2,0.3,-14.1,-14.1,-14.1,-14.1,1.0,0.0,16.0,1.0,0.2,0.1,79.8,79.8,79.8,79.8,1.0,0.0,16.0,1.0,0.2,0.1,0.03,0.1,0.17,0.1,2.0,0.14,16.0,1.0,0.2,0.3,1.8,1.8,1.8,1.8,1.0,0.0,16.0,1.0,0.2,0.1,1.71,1.77,1.84,1.77,2.0,0.14,16.0,1.0,0.2,0.3,15.1,15.1,15.1,15.1,1.0,0.0,16.0,1.0,0.2,0.1,-16.9,-16.9,-16.9,-16.9,1.0,0.0,16.0,1.0,0.2,0.1,95.7,95.7,95.7,95.7,1.0,0.0,16.0,1.0,0.2,0.1,-10.1,-10.1,-10.1,-10.1,1.0,0.0,16.0,1.0,0.2,0.1,57.5,57.5,57.5,57.5,1.0,0.0,16.0,1.0,0.2,0.1,-2.6,-2.6,-2.6,-2.6,1.0,0.0,16.0,1.0,0.2,0.1,14.9,14.9,14.9,14.9,1.0,0.0,16.0,1.0,0.2,0.1,729.0,729.0,729.0,729.0,1.0,0.0,16.0,1.0,0.2,0.1,730.0,730.0,730.0,730.0,1.0,0.0,16.0,1.0,0.2,0.1
1974,2,326.0,-44.0,12.0,12.0,12.0,12.0,1.0,0.0,16.0,0.0,0.5,0.3,12.4,12.4,12.4,12.4,1.0,0.0,16.0,0.0,0.5,0.3,7.58,7.58,7.58,7.58,1.0,0.0,16.0,0.0,0.5,0.3,84.1,84.1,84.1,84.1,1.0,0.0,16.0,0.0,0.3,2.0,2.0,2.0,2.0,1.0,0.0,16.0,0.0,0.5,0.3,1.88,1.88,1.88,1.88,1.0,0.0,16.0,0.0,0.5,0.3,-0.68,-0.68,-0.68,-0.68,1.0,0.0,16.0,0.0,0.5,0.3,1003.3,1003.3,1003.3,1003.3,1.0,0.0,16.0,0.0,0.5,0.3,5.0,5.0,5.0,5.0,1.0,0.0,16.0,0.0,0.5,0.3,3.8,3.8,3.8,3.8,1.0,0.0,16.0,0.0,0.5,0.3,-1.4,-1.4,-1.4,-1.4,1.0,0.0,16.0,0.0,0.5,0.3,-0.4,-0.4,-0.4,-0.4,1.0,0.0,16.0,0.0,0.5,0.3,-0.8,-0.8,-0.8,-0.8,1.0,0.0,16.0,0.0,0.5,0.3,1.2,1.2,1.2,1.2,1.0,0.0,16.0,0.0,0.5,0.3,2.4,2.4,2.4,2.4,1.0,0.0,16.0,0.0,0.5,0.3,23.3,23.3,23.3,23.3,1.0,0.0,16.0,0.0,0.5,0.3,-8.5,-8.5,-8.5,-8.5,1.0,0.0,16.0,0.0,0.5,0.3,14.2,14.2,14.2,14.2,1.0,0.0,16.0,0.0,0.5,0.3,-5.2,-5.2,-5.2,-5.2,1.0,0.0,16.0,0.0,0.5,0.3,2.3,2.3,2.3,2.3,1.0,0.0,16.0,0.0,0.5,0.3,-0.8,-0.8,-0.8,-0.8,1.0,0.0,16.0,0.0,0.5,0.3,8.0,8.0,8.0,8.0,1.0,0.0,16.0,0.0,0.5,0.3,10.0,10.0,10.0,10.0,1.0,0.0,16.0,0.0,0.5,0.3
1974,2,326.0,-43.0,14.62,15.1,16.06,15.33,3.0,1.07,16.0,0.7,0.7,0.5,13.91,15.0,15.89,14.9,3.0,1.45,16.0,0.7,0.7,0.5,7.9,8.86,9.81,8.86,2.0,1.98,16.0,0.5,0.9,0.5,79.5,83.1,86.8,83.1,2.0,7.6,16.0,0.5,0.5,7.16,11.8,11.94,9.6,3.0,3.98,16.0,0.7,0.7,0.5,6.45,10.22,10.34,8.44,3.0,3.24,16.0,0.7,0.7,0.5,0.71,5.9,5.97,3.4,3.0,4.42,16.0,0.7,0.7,0.5,1003.3,1004.6,1005.15,1004.23,3.0,1.39,16.0,0.7,0.7,0.5,5.3,6.0,6.7,6.0,3.0,1.0,16.0,0.7,0.7,0.5,54.3,120.6,123.4,89.6,3.0,57.3,16.0,0.7,0.7,0.5,16.3,69.6,71.2,44.4,3.0,45.8,16.0,0.7,0.7,0.5,0.13,0.2,0.75,0.43,3.0,0.49,16.0,0.7,0.7,0.5,1.6,2.4,4.2,2.9,3.0,2.0,16.0,0.7,0.7,0.5,1.7,2.14,2.59,2.14,2.0,0.92,16.0,0.5,0.9,0.5,14.6,15.9,17.3,15.9,2.0,2.8,16.0,0.5,0.9,0.5,91.6,153.3,164.3,128.5,3.0,57.4,16.0,0.7,0.7,0.5,12.4,88.5,94.8,54.5,3.0,67.2,16.0,0.7,0.7,0.5,46.4,70.8,95.3,70.8,2.0,50.6,16.0,0.5,0.9,0.5,-1.0,24.4,49.8,24.4,2.0,52.5,16.0,0.5,0.9,0.5,13.5,14.3,15.1,14.3,2.0,1.7,16.0,0.5,0.9,0.5,-2.6,2.1,6.8,2.1,2.0,9.7,16.0,0.5,0.9,0.5,607.0,1643.0,1701.0,1165.5,3.0,902.0,16.0,0.7,0.7,0.5,605.0,1645.0,1700.0,1165.0,3.0,900.0,16.0,0.7,0.7,0.5
1974,2,326.0,-42.0,17.65,18.2,18.75,18.2,2.0,1.13,16.0,0.0,0.8,0.5,16.32,17.0,17.68,17.0,2.0,1.41,16.0,0.0,0.8,0.5,10.61,10.79,10.97,10.79,2.0,0.37,16.0,0.0,0.8,0.5,86.4,88.7,90.9,88.7,2.0,4.7,16.0,0.0,0.5,12.0,12.0,12.0,12.0,1.0,0.0,16.0,0.0,1.0,0.9,9.19,9.19,9.19,9.19,1.0,0.0,16.0,0.0,1.0,0.9,-7.71,-7.71,-7.71,-7.71,1.0,0.0,16.0,0.0,1.0,0.9,998.46,999.65,1000.84,999.65,2.0,2.47,16.0,0.0,0.8,0.5,0.5,1.5,2.5,1.5,2.0,2.1,16.0,0.0,0.8,0.5,110.3,110.3,110.3,110.3,1.0,0.0,16.0,0.0,1.0,0.9,-92.6,-92.6,-92.6,-92.6,1.0,0.0,16.0,0.0,1.0,0.9,-0.03,1.2,2.43,1.2,2.0,2.55,16.0,0.0,0.8,0.5,-7.2,-7.2,-7.2,-7.2,1.0,0.0,16.0,0.0,1.0,0.9,1.73,2.38,3.03,2.38,2.0,1.34,16.0,0.0,0.8,0.5,17.2,17.2,17.2,17.2,1.0,0.0,16.0,0.0,1.0,0.9,165.5,165.5,165.5,165.5,1.0,0.0,16.0,0.0,1.0,0.9,-138.8,-138.8,-138.8,-138.8,1.0,0.0,16.0,0.0,1.0,0.9,101.6,101.6,101.6,101.6,1.0,0.0,16.0,0.0,1.0,0.9,-85.3,-85.3,-85.3,-85.3,1.0,0.0,16.0,0.0,1.0,0.9,13.2,13.2,13.2,13.2,1.0,0.0,16.0,0.0,1.0,0.9,-11.1,-11.1,-11.1,-11.1,1.0,0.0,16.0,0.0,1.0,0.9,1728.0,1728.0,1728.0,1728.0,1.0,0.0,16.0,0.0,1.0,0.9,1730.0,1730.0,1730.0,1730.0,1.0,0.0,16.0,0.0,1.0,0.9
1974,2,326.0,-37.0,22.6,22.6,22.6,22.6,1.0,0.0,16.0,1.0,0.6,0.9,20.8,20.8,20.8,20.8,1.0,0.0,16.0,1.0,0.6,0.9,8.59,8.59,8.59,8.59,1.0,0.0,16.0,1.0,0.6,0.9,56.3,56.3,56.3,56.3,1.0,0.0,16.0,1.0,0.9,7.7,7.7,7.7,7.7,1.0,0.0,16.0,1.0,0.6,0.9,4.95,4.95,4.95,4.95,1.0,0.0,16.0,1.0,0.6,0.9,-5.9,-5.9,-5.9,-5.9,1.0,0.0,16.0,1.0,0.6,0.9,1011.8,1011.8,1011.8,1011.8,1.0,0.0,16.0,1.0,0.6,0.9,5.0,5.0,5.0,5.0,1.0,0.0,16.0,1.0,0.6,0.9,38.1,38.1,38.1,38.1,1.0,0.0,16.0,1.0,0.6,0.9,-45.4,-45.4,-45.4,-45.4,1.0,0.0,16.0,1.0,0.6,0.9,1.8,1.8,1.8,1.8,1.0,0.0,16.0,1.0,0.6,0.9,13.9,13.9,13.9,13.9,1.0,0.0,16.0,1.0,0.6,0.9,8.52,8.52,8.52,8.52,1.0,0.0,16.0,1.0,0.6,0.9,65.6,65.6,65.6,65.6,1.0,0.0,16.0,1.0,0.6,0.9,102.9,102.9,102.9,102.9,1.0,0.0,16.0,1.0,0.6,0.9,-122.7,-122.7,-122.7,-122.7,1.0,0.0,16.0,1.0,0.6,0.9,42.5,42.5,42.5,42.5,1.0,0.0,16.0,1.0,0.6,0.9,-50.6,-50.6,-50.6,-50.6,1.0,0.0,16.0,1.0,0.6,0.9,42.2,42.2,42.2,42.2,1.0,0.0,16.0,1.0,0.6,0.9,-50.3,-50.3,-50.3,-50.3,1.0,0.0,16.0,1.0,0.6,0.9,456.5,456.5,456.5,456.5,1.0,0.0,16.0,1.0,0.6,0.9,455.0,455.0,455.0,455.0,1.0,0.0,16.0,1.0,0.6,0.9
1974,2,326.0,-35.0,22.3,22.3,22.3,22.3,1.0,0.0,4.0,0.0,0.1,1.0,22.1,22.1,22.1,22.1,1.0,0.0,4.0,0.0,0.1,1.0,15.02,15.02,15.02,15.02,1.0,0.0,4.0,0.0,0.1,1.0,91.2,91.2,91.2,91.2,1.0,0.0,4.0,0.0,1.0,0.5,0.5,0.5,0.5,1.0,0.0,4.0,0.0,0.1,1.0,-0.09,-0.09,-0.09,-0.09,1.0,0.0,4.0,0.0,0.1,1.0,-0.49,-0.49,-0.49,-0.49,1.0,0.0,4.0,0.0,0.1,1.0,1018.2,1018.2,1018.2,1018.2,1.0,0.0,4.0,0.0,0.1,1.0,7.0,7.0,7.0,7.0,1.0,0.0,4.0,0.0,0.1,1.0,0.0,0.0,0.0,0.0,1.0,0.0,4.0,0.0,0.1,1.0,-0.2,-0.2,-0.2,-0.2,1.0,0.0,4.0,0.0,0.1,1.0,0.2,0.2,0.2,0.2,1.0,0.0,4.0,0.0,0.1,1.0,0.1,0.1,0.1,0.1,1.0,0.0,4.0,0.0,0.1,1.0,1.67,1.67,1.67,1.67,1.0,0.0,4.0,0.0,0.1,1.0,0.8,0.8,0.8,0.8,1.0,0.0,4.0,0.0,0.1,1.0,-1.9,-1.9,-1.9,-1.9,1.0,0.0,4.0,0.0,0.1,1.0,-10.9,-10.9,-10.9,-10.9,1.0,0.0,4.0,0.0,0.1,1.0,-1.3,-1.3,-1.3,-1.3,1.0,0.0,4.0,0.0,0.1,1.0,-7.4,-7.4,-7.4,-7.4,1.0,0.0,4.0,0.0,0.1,1.0,-0.1,-0.1,-0.1,-0.1,1.0,0.0,4.0,0.0,0.1,1.0,-0.8,-0.8,-0.8,-0.8,1.0,0.0,4.0,0.0,0.1,1.0,0.0,0.0,0.0,0.0,1.0,0.0,4.0,0.0,0.1,1.0,0.0,0.0,0.0,0.0,1.0,0.0,4.0,0.0,0.1,1.0
1974,2,326.0,-32.0,25.9,25.9,25.9,25.9,1.0,0.0,16.0,1.0,0.9,0.9,27.8,27.8,27.8,27.8,1.0,0.0,16.0,1.0,0.9,0.9,17.25,17.25,17.25,17.25,1.0,0.0,16.0,1.0,0.9,0.9,74.2,74.2,74.2,74.2,1.0,0.0,16.0,1.0,0.9,5.1,5.1,5.1,5.1,1.0,0.0,16.0,1.0,0.9,0.9,4.79,4.79,4.79,4.79,1.0,0.0,16.0,1.0,0.9,0.9,-1.74,-1.74,-1.74,-1.74,1.0,0.0,16.0,1.0,0.9,0.9,1015.5,1015.5,1015.5,1015.5,1.0,0.0,16.0,1.0,0.9,0.9,5.0,5.0,5.0,5.0,1.0,0.0,16.0,1.0,0.9,0.9,24.4,24.4,24.4,24.4,1.0,0.0,16.0,1.0,0.9,0.9,-8.9,-8.9,-8.9,-8.9,1.0,0.0,16.0,1.0,0.9,0.9,-1.9,-1.9,-1.9,-1.9,1.0,0.0,16.0,1.0,0.9,0.9,-9.7,-9.7,-9.7,-9.7,1.0,0.0,16.0,1.0,0.9,0.9,3.57,3.57,3.57,3.57,1.0,0.0,16.0,1.0,0.9,0.9,18.2,18.2,18.2,18.2,1.0,0.0,16.0,1.0,0.9,0.9,133.2,133.2,133.2,133.2,1.0,0.0,16.0,1.0,0.9,0.9,-48.5,-48.5,-48.5,-48.5,1.0,0.0,16.0,1.0,0.9,0.9,82.7,82.7,82.7,82.7,1.0,0.0,16.0,1.0,0.9,0.9,-30.1,-30.1,-30.1,-30.1,1.0,0.0,16.0,1.0,0.9,0.9,17.1,17.1,17.1,17.1,1.0,0.0,16.0,1.0,0.9,0.9,-6.2,-6.2,-6.2,-6.2,1.0,0.0,16.0,1.0,0.9,0.9,132.5,132.5,132.5,132.5,1.0,0.0,16.0,1.0,0.9,0.9,135.0,135.0,135.0,135.0,1.0,0.0,16.0,1.0,0.9,0.9
1974,2,326.0,-31.0,24.58,24.75,24.92,24.75,2.0,0.35,18.0,1.0,0.5,0.2,22.63,24.0,25.37,24.0,2.0,2.83,18.0,1.0,0.5,0.2,13.94,13.94,13.94,13.94,1.0,0.0,20.0,1.0,0.5,0.2,85.2,85.2,85.2,85.2,1.0,0.0,20.0,1.0,0.2,6.27,6.85,7.43,6.85,2.0,1.2,18.0,1.0,0.5,0.2,-5.54,-0.9,3.75,-0.9,2.0,9.62,18.0,1.0,0.5,0.2,0.17,0.52,0.88,0.52,2.0,0.74,18.0,1.0,0.5,0.2,1016.29,1016.9,1017.51,1016.9,2.0,1.27,18.0,1.0,0.5,0.2,4.6,6.0,7.4,6.0,2.0,2.8,18.0,1.0,0.5,0.2,-44.3,-11.9,20.4,-11.9,2.0,67.0,18.0,1.0,0.5,0.2,1.0,3.1,5.3,3.1,2.0,4.4,18.0,1.0,0.5,0.2,-0.44,0.75,1.94,0.75,2.0,2.47,18.0,1.0,0.5,0.2,-2.0,6.6,15.2,6.6,2.0,17.9,18.0,1.0,0.5,0.2,5.15,5.15,5.15,5.15,1.0,0.0,20.0,1.0,0.5,0.2,39.7,39.7,39.7,39.7,1.0,0.0,20.0,1.0,0.5,0.2,-118.1,-7.9,102.4,-7.9,2.0,228.4,18.0,1.0,0.5,0.2,4.3,13.5,22.8,13.5,2.0,19.2,18.0,1.0,0.5,0.2,-107.3,-107.3,-107.3,-107.3,1.0,0.0,20.0,1.0,0.5,0.2,0.0,0.0,0.0,0.0,1.0,0.0,20.0,1.0,0.5,0.2,-39.7,-39.7,-39.7,-39.7,1.0,0.0,20.0,1.0,0.5,0.2,0.0,0.0,0.0,0.0,1.0,0.0,20.0,1.0,0.5,0.2,254.0,336.5,418.5,336.5,2.0,170.0,18.0,1.0,0.5,0.2,255.0,335.0,420.0,335.0,2.0,170.0,18.0,1.0,0.5,0.2
1974,2,326.0,-30.0,24.18,25.0,25.82,25.0,3.0,1.2,8.0,0.3,0.6,0.6,24.32,25.0,25.34,24.83,3.0,0.76,8.0,0.3,0.6,0.6,15.38,15.69,15.75,15.57,3.0,0.3,8.0,0.3,0.6,0.6,78.5,80.4,81.7,80.1,3.0,2.4,8.0,0.3,0.6,3.6,3.6,5.37,4.47,3.0,1.5,8.0,0.3,0.6,0.6,-5.36,-3.55,-3.55,-4.43,3.0,1.53,8.0,0.3,0.6,0.6,-0.63,-0.63,-0.2,-0.42,3.0,0.36,8.0,0.3,0.6,0.6,1017.25,1017.8,1018.21,1017.73,3.0,0.7,8.0,0.3,0.6,0.6,3.3,4.0,4.7,4.0,3.0,1.0,8.0,0.3,0.6,0.6,-30.3,-12.8,-12.8,-21.3,3.0,14.8,8.0,0.3,0.6,0.6,-2.3,-2.3,-0.7,-1.5,3.0,1.3,8.0,0.3,0.6,0.6,-0.6,0.7,0.9,0.17,3.0,1.19,8.0,0.3,0.6,0.6,-4.3,2.5,3.3,-0.4,3.0,6.1,8.0,0.3,0.6,0.6,3.13,4.47,5.15,4.15,3.0,1.5,8.0,0.3,0.6,0.6,15.7,16.1,18.5,17.1,3.0,2.2,8.0,0.3,0.6,0.6,-134.5,-90.4,-86.8,-110.2,3.0,38.9,8.0,0.3,0.6,0.6,-15.6,-15.0,-4.8,-10.3,3.0,8.9,8.0,0.3,0.6,0.6,-84.5,-55.6,-54.5,-69.2,3.0,24.9,8.0,0.3,0.6,0.6,-9.7,-9.5,-3.0,-6.4,3.0,5.6,8.0,0.3,0.6,0.6,-18.2,-15.8,-15.6,-16.9,3.0,2.1,8.0,0.3,0.6,0.6,-3.2,-2.8,-0.9,-2.1,3.0,1.8,8.0,0.3,0.6,0.6,46.5,46.5,177.5,110.5,3.0,110.5,8.0,0.3,0.6,0.6,45.0,45.0,175.0,110.0,3.0,110.0,8.0,0.3,0.6,0.6
1974,2,326.0,-29.0,24.8,24.8,24.8,24.8,1.0,0.0,4.0,1.0,0.3,0.4,24.8,24.8,24.8,24.8,1.0,0.0,4.0,1.0,0.3,0.4,13.85,13.85,13.85,13.85,1.0,0.0,4.0,1.0,0.3,0.4,71.5,71.5,71.5,71.5,1.0,0.0,4.0,1.0,0.4,4.6,4.6,4.6,4.6,1.0,0.0,4.0,1.0,0.3,0.4,-1.57,-1.57,-1.57,-1.57,1.0,0.0,4.0,1.0,0.3,0.4,-4.32,-4.32,-4.32,-4.32,1.0,0.0,4.0,1.0,0.3,0.4,1018.2,1018.2,1018.2,1018.2,1.0,0.0,4.0,1.0,0.3,0.4,6.0,6.0,6.0,6.0,1.0,0.0,4.0,1.0,0.3,0.4,-7.2,-7.2,-7.2,-7.2,1.0,0.0,4.0,1.0,0.3,0.4,-19.9,-19.9,-19.9,-19.9,1.0,0.0,4.0,1.0,0.3,0.4,0.0,0.0,0.0,0.0,1.0,0.0,4.0,1.0,0.3,0.4,0.0,0.0,0.0,0.0,1.0,0.0,4.0,1.0,0.3,0.4,5.59,5.59,5.59,5.59,1.0,0.0,4.0,1.0,0.3,0.4,25.7,25.7,25.7,25.7,1.0,0.0,4.0,1.0,0.3,0.4,-39.0,-39.0,-39.0,-39.0,1.0,0.0,4.0,1.0,0.3,0.4,-107.2,-107.2,-107.2,-107.2,1.0,0.0,4.0,1.0,0.3,0.4,-21.8,-21.8,-21.8,-21.8,1.0,0.0,4.0,1.0,0.3,0.4,-59.9,-59.9,-59.9,-59.9,1.0,0.0,4.0,1.0,0.3,0.4,-8.8,-8.8,-8.8,-8.8,1.0,0.0,4.0,1.0,0.3,0.4,-24.2,-24.2,-24.2,-24.2,1.0,0.0,4.0,1.0,0.3,0.4,97.5,97.5,97.5,97.5,1.0,0.0,4.0,1.0,0.3,0.4,95.0,95.0,95.0,95.0,1.0,0.0,4.0,1.0,0.3,0.4
1974,2,326.0,-27.0,25.61,26.5,27.18,26.4,3.0,1.15,14.0,0.3,0.8,0.8,24.11,24.35,24.59,24.35,2.0,0.49,10.0,0.0,0.9,0.7,16.71,16.74,16.78,16.74,2.0,0.07,10.0,0.0,0.9,0.7,87.1,88.4,89.6,88.4,2.0,2.6,10.0,0.0,0.7,4.18,4.35,4.52,4.35,2.0,0.35,12.0,0.5,0.7,0.9,-3.64,-2.16,-0.69,-2.16,2.0,3.06,12.0,0.5,0.7,0.9,-3.7,-2.84,-1.97,-2.84,2.0,1.79,12.0,0.5,0.7,0.9,1012.25,1012.8,1016.21,1014.2,3.0,3.14,14.0,0.3,0.8,0.8,2.3,3.0,3.7,3.0,3.0,1.0,14.0,0.3,0.8,0.8,-16.7,-9.9,-3.2,-9.9,2.0,14.1,12.0,0.5,0.7,0.9,-15.3,-12.0,-8.8,-12.0,2.0,6.8,12.0,0.5,0.7,0.9,1.3,1.5,1.7,1.5,2.0,0.42,10.0,0.0,0.9,0.7,8.3,8.3,8.3,8.3,1.0,0.0,2.0,0.0,0.8,0.8,3.5,4.05,4.59,4.05,2.0,1.13,10.0,0.0,0.9,0.7,22.3,22.3,22.3,22.3,1.0,0.0,2.0,0.0,0.8,0.8,-106.8,-106.8,-106.8,-106.8,1.0,0.0,2.0,0.0,0.8,0.8,-38.9,-38.9,-38.9,-38.9,1.0,0.0,2.0,0.0,0.8,0.8,-72.2,-72.2,-72.2,-72.2,1.0,0.0,2.0,0.0,0.8,0.8,-26.3,-26.3,-26.3,-26.3,1.0,0.0,2.0,0.0,0.8,0.8,-20.9,-20.9,-20.9,-20.9,1.0,0.0,2.0,0.0,0.8,0.8,-7.6,-7.6,-7.6,-7.6,1.0,0.0,2.0,0.0,0.8,0.8,73.5,83.0,93.0,83.0,2.0,20.0,12.0,0.5,0.7,0.9,75.0,85.0,95.0,85.0,2.0,20.0,12.0,0.5,0.7,0.9
1974,2,326.0,-25.0,27.3,27.3,27.3,27.3,1.0,0.0,22.0,1.0,0.1,0.9,27.0,27.0,27.0,27.0,1.0,0.0,22.0,1.0,0.1,0.9,18.92,18.92,18.92,18.92,1.0,0.0,22.0,1.0,0.1,0.9,85.2,85.2,85.2,85.2,1.0,0.0,22.0,1.0,0.9,2.6,2.6,2.6,2.6,1.0,0.0,22.0,1.0,0.1,0.9,0.89,0.89,0.89,0.89,1.0,0.0,22.0,1.0,0.1,0.9,-2.44,-2.44,-2.44,-2.44,1.0,0.0,22.0,1.0,0.1,0.9,1014.9,1014.9,1014.9,1014.9,1.0,0.0,22.0,1.0,0.1,0.9,2.0,2.0,2.0,2.0,1.0,0.0,22.0,1.0,0.1,0.9,2.3,2.3,2.3,2.3,1.0,0.0,22.0,1.0,0.1,0.9,-6.4,-6.4,-6.4,-6.4,1.0,0.0,22.0,1.0,0.1,0.9,0.3,0.3,0.3,0.3,1.0,0.0,22.0,1.0,0.1,0.9,0.8,0.8,0.8,0.8,1.0,0.0,22.0,1.0,0.1,0.9,3.74,3.74,3.74,3.74,1.0,0.0,22.0,1.0,0.1,0.9,9.7,9.7,9.7,9.7,1.0,0.0,22.0,1.0,0.1,0.9,24.0,24.0,24.0,24.0,1.0,0.0,22.0,1.0,0.1,0.9,-66.0,-66.0,-66.0,-66.0,1.0,0.0,22.0,1.0,0.1,0.9,16.8,16.8,16.8,16.8,1.0,0.0,22.0,1.0,0.1,0.9,-46.2,-46.2,-46.2,-46.2,1.0,0.0,22.0,1.0,0.1,0.9,3.3,3.3,3.3,3.3,1.0,0.0,22.0,1.0,0.1,0.9,-9.1,-9.1,-9.1,-9.1,1.0,0.0,22.0,1.0,0.1,0.9,17.5,17.5,17.5,17.5,1.0,0.0,22.0,1.0,0.1,0.9,20.0,20.0,20.0,20.0,1.0,0.0,22.0,1.0,0.1,0.9
1974,2,326.0,-24.0,27.0,27.0,27.0,27.0,1.0,0.0,20.0,0.0,0.5,1.0,26.9,26.9,26.9,26.9,1.0,0.0,20.0,0.0,0.5,1.0,17.49,17.49,17.49,17.49,1.0,0.0,20.0,0.0,0.5,1.0,79.2,79.2,79.2,79.2,1.0,0.0,20.0,0.0,1.0,2.1,2.1,2.1,2.1,1.0,0.0,20.0,0.0,0.5,1.0,-2.07,-2.07,-2.07,-2.07,1.0,0.0,20.0,0.0,0.5,1.0,-0.36,-0.36,-0.36,-0.36,1.0,0.0,20.0,0.0,0.5,1.0,1014.3,1014.3,1014.3,1014.3,1.0,0.0,20.0,0.0,0.5,1.0,0.0,0.0,0.0,0.0,1.0,0.0,20.0,0.0,0.5,1.0,-4.3,-4.3,-4.3,-4.3,1.0,0.0,20.0,0.0,0.5,1.0,-0.8,-0.8,-0.8,-0.8,1.0,0.0,20.0,0.0,0.5,1.0,0.1,0.1,0.1,0.1,1.0,0.0,20.0,0.0,0.5,1.0,0.2,0.2,0.2,0.2,1.0,0.0,20.0,0.0,0.5,1.0,4.78,4.78,4.78,4.78,1.0,0.0,20.0,0.0,0.5,1.0,10.0,10.0,10.0,10.0,1.0,0.0,20.0,0.0,0.5,1.0,-55.6,-55.6,-55.6,-55.6,1.0,0.0,20.0,0.0,0.5,1.0,-9.8,-9.8,-9.8,-9.8,1.0,0.0,20.0,0.0,0.5,1.0,-36.2,-36.2,-36.2,-36.2,1.0,0.0,20.0,0.0,0.5,1.0,-6.4,-6.4,-6.4,-6.4,1.0,0.0,20.0,0.0,0.5,1.0,-9.9,-9.9,-9.9,-9.9,1.0,0.0,20.0,0.0,0.5,1.0,-1.7,-1.7,-1.7,-1.7,1.0,0.0,20.0,0.0,0.5,1.0,9.5,9.5,9.5,9.5,1.0,0.0,20.0,0.0,0.5,1.0,10.0,10.0,10.0,10.0,1.0,0.0,20.0,0.0,0.5,1.0
1974,2,326.0,-23.0,27.0,27.0,27.0,27.0,1.0,0.0,8.0,0.0,0.8,0.7,25.71,26.8,28.3,27.0,3.0,1.91,12.0,0.7,0.6,0.7,16.56,16.56,16.56,16.56,1.0,0.0,8.0,0.0,0.8,0.7,83.0,83.0,83.0,83.0,1.0,0.0,8.0,0.0,0.7,7.52,8.65,9.78,8.65,2.0,2.33,6.0,0.5,0.5,0.8,-9.19,-8.13,-7.07,-8.13,2.0,2.19,6.0,0.5,0.5,0.8,-1.46,0.56,2.58,0.56,2.0,4.18,6.0,0.5,0.5,0.8,1013.12,1013.8,1015.17,1014.13,3.0,1.53,12.0,0.7,0.6,0.7,2.3,3.0,3.0,2.7,3.0,0.6,12.0,0.7,0.6,0.7,-91.2,-72.9,-54.6,-72.9,2.0,37.9,6.0,0.5,0.5,0.8,-8.3,9.8,27.9,9.8,2.0,37.5,6.0,0.5,0.5,0.8,1.8,1.8,1.8,1.8,1.0,0.0,8.0,0.0,0.8,0.7,18.5,18.5,18.5,18.5,1.0,0.0,8.0,0.0,0.8,0.7,5.73,5.73,5.73,5.73,1.0,0.0,8.0,0.0,0.8,0.7,59.0,59.0,59.0,59.0,1.0,0.0,8.0,0.0,0.8,0.7,-233.2,-210.1,-187.0,-210.1,2.0,47.8,6.0,0.5,0.5,0.8,-39.9,12.3,64.5,12.3,2.0,108.1,6.0,0.5,0.5,0.8,-160.2,-160.2,-160.2,-160.2,1.0,0.0,8.0,0.0,0.8,0.7,58.3,58.3,58.3,58.3,1.0,0.0,8.0,0.0,0.8,0.7,-55.4,-55.4,-55.4,-55.4,1.0,0.0,8.0,0.0,0.8,0.7,20.2,20.2,20.2,20.2,1.0,0.0,8.0,0.0,0.8,0.7,462.0,718.0,973.5,718.0,2.0,530.0,6.0,0.5,0.5,0.8,460.0,720.0,975.0,720.0,2.0,530.0,6.0,0.5,0.5,0.8
1974,2,326.0,-19.0,,,,,,,,,,,,,,,,,,,,,,,,,,,,,,,,,,,,,,,,5.0,5.0,5.0,5.0,1.0,0.0,18.0,1.0,0.3,0.4,-4.92,-4.92,-4.92,-4.92,1.0,0.0,18.0,1.0,0.3,0.4,-0.87,-0.87,-0.87,-0.87,1.0,0.0,18.0,1.0,0.3,0.4,1015.8,1015.8,1015.8,1015.8,1.0,0.0,18.0,1.0,0.3,0.4,,,,,,,,,,,,,,,,,,,,,,,,,,,,,,,,,,,,,,,,,,,,,,,,,,,,,,,,,,,,,,,,,,,,,,,,,,,,,,,,,,,,,,,,,,,,,,,,,,,,,,,,,,,,,,,,,,,,,,,,,,,,,,,,,,,,,,,,,,,,,,,,,,,,,,
1974,2,326.0,-16.0,,,,,,,,,,,,,,,,,,,,,,,,,,,,,,,,,,,,,,,,7.16,7.5,7.84,7.5,2.0,0.71,22.0,0.5,0.2,0.8,-6.51,-6.35,-6.2,-6.35,2.0,0.32,22.0,0.5,0.2,0.8,-1.2,1.37,3.95,1.37,2.0,5.33,22.0,0.5,0.2,0.8,1011.62,1012.3,1012.98,1012.3,2.0,1.41,22.0,0.5,0.2,0.8,,,,,,,,,,,,,,,,,,,,,,,,,,,,,,,,,,,,,,,,,,,,,,,,,,,,,,,,,,,,,,,,,,,,,,,,,,,,,,,,,,,,,,,,,,,,,,,,,,,,,,,,,,,,,,,,,,,,,,,,,,,,,,,,,,,,,,,,,,,,,,,,,,,,,,
1974,2,326.0,-15.0,,,,,,,,,,,,,,,,,,,,,,,,,,,,,,,,,,,,,,,,6.32,7.0,7.68,7.0,2.0,1.41,22.0,0.5,0.8,0.9,-7.22,-6.58,-5.94,-6.58,2.0,1.33,22.0,0.5,0.8,0.9,-1.98,-0.34,1.29,-0.34,2.0,3.39,22.0,0.5,0.8,0.9,1010.84,1011.35,1011.86,1011.35,2.0,1.06,22.0,0.5,0.8,0.9,,,,,,,,,,,,,,,,,,,,,,,,,,,,,,,,,,,,,,,,,,,,,,,,,,,,,,,,,,,,,,,,,,,,,,,,,,,,,,,,,,,,,,,,,,,,,,,,,,,,,,,,,,,,,,,,,,,,,,,,,,,,,,,,,,,,,,,,,,,,,,,,,,,,,,
1974,2,326.0,-13.0,28.0,28.0,28.0,28.0,1.0,0.0,18.0,0.0,0.1,0.5,24.82,25.5,26.18,25.5,2.0,1.41,12.0,0.0,0.1,0.7,17.65,17.65,17.65,17.65,1.0,0.0,8.0,0.0,0.1,0.8,91.9,91.9,91.9,91.9,1.0,0.0,8.0,0.0,0.8,5.19,5.6,6.01,5.6,2.0,0.85,12.0,0.0,0.1,0.7,-4.78,-4.45,-4.13,-4.45,2.0,0.66,12.0,0.0,0.1,0.7,1.48,2.81,4.13,2.81,2.0,2.74,12.0,0.0,0.1,0.7,1011.83,1013.2,1014.57,1013.2,2.0,2.83,12.0,0.0,0.1,0.7,3.6,5.0,6.4,5.0,2.0,2.8,12.0,0.0,0.1,0.7,-24.7,-24.7,-24.6,-24.7,2.0,0.1,12.0,0.0,0.1,0.7,8.3,16.9,25.5,16.9,2.0,17.8,12.0,0.0,0.1,0.7,,,,,,,,,,,,,,,,,,,,,,,,,,,,,,,,,,,,,,,,,-125.3,-114.1,-102.9,-114.1,2.0,23.2,12.0,0.0,0.1,0.7,37.8,69.7,101.5,69.7,2.0,66.0,12.0,0.0,0.1,0.7,-70.3,-70.3,-70.3,-70.3,1.0,0.0,8.0,0.0,0.1,0.8,83.8,83.8,83.8,83.8,1.0,0.0,8.0,0.0,0.1,0.8,,,,,,,,,,,,,,,,,,,,,,,,,,,,,,,,,,,,,,,,
1974,2,326.0,-12.0,27.97,28.5,30.0,28.71,7.0,1.0,16.0,0.7,0.4,0.7,26.58,27.2,27.84,27.22,6.0,0.82,16.0,0.7,0.4,0.8,18.17,18.2,19.91,19.02,3.0,1.46,18.0,0.7,0.3,0.8,82.5,83.1,84.6,83.5,3.0,1.6,18.0,0.7,0.8,2.76,5.55,7.86,5.18,8.0,2.52,16.0,0.8,0.4,0.7,-7.43,-4.92,-2.37,-4.8,8.0,2.57,16.0,0.8,0.4,0.7,0.04,1.17,2.59,1.25,8.0,1.49,16.0,0.8,0.4,0.7,1008.64,1010.4,1013.07,1010.45,8.0,2.17,16.0,0.8,0.4,0.7,3.1,4.5,6.0,4.8,8.0,1.9,16.0,0.8,0.4,0.7,-58.4,-26.1,-7.0,-30.3,8.0,24.1,16.0,0.8,0.4,0.7,0.0,4.8,18.9,7.5,8.0,9.3,16.0,0.8,0.4,0.7,0.94,1.3,2.22,1.58,5.0,1.04,16.0,0.6,0.4,0.8,3.1,5.2,11.3,7.1,5.0,5.9,16.0,0.6,0.4,0.8,5.76,6.02,7.69,6.71,3.0,1.54,18.0,0.7,0.3,0.8,16.1,37.8,41.5,29.0,3.0,20.1,18.0,0.7,0.3,0.8,-210.0,-141.5,-75.0,-137.0,6.0,76.3,16.0,0.7,0.4,0.8,-3.7,24.0,81.7,35.0,6.0,47.3,16.0,0.7,0.4,0.8,-102.0,-59.7,-32.2,-66.9,3.0,51.5,18.0,0.7,0.3,0.8,2.2,7.1,50.8,26.1,3.0,39.2,18.0,0.7,0.3,0.8,-34.6,-27.8,-12.7,-23.7,3.0,16.4,18.0,0.7,0.3,0.8,0.7,2.1,23.2,11.7,3.0,18.5,18.0,0.7,0.3,0.8,22.5,174.5,488.5,219.5,8.0,206.5,16.0,0.8,0.4,0.7,25.0,175.0,490.0,220.0,8.0,205.0,16.0,0.8,0.4,0.7
1974,2,326.0,-11.0,27.7,28.0,28.5,28.05,8.0,0.62,18.0,0.5,0.5,0.7,26.56,27.0,29.43,27.59,8.0,1.61,18.0,0.5,0.5,0.7,18.55,19.45,21.21,19.89,5.0,1.78,22.0,0.4,0.4,0.7,79.4,84.2,92.0,85.2,5.0,7.3,22.0,0.4,0.7,4.72,6.95,8.91,7.0,8.0,2.41,18.0,0.5,0.5,0.7,-8.75,-6.44,-3.62,-6.27,8.0,2.73,18.0,0.5,0.5,0.7,-3.53,-0.58,2.27,-0.67,8.0,2.99,18.0,0.5,0.5,0.7,1009.38,1011.4,1012.09,1011.23,8.0,2.0,18.0,0.5,0.5,0.7,1.1,4.5,5.9,3.8,8.0,2.1,18.0,0.5,0.5,0.7,-77.7,-46.5,-17.2,-49.5,8.0,36.2,18.0,0.5,0.5,0.7,-20.5,-3.9,13.0,-5.8,8.0,21.1,18.0,0.5,0.5,0.7,-1.18,0.5,2.39,0.46,8.0,1.8,18.0,0.5,0.5,0.7,-9.1,3.4,13.3,4.8,8.0,14.3,18.0,0.5,0.5,0.7,2.83,4.86,4.95,3.89,5.0,1.9,22.0,0.4,0.4,0.7,13.0,22.4,31.0,21.5,5.0,11.3,22.0,0.4,0.4,0.7,-236.3,-179.8,-97.4,-170.2,8.0,67.0,18.0,0.5,0.5,0.7,-104.1,-15.7,66.0,-20.6,8.0,84.7,18.0,0.5,0.5,0.7,-130.7,-123.0,-65.1,-103.0,5.0,38.2,22.0,0.4,0.4,0.7,-72.2,-21.8,50.5,-16.2,5.0,72.7,22.0,0.4,0.4,0.7,-29.7,-17.1,-9.9,-19.0,5.0,11.6,22.0,0.4,0.4,0.7,-7.4,-2.9,12.5,1.4,5.0,10.9,22.0,0.4,0.4,0.7,107.0,337.0,709.5,452.0,8.0,422.5,18.0,0.5,0.5,0.7,105.0,335.0,710.0,450.0,8.0,425.0,18.0,0.5,0.5,0.7
1974,2,326.0,-10.0,27.21,27.85,28.06,27.85,10.0,0.91,14.0,0.6,0.7,0.5,26.78,28.0,29.15,28.06,9.0,1.35,16.0,0.7,0.7,0.6,16.81,18.08,19.8,18.42,6.0,2.41,14.0,0.7,0.8,0.8,69.7,78.5,89.0,78.7,6.0,9.6,14.0,0.7,0.8,4.0,6.2,8.41,5.96,11.0,2.51,16.0,0.6,0.8,0.5,-8.12,-5.83,-3.51,-5.46,11.0,2.43,16.0,0.6,0.8,0.5,-3.38,-0.69,2.19,-0.47,11.0,2.56,16.0,0.6,0.8,0.5,1009.51,1010.5,1013.35,1011.16,11.0,1.87,16.0,0.6,0.8,0.5,2.0,5.0,6.0,4.4,11.0,1.9,16.0,0.6,0.8,0.5,-68.2,-36.1,-14.3,-38.0,11.0,26.7,16.0,0.6,0.8,0.5,-24.5,-2.8,14.1,-3.7,11.0,18.4,16.0,0.6,0.8,0.5,-1.68,-1.3,0.89,-0.75,8.0,1.28,14.0,0.6,0.7,0.6,-12.4,-6.0,4.0,-5.1,8.0,8.5,14.0,0.6,0.7,0.6,3.16,6.18,7.0,5.19,5.0,2.83,12.0,0.6,0.8,0.8,17.9,37.6,47.4,33.8,5.0,21.5,12.0,0.6,0.8,0.8,-228.5,-155.6,-102.6,-164.3,9.0,59.3,16.0,0.7,0.7,0.6,-99.9,-43.1,56.6,-24.3,9.0,73.4,16.0,0.7,0.7,0.6,-155.7,-101.6,-91.3,-113.5,6.0,37.8,14.0,0.7,0.8,0.8,-64.5,-47.6,-14.0,-38.1,6.0,41.4,14.0,0.7,0.8,0.8,-43.5,-36.0,-15.3,-30.6,5.0,19.2,12.0,0.6,0.8,0.8,-19.7,-6.5,3.2,-8.1,5.0,16.3,12.0,0.6,0.8,0.8,64.0,238.5,595.5,308.5,11.0,272.0,16.0,0.6,0.8,0.5,65.0,240.0,595.0,310.0,11.0,270.0,16.0,0.6,0.8,0.5
1974,2,326.0,-9.0,28.11,29.0,29.89,28.88,8.0,0.99,18.0,0.3,0.5,0.6,27.03,28.0,29.88,28.34,8.0,1.34,18.0,0.3,0.5,0.6,15.86,19.29,21.11,18.52,4.0,3.34,22.0,0.3,0.5,0.4,70.0,78.3,86.6,78.2,5.0,13.0,22.0,0.2,0.5,2.55,4.6,6.24,4.44,7.0,1.93,18.0,0.3,0.6,0.5,-4.78,-3.91,-2.24,-3.4,7.0,1.55,18.0,0.3,0.6,0.5,-0.04,3.28,4.01,2.29,7.0,2.17,18.0,0.3,0.6,0.5,1008.57,1011.0,1012.1,1010.26,7.0,2.26,18.0,0.3,0.6,0.5,1.0,3.5,5.9,3.4,8.0,2.6,18.0,0.3,0.5,0.6,-29.8,-16.8,-6.1,-17.4,7.0,12.8,18.0,0.3,0.6,0.5,-0.1,16.7,25.0,13.0,7.0,13.2,18.0,0.3,0.6,0.5,-1.0,1.05,1.97,0.54,8.0,1.85,18.0,0.3,0.5,0.6,-5.3,4.4,7.9,1.8,7.0,7.8,18.0,0.3,0.6,0.5,3.3,5.57,9.38,6.3,4.0,3.79,22.0,0.3,0.5,0.4,15.4,21.2,37.9,26.4,4.0,17.3,22.0,0.3,0.5,0.4,-129.5,-117.2,-62.6,-97.7,7.0,45.5,18.0,0.3,0.6,0.5,-1.2,98.3,112.4,65.1,7.0,61.4,18.0,0.3,0.6,0.5,-93.8,-64.3,-37.7,-65.7,4.0,33.0,22.0,0.3,0.5,0.4,-8.3,28.1,71.5,31.4,4.0,47.4,22.0,0.3,0.5,0.4,-22.1,-17.9,-14.7,-18.4,4.0,5.6,22.0,0.3,0.5,0.4,-3.5,7.4,30.4,13.2,4.0,22.7,22.0,0.3,0.5,0.4,17.0,97.5,243.5,128.5,7.0,123.0,18.0,0.3,0.6,0.5,15.0,95.0,245.0,130.0,7.0,125.0,18.0,0.3,0.6,0.5
1974,2,326.0,-8.0,27.41,28.0,29.15,28.26,18.0,0.93,16.0,0.4,0.4,0.5,27.0,27.6,28.26,27.67,18.0,0.73,16.0,0.4,0.4,0.5,16.66,17.84,19.15,18.08,15.0,1.81,16.0,0.5,0.4,0.5,70.5,77.4,82.9,77.5,16.0,6.6,16.0,0.5,0.5,3.1,4.6,7.32,5.4,16.0,2.56,14.0,0.4,0.4,0.5,-6.26,-3.96,-2.74,-4.6,16.0,2.3,14.0,0.4,0.4,0.5,-1.38,0.89,4.13,1.38,16.0,2.78,14.0,0.4,0.4,0.5,1008.35,1011.7,1014.33,1011.04,17.0,3.02,16.0,0.5,0.4,0.5,1.0,3.0,5.9,3.5,17.0,2.6,16.0,0.5,0.4,0.5,-40.8,-20.1,-9.2,-29.7,16.0,30.6,14.0,0.4,0.4,0.5,-3.9,4.0,31.3,12.0,16.0,23.8,14.0,0.4,0.4,0.5,0.0,0.4,1.09,0.59,18.0,0.86,16.0,0.4,0.4,0.5,0.0,2.1,6.5,3.3,16.0,7.7,14.0,0.4,0.4,0.5,4.6,5.83,7.55,6.12,15.0,1.82,16.0,0.5,0.4,0.5,17.8,24.3,37.7,26.6,13.0,8.9,14.0,0.5,0.4,0.5,-167.2,-109.6,-74.6,-126.2,16.0,62.1,14.0,0.4,0.4,0.5,-38.1,24.8,113.3,37.6,16.0,75.9,14.0,0.4,0.4,0.5,-107.5,-65.4,-50.2,-72.9,13.0,29.3,14.0,0.5,0.4,0.5,-28.2,0.0,34.6,5.9,13.0,31.5,14.0,0.5,0.4,0.5,-37.1,-24.3,-15.0,-24.4,13.0,9.6,14.0,0.5,0.4,0.5,-9.5,0.0,11.7,1.7,13.0,10.3,14.0,0.5,0.4,0.5,30.0,97.5,397.5,273.5,16.0,432.5,14.0,0.4,0.4,0.5,30.0,95.0,395.0,275.0,16.0,430.0,14.0,0.4,0.4,0.5
1974,2,326.0,-7.0,27.13,28.0,29.0,27.88,24.0,0.96,16.0,0.5,0.5,0.6,27.0,27.65,29.29,27.87,28.0,1.41,14.0,0.6,0.5,0.6,16.92,17.76,19.99,18.45,23.0,1.61,14.0,0.7,0.5,0.6,72.9,79.0,84.9,78.4,25.0,5.7,14.0,0.6,0.6,2.01,4.6,7.2,4.52,27.0,2.83,14.0,0.6,0.5,0.6,-7.08,-3.12,-1.54,-4.03,27.0,2.78,14.0,0.6,0.5,0.6,-0.9,0.0,3.29,0.88,27.0,1.95,14.0,0.6,0.5,0.6,1009.0,1010.35,1012.11,1010.69,26.0,2.39,14.0,0.7,0.4,0.6,2.0,4.0,6.0,4.3,26.0,2.2,16.0,0.6,0.5,0.6,-51.0,-13.6,-2.7,-25.7,27.0,30.9,14.0,0.6,0.5,0.6,-0.9,0.0,19.8,6.9,27.0,13.4,14.0,0.6,0.5,0.6,-1.0,0.25,1.57,0.29,24.0,1.43,16.0,0.5,0.5,0.6,-5.8,0.7,5.6,0.4,23.0,5.5,14.0,0.6,0.5,0.6,4.04,5.25,6.39,5.09,19.0,1.6,14.0,0.6,0.5,0.7,11.8,25.8,40.8,25.7,18.0,14.9,14.0,0.7,0.5,0.7,-181.2,-91.1,-46.2,-112.8,27.0,79.6,14.0,0.6,0.5,0.6,-24.5,0.0,91.8,24.1,27.0,53.7,14.0,0.6,0.5,0.6,-118.7,-68.7,-34.4,-74.6,22.0,41.9,14.0,0.7,0.5,0.6,0.0,0.0,49.3,13.9,22.0,33.0,14.0,0.7,0.5,0.6,-36.8,-20.5,-9.9,-23.0,18.0,14.6,14.0,0.7,0.5,0.7,-0.6,6.2,16.7,7.2,18.0,9.6,14.0,0.7,0.5,0.7,8.0,97.5,373.0,211.0,27.0,360.5,14.0,0.6,0.5,0.6,10.0,95.0,375.0,210.0,27.0,360.0,14.0,0.6,0.5,0.6
1974,2,326.0,-6.0,27.34,28.0,29.56,28.2,29.0,1.04,16.0,0.5,0.7,0.6,27.0,27.7,28.32,27.59,30.0,0.92,16.0,0.5,0.7,0.6,17.12,17.67,18.69,18.08,26.0,1.46,16.0,0.5,0.7,0.6,73.4,76.7,85.3,78.4,26.0,6.7,16.0,0.5,0.6,1.5,4.1,6.98,4.41,29.0,2.86,14.0,0.4,0.7,0.5,-5.91,-3.6,-0.72,-3.29,29.0,2.54,14.0,0.4,0.7,0.5,-1.12,1.48,4.31,1.64,29.0,2.8,14.0,0.4,0.7,0.5,1007.8,1009.5,1010.85,1009.54,31.0,1.82,14.0,0.5,0.7,0.6,2.0,4.0,5.7,3.9,28.0,2.0,16.0,0.5,0.7,0.6,-44.4,-13.0,-0.9,-20.9,29.0,22.8,14.0,0.4,0.7,0.5,-1.8,5.2,28.9,12.6,29.0,22.8,14.0,0.4,0.7,0.5,-0.37,0.5,1.5,0.68,28.0,1.4,16.0,0.5,0.7,0.6,-1.8,1.4,3.4,1.7,26.0,4.3,16.0,0.5,0.7,0.6,4.62,6.03,7.82,5.98,25.0,2.13,16.0,0.6,0.7,0.6,6.9,22.9,38.2,23.6,23.0,15.7,16.0,0.6,0.7,0.6,-152.8,-92.5,-17.8,-88.0,28.0,69.7,14.0,0.5,0.7,0.6,-31.9,40.8,116.7,39.4,28.0,73.2,14.0,0.5,0.7,0.6,-104.4,-59.5,-20.4,-60.7,24.0,42.4,14.0,0.5,0.7,0.6,-22.1,26.0,74.1,21.1,24.0,47.2,14.0,0.5,0.7,0.6,-29.3,-21.5,-3.0,-19.1,23.0,14.8,16.0,0.6,0.7,0.6,-4.1,7.9,23.7,8.7,23.0,12.3,16.0,0.6,0.7,0.6,3.5,69.0,341.0,199.5,29.0,289.0,14.0,0.4,0.7,0.5,5.0,70.0,340.0,200.0,29.0,290.0,14.0,0.4,0.7,0.5
1974,2,326.0,-5.0,27.1,28.0,28.47,27.87,8.0,1.01,16.0,0.8,0.8,0.4,27.05,27.6,28.0,27.43,9.0,1.07,14.0,0.8,0.7,0.4,17.08,17.7,19.19,18.12,7.0,1.9,18.0,0.7,0.8,0.4,72.3,78.4,87.0,79.5,7.0,7.7,18.0,0.7,0.4,1.0,2.1,3.47,2.28,9.0,1.34,14.0,0.8,0.7,0.4,-2.88,-1.88,-0.99,-1.71,9.0,1.1,14.0,0.8,0.7,0.4,-0.5,0.17,1.65,0.59,9.0,1.66,14.0,0.8,0.7,0.4,1008.28,1009.0,1011.07,1009.64,9.0,2.02,14.0,0.8,0.7,0.4,1.1,4.0,6.7,4.3,9.0,2.8,14.0,0.8,0.7,0.4,-10.3,-3.8,-1.0,-5.0,9.0,4.4,14.0,0.8,0.7,0.4,-1.0,0.2,4.1,2.1,9.0,6.8,14.0,0.8,0.7,0.4,-0.07,0.55,1.22,0.51,8.0,0.9,16.0,0.8,0.8,0.4,-0.4,0.9,2.6,1.3,8.0,1.9,16.0,0.8,0.8,0.4,3.97,5.91,6.58,5.46,7.0,2.15,18.0,0.7,0.8,0.4,5.7,12.2,19.3,12.3,7.0,9.6,18.0,0.7,0.8,0.4,-81.1,-49.8,-27.3,-47.3,9.0,31.1,14.0,0.8,0.7,0.4,-13.7,4.8,43.2,15.9,9.0,45.9,14.0,0.8,0.7,0.4,-40.8,-21.0,-16.6,-27.4,7.0,22.9,18.0,0.7,0.8,0.4,0.0,7.3,31.3,19.0,7.0,24.8,18.0,0.7,0.8,0.4,-12.7,-9.3,-5.5,-8.6,7.0,5.3,18.0,0.7,0.8,0.4,0.0,1.0,14.9,7.1,7.0,9.8,18.0,0.7,0.8,0.4,1.0,9.5,42.0,23.5,9.0,31.5,14.0,0.8,0.7,0.4,0.0,10.0,40.0,25.0,9.0,30.0,14.0,0.8,0.7,0.4
1974,2,326.0,-4.0,27.38,28.0,29.41,28.27,11.0,1.11,18.0,0.5,0.6,0.6,26.0,26.9,27.37,27.03,10.0,1.37,18.0,0.6,0.6,0.6,16.53,17.52,17.83,17.26,7.0,0.59,20.0,0.6,0.6,0.6,75.4,78.8,79.9,78.6,7.0,3.4,20.0,0.6,0.6,1.82,4.6,4.96,3.79,12.0,2.05,16.0,0.6,0.6,0.6,-4.53,-2.96,-0.57,-2.78,12.0,2.36,16.0,0.6,0.6,0.6,-0.5,1.02,3.52,1.35,12.0,1.98,16.0,0.6,0.6,0.6,1007.37,1010.1,1011.73,1009.65,12.0,2.02,16.0,0.6,0.6,0.6,2.5,5.0,7.3,4.7,12.0,2.3,16.0,0.6,0.6,0.6,-20.8,-13.0,-0.6,-14.0,12.0,14.3,16.0,0.6,0.6,0.6,-0.8,4.1,16.2,7.5,12.0,10.3,16.0,0.6,0.6,0.6,0.5,1.45,2.46,1.2,10.0,2.19,18.0,0.6,0.6,0.6,0.3,5.0,9.2,5.7,10.0,9.1,18.0,0.6,0.6,0.6,5.6,6.11,8.28,6.78,7.0,1.33,20.0,0.6,0.6,0.6,5.3,25.3,33.8,22.6,7.0,15.3,20.0,0.6,0.6,0.6,-120.1,-73.3,-8.8,-67.0,10.0,68.8,18.0,0.6,0.6,0.6,-15.1,27.5,91.6,36.3,10.0,56.9,18.0,0.6,0.6,0.6,-81.5,-48.9,-12.8,-51.1,7.0,39.2,20.0,0.6,0.6,0.6,-8.2,14.1,58.5,19.5,7.0,30.3,20.0,0.6,0.6,0.6,-25.8,-21.4,-4.1,-19.2,7.0,14.3,20.0,0.6,0.6,0.6,-3.6,4.4,21.3,7.3,7.0,11.7,20.0,0.6,0.6,0.6,7.0,97.5,127.5,96.0,12.0,107.0,16.0,0.6,0.6,0.6,5.0,95.0,130.0,95.0,12.0,105.0,16.0,0.6,0.6,0.6
1974,2,326.0,-3.0,27.29,28.0,28.7,28.04,5.0,0.9,14.0,0.6,0.6,0.6,24.98,26.7,27.49,26.28,5.0,1.59,14.0,0.6,0.6,0.6,16.26,17.35,18.54,17.31,5.0,1.78,14.0,0.6,0.6,0.6,78.9,80.2,82.8,80.8,5.0,2.4,14.0,0.6,0.6,4.55,6.2,9.3,6.7,5.0,2.55,14.0,0.6,0.6,0.6,-7.92,-5.83,-2.91,-5.58,5.0,2.81,14.0,0.6,0.6,0.6,-0.77,1.8,4.99,2.01,5.0,3.27,14.0,0.6,0.6,0.6,1010.44,1011.2,1012.19,1011.4,5.0,1.48,14.0,0.6,0.6,0.6,0.5,4.0,7.5,4.0,4.0,4.1,14.0,0.5,0.5,0.7,-73.6,-36.1,-12.4,-42.6,5.0,33.1,14.0,0.6,0.6,0.6,-4.8,6.5,34.6,14.3,5.0,26.4,14.0,0.6,0.6,0.6,-0.28,2.4,3.32,1.76,5.0,2.08,14.0,0.6,0.6,0.6,-1.2,13.8,29.1,14.8,5.0,17.8,14.0,0.6,0.6,0.6,4.08,6.39,8.86,6.47,5.0,2.59,14.0,0.6,0.6,0.6,21.9,42.8,70.5,46.4,5.0,29.9,14.0,0.6,0.6,0.6,-196.9,-158.5,-80.3,-143.7,5.0,64.8,14.0,0.6,0.6,0.6,-21.1,50.4,130.7,52.7,5.0,85.6,14.0,0.6,0.6,0.6,-127.7,-105.4,-54.4,-93.6,5.0,39.7,14.0,0.6,0.6,0.6,-14.0,34.8,86.3,35.3,5.0,57.1,14.0,0.6,0.6,0.6,-61.7,-25.5,-17.6,-38.7,5.0,31.2,14.0,0.6,0.6,0.6,-3.4,6.4,37.5,14.5,5.0,21.9,14.0,0.6,0.6,0.6,101.0,238.5,804.5,405.5,5.0,370.5,14.0,0.6,0.6,0.6,100.0,240.0,805.0,405.0,5.0,370.0,14.0,0.6,0.6,0.6
1974,2,326.0,-2.0,27.4,27.4,27.4,27.4,1.0,0.0,22.0,0.0,0.9,0.6,27.6,27.6,27.6,27.6,1.0,0.0,22.0,0.0,0.9,0.6,15.14,15.14,15.14,15.14,1.0,0.0,22.0,0.0,0.9,0.6,65.7,65.7,65.7,65.7,1.0,0.0,22.0,0.0,0.6,0.0,0.0,0.0,0.0,1.0,0.0,22.0,0.0,0.9,0.6,0.0,0.0,0.0,0.0,1.0,0.0,22.0,0.0,0.9,0.6,0.0,0.0,0.0,0.0,1.0,0.0,22.0,0.0,0.9,0.6,1009.9,1009.9,1009.9,1009.9,1.0,0.0,22.0,0.0,0.9,0.6,3.0,3.0,3.0,3.0,1.0,0.0,22.0,0.0,0.9,0.6,0.0,0.0,0.0,0.0,1.0,0.0,22.0,0.0,0.9,0.6,0.0,0.0,0.0,0.0,1.0,0.0,22.0,0.0,0.9,0.6,-0.2,-0.2,-0.2,-0.2,1.0,0.0,22.0,0.0,0.9,0.6,0.0,0.0,0.0,0.0,1.0,0.0,22.0,0.0,0.9,0.6,7.76,7.76,7.76,7.76,1.0,0.0,22.0,0.0,0.9,0.6,0.0,0.0,0.0,0.0,1.0,0.0,22.0,0.0,0.9,0.6,0.0,0.0,0.0,0.0,1.0,0.0,22.0,0.0,0.9,0.6,0.0,0.0,0.0,0.0,1.0,0.0,22.0,0.0,0.9,0.6,0.0,0.0,0.0,0.0,1.0,0.0,22.0,0.0,0.9,0.6,0.0,0.0,0.0,0.0,1.0,0.0,22.0,0.0,0.9,0.6,0.0,0.0,0.0,0.0,1.0,0.0,22.0,0.0,0.9,0.6,0.0,0.0,0.0,0.0,1.0,0.0,22.0,0.0,0.9,0.6,0.0,0.0,0.0,0.0,1.0,0.0,22.0,0.0,0.9,0.6,0.0,0.0,0.0,0.0,1.0,0.0,22.0,0.0,0.9,0.6
1974,2,326.0,-1.0,26.8,26.8,26.8,26.8,1.0,0.0,2.0,1.0,0.8,0.1,25.1,25.1,25.1,25.1,1.0,0.0,2.0,1.0,0.8,0.1,19.18,19.18,19.18,19.18,1.0,0.0,2.0,1.0,0.8,0.1,95.9,95.9,95.9,95.9,1.0,0.0,2.0,1.0,0.1,4.6,4.6,4.6,4.6,1.0,0.0,2.0,1.0,0.8,0.1,-0.8,-0.8,-0.8,-0.8,1.0,0.0,2.0,1.0,0.8,0.1,-4.53,-4.53,-4.53,-4.53,1.0,0.0,2.0,1.0,0.8,0.1,1007.2,1007.2,1007.2,1007.2,1.0,0.0,2.0,1.0,0.8,0.1,7.0,7.0,7.0,7.0,1.0,0.0,2.0,1.0,0.8,0.1,-3.7,-3.7,-3.7,-3.7,1.0,0.0,2.0,1.0,0.8,0.1,-20.8,-20.8,-20.8,-20.8,1.0,0.0,2.0,1.0,0.8,0.1,1.7,1.7,1.7,1.7,1.0,0.0,2.0,1.0,0.8,0.1,7.8,7.8,7.8,7.8,1.0,0.0,2.0,1.0,0.8,0.1,2.98,2.98,2.98,2.98,1.0,0.0,2.0,1.0,0.8,0.1,13.7,13.7,13.7,13.7,1.0,0.0,2.0,1.0,0.8,0.1,-20.0,-20.0,-20.0,-20.0,1.0,0.0,2.0,1.0,0.8,0.1,-113.7,-113.7,-113.7,-113.7,1.0,0.0,2.0,1.0,0.8,0.1,-15.3,-15.3,-15.3,-15.3,1.0,0.0,2.0,1.0,0.8,0.1,-86.9,-86.9,-86.9,-86.9,1.0,0.0,2.0,1.0,0.8,0.1,-2.4,-2.4,-2.4,-2.4,1.0,0.0,2.0,1.0,0.8,0.1,-13.5,-13.5,-13.5,-13.5,1.0,0.0,2.0,1.0,0.8,0.1,97.5,97.5,97.5,97.5,1.0,0.0,2.0,1.0,0.8,0.1,95.0,95.0,95.0,95.0,1.0,0.0,2.0,1.0,0.8,0.1
1974,2,326.0,0.0,27.0,27.0,27.0,27.0,1.0,0.0,24.0,0.0,0.1,0.3,25.0,25.0,25.0,25.0,1.0,0.0,24.0,0.0,0.1,0.3,19.86,19.86,19.86,19.86,1.0,0.0,24.0,0.0,0.1,0.3,100.0,100.0,100.0,100.0,1.0,0.0,24.0,0.0,0.3,4.6,4.6,4.6,4.6,1.0,0.0,24.0,0.0,0.1,0.3,-3.52,-3.52,-3.52,-3.52,1.0,0.0,24.0,0.0,0.1,0.3,-2.96,-2.96,-2.96,-2.96,1.0,0.0,24.0,0.0,0.1,0.3,1008.5,1008.5,1008.5,1008.5,1.0,0.0,24.0,0.0,0.1,0.3,6.0,6.0,6.0,6.0,1.0,0.0,24.0,0.0,0.1,0.3,-16.2,-16.2,-16.2,-16.2,1.0,0.0,24.0,0.0,0.1,0.3,-13.6,-13.6,-13.6,-13.6,1.0,0.0,24.0,0.0,0.1,0.3,2.0,2.0,2.0,2.0,1.0,0.0,24.0,0.0,0.1,0.3,9.2,9.2,9.2,9.2,1.0,0.0,24.0,0.0,0.1,0.3,2.53,2.53,2.53,2.53,1.0,0.0,24.0,0.0,0.1,0.3,11.7,11.7,11.7,11.7,1.0,0.0,24.0,0.0,0.1,0.3,-88.1,-88.1,-88.1,-88.1,1.0,0.0,24.0,0.0,0.1,0.3,-73.9,-73.9,-73.9,-73.9,1.0,0.0,24.0,0.0,0.1,0.3,-70.0,-70.0,-70.0,-70.0,1.0,0.0,24.0,0.0,0.1,0.3,-58.7,-58.7,-58.7,-58.7,1.0,0.0,24.0,0.0,0.1,0.3,-8.9,-8.9,-8.9,-8.9,1.0,0.0,24.0,0.0,0.1,0.3,-7.5,-7.5,-7.5,-7.5,1.0,0.0,24.0,0.0,0.1,0.3,97.5,97.5,97.5,97.5,1.0,0.0,24.0,0.0,0.1,0.3,95.0,95.0,95.0,95.0,1.0,0.0,24.0,0.0,0.1,0.3
1974,2,326.0,1.0,26.14,26.45,26.76,26.45,2.0,0.64,14.0,1.0,0.4,0.5,26.2,26.4,26.6,26.4,2.0,0.42,14.0,1.0,0.4,0.5,16.58,17.15,17.71,17.15,2.0,1.18,14.0,1.0,0.4,0.5,78.0,79.7,81.3,79.7,2.0,3.5,14.0,1.0,0.5,6.86,7.2,7.54,7.2,2.0,0.71,14.0,1.0,0.4,0.5,-6.9,-6.18,-5.47,-6.18,2.0,1.49,14.0,1.0,0.4,0.5,-4.04,-3.47,-2.9,-3.47,2.0,1.18,14.0,1.0,0.4,0.5,1009.93,1010.0,1010.75,1010.33,3.0,0.67,10.0,0.7,0.4,0.6,6.3,7.0,7.7,7.0,2.0,1.4,14.0,1.0,0.4,0.5,-52.3,-45.1,-37.8,-45.1,2.0,15.1,14.0,1.0,0.4,0.5,-27.5,-24.6,-21.6,-24.6,2.0,6.1,14.0,1.0,0.4,0.5,-0.46,0.05,0.56,0.05,2.0,1.06,14.0,1.0,0.4,0.5,-3.7,0.0,3.7,0.0,2.0,7.6,14.0,1.0,0.4,0.5,3.52,4.49,5.47,4.49,2.0,2.02,14.0,1.0,0.4,0.5,26.1,31.6,37.1,31.6,2.0,11.4,14.0,1.0,0.4,0.5,-183.8,-163.6,-143.4,-163.6,2.0,41.9,14.0,1.0,0.4,0.5,-105.7,-91.4,-77.0,-91.4,2.0,29.8,14.0,1.0,0.4,0.5,-122.7,-106.9,-91.1,-106.9,2.0,32.8,14.0,1.0,0.4,0.5,-66.6,-58.8,-51.0,-58.8,2.0,16.2,14.0,1.0,0.4,0.5,-29.1,-26.3,-23.5,-26.3,2.0,5.8,14.0,1.0,0.4,0.5,-22.7,-16.8,-10.8,-16.8,2.0,12.3,14.0,1.0,0.4,0.5,325.5,378.5,432.0,378.5,2.0,110.0,14.0,1.0,0.4,0.5,325.0,380.0,430.0,380.0,2.0,110.0,14.0,1.0,0.4,0.5
1974,2,326.0,3.0,26.61,26.85,27.09,26.85,2.0,0.49,16.0,1.0,0.3,0.1,27.75,27.85,27.95,27.85,2.0,0.21,16.0,1.0,0.3,0.1,18.64,18.66,18.67,18.66,2.0,0.03,16.0,1.0,0.3,0.1,79.1,79.6,80.1,79.6,2.0,1.0,16.0,1.0,0.1,9.6,11.55,13.5,11.55,2.0,4.03,16.0,1.0,0.3,0.1,-8.48,-6.8,-5.13,-6.8,2.0,3.47,16.0,1.0,0.3,0.1,-10.48,-9.28,-8.09,-9.28,2.0,2.47,16.0,1.0,0.3,0.1,1009.88,1010.7,1011.52,1010.7,2.0,1.7,16.0,1.0,0.3,0.1,5.3,6.0,6.7,6.0,2.0,1.4,16.0,1.0,0.3,0.1,-118.1,-85.6,-53.0,-85.6,2.0,67.5,16.0,1.0,0.3,0.1,-144.0,-112.2,-80.4,-112.2,2.0,66.0,16.0,1.0,0.3,0.1,-1.34,-1.0,-0.66,-1.0,2.0,0.71,16.0,1.0,0.3,0.1,-12.1,-10.1,-8.1,-10.1,2.0,4.1,16.0,1.0,0.3,0.1,3.19,3.5,3.81,3.5,2.0,0.65,16.0,1.0,0.3,0.1,31.3,41.7,52.1,41.7,2.0,21.6,16.0,1.0,0.3,0.1,-235.0,-189.1,-143.2,-189.1,2.0,95.2,16.0,1.0,0.3,0.1,-290.5,-258.3,-226.0,-258.3,2.0,66.9,16.0,1.0,0.3,0.1,-158.0,-126.9,-95.7,-126.9,2.0,64.5,16.0,1.0,0.3,0.1,-195.3,-173.1,-151.0,-173.1,2.0,45.8,16.0,1.0,0.3,0.1,-32.9,-24.9,-16.9,-24.9,2.0,16.5,16.0,1.0,0.3,0.1,-40.4,-33.3,-26.2,-33.3,2.0,14.7,16.0,1.0,0.3,0.1,1028.0,1822.0,2616.5,1822.0,2.0,1646.0,16.0,1.0,0.3,0.1,1030.0,1820.0,2615.0,1820.0,2.0,1645.0,16.0,1.0,0.3,0.1
1974,2,326.0,4.0,25.74,26.45,26.82,26.32,6.0,0.56,18.0,0.5,0.8,0.5,25.4,25.7,28.03,26.47,7.0,1.37,16.0,0.6,0.7,0.4,15.47,16.1,17.55,16.61,6.0,1.77,18.0,0.5,0.8,0.5,72.1,78.8,85.2,78.2,6.0,9.0,18.0,0.5,0.5,3.93,7.7,8.78,6.81,7.0,2.72,16.0,0.6,0.7,0.4,-5.19,-4.35,-3.39,-4.24,7.0,1.26,16.0,0.6,0.7,0.4,-7.6,-4.95,-1.82,-4.69,7.0,3.65,16.0,0.6,0.7,0.4,1008.12,1010.4,1011.02,1009.77,7.0,1.79,16.0,0.6,0.7,0.4,5.8,7.0,8.0,6.8,6.0,1.2,16.0,0.7,0.8,0.4,-45.8,-33.6,-13.4,-31.2,7.0,16.9,16.0,0.6,0.7,0.4,-66.8,-38.1,-7.4,-40.3,7.0,33.9,16.0,0.6,0.7,0.4,-0.45,0.25,1.12,0.1,6.0,1.23,18.0,0.5,0.8,0.5,-4.7,1.9,9.3,0.1,6.0,11.9,18.0,0.5,0.8,0.5,4.26,5.14,5.83,4.86,6.0,1.37,18.0,0.5,0.8,0.5,24.9,43.0,48.5,38.2,6.0,19.0,18.0,0.5,0.8,0.5,-147.4,-110.1,-94.9,-112.0,7.0,32.8,16.0,0.6,0.7,0.4,-193.7,-125.7,-51.2,-123.7,7.0,98.9,16.0,0.6,0.7,0.4,-82.0,-73.9,-62.2,-70.7,6.0,16.8,18.0,0.5,0.8,0.5,-129.9,-96.1,-42.5,-81.3,6.0,63.8,18.0,0.5,0.8,0.5,-31.8,-22.7,-17.4,-22.7,6.0,10.3,18.0,0.5,0.8,0.5,-42.0,-32.3,-14.4,-28.8,6.0,19.8,18.0,0.5,0.8,0.5,62.0,456.5,679.5,440.0,7.0,375.5,16.0,0.6,0.7,0.4,60.0,455.0,680.0,440.0,7.0,375.0,16.0,0.6,0.7,0.4
1974,2,326.0,5.0,26.02,26.7,26.97,26.6,8.0,0.56,18.0,0.5,0.6,0.3,25.51,25.7,26.36,25.94,8.0,0.78,18.0,0.5,0.6,0.3,15.39,15.87,17.92,16.35,6.0,1.34,20.0,0.5,0.6,0.4,74.6,77.0,79.8,77.5,6.0,4.5,20.0,0.5,0.4,8.52,10.0,10.48,9.6,5.0,1.1,20.0,0.6,0.6,0.3,-5.47,-5.0,-3.89,-4.72,5.0,0.88,20.0,0.6,0.6,0.3,-9.47,-8.66,-6.94,-8.29,5.0,1.35,20.0,0.6,0.6,0.3,1009.26,1010.9,1011.34,1010.45,6.0,1.16,20.0,0.5,0.6,0.4,3.3,8.0,8.0,6.3,8.0,2.8,18.0,0.5,0.6,0.3,-53.0,-48.7,-35.3,-45.4,5.0,10.3,20.0,0.6,0.6,0.3,-100.2,-86.6,-58.1,-80.7,5.0,21.4,20.0,0.6,0.6,0.3,0.01,1.0,1.1,0.66,8.0,0.59,18.0,0.5,0.6,0.3,0.0,10.3,10.9,6.3,5.0,6.1,20.0,0.6,0.6,0.3,4.94,5.32,6.15,5.45,6.0,0.72,20.0,0.5,0.6,0.4,44.5,52.8,61.6,53.0,5.0,9.4,20.0,0.6,0.6,0.3,-138.4,-128.0,-102.2,-121.4,5.0,21.3,20.0,0.6,0.6,0.3,-240.3,-221.7,-181.8,-213.3,5.0,32.9,20.0,0.6,0.6,0.3,-83.3,-77.7,-65.1,-74.8,5.0,9.6,20.0,0.6,0.6,0.3,-155.5,-134.5,-109.1,-133.4,5.0,28.5,20.0,0.6,0.6,0.3,-32.9,-30.0,-19.0,-26.6,5.0,7.9,20.0,0.6,0.6,0.3,-53.3,-43.3,-38.9,-45.5,5.0,8.1,20.0,0.6,0.6,0.3,619.5,1000.0,1153.5,912.5,5.0,298.0,20.0,0.6,0.6,0.3,620.0,1000.0,1155.0,910.0,5.0,300.0,20.0,0.6,0.6,0.3
1974,2,326.0,6.0,26.0,26.0,26.0,26.0,1.0,0.0,10.0,1.0,0.9,0.5,25.8,25.8,25.8,25.8,1.0,0.0,10.0,1.0,0.9,0.5,15.25,15.25,15.25,15.25,1.0,0.0,10.0,1.0,0.9,0.5,73.5,73.5,73.5,73.5,1.0,0.0,10.0,1.0,0.5,8.7,8.7,8.7,8.7,1.0,0.0,10.0,1.0,0.9,0.5,-4.35,-4.35,-4.35,-4.35,1.0,0.0,10.0,1.0,0.9,0.5,-7.53,-7.53,-7.53,-7.53,1.0,0.0,10.0,1.0,0.9,0.5,1009.4,1009.4,1009.4,1009.4,1.0,0.0,10.0,1.0,0.9,0.5,5.0,5.0,5.0,5.0,1.0,0.0,10.0,1.0,0.9,0.5,-37.8,-37.8,-37.8,-37.8,1.0,0.0,10.0,1.0,0.9,0.5,-65.5,-65.5,-65.5,-65.5,1.0,0.0,10.0,1.0,0.9,0.5,0.2,0.2,0.2,0.2,1.0,0.0,10.0,1.0,0.9,0.5,1.7,1.7,1.7,1.7,1.0,0.0,10.0,1.0,0.9,0.5,5.83,5.83,5.83,5.83,1.0,0.0,10.0,1.0,0.9,0.5,50.7,50.7,50.7,50.7,1.0,0.0,10.0,1.0,0.9,0.5,-112.2,-112.2,-112.2,-112.2,1.0,0.0,10.0,1.0,0.9,0.5,-194.4,-194.4,-194.4,-194.4,1.0,0.0,10.0,1.0,0.9,0.5,-66.3,-66.3,-66.3,-66.3,1.0,0.0,10.0,1.0,0.9,0.5,-114.9,-114.9,-114.9,-114.9,1.0,0.0,10.0,1.0,0.9,0.5,-25.4,-25.4,-25.4,-25.4,1.0,0.0,10.0,1.0,0.9,0.5,-43.9,-43.9,-43.9,-43.9,1.0,0.0,10.0,1.0,0.9,0.5,658.5,658.5,658.5,658.5,1.0,0.0,10.0,1.0,0.9,0.5,660.0,660.0,660.0,660.0,1.0,0.0,10.0,1.0,0.9,0.5
1974,2,326.0,7.0,25.03,25.3,25.5,25.27,3.0,0.35,10.0,1.0,0.5,0.6,25.39,25.8,26.41,25.9,3.0,0.75,10.0,1.0,0.5,0.6,15.17,15.45,15.73,15.45,2.0,0.57,12.0,1.0,0.5,0.6,72.4,72.6,75.3,73.8,3.0,2.4,10.0,1.0,0.6,6.52,7.2,7.54,7.03,3.0,0.76,10.0,1.0,0.5,0.6,-6.13,-5.9,-5.11,-5.63,3.0,0.78,10.0,1.0,0.5,0.6,-4.64,-3.99,-3.72,-4.18,3.0,0.7,10.0,1.0,0.5,0.6,1007.93,1008.85,1009.77,1008.85,2.0,1.91,12.0,1.0,0.5,0.6,4.3,5.0,6.4,5.3,3.0,1.5,10.0,1.0,0.5,0.6,-45.3,-44.9,-34.3,-39.9,3.0,9.1,10.0,1.0,0.5,0.6,-34.2,-25.9,-25.1,-29.6,3.0,7.4,10.0,1.0,0.5,0.6,-0.91,-0.5,-0.36,-0.63,3.0,0.42,10.0,1.0,0.5,0.6,-6.9,-3.6,-2.4,-4.6,3.0,3.4,10.0,1.0,0.5,0.6,4.82,4.95,5.09,4.95,2.0,0.27,12.0,1.0,0.5,0.6,36.7,36.9,37.0,36.9,2.0,0.3,12.0,1.0,0.5,0.6,-159.8,-157.5,-131.7,-146.0,3.0,22.9,10.0,1.0,0.5,0.6,-122.1,-100.4,-95.3,-108.5,3.0,20.8,10.0,1.0,0.5,0.6,-93.8,-93.7,-93.6,-93.7,2.0,0.2,12.0,1.0,0.5,0.6,-74.6,-66.3,-58.0,-66.3,2.0,17.2,12.0,1.0,0.5,0.6,-31.5,-30.1,-28.7,-30.1,2.0,2.8,12.0,1.0,0.5,0.6,-22.8,-21.0,-19.3,-21.0,2.0,3.6,12.0,1.0,0.5,0.6,281.0,373.0,430.0,356.0,3.0,110.0,10.0,1.0,0.5,0.6,280.0,375.0,430.0,355.0,3.0,110.0,10.0,1.0,0.5,0.6
1974,2,326.0,9.0,25.16,25.5,25.84,25.5,2.0,0.71,22.0,0.0,0.4,0.5,22.47,22.85,23.23,22.85,2.0,0.78,22.0,0.0,0.4,0.5,13.61,13.77,13.93,13.77,2.0,0.33,22.0,0.0,0.4,0.5,78.7,79.7,80.6,79.7,2.0,2.0,22.0,0.0,0.5,7.28,7.45,7.62,7.45,2.0,0.35,22.0,0.0,0.4,0.5,-6.09,-3.62,-1.15,-3.62,2.0,5.12,22.0,0.0,0.4,0.5,-6.48,-4.92,-3.36,-4.92,2.0,3.23,22.0,0.0,0.4,0.5,1013.58,1014.4,1015.22,1014.4,2.0,1.7,22.0,0.0,0.4,0.5,0.2,0.5,0.8,0.5,2.0,0.7,22.0,0.0,0.4,0.5,-46.9,-27.9,-8.8,-27.9,2.0,39.4,22.0,0.0,0.4,0.5,-46.8,-36.1,-25.3,-36.1,2.0,22.3,22.0,0.0,0.4,0.5,1.93,2.65,3.37,2.65,2.0,1.48,22.0,0.0,0.4,0.5,14.6,19.5,24.4,19.5,2.0,10.1,22.0,0.0,0.4,0.5,6.03,6.59,7.15,6.59,2.0,1.16,22.0,0.0,0.4,0.5,45.8,48.9,51.9,48.9,2.0,6.3,22.0,0.0,0.4,0.5,-142.4,-84.7,-26.9,-84.7,2.0,119.7,22.0,0.0,0.4,0.5,-144.9,-111.1,-77.3,-111.1,2.0,70.0,22.0,0.0,0.4,0.5,-85.2,-50.7,-16.1,-50.7,2.0,71.6,22.0,0.0,0.4,0.5,-87.9,-67.2,-46.5,-67.2,2.0,42.8,22.0,0.0,0.4,0.5,-35.1,-20.9,-6.6,-20.9,2.0,29.5,22.0,0.0,0.4,0.5,-47.3,-34.3,-21.2,-34.3,2.0,27.0,22.0,0.0,0.4,0.5,386.5,415.0,443.5,415.0,2.0,59.0,22.0,0.0,0.4,0.5,385.0,415.0,445.0,415.0,2.0,60.0,22.0,0.0,0.4,0.5
1974,2,326.0,10.0,23.9,24.1,24.3,24.1,2.0,0.42,6.0,0.0,0.7,0.3,22.37,22.75,23.13,22.75,2.0,0.78,6.0,0.0,0.7,0.3,12.49,13.09,13.68,13.09,2.0,1.24,6.0,0.0,0.7,0.3,74.1,75.8,77.5,75.8,2.0,3.5,6.0,0.0,0.3,8.95,9.5,10.05,9.5,2.0,1.13,6.0,0.0,0.7,0.3,-8.46,-8.23,-8.0,-8.23,2.0,0.48,6.0,0.0,0.7,0.3,-5.81,-4.07,-2.32,-4.07,2.0,3.61,6.0,0.0,0.7,0.3,1010.02,1010.5,1010.98,1010.5,2.0,0.99,6.0,0.0,0.7,0.3,8.0,8.0,8.0,8.0,1.0,0.0,8.0,0.0,0.4,0.7,-80.2,-77.9,-75.6,-77.9,2.0,4.8,6.0,0.0,0.7,0.3,-59.5,-40.7,-21.9,-40.7,2.0,38.9,6.0,0.0,0.7,0.3,1.18,1.35,1.52,1.35,2.0,0.35,6.0,0.0,0.7,0.3,11.7,12.6,13.5,12.6,2.0,1.8,6.0,0.0,0.7,0.3,5.33,5.69,6.05,5.69,2.0,0.74,6.0,0.0,0.7,0.3,53.4,53.6,53.9,53.6,2.0,0.6,6.0,0.0,0.7,0.3,-189.2,-187.0,-184.9,-187.0,2.0,4.5,6.0,0.0,0.7,0.3,-135.1,-93.9,-52.7,-93.9,2.0,85.4,6.0,0.0,0.7,0.3,-109.3,-107.4,-105.5,-107.4,2.0,3.9,6.0,0.0,0.7,0.3,-80.7,-55.4,-30.2,-55.4,2.0,52.3,6.0,0.0,0.7,0.3,-51.3,-47.0,-42.8,-47.0,2.0,8.8,6.0,0.0,0.7,0.3,-30.3,-21.8,-13.3,-21.8,2.0,17.6,6.0,0.0,0.7,0.3,727.5,875.5,1024.0,875.5,2.0,307.0,6.0,0.0,0.7,0.3,725.0,875.0,1025.0,875.0,2.0,305.0,6.0,0.0,0.7,0.3
1974,2,326.0,11.0,24.3,24.3,24.3,24.3,1.0,0.0,28.0,1.0,0.3,0.0,24.7,24.7,24.7,24.7,1.0,0.0,28.0,1.0,0.3,0.0,12.01,12.01,12.01,12.01,1.0,0.0,28.0,1.0,0.3,0.0,62.2,62.2,62.2,62.2,1.0,0.0,28.0,1.0,0.0,6.7,6.7,6.7,6.7,1.0,0.0,28.0,1.0,0.3,0.0,-4.31,-4.31,-4.31,-4.31,1.0,0.0,28.0,1.0,0.3,0.0,-5.13,-5.13,-5.13,-5.13,1.0,0.0,28.0,1.0,0.3,0.0,1014.8,1014.8,1014.8,1014.8,1.0,0.0,28.0,1.0,0.3,0.0,3.0,3.0,3.0,3.0,1.0,0.0,28.0,1.0,0.3,0.0,-28.9,-28.9,-28.9,-28.9,1.0,0.0,28.0,1.0,0.3,0.0,-34.4,-34.4,-34.4,-34.4,1.0,0.0,28.0,1.0,0.3,0.0,-0.4,-0.4,-0.4,-0.4,1.0,0.0,28.0,1.0,0.3,0.0,-2.7,-2.7,-2.7,-2.7,1.0,0.0,28.0,1.0,0.3,0.0,6.91,6.91,6.91,6.91,1.0,0.0,28.0,1.0,0.3,0.0,46.3,46.3,46.3,46.3,1.0,0.0,28.0,1.0,0.3,0.0,-106.4,-106.4,-106.4,-106.4,1.0,0.0,28.0,1.0,0.3,0.0,-126.8,-126.8,-126.8,-126.8,1.0,0.0,28.0,1.0,0.3,0.0,-51.7,-51.7,-51.7,-51.7,1.0,0.0,28.0,1.0,0.3,0.0,-61.6,-61.6,-61.6,-61.6,1.0,0.0,28.0,1.0,0.3,0.0,-29.8,-29.8,-29.8,-29.8,1.0,0.0,28.0,1.0,0.3,0.0,-35.5,-35.5,-35.5,-35.5,1.0,0.0,28.0,1.0,0.3,0.0,301.0,301.0,301.0,301.0,1.0,0.0,28.0,1.0,0.3,0.0,300.0,300.0,300.0,300.0,1.0,0.0,28.0,1.0,0.3,0.0
1974,2,326.0,12.0,22.93,23.8,25.12,24.06,5.0,1.37,18.0,0.2,0.6,0.5,21.2,22.0,22.6,21.98,5.0,0.87,18.0,0.2,0.6,0.5,11.99,12.35,14.1,12.97,5.0,1.26,18.0,0.2,0.6,0.5,72.7,76.5,86.7,79.3,5.0,10.0,18.0,0.2,0.5,6.12,8.2,12.75,9.24,5.0,3.8,18.0,0.2,0.6,0.5,-12.22,-5.8,-4.03,-7.82,5.0,4.59,18.0,0.2,0.6,0.5,-5.16,-3.35,-2.99,-4.05,5.0,1.79,18.0,0.2,0.6,0.5,1011.88,1013.5,1016.21,1014.08,5.0,3.08,18.0,0.2,0.6,0.5,2.0,4.0,5.7,4.0,5.0,2.1,18.0,0.2,0.6,0.5,-157.6,-38.9,-28.6,-85.5,5.0,79.6,18.0,0.2,0.6,0.5,-51.5,-36.0,-20.4,-36.2,5.0,17.2,18.0,0.2,0.6,0.5,0.45,2.3,3.48,2.08,5.0,2.04,18.0,0.2,0.6,0.5,7.2,14.4,32.2,18.5,5.0,16.6,18.0,0.2,0.6,0.5,5.18,5.53,6.44,5.75,5.0,0.66,18.0,0.2,0.6,0.5,34.3,52.9,68.0,51.8,5.0,17.8,18.0,0.2,0.6,0.5,-270.2,-135.2,-85.4,-172.6,5.0,102.0,18.0,0.2,0.6,0.5,-111.9,-78.1,-64.2,-88.5,5.0,36.9,18.0,0.2,0.6,0.5,-160.1,-69.7,-55.7,-100.8,5.0,58.3,18.0,0.2,0.6,0.5,-73.5,-40.2,-36.1,-54.2,5.0,30.0,18.0,0.2,0.6,0.5,-65.1,-30.5,-26.0,-43.0,5.0,21.9,18.0,0.2,0.6,0.5,-30.9,-21.1,-15.8,-23.9,5.0,12.8,18.0,0.2,0.6,0.5,239.5,551.5,2133.5,1123.0,5.0,1196.5,18.0,0.2,0.6,0.5,240.0,550.0,2135.0,1125.0,5.0,1195.0,18.0,0.2,0.6,0.5
1974,2,326.0,13.0,22.99,23.4,23.81,23.4,2.0,0.85,20.0,0.0,0.5,0.5,22.06,22.2,22.34,22.2,2.0,0.28,20.0,0.0,0.5,0.5,9.88,10.13,10.38,10.13,2.0,0.51,20.0,0.0,0.5,0.5,59.2,61.1,63.1,61.1,2.0,4.1,20.0,0.0,0.5,9.78,10.8,11.82,10.8,2.0,2.12,20.0,0.0,0.5,0.5,-9.4,-9.36,-9.32,-9.36,2.0,0.09,20.0,0.0,0.5,0.5,-6.65,-3.95,-1.25,-3.95,2.0,5.59,20.0,0.0,0.5,0.5,1014.66,1014.8,1014.94,1014.8,2.0,0.28,20.0,0.0,0.5,0.5,6.3,7.0,7.7,7.0,2.0,1.4,20.0,0.0,0.5,0.5,-111.2,-101.2,-91.2,-101.2,2.0,20.8,20.0,0.0,0.5,0.5,-81.8,-48.6,-15.4,-48.6,2.0,68.8,20.0,0.0,0.5,0.5,0.93,1.2,1.47,1.2,2.0,0.57,20.0,0.0,0.5,0.5,9.4,13.6,17.7,13.6,2.0,8.7,20.0,0.0,0.5,0.5,7.1,7.79,8.49,7.79,2.0,1.44,20.0,0.0,0.5,0.5,70.2,85.7,101.2,85.7,2.0,32.1,20.0,0.0,0.5,0.5,-210.0,-207.8,-205.6,-207.8,2.0,4.6,20.0,0.0,0.5,0.5,-149.0,-88.6,-28.1,-88.6,2.0,125.2,20.0,0.0,0.5,0.5,-96.7,-94.8,-92.9,-94.8,2.0,3.9,20.0,0.0,0.5,0.5,-65.0,-38.6,-12.3,-38.6,2.0,54.6,20.0,0.0,0.5,0.5,-79.9,-73.0,-66.2,-73.0,2.0,14.2,20.0,0.0,0.5,0.5,-58.6,-34.8,-11.1,-34.8,2.0,49.3,20.0,0.0,0.5,0.5,972.0,1332.5,1693.0,1332.5,2.0,747.0,20.0,0.0,0.5,0.5,970.0,1335.0,1695.0,1335.0,2.0,745.0,20.0,0.0,0.5,0.5
1974,2,326.0,14.0,22.86,23.0,24.77,23.8,3.0,1.56,18.0,0.7,0.4,0.1,22.58,22.75,22.92,22.75,2.0,0.35,20.0,0.5,0.4,0.1,9.89,10.3,10.7,10.3,2.0,0.84,20.0,0.5,0.4,0.1,57.2,60.2,63.2,60.2,2.0,6.2,20.0,0.5,0.1,12.3,12.3,12.71,12.5,3.0,0.35,18.0,0.7,0.4,0.1,-10.41,-9.88,-9.57,-9.99,3.0,0.62,18.0,0.7,0.4,0.1,-8.17,-7.91,-6.71,-7.45,3.0,1.14,18.0,0.7,0.4,0.1,1013.71,1014.8,1015.96,1014.83,3.0,1.65,18.0,0.7,0.4,0.1,4.3,5.0,7.0,5.7,3.0,2.1,18.0,0.7,0.4,0.1,-129.9,-127.5,-119.6,-124.8,3.0,7.9,18.0,0.7,0.4,0.1,-103.9,-97.2,-82.5,-93.3,3.0,16.0,18.0,0.7,0.4,0.1,0.05,0.15,0.25,0.15,2.0,0.21,20.0,0.5,0.4,0.1,0.6,1.8,3.1,1.8,2.0,2.6,20.0,0.5,0.4,0.1,6.58,7.06,7.55,7.06,2.0,1.01,20.0,0.5,0.4,0.1,80.9,86.9,92.9,86.9,2.0,12.4,20.0,0.5,0.4,0.1,-236.0,-228.2,-220.4,-228.2,2.0,16.2,20.0,0.5,0.4,0.1,-174.9,-160.1,-145.3,-160.1,2.0,30.7,20.0,0.5,0.4,0.1,-112.1,-103.7,-95.3,-103.7,2.0,17.4,20.0,0.5,0.4,0.1,-75.2,-71.8,-68.5,-71.8,2.0,6.9,20.0,0.5,0.4,0.1,-72.4,-70.4,-68.5,-70.4,2.0,4.0,20.0,0.5,0.4,0.1,-57.9,-50.3,-42.6,-50.3,2.0,15.9,20.0,0.5,0.4,0.1,1861.0,1861.0,2056.0,1956.0,3.0,165.0,18.0,0.7,0.4,0.1,1860.0,1860.0,2055.0,1955.0,3.0,165.0,18.0,0.7,0.4,0.1
1974,2,326.0,15.0,21.6,21.6,21.6,21.6,1.0,0.0,24.0,0.0,0.6,0.8,20.6,20.6,20.6,20.6,1.0,0.0,24.0,0.0,0.6,0.8,11.91,11.91,11.91,11.91,1.0,0.0,24.0,0.0,0.6,0.8,79.3,79.3,79.3,79.3,1.0,0.0,24.0,0.0,0.8,2.6,2.6,2.6,2.6,1.0,0.0,24.0,0.0,0.6,0.8,-1.99,-1.99,-1.99,-1.99,1.0,0.0,24.0,0.0,0.6,0.8,-1.67,-1.67,-1.67,-1.67,1.0,0.0,24.0,0.0,0.6,0.8,1016.4,1016.4,1016.4,1016.4,1.0,0.0,24.0,0.0,0.6,0.8,3.0,3.0,3.0,3.0,1.0,0.0,24.0,0.0,0.6,0.8,-5.2,-5.2,-5.2,-5.2,1.0,0.0,24.0,0.0,0.6,0.8,-4.3,-4.3,-4.3,-4.3,1.0,0.0,24.0,0.0,0.6,0.8,1.0,1.0,1.0,1.0,1.0,0.0,24.0,0.0,0.6,0.8,2.6,2.6,2.6,2.6,1.0,0.0,24.0,0.0,0.6,0.8,4.1,4.1,4.1,4.1,1.0,0.0,24.0,0.0,0.6,0.8,10.6,10.6,10.6,10.6,1.0,0.0,24.0,0.0,0.6,0.8,-41.0,-41.0,-41.0,-41.0,1.0,0.0,24.0,0.0,0.6,0.8,-34.4,-34.4,-34.4,-34.4,1.0,0.0,24.0,0.0,0.6,0.8,-23.7,-23.7,-23.7,-23.7,1.0,0.0,24.0,0.0,0.6,0.8,-19.9,-19.9,-19.9,-19.9,1.0,0.0,24.0,0.0,0.6,0.8,-8.2,-8.2,-8.2,-8.2,1.0,0.0,24.0,0.0,0.6,0.8,-6.8,-6.8,-6.8,-6.8,1.0,0.0,24.0,0.0,0.6,0.8,17.5,17.5,17.5,17.5,1.0,0.0,24.0,0.0,0.6,0.8,20.0,20.0,20.0,20.0,1.0,0.0,24.0,0.0,0.6,0.8
1974,2,326.0,17.0,21.83,22.5,22.9,22.38,4.0,0.68,12.0,0.5,0.7,0.4,20.79,21.95,25.05,22.88,4.0,2.93,12.0,0.5,0.7,0.4,10.74,11.01,12.02,11.36,4.0,0.95,12.0,0.5,0.7,0.4,56.7,68.1,77.4,67.1,4.0,14.1,12.0,0.5,0.4,7.94,10.8,12.61,10.3,4.0,2.87,12.0,0.5,0.7,0.4,-10.92,-9.7,-7.2,-9.09,4.0,2.43,12.0,0.5,0.7,0.4,-6.31,-4.75,-3.26,-4.78,4.0,1.76,12.0,0.5,0.7,0.4,1016.57,1018.65,1019.37,1018.0,4.0,2.08,12.0,0.5,0.7,0.4,1.3,4.0,6.7,4.0,3.0,4.0,10.0,0.7,0.8,0.4,-137.9,-106.1,-59.1,-98.8,4.0,48.3,12.0,0.5,0.7,0.4,-79.6,-52.6,-25.8,-52.7,4.0,31.1,12.0,0.5,0.7,0.4,-3.21,0.65,2.1,-0.5,4.0,3.59,12.0,0.5,0.7,0.4,-40.3,4.1,19.9,-9.5,4.0,43.0,12.0,0.5,0.7,0.4,4.86,5.22,5.99,5.42,4.0,0.82,12.0,0.5,0.7,0.4,46.8,53.6,61.6,54.2,4.0,9.3,12.0,0.5,0.7,0.4,-264.5,-211.9,-157.9,-211.2,4.0,75.0,12.0,0.5,0.7,0.4,-152.7,-101.0,-70.8,-111.3,4.0,50.1,12.0,0.5,0.7,0.4,-128.5,-109.3,-79.2,-104.1,4.0,32.0,12.0,0.5,0.7,0.4,-74.2,-52.7,-35.8,-54.9,4.0,22.4,12.0,0.5,0.7,0.4,-53.3,-48.2,-42.3,-47.8,4.0,7.7,12.0,0.5,0.7,0.4,-30.8,-25.3,-19.4,-25.1,4.0,7.0,12.0,0.5,0.7,0.4,540.5,1332.5,2010.5,1278.0,4.0,870.5,12.0,0.5,0.7,0.4,540.0,1335.0,2010.0,1280.0,4.0,870.0,12.0,0.5,0.7,0.4
1974,2,326.0,18.0,22.0,22.2,22.27,22.13,3.0,0.21,20.0,0.3,0.6,0.6,20.82,21.5,23.14,21.97,3.0,1.75,20.0,0.3,0.6,0.6,10.19,11.54,13.98,12.07,3.0,2.82,20.0,0.3,0.6,0.6,65.7,77.3,80.7,73.3,3.0,11.5,20.0,0.3,0.6,7.16,10.3,11.32,9.27,3.0,3.18,20.0,0.3,0.6,0.6,-10.79,-10.14,-6.59,-8.72,3.0,3.31,20.0,0.3,0.6,0.6,-3.66,-2.85,-2.13,-2.89,3.0,1.12,20.0,0.3,0.6,0.6,1016.52,1017.0,1017.89,1017.2,3.0,1.01,20.0,0.3,0.6,0.6,3.0,5.0,5.7,4.3,3.0,2.1,20.0,0.3,0.6,0.6,-122.5,-104.5,-52.4,-87.8,3.0,53.3,20.0,0.3,0.6,0.6,-38.4,-18.4,-16.9,-27.4,3.0,17.5,20.0,0.3,0.6,0.6,-0.91,0.8,1.21,0.17,3.0,1.64,20.0,0.3,0.6,0.6,-9.4,8.0,9.0,0.0,3.0,15.2,20.0,0.3,0.6,0.6,2.52,4.77,6.4,4.46,3.0,2.85,20.0,0.3,0.6,0.6,19.0,27.2,66.2,42.2,3.0,37.0,20.0,0.3,0.6,0.6,-241.2,-238.4,-144.7,-194.0,3.0,80.4,20.0,0.3,0.6,0.6,-77.8,-58.4,-47.7,-62.6,3.0,22.3,20.0,0.3,0.6,0.6,-138.3,-106.0,-72.5,-105.4,3.0,48.2,20.0,0.3,0.6,0.6,-36.8,-32.9,-28.9,-32.8,3.0,5.8,20.0,0.3,0.6,0.6,-61.6,-23.6,-17.7,-39.3,3.0,34.9,20.0,0.3,0.6,0.6,-24.0,-13.6,-6.1,-15.0,3.0,13.2,20.0,0.3,0.6,0.6,473.0,1092.5,1468.5,973.5,3.0,736.0,20.0,0.3,0.6,0.6,475.0,1095.0,1470.0,975.0,3.0,735.0,20.0,0.3,0.6,0.6
1974,2,326.0,19.0,,,,,,,,,,,,,,,,,,,,,,,,,,,,,,,,,,,,,,,,11.0,11.0,11.0,11.0,1.0,0.0,2.0,1.0,0.1,0.3,-10.83,-10.83,-10.83,-10.83,1.0,0.0,2.0,1.0,0.1,0.3,-1.91,-1.91,-1.91,-1.91,1.0,0.0,2.0,1.0,0.1,0.3,1016.6,1016.6,1016.6,1016.6,1.0,0.0,2.0,1.0,0.1,0.3,,,,,,,,,,,,,,,,,,,,,,,,,,,,,,,,,,,,,,,,,,,,,,,,,,,,,,,,,,,,,,,,,,,,,,,,,,,,,,,,,,,,,,,,,,,,,,,,,,,,,,,,,,,,,,,,,,,,,,,,,,,,,,,,,,,,,,,,,,,,,,,,,,,,,,
1974,2,326.0,20.0,20.84,21.15,21.88,21.35,4.0,0.81,14.0,0.0,0.2,0.2,20.0,20.5,21.1,20.55,4.0,0.64,14.0,0.0,0.2,0.2,10.43,11.32,12.52,11.47,4.0,1.22,14.0,0.0,0.2,0.2,72.4,75.4,80.8,76.6,4.0,5.1,14.0,0.0,0.2,6.68,8.25,10.09,8.38,4.0,2.07,14.0,0.0,0.2,0.2,-8.52,-7.68,-5.86,-7.21,4.0,1.78,14.0,0.0,0.2,0.2,-5.53,-3.58,-2.17,-3.84,4.0,2.37,14.0,0.0,0.2,0.2,1016.19,1019.3,1020.37,1018.33,4.0,3.01,14.0,0.0,0.2,0.2,3.0,3.0,5.6,4.3,4.0,2.5,14.0,0.0,0.2,0.2,-85.5,-66.2,-39.7,-62.8,4.0,27.7,14.0,0.0,0.2,0.2,-53.4,-27.1,-16.5,-34.6,4.0,28.3,14.0,0.0,0.2,0.2,0.23,0.9,1.36,0.8,4.0,0.71,14.0,0.0,0.2,0.2,2.3,7.4,11.2,6.8,4.0,5.8,14.0,0.0,0.2,0.2,3.7,4.35,4.85,4.28,4.0,0.77,14.0,0.0,0.2,0.2,24.7,34.1,49.2,36.8,4.0,14.9,14.0,0.0,0.2,0.2,-170.3,-157.9,-123.8,-147.6,4.0,33.4,14.0,0.0,0.2,0.2,-112.6,-73.7,-44.2,-78.2,4.0,46.9,14.0,0.0,0.2,0.2,-88.9,-86.4,-73.0,-81.2,4.0,13.8,14.0,0.0,0.2,0.2,-62.3,-42.1,-23.8,-43.0,4.0,24.5,14.0,0.0,0.2,0.2,-41.2,-31.6,-21.5,-31.3,4.0,11.4,14.0,0.0,0.2,0.2,-26.5,-15.5,-9.1,-17.7,4.0,13.1,14.0,0.0,0.2,0.2,302.5,589.0,1043.0,669.0,4.0,462.0,14.0,0.0,0.2,0.2,305.0,590.0,1045.0,670.0,4.0,460.0,14.0,0.0,0.2,0.2
1974,2,326.0,21.0,20.63,22.0,23.37,22.0,2.0,2.83,12.0,1.0,0.8,0.6,21.78,21.95,22.12,21.95,2.0,0.35,12.0,1.0,0.8,0.6,9.87,10.42,10.97,10.42,2.0,1.14,12.0,1.0,0.8,0.6,61.6,64.1,66.7,64.1,2.0,5.3,12.0,1.0,0.6,5.66,7.95,10.24,7.95,2.0,4.74,12.0,1.0,0.8,0.6,-10.23,-7.92,-5.6,-7.92,2.0,4.79,12.0,1.0,0.8,0.6,-0.67,-0.4,-0.13,-0.4,2.0,0.56,12.0,1.0,0.8,0.6,1019.04,1021.05,1023.06,1021.05,2.0,4.17,12.0,1.0,0.8,0.6,7.2,7.5,7.8,7.5,2.0,0.7,12.0,1.0,0.8,0.6,-110.7,-74.3,-37.8,-74.3,2.0,75.6,12.0,1.0,0.8,0.6,-3.1,-1.8,-0.6,-1.8,2.0,2.6,12.0,1.0,0.8,0.6,-1.14,0.05,1.24,0.05,2.0,2.47,12.0,1.0,0.8,0.6,-14.8,-5.5,3.9,-5.5,2.0,19.4,12.0,1.0,0.8,0.6,5.17,6.03,6.89,6.03,2.0,1.78,12.0,1.0,0.8,0.6,36.8,43.7,50.7,43.7,2.0,14.4,12.0,1.0,0.8,0.6,-222.3,-172.9,-123.5,-172.9,2.0,102.3,12.0,1.0,0.8,0.6,-14.9,-8.9,-2.8,-8.9,2.0,12.5,12.0,1.0,0.8,0.6,-99.5,-79.8,-60.0,-79.8,2.0,40.9,12.0,1.0,0.8,0.6,-7.5,-4.5,-1.4,-4.5,2.0,6.3,12.0,1.0,0.8,0.6,-50.6,-43.5,-36.3,-43.5,2.0,14.8,12.0,1.0,0.8,0.6,-4.9,-2.9,-0.9,-2.9,2.0,4.1,12.0,1.0,0.8,0.6,311.0,770.0,1229.5,770.0,2.0,951.5,12.0,1.0,0.8,0.6,310.0,770.0,1230.0,770.0,2.0,950.0,12.0,1.0,0.8,0.6
1974,2,326.0,22.0,21.58,21.75,21.92,21.75,2.0,0.35,8.0,0.5,0.5,0.6,20.45,21.0,22.37,21.4,3.0,1.44,12.0,0.3,0.4,0.6,11.03,11.08,11.13,11.08,2.0,0.1,8.0,0.5,0.5,0.6,65.0,68.3,71.6,68.3,2.0,6.8,8.0,0.5,0.6,4.38,8.2,8.95,6.7,3.0,3.59,12.0,0.3,0.4,0.6,-8.81,-8.08,-3.7,-6.3,3.0,4.05,12.0,0.3,0.4,0.6,-1.55,-1.42,0.91,-0.35,3.0,2.03,12.0,0.3,0.4,0.6,1016.22,1018.4,1022.56,1019.37,3.0,4.72,12.0,0.3,0.4,0.6,1.0,1.0,3.7,2.3,3.0,2.3,12.0,0.3,0.4,0.6,-79.2,-66.2,-24.0,-51.9,3.0,42.3,12.0,0.3,0.4,0.6,-14.0,-11.7,-0.2,-7.2,3.0,10.8,12.0,0.3,0.4,0.6,-0.76,-0.25,0.26,-0.25,2.0,1.06,8.0,0.5,0.5,0.6,-7.2,-2.6,2.0,-2.6,2.0,9.5,8.0,0.5,0.5,0.6,4.75,5.0,5.25,5.0,2.0,0.52,8.0,0.5,0.5,0.6,39.9,43.9,48.0,43.9,2.0,8.5,8.0,0.5,0.5,0.6,-197.6,-169.6,-76.9,-138.0,3.0,92.6,12.0,0.3,0.4,0.6,-34.8,-29.9,18.0,-8.9,3.0,42.7,12.0,0.3,0.4,0.6,-99.1,-95.5,-91.8,-95.5,2.0,7.6,8.0,0.5,0.5,0.6,-17.5,-16.8,-16.2,-16.8,2.0,1.3,8.0,0.5,0.5,0.6,-47.3,-43.3,-39.2,-43.3,2.0,8.3,8.0,0.5,0.5,0.6,-8.3,-7.6,-6.9,-7.6,2.0,1.5,8.0,0.5,0.5,0.6,187.0,551.5,724.0,458.0,3.0,401.5,12.0,0.3,0.4,0.6,185.0,550.0,725.0,460.0,3.0,400.0,12.0,0.3,0.4,0.6
1974,2,326.0,23.0,20.4,20.4,20.4,20.4,1.0,0.0,10.0,0.0,1.0,0.7,19.8,19.8,19.8,19.8,1.0,0.0,10.0,0.0,1.0,0.7,10.89,10.89,10.89,10.89,1.0,0.0,10.0,0.0,1.0,0.7,76.7,76.7,76.7,76.7,1.0,0.0,10.0,0.0,0.7,5.1,5.1,5.1,5.1,1.0,0.0,10.0,0.0,1.0,0.7,-3.91,-3.91,-3.91,-3.91,1.0,0.0,10.0,0.0,1.0,0.7,-3.28,-3.28,-3.28,-3.28,1.0,0.0,10.0,0.0,1.0,0.7,1022.5,1022.5,1022.5,1022.5,1.0,0.0,10.0,0.0,1.0,0.7,1.0,1.0,1.0,1.0,1.0,0.0,10.0,0.0,1.0,0.7,-19.9,-19.9,-19.9,-19.9,1.0,0.0,10.0,0.0,1.0,0.7,-16.7,-16.7,-16.7,-16.7,1.0,0.0,10.0,0.0,1.0,0.7,0.6,0.6,0.6,0.6,1.0,0.0,10.0,0.0,1.0,0.7,3.1,3.1,3.1,3.1,1.0,0.0,10.0,0.0,1.0,0.7,3.88,3.88,3.88,3.88,1.0,0.0,10.0,0.0,1.0,0.7,19.8,19.8,19.8,19.8,1.0,0.0,10.0,0.0,1.0,0.7,-77.4,-77.4,-77.4,-77.4,1.0,0.0,10.0,0.0,1.0,0.7,-64.9,-64.9,-64.9,-64.9,1.0,0.0,10.0,0.0,1.0,0.7,-42.6,-42.6,-42.6,-42.6,1.0,0.0,10.0,0.0,1.0,0.7,-35.7,-35.7,-35.7,-35.7,1.0,0.0,10.0,0.0,1.0,0.7,-15.1,-15.1,-15.1,-15.1,1.0,0.0,10.0,0.0,1.0,0.7,-12.7,-12.7,-12.7,-12.7,1.0,0.0,10.0,0.0,1.0,0.7,132.5,132.5,132.5,132.5,1.0,0.0,10.0,0.0,1.0,0.7,135.0,135.0,135.0,135.0,1.0,0.0,10.0,0.0,1.0,0.7
1974,2,326.0,24.0,,,,,,,,,,,,,,,,,,,,,,,,,,,,,,,,,,,,,,,,2.01,5.25,8.49,5.25,2.0,6.72,20.0,0.0,0.5,0.0,-8.36,-5.17,-1.98,-5.17,2.0,6.62,20.0,0.0,0.5,0.0,0.35,0.91,1.47,0.91,2.0,1.17,20.0,0.0,0.5,0.0,1023.2,1023.2,1023.2,1023.2,2.0,0.0,20.0,0.0,0.5,0.0,,,,,,,,,,,,,,,,,,,,,,,,,,,,,,,,,,,,,,,,,,,,,,,,,,,,,,,,,,,,,,,,,,,,,,,,,,,,,,,,,,,,,,,,,,,,,,,,,,,,,,,,,,,,,,,,,,,,,,,,,,,,,,,,,,,,,,,,,,,,,,,,,,,,,,
1974,2,326.0,25.0,21.0,21.35,22.0,21.47,10.0,0.84,16.0,0.3,0.5,0.5,20.0,21.1,22.57,20.97,10.0,1.55,16.0,0.3,0.5,0.5,10.09,12.68,12.9,11.95,7.0,1.79,18.0,0.4,0.6,0.6,70.0,73.4,83.3,74.7,7.0,9.2,18.0,0.4,0.6,5.43,7.1,9.74,7.72,10.0,2.62,16.0,0.3,0.5,0.5,-6.56,-5.15,-1.98,-4.68,10.0,2.14,16.0,0.3,0.5,0.5,-9.6,-2.92,0.08,-4.34,10.0,4.82,16.0,0.3,0.5,0.5,1018.58,1023.6,1025.07,1021.96,10.0,4.26,16.0,0.3,0.5,0.5,1.0,2.5,6.1,3.4,10.0,2.5,16.0,0.3,0.5,0.5,-50.6,-31.1,-19.5,-33.6,10.0,16.4,16.0,0.3,0.5,0.5,-93.9,-20.6,0.2,-44.2,10.0,56.1,16.0,0.3,0.5,0.5,-1.44,0.25,1.87,0.5,10.0,2.09,16.0,0.3,0.5,0.5,-13.0,1.2,13.7,0.9,10.0,16.1,16.0,0.3,0.5,0.5,1.66,3.52,5.87,3.64,7.0,2.02,18.0,0.4,0.6,0.6,15.2,23.9,37.6,28.0,7.0,17.8,18.0,0.4,0.6,0.6,-139.1,-102.4,-44.1,-96.3,10.0,41.8,16.0,0.3,0.5,0.5,-212.0,-58.4,2.4,-94.6,10.0,109.4,16.0,0.3,0.5,0.5,-71.4,-54.4,-19.9,-48.5,7.0,26.5,18.0,0.4,0.6,0.6,-117.0,-73.3,10.3,-67.6,7.0,70.9,18.0,0.4,0.6,0.6,-28.7,-11.7,-4.1,-15.0,7.0,11.3,18.0,0.4,0.6,0.6,-25.4,-11.8,2.9,-16.8,7.0,22.6,18.0,0.4,0.6,0.6,164.0,375.0,937.0,612.5,10.0,629.0,16.0,0.3,0.5,0.5,165.0,375.0,935.0,610.0,10.0,630.0,16.0,0.3,0.5,0.5
1974,2,326.0,26.0,21.0,21.1,21.74,21.38,5.0,0.64,12.0,0.4,0.6,0.7,20.15,20.8,21.57,20.88,5.0,0.89,12.0,0.4,0.6,0.7,9.88,10.25,11.21,10.53,4.0,0.9,16.0,0.5,0.6,0.6,64.5,70.0,73.5,69.0,4.0,6.9,16.0,0.5,0.6,4.92,6.0,8.22,6.58,5.0,2.15,12.0,0.4,0.6,0.7,-8.17,-5.64,-4.07,-6.1,5.0,2.54,12.0,0.4,0.6,0.7,-2.53,0.0,1.26,-0.56,5.0,2.32,12.0,0.4,0.6,0.7,1023.09,1026.4,1027.37,1025.38,5.0,2.62,12.0,0.4,0.6,0.7,2.5,7.0,7.0,5.0,5.0,3.1,12.0,0.4,0.6,0.7,-68.9,-33.8,-19.3,-44.3,5.0,33.2,12.0,0.4,0.6,0.7,-18.3,0.0,6.8,-4.3,5.0,13.9,12.0,0.4,0.6,0.7,-0.31,1.0,1.24,0.5,5.0,1.04,12.0,0.4,0.6,0.7,-1.3,6.0,8.2,3.7,5.0,6.3,12.0,0.4,0.6,0.7,4.82,5.21,5.5,5.16,4.0,0.4,16.0,0.5,0.6,0.6,25.3,30.5,33.3,29.4,4.0,5.0,16.0,0.5,0.6,0.6,-168.1,-112.2,-87.5,-126.1,5.0,49.9,12.0,0.4,0.6,0.7,-54.1,0.0,25.7,-12.8,5.0,49.7,12.0,0.4,0.6,0.7,-66.5,-54.7,-42.3,-54.4,4.0,17.9,16.0,0.5,0.6,0.6,-20.1,4.7,15.2,-2.1,4.0,25.6,16.0,0.5,0.6,0.6,-32.4,-26.7,-20.2,-26.3,4.0,7.3,16.0,0.5,0.6,0.6,-11.3,2.0,7.8,-1.6,4.0,14.1,16.0,0.5,0.6,0.6,120.0,216.0,602.0,364.0,5.0,371.0,12.0,0.4,0.6,0.7,120.0,215.0,600.0,365.0,5.0,370.0,12.0,0.4,0.6,0.7
1974,2,326.0,27.0,20.79,21.0,21.63,21.15,6.0,0.81,10.0,0.8,0.6,0.4,19.21,20.0,20.87,20.02,6.0,1.03,10.0,0.8,0.6,0.4,9.77,10.04,10.16,9.99,5.0,0.22,12.0,0.8,0.6,0.3,68.2,68.5,74.5,71.0,5.0,4.1,12.0,0.8,0.3,5.0,6.35,9.27,6.95,6.0,2.25,10.0,0.8,0.6,0.4,-9.16,-6.25,-4.63,-6.74,6.0,2.42,10.0,0.8,0.6,0.4,-1.15,0.58,1.86,0.43,6.0,1.55,10.0,0.8,0.6,0.4,1022.44,1025.5,1026.24,1024.2,6.0,3.22,10.0,0.8,0.6,0.4,3.8,7.0,7.0,5.8,6.0,1.8,10.0,0.8,0.6,0.4,-85.2,-39.8,-23.2,-51.4,6.0,34.4,10.0,0.8,0.6,0.4,-7.9,3.9,9.2,1.2,6.0,9.8,10.0,0.8,0.6,0.4,0.86,1.2,1.52,1.13,6.0,0.48,10.0,0.8,0.6,0.4,4.3,8.7,11.7,8.3,6.0,4.8,10.0,0.8,0.6,0.4,4.75,5.23,5.66,5.2,5.0,0.63,12.0,0.8,0.6,0.3,26.3,35.1,38.7,33.2,5.0,7.9,12.0,0.8,0.6,0.3,-190.6,-123.1,-93.1,-134.3,6.0,46.5,10.0,0.8,0.6,0.4,-23.5,11.3,37.5,8.4,6.0,32.0,10.0,0.8,0.6,0.4,-80.1,-57.6,-44.7,-63.1,5.0,24.9,12.0,0.8,0.6,0.3,-3.7,11.7,19.4,8.4,5.0,13.5,12.0,0.8,0.6,0.3,-38.3,-34.5,-24.1,-32.0,5.0,9.1,12.0,0.8,0.6,0.3,-2.3,6.1,10.3,4.2,5.0,7.3,12.0,0.8,0.6,0.3,125.5,258.5,804.0,428.0,6.0,397.5,10.0,0.8,0.6,0.4,125.0,260.0,805.0,430.0,6.0,400.0,10.0,0.8,0.6,0.4
1974,2,326.0,28.0,19.67,20.35,21.1,20.27,6.0,1.07,8.0,0.3,0.6,0.5,19.51,20.2,21.74,20.54,8.0,1.28,10.0,0.4,0.6,0.5,7.78,9.78,10.82,9.39,5.0,2.01,10.0,0.4,0.7,0.5,58.0,70.6,76.7,68.0,6.0,14.1,8.0,0.3,0.5,3.16,4.35,5.04,4.49,8.0,1.49,10.0,0.4,0.6,0.5,-4.27,-3.7,-3.1,-2.8,8.0,2.76,10.0,0.4,0.6,0.5,-1.34,-0.31,1.4,-0.58,8.0,2.88,10.0,0.4,0.6,0.5,1022.87,1026.0,1026.95,1026.46,7.0,5.55,10.0,0.4,0.6,0.5,3.3,6.0,7.0,5.4,8.0,2.2,10.0,0.4,0.6,0.5,-20.7,-14.3,-9.6,-12.3,8.0,14.6,10.0,0.4,0.6,0.5,-5.5,-1.1,6.4,-4.9,8.0,20.1,10.0,0.4,0.6,0.5,-1.1,0.1,0.66,-0.13,6.0,0.96,8.0,0.3,0.6,0.5,-4.7,0.4,3.9,-0.4,6.0,4.5,8.0,0.3,0.6,0.5,5.07,6.16,7.4,6.24,3.0,1.71,8.0,0.3,0.7,0.6,28.5,28.7,33.1,30.8,3.0,3.8,8.0,0.3,0.7,0.6,-83.7,-73.7,-63.8,-58.1,8.0,56.4,10.0,0.4,0.6,0.5,-26.2,-6.4,27.4,-11.5,8.0,56.5,10.0,0.4,0.6,0.5,-37.3,-36.7,-0.2,-19.0,5.0,33.4,10.0,0.4,0.7,0.5,-26.4,0.0,20.6,-4.5,5.0,36.9,10.0,0.4,0.7,0.5,-27.8,-26.6,-20.5,-24.2,3.0,5.8,8.0,0.3,0.7,0.6,-22.4,-5.0,5.0,-8.6,3.0,20.3,8.0,0.3,0.7,0.6,31.5,83.0,128.5,120.0,8.0,141.0,10.0,0.4,0.6,0.5,30.0,85.0,130.0,120.0,8.0,140.0,10.0,0.4,0.6,0.5
1974,2,326.0,29.0,20.0,20.5,22.1,21.14,7.0,1.44,14.0,0.6,0.7,0.7,18.5,19.95,21.35,20.1,6.0,1.6,16.0,0.5,0.7,0.6,9.21,9.61,10.01,9.61,2.0,0.83,20.0,1.0,0.7,0.6,62.2,68.2,74.2,68.2,2.0,12.4,20.0,1.0,0.6,7.0,8.0,9.05,8.13,7.0,1.08,14.0,0.6,0.7,0.7,-7.87,-6.67,-1.89,-4.51,7.0,5.99,14.0,0.6,0.7,0.7,-3.47,0.0,4.12,0.59,7.0,4.27,14.0,0.6,0.7,0.7,1026.33,1029.0,1029.65,1026.49,7.0,7.07,14.0,0.6,0.7,0.7,1.0,3.0,7.0,4.1,7.0,2.8,14.0,0.6,0.7,0.7,-71.3,-51.3,-12.7,-38.1,7.0,52.0,14.0,0.6,0.7,0.7,-34.5,0.0,32.7,2.3,7.0,34.3,14.0,0.6,0.7,0.7,-0.08,1.0,1.6,0.57,6.0,1.67,16.0,0.5,0.7,0.6,0.9,7.9,14.1,5.5,6.0,12.6,16.0,0.5,0.7,0.6,5.21,6.01,6.82,6.01,2.0,1.66,20.0,1.0,0.7,0.6,42.2,47.5,52.9,47.5,2.0,11.1,20.0,1.0,0.7,0.6,-153.0,-139.3,-11.8,-85.4,6.0,123.9,16.0,0.5,0.7,0.6,-71.2,40.0,95.0,26.5,6.0,92.3,16.0,0.5,0.7,0.6,-37.3,11.7,60.8,11.7,2.0,101.6,20.0,1.0,0.7,0.6,5.5,17.4,29.2,17.4,2.0,24.6,20.0,1.0,0.7,0.6,-34.0,-4.1,25.8,-4.1,2.0,62.0,20.0,1.0,0.7,0.6,4.4,13.8,23.3,13.8,2.0,19.6,20.0,1.0,0.7,0.6,343.0,512.0,742.0,562.0,7.0,234.5,14.0,0.6,0.7,0.7,345.0,510.0,740.0,560.0,7.0,235.0,14.0,0.6,0.7,0.7
1974,2,326.0,30.0,19.36,20.0,21.0,19.93,11.0,1.3,14.0,0.6,0.4,0.6,18.88,20.0,20.38,19.66,11.0,1.06,14.0,0.6,0.4,0.6,9.8,10.9,11.92,10.96,9.0,1.08,14.0,0.7,0.4,0.5,67.1,76.3,84.8,77.6,9.0,10.4,14.0,0.7,0.5,2.1,4.1,4.6,3.74,11.0,1.45,14.0,0.6,0.4,0.6,-2.01,-0.96,1.32,-0.59,11.0,2.57,14.0,0.6,0.4,0.6,-2.27,2.1,3.63,0.94,11.0,3.08,14.0,0.6,0.4,0.6,1022.29,1026.2,1028.44,1025.65,11.0,3.23,14.0,0.6,0.4,0.6,1.6,2.0,7.0,3.9,11.0,2.8,14.0,0.6,0.4,0.6,-8.7,-1.4,4.0,-3.4,11.0,13.1,14.0,0.6,0.4,0.6,-7.5,4.4,19.5,4.1,11.0,13.7,14.0,0.6,0.4,0.6,-0.78,0.5,1.0,0.26,11.0,0.98,14.0,0.6,0.4,0.6,-3.4,2.1,3.7,0.4,11.0,3.7,14.0,0.6,0.4,0.6,2.08,3.88,5.27,3.43,9.0,1.91,14.0,0.7,0.4,0.5,7.1,12.1,25.1,14.4,9.0,9.6,14.0,0.7,0.4,0.5,-37.3,-17.4,26.1,-11.2,11.0,51.6,14.0,0.6,0.4,0.6,-44.0,43.7,73.0,18.8,11.0,60.7,14.0,0.6,0.4,0.6,-26.9,-14.9,7.0,-7.8,9.0,29.6,14.0,0.7,0.4,0.5,-30.7,27.5,39.9,12.0,9.0,36.4,14.0,0.7,0.4,0.5,-9.0,-2.1,1.6,-3.9,9.0,8.6,14.0,0.7,0.4,0.5,-8.2,6.3,20.7,5.9,9.0,14.0,14.0,0.7,0.4,0.5,9.5,69.0,97.5,73.0,11.0,67.5,14.0,0.6,0.4,0.6,10.0,70.0,95.0,75.0,11.0,70.0,14.0,0.6,0.4,0.6
1974,2,326.0,31.0,19.0,20.0,20.83,19.87,15.0,0.94,10.0,0.5,0.7,0.5,17.94,19.1,19.86,19.11,18.0,1.17,10.0,0.4,0.7,0.5,9.63,10.96,11.89,10.77,15.0,1.09,8.0,0.5,0.7,0.5,69.5,78.3,83.7,78.6,15.0,7.7,8.0,0.5,0.5,2.12,4.35,5.89,4.3,18.0,2.95,10.0,0.4,0.7,0.5,-4.46,0.0,1.53,-0.72,18.0,4.4,10.0,0.4,0.7,0.5,-2.67,0.0,1.74,-0.01,18.0,2.89,10.0,0.4,0.7,0.5,1022.7,1027.9,1029.33,1026.57,18.0,3.28,10.0,0.4,0.7,0.5,2.0,4.0,7.5,4.8,17.0,2.4,12.0,0.5,0.6,0.5,-21.3,0.0,5.2,0.1,18.0,41.3,10.0,0.4,0.7,0.5,-8.6,0.0,8.9,1.7,18.0,17.5,10.0,0.4,0.7,0.5,0.1,0.3,2.16,0.72,15.0,1.44,10.0,0.5,0.7,0.5,0.0,0.5,6.1,1.6,15.0,7.6,10.0,0.5,0.7,0.5,2.37,3.7,4.98,3.58,13.0,1.5,10.0,0.5,0.7,0.4,0.8,10.2,22.9,13.2,13.0,11.9,10.0,0.5,0.7,0.4,-86.6,0.0,29.6,-14.7,18.0,87.8,10.0,0.4,0.7,0.5,-49.7,0.0,33.1,0.4,18.0,55.7,10.0,0.4,0.7,0.5,-51.6,0.0,7.9,-9.8,15.0,53.8,8.0,0.5,0.7,0.5,-14.3,0.0,19.2,5.4,15.0,28.6,8.0,0.5,0.7,0.5,-21.1,-3.5,0.9,-7.7,13.0,9.9,10.0,0.5,0.7,0.4,-0.5,0.0,9.7,4.7,13.0,12.1,10.0,0.5,0.7,0.4,12.5,83.0,230.5,206.5,18.0,434.5,10.0,0.4,0.7,0.5,15.0,85.0,230.0,205.0,18.0,435.0,10.0,0.4,0.7,0.5
1974,2,326.0,32.0,18.0,19.0,20.0,19.09,19.0,0.84,14.0,0.5,0.4,0.5,17.17,18.6,20.2,18.7,22.0,1.39,14.0,0.5,0.5,0.5,8.86,9.99,11.97,10.08,15.0,1.58,16.0,0.5,0.4,0.6,67.7,75.3,90.1,76.8,17.0,11.5,14.0,0.5,0.6,4.1,6.7,9.3,6.9,21.0,3.17,14.0,0.5,0.4,0.5,-4.39,-1.57,7.21,0.85,21.0,5.73,14.0,0.5,0.4,0.5,-4.57,1.8,4.41,0.31,21.0,5.14,14.0,0.5,0.4,0.5,1020.14,1026.0,1030.6,1024.8,21.0,7.66,14.0,0.5,0.5,0.5,2.0,3.0,7.5,4.3,23.0,2.8,14.0,0.5,0.5,0.5,-29.7,-5.9,63.8,11.2,21.0,56.6,14.0,0.5,0.4,0.5,-31.1,9.0,28.7,-0.9,21.0,53.1,14.0,0.5,0.4,0.5,-0.64,0.5,1.56,0.51,19.0,1.26,14.0,0.5,0.4,0.5,-5.3,3.5,10.1,4.0,18.0,13.2,16.0,0.5,0.4,0.5,1.68,3.92,4.98,3.62,14.0,1.69,16.0,0.5,0.4,0.6,15.1,19.2,52.7,29.5,13.0,23.0,16.0,0.5,0.4,0.6,-84.6,-26.7,142.1,18.1,21.0,110.3,14.0,0.5,0.4,0.5,-77.8,35.6,85.2,8.3,21.0,94.8,14.0,0.5,0.4,0.5,-32.7,14.1,77.6,13.5,14.0,58.3,16.0,0.6,0.4,0.6,-50.0,22.0,53.9,2.5,14.0,55.0,16.0,0.6,0.4,0.6,-14.1,4.1,21.9,3.8,13.0,22.3,16.0,0.5,0.4,0.6,-18.7,5.8,14.7,-5.7,13.0,30.4,16.0,0.5,0.4,0.6,69.0,301.0,804.5,549.0,21.0,733.0,14.0,0.5,0.4,0.5,70.0,300.0,805.0,550.0,21.0,735.0,14.0,0.5,0.4,0.5
1974,2,326.0,33.0,17.43,18.35,19.57,18.4,10.0,1.13,16.0,0.6,0.6,0.3,16.34,17.6,18.0,17.2,10.0,1.0,16.0,0.5,0.6,0.3,8.92,9.2,10.47,9.19,8.0,1.27,18.0,0.5,0.6,0.3,71.2,78.6,84.2,77.1,8.0,7.5,18.0,0.5,0.3,5.75,8.2,12.55,8.18,11.0,3.97,16.0,0.5,0.6,0.3,-4.84,0.0,6.03,1.11,11.0,5.34,16.0,0.5,0.6,0.3,-9.5,1.08,5.94,-0.78,11.0,7.67,16.0,0.5,0.6,0.3,1018.89,1023.85,1030.13,1024.02,10.0,6.28,16.0,0.6,0.6,0.3,1.6,3.0,6.8,3.8,11.0,2.8,16.0,0.5,0.6,0.3,-38.5,0.0,45.2,12.6,11.0,50.0,16.0,0.5,0.6,0.3,-102.9,6.7,49.7,-17.7,11.0,90.2,16.0,0.5,0.6,0.3,0.5,1.0,2.22,1.28,9.0,1.41,16.0,0.6,0.6,0.3,0.8,7.0,17.4,11.2,9.0,17.7,16.0,0.6,0.6,0.3,3.16,3.93,4.88,3.97,8.0,1.02,18.0,0.5,0.6,0.3,15.4,31.3,47.9,32.5,8.0,21.7,18.0,0.5,0.6,0.3,-89.2,0.0,102.2,13.5,10.0,92.1,16.0,0.5,0.6,0.3,-169.1,27.4,112.6,-12.2,10.0,138.4,16.0,0.5,0.6,0.3,-45.3,0.0,19.8,-8.4,8.0,39.0,18.0,0.5,0.6,0.3,-110.9,-13.4,44.0,-25.5,8.0,70.9,18.0,0.5,0.6,0.3,-21.3,0.0,7.5,-6.6,8.0,16.3,18.0,0.5,0.6,0.3,-46.1,-10.1,17.1,-15.0,8.0,33.3,18.0,0.5,0.6,0.3,194.5,551.5,1979.0,878.5,11.0,915.5,16.0,0.5,0.6,0.3,195.0,550.0,1980.0,880.0,11.0,915.0,16.0,0.5,0.6,0.3
1974,2,326.0,34.0,17.22,18.35,19.37,18.33,14.0,1.07,12.0,0.6,0.5,0.4,17.8,18.05,20.0,18.47,16.0,1.38,12.0,0.7,0.6,0.4,9.07,9.56,11.23,9.92,11.0,1.39,12.0,0.6,0.5,0.4,61.7,76.3,88.1,76.4,11.0,12.9,12.0,0.6,0.4,4.29,5.4,9.31,6.52,16.0,3.14,12.0,0.7,0.6,0.4,-3.51,-0.36,3.2,-0.02,16.0,3.18,12.0,0.7,0.6,0.4,-3.46,3.28,6.64,1.46,16.0,6.54,12.0,0.7,0.6,0.4,1025.02,1027.8,1028.28,1026.94,15.0,2.71,12.0,0.7,0.6,0.4,1.0,4.0,6.6,3.8,16.0,2.6,12.0,0.7,0.6,0.4,-16.5,-1.5,18.5,-0.6,16.0,23.4,12.0,0.7,0.6,0.4,-20.1,13.3,48.4,-0.8,16.0,73.1,12.0,0.7,0.6,0.4,-1.09,0.0,1.07,-0.06,14.0,1.14,12.0,0.6,0.5,0.4,-6.0,0.4,5.4,0.2,14.0,8.8,12.0,0.6,0.5,0.4,1.66,2.82,4.71,2.93,11.0,1.56,12.0,0.6,0.5,0.4,6.9,14.3,29.8,18.0,11.0,11.7,12.0,0.6,0.5,0.4,-70.2,-6.4,60.9,-1.8,16.0,59.3,12.0,0.7,0.6,0.4,-66.7,59.6,125.3,30.9,16.0,113.1,12.0,0.7,0.6,0.4,-13.5,0.0,34.2,6.8,11.0,25.8,12.0,0.6,0.5,0.4,-0.2,39.1,62.9,23.6,11.0,61.6,12.0,0.6,0.5,0.4,-6.7,0.0,10.0,2.5,11.0,11.9,12.0,0.6,0.5,0.4,-5.4,6.2,23.8,5.9,11.0,17.5,12.0,0.6,0.5,0.4,79.5,159.0,850.5,496.5,16.0,833.0,12.0,0.7,0.6,0.4,80.0,160.0,850.0,495.0,16.0,835.0,12.0,0.7,0.6,0.4
1974,2,326.0,35.0,17.0,17.5,18.22,17.46,26.0,0.97,14.0,0.5,0.6,0.5,16.33,17.3,18.17,17.32,27.0,0.97,12.0,0.5,0.6,0.5,8.93,10.39,11.52,10.1,22.0,1.58,14.0,0.5,0.6,0.5,72.6,84.7,90.9,81.9,23.0,11.1,14.0,0.5,0.5,3.1,5.4,10.3,6.7,26.0,3.08,12.0,0.5,0.6,0.5,-0.03,1.8,5.1,1.75,26.0,3.62,12.0,0.5,0.6,0.5,-2.4,3.71,8.49,2.71,26.0,5.68,12.0,0.5,0.6,0.5,1016.7,1022.75,1027.27,1021.95,26.0,5.25,12.0,0.5,0.6,0.5,1.0,5.0,8.0,4.5,26.0,2.7,14.0,0.5,0.6,0.5,-0.1,9.2,48.2,14.5,26.0,32.4,12.0,0.5,0.6,0.5,-8.4,14.7,85.2,23.2,26.0,56.2,12.0,0.5,0.6,0.5,-0.7,0.2,1.22,0.2,26.0,1.45,14.0,0.5,0.6,0.5,-4.4,0.9,10.1,-0.2,25.0,11.7,12.0,0.4,0.6,0.5,0.75,1.94,3.21,2.03,22.0,1.71,14.0,0.5,0.6,0.5,3.5,10.8,20.9,12.0,21.0,13.9,12.0,0.5,0.6,0.5,-0.5,30.4,82.5,30.6,26.0,63.1,12.0,0.5,0.6,0.5,-38.9,65.8,149.1,48.7,26.0,100.4,12.0,0.5,0.6,0.5,0.0,14.9,47.6,17.1,21.0,39.5,12.0,0.5,0.6,0.5,-19.8,43.5,90.1,34.0,21.0,49.4,12.0,0.5,0.6,0.5,-4.9,1.2,12.3,3.1,21.0,9.5,12.0,0.5,0.6,0.5,-7.5,3.7,12.7,3.8,21.0,15.2,12.0,0.5,0.6,0.5,30.0,159.0,1092.5,491.5,26.0,530.5,12.0,0.5,0.6,0.5,30.0,160.0,1095.0,490.0,26.0,530.0,12.0,0.5,0.6,0.5
1974,2,326.0,36.0,16.0,17.0,18.0,17.29,23.0,1.29,12.0,0.6,0.6,0.6,14.65,16.1,17.65,16.17,23.0,1.62,12.0,0.6,0.6,0.6,6.12,9.19,10.56,8.68,21.0,2.0,12.0,0.6,0.6,0.6,56.2,80.3,93.1,76.7,21.0,15.4,12.0,0.6,0.6,3.6,7.7,11.32,7.59,23.0,4.13,12.0,0.7,0.6,0.6,-2.96,3.52,7.21,3.19,23.0,5.29,12.0,0.7,0.6,0.6,-4.48,3.1,7.1,1.58,23.0,6.01,12.0,0.7,0.6,0.6,1013.48,1020.8,1028.71,1020.83,24.0,7.22,12.0,0.6,0.6,0.6,2.7,6.5,8.0,5.4,24.0,2.7,12.0,0.6,0.6,0.6,-11.9,29.6,69.9,37.1,23.0,67.3,12.0,0.7,0.6,0.6,-29.4,18.3,63.0,16.1,23.0,67.4,12.0,0.7,0.6,0.6,-0.6,0.6,3.26,1.12,23.0,2.09,12.0,0.6,0.6,0.6,-2.8,2.7,20.5,7.5,22.0,15.5,12.0,0.6,0.5,0.6,1.24,3.21,5.96,3.56,21.0,2.45,12.0,0.6,0.6,0.6,6.9,15.6,54.9,25.4,20.0,23.7,12.0,0.6,0.6,0.6,-53.2,55.4,108.7,44.0,22.0,78.4,12.0,0.6,0.5,0.6,-77.3,54.4,116.0,28.8,22.0,97.1,12.0,0.6,0.5,0.6,-24.2,24.9,60.1,25.9,20.0,47.5,12.0,0.6,0.6,0.6,-40.0,19.0,59.9,16.1,20.0,45.7,12.0,0.6,0.6,0.6,-2.5,8.4,20.2,8.6,20.0,18.7,12.0,0.6,0.6,0.6,-34.7,3.6,13.2,-4.7,20.0,28.1,12.0,0.6,0.6,0.6,46.5,456.5,1483.5,833.5,23.0,1103.5,12.0,0.7,0.6,0.6,45.0,455.0,1485.0,835.0,23.0,1105.0,12.0,0.7,0.6,0.6
1974,2,326.0,37.0,16.0,16.6,17.19,16.55,16.0,0.75,16.0,0.6,0.5,0.5,14.27,17.0,17.73,16.22,17.0,1.79,16.0,0.6,0.5,0.5,6.86,9.77,11.05,9.24,15.0,1.9,18.0,0.5,0.5,0.5,70.1,86.6,92.3,82.5,16.0,11.9,16.0,0.6,0.5,5.19,9.3,12.58,8.79,17.0,3.42,16.0,0.6,0.5,0.5,-2.02,1.34,8.08,2.66,17.0,4.91,16.0,0.6,0.5,0.5,-7.0,2.24,9.54,1.28,17.0,7.77,16.0,0.6,0.5,0.5,1017.58,1026.35,1029.56,1023.98,16.0,6.29,16.0,0.6,0.5,0.5,3.0,6.0,8.0,5.2,15.0,2.7,16.0,0.5,0.5,0.5,-14.2,10.3,101.7,32.8,17.0,59.1,16.0,0.6,0.5,0.5,-61.7,18.3,107.2,18.9,17.0,80.3,16.0,0.6,0.5,0.5,-1.52,0.0,2.43,0.38,16.0,2.26,16.0,0.6,0.5,0.5,-14.7,0.0,18.5,2.1,16.0,20.4,16.0,0.6,0.5,0.5,-0.01,1.77,5.09,2.48,14.0,2.24,16.0,0.6,0.5,0.5,-0.2,14.0,55.9,21.8,14.0,23.3,16.0,0.6,0.5,0.5,-33.8,22.7,142.0,40.1,17.0,76.6,16.0,0.6,0.5,0.5,-102.5,31.4,166.1,28.2,17.0,128.4,16.0,0.6,0.5,0.5,-22.3,15.2,78.4,21.5,15.0,43.8,18.0,0.5,0.5,0.5,-54.1,15.2,100.8,20.0,15.0,75.2,18.0,0.5,0.5,0.5,-3.0,0.0,20.3,8.8,14.0,20.0,16.0,0.6,0.5,0.5,-27.4,-5.2,8.8,-10.8,14.0,21.1,16.0,0.6,0.5,0.5,144.5,804.5,1992.5,954.5,17.0,783.5,16.0,0.6,0.5,0.5,145.0,805.0,1995.0,955.0,17.0,785.0,16.0,0.6,0.5,0.5
1974,2,326.0,38.0,15.57,16.35,17.35,16.47,24.0,1.22,16.0,0.7,0.6,0.4,13.72,16.0,18.04,15.92,25.0,1.95,16.0,0.7,0.6,0.5,6.05,8.58,10.17,8.41,22.0,2.11,16.0,0.7,0.6,0.5,63.1,76.7,90.0,75.8,22.0,12.8,16.0,0.7,0.5,5.0,9.8,14.4,9.73,25.0,4.74,16.0,0.7,0.6,0.5,-2.73,2.96,9.88,2.94,25.0,6.26,16.0,0.7,0.6,0.5,-9.63,1.74,9.9,0.46,25.0,8.52,16.0,0.7,0.6,0.5,1015.44,1024.65,1027.12,1021.83,26.0,6.83,16.0,0.7,0.6,0.5,2.0,6.0,8.0,5.3,26.0,2.7,16.0,0.7,0.6,0.5,-25.3,11.2,121.4,43.3,25.0,97.2,16.0,0.7,0.6,0.5,-104.0,6.5,117.8,10.7,25.0,113.4,16.0,0.7,0.6,0.5,-1.6,0.4,2.97,0.42,24.0,2.32,16.0,0.7,0.6,0.4,-18.9,0.0,18.3,-1.7,23.0,27.0,16.0,0.7,0.6,0.5,0.79,2.78,5.31,3.06,21.0,2.13,16.0,0.7,0.6,0.5,6.9,22.9,47.0,26.5,20.0,23.2,16.0,0.7,0.6,0.5,-49.4,41.1,158.4,54.5,24.0,107.9,16.0,0.7,0.6,0.5,-151.4,26.0,177.0,14.8,24.0,141.2,16.0,0.7,0.6,0.5,-22.8,25.6,95.4,35.8,21.0,62.4,16.0,0.7,0.6,0.5,-65.3,32.6,99.2,26.7,21.0,69.6,16.0,0.7,0.6,0.5,-6.2,2.5,25.8,3.8,20.0,20.9,16.0,0.7,0.6,0.5,-25.1,4.7,11.5,-4.2,20.0,28.5,16.0,0.7,0.6,0.5,126.0,941.0,2986.0,1578.0,25.0,1972.0,16.0,0.7,0.6,0.5,125.0,940.0,2985.0,1580.0,25.0,1970.0,16.0,0.7,0.6,0.5
1974,2,326.0,39.0,14.59,15.8,16.04,15.45,11.0,1.1,6.0,0.6,0.5,0.4,14.6,16.5,17.28,16.13,12.0,1.6,8.0,0.7,0.4,0.3,7.66,9.93,10.52,9.3,12.0,1.77,8.0,0.7,0.4,0.3,71.5,82.9,91.3,81.4,12.0,11.7,8.0,0.7,0.3,5.92,10.55,14.28,10.36,12.0,3.96,8.0,0.7,0.4,0.3,-1.25,3.18,6.74,3.22,12.0,5.37,8.0,0.7,0.4,0.3,2.52,8.1,12.35,8.05,12.0,4.68,8.0,0.7,0.4,0.3,1010.72,1019.3,1024.65,1017.13,12.0,8.32,8.0,0.7,0.4,0.3,5.7,7.0,8.0,6.8,12.0,1.5,8.0,0.7,0.4,0.3,-6.5,33.7,73.8,44.1,12.0,71.5,8.0,0.7,0.4,0.3,30.8,73.2,170.9,94.9,12.0,74.2,8.0,0.7,0.4,0.3,-2.08,-0.6,0.27,-0.81,11.0,1.4,6.0,0.6,0.5,0.4,-26.1,-7.4,3.1,-8.8,11.0,14.9,6.0,0.6,0.5,0.4,0.04,0.91,2.75,1.48,11.0,1.77,6.0,0.6,0.5,0.4,0.6,6.8,41.7,17.4,11.0,20.7,6.0,0.6,0.5,0.4,-17.4,47.3,111.7,54.8,12.0,91.8,8.0,0.7,0.4,0.3,43.6,123.0,206.3,129.5,12.0,78.2,8.0,0.7,0.4,0.3,-7.2,27.1,70.5,32.2,12.0,50.6,8.0,0.7,0.4,0.3,23.4,64.4,129.1,74.4,12.0,47.0,8.0,0.7,0.4,0.3,-3.9,1.3,8.7,3.0,11.0,15.8,6.0,0.6,0.5,0.4,-1.1,6.4,34.4,13.1,11.0,17.7,6.0,0.6,0.5,0.4,211.5,1192.0,2931.5,1547.5,12.0,1335.5,8.0,0.7,0.4,0.3,210.0,1190.0,2930.0,1550.0,12.0,1335.0,8.0,0.7,0.4,0.3
1974,2,326.0,40.0,14.0,14.45,16.12,14.75,16.0,1.55,18.0,0.6,0.6,0.4,13.11,15.0,17.0,14.75,17.0,1.89,18.0,0.5,0.6,0.3,6.15,8.35,9.89,8.29,11.0,1.91,20.0,0.4,0.6,0.3,65.4,84.1,90.1,79.6,11.0,12.0,20.0,0.4,0.3,3.95,9.0,13.85,8.89,18.0,4.64,18.0,0.6,0.6,0.3,-0.94,4.22,9.29,3.54,18.0,4.83,18.0,0.6,0.6,0.3,-8.07,1.16,9.15,1.1,18.0,8.21,18.0,0.6,0.6,0.3,1007.85,1016.2,1029.28,1017.81,17.0,9.69,20.0,0.5,0.6,0.3,3.0,8.0,8.0,6.2,17.0,2.5,20.0,0.5,0.6,0.4,-3.4,25.9,100.5,39.3,18.0,60.1,18.0,0.6,0.6,0.3,-74.0,4.7,101.0,16.8,18.0,109.5,18.0,0.6,0.6,0.3,-2.0,-0.4,2.56,0.02,16.0,2.08,18.0,0.6,0.6,0.4,-23.6,-2.8,14.3,-4.5,16.0,18.1,18.0,0.6,0.6,0.4,0.37,2.38,4.34,2.36,10.0,2.17,20.0,0.4,0.6,0.3,3.9,16.2,49.0,21.3,10.0,22.3,20.0,0.4,0.6,0.3,-19.0,59.1,153.2,56.2,17.0,75.7,18.0,0.5,0.6,0.3,-110.7,23.8,150.3,26.9,17.0,126.8,18.0,0.5,0.6,0.3,14.7,33.3,62.5,35.4,11.0,36.2,20.0,0.4,0.6,0.3,-70.2,0.0,76.1,5.6,11.0,77.0,20.0,0.4,0.6,0.3,-5.4,6.6,24.3,8.9,10.0,22.0,20.0,0.4,0.6,0.3,-24.3,-0.8,6.3,-7.6,10.0,19.0,20.0,0.4,0.6,0.3,62.0,731.5,2678.5,1237.0,18.0,1409.0,18.0,0.6,0.6,0.3,60.0,730.0,2680.0,1235.0,18.0,1410.0,18.0,0.6,0.6,0.3
1974,2,326.0,41.0,13.5,14.1,15.0,14.32,12.0,0.87,14.0,0.7,0.5,0.5,11.47,13.1,15.34,13.31,15.0,2.65,14.0,0.7,0.6,0.5,4.94,5.79,7.68,6.44,10.0,1.62,14.0,0.6,0.5,0.5,65.2,71.5,84.3,73.0,10.0,11.2,14.0,0.6,0.5,6.14,12.0,20.25,12.87,15.0,6.94,14.0,0.7,0.6,0.5,0.0,5.98,17.81,8.32,15.0,9.01,14.0,0.7,0.6,0.5,-4.27,3.12,9.28,2.5,15.0,7.98,14.0,0.7,0.6,0.5,1008.04,1018.1,1029.47,1018.99,15.0,10.59,14.0,0.7,0.6,0.5,3.0,6.0,8.0,5.5,15.0,2.3,14.0,0.7,0.6,0.5,0.0,55.6,357.9,158.5,15.0,186.7,14.0,0.7,0.6,0.5,-80.8,11.2,105.0,24.0,15.0,138.7,14.0,0.7,0.6,0.5,-0.28,0.7,3.08,0.83,12.0,2.41,14.0,0.7,0.5,0.5,-2.2,5.8,57.2,8.6,12.0,47.8,14.0,0.7,0.5,0.5,2.23,3.44,4.12,3.32,8.0,1.87,14.0,0.6,0.5,0.5,9.7,36.8,69.7,44.3,8.0,39.6,14.0,0.6,0.5,0.5,0.0,83.7,212.8,105.1,15.0,120.3,14.0,0.7,0.6,0.5,-51.5,39.0,153.2,50.6,15.0,113.3,14.0,0.7,0.6,0.5,4.5,64.9,115.2,63.7,10.0,57.6,14.0,0.6,0.5,0.5,-40.1,-17.1,39.4,-4.3,10.0,42.4,14.0,0.6,0.5,0.5,1.6,32.2,61.1,39.6,8.0,41.5,14.0,0.6,0.5,0.5,-17.1,-8.4,2.2,-7.6,8.0,15.4,14.0,0.6,0.5,0.5,245.5,1728.0,8324.0,3882.0,15.0,4301.5,14.0,0.7,0.6,0.5,245.0,1730.0,8325.0,3880.0,15.0,4300.0,14.0,0.7,0.6,0.5
1974,2,326.0,42.0,13.03,14.0,14.97,14.05,14.0,0.94,16.0,0.5,0.5,0.5,11.22,14.4,15.41,13.68,15.0,1.97,16.0,0.5,0.5,0.5,7.34,8.43,9.38,8.45,9.0,1.14,12.0,0.3,0.5,0.6,79.4,84.9,90.5,84.8,9.0,6.3,12.0,0.3,0.6,8.31,9.8,15.31,11.58,15.0,5.07,16.0,0.5,0.5,0.5,-3.14,4.35,10.35,3.45,15.0,6.45,16.0,0.5,0.5,0.5,-6.45,7.53,13.69,5.01,15.0,9.39,16.0,0.5,0.5,0.5,1006.45,1015.0,1023.8,1013.87,15.0,12.12,16.0,0.5,0.5,0.5,4.1,7.0,8.0,6.3,14.0,2.4,16.0,0.5,0.5,0.5,-12.9,39.1,111.8,56.4,15.0,103.5,16.0,0.5,0.5,0.5,-59.0,65.5,206.2,86.9,15.0,170.5,16.0,0.5,0.5,0.5,-2.06,1.15,2.75,0.62,14.0,2.0,16.0,0.5,0.5,0.5,-22.9,12.4,26.0,3.6,14.0,25.6,16.0,0.5,0.5,0.5,0.0,1.45,2.74,1.38,9.0,1.25,12.0,0.3,0.5,0.6,0.0,19.4,27.6,16.6,9.0,14.6,12.0,0.3,0.5,0.6,-54.0,62.6,135.3,49.6,15.0,91.6,16.0,0.5,0.5,0.5,-71.2,97.5,185.8,77.9,15.0,130.8,16.0,0.5,0.5,0.5,-32.7,39.2,93.3,33.1,9.0,62.5,12.0,0.3,0.5,0.6,-41.9,74.3,134.1,55.5,9.0,90.0,12.0,0.3,0.5,0.6,-13.8,1.1,14.8,0.6,9.0,14.0,12.0,0.3,0.5,0.6,-18.7,-1.9,16.3,0.8,9.0,18.0,12.0,0.3,0.5,0.6,575.0,941.0,3591.0,2551.5,15.0,4200.0,16.0,0.5,0.5,0.5,575.0,940.0,3590.0,2550.0,15.0,4200.0,16.0,0.5,0.5,0.5
1974,2,326.0,43.0,12.62,13.0,14.36,13.4,11.0,1.32,16.0,0.5,0.6,0.4,11.97,13.85,15.0,13.5,12.0,1.44,18.0,0.6,0.6,0.4,5.54,8.13,9.53,7.75,11.0,2.11,16.0,0.5,0.6,0.4,64.0,87.6,94.5,80.2,11.0,15.9,16.0,0.5,0.4,9.3,11.3,17.34,13.2,11.0,7.14,16.0,0.6,0.7,0.4,-4.93,5.98,14.13,5.95,11.0,11.75,16.0,0.6,0.7,0.4,-7.93,3.49,10.06,1.85,11.0,7.88,16.0,0.6,0.7,0.4,1006.0,1015.1,1027.27,1014.43,11.0,14.67,16.0,0.5,0.6,0.4,7.0,8.0,8.0,7.6,10.0,0.7,18.0,0.6,0.7,0.4,-34.5,55.6,233.5,133.9,11.0,291.0,16.0,0.6,0.7,0.4,-97.9,55.6,125.2,40.6,11.0,130.1,16.0,0.6,0.7,0.4,-1.58,0.3,1.08,0.04,11.0,1.35,16.0,0.5,0.6,0.4,-25.2,7.1,12.4,-1.6,10.0,20.6,16.0,0.6,0.7,0.4,-0.45,1.85,3.59,1.79,11.0,1.98,16.0,0.5,0.6,0.4,7.2,26.2,47.0,25.0,10.0,24.3,16.0,0.6,0.7,0.4,-64.8,88.5,189.5,81.1,11.0,160.3,16.0,0.6,0.7,0.4,-95.2,52.4,135.3,27.3,11.0,107.1,16.0,0.6,0.7,0.4,-21.8,48.9,143.3,54.8,10.0,99.5,16.0,0.6,0.7,0.4,-45.7,34.5,82.1,19.5,10.0,65.9,16.0,0.6,0.7,0.4,-20.2,9.5,40.7,11.6,10.0,28.0,16.0,0.6,0.7,0.4,-24.3,-2.9,15.4,-2.8,10.0,18.5,16.0,0.6,0.7,0.4,804.5,1443.0,5497.5,4575.0,11.0,8557.5,16.0,0.6,0.7,0.4,805.0,1445.0,5500.0,4575.0,11.0,8560.0,16.0,0.6,0.7,0.4
1974,2,326.0,44.0,12.74,14.5,16.0,14.34,10.0,1.64,18.0,0.7,0.6,0.3,9.5,12.0,13.21,11.64,13.0,2.1,16.0,0.7,0.6,0.4,4.76,5.4,7.57,6.23,9.0,1.75,16.0,0.7,0.7,0.3,59.9,72.5,86.3,73.2,9.0,12.2,16.0,0.7,0.3,6.65,12.0,17.8,13.18,13.0,7.06,16.0,0.7,0.6,0.4,-6.05,6.3,17.23,6.02,13.0,11.77,16.0,0.7,0.6,0.4,-0.67,5.37,10.41,3.92,13.0,6.6,16.0,0.7,0.6,0.4,1009.82,1022.5,1027.61,1019.12,13.0,10.17,16.0,0.7,0.6,0.4,4.0,6.0,7.3,5.9,12.0,1.6,16.0,0.8,0.6,0.4,-68.3,64.3,299.5,125.9,13.0,254.3,16.0,0.7,0.6,0.4,-9.9,33.3,129.5,45.0,13.0,104.2,16.0,0.7,0.6,0.4,1.66,3.8,5.61,3.57,10.0,2.0,18.0,0.7,0.6,0.3,21.3,50.3,65.8,52.8,10.0,41.7,18.0,0.7,0.6,0.3,3.52,3.89,6.35,4.35,8.0,1.59,18.0,0.6,0.7,0.3,34.6,55.5,74.1,51.0,8.0,26.8,18.0,0.6,0.7,0.3,-71.9,72.0,184.7,60.3,13.0,122.3,16.0,0.7,0.6,0.4,-6.4,57.6,137.6,52.1,13.0,81.9,16.0,0.7,0.6,0.4,-44.1,29.3,101.0,28.9,9.0,74.7,16.0,0.7,0.7,0.3,-27.8,10.7,90.3,25.4,9.0,55.1,16.0,0.7,0.7,0.3,-21.6,20.6,66.4,17.1,8.0,50.8,18.0,0.6,0.7,0.3,-24.0,7.5,33.4,6.3,8.0,27.0,18.0,0.6,0.7,0.3,295.0,1728.0,5682.5,4164.0,13.0,5794.5,16.0,0.7,0.6,0.4,295.0,1730.0,5685.0,4165.0,13.0,5795.0,16.0,0.7,0.6,0.4
1974,2,326.0,45.0,11.98,12.5,14.13,13.14,7.0,1.74,20.0,0.4,0.5,0.4,9.41,10.5,12.87,10.9,7.0,2.19,20.0,0.4,0.5,0.4,5.41,5.74,5.76,5.6,4.0,0.31,20.0,0.5,0.6,0.5,64.9,76.2,79.5,72.4,4.0,10.6,20.0,0.5,0.5,7.49,9.55,11.68,10.13,6.0,3.62,20.0,0.5,0.5,0.3,-0.4,5.9,8.78,3.78,6.0,6.58,20.0,0.5,0.5,0.3,-6.08,-4.08,0.52,-1.9,6.0,8.46,20.0,0.5,0.5,0.3,1013.19,1020.6,1030.23,1020.86,7.0,7.93,20.0,0.4,0.5,0.4,3.9,7.0,8.0,6.0,7.0,2.4,20.0,0.4,0.5,0.4,-16.6,42.9,83.5,21.8,6.0,86.2,20.0,0.5,0.5,0.3,-61.6,-29.6,28.8,2.4,6.0,124.1,20.0,0.5,0.5,0.3,0.91,2.1,4.05,2.24,7.0,1.9,20.0,0.4,0.5,0.4,5.0,16.3,25.4,16.5,6.0,20.9,20.0,0.5,0.5,0.3,2.91,3.51,4.99,3.93,4.0,1.49,20.0,0.5,0.6,0.5,23.5,34.6,43.1,33.4,4.0,12.5,20.0,0.5,0.6,0.5,-6.9,58.7,92.5,35.9,6.0,76.3,20.0,0.5,0.5,0.3,-66.6,-40.3,12.4,-15.3,6.0,103.8,20.0,0.5,0.5,0.3,33.6,42.0,48.3,41.0,4.0,9.2,20.0,0.5,0.6,0.5,-25.6,-23.4,-20.1,-22.9,4.0,3.5,20.0,0.5,0.6,0.5,20.4,31.0,37.4,29.0,4.0,11.4,20.0,0.5,0.6,0.5,-21.6,-15.6,-10.8,-16.1,4.0,6.4,20.0,0.5,0.6,0.5,424.5,873.0,1881.5,1418.0,6.0,1737.5,20.0,0.5,0.5,0.3,425.0,875.0,1880.0,1420.0,6.0,1740.0,20.0,0.5,0.5,0.3
1974,2,326.0,46.0,10.57,11.6,13.05,11.8,4.0,1.68,10.0,0.5,0.5,0.5,6.9,9.0,10.37,8.64,5.0,2.14,10.0,0.4,0.6,0.5,5.01,5.44,7.34,6.16,3.0,1.82,8.0,0.3,0.4,0.7,83.9,85.7,95.5,89.6,3.0,9.1,8.0,0.3,0.7,12.9,15.9,20.18,16.66,5.0,4.29,10.0,0.4,0.6,0.5,0.0,12.12,19.47,10.52,5.0,10.36,10.0,0.4,0.6,0.5,-1.61,6.33,14.0,6.14,5.0,8.52,10.0,0.4,0.6,0.5,1000.27,1005.2,1011.2,1005.86,5.0,6.47,10.0,0.4,0.6,0.5,2.9,6.0,7.5,5.3,4.0,3.1,8.0,0.3,0.5,0.6,0.0,156.4,399.0,202.3,5.0,228.0,10.0,0.4,0.6,0.5,-20.8,117.1,198.0,95.9,5.0,125.1,10.0,0.4,0.6,0.5,2.48,3.25,4.02,3.25,4.0,1.04,10.0,0.5,0.5,0.5,35.1,51.7,85.3,59.8,4.0,32.7,10.0,0.5,0.5,0.5,2.13,2.83,2.85,2.5,3.0,0.6,8.0,0.3,0.4,0.7,32.7,53.0,61.4,47.2,3.0,21.6,8.0,0.3,0.4,0.7,0.0,109.1,129.5,74.0,5.0,68.2,10.0,0.4,0.6,0.5,-14.5,48.7,148.1,62.0,5.0,86.8,10.0,0.4,0.6,0.5,30.0,94.6,105.8,68.5,3.0,59.9,8.0,0.3,0.4,0.7,10.9,34.4,83.4,46.9,3.0,54.2,8.0,0.3,0.4,0.7,15.8,49.8,60.4,38.4,3.0,34.1,8.0,0.3,0.4,0.7,5.8,18.1,21.6,13.8,3.0,12.2,8.0,0.3,0.4,0.7,2146.5,4019.5,8521.0,5394.0,5.0,4240.0,10.0,0.4,0.6,0.5,2145.0,4020.0,8520.0,5395.0,5.0,4240.0,10.0,0.4,0.6,0.5
1974,2,326.0,47.0,9.22,10.7,11.66,10.55,15.0,1.12,14.0,0.7,0.6,0.4,8.0,9.5,10.66,9.4,15.0,1.78,14.0,0.7,0.6,0.4,4.43,5.41,5.72,5.26,14.0,1.37,14.0,0.7,0.6,0.4,60.1,71.3,84.0,71.2,14.0,13.4,14.0,0.7,0.4,4.86,11.3,15.6,10.23,13.0,5.22,14.0,0.8,0.6,0.4,0.0,2.6,15.58,6.56,13.0,7.04,14.0,0.8,0.6,0.4,-1.83,3.28,8.48,3.74,13.0,5.42,14.0,0.8,0.6,0.4,996.32,1014.6,1023.39,1011.29,15.0,13.23,14.0,0.7,0.6,0.4,3.0,7.0,8.0,5.9,15.0,2.6,14.0,0.7,0.6,0.4,0.0,16.8,243.3,92.1,13.0,121.1,14.0,0.8,0.6,0.4,-5.6,16.7,74.4,37.6,13.0,64.3,14.0,0.8,0.6,0.4,-1.43,1.7,2.93,1.15,15.0,2.35,14.0,0.7,0.6,0.4,-9.3,9.2,21.8,10.6,13.0,29.4,14.0,0.8,0.6,0.4,1.32,2.58,4.11,2.61,14.0,1.57,14.0,0.7,0.6,0.4,6.3,23.7,52.5,27.7,12.0,25.6,14.0,0.8,0.6,0.4,0.0,23.9,132.8,56.5,13.0,60.5,14.0,0.8,0.6,0.4,-14.8,26.2,100.0,41.6,13.0,59.8,14.0,0.8,0.6,0.4,0.0,12.7,71.6,31.0,12.0,32.4,14.0,0.8,0.6,0.4,-9.2,4.7,55.7,23.7,12.0,39.1,14.0,0.8,0.6,0.4,0.0,15.2,52.3,23.3,12.0,27.5,14.0,0.8,0.6,0.4,-5.6,0.0,19.3,4.2,12.0,11.1,14.0,0.8,0.6,0.4,121.5,1443.0,3815.5,1826.0,13.0,1915.5,14.0,0.8,0.6,0.4,120.0,1445.0,3815.0,1825.0,13.0,1915.0,14.0,0.8,0.6,0.4
1974,2,326.0,48.0,9.08,10.0,11.68,10.24,5.0,1.59,14.0,0.6,0.5,0.6,6.0,8.8,10.11,8.22,5.0,2.33,14.0,0.6,0.5,0.6,4.03,4.73,5.44,4.75,5.0,0.86,14.0,0.6,0.5,0.6,61.6,70.0,80.2,70.1,5.0,12.0,14.0,0.6,0.6,9.5,13.9,16.53,12.86,5.0,5.59,14.0,0.6,0.5,0.6,8.14,13.06,15.04,11.38,5.0,5.86,14.0,0.6,0.5,0.6,-5.53,4.41,4.94,0.36,5.0,6.45,14.0,0.6,0.5,0.6,997.08,1009.6,1014.69,1006.02,5.0,12.39,14.0,0.6,0.5,0.6,7.0,8.0,8.0,7.6,5.0,0.5,14.0,0.6,0.5,0.6,100.9,181.6,249.7,172.3,5.0,107.8,14.0,0.6,0.5,0.6,-70.2,56.9,71.6,4.2,5.0,104.3,14.0,0.6,0.5,0.6,-0.84,2.7,4.54,2.02,5.0,3.6,14.0,0.6,0.5,0.6,-14.3,34.8,77.5,33.9,5.0,61.6,14.0,0.6,0.5,0.6,2.43,2.69,3.6,3.07,5.0,1.09,14.0,0.6,0.5,0.6,24.7,34.7,61.0,42.5,5.0,30.7,14.0,0.6,0.5,0.6,58.2,92.6,120.2,87.9,5.0,48.2,14.0,0.6,0.5,0.6,-38.5,33.7,43.7,8.7,5.0,46.0,14.0,0.6,0.5,0.6,37.4,59.3,69.8,52.3,5.0,26.6,14.0,0.6,0.5,0.6,-23.5,20.1,25.4,3.9,5.0,27.9,14.0,0.6,0.5,0.6,21.3,32.6,54.9,37.6,5.0,27.7,14.0,0.6,0.5,0.6,-22.1,11.6,12.9,-3.2,5.0,25.7,14.0,0.6,0.5,0.6,1380.0,2685.5,4631.0,2972.5,5.0,2295.0,14.0,0.6,0.5,0.6,1380.0,2685.0,4630.0,2975.0,5.0,2295.0,14.0,0.6,0.5,0.6
1974,2,326.0,49.0,10.19,10.9,11.19,10.7,6.0,0.95,16.0,0.7,0.6,0.5,6.65,8.2,12.4,8.93,7.0,3.45,14.0,0.7,0.6,0.5,6.54,8.23,8.56,7.58,4.0,1.62,18.0,0.8,0.6,0.5,87.7,94.5,96.2,92.0,4.0,6.6,18.0,0.8,0.5,5.43,13.0,14.62,10.31,7.0,6.54,14.0,0.7,0.6,0.5,0.0,5.83,9.48,5.07,7.0,5.4,14.0,0.7,0.6,0.5,-5.95,0.0,13.23,1.71,7.0,10.21,14.0,0.7,0.6,0.5,1005.9,1016.5,1025.96,1013.96,7.0,14.97,14.0,0.7,0.6,0.5,6.9,8.0,8.0,7.4,5.0,1.3,18.0,0.8,0.6,0.5,0.0,36.1,136.2,69.4,7.0,79.5,14.0,0.7,0.6,0.5,-38.5,0.0,177.1,43.4,7.0,161.7,14.0,0.7,0.6,0.5,-1.58,-0.2,4.23,0.88,6.0,3.01,16.0,0.7,0.6,0.5,-25.5,-8.6,9.9,-6.1,6.0,21.8,16.0,0.7,0.6,0.5,-0.61,-0.33,1.89,0.6,4.0,2.09,18.0,0.8,0.6,0.5,-9.6,-5.0,10.3,0.1,4.0,14.5,18.0,0.8,0.6,0.5,0.0,47.8,82.7,41.4,7.0,44.2,14.0,0.7,0.6,0.5,-43.2,0.0,164.2,28.0,7.0,122.2,14.0,0.7,0.6,0.5,0.0,28.1,65.7,32.6,4.0,38.4,18.0,0.8,0.6,0.5,-60.5,40.1,133.2,36.6,4.0,114.5,18.0,0.8,0.6,0.5,-2.4,-0.5,0.0,-1.2,4.0,1.7,18.0,0.8,0.6,0.5,-15.8,-9.2,-3.4,-9.6,4.0,9.1,18.0,0.8,0.6,0.5,176.5,2197.0,3171.0,2164.5,7.0,2425.5,14.0,0.7,0.6,0.5,175.0,2195.0,3170.0,2165.0,7.0,2425.0,14.0,0.7,0.6,0.5
1974,2,326.0,50.0,8.78,9.6,10.42,9.6,3.0,1.2,16.0,0.7,0.7,0.6,2.74,5.9,8.96,5.85,4.0,3.59,16.0,0.5,0.6,0.5,3.84,5.14,6.32,5.08,4.0,1.43,16.0,0.5,0.6,0.5,82.3,85.5,88.3,85.3,4.0,3.9,16.0,0.5,0.5,10.73,13.85,16.76,13.75,4.0,3.77,16.0,0.5,0.6,0.5,10.35,12.95,14.63,12.51,4.0,2.85,16.0,0.5,0.6,0.5,1.02,2.66,7.58,4.22,4.0,5.07,16.0,0.5,0.6,0.5,998.0,999.65,1001.71,999.85,4.0,2.48,16.0,0.5,0.6,0.5,6.0,8.0,8.0,7.0,3.0,1.7,16.0,0.7,0.6,0.4,113.5,193.1,242.9,178.9,4.0,78.8,16.0,0.5,0.6,0.5,12.5,27.9,123.2,66.0,4.0,95.7,16.0,0.5,0.6,0.5,0.98,2.0,4.32,2.63,3.0,2.51,16.0,0.7,0.7,0.6,14.6,36.0,68.2,41.3,3.0,39.5,16.0,0.7,0.7,0.6,1.39,1.75,2.55,1.96,3.0,0.87,16.0,0.7,0.7,0.6,17.8,31.6,40.7,29.3,3.0,16.9,16.0,0.7,0.7,0.6,37.9,62.9,101.4,69.3,4.0,40.3,16.0,0.5,0.6,0.5,2.5,17.1,67.1,34.0,4.0,46.9,16.0,0.5,0.6,0.5,49.6,58.2,75.2,62.2,4.0,18.2,16.0,0.5,0.6,0.5,3.8,14.0,48.0,25.3,4.0,33.1,16.0,0.5,0.6,0.5,15.0,24.2,38.3,26.6,3.0,17.2,16.0,0.7,0.7,0.6,1.2,3.9,15.1,8.1,3.0,10.8,16.0,0.7,0.7,0.6,1307.5,2756.5,4794.0,3037.5,4.0,2203.0,16.0,0.5,0.6,0.5,1305.0,2755.0,4795.0,3035.0,4.0,2205.0,16.0,0.5,0.6,0.5
1974,2,326.0,51.0,7.3,7.5,7.7,7.5,2.0,0.42,18.0,0.5,0.5,0.0,0.39,3.6,7.35,3.87,3.0,5.11,16.0,0.7,0.6,0.3,3.38,3.97,4.91,4.14,3.0,1.14,16.0,0.7,0.6,0.3,76.8,79.6,84.6,80.7,3.0,5.8,16.0,0.7,0.3,14.03,15.4,15.4,14.73,3.0,1.15,16.0,0.7,0.6,0.3,3.28,4.58,11.81,7.47,3.0,6.73,16.0,0.7,0.6,0.3,-7.75,2.67,11.2,1.75,3.0,13.9,16.0,0.7,0.6,0.3,990.74,991.7,1012.11,1001.2,3.0,17.68,16.0,0.7,0.6,0.3,6.0,8.0,8.0,7.0,3.0,1.7,16.0,0.7,0.6,0.3,47.6,61.4,178.9,112.1,3.0,105.7,16.0,0.7,0.6,0.3,-102.1,41.2,172.5,35.3,3.0,201.2,16.0,0.7,0.6,0.3,-0.93,1.15,3.23,1.15,2.0,4.31,18.0,0.5,0.5,0.0,-14.4,17.7,49.8,17.7,2.0,66.4,18.0,0.5,0.5,0.0,1.17,1.8,2.43,1.8,2.0,1.3,18.0,0.5,0.5,0.0,18.1,27.7,37.4,27.7,2.0,20.0,18.0,0.5,0.5,0.0,4.3,24.3,45.0,24.6,3.0,29.8,16.0,0.7,0.6,0.3,11.0,13.9,98.6,53.8,3.0,72.9,16.0,0.7,0.6,0.3,14.2,14.3,45.7,29.6,3.0,26.6,16.0,0.7,0.6,0.3,-23.3,10.6,58.8,17.6,3.0,60.4,16.0,0.7,0.6,0.3,8.5,21.8,35.0,21.8,2.0,27.5,18.0,0.5,0.5,0.0,8.2,10.3,12.4,10.3,2.0,4.3,18.0,0.5,0.5,0.0,2801.5,3652.5,3652.5,3237.0,3.0,719.5,16.0,0.7,0.6,0.3,2800.0,3650.0,3650.0,3235.0,3.0,720.0,16.0,0.7,0.6,0.3
1974,2,326.0,52.0,4.16,4.5,6.89,5.5,3.0,2.18,16.0,0.3,0.7,0.5,2.08,3.0,4.81,3.43,4.0,1.87,18.0,0.3,0.8,0.4,3.83,4.08,4.17,4.0,4.0,0.25,18.0,0.3,0.8,0.4,72.3,82.8,92.9,82.6,4.0,12.0,18.0,0.3,0.4,13.78,18.5,22.39,18.1,4.0,5.1,18.0,0.3,0.8,0.4,5.95,15.01,17.02,11.65,4.0,9.35,18.0,0.3,0.8,0.4,-15.04,-7.39,4.38,-5.42,4.0,12.46,18.0,0.3,0.8,0.4,991.47,1009.05,1011.22,1001.7,4.0,16.57,18.0,0.3,0.8,0.4,3.0,5.0,7.0,5.0,2.0,4.2,18.0,0.5,1.0,0.4,97.4,288.3,375.0,238.6,4.0,190.1,18.0,0.3,0.8,0.4,-285.1,-95.1,102.6,-91.4,4.0,265.8,18.0,0.3,0.8,0.4,-0.73,2.0,4.94,2.1,3.0,4.15,16.0,0.3,0.7,0.5,-3.1,43.2,113.1,54.7,3.0,85.6,16.0,0.3,0.7,0.5,1.03,1.09,2.13,1.57,3.0,0.9,16.0,0.3,0.7,0.5,15.9,23.6,48.7,32.1,3.0,25.1,16.0,0.3,0.7,0.5,5.3,36.0,50.1,28.1,4.0,29.7,18.0,0.3,0.8,0.4,-52.4,-19.7,9.7,-21.3,4.0,41.6,18.0,0.3,0.8,0.4,21.5,57.6,69.0,45.8,4.0,37.8,18.0,0.3,0.8,0.4,-61.8,-30.4,18.7,-21.9,4.0,51.2,18.0,0.3,0.8,0.4,5.0,20.4,33.0,19.0,3.0,20.5,16.0,0.3,0.7,0.5,-35.4,-12.2,4.2,-15.5,3.0,29.2,16.0,0.3,0.7,0.5,2714.0,6865.0,11256.0,6979.5,4.0,5015.5,18.0,0.3,0.8,0.4,2715.0,6865.0,11255.0,6980.0,4.0,5015.0,18.0,0.3,0.8,0.4
1974,2,326.0,53.0,5.74,6.5,7.21,6.48,4.0,0.88,16.0,0.3,0.8,0.2,2.37,3.5,5.78,4.05,4.0,2.41,16.0,0.3,0.8,0.2,3.52,3.87,5.19,4.33,4.0,1.41,16.0,0.3,0.8,0.2,71.4,84.9,94.8,83.2,4.0,15.6,16.0,0.3,0.2,10.73,13.1,19.56,15.05,4.0,6.71,16.0,0.3,0.8,0.2,-8.18,1.85,16.28,3.95,4.0,14.65,16.0,0.3,0.8,0.2,-3.22,6.02,12.2,4.56,4.0,9.17,16.0,0.3,0.8,0.2,996.31,1001.1,1006.26,1001.28,4.0,7.33,16.0,0.3,0.8,0.2,4.5,6.5,8.0,6.3,4.0,2.1,16.0,0.3,0.8,0.2,-91.8,22.3,339.2,119.1,4.0,292.4,16.0,0.3,0.8,0.2,-39.6,83.7,239.5,99.2,4.0,170.7,16.0,0.3,0.8,0.2,1.19,2.75,3.63,2.43,4.0,1.77,16.0,0.3,0.8,0.2,11.1,30.1,71.9,41.0,4.0,44.5,16.0,0.3,0.8,0.2,0.88,1.91,2.55,1.72,4.0,1.27,16.0,0.3,0.8,0.2,8.2,27.5,43.5,25.9,4.0,21.7,16.0,0.3,0.8,0.2,-40.2,5.3,40.7,0.4,4.0,47.3,16.0,0.3,0.8,0.2,-12.9,11.1,57.3,21.7,4.0,48.8,16.0,0.3,0.8,0.2,-40.3,-0.8,59.7,9.2,4.0,60.5,16.0,0.3,0.8,0.2,-10.3,23.9,63.1,26.3,4.0,44.1,16.0,0.3,0.8,0.2,-9.0,16.4,37.7,14.4,4.0,27.8,16.0,0.3,0.8,0.2,-9.9,0.0,12.8,1.4,4.0,17.7,16.0,0.3,0.8,0.2,1307.5,2273.0,9173.5,5105.0,4.0,6687.5,16.0,0.3,0.8,0.2,1305.0,2275.0,9175.0,5105.0,4.0,6685.0,16.0,0.3,0.8,0.2
1974,2,326.0,54.0,5.8,5.8,5.8,5.8,1.0,0.0,10.0,1.0,0.5,0.8,1.0,1.0,1.0,1.0,1.0,0.0,10.0,1.0,0.5,0.8,1.55,1.55,1.55,1.55,1.0,0.0,10.0,1.0,0.5,0.8,37.2,37.2,37.2,37.2,1.0,0.0,10.0,1.0,0.8,13.9,13.9,13.9,13.9,1.0,0.0,10.0,1.0,0.5,0.8,-6.95,-6.95,-6.95,-6.95,1.0,0.0,10.0,1.0,0.5,0.8,-12.04,-12.04,-12.04,-12.04,1.0,0.0,10.0,1.0,0.5,0.8,988.8,988.8,988.8,988.8,1.0,0.0,10.0,1.0,0.5,0.8,8.0,8.0,8.0,8.0,1.0,0.0,10.0,1.0,0.5,0.8,-96.6,-96.6,-96.6,-96.6,1.0,0.0,10.0,1.0,0.5,0.8,-167.3,-167.3,-167.3,-167.3,1.0,0.0,10.0,1.0,0.5,0.8,4.8,4.8,4.8,4.8,1.0,0.0,10.0,1.0,0.5,0.8,66.7,66.7,66.7,66.7,1.0,0.0,10.0,1.0,0.5,0.8,4.3,4.3,4.3,4.3,1.0,0.0,10.0,1.0,0.5,0.8,59.8,59.8,59.8,59.8,1.0,0.0,10.0,1.0,0.5,0.8,-6.9,-6.9,-6.9,-6.9,1.0,0.0,10.0,1.0,0.5,0.8,-12.0,-12.0,-12.0,-12.0,1.0,0.0,10.0,1.0,0.5,0.8,-10.8,-10.8,-10.8,-10.8,1.0,0.0,10.0,1.0,0.5,0.8,-18.6,-18.6,-18.6,-18.6,1.0,0.0,10.0,1.0,0.5,0.8,-29.9,-29.9,-29.9,-29.9,1.0,0.0,10.0,1.0,0.5,0.8,-51.8,-51.8,-51.8,-51.8,1.0,0.0,10.0,1.0,0.5,0.8,2685.5,2685.5,2685.5,2685.5,1.0,0.0,10.0,1.0,0.5,0.8,2685.0,2685.0,2685.0,2685.0,1.0,0.0,10.0,1.0,0.5,0.8
1974,2,326.0,55.0,5.63,6.0,8.32,6.88,5.0,1.98,16.0,0.0,0.7,0.4,3.45,5.2,5.76,4.5,5.0,2.33,16.0,0.0,0.7,0.4,4.09,4.16,4.19,4.14,3.0,0.07,14.0,0.0,0.7,0.4,72.7,73.8,74.1,73.4,3.0,1.1,14.0,0.0,0.4,6.44,10.0,10.56,8.8,5.0,2.28,16.0,0.0,0.7,0.4,-9.7,-3.52,-3.22,-5.88,5.0,3.55,16.0,0.0,0.7,0.4,-7.22,-5.2,2.01,-3.04,5.0,5.88,16.0,0.0,0.7,0.4,981.0,984.5,1008.12,992.86,5.0,14.85,16.0,0.0,0.7,0.4,3.5,5.0,8.0,5.4,5.0,2.9,16.0,0.0,0.7,0.4,-101.7,-36.3,-20.8,-56.3,5.0,42.6,16.0,0.0,0.7,0.4,-61.1,-31.2,22.1,-21.8,5.0,58.5,16.0,0.0,0.7,0.4,0.33,0.8,5.0,2.38,5.0,3.0,16.0,0.0,0.7,0.4,1.2,5.4,52.5,24.0,5.0,33.5,16.0,0.0,0.7,0.4,1.5,1.78,1.8,1.65,3.0,0.24,14.0,0.0,0.7,0.4,11.1,12.1,13.5,12.3,3.0,1.7,14.0,0.0,0.7,0.4,-34.9,-17.4,-11.3,-23.6,5.0,22.3,16.0,0.0,0.7,0.4,-38.6,-27.0,0.8,-21.6,5.0,23.1,16.0,0.0,0.7,0.4,-14.2,-14.0,-13.0,-13.6,3.0,0.9,14.0,0.0,0.7,0.4,-34.5,-24.2,-22.5,-28.4,3.0,9.5,14.0,0.0,0.7,0.4,-5.8,-5.3,-5.0,-5.4,3.0,0.6,14.0,0.0,0.7,0.4,-12.4,-10.5,-9.6,-11.0,3.0,2.1,14.0,0.0,0.7,0.4,270.0,1000.0,1179.5,788.0,5.0,499.5,16.0,0.0,0.7,0.4,270.0,1000.0,1180.0,790.0,5.0,500.0,16.0,0.0,0.7,0.4
1974,2,326.0,56.0,,,,,,,,,,,,,,,,,,,,,,,,,,,,,,,,,,,,,,,,7.43,15.5,19.57,14.0,10.0,5.81,6.0,0.6,0.4,0.7,2.53,8.33,18.11,8.75,10.0,10.06,6.0,0.6,0.4,0.7,-0.6,1.74,11.66,4.31,10.0,6.69,6.0,0.6,0.4,0.7,983.84,994.05,1003.17,993.75,10.0,9.21,6.0,0.6,0.4,0.7,,,,,,,,,,,,,,,,,,,,,,,,,,,,,,,,,,,,,,,,,,,,,,,,,,,,,,,,,,,,,,,,,,,,,,,,,,,,,,,,,,,,,,,,,,,,,,,,,,,,,,,,,,,,,,,,,,,,,,,,,,,,,,,,,,,,,,,,,,,,,,,,,,,,,,
1974,2,326.0,57.0,6.39,7.35,8.0,7.2,4.0,0.96,16.0,0.8,0.6,0.3,0.83,2.5,5.23,2.98,6.0,2.5,20.0,0.7,0.5,0.3,4.1,4.1,4.1,4.1,1.0,0.0,16.0,1.0,0.3,0.4,76.9,76.9,76.9,76.9,1.0,0.0,16.0,1.0,0.4,10.06,12.65,14.29,11.55,6.0,4.56,20.0,0.7,0.5,0.3,9.02,12.12,12.87,10.24,6.0,6.35,20.0,0.7,0.5,0.3,-0.18,1.07,4.97,2.12,6.0,3.07,20.0,0.7,0.5,0.3,996.36,1002.9,1010.69,1003.38,6.0,7.65,20.0,0.7,0.5,0.3,6.0,7.5,8.0,7.2,6.0,1.0,20.0,0.7,0.5,0.3,113.0,153.9,183.7,142.1,6.0,80.2,20.0,0.7,0.5,0.3,-0.5,13.1,66.1,30.0,6.0,40.6,20.0,0.7,0.5,0.3,1.2,3.0,4.86,3.03,4.0,2.11,16.0,0.8,0.6,0.3,9.1,35.9,60.9,35.0,4.0,30.2,16.0,0.8,0.6,0.3,1.74,1.74,1.74,1.74,1.0,0.0,16.0,1.0,0.3,0.4,4.5,4.5,4.5,4.5,1.0,0.0,16.0,1.0,0.3,0.4,0.0,18.1,46.4,24.6,6.0,33.4,20.0,0.7,0.5,0.3,-0.9,1.1,20.6,9.9,6.0,19.7,20.0,0.7,0.5,0.3,-10.0,-10.0,-10.0,-10.0,1.0,0.0,16.0,1.0,0.3,0.4,-3.6,-3.6,-3.6,-3.6,1.0,0.0,16.0,1.0,0.3,0.4,-4.2,-4.2,-4.2,-4.2,1.0,0.0,16.0,1.0,0.3,0.4,-1.5,-1.5,-1.5,-1.5,1.0,0.0,16.0,1.0,0.3,0.4,1375.0,2029.0,2931.5,2033.5,6.0,1211.5,20.0,0.7,0.5,0.3,1375.0,2030.0,2930.0,2035.0,6.0,1210.0,20.0,0.7,0.5,0.3
1974,2,326.0,58.0,6.0,6.0,6.0,6.0,2.0,0.0,6.0,0.5,0.9,0.7,2.02,3.2,5.78,3.55,8.0,2.43,12.0,0.5,0.6,0.6,3.24,4.54,5.85,4.54,2.0,2.7,16.0,1.0,1.0,0.7,61.2,74.8,88.4,74.8,2.0,28.1,16.0,1.0,0.7,9.38,12.3,19.0,13.39,8.0,5.64,12.0,0.5,0.6,0.6,-9.33,2.66,11.98,1.89,8.0,11.78,12.0,0.5,0.6,0.6,-8.49,-5.41,3.04,-2.11,8.0,9.41,12.0,0.5,0.6,0.6,987.11,992.2,1002.01,992.41,8.0,10.12,12.0,0.5,0.6,0.6,3.3,6.5,8.0,6.1,8.0,2.1,12.0,0.5,0.6,0.6,-189.5,27.9,144.9,10.2,8.0,209.7,12.0,0.5,0.6,0.6,-123.5,-50.6,30.4,-11.9,8.0,166.8,12.0,0.5,0.6,0.6,-1.07,0.5,2.07,0.5,2.0,3.25,6.0,0.5,0.9,0.7,-26.8,-4.5,17.7,-4.5,2.0,46.0,6.0,0.5,0.9,0.7,-0.43,-0.43,-0.43,-0.43,1.0,0.0,10.0,1.0,0.9,0.9,-8.9,-8.9,-8.9,-8.9,1.0,0.0,10.0,1.0,0.9,0.9,-64.5,2.1,27.5,-7.8,8.0,46.9,12.0,0.5,0.6,0.6,-25.7,-20.0,9.7,4.2,8.0,56.2,12.0,0.5,0.6,0.6,-48.5,-9.7,29.0,-9.7,2.0,80.3,16.0,1.0,1.0,0.7,3.9,49.0,94.1,49.0,2.0,93.5,16.0,1.0,1.0,0.7,4.4,4.4,4.4,4.4,1.0,0.0,10.0,1.0,0.9,0.9,-7.7,-7.7,-7.7,-7.7,1.0,0.0,10.0,1.0,0.9,0.9,826.0,1861.0,6859.0,3510.5,8.0,3391.5,12.0,0.5,0.6,0.6,825.0,1860.0,6860.0,3510.0,8.0,3390.0,12.0,0.5,0.6,0.6
1974,2,326.0,59.0,,,,,,,,,,,,,,,,,,,,,,,,,,,,,,,,,,,,,,,,5.36,7.0,8.57,6.97,3.0,2.35,12.0,0.7,0.7,0.4,-6.44,-2.96,3.2,-1.65,3.0,7.15,12.0,0.7,0.7,0.4,-4.29,-3.52,1.27,-1.56,3.0,4.42,12.0,0.7,0.7,0.4,990.74,997.7,1001.66,996.23,3.0,8.1,12.0,0.7,0.7,0.4,,,,,,,,,,,,,,,,,,,,,,,,,,,,,,,,,,,,,,,,,,,,,,,,,,,,,,,,,,,,,,,,,,,,,,,,,,,,,,,,,,,,,,,,,,,,,,,,,,,,,,,,,,,,,,,,,,,,,,,,,,,,,,,,,,,,,,,,,,,,,,,,,,,,,,
1974,2,326.0,61.0,4.3,4.5,4.8,4.51,82.0,0.22,10.0,0.4,0.6,0.8,0.0,1.15,3.29,1.38,90.0,1.52,10.0,0.4,0.6,0.8,2.43,2.89,4.47,3.28,87.0,0.88,10.0,0.4,0.6,0.8,62.8,74.4,93.0,76.3,87.0,13.7,10.0,0.4,0.8,8.7,12.9,18.0,12.96,90.0,4.44,10.0,0.4,0.6,0.8,-13.01,-8.62,-2.02,-7.28,90.0,6.43,10.0,0.4,0.6,0.8,-13.5,-6.56,-0.76,-6.3,90.0,7.39,10.0,0.4,0.6,0.8,984.67,1006.0,1011.68,998.9,90.0,12.84,10.0,0.4,0.6,0.8,4.1,6.0,8.0,6.1,90.0,1.6,10.0,0.4,0.6,0.8,-206.4,-94.6,-11.3,-99.5,90.0,114.9,10.0,0.4,0.6,0.8,-207.8,-82.2,-3.3,-93.9,90.0,131.3,10.0,0.4,0.6,0.8,1.2,3.1,4.6,3.08,82.0,1.54,10.0,0.4,0.6,0.8,11.7,33.2,76.5,40.9,82.0,28.7,10.0,0.4,0.6,0.8,0.9,2.35,2.73,1.99,82.0,0.82,10.0,0.4,0.6,0.8,10.2,22.6,40.6,24.9,82.0,14.3,10.0,0.4,0.6,0.8,-34.1,-6.1,0.0,-13.7,90.0,19.6,10.0,0.4,0.6,0.8,-12.3,0.0,0.0,-5.6,90.0,13.2,10.0,0.4,0.6,0.8,-46.7,-23.8,-2.8,-25.2,87.0,24.6,10.0,0.4,0.6,0.8,-38.8,-18.8,-1.0,-20.2,87.0,25.1,10.0,0.4,0.6,0.8,-27.9,-11.2,-2.0,-12.5,82.0,14.7,10.0,0.4,0.6,0.8,-31.4,-13.2,-1.1,-13.4,82.0,16.7,10.0,0.4,0.6,0.8,658.5,2146.5,5832.0,2936.5,90.0,2591.0,10.0,0.4,0.6,0.8,660.0,2145.0,5830.0,2935.0,90.0,2590.0,10.0,0.4,0.6,0.8
1974,2,326.0,62.0,4.4,4.8,4.9,4.69,94.0,0.22,8.0,0.3,0.7,0.1,0.0,1.2,2.9,1.4,100.0,1.46,8.0,0.3,0.7,0.1,2.67,3.53,4.18,3.45,92.0,0.65,10.0,0.3,0.7,0.1,69.0,80.2,92.5,80.3,92.0,11.2,10.0,0.3,0.1,8.81,14.4,18.72,13.7,99.0,5.49,8.0,0.3,0.7,0.1,-11.99,-8.25,0.0,-6.75,99.0,5.69,8.0,0.3,0.7,0.1,-16.12,-12.11,-1.5,-9.8,99.0,6.67,8.0,0.3,0.7,0.1,986.0,993.8,1001.08,993.63,100.0,9.02,8.0,0.3,0.7,0.1,4.0,7.0,8.0,6.2,100.0,1.7,8.0,0.3,0.7,0.1,-212.2,-118.6,0.0,-105.2,99.0,103.7,8.0,0.3,0.7,0.1,-282.4,-163.9,-5.1,-164.9,99.0,125.0,8.0,0.3,0.7,0.1,1.68,3.35,4.9,3.25,94.0,1.5,8.0,0.3,0.7,0.1,15.3,39.0,73.0,42.3,93.0,26.5,10.0,0.3,0.7,0.1,1.26,1.84,2.71,1.93,91.0,0.63,10.0,0.3,0.7,0.1,13.6,25.5,38.9,25.4,90.0,12.6,10.0,0.3,0.7,0.1,-35.1,-4.4,0.0,-13.6,99.0,17.8,8.0,0.3,0.7,0.1,-39.0,-2.5,0.0,-14.9,99.0,21.0,8.0,0.3,0.7,0.1,-46.2,-25.6,0.0,-23.8,91.0,21.5,10.0,0.3,0.7,0.1,-61.3,-36.1,-5.5,-35.1,91.0,24.3,10.0,0.3,0.7,0.1,-21.1,-12.4,0.0,-11.3,90.0,11.2,10.0,0.3,0.7,0.1,-33.8,-18.4,-2.5,-18.8,90.0,14.2,10.0,0.3,0.7,0.1,691.0,2986.0,6567.5,3666.5,99.0,2909.0,8.0,0.3,0.7,0.1,690.0,2985.0,6570.0,3665.0,99.0,2910.0,8.0,0.3,0.7,0.1
1974,2,327.0,-73.0,,,,,,,,,,,,,,,,,,,,,,,,,,,,,,,,,,,,,,,,2.6,2.6,2.6,2.6,1.0,0.0,12.0,1.0,0.8,0.8,2.25,2.25,2.25,2.25,1.0,0.0,12.0,1.0,0.8,0.8,1.3,1.3,1.3,1.3,1.0,0.0,12.0,1.0,0.8,0.8,986.0,986.0,986.0,986.0,1.0,0.0,12.0,1.0,0.8,0.8,,,,,,,,,,,,,,,,,,,,,,,,,,,,,,,,,,,,,,,,,,,,,,,,,,,,,,,,,,,,,,,,,,,,,,,,,,,,,,,,,,,,,,,,,,,,,,,,,,,,,,,,,,,,,,,,,,,,,,,,,,,,,,,,,,,,,,,,,,,,,,,,,,,,,,
1974,2,327.0,-67.0,0.2,0.2,0.2,0.2,1.0,0.0,24.0,1.0,0.3,0.5,-0.8,-0.8,-0.8,-0.8,1.0,0.0,24.0,1.0,0.3,0.5,3.38,3.38,3.38,3.38,1.0,0.0,24.0,1.0,0.3,0.5,92.9,92.9,92.9,92.9,1.0,0.0,24.0,1.0,0.5,,,,,,,,,,,,,,,,,,,,,,,,,,,,,,,,,,,,,,,,,,,,,,,,,,,,,,,,,,,,,,,,,,,,,,,,,,,,,,,,,,,,,,,,,,,,,,,,,,,,,,,,,,,,,,,,,,,,,,,,,,,,,,,,,,,,,,,,,,,,,,,,,,,,,,,,,,,,,,,,,,,,,,,,,,,,,,,,,,,,,,,,,,,,,,
1974,2,327.0,-41.0,,,,,,,,,,,,,,,,,,,,,,,,,,,,,,,,,,,,,,,,,,,,,,,,,,,,,,,,,,,,,,,,,,,,,,,,,,,,,,,,8.0,8.0,8.0,8.0,1.0,0.0,14.0,1.0,0.2,0.8,1.4,1.4,1.4,1.4,1.0,0.0,14.0,1.0,0.2,0.8,3.8,3.8,3.8,3.8,1.0,0.0,14.0,1.0,0.2,0.8,,,,,,,,,,,,,,,,,,,,,,,,,,,,,,,,,,,,,,,,,,,,,,,,,,,,,,,,,,,,,,,,,,,,,,,,,,,,,,,,,,,,,,,,,,,,,,,,,,,,,,,,,,,,,,,,,,,,,,,,
1974,2,327.0,-38.0,20.4,20.4,20.4,20.4,1.0,0.0,14.0,0.0,0.3,0.8,21.1,21.1,21.1,21.1,1.0,0.0,14.0,0.0,0.3,0.8,14.37,14.37,14.37,14.37,1.0,0.0,14.0,0.0,0.3,0.8,92.3,92.3,92.3,92.3,1.0,0.0,14.0,0.0,0.8,10.0,10.0,10.0,10.0,1.0,0.0,14.0,0.0,0.3,0.8,7.66,7.66,7.66,7.66,1.0,0.0,14.0,0.0,0.3,0.8,-6.43,-6.43,-6.43,-6.43,1.0,0.0,14.0,0.0,0.3,0.8,1012.6,1012.6,1012.6,1012.6,1.0,0.0,14.0,0.0,0.3,0.8,,,,,,,,,,,,,,,,,,,,,,,,,,,,,,,-0.7,-0.7,-0.7,-0.7,1.0,0.0,14.0,0.0,0.3,0.8,-7.0,-7.0,-7.0,-7.0,1.0,0.0,14.0,0.0,0.3,0.8,0.55,0.55,0.55,0.55,1.0,0.0,14.0,0.0,0.3,0.8,5.5,5.5,5.5,5.5,1.0,0.0,14.0,0.0,0.3,0.8,161.6,161.6,161.6,161.6,1.0,0.0,14.0,0.0,0.3,0.8,-135.6,-135.6,-135.6,-135.6,1.0,0.0,14.0,0.0,0.3,0.8,110.1,110.1,110.1,110.1,1.0,0.0,14.0,0.0,0.3,0.8,-92.4,-92.4,-92.4,-92.4,1.0,0.0,14.0,0.0,0.3,0.8,4.2,4.2,4.2,4.2,1.0,0.0,14.0,0.0,0.3,0.8,-3.5,-3.5,-3.5,-3.5,1.0,0.0,14.0,0.0,0.3,0.8,1000.0,1000.0,1000.0,1000.0,1.0,0.0,14.0,0.0,0.3,0.8,1000.0,1000.0,1000.0,1000.0,1.0,0.0,14.0,0.0,0.3,0.8
1974,2,327.0,-36.0,22.55,22.65,22.75,22.65,2.0,0.21,10.0,0.5,0.8,0.5,21.56,22.75,23.94,22.75,2.0,2.47,10.0,0.5,0.8,0.5,13.0,14.14,15.29,14.14,2.0,2.38,10.0,0.5,0.8,0.5,80.9,81.9,82.9,81.9,2.0,2.1,10.0,0.5,0.5,2.06,4.35,6.64,4.35,2.0,4.74,10.0,0.5,0.8,0.5,-0.04,1.98,4.01,1.98,2.0,4.2,10.0,0.5,0.8,0.5,-4.93,-2.86,-0.79,-2.86,2.0,4.29,10.0,0.5,0.8,0.5,1011.69,1015.75,1019.81,1015.75,2.0,8.41,10.0,0.5,0.8,0.5,2.8,4.5,6.2,4.5,2.0,3.5,10.0,0.5,0.8,0.5,5.2,18.6,31.9,18.6,2.0,27.6,10.0,0.5,0.8,0.5,-38.2,-22.6,-7.1,-22.6,2.0,32.2,10.0,0.5,0.8,0.5,-1.4,-0.1,1.2,-0.1,2.0,2.69,10.0,0.5,0.8,0.5,0.5,5.9,11.3,5.9,2.0,11.2,10.0,0.5,0.8,0.5,1.62,2.95,4.27,2.95,2.0,2.75,10.0,0.5,0.8,0.5,6.8,19.3,31.8,19.3,2.0,25.9,10.0,0.5,0.8,0.5,-3.8,39.9,83.6,39.9,2.0,90.6,10.0,0.5,0.8,0.5,-103.5,-59.8,-16.1,-59.8,2.0,90.6,10.0,0.5,0.8,0.5,-3.3,23.0,49.4,23.0,2.0,54.6,10.0,0.5,0.8,0.5,-61.4,-35.4,-9.4,-35.4,2.0,53.9,10.0,0.5,0.8,0.5,3.0,11.6,20.2,11.6,2.0,17.8,10.0,0.5,0.8,0.5,-24.2,-14.3,-4.4,-14.3,2.0,20.5,10.0,0.5,0.8,0.5,73.5,229.0,384.0,229.0,2.0,322.0,10.0,0.5,0.8,0.5,75.0,230.0,385.0,230.0,2.0,320.0,10.0,0.5,0.8,0.5
1974,2,327.0,-31.0,,,,,,,,,,,,,,,,,,,,,,,,,,,,,,,,,,,,,,,,8.0,8.0,8.0,8.0,1.0,0.0,16.0,0.0,0.4,1.0,6.13,6.13,6.13,6.13,1.0,0.0,16.0,0.0,0.4,1.0,-5.14,-5.14,-5.14,-5.14,1.0,0.0,16.0,0.0,0.4,1.0,1016.0,1016.0,1016.0,1016.0,1.0,0.0,16.0,0.0,0.4,1.0,,,,,,,,,,,,,,,,,,,,,,,,,,,,,,,,,,,,,,,,,,,,,,,,,,,,,,,,,,,,,,,,,,,,,,,,,,,,,,,,,,,,,,,,,,,,,,,,,,,,,,,,,,,,,,,,,,,,,,,,,,,,,,,,,,,,,,,,,,,,,,,,,,,,,,
1974,2,327.0,-30.0,27.0,27.0,27.0,27.0,1.0,0.0,14.0,1.0,0.2,0.5,24.6,24.6,24.6,24.6,1.0,0.0,14.0,1.0,0.2,0.5,13.57,13.57,13.57,13.57,1.0,0.0,14.0,1.0,0.2,0.5,71.0,71.0,71.0,71.0,1.0,0.0,14.0,1.0,0.5,1.0,1.0,1.0,1.0,1.0,0.0,14.0,1.0,0.2,0.5,-0.94,-0.94,-0.94,-0.94,1.0,0.0,14.0,1.0,0.2,0.5,0.34,0.34,0.34,0.34,1.0,0.0,14.0,1.0,0.2,0.5,1019.5,1019.5,1019.5,1019.5,1.0,0.0,14.0,1.0,0.2,0.5,,,,,,,,,,,,,,,,,,,,,,,,,,,,,,,2.4,2.4,2.4,2.4,1.0,0.0,14.0,1.0,0.2,0.5,2.4,2.4,2.4,2.4,1.0,0.0,14.0,1.0,0.2,0.5,8.58,8.58,8.58,8.58,1.0,0.0,14.0,1.0,0.2,0.5,8.6,8.6,8.6,8.6,1.0,0.0,14.0,1.0,0.2,0.5,-23.1,-23.1,-23.1,-23.1,1.0,0.0,14.0,1.0,0.2,0.5,8.4,8.4,8.4,8.4,1.0,0.0,14.0,1.0,0.2,0.5,-12.8,-12.8,-12.8,-12.8,1.0,0.0,14.0,1.0,0.2,0.5,4.6,4.6,4.6,4.6,1.0,0.0,14.0,1.0,0.2,0.5,-8.1,-8.1,-8.1,-8.1,1.0,0.0,14.0,1.0,0.2,0.5,2.9,2.9,2.9,2.9,1.0,0.0,14.0,1.0,0.2,0.5,1.0,1.0,1.0,1.0,1.0,0.0,14.0,1.0,0.2,0.5,0.0,0.0,0.0,0.0,1.0,0.0,14.0,1.0,0.2,0.5
1974,2,327.0,-27.0,26.5,26.5,26.5,26.5,1.0,0.0,12.0,0.0,0.3,0.6,25.4,25.4,25.4,25.4,1.0,0.0,12.0,0.0,0.3,0.6,15.27,15.27,15.27,15.27,1.0,0.0,12.0,0.0,0.3,0.6,76.2,76.2,76.2,76.2,1.0,0.0,12.0,0.0,0.6,5.1,5.1,5.1,5.1,1.0,0.0,12.0,0.0,0.3,0.6,-5.1,-5.1,-5.1,-5.1,1.0,0.0,12.0,0.0,0.3,0.6,0.0,0.0,0.0,0.0,1.0,0.0,12.0,0.0,0.3,0.6,1020.4,1020.4,1020.4,1020.4,1.0,0.0,12.0,0.0,0.3,0.6,6.0,6.0,6.0,6.0,1.0,0.0,12.0,0.0,0.3,0.6,-26.0,-26.0,-26.0,-26.0,1.0,0.0,12.0,0.0,0.3,0.6,0.0,0.0,0.0,0.0,1.0,0.0,12.0,0.0,0.3,0.6,1.1,1.1,1.1,1.1,1.0,0.0,12.0,0.0,0.3,0.6,5.6,5.6,5.6,5.6,1.0,0.0,12.0,0.0,0.3,0.6,6.21,6.21,6.21,6.21,1.0,0.0,12.0,0.0,0.3,0.6,31.7,31.7,31.7,31.7,1.0,0.0,12.0,0.0,0.3,0.6,-129.5,-129.5,-129.5,-129.5,1.0,0.0,12.0,0.0,0.3,0.6,0.0,0.0,0.0,0.0,1.0,0.0,12.0,0.0,0.3,0.6,-77.9,-77.9,-77.9,-77.9,1.0,0.0,12.0,0.0,0.3,0.6,0.0,0.0,0.0,0.0,1.0,0.0,12.0,0.0,0.3,0.6,-31.7,-31.7,-31.7,-31.7,1.0,0.0,12.0,0.0,0.3,0.6,0.0,0.0,0.0,0.0,1.0,0.0,12.0,0.0,0.3,0.6,132.5,132.5,132.5,132.5,1.0,0.0,12.0,0.0,0.3,0.6,135.0,135.0,135.0,135.0,1.0,0.0,12.0,0.0,0.3,0.6
1974,2,327.0,-25.0,26.8,26.8,26.8,26.8,1.0,0.0,22.0,0.0,0.7,0.6,26.3,26.3,26.3,26.3,1.0,0.0,22.0,0.0,0.7,0.6,18.27,18.27,18.27,18.27,1.0,0.0,22.0,0.0,0.7,0.6,85.6,85.6,85.6,85.6,1.0,0.0,22.0,0.0,0.6,2.6,2.6,2.6,2.6,1.0,0.0,22.0,0.0,0.7,0.6,0.0,0.0,0.0,0.0,1.0,0.0,22.0,0.0,0.7,0.6,-2.6,-2.6,-2.6,-2.6,1.0,0.0,22.0,0.0,0.7,0.6,1013.2,1013.2,1013.2,1013.2,1.0,0.0,22.0,0.0,0.7,0.6,2.0,2.0,2.0,2.0,1.0,0.0,22.0,0.0,0.7,0.6,0.0,0.0,0.0,0.0,1.0,0.0,22.0,0.0,0.7,0.6,-6.8,-6.8,-6.8,-6.8,1.0,0.0,22.0,0.0,0.7,0.6,0.5,0.5,0.5,0.5,1.0,0.0,22.0,0.0,0.7,0.6,1.3,1.3,1.3,1.3,1.0,0.0,22.0,0.0,0.7,0.6,3.76,3.76,3.76,3.76,1.0,0.0,22.0,0.0,0.7,0.6,9.8,9.8,9.8,9.8,1.0,0.0,22.0,0.0,0.7,0.6,0.0,0.0,0.0,0.0,1.0,0.0,22.0,0.0,0.7,0.6,-68.4,-68.4,-68.4,-68.4,1.0,0.0,22.0,0.0,0.7,0.6,0.0,0.0,0.0,0.0,1.0,0.0,22.0,0.0,0.7,0.6,-47.5,-47.5,-47.5,-47.5,1.0,0.0,22.0,0.0,0.7,0.6,0.0,0.0,0.0,0.0,1.0,0.0,22.0,0.0,0.7,0.6,-9.8,-9.8,-9.8,-9.8,1.0,0.0,22.0,0.0,0.7,0.6,17.5,17.5,17.5,17.5,1.0,0.0,22.0,0.0,0.7,0.6,20.0,20.0,20.0,20.0,1.0,0.0,22.0,0.0,0.7,0.6
1974,2,327.0,-23.0,26.8,26.8,26.8,26.8,1.0,0.0,20.0,0.0,0.9,0.1,27.0,27.0,27.0,27.0,1.0,0.0,20.0,0.0,0.9,0.1,17.35,17.35,17.35,17.35,1.0,0.0,20.0,0.0,0.9,0.1,78.3,78.3,78.3,78.3,1.0,0.0,20.0,0.0,0.1,4.1,4.1,4.1,4.1,1.0,0.0,20.0,0.0,0.9,0.1,-4.04,-4.04,-4.04,-4.04,1.0,0.0,20.0,0.0,0.9,0.1,-0.71,-0.71,-0.71,-0.71,1.0,0.0,20.0,0.0,0.9,0.1,1015.9,1015.9,1015.9,1015.9,1.0,0.0,20.0,0.0,0.9,0.1,4.0,4.0,4.0,4.0,1.0,0.0,20.0,0.0,0.9,0.1,-16.6,-16.6,-16.6,-16.6,1.0,0.0,20.0,0.0,0.9,0.1,-2.9,-2.9,-2.9,-2.9,1.0,0.0,20.0,0.0,0.9,0.1,-0.2,-0.2,-0.2,-0.2,1.0,0.0,20.0,0.0,0.9,0.1,-0.8,-0.8,-0.8,-0.8,1.0,0.0,20.0,0.0,0.9,0.1,4.62,4.62,4.62,4.62,1.0,0.0,20.0,0.0,0.9,0.1,18.9,18.9,18.9,18.9,1.0,0.0,20.0,0.0,0.9,0.1,-109.0,-109.0,-109.0,-109.0,1.0,0.0,20.0,0.0,0.9,0.1,-19.2,-19.2,-19.2,-19.2,1.0,0.0,20.0,0.0,0.9,0.1,-70.1,-70.1,-70.1,-70.1,1.0,0.0,20.0,0.0,0.9,0.1,-12.4,-12.4,-12.4,-12.4,1.0,0.0,20.0,0.0,0.9,0.1,-18.6,-18.6,-18.6,-18.6,1.0,0.0,20.0,0.0,0.9,0.1,-3.3,-3.3,-3.3,-3.3,1.0,0.0,20.0,0.0,0.9,0.1,69.0,69.0,69.0,69.0,1.0,0.0,20.0,0.0,0.9,0.1,70.0,70.0,70.0,70.0,1.0,0.0,20.0,0.0,0.9,0.1
1974,2,327.0,-22.0,,,,,,,,,,,,,,,,,,,,,,,,,,,,,,,,,,,,,,,,6.0,6.0,6.0,6.0,1.0,0.0,6.0,0.0,0.2,1.0,-6.0,-6.0,-6.0,-6.0,1.0,0.0,6.0,0.0,0.2,1.0,0.0,0.0,0.0,0.0,1.0,0.0,6.0,0.0,0.2,1.0,1014.7,1014.7,1014.7,1014.7,1.0,0.0,6.0,0.0,0.2,1.0,,,,,,,,,,,,,,,,,,,,,,,,,,,,,,,,,,,,,,,,,,,,,,,,,,,,,,,,,,,,,,,,,,,,,,,,,,,,,,,,,,,,,,,,,,,,,,,,,,,,,,,,,,,,,,,,,,,,,,,,,,,,,,,,,,,,,,,,,,,,,,,,,,,,,,
1974,2,327.0,-20.0,27.16,27.5,27.84,27.5,2.0,0.71,4.0,0.0,0.5,0.2,26.06,26.2,26.34,26.2,2.0,0.28,4.0,0.0,0.5,0.2,17.82,17.82,17.82,17.82,1.0,0.0,2.0,0.0,0.6,0.3,85.1,85.1,85.1,85.1,1.0,0.0,2.0,0.0,0.3,5.24,5.55,5.86,5.55,2.0,0.64,4.0,0.0,0.5,0.2,-5.59,-4.91,-4.22,-4.91,2.0,1.42,4.0,0.0,0.5,0.2,-2.59,-1.12,0.36,-1.12,2.0,3.05,4.0,0.0,0.5,0.2,1014.05,1014.15,1014.25,1014.15,2.0,0.21,4.0,0.0,0.5,0.2,4.3,5.0,5.7,5.0,2.0,1.4,4.0,0.0,0.5,0.2,-33.0,-27.7,-22.4,-27.7,2.0,11.0,4.0,0.0,0.5,0.2,-13.1,-5.2,2.6,-5.2,2.0,16.2,4.0,0.0,0.5,0.2,1.1,1.3,1.5,1.3,2.0,0.42,4.0,0.0,0.5,0.2,5.8,7.4,8.9,7.4,2.0,3.2,4.0,0.0,0.5,0.2,4.46,4.46,4.46,4.46,1.0,0.0,2.0,0.0,0.6,0.3,22.7,22.7,22.7,22.7,1.0,0.0,2.0,0.0,0.6,0.3,-147.4,-128.8,-110.2,-128.8,2.0,38.5,4.0,0.0,0.5,0.2,-67.3,-28.9,9.6,-28.9,2.0,79.7,4.0,0.0,0.5,0.2,-69.6,-69.6,-69.6,-69.6,1.0,0.0,2.0,0.0,0.6,0.3,-58.4,-58.4,-58.4,-58.4,1.0,0.0,2.0,0.0,0.6,0.3,-17.4,-17.4,-17.4,-17.4,1.0,0.0,2.0,0.0,0.6,0.3,-14.6,-14.6,-14.6,-14.6,1.0,0.0,2.0,0.0,0.6,0.3,146.0,174.5,203.0,174.5,2.0,59.0,4.0,0.0,0.5,0.2,145.0,175.0,205.0,175.0,2.0,60.0,4.0,0.0,0.5,0.2
1974,2,327.0,-19.0,28.16,28.5,28.84,28.5,2.0,0.71,2.0,0.5,0.8,0.4,26.66,26.8,26.94,26.8,2.0,0.28,2.0,0.5,0.8,0.4,20.5,20.5,20.5,20.5,1.0,0.0,2.0,0.0,1.0,0.2,92.1,92.1,92.1,92.1,1.0,0.0,2.0,0.0,0.2,5.72,7.05,8.38,7.05,2.0,2.76,2.0,0.5,0.8,0.4,-8.16,-6.64,-5.12,-6.64,2.0,3.14,2.0,0.5,0.8,0.4,-1.9,-0.49,0.91,-0.49,2.0,2.91,2.0,0.5,0.8,0.4,1012.92,1012.95,1012.98,1012.95,2.0,0.07,2.0,0.5,0.8,0.4,5.3,6.0,6.7,6.0,2.0,1.4,2.0,0.5,0.8,0.4,-70.7,-51.1,-31.6,-51.1,2.0,40.5,2.0,0.5,0.8,0.4,-8.7,0.5,9.8,0.5,2.0,19.1,2.0,0.5,0.8,0.4,1.22,1.7,2.18,1.7,2.0,0.99,2.0,0.5,0.8,0.4,7.7,13.4,19.0,13.4,2.0,11.7,2.0,0.5,0.8,0.4,3.16,3.16,3.16,3.16,1.0,0.0,2.0,0.0,1.0,0.2,16.1,16.1,16.1,16.1,1.0,0.0,2.0,0.0,1.0,0.2,-217.3,-177.5,-137.7,-177.5,2.0,82.4,2.0,0.5,0.8,0.4,-51.3,-13.6,24.0,-13.6,2.0,78.1,2.0,0.5,0.8,0.4,-90.6,-90.6,-90.6,-90.6,1.0,0.0,2.0,0.0,1.0,0.2,-52.3,-52.3,-52.3,-52.3,1.0,0.0,2.0,0.0,1.0,0.2,-14.0,-14.0,-14.0,-14.0,1.0,0.0,2.0,0.0,1.0,0.2,-8.1,-8.1,-8.1,-8.1,1.0,0.0,2.0,0.0,1.0,0.2,227.5,431.0,634.5,431.0,2.0,421.5,2.0,0.5,0.8,0.4,225.0,430.0,635.0,430.0,2.0,420.0,2.0,0.5,0.8,0.4
1974,2,327.0,-18.0,,,,,,,,,,,,,,,,,,,,,,,,,,,,,,,,,,,,,,,,6.0,6.0,6.0,6.0,1.0,0.0,4.0,1.0,1.0,0.8,-6.0,-6.0,-6.0,-6.0,1.0,0.0,4.0,1.0,1.0,0.8,0.0,0.0,0.0,0.0,1.0,0.0,4.0,1.0,1.0,0.8,1012.6,1012.6,1012.6,1012.6,1.0,0.0,4.0,1.0,1.0,0.8,,,,,,,,,,,,,,,,,,,,,,,,,,,,,,,,,,,,,,,,,,,,,,,,,,,,,,,,,,,,,,,,,,,,,,,,,,,,,,,,,,,,,,,,,,,,,,,,,,,,,,,,,,,,,,,,,,,,,,,,,,,,,,,,,,,,,,,,,,,,,,,,,,,,,,
1974,2,327.0,-14.0,,,,,,,,,,,,,,,,,,,,,,,,,,,,,,,,,,,,,,,,8.0,8.0,8.0,8.0,1.0,0.0,28.0,0.0,0.2,0.8,-6.13,-6.13,-6.13,-6.13,1.0,0.0,28.0,0.0,0.2,0.8,-5.14,-5.14,-5.14,-5.14,1.0,0.0,28.0,0.0,0.2,0.8,1014.6,1014.6,1014.6,1014.6,1.0,0.0,28.0,0.0,0.2,0.8,,,,,,,,,,,,,,,,,,,,,,,,,,,,,,,,,,,,,,,,,,,,,,,,,,,,,,,,,,,,,,,,,,,,,,,,,,,,,,,,,,,,,,,,,,,,,,,,,,,,,,,,,,,,,,,,,,,,,,,,,,,,,,,,,,,,,,,,,,,,,,,,,,,,,,
1974,2,327.0,-13.0,,,,,,,,,,,,,,,,,,,,,,,,,,,,,,,,,,,,,,,,4.0,5.0,6.1,5.05,4.0,1.22,20.0,0.3,0.8,0.7,-3.92,-3.66,-3.25,-3.59,4.0,0.42,20.0,0.3,0.8,0.7,-4.68,-3.3,0.39,-2.19,4.0,3.42,20.0,0.3,0.8,0.7,1011.08,1012.1,1012.7,1011.9,4.0,0.98,20.0,0.3,0.8,0.7,,,,,,,,,,,,,,,,,,,,,,,,,,,,,,,,,,,,,,,,,,,,,,,,,,,,,,,,,,,,,,,,,,,,,,,,,,,,,,,,,,,,,,,,,,,,,,,,,,,,,,,,,,,,,,,,,,,,,,,,,,,,,,,,,,,,,,,,,,,,,,,,,,,,,,
1974,2,327.0,-12.0,,,,,,,,,,,,,,,,,,,,,,,,,,,,,,,,,,,,,,,,6.0,6.0,6.0,6.0,1.0,0.0,28.0,1.0,1.0,1.0,-5.91,-5.91,-5.91,-5.91,1.0,0.0,28.0,1.0,1.0,1.0,-1.04,-1.04,-1.04,-1.04,1.0,0.0,28.0,1.0,1.0,1.0,1014.6,1014.6,1014.6,1014.6,1.0,0.0,28.0,1.0,1.0,1.0,,,,,,,,,,,,,,,,,,,,,,,,,,,,,,,,,,,,,,,,,,,,,,,,,,,,,,,,,,,,,,,,,,,,,,,,,,,,,,,,,,,,,,,,,,,,,,,,,,,,,,,,,,,,,,,,,,,,,,,,,,,,,,,,,,,,,,,,,,,,,,,,,,,,,,
1974,2,327.0,-11.0,28.05,28.15,28.25,28.15,2.0,0.21,6.0,0.5,0.5,0.9,27.07,27.85,28.63,27.85,2.0,1.63,6.0,0.5,0.5,0.9,17.99,19.38,20.78,19.38,2.0,2.89,6.0,0.5,0.5,0.9,80.2,82.3,84.4,82.3,2.0,4.4,6.0,0.5,0.9,3.66,5.95,8.24,5.95,2.0,4.74,6.0,0.5,0.5,0.9,-7.49,-4.81,-2.14,-4.81,2.0,5.55,6.0,0.5,0.5,0.9,-1.55,0.37,2.29,0.37,2.0,3.98,6.0,0.5,0.5,0.9,1010.56,1010.7,1010.84,1010.7,2.0,0.28,6.0,0.5,0.5,0.9,3.3,4.0,4.7,4.0,2.0,1.4,6.0,0.5,0.5,0.9,-68.7,-41.8,-14.8,-41.8,2.0,55.8,6.0,0.5,0.5,0.9,-0.6,11.6,23.9,11.6,2.0,25.4,6.0,0.5,0.5,0.9,-0.59,0.3,1.19,0.3,2.0,1.84,6.0,0.5,0.5,0.9,0.2,6.1,12.1,6.1,2.0,12.4,6.0,0.5,0.5,0.9,3.0,4.55,6.09,4.55,2.0,3.2,6.0,0.5,0.5,0.9,15.0,34.6,54.2,34.6,2.0,40.6,6.0,0.5,0.5,0.9,-200.4,-129.6,-58.7,-129.6,2.0,146.8,6.0,0.5,0.5,0.9,-46.1,7.0,60.2,7.0,2.0,110.2,6.0,0.5,0.5,0.9,-130.5,-85.3,-40.1,-85.3,2.0,93.7,6.0,0.5,0.5,0.9,-35.3,1.4,38.1,1.4,2.0,76.0,6.0,0.5,0.5,0.9,-50.4,-30.8,-11.1,-30.8,2.0,40.6,6.0,0.5,0.5,0.9,-1.3,8.0,17.3,8.0,2.0,19.3,6.0,0.5,0.5,0.9,142.5,411.0,679.5,411.0,2.0,556.5,6.0,0.5,0.5,0.9,140.0,410.0,680.0,410.0,2.0,555.0,6.0,0.5,0.5,0.9
1974,2,327.0,-10.0,27.06,27.2,27.34,27.2,2.0,0.28,16.0,0.5,0.5,0.6,26.49,27.55,28.61,27.55,2.0,2.19,16.0,0.5,0.5,0.6,16.49,16.49,16.49,16.49,1.0,0.0,14.0,1.0,0.7,0.7,65.6,65.6,65.6,65.6,1.0,0.0,14.0,1.0,0.7,3.3,4.8,6.3,4.8,2.0,3.11,16.0,0.5,0.5,0.6,-5.8,-4.12,-2.45,-4.12,2.0,3.47,16.0,0.5,0.5,0.6,2.06,2.19,2.33,2.19,2.0,0.28,16.0,0.5,0.5,0.6,1011.62,1012.3,1012.98,1012.3,2.0,1.41,16.0,0.5,0.5,0.6,3.2,3.5,3.8,3.5,2.0,0.7,16.0,0.5,0.5,0.6,-39.4,-25.2,-11.0,-25.2,2.0,29.5,16.0,0.5,0.5,0.6,7.0,11.0,14.9,11.0,2.0,8.2,16.0,0.5,0.5,0.6,-1.27,-0.35,0.57,-0.35,2.0,1.91,16.0,0.5,0.5,0.6,-2.6,1.3,5.2,1.3,2.0,8.1,16.0,0.5,0.5,0.6,6.38,6.38,6.38,6.38,1.0,0.0,14.0,1.0,0.7,0.7,16.6,16.6,16.6,16.6,1.0,0.0,14.0,1.0,0.7,0.7,-151.6,-109.8,-68.1,-109.8,2.0,86.5,16.0,0.5,0.5,0.6,58.6,60.1,61.6,60.1,2.0,3.0,16.0,0.5,0.5,0.6,-27.6,-27.6,-27.6,-27.6,1.0,0.0,14.0,1.0,0.7,0.7,32.9,32.9,32.9,32.9,1.0,0.0,14.0,1.0,0.7,0.7,-10.7,-10.7,-10.7,-10.7,1.0,0.0,14.0,1.0,0.7,0.7,12.7,12.7,12.7,12.7,1.0,0.0,14.0,1.0,0.7,0.7,69.0,180.5,291.5,180.5,2.0,230.0,16.0,0.5,0.5,0.6,70.0,180.0,290.0,180.0,2.0,230.0,16.0,0.5,0.5,0.6
1974,2,327.0,-9.0,27.0,28.0,28.8,27.89,7.0,0.75,18.0,0.3,0.5,0.6,26.77,27.0,28.67,27.59,7.0,1.3,18.0,0.3,0.5,0.6,17.77,18.48,19.34,18.56,4.0,0.96,22.0,0.3,0.5,0.6,77.0,81.1,86.5,81.7,4.0,5.7,22.0,0.3,0.6,1.79,4.35,6.62,4.75,8.0,2.89,18.0,0.4,0.4,0.6,-6.17,-4.07,-1.3,-4.44,8.0,2.92,18.0,0.4,0.4,0.6,-0.67,0.0,2.17,0.39,8.0,1.7,18.0,0.4,0.4,0.6,1009.1,1010.05,1013.51,1010.86,8.0,2.31,18.0,0.4,0.4,0.6,2.0,3.0,7.6,3.9,8.0,2.7,18.0,0.4,0.4,0.6,-41.0,-17.6,-3.1,-28.4,8.0,32.0,18.0,0.4,0.4,0.6,-2.6,0.0,9.6,1.5,8.0,9.8,18.0,0.4,0.4,0.6,-1.05,0.8,1.32,0.3,7.0,1.35,18.0,0.3,0.5,0.6,-3.2,1.2,8.4,2.3,7.0,6.0,18.0,0.3,0.5,0.6,4.26,4.77,6.29,5.25,4.0,1.44,22.0,0.3,0.5,0.6,13.6,25.8,29.0,21.5,4.0,11.7,22.0,0.3,0.5,0.6,-184.4,-112.7,-28.7,-123.3,7.0,85.6,18.0,0.3,0.5,0.6,-11.7,0.0,63.0,14.6,7.0,49.0,18.0,0.3,0.5,0.6,-99.9,-75.3,-43.1,-71.7,4.0,42.1,22.0,0.3,0.5,0.6,-25.7,-3.1,23.8,-1.1,4.0,36.4,22.0,0.3,0.5,0.6,-28.2,-23.4,-12.0,-20.2,4.0,11.4,22.0,0.3,0.5,0.6,-5.7,-0.7,6.2,0.2,4.0,8.8,22.0,0.3,0.5,0.6,10.5,83.0,291.5,219.5,8.0,332.0,18.0,0.4,0.4,0.6,10.0,85.0,290.0,220.0,8.0,330.0,18.0,0.4,0.4,0.6
1974,2,327.0,-8.0,27.49,28.0,29.0,28.21,10.0,0.81,18.0,0.7,0.6,0.7,28.0,28.1,28.92,28.41,8.0,1.11,18.0,0.6,0.6,0.6,16.53,18.09,18.53,18.27,7.0,1.83,18.0,0.7,0.5,0.6,69.7,72.2,82.7,75.5,7.0,9.2,18.0,0.7,0.6,2.34,6.2,8.15,5.57,9.0,3.3,18.0,0.7,0.6,0.6,-7.86,-4.75,-1.71,-4.62,9.0,3.31,18.0,0.7,0.6,0.6,-0.12,3.69,4.22,2.41,9.0,2.07,18.0,0.7,0.6,0.6,1009.09,1010.2,1011.17,1010.41,10.0,1.52,18.0,0.7,0.6,0.7,2.0,3.0,4.6,3.2,10.0,1.3,18.0,0.7,0.6,0.7,-64.1,-29.4,-5.0,-35.0,9.0,36.7,18.0,0.7,0.6,0.6,-0.1,19.9,31.2,16.7,9.0,15.7,18.0,0.7,0.6,0.6,-1.63,0.05,0.92,-0.15,8.0,1.22,18.0,0.6,0.6,0.6,-0.6,0.7,6.2,2.1,7.0,3.3,18.0,0.6,0.6,0.6,4.12,6.33,7.31,5.92,7.0,2.17,18.0,0.7,0.5,0.6,16.2,35.6,57.3,37.2,6.0,26.5,18.0,0.7,0.5,0.5,-233.8,-133.0,-42.6,-129.0,7.0,100.1,18.0,0.6,0.6,0.6,-5.2,103.4,116.5,62.4,7.0,63.5,18.0,0.6,0.6,0.6,-152.3,-99.2,-22.4,-91.5,6.0,63.8,18.0,0.7,0.5,0.5,-0.6,66.2,80.7,49.3,6.0,40.4,18.0,0.7,0.5,0.5,-56.3,-18.3,-12.2,-29.8,6.0,27.0,18.0,0.7,0.5,0.5,-0.2,15.4,29.5,16.2,6.0,16.0,18.0,0.7,0.5,0.5,14.0,238.5,541.0,333.0,9.0,405.0,18.0,0.7,0.6,0.6,15.0,240.0,540.0,335.0,9.0,405.0,18.0,0.7,0.6,0.6
1974,2,327.0,-7.0,27.18,28.0,28.66,27.8,9.0,0.91,16.0,0.6,0.5,0.8,26.71,28.0,29.0,27.88,10.0,1.46,14.0,0.5,0.6,0.7,17.29,18.28,19.24,18.46,7.0,1.74,16.0,0.4,0.5,0.7,73.3,82.2,88.5,80.6,7.0,8.4,16.0,0.4,0.7,1.66,6.0,6.93,4.76,9.0,2.54,16.0,0.6,0.5,0.8,-5.31,-3.86,-1.26,-3.28,9.0,2.08,16.0,0.6,0.5,0.8,-0.63,2.55,4.85,1.96,9.0,3.34,16.0,0.6,0.5,0.8,1009.41,1011.1,1012.41,1011.11,10.0,1.84,14.0,0.5,0.6,0.7,1.3,4.0,5.5,3.3,9.0,1.9,16.0,0.6,0.5,0.8,-36.9,-22.5,-2.2,-19.8,9.0,16.5,16.0,0.6,0.5,0.8,-0.5,13.0,32.1,11.7,9.0,22.4,16.0,0.6,0.5,0.8,-1.35,0.0,0.68,-0.4,9.0,1.05,16.0,0.6,0.5,0.8,-5.2,0.0,3.9,-0.8,9.0,4.8,16.0,0.6,0.5,0.8,3.36,5.13,6.86,4.98,6.0,2.13,18.0,0.5,0.5,0.7,10.1,20.0,33.2,21.2,6.0,12.7,18.0,0.5,0.5,0.7,-142.6,-111.8,-36.3,-91.0,9.0,56.2,16.0,0.6,0.5,0.8,-18.3,71.4,133.5,55.3,9.0,91.3,16.0,0.6,0.5,0.8,-105.9,-91.3,-28.4,-71.9,6.0,44.6,18.0,0.5,0.5,0.7,-32.8,25.8,88.0,20.4,6.0,68.6,18.0,0.5,0.5,0.7,-26.2,-16.7,-6.6,-16.5,6.0,11.8,18.0,0.5,0.5,0.7,-8.9,4.6,19.2,4.1,6.0,14.7,18.0,0.5,0.5,0.7,5.0,216.0,337.0,183.0,9.0,163.5,16.0,0.6,0.5,0.8,5.0,215.0,335.0,185.0,9.0,165.0,16.0,0.6,0.5,0.8
1974,2,327.0,-6.0,27.0,29.0,29.0,28.17,7.0,1.04,18.0,0.7,0.5,0.4,27.58,27.8,28.83,28.16,7.0,0.83,18.0,0.7,0.5,0.4,16.91,17.69,19.0,17.75,6.0,1.55,18.0,0.8,0.5,0.5,68.9,76.2,78.0,73.7,6.0,6.8,18.0,0.8,0.5,2.17,4.85,5.64,4.27,6.0,2.46,18.0,0.8,0.5,0.5,-5.54,-3.43,-1.35,-3.54,6.0,2.5,18.0,0.8,0.5,0.5,-0.18,1.28,2.98,1.44,6.0,2.03,18.0,0.8,0.5,0.5,1008.93,1009.5,1013.57,1010.61,7.0,2.65,18.0,0.7,0.5,0.4,1.6,3.0,5.2,3.2,6.0,2.2,18.0,0.8,0.5,0.5,-32.1,-14.9,-5.1,-19.7,6.0,20.3,18.0,0.8,0.5,0.5,-0.5,6.5,20.0,8.5,6.0,10.5,18.0,0.8,0.5,0.5,-0.88,0.2,1.42,0.01,7.0,1.47,18.0,0.7,0.5,0.4,-7.2,-0.9,0.9,-3.9,6.0,7.8,18.0,0.8,0.5,0.5,3.37,6.17,8.3,6.06,6.0,2.84,18.0,0.8,0.5,0.5,15.3,19.9,30.0,22.3,6.0,13.9,18.0,0.8,0.5,0.5,-156.2,-96.3,-38.8,-101.1,6.0,72.7,18.0,0.8,0.5,0.5,-5.3,35.4,87.4,41.3,6.0,58.3,18.0,0.8,0.5,0.5,-100.3,-62.7,-20.8,-65.1,6.0,49.7,18.0,0.8,0.5,0.5,-3.2,24.0,54.9,25.0,6.0,34.0,18.0,0.8,0.5,0.5,-20.5,-17.0,-13.3,-16.4,6.0,7.2,18.0,0.8,0.5,0.5,-1.4,3.3,16.2,8.7,6.0,18.0,18.0,0.8,0.5,0.5,14.0,115.0,199.5,139.5,6.0,165.5,18.0,0.8,0.5,0.5,15.0,115.0,200.0,140.0,6.0,165.0,18.0,0.8,0.5,0.5
1974,2,327.0,-5.0,27.0,27.6,29.0,27.93,24.0,0.98,16.0,0.5,0.4,0.6,26.88,27.5,28.62,27.6,25.0,0.9,18.0,0.5,0.4,0.6,17.24,18.0,18.49,17.89,20.0,0.79,18.0,0.5,0.4,0.6,74.5,78.4,81.1,78.7,22.0,4.5,18.0,0.5,0.6,1.33,4.6,6.87,4.6,24.0,2.53,16.0,0.5,0.4,0.6,-5.4,-4.34,-1.08,-3.77,24.0,2.32,16.0,0.5,0.4,0.6,-0.56,1.15,3.73,1.2,24.0,2.59,16.0,0.5,0.4,0.6,1008.64,1010.2,1012.55,1010.56,23.0,1.99,16.0,0.5,0.4,0.6,2.0,5.0,7.0,4.6,25.0,2.3,18.0,0.5,0.4,0.6,-38.1,-20.5,-1.4,-22.7,24.0,21.0,16.0,0.5,0.4,0.6,-0.7,3.9,21.7,7.2,24.0,17.0,16.0,0.5,0.4,0.6,-0.37,0.2,0.94,0.36,24.0,0.85,16.0,0.5,0.4,0.6,-2.7,0.0,2.6,0.1,23.0,2.9,16.0,0.5,0.4,0.6,4.61,5.44,6.82,5.4,19.0,1.24,18.0,0.5,0.4,0.6,15.1,23.2,31.5,22.1,18.0,10.9,18.0,0.5,0.4,0.6,-149.5,-115.3,-31.0,-104.4,24.0,65.3,16.0,0.5,0.4,0.6,-16.1,31.5,103.4,32.5,24.0,72.3,16.0,0.5,0.4,0.6,-86.8,-75.3,-38.4,-66.0,19.0,33.6,18.0,0.5,0.4,0.6,-2.5,19.9,66.8,21.8,19.0,44.9,18.0,0.5,0.4,0.6,-27.0,-19.6,-9.4,-18.7,18.0,10.2,18.0,0.5,0.4,0.6,-2.0,6.9,12.7,4.8,18.0,11.9,18.0,0.5,0.4,0.6,2.5,97.5,326.0,178.5,24.0,219.0,16.0,0.5,0.4,0.6,5.0,95.0,325.0,180.0,24.0,220.0,16.0,0.5,0.4,0.6
1974,2,327.0,-4.0,27.03,28.0,29.0,28.21,27.0,1.05,14.0,0.5,0.6,0.6,26.06,26.95,27.94,26.94,28.0,0.91,16.0,0.5,0.6,0.6,16.81,18.09,18.74,18.0,25.0,1.21,16.0,0.4,0.6,0.6,77.0,78.8,87.2,81.1,25.0,6.7,16.0,0.4,0.6,1.22,3.1,5.1,3.68,29.0,2.3,16.0,0.5,0.6,0.6,-4.8,-2.55,0.0,-2.56,29.0,2.42,16.0,0.5,0.6,0.6,-2.32,0.17,2.96,0.67,29.0,2.49,16.0,0.5,0.6,0.6,1007.94,1009.0,1011.26,1009.63,29.0,1.99,16.0,0.5,0.6,0.6,1.3,4.0,8.0,4.3,28.0,2.7,16.0,0.5,0.5,0.6,-25.8,-9.6,0.0,-13.8,29.0,18.1,16.0,0.5,0.6,0.6,-6.7,0.2,13.6,4.7,29.0,14.1,16.0,0.5,0.6,0.6,-0.01,1.0,2.81,1.36,26.0,1.53,16.0,0.5,0.6,0.6,0.0,2.2,11.8,3.8,26.0,6.2,16.0,0.5,0.6,0.6,4.26,6.17,7.78,6.1,24.0,2.03,16.0,0.5,0.6,0.6,8.8,21.1,32.4,21.3,24.0,13.3,16.0,0.5,0.6,0.6,-126.9,-64.9,0.0,-66.7,28.0,66.8,16.0,0.5,0.6,0.6,-52.0,7.7,81.6,21.6,28.0,66.1,16.0,0.5,0.6,0.6,-85.9,-40.9,0.0,-45.8,25.0,46.2,16.0,0.4,0.6,0.6,-22.9,13.9,57.5,18.6,25.0,42.3,16.0,0.4,0.6,0.6,-27.5,-14.1,0.0,-14.1,24.0,14.4,16.0,0.5,0.6,0.6,-8.7,4.3,18.6,5.0,24.0,14.5,16.0,0.5,0.6,0.6,2.0,30.0,132.5,109.5,29.0,171.0,16.0,0.5,0.6,0.6,0.0,30.0,135.0,110.0,29.0,170.0,16.0,0.5,0.6,0.6
1974,2,327.0,-3.0,27.0,28.0,28.95,27.88,23.0,0.93,16.0,0.3,0.8,0.4,26.3,27.0,27.74,27.03,24.0,1.11,16.0,0.4,0.8,0.5,16.75,17.69,18.84,17.8,21.0,1.12,18.0,0.4,0.8,0.4,76.6,79.3,85.2,80.5,23.0,5.7,18.0,0.3,0.5,1.37,3.6,5.1,3.6,22.0,1.95,16.0,0.3,0.8,0.5,-4.35,-3.11,-0.55,-2.62,22.0,1.89,16.0,0.3,0.8,0.5,-1.19,0.77,2.55,0.86,22.0,2.4,16.0,0.3,0.8,0.5,1008.93,1010.25,1012.7,1010.45,22.0,2.05,16.0,0.4,0.8,0.4,2.0,5.0,7.3,4.7,24.0,2.5,16.0,0.4,0.8,0.5,-24.1,-10.4,-0.5,-12.3,22.0,10.5,16.0,0.3,0.8,0.5,-2.2,2.0,12.7,4.7,22.0,14.9,16.0,0.3,0.8,0.5,-0.15,0.8,1.95,0.76,23.0,1.16,16.0,0.3,0.8,0.4,-0.4,2.0,5.7,2.0,21.0,3.9,16.0,0.3,0.8,0.4,4.15,6.06,6.79,5.64,20.0,1.7,16.0,0.4,0.8,0.4,8.3,19.8,24.1,18.4,19.0,8.4,16.0,0.3,0.7,0.4,-117.2,-83.5,-14.9,-70.8,22.0,50.7,16.0,0.3,0.8,0.5,-30.3,20.4,67.4,23.2,22.0,65.7,16.0,0.3,0.8,0.5,-79.6,-58.3,-10.5,-49.5,20.0,33.7,16.0,0.4,0.7,0.4,-22.5,11.7,45.1,10.5,20.0,38.7,16.0,0.4,0.7,0.4,-21.2,-16.5,-6.2,-14.9,19.0,7.6,16.0,0.3,0.7,0.4,-7.3,3.9,9.9,2.1,19.0,11.5,16.0,0.3,0.7,0.4,3.5,46.5,132.5,86.0,22.0,111.5,16.0,0.3,0.8,0.5,5.0,45.0,135.0,85.0,22.0,110.0,16.0,0.3,0.8,0.5
1974,2,327.0,-2.0,26.98,27.75,28.16,27.58,4.0,0.79,16.0,0.5,0.7,0.6,25.14,25.55,26.43,25.78,4.0,0.88,16.0,0.5,0.7,0.6,17.44,17.58,18.56,17.99,3.0,0.89,16.0,0.7,0.7,0.6,81.1,86.0,92.8,86.9,3.0,8.6,16.0,0.7,0.6,0.74,1.0,2.89,1.78,4.0,1.9,16.0,0.5,0.7,0.6,-1.96,-0.68,-0.15,-1.04,4.0,1.35,16.0,0.5,0.7,0.6,-2.26,-0.68,-0.48,-1.34,4.0,1.47,16.0,0.5,0.7,0.6,1008.9,1009.55,1010.2,1009.55,4.0,0.76,16.0,0.5,0.7,0.6,2.4,5.5,7.5,5.0,4.0,3.2,16.0,0.5,0.7,0.6,-7.5,-0.7,-0.2,-3.7,4.0,6.6,16.0,0.5,0.7,0.6,-8.9,-0.7,-0.4,-4.5,4.0,7.8,16.0,0.5,0.7,0.6,1.4,1.85,2.2,1.8,4.0,0.47,16.0,0.5,0.7,0.6,1.2,1.8,4.7,2.9,4.0,2.7,16.0,0.5,0.7,0.6,3.65,5.7,6.32,5.0,3.0,2.05,16.0,0.7,0.7,0.6,4.0,6.6,10.6,7.3,3.0,4.8,16.0,0.7,0.7,0.6,-49.4,-17.9,-4.2,-26.4,4.0,33.6,16.0,0.5,0.7,0.6,-57.3,-18.1,-12.4,-34.1,4.0,36.4,16.0,0.5,0.7,0.6,-41.2,-8.8,-0.8,-20.7,3.0,31.3,16.0,0.7,0.7,0.6,-50.6,-15.2,-10.4,-30.1,3.0,32.1,16.0,0.7,0.7,0.6,-6.5,-3.3,-0.4,-3.4,3.0,4.5,16.0,0.7,0.7,0.6,-8.3,-5.7,-3.6,-6.0,3.0,3.4,16.0,0.7,0.7,0.6,0.5,1.0,51.5,25.0,4.0,48.5,16.0,0.5,0.7,0.6,0.0,0.0,50.0,25.0,4.0,50.0,16.0,0.5,0.7,0.6
1974,2,327.0,-1.0,27.0,27.0,27.27,27.13,3.0,0.23,24.0,0.3,0.5,0.5,24.48,25.3,27.83,26.13,3.0,2.55,24.0,0.3,0.5,0.5,17.19,17.65,20.36,18.75,3.0,2.51,24.0,0.3,0.5,0.5,86.4,87.6,89.4,87.9,3.0,2.2,24.0,0.3,0.5,3.25,4.65,6.05,4.65,2.0,2.9,24.0,0.0,0.3,0.4,-4.58,-3.4,-2.22,-3.4,2.0,2.45,24.0,0.0,0.3,0.4,-3.94,-3.15,-2.36,-3.15,2.0,1.64,24.0,0.0,0.3,0.4,1007.45,1008.0,1010.05,1008.73,3.0,2.0,24.0,0.3,0.5,0.5,5.0,5.0,7.0,6.0,3.0,1.7,24.0,0.3,0.5,0.5,-29.6,-19.4,-9.1,-19.4,2.0,21.2,24.0,0.0,0.3,0.4,-25.1,-17.0,-8.9,-17.0,2.0,16.7,24.0,0.0,0.3,0.4,-0.7,2.1,2.65,1.0,3.0,2.63,24.0,0.3,0.5,0.5,-10.1,-2.9,4.2,-2.9,2.0,14.8,24.0,0.0,0.3,0.4,2.2,5.23,5.38,3.82,3.0,2.63,24.0,0.3,0.5,0.5,6.7,9.7,12.8,9.7,2.0,6.3,24.0,0.0,0.3,0.4,-131.6,-94.6,-57.5,-94.6,2.0,76.8,24.0,0.0,0.3,0.4,-112.7,-86.4,-60.2,-86.4,2.0,54.4,24.0,0.0,0.3,0.4,-97.9,-69.7,-41.5,-69.7,2.0,58.4,24.0,0.0,0.3,0.4,-83.7,-63.5,-43.2,-63.5,2.0,41.9,24.0,0.0,0.3,0.4,-8.3,-6.6,-4.9,-6.6,2.0,3.6,24.0,0.0,0.3,0.4,-9.7,-7.1,-4.6,-7.1,2.0,5.3,24.0,0.0,0.3,0.4,62.5,159.0,256.0,159.0,2.0,200.0,24.0,0.0,0.3,0.4,65.0,160.0,255.0,160.0,2.0,200.0,24.0,0.0,0.3,0.4
1974,2,327.0,0.0,,,,,,,,,,,,,,,,,,,,,,,,,,,,,,,,,,,,,,,,7.7,7.7,7.7,7.7,1.0,0.0,22.0,0.0,0.2,0.5,-7.24,-7.24,-7.24,-7.24,1.0,0.0,22.0,0.0,0.2,0.5,-2.63,-2.63,-2.63,-2.63,1.0,0.0,22.0,0.0,0.2,0.5,1008.7,1008.7,1008.7,1008.7,1.0,0.0,22.0,0.0,0.2,0.5,,,,,,,,,,,,,,,,,,,,,,,,,,,,,,,,,,,,,,,,,,,,,,,,,,,,,,,,,,,,,,,,,,,,,,,,,,,,,,,,,,,,,,,,,,,,,,,,,,,,,,,,,,,,,,,,,,,,,,,,,,,,,,,,,,,,,,,,,,,,,,,,,,,,,,
1974,2,327.0,1.0,26.3,26.3,26.3,26.3,1.0,0.0,12.0,0.0,0.8,0.6,26.3,26.3,26.3,26.3,1.0,0.0,12.0,0.0,0.8,0.6,20.32,20.32,20.32,20.32,1.0,0.0,12.0,0.0,0.8,0.6,94.8,94.8,94.8,94.8,1.0,0.0,12.0,0.0,0.6,,,,,,,,,,,,,,,,,,,,,,,,,,,,,,,,,,,,,,,,,,,,,,,,,,,,,,,,,,,,,,,,,,,,,,,,,,,,,,,,,,,,,,,,,,,,,,,,,,,,,,,,,,,,,,,,,,,,,,,,,,,,,,,,,,,,,,,,,,,,,,,,,,,,,,,,,,,,,,,,,,,,,,,,,,,,,,,,,,,,,,,,,,,,,,
1974,2,327.0,2.0,27.21,27.45,27.69,27.45,2.0,0.49,16.0,0.0,0.4,0.5,25.52,25.55,25.58,25.55,2.0,0.07,16.0,0.0,0.4,0.5,17.46,17.94,18.43,17.94,2.0,1.01,16.0,0.0,0.4,0.5,85.5,87.7,89.9,87.7,2.0,4.5,16.0,0.0,0.5,5.5,7.45,9.4,7.45,2.0,4.03,16.0,0.0,0.4,0.5,-2.22,-2.04,-1.87,-2.04,2.0,0.36,16.0,0.0,0.4,0.5,-9.17,-7.06,-4.96,-7.06,2.0,4.36,16.0,0.0,0.4,0.5,1010.53,1010.6,1010.67,1010.6,2.0,0.14,16.0,0.0,0.4,0.5,8.0,8.0,8.0,8.0,2.0,0.0,16.0,0.0,0.4,0.5,-17.2,-14.5,-11.8,-14.5,2.0,5.5,16.0,0.0,0.4,0.5,-90.8,-61.4,-32.0,-61.4,2.0,60.9,16.0,0.0,0.4,0.5,1.7,1.9,2.1,1.9,2.0,0.42,16.0,0.0,0.4,0.5,9.8,15.0,20.2,15.0,2.0,10.8,16.0,0.0,0.4,0.5,4.86,5.02,5.18,5.02,2.0,0.33,16.0,0.0,0.4,0.5,28.1,36.7,45.3,36.7,2.0,17.8,16.0,0.0,0.4,0.5,-56.6,-52.2,-47.8,-52.2,2.0,9.1,16.0,0.0,0.4,0.5,-234.6,-180.6,-126.7,-180.6,2.0,111.8,16.0,0.0,0.4,0.5,-38.6,-36.5,-34.4,-36.5,2.0,4.4,16.0,0.0,0.4,0.5,-170.1,-129.0,-87.8,-129.0,2.0,85.3,16.0,0.0,0.4,0.5,-11.5,-10.3,-9.1,-10.3,2.0,2.5,16.0,0.0,0.4,0.5,-44.1,-34.7,-25.3,-34.7,2.0,19.5,16.0,0.0,0.4,0.5,255.5,595.0,935.0,595.0,2.0,704.0,16.0,0.0,0.4,0.5,255.0,595.0,935.0,595.0,2.0,705.0,16.0,0.0,0.4,0.5
1974,2,327.0,3.0,26.91,27.15,27.39,27.15,2.0,0.49,12.0,1.0,0.6,0.4,25.69,26.1,26.51,26.1,2.0,0.85,12.0,1.0,0.6,0.4,17.04,17.59,18.13,17.59,2.0,1.13,12.0,1.0,0.6,0.4,82.7,83.3,83.9,83.3,2.0,1.2,12.0,1.0,0.4,2.25,3.85,5.45,3.85,2.0,3.32,12.0,1.0,0.6,0.4,-4.0,-2.37,-0.75,-2.37,2.0,3.36,12.0,1.0,0.6,0.4,-3.11,-1.24,0.63,-1.24,2.0,3.88,12.0,1.0,0.6,0.4,1012.5,1012.7,1012.9,1012.7,2.0,0.42,12.0,1.0,0.6,0.4,3.8,5.5,7.2,5.5,2.0,3.5,12.0,1.0,0.6,0.4,-24.8,-14.7,-4.7,-14.7,2.0,20.8,12.0,1.0,0.6,0.4,-20.4,-11.2,-2.0,-11.2,2.0,19.1,12.0,1.0,0.6,0.4,0.4,1.05,1.7,1.05,2.0,1.34,12.0,1.0,0.6,0.4,2.1,6.3,10.5,6.3,2.0,8.7,12.0,1.0,0.6,0.4,4.05,4.92,5.8,4.92,2.0,1.81,12.0,1.0,0.6,0.4,10.7,22.0,33.2,22.0,2.0,23.3,12.0,1.0,0.6,0.4,-101.9,-60.6,-19.2,-60.6,2.0,85.6,12.0,1.0,0.6,0.4,-79.1,-30.8,17.6,-30.8,2.0,100.2,12.0,1.0,0.6,0.4,-67.1,-39.9,-12.7,-39.9,2.0,56.4,12.0,1.0,0.6,0.4,-51.9,-19.7,12.6,-19.7,2.0,66.8,12.0,1.0,0.6,0.4,-24.8,-14.7,-4.7,-14.7,2.0,20.8,12.0,1.0,0.6,0.4,-19.9,-9.6,0.7,-9.6,2.0,21.3,12.0,1.0,0.6,0.4,40.5,121.0,201.0,121.0,2.0,166.0,12.0,1.0,0.6,0.4,40.0,120.0,200.0,120.0,2.0,165.0,12.0,1.0,0.6,0.4
1974,2,327.0,4.0,26.7,27.0,27.59,27.16,5.0,0.58,16.0,0.4,0.6,0.6,25.79,26.0,26.57,26.2,5.0,0.7,16.0,0.4,0.6,0.6,15.1,16.21,17.33,16.21,2.0,2.32,22.0,0.5,0.4,0.5,71.6,77.1,82.5,77.1,2.0,11.3,22.0,0.5,0.5,5.49,8.7,9.11,7.33,3.0,2.9,16.0,0.7,0.4,0.5,-4.27,-3.46,-3.13,-3.7,3.0,0.86,16.0,0.7,0.4,0.5,-8.14,-8.05,-1.19,-4.74,3.0,5.84,16.0,0.7,0.4,0.5,1010.12,1010.8,1011.62,1010.87,3.0,1.1,16.0,0.7,0.4,0.5,5.9,8.0,8.0,7.0,5.0,1.7,16.0,0.4,0.6,0.6,-37.7,-25.9,-17.7,-27.7,3.0,14.8,16.0,0.7,0.4,0.5,-73.7,-71.1,-17.1,-46.0,3.0,46.8,16.0,0.7,0.4,0.5,0.47,1.0,1.43,0.96,5.0,0.75,16.0,0.4,0.6,0.6,2.5,8.7,15.5,9.0,3.0,9.5,16.0,0.7,0.4,0.5,5.23,6.87,8.52,6.87,2.0,3.4,22.0,0.5,0.4,0.5,46.4,62.6,78.8,62.6,2.0,33.5,22.0,0.5,0.4,0.5,-113.0,-94.9,-82.9,-97.9,3.0,22.1,16.0,0.7,0.4,0.5,-211.8,-210.2,-29.3,-122.7,3.0,153.7,16.0,0.7,0.4,0.5,-65.4,-60.4,-55.4,-60.4,2.0,10.4,22.0,0.5,0.4,0.5,-141.4,-131.7,-121.9,-131.7,2.0,20.2,22.0,0.5,0.4,0.5,-38.4,-28.2,-18.0,-28.2,2.0,21.1,22.0,0.5,0.4,0.5,-68.7,-55.6,-42.6,-55.6,2.0,27.0,22.0,0.5,0.4,0.5,252.5,658.5,758.0,509.0,3.0,392.0,16.0,0.7,0.4,0.5,255.0,660.0,760.0,510.0,3.0,390.0,16.0,0.7,0.4,0.5
1974,2,327.0,5.0,26.42,26.45,26.48,26.45,2.0,0.07,22.0,0.0,0.4,0.3,25.52,25.55,25.58,25.55,2.0,0.07,22.0,0.0,0.4,0.3,14.88,15.54,16.21,15.54,2.0,1.37,22.0,0.0,0.4,0.3,72.7,76.1,79.4,76.1,2.0,6.9,22.0,0.0,0.3,8.64,9.6,10.56,9.6,2.0,1.98,22.0,0.0,0.4,0.3,-5.28,-4.8,-4.32,-4.8,2.0,0.99,22.0,0.0,0.4,0.3,-9.14,-8.31,-7.49,-8.31,2.0,1.71,22.0,0.0,0.4,0.3,1010.14,1010.45,1010.76,1010.45,2.0,0.64,22.0,0.0,0.4,0.3,7.2,7.5,7.8,7.5,2.0,0.7,22.0,0.0,0.4,0.3,-56.2,-47.1,-37.9,-47.1,2.0,19.0,22.0,0.0,0.4,0.3,-97.4,-81.5,-65.6,-81.5,2.0,32.9,22.0,0.0,0.4,0.3,0.83,0.9,0.97,0.9,2.0,0.14,22.0,0.0,0.4,0.3,8.3,8.5,8.7,8.5,2.0,0.4,22.0,0.0,0.4,0.3,5.48,6.09,6.7,6.09,2.0,1.27,22.0,0.0,0.4,0.3,48.0,59.7,71.4,59.7,2.0,24.2,22.0,0.0,0.4,0.3,-135.0,-122.7,-110.3,-122.7,2.0,25.6,22.0,0.0,0.4,0.3,-233.9,-212.5,-191.1,-212.5,2.0,44.4,22.0,0.0,0.4,0.3,-78.2,-73.9,-69.7,-73.9,2.0,8.8,22.0,0.0,0.4,0.3,-135.4,-128.1,-120.7,-128.1,2.0,15.2,22.0,0.0,0.4,0.3,-35.7,-29.8,-24.0,-29.8,2.0,12.1,22.0,0.0,0.4,0.3,-61.8,-51.7,-41.6,-51.7,2.0,21.0,22.0,0.0,0.4,0.3,675.0,941.0,1207.5,941.0,2.0,551.5,22.0,0.0,0.4,0.3,675.0,940.0,1205.0,940.0,2.0,550.0,22.0,0.0,0.4,0.3
1974,2,327.0,6.0,26.1,26.6,27.0,26.55,4.0,0.53,26.0,0.8,0.6,0.2,25.36,26.4,26.97,26.18,4.0,1.21,26.0,0.8,0.6,0.2,15.87,16.9,17.23,16.57,4.0,1.11,26.0,0.8,0.6,0.2,71.6,80.1,85.2,78.5,4.0,9.5,26.0,0.8,0.2,4.58,5.1,6.72,5.63,4.0,1.78,26.0,0.8,0.6,0.2,-3.4,-2.19,-1.29,-2.34,4.0,1.37,26.0,0.8,0.6,0.2,-6.11,-4.91,-3.93,-5.01,4.0,1.62,26.0,0.8,0.6,0.2,1010.18,1011.75,1012.9,1011.55,4.0,1.61,26.0,0.8,0.6,0.2,4.0,6.5,8.0,6.0,4.0,2.4,26.0,0.8,0.6,0.2,-22.8,-9.9,-6.6,-14.5,4.0,13.0,26.0,0.8,0.6,0.2,-42.7,-25.0,-18.4,-30.3,4.0,19.5,26.0,0.8,0.6,0.2,-0.77,0.1,1.55,0.38,4.0,1.58,26.0,0.8,0.6,0.2,-5.7,0.7,7.9,1.1,4.0,9.4,26.0,0.8,0.6,0.2,4.41,5.43,5.92,5.18,4.0,1.21,26.0,0.8,0.6,0.2,20.7,27.7,40.5,30.5,4.0,15.8,26.0,0.8,0.6,0.2,-91.9,-57.8,-33.4,-62.4,4.0,38.6,26.0,0.8,0.6,0.2,-162.4,-125.0,-101.9,-131.8,4.0,46.4,26.0,0.8,0.6,0.2,-54.1,-37.8,-21.9,-38.0,4.0,20.1,26.0,0.8,0.6,0.2,-96.0,-82.9,-67.4,-81.8,4.0,21.0,26.0,0.8,0.6,0.2,-18.2,-9.3,-6.9,-12.4,4.0,9.4,26.0,0.8,0.6,0.2,-36.7,-26.6,-18.1,-27.4,4.0,14.0,26.0,0.8,0.6,0.2,99.5,132.5,352.0,221.5,4.0,222.0,26.0,0.8,0.6,0.2,100.0,135.0,350.0,220.0,4.0,220.0,26.0,0.8,0.6,0.2
1974,2,327.0,7.0,25.3,25.65,26.21,25.75,4.0,0.58,10.0,0.0,0.5,0.4,24.7,24.8,24.95,24.83,4.0,0.15,10.0,0.0,0.5,0.4,14.6,14.72,14.85,14.72,2.0,0.26,10.0,0.0,0.6,0.6,73.9,75.1,75.5,74.7,3.0,1.2,12.0,0.0,0.5,6.1,7.95,9.54,7.83,4.0,2.21,10.0,0.0,0.5,0.4,-8.29,-6.18,-4.38,-6.33,4.0,2.66,10.0,0.0,0.5,0.4,-5.35,-3.71,-2.97,-4.14,4.0,1.79,10.0,0.0,0.5,0.4,1007.0,1007.2,1011.16,1009.03,3.0,3.44,8.0,0.0,0.5,0.5,2.5,3.5,6.1,4.3,4.0,2.6,10.0,0.0,0.5,0.4,-75.4,-48.7,-31.9,-53.4,4.0,34.3,10.0,0.0,0.5,0.4,-47.7,-28.1,-18.8,-33.0,4.0,18.6,10.0,0.0,0.5,0.4,0.5,0.85,1.36,0.93,4.0,0.51,10.0,0.0,0.5,0.4,3.4,6.5,12.2,7.7,4.0,5.7,10.0,0.0,0.5,0.4,5.47,5.47,5.47,5.47,2.0,0.0,10.0,0.0,0.6,0.6,31.0,37.8,44.5,37.8,2.0,13.9,10.0,0.0,0.6,0.6,-206.3,-152.6,-108.5,-157.2,4.0,66.7,10.0,0.0,0.5,0.4,-132.6,-92.7,-73.8,-102.7,4.0,44.1,10.0,0.0,0.5,0.4,-76.2,-65.1,-54.0,-65.1,2.0,23.0,10.0,0.0,0.6,0.6,-90.8,-77.6,-64.4,-77.6,2.0,27.4,10.0,0.0,0.6,0.6,-28.6,-24.3,-19.9,-24.3,2.0,9.0,10.0,0.0,0.6,0.6,-34.1,-28.9,-23.8,-28.9,2.0,10.7,10.0,0.0,0.6,0.6,247.0,516.0,886.0,564.5,4.0,412.5,10.0,0.0,0.5,0.4,245.0,515.0,885.0,565.0,4.0,415.0,10.0,0.0,0.5,0.4
1974,2,327.0,8.0,24.69,25.3,25.81,25.25,4.0,0.7,16.0,0.5,0.2,0.6,23.95,24.1,24.3,24.13,4.0,0.22,16.0,0.5,0.2,0.6,13.57,13.95,14.83,14.19,3.0,0.95,16.0,0.7,0.3,0.7,71.9,75.0,80.0,75.9,3.0,5.9,16.0,0.7,0.7,7.94,8.75,10.71,9.3,4.0,1.92,16.0,0.5,0.2,0.6,-8.98,-7.51,-3.69,-6.39,4.0,3.6,16.0,0.5,0.2,0.6,-7.65,-6.43,-4.18,-5.94,4.0,2.15,16.0,0.5,0.2,0.6,1010.44,1011.05,1012.71,1011.55,4.0,1.64,16.0,0.5,0.2,0.6,3.8,5.5,7.2,5.5,2.0,3.5,14.0,0.5,0.2,0.8,-96.5,-66.4,-29.9,-63.3,4.0,42.7,16.0,0.5,0.2,0.6,-76.3,-50.8,-36.1,-55.9,4.0,27.1,16.0,0.5,0.2,0.6,0.5,1.15,1.75,1.13,4.0,0.73,16.0,0.5,0.2,0.6,4.3,9.8,18.0,11.1,4.0,8.4,16.0,0.5,0.2,0.6,5.22,5.33,6.04,5.62,3.0,0.65,16.0,0.7,0.3,0.7,41.0,43.7,54.3,47.6,3.0,10.3,16.0,0.7,0.3,0.7,-218.1,-181.7,-88.3,-154.5,4.0,87.7,16.0,0.5,0.2,0.6,-184.4,-154.0,-100.6,-143.1,4.0,51.6,16.0,0.5,0.2,0.6,-110.3,-95.7,-43.1,-77.1,3.0,51.7,16.0,0.7,0.3,0.7,-97.7,-80.3,-54.6,-76.2,3.0,31.8,16.0,0.7,0.3,0.7,-48.6,-33.5,-15.3,-32.0,3.0,24.4,16.0,0.7,0.3,0.7,-35.6,-28.1,-22.7,-29.2,3.0,9.5,16.0,0.7,0.3,0.7,501.5,678.0,1288.5,885.0,4.0,581.0,16.0,0.5,0.2,0.6,500.0,680.0,1290.0,885.0,4.0,580.0,16.0,0.5,0.2,0.6
1974,2,327.0,9.0,26.6,26.6,26.6,26.6,1.0,0.0,10.0,1.0,0.3,0.7,25.0,25.0,25.0,25.0,2.0,0.0,8.0,0.5,0.6,0.3,19.78,19.78,19.78,19.78,1.0,0.0,10.0,1.0,0.3,0.7,100.0,100.0,100.0,100.0,1.0,0.0,10.0,1.0,0.7,7.86,8.2,8.54,8.2,2.0,0.71,8.0,0.5,0.6,0.3,-6.67,-6.67,-6.67,-6.67,2.0,0.0,8.0,0.5,0.6,0.3,-5.32,-4.72,-4.13,-4.72,2.0,1.23,8.0,0.5,0.6,0.3,1013.0,1013.0,1013.0,1013.0,1.0,0.0,10.0,1.0,0.3,0.7,4.2,4.5,4.8,4.5,2.0,0.7,8.0,0.5,0.6,0.3,-56.9,-54.7,-52.4,-54.7,2.0,4.7,8.0,0.5,0.6,0.3,-45.6,-39.1,-32.7,-39.1,2.0,13.4,8.0,0.5,0.6,0.3,1.6,1.6,1.6,1.6,1.0,0.0,10.0,1.0,0.3,0.7,13.9,13.9,13.9,13.9,1.0,0.0,10.0,1.0,0.3,0.7,2.0,2.0,2.0,2.0,1.0,0.0,10.0,1.0,0.3,0.7,17.4,17.4,17.4,17.4,1.0,0.0,10.0,1.0,0.3,0.7,-166.7,-166.7,-166.6,-166.7,2.0,0.1,8.0,0.5,0.6,0.3,-132.9,-118.0,-103.2,-118.0,2.0,30.8,8.0,0.5,0.6,0.3,-131.8,-131.8,-131.8,-131.8,1.0,0.0,10.0,1.0,0.3,0.7,-110.6,-110.6,-110.6,-110.6,1.0,0.0,10.0,1.0,0.3,0.7,-13.3,-13.3,-13.3,-13.3,1.0,0.0,10.0,1.0,0.3,0.7,-11.2,-11.2,-11.2,-11.2,1.0,0.0,10.0,1.0,0.3,0.7,488.5,557.5,626.5,557.5,2.0,143.0,8.0,0.5,0.6,0.3,490.0,560.0,625.0,560.0,2.0,145.0,8.0,0.5,0.6,0.3
1974,2,327.0,11.0,23.0,23.7,25.6,24.28,4.0,1.75,18.0,0.5,0.7,0.3,22.25,23.15,24.0,23.13,4.0,1.01,18.0,0.5,0.7,0.3,13.05,13.69,15.19,14.11,3.0,1.6,18.0,0.3,0.8,0.3,66.9,75.6,88.7,77.7,4.0,13.5,18.0,0.5,0.3,9.91,11.8,11.8,10.9,4.0,1.8,18.0,0.5,0.7,0.3,-11.09,-10.06,-6.45,-8.83,4.0,3.3,18.0,0.5,0.7,0.3,-7.35,-5.57,-4.04,-5.69,4.0,1.92,18.0,0.5,0.7,0.3,1011.18,1012.0,1016.1,1013.6,3.0,3.86,18.0,0.3,0.8,0.3,3.5,4.5,5.5,4.5,4.0,1.3,18.0,0.5,0.7,0.3,-130.8,-118.8,-68.4,-100.5,4.0,46.0,18.0,0.5,0.7,0.3,-74.6,-52.9,-47.6,-60.7,4.0,19.8,18.0,0.5,0.7,0.3,-1.0,0.6,3.35,1.15,4.0,2.64,18.0,0.5,0.7,0.3,-11.8,7.1,31.3,9.6,4.0,25.1,18.0,0.5,0.7,0.3,4.91,5.42,5.85,5.38,3.0,0.69,18.0,0.3,0.8,0.3,51.3,55.0,61.2,56.2,3.0,7.3,18.0,0.3,0.8,0.3,-256.6,-231.6,-151.2,-205.2,4.0,78.5,18.0,0.5,0.7,0.3,-170.8,-127.6,-93.1,-131.7,4.0,45.6,18.0,0.5,0.7,0.3,-140.2,-115.3,-81.1,-110.7,3.0,43.5,18.0,0.3,0.8,0.3,-107.7,-96.8,-68.4,-88.3,3.0,29.7,18.0,0.3,0.8,0.3,-54.4,-42.2,-30.3,-42.4,3.0,17.7,18.0,0.3,0.8,0.3,-40.5,-35.4,-26.2,-33.4,3.0,10.6,18.0,0.3,0.8,0.3,1071.0,1643.0,1643.0,1370.0,4.0,546.0,18.0,0.5,0.7,0.3,1070.0,1645.0,1645.0,1370.0,4.0,545.0,18.0,0.5,0.7,0.3
1974,2,327.0,12.0,23.07,23.85,24.63,23.85,2.0,1.63,22.0,1.0,0.6,0.3,23.6,23.8,24.0,23.8,2.0,0.42,22.0,1.0,0.6,0.3,10.99,11.4,11.8,11.4,2.0,0.84,22.0,1.0,0.6,0.3,59.6,62.6,65.5,62.6,2.0,6.1,22.0,1.0,0.3,5.82,8.45,11.08,8.45,2.0,5.44,22.0,1.0,0.6,0.3,-8.4,-6.19,-3.98,-6.19,2.0,4.57,22.0,1.0,0.6,0.3,-7.21,-5.72,-4.22,-5.72,2.0,3.1,22.0,1.0,0.6,0.3,1016.96,1017.3,1017.64,1017.3,2.0,0.71,22.0,1.0,0.6,0.3,6.2,6.5,6.8,6.5,2.0,0.7,22.0,1.0,0.6,0.3,-99.7,-64.7,-29.8,-64.7,2.0,72.3,22.0,1.0,0.6,0.3,-84.4,-56.7,-29.1,-56.7,2.0,57.3,22.0,1.0,0.6,0.3,-0.94,0.05,1.04,0.05,2.0,2.05,22.0,1.0,0.6,0.3,-2.5,6.0,14.5,6.0,2.0,17.6,22.0,1.0,0.6,0.3,6.53,7.01,7.49,7.01,2.0,1.0,22.0,1.0,0.6,0.3,39.5,61.9,84.4,61.9,2.0,46.6,22.0,1.0,0.6,0.3,-197.6,-146.3,-95.1,-146.3,2.0,106.2,22.0,1.0,0.6,0.3,-169.8,-135.4,-100.9,-135.4,2.0,71.3,22.0,1.0,0.6,0.3,-100.1,-72.4,-44.8,-72.4,2.0,57.3,22.0,1.0,0.6,0.3,-85.8,-66.4,-47.1,-66.4,2.0,40.1,22.0,1.0,0.6,0.3,-64.1,-45.7,-27.2,-45.7,2.0,38.2,22.0,1.0,0.6,0.3,-54.8,-41.6,-28.4,-41.6,2.0,27.4,22.0,1.0,0.6,0.3,377.0,979.0,1581.0,979.0,2.0,1247.0,22.0,1.0,0.6,0.3,375.0,980.0,1580.0,980.0,2.0,1245.0,22.0,1.0,0.6,0.3
1974,2,327.0,13.0,22.0,22.0,22.0,22.0,1.0,0.0,18.0,1.0,0.2,0.2,22.4,22.4,22.4,22.4,1.0,0.0,18.0,1.0,0.2,0.2,10.09,10.09,10.09,10.09,1.0,0.0,18.0,1.0,0.2,0.2,60.1,60.1,60.1,60.1,1.0,0.0,18.0,1.0,0.2,9.3,9.3,9.3,9.3,1.0,0.0,18.0,1.0,0.2,0.2,-8.74,-8.74,-8.74,-8.74,1.0,0.0,18.0,1.0,0.2,0.2,-3.18,-3.18,-3.18,-3.18,1.0,0.0,18.0,1.0,0.2,0.2,1015.2,1015.2,1015.2,1015.2,1.0,0.0,18.0,1.0,0.2,0.2,4.0,4.0,4.0,4.0,1.0,0.0,18.0,1.0,0.2,0.2,-81.3,-81.3,-81.3,-81.3,1.0,0.0,18.0,1.0,0.2,0.2,-29.6,-29.6,-29.6,-29.6,1.0,0.0,18.0,1.0,0.2,0.2,-0.4,-0.4,-0.4,-0.4,1.0,0.0,18.0,1.0,0.2,0.2,-3.7,-3.7,-3.7,-3.7,1.0,0.0,18.0,1.0,0.2,0.2,6.34,6.34,6.34,6.34,1.0,0.0,18.0,1.0,0.2,0.2,59.0,59.0,59.0,59.0,1.0,0.0,18.0,1.0,0.2,0.2,-195.8,-195.8,-195.8,-195.8,1.0,0.0,18.0,1.0,0.2,0.2,-71.2,-71.2,-71.2,-71.2,1.0,0.0,18.0,1.0,0.2,0.2,-88.1,-88.1,-88.1,-88.1,1.0,0.0,18.0,1.0,0.2,0.2,-32.1,-32.1,-32.1,-32.1,1.0,0.0,18.0,1.0,0.2,0.2,-55.4,-55.4,-55.4,-55.4,1.0,0.0,18.0,1.0,0.2,0.2,-20.2,-20.2,-20.2,-20.2,1.0,0.0,18.0,1.0,0.2,0.2,804.5,804.5,804.5,804.5,1.0,0.0,18.0,1.0,0.2,0.2,805.0,805.0,805.0,805.0,1.0,0.0,18.0,1.0,0.2,0.2
1974,2,327.0,14.0,22.5,22.5,22.5,22.5,1.0,0.0,22.0,1.0,0.3,0.6,22.5,22.5,22.5,22.5,1.0,0.0,22.0,1.0,0.3,0.6,10.4,10.4,10.4,10.4,1.0,0.0,22.0,1.0,0.3,0.6,61.7,61.7,61.7,61.7,1.0,0.0,22.0,1.0,0.6,12.3,12.3,12.3,12.3,1.0,0.0,22.0,1.0,0.3,0.6,-9.42,-9.42,-9.42,-9.42,1.0,0.0,22.0,1.0,0.3,0.6,-7.91,-7.91,-7.91,-7.91,1.0,0.0,22.0,1.0,0.3,0.6,1016.7,1016.7,1016.7,1016.7,1.0,0.0,22.0,1.0,0.3,0.6,7.0,7.0,7.0,7.0,1.0,0.0,22.0,1.0,0.3,0.6,-115.9,-115.9,-115.9,-115.9,1.0,0.0,22.0,1.0,0.3,0.6,-97.2,-97.2,-97.2,-97.2,1.0,0.0,22.0,1.0,0.3,0.6,0.0,0.0,0.0,0.0,1.0,0.0,22.0,1.0,0.3,0.6,0.0,0.0,0.0,0.0,1.0,0.0,22.0,1.0,0.3,0.6,6.51,6.51,6.51,6.51,1.0,0.0,22.0,1.0,0.3,0.6,80.1,80.1,80.1,80.1,1.0,0.0,22.0,1.0,0.3,0.6,-212.0,-212.0,-212.0,-212.0,1.0,0.0,22.0,1.0,0.3,0.6,-177.9,-177.9,-177.9,-177.9,1.0,0.0,22.0,1.0,0.3,0.6,-98.0,-98.0,-98.0,-98.0,1.0,0.0,22.0,1.0,0.3,0.6,-82.3,-82.3,-82.3,-82.3,1.0,0.0,22.0,1.0,0.3,0.6,-61.4,-61.4,-61.4,-61.4,1.0,0.0,22.0,1.0,0.3,0.6,-51.5,-51.5,-51.5,-51.5,1.0,0.0,22.0,1.0,0.3,0.6,1861.0,1861.0,1861.0,1861.0,1.0,0.0,22.0,1.0,0.3,0.6,1860.0,1860.0,1860.0,1860.0,1.0,0.0,22.0,1.0,0.3,0.6
1974,2,327.0,15.0,22.06,22.2,22.2,22.13,3.0,0.12,22.0,0.7,0.5,0.8,21.13,21.4,22.49,21.8,3.0,1.06,22.0,0.7,0.5,0.8,10.53,10.88,10.99,10.77,3.0,0.35,22.0,0.7,0.5,0.8,62.5,69.1,70.9,66.8,3.0,6.4,22.0,0.7,0.8,4.6,4.6,7.81,6.17,3.0,2.71,22.0,0.7,0.5,0.8,-6.3,-4.53,-3.84,-5.06,3.0,1.86,22.0,0.7,0.5,0.8,-5.02,-2.96,-1.48,-3.24,3.0,2.6,22.0,0.7,0.5,0.8,1013.77,1015.0,1016.37,1015.07,3.0,1.9,22.0,0.7,0.5,0.8,4.3,5.0,5.7,5.0,3.0,1.0,22.0,0.7,0.5,0.8,-51.8,-20.8,-17.7,-34.4,3.0,27.7,22.0,0.7,0.5,0.8,-42.3,-13.6,-6.8,-24.3,3.0,27.6,22.0,0.7,0.5,0.8,-0.43,0.8,1.07,0.33,3.0,1.17,22.0,0.7,0.5,0.8,-5.2,3.7,4.9,0.0,3.0,8.1,22.0,0.7,0.5,0.8,5.63,5.72,5.97,5.8,3.0,0.26,22.0,0.7,0.5,0.8,25.9,26.3,47.0,36.2,3.0,17.7,22.0,0.7,0.5,0.8,-142.6,-96.9,-81.3,-111.6,3.0,46.7,22.0,0.7,0.5,0.8,-113.6,-62.1,-31.4,-72.2,3.0,60.8,22.0,0.7,0.5,0.8,-66.1,-49.3,-42.2,-54.0,3.0,18.0,22.0,0.7,0.5,0.8,-52.7,-32.7,-16.3,-34.5,3.0,26.7,22.0,0.7,0.5,0.8,-37.8,-25.9,-21.7,-29.7,3.0,12.3,22.0,0.7,0.5,0.8,-30.1,-16.5,-8.4,-19.2,3.0,16.1,22.0,0.7,0.5,0.8,97.5,97.5,580.0,333.0,3.0,408.0,22.0,0.7,0.5,0.8,95.0,95.0,580.0,335.0,3.0,410.0,22.0,0.7,0.5,0.8
1974,2,327.0,16.0,22.46,22.8,22.94,22.7,3.0,0.36,12.0,0.3,0.6,0.4,21.08,21.7,22.95,22.0,4.0,1.43,10.0,0.3,0.5,0.5,10.87,11.54,13.06,11.96,3.0,1.64,10.0,0.3,0.6,0.5,64.9,70.3,80.4,72.6,3.0,11.5,10.0,0.3,0.5,7.2,8.75,11.35,9.25,4.0,2.5,10.0,0.3,0.5,0.5,-10.19,-8.22,-6.49,-8.33,4.0,2.16,10.0,0.3,0.5,0.5,-4.94,-3.56,-2.97,-3.93,4.0,1.57,10.0,0.3,0.5,0.5,1014.95,1015.5,1017.0,1015.95,4.0,1.39,10.0,0.3,0.5,0.5,1.4,3.0,3.5,2.5,4.0,1.7,10.0,0.3,0.5,0.5,-116.1,-74.2,-46.7,-81.1,4.0,41.6,10.0,0.3,0.5,0.5,-56.9,-31.1,-21.6,-38.9,4.0,25.6,10.0,0.3,0.5,0.5,-0.46,0.7,1.72,0.63,3.0,1.6,12.0,0.3,0.6,0.4,-6.8,5.0,12.4,2.9,3.0,14.2,12.0,0.3,0.6,0.4,6.04,6.31,6.58,6.31,2.0,0.56,14.0,0.5,0.7,0.4,52.2,60.5,68.9,60.5,2.0,17.3,14.0,0.5,0.7,0.4,-234.4,-178.6,-136.9,-185.3,4.0,58.8,10.0,0.3,0.5,0.5,-113.9,-75.5,-63.2,-87.9,4.0,41.2,10.0,0.3,0.5,0.5,-130.0,-123.0,-84.0,-107.3,3.0,36.3,10.0,0.3,0.6,0.5,-63.9,-48.5,-41.3,-52.5,3.0,16.9,10.0,0.3,0.6,0.5,-59.6,-52.4,-45.2,-52.4,2.0,15.0,14.0,0.5,0.7,0.4,-34.4,-30.3,-26.1,-30.3,2.0,8.7,14.0,0.5,0.7,0.4,373.0,733.0,1495.0,925.0,4.0,710.0,10.0,0.3,0.5,0.5,375.0,735.0,1495.0,925.0,4.0,710.0,10.0,0.3,0.5,0.5
1974,2,327.0,17.0,22.2,22.2,22.2,22.2,2.0,0.0,22.0,0.0,0.5,0.4,20.77,21.35,21.93,21.35,2.0,1.2,22.0,0.0,0.5,0.4,9.81,10.5,11.2,10.5,2.0,1.44,22.0,0.0,0.5,0.4,60.6,67.4,74.2,67.4,2.0,14.1,22.0,0.0,0.4,5.51,6.4,7.29,6.4,2.0,1.84,22.0,0.0,0.5,0.4,-5.66,-5.16,-4.65,-5.16,2.0,1.05,22.0,0.0,0.5,0.4,-4.57,-3.75,-2.93,-3.75,2.0,1.7,22.0,0.0,0.5,0.4,1017.83,1017.9,1017.97,1017.9,2.0,0.14,22.0,0.0,0.5,0.4,2.1,4.5,6.9,4.5,2.0,4.9,22.0,0.0,0.5,0.4,-41.8,-34.0,-26.2,-34.0,2.0,16.2,22.0,0.0,0.5,0.4,-34.1,-25.6,-17.0,-25.6,2.0,17.8,22.0,0.0,0.5,0.4,0.27,0.85,1.43,0.85,2.0,1.2,22.0,0.0,0.5,0.4,1.4,4.3,7.3,4.3,2.0,6.1,22.0,0.0,0.5,0.4,5.39,6.09,6.78,6.09,2.0,1.44,22.0,0.0,0.5,0.4,30.4,40.3,50.1,40.3,2.0,20.4,22.0,0.0,0.5,0.4,-124.5,-110.7,-97.0,-110.7,2.0,28.6,22.0,0.0,0.5,0.4,-100.7,-81.1,-61.4,-81.1,2.0,40.7,22.0,0.0,0.5,0.4,-55.1,-53.4,-51.7,-53.4,2.0,3.6,22.0,0.0,0.5,0.4,-44.2,-38.2,-32.2,-38.2,2.0,12.4,22.0,0.0,0.5,0.4,-38.8,-32.1,-25.5,-32.1,2.0,13.8,22.0,0.0,0.5,0.4,-31.6,-24.0,-16.5,-24.0,2.0,15.7,22.0,0.0,0.5,0.4,184.0,294.5,405.0,294.5,2.0,229.0,22.0,0.0,0.5,0.4,185.0,295.0,405.0,295.0,2.0,230.0,22.0,0.0,0.5,0.4
1974,2,327.0,18.0,21.11,22.2,22.27,21.7,3.0,0.95,18.0,0.3,0.8,0.6,20.0,20.0,20.48,20.23,3.0,0.4,18.0,0.3,0.8,0.6,11.38,12.25,14.02,12.69,3.0,1.97,18.0,0.3,0.8,0.6,79.0,85.0,94.0,86.5,3.0,11.0,18.0,0.3,0.6,8.37,9.8,10.14,9.27,3.0,1.38,18.0,0.3,0.8,0.6,-9.22,-7.24,-6.6,-7.89,3.0,2.0,18.0,0.3,0.8,0.6,-5.96,-2.63,-2.06,-3.98,3.0,3.09,18.0,0.3,0.8,0.6,1018.79,1020.5,1021.32,1020.07,3.0,1.89,18.0,0.3,0.8,0.6,2.2,7.0,7.7,5.0,3.0,4.4,18.0,0.3,0.8,0.6,-90.9,-61.7,-57.6,-74.0,3.0,26.6,18.0,0.3,0.8,0.6,-56.7,-20.3,-19.0,-37.4,3.0,31.3,18.0,0.3,0.8,0.6,0.92,1.6,2.01,1.47,3.0,0.81,18.0,0.3,0.8,0.6,8.1,15.7,20.4,14.3,3.0,9.1,18.0,0.3,0.8,0.6,2.53,4.0,4.2,3.38,3.0,1.33,18.0,0.3,0.8,0.6,22.2,30.8,40.0,31.1,3.0,13.0,18.0,0.3,0.8,0.6,-184.4,-144.7,-134.9,-159.3,3.0,38.4,18.0,0.3,0.8,0.6,-122.8,-52.7,-41.1,-81.3,3.0,64.7,18.0,0.3,0.8,0.6,-114.5,-93.5,-83.9,-99.0,3.0,22.9,18.0,0.3,0.8,0.6,-85.2,-28.9,-24.1,-54.1,3.0,49.8,18.0,0.3,0.8,0.6,-38.9,-28.9,-17.1,-28.1,3.0,16.0,18.0,0.3,0.8,0.6,-12.8,-10.5,-8.6,-10.7,3.0,3.1,18.0,0.3,0.8,0.6,610.5,941.0,1044.5,830.0,3.0,332.5,18.0,0.3,0.8,0.6,610.0,940.0,1045.0,830.0,3.0,330.0,18.0,0.3,0.8,0.6
1974,2,327.0,19.0,21.1,22.35,23.81,22.45,4.0,1.57,14.0,0.3,0.5,0.4,19.74,20.8,21.81,20.78,4.0,1.21,14.0,0.3,0.5,0.4,10.82,11.65,12.11,11.47,3.0,0.95,18.0,0.3,0.5,0.4,72.7,73.2,74.5,73.6,3.0,1.4,18.0,0.3,0.4,4.9,10.65,11.16,8.15,4.0,5.45,14.0,0.3,0.5,0.4,-10.73,-7.07,-1.68,-6.24,4.0,5.37,14.0,0.3,0.5,0.4,-6.91,-2.89,-0.91,-3.86,4.0,4.19,14.0,0.3,0.5,0.4,1016.71,1018.95,1019.67,1018.23,4.0,2.22,14.0,0.3,0.5,0.4,3.0,4.0,5.0,4.0,4.0,1.2,14.0,0.3,0.5,0.4,-119.6,-77.7,-17.3,-68.9,4.0,60.4,14.0,0.3,0.5,0.4,-73.0,-32.3,-10.0,-41.1,4.0,42.9,14.0,0.3,0.5,0.4,0.26,1.35,3.12,1.68,4.0,2.09,14.0,0.3,0.5,0.4,-3.0,5.7,31.3,13.8,4.0,24.8,14.0,0.3,0.5,0.4,4.21,5.03,5.56,4.89,3.0,1.0,18.0,0.3,0.5,0.4,13.7,43.2,49.1,31.7,3.0,27.8,18.0,0.3,0.5,0.4,-220.7,-140.8,-33.5,-127.8,4.0,110.9,14.0,0.3,0.5,0.4,-141.2,-60.4,-17.7,-78.6,4.0,83.9,14.0,0.3,0.5,0.4,-96.1,-36.8,-11.7,-53.5,3.0,63.6,18.0,0.3,0.5,0.4,-83.3,-45.0,-14.3,-48.7,3.0,50.6,18.0,0.3,0.5,0.4,-33.3,-17.7,-5.6,-19.4,3.0,20.4,18.0,0.3,0.5,0.4,-37.9,-14.8,-4.7,-21.2,3.0,25.0,18.0,0.3,0.5,0.4,520.0,1212.0,1389.5,966.5,4.0,661.0,14.0,0.3,0.5,0.4,520.0,1210.0,1390.0,965.0,4.0,660.0,14.0,0.3,0.5,0.4
1974,2,327.0,20.0,20.0,20.0,20.0,20.0,1.0,0.0,18.0,1.0,1.0,0.8,22.2,22.2,22.2,22.2,1.0,0.0,18.0,1.0,1.0,0.8,9.47,9.47,9.47,9.47,1.0,0.0,18.0,1.0,1.0,0.8,57.4,57.4,57.4,57.4,1.0,0.0,18.0,1.0,0.8,12.9,12.9,12.9,12.9,1.0,0.0,18.0,1.0,1.0,0.8,-12.9,-12.9,-12.9,-12.9,1.0,0.0,18.0,1.0,1.0,0.8,0.0,0.0,0.0,0.0,1.0,0.0,18.0,1.0,1.0,0.8,1019.5,1019.5,1019.5,1019.5,1.0,0.0,18.0,1.0,1.0,0.8,8.0,8.0,8.0,8.0,1.0,0.0,18.0,1.0,1.0,0.8,-166.4,-166.4,-166.4,-166.4,1.0,0.0,18.0,1.0,1.0,0.8,0.0,0.0,0.0,0.0,1.0,0.0,18.0,1.0,1.0,0.8,-2.2,-2.2,-2.2,-2.2,1.0,0.0,18.0,1.0,1.0,0.8,-28.4,-28.4,-28.4,-28.4,1.0,0.0,18.0,1.0,1.0,0.8,4.98,4.98,4.98,4.98,1.0,0.0,18.0,1.0,1.0,0.8,64.2,64.2,64.2,64.2,1.0,0.0,18.0,1.0,1.0,0.8,-286.4,-286.4,-286.4,-286.4,1.0,0.0,18.0,1.0,1.0,0.8,0.0,0.0,0.0,0.0,1.0,0.0,18.0,1.0,1.0,0.8,-122.2,-122.2,-122.2,-122.2,1.0,0.0,18.0,1.0,1.0,0.8,0.0,0.0,0.0,0.0,1.0,0.0,18.0,1.0,1.0,0.8,-64.2,-64.2,-64.2,-64.2,1.0,0.0,18.0,1.0,1.0,0.8,0.0,0.0,0.0,0.0,1.0,0.0,18.0,1.0,1.0,0.8,2146.5,2146.5,2146.5,2146.5,1.0,0.0,18.0,1.0,1.0,0.8,2145.0,2145.0,2145.0,2145.0,1.0,0.0,18.0,1.0,1.0,0.8
1974,2,327.0,21.0,22.02,22.05,22.08,22.05,2.0,0.07,6.0,0.0,0.7,0.3,20.26,20.4,21.49,20.87,3.0,0.99,12.0,0.0,0.7,0.5,10.24,10.97,11.7,10.97,2.0,1.5,6.0,0.0,0.7,0.3,67.8,70.2,72.6,70.2,2.0,5.0,6.0,0.0,0.3,7.27,8.5,9.73,8.5,2.0,2.55,6.0,0.0,0.7,0.3,-9.19,-8.14,-7.09,-8.14,2.0,2.18,6.0,0.0,0.7,0.3,-3.15,-2.34,-1.54,-2.34,2.0,1.67,6.0,0.0,0.7,0.3,1015.22,1018.7,1019.18,1017.23,3.0,3.17,12.0,0.0,0.7,0.5,2.0,2.0,4.7,3.3,3.0,2.3,12.0,0.0,0.7,0.5,-90.9,-71.9,-53.0,-71.9,2.0,39.2,6.0,0.0,0.7,0.3,-31.8,-22.0,-12.3,-22.0,2.0,20.1,6.0,0.0,0.7,0.3,0.34,0.85,1.36,0.85,2.0,1.06,6.0,0.0,0.7,0.3,2.6,5.9,9.2,5.9,2.0,6.9,6.0,0.0,0.7,0.3,4.77,5.49,6.21,5.49,2.0,1.5,6.0,0.0,0.7,0.3,44.2,44.8,45.4,44.8,2.0,1.2,6.0,0.0,0.7,0.3,-200.5,-173.8,-147.0,-173.8,2.0,55.4,6.0,0.0,0.7,0.3,-69.0,-50.6,-32.3,-50.6,2.0,38.0,6.0,0.0,0.7,0.3,-108.4,-90.9,-73.5,-90.9,2.0,36.1,6.0,0.0,0.7,0.3,-37.5,-27.0,-16.4,-27.0,2.0,21.8,6.0,0.0,0.7,0.3,-43.2,-43.1,-42.9,-43.1,2.0,0.2,6.0,0.0,0.7,0.3,-14.3,-11.6,-8.9,-11.6,2.0,5.7,6.0,0.0,0.7,0.3,426.5,696.5,967.0,696.5,2.0,560.0,6.0,0.0,0.7,0.3,425.0,695.0,965.0,695.0,2.0,560.0,6.0,0.0,0.7,0.3
1974,2,327.0,22.0,21.66,21.8,21.94,21.8,2.0,0.28,16.0,0.0,0.6,0.6,20.05,20.15,20.25,20.15,2.0,0.21,16.0,0.0,0.6,0.6,11.73,11.73,11.73,11.73,1.0,0.0,8.0,0.0,0.5,0.9,79.8,79.8,79.8,79.8,1.0,0.0,8.0,0.0,0.9,6.27,6.85,7.43,6.85,2.0,1.2,16.0,0.0,0.6,0.6,-7.42,-6.8,-6.19,-6.8,2.0,1.27,16.0,0.0,0.6,0.6,-0.88,-0.52,-0.17,-0.52,2.0,0.74,16.0,0.0,0.6,0.6,1017.0,1017.85,1018.7,1017.85,2.0,1.77,16.0,0.0,0.6,0.6,2.6,4.0,5.4,4.0,2.0,2.8,16.0,0.0,0.6,0.6,-55.5,-47.4,-39.2,-47.4,2.0,16.9,16.0,0.0,0.6,0.6,-5.3,-3.1,-1.0,-3.1,2.0,4.4,16.0,0.0,0.6,0.6,1.41,1.65,1.89,1.65,2.0,0.49,16.0,0.0,0.6,0.6,10.3,11.0,11.7,11.0,2.0,1.4,16.0,0.0,0.6,0.6,4.24,4.24,4.24,4.24,1.0,0.0,8.0,0.0,0.5,0.9,32.6,32.6,32.6,32.6,1.0,0.0,8.0,0.0,0.5,0.9,-150.3,-137.2,-124.2,-137.2,2.0,27.0,16.0,0.0,0.6,0.6,-17.5,-10.4,-3.3,-10.4,2.0,14.7,16.0,0.0,0.6,0.6,-90.3,-90.3,-90.3,-90.3,1.0,0.0,8.0,0.0,0.5,0.9,0.0,0.0,0.0,0.0,1.0,0.0,8.0,0.0,0.5,0.9,-32.6,-32.6,-32.6,-32.6,1.0,0.0,8.0,0.0,0.5,0.9,0.0,0.0,0.0,0.0,1.0,0.0,8.0,0.0,0.5,0.9,254.0,336.5,418.5,336.5,2.0,170.0,16.0,0.0,0.6,0.6,255.0,335.0,420.0,335.0,2.0,170.0,16.0,0.0,0.6,0.6
1974,2,327.0,23.0,21.86,22.0,22.34,22.1,3.0,0.36,14.0,0.7,0.6,0.6,20.57,21.8,23.64,22.1,3.0,2.26,14.0,0.7,0.6,0.6,10.06,10.35,10.65,10.35,2.0,0.61,14.0,1.0,0.5,0.5,55.0,60.0,65.1,60.0,2.0,10.4,14.0,1.0,0.5,7.06,7.2,9.32,8.17,3.0,1.85,14.0,0.7,0.6,0.6,-8.86,-7.09,-5.32,-7.09,3.0,2.59,14.0,0.7,0.6,0.6,-4.78,-3.52,-1.97,-3.38,3.0,2.06,14.0,0.7,0.6,0.6,1023.56,1025.4,1025.81,1024.7,3.0,1.76,14.0,0.7,0.6,0.6,4.3,7.0,7.7,6.0,3.0,2.6,14.0,0.7,0.6,0.6,-84.3,-51.1,-37.7,-60.7,3.0,35.1,14.0,0.7,0.6,0.6,-37.1,-36.3,-17.7,-27.6,3.0,16.1,14.0,0.7,0.6,0.6,-1.62,0.7,1.59,0.0,3.0,2.43,14.0,0.7,0.6,0.6,-17.4,5.0,11.2,-2.9,3.0,22.0,14.0,0.7,0.6,0.6,6.0,6.06,6.12,6.06,2.0,0.12,14.0,1.0,0.5,0.5,46.3,53.2,60.1,53.2,2.0,14.3,14.0,1.0,0.5,0.5,-210.9,-154.6,-110.5,-160.6,3.0,73.8,14.0,0.7,0.6,0.6,-100.6,-86.3,-46.0,-73.6,3.0,41.5,14.0,0.7,0.6,0.6,-92.9,-86.3,-79.6,-86.3,2.0,13.8,14.0,1.0,0.5,0.5,-31.5,-24.2,-16.9,-24.2,2.0,15.2,14.0,1.0,0.5,0.5,-56.8,-50.9,-45.1,-50.9,2.0,12.1,14.0,1.0,0.5,0.5,-19.4,-14.6,-9.7,-14.6,2.0,10.0,14.0,1.0,0.5,0.5,352.5,373.0,864.5,603.0,3.0,424.5,14.0,0.7,0.6,0.6,355.0,375.0,865.0,605.0,3.0,425.0,14.0,0.7,0.6,0.6
1974,2,327.0,24.0,20.9,21.95,22.0,21.48,4.0,0.98,14.0,0.5,0.6,0.5,20.49,21.0,21.51,21.0,4.0,0.67,14.0,0.5,0.6,0.5,10.06,10.64,10.99,10.53,3.0,0.68,12.0,0.7,0.5,0.6,66.6,67.5,70.7,68.6,3.0,3.2,12.0,0.7,0.6,3.84,4.6,7.14,5.45,4.0,2.45,14.0,0.5,0.6,0.5,-6.6,-3.69,-3.01,-4.75,4.0,2.8,14.0,0.5,0.6,0.5,-2.05,0.78,1.96,-0.01,4.0,2.77,14.0,0.5,0.6,0.5,1021.73,1024.3,1025.45,1023.63,4.0,2.4,14.0,0.5,0.6,0.5,3.5,4.0,5.6,4.5,4.0,1.7,14.0,0.5,0.6,0.5,-49.8,-16.8,-13.2,-30.8,4.0,32.8,14.0,0.5,0.6,0.5,-10.4,4.2,11.3,0.6,4.0,14.9,14.0,0.5,0.6,0.5,-0.58,0.65,1.51,0.48,4.0,1.32,14.0,0.5,0.6,0.5,-3.0,3.4,8.7,2.9,4.0,7.4,14.0,0.5,0.6,0.5,3.98,5.61,6.2,5.1,3.0,1.69,12.0,0.7,0.5,0.6,18.5,23.0,23.2,20.9,3.0,3.9,12.0,0.7,0.5,0.6,-139.1,-79.4,-62.3,-99.7,4.0,58.1,14.0,0.5,0.6,0.5,-43.4,16.3,40.0,-0.9,4.0,58.0,14.0,0.5,0.6,0.5,-41.4,-36.5,-30.0,-35.7,3.0,8.3,12.0,0.7,0.5,0.6,-29.7,0.0,15.5,-7.0,3.0,33.6,12.0,0.7,0.5,0.6,-21.4,-17.9,-12.9,-17.1,3.0,6.3,12.0,0.7,0.5,0.6,-8.6,0.0,10.2,0.8,3.0,13.8,12.0,0.7,0.5,0.6,57.5,101.0,445.0,244.5,4.0,325.0,14.0,0.5,0.6,0.5,55.0,100.0,445.0,245.0,4.0,325.0,14.0,0.5,0.6,0.5
1974,2,327.0,25.0,20.66,20.8,20.94,20.8,2.0,0.28,8.0,1.0,0.8,0.3,21.82,22.5,23.18,22.5,2.0,1.41,8.0,1.0,0.8,0.3,13.49,13.49,13.49,13.49,1.0,0.0,4.0,1.0,0.6,0.1,85.7,85.7,85.7,85.7,1.0,0.0,4.0,1.0,0.1,5.48,6.5,7.52,6.5,2.0,2.12,8.0,1.0,0.8,0.3,-5.94,-5.53,-5.12,-5.53,2.0,0.85,8.0,1.0,0.8,0.3,-4.46,-3.01,-1.55,-3.01,2.0,3.02,8.0,1.0,0.8,0.3,1024.86,1025.2,1025.54,1025.2,2.0,0.71,8.0,1.0,0.8,0.3,3.5,4.5,5.5,4.5,2.0,2.1,8.0,1.0,0.8,0.3,-45.2,-36.8,-28.5,-36.8,2.0,17.3,8.0,1.0,0.8,0.3,-35.3,-22.7,-10.2,-22.7,2.0,26.0,8.0,1.0,0.8,0.3,-2.25,-1.7,-1.15,-1.7,2.0,1.13,8.0,1.0,0.8,0.3,-11.7,-9.8,-8.0,-9.8,2.0,3.7,8.0,1.0,0.8,0.3,1.42,1.42,1.42,1.42,1.0,0.0,4.0,1.0,0.6,0.1,11.4,11.4,11.4,11.4,1.0,0.0,4.0,1.0,0.6,0.1,-129.2,-123.7,-118.3,-123.7,2.0,11.3,8.0,1.0,0.8,0.3,-96.3,-65.5,-34.7,-65.5,2.0,63.7,8.0,1.0,0.8,0.3,-82.7,-82.7,-82.7,-82.7,1.0,0.0,4.0,1.0,0.6,0.1,-69.4,-69.4,-69.4,-69.4,1.0,0.0,4.0,1.0,0.6,0.1,-8.7,-8.7,-8.7,-8.7,1.0,0.0,4.0,1.0,0.6,0.1,-7.3,-7.3,-7.3,-7.3,1.0,0.0,4.0,1.0,0.6,0.1,186.5,318.5,450.5,318.5,2.0,273.5,8.0,1.0,0.8,0.3,185.0,320.0,450.0,320.0,2.0,275.0,8.0,1.0,0.8,0.3
1974,2,327.0,26.0,20.27,21.5,22.37,21.3,5.0,1.48,18.0,0.8,0.6,0.6,20.48,22.5,22.97,21.86,5.0,1.67,18.0,0.8,0.6,0.6,8.92,9.89,10.86,9.89,2.0,2.0,22.0,1.0,0.6,0.5,54.2,61.7,69.2,61.7,2.0,15.5,22.0,1.0,0.5,2.27,3.1,7.54,4.56,5.0,3.22,18.0,0.8,0.6,0.6,-7.54,-1.99,-1.3,-4.03,5.0,3.6,18.0,0.8,0.6,0.6,-2.46,-0.34,0.0,-1.06,5.0,1.31,18.0,0.8,0.6,0.6,1018.36,1025.0,1025.28,1021.86,5.0,6.18,18.0,0.8,0.6,0.6,1.6,2.0,7.4,4.0,5.0,3.2,18.0,0.8,0.6,0.6,-58.1,-6.2,-3.2,-27.5,5.0,34.8,18.0,0.8,0.6,0.6,-7.5,-0.3,0.0,-3.1,5.0,4.1,18.0,0.8,0.6,0.6,-2.42,-1.0,1.71,-0.56,5.0,2.3,18.0,0.8,0.6,0.6,-12.6,-6.7,3.2,-5.2,5.0,9.0,18.0,0.8,0.6,0.6,6.41,6.77,7.13,6.77,2.0,0.75,22.0,1.0,0.6,0.5,24.0,34.1,44.2,34.1,2.0,20.9,22.0,1.0,0.6,0.5,-173.9,-42.0,-28.1,-91.8,5.0,86.2,18.0,0.8,0.6,0.6,-53.2,-6.6,0.0,-23.0,5.0,28.8,18.0,0.8,0.6,0.6,-51.3,-39.7,-28.0,-39.7,2.0,24.2,22.0,1.0,0.6,0.5,-22.6,-13.4,-4.3,-13.4,2.0,19.0,22.0,1.0,0.6,0.5,-43.1,-30.7,-18.2,-30.7,2.0,25.8,22.0,1.0,0.6,0.5,-12.5,-7.4,-2.4,-7.4,2.0,10.5,22.0,1.0,0.6,0.5,17.5,30.0,457.0,217.5,5.0,311.0,18.0,0.8,0.6,0.6,20.0,30.0,455.0,220.0,5.0,310.0,18.0,0.8,0.6,0.6
1974,2,327.0,27.0,20.0,20.75,21.24,20.68,6.0,0.65,8.0,0.7,0.6,0.4,18.9,19.8,20.7,19.75,6.0,0.9,8.0,0.7,0.6,0.4,9.28,9.34,9.87,9.57,3.0,0.48,8.0,0.7,0.7,0.6,63.4,67.0,74.2,68.7,3.0,8.0,8.0,0.7,0.6,4.48,5.85,8.59,6.5,4.0,2.77,12.0,0.5,0.6,0.6,-8.54,-5.18,-3.1,-5.79,4.0,3.46,12.0,0.5,0.6,0.6,-2.92,-0.68,0.61,-1.13,4.0,2.37,12.0,0.5,0.6,0.6,1022.74,1024.75,1025.97,1024.38,4.0,2.1,12.0,0.5,0.6,0.6,4.9,6.0,7.0,5.8,5.0,1.6,6.0,0.8,0.6,0.4,-76.6,-29.6,-13.7,-44.5,4.0,43.5,12.0,0.5,0.6,0.6,-13.9,-2.7,4.1,-4.8,4.0,12.5,12.0,0.5,0.6,0.6,0.5,0.85,1.42,0.93,6.0,0.44,8.0,0.7,0.6,0.4,3.2,4.3,10.3,6.7,4.0,5.9,12.0,0.5,0.6,0.6,4.58,5.28,5.95,5.26,3.0,1.0,8.0,0.7,0.7,0.6,32.6,35.4,41.1,36.8,3.0,6.4,8.0,0.7,0.7,0.6,-161.4,-100.4,-61.1,-110.8,4.0,62.6,12.0,0.5,0.6,0.6,-59.3,-13.0,11.9,-23.2,4.0,48.6,12.0,0.5,0.6,0.6,-90.7,-61.7,-35.3,-63.0,3.0,40.6,8.0,0.7,0.7,0.6,-27.3,0.0,7.4,-9.7,3.0,26.8,8.0,0.7,0.7,0.6,-40.9,-34.8,-21.7,-31.4,3.0,14.4,8.0,0.7,0.7,0.6,-18.5,0.0,4.2,-7.0,3.0,17.7,8.0,0.7,0.7,0.6,93.0,213.0,715.5,395.5,4.0,475.5,12.0,0.5,0.6,0.6,95.0,215.0,715.0,395.0,4.0,475.0,12.0,0.5,0.6,0.6
1974,2,327.0,28.0,20.11,21.0,21.0,20.75,8.0,0.89,14.0,0.4,0.7,0.6,18.7,19.85,21.12,19.88,8.0,1.21,14.0,0.4,0.7,0.6,8.83,10.2,10.53,9.7,6.0,1.19,16.0,0.5,0.8,0.6,58.4,67.9,80.0,68.4,6.0,10.8,16.0,0.5,0.6,3.27,5.4,8.69,5.88,8.0,2.61,14.0,0.4,0.7,0.6,-8.48,-5.02,-1.71,-4.32,8.0,4.57,14.0,0.4,0.7,0.6,0.0,0.4,2.83,0.98,8.0,1.7,14.0,0.4,0.7,0.6,1024.64,1026.1,1027.73,1025.54,8.0,2.73,14.0,0.4,0.7,0.6,2.1,5.0,6.0,4.3,8.0,2.4,14.0,0.4,0.7,0.6,-74.6,-27.1,-5.3,-33.3,8.0,41.2,14.0,0.4,0.7,0.6,0.0,1.8,15.4,4.2,8.0,10.5,14.0,0.4,0.7,0.6,-0.12,0.9,1.49,0.88,8.0,0.96,14.0,0.4,0.7,0.6,-0.7,3.6,9.9,5.6,8.0,8.0,14.0,0.4,0.7,0.6,3.78,4.94,6.46,5.15,6.0,1.64,16.0,0.5,0.8,0.6,22.9,27.8,33.2,27.6,6.0,6.1,16.0,0.5,0.8,0.6,-166.5,-104.6,-33.6,-86.2,8.0,86.0,14.0,0.4,0.7,0.6,0.0,7.4,59.5,20.5,8.0,35.1,14.0,0.4,0.7,0.6,-67.0,-48.4,0.6,-37.3,6.0,51.5,16.0,0.5,0.8,0.6,0.0,14.3,27.5,14.6,6.0,13.9,16.0,0.5,0.8,0.6,-30.7,-25.8,-5.9,-18.1,6.0,19.0,16.0,0.5,0.8,0.6,0.0,8.9,18.2,9.3,6.0,9.4,16.0,0.5,0.8,0.6,37.5,159.0,674.5,316.5,8.0,386.0,14.0,0.4,0.7,0.6,35.0,160.0,675.0,315.0,8.0,385.0,14.0,0.4,0.7,0.6
1974,2,327.0,29.0,19.99,20.0,20.49,20.39,7.0,0.83,16.0,0.7,0.6,0.5,19.99,20.0,20.55,20.3,7.0,0.59,16.0,0.7,0.6,0.5,8.47,8.98,11.57,9.61,6.0,1.69,14.0,0.7,0.6,0.6,58.7,62.4,75.8,65.0,7.0,10.0,16.0,0.7,0.5,4.43,6.7,7.78,6.17,7.0,2.71,16.0,0.7,0.6,0.5,-6.73,-2.63,-1.07,-3.84,7.0,2.71,16.0,0.7,0.6,0.5,-7.13,-3.98,0.13,-3.17,7.0,3.94,16.0,0.7,0.6,0.5,1025.32,1027.1,1028.1,1026.85,6.0,1.39,14.0,0.7,0.6,0.6,2.9,4.0,6.1,4.4,7.0,2.2,16.0,0.7,0.6,0.5,-55.6,-20.3,-6.4,-27.8,7.0,23.7,16.0,0.7,0.6,0.5,-56.2,-18.3,1.0,-22.6,7.0,31.9,16.0,0.7,0.6,0.5,-0.74,0.0,0.68,0.09,7.0,1.15,16.0,0.7,0.6,0.5,-1.7,0.0,3.3,1.5,7.0,5.8,16.0,0.7,0.6,0.5,2.99,5.67,6.86,5.19,6.0,2.0,14.0,0.7,0.6,0.6,11.9,46.5,49.9,35.1,6.0,21.1,14.0,0.7,0.6,0.6,-137.7,-53.7,-21.5,-77.5,7.0,54.6,16.0,0.7,0.6,0.5,-142.7,-78.5,2.5,-63.6,7.0,79.2,16.0,0.7,0.6,0.5,-54.4,-24.7,-10.8,-29.9,6.0,20.3,14.0,0.7,0.6,0.6,-63.2,-50.1,0.9,-35.2,6.0,35.0,14.0,0.7,0.6,0.6,-35.2,-12.0,-6.2,-18.9,6.0,17.7,14.0,0.7,0.6,0.6,-44.0,-25.2,3.0,-20.5,6.0,26.0,14.0,0.7,0.6,0.6,92.5,301.0,473.0,336.5,7.0,267.0,16.0,0.7,0.6,0.5,95.0,300.0,475.0,335.0,7.0,265.0,16.0,0.7,0.6,0.5
1974,2,327.0,30.0,19.16,19.5,19.84,19.5,2.0,0.71,14.0,1.0,0.4,0.4,20.43,20.7,20.97,20.7,2.0,0.57,14.0,1.0,0.4,0.4,9.71,10.85,11.99,10.85,2.0,2.37,14.0,1.0,0.4,0.4,65.8,72.1,78.5,72.1,2.0,13.1,14.0,1.0,0.4,5.1,5.1,5.1,5.1,1.0,0.0,18.0,1.0,0.2,0.6,-3.28,-3.28,-3.28,-3.28,1.0,0.0,18.0,1.0,0.2,0.6,3.91,3.91,3.91,3.91,1.0,0.0,18.0,1.0,0.2,0.6,1024.16,1024.5,1024.84,1024.5,2.0,0.71,14.0,1.0,0.4,0.4,3.3,4.0,4.7,4.0,2.0,1.4,14.0,1.0,0.4,0.4,-16.7,-16.7,-16.7,-16.7,1.0,0.0,18.0,1.0,0.2,0.6,19.9,19.9,19.9,19.9,1.0,0.0,18.0,1.0,0.2,0.6,-1.27,-1.2,-1.13,-1.2,2.0,0.14,14.0,1.0,0.4,0.4,-6.6,-6.6,-6.6,-6.6,1.0,0.0,18.0,1.0,0.2,0.6,2.25,3.09,3.93,3.09,2.0,1.74,14.0,1.0,0.4,0.4,22.0,22.0,22.0,22.0,1.0,0.0,18.0,1.0,0.2,0.6,-66.5,-66.5,-66.5,-66.5,1.0,0.0,18.0,1.0,0.2,0.6,79.3,79.3,79.3,79.3,1.0,0.0,18.0,1.0,0.2,0.6,-30.1,-30.1,-30.1,-30.1,1.0,0.0,18.0,1.0,0.2,0.6,35.8,35.8,35.8,35.8,1.0,0.0,18.0,1.0,0.2,0.6,-14.2,-14.2,-14.2,-14.2,1.0,0.0,18.0,1.0,0.2,0.6,16.9,16.9,16.9,16.9,1.0,0.0,18.0,1.0,0.2,0.6,132.5,132.5,132.5,132.5,1.0,0.0,18.0,1.0,0.2,0.6,135.0,135.0,135.0,135.0,1.0,0.0,18.0,1.0,0.2,0.6
1974,2,327.0,31.0,18.29,19.5,20.0,19.16,11.0,0.84,12.0,0.5,0.7,0.5,17.83,18.8,20.0,18.99,11.0,1.43,12.0,0.5,0.7,0.5,8.93,10.22,11.87,9.94,9.0,2.22,10.0,0.7,0.7,0.5,70.5,73.9,80.6,73.0,10.0,11.7,12.0,0.6,0.5,2.81,4.6,6.99,4.93,10.0,3.33,12.0,0.6,0.7,0.5,-2.34,1.22,5.24,1.68,10.0,4.44,12.0,0.6,0.7,0.5,-2.58,1.53,3.78,0.9,10.0,3.79,12.0,0.6,0.7,0.5,1020.6,1025.5,1028.27,1024.15,10.0,4.99,12.0,0.6,0.6,0.5,2.0,3.0,7.0,4.4,11.0,2.5,12.0,0.5,0.7,0.5,-11.9,3.2,34.2,16.6,10.0,44.2,12.0,0.6,0.7,0.5,-10.0,4.7,23.4,8.7,10.0,30.5,12.0,0.6,0.7,0.5,-1.2,0.2,2.0,0.17,11.0,1.91,12.0,0.5,0.7,0.5,-7.8,0.0,5.7,-0.7,10.0,9.5,12.0,0.6,0.7,0.5,1.35,3.89,5.3,3.69,9.0,2.4,10.0,0.7,0.7,0.5,3.5,12.1,21.2,15.7,9.0,17.8,10.0,0.7,0.7,0.5,-43.6,22.6,96.3,32.3,10.0,85.9,12.0,0.6,0.7,0.5,-51.1,28.0,73.3,17.4,10.0,73.3,12.0,0.6,0.7,0.5,-20.0,25.6,43.5,22.4,9.0,50.6,10.0,0.7,0.7,0.5,-6.8,18.2,39.6,17.0,9.0,34.0,10.0,0.7,0.7,0.5,-7.3,1.9,13.1,6.8,9.0,19.2,10.0,0.7,0.7,0.5,-2.3,4.4,15.1,6.7,9.0,11.1,10.0,0.7,0.7,0.5,23.0,101.0,342.0,294.5,10.0,564.5,12.0,0.6,0.7,0.5,25.0,100.0,340.0,295.0,10.0,565.0,12.0,0.6,0.7,0.5
1974,2,327.0,32.0,18.16,20.0,21.03,19.77,14.0,1.31,12.0,0.6,0.5,0.4,18.11,19.15,20.5,19.34,16.0,1.36,14.0,0.6,0.5,0.4,8.78,10.68,11.47,10.29,11.0,1.19,12.0,0.6,0.5,0.5,65.5,75.5,83.2,74.9,11.0,9.0,12.0,0.6,0.5,3.67,6.95,8.01,6.22,16.0,2.98,14.0,0.6,0.5,0.4,-4.37,0.91,6.94,0.54,16.0,5.22,14.0,0.6,0.5,0.4,0.55,3.85,4.74,2.4,16.0,4.06,14.0,0.6,0.5,0.4,1020.85,1027.5,1029.92,1025.61,16.0,4.76,14.0,0.6,0.5,0.4,3.0,4.5,6.6,4.9,16.0,1.9,14.0,0.6,0.5,0.4,-26.4,2.0,54.1,2.3,16.0,45.8,14.0,0.6,0.5,0.4,0.6,19.1,34.1,14.0,16.0,37.9,14.0,0.6,0.5,0.4,-0.99,0.6,2.07,0.17,14.0,2.05,12.0,0.6,0.5,0.4,-5.7,1.9,10.7,2.3,14.0,9.2,12.0,0.6,0.5,0.4,2.85,4.64,5.53,4.23,11.0,1.46,12.0,0.6,0.5,0.5,10.6,20.1,39.4,25.9,11.0,17.8,12.0,0.6,0.5,0.5,-79.2,18.1,131.5,11.1,16.0,99.6,14.0,0.6,0.5,0.4,11.4,71.2,90.0,47.8,16.0,73.2,14.0,0.6,0.5,0.4,-53.1,8.2,49.7,-2.1,11.0,55.7,12.0,0.6,0.5,0.5,19.5,34.2,47.9,30.8,11.0,23.8,12.0,0.6,0.5,0.5,-26.8,2.3,17.9,-5.0,11.0,26.2,12.0,0.6,0.5,0.5,3.6,13.8,22.7,13.0,11.0,12.4,12.0,0.6,0.5,0.5,55.5,337.0,515.5,392.5,16.0,436.0,14.0,0.6,0.5,0.4,55.0,335.0,515.0,390.0,16.0,435.0,14.0,0.6,0.5,0.4
1974,2,327.0,33.0,17.85,18.5,19.0,18.49,18.0,1.15,14.0,0.8,0.5,0.5,16.9,17.7,20.48,18.37,20.0,1.85,14.0,0.8,0.5,0.5,8.03,9.29,11.12,9.73,19.0,1.62,14.0,0.7,0.5,0.5,63.0,78.8,85.4,76.0,19.0,10.8,14.0,0.7,0.5,2.1,4.85,7.2,4.8,18.0,2.38,14.0,0.7,0.5,0.5,-3.23,0.0,4.29,0.38,18.0,3.74,14.0,0.7,0.5,0.5,-4.55,0.0,4.66,-0.08,18.0,4.0,14.0,0.7,0.5,0.5,1018.91,1025.55,1029.69,1023.93,20.0,5.63,14.0,0.8,0.5,0.5,1.0,4.0,7.0,3.9,19.0,2.7,14.0,0.7,0.5,0.5,-17.1,0.0,22.6,2.1,18.0,25.1,14.0,0.7,0.5,0.5,-26.9,0.0,24.6,-0.2,18.0,25.7,14.0,0.7,0.5,0.5,-3.0,0.5,1.3,-0.06,18.0,2.13,14.0,0.8,0.5,0.5,-9.5,1.8,5.7,-0.5,16.0,12.7,14.0,0.8,0.5,0.5,1.74,3.1,5.39,3.2,17.0,1.93,14.0,0.8,0.5,0.5,0.7,13.6,26.2,15.9,15.0,14.0,16.0,0.8,0.5,0.5,-59.1,0.0,84.1,10.4,18.0,73.3,14.0,0.7,0.5,0.5,-76.9,0.0,83.0,-0.5,18.0,72.6,14.0,0.7,0.5,0.5,-28.7,0.0,34.0,2.4,17.0,37.6,14.0,0.7,0.5,0.5,-41.6,0.0,47.4,1.6,17.0,38.9,14.0,0.7,0.5,0.5,-9.5,-1.1,6.0,0.3,15.0,12.3,16.0,0.8,0.5,0.5,-14.7,0.0,14.1,-1.1,15.0,17.7,16.0,0.8,0.5,0.5,9.5,115.0,373.0,182.5,18.0,166.0,14.0,0.7,0.5,0.5,10.0,115.0,375.0,180.0,18.0,165.0,14.0,0.7,0.5,0.5
1974,2,327.0,34.0,18.0,18.35,18.94,17.96,8.0,1.45,12.0,0.8,0.5,0.4,16.43,18.0,19.14,17.82,10.0,1.56,14.0,0.6,0.6,0.5,7.7,9.85,11.43,9.56,5.0,2.19,12.0,1.0,0.5,0.5,68.6,80.1,82.4,75.3,5.0,12.6,12.0,1.0,0.5,3.57,7.2,11.51,7.28,11.0,4.15,12.0,0.6,0.6,0.5,-1.16,2.46,6.28,2.6,11.0,4.18,12.0,0.6,0.6,0.5,-6.5,0.64,7.56,-0.31,11.0,7.11,12.0,0.6,0.6,0.5,1018.23,1024.5,1030.08,1023.43,11.0,5.47,12.0,0.6,0.6,0.5,1.0,5.0,7.4,4.5,11.0,2.9,12.0,0.6,0.6,0.5,-6.7,17.7,78.6,27.4,11.0,44.2,12.0,0.6,0.6,0.5,-63.5,0.6,59.9,-9.8,11.0,80.7,12.0,0.6,0.6,0.5,-1.26,0.0,0.91,-0.19,8.0,1.87,12.0,0.8,0.5,0.4,-5.1,0.0,7.3,2.5,8.0,19.1,12.0,0.8,0.5,0.4,1.14,2.26,5.13,3.01,5.0,2.43,12.0,1.0,0.5,0.5,2.1,4.8,56.6,24.9,5.0,30.3,12.0,1.0,0.5,0.5,-27.9,29.9,122.7,42.2,10.0,74.4,14.0,0.6,0.6,0.5,-115.4,-18.6,143.2,-4.2,10.0,125.5,14.0,0.6,0.6,0.5,-6.6,9.1,30.6,11.4,5.0,22.8,12.0,1.0,0.5,0.5,-73.2,7.6,39.2,-13.2,5.0,70.1,12.0,1.0,0.5,0.5,-6.6,0.8,8.6,1.0,5.0,14.0,12.0,1.0,0.5,0.5,-53.2,1.0,3.1,-20.2,5.0,31.4,12.0,1.0,0.5,0.5,61.0,373.0,1525.5,736.0,11.0,932.0,12.0,0.6,0.6,0.5,60.0,375.0,1525.0,735.0,11.0,930.0,12.0,0.6,0.6,0.5
1974,2,327.0,35.0,16.81,17.75,19.89,18.0,14.0,1.19,14.0,0.2,0.5,0.5,16.61,17.8,18.26,17.49,15.0,1.21,14.0,0.3,0.5,0.5,8.98,10.3,10.82,10.04,13.0,1.01,14.0,0.2,0.6,0.5,76.0,81.1,89.7,82.2,13.0,6.0,14.0,0.2,0.5,4.1,6.2,11.97,7.34,15.0,4.17,14.0,0.3,0.5,0.5,-2.05,2.96,5.73,1.69,15.0,5.3,14.0,0.3,0.5,0.5,-2.19,3.14,9.32,2.78,15.0,5.98,14.0,0.3,0.5,0.5,1015.58,1024.3,1029.37,1023.03,14.0,6.35,14.0,0.2,0.5,0.5,2.2,6.0,8.0,5.1,15.0,2.8,14.0,0.3,0.5,0.5,-8.4,13.6,53.4,10.3,15.0,64.8,14.0,0.3,0.5,0.5,-13.6,13.1,98.6,28.0,15.0,64.7,14.0,0.3,0.5,0.5,-1.09,0.4,2.16,0.62,14.0,2.11,14.0,0.2,0.5,0.5,-4.5,0.9,9.5,3.4,14.0,19.9,14.0,0.2,0.5,0.5,1.08,2.67,3.73,2.71,13.0,1.59,14.0,0.2,0.6,0.5,2.8,10.9,29.1,18.8,13.0,18.1,14.0,0.2,0.6,0.5,-36.5,54.1,101.2,31.5,15.0,93.2,14.0,0.3,0.5,0.5,-37.9,55.9,169.0,53.9,15.0,103.7,14.0,0.3,0.5,0.5,-23.8,27.6,61.3,14.4,13.0,55.6,14.0,0.2,0.6,0.5,-24.8,22.0,101.9,24.5,13.0,60.9,14.0,0.2,0.6,0.5,-7.3,1.7,10.2,0.9,13.0,15.5,14.0,0.2,0.6,0.5,-7.5,2.8,13.5,0.3,13.0,21.7,14.0,0.2,0.6,0.5,69.0,238.5,1727.5,756.0,15.0,879.5,14.0,0.3,0.5,0.5,70.0,240.0,1730.0,755.0,15.0,880.0,14.0,0.3,0.5,0.5
1974,2,327.0,36.0,16.12,17.5,18.91,17.47,21.0,1.25,14.0,0.6,0.6,0.5,15.39,17.4,18.47,17.14,21.0,1.7,14.0,0.6,0.6,0.5,7.57,10.17,11.17,9.59,20.0,1.81,14.0,0.6,0.6,0.5,70.9,81.1,89.5,79.2,21.0,11.1,14.0,0.6,0.5,4.11,6.45,10.28,6.91,20.0,2.97,14.0,0.6,0.6,0.5,-2.11,1.15,6.13,1.3,20.0,4.34,14.0,0.6,0.6,0.5,-4.57,2.54,7.21,1.55,20.0,5.99,14.0,0.6,0.6,0.5,1017.7,1027.5,1032.0,1025.0,20.0,6.74,14.0,0.6,0.6,0.5,2.0,4.0,8.0,4.6,20.0,2.6,14.0,0.6,0.6,0.5,-13.0,4.3,43.9,11.5,20.0,37.5,14.0,0.6,0.6,0.5,-23.0,11.1,81.3,13.9,20.0,59.4,14.0,0.6,0.6,0.5,-1.24,0.5,2.05,0.32,21.0,2.3,14.0,0.6,0.6,0.5,-9.3,1.3,14.7,1.7,20.0,17.1,14.0,0.6,0.6,0.5,0.91,2.84,4.24,2.63,20.0,2.02,14.0,0.6,0.6,0.5,3.6,18.5,34.7,18.6,19.0,16.3,14.0,0.6,0.6,0.5,-31.2,18.9,110.4,23.0,20.0,75.9,14.0,0.6,0.6,0.5,-60.5,40.9,136.3,32.9,20.0,103.9,14.0,0.6,0.6,0.5,-12.1,14.8,54.8,17.2,19.0,36.6,14.0,0.6,0.6,0.5,-28.6,26.0,82.3,20.9,19.0,59.7,14.0,0.6,0.6,0.5,-3.3,1.6,18.7,4.6,19.0,14.1,14.0,0.6,0.6,0.5,-13.7,2.2,15.4,1.4,19.0,20.2,14.0,0.6,0.6,0.5,69.5,269.5,1088.5,511.0,20.0,554.5,14.0,0.6,0.6,0.5,70.0,270.0,1090.0,510.0,20.0,555.0,14.0,0.6,0.6,0.5
1974,2,327.0,37.0,15.84,16.9,18.0,16.94,27.0,1.21,16.0,0.4,0.5,0.4,15.22,16.7,17.5,16.34,29.0,1.48,16.0,0.4,0.5,0.4,8.03,9.89,10.57,9.51,25.0,1.22,16.0,0.5,0.5,0.4,72.2,84.7,89.9,82.6,25.0,8.7,16.0,0.5,0.4,4.27,7.7,11.63,7.62,29.0,4.15,16.0,0.4,0.5,0.4,-2.64,1.34,6.44,1.76,29.0,5.67,16.0,0.4,0.5,0.4,-2.42,4.53,7.76,3.04,29.0,5.69,16.0,0.4,0.5,0.4,1013.8,1024.6,1029.0,1022.53,29.0,7.02,16.0,0.4,0.5,0.4,1.1,5.0,8.0,4.8,27.0,3.0,14.0,0.5,0.5,0.4,-17.1,5.9,57.0,24.2,29.0,79.3,16.0,0.4,0.5,0.4,-10.8,24.4,101.3,31.2,29.0,62.6,16.0,0.4,0.5,0.4,-0.76,0.5,2.49,0.66,27.0,1.61,16.0,0.4,0.5,0.4,-5.0,3.1,13.9,4.5,27.0,10.9,16.0,0.4,0.5,0.4,1.04,2.15,4.1,2.38,23.0,1.41,14.0,0.5,0.5,0.4,3.3,14.1,29.7,17.4,23.0,14.6,14.0,0.5,0.5,0.4,-44.1,21.3,105.4,30.2,29.0,93.6,16.0,0.4,0.5,0.4,-34.6,73.4,130.6,52.1,29.0,92.1,16.0,0.4,0.5,0.4,-33.4,0.0,58.9,8.2,25.0,47.9,16.0,0.5,0.5,0.4,-14.4,48.1,82.7,35.4,25.0,51.8,16.0,0.5,0.5,0.4,-9.0,0.0,7.1,-0.1,23.0,14.0,14.0,0.5,0.5,0.4,-9.0,5.7,13.1,2.4,23.0,18.1,14.0,0.5,0.5,0.4,79.0,456.5,1594.0,864.0,29.0,1405.0,16.0,0.4,0.5,0.4,80.0,455.0,1595.0,865.0,29.0,1405.0,16.0,0.4,0.5,0.4
1974,2,327.0,38.0,15.57,16.35,17.06,16.42,18.0,0.95,12.0,0.5,0.5,0.4,13.74,16.5,17.93,16.21,21.0,2.1,14.0,0.6,0.5,0.4,6.85,9.42,10.75,8.91,19.0,1.79,12.0,0.6,0.5,0.4,68.3,80.6,88.3,77.9,19.0,9.9,12.0,0.6,0.4,2.93,8.5,11.13,7.82,22.0,3.91,12.0,0.5,0.5,0.4,-2.06,2.78,8.46,2.84,22.0,5.38,12.0,0.5,0.5,0.4,-3.87,3.63,8.86,2.93,22.0,5.73,12.0,0.5,0.5,0.4,1011.1,1022.3,1026.75,1019.61,21.0,7.91,14.0,0.6,0.5,0.4,3.0,7.0,8.0,5.5,20.0,2.7,14.0,0.6,0.5,0.4,-5.4,18.6,90.2,33.8,22.0,59.0,12.0,0.5,0.5,0.4,-21.1,23.4,85.2,32.7,22.0,65.6,12.0,0.5,0.5,0.4,-2.09,0.25,2.51,0.35,18.0,2.23,12.0,0.5,0.5,0.4,-17.4,1.5,15.6,1.8,18.0,17.4,12.0,0.5,0.5,0.4,0.43,1.83,4.82,2.49,16.0,2.11,12.0,0.6,0.5,0.4,3.6,12.0,28.5,16.8,16.0,17.1,12.0,0.6,0.5,0.4,-32.8,37.3,142.6,41.9,21.0,85.8,14.0,0.6,0.5,0.4,-58.9,59.1,142.6,52.8,21.0,93.9,14.0,0.6,0.5,0.4,-12.5,21.4,68.8,24.9,19.0,44.7,12.0,0.6,0.5,0.4,-37.6,31.2,80.1,31.6,19.0,54.6,12.0,0.6,0.5,0.4,-1.1,6.2,14.7,6.8,16.0,12.0,12.0,0.6,0.5,0.4,-17.3,3.6,11.3,-0.1,16.0,19.9,12.0,0.6,0.5,0.4,27.5,630.5,1382.0,820.5,22.0,995.0,12.0,0.5,0.5,0.4,25.0,630.0,1380.0,820.0,22.0,995.0,12.0,0.5,0.5,0.4
1974,2,327.0,39.0,15.14,15.85,18.0,16.38,18.0,1.42,14.0,0.4,0.7,0.4,12.8,14.6,16.7,14.69,20.0,1.73,14.0,0.5,0.7,0.4,5.99,7.65,10.04,7.94,18.0,1.91,14.0,0.5,0.7,0.4,64.6,79.8,88.9,76.1,18.0,12.8,14.0,0.5,0.4,5.7,8.7,12.3,8.93,21.0,3.17,14.0,0.5,0.7,0.4,-4.02,2.14,7.12,1.85,21.0,5.67,14.0,0.5,0.7,0.4,-7.58,1.34,6.91,0.04,21.0,7.62,14.0,0.5,0.7,0.4,1013.84,1024.2,1026.58,1021.98,21.0,6.42,14.0,0.5,0.7,0.4,3.0,5.0,8.0,5.1,20.0,2.5,14.0,0.5,0.7,0.4,-31.4,13.6,66.3,21.3,21.0,61.2,14.0,0.5,0.7,0.4,-58.4,8.9,58.0,5.2,21.0,89.2,14.0,0.5,0.7,0.4,-1.05,2.1,4.48,1.91,17.0,2.35,14.0,0.4,0.7,0.4,-9.5,15.1,31.8,13.1,17.0,18.4,14.0,0.4,0.7,0.4,1.24,4.01,5.59,3.74,15.0,1.94,14.0,0.5,0.7,0.3,11.1,27.6,44.0,29.0,15.0,17.2,14.0,0.5,0.7,0.3,-62.8,29.7,119.5,22.5,20.0,84.1,14.0,0.5,0.7,0.4,-97.8,0.8,102.8,2.1,20.0,107.1,14.0,0.5,0.7,0.4,-29.7,15.0,54.2,13.2,18.0,43.7,14.0,0.5,0.7,0.4,-48.8,13.2,61.5,7.1,18.0,60.4,14.0,0.5,0.7,0.4,-7.0,6.6,21.8,8.1,15.0,16.6,14.0,0.5,0.7,0.3,-42.4,5.5,14.0,-10.5,15.0,27.0,14.0,0.5,0.7,0.3,185.0,658.5,1861.0,983.0,21.0,988.0,14.0,0.5,0.7,0.4,185.0,660.0,1860.0,985.0,21.0,990.0,14.0,0.5,0.7,0.4
1974,2,327.0,40.0,14.0,14.4,15.51,14.77,9.0,1.02,16.0,0.4,0.6,0.6,12.51,14.35,15.9,14.17,10.0,1.9,16.0,0.4,0.7,0.6,6.51,8.29,10.47,8.39,10.0,2.11,16.0,0.4,0.7,0.6,66.5,89.9,94.8,82.8,10.0,14.8,16.0,0.4,0.6,7.83,9.3,12.47,10.01,9.0,2.37,16.0,0.3,0.7,0.6,-0.98,3.18,9.45,3.84,9.0,5.36,16.0,0.3,0.7,0.6,-4.16,7.2,9.15,4.42,9.0,7.15,16.0,0.3,0.7,0.6,1001.6,1018.85,1027.03,1015.95,10.0,13.19,16.0,0.4,0.7,0.6,7.4,8.0,8.0,7.4,10.0,1.6,16.0,0.4,0.7,0.6,-7.5,29.6,102.6,45.1,9.0,66.6,16.0,0.3,0.7,0.6,-31.0,55.7,99.0,50.6,9.0,74.3,16.0,0.3,0.7,0.6,-1.66,0.5,2.07,0.56,9.0,2.1,16.0,0.4,0.6,0.6,-20.6,2.9,28.9,5.0,8.0,22.1,16.0,0.4,0.6,0.5,-0.39,2.11,4.7,2.08,9.0,2.37,16.0,0.4,0.6,0.6,-4.5,10.4,36.2,18.8,8.0,28.5,16.0,0.4,0.6,0.5,-13.2,34.0,154.1,57.3,9.0,82.6,16.0,0.3,0.7,0.6,-49.7,93.5,134.9,65.6,9.0,97.9,16.0,0.3,0.7,0.6,-7.6,23.5,79.8,32.3,9.0,48.0,16.0,0.3,0.7,0.6,-21.3,55.2,91.0,43.4,9.0,58.7,16.0,0.3,0.7,0.6,-4.0,-0.4,22.4,10.4,8.0,25.0,16.0,0.4,0.6,0.5,-14.6,-0.4,23.0,2.5,8.0,21.4,16.0,0.4,0.6,0.5,482.0,804.5,1957.0,1161.5,9.0,875.0,16.0,0.3,0.7,0.6,480.0,805.0,1955.0,1160.0,9.0,875.0,16.0,0.3,0.7,0.6
1974,2,327.0,41.0,12.43,13.9,14.9,13.88,10.0,1.49,16.0,0.6,0.7,0.3,12.15,14.4,16.18,14.28,12.0,2.02,16.0,0.5,0.6,0.3,8.98,9.63,9.9,9.44,7.0,0.91,16.0,0.6,0.6,0.2,80.1,85.7,97.6,87.8,7.0,8.5,16.0,0.6,0.2,5.51,9.1,14.2,9.28,10.0,4.57,18.0,0.5,0.7,0.4,0.0,3.62,10.92,4.53,10.0,6.58,18.0,0.5,0.7,0.4,-1.21,6.0,8.63,4.82,10.0,4.96,18.0,0.5,0.7,0.4,998.66,1015.55,1024.48,1012.61,12.0,12.98,16.0,0.5,0.6,0.3,3.0,6.5,8.0,5.9,10.0,2.4,18.0,0.5,0.6,0.3,0.0,26.8,162.3,63.9,10.0,100.1,18.0,0.5,0.7,0.4,-3.9,46.0,117.2,53.5,10.0,56.6,18.0,0.5,0.7,0.4,-2.29,-0.95,0.24,-1.06,10.0,1.61,16.0,0.6,0.7,0.3,-25.0,-17.4,-3.2,-13.2,8.0,14.0,16.0,0.6,0.7,0.3,-0.08,0.8,1.2,0.7,7.0,0.72,16.0,0.6,0.6,0.2,-1.0,5.6,11.1,5.3,5.0,6.8,18.0,0.6,0.6,0.2,0.0,51.2,157.0,63.8,10.0,95.5,18.0,0.5,0.7,0.4,-17.8,87.5,130.1,72.8,10.0,77.2,18.0,0.5,0.7,0.4,-19.2,20.1,80.0,30.4,5.0,70.2,18.0,0.6,0.6,0.2,17.9,74.4,92.0,57.6,5.0,50.4,18.0,0.6,0.6,0.2,-0.1,1.6,5.8,3.1,5.0,5.2,18.0,0.6,0.6,0.2,0.4,5.6,7.8,4.5,5.0,4.1,18.0,0.6,0.6,0.2,173.5,775.5,3045.5,1349.5,10.0,1635.5,18.0,0.5,0.7,0.4,175.0,775.0,3045.0,1350.0,10.0,1635.0,18.0,0.5,0.7,0.4
1974,2,327.0,42.0,13.0,13.5,14.39,13.65,15.0,0.85,14.0,0.5,0.5,0.5,10.93,13.0,13.6,12.42,15.0,1.8,14.0,0.5,0.5,0.4,6.27,7.7,8.93,7.62,8.0,1.23,14.0,0.5,0.6,0.5,66.2,78.3,91.0,79.2,9.0,13.4,14.0,0.4,0.4,7.58,11.5,18.43,12.7,16.0,6.06,14.0,0.5,0.5,0.4,-6.24,4.8,13.65,4.32,16.0,10.12,14.0,0.5,0.5,0.4,-7.74,0.0,11.48,1.12,16.0,9.22,14.0,0.5,0.5,0.4,1000.88,1015.8,1028.51,1013.81,15.0,14.63,14.0,0.5,0.5,0.5,3.0,3.0,8.0,5.1,13.0,2.5,12.0,0.5,0.5,0.4,-76.6,41.3,242.5,92.7,16.0,205.6,14.0,0.5,0.5,0.4,-74.1,0.0,147.8,16.0,16.0,156.7,14.0,0.5,0.5,0.4,-0.6,0.85,3.42,1.21,14.0,2.2,14.0,0.4,0.5,0.4,-12.3,9.0,30.0,10.5,14.0,28.2,14.0,0.4,0.5,0.4,0.36,1.92,3.1,1.97,8.0,1.48,14.0,0.5,0.6,0.5,4.4,16.1,63.7,29.4,8.0,28.8,14.0,0.5,0.6,0.5,-84.0,39.6,168.8,37.9,15.0,122.2,14.0,0.5,0.5,0.4,-83.2,0.0,133.4,9.2,15.0,113.1,14.0,0.5,0.5,0.4,-61.9,38.3,86.3,22.5,8.0,85.2,14.0,0.5,0.6,0.5,-12.7,0.0,89.4,14.9,8.0,65.5,14.0,0.5,0.6,0.5,-2.8,10.3,59.0,22.3,8.0,29.8,14.0,0.5,0.6,0.5,-3.4,0.0,5.7,-4.3,8.0,18.5,14.0,0.5,0.6,0.5,463.5,1529.5,6674.0,3526.5,16.0,5092.0,14.0,0.5,0.5,0.4,465.0,1530.0,6675.0,3525.0,16.0,5090.0,14.0,0.5,0.5,0.4
1974,2,327.0,43.0,12.58,13.05,14.62,13.53,16.0,1.16,14.0,0.6,0.4,0.4,10.34,13.0,14.6,12.74,19.0,2.26,16.0,0.6,0.4,0.4,5.26,8.13,9.57,7.67,16.0,1.97,14.0,0.6,0.4,0.4,66.0,87.7,95.7,83.7,16.0,13.0,14.0,0.6,0.4,6.98,11.3,12.74,11.16,19.0,4.81,16.0,0.6,0.4,0.4,-2.95,3.69,9.98,4.39,19.0,7.05,16.0,0.6,0.4,0.4,-7.73,0.8,10.65,1.25,19.0,9.11,16.0,0.6,0.4,0.4,1012.97,1019.3,1029.13,1019.11,19.0,8.54,16.0,0.6,0.4,0.4,3.7,8.0,8.0,6.6,18.0,2.0,16.0,0.6,0.4,0.4,-16.2,20.8,128.7,69.7,19.0,128.4,16.0,0.6,0.4,0.4,-100.3,3.7,121.6,4.8,19.0,135.0,16.0,0.6,0.4,0.4,-1.35,0.0,2.93,0.64,16.0,2.19,14.0,0.6,0.4,0.4,-13.1,0.0,24.6,8.0,16.0,25.6,14.0,0.6,0.4,0.4,0.07,1.12,3.59,1.75,15.0,1.95,14.0,0.6,0.5,0.4,0.7,10.5,27.7,20.9,15.0,30.1,14.0,0.6,0.5,0.4,-25.5,53.6,138.3,58.4,19.0,89.6,16.0,0.6,0.4,0.4,-96.4,11.6,147.9,26.0,19.0,112.9,16.0,0.6,0.4,0.4,-16.7,36.4,87.0,36.5,16.0,56.8,14.0,0.6,0.4,0.4,-64.9,3.6,94.9,19.1,16.0,71.3,14.0,0.6,0.4,0.4,-6.8,0.4,23.3,9.5,15.0,27.0,14.0,0.6,0.5,0.4,-14.0,0.0,8.3,-5.9,15.0,22.6,14.0,0.6,0.5,0.4,346.5,1443.0,2118.0,2216.0,19.0,3117.5,16.0,0.6,0.4,0.4,345.0,1445.0,2120.0,2215.0,19.0,3115.0,16.0,0.6,0.4,0.4
1974,2,327.0,44.0,10.9,12.3,13.55,12.18,13.0,1.35,12.0,0.4,0.7,0.5,9.21,10.85,14.09,11.38,14.0,2.56,14.0,0.4,0.7,0.5,5.0,6.83,9.57,7.09,12.0,2.14,14.0,0.4,0.7,0.5,67.3,91.0,95.7,84.2,12.0,15.1,14.0,0.4,0.5,7.7,12.6,17.47,13.44,14.0,7.67,14.0,0.4,0.7,0.5,1.77,8.98,17.35,10.56,14.0,8.63,14.0,0.4,0.7,0.5,-4.91,0.0,8.46,1.6,14.0,7.5,14.0,0.4,0.7,0.5,1000.5,1015.55,1024.67,1014.04,14.0,10.5,14.0,0.4,0.7,0.5,4.8,6.0,8.0,5.8,13.0,1.7,14.0,0.5,0.7,0.5,9.6,99.3,302.7,197.4,14.0,263.0,14.0,0.4,0.7,0.5,-41.0,0.0,141.5,17.2,14.0,122.4,14.0,0.4,0.7,0.5,-2.2,0.8,3.61,0.75,13.0,2.55,12.0,0.4,0.7,0.5,-19.2,12.3,67.4,18.2,13.0,44.2,12.0,0.4,0.7,0.5,-0.87,1.69,3.57,1.29,11.0,2.03,12.0,0.4,0.7,0.5,-9.3,17.0,62.3,21.6,11.0,35.5,12.0,0.4,0.7,0.5,19.2,110.1,170.6,113.7,14.0,91.4,14.0,0.4,0.7,0.5,-49.3,0.0,119.0,32.2,14.0,92.0,14.0,0.4,0.7,0.5,10.2,51.8,89.9,53.8,12.0,36.4,14.0,0.4,0.7,0.5,-33.6,-3.2,85.9,19.8,12.0,62.8,14.0,0.4,0.7,0.5,-2.6,13.4,61.8,21.5,11.0,31.7,12.0,0.4,0.7,0.5,-11.4,-8.7,0.6,-8.6,11.0,13.5,12.0,0.4,0.7,0.5,456.5,2004.0,5331.0,4924.5,14.0,8057.0,14.0,0.4,0.7,0.5,455.0,2005.0,5330.0,4925.0,14.0,8055.0,14.0,0.4,0.7,0.5
1974,2,327.0,45.0,11.04,12.0,12.68,11.87,3.0,1.21,16.0,0.0,0.7,0.4,9.53,11.0,13.23,11.33,6.0,2.16,18.0,0.3,0.7,0.4,5.23,5.61,6.93,6.06,4.0,1.36,18.0,0.3,0.7,0.5,66.2,73.3,79.1,72.7,4.0,7.5,18.0,0.3,0.5,4.52,9.35,14.61,9.03,6.0,5.94,18.0,0.3,0.7,0.4,1.65,6.15,11.74,6.65,6.0,5.41,18.0,0.3,0.7,0.4,0.0,3.22,9.79,4.58,6.0,5.07,18.0,0.3,0.7,0.4,1003.03,1021.35,1027.24,1016.77,6.0,12.45,18.0,0.3,0.7,0.4,6.6,7.0,7.4,7.0,5.0,0.7,16.0,0.4,0.6,0.4,19.8,38.3,172.1,80.6,6.0,89.0,18.0,0.3,0.7,0.4,0.0,44.5,135.0,60.7,6.0,67.0,18.0,0.3,0.7,0.4,-0.3,1.0,1.48,0.6,3.0,1.35,16.0,0.0,0.7,0.4,-7.4,0.0,9.8,1.2,3.0,12.6,16.0,0.0,0.7,0.4,2.52,3.0,3.48,3.0,2.0,1.0,16.0,0.0,0.7,0.4,8.5,26.7,44.9,26.7,2.0,37.7,16.0,0.0,0.7,0.4,21.3,73.3,134.9,75.1,6.0,57.0,18.0,0.3,0.7,0.4,0.0,32.0,119.6,54.6,6.0,64.2,18.0,0.3,0.7,0.4,15.6,39.3,54.8,35.4,4.0,26.6,18.0,0.3,0.7,0.5,0.0,2.9,30.4,14.6,4.0,25.6,18.0,0.3,0.7,0.5,6.5,20.4,34.4,20.4,2.0,28.9,16.0,0.0,0.7,0.4,5.4,17.2,28.9,17.2,2.0,24.3,16.0,0.0,0.7,0.4,147.0,1014.5,3123.5,1475.5,6.0,1569.0,18.0,0.3,0.7,0.4,145.0,1015.0,3125.0,1475.0,6.0,1570.0,18.0,0.3,0.7,0.4
1974,2,327.0,46.0,11.93,12.0,12.14,12.03,3.0,0.15,24.0,0.0,0.7,0.4,9.03,9.1,11.28,10.13,3.0,1.88,24.0,0.0,0.7,0.4,4.81,5.31,6.85,5.82,3.0,1.56,24.0,0.0,0.7,0.4,68.3,75.0,82.4,75.3,3.0,10.4,24.0,0.0,0.4,4.42,5.1,7.97,6.17,3.0,2.76,24.0,0.0,0.7,0.4,0.65,2.05,6.62,3.6,3.0,4.57,24.0,0.0,0.7,0.4,-4.49,-3.18,1.41,-1.58,3.0,4.54,24.0,0.0,0.7,0.4,1016.05,1018.3,1026.7,1021.3,3.0,8.22,24.0,0.0,0.7,0.4,1.3,4.0,6.7,4.0,3.0,4.0,24.0,0.0,0.7,0.4,2.7,8.4,58.1,29.9,3.0,44.7,24.0,0.0,0.7,0.4,-28.4,-26.0,1.7,-13.7,3.0,24.5,24.0,0.0,0.7,0.4,0.82,2.8,2.94,1.9,3.0,1.73,24.0,0.0,0.7,0.4,3.3,11.5,22.7,13.0,3.0,14.3,24.0,0.0,0.7,0.4,1.88,3.36,3.74,2.82,3.0,1.44,24.0,0.0,0.7,0.4,9.3,16.0,26.4,17.8,3.0,12.7,24.0,0.0,0.7,0.4,5.9,18.7,59.6,32.4,3.0,41.1,24.0,0.0,0.7,0.4,-51.9,-28.6,13.0,-19.7,3.0,48.1,24.0,0.0,0.7,0.4,3.0,9.4,34.7,18.6,3.0,24.5,24.0,0.0,0.7,0.4,-31.7,-16.9,5.7,-13.1,3.0,27.6,24.0,0.0,0.7,0.4,2.5,8.0,22.6,12.5,3.0,15.2,24.0,0.0,0.7,0.4,-9.2,-6.1,7.5,-1.0,3.0,13.1,24.0,0.0,0.7,0.4,89.0,132.5,591.0,335.5,3.0,407.5,24.0,0.0,0.7,0.4,90.0,135.0,590.0,335.0,3.0,405.0,24.0,0.0,0.7,0.4
1974,2,327.0,47.0,10.0,10.2,11.0,10.25,8.0,0.86,18.0,0.5,0.5,0.5,8.04,10.0,10.59,9.75,8.0,1.77,18.0,0.5,0.5,0.5,4.32,6.28,7.51,6.06,7.0,1.98,18.0,0.4,0.5,0.5,63.8,79.5,94.4,77.8,7.0,17.3,18.0,0.4,0.5,8.82,10.3,12.08,10.8,8.0,3.81,18.0,0.5,0.5,0.5,0.0,1.49,5.33,3.07,8.0,7.67,18.0,0.5,0.5,0.5,-1.73,9.17,10.24,4.83,8.0,7.18,18.0,0.5,0.5,0.5,1010.02,1011.85,1020.02,1013.33,8.0,5.53,18.0,0.5,0.5,0.5,2.0,5.0,7.0,4.7,7.0,2.4,18.0,0.4,0.6,0.5,0.0,12.9,50.5,46.7,8.0,134.6,18.0,0.5,0.5,0.5,-9.9,94.0,106.1,54.2,8.0,71.0,18.0,0.5,0.5,0.5,-0.48,1.05,2.31,0.5,8.0,2.26,18.0,0.5,0.5,0.5,-6.0,9.7,19.8,6.6,8.0,25.9,18.0,0.5,0.5,0.5,0.58,1.6,3.3,1.68,7.0,2.18,18.0,0.4,0.5,0.5,6.0,16.4,34.9,19.2,7.0,25.8,18.0,0.4,0.5,0.5,0.0,11.9,50.8,22.4,8.0,63.9,18.0,0.5,0.5,0.5,-14.6,94.5,107.6,55.7,8.0,71.9,18.0,0.5,0.5,0.5,-2.4,0.0,28.1,11.0,7.0,39.7,18.0,0.4,0.5,0.5,-0.3,59.2,77.2,47.5,7.0,37.7,18.0,0.4,0.5,0.5,-0.5,0.0,23.6,12.8,7.0,24.1,18.0,0.4,0.5,0.5,-8.7,7.5,17.0,4.8,7.0,17.3,18.0,0.4,0.5,0.5,690.0,1092.5,1775.5,1723.0,8.0,2128.0,18.0,0.5,0.5,0.5,690.0,1095.0,1775.0,1725.0,8.0,2130.0,18.0,0.5,0.5,0.5
1974,2,327.0,48.0,10.0,11.0,11.04,10.62,5.0,0.57,16.0,0.4,0.6,0.5,8.21,8.6,13.06,10.62,5.0,4.33,16.0,0.4,0.6,0.5,4.62,6.12,6.85,5.8,5.0,1.21,16.0,0.4,0.6,0.5,60.2,72.1,87.6,73.2,5.0,14.8,16.0,0.4,0.5,3.24,8.7,14.13,8.52,5.0,6.23,16.0,0.4,0.6,0.5,0.0,2.67,5.26,2.93,5.0,3.56,16.0,0.4,0.6,0.5,0.0,3.91,14.04,6.49,5.0,7.31,16.0,0.4,0.6,0.5,994.2,1019.0,1022.84,1010.3,5.0,17.64,16.0,0.4,0.6,0.5,6.2,8.0,8.0,7.0,5.0,2.2,16.0,0.4,0.6,0.5,0.0,16.7,53.8,26.7,5.0,32.2,16.0,0.4,0.6,0.5,0.0,19.9,199.3,86.6,5.0,111.4,16.0,0.4,0.6,0.5,-2.69,1.4,2.83,0.0,5.0,4.23,16.0,0.4,0.6,0.5,-23.9,0.0,23.2,-2.7,5.0,36.4,16.0,0.4,0.6,0.5,1.0,1.44,3.65,2.15,5.0,1.4,16.0,0.4,0.6,0.5,5.6,15.0,30.0,18.5,5.0,19.0,16.0,0.4,0.6,0.5,0.0,25.2,75.0,42.1,5.0,66.3,16.0,0.4,0.6,0.5,0.0,30.1,128.2,59.4,5.0,70.1,16.0,0.4,0.6,0.5,0.0,15.8,33.9,19.0,5.0,25.2,16.0,0.4,0.6,0.5,0.0,18.8,73.6,35.6,5.0,43.9,16.0,0.4,0.6,0.5,0.0,2.6,9.9,4.7,5.0,5.4,16.0,0.4,0.6,0.5,0.0,14.1,27.7,15.8,5.0,20.5,16.0,0.4,0.6,0.5,84.0,658.5,2861.0,1370.0,5.0,1596.5,16.0,0.4,0.6,0.5,85.0,660.0,2860.0,1370.0,5.0,1595.0,16.0,0.4,0.6,0.5
1974,2,327.0,49.0,9.52,10.0,10.67,10.27,7.0,1.82,14.0,0.9,0.7,0.4,6.31,9.7,10.76,8.63,7.0,3.19,14.0,0.9,0.7,0.4,4.34,6.69,7.33,6.36,7.0,1.75,14.0,0.9,0.7,0.4,86.2,91.1,96.7,88.5,7.0,12.5,14.0,0.9,0.4,8.0,13.9,15.57,12.61,7.0,5.0,14.0,0.9,0.7,0.4,-0.15,0.0,13.59,5.01,7.0,8.17,14.0,0.9,0.7,0.4,-3.65,7.7,13.97,4.84,7.0,9.35,14.0,0.9,0.7,0.4,998.14,1005.7,1011.56,1000.67,7.0,18.13,14.0,0.9,0.7,0.4,4.0,8.0,8.0,6.6,7.0,1.9,14.0,0.9,0.7,0.4,-0.6,0.0,212.6,89.1,7.0,140.8,14.0,0.9,0.7,0.4,-66.0,67.2,195.3,61.9,7.0,133.3,14.0,0.9,0.7,0.4,-1.14,0.0,3.69,1.64,7.0,4.67,14.0,0.9,0.7,0.4,-14.7,0.0,66.5,23.9,7.0,59.5,14.0,0.9,0.7,0.4,0.08,0.97,3.89,1.52,7.0,2.33,14.0,0.9,0.7,0.4,-0.2,8.0,68.5,21.7,7.0,34.8,14.0,0.9,0.7,0.4,-1.6,0.0,122.0,33.3,7.0,64.7,14.0,0.9,0.7,0.4,-21.7,74.7,128.0,63.8,7.0,77.0,14.0,0.9,0.7,0.4,-1.1,0.0,70.5,24.1,7.0,42.9,14.0,0.9,0.7,0.4,-13.9,54.8,93.7,42.4,7.0,61.6,14.0,0.9,0.7,0.4,0.0,0.0,35.9,17.2,7.0,27.1,14.0,0.9,0.7,0.4,-18.9,0.4,8.0,-9.9,7.0,23.8,14.0,0.9,0.7,0.4,528.5,2685.5,3805.5,2761.5,7.0,2285.0,14.0,0.9,0.7,0.4,530.0,2685.0,3805.0,2760.0,7.0,2285.0,14.0,0.9,0.7,0.4
1974,2,327.0,50.0,7.63,9.7,11.31,9.85,6.0,2.63,14.0,1.0,0.6,0.5,6.01,7.5,9.97,7.87,6.0,2.6,14.0,1.0,0.6,0.5,4.33,5.53,7.55,5.8,6.0,1.94,14.0,1.0,0.6,0.5,72.2,89.2,97.9,84.8,6.0,16.1,14.0,1.0,0.5,12.16,15.4,15.83,14.32,6.0,2.86,14.0,1.0,0.6,0.5,0.0,5.2,10.13,5.51,6.0,5.25,14.0,1.0,0.6,0.5,-1.59,13.76,15.62,8.61,6.0,10.06,14.0,1.0,0.6,0.5,994.51,1001.25,1014.18,1003.07,6.0,11.52,14.0,1.0,0.6,0.5,3.6,7.0,8.0,6.0,6.0,2.5,14.0,1.0,0.6,0.5,0.0,71.7,125.5,75.6,6.0,76.9,14.0,1.0,0.6,0.5,-24.5,196.8,247.6,133.3,6.0,159.5,14.0,1.0,0.6,0.5,-1.63,1.9,4.88,1.98,6.0,3.87,14.0,1.0,0.6,0.5,-26.1,19.2,71.1,23.0,6.0,54.0,14.0,1.0,0.6,0.5,-0.67,1.45,4.72,1.89,6.0,2.74,14.0,1.0,0.6,0.5,-10.8,15.7,69.8,24.2,6.0,39.0,14.0,1.0,0.6,0.5,0.0,35.3,62.7,35.5,6.0,33.3,14.0,1.0,0.6,0.5,-10.2,104.8,161.5,83.1,6.0,91.4,14.0,1.0,0.6,0.5,0.0,31.4,44.0,25.3,6.0,21.6,14.0,1.0,0.6,0.5,-5.4,77.7,122.4,63.4,6.0,65.1,14.0,1.0,0.6,0.5,-1.4,10.0,32.1,16.3,6.0,24.7,14.0,1.0,0.6,0.5,-22.1,-4.2,23.3,3.1,6.0,35.8,14.0,1.0,0.6,0.5,1869.5,3652.5,4005.0,3211.0,6.0,1557.0,14.0,1.0,0.6,0.5,1870.0,3650.0,4005.0,3210.0,6.0,1555.0,14.0,1.0,0.6,0.5
1974,2,327.0,51.0,9.41,9.65,9.89,9.65,2.0,0.49,22.0,0.5,0.4,0.5,9.0,9.0,9.0,9.0,2.0,0.0,22.0,0.5,0.4,0.5,4.6,5.37,6.15,5.37,2.0,1.61,22.0,0.5,0.4,0.5,65.2,75.9,86.6,75.9,2.0,22.2,22.0,0.5,0.5,12.79,13.85,14.91,13.85,2.0,2.19,22.0,0.5,0.4,0.5,-4.75,-1.74,1.27,-1.74,2.0,6.24,22.0,0.5,0.4,0.5,11.37,12.91,14.45,12.91,2.0,3.19,22.0,0.5,0.4,0.5,1013.36,1016.7,1020.04,1016.7,2.0,6.93,22.0,0.5,0.4,0.5,5.5,6.5,7.5,6.5,2.0,2.1,22.0,0.5,0.4,0.5,-57.1,-17.2,22.6,-17.2,2.0,82.6,22.0,0.5,0.4,0.5,147.3,182.3,217.3,182.3,2.0,72.5,22.0,0.5,0.4,0.5,0.41,0.65,0.89,0.65,2.0,0.49,22.0,0.5,0.4,0.5,5.8,8.5,11.1,8.5,2.0,5.4,22.0,0.5,0.4,0.5,1.39,2.03,2.66,2.03,2.0,1.31,22.0,0.5,0.4,0.5,18.6,29.5,40.4,29.5,2.0,22.6,22.0,0.5,0.4,0.5,-42.7,-15.6,11.5,-15.6,2.0,56.2,22.0,0.5,0.4,0.5,102.3,116.2,130.0,116.2,2.0,28.7,22.0,0.5,0.4,0.5,-31.9,-14.4,3.2,-14.4,2.0,36.3,22.0,0.5,0.4,0.5,65.1,66.8,68.6,66.8,2.0,3.6,22.0,0.5,0.4,0.5,-4.4,0.6,5.6,0.6,2.0,10.4,22.0,0.5,0.4,0.5,17.0,28.3,39.6,28.3,2.0,23.4,22.0,0.5,0.4,0.5,2145.0,2756.5,3368.0,2756.5,2.0,1266.5,22.0,0.5,0.4,0.5,2145.0,2755.0,3370.0,2755.0,2.0,1265.0,22.0,0.5,0.4,0.5
1974,2,327.0,52.0,,,,,,,,,,,,,,,,,,,,,,,,,,,,,,,,,,,,,,,,20.1,20.1,20.1,20.1,1.0,0.0,18.0,0.0,0.9,0.2,18.89,18.89,18.89,18.89,1.0,0.0,18.0,0.0,0.9,0.2,6.87,6.87,6.87,6.87,1.0,0.0,18.0,0.0,0.9,0.2,1013.6,1013.6,1013.6,1013.6,1.0,0.0,18.0,0.0,0.9,0.2,,,,,,,,,,,,,,,,,,,,,,,,,,,,,,,,,,,,,,,,,,,,,,,,,,,,,,,,,,,,,,,,,,,,,,,,,,,,,,,,,,,,,,,,,,,,,,,,,,,,,,,,,,,,,,,,,,,,,,,,,,,,,,,,,,,,,,,,,,,,,,,,,,,,,,
1974,2,327.0,53.0,7.16,7.5,7.84,7.5,2.0,0.71,18.0,1.0,0.6,0.7,-0.37,1.4,3.17,1.4,3.0,2.6,14.0,1.0,0.8,0.5,3.45,3.48,3.99,3.71,3.0,0.44,14.0,1.0,0.8,0.5,81.7,83.1,93.7,87.6,3.0,9.6,14.0,1.0,0.5,15.19,25.7,25.7,20.57,3.0,8.89,14.0,1.0,0.8,0.5,1.68,22.26,24.34,13.23,3.0,18.35,14.0,1.0,0.8,0.5,-0.94,6.62,10.87,5.0,3.0,8.77,14.0,1.0,0.8,0.5,994.25,997.8,1001.21,997.73,3.0,5.1,14.0,1.0,0.8,0.5,5.0,7.0,7.7,6.3,3.0,2.1,14.0,1.0,0.8,0.5,126.1,572.0,625.6,380.4,3.0,401.7,14.0,1.0,0.8,0.5,-56.6,68.2,247.1,94.6,3.0,223.6,14.0,1.0,0.8,0.5,6.85,7.4,7.95,7.4,2.0,1.13,18.0,1.0,0.6,0.7,176.1,190.2,204.2,190.2,2.0,29.1,18.0,1.0,0.6,0.7,2.92,3.08,3.23,3.08,2.0,0.32,18.0,1.0,0.6,0.7,75.0,79.0,83.0,79.0,2.0,8.3,18.0,1.0,0.6,0.7,-30.0,-26.7,15.7,-7.6,3.0,37.4,14.0,1.0,0.8,0.5,-12.5,-6.2,16.1,1.6,3.0,22.0,14.0,1.0,0.8,0.5,1.8,77.5,84.0,43.7,3.0,66.9,14.0,1.0,0.8,0.5,-1.6,28.0,39.4,19.1,3.0,31.0,14.0,1.0,0.8,0.5,66.6,73.5,80.4,73.5,2.0,14.3,18.0,1.0,0.6,0.7,-6.6,10.9,28.4,10.9,2.0,36.3,18.0,1.0,0.6,0.7,6133.5,16974.5,16974.5,11680.5,3.0,9169.5,14.0,1.0,0.8,0.5,6135.0,16975.0,16975.0,11680.0,3.0,9170.0,14.0,1.0,0.8,0.5
1974,2,327.0,54.0,6.63,8.0,9.37,8.0,2.0,2.83,12.0,1.0,0.4,0.4,6.33,6.4,8.31,7.3,3.0,1.65,14.0,1.0,0.6,0.3,4.93,4.93,4.93,4.93,1.0,0.0,20.0,1.0,1.0,0.0,60.6,69.4,78.2,69.4,2.0,18.2,18.0,1.0,0.2,7.98,11.8,14.26,11.13,3.0,4.64,14.0,1.0,0.6,0.3,-5.71,3.99,11.62,2.98,3.0,12.72,14.0,1.0,0.6,0.3,-4.88,-2.67,2.39,-1.27,3.0,5.46,14.0,1.0,0.6,0.3,991.12,996.75,1002.38,996.75,2.0,11.67,14.0,1.0,0.6,0.2,6.0,8.0,8.0,7.0,3.0,1.7,14.0,1.0,0.6,0.3,-74.5,24.7,167.3,45.9,3.0,178.0,14.0,1.0,0.6,0.3,-60.6,-41.2,7.0,-27.1,3.0,51.0,14.0,1.0,0.6,0.3,,,,,,,,,,,,,,,,,,,,,,,,,,,,,,,,,,,,,,,,,-35.9,25.5,103.3,33.6,3.0,102.2,14.0,1.0,0.6,0.3,-33.2,-24.6,12.9,-10.5,3.0,35.9,14.0,1.0,0.6,0.3,19.6,19.6,19.6,19.6,1.0,0.0,20.0,1.0,1.0,0.0,23.4,23.4,23.4,23.4,1.0,0.0,20.0,1.0,1.0,0.0,,,,,,,,,,,,,,,,,,,,,,,,,,,,,,,,,,,,,,,,
1974,2,327.0,55.0,5.08,6.3,7.52,6.3,4.0,1.5,12.0,0.0,0.6,0.6,3.05,3.75,4.5,3.78,4.0,0.84,12.0,0.0,0.6,0.6,3.24,3.52,3.98,3.61,3.0,0.54,8.0,0.0,0.5,0.6,67.9,72.8,76.7,72.4,3.0,6.5,8.0,0.0,0.6,2.0,6.45,11.42,6.7,4.0,5.58,12.0,0.0,0.6,0.6,-0.34,4.25,10.23,4.91,4.0,6.45,12.0,0.0,0.6,0.6,-1.32,1.21,4.37,1.51,4.0,3.78,12.0,0.0,0.6,0.6,985.55,994.4,1004.66,995.08,4.0,11.7,12.0,0.0,0.6,0.6,4.3,7.0,7.0,5.7,3.0,2.3,8.0,0.0,0.5,0.6,-2.0,37.3,120.9,58.4,4.0,78.8,12.0,0.0,0.6,0.6,-4.3,14.5,46.1,20.6,4.0,31.7,12.0,0.0,0.6,0.6,1.34,1.95,3.76,2.53,4.0,1.73,12.0,0.0,0.6,0.6,2.8,14.1,45.0,23.5,4.0,29.1,12.0,0.0,0.6,0.6,1.69,1.86,3.05,2.36,3.0,1.09,8.0,0.0,0.5,0.6,2.9,5.8,33.6,18.0,3.0,24.9,8.0,0.0,0.5,0.6,-0.5,19.4,36.4,18.0,4.0,21.5,12.0,0.0,0.6,0.6,-4.0,3.7,18.4,7.0,4.0,15.9,12.0,0.0,0.6,0.6,-2.4,4.1,28.3,12.7,3.0,23.7,8.0,0.0,0.5,0.6,-6.2,0.7,5.0,-0.6,3.0,8.3,8.0,0.0,0.5,0.6,-1.5,1.6,31.8,14.9,3.0,27.0,8.0,0.0,0.5,0.6,-3.3,0.3,5.6,1.1,3.0,6.6,8.0,0.0,0.5,0.6,14.5,485.5,1573.0,779.5,4.0,1010.5,12.0,0.0,0.6,0.6,15.0,485.0,1575.0,780.0,4.0,1010.0,12.0,0.0,0.6,0.6
1974,2,327.0,56.0,,,,,,,,,,,,,,,,,,,,,,,,,,,,,,,,,,,,,,,,15.32,16.0,16.68,16.0,2.0,1.41,14.0,0.5,0.5,0.7,-9.13,-0.77,7.6,-0.77,2.0,17.33,14.0,0.5,0.5,0.7,-7.66,-0.64,6.38,-0.64,2.0,14.54,14.0,0.5,0.5,0.7,990.39,995.3,1000.21,995.3,2.0,10.18,14.0,0.5,0.5,0.7,,,,,,,,,,,,,,,,,,,,,,,,,,,,,,,,,,,,,,,,,,,,,,,,,,,,,,,,,,,,,,,,,,,,,,,,,,,,,,,,,,,,,,,,,,,,,,,,,,,,,,,,,,,,,,,,,,,,,,,,,,,,,,,,,,,,,,,,,,,,,,,,,,,,,,
1974,2,327.0,58.0,5.5,5.7,7.47,6.4,5.0,1.23,12.0,0.8,0.6,0.3,1.38,4.15,5.17,3.35,6.0,2.48,12.0,0.7,0.6,0.4,3.69,4.42,4.88,4.29,3.0,0.88,12.0,0.7,0.4,0.2,87.5,92.9,93.1,90.4,3.0,4.7,12.0,0.7,0.2,7.06,12.05,13.95,11.22,6.0,4.62,12.0,0.7,0.6,0.4,-6.05,-3.4,5.96,-1.29,6.0,8.93,12.0,0.7,0.6,0.4,-11.56,-4.42,4.17,-3.63,6.0,8.64,12.0,0.7,0.6,0.4,985.88,993.3,1008.16,995.8,6.0,11.05,12.0,0.7,0.6,0.4,3.8,7.0,8.0,6.2,6.0,2.2,12.0,0.7,0.6,0.4,-89.0,-21.6,74.9,-20.6,6.0,135.6,12.0,0.7,0.6,0.4,-155.8,-57.3,33.5,-64.1,6.0,109.3,12.0,0.7,0.6,0.4,0.21,1.3,5.36,2.78,5.0,3.86,12.0,0.8,0.6,0.3,0.2,10.0,79.2,36.9,5.0,52.0,12.0,0.8,0.6,0.3,0.79,1.28,2.87,1.82,3.0,1.59,12.0,0.7,0.4,0.2,4.9,9.8,34.9,19.7,3.0,23.6,12.0,0.7,0.4,0.2,-29.7,-15.9,-8.3,-18.9,6.0,20.2,12.0,0.7,0.6,0.4,-49.1,-12.7,20.0,-14.6,6.0,36.3,12.0,0.7,0.6,0.4,-16.4,-15.1,24.3,3.5,3.0,33.9,12.0,0.7,0.4,0.2,10.8,18.0,25.8,18.3,3.0,11.0,12.0,0.7,0.4,0.2,-3.9,-1.7,30.8,13.1,3.0,28.4,12.0,0.7,0.4,0.2,3.9,8.1,8.4,6.2,3.0,3.6,12.0,0.7,0.4,0.2,382.5,1752.0,2907.5,2006.0,6.0,2042.5,12.0,0.7,0.6,0.4,380.0,1750.0,2910.0,2005.0,6.0,2040.0,12.0,0.7,0.6,0.4
1974,2,327.0,59.0,,,,,,,,,,,,,,,,,,,,,,,,,,,,,,,,,,,,,,,,7.53,12.3,14.38,11.46,5.0,4.44,24.0,0.8,0.6,0.4,1.1,4.21,11.35,5.92,5.0,8.05,24.0,0.8,0.6,0.4,-1.87,2.74,11.56,4.14,5.0,7.33,24.0,0.8,0.6,0.4,988.45,993.3,999.83,994.78,5.0,9.09,24.0,0.8,0.6,0.4,,,,,,,,,,,,,,,,,,,,,,,,,,,,,,,,,,,,,,,,,,,,,,,,,,,,,,,,,,,,,,,,,,,,,,,,,,,,,,,,,,,,,,,,,,,,,,,,,,,,,,,,,,,,,,,,,,,,,,,,,,,,,,,,,,,,,,,,,,,,,,,,,,,,,,
1974,2,327.0,61.0,4.6,4.8,5.03,4.86,19.0,0.28,8.0,0.6,0.4,0.7,2.9,3.8,4.0,3.51,19.0,0.51,8.0,0.6,0.4,0.7,4.12,4.43,4.75,4.35,18.0,0.32,8.0,0.6,0.3,0.7,80.8,88.0,96.2,88.1,18.0,7.6,8.0,0.6,0.7,9.21,11.8,17.07,12.78,19.0,3.49,8.0,0.6,0.4,0.7,-13.08,-10.26,-7.85,-10.0,19.0,3.52,8.0,0.6,0.4,0.7,-5.76,-1.34,10.97,2.41,19.0,7.8,8.0,0.6,0.4,0.7,994.83,998.6,999.89,998.03,19.0,2.98,8.0,0.6,0.4,0.7,6.0,8.0,8.0,7.1,19.0,1.4,8.0,0.6,0.4,0.7,-223.3,-120.0,-79.0,-136.9,19.0,73.5,8.0,0.6,0.4,0.7,-64.5,-10.3,187.4,49.7,19.0,114.0,8.0,0.6,0.4,0.7,0.8,1.0,2.13,1.35,19.0,0.71,8.0,0.6,0.4,0.7,7.8,10.3,35.4,18.6,19.0,13.4,8.0,0.6,0.4,0.7,0.79,1.05,1.28,1.07,18.0,0.32,8.0,0.6,0.3,0.7,9.1,13.2,19.6,14.0,18.0,5.7,8.0,0.6,0.3,0.7,-41.0,-36.2,-29.8,-35.0,19.0,11.0,8.0,0.6,0.4,0.7,-22.0,-5.1,32.9,5.5,19.0,26.2,8.0,0.6,0.4,0.7,-57.7,-44.3,-36.2,-46.4,18.0,11.1,8.0,0.6,0.3,0.7,-25.5,-6.6,48.4,9.4,18.0,34.7,8.0,0.6,0.3,0.7,-15.0,-11.3,-7.3,-11.4,18.0,4.2,8.0,0.6,0.3,0.7,-6.5,-1.8,12.6,2.3,18.0,8.8,8.0,0.6,0.3,0.7,783.5,1643.0,4977.0,2540.0,19.0,1896.0,8.0,0.6,0.4,0.7,785.0,1645.0,4975.0,2540.0,19.0,1895.0,8.0,0.6,0.4,0.7
1974,2,327.0,62.0,4.6,4.9,5.1,4.87,104.0,0.28,6.0,0.4,0.3,0.1,-0.23,2.0,3.8,1.76,113.0,2.01,6.0,0.4,0.3,0.1,2.64,3.34,4.13,3.41,108.0,0.74,6.0,0.4,0.3,0.1,67.7,76.4,89.1,77.7,108.0,10.7,6.0,0.4,0.1,6.59,13.4,18.0,12.75,113.0,5.01,6.0,0.4,0.3,0.1,-11.62,-8.61,-4.75,-8.18,113.0,3.55,6.0,0.4,0.3,0.1,-14.33,-9.9,-3.8,-8.96,113.0,5.29,6.0,0.4,0.3,0.1,993.19,999.3,1004.1,999.77,113.0,6.25,6.0,0.4,0.3,0.1,4.0,7.0,8.0,6.0,113.0,1.9,6.0,0.4,0.3,0.1,-193.6,-115.4,-33.3,-118.7,113.0,79.8,6.0,0.4,0.3,0.1,-248.2,-133.3,-24.2,-137.8,113.0,101.5,6.0,0.4,0.3,0.1,1.07,2.6,5.43,3.12,104.0,2.04,6.0,0.4,0.3,0.1,8.0,26.9,91.4,44.4,104.0,39.8,6.0,0.4,0.3,0.1,1.25,2.06,2.8,2.0,103.0,0.75,6.0,0.4,0.3,0.1,10.4,20.2,47.8,26.3,103.0,16.8,6.0,0.4,0.3,0.1,-29.5,-12.1,3.8,-12.3,113.0,17.7,6.0,0.4,0.3,0.1,-30.4,-8.9,12.4,-9.9,113.0,20.1,6.0,0.4,0.3,0.1,-39.2,-25.7,-15.5,-27.4,108.0,13.1,6.0,0.4,0.3,0.1,-44.4,-32.7,-12.1,-29.4,108.0,17.4,6.0,0.4,0.3,0.1,-26.4,-13.0,-7.7,-16.6,103.0,10.7,6.0,0.4,0.3,0.1,-38.0,-14.9,-4.7,-18.7,103.0,15.3,6.0,0.4,0.3,0.1,286.5,2406.0,5832.0,2977.5,113.0,2498.5,6.0,0.4,0.3,0.1,285.0,2405.0,5830.0,2980.0,113.0,2500.0,6.0,0.4,0.3,0.1
1974,2,328.0,-68.0,0.5,0.5,0.5,0.5,1.0,0.0,24.0,1.0,0.2,0.5,-0.5,-0.5,-0.5,-0.5,1.0,0.0,24.0,1.0,0.2,0.5,3.57,3.57,3.57,3.57,1.0,0.0,24.0,1.0,0.2,0.5,95.7,95.7,95.7,95.7,1.0,0.0,24.0,1.0,0.5,,,,,,,,,,,,,,,,,,,,,,,,,,,,,,,,,,,,,,,,,,,,,,,,,,,,,,,,,,,,,,,,,,,,,,,,,,,,,,,,,,,,,,,,,,,,,,,,,,,,,,,,,,,,,,,,,,,,,,,,,,,,,,,,,,,,,,,,,,,,,,,,,,,,,,,,,,,,,,,,,,,,,,,,,,,,,,,,,,,,,,,,,,,,,,
1974,2,328.0,-38.0,20.5,20.5,20.5,20.5,1.0,0.0,14.0,0.0,0.1,0.1,21.5,21.5,21.5,21.5,1.0,0.0,14.0,0.0,0.1,0.1,14.23,14.23,14.23,14.23,1.0,0.0,14.0,0.0,0.1,0.1,88.9,88.9,88.9,88.9,1.0,0.0,14.0,0.0,0.1,10.0,10.0,10.0,10.0,1.0,0.0,14.0,0.0,0.1,0.1,7.66,7.66,7.66,7.66,1.0,0.0,14.0,0.0,0.1,0.1,-6.43,-6.43,-6.43,-6.43,1.0,0.0,14.0,0.0,0.1,0.1,1009.9,1009.9,1009.9,1009.9,1.0,0.0,14.0,0.0,0.1,0.1,,,,,,,,,,,,,,,,,,,,,,,,,,,,,,,-1.0,-1.0,-1.0,-1.0,1.0,0.0,14.0,0.0,0.1,0.1,-10.0,-10.0,-10.0,-10.0,1.0,0.0,14.0,0.0,0.1,0.1,0.82,0.82,0.82,0.82,1.0,0.0,14.0,0.0,0.1,0.1,8.2,8.2,8.2,8.2,1.0,0.0,14.0,0.0,0.1,0.1,164.7,164.7,164.7,164.7,1.0,0.0,14.0,0.0,0.1,0.1,-138.2,-138.2,-138.2,-138.2,1.0,0.0,14.0,0.0,0.1,0.1,109.0,109.0,109.0,109.0,1.0,0.0,14.0,0.0,0.1,0.1,-91.5,-91.5,-91.5,-91.5,1.0,0.0,14.0,0.0,0.1,0.1,6.3,6.3,6.3,6.3,1.0,0.0,14.0,0.0,0.1,0.1,-5.3,-5.3,-5.3,-5.3,1.0,0.0,14.0,0.0,0.1,0.1,1000.0,1000.0,1000.0,1000.0,1.0,0.0,14.0,0.0,0.1,0.1,1000.0,1000.0,1000.0,1000.0,1.0,0.0,14.0,0.0,0.1,0.1
1974,2,328.0,-37.0,22.0,22.0,22.0,22.0,1.0,0.0,14.0,1.0,0.7,0.9,24.0,24.0,24.0,24.0,1.0,0.0,14.0,1.0,0.7,0.9,17.15,17.15,17.15,17.15,1.0,0.0,14.0,1.0,0.7,0.9,92.4,92.4,92.4,92.4,1.0,0.0,14.0,1.0,0.9,15.0,15.0,15.0,15.0,1.0,0.0,14.0,1.0,0.7,0.9,2.6,2.6,2.6,2.6,1.0,0.0,14.0,1.0,0.7,0.9,-14.77,-14.77,-14.77,-14.77,1.0,0.0,14.0,1.0,0.7,0.9,1015.2,1015.2,1015.2,1015.2,1.0,0.0,14.0,1.0,0.7,0.9,6.0,6.0,6.0,6.0,1.0,0.0,14.0,1.0,0.7,0.9,39.1,39.1,39.1,39.1,1.0,0.0,14.0,1.0,0.7,0.9,-221.6,-221.6,-221.6,-221.6,1.0,0.0,14.0,1.0,0.7,0.9,-2.0,-2.0,-2.0,-2.0,1.0,0.0,14.0,1.0,0.7,0.9,-30.0,-30.0,-30.0,-30.0,1.0,0.0,14.0,1.0,0.7,0.9,-0.72,-0.72,-0.72,-0.72,1.0,0.0,14.0,1.0,0.7,0.9,-10.8,-10.8,-10.8,-10.8,1.0,0.0,14.0,1.0,0.7,0.9,62.5,62.5,62.5,62.5,1.0,0.0,14.0,1.0,0.7,0.9,-354.5,-354.5,-354.5,-354.5,1.0,0.0,14.0,1.0,0.7,0.9,44.7,44.7,44.7,44.7,1.0,0.0,14.0,1.0,0.7,0.9,-253.4,-253.4,-253.4,-253.4,1.0,0.0,14.0,1.0,0.7,0.9,-1.9,-1.9,-1.9,-1.9,1.0,0.0,14.0,1.0,0.7,0.9,10.7,10.7,10.7,10.7,1.0,0.0,14.0,1.0,0.7,0.9,3375.0,3375.0,3375.0,3375.0,1.0,0.0,14.0,1.0,0.7,0.9,3375.0,3375.0,3375.0,3375.0,1.0,0.0,14.0,1.0,0.7,0.9
1974,2,328.0,-35.0,23.05,23.15,23.25,23.15,2.0,0.21,10.0,0.5,0.4,0.7,22.91,23.15,23.39,23.15,2.0,0.49,10.0,0.5,0.4,0.7,14.52,15.38,16.23,15.38,2.0,1.77,10.0,0.5,0.4,0.7,83.7,87.0,90.3,87.0,2.0,6.9,10.0,0.5,0.7,5.09,6.15,7.21,6.15,2.0,2.19,10.0,0.5,0.4,0.7,4.6,4.74,4.88,4.74,2.0,0.3,10.0,0.5,0.4,0.7,-4.84,-2.55,-0.26,-2.55,2.0,4.74,10.0,0.5,0.4,0.7,1010.44,1013.1,1015.76,1013.1,2.0,5.52,10.0,0.5,0.4,0.7,7.2,7.5,7.8,7.5,2.0,0.7,10.0,0.5,0.4,0.7,23.6,29.5,35.4,29.5,2.0,12.2,10.0,0.5,0.4,0.7,-37.6,-20.9,-4.1,-20.9,2.0,34.7,10.0,0.5,0.4,0.7,-0.14,0.0,0.14,0.0,2.0,0.28,10.0,0.5,0.4,0.7,-1.1,-0.3,0.5,-0.3,2.0,1.7,10.0,0.5,0.4,0.7,1.6,2.29,2.99,2.29,2.0,1.44,10.0,0.5,0.4,0.7,10.7,12.5,14.4,12.5,2.0,3.9,10.0,0.5,0.4,0.7,105.4,109.8,114.2,109.8,2.0,9.2,10.0,0.5,0.4,0.7,-113.7,-60.2,-6.7,-60.2,2.0,110.9,10.0,0.5,0.4,0.7,66.9,73.2,79.4,73.2,2.0,13.0,10.0,0.5,0.4,0.7,-80.7,-43.4,-6.1,-43.4,2.0,77.3,10.0,0.5,0.4,0.7,7.7,10.7,13.6,10.7,2.0,6.2,10.0,0.5,0.4,0.7,-5.9,-2.4,1.0,-2.4,2.0,7.2,10.0,0.5,0.4,0.7,154.5,277.0,399.5,277.0,2.0,254.0,10.0,0.5,0.4,0.7,155.0,275.0,400.0,275.0,2.0,255.0,10.0,0.5,0.4,0.7
1974,2,328.0,-32.0,25.5,25.5,25.5,25.5,1.0,0.0,16.0,1.0,0.5,0.4,25.0,25.0,25.0,25.0,1.0,0.0,16.0,1.0,0.5,0.4,16.24,16.24,16.24,16.24,1.0,0.0,16.0,1.0,0.5,0.4,82.4,82.4,82.4,82.4,1.0,0.0,16.0,1.0,0.4,4.1,4.1,4.1,4.1,1.0,0.0,16.0,1.0,0.5,0.4,3.14,3.14,3.14,3.14,1.0,0.0,16.0,1.0,0.5,0.4,2.64,2.64,2.64,2.64,1.0,0.0,16.0,1.0,0.5,0.4,1014.8,1014.8,1014.8,1014.8,1.0,0.0,16.0,1.0,0.5,0.4,5.0,5.0,5.0,5.0,1.0,0.0,16.0,1.0,0.5,0.4,12.9,12.9,12.9,12.9,1.0,0.0,16.0,1.0,0.5,0.4,10.8,10.8,10.8,10.8,1.0,0.0,16.0,1.0,0.5,0.4,0.5,0.5,0.5,0.5,1.0,0.0,16.0,1.0,0.5,0.4,2.1,2.1,2.1,2.1,1.0,0.0,16.0,1.0,0.5,0.4,4.11,4.11,4.11,4.11,1.0,0.0,16.0,1.0,0.5,0.4,16.8,16.8,16.8,16.8,1.0,0.0,16.0,1.0,0.5,0.4,78.5,78.5,78.5,78.5,1.0,0.0,16.0,1.0,0.5,0.4,65.9,65.9,65.9,65.9,1.0,0.0,16.0,1.0,0.5,0.4,51.0,51.0,51.0,51.0,1.0,0.0,16.0,1.0,0.5,0.4,42.8,42.8,42.8,42.8,1.0,0.0,16.0,1.0,0.5,0.4,12.9,12.9,12.9,12.9,1.0,0.0,16.0,1.0,0.5,0.4,10.8,10.8,10.8,10.8,1.0,0.0,16.0,1.0,0.5,0.4,69.0,69.0,69.0,69.0,1.0,0.0,16.0,1.0,0.5,0.4,70.0,70.0,70.0,70.0,1.0,0.0,16.0,1.0,0.5,0.4
1974,2,328.0,-31.0,24.26,24.4,24.54,24.4,2.0,0.28,14.0,0.5,0.3,0.6,21.97,23.2,24.43,23.2,2.0,2.55,14.0,0.5,0.3,0.6,11.86,13.53,15.2,13.53,2.0,3.46,14.0,0.5,0.3,0.6,72.2,75.9,79.7,75.9,2.0,7.8,14.0,0.5,0.6,3.83,5.4,6.97,5.4,2.0,3.25,14.0,0.5,0.3,0.6,-5.45,-4.48,-3.5,-4.48,2.0,2.01,14.0,0.5,0.3,0.6,-4.08,-2.21,-0.33,-2.21,2.0,3.88,14.0,0.5,0.3,0.6,1017.9,1018.1,1018.3,1018.1,2.0,0.42,14.0,0.5,0.3,0.6,3.5,4.5,5.5,4.5,2.0,2.1,14.0,0.5,0.3,0.6,-39.7,-27.4,-15.2,-27.4,2.0,25.4,14.0,0.5,0.3,0.6,-31.8,-18.2,-4.6,-18.2,2.0,28.1,14.0,0.5,0.3,0.6,0.11,1.2,2.29,1.2,2.0,2.26,14.0,0.5,0.3,0.6,-1.2,2.8,6.8,2.8,2.0,8.3,14.0,0.5,0.3,0.6,3.93,5.44,6.96,5.44,2.0,3.14,14.0,0.5,0.3,0.6,23.9,24.3,24.6,24.3,2.0,0.7,14.0,0.5,0.3,0.6,-134.4,-106.4,-78.4,-106.4,2.0,58.1,14.0,0.5,0.3,0.6,-102.3,-56.1,-9.9,-56.1,2.0,95.6,14.0,0.5,0.3,0.6,-84.7,-64.1,-43.4,-64.1,2.0,42.7,14.0,0.5,0.3,0.6,-65.6,-36.6,-7.5,-36.6,2.0,60.1,14.0,0.5,0.3,0.6,-22.7,-21.2,-19.7,-21.2,2.0,3.1,14.0,0.5,0.3,0.6,-12.8,-5.9,0.9,-5.9,2.0,14.2,14.0,0.5,0.3,0.6,97.5,243.0,389.0,243.0,2.0,302.0,14.0,0.5,0.3,0.6,100.0,245.0,390.0,245.0,2.0,300.0,14.0,0.5,0.3,0.6
1974,2,328.0,-30.0,25.16,25.5,25.84,25.5,2.0,0.71,10.0,0.5,0.7,0.7,24.99,25.4,25.81,25.4,2.0,0.85,10.0,0.5,0.7,0.7,14.65,14.65,14.65,14.65,1.0,0.0,4.0,1.0,0.4,0.4,75.6,75.6,75.6,75.6,1.0,0.0,4.0,1.0,0.4,4.14,5.3,6.46,5.3,2.0,2.4,10.0,0.5,0.7,0.7,-1.39,0.59,2.58,0.59,2.0,4.11,10.0,0.5,0.7,0.7,-4.66,-1.65,1.36,-1.65,2.0,6.24,10.0,0.5,0.7,0.7,1017.5,1017.7,1017.9,1017.7,2.0,0.42,10.0,0.5,0.7,0.7,1.6,3.0,4.4,3.0,2.0,2.8,10.0,0.5,0.7,0.7,-3.1,8.1,19.3,8.1,2.0,23.2,10.0,0.5,0.7,0.7,-34.1,-16.3,1.6,-16.3,2.0,37.0,10.0,0.5,0.7,0.7,-0.65,0.1,0.85,0.1,2.0,1.56,10.0,0.5,0.7,0.7,-5.2,-1.3,2.5,-1.3,2.0,8.0,10.0,0.5,0.7,0.7,6.25,6.25,6.25,6.25,1.0,0.0,4.0,1.0,0.4,0.4,22.5,22.5,22.5,22.5,1.0,0.0,4.0,1.0,0.4,0.4,-33.8,16.8,67.5,16.8,2.0,104.9,10.0,0.5,0.7,0.7,-121.7,-44.6,32.5,-44.6,2.0,159.8,10.0,0.5,0.7,0.7,-33.9,-33.9,-33.9,-33.9,1.0,0.0,4.0,1.0,0.4,0.4,40.4,40.4,40.4,40.4,1.0,0.0,4.0,1.0,0.4,0.4,-14.5,-14.5,-14.5,-14.5,1.0,0.0,4.0,1.0,0.4,0.4,17.2,17.2,17.2,17.2,1.0,0.0,4.0,1.0,0.4,0.4,93.5,195.0,296.0,195.0,2.0,209.5,10.0,0.5,0.7,0.7,95.0,195.0,295.0,195.0,2.0,210.0,10.0,0.5,0.7,0.7
1974,2,328.0,-27.0,25.41,26.3,26.3,25.87,3.0,0.75,12.0,0.3,0.4,0.4,24.9,25.1,26.06,25.47,3.0,0.91,12.0,0.3,0.4,0.4,15.19,16.75,16.89,16.06,3.0,1.38,12.0,0.3,0.4,0.4,74.7,77.7,84.5,79.6,3.0,7.3,12.0,0.3,0.4,4.08,5.1,5.1,4.6,3.0,0.87,12.0,0.3,0.4,0.4,-5.0,-4.79,-1.95,-3.51,3.0,2.5,12.0,0.3,0.4,0.4,-2.97,-1.74,-0.55,-1.76,3.0,1.77,12.0,0.3,0.4,0.4,1015.67,1018.2,1019.91,1017.8,3.0,3.12,12.0,0.3,0.4,0.4,2.9,7.0,7.0,5.0,3.0,3.5,12.0,0.3,0.4,0.4,-25.5,-24.4,-9.3,-17.6,3.0,13.3,12.0,0.3,0.4,0.4,-11.5,-8.9,-2.8,-7.2,3.0,6.5,12.0,0.3,0.4,0.4,-0.64,1.2,1.4,0.4,3.0,1.65,12.0,0.3,0.4,0.4,-1.7,6.1,7.2,2.8,3.0,7.1,12.0,0.3,0.4,0.4,3.4,4.27,6.0,4.69,3.0,1.94,12.0,0.3,0.4,0.4,14.3,21.8,30.6,22.4,3.0,12.0,12.0,0.3,0.4,0.4,-125.1,-118.9,-49.0,-87.8,3.0,61.9,12.0,0.3,0.4,0.4,-77.9,-43.3,-13.7,-45.7,3.0,47.0,12.0,0.3,0.4,0.4,-78.9,-73.8,-30.6,-55.2,3.0,38.9,12.0,0.3,0.4,0.4,-49.9,-29.6,-9.4,-29.7,3.0,29.7,12.0,0.3,0.4,0.4,-30.2,-20.4,-7.8,-19.0,3.0,16.5,12.0,0.3,0.4,0.4,-9.6,-7.4,-2.4,-6.0,3.0,5.5,12.0,0.3,0.4,0.4,74.0,132.5,132.5,104.0,3.0,49.5,12.0,0.3,0.4,0.4,75.0,135.0,135.0,105.0,3.0,50.0,12.0,0.3,0.4,0.4
1974,2,328.0,-25.0,26.6,26.6,26.6,26.6,1.0,0.0,22.0,0.0,1.0,0.4,26.2,26.2,26.2,26.2,1.0,0.0,22.0,0.0,1.0,0.4,18.21,18.21,18.21,18.21,1.0,0.0,22.0,0.0,1.0,0.4,86.1,86.1,86.1,86.1,1.0,0.0,22.0,0.0,0.4,0.0,0.0,0.0,0.0,1.0,0.0,22.0,0.0,1.0,0.4,0.0,0.0,0.0,0.0,1.0,0.0,22.0,0.0,1.0,0.4,0.0,0.0,0.0,0.0,1.0,0.0,22.0,0.0,1.0,0.4,1016.7,1016.7,1016.7,1016.7,1.0,0.0,22.0,0.0,1.0,0.4,1.0,1.0,1.0,1.0,1.0,0.0,22.0,0.0,1.0,0.4,0.0,0.0,0.0,0.0,1.0,0.0,22.0,0.0,1.0,0.4,0.0,0.0,0.0,0.0,1.0,0.0,22.0,0.0,1.0,0.4,0.4,0.4,0.4,0.4,1.0,0.0,22.0,0.0,1.0,0.4,0.0,0.0,0.0,0.0,1.0,0.0,22.0,0.0,1.0,0.4,3.48,3.48,3.48,3.48,1.0,0.0,22.0,0.0,1.0,0.4,0.0,0.0,0.0,0.0,1.0,0.0,22.0,0.0,1.0,0.4,0.0,0.0,0.0,0.0,1.0,0.0,22.0,0.0,1.0,0.4,0.0,0.0,0.0,0.0,1.0,0.0,22.0,0.0,1.0,0.4,0.0,0.0,0.0,0.0,1.0,0.0,22.0,0.0,1.0,0.4,0.0,0.0,0.0,0.0,1.0,0.0,22.0,0.0,1.0,0.4,0.0,0.0,0.0,0.0,1.0,0.0,22.0,0.0,1.0,0.4,0.0,0.0,0.0,0.0,1.0,0.0,22.0,0.0,1.0,0.4,0.0,0.0,0.0,0.0,1.0,0.0,22.0,0.0,1.0,0.4,0.0,0.0,0.0,0.0,1.0,0.0,22.0,0.0,1.0,0.4
1974,2,328.0,-23.0,26.0,26.0,26.0,26.0,1.0,0.0,8.0,0.0,0.2,0.5,25.1,25.1,25.1,25.1,1.0,0.0,8.0,0.0,0.2,0.5,16.69,16.69,16.69,16.69,1.0,0.0,8.0,0.0,0.2,0.5,84.0,84.0,84.0,84.0,1.0,0.0,8.0,0.0,0.5,10.3,10.3,10.3,10.3,1.0,0.0,8.0,0.0,0.2,0.5,-10.14,-10.14,-10.14,-10.14,1.0,0.0,8.0,0.0,0.2,0.5,1.79,1.79,1.79,1.79,1.0,0.0,8.0,0.0,0.2,0.5,1012.1,1012.1,1012.1,1012.1,1.0,0.0,8.0,0.0,0.2,0.5,8.0,8.0,8.0,8.0,1.0,0.0,8.0,0.0,0.2,0.5,-104.5,-104.5,-104.5,-104.5,1.0,0.0,8.0,0.0,0.2,0.5,18.4,18.4,18.4,18.4,1.0,0.0,8.0,0.0,0.2,0.5,0.9,0.9,0.9,0.9,1.0,0.0,8.0,0.0,0.2,0.5,9.3,9.3,9.3,9.3,1.0,0.0,8.0,0.0,0.2,0.5,4.34,4.34,4.34,4.34,1.0,0.0,8.0,0.0,0.2,0.5,44.7,44.7,44.7,44.7,1.0,0.0,8.0,0.0,0.2,0.5,-254.6,-254.6,-254.6,-254.6,1.0,0.0,8.0,0.0,0.2,0.5,44.9,44.9,44.9,44.9,1.0,0.0,8.0,0.0,0.2,0.5,-169.3,-169.3,-169.3,-169.3,1.0,0.0,8.0,0.0,0.2,0.5,29.8,29.8,29.8,29.8,1.0,0.0,8.0,0.0,0.2,0.5,-44.0,-44.0,-44.0,-44.0,1.0,0.0,8.0,0.0,0.2,0.5,7.8,7.8,7.8,7.8,1.0,0.0,8.0,0.0,0.2,0.5,1092.5,1092.5,1092.5,1092.5,1.0,0.0,8.0,0.0,0.2,0.5,1095.0,1095.0,1095.0,1095.0,1.0,0.0,8.0,0.0,0.2,0.5
1974,2,328.0,-18.0,28.0,28.0,28.0,28.0,1.0,0.0,2.0,1.0,0.4,1.0,27.0,27.0,27.0,27.0,1.0,0.0,2.0,1.0,0.4,1.0,20.52,20.52,20.52,20.52,1.0,0.0,2.0,1.0,0.4,1.0,92.1,92.1,92.1,92.1,1.0,0.0,2.0,1.0,1.0,7.7,7.7,7.7,7.7,1.0,0.0,2.0,1.0,0.4,1.0,-7.7,-7.7,-7.7,-7.7,1.0,0.0,2.0,1.0,0.4,1.0,0.0,0.0,0.0,0.0,1.0,0.0,2.0,1.0,0.4,1.0,1012.0,1012.0,1012.0,1012.0,1.0,0.0,2.0,1.0,0.4,1.0,7.0,7.0,7.0,7.0,1.0,0.0,2.0,1.0,0.4,1.0,-59.3,-59.3,-59.3,-59.3,1.0,0.0,2.0,1.0,0.4,1.0,0.0,0.0,0.0,0.0,1.0,0.0,2.0,1.0,0.4,1.0,1.0,1.0,1.0,1.0,1.0,0.0,2.0,1.0,0.4,1.0,7.7,7.7,7.7,7.7,1.0,0.0,2.0,1.0,0.4,1.0,3.16,3.16,3.16,3.16,1.0,0.0,2.0,1.0,0.4,1.0,24.3,24.3,24.3,24.3,1.0,0.0,2.0,1.0,0.4,1.0,-207.9,-207.9,-207.9,-207.9,1.0,0.0,2.0,1.0,0.4,1.0,0.0,0.0,0.0,0.0,1.0,0.0,2.0,1.0,0.4,1.0,-158.0,-158.0,-158.0,-158.0,1.0,0.0,2.0,1.0,0.4,1.0,0.0,0.0,0.0,0.0,1.0,0.0,2.0,1.0,0.4,1.0,-24.3,-24.3,-24.3,-24.3,1.0,0.0,2.0,1.0,0.4,1.0,0.0,0.0,0.0,0.0,1.0,0.0,2.0,1.0,0.4,1.0,456.5,456.5,456.5,456.5,1.0,0.0,2.0,1.0,0.4,1.0,455.0,455.0,455.0,455.0,1.0,0.0,2.0,1.0,0.4,1.0
1974,2,328.0,-17.0,,,,,,,,,,,,,,,,,,,,,,,,,,,,,,,,,,,,,,,,8.0,8.0,8.0,8.0,1.0,0.0,4.0,0.0,0.3,1.0,-6.93,-6.93,-6.93,-6.93,1.0,0.0,4.0,0.0,0.3,1.0,4.0,4.0,4.0,4.0,1.0,0.0,4.0,0.0,0.3,1.0,1011.5,1011.7,1011.9,1011.7,2.0,0.42,2.0,0.5,0.6,1.0,,,,,,,,,,,,,,,,,,,,,,,,,,,,,,,,,,,,,,,,,,,,,,,,,,,,,,,,,,,,,,,,,,,,,,,,,,,,,,,,,,,,,,,,,,,,,,,,,,,,,,,,,,,,,,,,,,,,,,,,,,,,,,,,,,,,,,,,,,,,,,,,,,,,,,
1974,2,328.0,-15.0,,,,,,,,,,,,,,,,,,,,,,,,,,,,,,,,,,,,,,,,5.0,5.0,5.0,5.0,1.0,0.0,4.0,0.0,0.5,0.1,-5.0,-5.0,-5.0,-5.0,1.0,0.0,4.0,0.0,0.5,0.1,0.0,0.0,0.0,0.0,1.0,0.0,4.0,0.0,0.5,0.1,1012.3,1012.3,1012.3,1012.3,1.0,0.0,4.0,0.0,0.5,0.1,,,,,,,,,,,,,,,,,,,,,,,,,,,,,,,,,,,,,,,,,,,,,,,,,,,,,,,,,,,,,,,,,,,,,,,,,,,,,,,,,,,,,,,,,,,,,,,,,,,,,,,,,,,,,,,,,,,,,,,,,,,,,,,,,,,,,,,,,,,,,,,,,,,,,,
1974,2,328.0,-14.0,,,,,,,,,,,,,,,,,,,,,,,,,,,,,,,,,,,,,,,,5.0,5.0,5.0,5.0,1.0,0.0,4.0,1.0,0.9,0.5,-4.7,-4.7,-4.7,-4.7,1.0,0.0,4.0,1.0,0.9,0.5,1.71,1.71,1.71,1.71,1.0,0.0,4.0,1.0,0.9,0.5,1009.8,1009.8,1009.8,1009.8,1.0,0.0,4.0,1.0,0.9,0.5,,,,,,,,,,,,,,,,,,,,,,,,,,,,,,,,,,,,,,,,,,,,,,,,,,,,,,,,,,,,,,,,,,,,,,,,,,,,,,,,,,,,,,,,,,,,,,,,,,,,,,,,,,,,,,,,,,,,,,,,,,,,,,,,,,,,,,,,,,,,,,,,,,,,,,
1974,2,328.0,-13.0,,,,,,,,,,,,,,,,,,,,,,,,,,,,,,,,,,,,,,,,8.0,8.0,8.0,8.0,1.0,0.0,4.0,0.0,0.9,0.7,-8.0,-8.0,-8.0,-8.0,1.0,0.0,4.0,0.0,0.9,0.7,0.0,0.0,0.0,0.0,1.0,0.0,4.0,0.0,0.9,0.7,1008.5,1008.5,1008.5,1008.5,1.0,0.0,4.0,0.0,0.9,0.7,,,,,,,,,,,,,,,,,,,,,,,,,,,,,,,,,,,,,,,,,,,,,,,,,,,,,,,,,,,,,,,,,,,,,,,,,,,,,,,,,,,,,,,,,,,,,,,,,,,,,,,,,,,,,,,,,,,,,,,,,,,,,,,,,,,,,,,,,,,,,,,,,,,,,,
1974,2,328.0,-12.0,28.11,28.35,28.59,28.35,2.0,0.49,14.0,0.5,0.6,0.8,26.36,26.5,26.64,26.5,2.0,0.28,14.0,0.5,0.6,0.8,18.0,18.0,18.0,18.0,1.0,0.0,10.0,1.0,0.9,1.0,82.1,82.1,82.1,82.1,1.0,0.0,10.0,1.0,1.0,6.52,7.65,8.78,7.65,2.0,2.33,14.0,0.5,0.6,0.8,-8.65,-7.25,-5.85,-7.25,2.0,2.9,14.0,0.5,0.6,0.8,0.48,1.5,2.52,1.5,2.0,2.12,14.0,0.5,0.6,0.8,1010.2,1011.05,1011.9,1011.05,2.0,1.77,14.0,0.5,0.6,0.8,2.3,3.0,3.7,3.0,2.0,1.4,14.0,0.5,0.6,0.8,-77.7,-58.8,-40.0,-58.8,2.0,39.1,14.0,0.5,0.6,0.8,2.9,9.0,15.1,9.0,2.0,12.7,14.0,0.5,0.6,0.8,1.75,1.85,1.95,1.85,2.0,0.21,14.0,0.5,0.6,0.8,11.5,14.4,17.3,14.4,2.0,5.9,14.0,0.5,0.6,0.8,6.74,6.74,6.74,6.74,1.0,0.0,10.0,1.0,0.9,1.0,62.7,62.7,62.7,62.7,1.0,0.0,10.0,1.0,0.9,1.0,-230.6,-192.5,-154.4,-192.5,2.0,78.9,14.0,0.5,0.6,0.8,12.5,39.5,66.4,39.5,2.0,55.8,14.0,0.5,0.6,0.8,-167.4,-167.4,-167.4,-167.4,1.0,0.0,10.0,1.0,0.9,1.0,0.0,0.0,0.0,0.0,1.0,0.0,10.0,1.0,0.9,1.0,-62.7,-62.7,-62.7,-62.7,1.0,0.0,10.0,1.0,0.9,1.0,0.0,0.0,0.0,0.0,1.0,0.0,10.0,1.0,0.9,1.0,309.5,510.0,711.0,510.0,2.0,416.0,14.0,0.5,0.6,0.8,310.0,510.0,710.0,510.0,2.0,415.0,14.0,0.5,0.6,0.8
1974,2,328.0,-11.0,,,,,,,,,,,,,,,,,,,,,,,,,,,,,,,,,,,,,,,,2.32,3.0,3.68,3.0,2.0,1.41,20.0,0.5,0.9,0.8,-2.63,-1.71,-0.78,-1.71,2.0,1.92,20.0,0.5,0.9,0.8,2.07,2.27,2.48,2.27,2.0,0.43,20.0,0.5,0.9,0.8,1010.51,1011.4,1012.29,1011.4,2.0,1.84,20.0,0.5,0.9,0.8,,,,,,,,,,,,,,,,,,,,,,,,,,,,,,,,,,,,,,,,,,,,,,,,,,,,,,,,,,,,,,,,,,,,,,,,,,,,,,,,,,,,,,,,,,,,,,,,,,,,,,,,,,,,,,,,,,,,,,,,,,,,,,,,,,,,,,,,,,,,,,,,,,,,,,
1974,2,328.0,-10.0,,,,,,,,,,,,,,,,,,,,,,,,,,,,,,,,,,,,,,,,3.46,5.3,7.14,5.3,2.0,3.82,20.0,1.0,0.6,0.2,-6.59,-4.59,-2.6,-4.59,2.0,4.13,20.0,1.0,0.6,0.2,-1.99,-0.37,1.24,-0.37,2.0,3.34,20.0,1.0,0.6,0.2,1012.6,1012.6,1012.6,1012.6,1.0,0.0,28.0,1.0,0.5,0.1,4.3,5.0,5.7,5.0,2.0,1.4,20.0,1.0,0.6,0.2,-51.3,-32.2,-13.2,-32.2,2.0,39.5,20.0,1.0,0.6,0.2,-17.6,-8.4,0.9,-8.4,2.0,19.1,20.0,1.0,0.6,0.2,,,,,,,,,,,,,,,,,,,,,,,,,,,,,,,,,,,,,,,,,,,,,,,,,,,,,,,,,,,,,,,,,,,,,,,,,,,,,,,,,,,,,,,,,,,,,,,,,,,,,,,,,,,,,,,,,,,,,,,,
1974,2,328.0,-8.0,28.3,28.4,28.71,28.5,4.0,0.28,14.0,0.8,0.4,0.7,27.2,27.65,28.42,27.8,4.0,0.77,14.0,0.8,0.4,0.7,18.64,19.66,19.85,19.26,3.0,0.96,18.0,0.7,0.5,0.6,76.9,84.3,86.0,81.5,3.0,7.0,18.0,0.7,0.6,2.48,5.15,8.19,5.33,4.0,3.78,14.0,0.8,0.4,0.7,-7.42,-4.39,-1.92,-4.66,4.0,4.04,14.0,0.8,0.4,0.7,-0.18,1.22,2.91,1.36,4.0,2.08,14.0,0.8,0.4,0.7,1009.35,1011.65,1013.01,1011.2,4.0,2.27,14.0,0.8,0.4,0.7,2.0,4.5,7.0,4.5,4.0,3.1,14.0,0.8,0.4,0.7,-65.6,-23.0,-7.9,-36.1,4.0,43.3,14.0,0.8,0.4,0.7,0.9,10.1,21.2,11.0,4.0,12.1,14.0,0.8,0.4,0.7,0.17,1.05,1.2,0.7,4.0,0.81,14.0,0.8,0.4,0.7,-0.6,4.2,9.8,4.6,4.0,6.3,14.0,0.8,0.4,0.7,4.83,5.07,5.65,5.24,3.0,0.62,18.0,0.7,0.5,0.6,11.2,24.3,27.7,19.5,3.0,12.8,18.0,0.7,0.5,0.6,-201.6,-123.0,-55.4,-128.2,4.0,109.3,14.0,0.8,0.4,0.7,-4.9,33.8,79.4,37.1,4.0,57.0,14.0,0.8,0.4,0.7,-87.0,-73.3,-23.3,-55.6,3.0,49.2,18.0,0.7,0.5,0.6,-9.5,12.9,57.6,23.8,3.0,50.0,18.0,0.7,0.5,0.6,-23.4,-22.4,-7.1,-15.4,3.0,13.4,18.0,0.7,0.5,0.6,-2.1,4.2,14.2,6.0,3.0,12.0,18.0,0.7,0.5,0.6,33.5,153.5,637.5,327.0,4.0,459.5,14.0,0.8,0.4,0.7,35.0,155.0,635.0,325.0,4.0,460.0,14.0,0.8,0.4,0.7
1974,2,328.0,-7.0,,,,,,,,,,,,,,,,,,,,,,,,,,,,,,,,,,,,,,,,8.0,8.0,8.0,8.0,1.0,0.0,16.0,1.0,0.5,0.6,-6.93,-6.93,-6.93,-6.93,1.0,0.0,16.0,1.0,0.5,0.6,4.0,4.0,4.0,4.0,1.0,0.0,16.0,1.0,0.5,0.6,1014.5,1014.5,1014.5,1014.5,1.0,0.0,16.0,1.0,0.5,0.6,,,,,,,,,,,,,,,,,,,,,,,,,,,,,,,,,,,,,,,,,,,,,,,,,,,,,,,,,,,,,,,,,,,,,,,,,,,,,,,,,,,,,,,,,,,,,,,,,,,,,,,,,,,,,,,,,,,,,,,,,,,,,,,,,,,,,,,,,,,,,,,,,,,,,,
1974,2,328.0,-6.0,27.0,27.55,28.06,27.57,10.0,0.52,16.0,0.5,0.6,0.5,26.24,26.9,28.96,27.49,10.0,1.39,16.0,0.5,0.6,0.5,17.19,18.61,21.19,19.19,7.0,2.25,18.0,0.6,0.5,0.6,72.8,76.9,92.9,80.8,7.0,9.5,18.0,0.6,0.6,2.73,5.1,8.41,5.64,11.0,3.15,16.0,0.5,0.6,0.5,-8.12,-3.91,-2.27,-5.11,11.0,3.11,16.0,0.5,0.6,0.5,0.0,1.91,3.51,1.91,11.0,1.59,16.0,0.5,0.6,0.5,1007.67,1009.9,1011.66,1009.65,11.0,2.22,16.0,0.5,0.6,0.5,0.6,4.0,6.0,3.5,11.0,2.7,16.0,0.5,0.6,0.5,-68.2,-19.9,-8.4,-37.5,11.0,36.8,16.0,0.5,0.6,0.5,0.0,16.2,25.1,13.3,11.0,11.5,16.0,0.5,0.6,0.5,-1.11,0.45,1.06,0.08,10.0,1.48,16.0,0.5,0.6,0.5,-3.3,1.0,6.8,2.7,10.0,9.2,16.0,0.5,0.6,0.5,1.89,5.19,5.66,3.93,7.0,2.28,18.0,0.6,0.5,0.6,2.9,18.7,25.5,18.5,7.0,17.2,18.0,0.6,0.5,0.6,-227.8,-104.4,-53.7,-134.8,10.0,86.5,16.0,0.5,0.6,0.5,0.0,44.2,89.5,46.3,10.0,41.4,16.0,0.5,0.6,0.5,-138.4,-67.0,-49.4,-87.1,7.0,57.3,18.0,0.6,0.5,0.6,-0.2,24.0,68.9,31.3,7.0,34.0,18.0,0.6,0.5,0.6,-21.7,-15.5,-2.9,-16.8,7.0,17.0,18.0,0.6,0.5,0.6,0.0,0.4,9.5,4.8,7.0,7.1,18.0,0.6,0.5,0.6,29.0,132.5,595.5,333.5,11.0,405.5,16.0,0.5,0.6,0.5,30.0,135.0,595.0,335.0,11.0,405.0,16.0,0.5,0.6,0.5
1974,2,328.0,-5.0,26.54,27.5,28.62,27.57,16.0,1.03,14.0,0.5,0.6,0.6,26.74,27.65,28.76,27.63,16.0,1.22,14.0,0.5,0.6,0.6,16.81,17.75,19.33,18.24,12.0,1.9,12.0,0.6,0.7,0.6,71.9,78.5,92.7,80.2,12.0,9.3,12.0,0.6,0.6,2.21,6.2,8.2,5.43,15.0,3.03,14.0,0.5,0.6,0.6,-7.77,-4.75,-1.98,-4.65,15.0,2.7,14.0,0.5,0.6,0.6,0.0,2.12,4.7,2.14,15.0,2.34,14.0,0.5,0.6,0.6,1008.71,1010.7,1012.28,1010.57,15.0,1.82,14.0,0.5,0.6,0.6,2.0,5.0,7.0,4.4,16.0,2.6,14.0,0.5,0.6,0.6,-63.8,-29.4,-4.4,-32.7,15.0,28.4,14.0,0.5,0.6,0.6,0.0,13.1,39.1,16.4,15.0,18.8,14.0,0.5,0.6,0.6,-2.01,0.5,1.45,-0.06,16.0,1.6,14.0,0.5,0.6,0.6,-7.5,3.6,5.4,0.4,15.0,7.4,14.0,0.5,0.6,0.6,1.92,5.55,7.18,4.84,12.0,2.75,12.0,0.6,0.7,0.6,8.2,22.2,39.0,24.4,12.0,21.0,12.0,0.6,0.7,0.6,-213.1,-132.5,-52.3,-128.4,15.0,74.6,14.0,0.5,0.6,0.6,0.0,61.5,127.1,58.7,15.0,63.8,14.0,0.5,0.6,0.6,-126.5,-86.5,-35.6,-82.7,12.0,45.8,12.0,0.6,0.7,0.6,-3.3,30.5,71.5,31.6,12.0,39.6,12.0,0.6,0.7,0.6,-37.4,-16.7,-6.3,-21.0,12.0,19.1,12.0,0.6,0.7,0.6,-1.1,6.8,21.8,8.2,12.0,13.2,12.0,0.6,0.7,0.6,11.0,238.5,551.5,295.0,15.0,326.5,14.0,0.5,0.6,0.6,10.0,240.0,550.0,295.0,15.0,325.0,14.0,0.5,0.6,0.6
1974,2,328.0,-4.0,27.69,28.3,29.0,28.4,10.0,0.88,16.0,0.6,0.5,0.5,27.0,28.0,28.87,27.83,9.0,1.3,14.0,0.6,0.5,0.5,17.38,18.09,18.69,17.96,7.0,0.8,14.0,0.6,0.4,0.5,74.0,78.9,84.2,78.4,7.0,6.7,14.0,0.6,0.5,2.31,5.3,6.99,4.8,10.0,2.45,16.0,0.6,0.5,0.5,-6.69,-3.49,-0.82,-3.4,10.0,3.14,16.0,0.6,0.5,0.5,-0.94,2.37,3.63,1.69,10.0,2.4,16.0,0.6,0.5,0.5,1007.86,1010.75,1011.77,1009.9,10.0,2.09,16.0,0.6,0.5,0.5,5.0,6.0,7.0,6.0,9.0,1.1,16.0,0.7,0.5,0.5,-46.8,-18.2,-1.4,-22.4,10.0,23.2,16.0,0.6,0.5,0.5,-4.5,8.5,25.9,10.4,10.0,14.1,16.0,0.6,0.5,0.5,-0.7,0.8,1.37,0.5,9.0,1.04,14.0,0.6,0.5,0.5,-1.7,2.0,6.8,2.1,9.0,5.1,14.0,0.6,0.5,0.5,4.89,5.6,7.17,6.0,7.0,1.25,14.0,0.6,0.4,0.5,10.8,21.5,37.8,25.0,7.0,13.8,14.0,0.6,0.4,0.5,-183.9,-107.6,-28.7,-110.4,9.0,72.3,14.0,0.6,0.5,0.5,-1.4,62.8,107.2,59.9,9.0,59.2,14.0,0.6,0.5,0.5,-117.9,-74.7,-14.8,-65.2,7.0,46.8,14.0,0.6,0.4,0.5,-12.4,40.6,44.7,28.4,7.0,33.9,14.0,0.6,0.4,0.5,-33.6,-18.6,-6.3,-20.4,7.0,14.8,14.0,0.6,0.4,0.5,-5.3,10.7,17.7,8.6,7.0,11.4,14.0,0.6,0.4,0.5,13.0,156.5,342.0,186.0,10.0,181.0,16.0,0.6,0.5,0.5,15.0,155.0,340.0,185.0,10.0,180.0,16.0,0.6,0.5,0.5
1974,2,328.0,-3.0,26.81,27.35,27.99,27.42,14.0,0.97,16.0,0.6,0.4,0.6,25.94,27.0,27.21,26.62,13.0,0.85,14.0,0.5,0.5,0.6,17.06,17.74,18.85,17.97,11.0,1.32,16.0,0.5,0.4,0.7,76.6,81.2,91.2,82.1,12.0,7.1,16.0,0.5,0.6,2.45,3.6,5.16,3.79,13.0,1.91,14.0,0.6,0.4,0.6,-4.42,-3.38,-0.69,-2.64,13.0,2.1,14.0,0.6,0.4,0.6,-0.68,1.99,2.6,1.5,13.0,2.2,14.0,0.6,0.4,0.6,1008.03,1009.35,1012.0,1009.99,14.0,2.29,16.0,0.6,0.4,0.6,2.2,6.0,8.0,5.5,15.0,2.6,14.0,0.6,0.4,0.6,-22.8,-12.2,-0.7,-12.6,13.0,11.5,14.0,0.6,0.4,0.6,-1.1,6.4,11.4,7.1,13.0,13.5,14.0,0.6,0.4,0.6,0.25,0.9,1.33,0.66,12.0,0.88,16.0,0.5,0.4,0.6,0.7,2.0,4.5,1.2,10.0,4.8,16.0,0.5,0.4,0.6,3.15,4.64,6.35,4.87,11.0,1.68,16.0,0.5,0.4,0.7,9.8,16.2,21.8,15.7,9.0,7.0,16.0,0.4,0.4,0.6,-112.9,-92.4,-22.2,-72.6,11.0,55.4,14.0,0.5,0.4,0.6,12.6,55.8,75.2,54.1,11.0,52.1,14.0,0.5,0.4,0.6,-78.3,-53.7,-14.1,-46.1,9.0,40.9,16.0,0.4,0.4,0.6,-1.9,35.4,47.3,26.5,9.0,25.1,16.0,0.4,0.4,0.6,-16.6,-8.4,-4.3,-8.8,9.0,10.3,16.0,0.4,0.4,0.6,-0.8,6.5,11.3,7.4,9.0,8.5,16.0,0.4,0.4,0.6,16.0,46.5,137.5,90.5,13.0,101.5,14.0,0.6,0.4,0.6,15.0,45.0,140.0,90.0,13.0,100.0,14.0,0.6,0.4,0.6
1974,2,328.0,-2.0,26.83,27.5,28.77,27.63,22.0,0.84,18.0,0.4,0.4,0.6,25.63,26.4,27.0,26.33,27.0,1.17,18.0,0.4,0.4,0.6,16.68,17.85,19.06,18.15,25.0,1.52,18.0,0.4,0.4,0.6,78.3,84.6,90.6,84.3,25.0,6.3,18.0,0.4,0.6,1.7,4.1,4.93,3.8,22.0,2.3,18.0,0.5,0.4,0.6,-4.73,-2.93,-0.38,-2.88,22.0,2.52,18.0,0.5,0.4,0.6,-2.85,-1.01,1.98,-0.68,22.0,2.21,18.0,0.5,0.4,0.6,1008.55,1010.8,1012.0,1010.34,27.0,1.87,18.0,0.4,0.4,0.6,3.0,6.5,8.0,5.8,26.0,2.2,18.0,0.5,0.4,0.6,-23.3,-11.3,-0.6,-15.3,22.0,18.7,18.0,0.5,0.4,0.6,-10.4,-2.8,8.0,-2.0,22.0,12.9,18.0,0.5,0.4,0.6,0.43,1.0,2.4,1.36,22.0,1.2,18.0,0.4,0.4,0.6,0.7,3.6,10.8,5.8,17.0,9.5,18.0,0.4,0.4,0.6,3.12,4.93,6.8,5.02,21.0,1.85,18.0,0.4,0.4,0.6,9.3,17.5,30.5,20.8,17.0,15.4,18.0,0.4,0.4,0.6,-120.5,-79.7,-11.3,-74.9,22.0,64.4,18.0,0.5,0.4,0.6,-76.4,-29.2,53.6,-17.6,22.0,58.3,18.0,0.5,0.4,0.6,-82.4,-64.6,-21.8,-53.3,21.0,44.6,16.0,0.5,0.4,0.6,-59.2,-23.5,38.1,-13.7,21.0,41.6,16.0,0.5,0.4,0.6,-28.1,-11.7,-6.6,-17.0,17.0,15.4,18.0,0.4,0.4,0.6,-12.6,-3.0,13.3,-1.9,17.0,12.2,18.0,0.4,0.4,0.6,5.5,72.0,121.0,113.5,22.0,159.0,18.0,0.5,0.4,0.6,5.0,70.0,120.0,115.0,22.0,160.0,18.0,0.5,0.4,0.6
1974,2,328.0,-1.0,26.3,27.1,28.19,27.32,16.0,1.0,16.0,0.4,0.6,0.6,25.19,25.9,27.52,26.3,16.0,1.32,16.0,0.4,0.6,0.6,17.49,18.07,19.39,18.44,12.0,1.39,16.0,0.6,0.7,0.6,83.1,84.5,89.5,85.6,13.0,4.6,16.0,0.5,0.6,0.88,3.0,4.77,3.05,11.0,1.91,16.0,0.5,0.6,0.7,-3.0,-0.89,0.19,-1.22,11.0,1.79,16.0,0.5,0.6,0.7,-4.28,0.0,2.41,-0.88,11.0,2.87,16.0,0.5,0.6,0.7,1009.01,1011.7,1013.47,1011.5,14.0,2.34,16.0,0.5,0.6,0.6,4.0,4.5,7.9,5.1,14.0,2.1,16.0,0.5,0.7,0.6,-13.8,-1.4,0.5,-5.6,11.0,8.1,16.0,0.5,0.6,0.7,-20.5,0.0,7.4,-4.6,11.0,12.6,16.0,0.5,0.6,0.7,-0.36,1.0,2.0,1.02,16.0,1.29,16.0,0.4,0.6,0.6,-0.4,4.6,9.0,4.1,11.0,4.4,16.0,0.5,0.6,0.7,2.91,3.72,5.51,4.04,12.0,1.38,16.0,0.6,0.7,0.6,0.5,13.3,19.6,12.0,8.0,9.9,14.0,0.8,0.6,0.7,-76.5,-23.6,4.8,-32.4,11.0,47.8,16.0,0.5,0.6,0.7,-108.9,0.0,62.4,-23.0,11.0,74.2,16.0,0.5,0.6,0.7,-69.5,-17.9,-0.9,-29.9,8.0,32.2,14.0,0.8,0.6,0.7,-67.2,-11.7,0.0,-23.5,8.0,43.5,14.0,0.8,0.6,0.7,-15.4,-2.8,-0.2,-7.5,8.0,9.6,14.0,0.8,0.6,0.7,-15.1,-1.7,0.0,-4.7,8.0,9.0,14.0,0.8,0.6,0.7,2.0,27.0,109.0,56.0,11.0,53.5,16.0,0.5,0.6,0.7,0.0,25.0,110.0,55.0,11.0,55.0,16.0,0.5,0.6,0.7
1974,2,328.0,0.0,26.32,27.0,27.8,27.03,15.0,0.77,18.0,0.6,0.7,0.3,25.66,26.4,27.14,26.45,17.0,1.02,18.0,0.6,0.7,0.3,16.72,17.51,18.35,17.61,16.0,1.5,18.0,0.7,0.7,0.3,77.1,82.3,85.7,81.5,16.0,5.7,18.0,0.7,0.3,1.0,4.35,6.5,3.9,18.0,2.54,18.0,0.6,0.7,0.3,-4.56,-1.8,-0.35,-2.47,18.0,2.19,18.0,0.6,0.7,0.3,-4.65,-2.13,0.0,-2.39,18.0,2.29,18.0,0.6,0.7,0.3,1008.71,1010.5,1012.25,1010.73,18.0,2.42,18.0,0.6,0.7,0.3,3.0,5.5,8.0,5.8,18.0,2.1,18.0,0.6,0.7,0.3,-25.1,-8.7,-0.3,-13.5,18.0,16.4,18.0,0.6,0.7,0.3,-23.7,-7.8,0.0,-12.8,18.0,16.4,18.0,0.6,0.7,0.3,-0.26,0.9,1.16,0.56,15.0,0.87,18.0,0.6,0.7,0.3,-0.3,1.2,4.6,1.8,15.0,2.6,18.0,0.6,0.7,0.3,3.91,4.78,6.16,4.87,14.0,1.26,16.0,0.6,0.7,0.3,4.2,19.4,22.7,15.0,14.0,9.8,16.0,0.6,0.7,0.3,-113.6,-41.8,-7.4,-56.9,17.0,47.9,18.0,0.6,0.7,0.3,-123.1,-70.9,0.0,-66.8,17.0,59.5,18.0,0.6,0.7,0.3,-76.2,-30.6,-3.3,-39.2,16.0,34.2,18.0,0.7,0.7,0.3,-74.5,-33.3,0.0,-39.0,16.0,35.7,18.0,0.7,0.7,0.3,-18.9,-10.1,-0.2,-9.3,14.0,7.6,16.0,0.6,0.7,0.3,-19.6,-6.8,0.0,-9.7,14.0,9.3,16.0,0.6,0.7,0.3,1.0,83.0,279.0,130.0,18.0,166.5,18.0,0.6,0.7,0.3,0.0,85.0,280.0,130.0,18.0,165.0,18.0,0.6,0.7,0.3
1974,2,328.0,1.0,27.0,27.8,28.71,27.74,9.0,0.88,18.0,0.6,0.7,0.6,24.5,26.4,27.08,25.97,11.0,1.16,18.0,0.6,0.8,0.5,16.65,17.41,19.93,18.03,9.0,1.64,18.0,0.6,0.7,0.6,77.3,82.3,97.3,85.8,10.0,9.8,18.0,0.6,0.5,2.31,3.85,4.89,3.95,10.0,1.7,18.0,0.6,0.7,0.5,-2.19,-1.65,-0.45,-1.45,10.0,0.88,18.0,0.6,0.7,0.5,-4.38,-3.58,-1.54,-3.45,10.0,1.98,18.0,0.6,0.7,0.5,1009.43,1011.4,1012.3,1011.08,10.0,1.42,18.0,0.6,0.7,0.5,4.6,7.0,8.0,6.5,11.0,1.8,18.0,0.6,0.8,0.5,-9.6,-3.8,-1.4,-5.4,10.0,4.3,18.0,0.6,0.7,0.5,-21.4,-13.8,-3.7,-16.6,10.0,16.7,18.0,0.6,0.7,0.5,0.85,1.3,2.9,1.6,9.0,1.17,18.0,0.6,0.7,0.6,2.8,4.6,7.3,6.5,9.0,7.5,18.0,0.6,0.7,0.6,4.29,5.39,6.59,5.57,8.0,1.23,20.0,0.5,0.7,0.6,13.1,26.1,31.5,23.0,8.0,8.4,20.0,0.5,0.7,0.6,-58.1,-42.1,-12.4,-38.3,10.0,23.4,18.0,0.6,0.7,0.5,-116.4,-95.8,-38.8,-89.7,10.0,49.2,18.0,0.6,0.7,0.5,-37.1,-27.4,-5.9,-24.5,9.0,15.4,18.0,0.6,0.7,0.6,-74.6,-65.3,-45.1,-67.4,9.0,36.2,18.0,0.6,0.7,0.6,-13.7,-10.9,-4.7,-9.5,8.0,5.6,20.0,0.5,0.7,0.6,-27.3,-23.6,-11.2,-19.9,8.0,9.4,20.0,0.5,0.7,0.6,13.0,58.0,117.5,96.5,10.0,133.5,18.0,0.6,0.7,0.5,15.0,60.0,120.0,95.0,10.0,135.0,18.0,0.6,0.7,0.5
1974,2,328.0,2.0,,,,,,,,,,,,,,,,,,,,,,,,,,,,,,,,,,,,,,,,6.48,7.0,7.0,6.75,4.0,0.5,28.0,0.3,0.2,0.7,-6.06,-5.71,-4.57,-5.34,4.0,1.04,28.0,0.3,0.2,0.7,-4.55,-4.0,-3.5,-4.02,4.0,0.61,28.0,0.3,0.2,0.7,1010.85,1011.0,1013.31,1011.86,5.0,1.37,28.0,0.4,0.2,0.7,,,,,,,,,,,,,,,,,,,,,,,,,,,,,,,,,,,,,,,,,,,,,,,,,,,,,,,,,,,,,,,,,,,,,,,,,,,,,,,,,,,,,,,,,,,,,,,,,,,,,,,,,,,,,,,,,,,,,,,,,,,,,,,,,,,,,,,,,,,,,,,,,,,,,,
1974,2,328.0,3.0,26.82,27.3,27.78,27.3,2.0,0.99,24.0,1.0,0.7,0.7,29.1,29.3,29.5,29.3,2.0,0.42,24.0,1.0,0.7,0.7,18.22,18.22,18.22,18.22,1.0,0.0,22.0,1.0,0.8,0.8,72.7,72.7,72.7,72.7,1.0,0.0,22.0,1.0,0.8,8.2,8.2,8.2,8.2,1.0,0.0,22.0,1.0,0.8,0.8,-2.8,-2.8,-2.8,-2.8,1.0,0.0,22.0,1.0,0.8,0.8,-7.71,-7.71,-7.71,-7.71,1.0,0.0,22.0,1.0,0.8,0.8,1010.17,1010.55,1010.93,1010.55,2.0,0.78,24.0,1.0,0.7,0.7,8.0,8.0,8.0,8.0,2.0,0.0,24.0,1.0,0.7,0.7,-23.0,-23.0,-23.0,-23.0,1.0,0.0,22.0,1.0,0.8,0.8,-63.2,-63.2,-63.2,-63.2,1.0,0.0,22.0,1.0,0.8,0.8,-2.68,-2.0,-1.32,-2.0,2.0,1.41,24.0,1.0,0.7,0.7,-8.2,-8.2,-8.2,-8.2,1.0,0.0,22.0,1.0,0.8,0.8,5.52,5.52,5.52,5.52,1.0,0.0,22.0,1.0,0.8,0.8,45.2,45.2,45.2,45.2,1.0,0.0,22.0,1.0,0.8,0.8,-81.3,-81.3,-81.3,-81.3,1.0,0.0,22.0,1.0,0.8,0.8,-223.5,-223.5,-223.5,-223.5,1.0,0.0,22.0,1.0,0.8,0.8,-51.1,-51.1,-51.1,-51.1,1.0,0.0,22.0,1.0,0.8,0.8,-140.4,-140.4,-140.4,-140.4,1.0,0.0,22.0,1.0,0.8,0.8,-15.5,-15.5,-15.5,-15.5,1.0,0.0,22.0,1.0,0.8,0.8,-42.5,-42.5,-42.5,-42.5,1.0,0.0,22.0,1.0,0.8,0.8,551.5,551.5,551.5,551.5,1.0,0.0,22.0,1.0,0.8,0.8,550.0,550.0,550.0,550.0,1.0,0.0,22.0,1.0,0.8,0.8
1974,2,328.0,4.0,26.18,26.6,27.03,26.75,13.0,0.9,22.0,0.5,0.9,0.5,25.69,25.9,27.16,26.45,13.0,1.33,22.0,0.5,0.9,0.5,14.36,15.29,18.42,16.34,4.0,3.25,16.0,0.3,0.7,0.6,70.3,75.7,81.4,75.8,4.0,7.8,16.0,0.3,0.6,5.27,8.0,9.51,7.5,9.0,2.2,22.0,0.6,0.8,0.5,-5.2,-3.0,-1.54,-3.46,9.0,2.11,22.0,0.6,0.8,0.5,-7.88,-6.28,-4.56,-6.04,9.0,3.03,22.0,0.6,0.8,0.5,1009.9,1011.3,1012.73,1011.31,12.0,1.5,24.0,0.5,0.9,0.5,3.8,7.0,8.0,5.8,11.0,2.7,22.0,0.5,0.8,0.5,-38.3,-18.0,-11.5,-26.4,9.0,21.3,22.0,0.6,0.8,0.5,-63.9,-51.5,-24.2,-50.2,9.0,35.9,22.0,0.6,0.8,0.5,-0.56,0.2,1.01,0.3,13.0,1.57,22.0,0.5,0.9,0.5,-7.7,1.2,9.7,4.5,9.0,15.7,22.0,0.6,0.8,0.5,3.47,7.29,8.66,6.12,4.0,3.73,16.0,0.3,0.7,0.6,27.1,67.1,92.8,60.3,4.0,42.9,16.0,0.3,0.7,0.6,-141.6,-77.4,-39.7,-92.4,9.0,55.4,22.0,0.6,0.8,0.5,-206.4,-162.7,-121.5,-157.9,9.0,75.8,22.0,0.6,0.8,0.5,-105.2,-93.3,-54.4,-80.4,4.0,35.6,16.0,0.3,0.7,0.6,-134.3,-92.7,-41.9,-88.3,4.0,68.8,16.0,0.3,0.7,0.6,-48.8,-25.9,-10.5,-29.5,4.0,25.1,16.0,0.3,0.7,0.6,-78.1,-46.4,-19.2,-48.6,4.0,41.8,16.0,0.3,0.7,0.6,149.5,512.0,879.0,522.5,9.0,444.5,22.0,0.6,0.8,0.5,150.0,510.0,880.0,520.0,9.0,445.0,22.0,0.6,0.8,0.5
1974,2,328.0,7.0,25.03,26.05,26.7,25.85,6.0,0.9,18.0,0.7,0.4,0.5,24.32,25.15,26.14,25.23,6.0,1.0,18.0,0.7,0.4,0.5,14.19,14.7,15.25,14.77,6.0,1.01,18.0,0.7,0.4,0.5,71.1,75.5,76.4,73.8,6.0,5.2,18.0,0.7,0.5,6.37,7.45,10.3,7.88,6.0,2.11,18.0,0.7,0.4,0.5,-5.72,-4.0,-2.06,-4.08,6.0,2.34,18.0,0.7,0.4,0.5,-7.48,-6.61,-5.67,-6.47,6.0,1.83,18.0,0.7,0.4,0.5,1010.53,1011.75,1012.6,1011.55,6.0,1.34,18.0,0.7,0.4,0.5,2.0,4.0,6.5,4.3,4.0,2.6,22.0,0.5,0.4,0.5,-58.9,-26.8,-13.8,-35.2,6.0,27.6,18.0,0.7,0.4,0.5,-73.1,-51.2,-36.9,-53.6,6.0,25.6,18.0,0.7,0.4,0.5,-0.64,0.55,1.82,0.62,6.0,1.23,18.0,0.7,0.4,0.5,-3.5,4.2,18.8,6.9,6.0,11.5,18.0,0.7,0.4,0.5,4.61,6.5,7.11,6.1,6.0,1.29,18.0,0.7,0.4,0.5,28.0,48.3,73.2,49.9,6.0,22.0,18.0,0.7,0.4,0.5,-141.9,-104.0,-53.0,-102.8,6.0,56.9,18.0,0.7,0.4,0.5,-188.6,-162.6,-143.7,-162.3,6.0,43.8,18.0,0.7,0.4,0.5,-84.4,-62.3,-27.9,-60.5,6.0,34.3,18.0,0.7,0.4,0.5,-110.1,-96.3,-78.1,-94.7,6.0,25.8,18.0,0.7,0.4,0.5,-40.9,-22.2,-13.1,-26.7,6.0,19.2,18.0,0.7,0.4,0.5,-52.6,-43.5,-25.9,-40.6,6.0,16.5,18.0,0.7,0.4,0.5,266.0,426.0,1092.5,578.5,6.0,420.0,18.0,0.7,0.4,0.5,265.0,425.0,1095.0,580.0,6.0,420.0,18.0,0.7,0.4,0.5
1974,2,328.0,8.0,25.16,25.5,25.84,25.5,3.0,0.5,22.0,0.7,0.6,0.4,22.48,23.5,24.93,23.7,3.0,1.81,22.0,0.7,0.6,0.4,12.04,12.04,12.04,12.04,1.0,0.0,28.0,1.0,1.0,0.5,66.9,66.9,66.9,66.9,1.0,0.0,28.0,1.0,0.5,6.43,8.0,8.68,7.57,3.0,1.69,22.0,0.7,0.6,0.4,-6.65,-6.13,-3.28,-4.99,3.0,2.66,22.0,0.7,0.6,0.4,-5.65,-5.36,-5.21,-5.43,3.0,0.33,22.0,0.7,0.6,0.4,1012.66,1013.0,1013.68,1013.17,3.0,0.76,22.0,0.7,0.6,0.4,1.3,4.0,4.7,3.0,3.0,2.6,22.0,0.7,0.6,0.4,-57.9,-49.0,-23.1,-40.7,3.0,26.5,22.0,0.7,0.6,0.4,-48.6,-41.1,-33.9,-41.2,3.0,10.8,22.0,0.7,0.6,0.4,0.23,2.0,3.37,1.8,3.0,2.31,22.0,0.7,0.6,0.4,-0.1,11.4,25.5,12.7,3.0,18.7,22.0,0.7,0.6,0.4,8.35,8.35,8.35,8.35,1.0,0.0,28.0,1.0,1.0,0.5,47.6,47.6,47.6,47.6,1.0,0.0,28.0,1.0,1.0,0.5,-163.3,-134.8,-74.1,-119.0,3.0,66.8,22.0,0.7,0.6,0.4,-141.0,-125.9,-117.2,-129.0,3.0,17.7,22.0,0.7,0.6,0.4,-23.5,-23.5,-23.5,-23.5,1.0,0.0,28.0,1.0,1.0,0.5,-64.5,-64.5,-64.5,-64.5,1.0,0.0,28.0,1.0,1.0,0.5,-16.3,-16.3,-16.3,-16.3,1.0,0.0,28.0,1.0,1.0,0.5,-44.7,-44.7,-44.7,-44.7,1.0,0.0,28.0,1.0,1.0,0.5,289.0,512.0,660.0,475.5,3.0,273.5,22.0,0.7,0.6,0.4,290.0,510.0,660.0,475.0,3.0,275.0,22.0,0.7,0.6,0.4
1974,2,328.0,9.0,24.68,25.5,26.32,25.5,2.0,1.7,10.0,0.5,0.6,0.2,23.99,24.4,24.81,24.4,2.0,0.85,10.0,0.5,0.6,0.2,14.76,16.35,17.93,16.35,2.0,3.28,10.0,0.5,0.6,0.2,79.2,85.3,91.4,85.3,2.0,12.6,10.0,0.5,0.2,8.28,8.45,8.62,8.45,2.0,0.35,10.0,0.5,0.6,0.2,-6.6,-6.47,-6.34,-6.47,2.0,0.27,10.0,0.5,0.6,0.2,-5.54,-5.43,-5.32,-5.43,2.0,0.23,10.0,0.5,0.6,0.2,1010.24,1010.75,1011.26,1010.75,2.0,1.06,10.0,0.5,0.6,0.2,4.2,4.5,4.8,4.5,2.0,0.7,10.0,0.5,0.6,0.2,-57.0,-54.7,-52.5,-54.7,2.0,4.6,10.0,0.5,0.6,0.2,-47.8,-45.9,-44.1,-45.9,2.0,3.8,10.0,0.5,0.6,0.2,0.69,1.1,1.51,1.1,2.0,0.85,10.0,0.5,0.6,0.2,5.8,9.4,13.1,9.4,2.0,7.6,10.0,0.5,0.6,0.2,3.56,4.13,4.69,4.13,2.0,1.17,10.0,0.5,0.6,0.2,30.6,34.7,38.7,34.7,2.0,8.4,10.0,0.5,0.6,0.2,-163.9,-158.1,-152.2,-158.1,2.0,12.1,10.0,0.5,0.6,0.2,-137.5,-132.6,-127.7,-132.6,2.0,10.2,10.0,0.5,0.6,0.2,-118.7,-106.3,-93.9,-106.3,2.0,25.7,10.0,0.5,0.6,0.2,-99.6,-89.2,-78.8,-89.2,2.0,21.5,10.0,0.5,0.6,0.2,-29.7,-26.6,-23.4,-26.6,2.0,6.5,10.0,0.5,0.6,0.2,-24.9,-22.3,-19.7,-22.3,2.0,5.4,10.0,0.5,0.6,0.2,568.5,605.0,641.5,605.0,2.0,76.0,10.0,0.5,0.6,0.2,570.0,605.0,640.0,605.0,2.0,75.0,10.0,0.5,0.6,0.2
1974,2,328.0,10.0,23.38,24.4,26.0,24.66,5.0,1.5,14.0,0.8,0.7,0.2,23.25,23.8,24.02,23.68,5.0,0.52,14.0,0.8,0.7,0.2,13.06,14.38,15.8,14.43,4.0,2.01,12.0,1.0,0.6,0.2,68.3,74.6,83.9,76.4,5.0,9.9,14.0,0.8,0.2,8.2,8.7,11.48,9.64,5.0,1.76,14.0,0.8,0.7,0.2,-8.8,-5.59,-3.63,-6.04,5.0,2.75,14.0,0.8,0.7,0.2,-7.63,-7.26,-6.94,-7.26,5.0,0.41,14.0,0.8,0.7,0.2,1010.47,1011.55,1013.11,1011.78,4.0,1.84,12.0,1.0,0.6,0.2,2.6,4.0,6.7,4.6,5.0,2.4,14.0,0.8,0.7,0.2,-101.0,-48.7,-29.7,-61.9,5.0,38.0,14.0,0.8,0.7,0.2,-84.8,-63.2,-58.1,-70.2,5.0,14.6,14.0,0.8,0.7,0.2,0.0,0.2,2.2,0.98,5.0,1.31,14.0,0.8,0.7,0.2,0.0,1.7,21.6,9.2,5.0,11.8,14.0,0.8,0.7,0.2,4.96,5.5,6.05,5.51,4.0,0.63,12.0,1.0,0.6,0.2,40.7,47.3,60.7,50.6,4.0,12.7,12.0,1.0,0.6,0.2,-206.7,-130.9,-86.9,-142.2,5.0,63.1,14.0,0.8,0.7,0.2,-179.4,-172.9,-164.2,-172.1,5.0,11.5,14.0,0.8,0.7,0.2,-99.1,-68.3,-52.9,-75.6,4.0,36.2,12.0,1.0,0.6,0.2,-115.1,-107.6,-92.3,-103.9,4.0,17.0,12.0,1.0,0.6,0.2,-43.4,-27.5,-17.0,-30.1,4.0,16.7,12.0,1.0,0.6,0.2,-42.1,-39.3,-36.7,-39.4,4.0,3.3,12.0,1.0,0.6,0.2,551.5,658.5,1516.0,969.5,5.0,530.0,14.0,0.8,0.7,0.2,550.0,660.0,1515.0,970.0,5.0,530.0,14.0,0.8,0.7,0.2
1974,2,328.0,11.0,23.5,23.5,23.5,23.5,2.0,0.0,20.0,1.0,0.8,0.6,22.78,22.95,23.12,22.95,2.0,0.35,20.0,1.0,0.8,0.6,12.08,12.16,12.24,12.16,2.0,0.17,20.0,1.0,0.8,0.6,69.5,69.8,70.1,69.8,2.0,0.6,20.0,1.0,0.6,6.24,8.7,11.16,8.7,2.0,5.09,20.0,1.0,0.8,0.6,-8.55,-6.66,-4.78,-6.66,2.0,3.9,20.0,1.0,0.8,0.6,-7.17,-5.59,-4.01,-5.59,2.0,3.27,20.0,1.0,0.8,0.6,1011.58,1011.75,1011.92,1011.75,2.0,0.35,20.0,1.0,0.8,0.6,4.5,5.5,6.5,5.5,2.0,2.1,20.0,1.0,0.8,0.6,-100.7,-67.9,-35.2,-67.9,2.0,67.9,20.0,1.0,0.8,0.6,-84.5,-57.0,-29.5,-57.0,2.0,56.9,20.0,1.0,0.8,0.6,0.38,0.55,0.72,0.55,2.0,0.35,20.0,1.0,0.8,0.6,2.8,5.7,8.5,5.7,2.0,5.9,20.0,1.0,0.8,0.6,5.84,5.91,5.99,5.91,2.0,0.16,20.0,1.0,0.8,0.6,36.6,51.9,67.1,51.9,2.0,31.5,20.0,1.0,0.8,0.6,-194.3,-152.3,-110.2,-152.3,2.0,87.2,20.0,1.0,0.8,0.6,-163.1,-127.8,-92.5,-127.8,2.0,73.1,20.0,1.0,0.8,0.6,-103.1,-80.7,-58.4,-80.7,2.0,46.3,20.0,1.0,0.8,0.6,-86.5,-67.7,-49.0,-67.7,2.0,38.9,20.0,1.0,0.8,0.6,-51.4,-39.7,-28.1,-39.7,2.0,24.1,20.0,1.0,0.8,0.6,-43.1,-33.3,-23.6,-33.3,2.0,20.3,20.0,1.0,0.8,0.6,407.0,997.0,1586.5,997.0,2.0,1222.0,20.0,1.0,0.8,0.6,405.0,995.0,1585.0,995.0,2.0,1220.0,20.0,1.0,0.8,0.6
1974,2,328.0,12.0,24.5,25.8,27.1,25.8,2.0,2.69,18.0,0.5,0.5,0.3,23.49,25.2,26.91,25.2,2.0,3.54,18.0,0.5,0.5,0.3,12.81,16.28,19.74,16.28,2.0,7.18,18.0,0.5,0.5,0.3,69.7,78.8,87.9,78.8,2.0,18.8,18.0,0.5,0.3,1.95,6.15,10.35,6.15,2.0,8.7,18.0,0.5,0.5,0.3,-8.96,-5.33,-1.69,-5.33,2.0,7.53,18.0,0.5,0.5,0.3,-5.17,-3.07,-0.98,-3.07,2.0,4.35,18.0,0.5,0.5,0.3,1014.1,1014.3,1014.5,1014.3,2.0,0.42,18.0,0.5,0.5,0.3,1.5,2.5,3.5,2.5,2.0,2.1,18.0,0.5,0.5,0.3,-110.2,-65.5,-20.8,-65.5,2.0,92.6,18.0,0.5,0.5,0.3,-63.6,-37.8,-12.0,-37.8,2.0,53.5,18.0,0.5,0.5,0.3,0.19,0.6,1.01,0.6,2.0,0.85,18.0,0.5,0.5,0.3,2.3,7.4,12.4,7.4,2.0,10.4,18.0,0.5,0.5,0.3,2.72,4.57,6.42,4.57,2.0,3.83,18.0,0.5,0.5,0.3,14.2,44.8,75.3,44.8,2.0,63.3,18.0,0.5,0.5,0.3,-203.4,-120.9,-38.4,-120.9,2.0,171.0,18.0,0.5,0.5,0.3,-117.4,-69.8,-22.2,-69.8,2.0,98.7,18.0,0.5,0.5,0.3,-100.4,-59.7,-18.9,-59.7,2.0,84.4,18.0,0.5,0.5,0.3,-58.0,-34.4,-10.9,-34.4,2.0,48.7,18.0,0.5,0.5,0.3,-65.2,-38.8,-12.3,-38.8,2.0,54.8,18.0,0.5,0.5,0.3,-37.7,-22.4,-7.1,-22.4,2.0,31.7,18.0,0.5,0.5,0.3,295.5,930.5,1565.5,930.5,2.0,1316.0,18.0,0.5,0.5,0.3,295.0,930.0,1565.0,930.0,2.0,1315.0,18.0,0.5,0.5,0.3
1974,2,328.0,13.0,22.6,22.6,22.6,22.6,1.0,0.0,28.0,0.0,0.5,0.0,22.1,22.1,22.1,22.1,1.0,0.0,28.0,0.0,0.5,0.0,10.35,10.35,10.35,10.35,1.0,0.0,28.0,0.0,0.5,0.0,62.9,62.9,62.9,62.9,1.0,0.0,28.0,0.0,0.0,4.6,4.6,4.6,4.6,1.0,0.0,28.0,0.0,0.5,0.0,-2.96,-2.96,-2.96,-2.96,1.0,0.0,28.0,0.0,0.5,0.0,-3.52,-3.52,-3.52,-3.52,1.0,0.0,28.0,0.0,0.5,0.0,1015.5,1015.5,1015.5,1015.5,1.0,0.0,28.0,0.0,0.5,0.0,5.0,5.0,5.0,5.0,1.0,0.0,28.0,0.0,0.5,0.0,-13.6,-13.6,-13.6,-13.6,1.0,0.0,28.0,0.0,0.5,0.0,-16.2,-16.2,-16.2,-16.2,1.0,0.0,28.0,0.0,0.5,0.0,0.5,0.5,0.5,0.5,1.0,0.0,28.0,0.0,0.5,0.0,2.3,2.3,2.3,2.3,1.0,0.0,28.0,0.0,0.5,0.0,6.69,6.69,6.69,6.69,1.0,0.0,28.0,0.0,0.5,0.0,30.8,30.8,30.8,30.8,1.0,0.0,28.0,0.0,0.5,0.0,-65.3,-65.3,-65.3,-65.3,1.0,0.0,28.0,0.0,0.5,0.0,-77.9,-77.9,-77.9,-77.9,1.0,0.0,28.0,0.0,0.5,0.0,-30.6,-30.6,-30.6,-30.6,1.0,0.0,28.0,0.0,0.5,0.0,-36.5,-36.5,-36.5,-36.5,1.0,0.0,28.0,0.0,0.5,0.0,-19.8,-19.8,-19.8,-19.8,1.0,0.0,28.0,0.0,0.5,0.0,-23.6,-23.6,-23.6,-23.6,1.0,0.0,28.0,0.0,0.5,0.0,97.5,97.5,97.5,97.5,1.0,0.0,28.0,0.0,0.5,0.0,95.0,95.0,95.0,95.0,1.0,0.0,28.0,0.0,0.5,0.0
1974,2,328.0,14.0,22.0,22.0,22.0,22.0,1.0,0.0,18.0,0.0,0.7,0.2,21.8,21.8,21.8,21.8,1.0,0.0,18.0,0.0,0.7,0.2,13.87,13.87,13.87,13.87,1.0,0.0,18.0,0.0,0.7,0.2,85.7,85.7,85.7,85.7,1.0,0.0,18.0,0.0,0.2,10.3,10.3,10.3,10.3,1.0,0.0,18.0,0.0,0.7,0.2,-5.15,-5.15,-5.15,-5.15,1.0,0.0,18.0,0.0,0.7,0.2,-8.92,-8.92,-8.92,-8.92,1.0,0.0,18.0,0.0,0.7,0.2,1016.5,1016.5,1016.5,1016.5,1.0,0.0,18.0,0.0,0.7,0.2,0.0,0.0,0.0,0.0,1.0,0.0,18.0,0.0,0.7,0.2,-53.0,-53.0,-53.0,-53.0,1.0,0.0,18.0,0.0,0.7,0.2,-91.9,-91.9,-91.9,-91.9,1.0,0.0,18.0,0.0,0.7,0.2,0.2,0.2,0.2,0.2,1.0,0.0,18.0,0.0,0.7,0.2,2.1,2.1,2.1,2.1,1.0,0.0,18.0,0.0,0.7,0.2,2.54,2.54,2.54,2.54,1.0,0.0,18.0,0.0,0.7,0.2,26.1,26.1,26.1,26.1,1.0,0.0,18.0,0.0,0.7,0.2,-112.3,-112.3,-112.3,-112.3,1.0,0.0,18.0,0.0,0.7,0.2,-194.5,-194.5,-194.5,-194.5,1.0,0.0,18.0,0.0,0.7,0.2,-71.4,-71.4,-71.4,-71.4,1.0,0.0,18.0,0.0,0.7,0.2,-123.7,-123.7,-123.7,-123.7,1.0,0.0,18.0,0.0,0.7,0.2,-13.1,-13.1,-13.1,-13.1,1.0,0.0,18.0,0.0,0.7,0.2,-22.6,-22.6,-22.6,-22.6,1.0,0.0,18.0,0.0,0.7,0.2,1092.5,1092.5,1092.5,1092.5,1.0,0.0,18.0,0.0,0.7,0.2,1095.0,1095.0,1095.0,1095.0,1.0,0.0,18.0,0.0,0.7,0.2
1974,2,328.0,15.0,22.0,22.0,22.0,22.0,1.0,0.0,18.0,0.0,0.3,0.7,21.5,21.5,21.5,21.5,1.0,0.0,18.0,0.0,0.3,0.7,13.88,13.88,13.88,13.88,1.0,0.0,18.0,0.0,0.3,0.7,87.3,87.3,87.3,87.3,1.0,0.0,18.0,0.0,0.7,13.9,13.9,13.9,13.9,1.0,0.0,18.0,0.0,0.3,0.7,-10.65,-10.65,-10.65,-10.65,1.0,0.0,18.0,0.0,0.3,0.7,-8.93,-8.93,-8.93,-8.93,1.0,0.0,18.0,0.0,0.3,0.7,1015.6,1015.6,1015.6,1015.6,1.0,0.0,18.0,0.0,0.3,0.7,7.0,7.0,7.0,7.0,1.0,0.0,18.0,0.0,0.3,0.7,-148.0,-148.0,-148.0,-148.0,1.0,0.0,18.0,0.0,0.3,0.7,-124.2,-124.2,-124.2,-124.2,1.0,0.0,18.0,0.0,0.3,0.7,0.5,0.5,0.5,0.5,1.0,0.0,18.0,0.0,0.3,0.7,7.0,7.0,7.0,7.0,1.0,0.0,18.0,0.0,0.3,0.7,2.54,2.54,2.54,2.54,1.0,0.0,18.0,0.0,0.3,0.7,35.3,35.3,35.3,35.3,1.0,0.0,18.0,0.0,0.3,0.7,-228.9,-228.9,-228.9,-228.9,1.0,0.0,18.0,0.0,0.3,0.7,-192.1,-192.1,-192.1,-192.1,1.0,0.0,18.0,0.0,0.3,0.7,-147.8,-147.8,-147.8,-147.8,1.0,0.0,18.0,0.0,0.3,0.7,-124.0,-124.0,-124.0,-124.0,1.0,0.0,18.0,0.0,0.3,0.7,-27.1,-27.1,-27.1,-27.1,1.0,0.0,18.0,0.0,0.3,0.7,-22.7,-22.7,-22.7,-22.7,1.0,0.0,18.0,0.0,0.3,0.7,2685.5,2685.5,2685.5,2685.5,1.0,0.0,18.0,0.0,0.3,0.7,2685.0,2685.0,2685.0,2685.0,1.0,0.0,18.0,0.0,0.3,0.7
1974,2,328.0,16.0,21.89,22.1,22.61,22.22,5.0,0.43,14.0,0.4,0.6,0.4,21.03,22.2,23.0,22.1,5.0,1.52,14.0,0.4,0.6,0.4,10.37,10.78,11.77,11.05,5.0,1.09,14.0,0.4,0.6,0.4,63.2,67.5,71.4,67.1,5.0,5.2,14.0,0.4,0.4,6.7,7.7,8.6,7.72,5.0,1.1,14.0,0.4,0.6,0.4,-7.11,-6.6,-5.62,-6.37,5.0,0.85,14.0,0.4,0.6,0.4,-5.33,-4.31,-3.03,-4.1,5.0,1.8,14.0,0.4,0.6,0.4,1015.56,1016.0,1017.42,1016.6,5.0,1.86,14.0,0.4,0.6,0.4,1.0,3.0,6.7,3.8,5.0,3.1,14.0,0.4,0.6,0.4,-61.2,-45.4,-40.6,-49.7,5.0,12.5,14.0,0.4,0.6,0.4,-44.5,-33.6,-21.2,-32.8,5.0,17.2,14.0,0.4,0.6,0.4,-0.9,-0.2,1.22,0.12,5.0,1.45,14.0,0.4,0.6,0.4,-6.4,-1.9,8.8,0.8,5.0,9.9,14.0,0.4,0.6,0.4,4.98,5.34,6.38,5.58,5.0,0.85,14.0,0.4,0.6,0.4,36.7,41.9,50.2,43.5,5.0,11.4,14.0,0.4,0.6,0.4,-154.7,-133.3,-128.9,-140.1,5.0,14.5,14.0,0.4,0.6,0.4,-118.2,-105.1,-64.5,-91.9,5.0,41.4,14.0,0.4,0.6,0.4,-73.8,-70.0,-64.9,-69.8,5.0,6.1,14.0,0.4,0.6,0.4,-56.4,-53.4,-33.7,-45.1,5.0,18.8,14.0,0.4,0.6,0.4,-43.3,-37.9,-28.1,-36.0,5.0,9.3,14.0,0.4,0.6,0.4,-31.0,-21.9,-14.9,-22.8,5.0,11.6,14.0,0.4,0.6,0.4,301.0,456.5,644.0,483.0,5.0,209.0,14.0,0.4,0.6,0.4,300.0,455.0,645.0,485.0,5.0,210.0,14.0,0.4,0.6,0.4
1974,2,328.0,17.0,21.16,21.5,21.84,21.5,2.0,0.71,12.0,0.5,0.6,0.3,20.99,21.4,21.81,21.4,2.0,0.85,12.0,0.5,0.6,0.3,10.82,11.43,12.05,11.43,2.0,1.27,12.0,0.5,0.6,0.3,70.3,72.3,74.2,72.3,2.0,4.1,12.0,0.5,0.3,9.46,9.8,10.14,9.8,2.0,0.71,12.0,0.5,0.6,0.3,-7.04,-6.87,-6.7,-6.87,2.0,0.36,12.0,0.5,0.6,0.3,-7.59,-6.93,-6.28,-6.93,2.0,1.35,12.0,0.5,0.6,0.3,1014.46,1015.45,1016.44,1015.45,2.0,2.05,12.0,0.5,0.6,0.3,4.2,4.5,4.8,4.5,2.0,0.7,12.0,0.5,0.6,0.3,-67.9,-67.2,-66.6,-67.2,2.0,1.4,12.0,0.5,0.6,0.3,-77.2,-68.4,-59.7,-68.4,2.0,18.2,12.0,0.5,0.6,0.3,-0.65,0.1,0.85,0.1,2.0,1.56,12.0,0.5,0.6,0.3,-6.9,0.4,7.8,0.4,2.0,15.2,12.0,0.5,0.6,0.3,3.57,4.5,5.43,4.5,2.0,1.93,12.0,0.5,0.6,0.3,35.8,43.4,51.0,43.4,2.0,15.8,12.0,0.5,0.6,0.3,-147.8,-146.9,-146.1,-146.9,2.0,1.8,12.0,0.5,0.6,0.3,-165.8,-149.0,-132.2,-149.0,2.0,34.8,12.0,0.5,0.6,0.3,-80.6,-78.4,-76.1,-78.4,2.0,4.6,12.0,0.5,0.6,0.3,-91.8,-80.1,-68.4,-80.1,2.0,24.2,12.0,0.5,0.6,0.3,-38.4,-31.3,-24.1,-31.3,2.0,14.9,12.0,0.5,0.6,0.3,-33.4,-29.9,-26.4,-29.9,2.0,7.3,12.0,0.5,0.6,0.3,850.0,948.5,1047.0,948.5,2.0,204.0,12.0,0.5,0.6,0.3,850.0,950.0,1045.0,950.0,2.0,205.0,12.0,0.5,0.6,0.3
1974,2,328.0,18.0,21.1,21.1,21.1,21.1,1.0,0.0,24.0,1.0,0.5,0.3,24.0,24.0,24.0,24.0,1.0,0.0,24.0,1.0,0.5,0.3,13.69,13.69,13.69,13.69,1.0,0.0,24.0,1.0,0.5,0.3,73.6,73.6,73.6,73.6,1.0,0.0,24.0,1.0,0.3,0.0,0.0,0.0,0.0,1.0,0.0,24.0,1.0,0.5,0.3,0.0,0.0,0.0,0.0,1.0,0.0,24.0,1.0,0.5,0.3,0.0,0.0,0.0,0.0,1.0,0.0,24.0,1.0,0.5,0.3,1011.0,1011.0,1011.0,1011.0,1.0,0.0,24.0,1.0,0.5,0.3,2.0,2.0,2.0,2.0,1.0,0.0,24.0,1.0,0.5,0.3,0.0,0.0,0.0,0.0,1.0,0.0,24.0,1.0,0.5,0.3,0.0,0.0,0.0,0.0,1.0,0.0,24.0,1.0,0.5,0.3,-2.9,-2.9,-2.9,-2.9,1.0,0.0,24.0,1.0,0.5,0.3,0.0,0.0,0.0,0.0,1.0,0.0,24.0,1.0,0.5,0.3,1.92,1.92,1.92,1.92,1.0,0.0,24.0,1.0,0.5,0.3,0.0,0.0,0.0,0.0,1.0,0.0,24.0,1.0,0.5,0.3,0.0,0.0,0.0,0.0,1.0,0.0,24.0,1.0,0.5,0.3,0.0,0.0,0.0,0.0,1.0,0.0,24.0,1.0,0.5,0.3,0.0,0.0,0.0,0.0,1.0,0.0,24.0,1.0,0.5,0.3,0.0,0.0,0.0,0.0,1.0,0.0,24.0,1.0,0.5,0.3,0.0,0.0,0.0,0.0,1.0,0.0,24.0,1.0,0.5,0.3,0.0,0.0,0.0,0.0,1.0,0.0,24.0,1.0,0.5,0.3,0.0,0.0,0.0,0.0,1.0,0.0,24.0,1.0,0.5,0.3,0.0,0.0,0.0,0.0,1.0,0.0,24.0,1.0,0.5,0.3
1974,2,328.0,19.0,20.7,22.0,23.37,22.03,3.0,1.95,6.0,0.3,0.7,0.2,19.54,20.7,21.45,20.5,3.0,1.41,6.0,0.3,0.7,0.2,12.06,12.19,12.31,12.19,2.0,0.26,6.0,0.5,0.6,0.0,77.0,78.0,78.9,78.0,2.0,2.0,6.0,0.5,0.0,6.66,10.0,11.23,8.97,3.0,3.47,6.0,0.3,0.7,0.2,-10.69,-9.85,-5.79,-8.28,3.0,3.84,6.0,0.3,0.7,0.2,-3.8,-3.28,-2.23,-3.02,3.0,1.17,6.0,0.3,0.7,0.2,1015.98,1017.0,1017.96,1016.97,3.0,1.45,6.0,0.3,0.7,0.2,4.3,5.0,5.0,4.7,3.0,0.6,6.0,0.3,0.7,0.2,-120.6,-98.5,-44.9,-83.1,3.0,57.0,6.0,0.3,0.7,0.2,-38.0,-17.4,-16.9,-27.2,3.0,17.7,6.0,0.3,0.7,0.2,-0.75,1.3,3.83,1.53,3.0,3.36,6.0,0.3,0.7,0.2,-11.6,6.6,36.2,12.2,3.0,35.4,6.0,0.3,0.7,0.2,2.56,3.31,4.07,3.31,2.0,1.57,6.0,0.5,0.6,0.0,23.1,24.3,25.5,24.3,2.0,2.4,6.0,0.5,0.6,0.0,-224.4,-187.1,-114.6,-169.9,3.0,81.8,6.0,0.3,0.7,0.2,-81.6,-67.9,-44.1,-62.9,3.0,27.8,6.0,0.3,0.7,0.2,-122.9,-92.0,-61.2,-92.0,2.0,63.9,6.0,0.5,0.6,0.0,-48.3,-44.6,-41.0,-44.6,2.0,7.5,6.0,0.5,0.6,0.0,-23.3,-20.9,-18.4,-20.9,2.0,5.1,6.0,0.5,0.6,0.0,-13.6,-11.7,-9.8,-11.7,2.0,4.0,6.0,0.5,0.6,0.0,408.0,1000.0,1439.0,925.0,3.0,758.0,6.0,0.3,0.7,0.2,410.0,1000.0,1440.0,925.0,3.0,760.0,6.0,0.3,0.7,0.2
1974,2,328.0,21.0,,,,,,,,,,,,,,,,,,,,,,,,,,,,,,,,,,,,,,,,6.36,6.7,7.04,6.7,2.0,0.71,22.0,1.0,0.8,0.4,-5.88,-5.11,-4.34,-5.11,2.0,1.59,22.0,1.0,0.8,0.4,-3.42,-0.57,2.27,-0.57,2.0,5.9,22.0,1.0,0.8,0.4,1015.45,1016.0,1016.55,1016.0,2.0,1.13,22.0,1.0,0.8,0.4,,,,,,,,,,,,,,,,,,,,,,,,,,,,,,,,,,,,,,,,,,,,,,,,,,,,,,,,,,,,,,,,,,,,,,,,,,,,,,,,,,,,,,,,,,,,,,,,,,,,,,,,,,,,,,,,,,,,,,,,,,,,,,,,,,,,,,,,,,,,,,,,,,,,,,
1974,2,328.0,22.0,21.16,21.5,21.84,21.5,2.0,0.71,16.0,0.5,0.7,0.3,20.58,20.75,20.92,20.75,2.0,0.35,16.0,0.5,0.7,0.3,10.62,10.62,10.62,10.62,1.0,0.0,8.0,1.0,0.8,0.2,69.0,69.0,69.0,69.0,1.0,0.0,8.0,1.0,0.2,3.06,5.35,7.64,5.35,2.0,4.74,16.0,0.5,0.7,0.3,-6.39,-3.94,-1.49,-3.94,2.0,5.08,16.0,0.5,0.7,0.3,-3.35,-1.19,0.97,-1.19,2.0,4.47,16.0,0.5,0.7,0.3,1016.57,1017.8,1019.03,1017.8,2.0,2.55,16.0,0.5,0.7,0.3,3.5,4.5,5.5,4.5,2.0,2.1,16.0,0.5,0.7,0.3,-55.3,-33.1,-11.0,-33.1,2.0,45.9,16.0,0.5,0.7,0.3,-31.2,-17.0,-2.7,-17.0,2.0,29.5,16.0,0.5,0.7,0.3,0.58,0.75,0.92,0.75,2.0,0.35,16.0,0.5,0.7,0.3,2.2,4.9,7.5,4.9,2.0,5.4,16.0,0.5,0.7,0.3,5.8,5.8,5.8,5.8,1.0,0.0,8.0,1.0,0.8,0.2,50.5,50.5,50.5,50.5,1.0,0.0,8.0,1.0,0.8,0.2,-134.2,-82.7,-31.1,-82.7,2.0,106.8,16.0,0.5,0.7,0.3,-70.4,-25.5,19.5,-25.5,2.0,93.1,16.0,0.5,0.7,0.3,-80.0,-80.0,-80.0,-80.0,1.0,0.0,8.0,1.0,0.8,0.2,-46.2,-46.2,-46.2,-46.2,1.0,0.0,8.0,1.0,0.8,0.2,-43.7,-43.7,-43.7,-43.7,1.0,0.0,8.0,1.0,0.8,0.2,-25.2,-25.2,-25.2,-25.2,1.0,0.0,8.0,1.0,0.8,0.2,111.0,333.5,555.5,333.5,2.0,460.0,16.0,0.5,0.7,0.3,110.0,335.0,555.0,335.0,2.0,460.0,16.0,0.5,0.7,0.3
1974,2,328.0,23.0,20.74,21.25,21.76,21.25,2.0,1.06,10.0,0.5,0.4,0.3,20.62,22.8,24.98,22.8,2.0,4.53,10.0,0.5,0.4,0.3,11.68,13.98,16.28,13.98,2.0,4.76,10.0,0.5,0.4,0.3,77.0,79.6,82.3,79.6,2.0,5.5,10.0,0.5,0.3,5.51,6.4,7.29,6.4,2.0,1.84,10.0,0.5,0.4,0.3,-4.68,-4.11,-3.54,-4.11,2.0,1.18,10.0,0.5,0.4,0.3,-5.58,-4.9,-4.22,-4.9,2.0,1.41,10.0,0.5,0.4,0.3,1022.62,1022.65,1022.68,1022.65,2.0,0.07,10.0,0.5,0.4,0.3,3.0,3.0,3.0,3.0,2.0,0.0,10.0,0.5,0.4,0.3,-34.7,-27.4,-20.1,-27.4,2.0,15.1,10.0,0.5,0.4,0.3,-41.4,-32.7,-24.0,-32.7,2.0,18.0,10.0,0.5,0.4,0.3,-3.22,-1.55,0.12,-1.55,2.0,3.46,10.0,0.5,0.4,0.3,-25.2,-13.1,-1.0,-13.1,2.0,25.0,10.0,0.5,0.4,0.3,-0.2,1.61,3.41,1.61,2.0,3.73,10.0,0.5,0.4,0.3,-3.3,6.8,17.0,6.8,2.0,20.9,10.0,0.5,0.4,0.3,-118.5,-96.5,-74.5,-96.5,2.0,45.6,10.0,0.5,0.4,0.3,-141.2,-115.0,-88.8,-115.0,2.0,54.3,10.0,0.5,0.4,0.3,-77.7,-60.3,-42.9,-60.3,2.0,36.1,10.0,0.5,0.4,0.3,-92.7,-71.9,-51.1,-71.9,2.0,43.0,10.0,0.5,0.4,0.3,-10.9,-4.4,2.1,-4.4,2.0,13.5,10.0,0.5,0.4,0.3,-13.0,-5.2,2.5,-5.2,2.0,16.0,10.0,0.5,0.4,0.3,184.0,294.5,405.0,294.5,2.0,229.0,10.0,0.5,0.4,0.3,185.0,295.0,405.0,295.0,2.0,230.0,10.0,0.5,0.4,0.3
1974,2,328.0,24.0,21.41,21.65,21.89,21.65,2.0,0.49,10.0,0.0,0.5,0.5,20.21,20.45,20.69,20.45,2.0,0.49,10.0,0.0,0.5,0.5,10.23,10.32,10.4,10.32,2.0,0.17,10.0,0.0,0.5,0.5,68.3,69.8,71.3,69.8,2.0,3.1,10.0,0.0,0.5,3.76,4.1,4.44,4.1,2.0,0.71,10.0,0.0,0.5,0.5,-4.38,-4.07,-3.75,-4.07,2.0,0.66,10.0,0.0,0.5,0.5,-0.67,-0.4,-0.13,-0.4,2.0,0.56,10.0,0.0,0.5,0.5,1020.77,1022.2,1023.63,1022.2,2.0,2.97,10.0,0.0,0.5,0.5,4.2,4.5,4.8,4.5,2.0,0.7,10.0,0.0,0.5,0.5,-19.6,-16.9,-14.2,-16.9,2.0,5.6,10.0,0.0,0.5,0.5,-3.1,-1.8,-0.6,-1.8,2.0,2.6,10.0,0.0,0.5,0.5,1.2,1.2,1.2,1.2,2.0,0.0,10.0,0.0,0.5,0.5,4.5,4.9,5.3,4.9,2.0,0.8,10.0,0.0,0.5,0.5,5.36,5.66,5.95,5.66,2.0,0.61,10.0,0.0,0.5,0.5,20.3,23.4,26.6,23.4,2.0,6.5,10.0,0.0,0.5,0.5,-90.8,-83.3,-75.8,-83.3,2.0,15.5,10.0,0.0,0.5,0.5,-14.0,-8.3,-2.6,-8.3,2.0,11.7,10.0,0.0,0.5,0.5,-44.8,-41.9,-38.9,-41.9,2.0,6.1,10.0,0.0,0.5,0.5,-6.9,-4.1,-1.3,-4.1,2.0,5.8,10.0,0.0,0.5,0.5,-26.2,-23.2,-20.2,-23.2,2.0,6.2,10.0,0.0,0.5,0.5,-4.1,-2.4,-0.8,-2.4,2.0,3.4,10.0,0.0,0.5,0.5,54.5,72.0,89.5,72.0,2.0,36.0,10.0,0.0,0.5,0.5,55.0,70.0,90.0,70.0,2.0,35.0,10.0,0.0,0.5,0.5
1974,2,328.0,25.0,20.48,21.5,22.0,21.25,4.0,0.96,16.0,0.5,0.2,0.5,18.0,20.0,22.26,20.13,4.0,2.46,16.0,0.5,0.2,0.5,11.25,11.27,11.3,11.27,2.0,0.05,20.0,0.5,0.3,0.3,72.6,78.9,85.2,78.9,2.0,13.1,20.0,0.5,0.3,5.36,8.1,10.68,8.03,4.0,3.15,16.0,0.5,0.2,0.5,-5.36,-3.25,-0.93,-3.15,4.0,2.71,16.0,0.5,0.2,0.5,-10.59,-5.54,-0.09,-5.35,4.0,6.08,16.0,0.5,0.2,0.5,1017.68,1021.1,1024.79,1021.23,4.0,4.14,16.0,0.5,0.2,0.5,2.6,6.0,6.7,4.7,3.0,3.2,14.0,0.7,0.3,0.4,-30.4,-21.5,-9.9,-20.2,4.0,15.5,16.0,0.5,0.2,0.5,-113.5,-53.3,-1.3,-57.2,4.0,65.3,16.0,0.5,0.2,0.5,-0.26,1.0,2.52,1.13,4.0,1.65,16.0,0.5,0.2,0.5,-1.6,11.3,26.5,12.4,4.0,16.4,16.0,0.5,0.2,0.5,3.52,4.11,4.71,4.11,2.0,1.23,20.0,0.5,0.3,0.3,25.1,29.8,34.5,29.8,2.0,9.7,20.0,0.5,0.3,0.3,-119.4,-67.5,-16.8,-68.1,4.0,61.9,16.0,0.5,0.2,0.5,-190.6,-102.1,-2.3,-96.7,4.0,109.5,16.0,0.5,0.2,0.5,-46.6,-36.6,-26.7,-36.6,2.0,20.6,20.0,0.5,0.3,0.3,-103.8,-58.0,-12.2,-58.0,2.0,94.8,20.0,0.5,0.3,0.3,-20.0,-14.5,-8.9,-14.5,2.0,11.5,20.0,0.5,0.3,0.3,-29.8,-16.1,-2.4,-16.1,2.0,28.4,20.0,0.5,0.3,0.3,164.5,619.0,1232.0,694.5,4.0,637.0,16.0,0.5,0.2,0.5,165.0,620.0,1230.0,695.0,4.0,635.0,16.0,0.5,0.2,0.5
1974,2,328.0,26.0,20.98,22.0,22.01,21.69,7.0,0.66,20.0,0.4,0.4,0.6,19.23,19.8,21.23,20.45,6.0,2.43,20.0,0.5,0.4,0.5,10.14,11.23,13.13,11.68,5.0,2.23,20.0,0.4,0.3,0.5,72.2,77.3,79.5,76.0,5.0,5.8,20.0,0.4,0.5,6.15,10.0,12.33,9.21,7.0,3.17,20.0,0.4,0.4,0.6,-10.06,-5.8,-3.87,-6.38,7.0,3.12,20.0,0.4,0.4,0.6,-10.72,-3.35,0.0,-4.97,7.0,4.8,20.0,0.4,0.4,0.6,1018.24,1023.2,1027.33,1022.39,7.0,4.75,20.0,0.4,0.4,0.6,3.0,4.0,6.0,4.3,7.0,1.8,20.0,0.4,0.4,0.6,-101.3,-56.9,-19.9,-62.6,7.0,41.0,20.0,0.4,0.4,0.6,-132.2,-22.4,0.0,-51.4,7.0,64.6,20.0,0.4,0.4,0.6,0.51,1.9,2.77,1.43,6.0,2.28,20.0,0.5,0.4,0.5,3.3,20.3,32.2,16.5,6.0,20.2,20.0,0.5,0.4,0.5,3.24,5.05,5.91,4.51,5.0,1.92,20.0,0.4,0.3,0.5,19.5,49.4,74.0,46.6,5.0,29.5,20.0,0.4,0.3,0.5,-191.1,-133.1,-84.9,-139.9,6.0,56.9,20.0,0.5,0.4,0.5,-213.9,-75.3,0.0,-99.3,6.0,101.9,20.0,0.5,0.4,0.5,-105.4,-64.9,-43.0,-74.7,5.0,38.3,20.0,0.4,0.3,0.5,-113.1,-51.3,-23.4,-63.0,5.0,49.6,20.0,0.4,0.3,0.5,-41.0,-26.4,-15.2,-27.8,5.0,16.0,20.0,0.4,0.3,0.5,-66.2,-16.6,-2.7,-31.2,5.0,33.9,20.0,0.4,0.3,0.5,233.5,1000.0,1874.5,1017.5,7.0,824.0,20.0,0.4,0.4,0.6,235.0,1000.0,1875.0,1015.0,7.0,825.0,20.0,0.4,0.4,0.6
1974,2,328.0,27.0,20.9,21.0,21.94,21.29,8.0,0.67,12.0,0.5,0.6,0.3,19.64,20.1,20.6,20.09,8.0,0.58,12.0,0.5,0.6,0.3,8.71,9.11,9.8,9.23,5.0,0.89,16.0,0.6,0.6,0.4,59.4,61.3,70.0,64.6,5.0,8.1,16.0,0.6,0.4,4.98,8.0,10.26,8.41,7.0,3.61,14.0,0.4,0.6,0.3,-8.29,-6.93,-4.44,-6.41,7.0,2.5,14.0,0.4,0.6,0.3,-4.53,0.0,0.89,-2.54,7.0,5.83,14.0,0.4,0.6,0.3,1019.38,1025.5,1026.01,1024.07,7.0,3.47,14.0,0.4,0.6,0.3,4.0,5.0,7.9,5.4,8.0,2.2,12.0,0.5,0.6,0.3,-68.8,-55.4,-24.4,-52.5,7.0,27.2,14.0,0.4,0.6,0.3,-41.6,0.0,4.6,-36.4,7.0,88.0,14.0,0.4,0.6,0.3,0.3,0.9,1.93,1.2,8.0,1.11,12.0,0.5,0.6,0.3,4.5,7.4,16.3,9.7,7.0,6.5,14.0,0.4,0.6,0.3,6.0,6.26,6.46,6.25,5.0,0.34,16.0,0.6,0.6,0.4,29.8,48.0,68.5,51.2,5.0,27.4,16.0,0.6,0.6,0.4,-166.5,-139.3,-84.6,-127.9,7.0,49.7,14.0,0.4,0.6,0.3,-91.6,0.0,18.3,-52.2,7.0,120.5,14.0,0.4,0.6,0.3,-66.8,-47.6,-37.4,-50.9,5.0,19.6,16.0,0.6,0.6,0.4,-55.8,0.0,8.9,-25.6,5.0,63.3,16.0,0.6,0.6,0.4,-49.3,-30.0,-24.1,-34.9,5.0,14.5,16.0,0.6,0.6,0.4,-37.9,0.0,6.7,-17.2,5.0,43.9,16.0,0.6,0.6,0.4,123.5,512.0,1127.0,913.5,7.0,1245.0,14.0,0.4,0.6,0.3,125.0,510.0,1125.0,915.0,7.0,1245.0,14.0,0.4,0.6,0.3
1974,2,328.0,28.0,20.08,20.25,20.42,20.25,2.0,0.35,14.0,0.5,0.9,0.2,18.9,19.75,20.6,19.75,2.0,1.77,10.0,0.0,0.6,0.6,10.12,10.17,10.22,10.17,2.0,0.11,10.0,0.0,0.6,0.6,68.9,72.4,75.9,72.4,2.0,7.3,10.0,0.0,0.6,4.17,5.4,6.63,5.4,2.0,2.55,10.0,0.0,0.6,0.6,-6.59,-5.29,-3.99,-5.29,2.0,2.7,10.0,0.0,0.6,0.6,-1.04,-0.62,-0.2,-0.62,2.0,0.87,10.0,0.0,0.6,0.6,1023.95,1026.0,1027.3,1025.63,3.0,2.47,14.0,0.3,0.8,0.5,2.3,3.0,6.4,4.3,3.0,3.2,14.0,0.3,0.8,0.5,-45.5,-32.0,-18.5,-32.0,2.0,28.0,10.0,0.0,0.6,0.6,-3.7,-2.2,-0.7,-2.2,2.0,3.1,10.0,0.0,0.6,0.6,2.0,2.0,2.0,2.0,1.0,0.0,6.0,0.0,0.8,0.3,14.4,14.4,14.4,14.4,1.0,0.0,6.0,0.0,0.8,0.3,4.69,4.69,4.69,4.69,1.0,0.0,6.0,0.0,0.8,0.3,33.8,33.8,33.8,33.8,1.0,0.0,6.0,0.0,0.8,0.3,-123.3,-102.1,-80.9,-102.1,2.0,44.0,10.0,0.0,0.6,0.6,-21.8,-12.9,-4.1,-12.9,2.0,18.3,10.0,0.0,0.6,0.6,-66.6,-53.7,-40.7,-53.7,2.0,26.9,10.0,0.0,0.6,0.6,-10.6,-6.3,-2.0,-6.3,2.0,8.9,10.0,0.0,0.6,0.6,-33.8,-33.8,-33.8,-33.8,1.0,0.0,6.0,0.0,0.8,0.3,0.0,0.0,0.0,0.0,1.0,0.0,6.0,0.0,0.8,0.3,98.5,210.0,321.5,210.0,2.0,231.0,10.0,0.0,0.6,0.6,100.0,210.0,320.0,210.0,2.0,230.0,10.0,0.0,0.6,0.6
1974,2,328.0,29.0,19.82,20.0,20.38,20.05,8.0,1.08,10.0,0.5,0.6,0.5,19.0,19.85,21.57,20.14,10.0,1.29,8.0,0.5,0.5,0.5,8.45,9.47,11.15,9.71,5.0,1.39,10.0,0.8,0.5,0.5,62.4,70.5,83.4,72.6,6.0,11.3,8.0,0.7,0.5,2.31,5.9,7.87,5.3,10.0,2.75,8.0,0.5,0.5,0.5,-6.22,-2.34,0.1,-2.75,10.0,4.02,8.0,0.5,0.5,0.5,-4.05,-1.17,3.01,-0.78,10.0,3.68,8.0,0.5,0.5,0.5,1024.43,1026.0,1027.4,1025.73,9.0,2.75,10.0,0.6,0.5,0.5,1.3,5.0,6.6,4.3,10.0,2.6,8.0,0.5,0.5,0.5,-46.1,-14.3,0.1,-21.2,10.0,30.5,8.0,0.5,0.5,0.5,-29.5,-1.9,15.0,-5.8,10.0,25.8,8.0,0.5,0.5,0.5,-1.0,-0.05,1.03,0.04,8.0,1.48,10.0,0.5,0.6,0.5,-2.3,-0.7,6.8,3.0,8.0,9.7,10.0,0.5,0.6,0.5,4.29,5.42,5.85,5.09,4.0,1.07,10.0,0.8,0.6,0.6,16.2,31.4,39.3,27.9,4.0,14.4,10.0,0.8,0.6,0.6,-128.6,-47.0,2.2,-55.1,10.0,78.5,8.0,0.5,0.5,0.5,-88.1,-25.0,57.9,-18.5,10.0,74.7,8.0,0.5,0.5,0.5,-53.7,-24.9,-11.2,-30.3,5.0,23.9,10.0,0.8,0.5,0.5,-43.5,18.8,36.9,-0.1,5.0,47.8,10.0,0.8,0.5,0.5,-25.9,-12.6,-5.6,-15.6,4.0,15.6,10.0,0.8,0.6,0.6,-23.7,2.1,17.2,-3.0,4.0,25.8,10.0,0.8,0.6,0.6,13.0,216.5,488.0,253.0,10.0,251.0,8.0,0.5,0.5,0.5,15.0,215.0,490.0,255.0,10.0,250.0,8.0,0.5,0.5,0.5
1974,2,328.0,30.0,18.59,20.5,21.63,20.13,4.0,2.09,16.0,0.3,0.5,0.4,18.79,19.5,20.0,19.4,4.0,0.71,16.0,0.3,0.5,0.4,8.2,9.43,9.64,8.94,3.0,1.14,16.0,0.3,0.6,0.4,59.9,66.2,70.9,65.4,3.0,8.1,16.0,0.3,0.4,7.15,8.75,9.82,8.5,4.0,1.76,16.0,0.3,0.5,0.4,-9.3,-7.15,-2.91,-6.15,4.0,4.44,16.0,0.3,0.5,0.4,-0.56,0.0,4.87,2.06,4.0,4.86,16.0,0.3,0.5,0.4,1019.24,1029.15,1030.0,1024.83,4.0,9.25,16.0,0.3,0.5,0.4,4.0,6.0,7.5,5.8,4.0,2.2,16.0,0.3,0.5,0.4,-87.6,-52.5,-18.0,-52.8,4.0,44.9,16.0,0.3,0.5,0.4,-3.5,0.0,45.3,20.0,4.0,44.5,16.0,0.3,0.5,0.4,-0.94,1.2,2.34,0.73,4.0,2.48,16.0,0.3,0.5,0.4,-11.6,9.6,19.9,4.4,4.0,23.0,16.0,0.3,0.5,0.4,3.33,4.83,7.52,5.41,3.0,3.11,16.0,0.3,0.6,0.4,32.7,44.9,63.3,48.0,3.0,22.6,16.0,0.3,0.6,0.4,-182.1,-139.0,-58.1,-121.0,4.0,87.7,16.0,0.3,0.5,0.4,-11.3,0.0,90.6,37.9,4.0,90.6,16.0,0.3,0.5,0.4,-86.2,-62.6,-19.9,-53.3,3.0,49.3,16.0,0.3,0.6,0.4,0.0,0.0,61.8,30.2,3.0,52.3,16.0,0.3,0.6,0.4,-57.6,-27.0,-8.6,-33.0,3.0,36.3,16.0,0.3,0.6,0.4,0.0,0.0,30.7,15.0,3.0,26.0,16.0,0.3,0.6,0.4,387.5,678.0,955.5,671.5,4.0,364.0,16.0,0.3,0.5,0.4,385.0,680.0,955.0,670.0,4.0,365.0,16.0,0.3,0.5,0.4
1974,2,328.0,31.0,18.0,18.85,19.7,18.85,4.0,0.98,14.0,0.5,0.3,0.3,18.71,19.5,19.5,19.13,4.0,0.75,14.0,0.5,0.3,0.3,8.13,8.65,9.16,8.65,4.0,0.61,14.0,0.5,0.3,0.3,58.8,62.5,69.6,64.1,4.0,7.0,14.0,0.5,0.3,3.34,3.6,5.75,4.5,4.0,2.15,14.0,0.5,0.3,0.3,-4.77,-0.77,0.0,-2.31,4.0,3.67,14.0,0.5,0.3,0.3,1.28,3.14,3.6,2.47,4.0,1.7,14.0,0.5,0.3,0.3,1027.05,1028.75,1029.3,1028.2,4.0,1.56,14.0,0.5,0.3,0.3,6.5,7.0,7.0,6.8,4.0,0.5,14.0,0.5,0.3,0.3,-33.3,-2.4,0.0,-16.0,4.0,28.9,14.0,0.5,0.3,0.3,4.0,10.6,13.0,8.6,4.0,6.1,14.0,0.5,0.3,0.3,-0.79,0.1,0.2,-0.27,4.0,0.82,14.0,0.5,0.3,0.3,-2.4,0.4,0.7,-0.8,4.0,2.6,14.0,0.5,0.3,0.3,3.48,4.69,5.91,4.7,4.0,1.4,14.0,0.5,0.3,0.3,15.7,21.3,24.0,19.9,4.0,6.2,14.0,0.5,0.3,0.3,-87.0,-15.1,0.0,-42.2,4.0,65.8,14.0,0.5,0.3,0.3,24.9,61.3,70.2,48.2,4.0,33.2,14.0,0.5,0.3,0.3,-44.1,-7.0,0.0,-21.4,4.0,34.1,14.0,0.5,0.3,0.3,11.5,26.5,29.3,20.7,4.0,14.0,14.0,0.5,0.3,0.3,-16.3,-2.8,0.0,-7.9,4.0,12.3,14.0,0.5,0.3,0.3,4.6,15.2,21.3,13.1,4.0,10.3,14.0,0.5,0.3,0.3,38.0,46.5,261.5,145.0,4.0,208.0,14.0,0.5,0.3,0.3,40.0,45.0,260.0,145.0,4.0,210.0,14.0,0.5,0.3,0.3
1974,2,328.0,32.0,18.55,19.5,20.38,19.45,17.0,1.43,14.0,0.6,0.5,0.4,17.79,19.0,19.83,19.03,19.0,0.98,12.0,0.6,0.4,0.4,9.38,10.52,11.55,10.54,17.0,0.97,12.0,0.6,0.5,0.5,74.9,77.6,82.7,78.3,17.0,5.7,12.0,0.6,0.5,3.45,5.1,7.83,5.47,18.0,2.97,12.0,0.7,0.4,0.4,-4.55,0.0,6.55,0.85,18.0,5.07,12.0,0.7,0.4,0.4,-3.59,1.23,3.36,0.29,18.0,3.74,12.0,0.7,0.4,0.4,1021.66,1026.6,1029.11,1024.96,19.0,4.68,12.0,0.6,0.4,0.4,2.0,4.0,7.0,4.3,19.0,2.1,12.0,0.6,0.4,0.4,-20.9,0.0,51.7,13.1,18.0,43.3,12.0,0.7,0.4,0.4,-20.4,3.5,22.5,0.3,18.0,31.4,12.0,0.7,0.4,0.4,-0.64,0.0,2.09,0.44,17.0,1.29,14.0,0.6,0.5,0.4,-4.3,0.0,7.9,0.7,16.0,7.3,14.0,0.6,0.4,0.4,2.51,3.29,4.77,3.42,16.0,1.4,12.0,0.6,0.5,0.4,6.9,14.9,22.8,15.2,15.0,8.5,12.0,0.6,0.5,0.4,-88.5,0.0,121.9,14.9,18.0,96.6,12.0,0.7,0.4,0.4,-71.3,22.0,64.4,6.4,18.0,69.9,12.0,0.7,0.4,0.4,-43.2,0.0,55.8,7.6,16.0,50.0,12.0,0.6,0.5,0.4,-31.7,12.0,35.3,2.8,16.0,36.8,12.0,0.6,0.5,0.4,-14.1,0.0,13.3,-1.7,15.0,13.8,12.0,0.6,0.5,0.4,-0.4,5.0,11.9,2.7,15.0,10.9,12.0,0.6,0.5,0.4,41.5,132.5,503.5,313.0,18.0,460.0,12.0,0.7,0.4,0.4,40.0,135.0,505.0,315.0,18.0,460.0,12.0,0.7,0.4,0.4
1974,2,328.0,33.0,18.0,18.9,20.0,18.89,20.0,1.11,12.0,0.5,0.6,0.4,16.87,18.0,19.27,18.12,22.0,1.47,12.0,0.5,0.6,0.4,9.11,9.88,12.08,10.31,18.0,1.41,12.0,0.4,0.6,0.4,69.1,79.5,90.3,80.0,19.0,9.9,12.0,0.4,0.4,3.6,5.1,8.77,5.7,22.0,2.85,12.0,0.5,0.6,0.4,-3.22,-1.4,4.39,0.17,22.0,4.07,12.0,0.5,0.6,0.4,-5.67,1.93,4.18,0.82,22.0,4.98,12.0,0.5,0.6,0.4,1019.5,1028.0,1031.47,1025.97,22.0,6.27,12.0,0.4,0.6,0.4,2.0,4.0,7.0,4.2,21.0,2.7,14.0,0.5,0.6,0.4,-14.1,-3.5,28.4,5.0,22.0,35.5,12.0,0.5,0.6,0.4,-35.2,8.4,19.9,2.3,22.0,43.7,12.0,0.5,0.6,0.4,-1.01,1.0,3.11,0.87,19.0,2.09,12.0,0.5,0.6,0.4,-7.4,3.0,13.9,5.8,19.0,16.4,12.0,0.5,0.6,0.4,1.61,3.47,4.69,3.35,16.0,1.63,12.0,0.4,0.6,0.4,3.3,15.5,33.7,19.6,16.0,17.3,12.0,0.4,0.6,0.4,-59.9,-24.0,73.4,5.4,21.0,74.7,14.0,0.5,0.6,0.4,-96.6,34.7,74.1,14.7,21.0,86.8,14.0,0.5,0.6,0.4,-31.6,-13.5,41.3,1.4,17.0,40.2,12.0,0.4,0.6,0.4,-26.2,17.9,40.9,10.2,17.0,40.7,12.0,0.4,0.6,0.4,-13.9,-0.8,9.7,-3.3,16.0,17.0,12.0,0.4,0.6,0.4,-8.5,6.4,13.3,3.8,16.0,19.7,12.0,0.4,0.6,0.4,46.5,132.5,688.5,331.0,22.0,471.0,12.0,0.5,0.6,0.4,45.0,135.0,690.0,330.0,22.0,470.0,12.0,0.5,0.6,0.4
1974,2,328.0,34.0,17.11,18.5,19.05,18.29,17.0,1.06,14.0,0.7,0.6,0.4,16.58,18.5,19.46,18.15,16.0,1.23,16.0,0.7,0.6,0.4,7.52,9.51,11.46,9.62,15.0,1.98,14.0,0.7,0.6,0.4,60.7,74.7,89.7,75.2,15.0,13.3,14.0,0.7,0.4,4.6,7.45,10.45,7.76,18.0,2.72,14.0,0.7,0.6,0.4,-4.76,0.76,6.77,0.62,18.0,5.29,14.0,0.7,0.6,0.4,-6.77,2.3,7.18,1.07,18.0,6.45,14.0,0.7,0.6,0.4,1022.63,1025.5,1029.18,1025.72,17.0,4.32,14.0,0.6,0.6,0.4,1.0,4.5,7.0,4.3,18.0,2.7,14.0,0.7,0.6,0.4,-37.9,4.2,47.0,3.7,18.0,45.8,14.0,0.7,0.6,0.4,-60.6,12.6,58.4,3.1,18.0,70.9,14.0,0.7,0.6,0.4,-0.96,0.0,1.28,0.17,15.0,1.32,16.0,0.7,0.5,0.4,-6.1,0.0,6.2,0.8,15.0,8.5,16.0,0.7,0.5,0.4,1.64,3.03,5.28,3.37,14.0,1.9,16.0,0.7,0.5,0.4,10.9,28.3,40.4,25.9,14.0,16.5,16.0,0.7,0.5,0.4,-91.5,-12.5,128.7,6.0,16.0,97.2,16.0,0.7,0.6,0.4,-121.3,34.6,101.2,4.6,16.0,109.1,16.0,0.7,0.6,0.4,-55.1,0.0,77.2,9.9,15.0,55.8,14.0,0.7,0.6,0.4,-49.7,16.8,52.7,2.0,15.0,56.3,14.0,0.7,0.6,0.4,-20.2,-5.0,12.2,-5.0,14.0,18.3,16.0,0.7,0.5,0.4,-34.9,3.9,21.5,-1.1,14.0,25.1,16.0,0.7,0.5,0.4,97.5,415.0,1143.0,644.0,18.0,724.5,14.0,0.7,0.6,0.4,95.0,415.0,1145.0,645.0,18.0,725.0,14.0,0.7,0.6,0.4
1974,2,328.0,35.0,16.88,17.8,18.53,17.71,11.0,1.19,10.0,0.3,0.5,0.4,16.77,17.65,18.85,17.78,12.0,1.28,10.0,0.3,0.5,0.4,8.95,10.37,10.79,10.1,10.0,0.97,10.0,0.3,0.5,0.5,72.2,82.2,87.6,81.0,10.0,7.0,10.0,0.3,0.5,4.09,7.2,10.43,7.24,12.0,3.8,10.0,0.3,0.5,0.4,-3.88,0.25,6.59,1.36,12.0,5.04,10.0,0.3,0.5,0.4,0.06,3.27,8.79,4.13,12.0,5.06,10.0,0.3,0.5,0.4,1017.17,1027.45,1030.33,1024.43,12.0,6.49,10.0,0.3,0.5,0.4,1.0,5.0,6.3,4.0,12.0,2.7,10.0,0.3,0.5,0.4,-26.0,0.3,59.7,16.7,12.0,52.0,10.0,0.3,0.5,0.4,-3.3,19.3,84.0,40.8,12.0,60.5,10.0,0.3,0.5,0.4,-0.97,-0.2,1.25,0.04,11.0,1.17,10.0,0.3,0.5,0.4,-7.1,-0.7,8.4,0.8,11.0,9.7,10.0,0.3,0.5,0.4,1.42,2.21,3.29,2.27,10.0,1.02,10.0,0.3,0.5,0.5,5.4,11.1,24.0,14.2,10.0,9.9,10.0,0.3,0.5,0.5,-63.6,4.3,113.9,23.0,12.0,88.7,10.0,0.3,0.5,0.4,1.2,61.5,151.9,73.5,12.0,90.8,10.0,0.3,0.5,0.4,-28.3,2.6,52.6,11.3,10.0,40.9,10.0,0.3,0.5,0.5,-7.3,33.1,85.5,39.2,10.0,54.6,10.0,0.3,0.5,0.5,-6.3,0.6,11.8,2.0,10.0,10.3,10.0,0.3,0.5,0.5,-3.4,7.1,19.2,8.1,10.0,11.8,10.0,0.3,0.5,0.5,77.0,378.5,1135.0,680.5,12.0,924.5,10.0,0.3,0.5,0.4,75.0,380.0,1135.0,680.0,12.0,925.0,10.0,0.3,0.5,0.4
1974,2,328.0,36.0,15.59,17.0,18.0,16.86,23.0,1.17,18.0,0.7,0.6,0.4,14.89,17.9,19.0,17.35,25.0,1.94,16.0,0.6,0.6,0.4,9.24,9.98,11.27,10.02,19.0,1.59,16.0,0.7,0.6,0.4,72.1,81.3,90.2,81.0,20.0,10.9,16.0,0.7,0.4,3.1,7.2,12.2,7.7,25.0,4.27,16.0,0.6,0.6,0.4,-1.33,2.46,7.31,2.23,25.0,5.81,16.0,0.6,0.6,0.4,-1.74,2.96,7.24,2.31,25.0,5.95,16.0,0.6,0.6,0.4,1012.55,1024.65,1029.59,1022.27,24.0,7.92,16.0,0.7,0.6,0.4,3.8,6.0,8.0,5.7,25.0,1.9,16.0,0.6,0.6,0.4,-5.2,10.6,66.2,19.0,25.0,79.5,16.0,0.6,0.6,0.4,-10.0,13.6,66.9,18.4,25.0,74.9,16.0,0.6,0.6,0.4,-2.13,0.05,1.37,-0.26,22.0,1.72,16.0,0.6,0.6,0.4,-9.5,0.5,9.5,0.2,22.0,14.0,16.0,0.6,0.6,0.4,0.73,1.95,2.65,1.85,18.0,1.66,16.0,0.8,0.6,0.4,3.6,7.3,21.4,11.1,18.0,11.0,16.0,0.8,0.6,0.4,-22.6,40.4,113.7,38.1,24.0,102.4,16.0,0.6,0.6,0.4,-34.6,67.6,129.1,46.5,24.0,98.7,16.0,0.6,0.6,0.4,0.0,26.4,50.6,26.0,18.0,39.6,16.0,0.8,0.6,0.4,-33.5,16.2,68.5,13.6,18.0,61.2,16.0,0.8,0.6,0.4,-2.4,4.0,10.6,4.2,18.0,6.6,16.0,0.8,0.6,0.4,-6.0,0.8,17.5,1.2,18.0,13.7,16.0,0.8,0.6,0.4,30.0,373.0,1842.5,912.5,25.0,1351.5,16.0,0.6,0.6,0.4,30.0,375.0,1840.0,910.0,25.0,1350.0,16.0,0.6,0.6,0.4
1974,2,328.0,37.0,15.57,16.45,17.53,16.6,24.0,1.15,16.0,0.4,0.6,0.4,15.2,16.65,17.5,16.29,24.0,1.38,16.0,0.4,0.6,0.4,8.0,9.78,10.41,9.3,22.0,1.59,16.0,0.4,0.6,0.4,73.8,83.4,90.0,81.5,22.0,10.0,16.0,0.4,0.4,4.27,6.2,9.63,6.86,22.0,2.88,16.0,0.5,0.6,0.4,-4.05,-1.41,3.67,-0.3,22.0,4.37,16.0,0.5,0.6,0.4,-3.96,3.98,8.2,3.15,22.0,5.29,16.0,0.5,0.6,0.4,1016.73,1024.0,1032.1,1023.84,25.0,7.01,16.0,0.4,0.7,0.4,3.0,6.0,8.0,5.5,25.0,2.2,16.0,0.4,0.7,0.4,-32.5,-7.5,29.6,-2.2,22.0,40.4,16.0,0.5,0.6,0.4,-24.8,20.9,76.3,30.1,22.0,52.0,16.0,0.5,0.6,0.4,-1.0,-0.3,1.31,0.31,24.0,2.09,16.0,0.4,0.6,0.4,-6.0,-1.0,9.2,2.1,21.0,11.8,16.0,0.4,0.6,0.4,0.86,1.68,4.33,2.34,22.0,2.0,16.0,0.4,0.6,0.4,6.7,15.4,31.8,16.1,19.0,12.0,16.0,0.4,0.6,0.5,-58.0,-13.8,56.7,0.0,21.0,72.4,16.0,0.4,0.6,0.4,-32.5,75.1,142.5,61.1,21.0,81.3,16.0,0.4,0.6,0.4,-34.8,-8.0,31.8,-2.1,19.0,37.3,16.0,0.4,0.6,0.5,-27.2,41.1,87.0,33.3,19.0,47.1,16.0,0.4,0.6,0.5,-7.1,-0.2,7.2,-0.3,19.0,10.5,16.0,0.4,0.6,0.5,-9.6,7.5,14.8,2.9,19.0,17.2,16.0,0.4,0.6,0.5,78.5,238.5,895.5,501.5,22.0,630.0,16.0,0.5,0.6,0.4,80.0,240.0,895.0,500.0,22.0,630.0,16.0,0.5,0.6,0.4
1974,2,328.0,38.0,15.6,16.45,16.79,16.35,18.0,0.84,16.0,0.7,0.5,0.5,13.82,15.9,17.06,15.58,18.0,1.7,16.0,0.7,0.5,0.5,6.79,9.43,10.62,8.93,17.0,1.89,16.0,0.8,0.5,0.5,64.9,86.2,94.6,82.1,17.0,13.5,16.0,0.8,0.5,4.6,7.7,12.3,8.15,17.0,4.07,14.0,0.7,0.5,0.5,-2.33,0.0,4.64,1.17,17.0,4.99,14.0,0.7,0.5,0.5,-5.28,3.52,9.37,1.38,17.0,7.67,14.0,0.7,0.5,0.5,1019.64,1025.45,1029.79,1024.2,18.0,6.48,16.0,0.7,0.5,0.5,3.1,6.0,8.0,5.8,17.0,2.6,16.0,0.8,0.5,0.5,-15.8,0.0,31.0,14.1,17.0,62.4,14.0,0.7,0.5,0.5,-36.8,16.2,100.6,9.5,17.0,94.2,14.0,0.7,0.5,0.5,-0.86,0.45,2.86,0.77,18.0,1.82,16.0,0.7,0.5,0.5,-7.6,0.3,23.2,5.1,17.0,16.5,14.0,0.7,0.5,0.5,0.75,2.1,4.35,2.5,17.0,1.94,16.0,0.8,0.5,0.5,4.1,14.0,31.0,18.6,16.0,17.2,16.0,0.8,0.5,0.5,-36.6,0.0,71.2,21.4,17.0,78.6,14.0,0.7,0.5,0.5,-75.8,55.7,156.4,28.8,17.0,116.2,14.0,0.7,0.5,0.5,-24.2,0.0,30.6,6.0,16.0,35.5,16.0,0.8,0.5,0.5,-43.8,28.3,84.1,13.7,16.0,67.8,16.0,0.8,0.5,0.5,-7.6,0.0,12.9,-1.3,16.0,16.1,16.0,0.8,0.5,0.5,-22.5,0.6,8.3,-4.2,16.0,19.6,16.0,0.8,0.5,0.5,97.5,456.5,1861.0,959.0,17.0,1241.0,14.0,0.7,0.5,0.5,95.0,455.0,1860.0,960.0,17.0,1240.0,14.0,0.7,0.5,0.5
1974,2,328.0,39.0,15.0,15.5,16.0,15.33,21.0,0.93,12.0,0.5,0.6,0.4,12.8,14.5,16.25,14.66,23.0,2.16,12.0,0.5,0.6,0.5,6.91,8.82,10.07,8.57,19.0,1.82,10.0,0.4,0.6,0.4,68.3,85.1,94.0,81.7,19.0,13.5,10.0,0.4,0.4,6.45,8.7,12.12,9.27,23.0,3.11,12.0,0.5,0.6,0.5,-2.72,2.98,9.01,3.0,23.0,5.51,12.0,0.5,0.6,0.5,-7.17,2.55,9.41,1.38,23.0,7.6,12.0,0.5,0.6,0.5,1015.29,1021.4,1027.1,1021.01,23.0,6.08,12.0,0.5,0.6,0.5,2.0,4.0,7.5,4.7,23.0,2.3,12.0,0.5,0.6,0.5,-21.4,25.9,93.2,38.8,23.0,66.5,12.0,0.5,0.6,0.5,-57.0,13.0,90.0,19.4,23.0,86.0,12.0,0.5,0.6,0.5,-0.5,1.0,2.83,1.0,21.0,1.59,12.0,0.5,0.6,0.4,-4.6,9.0,25.8,9.5,21.0,16.3,12.0,0.5,0.6,0.4,0.67,2.12,4.26,2.38,17.0,1.91,10.0,0.4,0.6,0.4,6.6,12.6,43.8,22.0,17.0,20.9,10.0,0.4,0.6,0.4,-49.0,40.8,116.6,39.9,23.0,77.1,12.0,0.5,0.6,0.5,-107.6,38.3,136.9,22.7,23.0,112.6,12.0,0.5,0.6,0.5,-29.6,14.5,78.5,21.5,19.0,49.9,10.0,0.4,0.6,0.4,-51.1,22.0,79.6,16.7,19.0,66.2,10.0,0.4,0.6,0.4,-7.8,1.5,13.1,6.3,17.0,16.9,10.0,0.4,0.6,0.4,-18.3,3.5,8.8,-4.6,17.0,24.5,10.0,0.4,0.6,0.4,269.0,658.5,1843.0,1075.0,23.0,1129.5,12.0,0.5,0.6,0.5,270.0,660.0,1845.0,1075.0,23.0,1130.0,12.0,0.5,0.6,0.5
1974,2,328.0,40.0,13.06,15.0,16.0,14.74,14.0,1.45,16.0,0.6,0.5,0.5,12.94,15.0,16.44,14.62,19.0,2.24,18.0,0.6,0.5,0.4,7.27,9.2,10.02,8.65,15.0,1.58,18.0,0.6,0.5,0.4,67.9,84.1,88.4,81.1,15.0,12.4,18.0,0.6,0.4,4.5,9.0,14.3,9.44,18.0,4.79,18.0,0.6,0.5,0.4,-4.3,2.42,7.87,2.68,18.0,6.65,18.0,0.6,0.5,0.4,-4.63,1.4,9.9,2.35,18.0,7.72,18.0,0.6,0.5,0.4,1012.38,1022.7,1026.56,1018.86,18.0,9.25,18.0,0.6,0.5,0.4,2.9,6.0,8.0,5.5,19.0,2.4,18.0,0.6,0.5,0.4,-27.2,11.4,107.1,33.7,18.0,86.2,18.0,0.6,0.5,0.4,-44.4,5.6,110.9,32.8,18.0,108.2,18.0,0.6,0.5,0.4,-2.72,-0.8,1.91,-0.56,14.0,2.14,16.0,0.6,0.5,0.5,-16.8,-8.4,20.7,-6.8,13.0,26.0,16.0,0.5,0.5,0.5,-0.2,0.93,3.43,1.46,12.0,1.83,16.0,0.6,0.5,0.4,-2.7,6.1,25.7,14.2,11.0,22.7,16.0,0.5,0.5,0.4,-60.6,35.3,127.8,42.9,18.0,99.9,18.0,0.6,0.5,0.4,-66.0,17.8,154.9,41.9,18.0,115.1,18.0,0.6,0.5,0.4,-37.4,18.4,84.0,23.1,14.0,62.0,18.0,0.6,0.5,0.4,-42.8,23.6,94.1,28.2,14.0,72.6,18.0,0.6,0.5,0.4,-3.8,2.4,11.9,7.1,11.0,23.4,16.0,0.5,0.5,0.4,-12.9,-2.8,3.0,-3.6,11.0,11.0,16.0,0.5,0.5,0.4,101.5,731.5,2934.5,1451.0,18.0,1572.5,18.0,0.6,0.5,0.4,100.0,730.0,2935.0,1450.0,18.0,1570.0,18.0,0.6,0.5,0.4
1974,2,328.0,41.0,13.84,14.35,15.38,14.49,8.0,0.67,12.0,0.1,0.6,0.5,10.92,14.0,15.18,13.71,9.0,2.82,12.0,0.2,0.6,0.6,7.19,7.93,8.88,7.89,6.0,1.1,12.0,0.0,0.7,0.6,80.2,86.7,92.9,86.2,6.0,6.6,12.0,0.0,0.6,7.83,9.3,14.56,10.61,9.0,4.31,12.0,0.2,0.6,0.6,-1.27,6.5,8.82,4.31,9.0,7.41,12.0,0.2,0.6,0.6,-5.55,1.61,8.17,2.09,9.0,8.03,12.0,0.2,0.6,0.6,1003.48,1014.6,1025.84,1014.56,9.0,12.3,12.0,0.2,0.6,0.6,2.3,7.5,8.0,6.0,8.0,2.7,12.0,0.3,0.7,0.6,-6.5,58.4,116.4,58.0,9.0,95.8,12.0,0.2,0.6,0.6,-45.3,15.0,91.2,41.9,9.0,123.4,12.0,0.2,0.6,0.6,-1.5,0.85,3.6,0.81,8.0,2.72,12.0,0.1,0.6,0.5,-15.5,8.6,33.8,9.9,8.0,23.2,12.0,0.1,0.6,0.5,1.58,2.2,3.1,2.28,6.0,1.11,12.0,0.0,0.7,0.6,12.5,19.4,33.0,21.2,6.0,11.1,12.0,0.0,0.7,0.6,-24.6,83.8,120.2,51.1,9.0,106.6,12.0,0.2,0.6,0.6,-55.1,23.1,97.9,32.5,9.0,106.8,12.0,0.2,0.6,0.6,-19.2,42.0,63.2,20.6,6.0,61.7,12.0,0.0,0.7,0.6,-48.9,0.9,27.6,-4.4,6.0,49.9,12.0,0.0,0.7,0.6,-1.3,15.0,22.3,11.5,6.0,12.0,12.0,0.0,0.7,0.6,-18.7,-0.7,8.7,-2.4,6.0,18.8,12.0,0.0,0.7,0.6,482.0,804.5,3169.5,1773.5,9.0,2185.5,12.0,0.2,0.6,0.6,480.0,805.0,3170.0,1775.0,9.0,2185.0,12.0,0.2,0.6,0.6
1974,2,328.0,42.0,13.0,14.6,15.41,14.25,11.0,1.45,20.0,0.7,0.4,0.4,11.15,13.15,15.28,13.29,14.0,2.07,18.0,0.6,0.5,0.5,4.47,7.95,9.84,7.27,10.0,2.45,16.0,0.6,0.5,0.4,56.1,77.0,88.2,74.6,10.0,16.7,16.0,0.6,0.4,9.3,11.15,14.24,11.57,14.0,4.42,18.0,0.6,0.5,0.5,-5.65,0.0,7.0,2.28,14.0,8.06,18.0,0.6,0.5,0.5,-4.73,8.38,10.98,5.21,14.0,8.0,18.0,0.6,0.5,0.5,1011.22,1016.5,1027.05,1016.44,14.0,13.11,18.0,0.6,0.5,0.5,3.8,5.0,8.0,5.3,13.0,2.5,20.0,0.6,0.5,0.5,-61.6,0.0,65.4,46.0,14.0,155.1,18.0,0.6,0.5,0.5,-66.9,91.5,125.5,69.7,14.0,100.5,18.0,0.6,0.5,0.5,-0.71,0.0,1.65,0.4,11.0,1.25,20.0,0.7,0.4,0.4,-7.9,0.0,20.1,3.3,11.0,16.8,20.0,0.7,0.4,0.4,1.06,1.5,3.91,2.19,8.0,1.54,18.0,0.8,0.4,0.3,12.0,15.3,57.8,29.7,8.0,22.9,18.0,0.8,0.4,0.3,-68.4,0.0,90.7,29.7,14.0,111.4,18.0,0.6,0.5,0.5,-46.0,118.9,169.6,81.0,14.0,105.8,18.0,0.6,0.5,0.5,-17.1,6.9,47.4,21.1,10.0,61.7,16.0,0.6,0.5,0.4,-32.6,66.7,107.1,46.4,10.0,70.5,16.0,0.6,0.5,0.4,-2.7,2.4,51.8,16.3,8.0,26.8,18.0,0.8,0.4,0.3,-16.8,11.6,15.1,2.5,8.0,22.4,18.0,0.8,0.4,0.3,804.5,1387.0,2901.0,2272.0,14.0,3306.0,18.0,0.6,0.5,0.5,805.0,1385.0,2900.0,2270.0,14.0,3305.0,18.0,0.6,0.5,0.5
1974,2,328.0,43.0,11.92,13.4,14.59,13.47,11.0,1.36,16.0,0.6,0.5,0.5,11.07,11.95,14.13,12.63,12.0,1.47,16.0,0.7,0.5,0.5,5.65,7.19,9.06,7.35,10.0,1.66,14.0,0.6,0.4,0.5,70.8,82.5,89.7,80.9,10.0,12.2,14.0,0.6,0.5,7.04,10.8,15.4,11.43,12.0,5.39,16.0,0.7,0.5,0.5,-1.52,4.47,10.11,4.82,12.0,8.37,16.0,0.7,0.5,0.5,-1.72,5.62,13.34,4.8,12.0,7.15,16.0,0.7,0.5,0.5,1008.64,1018.7,1023.1,1016.11,11.0,9.05,16.0,0.6,0.5,0.5,5.3,8.0,8.0,7.0,11.0,2.0,16.0,0.7,0.5,0.4,-14.1,22.8,128.2,83.8,12.0,164.2,16.0,0.7,0.5,0.5,-17.2,62.8,205.4,69.0,12.0,97.5,16.0,0.7,0.5,0.5,0.0,0.6,2.05,0.79,11.0,1.33,16.0,0.6,0.5,0.5,0.0,7.7,24.1,8.0,11.0,15.5,16.0,0.6,0.5,0.5,0.56,2.19,3.14,2.07,10.0,1.38,14.0,0.6,0.4,0.5,5.2,22.8,34.9,27.0,10.0,29.7,14.0,0.6,0.4,0.5,-16.4,53.2,119.2,58.8,12.0,101.8,16.0,0.7,0.5,0.5,-19.6,63.0,190.4,62.7,12.0,98.7,16.0,0.7,0.5,0.5,-18.2,45.1,72.5,31.3,10.0,57.2,14.0,0.6,0.4,0.5,7.3,44.5,119.1,53.5,10.0,55.5,14.0,0.6,0.4,0.5,-4.9,4.8,29.0,15.4,10.0,33.9,14.0,0.6,0.4,0.5,0.3,11.6,22.3,10.6,10.0,12.3,14.0,0.6,0.4,0.5,374.0,1332.5,3652.5,2517.0,12.0,3647.5,16.0,0.7,0.5,0.5,375.0,1335.0,3650.0,2515.0,12.0,3645.0,16.0,0.7,0.5,0.5
1974,2,328.0,44.0,12.13,12.75,14.23,13.08,10.0,1.23,14.0,0.4,0.7,0.3,10.41,12.7,14.29,12.19,14.0,2.27,14.0,0.4,0.7,0.4,5.54,7.36,9.18,7.25,12.0,1.81,14.0,0.3,0.7,0.4,65.4,89.0,93.8,82.9,12.0,13.2,14.0,0.3,0.4,6.76,14.9,22.01,14.13,14.0,7.61,14.0,0.4,0.7,0.4,2.17,6.87,20.08,8.83,14.0,8.6,14.0,0.4,0.7,0.4,-7.4,2.46,13.19,2.52,14.0,10.4,14.0,0.4,0.7,0.4,1001.79,1014.5,1026.62,1013.86,14.0,9.86,14.0,0.4,0.7,0.4,5.1,7.0,8.0,6.6,14.0,1.5,14.0,0.4,0.7,0.4,12.3,84.6,415.2,165.4,14.0,198.3,14.0,0.4,0.7,0.4,-76.1,19.6,202.5,25.7,14.0,213.6,14.0,0.4,0.7,0.4,-1.74,0.15,3.77,0.67,10.0,2.55,14.0,0.4,0.7,0.3,-20.6,1.2,18.9,4.6,10.0,36.8,14.0,0.4,0.7,0.3,0.11,1.9,3.29,1.82,9.0,1.55,14.0,0.3,0.7,0.3,0.9,14.0,56.3,22.8,9.0,27.3,14.0,0.3,0.7,0.3,23.7,85.5,173.3,99.7,14.0,92.3,14.0,0.4,0.7,0.4,-59.2,22.9,167.9,40.3,14.0,134.0,14.0,0.4,0.7,0.4,14.7,45.1,98.2,50.6,12.0,51.1,14.0,0.3,0.7,0.4,-42.1,7.4,81.8,11.6,12.0,67.3,14.0,0.3,0.7,0.4,-1.4,6.0,31.3,15.1,9.0,23.6,14.0,0.3,0.7,0.3,-12.5,0.0,10.0,-4.9,9.0,22.0,14.0,0.3,0.7,0.3,310.5,3319.0,10664.5,5065.5,14.0,5289.5,14.0,0.4,0.7,0.4,310.0,3320.0,10665.0,5065.0,14.0,5290.0,14.0,0.4,0.7,0.4
1974,2,328.0,45.0,12.24,12.75,13.52,12.88,4.0,0.85,18.0,0.8,0.8,0.2,9.95,11.2,12.42,11.07,7.0,1.37,16.0,0.6,0.7,0.3,4.28,5.18,5.52,4.91,4.0,0.86,14.0,0.5,0.8,0.3,57.1,67.5,71.4,64.4,4.0,10.4,14.0,0.5,0.3,4.69,11.4,14.52,10.07,6.0,5.0,14.0,0.5,0.7,0.2,-0.49,0.44,6.82,2.93,6.0,6.0,14.0,0.5,0.7,0.2,0.54,5.49,13.41,5.99,6.0,7.56,14.0,0.5,0.7,0.2,1015.76,1024.9,1029.18,1022.04,7.0,9.64,16.0,0.6,0.7,0.3,5.0,6.0,7.0,6.0,4.0,1.6,12.0,0.8,1.0,0.3,-1.5,2.3,80.3,41.6,6.0,82.1,14.0,0.5,0.7,0.2,-0.4,59.6,180.6,82.3,6.0,97.4,14.0,0.5,0.7,0.2,0.65,2.0,2.36,1.53,4.0,1.31,18.0,0.8,0.8,0.2,0.5,14.7,23.8,12.3,4.0,14.5,18.0,0.8,0.8,0.2,4.12,4.55,4.97,4.55,2.0,0.88,18.0,0.5,0.7,0.0,22.5,36.3,50.1,36.3,2.0,28.6,18.0,0.5,0.7,0.0,-4.9,4.0,78.7,33.5,6.0,67.0,14.0,0.5,0.7,0.2,6.5,64.1,170.4,75.9,6.0,90.5,14.0,0.5,0.7,0.2,-4.6,4.3,54.1,24.3,3.0,46.4,12.0,0.3,0.8,0.1,-14.5,7.4,11.6,-1.2,3.0,20.5,12.0,0.3,0.8,0.1,-1.5,21.7,44.9,21.7,2.0,48.0,18.0,0.5,0.7,0.0,9.9,10.1,10.2,10.1,2.0,0.3,18.0,0.5,0.7,0.0,111.5,1569.0,3066.5,1610.5,6.0,1448.0,14.0,0.5,0.7,0.2,110.0,1570.0,3065.0,1610.0,6.0,1450.0,14.0,0.5,0.7,0.2
1974,2,328.0,46.0,11.7,12.3,14.04,12.76,5.0,1.2,18.0,0.8,0.7,0.1,10.02,11.4,12.73,11.43,8.0,1.78,16.0,0.6,0.6,0.2,5.45,6.12,6.9,6.17,4.0,1.01,12.0,0.8,0.6,0.2,68.3,78.2,88.5,78.4,4.0,12.1,12.0,0.8,0.2,6.62,13.9,15.65,12.19,7.0,5.46,14.0,0.7,0.6,0.2,3.76,11.8,14.64,10.59,7.0,6.06,14.0,0.7,0.6,0.2,-6.33,0.0,3.5,-0.15,7.0,5.96,14.0,0.7,0.6,0.2,1013.06,1019.75,1026.9,1017.93,8.0,10.19,16.0,0.6,0.6,0.2,5.1,7.5,8.0,6.4,8.0,2.4,16.0,0.6,0.6,0.2,19.0,181.7,216.5,156.3,7.0,133.9,14.0,0.7,0.6,0.2,-47.1,0.0,39.2,1.7,7.0,89.7,14.0,0.7,0.6,0.2,-0.5,0.5,1.37,0.46,5.0,0.95,18.0,0.8,0.7,0.1,-3.6,2.6,8.9,2.7,4.0,7.3,18.0,1.0,0.7,0.1,2.43,2.85,3.27,2.85,2.0,0.87,16.0,1.0,0.7,0.1,21.2,22.0,22.8,22.0,2.0,1.7,16.0,1.0,0.7,0.1,54.0,136.9,159.1,113.2,7.0,55.1,14.0,0.7,0.6,0.2,-62.8,0.0,42.5,0.9,7.0,65.8,14.0,0.7,0.6,0.2,32.2,81.1,111.4,72.2,4.0,48.5,12.0,0.8,0.6,0.2,-36.9,-15.7,10.5,-13.3,4.0,28.5,12.0,0.8,0.6,0.2,9.8,13.7,17.7,13.7,2.0,8.2,16.0,1.0,0.7,0.1,-17.2,-7.3,2.5,-7.3,2.0,20.4,16.0,1.0,0.7,0.1,292.5,2685.5,3895.5,2756.5,7.0,2984.5,14.0,0.7,0.6,0.2,290.0,2685.0,3895.0,2755.0,7.0,2985.0,14.0,0.7,0.6,0.2
1974,2,328.0,47.0,9.75,10.85,11.85,10.68,12.0,1.05,14.0,0.7,0.5,0.4,7.3,9.0,10.58,8.88,13.0,1.84,14.0,0.7,0.6,0.4,5.05,5.43,6.6,5.63,10.0,0.84,12.0,0.6,0.6,0.5,73.8,86.9,93.8,82.6,10.0,12.1,12.0,0.6,0.5,8.09,13.0,16.55,12.73,13.0,4.58,14.0,0.7,0.6,0.4,3.48,9.3,16.55,9.3,13.0,8.04,14.0,0.7,0.6,0.4,-2.7,0.0,8.25,0.76,13.0,6.13,14.0,0.7,0.6,0.4,992.88,1013.1,1025.71,1009.58,13.0,14.28,14.0,0.7,0.6,0.4,4.9,6.0,8.0,6.5,13.0,1.7,14.0,0.7,0.6,0.4,13.4,107.0,273.9,142.1,13.0,145.5,14.0,0.7,0.6,0.4,-33.9,0.0,72.1,9.8,13.0,72.8,14.0,0.7,0.6,0.4,0.75,1.55,3.46,2.03,12.0,1.92,14.0,0.7,0.5,0.4,4.5,25.9,49.0,27.8,12.0,29.5,14.0,0.7,0.5,0.4,1.34,2.69,3.45,2.42,10.0,1.2,12.0,0.6,0.6,0.5,11.8,37.5,48.5,34.0,10.0,20.9,12.0,0.6,0.6,0.5,22.9,83.7,152.5,77.6,13.0,74.1,14.0,0.7,0.6,0.4,-25.4,0.0,75.1,10.8,13.0,54.5,14.0,0.7,0.6,0.4,24.7,67.6,86.3,58.1,10.0,37.7,12.0,0.6,0.6,0.5,-24.7,0.0,27.6,-0.4,10.0,34.0,12.0,0.6,0.6,0.5,4.1,25.7,48.5,27.6,10.0,23.6,12.0,0.6,0.6,0.5,-6.9,0.0,8.4,-1.1,10.0,17.6,12.0,0.6,0.6,0.5,531.5,2197.0,4532.5,2777.5,13.0,2386.0,14.0,0.7,0.6,0.4,530.0,2195.0,4530.0,2775.0,13.0,2385.0,14.0,0.7,0.6,0.4
1974,2,328.0,48.0,10.0,11.0,11.22,10.83,7.0,0.6,14.0,0.6,0.7,0.3,7.93,8.5,9.81,8.56,7.0,1.17,14.0,0.6,0.7,0.3,4.36,5.44,5.8,5.29,7.0,0.68,14.0,0.6,0.7,0.3,65.8,76.7,83.6,76.5,7.0,9.7,14.0,0.6,0.3,6.62,8.2,10.14,8.89,7.0,3.9,14.0,0.6,0.7,0.3,-1.6,3.28,9.58,4.86,7.0,6.93,14.0,0.6,0.7,0.3,-4.18,0.0,6.4,0.79,7.0,5.56,14.0,0.6,0.7,0.3,1004.47,1015.0,1016.72,1009.6,7.0,14.65,14.0,0.6,0.7,0.3,3.8,6.0,8.0,5.6,7.0,2.8,14.0,0.6,0.7,0.3,-13.6,16.7,99.7,62.0,7.0,107.5,14.0,0.6,0.7,0.3,-33.9,0.0,43.7,4.5,7.0,43.4,14.0,0.6,0.7,0.3,0.96,2.0,3.1,2.27,7.0,1.54,14.0,0.6,0.7,0.3,8.3,13.8,34.3,20.2,7.0,14.6,14.0,0.6,0.7,0.3,2.28,2.8,3.26,2.78,7.0,0.57,14.0,0.6,0.7,0.3,14.9,19.9,37.7,25.7,7.0,15.1,14.0,0.6,0.7,0.3,-15.8,27.9,76.7,37.4,7.0,55.9,14.0,0.6,0.7,0.3,-28.3,0.0,62.8,10.6,7.0,51.0,14.0,0.6,0.7,0.3,-9.3,17.8,41.7,22.1,7.0,32.2,14.0,0.6,0.7,0.3,-23.5,0.0,35.0,4.6,7.0,31.4,14.0,0.6,0.7,0.3,-3.7,9.2,35.6,16.1,7.0,22.3,14.0,0.6,0.7,0.3,-12.6,0.0,14.3,1.0,7.0,14.0,14.0,0.6,0.7,0.3,292.5,551.5,1131.0,1114.0,7.0,1696.5,14.0,0.6,0.7,0.3,295.0,550.0,1130.0,1115.0,7.0,1695.0,14.0,0.6,0.7,0.3
1974,2,328.0,49.0,8.13,10.15,10.81,9.77,6.0,1.62,20.0,0.7,0.6,0.2,9.41,11.65,12.21,11.0,6.0,1.85,20.0,0.7,0.6,0.2,5.39,6.59,7.53,6.41,5.0,1.57,20.0,0.6,0.7,0.2,63.9,76.5,89.7,76.6,5.0,14.3,20.0,0.6,0.2,5.85,13.2,15.14,11.35,6.0,5.68,20.0,0.7,0.6,0.2,-2.27,0.0,13.87,3.45,6.0,8.46,20.0,0.7,0.6,0.2,2.45,8.55,12.15,7.97,6.0,4.99,20.0,0.7,0.6,0.2,1005.1,1018.3,1019.55,1014.2,6.0,7.68,20.0,0.7,0.6,0.2,5.8,7.5,8.0,7.0,6.0,1.3,20.0,0.7,0.6,0.2,-17.5,0.0,213.3,62.8,6.0,130.2,20.0,0.7,0.6,0.2,29.8,84.8,207.5,104.5,6.0,89.1,20.0,0.7,0.6,0.2,-2.72,-1.15,0.5,-1.23,6.0,2.6,20.0,0.7,0.6,0.2,-34.7,-5.3,7.1,-15.5,6.0,44.6,20.0,0.7,0.6,0.2,0.43,0.61,2.04,1.25,5.0,1.52,20.0,0.6,0.7,0.2,3.4,4.1,25.8,15.0,5.0,23.4,20.0,0.6,0.7,0.2,-24.5,0.0,125.9,36.1,6.0,90.0,20.0,0.7,0.6,0.2,25.5,88.8,155.0,91.3,6.0,62.8,20.0,0.7,0.6,0.2,-3.1,0.0,66.6,26.6,5.0,41.9,20.0,0.6,0.7,0.2,13.0,48.4,88.4,52.3,5.0,44.0,20.0,0.6,0.7,0.2,-0.5,0.0,22.3,11.5,5.0,24.8,20.0,0.6,0.7,0.2,2.4,4.1,8.7,5.3,5.0,3.4,20.0,0.6,0.7,0.2,242.5,2357.0,3573.5,2308.5,6.0,2142.5,20.0,0.7,0.6,0.2,240.0,2355.0,3575.0,2310.0,6.0,2140.0,20.0,0.7,0.6,0.2
1974,2,328.0,50.0,9.33,10.05,10.77,10.05,2.0,1.48,14.0,1.0,0.4,0.5,7.38,8.85,10.32,8.85,2.0,3.04,14.0,1.0,0.4,0.5,5.25,6.19,7.12,6.19,2.0,1.93,14.0,1.0,0.4,0.5,79.8,85.4,91.0,85.4,2.0,11.5,14.0,1.0,0.5,17.99,19.05,20.11,19.05,2.0,2.19,14.0,1.0,0.4,0.5,6.15,6.52,6.88,6.52,2.0,0.75,14.0,1.0,0.4,0.5,-13.68,-1.46,10.76,-1.46,2.0,25.32,14.0,1.0,0.4,0.5,990.43,1002.55,1014.67,1002.55,2.0,25.1,14.0,1.0,0.4,0.5,8.0,8.0,8.0,8.0,1.0,0.0,20.0,1.0,0.3,0.8,111.2,124.9,138.7,124.9,2.0,28.6,14.0,1.0,0.4,0.5,-289.8,-55.5,178.8,-55.5,2.0,485.5,14.0,1.0,0.4,0.5,-0.98,1.2,3.38,1.2,2.0,4.53,14.0,1.0,0.4,0.5,-15.1,27.8,70.7,27.8,2.0,88.8,14.0,1.0,0.4,0.5,0.16,1.55,2.95,1.55,2.0,2.89,14.0,1.0,0.4,0.5,4.5,32.8,61.0,32.8,2.0,58.5,14.0,1.0,0.4,0.5,50.2,56.5,62.9,56.5,2.0,13.2,14.0,1.0,0.4,0.5,-80.4,25.6,131.6,25.6,2.0,219.6,14.0,1.0,0.4,0.5,35.8,39.6,43.4,39.6,2.0,7.9,14.0,1.0,0.4,0.5,-58.8,15.4,89.6,15.4,2.0,153.8,14.0,1.0,0.4,0.5,1.5,11.2,20.9,11.2,2.0,20.0,14.0,1.0,0.4,0.5,-59.9,-38.9,-17.9,-38.9,2.0,43.5,14.0,1.0,0.4,0.5,5896.0,7050.5,8205.0,7050.5,2.0,2391.5,14.0,1.0,0.4,0.5,5895.0,7050.0,8205.0,7050.0,2.0,2390.0,14.0,1.0,0.4,0.5
1974,2,328.0,51.0,8.91,9.35,9.79,9.35,2.0,0.92,24.0,0.5,0.8,0.5,8.33,8.6,8.87,8.6,2.0,0.57,24.0,0.5,0.8,0.5,4.89,4.89,4.89,4.89,1.0,0.0,22.0,1.0,0.5,0.9,72.5,79.2,85.9,79.2,2.0,13.9,24.0,0.5,0.5,9.78,10.8,11.82,10.8,2.0,2.12,24.0,0.5,0.8,0.5,1.13,3.56,5.99,3.56,2.0,5.04,24.0,0.5,0.8,0.5,-3.08,3.16,9.4,3.16,2.0,12.92,24.0,0.5,0.8,0.5,1020.6,1020.6,1020.6,1020.6,1.0,0.0,22.0,1.0,0.5,0.9,4.6,6.0,7.4,6.0,2.0,2.8,24.0,0.5,0.8,0.5,10.5,33.1,55.7,33.1,2.0,46.8,24.0,0.5,0.8,0.5,-22.8,47.8,118.5,47.8,2.0,146.3,24.0,0.5,0.8,0.5,0.58,0.75,0.92,0.75,2.0,0.35,24.0,0.5,0.8,0.5,5.9,8.5,11.1,8.5,2.0,5.4,24.0,0.5,0.8,0.5,2.66,2.66,2.66,2.66,1.0,0.0,22.0,1.0,0.5,0.9,32.7,32.7,32.7,32.7,1.0,0.0,22.0,1.0,0.5,0.9,9.3,29.2,49.1,29.2,2.0,41.3,24.0,0.5,0.8,0.5,-23.7,30.8,85.4,30.8,2.0,112.9,24.0,0.5,0.8,0.5,0.0,0.0,0.0,0.0,1.0,0.0,22.0,1.0,0.5,0.9,60.1,60.1,60.1,60.1,1.0,0.0,22.0,1.0,0.5,0.9,0.0,0.0,0.0,0.0,1.0,0.0,22.0,1.0,0.5,0.9,32.7,32.7,32.7,32.7,1.0,0.0,22.0,1.0,0.5,0.9,972.0,1332.5,1693.0,1332.5,2.0,747.0,24.0,0.5,0.8,0.5,970.0,1335.0,1695.0,1335.0,2.0,745.0,24.0,0.5,0.8,0.5
1974,2,328.0,52.0,6.47,7.9,9.33,7.9,2.0,2.97,8.0,0.0,0.3,0.6,5.87,6.25,6.63,6.25,2.0,0.78,8.0,0.0,0.3,0.6,5.08,5.16,5.24,5.16,2.0,0.16,8.0,0.0,0.3,0.6,84.4,85.2,86.0,85.2,2.0,1.6,8.0,0.0,0.6,0.81,2.55,4.29,2.55,2.0,3.61,8.0,0.0,0.3,0.6,0.4,1.28,2.15,1.28,2.0,1.8,8.0,0.0,0.3,0.6,0.7,2.21,3.72,2.21,2.0,3.12,8.0,0.0,0.3,0.6,982.88,984.35,985.82,984.35,2.0,3.04,8.0,0.0,0.3,0.6,2.1,4.5,6.9,4.5,2.0,4.9,8.0,0.0,0.3,0.6,2.1,6.5,10.9,6.5,2.0,9.2,8.0,0.0,0.3,0.6,3.6,11.3,19.0,11.3,2.0,15.9,8.0,0.0,0.3,0.6,0.59,1.65,2.71,1.65,2.0,2.19,8.0,0.0,0.3,0.6,0.1,0.3,0.4,0.3,2.0,0.4,8.0,0.0,0.3,0.6,1.11,1.69,2.26,1.69,2.0,1.2,8.0,0.0,0.3,0.6,0.7,2.1,3.6,2.1,2.0,3.0,8.0,0.0,0.3,0.6,2.3,7.3,12.2,7.3,2.0,10.3,8.0,0.0,0.3,0.6,4.0,12.6,21.2,12.6,2.0,17.8,8.0,0.0,0.3,0.6,2.0,6.4,10.8,6.4,2.0,9.1,8.0,0.0,0.3,0.6,3.5,11.1,18.7,11.1,2.0,15.8,8.0,0.0,0.3,0.6,0.3,1.1,1.8,1.1,2.0,1.5,8.0,0.0,0.3,0.6,0.6,1.9,3.1,1.9,2.0,2.6,8.0,0.0,0.3,0.6,21.0,66.5,111.5,66.5,2.0,94.0,8.0,0.0,0.3,0.6,20.0,65.0,110.0,65.0,2.0,95.0,8.0,0.0,0.3,0.6
1974,2,328.0,53.0,6.03,8.45,10.87,8.45,2.0,5.02,18.0,0.5,0.4,0.2,4.4,6.35,8.3,6.35,2.0,4.03,18.0,0.5,0.4,0.2,4.31,4.31,4.31,4.31,1.0,0.0,18.0,0.0,0.5,0.1,88.0,88.0,88.0,88.0,1.0,0.0,18.0,0.0,0.1,13.2,16.2,19.2,16.2,2.0,6.22,18.0,0.5,0.4,0.2,6.23,10.94,15.65,10.94,2.0,9.76,18.0,0.5,0.4,0.2,10.43,10.69,10.96,10.69,2.0,0.56,18.0,0.5,0.4,0.2,1005.0,1008.45,1011.9,1008.45,2.0,7.14,18.0,0.5,0.4,0.2,8.0,8.0,8.0,8.0,2.0,0.0,18.0,0.5,0.4,0.2,98.4,207.6,316.7,207.6,2.0,226.2,18.0,0.5,0.4,0.2,143.8,171.5,199.3,171.5,2.0,57.5,18.0,0.5,0.4,0.2,1.62,2.1,2.58,2.1,2.0,0.99,18.0,0.5,0.4,0.2,29.5,30.9,32.4,30.9,2.0,3.0,18.0,0.5,0.4,0.2,1.1,1.1,1.1,1.1,1.0,0.0,18.0,0.0,0.5,0.1,22.6,22.6,22.6,22.6,1.0,0.0,18.0,0.0,0.5,0.1,41.1,49.8,58.4,49.8,2.0,17.9,18.0,0.5,0.4,0.2,46.5,69.0,91.5,69.0,2.0,46.6,18.0,0.5,0.4,0.2,76.9,76.9,76.9,76.9,1.0,0.0,18.0,0.0,0.5,0.1,44.4,44.4,44.4,44.4,1.0,0.0,18.0,0.0,0.5,0.1,19.6,19.6,19.6,19.6,1.0,0.0,18.0,0.0,0.5,0.1,11.3,11.3,11.3,11.3,1.0,0.0,18.0,0.0,0.5,0.1,2769.5,5192.5,7615.0,5192.5,2.0,5019.5,18.0,0.5,0.4,0.2,2770.0,5190.0,7615.0,5190.0,2.0,5020.0,18.0,0.5,0.4,0.2
1974,2,328.0,54.0,6.48,7.1,8.14,7.3,4.0,1.25,18.0,0.5,0.3,0.2,2.69,3.4,5.06,3.85,4.0,1.67,18.0,0.5,0.3,0.2,3.28,4.8,4.88,4.1,3.0,1.32,14.0,0.7,0.4,0.3,62.3,80.0,90.3,76.4,3.0,20.8,14.0,0.7,0.3,14.01,16.95,21.25,17.6,4.0,4.99,18.0,0.5,0.3,0.2,-3.15,8.86,18.4,7.68,4.0,13.09,18.0,0.5,0.3,0.2,-10.63,1.55,12.97,1.19,4.0,13.64,18.0,0.5,0.3,0.2,979.78,991.75,997.49,988.78,4.0,12.45,18.0,0.5,0.3,0.2,5.6,7.0,7.0,6.3,3.0,1.2,14.0,0.7,0.4,0.3,-53.7,153.4,399.3,171.9,4.0,279.5,18.0,0.5,0.3,0.2,-155.8,35.0,257.6,50.2,4.0,239.5,18.0,0.5,0.3,0.2,1.8,4.4,5.01,3.45,4.0,2.48,18.0,0.5,0.3,0.2,33.0,74.2,102.3,67.9,4.0,52.9,18.0,0.5,0.3,0.2,1.56,2.49,3.34,2.45,3.0,1.31,14.0,0.7,0.4,0.3,28.6,60.2,65.1,47.1,3.0,29.0,14.0,0.7,0.4,0.3,-3.7,30.0,64.0,30.1,4.0,42.6,18.0,0.5,0.3,0.2,-52.2,3.0,39.8,-5.8,4.0,56.1,18.0,0.5,0.3,0.2,19.7,40.2,83.2,51.2,3.0,47.4,14.0,0.7,0.4,0.3,-47.1,-23.2,33.3,-7.3,3.0,60.5,14.0,0.7,0.4,0.3,18.2,52.2,56.3,37.6,3.0,30.7,14.0,0.7,0.4,0.3,-27.3,-13.6,16.2,-5.7,3.0,32.6,14.0,0.7,0.4,0.3,2888.5,4926.0,10201.5,6471.5,4.0,5384.5,18.0,0.5,0.3,0.2,2890.0,4925.0,10200.0,6470.0,4.0,5385.0,18.0,0.5,0.3,0.2
1974,2,328.0,55.0,5.0,5.0,5.0,5.0,1.0,0.0,14.0,1.0,0.8,0.9,6.0,6.0,6.0,6.0,1.0,0.0,14.0,1.0,0.8,0.9,4.32,4.32,4.32,4.32,1.0,0.0,14.0,1.0,0.8,0.9,73.4,73.4,73.4,73.4,1.0,0.0,14.0,1.0,0.9,7.66,10.8,13.94,10.8,2.0,6.51,22.0,1.0,0.9,0.4,-5.74,-5.55,-5.36,-5.55,2.0,0.4,22.0,1.0,0.9,0.4,-11.84,-6.18,-0.51,-6.18,2.0,11.73,22.0,1.0,0.9,0.4,997.9,1004.15,1010.4,1004.15,2.0,12.94,22.0,1.0,0.9,0.4,6.2,6.5,6.8,6.5,2.0,0.7,22.0,1.0,0.9,0.4,-74.0,-58.6,-43.3,-58.6,2.0,31.8,22.0,1.0,0.9,0.4,-185.4,-104.9,-24.3,-104.9,2.0,166.9,22.0,1.0,0.9,0.4,-1.0,-1.0,-1.0,-1.0,1.0,0.0,14.0,1.0,0.8,0.9,-15.4,-15.4,-15.4,-15.4,1.0,0.0,14.0,1.0,0.8,0.9,1.18,1.18,1.18,1.18,1.0,0.0,14.0,1.0,0.8,0.9,18.1,18.1,18.1,18.1,1.0,0.0,14.0,1.0,0.8,0.9,-31.6,-31.6,-31.6,-31.6,1.0,0.0,14.0,1.0,0.8,0.9,-86.8,-86.8,-86.8,-86.8,1.0,0.0,14.0,1.0,0.8,0.9,-22.7,-22.7,-22.7,-22.7,1.0,0.0,14.0,1.0,0.8,0.9,-62.5,-62.5,-62.5,-62.5,1.0,0.0,14.0,1.0,0.8,0.9,-6.2,-6.2,-6.2,-6.2,1.0,0.0,14.0,1.0,0.8,0.9,-17.0,-17.0,-17.0,-17.0,1.0,0.0,14.0,1.0,0.8,0.9,780.0,1945.5,3110.5,1945.5,2.0,2414.0,22.0,1.0,0.9,0.4,780.0,1945.0,3110.0,1945.0,2.0,2415.0,22.0,1.0,0.9,0.4
1974,2,328.0,56.0,6.0,6.0,6.0,6.0,1.0,0.0,14.0,1.0,0.9,0.1,1.8,3.1,4.4,3.1,2.0,2.69,16.0,0.5,0.7,0.4,4.82,4.82,4.82,4.82,1.0,0.0,14.0,1.0,0.9,0.1,86.9,86.9,86.9,86.9,1.0,0.0,14.0,1.0,0.1,11.42,14.9,18.38,14.9,2.0,7.21,16.0,0.5,0.7,0.4,10.99,13.56,16.13,13.56,2.0,5.32,16.0,0.5,0.7,0.4,1.59,5.0,8.41,5.0,2.0,7.07,16.0,0.5,0.7,0.4,985.92,986.4,986.88,986.4,2.0,0.99,16.0,0.5,0.7,0.4,7.0,7.0,7.0,7.0,1.0,0.0,14.0,1.0,0.9,0.1,135.8,221.2,306.7,221.2,2.0,177.0,16.0,0.5,0.7,0.4,31.7,100.0,168.3,100.0,2.0,141.4,16.0,0.5,0.7,0.4,1.0,1.0,1.0,1.0,1.0,0.0,14.0,1.0,0.9,0.1,9.8,9.8,9.8,9.8,1.0,0.0,14.0,1.0,0.9,0.1,1.13,1.13,1.13,1.13,1.0,0.0,14.0,1.0,0.9,0.1,11.1,11.1,11.1,11.1,1.0,0.0,14.0,1.0,0.9,0.1,25.3,34.9,44.5,34.9,2.0,20.0,16.0,0.5,0.7,0.4,1.9,6.0,10.1,6.0,2.0,8.5,16.0,0.5,0.7,0.4,47.2,47.2,47.2,47.2,1.0,0.0,14.0,1.0,0.9,0.1,0.0,0.0,0.0,0.0,1.0,0.0,14.0,1.0,0.9,0.1,11.1,11.1,11.1,11.1,1.0,0.0,14.0,1.0,0.9,0.1,0.0,0.0,0.0,0.0,1.0,0.0,14.0,1.0,0.9,0.1,2061.5,4470.5,6880.0,4470.5,2.0,4991.5,16.0,0.5,0.7,0.4,2060.0,4470.0,6880.0,4470.0,2.0,4990.0,16.0,0.5,0.7,0.4
1974,2,328.0,57.0,,,,,,,,,,,,,,,,,,,,,,,,,,,,,,,,,,,,,,,,12.95,15.0,19.1,16.0,3.0,4.58,20.0,0.0,0.4,0.3,-3.0,6.0,8.49,2.82,3.0,8.85,20.0,0.0,0.4,0.3,10.74,11.49,17.12,13.87,3.0,5.11,20.0,0.0,0.4,0.3,1002.99,1004.9,1009.68,1006.3,3.0,5.05,20.0,0.0,0.4,0.3,,,,,,,,,,,,,,,,,,,,,,,,,,,,,,,,,,,,,,,,,,,,,,,,,,,,,,,,,,,,,,,,,,,,,,,,,,,,,,,,,,,,,,,,,,,,,,,,,,,,,,,,,,,,,,,,,,,,,,,,,,,,,,,,,,,,,,,,,,,,,,,,,,,,,,
1974,2,328.0,58.0,,,,,,,,,,,,,,,,,,,,,,,,,,,,,,,,,,,,,,,,9.3,9.3,9.3,9.3,1.0,0.0,16.0,0.0,0.8,0.2,8.74,8.74,8.74,8.74,1.0,0.0,16.0,0.0,0.8,0.2,-3.18,-3.18,-3.18,-3.18,1.0,0.0,16.0,0.0,0.8,0.2,999.6,999.6,999.6,999.6,1.0,0.0,16.0,0.0,0.8,0.2,,,,,,,,,,,,,,,,,,,,,,,,,,,,,,,,,,,,,,,,,,,,,,,,,,,,,,,,,,,,,,,,,,,,,,,,,,,,,,,,,,,,,,,,,,,,,,,,,,,,,,,,,,,,,,,,,,,,,,,,,,,,,,,,,,,,,,,,,,,,,,,,,,,,,,
1974,2,328.0,59.0,,,,,,,,,,,,,,,,,,,,,,,,,,,,,,,,,,,,,,,,9.3,9.3,9.3,9.3,1.0,0.0,26.0,1.0,0.8,0.6,3.18,3.18,3.18,3.18,1.0,0.0,26.0,1.0,0.8,0.6,8.74,8.74,8.74,8.74,1.0,0.0,26.0,1.0,0.8,0.6,994.0,994.0,994.0,994.0,1.0,0.0,26.0,1.0,0.8,0.6,,,,,,,,,,,,,,,,,,,,,,,,,,,,,,,,,,,,,,,,,,,,,,,,,,,,,,,,,,,,,,,,,,,,,,,,,,,,,,,,,,,,,,,,,,,,,,,,,,,,,,,,,,,,,,,,,,,,,,,,,,,,,,,,,,,,,,,,,,,,,,,,,,,,,,
1974,2,328.0,60.0,4.5,4.5,4.5,4.5,1.0,0.0,6.0,1.0,0.2,0.6,4.0,4.5,5.52,4.75,4.0,0.96,18.0,0.5,0.6,0.3,4.69,4.69,4.69,4.69,1.0,0.0,6.0,1.0,0.2,0.6,93.2,93.2,93.2,93.2,1.0,0.0,6.0,1.0,0.6,5.79,10.05,11.59,8.75,4.0,4.28,18.0,0.5,0.6,0.3,-4.3,-1.22,0.0,-2.11,4.0,2.83,18.0,0.5,0.6,0.3,-3.31,5.84,11.59,4.22,4.0,9.1,18.0,0.5,0.6,0.3,990.8,993.5,1003.54,997.0,4.0,10.38,18.0,0.5,0.6,0.3,6.0,7.5,8.0,7.0,4.0,1.4,18.0,0.5,0.6,0.3,-32.2,-3.2,0.0,-15.5,4.0,26.9,18.0,0.5,0.6,0.3,-33.6,59.5,134.8,51.0,4.0,100.8,18.0,0.5,0.6,0.3,0.5,0.5,0.5,0.5,1.0,0.0,6.0,1.0,0.2,0.6,1.3,1.3,1.3,1.3,1.0,0.0,6.0,1.0,0.2,0.6,0.52,0.52,0.52,0.52,1.0,0.0,6.0,1.0,0.2,0.6,1.4,1.4,1.4,1.4,1.0,0.0,6.0,1.0,0.2,0.6,-17.2,-4.9,0.0,-8.4,4.0,11.3,18.0,0.5,0.6,0.3,-13.2,28.8,64.4,25.7,4.0,46.7,18.0,0.5,0.6,0.3,-11.5,-11.5,-11.5,-11.5,1.0,0.0,6.0,1.0,0.2,0.6,4.2,4.2,4.2,4.2,1.0,0.0,6.0,1.0,0.2,0.6,-1.3,-1.3,-1.3,-1.3,1.0,0.0,6.0,1.0,0.2,0.6,0.5,0.5,0.5,0.5,1.0,0.0,6.0,1.0,0.2,0.6,392.0,1032.0,1574.5,985.5,4.0,777.0,18.0,0.5,0.6,0.3,390.0,1030.0,1575.0,985.0,4.0,775.0,18.0,0.5,0.6,0.3
1974,2,328.0,61.0,4.93,5.0,6.0,5.36,5.0,0.59,16.0,1.0,0.5,0.4,1.45,1.7,2.07,1.74,5.0,0.38,16.0,1.0,0.5,0.4,3.0,3.58,4.14,3.56,5.0,0.59,16.0,1.0,0.5,0.4,69.3,85.3,92.2,81.5,5.0,12.2,16.0,1.0,0.4,12.27,13.4,13.58,12.88,5.0,1.46,16.0,1.0,0.5,0.4,11.35,12.59,12.81,12.11,5.0,1.17,16.0,1.0,0.5,0.4,2.13,4.58,5.45,4.05,5.0,2.07,16.0,1.0,0.5,0.4,993.36,994.8,996.27,994.8,5.0,1.69,16.0,1.0,0.5,0.4,7.0,7.0,8.0,7.4,5.0,0.5,16.0,1.0,0.5,0.4,144.4,168.7,171.7,157.2,5.0,29.7,16.0,1.0,0.5,0.4,26.5,61.4,74.3,53.8,5.0,30.5,16.0,1.0,0.5,0.4,2.85,3.8,4.34,3.62,5.0,0.79,16.0,1.0,0.5,0.4,35.3,50.9,58.9,47.3,5.0,14.0,16.0,1.0,0.5,0.4,1.33,1.92,2.88,2.08,5.0,0.8,16.0,1.0,0.5,0.4,16.4,25.7,39.2,27.4,5.0,12.3,16.0,1.0,0.5,0.4,17.7,21.4,23.8,20.9,5.0,4.1,16.0,1.0,0.5,0.4,4.4,5.5,9.0,6.6,5.0,2.9,16.0,1.0,0.5,0.4,37.2,42.1,48.5,43.0,5.0,7.6,16.0,1.0,0.5,0.4,8.8,14.1,17.7,13.5,5.0,5.0,16.0,1.0,0.5,0.4,16.2,24.2,35.7,25.4,5.0,10.4,16.0,1.0,0.5,0.4,2.8,8.8,15.8,9.6,5.0,7.7,16.0,1.0,0.5,0.4,1926.5,2406.0,2508.0,2199.5,5.0,630.5,16.0,1.0,0.5,0.4,1925.0,2405.0,2510.0,2200.0,5.0,630.0,16.0,1.0,0.5,0.4
1974,2,329.0,-77.0,-1.5,-1.5,-1.5,-1.5,1.0,0.0,10.0,1.0,0.6,0.9,-6.1,-6.1,-6.1,-6.1,1.0,0.0,10.0,1.0,0.6,0.9,2.01,2.01,2.01,2.01,1.0,0.0,10.0,1.0,0.6,0.9,81.2,81.2,81.2,81.2,1.0,0.0,10.0,1.0,0.9,,,,,,,,,,,,,,,,,,,,,,,,,,,,,,,,,,,,,,,,,,,,,,,,,,,,,,,,,,,,,,,,,,,,,,,,,,,,,,,,,,,,,,,,,,,,,,,,,,,,,,,,,,,,,,,,,,,,,,,,,,,,,,,,,,,,,,,,,,,,,,,,,,,,,,,,,,,,,,,,,,,,,,,,,,,,,,,,,,,,,,,,,,,,,,
1974,2,329.0,-74.0,-1.8,-1.8,-1.8,-1.8,1.0,0.0,12.0,1.0,0.7,0.9,-5.5,-5.5,-5.5,-5.5,1.0,0.0,12.0,1.0,0.7,0.9,1.92,1.92,1.92,1.92,1.0,0.0,12.0,1.0,0.7,0.9,74.6,74.6,74.6,74.6,1.0,0.0,12.0,1.0,0.9,3.1,3.1,3.1,3.1,1.0,0.0,12.0,1.0,0.7,0.9,3.1,3.1,3.1,3.1,1.0,0.0,12.0,1.0,0.7,0.9,0.0,0.0,0.0,0.0,1.0,0.0,12.0,1.0,0.7,0.9,985.1,985.1,985.1,985.1,1.0,0.0,12.0,1.0,0.7,0.9,8.0,8.0,8.0,8.0,1.0,0.0,12.0,1.0,0.7,0.9,9.6,9.6,9.6,9.6,1.0,0.0,12.0,1.0,0.7,0.9,0.0,0.0,0.0,0.0,1.0,0.0,12.0,1.0,0.7,0.9,3.7,3.7,3.7,3.7,1.0,0.0,12.0,1.0,0.7,0.9,11.5,11.5,11.5,11.5,1.0,0.0,12.0,1.0,0.7,0.9,1.48,1.48,1.48,1.48,1.0,0.0,12.0,1.0,0.7,0.9,4.6,4.6,4.6,4.6,1.0,0.0,12.0,1.0,0.7,0.9,-17.0,-17.0,-17.0,-17.0,1.0,0.0,12.0,1.0,0.7,0.9,0.0,0.0,0.0,0.0,1.0,0.0,12.0,1.0,0.7,0.9,6.0,6.0,6.0,6.0,1.0,0.0,12.0,1.0,0.7,0.9,0.0,0.0,0.0,0.0,1.0,0.0,12.0,1.0,0.7,0.9,4.6,4.6,4.6,4.6,1.0,0.0,12.0,1.0,0.7,0.9,0.0,0.0,0.0,0.0,1.0,0.0,12.0,1.0,0.7,0.9,30.0,30.0,30.0,30.0,1.0,0.0,12.0,1.0,0.7,0.9,30.0,30.0,30.0,30.0,1.0,0.0,12.0,1.0,0.7,0.9
1974,2,329.0,-50.0,,,,,,,,,,,,,,,,,,,,,,,,,,,,,,,,,,,,,,,,6.0,6.0,6.0,6.0,1.0,0.0,18.0,0.0,0.2,0.5,4.6,4.6,4.6,4.6,1.0,0.0,18.0,0.0,0.2,0.5,-3.86,-3.86,-3.86,-3.86,1.0,0.0,18.0,0.0,0.2,0.5,1017.8,1017.8,1017.8,1017.8,1.0,0.0,18.0,0.0,0.2,0.5,0.0,0.0,0.0,0.0,1.0,0.0,18.0,0.0,0.2,0.5,27.6,27.6,27.6,27.6,1.0,0.0,18.0,0.0,0.2,0.5,-23.1,-23.1,-23.1,-23.1,1.0,0.0,18.0,0.0,0.2,0.5,,,,,,,,,,,,,,,,,,,,,,,,,,,,,,,,,,,,,,,,,23.9,23.9,23.9,23.9,1.0,0.0,18.0,0.0,0.2,0.5,-20.1,-20.1,-20.1,-20.1,1.0,0.0,18.0,0.0,0.2,0.5,21.0,21.0,21.0,21.0,1.0,0.0,18.0,0.0,0.2,0.5,-17.6,-17.6,-17.6,-17.6,1.0,0.0,18.0,0.0,0.2,0.5,,,,,,,,,,,,,,,,,,,,,,,,,,,,,,,,,,,,,,,,
1974,2,329.0,-36.0,22.0,22.0,22.0,22.0,1.0,0.0,6.0,0.0,0.4,0.4,22.2,22.2,22.2,22.2,1.0,0.0,6.0,0.0,0.4,0.4,15.18,15.18,15.18,15.18,1.0,0.0,6.0,0.0,0.4,0.4,91.8,91.8,91.8,91.8,1.0,0.0,6.0,0.0,0.4,,,,,,,,,,,,,,,,,,,,,,,,,,,,,,,,,,,,,,,,,,,,,,,,,,,,,,,,,,,,,,,,,,,,,,,,,,,,,,,,,,,,,,,,,,,,,,,,,,,,,,,,,,,,,,,,,,,,,,,,,,,,,,,,,,,,,,,,,,,,,,,,,,,,,,,,,,,,,,,,,,,,,,,,,,,,,,,,,,,,,,,,,,,,,,
1974,2,329.0,-35.0,21.59,22.15,22.87,22.23,4.0,0.85,14.0,0.8,0.3,0.7,20.93,21.3,23.03,21.95,4.0,1.8,14.0,0.8,0.3,0.7,11.37,12.83,14.9,13.12,4.0,2.77,14.0,0.8,0.3,0.7,74.2,82.0,84.6,79.5,4.0,8.6,14.0,0.8,0.7,4.9,7.0,7.37,6.18,4.0,2.14,14.0,0.8,0.3,0.7,0.31,1.22,2.6,1.44,4.0,1.8,14.0,0.8,0.3,0.7,-6.89,-6.78,-4.72,-5.85,4.0,1.93,14.0,0.8,0.3,0.7,1015.46,1018.6,1018.86,1017.23,4.0,3.09,14.0,0.8,0.3,0.7,3.5,4.5,5.0,4.3,4.0,1.0,14.0,0.8,0.3,0.7,3.2,8.5,19.6,11.3,4.0,13.1,14.0,0.8,0.3,0.7,-49.9,-48.3,-27.6,-39.2,4.0,20.3,14.0,0.8,0.3,0.7,-0.68,0.3,1.23,0.28,4.0,1.29,14.0,0.8,0.3,0.7,-5.2,2.1,4.8,-0.1,4.0,7.0,14.0,0.8,0.3,0.7,1.91,3.15,5.16,3.52,4.0,2.37,14.0,0.8,0.3,0.7,13.8,20.1,22.2,18.1,4.0,6.9,14.0,0.8,0.3,0.7,6.7,25.9,61.9,33.9,4.0,44.0,14.0,0.8,0.3,0.7,-155.8,-146.8,-101.8,-129.6,4.0,46.6,14.0,0.8,0.3,0.7,4.7,15.6,41.3,22.6,4.0,29.6,14.0,0.8,0.3,0.7,-100.7,-88.5,-57.7,-79.6,4.0,35.1,14.0,0.8,0.3,0.7,-0.2,3.8,4.1,2.1,4.0,3.7,14.0,0.8,0.3,0.7,-21.9,-19.8,-13.1,-17.6,4.0,7.2,14.0,0.8,0.3,0.7,177.5,343.0,402.5,292.5,4.0,185.0,14.0,0.8,0.3,0.7,175.0,345.0,400.0,290.0,4.0,185.0,14.0,0.8,0.3,0.7
1974,2,329.0,-32.0,24.0,24.0,24.0,24.0,1.0,0.0,12.0,1.0,1.0,0.3,21.8,21.8,21.8,21.8,1.0,0.0,12.0,1.0,1.0,0.3,12.25,12.25,12.25,12.25,1.0,0.0,12.0,1.0,1.0,0.3,76.1,76.1,76.1,76.1,1.0,0.0,12.0,1.0,0.3,8.0,8.0,8.0,8.0,1.0,0.0,12.0,1.0,1.0,0.3,-5.14,-5.14,-5.14,-5.14,1.0,0.0,12.0,1.0,1.0,0.3,6.13,6.13,6.13,6.13,1.0,0.0,12.0,1.0,1.0,0.3,1021.0,1021.0,1021.0,1021.0,1.0,0.0,12.0,1.0,1.0,0.3,3.0,3.0,3.0,3.0,1.0,0.0,12.0,1.0,1.0,0.3,-41.1,-41.1,-41.1,-41.1,1.0,0.0,12.0,1.0,1.0,0.3,49.0,49.0,49.0,49.0,1.0,0.0,12.0,1.0,1.0,0.3,2.2,2.2,2.2,2.2,1.0,0.0,12.0,1.0,1.0,0.3,17.6,17.6,17.6,17.6,1.0,0.0,12.0,1.0,1.0,0.3,6.22,6.22,6.22,6.22,1.0,0.0,12.0,1.0,1.0,0.3,49.8,49.8,49.8,49.8,1.0,0.0,12.0,1.0,1.0,0.3,-112.1,-112.1,-112.1,-112.1,1.0,0.0,12.0,1.0,1.0,0.3,133.6,133.6,133.6,133.6,1.0,0.0,12.0,1.0,1.0,0.3,-63.0,-63.0,-63.0,-63.0,1.0,0.0,12.0,1.0,1.0,0.3,75.0,75.0,75.0,75.0,1.0,0.0,12.0,1.0,1.0,0.3,-32.0,-32.0,-32.0,-32.0,1.0,0.0,12.0,1.0,1.0,0.3,38.1,38.1,38.1,38.1,1.0,0.0,12.0,1.0,1.0,0.3,512.0,512.0,512.0,512.0,1.0,0.0,12.0,1.0,1.0,0.3,510.0,510.0,510.0,510.0,1.0,0.0,12.0,1.0,1.0,0.3
1974,2,329.0,-31.0,25.8,25.8,25.8,25.8,1.0,0.0,8.0,1.0,0.5,0.5,25.2,25.2,25.2,25.2,1.0,0.0,8.0,1.0,0.5,0.5,16.16,16.16,16.16,16.16,1.0,0.0,8.0,1.0,0.5,0.5,81.4,81.4,81.4,81.4,1.0,0.0,8.0,1.0,0.5,4.6,4.6,4.6,4.6,1.0,0.0,8.0,1.0,0.5,0.5,-2.96,-2.96,-2.96,-2.96,1.0,0.0,8.0,1.0,0.5,0.5,-3.52,-3.52,-3.52,-3.52,1.0,0.0,8.0,1.0,0.5,0.5,1019.5,1019.5,1019.5,1019.5,1.0,0.0,8.0,1.0,0.5,0.5,2.0,2.0,2.0,2.0,1.0,0.0,8.0,1.0,0.5,0.5,-13.6,-13.6,-13.6,-13.6,1.0,0.0,8.0,1.0,0.5,0.5,-16.2,-16.2,-16.2,-16.2,1.0,0.0,8.0,1.0,0.5,0.5,0.6,0.6,0.6,0.6,1.0,0.0,8.0,1.0,0.5,0.5,2.8,2.8,2.8,2.8,1.0,0.0,8.0,1.0,0.5,0.5,4.46,4.46,4.46,4.46,1.0,0.0,8.0,1.0,0.5,0.5,20.5,20.5,20.5,20.5,1.0,0.0,8.0,1.0,0.5,0.5,-74.5,-74.5,-74.5,-74.5,1.0,0.0,8.0,1.0,0.5,0.5,-88.8,-88.8,-88.8,-88.8,1.0,0.0,8.0,1.0,0.5,0.5,-47.8,-47.8,-47.8,-47.8,1.0,0.0,8.0,1.0,0.5,0.5,-56.9,-56.9,-56.9,-56.9,1.0,0.0,8.0,1.0,0.5,0.5,-13.2,-13.2,-13.2,-13.2,1.0,0.0,8.0,1.0,0.5,0.5,-15.7,-15.7,-15.7,-15.7,1.0,0.0,8.0,1.0,0.5,0.5,97.5,97.5,97.5,97.5,1.0,0.0,8.0,1.0,0.5,0.5,95.0,95.0,95.0,95.0,1.0,0.0,8.0,1.0,0.5,0.5
1974,2,329.0,-29.0,,,,,,,,,,,,,,,,,,,,,,,,,,,,,,,,,,,,,,,,8.0,8.0,8.0,8.0,1.0,0.0,14.0,1.0,0.2,0.9,-2.74,-2.74,-2.74,-2.74,1.0,0.0,14.0,1.0,0.2,0.9,-7.52,-7.52,-7.52,-7.52,1.0,0.0,14.0,1.0,0.2,0.9,1018.0,1018.0,1018.0,1018.0,1.0,0.0,14.0,1.0,0.2,0.9,,,,,,,,,,,,,,,,,,,,,,,,,,,,,,,,,,,,,,,,,,,,,,,,,,,,,,,,,,,,,,,,,,,,,,,,,,,,,,,,,,,,,,,,,,,,,,,,,,,,,,,,,,,,,,,,,,,,,,,,,,,,,,,,,,,,,,,,,,,,,,,,,,,,,,
1974,2,329.0,-28.0,25.0,25.0,25.0,25.0,1.0,0.0,20.0,0.0,0.4,1.0,26.0,26.0,26.0,26.0,1.0,0.0,20.0,0.0,0.4,1.0,16.26,16.26,16.26,16.26,1.0,0.0,20.0,0.0,0.4,1.0,77.7,77.7,77.7,77.7,1.0,0.0,20.0,0.0,1.0,4.1,4.1,4.1,4.1,1.0,0.0,20.0,0.0,0.4,1.0,2.05,2.05,2.05,2.05,1.0,0.0,20.0,0.0,0.4,1.0,-3.55,-3.55,-3.55,-3.55,1.0,0.0,20.0,0.0,0.4,1.0,1013.5,1013.5,1013.5,1013.5,1.0,0.0,20.0,0.0,0.4,1.0,2.0,2.0,2.0,2.0,1.0,0.0,20.0,0.0,0.4,1.0,8.4,8.4,8.4,8.4,1.0,0.0,20.0,0.0,0.4,1.0,-14.6,-14.6,-14.6,-14.6,1.0,0.0,20.0,0.0,0.4,1.0,-1.0,-1.0,-1.0,-1.0,1.0,0.0,20.0,0.0,0.4,1.0,-4.1,-4.1,-4.1,-4.1,1.0,0.0,20.0,0.0,0.4,1.0,3.51,3.51,3.51,3.51,1.0,0.0,20.0,0.0,0.4,1.0,14.4,14.4,14.4,14.4,1.0,0.0,20.0,0.0,0.4,1.0,53.3,53.3,53.3,53.3,1.0,0.0,20.0,0.0,0.4,1.0,-92.3,-92.3,-92.3,-92.3,1.0,0.0,20.0,0.0,0.4,1.0,33.3,33.3,33.3,33.3,1.0,0.0,20.0,0.0,0.4,1.0,-57.7,-57.7,-57.7,-57.7,1.0,0.0,20.0,0.0,0.4,1.0,7.2,7.2,7.2,7.2,1.0,0.0,20.0,0.0,0.4,1.0,-12.5,-12.5,-12.5,-12.5,1.0,0.0,20.0,0.0,0.4,1.0,69.0,69.0,69.0,69.0,1.0,0.0,20.0,0.0,0.4,1.0,70.0,70.0,70.0,70.0,1.0,0.0,20.0,0.0,0.4,1.0
1974,2,329.0,-27.0,25.11,25.55,25.99,25.55,2.0,0.92,10.0,1.0,0.5,0.3,23.81,24.9,25.99,24.9,2.0,2.26,10.0,1.0,0.5,0.3,16.21,16.61,17.0,16.61,2.0,0.81,10.0,1.0,0.5,0.3,81.7,85.2,88.6,85.2,2.0,7.1,10.0,1.0,0.3,6.34,9.0,11.66,9.0,2.0,5.52,10.0,1.0,0.5,0.3,-6.13,-5.43,-4.74,-5.43,2.0,1.44,10.0,1.0,0.5,0.3,-9.8,-6.86,-3.92,-6.86,2.0,6.1,10.0,1.0,0.5,0.3,1015.85,1017.45,1019.05,1017.45,2.0,3.32,10.0,1.0,0.5,0.3,2.1,4.5,6.9,4.5,2.0,4.9,10.0,1.0,0.5,0.3,-73.6,-52.9,-32.2,-52.9,2.0,42.9,10.0,1.0,0.5,0.3,-123.3,-78.6,-33.8,-78.6,2.0,92.7,10.0,1.0,0.5,0.3,0.0,0.65,1.3,0.65,2.0,1.34,10.0,1.0,0.5,0.3,2.0,9.6,17.1,9.6,2.0,15.7,10.0,1.0,0.5,0.3,3.64,3.76,3.88,3.76,2.0,0.25,10.0,1.0,0.5,0.3,24.2,33.1,42.1,33.1,2.0,18.5,10.0,1.0,0.5,0.3,-145.0,-133.7,-122.3,-133.7,2.0,23.5,10.0,1.0,0.5,0.3,-229.7,-163.9,-98.2,-163.9,2.0,136.3,10.0,1.0,0.5,0.3,-99.0,-89.6,-80.3,-89.6,2.0,19.5,10.0,1.0,0.5,0.3,-157.6,-111.5,-65.3,-111.5,2.0,95.7,10.0,1.0,0.5,0.3,-22.2,-20.2,-18.3,-20.2,2.0,4.1,10.0,1.0,0.5,0.3,-35.3,-25.0,-14.8,-25.0,2.0,21.2,10.0,1.0,0.5,0.3,452.5,1139.5,1827.0,1139.5,2.0,1424.0,10.0,1.0,0.5,0.3,450.0,1140.0,1825.0,1140.0,2.0,1425.0,10.0,1.0,0.5,0.3
1974,2,329.0,-23.0,,,,,,,,,,,,,,,,,,,,,,,,,,,,,,,,,,,,,,,,4.6,4.6,4.6,4.6,1.0,0.0,20.0,1.0,0.4,0.4,-4.53,-4.53,-4.53,-4.53,1.0,0.0,20.0,1.0,0.4,0.4,-0.8,-0.8,-0.8,-0.8,1.0,0.0,20.0,1.0,0.4,0.4,1014.0,1014.0,1014.0,1014.0,1.0,0.0,20.0,1.0,0.4,0.4,,,,,,,,,,,,,,,,,,,,,,,,,,,,,,,,,,,,,,,,,,,,,,,,,,,,,,,,,,,,,,,,,,,,,,,,,,,,,,,,,,,,,,,,,,,,,,,,,,,,,,,,,,,,,,,,,,,,,,,,,,,,,,,,,,,,,,,,,,,,,,,,,,,,,,
1974,2,329.0,-21.0,28.03,28.1,28.17,28.1,2.0,0.14,10.0,0.5,0.4,0.7,25.93,26.85,27.77,26.85,2.0,1.91,10.0,0.5,0.4,0.7,18.55,18.55,18.55,18.55,1.0,0.0,16.0,1.0,0.2,1.0,78.0,78.0,78.0,78.0,1.0,0.0,16.0,1.0,1.0,4.66,4.8,4.94,4.8,2.0,0.28,10.0,0.5,0.4,0.7,-3.89,-1.68,0.54,-1.68,2.0,4.59,10.0,0.5,0.4,0.7,-3.77,-2.6,-1.42,-2.6,2.0,2.44,10.0,0.5,0.4,0.7,1012.97,1014.4,1015.83,1014.4,2.0,2.97,10.0,0.5,0.4,0.7,3.5,4.5,5.5,4.5,2.0,2.1,10.0,0.5,0.4,0.7,-19.6,-8.7,2.2,-8.7,2.0,22.5,10.0,0.5,0.4,0.7,-17.4,-12.1,-6.8,-12.1,2.0,11.0,10.0,0.5,0.4,0.7,0.4,1.25,2.1,1.25,2.0,1.77,10.0,0.5,0.4,0.7,2.0,6.3,10.5,6.3,2.0,8.8,10.0,0.5,0.4,0.7,5.31,5.31,5.31,5.31,1.0,0.0,16.0,1.0,0.2,1.0,24.4,24.4,24.4,24.4,1.0,0.0,16.0,1.0,0.2,1.0,-98.6,-40.6,17.4,-40.6,2.0,120.2,10.0,0.5,0.4,0.7,-106.1,-72.0,-38.0,-72.0,2.0,70.5,10.0,0.5,0.4,0.7,29.2,29.2,29.2,29.2,1.0,0.0,16.0,1.0,0.2,1.0,-80.2,-80.2,-80.2,-80.2,1.0,0.0,16.0,1.0,0.2,1.0,8.4,8.4,8.4,8.4,1.0,0.0,16.0,1.0,0.2,1.0,-23.0,-23.0,-23.0,-23.0,1.0,0.0,16.0,1.0,0.2,1.0,101.5,111.0,120.5,111.0,2.0,19.5,10.0,0.5,0.4,0.7,100.0,110.0,120.0,110.0,2.0,20.0,10.0,0.5,0.4,0.7
1974,2,329.0,-19.0,,,,,,,,,,,,,,,,,,,,,,,,,,,,,,,,,,,,,,,,4.0,4.0,4.0,4.0,1.0,0.0,10.0,1.0,0.1,0.5,-2.57,-2.57,-2.57,-2.57,1.0,0.0,10.0,1.0,0.1,0.5,3.06,3.06,3.06,3.06,1.0,0.0,10.0,1.0,0.1,0.5,1014.7,1014.7,1014.7,1014.7,1.0,0.0,10.0,1.0,0.1,0.5,,,,,,,,,,,,,,,,,,,,,,,,,,,,,,,,,,,,,,,,,,,,,,,,,,,,,,,,,,,,,,,,,,,,,,,,,,,,,,,,,,,,,,,,,,,,,,,,,,,,,,,,,,,,,,,,,,,,,,,,,,,,,,,,,,,,,,,,,,,,,,,,,,,,,,
1974,2,329.0,-15.0,,,,,,,,,,,,,,,,,,,,,,,,,,,,,,,,,,,,,,,,2.6,2.6,2.6,2.6,1.0,0.0,2.0,0.0,0.1,0.8,-2.6,-2.6,-2.6,-2.6,1.0,0.0,2.0,0.0,0.1,0.8,0.0,0.0,0.0,0.0,1.0,0.0,2.0,0.0,0.1,0.8,1012.0,1012.0,1012.0,1012.0,1.0,0.0,2.0,0.0,0.1,0.8,,,,,,,,,,,,,,,,,,,,,,,,,,,,,,,,,,,,,,,,,,,,,,,,,,,,,,,,,,,,,,,,,,,,,,,,,,,,,,,,,,,,,,,,,,,,,,,,,,,,,,,,,,,,,,,,,,,,,,,,,,,,,,,,,,,,,,,,,,,,,,,,,,,,,,
1974,2,329.0,-14.0,,,,,,,,,,,,,,,,,,,,,,,,,,,,,,,,,,,,,,,,0.0,0.0,0.0,0.0,1.0,0.0,2.0,0.0,0.2,0.8,0.0,0.0,0.0,0.0,1.0,0.0,2.0,0.0,0.2,0.8,0.0,0.0,0.0,0.0,1.0,0.0,2.0,0.0,0.2,0.8,1012.0,1012.0,1012.0,1012.0,1.0,0.0,2.0,0.0,0.2,0.8,,,,,,,,,,,,,,,,,,,,,,,,,,,,,,,,,,,,,,,,,,,,,,,,,,,,,,,,,,,,,,,,,,,,,,,,,,,,,,,,,,,,,,,,,,,,,,,,,,,,,,,,,,,,,,,,,,,,,,,,,,,,,,,,,,,,,,,,,,,,,,,,,,,,,,
1974,2,329.0,-13.0,,,,,,,,,,,,,,,,,,,,,,,,,,,,,,,,,,,,,,,,6.0,6.0,6.0,6.0,1.0,0.0,4.0,1.0,0.4,0.9,-5.91,-5.91,-5.91,-5.91,1.0,0.0,4.0,1.0,0.4,0.9,-1.04,-1.04,-1.04,-1.04,1.0,0.0,4.0,1.0,0.4,0.9,1010.9,1010.9,1010.9,1010.9,1.0,0.0,4.0,1.0,0.4,0.9,,,,,,,,,,,,,,,,,,,,,,,,,,,,,,,,,,,,,,,,,,,,,,,,,,,,,,,,,,,,,,,,,,,,,,,,,,,,,,,,,,,,,,,,,,,,,,,,,,,,,,,,,,,,,,,,,,,,,,,,,,,,,,,,,,,,,,,,,,,,,,,,,,,,,,
1974,2,329.0,-12.0,28.0,28.0,28.0,28.0,1.0,0.0,2.0,1.0,1.0,0.6,27.0,27.0,27.0,27.0,1.0,0.0,2.0,1.0,1.0,0.6,20.57,20.57,20.57,20.57,1.0,0.0,2.0,1.0,1.0,0.6,92.1,92.1,92.1,92.1,1.0,0.0,2.0,1.0,0.6,3.1,3.1,3.1,3.1,1.0,0.0,2.0,1.0,1.0,0.6,-3.1,-3.1,-3.1,-3.1,1.0,0.0,2.0,1.0,1.0,0.6,0.0,0.0,0.0,0.0,1.0,0.0,2.0,1.0,1.0,0.6,1010.0,1010.0,1010.0,1010.0,1.0,0.0,2.0,1.0,1.0,0.6,2.0,2.0,2.0,2.0,1.0,0.0,2.0,1.0,1.0,0.6,-9.6,-9.6,-9.6,-9.6,1.0,0.0,2.0,1.0,1.0,0.6,0.0,0.0,0.0,0.0,1.0,0.0,2.0,1.0,1.0,0.6,1.0,1.0,1.0,1.0,1.0,0.0,2.0,1.0,1.0,0.6,3.1,3.1,3.1,3.1,1.0,0.0,2.0,1.0,1.0,0.6,3.17,3.17,3.17,3.17,1.0,0.0,2.0,1.0,1.0,0.6,9.8,9.8,9.8,9.8,1.0,0.0,2.0,1.0,1.0,0.6,-83.7,-83.7,-83.7,-83.7,1.0,0.0,2.0,1.0,1.0,0.6,0.0,0.0,0.0,0.0,1.0,0.0,2.0,1.0,1.0,0.6,-63.8,-63.8,-63.8,-63.8,1.0,0.0,2.0,1.0,1.0,0.6,0.0,0.0,0.0,0.0,1.0,0.0,2.0,1.0,1.0,0.6,-9.8,-9.8,-9.8,-9.8,1.0,0.0,2.0,1.0,1.0,0.6,0.0,0.0,0.0,0.0,1.0,0.0,2.0,1.0,1.0,0.6,30.0,30.0,30.0,30.0,1.0,0.0,2.0,1.0,1.0,0.6,30.0,30.0,30.0,30.0,1.0,0.0,2.0,1.0,1.0,0.6
1974,2,329.0,-11.0,27.1,27.1,27.1,27.1,1.0,0.0,14.0,0.0,0.8,0.9,26.55,27.3,28.05,27.3,2.0,1.56,8.0,0.5,0.7,0.8,14.61,14.61,14.61,14.61,1.0,0.0,4.0,1.0,0.7,0.6,62.6,67.4,72.2,67.4,2.0,9.9,8.0,0.5,0.8,2.18,2.35,2.52,2.35,2.0,0.35,8.0,0.5,0.7,0.8,-1.93,-1.82,-1.72,-1.82,2.0,0.21,8.0,0.5,0.7,0.8,-0.29,0.64,1.56,0.64,2.0,1.92,8.0,0.5,0.7,0.8,1008.2,1008.2,1008.2,1008.2,1.0,0.0,4.0,1.0,0.7,0.6,4.2,4.5,4.8,4.5,2.0,0.7,8.0,0.5,0.7,0.8,-4.3,-4.2,-4.2,-4.2,2.0,0.1,8.0,0.5,0.7,0.8,-0.4,1.8,4.1,1.8,2.0,4.7,8.0,0.5,0.7,0.8,,,,,,,,,,,,,,,,,,,,,,,,,,,,,,,,,,,,,,,,,-54.1,-49.9,-45.7,-49.9,2.0,8.7,8.0,0.5,0.7,0.8,-8.9,15.9,40.7,15.9,2.0,51.3,8.0,0.5,0.7,0.8,-28.8,-28.8,-28.8,-28.8,1.0,0.0,4.0,1.0,0.7,0.6,-10.5,-10.5,-10.5,-10.5,1.0,0.0,4.0,1.0,0.7,0.6,,,,,,,,,,,,,,,,,,,,,,,,,,,,,,,,,,,,,,,,
1974,2,329.0,-10.0,,,,,,,,,,,,,,,,,,,,,,,,,,,,,,,,,,,,,,,,8.0,8.0,8.0,8.0,1.0,0.0,20.0,1.0,0.5,0.7,1.39,1.39,1.39,1.39,1.0,0.0,20.0,1.0,0.5,0.7,7.88,7.88,7.88,7.88,1.0,0.0,20.0,1.0,0.5,0.7,1010.1,1010.1,1010.1,1010.1,1.0,0.0,20.0,1.0,0.5,0.7,,,,,,,,,,,,,,,,,,,,,,,,,,,,,,,,,,,,,,,,,,,,,,,,,,,,,,,,,,,,,,,,,,,,,,,,,,,,,,,,,,,,,,,,,,,,,,,,,,,,,,,,,,,,,,,,,,,,,,,,,,,,,,,,,,,,,,,,,,,,,,,,,,,,,,
1974,2,329.0,-9.0,27.3,27.3,27.98,27.63,3.0,0.58,12.0,0.3,0.9,0.2,26.08,27.1,27.17,26.63,3.0,0.9,12.0,0.3,0.9,0.2,15.95,16.79,18.32,17.13,3.0,1.76,12.0,0.3,0.9,0.2,73.3,82.0,83.5,78.5,3.0,8.0,12.0,0.3,0.2,4.42,5.1,6.53,5.47,3.0,1.58,12.0,0.3,0.9,0.2,-6.43,-5.02,-4.35,-5.38,3.0,1.56,12.0,0.3,0.9,0.2,-0.38,0.71,1.08,0.36,3.0,1.11,12.0,0.3,0.9,0.2,1007.88,1008.9,1010.95,1009.4,3.0,2.29,12.0,0.3,0.9,0.2,2.5,4.0,5.0,3.8,4.0,1.5,10.0,0.5,0.9,0.2,-43.0,-25.6,-19.4,-31.1,3.0,17.9,12.0,0.3,0.9,0.2,-2.2,2.9,7.1,2.5,3.0,6.8,12.0,0.3,0.9,0.2,0.49,1.1,1.51,1.0,3.0,0.75,12.0,0.3,0.9,0.2,2.8,5.6,6.5,4.7,3.0,2.9,12.0,0.3,0.9,0.2,5.4,5.93,6.84,6.12,3.0,1.07,12.0,0.3,0.9,0.2,24.9,26.3,44.0,34.3,3.0,15.6,12.0,0.3,0.9,0.2,-174.5,-136.6,-113.9,-144.0,3.0,44.9,12.0,0.3,0.9,0.2,-10.7,18.2,28.9,9.3,3.0,30.0,12.0,0.3,0.9,0.2,-105.7,-95.6,-76.6,-91.3,3.0,21.6,12.0,0.3,0.9,0.2,-7.7,12.0,17.1,4.9,3.0,19.2,12.0,0.3,0.9,0.2,-43.4,-25.9,-24.6,-33.8,3.0,15.4,12.0,0.3,0.9,0.2,-1.8,4.2,7.5,2.9,3.0,6.9,12.0,0.3,0.9,0.2,89.0,132.5,297.0,191.5,3.0,160.5,12.0,0.3,0.9,0.2,90.0,135.0,295.0,190.0,3.0,160.0,12.0,0.3,0.9,0.2
1974,2,329.0,-8.0,28.01,28.45,28.89,28.45,2.0,0.92,26.0,0.0,0.4,0.7,27.19,27.6,28.01,27.6,2.0,0.85,26.0,0.0,0.4,0.7,18.24,18.24,18.24,18.24,1.0,0.0,26.0,0.0,0.5,0.8,81.7,81.7,81.7,81.7,1.0,0.0,26.0,0.0,0.8,3.77,6.3,8.83,6.3,2.0,5.23,26.0,0.0,0.4,0.7,-8.69,-6.2,-3.72,-6.2,2.0,5.15,26.0,0.0,0.4,0.7,-1.39,-0.64,0.1,-0.64,2.0,1.55,26.0,0.0,0.4,0.7,1009.26,1010.25,1011.24,1010.25,2.0,2.05,26.0,0.0,0.4,0.7,0.3,1.0,1.7,1.0,2.0,1.4,26.0,0.0,0.4,0.7,-83.9,-52.6,-21.2,-52.6,2.0,64.9,26.0,0.0,0.4,0.7,-14.4,-8.1,-1.8,-8.1,2.0,13.1,26.0,0.0,0.4,0.7,0.82,0.85,0.88,0.85,2.0,0.07,26.0,0.0,0.4,0.7,3.2,5.5,7.9,5.5,2.0,4.9,26.0,0.0,0.4,0.7,5.24,5.24,5.24,5.24,1.0,0.0,26.0,0.0,0.5,0.8,13.6,13.6,13.6,13.6,1.0,0.0,26.0,0.0,0.5,0.8,-244.6,-173.4,-102.2,-173.4,2.0,147.5,26.0,0.0,0.4,0.7,-39.3,-18.4,2.5,-18.4,2.0,43.2,26.0,0.0,0.4,0.7,-46.7,-46.7,-46.7,-46.7,1.0,0.0,26.0,0.0,0.5,0.8,8.2,8.2,8.2,8.2,1.0,0.0,26.0,0.0,0.5,0.8,-13.4,-13.4,-13.4,-13.4,1.0,0.0,26.0,0.0,0.5,0.8,2.4,2.4,2.4,2.4,1.0,0.0,26.0,0.0,0.5,0.8,173.5,509.0,844.0,509.0,2.0,694.5,26.0,0.0,0.4,0.7,175.0,510.0,845.0,510.0,2.0,695.0,26.0,0.0,0.4,0.7
1974,2,329.0,-7.0,26.39,28.1,28.92,27.67,3.0,1.89,14.0,0.7,0.8,0.8,27.16,27.5,29.62,28.37,3.0,1.95,14.0,0.7,0.8,0.8,14.75,15.72,16.69,15.72,2.0,2.01,6.0,0.5,0.7,1.0,66.0,69.5,73.0,69.5,2.0,7.3,6.0,0.5,1.0,4.01,4.9,5.79,4.9,2.0,1.84,6.0,0.5,0.7,1.0,-4.53,-4.07,-3.6,-4.07,2.0,0.97,6.0,0.5,0.7,1.0,1.67,2.61,3.55,2.61,2.0,1.95,6.0,0.5,0.7,1.0,1010.04,1011.0,1012.98,1011.5,3.0,2.19,14.0,0.7,0.8,0.8,1.0,3.0,3.7,2.3,3.0,2.1,14.0,0.7,0.8,0.8,-26.7,-20.8,-14.9,-20.8,2.0,12.2,6.0,0.5,0.7,1.0,7.7,14.6,21.5,14.6,2.0,14.3,6.0,0.5,0.7,1.0,-1.37,-1.3,0.0,-0.7,3.0,1.13,14.0,0.7,0.8,0.8,-7.0,-3.3,0.4,-3.3,2.0,7.7,6.0,0.5,0.7,1.0,6.32,6.49,6.66,6.49,2.0,0.35,6.0,0.5,0.7,1.0,26.6,31.5,36.4,31.5,2.0,10.2,6.0,0.5,0.7,1.0,-122.6,-110.6,-98.6,-110.6,2.0,24.9,6.0,0.5,0.7,1.0,45.6,70.7,95.9,70.7,2.0,52.1,6.0,0.5,0.7,1.0,-66.3,-63.0,-59.6,-63.0,2.0,7.0,6.0,0.5,0.7,1.0,26.8,39.1,51.3,39.1,2.0,25.4,6.0,0.5,0.7,1.0,-28.6,-26.2,-23.9,-26.2,2.0,4.8,6.0,0.5,0.7,1.0,10.9,16.6,22.3,16.6,2.0,11.7,6.0,0.5,0.7,1.0,77.0,142.5,208.0,142.5,2.0,135.5,6.0,0.5,0.7,1.0,75.0,140.0,210.0,140.0,2.0,135.0,6.0,0.5,0.7,1.0
1974,2,329.0,-6.0,26.52,27.6,28.91,27.64,8.0,1.04,16.0,0.8,0.4,0.6,26.96,27.8,29.81,28.03,7.0,1.42,18.0,0.9,0.5,0.7,17.02,18.0,21.67,19.11,5.0,2.76,16.0,1.0,0.5,0.7,74.4,79.6,84.1,79.0,5.0,6.5,16.0,1.0,0.7,3.65,6.95,8.03,5.92,6.0,3.28,16.0,0.8,0.4,0.6,-6.95,-5.66,-2.35,-4.83,6.0,2.9,16.0,0.8,0.4,0.6,2.66,3.69,4.63,3.33,6.0,1.72,16.0,0.8,0.4,0.6,1009.06,1009.7,1011.4,1010.08,8.0,1.32,16.0,0.8,0.4,0.6,1.9,3.0,6.1,3.9,7.0,2.7,14.0,0.7,0.4,0.6,-56.2,-39.3,-10.8,-36.4,6.0,26.7,16.0,0.8,0.4,0.6,12.9,26.0,35.4,24.1,6.0,15.0,16.0,0.8,0.4,0.6,-1.31,-0.5,0.03,-0.59,7.0,0.77,18.0,0.9,0.5,0.7,-7.0,-1.1,1.2,-2.2,6.0,5.6,16.0,0.8,0.4,0.6,2.78,4.4,5.42,4.13,5.0,1.43,16.0,1.0,0.5,0.7,23.1,33.3,40.9,32.1,4.0,10.5,14.0,1.0,0.5,0.6,-190.0,-163.1,-65.2,-133.9,6.0,78.6,16.0,0.8,0.4,0.6,77.7,103.2,122.9,92.4,6.0,46.9,16.0,0.8,0.4,0.6,-131.9,-120.8,-82.1,-107.6,4.0,41.1,14.0,1.0,0.5,0.6,62.8,69.7,76.1,69.5,4.0,10.1,14.0,1.0,0.5,0.6,-35.5,-26.6,-17.2,-26.3,4.0,10.5,14.0,1.0,0.5,0.6,14.8,20.1,20.5,17.7,4.0,5.0,14.0,1.0,0.5,0.6,77.0,337.0,528.5,338.5,6.0,285.0,16.0,0.8,0.4,0.6,75.0,335.0,530.0,340.0,6.0,285.0,16.0,0.8,0.4,0.6
1974,2,329.0,-5.0,27.53,28.15,28.3,28.15,8.0,0.88,14.0,0.6,0.3,0.7,25.76,26.75,28.09,26.99,8.0,1.32,14.0,0.6,0.3,0.7,16.66,17.67,18.91,17.65,6.0,1.49,12.0,0.7,0.4,0.8,75.3,77.6,84.7,79.8,6.0,6.3,12.0,0.7,0.8,2.11,5.1,6.52,4.53,8.0,2.4,14.0,0.6,0.3,0.7,-5.09,-4.11,-2.04,-3.64,8.0,1.61,14.0,0.6,0.3,0.7,0.04,1.19,4.93,2.16,8.0,2.46,14.0,0.6,0.3,0.7,1010.23,1011.1,1012.42,1011.44,8.0,1.51,14.0,0.6,0.3,0.7,1.1,5.0,6.9,4.4,8.0,2.8,14.0,0.6,0.3,0.7,-28.5,-22.8,-4.4,-19.5,8.0,14.4,14.0,0.6,0.3,0.7,0.1,4.5,32.4,14.0,8.0,19.2,14.0,0.6,0.3,0.7,0.01,0.9,2.63,1.16,8.0,1.85,14.0,0.6,0.3,0.7,0.0,3.0,13.4,6.8,8.0,13.8,14.0,0.6,0.3,0.7,4.52,6.6,8.11,6.42,6.0,1.9,12.0,0.7,0.4,0.8,21.4,33.6,49.4,34.7,6.0,20.0,12.0,0.7,0.4,0.8,-133.1,-116.7,-54.5,-97.9,8.0,42.0,14.0,0.6,0.3,0.7,1.0,32.5,144.5,58.9,8.0,67.1,14.0,0.6,0.3,0.7,-91.9,-80.3,-56.4,-72.2,6.0,29.1,12.0,0.7,0.4,0.8,-0.6,34.7,104.0,47.4,6.0,52.5,12.0,0.7,0.4,0.8,-42.3,-29.6,-14.1,-27.8,6.0,15.3,12.0,0.7,0.4,0.8,-0.2,13.8,27.7,16.4,6.0,18.9,12.0,0.7,0.4,0.8,10.0,132.5,282.0,161.0,8.0,185.5,14.0,0.6,0.3,0.7,10.0,135.0,280.0,160.0,8.0,185.0,14.0,0.6,0.3,0.7
1974,2,329.0,-4.0,26.79,27.5,28.52,27.57,6.0,1.1,20.0,0.5,0.5,0.7,27.0,27.5,28.21,27.6,4.0,0.71,20.0,0.3,0.4,0.7,16.63,17.34,17.37,17.01,3.0,0.61,22.0,0.3,0.5,0.8,70.7,77.8,77.8,74.4,3.0,6.0,22.0,0.3,0.8,0.0,1.25,3.3,1.85,6.0,2.26,20.0,0.5,0.5,0.7,-2.28,-0.95,0.0,-1.36,6.0,1.71,20.0,0.5,0.5,0.7,-0.07,0.57,2.38,1.11,6.0,1.61,20.0,0.5,0.5,0.7,1008.4,1010.5,1011.48,1010.3,6.0,1.91,20.0,0.5,0.5,0.7,1.6,4.0,4.8,3.7,6.0,2.7,20.0,0.5,0.5,0.7,-9.1,-1.2,0.0,-5.7,6.0,10.8,20.0,0.5,0.5,0.7,-0.1,0.9,8.9,5.0,6.0,9.1,20.0,0.5,0.5,0.7,-1.05,0.0,1.05,0.0,4.0,1.63,20.0,0.3,0.4,0.7,-1.6,0.0,0.0,-0.7,4.0,1.5,20.0,0.3,0.4,0.7,5.92,7.83,7.93,6.95,3.0,1.66,22.0,0.3,0.5,0.8,1.6,5.0,15.8,8.6,3.0,10.8,22.0,0.3,0.5,0.8,-37.7,-26.2,-12.1,-25.0,4.0,19.4,20.0,0.3,0.4,0.7,-4.8,16.1,45.0,19.9,4.0,30.2,20.0,0.3,0.4,0.7,-23.8,-16.3,-5.2,-14.5,3.0,13.7,22.0,0.3,0.5,0.8,-4.1,0.0,22.2,8.8,3.0,20.7,22.0,0.3,0.5,0.8,-10.6,-4.7,-1.5,-6.0,3.0,6.8,22.0,0.3,0.5,0.8,-1.2,0.0,10.9,4.7,3.0,9.7,22.0,0.3,0.5,0.8,0.0,2.0,58.5,39.5,6.0,86.5,20.0,0.5,0.5,0.7,0.0,0.0,60.0,40.0,6.0,85.0,20.0,0.5,0.5,0.7
1974,2,329.0,-3.0,27.26,28.0,29.0,28.09,10.0,0.83,18.0,0.5,0.6,0.5,26.25,27.0,28.82,27.47,9.0,1.43,16.0,0.4,0.6,0.5,16.54,18.02,19.34,17.9,6.0,1.5,18.0,0.5,0.4,0.5,68.8,77.1,91.6,78.9,6.0,12.0,18.0,0.5,0.5,0.95,3.6,4.76,3.34,7.0,2.6,16.0,0.4,0.5,0.4,-3.98,-2.6,-0.94,-2.49,7.0,1.53,16.0,0.4,0.5,0.4,-0.11,0.17,2.96,1.17,7.0,2.94,16.0,0.4,0.5,0.4,1006.43,1008.95,1012.2,1009.37,10.0,2.91,18.0,0.5,0.6,0.5,2.9,5.0,7.1,4.9,10.0,2.3,18.0,0.5,0.6,0.5,-19.0,-8.3,-0.9,-11.3,7.0,11.1,16.0,0.4,0.5,0.4,-0.5,0.2,12.1,8.2,7.0,21.7,16.0,0.4,0.5,0.4,-1.04,0.3,1.88,0.52,9.0,1.58,16.0,0.4,0.6,0.5,-1.0,0.4,5.1,2.4,6.0,7.1,16.0,0.3,0.5,0.5,4.41,6.61,7.94,6.1,6.0,2.19,18.0,0.5,0.4,0.5,6.7,12.5,22.8,14.6,4.0,9.9,16.0,0.5,0.3,0.5,-101.8,-66.7,-20.9,-60.6,6.0,40.9,16.0,0.3,0.5,0.5,-12.1,2.3,30.3,6.9,6.0,43.5,16.0,0.3,0.5,0.5,-70.8,-57.7,-33.6,-52.5,4.0,25.5,16.0,0.5,0.3,0.5,-23.2,1.6,7.4,-7.5,4.0,25.0,16.0,0.5,0.3,0.5,-20.7,-12.4,-6.7,-13.6,4.0,8.4,16.0,0.5,0.3,0.5,-7.2,0.6,2.2,-2.3,4.0,7.7,16.0,0.5,0.3,0.5,1.0,46.5,117.0,103.0,7.0,183.5,16.0,0.4,0.5,0.4,0.0,45.0,115.0,105.0,7.0,185.0,16.0,0.4,0.5,0.4
1974,2,329.0,-2.0,27.0,28.0,29.0,27.87,7.0,0.88,16.0,0.4,0.7,0.5,25.82,26.45,27.89,26.89,8.0,1.49,16.0,0.4,0.7,0.4,17.3,17.86,18.51,17.98,6.0,1.08,16.0,0.3,0.6,0.5,78.5,84.8,87.3,83.8,6.0,5.6,16.0,0.3,0.5,2.58,4.6,4.68,4.1,7.0,1.38,16.0,0.3,0.6,0.4,-2.68,-2.3,-1.67,-2.46,7.0,1.07,16.0,0.3,0.6,0.4,-4.0,0.36,3.11,-0.41,7.0,3.62,16.0,0.3,0.6,0.4,1008.56,1011.05,1011.79,1010.59,8.0,1.84,16.0,0.4,0.7,0.4,3.9,6.0,6.0,5.0,7.0,1.5,16.0,0.4,0.7,0.5,-11.5,-10.3,-4.3,-11.0,7.0,8.6,16.0,0.3,0.6,0.4,-20.1,0.8,12.5,-3.8,7.0,17.1,16.0,0.3,0.6,0.4,-0.05,0.6,2.08,1.0,7.0,1.49,16.0,0.4,0.7,0.5,0.2,3.8,8.2,4.6,6.0,6.9,16.0,0.3,0.6,0.5,3.88,5.22,7.25,5.33,6.0,1.96,16.0,0.3,0.6,0.5,10.3,18.5,26.8,19.2,5.0,10.6,14.0,0.2,0.6,0.5,-79.6,-59.3,-43.3,-66.2,7.0,30.0,16.0,0.3,0.6,0.4,-107.7,9.6,92.6,-8.8,7.0,96.6,16.0,0.3,0.6,0.4,-42.7,-37.5,-27.7,-35.9,5.0,8.1,14.0,0.2,0.6,0.5,-72.5,6.6,50.0,-5.4,5.0,67.1,14.0,0.2,0.6,0.5,-12.0,-10.8,-7.6,-9.9,5.0,2.8,14.0,0.2,0.6,0.5,-24.1,1.6,11.3,-5.4,5.0,20.1,14.0,0.2,0.6,0.5,17.0,97.5,104.0,88.5,7.0,76.0,16.0,0.3,0.6,0.4,15.0,95.0,105.0,90.0,7.0,75.0,16.0,0.3,0.6,0.4
1974,2,329.0,-1.0,26.63,26.8,28.29,27.36,9.0,1.01,14.0,0.4,0.4,0.7,25.75,26.8,27.77,26.77,11.0,1.12,12.0,0.4,0.4,0.7,17.41,17.7,20.44,18.5,9.0,1.54,14.0,0.4,0.4,0.6,76.6,84.0,92.7,84.4,9.0,8.3,14.0,0.4,0.6,1.13,2.1,5.1,2.79,9.0,2.15,12.0,0.3,0.4,0.7,-2.11,-1.74,-0.87,-1.81,9.0,1.39,12.0,0.3,0.4,0.7,-3.95,-0.89,-0.14,-1.7,9.0,2.12,12.0,0.3,0.4,0.7,1008.0,1010.8,1011.49,1010.23,11.0,2.14,12.0,0.4,0.4,0.7,3.0,6.5,8.0,5.7,10.0,2.5,12.0,0.4,0.4,0.6,-12.0,-4.4,-1.0,-6.9,9.0,8.2,12.0,0.3,0.4,0.7,-19.1,-1.4,-0.2,-8.0,9.0,13.1,12.0,0.3,0.4,0.7,-0.17,1.0,1.45,0.74,9.0,0.85,14.0,0.4,0.4,0.7,-0.5,2.3,8.2,3.0,7.0,4.5,14.0,0.4,0.5,0.7,2.63,4.3,4.87,3.73,7.0,1.91,16.0,0.6,0.4,0.7,0.4,8.7,16.6,9.8,6.0,10.2,16.0,0.5,0.4,0.7,-54.7,-45.4,-23.5,-48.1,9.0,37.7,12.0,0.3,0.4,0.7,-102.5,-24.1,-3.7,-44.2,9.0,54.2,12.0,0.3,0.4,0.7,-43.0,-31.8,-14.3,-34.6,8.0,29.0,12.0,0.4,0.4,0.6,-27.2,-14.2,-1.2,-23.5,8.0,33.5,12.0,0.4,0.4,0.6,-10.4,-6.8,-0.4,-6.3,6.0,5.5,16.0,0.5,0.4,0.7,-11.5,-2.0,0.0,-6.2,6.0,9.7,16.0,0.5,0.4,0.7,1.5,9.5,132.5,60.0,9.0,87.0,12.0,0.3,0.4,0.7,0.0,10.0,135.0,60.0,9.0,85.0,12.0,0.3,0.4,0.7
1974,2,329.0,0.0,26.1,26.7,27.5,26.85,17.0,0.63,16.0,0.5,0.4,0.5,25.27,26.0,27.32,26.23,18.0,1.08,18.0,0.5,0.4,0.5,17.37,18.04,19.33,18.15,16.0,1.03,18.0,0.5,0.4,0.5,79.5,87.1,89.4,85.6,17.0,5.6,18.0,0.5,0.5,2.1,3.1,5.1,3.69,15.0,1.93,16.0,0.6,0.4,0.5,-3.23,-2.1,-0.92,-2.03,15.0,1.31,16.0,0.6,0.4,0.5,-3.82,-1.82,0.0,-1.69,15.0,3.02,16.0,0.6,0.4,0.5,1008.31,1010.8,1012.28,1010.28,17.0,1.91,18.0,0.5,0.5,0.5,2.0,6.0,8.0,5.7,18.0,2.5,18.0,0.5,0.4,0.5,-16.0,-9.0,-2.2,-8.8,15.0,7.1,16.0,0.6,0.4,0.5,-19.1,-3.8,0.0,-7.9,15.0,18.2,16.0,0.6,0.4,0.5,-0.43,0.9,1.58,0.55,17.0,1.19,16.0,0.5,0.4,0.5,-2.0,2.2,6.4,1.4,14.0,5.6,16.0,0.6,0.4,0.5,2.8,4.07,5.53,4.11,15.0,1.42,18.0,0.5,0.4,0.5,9.6,11.8,20.8,14.0,12.0,8.0,16.0,0.7,0.4,0.5,-88.0,-53.9,-23.9,-54.2,15.0,35.6,16.0,0.6,0.4,0.5,-104.8,-49.5,0.0,-42.6,15.0,80.6,16.0,0.6,0.4,0.5,-65.8,-35.2,-16.4,-38.3,13.0,26.2,16.0,0.6,0.4,0.5,-79.5,-31.7,0.0,-38.1,13.0,51.8,16.0,0.6,0.4,0.5,-14.2,-6.5,-3.3,-8.1,12.0,6.1,16.0,0.7,0.4,0.5,-16.6,-9.7,0.0,-8.9,12.0,9.1,16.0,0.7,0.4,0.5,9.5,30.0,132.5,88.5,15.0,104.5,16.0,0.6,0.4,0.5,10.0,30.0,135.0,90.0,15.0,105.0,16.0,0.6,0.4,0.5
1974,2,329.0,1.0,26.5,27.0,28.0,27.26,20.0,0.76,14.0,0.6,0.5,0.4,25.0,26.15,27.0,26.11,22.0,1.08,14.0,0.6,0.5,0.4,17.38,18.02,19.04,18.17,21.0,1.08,14.0,0.6,0.5,0.4,80.9,84.8,90.8,86.0,22.0,5.6,14.0,0.6,0.4,3.6,4.6,6.05,4.72,24.0,1.33,14.0,0.6,0.5,0.4,-4.05,-2.31,0.0,-2.18,24.0,1.69,14.0,0.6,0.5,0.4,-5.06,-3.79,-1.61,-3.31,24.0,2.42,14.0,0.6,0.5,0.4,1008.9,1010.2,1012.4,1010.53,23.0,2.16,14.0,0.6,0.5,0.4,6.0,7.0,8.0,6.8,23.0,1.8,14.0,0.6,0.5,0.4,-20.2,-10.3,0.0,-11.2,24.0,10.8,14.0,0.6,0.5,0.4,-30.3,-16.8,-5.6,-17.7,24.0,15.1,14.0,0.6,0.5,0.4,0.0,0.9,2.06,0.99,18.0,1.45,14.0,0.6,0.5,0.4,0.0,3.4,10.3,5.0,18.0,6.8,14.0,0.6,0.5,0.4,3.79,4.44,5.08,4.42,17.0,1.21,14.0,0.6,0.5,0.4,15.0,21.1,27.7,21.2,17.0,8.5,14.0,0.6,0.5,0.4,-112.7,-61.5,-18.0,-63.5,22.0,40.6,14.0,0.6,0.5,0.4,-135.5,-99.7,-52.9,-92.1,22.0,54.3,14.0,0.6,0.5,0.4,-74.2,-42.9,-11.8,-43.9,21.0,29.1,14.0,0.6,0.5,0.4,-88.6,-68.5,-33.7,-62.9,21.0,39.3,14.0,0.6,0.5,0.4,-17.8,-10.5,-1.3,-10.7,17.0,7.8,14.0,0.6,0.5,0.4,-23.5,-15.8,-7.7,-16.3,17.0,9.4,14.0,0.6,0.5,0.4,46.5,97.5,225.5,131.0,24.0,122.5,14.0,0.6,0.5,0.4,45.0,95.0,225.0,130.0,24.0,125.0,14.0,0.6,0.5,0.4
1974,2,329.0,2.0,26.64,27.0,28.0,27.21,18.0,0.74,20.0,0.7,0.6,0.5,25.36,26.2,27.23,26.28,19.0,1.09,20.0,0.7,0.6,0.5,16.43,17.42,18.23,17.34,17.0,1.12,20.0,0.6,0.6,0.5,74.6,78.4,89.2,81.4,17.0,7.1,20.0,0.6,0.5,4.6,6.2,7.77,6.34,19.0,1.83,20.0,0.7,0.6,0.5,-5.18,-2.55,-1.61,-2.97,19.0,1.89,20.0,0.7,0.6,0.5,-6.75,-5.36,-3.0,-5.15,19.0,2.21,20.0,0.7,0.6,0.5,1008.71,1010.6,1012.03,1010.66,19.0,2.1,20.0,0.7,0.6,0.5,3.9,8.0,8.0,6.5,19.0,2.4,20.0,0.7,0.6,0.5,-34.4,-15.4,-6.1,-20.2,19.0,16.9,20.0,0.7,0.6,0.5,-52.0,-37.5,-11.2,-35.8,19.0,21.5,20.0,0.7,0.6,0.5,-0.33,1.3,2.06,0.99,18.0,1.11,20.0,0.7,0.6,0.5,-2.0,6.8,16.6,6.8,18.0,7.3,20.0,0.7,0.6,0.5,4.29,4.94,6.26,5.08,16.0,1.14,20.0,0.6,0.6,0.5,20.1,30.6,44.2,33.7,16.0,14.9,20.0,0.6,0.6,0.5,-136.0,-65.1,-39.7,-78.3,19.0,50.4,20.0,0.7,0.6,0.5,-180.0,-143.4,-84.1,-135.0,19.0,58.3,20.0,0.7,0.6,0.5,-84.0,-41.3,-22.9,-50.0,17.0,32.6,20.0,0.6,0.6,0.5,-125.9,-89.7,-48.5,-88.1,17.0,40.5,20.0,0.6,0.6,0.5,-31.3,-11.5,-4.3,-15.6,16.0,12.2,20.0,0.6,0.6,0.5,-37.1,-27.4,-15.5,-27.9,16.0,14.1,20.0,0.6,0.6,0.5,97.5,238.5,470.0,314.5,19.0,251.0,20.0,0.7,0.6,0.5,95.0,240.0,470.0,315.0,19.0,250.0,20.0,0.7,0.6,0.5
1974,2,329.0,3.0,26.45,26.7,27.55,26.94,13.0,0.71,16.0,0.5,0.7,0.3,25.5,26.0,27.48,26.24,17.0,1.01,16.0,0.5,0.7,0.4,15.25,16.78,18.43,16.91,16.0,1.81,16.0,0.6,0.7,0.4,74.4,76.2,86.1,79.0,16.0,6.1,16.0,0.6,0.4,4.3,5.95,8.83,6.42,18.0,2.5,16.0,0.5,0.7,0.4,-3.93,-2.63,-2.07,-2.84,18.0,1.2,16.0,0.5,0.7,0.4,-8.07,-5.59,-1.47,-5.0,18.0,3.67,16.0,0.5,0.7,0.4,1008.08,1009.55,1011.51,1009.57,18.0,1.71,16.0,0.5,0.7,0.4,2.5,7.0,8.0,6.2,17.0,2.4,16.0,0.5,0.7,0.4,-27.0,-17.5,-7.8,-18.6,18.0,13.1,16.0,0.5,0.7,0.4,-71.9,-33.3,-7.0,-40.2,18.0,35.0,16.0,0.5,0.7,0.4,-0.12,1.0,1.5,0.72,13.0,0.99,16.0,0.5,0.7,0.3,-0.6,5.2,10.4,4.4,13.0,6.0,16.0,0.5,0.7,0.3,3.32,5.38,6.67,5.06,12.0,1.61,16.0,0.6,0.7,0.3,20.5,28.3,42.6,32.6,12.0,17.5,16.0,0.6,0.7,0.3,-103.4,-71.5,-57.8,-75.5,17.0,32.0,16.0,0.5,0.7,0.4,-213.7,-151.6,-27.7,-129.5,17.0,98.8,16.0,0.5,0.7,0.4,-67.9,-44.4,-36.2,-48.5,16.0,21.8,16.0,0.6,0.7,0.4,-142.7,-85.3,-10.8,-81.7,16.0,66.2,16.0,0.6,0.7,0.4,-24.3,-15.0,-7.0,-16.1,12.0,9.6,16.0,0.6,0.7,0.3,-38.8,-20.4,-17.8,-26.1,12.0,18.6,16.0,0.6,0.7,0.3,82.0,212.0,715.0,380.5,18.0,374.0,16.0,0.5,0.7,0.4,80.0,210.0,715.0,380.0,18.0,375.0,16.0,0.5,0.7,0.4
1974,2,329.0,4.0,26.13,26.5,26.5,26.35,8.0,0.3,16.0,0.8,0.7,0.6,25.6,25.7,25.7,25.73,8.0,0.44,16.0,0.8,0.7,0.6,14.44,14.9,16.09,15.32,6.0,1.55,16.0,0.7,0.8,0.5,69.9,71.3,77.2,74.1,6.0,8.8,16.0,0.7,0.5,5.77,7.35,9.21,7.33,6.0,2.12,16.0,0.7,0.8,0.5,-7.05,-4.37,-2.11,-4.5,6.0,2.47,16.0,0.7,0.8,0.5,-6.53,-6.04,-3.96,-5.55,6.0,1.31,16.0,0.7,0.8,0.5,1007.99,1009.6,1010.19,1009.3,6.0,1.43,16.0,0.7,0.8,0.5,3.4,7.0,8.0,6.1,8.0,2.6,16.0,0.8,0.7,0.6,-65.1,-30.7,-13.4,-36.9,6.0,27.3,16.0,0.7,0.8,0.5,-57.3,-47.1,-22.9,-42.4,6.0,18.8,16.0,0.7,0.8,0.5,0.51,0.8,0.89,0.63,8.0,0.4,16.0,0.8,0.7,0.6,1.5,4.2,7.6,4.1,6.0,4.0,16.0,0.7,0.8,0.5,5.32,6.6,7.32,6.15,6.0,1.92,16.0,0.7,0.8,0.5,36.7,46.4,68.0,47.6,6.0,22.0,16.0,0.7,0.8,0.5,-181.3,-114.4,-53.8,-116.1,6.0,63.6,16.0,0.7,0.8,0.5,-169.3,-154.9,-101.2,-143.2,6.0,35.8,16.0,0.7,0.8,0.5,-99.0,-65.8,-31.9,-66.9,6.0,34.7,16.0,0.7,0.8,0.5,-99.5,-85.8,-67.7,-84.2,6.0,18.3,16.0,0.7,0.8,0.5,-52.1,-29.1,-12.5,-30.5,6.0,20.4,16.0,0.7,0.8,0.5,-43.7,-41.5,-24.5,-35.1,6.0,13.9,16.0,0.7,0.8,0.5,203.5,406.5,785.0,475.0,6.0,344.5,16.0,0.7,0.8,0.5,205.0,405.0,785.0,475.0,6.0,345.0,16.0,0.7,0.8,0.5
1974,2,329.0,5.0,26.4,26.5,26.5,26.47,200.0,0.19,12.0,0.5,1.0,0.0,25.3,25.7,25.9,25.67,203.0,0.37,12.0,0.5,1.0,0.0,14.56,15.52,16.56,15.5,96.0,1.02,12.0,0.5,1.0,0.0,71.2,75.3,80.0,75.4,96.0,4.2,12.0,0.5,0.0,6.0,7.2,8.2,7.12,105.0,1.39,12.0,0.5,1.0,0.0,-5.14,-3.5,-2.39,-3.61,105.0,1.31,12.0,0.5,1.0,0.0,-7.52,-6.13,-4.6,-6.0,105.0,1.37,12.0,0.5,1.0,0.0,1007.83,1010.2,1012.03,1010.05,106.0,2.0,12.0,0.5,1.0,0.0,2.0,5.0,8.0,4.6,203.0,2.4,12.0,0.5,1.0,0.0,-40.5,-24.5,-16.8,-26.8,105.0,13.3,12.0,0.5,1.0,0.0,-60.1,-44.9,-27.6,-44.3,105.0,16.8,12.0,0.5,1.0,0.0,0.5,0.8,1.1,0.8,200.0,0.39,12.0,0.5,1.0,0.0,3.5,5.6,7.8,5.7,102.0,2.9,12.0,0.5,1.0,0.0,5.2,6.17,7.11,6.12,93.0,0.97,12.0,0.5,1.0,0.0,34.5,42.3,55.7,44.0,93.0,11.0,12.0,0.5,1.0,0.0,-131.8,-89.9,-62.4,-92.8,105.0,33.6,12.0,0.5,1.0,0.0,-193.4,-157.6,-116.2,-154.1,105.0,34.9,12.0,0.5,1.0,0.0,-74.8,-54.5,-39.6,-55.7,96.0,19.2,12.0,0.5,1.0,0.0,-116.4,-97.1,-73.6,-94.6,96.0,21.6,12.0,0.5,1.0,0.0,-31.9,-18.9,-13.2,-22.2,93.0,9.5,12.0,0.5,1.0,0.0,-47.1,-35.4,-28.1,-37.2,93.0,9.5,12.0,0.5,1.0,0.0,216.0,373.0,551.5,401.0,105.0,209.5,12.0,0.5,1.0,0.0,215.0,375.0,550.0,400.0,105.0,210.0,12.0,0.5,1.0,0.0
1974,2,329.0,6.0,25.1,25.25,25.88,25.48,4.0,0.63,18.0,0.0,0.9,0.2,24.69,25.0,25.37,25.03,4.0,0.53,18.0,0.0,0.9,0.2,13.89,14.95,16.02,14.95,2.0,2.21,12.0,0.0,0.8,0.1,72.0,75.3,78.5,75.3,2.0,6.7,12.0,0.0,0.1,6.0,7.1,9.3,7.63,4.0,2.06,18.0,0.0,0.9,0.2,-5.56,-3.0,-2.9,-4.17,4.0,2.48,18.0,0.0,0.9,0.2,-7.19,-5.91,-5.2,-6.18,4.0,1.22,18.0,0.0,0.9,0.2,1010.19,1010.5,1012.28,1011.2,4.0,1.82,18.0,0.0,0.9,0.2,0.8,2.5,4.2,2.5,2.0,3.5,12.0,0.0,0.8,0.1,-53.5,-20.5,-18.0,-35.1,4.0,30.9,18.0,0.0,0.9,0.2,-65.8,-47.2,-31.2,-48.4,4.0,20.0,18.0,0.0,0.9,0.2,0.25,0.45,0.65,0.45,4.0,0.24,18.0,0.0,0.9,0.2,1.5,3.8,6.0,3.7,4.0,2.6,18.0,0.0,0.9,0.2,5.27,5.71,6.16,5.71,2.0,0.92,12.0,0.0,0.8,0.1,45.3,53.5,61.8,53.5,2.0,17.0,12.0,0.0,0.8,0.1,-136.6,-75.0,-73.5,-103.6,4.0,59.3,18.0,0.0,0.9,0.2,-180.7,-145.7,-129.9,-154.8,4.0,32.4,18.0,0.0,0.9,0.2,-96.2,-76.0,-55.7,-76.0,2.0,42.0,12.0,0.0,0.8,0.1,-121.1,-108.0,-94.8,-108.0,2.0,27.3,12.0,0.0,0.8,0.1,-44.5,-32.2,-19.9,-32.2,2.0,25.5,12.0,0.0,0.8,0.1,-41.7,-40.6,-39.5,-40.6,2.0,2.2,12.0,0.0,0.8,0.1,216.0,383.5,835.0,519.0,4.0,414.0,18.0,0.0,0.9,0.2,215.0,385.0,835.0,520.0,4.0,415.0,18.0,0.0,0.9,0.2
1974,2,329.0,7.0,24.94,25.2,26.51,25.39,7.0,0.98,12.0,0.3,0.4,0.1,24.1,25.0,25.26,25.24,7.0,1.46,12.0,0.3,0.4,0.1,13.62,14.21,16.01,14.8,3.0,1.82,8.0,0.3,0.2,0.1,70.4,71.9,75.0,72.7,4.0,3.4,8.0,0.3,0.2,5.08,8.0,8.78,7.63,7.0,2.05,12.0,0.3,0.4,0.1,-5.7,-5.14,-4.7,-5.3,7.0,1.45,12.0,0.3,0.4,0.1,-6.66,-6.13,-3.44,-5.35,7.0,1.94,12.0,0.3,0.4,0.1,1009.08,1010.8,1012.0,1010.62,6.0,1.33,14.0,0.3,0.4,0.1,3.5,5.0,6.5,5.0,4.0,1.8,8.0,0.5,0.2,0.1,-50.2,-41.1,-23.9,-42.7,7.0,21.4,12.0,0.3,0.4,0.1,-58.5,-49.0,-15.9,-43.9,7.0,22.5,12.0,0.3,0.4,0.1,-1.13,0.1,1.21,0.14,7.0,1.19,12.0,0.3,0.4,0.1,-9.8,0.8,6.6,0.4,7.0,10.0,12.0,0.3,0.4,0.1,4.51,5.15,6.3,5.4,3.0,1.33,8.0,0.3,0.2,0.1,35.4,36.7,42.2,38.8,3.0,5.3,8.0,0.3,0.2,0.1,-160.7,-129.1,-113.4,-134.3,7.0,38.7,12.0,0.3,0.4,0.1,-167.1,-153.8,-82.9,-136.5,7.0,52.7,12.0,0.3,0.4,0.1,-89.5,-79.5,-68.9,-79.2,3.0,15.1,8.0,0.3,0.2,0.1,-106.7,-94.7,-46.0,-76.7,3.0,47.1,8.0,0.3,0.2,0.1,-31.5,-28.8,-25.2,-28.4,3.0,4.6,8.0,0.3,0.2,0.1,-32.3,-28.1,-17.0,-24.8,3.0,11.6,8.0,0.3,0.2,0.1,131.0,512.0,679.5,523.5,7.0,340.5,12.0,0.3,0.4,0.1,130.0,510.0,680.0,525.0,7.0,340.0,12.0,0.3,0.4,0.1
1974,2,329.0,8.0,25.43,26.35,27.27,26.35,2.0,1.91,22.0,1.0,0.5,0.5,24.23,25.6,25.87,25.07,3.0,1.29,22.0,1.0,0.6,0.6,17.88,17.88,17.88,17.88,1.0,0.0,26.0,1.0,0.8,0.7,87.1,87.1,87.1,87.1,1.0,0.0,26.0,1.0,0.7,8.2,8.2,10.11,9.13,3.0,1.62,22.0,1.0,0.6,0.6,-4.83,0.0,0.0,-2.36,3.0,4.08,22.0,1.0,0.6,0.6,-8.35,-8.2,-8.2,-8.28,3.0,0.13,22.0,1.0,0.6,0.6,1010.58,1010.75,1010.92,1010.75,2.0,0.35,22.0,1.0,0.5,0.5,3.0,3.0,5.0,4.0,3.0,1.7,22.0,1.0,0.6,0.6,-53.1,0.0,0.0,-25.9,3.0,44.9,22.0,1.0,0.6,0.6,-84.6,-67.2,-67.2,-75.7,3.0,14.7,22.0,1.0,0.6,0.6,1.51,1.75,1.99,1.75,2.0,0.49,22.0,1.0,0.5,0.5,15.7,16.3,16.9,16.3,2.0,1.3,22.0,1.0,0.5,0.5,5.43,5.43,5.43,5.43,1.0,0.0,26.0,1.0,0.8,0.7,44.5,44.5,44.5,44.5,1.0,0.0,26.0,1.0,0.8,0.7,-113.9,0.0,0.0,-55.6,3.0,96.3,22.0,1.0,0.6,0.6,-212.2,-209.9,-202.4,-207.3,3.0,7.5,22.0,1.0,0.6,0.6,0.0,0.0,0.0,0.0,1.0,0.0,26.0,1.0,0.8,0.7,-146.6,-146.6,-146.6,-146.6,1.0,0.0,26.0,1.0,0.8,0.7,0.0,0.0,0.0,0.0,1.0,0.0,26.0,1.0,0.8,0.7,-44.5,-44.5,-44.5,-44.5,1.0,0.0,26.0,1.0,0.8,0.7,551.5,551.5,1083.5,811.0,3.0,450.0,22.0,1.0,0.6,0.6,550.0,550.0,1085.0,810.0,3.0,450.0,22.0,1.0,0.6,0.6
1974,2,329.0,9.0,23.96,24.45,25.21,24.62,6.0,0.8,18.0,0.3,0.7,0.5,22.64,23.7,24.58,23.65,6.0,1.07,18.0,0.3,0.7,0.5,12.26,13.64,15.36,13.79,6.0,1.74,18.0,0.3,0.7,0.5,72.0,74.5,80.2,75.5,6.0,5.2,18.0,0.3,0.5,5.58,7.45,10.61,7.97,6.0,2.61,18.0,0.3,0.7,0.5,-7.12,-4.78,-1.38,-4.49,6.0,3.33,18.0,0.3,0.7,0.5,-7.65,-6.07,-4.7,-6.13,6.0,1.59,18.0,0.3,0.7,0.5,1007.8,1011.8,1017.1,1012.28,6.0,4.26,18.0,0.3,0.7,0.5,1.0,3.5,6.4,3.8,6.0,2.9,18.0,0.3,0.7,0.5,-76.1,-33.2,-7.1,-41.7,6.0,40.5,18.0,0.3,0.7,0.5,-83.0,-45.0,-24.8,-51.7,6.0,28.1,18.0,0.3,0.7,0.5,0.4,1.05,1.48,0.97,6.0,0.64,18.0,0.3,0.7,0.5,4.1,7.5,10.6,7.0,6.0,4.2,18.0,0.3,0.7,0.5,3.96,6.1,6.64,5.56,6.0,1.3,18.0,0.3,0.7,0.5,30.8,38.8,51.3,43.6,6.0,17.7,18.0,0.3,0.7,0.5,-171.6,-113.5,-31.0,-106.0,6.0,79.0,18.0,0.3,0.7,0.5,-182.2,-147.6,-105.7,-145.7,6.0,41.2,18.0,0.3,0.7,0.5,-106.5,-67.7,-17.1,-61.8,6.0,45.9,18.0,0.3,0.7,0.5,-110.5,-82.7,-58.3,-85.4,6.0,27.9,18.0,0.3,0.7,0.5,-32.5,-24.0,-8.4,-24.0,6.0,20.2,18.0,0.3,0.7,0.5,-45.6,-29.7,-27.1,-33.8,6.0,11.3,18.0,0.3,0.7,0.5,174.5,415.0,1206.5,647.0,6.0,596.5,18.0,0.3,0.7,0.5,175.0,415.0,1205.0,645.0,6.0,595.0,18.0,0.3,0.7,0.5
1974,2,329.0,10.0,24.2,24.2,24.2,24.2,1.0,0.0,18.0,0.0,0.9,0.4,23.0,23.0,23.0,23.0,1.0,0.0,18.0,0.0,0.9,0.4,12.65,12.65,12.65,12.65,1.0,0.0,18.0,0.0,0.9,0.4,72.5,72.5,72.5,72.5,1.0,0.0,18.0,0.0,0.4,12.3,12.3,12.3,12.3,1.0,0.0,18.0,0.0,0.9,0.4,-9.42,-9.42,-9.42,-9.42,1.0,0.0,18.0,0.0,0.9,0.4,-7.91,-7.91,-7.91,-7.91,1.0,0.0,18.0,0.0,0.9,0.4,1013.8,1013.8,1013.8,1013.8,1.0,0.0,18.0,0.0,0.9,0.4,6.0,6.0,6.0,6.0,1.0,0.0,18.0,0.0,0.9,0.4,-115.9,-115.9,-115.9,-115.9,1.0,0.0,18.0,0.0,0.9,0.4,-97.2,-97.2,-97.2,-97.2,1.0,0.0,18.0,0.0,0.9,0.4,1.2,1.2,1.2,1.2,1.0,0.0,18.0,0.0,0.9,0.4,14.8,14.8,14.8,14.8,1.0,0.0,18.0,0.0,0.9,0.4,6.17,6.17,6.17,6.17,1.0,0.0,18.0,0.0,0.9,0.4,75.9,75.9,75.9,75.9,1.0,0.0,18.0,0.0,0.9,0.4,-216.7,-216.7,-216.7,-216.7,1.0,0.0,18.0,0.0,0.9,0.4,-181.8,-181.8,-181.8,-181.8,1.0,0.0,18.0,0.0,0.9,0.4,-119.2,-119.2,-119.2,-119.2,1.0,0.0,18.0,0.0,0.9,0.4,-100.0,-100.0,-100.0,-100.0,1.0,0.0,18.0,0.0,0.9,0.4,-58.2,-58.2,-58.2,-58.2,1.0,0.0,18.0,0.0,0.9,0.4,-48.8,-48.8,-48.8,-48.8,1.0,0.0,18.0,0.0,0.9,0.4,1861.0,1861.0,1861.0,1861.0,1.0,0.0,18.0,0.0,0.9,0.4,1860.0,1860.0,1860.0,1860.0,1.0,0.0,18.0,0.0,0.9,0.4
1974,2,329.0,11.0,23.0,23.0,23.96,23.47,3.0,0.81,14.0,0.7,0.7,0.4,22.63,22.9,23.92,23.27,3.0,1.0,14.0,0.7,0.7,0.4,12.06,12.43,12.76,12.41,3.0,0.51,14.0,0.7,0.7,0.4,65.4,71.6,74.7,70.1,3.0,6.9,14.0,0.7,0.4,8.36,8.7,10.13,9.23,3.0,1.38,14.0,0.7,0.7,0.4,-7.42,-5.59,-5.37,-6.38,3.0,1.65,14.0,0.7,0.7,0.4,-6.85,-6.66,-6.4,-6.63,3.0,0.33,14.0,0.7,0.7,0.4,1012.0,1012.2,1012.2,1012.1,3.0,0.17,14.0,0.7,0.7,0.4,2.0,4.0,4.7,3.3,3.0,2.1,14.0,0.7,0.7,0.4,-76.4,-48.7,-44.9,-60.4,3.0,25.2,14.0,0.7,0.7,0.4,-69.6,-58.0,-53.6,-61.5,3.0,12.1,14.0,0.7,0.7,0.4,0.03,0.1,0.37,0.2,3.0,0.26,14.0,0.7,0.7,0.4,0.3,1.1,3.3,1.8,3.0,2.3,14.0,0.7,0.7,0.4,4.76,5.09,6.53,5.63,3.0,1.38,14.0,0.7,0.7,0.4,44.8,55.0,57.8,51.4,3.0,10.0,14.0,0.7,0.7,0.4,-170.1,-128.6,-126.7,-148.0,3.0,36.0,14.0,0.7,0.7,0.4,-157.2,-153.3,-151.0,-154.1,3.0,4.6,14.0,0.7,0.7,0.4,-93.1,-72.2,-65.7,-79.2,3.0,21.0,14.0,0.7,0.7,0.4,-86.2,-86.1,-78.3,-82.4,3.0,6.6,14.0,0.7,0.7,0.4,-40.8,-37.9,-29.6,-35.3,3.0,8.5,14.0,0.7,0.7,0.4,-42.1,-35.4,-32.2,-37.1,3.0,7.4,14.0,0.7,0.7,0.4,585.5,658.5,1069.0,823.0,3.0,382.0,14.0,0.7,0.7,0.4,585.0,660.0,1070.0,825.0,3.0,380.0,14.0,0.7,0.7,0.4
1974,2,329.0,13.0,23.13,23.2,23.27,23.2,2.0,0.14,28.0,0.5,0.5,0.5,21.89,22.95,24.01,22.95,2.0,2.19,28.0,0.5,0.5,0.5,11.61,11.61,11.61,11.61,1.0,0.0,28.0,0.0,0.8,0.8,73.6,73.6,73.6,73.6,1.0,0.0,28.0,0.0,0.8,4.23,7.75,11.27,7.75,2.0,7.28,28.0,0.5,0.5,0.5,-8.39,-5.17,-1.95,-5.17,2.0,6.67,28.0,0.5,0.5,0.5,-7.38,-5.43,-3.47,-5.43,2.0,4.05,28.0,0.5,0.5,0.5,1016.58,1016.75,1016.92,1016.75,2.0,0.35,28.0,0.5,0.5,0.5,1.2,1.5,1.8,1.5,2.0,0.7,28.0,0.5,0.5,0.5,-107.4,-64.3,-21.2,-64.3,2.0,89.3,28.0,0.5,0.5,0.5,-91.0,-56.8,-22.6,-56.8,2.0,70.9,28.0,0.5,0.5,0.5,-0.88,0.25,1.38,0.25,2.0,2.33,28.0,0.5,0.5,0.5,-14.4,-6.6,1.3,-6.6,2.0,16.3,28.0,0.5,0.5,0.5,6.16,6.16,6.16,6.16,1.0,0.0,28.0,0.0,0.8,0.8,16.0,16.0,16.0,16.0,1.0,0.0,28.0,0.0,0.8,0.8,-205.2,-125.9,-46.6,-125.9,2.0,164.4,28.0,0.5,0.5,0.5,-179.6,-129.0,-78.3,-129.0,2.0,104.9,28.0,0.5,0.5,0.5,-5.2,-5.2,-5.2,-5.2,1.0,0.0,28.0,0.0,0.8,0.8,-29.7,-29.7,-29.7,-29.7,1.0,0.0,28.0,0.0,0.8,0.8,-2.8,-2.8,-2.8,-2.8,1.0,0.0,28.0,0.0,0.8,0.8,-15.8,-15.8,-15.8,-15.8,1.0,0.0,28.0,0.0,0.8,0.8,355.5,1082.0,1809.0,1082.0,2.0,1505.5,28.0,0.5,0.5,0.5,355.0,1080.0,1810.0,1080.0,2.0,1505.0,28.0,0.5,0.5,0.5
1974,2,329.0,14.0,26.0,26.0,26.0,26.0,1.0,0.0,2.0,1.0,0.7,0.5,22.8,22.8,22.8,22.8,1.0,0.0,2.0,1.0,0.7,0.5,14.71,14.71,14.71,14.71,1.0,0.0,2.0,1.0,0.7,0.5,85.3,85.3,85.3,85.3,1.0,0.0,2.0,1.0,0.5,10.3,10.3,10.3,10.3,1.0,0.0,2.0,1.0,0.7,0.5,-7.89,-7.89,-7.89,-7.89,1.0,0.0,2.0,1.0,0.7,0.5,-6.62,-6.62,-6.62,-6.62,1.0,0.0,2.0,1.0,0.7,0.5,1014.0,1014.0,1014.0,1014.0,1.0,0.0,2.0,1.0,0.7,0.5,4.0,4.0,4.0,4.0,1.0,0.0,2.0,1.0,0.7,0.5,-81.3,-81.3,-81.3,-81.3,1.0,0.0,2.0,1.0,0.7,0.5,-68.2,-68.2,-68.2,-68.2,1.0,0.0,2.0,1.0,0.7,0.5,3.2,3.2,3.2,3.2,1.0,0.0,2.0,1.0,0.7,0.5,33.0,33.0,33.0,33.0,1.0,0.0,2.0,1.0,0.7,0.5,6.27,6.27,6.27,6.27,1.0,0.0,2.0,1.0,0.7,0.5,64.6,64.6,64.6,64.6,1.0,0.0,2.0,1.0,0.7,0.5,-179.9,-179.9,-179.9,-179.9,1.0,0.0,2.0,1.0,0.7,0.5,-151.0,-151.0,-151.0,-151.0,1.0,0.0,2.0,1.0,0.7,0.5,-116.1,-116.1,-116.1,-116.1,1.0,0.0,2.0,1.0,0.7,0.5,-97.4,-97.4,-97.4,-97.4,1.0,0.0,2.0,1.0,0.7,0.5,-49.5,-49.5,-49.5,-49.5,1.0,0.0,2.0,1.0,0.7,0.5,-41.5,-41.5,-41.5,-41.5,1.0,0.0,2.0,1.0,0.7,0.5,1092.5,1092.5,1092.5,1092.5,1.0,0.0,2.0,1.0,0.7,0.5,1095.0,1095.0,1095.0,1095.0,1.0,0.0,2.0,1.0,0.7,0.5
1974,2,329.0,15.0,22.33,22.6,22.87,22.6,2.0,0.57,10.0,0.5,0.7,0.3,21.5,21.7,21.9,21.7,2.0,0.42,10.0,0.5,0.7,0.3,11.24,11.43,11.61,11.43,2.0,0.38,10.0,0.5,0.7,0.3,69.2,71.2,73.2,71.2,2.0,4.1,10.0,0.5,0.3,10.95,12.35,13.75,12.35,2.0,2.9,10.0,0.5,0.7,0.3,-13.35,-11.55,-9.76,-11.55,2.0,3.72,10.0,0.5,0.7,0.3,-3.94,-1.32,1.29,-1.32,2.0,5.41,10.0,0.5,0.7,0.3,1016.07,1016.85,1017.64,1016.85,2.0,1.63,10.0,0.5,0.7,0.3,3.5,4.5,5.5,4.5,2.0,2.1,10.0,0.5,0.7,0.3,-186.4,-148.0,-109.7,-148.0,2.0,79.4,10.0,0.5,0.7,0.3,-38.9,-8.5,21.9,-8.5,2.0,63.0,10.0,0.5,0.7,0.3,0.83,0.9,0.97,0.9,2.0,0.14,10.0,0.5,0.7,0.3,9.2,11.3,13.4,11.3,2.0,4.4,10.0,0.5,0.7,0.3,5.14,5.6,6.05,5.6,2.0,0.95,10.0,0.5,0.7,0.3,57.0,70.5,84.0,70.5,2.0,27.9,10.0,0.5,0.7,0.3,-292.8,-251.4,-210.1,-251.4,2.0,85.6,10.0,0.5,0.7,0.3,-84.0,-27.6,28.8,-27.6,2.0,116.8,10.0,0.5,0.7,0.3,-149.7,-131.3,-112.9,-131.3,2.0,38.1,10.0,0.5,0.7,0.3,-46.2,-16.2,13.9,-16.2,2.0,62.3,10.0,0.5,0.7,0.3,-81.7,-66.4,-51.1,-66.4,2.0,31.7,10.0,0.5,0.7,0.3,-18.9,-4.9,9.2,-4.9,2.0,29.0,10.0,0.5,0.7,0.3,1393.0,2039.5,2685.5,2039.5,2.0,1338.5,10.0,0.5,0.7,0.3,1395.0,2040.0,2685.0,2040.0,2.0,1340.0,10.0,0.5,0.7,0.3
1974,2,329.0,16.0,20.44,21.4,21.74,21.1,3.0,0.98,16.0,0.7,0.5,0.3,19.99,20.4,23.54,21.73,3.0,2.84,16.0,0.7,0.5,0.3,10.92,11.19,13.02,11.96,3.0,1.68,16.0,0.7,0.5,0.3,72.1,75.4,75.6,73.9,3.0,2.8,16.0,0.7,0.3,6.7,6.7,9.16,7.9,3.0,2.08,16.0,0.7,0.5,0.3,-6.61,-6.6,-5.6,-6.12,3.0,0.85,16.0,0.7,0.5,0.3,-6.75,-4.31,-2.16,-4.45,3.0,3.37,16.0,0.7,0.5,0.3,1015.45,1016.0,1017.37,1016.4,3.0,1.44,16.0,0.7,0.5,0.3,3.3,4.0,4.7,4.0,3.0,1.0,16.0,0.7,0.5,0.3,-60.6,-44.2,-37.5,-48.9,3.0,17.4,16.0,0.7,0.5,0.3,-64.6,-28.9,-14.5,-39.3,3.0,37.8,16.0,0.7,0.5,0.3,-2.05,0.2,0.75,-0.63,3.0,2.17,16.0,0.7,0.5,0.3,-21.4,1.3,5.0,-8.0,3.0,20.9,16.0,0.7,0.5,0.3,2.83,3.67,4.34,3.58,3.0,1.11,16.0,0.7,0.5,0.3,24.8,25.1,29.2,26.9,3.0,3.6,16.0,0.7,0.5,0.3,-155.7,-134.6,-112.1,-133.9,3.0,32.0,16.0,0.7,0.5,0.3,-161.7,-85.3,-43.3,-102.1,3.0,88.0,16.0,0.7,0.5,0.3,-86.1,-73.8,-61.3,-73.7,3.0,18.2,16.0,0.7,0.5,0.3,-89.5,-46.5,-23.7,-56.3,3.0,49.0,16.0,0.7,0.5,0.3,-26.9,-18.8,-17.0,-21.9,3.0,7.7,16.0,0.7,0.5,0.3,-18.2,-15.8,-8.7,-13.5,3.0,7.2,16.0,0.7,0.5,0.3,301.0,301.0,841.5,565.0,3.0,457.0,16.0,0.7,0.5,0.3,300.0,300.0,840.0,565.0,3.0,455.0,16.0,0.7,0.5,0.3
1974,2,329.0,17.0,20.98,21.6,21.96,21.48,4.0,0.71,20.0,0.5,0.5,0.5,19.9,20.6,21.3,20.6,4.0,0.82,20.0,0.5,0.5,0.5,10.93,11.39,11.84,11.38,4.0,0.53,20.0,0.5,0.5,0.5,72.4,76.4,79.4,75.9,4.0,4.9,20.0,0.5,0.5,7.39,9.0,9.82,8.63,4.0,1.75,20.0,0.5,0.5,0.5,-8.96,-7.65,-6.2,-7.59,4.0,1.81,20.0,0.5,0.5,0.5,-4.81,-3.31,-3.03,-3.89,4.0,1.41,20.0,0.5,0.5,0.5,1014.94,1015.7,1017.46,1016.18,4.0,1.73,20.0,0.5,0.5,0.5,3.5,5.5,7.5,5.5,4.0,2.4,20.0,0.5,0.5,0.5,-86.1,-68.7,-49.0,-67.6,4.0,27.2,20.0,0.5,0.5,0.5,-46.4,-31.1,-22.4,-34.2,4.0,15.9,20.0,0.5,0.5,0.5,0.5,0.65,1.27,0.88,4.0,0.57,20.0,0.5,0.5,0.5,4.6,5.1,10.7,7.6,4.0,5.5,20.0,0.5,0.5,0.5,3.91,4.79,5.1,4.52,4.0,0.92,20.0,0.5,0.5,0.5,30.9,39.1,45.8,38.4,4.0,8.6,20.0,0.5,0.5,0.5,-183.9,-157.2,-127.4,-155.7,4.0,34.8,20.0,0.5,0.5,0.5,-95.6,-68.4,-64.6,-79.6,4.0,26.0,20.0,0.5,0.5,0.5,-101.7,-83.6,-71.0,-86.2,4.0,20.8,20.0,0.5,0.5,0.5,-54.2,-39.2,-34.5,-44.1,4.0,15.0,20.0,0.5,0.5,0.5,-39.2,-32.8,-27.9,-33.5,4.0,7.6,20.0,0.5,0.5,0.5,-22.8,-15.2,-12.8,-17.7,4.0,7.9,20.0,0.5,0.5,0.5,438.5,731.5,955.5,698.5,4.0,356.0,20.0,0.5,0.5,0.5,440.0,730.0,955.0,700.0,4.0,355.0,20.0,0.5,0.5,0.5
1974,2,329.0,18.0,20.38,20.6,21.76,20.98,5.0,0.87,18.0,0.6,0.5,0.4,19.74,21.1,21.42,20.68,5.0,1.01,18.0,0.6,0.5,0.4,10.83,11.17,12.11,11.41,5.0,0.79,18.0,0.6,0.5,0.4,72.4,76.5,78.3,75.7,5.0,3.3,18.0,0.6,0.4,8.72,10.8,11.3,10.08,5.0,1.56,18.0,0.6,0.5,0.4,-10.28,-7.12,1.35,-4.87,5.0,6.43,18.0,0.6,0.5,0.4,-8.59,-5.98,-4.3,-6.29,5.0,3.0,18.0,0.6,0.5,0.4,1016.2,1018.3,1018.93,1017.7,5.0,1.62,18.0,0.6,0.5,0.4,2.9,5.0,6.7,4.8,5.0,2.6,18.0,0.6,0.5,0.4,-116.1,-66.3,14.6,-52.5,5.0,71.1,18.0,0.6,0.5,0.4,-80.6,-59.3,-43.4,-62.1,5.0,31.2,18.0,0.6,0.5,0.4,-1.2,-0.5,2.2,0.3,5.0,1.76,18.0,0.6,0.5,0.4,-10.8,-5.4,22.1,3.4,5.0,17.9,18.0,0.6,0.5,0.4,2.55,3.87,5.34,3.99,5.0,1.55,18.0,0.6,0.5,0.4,25.2,41.8,54.1,40.9,5.0,18.9,18.0,0.6,0.5,0.4,-216.7,-137.5,28.5,-99.1,5.0,133.2,18.0,0.6,0.5,0.4,-181.8,-123.2,-87.6,-131.0,5.0,64.6,18.0,0.6,0.5,0.4,-118.5,-78.7,15.1,-55.2,5.0,72.7,18.0,0.6,0.5,0.4,-99.5,-70.6,-49.4,-72.4,5.0,34.6,18.0,0.6,0.5,0.4,-47.0,-24.5,5.2,-22.6,5.0,32.0,18.0,0.6,0.5,0.4,-32.9,-19.8,-13.4,-22.9,5.0,11.3,18.0,0.6,0.5,0.4,677.5,1259.5,1443.0,1081.5,5.0,436.0,18.0,0.6,0.5,0.4,675.0,1260.0,1445.0,1080.0,5.0,435.0,18.0,0.6,0.5,0.4
1974,2,329.0,19.0,20.0,20.0,20.0,20.0,1.0,0.0,20.0,0.0,0.7,0.8,21.2,21.2,21.2,21.2,1.0,0.0,20.0,0.0,0.7,0.8,9.33,9.33,9.33,9.33,1.0,0.0,20.0,0.0,0.7,0.8,60.3,60.3,60.3,60.3,1.0,0.0,20.0,0.0,0.8,12.9,12.9,12.9,12.9,1.0,0.0,20.0,0.0,0.7,0.8,-12.9,-12.9,-12.9,-12.9,1.0,0.0,20.0,0.0,0.7,0.8,0.0,0.0,0.0,0.0,1.0,0.0,20.0,0.0,0.7,0.8,1021.5,1021.5,1021.5,1021.5,1.0,0.0,20.0,0.0,0.7,0.8,8.0,8.0,8.0,8.0,1.0,0.0,20.0,0.0,0.7,0.8,-166.4,-166.4,-166.4,-166.4,1.0,0.0,20.0,0.0,0.7,0.8,0.0,0.0,0.0,0.0,1.0,0.0,20.0,0.0,0.7,0.8,-1.2,-1.2,-1.2,-1.2,1.0,0.0,20.0,0.0,0.7,0.8,-15.5,-15.5,-15.5,-15.5,1.0,0.0,20.0,0.0,0.7,0.8,5.09,5.09,5.09,5.09,1.0,0.0,20.0,0.0,0.7,0.8,65.7,65.7,65.7,65.7,1.0,0.0,20.0,0.0,0.7,0.8,-273.5,-273.5,-273.5,-273.5,1.0,0.0,20.0,0.0,0.7,0.8,0.0,0.0,0.0,0.0,1.0,0.0,20.0,0.0,0.7,0.8,-120.3,-120.3,-120.3,-120.3,1.0,0.0,20.0,0.0,0.7,0.8,0.0,0.0,0.0,0.0,1.0,0.0,20.0,0.0,0.7,0.8,-65.7,-65.7,-65.7,-65.7,1.0,0.0,20.0,0.0,0.7,0.8,0.0,0.0,0.0,0.0,1.0,0.0,20.0,0.0,0.7,0.8,2146.5,2146.5,2146.5,2146.5,1.0,0.0,20.0,0.0,0.7,0.8,2145.0,2145.0,2145.0,2145.0,1.0,0.0,20.0,0.0,0.7,0.8
1974,2,329.0,20.0,21.99,22.4,22.81,22.4,2.0,0.85,6.0,0.5,0.6,0.3,20.24,21.2,21.75,21.0,3.0,1.11,10.0,0.3,0.7,0.2,10.65,11.78,12.91,11.78,2.0,2.34,6.0,0.5,0.6,0.3,67.8,73.6,79.4,73.6,2.0,12.0,6.0,0.5,0.3,5.9,8.7,9.11,7.53,3.0,2.56,10.0,0.3,0.7,0.2,-8.73,-8.7,-5.17,-6.99,3.0,3.0,10.0,0.3,0.7,0.2,-3.11,-2.96,-0.94,-2.05,3.0,1.78,10.0,0.3,0.7,0.2,1017.07,1017.45,1017.83,1017.45,2.0,0.78,6.0,0.5,0.6,0.3,3.6,7.0,7.7,5.7,3.0,3.2,10.0,0.3,0.7,0.2,-79.5,-75.7,-35.1,-57.7,3.0,36.1,10.0,0.3,0.7,0.2,-24.5,-13.6,-4.3,-14.4,3.0,14.8,10.0,0.3,0.7,0.2,0.66,0.8,0.94,0.8,2.0,0.28,6.0,0.5,0.6,0.3,4.8,5.1,5.4,5.1,2.0,0.7,6.0,0.5,0.6,0.3,4.33,5.03,5.73,5.03,2.0,1.45,6.0,0.5,0.6,0.3,24.5,37.4,50.3,37.4,2.0,26.8,6.0,0.5,0.6,0.3,-181.1,-172.3,-107.6,-145.0,3.0,58.8,10.0,0.3,0.7,0.2,-66.7,-65.1,-20.6,-44.2,3.0,38.3,10.0,0.3,0.7,0.2,-81.9,-67.9,-53.9,-67.9,2.0,29.1,6.0,0.5,0.6,0.3,-38.5,-36.0,-33.4,-36.0,2.0,5.3,6.0,0.5,0.6,0.3,-46.8,-33.5,-20.3,-33.5,2.0,27.5,6.0,0.5,0.6,0.3,-18.1,-15.6,-13.0,-15.6,2.0,5.3,6.0,0.5,0.6,0.3,275.5,658.5,758.0,520.0,3.0,373.5,10.0,0.3,0.7,0.2,275.0,660.0,760.0,520.0,3.0,375.0,10.0,0.3,0.7,0.2
1974,2,329.0,22.0,20.66,20.8,20.94,20.8,2.0,0.28,16.0,1.0,1.0,0.7,20.87,21.45,22.03,21.45,2.0,1.2,16.0,1.0,1.0,0.7,11.28,11.28,11.28,11.28,1.0,0.0,10.0,1.0,1.0,0.8,75.4,75.4,75.4,75.4,1.0,0.0,10.0,1.0,0.8,3.67,5.1,6.53,5.1,2.0,2.97,16.0,1.0,1.0,0.7,-3.81,-2.05,-0.3,-2.05,2.0,3.64,16.0,1.0,1.0,0.7,-4.17,-1.28,1.61,-1.28,2.0,5.99,16.0,1.0,1.0,0.7,1018.52,1019.0,1019.48,1019.0,2.0,0.99,16.0,1.0,1.0,0.7,3.0,3.0,3.0,3.0,2.0,0.0,16.0,1.0,1.0,0.7,-27.8,-15.9,-4.0,-15.9,2.0,24.7,16.0,1.0,1.0,0.7,-32.0,-15.4,1.2,-15.4,2.0,34.3,16.0,1.0,1.0,0.7,-1.09,-0.65,-0.21,-0.65,2.0,0.92,16.0,1.0,1.0,0.7,-3.3,-1.9,-0.6,-1.9,2.0,2.8,16.0,1.0,1.0,0.7,3.72,3.72,3.72,3.72,1.0,0.0,10.0,1.0,1.0,0.8,26.8,26.8,26.8,26.8,1.0,0.0,10.0,1.0,1.0,0.8,-78.4,-41.9,-5.4,-41.9,2.0,75.6,16.0,1.0,1.0,0.7,-85.1,-23.9,37.4,-23.9,2.0,126.9,16.0,1.0,1.0,0.7,-52.2,-52.2,-52.2,-52.2,1.0,0.0,10.0,1.0,1.0,0.8,-62.2,-62.2,-62.2,-62.2,1.0,0.0,10.0,1.0,1.0,0.8,-17.2,-17.2,-17.2,-17.2,1.0,0.0,10.0,1.0,1.0,0.8,-20.5,-20.5,-20.5,-20.5,1.0,0.0,10.0,1.0,1.0,0.8,82.0,200.0,318.5,200.0,2.0,245.0,16.0,1.0,1.0,0.7,80.0,200.0,320.0,200.0,2.0,245.0,16.0,1.0,1.0,0.7
1974,2,329.0,23.0,21.1,21.3,21.71,21.4,4.0,0.43,10.0,0.8,0.8,0.6,21.13,21.8,22.52,21.83,4.0,0.95,10.0,0.8,0.8,0.6,11.75,12.46,14.13,12.92,4.0,1.78,10.0,0.8,0.8,0.6,71.4,77.4,89.2,80.2,4.0,11.8,10.0,0.8,0.6,7.02,7.7,7.7,7.37,3.0,0.58,10.0,0.7,0.7,0.5,-7.47,-7.24,-6.26,-6.87,3.0,0.94,10.0,0.7,0.7,0.5,-3.12,-2.63,0.08,-1.55,3.0,2.52,10.0,0.7,0.7,0.5,1017.65,1022.55,1024.31,1021.05,4.0,4.58,10.0,0.8,0.8,0.6,2.5,3.5,5.6,4.0,4.0,2.2,10.0,0.8,0.8,0.6,-57.5,-55.7,-44.2,-51.0,3.0,10.6,10.0,0.7,0.7,0.5,-21.8,-20.3,0.6,-10.8,3.0,18.3,10.0,0.7,0.7,0.5,-1.43,-0.2,0.56,-0.42,4.0,1.23,10.0,0.8,0.8,0.6,-3.4,2.7,4.5,0.6,3.0,6.0,10.0,0.7,0.7,0.5,1.77,3.06,3.86,2.83,4.0,1.38,10.0,0.8,0.8,0.6,13.1,26.9,30.6,21.9,3.0,13.5,10.0,0.7,0.7,0.5,-158.5,-157.0,-135.4,-147.2,3.0,18.9,10.0,0.7,0.7,0.5,-67.8,-57.9,0.5,-34.2,3.0,54.1,10.0,0.7,0.7,0.5,-91.8,-89.7,-84.3,-88.1,3.0,5.7,10.0,0.7,0.7,0.5,-44.8,-29.8,1.7,-21.7,3.0,34.8,10.0,0.7,0.7,0.5,-29.1,-26.5,-12.3,-20.9,3.0,13.2,10.0,0.7,0.7,0.5,-8.6,-3.3,2.1,-3.2,3.0,7.9,10.0,0.7,0.7,0.5,350.0,456.5,456.5,404.5,3.0,90.0,10.0,0.7,0.7,0.5,350.0,455.0,455.0,405.0,3.0,90.0,10.0,0.7,0.7,0.5
1974,2,329.0,24.0,22.23,24.0,24.34,23.3,3.0,1.66,14.0,0.7,0.6,0.7,19.57,20.8,23.33,21.43,3.0,2.8,14.0,0.7,0.6,0.7,11.49,11.99,12.49,11.99,2.0,1.03,16.0,0.5,0.6,0.8,68.3,70.8,73.3,70.8,2.0,5.2,16.0,0.5,0.8,3.93,5.7,5.9,4.93,3.0,1.59,14.0,0.7,0.6,0.7,-5.06,-3.86,0.14,-2.49,3.0,3.98,14.0,0.7,0.6,0.7,-3.89,-2.37,-1.43,-2.65,3.0,1.82,14.0,0.7,0.6,0.7,1020.55,1021.3,1021.44,1021.0,3.0,0.7,14.0,0.7,0.6,0.7,3.0,5.0,7.0,5.0,3.0,3.0,14.0,0.7,0.6,0.7,-29.2,-23.1,-3.1,-16.3,3.0,20.0,14.0,0.7,0.6,0.7,-21.2,-7.4,-6.2,-13.5,3.0,12.2,14.0,0.7,0.6,0.7,0.19,0.6,3.6,1.87,3.0,2.73,14.0,0.7,0.6,0.7,1.1,3.4,21.6,11.1,3.0,16.4,14.0,0.7,0.6,0.7,4.76,5.39,6.02,5.39,2.0,1.3,16.0,0.5,0.6,0.8,20.5,22.5,24.6,22.5,2.0,4.2,16.0,0.5,0.6,0.8,-103.0,-73.3,10.1,-47.1,3.0,85.8,14.0,0.7,0.6,0.7,-78.1,-58.2,-32.5,-55.4,3.0,33.5,14.0,0.7,0.6,0.7,-49.2,-18.9,11.3,-18.9,2.0,62.6,16.0,0.5,0.6,0.8,-27.2,-20.7,-14.2,-20.7,2.0,13.5,16.0,0.5,0.6,0.8,-19.1,-6.3,6.6,-6.3,2.0,26.6,16.0,0.5,0.6,0.8,-13.3,-9.7,-6.1,-9.7,2.0,7.5,16.0,0.5,0.6,0.8,79.0,185.0,206.0,143.5,3.0,100.0,14.0,0.7,0.6,0.7,80.0,185.0,205.0,145.0,3.0,100.0,14.0,0.7,0.6,0.7
1974,2,329.0,25.0,20.32,21.0,21.68,21.0,3.0,1.0,20.0,0.7,0.6,0.6,18.63,20.0,21.23,19.93,3.0,1.9,20.0,0.7,0.6,0.6,10.59,10.67,10.75,10.67,2.0,0.17,20.0,0.5,0.6,0.6,69.8,75.0,80.2,75.0,2.0,10.8,20.0,0.5,0.6,5.25,6.65,8.05,6.65,2.0,2.9,16.0,1.0,0.5,0.5,-5.42,-5.06,-4.7,-5.06,2.0,0.75,16.0,1.0,0.5,0.5,-5.48,-2.93,-0.39,-2.93,2.0,5.28,16.0,1.0,0.5,0.5,1018.34,1023.6,1025.37,1021.9,3.0,5.36,20.0,0.7,0.6,0.6,3.3,6.0,6.7,5.0,3.0,2.6,20.0,0.7,0.6,0.6,-44.2,-34.7,-25.3,-34.7,2.0,19.7,16.0,1.0,0.5,0.5,-48.2,-27.2,-6.1,-27.2,2.0,43.6,16.0,1.0,0.5,0.5,0.45,1.0,1.68,1.07,3.0,0.9,20.0,0.7,0.6,0.6,2.2,4.8,7.5,4.8,2.0,5.5,16.0,1.0,0.5,0.5,4.19,4.71,5.23,4.71,2.0,1.07,20.0,0.5,0.6,0.6,25.2,25.2,25.2,25.2,1.0,0.0,14.0,1.0,0.4,0.5,-109.8,-105.3,-100.8,-105.3,2.0,9.3,16.0,1.0,0.5,0.5,-109.4,-57.9,-6.5,-57.9,2.0,106.6,16.0,1.0,0.5,0.5,-48.9,-48.9,-48.9,-48.9,1.0,0.0,14.0,1.0,0.4,0.5,8.6,8.6,8.6,8.6,1.0,0.0,14.0,1.0,0.4,0.5,-24.8,-24.8,-24.8,-24.8,1.0,0.0,14.0,1.0,0.4,0.5,4.4,4.4,4.4,4.4,1.0,0.0,14.0,1.0,0.4,0.5,186.5,378.0,569.5,378.0,2.0,397.0,16.0,1.0,0.5,0.5,185.0,380.0,570.0,380.0,2.0,395.0,16.0,1.0,0.5,0.5
1974,2,329.0,26.0,21.0,22.0,23.0,22.0,4.0,1.15,16.0,0.8,0.5,0.6,19.84,20.25,21.81,20.8,4.0,1.5,16.0,0.8,0.5,0.6,11.76,11.86,11.96,11.86,3.0,0.15,18.0,0.7,0.6,0.6,81.8,82.9,83.2,82.5,3.0,1.0,18.0,0.7,0.6,5.05,7.95,11.64,8.33,4.0,3.84,16.0,0.8,0.5,0.6,-8.68,-5.16,-4.39,-6.47,4.0,3.51,16.0,0.8,0.5,0.6,-6.92,-3.76,-2.02,-4.44,4.0,3.57,16.0,0.8,0.5,0.6,1026.31,1027.35,1028.02,1027.18,4.0,1.25,16.0,0.8,0.5,0.6,3.5,4.0,5.6,4.5,4.0,1.7,16.0,0.8,0.5,0.6,-103.5,-41.5,-22.2,-61.8,4.0,57.7,16.0,0.8,0.5,0.6,-78.0,-34.7,-10.2,-43.7,4.0,43.4,16.0,0.8,0.5,0.6,-0.43,1.9,2.76,1.2,4.0,2.25,16.0,0.8,0.5,0.6,-2.1,16.8,32.3,15.2,4.0,21.1,16.0,0.8,0.5,0.6,4.09,5.24,5.35,4.73,3.0,1.03,18.0,0.7,0.6,0.6,30.3,56.6,63.7,47.2,3.0,25.8,18.0,0.7,0.6,0.6,-176.0,-112.0,-93.0,-133.5,4.0,68.4,16.0,0.8,0.5,0.6,-140.8,-74.7,-41.2,-90.3,4.0,72.9,16.0,0.8,0.5,0.6,-114.9,-64.8,-51.8,-82.9,3.0,48.8,18.0,0.7,0.6,0.6,-92.6,-50.3,-42.2,-67.0,3.0,39.7,18.0,0.7,0.6,0.6,-52.0,-28.3,-18.4,-35.0,3.0,25.2,18.0,0.7,0.6,0.6,-40.7,-22.9,-15.2,-27.9,3.0,19.2,18.0,0.7,0.6,0.6,128.5,696.0,1598.5,856.0,4.0,880.0,16.0,0.8,0.5,0.6,130.0,695.0,1600.0,855.0,4.0,880.0,16.0,0.8,0.5,0.6
1974,2,329.0,27.0,20.38,20.6,22.22,21.16,5.0,1.09,14.0,0.6,0.7,0.4,19.4,20.5,20.81,20.2,5.0,0.75,14.0,0.6,0.7,0.4,9.54,9.82,9.85,9.7,4.0,0.27,16.0,0.8,0.6,0.4,65.4,66.8,69.2,67.3,4.0,2.7,16.0,0.8,0.4,5.4,7.2,8.15,6.88,5.0,2.09,14.0,0.6,0.7,0.4,-7.32,-4.75,-4.31,-5.72,5.0,2.15,14.0,0.6,0.7,0.4,-4.54,-3.6,0.36,-2.22,5.0,3.45,14.0,0.6,0.7,0.4,1018.38,1024.3,1026.05,1022.68,5.0,4.12,14.0,0.6,0.7,0.4,2.0,5.0,7.0,4.6,5.0,2.5,14.0,0.6,0.7,0.4,-61.5,-33.3,-24.2,-42.6,5.0,28.7,14.0,0.6,0.7,0.4,-31.0,-24.7,8.5,-12.6,5.0,28.2,14.0,0.6,0.7,0.4,-0.3,1.2,2.16,0.96,5.0,1.43,14.0,0.6,0.7,0.4,-1.8,4.8,18.7,7.3,5.0,11.1,14.0,0.6,0.7,0.4,4.8,5.38,6.1,5.44,4.0,0.85,16.0,0.8,0.6,0.4,25.1,32.4,42.2,33.6,4.0,10.7,16.0,0.8,0.6,0.4,-150.8,-99.7,-83.6,-116.2,5.0,46.1,14.0,0.6,0.7,0.4,-92.2,-73.8,8.5,-44.3,5.0,70.0,14.0,0.6,0.7,0.4,-54.2,-46.2,-40.1,-47.1,4.0,10.7,16.0,0.8,0.6,0.4,-47.2,-37.2,-23.4,-35.4,4.0,17.2,16.0,0.8,0.6,0.4,-31.1,-25.8,-21.3,-26.2,4.0,5.7,16.0,0.8,0.6,0.4,-27.6,-18.2,-12.6,-20.0,4.0,11.7,16.0,0.8,0.6,0.4,174.5,373.0,580.5,398.0,5.0,329.0,14.0,0.6,0.7,0.4,175.0,375.0,580.0,400.0,5.0,330.0,14.0,0.6,0.7,0.4
1974,2,329.0,28.0,20.5,20.5,20.84,20.67,3.0,0.29,12.0,0.3,0.7,0.4,19.84,21.0,21.0,20.43,3.0,0.98,12.0,0.3,0.7,0.4,7.7,9.21,10.71,9.21,2.0,3.12,10.0,0.0,0.5,0.3,55.0,63.1,71.2,63.1,2.0,16.8,10.0,0.0,0.3,4.33,7.2,9.32,6.83,3.0,3.66,12.0,0.3,0.7,0.4,-9.01,-6.24,-4.03,-6.51,3.0,3.66,12.0,0.3,0.7,0.4,0.0,0.0,2.46,1.2,3.0,2.08,12.0,0.3,0.7,0.4,1026.81,1027.7,1027.9,1027.37,3.0,0.85,12.0,0.3,0.7,0.4,2.6,4.0,6.7,4.7,3.0,3.1,12.0,0.3,0.7,0.4,-86.7,-44.9,-20.4,-53.3,3.0,49.1,12.0,0.3,0.7,0.4,0.0,0.0,17.7,8.6,3.0,15.0,12.0,0.3,0.7,0.4,-0.34,0.0,0.82,0.23,3.0,0.87,12.0,0.3,0.7,0.4,-3.5,0.0,5.9,1.2,3.0,7.0,12.0,0.3,0.7,0.4,4.08,5.58,7.08,5.58,2.0,3.11,10.0,0.0,0.5,0.3,38.2,45.4,52.6,45.4,2.0,15.0,10.0,0.0,0.5,0.3,-185.8,-120.3,-81.2,-133.2,3.0,77.5,12.0,0.3,0.7,0.4,0.0,0.0,47.4,23.2,3.0,40.1,12.0,0.3,0.7,0.4,-105.8,-80.6,-55.4,-80.6,2.0,52.2,10.0,0.0,0.5,0.3,4.0,12.6,21.2,12.6,2.0,17.8,10.0,0.0,0.5,0.3,-46.3,-41.6,-37.0,-41.6,2.0,9.7,10.0,0.0,0.5,0.3,4.4,14.0,23.6,14.0,2.0,19.8,10.0,0.0,0.5,0.3,137.0,373.0,864.5,497.5,3.0,543.5,12.0,0.3,0.7,0.4,135.0,375.0,865.0,500.0,3.0,545.0,12.0,0.3,0.7,0.4
1974,2,329.0,29.0,21.16,21.5,21.84,21.5,2.0,0.71,10.0,0.5,0.6,0.3,19.55,19.65,19.75,19.65,2.0,0.21,10.0,0.5,0.6,0.3,8.52,8.52,8.52,8.52,1.0,0.0,16.0,0.0,0.3,0.3,61.5,61.5,61.5,61.5,1.0,0.0,16.0,0.0,0.3,6.49,7.1,7.71,7.1,2.0,1.27,10.0,0.5,0.6,0.3,-7.48,-6.62,-5.77,-6.62,2.0,1.77,10.0,0.5,0.6,0.3,-0.68,0.86,2.39,0.86,2.0,3.17,10.0,0.5,0.6,0.3,1027.16,1027.5,1027.84,1027.5,2.0,0.71,10.0,0.5,0.6,0.3,7.0,7.0,7.0,7.0,2.0,0.0,10.0,0.5,0.6,0.3,-58.3,-48.2,-38.0,-48.2,2.0,21.0,10.0,0.5,0.6,0.3,-6.3,4.1,14.4,4.1,2.0,21.4,10.0,0.5,0.6,0.3,1.61,1.85,2.09,1.85,2.0,0.49,10.0,0.5,0.6,0.3,10.6,13.5,16.3,13.5,2.0,5.9,10.0,0.5,0.6,0.3,6.75,6.75,6.75,6.75,1.0,0.0,16.0,0.0,0.3,0.3,41.9,41.9,41.9,41.9,1.0,0.0,16.0,0.0,0.3,0.3,-147.9,-130.3,-112.8,-130.3,2.0,36.3,10.0,0.5,0.6,0.3,-13.5,16.5,46.5,16.5,2.0,62.2,10.0,0.5,0.6,0.3,-45.7,-45.7,-45.7,-45.7,1.0,0.0,16.0,0.0,0.3,0.3,26.4,26.4,26.4,26.4,1.0,0.0,16.0,0.0,0.3,0.3,-36.2,-36.2,-36.2,-36.2,1.0,0.0,16.0,0.0,0.3,0.3,20.9,20.9,20.9,20.9,1.0,0.0,16.0,0.0,0.3,0.3,282.0,375.0,468.5,375.0,2.0,193.5,10.0,0.5,0.6,0.3,280.0,375.0,470.0,375.0,2.0,195.0,10.0,0.5,0.6,0.3
1974,2,329.0,30.0,18.86,19.85,20.08,19.57,6.0,0.78,12.0,1.0,0.6,0.4,19.06,20.5,20.59,20.15,8.0,0.91,12.0,0.9,0.6,0.4,8.07,10.42,11.97,10.15,7.0,1.74,12.0,1.0,0.6,0.4,58.3,70.2,80.5,69.3,7.0,10.1,12.0,1.0,0.4,2.88,6.45,7.7,5.98,8.0,2.86,12.0,0.9,0.6,0.4,-5.13,-1.09,4.59,-0.93,8.0,4.71,12.0,0.9,0.6,0.4,-6.59,0.58,2.51,-0.73,8.0,5.03,12.0,0.9,0.6,0.4,1025.73,1026.6,1031.23,1027.43,8.0,3.76,12.0,0.9,0.6,0.4,5.0,5.5,7.9,5.8,8.0,2.0,12.0,0.9,0.6,0.4,-43.5,-9.8,23.3,-11.4,8.0,32.9,12.0,0.9,0.6,0.4,-49.8,3.3,12.6,-9.6,8.0,43.4,12.0,0.9,0.6,0.4,-1.52,-0.9,0.07,-0.72,6.0,0.9,12.0,1.0,0.6,0.4,-5.9,-2.7,0.4,-3.0,6.0,5.5,12.0,1.0,0.6,0.4,2.16,4.2,5.11,3.85,6.0,1.79,12.0,1.0,0.6,0.4,9.5,21.5,43.4,24.6,6.0,19.0,12.0,1.0,0.6,0.4,-101.3,-22.1,94.6,-18.2,8.0,92.5,12.0,0.9,0.6,0.4,-135.1,11.1,53.6,-14.1,8.0,100.9,12.0,0.9,0.6,0.4,-51.3,-28.2,8.9,-14.4,7.0,41.1,12.0,1.0,0.6,0.4,-72.4,0.0,26.9,-10.2,7.0,50.5,12.0,1.0,0.6,0.4,-28.2,-5.0,4.1,-10.3,6.0,19.7,12.0,1.0,0.6,0.4,-31.9,-0.9,8.1,-9.2,6.0,21.7,12.0,1.0,0.6,0.4,30.5,269.5,456.5,337.5,8.0,351.5,12.0,0.9,0.6,0.4,30.0,270.0,455.0,335.0,8.0,350.0,12.0,0.9,0.6,0.4
1974,2,329.0,31.0,18.2,19.8,20.05,19.43,7.0,1.02,16.0,0.1,0.5,0.5,18.04,18.4,19.71,19.08,8.0,1.76,16.0,0.3,0.5,0.5,8.02,8.23,9.37,8.67,4.0,1.04,14.0,0.0,0.5,0.6,61.1,62.0,72.0,66.1,5.0,7.7,18.0,0.0,0.7,3.1,4.6,6.77,5.06,7.0,1.86,16.0,0.1,0.5,0.5,0.9,2.96,4.95,2.85,7.0,3.19,16.0,0.1,0.5,0.5,1.05,1.99,3.52,1.26,7.0,3.44,16.0,0.1,0.5,0.5,1022.43,1026.3,1027.6,1024.5,7.0,4.49,14.0,0.3,0.4,0.5,4.0,6.0,7.9,5.7,8.0,1.9,16.0,0.3,0.5,0.5,2.4,13.6,26.4,16.2,7.0,25.2,16.0,0.1,0.5,0.5,3.9,9.0,16.2,3.7,7.0,20.6,16.0,0.1,0.5,0.5,-0.04,1.2,1.45,0.34,7.0,2.42,16.0,0.1,0.5,0.5,-0.6,3.7,6.5,-1.6,7.0,17.1,16.0,0.1,0.5,0.5,4.63,6.11,6.14,5.42,4.0,1.4,14.0,0.0,0.5,0.6,17.8,23.5,28.3,23.1,4.0,6.0,14.0,0.0,0.5,0.6,15.7,54.4,92.9,58.3,7.0,69.5,16.0,0.1,0.5,0.5,25.1,39.5,64.8,24.5,7.0,62.3,16.0,0.1,0.5,0.5,16.0,23.7,36.9,26.3,4.0,16.6,14.0,0.0,0.5,0.6,21.0,26.4,28.2,24.7,4.0,4.9,14.0,0.0,0.5,0.6,10.9,17.0,18.2,14.7,4.0,5.6,14.0,0.0,0.5,0.6,11.4,19.7,21.6,16.7,4.0,7.5,14.0,0.0,0.5,0.6,30.0,97.5,312.5,177.0,7.0,188.5,16.0,0.1,0.5,0.5,30.0,95.0,315.0,175.0,7.0,190.0,16.0,0.1,0.5,0.5
1974,2,329.0,32.0,17.8,18.85,20.13,18.89,12.0,1.35,12.0,0.8,0.5,0.5,17.65,18.5,20.01,18.68,13.0,1.32,12.0,0.8,0.5,0.6,9.22,9.72,12.06,10.25,11.0,1.41,10.0,0.7,0.5,0.6,67.8,79.5,84.7,76.8,11.0,9.4,10.0,0.7,0.6,1.5,4.1,7.25,4.5,13.0,2.49,12.0,0.8,0.5,0.6,-3.67,-0.98,6.32,0.27,13.0,4.58,12.0,0.8,0.5,0.6,-0.2,1.16,2.47,1.12,13.0,2.39,12.0,0.8,0.5,0.6,1019.6,1022.4,1030.11,1023.77,13.0,5.31,12.0,0.8,0.5,0.6,1.0,2.0,7.0,3.5,13.0,2.7,12.0,0.8,0.5,0.6,-15.5,-1.0,42.4,2.7,13.0,31.0,12.0,0.8,0.5,0.6,-0.8,2.1,10.5,5.9,13.0,15.6,12.0,0.8,0.5,0.6,-1.2,-0.25,1.13,-0.02,12.0,1.4,12.0,0.8,0.5,0.5,-3.4,-0.6,5.1,0.9,12.0,5.2,12.0,0.8,0.5,0.5,1.88,3.38,4.78,3.26,11.0,1.8,10.0,0.7,0.5,0.6,5.8,17.0,25.3,15.3,11.0,9.7,10.0,0.7,0.5,0.6,-66.6,-19.2,122.5,6.3,13.0,87.2,12.0,0.8,0.5,0.6,-3.5,21.5,48.5,19.5,13.0,40.9,12.0,0.8,0.5,0.6,-39.3,4.7,67.1,9.3,11.0,52.7,10.0,0.7,0.5,0.6,-8.4,10.7,18.4,5.9,11.0,17.7,10.0,0.7,0.5,0.6,-16.9,-0.1,15.6,-0.5,11.0,16.9,10.0,0.7,0.5,0.6,-1.5,3.5,11.1,4.1,11.0,6.8,10.0,0.7,0.5,0.6,3.5,69.0,381.0,168.5,13.0,181.0,12.0,0.8,0.5,0.6,5.0,70.0,380.0,170.0,13.0,180.0,12.0,0.8,0.5,0.6
1974,2,329.0,33.0,18.0,19.0,19.87,18.91,15.0,1.27,16.0,0.7,0.6,0.6,16.7,18.35,19.5,18.14,18.0,1.44,16.0,0.7,0.6,0.6,9.58,10.56,11.84,10.68,14.0,1.12,16.0,0.8,0.6,0.6,75.6,82.6,90.7,83.0,14.0,7.7,16.0,0.8,0.6,2.87,5.1,11.76,6.71,17.0,3.92,16.0,0.6,0.6,0.6,-3.92,0.0,5.67,0.06,17.0,5.62,16.0,0.6,0.6,0.6,-3.73,1.74,6.4,1.13,17.0,5.49,16.0,0.6,0.6,0.6,1016.46,1021.75,1028.83,1022.48,18.0,6.01,16.0,0.7,0.6,0.6,0.2,3.0,8.0,4.3,15.0,3.2,16.0,0.7,0.6,0.6,-28.4,0.0,33.9,-0.2,17.0,66.0,16.0,0.6,0.6,0.6,-19.0,6.8,51.5,3.2,17.0,62.0,16.0,0.6,0.6,0.6,-1.39,0.6,2.48,0.59,15.0,1.68,16.0,0.7,0.6,0.6,-6.6,3.1,12.1,2.3,14.0,11.0,16.0,0.7,0.6,0.6,1.12,2.91,3.98,2.61,13.0,1.37,16.0,0.8,0.5,0.6,6.0,10.3,29.6,15.2,12.0,13.0,18.0,0.8,0.5,0.6,-68.0,0.0,106.5,0.7,17.0,102.5,16.0,0.6,0.6,0.6,-65.4,34.0,117.4,20.6,17.0,97.5,16.0,0.6,0.6,0.6,-33.5,0.0,45.0,-8.1,13.0,52.3,16.0,0.8,0.5,0.6,-2.4,21.6,84.4,24.6,13.0,51.8,16.0,0.8,0.5,0.6,-14.3,-1.0,1.5,-6.0,12.0,12.7,18.0,0.8,0.5,0.6,0.5,6.4,10.8,5.3,12.0,13.8,18.0,0.8,0.5,0.6,24.0,132.5,1635.5,639.0,17.0,1000.0,16.0,0.6,0.6,0.6,25.0,135.0,1635.0,640.0,17.0,1000.0,16.0,0.6,0.6,0.6
1974,2,329.0,34.0,17.37,18.45,18.97,18.08,22.0,1.15,12.0,0.6,0.7,0.4,15.85,17.5,18.6,17.63,23.0,1.74,12.0,0.7,0.7,0.4,9.03,9.79,11.15,9.96,21.0,1.41,14.0,0.7,0.7,0.4,73.0,79.7,88.7,79.8,23.0,7.6,12.0,0.7,0.4,2.77,5.65,8.77,6.1,22.0,2.91,14.0,0.6,0.7,0.4,-4.15,0.63,4.61,0.25,22.0,4.75,14.0,0.6,0.7,0.4,-7.16,0.23,2.57,-1.16,22.0,4.84,14.0,0.6,0.7,0.4,1020.12,1024.6,1030.97,1025.19,21.0,5.63,14.0,0.7,0.7,0.4,2.0,5.0,8.0,4.6,23.0,2.3,12.0,0.7,0.7,0.4,-39.2,2.9,29.1,-1.6,22.0,37.1,14.0,0.6,0.7,0.4,-51.6,0.6,10.6,-15.0,22.0,47.7,14.0,0.6,0.7,0.4,-0.43,0.5,1.63,0.45,22.0,1.35,12.0,0.6,0.7,0.4,-3.0,2.1,11.7,3.1,21.0,9.3,14.0,0.6,0.7,0.4,1.94,2.73,3.55,2.76,20.0,1.17,14.0,0.6,0.7,0.4,7.8,19.3,33.0,18.6,19.0,11.7,14.0,0.6,0.7,0.4,-67.6,9.8,84.1,6.5,22.0,86.8,14.0,0.6,0.7,0.4,-109.7,4.6,46.9,-17.2,22.0,80.3,14.0,0.6,0.7,0.4,-34.6,13.6,48.5,7.6,20.0,47.2,14.0,0.6,0.7,0.4,-53.8,3.1,29.1,-7.3,20.0,44.5,14.0,0.6,0.7,0.4,-9.5,0.0,16.8,0.5,19.0,15.9,14.0,0.6,0.7,0.4,-24.5,0.0,8.0,-4.0,19.0,15.2,14.0,0.6,0.7,0.4,21.5,185.5,688.5,389.0,22.0,540.0,14.0,0.6,0.7,0.4,20.0,185.0,690.0,390.0,22.0,540.0,14.0,0.6,0.7,0.4
1974,2,329.0,35.0,17.26,18.5,20.0,18.67,11.0,1.35,14.0,0.4,0.6,0.5,16.67,17.6,18.25,17.53,12.0,1.15,16.0,0.3,0.6,0.5,8.94,10.12,10.76,10.0,10.0,1.02,14.0,0.4,0.6,0.4,73.7,79.7,87.8,80.1,10.0,6.9,14.0,0.4,0.4,1.82,5.9,9.55,6.25,12.0,4.38,16.0,0.3,0.6,0.5,-4.75,-1.08,5.28,-1.32,12.0,6.12,16.0,0.3,0.6,0.5,-0.85,1.06,4.2,1.1,12.0,4.6,16.0,0.3,0.6,0.5,1017.45,1022.35,1031.06,1023.65,12.0,6.57,16.0,0.3,0.6,0.5,2.0,3.0,7.1,4.2,10.0,2.6,14.0,0.4,0.6,0.4,-41.2,-2.0,29.3,-19.6,12.0,75.8,16.0,0.3,0.6,0.5,-5.7,1.8,29.3,5.1,12.0,42.3,16.0,0.3,0.6,0.5,-0.34,1.1,2.08,1.0,11.0,2.02,14.0,0.4,0.6,0.5,-2.4,2.2,11.5,5.7,11.0,19.6,14.0,0.4,0.6,0.5,1.92,2.93,4.4,3.25,10.0,1.74,14.0,0.4,0.6,0.4,2.9,13.5,32.7,20.4,10.0,21.4,14.0,0.4,0.6,0.4,-79.9,-18.6,94.2,-20.9,12.0,109.7,16.0,0.3,0.6,0.5,-14.4,18.4,77.7,21.5,12.0,77.3,16.0,0.3,0.6,0.5,-52.3,-3.2,54.8,-9.4,10.0,66.8,14.0,0.4,0.6,0.4,-16.0,3.8,31.9,3.6,10.0,38.8,14.0,0.4,0.6,0.4,-24.6,-0.6,11.7,-4.0,10.0,18.9,14.0,0.4,0.6,0.4,-8.4,0.5,8.9,-4.9,10.0,22.7,14.0,0.4,0.6,0.4,7.0,216.5,877.5,607.5,12.0,1023.5,16.0,0.3,0.6,0.5,5.0,215.0,880.0,605.0,12.0,1025.0,16.0,0.3,0.6,0.5
1974,2,329.0,36.0,16.11,17.9,18.26,17.31,15.0,1.49,18.0,0.5,0.6,0.4,15.38,17.1,18.53,16.84,16.0,1.6,16.0,0.6,0.6,0.4,7.15,9.13,10.61,8.89,13.0,1.71,18.0,0.5,0.6,0.4,67.4,77.1,82.6,75.9,13.0,12.0,18.0,0.5,0.4,4.21,6.2,9.83,6.71,15.0,2.93,18.0,0.5,0.6,0.4,-4.38,1.3,5.73,0.3,15.0,5.33,18.0,0.5,0.6,0.4,-6.91,1.4,3.36,-0.49,15.0,5.3,18.0,0.5,0.6,0.4,1024.5,1029.0,1032.2,1028.21,15.0,4.82,18.0,0.5,0.6,0.4,3.0,5.0,7.0,4.8,15.0,2.1,16.0,0.6,0.6,0.4,-19.7,3.7,52.7,3.5,15.0,45.6,18.0,0.5,0.6,0.4,-50.1,5.9,22.3,-9.6,15.0,53.1,18.0,0.5,0.6,0.4,-0.63,0.7,1.64,0.62,15.0,1.38,18.0,0.5,0.6,0.4,-1.8,4.4,13.7,6.5,14.0,11.4,18.0,0.5,0.5,0.4,1.76,2.92,5.37,3.29,13.0,1.68,18.0,0.5,0.6,0.4,8.7,14.2,51.9,25.2,12.0,22.7,18.0,0.5,0.6,0.4,-74.6,20.5,97.6,5.3,15.0,90.6,18.0,0.5,0.6,0.4,-104.9,22.8,58.1,-3.4,15.0,81.3,18.0,0.5,0.6,0.4,-39.4,8.1,32.5,-1.1,12.0,46.5,18.0,0.5,0.6,0.4,-51.4,4.4,34.1,-0.2,12.0,44.8,18.0,0.5,0.6,0.4,-12.1,2.1,16.3,2.4,12.0,19.2,18.0,0.5,0.6,0.4,-47.5,0.7,10.1,-10.3,12.0,26.8,18.0,0.5,0.6,0.4,75.0,238.5,972.5,476.5,15.0,581.0,18.0,0.5,0.6,0.4,75.0,240.0,975.0,475.0,15.0,580.0,18.0,0.5,0.6,0.4
1974,2,329.0,37.0,15.65,17.0,17.87,16.79,27.0,1.33,16.0,0.6,0.6,0.3,15.56,16.45,18.17,16.6,28.0,1.28,16.0,0.6,0.6,0.3,7.13,9.45,10.44,9.09,23.0,1.57,14.0,0.6,0.6,0.4,66.4,80.9,88.1,78.5,24.0,12.3,14.0,0.6,0.3,4.1,6.2,9.3,6.57,27.0,2.88,14.0,0.6,0.6,0.4,-2.89,1.88,5.36,1.73,27.0,4.5,14.0,0.6,0.6,0.4,-4.2,2.3,7.69,1.8,27.0,5.14,14.0,0.6,0.6,0.4,1014.97,1027.85,1031.25,1025.57,26.0,7.31,14.0,0.6,0.6,0.4,2.3,7.0,8.0,5.7,28.0,2.6,16.0,0.6,0.6,0.3,-10.2,8.9,37.8,16.8,27.0,47.0,14.0,0.6,0.6,0.4,-19.6,6.7,62.6,15.4,27.0,44.6,14.0,0.6,0.6,0.4,-1.1,0.5,1.79,0.2,27.0,1.43,16.0,0.6,0.6,0.3,-7.7,1.9,10.4,1.7,26.0,9.2,14.0,0.6,0.6,0.4,1.33,2.21,3.86,2.59,23.0,1.63,14.0,0.6,0.6,0.4,5.9,12.8,34.9,17.8,23.0,15.6,14.0,0.6,0.6,0.4,-51.9,31.7,96.3,30.5,27.0,75.2,14.0,0.6,0.6,0.4,-66.3,36.1,125.3,31.7,27.0,86.2,14.0,0.6,0.6,0.4,-14.6,15.5,47.0,14.1,23.0,33.2,14.0,0.6,0.6,0.4,-34.8,21.5,82.2,23.5,23.0,49.0,14.0,0.6,0.6,0.4,-3.4,2.7,14.8,5.4,23.0,11.9,14.0,0.6,0.6,0.4,-9.5,3.3,12.8,1.1,23.0,20.0,14.0,0.6,0.6,0.4,69.0,238.5,804.5,457.5,27.0,620.5,14.0,0.6,0.6,0.4,70.0,240.0,805.0,455.0,27.0,620.0,14.0,0.6,0.6,0.4
1974,2,329.0,38.0,14.9,16.0,17.08,15.99,13.0,1.32,14.0,0.3,0.6,0.4,13.69,15.0,16.0,15.17,15.0,1.53,14.0,0.3,0.6,0.4,8.01,9.37,9.99,8.95,13.0,1.41,16.0,0.3,0.6,0.4,76.3,85.8,89.8,83.0,13.0,9.2,16.0,0.3,0.4,3.19,5.65,12.14,7.96,14.0,6.06,14.0,0.2,0.6,0.4,-3.09,-0.67,7.52,1.11,14.0,7.02,14.0,0.2,0.6,0.4,0.0,4.16,9.31,4.45,14.0,5.76,14.0,0.2,0.6,0.4,1011.42,1022.0,1025.39,1020.15,15.0,7.76,14.0,0.3,0.6,0.4,1.9,8.0,8.0,6.0,13.0,3.0,14.0,0.3,0.6,0.4,-15.2,-1.4,91.7,40.3,14.0,126.4,14.0,0.2,0.6,0.4,0.0,20.3,112.3,61.8,14.0,106.5,14.0,0.2,0.6,0.4,-0.91,1.0,2.85,0.95,13.0,1.74,14.0,0.3,0.6,0.4,-11.0,5.7,12.6,3.9,12.0,16.4,14.0,0.3,0.6,0.4,0.83,1.87,4.41,2.42,11.0,1.68,16.0,0.4,0.6,0.3,5.5,12.6,23.3,17.9,10.0,18.9,16.0,0.3,0.6,0.3,-46.1,-11.5,120.3,21.4,14.0,116.0,14.0,0.2,0.6,0.4,0.0,61.9,149.0,73.3,14.0,92.7,14.0,0.2,0.6,0.4,-25.7,-17.1,82.6,12.3,12.0,75.8,16.0,0.3,0.6,0.4,0.0,42.0,98.5,50.9,12.0,54.4,16.0,0.3,0.6,0.4,-9.4,-1.7,12.6,2.7,10.0,17.6,16.0,0.3,0.6,0.3,1.5,6.8,14.0,9.6,10.0,17.2,16.0,0.3,0.6,0.3,34.0,185.5,1803.0,1606.0,14.0,3448.5,14.0,0.2,0.6,0.4,35.0,185.0,1805.0,1605.0,14.0,3450.0,14.0,0.2,0.6,0.4
1974,2,329.0,39.0,14.5,15.35,16.65,15.51,18.0,1.3,14.0,0.6,0.5,0.5,13.14,15.0,17.34,15.04,19.0,1.94,14.0,0.5,0.5,0.5,6.91,8.35,10.44,8.68,17.0,1.64,14.0,0.6,0.5,0.5,71.1,83.2,86.7,80.3,17.0,7.6,14.0,0.6,0.5,7.05,8.75,13.35,9.71,18.0,3.3,14.0,0.5,0.5,0.5,0.0,4.84,7.4,3.79,18.0,5.48,14.0,0.5,0.5,0.5,-6.5,4.74,9.58,3.13,18.0,7.43,14.0,0.5,0.5,0.5,1012.47,1021.0,1027.24,1020.08,19.0,7.05,14.0,0.5,0.5,0.5,3.0,5.0,8.0,5.2,18.0,2.3,14.0,0.6,0.5,0.5,0.0,34.6,72.4,35.1,18.0,75.3,14.0,0.5,0.5,0.5,-49.2,36.2,117.4,36.4,18.0,90.5,14.0,0.5,0.5,0.5,-1.4,0.3,2.36,0.61,18.0,2.16,14.0,0.6,0.5,0.5,-14.3,0.5,27.5,5.9,17.0,25.0,14.0,0.5,0.5,0.5,0.31,2.29,4.22,2.25,16.0,1.84,14.0,0.6,0.5,0.5,1.9,17.5,32.1,20.0,15.0,21.6,14.0,0.6,0.5,0.5,0.0,61.9,117.8,57.9,18.0,84.4,14.0,0.5,0.5,0.5,-82.4,71.9,152.1,54.0,18.0,111.9,14.0,0.5,0.5,0.5,0.0,42.6,69.9,41.0,16.0,35.8,14.0,0.6,0.5,0.5,-44.4,43.3,92.8,30.5,16.0,66.8,14.0,0.6,0.5,0.5,-1.0,1.9,20.1,10.5,15.0,16.4,14.0,0.6,0.5,0.5,-27.6,-1.8,10.2,-4.9,15.0,21.9,14.0,0.6,0.5,0.5,351.5,678.0,2400.0,1233.0,18.0,1215.5,14.0,0.5,0.5,0.5,350.0,680.0,2400.0,1235.0,18.0,1215.0,14.0,0.5,0.5,0.5
1974,2,329.0,40.0,13.84,14.0,15.78,14.54,15.0,1.19,12.0,0.7,0.7,0.4,12.38,15.1,16.89,14.8,16.0,2.07,14.0,0.6,0.6,0.4,6.77,9.14,10.32,8.63,13.0,1.79,14.0,0.6,0.6,0.4,72.0,84.0,95.1,82.4,13.0,11.7,14.0,0.6,0.4,5.05,8.2,14.59,9.59,17.0,6.05,12.0,0.6,0.7,0.4,0.0,5.0,8.27,4.43,17.0,6.51,12.0,0.6,0.7,0.4,0.0,3.99,10.03,4.81,17.0,6.82,12.0,0.6,0.7,0.4,1006.33,1019.4,1026.82,1017.49,17.0,10.2,12.0,0.6,0.7,0.4,2.0,6.0,8.0,5.3,15.0,2.8,12.0,0.7,0.6,0.4,0.0,25.0,121.2,67.7,17.0,125.4,12.0,0.6,0.7,0.4,0.0,24.7,163.0,73.5,17.0,135.1,12.0,0.6,0.7,0.4,-1.95,-0.9,2.41,-0.16,14.0,2.06,12.0,0.6,0.7,0.4,-26.8,-7.8,8.8,-8.2,14.0,20.4,12.0,0.6,0.7,0.4,-0.05,1.65,3.69,1.85,11.0,1.73,12.0,0.6,0.7,0.4,-0.5,15.0,30.0,17.6,11.0,21.8,12.0,0.6,0.7,0.4,0.0,67.2,136.0,66.1,16.0,104.7,14.0,0.6,0.6,0.4,0.0,82.3,165.9,82.8,16.0,100.9,14.0,0.6,0.6,0.4,-4.7,46.0,84.2,38.1,13.0,68.0,14.0,0.6,0.6,0.4,-0.7,41.1,97.2,48.2,13.0,58.0,14.0,0.6,0.6,0.4,0.0,2.8,12.8,8.3,11.0,13.8,12.0,0.6,0.7,0.4,-3.8,6.2,17.9,6.8,11.0,22.3,12.0,0.6,0.7,0.4,129.0,551.5,3131.0,2124.0,17.0,4211.5,12.0,0.6,0.7,0.4,130.0,550.0,3130.0,2125.0,17.0,4210.0,12.0,0.6,0.7,0.4
1974,2,329.0,41.0,12.94,14.4,15.41,14.27,11.0,1.36,12.0,0.5,0.6,0.5,12.11,13.4,15.23,13.76,15.0,1.99,14.0,0.5,0.7,0.6,5.51,7.11,10.1,7.7,10.0,2.14,14.0,0.6,0.6,0.5,60.0,76.6,90.9,75.4,10.0,13.9,14.0,0.6,0.5,7.08,11.05,15.33,11.01,16.0,5.09,14.0,0.5,0.7,0.6,-5.46,3.08,8.66,2.63,16.0,8.68,14.0,0.5,0.7,0.6,0.0,7.22,10.01,6.16,16.0,5.67,14.0,0.5,0.7,0.6,1006.06,1023.15,1031.24,1020.33,16.0,11.46,14.0,0.5,0.7,0.6,5.1,7.0,8.0,6.5,14.0,1.8,14.0,0.6,0.6,0.6,-58.4,28.3,120.5,50.8,16.0,141.4,14.0,0.5,0.7,0.6,0.0,71.1,115.3,74.6,16.0,92.1,14.0,0.5,0.7,0.6,-1.36,1.25,2.74,0.46,10.0,2.8,12.0,0.5,0.6,0.5,-14.6,14.9,25.3,3.8,10.0,33.4,12.0,0.5,0.6,0.5,0.0,2.8,5.67,2.6,8.0,2.96,12.0,0.6,0.6,0.5,0.0,17.0,76.3,29.2,8.0,39.4,12.0,0.6,0.6,0.5,-22.7,42.3,142.7,45.6,15.0,124.3,14.0,0.5,0.7,0.6,4.6,103.7,133.1,90.8,15.0,77.0,14.0,0.5,0.7,0.6,-45.6,24.4,88.0,22.0,10.0,81.6,14.0,0.6,0.6,0.5,3.6,46.5,75.5,40.8,10.0,36.1,14.0,0.6,0.6,0.5,0.0,10.8,66.9,23.6,8.0,34.1,12.0,0.6,0.6,0.5,0.0,5.0,38.7,13.6,8.0,22.7,12.0,0.6,0.6,0.5,360.0,1368.0,3626.5,2155.0,16.0,2618.5,14.0,0.5,0.7,0.6,360.0,1370.0,3625.0,2155.0,16.0,2620.0,14.0,0.5,0.7,0.6
1974,2,329.0,42.0,12.44,13.4,15.0,13.8,14.0,1.49,16.0,0.4,0.5,0.4,11.69,13.1,15.61,13.13,16.0,2.03,18.0,0.4,0.6,0.4,5.04,8.46,9.62,7.69,10.0,2.15,18.0,0.4,0.5,0.5,51.8,85.9,91.8,75.1,11.0,21.0,20.0,0.5,0.5,5.52,8.45,11.54,8.74,16.0,3.07,18.0,0.4,0.6,0.4,-3.43,0.76,5.58,0.67,16.0,5.47,18.0,0.4,0.6,0.4,-3.03,3.51,9.26,3.22,16.0,7.03,18.0,0.4,0.6,0.4,1011.42,1024.9,1033.7,1021.87,15.0,13.56,16.0,0.3,0.6,0.4,3.1,7.5,8.0,6.3,14.0,2.2,18.0,0.4,0.5,0.5,-31.2,3.2,52.7,0.8,16.0,57.7,18.0,0.4,0.6,0.4,-18.1,15.6,90.1,35.0,16.0,80.4,18.0,0.4,0.6,0.4,-1.15,0.75,2.91,0.87,14.0,2.2,16.0,0.4,0.5,0.4,-15.3,3.8,27.4,6.9,14.0,20.3,16.0,0.4,0.5,0.4,0.66,1.71,4.08,1.97,10.0,1.82,18.0,0.4,0.5,0.5,5.5,10.4,28.0,14.1,10.0,13.7,18.0,0.4,0.5,0.5,-46.4,9.4,63.0,4.6,16.0,77.0,18.0,0.4,0.6,0.4,-37.0,44.1,131.5,46.6,16.0,89.7,18.0,0.4,0.6,0.4,-21.9,7.2,46.4,13.9,10.0,36.0,18.0,0.4,0.5,0.5,-5.3,36.7,81.9,38.4,10.0,44.4,18.0,0.4,0.5,0.5,-2.6,1.4,7.7,4.5,10.0,11.9,18.0,0.4,0.5,0.5,-3.6,7.4,16.5,8.4,10.0,12.8,18.0,0.4,0.5,0.5,173.0,605.0,1568.5,908.0,16.0,913.0,18.0,0.4,0.6,0.4,175.0,605.0,1570.0,910.0,16.0,915.0,18.0,0.4,0.6,0.4
1974,2,329.0,43.0,11.1,13.0,14.01,12.88,13.0,1.31,18.0,0.5,0.3,0.6,10.53,13.05,14.48,12.64,14.0,1.86,16.0,0.4,0.4,0.5,6.34,7.99,9.12,7.74,12.0,1.45,16.0,0.4,0.3,0.5,80.4,86.5,94.4,86.1,12.0,7.8,16.0,0.4,0.5,9.33,11.55,13.9,12.6,14.0,6.28,16.0,0.4,0.4,0.5,-4.75,3.05,10.52,3.62,14.0,10.27,16.0,0.4,0.4,0.5,-4.72,7.59,12.94,5.21,14.0,7.85,16.0,0.4,0.4,0.5,1013.33,1018.0,1029.11,1020.62,15.0,15.71,16.0,0.4,0.4,0.5,2.7,6.0,7.3,5.4,12.0,2.2,16.0,0.4,0.4,0.5,-66.1,18.9,130.2,86.1,14.0,271.7,16.0,0.4,0.4,0.5,-46.8,81.1,181.6,83.3,14.0,124.4,16.0,0.4,0.4,0.5,-1.63,0.25,1.08,0.07,12.0,1.65,18.0,0.5,0.3,0.6,-15.0,2.9,24.0,3.0,12.0,19.4,18.0,0.5,0.3,0.6,-0.01,0.79,2.82,1.18,10.0,1.39,16.0,0.5,0.3,0.6,0.1,9.7,40.3,18.8,10.0,23.5,16.0,0.5,0.3,0.6,-69.7,35.7,119.9,37.9,14.0,123.6,16.0,0.4,0.4,0.5,-51.0,105.5,182.5,77.4,14.0,98.4,16.0,0.4,0.4,0.5,-35.4,30.1,79.4,35.4,12.0,75.6,16.0,0.4,0.3,0.5,-32.6,55.0,97.2,40.5,12.0,61.1,16.0,0.4,0.3,0.5,-5.1,-0.6,30.7,10.7,10.0,23.8,16.0,0.5,0.3,0.6,-9.7,4.7,12.4,1.2,10.0,15.8,16.0,0.5,0.3,0.6,813.0,1543.0,2685.5,3900.0,14.0,8719.0,16.0,0.4,0.4,0.5,815.0,1545.0,2685.0,3900.0,14.0,8720.0,16.0,0.4,0.4,0.5
1974,2,329.0,44.0,12.21,13.0,13.73,12.98,10.0,0.84,18.0,0.2,0.6,0.5,9.98,11.8,14.0,11.57,13.0,1.8,20.0,0.2,0.6,0.4,4.84,6.48,8.41,6.57,11.0,1.84,18.0,0.2,0.6,0.4,63.4,76.5,94.2,77.7,11.0,14.4,18.0,0.2,0.4,5.05,10.3,15.65,10.85,13.0,5.27,20.0,0.2,0.6,0.4,-0.37,1.74,14.7,5.61,13.0,8.25,20.0,0.2,0.6,0.4,-5.35,0.0,9.88,1.53,13.0,7.11,20.0,0.2,0.6,0.4,1010.65,1023.85,1030.85,1020.78,12.0,11.64,18.0,0.2,0.6,0.4,2.0,6.0,8.0,5.2,13.0,2.8,20.0,0.2,0.6,0.4,-2.0,8.9,230.7,93.1,13.0,144.7,20.0,0.2,0.6,0.4,-74.4,0.0,98.3,15.9,13.0,84.9,20.0,0.2,0.6,0.4,-0.47,1.45,3.21,1.4,10.0,1.76,18.0,0.2,0.6,0.5,-6.2,14.4,29.3,16.9,10.0,25.1,18.0,0.2,0.6,0.5,0.46,2.42,4.67,2.49,10.0,1.99,18.0,0.2,0.6,0.5,6.4,23.8,41.0,26.9,10.0,24.6,18.0,0.2,0.6,0.5,-4.4,18.3,169.3,59.0,13.0,84.8,20.0,0.2,0.6,0.4,-61.7,0.0,128.8,27.3,13.0,89.6,20.0,0.2,0.6,0.4,0.0,47.8,103.5,45.3,11.0,51.1,18.0,0.2,0.6,0.4,-32.7,0.0,71.5,16.9,11.0,54.1,18.0,0.2,0.6,0.4,0.0,11.3,38.5,19.8,10.0,25.7,18.0,0.2,0.6,0.5,-15.4,-10.0,8.3,-6.3,10.0,16.4,18.0,0.2,0.6,0.5,129.5,1092.5,3860.5,2146.0,13.0,2592.5,20.0,0.2,0.6,0.4,130.0,1095.0,3860.0,2145.0,13.0,2590.0,20.0,0.2,0.6,0.4
1974,2,329.0,45.0,12.28,12.7,12.97,12.77,6.0,0.64,16.0,0.5,0.6,0.6,9.06,11.35,14.4,11.69,8.0,2.47,16.0,0.5,0.6,0.5,5.9,7.0,9.03,7.28,7.0,1.82,16.0,0.6,0.5,0.5,83.7,86.1,90.4,84.2,7.0,10.8,16.0,0.6,0.5,9.38,11.05,15.0,11.79,8.0,4.57,16.0,0.5,0.6,0.5,-4.27,6.02,8.83,3.3,8.0,7.78,16.0,0.5,0.6,0.5,-0.89,8.12,9.84,6.9,8.0,7.22,16.0,0.5,0.6,0.5,1013.84,1019.7,1022.37,1019.36,8.0,7.13,16.0,0.5,0.6,0.5,7.0,8.0,8.0,7.7,6.0,0.5,14.0,0.5,0.6,0.5,-49.1,58.1,118.5,34.1,8.0,107.9,16.0,0.5,0.6,0.5,-1.7,88.1,146.7,103.9,8.0,134.5,16.0,0.5,0.6,0.5,0.72,2.45,3.46,1.87,6.0,2.19,16.0,0.5,0.6,0.6,9.3,24.1,29.2,18.6,6.0,21.2,16.0,0.5,0.6,0.6,1.17,2.58,3.41,2.31,5.0,1.7,14.0,0.6,0.5,0.6,8.2,29.2,37.1,23.9,5.0,18.9,14.0,0.6,0.5,0.6,-44.7,73.9,105.6,42.1,8.0,90.6,16.0,0.5,0.6,0.5,-3.9,98.0,110.8,90.2,8.0,90.4,16.0,0.5,0.6,0.5,-27.9,63.5,67.6,28.0,7.0,60.4,16.0,0.6,0.5,0.5,-11.0,56.2,74.3,53.7,7.0,64.8,16.0,0.6,0.5,0.5,-23.7,-2.2,18.7,-1.7,5.0,22.7,14.0,0.6,0.5,0.6,-6.8,-1.8,27.7,8.8,5.0,21.3,14.0,0.6,0.5,0.6,826.0,1351.5,3429.5,2334.5,8.0,2782.5,16.0,0.5,0.6,0.5,825.0,1350.0,3430.0,2335.0,8.0,2780.0,16.0,0.5,0.6,0.5
1974,2,329.0,46.0,11.0,11.3,12.0,11.45,8.0,0.89,22.0,0.8,0.7,0.4,9.9,10.4,11.76,10.34,10.0,1.81,20.0,0.8,0.6,0.4,5.32,5.51,7.69,6.22,7.0,1.26,22.0,0.9,0.7,0.4,65.2,71.1,93.2,78.1,7.0,13.8,22.0,0.9,0.4,7.13,10.55,12.64,10.21,10.0,2.62,20.0,0.8,0.6,0.4,-1.91,5.92,10.9,4.76,10.0,6.17,20.0,0.8,0.6,0.4,-9.43,1.32,6.45,-0.8,10.0,7.66,20.0,0.8,0.6,0.4,1002.96,1019.7,1025.51,1015.25,10.0,13.98,20.0,0.8,0.6,0.4,2.9,7.0,8.0,5.6,10.0,2.8,20.0,0.8,0.6,0.4,-21.4,45.1,130.9,53.5,10.0,74.9,20.0,0.8,0.6,0.4,-113.7,10.1,63.2,-16.6,10.0,84.8,20.0,0.8,0.6,0.4,-0.07,0.9,1.99,1.19,8.0,1.75,22.0,0.8,0.7,0.4,-0.4,7.2,26.5,13.6,8.0,21.2,22.0,0.8,0.7,0.4,0.43,2.25,3.23,1.93,6.0,1.48,24.0,0.8,0.7,0.4,2.7,20.4,31.1,19.4,6.0,17.0,24.0,0.8,0.7,0.4,-18.7,64.2,99.6,46.0,10.0,59.9,20.0,0.8,0.6,0.4,-94.5,12.1,70.7,-5.8,10.0,81.0,20.0,0.8,0.6,0.4,-25.0,36.9,43.9,21.8,7.0,39.5,22.0,0.9,0.7,0.4,-64.5,-32.9,35.6,-18.1,7.0,48.4,22.0,0.9,0.7,0.4,-8.1,0.9,7.7,1.4,6.0,12.4,24.0,0.8,0.7,0.4,-24.9,-8.8,6.8,-8.7,6.0,22.2,24.0,0.8,0.7,0.4,367.5,1223.5,2024.5,1251.0,10.0,812.5,20.0,0.8,0.6,0.4,365.0,1225.0,2025.0,1250.0,10.0,815.0,20.0,0.8,0.6,0.4
1974,2,329.0,47.0,9.17,11.65,11.97,11.06,8.0,1.44,18.0,0.5,0.6,0.4,8.49,10.0,11.4,9.84,10.0,1.92,16.0,0.5,0.6,0.5,4.58,5.6,6.21,5.47,7.0,1.22,16.0,0.3,0.6,0.5,69.3,73.1,83.2,74.6,7.0,12.3,16.0,0.3,0.5,5.93,9.0,16.67,10.46,10.0,6.11,16.0,0.5,0.6,0.5,0.69,7.95,14.44,7.78,10.0,7.05,16.0,0.5,0.6,0.5,-2.02,0.0,9.31,2.59,10.0,5.88,16.0,0.5,0.6,0.5,1006.43,1026.5,1028.25,1019.97,9.0,11.09,16.0,0.4,0.6,0.5,3.7,7.5,8.0,6.2,10.0,2.6,16.0,0.5,0.6,0.5,6.4,69.8,250.0,116.5,10.0,146.5,16.0,0.5,0.6,0.5,-8.1,0.0,102.7,35.3,10.0,78.2,16.0,0.5,0.6,0.5,-1.6,1.4,3.49,1.39,8.0,3.32,18.0,0.5,0.6,0.4,-13.9,4.5,24.8,18.0,8.0,57.3,18.0,0.5,0.6,0.4,0.61,3.16,4.63,2.69,6.0,2.05,18.0,0.3,0.6,0.5,3.1,13.9,45.7,26.3,6.0,35.9,18.0,0.3,0.6,0.5,7.6,85.8,115.0,70.8,10.0,58.0,16.0,0.5,0.6,0.5,-16.6,0.0,99.4,31.0,10.0,63.8,16.0,0.5,0.6,0.5,15.4,64.8,94.8,55.2,7.0,37.5,16.0,0.3,0.6,0.5,-14.9,0.0,54.8,8.2,7.0,35.6,16.0,0.3,0.6,0.5,-2.7,10.0,42.2,23.0,6.0,37.3,18.0,0.3,0.6,0.5,-12.2,-1.8,1.7,-3.8,6.0,8.7,18.0,0.3,0.6,0.5,251.0,731.5,5158.5,2269.5,10.0,3154.0,16.0,0.5,0.6,0.5,250.0,730.0,5160.0,2270.0,10.0,3155.0,16.0,0.5,0.6,0.5
1974,2,329.0,48.0,9.69,10.5,11.0,10.54,9.0,0.73,18.0,0.9,0.4,0.4,7.64,10.5,12.78,10.17,9.0,2.48,18.0,0.9,0.4,0.4,4.13,5.62,7.98,5.86,8.0,1.97,18.0,0.9,0.4,0.4,64.3,76.7,88.0,76.1,8.0,15.9,18.0,0.9,0.4,9.3,12.3,17.3,12.47,9.0,4.18,18.0,0.9,0.4,0.4,-1.18,3.13,13.06,5.73,9.0,6.95,18.0,0.9,0.4,0.4,-5.62,5.83,12.16,4.67,9.0,9.09,18.0,0.9,0.4,0.4,1009.1,1012.6,1022.57,1014.38,9.0,7.34,18.0,0.9,0.4,0.4,7.0,8.0,8.0,7.5,8.0,0.8,20.0,0.9,0.4,0.4,-9.6,56.3,190.8,86.8,9.0,109.4,18.0,0.9,0.4,0.4,-86.6,36.1,149.7,50.1,9.0,146.0,18.0,0.9,0.4,0.4,-1.78,0.9,2.45,0.38,9.0,2.58,18.0,0.9,0.4,0.4,-16.8,8.4,35.5,8.8,9.0,34.8,18.0,0.9,0.4,0.4,0.21,2.03,3.56,1.99,8.0,2.02,18.0,0.9,0.4,0.4,2.4,21.3,52.8,27.6,8.0,33.8,18.0,0.9,0.4,0.4,-13.9,34.7,101.2,47.4,9.0,54.9,18.0,0.9,0.4,0.4,-41.6,52.4,140.2,62.4,9.0,92.6,18.0,0.9,0.4,0.4,1.7,37.0,60.2,32.6,8.0,29.0,18.0,0.9,0.4,0.4,-24.9,25.0,87.0,37.3,8.0,61.0,18.0,0.9,0.4,0.4,-2.1,6.4,45.8,19.8,8.0,30.9,18.0,0.9,0.4,0.4,-26.4,0.5,16.1,-4.8,8.0,24.1,18.0,0.9,0.4,0.4,804.5,1861.0,5244.5,2529.0,9.0,2249.5,18.0,0.9,0.4,0.4,805.0,1860.0,5245.0,2530.0,9.0,2250.0,18.0,0.9,0.4,0.4
1974,2,329.0,49.0,8.56,10.1,10.56,9.7,6.0,1.1,16.0,0.3,0.5,0.5,8.14,9.0,10.0,8.97,7.0,1.14,16.0,0.4,0.6,0.5,6.11,6.34,6.58,6.34,4.0,0.29,16.0,0.3,0.5,0.5,83.2,89.5,97.2,90.1,4.0,8.4,16.0,0.3,0.5,6.55,10.3,15.48,10.36,7.0,4.73,16.0,0.4,0.6,0.5,-6.55,4.31,11.52,3.82,7.0,9.92,16.0,0.4,0.6,0.5,-0.09,5.13,6.01,3.73,7.0,3.98,16.0,0.4,0.6,0.5,988.24,1002.5,1015.15,1001.4,7.0,16.74,16.0,0.4,0.6,0.5,4.8,7.0,8.0,6.5,6.0,1.8,16.0,0.5,0.5,0.4,-57.7,28.9,134.6,44.4,7.0,143.6,16.0,0.4,0.6,0.5,-0.3,34.4,101.4,48.7,7.0,57.5,16.0,0.4,0.6,0.5,-0.22,0.1,2.47,0.9,6.0,1.57,16.0,0.3,0.5,0.5,-1.2,0.7,29.1,12.5,6.0,22.3,16.0,0.3,0.5,0.5,0.87,1.62,1.98,1.43,4.0,0.82,16.0,0.3,0.5,0.5,5.3,16.4,24.8,15.2,4.0,11.8,16.0,0.3,0.5,0.5,-53.0,43.1,115.2,42.4,7.0,87.0,16.0,0.4,0.6,0.5,-0.8,43.2,58.7,31.6,7.0,32.1,16.0,0.4,0.6,0.5,-30.1,23.8,44.7,8.1,4.0,59.0,16.0,0.3,0.5,0.5,-1.2,21.3,48.7,23.7,4.0,32.3,16.0,0.3,0.5,0.5,-10.3,3.7,14.8,2.3,4.0,17.7,16.0,0.3,0.5,0.5,1.6,5.9,12.7,7.1,4.0,7.5,16.0,0.3,0.5,0.5,288.5,1092.5,3712.5,1714.0,7.0,1852.0,16.0,0.4,0.6,0.5,290.0,1095.0,3715.0,1715.0,7.0,1850.0,16.0,0.4,0.6,0.5
1974,2,329.0,50.0,9.1,9.1,9.1,9.1,2.0,0.0,6.0,0.0,0.4,0.3,7.46,7.6,7.74,7.6,2.0,0.28,6.0,0.0,0.4,0.3,4.76,4.79,4.82,4.79,2.0,0.07,6.0,0.0,0.4,0.3,72.0,72.9,73.8,72.9,2.0,1.8,6.0,0.0,0.3,9.3,9.3,9.3,9.3,2.0,0.0,6.0,0.0,0.4,0.3,9.16,9.16,9.16,9.16,2.0,0.0,6.0,0.0,0.4,0.3,-1.1,0.0,1.1,0.0,2.0,2.28,6.0,0.0,0.4,0.3,985.93,995.25,1004.57,995.25,2.0,19.3,6.0,0.0,0.4,0.3,4.6,6.0,7.4,6.0,2.0,2.8,6.0,0.0,0.4,0.3,85.2,85.2,85.2,85.2,2.0,0.0,6.0,0.0,0.4,0.3,-10.3,0.0,10.3,0.0,2.0,21.2,6.0,0.0,0.4,0.3,1.36,1.5,1.64,1.5,2.0,0.28,6.0,0.0,0.4,0.3,12.7,14.0,15.2,14.0,2.0,2.6,6.0,0.0,0.4,0.3,2.46,2.5,2.53,2.5,2.0,0.07,6.0,0.0,0.4,0.3,22.9,23.2,23.5,23.2,2.0,0.7,6.0,0.0,0.4,0.3,68.4,69.6,70.9,69.6,2.0,2.6,6.0,0.0,0.4,0.3,-8.7,-0.3,8.1,-0.3,2.0,17.4,6.0,0.0,0.4,0.3,43.6,43.9,44.2,43.9,2.0,0.6,6.0,0.0,0.4,0.3,-5.4,-0.1,5.2,-0.1,2.0,10.9,6.0,0.0,0.4,0.3,22.5,22.9,23.2,22.9,2.0,0.7,6.0,0.0,0.4,0.3,-2.8,-0.1,2.7,-0.1,2.0,5.7,6.0,0.0,0.4,0.3,804.5,804.5,804.5,804.5,2.0,0.0,6.0,0.0,0.4,0.3,805.0,805.0,805.0,805.0,2.0,0.0,6.0,0.0,0.4,0.3
1974,2,329.0,51.0,8.9,9.0,9.97,9.65,6.0,1.8,18.0,0.5,0.6,0.3,5.74,9.15,10.25,8.18,6.0,2.94,18.0,0.5,0.6,0.3,3.8,5.69,7.05,5.45,6.0,1.57,18.0,0.5,0.6,0.3,68.3,78.1,88.3,78.6,6.0,11.8,18.0,0.5,0.3,10.09,13.9,15.73,13.3,6.0,3.03,18.0,0.5,0.6,0.3,0.22,7.2,10.6,5.04,6.0,8.37,18.0,0.5,0.6,0.3,-1.59,4.15,14.57,5.22,6.0,9.39,18.0,0.5,0.6,0.3,1003.24,1010.1,1014.46,1008.7,6.0,8.74,18.0,0.5,0.6,0.3,4.4,7.0,8.0,6.2,6.0,2.4,18.0,0.5,0.6,0.3,17.9,81.2,143.6,73.2,6.0,103.2,18.0,0.5,0.6,0.3,-24.5,53.5,224.3,80.3,6.0,149.2,18.0,0.5,0.6,0.3,-1.07,1.3,3.82,1.47,6.0,2.88,18.0,0.5,0.6,0.3,-17.3,13.0,45.4,17.4,6.0,42.2,18.0,0.5,0.6,0.3,0.11,2.11,3.88,2.05,6.0,1.84,18.0,0.5,0.6,0.3,1.7,21.7,45.7,24.5,6.0,23.2,18.0,0.5,0.6,0.3,1.7,49.9,64.6,28.2,6.0,66.9,18.0,0.5,0.6,0.3,-5.1,35.2,158.3,61.1,6.0,83.3,18.0,0.5,0.6,0.3,5.0,36.3,46.9,23.3,6.0,40.8,18.0,0.5,0.6,0.3,-5.2,24.7,102.8,40.2,6.0,58.5,18.0,0.5,0.6,0.3,-8.7,6.1,33.2,8.2,6.0,31.4,18.0,0.5,0.6,0.3,-6.1,0.0,3.6,-3.0,6.0,13.5,18.0,0.5,0.6,0.3,1033.0,2727.5,3912.5,2653.0,6.0,1590.0,18.0,0.5,0.6,0.3,1035.0,2725.0,3915.0,2655.0,6.0,1590.0,18.0,0.5,0.6,0.3
1974,2,329.0,52.0,6.35,9.3,10.0,8.38,5.0,1.93,18.0,0.4,0.4,0.4,4.18,5.4,8.56,5.83,6.0,2.48,20.0,0.3,0.5,0.5,4.21,4.64,5.71,4.95,4.0,1.03,22.0,0.3,0.5,0.3,72.5,76.8,86.5,79.4,4.0,9.0,22.0,0.3,0.3,8.76,14.65,20.7,14.5,6.0,6.0,20.0,0.3,0.5,0.5,-0.66,4.62,20.64,7.91,6.0,10.39,20.0,0.3,0.5,0.5,-5.28,1.83,9.47,0.94,6.0,10.21,20.0,0.3,0.5,0.5,991.11,1008.0,1017.67,1005.02,6.0,15.53,20.0,0.3,0.5,0.5,5.0,6.0,8.0,6.3,6.0,1.5,20.0,0.3,0.5,0.5,-6.1,46.2,427.3,154.3,6.0,216.7,20.0,0.3,0.5,0.5,-71.0,38.7,95.7,1.7,6.0,152.8,20.0,0.3,0.5,0.5,0.73,1.2,4.45,2.32,5.0,2.01,18.0,0.4,0.4,0.4,7.7,11.2,83.9,39.1,5.0,42.4,18.0,0.4,0.4,0.4,1.39,1.83,2.11,1.75,3.0,0.53,18.0,0.3,0.3,0.1,11.4,12.3,22.7,16.9,3.0,9.2,18.0,0.3,0.3,0.1,-5.8,25.1,56.3,27.5,6.0,42.8,20.0,0.3,0.5,0.5,-28.3,4.0,82.6,14.7,6.0,68.8,20.0,0.3,0.5,0.5,-10.7,12.9,59.0,23.7,4.0,47.6,22.0,0.3,0.5,0.3,-4.9,27.9,58.5,26.8,4.0,36.7,22.0,0.3,0.5,0.3,-2.6,0.0,7.9,2.6,3.0,8.0,18.0,0.3,0.3,0.1,0.4,10.3,22.1,11.2,3.0,15.9,18.0,0.3,0.3,0.1,700.5,3387.0,8876.5,4336.0,6.0,4005.0,20.0,0.3,0.5,0.5,700.0,3385.0,8875.0,4335.0,6.0,4005.0,20.0,0.3,0.5,0.5
1974,2,329.0,53.0,4.63,4.9,5.17,4.9,2.0,0.57,14.0,1.0,0.8,0.4,2.54,3.7,4.86,3.7,2.0,2.4,14.0,1.0,0.8,0.4,3.7,3.88,4.07,3.88,2.0,0.39,14.0,1.0,0.8,0.4,73.7,77.0,80.2,77.0,2.0,6.7,14.0,1.0,0.4,13.93,17.45,20.97,17.45,2.0,7.28,14.0,1.0,0.8,0.4,-1.8,7.54,16.89,7.54,2.0,19.37,14.0,1.0,0.8,0.4,-7.73,-1.46,4.81,-1.46,2.0,13.0,14.0,1.0,0.8,0.4,979.81,988.0,996.19,988.0,2.0,16.97,14.0,1.0,0.8,0.4,5.5,6.5,7.5,6.5,2.0,2.1,14.0,1.0,0.8,0.4,12.5,202.2,391.8,202.2,2.0,392.9,14.0,1.0,0.8,0.4,-82.5,21.8,126.2,21.8,2.0,216.2,14.0,1.0,0.8,0.4,-0.23,1.2,2.63,1.2,2.0,2.97,14.0,1.0,0.8,0.4,2.5,31.8,61.0,31.8,2.0,60.6,14.0,1.0,0.8,0.4,1.37,1.61,1.86,1.61,2.0,0.51,14.0,1.0,0.8,0.4,20.0,30.0,39.9,30.0,2.0,20.6,14.0,1.0,0.8,0.4,-21.2,4.6,30.5,4.6,2.0,53.5,14.0,1.0,0.8,0.4,-45.9,-21.0,3.9,-21.0,2.0,51.6,14.0,1.0,0.8,0.4,-9.3,25.6,60.5,25.6,2.0,72.3,14.0,1.0,0.8,0.4,-32.8,-8.2,16.5,-8.2,2.0,51.0,14.0,1.0,0.8,0.4,0.2,17.1,34.0,17.1,2.0,35.1,14.0,1.0,0.8,0.4,-8.8,0.9,10.7,0.9,2.0,20.2,14.0,1.0,0.8,0.4,3397.5,6702.0,10006.5,6702.0,2.0,6846.5,14.0,1.0,0.8,0.4,3395.0,6700.0,10005.0,6700.0,2.0,6845.0,14.0,1.0,0.8,0.4
1974,2,329.0,54.0,6.7,7.35,8.0,7.35,2.0,1.34,14.0,0.5,0.8,0.1,8.15,8.9,9.65,8.9,2.0,1.56,14.0,0.5,0.8,0.1,6.36,6.51,6.65,6.51,2.0,0.3,14.0,0.5,0.8,0.1,87.7,91.1,94.4,91.1,2.0,6.9,14.0,0.5,0.1,8.6,10.55,12.5,10.55,2.0,4.03,14.0,0.5,0.8,0.1,0.73,2.29,3.86,2.29,2.0,3.24,14.0,0.5,0.8,0.1,8.48,10.15,11.82,10.15,2.0,3.46,14.0,0.5,0.8,0.1,990.97,999.3,1007.63,999.3,2.0,17.25,14.0,0.5,0.8,0.1,8.0,8.0,8.0,8.0,1.0,0.0,20.0,0.0,0.7,0.3,9.7,30.7,51.7,30.7,2.0,43.4,14.0,0.5,0.8,0.1,76.7,114.0,151.4,114.0,2.0,77.4,14.0,0.5,0.8,0.1,-1.65,-1.55,-1.45,-1.55,2.0,0.21,14.0,0.5,0.8,0.1,-17.9,-15.9,-14.0,-15.9,2.0,4.0,14.0,0.5,0.8,0.1,-0.25,-0.05,0.14,-0.05,2.0,0.4,14.0,0.5,0.8,0.1,-3.5,-1.4,0.8,-1.4,2.0,4.5,14.0,0.5,0.8,0.1,5.7,17.9,30.1,17.9,2.0,25.3,14.0,0.5,0.8,0.1,80.4,87.6,94.8,87.6,2.0,15.0,14.0,0.5,0.8,0.1,4.6,14.4,24.3,14.4,2.0,20.4,14.0,0.5,0.8,0.1,56.1,65.5,74.9,65.5,2.0,19.5,14.0,0.5,0.8,0.1,-1.3,-0.8,-0.2,-0.8,2.0,1.1,14.0,0.5,0.8,0.1,-3.3,-1.2,0.8,-1.2,2.0,4.3,14.0,0.5,0.8,0.1,766.0,1431.5,2096.5,1431.5,2.0,1378.5,14.0,0.5,0.8,0.1,765.0,1430.0,2095.0,1430.0,2.0,1380.0,14.0,0.5,0.8,0.1
1974,2,329.0,56.0,6.16,6.5,6.84,6.5,2.0,0.71,20.0,0.5,0.9,0.2,4.16,4.5,4.84,4.5,2.0,0.71,20.0,0.5,0.9,0.2,4.74,4.74,4.74,4.74,1.0,0.0,14.0,1.0,1.0,0.4,91.9,91.9,91.9,91.9,1.0,0.0,14.0,1.0,0.4,9.34,11.8,14.26,11.8,2.0,5.09,20.0,0.5,0.9,0.2,9.34,11.8,14.26,11.8,2.0,5.09,20.0,0.5,0.9,0.2,0.0,0.0,0.0,0.0,2.0,0.0,20.0,0.5,0.9,0.2,992.21,1000.2,1008.19,1000.2,2.0,16.55,20.0,0.5,0.9,0.2,7.2,7.5,7.8,7.5,2.0,0.7,20.0,0.5,0.9,0.2,94.2,152.2,210.2,152.2,2.0,120.2,20.0,0.5,0.9,0.2,0.0,0.0,0.0,0.0,2.0,0.0,20.0,0.5,0.9,0.2,2.0,2.0,2.0,2.0,2.0,0.0,20.0,0.5,0.9,0.2,18.7,23.6,28.5,23.6,2.0,10.2,20.0,0.5,0.9,0.2,1.19,1.19,1.19,1.19,1.0,0.0,14.0,1.0,1.0,0.4,18.4,18.4,18.4,18.4,1.0,0.0,14.0,1.0,1.0,0.4,44.3,51.3,58.3,51.3,2.0,14.6,20.0,0.5,0.9,0.2,0.0,0.0,0.0,0.0,2.0,0.0,20.0,0.5,0.9,0.2,72.9,72.9,72.9,72.9,1.0,0.0,14.0,1.0,1.0,0.4,0.0,0.0,0.0,0.0,1.0,0.0,14.0,1.0,1.0,0.4,18.4,18.4,18.4,18.4,1.0,0.0,14.0,1.0,1.0,0.4,0.0,0.0,0.0,0.0,1.0,0.0,14.0,1.0,1.0,0.4,1043.5,2102.0,3160.0,2102.0,2.0,2192.5,20.0,0.5,0.9,0.2,1045.0,2100.0,3160.0,2100.0,2.0,2195.0,20.0,0.5,0.9,0.2
1974,2,329.0,57.0,,,,,,,,,,,,,,,,,,,,,,,,,,,,,,,,,,,,,,,,10.56,14.0,17.37,13.96,5.0,3.59,14.0,0.6,0.7,0.5,-10.94,8.5,10.85,1.35,5.0,12.94,14.0,0.6,0.7,0.5,-6.21,4.79,8.87,2.51,5.0,8.89,14.0,0.6,0.7,0.5,993.9,1006.5,1010.22,1003.2,5.0,9.33,14.0,0.6,0.7,0.5,,,,,,,,,,,,,,,,,,,,,,,,,,,,,,,,,,,,,,,,,,,,,,,,,,,,,,,,,,,,,,,,,,,,,,,,,,,,,,,,,,,,,,,,,,,,,,,,,,,,,,,,,,,,,,,,,,,,,,,,,,,,,,,,,,,,,,,,,,,,,,,,,,,,,,
1974,2,329.0,58.0,6.11,6.35,6.59,6.35,2.0,0.49,6.0,0.0,0.3,0.2,0.59,4.0,4.68,2.67,3.0,3.21,8.0,0.3,0.5,0.4,3.63,3.63,3.63,3.63,1.0,0.0,4.0,0.0,0.1,0.3,100.0,100.0,100.0,100.0,1.0,0.0,4.0,0.0,0.3,9.3,14.9,15.24,12.33,3.0,4.89,8.0,0.3,0.5,0.4,-8.33,5.8,12.19,2.02,3.0,15.39,8.0,0.3,0.5,0.4,-2.29,0.0,1.83,-0.23,3.0,3.02,8.0,0.3,0.5,0.4,986.41,1000.2,1009.55,998.03,3.0,17.05,8.0,0.3,0.5,0.4,8.0,8.0,8.0,8.0,3.0,0.0,8.0,0.3,0.5,0.4,-139.2,38.9,171.8,16.8,3.0,228.6,8.0,0.3,0.5,0.4,-15.3,0.0,28.1,6.2,3.0,32.3,8.0,0.3,0.5,0.4,2.06,4.35,6.64,4.35,2.0,4.74,6.0,0.0,0.3,0.2,31.4,66.7,102.1,66.7,2.0,73.3,6.0,0.0,0.3,0.2,2.65,2.65,2.65,2.65,1.0,0.0,4.0,0.0,0.1,0.3,40.8,40.8,40.8,40.8,1.0,0.0,4.0,0.0,0.1,0.3,-55.7,-15.2,11.0,-22.2,3.0,49.2,8.0,0.3,0.5,0.4,-10.0,-2.7,-0.8,-5.4,3.0,7.1,8.0,0.3,0.5,0.4,55.1,55.1,55.1,55.1,1.0,0.0,4.0,0.0,0.1,0.3,9.7,9.7,9.7,9.7,1.0,0.0,4.0,0.0,0.1,0.3,40.1,40.1,40.1,40.1,1.0,0.0,4.0,0.0,0.1,0.3,7.1,7.1,7.1,7.1,1.0,0.0,4.0,0.0,0.1,0.3,1255.0,3308.0,3543.0,2420.5,3.0,1843.5,8.0,0.3,0.5,0.4,1255.0,3310.0,3545.0,2420.0,3.0,1845.0,8.0,0.3,0.5,0.4
1974,2,329.0,59.0,5.38,6.0,7.17,6.3,5.0,1.33,16.0,0.2,0.5,0.5,3.16,4.6,5.25,4.02,6.0,2.74,18.0,0.3,0.5,0.5,4.92,4.92,4.92,4.92,1.0,0.0,16.0,0.0,0.1,0.3,92.6,92.6,92.6,92.6,1.0,0.0,16.0,0.0,0.3,9.22,12.65,18.61,14.5,6.0,7.72,18.0,0.3,0.5,0.5,-6.04,3.52,11.12,4.26,6.0,13.76,18.0,0.3,0.5,0.5,-6.52,5.44,10.61,2.66,6.0,9.6,18.0,0.3,0.5,0.5,982.35,993.5,1006.97,994.52,6.0,11.97,18.0,0.3,0.5,0.5,5.0,7.0,8.0,6.6,5.0,1.5,16.0,0.4,0.6,0.5,-85.9,36.2,209.1,116.2,6.0,360.8,18.0,0.3,0.5,0.5,-148.7,50.0,151.8,17.8,6.0,141.7,18.0,0.3,0.5,0.5,0.94,1.3,4.62,2.88,5.0,3.84,16.0,0.2,0.5,0.5,7.1,16.9,119.9,67.7,5.0,119.7,16.0,0.2,0.5,0.5,1.06,1.06,1.06,1.06,1.0,0.0,16.0,0.0,0.1,0.3,16.9,16.9,16.9,16.9,1.0,0.0,16.0,0.0,0.1,0.3,-39.0,-2.1,24.0,-7.0,6.0,35.3,18.0,0.3,0.5,0.5,-6.1,24.8,55.6,22.7,6.0,46.5,18.0,0.3,0.5,0.5,-60.0,-60.0,-60.0,-60.0,1.0,0.0,16.0,0.0,0.1,0.3,50.3,50.3,50.3,50.3,1.0,0.0,16.0,0.0,0.1,0.3,-13.0,-13.0,-13.0,-13.0,1.0,0.0,16.0,0.0,0.1,0.3,10.9,10.9,10.9,10.9,1.0,0.0,16.0,0.0,0.1,0.3,817.5,2029.0,8226.0,5625.0,6.0,9278.0,18.0,0.3,0.5,0.5,820.0,2030.0,8225.0,5625.0,6.0,9280.0,18.0,0.3,0.5,0.5
1974,2,329.0,60.0,7.0,7.0,7.0,7.0,1.0,0.0,6.0,1.0,0.7,0.8,1.95,3.5,4.0,3.0,4.0,1.41,12.0,0.5,0.7,0.5,3.78,3.78,3.78,3.78,1.0,0.0,6.0,1.0,0.7,0.8,75.2,75.2,75.2,75.2,1.0,0.0,6.0,1.0,0.8,7.94,9.8,14.86,11.33,4.0,5.34,12.0,0.5,0.7,0.5,-3.27,3.56,14.86,5.69,4.0,10.94,12.0,0.5,0.7,0.5,-7.34,-2.9,0.0,-3.64,4.0,4.37,12.0,0.5,0.7,0.5,976.44,986.0,1003.75,990.0,3.0,20.3,10.0,0.3,0.7,0.5,3.3,4.0,6.7,5.0,3.0,2.6,12.0,0.7,0.7,0.6,-26.2,41.8,239.6,103.8,4.0,182.5,12.0,0.5,0.7,0.5,-61.1,-19.4,0.0,-30.0,4.0,38.8,12.0,0.5,0.7,0.5,3.0,3.0,3.0,3.0,1.0,0.0,6.0,1.0,0.7,0.8,27.9,27.9,27.9,27.9,1.0,0.0,6.0,1.0,0.7,0.8,2.42,2.42,2.42,2.42,1.0,0.0,6.0,1.0,0.7,0.8,22.5,22.5,22.5,22.5,1.0,0.0,6.0,1.0,0.7,0.8,-13.1,3.1,25.2,5.9,4.0,22.5,12.0,0.5,0.7,0.5,-29.4,-11.6,0.0,-14.5,4.0,17.5,12.0,0.5,0.7,0.5,-12.0,-12.0,-12.0,-12.0,1.0,0.0,6.0,1.0,0.7,0.8,-33.1,-33.1,-33.1,-33.1,1.0,0.0,6.0,1.0,0.7,0.8,-7.7,-7.7,-7.7,-7.7,1.0,0.0,6.0,1.0,0.7,0.8,-21.2,-21.2,-21.2,-21.2,1.0,0.0,6.0,1.0,0.7,0.8,540.5,948.5,4113.5,2264.0,4.0,3080.5,12.0,0.5,0.7,0.5,540.0,950.0,4115.0,2265.0,4.0,3080.0,12.0,0.5,0.7,0.5
1974,2,329.0,61.0,5.86,6.0,6.2,6.02,5.0,0.18,16.0,0.4,0.4,0.1,0.0,1.0,3.14,1.67,7.0,2.21,16.0,0.4,0.5,0.1,2.78,3.07,3.56,3.14,5.0,0.41,16.0,0.4,0.4,0.1,66.3,80.2,93.0,79.3,5.0,14.2,16.0,0.4,0.1,4.53,10.3,12.4,9.17,7.0,4.12,16.0,0.4,0.5,0.1,1.69,6.28,9.91,5.47,7.0,5.53,16.0,0.4,0.5,0.1,2.19,5.65,7.41,5.3,7.0,4.09,16.0,0.4,0.5,0.1,997.24,999.0,1000.21,1000.1,7.0,5.76,16.0,0.4,0.5,0.1,6.0,7.0,8.0,6.9,7.0,1.1,16.0,0.4,0.5,0.1,4.9,51.7,113.9,65.9,7.0,66.4,16.0,0.4,0.5,0.1,6.7,63.8,105.5,60.2,7.0,52.1,16.0,0.4,0.5,0.1,4.58,6.0,6.2,5.48,5.0,0.92,16.0,0.4,0.4,0.1,38.3,49.4,64.0,49.7,5.0,19.1,16.0,0.4,0.4,0.1,2.36,2.88,3.03,2.74,5.0,0.38,16.0,0.4,0.4,0.1,14.7,30.2,37.4,27.0,5.0,14.6,16.0,0.4,0.4,0.1,-0.6,0.0,21.4,5.9,7.0,13.4,16.0,0.4,0.5,0.1,-0.2,0.0,15.0,11.9,7.0,25.9,16.0,0.4,0.5,0.1,16.8,22.5,31.1,23.0,5.0,10.0,16.0,0.4,0.4,0.1,14.1,18.8,18.9,16.5,5.0,4.5,16.0,0.4,0.4,0.1,10.9,23.2,32.4,22.1,5.0,13.3,16.0,0.4,0.4,0.1,9.8,16.3,20.7,15.3,5.0,6.7,16.0,0.4,0.4,0.1,94.0,1092.5,1914.5,1151.5,7.0,1055.5,16.0,0.4,0.5,0.1,95.0,1095.0,1915.0,1150.0,7.0,1055.0,16.0,0.4,0.5,0.1
1974,2,329.0,65.0,,,,,,,,,,,,,,,,,,,,,,,,,,,,,,,,,,,,,,,,22.6,22.6,22.6,22.6,5.0,0.0,28.0,0.6,0.9,0.5,-9.03,-7.73,-7.73,-8.44,5.0,1.6,28.0,0.6,0.9,0.5,-21.24,-21.24,-20.63,-20.9,5.0,0.74,28.0,0.6,0.9,0.5,975.0,975.0,975.0,975.0,2.0,0.0,28.0,0.0,0.9,0.5,,,,,,,,,,,,,,,,,,,,,,,,,,,,,,,,,,,,,,,,,,,,,,,,,,,,,,,,,,,,,,,,,,,,,,,,,,,,,,,,,,,,,,,,,,,,,,,,,,,,,,,,,,,,,,,,,,,,,,,,,,,,,,,,,,,,,,,,,,,,,,,,,,,,,,
1974,2,330.0,-68.0,0.1,0.1,0.24,0.17,3.0,0.12,24.0,1.0,0.7,0.7,-0.77,-0.7,-0.56,-0.67,3.0,0.15,24.0,1.0,0.7,0.7,3.57,3.61,3.66,3.61,2.0,0.09,24.0,1.0,0.5,0.9,95.7,97.1,97.6,96.7,3.0,1.5,24.0,1.0,0.7,,,,,,,,,,,,,,,,,,,,,,,,,,,,,,,,,,,,,,,,,,,,,,,,,,,,,,,,,,,,,,,,,,,,,,,,,,,,,,,,,,,,,,,,,,,,,,,,,,,,,,,,,,,,,,,,,,,,,,,,,,,,,,,,,,,,,,,,,,,,,,,,,,,,,,,,,,,,,,,,,,,,,,,,,,,,,,,,,,,,,,,,,,,,,,
1974,2,330.0,-67.0,0.2,0.2,0.2,0.2,1.0,0.0,24.0,1.0,0.4,0.7,-0.4,-0.4,-0.4,-0.4,1.0,0.0,24.0,1.0,0.4,0.7,3.45,3.45,3.45,3.45,1.0,0.0,24.0,1.0,0.4,0.7,91.6,91.6,91.6,91.6,1.0,0.0,24.0,1.0,0.7,,,,,,,,,,,,,,,,,,,,,,,,,,,,,,,,,,,,,,,,,,,,,,,,,,,,,,,,,,,,,,,,,,,,,,,,,,,,,,,,,,,,,,,,,,,,,,,,,,,,,,,,,,,,,,,,,,,,,,,,,,,,,,,,,,,,,,,,,,,,,,,,,,,,,,,,,,,,,,,,,,,,,,,,,,,,,,,,,,,,,,,,,,,,,,
1974,2,330.0,-34.0,22.61,22.85,23.09,22.85,2.0,0.49,8.0,1.0,0.5,0.2,22.63,23.55,24.47,23.55,2.0,1.91,8.0,1.0,0.5,0.2,15.83,16.16,16.49,16.16,2.0,0.68,8.0,1.0,0.5,0.2,86.5,89.8,93.1,89.8,2.0,6.8,8.0,1.0,0.2,0.81,2.55,4.29,2.55,2.0,3.61,8.0,1.0,0.5,0.2,0.14,0.44,0.75,0.44,2.0,0.63,8.0,1.0,0.5,0.2,0.8,2.51,4.23,2.51,2.0,3.55,8.0,1.0,0.5,0.2,1015.58,1017.05,1018.52,1017.05,2.0,3.04,8.0,1.0,0.5,0.2,5.2,5.5,5.8,5.5,2.0,0.7,8.0,1.0,0.5,0.2,0.7,2.3,3.8,2.3,2.0,3.2,8.0,1.0,0.5,0.2,4.1,12.8,21.5,12.8,2.0,18.1,8.0,1.0,0.5,0.2,-1.38,-0.7,-0.02,-0.7,2.0,1.41,8.0,1.0,0.5,0.2,-7.3,-4.3,-1.4,-4.3,2.0,6.1,8.0,1.0,0.5,0.2,1.08,1.13,1.18,1.13,2.0,0.11,8.0,1.0,0.5,0.2,0.9,2.7,4.5,2.7,2.0,3.8,8.0,1.0,0.5,0.2,3.5,11.0,18.6,11.0,2.0,15.6,8.0,1.0,0.5,0.2,19.8,62.5,105.2,62.5,2.0,88.4,8.0,1.0,0.5,0.2,2.3,7.4,12.4,7.4,2.0,10.4,8.0,1.0,0.5,0.2,13.3,41.8,70.3,41.8,2.0,59.1,8.0,1.0,0.5,0.2,0.1,0.5,0.8,0.5,2.0,0.7,8.0,1.0,0.5,0.2,0.8,2.6,4.5,2.6,2.0,3.7,8.0,1.0,0.5,0.2,21.0,66.5,111.5,66.5,2.0,94.0,8.0,1.0,0.5,0.2,20.0,65.0,110.0,65.0,2.0,95.0,8.0,1.0,0.5,0.2
1974,2,330.0,-33.0,24.6,24.6,24.6,24.6,1.0,0.0,16.0,0.0,0.3,1.0,24.0,24.0,24.0,24.0,1.0,0.0,16.0,0.0,0.3,1.0,16.02,16.02,16.02,16.02,1.0,0.0,16.0,0.0,0.3,1.0,86.4,86.4,86.4,86.4,1.0,0.0,16.0,0.0,1.0,3.6,3.6,3.6,3.6,1.0,0.0,16.0,0.0,0.3,1.0,3.38,3.38,3.38,3.38,1.0,0.0,16.0,0.0,0.3,1.0,1.23,1.23,1.23,1.23,1.0,0.0,16.0,0.0,0.3,1.0,1015.6,1015.6,1015.6,1015.6,1.0,0.0,16.0,0.0,0.3,1.0,3.0,3.0,3.0,3.0,1.0,0.0,16.0,0.0,0.3,1.0,12.2,12.2,12.2,12.2,1.0,0.0,16.0,0.0,0.3,1.0,4.4,4.4,4.4,4.4,1.0,0.0,16.0,0.0,0.3,1.0,0.6,0.6,0.6,0.6,1.0,0.0,16.0,0.0,0.3,1.0,2.2,2.2,2.2,2.2,1.0,0.0,16.0,0.0,0.3,1.0,3.23,3.23,3.23,3.23,1.0,0.0,16.0,0.0,0.3,1.0,11.6,11.6,11.6,11.6,1.0,0.0,16.0,0.0,0.3,1.0,81.2,81.2,81.2,81.2,1.0,0.0,16.0,0.0,0.3,1.0,29.6,29.6,29.6,29.6,1.0,0.0,16.0,0.0,0.3,1.0,54.2,54.2,54.2,54.2,1.0,0.0,16.0,0.0,0.3,1.0,19.7,19.7,19.7,19.7,1.0,0.0,16.0,0.0,0.3,1.0,10.9,10.9,10.9,10.9,1.0,0.0,16.0,0.0,0.3,1.0,4.0,4.0,4.0,4.0,1.0,0.0,16.0,0.0,0.3,1.0,46.5,46.5,46.5,46.5,1.0,0.0,16.0,0.0,0.3,1.0,45.0,45.0,45.0,45.0,1.0,0.0,16.0,0.0,0.3,1.0
1974,2,330.0,-31.0,23.99,24.4,24.65,24.34,5.0,0.42,12.0,0.2,0.5,0.3,22.68,23.4,24.08,23.32,5.0,1.06,12.0,0.2,0.5,0.3,13.38,14.01,15.47,14.27,5.0,1.33,12.0,0.2,0.5,0.3,77.1,79.2,83.8,80.5,5.0,4.6,12.0,0.2,0.3,3.73,4.1,8.19,5.86,5.0,3.59,12.0,0.2,0.5,0.3,-3.2,-2.68,-1.67,-2.37,5.0,1.38,12.0,0.2,0.5,0.3,0.24,3.14,7.68,3.97,5.0,5.21,12.0,0.2,0.5,0.3,1018.82,1019.9,1021.33,1020.06,5.0,1.4,12.0,0.2,0.5,0.3,3.9,6.0,7.4,5.6,5.0,2.3,12.0,0.2,0.5,0.3,-15.8,-10.8,-5.3,-10.3,5.0,6.8,12.0,0.2,0.5,0.3,0.0,12.9,72.4,36.9,5.0,61.6,12.0,0.2,0.5,0.3,0.29,1.0,1.72,1.02,5.0,1.21,12.0,0.2,0.5,0.3,1.3,4.8,11.7,5.8,5.0,6.0,12.0,0.2,0.5,0.3,3.21,4.59,5.92,4.6,5.0,1.52,12.0,0.2,0.5,0.3,11.4,27.1,41.7,28.7,5.0,22.6,12.0,0.2,0.5,0.3,-76.0,-62.8,-36.1,-55.3,5.0,32.8,12.0,0.2,0.5,0.3,4.8,67.8,181.6,92.4,5.0,125.2,12.0,0.2,0.5,0.3,-46.6,-42.0,-20.6,-34.2,5.0,20.7,12.0,0.2,0.5,0.3,3.9,38.7,107.5,54.5,5.0,73.8,12.0,0.2,0.5,0.3,-15.1,-10.2,-5.8,-10.1,5.0,6.5,12.0,0.2,0.5,0.3,1.2,20.7,39.4,22.1,5.0,27.5,12.0,0.2,0.5,0.3,54.5,69.0,768.0,422.5,5.0,733.5,12.0,0.2,0.5,0.3,55.0,70.0,770.0,420.0,5.0,735.0,12.0,0.2,0.5,0.3
1974,2,330.0,-30.0,24.0,24.0,24.0,24.0,1.0,0.0,12.0,0.0,0.9,0.7,24.0,24.0,24.0,24.0,1.0,0.0,12.0,0.0,0.9,0.7,14.61,14.61,14.61,14.61,1.0,0.0,12.0,0.0,0.9,0.7,79.3,79.3,79.3,79.3,1.0,0.0,12.0,0.0,0.7,1.0,1.0,1.0,1.0,1.0,0.0,12.0,0.0,0.9,0.7,0.17,0.17,0.17,0.17,1.0,0.0,12.0,0.0,0.9,0.7,0.98,0.98,0.98,0.98,1.0,0.0,12.0,0.0,0.9,0.7,1021.2,1021.2,1021.2,1021.2,1.0,0.0,12.0,0.0,0.9,0.7,0.0,0.0,0.0,0.0,1.0,0.0,12.0,0.0,0.9,0.7,0.2,0.2,0.2,0.2,1.0,0.0,12.0,0.0,0.9,0.7,1.0,1.0,1.0,1.0,1.0,0.0,12.0,0.0,0.9,0.7,0.0,0.0,0.0,0.0,1.0,0.0,12.0,0.0,0.9,0.7,0.0,0.0,0.0,0.0,1.0,0.0,12.0,0.0,0.9,0.7,3.85,3.85,3.85,3.85,1.0,0.0,12.0,0.0,0.9,0.7,3.9,3.9,3.9,3.9,1.0,0.0,12.0,0.0,0.9,0.7,4.2,4.2,4.2,4.2,1.0,0.0,12.0,0.0,0.9,0.7,23.6,23.6,23.6,23.6,1.0,0.0,12.0,0.0,0.9,0.7,2.5,2.5,2.5,2.5,1.0,0.0,12.0,0.0,0.9,0.7,14.4,14.4,14.4,14.4,1.0,0.0,12.0,0.0,0.9,0.7,0.7,0.7,0.7,0.7,1.0,0.0,12.0,0.0,0.9,0.7,3.8,3.8,3.8,3.8,1.0,0.0,12.0,0.0,0.9,0.7,1.0,1.0,1.0,1.0,1.0,0.0,12.0,0.0,0.9,0.7,0.0,0.0,0.0,0.0,1.0,0.0,12.0,0.0,0.9,0.7
1974,2,330.0,-29.0,,,,,,,,,,,,,,,,,,,,,,,,,,,,,,,,,,,,,,,,9.3,9.3,9.3,9.3,1.0,0.0,20.0,1.0,0.5,0.5,-9.16,-9.16,-9.16,-9.16,1.0,0.0,20.0,1.0,0.5,0.5,-1.61,-1.61,-1.61,-1.61,1.0,0.0,20.0,1.0,0.5,0.5,1017.0,1017.0,1017.0,1017.0,1.0,0.0,20.0,1.0,0.5,0.5,,,,,,,,,,,,,,,,,,,,,,,,,,,,,,,,,,,,,,,,,,,,,,,,,,,,,,,,,,,,,,,,,,,,,,,,,,,,,,,,,,,,,,,,,,,,,,,,,,,,,,,,,,,,,,,,,,,,,,,,,,,,,,,,,,,,,,,,,,,,,,,,,,,,,,
1974,2,330.0,-28.0,24.16,24.5,24.84,24.5,2.0,0.71,18.0,0.5,0.4,0.8,23.98,25.0,26.02,25.0,2.0,2.12,18.0,0.5,0.4,0.8,15.04,15.04,15.04,15.04,1.0,0.0,20.0,0.0,0.8,0.6,83.8,83.8,83.8,83.8,1.0,0.0,20.0,0.0,0.6,2.1,2.3,2.5,2.3,2.0,0.42,18.0,0.5,0.4,0.8,-2.11,-1.4,-0.68,-1.4,2.0,1.48,18.0,0.5,0.4,0.8,-1.8,-1.43,-1.06,-1.43,2.0,0.76,18.0,0.5,0.4,0.8,1016.93,1017.65,1018.37,1017.65,2.0,1.48,18.0,0.5,0.4,0.8,1.8,3.5,5.2,3.5,2.0,3.5,18.0,0.5,0.4,0.8,-5.5,-3.5,-1.6,-3.5,2.0,4.0,18.0,0.5,0.4,0.8,-3.7,-3.1,-2.6,-3.1,2.0,1.2,18.0,0.5,0.4,0.8,-1.18,-0.5,0.18,-0.5,2.0,1.41,18.0,0.5,0.4,0.8,-2.3,-0.8,0.6,-0.8,2.0,3.0,18.0,0.5,0.4,0.8,3.5,3.5,3.5,3.5,1.0,0.0,20.0,0.0,0.8,0.6,9.1,9.1,9.1,9.1,1.0,0.0,20.0,0.0,0.8,0.6,-49.8,-33.3,-16.9,-33.3,2.0,34.1,18.0,0.5,0.4,0.8,-47.2,-36.5,-25.9,-36.5,2.0,22.1,18.0,0.5,0.4,0.8,-36.8,-36.8,-36.8,-36.8,1.0,0.0,20.0,0.0,0.8,0.6,-13.4,-13.4,-13.4,-13.4,1.0,0.0,20.0,0.0,0.8,0.6,-8.6,-8.6,-8.6,-8.6,1.0,0.0,20.0,0.0,0.8,0.6,-3.1,-3.1,-3.1,-3.1,1.0,0.0,20.0,0.0,0.8,0.6,9.5,13.0,16.0,13.0,2.0,7.0,18.0,0.5,0.4,0.8,10.0,15.0,15.0,15.0,2.0,5.0,18.0,0.5,0.4,0.8
1974,2,330.0,-27.0,25.64,25.95,26.26,25.95,2.0,0.64,12.0,0.5,0.5,0.5,24.54,25.05,25.56,25.05,2.0,1.06,12.0,0.5,0.5,0.5,14.44,14.44,14.44,14.44,1.0,0.0,12.0,1.0,0.1,0.1,70.4,70.4,70.4,70.4,1.0,0.0,12.0,1.0,0.1,3.33,4.05,4.77,4.05,2.0,1.48,12.0,0.5,0.5,0.5,-4.48,-3.81,-3.13,-3.81,2.0,1.4,12.0,0.5,0.5,0.5,-0.59,0.36,1.3,0.36,2.0,1.96,12.0,0.5,0.5,0.5,1016.93,1018.3,1019.67,1018.3,2.0,2.83,12.0,0.5,0.5,0.5,3.0,5.0,7.0,5.0,2.0,4.2,12.0,0.5,0.5,0.5,-21.9,-16.4,-11.0,-16.4,2.0,11.3,12.0,0.5,0.5,0.5,-1.2,2.9,7.0,2.9,2.0,8.5,12.0,0.5,0.5,0.5,0.7,0.9,1.1,0.9,2.0,0.42,12.0,0.5,0.5,0.5,3.1,3.3,3.5,3.3,2.0,0.4,12.0,0.5,0.5,0.5,6.92,6.92,6.92,6.92,1.0,0.0,12.0,1.0,0.1,0.1,35.3,35.3,35.3,35.3,1.0,0.0,12.0,1.0,0.1,0.1,-114.9,-96.1,-77.3,-96.1,2.0,39.0,12.0,0.5,0.5,0.5,-13.8,10.0,33.9,10.0,2.0,49.5,12.0,0.5,0.5,0.5,-69.2,-69.2,-69.2,-69.2,1.0,0.0,12.0,1.0,0.1,0.1,25.2,25.2,25.2,25.2,1.0,0.0,12.0,1.0,0.1,0.1,-33.2,-33.2,-33.2,-33.2,1.0,0.0,12.0,1.0,0.1,0.1,12.1,12.1,12.1,12.1,1.0,0.0,12.0,1.0,0.1,0.1,44.0,80.0,116.0,80.0,2.0,74.5,12.0,0.5,0.5,0.5,45.0,80.0,115.0,80.0,2.0,75.0,12.0,0.5,0.5,0.5
1974,2,330.0,-25.0,27.0,27.0,27.0,27.0,1.0,0.0,20.0,1.0,0.6,0.2,26.9,26.9,26.9,26.9,1.0,0.0,20.0,1.0,0.6,0.2,17.91,17.91,17.91,17.91,1.0,0.0,20.0,1.0,0.6,0.2,81.2,81.2,81.2,81.2,1.0,0.0,20.0,1.0,0.2,4.6,4.6,4.6,4.6,1.0,0.0,20.0,1.0,0.6,0.2,0.0,0.0,0.0,0.0,1.0,0.0,20.0,1.0,0.6,0.2,-4.6,-4.6,-4.6,-4.6,1.0,0.0,20.0,1.0,0.6,0.2,1015.0,1015.0,1015.0,1015.0,1.0,0.0,20.0,1.0,0.6,0.2,3.0,3.0,3.0,3.0,1.0,0.0,20.0,1.0,0.6,0.2,0.0,0.0,0.0,0.0,1.0,0.0,20.0,1.0,0.6,0.2,-21.2,-21.2,-21.2,-21.2,1.0,0.0,20.0,1.0,0.6,0.2,0.1,0.1,0.1,0.1,1.0,0.0,20.0,1.0,0.6,0.2,0.5,0.5,0.5,0.5,1.0,0.0,20.0,1.0,0.6,0.2,4.35,4.35,4.35,4.35,1.0,0.0,20.0,1.0,0.6,0.2,20.0,20.0,20.0,20.0,1.0,0.0,20.0,1.0,0.6,0.2,0.0,0.0,0.0,0.0,1.0,0.0,20.0,1.0,0.6,0.2,-123.7,-123.7,-123.7,-123.7,1.0,0.0,20.0,1.0,0.6,0.2,0.0,0.0,0.0,0.0,1.0,0.0,20.0,1.0,0.6,0.2,-82.4,-82.4,-82.4,-82.4,1.0,0.0,20.0,1.0,0.6,0.2,0.0,0.0,0.0,0.0,1.0,0.0,20.0,1.0,0.6,0.2,-20.0,-20.0,-20.0,-20.0,1.0,0.0,20.0,1.0,0.6,0.2,97.5,97.5,97.5,97.5,1.0,0.0,20.0,1.0,0.6,0.2,95.0,95.0,95.0,95.0,1.0,0.0,20.0,1.0,0.6,0.2
1974,2,330.0,-23.0,26.6,26.6,26.6,26.6,1.0,0.0,20.0,1.0,0.7,0.3,27.9,27.9,27.9,27.9,1.0,0.0,20.0,1.0,0.7,0.3,16.96,16.96,16.96,16.96,1.0,0.0,20.0,1.0,0.7,0.3,72.5,72.5,72.5,72.5,1.0,0.0,20.0,1.0,0.3,3.6,3.6,3.6,3.6,1.0,0.0,20.0,1.0,0.7,0.3,-3.55,-3.55,-3.55,-3.55,1.0,0.0,20.0,1.0,0.7,0.3,-0.63,-0.63,-0.63,-0.63,1.0,0.0,20.0,1.0,0.7,0.3,1014.4,1014.4,1014.4,1014.4,1.0,0.0,20.0,1.0,0.7,0.3,3.0,3.0,3.0,3.0,1.0,0.0,20.0,1.0,0.7,0.3,-12.8,-12.8,-12.8,-12.8,1.0,0.0,20.0,1.0,0.7,0.3,-2.3,-2.3,-2.3,-2.3,1.0,0.0,20.0,1.0,0.7,0.3,-1.3,-1.3,-1.3,-1.3,1.0,0.0,20.0,1.0,0.7,0.3,-4.7,-4.7,-4.7,-4.7,1.0,0.0,20.0,1.0,0.7,0.3,4.78,4.78,4.78,4.78,1.0,0.0,20.0,1.0,0.7,0.3,17.2,17.2,17.2,17.2,1.0,0.0,20.0,1.0,0.7,0.3,-98.9,-98.9,-98.9,-98.9,1.0,0.0,20.0,1.0,0.7,0.3,-17.4,-17.4,-17.4,-17.4,1.0,0.0,20.0,1.0,0.7,0.3,-60.1,-60.1,-60.1,-60.1,1.0,0.0,20.0,1.0,0.7,0.3,-10.6,-10.6,-10.6,-10.6,1.0,0.0,20.0,1.0,0.7,0.3,-17.0,-17.0,-17.0,-17.0,1.0,0.0,20.0,1.0,0.7,0.3,-3.0,-3.0,-3.0,-3.0,1.0,0.0,20.0,1.0,0.7,0.3,46.5,46.5,46.5,46.5,1.0,0.0,20.0,1.0,0.7,0.3,45.0,45.0,45.0,45.0,1.0,0.0,20.0,1.0,0.7,0.3
1974,2,330.0,-19.0,,,,,,,,,,,,,,,,,,,,,,,,,,,,,,,,,,,,,,,,1.0,1.0,1.0,1.0,1.0,0.0,22.0,0.0,0.2,0.8,0.5,0.5,0.5,0.5,1.0,0.0,22.0,0.0,0.2,0.8,0.87,0.87,0.87,0.87,1.0,0.0,22.0,0.0,0.2,0.8,1011.8,1011.8,1011.8,1011.8,1.0,0.0,22.0,0.0,0.2,0.8,,,,,,,,,,,,,,,,,,,,,,,,,,,,,,,,,,,,,,,,,,,,,,,,,,,,,,,,,,,,,,,,,,,,,,,,,,,,,,,,,,,,,,,,,,,,,,,,,,,,,,,,,,,,,,,,,,,,,,,,,,,,,,,,,,,,,,,,,,,,,,,,,,,,,,
1974,2,330.0,-13.0,27.2,27.2,27.54,27.37,3.0,0.29,4.0,0.0,0.4,0.7,26.4,26.6,26.6,26.5,3.0,0.17,4.0,0.0,0.4,0.7,15.86,16.62,17.39,16.62,2.0,1.59,6.0,0.0,0.6,0.7,73.2,77.2,81.2,77.2,2.0,8.3,6.0,0.0,0.7,8.8,9.0,9.2,9.0,2.0,0.42,6.0,0.0,0.6,0.7,-9.18,-8.93,-8.68,-8.93,2.0,0.52,6.0,0.0,0.6,0.7,-1.27,-0.76,-0.24,-0.76,2.0,1.07,6.0,0.0,0.6,0.7,1011.56,1011.7,1011.84,1011.7,2.0,0.28,6.0,0.0,0.6,0.7,2.3,3.0,4.4,3.3,3.0,1.5,4.0,0.0,0.4,0.7,-84.6,-80.5,-76.4,-80.5,2.0,8.4,6.0,0.0,0.6,0.7,-11.1,-6.6,-2.1,-6.6,2.0,9.3,6.0,0.0,0.6,0.7,0.6,0.6,1.15,0.87,3.0,0.46,4.0,0.0,0.4,0.7,6.5,9.1,11.8,9.1,2.0,5.5,6.0,0.0,0.6,0.7,5.78,6.31,6.85,6.31,2.0,1.11,6.0,0.0,0.6,0.7,53.0,56.6,60.1,56.6,2.0,7.3,6.0,0.0,0.6,0.7,-241.9,-236.2,-230.6,-236.2,2.0,11.8,6.0,0.0,0.6,0.7,-33.8,-20.1,-6.4,-20.1,2.0,28.4,6.0,0.0,0.6,0.7,-159.9,-148.9,-137.9,-148.9,2.0,22.8,6.0,0.0,0.6,0.7,-19.7,-11.7,-3.7,-11.7,2.0,16.6,6.0,0.0,0.6,0.7,-59.3,-56.1,-52.9,-56.1,2.0,6.7,6.0,0.0,0.6,0.7,-9.0,-5.4,-1.7,-5.4,2.0,7.6,6.0,0.0,0.6,0.7,681.5,731.5,781.0,731.5,2.0,103.0,6.0,0.0,0.6,0.7,680.0,730.0,780.0,730.0,2.0,105.0,6.0,0.0,0.6,0.7
1974,2,330.0,-12.0,27.1,27.45,28.43,27.75,4.0,0.9,4.0,0.0,0.2,0.5,26.2,26.35,26.4,26.3,4.0,0.14,4.0,0.0,0.2,0.5,15.97,16.96,17.94,16.96,2.0,2.04,6.0,0.0,0.1,0.3,74.6,79.7,84.8,79.7,2.0,10.6,6.0,0.0,0.3,7.63,9.0,9.2,8.43,3.0,1.25,4.0,0.0,0.3,0.6,-8.92,-8.74,-7.48,-8.21,3.0,1.15,4.0,0.0,0.3,0.6,0.39,1.22,2.56,1.47,3.0,1.61,4.0,0.0,0.3,0.6,1011.05,1011.8,1012.07,1011.57,3.0,0.78,4.0,0.0,0.3,0.6,2.0,2.5,5.1,3.5,4.0,2.4,4.0,0.0,0.2,0.5,-81.2,-81.0,-58.6,-70.2,3.0,19.0,4.0,0.0,0.3,0.6,2.7,8.5,22.9,12.7,3.0,15.2,4.0,0.0,0.3,0.6,0.7,1.2,2.22,1.45,4.0,0.96,4.0,0.0,0.2,0.5,9.3,15.8,17.9,13.7,3.0,6.6,4.0,0.0,0.3,0.6,5.31,5.99,6.66,5.99,2.0,1.39,6.0,0.0,0.1,0.3,49.1,54.6,60.1,54.6,2.0,11.5,6.0,0.0,0.1,0.3,-234.6,-228.1,-196.2,-215.7,3.0,30.1,4.0,0.0,0.3,0.6,10.1,32.0,66.8,38.3,3.0,41.9,4.0,0.0,0.3,0.6,-157.5,-150.2,-143.0,-150.2,2.0,15.0,6.0,0.0,0.1,0.3,9.3,29.3,49.2,29.3,2.0,41.4,6.0,0.0,0.1,0.3,-59.7,-53.2,-46.7,-53.2,2.0,13.4,6.0,0.0,0.1,0.3,2.5,8.0,13.4,8.0,2.0,11.2,6.0,0.0,0.1,0.3,465.5,729.0,780.5,625.5,3.0,247.5,4.0,0.0,0.3,0.6,465.0,730.0,780.0,625.0,3.0,245.0,4.0,0.0,0.3,0.6
1974,2,330.0,-11.0,27.1,27.1,27.84,27.37,6.0,0.42,4.0,0.5,0.2,0.5,24.6,24.7,26.32,25.27,6.0,0.98,4.0,0.5,0.2,0.5,15.54,15.54,17.45,16.47,3.0,1.62,2.0,0.7,0.1,0.5,72.3,80.1,81.8,77.2,4.0,8.0,4.0,0.5,0.5,4.31,6.7,8.14,6.25,4.0,2.7,4.0,0.5,0.3,0.5,-7.94,-6.44,-3.78,-5.89,4.0,3.07,4.0,0.5,0.3,0.5,-1.29,0.54,1.56,0.15,4.0,1.92,4.0,0.5,0.3,0.5,1008.93,1009.0,1009.27,1009.1,3.0,0.26,2.0,0.7,0.1,0.5,1.9,3.0,4.0,2.7,7.0,1.5,4.0,0.6,0.2,0.5,-65.6,-43.3,-20.3,-43.0,4.0,31.6,4.0,0.5,0.3,0.5,-9.3,2.6,6.0,-1.5,4.0,11.2,4.0,0.5,0.3,0.5,1.52,2.4,2.5,2.1,6.0,0.56,4.0,0.5,0.2,0.5,5.7,12.4,20.0,12.8,4.0,8.5,4.0,0.5,0.3,0.5,5.91,6.98,6.98,6.46,3.0,0.91,2.0,0.7,0.1,0.5,38.8,50.3,58.8,48.9,3.0,14.7,2.0,0.7,0.1,0.5,-195.6,-165.4,-100.8,-149.0,4.0,75.0,4.0,0.5,0.3,0.5,-31.9,14.4,41.1,5.1,4.0,48.8,4.0,0.5,0.3,0.5,-131.0,-112.0,-107.3,-119.0,3.0,18.4,2.0,0.7,0.1,0.5,-26.1,0.0,13.5,-6.2,3.0,29.5,2.0,0.7,0.1,0.5,-57.9,-47.2,-37.5,-47.7,3.0,14.9,2.0,0.7,0.1,0.5,-11.7,0.0,4.0,-3.8,3.0,12.0,2.0,0.7,0.1,0.5,122.5,306.0,559.5,339.5,4.0,298.0,4.0,0.5,0.3,0.5,125.0,305.0,560.0,340.0,4.0,300.0,4.0,0.5,0.3,0.5
1974,2,330.0,-10.0,27.0,27.05,27.1,27.05,4.0,0.06,2.0,1.0,0.2,0.6,26.9,27.05,27.2,27.05,4.0,0.17,2.0,1.0,0.2,0.6,15.67,16.01,16.35,16.01,2.0,0.71,2.0,1.0,0.2,0.5,69.8,71.7,73.7,71.7,2.0,4.0,2.0,1.0,0.5,6.35,7.1,7.85,7.1,2.0,1.56,2.0,1.0,0.2,0.5,-7.84,-7.05,-6.27,-7.05,2.0,1.62,2.0,1.0,0.2,0.5,-0.88,-0.52,-0.17,-0.52,2.0,0.74,2.0,1.0,0.2,0.5,1010.28,1010.45,1010.62,1010.45,2.0,0.35,2.0,1.0,0.2,0.5,2.0,2.0,2.1,2.3,7.0,0.8,2.0,1.0,0.2,0.5,-62.2,-51.3,-40.5,-51.3,2.0,22.5,2.0,1.0,0.2,0.5,-5.3,-3.1,-1.0,-3.1,2.0,4.4,2.0,1.0,0.2,0.5,-0.1,0.0,0.1,0.0,4.0,0.12,2.0,1.0,0.2,0.6,-0.4,0.1,0.6,0.1,2.0,1.0,2.0,1.0,0.2,0.5,6.03,6.41,6.79,6.41,2.0,0.79,2.0,1.0,0.2,0.5,42.8,44.9,47.0,44.9,2.0,4.3,2.0,1.0,0.2,0.5,-211.1,-190.7,-170.2,-190.7,2.0,42.3,2.0,1.0,0.2,0.5,-23.8,-14.2,-4.5,-14.2,2.0,20.0,2.0,1.0,0.2,0.5,-128.5,-113.5,-98.6,-113.5,2.0,30.9,2.0,1.0,0.2,0.5,-13.6,-8.1,-2.6,-8.1,2.0,11.4,2.0,1.0,0.2,0.5,-46.9,-44.6,-42.3,-44.6,2.0,4.8,2.0,1.0,0.2,0.5,-6.1,-3.6,-1.2,-3.6,2.0,5.1,2.0,1.0,0.2,0.5,269.0,383.5,498.0,383.5,2.0,237.0,2.0,1.0,0.2,0.5,270.0,385.0,500.0,385.0,2.0,235.0,2.0,1.0,0.2,0.5
1974,2,330.0,-9.0,27.3,27.3,28.46,27.87,3.0,0.98,8.0,0.3,0.1,0.8,27.13,27.2,27.4,27.27,3.0,0.21,8.0,0.3,0.1,0.8,15.55,15.55,15.55,15.55,1.0,0.0,2.0,0.0,0.1,1.0,68.9,68.9,68.9,68.9,1.0,0.0,2.0,0.0,1.0,2.79,4.5,6.21,4.5,2.0,3.54,12.0,0.0,0.1,0.9,-5.64,-2.95,-0.25,-2.95,2.0,5.58,12.0,0.0,0.1,0.9,1.3,1.47,1.65,1.47,2.0,0.37,12.0,0.0,0.1,0.9,1008.77,1010.0,1011.23,1010.0,2.0,2.55,12.0,0.0,0.1,0.9,3.3,4.0,4.7,4.0,3.0,1.0,8.0,0.3,0.1,0.8,-40.3,-23.1,-6.0,-23.1,2.0,35.5,12.0,0.0,0.1,0.9,4.3,6.0,7.7,6.0,2.0,3.6,12.0,0.0,0.1,0.9,0.13,0.2,1.09,0.6,3.0,0.78,8.0,0.3,0.1,0.8,1.1,1.9,2.6,1.9,2.0,1.6,12.0,0.0,0.1,0.9,7.26,7.26,7.26,7.26,1.0,0.0,2.0,0.0,0.1,1.0,50.8,50.8,50.8,50.8,1.0,0.0,2.0,0.0,0.1,1.0,-153.4,-80.0,-6.6,-80.0,2.0,152.0,12.0,0.0,0.1,0.9,35.4,40.3,45.3,40.3,2.0,10.3,12.0,0.0,0.1,0.9,-107.2,-107.2,-107.2,-107.2,1.0,0.0,2.0,0.0,0.1,1.0,18.9,18.9,18.9,18.9,1.0,0.0,2.0,0.0,0.1,1.0,-50.0,-50.0,-50.0,-50.0,1.0,0.0,2.0,0.0,0.1,1.0,8.8,8.8,8.8,8.8,1.0,0.0,2.0,0.0,0.1,1.0,61.0,175.5,290.0,175.5,2.0,237.0,12.0,0.0,0.1,0.9,60.0,175.0,290.0,175.0,2.0,235.0,12.0,0.0,0.1,0.9
1974,2,330.0,-8.0,27.3,27.3,28.49,27.82,5.0,0.77,10.0,0.2,0.4,0.4,26.88,27.1,27.93,27.42,5.0,1.03,10.0,0.2,0.4,0.4,15.83,16.48,17.13,16.48,2.0,1.34,16.0,0.5,0.5,0.4,68.9,69.1,69.2,69.1,2.0,0.3,16.0,0.5,0.4,4.76,6.95,7.72,6.28,4.0,2.27,14.0,0.3,0.5,0.5,-7.66,-6.75,-4.01,-5.87,4.0,2.73,14.0,0.3,0.5,0.5,-0.75,1.15,2.29,0.79,4.0,1.83,14.0,0.3,0.5,0.5,1008.02,1009.25,1010.69,1009.35,4.0,1.74,14.0,0.3,0.5,0.5,2.4,3.5,5.6,3.8,6.0,2.6,10.0,0.2,0.4,0.4,-59.4,-47.0,-23.1,-41.5,4.0,25.8,14.0,0.3,0.5,0.5,-6.1,3.4,11.3,2.6,4.0,11.4,14.0,0.3,0.5,0.5,-0.3,0.2,1.04,0.4,5.0,1.28,10.0,0.2,0.4,0.4,-4.1,1.6,5.6,0.8,3.0,7.1,18.0,0.3,0.6,0.5,6.66,6.9,7.13,6.9,2.0,0.49,16.0,0.5,0.5,0.4,46.4,51.7,56.9,51.7,2.0,11.0,16.0,0.5,0.5,0.4,-207.7,-183.8,-93.2,-151.3,3.0,88.5,18.0,0.3,0.6,0.5,-7.0,60.9,65.0,29.7,3.0,59.3,18.0,0.3,0.6,0.5,-122.9,-117.6,-112.2,-117.6,2.0,11.1,16.0,0.5,0.5,0.4,-12.3,8.9,30.1,8.9,2.0,43.9,16.0,0.5,0.5,0.4,-55.8,-49.9,-44.0,-49.9,2.0,12.2,16.0,0.5,0.5,0.4,-6.3,2.3,11.0,2.3,2.0,17.9,16.0,0.5,0.5,0.4,157.5,337.0,466.5,313.0,4.0,218.0,14.0,0.3,0.5,0.5,155.0,335.0,465.0,315.0,4.0,220.0,14.0,0.3,0.5,0.5
1974,2,330.0,-7.0,27.1,27.7,29.22,27.94,13.0,1.14,14.0,0.5,0.4,0.6,26.62,27.25,28.46,27.54,14.0,1.37,12.0,0.6,0.4,0.6,16.51,18.02,18.86,17.96,7.0,1.62,14.0,0.4,0.4,0.7,75.6,77.4,91.9,80.6,7.0,8.4,14.0,0.4,0.7,3.07,5.1,7.05,5.63,12.0,2.62,14.0,0.7,0.5,0.7,-6.8,-5.06,-2.76,-5.07,12.0,2.51,14.0,0.7,0.5,0.7,-0.49,1.15,2.67,1.38,12.0,2.25,14.0,0.7,0.5,0.7,1007.82,1009.45,1010.6,1009.37,12.0,1.49,14.0,0.7,0.5,0.7,2.1,4.5,7.9,4.7,14.0,2.2,12.0,0.6,0.4,0.6,-48.4,-25.8,-8.5,-34.5,12.0,34.5,14.0,0.7,0.5,0.7,-1.5,7.6,17.0,12.0,12.0,21.5,14.0,0.7,0.5,0.7,-0.05,0.3,1.64,0.35,13.0,1.58,14.0,0.5,0.4,0.6,-0.6,2.1,7.1,2.4,11.0,8.2,16.0,0.6,0.5,0.6,4.67,5.52,7.15,5.88,7.0,1.23,14.0,0.4,0.4,0.7,24.5,33.6,50.6,37.4,7.0,15.1,14.0,0.4,0.4,0.7,-187.6,-135.6,-78.2,-139.3,12.0,68.2,14.0,0.7,0.5,0.7,-15.0,31.1,77.8,38.1,12.0,63.2,14.0,0.7,0.5,0.7,-130.1,-107.1,-81.7,-111.2,7.0,43.0,14.0,0.4,0.4,0.7,14.0,19.0,49.3,32.8,7.0,37.0,14.0,0.4,0.4,0.7,-49.4,-31.6,-23.6,-35.4,7.0,12.8,14.0,0.4,0.4,0.7,5.1,8.4,12.5,10.4,7.0,10.5,14.0,0.4,0.4,0.7,29.0,132.5,350.5,305.5,12.0,506.5,14.0,0.7,0.5,0.7,30.0,135.0,350.0,305.0,12.0,505.0,14.0,0.7,0.5,0.7
1974,2,330.0,-6.0,27.2,27.2,28.24,27.65,8.0,0.79,8.0,0.9,0.3,0.6,26.39,26.85,27.1,26.68,6.0,0.57,4.0,0.8,0.3,0.7,16.54,16.69,17.2,16.86,4.0,0.47,6.0,0.8,0.4,0.7,74.5,77.1,80.5,77.5,4.0,3.7,6.0,0.8,0.7,6.37,7.1,9.0,7.33,6.0,1.49,10.0,0.8,0.4,0.6,-8.86,-6.89,-4.98,-6.84,6.0,1.85,10.0,0.8,0.4,0.6,-0.53,1.56,2.79,1.21,6.0,2.32,10.0,0.8,0.4,0.6,1008.81,1009.25,1011.8,1009.87,6.0,1.56,10.0,0.8,0.4,0.6,3.2,7.5,8.0,6.3,8.0,2.3,8.0,0.9,0.3,0.6,-79.8,-48.9,-31.9,-52.4,6.0,23.5,10.0,0.8,0.4,0.6,-2.7,14.1,19.3,10.1,6.0,14.6,10.0,0.8,0.4,0.6,0.08,0.3,0.93,0.58,6.0,0.83,4.0,0.8,0.3,0.7,0.4,2.2,7.5,3.9,4.0,5.1,6.0,0.8,0.4,0.7,5.43,6.12,6.4,5.92,4.0,0.79,6.0,0.8,0.4,0.7,32.9,38.4,49.3,41.0,4.0,10.5,6.0,0.8,0.4,0.7,-209.5,-157.1,-125.2,-166.9,4.0,55.2,6.0,0.8,0.4,0.7,-14.0,53.1,91.4,39.3,4.0,76.3,6.0,0.8,0.4,0.7,-128.6,-99.4,-81.8,-104.9,4.0,31.1,6.0,0.8,0.4,0.7,-10.2,32.7,58.4,24.5,4.0,49.6,6.0,0.8,0.4,0.7,-47.6,-34.8,-26.8,-37.1,4.0,13.2,6.0,0.8,0.4,0.7,-4.3,12.1,17.8,7.0,4.0,16.6,6.0,0.8,0.4,0.7,266.0,358.0,729.0,434.5,6.0,242.5,10.0,0.8,0.4,0.6,265.0,360.0,730.0,435.0,6.0,245.0,10.0,0.8,0.4,0.6
1974,2,330.0,-5.0,26.9,27.0,27.47,27.18,4.0,0.43,6.0,0.8,0.1,0.7,24.9,25.45,26.42,25.65,4.0,0.93,6.0,0.8,0.1,0.7,16.55,16.57,17.63,17.08,3.0,0.91,8.0,0.7,0.1,0.6,79.7,82.1,83.4,81.6,3.0,2.7,8.0,0.7,0.6,5.04,6.0,6.14,5.6,3.0,0.87,8.0,0.7,0.1,0.6,-5.77,-5.64,-4.51,-5.15,3.0,1.01,8.0,0.7,0.1,0.6,2.07,2.12,2.24,2.16,3.0,0.13,8.0,0.7,0.1,0.6,1007.33,1008.7,1008.84,1008.1,3.0,1.22,8.0,0.7,0.1,0.6,4.3,8.0,8.0,6.3,4.0,3.5,6.0,0.8,0.1,0.7,-35.4,-33.8,-23.2,-29.4,3.0,9.7,8.0,0.7,0.1,0.6,11.1,12.3,12.9,12.0,3.0,1.3,8.0,0.7,0.1,0.6,1.05,1.55,2.0,1.53,4.0,0.55,6.0,0.8,0.1,0.7,5.3,6.8,10.4,7.8,3.0,3.8,8.0,0.7,0.1,0.6,5.47,5.72,5.91,5.69,3.0,0.33,8.0,0.7,0.1,0.6,27.7,34.3,36.3,32.1,3.0,6.6,8.0,0.7,0.1,0.6,-148.0,-140.4,-117.4,-132.9,3.0,23.3,8.0,0.7,0.1,0.6,52.4,55.1,59.6,56.0,3.0,5.3,8.0,0.7,0.1,0.6,-95.5,-93.2,-78.9,-87.3,3.0,13.2,8.0,0.7,0.1,0.6,34.3,35.1,39.6,36.9,3.0,4.2,8.0,0.7,0.1,0.6,-34.1,-32.3,-24.8,-29.5,3.0,7.2,8.0,0.7,0.1,0.6,11.9,12.3,12.6,12.3,3.0,0.5,8.0,0.7,0.1,0.6,135.0,216.0,231.0,184.0,3.0,76.0,8.0,0.7,0.1,0.6,135.0,215.0,230.0,185.0,3.0,75.0,8.0,0.7,0.1,0.6
1974,2,330.0,-4.0,27.0,27.05,27.1,27.06,8.0,0.43,6.0,0.4,0.3,0.6,26.08,26.75,26.98,26.85,8.0,0.97,6.0,0.4,0.3,0.6,15.81,17.39,18.93,17.37,4.0,1.81,6.0,0.3,0.4,0.6,71.4,78.7,88.7,80.0,4.0,10.3,6.0,0.3,0.6,2.2,3.6,7.44,4.58,5.0,2.89,8.0,0.4,0.4,0.6,-6.14,-3.55,-1.18,-3.63,5.0,2.52,8.0,0.4,0.4,0.6,0.5,2.25,4.15,2.31,5.0,2.24,8.0,0.4,0.4,0.6,1007.84,1009.0,1010.6,1009.26,5.0,1.78,8.0,0.4,0.4,0.6,6.0,6.5,8.0,6.9,8.0,1.0,6.0,0.4,0.3,0.6,-45.7,-12.8,-2.7,-22.3,5.0,23.1,8.0,0.4,0.4,0.6,0.3,5.9,31.3,14.6,5.0,19.0,8.0,0.4,0.4,0.6,0.3,0.3,0.86,0.21,8.0,0.95,6.0,0.4,0.3,0.6,0.0,2.1,2.4,1.1,5.0,2.3,8.0,0.4,0.4,0.6,2.98,5.35,7.24,5.12,4.0,2.51,6.0,0.3,0.4,0.6,13.6,24.9,40.1,26.8,4.0,17.3,6.0,0.3,0.4,0.6,-164.4,-91.5,-32.5,-96.9,5.0,66.9,8.0,0.4,0.4,0.6,15.3,60.8,110.9,62.5,5.0,59.4,8.0,0.4,0.4,0.6,-106.5,-81.1,-43.2,-75.1,4.0,41.5,6.0,0.3,0.4,0.6,11.0,45.3,77.6,44.3,4.0,45.8,6.0,0.3,0.4,0.6,-33.3,-16.5,-8.9,-20.9,4.0,15.8,6.0,0.3,0.4,0.6,7.2,18.2,22.1,14.8,4.0,11.3,6.0,0.3,0.4,0.6,12.5,46.5,419.0,192.5,5.0,244.5,8.0,0.4,0.4,0.6,10.0,45.0,420.0,190.0,5.0,245.0,8.0,0.4,0.4,0.6
1974,2,330.0,-3.0,27.4,27.7,28.0,27.7,4.0,0.35,12.0,0.3,0.2,0.6,25.33,26.8,28.0,26.68,4.0,2.09,12.0,0.3,0.2,0.6,17.94,18.67,18.79,18.37,3.0,0.68,14.0,0.3,0.2,0.6,76.1,79.7,93.6,84.7,3.0,13.5,14.0,0.3,0.6,1.46,4.6,5.56,3.53,3.0,3.14,14.0,0.3,0.2,0.6,-4.81,-3.98,-1.26,-3.06,3.0,2.72,14.0,0.3,0.2,0.6,0.73,2.3,2.78,1.77,3.0,1.57,14.0,0.3,0.2,0.6,1006.94,1008.1,1009.33,1008.13,3.0,1.75,14.0,0.3,0.2,0.6,4.9,8.0,8.0,6.5,4.0,3.0,12.0,0.3,0.2,0.6,-27.1,-18.3,-5.8,-16.5,3.0,15.7,14.0,0.3,0.2,0.6,3.4,10.6,15.6,9.5,3.0,9.0,14.0,0.3,0.2,0.6,-0.29,0.6,2.38,1.03,4.0,2.14,12.0,0.3,0.2,0.6,1.1,3.6,13.7,7.3,3.0,9.8,14.0,0.3,0.2,0.6,5.0,5.07,5.26,5.13,3.0,0.2,14.0,0.3,0.2,0.6,7.4,23.3,29.3,18.5,3.0,16.6,14.0,0.3,0.2,0.6,-125.4,-95.6,-30.3,-78.3,3.0,71.2,14.0,0.3,0.2,0.6,17.5,55.2,72.4,45.2,3.0,41.1,14.0,0.3,0.2,0.6,-86.0,-74.4,-23.6,-55.3,3.0,48.6,14.0,0.3,0.2,0.6,13.6,42.9,49.7,31.9,3.0,28.1,14.0,0.3,0.2,0.6,-25.4,-20.2,-6.4,-16.0,3.0,14.4,14.0,0.3,0.2,0.6,3.7,11.7,14.7,9.2,3.0,8.3,14.0,0.3,0.2,0.6,31.0,97.5,178.5,104.5,3.0,108.0,14.0,0.3,0.2,0.6,30.0,95.0,180.0,105.0,3.0,110.0,14.0,0.3,0.2,0.6
1974,2,330.0,-2.0,27.0,27.4,28.43,27.67,7.0,0.75,12.0,0.4,0.3,0.6,24.7,26.05,27.42,26.1,8.0,1.45,12.0,0.4,0.3,0.6,17.4,18.5,19.5,18.5,6.0,1.43,12.0,0.5,0.4,0.6,78.1,84.4,95.0,86.4,6.0,9.6,12.0,0.5,0.6,2.46,4.05,7.3,4.35,6.0,2.89,12.0,0.5,0.4,0.6,-7.3,-2.95,-0.43,-3.56,6.0,3.26,12.0,0.5,0.4,0.6,-0.32,0.0,3.21,0.89,6.0,2.08,12.0,0.5,0.4,0.6,1006.89,1011.0,1012.61,1010.27,7.0,2.6,12.0,0.4,0.4,0.6,2.0,5.5,8.0,5.0,8.0,3.0,12.0,0.4,0.3,0.6,-53.4,-12.2,-1.3,-22.9,6.0,26.1,12.0,0.5,0.4,0.6,-1.0,0.0,11.5,4.0,6.0,8.8,12.0,0.5,0.4,0.6,0.48,1.0,2.7,1.34,7.0,1.05,12.0,0.4,0.3,0.6,0.0,4.5,10.2,5.8,5.0,8.0,14.0,0.6,0.4,0.6,4.59,5.36,5.93,5.21,5.0,0.97,14.0,0.6,0.4,0.6,7.1,16.0,32.7,19.0,5.0,15.2,14.0,0.6,0.4,0.6,-180.1,-77.9,-11.7,-89.5,6.0,79.5,12.0,0.5,0.4,0.6,-8.6,0.0,87.3,23.7,6.0,55.5,12.0,0.5,0.4,0.6,-131.2,-54.3,-7.6,-65.5,6.0,60.4,12.0,0.5,0.4,0.6,-6.6,0.0,56.4,14.3,6.0,36.9,12.0,0.5,0.4,0.6,-26.1,-9.7,-1.8,-14.0,5.0,15.6,14.0,0.6,0.4,0.6,-2.0,0.0,18.2,6.5,5.0,11.9,14.0,0.6,0.4,0.6,23.5,77.5,390.5,169.0,6.0,197.0,12.0,0.5,0.4,0.6,25.0,75.0,390.0,170.0,6.0,195.0,12.0,0.5,0.4,0.6
1974,2,330.0,-1.0,27.0,27.05,28.25,27.54,12.0,0.77,14.0,0.6,0.5,0.5,25.79,26.6,27.81,26.8,11.0,1.65,14.0,0.5,0.4,0.5,16.08,17.57,19.6,17.67,5.0,2.31,14.0,0.8,0.5,0.6,72.9,80.6,88.7,81.2,5.0,9.8,14.0,0.8,0.6,0.27,3.1,4.97,3.07,9.0,2.58,16.0,0.6,0.5,0.6,-3.36,-0.87,-0.18,-1.82,9.0,1.96,16.0,0.6,0.5,0.6,-4.59,-1.88,0.37,-1.9,9.0,2.37,16.0,0.6,0.5,0.6,1008.73,1010.1,1013.09,1010.54,10.0,2.42,16.0,0.5,0.5,0.6,3.3,7.0,8.0,5.8,10.0,2.5,14.0,0.6,0.5,0.6,-14.3,-2.9,-0.2,-9.4,9.0,14.6,16.0,0.6,0.5,0.6,-22.3,-3.8,0.4,-10.3,9.0,14.1,16.0,0.6,0.5,0.6,-0.34,0.7,2.01,0.72,11.0,1.27,14.0,0.5,0.4,0.5,0.0,1.9,6.4,3.2,8.0,4.6,16.0,0.5,0.5,0.6,3.84,5.24,6.78,5.28,5.0,2.19,14.0,0.8,0.5,0.6,7.0,14.9,27.5,17.1,5.0,14.0,14.0,0.8,0.5,0.6,-73.9,-21.4,-2.0,-33.7,8.0,33.0,16.0,0.5,0.5,0.6,-99.5,-27.3,11.7,-39.1,8.0,57.4,16.0,0.5,0.5,0.6,-50.4,-35.2,-7.8,-29.7,5.0,22.9,14.0,0.8,0.5,0.6,-79.4,-41.9,6.8,-37.9,5.0,47.7,14.0,0.8,0.5,0.6,-19.5,-3.8,-2.4,-10.1,5.0,11.8,14.0,0.8,0.5,0.6,-22.3,-10.4,1.9,-10.2,5.0,12.8,14.0,0.8,0.5,0.6,0.5,30.0,123.0,88.0,9.0,146.0,16.0,0.6,0.5,0.6,0.0,30.0,125.0,90.0,9.0,145.0,16.0,0.6,0.5,0.6
1974,2,330.0,0.0,26.95,27.0,28.1,27.32,13.0,0.96,10.0,0.7,0.4,0.5,25.5,26.25,27.77,26.6,14.0,1.36,10.0,0.6,0.3,0.6,16.55,17.6,18.73,17.96,9.0,1.63,8.0,0.6,0.3,0.6,77.4,83.6,90.7,84.8,9.0,8.1,8.0,0.6,0.6,2.07,5.0,6.71,4.88,12.0,2.67,12.0,0.6,0.4,0.6,-4.93,-2.5,-0.26,-2.53,12.0,2.26,12.0,0.6,0.4,0.6,-5.3,-1.55,0.87,-2.11,12.0,4.01,12.0,0.6,0.4,0.6,1008.0,1008.7,1012.49,1009.67,13.0,2.33,12.0,0.6,0.4,0.6,4.4,7.0,8.0,6.5,15.0,2.0,10.0,0.7,0.4,0.6,-25.2,-10.5,-0.3,-14.9,12.0,20.1,12.0,0.6,0.4,0.6,-33.9,-3.7,4.4,-14.7,12.0,32.1,12.0,0.6,0.4,0.6,-0.4,1.1,1.5,0.57,12.0,1.23,10.0,0.7,0.3,0.5,-2.8,2.8,10.2,2.8,10.0,7.6,10.0,0.6,0.4,0.5,3.47,5.86,6.22,4.67,7.0,2.86,8.0,0.6,0.2,0.5,11.1,24.1,30.8,20.5,7.0,14.7,8.0,0.6,0.2,0.5,-129.9,-63.7,-6.6,-66.5,12.0,59.5,12.0,0.6,0.4,0.6,-135.5,-43.1,22.9,-52.6,12.0,108.4,12.0,0.6,0.4,0.6,-83.5,-41.4,-6.4,-42.1,9.0,38.3,8.0,0.6,0.3,0.6,-75.4,-36.8,12.6,-43.6,9.0,56.0,8.0,0.6,0.3,0.6,-15.7,-12.0,0.3,-10.5,7.0,14.1,8.0,0.6,0.2,0.5,-25.6,-15.3,0.3,-12.3,7.0,14.3,8.0,0.6,0.2,0.5,9.0,125.0,318.0,218.5,12.0,314.5,12.0,0.6,0.4,0.6,10.0,125.0,320.0,220.0,12.0,315.0,12.0,0.6,0.4,0.6
1974,2,330.0,1.0,26.75,26.9,27.78,27.12,9.0,0.73,16.0,0.3,0.4,0.6,25.59,26.0,27.51,26.47,10.0,1.14,14.0,0.4,0.4,0.5,17.59,17.99,20.79,18.73,8.0,1.68,16.0,0.5,0.5,0.6,84.4,85.1,87.9,85.3,8.0,3.8,16.0,0.5,0.6,1.87,4.65,6.8,4.38,6.0,2.64,14.0,0.7,0.5,0.6,-3.15,-0.95,0.41,-1.06,6.0,2.02,14.0,0.7,0.5,0.6,-6.09,-4.03,-0.89,-3.79,6.0,2.72,14.0,0.7,0.5,0.6,1009.04,1010.5,1012.5,1010.68,8.0,1.86,16.0,0.5,0.5,0.6,3.5,7.0,7.7,5.9,9.0,2.1,14.0,0.4,0.4,0.5,-19.9,-2.6,0.9,-7.1,6.0,11.0,14.0,0.7,0.5,0.6,-41.6,-20.8,-1.4,-22.5,6.0,21.7,14.0,0.7,0.5,0.6,-0.47,0.9,1.42,0.71,9.0,1.06,16.0,0.3,0.4,0.6,-3.7,-1.2,8.2,2.3,5.0,9.2,18.0,0.6,0.6,0.6,3.26,4.14,4.72,3.91,7.0,1.46,18.0,0.4,0.5,0.6,8.6,10.4,32.7,19.2,5.0,14.9,18.0,0.6,0.6,0.6,-87.0,-27.0,10.5,-29.8,6.0,54.2,14.0,0.7,0.5,0.6,-159.9,-113.7,-23.9,-101.4,6.0,70.8,14.0,0.7,0.5,0.6,-58.8,-19.5,7.2,-21.3,6.0,38.1,14.0,0.7,0.5,0.6,-118.5,-77.4,-16.8,-71.7,6.0,50.2,14.0,0.7,0.5,0.6,-8.4,-3.3,3.4,-2.6,5.0,8.4,18.0,0.6,0.6,0.6,-30.3,-9.0,-4.8,-16.7,5.0,16.0,18.0,0.6,0.6,0.6,7.5,134.0,315.5,158.5,6.0,165.0,14.0,0.7,0.5,0.6,10.0,135.0,315.0,160.0,6.0,165.0,14.0,0.7,0.5,0.6
1974,2,330.0,2.0,26.05,26.9,27.05,26.86,17.0,0.97,10.0,0.5,0.3,0.4,25.5,26.05,27.0,26.2,22.0,1.03,12.0,0.4,0.4,0.4,16.22,17.55,18.86,17.75,18.0,1.91,12.0,0.4,0.4,0.4,75.3,83.0,92.3,82.7,18.0,8.1,12.0,0.4,0.4,2.6,5.1,7.74,5.18,19.0,2.31,12.0,0.4,0.4,0.4,-3.85,-2.12,-1.65,-2.7,19.0,1.69,12.0,0.4,0.4,0.4,-6.7,-3.98,-0.8,-3.73,19.0,2.91,12.0,0.4,0.4,0.4,1007.52,1010.65,1012.59,1010.4,20.0,2.62,12.0,0.5,0.4,0.4,5.2,7.0,8.0,6.4,21.0,1.9,12.0,0.4,0.4,0.4,-26.8,-10.6,-5.1,-16.6,19.0,15.7,12.0,0.4,0.4,0.4,-55.5,-18.3,-0.8,-23.3,19.0,23.1,12.0,0.4,0.4,0.4,-0.37,0.7,1.72,0.67,17.0,1.56,10.0,0.5,0.3,0.4,-2.4,1.6,6.5,2.4,14.0,9.1,10.0,0.5,0.3,0.4,3.41,4.68,6.23,4.84,13.0,1.79,10.0,0.5,0.3,0.4,9.2,17.8,32.6,20.3,12.0,11.0,10.0,0.4,0.3,0.4,-93.5,-59.4,-44.0,-70.3,19.0,42.2,12.0,0.4,0.4,0.4,-169.7,-105.2,-20.6,-98.9,19.0,75.4,12.0,0.4,0.4,0.4,-64.8,-36.4,-25.8,-46.0,17.0,33.0,12.0,0.4,0.4,0.4,-113.5,-73.7,-24.0,-68.9,17.0,41.9,12.0,0.4,0.4,0.4,-12.6,-8.9,-5.7,-8.7,12.0,3.5,10.0,0.4,0.3,0.4,-30.6,-16.3,-5.7,-17.4,12.0,11.9,10.0,0.4,0.3,0.4,17.5,132.5,464.5,216.0,19.0,213.0,12.0,0.4,0.4,0.4,20.0,135.0,465.0,215.0,19.0,215.0,12.0,0.4,0.4,0.4
1974,2,330.0,3.0,25.91,26.5,26.95,26.39,17.0,0.55,16.0,0.6,0.4,0.5,25.32,26.0,26.73,26.01,17.0,0.8,16.0,0.6,0.4,0.5,16.27,17.03,17.54,16.86,14.0,0.83,18.0,0.6,0.4,0.5,76.5,80.6,84.9,80.3,15.0,5.4,18.0,0.5,0.5,4.6,5.7,7.09,5.87,15.0,1.7,18.0,0.5,0.4,0.5,-4.34,-2.55,-1.36,-2.82,15.0,1.62,18.0,0.5,0.4,0.5,-6.53,-5.1,-3.1,-4.68,15.0,2.29,18.0,0.5,0.4,0.5,1009.24,1012.0,1013.18,1011.47,15.0,1.87,18.0,0.6,0.4,0.5,6.0,7.0,8.0,6.4,17.0,2.2,16.0,0.6,0.4,0.4,-35.9,-13.1,-7.4,-17.9,15.0,13.7,18.0,0.5,0.4,0.5,-43.8,-26.0,-15.0,-30.2,15.0,20.1,18.0,0.5,0.4,0.5,-0.74,0.6,1.18,0.38,17.0,1.05,16.0,0.6,0.4,0.5,-4.1,4.9,8.1,2.4,14.0,6.5,16.0,0.5,0.4,0.5,3.83,4.82,5.98,4.71,14.0,1.3,18.0,0.6,0.4,0.5,14.2,29.2,37.4,27.2,13.0,9.9,18.0,0.5,0.4,0.5,-110.7,-61.2,-34.9,-66.5,14.0,34.9,16.0,0.5,0.4,0.5,-173.4,-133.3,-79.0,-123.9,14.0,60.5,16.0,0.5,0.4,0.5,-70.6,-39.7,-22.9,-43.7,13.0,24.2,18.0,0.5,0.4,0.5,-112.7,-83.5,-46.6,-80.7,13.0,42.6,18.0,0.5,0.4,0.5,-19.0,-11.5,-4.8,-12.0,13.0,8.0,18.0,0.5,0.4,0.5,-31.6,-26.2,-12.8,-22.1,13.0,12.3,18.0,0.5,0.4,0.5,97.5,185.0,357.0,251.0,15.0,206.5,18.0,0.5,0.4,0.5,95.0,185.0,355.0,250.0,15.0,205.0,18.0,0.5,0.4,0.5
1974,2,330.0,4.0,25.83,26.4,27.0,26.35,27.0,0.66,14.0,0.6,0.4,0.4,25.06,25.75,26.5,25.77,28.0,0.82,14.0,0.5,0.4,0.4,15.16,16.53,17.65,16.49,25.0,1.69,16.0,0.5,0.5,0.4,73.1,78.6,85.0,79.5,25.0,6.5,16.0,0.5,0.4,4.6,7.7,8.81,6.83,25.0,2.15,14.0,0.5,0.5,0.4,-5.33,-3.18,-0.7,-3.09,25.0,2.08,14.0,0.5,0.5,0.4,-7.79,-6.3,-3.51,-5.79,25.0,2.02,14.0,0.5,0.5,0.4,1008.98,1011.0,1013.21,1011.16,26.0,2.14,14.0,0.5,0.5,0.4,3.0,7.0,8.0,5.8,26.0,2.4,14.0,0.6,0.4,0.4,-41.5,-20.3,-2.1,-23.6,25.0,19.6,14.0,0.5,0.5,0.4,-68.8,-48.7,-15.5,-43.2,25.0,24.1,14.0,0.5,0.5,0.4,0.0,0.6,1.29,0.58,27.0,0.73,14.0,0.6,0.4,0.4,0.0,3.3,10.2,3.9,24.0,5.0,14.0,0.5,0.5,0.4,3.31,5.1,6.59,5.02,24.0,1.43,14.0,0.5,0.4,0.4,22.3,31.4,48.8,34.6,23.0,14.8,14.0,0.5,0.4,0.4,-137.5,-82.7,-18.0,-80.0,25.0,54.2,14.0,0.5,0.5,0.4,-197.9,-162.1,-92.4,-149.6,25.0,54.0,14.0,0.5,0.5,0.4,-80.6,-54.0,-12.3,-52.2,24.0,31.3,16.0,0.5,0.5,0.4,-138.8,-96.4,-60.7,-97.6,24.0,38.4,16.0,0.5,0.5,0.4,-27.0,-13.2,-3.3,-16.7,23.0,13.0,14.0,0.5,0.4,0.4,-41.3,-28.7,-17.6,-28.8,23.0,12.0,14.0,0.5,0.4,0.4,97.5,456.5,686.5,406.0,25.0,292.5,14.0,0.5,0.5,0.4,95.0,455.0,685.0,405.0,25.0,290.0,14.0,0.5,0.5,0.4
1974,2,330.0,5.0,25.8,26.4,26.79,26.34,27.0,0.63,12.0,0.2,0.4,0.3,24.84,25.3,25.6,25.18,30.0,0.55,12.0,0.2,0.4,0.3,14.58,15.46,16.77,15.66,23.0,1.27,14.0,0.2,0.5,0.3,71.6,78.2,82.6,78.5,24.0,6.2,14.0,0.2,0.4,4.5,6.7,9.9,6.89,25.0,2.53,14.0,0.2,0.5,0.4,-5.0,-3.1,-1.91,-3.39,25.0,2.08,14.0,0.2,0.5,0.4,-7.47,-5.64,-3.91,-5.82,25.0,2.05,14.0,0.2,0.5,0.4,1008.86,1010.85,1013.37,1011.25,24.0,2.38,14.0,0.2,0.5,0.4,3.0,6.0,8.0,5.6,29.0,2.5,12.0,0.2,0.4,0.3,-50.0,-20.3,-7.5,-27.5,25.0,23.2,14.0,0.2,0.5,0.4,-70.7,-34.4,-17.6,-44.7,25.0,27.5,14.0,0.2,0.5,0.4,0.6,1.1,1.79,1.15,27.0,0.73,12.0,0.2,0.4,0.3,4.0,6.9,15.7,9.6,22.0,7.9,14.0,0.2,0.5,0.4,4.3,6.06,6.99,5.81,21.0,1.37,14.0,0.2,0.5,0.4,25.9,42.0,53.4,41.6,21.0,18.1,14.0,0.2,0.5,0.4,-127.9,-79.4,-48.3,-85.1,25.0,51.0,14.0,0.2,0.5,0.4,-187.8,-143.5,-97.0,-146.6,25.0,52.5,14.0,0.2,0.5,0.4,-72.4,-48.2,-24.5,-52.4,23.0,33.0,14.0,0.2,0.5,0.3,-113.0,-83.5,-67.1,-91.0,23.0,35.2,14.0,0.2,0.5,0.3,-34.3,-16.9,-8.2,-21.2,21.0,13.9,14.0,0.2,0.5,0.4,-46.2,-33.2,-25.3,-34.8,21.0,14.5,14.0,0.2,0.5,0.4,92.0,301.0,970.0,450.5,25.0,391.5,14.0,0.2,0.5,0.4,90.0,300.0,970.0,450.0,25.0,390.0,14.0,0.2,0.5,0.4
1974,2,330.0,6.0,25.55,26.0,27.0,26.15,17.0,0.94,14.0,0.5,0.7,0.4,24.5,25.25,27.49,25.73,18.0,1.37,14.0,0.5,0.7,0.4,14.11,14.69,16.89,15.34,16.0,1.46,14.0,0.4,0.7,0.4,70.4,73.8,81.2,75.1,17.0,6.6,16.0,0.5,0.4,5.1,7.45,9.8,7.49,18.0,1.86,14.0,0.5,0.7,0.4,-5.11,-3.39,-2.3,-3.47,18.0,1.97,14.0,0.5,0.7,0.4,-7.94,-6.45,-4.29,-6.37,18.0,1.81,14.0,0.5,0.7,0.4,1008.9,1011.0,1011.85,1010.62,17.0,1.73,14.0,0.5,0.7,0.4,3.0,5.0,8.0,5.4,17.0,2.3,16.0,0.5,0.7,0.5,-46.2,-23.7,-12.3,-27.8,18.0,20.1,14.0,0.5,0.7,0.4,-69.2,-46.5,-21.7,-50.3,18.0,24.8,14.0,0.5,0.7,0.4,-1.1,1.2,1.6,0.38,17.0,1.64,14.0,0.5,0.7,0.4,-8.0,7.2,15.4,3.9,17.0,13.1,14.0,0.5,0.7,0.4,4.18,6.31,7.07,5.85,16.0,1.46,14.0,0.4,0.7,0.4,30.1,47.0,59.2,45.9,16.0,17.6,14.0,0.4,0.7,0.4,-128.6,-85.1,-59.4,-90.0,18.0,51.4,14.0,0.5,0.7,0.4,-214.4,-165.9,-110.0,-163.5,18.0,45.4,14.0,0.5,0.7,0.4,-77.2,-53.5,-35.1,-54.0,16.0,29.6,14.0,0.4,0.7,0.4,-128.6,-95.7,-70.5,-100.3,16.0,33.2,14.0,0.4,0.7,0.4,-31.9,-17.8,-11.2,-21.1,16.0,16.6,14.0,0.4,0.7,0.4,-51.0,-41.4,-22.0,-38.7,16.0,14.3,14.0,0.4,0.7,0.4,132.5,415.0,941.0,494.0,18.0,330.5,14.0,0.5,0.7,0.4,135.0,415.0,940.0,495.0,18.0,330.0,14.0,0.5,0.7,0.4
1974,2,330.0,7.0,25.14,25.3,25.89,25.56,7.0,1.11,20.0,0.7,0.7,0.5,23.78,25.0,26.0,24.86,7.0,1.02,20.0,0.7,0.7,0.5,12.41,14.79,15.94,14.2,4.0,2.45,18.0,0.5,0.8,0.3,59.6,72.4,82.8,72.1,5.0,13.6,18.0,0.6,0.4,4.6,8.0,8.43,7.12,6.0,2.01,20.0,0.7,0.7,0.4,-4.41,-3.15,-1.83,-3.1,6.0,2.04,20.0,0.7,0.7,0.4,-7.35,-6.93,-3.98,-6.19,6.0,1.77,20.0,0.7,0.7,0.4,1008.05,1010.0,1012.3,1009.9,6.0,2.3,20.0,0.7,0.7,0.4,3.0,3.0,6.0,3.9,7.0,1.9,20.0,0.7,0.7,0.5,-36.9,-21.3,-8.4,-23.5,6.0,20.3,20.0,0.7,0.7,0.4,-66.5,-55.4,-18.3,-46.8,6.0,22.7,20.0,0.7,0.7,0.4,-0.81,0.2,1.64,0.7,7.0,1.85,20.0,0.7,0.7,0.5,-2.6,3.9,13.4,7.2,6.0,15.1,20.0,0.7,0.7,0.4,5.56,6.68,8.19,6.87,4.0,1.9,18.0,0.5,0.8,0.3,32.0,49.9,58.4,45.4,4.0,17.3,18.0,0.5,0.8,0.3,-113.3,-80.7,-43.4,-78.2,6.0,51.8,20.0,0.7,0.7,0.4,-182.4,-178.8,-98.6,-153.9,6.0,44.2,20.0,0.7,0.7,0.4,-61.3,-30.1,-11.8,-36.3,4.0,35.6,18.0,0.5,0.8,0.3,-118.8,-81.2,-51.7,-85.1,4.0,41.1,18.0,0.5,0.8,0.3,-30.4,-16.2,-5.2,-17.8,4.0,16.4,18.0,0.5,0.8,0.3,-51.6,-41.6,-27.7,-39.7,4.0,15.9,18.0,0.5,0.8,0.3,97.5,512.0,603.5,429.0,6.0,279.0,20.0,0.7,0.7,0.4,95.0,510.0,605.0,430.0,6.0,280.0,20.0,0.7,0.7,0.4
1974,2,330.0,8.0,24.3,25.2,25.66,25.14,13.0,0.74,20.0,0.5,0.8,0.3,22.97,24.0,24.55,23.79,13.0,0.9,20.0,0.5,0.8,0.3,14.51,15.31,16.1,15.31,2.0,1.64,10.0,0.0,0.5,0.7,84.0,88.1,92.2,88.1,2.0,8.5,10.0,0.0,0.7,7.0,8.7,10.0,8.53,13.0,1.8,20.0,0.5,0.8,0.3,-6.45,-5.0,-4.5,-5.19,13.0,1.28,20.0,0.5,0.8,0.3,-8.66,-6.28,-5.36,-6.71,13.0,1.55,20.0,0.5,0.8,0.3,1009.59,1012.4,1013.0,1011.74,13.0,1.44,20.0,0.5,0.8,0.3,3.6,8.0,8.0,5.8,11.0,2.8,20.0,0.6,0.8,0.3,-58.6,-43.2,-31.5,-46.1,13.0,19.4,20.0,0.5,0.8,0.3,-86.6,-51.5,-37.5,-59.7,13.0,25.2,20.0,0.5,0.8,0.3,0.39,1.1,2.14,1.35,13.0,1.3,20.0,0.5,0.8,0.3,2.7,11.0,19.0,11.2,13.0,11.3,20.0,0.5,0.8,0.3,5.6,6.25,6.89,6.25,2.0,1.33,10.0,0.0,0.5,0.7,48.2,52.5,56.9,52.5,2.0,9.0,10.0,0.0,0.5,0.7,-149.5,-121.5,-105.1,-123.5,13.0,31.3,20.0,0.5,0.8,0.3,-210.4,-147.1,-127.6,-160.1,13.0,39.4,20.0,0.5,0.8,0.3,-104.2,-92.1,-80.1,-92.1,2.0,24.9,10.0,0.0,0.5,0.7,-91.6,-90.5,-89.4,-90.5,2.0,2.3,10.0,0.0,0.5,0.7,-37.5,-36.6,-35.8,-36.6,2.0,1.8,10.0,0.0,0.5,0.7,-42.7,-37.4,-32.1,-37.4,2.0,10.9,10.0,0.0,0.5,0.7,343.0,658.5,1000.0,697.0,13.0,418.5,20.0,0.5,0.8,0.3,345.0,660.0,1000.0,695.0,13.0,420.0,20.0,0.5,0.8,0.3
1974,2,330.0,9.0,23.45,23.55,23.65,23.55,2.0,0.21,18.0,0.0,0.7,0.6,22.83,22.9,22.97,22.9,2.0,0.14,18.0,0.0,0.7,0.6,11.97,12.0,12.03,12.0,2.0,0.06,18.0,0.0,0.7,0.6,68.7,69.1,69.6,69.1,2.0,0.9,18.0,0.0,0.6,12.3,12.3,12.3,12.3,2.0,0.0,18.0,0.0,0.7,0.6,-9.42,-9.42,-9.42,-9.42,2.0,0.0,18.0,0.0,0.7,0.6,-7.91,-7.91,-7.91,-7.91,2.0,0.0,18.0,0.0,0.7,0.6,1012.36,1012.7,1013.04,1012.7,2.0,0.71,18.0,0.0,0.7,0.6,5.2,5.5,5.8,5.5,2.0,0.7,18.0,0.0,0.7,0.6,-115.9,-115.9,-115.9,-115.9,2.0,0.0,18.0,0.0,0.7,0.6,-97.2,-97.2,-97.2,-97.2,2.0,0.0,18.0,0.0,0.7,0.6,0.48,0.65,0.82,0.65,2.0,0.35,18.0,0.0,0.7,0.6,5.9,8.0,10.1,8.0,2.0,4.3,18.0,0.0,0.7,0.6,6.03,6.12,6.21,6.12,2.0,0.18,18.0,0.0,0.7,0.6,74.2,75.3,76.4,75.3,2.0,2.3,18.0,0.0,0.7,0.6,-216.4,-215.8,-215.1,-215.8,2.0,1.3,18.0,0.0,0.7,0.6,-181.6,-181.1,-180.5,-181.1,2.0,1.1,18.0,0.0,0.7,0.6,-113.3,-113.0,-112.8,-113.0,2.0,0.6,18.0,0.0,0.7,0.6,-95.1,-94.9,-94.6,-94.9,2.0,0.5,18.0,0.0,0.7,0.6,-58.5,-57.7,-56.8,-57.7,2.0,1.7,18.0,0.0,0.7,0.6,-49.1,-48.4,-47.7,-48.4,2.0,1.5,18.0,0.0,0.7,0.6,1861.0,1861.0,1861.0,1861.0,2.0,0.0,18.0,0.0,0.7,0.6,1860.0,1860.0,1860.0,1860.0,2.0,0.0,18.0,0.0,0.7,0.6
1974,2,330.0,11.0,23.3,23.3,23.3,23.3,1.0,0.0,24.0,0.0,0.2,0.2,22.7,22.7,22.7,22.7,1.0,0.0,24.0,0.0,0.2,0.2,12.57,12.57,12.57,12.57,1.0,0.0,24.0,0.0,0.2,0.2,73.4,73.4,73.4,73.4,1.0,0.0,24.0,0.0,0.2,6.7,6.7,6.7,6.7,1.0,0.0,24.0,0.0,0.2,0.2,-5.8,-5.8,-5.8,-5.8,1.0,0.0,24.0,0.0,0.2,0.2,-3.35,-3.35,-3.35,-3.35,1.0,0.0,24.0,0.0,0.2,0.2,1013.7,1013.7,1013.7,1013.7,1.0,0.0,24.0,0.0,0.2,0.2,7.0,7.0,7.0,7.0,1.0,0.0,24.0,0.0,0.2,0.2,-38.9,-38.9,-38.9,-38.9,1.0,0.0,24.0,0.0,0.2,0.2,-22.4,-22.4,-22.4,-22.4,1.0,0.0,24.0,0.0,0.2,0.2,0.6,0.6,0.6,0.6,1.0,0.0,24.0,0.0,0.2,0.2,4.0,4.0,4.0,4.0,1.0,0.0,24.0,0.0,0.2,0.2,5.25,5.25,5.25,5.25,1.0,0.0,24.0,0.0,0.2,0.2,35.2,35.2,35.2,35.2,1.0,0.0,24.0,0.0,0.2,0.2,-131.7,-131.7,-131.7,-131.7,1.0,0.0,24.0,0.0,0.2,0.2,-76.0,-76.0,-76.0,-76.0,1.0,0.0,24.0,0.0,0.2,0.2,-72.9,-72.9,-72.9,-72.9,1.0,0.0,24.0,0.0,0.2,0.2,-42.1,-42.1,-42.1,-42.1,1.0,0.0,24.0,0.0,0.2,0.2,-30.5,-30.5,-30.5,-30.5,1.0,0.0,24.0,0.0,0.2,0.2,-17.6,-17.6,-17.6,-17.6,1.0,0.0,24.0,0.0,0.2,0.2,301.0,301.0,301.0,301.0,1.0,0.0,24.0,0.0,0.2,0.2,300.0,300.0,300.0,300.0,1.0,0.0,24.0,0.0,0.2,0.2
1974,2,330.0,12.0,22.52,22.55,22.58,22.55,2.0,0.07,14.0,0.5,0.6,0.8,22.08,22.25,22.42,22.25,2.0,0.35,14.0,0.5,0.6,0.8,12.45,13.41,14.37,13.41,2.0,1.99,14.0,0.5,0.6,0.8,75.5,80.3,85.1,80.3,2.0,10.0,14.0,0.5,0.8,9.03,9.75,10.47,9.75,2.0,1.48,14.0,0.5,0.6,0.8,-5.56,-5.5,-5.43,-5.5,2.0,0.14,14.0,0.5,0.6,0.8,-8.93,-8.01,-7.09,-8.01,2.0,1.9,14.0,0.5,0.6,0.8,1013.33,1014.05,1014.77,1014.05,2.0,1.48,14.0,0.5,0.6,0.8,1.0,3.0,5.0,3.0,2.0,4.2,14.0,0.5,0.6,0.8,-56.8,-53.5,-50.2,-53.5,2.0,6.8,14.0,0.5,0.6,0.8,-94.2,-79.5,-64.8,-79.5,2.0,30.4,14.0,0.5,0.6,0.8,0.1,0.3,0.5,0.3,2.0,0.42,14.0,0.5,0.6,0.8,0.8,2.6,4.4,2.6,2.0,3.7,14.0,0.5,0.6,0.8,2.62,3.6,4.59,3.6,2.0,2.04,14.0,0.5,0.6,0.8,26.6,33.6,40.6,33.6,2.0,14.5,14.0,0.5,0.6,0.8,-122.8,-122.3,-121.7,-122.3,2.0,1.1,14.0,0.5,0.6,0.8,-200.3,-178.5,-156.7,-178.5,2.0,45.1,14.0,0.5,0.6,0.8,-78.0,-73.6,-69.2,-73.6,2.0,9.1,14.0,0.5,0.6,0.8,-129.3,-109.3,-89.3,-109.3,2.0,41.4,14.0,0.5,0.6,0.8,-25.6,-19.9,-14.3,-19.9,2.0,11.7,14.0,0.5,0.6,0.8,-31.5,-26.9,-22.4,-26.9,2.0,9.5,14.0,0.5,0.6,0.8,754.0,959.0,1164.5,959.0,2.0,425.0,14.0,0.5,0.6,0.8,755.0,960.0,1165.0,960.0,2.0,425.0,14.0,0.5,0.6,0.8
1974,2,330.0,13.0,24.0,24.0,24.0,24.0,1.0,0.0,20.0,0.0,0.2,0.7,22.5,22.5,22.5,22.5,2.0,0.0,10.0,0.5,0.6,0.4,11.72,12.39,13.06,12.39,2.0,1.38,10.0,0.5,0.6,0.4,69.4,73.3,77.3,73.3,2.0,8.2,10.0,0.5,0.4,9.37,10.8,12.23,10.8,2.0,2.97,10.0,0.5,0.6,0.4,-9.37,-8.27,-7.18,-8.27,2.0,2.28,10.0,0.5,0.6,0.4,-7.86,-6.94,-6.02,-6.94,2.0,1.91,10.0,0.5,0.6,0.4,1014.83,1015.1,1015.37,1015.1,2.0,0.57,10.0,0.5,0.6,0.4,0.6,2.0,3.4,2.0,2.0,2.8,10.0,0.5,0.6,0.4,-116.4,-92.7,-69.0,-92.7,2.0,49.1,10.0,0.5,0.6,0.4,-97.7,-77.8,-57.9,-77.8,2.0,41.2,10.0,0.5,0.6,0.4,1.5,1.5,1.5,1.5,1.0,0.0,20.0,0.0,0.2,0.7,19.4,19.4,19.4,19.4,1.0,0.0,20.0,0.0,0.2,0.7,7.17,7.17,7.17,7.17,1.0,0.0,20.0,0.0,0.2,0.7,92.5,92.5,92.5,92.5,1.0,0.0,20.0,0.0,0.2,0.7,-210.9,-186.1,-161.4,-186.1,2.0,51.2,10.0,0.5,0.6,0.4,-176.9,-156.2,-135.5,-156.2,2.0,43.0,10.0,0.5,0.6,0.4,-109.0,-100.9,-92.9,-100.9,2.0,16.7,10.0,0.5,0.6,0.4,-91.5,-84.7,-77.9,-84.7,2.0,14.0,10.0,0.5,0.6,0.4,-70.9,-70.9,-70.9,-70.9,1.0,0.0,20.0,0.0,0.2,0.7,-59.5,-59.5,-59.5,-59.5,1.0,0.0,20.0,0.0,0.2,0.7,894.5,1402.5,1910.5,1402.5,2.0,1052.5,10.0,0.5,0.6,0.4,895.0,1405.0,1910.0,1405.0,2.0,1050.0,10.0,0.5,0.6,0.4
1974,2,330.0,15.0,22.3,22.5,22.7,22.5,2.0,0.42,14.0,1.0,0.2,0.5,21.37,21.95,22.53,21.95,2.0,1.2,14.0,1.0,0.2,0.5,9.83,11.23,12.63,11.23,2.0,2.9,14.0,1.0,0.2,0.5,62.3,68.3,74.4,68.3,2.0,12.5,14.0,1.0,0.5,7.28,7.45,7.62,7.45,2.0,0.35,14.0,1.0,0.2,0.5,-6.18,-6.07,-5.95,-6.07,2.0,0.24,14.0,1.0,0.2,0.5,-4.74,-4.27,-3.81,-4.27,2.0,0.95,14.0,1.0,0.2,0.5,1016.21,1016.65,1017.09,1016.65,2.0,0.92,14.0,1.0,0.2,0.5,6.2,6.5,6.8,6.5,2.0,0.7,14.0,1.0,0.2,0.5,-45.3,-45.2,-45.0,-45.2,2.0,0.4,14.0,1.0,0.2,0.5,-36.2,-32.0,-27.9,-32.0,2.0,8.6,14.0,1.0,0.2,0.5,0.17,0.55,0.93,0.55,2.0,0.78,14.0,1.0,0.2,0.5,1.3,4.2,7.1,4.2,2.0,6.0,14.0,1.0,0.2,0.5,4.51,5.69,6.87,5.69,2.0,2.44,14.0,1.0,0.2,0.5,33.1,42.8,52.6,42.8,2.0,20.2,14.0,1.0,0.2,0.5,-139.4,-133.3,-127.3,-133.3,2.0,12.5,14.0,1.0,0.2,0.5,-100.9,-93.3,-85.6,-93.3,2.0,15.8,14.0,1.0,0.2,0.5,-78.3,-68.5,-58.7,-68.5,2.0,20.2,14.0,1.0,0.2,0.5,-47.4,-46.6,-45.8,-46.6,2.0,1.7,14.0,1.0,0.2,0.5,-40.7,-34.2,-27.8,-34.2,2.0,13.4,14.0,1.0,0.2,0.5,-33.1,-25.5,-17.8,-25.5,2.0,15.9,14.0,1.0,0.2,0.5,386.5,415.0,443.5,415.0,2.0,59.0,14.0,1.0,0.2,0.5,385.0,415.0,445.0,415.0,2.0,60.0,14.0,1.0,0.2,0.5
1974,2,330.0,16.0,20.82,21.0,21.86,21.28,5.0,0.69,22.0,0.6,0.5,0.7,20.7,21.2,21.48,21.08,5.0,0.66,22.0,0.6,0.5,0.7,9.47,11.26,11.6,10.61,5.0,1.47,22.0,0.6,0.5,0.7,61.0,70.5,76.9,68.7,5.0,10.0,22.0,0.6,0.7,4.6,6.2,9.65,7.08,5.0,2.89,22.0,0.6,0.5,0.7,-6.89,-4.6,-1.18,-4.0,5.0,5.34,22.0,0.6,0.5,0.7,-5.28,-3.86,0.57,-2.76,5.0,3.6,22.0,0.6,0.5,0.7,1015.02,1017.3,1017.65,1016.46,5.0,1.63,22.0,0.6,0.5,0.7,2.9,5.0,7.4,5.0,5.0,2.7,22.0,0.6,0.5,0.7,-67.8,-29.4,-6.2,-37.7,5.0,51.1,22.0,0.6,0.5,0.7,-51.7,-24.7,2.6,-25.3,5.0,30.2,22.0,0.6,0.5,0.7,-0.42,0.5,0.68,0.2,5.0,0.7,22.0,0.6,0.5,0.7,-2.8,2.3,5.0,1.4,5.0,4.2,22.0,0.6,0.5,0.7,3.91,4.72,6.35,5.1,5.0,1.42,22.0,0.6,0.5,0.7,18.0,29.3,62.0,39.4,5.0,26.9,22.0,0.6,0.5,0.7,-146.4,-92.0,-23.9,-83.2,5.0,114.1,22.0,0.6,0.5,0.7,-111.9,-81.9,12.5,-58.3,5.0,76.4,22.0,0.6,0.5,0.7,-68.1,-51.8,-10.1,-38.3,5.0,51.6,22.0,0.6,0.5,0.7,-58.3,-31.9,6.5,-27.7,5.0,37.6,22.0,0.6,0.5,0.7,-44.0,-22.4,-4.5,-24.7,5.0,33.4,22.0,0.6,0.5,0.7,-33.7,-18.8,2.3,-16.9,5.0,20.6,22.0,0.6,0.5,0.7,97.5,238.5,945.0,507.0,5.0,571.5,22.0,0.6,0.5,0.7,95.0,240.0,945.0,505.0,5.0,570.0,22.0,0.6,0.5,0.7
1974,2,330.0,17.0,20.29,20.6,21.44,20.85,4.0,0.94,18.0,0.8,0.8,0.6,21.18,21.7,22.01,21.6,4.0,0.66,18.0,0.8,0.8,0.6,10.1,11.54,12.29,11.21,4.0,1.4,18.0,0.8,0.8,0.6,62.0,72.9,79.0,70.6,4.0,10.8,18.0,0.8,0.6,8.2,8.75,10.87,9.5,4.0,1.94,18.0,0.8,0.8,0.6,-9.74,-6.2,-1.76,-5.77,4.0,5.6,18.0,0.8,0.8,0.6,-7.22,-6.13,-3.97,-5.62,4.0,2.5,18.0,0.8,0.8,0.6,1016.33,1018.95,1020.26,1018.33,4.0,2.55,18.0,0.8,0.8,0.6,2.0,3.0,4.0,3.0,4.0,1.6,18.0,0.8,0.8,0.6,-109.6,-54.7,-14.5,-61.7,4.0,66.7,18.0,0.8,0.8,0.6,-61.2,-53.6,-38.3,-49.9,4.0,16.9,18.0,0.8,0.8,0.6,-1.7,-0.9,0.21,-0.75,4.0,1.12,18.0,0.8,0.8,0.6,-13.9,-7.4,2.8,-5.7,4.0,10.0,18.0,0.8,0.8,0.6,2.45,4.27,5.65,4.06,4.0,1.87,18.0,0.8,0.8,0.6,21.6,36.7,58.4,39.8,4.0,23.2,18.0,0.8,0.8,0.6,-207.9,-130.9,-37.8,-123.2,4.0,121.4,18.0,0.8,0.8,0.6,-159.2,-130.0,-83.2,-121.6,4.0,55.7,18.0,0.8,0.8,0.6,-110.5,-76.0,-24.2,-67.7,4.0,60.8,18.0,0.8,0.8,0.6,-76.8,-74.2,-46.8,-62.4,4.0,26.1,18.0,0.8,0.8,0.6,-45.6,-15.7,-0.9,-22.9,4.0,32.5,18.0,0.8,0.8,0.6,-32.2,-15.1,-12.4,-22.0,4.0,16.0,18.0,0.8,0.8,0.6,551.5,678.0,1358.0,942.0,4.0,624.0,18.0,0.8,0.8,0.6,550.0,680.0,1360.0,940.0,4.0,625.0,18.0,0.8,0.8,0.6
1974,2,330.0,19.0,22.23,22.95,23.67,22.95,2.0,1.48,4.0,1.0,0.4,0.5,20.2,21.05,21.9,21.05,2.0,1.77,4.0,1.0,0.4,0.5,10.3,10.3,10.3,10.3,1.0,0.0,4.0,1.0,0.6,0.3,62.1,62.1,62.1,62.1,1.0,0.0,4.0,1.0,0.3,9.41,9.65,9.89,9.65,2.0,0.49,4.0,1.0,0.4,0.5,-9.29,-9.07,-8.84,-9.07,2.0,0.47,4.0,1.0,0.4,0.5,-3.38,-3.3,-3.22,-3.3,2.0,0.17,4.0,1.0,0.4,0.5,1020.42,1020.9,1021.38,1020.9,2.0,0.99,4.0,1.0,0.4,0.5,3.3,4.0,4.7,4.0,2.0,1.4,4.0,1.0,0.4,0.5,-92.0,-87.6,-83.3,-87.6,2.0,9.0,4.0,1.0,0.4,0.5,-33.5,-31.9,-30.3,-31.9,2.0,3.3,4.0,1.0,0.4,0.5,0.33,1.9,3.47,1.9,2.0,3.25,4.0,1.0,0.4,0.5,3.5,19.1,34.7,19.1,2.0,32.3,4.0,1.0,0.4,0.5,5.95,5.95,5.95,5.95,1.0,0.0,4.0,1.0,0.6,0.3,55.3,55.3,55.3,55.3,1.0,0.0,4.0,1.0,0.6,0.3,-193.5,-190.5,-187.5,-190.5,2.0,6.2,4.0,1.0,0.4,0.5,-70.4,-69.3,-68.2,-69.3,2.0,2.3,4.0,1.0,0.4,0.5,-90.0,-90.0,-90.0,-90.0,1.0,0.0,4.0,1.0,0.6,0.3,-32.8,-32.8,-32.8,-32.8,1.0,0.0,4.0,1.0,0.6,0.3,-52.0,-52.0,-52.0,-52.0,1.0,0.0,4.0,1.0,0.6,0.3,-18.9,-18.9,-18.9,-18.9,1.0,0.0,4.0,1.0,0.6,0.3,835.5,902.0,969.0,902.0,2.0,138.5,4.0,1.0,0.4,0.5,835.0,900.0,970.0,900.0,2.0,140.0,4.0,1.0,0.4,0.5
1974,2,330.0,20.0,23.0,23.0,23.0,23.0,1.0,0.0,10.0,1.0,0.3,0.8,21.25,21.35,21.45,21.35,2.0,0.21,16.0,1.0,0.3,0.4,13.71,13.71,13.71,13.71,1.0,0.0,10.0,1.0,0.3,0.8,86.2,86.2,86.2,86.2,1.0,0.0,10.0,1.0,0.8,5.09,6.15,7.21,6.15,2.0,2.19,16.0,1.0,0.3,0.4,-4.72,-4.24,-3.75,-4.24,2.0,1.01,16.0,1.0,0.3,0.4,-5.43,-4.43,-3.42,-4.43,2.0,2.08,16.0,1.0,0.3,0.4,1016.53,1017.9,1019.27,1017.9,2.0,2.83,16.0,1.0,0.3,0.4,2.5,3.5,4.5,3.5,2.0,2.1,16.0,1.0,0.3,0.4,-34.6,-27.2,-19.7,-27.2,2.0,15.5,16.0,1.0,0.3,0.4,-40.4,-29.5,-18.7,-29.5,2.0,22.5,16.0,1.0,0.3,0.4,1.5,1.5,1.5,1.5,1.0,0.0,10.0,1.0,0.3,0.8,6.9,6.9,6.9,6.9,1.0,0.0,10.0,1.0,0.3,0.8,3.75,3.75,3.75,3.75,1.0,0.0,10.0,1.0,0.3,0.8,17.3,17.3,17.3,17.3,1.0,0.0,10.0,1.0,0.3,0.8,-100.3,-90.3,-80.4,-90.3,2.0,20.6,16.0,1.0,0.3,0.4,-115.3,-94.3,-73.3,-94.3,2.0,43.5,16.0,1.0,0.3,0.4,-48.3,-48.3,-48.3,-48.3,1.0,0.0,10.0,1.0,0.3,0.8,-40.5,-40.5,-40.5,-40.5,1.0,0.0,10.0,1.0,0.3,0.8,-13.2,-13.2,-13.2,-13.2,1.0,0.0,10.0,1.0,0.3,0.8,-11.1,-11.1,-11.1,-11.1,1.0,0.0,10.0,1.0,0.3,0.8,154.5,277.0,399.5,277.0,2.0,254.0,16.0,1.0,0.3,0.4,155.0,275.0,400.0,275.0,2.0,255.0,16.0,1.0,0.3,0.4
1974,2,330.0,21.0,21.16,21.5,21.84,21.5,2.0,0.71,12.0,0.0,0.8,0.5,20.08,20.25,20.42,20.25,2.0,0.35,12.0,0.0,0.8,0.5,14.95,14.95,14.95,14.95,1.0,0.0,12.0,0.0,1.0,0.5,100.0,100.0,100.0,100.0,1.0,0.0,12.0,0.0,0.5,4.66,4.8,4.94,4.8,2.0,0.28,12.0,0.0,0.8,0.5,-3.47,-3.37,-3.26,-3.37,2.0,0.22,12.0,0.0,0.8,0.5,-3.69,-3.39,-3.1,-3.39,2.0,0.62,12.0,0.0,0.8,0.5,1017.91,1020.5,1023.09,1020.5,2.0,5.37,12.0,0.0,0.8,0.5,3.8,5.5,7.2,5.5,2.0,3.5,12.0,0.0,0.8,0.5,-16.2,-16.1,-16.1,-16.1,2.0,0.1,12.0,0.0,0.8,0.5,-18.3,-16.4,-14.5,-16.4,2.0,3.9,12.0,0.0,0.8,0.5,1.08,1.25,1.42,1.25,2.0,0.35,12.0,0.0,0.8,0.5,5.3,6.0,6.6,6.0,2.0,1.3,12.0,0.0,0.8,0.5,1.46,1.46,1.46,1.46,1.0,0.0,12.0,0.0,1.0,0.5,6.7,6.7,6.7,6.7,1.0,0.0,12.0,0.0,1.0,0.5,-71.0,-68.3,-65.5,-68.3,2.0,5.6,12.0,0.0,0.8,0.5,-74.1,-68.6,-63.2,-68.6,2.0,11.3,12.0,0.0,0.8,0.5,-52.7,-52.7,-52.7,-52.7,1.0,0.0,12.0,0.0,1.0,0.5,-44.2,-44.2,-44.2,-44.2,1.0,0.0,12.0,0.0,1.0,0.5,-5.1,-5.1,-5.1,-5.1,1.0,0.0,12.0,0.0,1.0,0.5,-4.3,-4.3,-4.3,-4.3,1.0,0.0,12.0,0.0,1.0,0.5,101.5,111.0,120.5,111.0,2.0,19.5,12.0,0.0,0.8,0.5,100.0,110.0,120.0,110.0,2.0,20.0,12.0,0.0,0.8,0.5
1974,2,330.0,25.0,21.66,22.0,22.0,21.83,3.0,0.29,10.0,0.3,0.3,0.8,19.38,20.2,20.61,20.0,3.0,0.92,10.0,0.3,0.3,0.8,10.66,10.83,11.0,10.83,2.0,0.35,14.0,0.0,0.3,0.7,71.3,73.3,75.3,73.3,2.0,4.2,14.0,0.0,0.7,4.26,4.6,5.56,4.9,3.0,0.98,10.0,0.3,0.3,0.8,-4.32,-3.85,-3.27,-3.79,3.0,0.77,10.0,0.3,0.3,0.8,-3.8,-0.8,0.7,-1.53,3.0,3.36,10.0,0.3,0.3,0.8,1023.81,1024.9,1025.65,1024.73,3.0,1.36,10.0,0.3,0.3,0.8,4.6,6.0,7.4,6.0,3.0,2.0,10.0,0.3,0.3,0.8,-19.9,-18.0,-16.5,-18.2,3.0,2.5,10.0,0.3,0.3,0.8,-22.4,-3.7,2.8,-9.7,3.0,19.2,10.0,0.3,0.3,0.8,1.05,1.8,2.62,1.83,3.0,1.15,10.0,0.3,0.3,0.8,4.5,7.4,14.6,9.5,3.0,7.6,10.0,0.3,0.3,0.8,5.18,5.19,5.19,5.19,2.0,0.01,14.0,0.0,0.3,0.7,21.7,22.6,23.4,22.6,2.0,1.8,14.0,0.0,0.3,0.7,-89.0,-77.8,-63.6,-76.4,3.0,18.7,10.0,0.3,0.3,0.8,-72.7,-16.6,14.1,-29.0,3.0,64.4,10.0,0.3,0.3,0.8,-47.1,-45.3,-43.5,-45.3,2.0,3.7,14.0,0.0,0.3,0.7,-4.6,3.5,11.7,3.5,2.0,17.0,14.0,0.0,0.3,0.7,-22.9,-21.7,-20.6,-21.7,2.0,2.5,14.0,0.0,0.3,0.7,-2.3,1.6,5.5,1.6,2.0,8.1,14.0,0.0,0.3,0.7,78.0,97.5,178.5,127.5,3.0,78.0,10.0,0.3,0.3,0.8,80.0,95.0,180.0,125.0,3.0,80.0,10.0,0.3,0.3,0.8
1974,2,330.0,26.0,20.32,21.0,22.37,21.33,3.0,1.53,20.0,1.0,0.6,0.4,19.06,19.2,21.11,20.07,3.0,1.68,20.0,1.0,0.6,0.4,11.83,11.83,11.83,11.83,1.0,0.0,20.0,1.0,0.6,0.9,88.2,88.2,88.2,88.2,1.0,0.0,20.0,1.0,0.9,6.9,11.0,13.32,10.13,3.0,4.76,20.0,1.0,0.6,0.4,-12.52,-10.34,-6.24,-9.4,3.0,4.67,20.0,1.0,0.6,0.4,-4.16,-2.5,1.77,-1.22,3.0,4.48,20.0,1.0,0.6,0.4,1020.71,1021.6,1027.54,1024.07,3.0,5.44,20.0,1.0,0.6,0.4,1.0,3.0,5.7,3.3,3.0,3.5,20.0,1.0,0.6,0.4,-169.1,-113.7,-50.9,-110.1,3.0,86.7,20.0,1.0,0.6,0.4,-52.4,-12.5,24.3,-14.0,3.0,56.2,20.0,1.0,0.6,0.4,-0.43,0.8,2.98,1.27,3.0,2.53,20.0,1.0,0.6,0.4,-6.2,4.0,40.6,16.9,3.0,36.1,20.0,1.0,0.6,0.4,5.39,5.39,5.39,5.39,1.0,0.0,20.0,1.0,0.6,0.9,77.6,77.6,77.6,77.6,1.0,0.0,20.0,1.0,0.6,0.9,-247.7,-227.4,-128.9,-189.2,3.0,93.1,20.0,1.0,0.6,0.4,-79.1,-48.0,41.3,-19.6,3.0,91.5,20.0,1.0,0.6,0.4,-160.1,-160.1,-160.1,-160.1,1.0,0.0,20.0,1.0,0.6,0.9,-58.3,-58.3,-58.3,-58.3,1.0,0.0,20.0,1.0,0.6,0.9,-72.9,-72.9,-72.9,-72.9,1.0,0.0,20.0,1.0,0.6,0.9,-26.5,-26.5,-26.5,-26.5,1.0,0.0,20.0,1.0,0.6,0.9,508.0,1331.0,2460.5,1480.5,3.0,1436.5,20.0,1.0,0.6,0.4,510.0,1330.0,2460.0,1480.0,3.0,1435.0,20.0,1.0,0.6,0.4
1974,2,330.0,27.0,19.43,20.85,21.61,20.58,10.0,1.07,14.0,0.5,0.5,0.4,19.29,19.8,21.53,20.27,11.0,1.12,14.0,0.5,0.5,0.5,9.71,10.53,12.24,10.99,7.0,1.52,16.0,0.6,0.5,0.6,70.0,73.6,75.5,73.4,7.0,5.4,16.0,0.6,0.6,2.83,6.2,12.65,6.92,11.0,5.04,14.0,0.5,0.5,0.5,-8.89,-5.8,-0.6,-5.36,11.0,4.77,14.0,0.5,0.5,0.5,-3.04,-2.25,0.0,-2.44,11.0,4.14,14.0,0.5,0.5,0.5,1019.75,1024.2,1026.88,1023.85,11.0,3.32,14.0,0.5,0.5,0.5,2.9,6.5,8.0,5.7,10.0,2.4,14.0,0.5,0.5,0.5,-115.7,-36.1,-1.8,-56.5,11.0,69.5,14.0,0.5,0.5,0.5,-29.3,-9.9,0.0,-24.9,11.0,62.9,14.0,0.5,0.5,0.5,-1.46,0.45,1.99,0.4,10.0,1.73,14.0,0.5,0.5,0.4,-4.5,1.2,15.5,5.0,10.0,14.1,14.0,0.5,0.5,0.4,2.64,5.06,5.43,4.2,6.0,1.88,16.0,0.7,0.4,0.6,1.8,18.8,40.8,25.4,6.0,30.5,16.0,0.7,0.4,0.6,-176.5,-120.0,-11.7,-107.0,11.0,94.0,14.0,0.5,0.5,0.5,-64.9,-49.5,0.0,-50.0,11.0,80.5,14.0,0.5,0.5,0.5,-66.2,-48.5,0.8,-36.6,7.0,34.3,16.0,0.6,0.5,0.6,-42.1,-30.5,0.0,-35.1,7.0,41.1,16.0,0.6,0.5,0.6,-30.8,-16.8,0.2,-17.0,6.0,17.4,16.0,0.7,0.4,0.6,-22.9,-5.3,0.0,-15.3,6.0,27.8,16.0,0.7,0.4,0.6,23.0,238.5,2175.0,872.5,11.0,1362.0,14.0,0.5,0.5,0.5,25.0,240.0,2175.0,875.0,11.0,1360.0,14.0,0.5,0.5,0.5
1974,2,330.0,28.0,20.0,20.5,21.0,20.5,4.0,0.58,16.0,0.8,0.5,0.4,18.49,20.3,21.9,20.2,4.0,1.98,16.0,0.8,0.5,0.4,7.89,8.54,11.35,9.59,3.0,2.69,14.0,0.7,0.4,0.4,54.8,57.3,71.5,63.0,3.0,13.1,14.0,0.7,0.4,4.52,5.65,7.51,6.0,4.0,2.01,16.0,0.8,0.5,0.4,-7.05,-5.2,-3.74,-5.38,4.0,2.46,16.0,0.8,0.5,0.4,-2.32,-0.31,2.05,-0.15,4.0,2.71,16.0,0.8,0.5,0.4,1024.39,1027.35,1029.57,1027.0,4.0,3.61,16.0,0.8,0.5,0.4,3.0,5.5,7.5,5.3,4.0,2.8,16.0,0.8,0.5,0.4,-54.9,-29.5,-17.6,-35.9,4.0,27.5,16.0,0.8,0.5,0.4,-12.7,-3.9,12.2,-0.4,4.0,15.4,16.0,0.8,0.5,0.4,-1.43,0.2,2.04,0.3,4.0,2.13,16.0,0.8,0.5,0.4,-11.1,1.7,9.4,-0.7,4.0,12.9,16.0,0.8,0.5,0.4,3.28,6.67,6.71,5.03,3.0,2.89,14.0,0.7,0.4,0.4,20.9,34.0,39.3,30.2,3.0,13.9,14.0,0.7,0.4,0.4,-150.9,-105.2,-72.6,-111.4,4.0,58.4,16.0,0.8,0.5,0.4,-45.0,-7.0,39.7,-2.9,4.0,51.5,16.0,0.8,0.5,0.4,-87.6,-42.9,-41.4,-64.0,3.0,38.4,14.0,0.7,0.4,0.4,-10.6,7.6,18.5,4.0,3.0,21.5,14.0,0.7,0.4,0.4,-35.3,-33.5,-20.6,-28.1,3.0,11.8,14.0,0.7,0.4,0.4,0.1,5.9,16.1,8.1,3.0,11.9,14.0,0.7,0.4,0.4,96.5,185.5,458.5,273.5,4.0,266.5,16.0,0.8,0.5,0.4,95.0,185.0,460.0,275.0,4.0,265.0,16.0,0.8,0.5,0.4
1974,2,330.0,29.0,19.4,19.4,19.4,19.4,1.0,0.0,2.0,0.0,0.3,0.7,19.82,20.3,21.46,20.63,3.0,1.23,6.0,0.0,0.4,0.7,11.7,11.7,11.7,11.7,1.0,0.0,14.0,0.0,0.8,0.5,70.6,74.5,78.5,74.5,2.0,8.2,8.0,0.0,0.6,3.82,4.3,4.78,4.3,2.0,0.99,8.0,0.0,0.5,0.6,-1.79,-1.76,-1.72,-1.76,2.0,0.06,8.0,0.0,0.5,0.6,-4.45,-3.91,-3.37,-3.91,2.0,1.12,8.0,0.0,0.5,0.6,1027.66,1027.8,1027.94,1027.8,2.0,0.28,8.0,0.0,0.5,0.6,5.0,7.0,7.7,6.3,3.0,2.1,6.0,0.0,0.4,0.7,-8.2,-7.5,-6.8,-7.5,2.0,1.5,8.0,0.0,0.5,0.6,-21.5,-17.4,-13.2,-17.4,2.0,8.7,8.0,0.0,0.5,0.6,,,,,,,,,,,,,,,,,,,,,,,,,,,,,,,,,,,,,,,,,-37.5,-37.1,-36.7,-37.1,2.0,0.8,8.0,0.0,0.5,0.6,-97.0,-83.3,-69.6,-83.3,2.0,28.3,8.0,0.0,0.5,0.6,-21.1,-21.1,-21.1,-21.1,1.0,0.0,14.0,0.0,0.8,0.5,-36.5,-36.5,-36.5,-36.5,1.0,0.0,14.0,0.0,0.8,0.5,,,,,,,,,,,,,,,,,,,,,,,,,,,,,,,,,,,,,,,,
1974,2,330.0,30.0,18.71,20.0,21.41,19.93,11.0,1.31,12.0,0.4,0.5,0.4,18.59,19.0,20.53,19.32,11.0,1.29,12.0,0.4,0.5,0.4,8.02,10.0,11.28,9.59,6.0,2.21,14.0,0.3,0.5,0.5,65.9,82.2,86.0,75.0,7.0,14.0,12.0,0.4,0.5,2.77,5.65,8.66,6.19,10.0,3.67,12.0,0.4,0.5,0.4,-6.51,-2.34,3.45,-1.62,10.0,4.77,12.0,0.4,0.5,0.4,-1.14,1.87,4.09,1.78,10.0,5.18,12.0,0.4,0.5,0.4,1024.37,1028.55,1030.34,1027.91,10.0,3.18,14.0,0.3,0.5,0.4,1.6,6.0,7.0,4.8,11.0,2.9,12.0,0.4,0.5,0.4,-48.9,-8.7,22.5,-9.2,10.0,41.6,12.0,0.4,0.5,0.4,-3.0,6.4,29.4,20.4,10.0,62.4,12.0,0.4,0.5,0.4,-0.53,0.6,2.18,0.61,11.0,1.88,12.0,0.4,0.5,0.4,-1.4,0.9,14.0,4.5,10.0,13.5,12.0,0.4,0.5,0.4,2.85,4.78,6.36,5.1,6.0,2.77,14.0,0.3,0.5,0.5,16.7,26.4,52.1,34.7,5.0,29.0,14.0,0.4,0.5,0.4,-123.4,-41.5,65.6,-30.0,10.0,94.0,12.0,0.4,0.5,0.4,-21.6,36.6,82.9,37.1,10.0,96.0,12.0,0.4,0.5,0.4,-50.4,-22.5,-4.9,-24.8,5.0,28.7,14.0,0.4,0.5,0.4,-36.6,0.0,23.9,-6.6,5.0,37.0,14.0,0.4,0.5,0.4,-46.4,-11.6,-5.2,-25.2,5.0,34.4,14.0,0.4,0.5,0.4,-15.3,0.0,12.7,-1.9,5.0,19.2,14.0,0.4,0.5,0.4,21.5,185.5,653.0,497.5,10.0,828.5,12.0,0.4,0.5,0.4,20.0,185.0,655.0,495.0,10.0,830.0,12.0,0.4,0.5,0.4
1974,2,330.0,31.0,18.11,19.7,20.0,19.26,9.0,0.99,14.0,0.2,0.6,0.6,17.76,18.4,19.17,18.54,10.0,0.8,14.0,0.2,0.7,0.5,8.08,9.64,10.35,9.24,5.0,1.7,10.0,0.2,0.7,0.4,62.4,73.2,79.4,70.6,5.0,11.9,10.0,0.2,0.4,3.49,6.65,9.0,6.47,10.0,2.99,14.0,0.2,0.7,0.5,-7.72,-1.4,1.16,-2.23,10.0,5.39,14.0,0.2,0.7,0.5,-2.56,1.46,4.92,0.89,10.0,4.48,14.0,0.2,0.7,0.5,1022.83,1025.9,1028.4,1025.02,10.0,4.55,14.0,0.2,0.7,0.5,3.3,7.0,8.0,6.2,9.0,2.2,14.0,0.2,0.7,0.5,-72.3,-6.1,5.1,-21.7,10.0,47.4,14.0,0.2,0.7,0.5,-17.4,4.5,25.1,0.2,10.0,38.9,14.0,0.2,0.7,0.5,-0.22,1.0,1.4,0.77,9.0,0.91,14.0,0.2,0.6,0.6,-0.4,3.3,11.5,5.9,9.0,7.6,14.0,0.2,0.6,0.6,2.89,4.38,5.7,4.3,4.0,1.7,12.0,0.3,0.6,0.5,7.6,21.0,37.4,22.4,4.0,17.8,12.0,0.3,0.6,0.5,-140.2,-25.2,22.1,-41.4,10.0,100.2,14.0,0.2,0.7,0.5,-50.7,25.3,92.1,16.5,10.0,81.4,14.0,0.2,0.7,0.5,-34.1,-10.2,8.0,-15.7,5.0,33.6,10.0,0.2,0.7,0.4,-7.7,28.1,38.1,17.6,5.0,28.0,10.0,0.2,0.7,0.4,-27.7,-7.2,-0.9,-14.0,4.0,20.1,12.0,0.3,0.6,0.5,-2.3,5.1,20.1,8.7,4.0,15.0,12.0,0.3,0.6,0.5,44.5,342.0,729.0,426.0,10.0,430.5,14.0,0.2,0.7,0.5,45.0,340.0,730.0,425.0,10.0,430.0,14.0,0.2,0.7,0.5
1974,2,330.0,32.0,17.59,19.0,20.0,18.78,11.0,1.8,12.0,0.3,0.5,0.6,17.89,19.4,21.0,19.34,12.0,1.53,12.0,0.3,0.5,0.6,10.49,11.36,11.77,11.1,6.0,0.89,10.0,0.3,0.5,0.6,75.8,78.0,84.5,79.9,6.0,6.0,10.0,0.3,0.6,2.15,5.0,7.24,4.95,11.0,2.47,12.0,0.3,0.5,0.6,-6.32,0.51,4.48,-0.2,11.0,4.97,12.0,0.3,0.5,0.6,-2.52,-1.41,1.49,-0.48,11.0,2.83,12.0,0.3,0.5,0.6,1021.15,1024.1,1029.0,1024.54,12.0,3.69,12.0,0.3,0.5,0.6,1.0,5.0,7.3,4.5,12.0,2.8,12.0,0.3,0.5,0.6,-46.6,0.8,21.4,-5.8,11.0,34.9,12.0,0.3,0.5,0.6,-12.7,-2.1,9.1,-1.5,11.0,16.6,12.0,0.3,0.5,0.6,-1.38,-0.8,1.0,-0.44,11.0,1.04,12.0,0.3,0.5,0.6,-7.3,-2.4,2.8,-2.6,10.0,5.5,12.0,0.3,0.5,0.6,0.78,2.29,3.24,2.26,6.0,1.65,10.0,0.3,0.5,0.6,5.0,7.4,14.8,9.8,5.0,6.6,10.0,0.4,0.5,0.6,-114.7,9.9,89.9,-1.6,11.0,95.8,12.0,0.3,0.5,0.6,-53.1,-27.2,27.4,-10.7,11.0,55.0,12.0,0.3,0.5,0.6,-24.5,10.4,41.0,5.1,5.0,49.4,10.0,0.4,0.5,0.6,-29.0,-15.1,15.4,-8.2,5.0,23.0,10.0,0.4,0.5,0.6,-1.8,1.9,12.6,4.5,5.0,9.0,10.0,0.4,0.5,0.6,-8.1,-3.9,2.2,-3.4,5.0,6.6,10.0,0.4,0.5,0.6,11.5,125.0,388.0,199.5,11.0,196.5,12.0,0.3,0.5,0.6,10.0,125.0,390.0,200.0,11.0,195.0,12.0,0.3,0.5,0.6
1974,2,330.0,33.0,18.03,18.9,19.37,18.69,14.0,1.2,16.0,0.5,0.5,0.3,16.11,17.8,19.41,17.98,15.0,1.83,14.0,0.5,0.5,0.4,9.52,10.63,12.57,10.76,10.0,2.01,16.0,0.5,0.5,0.4,80.5,84.2,90.3,83.2,10.0,9.9,16.0,0.5,0.4,3.69,6.7,8.2,6.41,15.0,2.32,14.0,0.5,0.5,0.4,-5.82,-2.56,3.22,-1.56,15.0,5.1,14.0,0.5,0.5,0.4,-2.85,0.45,6.29,0.97,15.0,4.45,14.0,0.5,0.5,0.4,1017.49,1027.5,1031.69,1024.66,15.0,7.87,14.0,0.5,0.5,0.4,2.1,6.5,8.0,5.2,14.0,3.0,14.0,0.6,0.5,0.4,-44.5,-6.7,19.2,-12.6,15.0,41.0,14.0,0.5,0.5,0.4,-12.9,1.2,49.4,8.2,15.0,34.3,14.0,0.5,0.5,0.4,-0.99,0.95,2.5,0.74,14.0,2.34,16.0,0.5,0.5,0.3,-7.5,4.5,17.8,4.5,14.0,16.0,16.0,0.5,0.5,0.3,0.78,2.71,4.45,2.71,10.0,2.31,16.0,0.5,0.5,0.4,2.8,15.2,30.1,17.7,10.0,17.7,16.0,0.5,0.5,0.4,-99.5,-44.8,63.0,-27.5,15.0,98.3,14.0,0.5,0.5,0.4,-52.8,7.9,106.3,17.2,15.0,77.3,14.0,0.5,0.5,0.4,-31.5,11.0,56.1,3.2,10.0,66.0,16.0,0.5,0.5,0.4,-6.7,6.6,52.5,12.0,10.0,45.3,16.0,0.5,0.5,0.4,-9.0,0.0,12.2,-0.8,10.0,15.8,16.0,0.5,0.5,0.4,-2.4,0.6,16.7,3.9,10.0,19.9,16.0,0.5,0.5,0.4,50.5,301.0,551.5,356.5,15.0,297.5,14.0,0.5,0.5,0.4,50.0,300.0,550.0,355.0,15.0,300.0,14.0,0.5,0.5,0.4
1974,2,330.0,34.0,17.81,18.4,19.0,18.45,14.0,0.81,14.0,0.5,0.5,0.5,16.55,18.0,19.0,18.06,17.0,1.58,14.0,0.5,0.5,0.5,8.7,10.15,11.37,10.05,12.0,1.46,12.0,0.4,0.5,0.5,71.1,78.5,84.1,78.6,12.0,8.7,12.0,0.4,0.5,2.88,4.6,9.45,5.58,18.0,3.15,14.0,0.5,0.5,0.5,-3.41,-0.4,5.73,1.16,18.0,4.71,14.0,0.5,0.5,0.5,-0.16,2.18,5.6,1.59,18.0,4.07,14.0,0.5,0.5,0.5,1016.94,1025.35,1029.12,1024.05,18.0,5.55,14.0,0.5,0.5,0.5,2.0,4.0,6.6,4.2,16.0,2.4,14.0,0.6,0.5,0.5,-19.2,-0.5,46.6,14.3,18.0,40.3,14.0,0.5,0.5,0.5,-0.5,9.5,39.0,10.4,18.0,34.9,14.0,0.5,0.5,0.5,-0.5,0.5,1.55,0.55,13.0,1.03,12.0,0.5,0.5,0.5,-3.9,2.7,6.1,1.8,13.0,4.7,12.0,0.5,0.5,0.5,2.56,2.99,3.63,3.17,10.0,0.85,12.0,0.4,0.5,0.5,8.1,15.8,25.0,16.8,10.0,9.8,12.0,0.4,0.5,0.5,-57.6,-13.6,113.7,23.3,17.0,88.3,14.0,0.5,0.5,0.5,-3.8,34.9,90.4,26.8,17.0,70.5,14.0,0.5,0.5,0.5,-30.1,13.6,59.7,21.8,12.0,49.2,12.0,0.4,0.5,0.5,0.0,21.9,48.6,19.2,12.0,37.6,12.0,0.4,0.5,0.5,-11.4,2.0,13.5,2.2,10.0,12.5,12.0,0.4,0.5,0.5,0.0,6.7,15.6,4.3,10.0,15.1,12.0,0.4,0.5,0.5,24.0,97.5,845.5,334.0,18.0,418.5,14.0,0.5,0.5,0.5,25.0,95.0,845.0,335.0,18.0,420.0,14.0,0.5,0.5,0.5
1974,2,330.0,35.0,17.0,18.0,19.14,18.21,17.0,1.02,12.0,0.4,0.6,0.4,16.2,17.4,18.2,17.37,20.0,1.2,12.0,0.5,0.6,0.4,8.11,9.1,10.52,9.17,16.0,1.28,12.0,0.4,0.6,0.4,65.7,76.4,87.2,76.5,16.0,9.4,12.0,0.4,0.4,2.6,4.35,9.28,5.32,20.0,3.27,12.0,0.5,0.6,0.4,-0.89,0.0,4.03,1.19,20.0,3.24,12.0,0.5,0.6,0.4,-4.08,2.09,3.05,0.72,20.0,5.29,12.0,0.5,0.6,0.4,1020.21,1027.15,1031.59,1026.65,20.0,5.43,12.0,0.5,0.6,0.4,1.9,5.0,7.1,4.4,19.0,2.8,10.0,0.5,0.5,0.5,-2.3,0.0,25.9,9.3,20.0,25.1,12.0,0.5,0.6,0.4,-16.8,6.4,13.5,3.5,20.0,53.1,12.0,0.5,0.6,0.4,0.0,0.8,2.05,0.95,17.0,0.96,12.0,0.4,0.6,0.4,0.0,2.2,10.2,4.2,17.0,7.4,12.0,0.4,0.6,0.4,1.85,3.79,4.68,3.62,14.0,1.43,12.0,0.3,0.6,0.4,4.7,11.0,43.0,19.3,14.0,17.0,12.0,0.3,0.6,0.4,-16.1,0.0,68.6,21.1,20.0,57.9,12.0,0.5,0.6,0.4,-61.5,35.6,55.9,15.0,20.0,90.5,12.0,0.5,0.6,0.4,-7.7,0.0,42.0,13.5,16.0,28.4,12.0,0.4,0.6,0.4,-45.0,20.7,30.5,3.8,16.0,43.0,12.0,0.4,0.6,0.4,-3.2,0.0,10.1,4.4,14.0,15.5,12.0,0.3,0.6,0.4,-16.5,4.3,9.5,1.7,14.0,20.7,12.0,0.3,0.6,0.4,17.5,83.0,799.0,341.0,20.0,532.5,12.0,0.5,0.6,0.4,20.0,85.0,800.0,340.0,20.0,535.0,12.0,0.5,0.6,0.4
1974,2,330.0,36.0,15.27,17.0,17.89,16.48,17.0,1.33,16.0,0.6,0.6,0.6,14.68,16.75,18.93,16.55,16.0,2.18,14.0,0.6,0.6,0.6,7.64,8.92,10.69,9.18,9.0,1.54,16.0,0.3,0.6,0.7,74.8,86.5,89.0,82.7,9.0,10.5,16.0,0.3,0.7,3.59,6.2,8.94,6.29,17.0,3.12,16.0,0.6,0.6,0.6,-2.81,1.5,5.48,1.66,17.0,4.15,16.0,0.6,0.6,0.6,-5.31,3.06,6.45,1.78,17.0,5.31,16.0,0.6,0.6,0.6,1016.12,1022.7,1029.47,1022.46,17.0,6.94,16.0,0.6,0.6,0.6,2.0,3.0,7.8,4.3,15.0,3.0,16.0,0.6,0.6,0.6,-15.5,9.0,37.7,15.2,17.0,39.5,16.0,0.6,0.6,0.6,-29.4,12.3,64.9,17.7,17.0,47.2,16.0,0.6,0.6,0.6,-1.32,0.1,1.17,-0.11,16.0,1.76,14.0,0.6,0.6,0.6,-7.0,0.0,5.7,-3.5,16.0,16.4,14.0,0.6,0.6,0.6,1.37,1.8,4.0,2.41,9.0,1.34,16.0,0.3,0.6,0.7,5.9,8.4,23.7,12.5,9.0,9.9,16.0,0.3,0.6,0.7,-36.7,30.5,100.7,40.2,16.0,68.6,14.0,0.6,0.6,0.6,-83.8,45.9,118.9,30.7,16.0,93.2,14.0,0.6,0.6,0.6,2.1,22.1,46.7,21.6,9.0,27.4,16.0,0.3,0.6,0.7,-34.9,19.6,39.3,5.9,9.0,43.2,16.0,0.3,0.6,0.7,0.3,5.2,10.6,4.1,9.0,9.0,16.0,0.3,0.6,0.7,-5.6,2.4,18.0,5.7,9.0,11.8,16.0,0.3,0.6,0.7,48.0,238.5,731.0,427.0,17.0,543.0,16.0,0.6,0.6,0.6,50.0,240.0,730.0,425.0,17.0,545.0,16.0,0.6,0.6,0.6
1974,2,330.0,37.0,15.6,16.55,17.41,16.5,26.0,0.99,14.0,0.5,0.6,0.4,14.65,16.0,17.2,16.04,27.0,1.75,14.0,0.6,0.6,0.4,7.65,8.68,9.74,8.75,22.0,1.55,14.0,0.5,0.6,0.4,73.3,79.4,87.6,78.9,22.0,8.7,14.0,0.5,0.4,4.16,6.2,8.64,6.76,27.0,2.94,14.0,0.6,0.6,0.4,-4.88,0.89,4.79,0.44,27.0,5.3,14.0,0.6,0.6,0.4,-1.93,3.35,5.86,2.49,27.0,4.62,14.0,0.6,0.6,0.4,1019.84,1025.0,1030.86,1025.23,27.0,6.0,14.0,0.6,0.6,0.4,2.0,6.0,7.0,5.2,27.0,2.2,14.0,0.6,0.6,0.4,-36.1,4.5,28.9,5.7,27.0,55.4,14.0,0.6,0.6,0.4,-5.6,20.9,48.2,22.5,27.0,47.3,14.0,0.6,0.6,0.4,-0.32,0.55,2.01,0.65,26.0,1.48,14.0,0.5,0.6,0.4,-2.7,3.1,13.5,3.4,26.0,10.5,14.0,0.5,0.6,0.4,1.64,3.07,4.14,2.85,22.0,1.61,14.0,0.5,0.6,0.4,8.4,16.1,29.8,18.2,22.0,13.5,14.0,0.5,0.6,0.4,-76.0,16.6,81.9,7.4,27.0,85.9,14.0,0.6,0.6,0.4,-27.2,50.9,101.9,42.9,27.0,71.9,14.0,0.6,0.6,0.4,-38.4,4.3,40.7,0.5,22.0,39.9,14.0,0.5,0.6,0.4,-20.0,23.5,52.1,20.0,22.0,39.4,14.0,0.5,0.6,0.4,-14.2,0.0,8.7,-1.7,22.0,13.2,14.0,0.5,0.6,0.4,-11.6,5.0,18.8,3.2,22.0,18.4,14.0,0.5,0.6,0.4,72.5,238.5,645.0,511.5,27.0,845.5,14.0,0.6,0.6,0.4,75.0,240.0,645.0,510.0,27.0,845.0,14.0,0.6,0.6,0.4
1974,2,330.0,38.0,15.0,16.0,16.3,15.78,25.0,0.81,14.0,0.6,0.6,0.4,13.68,15.1,17.04,15.26,30.0,1.56,14.0,0.5,0.6,0.4,6.97,8.01,9.97,8.44,25.0,1.44,14.0,0.4,0.6,0.4,70.6,78.4,87.7,78.8,25.0,9.0,14.0,0.4,0.4,4.1,6.45,11.7,7.09,30.0,3.6,14.0,0.5,0.6,0.4,-3.77,0.0,5.98,1.0,30.0,5.0,14.0,0.5,0.6,0.4,-3.65,2.93,6.73,2.13,30.0,5.85,14.0,0.5,0.6,0.4,1019.73,1027.95,1033.08,1026.39,30.0,7.03,14.0,0.5,0.6,0.4,1.3,4.0,8.0,4.5,28.0,3.0,14.0,0.5,0.6,0.4,-21.7,0.0,40.9,13.0,30.0,50.9,14.0,0.5,0.6,0.4,-16.0,15.8,71.2,21.5,30.0,68.6,14.0,0.5,0.6,0.4,-1.24,0.1,2.0,0.42,25.0,1.61,14.0,0.6,0.6,0.4,-8.5,0.2,8.9,0.4,24.0,11.0,14.0,0.5,0.6,0.4,1.03,2.52,3.98,2.42,20.0,1.44,14.0,0.5,0.6,0.4,7.2,14.9,20.7,14.0,20.0,8.0,14.0,0.5,0.6,0.4,-57.2,0.0,96.1,15.8,29.0,81.5,14.0,0.5,0.6,0.4,-49.4,49.6,109.4,39.3,29.0,92.7,14.0,0.5,0.6,0.4,-31.8,0.0,40.6,3.9,25.0,43.1,14.0,0.4,0.6,0.4,-18.1,24.4,56.1,24.8,25.0,42.8,14.0,0.4,0.6,0.4,-11.7,0.0,6.7,-1.2,20.0,10.1,14.0,0.5,0.6,0.4,-1.3,7.3,14.0,4.9,20.0,11.8,14.0,0.5,0.6,0.4,69.0,269.5,1609.0,658.0,30.0,915.5,14.0,0.5,0.6,0.4,70.0,270.0,1610.0,660.0,30.0,915.0,14.0,0.5,0.6,0.4
1974,2,330.0,39.0,13.64,15.0,16.13,15.0,25.0,1.5,18.0,0.5,0.5,0.5,13.0,14.85,16.0,14.7,28.0,1.64,16.0,0.5,0.5,0.5,6.85,8.26,10.07,8.35,25.0,1.55,16.0,0.5,0.6,0.5,68.6,82.3,89.8,79.9,25.0,11.1,16.0,0.5,0.5,4.6,6.7,12.82,8.33,27.0,5.21,16.0,0.5,0.5,0.5,-4.24,2.05,9.76,2.48,27.0,7.93,16.0,0.5,0.5,0.5,-5.33,0.0,4.58,-0.37,27.0,5.46,16.0,0.5,0.5,0.5,1014.54,1024.65,1028.74,1022.62,28.0,7.77,16.0,0.5,0.5,0.5,2.1,4.0,7.0,4.6,27.0,2.2,16.0,0.5,0.6,0.5,-24.6,11.1,104.3,46.7,27.0,137.3,16.0,0.5,0.5,0.5,-42.6,0.0,28.9,-12.3,27.0,80.1,16.0,0.5,0.5,0.5,-1.26,-0.3,3.52,0.51,25.0,2.16,18.0,0.5,0.5,0.5,-7.9,-1.8,22.4,5.3,24.0,19.4,18.0,0.5,0.5,0.5,0.51,2.28,3.81,2.41,22.0,1.88,16.0,0.5,0.5,0.5,3.0,12.6,35.5,17.8,21.0,17.3,16.0,0.5,0.5,0.5,-52.6,31.6,153.2,37.2,27.0,121.0,16.0,0.5,0.5,0.5,-74.7,0.0,69.2,-0.5,27.0,76.8,16.0,0.5,0.5,0.5,-34.6,19.9,103.1,25.0,24.0,75.4,16.0,0.5,0.6,0.5,-31.6,0.0,45.2,3.5,24.0,44.6,16.0,0.5,0.6,0.5,-17.7,0.0,11.4,1.0,21.0,19.7,16.0,0.5,0.5,0.5,-16.0,0.0,3.3,-5.1,21.0,14.8,16.0,0.5,0.5,0.5,97.5,301.0,2110.5,1443.0,27.0,3338.0,16.0,0.5,0.5,0.5,95.0,300.0,2110.0,1445.0,27.0,3340.0,16.0,0.5,0.5,0.5
1974,2,330.0,40.0,13.2,14.1,16.03,14.61,24.0,1.43,14.0,0.6,0.6,0.4,12.57,14.4,15.5,14.06,25.0,1.81,14.0,0.6,0.6,0.4,6.72,8.64,9.77,8.18,20.0,1.65,12.0,0.6,0.6,0.4,67.5,82.9,90.8,80.3,20.0,11.3,12.0,0.6,0.4,5.1,10.0,13.0,10.15,25.0,4.27,14.0,0.6,0.6,0.4,-2.87,5.4,10.46,4.44,25.0,7.92,14.0,0.6,0.6,0.4,-5.97,2.33,7.93,1.5,25.0,6.31,14.0,0.6,0.6,0.4,1012.53,1019.05,1026.87,1019.89,24.0,7.77,14.0,0.6,0.6,0.4,2.3,6.0,8.0,5.2,24.0,2.7,14.0,0.6,0.6,0.4,-21.1,55.7,127.5,62.4,25.0,129.2,14.0,0.6,0.6,0.4,-73.2,18.4,82.0,8.5,25.0,78.2,14.0,0.6,0.6,0.4,-1.3,-0.15,3.35,0.55,24.0,2.71,14.0,0.6,0.6,0.4,-11.0,-1.4,23.5,3.0,24.0,26.0,14.0,0.6,0.6,0.4,-0.06,1.71,3.14,1.8,19.0,2.06,12.0,0.5,0.7,0.4,-0.3,11.7,30.8,15.4,19.0,20.7,12.0,0.5,0.7,0.4,-42.9,82.1,159.4,63.1,25.0,115.1,14.0,0.6,0.6,0.4,-78.6,33.4,117.2,27.0,25.0,86.0,14.0,0.6,0.6,0.4,-24.4,42.6,91.9,32.5,20.0,62.0,12.0,0.6,0.6,0.4,-45.6,27.5,77.2,25.4,20.0,52.3,12.0,0.6,0.6,0.4,-5.0,1.8,22.8,7.9,19.0,18.1,12.0,0.5,0.7,0.4,-18.3,3.2,10.8,-2.4,19.0,16.8,12.0,0.5,0.7,0.4,132.5,1000.0,2196.5,1652.5,25.0,2497.5,14.0,0.6,0.6,0.4,135.0,1000.0,2195.0,1655.0,25.0,2495.0,14.0,0.6,0.6,0.4
1974,2,330.0,41.0,13.83,15.0,16.73,15.18,9.0,1.73,18.0,0.8,0.4,0.5,11.18,13.9,15.61,13.46,11.0,2.61,18.0,0.6,0.4,0.5,5.75,7.52,9.6,7.62,9.0,1.91,18.0,0.8,0.5,0.5,58.6,78.8,92.0,76.0,9.0,18.3,18.0,0.8,0.5,7.29,9.3,16.47,11.41,11.0,7.13,18.0,0.6,0.4,0.5,-3.17,1.88,16.05,5.69,11.0,10.97,18.0,0.6,0.4,0.5,-3.66,2.8,5.67,1.33,11.0,6.02,18.0,0.6,0.4,0.5,1011.38,1021.4,1028.81,1019.51,11.0,10.15,18.0,0.6,0.4,0.5,7.0,7.5,8.0,7.4,8.0,0.7,20.0,0.8,0.5,0.5,-17.1,20.3,297.2,129.3,11.0,254.3,18.0,0.6,0.4,0.5,-24.0,23.0,46.0,12.0,11.0,58.0,18.0,0.6,0.4,0.5,0.08,1.7,2.17,1.51,9.0,2.96,18.0,0.8,0.4,0.5,0.5,11.3,33.6,10.9,9.0,47.3,18.0,0.8,0.4,0.5,1.94,2.54,4.55,2.95,7.0,2.03,18.0,1.0,0.5,0.5,14.1,20.0,34.8,32.5,7.0,39.5,18.0,1.0,0.5,0.5,-42.8,23.8,178.7,77.1,11.0,161.1,18.0,0.6,0.4,0.5,-45.0,32.3,81.8,19.8,11.0,78.7,18.0,0.6,0.4,0.5,-18.1,0.0,77.7,22.2,9.0,64.4,18.0,0.8,0.5,0.5,-25.9,24.9,49.9,14.3,9.0,49.6,18.0,0.8,0.5,0.5,-0.8,0.0,17.1,17.0,7.0,46.0,18.0,1.0,0.5,0.5,-10.8,0.0,15.5,2.6,7.0,18.4,18.0,1.0,0.5,0.5,392.0,804.5,6055.5,3470.0,11.0,6300.5,18.0,0.6,0.4,0.5,390.0,805.0,6055.0,3470.0,11.0,6300.0,18.0,0.6,0.4,0.5
1974,2,330.0,42.0,12.0,13.3,13.87,13.03,9.0,0.92,12.0,0.4,0.6,0.4,11.0,12.75,14.25,12.7,12.0,1.63,12.0,0.5,0.6,0.4,6.18,7.09,9.14,7.49,9.0,1.82,12.0,0.7,0.6,0.4,71.2,86.2,92.1,80.8,9.0,13.9,12.0,0.7,0.4,6.7,12.45,18.05,13.01,12.0,6.19,12.0,0.5,0.6,0.4,-0.93,4.82,13.64,5.26,12.0,10.07,12.0,0.5,0.6,0.4,-5.81,-0.23,13.34,2.92,12.0,9.06,12.0,0.5,0.6,0.4,998.1,1014.5,1021.23,1011.5,12.0,10.83,12.0,0.5,0.6,0.4,3.6,6.0,8.0,5.6,11.0,2.4,12.0,0.5,0.6,0.5,-22.6,44.7,236.6,90.3,12.0,197.6,12.0,0.5,0.6,0.4,-43.2,-0.2,277.5,79.4,12.0,160.0,12.0,0.5,0.6,0.4,-0.83,0.8,1.22,0.47,9.0,1.29,12.0,0.4,0.6,0.4,-11.0,5.4,15.3,2.6,9.0,13.7,12.0,0.4,0.6,0.4,1.06,1.58,3.06,1.91,7.0,1.03,14.0,0.6,0.7,0.4,9.8,22.6,26.1,19.5,7.0,8.1,14.0,0.6,0.7,0.4,-21.1,54.7,178.8,66.5,12.0,142.0,12.0,0.5,0.6,0.4,-67.0,-0.2,180.4,42.5,12.0,116.0,12.0,0.5,0.6,0.4,12.1,22.6,106.9,47.1,9.0,84.9,12.0,0.7,0.6,0.4,-32.2,11.1,122.3,37.6,9.0,78.9,12.0,0.7,0.6,0.4,2.3,11.3,17.0,10.1,7.0,11.4,14.0,0.6,0.7,0.4,-8.4,4.9,19.9,3.4,7.0,15.8,14.0,0.6,0.7,0.4,301.0,1937.5,6285.0,3698.5,12.0,4783.5,12.0,0.5,0.6,0.4,300.0,1935.0,6285.0,3700.0,12.0,4785.0,12.0,0.5,0.6,0.4
1974,2,330.0,43.0,12.0,13.35,14.95,13.41,14.0,1.39,16.0,0.5,0.6,0.3,10.85,12.3,13.84,12.23,17.0,1.62,16.0,0.5,0.6,0.3,5.8,7.98,8.67,7.49,12.0,1.35,16.0,0.7,0.6,0.3,69.6,87.7,91.0,83.7,13.0,10.1,14.0,0.6,0.3,8.7,11.85,15.02,12.33,16.0,5.63,16.0,0.5,0.6,0.3,-7.8,1.95,13.76,4.27,16.0,10.52,16.0,0.5,0.6,0.3,-5.46,3.97,10.13,2.95,16.0,7.39,16.0,0.5,0.6,0.3,1001.01,1017.05,1022.86,1013.96,16.0,11.7,16.0,0.6,0.6,0.3,4.0,8.0,8.0,6.6,15.0,2.1,16.0,0.6,0.6,0.3,-89.6,10.0,201.4,88.7,16.0,209.8,16.0,0.5,0.6,0.3,-63.7,42.1,140.5,47.3,16.0,105.1,16.0,0.5,0.6,0.3,-0.59,1.4,2.99,1.3,14.0,1.83,16.0,0.5,0.6,0.3,-6.1,8.7,42.1,15.1,13.0,23.7,16.0,0.5,0.6,0.2,0.73,2.14,3.43,2.12,11.0,1.49,16.0,0.6,0.6,0.3,7.8,15.8,50.3,27.5,10.0,25.8,16.0,0.6,0.6,0.3,-98.7,24.6,163.0,51.8,16.0,132.7,16.0,0.5,0.6,0.3,-56.8,49.5,126.1,44.5,16.0,90.7,16.0,0.5,0.6,0.3,-30.7,32.2,122.9,40.9,11.0,78.4,16.0,0.6,0.6,0.3,-10.9,46.5,85.4,41.4,11.0,53.1,16.0,0.6,0.6,0.3,-7.0,0.0,41.8,12.8,10.0,31.2,16.0,0.6,0.6,0.3,-9.2,6.0,11.9,5.3,10.0,17.7,16.0,0.6,0.6,0.3,658.5,1703.0,3398.5,3137.0,16.0,4789.5,16.0,0.5,0.6,0.3,660.0,1705.0,3400.0,3135.0,16.0,4790.0,16.0,0.5,0.6,0.3
1974,2,330.0,44.0,11.65,12.9,13.97,13.03,14.0,1.67,16.0,0.6,0.7,0.4,9.84,12.0,14.39,12.13,15.0,2.3,16.0,0.5,0.7,0.4,4.93,8.23,8.63,7.18,13.0,1.77,16.0,0.6,0.7,0.4,68.0,81.5,92.5,80.0,13.0,12.1,16.0,0.6,0.4,9.3,12.6,18.47,13.26,14.0,4.3,16.0,0.6,0.7,0.4,-2.98,7.05,17.45,6.68,14.0,8.86,16.0,0.6,0.7,0.4,-7.62,2.9,9.26,2.25,14.0,8.7,16.0,0.6,0.7,0.4,1011.2,1016.2,1029.61,1018.53,15.0,10.18,16.0,0.5,0.7,0.4,3.7,6.0,8.0,5.8,13.0,2.5,16.0,0.5,0.7,0.4,-27.7,68.4,311.9,110.5,14.0,149.8,16.0,0.6,0.7,0.4,-88.5,19.4,117.8,32.4,14.0,129.7,16.0,0.6,0.7,0.4,-0.99,1.0,2.09,0.74,14.0,1.59,16.0,0.6,0.7,0.4,-13.1,12.3,33.0,11.1,13.0,25.3,16.0,0.6,0.7,0.4,0.62,1.91,3.64,2.11,13.0,1.6,16.0,0.6,0.7,0.4,7.8,12.8,66.0,29.8,13.0,30.4,16.0,0.6,0.7,0.4,-43.2,62.9,182.2,67.0,14.0,104.0,16.0,0.6,0.7,0.4,-87.4,37.7,126.6,33.6,14.0,113.2,16.0,0.6,0.7,0.4,-27.6,29.2,89.1,33.7,13.0,58.8,16.0,0.6,0.7,0.4,-52.0,0.0,77.4,21.0,13.0,70.6,16.0,0.6,0.7,0.4,-3.2,7.0,65.0,21.1,13.0,33.9,16.0,0.6,0.7,0.4,-16.8,0.0,7.7,-5.4,13.0,14.9,16.0,0.6,0.7,0.4,804.5,2004.0,6300.0,3017.0,14.0,2493.0,16.0,0.6,0.7,0.4,805.0,2005.0,6300.0,3015.0,14.0,2495.0,16.0,0.6,0.7,0.4
1974,2,330.0,45.0,10.87,12.2,13.0,12.06,12.0,1.14,14.0,0.5,0.7,0.4,10.31,11.55,12.39,11.27,14.0,1.4,14.0,0.6,0.6,0.4,5.61,6.27,7.82,6.55,12.0,1.18,14.0,0.5,0.7,0.4,65.2,74.3,93.1,77.1,13.0,12.9,12.0,0.5,0.5,6.26,13.15,17.84,11.61,14.0,5.87,14.0,0.6,0.6,0.4,2.76,6.83,15.1,8.51,14.0,6.8,14.0,0.6,0.6,0.4,-2.51,3.04,7.17,3.34,14.0,6.6,14.0,0.6,0.6,0.4,1000.99,1016.5,1025.55,1015.46,13.0,10.08,14.0,0.5,0.6,0.4,5.9,7.0,8.0,6.5,13.0,1.9,12.0,0.6,0.6,0.4,20.3,92.2,231.7,128.5,14.0,127.1,14.0,0.6,0.6,0.4,-38.6,33.3,108.5,49.1,14.0,101.8,14.0,0.6,0.6,0.4,-0.13,1.05,2.28,0.83,12.0,1.62,14.0,0.5,0.7,0.4,-0.9,4.5,28.2,6.8,12.0,20.7,14.0,0.5,0.7,0.4,1.05,2.34,3.77,2.25,11.0,1.56,14.0,0.5,0.7,0.4,2.5,19.9,41.7,21.1,11.0,21.5,14.0,0.5,0.7,0.4,31.9,70.2,171.3,95.2,14.0,79.6,14.0,0.6,0.6,0.4,-22.0,38.0,83.7,43.9,14.0,77.1,14.0,0.6,0.6,0.4,15.7,59.5,103.7,58.4,12.0,46.4,14.0,0.5,0.7,0.4,-3.9,20.8,43.1,21.6,12.0,41.4,14.0,0.5,0.7,0.4,-2.2,15.3,41.1,17.7,11.0,22.2,14.0,0.5,0.7,0.4,-7.4,4.0,11.0,2.8,11.0,10.3,14.0,0.5,0.7,0.4,247.0,2276.5,5694.5,2620.5,14.0,2648.0,14.0,0.6,0.6,0.4,245.0,2275.0,5695.0,2620.0,14.0,2650.0,14.0,0.6,0.6,0.4
1974,2,330.0,46.0,11.32,12.0,12.79,12.12,5.0,1.14,18.0,0.6,0.6,0.4,9.91,10.0,12.46,10.48,8.0,1.56,14.0,0.6,0.6,0.5,5.52,6.43,7.48,6.5,4.0,1.33,14.0,0.5,0.6,0.4,67.4,78.1,88.7,78.1,4.0,12.3,14.0,0.5,0.4,7.76,11.1,13.84,10.88,8.0,3.23,14.0,0.5,0.6,0.5,4.83,8.62,11.58,8.34,8.0,3.77,14.0,0.5,0.6,0.5,-8.69,-0.58,7.02,-0.73,8.0,7.16,14.0,0.5,0.6,0.5,1007.53,1024.45,1027.03,1018.33,8.0,11.32,14.0,0.5,0.6,0.4,5.3,7.0,7.7,6.4,9.0,1.3,14.0,0.6,0.6,0.5,43.4,99.8,165.2,99.9,8.0,65.2,14.0,0.5,0.6,0.5,-120.4,-3.9,54.3,-23.8,8.0,84.5,14.0,0.5,0.6,0.5,-0.82,1.1,3.68,1.36,5.0,2.35,18.0,0.6,0.6,0.4,-8.0,5.1,38.2,14.6,4.0,31.9,18.0,0.5,0.7,0.4,0.99,2.52,2.89,1.95,3.0,1.48,18.0,0.7,0.6,0.3,7.9,19.4,34.2,21.0,3.0,19.3,18.0,0.7,0.6,0.3,57.8,91.3,115.6,85.7,7.0,34.2,14.0,0.6,0.7,0.5,-77.2,-11.6,92.4,-7.1,7.0,78.5,14.0,0.6,0.7,0.5,26.6,41.2,51.3,39.0,4.0,17.3,14.0,0.5,0.6,0.4,-21.2,18.3,55.6,17.3,4.0,45.7,14.0,0.5,0.6,0.4,3.0,6.6,26.4,14.5,3.0,18.4,18.0,0.7,0.6,0.3,-13.3,2.2,13.2,0.0,3.0,19.5,18.0,0.7,0.6,0.3,467.0,1475.5,2654.5,1582.5,8.0,1181.5,14.0,0.5,0.6,0.5,465.0,1475.0,2655.0,1580.0,8.0,1180.0,14.0,0.5,0.6,0.5
1974,2,330.0,47.0,11.36,11.7,12.04,11.7,2.0,0.71,26.0,0.5,0.1,0.3,9.63,11.0,12.98,11.3,3.0,2.46,24.0,0.3,0.3,0.4,5.89,6.57,7.93,6.9,3.0,1.53,24.0,0.3,0.3,0.4,80.1,80.6,85.5,82.7,3.0,4.4,24.0,0.3,0.4,5.17,7.7,12.96,9.03,3.0,5.82,24.0,0.3,0.3,0.4,-2.5,3.46,5.65,1.62,3.0,6.18,24.0,0.3,0.3,0.4,-3.26,-2.0,9.24,2.87,3.0,10.09,24.0,0.3,0.3,0.4,1013.61,1020.3,1027.47,1020.53,3.0,10.15,24.0,0.3,0.3,0.4,4.3,5.0,5.7,5.0,2.0,1.4,24.0,0.5,0.3,0.3,-51.0,13.9,39.4,-5.3,3.0,68.3,24.0,0.3,0.3,0.4,-22.8,-8.0,149.6,61.7,3.0,140.0,24.0,0.3,0.3,0.4,-1.4,-0.75,-0.1,-0.75,2.0,1.34,26.0,0.5,0.1,0.3,-21.9,-12.7,-3.5,-12.7,2.0,19.1,26.0,0.5,0.1,0.3,0.41,0.93,1.45,0.93,2.0,1.08,26.0,0.5,0.1,0.3,3.3,4.7,6.1,4.7,2.0,2.9,26.0,0.5,0.1,0.3,-37.9,38.1,53.1,8.3,3.0,71.4,24.0,0.3,0.3,0.4,-30.6,-22.0,130.3,48.2,3.0,132.6,24.0,0.3,0.3,0.4,-23.6,22.7,32.6,4.9,3.0,43.9,24.0,0.3,0.3,0.4,-18.8,-13.1,80.5,29.8,3.0,81.7,24.0,0.3,0.3,0.4,0.2,2.5,4.8,2.5,2.0,4.8,26.0,0.5,0.1,0.3,-2.5,-0.4,1.6,-0.4,2.0,4.2,26.0,0.5,0.1,0.3,188.5,456.5,2638.0,1391.0,3.0,1968.0,24.0,0.3,0.3,0.4,190.0,455.0,2640.0,1390.0,3.0,1970.0,24.0,0.3,0.3,0.4
1974,2,330.0,48.0,10.24,11.4,12.93,11.58,4.0,1.62,6.0,0.8,0.8,0.4,7.12,8.65,9.66,8.4,4.0,1.54,6.0,0.8,0.8,0.4,4.58,5.16,5.94,5.26,4.0,0.85,6.0,0.8,0.8,0.4,72.0,73.5,78.9,75.3,4.0,5.4,6.0,0.8,0.4,11.28,13.4,18.31,14.77,3.0,5.28,6.0,0.7,0.9,0.4,-2.08,8.61,9.76,3.96,3.0,9.56,6.0,0.7,0.9,0.4,3.26,10.27,16.47,9.87,3.0,9.68,6.0,0.7,0.9,0.4,989.7,997.95,1004.57,997.18,4.0,9.28,6.0,0.8,0.8,0.4,5.5,7.0,8.0,6.8,4.0,1.5,6.0,0.8,0.8,0.4,-65.4,106.1,112.5,25.5,3.0,147.8,6.0,0.7,0.9,0.4,43.7,137.6,315.9,178.8,3.0,202.6,6.0,0.7,0.9,0.4,1.39,2.75,5.0,3.18,4.0,2.82,6.0,0.8,0.8,0.4,12.0,28.8,33.9,23.0,3.0,16.8,6.0,0.7,0.9,0.4,2.29,3.4,4.42,3.36,4.0,1.59,6.0,0.8,0.8,0.4,30.8,36.0,41.6,36.2,3.0,7.9,6.0,0.7,0.9,0.4,-25.8,67.2,88.1,32.0,3.0,88.8,6.0,0.7,0.9,0.4,25.4,80.1,154.9,89.9,3.0,95.2,6.0,0.7,0.9,0.4,-17.3,41.2,52.0,17.9,3.0,54.6,6.0,0.7,0.9,0.4,15.6,49.1,99.0,57.1,3.0,61.5,6.0,0.7,0.9,0.4,2.4,28.4,33.6,18.2,3.0,24.5,6.0,0.7,0.9,0.4,8.5,26.6,31.6,20.2,3.0,17.8,6.0,0.7,0.9,0.4,1509.5,2406.0,6731.0,4080.0,3.0,4090.0,6.0,0.7,0.9,0.4,1510.0,2405.0,6730.0,4080.0,3.0,4090.0,6.0,0.7,0.9,0.4
1974,2,330.0,49.0,9.65,10.0,12.1,10.47,6.0,1.54,20.0,0.5,0.7,0.3,7.85,10.2,11.08,9.63,6.0,1.8,20.0,0.5,0.7,0.3,3.89,6.85,7.72,6.19,6.0,1.94,20.0,0.5,0.7,0.3,59.9,88.3,95.9,81.8,6.0,17.6,20.0,0.5,0.3,6.27,8.5,15.63,10.03,6.0,4.95,20.0,0.5,0.7,0.3,-0.16,4.73,9.25,5.17,6.0,5.72,20.0,0.5,0.7,0.3,3.83,5.94,8.67,6.76,6.0,5.07,20.0,0.5,0.7,0.3,1014.66,1016.2,1024.82,1018.65,6.0,5.84,20.0,0.5,0.7,0.3,5.8,7.0,8.0,6.8,6.0,1.3,20.0,0.5,0.7,0.3,-0.8,45.7,110.5,65.3,6.0,83.5,20.0,0.5,0.7,0.3,18.1,56.5,119.7,81.8,6.0,95.3,20.0,0.5,0.7,0.3,0.15,1.05,1.5,0.83,6.0,0.94,20.0,0.5,0.7,0.3,1.0,10.0,17.5,9.2,6.0,9.6,20.0,0.5,0.7,0.3,0.5,1.29,3.19,1.64,6.0,1.4,20.0,0.5,0.7,0.3,5.1,12.1,28.0,16.9,6.0,17.1,20.0,0.5,0.7,0.3,-1.3,47.4,92.0,46.4,6.0,45.2,20.0,0.5,0.7,0.3,31.1,54.5,96.8,68.5,6.0,59.2,20.0,0.5,0.7,0.3,-0.7,31.6,55.5,29.7,6.0,28.3,20.0,0.5,0.7,0.3,15.7,35.0,67.8,44.7,6.0,40.8,20.0,0.5,0.7,0.3,-0.6,4.4,15.5,9.8,6.0,17.6,20.0,0.5,0.7,0.3,1.1,10.1,17.6,10.1,6.0,9.4,20.0,0.5,0.7,0.3,259.0,696.5,3825.5,1656.0,6.0,1921.0,20.0,0.5,0.7,0.3,260.0,695.0,3825.0,1655.0,6.0,1920.0,20.0,0.5,0.7,0.3
1974,2,330.0,50.0,8.89,10.3,11.04,9.96,5.0,1.29,4.0,0.2,0.8,0.3,4.32,5.4,8.37,6.14,5.0,2.12,4.0,0.2,0.8,0.3,2.81,3.69,4.14,3.49,4.0,0.85,4.0,0.3,0.9,0.4,46.6,61.6,68.5,57.7,4.0,16.5,4.0,0.3,0.4,6.12,12.3,19.48,13.36,5.0,9.19,4.0,0.2,0.8,0.3,5.11,7.2,13.41,9.15,5.0,5.62,4.0,0.2,0.8,0.3,-15.83,-6.15,-0.86,-8.05,5.0,9.51,4.0,0.2,0.8,0.3,995.35,1008.8,1011.17,1002.86,5.0,14.63,4.0,0.2,0.8,0.3,4.3,6.0,6.0,5.2,5.0,1.3,4.0,0.2,0.8,0.3,32.0,103.7,271.2,161.7,5.0,202.6,4.0,0.2,0.8,0.3,-338.1,-75.6,-2.4,-172.6,5.0,258.0,4.0,0.2,0.8,0.3,1.59,4.0,6.24,3.82,5.0,2.91,4.0,0.2,0.8,0.3,21.4,49.2,80.8,48.9,5.0,35.4,4.0,0.2,0.8,0.3,3.74,4.28,4.4,4.08,4.0,0.56,4.0,0.3,0.9,0.4,34.1,52.4,94.3,63.6,4.0,41.1,4.0,0.3,0.9,0.4,26.3,49.3,91.7,61.2,5.0,52.7,4.0,0.2,0.8,0.3,-101.3,-33.2,2.1,-50.8,5.0,78.6,4.0,0.2,0.8,0.3,18.5,33.6,60.8,39.4,4.0,27.7,4.0,0.3,0.9,0.4,-67.5,-33.2,-7.8,-37.4,4.0,41.3,4.0,0.3,0.9,0.4,28.5,33.5,57.2,42.4,4.0,23.9,4.0,0.3,0.9,0.4,-75.3,-38.1,-2.0,-38.6,4.0,46.1,4.0,0.3,0.9,0.4,239.5,1861.0,10173.0,5589.0,5.0,9618.0,4.0,0.2,0.8,0.3,240.0,1860.0,10175.0,5590.0,5.0,9620.0,4.0,0.2,0.8,0.3
1974,2,330.0,51.0,10.1,10.1,10.1,10.1,1.0,0.0,20.0,1.0,0.5,0.5,5.24,7.25,9.26,7.25,2.0,4.17,12.0,0.5,0.4,0.3,7.04,7.04,7.04,7.04,1.0,0.0,20.0,1.0,0.5,0.5,92.3,92.3,92.3,92.3,1.0,0.0,20.0,1.0,0.5,14.0,14.0,14.0,14.0,2.0,0.0,12.0,0.5,0.4,0.3,0.04,5.36,10.68,5.36,2.0,11.02,12.0,0.5,0.4,0.3,-1.84,4.5,10.84,4.5,2.0,13.13,12.0,0.5,0.4,0.3,1012.56,1016.55,1020.54,1016.55,2.0,8.27,12.0,0.5,0.4,0.3,8.0,8.0,8.0,8.0,1.0,0.0,2.0,0.0,0.3,0.2,0.6,75.1,149.5,75.1,2.0,154.3,12.0,0.5,0.4,0.3,-25.8,63.0,151.8,63.0,2.0,183.9,12.0,0.5,0.4,0.3,-0.1,-0.1,-0.1,-0.1,1.0,0.0,20.0,1.0,0.5,0.5,-1.4,-1.4,-1.4,-1.4,1.0,0.0,20.0,1.0,0.5,0.5,0.54,0.54,0.54,0.54,1.0,0.0,20.0,1.0,0.5,0.5,7.6,7.6,7.6,7.6,1.0,0.0,20.0,1.0,0.5,0.5,-11.9,15.9,43.7,15.9,2.0,57.5,12.0,0.5,0.4,0.3,5.0,60.0,115.0,60.0,2.0,114.0,12.0,0.5,0.4,0.3,-17.1,-17.1,-17.1,-17.1,1.0,0.0,20.0,1.0,0.5,0.5,97.1,97.1,97.1,97.1,1.0,0.0,20.0,1.0,0.5,0.5,-1.3,-1.3,-1.3,-1.3,1.0,0.0,20.0,1.0,0.5,0.5,7.5,7.5,7.5,7.5,1.0,0.0,20.0,1.0,0.5,0.5,2744.0,2744.0,2744.0,2744.0,2.0,0.0,12.0,0.5,0.4,0.3,2745.0,2745.0,2745.0,2745.0,2.0,0.0,12.0,0.5,0.4,0.3
1974,2,330.0,52.0,6.44,7.4,8.49,7.47,3.0,1.5,22.0,0.0,0.7,0.3,7.06,7.2,8.09,7.57,3.0,0.81,22.0,0.0,0.7,0.3,4.9,4.96,5.39,5.14,3.0,0.39,22.0,0.0,0.7,0.3,74.9,79.5,86.4,80.6,3.0,8.4,22.0,0.0,0.3,7.68,9.8,14.71,11.17,3.0,5.28,22.0,0.0,0.7,0.3,0.0,0.0,3.97,1.94,3.0,3.36,22.0,0.0,0.7,0.3,7.68,9.8,14.01,10.82,3.0,4.72,22.0,0.0,0.7,0.3,1020.66,1021.0,1022.43,1021.53,3.0,1.38,22.0,0.0,0.7,0.3,8.0,8.0,8.0,8.0,3.0,0.0,22.0,0.0,0.7,0.3,0.0,0.0,67.5,32.9,3.0,57.1,22.0,0.0,0.7,0.3,61.1,96.0,215.9,137.5,3.0,118.9,22.0,0.0,0.7,0.3,-1.58,0.4,1.36,-0.1,3.0,2.19,22.0,0.0,0.7,0.3,-10.2,3.9,22.1,5.9,3.0,23.7,22.0,0.0,0.7,0.3,0.99,1.43,1.46,1.23,3.0,0.39,22.0,0.0,0.7,0.3,8.0,14.0,21.5,14.8,3.0,9.9,22.0,0.0,0.7,0.3,0.0,0.0,28.6,14.0,3.0,24.2,22.0,0.0,0.7,0.3,60.6,68.6,100.3,80.2,3.0,30.7,22.0,0.0,0.7,0.3,0.0,0.0,22.2,10.8,3.0,18.8,22.0,0.0,0.7,0.3,37.8,47.8,76.1,56.7,3.0,29.1,22.0,0.0,0.7,0.3,0.0,0.0,5.8,2.8,3.0,4.9,22.0,0.0,0.7,0.3,8.0,14.0,20.5,14.3,3.0,9.1,22.0,0.0,0.7,0.3,504.0,941.0,3652.5,2051.5,3.0,2498.5,22.0,0.0,0.7,0.3,505.0,940.0,3650.0,2050.0,3.0,2500.0,22.0,0.0,0.7,0.3
1974,2,330.0,53.0,5.0,5.0,5.0,5.0,1.0,0.0,14.0,1.0,0.3,0.2,4.86,5.0,8.07,6.43,3.0,2.66,16.0,1.0,0.6,0.2,4.2,4.27,4.35,4.27,2.0,0.15,16.0,1.0,0.8,0.2,62.3,68.5,74.6,68.5,2.0,12.7,16.0,1.0,0.2,6.88,15.0,21.28,14.1,3.0,10.58,16.0,1.0,0.6,0.2,4.37,11.49,19.17,11.76,3.0,10.84,16.0,1.0,0.6,0.2,-7.51,-2.91,4.73,-1.43,3.0,9.05,16.0,1.0,0.6,0.2,994.87,1001.7,1006.89,1000.9,3.0,8.83,16.0,1.0,0.6,0.2,5.6,7.0,7.7,6.7,3.0,1.5,16.0,1.0,0.6,0.2,57.0,172.4,430.4,242.0,3.0,280.1,16.0,1.0,0.6,0.2,-101.6,-9.0,133.9,15.5,3.0,173.8,16.0,1.0,0.6,0.2,,,,,,,,,,,,,,,,,,,,,,,,,,,,,,,,,,,,,,,,,25.1,57.5,92.7,58.9,3.0,49.6,16.0,1.0,0.6,0.2,-41.7,-27.7,18.3,-12.1,3.0,46.0,16.0,1.0,0.6,0.2,18.9,49.7,80.5,49.7,2.0,63.7,16.0,1.0,0.8,0.2,-5.3,10.9,27.0,10.9,2.0,33.4,16.0,1.0,0.8,0.2,,,,,,,,,,,,,,,,,,,,,,,,,,,,,,,,,,,,,,,,
1974,2,330.0,54.0,,,,,,,,,,,,,,,,,,,,,,,,,,,,,,,,,,,,,,,,12.9,12.9,12.9,12.9,1.0,0.0,22.0,0.0,0.4,0.7,12.7,12.7,12.7,12.7,1.0,0.0,22.0,0.0,0.4,0.7,2.24,2.24,2.24,2.24,1.0,0.0,22.0,0.0,0.4,0.7,1006.1,1006.1,1006.1,1006.1,1.0,0.0,22.0,0.0,0.4,0.7,8.0,8.0,8.0,8.0,1.0,0.0,22.0,0.0,0.4,0.7,163.9,163.9,163.9,163.9,1.0,0.0,22.0,0.0,0.4,0.7,28.9,28.9,28.9,28.9,1.0,0.0,22.0,0.0,0.4,0.7,,,,,,,,,,,,,,,,,,,,,,,,,,,,,,,,,,,,,,,,,87.7,87.7,87.7,87.7,1.0,0.0,22.0,0.0,0.4,0.7,15.5,15.5,15.5,15.5,1.0,0.0,22.0,0.0,0.4,0.7,61.2,61.2,61.2,61.2,1.0,0.0,22.0,0.0,0.4,0.7,10.8,10.8,10.8,10.8,1.0,0.0,22.0,0.0,0.4,0.7,,,,,,,,,,,,,,,,,,,,,,,,,,,,,,,,,,,,,,,,
1974,2,330.0,55.0,7.53,9.0,10.0,8.78,4.0,1.46,14.0,0.8,0.7,0.2,1.99,3.9,6.33,4.15,4.0,2.99,14.0,0.8,0.7,0.2,4.26,5.29,6.32,5.29,2.0,2.13,14.0,0.5,0.4,0.0,75.6,85.5,95.4,85.5,2.0,20.5,14.0,0.5,0.0,9.1,12.6,18.67,13.83,4.0,6.22,14.0,0.8,0.7,0.2,-7.02,2.17,7.43,0.3,4.0,8.92,14.0,0.8,0.7,0.2,-5.37,5.34,17.01,5.8,4.0,13.0,14.0,0.8,0.7,0.2,988.89,989.25,997.68,993.1,4.0,8.14,14.0,0.8,0.7,0.2,4.6,6.0,7.4,6.0,3.0,2.0,10.0,0.7,0.6,0.1,-146.3,8.4,69.0,-36.5,4.0,147.7,14.0,0.8,0.7,0.2,-51.0,93.3,325.7,135.4,4.0,230.3,14.0,0.8,0.7,0.2,2.71,3.65,6.63,4.63,4.0,3.15,14.0,0.8,0.7,0.2,32.8,54.8,79.0,55.9,4.0,26.9,14.0,0.8,0.7,0.2,1.31,2.0,2.69,2.0,2.0,1.43,14.0,0.5,0.4,0.0,17.3,22.9,28.5,22.9,2.0,11.5,14.0,0.5,0.4,0.0,-29.0,-7.6,21.2,-4.0,4.0,31.5,14.0,0.8,0.7,0.2,-17.1,30.0,91.6,36.9,4.0,66.4,14.0,0.8,0.7,0.2,-10.1,6.1,22.3,6.1,2.0,33.6,14.0,0.5,0.4,0.0,-5.2,37.4,80.0,37.4,2.0,88.3,14.0,0.5,0.4,0.0,1.6,10.6,19.6,10.6,2.0,18.6,14.0,0.5,0.4,0.0,-14.5,-2.7,9.0,-2.7,2.0,24.4,14.0,0.5,0.4,0.0,788.5,2200.5,7230.0,3926.5,4.0,4734.0,14.0,0.8,0.7,0.2,790.0,2200.0,7230.0,3925.0,4.0,4735.0,14.0,0.8,0.7,0.2
1974,2,330.0,56.0,5.9,6.1,7.14,6.5,4.0,1.01,10.0,0.5,0.8,0.5,2.95,4.6,5.3,4.15,4.0,1.56,10.0,0.5,0.8,0.5,3.17,3.99,4.46,3.83,4.0,0.79,10.0,0.5,0.8,0.5,66.3,73.5,79.0,72.7,4.0,7.6,10.0,0.5,0.5,6.58,13.6,20.89,13.73,4.0,8.4,10.0,0.5,0.8,0.5,3.44,13.6,20.89,12.23,4.0,10.67,10.0,0.5,0.8,0.5,-2.63,0.0,0.0,-1.26,4.0,2.51,10.0,0.5,0.8,0.5,987.1,988.35,994.37,990.63,4.0,6.14,10.0,0.5,0.8,0.5,4.0,6.0,7.5,5.8,4.0,2.2,10.0,0.5,0.8,0.5,29.6,214.1,439.5,233.6,4.0,243.2,10.0,0.5,0.8,0.5,-13.4,0.0,0.0,-6.4,4.0,12.8,10.0,0.5,0.8,0.5,0.8,1.3,4.0,2.35,4.0,2.48,10.0,0.5,0.8,0.5,12.0,16.6,34.4,22.9,4.0,17.9,10.0,0.5,0.8,0.5,1.51,1.94,3.14,2.31,4.0,1.13,10.0,0.5,0.8,0.5,20.4,30.9,32.5,26.6,4.0,10.0,10.0,0.5,0.8,0.5,6.0,59.5,110.4,58.2,4.0,60.7,10.0,0.5,0.8,0.5,-10.5,0.0,0.0,-5.0,4.0,10.0,10.0,0.5,0.8,0.5,9.4,53.8,93.3,51.4,4.0,49.5,10.0,0.5,0.8,0.5,-9.3,0.0,0.0,-4.5,4.0,8.9,10.0,0.5,0.8,0.5,13.1,30.9,32.5,23.2,4.0,16.9,10.0,0.5,0.8,0.5,-6.1,0.0,0.0,-2.9,4.0,5.8,10.0,0.5,0.8,0.5,332.0,3705.0,9313.0,4771.5,4.0,5463.5,10.0,0.5,0.8,0.5,330.0,3705.0,9315.0,4770.0,4.0,5465.0,10.0,0.5,0.8,0.5
1974,2,330.0,57.0,,,,,,,,,,,,,,,,,,,,,,,,,,,,,,,,,,,,,,,,23.0,23.0,23.0,23.0,1.0,0.0,20.0,0.0,0.5,0.8,21.61,21.61,21.61,21.61,1.0,0.0,20.0,0.0,0.5,0.8,7.87,7.87,7.87,7.87,1.0,0.0,20.0,0.0,0.5,0.8,1002.5,1002.5,1002.5,1002.5,1.0,0.0,20.0,0.0,0.5,0.8,,,,,,,,,,,,,,,,,,,,,,,,,,,,,,,,,,,,,,,,,,,,,,,,,,,,,,,,,,,,,,,,,,,,,,,,,,,,,,,,,,,,,,,,,,,,,,,,,,,,,,,,,,,,,,,,,,,,,,,,,,,,,,,,,,,,,,,,,,,,,,,,,,,,,,
1974,2,330.0,58.0,6.7,6.7,6.7,6.7,1.0,0.0,4.0,0.0,0.8,0.4,4.6,4.8,5.0,4.8,2.0,0.42,6.0,0.5,0.9,0.5,3.87,3.87,3.87,3.87,1.0,0.0,4.0,0.0,0.8,0.4,72.6,72.6,72.6,72.6,1.0,0.0,4.0,0.0,0.4,8.0,10.8,17.08,12.5,3.0,6.81,10.0,0.7,0.6,0.4,-13.42,-1.88,2.91,-5.18,3.0,12.3,10.0,0.7,0.6,0.4,-3.3,4.31,8.63,2.7,3.0,8.85,10.0,0.7,0.6,0.4,993.57,1002.1,1003.26,998.5,3.0,7.75,10.0,0.7,0.6,0.4,8.0,8.0,8.0,8.0,3.0,0.0,10.0,0.7,0.6,0.4,-263.0,-20.3,17.0,-120.6,3.0,222.8,10.0,0.7,0.6,0.4,-84.2,28.9,87.6,2.3,3.0,127.9,10.0,0.7,0.6,0.4,2.2,2.2,2.2,2.2,1.0,0.0,4.0,0.0,0.8,0.4,23.8,23.8,23.8,23.8,1.0,0.0,4.0,0.0,0.8,0.4,2.35,2.35,2.35,2.35,1.0,0.0,4.0,0.0,0.8,0.4,25.4,25.4,25.4,25.4,1.0,0.0,4.0,0.0,0.8,0.4,-82.0,-52.1,-22.3,-52.1,2.0,61.8,6.0,0.5,0.9,0.5,-21.8,6.5,34.7,6.5,2.0,58.5,6.0,0.5,0.9,0.5,-7.3,-7.3,-7.3,-7.3,1.0,0.0,4.0,0.0,0.8,0.4,41.1,41.1,41.1,41.1,1.0,0.0,4.0,0.0,0.8,0.4,-4.4,-4.4,-4.4,-4.4,1.0,0.0,4.0,0.0,0.8,0.4,25.0,25.0,25.0,25.0,1.0,0.0,4.0,0.0,0.8,0.4,605.0,1259.5,5860.5,3187.0,3.0,4196.0,10.0,0.7,0.6,0.4,605.0,1260.0,5860.0,3185.0,3.0,4195.0,10.0,0.7,0.6,0.4
1974,2,330.0,59.0,,,,,,,,,,,,,,,,,,,,,,,,,,,,,,,,,,,,,,,,5.27,6.7,8.07,6.67,3.0,2.05,20.0,0.7,0.6,0.5,-4.5,4.53,5.4,0.54,3.0,8.03,20.0,0.7,0.6,0.5,-2.29,0.0,0.55,-0.85,3.0,2.2,20.0,0.7,0.6,0.5,980.39,1000.8,1001.41,991.13,3.0,17.53,20.0,0.7,0.6,0.5,,,,,,,,,,,,,,,,,,,,,,,,,,,,,,,,,,,,,,,,,,,,,,,,,,,,,,,,,,,,,,,,,,,,,,,,,,,,,,,,,,,,,,,,,,,,,,,,,,,,,,,,,,,,,,,,,,,,,,,,,,,,,,,,,,,,,,,,,,,,,,,,,,,,,,
1974,2,330.0,60.0,6.16,6.5,6.7,6.43,3.0,0.4,16.0,0.0,0.8,0.7,1.93,2.7,4.78,3.4,5.0,2.12,18.0,0.2,0.6,0.5,2.88,2.93,4.21,3.53,3.0,1.11,16.0,0.0,0.8,0.7,63.1,66.9,88.1,75.4,3.0,19.7,16.0,0.0,0.7,8.72,9.8,11.67,10.08,5.0,1.79,18.0,0.2,0.6,0.5,-8.12,-4.65,-2.45,-5.08,5.0,3.64,18.0,0.2,0.6,0.5,-1.86,2.63,11.23,3.84,5.0,8.14,18.0,0.2,0.6,0.5,985.97,995.9,998.4,991.96,5.0,11.45,18.0,0.2,0.6,0.5,5.2,7.0,8.0,6.4,5.0,2.5,18.0,0.2,0.6,0.5,-69.9,-43.7,-27.5,-47.4,5.0,33.8,18.0,0.2,0.6,0.5,-16.8,20.3,131.4,46.7,5.0,90.4,18.0,0.2,0.6,0.5,3.35,4.1,4.17,3.77,3.0,0.67,16.0,0.0,0.8,0.7,32.3,33.9,38.9,35.5,3.0,5.0,16.0,0.0,0.8,0.7,1.79,2.97,3.24,2.53,3.0,1.12,16.0,0.0,0.8,0.7,17.9,25.9,28.1,23.0,3.0,7.9,16.0,0.0,0.8,0.7,-18.2,-13.5,-5.9,-11.9,5.0,7.7,18.0,0.2,0.6,0.5,-3.9,7.1,55.0,23.5,5.0,39.9,18.0,0.2,0.6,0.5,-25.9,-20.7,-19.3,-22.5,3.0,5.1,16.0,0.0,0.8,0.7,5.8,7.5,37.3,21.2,3.0,25.9,16.0,0.0,0.8,0.7,-27.3,-24.3,-11.0,-19.3,3.0,12.7,16.0,0.0,0.8,0.7,6.3,8.9,11.9,9.1,3.0,4.1,16.0,0.0,0.8,0.7,677.5,941.0,1595.5,1101.0,5.0,553.0,18.0,0.2,0.6,0.5,675.0,940.0,1595.0,1100.0,5.0,555.0,18.0,0.2,0.6,0.5
1974,2,330.0,61.0,6.5,6.5,6.5,6.5,1.0,0.0,16.0,0.0,0.2,0.0,1.9,3.0,5.1,3.4,5.0,2.51,16.0,0.4,0.5,0.2,3.83,3.83,3.83,3.83,1.0,0.0,16.0,0.0,0.2,0.0,100.0,100.0,100.0,100.0,1.0,0.0,16.0,0.0,0.0,3.69,6.7,8.94,6.54,5.0,3.77,16.0,0.4,0.5,0.2,-4.29,0.0,2.85,-0.66,5.0,4.25,16.0,0.4,0.5,0.2,-2.03,0.36,8.66,2.85,5.0,6.24,16.0,0.4,0.5,0.2,984.14,994.0,1004.08,994.76,5.0,11.85,16.0,0.4,0.5,0.2,6.0,7.0,8.0,7.0,4.0,1.2,14.0,0.3,0.5,0.1,-24.8,0.0,21.7,-0.3,5.0,34.8,16.0,0.4,0.5,0.2,-10.9,0.8,83.0,33.6,5.0,65.8,16.0,0.4,0.5,0.2,6.5,6.5,6.5,6.5,1.0,0.0,16.0,0.0,0.2,0.0,13.7,13.7,13.7,13.7,1.0,0.0,16.0,0.0,0.2,0.0,2.24,2.24,2.24,2.24,1.0,0.0,16.0,0.0,0.2,0.0,4.7,4.7,4.7,4.7,1.0,0.0,16.0,0.0,0.2,0.0,-15.3,0.0,10.8,-1.2,5.0,20.2,16.0,0.4,0.5,0.2,-6.8,0.0,42.9,17.3,5.0,37.5,16.0,0.4,0.5,0.2,7.9,7.9,7.9,7.9,1.0,0.0,16.0,0.0,0.2,0.0,1.4,1.4,1.4,1.4,1.0,0.0,16.0,0.0,0.2,0.0,4.6,4.6,4.6,4.6,1.0,0.0,16.0,0.0,0.2,0.0,0.8,0.8,0.8,0.8,1.0,0.0,16.0,0.0,0.2,0.0,65.0,301.0,897.5,522.0,5.0,761.0,16.0,0.4,0.5,0.2,65.0,300.0,895.0,520.0,5.0,760.0,16.0,0.4,0.5,0.2
1974,2,330.0,62.0,,,,,,,,,,,,,,,,,,,,,,,,,,,,,,,,,,,,,,,,19.83,21.6,23.37,21.6,2.0,3.68,16.0,0.0,0.6,0.5,-13.84,-8.23,-2.61,-8.23,2.0,11.64,16.0,0.0,0.6,0.5,-4.15,7.35,18.85,7.35,2.0,23.83,16.0,0.0,0.6,0.5,971.73,980.4,989.07,980.4,2.0,17.96,16.0,0.0,0.6,0.5,,,,,,,,,,,,,,,,,,,,,,,,,,,,,,,,,,,,,,,,,,,,,,,,,,,,,,,,,,,,,,,,,,,,,,,,,,,,,,,,,,,,,,,,,,,,,,,,,,,,,,,,,,,,,,,,,,,,,,,,,,,,,,,,,,,,,,,,,,,,,,,,,,,,,,
1974,2,330.0,66.0,,,,,,,,,,,,,,,,,,,,,,,,,,,,,,,,,,,,,,,,12.3,12.3,12.3,12.3,1.0,0.0,26.0,1.0,1.0,0.7,7.91,7.91,7.91,7.91,1.0,0.0,26.0,1.0,1.0,0.7,9.42,9.42,9.42,9.42,1.0,0.0,26.0,1.0,1.0,0.7,988.1,988.1,988.1,988.1,1.0,0.0,26.0,1.0,1.0,0.7,,,,,,,,,,,,,,,,,,,,,,,,,,,,,,,,,,,,,,,,,,,,,,,,,,,,,,,,,,,,,,,,,,,,,,,,,,,,,,,,,,,,,,,,,,,,,,,,,,,,,,,,,,,,,,,,,,,,,,,,,,,,,,,,,,,,,,,,,,,,,,,,,,,,,,
1974,2,331.0,-75.0,-1.8,-1.8,-1.8,-1.8,1.0,0.0,12.0,0.0,0.2,1.0,-5.0,-5.0,-5.0,-5.0,1.0,0.0,12.0,0.0,0.2,1.0,1.89,1.89,1.89,1.89,1.0,0.0,12.0,0.0,0.2,1.0,70.7,70.7,70.7,70.7,1.0,0.0,12.0,0.0,1.0,3.1,3.1,3.1,3.1,1.0,0.0,12.0,0.0,0.2,1.0,3.05,3.05,3.05,3.05,1.0,0.0,12.0,0.0,0.2,1.0,-0.54,-0.54,-0.54,-0.54,1.0,0.0,12.0,0.0,0.2,1.0,985.1,985.1,985.1,985.1,1.0,0.0,12.0,0.0,0.2,1.0,8.0,8.0,8.0,8.0,1.0,0.0,12.0,0.0,0.2,1.0,9.5,9.5,9.5,9.5,1.0,0.0,12.0,0.0,0.2,1.0,-1.7,-1.7,-1.7,-1.7,1.0,0.0,12.0,0.0,0.2,1.0,3.2,3.2,3.2,3.2,1.0,0.0,12.0,0.0,0.2,1.0,9.9,9.9,9.9,9.9,1.0,0.0,12.0,0.0,0.2,1.0,1.51,1.51,1.51,1.51,1.0,0.0,12.0,0.0,0.2,1.0,4.7,4.7,4.7,4.7,1.0,0.0,12.0,0.0,0.2,1.0,-15.3,-15.3,-15.3,-15.3,1.0,0.0,12.0,0.0,0.2,1.0,2.7,2.7,2.7,2.7,1.0,0.0,12.0,0.0,0.2,1.0,5.8,5.8,5.8,5.8,1.0,0.0,12.0,0.0,0.2,1.0,-1.0,-1.0,-1.0,-1.0,1.0,0.0,12.0,0.0,0.2,1.0,4.6,4.6,4.6,4.6,1.0,0.0,12.0,0.0,0.2,1.0,-0.8,-0.8,-0.8,-0.8,1.0,0.0,12.0,0.0,0.2,1.0,30.0,30.0,30.0,30.0,1.0,0.0,12.0,0.0,0.2,1.0,30.0,30.0,30.0,30.0,1.0,0.0,12.0,0.0,0.2,1.0
1974,2,331.0,-67.0,0.1,0.1,0.1,0.1,1.0,0.0,24.0,0.0,0.6,0.3,0.12,0.8,1.48,0.8,2.0,1.41,24.0,0.0,0.3,0.4,3.82,3.82,3.82,3.82,1.0,0.0,24.0,0.0,0.6,0.3,87.7,92.7,97.7,92.7,2.0,10.4,24.0,0.0,0.4,4.1,4.1,4.1,4.1,1.0,0.0,24.0,0.0,0.6,0.3,4.1,4.1,4.1,4.1,1.0,0.0,24.0,0.0,0.6,0.3,0.0,0.0,0.0,0.0,1.0,0.0,24.0,0.0,0.6,0.3,987.2,987.2,987.2,987.2,1.0,0.0,24.0,0.0,0.6,0.3,5.5,6.5,7.5,6.5,2.0,2.1,24.0,0.0,0.3,0.4,16.8,16.8,16.8,16.8,1.0,0.0,24.0,0.0,0.6,0.3,0.0,0.0,0.0,0.0,1.0,0.0,24.0,0.0,0.6,0.3,0.3,0.3,0.3,0.3,1.0,0.0,24.0,0.0,0.6,0.3,1.2,1.2,1.2,1.2,1.0,0.0,24.0,0.0,0.6,0.3,0.08,0.08,0.08,0.08,1.0,0.0,24.0,0.0,0.6,0.3,0.3,0.3,0.3,0.3,1.0,0.0,24.0,0.0,0.6,0.3,-0.8,-0.8,-0.8,-0.8,1.0,0.0,24.0,0.0,0.6,0.3,0.0,0.0,0.0,0.0,1.0,0.0,24.0,0.0,0.6,0.3,15.7,15.7,15.7,15.7,1.0,0.0,24.0,0.0,0.6,0.3,0.0,0.0,0.0,0.0,1.0,0.0,24.0,0.0,0.6,0.3,0.3,0.3,0.3,0.3,1.0,0.0,24.0,0.0,0.6,0.3,0.0,0.0,0.0,0.0,1.0,0.0,24.0,0.0,0.6,0.3,69.0,69.0,69.0,69.0,1.0,0.0,24.0,0.0,0.6,0.3,70.0,70.0,70.0,70.0,1.0,0.0,24.0,0.0,0.6,0.3
1974,2,331.0,-36.0,22.3,22.3,22.3,22.3,1.0,0.0,6.0,0.0,0.6,0.4,21.9,21.9,21.9,21.9,1.0,0.0,6.0,0.0,0.6,0.4,13.62,13.62,13.62,13.62,1.0,0.0,6.0,0.0,0.6,0.4,84.1,84.1,84.1,84.1,1.0,0.0,6.0,0.0,0.4,,,,,,,,,,,,,,,,,,,,,,,,,,,,,,,,,,,,,,,,,,,,,,,,,,,,,,,,,,,,,,,,,,,,,,,,,,,,,,,,,,,,,,,,,,,,,,,,,,,,,,,,,,,,,,,,,,,,,,,,,,,,,,,,,,,,,,,,,,,,,,,,,,,,,,,,,,,,,,,,,,,,,,,,,,,,,,,,,,,,,,,,,,,,,,
1974,2,331.0,-33.0,24.0,24.0,24.0,24.0,1.0,0.0,16.0,0.0,0.9,0.7,24.2,24.2,24.2,24.2,1.0,0.0,16.0,0.0,0.9,0.7,15.48,15.48,15.48,15.48,1.0,0.0,16.0,0.0,0.9,0.7,82.3,82.3,82.3,82.3,1.0,0.0,16.0,0.0,0.7,4.6,4.6,4.6,4.6,1.0,0.0,16.0,0.0,0.9,0.7,3.52,3.52,3.52,3.52,1.0,0.0,16.0,0.0,0.9,0.7,2.96,2.96,2.96,2.96,1.0,0.0,16.0,0.0,0.9,0.7,1013.0,1013.0,1013.0,1013.0,1.0,0.0,16.0,0.0,0.9,0.7,3.0,3.0,3.0,3.0,1.0,0.0,16.0,0.0,0.9,0.7,16.2,16.2,16.2,16.2,1.0,0.0,16.0,0.0,0.9,0.7,13.6,13.6,13.6,13.6,1.0,0.0,16.0,0.0,0.9,0.7,-0.2,-0.2,-0.2,-0.2,1.0,0.0,16.0,0.0,0.9,0.7,-0.9,-0.9,-0.9,-0.9,1.0,0.0,16.0,0.0,0.9,0.7,3.13,3.13,3.13,3.13,1.0,0.0,16.0,0.0,0.9,0.7,14.4,14.4,14.4,14.4,1.0,0.0,16.0,0.0,0.9,0.7,85.3,85.3,85.3,85.3,1.0,0.0,16.0,0.0,0.9,0.7,71.6,71.6,71.6,71.6,1.0,0.0,16.0,0.0,0.9,0.7,54.5,54.5,54.5,54.5,1.0,0.0,16.0,0.0,0.9,0.7,45.8,45.8,45.8,45.8,1.0,0.0,16.0,0.0,0.9,0.7,11.0,11.0,11.0,11.0,1.0,0.0,16.0,0.0,0.9,0.7,9.3,9.3,9.3,9.3,1.0,0.0,16.0,0.0,0.9,0.7,97.5,97.5,97.5,97.5,1.0,0.0,16.0,0.0,0.9,0.7,95.0,95.0,95.0,95.0,1.0,0.0,16.0,0.0,0.9,0.7
1974,2,331.0,-29.0,25.9,25.9,25.9,25.9,1.0,0.0,12.0,1.0,0.2,1.0,25.2,25.2,25.2,25.2,1.0,0.0,12.0,1.0,0.2,1.0,12.4,12.4,12.4,12.4,1.0,0.0,12.0,1.0,0.2,1.0,62.7,62.7,62.7,62.7,1.0,0.0,12.0,1.0,1.0,2.0,2.0,2.0,2.0,1.0,0.0,12.0,1.0,0.2,1.0,-1.53,-1.53,-1.53,-1.53,1.0,0.0,12.0,1.0,0.2,1.0,1.29,1.29,1.29,1.29,1.0,0.0,12.0,1.0,0.2,1.0,1021.1,1021.1,1021.1,1021.1,1.0,0.0,12.0,1.0,0.2,1.0,7.0,7.0,7.0,7.0,1.0,0.0,12.0,1.0,0.2,1.0,-3.1,-3.1,-3.1,-3.1,1.0,0.0,12.0,1.0,0.2,1.0,2.6,2.6,2.6,2.6,1.0,0.0,12.0,1.0,0.2,1.0,0.7,0.7,0.7,0.7,1.0,0.0,12.0,1.0,0.2,1.0,1.4,1.4,1.4,1.4,1.0,0.0,12.0,1.0,0.2,1.0,8.31,8.31,8.31,8.31,1.0,0.0,12.0,1.0,0.2,1.0,16.6,16.6,16.6,16.6,1.0,0.0,12.0,1.0,0.2,1.0,-38.6,-38.6,-38.6,-38.6,1.0,0.0,12.0,1.0,0.2,1.0,32.4,32.4,32.4,32.4,1.0,0.0,12.0,1.0,0.2,1.0,-19.0,-19.0,-19.0,-19.0,1.0,0.0,12.0,1.0,0.2,1.0,15.9,15.9,15.9,15.9,1.0,0.0,12.0,1.0,0.2,1.0,-12.7,-12.7,-12.7,-12.7,1.0,0.0,12.0,1.0,0.2,1.0,10.7,10.7,10.7,10.7,1.0,0.0,12.0,1.0,0.2,1.0,8.0,8.0,8.0,8.0,1.0,0.0,12.0,1.0,0.2,1.0,10.0,10.0,10.0,10.0,1.0,0.0,12.0,1.0,0.2,1.0
1974,2,331.0,-28.0,25.19,25.7,26.05,25.63,4.0,0.52,10.0,1.0,0.5,1.0,24.48,25.05,26.1,25.28,4.0,1.25,10.0,1.0,0.5,1.0,16.42,16.54,16.68,16.55,3.0,0.2,10.0,1.0,0.4,1.0,78.3,83.4,87.3,82.8,3.0,6.6,10.0,1.0,1.0,4.31,5.1,6.62,5.45,4.0,1.84,10.0,1.0,0.5,1.0,-6.02,-4.2,-2.95,-4.47,4.0,1.93,10.0,1.0,0.5,1.0,-2.74,0.17,2.68,-0.02,4.0,3.55,10.0,1.0,0.5,1.0,1017.19,1020.15,1020.96,1019.13,4.0,2.83,10.0,1.0,0.5,1.0,4.4,6.0,6.5,5.5,4.0,1.7,10.0,1.0,0.5,1.0,-41.2,-19.3,-12.6,-26.6,4.0,20.2,10.0,1.0,0.5,1.0,-14.0,0.0,18.9,2.3,4.0,22.7,10.0,1.0,0.5,1.0,-0.38,0.65,1.05,0.35,4.0,0.97,10.0,1.0,0.5,1.0,-1.5,3.2,4.6,1.6,4.0,4.6,10.0,1.0,0.5,1.0,3.48,4.09,4.46,3.98,3.0,0.72,10.0,1.0,0.4,1.0,16.4,16.7,19.5,18.0,3.0,2.5,10.0,1.0,0.4,1.0,-155.7,-110.1,-72.3,-113.8,4.0,50.7,10.0,1.0,0.5,1.0,-66.9,3.4,67.3,0.3,4.0,87.2,10.0,1.0,0.5,1.0,-75.0,-55.3,-46.3,-60.5,3.0,21.5,10.0,1.0,0.4,1.0,-54.6,-14.8,9.0,-22.6,3.0,47.1,10.0,1.0,0.4,1.0,-19.0,-15.7,-10.5,-14.8,3.0,6.2,10.0,1.0,0.4,1.0,-10.8,-3.6,2.7,-4.0,3.0,9.9,10.0,1.0,0.4,1.0,87.5,132.5,331.5,206.0,4.0,208.0,10.0,1.0,0.5,1.0,90.0,135.0,330.0,205.0,4.0,210.0,10.0,1.0,0.5,1.0
1974,2,331.0,-27.0,25.3,25.3,25.3,25.3,1.0,0.0,12.0,0.0,0.9,1.0,24.9,24.9,24.9,24.9,1.0,0.0,12.0,0.0,0.9,1.0,14.91,14.91,14.91,14.91,1.0,0.0,12.0,0.0,0.9,1.0,76.6,76.6,76.6,76.6,1.0,0.0,12.0,0.0,1.0,7.0,7.0,7.0,7.0,1.0,0.0,12.0,0.0,0.9,1.0,-6.06,-6.06,-6.06,-6.06,1.0,0.0,12.0,0.0,0.9,1.0,3.5,3.5,3.5,3.5,1.0,0.0,12.0,0.0,0.9,1.0,1019.1,1019.1,1019.1,1019.1,1.0,0.0,12.0,0.0,0.9,1.0,6.0,6.0,6.0,6.0,1.0,0.0,12.0,0.0,0.9,1.0,-42.4,-42.4,-42.4,-42.4,1.0,0.0,12.0,0.0,0.9,1.0,24.5,24.5,24.5,24.5,1.0,0.0,12.0,0.0,0.9,1.0,0.4,0.4,0.4,0.4,1.0,0.0,12.0,0.0,0.9,1.0,2.8,2.8,2.8,2.8,1.0,0.0,12.0,0.0,0.9,1.0,5.1,5.1,5.1,5.1,1.0,0.0,12.0,0.0,0.9,1.0,35.7,35.7,35.7,35.7,1.0,0.0,12.0,0.0,0.9,1.0,-150.9,-150.9,-150.9,-150.9,1.0,0.0,12.0,0.0,0.9,1.0,87.2,87.2,87.2,87.2,1.0,0.0,12.0,0.0,0.9,1.0,-90.4,-90.4,-90.4,-90.4,1.0,0.0,12.0,0.0,0.9,1.0,52.2,52.2,52.2,52.2,1.0,0.0,12.0,0.0,0.9,1.0,-30.9,-30.9,-30.9,-30.9,1.0,0.0,12.0,0.0,0.9,1.0,17.9,17.9,17.9,17.9,1.0,0.0,12.0,0.0,0.9,1.0,343.0,343.0,343.0,343.0,1.0,0.0,12.0,0.0,0.9,1.0,345.0,345.0,345.0,345.0,1.0,0.0,12.0,0.0,0.9,1.0
1974,2,331.0,-26.0,25.24,25.75,26.26,25.75,2.0,1.06,18.0,0.5,1.0,0.9,25.58,25.75,25.92,25.75,2.0,0.35,18.0,0.5,1.0,0.9,17.12,17.12,17.12,17.12,1.0,0.0,20.0,1.0,1.0,0.9,82.0,82.0,82.0,82.0,1.0,0.0,20.0,1.0,0.9,3.02,3.05,3.08,3.05,2.0,0.07,18.0,0.5,1.0,0.9,-2.62,-2.18,-1.75,-2.18,2.0,0.9,18.0,0.5,1.0,0.9,-2.42,-1.86,-1.29,-1.86,2.0,1.17,18.0,0.5,1.0,0.9,1017.19,1017.8,1018.41,1017.8,2.0,1.27,18.0,0.5,1.0,0.9,0.3,1.0,1.7,1.0,2.0,1.4,18.0,0.5,1.0,0.9,-7.9,-6.6,-5.4,-6.6,2.0,2.6,18.0,0.5,1.0,0.9,-7.5,-5.7,-3.9,-5.7,2.0,3.7,18.0,0.5,1.0,0.9,-0.34,0.0,0.34,0.0,2.0,0.71,18.0,0.5,1.0,0.9,-1.0,0.0,1.1,0.0,2.0,2.2,18.0,0.5,1.0,0.9,4.43,4.43,4.43,4.43,1.0,0.0,20.0,1.0,1.0,0.9,13.7,13.7,13.7,13.7,1.0,0.0,20.0,1.0,1.0,0.9,-66.9,-56.1,-45.3,-56.1,2.0,22.3,18.0,0.5,1.0,0.9,-62.9,-48.0,-33.1,-48.0,2.0,30.9,18.0,0.5,1.0,0.9,-26.5,-26.5,-26.5,-26.5,1.0,0.0,20.0,1.0,1.0,0.9,-46.0,-46.0,-46.0,-46.0,1.0,0.0,20.0,1.0,1.0,0.9,-6.9,-6.9,-6.9,-6.9,1.0,0.0,20.0,1.0,1.0,0.9,-11.9,-11.9,-11.9,-11.9,1.0,0.0,20.0,1.0,1.0,0.9,27.5,28.5,29.5,28.5,2.0,2.0,18.0,0.5,1.0,0.9,25.0,30.0,30.0,30.0,2.0,0.0,18.0,0.5,1.0,0.9
1974,2,331.0,-24.0,27.0,27.0,27.0,27.0,1.0,0.0,8.0,1.0,0.5,0.6,27.0,27.0,27.0,27.0,1.0,0.0,8.0,1.0,0.5,0.6,16.93,16.93,16.93,16.93,1.0,0.0,8.0,1.0,0.5,0.6,76.4,76.4,76.4,76.4,1.0,0.0,8.0,1.0,0.6,10.3,10.3,10.3,10.3,1.0,0.0,8.0,1.0,0.5,0.6,-10.3,-10.3,-10.3,-10.3,1.0,0.0,8.0,1.0,0.5,0.6,0.0,0.0,0.0,0.0,1.0,0.0,8.0,1.0,0.5,0.6,1015.8,1015.8,1015.8,1015.8,1.0,0.0,8.0,1.0,0.5,0.6,6.0,6.0,6.0,6.0,1.0,0.0,8.0,1.0,0.5,0.6,-106.1,-106.1,-106.1,-106.1,1.0,0.0,8.0,1.0,0.5,0.6,0.0,0.0,0.0,0.0,1.0,0.0,8.0,1.0,0.5,0.6,0.0,0.0,0.0,0.0,1.0,0.0,8.0,1.0,0.5,0.6,0.0,0.0,0.0,0.0,1.0,0.0,8.0,1.0,0.5,0.6,5.3,5.3,5.3,5.3,1.0,0.0,8.0,1.0,0.5,0.6,54.6,54.6,54.6,54.6,1.0,0.0,8.0,1.0,0.5,0.6,-278.1,-278.1,-278.1,-278.1,1.0,0.0,8.0,1.0,0.5,0.6,0.0,0.0,0.0,0.0,1.0,0.0,8.0,1.0,0.5,0.6,-174.4,-174.4,-174.4,-174.4,1.0,0.0,8.0,1.0,0.5,0.6,0.0,0.0,0.0,0.0,1.0,0.0,8.0,1.0,0.5,0.6,-54.6,-54.6,-54.6,-54.6,1.0,0.0,8.0,1.0,0.5,0.6,0.0,0.0,0.0,0.0,1.0,0.0,8.0,1.0,0.5,0.6,1092.5,1092.5,1092.5,1092.5,1.0,0.0,8.0,1.0,0.5,0.6,1095.0,1095.0,1095.0,1095.0,1.0,0.0,8.0,1.0,0.5,0.6
1974,2,331.0,-19.0,,,,,,,,,,,,,,,,,,,,,,,,,,,,,,,,,,,,,,,,1.5,1.5,1.5,1.5,1.0,0.0,16.0,0.0,0.4,0.5,-1.5,-1.5,-1.5,-1.5,1.0,0.0,16.0,0.0,0.4,0.5,0.0,0.0,0.0,0.0,1.0,0.0,16.0,0.0,0.4,0.5,1013.5,1013.5,1013.5,1013.5,1.0,0.0,16.0,0.0,0.4,0.5,,,,,,,,,,,,,,,,,,,,,,,,,,,,,,,,,,,,,,,,,,,,,,,,,,,,,,,,,,,,,,,,,,,,,,,,,,,,,,,,,,,,,,,,,,,,,,,,,,,,,,,,,,,,,,,,,,,,,,,,,,,,,,,,,,,,,,,,,,,,,,,,,,,,,,
1974,2,331.0,-12.0,,,,,,,,,,,,,,,,,,,,,,,,,,,,,,,,,,,,,,,,,,,,,,,,,,,,,,,,,,,,,,,,,,,,,,,,,,,,,,,,5.0,5.0,5.0,5.0,1.0,0.0,14.0,1.0,0.8,0.9,-3.4,-3.4,-3.4,-3.4,1.0,0.0,14.0,1.0,0.8,0.9,5.9,5.9,5.9,5.9,1.0,0.0,14.0,1.0,0.8,0.9,,,,,,,,,,,,,,,,,,,,,,,,,,,,,,,,,,,,,,,,,,,,,,,,,,,,,,,,,,,,,,,,,,,,,,,,,,,,,,,,,,,,,,,,,,,,,,,,,,,,,,,,,,,,,,,,,,,,,,,,
1974,2,331.0,-11.0,,,,,,,,,,,,,,,,,,,,,,,,,,,,,,,,,,,,,,,,8.0,8.0,8.0,8.0,1.0,0.0,2.0,1.0,0.1,0.6,-7.88,-7.88,-7.88,-7.88,1.0,0.0,2.0,1.0,0.1,0.6,1.39,1.39,1.39,1.39,1.0,0.0,2.0,1.0,0.1,0.6,1010.3,1010.3,1010.3,1010.3,1.0,0.0,2.0,1.0,0.1,0.6,,,,,,,,,,,,,,,,,,,,,,,,,,,,,,,,,,,,,,,,,,,,,,,,,,,,,,,,,,,,,,,,,,,,,,,,,,,,,,,,,,,,,,,,,,,,,,,,,,,,,,,,,,,,,,,,,,,,,,,,,,,,,,,,,,,,,,,,,,,,,,,,,,,,,,
1974,2,331.0,-10.0,27.89,28.3,28.71,28.3,2.0,0.85,18.0,0.0,0.2,0.2,24.26,25.25,26.24,25.25,2.0,2.05,18.0,0.0,0.2,0.2,15.39,17.23,19.07,17.23,2.0,3.82,18.0,0.0,0.2,0.2,81.1,85.1,89.1,85.1,2.0,8.2,18.0,0.0,0.2,3.09,4.15,5.21,4.15,2.0,2.19,18.0,0.0,0.2,0.2,-4.89,-3.9,-2.91,-3.9,2.0,2.06,18.0,0.0,0.2,0.2,-1.5,-0.53,0.44,-0.53,2.0,2.01,18.0,0.0,0.2,0.2,1011.63,1012.55,1013.47,1012.55,2.0,1.91,18.0,0.0,0.2,0.2,1.5,2.5,3.5,2.5,2.0,2.1,18.0,0.0,0.2,0.2,-26.7,-18.4,-10.2,-18.4,2.0,17.1,18.0,0.0,0.2,0.2,-9.0,-4.4,0.2,-4.4,2.0,9.5,18.0,0.0,0.2,0.2,2.47,3.05,3.63,3.05,2.0,1.2,18.0,0.0,0.2,0.2,10.5,11.3,12.2,11.3,2.0,1.7,18.0,0.0,0.2,0.2,5.64,6.88,8.12,6.88,2.0,2.56,18.0,0.0,0.2,0.2,23.6,25.8,27.9,25.8,2.0,4.4,18.0,0.0,0.2,0.2,-129.5,-100.6,-71.6,-100.6,2.0,60.0,18.0,0.0,0.2,0.2,-40.4,-15.4,9.5,-15.4,2.0,51.8,18.0,0.0,0.2,0.2,-95.4,-71.1,-46.8,-71.1,2.0,50.4,18.0,0.0,0.2,0.2,-30.6,-13.0,4.7,-13.0,2.0,36.6,18.0,0.0,0.2,0.2,-26.2,-24.2,-22.2,-24.2,2.0,4.2,18.0,0.0,0.2,0.2,-7.1,-1.1,4.9,-1.1,2.0,12.5,18.0,0.0,0.2,0.2,44.0,101.5,158.5,101.5,2.0,118.5,18.0,0.0,0.2,0.2,45.0,100.0,160.0,100.0,2.0,120.0,18.0,0.0,0.2,0.2
1974,2,331.0,-9.0,27.83,27.9,27.97,27.9,2.0,0.14,14.0,0.5,0.4,0.4,25.72,26.2,26.68,26.2,2.0,0.99,14.0,0.5,0.4,0.4,17.64,17.64,17.64,17.64,1.0,0.0,26.0,0.0,0.3,0.6,86.6,86.6,86.6,86.6,1.0,0.0,26.0,0.0,0.6,4.66,4.8,4.94,4.8,2.0,0.28,14.0,0.5,0.4,0.4,-4.93,-4.77,-4.6,-4.77,2.0,0.33,14.0,0.5,0.4,0.4,0.13,0.4,0.67,0.4,2.0,0.56,14.0,0.5,0.4,0.4,1010.22,1010.9,1011.58,1010.9,2.0,1.41,14.0,0.5,0.4,0.4,4.6,6.0,7.4,6.0,2.0,2.8,14.0,0.5,0.4,0.4,-24.3,-22.9,-21.5,-22.9,2.0,2.9,14.0,0.5,0.4,0.4,0.6,1.8,3.1,1.8,2.0,2.6,14.0,0.5,0.4,0.4,1.29,1.7,2.11,1.7,2.0,0.85,14.0,0.5,0.4,0.4,6.3,8.0,9.8,8.0,2.0,3.6,14.0,0.5,0.4,0.4,5.77,5.77,5.77,5.77,1.0,0.0,26.0,0.0,0.3,0.6,26.6,26.6,26.6,26.6,1.0,0.0,26.0,0.0,0.3,0.6,-131.5,-125.0,-118.5,-125.0,2.0,13.4,14.0,0.5,0.4,0.4,3.2,10.2,17.1,10.2,2.0,14.4,14.0,0.5,0.4,0.4,-79.9,-79.9,-79.9,-79.9,1.0,0.0,26.0,0.0,0.3,0.6,14.1,14.1,14.1,14.1,1.0,0.0,26.0,0.0,0.3,0.6,-26.2,-26.2,-26.2,-26.2,1.0,0.0,26.0,0.0,0.3,0.6,4.6,4.6,4.6,4.6,1.0,0.0,26.0,0.0,0.3,0.6,101.5,111.0,120.5,111.0,2.0,19.5,14.0,0.5,0.4,0.4,100.0,110.0,120.0,110.0,2.0,20.0,14.0,0.5,0.4,0.4
1974,2,331.0,-8.0,26.36,27.5,28.35,27.5,7.0,1.24,16.0,0.4,0.4,0.7,26.7,27.2,27.95,27.73,7.0,1.52,16.0,0.4,0.4,0.7,17.24,17.62,19.24,18.11,5.0,1.11,14.0,0.4,0.3,0.7,76.7,77.8,84.7,80.2,5.0,4.8,14.0,0.4,0.7,1.98,4.6,7.78,4.69,7.0,2.89,16.0,0.4,0.4,0.7,-5.9,-4.32,-1.51,-3.76,7.0,1.95,16.0,0.4,0.4,0.7,0.88,1.29,5.05,2.31,7.0,2.73,16.0,0.4,0.4,0.7,1009.83,1010.8,1013.01,1011.16,7.0,1.76,16.0,0.4,0.4,0.7,1.0,3.0,5.0,3.0,7.0,2.1,16.0,0.4,0.4,0.7,-45.9,-19.9,-3.0,-22.2,7.0,20.9,16.0,0.4,0.4,0.7,1.2,3.3,39.5,16.5,7.0,25.9,16.0,0.4,0.4,0.7,-2.26,0.0,1.75,-0.23,7.0,2.15,16.0,0.4,0.4,0.7,-7.5,0.0,7.8,-1.5,7.0,8.8,16.0,0.4,0.4,0.7,3.58,4.11,6.86,4.97,5.0,1.87,14.0,0.4,0.3,0.7,20.0,22.2,34.6,26.4,5.0,8.2,14.0,0.4,0.3,0.7,-164.1,-117.6,-46.7,-103.5,7.0,53.4,16.0,0.4,0.4,0.7,23.8,39.9,140.5,64.5,7.0,75.7,16.0,0.4,0.4,0.7,-108.5,-76.8,-68.1,-85.6,5.0,24.3,14.0,0.4,0.3,0.7,7.9,27.4,106.0,52.0,5.0,60.5,14.0,0.4,0.3,0.7,-27.1,-19.4,-17.5,-22.1,5.0,6.5,14.0,0.4,0.3,0.7,2.0,7.0,19.4,10.1,5.0,12.5,14.0,0.4,0.3,0.7,8.0,97.5,473.0,214.0,7.0,304.0,16.0,0.4,0.4,0.7,10.0,95.0,475.0,215.0,7.0,305.0,16.0,0.4,0.4,0.7
1974,2,331.0,-7.0,27.19,27.6,28.08,27.63,3.0,0.65,12.0,0.7,0.5,0.8,26.66,26.8,28.23,27.43,3.0,1.27,12.0,0.7,0.5,0.8,17.42,18.72,19.8,18.61,3.0,1.75,12.0,0.7,0.5,0.8,78.0,81.4,84.3,81.1,3.0,4.6,12.0,0.7,0.8,4.26,4.6,5.69,4.97,3.0,1.1,12.0,0.7,0.5,0.8,-5.16,-3.14,-3.02,-4.07,3.0,1.77,12.0,0.7,0.5,0.8,1.57,2.64,3.24,2.41,3.0,1.24,12.0,0.7,0.5,0.8,1008.14,1010.6,1010.74,1009.47,3.0,2.14,12.0,0.7,0.5,0.8,2.0,2.0,6.1,4.0,3.0,3.5,12.0,0.7,0.5,0.8,-30.2,-13.6,-13.1,-21.4,3.0,14.2,12.0,0.7,0.5,0.8,8.0,10.8,14.5,11.2,3.0,4.8,12.0,0.7,0.5,0.8,-0.28,0.4,0.67,0.2,3.0,0.72,12.0,0.7,0.5,0.8,-2.0,1.8,2.8,0.5,3.0,3.7,12.0,0.7,0.5,0.8,3.75,3.84,5.55,4.63,3.0,1.49,12.0,0.7,0.5,0.8,19.2,23.8,25.3,22.3,3.0,4.7,12.0,0.7,0.5,0.8,-147.2,-84.2,-80.4,-113.1,3.0,54.9,12.0,0.7,0.5,0.8,43.7,70.6,86.4,65.2,3.0,31.7,12.0,0.7,0.5,0.8,-102.2,-55.4,-53.6,-77.4,3.0,40.4,12.0,0.7,0.5,0.8,29.0,44.3,59.1,44.0,3.0,22.1,12.0,0.7,0.5,0.8,-22.3,-19.9,-13.8,-18.1,3.0,6.4,12.0,0.7,0.5,0.8,7.0,13.1,15.6,11.3,3.0,6.5,12.0,0.7,0.5,0.8,78.0,97.5,193.5,135.0,3.0,90.5,12.0,0.7,0.5,0.8,80.0,95.0,195.0,135.0,3.0,90.0,12.0,0.7,0.5,0.8
1974,2,331.0,-6.0,27.86,28.0,29.37,28.6,3.0,1.22,14.0,0.7,0.8,0.2,24.79,26.5,28.21,26.5,2.0,3.54,10.0,0.5,0.9,0.2,18.69,18.69,18.69,18.69,2.0,0.0,10.0,0.5,0.9,0.2,78.5,87.2,95.9,87.2,2.0,18.1,10.0,0.5,0.2,3.73,4.0,5.16,4.43,3.0,1.12,14.0,0.7,0.8,0.2,-3.97,-3.12,-2.35,-3.16,3.0,1.18,14.0,0.7,0.8,0.2,2.33,3.46,3.6,2.98,3.0,1.02,14.0,0.7,0.8,0.2,1008.7,1008.7,1008.9,1008.8,3.0,0.17,14.0,0.7,0.8,0.2,4.0,4.0,4.0,4.0,2.0,0.0,20.0,1.0,0.8,0.3,-20.6,-11.2,-9.0,-14.7,3.0,9.0,14.0,0.7,0.8,0.2,8.8,13.9,18.7,13.7,3.0,7.2,14.0,0.7,0.8,0.2,-0.37,1.4,3.17,1.4,2.0,3.68,10.0,0.5,0.9,0.2,-3.5,3.8,11.0,3.8,2.0,15.0,10.0,0.5,0.9,0.2,4.84,4.93,5.03,4.93,2.0,0.2,10.0,0.5,0.9,0.2,19.7,22.8,25.9,22.8,2.0,6.4,10.0,0.5,0.9,0.2,-118.4,-100.7,-83.0,-100.7,2.0,36.6,10.0,0.5,0.9,0.2,53.2,74.7,96.2,74.7,2.0,44.6,10.0,0.5,0.9,0.2,-77.9,-69.9,-62.0,-69.9,2.0,16.5,10.0,0.5,0.9,0.2,39.2,51.1,63.0,51.1,2.0,24.6,10.0,0.5,0.9,0.2,-20.1,-18.4,-16.6,-18.4,2.0,3.6,10.0,0.5,0.9,0.2,10.5,13.3,16.2,13.3,2.0,6.0,10.0,0.5,0.9,0.2,52.0,64.0,146.5,98.5,3.0,75.5,14.0,0.7,0.8,0.2,50.0,65.0,145.0,100.0,3.0,75.0,14.0,0.7,0.8,0.2
1974,2,331.0,-5.0,27.98,28.8,29.62,28.8,2.0,1.7,22.0,0.0,1.0,0.2,25.14,26.1,27.06,26.1,3.0,1.4,16.0,0.3,0.7,0.3,16.11,16.11,16.11,16.11,1.0,0.0,20.0,0.0,1.0,0.3,76.3,76.3,76.3,76.3,1.0,0.0,20.0,0.0,0.3,4.24,4.55,4.86,4.55,2.0,0.64,22.0,0.0,1.0,0.2,-3.22,-1.92,-0.61,-1.92,2.0,2.71,22.0,0.0,1.0,0.2,3.35,3.66,3.96,3.66,2.0,0.63,22.0,0.0,1.0,0.2,1009.01,1009.9,1010.65,1009.83,3.0,1.2,16.0,0.3,0.7,0.3,0.6,2.0,4.7,2.7,3.0,3.1,16.0,0.3,0.7,0.3,-16.1,-9.6,-3.0,-9.6,2.0,13.5,22.0,0.0,1.0,0.2,16.2,16.4,16.7,16.4,2.0,0.5,22.0,0.0,1.0,0.2,1.66,2.0,2.34,2.0,2.0,0.71,22.0,0.0,1.0,0.2,7.2,9.3,11.5,9.3,2.0,4.5,22.0,0.0,1.0,0.2,7.07,7.07,7.07,7.07,1.0,0.0,20.0,0.0,1.0,0.3,29.0,29.0,29.0,29.0,1.0,0.0,20.0,0.0,1.0,0.3,-88.6,-52.7,-16.7,-52.7,2.0,74.5,22.0,0.0,1.0,0.2,91.3,97.7,104.1,97.7,2.0,13.2,22.0,0.0,1.0,0.2,0.0,0.0,0.0,0.0,1.0,0.0,20.0,0.0,1.0,0.3,66.1,66.1,66.1,66.1,1.0,0.0,20.0,0.0,1.0,0.3,0.0,0.0,0.0,0.0,1.0,0.0,20.0,0.0,1.0,0.3,29.0,29.0,29.0,29.0,1.0,0.0,20.0,0.0,1.0,0.3,78.0,97.0,116.0,97.0,2.0,39.5,22.0,0.0,1.0,0.2,80.0,95.0,115.0,95.0,2.0,40.0,22.0,0.0,1.0,0.2
1974,2,331.0,-4.0,26.74,27.5,28.0,27.38,4.0,0.75,10.0,0.5,0.6,0.2,25.48,26.5,28.05,26.75,4.0,1.71,10.0,0.5,0.6,0.2,16.99,18.62,20.61,18.79,4.0,2.8,10.0,0.5,0.6,0.2,76.4,83.3,94.4,85.3,4.0,11.4,10.0,0.5,0.2,2.92,3.6,5.72,4.3,3.0,2.14,8.0,0.7,0.6,0.2,-3.23,-2.56,-2.38,-2.8,3.0,0.66,8.0,0.7,0.6,0.2,-0.28,0.45,4.44,2.04,3.0,3.72,8.0,0.7,0.6,0.2,1008.63,1009.0,1010.21,1009.4,4.0,1.31,10.0,0.5,0.6,0.2,4.4,7.0,8.0,6.3,4.0,2.4,10.0,0.5,0.6,0.2,-14.5,-12.8,-8.6,-11.6,3.0,4.5,8.0,0.7,0.6,0.2,-1.2,1.2,29.2,13.7,3.0,24.7,8.0,0.7,0.6,0.2,-0.81,0.75,2.05,0.63,4.0,2.06,10.0,0.5,0.6,0.2,-8.6,1.8,2.3,-3.0,3.0,9.0,8.0,0.7,0.6,0.2,2.22,3.42,6.06,4.11,4.0,2.91,10.0,0.5,0.6,0.2,6.0,11.4,20.5,13.2,3.0,10.7,8.0,0.7,0.6,0.2,-84.9,-69.1,-67.3,-75.9,3.0,14.1,8.0,0.7,0.6,0.2,-7.2,12.2,128.5,59.5,3.0,107.5,8.0,0.7,0.6,0.2,-63.2,-57.3,-47.4,-55.3,3.0,11.7,8.0,0.7,0.6,0.2,-4.7,10.1,83.3,38.6,3.0,69.1,8.0,0.7,0.6,0.2,-10.3,-8.5,-5.1,-7.7,3.0,3.9,8.0,0.7,0.6,0.2,-1.2,0.6,16.1,7.3,3.0,13.9,8.0,0.7,0.6,0.2,27.0,46.5,220.0,121.5,3.0,156.0,8.0,0.7,0.6,0.2,25.0,45.0,220.0,120.0,3.0,155.0,8.0,0.7,0.6,0.2
1974,2,331.0,-3.0,,,,,,,,,,,,,,,,,,,,,,,,,,,,,,,,,,,,,,,,3.0,3.0,3.0,3.0,1.0,0.0,6.0,0.0,0.6,0.1,-1.5,-1.5,-1.5,-1.5,1.0,0.0,6.0,0.0,0.6,0.1,-2.6,-2.6,-2.6,-2.6,1.0,0.0,6.0,0.0,0.6,0.1,1011.5,1011.5,1011.5,1011.5,1.0,0.0,6.0,0.0,0.6,0.1,,,,,,,,,,,,,,,,,,,,,,,,,,,,,,,,,,,,,,,,,,,,,,,,,,,,,,,,,,,,,,,,,,,,,,,,,,,,,,,,,,,,,,,,,,,,,,,,,,,,,,,,,,,,,,,,,,,,,,,,,,,,,,,,,,,,,,,,,,,,,,,,,,,,,,
1974,2,331.0,-2.0,27.7,27.7,27.7,27.7,1.0,0.0,16.0,0.0,1.0,0.5,25.0,25.0,25.0,25.0,1.0,0.0,16.0,0.0,1.0,0.5,19.82,19.82,19.82,19.82,1.0,0.0,16.0,0.0,1.0,0.5,100.0,100.0,100.0,100.0,1.0,0.0,16.0,0.0,0.5,7.7,7.7,7.7,7.7,1.0,0.0,16.0,0.0,1.0,0.5,-3.85,-3.85,-3.85,-3.85,1.0,0.0,16.0,0.0,1.0,0.5,6.67,6.67,6.67,6.67,1.0,0.0,16.0,0.0,1.0,0.5,1010.8,1010.8,1010.8,1010.8,1.0,0.0,16.0,0.0,1.0,0.5,7.0,7.0,7.0,7.0,1.0,0.0,16.0,0.0,1.0,0.5,-29.6,-29.6,-29.6,-29.6,1.0,0.0,16.0,0.0,1.0,0.5,51.3,51.3,51.3,51.3,1.0,0.0,16.0,0.0,1.0,0.5,2.7,2.7,2.7,2.7,1.0,0.0,16.0,0.0,1.0,0.5,20.8,20.8,20.8,20.8,1.0,0.0,16.0,0.0,1.0,0.5,3.48,3.48,3.48,3.48,1.0,0.0,16.0,0.0,1.0,0.5,26.8,26.8,26.8,26.8,1.0,0.0,16.0,0.0,1.0,0.5,-96.2,-96.2,-96.2,-96.2,1.0,0.0,16.0,0.0,1.0,0.5,166.7,166.7,166.7,166.7,1.0,0.0,16.0,0.0,1.0,0.5,-76.3,-76.3,-76.3,-76.3,1.0,0.0,16.0,0.0,1.0,0.5,132.2,132.2,132.2,132.2,1.0,0.0,16.0,0.0,1.0,0.5,-13.4,-13.4,-13.4,-13.4,1.0,0.0,16.0,0.0,1.0,0.5,23.2,23.2,23.2,23.2,1.0,0.0,16.0,0.0,1.0,0.5,456.5,456.5,456.5,456.5,1.0,0.0,16.0,0.0,1.0,0.5,455.0,455.0,455.0,455.0,1.0,0.0,16.0,0.0,1.0,0.5
1974,2,331.0,-1.0,26.35,27.1,27.58,26.97,3.0,0.91,16.0,0.3,0.2,0.5,25.45,26.0,28.05,26.73,3.0,2.0,16.0,0.3,0.2,0.5,18.6,19.06,19.52,19.06,2.0,0.95,18.0,0.0,0.3,0.7,89.4,93.0,96.6,93.0,2.0,7.5,18.0,0.0,0.7,0.32,1.0,2.09,1.2,3.0,1.31,16.0,0.3,0.2,0.5,-0.44,0.0,1.36,0.45,3.0,1.37,16.0,0.3,0.2,0.5,0.24,0.77,1.38,0.81,3.0,0.84,16.0,0.3,0.2,0.5,1009.39,1010.0,1011.91,1010.63,3.0,1.93,16.0,0.3,0.2,0.5,1.9,6.0,7.4,4.7,3.0,4.2,16.0,0.3,0.2,0.5,-0.4,0.0,3.5,1.5,3.0,3.2,16.0,0.3,0.2,0.5,0.2,0.8,3.2,1.7,3.0,2.3,16.0,0.3,0.2,0.5,-1.48,1.8,1.87,0.23,3.0,2.8,16.0,0.3,0.2,0.5,-2.0,0.0,3.2,0.6,3.0,3.9,16.0,0.3,0.2,0.5,3.14,3.89,4.65,3.89,2.0,1.56,18.0,0.0,0.3,0.7,2.1,6.5,10.9,6.5,2.0,9.2,18.0,0.0,0.3,0.7,-12.7,0.0,35.3,11.0,3.0,36.5,16.0,0.3,0.2,0.5,7.1,22.2,36.7,21.9,3.0,21.7,16.0,0.3,0.2,0.5,5.8,18.3,30.8,18.3,2.0,25.9,18.0,0.0,0.3,0.7,4.9,15.4,25.9,15.4,2.0,21.7,18.0,0.0,0.3,0.7,1.6,5.0,8.4,5.0,2.0,7.0,18.0,0.0,0.3,0.7,1.3,4.2,7.0,4.2,2.0,5.9,18.0,0.0,0.3,0.7,0.5,1.0,12.5,6.0,3.0,10.0,16.0,0.3,0.2,0.5,0.0,0.0,10.0,5.0,3.0,10.0,16.0,0.3,0.2,0.5
1974,2,331.0,0.0,27.82,28.0,28.18,28.0,5.0,0.35,16.0,0.6,0.6,0.6,26.24,26.6,28.06,27.13,4.0,1.48,18.0,0.5,0.6,0.6,16.72,17.18,17.64,17.18,2.0,0.95,22.0,0.0,0.7,0.8,77.7,80.7,83.7,80.7,2.0,6.2,22.0,0.0,0.8,4.05,5.1,7.14,5.58,4.0,2.47,14.0,0.5,0.7,0.6,-4.31,-1.79,-0.42,-2.34,4.0,2.55,14.0,0.5,0.7,0.6,-6.04,-5.06,-3.2,-4.64,4.0,2.24,14.0,0.5,0.7,0.6,1010.22,1010.7,1011.37,1010.8,5.0,0.78,16.0,0.6,0.6,0.6,3.0,6.0,7.0,5.2,5.0,2.0,16.0,0.6,0.6,0.6,-31.2,-6.4,-2.2,-16.2,4.0,24.1,14.0,0.5,0.7,0.6,-44.9,-25.8,-14.7,-29.6,4.0,23.8,14.0,0.5,0.7,0.6,-0.2,1.15,1.67,0.75,4.0,1.43,18.0,0.5,0.6,0.6,6.7,10.2,11.2,9.0,3.0,3.5,14.0,0.3,0.7,0.7,5.94,6.18,6.41,6.18,2.0,0.48,22.0,0.0,0.7,0.8,30.3,31.5,32.7,31.5,2.0,2.5,22.0,0.0,0.7,0.8,-112.9,-23.5,-7.4,-59.3,3.0,83.2,14.0,0.3,0.7,0.7,-167.9,-133.1,-132.8,-149.9,3.0,29.6,14.0,0.3,0.7,0.7,-12.3,-7.3,-2.3,-7.3,2.0,10.3,22.0,0.0,0.7,0.8,-89.8,-87.0,-84.2,-87.0,2.0,5.8,22.0,0.0,0.7,0.8,-4.9,-2.9,-0.9,-2.9,2.0,4.1,22.0,0.0,0.7,0.8,-32.3,-31.3,-30.2,-31.3,2.0,2.1,22.0,0.0,0.7,0.8,79.0,132.5,445.0,256.0,4.0,319.0,14.0,0.5,0.7,0.6,80.0,135.0,445.0,255.0,4.0,320.0,14.0,0.5,0.7,0.6
1974,2,331.0,1.0,27.0,27.45,28.0,27.56,8.0,0.8,20.0,0.6,0.5,0.5,26.31,26.85,29.6,27.48,8.0,1.68,20.0,0.6,0.5,0.5,16.77,17.98,20.96,18.73,5.0,2.27,20.0,0.4,0.3,0.4,78.2,88.2,94.5,87.0,5.0,9.1,20.0,0.4,0.4,3.38,5.65,6.97,5.17,6.0,2.46,20.0,0.7,0.4,0.5,-2.85,-0.32,0.28,-0.88,6.0,1.78,20.0,0.7,0.4,0.5,-6.87,-5.05,-3.14,-4.81,6.0,2.49,20.0,0.7,0.4,0.5,1008.59,1011.0,1011.49,1010.71,8.0,2.2,20.0,0.6,0.5,0.5,3.9,6.0,7.0,5.3,7.0,2.1,20.0,0.6,0.5,0.5,-17.8,-0.3,1.1,-5.6,6.0,10.9,20.0,0.7,0.4,0.5,-48.0,-29.2,-12.1,-29.9,6.0,21.8,20.0,0.7,0.4,0.5,-2.07,-0.05,1.69,0.09,8.0,2.12,20.0,0.6,0.5,0.5,-11.6,-0.3,4.6,-3.3,6.0,11.0,20.0,0.7,0.4,0.5,1.19,6.8,7.2,4.63,5.0,3.4,20.0,0.4,0.3,0.4,3.8,9.6,25.1,14.2,4.0,15.8,18.0,0.5,0.3,0.4,-82.5,-8.2,8.5,-23.8,6.0,50.3,20.0,0.7,0.4,0.5,-189.8,-139.3,-85.6,-134.3,6.0,71.8,20.0,0.7,0.4,0.5,-33.9,-5.8,0.0,-16.5,4.0,25.8,18.0,0.5,0.3,0.4,-136.1,-99.6,-38.0,-87.6,4.0,59.6,18.0,0.5,0.3,0.4,-14.6,-2.3,0.0,-7.1,4.0,11.3,18.0,0.5,0.3,0.4,-20.5,-8.8,-3.0,-11.6,4.0,12.0,18.0,0.5,0.3,0.4,51.0,185.5,344.5,208.0,6.0,185.0,20.0,0.7,0.4,0.5,50.0,185.0,345.0,210.0,6.0,185.0,20.0,0.7,0.4,0.5
1974,2,331.0,2.0,26.79,28.9,29.0,28.13,6.0,1.31,12.0,0.5,0.5,0.4,25.87,27.0,27.87,26.93,6.0,1.32,12.0,0.5,0.5,0.4,16.5,17.56,17.88,17.24,5.0,0.76,12.0,0.4,0.5,0.5,72.4,78.8,84.2,78.4,5.0,6.0,12.0,0.4,0.5,1.0,2.8,6.45,3.63,6.0,3.0,12.0,0.5,0.5,0.4,-4.94,-1.06,-0.58,-2.33,6.0,2.49,12.0,0.5,0.5,0.4,-4.29,-2.4,-0.71,-2.56,6.0,2.06,12.0,0.5,0.5,0.4,1007.5,1009.75,1011.31,1009.67,6.0,1.97,12.0,0.5,0.5,0.4,6.0,7.0,7.2,6.8,6.0,0.8,12.0,0.5,0.5,0.4,-32.5,-2.5,-0.6,-14.2,6.0,21.1,12.0,0.5,0.5,0.4,-27.3,-8.7,-0.8,-14.2,6.0,17.1,12.0,0.5,0.5,0.4,0.4,1.7,2.14,1.2,6.0,1.63,12.0,0.5,0.5,0.4,-2.4,2.5,9.0,1.6,6.0,9.3,12.0,0.5,0.5,0.4,4.46,7.01,8.11,6.5,5.0,1.99,12.0,0.4,0.5,0.5,7.3,11.4,31.6,18.0,5.0,13.9,12.0,0.4,0.5,0.5,-138.1,-28.3,-14.7,-65.1,6.0,71.8,12.0,0.5,0.5,0.4,-115.9,-65.4,-18.1,-70.4,6.0,58.5,12.0,0.5,0.5,0.4,-56.6,-12.8,-8.8,-33.2,5.0,44.7,12.0,0.4,0.5,0.5,-80.3,-15.2,-11.4,-40.7,5.0,39.6,12.0,0.4,0.5,0.5,-17.1,-5.0,-3.0,-9.9,5.0,10.6,12.0,0.4,0.5,0.5,-25.3,-8.4,-3.7,-13.5,5.0,11.6,12.0,0.4,0.5,0.5,1.0,36.0,285.5,140.5,6.0,218.0,12.0,0.5,0.5,0.4,0.0,35.0,285.0,140.0,6.0,220.0,12.0,0.5,0.5,0.4
1974,2,331.0,3.0,26.11,28.0,29.0,27.7,8.0,1.6,12.0,0.6,0.7,0.5,26.0,26.9,27.0,26.5,9.0,0.61,12.0,0.7,0.6,0.5,16.51,17.53,21.05,18.23,7.0,2.22,12.0,0.7,0.6,0.5,77.6,81.7,94.9,84.0,7.0,8.1,12.0,0.7,0.5,2.2,4.6,8.41,5.32,9.0,3.21,12.0,0.7,0.6,0.5,-3.13,-2.3,-0.55,-2.02,9.0,1.32,12.0,0.7,0.6,0.5,-7.78,-3.98,-1.83,-4.73,9.0,3.26,12.0,0.7,0.6,0.5,1009.13,1010.7,1012.95,1010.81,9.0,2.03,12.0,0.7,0.6,0.5,4.0,7.0,8.0,6.0,8.0,2.4,12.0,0.8,0.6,0.5,-18.0,-10.6,-0.7,-11.4,9.0,10.1,12.0,0.7,0.6,0.5,-67.8,-18.3,-5.2,-34.4,9.0,39.1,12.0,0.7,0.6,0.5,0.01,1.5,2.96,1.26,8.0,1.84,12.0,0.6,0.7,0.5,0.1,6.7,17.3,8.5,8.0,12.6,12.0,0.6,0.7,0.5,2.07,4.56,8.57,5.1,6.0,3.33,12.0,0.7,0.6,0.5,7.3,11.7,48.8,27.1,6.0,32.8,12.0,0.7,0.6,0.5,-82.7,-58.4,-14.6,-53.5,9.0,35.0,12.0,0.7,0.6,0.5,-205.1,-101.2,-49.3,-125.5,9.0,87.0,12.0,0.7,0.6,0.5,-53.8,-35.5,-8.9,-31.4,7.0,26.8,12.0,0.7,0.6,0.5,-148.7,-62.2,-25.1,-85.4,7.0,75.2,12.0,0.7,0.6,0.5,-21.5,-3.7,-1.8,-9.9,6.0,12.2,12.0,0.7,0.6,0.5,-43.6,-11.0,-6.7,-24.9,6.0,30.7,12.0,0.7,0.6,0.5,21.0,97.5,645.5,307.0,9.0,433.5,12.0,0.7,0.6,0.5,20.0,95.0,645.0,305.0,9.0,435.0,12.0,0.7,0.6,0.5
1974,2,331.0,4.0,26.08,26.8,27.59,26.8,9.0,0.79,14.0,0.4,0.5,0.5,24.89,25.4,26.0,25.45,10.0,0.64,14.0,0.4,0.6,0.5,14.96,16.46,17.45,16.27,8.0,1.33,14.0,0.5,0.6,0.4,73.1,78.6,83.5,79.2,9.0,6.2,14.0,0.4,0.5,3.1,4.1,6.13,4.68,9.0,2.54,14.0,0.3,0.5,0.5,-3.93,-2.3,-1.7,-2.89,9.0,2.13,14.0,0.3,0.5,0.5,-4.91,-3.55,-1.57,-3.51,9.0,1.8,14.0,0.3,0.5,0.5,1011.11,1011.9,1012.95,1011.56,9.0,2.07,14.0,0.4,0.6,0.5,1.5,5.0,7.5,4.6,9.0,2.7,12.0,0.3,0.6,0.5,-23.9,-8.4,-7.3,-18.0,9.0,24.9,14.0,0.3,0.5,0.5,-30.5,-14.6,-4.1,-20.2,9.0,20.6,14.0,0.3,0.5,0.5,0.41,1.0,2.07,1.28,9.0,1.01,14.0,0.4,0.5,0.5,1.4,3.1,9.1,7.4,8.0,11.1,14.0,0.4,0.5,0.5,4.75,6.0,7.24,5.95,8.0,1.21,14.0,0.5,0.6,0.4,20.9,27.0,35.6,31.1,7.0,21.2,14.0,0.4,0.5,0.4,-99.8,-58.0,-43.3,-72.5,9.0,51.8,14.0,0.3,0.5,0.5,-125.1,-94.1,-40.1,-88.9,9.0,44.5,14.0,0.3,0.5,0.5,-73.5,-34.2,-21.5,-47.7,7.0,39.2,14.0,0.4,0.5,0.4,-85.5,-60.9,-51.4,-65.7,7.0,25.4,14.0,0.4,0.5,0.4,-19.3,-11.5,-10.4,-18.0,7.0,18.3,14.0,0.4,0.5,0.4,-32.3,-20.7,-18.2,-24.5,7.0,12.7,14.0,0.4,0.5,0.4,30.0,69.0,246.0,199.0,9.0,346.5,14.0,0.3,0.5,0.5,30.0,70.0,245.0,200.0,9.0,345.0,14.0,0.3,0.5,0.5
1974,2,331.0,5.0,25.62,26.6,27.99,26.71,14.0,1.14,14.0,0.5,0.6,0.4,24.75,25.75,26.76,25.64,16.0,1.0,14.0,0.5,0.6,0.5,14.34,14.99,17.53,15.46,12.0,1.48,14.0,0.6,0.5,0.5,69.6,75.5,83.0,75.7,14.0,6.0,14.0,0.6,0.5,4.6,6.2,8.01,6.14,16.0,2.02,14.0,0.5,0.6,0.5,-5.33,-3.14,-1.78,-3.19,16.0,2.08,14.0,0.5,0.6,0.5,-6.48,-5.07,-3.55,-4.89,16.0,1.91,14.0,0.5,0.6,0.5,1010.01,1011.4,1012.88,1011.13,14.0,2.14,14.0,0.5,0.6,0.4,1.2,3.0,6.3,3.3,15.0,2.3,12.0,0.5,0.6,0.5,-41.1,-19.6,-7.9,-21.9,16.0,16.9,14.0,0.5,0.6,0.5,-48.6,-32.4,-17.3,-33.2,16.0,19.6,14.0,0.5,0.6,0.5,0.31,1.0,1.77,0.94,14.0,1.08,14.0,0.5,0.6,0.4,1.8,5.4,13.4,5.9,14.0,7.2,14.0,0.5,0.6,0.4,5.55,6.2,7.18,6.27,10.0,0.98,14.0,0.6,0.5,0.5,30.3,44.3,48.3,41.8,10.0,9.6,14.0,0.6,0.5,0.5,-141.7,-79.4,-45.0,-82.2,16.0,54.0,14.0,0.5,0.6,0.5,-165.6,-126.7,-87.8,-125.4,16.0,49.4,14.0,0.5,0.6,0.5,-79.6,-52.8,-33.2,-52.7,12.0,33.1,14.0,0.6,0.5,0.5,-99.8,-85.8,-66.6,-84.9,12.0,22.6,14.0,0.6,0.5,0.5,-33.5,-18.4,-10.3,-19.8,10.0,14.6,14.0,0.6,0.5,0.5,-41.2,-35.9,-27.4,-34.8,10.0,7.0,14.0,0.6,0.5,0.5,97.5,238.5,515.5,297.0,16.0,219.5,14.0,0.5,0.6,0.5,95.0,240.0,515.0,295.0,16.0,220.0,14.0,0.5,0.6,0.5
1974,2,331.0,6.0,25.0,26.05,26.56,26.01,18.0,0.99,16.0,0.6,0.6,0.5,24.44,24.95,26.2,25.08,18.0,1.0,16.0,0.6,0.6,0.5,14.22,14.81,16.86,15.38,16.0,1.47,18.0,0.6,0.6,0.5,72.0,76.8,84.6,77.8,17.0,7.3,18.0,0.6,0.5,4.37,6.7,8.2,6.16,17.0,2.19,18.0,0.6,0.6,0.5,-4.06,-2.3,-0.14,-2.51,17.0,2.08,18.0,0.6,0.6,0.5,-7.87,-5.13,-3.35,-5.18,17.0,2.39,18.0,0.6,0.6,0.5,1009.07,1011.1,1014.43,1011.51,17.0,2.54,18.0,0.5,0.6,0.5,2.7,6.0,8.0,5.4,18.0,2.4,16.0,0.6,0.6,0.5,-29.6,-15.4,-0.2,-17.9,17.0,17.0,18.0,0.6,0.6,0.5,-65.1,-33.3,-13.0,-35.3,17.0,25.2,18.0,0.6,0.6,0.5,0.01,0.6,1.93,0.93,18.0,1.7,16.0,0.6,0.6,0.5,-0.4,3.3,15.7,7.1,17.0,12.9,18.0,0.6,0.6,0.5,4.76,6.03,7.07,5.76,16.0,1.86,18.0,0.6,0.6,0.5,20.6,38.3,56.3,37.3,16.0,19.1,18.0,0.6,0.6,0.5,-104.3,-60.9,-3.4,-62.5,17.0,49.4,18.0,0.6,0.6,0.5,-192.1,-134.5,-86.8,-130.1,17.0,58.4,18.0,0.6,0.6,0.5,-63.6,-38.6,-10.5,-40.4,16.0,30.4,18.0,0.6,0.6,0.5,-113.0,-86.0,-49.4,-79.8,16.0,38.2,18.0,0.6,0.6,0.5,-23.4,-13.2,-1.6,-16.5,16.0,17.2,18.0,0.6,0.6,0.5,-46.1,-31.1,-10.5,-29.8,16.0,17.6,18.0,0.6,0.6,0.5,84.0,301.0,551.5,314.5,17.0,257.5,18.0,0.6,0.6,0.5,85.0,300.0,550.0,315.0,17.0,255.0,18.0,0.6,0.6,0.5
1974,2,331.0,7.0,25.03,26.0,26.19,25.73,14.0,1.04,18.0,0.7,0.5,0.4,24.24,25.0,26.39,25.19,15.0,1.14,18.0,0.7,0.6,0.5,13.16,14.77,16.67,14.98,13.0,1.59,18.0,0.8,0.5,0.4,68.6,77.0,82.3,75.6,13.0,8.0,18.0,0.8,0.4,3.75,7.95,10.23,7.11,16.0,3.07,18.0,0.8,0.5,0.5,-5.35,-4.1,-1.86,-3.94,16.0,2.74,18.0,0.8,0.5,0.5,-8.06,-6.22,-2.78,-5.26,16.0,3.12,18.0,0.8,0.5,0.5,1010.64,1012.5,1013.96,1012.25,16.0,2.0,18.0,0.8,0.5,0.5,3.4,5.0,7.0,4.9,16.0,1.9,18.0,0.8,0.5,0.5,-52.6,-31.6,-4.9,-34.3,16.0,34.3,18.0,0.8,0.5,0.5,-79.1,-50.1,-10.6,-44.8,16.0,34.1,18.0,0.8,0.5,0.5,-0.71,0.8,1.62,0.7,13.0,1.17,18.0,0.7,0.6,0.4,-2.6,5.8,15.3,6.3,13.0,9.7,18.0,0.7,0.6,0.4,4.26,6.53,7.72,6.02,11.0,1.62,20.0,0.7,0.5,0.4,24.3,53.5,69.5,48.8,11.0,22.5,20.0,0.7,0.5,0.4,-129.1,-98.4,-47.9,-97.0,15.0,71.3,18.0,0.7,0.6,0.5,-205.3,-147.5,-72.7,-129.1,15.0,79.6,18.0,0.7,0.6,0.5,-94.7,-54.0,-22.6,-60.0,13.0,43.7,18.0,0.8,0.5,0.4,-115.5,-91.2,-57.8,-85.6,13.0,45.5,18.0,0.8,0.5,0.4,-35.0,-25.2,-11.7,-26.4,11.0,20.1,20.0,0.7,0.5,0.4,-55.4,-41.0,-22.6,-37.3,11.0,20.5,20.0,0.7,0.5,0.4,53.5,504.0,1086.5,547.5,16.0,552.0,18.0,0.8,0.5,0.5,55.0,505.0,1085.0,550.0,16.0,550.0,18.0,0.8,0.5,0.5
1974,2,331.0,8.0,23.96,25.0,26.7,25.24,25.0,1.29,18.0,0.6,0.5,0.4,23.01,23.8,24.5,23.93,27.0,0.95,18.0,0.7,0.6,0.4,12.48,13.46,15.18,13.83,21.0,1.96,18.0,0.7,0.6,0.4,67.8,72.5,85.5,75.0,22.0,9.9,18.0,0.7,0.4,4.57,8.45,12.3,8.26,26.0,3.25,20.0,0.7,0.6,0.4,-6.97,-3.9,-1.73,-4.34,26.0,2.83,20.0,0.7,0.6,0.4,-8.75,-7.11,-3.97,-6.75,26.0,2.54,20.0,0.7,0.6,0.4,1010.06,1012.05,1014.17,1012.13,24.0,2.28,18.0,0.6,0.6,0.4,1.0,3.0,7.0,4.2,26.0,2.5,18.0,0.7,0.6,0.4,-75.5,-34.0,-8.7,-43.2,26.0,36.1,20.0,0.7,0.6,0.4,-97.6,-60.1,-18.1,-63.0,26.0,40.0,20.0,0.7,0.6,0.4,0.18,1.2,2.67,1.33,25.0,1.31,18.0,0.6,0.5,0.4,1.1,9.5,22.4,10.4,24.0,10.6,18.0,0.6,0.5,0.4,4.97,6.56,7.27,6.48,21.0,1.62,18.0,0.7,0.6,0.4,33.5,51.1,77.5,54.3,21.0,21.3,18.0,0.7,0.6,0.4,-168.3,-94.1,-41.5,-103.8,26.0,67.1,20.0,0.7,0.6,0.4,-206.4,-169.6,-94.6,-162.1,26.0,60.9,20.0,0.7,0.6,0.4,-106.1,-54.0,-24.5,-61.3,21.0,38.3,18.0,0.7,0.6,0.4,-142.4,-100.1,-50.9,-97.9,21.0,37.6,18.0,0.7,0.6,0.4,-46.2,-23.5,-10.6,-27.9,21.0,17.7,18.0,0.7,0.6,0.4,-61.3,-45.5,-28.9,-44.9,21.0,17.2,18.0,0.7,0.6,0.4,95.5,605.0,1861.0,803.0,26.0,677.5,20.0,0.7,0.6,0.4,95.0,605.0,1860.0,805.0,26.0,675.0,20.0,0.7,0.6,0.4
1974,2,331.0,9.0,23.93,24.0,25.0,24.43,28.0,0.86,18.0,0.5,0.6,0.5,22.2,23.0,24.0,23.24,23.0,1.03,16.0,0.6,0.6,0.5,13.03,14.65,14.99,14.32,11.0,1.56,14.0,0.5,0.7,0.4,75.3,79.3,85.1,79.5,11.0,6.2,14.0,0.5,0.4,6.74,9.0,11.97,8.87,27.0,2.89,18.0,0.4,0.6,0.4,-7.65,-5.79,-2.48,-5.54,27.0,2.84,18.0,0.4,0.6,0.4,-9.02,-6.77,-4.61,-6.61,27.0,2.2,18.0,0.4,0.6,0.4,1011.22,1013.5,1015.22,1013.14,29.0,2.06,18.0,0.4,0.6,0.5,0.0,4.0,7.0,3.8,26.0,2.9,18.0,0.5,0.6,0.4,-89.5,-52.1,-15.5,-55.8,27.0,42.5,18.0,0.4,0.6,0.4,-106.7,-52.1,-23.4,-63.8,27.0,38.2,18.0,0.4,0.6,0.4,0.0,1.1,2.15,1.11,23.0,1.24,16.0,0.6,0.6,0.5,1.0,11.5,23.6,12.2,21.0,9.8,16.0,0.5,0.6,0.4,3.5,4.49,6.67,4.98,11.0,1.58,14.0,0.5,0.7,0.4,20.9,34.1,64.2,41.8,11.0,23.1,14.0,0.5,0.7,0.4,-172.2,-134.8,-58.4,-118.2,21.0,59.3,16.0,0.5,0.6,0.4,-212.1,-157.6,-113.1,-158.6,21.0,46.4,16.0,0.5,0.6,0.4,-90.0,-44.0,-23.8,-52.6,11.0,34.9,14.0,0.5,0.7,0.4,-130.5,-99.3,-55.9,-99.3,11.0,34.0,14.0,0.5,0.7,0.4,-34.7,-11.0,-6.9,-18.3,11.0,16.5,14.0,0.5,0.7,0.4,-58.7,-32.0,-18.6,-36.3,11.0,19.1,14.0,0.5,0.7,0.4,306.0,729.0,1717.5,918.0,27.0,827.0,18.0,0.4,0.6,0.4,305.0,730.0,1715.0,920.0,27.0,825.0,18.0,0.4,0.6,0.4
1974,2,331.0,10.0,23.29,23.5,24.27,23.84,7.0,0.86,20.0,0.0,0.8,0.4,21.99,22.2,22.54,22.36,7.0,0.49,20.0,0.0,0.8,0.4,13.31,15.52,15.97,14.66,3.0,2.09,22.0,0.0,0.9,0.4,80.4,90.7,93.0,86.8,3.0,9.8,22.0,0.0,0.4,6.37,9.6,13.0,9.5,6.0,3.56,20.0,0.0,0.8,0.3,-9.96,-7.16,-3.61,-6.77,6.0,3.34,20.0,0.0,0.8,0.3,-8.36,-7.24,-4.09,-6.46,6.0,2.17,20.0,0.0,0.8,0.3,1011.43,1012.5,1014.0,1012.36,7.0,1.41,20.0,0.0,0.8,0.4,0.0,3.0,3.2,2.4,7.0,2.9,20.0,0.0,0.8,0.4,-129.5,-72.3,-19.5,-73.5,6.0,55.0,20.0,0.0,0.8,0.3,-108.6,-70.6,-26.3,-67.4,6.0,41.1,20.0,0.0,0.8,0.3,1.0,1.3,2.01,1.49,7.0,0.52,20.0,0.0,0.8,0.4,8.3,15.0,18.5,14.6,6.0,6.8,20.0,0.0,0.8,0.3,2.77,4.34,5.34,4.06,3.0,1.9,22.0,0.0,0.9,0.4,18.7,29.6,30.7,24.8,3.0,9.7,22.0,0.0,0.9,0.4,-221.1,-159.9,-79.4,-150.7,6.0,74.1,20.0,0.0,0.8,0.3,-185.5,-165.6,-89.9,-144.7,6.0,49.4,20.0,0.0,0.8,0.3,-69.6,-48.0,-42.4,-55.8,3.0,21.0,22.0,0.0,0.9,0.4,-95.9,-66.9,-48.7,-72.2,3.0,34.9,22.0,0.0,0.9,0.4,-18.9,-10.7,-10.5,-14.6,3.0,7.0,22.0,0.0,0.9,0.4,-26.1,-19.0,-12.0,-19.1,3.0,10.3,22.0,0.0,0.9,0.4,266.0,1050.5,2197.0,1155.0,6.0,988.5,20.0,0.0,0.8,0.3,265.0,1050.0,2195.0,1155.0,6.0,990.0,20.0,0.0,0.8,0.3
1974,2,331.0,12.0,24.0,24.0,24.0,24.0,1.0,0.0,20.0,0.0,0.3,0.5,21.5,21.5,21.5,21.5,1.0,0.0,20.0,0.0,0.3,0.5,12.64,12.64,12.64,12.64,1.0,0.0,20.0,0.0,0.3,0.5,79.5,79.5,79.5,79.5,1.0,0.0,20.0,0.0,0.5,12.3,12.3,12.3,12.3,1.0,0.0,20.0,0.0,0.3,0.5,-9.42,-9.42,-9.42,-9.42,1.0,0.0,20.0,0.0,0.3,0.5,-7.91,-7.91,-7.91,-7.91,1.0,0.0,20.0,0.0,0.3,0.5,1015.0,1015.0,1015.0,1015.0,1.0,0.0,20.0,0.0,0.3,0.5,1.0,1.0,1.0,1.0,1.0,0.0,20.0,0.0,0.3,0.5,-115.9,-115.9,-115.9,-115.9,1.0,0.0,20.0,0.0,0.3,0.5,-97.2,-97.2,-97.2,-97.2,1.0,0.0,20.0,0.0,0.3,0.5,2.5,2.5,2.5,2.5,1.0,0.0,20.0,0.0,0.3,0.5,30.8,30.8,30.8,30.8,1.0,0.0,20.0,0.0,0.3,0.5,5.94,5.94,5.94,5.94,1.0,0.0,20.0,0.0,0.3,0.5,73.1,73.1,73.1,73.1,1.0,0.0,20.0,0.0,0.3,0.5,-202.6,-202.6,-202.6,-202.6,1.0,0.0,20.0,0.0,0.3,0.5,-170.0,-170.0,-170.0,-170.0,1.0,0.0,20.0,0.0,0.3,0.5,-119.1,-119.1,-119.1,-119.1,1.0,0.0,20.0,0.0,0.3,0.5,-99.9,-99.9,-99.9,-99.9,1.0,0.0,20.0,0.0,0.3,0.5,-56.0,-56.0,-56.0,-56.0,1.0,0.0,20.0,0.0,0.3,0.5,-47.0,-47.0,-47.0,-47.0,1.0,0.0,20.0,0.0,0.3,0.5,1861.0,1861.0,1861.0,1861.0,1.0,0.0,20.0,0.0,0.3,0.5,1860.0,1860.0,1860.0,1860.0,1.0,0.0,20.0,0.0,0.3,0.5
1974,2,331.0,14.0,22.06,22.2,22.95,22.5,3.0,0.7,14.0,0.0,0.5,0.5,20.35,21.1,21.58,20.97,3.0,0.91,14.0,0.0,0.5,0.5,10.62,10.91,11.56,11.09,3.0,0.71,14.0,0.0,0.5,0.5,69.0,72.4,75.2,72.1,3.0,4.5,14.0,0.0,0.5,7.33,8.7,9.79,8.57,3.0,1.8,14.0,0.0,0.5,0.5,-7.5,-6.66,-3.68,-5.62,3.0,2.94,14.0,0.0,0.5,0.5,-6.52,-6.3,-5.82,-6.17,3.0,0.53,14.0,0.0,0.5,0.5,1014.25,1014.8,1015.07,1014.67,3.0,0.61,14.0,0.0,0.5,0.5,0.0,0.0,0.7,0.3,3.0,0.6,14.0,0.0,0.5,0.5,-73.9,-58.0,-28.9,-51.5,3.0,33.4,14.0,0.0,0.5,0.5,-62.0,-48.7,-44.2,-53.0,3.0,13.5,14.0,0.0,0.5,0.5,0.83,2.2,2.2,1.53,3.0,1.15,14.0,0.0,0.5,0.5,5.9,14.7,20.1,13.0,3.0,10.6,14.0,0.0,0.5,0.5,5.66,5.95,6.08,5.88,3.0,0.32,14.0,0.0,0.5,0.5,42.5,48.1,58.5,50.4,3.0,11.9,14.0,0.0,0.5,0.5,-153.8,-145.3,-79.1,-117.1,3.0,59.9,14.0,0.0,0.5,0.5,-132.7,-132.4,-125.2,-129.1,3.0,6.2,14.0,0.0,0.5,0.5,-79.6,-72.7,-41.6,-60.9,3.0,29.6,14.0,0.0,0.5,0.5,-73.0,-69.4,-63.7,-68.4,3.0,6.9,14.0,0.0,0.5,0.5,-44.8,-36.9,-21.0,-33.0,3.0,17.8,14.0,0.0,0.5,0.5,-39.7,-37.5,-33.0,-36.4,3.0,5.0,14.0,0.0,0.5,0.5,414.5,658.5,955.0,684.0,3.0,396.5,14.0,0.0,0.5,0.5,415.0,660.0,955.0,685.0,3.0,395.0,14.0,0.0,0.5,0.5
1974,2,331.0,15.0,21.86,22.0,22.14,22.0,2.0,0.28,6.0,1.0,0.6,0.2,22.29,22.9,23.51,22.9,2.0,1.27,6.0,1.0,0.6,0.2,10.91,11.43,11.94,11.43,2.0,1.07,6.0,1.0,0.6,0.2,65.5,65.9,66.3,65.9,2.0,0.9,6.0,1.0,0.2,10.62,11.3,11.98,11.3,2.0,1.41,6.0,1.0,0.6,0.2,-7.7,-7.26,-6.82,-7.26,2.0,0.91,6.0,1.0,0.6,0.2,-9.18,-8.66,-8.13,-8.66,2.0,1.08,6.0,1.0,0.6,0.2,1014.05,1015.45,1016.85,1015.45,2.0,2.9,6.0,1.0,0.6,0.2,0.3,1.0,1.7,1.0,2.0,1.4,6.0,1.0,0.6,0.2,-92.6,-82.7,-72.8,-82.7,2.0,20.5,6.0,1.0,0.6,0.2,-110.4,-98.6,-86.8,-98.6,2.0,24.5,6.0,1.0,0.6,0.2,-1.38,-0.9,-0.42,-0.9,2.0,0.99,6.0,1.0,0.6,0.2,-14.3,-9.5,-4.7,-9.5,2.0,9.9,6.0,1.0,0.6,0.2,4.65,5.0,5.36,5.0,2.0,0.74,6.0,1.0,0.6,0.2,49.6,57.1,64.5,57.1,2.0,15.4,6.0,1.0,0.6,0.2,-171.3,-165.8,-160.2,-165.8,2.0,11.6,6.0,1.0,0.6,0.2,-204.2,-197.5,-190.9,-197.5,2.0,13.8,6.0,1.0,0.6,0.2,-83.8,-82.5,-81.2,-82.5,2.0,2.6,6.0,1.0,0.6,0.2,-99.8,-98.3,-96.8,-98.3,2.0,3.1,6.0,1.0,0.6,0.2,-41.4,-36.7,-31.9,-36.7,2.0,9.9,6.0,1.0,0.6,0.2,-49.4,-43.7,-38.0,-43.7,2.0,11.8,6.0,1.0,0.6,0.2,1214.5,1477.0,1739.0,1477.0,2.0,543.0,6.0,1.0,0.6,0.2,1215.0,1475.0,1740.0,1475.0,2.0,545.0,6.0,1.0,0.6,0.2
1974,2,331.0,16.0,20.19,20.6,21.76,20.97,3.0,1.19,14.0,0.3,0.7,0.6,20.46,20.8,21.07,20.77,3.0,0.45,14.0,0.3,0.7,0.6,11.26,11.41,12.07,11.66,3.0,0.63,14.0,0.3,0.7,0.6,73.8,77.3,80.1,77.0,3.0,4.6,14.0,0.3,0.6,7.5,10.3,10.64,9.1,3.0,2.52,14.0,0.3,0.7,0.6,-7.59,-6.94,-5.45,-6.53,3.0,1.61,14.0,0.3,0.7,0.6,-7.75,-6.62,-4.82,-6.29,3.0,2.16,14.0,0.3,0.7,0.6,1015.33,1017.1,1019.76,1017.53,3.0,3.27,14.0,0.3,0.7,0.6,3.3,4.0,5.4,4.3,3.0,1.5,14.0,0.3,0.7,0.6,-79.3,-75.0,-43.9,-61.9,3.0,28.3,14.0,0.3,0.7,0.6,-82.6,-68.2,-38.5,-60.8,3.0,33.0,14.0,0.3,0.7,0.6,-0.74,-0.6,1.17,0.2,3.0,1.56,14.0,0.3,0.7,0.6,-7.9,-6.2,6.5,-0.8,3.0,11.5,14.0,0.3,0.7,0.6,2.64,3.78,4.84,3.74,3.0,1.61,14.0,0.3,0.7,0.6,26.1,33.1,37.1,31.6,3.0,8.2,14.0,0.3,0.7,0.6,-160.0,-144.4,-111.6,-136.0,3.0,36.2,14.0,0.3,0.7,0.6,-162.0,-140.4,-99.8,-131.1,3.0,46.3,14.0,0.3,0.7,0.6,-87.6,-85.9,-64.3,-76.1,3.0,19.0,14.0,0.3,0.7,0.6,-93.4,-74.1,-54.6,-74.0,3.0,28.4,14.0,0.3,0.7,0.6,-28.4,-25.3,-18.1,-23.3,3.0,7.8,14.0,0.3,0.7,0.6,-23.8,-21.3,-18.7,-21.3,3.0,3.8,14.0,0.3,0.7,0.6,509.5,1092.5,1206.5,863.5,3.0,548.0,14.0,0.3,0.7,0.6,510.0,1095.0,1205.0,865.0,3.0,550.0,14.0,0.3,0.7,0.6
1974,2,331.0,17.0,20.5,20.5,20.5,20.5,1.0,0.0,22.0,0.0,0.1,0.2,20.0,20.0,20.0,20.0,1.0,0.0,22.0,0.0,0.1,0.2,10.74,10.74,10.74,10.74,1.0,0.0,22.0,0.0,0.1,0.2,74.3,74.3,74.3,74.3,1.0,0.0,22.0,0.0,0.2,4.6,4.6,4.6,4.6,1.0,0.0,22.0,0.0,0.1,0.2,-4.53,-4.53,-4.53,-4.53,1.0,0.0,22.0,0.0,0.1,0.2,-0.8,-0.8,-0.8,-0.8,1.0,0.0,22.0,0.0,0.1,0.2,1017.0,1017.0,1017.0,1017.0,1.0,0.0,22.0,0.0,0.1,0.2,1.0,1.0,1.0,1.0,1.0,0.0,22.0,0.0,0.1,0.2,-20.8,-20.8,-20.8,-20.8,1.0,0.0,22.0,0.0,0.1,0.2,-3.7,-3.7,-3.7,-3.7,1.0,0.0,22.0,0.0,0.1,0.2,0.5,0.5,0.5,0.5,1.0,0.0,22.0,0.0,0.1,0.2,2.3,2.3,2.3,2.3,1.0,0.0,22.0,0.0,0.1,0.2,4.2,4.2,4.2,4.2,1.0,0.0,22.0,0.0,0.1,0.2,19.3,19.3,19.3,19.3,1.0,0.0,22.0,0.0,0.1,0.2,-90.6,-90.6,-90.6,-90.6,1.0,0.0,22.0,0.0,0.1,0.2,-16.0,-16.0,-16.0,-16.0,1.0,0.0,22.0,0.0,0.1,0.2,-48.7,-48.7,-48.7,-48.7,1.0,0.0,22.0,0.0,0.1,0.2,-8.6,-8.6,-8.6,-8.6,1.0,0.0,22.0,0.0,0.1,0.2,-19.0,-19.0,-19.0,-19.0,1.0,0.0,22.0,0.0,0.1,0.2,-3.4,-3.4,-3.4,-3.4,1.0,0.0,22.0,0.0,0.1,0.2,97.5,97.5,97.5,97.5,1.0,0.0,22.0,0.0,0.1,0.2,95.0,95.0,95.0,95.0,1.0,0.0,22.0,0.0,0.1,0.2
1974,2,331.0,18.0,,,,,,,,,,,,,,,,,,,,,,,,,,,,,,,,,,,,,,,,13.4,13.4,13.4,13.4,1.0,0.0,20.0,0.0,0.5,0.8,-12.59,-12.59,-12.59,-12.59,1.0,0.0,20.0,0.0,0.5,0.8,-4.58,-4.58,-4.58,-4.58,1.0,0.0,20.0,0.0,0.5,0.8,1019.0,1019.0,1019.0,1019.0,1.0,0.0,20.0,0.0,0.5,0.8,,,,,,,,,,,,,,,,,,,,,,,,,,,,,,,,,,,,,,,,,,,,,,,,,,,,,,,,,,,,,,,,,,,,,,,,,,,,,,,,,,,,,,,,,,,,,,,,,,,,,,,,,,,,,,,,,,,,,,,,,,,,,,,,,,,,,,,,,,,,,,,,,,,,,,
1974,2,331.0,19.0,,,,,,,,,,,,,,,,,,,,,,,,,,,,,,,,,,,,,,,,8.7,10.85,13.0,10.85,2.0,4.45,18.0,0.5,0.6,0.4,-9.96,-8.31,-6.66,-8.31,2.0,3.41,18.0,0.5,0.6,0.4,-8.36,-6.97,-5.59,-6.97,2.0,2.86,18.0,0.5,0.6,0.4,1016.73,1017.0,1017.27,1017.0,2.0,0.57,18.0,0.5,0.6,0.4,,,,,,,,,,,,,,,,,,,,,,,,,,,,,,,,,,,,,,,,,,,,,,,,,,,,,,,,,,,,,,,,,,,,,,,,,,,,,,,,,,,,,,,,,,,,,,,,,,,,,,,,,,,,,,,,,,,,,,,,,,,,,,,,,,,,,,,,,,,,,,,,,,,,,,
1974,2,331.0,20.0,,,,,,,,,,,,,,,,,,,,,,,,,,,,,,,,,,,,,,,,9.96,10.3,10.64,10.3,2.0,0.71,28.0,0.5,1.0,0.0,-8.54,-5.84,-3.13,-5.84,2.0,5.6,28.0,0.5,1.0,0.0,-8.95,-5.32,-1.69,-5.32,2.0,7.52,28.0,0.5,1.0,0.0,1022.5,1022.5,1022.5,1022.5,1.0,0.0,28.0,0.0,1.0,0.0,,,,,,,,,,,,,,,,,,,,,,,,,,,,,,,,,,,,,,,,,,,,,,,,,,,,,,,,,,,,,,,,,,,,,,,,,,,,,,,,,,,,,,,,,,,,,,,,,,,,,,,,,,,,,,,,,,,,,,,,,,,,,,,,,,,,,,,,,,,,,,,,,,,,,,
1974,2,331.0,22.0,20.66,21.0,21.68,21.17,3.0,0.76,14.0,0.7,0.4,0.5,19.63,21.0,21.34,20.5,3.0,1.32,14.0,0.7,0.4,0.5,10.49,11.76,13.02,11.76,2.0,2.62,10.0,0.5,0.5,0.3,70.3,82.3,94.4,82.3,2.0,25.0,10.0,0.5,0.3,4.35,5.1,6.53,5.43,3.0,1.63,14.0,0.7,0.4,0.5,-5.0,-3.91,-3.81,-4.39,3.0,0.97,14.0,0.7,0.4,0.5,-4.2,-3.28,-0.11,-2.18,3.0,3.15,14.0,0.7,0.4,0.5,1017.97,1020.7,1020.9,1019.47,3.0,2.4,14.0,0.7,0.4,0.5,1.3,2.0,5.4,3.3,3.0,3.2,14.0,0.7,0.4,0.5,-33.4,-19.9,-16.6,-24.9,3.0,13.1,14.0,0.7,0.4,0.5,-28.1,-16.7,-1.6,-14.9,3.0,19.5,14.0,0.7,0.4,0.5,-0.5,-0.5,1.89,0.67,3.0,2.02,14.0,0.7,0.4,0.5,-3.1,-2.0,9.8,3.2,3.0,10.5,14.0,0.7,0.4,0.5,3.15,3.89,4.64,3.89,2.0,1.55,10.0,0.5,0.5,0.3,17.7,25.1,32.5,25.1,2.0,15.3,10.0,0.5,0.5,0.3,-104.7,-80.8,-76.3,-90.3,3.0,22.4,14.0,0.7,0.4,0.5,-86.1,-62.3,0.3,-43.4,3.0,65.4,14.0,0.7,0.4,0.5,-54.4,-53.9,-53.4,-53.9,2.0,1.0,10.0,0.5,0.5,0.3,-45.6,-45.2,-44.8,-45.2,2.0,0.9,10.0,0.5,0.5,0.3,-24.9,-19.2,-13.6,-19.2,2.0,11.7,10.0,0.5,0.5,0.3,-20.9,-16.1,-11.4,-16.1,2.0,9.8,10.0,0.5,0.5,0.3,86.0,132.5,297.0,190.0,3.0,162.5,14.0,0.7,0.4,0.5,85.0,135.0,295.0,190.0,3.0,160.0,14.0,0.7,0.4,0.5
1974,2,331.0,23.0,21.0,21.0,21.0,21.0,1.0,0.0,8.0,0.0,0.2,0.9,19.6,19.6,19.6,19.6,1.0,0.0,8.0,0.0,0.2,0.9,11.66,11.66,11.66,11.66,1.0,0.0,8.0,0.0,0.2,0.9,82.8,82.8,82.8,82.8,1.0,0.0,8.0,0.0,0.9,7.7,7.7,7.7,7.7,1.0,0.0,8.0,0.0,0.2,0.9,-7.24,-7.24,-7.24,-7.24,1.0,0.0,8.0,0.0,0.2,0.9,-2.63,-2.63,-2.63,-2.63,1.0,0.0,8.0,0.0,0.2,0.9,1019.1,1019.1,1019.1,1019.1,1.0,0.0,8.0,0.0,0.2,0.9,6.0,6.0,6.0,6.0,1.0,0.0,8.0,0.0,0.2,0.9,-55.7,-55.7,-55.7,-55.7,1.0,0.0,8.0,0.0,0.2,0.9,-20.3,-20.3,-20.3,-20.3,1.0,0.0,8.0,0.0,0.2,0.9,1.4,1.4,1.4,1.4,1.0,0.0,8.0,0.0,0.2,0.9,10.8,10.8,10.8,10.8,1.0,0.0,8.0,0.0,0.2,0.9,3.73,3.73,3.73,3.73,1.0,0.0,8.0,0.0,0.2,0.9,28.7,28.7,28.7,28.7,1.0,0.0,8.0,0.0,0.2,0.9,-141.8,-141.8,-141.8,-141.8,1.0,0.0,8.0,0.0,0.2,0.9,-51.6,-51.6,-51.6,-51.6,1.0,0.0,8.0,0.0,0.2,0.9,-84.3,-84.3,-84.3,-84.3,1.0,0.0,8.0,0.0,0.2,0.9,-30.7,-30.7,-30.7,-30.7,1.0,0.0,8.0,0.0,0.2,0.9,-27.0,-27.0,-27.0,-27.0,1.0,0.0,8.0,0.0,0.2,0.9,-9.8,-9.8,-9.8,-9.8,1.0,0.0,8.0,0.0,0.2,0.9,456.5,456.5,456.5,456.5,1.0,0.0,8.0,0.0,0.2,0.9,455.0,455.0,455.0,455.0,1.0,0.0,8.0,0.0,0.2,0.9
1974,2,331.0,24.0,21.32,22.0,22.68,22.0,2.0,1.41,10.0,0.5,0.4,0.6,19.83,19.9,19.97,19.9,2.0,0.14,10.0,0.5,0.4,0.6,11.92,11.92,11.92,11.92,1.0,0.0,12.0,0.0,0.6,0.3,82.9,82.9,82.9,82.9,1.0,0.0,12.0,0.0,0.3,8.03,8.1,8.17,8.1,2.0,0.14,10.0,0.5,0.4,0.6,-4.08,-4.05,-4.02,-4.05,2.0,0.07,10.0,0.5,0.4,0.6,-7.07,-7.01,-6.96,-7.01,2.0,0.12,10.0,0.5,0.4,0.6,1022.01,1022.25,1022.49,1022.25,2.0,0.5,10.0,0.5,0.4,0.6,2.2,2.5,2.8,2.5,2.0,0.7,10.0,0.5,0.4,0.6,-33.4,-32.8,-32.3,-32.8,2.0,1.1,10.0,0.5,0.4,0.6,-57.8,-56.8,-55.9,-56.8,2.0,2.0,10.0,0.5,0.4,0.6,1.49,2.1,2.71,2.1,2.0,1.27,10.0,0.5,0.4,0.6,12.0,17.1,22.2,17.1,2.0,10.6,10.0,0.5,0.4,0.6,5.43,5.43,5.43,5.43,1.0,0.0,12.0,0.0,0.6,0.3,44.5,44.5,44.5,44.5,1.0,0.0,12.0,0.0,0.6,0.3,-81.6,-80.6,-79.6,-80.6,2.0,2.0,10.0,0.5,0.4,0.6,-141.3,-139.6,-137.9,-139.6,2.0,3.4,10.0,0.5,0.4,0.6,-48.9,-48.9,-48.9,-48.9,1.0,0.0,12.0,0.0,0.6,0.3,-84.6,-84.6,-84.6,-84.6,1.0,0.0,12.0,0.0,0.6,0.3,-22.2,-22.2,-22.2,-22.2,1.0,0.0,12.0,0.0,0.6,0.3,-38.5,-38.5,-38.5,-38.5,1.0,0.0,12.0,0.0,0.6,0.3,518.0,531.5,545.0,531.5,2.0,28.0,10.0,0.5,0.4,0.6,520.0,530.0,545.0,530.0,2.0,30.0,10.0,0.5,0.4,0.6
1974,2,331.0,25.0,21.4,21.4,21.4,21.4,1.0,0.0,6.0,1.0,0.4,0.0,20.7,20.7,20.7,20.7,1.0,0.0,6.0,1.0,0.4,0.0,10.84,10.84,10.84,10.84,1.0,0.0,6.0,1.0,0.4,0.0,72.1,72.1,72.1,72.1,1.0,0.0,6.0,1.0,0.0,2.75,4.15,5.55,4.15,2.0,2.9,4.0,0.5,0.7,0.4,-5.19,-3.24,-1.28,-3.24,2.0,4.06,4.0,0.5,0.7,0.4,-0.58,0.5,1.57,0.5,2.0,2.22,4.0,0.5,0.7,0.4,1021.63,1023.0,1024.37,1023.0,2.0,2.83,4.0,0.5,0.7,0.4,1.6,3.0,4.4,3.0,2.0,2.8,4.0,0.5,0.7,0.4,-32.0,-19.3,-6.7,-19.3,2.0,26.2,4.0,0.5,0.7,0.4,-4.9,-1.2,2.6,-1.2,2.0,7.8,4.0,0.5,0.7,0.4,0.7,0.7,0.7,0.7,1.0,0.0,6.0,1.0,0.4,0.0,4.3,4.3,4.3,4.3,1.0,0.0,6.0,1.0,0.4,0.0,4.9,4.9,4.9,4.9,1.0,0.0,6.0,1.0,0.4,0.0,30.4,30.4,30.4,30.4,1.0,0.0,6.0,1.0,0.4,0.0,-126.4,-126.4,-126.4,-126.4,1.0,0.0,6.0,1.0,0.4,0.0,-22.3,-22.3,-22.3,-22.3,1.0,0.0,6.0,1.0,0.4,0.0,-66.2,-66.2,-66.2,-66.2,1.0,0.0,6.0,1.0,0.4,0.0,-11.7,-11.7,-11.7,-11.7,1.0,0.0,6.0,1.0,0.4,0.0,-29.9,-29.9,-29.9,-29.9,1.0,0.0,6.0,1.0,0.4,0.0,-5.3,-5.3,-5.3,-5.3,1.0,0.0,6.0,1.0,0.4,0.0,45.5,124.0,202.0,124.0,2.0,162.0,4.0,0.5,0.7,0.4,45.0,125.0,200.0,125.0,2.0,160.0,4.0,0.5,0.7,0.4
1974,2,331.0,26.0,20.79,21.25,21.6,21.17,6.0,0.68,14.0,0.5,0.7,0.3,18.9,20.1,20.79,19.97,6.0,1.09,14.0,0.5,0.7,0.3,11.57,12.01,12.51,12.04,3.0,0.69,18.0,0.7,0.4,0.2,77.8,81.0,82.3,80.1,3.0,3.3,18.0,0.7,0.2,4.48,6.45,8.73,7.32,6.0,4.13,14.0,0.5,0.7,0.3,-4.89,-3.74,-1.98,-3.38,6.0,2.34,14.0,0.5,0.7,0.3,-6.9,-1.55,4.38,-2.17,6.0,7.52,14.0,0.5,0.7,0.3,1017.06,1024.85,1025.47,1022.28,6.0,4.73,14.0,0.5,0.7,0.3,2.6,4.0,6.2,4.2,6.0,2.1,14.0,0.5,0.7,0.3,-41.4,-24.6,-16.0,-25.1,6.0,16.4,14.0,0.5,0.7,0.3,-71.6,-9.5,21.3,-37.3,6.0,99.4,14.0,0.5,0.7,0.3,0.0,1.1,2.21,1.2,6.0,1.18,14.0,0.5,0.7,0.3,0.0,6.0,10.2,6.4,6.0,6.8,14.0,0.5,0.7,0.3,2.67,3.02,4.31,3.48,3.0,1.26,18.0,0.7,0.4,0.2,21.0,22.6,33.5,27.1,3.0,10.0,18.0,0.7,0.4,0.2,-102.0,-72.2,-39.7,-68.9,6.0,49.0,14.0,0.5,0.7,0.3,-132.4,-32.9,84.7,-43.3,6.0,149.5,14.0,0.5,0.7,0.3,-71.1,-51.5,-38.3,-54.6,3.0,24.2,18.0,0.7,0.4,0.2,-133.6,-29.2,-15.5,-73.5,3.0,94.6,18.0,0.7,0.4,0.2,-21.2,-19.0,-10.6,-16.0,3.0,8.2,18.0,0.7,0.4,0.2,-28.2,-6.9,-4.9,-16.3,3.0,18.9,18.0,0.7,0.4,0.2,90.5,269.5,1026.5,782.5,6.0,1410.0,14.0,0.5,0.7,0.3,90.0,270.0,1025.0,785.0,6.0,1410.0,14.0,0.5,0.7,0.3
1974,2,331.0,27.0,20.66,21.0,22.37,21.5,3.0,1.32,8.0,0.7,0.5,0.5,19.29,19.7,19.9,19.6,3.0,0.46,8.0,0.7,0.5,0.5,9.88,10.2,10.53,10.2,2.0,0.67,10.0,0.5,0.4,0.5,72.3,73.3,74.3,73.3,2.0,2.1,10.0,0.5,0.5,4.17,11.0,11.2,7.77,3.0,5.86,8.0,0.7,0.5,0.5,-11.03,-10.83,-3.44,-7.32,3.0,6.34,8.0,0.7,0.5,0.5,-1.95,-1.91,-1.29,-1.62,3.0,0.54,8.0,0.7,0.5,0.5,1025.69,1026.3,1028.62,1027.13,3.0,2.27,8.0,0.7,0.5,0.5,4.3,7.0,7.0,5.7,3.0,2.3,8.0,0.7,0.5,0.5,-123.7,-119.2,-37.8,-81.6,3.0,70.8,8.0,0.7,0.5,0.5,-21.8,-21.0,-7.4,-14.7,3.0,11.9,8.0,0.7,0.5,0.5,1.33,1.4,2.49,1.9,3.0,0.95,8.0,0.7,0.5,0.5,5.5,14.3,27.7,16.5,3.0,16.4,8.0,0.7,0.5,0.5,5.32,5.82,6.31,5.82,2.0,1.03,10.0,0.5,0.4,0.5,16.0,39.5,63.0,39.5,2.0,48.7,10.0,0.5,0.4,0.5,-219.7,-213.4,-67.7,-145.3,3.0,125.9,8.0,0.7,0.5,0.5,-38.7,-37.6,-25.0,-32.0,3.0,11.2,8.0,0.7,0.5,0.5,-100.0,-59.4,-18.9,-59.4,2.0,84.0,10.0,0.5,0.4,0.5,-19.2,-15.3,-11.5,-15.3,2.0,7.9,10.0,0.5,0.4,0.5,-61.3,-36.4,-11.6,-36.4,2.0,51.5,10.0,0.5,0.4,0.5,-11.6,-9.0,-6.3,-9.0,2.0,5.5,10.0,0.5,0.4,0.5,423.0,1331.0,1407.5,925.0,3.0,802.0,8.0,0.7,0.5,0.5,425.0,1330.0,1405.0,925.0,3.0,800.0,8.0,0.7,0.5,0.5
1974,2,331.0,28.0,19.56,21.0,21.37,20.62,5.0,1.06,14.0,0.8,0.4,0.5,19.36,20.0,21.55,20.38,5.0,1.46,14.0,0.8,0.4,0.5,9.27,10.48,11.31,10.3,4.0,1.56,16.0,0.8,0.4,0.5,65.6,69.8,72.0,68.9,4.0,4.4,16.0,0.8,0.5,4.33,6.2,7.11,5.84,5.0,2.06,14.0,0.8,0.4,0.5,-6.31,-5.02,-3.56,-4.81,5.0,2.01,14.0,0.8,0.4,0.5,-4.57,-2.6,-0.36,-2.47,5.0,2.51,14.0,0.8,0.4,0.5,1016.27,1027.2,1028.3,1023.22,5.0,6.66,14.0,0.8,0.4,0.5,5.3,6.0,8.0,6.4,5.0,1.7,14.0,0.8,0.4,0.5,-45.2,-29.4,-17.9,-31.1,5.0,19.4,14.0,0.8,0.4,0.5,-33.5,-7.8,-2.6,-16.7,5.0,20.7,14.0,0.8,0.4,0.5,-0.5,0.0,1.07,0.24,5.0,0.81,14.0,0.8,0.4,0.5,-3.6,0.0,4.1,0.3,5.0,4.1,14.0,0.8,0.4,0.5,3.92,4.65,5.33,4.63,4.0,0.95,16.0,0.8,0.4,0.5,25.2,29.8,34.6,29.9,4.0,7.0,16.0,0.8,0.4,0.5,-132.3,-99.7,-70.1,-99.0,5.0,44.6,14.0,0.8,0.4,0.5,-99.1,-51.4,-7.7,-53.2,5.0,54.9,14.0,0.8,0.4,0.5,-72.3,-56.9,-45.5,-58.8,4.0,16.9,16.0,0.8,0.4,0.5,-55.2,-26.6,-1.5,-28.3,4.0,32.9,16.0,0.8,0.4,0.5,-29.2,-26.0,-22.1,-25.7,4.0,4.1,16.0,0.8,0.4,0.5,-22.2,-11.6,0.9,-10.7,4.0,13.8,16.0,0.8,0.4,0.5,94.0,238.5,392.0,259.0,5.0,240.0,14.0,0.8,0.4,0.5,95.0,240.0,390.0,260.0,5.0,240.0,14.0,0.8,0.4,0.5
1974,2,331.0,29.0,19.66,20.0,21.37,20.5,3.0,1.32,8.0,0.7,0.6,0.5,18.84,19.25,21.12,19.95,4.0,1.8,6.0,0.8,0.7,0.6,11.11,11.11,11.11,11.11,1.0,0.0,4.0,1.0,1.0,0.1,80.2,80.2,80.2,80.2,1.0,0.0,4.0,1.0,0.1,3.27,6.5,10.73,6.98,4.0,4.49,6.0,0.8,0.7,0.6,-10.57,-6.31,-3.07,-6.79,4.0,4.5,6.0,0.8,0.7,0.6,-1.86,-1.47,-1.12,-1.49,4.0,0.52,6.0,0.8,0.7,0.6,1025.57,1026.85,1028.08,1026.83,4.0,1.62,6.0,0.8,0.7,0.6,3.0,4.5,5.5,4.3,4.0,1.7,6.0,0.8,0.7,0.6,-116.0,-47.4,-10.5,-62.5,4.0,66.3,6.0,0.8,0.7,0.6,-20.5,-9.8,-3.8,-12.0,4.0,10.7,6.0,0.8,0.7,0.6,0.32,1.0,2.57,1.43,3.0,1.69,8.0,0.7,0.6,0.5,0.8,2.6,21.1,10.8,3.0,16.4,8.0,0.7,0.6,0.5,2.77,2.77,2.77,2.77,1.0,0.0,4.0,1.0,1.0,0.1,34.0,34.0,34.0,34.0,1.0,0.0,4.0,1.0,1.0,0.1,-202.7,-125.3,-64.8,-133.3,4.0,84.7,6.0,0.8,0.7,0.6,-36.5,-30.1,-22.8,-29.7,4.0,10.1,6.0,0.8,0.7,0.6,-134.6,-134.6,-134.6,-134.6,1.0,0.0,4.0,1.0,1.0,0.1,-23.7,-23.7,-23.7,-23.7,1.0,0.0,4.0,1.0,1.0,0.1,-33.5,-33.5,-33.5,-33.5,1.0,0.0,4.0,1.0,1.0,0.1,-5.9,-5.9,-5.9,-5.9,1.0,0.0,4.0,1.0,1.0,0.1,39.5,396.5,1322.0,668.0,4.0,859.0,6.0,0.8,0.7,0.6,40.0,395.0,1320.0,670.0,4.0,860.0,6.0,0.8,0.7,0.6
1974,2,331.0,30.0,19.01,19.25,20.83,19.63,8.0,0.87,18.0,0.5,0.5,0.3,18.71,19.3,20.0,19.43,8.0,0.93,18.0,0.5,0.5,0.3,8.69,9.77,10.27,9.5,6.0,0.93,20.0,0.7,0.5,0.3,62.0,71.4,79.0,70.8,6.0,8.2,20.0,0.7,0.3,3.96,7.7,11.05,7.34,7.0,3.53,18.0,0.6,0.5,0.3,-5.88,-4.1,-0.66,-3.5,7.0,2.79,18.0,0.6,0.5,0.3,-10.85,-3.94,0.08,-4.92,7.0,5.0,18.0,0.6,0.5,0.3,1027.01,1031.2,1032.12,1029.93,8.0,3.04,18.0,0.5,0.5,0.3,3.0,7.0,8.0,5.7,7.0,2.3,16.0,0.4,0.5,0.4,-52.4,-21.0,-2.6,-29.2,7.0,24.3,18.0,0.6,0.5,0.3,-119.9,-15.8,0.3,-47.8,7.0,58.8,18.0,0.6,0.5,0.3,-0.1,0.15,0.87,0.2,8.0,0.66,18.0,0.5,0.5,0.3,-0.4,2.8,7.7,3.1,7.0,3.9,18.0,0.6,0.5,0.3,3.23,3.87,5.86,4.37,6.0,1.34,20.0,0.7,0.5,0.3,23.6,33.8,41.4,32.5,6.0,12.5,20.0,0.7,0.5,0.3,-107.6,-77.2,-14.0,-66.9,7.0,54.0,18.0,0.6,0.5,0.3,-206.1,-83.1,1.4,-94.0,7.0,93.7,18.0,0.6,0.5,0.3,-61.1,-38.5,-14.8,-37.2,6.0,25.4,20.0,0.7,0.5,0.3,-107.9,-50.5,2.6,-51.9,6.0,54.4,20.0,0.7,0.5,0.3,-29.7,-15.9,-5.4,-18.7,6.0,17.1,20.0,0.7,0.5,0.3,-36.7,-17.6,1.9,-16.9,6.0,19.3,20.0,0.7,0.5,0.3,62.5,456.5,1350.0,633.5,7.0,671.0,18.0,0.6,0.5,0.3,60.0,455.0,1350.0,635.0,7.0,670.0,18.0,0.6,0.5,0.3
1974,2,331.0,31.0,18.0,19.0,19.97,18.84,14.0,0.94,12.0,0.5,0.6,0.4,17.13,18.5,19.89,18.39,15.0,1.73,14.0,0.5,0.6,0.4,6.69,7.88,9.41,8.04,4.0,1.86,10.0,0.5,0.5,0.3,54.0,62.2,69.5,61.8,4.0,11.3,10.0,0.5,0.3,2.13,4.8,8.94,5.42,14.0,2.85,14.0,0.5,0.6,0.5,-6.86,-3.5,3.62,-2.6,14.0,4.99,14.0,0.5,0.6,0.5,-3.01,-1.39,0.73,-1.44,14.0,2.3,14.0,0.5,0.6,0.5,1022.82,1027.5,1030.78,1025.85,15.0,7.57,14.0,0.5,0.6,0.4,3.0,6.0,8.0,5.7,13.0,2.2,12.0,0.6,0.6,0.4,-55.2,-14.3,14.3,-22.0,14.0,41.6,14.0,0.5,0.6,0.5,-27.3,-5.6,3.4,-11.5,14.0,19.0,14.0,0.5,0.6,0.5,-0.76,0.0,1.84,0.56,14.0,1.93,12.0,0.5,0.6,0.4,-4.6,0.0,8.8,3.9,13.0,14.7,14.0,0.5,0.7,0.5,3.81,5.28,6.94,5.37,4.0,1.86,10.0,0.5,0.5,0.3,22.9,26.2,31.7,27.3,3.0,6.5,14.0,0.3,0.6,0.4,-127.7,-64.2,52.8,-47.5,14.0,90.7,14.0,0.5,0.6,0.5,-57.5,-24.9,13.1,-27.8,14.0,45.7,14.0,0.5,0.6,0.5,-35.6,-27.0,-24.6,-30.1,3.0,8.5,14.0,0.3,0.6,0.4,-8.3,4.8,15.0,3.4,3.0,17.1,14.0,0.3,0.6,0.4,-29.4,-20.1,-20.0,-24.6,3.0,7.9,14.0,0.3,0.6,0.4,-3.1,6.0,13.4,5.2,3.0,12.1,14.0,0.3,0.6,0.4,11.5,111.0,715.5,292.5,14.0,392.5,14.0,0.5,0.6,0.5,10.0,110.0,715.0,295.0,14.0,390.0,14.0,0.5,0.6,0.5
1974,2,331.0,32.0,17.57,19.0,21.76,19.22,15.0,1.78,12.0,0.5,0.7,0.5,16.16,17.8,19.49,17.93,15.0,1.75,12.0,0.5,0.7,0.5,8.77,10.67,11.21,10.02,5.0,1.7,12.0,0.6,0.6,0.7,62.9,74.5,84.4,74.3,6.0,11.1,14.0,0.7,0.6,4.0,5.55,8.0,5.78,16.0,2.85,14.0,0.5,0.7,0.5,-5.7,-2.39,5.3,-0.91,16.0,5.08,14.0,0.5,0.7,0.5,-2.95,0.87,2.99,-0.25,16.0,4.13,14.0,0.5,0.7,0.5,1016.87,1024.0,1028.86,1023.57,15.0,6.96,12.0,0.5,0.7,0.5,1.2,5.0,8.0,5.1,15.0,2.9,14.0,0.5,0.7,0.5,-40.4,-11.5,32.5,-7.0,16.0,36.2,14.0,0.5,0.7,0.5,-14.4,2.6,18.8,-6.4,16.0,42.0,14.0,0.5,0.7,0.5,0.53,1.15,1.87,1.24,14.0,1.24,12.0,0.5,0.7,0.5,0.2,5.0,9.4,6.0,14.0,9.2,12.0,0.5,0.7,0.5,2.54,4.74,5.4,4.11,5.0,1.61,12.0,0.6,0.6,0.7,13.8,15.5,22.3,17.5,5.0,5.1,12.0,0.6,0.6,0.7,-97.3,-38.0,92.7,-9.6,15.0,91.5,12.0,0.5,0.7,0.5,-50.5,32.0,53.5,0.6,15.0,72.3,12.0,0.5,0.7,0.5,-64.9,-25.5,20.3,-23.2,5.0,47.7,12.0,0.6,0.6,0.7,-29.6,0.0,16.4,-5.0,5.0,23.7,12.0,0.6,0.6,0.7,-18.1,-7.5,12.1,-4.0,5.0,16.5,12.0,0.6,0.6,0.7,-10.6,0.0,9.5,-0.6,5.0,10.8,12.0,0.6,0.6,0.7,64.0,174.5,512.0,331.0,16.0,456.0,14.0,0.5,0.7,0.5,65.0,175.0,510.0,330.0,16.0,455.0,14.0,0.5,0.7,0.5
1974,2,331.0,33.0,18.0,19.0,19.73,18.9,16.0,1.09,10.0,0.6,0.7,0.5,16.27,18.1,18.89,17.91,17.0,1.5,12.0,0.5,0.7,0.5,9.41,10.84,12.17,10.6,10.0,1.65,8.0,0.6,0.6,0.4,75.4,82.8,85.4,80.2,10.0,7.7,8.0,0.6,0.4,3.1,5.1,7.54,5.5,15.0,2.17,10.0,0.5,0.7,0.5,-5.37,-1.06,4.79,0.09,15.0,4.89,10.0,0.5,0.7,0.5,-2.91,1.74,4.51,1.27,15.0,3.39,10.0,0.5,0.7,0.5,1021.54,1025.7,1032.87,1025.75,17.0,7.69,12.0,0.5,0.7,0.5,3.0,7.0,8.0,5.5,17.0,2.5,12.0,0.5,0.7,0.5,-36.0,-3.3,24.4,2.2,15.0,36.7,10.0,0.5,0.7,0.5,-15.1,8.9,22.7,7.1,15.0,23.6,10.0,0.5,0.7,0.5,-0.06,0.75,2.89,0.88,16.0,1.89,10.0,0.6,0.7,0.5,-0.5,3.9,17.6,4.7,15.0,12.6,10.0,0.5,0.7,0.5,1.11,2.94,4.05,2.74,10.0,2.01,8.0,0.6,0.6,0.4,2.2,11.2,19.7,10.7,9.0,9.2,8.0,0.6,0.6,0.4,-85.2,-19.6,94.8,6.4,15.0,86.5,10.0,0.5,0.7,0.5,-51.5,34.9,75.1,24.1,15.0,62.1,10.0,0.5,0.7,0.5,-24.9,-10.4,49.1,8.5,9.0,36.3,8.0,0.6,0.6,0.4,9.1,22.7,47.1,28.6,9.0,30.4,8.0,0.6,0.6,0.4,-9.5,-5.3,5.1,-3.1,9.0,8.8,8.0,0.6,0.6,0.4,-1.4,5.1,15.1,6.7,9.0,8.7,8.0,0.6,0.6,0.4,30.0,132.5,431.5,242.5,15.0,259.0,10.0,0.5,0.7,0.5,30.0,135.0,430.0,240.0,15.0,260.0,10.0,0.5,0.7,0.5
1974,2,331.0,34.0,16.74,18.0,18.84,17.72,15.0,1.32,14.0,0.5,0.4,0.6,15.91,17.3,18.58,17.3,17.0,1.45,12.0,0.4,0.5,0.6,8.38,10.01,11.56,9.83,14.0,1.62,14.0,0.4,0.4,0.7,71.0,78.7,91.5,81.5,14.0,9.5,14.0,0.4,0.7,3.6,6.0,8.27,6.09,19.0,2.85,12.0,0.5,0.5,0.6,-0.89,1.8,6.5,2.09,19.0,5.04,12.0,0.5,0.5,0.6,-3.76,0.0,4.13,0.49,19.0,4.13,12.0,0.5,0.5,0.6,1018.42,1028.45,1031.85,1026.22,18.0,6.45,12.0,0.4,0.5,0.6,2.7,6.0,8.0,5.4,18.0,2.4,12.0,0.5,0.5,0.6,-5.5,7.2,44.6,18.3,19.0,47.4,12.0,0.5,0.5,0.6,-17.4,0.0,18.5,4.7,19.0,35.8,12.0,0.5,0.5,0.6,-0.33,0.3,1.53,0.48,13.0,1.39,14.0,0.4,0.4,0.6,-0.7,1.1,13.1,4.1,13.0,8.4,14.0,0.4,0.4,0.6,1.41,2.5,3.44,2.34,11.0,1.25,14.0,0.5,0.4,0.7,5.1,17.3,19.7,14.5,11.0,9.8,14.0,0.5,0.4,0.7,-43.4,28.0,91.9,25.5,17.0,80.5,12.0,0.4,0.5,0.6,-64.8,0.0,72.6,7.6,17.0,71.1,12.0,0.4,0.5,0.6,-45.8,14.8,52.5,10.6,14.0,47.7,14.0,0.4,0.4,0.7,-24.9,0.0,38.9,5.1,14.0,33.3,14.0,0.4,0.4,0.7,-8.9,4.2,15.8,3.5,11.0,13.0,14.0,0.5,0.4,0.7,-8.3,0.0,5.8,-1.4,11.0,11.9,14.0,0.5,0.4,0.7,46.5,216.0,566.5,383.5,19.0,550.0,12.0,0.5,0.5,0.6,45.0,215.0,565.0,385.0,19.0,550.0,12.0,0.5,0.5,0.6
1974,2,331.0,35.0,16.56,17.35,19.86,17.73,28.0,1.54,14.0,0.5,0.5,0.4,15.8,17.6,18.97,17.57,28.0,1.85,14.0,0.5,0.5,0.4,8.42,9.84,11.13,9.79,20.0,1.6,16.0,0.6,0.5,0.4,71.0,78.4,89.5,78.9,22.0,10.2,14.0,0.5,0.4,2.1,5.55,10.3,6.02,26.0,3.38,14.0,0.5,0.6,0.4,-3.19,0.61,5.85,0.81,26.0,5.04,14.0,0.5,0.6,0.4,-2.99,1.45,5.66,0.97,26.0,4.69,14.0,0.5,0.6,0.4,1016.86,1024.15,1031.01,1024.0,26.0,6.59,14.0,0.5,0.6,0.4,2.0,4.5,7.0,4.1,26.0,2.6,14.0,0.5,0.5,0.4,-18.6,1.4,36.4,6.9,26.0,49.4,14.0,0.5,0.6,0.4,-13.7,5.9,43.9,5.9,26.0,43.4,14.0,0.5,0.6,0.4,-1.17,0.25,1.91,0.16,28.0,1.93,14.0,0.5,0.5,0.4,-10.2,0.3,8.1,1.4,26.0,12.7,14.0,0.5,0.6,0.4,0.97,3.12,4.66,2.77,20.0,1.72,16.0,0.6,0.5,0.4,4.2,14.6,27.2,15.2,18.0,13.1,14.0,0.6,0.5,0.4,-60.3,10.1,116.6,16.1,26.0,90.0,14.0,0.5,0.6,0.4,-50.6,24.6,101.8,20.5,26.0,78.5,14.0,0.5,0.6,0.4,-46.7,2.7,46.0,2.2,18.0,54.8,14.0,0.6,0.5,0.4,-26.8,15.3,57.5,12.9,18.0,50.7,14.0,0.6,0.5,0.4,-12.2,-0.1,10.5,-0.2,18.0,14.2,14.0,0.6,0.5,0.4,-6.0,1.3,12.8,0.2,18.0,14.7,14.0,0.6,0.5,0.4,9.5,174.5,1092.5,428.5,26.0,552.5,14.0,0.5,0.6,0.4,10.0,175.0,1095.0,430.0,26.0,555.0,14.0,0.5,0.6,0.4
1974,2,331.0,36.0,16.19,17.3,18.31,17.28,26.0,1.23,18.0,0.7,0.6,0.5,15.2,17.0,18.5,16.85,30.0,1.94,18.0,0.7,0.6,0.4,8.58,9.38,11.08,9.49,22.0,1.68,16.0,0.6,0.6,0.4,69.6,81.2,89.8,80.3,22.0,10.9,16.0,0.6,0.4,3.54,6.7,11.69,7.63,29.0,4.33,18.0,0.7,0.6,0.4,-5.36,0.0,7.63,0.33,29.0,7.04,18.0,0.7,0.6,0.4,-2.34,1.08,4.94,0.34,29.0,5.41,18.0,0.7,0.6,0.4,1015.98,1025.25,1032.0,1023.42,30.0,7.17,18.0,0.7,0.6,0.4,3.4,6.0,8.0,5.7,29.0,2.2,18.0,0.7,0.5,0.5,-31.1,0.0,67.5,-3.0,29.0,90.1,18.0,0.7,0.6,0.4,-10.4,6.7,38.2,-5.8,29.0,70.4,18.0,0.7,0.6,0.4,-1.2,0.5,1.83,0.6,26.0,1.91,18.0,0.7,0.6,0.5,-8.4,3.7,10.8,2.4,25.0,14.5,16.0,0.7,0.6,0.5,1.16,2.91,4.02,2.71,22.0,1.69,16.0,0.6,0.6,0.4,4.6,14.0,26.2,18.9,22.0,18.3,16.0,0.6,0.6,0.4,-81.3,0.0,123.4,9.4,29.0,116.3,18.0,0.7,0.6,0.4,-35.3,19.1,93.2,9.7,29.0,88.7,18.0,0.7,0.6,0.4,-37.4,12.3,83.6,12.8,22.0,73.0,16.0,0.6,0.6,0.4,-11.9,14.6,51.2,12.6,22.0,38.8,16.0,0.6,0.6,0.4,-11.7,0.8,17.9,0.5,22.0,21.6,16.0,0.6,0.6,0.4,-6.8,1.3,11.0,-0.8,22.0,15.6,16.0,0.6,0.6,0.4,47.0,301.0,1601.5,921.5,29.0,1499.0,18.0,0.7,0.6,0.4,45.0,300.0,1600.0,920.0,29.0,1500.0,18.0,0.7,0.6,0.4
1974,2,331.0,37.0,15.55,16.3,17.73,16.6,17.0,1.46,18.0,0.8,0.5,0.5,15.0,17.0,17.4,16.52,21.0,1.31,16.0,0.7,0.5,0.5,7.58,9.11,10.6,9.13,11.0,1.53,14.0,0.7,0.6,0.6,72.6,78.9,86.1,78.8,12.0,6.6,16.0,0.8,0.6,3.6,7.2,9.8,7.46,22.0,4.07,16.0,0.7,0.5,0.5,-7.11,0.0,3.16,-1.13,22.0,6.04,16.0,0.7,0.5,0.5,-2.05,1.96,9.27,2.84,22.0,5.36,16.0,0.7,0.5,0.5,1017.03,1027.1,1032.99,1025.29,20.0,8.18,16.0,0.8,0.6,0.5,2.0,6.0,8.0,4.8,22.0,2.8,16.0,0.7,0.5,0.5,-54.5,0.0,15.3,-2.2,22.0,75.7,16.0,0.7,0.5,0.5,-12.7,10.3,86.5,34.7,22.0,70.3,16.0,0.7,0.5,0.5,-0.76,0.2,1.19,0.16,16.0,0.98,18.0,0.8,0.5,0.5,-4.2,1.0,8.1,1.7,16.0,6.2,18.0,0.8,0.5,0.5,1.36,2.4,3.28,2.43,9.0,1.02,16.0,0.7,0.6,0.6,4.6,14.4,18.9,13.4,9.0,9.8,16.0,0.7,0.6,0.6,-105.9,0.0,53.6,-16.0,21.0,104.3,16.0,0.7,0.5,0.5,-34.8,31.1,129.0,40.6,21.0,81.8,16.0,0.7,0.5,0.5,-49.5,0.0,28.2,3.8,11.0,60.4,14.0,0.7,0.6,0.6,-15.9,16.0,47.5,21.4,11.0,47.0,14.0,0.7,0.6,0.6,-17.4,0.0,2.2,-7.1,9.0,13.3,16.0,0.7,0.6,0.6,-5.2,4.4,8.3,1.6,9.0,7.9,16.0,0.7,0.6,0.6,52.5,378.5,941.0,836.0,22.0,1506.5,16.0,0.7,0.5,0.5,50.0,380.0,940.0,835.0,22.0,1505.0,16.0,0.7,0.5,0.5
1974,2,331.0,38.0,14.46,16.0,16.26,15.63,15.0,1.29,10.0,0.5,0.6,0.3,13.54,14.7,16.87,14.99,16.0,1.84,10.0,0.6,0.6,0.3,7.42,7.69,8.55,7.94,13.0,0.89,12.0,0.6,0.6,0.4,73.6,74.9,84.2,77.3,13.0,4.9,12.0,0.6,0.4,3.1,5.7,9.29,6.57,13.0,3.7,8.0,0.6,0.6,0.3,1.29,3.08,6.57,3.84,13.0,4.0,8.0,0.6,0.6,0.3,-2.73,-1.06,7.75,1.38,13.0,5.13,8.0,0.6,0.6,0.3,1015.76,1025.45,1032.19,1024.5,16.0,8.05,10.0,0.6,0.6,0.3,1.1,7.5,8.0,5.5,14.0,3.3,10.0,0.6,0.6,0.4,4.3,16.8,48.7,36.2,13.0,56.1,8.0,0.6,0.6,0.3,-13.1,-3.3,77.7,22.8,13.0,47.8,8.0,0.6,0.6,0.3,-1.29,0.5,3.24,0.69,15.0,2.17,10.0,0.5,0.6,0.3,-18.8,1.4,14.1,0.4,12.0,15.2,8.0,0.6,0.6,0.3,2.11,2.64,4.03,2.91,12.0,1.19,10.0,0.6,0.6,0.4,6.8,12.6,23.4,14.3,9.0,9.0,8.0,0.7,0.7,0.4,16.5,45.6,106.5,62.9,13.0,69.6,8.0,0.6,0.6,0.3,-40.1,-16.5,125.7,25.7,13.0,79.1,8.0,0.6,0.6,0.3,4.7,24.0,39.6,22.3,10.0,22.6,8.0,0.7,0.6,0.4,-22.9,-16.2,28.6,-2.7,10.0,33.2,8.0,0.7,0.6,0.4,0.8,6.3,10.7,6.6,9.0,9.1,8.0,0.7,0.7,0.4,-10.7,-6.4,2.0,-2.6,9.0,13.1,8.0,0.7,0.7,0.4,30.0,185.0,824.5,578.5,13.0,962.0,8.0,0.6,0.6,0.3,30.0,185.0,825.0,580.0,13.0,960.0,8.0,0.6,0.6,0.3
1974,2,331.0,39.0,15.0,15.25,16.44,15.44,10.0,1.01,10.0,0.6,0.5,0.4,13.18,15.1,15.64,14.58,13.0,1.53,12.0,0.5,0.6,0.4,6.33,9.2,9.9,8.49,12.0,1.57,12.0,0.5,0.6,0.4,73.6,87.8,90.9,83.6,12.0,10.0,12.0,0.5,0.4,4.6,7.7,20.34,10.92,13.0,7.23,12.0,0.5,0.6,0.4,-0.13,2.3,13.56,6.01,13.0,7.6,12.0,0.5,0.6,0.4,-5.62,3.98,11.43,2.47,13.0,8.84,12.0,0.5,0.6,0.4,1012.71,1022.3,1027.96,1021.41,13.0,7.96,12.0,0.5,0.6,0.4,3.0,6.5,8.0,5.9,12.0,2.2,12.0,0.5,0.6,0.4,-0.5,28.9,277.2,111.0,13.0,177.3,12.0,0.5,0.6,0.4,-47.6,18.3,132.8,16.7,13.0,159.9,12.0,0.5,0.6,0.4,-0.51,0.4,1.74,0.87,10.0,2.01,10.0,0.6,0.5,0.4,-4.9,4.6,30.8,11.0,10.0,18.4,10.0,0.6,0.5,0.4,0.7,1.49,2.94,1.87,10.0,1.65,10.0,0.6,0.5,0.4,4.1,17.5,38.3,21.8,10.0,17.8,10.0,0.6,0.5,0.4,-1.9,35.7,211.3,87.4,13.0,108.0,12.0,0.5,0.6,0.4,-75.8,60.2,174.0,44.2,13.0,131.9,12.0,0.5,0.6,0.4,-2.7,23.0,138.4,52.4,12.0,70.1,12.0,0.5,0.6,0.4,-46.1,33.9,107.1,22.0,12.0,81.0,12.0,0.5,0.6,0.4,-0.3,3.4,33.4,13.9,10.0,18.2,10.0,0.6,0.5,0.4,-12.2,3.1,17.5,3.4,10.0,16.9,10.0,0.6,0.5,0.4,97.5,456.5,8448.0,3147.0,13.0,4858.0,12.0,0.5,0.6,0.4,95.0,455.0,8450.0,3145.0,13.0,4860.0,12.0,0.5,0.6,0.4
1974,2,331.0,40.0,13.0,14.0,15.33,14.25,29.0,1.54,14.0,0.3,0.5,0.6,12.0,14.0,15.52,14.02,31.0,1.84,14.0,0.3,0.5,0.6,5.84,8.07,9.9,7.94,21.0,1.82,14.0,0.3,0.5,0.6,68.2,79.8,89.8,79.4,22.0,10.9,14.0,0.3,0.6,5.08,9.3,11.54,8.7,31.0,5.07,14.0,0.3,0.5,0.6,0.0,4.65,9.92,4.67,31.0,6.33,14.0,0.3,0.5,0.6,-2.43,3.21,7.1,2.19,31.0,6.03,14.0,0.3,0.5,0.6,1013.29,1022.0,1027.91,1020.54,29.0,8.19,14.0,0.3,0.5,0.6,0.0,5.5,8.0,4.7,26.0,3.1,12.0,0.4,0.5,0.6,0.0,39.9,101.1,59.4,31.0,125.2,14.0,0.3,0.5,0.6,-23.2,18.4,58.1,17.4,31.0,76.3,14.0,0.3,0.5,0.6,-2.2,0.0,2.76,0.27,29.0,2.15,14.0,0.3,0.5,0.6,-19.0,0.0,15.3,-0.8,29.0,19.8,14.0,0.3,0.5,0.6,-0.33,1.9,4.49,2.11,19.0,2.16,14.0,0.4,0.5,0.6,-3.1,15.1,46.1,18.3,19.0,24.4,14.0,0.4,0.5,0.6,0.0,72.8,122.4,66.6,31.0,89.6,14.0,0.3,0.5,0.6,-31.3,59.5,102.2,36.6,31.0,83.1,14.0,0.3,0.5,0.6,0.0,46.2,76.0,38.8,21.0,60.1,14.0,0.3,0.5,0.6,-24.5,35.4,57.0,24.1,21.0,43.6,14.0,0.3,0.5,0.6,-4.2,0.0,21.8,6.1,19.0,21.4,14.0,0.4,0.5,0.6,-16.2,0.0,12.0,-4.8,19.0,20.6,14.0,0.4,0.5,0.6,131.0,804.5,1543.0,1428.0,31.0,3062.0,14.0,0.3,0.5,0.6,130.0,805.0,1545.0,1430.0,31.0,3060.0,14.0,0.3,0.5,0.6
1974,2,331.0,41.0,13.43,14.5,15.0,14.29,19.0,1.05,14.0,0.4,0.5,0.3,12.2,14.0,15.0,13.71,20.0,1.69,14.0,0.4,0.5,0.3,5.76,7.88,9.24,7.6,12.0,1.68,14.0,0.5,0.6,0.4,64.0,81.0,87.9,78.1,12.0,10.7,14.0,0.5,0.4,5.7,8.75,12.28,9.05,20.0,4.59,14.0,0.4,0.5,0.3,-1.96,3.48,8.07,3.11,20.0,4.99,14.0,0.4,0.5,0.3,0.01,5.99,12.06,5.09,20.0,6.71,14.0,0.4,0.5,0.3,1009.93,1021.95,1031.14,1020.56,20.0,10.01,14.0,0.4,0.5,0.3,3.7,7.0,8.0,6.1,19.0,2.7,16.0,0.4,0.6,0.3,-5.1,25.6,86.5,39.5,20.0,66.0,14.0,0.4,0.5,0.3,0.0,47.4,148.1,63.6,20.0,102.8,14.0,0.4,0.5,0.3,-1.41,0.2,2.4,0.37,19.0,1.98,14.0,0.4,0.5,0.3,-13.2,3.6,11.6,-0.2,19.0,16.3,14.0,0.4,0.5,0.3,0.37,1.74,4.64,2.23,12.0,2.03,14.0,0.5,0.6,0.4,4.7,14.7,26.4,15.2,12.0,13.7,14.0,0.5,0.6,0.4,-22.6,43.7,112.9,42.6,20.0,70.8,14.0,0.4,0.5,0.3,0.1,84.5,178.6,76.3,20.0,94.9,14.0,0.4,0.5,0.3,-29.4,0.0,40.1,10.2,12.0,46.8,14.0,0.5,0.6,0.4,-1.2,55.3,109.9,46.9,12.0,60.2,14.0,0.5,0.6,0.4,-1.6,1.0,11.8,3.9,12.0,9.9,14.0,0.5,0.6,0.4,-5.9,6.8,15.8,2.1,12.0,17.9,14.0,0.5,0.6,0.4,185.0,678.0,1854.5,1343.5,20.0,1913.5,14.0,0.4,0.5,0.3,185.0,680.0,1855.0,1345.0,20.0,1915.0,14.0,0.4,0.5,0.3
1974,2,331.0,42.0,12.69,13.2,15.05,13.77,7.0,1.3,12.0,0.7,0.7,0.5,11.34,12.0,14.43,12.6,13.0,1.51,16.0,0.6,0.6,0.5,5.8,6.94,8.84,7.12,8.0,1.56,16.0,0.8,0.6,0.5,64.9,76.7,88.5,77.1,8.0,11.6,16.0,0.8,0.5,3.96,10.3,13.04,9.71,13.0,4.62,16.0,0.6,0.6,0.5,-1.05,5.15,12.32,4.67,13.0,6.6,16.0,0.6,0.6,0.5,-5.3,4.04,9.52,2.66,13.0,6.96,16.0,0.6,0.6,0.5,1006.48,1019.1,1033.46,1018.2,12.0,15.51,16.0,0.6,0.6,0.5,1.9,7.0,8.0,5.6,13.0,2.8,16.0,0.6,0.6,0.5,-3.9,53.0,160.9,64.5,13.0,89.8,16.0,0.6,0.6,0.5,-51.5,36.0,125.8,39.0,13.0,80.4,16.0,0.6,0.6,0.5,-1.7,0.5,2.12,0.77,7.0,2.25,12.0,0.7,0.7,0.5,-20.4,5.2,26.9,8.8,7.0,25.6,12.0,0.7,0.7,0.5,1.43,2.25,4.76,2.71,6.0,1.94,12.0,0.8,0.7,0.5,17.3,31.4,57.2,34.4,6.0,24.0,12.0,0.8,0.7,0.5,-12.8,61.8,149.5,60.0,13.0,86.5,16.0,0.6,0.6,0.5,-60.0,40.4,137.3,38.5,13.0,88.9,16.0,0.6,0.6,0.5,-12.7,62.5,97.6,47.2,8.0,55.7,16.0,0.8,0.6,0.5,-32.1,25.7,59.3,16.7,8.0,52.8,16.0,0.8,0.6,0.5,8.7,28.0,51.2,30.0,6.0,24.0,12.0,0.8,0.7,0.5,-20.5,4.2,13.2,-1.1,6.0,18.4,12.0,0.8,0.7,0.5,64.0,1092.5,2227.0,1442.5,13.0,1315.0,16.0,0.6,0.6,0.5,65.0,1095.0,2225.0,1440.0,13.0,1315.0,16.0,0.6,0.6,0.5
1974,2,331.0,43.0,11.43,12.3,14.46,12.71,9.0,1.46,16.0,0.3,0.4,0.5,10.2,12.5,14.97,12.63,10.0,2.59,16.0,0.4,0.4,0.4,5.08,6.3,9.22,6.63,7.0,1.97,14.0,0.3,0.4,0.5,59.8,69.2,89.1,71.0,8.0,16.9,14.0,0.4,0.4,5.21,8.45,14.07,10.07,10.0,6.38,16.0,0.5,0.4,0.4,-0.41,4.64,10.85,5.42,10.0,7.59,16.0,0.5,0.4,0.4,-8.05,-0.16,7.38,-0.17,10.0,7.95,16.0,0.5,0.4,0.4,1005.11,1022.5,1031.36,1018.78,10.0,14.81,16.0,0.4,0.5,0.5,2.0,4.0,7.6,4.3,10.0,2.8,16.0,0.5,0.4,0.4,-0.9,34.0,148.0,92.0,10.0,165.6,16.0,0.5,0.4,0.4,-76.9,-5.6,60.5,4.3,10.0,128.2,16.0,0.5,0.4,0.4,-1.98,0.5,1.96,-0.14,8.0,2.24,16.0,0.3,0.5,0.5,-33.4,-0.2,14.1,-6.9,7.0,25.5,16.0,0.3,0.5,0.4,0.65,2.45,3.26,2.01,6.0,1.56,14.0,0.2,0.4,0.5,0.6,22.8,45.6,26.3,6.0,30.0,14.0,0.2,0.4,0.5,-4.6,73.5,113.3,70.9,9.0,111.9,16.0,0.4,0.4,0.4,-107.2,-27.5,87.2,-4.3,9.0,102.8,16.0,0.4,0.4,0.4,5.4,33.9,69.5,46.4,7.0,47.6,14.0,0.3,0.4,0.5,-74.3,-24.1,21.5,-14.4,7.0,55.8,14.0,0.3,0.4,0.5,-0.9,14.5,36.7,20.5,6.0,26.3,14.0,0.2,0.4,0.5,-14.2,3.4,19.2,3.5,6.0,22.8,14.0,0.2,0.4,0.5,168.0,605.0,2885.0,2381.5,10.0,4588.5,16.0,0.5,0.4,0.4,170.0,605.0,2885.0,2380.0,10.0,4590.0,16.0,0.5,0.4,0.4
1974,2,331.0,44.0,11.97,12.8,13.0,12.48,13.0,0.58,16.0,0.6,0.5,0.5,9.06,12.2,13.97,11.79,14.0,2.21,16.0,0.6,0.5,0.5,5.14,6.8,8.14,6.81,13.0,1.55,16.0,0.6,0.5,0.5,69.4,77.1,88.0,78.2,13.0,9.7,16.0,0.6,0.5,6.09,12.3,24.7,14.24,13.0,7.68,18.0,0.7,0.5,0.5,-3.4,4.93,19.92,7.69,13.0,10.38,18.0,0.7,0.5,0.5,-8.74,3.28,11.47,1.72,13.0,10.18,18.0,0.7,0.5,0.5,1005.93,1016.75,1025.53,1014.7,14.0,13.27,16.0,0.6,0.5,0.5,6.0,6.5,8.0,6.6,14.0,1.3,16.0,0.6,0.5,0.5,-33.9,37.9,477.5,170.5,13.0,254.1,18.0,0.7,0.5,0.5,-210.3,16.7,182.8,2.6,13.0,188.9,18.0,0.7,0.5,0.5,-1.42,0.1,3.03,0.63,13.0,2.01,16.0,0.6,0.5,0.5,-17.7,0.7,51.4,15.2,12.0,43.2,16.0,0.7,0.5,0.5,0.93,2.1,3.37,2.15,13.0,1.33,16.0,0.6,0.5,0.5,9.0,19.7,78.3,34.6,12.0,33.7,16.0,0.7,0.5,0.5,-47.8,64.0,180.5,78.3,13.0,109.3,18.0,0.7,0.5,0.5,-79.5,42.6,155.0,39.5,13.0,116.7,18.0,0.7,0.5,0.5,-31.1,35.5,121.6,46.2,12.0,63.5,16.0,0.7,0.5,0.5,-47.7,48.1,103.6,28.7,12.0,70.4,16.0,0.7,0.5,0.5,1.1,11.9,69.5,26.6,12.0,31.9,16.0,0.7,0.5,0.5,-29.8,1.1,15.9,-6.1,12.0,24.9,16.0,0.7,0.5,0.5,228.0,1861.0,15069.0,5375.5,13.0,6603.0,18.0,0.7,0.5,0.5,230.0,1860.0,15070.0,5375.0,13.0,6605.0,18.0,0.7,0.5,0.5
1974,2,331.0,45.0,12.0,12.3,14.1,12.84,9.0,1.13,16.0,0.4,0.6,0.5,10.37,12.3,13.43,11.89,12.0,1.67,16.0,0.5,0.6,0.5,5.9,7.24,8.87,7.46,8.0,1.45,18.0,0.5,0.6,0.4,72.0,86.4,100.0,86.1,8.0,13.3,18.0,0.5,0.4,4.35,9.0,13.51,9.02,12.0,4.11,16.0,0.5,0.6,0.5,-0.68,3.99,6.84,2.57,12.0,5.94,16.0,0.5,0.6,0.5,-3.01,6.04,8.5,3.4,12.0,7.1,16.0,0.5,0.6,0.5,1015.48,1020.05,1029.99,1021.73,12.0,7.32,16.0,0.5,0.6,0.5,6.0,8.0,8.0,6.6,9.0,2.6,18.0,0.7,0.6,0.4,-2.1,32.8,71.5,20.3,12.0,79.6,16.0,0.5,0.6,0.5,-17.7,45.2,109.3,37.8,12.0,88.8,16.0,0.5,0.6,0.5,-0.07,1.0,3.23,1.37,9.0,1.7,16.0,0.4,0.6,0.5,-0.5,7.1,26.6,11.0,9.0,17.5,16.0,0.4,0.6,0.5,1.06,2.28,2.81,1.97,6.0,1.0,18.0,0.5,0.6,0.4,3.8,15.2,27.6,15.9,6.0,11.6,18.0,0.5,0.6,0.4,-6.8,39.2,93.6,30.7,12.0,73.4,16.0,0.5,0.6,0.5,-32.0,72.8,117.5,50.3,12.0,81.7,16.0,0.5,0.6,0.5,-16.2,21.5,49.4,13.1,8.0,49.9,18.0,0.5,0.6,0.4,-17.5,30.7,53.3,24.3,8.0,36.9,18.0,0.5,0.6,0.4,-8.2,5.5,12.6,2.6,6.0,17.3,18.0,0.5,0.6,0.4,-7.9,0.3,15.6,2.6,6.0,11.1,18.0,0.5,0.6,0.4,84.5,731.5,2496.5,1158.0,12.0,1255.5,16.0,0.5,0.6,0.5,85.0,730.0,2495.0,1160.0,12.0,1255.0,16.0,0.5,0.6,0.5
1974,2,331.0,46.0,10.7,11.85,12.39,11.56,8.0,1.25,12.0,0.5,0.4,0.4,8.6,10.0,11.99,10.41,10.0,1.88,14.0,0.5,0.4,0.5,5.08,5.57,6.92,6.01,8.0,1.4,12.0,0.5,0.4,0.4,67.1,76.5,85.4,76.0,8.0,9.6,12.0,0.5,0.4,5.57,9.8,16.31,10.75,10.0,4.89,14.0,0.5,0.4,0.5,-1.69,7.18,13.37,6.39,10.0,7.41,14.0,0.5,0.4,0.5,-5.51,1.55,7.44,0.39,10.0,7.2,14.0,0.5,0.4,0.5,1011.99,1020.0,1028.77,1020.6,9.0,8.09,12.0,0.4,0.4,0.5,5.2,7.5,8.0,6.8,8.0,1.8,12.0,0.6,0.5,0.5,-7.8,69.6,209.9,95.7,10.0,120.4,14.0,0.5,0.4,0.5,-67.6,9.6,72.0,-2.9,10.0,92.6,14.0,0.5,0.4,0.5,-0.94,2.0,2.3,1.09,8.0,1.9,12.0,0.5,0.4,0.4,-16.7,12.1,33.6,11.6,8.0,26.4,12.0,0.5,0.4,0.4,1.6,2.08,3.13,2.3,7.0,1.33,12.0,0.6,0.4,0.4,10.0,27.8,52.9,30.7,7.0,22.9,12.0,0.6,0.4,0.4,-15.2,76.2,128.7,68.9,10.0,73.1,14.0,0.5,0.4,0.5,-45.7,17.1,86.5,11.6,10.0,76.1,14.0,0.5,0.4,0.5,3.8,55.1,84.7,45.9,8.0,41.6,12.0,0.5,0.4,0.4,-31.2,17.1,56.5,9.3,8.0,45.8,12.0,0.5,0.4,0.4,-0.7,16.6,38.0,17.4,7.0,23.2,12.0,0.6,0.4,0.4,-19.7,0.0,14.4,-6.7,7.0,26.1,12.0,0.6,0.4,0.4,178.0,948.5,4373.0,1957.0,10.0,2112.5,14.0,0.5,0.4,0.5,180.0,950.0,4375.0,1955.0,10.0,2115.0,14.0,0.5,0.4,0.5
1974,2,331.0,47.0,10.0,11.2,12.0,11.15,10.0,1.25,18.0,0.7,0.5,0.3,8.08,11.5,12.53,10.74,11.0,2.43,20.0,0.6,0.5,0.4,6.31,7.35,8.65,7.33,5.0,1.6,18.0,0.8,0.5,0.3,74.8,88.9,93.9,85.1,5.0,11.7,18.0,0.8,0.3,7.87,12.0,14.52,12.45,11.0,6.09,20.0,0.6,0.5,0.4,-3.79,5.1,12.87,4.47,11.0,9.29,20.0,0.6,0.5,0.4,-2.54,5.59,11.11,3.38,11.0,9.3,20.0,0.6,0.5,0.4,1008.25,1020.6,1030.1,1019.54,11.0,10.35,20.0,0.6,0.5,0.4,4.0,6.0,8.0,5.6,8.0,2.5,20.0,0.8,0.6,0.4,-36.7,26.0,174.8,85.8,11.0,199.8,20.0,0.6,0.5,0.4,-31.2,47.6,137.8,10.3,11.0,190.3,20.0,0.6,0.5,0.4,-1.36,-0.1,1.17,0.06,10.0,1.94,18.0,0.7,0.5,0.3,-16.6,-1.2,17.0,9.1,10.0,39.5,18.0,0.7,0.5,0.3,-0.05,0.87,1.83,0.84,5.0,1.58,18.0,0.8,0.5,0.3,-1.5,10.7,26.2,12.4,5.0,20.6,18.0,0.8,0.5,0.3,-47.2,36.7,128.6,33.3,11.0,87.1,20.0,0.6,0.5,0.4,-33.0,68.2,125.8,48.1,11.0,86.9,20.0,0.6,0.5,0.4,-48.6,-28.8,63.8,-1.3,5.0,64.3,18.0,0.8,0.5,0.3,-16.2,48.9,64.2,28.7,5.0,51.6,18.0,0.8,0.5,0.3,-9.8,-5.6,14.0,2.9,5.0,22.6,18.0,0.8,0.5,0.3,-6.7,0.0,8.7,1.2,5.0,9.5,18.0,0.8,0.5,0.3,511.0,1728.0,3085.0,3492.5,11.0,6444.5,20.0,0.6,0.5,0.4,510.0,1730.0,3085.0,3490.0,11.0,6445.0,20.0,0.6,0.5,0.4
1974,2,331.0,48.0,10.0,11.2,12.04,11.14,13.0,0.98,16.0,0.2,0.6,0.5,6.0,8.5,10.43,8.21,12.0,1.83,16.0,0.3,0.6,0.5,4.62,5.49,5.85,5.43,9.0,1.07,16.0,0.3,0.6,0.5,64.8,75.4,88.0,76.5,10.0,12.8,16.0,0.3,0.5,10.05,12.3,21.24,14.66,12.0,6.74,16.0,0.3,0.6,0.5,5.25,8.85,13.25,9.82,12.0,8.14,16.0,0.3,0.6,0.5,-4.06,2.68,12.6,4.39,12.0,9.35,16.0,0.3,0.6,0.5,984.57,1012.75,1025.02,1005.91,12.0,22.03,16.0,0.3,0.6,0.5,6.0,7.0,8.0,6.9,12.0,1.2,16.0,0.3,0.6,0.5,55.9,132.6,180.3,179.4,12.0,248.8,16.0,0.3,0.6,0.5,-43.4,31.6,225.0,91.2,12.0,184.2,16.0,0.3,0.6,0.5,1.17,3.15,4.6,2.93,12.0,2.11,16.0,0.3,0.6,0.5,16.9,52.0,81.0,51.0,11.0,35.3,16.0,0.3,0.5,0.6,2.59,2.9,3.81,2.97,9.0,1.04,16.0,0.3,0.6,0.5,21.8,35.0,51.3,35.3,8.0,13.9,14.0,0.4,0.6,0.5,50.1,83.8,102.3,79.7,11.0,49.9,16.0,0.3,0.5,0.6,-38.1,0.0,88.2,32.8,11.0,83.0,16.0,0.3,0.5,0.6,38.9,53.5,63.7,46.5,8.0,28.0,14.0,0.4,0.6,0.5,-25.5,-5.6,41.5,18.9,8.0,67.4,14.0,0.4,0.6,0.5,8.1,30.5,42.4,26.8,8.0,19.9,14.0,0.4,0.6,0.5,-13.3,-4.6,19.9,-1.5,8.0,20.1,14.0,0.4,0.6,0.5,1019.5,1861.0,9653.5,5354.5,12.0,8415.5,16.0,0.3,0.6,0.5,1020.0,1860.0,9655.0,5355.0,12.0,8415.0,16.0,0.3,0.6,0.5
1974,2,331.0,49.0,9.13,9.6,10.72,10.0,9.0,1.3,18.0,0.4,0.3,0.5,8.21,9.35,11.29,9.53,10.0,1.61,18.0,0.5,0.3,0.5,4.49,6.21,7.05,5.91,8.0,1.36,18.0,0.5,0.3,0.4,66.8,80.8,90.2,77.7,8.0,14.8,18.0,0.5,0.4,5.79,10.0,17.46,11.04,10.0,6.62,18.0,0.5,0.3,0.5,-0.94,4.46,16.8,6.83,10.0,9.33,18.0,0.5,0.3,0.5,-5.97,1.12,7.01,1.17,10.0,6.22,18.0,0.5,0.3,0.5,994.94,1016.55,1025.94,1012.97,10.0,14.98,18.0,0.5,0.3,0.5,4.3,6.0,8.0,6.1,9.0,1.8,18.0,0.6,0.3,0.5,-3.0,35.9,295.5,121.7,10.0,179.0,18.0,0.5,0.3,0.5,-89.1,12.8,51.1,-6.6,10.0,87.1,18.0,0.5,0.3,0.5,-2.1,0.5,2.1,0.19,9.0,2.04,18.0,0.4,0.3,0.5,-11.1,3.3,16.7,4.2,9.0,18.0,18.0,0.4,0.3,0.5,0.39,1.91,2.45,1.76,8.0,1.11,18.0,0.5,0.3,0.4,1.8,18.6,34.7,19.0,8.0,18.5,18.0,0.5,0.3,0.4,-10.1,41.5,139.4,56.0,10.0,76.0,18.0,0.5,0.3,0.5,-50.3,11.2,78.5,17.6,10.0,57.7,18.0,0.5,0.3,0.5,-5.6,19.9,84.6,35.3,8.0,43.6,18.0,0.5,0.3,0.4,-21.7,7.6,34.9,8.7,8.0,30.0,18.0,0.5,0.3,0.4,-0.2,10.8,32.5,15.7,8.0,19.6,18.0,0.5,0.3,0.4,-11.1,0.6,3.0,-0.2,8.0,9.6,18.0,0.5,0.3,0.4,204.5,1097.0,5485.5,2728.5,10.0,3758.0,18.0,0.5,0.3,0.5,205.0,1095.0,5485.0,2730.0,10.0,3760.0,18.0,0.5,0.3,0.5
1974,2,331.0,51.0,8.53,8.8,12.28,10.37,3.0,3.07,8.0,0.0,0.4,0.6,2.81,6.3,8.8,5.83,4.0,3.8,12.0,0.0,0.3,0.6,4.69,4.74,4.79,4.74,2.0,0.1,12.0,0.0,0.5,0.4,67.5,79.1,85.2,76.4,3.0,13.2,16.0,0.0,0.6,5.03,8.5,14.38,9.65,4.0,6.86,12.0,0.0,0.3,0.6,2.59,6.04,12.01,7.24,4.0,6.74,12.0,0.0,0.3,0.6,-7.82,-4.27,1.87,-3.03,4.0,6.6,12.0,0.0,0.3,0.6,991.6,1000.2,1001.57,996.67,3.0,7.92,8.0,0.0,0.4,0.6,2.9,7.0,7.7,5.3,3.0,3.8,16.0,0.0,0.4,0.6,18.8,52.2,195.3,104.5,4.0,141.3,12.0,0.0,0.3,0.6,-121.0,-31.1,20.6,-49.3,4.0,96.7,12.0,0.0,0.3,0.6,4.06,4.2,6.38,5.2,3.0,1.91,8.0,0.0,0.4,0.6,33.9,37.2,107.8,70.0,3.0,61.1,8.0,0.0,0.4,0.6,2.84,3.83,4.82,3.83,2.0,2.05,12.0,0.0,0.5,0.4,25.1,31.4,37.7,31.4,2.0,13.1,12.0,0.0,0.5,0.4,9.7,25.3,41.4,25.5,4.0,19.6,12.0,0.0,0.3,0.6,-24.5,-14.7,25.5,-0.2,4.0,39.1,12.0,0.0,0.3,0.6,24.9,28.7,32.5,28.7,2.0,7.9,12.0,0.0,0.5,0.4,-19.8,-0.6,18.6,-0.6,2.0,39.8,12.0,0.0,0.5,0.4,18.4,21.6,24.7,21.6,2.0,6.5,12.0,0.0,0.5,0.4,-7.0,8.5,24.0,8.5,2.0,32.1,12.0,0.0,0.5,0.4,226.5,630.5,3976.5,2034.5,4.0,3232.5,12.0,0.0,0.3,0.6,225.0,630.0,3975.0,2035.0,4.0,3230.0,12.0,0.0,0.3,0.6
1974,2,331.0,52.0,8.72,9.2,9.34,9.03,3.0,0.47,18.0,0.7,0.9,0.1,7.12,10.4,10.54,8.87,3.0,2.83,18.0,0.7,0.9,0.1,5.36,6.92,7.05,6.22,3.0,1.38,18.0,0.7,0.9,0.1,84.2,87.4,90.3,87.3,3.0,4.4,18.0,0.7,0.1,10.44,12.9,13.65,12.07,3.0,2.46,18.0,0.7,0.9,0.1,0.0,0.0,7.63,3.72,3.0,6.45,18.0,0.7,0.9,0.1,-1.45,9.3,12.51,5.62,3.0,10.71,18.0,0.7,0.9,0.1,1013.86,1017.2,1019.32,1016.6,3.0,4.03,18.0,0.7,0.9,0.1,8.0,8.0,8.0,8.0,3.0,0.0,18.0,0.7,0.9,0.1,0.0,0.0,98.4,48.0,3.0,83.2,18.0,0.7,0.9,0.1,-29.3,86.5,161.2,66.4,3.0,140.7,18.0,0.7,0.9,0.1,-1.81,-1.2,2.21,0.17,3.0,3.18,18.0,0.7,0.9,0.1,-18.7,-16.8,28.1,4.2,3.0,38.8,18.0,0.7,0.9,0.1,-0.02,0.05,1.82,0.88,3.0,1.52,18.0,0.7,0.9,0.1,-0.1,0.7,23.4,11.4,3.0,19.6,18.0,0.7,0.9,0.1,0.0,0.0,42.7,20.9,3.0,36.1,18.0,0.7,0.9,0.1,6.6,98.6,130.7,69.4,3.0,94.3,18.0,0.7,0.9,0.1,0.0,0.0,35.3,17.3,3.0,29.9,18.0,0.7,0.9,0.1,0.0,64.4,88.3,44.6,3.0,66.9,18.0,0.7,0.9,0.1,0.0,0.0,20.1,9.8,3.0,17.0,18.0,0.7,0.9,0.1,-11.7,-0.4,0.3,-5.6,3.0,9.9,18.0,0.7,0.9,0.1,1230.5,2146.5,2554.5,1898.5,3.0,993.5,18.0,0.7,0.9,0.1,1230.0,2145.0,2555.0,1900.0,3.0,995.0,18.0,0.7,0.9,0.1
1974,2,331.0,53.0,6.06,6.2,6.75,6.4,3.0,0.53,16.0,0.3,0.6,0.3,4.74,6.25,8.02,6.38,4.0,1.93,14.0,0.3,0.7,0.4,4.63,4.98,6.09,5.35,3.0,1.12,14.0,0.3,0.8,0.3,80.2,83.8,90.4,85.2,3.0,7.6,14.0,0.3,0.3,8.96,10.05,11.19,10.08,4.0,1.56,14.0,0.3,0.7,0.4,3.38,7.5,8.57,6.05,4.0,4.12,14.0,0.3,0.7,0.4,-5.99,1.26,8.29,1.15,4.0,8.38,14.0,0.3,0.7,0.4,985.87,992.25,1010.1,997.73,4.0,17.67,14.0,0.3,0.7,0.4,4.0,4.5,6.0,5.0,4.0,1.4,14.0,0.3,0.7,0.4,27.7,69.8,96.5,62.5,4.0,46.8,14.0,0.3,0.7,0.4,-64.5,17.3,82.8,9.5,4.0,88.0,14.0,0.3,0.7,0.4,-1.73,-0.5,0.52,-0.6,3.0,1.65,16.0,0.3,0.6,0.3,-17.7,-4.9,6.6,-5.5,3.0,17.9,16.0,0.3,0.6,0.3,-0.29,0.3,0.88,0.3,2.0,1.22,16.0,0.5,0.7,0.0,-3.1,2.8,8.6,2.8,2.0,12.1,16.0,0.5,0.7,0.0,15.2,39.0,57.0,36.2,4.0,28.1,14.0,0.3,0.7,0.4,-29.0,18.9,65.3,18.2,4.0,55.0,14.0,0.3,0.7,0.4,10.1,31.8,45.7,28.0,3.0,26.3,14.0,0.3,0.8,0.3,1.4,43.8,47.2,24.8,3.0,37.4,14.0,0.3,0.8,0.3,-3.8,-2.2,-0.7,-2.2,2.0,3.2,16.0,0.5,0.7,0.0,-1.4,3.8,8.9,3.8,2.0,10.7,16.0,0.5,0.7,0.0,737.0,1017.0,1425.5,1078.5,4.0,489.5,14.0,0.3,0.7,0.4,735.0,1015.0,1425.0,1080.0,4.0,490.0,14.0,0.3,0.7,0.4
1974,2,331.0,54.0,6.25,10.0,10.0,8.17,3.0,3.18,10.0,0.7,0.3,0.1,2.39,3.0,6.0,4.17,3.0,2.84,10.0,0.7,0.3,0.1,4.16,4.65,5.13,4.65,2.0,1.01,12.0,1.0,0.5,0.0,81.9,82.1,82.3,82.1,2.0,0.4,12.0,1.0,0.0,7.56,15.0,20.19,13.9,3.0,9.3,10.0,0.7,0.3,0.1,5.79,11.49,17.01,11.4,3.0,8.22,10.0,0.7,0.3,0.1,4.86,9.64,10.77,7.86,3.0,4.6,10.0,0.7,0.3,0.1,987.79,993.8,998.37,993.1,3.0,7.77,10.0,0.7,0.3,0.1,7.0,7.0,7.7,7.3,3.0,0.6,10.0,0.7,0.3,0.1,63.5,172.4,356.6,209.2,3.0,217.1,10.0,0.7,0.3,0.1,53.3,144.6,220.2,136.9,3.0,122.5,10.0,0.7,0.3,0.1,1.85,2.6,6.22,4.0,3.0,3.42,10.0,0.7,0.3,0.1,18.0,33.9,91.6,54.4,3.0,56.8,10.0,0.7,0.3,0.1,1.55,1.92,2.29,1.92,2.0,0.77,12.0,1.0,0.5,0.0,13.4,20.6,27.8,20.6,2.0,14.8,12.0,1.0,0.5,0.0,23.5,24.1,47.7,35.4,3.0,20.2,10.0,0.7,0.3,0.1,19.7,20.2,29.6,24.6,3.0,8.1,10.0,0.7,0.3,0.1,26.4,46.9,67.5,46.9,2.0,42.6,12.0,1.0,0.5,0.0,18.9,29.3,39.7,29.3,2.0,21.5,12.0,1.0,0.5,0.0,10.8,17.3,23.9,17.3,2.0,13.6,12.0,1.0,0.5,0.0,7.9,11.0,14.1,11.0,2.0,6.4,12.0,1.0,0.5,0.0,1118.5,3375.0,8950.5,4995.5,3.0,5906.5,10.0,0.7,0.3,0.1,1120.0,3375.0,8950.0,4995.0,3.0,5905.0,10.0,0.7,0.3,0.1
1974,2,331.0,55.0,,,,,,,,,,,,,,,,,,,,,,,,,,,,,,,,,,,,,,,,11.13,11.85,12.57,11.85,2.0,1.48,2.0,1.0,0.8,0.3,-3.41,-1.27,0.88,-1.27,2.0,4.45,2.0,1.0,0.8,0.3,-7.02,0.74,8.51,0.74,2.0,16.09,2.0,1.0,0.8,0.3,993.82,998.15,1002.48,998.15,2.0,8.98,2.0,1.0,0.8,0.3,,,,,,,,,,,,,,,,,,,,,,,,,,,,,,,,,,,,,,,,,,,,,,,,,,,,,,,,,,,,,,,,,,,,,,,,,,,,,,,,,,,,,,,,,,,,,,,,,,,,,,,,,,,,,,,,,,,,,,,,,,,,,,,,,,,,,,,,,,,,,,,,,,,,,,
1974,2,331.0,56.0,7.16,7.5,7.84,7.5,2.0,0.71,20.0,1.0,0.6,0.7,4.64,5.6,6.56,5.6,2.0,1.98,20.0,1.0,0.6,0.7,4.73,4.73,4.73,4.73,1.0,0.0,14.0,1.0,0.5,0.8,74.1,74.1,74.1,74.1,1.0,0.0,14.0,1.0,0.8,11.19,13.75,16.31,13.75,2.0,5.3,20.0,1.0,0.6,0.7,-3.66,1.34,6.34,1.34,2.0,10.36,20.0,1.0,0.6,0.7,-14.63,-10.72,-6.82,-10.72,2.0,8.09,20.0,1.0,0.6,0.7,988.28,1001.8,1015.32,1001.8,2.0,28.0,20.0,1.0,0.6,0.7,4.5,5.5,6.5,5.5,2.0,2.1,20.0,1.0,0.6,0.7,-74.4,-9.1,56.2,-9.1,2.0,135.3,20.0,1.0,0.6,0.7,-250.0,-168.9,-87.7,-168.9,2.0,168.1,20.0,1.0,0.6,0.7,0.6,1.9,3.2,1.9,2.0,2.69,20.0,1.0,0.6,0.7,6.0,19.0,32.0,19.0,2.0,26.9,20.0,1.0,0.6,0.7,1.66,1.66,1.66,1.66,1.0,0.0,14.0,1.0,0.5,0.8,29.1,29.1,29.1,29.1,1.0,0.0,14.0,1.0,0.5,0.8,-29.5,-2.8,24.0,-2.8,2.0,55.3,20.0,1.0,0.6,0.7,-100.2,-68.1,-35.9,-68.1,2.0,66.5,20.0,1.0,0.6,0.7,-28.3,-28.3,-28.3,-28.3,1.0,0.0,14.0,1.0,0.5,0.8,-77.8,-77.8,-77.8,-77.8,1.0,0.0,14.0,1.0,0.5,0.8,-9.9,-9.9,-9.9,-9.9,1.0,0.0,14.0,1.0,0.5,0.8,-27.3,-27.3,-27.3,-27.3,1.0,0.0,14.0,1.0,0.5,0.8,1692.0,3179.5,4667.5,3179.5,2.0,3082.5,20.0,1.0,0.6,0.7,1690.0,3180.0,4670.0,3180.0,2.0,3085.0,20.0,1.0,0.6,0.7
1974,2,331.0,58.0,,,,,,,,,,,,,,,,,,,,,,,,,,,,,,,,,,,,,,,,6.95,9.0,15.83,11.33,3.0,6.81,10.0,0.3,0.7,0.2,-7.23,-4.6,-3.71,-5.45,3.0,2.68,10.0,0.3,0.7,0.2,-3.61,-3.08,11.8,3.93,3.0,12.81,10.0,0.3,0.7,0.2,1002.9,1011.5,1019.08,1011.0,3.0,11.86,10.0,0.3,0.7,0.2,,,,,,,,,,,,,,,,,,,,,,,,,,,,,,,,,,,,,,,,,,,,,,,,,,,,,,,,,,,,,,,,,,,,,,,,,,,,,,,,,,,,,,,,,,,,,,,,,,,,,,,,,,,,,,,,,,,,,,,,,,,,,,,,,,,,,,,,,,,,,,,,,,,,,,
1974,2,331.0,59.0,,,,,,,,,,,,,,,,,,,,,,,,,,,,,,,,,,,,,,,,12.9,12.9,12.9,12.9,1.0,0.0,20.0,0.0,1.0,0.6,6.45,6.45,6.45,6.45,1.0,0.0,20.0,0.0,1.0,0.6,11.17,11.17,11.17,11.17,1.0,0.0,20.0,0.0,1.0,0.6,999.5,999.5,999.5,999.5,1.0,0.0,20.0,0.0,1.0,0.6,,,,,,,,,,,,,,,,,,,,,,,,,,,,,,,,,,,,,,,,,,,,,,,,,,,,,,,,,,,,,,,,,,,,,,,,,,,,,,,,,,,,,,,,,,,,,,,,,,,,,,,,,,,,,,,,,,,,,,,,,,,,,,,,,,,,,,,,,,,,,,,,,,,,,,
1974,2,331.0,60.0,6.09,6.5,6.57,6.33,3.0,0.38,18.0,0.0,0.6,0.7,1.94,3.05,5.57,3.73,4.0,2.39,18.0,0.0,0.6,0.7,4.2,4.29,5.42,4.79,3.0,1.0,18.0,0.0,0.6,0.7,92.5,92.7,95.8,94.1,3.0,2.7,18.0,0.0,0.7,14.35,15.95,16.76,15.58,4.0,1.6,18.0,0.0,0.6,0.7,-16.63,-15.49,-13.91,-15.28,4.0,1.61,18.0,0.0,0.6,0.7,-1.55,0.0,2.76,0.58,4.0,3.42,18.0,0.0,0.6,0.7,981.6,985.7,989.38,985.5,4.0,4.86,18.0,0.0,0.6,0.7,8.0,8.0,8.0,8.0,4.0,0.0,18.0,0.0,0.6,0.7,-278.7,-247.6,-200.2,-239.8,4.0,48.2,18.0,0.0,0.6,0.7,-26.3,0.0,42.5,7.7,4.0,54.3,18.0,0.0,0.6,0.7,0.68,4.5,4.64,2.7,3.0,3.29,18.0,0.0,0.6,0.7,7.6,60.3,72.1,40.3,3.0,50.3,18.0,0.0,0.6,0.7,0.59,1.86,1.96,1.29,3.0,1.12,18.0,0.0,0.6,0.7,8.6,27.0,29.5,19.2,3.0,16.7,18.0,0.0,0.6,0.7,-85.0,-48.3,-28.9,-56.5,4.0,34.8,18.0,0.0,0.6,0.7,-6.2,0.0,19.3,6.3,4.0,21.1,18.0,0.0,0.6,0.7,-81.1,-70.8,-60.4,-70.8,3.0,15.2,18.0,0.0,0.6,0.7,0.0,0.0,21.4,10.4,3.0,18.1,18.0,0.0,0.6,0.7,-29.5,-27.0,-8.6,-19.2,3.0,16.7,18.0,0.0,0.6,0.7,0.0,0.0,0.0,0.0,3.0,0.0,18.0,0.0,0.6,0.7,2999.5,4072.0,4712.5,3866.0,4.0,1105.5,18.0,0.0,0.6,0.7,3000.0,4070.0,4715.0,3865.0,4.0,1105.0,18.0,0.0,0.6,0.7
1974,2,331.0,61.0,,,,,,,,,,,,,,,,,,,,,,,,,,,,,,,,,,,,,,,,5.93,6.7,11.53,8.54,5.0,4.18,14.0,0.8,0.7,0.6,-5.1,-4.31,-2.73,-3.84,5.0,2.25,14.0,0.8,0.7,0.6,-5.86,-5.13,5.62,-0.4,5.0,9.22,14.0,0.8,0.7,0.6,973.63,980.3,1002.44,987.24,5.0,16.8,14.0,0.8,0.7,0.6,,,,,,,,,,,,,,,,,,,,,,,,,,,,,,,,,,,,,,,,,,,,,,,,,,,,,,,,,,,,,,,,,,,,,,,,,,,,,,,,,,,,,,,,,,,,,,,,,,,,,,,,,,,,,,,,,,,,,,,,,,,,,,,,,,,,,,,,,,,,,,,,,,,,,,
1974,2,331.0,62.0,,,,,,,,,,,,,,,,,,,,,,,,,,,,,,,,,,,,,,,,6.7,6.7,6.7,6.7,1.0,0.0,12.0,1.0,1.0,0.7,-4.31,-4.31,-4.31,-4.31,1.0,0.0,12.0,1.0,1.0,0.7,-5.13,-5.13,-5.13,-5.13,1.0,0.0,12.0,1.0,1.0,0.7,974.0,974.0,974.0,974.0,1.0,0.0,12.0,1.0,1.0,0.7,,,,,,,,,,,,,,,,,,,,,,,,,,,,,,,,,,,,,,,,,,,,,,,,,,,,,,,,,,,,,,,,,,,,,,,,,,,,,,,,,,,,,,,,,,,,,,,,,,,,,,,,,,,,,,,,,,,,,,,,,,,,,,,,,,,,,,,,,,,,,,,,,,,,,,
1974,2,332.0,-34.0,22.07,22.65,23.23,22.65,2.0,1.2,8.0,0.0,0.7,0.3,21.99,22.4,22.81,22.4,2.0,0.85,8.0,0.0,0.7,0.3,13.35,13.45,13.55,13.45,2.0,0.21,8.0,0.0,0.7,0.3,77.5,80.2,82.9,80.2,2.0,5.6,8.0,0.0,0.3,6.2,6.2,6.2,6.2,1.0,0.0,14.0,0.0,0.5,0.3,4.75,4.75,4.75,4.75,1.0,0.0,14.0,0.0,0.5,0.3,-3.99,-3.99,-3.99,-3.99,1.0,0.0,14.0,0.0,0.5,0.3,1015.02,1016.15,1017.28,1016.15,2.0,2.33,8.0,0.0,0.7,0.3,2.1,4.5,6.9,4.5,2.0,4.9,8.0,0.0,0.7,0.3,29.4,29.4,29.4,29.4,1.0,0.0,14.0,0.0,0.5,0.3,-24.7,-24.7,-24.7,-24.7,1.0,0.0,14.0,0.0,0.5,0.3,0.08,0.25,0.42,0.25,2.0,0.35,8.0,0.0,0.7,0.3,3.1,3.1,3.1,3.1,1.0,0.0,14.0,0.0,0.5,0.3,2.93,3.66,4.39,3.66,2.0,1.51,8.0,0.0,0.7,0.3,29.3,29.3,29.3,29.3,1.0,0.0,14.0,0.0,0.5,0.3,109.2,109.2,109.2,109.2,1.0,0.0,14.0,0.0,0.5,0.3,-91.7,-91.7,-91.7,-91.7,1.0,0.0,14.0,0.0,0.5,0.3,63.2,63.2,63.2,63.2,1.0,0.0,14.0,0.0,0.5,0.3,-53.0,-53.0,-53.0,-53.0,1.0,0.0,14.0,0.0,0.5,0.3,22.5,22.5,22.5,22.5,1.0,0.0,14.0,0.0,0.5,0.3,-18.8,-18.8,-18.8,-18.8,1.0,0.0,14.0,0.0,0.5,0.3,238.5,238.5,238.5,238.5,1.0,0.0,14.0,0.0,0.5,0.3,240.0,240.0,240.0,240.0,1.0,0.0,14.0,0.0,0.5,0.3
1974,2,332.0,-32.0,23.42,23.9,24.38,23.9,2.0,0.99,6.0,0.0,0.2,0.7,22.27,22.85,23.43,22.85,2.0,1.2,6.0,0.0,0.2,0.7,13.83,14.33,14.84,14.33,2.0,1.04,6.0,0.0,0.2,0.7,83.1,83.2,83.3,83.2,2.0,0.1,6.0,0.0,0.7,6.44,6.95,7.46,6.95,2.0,1.06,6.0,0.0,0.2,0.7,-6.1,-4.88,-3.67,-4.88,2.0,2.52,6.0,0.0,0.2,0.7,-2.39,0.76,3.91,0.76,2.0,6.52,6.0,0.0,0.2,0.7,1018.32,1019.45,1020.58,1019.45,2.0,2.33,6.0,0.0,0.2,0.7,2.1,4.5,6.9,4.5,2.0,4.9,6.0,0.0,0.2,0.7,-46.2,-35.3,-24.3,-35.3,2.0,22.7,6.0,0.0,0.2,0.7,-19.7,1.8,23.3,1.8,2.0,44.5,6.0,0.0,0.2,0.7,0.95,1.05,1.15,1.05,2.0,0.21,6.0,0.0,0.2,0.7,7.0,7.2,7.4,7.2,2.0,0.4,6.0,0.0,0.2,0.7,4.05,4.06,4.07,4.06,2.0,0.02,6.0,0.0,0.2,0.7,26.1,28.2,30.4,28.2,2.0,4.5,6.0,0.0,0.2,0.7,-143.8,-113.1,-82.5,-113.1,2.0,63.5,6.0,0.0,0.2,0.7,-58.0,13.4,84.9,13.4,2.0,148.0,6.0,0.0,0.2,0.7,-91.2,-71.3,-51.4,-71.3,2.0,41.3,6.0,0.0,0.2,0.7,-37.2,7.5,52.2,7.5,2.0,92.6,6.0,0.0,0.2,0.7,-24.9,-19.9,-14.9,-19.9,2.0,10.4,6.0,0.0,0.2,0.7,-9.8,3.0,15.8,3.0,2.0,26.5,6.0,0.0,0.2,0.7,273.0,347.5,422.0,347.5,2.0,154.5,6.0,0.0,0.2,0.7,275.0,345.0,420.0,345.0,2.0,155.0,6.0,0.0,0.2,0.7
1974,2,332.0,-31.0,24.2,24.2,24.2,24.2,1.0,0.0,18.0,1.0,0.2,0.1,24.0,24.0,24.0,24.0,1.0,0.0,18.0,1.0,0.2,0.1,15.89,15.89,15.89,15.89,1.0,0.0,18.0,1.0,0.2,0.1,85.9,85.9,85.9,85.9,1.0,0.0,18.0,1.0,0.1,4.1,4.1,4.1,4.1,1.0,0.0,18.0,1.0,0.2,0.1,0.0,0.0,0.0,0.0,1.0,0.0,18.0,1.0,0.2,0.1,4.1,4.1,4.1,4.1,1.0,0.0,18.0,1.0,0.2,0.1,1017.5,1017.5,1017.5,1017.5,1.0,0.0,18.0,1.0,0.2,0.1,6.0,6.0,6.0,6.0,1.0,0.0,18.0,1.0,0.2,0.1,0.0,0.0,0.0,0.0,1.0,0.0,18.0,1.0,0.2,0.1,16.8,16.8,16.8,16.8,1.0,0.0,18.0,1.0,0.2,0.1,0.2,0.2,0.2,0.2,1.0,0.0,18.0,1.0,0.2,0.1,0.8,0.8,0.8,0.8,1.0,0.0,18.0,1.0,0.2,0.1,2.86,2.86,2.86,2.86,1.0,0.0,18.0,1.0,0.2,0.1,11.7,11.7,11.7,11.7,1.0,0.0,18.0,1.0,0.2,0.1,0.0,0.0,0.0,0.0,1.0,0.0,18.0,1.0,0.2,0.1,98.4,98.4,98.4,98.4,1.0,0.0,18.0,1.0,0.2,0.1,0.0,0.0,0.0,0.0,1.0,0.0,18.0,1.0,0.2,0.1,65.2,65.2,65.2,65.2,1.0,0.0,18.0,1.0,0.2,0.1,0.0,0.0,0.0,0.0,1.0,0.0,18.0,1.0,0.2,0.1,11.7,11.7,11.7,11.7,1.0,0.0,18.0,1.0,0.2,0.1,69.0,69.0,69.0,69.0,1.0,0.0,18.0,1.0,0.2,0.1,70.0,70.0,70.0,70.0,1.0,0.0,18.0,1.0,0.2,0.1
1974,2,332.0,-30.0,26.0,26.0,26.0,26.0,1.0,0.0,20.0,1.0,0.4,0.9,22.2,22.2,22.2,22.2,1.0,0.0,20.0,1.0,0.4,0.9,13.1,13.1,13.1,13.1,1.0,0.0,20.0,1.0,0.4,0.9,79.1,79.1,79.1,79.1,1.0,0.0,20.0,1.0,0.9,7.7,7.7,7.7,7.7,1.0,0.0,20.0,1.0,0.4,0.9,-7.24,-7.24,-7.24,-7.24,1.0,0.0,20.0,1.0,0.4,0.9,2.63,2.63,2.63,2.63,1.0,0.0,20.0,1.0,0.4,0.9,1017.0,1017.0,1017.0,1017.0,1.0,0.0,20.0,1.0,0.4,0.9,8.0,8.0,8.0,8.0,1.0,0.0,20.0,1.0,0.4,0.9,-55.7,-55.7,-55.7,-55.7,1.0,0.0,20.0,1.0,0.4,0.9,20.3,20.3,20.3,20.3,1.0,0.0,20.0,1.0,0.4,0.9,3.8,3.8,3.8,3.8,1.0,0.0,20.0,1.0,0.4,0.9,29.3,29.3,29.3,29.3,1.0,0.0,20.0,1.0,0.4,0.9,7.82,7.82,7.82,7.82,1.0,0.0,20.0,1.0,0.4,0.9,60.2,60.2,60.2,60.2,1.0,0.0,20.0,1.0,0.4,0.9,-160.6,-160.6,-160.6,-160.6,1.0,0.0,20.0,1.0,0.4,0.9,58.5,58.5,58.5,58.5,1.0,0.0,20.0,1.0,0.4,0.9,-94.8,-94.8,-94.8,-94.8,1.0,0.0,20.0,1.0,0.4,0.9,34.5,34.5,34.5,34.5,1.0,0.0,20.0,1.0,0.4,0.9,-56.6,-56.6,-56.6,-56.6,1.0,0.0,20.0,1.0,0.4,0.9,20.6,20.6,20.6,20.6,1.0,0.0,20.0,1.0,0.4,0.9,456.5,456.5,456.5,456.5,1.0,0.0,20.0,1.0,0.4,0.9,455.0,455.0,455.0,455.0,1.0,0.0,20.0,1.0,0.4,0.9
1974,2,332.0,-28.0,25.5,25.5,25.84,25.67,3.0,0.29,16.0,0.7,0.5,0.3,24.0,24.0,24.0,24.0,3.0,0.0,16.0,0.7,0.5,0.3,14.61,14.87,15.21,14.91,3.0,0.45,16.0,0.7,0.5,0.3,79.0,80.3,82.4,80.7,3.0,2.5,16.0,0.7,0.3,4.9,7.7,7.7,6.33,3.0,2.37,16.0,0.7,0.5,0.3,-7.24,-7.24,-4.61,-5.95,3.0,2.22,16.0,0.7,0.5,0.3,-2.63,-2.63,0.0,-1.35,3.0,2.23,16.0,0.7,0.5,0.3,1016.32,1017.0,1018.84,1017.57,3.0,1.91,16.0,0.7,0.5,0.3,6.3,7.0,7.7,7.0,2.0,1.4,16.0,0.5,0.6,0.5,-55.7,-55.7,-26.0,-41.2,3.0,25.1,16.0,0.7,0.5,0.3,-20.3,-20.3,-3.4,-12.0,3.0,14.3,16.0,0.7,0.5,0.3,1.5,1.5,1.84,1.67,3.0,0.29,16.0,0.7,0.5,0.3,8.6,11.6,11.6,10.1,3.0,2.5,16.0,0.7,0.5,0.3,5.46,5.49,5.71,5.59,3.0,0.2,16.0,0.7,0.5,0.3,26.8,42.0,43.9,35.5,3.0,13.7,16.0,0.7,0.5,0.3,-173.7,-173.7,-110.5,-142.8,3.0,53.4,16.0,0.7,0.5,0.3,-63.2,-63.2,0.1,-32.3,3.0,53.6,16.0,0.7,0.5,0.3,-106.7,-104.8,-68.8,-88.1,3.0,31.3,16.0,0.7,0.5,0.3,-38.8,-38.1,0.8,-19.5,3.0,33.2,16.0,0.7,0.5,0.3,-41.2,-39.5,-25.2,-33.4,3.0,12.9,16.0,0.7,0.5,0.3,-15.0,-14.4,0.1,-7.6,3.0,12.5,16.0,0.7,0.5,0.3,177.0,456.5,456.5,320.0,3.0,236.5,16.0,0.7,0.5,0.3,175.0,455.0,455.0,320.0,3.0,235.0,16.0,0.7,0.5,0.3
1974,2,332.0,-24.0,26.5,26.5,26.5,26.5,1.0,0.0,10.0,0.0,1.0,0.2,25.2,25.2,25.2,25.2,1.0,0.0,10.0,0.0,1.0,0.2,14.56,14.56,14.56,14.56,1.0,0.0,10.0,0.0,1.0,0.2,73.4,73.4,73.4,73.4,1.0,0.0,10.0,0.0,0.2,10.3,10.3,10.3,10.3,1.0,0.0,10.0,0.0,1.0,0.2,-10.3,-10.3,-10.3,-10.3,1.0,0.0,10.0,0.0,1.0,0.2,0.0,0.0,0.0,0.0,1.0,0.0,10.0,0.0,1.0,0.2,1018.5,1018.5,1018.5,1018.5,1.0,0.0,10.0,0.0,1.0,0.2,8.0,8.0,8.0,8.0,1.0,0.0,10.0,0.0,1.0,0.2,-106.1,-106.1,-106.1,-106.1,1.0,0.0,10.0,0.0,1.0,0.2,0.0,0.0,0.0,0.0,1.0,0.0,10.0,0.0,1.0,0.2,1.3,1.3,1.3,1.3,1.0,0.0,10.0,0.0,1.0,0.2,13.4,13.4,13.4,13.4,1.0,0.0,10.0,0.0,1.0,0.2,6.97,6.97,6.97,6.97,1.0,0.0,10.0,0.0,1.0,0.2,71.8,71.8,71.8,71.8,1.0,0.0,10.0,0.0,1.0,0.2,-259.6,-259.6,-259.6,-259.6,1.0,0.0,10.0,0.0,1.0,0.2,0.0,0.0,0.0,0.0,1.0,0.0,10.0,0.0,1.0,0.2,-149.9,-149.9,-149.9,-149.9,1.0,0.0,10.0,0.0,1.0,0.2,0.0,0.0,0.0,0.0,1.0,0.0,10.0,0.0,1.0,0.2,-71.8,-71.8,-71.8,-71.8,1.0,0.0,10.0,0.0,1.0,0.2,0.0,0.0,0.0,0.0,1.0,0.0,10.0,0.0,1.0,0.2,1092.5,1092.5,1092.5,1092.5,1.0,0.0,10.0,0.0,1.0,0.2,1095.0,1095.0,1095.0,1095.0,1.0,0.0,10.0,0.0,1.0,0.2
1974,2,332.0,-14.0,27.8,27.8,27.8,27.8,1.0,0.0,10.0,1.0,0.3,0.6,26.7,26.7,26.7,26.7,1.0,0.0,10.0,1.0,0.3,0.6,18.16,18.16,18.16,18.16,1.0,0.0,10.0,1.0,0.3,0.6,83.1,83.1,83.1,83.1,1.0,0.0,10.0,1.0,0.6,10.3,10.3,10.3,10.3,1.0,0.0,10.0,1.0,0.3,0.6,-9.68,-9.68,-9.68,-9.68,1.0,0.0,10.0,1.0,0.3,0.6,3.52,3.52,3.52,3.52,1.0,0.0,10.0,1.0,0.3,0.6,1013.5,1013.5,1013.5,1013.5,1.0,0.0,10.0,1.0,0.3,0.6,2.0,2.0,2.0,2.0,1.0,0.0,10.0,1.0,0.3,0.6,-99.7,-99.7,-99.7,-99.7,1.0,0.0,10.0,1.0,0.3,0.6,36.3,36.3,36.3,36.3,1.0,0.0,10.0,1.0,0.3,0.6,1.1,1.1,1.1,1.1,1.0,0.0,10.0,1.0,0.3,0.6,11.3,11.3,11.3,11.3,1.0,0.0,10.0,1.0,0.3,0.6,5.22,5.22,5.22,5.22,1.0,0.0,10.0,1.0,0.3,0.6,53.7,53.7,53.7,53.7,1.0,0.0,10.0,1.0,0.3,0.6,-258.4,-258.4,-258.4,-258.4,1.0,0.0,10.0,1.0,0.3,0.6,94.1,94.1,94.1,94.1,1.0,0.0,10.0,1.0,0.3,0.6,-175.7,-175.7,-175.7,-175.7,1.0,0.0,10.0,1.0,0.3,0.6,64.0,64.0,64.0,64.0,1.0,0.0,10.0,1.0,0.3,0.6,-50.5,-50.5,-50.5,-50.5,1.0,0.0,10.0,1.0,0.3,0.6,18.4,18.4,18.4,18.4,1.0,0.0,10.0,1.0,0.3,0.6,1092.5,1092.5,1092.5,1092.5,1.0,0.0,10.0,1.0,0.3,0.6,1095.0,1095.0,1095.0,1095.0,1.0,0.0,10.0,1.0,0.3,0.6
1974,2,332.0,-12.0,27.04,27.55,28.06,27.55,2.0,1.06,16.0,1.0,0.7,0.7,27.23,28.6,29.97,28.6,2.0,2.83,16.0,1.0,0.7,0.7,19.36,19.36,19.36,19.36,1.0,0.0,20.0,1.0,0.7,0.9,70.7,71.5,72.3,71.5,2.0,1.6,16.0,1.0,0.7,2.68,2.85,3.02,2.85,2.0,0.35,16.0,1.0,0.7,0.7,-2.96,-2.75,-2.54,-2.75,2.0,0.43,16.0,1.0,0.7,0.7,-0.31,0.18,0.66,0.18,2.0,1.01,16.0,1.0,0.7,0.7,1009.8,1009.8,1009.8,1009.8,1.0,0.0,20.0,1.0,0.7,0.9,5.2,5.5,5.8,5.5,2.0,0.7,16.0,1.0,0.7,0.7,-9.0,-7.9,-6.8,-7.9,2.0,2.2,16.0,1.0,0.7,0.7,-1.0,0.3,1.7,0.3,2.0,2.8,16.0,1.0,0.7,0.7,-1.9,-1.05,-0.2,-1.05,2.0,1.77,16.0,1.0,0.7,0.7,-5.9,-3.3,-0.7,-3.3,2.0,5.4,16.0,1.0,0.7,0.7,4.8,4.8,4.8,4.8,1.0,0.0,20.0,1.0,0.7,0.9,14.9,14.9,14.9,14.9,1.0,0.0,20.0,1.0,0.7,0.9,-88.9,-79.2,-69.5,-79.2,2.0,20.1,16.0,1.0,0.7,0.7,-10.1,3.6,17.3,3.6,2.0,28.4,16.0,1.0,0.7,0.7,-59.1,-59.1,-59.1,-59.1,1.0,0.0,20.0,1.0,0.7,0.9,-10.4,-10.4,-10.4,-10.4,1.0,0.0,20.0,1.0,0.7,0.9,-14.7,-14.7,-14.7,-14.7,1.0,0.0,20.0,1.0,0.7,0.9,-2.6,-2.6,-2.6,-2.6,1.0,0.0,20.0,1.0,0.7,0.9,19.5,23.5,28.0,23.5,2.0,8.5,16.0,1.0,0.7,0.7,20.0,25.0,30.0,25.0,2.0,10.0,16.0,1.0,0.7,0.7
1974,2,332.0,-11.0,26.7,26.7,26.7,26.7,1.0,0.0,14.0,1.0,0.2,0.3,28.8,28.8,28.8,28.8,1.0,0.0,14.0,1.0,0.2,0.3,15.67,15.67,15.67,15.67,1.0,0.0,14.0,1.0,0.2,0.3,63.5,63.5,63.5,63.5,1.0,0.0,14.0,1.0,0.3,2.6,2.6,2.6,2.6,1.0,0.0,14.0,1.0,0.2,0.3,-2.44,-2.44,-2.44,-2.44,1.0,0.0,14.0,1.0,0.2,0.3,0.89,0.89,0.89,0.89,1.0,0.0,14.0,1.0,0.2,0.3,1013.0,1013.0,1013.0,1013.0,1.0,0.0,14.0,1.0,0.2,0.3,4.0,4.0,4.0,4.0,1.0,0.0,14.0,1.0,0.2,0.3,-6.4,-6.4,-6.4,-6.4,1.0,0.0,14.0,1.0,0.2,0.3,2.3,2.3,2.3,2.3,1.0,0.0,14.0,1.0,0.2,0.3,-2.1,-2.1,-2.1,-2.1,1.0,0.0,14.0,1.0,0.2,0.3,-5.5,-5.5,-5.5,-5.5,1.0,0.0,14.0,1.0,0.2,0.3,6.23,6.23,6.23,6.23,1.0,0.0,14.0,1.0,0.2,0.3,16.2,16.2,16.2,16.2,1.0,0.0,14.0,1.0,0.2,0.3,-70.4,-70.4,-70.4,-70.4,1.0,0.0,14.0,1.0,0.2,0.3,25.6,25.6,25.6,25.6,1.0,0.0,14.0,1.0,0.2,0.3,-38.3,-38.3,-38.3,-38.3,1.0,0.0,14.0,1.0,0.2,0.3,13.9,13.9,13.9,13.9,1.0,0.0,14.0,1.0,0.2,0.3,-15.2,-15.2,-15.2,-15.2,1.0,0.0,14.0,1.0,0.2,0.3,5.5,5.5,5.5,5.5,1.0,0.0,14.0,1.0,0.2,0.3,17.5,17.5,17.5,17.5,1.0,0.0,14.0,1.0,0.2,0.3,20.0,20.0,20.0,20.0,1.0,0.0,14.0,1.0,0.2,0.3
1974,2,332.0,-9.0,27.41,27.65,27.8,27.6,8.0,1.03,18.0,0.3,0.7,0.7,26.82,27.3,28.68,27.49,8.0,0.93,18.0,0.3,0.7,0.7,16.95,17.35,18.09,17.37,6.0,0.85,18.0,0.3,0.8,0.7,71.3,76.1,79.9,76.5,6.0,5.6,18.0,0.3,0.7,3.01,4.6,6.14,4.69,8.0,1.78,18.0,0.3,0.7,0.7,-6.05,-4.03,-2.5,-4.26,8.0,1.72,18.0,0.3,0.7,0.7,0.9,1.07,2.84,1.49,8.0,1.42,18.0,0.3,0.7,0.7,1008.99,1011.15,1011.84,1011.0,8.0,1.9,18.0,0.3,0.7,0.7,2.0,2.5,4.9,3.0,8.0,1.9,18.0,0.3,0.7,0.7,-37.2,-18.5,-7.1,-22.6,8.0,16.4,18.0,0.3,0.7,0.7,2.4,5.7,12.8,7.9,8.0,10.0,18.0,0.3,0.7,0.7,-1.18,0.25,0.78,0.11,8.0,1.6,18.0,0.3,0.7,0.7,-5.5,0.7,3.6,-0.9,8.0,7.5,18.0,0.3,0.7,0.7,4.91,5.76,7.47,5.86,6.0,1.56,18.0,0.3,0.8,0.7,25.0,29.5,33.7,29.3,6.0,5.0,18.0,0.3,0.8,0.7,-168.3,-108.4,-67.3,-117.5,8.0,48.7,18.0,0.3,0.7,0.7,24.4,29.2,76.6,41.2,8.0,38.9,18.0,0.3,0.7,0.7,-111.0,-85.1,-59.2,-84.9,6.0,26.2,18.0,0.3,0.8,0.7,11.1,19.4,54.1,26.8,6.0,27.9,18.0,0.3,0.8,0.7,-33.2,-27.3,-21.3,-27.2,6.0,6.6,18.0,0.3,0.8,0.7,3.3,6.9,13.6,7.2,6.0,7.8,18.0,0.3,0.8,0.7,27.5,97.5,232.5,143.5,8.0,149.0,18.0,0.3,0.7,0.7,25.0,95.0,230.0,145.0,8.0,150.0,18.0,0.3,0.7,0.7
1974,2,332.0,-8.0,27.13,27.8,28.18,27.7,5.0,0.61,14.0,0.2,0.5,0.9,26.26,26.8,27.37,26.8,5.0,0.89,14.0,0.2,0.5,0.9,16.87,16.93,18.5,17.71,5.0,1.62,14.0,0.2,0.5,0.9,74.6,79.2,86.3,80.4,5.0,7.7,14.0,0.2,0.9,4.73,6.7,7.38,6.16,5.0,1.51,14.0,0.2,0.5,0.9,-6.73,-5.1,-3.88,-5.27,5.0,1.72,14.0,0.2,0.5,0.9,-0.49,2.64,4.16,2.01,5.0,2.64,14.0,0.2,0.5,0.9,1009.32,1010.0,1012.65,1010.78,5.0,1.79,14.0,0.2,0.5,0.9,1.6,5.0,7.0,4.4,5.0,2.8,14.0,0.2,0.5,0.9,-49.8,-28.9,-21.2,-34.2,5.0,17.7,14.0,0.2,0.5,0.9,-3.8,10.8,29.0,12.2,5.0,18.3,14.0,0.2,0.5,0.9,0.05,0.5,1.87,0.9,5.0,1.09,14.0,0.2,0.5,0.9,0.6,3.6,11.9,6.2,5.0,7.9,14.0,0.2,0.5,0.9,4.76,5.54,6.62,5.6,5.0,1.16,14.0,0.2,0.5,0.9,24.2,37.1,43.2,34.8,5.0,12.4,14.0,0.2,0.5,0.9,-176.3,-137.7,-105.4,-140.2,5.0,41.4,14.0,0.2,0.5,0.9,-12.5,73.8,111.3,54.7,5.0,70.4,14.0,0.2,0.5,0.9,-115.4,-105.0,-65.4,-93.3,5.0,30.1,14.0,0.2,0.5,0.9,-8.3,44.5,71.1,34.1,5.0,44.8,14.0,0.2,0.5,0.9,-39.7,-23.9,-20.2,-29.7,5.0,13.3,14.0,0.2,0.5,0.9,-3.3,17.2,22.4,11.1,5.0,15.3,14.0,0.2,0.5,0.9,109.5,301.0,403.5,266.5,5.0,162.5,14.0,0.2,0.5,0.9,110.0,300.0,405.0,265.0,5.0,165.0,14.0,0.2,0.5,0.9
1974,2,332.0,-7.0,27.71,28.0,28.0,27.67,7.0,0.78,4.0,0.3,0.5,0.4,26.7,26.8,27.32,27.0,7.0,0.42,4.0,0.3,0.5,0.4,17.6,18.45,19.29,18.45,2.0,1.75,12.0,0.0,0.5,0.6,79.6,81.5,83.4,81.5,2.0,3.9,12.0,0.0,0.6,5.93,6.0,7.24,6.4,7.0,1.1,4.0,0.3,0.5,0.4,-6.27,-5.64,-5.54,-5.67,7.0,1.05,4.0,0.3,0.5,0.4,0.99,2.05,3.06,1.7,7.0,2.65,4.0,0.3,0.5,0.4,1008.92,1010.2,1011.53,1010.04,7.0,1.6,4.0,0.3,0.5,0.4,1.0,4.0,6.0,3.9,7.0,2.1,4.0,0.3,0.5,0.4,-48.3,-33.8,-33.0,-37.1,7.0,11.5,4.0,0.3,0.5,0.4,6.9,12.3,14.9,10.6,7.0,19.5,4.0,0.3,0.5,0.4,-0.04,1.0,1.21,0.67,7.0,0.8,4.0,0.3,0.5,0.4,-0.2,7.0,8.5,4.7,7.0,4.9,4.0,0.3,0.5,0.4,3.7,3.71,3.73,3.71,2.0,0.03,12.0,0.0,0.5,0.6,18.5,21.9,25.3,21.9,2.0,7.0,12.0,0.0,0.5,0.6,-174.0,-153.9,-147.3,-153.3,7.0,29.2,4.0,0.3,0.5,0.4,26.5,55.0,81.8,45.0,7.0,72.2,4.0,0.3,0.5,0.4,-112.9,-91.7,-70.5,-91.7,2.0,43.9,12.0,0.0,0.5,0.6,-51.5,-10.0,31.6,-10.0,2.0,86.1,12.0,0.0,0.5,0.6,-21.6,-18.1,-14.6,-18.1,2.0,7.3,12.0,0.0,0.5,0.6,-9.6,-1.3,7.0,-1.3,2.0,17.2,12.0,0.0,0.5,0.6,210.5,216.0,380.0,282.0,7.0,136.5,4.0,0.3,0.5,0.4,210.0,215.0,380.0,280.0,7.0,135.0,4.0,0.3,0.5,0.4
1974,2,332.0,-6.0,26.7,26.7,26.7,26.7,1.0,0.0,28.0,1.0,0.8,0.7,30.6,30.6,30.6,30.6,1.0,0.0,28.0,1.0,0.8,0.7,18.48,18.48,18.48,18.48,1.0,0.0,28.0,1.0,0.8,0.7,67.5,67.5,67.5,67.5,1.0,0.0,28.0,1.0,0.7,5.1,5.1,5.1,5.1,1.0,0.0,28.0,1.0,0.8,0.7,-4.79,-4.79,-4.79,-4.79,1.0,0.0,28.0,1.0,0.8,0.7,1.74,1.74,1.74,1.74,1.0,0.0,28.0,1.0,0.8,0.7,1013.9,1013.9,1013.9,1013.9,1.0,0.0,28.0,1.0,0.8,0.7,,,,,,,,,,,,,,,,,,,,,,,,,,,,,,,-3.9,-3.9,-3.9,-3.9,1.0,0.0,28.0,1.0,0.8,0.7,-19.9,-19.9,-19.9,-19.9,1.0,0.0,28.0,1.0,0.8,0.7,3.4,3.4,3.4,3.4,1.0,0.0,28.0,1.0,0.8,0.7,17.3,17.3,17.3,17.3,1.0,0.0,28.0,1.0,0.8,0.7,-146.6,-146.6,-146.6,-146.6,1.0,0.0,28.0,1.0,0.8,0.7,53.4,53.4,53.4,53.4,1.0,0.0,28.0,1.0,0.8,0.7,-88.6,-88.6,-88.6,-88.6,1.0,0.0,28.0,1.0,0.8,0.7,32.2,32.2,32.2,32.2,1.0,0.0,28.0,1.0,0.8,0.7,-16.3,-16.3,-16.3,-16.3,1.0,0.0,28.0,1.0,0.8,0.7,5.9,5.9,5.9,5.9,1.0,0.0,28.0,1.0,0.8,0.7,132.5,132.5,132.5,132.5,1.0,0.0,28.0,1.0,0.8,0.7,135.0,135.0,135.0,135.0,1.0,0.0,28.0,1.0,0.8,0.7
1974,2,332.0,-5.0,25.83,26.5,27.95,26.88,4.0,1.51,12.0,0.3,0.5,0.6,25.95,26.25,26.76,26.35,4.0,0.51,12.0,0.3,0.5,0.6,17.37,19.17,19.19,18.3,3.0,1.53,8.0,0.3,0.5,0.4,80.9,85.7,89.6,85.3,3.0,6.4,8.0,0.3,0.4,3.6,3.85,5.1,4.33,4.0,1.14,12.0,0.3,0.5,0.6,-4.86,-3.57,-3.07,-3.95,4.0,1.44,12.0,0.3,0.5,0.6,0.0,0.31,1.94,0.94,4.0,1.5,12.0,0.3,0.5,0.6,1007.21,1008.35,1008.96,1008.1,4.0,1.17,12.0,0.3,0.5,0.6,2.9,6.5,7.0,5.0,4.0,3.4,12.0,0.3,0.5,0.6,-25.0,-12.9,-11.7,-18.1,4.0,12.0,12.0,0.3,0.5,0.6,0.0,1.1,7.8,3.8,4.0,6.2,12.0,0.3,0.5,0.6,-0.66,0.2,1.74,0.53,4.0,1.51,12.0,0.3,0.5,0.6,-2.5,0.6,9.4,3.3,4.0,8.2,12.0,0.3,0.5,0.6,2.45,2.98,3.63,3.04,3.0,0.87,8.0,0.3,0.5,0.4,8.8,10.7,14.4,11.6,3.0,4.2,8.0,0.3,0.5,0.4,-129.6,-94.5,-79.6,-104.1,4.0,38.6,12.0,0.3,0.5,0.6,0.0,8.1,50.5,24.5,4.0,38.9,12.0,0.3,0.5,0.6,-68.7,-67.9,-51.3,-60.2,3.0,14.4,8.0,0.3,0.5,0.4,3.8,12.0,39.2,21.3,3.0,27.2,8.0,0.3,0.5,0.4,-10.5,-10.4,-8.7,-9.6,3.0,1.5,8.0,0.3,0.5,0.4,0.6,1.9,9.0,4.7,3.0,6.7,8.0,0.3,0.5,0.4,46.5,58.0,146.0,94.5,4.0,81.5,12.0,0.3,0.5,0.6,45.0,60.0,145.0,95.0,4.0,80.0,12.0,0.3,0.5,0.6
1974,2,332.0,-4.0,28.0,28.0,28.68,28.33,3.0,0.58,18.0,0.3,0.7,0.6,25.83,25.9,25.97,25.9,2.0,0.14,14.0,0.0,0.6,0.4,17.99,18.56,19.12,18.56,2.0,1.17,14.0,0.0,0.6,0.4,86.2,88.5,90.9,88.5,2.0,4.9,14.0,0.0,0.4,2.39,3.0,3.41,2.9,3.0,0.75,18.0,0.3,0.7,0.6,-3.36,-2.95,-0.94,-2.17,3.0,1.9,18.0,0.3,0.7,0.6,0.55,0.63,1.63,1.08,3.0,0.88,18.0,0.3,0.7,0.6,1007.2,1008.7,1008.9,1008.07,3.0,1.37,18.0,0.3,0.7,0.6,4.3,5.0,7.0,5.7,3.0,2.1,18.0,0.3,0.7,0.6,-11.5,-8.9,-2.8,-7.2,3.0,6.5,18.0,0.3,0.7,0.6,1.8,2.3,3.7,2.7,3.0,1.5,18.0,0.3,0.7,0.6,2.03,2.1,2.17,2.1,2.0,0.14,14.0,0.0,0.6,0.4,5.0,5.9,6.8,5.9,2.0,1.8,14.0,0.0,0.6,0.4,4.65,5.23,5.81,5.23,2.0,1.21,14.0,0.0,0.6,0.4,13.3,14.3,15.3,14.3,2.0,2.1,14.0,0.0,0.6,0.4,-77.5,-46.1,-14.6,-46.1,2.0,65.2,14.0,0.0,0.6,0.4,22.3,35.2,48.2,35.2,2.0,26.8,14.0,0.0,0.6,0.4,-57.8,-34.4,-10.9,-34.4,2.0,48.6,14.0,0.0,0.6,0.4,16.1,24.7,33.3,24.7,2.0,17.8,14.0,0.0,0.6,0.4,-13.1,-7.8,-2.5,-7.8,2.0,11.0,14.0,0.0,0.6,0.4,4.3,7.8,11.2,7.8,2.0,7.1,14.0,0.0,0.6,0.4,15.0,27.0,40.5,27.5,3.0,18.5,18.0,0.3,0.7,0.6,15.0,25.0,40.0,30.0,3.0,20.0,18.0,0.3,0.7,0.6
1974,2,332.0,-3.0,28.0,28.0,28.0,28.0,1.0,0.0,4.0,0.0,0.2,1.0,25.0,25.0,25.0,25.0,1.0,0.0,4.0,0.0,0.2,1.0,18.24,18.24,18.24,18.24,1.0,0.0,4.0,0.0,0.2,1.0,91.9,91.9,91.9,91.9,1.0,0.0,4.0,0.0,1.0,0.0,0.0,0.0,0.0,1.0,0.0,4.0,0.0,0.2,1.0,0.0,0.0,0.0,0.0,1.0,0.0,4.0,0.0,0.2,1.0,0.0,0.0,0.0,0.0,1.0,0.0,4.0,0.0,0.2,1.0,1009.0,1009.0,1009.0,1009.0,1.0,0.0,4.0,0.0,0.2,1.0,8.0,8.0,8.0,8.0,1.0,0.0,4.0,0.0,0.2,1.0,0.0,0.0,0.0,0.0,1.0,0.0,4.0,0.0,0.2,1.0,0.0,0.0,0.0,0.0,1.0,0.0,4.0,0.0,0.2,1.0,3.0,3.0,3.0,3.0,1.0,0.0,4.0,0.0,0.2,1.0,0.0,0.0,0.0,0.0,1.0,0.0,4.0,0.0,0.2,1.0,5.52,5.52,5.52,5.52,1.0,0.0,4.0,0.0,0.2,1.0,0.0,0.0,0.0,0.0,1.0,0.0,4.0,0.0,0.2,1.0,0.0,0.0,0.0,0.0,1.0,0.0,4.0,0.0,0.2,1.0,0.0,0.0,0.0,0.0,1.0,0.0,4.0,0.0,0.2,1.0,0.0,0.0,0.0,0.0,1.0,0.0,4.0,0.0,0.2,1.0,0.0,0.0,0.0,0.0,1.0,0.0,4.0,0.0,0.2,1.0,0.0,0.0,0.0,0.0,1.0,0.0,4.0,0.0,0.2,1.0,0.0,0.0,0.0,0.0,1.0,0.0,4.0,0.0,0.2,1.0,0.0,0.0,0.0,0.0,1.0,0.0,4.0,0.0,0.2,1.0,0.0,0.0,0.0,0.0,1.0,0.0,4.0,0.0,0.2,1.0
1974,2,332.0,-2.0,27.9,27.9,27.9,27.9,1.0,0.0,14.0,0.0,0.7,0.6,26.3,26.3,26.3,26.3,1.0,0.0,14.0,0.0,0.7,0.6,18.44,18.44,18.44,18.44,1.0,0.0,14.0,0.0,0.7,0.6,86.1,86.1,86.1,86.1,1.0,0.0,14.0,0.0,0.6,,,,,,,,,,,,,,,,,,,,,,,,,,,,,,,,,,,,,,,,,,,,,,,,,,,,,,,,,,,,,,,,,,,,,,,,,,,,,,,,,,,,,,,,,,,,,,,,,,,,,,,,,,,,,,,,,,,,,,,,,,,,,,,,,,,,,,,,,,,,,,,,,,,,,,,,,,,,,,,,,,,,,,,,,,,,,,,,,,,,,,,,,,,,,,
1974,2,332.0,-1.0,28.0,28.0,28.0,28.0,1.0,0.0,22.0,1.0,0.9,0.9,27.56,27.7,27.84,27.7,2.0,0.28,14.0,1.0,0.5,0.9,20.42,20.42,20.42,20.42,1.0,0.0,22.0,1.0,0.9,0.9,88.9,88.9,88.9,88.9,1.0,0.0,22.0,1.0,0.9,4.0,4.0,4.0,4.0,1.0,0.0,6.0,1.0,0.2,0.8,-3.46,-3.46,-3.46,-3.46,1.0,0.0,6.0,1.0,0.2,0.8,-2.0,-2.0,-2.0,-2.0,1.0,0.0,6.0,1.0,0.2,0.8,1011.0,1011.0,1011.0,1011.0,2.0,0.0,14.0,1.0,0.5,0.9,2.0,2.0,2.0,2.0,1.0,0.0,6.0,1.0,0.2,0.8,-13.9,-13.9,-13.9,-13.9,1.0,0.0,6.0,1.0,0.2,0.8,-8.0,-8.0,-8.0,-8.0,1.0,0.0,6.0,1.0,0.2,0.8,,,,,,,,,,,,,,,,,,,,,,,,,,,,,,,,,,,,,,,,,,,,,,,,,,,,,,,,,,,,,,,,,,,,,,,,,,,,,,,,,,,,,,,,,,,,,,,,,,,,,,,,,,,,,,,,,,,,,,,,
1974,2,332.0,1.0,27.75,27.85,27.95,27.85,2.0,0.21,10.0,1.0,0.5,0.6,24.29,24.9,25.51,24.9,2.0,1.27,10.0,1.0,0.5,0.6,17.29,17.53,17.78,17.53,2.0,0.51,10.0,1.0,0.5,0.6,87.0,89.0,91.0,89.0,2.0,4.1,10.0,1.0,0.6,3.09,4.15,5.21,4.15,2.0,2.19,8.0,0.5,0.6,0.3,-4.06,-3.4,-2.75,-3.4,2.0,1.36,8.0,0.5,0.6,0.3,-2.94,-1.39,0.17,-1.39,2.0,3.22,8.0,0.5,0.6,0.3,1008.35,1009.1,1009.65,1009.0,3.0,0.95,10.0,0.7,0.5,0.4,6.3,7.0,7.7,7.0,2.0,1.4,10.0,1.0,0.5,0.6,-21.9,-15.6,-9.3,-15.6,2.0,13.1,8.0,0.5,0.6,0.3,-17.2,-9.3,-1.4,-9.3,2.0,16.4,8.0,0.5,0.6,0.3,2.23,2.95,3.67,2.95,2.0,1.48,10.0,1.0,0.5,0.6,10.4,10.4,10.4,10.4,1.0,0.0,4.0,1.0,1.0,0.5,5.62,6.02,6.42,6.02,2.0,0.84,10.0,1.0,0.5,0.6,17.2,17.2,17.2,17.2,1.0,0.0,4.0,1.0,1.0,0.5,-58.6,-58.6,-58.6,-58.6,1.0,0.0,4.0,1.0,1.0,0.5,21.3,21.3,21.3,21.3,1.0,0.0,4.0,1.0,1.0,0.5,-42.0,-42.0,-42.0,-42.0,1.0,0.0,4.0,1.0,1.0,0.5,15.3,15.3,15.3,15.3,1.0,0.0,4.0,1.0,1.0,0.5,-16.2,-16.2,-16.2,-16.2,1.0,0.0,4.0,1.0,1.0,0.5,5.9,5.9,5.9,5.9,1.0,0.0,4.0,1.0,1.0,0.5,44.0,101.5,158.5,101.5,2.0,118.5,8.0,0.5,0.6,0.3,45.0,100.0,160.0,100.0,2.0,120.0,8.0,0.5,0.6,0.3
1974,2,332.0,2.0,26.38,26.9,27.26,26.83,4.0,0.62,14.0,0.3,0.2,0.4,24.42,25.5,28.62,26.32,5.0,2.51,12.0,0.2,0.4,0.4,22.16,22.16,22.16,22.16,1.0,0.0,16.0,1.0,0.4,0.1,85.0,85.0,85.0,85.0,1.0,0.0,16.0,1.0,0.1,4.96,8.0,9.0,7.03,4.0,2.78,12.0,0.3,0.4,0.4,-3.3,-2.88,0.33,-1.55,4.0,3.1,12.0,0.3,0.4,0.4,-8.46,-7.26,-3.7,-6.13,4.0,3.26,12.0,0.3,0.4,0.4,1009.33,1011.0,1013.24,1011.16,5.0,2.1,12.0,0.2,0.4,0.4,6.0,7.0,8.0,7.0,4.0,1.2,14.0,0.3,0.4,0.5,-26.2,-16.4,10.6,-8.2,4.0,25.4,12.0,0.3,0.4,0.4,-76.1,-59.3,-22.7,-49.9,4.0,34.0,12.0,0.3,0.4,0.4,-1.72,-0.35,1.29,-0.22,4.0,1.86,14.0,0.3,0.2,0.4,-9.5,-6.8,10.1,0.1,3.0,15.6,14.0,0.3,0.3,0.3,0.81,0.81,0.81,0.81,1.0,0.0,16.0,1.0,0.4,0.1,2.5,2.5,2.5,2.5,1.0,0.0,16.0,1.0,0.4,0.1,-80.9,-78.3,8.5,-38.1,4.0,82.9,12.0,0.3,0.4,0.4,-224.7,-176.6,-91.7,-159.0,4.0,85.4,12.0,0.3,0.4,0.4,-59.5,-59.5,-59.5,-59.5,1.0,0.0,16.0,1.0,0.4,0.1,-34.3,-34.3,-34.3,-34.3,1.0,0.0,16.0,1.0,0.4,0.1,-2.2,-2.2,-2.2,-2.2,1.0,0.0,16.0,1.0,0.4,0.1,-1.2,-1.2,-1.2,-1.2,1.0,0.0,16.0,1.0,0.4,0.1,179.0,536.0,729.0,457.5,4.0,338.5,12.0,0.3,0.4,0.4,180.0,535.0,730.0,460.0,4.0,340.0,12.0,0.3,0.4,0.4
1974,2,332.0,3.0,26.3,27.0,28.29,27.29,10.0,1.03,18.0,0.5,0.5,0.4,25.5,26.4,28.14,26.66,11.0,1.23,18.0,0.5,0.5,0.4,16.13,16.51,17.67,16.81,7.0,0.74,18.0,0.7,0.5,0.4,74.3,78.6,79.3,76.8,7.0,4.3,18.0,0.7,0.4,5.79,7.2,8.0,7.09,10.0,1.71,18.0,0.6,0.5,0.3,-4.81,-3.67,0.78,-2.69,10.0,3.15,18.0,0.6,0.5,0.3,-6.93,-6.1,-5.1,-5.97,10.0,1.07,18.0,0.6,0.5,0.3,1008.8,1010.4,1011.12,1010.48,11.0,1.87,18.0,0.5,0.5,0.4,2.0,6.0,7.7,4.8,9.0,2.9,16.0,0.6,0.5,0.4,-36.1,-27.2,3.1,-22.7,10.0,27.7,18.0,0.6,0.5,0.3,-55.4,-43.8,-30.6,-43.7,10.0,15.6,18.0,0.6,0.5,0.3,-0.54,0.7,1.83,0.64,10.0,1.42,18.0,0.5,0.5,0.4,-3.6,3.6,14.8,4.9,9.0,11.1,18.0,0.6,0.5,0.4,4.86,6.0,8.03,6.3,6.0,1.58,18.0,0.7,0.5,0.4,31.1,44.7,54.7,43.2,6.0,13.6,18.0,0.7,0.5,0.4,-124.5,-93.7,20.4,-71.2,10.0,84.3,18.0,0.6,0.5,0.3,-184.7,-163.5,-139.4,-159.9,10.0,30.5,18.0,0.6,0.5,0.3,-84.0,-54.0,1.8,-48.3,7.0,55.9,18.0,0.7,0.5,0.4,-109.4,-97.4,-93.2,-100.9,7.0,12.1,18.0,0.7,0.5,0.4,-28.3,-12.2,3.8,-10.6,6.0,18.1,18.0,0.7,0.5,0.4,-52.2,-34.3,-27.3,-38.2,6.0,14.5,18.0,0.7,0.5,0.4,204.5,373.0,512.0,412.0,10.0,281.5,18.0,0.6,0.5,0.3,205.0,375.0,510.0,410.0,10.0,280.0,18.0,0.6,0.5,0.3
1974,2,332.0,4.0,26.29,27.0,27.53,26.91,11.0,1.02,16.0,0.6,0.7,0.3,25.3,26.5,27.68,26.26,9.0,1.67,18.0,0.6,0.6,0.3,14.52,14.95,17.0,15.75,7.0,1.8,18.0,0.7,0.6,0.3,67.4,71.6,87.4,75.3,7.0,9.6,18.0,0.7,0.3,4.0,5.1,6.2,5.29,11.0,1.75,16.0,0.6,0.7,0.3,-3.95,-1.37,0.33,-1.64,11.0,1.9,16.0,0.6,0.7,0.3,-5.94,-5.1,-2.74,-4.53,11.0,2.17,16.0,0.6,0.7,0.3,1009.8,1011.8,1012.68,1011.34,11.0,1.78,16.0,0.6,0.7,0.3,1.0,3.5,4.6,3.1,10.0,1.9,16.0,0.7,0.6,0.3,-17.6,-6.7,1.5,-9.7,11.0,13.1,16.0,0.6,0.7,0.3,-36.8,-26.0,-10.5,-26.8,11.0,19.3,16.0,0.6,0.7,0.3,-0.81,1.4,1.7,0.79,9.0,1.68,18.0,0.6,0.6,0.3,-4.9,3.2,10.0,2.5,9.0,10.0,18.0,0.6,0.6,0.3,3.72,7.1,7.96,6.32,7.0,2.15,18.0,0.7,0.6,0.3,19.2,32.7,46.1,31.3,7.0,12.6,18.0,0.7,0.6,0.3,-98.7,-53.6,10.5,-48.3,9.0,54.0,18.0,0.6,0.6,0.3,-160.8,-147.4,-58.8,-121.2,9.0,67.8,18.0,0.6,0.6,0.3,-37.1,-16.1,12.0,-17.8,7.0,28.3,18.0,0.7,0.6,0.3,-98.9,-81.7,-51.8,-75.2,7.0,27.7,18.0,0.7,0.6,0.3,-14.7,-8.0,3.6,-6.9,7.0,8.6,18.0,0.7,0.6,0.3,-45.2,-31.6,-17.7,-29.3,7.0,13.3,18.0,0.7,0.6,0.3,64.0,132.5,238.5,193.5,11.0,194.0,16.0,0.6,0.7,0.3,65.0,135.0,240.0,195.0,11.0,195.0,16.0,0.6,0.7,0.3
1974,2,332.0,5.0,26.07,27.0,28.01,27.04,7.0,1.09,16.0,0.4,0.5,0.5,25.07,25.7,26.49,25.85,8.0,0.73,16.0,0.4,0.4,0.5,15.04,17.17,17.62,16.64,8.0,1.29,16.0,0.4,0.4,0.5,70.5,81.6,85.1,80.1,8.0,7.8,16.0,0.4,0.5,3.6,4.1,8.14,5.58,8.0,3.36,16.0,0.4,0.4,0.5,-3.94,-2.4,-0.06,-2.3,8.0,2.09,16.0,0.4,0.4,0.5,-7.84,-3.58,-2.35,-4.72,8.0,3.3,16.0,0.4,0.4,0.5,1009.13,1010.95,1013.7,1010.95,8.0,2.67,16.0,0.4,0.4,0.5,1.0,3.0,7.0,3.6,7.0,3.0,16.0,0.4,0.5,0.5,-41.8,-9.2,-0.1,-15.6,8.0,19.7,16.0,0.4,0.4,0.5,-64.0,-13.8,-8.6,-35.6,8.0,43.9,16.0,0.4,0.4,0.5,0.48,0.7,1.65,1.07,7.0,0.88,16.0,0.4,0.5,0.5,1.7,2.5,6.5,5.6,7.0,7.2,16.0,0.4,0.5,0.5,4.35,6.17,6.93,6.02,7.0,1.63,16.0,0.4,0.5,0.5,15.4,30.8,55.6,34.9,7.0,24.8,16.0,0.4,0.5,0.5,-105.6,-60.8,-1.5,-59.3,8.0,54.3,16.0,0.4,0.4,0.5,-201.5,-91.7,-60.0,-122.9,8.0,89.0,16.0,0.4,0.4,0.5,-62.0,-38.6,-1.0,-38.6,8.0,36.0,16.0,0.4,0.4,0.5,-138.2,-53.5,-39.9,-77.7,8.0,53.2,16.0,0.4,0.4,0.5,-23.8,-11.0,0.0,-11.1,7.0,11.1,16.0,0.4,0.5,0.5,-55.3,-19.8,-10.0,-31.3,7.0,25.0,16.0,0.4,0.5,0.5,46.5,69.0,541.0,360.5,8.0,558.5,16.0,0.4,0.4,0.5,45.0,70.0,540.0,360.0,8.0,560.0,16.0,0.4,0.4,0.5
1974,2,332.0,6.0,25.11,26.05,27.12,26.23,8.0,1.02,10.0,0.5,0.6,0.4,24.56,26.05,27.68,26.14,8.0,1.68,10.0,0.5,0.6,0.4,14.14,16.09,17.19,15.91,6.0,1.66,10.0,0.7,0.6,0.3,72.6,73.6,75.6,74.0,6.0,1.6,10.0,0.7,0.3,4.1,4.8,8.83,5.45,8.0,2.55,10.0,0.5,0.6,0.4,-6.61,-2.17,-1.44,-3.16,8.0,2.49,10.0,0.5,0.6,0.4,-5.85,-4.16,-3.58,-4.29,8.0,1.36,10.0,0.5,0.6,0.4,1008.74,1010.05,1013.33,1011.18,8.0,3.3,10.0,0.5,0.6,0.4,4.8,7.0,7.0,5.6,7.0,2.7,10.0,0.6,0.6,0.4,-60.3,-9.7,-6.0,-22.6,8.0,27.1,10.0,0.5,0.6,0.4,-52.1,-20.0,-14.7,-26.2,8.0,19.1,10.0,0.5,0.6,0.4,-1.6,0.5,0.94,0.09,8.0,1.81,10.0,0.5,0.6,0.4,-5.6,3.3,4.7,2.2,8.0,7.1,10.0,0.5,0.6,0.4,3.87,5.59,5.82,5.0,6.0,1.25,10.0,0.7,0.6,0.3,14.7,24.3,35.8,26.0,6.0,15.9,10.0,0.7,0.6,0.3,-162.1,-58.5,-35.1,-81.2,8.0,62.1,10.0,0.5,0.6,0.4,-144.4,-106.1,-93.2,-110.7,8.0,32.7,10.0,0.5,0.6,0.4,-49.1,-31.8,-19.8,-39.6,6.0,30.1,10.0,0.7,0.6,0.3,-80.1,-61.2,-50.3,-62.1,6.0,18.1,10.0,0.7,0.6,0.3,-18.6,-9.6,-6.8,-14.0,6.0,13.6,10.0,0.7,0.6,0.3,-30.4,-21.9,-12.7,-21.2,6.0,10.4,10.0,0.7,0.6,0.3,69.0,111.0,730.0,264.0,8.0,336.0,10.0,0.5,0.6,0.4,70.0,110.0,730.0,265.0,8.0,335.0,10.0,0.5,0.6,0.4
1974,2,332.0,7.0,25.42,25.8,26.41,25.97,11.0,0.85,16.0,0.6,0.5,0.4,24.01,24.8,25.59,24.92,14.0,1.0,14.0,0.7,0.5,0.4,13.21,14.65,16.23,14.92,12.0,1.83,14.0,0.7,0.5,0.4,71.3,77.0,79.0,76.0,13.0,5.6,14.0,0.7,0.4,4.63,6.45,9.96,6.8,14.0,3.17,14.0,0.7,0.5,0.4,-6.4,-3.4,-2.29,-3.97,14.0,2.54,14.0,0.7,0.5,0.4,-7.63,-4.92,-2.72,-5.05,14.0,2.98,14.0,0.7,0.5,0.4,1007.95,1011.7,1013.63,1011.43,13.0,2.73,14.0,0.7,0.6,0.4,3.0,5.0,7.0,4.6,13.0,1.9,16.0,0.7,0.6,0.4,-63.7,-20.7,-10.7,-32.9,14.0,29.0,14.0,0.7,0.5,0.4,-76.0,-27.7,-11.3,-41.2,14.0,36.3,14.0,0.7,0.5,0.4,0.05,1.1,1.94,1.19,11.0,1.48,16.0,0.6,0.5,0.4,-2.5,7.7,16.2,8.9,11.0,12.8,16.0,0.6,0.5,0.4,5.4,6.78,7.84,6.7,9.0,1.52,16.0,0.6,0.5,0.4,33.8,46.9,68.2,50.8,9.0,21.3,16.0,0.6,0.5,0.4,-163.6,-85.3,-57.1,-98.2,14.0,60.9,14.0,0.7,0.5,0.4,-194.9,-118.4,-71.5,-126.1,14.0,73.6,14.0,0.7,0.5,0.4,-90.1,-52.9,-38.4,-60.4,12.0,33.0,14.0,0.7,0.5,0.4,-112.9,-64.3,-52.9,-77.1,12.0,39.4,14.0,0.7,0.5,0.4,-54.3,-22.2,-10.9,-30.0,9.0,23.0,16.0,0.6,0.5,0.4,-48.0,-36.0,-24.0,-35.4,9.0,19.9,16.0,0.6,0.5,0.4,99.5,269.5,987.5,497.5,14.0,531.0,14.0,0.7,0.5,0.4,100.0,270.0,990.0,495.0,14.0,530.0,14.0,0.7,0.5,0.4
1974,2,332.0,8.0,24.44,24.8,25.47,25.06,8.0,0.91,16.0,0.4,0.7,0.4,23.53,24.0,25.37,24.48,9.0,1.22,14.0,0.4,0.7,0.4,12.79,13.7,14.41,13.56,8.0,0.86,14.0,0.4,0.7,0.5,66.3,72.3,77.8,72.3,8.0,5.3,14.0,0.4,0.5,4.98,6.7,8.07,6.61,9.0,1.91,14.0,0.4,0.7,0.4,-5.64,-4.6,-1.77,-3.65,9.0,2.08,14.0,0.4,0.7,0.4,-6.9,-4.95,-3.89,-5.25,9.0,1.59,14.0,0.4,0.7,0.4,1010.22,1013.3,1014.0,1012.18,9.0,2.2,14.0,0.4,0.7,0.4,1.3,6.0,8.0,5.0,9.0,3.2,14.0,0.4,0.7,0.4,-43.4,-27.6,-9.4,-26.9,9.0,17.9,14.0,0.4,0.7,0.4,-58.4,-38.1,-20.8,-36.9,9.0,19.5,14.0,0.4,0.7,0.4,0.06,0.85,1.8,0.65,8.0,1.67,16.0,0.4,0.7,0.4,0.3,5.0,14.0,4.5,8.0,11.0,16.0,0.4,0.7,0.4,5.51,6.81,7.39,6.6,7.0,1.18,14.0,0.3,0.7,0.5,25.4,47.3,56.2,42.0,7.0,16.1,14.0,0.3,0.7,0.5,-139.4,-113.5,-42.6,-90.0,9.0,52.0,14.0,0.4,0.7,0.4,-172.7,-121.8,-96.8,-128.2,9.0,37.8,14.0,0.4,0.7,0.4,-81.8,-50.1,-23.6,-48.7,8.0,30.9,14.0,0.4,0.7,0.5,-96.8,-73.3,-58.4,-73.4,8.0,21.1,14.0,0.4,0.7,0.5,-33.2,-19.1,-8.3,-21.0,7.0,15.9,14.0,0.3,0.7,0.5,-44.8,-38.7,-22.6,-34.5,7.0,12.8,14.0,0.3,0.7,0.5,129.5,301.0,526.0,350.0,9.0,242.0,14.0,0.4,0.7,0.4,130.0,300.0,525.0,350.0,9.0,240.0,14.0,0.4,0.7,0.4
1974,2,332.0,9.0,23.51,24.0,24.0,23.76,5.0,0.43,18.0,0.4,0.4,0.5,22.96,23.2,24.18,23.52,5.0,0.7,18.0,0.4,0.4,0.5,12.11,12.29,13.76,12.83,5.0,0.98,18.0,0.4,0.4,0.5,66.9,70.7,76.7,71.3,5.0,5.9,18.0,0.4,0.5,4.23,5.1,8.75,6.46,5.0,3.45,18.0,0.4,0.4,0.5,-3.66,-2.55,-2.12,-2.84,5.0,0.95,18.0,0.4,0.4,0.5,-7.9,-4.42,-3.67,-5.78,5.0,3.37,18.0,0.4,0.4,0.5,1010.82,1011.9,1015.73,1013.08,5.0,2.8,18.0,0.4,0.4,0.5,2.6,3.0,5.1,3.8,5.0,1.9,18.0,0.4,0.4,0.5,-33.1,-13.0,-9.1,-20.9,5.0,18.2,18.0,0.4,0.4,0.5,-76.6,-22.5,-15.7,-46.6,5.0,54.4,18.0,0.4,0.4,0.5,-0.55,0.8,0.91,0.24,5.0,1.05,18.0,0.4,0.4,0.5,-2.5,2.9,5.5,1.4,5.0,5.2,18.0,0.4,0.4,0.5,4.74,5.54,6.34,5.51,5.0,0.85,18.0,0.4,0.4,0.5,22.6,32.4,46.8,34.5,5.0,14.4,18.0,0.4,0.4,0.5,-86.2,-58.4,-50.9,-67.0,5.0,23.0,18.0,0.4,0.4,0.5,-186.8,-101.1,-88.1,-136.5,5.0,81.9,18.0,0.4,0.4,0.5,-47.8,-31.3,-26.3,-36.8,5.0,14.3,18.0,0.4,0.4,0.5,-105.0,-54.3,-45.5,-75.8,5.0,50.7,18.0,0.4,0.4,0.5,-19.6,-16.2,-11.3,-15.5,5.0,4.9,18.0,0.4,0.4,0.5,-42.0,-28.1,-19.6,-30.7,5.0,14.0,18.0,0.4,0.4,0.5,79.0,132.5,870.5,487.5,5.0,773.5,18.0,0.4,0.4,0.5,80.0,135.0,870.0,490.0,5.0,775.0,18.0,0.4,0.4,0.5
1974,2,332.0,10.0,21.79,23.0,24.0,23.24,11.0,1.53,12.0,0.4,0.4,0.5,21.59,22.95,23.65,22.83,12.0,1.76,14.0,0.3,0.4,0.4,12.91,13.74,14.76,13.72,8.0,1.11,12.0,0.1,0.4,0.5,74.7,82.2,95.1,83.8,11.0,8.9,14.0,0.3,0.5,6.52,7.7,9.33,7.46,12.0,2.3,14.0,0.3,0.4,0.4,-6.63,-5.13,-2.09,-4.34,12.0,2.56,14.0,0.3,0.4,0.4,-7.75,-5.84,-4.19,-5.64,12.0,2.04,14.0,0.3,0.4,0.4,1009.76,1012.8,1013.95,1011.99,9.0,2.15,12.0,0.2,0.4,0.5,0.0,5.5,8.0,4.2,12.0,3.3,14.0,0.3,0.4,0.4,-55.3,-36.2,-17.1,-36.1,12.0,22.6,14.0,0.3,0.4,0.4,-67.8,-41.8,-28.9,-45.7,12.0,24.6,14.0,0.3,0.4,0.4,-1.65,1.0,2.01,0.45,11.0,2.05,12.0,0.4,0.4,0.5,-11.3,6.7,16.0,4.3,11.0,18.1,12.0,0.4,0.4,0.5,2.65,3.56,5.93,4.22,7.0,2.23,10.0,0.1,0.4,0.6,20.3,29.2,58.3,37.4,7.0,24.7,10.0,0.1,0.4,0.6,-149.0,-115.7,-42.7,-99.4,12.0,61.5,14.0,0.3,0.4,0.4,-164.4,-140.2,-92.2,-128.9,12.0,47.9,14.0,0.3,0.4,0.4,-78.8,-62.6,-4.0,-48.4,8.0,38.5,12.0,0.1,0.4,0.5,-103.0,-88.4,-50.3,-83.1,8.0,34.3,12.0,0.1,0.4,0.5,-39.0,-15.1,-9.4,-21.4,7.0,16.7,10.0,0.1,0.4,0.6,-45.1,-22.5,-17.5,-29.3,7.0,20.7,10.0,0.1,0.4,0.6,279.0,456.5,821.5,509.5,12.0,326.5,14.0,0.3,0.4,0.4,280.0,455.0,820.0,510.0,12.0,325.0,14.0,0.3,0.4,0.4
1974,2,332.0,11.0,22.2,23.0,24.8,23.47,15.0,1.23,16.0,0.5,0.5,0.5,22.0,22.8,23.41,22.64,15.0,1.04,16.0,0.5,0.5,0.5,12.51,13.85,16.18,14.09,7.0,1.71,18.0,0.4,0.5,0.3,72.6,84.9,94.8,84.9,8.0,10.8,18.0,0.4,0.4,6.39,9.15,13.29,9.51,16.0,3.29,16.0,0.5,0.5,0.4,-9.24,-6.51,-3.57,-6.39,16.0,3.12,16.0,0.5,0.5,0.4,-9.22,-6.13,-4.62,-6.72,16.0,2.4,16.0,0.5,0.5,0.4,1011.57,1013.8,1015.41,1013.98,15.0,2.14,16.0,0.5,0.5,0.4,0.2,6.0,7.0,4.5,15.0,3.0,18.0,0.5,0.5,0.5,-121.0,-60.2,-24.2,-69.4,16.0,49.0,16.0,0.5,0.5,0.4,-116.5,-58.2,-30.2,-70.1,16.0,43.6,16.0,0.5,0.5,0.4,-0.19,0.9,1.99,0.89,14.0,1.51,16.0,0.5,0.5,0.5,-1.7,8.5,19.1,8.2,14.0,14.4,16.0,0.5,0.5,0.5,3.31,4.38,6.34,4.73,6.0,1.71,16.0,0.5,0.5,0.4,28.1,47.8,75.8,50.1,6.0,22.8,16.0,0.5,0.5,0.4,-195.5,-138.5,-77.8,-137.3,15.0,67.8,16.0,0.5,0.5,0.5,-210.0,-134.6,-96.2,-147.7,15.0,52.5,16.0,0.5,0.5,0.5,-114.1,-75.2,-32.6,-74.8,7.0,44.2,18.0,0.4,0.5,0.3,-130.5,-99.0,-42.6,-95.8,7.0,40.7,18.0,0.4,0.5,0.3,-47.7,-34.7,-13.3,-32.4,6.0,18.8,16.0,0.5,0.5,0.4,-52.3,-31.0,-20.1,-35.8,6.0,19.2,16.0,0.5,0.5,0.4,262.0,766.5,2372.0,1143.5,16.0,1005.0,16.0,0.5,0.5,0.4,260.0,765.0,2370.0,1145.0,16.0,1005.0,16.0,0.5,0.5,0.4
1974,2,332.0,12.0,21.76,23.85,24.71,23.51,8.0,1.63,14.0,0.8,0.7,0.5,22.16,23.9,25.92,23.96,9.0,1.65,12.0,0.7,0.7,0.5,13.21,13.65,16.77,14.73,7.0,1.8,12.0,0.6,0.6,0.4,76.6,83.1,84.3,82.1,7.0,5.1,12.0,0.6,0.4,6.47,9.0,11.53,9.02,9.0,2.69,12.0,0.7,0.7,0.5,-7.64,-6.66,-3.79,-6.12,9.0,2.37,12.0,0.7,0.7,0.5,-8.29,-6.43,-4.14,-6.42,9.0,2.14,12.0,0.7,0.7,0.5,1010.41,1012.0,1014.47,1012.54,9.0,1.91,12.0,0.7,0.7,0.5,0.3,5.0,8.0,4.6,9.0,3.5,12.0,0.7,0.7,0.5,-86.0,-58.0,-22.8,-60.1,9.0,36.5,12.0,0.7,0.7,0.5,-102.0,-64.3,-28.7,-62.4,9.0,34.1,12.0,0.7,0.7,0.5,-2.9,-1.8,1.96,-0.69,8.0,2.56,14.0,0.8,0.7,0.5,-21.9,-13.8,23.1,-4.0,8.0,25.9,14.0,0.8,0.7,0.5,0.85,2.15,6.74,3.25,6.0,3.14,14.0,0.7,0.7,0.5,3.8,21.9,77.9,34.7,6.0,37.0,14.0,0.7,0.7,0.5,-191.7,-149.6,-97.8,-145.4,9.0,54.3,12.0,0.7,0.7,0.5,-200.7,-167.1,-96.3,-152.7,9.0,49.1,12.0,0.7,0.7,0.5,-100.8,-91.7,-59.9,-87.0,7.0,30.9,12.0,0.6,0.6,0.4,-112.0,-97.5,-55.9,-88.7,7.0,27.4,12.0,0.6,0.6,0.4,-50.1,-14.6,-2.8,-22.6,6.0,24.2,14.0,0.7,0.7,0.5,-59.7,-15.7,-2.5,-26.2,6.0,28.3,14.0,0.7,0.7,0.5,274.5,729.0,1539.5,905.0,9.0,679.5,12.0,0.7,0.7,0.5,275.0,730.0,1540.0,905.0,9.0,680.0,12.0,0.7,0.7,0.5
1974,2,332.0,13.0,22.1,22.5,23.46,22.74,8.0,0.77,14.0,0.8,0.9,0.1,22.1,22.6,23.89,22.71,8.0,0.96,14.0,0.8,0.9,0.1,13.57,14.01,14.44,14.01,2.0,0.9,6.0,1.0,1.0,0.4,77.4,80.0,82.5,80.0,2.0,5.3,6.0,1.0,0.4,8.0,9.1,10.0,8.94,8.0,1.27,14.0,0.8,0.9,0.1,-7.66,-6.37,-6.07,-6.65,8.0,0.91,14.0,0.8,0.9,0.1,-6.43,-6.35,-5.14,-5.91,8.0,1.3,14.0,0.8,0.9,0.1,1012.73,1013.25,1015.92,1013.64,8.0,2.4,14.0,0.8,0.9,0.1,0.3,3.5,5.9,3.6,8.0,2.8,14.0,0.8,0.9,0.1,-76.6,-58.6,-43.9,-60.2,8.0,15.7,14.0,0.8,0.9,0.1,-64.3,-57.9,-41.1,-54.0,8.0,18.0,14.0,0.8,0.9,0.1,-0.83,-0.1,0.77,0.03,8.0,1.11,14.0,0.8,0.9,0.1,-8.3,-0.7,6.1,0.0,8.0,10.9,14.0,0.8,0.9,0.1,3.49,3.65,3.81,3.65,2.0,0.33,6.0,1.0,1.0,0.4,30.0,34.0,38.1,34.0,2.0,8.5,6.0,1.0,1.0,0.4,-182.2,-144.2,-130.9,-151.4,8.0,24.8,14.0,0.8,0.9,0.1,-154.3,-143.3,-110.0,-134.7,8.0,32.6,14.0,0.8,0.9,0.1,-86.7,-82.8,-79.0,-82.8,2.0,8.0,6.0,1.0,1.0,0.4,-103.4,-98.7,-94.1,-98.7,2.0,9.6,6.0,1.0,1.0,0.4,-24.5,-21.9,-19.3,-21.9,2.0,5.5,6.0,1.0,1.0,0.4,-29.2,-26.1,-22.9,-26.1,2.0,6.5,6.0,1.0,1.0,0.4,512.0,775.5,1000.0,751.5,8.0,298.5,14.0,0.8,0.9,0.1,510.0,775.0,1000.0,750.0,8.0,300.0,14.0,0.8,0.9,0.1
1974,2,332.0,14.0,22.3,22.5,22.7,22.5,2.0,0.42,4.0,0.5,0.6,0.3,21.61,22.7,23.59,22.6,3.0,1.45,4.0,0.3,0.5,0.4,12.09,12.32,12.54,12.32,2.0,0.47,4.0,0.5,0.6,0.3,72.0,75.8,79.7,75.8,2.0,7.9,4.0,0.5,0.3,5.86,7.7,9.47,7.67,3.0,2.65,4.0,0.3,0.5,0.4,-5.74,-3.85,-2.39,-4.06,3.0,2.46,4.0,0.3,0.5,0.4,-7.5,-6.67,-5.32,-6.42,3.0,1.61,4.0,0.3,0.5,0.4,1014.7,1016.2,1016.47,1015.6,3.0,1.4,4.0,0.3,0.5,0.4,1.0,1.0,1.7,1.3,3.0,0.6,4.0,0.3,0.5,0.4,-56.0,-29.6,-15.2,-35.5,3.0,30.2,4.0,0.3,0.5,0.4,-71.8,-51.3,-32.3,-52.0,3.0,28.9,4.0,0.3,0.5,0.4,-0.15,0.6,1.35,0.6,2.0,1.56,4.0,0.5,0.6,0.3,-2.3,4.0,10.2,4.0,2.0,12.9,4.0,0.5,0.6,0.3,4.62,4.63,4.63,4.63,2.0,0.01,4.0,0.5,0.6,0.3,37.6,41.6,45.7,41.6,2.0,8.4,4.0,0.5,0.6,0.3,-128.4,-81.2,-53.8,-90.9,3.0,55.3,4.0,0.3,0.5,0.4,-166.9,-140.7,-121.6,-144.2,3.0,33.3,4.0,0.3,0.5,0.4,-74.5,-64.0,-53.6,-64.0,2.0,21.7,4.0,0.5,0.6,0.3,-93.0,-89.5,-86.0,-89.5,2.0,7.2,4.0,0.5,0.6,0.3,-28.6,-24.2,-19.9,-24.2,2.0,9.0,4.0,0.5,0.6,0.3,-35.6,-33.7,-31.8,-33.7,2.0,4.0,4.0,0.5,0.6,0.3,230.0,456.5,891.0,558.0,3.0,492.0,4.0,0.3,0.5,0.4,230.0,455.0,890.0,560.0,3.0,490.0,4.0,0.3,0.5,0.4
1974,2,332.0,15.0,22.2,22.2,22.2,22.2,1.0,0.0,22.0,0.0,0.7,0.6,20.3,20.3,20.3,20.3,1.0,0.0,22.0,0.0,0.7,0.6,11.1,11.1,11.1,11.1,1.0,0.0,22.0,0.0,0.7,0.6,75.3,75.3,75.3,75.3,1.0,0.0,22.0,0.0,0.6,6.2,6.2,6.2,6.2,1.0,0.0,22.0,0.0,0.7,0.6,-4.75,-4.75,-4.75,-4.75,1.0,0.0,22.0,0.0,0.7,0.6,-3.99,-3.99,-3.99,-3.99,1.0,0.0,22.0,0.0,0.7,0.6,1016.7,1016.7,1016.7,1016.7,1.0,0.0,22.0,0.0,0.7,0.6,6.0,6.0,6.0,6.0,1.0,0.0,22.0,0.0,0.7,0.6,-29.4,-29.4,-29.4,-29.4,1.0,0.0,22.0,0.0,0.7,0.6,-24.7,-24.7,-24.7,-24.7,1.0,0.0,22.0,0.0,0.7,0.6,1.9,1.9,1.9,1.9,1.0,0.0,22.0,0.0,0.7,0.6,11.8,11.8,11.8,11.8,1.0,0.0,22.0,0.0,0.7,0.6,5.51,5.51,5.51,5.51,1.0,0.0,22.0,0.0,0.7,0.6,34.2,34.2,34.2,34.2,1.0,0.0,22.0,0.0,0.7,0.6,-96.4,-96.4,-96.4,-96.4,1.0,0.0,22.0,0.0,0.7,0.6,-80.9,-80.9,-80.9,-80.9,1.0,0.0,22.0,0.0,0.7,0.6,-52.7,-52.7,-52.7,-52.7,1.0,0.0,22.0,0.0,0.7,0.6,-44.2,-44.2,-44.2,-44.2,1.0,0.0,22.0,0.0,0.7,0.6,-26.2,-26.2,-26.2,-26.2,1.0,0.0,22.0,0.0,0.7,0.6,-22.0,-22.0,-22.0,-22.0,1.0,0.0,22.0,0.0,0.7,0.6,238.5,238.5,238.5,238.5,1.0,0.0,22.0,0.0,0.7,0.6,240.0,240.0,240.0,240.0,1.0,0.0,22.0,0.0,0.7,0.6
1974,2,332.0,16.0,20.02,20.6,21.49,20.75,4.0,1.16,16.0,0.8,0.5,0.3,20.81,21.75,22.43,21.63,4.0,1.23,16.0,0.8,0.5,0.3,10.79,11.73,12.31,11.56,4.0,1.18,16.0,0.8,0.5,0.3,64.4,75.9,80.4,72.6,4.0,10.9,16.0,0.8,0.3,7.94,9.0,11.11,9.5,4.0,2.07,16.0,0.8,0.5,0.3,-8.51,-6.39,-2.51,-5.55,4.0,4.07,16.0,0.8,0.5,0.3,-7.81,-7.0,-6.29,-7.05,4.0,0.88,16.0,0.8,0.5,0.3,1014.34,1014.75,1015.79,1015.05,4.0,1.08,16.0,0.8,0.5,0.3,1.0,2.5,4.6,2.8,4.0,2.5,16.0,0.8,0.5,0.3,-95.7,-58.4,-20.6,-58.2,4.0,48.9,16.0,0.8,0.5,0.3,-80.3,-60.5,-55.2,-67.4,4.0,20.3,16.0,0.8,0.5,0.3,-1.72,-0.95,-0.02,-0.87,4.0,1.16,16.0,0.8,0.5,0.3,-19.8,-8.7,-0.3,-10.0,4.0,13.2,16.0,0.8,0.5,0.3,2.23,3.32,5.16,3.68,4.0,2.29,16.0,0.8,0.5,0.3,20.2,29.1,44.9,32.4,4.0,17.1,16.0,0.8,0.5,0.3,-185.0,-142.4,-57.7,-122.3,4.0,88.4,16.0,0.8,0.5,0.3,-163.2,-149.2,-140.7,-151.8,4.0,14.8,16.0,0.8,0.5,0.3,-105.0,-70.2,-25.0,-65.3,4.0,51.6,16.0,0.8,0.5,0.3,-96.1,-82.1,-67.9,-82.0,4.0,17.2,16.0,0.8,0.5,0.3,-30.8,-18.6,-5.7,-18.3,4.0,15.6,16.0,0.8,0.5,0.3,-34.4,-23.2,-15.4,-24.8,4.0,13.5,16.0,0.8,0.5,0.3,501.5,746.5,1423.0,952.5,4.0,641.0,16.0,0.8,0.5,0.3,500.0,745.0,1425.0,950.0,4.0,640.0,16.0,0.8,0.5,0.3
1974,2,332.0,17.0,21.48,22.3,23.12,22.3,2.0,1.7,18.0,1.0,0.3,0.7,19.85,20.6,21.35,20.6,2.0,1.56,18.0,1.0,0.3,0.7,10.94,10.94,10.94,10.94,2.0,0.0,18.0,1.0,0.3,0.7,69.8,73.2,76.6,73.2,2.0,7.0,18.0,1.0,0.7,5.66,7.95,10.24,7.95,2.0,4.74,18.0,1.0,0.3,0.7,-10.05,-7.73,-5.4,-7.73,2.0,4.81,18.0,1.0,0.3,0.7,-1.9,-1.77,-1.64,-1.77,2.0,0.28,18.0,1.0,0.3,0.7,1018.08,1018.25,1018.42,1018.25,2.0,0.35,18.0,1.0,0.3,0.7,3.3,4.0,4.7,4.0,2.0,1.4,18.0,1.0,0.3,0.7,-108.9,-72.8,-36.7,-72.8,2.0,74.9,18.0,1.0,0.3,0.7,-19.8,-14.7,-9.6,-14.7,2.0,10.6,18.0,1.0,0.3,0.7,0.13,1.7,3.27,1.7,2.0,3.25,18.0,1.0,0.3,0.7,-2.8,5.8,14.4,5.8,2.0,17.8,18.0,1.0,0.3,0.7,4.95,5.79,6.63,5.79,2.0,1.74,18.0,1.0,0.3,0.7,35.3,41.9,48.4,41.9,2.0,13.6,18.0,1.0,0.3,0.7,-216.5,-162.9,-109.2,-162.9,2.0,111.2,18.0,1.0,0.3,0.7,-40.7,-36.6,-32.6,-36.6,2.0,8.4,18.0,1.0,0.3,0.7,-110.0,-84.5,-59.1,-84.5,2.0,52.7,18.0,1.0,0.3,0.7,-20.8,-19.3,-17.9,-19.3,2.0,3.0,18.0,1.0,0.3,0.7,-47.5,-40.5,-33.6,-40.5,2.0,14.4,18.0,1.0,0.3,0.7,-10.7,-10.0,-9.3,-10.0,2.0,1.5,18.0,1.0,0.3,0.7,311.0,770.0,1229.5,770.0,2.0,951.5,18.0,1.0,0.3,0.7,310.0,770.0,1230.0,770.0,2.0,950.0,18.0,1.0,0.3,0.7
1974,2,332.0,18.0,21.8,21.8,21.8,21.8,1.0,0.0,4.0,1.0,0.1,0.5,18.91,20.0,21.5,20.2,3.0,1.91,10.0,0.3,0.5,0.2,11.69,11.69,11.69,11.69,1.0,0.0,4.0,1.0,0.1,0.5,70.6,70.6,70.6,70.6,1.0,0.0,4.0,1.0,0.5,6.84,9.3,9.98,8.43,3.0,2.42,10.0,0.3,0.5,0.2,-9.48,-8.05,-5.06,-7.29,3.0,3.31,10.0,0.3,0.5,0.2,-4.56,-4.37,-2.61,-3.6,3.0,1.58,10.0,0.3,0.5,0.2,1016.28,1017.1,1017.92,1017.1,2.0,1.7,14.0,0.5,0.4,0.3,2.5,4.0,5.5,4.0,4.0,1.8,8.0,0.5,0.5,0.2,-95.1,-74.9,-38.0,-66.8,3.0,42.4,10.0,0.3,0.5,0.2,-37.4,-24.9,-20.5,-28.9,3.0,12.9,10.0,0.3,0.5,0.2,-0.4,-0.4,-0.4,-0.4,1.0,0.0,4.0,1.0,0.1,0.5,-3.7,-3.7,-3.7,-3.7,1.0,0.0,4.0,1.0,0.1,0.5,4.52,4.52,4.52,4.52,1.0,0.0,4.0,1.0,0.1,0.5,42.1,42.1,42.1,42.1,1.0,0.0,4.0,1.0,0.1,0.5,-184.2,-178.8,-106.8,-146.2,3.0,63.3,10.0,0.3,0.5,0.2,-98.2,-87.3,-50.2,-74.5,3.0,36.9,10.0,0.3,0.5,0.2,-94.2,-94.2,-94.2,-94.2,1.0,0.0,4.0,1.0,0.1,0.5,-54.4,-54.4,-54.4,-54.4,1.0,0.0,4.0,1.0,0.1,0.5,-36.4,-36.4,-36.4,-36.4,1.0,0.0,4.0,1.0,0.1,0.5,-21.0,-21.0,-21.0,-21.0,1.0,0.0,4.0,1.0,0.1,0.5,381.5,804.5,1001.0,694.0,3.0,463.5,10.0,0.3,0.5,0.2,380.0,805.0,1000.0,695.0,3.0,465.0,10.0,0.3,0.5,0.2
1974,2,332.0,20.0,,,,,,,,,,,,,,,,,,,,,,,,,,,,,,,,,,,,,,,,7.95,10.0,10.68,9.33,3.0,2.08,16.0,0.3,0.5,0.6,-9.43,-6.43,-6.18,-7.77,3.0,2.66,16.0,0.3,0.5,0.6,-6.34,-3.5,-2.41,-4.36,3.0,2.97,16.0,0.3,0.5,0.6,1020.45,1021.0,1021.55,1021.0,2.0,1.13,20.0,0.5,0.3,0.4,,,,,,,,,,,,,,,,,,,,,,,,,,,,,,,,,,,,,,,,,,,,,,,,,,,,,,,,,,,,,,,,,,,,,,,,,,,,,,,,,,,,,,,,,,,,,,,,,,,,,,,,,,,,,,,,,,,,,,,,,,,,,,,,,,,,,,,,,,,,,,,,,,,,,,
1974,2,332.0,21.0,,,,,,,,,,,,,,,,,,,,,,,,,,,,,,,,,,,,,,,,1.0,1.0,1.0,1.0,1.0,0.0,28.0,1.0,0.8,0.1,0.5,0.5,0.5,0.5,1.0,0.0,28.0,1.0,0.8,0.1,0.87,0.87,0.87,0.87,1.0,0.0,28.0,1.0,0.8,0.1,1012.3,1012.3,1012.3,1012.3,1.0,0.0,28.0,1.0,0.8,0.1,,,,,,,,,,,,,,,,,,,,,,,,,,,,,,,,,,,,,,,,,,,,,,,,,,,,,,,,,,,,,,,,,,,,,,,,,,,,,,,,,,,,,,,,,,,,,,,,,,,,,,,,,,,,,,,,,,,,,,,,,,,,,,,,,,,,,,,,,,,,,,,,,,,,,,
1974,2,332.0,23.0,,,,,,,,,,,,,,,,,,,,,,,,,,,,,,,,,,,,,,,,6.0,6.0,6.0,6.0,1.0,0.0,24.0,0.0,0.5,0.1,-6.0,-6.0,-6.0,-6.0,1.0,0.0,24.0,0.0,0.5,0.1,0.0,0.0,0.0,0.0,1.0,0.0,24.0,0.0,0.5,0.1,1019.4,1019.4,1019.4,1019.4,1.0,0.0,24.0,0.0,0.5,0.1,,,,,,,,,,,,,,,,,,,,,,,,,,,,,,,,,,,,,,,,,,,,,,,,,,,,,,,,,,,,,,,,,,,,,,,,,,,,,,,,,,,,,,,,,,,,,,,,,,,,,,,,,,,,,,,,,,,,,,,,,,,,,,,,,,,,,,,,,,,,,,,,,,,,,,
1974,2,332.0,24.0,21.0,21.0,21.48,21.23,3.0,0.4,10.0,0.3,0.5,0.6,19.43,19.7,21.61,20.5,3.0,1.74,10.0,0.3,0.5,0.6,9.83,11.09,11.36,10.61,3.0,1.19,10.0,0.3,0.5,0.6,66.5,66.9,76.7,71.5,3.0,8.5,10.0,0.3,0.6,5.61,6.7,7.38,6.5,3.0,1.31,10.0,0.3,0.5,0.6,-6.94,-6.3,-4.67,-5.81,3.0,1.72,10.0,0.3,0.5,0.6,-3.07,-2.63,-2.4,-2.73,3.0,0.5,10.0,0.3,0.5,0.6,1014.24,1019.05,1022.81,1018.55,4.0,5.29,12.0,0.5,0.4,0.6,5.0,6.0,7.0,6.0,4.0,1.6,12.0,0.5,0.4,0.6,-51.4,-42.2,-27.0,-39.3,3.0,18.1,10.0,0.3,0.5,0.6,-19.1,-16.7,-15.8,-17.5,3.0,2.5,10.0,0.3,0.5,0.6,-0.13,1.3,1.57,0.73,3.0,1.34,10.0,0.3,0.5,0.6,-0.9,8.7,9.6,4.4,3.0,8.5,10.0,0.3,0.5,0.6,4.19,4.9,5.77,4.98,3.0,1.15,10.0,0.3,0.5,0.6,30.3,31.5,32.4,31.4,3.0,1.5,10.0,0.3,0.5,0.6,-142.3,-141.7,-96.4,-119.9,3.0,38.5,10.0,0.3,0.5,0.6,-59.7,-51.9,-51.7,-55.6,3.0,6.7,10.0,0.3,0.5,0.6,-78.9,-69.8,-46.8,-63.0,3.0,24.2,10.0,0.3,0.5,0.6,-30.3,-30.2,-26.9,-28.7,3.0,2.8,10.0,0.3,0.5,0.6,-29.9,-28.0,-25.3,-27.6,3.0,3.4,10.0,0.3,0.5,0.6,-17.4,-11.2,-10.5,-13.9,3.0,5.5,10.0,0.3,0.5,0.6,186.0,301.0,407.0,296.5,3.0,162.0,10.0,0.3,0.5,0.6,185.0,300.0,405.0,295.0,3.0,160.0,10.0,0.3,0.5,0.6
1974,2,332.0,25.0,21.0,21.0,21.0,21.0,1.0,0.0,6.0,1.0,0.5,0.3,20.4,20.4,20.4,20.4,1.0,0.0,6.0,1.0,0.5,0.3,10.27,10.27,10.27,10.27,1.0,0.0,6.0,1.0,0.5,0.3,69.8,69.8,69.8,69.8,1.0,0.0,6.0,1.0,0.3,7.2,7.2,7.2,7.2,1.0,0.0,6.0,1.0,0.5,0.3,-6.77,-6.77,-6.77,-6.77,1.0,0.0,6.0,1.0,0.5,0.3,-2.46,-2.46,-2.46,-2.46,1.0,0.0,6.0,1.0,0.5,0.3,1023.7,1023.7,1023.7,1023.7,1.0,0.0,6.0,1.0,0.5,0.3,4.0,4.0,4.0,4.0,1.0,0.0,6.0,1.0,0.5,0.3,-48.7,-48.7,-48.7,-48.7,1.0,0.0,6.0,1.0,0.5,0.3,-17.7,-17.7,-17.7,-17.7,1.0,0.0,6.0,1.0,0.5,0.3,0.6,0.6,0.6,0.6,1.0,0.0,6.0,1.0,0.5,0.3,4.3,4.3,4.3,4.3,1.0,0.0,6.0,1.0,0.5,0.3,5.05,5.05,5.05,5.05,1.0,0.0,6.0,1.0,0.5,0.3,36.4,36.4,36.4,36.4,1.0,0.0,6.0,1.0,0.5,0.3,-138.0,-138.0,-138.0,-138.0,1.0,0.0,6.0,1.0,0.5,0.3,-50.2,-50.2,-50.2,-50.2,1.0,0.0,6.0,1.0,0.5,0.3,-69.5,-69.5,-69.5,-69.5,1.0,0.0,6.0,1.0,0.5,0.3,-25.3,-25.3,-25.3,-25.3,1.0,0.0,6.0,1.0,0.5,0.3,-34.2,-34.2,-34.2,-34.2,1.0,0.0,6.0,1.0,0.5,0.3,-12.4,-12.4,-12.4,-12.4,1.0,0.0,6.0,1.0,0.5,0.3,373.0,373.0,373.0,373.0,1.0,0.0,6.0,1.0,0.5,0.3,375.0,375.0,375.0,375.0,1.0,0.0,6.0,1.0,0.5,0.3
1974,2,332.0,26.0,20.0,20.0,20.0,20.0,2.0,0.0,24.0,0.5,0.5,0.5,19.33,19.6,19.87,19.6,2.0,0.57,24.0,0.5,0.5,0.5,12.0,12.0,12.0,12.0,1.0,0.0,28.0,1.0,0.5,0.2,82.9,82.9,82.9,82.9,1.0,0.0,28.0,1.0,0.2,10.62,11.95,13.28,11.95,2.0,2.76,24.0,0.5,0.5,0.5,-7.29,-4.33,-1.37,-4.33,2.0,6.12,24.0,0.5,0.5,0.5,-12.49,-9.45,-6.41,-9.45,2.0,6.29,24.0,0.5,0.5,0.5,1017.03,1019.45,1021.87,1019.45,2.0,5.02,24.0,0.5,0.5,0.5,4.6,6.0,7.4,6.0,2.0,2.8,24.0,0.5,0.5,0.5,-72.9,-43.3,-13.7,-43.3,2.0,61.2,24.0,0.5,0.5,0.5,-170.5,-121.6,-72.7,-121.6,2.0,101.3,24.0,0.5,0.5,0.5,0.13,0.4,0.67,0.4,2.0,0.57,24.0,0.5,0.5,0.5,1.3,4.0,6.7,4.0,2.0,5.7,24.0,0.5,0.5,0.5,2.5,2.5,2.5,2.5,1.0,0.0,28.0,1.0,0.5,0.2,34.8,34.8,34.8,34.8,1.0,0.0,28.0,1.0,0.5,0.2,-139.9,-83.1,-26.4,-83.1,2.0,117.6,24.0,0.5,0.5,0.5,-249.1,-187.0,-124.9,-187.0,2.0,128.7,24.0,0.5,0.5,0.5,0.0,0.0,0.0,0.0,1.0,0.0,28.0,1.0,0.5,0.2,-166.8,-166.8,-166.8,-166.8,1.0,0.0,28.0,1.0,0.5,0.2,0.0,0.0,0.0,0.0,1.0,0.0,28.0,1.0,0.5,0.2,-34.8,-34.8,-34.8,-34.8,1.0,0.0,28.0,1.0,0.5,0.2,1267.5,1843.0,2418.0,1843.0,2.0,1192.0,24.0,0.5,0.5,0.5,1270.0,1845.0,2420.0,1845.0,2.0,1190.0,24.0,0.5,0.5,0.5
1974,2,332.0,27.0,18.95,20.1,22.05,20.44,7.0,1.71,12.0,0.4,0.4,0.6,18.6,19.2,21.52,19.84,7.0,1.39,12.0,0.4,0.4,0.6,9.51,9.84,11.27,10.37,4.0,1.42,12.0,0.5,0.4,0.7,67.2,71.8,74.8,71.0,4.0,5.6,12.0,0.5,0.7,2.0,4.1,8.16,5.24,7.0,3.66,12.0,0.4,0.4,0.6,-8.09,-4.1,0.75,-3.83,7.0,4.45,12.0,0.4,0.4,0.6,-3.7,-1.61,0.02,-1.77,7.0,2.21,12.0,0.4,0.4,0.6,1023.58,1028.0,1028.51,1026.06,7.0,3.55,12.0,0.4,0.4,0.6,1.6,3.0,7.0,3.7,6.0,2.9,10.0,0.5,0.4,0.7,-66.2,-16.8,1.5,-33.4,7.0,42.5,12.0,0.4,0.4,0.6,-27.7,-3.4,0.0,-13.7,7.0,24.0,12.0,0.4,0.4,0.6,-1.24,0.4,2.11,0.6,7.0,2.16,12.0,0.4,0.4,0.6,-2.5,2.2,17.6,8.9,7.0,19.2,12.0,0.4,0.4,0.6,3.22,5.01,6.67,4.95,4.0,2.49,12.0,0.5,0.4,0.7,6.5,15.6,57.2,31.1,4.0,39.6,12.0,0.5,0.4,0.7,-161.1,-88.1,14.2,-75.0,7.0,84.7,12.0,0.4,0.4,0.6,-68.8,-35.4,0.3,-33.8,7.0,41.0,12.0,0.4,0.4,0.6,-67.2,-28.8,-4.5,-35.6,4.0,41.9,12.0,0.5,0.4,0.7,-37.1,-19.2,-8.7,-22.8,4.0,21.9,12.0,0.5,0.4,0.7,-50.9,-12.1,0.5,-24.6,4.0,36.8,12.0,0.5,0.4,0.7,-27.7,-5.9,-1.4,-14.1,4.0,20.7,12.0,0.5,0.4,0.7,8.0,69.0,556.5,346.0,7.0,524.5,12.0,0.4,0.4,0.6,10.0,70.0,555.0,345.0,7.0,525.0,12.0,0.4,0.4,0.6
1974,2,332.0,28.0,19.79,20.5,21.1,20.42,6.0,0.92,18.0,0.2,0.4,0.5,17.64,18.8,19.2,18.34,7.0,1.0,20.0,0.3,0.4,0.5,7.91,9.15,9.62,8.78,3.0,1.29,18.0,0.3,0.3,0.4,59.2,67.3,75.6,67.4,3.0,12.0,18.0,0.3,0.4,1.9,5.0,8.2,4.73,7.0,3.0,20.0,0.3,0.4,0.5,-4.65,-3.83,0.0,-3.02,7.0,2.67,20.0,0.3,0.4,0.5,-4.3,-0.8,1.58,-1.75,7.0,3.71,20.0,0.3,0.4,0.5,1022.51,1025.0,1027.83,1025.01,7.0,2.86,20.0,0.3,0.4,0.5,3.2,6.0,7.2,5.2,6.0,2.9,18.0,0.3,0.4,0.5,-24.2,-19.2,0.0,-17.6,7.0,20.5,20.0,0.3,0.4,0.5,-35.2,-3.7,3.5,-14.9,7.0,27.5,20.0,0.3,0.4,0.5,0.96,2.0,3.56,2.18,6.0,1.25,18.0,0.2,0.4,0.5,1.6,8.9,17.5,9.1,6.0,7.5,18.0,0.2,0.4,0.5,5.41,5.91,7.27,6.33,3.0,1.41,18.0,0.3,0.3,0.4,31.3,40.3,41.8,36.7,3.0,8.3,18.0,0.3,0.3,0.4,-85.6,-63.2,0.0,-55.1,7.0,50.3,20.0,0.3,0.4,0.5,-82.4,-14.1,28.6,-32.3,7.0,69.8,20.0,0.3,0.4,0.5,-58.5,-44.6,-36.3,-47.3,3.0,16.5,18.0,0.3,0.3,0.4,-28.1,-7.9,10.3,-8.9,3.0,28.1,18.0,0.3,0.3,0.4,-36.2,-34.9,-29.3,-32.8,3.0,5.3,18.0,0.3,0.3,0.4,-16.0,-4.7,12.3,-1.9,3.0,20.8,18.0,0.3,0.3,0.4,7.5,125.0,551.5,209.5,7.0,239.5,20.0,0.3,0.4,0.5,10.0,125.0,550.0,210.0,7.0,240.0,20.0,0.3,0.4,0.5
1974,2,332.0,29.0,19.3,19.5,19.5,19.4,3.0,0.17,16.0,0.7,0.4,0.3,17.34,17.85,18.36,17.85,4.0,0.6,14.0,0.8,0.3,0.3,8.61,9.92,10.3,9.48,4.0,1.26,14.0,0.8,0.3,0.3,68.2,78.7,82.5,75.5,4.0,10.8,14.0,0.8,0.3,10.04,11.3,13.19,11.6,4.0,1.93,14.0,0.8,0.3,0.3,-10.45,-9.97,0.91,-5.0,4.0,10.44,14.0,0.8,0.3,0.3,-5.57,-0.89,3.22,-1.16,4.0,6.24,14.0,0.8,0.3,0.3,1015.05,1027.3,1028.08,1021.83,4.0,11.9,14.0,0.8,0.3,0.3,5.4,7.5,8.0,6.8,4.0,1.9,14.0,0.8,0.3,0.3,-128.4,-100.3,22.9,-54.9,4.0,126.2,14.0,0.8,0.3,0.3,-74.8,-9.2,39.6,-17.2,4.0,83.2,14.0,0.8,0.3,0.3,1.1,1.3,1.78,1.43,3.0,0.51,16.0,0.7,0.4,0.3,11.1,12.7,23.2,17.0,3.0,9.6,16.0,0.7,0.4,0.3,3.47,3.47,5.36,4.39,3.0,1.6,16.0,0.7,0.4,0.3,39.8,48.6,57.2,48.5,3.0,12.7,16.0,0.7,0.4,0.3,-186.1,-181.4,12.7,-91.0,4.0,185.0,14.0,0.8,0.3,0.3,-96.8,-16.5,56.4,-20.1,4.0,108.1,14.0,0.8,0.3,0.3,-107.5,-90.3,18.4,-46.6,4.0,101.0,14.0,0.8,0.3,0.3,-56.8,-9.3,31.2,-12.6,4.0,62.2,14.0,0.8,0.3,0.3,-53.6,-37.3,-35.8,-44.5,3.0,14.4,16.0,0.7,0.4,0.3,-23.3,-6.2,-2.0,-12.5,3.0,16.6,16.0,0.7,0.4,0.3,1013.5,1477.0,2323.5,1659.5,4.0,827.5,14.0,0.8,0.3,0.3,1015.0,1475.0,2325.0,1660.0,4.0,825.0,14.0,0.8,0.3,0.3
1974,2,332.0,30.0,19.0,19.85,20.94,19.66,8.0,1.34,16.0,0.6,0.6,0.6,18.5,19.7,20.0,19.45,10.0,0.78,16.0,0.6,0.6,0.6,8.15,9.32,10.34,9.31,5.0,1.32,14.0,0.8,0.7,0.5,59.7,67.3,76.2,67.9,5.0,8.7,14.0,0.8,0.5,5.57,8.0,13.0,9.07,10.0,3.78,16.0,0.6,0.6,0.6,-6.81,-5.32,2.87,-2.25,10.0,6.83,16.0,0.6,0.6,0.6,-8.82,0.0,3.33,-2.0,10.0,7.0,16.0,0.6,0.6,0.6,1022.43,1026.85,1030.0,1026.39,10.0,4.01,16.0,0.6,0.6,0.6,4.0,6.5,7.0,5.3,10.0,2.3,16.0,0.6,0.6,0.6,-71.0,-43.7,14.6,-17.0,10.0,80.8,16.0,0.6,0.6,0.6,-97.1,0.0,22.2,-28.6,10.0,89.0,16.0,0.6,0.6,0.6,-1.53,0.8,1.19,0.16,8.0,1.48,16.0,0.6,0.6,0.6,-14.0,6.6,8.2,-1.9,8.0,15.2,16.0,0.6,0.6,0.6,4.69,6.01,6.97,5.84,4.0,1.34,14.0,0.8,0.7,0.6,32.0,44.9,59.4,45.7,4.0,20.0,14.0,0.8,0.7,0.6,-138.2,-99.7,53.1,-45.0,10.0,133.1,16.0,0.6,0.6,0.6,-168.3,0.0,64.6,-37.9,10.0,134.5,16.0,0.6,0.6,0.6,-47.2,0.0,78.7,16.2,5.0,75.5,14.0,0.8,0.7,0.5,-18.8,0.0,14.4,-3.7,5.0,28.5,14.0,0.8,0.7,0.5,-42.3,-7.7,47.4,2.1,4.0,54.9,14.0,0.8,0.7,0.6,0.0,1.9,13.1,6.3,4.0,10.3,14.0,0.8,0.7,0.6,178.0,536.0,2239.0,1115.5,10.0,1220.5,16.0,0.6,0.6,0.6,180.0,535.0,2240.0,1115.0,10.0,1220.0,16.0,0.6,0.6,0.6
1974,2,332.0,31.0,18.13,19.0,19.74,18.93,10.0,0.79,10.0,0.5,0.5,0.6,17.92,18.6,19.25,18.64,11.0,1.1,12.0,0.4,0.6,0.7,7.63,8.7,10.59,8.96,5.0,1.83,12.0,0.0,0.5,0.6,60.9,68.9,79.9,69.4,5.0,12.2,12.0,0.0,0.6,3.49,6.15,9.46,6.77,10.0,3.33,12.0,0.5,0.6,0.6,-6.51,-2.64,8.23,-0.12,10.0,6.89,12.0,0.5,0.6,0.6,-3.16,0.0,1.64,-0.93,10.0,3.68,12.0,0.5,0.6,0.6,1020.88,1024.7,1028.16,1023.61,11.0,6.78,12.0,0.4,0.6,0.7,2.0,4.5,5.5,4.3,12.0,1.9,10.0,0.4,0.6,0.6,-50.6,-8.1,68.5,0.4,10.0,63.2,12.0,0.5,0.6,0.6,-25.5,0.0,7.1,-13.9,10.0,42.7,12.0,0.5,0.6,0.6,-1.06,0.5,1.4,0.37,9.0,1.16,10.0,0.4,0.6,0.6,-4.3,4.6,12.8,3.1,7.0,10.0,12.0,0.6,0.6,0.6,3.78,4.88,6.13,4.95,4.0,1.65,14.0,0.0,0.5,0.5,36.6,46.0,55.3,46.0,2.0,19.3,24.0,0.0,0.5,0.5,-130.4,-55.3,132.9,-17.7,9.0,124.1,12.0,0.4,0.6,0.7,-68.4,0.0,32.1,-17.9,9.0,70.5,12.0,0.4,0.6,0.7,-64.0,-53.0,-36.9,-50.5,3.0,20.0,18.0,0.0,0.5,0.6,-56.3,0.0,13.2,-21.0,3.0,54.0,18.0,0.0,0.5,0.6,-37.4,-35.3,-33.3,-35.3,2.0,4.3,24.0,0.0,0.5,0.5,-38.4,-22.9,-7.3,-22.9,2.0,32.3,24.0,0.0,0.5,0.5,44.5,253.0,850.5,527.0,10.0,662.5,12.0,0.5,0.6,0.6,45.0,255.0,850.0,525.0,10.0,665.0,12.0,0.5,0.6,0.6
1974,2,332.0,32.0,17.6,18.25,19.79,18.58,10.0,1.1,18.0,0.5,0.3,0.5,17.43,18.45,19.31,18.75,10.0,1.81,18.0,0.5,0.3,0.5,7.6,8.71,10.88,9.23,3.0,2.45,18.0,0.7,0.3,0.7,60.2,68.4,81.2,70.6,3.0,15.5,18.0,0.7,0.7,2.81,4.0,6.01,4.53,10.0,2.34,18.0,0.5,0.3,0.5,-3.27,-2.0,1.81,-1.02,10.0,2.88,18.0,0.5,0.3,0.5,-3.45,1.91,3.06,0.26,10.0,4.33,18.0,0.5,0.3,0.5,1016.28,1022.8,1028.74,1022.41,10.0,6.94,18.0,0.5,0.3,0.5,4.4,5.5,8.0,5.9,10.0,1.8,18.0,0.5,0.3,0.5,-24.8,-7.4,5.2,-7.6,10.0,16.8,18.0,0.5,0.3,0.5,-21.0,5.0,11.4,-6.4,10.0,34.0,18.0,0.5,0.3,0.5,-1.26,0.5,1.06,-0.17,10.0,1.6,18.0,0.5,0.3,0.5,-9.8,1.7,2.5,-2.0,10.0,7.4,18.0,0.5,0.3,0.5,2.22,5.32,5.74,4.01,3.0,2.81,18.0,0.7,0.3,0.7,8.3,18.4,24.4,16.4,3.0,11.9,18.0,0.7,0.3,0.7,-67.6,-34.8,34.8,-19.0,10.0,55.1,18.0,0.5,0.3,0.5,-64.7,36.5,57.8,5.2,10.0,80.0,18.0,0.5,0.3,0.5,-9.2,3.8,33.5,12.0,3.0,32.1,18.0,0.7,0.3,0.7,-11.8,21.6,35.3,12.0,3.0,35.5,18.0,0.7,0.3,0.7,-5.3,3.1,3.2,-1.0,3.0,7.2,18.0,0.7,0.3,0.7,4.5,18.1,23.1,13.9,3.0,14.1,18.0,0.7,0.3,0.7,23.0,64.0,229.0,174.5,10.0,302.5,18.0,0.5,0.3,0.5,25.0,65.0,230.0,175.0,10.0,300.0,18.0,0.5,0.3,0.5
1974,2,332.0,33.0,17.92,19.0,19.54,18.52,11.0,1.35,14.0,0.8,0.6,0.2,17.0,18.0,19.54,18.31,11.0,1.25,14.0,0.8,0.6,0.2,7.6,9.14,10.46,9.18,9.0,1.63,14.0,0.9,0.7,0.3,59.1,72.6,84.9,71.9,9.0,11.3,14.0,0.9,0.3,2.47,4.85,8.44,5.41,10.0,3.41,14.0,0.8,0.6,0.2,-6.55,-3.58,2.47,-2.63,10.0,5.05,14.0,0.8,0.6,0.2,-1.56,-0.27,2.21,0.07,10.0,3.31,14.0,0.8,0.6,0.2,1021.23,1029.0,1032.41,1027.26,11.0,9.71,14.0,0.8,0.6,0.2,5.2,7.0,8.0,6.5,11.0,1.8,14.0,0.8,0.6,0.2,-48.2,-13.1,11.4,-19.5,10.0,46.4,14.0,0.8,0.6,0.2,-6.1,-0.8,25.0,5.0,10.0,28.2,14.0,0.8,0.6,0.2,-1.17,-0.2,2.21,0.21,11.0,1.87,14.0,0.8,0.6,0.2,-6.7,1.2,11.9,4.1,10.0,12.8,14.0,0.8,0.6,0.2,2.88,4.26,5.64,4.15,9.0,1.67,14.0,0.9,0.7,0.3,8.2,20.7,33.7,21.5,8.0,15.1,14.0,0.9,0.7,0.2,-119.1,-64.9,48.2,-44.2,10.0,93.1,14.0,0.8,0.6,0.2,-29.4,-4.6,37.6,2.7,10.0,62.5,14.0,0.8,0.6,0.2,-72.9,-35.1,-2.5,-34.6,8.0,48.1,14.0,0.9,0.7,0.2,-17.0,-2.0,0.0,-5.7,8.0,26.9,14.0,0.9,0.7,0.2,-33.2,-18.9,-1.6,-18.4,8.0,16.8,14.0,0.9,0.7,0.2,-5.8,-1.2,0.0,-1.5,8.0,9.2,14.0,0.9,0.7,0.2,17.5,115.0,612.5,334.0,10.0,457.0,14.0,0.8,0.6,0.2,15.0,115.0,610.0,335.0,10.0,455.0,14.0,0.8,0.6,0.2
1974,2,332.0,34.0,17.8,18.15,19.29,18.2,10.0,1.02,14.0,0.5,0.6,0.5,16.01,17.65,18.96,17.41,14.0,1.76,14.0,0.4,0.5,0.6,8.69,9.86,10.52,9.69,11.0,1.88,12.0,0.5,0.6,0.5,66.6,81.0,89.0,78.5,11.0,11.2,12.0,0.5,0.5,3.13,4.1,5.1,4.31,14.0,1.91,14.0,0.4,0.5,0.6,-3.98,-1.29,2.61,-0.39,14.0,3.76,14.0,0.4,0.5,0.6,-2.98,-0.87,1.54,-0.22,14.0,3.04,14.0,0.4,0.5,0.6,1021.02,1027.5,1030.97,1025.81,14.0,5.8,14.0,0.4,0.5,0.6,2.0,6.0,8.0,5.2,13.0,2.5,14.0,0.5,0.6,0.5,-16.3,-4.2,19.7,1.2,14.0,21.9,14.0,0.4,0.5,0.6,-11.2,-3.2,9.9,1.5,14.0,18.2,14.0,0.4,0.5,0.6,-0.77,0.3,1.33,0.06,10.0,1.88,14.0,0.5,0.6,0.5,-3.5,1.1,5.9,-1.5,10.0,12.3,14.0,0.5,0.6,0.5,2.3,2.7,4.52,2.68,9.0,2.13,14.0,0.6,0.6,0.5,2.6,11.3,19.7,9.9,9.0,12.7,14.0,0.6,0.6,0.5,-73.0,-20.6,46.9,-4.6,14.0,70.9,14.0,0.4,0.5,0.6,-48.2,-14.5,27.2,-2.4,14.0,52.9,14.0,0.4,0.5,0.6,-34.5,0.0,36.2,7.9,11.0,42.7,12.0,0.5,0.6,0.5,-20.1,0.0,27.7,4.5,11.0,31.6,12.0,0.5,0.6,0.5,-19.1,0.0,6.2,-4.4,9.0,12.7,14.0,0.6,0.6,0.5,-7.2,0.0,8.4,0.8,9.0,9.3,14.0,0.6,0.6,0.5,31.0,69.0,132.5,123.0,14.0,146.0,14.0,0.4,0.5,0.6,30.0,70.0,135.0,125.0,14.0,145.0,14.0,0.4,0.5,0.6
1974,2,332.0,35.0,16.4,17.1,18.51,17.47,24.0,1.16,14.0,0.4,0.6,0.6,15.6,17.2,18.21,16.98,26.0,1.45,14.0,0.4,0.6,0.6,7.19,9.61,10.84,9.32,22.0,1.7,14.0,0.4,0.6,0.6,68.0,80.7,87.5,77.9,22.0,10.0,14.0,0.4,0.6,4.1,6.45,8.24,6.42,26.0,2.9,14.0,0.4,0.6,0.6,-5.13,-0.67,8.08,0.0,26.0,5.53,14.0,0.4,0.6,0.6,-3.53,0.65,4.47,0.7,26.0,4.48,14.0,0.4,0.6,0.6,1019.15,1024.7,1031.1,1024.69,27.0,5.73,14.0,0.4,0.6,0.6,1.5,4.0,7.0,4.3,23.0,2.6,14.0,0.4,0.6,0.6,-38.6,-3.6,66.3,4.6,26.0,47.5,14.0,0.4,0.6,0.6,-20.0,1.9,36.4,3.0,26.0,42.1,14.0,0.4,0.6,0.6,-1.25,0.1,2.05,0.47,23.0,2.13,14.0,0.4,0.6,0.6,-7.5,0.0,10.9,3.1,22.0,16.7,14.0,0.4,0.6,0.6,1.17,2.71,4.29,2.84,20.0,1.99,14.0,0.4,0.6,0.6,1.2,17.0,36.0,19.5,19.0,16.7,14.0,0.4,0.6,0.6,-87.6,-18.1,149.5,3.4,25.0,97.8,14.0,0.4,0.6,0.6,-60.8,12.6,84.7,16.1,25.0,75.2,14.0,0.4,0.6,0.6,-39.3,0.0,93.1,10.5,21.0,54.3,14.0,0.4,0.6,0.6,-26.7,0.0,52.7,9.4,21.0,44.0,14.0,0.4,0.6,0.6,-13.2,0.0,9.4,-2.5,19.0,17.6,14.0,0.4,0.6,0.6,-21.0,0.0,15.6,-1.2,19.0,19.1,14.0,0.4,0.6,0.6,69.0,269.5,559.5,420.0,26.0,496.0,14.0,0.4,0.6,0.6,70.0,270.0,560.0,420.0,26.0,495.0,14.0,0.4,0.6,0.6
1974,2,332.0,36.0,16.0,16.8,17.9,16.88,23.0,1.12,16.0,0.5,0.5,0.5,15.16,16.7,18.0,16.61,25.0,1.3,16.0,0.4,0.5,0.5,7.08,9.22,10.96,9.15,20.0,1.69,16.0,0.5,0.5,0.5,63.2,80.7,91.3,78.7,20.0,13.5,16.0,0.5,0.5,3.58,6.2,10.82,7.28,24.0,4.09,16.0,0.5,0.5,0.5,-4.29,1.25,6.7,1.02,24.0,6.23,16.0,0.5,0.5,0.5,-0.94,2.96,8.39,3.45,24.0,4.45,16.0,0.5,0.5,0.5,1014.48,1020.5,1031.64,1022.12,24.0,7.66,16.0,0.5,0.5,0.5,2.8,7.0,8.0,6.2,25.0,2.4,16.0,0.4,0.5,0.5,-19.9,7.0,61.0,11.6,24.0,81.2,16.0,0.5,0.5,0.5,-3.0,24.2,86.0,37.0,24.0,48.7,16.0,0.5,0.5,0.5,-0.86,0.2,1.75,0.3,23.0,1.4,16.0,0.5,0.5,0.5,-6.8,0.5,4.5,2.1,22.0,13.9,16.0,0.5,0.5,0.4,0.87,2.37,4.98,2.84,19.0,1.76,16.0,0.5,0.5,0.5,3.7,13.5,39.4,19.0,18.0,17.6,16.0,0.5,0.5,0.4,-69.0,20.7,119.2,21.6,24.0,102.1,16.0,0.5,0.5,0.5,-14.6,48.2,137.3,60.0,24.0,76.3,16.0,0.5,0.5,0.5,-39.3,0.0,54.3,4.7,19.0,59.9,14.0,0.5,0.5,0.5,-10.5,26.3,65.7,28.9,19.0,41.4,14.0,0.5,0.5,0.5,-12.0,0.0,15.2,0.0,18.0,22.4,16.0,0.5,0.5,0.4,-2.4,3.5,15.5,4.9,18.0,12.8,16.0,0.5,0.5,0.4,51.0,243.0,1285.5,787.0,24.0,1225.5,16.0,0.5,0.5,0.5,50.0,245.0,1285.0,785.0,24.0,1225.0,16.0,0.5,0.5,0.5
1974,2,332.0,37.0,15.0,16.2,17.65,16.44,18.0,1.38,12.0,0.5,0.7,0.3,13.89,16.5,17.26,15.85,19.0,1.66,10.0,0.4,0.6,0.3,7.19,8.43,9.79,8.51,14.0,1.75,10.0,0.4,0.7,0.3,65.3,78.8,87.1,76.6,14.0,10.5,10.0,0.4,0.3,2.6,4.6,9.79,5.6,20.0,3.46,10.0,0.5,0.7,0.3,-1.66,1.77,4.6,1.74,20.0,3.92,10.0,0.5,0.7,0.3,-0.63,2.14,5.4,1.99,20.0,4.71,10.0,0.5,0.7,0.3,1020.43,1025.5,1027.51,1024.7,19.0,4.51,10.0,0.5,0.7,0.3,2.0,4.5,7.0,4.5,20.0,2.1,10.0,0.5,0.7,0.3,-4.3,8.6,28.8,12.0,20.0,35.8,10.0,0.5,0.7,0.3,-2.3,5.8,58.0,14.5,20.0,47.7,10.0,0.5,0.7,0.3,-1.14,-0.3,1.93,0.33,17.0,1.67,12.0,0.5,0.7,0.3,-10.1,-0.8,9.4,-0.9,17.0,9.6,12.0,0.5,0.7,0.3,1.26,3.31,4.18,2.94,13.0,1.52,10.0,0.5,0.7,0.3,3.3,8.7,28.9,14.7,13.0,13.9,10.0,0.5,0.7,0.3,-28.0,28.7,69.1,30.2,19.0,66.1,10.0,0.4,0.6,0.3,-15.6,41.5,98.3,35.9,19.0,76.5,10.0,0.4,0.6,0.3,-4.5,14.7,34.3,17.6,14.0,29.5,10.0,0.4,0.7,0.3,-6.1,18.0,34.4,10.8,14.0,32.3,10.0,0.4,0.7,0.3,-2.5,2.3,11.4,5.4,13.0,11.4,10.0,0.5,0.7,0.3,-3.0,2.1,7.6,0.6,13.0,16.3,10.0,0.5,0.7,0.3,17.5,97.5,938.0,381.5,20.0,523.0,10.0,0.5,0.7,0.3,20.0,95.0,940.0,380.0,20.0,525.0,10.0,0.5,0.7,0.3
1974,2,332.0,38.0,14.54,15.0,16.0,15.25,27.0,0.87,12.0,0.5,0.5,0.3,14.06,15.55,16.77,15.43,28.0,1.38,12.0,0.5,0.5,0.4,6.52,8.7,10.01,8.4,20.0,1.67,14.0,0.6,0.5,0.4,67.2,77.1,89.1,78.0,20.0,10.7,14.0,0.6,0.4,3.23,7.7,10.3,7.1,27.0,3.25,12.0,0.5,0.5,0.4,-3.81,1.99,6.62,1.93,27.0,5.51,12.0,0.5,0.5,0.4,1.38,3.35,7.05,3.56,27.0,3.92,12.0,0.5,0.5,0.4,1017.04,1025.7,1030.52,1024.84,28.0,6.21,12.0,0.5,0.5,0.4,3.0,6.5,8.0,5.5,26.0,2.6,12.0,0.5,0.5,0.4,-17.8,15.0,62.3,19.9,27.0,55.0,12.0,0.5,0.5,0.4,3.0,24.7,83.0,33.7,27.0,38.6,12.0,0.5,0.5,0.4,-1.5,-0.4,1.1,-0.19,27.0,1.41,12.0,0.5,0.5,0.3,-12.4,-2.9,3.4,-3.5,26.0,9.5,12.0,0.5,0.5,0.3,0.17,1.97,3.79,2.21,19.0,1.65,14.0,0.6,0.5,0.4,1.0,12.1,24.0,13.6,18.0,10.4,14.0,0.6,0.5,0.4,-56.8,30.9,109.6,32.0,27.0,87.6,12.0,0.5,0.5,0.4,19.9,56.3,116.1,58.1,27.0,61.2,12.0,0.5,0.5,0.4,-33.0,17.6,61.5,9.2,19.0,48.7,14.0,0.6,0.5,0.4,9.7,35.1,62.8,33.9,19.0,35.0,14.0,0.6,0.5,0.4,-16.3,0.0,6.0,-3.1,18.0,12.6,14.0,0.6,0.5,0.4,-4.6,4.0,12.7,3.4,18.0,11.2,14.0,0.6,0.5,0.4,34.5,456.5,1092.5,576.0,27.0,618.5,12.0,0.5,0.5,0.4,35.0,455.0,1095.0,575.0,27.0,620.0,12.0,0.5,0.5,0.4
1974,2,332.0,39.0,13.5,14.9,15.36,14.5,18.0,1.04,12.0,0.4,0.5,0.5,12.86,14.35,15.87,14.41,24.0,1.6,14.0,0.5,0.5,0.5,7.19,8.67,9.76,8.53,22.0,1.55,12.0,0.5,0.5,0.5,69.5,86.7,94.7,82.5,23.0,12.8,14.0,0.5,0.5,4.35,8.2,11.62,8.62,23.0,5.33,14.0,0.5,0.5,0.5,-3.48,1.7,9.19,2.86,23.0,8.48,14.0,0.5,0.5,0.5,-5.42,1.74,4.58,0.61,23.0,5.02,14.0,0.5,0.5,0.5,1015.42,1023.2,1027.75,1022.18,23.0,7.09,14.0,0.5,0.5,0.5,2.7,5.0,8.0,5.0,24.0,2.6,14.0,0.5,0.5,0.5,-22.5,16.7,89.9,50.9,23.0,142.3,14.0,0.5,0.5,0.5,-49.6,7.2,47.5,10.5,23.0,63.5,14.0,0.5,0.5,0.5,-1.65,-0.55,2.5,-0.08,18.0,1.92,12.0,0.4,0.5,0.5,-16.2,-2.7,19.6,0.8,18.0,20.7,12.0,0.4,0.5,0.5,0.02,1.67,2.49,1.56,18.0,1.6,12.0,0.4,0.5,0.5,1.1,10.4,21.4,12.8,18.0,18.0,12.0,0.4,0.5,0.5,-47.4,25.5,141.0,41.7,23.0,125.9,14.0,0.5,0.5,0.5,-70.1,28.6,68.8,13.3,23.0,69.7,14.0,0.5,0.5,0.5,-20.8,18.1,98.6,33.9,21.0,81.0,12.0,0.5,0.5,0.5,-35.2,18.3,41.8,12.5,21.0,43.4,12.0,0.5,0.5,0.5,-6.6,1.4,17.1,5.9,18.0,18.7,12.0,0.4,0.5,0.5,-10.9,0.5,6.3,-1.8,18.0,10.3,12.0,0.4,0.5,0.5,83.0,551.5,1629.0,1502.5,23.0,2805.5,14.0,0.5,0.5,0.5,85.0,550.0,1630.0,1500.0,23.0,2805.0,14.0,0.5,0.5,0.5
1974,2,332.0,40.0,13.0,14.4,16.0,14.43,18.0,1.33,18.0,0.4,0.5,0.4,12.21,13.75,15.0,13.69,18.0,1.31,18.0,0.4,0.5,0.4,6.58,7.31,9.03,7.6,15.0,1.27,18.0,0.4,0.4,0.3,70.0,79.3,90.4,79.1,15.0,9.6,18.0,0.4,0.3,4.15,7.7,9.6,7.59,18.0,4.4,18.0,0.4,0.5,0.4,-1.62,2.25,9.46,3.33,18.0,6.34,18.0,0.4,0.5,0.4,-2.2,1.7,6.22,1.28,18.0,5.18,18.0,0.4,0.5,0.4,1014.55,1023.85,1032.65,1022.79,18.0,9.14,18.0,0.4,0.5,0.4,2.7,5.5,7.0,5.1,18.0,2.3,18.0,0.4,0.5,0.4,-7.7,10.3,91.0,45.0,18.0,100.7,18.0,0.4,0.5,0.4,-11.4,16.7,42.0,-0.1,18.0,67.0,18.0,0.4,0.5,0.4,-0.53,0.8,2.93,0.74,18.0,1.71,18.0,0.4,0.5,0.4,-4.6,4.9,19.1,5.7,18.0,14.5,18.0,0.4,0.5,0.4,1.63,2.59,3.83,2.54,15.0,1.31,18.0,0.4,0.4,0.3,4.5,15.2,23.5,19.7,15.0,22.2,18.0,0.4,0.4,0.3,-20.7,31.7,136.5,49.4,18.0,90.0,18.0,0.4,0.5,0.4,-30.8,25.0,81.2,16.9,18.0,71.4,18.0,0.4,0.5,0.4,-15.2,15.5,78.2,23.0,15.0,49.8,18.0,0.4,0.4,0.3,-13.8,15.9,46.6,16.1,15.0,36.9,18.0,0.4,0.4,0.3,-5.0,2.2,14.6,7.8,15.0,23.9,18.0,0.4,0.4,0.3,-6.0,2.9,14.8,2.5,15.0,16.3,18.0,0.4,0.4,0.3,77.0,456.5,891.5,983.0,18.0,2299.5,18.0,0.4,0.5,0.4,75.0,455.0,890.0,985.0,18.0,2300.0,18.0,0.4,0.5,0.4
1974,2,332.0,41.0,13.26,14.0,16.46,14.75,17.0,1.74,14.0,0.6,0.6,0.3,11.74,13.75,15.51,13.57,18.0,2.15,14.0,0.6,0.6,0.3,6.44,7.55,8.6,7.49,12.0,1.37,14.0,0.5,0.6,0.3,67.5,76.7,86.8,76.5,12.0,10.7,14.0,0.5,0.3,5.1,10.3,18.69,10.79,17.0,5.81,14.0,0.6,0.6,0.3,-5.41,3.28,13.25,3.33,17.0,9.1,14.0,0.6,0.6,0.3,-3.7,3.28,9.26,2.52,17.0,7.5,14.0,0.6,0.6,0.3,1007.91,1016.3,1024.48,1015.17,17.0,10.69,14.0,0.6,0.6,0.3,3.0,6.0,8.0,5.7,17.0,2.1,14.0,0.6,0.6,0.3,-34.4,16.7,225.3,69.0,17.0,151.3,14.0,0.6,0.6,0.3,-36.7,18.4,105.7,34.6,17.0,130.2,14.0,0.6,0.6,0.3,-0.5,0.9,3.28,1.28,17.0,2.91,14.0,0.6,0.6,0.3,-3.1,6.8,35.8,11.7,16.0,23.0,14.0,0.6,0.5,0.3,0.78,2.3,4.43,2.71,12.0,1.99,14.0,0.5,0.6,0.3,4.0,20.2,30.1,23.8,11.0,24.8,14.0,0.5,0.6,0.3,-60.4,39.0,162.9,44.3,17.0,126.1,14.0,0.6,0.6,0.3,-42.5,41.0,133.6,39.4,17.0,109.4,14.0,0.6,0.6,0.3,-33.2,18.6,77.2,16.1,11.0,63.2,14.0,0.5,0.6,0.3,-44.5,15.6,46.3,7.6,11.0,51.0,14.0,0.5,0.6,0.3,-6.7,1.9,23.4,10.5,11.0,26.5,14.0,0.5,0.6,0.3,-23.4,2.3,15.9,-2.8,11.0,20.2,14.0,0.5,0.6,0.3,132.5,1092.5,6561.5,2413.0,17.0,3339.0,14.0,0.6,0.6,0.3,135.0,1095.0,6560.0,2415.0,17.0,3340.0,14.0,0.6,0.6,0.3
1974,2,332.0,42.0,12.0,12.6,14.47,12.86,14.0,1.21,14.0,0.6,0.5,0.5,11.27,13.1,14.86,13.1,18.0,1.68,16.0,0.6,0.5,0.6,6.13,7.1,8.78,7.38,16.0,1.54,16.0,0.6,0.5,0.5,65.3,76.4,93.1,79.2,16.0,13.5,16.0,0.6,0.5,7.6,10.3,14.35,10.38,18.0,4.53,16.0,0.6,0.5,0.6,-3.91,2.3,10.85,3.84,18.0,7.65,16.0,0.6,0.5,0.6,-5.16,5.21,9.35,3.44,18.0,6.91,16.0,0.6,0.5,0.6,1006.37,1017.65,1026.86,1017.44,18.0,10.71,16.0,0.6,0.5,0.6,3.1,7.0,8.0,5.8,17.0,2.8,16.0,0.6,0.5,0.6,-45.0,20.6,161.2,59.4,18.0,116.0,16.0,0.6,0.5,0.6,-46.4,53.0,133.4,46.2,18.0,84.2,16.0,0.6,0.5,0.6,-1.4,0.0,2.28,0.13,14.0,1.96,14.0,0.6,0.5,0.5,-19.2,-1.2,20.5,-2.7,14.0,21.1,14.0,0.6,0.5,0.5,0.2,2.07,3.1,1.94,13.0,1.74,14.0,0.6,0.5,0.5,-0.5,10.7,32.4,16.3,13.0,17.7,14.0,0.6,0.5,0.5,-52.2,29.1,160.6,52.0,18.0,102.5,16.0,0.6,0.5,0.6,-63.1,76.0,131.0,51.3,18.0,89.3,16.0,0.6,0.5,0.6,-33.3,4.4,90.3,23.3,16.0,57.1,16.0,0.6,0.5,0.5,-28.3,47.6,72.8,30.2,16.0,49.6,16.0,0.6,0.5,0.5,-5.1,0.0,20.8,7.1,13.0,15.8,14.0,0.6,0.5,0.5,-10.9,0.0,17.0,-0.2,13.0,17.2,14.0,0.6,0.5,0.5,457.0,1092.5,2977.5,1712.5,18.0,1922.0,16.0,0.6,0.5,0.6,455.0,1095.0,2980.0,1710.0,18.0,1920.0,16.0,0.6,0.5,0.6
1974,2,332.0,43.0,12.0,13.0,14.0,12.85,18.0,1.17,14.0,0.4,0.4,0.5,10.25,13.1,15.0,13.08,23.0,2.35,14.0,0.4,0.4,0.5,6.04,6.78,9.22,7.37,15.0,1.71,14.0,0.5,0.4,0.5,59.6,87.4,89.9,75.9,15.0,15.8,14.0,0.5,0.5,7.7,12.3,15.4,12.23,21.0,6.29,14.0,0.4,0.4,0.4,0.05,8.7,11.45,6.69,21.0,7.54,14.0,0.4,0.4,0.4,-1.22,4.58,11.96,5.67,21.0,7.69,14.0,0.4,0.4,0.4,1000.97,1017.9,1032.42,1016.07,23.0,13.35,14.0,0.4,0.4,0.5,4.0,7.0,8.0,6.1,20.0,2.1,14.0,0.5,0.4,0.5,0.1,75.7,152.4,109.2,21.0,185.8,14.0,0.4,0.4,0.4,-1.8,61.4,181.7,97.3,21.0,148.0,14.0,0.4,0.4,0.4,-2.72,-0.4,2.26,-0.37,18.0,2.94,14.0,0.4,0.4,0.5,-38.9,-6.2,28.4,-4.7,16.0,34.5,14.0,0.4,0.4,0.5,-0.11,2.07,2.99,1.51,14.0,1.84,16.0,0.4,0.4,0.6,-0.4,16.5,53.4,24.5,12.0,31.6,14.0,0.4,0.4,0.5,0.6,88.9,157.4,87.4,21.0,108.1,14.0,0.4,0.4,0.4,-15.9,65.1,174.5,83.3,21.0,102.8,14.0,0.4,0.4,0.4,13.6,57.3,85.4,54.4,13.0,58.8,14.0,0.5,0.4,0.5,0.0,42.2,107.0,56.7,13.0,55.6,14.0,0.5,0.4,0.5,0.0,11.0,39.2,18.2,12.0,27.0,14.0,0.4,0.4,0.5,-0.4,3.7,40.3,13.4,12.0,19.1,14.0,0.4,0.4,0.5,456.5,1861.0,3652.5,3452.5,21.0,6355.5,14.0,0.4,0.4,0.4,455.0,1860.0,3650.0,3455.0,21.0,6355.0,14.0,0.4,0.4,0.4
1974,2,332.0,44.0,11.22,11.9,13.66,12.3,14.0,1.2,16.0,0.6,0.5,0.4,10.09,12.3,12.58,11.58,15.0,1.51,16.0,0.6,0.5,0.5,5.67,5.93,8.03,6.59,13.0,1.15,16.0,0.5,0.6,0.4,69.4,80.9,87.5,78.6,13.0,10.6,16.0,0.5,0.4,7.7,9.3,13.16,11.83,15.0,7.0,16.0,0.6,0.5,0.5,-2.54,3.52,10.97,5.39,15.0,10.0,16.0,0.6,0.5,0.5,-5.73,4.32,9.96,2.55,15.0,7.81,16.0,0.6,0.5,0.5,1005.01,1019.5,1030.92,1017.85,14.0,13.8,16.0,0.6,0.5,0.4,3.2,5.0,7.0,5.1,15.0,1.8,16.0,0.6,0.5,0.5,-21.2,36.3,131.0,115.3,15.0,261.7,16.0,0.6,0.5,0.5,-55.0,19.9,104.5,35.2,15.0,129.7,16.0,0.6,0.5,0.5,-1.36,0.95,1.99,0.75,14.0,1.93,16.0,0.6,0.5,0.4,-11.3,10.7,18.3,5.5,14.0,23.4,16.0,0.6,0.5,0.4,0.6,2.43,3.01,2.14,13.0,1.28,16.0,0.5,0.6,0.4,5.5,25.9,46.2,28.7,13.0,26.4,16.0,0.5,0.6,0.4,-30.6,31.0,113.3,58.9,15.0,119.9,16.0,0.6,0.5,0.5,-52.9,53.6,124.5,39.0,15.0,92.2,16.0,0.6,0.5,0.5,-13.8,30.3,73.7,34.0,13.0,64.9,16.0,0.5,0.6,0.4,-32.2,7.8,84.0,19.9,13.0,56.0,16.0,0.5,0.6,0.4,-0.3,14.7,32.4,20.7,13.0,26.7,16.0,0.5,0.6,0.4,-15.5,-0.6,9.4,-1.8,13.0,20.2,16.0,0.5,0.6,0.4,456.5,804.5,2285.0,3831.5,15.0,7668.5,16.0,0.6,0.5,0.5,455.0,805.0,2285.0,3830.0,15.0,7670.0,16.0,0.6,0.5,0.5
1974,2,332.0,45.0,11.83,12.65,14.13,12.7,10.0,1.35,16.0,0.5,0.5,0.5,10.0,12.0,13.59,11.98,14.0,2.21,16.0,0.5,0.5,0.5,4.88,6.45,8.09,6.58,11.0,1.45,16.0,0.5,0.5,0.5,67.4,78.0,94.1,78.5,11.0,16.6,16.0,0.5,0.5,5.76,10.05,12.9,9.72,14.0,4.28,16.0,0.5,0.5,0.5,0.1,5.71,8.95,4.93,14.0,4.09,16.0,0.5,0.5,0.5,-5.5,-0.04,11.51,3.07,14.0,8.19,16.0,0.5,0.5,0.5,1012.59,1017.9,1024.84,1017.31,14.0,9.75,16.0,0.5,0.5,0.5,2.0,7.0,8.0,5.2,13.0,2.9,16.0,0.5,0.5,0.5,0.2,45.3,106.8,52.0,14.0,46.6,16.0,0.5,0.5,0.5,-53.5,1.4,149.6,52.2,14.0,110.3,16.0,0.5,0.5,0.5,0.09,1.0,2.51,1.39,10.0,1.64,16.0,0.5,0.5,0.5,1.1,8.6,15.4,9.9,10.0,8.7,16.0,0.5,0.5,0.5,0.51,1.88,3.75,2.19,9.0,1.67,16.0,0.4,0.6,0.5,5.5,21.6,25.1,17.3,9.0,9.7,16.0,0.4,0.6,0.5,1.5,65.8,107.1,60.2,14.0,51.3,16.0,0.5,0.5,0.5,-60.3,1.8,145.4,42.4,14.0,100.1,16.0,0.5,0.5,0.5,0.0,33.5,59.2,29.3,11.0,30.1,16.0,0.5,0.5,0.5,-38.7,-4.9,91.5,20.6,11.0,63.8,16.0,0.5,0.5,0.5,0.0,3.8,15.3,5.1,9.0,10.5,16.0,0.4,0.6,0.5,-11.9,3.1,19.2,1.3,9.0,17.0,16.0,0.4,0.6,0.5,192.5,1017.0,2146.5,1401.0,14.0,1433.0,16.0,0.5,0.5,0.5,190.0,1015.0,2145.0,1400.0,14.0,1435.0,16.0,0.5,0.5,0.5
1974,2,332.0,46.0,9.11,10.75,11.96,10.89,8.0,1.71,16.0,0.8,0.6,0.3,9.05,12.0,12.65,11.24,9.0,2.62,18.0,0.8,0.6,0.4,6.36,7.32,8.33,7.43,6.0,1.37,20.0,1.0,0.7,0.3,72.1,87.1,93.7,83.5,6.0,11.9,20.0,1.0,0.3,6.23,11.0,15.56,11.08,9.0,5.55,18.0,0.8,0.6,0.4,-1.33,9.16,13.47,6.72,9.0,7.29,18.0,0.8,0.6,0.4,-5.18,0.0,9.38,0.9,9.0,8.0,18.0,0.8,0.6,0.4,1012.46,1018.5,1029.05,1019.1,9.0,10.61,18.0,0.8,0.6,0.4,4.3,7.0,8.0,6.2,9.0,1.7,18.0,0.8,0.6,0.4,-2.8,85.2,211.7,98.2,9.0,123.1,18.0,0.8,0.6,0.4,-65.8,0.0,125.3,0.5,9.0,127.4,18.0,0.8,0.6,0.4,-2.26,-0.75,3.56,0.1,8.0,3.04,16.0,0.8,0.6,0.3,-17.4,-8.8,61.3,9.9,8.0,41.4,16.0,0.8,0.6,0.3,-0.17,0.46,1.57,0.73,5.0,1.27,20.0,1.0,0.6,0.3,-1.7,2.3,23.7,11.0,5.0,20.6,20.0,1.0,0.6,0.3,-19.8,91.6,122.8,63.3,9.0,75.2,18.0,0.8,0.6,0.4,-45.7,0.0,115.4,23.4,9.0,80.1,18.0,0.8,0.6,0.4,-20.6,16.4,68.3,21.6,6.0,45.7,20.0,1.0,0.7,0.3,-10.5,26.4,80.1,32.8,6.0,44.2,20.0,1.0,0.7,0.3,-1.3,0.0,16.2,7.8,5.0,18.3,20.0,1.0,0.6,0.3,-1.7,0.4,14.8,5.8,5.0,11.1,20.0,1.0,0.6,0.3,313.5,1331.0,3873.5,2279.0,9.0,2772.0,18.0,0.8,0.6,0.4,315.0,1330.0,3875.0,2280.0,9.0,2770.0,18.0,0.8,0.6,0.4
1974,2,332.0,47.0,11.69,12.0,12.07,11.9,5.0,0.26,18.0,0.6,0.6,0.3,9.0,10.0,12.66,10.44,10.0,2.0,14.0,0.5,0.7,0.2,5.84,7.14,8.18,7.14,5.0,1.45,14.0,0.6,0.6,0.3,78.2,80.4,90.6,83.8,5.0,7.6,14.0,0.6,0.3,6.63,12.95,15.19,11.73,10.0,4.48,14.0,0.5,0.7,0.2,0.82,10.28,13.15,7.87,10.0,6.47,14.0,0.5,0.7,0.2,-4.4,0.43,10.67,2.2,10.0,7.55,14.0,0.5,0.7,0.2,994.77,1014.45,1029.83,1011.91,10.0,17.79,14.0,0.5,0.7,0.2,4.3,6.0,8.0,6.2,9.0,1.9,14.0,0.6,0.6,0.2,-3.6,121.8,190.3,108.4,10.0,101.4,14.0,0.5,0.7,0.2,-67.8,2.2,144.6,28.6,10.0,116.4,14.0,0.5,0.7,0.2,-0.59,1.4,2.24,0.96,5.0,1.65,18.0,0.6,0.6,0.3,-5.0,7.0,33.9,13.9,5.0,22.4,18.0,0.6,0.6,0.3,1.08,1.59,2.59,1.83,3.0,1.12,20.0,0.7,0.4,0.4,10.2,11.0,35.6,22.6,3.0,21.1,20.0,0.7,0.4,0.4,7.1,100.3,118.3,77.7,10.0,74.5,14.0,0.5,0.7,0.2,-39.6,4.6,123.3,31.3,10.0,86.2,14.0,0.5,0.7,0.2,-21.2,60.2,99.1,45.7,5.0,68.6,14.0,0.6,0.6,0.3,-16.4,33.9,102.7,39.9,5.0,66.2,14.0,0.6,0.6,0.3,-4.9,-1.9,27.2,10.8,3.0,26.0,20.0,0.7,0.4,0.4,-13.7,7.5,9.8,-1.7,3.0,19.0,20.0,0.7,0.4,0.4,296.0,2172.0,3505.0,2240.0,10.0,2049.0,14.0,0.5,0.7,0.2,295.0,2170.0,3505.0,2240.0,10.0,2050.0,14.0,0.5,0.7,0.2
1974,2,332.0,48.0,9.95,10.5,11.14,10.51,7.0,0.97,16.0,0.4,0.6,0.7,7.98,9.5,11.74,10.0,7.0,2.89,16.0,0.4,0.6,0.7,4.53,5.51,7.72,6.01,5.0,1.68,14.0,0.4,0.5,0.7,74.8,77.4,80.4,78.1,6.0,6.6,16.0,0.3,0.7,7.65,10.3,15.4,10.87,7.0,3.41,16.0,0.4,0.6,0.7,3.42,6.3,14.5,8.18,7.0,5.36,16.0,0.4,0.6,0.7,-2.71,5.27,7.68,3.16,7.0,5.59,16.0,0.4,0.6,0.7,1009.67,1012.8,1021.47,1015.48,5.0,7.56,14.0,0.4,0.5,0.7,4.8,6.5,8.0,6.3,6.0,1.6,16.0,0.5,0.6,0.7,35.0,61.7,223.4,102.6,7.0,91.7,16.0,0.4,0.6,0.7,-23.3,58.4,82.0,32.7,7.0,58.4,16.0,0.4,0.6,0.7,-1.79,0.8,3.98,0.51,7.0,3.64,16.0,0.4,0.6,0.7,-17.6,6.7,60.1,8.9,7.0,41.6,16.0,0.4,0.6,0.7,0.02,2.24,3.95,1.97,5.0,2.13,14.0,0.4,0.5,0.7,-0.7,15.0,49.4,22.9,5.0,28.9,14.0,0.4,0.5,0.7,49.4,58.5,123.3,72.8,7.0,41.7,16.0,0.4,0.6,0.7,-22.1,48.5,90.5,42.9,7.0,65.9,16.0,0.4,0.6,0.7,21.6,32.0,54.9,37.4,5.0,22.6,14.0,0.4,0.5,0.7,-14.6,-8.1,64.7,19.1,5.0,44.7,14.0,0.4,0.5,0.7,-0.7,13.0,48.7,22.7,5.0,27.7,14.0,0.4,0.5,0.7,-9.3,-7.5,-3.2,-6.0,5.0,5.7,14.0,0.4,0.5,0.7,449.0,1092.5,3652.5,1622.0,7.0,1427.5,16.0,0.4,0.6,0.7,450.0,1095.0,3650.0,1620.0,7.0,1425.0,16.0,0.4,0.6,0.7
1974,2,332.0,49.0,10.1,11.15,11.98,11.19,8.0,0.9,16.0,0.5,0.5,0.5,7.36,10.0,11.44,9.63,8.0,2.1,16.0,0.5,0.5,0.5,4.98,6.06,7.03,6.03,8.0,1.38,16.0,0.5,0.5,0.5,77.0,80.5,82.2,80.0,8.0,10.9,16.0,0.5,0.5,6.26,9.25,16.55,10.36,8.0,5.65,16.0,0.5,0.5,0.5,0.25,6.3,12.24,6.18,8.0,6.48,16.0,0.5,0.5,0.5,-1.16,3.59,9.04,2.1,8.0,8.0,16.0,0.5,0.5,0.5,988.64,1017.5,1028.91,1011.79,8.0,18.14,16.0,0.5,0.5,0.5,4.1,6.0,8.0,5.9,8.0,2.2,16.0,0.5,0.5,0.5,0.6,45.2,161.7,87.2,8.0,112.8,16.0,0.5,0.5,0.5,-3.0,31.1,107.9,18.0,8.0,125.2,16.0,0.5,0.5,0.5,-0.89,1.45,4.27,1.56,8.0,2.63,16.0,0.5,0.5,0.5,-5.5,10.0,49.9,18.6,8.0,32.7,16.0,0.5,0.5,0.5,0.65,1.9,3.46,2.23,8.0,1.55,16.0,0.5,0.5,0.5,5.7,11.1,44.5,23.4,8.0,21.9,16.0,0.5,0.5,0.5,1.8,63.7,96.3,53.8,8.0,58.0,16.0,0.5,0.5,0.5,-8.4,37.2,82.6,30.0,8.0,71.5,16.0,0.5,0.5,0.5,0.9,43.2,67.1,36.4,8.0,38.4,16.0,0.5,0.5,0.5,-4.3,22.7,54.7,17.7,8.0,45.8,16.0,0.5,0.5,0.5,0.4,10.3,37.7,16.3,8.0,18.1,16.0,0.5,0.5,0.5,-5.6,4.1,7.5,-1.5,8.0,21.7,16.0,0.5,0.5,0.5,245.5,858.0,4606.0,2024.0,8.0,2534.5,16.0,0.5,0.5,0.5,245.0,860.0,4605.0,2025.0,8.0,2535.0,16.0,0.5,0.5,0.5
1974,2,332.0,50.0,10.1,11.45,12.43,11.28,4.0,1.59,12.0,0.3,0.5,0.4,5.82,6.8,8.83,7.42,5.0,2.38,12.0,0.4,0.6,0.5,3.53,5.09,6.53,5.03,3.0,2.19,12.0,0.3,0.5,0.4,58.7,77.3,83.1,71.0,3.0,18.7,12.0,0.3,0.4,9.93,11.0,22.08,15.7,5.0,9.01,12.0,0.4,0.6,0.5,4.26,10.34,18.04,11.07,5.0,10.83,12.0,0.4,0.6,0.5,-12.58,-3.76,1.52,-4.73,5.0,9.54,12.0,0.4,0.6,0.5,971.41,994.0,1008.96,991.12,5.0,20.0,12.0,0.4,0.6,0.5,6.9,8.0,8.0,7.4,5.0,1.3,12.0,0.4,0.6,0.5,38.3,113.7,442.5,241.4,5.0,339.9,12.0,0.4,0.6,0.5,-292.3,-41.4,17.6,-126.9,5.0,220.5,12.0,0.4,0.6,0.5,0.6,4.4,6.31,3.5,4.0,4.16,12.0,0.3,0.5,0.4,20.8,77.4,102.0,62.1,4.0,60.6,12.0,0.3,0.5,0.4,1.09,3.43,5.55,3.32,3.0,3.27,12.0,0.3,0.5,0.4,19.3,60.8,91.6,55.6,3.0,53.2,12.0,0.3,0.5,0.4,15.7,62.0,127.6,70.7,5.0,84.9,12.0,0.4,0.6,0.5,-88.4,-22.6,29.5,-23.2,5.0,84.8,12.0,0.4,0.6,0.5,-9.5,24.6,100.8,45.1,3.0,82.7,12.0,0.3,0.5,0.4,-56.5,-8.9,44.7,-6.0,3.0,74.2,12.0,0.3,0.5,0.4,18.1,57.1,80.8,49.6,3.0,46.3,12.0,0.3,0.5,0.4,-42.8,-20.8,-6.6,-24.6,3.0,26.7,12.0,0.3,0.5,0.4,987.5,1331.0,13893.5,7529.0,5.0,12397.5,12.0,0.4,0.6,0.5,985.0,1330.0,13895.0,7530.0,5.0,12395.0,12.0,0.4,0.6,0.5
1974,2,332.0,52.0,6.77,8.0,8.68,7.73,3.0,1.42,14.0,0.3,0.3,0.5,5.02,5.7,6.72,5.87,3.0,1.26,14.0,0.3,0.3,0.5,3.64,3.99,4.34,3.99,2.0,0.72,20.0,0.5,0.3,0.8,67.5,69.5,71.6,69.5,2.0,4.3,20.0,0.5,0.8,8.06,11.0,12.98,10.53,3.0,3.62,14.0,0.3,0.3,0.5,6.94,10.83,11.66,9.33,3.0,3.69,14.0,0.3,0.3,0.5,0.06,4.31,6.11,3.12,3.0,4.55,14.0,0.3,0.3,0.5,1013.56,1022.3,1024.14,1018.93,3.0,8.28,14.0,0.3,0.3,0.5,8.0,8.0,8.0,8.0,3.0,0.0,14.0,0.3,0.3,0.5,61.3,119.2,152.0,107.0,3.0,67.3,14.0,0.3,0.3,0.5,-5.2,28.9,75.1,34.8,3.0,59.0,14.0,0.3,0.3,0.5,0.91,1.8,2.82,1.87,3.0,1.4,14.0,0.3,0.3,0.5,7.6,12.1,35.1,21.1,3.0,21.7,14.0,0.3,0.3,0.5,2.61,2.81,3.01,2.81,2.0,0.41,20.0,0.5,0.3,0.8,21.0,30.0,38.9,30.0,2.0,18.5,20.0,0.5,0.3,0.8,43.2,56.6,60.1,51.8,3.0,13.1,14.0,0.3,0.3,0.5,2.4,31.0,32.1,17.6,3.0,24.7,14.0,0.3,0.3,0.5,26.1,32.5,38.9,32.5,2.0,13.3,20.0,0.5,0.3,0.8,20.2,21.8,23.4,21.8,2.0,3.4,20.0,0.5,0.3,0.8,16.8,25.1,33.4,25.1,2.0,17.2,20.0,0.5,0.3,0.8,12.6,16.2,19.8,16.2,2.0,7.6,20.0,0.5,0.3,0.8,628.0,1331.0,2255.5,1439.0,3.0,1196.0,14.0,0.3,0.3,0.5,630.0,1330.0,2255.0,1440.0,3.0,1195.0,14.0,0.3,0.3,0.5
1974,2,332.0,53.0,6.32,7.0,7.68,7.0,2.0,1.41,14.0,0.5,0.4,0.4,3.24,4.2,5.57,4.4,3.0,1.71,12.0,0.3,0.4,0.3,3.58,3.73,3.89,3.73,2.0,0.32,8.0,0.0,0.5,0.3,61.2,67.5,73.9,67.5,2.0,13.2,8.0,0.0,0.3,4.34,8.75,15.05,9.65,4.0,6.35,14.0,0.5,0.3,0.2,-1.74,3.62,11.98,5.05,4.0,9.04,14.0,0.5,0.3,0.2,-8.01,-2.62,-0.34,-4.1,4.0,5.11,14.0,0.5,0.3,0.2,993.51,1012.85,1028.21,1010.95,4.0,21.06,14.0,0.5,0.3,0.2,3.0,4.0,6.0,4.5,4.0,1.9,14.0,0.5,0.3,0.2,-6.9,43.4,191.0,89.8,4.0,139.6,14.0,0.5,0.3,0.2,-85.4,-11.9,-1.4,-42.0,4.0,68.7,14.0,0.5,0.3,0.2,2.02,2.5,2.98,2.5,2.0,0.99,14.0,0.5,0.4,0.4,15.6,31.3,47.1,31.3,2.0,32.6,14.0,0.5,0.4,0.4,3.32,3.32,3.32,3.32,1.0,0.0,10.0,0.0,0.7,0.6,15.3,15.3,15.3,15.3,1.0,0.0,10.0,0.0,0.7,0.6,12.0,27.1,41.1,26.5,3.0,21.3,12.0,0.3,0.4,0.3,-40.9,-28.1,-8.9,-25.0,3.0,23.6,12.0,0.3,0.4,0.3,6.4,14.2,21.9,14.2,2.0,16.1,8.0,0.0,0.5,0.3,-39.7,-30.1,-20.4,-30.1,2.0,20.1,8.0,0.0,0.5,0.3,2.7,2.7,2.7,2.7,1.0,0.0,10.0,0.0,0.7,0.6,-15.0,-15.0,-15.0,-15.0,1.0,0.0,10.0,0.0,0.7,0.6,82.5,1122.0,3596.0,1806.5,4.0,2288.0,14.0,0.5,0.3,0.2,80.0,1120.0,3595.0,1805.0,4.0,2290.0,14.0,0.5,0.3,0.2
1974,2,332.0,54.0,8.0,9.0,10.0,9.0,4.0,1.15,14.0,0.5,0.6,0.5,3.01,6.45,8.79,5.93,4.0,4.22,14.0,0.5,0.6,0.5,4.16,5.54,6.93,5.54,2.0,2.87,18.0,0.5,0.8,0.6,62.9,75.3,87.7,75.3,2.0,25.7,18.0,0.5,0.6,9.14,16.45,18.89,14.13,4.0,7.68,14.0,0.5,0.6,0.5,6.26,13.1,15.94,11.19,4.0,6.32,14.0,0.5,0.6,0.5,-3.05,0.75,10.06,3.38,4.0,10.14,14.0,0.5,0.6,0.5,989.81,999.95,1008.05,998.98,4.0,12.49,14.0,0.5,0.6,0.5,4.3,5.0,5.7,5.0,3.0,1.0,12.0,0.7,0.5,0.5,105.1,232.5,262.6,186.1,4.0,121.4,14.0,0.5,0.6,0.5,-51.8,2.3,194.7,68.3,4.0,205.1,14.0,0.5,0.6,0.5,-0.36,2.55,6.56,3.08,4.0,5.04,14.0,0.5,0.6,0.5,-13.1,31.6,42.0,15.2,4.0,45.3,14.0,0.5,0.6,0.5,0.03,1.68,3.33,1.68,2.0,3.41,18.0,0.5,0.8,0.6,-2.4,25.0,52.3,25.0,2.0,56.7,18.0,0.5,0.8,0.6,46.0,102.0,109.0,78.6,4.0,52.3,14.0,0.5,0.6,0.5,-18.3,0.2,98.4,38.2,4.0,100.8,14.0,0.5,0.6,0.5,59.4,66.9,74.5,66.9,2.0,15.7,18.0,0.5,0.8,0.6,21.5,67.6,113.7,67.6,2.0,95.6,18.0,0.5,0.8,0.6,4.0,28.7,53.5,28.7,2.0,51.3,18.0,0.5,0.8,0.6,-11.0,-6.5,-2.1,-6.5,2.0,9.3,18.0,0.5,0.8,0.6,1928.0,4466.5,6919.0,4425.5,4.0,3577.0,14.0,0.5,0.6,0.5,1930.0,4465.0,6920.0,4425.0,4.0,3575.0,14.0,0.5,0.6,0.5
1974,2,332.0,55.0,6.9,7.75,8.6,7.75,2.0,1.77,8.0,0.0,0.5,0.6,2.18,3.75,6.48,4.3,4.0,2.78,14.0,0.0,0.8,0.4,3.54,3.72,3.89,3.72,2.0,0.36,16.0,0.0,0.5,0.5,73.4,73.8,74.1,73.8,2.0,0.7,16.0,0.0,0.5,8.1,12.05,17.0,12.53,4.0,5.18,14.0,0.0,0.8,0.4,5.77,6.2,12.42,8.96,4.0,6.04,14.0,0.0,0.8,0.4,-2.76,2.57,10.28,3.7,4.0,8.61,14.0,0.0,0.8,0.4,987.96,996.9,1003.11,995.57,3.0,11.16,12.0,0.0,0.7,0.5,6.5,7.0,7.5,7.0,4.0,0.8,14.0,0.0,0.8,0.4,50.2,69.0,210.9,127.8,4.0,131.9,14.0,0.0,0.8,0.4,-22.6,20.6,144.0,58.9,4.0,124.0,14.0,0.0,0.8,0.4,5.04,5.55,6.06,5.55,2.0,1.06,8.0,0.0,0.5,0.6,40.5,45.0,49.6,45.0,2.0,9.4,8.0,0.0,0.5,0.6,3.86,3.86,3.86,3.86,1.0,0.0,12.0,0.0,0.1,0.8,31.6,31.6,31.6,31.6,1.0,0.0,12.0,0.0,0.1,0.8,13.5,30.2,66.0,39.3,4.0,34.5,14.0,0.0,0.8,0.4,-7.5,4.4,66.8,28.5,4.0,61.4,14.0,0.0,0.8,0.4,29.6,46.6,63.6,46.6,2.0,35.2,16.0,0.0,0.5,0.5,-15.3,-9.1,-2.9,-9.1,2.0,12.9,16.0,0.0,0.5,0.5,24.2,24.2,24.2,24.2,1.0,0.0,12.0,0.0,0.1,0.8,-20.3,-20.3,-20.3,-20.3,1.0,0.0,12.0,0.0,0.1,0.8,530.5,2285.5,4969.0,2729.0,4.0,2642.5,14.0,0.0,0.8,0.4,530.0,2285.0,4970.0,2730.0,4.0,2645.0,14.0,0.0,0.8,0.4
1974,2,332.0,56.0,7.0,7.0,7.0,7.0,1.0,0.0,12.0,1.0,1.0,0.6,3.6,3.6,3.6,3.6,1.0,0.0,12.0,1.0,1.0,0.6,2.48,2.48,2.48,2.48,1.0,0.0,12.0,1.0,1.0,0.6,49.5,49.5,49.5,49.5,1.0,0.0,12.0,1.0,0.6,6.7,6.7,6.7,6.7,1.0,0.0,12.0,1.0,1.0,0.6,2.29,2.29,2.29,2.29,1.0,0.0,12.0,1.0,1.0,0.6,-6.3,-6.3,-6.3,-6.3,1.0,0.0,12.0,1.0,1.0,0.6,987.6,987.6,987.6,987.6,1.0,0.0,12.0,1.0,1.0,0.6,5.0,5.0,5.0,5.0,1.0,0.0,12.0,1.0,1.0,0.6,15.4,15.4,15.4,15.4,1.0,0.0,12.0,1.0,1.0,0.6,-42.2,-42.2,-42.2,-42.2,1.0,0.0,12.0,1.0,1.0,0.6,3.4,3.4,3.4,3.4,1.0,0.0,12.0,1.0,1.0,0.6,22.8,22.8,22.8,22.8,1.0,0.0,12.0,1.0,1.0,0.6,3.88,3.88,3.88,3.88,1.0,0.0,12.0,1.0,1.0,0.6,26.0,26.0,26.0,26.0,1.0,0.0,12.0,1.0,1.0,0.6,8.2,8.2,8.2,8.2,1.0,0.0,12.0,1.0,1.0,0.6,-22.7,-22.7,-22.7,-22.7,1.0,0.0,12.0,1.0,1.0,0.6,5.7,5.7,5.7,5.7,1.0,0.0,12.0,1.0,1.0,0.6,-15.6,-15.6,-15.6,-15.6,1.0,0.0,12.0,1.0,1.0,0.6,8.9,8.9,8.9,8.9,1.0,0.0,12.0,1.0,1.0,0.6,-24.4,-24.4,-24.4,-24.4,1.0,0.0,12.0,1.0,1.0,0.6,301.0,301.0,301.0,301.0,1.0,0.0,12.0,1.0,1.0,0.6,300.0,300.0,300.0,300.0,1.0,0.0,12.0,1.0,1.0,0.6
1974,2,332.0,57.0,,,,,,,,,,,,,,,,,,,,,,,,,,,,,,,,,,,,,,,,13.0,13.0,13.0,13.0,1.0,0.0,18.0,1.0,0.3,0.5,11.26,11.26,11.26,11.26,1.0,0.0,18.0,1.0,0.3,0.5,-6.5,-6.5,-6.5,-6.5,1.0,0.0,18.0,1.0,0.3,0.5,1003.7,1003.7,1003.7,1003.7,1.0,0.0,18.0,1.0,0.3,0.5,,,,,,,,,,,,,,,,,,,,,,,,,,,,,,,,,,,,,,,,,,,,,,,,,,,,,,,,,,,,,,,,,,,,,,,,,,,,,,,,,,,,,,,,,,,,,,,,,,,,,,,,,,,,,,,,,,,,,,,,,,,,,,,,,,,,,,,,,,,,,,,,,,,,,,
1974,2,332.0,58.0,,,,,,,,,,,,,,,,,,,,,,,,,,,,,,,,,,,,,,,,8.89,10.8,15.03,11.93,3.0,4.61,14.0,1.0,0.5,0.8,-5.12,-2.95,2.75,-1.23,3.0,5.95,14.0,1.0,0.5,0.8,-0.54,9.35,14.4,6.98,3.0,11.13,14.0,1.0,0.5,0.8,998.93,1000.3,1007.06,1002.93,3.0,6.37,14.0,1.0,0.5,0.8,,,,,,,,,,,,,,,,,,,,,,,,,,,,,,,,,,,,,,,,,,,,,,,,,,,,,,,,,,,,,,,,,,,,,,,,,,,,,,,,,,,,,,,,,,,,,,,,,,,,,,,,,,,,,,,,,,,,,,,,,,,,,,,,,,,,,,,,,,,,,,,,,,,,,,
1974,2,332.0,59.0,,,,,,,,,,,,,,,,,,,,,,,,,,,,,,,,,,,,,,,,14.63,16.0,17.37,16.0,2.0,2.83,14.0,0.0,0.8,0.6,-8.36,-0.28,7.81,-0.28,2.0,16.75,14.0,0.0,0.8,0.6,-3.7,3.39,10.49,3.39,2.0,14.7,14.0,0.0,0.8,0.6,997.35,1002.2,1007.05,1002.2,2.0,10.04,14.0,0.0,0.8,0.6,,,,,,,,,,,,,,,,,,,,,,,,,,,,,,,,,,,,,,,,,,,,,,,,,,,,,,,,,,,,,,,,,,,,,,,,,,,,,,,,,,,,,,,,,,,,,,,,,,,,,,,,,,,,,,,,,,,,,,,,,,,,,,,,,,,,,,,,,,,,,,,,,,,,,,
1974,2,332.0,60.0,6.65,6.7,6.75,6.7,4.0,0.08,18.0,0.5,0.5,0.5,6.38,7.8,8.28,7.23,6.0,1.68,18.0,0.3,0.5,0.6,6.62,6.87,6.93,6.78,4.0,0.23,18.0,0.5,0.5,0.5,94.6,97.3,99.4,97.0,4.0,2.9,18.0,0.5,0.5,16.2,21.6,23.43,19.72,6.0,5.56,18.0,0.3,0.5,0.6,-15.79,-14.37,-9.8,-12.2,6.0,6.15,18.0,0.3,0.5,0.6,9.24,15.22,18.46,14.64,6.0,4.89,18.0,0.3,0.5,0.6,968.26,972.8,983.41,977.13,6.0,16.79,18.0,0.3,0.5,0.6,8.0,8.0,8.0,8.0,6.0,0.0,18.0,0.3,0.5,0.6,-346.0,-302.5,-222.6,-264.3,6.0,132.6,18.0,0.3,0.5,0.6,146.4,328.7,433.5,307.2,6.0,162.2,18.0,0.3,0.5,0.6,-1.7,-1.45,-1.09,-1.4,4.0,0.39,18.0,0.5,0.5,0.5,-40.9,-32.5,-23.6,-32.2,4.0,10.8,18.0,0.5,0.5,0.5,-0.61,-0.48,-0.24,-0.43,4.0,0.23,18.0,0.5,0.5,0.5,-13.8,-10.9,-5.8,-9.8,4.0,5.2,18.0,0.5,0.5,0.5,-122.6,-110.1,-84.3,-95.7,6.0,47.5,18.0,0.3,0.5,0.6,57.7,118.9,153.1,111.2,6.0,54.3,18.0,0.3,0.5,0.6,-104.9,-99.5,-89.8,-97.5,4.0,9.9,18.0,0.5,0.5,0.5,101.4,118.6,134.7,118.1,4.0,23.2,18.0,0.5,0.5,0.5,3.3,6.4,8.9,6.1,4.0,3.3,18.0,0.5,0.5,0.5,-10.5,-8.8,-4.7,-7.7,4.0,4.1,18.0,0.5,0.5,0.5,4794.0,10077.5,12893.0,9031.0,6.0,5048.0,18.0,0.3,0.5,0.6,4795.0,10080.0,12895.0,9030.0,6.0,5050.0,18.0,0.3,0.5,0.6
1974,2,332.0,61.0,6.5,6.5,6.5,6.5,1.0,0.0,16.0,1.0,0.1,0.3,3.29,3.9,4.51,3.9,2.0,1.27,14.0,0.5,0.4,0.6,5.19,5.19,5.19,5.19,1.0,0.0,16.0,1.0,0.1,0.3,95.9,95.9,95.9,95.9,1.0,0.0,16.0,1.0,0.3,6.49,10.55,14.61,10.55,2.0,8.41,14.0,0.5,0.4,0.6,-7.07,-4.52,-1.98,-4.52,2.0,5.27,14.0,0.5,0.4,0.6,-1.54,4.88,11.3,4.88,2.0,13.31,14.0,0.5,0.4,0.6,981.27,987.45,993.63,987.45,2.0,12.8,14.0,0.5,0.4,0.6,4.6,6.0,7.4,6.0,2.0,2.8,14.0,0.5,0.4,0.6,-115.1,-69.9,-24.7,-69.9,2.0,93.7,14.0,0.5,0.4,0.6,19.9,107.5,195.1,107.5,2.0,181.5,14.0,0.5,0.4,0.6,1.7,1.7,1.7,1.7,1.0,0.0,16.0,1.0,0.1,0.3,28.1,28.1,28.1,28.1,1.0,0.0,16.0,1.0,0.1,0.3,0.9,0.9,0.9,0.9,1.0,0.0,16.0,1.0,0.1,0.3,14.9,14.9,14.9,14.9,1.0,0.0,16.0,1.0,0.1,0.3,-33.7,-21.0,-8.3,-21.0,2.0,26.3,14.0,0.5,0.4,0.6,-0.5,27.5,55.5,27.5,2.0,58.1,14.0,0.5,0.4,0.6,-42.8,-42.8,-42.8,-42.8,1.0,0.0,16.0,1.0,0.1,0.3,74.1,74.1,74.1,74.1,1.0,0.0,16.0,1.0,0.1,0.3,-7.4,-7.4,-7.4,-7.4,1.0,0.0,16.0,1.0,0.1,0.3,12.9,12.9,12.9,12.9,1.0,0.0,16.0,1.0,0.1,0.3,795.0,2294.5,3794.5,2294.5,2.0,3107.5,14.0,0.5,0.4,0.6,795.0,2295.0,3795.0,2295.0,2.0,3110.0,14.0,0.5,0.4,0.6
1974,2,332.0,62.0,,,,,,,,,,,,,,,,,,,,,,,,,,,,,,,,,,,,,,,,5.0,9.3,13.46,9.23,3.0,6.2,12.0,0.7,0.6,0.2,-4.08,0.0,1.32,-1.35,3.0,4.12,12.0,0.7,0.6,0.2,-4.13,2.3,11.24,3.52,3.0,11.31,12.0,0.7,0.6,0.2,1002.41,1011.9,1022.14,1012.27,3.0,14.45,12.0,0.7,0.6,0.2,,,,,,,,,,,,,,,,,,,,,,,,,,,,,,,,,,,,,,,,,,,,,,,,,,,,,,,,,,,,,,,,,,,,,,,,,,,,,,,,,,,,,,,,,,,,,,,,,,,,,,,,,,,,,,,,,,,,,,,,,,,,,,,,,,,,,,,,,,,,,,,,,,,,,,
1974,2,332.0,63.0,,,,,,,,,,,,,,,,,,,,,,,,,,,,,,,,,,,,,,,,4.6,4.6,4.6,4.6,1.0,0.0,28.0,0.0,0.7,0.9,-0.8,-0.8,-0.8,-0.8,1.0,0.0,28.0,0.0,0.7,0.9,-4.53,-4.53,-4.53,-4.53,1.0,0.0,28.0,0.0,0.7,0.9,989.9,989.9,989.9,989.9,1.0,0.0,28.0,0.0,0.7,0.9,,,,,,,,,,,,,,,,,,,,,,,,,,,,,,,,,,,,,,,,,,,,,,,,,,,,,,,,,,,,,,,,,,,,,,,,,,,,,,,,,,,,,,,,,,,,,,,,,,,,,,,,,,,,,,,,,,,,,,,,,,,,,,,,,,,,,,,,,,,,,,,,,,,,,,
1974,2,332.0,64.0,,,,,,,,,,,,,,,,,,,,,,,,,,,,,,,,,,,,,,,,6.7,6.7,6.7,6.7,1.0,0.0,28.0,0.0,0.1,0.6,2.29,2.29,2.29,2.29,1.0,0.0,28.0,0.0,0.1,0.6,-6.3,-6.3,-6.3,-6.3,1.0,0.0,28.0,0.0,0.1,0.6,986.0,986.0,986.0,986.0,1.0,0.0,28.0,0.0,0.1,0.6,,,,,,,,,,,,,,,,,,,,,,,,,,,,,,,,,,,,,,,,,,,,,,,,,,,,,,,,,,,,,,,,,,,,,,,,,,,,,,,,,,,,,,,,,,,,,,,,,,,,,,,,,,,,,,,,,,,,,,,,,,,,,,,,,,,,,,,,,,,,,,,,,,,,,,
1974,2,333.0,-76.0,-1.8,-1.6,-1.19,-1.5,26.0,0.41,6.0,0.7,0.3,0.5,-9.9,-6.7,-3.5,-6.64,27.0,2.84,6.0,0.7,0.3,0.5,1.41,1.92,2.38,1.94,17.0,0.55,6.0,0.7,0.3,0.5,70.8,85.2,88.6,81.3,19.0,10.0,6.0,0.7,0.5,1.86,3.35,5.1,3.53,30.0,1.59,6.0,0.7,0.3,0.5,-2.25,0.26,3.62,0.34,30.0,2.94,6.0,0.7,0.3,0.5,-0.69,1.65,2.79,1.19,30.0,2.28,6.0,0.7,0.3,0.5,985.1,987.1,989.88,987.37,29.0,3.16,6.0,0.7,0.3,0.5,2.8,5.0,8.0,5.3,31.0,2.4,6.0,0.7,0.3,0.5,-5.9,0.4,16.8,1.4,30.0,15.4,6.0,0.7,0.3,0.5,-1.0,4.2,13.1,4.6,30.0,10.6,6.0,0.7,0.3,0.5,2.29,4.9,7.96,5.01,23.0,2.69,6.0,0.7,0.3,0.5,6.4,14.3,28.6,16.6,22.0,10.4,6.0,0.7,0.3,0.5,0.93,1.47,2.0,1.46,15.0,0.56,6.0,0.7,0.3,0.5,2.1,5.4,7.1,5.1,15.0,2.8,6.0,0.7,0.3,0.5,-17.6,-1.7,17.6,-1.7,26.0,18.9,6.0,0.7,0.3,0.5,-18.3,-9.3,4.5,-9.4,26.0,15.7,6.0,0.7,0.3,0.5,-3.2,0.6,8.3,1.0,17.0,6.0,6.0,0.7,0.3,0.5,-4.1,1.9,4.4,0.7,17.0,5.0,6.0,0.7,0.3,0.5,-3.8,0.2,6.1,0.8,15.0,4.8,6.0,0.7,0.3,0.5,-2.5,0.3,3.6,0.9,15.0,3.3,6.0,0.7,0.3,0.5,7.0,38.0,132.5,70.5,30.0,77.5,6.0,0.7,0.3,0.5,5.0,40.0,135.0,70.0,30.0,80.0,6.0,0.7,0.3,0.5
1974,2,333.0,-70.0,,,,,,,,,,,,,,,,,,,,,,,,,,,,,,,,,,,,,,,,,,,,,,,,,,,,,,,,,,,,,,,,,,,,,,,,,,,,,,,,8.0,8.0,8.0,8.0,1.0,0.0,26.0,1.0,0.2,0.5,-104.5,-104.5,-104.5,-104.5,1.0,0.0,26.0,1.0,0.2,0.5,18.4,18.4,18.4,18.4,1.0,0.0,26.0,1.0,0.2,0.5,,,,,,,,,,,,,,,,,,,,,,,,,,,,,,,,,,,,,,,,,,,,,,,,,,,,,,,,,,,,,,,,,,,,,,,,,,,,,,,,,,,,,,,,,,,,,,,,,,,,,,,,,,,,,,,,,,,,,,,,
1974,2,333.0,-36.0,22.1,22.3,22.5,22.3,2.0,0.42,4.0,1.0,0.6,0.4,20.21,20.65,21.09,20.65,2.0,0.92,4.0,1.0,0.6,0.4,13.77,13.93,14.1,13.93,2.0,0.35,4.0,1.0,0.6,0.4,91.1,92.3,93.4,92.3,2.0,2.4,4.0,1.0,0.4,0.0,0.0,0.0,0.0,1.0,0.0,4.0,1.0,0.7,0.3,0.0,0.0,0.0,0.0,1.0,0.0,4.0,1.0,0.7,0.3,0.0,0.0,0.0,0.0,1.0,0.0,4.0,1.0,0.7,0.3,1012.3,1015.3,1018.3,1015.3,2.0,6.22,4.0,1.0,0.6,0.4,8.0,8.0,8.0,8.0,1.0,0.0,4.0,1.0,0.7,0.3,0.0,0.0,0.0,0.0,1.0,0.0,4.0,1.0,0.7,0.3,0.0,0.0,0.0,0.0,1.0,0.0,4.0,1.0,0.7,0.3,1.41,1.65,1.89,1.65,2.0,0.49,4.0,1.0,0.6,0.4,0.0,0.0,0.0,0.0,1.0,0.0,4.0,1.0,0.7,0.3,2.8,2.8,2.81,2.8,2.0,0.01,4.0,1.0,0.6,0.4,0.0,0.0,0.0,0.0,1.0,0.0,4.0,1.0,0.7,0.3,0.0,0.0,0.0,0.0,1.0,0.0,4.0,1.0,0.7,0.3,0.0,0.0,0.0,0.0,1.0,0.0,4.0,1.0,0.7,0.3,0.0,0.0,0.0,0.0,1.0,0.0,4.0,1.0,0.7,0.3,0.0,0.0,0.0,0.0,1.0,0.0,4.0,1.0,0.7,0.3,0.0,0.0,0.0,0.0,1.0,0.0,4.0,1.0,0.7,0.3,0.0,0.0,0.0,0.0,1.0,0.0,4.0,1.0,0.7,0.3,0.0,0.0,0.0,0.0,1.0,0.0,4.0,1.0,0.7,0.3,0.0,0.0,0.0,0.0,1.0,0.0,4.0,1.0,0.7,0.3
1974,2,333.0,-33.0,24.0,24.0,24.0,24.0,1.0,0.0,16.0,1.0,0.1,0.2,25.2,25.2,25.2,25.2,1.0,0.0,16.0,1.0,0.1,0.2,16.77,16.77,16.77,16.77,1.0,0.0,16.0,1.0,0.1,0.2,84.0,84.0,84.0,84.0,1.0,0.0,16.0,1.0,0.2,5.7,5.7,5.7,5.7,1.0,0.0,16.0,1.0,0.1,0.2,4.37,4.37,4.37,4.37,1.0,0.0,16.0,1.0,0.1,0.2,-3.66,-3.66,-3.66,-3.66,1.0,0.0,16.0,1.0,0.1,0.2,1013.0,1013.0,1013.0,1013.0,1.0,0.0,16.0,1.0,0.1,0.2,6.0,6.0,6.0,6.0,1.0,0.0,16.0,1.0,0.1,0.2,24.9,24.9,24.9,24.9,1.0,0.0,16.0,1.0,0.1,0.2,-20.9,-20.9,-20.9,-20.9,1.0,0.0,16.0,1.0,0.1,0.2,-1.2,-1.2,-1.2,-1.2,1.0,0.0,16.0,1.0,0.1,0.2,-6.8,-6.8,-6.8,-6.8,1.0,0.0,16.0,1.0,0.1,0.2,1.84,1.84,1.84,1.84,1.0,0.0,16.0,1.0,0.1,0.2,10.5,10.5,10.5,10.5,1.0,0.0,16.0,1.0,0.1,0.2,110.0,110.0,110.0,110.0,1.0,0.0,16.0,1.0,0.1,0.2,-92.3,-92.3,-92.3,-92.3,1.0,0.0,16.0,1.0,0.1,0.2,73.2,73.2,73.2,73.2,1.0,0.0,16.0,1.0,0.1,0.2,-61.5,-61.5,-61.5,-61.5,1.0,0.0,16.0,1.0,0.1,0.2,8.0,8.0,8.0,8.0,1.0,0.0,16.0,1.0,0.1,0.2,-6.7,-6.7,-6.7,-6.7,1.0,0.0,16.0,1.0,0.1,0.2,185.0,185.0,185.0,185.0,1.0,0.0,16.0,1.0,0.1,0.2,185.0,185.0,185.0,185.0,1.0,0.0,16.0,1.0,0.1,0.2
1974,2,333.0,-32.0,24.6,24.6,24.6,24.6,1.0,0.0,10.0,1.0,0.7,0.4,24.0,24.0,24.0,24.0,1.0,0.0,10.0,1.0,0.7,0.4,13.87,13.87,13.87,13.87,1.0,0.0,10.0,1.0,0.7,0.4,75.5,75.5,75.5,75.5,1.0,0.0,10.0,1.0,0.4,6.7,6.7,6.7,6.7,1.0,0.0,10.0,1.0,0.7,0.4,-4.31,-4.31,-4.31,-4.31,1.0,0.0,10.0,1.0,0.7,0.4,-5.13,-5.13,-5.13,-5.13,1.0,0.0,10.0,1.0,0.7,0.4,1023.0,1023.0,1023.0,1023.0,1.0,0.0,10.0,1.0,0.7,0.4,2.0,2.0,2.0,2.0,1.0,0.0,10.0,1.0,0.7,0.4,-28.9,-28.9,-28.9,-28.9,1.0,0.0,10.0,1.0,0.7,0.4,-34.4,-34.4,-34.4,-34.4,1.0,0.0,10.0,1.0,0.7,0.4,0.6,0.6,0.6,0.6,1.0,0.0,10.0,1.0,0.7,0.4,4.0,4.0,4.0,4.0,1.0,0.0,10.0,1.0,0.7,0.4,5.24,5.24,5.24,5.24,1.0,0.0,10.0,1.0,0.7,0.4,35.1,35.1,35.1,35.1,1.0,0.0,10.0,1.0,0.7,0.4,-103.4,-103.4,-103.4,-103.4,1.0,0.0,10.0,1.0,0.7,0.4,-123.2,-123.2,-123.2,-123.2,1.0,0.0,10.0,1.0,0.7,0.4,-59.7,-59.7,-59.7,-59.7,1.0,0.0,10.0,1.0,0.7,0.4,-71.2,-71.2,-71.2,-71.2,1.0,0.0,10.0,1.0,0.7,0.4,-22.6,-22.6,-22.6,-22.6,1.0,0.0,10.0,1.0,0.7,0.4,-26.9,-26.9,-26.9,-26.9,1.0,0.0,10.0,1.0,0.7,0.4,301.0,301.0,301.0,301.0,1.0,0.0,10.0,1.0,0.7,0.4,300.0,300.0,300.0,300.0,1.0,0.0,10.0,1.0,0.7,0.4
1974,2,333.0,-30.0,24.0,24.0,24.0,24.0,1.0,0.0,4.0,0.0,0.5,0.6,22.4,22.4,22.4,22.4,1.0,0.0,4.0,0.0,0.5,0.6,13.44,13.44,13.44,13.44,1.0,0.0,4.0,0.0,0.5,0.6,80.1,80.1,80.1,80.1,1.0,0.0,4.0,0.0,0.6,2.6,2.6,2.6,2.6,1.0,0.0,4.0,0.0,0.5,0.6,-2.25,-2.25,-2.25,-2.25,1.0,0.0,4.0,0.0,0.5,0.6,1.3,1.3,1.3,1.3,1.0,0.0,4.0,0.0,0.5,0.6,1016.5,1016.5,1016.5,1016.5,1.0,0.0,4.0,0.0,0.5,0.6,5.0,5.0,5.0,5.0,1.0,0.0,4.0,0.0,0.5,0.6,-5.9,-5.9,-5.9,-5.9,1.0,0.0,4.0,0.0,0.5,0.6,3.4,3.4,3.4,3.4,1.0,0.0,4.0,0.0,0.5,0.6,1.6,1.6,1.6,1.6,1.0,0.0,4.0,0.0,0.5,0.6,4.2,4.2,4.2,4.2,1.0,0.0,4.0,0.0,0.5,0.6,5.11,5.11,5.11,5.11,1.0,0.0,4.0,0.0,0.5,0.6,13.3,13.3,13.3,13.3,1.0,0.0,4.0,0.0,0.5,0.6,-50.4,-50.4,-50.4,-50.4,1.0,0.0,4.0,0.0,0.5,0.6,29.1,29.1,29.1,29.1,1.0,0.0,4.0,0.0,0.5,0.6,-30.3,-30.3,-30.3,-30.3,1.0,0.0,4.0,0.0,0.5,0.6,17.5,17.5,17.5,17.5,1.0,0.0,4.0,0.0,0.5,0.6,-11.5,-11.5,-11.5,-11.5,1.0,0.0,4.0,0.0,0.5,0.6,6.6,6.6,6.6,6.6,1.0,0.0,4.0,0.0,0.5,0.6,17.5,17.5,17.5,17.5,1.0,0.0,4.0,0.0,0.5,0.6,20.0,20.0,20.0,20.0,1.0,0.0,4.0,0.0,0.5,0.6
1974,2,333.0,-29.0,25.0,25.0,25.0,25.0,1.0,0.0,20.0,1.0,0.4,0.7,24.5,24.5,24.5,24.5,1.0,0.0,20.0,1.0,0.4,0.7,12.6,12.6,12.6,12.6,1.0,0.0,20.0,1.0,0.4,0.7,66.3,66.3,66.3,66.3,1.0,0.0,20.0,1.0,0.7,8.2,8.2,8.2,8.2,1.0,0.0,20.0,1.0,0.4,0.7,-8.2,-8.2,-8.2,-8.2,1.0,0.0,20.0,1.0,0.4,0.7,0.0,0.0,0.0,0.0,1.0,0.0,20.0,1.0,0.4,0.7,1018.0,1018.0,1018.0,1018.0,1.0,0.0,20.0,1.0,0.4,0.7,7.0,7.0,7.0,7.0,1.0,0.0,20.0,1.0,0.4,0.7,-67.2,-67.2,-67.2,-67.2,1.0,0.0,20.0,1.0,0.4,0.7,0.0,0.0,0.0,0.0,1.0,0.0,20.0,1.0,0.4,0.7,0.5,0.5,0.5,0.5,1.0,0.0,20.0,1.0,0.4,0.7,4.1,4.1,4.1,4.1,1.0,0.0,20.0,1.0,0.4,0.7,7.08,7.08,7.08,7.08,1.0,0.0,20.0,1.0,0.4,0.7,58.1,58.1,58.1,58.1,1.0,0.0,20.0,1.0,0.4,0.7,-200.9,-200.9,-200.9,-200.9,1.0,0.0,20.0,1.0,0.4,0.7,0.0,0.0,0.0,0.0,1.0,0.0,20.0,1.0,0.4,0.7,-103.3,-103.3,-103.3,-103.3,1.0,0.0,20.0,1.0,0.4,0.7,0.0,0.0,0.0,0.0,1.0,0.0,20.0,1.0,0.4,0.7,-58.1,-58.1,-58.1,-58.1,1.0,0.0,20.0,1.0,0.4,0.7,0.0,0.0,0.0,0.0,1.0,0.0,20.0,1.0,0.4,0.7,551.5,551.5,551.5,551.5,1.0,0.0,20.0,1.0,0.4,0.7,550.0,550.0,550.0,550.0,1.0,0.0,20.0,1.0,0.4,0.7
1974,2,333.0,-28.0,25.07,25.45,25.83,25.45,2.0,0.78,10.0,0.0,0.3,0.7,23.92,23.95,23.98,23.95,2.0,0.07,10.0,0.0,0.3,0.7,14.65,15.18,15.71,15.18,2.0,1.1,10.0,0.0,0.3,0.7,79.3,82.4,85.5,82.4,2.0,6.4,10.0,0.0,0.7,4.75,6.15,7.55,6.15,2.0,2.9,10.0,0.0,0.3,0.7,-4.06,-3.98,-3.89,-3.98,2.0,0.17,10.0,0.0,0.3,0.7,-6.2,-4.25,-2.31,-4.25,2.0,4.03,10.0,0.0,0.3,0.7,1017.24,1018.2,1019.16,1018.2,2.0,1.98,10.0,0.0,0.3,0.7,1.8,3.5,5.2,3.5,2.0,3.5,10.0,0.0,0.3,0.7,-30.8,-24.7,-18.6,-24.7,2.0,12.6,10.0,0.0,0.3,0.7,-49.9,-32.0,-14.1,-32.0,2.0,37.1,10.0,0.0,0.3,0.7,1.09,1.5,1.91,1.5,2.0,0.85,10.0,0.0,0.3,0.7,7.6,8.0,8.4,8.0,2.0,0.9,10.0,0.0,0.3,0.7,4.95,5.05,5.14,5.05,2.0,0.2,10.0,0.0,0.3,0.7,23.7,31.3,39.0,31.3,2.0,15.8,10.0,0.0,0.3,0.7,-97.4,-95.2,-93.1,-95.2,2.0,4.5,10.0,0.0,0.3,0.7,-148.7,-102.0,-55.2,-102.0,2.0,96.8,10.0,0.0,0.3,0.7,-61.1,-60.3,-59.4,-60.3,2.0,1.7,10.0,0.0,0.3,0.7,-89.6,-62.3,-35.1,-62.3,2.0,56.5,10.0,0.0,0.3,0.7,-20.9,-20.1,-19.3,-20.1,2.0,1.7,10.0,0.0,0.3,0.7,-32.1,-21.8,-11.6,-21.8,2.0,21.2,10.0,0.0,0.3,0.7,145.5,310.0,475.0,310.0,2.0,341.0,10.0,0.0,0.3,0.7,145.0,310.0,475.0,310.0,2.0,340.0,10.0,0.0,0.3,0.7
1974,2,333.0,-26.0,26.2,26.2,26.2,26.2,1.0,0.0,20.0,0.0,0.5,0.6,25.1,25.1,25.1,25.1,1.0,0.0,20.0,0.0,0.5,0.6,16.12,16.12,16.12,16.12,1.0,0.0,20.0,0.0,0.5,0.6,81.4,81.4,81.4,81.4,1.0,0.0,20.0,0.0,0.6,,,,,,,,,,,,,,,,,,,,,,,,,,,,,,,,,,,,,,,,,,,,,,,,,,,,,,,,,,,,,,,,,,,,,,,,,,,,,,,,,,,,,,,,,,,,,,,,,,,,,,,,,,,,,,,,,,,,,,,,,,,,,,,,,,,,,,,,,,,,,,,,,,,,,,,,,,,,,,,,,,,,,,,,,,,,,,,,,,,,,,,,,,,,,,
1974,2,333.0,-23.0,26.2,26.2,26.2,26.2,1.0,0.0,20.0,0.0,0.3,0.4,26.6,26.6,26.6,26.6,1.0,0.0,20.0,0.0,0.3,0.4,16.32,16.32,16.32,16.32,1.0,0.0,20.0,0.0,0.3,0.4,75.4,75.4,75.4,75.4,1.0,0.0,20.0,0.0,0.4,1.5,1.5,1.5,1.5,1.0,0.0,20.0,0.0,0.3,0.4,-1.48,-1.48,-1.48,-1.48,1.0,0.0,20.0,0.0,0.3,0.4,-0.26,-0.26,-0.26,-0.26,1.0,0.0,20.0,0.0,0.3,0.4,1016.1,1016.1,1016.1,1016.1,1.0,0.0,20.0,0.0,0.3,0.4,7.0,7.0,7.0,7.0,1.0,0.0,20.0,0.0,0.3,0.4,-2.2,-2.2,-2.2,-2.2,1.0,0.0,20.0,0.0,0.3,0.4,-0.4,-0.4,-0.4,-0.4,1.0,0.0,20.0,0.0,0.3,0.4,-0.4,-0.4,-0.4,-0.4,1.0,0.0,20.0,0.0,0.3,0.4,-0.6,-0.6,-0.6,-0.6,1.0,0.0,20.0,0.0,0.3,0.4,4.88,4.88,4.88,4.88,1.0,0.0,20.0,0.0,0.3,0.4,7.3,7.3,7.3,7.3,1.0,0.0,20.0,0.0,0.3,0.4,-39.3,-39.3,-39.3,-39.3,1.0,0.0,20.0,0.0,0.3,0.4,-6.9,-6.9,-6.9,-6.9,1.0,0.0,20.0,0.0,0.3,0.4,-24.1,-24.1,-24.1,-24.1,1.0,0.0,20.0,0.0,0.3,0.4,-4.2,-4.2,-4.2,-4.2,1.0,0.0,20.0,0.0,0.3,0.4,-7.2,-7.2,-7.2,-7.2,1.0,0.0,20.0,0.0,0.3,0.4,-1.3,-1.3,-1.3,-1.3,1.0,0.0,20.0,0.0,0.3,0.4,3.5,3.5,3.5,3.5,1.0,0.0,20.0,0.0,0.3,0.4,5.0,5.0,5.0,5.0,1.0,0.0,20.0,0.0,0.3,0.4
1974,2,333.0,-20.0,25.5,25.5,25.5,25.5,1.0,0.0,10.0,1.0,0.7,0.6,26.4,26.4,26.4,26.4,1.0,0.0,10.0,1.0,0.7,0.6,14.57,14.57,14.57,14.57,1.0,0.0,10.0,1.0,0.7,0.6,68.3,68.3,68.3,68.3,1.0,0.0,10.0,1.0,0.6,10.0,10.0,10.0,10.0,1.0,0.0,10.0,1.0,0.7,0.6,-8.66,-8.66,-8.66,-8.66,1.0,0.0,10.0,1.0,0.7,0.6,-5.0,-5.0,-5.0,-5.0,1.0,0.0,10.0,1.0,0.7,0.6,1017.2,1017.2,1017.2,1017.2,1.0,0.0,10.0,1.0,0.7,0.6,8.0,8.0,8.0,8.0,1.0,0.0,10.0,1.0,0.7,0.6,-86.6,-86.6,-86.6,-86.6,1.0,0.0,10.0,1.0,0.7,0.6,-50.0,-50.0,-50.0,-50.0,1.0,0.0,10.0,1.0,0.7,0.6,-0.9,-0.9,-0.9,-0.9,1.0,0.0,10.0,1.0,0.7,0.6,-9.0,-9.0,-9.0,-9.0,1.0,0.0,10.0,1.0,0.7,0.6,5.72,5.72,5.72,5.72,1.0,0.0,10.0,1.0,0.7,0.6,57.2,57.2,57.2,57.2,1.0,0.0,10.0,1.0,0.7,0.6,-228.6,-228.6,-228.6,-228.6,1.0,0.0,10.0,1.0,0.7,0.6,-132.0,-132.0,-132.0,-132.0,1.0,0.0,10.0,1.0,0.7,0.6,-126.2,-126.2,-126.2,-126.2,1.0,0.0,10.0,1.0,0.7,0.6,-72.9,-72.9,-72.9,-72.9,1.0,0.0,10.0,1.0,0.7,0.6,-49.6,-49.6,-49.6,-49.6,1.0,0.0,10.0,1.0,0.7,0.6,-28.6,-28.6,-28.6,-28.6,1.0,0.0,10.0,1.0,0.7,0.6,1000.0,1000.0,1000.0,1000.0,1.0,0.0,10.0,1.0,0.7,0.6,1000.0,1000.0,1000.0,1000.0,1.0,0.0,10.0,1.0,0.7,0.6
1974,2,333.0,-19.0,25.8,25.8,25.8,25.8,1.0,0.0,10.0,0.0,0.9,0.7,25.2,25.2,25.2,25.2,1.0,0.0,10.0,0.0,0.9,0.7,17.8,17.8,17.8,17.8,1.0,0.0,10.0,0.0,0.9,0.7,89.2,89.2,89.2,89.2,1.0,0.0,10.0,0.0,0.7,9.0,9.0,9.0,9.0,1.0,0.0,10.0,0.0,0.9,0.7,-9.0,-9.0,-9.0,-9.0,1.0,0.0,10.0,0.0,0.9,0.7,0.0,0.0,0.0,0.0,1.0,0.0,10.0,0.0,0.9,0.7,1015.0,1015.0,1015.0,1015.0,1.0,0.0,10.0,0.0,0.9,0.7,7.0,7.0,7.0,7.0,1.0,0.0,10.0,0.0,0.9,0.7,-81.0,-81.0,-81.0,-81.0,1.0,0.0,10.0,0.0,0.9,0.7,0.0,0.0,0.0,0.0,1.0,0.0,10.0,0.0,0.9,0.7,0.6,0.6,0.6,0.6,1.0,0.0,10.0,0.0,0.9,0.7,5.4,5.4,5.4,5.4,1.0,0.0,10.0,0.0,0.9,0.7,2.91,2.91,2.91,2.91,1.0,0.0,10.0,0.0,0.9,0.7,26.2,26.2,26.2,26.2,1.0,0.0,10.0,0.0,0.9,0.7,-226.8,-226.8,-226.8,-226.8,1.0,0.0,10.0,0.0,0.9,0.7,0.0,0.0,0.0,0.0,1.0,0.0,10.0,0.0,0.9,0.7,-160.2,-160.2,-160.2,-160.2,1.0,0.0,10.0,0.0,0.9,0.7,0.0,0.0,0.0,0.0,1.0,0.0,10.0,0.0,0.9,0.7,-26.2,-26.2,-26.2,-26.2,1.0,0.0,10.0,0.0,0.9,0.7,0.0,0.0,0.0,0.0,1.0,0.0,10.0,0.0,0.9,0.7,729.0,729.0,729.0,729.0,1.0,0.0,10.0,0.0,0.9,0.7,730.0,730.0,730.0,730.0,1.0,0.0,10.0,0.0,0.9,0.7
1974,2,333.0,-15.0,27.7,27.7,27.7,27.7,1.0,0.0,10.0,1.0,0.4,0.7,26.7,26.7,26.7,26.7,1.0,0.0,10.0,1.0,0.4,0.7,18.16,18.16,18.16,18.16,1.0,0.0,10.0,1.0,0.4,0.7,83.1,83.1,83.1,83.1,1.0,0.0,10.0,1.0,0.7,9.3,9.3,9.3,9.3,1.0,0.0,10.0,1.0,0.4,0.7,-8.74,-8.74,-8.74,-8.74,1.0,0.0,10.0,1.0,0.4,0.7,3.18,3.18,3.18,3.18,1.0,0.0,10.0,1.0,0.4,0.7,1013.2,1013.2,1013.2,1013.2,1.0,0.0,10.0,1.0,0.4,0.7,3.0,3.0,3.0,3.0,1.0,0.0,10.0,1.0,0.4,0.7,-81.3,-81.3,-81.3,-81.3,1.0,0.0,10.0,1.0,0.4,0.7,29.6,29.6,29.6,29.6,1.0,0.0,10.0,1.0,0.4,0.7,1.0,1.0,1.0,1.0,1.0,0.0,10.0,1.0,0.4,0.7,9.3,9.3,9.3,9.3,1.0,0.0,10.0,1.0,0.4,0.7,5.08,5.08,5.08,5.08,1.0,0.0,10.0,1.0,0.4,0.7,47.3,47.3,47.3,47.3,1.0,0.0,10.0,1.0,0.4,0.7,-233.3,-233.3,-233.3,-233.3,1.0,0.0,10.0,1.0,0.4,0.7,84.9,84.9,84.9,84.9,1.0,0.0,10.0,1.0,0.4,0.7,-158.7,-158.7,-158.7,-158.7,1.0,0.0,10.0,1.0,0.4,0.7,57.8,57.8,57.8,57.8,1.0,0.0,10.0,1.0,0.4,0.7,-44.4,-44.4,-44.4,-44.4,1.0,0.0,10.0,1.0,0.4,0.7,16.2,16.2,16.2,16.2,1.0,0.0,10.0,1.0,0.4,0.7,804.5,804.5,804.5,804.5,1.0,0.0,10.0,1.0,0.4,0.7,805.0,805.0,805.0,805.0,1.0,0.0,10.0,1.0,0.4,0.7
1974,2,333.0,-13.0,26.78,26.95,27.12,26.95,2.0,0.35,18.0,1.0,0.8,1.0,27.03,27.75,28.47,27.75,2.0,1.48,18.0,1.0,0.8,1.0,16.19,17.37,18.55,17.37,2.0,2.45,18.0,1.0,0.8,1.0,67.3,75.4,83.5,75.4,2.0,16.8,18.0,1.0,1.0,3.66,5.95,8.24,5.95,2.0,4.74,18.0,1.0,0.8,1.0,-7.74,-5.59,-3.44,-5.59,2.0,4.45,18.0,1.0,0.8,1.0,-2.53,-1.15,0.24,-1.15,2.0,2.88,18.0,1.0,0.8,1.0,1011.83,1013.2,1014.57,1013.2,2.0,2.83,18.0,1.0,0.8,1.0,4.0,4.0,4.0,4.0,2.0,0.0,18.0,1.0,0.8,1.0,-69.4,-43.8,-18.2,-43.8,2.0,53.0,18.0,1.0,0.8,1.0,-24.5,-13.6,-2.7,-13.6,2.0,22.6,18.0,1.0,0.8,1.0,-1.69,-0.8,0.09,-0.8,2.0,1.84,18.0,1.0,0.8,1.0,-3.9,-0.4,3.0,-0.4,2.0,7.1,18.0,1.0,0.8,1.0,3.93,4.86,5.79,4.86,2.0,1.92,18.0,1.0,0.8,1.0,18.8,24.4,30.0,24.4,2.0,11.6,18.0,1.0,0.8,1.0,-207.5,-151.8,-96.2,-151.8,2.0,115.2,18.0,1.0,0.8,1.0,-67.4,-29.7,8.1,-29.7,2.0,78.2,18.0,1.0,0.8,1.0,-146.5,-102.6,-58.6,-102.6,2.0,91.0,18.0,1.0,0.8,1.0,-48.9,-23.4,2.1,-23.4,2.0,52.8,18.0,1.0,0.8,1.0,-28.2,-22.9,-17.6,-22.9,2.0,10.9,18.0,1.0,0.8,1.0,-8.5,-2.8,2.9,-2.8,2.0,11.8,18.0,1.0,0.8,1.0,142.5,411.0,679.5,411.0,2.0,556.5,18.0,1.0,0.8,1.0,140.0,410.0,680.0,410.0,2.0,555.0,18.0,1.0,0.8,1.0
1974,2,333.0,-12.0,,,,,,,,,,,,,,,,,,,,,,,,,,,,,,,,,,,,,,,,,,,,,,,,,,,,,,,,,,,,,,,,,,,,,,,,,,,,,,,,4.0,4.0,4.0,4.0,1.0,0.0,14.0,0.0,0.9,0.1,-6.4,-6.4,-6.4,-6.4,1.0,0.0,14.0,0.0,0.9,0.1,2.3,2.3,2.3,2.3,1.0,0.0,14.0,0.0,0.9,0.1,,,,,,,,,,,,,,,,,,,,,,,,,,,,,,,,,,,,,,,,,,,,,,,,,,,,,,,,,,,,,,,,,,,,,,,,,,,,,,,,,,,,,,,,,,,,,,,,,,,,,,,,,,,,,,,,,,,,,,,,
1974,2,333.0,-10.0,25.98,27.0,27.58,27.07,7.0,1.18,20.0,0.3,0.6,0.7,26.29,26.95,27.63,26.87,6.0,1.25,18.0,0.3,0.5,0.6,16.78,17.5,18.08,17.43,3.0,0.95,22.0,0.3,0.4,0.6,78.0,83.6,88.2,83.1,3.0,7.4,22.0,0.3,0.6,3.0,4.35,5.45,4.67,6.0,2.1,18.0,0.3,0.5,0.6,-5.34,-4.04,-2.82,-4.35,6.0,2.07,18.0,0.3,0.5,0.6,0.41,1.36,2.24,1.38,6.0,1.12,18.0,0.3,0.5,0.6,1010.51,1011.9,1013.52,1011.76,7.0,1.79,20.0,0.3,0.6,0.7,1.6,3.0,4.8,3.3,6.0,2.7,18.0,0.3,0.6,0.7,-31.5,-17.7,-8.5,-23.9,6.0,23.9,18.0,0.3,0.5,0.6,1.2,4.7,12.0,7.6,6.0,9.5,18.0,0.3,0.5,0.6,-0.23,0.2,1.03,0.38,6.0,1.11,18.0,0.3,0.5,0.6,-0.9,0.6,7.0,2.2,6.0,5.3,18.0,0.3,0.5,0.6,3.77,4.03,4.55,4.15,3.0,0.58,22.0,0.3,0.4,0.6,16.6,16.8,20.3,18.4,3.0,3.1,22.0,0.3,0.4,0.6,-144.1,-104.2,-77.1,-117.6,6.0,60.4,18.0,0.3,0.5,0.6,11.3,36.9,60.9,37.9,6.0,31.5,18.0,0.3,0.5,0.6,-82.3,-80.5,-65.4,-74.0,3.0,13.6,22.0,0.3,0.4,0.6,4.7,14.7,27.7,16.1,3.0,16.9,22.0,0.3,0.4,0.6,-20.3,-16.5,-15.0,-17.6,3.0,4.0,22.0,0.3,0.4,0.6,0.9,2.9,6.6,3.7,3.0,4.2,22.0,0.3,0.4,0.6,27.0,83.0,213.0,162.5,6.0,245.0,18.0,0.3,0.5,0.6,25.0,85.0,215.0,165.0,6.0,245.0,18.0,0.3,0.5,0.6
1974,2,333.0,-9.0,27.75,28.05,28.4,28.08,4.0,0.39,14.0,0.3,0.6,0.8,25.83,26.35,28.33,27.05,4.0,2.01,14.0,0.3,0.6,0.8,16.44,17.11,18.54,17.48,4.0,1.56,14.0,0.3,0.6,0.8,74.5,77.7,81.6,78.1,4.0,4.3,14.0,0.3,0.8,6.34,7.7,7.96,7.18,4.0,1.4,14.0,0.3,0.6,0.8,-7.65,-6.27,-4.67,-6.16,4.0,1.72,14.0,0.3,0.6,0.8,0.51,2.68,4.43,2.48,4.0,2.96,14.0,0.3,0.6,0.8,1008.07,1010.5,1011.72,1009.93,4.0,2.49,14.0,0.3,0.6,0.8,3.0,3.5,4.5,3.8,4.0,1.0,14.0,0.3,0.6,0.8,-60.9,-48.2,-29.9,-45.6,4.0,18.8,14.0,0.3,0.6,0.8,0.8,18.0,34.7,17.8,4.0,23.1,14.0,0.3,0.6,0.8,-0.17,1.4,2.18,1.03,4.0,1.81,14.0,0.3,0.6,0.8,-2.8,8.8,16.1,6.7,4.0,14.1,14.0,0.3,0.6,0.8,5.45,6.66,7.27,6.37,4.0,1.15,14.0,0.3,0.6,0.8,38.5,43.4,51.5,44.9,4.0,8.2,14.0,0.3,0.6,0.8,-213.2,-162.3,-123.1,-167.9,4.0,53.9,14.0,0.3,0.6,0.8,13.9,75.5,121.9,68.3,4.0,78.5,14.0,0.3,0.6,0.8,-140.4,-106.9,-77.9,-109.0,4.0,37.4,14.0,0.3,0.6,0.8,7.6,48.0,79.8,43.9,4.0,51.5,14.0,0.3,0.6,0.8,-46.6,-34.9,-31.2,-38.7,4.0,11.2,14.0,0.3,0.6,0.8,1.4,16.1,27.7,14.6,4.0,18.8,14.0,0.3,0.6,0.8,287.0,456.5,506.0,399.5,4.0,183.5,14.0,0.3,0.6,0.8,285.0,455.0,505.0,400.0,4.0,185.0,14.0,0.3,0.6,0.8
1974,2,333.0,-8.0,26.39,27.0,27.55,26.97,3.0,0.85,14.0,0.0,0.7,0.6,26.22,26.7,27.04,26.63,3.0,0.6,14.0,0.0,0.7,0.6,16.96,17.25,17.51,17.24,3.0,0.4,14.0,0.0,0.7,0.6,77.6,80.1,80.1,78.9,3.0,2.1,14.0,0.0,0.6,3.39,5.1,6.19,4.8,3.0,2.07,14.0,0.0,0.7,0.6,-4.85,-4.31,-2.73,-3.8,3.0,1.62,14.0,0.0,0.7,0.6,0.53,1.67,4.03,2.27,3.0,2.62,14.0,0.0,0.7,0.6,1007.11,1009.5,1009.64,1008.4,3.0,2.08,14.0,0.0,0.7,0.6,1.0,1.0,3.7,2.3,3.0,2.3,14.0,0.0,0.7,0.6,-28.0,-26.0,-11.8,-20.0,3.0,12.9,14.0,0.0,0.7,0.6,1.4,4.3,24.9,12.9,3.0,18.7,14.0,0.0,0.7,0.6,0.16,0.3,0.5,0.33,3.0,0.25,14.0,0.0,0.7,0.6,0.8,2.0,2.7,1.8,3.0,1.4,14.0,0.0,0.7,0.6,4.51,4.82,5.77,5.14,3.0,0.96,14.0,0.0,0.7,0.6,17.8,31.7,32.1,25.1,3.0,11.9,14.0,0.0,0.7,0.6,-131.2,-115.0,-71.8,-101.8,3.0,44.9,14.0,0.0,0.7,0.6,13.8,43.5,107.3,60.2,3.0,70.0,14.0,0.0,0.7,0.6,-84.2,-75.9,-47.0,-65.8,3.0,28.6,14.0,0.0,0.7,0.6,8.9,28.1,70.7,39.5,3.0,46.3,14.0,0.0,0.7,0.6,-28.2,-20.8,-12.5,-20.4,3.0,11.5,14.0,0.0,0.7,0.6,2.3,7.3,19.2,10.7,3.0,12.7,14.0,0.0,0.7,0.6,54.0,132.5,247.5,150.5,3.0,142.5,14.0,0.0,0.7,0.6,55.0,135.0,245.0,150.0,3.0,140.0,14.0,0.0,0.7,0.6
1974,2,333.0,-6.0,25.93,26.0,27.09,26.5,3.0,0.95,8.0,0.7,0.5,0.6,25.01,26.1,26.3,25.67,3.0,1.02,8.0,0.7,0.5,0.6,16.66,17.67,18.84,17.74,3.0,1.6,8.0,0.7,0.5,0.6,80.5,91.5,91.8,86.3,3.0,9.4,8.0,0.7,0.6,2.89,4.6,4.6,3.77,3.0,1.44,8.0,0.7,0.5,0.6,-4.53,-4.53,-2.68,-3.63,3.0,1.57,8.0,0.7,0.5,0.6,0.8,0.8,0.97,0.88,3.0,0.15,8.0,0.7,0.5,0.6,1009.41,1010.3,1011.12,1010.27,3.0,1.25,8.0,0.7,0.5,0.6,1.9,6.0,7.4,4.7,3.0,4.2,8.0,0.7,0.5,0.6,-20.8,-20.8,-9.2,-15.2,3.0,9.8,8.0,0.7,0.5,0.6,2.7,3.7,3.7,3.2,3.0,0.8,8.0,0.7,0.5,0.6,0.24,1.2,1.4,0.83,3.0,0.91,8.0,0.7,0.5,0.6,0.2,2.5,5.5,2.8,3.0,3.9,8.0,0.7,0.5,0.6,2.16,3.39,5.82,3.98,3.0,2.73,8.0,0.7,0.5,0.6,9.6,14.6,15.3,12.5,3.0,4.6,8.0,0.7,0.5,0.6,-115.9,-111.0,-68.0,-92.4,3.0,38.6,8.0,0.7,0.5,0.6,20.0,20.8,25.5,22.7,3.0,4.4,8.0,0.7,0.5,0.6,-85.3,-80.0,-45.5,-65.8,3.0,31.7,8.0,0.7,0.5,0.6,14.5,15.5,16.5,15.5,3.0,1.4,8.0,0.7,0.5,0.6,-14.5,-12.6,-8.9,-11.7,3.0,4.2,8.0,0.7,0.5,0.6,1.7,2.7,5.8,3.8,3.0,3.2,8.0,0.7,0.5,0.6,37.0,97.5,97.5,68.0,3.0,51.0,8.0,0.7,0.5,0.6,35.0,95.0,95.0,70.0,3.0,50.0,8.0,0.7,0.5,0.6
1974,2,333.0,-5.0,29.0,29.0,29.0,29.0,1.0,0.0,26.0,1.0,0.8,0.4,29.0,29.0,29.0,29.0,1.0,0.0,26.0,1.0,0.8,0.4,19.98,19.98,19.98,19.98,1.0,0.0,26.0,1.0,0.8,0.4,79.5,79.5,79.5,79.5,1.0,0.0,26.0,1.0,0.4,0.0,0.0,0.0,0.0,1.0,0.0,26.0,1.0,0.8,0.4,0.0,0.0,0.0,0.0,1.0,0.0,26.0,1.0,0.8,0.4,0.0,0.0,0.0,0.0,1.0,0.0,26.0,1.0,0.8,0.4,1009.0,1009.0,1009.0,1009.0,1.0,0.0,26.0,1.0,0.8,0.4,7.0,7.0,7.0,7.0,1.0,0.0,26.0,1.0,0.8,0.4,0.0,0.0,0.0,0.0,1.0,0.0,26.0,1.0,0.8,0.4,0.0,0.0,0.0,0.0,1.0,0.0,26.0,1.0,0.8,0.4,0.0,0.0,0.0,0.0,1.0,0.0,26.0,1.0,0.8,0.4,0.0,0.0,0.0,0.0,1.0,0.0,26.0,1.0,0.8,0.4,5.23,5.23,5.23,5.23,1.0,0.0,26.0,1.0,0.8,0.4,0.0,0.0,0.0,0.0,1.0,0.0,26.0,1.0,0.8,0.4,0.0,0.0,0.0,0.0,1.0,0.0,26.0,1.0,0.8,0.4,0.0,0.0,0.0,0.0,1.0,0.0,26.0,1.0,0.8,0.4,0.0,0.0,0.0,0.0,1.0,0.0,26.0,1.0,0.8,0.4,0.0,0.0,0.0,0.0,1.0,0.0,26.0,1.0,0.8,0.4,0.0,0.0,0.0,0.0,1.0,0.0,26.0,1.0,0.8,0.4,0.0,0.0,0.0,0.0,1.0,0.0,26.0,1.0,0.8,0.4,0.0,0.0,0.0,0.0,1.0,0.0,26.0,1.0,0.8,0.4,0.0,0.0,0.0,0.0,1.0,0.0,26.0,1.0,0.8,0.4
1974,2,333.0,-3.0,27.76,27.9,28.65,28.2,3.0,0.7,18.0,0.3,0.5,0.7,25.7,27.2,27.34,26.53,3.0,1.33,18.0,0.3,0.5,0.7,18.9,19.26,19.61,19.26,2.0,0.73,16.0,0.5,0.6,0.6,85.0,91.1,97.2,91.1,2.0,12.6,16.0,0.5,0.6,3.04,4.0,7.96,5.47,3.0,3.82,18.0,0.3,0.5,0.7,-7.88,-3.76,-2.97,-5.39,3.0,3.87,18.0,0.3,0.5,0.7,0.0,0.0,0.93,0.46,3.0,0.79,18.0,0.3,0.5,0.7,1011.69,1012.3,1012.78,1012.23,3.0,0.8,18.0,0.3,0.5,0.7,3.3,4.0,6.7,5.0,3.0,2.6,18.0,0.3,0.5,0.7,-70.3,-15.0,-9.4,-39.3,3.0,49.3,18.0,0.3,0.5,0.7,0.0,0.0,3.7,1.8,3.0,3.2,18.0,0.3,0.5,0.7,0.91,1.8,2.41,1.67,3.0,1.11,18.0,0.3,0.5,0.7,3.2,7.2,20.3,11.7,3.0,13.2,18.0,0.3,0.5,0.7,3.68,4.14,4.59,4.14,2.0,0.94,16.0,0.5,0.6,0.6,15.9,23.2,30.6,23.2,2.0,15.2,16.0,0.5,0.6,0.6,-199.7,-102.2,-81.1,-139.5,3.0,92.7,18.0,0.3,0.5,0.7,0.0,0.0,25.4,12.4,3.0,21.5,18.0,0.3,0.5,0.7,-170.8,-121.3,-71.7,-121.3,2.0,102.6,16.0,0.5,0.6,0.6,0.0,0.0,0.0,0.0,2.0,0.0,16.0,0.5,0.6,0.6,-30.6,-23.2,-15.9,-23.2,2.0,15.2,16.0,0.5,0.6,0.6,0.0,0.0,0.0,0.0,2.0,0.0,16.0,0.5,0.6,0.6,32.5,64.0,663.0,341.0,3.0,520.5,18.0,0.3,0.5,0.7,30.0,65.0,665.0,340.0,3.0,520.0,18.0,0.3,0.5,0.7
1974,2,333.0,-2.0,28.08,28.25,28.42,28.25,2.0,0.35,22.0,0.5,1.0,1.0,27.03,27.1,27.17,27.1,2.0,0.14,22.0,0.5,1.0,1.0,17.42,17.42,17.42,17.42,1.0,0.0,22.0,1.0,1.0,1.0,78.3,78.3,78.3,78.3,1.0,0.0,22.0,1.0,1.0,3.82,4.3,4.78,4.3,2.0,0.99,22.0,0.5,1.0,1.0,-3.39,-0.58,2.24,-0.58,2.0,5.83,22.0,0.5,1.0,1.0,0.8,1.17,1.54,1.17,2.0,0.77,22.0,0.5,1.0,1.0,1009.48,1010.5,1011.52,1010.5,2.0,2.12,22.0,0.5,1.0,1.0,3.0,5.0,7.0,5.0,2.0,4.2,22.0,0.5,1.0,1.0,-17.7,-5.4,7.0,-5.4,2.0,25.6,22.0,0.5,1.0,1.0,3.3,5.4,7.6,5.4,2.0,4.5,22.0,0.5,1.0,1.0,1.05,1.15,1.25,1.15,2.0,0.21,22.0,0.5,1.0,1.0,4.1,5.1,6.0,5.1,2.0,2.1,22.0,0.5,1.0,1.0,6.27,6.27,6.27,6.27,1.0,0.0,22.0,1.0,1.0,1.0,22.6,22.6,22.6,22.6,1.0,0.0,22.0,1.0,1.0,1.0,-92.3,-16.0,60.3,-16.0,2.0,158.1,22.0,0.5,1.0,1.0,21.6,31.7,41.8,31.7,2.0,21.0,22.0,0.5,1.0,1.0,61.8,61.8,61.8,61.8,1.0,0.0,22.0,1.0,1.0,1.0,10.9,10.9,10.9,10.9,1.0,0.0,22.0,1.0,1.0,1.0,22.2,22.2,22.2,22.2,1.0,0.0,22.0,1.0,1.0,1.0,3.9,3.9,3.9,3.9,1.0,0.0,22.0,1.0,1.0,1.0,59.0,86.0,112.5,86.0,2.0,55.5,22.0,0.5,1.0,1.0,60.0,85.0,115.0,85.0,2.0,55.0,22.0,0.5,1.0,1.0
1974,2,333.0,0.0,,,,,,,,,,,,,,,,,,,,,,,,,,,,,,,,,,,,,,,,5.1,5.1,5.1,5.1,1.0,0.0,20.0,0.0,0.8,0.5,-1.74,-1.74,-1.74,-1.74,1.0,0.0,20.0,0.0,0.8,0.5,-4.79,-4.79,-4.79,-4.79,1.0,0.0,20.0,0.0,0.8,0.5,1008.1,1008.1,1008.1,1008.1,1.0,0.0,20.0,0.0,0.8,0.5,,,,,,,,,,,,,,,,,,,,,,,,,,,,,,,,,,,,,,,,,,,,,,,,,,,,,,,,,,,,,,,,,,,,,,,,,,,,,,,,,,,,,,,,,,,,,,,,,,,,,,,,,,,,,,,,,,,,,,,,,,,,,,,,,,,,,,,,,,,,,,,,,,,,,,
1974,2,333.0,1.0,28.0,28.0,28.0,28.0,1.0,0.0,16.0,1.0,1.0,0.7,26.8,26.8,26.8,26.8,1.0,0.0,16.0,1.0,1.0,0.7,17.84,17.84,17.84,17.84,1.0,0.0,16.0,1.0,1.0,0.7,81.2,81.2,81.2,81.2,1.0,0.0,16.0,1.0,0.7,6.2,6.2,6.2,6.2,1.0,0.0,16.0,1.0,1.0,0.7,-3.1,-3.1,-3.1,-3.1,1.0,0.0,16.0,1.0,1.0,0.7,-5.37,-5.37,-5.37,-5.37,1.0,0.0,16.0,1.0,1.0,0.7,1012.8,1012.8,1012.8,1012.8,1.0,0.0,16.0,1.0,1.0,0.7,7.0,7.0,7.0,7.0,1.0,0.0,16.0,1.0,1.0,0.7,-19.2,-19.2,-19.2,-19.2,1.0,0.0,16.0,1.0,1.0,0.7,-33.3,-33.3,-33.3,-33.3,1.0,0.0,16.0,1.0,1.0,0.7,1.2,1.2,1.2,1.2,1.0,0.0,16.0,1.0,1.0,0.7,7.4,7.4,7.4,7.4,1.0,0.0,16.0,1.0,1.0,0.7,5.83,5.83,5.83,5.83,1.0,0.0,16.0,1.0,1.0,0.7,36.1,36.1,36.1,36.1,1.0,0.0,16.0,1.0,1.0,0.7,-83.1,-83.1,-83.1,-83.1,1.0,0.0,16.0,1.0,1.0,0.7,-143.9,-143.9,-143.9,-143.9,1.0,0.0,16.0,1.0,1.0,0.7,-55.3,-55.3,-55.3,-55.3,1.0,0.0,16.0,1.0,1.0,0.7,-95.8,-95.8,-95.8,-95.8,1.0,0.0,16.0,1.0,1.0,0.7,-18.1,-18.1,-18.1,-18.1,1.0,0.0,16.0,1.0,1.0,0.7,-31.3,-31.3,-31.3,-31.3,1.0,0.0,16.0,1.0,1.0,0.7,238.5,238.5,238.5,238.5,1.0,0.0,16.0,1.0,1.0,0.7,240.0,240.0,240.0,240.0,1.0,0.0,16.0,1.0,1.0,0.7
1974,2,333.0,2.0,25.95,28.0,28.27,27.13,3.0,1.86,10.0,0.3,0.7,0.4,23.91,25.0,25.82,24.87,3.0,1.4,10.0,0.3,0.7,0.4,16.94,18.22,18.27,17.62,3.0,1.1,10.0,0.3,0.7,0.4,87.6,90.7,91.6,89.6,3.0,3.1,10.0,0.3,0.4,2.6,2.6,6.42,4.47,3.0,3.23,10.0,0.3,0.7,0.4,-5.0,-2.25,-1.6,-3.28,3.0,2.64,10.0,0.3,0.7,0.4,-4.31,-2.25,0.17,-2.07,3.0,3.29,10.0,0.3,0.7,0.4,1008.5,1010.0,1011.3,1009.9,3.0,2.05,10.0,0.3,0.7,0.4,8.0,8.0,8.0,8.0,1.0,0.0,6.0,0.0,0.6,0.6,-37.0,-5.9,-4.2,-20.2,3.0,27.1,10.0,0.3,0.7,0.4,-31.4,-5.9,0.4,-15.2,3.0,24.7,10.0,0.3,0.7,0.4,1.79,2.2,2.75,2.27,3.0,0.7,10.0,0.3,0.7,0.4,5.3,7.8,14.8,10.0,3.0,7.2,10.0,0.3,0.7,0.4,4.16,5.52,5.82,5.0,3.0,1.29,10.0,0.3,0.7,0.4,10.8,14.3,37.9,24.1,3.0,21.6,10.0,0.3,0.7,0.4,-130.2,-56.3,-38.6,-83.8,3.0,71.2,10.0,0.3,0.7,0.4,-111.0,-52.7,5.5,-52.8,3.0,85.3,10.0,0.3,0.7,0.4,-91.5,-41.0,-27.5,-59.1,3.0,49.4,10.0,0.3,0.7,0.4,-77.5,-36.8,4.5,-36.5,3.0,60.1,10.0,0.3,0.7,0.4,-29.5,-12.4,-7.1,-18.2,3.0,17.2,10.0,0.3,0.7,0.4,-24.0,-7.9,2.4,-10.7,3.0,19.4,10.0,0.3,0.7,0.4,17.5,17.5,382.0,195.5,3.0,308.0,10.0,0.3,0.7,0.4,20.0,20.0,380.0,195.0,3.0,310.0,10.0,0.3,0.7,0.4
1974,2,333.0,3.0,26.08,27.0,27.57,26.82,5.0,1.16,10.0,0.6,0.3,0.5,24.95,26.0,27.5,26.22,5.0,1.8,10.0,0.6,0.3,0.5,15.88,17.14,19.61,17.66,5.0,2.4,10.0,0.6,0.3,0.5,73.6,84.4,91.9,82.8,5.0,9.7,10.0,0.6,0.5,4.55,5.1,5.88,5.14,5.0,0.98,10.0,0.6,0.3,0.5,-3.82,-1.74,1.08,-1.51,5.0,2.62,10.0,0.6,0.3,0.5,-5.09,-3.99,-1.24,-2.98,5.0,3.63,10.0,0.6,0.3,0.5,1009.18,1010.0,1010.97,1010.02,5.0,1.28,10.0,0.6,0.3,0.5,3.3,6.0,7.0,5.2,5.0,2.2,10.0,0.6,0.3,0.5,-21.4,-8.9,4.9,-9.0,5.0,14.8,10.0,0.6,0.3,0.5,-27.4,-24.4,-8.2,-17.8,5.0,17.3,10.0,0.6,0.3,0.5,-1.7,0.7,2.81,0.6,5.0,2.28,10.0,0.6,0.3,0.5,-9.4,4.0,11.8,2.0,5.0,11.3,10.0,0.6,0.3,0.5,2.68,5.23,5.95,4.51,5.0,2.14,10.0,0.6,0.3,0.5,14.9,20.6,31.9,23.0,5.0,12.1,10.0,0.6,0.3,0.5,-106.5,-41.9,27.8,-41.3,5.0,70.6,10.0,0.6,0.3,0.5,-126.3,-112.9,-36.0,-78.8,5.0,93.5,10.0,0.6,0.3,0.5,-72.6,-29.9,17.7,-28.0,5.0,46.6,10.0,0.6,0.3,0.5,-82.6,-82.1,-18.6,-50.0,5.0,63.8,10.0,0.6,0.3,0.5,-11.5,-5.1,6.7,-3.3,5.0,10.0,10.0,0.6,0.3,0.5,-30.7,-13.2,2.6,-13.4,5.0,21.7,10.0,0.6,0.3,0.5,101.0,132.5,204.5,147.0,5.0,71.0,10.0,0.6,0.3,0.5,100.0,135.0,205.0,145.0,5.0,70.0,10.0,0.6,0.3,0.5
1974,2,333.0,4.0,26.96,27.3,27.64,27.3,2.0,0.71,22.0,1.0,0.4,0.6,26.52,27.0,27.41,26.97,3.0,0.65,24.0,1.0,0.6,0.5,21.75,21.75,21.75,21.75,1.0,0.0,26.0,1.0,0.9,0.4,97.1,97.1,97.1,97.1,1.0,0.0,26.0,1.0,0.4,7.22,7.7,8.38,7.8,3.0,0.85,24.0,1.0,0.6,0.5,-2.63,0.0,2.39,-0.12,3.0,3.68,24.0,1.0,0.6,0.5,-8.06,-6.67,-6.25,-7.14,3.0,1.38,24.0,1.0,0.6,0.5,1008.22,1008.7,1010.27,1009.23,3.0,1.57,24.0,1.0,0.6,0.5,4.0,6.0,7.4,5.7,3.0,2.5,24.0,1.0,0.6,0.5,-20.2,0.0,16.7,-1.7,3.0,27.1,24.0,1.0,0.6,0.5,-68.0,-51.3,-45.3,-56.5,3.0,17.2,24.0,1.0,0.6,0.5,,,,,,,,,,,,,,,,,,,,,,,,,,,,,,,,,,,,,,,,,-69.1,0.0,65.9,-1.6,3.0,98.9,24.0,1.0,0.6,0.5,-216.0,-175.4,-169.9,-192.5,3.0,36.9,24.0,1.0,0.6,0.5,0.0,0.0,0.0,0.0,1.0,0.0,26.0,1.0,0.9,0.4,-189.2,-189.2,-189.2,-189.2,1.0,0.0,26.0,1.0,0.9,0.4,,,,,,,,,,,,,,,,,,,,,,,,,,,,,,,,,,,,,,,,
1974,2,333.0,5.0,25.75,26.5,27.18,26.6,11.0,1.31,14.0,0.5,0.6,0.4,25.04,25.8,27.71,26.34,10.0,1.75,14.0,0.5,0.6,0.4,14.36,16.13,17.93,16.07,6.0,1.77,14.0,0.3,0.7,0.3,75.5,78.4,83.6,79.3,6.0,6.5,14.0,0.3,0.3,5.28,7.1,8.14,6.9,8.0,1.69,12.0,0.5,0.6,0.4,-5.24,-4.47,-2.41,-4.07,8.0,1.86,12.0,0.5,0.6,0.4,-6.25,-5.71,-4.5,-5.44,8.0,0.96,12.0,0.5,0.6,0.4,1008.58,1011.0,1014.41,1011.25,11.0,2.97,14.0,0.5,0.6,0.4,2.6,5.0,8.0,5.0,11.0,2.6,14.0,0.5,0.6,0.4,-42.7,-31.1,-13.4,-30.6,8.0,19.4,12.0,0.5,0.6,0.4,-50.9,-42.6,-23.8,-38.8,8.0,14.1,12.0,0.5,0.6,0.4,-1.06,0.6,1.57,0.26,10.0,1.97,14.0,0.5,0.6,0.4,-5.0,4.3,12.7,1.7,8.0,16.3,12.0,0.5,0.6,0.4,3.72,5.88,6.03,5.19,6.0,1.27,14.0,0.3,0.7,0.3,32.8,41.9,49.3,40.4,5.0,14.2,14.0,0.4,0.7,0.3,-154.6,-110.0,-65.2,-106.6,8.0,48.4,12.0,0.5,0.6,0.4,-174.7,-141.5,-121.1,-143.3,8.0,29.8,12.0,0.5,0.6,0.4,-89.0,-67.1,-58.8,-72.2,5.0,19.8,14.0,0.4,0.7,0.3,-88.8,-80.0,-79.1,-84.1,5.0,8.8,14.0,0.4,0.7,0.3,-34.2,-27.0,-20.2,-26.8,5.0,12.1,14.0,0.4,0.7,0.3,-35.3,-32.1,-25.7,-29.9,5.0,8.7,14.0,0.4,0.7,0.3,151.5,358.0,541.0,378.0,8.0,234.0,12.0,0.5,0.6,0.4,150.0,360.0,540.0,380.0,8.0,235.0,12.0,0.5,0.6,0.4
1974,2,333.0,6.0,24.73,25.4,26.53,25.62,11.0,1.14,18.0,0.5,0.6,0.5,23.75,25.0,25.96,24.95,12.0,1.42,16.0,0.5,0.6,0.5,13.51,13.95,14.79,14.21,8.0,1.07,20.0,0.5,0.6,0.5,68.1,72.7,81.5,74.1,9.0,6.5,18.0,0.4,0.5,3.47,5.85,7.7,5.74,12.0,2.01,18.0,0.5,0.6,0.5,-5.16,-2.64,0.0,-2.63,12.0,2.34,18.0,0.5,0.6,0.5,-5.83,-4.82,-3.47,-4.81,12.0,1.31,18.0,0.5,0.6,0.5,1009.42,1011.0,1013.08,1010.95,12.0,2.11,18.0,0.6,0.7,0.4,1.0,3.0,6.2,3.2,13.0,2.6,16.0,0.5,0.6,0.5,-40.0,-15.5,0.0,-19.0,12.0,19.3,18.0,0.5,0.6,0.5,-41.2,-30.8,-12.1,-29.9,12.0,16.6,18.0,0.5,0.6,0.5,-0.63,1.1,2.01,0.95,10.0,1.59,18.0,0.4,0.6,0.5,-5.2,6.2,11.0,4.4,10.0,9.2,18.0,0.4,0.6,0.5,5.01,6.61,7.6,6.56,8.0,1.72,20.0,0.5,0.6,0.5,33.4,34.8,44.8,37.8,8.0,5.5,20.0,0.5,0.6,0.5,-111.8,-53.0,0.0,-58.4,11.0,55.9,18.0,0.5,0.6,0.5,-137.2,-117.3,-83.1,-114.3,11.0,27.8,18.0,0.5,0.6,0.5,-71.8,-44.3,0.0,-40.0,8.0,37.0,20.0,0.5,0.6,0.5,-80.5,-74.2,-63.9,-72.2,8.0,11.4,20.0,0.5,0.6,0.5,-26.1,-19.9,0.0,-15.0,8.0,12.9,20.0,0.5,0.6,0.5,-35.0,-34.6,-29.1,-32.5,8.0,5.7,20.0,0.5,0.6,0.5,42.5,213.0,456.5,253.5,12.0,221.0,18.0,0.5,0.6,0.5,40.0,215.0,455.0,255.0,12.0,220.0,18.0,0.5,0.6,0.5
1974,2,333.0,7.0,25.7,26.5,28.0,26.8,8.0,1.42,14.0,0.8,0.4,0.4,23.83,25.35,26.27,25.0,8.0,1.47,14.0,0.8,0.4,0.4,14.52,15.35,16.38,15.44,5.0,1.42,16.0,0.6,0.1,0.4,73.8,77.5,80.4,77.2,5.0,3.4,16.0,0.6,0.4,3.27,7.45,9.92,6.86,8.0,3.33,14.0,0.8,0.4,0.4,-5.12,-3.47,-1.06,-3.34,8.0,2.46,14.0,0.8,0.4,0.4,-8.4,-6.18,-2.83,-5.76,8.0,2.87,14.0,0.8,0.4,0.4,1009.17,1012.55,1014.49,1011.95,8.0,2.47,14.0,0.8,0.4,0.4,2.1,5.0,7.8,4.9,8.0,2.4,14.0,0.8,0.4,0.4,-49.3,-22.5,-2.3,-27.8,8.0,28.1,14.0,0.8,0.4,0.4,-85.3,-48.0,-9.4,-47.6,8.0,36.6,14.0,0.8,0.4,0.4,0.37,1.95,3.27,1.8,8.0,1.5,14.0,0.8,0.4,0.4,2.0,8.3,19.7,12.2,8.0,13.5,14.0,0.8,0.4,0.4,4.74,4.85,7.62,5.98,5.0,1.71,16.0,0.6,0.1,0.4,24.6,32.5,48.7,37.1,5.0,17.6,16.0,0.6,0.1,0.4,-134.4,-86.0,-27.1,-82.5,8.0,58.5,14.0,0.8,0.4,0.4,-197.0,-151.0,-71.5,-141.8,8.0,67.5,14.0,0.8,0.4,0.4,-69.4,-40.2,-15.1,-41.5,5.0,31.8,16.0,0.6,0.1,0.4,-114.3,-69.6,-58.1,-82.3,5.0,33.5,16.0,0.6,0.1,0.4,-28.0,-13.0,-7.0,-16.4,5.0,12.9,16.0,0.6,0.1,0.4,-45.4,-22.6,-20.2,-31.7,5.0,16.4,16.0,0.6,0.1,0.4,37.5,426.0,978.5,515.5,8.0,492.5,14.0,0.8,0.4,0.4,35.0,425.0,980.0,515.0,8.0,495.0,14.0,0.8,0.4,0.4
1974,2,333.0,8.0,24.53,25.4,26.54,25.4,11.0,1.42,14.0,0.6,0.4,0.5,23.0,24.35,25.03,24.32,12.0,1.19,16.0,0.6,0.4,0.5,13.2,14.28,17.73,15.07,10.0,2.2,16.0,0.6,0.4,0.5,71.6,77.9,87.5,78.9,11.0,7.9,16.0,0.5,0.5,5.0,6.7,9.22,6.98,13.0,3.22,14.0,0.6,0.4,0.5,-7.24,-4.95,-1.85,-4.55,13.0,2.58,14.0,0.6,0.4,0.5,-7.88,-4.37,-2.83,-4.97,13.0,2.71,14.0,0.6,0.4,0.5,1011.87,1013.45,1014.68,1012.98,12.0,2.25,14.0,0.7,0.4,0.5,2.0,4.0,6.3,4.3,12.0,2.1,14.0,0.7,0.4,0.5,-58.2,-38.1,-7.6,-38.3,13.0,30.6,14.0,0.6,0.4,0.5,-72.8,-26.0,-16.1,-42.0,13.0,36.6,14.0,0.6,0.4,0.5,-0.07,1.1,2.16,1.05,10.0,1.21,16.0,0.6,0.5,0.5,-1.3,7.7,25.1,10.0,10.0,12.0,16.0,0.6,0.5,0.5,3.87,5.6,6.43,5.15,9.0,1.51,16.0,0.6,0.4,0.5,22.9,33.1,54.9,39.0,9.0,20.1,16.0,0.6,0.4,0.5,-146.8,-121.2,-38.2,-105.4,12.0,61.5,16.0,0.6,0.4,0.5,-196.5,-120.4,-78.3,-125.8,12.0,65.2,16.0,0.6,0.4,0.5,-95.6,-77.2,-39.4,-72.9,10.0,39.4,16.0,0.6,0.4,0.5,-99.6,-74.2,-50.0,-81.0,10.0,36.9,16.0,0.6,0.4,0.5,-35.9,-20.5,-10.4,-23.6,9.0,15.7,16.0,0.6,0.4,0.5,-42.1,-24.4,-18.0,-29.4,9.0,16.2,16.0,0.6,0.4,0.5,126.5,301.0,797.0,535.0,13.0,612.0,14.0,0.6,0.4,0.5,125.0,300.0,795.0,535.0,13.0,610.0,14.0,0.6,0.4,0.5
1974,2,333.0,9.0,24.41,25.45,26.0,25.11,8.0,1.12,18.0,0.9,0.4,0.5,22.85,23.3,24.35,23.47,9.0,0.87,16.0,0.8,0.6,0.5,12.5,14.03,15.04,13.98,9.0,1.41,16.0,0.8,0.6,0.5,69.9,76.3,84.3,78.0,9.0,9.9,16.0,0.8,0.5,6.41,7.7,9.59,7.83,10.0,1.89,18.0,0.7,0.5,0.4,-6.85,-5.07,-2.3,-4.64,10.0,2.66,18.0,0.7,0.5,0.4,-7.12,-6.3,-2.92,-5.45,10.0,2.78,18.0,0.7,0.5,0.4,1011.03,1013.0,1016.44,1013.3,11.0,2.29,16.0,0.7,0.5,0.5,1.0,4.0,6.1,3.6,10.0,2.5,16.0,0.8,0.6,0.5,-65.9,-36.2,-12.6,-38.8,10.0,26.0,18.0,0.7,0.5,0.4,-66.3,-43.5,-15.4,-44.7,10.0,29.9,18.0,0.7,0.5,0.4,0.9,1.4,2.01,1.48,6.0,0.79,18.0,1.0,0.4,0.6,6.8,9.3,17.3,11.4,5.0,5.9,20.0,1.0,0.4,0.6,5.61,6.64,7.06,6.46,6.0,0.78,18.0,1.0,0.4,0.6,48.2,50.4,59.6,54.0,5.0,10.2,20.0,1.0,0.4,0.6,-139.8,-87.5,-53.7,-88.2,8.0,51.0,18.0,0.8,0.6,0.5,-173.1,-156.1,-94.7,-141.0,8.0,53.8,18.0,0.8,0.6,0.5,-80.7,-56.2,-31.4,-51.9,8.0,29.5,18.0,0.8,0.6,0.5,-99.7,-90.2,-63.3,-83.2,8.0,28.4,18.0,0.8,0.6,0.5,-32.9,-24.5,-10.8,-21.6,5.0,13.8,20.0,1.0,0.4,0.6,-54.2,-45.8,-39.7,-47.8,5.0,11.5,20.0,1.0,0.4,0.6,265.0,479.5,882.5,554.0,10.0,346.0,18.0,0.7,0.5,0.4,265.0,480.0,885.0,555.0,10.0,345.0,18.0,0.7,0.5,0.4
1974,2,333.0,10.0,23.27,24.0,24.35,23.93,9.0,0.67,20.0,0.6,0.7,0.4,21.77,22.5,22.91,22.36,10.0,0.87,20.0,0.5,0.7,0.4,12.38,12.67,14.19,13.19,9.0,1.06,20.0,0.6,0.7,0.4,73.0,75.7,86.0,78.2,9.0,6.9,20.0,0.6,0.4,6.84,10.05,10.91,9.12,10.0,2.39,20.0,0.5,0.7,0.4,-8.2,-6.46,-4.03,-6.08,10.0,2.87,20.0,0.5,0.7,0.4,-8.11,-6.68,-4.75,-6.14,10.0,2.65,20.0,0.5,0.7,0.4,1011.89,1013.5,1014.67,1013.33,10.0,1.5,20.0,0.5,0.7,0.4,3.1,4.0,4.9,4.1,8.0,1.5,20.0,0.6,0.7,0.4,-95.3,-65.0,-29.5,-60.9,10.0,34.4,20.0,0.5,0.7,0.4,-85.9,-62.5,-26.4,-58.2,10.0,35.4,20.0,0.5,0.7,0.4,0.43,1.2,2.84,1.59,9.0,1.29,20.0,0.6,0.7,0.4,3.2,10.8,28.5,15.0,9.0,12.6,20.0,0.6,0.7,0.4,4.69,5.15,6.4,5.27,8.0,1.1,20.0,0.6,0.7,0.4,36.4,44.3,55.9,46.1,8.0,16.4,20.0,0.6,0.7,0.4,-178.6,-145.4,-93.7,-134.8,10.0,62.7,20.0,0.5,0.7,0.4,-184.8,-148.0,-103.2,-137.5,10.0,59.5,20.0,0.5,0.7,0.4,-104.0,-79.0,-45.7,-77.1,9.0,41.6,20.0,0.6,0.7,0.4,-112.2,-78.5,-63.0,-78.9,9.0,37.6,20.0,0.6,0.7,0.4,-48.2,-28.2,-20.5,-30.5,8.0,17.8,20.0,0.6,0.7,0.4,-36.8,-30.9,-22.2,-30.2,8.0,16.5,20.0,0.6,0.7,0.4,332.0,1017.0,1300.5,892.0,10.0,549.0,20.0,0.5,0.7,0.4,330.0,1015.0,1300.0,890.0,10.0,550.0,20.0,0.5,0.7,0.4
1974,2,333.0,11.0,22.55,23.1,23.65,23.1,2.0,1.13,18.0,0.5,0.5,0.6,22.35,23.1,23.17,22.77,3.0,0.67,12.0,0.3,0.4,0.4,12.23,13.08,13.59,12.91,3.0,1.0,12.0,0.3,0.4,0.4,73.0,74.4,77.0,75.0,3.0,3.0,12.0,0.3,0.4,6.68,7.7,8.38,7.53,3.0,1.26,12.0,0.3,0.4,0.4,-5.81,-3.99,-3.89,-4.83,3.0,1.59,12.0,0.3,0.4,0.4,-6.33,-5.59,-5.02,-5.67,3.0,0.96,12.0,0.3,0.4,0.4,1012.5,1014.0,1015.98,1014.23,3.0,2.56,12.0,0.3,0.4,0.4,0.0,0.0,2.0,1.0,3.0,1.7,12.0,0.3,0.4,0.4,-49.0,-29.6,-26.3,-37.4,3.0,18.0,12.0,0.3,0.4,0.4,-50.5,-48.7,-35.5,-43.1,3.0,11.9,12.0,0.3,0.4,0.4,0.38,0.55,0.72,0.55,2.0,0.35,18.0,0.5,0.5,0.6,2.5,4.0,5.5,4.0,2.0,3.0,18.0,0.5,0.5,0.6,4.97,5.16,5.35,5.16,2.0,0.4,18.0,0.5,0.5,0.6,32.1,36.1,40.0,36.1,2.0,8.2,18.0,0.5,0.5,0.6,-133.8,-88.9,-88.1,-110.4,3.0,38.3,12.0,0.3,0.4,0.4,-146.3,-129.7,-112.5,-129.4,3.0,24.8,12.0,0.3,0.4,0.4,-78.9,-50.4,-48.2,-63.2,3.0,25.1,12.0,0.3,0.4,0.4,-84.1,-77.3,-62.9,-73.6,3.0,15.9,12.0,0.3,0.4,0.4,-20.7,-20.2,-19.7,-20.2,2.0,1.1,18.0,0.5,0.5,0.6,-34.2,-29.7,-25.2,-29.7,2.0,9.3,18.0,0.5,0.5,0.6,307.5,456.5,594.5,451.0,3.0,210.0,12.0,0.3,0.4,0.4,310.0,455.0,595.0,450.0,3.0,210.0,12.0,0.3,0.4,0.4
1974,2,333.0,12.0,22.01,22.8,23.0,22.4,8.0,0.87,14.0,0.6,0.4,0.5,21.05,22.0,24.53,22.61,9.0,2.03,14.0,0.7,0.4,0.5,12.54,13.67,14.59,13.26,7.0,1.93,14.0,0.6,0.4,0.6,69.6,72.9,91.2,77.1,8.0,10.8,14.0,0.6,0.5,3.71,7.2,9.87,7.2,9.0,3.18,14.0,0.7,0.4,0.5,-6.96,-5.59,-1.46,-4.64,9.0,2.93,14.0,0.7,0.4,0.5,-7.56,-2.63,-2.33,-4.62,9.0,3.41,14.0,0.7,0.4,0.5,1010.98,1012.2,1015.72,1013.19,7.0,2.74,14.0,0.6,0.4,0.6,0.3,4.0,6.7,3.6,9.0,3.0,14.0,0.7,0.4,0.5,-54.6,-48.7,-10.1,-39.0,9.0,24.2,14.0,0.7,0.4,0.5,-75.0,-20.3,-7.3,-40.9,9.0,45.8,14.0,0.7,0.4,0.5,-1.71,-0.2,1.71,-0.29,8.0,1.97,14.0,0.6,0.4,0.5,-20.5,-0.5,11.5,-4.8,8.0,18.3,14.0,0.6,0.4,0.5,2.91,3.86,4.6,3.69,7.0,1.24,14.0,0.6,0.4,0.6,18.6,19.9,41.3,27.5,7.0,13.6,14.0,0.6,0.4,0.6,-163.0,-123.0,-35.8,-104.7,9.0,66.8,14.0,0.7,0.4,0.5,-189.4,-62.7,-50.0,-108.6,9.0,87.3,14.0,0.7,0.4,0.5,-92.2,-74.8,-55.1,-69.3,7.0,31.6,14.0,0.6,0.4,0.6,-118.4,-34.1,-32.3,-64.2,7.0,53.4,14.0,0.6,0.4,0.6,-33.2,-16.2,-11.7,-19.6,7.0,13.0,14.0,0.6,0.4,0.6,-16.0,-12.0,-7.1,-15.4,7.0,13.2,14.0,0.6,0.4,0.6,94.0,373.0,975.5,564.5,9.0,586.5,14.0,0.7,0.4,0.5,95.0,375.0,975.0,565.0,9.0,585.0,14.0,0.7,0.4,0.5
1974,2,333.0,13.0,22.02,22.3,22.79,22.48,8.0,0.74,12.0,0.6,0.4,0.3,21.1,22.0,22.81,21.94,9.0,1.0,14.0,0.6,0.4,0.3,10.94,13.63,14.7,12.93,7.0,2.08,14.0,0.7,0.5,0.4,67.6,74.5,90.2,78.0,7.0,11.0,14.0,0.7,0.4,7.33,10.0,11.4,8.89,9.0,3.79,14.0,0.6,0.4,0.3,-7.81,-6.43,-4.02,-6.08,9.0,2.88,14.0,0.6,0.4,0.3,-8.98,-6.62,-4.23,-6.32,9.0,2.9,14.0,0.6,0.4,0.3,1012.01,1014.0,1015.09,1013.81,9.0,1.55,14.0,0.6,0.4,0.3,0.0,1.0,6.0,2.7,9.0,3.2,14.0,0.6,0.4,0.3,-87.3,-53.0,-32.8,-63.0,9.0,42.3,14.0,0.6,0.4,0.3,-102.7,-68.2,-33.3,-65.2,9.0,39.8,14.0,0.6,0.4,0.3,-0.28,0.5,1.09,0.36,8.0,0.78,12.0,0.6,0.4,0.3,-0.9,3.9,11.4,5.0,8.0,6.9,12.0,0.6,0.4,0.3,2.28,3.81,5.76,3.77,6.0,1.9,14.0,0.8,0.5,0.4,6.9,31.7,47.1,28.0,6.0,20.8,14.0,0.8,0.5,0.4,-171.2,-138.8,-86.4,-132.0,9.0,61.4,14.0,0.6,0.4,0.3,-196.5,-136.4,-93.1,-137.4,9.0,64.1,14.0,0.6,0.4,0.3,-82.2,-76.1,-48.2,-67.6,7.0,32.7,14.0,0.7,0.5,0.4,-132.8,-67.1,-42.0,-76.0,7.0,48.5,14.0,0.7,0.5,0.4,-36.7,-19.9,-3.6,-20.0,6.0,16.8,14.0,0.8,0.5,0.4,-31.6,-19.4,-5.8,-18.9,6.0,13.4,14.0,0.8,0.5,0.4,395.5,1000.0,1494.5,995.0,9.0,818.5,14.0,0.6,0.4,0.3,395.0,1000.0,1495.0,995.0,9.0,820.0,14.0,0.6,0.4,0.3
1974,2,333.0,14.0,21.1,21.6,23.0,22.12,9.0,1.74,14.0,0.7,0.6,0.3,20.78,21.8,22.58,21.59,9.0,0.93,14.0,0.7,0.6,0.3,11.72,12.21,15.19,13.12,8.0,2.01,16.0,0.6,0.7,0.3,72.6,79.2,96.9,82.7,8.0,11.3,16.0,0.6,0.3,6.97,9.3,12.56,9.12,9.0,3.71,14.0,0.7,0.6,0.3,-8.33,-5.98,-2.89,-5.67,9.0,2.74,14.0,0.7,0.6,0.3,-9.9,-7.12,-4.16,-6.81,9.0,3.38,14.0,0.7,0.6,0.3,1012.63,1014.3,1017.04,1014.94,9.0,3.07,14.0,0.7,0.6,0.3,1.3,5.0,7.0,4.4,9.0,2.9,14.0,0.7,0.6,0.3,-97.0,-55.6,-21.5,-59.3,9.0,40.1,14.0,0.7,0.6,0.3,-130.0,-66.3,-37.9,-71.8,9.0,51.0,14.0,0.7,0.6,0.3,-0.49,0.0,0.86,0.53,9.0,1.88,14.0,0.7,0.6,0.3,-6.4,0.0,1.8,4.3,9.0,19.2,14.0,0.7,0.6,0.3,0.79,3.42,4.52,3.41,8.0,3.02,16.0,0.6,0.7,0.3,3.6,38.0,54.1,34.3,8.0,33.6,16.0,0.6,0.7,0.3,-181.8,-127.3,-65.8,-122.9,9.0,60.0,14.0,0.7,0.6,0.3,-217.5,-151.7,-90.0,-148.2,9.0,74.2,14.0,0.7,0.6,0.3,-110.4,-77.0,-42.3,-73.7,8.0,33.6,16.0,0.6,0.7,0.3,-131.7,-91.8,-46.3,-87.0,8.0,44.7,16.0,0.6,0.7,0.3,-42.4,-24.4,-1.5,-22.8,8.0,22.5,16.0,0.6,0.7,0.3,-45.8,-21.7,-1.7,-24.3,8.0,26.4,16.0,0.6,0.7,0.3,343.0,804.5,2052.0,1063.5,9.0,914.5,14.0,0.7,0.6,0.3,345.0,805.0,2050.0,1065.0,9.0,915.0,14.0,0.7,0.6,0.3
1974,2,333.0,15.0,20.0,21.15,22.2,21.41,12.0,1.4,16.0,0.3,0.7,0.4,20.12,21.1,21.44,20.8,11.0,0.76,14.0,0.4,0.6,0.4,11.5,12.37,13.45,12.32,9.0,1.24,16.0,0.4,0.6,0.4,75.2,79.4,89.3,80.7,9.0,8.2,16.0,0.4,0.4,6.67,8.1,11.55,8.98,12.0,3.07,16.0,0.3,0.7,0.4,-8.81,-5.52,-3.96,-6.12,12.0,2.47,16.0,0.3,0.7,0.4,-8.88,-6.22,-4.25,-6.35,12.0,2.54,16.0,0.3,0.7,0.4,1012.76,1016.0,1017.12,1015.36,11.0,2.12,14.0,0.4,0.6,0.4,0.7,3.0,5.0,3.2,12.0,2.6,16.0,0.3,0.7,0.4,-106.3,-46.1,-22.0,-60.8,12.0,41.5,16.0,0.3,0.7,0.4,-99.6,-53.6,-28.2,-63.3,12.0,42.8,16.0,0.3,0.7,0.4,-0.81,1.1,1.88,0.74,11.0,1.6,14.0,0.4,0.6,0.4,-6.3,7.9,20.4,7.8,11.0,17.3,14.0,0.4,0.6,0.4,2.32,2.76,6.26,3.81,9.0,2.11,16.0,0.4,0.6,0.4,19.5,33.7,51.4,36.0,9.0,23.4,16.0,0.4,0.6,0.4,-175.8,-116.4,-86.4,-130.4,11.0,53.4,14.0,0.4,0.6,0.4,-187.9,-135.3,-96.5,-138.7,11.0,46.9,14.0,0.4,0.6,0.4,-116.2,-77.1,-40.3,-78.4,9.0,35.8,16.0,0.4,0.6,0.4,-100.8,-75.5,-54.8,-80.4,9.0,30.3,16.0,0.4,0.6,0.4,-33.3,-25.5,-9.1,-24.3,9.0,15.4,16.0,0.4,0.6,0.4,-39.4,-21.7,-12.6,-26.0,9.0,18.5,16.0,0.4,0.6,0.4,312.0,531.5,1549.0,961.0,12.0,869.0,16.0,0.3,0.7,0.4,310.0,530.0,1550.0,960.0,12.0,870.0,16.0,0.3,0.7,0.4
1974,2,333.0,16.0,21.0,21.0,21.0,21.0,1.0,0.0,8.0,0.0,1.0,0.2,22.1,22.1,22.1,22.1,1.0,0.0,8.0,0.0,1.0,0.2,13.22,13.22,13.22,13.22,1.0,0.0,8.0,0.0,1.0,0.2,80.0,80.0,80.0,80.0,1.0,0.0,8.0,0.0,0.2,10.0,10.0,10.0,10.0,1.0,0.0,22.0,0.0,0.6,0.0,-6.43,-6.43,-6.43,-6.43,1.0,0.0,22.0,0.0,0.6,0.0,-7.66,-7.66,-7.66,-7.66,1.0,0.0,22.0,0.0,0.6,0.0,1014.61,1015.5,1016.39,1015.5,2.0,1.84,16.0,0.0,0.8,0.1,4.6,6.0,7.4,6.0,2.0,2.8,16.0,0.0,0.8,0.1,-64.3,-64.3,-64.3,-64.3,1.0,0.0,22.0,0.0,0.6,0.0,-76.6,-76.6,-76.6,-76.6,1.0,0.0,22.0,0.0,0.6,0.0,,,,,,,,,,,,,,,,,,,,,,,,,,,,,,,,,,,,,,,,,,,,,,,,,,,,,,,,,,,,,,,,,,,,,,,,,,,,,,,,,,,,,,,,,,,,,,,,,,,,,,,,,,,,,,,,,,,,,,,,
1974,2,333.0,17.0,20.9,21.1,21.37,21.13,3.0,0.35,12.0,0.0,0.6,0.6,19.75,20.5,20.84,20.3,3.0,0.82,12.0,0.0,0.6,0.6,10.19,10.8,11.3,10.75,3.0,0.81,12.0,0.0,0.6,0.6,71.8,72.5,74.2,73.0,3.0,1.8,12.0,0.0,0.6,9.3,9.3,10.67,9.97,3.0,1.15,12.0,0.0,0.6,0.6,-10.37,-8.74,-7.64,-9.0,3.0,2.01,12.0,0.0,0.6,0.6,-5.09,-3.18,-2.35,-3.71,3.0,2.06,12.0,0.0,0.6,0.6,1017.38,1018.2,1019.43,1018.4,3.0,1.51,12.0,0.0,0.6,0.6,1.6,5.0,6.4,4.0,3.0,3.6,12.0,0.0,0.6,0.6,-111.6,-81.3,-71.0,-91.1,3.0,30.9,12.0,0.0,0.6,0.6,-47.3,-29.6,-24.5,-35.8,3.0,17.6,12.0,0.0,0.6,0.6,0.36,0.5,1.32,0.83,3.0,0.76,12.0,0.0,0.6,0.6,3.4,4.7,14.6,8.9,3.0,9.0,12.0,0.0,0.6,0.6,4.38,4.41,5.19,4.78,3.0,0.68,12.0,0.0,0.6,0.6,40.8,41.0,55.9,48.2,3.0,12.7,12.0,0.0,0.6,0.6,-205.6,-183.5,-157.9,-181.8,3.0,35.0,12.0,0.0,0.6,0.6,-104.9,-66.8,-47.2,-75.8,3.0,43.0,12.0,0.0,0.6,0.6,-107.3,-100.8,-84.5,-96.0,3.0,17.2,12.0,0.0,0.6,0.6,-55.7,-36.7,-24.9,-40.2,3.0,22.8,12.0,0.0,0.6,0.6,-54.3,-38.2,-33.6,-43.8,3.0,16.0,12.0,0.0,0.6,0.6,-22.4,-13.9,-11.9,-17.1,3.0,8.2,12.0,0.0,0.6,0.6,804.5,804.5,1240.0,1017.0,3.0,368.5,12.0,0.0,0.6,0.6,805.0,805.0,1240.0,1015.0,3.0,370.0,12.0,0.0,0.6,0.6
1974,2,333.0,18.0,18.86,19.0,19.14,19.0,2.0,0.28,20.0,0.5,0.1,0.3,19.6,20.9,22.2,20.9,2.0,2.69,20.0,0.5,0.1,0.3,10.57,10.83,11.09,10.83,2.0,0.54,20.0,0.5,0.1,0.3,67.3,71.3,75.3,71.3,2.0,8.2,20.0,0.5,0.3,5.92,8.75,11.58,8.75,2.0,5.87,20.0,0.5,0.1,0.3,-11.37,-8.51,-5.65,-8.51,2.0,5.93,20.0,0.5,0.1,0.3,-2.13,-1.91,-1.68,-1.91,2.0,0.47,20.0,0.5,0.1,0.3,1019.5,1019.7,1019.9,1019.7,2.0,0.42,20.0,0.5,0.1,0.3,1.5,2.5,3.5,2.5,2.0,2.1,20.0,0.5,0.1,0.3,-141.0,-91.9,-42.7,-91.9,2.0,101.8,20.0,0.5,0.1,0.3,-25.5,-18.1,-10.7,-18.1,2.0,15.3,20.0,0.5,0.1,0.3,-3.33,-1.9,-0.47,-1.9,2.0,2.97,20.0,0.5,0.1,0.3,-43.3,-25.3,-7.4,-25.3,2.0,37.1,20.0,0.5,0.1,0.3,2.36,2.74,3.12,2.74,2.0,0.79,20.0,0.5,0.1,0.3,17.3,21.7,26.2,21.7,2.0,9.2,20.0,0.5,0.1,0.3,-256.7,-185.9,-115.1,-185.9,2.0,146.7,20.0,0.5,0.1,0.3,-47.7,-40.5,-33.3,-40.5,2.0,15.0,20.0,0.5,0.1,0.3,-126.9,-93.8,-60.6,-93.8,2.0,68.7,20.0,0.5,0.1,0.3,-23.7,-20.8,-17.8,-20.8,2.0,6.1,20.0,0.5,0.1,0.3,-25.6,-21.0,-16.4,-21.0,2.0,9.6,20.0,0.5,0.1,0.3,-5.1,-5.0,-4.9,-5.0,2.0,0.2,20.0,0.5,0.1,0.3,422.5,1122.0,1821.5,1122.0,2.0,1449.0,20.0,0.5,0.1,0.3,425.0,1120.0,1820.0,1120.0,2.0,1450.0,20.0,0.5,0.1,0.3
1974,2,333.0,19.0,20.5,20.5,20.5,20.5,1.0,0.0,20.0,1.0,0.5,0.0,18.4,18.4,18.4,18.4,1.0,0.0,20.0,1.0,0.5,0.0,10.2,10.2,10.2,10.2,1.0,0.0,20.0,1.0,0.5,0.0,78.0,78.0,78.0,78.0,1.0,0.0,20.0,1.0,0.0,6.7,6.7,6.7,6.7,1.0,0.0,20.0,1.0,0.5,0.0,-6.3,-6.3,-6.3,-6.3,1.0,0.0,20.0,1.0,0.5,0.0,-2.29,-2.29,-2.29,-2.29,1.0,0.0,20.0,1.0,0.5,0.0,1017.5,1017.5,1017.5,1017.5,1.0,0.0,20.0,1.0,0.5,0.0,3.0,3.0,3.0,3.0,1.0,0.0,20.0,1.0,0.5,0.0,-42.2,-42.2,-42.2,-42.2,1.0,0.0,20.0,1.0,0.5,0.0,-15.4,-15.4,-15.4,-15.4,1.0,0.0,20.0,1.0,0.5,0.0,2.1,2.1,2.1,2.1,1.0,0.0,20.0,1.0,0.5,0.0,14.1,14.1,14.1,14.1,1.0,0.0,20.0,1.0,0.5,0.0,4.74,4.74,4.74,4.74,1.0,0.0,20.0,1.0,0.5,0.0,31.8,31.8,31.8,31.8,1.0,0.0,20.0,1.0,0.5,0.0,-115.8,-115.8,-115.8,-115.8,1.0,0.0,20.0,1.0,0.5,0.0,-42.2,-42.2,-42.2,-42.2,1.0,0.0,20.0,1.0,0.5,0.0,-64.2,-64.2,-64.2,-64.2,1.0,0.0,20.0,1.0,0.5,0.0,-23.4,-23.4,-23.4,-23.4,1.0,0.0,20.0,1.0,0.5,0.0,-29.9,-29.9,-29.9,-29.9,1.0,0.0,20.0,1.0,0.5,0.0,-10.9,-10.9,-10.9,-10.9,1.0,0.0,20.0,1.0,0.5,0.0,301.0,301.0,301.0,301.0,1.0,0.0,20.0,1.0,0.5,0.0,300.0,300.0,300.0,300.0,1.0,0.0,20.0,1.0,0.5,0.0
1974,2,333.0,20.0,,,,,,,,,,,,,,,,,,,,,,,,,,,,,,,,,,,,,,,,11.95,14.0,14.0,13.0,3.0,1.73,16.0,0.3,0.3,0.0,-10.8,-10.72,-10.72,-10.76,3.0,0.06,16.0,0.3,0.3,0.0,-9.0,-9.0,-4.16,-6.64,3.0,4.09,16.0,0.3,0.3,0.0,1019.6,1019.6,1022.81,1021.17,3.0,2.71,16.0,0.3,0.3,0.0,,,,,,,,,,,,,,,,,,,,,,,,,,,,,,,,,,,,,,,,,,,,,,,,,,,,,,,,,,,,,,,,,,,,,,,,,,,,,,,,,,,,,,,,,,,,,,,,,,,,,,,,,,,,,,,,,,,,,,,,,,,,,,,,,,,,,,,,,,,,,,,,,,,,,,
1974,2,333.0,22.0,20.5,20.5,20.5,20.5,1.0,0.0,10.0,0.0,0.4,0.4,19.5,19.5,19.5,19.5,1.0,0.0,10.0,0.0,0.4,0.4,9.36,9.36,9.36,9.36,1.0,0.0,10.0,0.0,0.4,0.4,66.9,66.9,66.9,66.9,1.0,0.0,10.0,0.0,0.4,7.2,7.2,7.2,7.2,1.0,0.0,10.0,0.0,0.4,0.4,-7.09,-7.09,-7.09,-7.09,1.0,0.0,10.0,0.0,0.4,0.4,-1.25,-1.25,-1.25,-1.25,1.0,0.0,10.0,0.0,0.4,0.4,1017.9,1017.9,1017.9,1017.9,1.0,0.0,10.0,0.0,0.4,0.4,1.0,1.0,1.0,1.0,1.0,0.0,10.0,0.0,0.4,0.4,-51.1,-51.1,-51.1,-51.1,1.0,0.0,10.0,0.0,0.4,0.4,-9.0,-9.0,-9.0,-9.0,1.0,0.0,10.0,0.0,0.4,0.4,1.0,1.0,1.0,1.0,1.0,0.0,10.0,0.0,0.4,0.4,7.2,7.2,7.2,7.2,1.0,0.0,10.0,0.0,0.4,0.4,5.57,5.57,5.57,5.57,1.0,0.0,10.0,0.0,0.4,0.4,40.1,40.1,40.1,40.1,1.0,0.0,10.0,0.0,0.4,0.4,-138.3,-138.3,-138.3,-138.3,1.0,0.0,10.0,0.0,0.4,0.4,-24.4,-24.4,-24.4,-24.4,1.0,0.0,10.0,0.0,0.4,0.4,-66.4,-66.4,-66.4,-66.4,1.0,0.0,10.0,0.0,0.4,0.4,-11.7,-11.7,-11.7,-11.7,1.0,0.0,10.0,0.0,0.4,0.4,-39.5,-39.5,-39.5,-39.5,1.0,0.0,10.0,0.0,0.4,0.4,-7.0,-7.0,-7.0,-7.0,1.0,0.0,10.0,0.0,0.4,0.4,373.0,373.0,373.0,373.0,1.0,0.0,10.0,0.0,0.4,0.4,375.0,375.0,375.0,375.0,1.0,0.0,10.0,0.0,0.4,0.4
1974,2,333.0,23.0,21.16,21.5,21.84,21.5,2.0,0.71,18.0,0.5,0.4,0.2,18.63,20.0,20.68,19.67,3.0,1.53,14.0,0.7,0.3,0.2,15.39,15.39,15.39,15.39,1.0,0.0,12.0,1.0,0.1,0.2,100.0,100.0,100.0,100.0,1.0,0.0,12.0,1.0,0.2,5.02,7.0,8.91,6.97,3.0,2.85,14.0,0.7,0.3,0.2,-5.69,-4.9,-3.7,-4.7,3.0,1.47,14.0,0.7,0.3,0.2,-6.9,-3.5,-2.91,-4.87,3.0,3.16,14.0,0.7,0.3,0.2,1018.63,1018.7,1020.54,1019.57,3.0,1.59,14.0,0.7,0.3,0.2,0.0,0.0,2.0,1.0,3.0,1.7,14.0,0.7,0.3,0.2,-46.2,-42.4,-22.3,-34.4,3.0,18.9,14.0,0.7,0.3,0.2,-64.6,-24.5,-15.2,-39.5,3.0,38.4,14.0,0.7,0.3,0.2,1.0,1.0,1.0,1.0,2.0,0.0,18.0,0.5,0.4,0.2,4.6,5.6,6.5,5.6,2.0,2.1,18.0,0.5,0.4,0.2,0.98,0.98,0.98,0.98,1.0,0.0,12.0,1.0,0.1,0.2,4.0,4.0,4.0,4.0,1.0,0.0,12.0,1.0,0.1,0.2,-110.8,-88.2,-73.0,-91.8,3.0,27.8,14.0,0.7,0.3,0.2,-126.5,-70.0,-60.0,-92.7,3.0,52.5,14.0,0.7,0.3,0.2,-48.3,-48.3,-48.3,-48.3,1.0,0.0,12.0,1.0,0.1,0.2,-40.6,-40.6,-40.6,-40.6,1.0,0.0,12.0,1.0,0.1,0.2,-3.1,-3.1,-3.1,-3.1,1.0,0.0,12.0,1.0,0.1,0.2,-2.6,-2.6,-2.6,-2.6,1.0,0.0,12.0,1.0,0.1,0.2,156.0,343.0,751.5,451.0,3.0,446.0,14.0,0.7,0.3,0.2,155.0,345.0,750.0,450.0,3.0,445.0,14.0,0.7,0.3,0.2
1974,2,333.0,24.0,22.16,22.5,22.84,22.5,2.0,0.71,12.0,0.0,0.5,0.4,19.08,19.25,19.42,19.25,2.0,0.35,12.0,0.0,0.5,0.4,11.04,12.24,13.43,12.24,2.0,2.48,12.0,0.0,0.5,0.4,81.2,88.8,96.4,88.8,2.0,15.8,12.0,0.0,0.4,4.33,5.9,7.47,5.9,2.0,3.25,12.0,0.0,0.5,0.4,-3.82,-3.21,-2.6,-3.21,2.0,1.26,12.0,0.0,0.5,0.4,-6.41,-4.93,-3.45,-4.93,2.0,3.07,12.0,0.0,0.5,0.4,1020.83,1021.55,1022.27,1021.55,2.0,1.48,12.0,0.0,0.5,0.4,2.0,2.0,2.0,2.0,2.0,0.0,12.0,0.0,0.5,0.4,-29.6,-21.0,-12.3,-21.0,2.0,17.9,12.0,0.0,0.5,0.4,-50.6,-34.1,-17.6,-34.1,2.0,34.2,12.0,0.0,0.5,0.4,2.74,3.25,3.76,3.25,2.0,1.06,12.0,0.0,0.5,0.4,12.8,20.9,29.0,20.9,2.0,16.8,12.0,0.0,0.5,0.4,3.07,4.61,6.15,4.61,2.0,3.19,12.0,0.0,0.5,0.4,16.1,32.4,48.7,32.4,2.0,33.8,12.0,0.0,0.5,0.4,-72.7,-61.5,-50.3,-61.5,2.0,23.2,12.0,0.0,0.5,0.4,-122.0,-94.4,-66.7,-94.4,2.0,57.4,12.0,0.0,0.5,0.4,-41.3,-37.7,-34.1,-37.7,2.0,7.5,12.0,0.0,0.5,0.4,-68.7,-56.5,-44.3,-56.5,2.0,25.3,12.0,0.0,0.5,0.4,-24.5,-16.8,-9.1,-16.8,2.0,16.1,12.0,0.0,0.5,0.4,-42.0,-27.6,-13.2,-27.6,2.0,29.9,12.0,0.0,0.5,0.4,127.0,299.0,471.5,299.0,2.0,357.0,12.0,0.0,0.5,0.4,125.0,300.0,470.0,300.0,2.0,355.0,12.0,0.0,0.5,0.4
1974,2,333.0,25.0,19.34,20.5,21.11,20.2,5.0,1.22,12.0,0.4,0.6,0.5,17.63,19.8,20.62,19.3,5.0,1.84,12.0,0.4,0.6,0.5,8.83,9.52,9.95,9.4,4.0,0.73,14.0,0.5,0.6,0.5,64.4,66.6,69.3,66.8,4.0,3.0,14.0,0.5,0.5,4.85,6.7,8.6,6.76,5.0,2.02,12.0,0.4,0.6,0.5,-6.09,-5.27,-3.79,-4.91,5.0,1.51,12.0,0.4,0.6,0.5,-6.59,-4.33,-1.75,-4.17,5.0,2.65,12.0,0.4,0.6,0.5,1017.75,1019.4,1023.98,1020.62,5.0,4.28,12.0,0.4,0.6,0.5,2.0,3.0,4.8,3.6,5.0,2.5,12.0,0.4,0.6,0.5,-47.7,-42.2,-17.8,-34.9,5.0,17.7,12.0,0.4,0.6,0.5,-56.9,-21.7,-11.1,-31.7,5.0,26.2,12.0,0.4,0.6,0.5,0.2,1.2,1.68,0.9,5.0,1.23,12.0,0.4,0.6,0.5,1.4,8.2,10.4,5.6,5.0,7.8,12.0,0.4,0.6,0.5,4.6,5.15,6.0,5.29,4.0,0.86,14.0,0.5,0.6,0.5,30.3,36.7,44.0,37.2,4.0,8.0,14.0,0.5,0.6,0.5,-116.8,-101.6,-73.4,-95.7,5.0,33.2,12.0,0.4,0.6,0.5,-122.8,-77.9,-37.3,-78.0,5.0,46.9,12.0,0.4,0.6,0.5,-57.9,-51.0,-46.0,-51.9,4.0,8.9,14.0,0.5,0.6,0.5,-60.8,-41.6,-14.9,-38.0,4.0,27.1,14.0,0.5,0.6,0.5,-29.5,-29.2,-27.9,-28.7,4.0,1.2,14.0,0.5,0.6,0.5,-33.7,-21.5,-7.8,-20.8,4.0,15.1,14.0,0.5,0.6,0.5,115.0,301.0,644.0,376.0,5.0,300.0,12.0,0.4,0.6,0.5,115.0,300.0,645.0,375.0,5.0,300.0,12.0,0.4,0.6,0.5
1974,2,333.0,26.0,19.48,20.0,21.6,20.17,6.0,1.57,16.0,0.3,0.7,0.5,17.63,18.5,20.78,19.2,5.0,2.31,16.0,0.4,0.7,0.4,10.64,10.9,11.16,10.9,2.0,0.54,20.0,0.5,1.0,0.4,69.1,76.8,84.4,76.8,2.0,15.9,20.0,0.5,0.4,4.0,5.65,9.27,6.43,6.0,2.81,16.0,0.3,0.7,0.5,-4.25,-3.68,-3.21,-3.75,6.0,1.21,16.0,0.3,0.7,0.5,-7.47,-4.85,-0.83,-4.38,6.0,4.01,16.0,0.3,0.7,0.5,1019.89,1023.6,1026.37,1023.17,6.0,3.36,16.0,0.3,0.7,0.5,2.3,4.0,6.0,4.0,5.0,2.1,18.0,0.4,0.8,0.5,-39.5,-20.9,-13.6,-25.5,6.0,16.3,16.0,0.3,0.7,0.5,-69.8,-29.4,-3.4,-36.8,6.0,39.8,16.0,0.3,0.7,0.5,-0.23,1.5,3.37,1.5,5.0,2.15,16.0,0.4,0.7,0.4,-1.0,6.0,32.8,13.8,5.0,18.6,16.0,0.4,0.7,0.4,4.03,4.21,4.39,4.21,2.0,0.38,20.0,0.5,1.0,0.4,21.9,29.5,37.1,29.5,2.0,15.7,20.0,0.5,1.0,0.4,-94.3,-69.5,-52.3,-72.2,5.0,25.2,16.0,0.4,0.7,0.4,-138.9,-67.5,-11.2,-72.6,5.0,74.7,16.0,0.4,0.7,0.4,-42.5,-40.3,-38.1,-40.3,2.0,4.5,20.0,0.5,1.0,0.4,-88.2,-58.8,-29.5,-58.8,2.0,60.8,20.0,0.5,1.0,0.4,-16.7,-15.6,-14.4,-15.6,2.0,2.4,20.0,0.5,1.0,0.4,-33.1,-22.2,-11.3,-22.2,2.0,22.6,20.0,0.5,1.0,0.4,64.0,221.0,804.0,398.5,6.0,430.0,16.0,0.3,0.7,0.5,65.0,220.0,805.0,400.0,6.0,430.0,16.0,0.3,0.7,0.5
1974,2,333.0,27.0,,,,,,,,,,,,,,,,,,,,,,,,,,,,,,,,,,,,,,,,3.75,7.5,11.25,7.5,2.0,7.78,8.0,0.5,0.3,0.5,-10.46,-5.42,-0.37,-5.42,2.0,10.45,8.0,0.5,0.3,0.5,-1.84,-0.96,-0.07,-0.96,2.0,1.84,8.0,0.5,0.3,0.5,1023.51,1025.25,1026.99,1025.25,2.0,3.61,8.0,0.5,0.3,0.5,,,,,,,,,,,,,,,,,,,,,,,,,,,,,,,,,,,,,,,,,,,,,,,,,,,,,,,,,,,,,,,,,,,,,,,,,,,,,,,,,,,,,,,,,,,,,,,,,,,,,,,,,,,,,,,,,,,,,,,,,,,,,,,,,,,,,,,,,,,,,,,,,,,,,,
1974,2,333.0,28.0,19.44,20.0,21.1,20.2,6.0,0.88,20.0,0.3,0.7,0.6,17.99,18.3,20.01,18.73,7.0,0.99,20.0,0.3,0.7,0.7,9.08,9.87,10.87,10.05,6.0,1.11,20.0,0.3,0.7,0.6,67.5,76.3,83.1,75.3,6.0,8.7,20.0,0.3,0.6,4.5,7.2,10.38,7.3,7.0,3.4,20.0,0.3,0.7,0.7,-6.74,-4.6,1.66,-3.44,7.0,4.24,20.0,0.3,0.7,0.7,-7.95,-3.91,0.26,-3.31,7.0,5.4,20.0,0.3,0.7,0.7,1019.88,1023.0,1029.02,1024.2,7.0,4.34,20.0,0.3,0.7,0.7,2.9,6.0,7.0,5.1,7.0,2.5,20.0,0.3,0.7,0.7,-70.2,-21.2,7.2,-32.6,7.0,43.8,20.0,0.3,0.7,0.7,-85.5,-19.9,1.9,-34.2,7.0,52.0,20.0,0.3,0.7,0.7,-0.04,1.3,2.76,1.35,6.0,1.33,20.0,0.3,0.7,0.6,-0.1,11.8,17.8,10.2,6.0,8.9,20.0,0.3,0.7,0.6,2.98,4.82,5.52,4.53,6.0,1.49,20.0,0.3,0.7,0.6,22.6,32.8,38.6,30.1,6.0,13.0,20.0,0.3,0.7,0.6,-121.3,-83.3,30.7,-62.3,7.0,77.6,20.0,0.3,0.7,0.7,-143.2,-78.1,4.7,-60.8,7.0,97.6,20.0,0.3,0.7,0.7,-58.8,-35.8,18.1,-28.7,6.0,46.4,20.0,0.3,0.7,0.6,-82.5,-17.7,12.0,-24.0,6.0,54.8,20.0,0.3,0.7,0.6,-28.8,-19.8,6.9,-14.0,6.0,17.1,20.0,0.3,0.7,0.6,-28.0,-10.2,5.5,-10.2,6.0,24.5,20.0,0.3,0.7,0.6,93.5,373.0,1123.0,606.5,7.0,635.0,20.0,0.3,0.7,0.7,95.0,375.0,1125.0,605.0,7.0,635.0,20.0,0.3,0.7,0.7
1974,2,333.0,29.0,18.82,19.5,20.05,19.5,5.0,0.94,16.0,0.6,0.6,0.5,18.0,18.4,19.62,18.97,6.0,1.53,14.0,0.7,0.7,0.6,7.49,7.64,9.46,8.45,3.0,1.61,12.0,0.7,0.6,0.5,58.1,59.2,74.5,66.1,3.0,13.4,12.0,0.7,0.5,4.59,7.45,9.37,7.12,6.0,2.79,14.0,0.7,0.7,0.6,-9.37,-7.17,-3.15,-6.42,6.0,3.71,14.0,0.7,0.7,0.6,-2.56,-0.67,0.66,-0.59,6.0,2.23,14.0,0.7,0.7,0.6,1025.14,1028.15,1029.59,1027.12,6.0,3.8,14.0,0.7,0.7,0.6,3.8,6.0,7.2,5.7,6.0,2.0,14.0,0.7,0.7,0.6,-88.4,-53.6,-15.5,-54.2,6.0,41.6,14.0,0.7,0.7,0.6,-11.8,-4.4,3.3,-3.5,6.0,11.7,14.0,0.7,0.7,0.6,0.82,1.1,1.43,1.14,5.0,0.54,16.0,0.6,0.6,0.5,4.5,8.5,14.1,9.4,5.0,5.8,16.0,0.6,0.6,0.5,3.86,6.23,6.37,5.14,3.0,2.07,12.0,0.7,0.6,0.5,29.3,49.5,61.7,45.6,3.0,24.0,12.0,0.7,0.6,0.5,-176.7,-130.7,-57.1,-118.6,6.0,68.6,14.0,0.7,0.7,0.6,-48.6,-12.3,11.9,-12.7,6.0,42.8,14.0,0.7,0.7,0.6,-78.4,-69.7,-60.6,-69.5,3.0,13.1,12.0,0.7,0.6,0.5,-20.5,-9.9,-3.2,-11.8,3.0,12.8,12.0,0.7,0.6,0.5,-61.4,-48.7,-28.2,-44.9,3.0,24.6,12.0,0.7,0.6,0.5,-8.0,-6.8,-2.2,-5.1,3.0,4.5,12.0,0.7,0.6,0.5,105.0,415.0,838.5,495.0,6.0,450.0,14.0,0.7,0.7,0.6,105.0,415.0,840.0,495.0,6.0,450.0,14.0,0.7,0.7,0.6
1974,2,333.0,30.0,19.48,20.0,20.0,19.75,4.0,0.5,8.0,0.8,0.6,0.8,18.71,19.75,20.26,19.5,4.0,1.08,8.0,0.8,0.6,0.8,10.98,10.98,10.98,10.98,1.0,0.0,10.0,1.0,0.9,0.9,76.3,76.3,76.3,76.3,1.0,0.0,10.0,1.0,0.9,3.38,7.35,9.01,6.25,4.0,3.78,8.0,0.8,0.6,0.8,-3.91,-0.53,5.34,0.66,4.0,6.36,8.0,0.8,0.6,0.8,-6.18,-2.82,0.09,-3.03,4.0,3.63,8.0,0.8,0.6,0.8,1022.78,1025.9,1028.66,1025.73,4.0,3.69,8.0,0.8,0.6,0.8,3.5,4.5,6.6,5.0,4.0,2.2,8.0,0.8,0.6,0.8,-31.4,-5.7,45.8,6.6,4.0,57.2,8.0,0.8,0.6,0.8,-46.5,-16.9,0.1,-22.9,4.0,28.3,8.0,0.8,0.6,0.8,-0.79,0.25,1.29,0.25,4.0,1.44,8.0,0.8,0.6,0.8,-0.8,2.2,8.4,3.7,4.0,6.1,8.0,0.8,0.6,0.8,3.45,3.45,3.45,3.45,1.0,0.0,10.0,1.0,0.9,0.9,32.1,32.1,32.1,32.1,1.0,0.0,10.0,1.0,0.9,0.9,-74.7,-8.4,107.1,15.1,4.0,125.6,8.0,0.8,0.6,0.8,-116.4,-50.7,1.9,-57.0,4.0,68.8,8.0,0.8,0.6,0.8,102.1,102.1,102.1,102.1,1.0,0.0,10.0,1.0,0.9,0.9,0.0,0.0,0.0,0.0,1.0,0.0,10.0,1.0,0.9,0.9,32.1,32.1,32.1,32.1,1.0,0.0,10.0,1.0,0.9,0.9,0.0,0.0,0.0,0.0,1.0,0.0,10.0,1.0,0.9,0.9,103.5,437.5,735.0,420.0,4.0,375.0,8.0,0.8,0.6,0.8,105.0,435.0,735.0,420.0,4.0,375.0,8.0,0.8,0.6,0.8
1974,2,333.0,31.0,18.48,19.0,19.67,19.14,7.0,0.96,12.0,0.7,0.5,0.5,19.09,19.8,20.37,19.63,6.0,1.17,10.0,0.7,0.6,0.4,10.01,10.49,12.79,11.38,3.0,2.18,8.0,0.7,0.7,0.1,75.4,85.8,89.4,82.5,3.0,10.7,8.0,0.7,0.1,2.58,6.2,11.01,6.7,7.0,3.76,12.0,0.7,0.5,0.5,-8.82,1.61,5.29,-0.85,7.0,8.02,12.0,0.7,0.5,0.5,-1.39,0.0,0.0,-0.68,7.0,0.89,12.0,0.7,0.5,0.5,1024.16,1026.1,1029.52,1026.69,7.0,2.65,12.0,0.7,0.5,0.5,3.9,6.0,7.0,5.1,7.0,2.3,12.0,0.7,0.5,0.5,-78.2,3.4,29.6,-12.0,7.0,79.2,12.0,0.7,0.5,0.5,-3.8,0.0,0.0,-2.8,7.0,4.8,12.0,0.7,0.5,0.5,-1.86,-1.25,0.8,-0.47,6.0,2.08,10.0,0.7,0.6,0.4,-14.4,-4.4,8.4,-0.3,6.0,20.8,10.0,0.7,0.6,0.4,0.99,4.22,4.59,2.82,3.0,2.9,8.0,0.7,0.7,0.1,1.3,11.0,40.2,20.5,3.0,29.6,8.0,0.7,0.7,0.1,-137.9,37.9,125.1,12.4,6.0,150.8,10.0,0.7,0.6,0.4,-30.4,-12.7,0.0,-16.1,6.0,18.9,10.0,0.7,0.6,0.4,-106.5,-80.8,-10.6,-59.1,3.0,72.7,8.0,0.7,0.7,0.1,-24.1,-12.7,-4.0,-14.0,3.0,14.7,8.0,0.7,0.7,0.1,-35.7,3.0,7.4,-13.8,3.0,34.8,8.0,0.7,0.7,0.1,-3.7,0.0,0.7,-1.5,3.0,3.5,8.0,0.7,0.7,0.1,17.0,238.5,1336.5,546.0,7.0,615.5,12.0,0.7,0.5,0.5,15.0,240.0,1335.0,545.0,7.0,615.0,12.0,0.7,0.5,0.5
1974,2,333.0,32.0,17.59,19.0,19.21,18.79,13.0,1.26,14.0,0.5,0.7,0.4,17.34,18.55,19.19,18.38,14.0,1.0,14.0,0.6,0.7,0.5,7.28,8.61,10.58,8.9,6.0,2.02,14.0,0.3,0.6,0.5,58.4,68.7,83.2,69.5,6.0,13.0,14.0,0.3,0.5,4.01,5.65,10.0,6.64,14.0,3.85,14.0,0.6,0.7,0.5,-6.13,-4.27,-0.16,-3.24,14.0,4.46,14.0,0.6,0.7,0.5,-4.16,0.0,4.84,-0.45,14.0,5.56,14.0,0.6,0.7,0.5,1019.14,1024.7,1031.6,1023.45,15.0,7.58,14.0,0.6,0.7,0.5,2.1,5.0,7.0,5.1,14.0,2.2,14.0,0.6,0.7,0.5,-50.9,-23.2,-0.4,-25.8,14.0,46.3,14.0,0.6,0.7,0.5,-27.6,0.0,47.6,-9.9,14.0,63.7,14.0,0.6,0.7,0.5,-0.15,0.3,1.1,0.54,12.0,1.16,14.0,0.6,0.7,0.4,-2.0,2.0,7.9,4.6,11.0,11.8,14.0,0.6,0.7,0.5,2.9,4.79,6.25,4.59,5.0,1.92,14.0,0.2,0.6,0.4,5.9,15.0,39.3,22.2,4.0,25.5,14.0,0.3,0.5,0.4,-98.1,-75.2,6.7,-50.0,13.0,78.4,14.0,0.7,0.7,0.5,-90.9,0.0,53.1,-13.1,13.0,98.6,14.0,0.7,0.7,0.5,-42.1,-17.2,15.4,-13.4,5.0,38.0,12.0,0.4,0.6,0.5,-47.3,0.0,0.0,-22.3,5.0,37.8,12.0,0.4,0.6,0.5,-19.0,-15.0,-5.9,-12.5,4.0,9.0,14.0,0.3,0.5,0.4,-29.0,0.0,0.0,-13.8,4.0,27.7,14.0,0.3,0.5,0.4,64.5,185.5,1000.0,585.0,14.0,816.5,14.0,0.6,0.7,0.5,65.0,185.0,1000.0,585.0,14.0,815.0,14.0,0.6,0.7,0.5
1974,2,333.0,33.0,18.0,19.0,20.0,19.16,20.0,1.53,14.0,0.6,0.7,0.4,16.17,17.3,20.67,18.11,22.0,2.06,14.0,0.5,0.6,0.4,6.69,8.59,11.45,9.01,12.0,2.11,12.0,0.5,0.6,0.4,58.2,69.5,85.3,70.7,12.0,13.6,12.0,0.5,0.4,4.27,5.1,8.13,5.79,22.0,2.04,14.0,0.5,0.6,0.4,-4.73,-3.14,4.79,-1.42,22.0,4.46,14.0,0.5,0.6,0.4,-3.11,0.53,4.75,0.9,22.0,4.05,14.0,0.5,0.6,0.4,1018.73,1027.95,1032.8,1025.63,22.0,8.8,14.0,0.5,0.6,0.4,2.0,8.0,8.0,6.0,20.0,2.9,14.0,0.6,0.6,0.4,-24.7,-12.9,23.7,-5.7,22.0,32.1,14.0,0.5,0.6,0.4,-24.4,1.1,27.8,6.3,22.0,33.1,14.0,0.5,0.6,0.4,-0.7,1.45,2.49,0.88,20.0,2.14,14.0,0.6,0.7,0.4,-4.3,5.1,12.7,3.9,20.0,12.9,14.0,0.6,0.7,0.4,3.5,5.34,6.65,5.06,12.0,1.75,12.0,0.5,0.6,0.4,11.8,24.2,31.8,23.7,12.0,9.7,12.0,0.5,0.6,0.4,-83.4,-55.1,88.5,-20.6,22.0,86.7,14.0,0.5,0.6,0.4,-59.5,9.7,76.5,14.9,22.0,72.7,14.0,0.5,0.6,0.4,-39.8,-18.0,45.3,-9.6,12.0,39.1,12.0,0.5,0.6,0.4,-8.4,7.8,32.2,11.6,12.0,21.5,12.0,0.5,0.6,0.4,-23.1,-14.6,10.5,-9.2,12.0,19.3,12.0,0.5,0.6,0.4,-4.0,5.9,25.0,7.9,12.0,13.1,12.0,0.5,0.6,0.4,78.5,132.5,538.5,268.5,22.0,295.5,14.0,0.5,0.6,0.4,80.0,135.0,540.0,270.0,22.0,295.0,14.0,0.5,0.6,0.4
1974,2,333.0,34.0,17.09,17.9,18.83,18.02,10.0,1.34,12.0,0.4,0.5,0.5,17.0,17.9,19.13,17.86,12.0,1.18,12.0,0.4,0.5,0.5,8.33,9.75,10.61,9.6,6.0,1.18,12.0,0.2,0.5,0.6,68.4,77.2,85.4,76.9,6.0,8.7,12.0,0.2,0.6,3.81,6.4,10.54,6.95,10.0,3.54,12.0,0.4,0.5,0.5,-0.72,2.59,7.12,2.81,10.0,5.63,12.0,0.4,0.5,0.5,-3.43,1.99,6.03,1.15,10.0,4.92,12.0,0.4,0.5,0.5,1019.0,1024.75,1030.43,1024.21,12.0,6.03,12.0,0.4,0.5,0.5,2.7,6.0,7.3,5.1,12.0,2.3,12.0,0.4,0.5,0.5,-3.5,14.8,75.6,29.6,10.0,64.2,12.0,0.4,0.5,0.5,-25.8,6.3,41.7,9.8,10.0,44.3,12.0,0.4,0.5,0.5,-1.6,0.05,1.23,-0.17,10.0,1.52,12.0,0.4,0.5,0.5,-15.4,0.4,7.5,-2.6,9.0,16.4,12.0,0.3,0.5,0.5,2.32,3.64,3.87,3.12,5.0,1.23,14.0,0.2,0.5,0.5,12.6,18.9,32.2,22.0,5.0,12.1,14.0,0.2,0.5,0.5,-13.4,44.3,133.3,49.0,10.0,104.2,12.0,0.4,0.5,0.5,-65.4,36.0,102.9,22.3,10.0,85.9,12.0,0.4,0.5,0.5,-45.6,21.1,64.0,14.1,5.0,79.9,14.0,0.2,0.5,0.5,3.7,30.9,47.2,25.8,5.0,32.5,14.0,0.2,0.5,0.5,-9.2,9.5,20.3,7.7,5.0,19.9,14.0,0.2,0.5,0.5,-0.7,9.6,20.0,9.7,5.0,12.7,14.0,0.2,0.5,0.5,56.0,294.5,1300.0,592.0,10.0,773.5,12.0,0.4,0.5,0.5,55.0,295.0,1300.0,590.0,10.0,775.0,12.0,0.4,0.5,0.5
1974,2,333.0,35.0,15.54,17.0,17.8,16.93,17.0,1.45,12.0,0.4,0.6,0.6,15.51,17.0,18.19,16.92,20.0,1.2,14.0,0.4,0.6,0.6,7.63,9.84,10.43,9.46,14.0,1.35,14.0,0.5,0.6,0.6,69.1,84.7,88.0,80.9,15.0,10.2,14.0,0.5,0.7,2.6,4.85,7.79,5.43,18.0,3.31,14.0,0.4,0.6,0.6,-4.28,-0.65,4.33,-0.82,18.0,4.74,14.0,0.4,0.6,0.6,-2.83,0.13,3.68,0.22,18.0,4.35,14.0,0.4,0.6,0.6,1019.8,1026.8,1031.02,1025.07,19.0,6.12,14.0,0.4,0.6,0.6,2.6,6.0,8.0,5.5,17.0,2.5,14.0,0.5,0.6,0.6,-32.3,-1.7,23.3,-10.8,18.0,49.7,14.0,0.4,0.6,0.6,-17.8,0.2,19.0,5.3,18.0,44.8,14.0,0.4,0.6,0.6,-1.34,-0.3,0.99,-0.03,17.0,1.74,12.0,0.4,0.6,0.6,-8.6,-1.0,2.4,-0.8,16.0,12.1,12.0,0.4,0.6,0.6,0.61,2.27,3.4,2.25,13.0,1.66,14.0,0.5,0.6,0.7,2.7,10.9,29.0,14.6,12.0,14.0,14.0,0.6,0.6,0.6,-71.4,-11.0,70.8,-13.0,18.0,83.5,14.0,0.4,0.6,0.6,-50.8,2.3,61.8,6.2,18.0,73.0,14.0,0.4,0.6,0.6,-40.6,0.0,33.2,-8.3,13.0,48.7,14.0,0.5,0.6,0.6,-29.3,0.0,33.7,1.5,13.0,42.8,14.0,0.5,0.6,0.6,-18.0,0.3,10.0,-1.6,12.0,13.7,14.0,0.6,0.6,0.6,-11.5,-0.4,4.3,-3.6,12.0,15.0,14.0,0.6,0.6,0.6,17.5,115.0,473.5,378.5,18.0,841.5,14.0,0.4,0.6,0.6,20.0,115.0,475.0,380.0,18.0,840.0,14.0,0.4,0.6,0.6
1974,2,333.0,36.0,15.2,16.5,18.17,16.58,29.0,1.38,14.0,0.5,0.6,0.5,15.3,16.85,18.0,16.54,28.0,1.47,12.0,0.4,0.6,0.5,7.31,9.55,10.49,9.14,22.0,1.45,14.0,0.4,0.6,0.5,65.4,82.8,87.4,78.4,23.0,10.0,12.0,0.4,0.6,2.78,4.6,11.86,6.63,29.0,4.32,14.0,0.5,0.6,0.4,-3.2,1.99,9.57,2.51,29.0,6.27,14.0,0.5,0.6,0.4,-1.6,1.06,5.1,1.44,29.0,4.02,14.0,0.5,0.6,0.4,1015.19,1020.2,1031.67,1022.05,29.0,8.42,14.0,0.4,0.6,0.5,3.3,7.0,8.0,6.1,28.0,2.4,14.0,0.5,0.6,0.5,-11.5,6.2,104.7,30.4,29.0,76.7,14.0,0.5,0.6,0.4,-4.8,3.3,50.4,14.4,29.0,40.4,14.0,0.5,0.6,0.4,-1.52,-0.2,1.14,-0.16,27.0,1.98,12.0,0.4,0.6,0.5,-8.2,-1.7,6.4,-4.4,26.0,14.6,14.0,0.5,0.6,0.5,1.5,2.4,4.15,2.46,21.0,1.78,14.0,0.4,0.6,0.6,4.5,8.6,24.7,11.5,20.0,14.8,14.0,0.5,0.6,0.5,-53.0,36.4,172.1,46.8,27.0,109.8,12.0,0.4,0.6,0.5,-33.4,19.4,99.2,25.6,27.0,68.6,12.0,0.4,0.6,0.5,-18.2,15.9,93.0,28.3,21.0,64.4,14.0,0.4,0.6,0.5,-4.6,13.0,51.9,20.9,21.0,37.4,14.0,0.4,0.6,0.5,-10.7,3.8,17.6,2.6,20.0,16.4,14.0,0.5,0.6,0.5,-1.2,3.7,12.2,3.1,20.0,8.4,14.0,0.5,0.6,0.5,22.0,97.5,1675.5,690.0,29.0,980.5,14.0,0.5,0.6,0.4,20.0,95.0,1675.0,690.0,29.0,980.0,14.0,0.5,0.6,0.4
1974,2,333.0,37.0,15.0,16.6,18.0,16.59,32.0,1.38,14.0,0.7,0.6,0.5,14.76,16.35,17.72,16.26,36.0,1.45,14.0,0.7,0.6,0.5,6.9,9.78,10.56,9.14,23.0,1.82,14.0,0.8,0.6,0.5,63.8,82.5,91.5,79.7,23.0,12.3,14.0,0.8,0.5,3.0,5.1,7.65,5.74,36.0,2.99,14.0,0.7,0.6,0.5,-3.42,1.45,6.65,1.83,36.0,4.96,14.0,0.7,0.6,0.5,-3.2,1.16,4.3,0.79,36.0,3.77,14.0,0.7,0.6,0.5,1018.64,1027.9,1034.73,1027.11,36.0,7.16,14.0,0.7,0.6,0.5,2.0,6.0,8.0,5.0,32.0,2.7,14.0,0.7,0.6,0.5,-12.9,5.2,49.3,19.9,36.0,47.5,14.0,0.7,0.6,0.5,-16.8,3.3,40.3,9.5,36.0,31.2,14.0,0.7,0.6,0.5,-1.5,-0.1,2.06,0.28,32.0,1.87,14.0,0.7,0.6,0.5,-6.5,-0.4,8.6,-0.3,32.0,11.1,14.0,0.7,0.6,0.5,0.79,1.54,3.98,2.13,23.0,1.71,14.0,0.8,0.6,0.5,3.1,8.7,22.8,11.5,23.0,10.0,14.0,0.8,0.6,0.5,-49.8,26.0,113.0,33.9,36.0,83.8,14.0,0.7,0.6,0.5,-51.4,20.3,77.2,15.9,36.0,62.4,14.0,0.7,0.6,0.5,-19.8,13.8,82.4,22.5,23.0,48.3,14.0,0.8,0.6,0.5,-30.0,6.8,45.6,8.6,23.0,37.1,14.0,0.8,0.6,0.5,-12.2,2.4,9.9,0.0,23.0,11.6,14.0,0.8,0.6,0.5,-8.1,0.0,5.1,-2.8,23.0,9.8,14.0,0.8,0.6,0.5,27.0,132.5,452.5,364.5,36.0,569.5,14.0,0.7,0.6,0.5,25.0,135.0,455.0,365.0,36.0,570.0,14.0,0.7,0.6,0.5
1974,2,333.0,38.0,14.4,15.0,16.1,15.17,32.0,1.16,8.0,0.7,0.6,0.6,13.32,15.3,16.5,15.15,35.0,1.6,8.0,0.7,0.6,0.5,5.53,8.09,10.16,8.09,24.0,1.91,8.0,0.7,0.6,0.5,63.4,76.4,88.8,76.3,24.0,12.1,8.0,0.7,0.5,3.5,6.7,11.6,7.3,35.0,4.07,10.0,0.7,0.6,0.6,-0.48,2.44,6.53,2.8,35.0,4.48,10.0,0.7,0.6,0.6,-6.0,1.53,6.52,0.73,35.0,6.53,10.0,0.7,0.6,0.6,1018.18,1025.5,1033.73,1025.34,35.0,7.86,10.0,0.7,0.6,0.6,0.0,4.5,7.0,3.9,34.0,3.1,10.0,0.7,0.6,0.5,-2.2,15.4,62.8,28.8,35.0,58.2,10.0,0.7,0.6,0.6,-40.5,3.1,52.1,11.8,35.0,78.2,10.0,0.7,0.6,0.6,-1.6,-0.25,1.63,-0.02,32.0,1.78,8.0,0.7,0.6,0.6,-11.7,-1.9,15.1,-0.2,31.0,14.9,8.0,0.7,0.6,0.6,0.3,2.29,4.59,2.53,23.0,1.97,8.0,0.7,0.6,0.6,2.0,14.0,39.2,18.8,22.0,17.7,8.0,0.8,0.7,0.6,-9.4,38.6,106.1,45.7,34.0,70.8,8.0,0.7,0.6,0.5,-82.5,24.3,107.4,19.4,34.0,98.8,8.0,0.7,0.6,0.5,-8.3,21.3,57.2,23.1,23.0,42.5,8.0,0.7,0.6,0.5,-48.1,34.8,59.7,14.5,23.0,58.0,8.0,0.7,0.6,0.5,-2.4,5.4,11.8,3.5,22.0,10.4,8.0,0.8,0.7,0.6,-33.1,0.2,13.4,-5.0,22.0,23.2,8.0,0.8,0.7,0.6,45.5,301.0,1564.0,787.0,35.0,1290.5,10.0,0.7,0.6,0.6,45.0,300.0,1565.0,785.0,35.0,1290.0,10.0,0.7,0.6,0.6
1974,2,333.0,39.0,13.0,14.0,15.0,14.12,17.0,0.92,14.0,0.6,0.7,0.5,13.52,14.8,16.05,14.81,17.0,1.56,14.0,0.6,0.7,0.5,6.6,7.9,9.32,7.77,16.0,1.44,14.0,0.6,0.6,0.5,64.7,74.0,86.8,74.6,16.0,11.1,14.0,0.6,0.5,4.1,5.7,9.76,7.05,17.0,3.74,14.0,0.6,0.7,0.5,-1.7,3.35,8.37,3.41,17.0,4.84,14.0,0.6,0.7,0.5,-4.01,1.25,5.26,0.81,17.0,5.51,14.0,0.6,0.7,0.5,1012.41,1025.8,1032.89,1023.54,17.0,8.7,14.0,0.6,0.7,0.5,2.0,5.0,8.0,5.0,16.0,2.8,14.0,0.6,0.7,0.4,-6.7,22.4,94.1,38.0,17.0,51.9,14.0,0.6,0.7,0.5,-18.4,5.2,31.1,14.8,17.0,65.3,14.0,0.6,0.7,0.5,-1.98,-0.7,0.5,-0.69,17.0,1.85,14.0,0.6,0.7,0.5,-14.1,-3.2,2.1,-5.8,17.0,14.0,14.0,0.6,0.7,0.5,0.5,2.16,3.57,2.15,16.0,1.56,14.0,0.6,0.6,0.5,3.7,8.8,32.3,14.9,16.0,12.8,14.0,0.6,0.6,0.5,-26.0,51.3,132.0,53.3,17.0,74.7,14.0,0.6,0.7,0.5,-53.7,22.9,84.8,14.9,17.0,83.4,14.0,0.6,0.7,0.5,-13.5,32.4,69.5,28.9,16.0,40.4,14.0,0.6,0.6,0.5,-29.0,-0.6,50.5,7.3,16.0,45.5,14.0,0.6,0.6,0.5,-3.9,3.2,18.1,7.3,16.0,12.2,14.0,0.6,0.6,0.5,-9.8,-1.0,4.1,-1.8,16.0,13.8,14.0,0.6,0.6,0.5,69.0,185.0,937.0,674.5,17.0,1053.5,14.0,0.6,0.7,0.5,70.0,185.0,935.0,675.0,17.0,1055.0,14.0,0.6,0.7,0.5
1974,2,333.0,40.0,13.53,14.2,15.56,14.49,14.0,1.11,14.0,0.6,0.6,0.3,13.21,14.65,15.78,14.49,14.0,1.21,14.0,0.6,0.6,0.3,6.98,8.15,9.81,8.23,13.0,1.42,14.0,0.5,0.6,0.3,69.0,83.8,90.4,81.6,13.0,10.0,14.0,0.5,0.3,5.71,8.75,13.9,9.87,16.0,5.1,14.0,0.5,0.6,0.3,-1.16,5.3,11.87,5.59,16.0,7.52,14.0,0.5,0.6,0.3,-5.32,1.77,6.85,1.33,16.0,6.18,14.0,0.5,0.6,0.3,1015.69,1024.8,1028.86,1022.99,15.0,8.25,14.0,0.5,0.6,0.3,2.2,5.0,8.0,5.4,15.0,2.7,14.0,0.5,0.6,0.3,-3.9,36.2,181.5,80.7,16.0,124.6,14.0,0.5,0.6,0.3,-48.8,12.3,79.7,20.5,16.0,80.3,14.0,0.5,0.6,0.3,-1.03,-0.2,0.5,-0.24,13.0,0.94,14.0,0.6,0.6,0.4,-7.3,-1.9,3.5,-1.6,13.0,8.8,14.0,0.6,0.6,0.4,0.3,1.65,2.65,1.59,12.0,1.16,14.0,0.6,0.6,0.3,1.9,10.6,27.9,16.1,12.0,15.6,14.0,0.6,0.6,0.3,-19.8,67.4,178.1,60.6,14.0,93.0,14.0,0.6,0.6,0.3,-95.8,27.4,100.8,11.3,14.0,79.7,14.0,0.6,0.6,0.3,-12.1,47.3,88.3,38.8,13.0,52.3,14.0,0.5,0.6,0.3,-49.7,17.7,50.9,9.0,13.0,46.5,14.0,0.5,0.6,0.3,-4.7,3.2,25.2,7.5,12.0,18.5,14.0,0.6,0.6,0.3,-7.7,0.8,5.8,0.6,12.0,11.0,14.0,0.6,0.6,0.3,196.5,678.0,2685.5,1737.5,16.0,2401.5,14.0,0.5,0.6,0.3,195.0,680.0,2685.0,1735.0,16.0,2400.0,14.0,0.5,0.6,0.3
1974,2,333.0,41.0,13.0,14.0,14.56,13.88,29.0,0.98,12.0,0.6,0.5,0.4,11.98,13.5,14.72,13.42,31.0,1.39,12.0,0.5,0.5,0.4,5.99,7.7,9.22,7.56,18.0,1.58,10.0,0.6,0.6,0.3,69.5,79.5,93.0,79.7,18.0,12.4,10.0,0.6,0.3,6.0,9.3,14.4,9.54,30.0,3.79,12.0,0.5,0.5,0.4,1.34,5.52,9.27,5.37,30.0,5.09,12.0,0.5,0.5,0.4,-4.48,4.49,8.53,2.88,30.0,6.65,12.0,0.5,0.5,0.4,1009.58,1022.0,1028.7,1020.02,31.0,8.73,12.0,0.5,0.5,0.4,4.6,7.0,8.0,6.1,30.0,2.0,12.0,0.6,0.5,0.4,4.8,45.7,124.4,62.4,30.0,65.4,12.0,0.5,0.5,0.4,-30.5,29.7,90.4,33.0,30.0,91.1,12.0,0.5,0.5,0.4,-1.31,0.2,2.76,0.5,29.0,1.84,12.0,0.6,0.5,0.4,-10.8,2.2,20.4,5.4,28.0,20.1,12.0,0.6,0.5,0.4,0.43,1.96,4.78,2.32,16.0,1.76,12.0,0.7,0.6,0.3,4.4,19.4,39.7,24.9,16.0,22.2,12.0,0.7,0.6,0.3,17.3,79.4,121.9,73.1,30.0,67.4,12.0,0.5,0.5,0.4,-59.0,61.1,120.9,40.6,30.0,86.4,12.0,0.5,0.5,0.4,-1.8,50.0,79.4,40.4,18.0,46.6,10.0,0.6,0.6,0.3,-27.1,22.7,75.1,25.2,18.0,54.2,10.0,0.6,0.6,0.3,-2.0,4.1,34.2,12.0,16.0,21.3,12.0,0.7,0.6,0.3,-27.9,0.0,9.5,-5.2,16.0,22.7,12.0,0.7,0.6,0.3,217.0,804.5,2986.0,1286.0,30.0,1422.0,12.0,0.5,0.5,0.4,215.0,805.0,2985.0,1285.0,30.0,1420.0,12.0,0.5,0.5,0.4
1974,2,333.0,42.0,11.77,13.0,14.0,13.19,15.0,1.63,16.0,0.6,0.6,0.5,11.14,12.5,14.43,12.66,16.0,1.56,16.0,0.6,0.6,0.5,5.63,7.7,8.66,7.41,11.0,1.52,16.0,0.5,0.7,0.5,69.3,85.7,88.2,79.8,11.0,10.5,16.0,0.5,0.5,5.01,9.8,13.74,8.99,14.0,3.95,18.0,0.6,0.6,0.5,-5.28,1.73,9.78,2.68,14.0,7.23,18.0,0.6,0.6,0.5,-3.47,1.23,9.86,1.92,14.0,6.22,18.0,0.6,0.6,0.5,1014.3,1024.3,1033.65,1022.61,15.0,10.54,18.0,0.6,0.6,0.6,3.4,7.0,8.0,6.1,16.0,2.1,16.0,0.6,0.6,0.5,-38.4,11.5,109.9,38.9,14.0,87.5,18.0,0.6,0.6,0.5,-35.6,7.9,101.9,19.6,14.0,73.0,18.0,0.6,0.6,0.5,-1.7,0.5,2.43,0.61,15.0,2.28,16.0,0.6,0.6,0.5,-18.7,0.3,23.6,4.1,13.0,28.4,16.0,0.5,0.6,0.5,0.35,1.57,2.96,1.9,10.0,1.97,16.0,0.5,0.7,0.5,1.6,11.7,17.8,18.1,9.0,28.4,16.0,0.4,0.7,0.5,-66.0,22.4,108.6,33.0,14.0,92.9,18.0,0.6,0.6,0.5,-38.4,16.0,126.9,31.8,14.0,82.6,18.0,0.6,0.6,0.5,-30.4,11.5,55.9,13.6,10.0,50.8,18.0,0.5,0.7,0.5,-20.4,17.8,78.8,27.0,10.0,50.2,18.0,0.5,0.7,0.5,-2.4,3.1,5.3,8.5,9.0,23.3,16.0,0.4,0.7,0.5,-14.1,0.0,13.4,-4.0,9.0,23.1,16.0,0.4,0.7,0.5,125.5,948.5,2607.0,1117.0,14.0,1141.0,18.0,0.6,0.6,0.5,125.0,950.0,2605.0,1115.0,14.0,1140.0,18.0,0.6,0.6,0.5
1974,2,333.0,43.0,11.72,12.5,13.55,12.5,13.0,1.0,18.0,0.5,0.5,0.5,10.72,12.05,13.87,12.21,14.0,1.62,16.0,0.5,0.5,0.5,5.28,6.55,7.76,6.56,9.0,1.45,16.0,0.6,0.4,0.5,63.4,80.2,89.3,77.4,9.0,12.9,16.0,0.6,0.5,4.63,9.3,12.3,9.48,14.0,4.57,16.0,0.5,0.5,0.5,-2.44,1.99,10.33,3.85,14.0,6.03,16.0,0.5,0.5,0.5,-4.09,3.47,8.53,2.42,14.0,7.68,16.0,0.5,0.5,0.5,1015.09,1019.15,1027.01,1020.31,14.0,8.16,16.0,0.5,0.5,0.5,2.6,4.0,7.4,4.6,11.0,2.7,16.0,0.6,0.5,0.5,-13.1,9.2,124.2,52.1,14.0,76.0,16.0,0.5,0.5,0.5,-43.0,14.2,89.0,23.7,14.0,110.8,16.0,0.5,0.5,0.5,-1.11,-0.5,1.53,0.17,13.0,1.58,18.0,0.5,0.5,0.5,-9.8,-2.0,10.1,3.2,13.0,19.7,18.0,0.5,0.5,0.5,1.28,2.21,2.94,2.16,8.0,1.43,16.0,0.6,0.4,0.4,7.0,12.4,40.4,18.9,8.0,19.3,16.0,0.6,0.4,0.4,-36.7,24.3,121.7,42.0,14.0,69.5,16.0,0.5,0.5,0.5,-43.9,47.8,105.9,38.6,14.0,93.9,16.0,0.5,0.5,0.5,-7.8,21.4,66.8,27.5,9.0,39.8,16.0,0.6,0.4,0.5,-38.0,-7.8,67.5,6.0,9.0,54.2,16.0,0.6,0.4,0.5,-2.2,0.0,31.8,10.0,8.0,18.4,16.0,0.6,0.4,0.4,-12.6,-3.7,10.5,-4.9,8.0,17.3,16.0,0.6,0.4,0.4,99.0,804.5,1861.0,1421.5,14.0,1686.5,16.0,0.5,0.5,0.5,100.0,805.0,1860.0,1420.0,14.0,1685.0,16.0,0.5,0.5,0.5
1974,2,333.0,44.0,12.12,12.8,14.21,13.04,11.0,1.27,18.0,0.6,0.5,0.5,9.54,12.5,13.56,11.85,14.0,1.98,18.0,0.7,0.5,0.4,5.08,6.89,8.38,6.76,10.0,1.67,16.0,0.7,0.4,0.4,70.4,77.9,90.4,79.1,10.0,12.2,16.0,0.7,0.4,9.8,12.05,18.65,13.51,14.0,5.32,18.0,0.7,0.5,0.4,-3.24,7.78,11.53,6.94,14.0,9.27,18.0,0.7,0.5,0.4,-6.13,2.34,12.57,3.29,14.0,8.69,18.0,0.7,0.5,0.4,1008.0,1019.75,1023.86,1016.19,14.0,10.22,18.0,0.7,0.5,0.4,4.1,7.0,8.0,6.3,14.0,2.0,18.0,0.7,0.5,0.4,-42.9,74.2,135.8,116.8,14.0,210.6,18.0,0.7,0.5,0.4,-60.4,22.2,161.8,44.3,14.0,136.1,18.0,0.7,0.5,0.4,-0.37,1.0,2.99,1.39,11.0,2.28,18.0,0.6,0.5,0.5,-2.7,10.8,62.5,22.9,11.0,33.9,18.0,0.6,0.5,0.5,0.31,2.81,4.45,2.5,9.0,1.96,16.0,0.7,0.5,0.5,3.4,34.6,80.4,41.9,9.0,39.5,16.0,0.7,0.5,0.5,-46.0,85.3,144.4,71.5,14.0,97.0,18.0,0.7,0.5,0.4,-73.4,26.1,164.3,48.6,14.0,111.2,18.0,0.7,0.5,0.4,-22.6,50.4,80.5,43.0,10.0,57.7,16.0,0.7,0.4,0.4,-38.0,9.3,102.3,27.3,10.0,67.4,16.0,0.7,0.4,0.4,-1.9,11.8,75.3,29.1,9.0,41.4,16.0,0.7,0.5,0.5,-21.1,0.0,12.1,0.9,9.0,29.6,16.0,0.7,0.5,0.5,941.0,1752.0,6578.0,3709.0,14.0,4968.0,18.0,0.7,0.5,0.4,940.0,1750.0,6580.0,3710.0,14.0,4970.0,18.0,0.7,0.5,0.4
1974,2,333.0,45.0,11.75,12.8,13.83,12.79,11.0,1.51,12.0,0.6,0.5,0.4,10.19,12.0,13.7,11.83,16.0,2.12,14.0,0.6,0.5,0.4,5.56,6.51,8.64,6.8,13.0,1.38,14.0,0.6,0.5,0.4,62.1,77.6,88.3,76.5,14.0,13.3,12.0,0.6,0.5,3.98,9.0,15.82,10.15,16.0,5.84,14.0,0.6,0.5,0.4,0.0,4.24,9.61,5.23,16.0,6.5,14.0,0.6,0.5,0.4,-6.34,3.49,11.21,2.66,16.0,8.07,14.0,0.6,0.5,0.4,1006.11,1016.7,1025.68,1016.35,15.0,11.5,14.0,0.6,0.5,0.4,3.2,7.0,8.0,5.9,15.0,2.7,14.0,0.7,0.5,0.4,0.0,32.0,118.8,76.2,16.0,129.0,14.0,0.6,0.5,0.4,-52.6,12.6,148.9,37.9,16.0,117.5,14.0,0.6,0.5,0.4,-0.24,0.9,2.2,1.14,11.0,1.42,12.0,0.6,0.5,0.4,-3.2,10.1,24.8,14.5,11.0,25.6,12.0,0.6,0.5,0.4,1.24,3.05,4.38,3.05,9.0,1.62,14.0,0.7,0.5,0.4,7.8,23.4,45.9,29.4,9.0,24.9,14.0,0.7,0.5,0.4,0.0,51.6,109.3,55.5,16.0,66.8,14.0,0.6,0.5,0.4,-52.7,45.2,139.3,40.3,16.0,89.9,14.0,0.6,0.5,0.4,0.0,33.5,60.5,32.3,13.0,34.3,14.0,0.6,0.5,0.4,-15.0,34.4,82.7,35.0,13.0,52.7,14.0,0.6,0.5,0.4,1.3,8.0,35.2,18.1,9.0,27.3,14.0,0.7,0.5,0.4,-12.0,5.6,27.2,7.5,9.0,20.3,14.0,0.7,0.5,0.4,66.0,731.5,4065.5,2096.0,16.0,2897.0,14.0,0.6,0.5,0.4,65.0,730.0,4065.0,2095.0,16.0,2895.0,14.0,0.6,0.5,0.4
1974,2,333.0,46.0,10.54,12.05,13.57,11.89,10.0,1.58,14.0,0.8,0.5,0.4,10.26,11.3,12.61,11.29,10.0,1.3,14.0,0.8,0.5,0.4,5.45,6.53,6.93,6.35,9.0,0.76,12.0,0.9,0.5,0.4,67.9,78.2,85.3,77.3,9.0,10.4,12.0,0.9,0.4,8.13,13.4,18.0,13.49,9.0,5.36,12.0,0.9,0.5,0.4,3.2,10.65,16.85,10.17,9.0,6.16,12.0,0.9,0.5,0.4,-7.58,3.99,9.1,2.25,9.0,8.56,12.0,0.9,0.5,0.4,1012.66,1021.15,1026.14,1017.77,10.0,13.77,14.0,0.8,0.5,0.4,4.5,7.0,7.7,6.0,9.0,2.5,12.0,0.9,0.5,0.4,22.8,148.0,312.3,164.4,9.0,138.9,12.0,0.9,0.5,0.4,-95.2,24.7,113.7,29.9,9.0,145.7,12.0,0.9,0.5,0.4,-0.34,0.95,1.66,0.6,10.0,1.57,14.0,0.8,0.5,0.4,-3.4,6.7,17.9,2.9,9.0,23.8,12.0,0.9,0.5,0.4,1.64,2.16,2.65,2.14,9.0,0.57,12.0,0.9,0.5,0.4,14.9,26.9,36.5,29.7,9.0,17.7,12.0,0.9,0.5,0.4,40.4,116.0,195.2,113.8,9.0,72.8,12.0,0.9,0.5,0.4,-76.6,49.8,98.6,32.9,9.0,96.2,12.0,0.9,0.5,0.4,23.2,61.6,101.9,62.3,9.0,36.4,12.0,0.9,0.5,0.4,-47.4,30.1,58.0,15.3,9.0,54.6,12.0,0.9,0.5,0.4,5.9,20.6,30.3,22.3,9.0,15.9,12.0,0.9,0.5,0.4,-15.0,8.6,22.8,7.1,9.0,20.8,12.0,0.9,0.5,0.4,550.5,2406.0,5832.0,3517.5,9.0,3662.0,12.0,0.9,0.5,0.4,550.0,2405.0,5830.0,3520.0,9.0,3660.0,12.0,0.9,0.5,0.4
1974,2,333.0,47.0,9.95,12.0,12.01,11.17,7.0,1.24,18.0,0.3,0.7,0.5,9.23,10.85,12.71,10.88,8.0,1.66,16.0,0.3,0.7,0.4,5.03,6.11,7.7,6.43,7.0,1.51,16.0,0.1,0.7,0.4,70.6,77.3,90.1,78.8,7.0,9.9,16.0,0.1,0.4,9.3,10.4,16.1,11.43,8.0,4.08,16.0,0.3,0.7,0.4,0.35,5.86,10.46,6.29,8.0,5.9,16.0,0.3,0.7,0.4,-9.34,2.99,9.32,0.92,8.0,9.2,16.0,0.3,0.7,0.4,1007.27,1019.5,1022.97,1015.41,8.0,10.67,16.0,0.3,0.7,0.4,4.8,8.0,8.0,6.3,7.0,2.6,14.0,0.3,0.7,0.4,3.3,60.3,167.5,89.4,8.0,100.3,16.0,0.3,0.7,0.4,-116.2,40.6,103.5,4.4,8.0,119.7,16.0,0.3,0.7,0.4,-0.25,0.5,1.38,0.59,7.0,1.37,18.0,0.3,0.7,0.5,-2.5,6.6,12.1,6.9,7.0,16.0,18.0,0.3,0.7,0.5,0.49,2.25,2.95,1.92,6.0,1.3,18.0,0.2,0.7,0.5,4.9,15.6,45.1,21.6,6.0,19.4,18.0,0.2,0.7,0.5,4.2,58.8,99.1,68.1,8.0,70.0,16.0,0.3,0.7,0.4,-85.0,38.6,116.6,19.6,8.0,98.0,16.0,0.3,0.7,0.4,24.1,44.6,53.4,45.0,7.0,40.4,16.0,0.1,0.7,0.4,-53.5,0.0,70.6,7.0,7.0,57.3,16.0,0.1,0.7,0.4,0.0,10.2,29.0,12.9,6.0,14.6,18.0,0.2,0.7,0.5,-34.5,-6.3,2.3,-12.6,6.0,18.3,18.0,0.2,0.7,0.5,804.5,1130.0,4232.0,2000.0,8.0,1905.5,16.0,0.3,0.7,0.4,805.0,1130.0,4230.0,2000.0,8.0,1905.0,16.0,0.3,0.7,0.4
1974,2,333.0,48.0,9.75,10.65,11.59,10.63,6.0,1.24,14.0,0.5,0.5,0.3,8.25,9.5,11.43,10.39,7.0,2.83,16.0,0.6,0.5,0.3,5.73,6.15,6.38,6.06,5.0,0.37,14.0,0.4,0.4,0.3,78.9,85.0,90.3,84.5,5.0,10.7,14.0,0.4,0.3,7.55,10.0,10.74,10.16,7.0,4.59,16.0,0.6,0.5,0.3,-1.51,7.89,10.74,5.72,7.0,8.39,16.0,0.6,0.5,0.3,-0.36,0.0,6.72,1.76,7.0,5.41,16.0,0.6,0.5,0.3,993.95,1020.9,1029.63,1013.0,7.0,17.77,16.0,0.6,0.5,0.3,6.4,8.0,8.0,7.2,6.0,1.6,16.0,0.7,0.5,0.4,-12.2,75.7,119.2,83.3,7.0,142.7,16.0,0.6,0.5,0.3,-2.8,0.0,69.1,16.8,7.0,48.4,16.0,0.6,0.5,0.3,-0.34,1.7,2.86,1.18,6.0,2.15,14.0,0.5,0.5,0.3,-3.5,13.0,25.3,9.4,6.0,19.2,14.0,0.5,0.5,0.3,1.38,1.44,2.62,1.89,5.0,0.68,14.0,0.4,0.4,0.3,13.3,14.8,24.8,18.3,5.0,6.6,14.0,0.4,0.4,0.3,-23.0,75.2,92.9,50.4,7.0,81.2,16.0,0.6,0.5,0.3,-5.8,0.0,75.2,12.3,7.0,70.3,16.0,0.6,0.5,0.3,27.7,55.7,85.4,57.0,5.0,43.2,14.0,0.4,0.4,0.3,0.0,0.0,30.4,12.7,5.0,17.7,14.0,0.4,0.4,0.3,6.8,14.8,24.8,15.2,5.0,10.7,14.0,0.4,0.4,0.3,0.0,0.0,10.1,4.2,5.0,5.8,14.0,0.4,0.4,0.3,439.5,1000.0,1395.0,1687.5,7.0,2552.5,16.0,0.6,0.5,0.3,440.0,1000.0,1395.0,1690.0,7.0,2550.0,16.0,0.6,0.5,0.3
1974,2,333.0,49.0,10.16,10.5,11.24,10.61,7.0,0.85,16.0,0.6,0.6,0.6,7.17,8.9,10.44,9.6,8.0,3.31,16.0,0.6,0.5,0.6,4.53,4.98,6.6,5.37,7.0,1.56,16.0,0.6,0.6,0.5,61.5,76.8,97.4,77.2,7.0,18.3,16.0,0.6,0.5,8.77,12.6,17.55,12.4,8.0,4.69,16.0,0.6,0.5,0.6,-1.48,9.09,15.97,7.16,8.0,10.03,16.0,0.6,0.5,0.6,-4.41,2.21,6.84,1.49,8.0,6.0,16.0,0.6,0.5,0.6,1001.87,1021.9,1027.0,1016.63,8.0,14.8,16.0,0.6,0.5,0.6,5.1,6.0,7.0,6.0,8.0,1.5,16.0,0.6,0.5,0.6,-4.3,98.6,295.3,109.4,8.0,162.7,16.0,0.6,0.5,0.6,-54.8,11.3,92.1,23.1,8.0,85.9,16.0,0.6,0.5,0.6,0.01,1.5,3.5,0.66,7.0,3.92,16.0,0.6,0.6,0.6,-0.4,14.0,46.6,5.1,7.0,52.6,16.0,0.6,0.6,0.6,1.31,2.7,3.11,2.28,6.0,1.16,16.0,0.5,0.7,0.5,14.9,26.5,35.9,24.7,6.0,12.0,16.0,0.5,0.7,0.5,-11.5,78.0,139.6,49.8,8.0,117.2,16.0,0.6,0.5,0.6,-30.7,17.0,91.4,23.7,8.0,64.4,16.0,0.6,0.5,0.6,20.9,49.1,118.3,58.4,7.0,50.0,16.0,0.6,0.6,0.5,-22.3,0.0,37.6,9.6,7.0,36.5,16.0,0.6,0.6,0.5,1.7,23.6,32.4,18.1,6.0,17.0,16.0,0.5,0.7,0.5,-13.5,1.3,15.3,0.5,6.0,14.0,16.0,0.5,0.7,0.5,674.5,2004.0,5483.0,2622.5,8.0,2462.0,16.0,0.6,0.5,0.6,675.0,2005.0,5485.0,2620.0,8.0,2460.0,16.0,0.6,0.5,0.6
1974,2,333.0,50.0,8.25,10.0,10.75,9.6,5.0,1.33,6.0,0.6,0.5,0.5,4.64,6.3,7.84,6.25,6.0,1.57,8.0,0.5,0.5,0.4,3.07,3.8,4.37,3.74,5.0,0.8,6.0,0.6,0.5,0.5,51.7,62.4,82.7,66.0,5.0,18.8,6.0,0.6,0.5,5.0,11.05,20.72,12.5,6.0,7.85,8.0,0.5,0.5,0.4,2.42,6.73,17.47,7.95,6.0,8.77,8.0,0.5,0.5,0.4,-11.52,-8.17,-1.86,-7.26,6.0,5.74,8.0,0.5,0.5,0.4,999.81,1005.45,1013.39,1008.12,6.0,11.21,8.0,0.5,0.5,0.4,5.8,6.5,8.0,6.7,6.0,1.2,8.0,0.5,0.5,0.4,7.6,73.4,362.0,147.2,6.0,188.6,8.0,0.5,0.5,0.4,-231.1,-99.8,-9.6,-125.6,6.0,133.0,8.0,0.5,0.5,0.4,2.42,4.0,5.22,3.7,5.0,2.1,6.0,0.6,0.5,0.5,13.5,25.8,69.4,39.9,5.0,38.2,6.0,0.6,0.5,0.5,3.05,3.95,4.39,3.71,5.0,0.99,6.0,0.6,0.5,0.5,19.6,29.1,55.2,38.9,5.0,31.9,6.0,0.6,0.5,0.5,7.3,36.5,106.6,48.5,6.0,63.7,8.0,0.5,0.5,0.4,-69.2,-49.5,-13.4,-48.1,6.0,41.6,8.0,0.5,0.5,0.4,5.4,18.7,48.1,24.2,5.0,27.4,6.0,0.6,0.5,0.5,-39.6,-17.1,-4.9,-21.5,5.0,21.2,6.0,0.6,0.5,0.5,2.7,18.6,41.9,23.0,5.0,37.1,6.0,0.6,0.5,0.5,-33.1,-22.3,-5.8,-20.5,5.0,18.6,6.0,0.6,0.5,0.5,125.5,1618.5,8989.0,3985.5,6.0,5101.5,8.0,0.5,0.5,0.4,125.0,1620.0,8990.0,3985.0,6.0,5100.0,8.0,0.5,0.5,0.4
1974,2,333.0,51.0,14.4,14.4,14.4,14.4,1.0,0.0,14.0,1.0,0.4,0.1,10.4,10.4,10.4,10.4,1.0,0.0,14.0,1.0,0.4,0.1,6.65,6.65,6.65,6.65,1.0,0.0,14.0,1.0,0.4,0.1,83.9,83.9,83.9,83.9,1.0,0.0,14.0,1.0,0.1,7.7,7.7,7.7,7.7,1.0,0.0,14.0,1.0,0.4,0.1,0.0,0.0,0.0,0.0,1.0,0.0,14.0,1.0,0.4,0.1,7.7,7.7,7.7,7.7,1.0,0.0,14.0,1.0,0.4,0.1,998.2,998.2,998.2,998.2,1.0,0.0,14.0,1.0,0.4,0.1,8.0,8.0,8.0,8.0,1.0,0.0,14.0,1.0,0.4,0.1,0.0,0.0,0.0,0.0,1.0,0.0,14.0,1.0,0.4,0.1,59.3,59.3,59.3,59.3,1.0,0.0,14.0,1.0,0.4,0.1,4.0,4.0,4.0,4.0,1.0,0.0,14.0,1.0,0.4,0.1,30.8,30.8,30.8,30.8,1.0,0.0,14.0,1.0,0.4,0.1,3.68,3.68,3.68,3.68,1.0,0.0,14.0,1.0,0.4,0.1,28.3,28.3,28.3,28.3,1.0,0.0,14.0,1.0,0.4,0.1,0.0,0.0,0.0,0.0,1.0,0.0,14.0,1.0,0.4,0.1,80.1,80.1,80.1,80.1,1.0,0.0,14.0,1.0,0.4,0.1,0.0,0.0,0.0,0.0,1.0,0.0,14.0,1.0,0.4,0.1,51.2,51.2,51.2,51.2,1.0,0.0,14.0,1.0,0.4,0.1,0.0,0.0,0.0,0.0,1.0,0.0,14.0,1.0,0.4,0.1,28.3,28.3,28.3,28.3,1.0,0.0,14.0,1.0,0.4,0.1,456.5,456.5,456.5,456.5,1.0,0.0,14.0,1.0,0.4,0.1,455.0,455.0,455.0,455.0,1.0,0.0,14.0,1.0,0.4,0.1
1974,2,333.0,52.0,8.16,8.5,9.42,8.68,6.0,0.62,14.0,0.3,0.7,0.6,5.61,6.8,8.82,7.18,6.0,2.39,14.0,0.3,0.7,0.6,4.65,5.12,6.43,5.52,4.0,1.2,16.0,0.3,0.8,0.5,76.8,88.1,93.4,85.7,5.0,8.8,18.0,0.4,0.5,6.66,12.6,17.47,12.68,6.0,6.56,14.0,0.3,0.7,0.6,2.53,6.62,11.67,6.88,6.0,4.36,14.0,0.3,0.7,0.6,-12.58,-4.37,4.25,-3.73,6.0,11.98,14.0,0.3,0.7,0.6,993.85,1007.5,1018.78,1005.74,5.0,15.16,12.0,0.2,0.8,0.6,4.4,7.0,8.0,6.3,4.0,2.4,16.0,0.5,0.7,0.5,36.8,63.3,179.2,100.3,6.0,95.6,14.0,0.3,0.7,0.6,-199.4,-38.4,59.2,-68.1,6.0,232.4,14.0,0.3,0.7,0.6,-0.11,1.55,3.21,1.5,6.0,2.12,14.0,0.3,0.7,0.6,-4.5,16.3,58.9,21.7,6.0,35.4,14.0,0.3,0.7,0.6,0.89,1.9,2.13,1.53,4.0,0.97,16.0,0.3,0.8,0.5,7.8,20.9,34.3,21.0,4.0,16.8,16.0,0.3,0.8,0.5,27.4,43.3,55.5,42.7,6.0,21.0,14.0,0.3,0.7,0.6,-77.6,-26.8,43.5,-10.4,6.0,103.1,14.0,0.3,0.7,0.6,24.0,30.8,49.5,36.5,4.0,19.4,16.0,0.3,0.8,0.5,-82.0,-21.7,62.2,-10.4,4.0,95.5,16.0,0.3,0.8,0.5,6.6,14.0,17.5,12.2,4.0,8.5,16.0,0.3,0.8,0.5,-29.7,-11.0,2.1,-13.7,4.0,18.8,16.0,0.3,0.8,0.5,316.5,2004.0,5795.5,3483.5,6.0,4563.5,14.0,0.3,0.7,0.6,315.0,2005.0,5795.0,3485.0,6.0,4565.0,14.0,0.3,0.7,0.6
1974,2,333.0,53.0,9.04,9.6,10.0,9.53,4.0,0.56,22.0,0.5,0.3,0.4,3.69,5.8,7.62,5.76,5.0,2.19,18.0,0.4,0.4,0.4,4.11,4.64,5.77,4.86,5.0,0.91,18.0,0.4,0.4,0.4,78.9,83.1,88.9,84.0,5.0,6.0,18.0,0.4,0.4,14.97,16.5,22.1,18.12,5.0,4.71,18.0,0.4,0.4,0.4,0.0,14.29,19.49,11.1,5.0,10.85,18.0,0.4,0.4,0.4,0.0,8.25,15.33,8.23,5.0,8.73,18.0,0.4,0.4,0.4,995.52,1007.7,1018.48,1007.32,5.0,12.22,18.0,0.4,0.4,0.4,5.6,7.0,8.0,6.8,5.0,1.3,18.0,0.4,0.4,0.4,0.0,235.8,395.6,223.6,5.0,250.9,18.0,0.4,0.4,0.4,0.0,136.1,251.0,142.4,5.0,173.3,18.0,0.4,0.4,0.4,1.17,4.05,6.36,3.78,4.0,3.03,22.0,0.5,0.3,0.4,21.9,70.7,104.9,63.7,4.0,49.3,22.0,0.5,0.3,0.4,1.37,2.36,3.59,2.47,4.0,1.29,22.0,0.5,0.3,0.4,22.2,41.1,59.3,40.7,4.0,21.9,22.0,0.5,0.3,0.4,0.0,54.3,89.0,51.1,5.0,58.7,18.0,0.4,0.4,0.4,0.0,31.4,120.6,56.5,5.0,65.7,18.0,0.4,0.4,0.4,0.0,61.7,81.1,47.6,5.0,48.6,18.0,0.4,0.4,0.4,0.0,35.7,88.7,45.3,5.0,51.1,18.0,0.4,0.4,0.4,0.0,23.7,55.8,27.7,4.0,32.6,22.0,0.5,0.3,0.4,8.2,22.3,27.4,18.0,4.0,12.9,22.0,0.5,0.3,0.4,3531.0,4492.0,11052.5,6931.0,5.0,5175.0,18.0,0.4,0.4,0.4,3530.0,4490.0,11055.0,6930.0,5.0,5175.0,18.0,0.4,0.4,0.4
1974,2,333.0,54.0,8.57,9.15,9.73,9.15,2.0,1.2,8.0,0.5,0.4,0.5,1.88,3.55,5.22,3.55,2.0,3.46,8.0,0.5,0.4,0.5,4.69,4.69,4.69,4.69,1.0,0.0,12.0,0.0,0.1,0.2,78.8,78.8,78.8,78.8,1.0,0.0,12.0,0.0,0.2,10.05,10.15,10.25,10.15,2.0,0.21,8.0,0.5,0.4,0.5,4.34,6.09,7.84,6.09,2.0,3.63,8.0,0.5,0.4,0.5,-7.35,-2.34,2.67,-2.34,2.0,10.38,8.0,0.5,0.4,0.5,985.41,989.1,992.79,989.1,2.0,7.64,8.0,0.5,0.4,0.5,8.0,8.0,8.0,8.0,1.0,0.0,12.0,0.0,0.1,0.2,44.3,61.4,78.6,61.4,2.0,35.6,8.0,0.5,0.4,0.5,-75.9,-24.8,26.2,-24.8,2.0,105.8,8.0,0.5,0.4,0.5,3.35,5.6,7.85,5.6,2.0,4.67,8.0,0.5,0.4,0.5,34.1,56.3,78.6,56.3,2.0,46.2,8.0,0.5,0.4,0.5,2.29,2.29,2.29,2.29,1.0,0.0,12.0,0.0,0.1,0.2,23.6,23.6,23.6,23.6,1.0,0.0,12.0,0.0,0.1,0.2,11.4,15.3,19.3,15.3,2.0,8.2,8.0,0.5,0.4,0.5,-48.0,-26.3,-4.6,-26.3,2.0,45.0,8.0,0.5,0.4,0.5,16.5,16.5,16.5,16.5,1.0,0.0,12.0,0.0,0.1,0.2,-45.4,-45.4,-45.4,-45.4,1.0,0.0,12.0,0.0,0.1,0.2,8.1,8.1,8.1,8.1,1.0,0.0,12.0,0.0,0.1,0.2,-22.1,-22.1,-22.1,-22.1,1.0,0.0,12.0,0.0,0.1,0.2,1014.5,1046.5,1078.0,1046.5,2.0,65.5,8.0,0.5,0.4,0.5,1015.0,1045.0,1080.0,1045.0,2.0,65.0,8.0,0.5,0.4,0.5
1974,2,333.0,55.0,6.82,7.3,7.78,7.3,2.0,0.99,18.0,1.0,0.4,0.3,9.06,10.25,11.44,10.25,2.0,2.47,18.0,1.0,0.4,0.3,5.79,5.79,5.79,5.79,1.0,0.0,20.0,1.0,0.3,0.5,84.3,84.3,84.3,84.3,1.0,0.0,20.0,1.0,0.5,13.81,14.7,15.59,14.7,2.0,1.84,18.0,1.0,0.4,0.3,6.24,9.81,13.38,9.81,2.0,7.39,18.0,1.0,0.4,0.3,-2.61,3.56,9.73,3.56,2.0,12.77,18.0,1.0,0.4,0.3,1006.11,1008.5,1010.89,1008.5,2.0,4.95,18.0,1.0,0.4,0.3,6.3,7.0,7.7,7.0,2.0,1.4,18.0,1.0,0.4,0.3,89.8,151.0,212.1,151.0,2.0,126.7,18.0,1.0,0.4,0.3,-46.9,40.6,128.1,40.6,2.0,181.2,18.0,1.0,0.4,0.3,-3.67,-2.95,-2.23,-2.95,2.0,1.48,18.0,1.0,0.4,0.3,-57.9,-44.7,-31.6,-44.7,2.0,27.3,18.0,1.0,0.4,0.3,0.25,0.25,0.25,0.25,1.0,0.0,20.0,1.0,0.3,0.5,3.3,3.3,3.3,3.3,1.0,0.0,20.0,1.0,0.3,0.5,61.4,109.7,158.0,109.7,2.0,100.0,18.0,1.0,0.4,0.3,-38.3,20.7,79.6,20.7,2.0,122.1,18.0,1.0,0.4,0.3,26.5,26.5,26.5,26.5,1.0,0.0,20.0,1.0,0.3,0.5,72.9,72.9,72.9,72.9,1.0,0.0,20.0,1.0,0.3,0.5,1.1,1.1,1.1,1.1,1.0,0.0,20.0,1.0,0.3,0.5,3.1,3.1,3.1,3.1,1.0,0.0,20.0,1.0,0.3,0.5,2674.5,3251.0,3828.0,3251.0,2.0,1195.0,18.0,1.0,0.4,0.3,2675.0,3250.0,3830.0,3250.0,2.0,1195.0,18.0,1.0,0.4,0.3
1974,2,333.0,56.0,7.99,8.4,8.81,8.4,2.0,0.85,16.0,0.5,0.6,0.5,7.0,7.0,7.0,7.0,2.0,0.0,16.0,0.5,0.6,0.5,4.67,5.31,5.96,5.31,2.0,1.33,16.0,0.5,0.6,0.5,73.1,84.0,94.9,84.0,2.0,22.6,16.0,0.5,0.5,5.27,5.65,6.03,5.65,2.0,0.78,16.0,0.5,0.6,0.5,2.39,3.79,5.18,3.79,2.0,2.89,16.0,0.5,0.6,0.5,2.54,3.46,4.37,3.46,2.0,1.89,16.0,0.5,0.6,0.5,980.38,989.8,999.22,989.8,2.0,19.52,16.0,0.5,0.6,0.5,3.0,5.0,7.0,5.0,2.0,4.2,16.0,0.5,0.6,0.5,13.2,22.5,31.8,22.5,2.0,19.3,16.0,0.5,0.6,0.5,14.9,18.8,22.6,18.8,2.0,8.0,16.0,0.5,0.6,0.5,0.99,1.4,1.81,1.4,2.0,0.85,16.0,0.5,0.6,0.5,5.4,8.2,11.1,8.2,2.0,5.9,16.0,0.5,0.6,0.5,0.77,1.68,2.59,1.68,2.0,1.88,16.0,0.5,0.6,0.5,4.5,10.2,16.0,10.2,2.0,11.9,16.0,0.5,0.6,0.5,16.7,26.5,36.2,26.5,2.0,20.2,16.0,0.5,0.6,0.5,17.8,24.2,30.6,24.2,2.0,13.2,16.0,0.5,0.6,0.5,13.2,18.2,23.2,18.2,2.0,10.3,16.0,0.5,0.6,0.5,12.6,19.6,26.7,19.6,2.0,14.7,16.0,0.5,0.6,0.5,3.3,9.1,14.8,9.1,2.0,11.9,16.0,0.5,0.6,0.5,2.4,4.0,5.6,4.0,2.0,3.3,16.0,0.5,0.6,0.5,149.5,185.5,221.5,185.5,2.0,74.5,16.0,0.5,0.6,0.5,150.0,185.0,220.0,185.0,2.0,75.0,16.0,0.5,0.6,0.5
1974,2,333.0,57.0,7.19,7.6,7.87,7.53,3.0,0.5,16.0,0.7,0.7,0.2,3.0,3.0,5.05,4.0,3.0,1.73,16.0,0.7,0.7,0.2,3.05,3.27,3.49,3.27,2.0,0.46,12.0,0.5,0.5,0.2,63.1,67.7,72.3,67.7,2.0,9.5,12.0,0.5,0.2,8.97,17.5,19.62,14.37,3.0,8.26,16.0,0.7,0.7,0.2,7.26,17.5,19.62,13.53,3.0,9.68,16.0,0.7,0.7,0.2,0.0,0.0,2.96,1.44,3.0,2.5,16.0,0.7,0.7,0.2,982.23,982.5,1011.37,996.47,3.0,24.54,16.0,0.7,0.7,0.2,6.0,6.0,6.0,6.0,2.0,0.0,12.0,0.5,0.5,0.2,105.7,306.3,386.9,247.7,3.0,212.1,16.0,0.7,0.7,0.2,0.0,0.0,14.8,7.2,3.0,12.5,16.0,0.7,0.7,0.2,2.63,4.0,4.41,3.53,3.0,1.36,16.0,0.7,0.7,0.2,29.0,70.0,86.9,58.3,3.0,43.6,16.0,0.7,0.7,0.2,3.13,3.26,3.39,3.26,2.0,0.27,12.0,0.5,0.5,0.2,60.8,61.8,62.7,61.8,2.0,2.0,12.0,0.5,0.5,0.2,26.9,52.5,58.8,43.1,3.0,24.8,16.0,0.7,0.7,0.2,0.0,0.0,17.7,8.7,3.0,15.0,16.0,0.7,0.7,0.2,55.1,62.8,70.5,62.8,2.0,15.9,12.0,0.5,0.5,0.2,0.0,0.0,0.0,0.0,2.0,0.0,12.0,0.5,0.5,0.2,60.8,61.8,62.7,61.8,2.0,2.0,12.0,0.5,0.5,0.2,0.0,0.0,0.0,0.0,2.0,0.0,12.0,0.5,0.5,0.2,1786.5,5359.5,7668.0,4742.0,3.0,4341.5,16.0,0.7,0.7,0.2,1785.0,5360.0,7670.0,4740.0,3.0,4340.0,16.0,0.7,0.7,0.2
1974,2,333.0,58.0,,,,,,,,,,,,,,,,,,,,,,,,,,,,,,,,,,,,,,,,9.82,15.9,20.75,15.3,3.0,8.02,18.0,0.7,0.6,0.1,-6.43,-5.44,13.03,3.09,3.0,16.05,18.0,0.7,0.6,0.1,1.67,7.87,12.7,7.2,3.0,8.1,18.0,0.7,0.6,0.1,999.65,1011.8,1019.17,1009.47,3.0,14.44,18.0,0.7,0.6,0.1,,,,,,,,,,,,,,,,,,,,,,,,,,,,,,,,,,,,,,,,,,,,,,,,,,,,,,,,,,,,,,,,,,,,,,,,,,,,,,,,,,,,,,,,,,,,,,,,,,,,,,,,,,,,,,,,,,,,,,,,,,,,,,,,,,,,,,,,,,,,,,,,,,,,,,
1974,2,333.0,60.0,6.65,7.0,7.17,6.76,9.0,0.69,18.0,0.8,0.6,0.4,-2.86,1.95,4.92,1.38,16.0,3.53,18.0,0.7,0.6,0.5,3.51,4.0,4.72,4.08,8.0,0.59,18.0,0.9,0.6,0.4,81.7,87.9,89.9,86.7,8.0,6.1,18.0,0.9,0.4,10.88,21.3,24.17,18.66,14.0,7.18,18.0,0.7,0.6,0.5,-10.74,0.0,9.39,-0.26,14.0,8.48,18.0,0.7,0.6,0.5,-11.81,11.4,23.82,8.77,14.0,16.48,18.0,0.7,0.6,0.5,975.2,986.25,1006.93,989.96,16.0,14.58,18.0,0.7,0.6,0.5,6.0,7.0,8.0,7.0,15.0,1.1,18.0,0.7,0.6,0.5,-230.6,0.0,123.3,0.4,14.0,179.9,18.0,0.7,0.6,0.5,-220.7,130.3,575.8,204.2,14.0,396.2,18.0,0.7,0.6,0.5,1.14,4.0,6.89,3.87,9.0,2.87,18.0,0.8,0.6,0.4,23.1,57.2,186.2,82.1,8.0,79.2,18.0,0.8,0.6,0.4,1.73,2.27,2.98,2.31,8.0,0.63,18.0,0.9,0.6,0.4,29.0,44.3,84.9,50.2,7.0,26.8,18.0,0.9,0.5,0.4,0.0,4.5,42.5,16.7,14.0,23.9,18.0,0.7,0.6,0.5,5.3,61.7,96.4,53.8,14.0,43.6,18.0,0.7,0.6,0.5,0.0,19.2,32.6,17.5,7.0,13.6,18.0,0.9,0.5,0.4,86.0,95.2,108.0,87.8,7.0,32.7,18.0,0.9,0.5,0.4,0.0,8.1,29.0,12.5,7.0,12.5,18.0,0.9,0.5,0.4,28.7,44.3,79.8,47.7,7.0,25.9,18.0,0.9,0.5,0.4,1289.5,9695.0,14118.0,9071.5,14.0,7570.5,18.0,0.7,0.6,0.5,1290.0,9695.0,14120.0,9070.0,14.0,7570.0,18.0,0.7,0.6,0.5
1974,2,333.0,61.0,5.69,6.1,6.51,6.1,2.0,0.85,12.0,0.5,0.2,0.4,-0.03,3.6,4.19,2.18,6.0,3.31,20.0,0.8,0.5,0.3,3.47,3.82,4.17,3.82,2.0,0.73,12.0,0.5,0.2,0.4,67.3,72.3,77.4,72.3,2.0,10.5,12.0,0.5,0.4,6.94,10.05,12.86,10.18,6.0,3.2,20.0,0.8,0.5,0.3,-6.98,6.28,10.83,2.59,6.0,10.11,20.0,0.8,0.5,0.3,-4.48,0.26,4.81,0.4,6.0,4.93,20.0,0.8,0.5,0.3,998.75,1000.15,1008.57,1002.55,6.0,5.19,20.0,0.8,0.5,0.3,4.3,8.0,8.0,6.4,5.0,2.3,18.0,0.8,0.4,0.4,-70.9,50.8,120.5,18.8,6.0,128.4,20.0,0.8,0.5,0.3,-38.8,-1.7,54.7,1.4,6.0,53.9,20.0,0.8,0.5,0.3,1.55,1.65,1.75,1.65,2.0,0.21,12.0,0.5,0.2,0.4,11.5,14.7,17.9,14.7,2.0,6.6,12.0,0.5,0.2,0.4,1.91,2.09,2.27,2.09,2.0,0.37,12.0,0.5,0.2,0.4,16.4,17.8,19.1,17.8,2.0,2.8,12.0,0.5,0.2,0.4,-21.7,4.9,40.1,8.7,6.0,33.2,20.0,0.8,0.5,0.3,-11.2,-7.2,16.6,0.1,6.0,17.3,20.0,0.8,0.5,0.3,-7.0,14.6,36.1,14.6,2.0,44.6,12.0,0.5,0.2,0.4,-13.3,-11.2,-9.1,-11.2,2.0,4.3,12.0,0.5,0.2,0.4,-7.1,3.7,14.4,3.7,2.0,22.3,12.0,0.5,0.2,0.4,-9.1,-6.8,-4.5,-6.8,2.0,4.8,12.0,0.5,0.2,0.4,334.5,1032.0,2173.5,1324.0,6.0,1164.5,20.0,0.8,0.5,0.3,335.0,1030.0,2175.0,1325.0,6.0,1165.0,20.0,0.8,0.5,0.3
1974,2,333.0,62.0,,,,,,,,,,,,,,,,,,,,,,,,,,,,,,,,,,,,,,,,12.3,15.65,19.0,15.65,4.0,3.87,18.0,0.3,0.6,0.4,-10.65,2.9,17.19,3.25,4.0,16.06,18.0,0.3,0.6,0.4,-6.15,0.17,8.07,0.92,4.0,8.26,18.0,0.3,0.6,0.4,978.85,988.8,1000.06,989.43,4.0,12.34,18.0,0.3,0.6,0.4,,,,,,,,,,,,,,,,,,,,,,,,,,,,,,,,,,,,,,,,,,,,,,,,,,,,,,,,,,,,,,,,,,,,,,,,,,,,,,,,,,,,,,,,,,,,,,,,,,,,,,,,,,,,,,,,,,,,,,,,,,,,,,,,,,,,,,,,,,,,,,,,,,,,,,
1974,2,333.0,63.0,,,,,,,,,,,,,,,,,,,,,,,,,,,,,,,,,,,,,,,,11.01,14.7,18.39,14.7,2.0,7.64,12.0,1.0,0.4,0.3,-2.68,-1.59,-0.5,-1.59,2.0,2.25,12.0,1.0,0.4,0.3,-4.16,5.68,15.52,5.68,2.0,20.39,12.0,1.0,0.4,0.3,986.58,994.5,1006.04,996.27,3.0,14.33,18.0,1.0,0.5,0.4,,,,,,,,,,,,,,,,,,,,,,,,,,,,,,,,,,,,,,,,,,,,,,,,,,,,,,,,,,,,,,,,,,,,,,,,,,,,,,,,,,,,,,,,,,,,,,,,,,,,,,,,,,,,,,,,,,,,,,,,,,,,,,,,,,,,,,,,,,,,,,,,,,,,,,
1974,2,333.0,64.0,,,,,,,,,,,,,,,,,,,,,,,,,,,,,,,,,,,,,,,,19.0,19.0,19.0,19.0,2.0,0.0,6.0,0.0,0.6,0.5,-18.29,-16.78,-15.26,-16.78,2.0,3.14,6.0,0.0,0.6,0.5,-10.27,-6.11,-1.94,-6.11,2.0,8.64,6.0,0.0,0.6,0.5,996.92,1002.35,1007.78,1002.35,2.0,11.24,6.0,0.0,0.6,0.5,,,,,,,,,,,,,,,,,,,,,,,,,,,,,,,,,,,,,,,,,,,,,,,,,,,,,,,,,,,,,,,,,,,,,,,,,,,,,,,,,,,,,,,,,,,,,,,,,,,,,,,,,,,,,,,,,,,,,,,,,,,,,,,,,,,,,,,,,,,,,,,,,,,,,,
1974,2,333.0,65.0,,,,,,,,,,,,,,,,,,,,,,,,,,,,,,,,,,,,,,,,12.01,19.0,22.6,16.75,13.0,4.81,16.0,0.5,0.7,0.8,-14.55,-11.3,0.57,-7.54,13.0,8.46,16.0,0.5,0.7,0.8,-17.53,-12.21,6.74,-7.46,13.0,11.56,16.0,0.5,0.7,0.8,989.21,1002.8,1008.28,1000.25,14.0,9.44,16.0,0.4,0.7,0.8,,,,,,,,,,,,,,,,,,,,,,,,,,,,,,,,,,,,,,,,,,,,,,,,,,,,,,,,,,,,,,,,,,,,,,,,,,,,,,,,,,,,,,,,,,,,,,,,,,,,,,,,,,,,,,,,,,,,,,,,,,,,,,,,,,,,,,,,,,,,,,,,,,,,,,
1974,2,333.0,66.0,,,,,,,,,,,,,,,,,,,,,,,,,,,,,,,,,,,,,,,,6.7,12.3,15.06,11.16,8.0,4.87,18.0,0.3,0.9,0.0,-14.05,-6.8,-0.24,-6.38,8.0,7.88,18.0,0.3,0.9,0.0,-6.15,-1.49,6.35,-0.3,8.0,7.58,18.0,0.3,0.9,0.0,987.41,1000.7,1014.84,1001.27,9.0,12.04,18.0,0.2,0.8,0.0,,,,,,,,,,,,,,,,,,,,,,,,,,,,,,,,,,,,,,,,,,,,,,,,,,,,,,,,,,,,,,,,,,,,,,,,,,,,,,,,,,,,,,,,,,,,,,,,,,,,,,,,,,,,,,,,,,,,,,,,,,,,,,,,,,,,,,,,,,,,,,,,,,,,,,
1974,2,334.0,-34.0,21.97,23.2,23.61,22.8,3.0,1.25,12.0,0.3,0.6,0.4,20.94,21.9,23.88,22.4,3.0,2.19,12.0,0.3,0.6,0.4,11.62,11.64,14.95,13.25,3.0,2.81,12.0,0.3,0.6,0.4,73.6,78.3,82.5,78.1,3.0,6.5,12.0,0.3,0.4,0.98,3.1,5.56,3.27,3.0,3.35,12.0,0.3,0.6,0.4,-0.37,0.0,3.5,1.53,3.0,3.13,12.0,0.3,0.6,0.4,-2.94,0.0,2.08,-0.42,3.0,3.7,12.0,0.3,0.6,0.4,1013.08,1016.7,1019.16,1016.13,3.0,4.48,12.0,0.3,0.6,0.4,2.3,5.0,6.4,4.3,3.0,3.1,12.0,0.3,0.6,0.4,-1.1,0.0,23.5,10.9,3.0,20.4,12.0,0.3,0.6,0.4,-19.7,0.0,6.5,-6.5,3.0,20.0,12.0,0.3,0.6,0.4,-0.4,0.9,1.17,0.4,3.0,1.23,12.0,0.3,0.6,0.4,-4.6,0.0,2.8,-0.9,3.0,5.4,12.0,0.3,0.6,0.4,2.62,4.11,5.43,4.03,3.0,2.06,12.0,0.3,0.6,0.4,4.1,12.9,16.9,10.5,3.0,9.6,12.0,0.3,0.6,0.4,-8.0,0.0,86.9,38.5,3.0,77.1,12.0,0.3,0.6,0.4,-72.9,0.0,45.6,-13.3,3.0,87.6,12.0,0.3,0.6,0.4,-4.3,0.0,57.8,26.1,3.0,50.8,12.0,0.3,0.6,0.4,-48.5,0.0,24.2,-11.9,3.0,54.2,12.0,0.3,0.6,0.4,-2.2,0.0,6.7,2.2,3.0,6.8,12.0,0.3,0.6,0.4,-5.7,0.0,12.6,3.4,3.0,13.7,12.0,0.3,0.6,0.4,9.5,30.0,215.0,110.0,3.0,165.5,12.0,0.3,0.6,0.4,10.0,30.0,215.0,110.0,3.0,165.0,12.0,0.3,0.6,0.4
1974,2,334.0,-33.0,23.1,23.1,23.1,23.1,1.0,0.0,4.0,1.0,0.3,0.6,23.2,23.2,23.2,23.2,1.0,0.0,4.0,1.0,0.3,0.6,10.78,10.78,10.78,10.78,1.0,0.0,4.0,1.0,0.3,0.6,61.5,61.5,61.5,61.5,1.0,0.0,4.0,1.0,0.6,4.6,4.6,4.6,4.6,1.0,0.0,4.0,1.0,0.3,0.6,-4.32,-4.32,-4.32,-4.32,1.0,0.0,4.0,1.0,0.3,0.6,1.57,1.57,1.57,1.57,1.0,0.0,4.0,1.0,0.3,0.6,1020.0,1020.0,1020.0,1020.0,1.0,0.0,4.0,1.0,0.3,0.6,6.0,6.0,6.0,6.0,1.0,0.0,4.0,1.0,0.3,0.6,-19.9,-19.9,-19.9,-19.9,1.0,0.0,4.0,1.0,0.3,0.6,7.2,7.2,7.2,7.2,1.0,0.0,4.0,1.0,0.3,0.6,-0.1,-0.1,-0.1,-0.1,1.0,0.0,4.0,1.0,0.3,0.6,-0.5,-0.5,-0.5,-0.5,1.0,0.0,4.0,1.0,0.3,0.6,6.71,6.71,6.71,6.71,1.0,0.0,4.0,1.0,0.3,0.6,30.9,30.9,30.9,30.9,1.0,0.0,4.0,1.0,0.3,0.6,-100.3,-100.3,-100.3,-100.3,1.0,0.0,4.0,1.0,0.3,0.6,36.5,36.5,36.5,36.5,1.0,0.0,4.0,1.0,0.3,0.6,-46.6,-46.6,-46.6,-46.6,1.0,0.0,4.0,1.0,0.3,0.6,17.0,17.0,17.0,17.0,1.0,0.0,4.0,1.0,0.3,0.6,-29.0,-29.0,-29.0,-29.0,1.0,0.0,4.0,1.0,0.3,0.6,10.6,10.6,10.6,10.6,1.0,0.0,4.0,1.0,0.3,0.6,97.5,97.5,97.5,97.5,1.0,0.0,4.0,1.0,0.3,0.6,95.0,95.0,95.0,95.0,1.0,0.0,4.0,1.0,0.3,0.6
1974,2,334.0,-31.0,23.0,23.0,23.0,23.0,1.0,0.0,4.0,1.0,0.1,1.0,24.0,24.0,24.0,24.0,1.0,0.0,4.0,1.0,0.1,1.0,11.74,11.74,11.74,11.74,1.0,0.0,4.0,1.0,0.1,1.0,63.7,63.7,63.7,63.7,1.0,0.0,4.0,1.0,1.0,2.6,2.6,2.6,2.6,1.0,0.0,4.0,1.0,0.1,1.0,-2.44,-2.44,-2.44,-2.44,1.0,0.0,4.0,1.0,0.1,1.0,0.89,0.89,0.89,0.89,1.0,0.0,4.0,1.0,0.1,1.0,1018.8,1018.8,1018.8,1018.8,1.0,0.0,4.0,1.0,0.1,1.0,5.0,5.0,5.0,5.0,1.0,0.0,4.0,1.0,0.1,1.0,-6.4,-6.4,-6.4,-6.4,1.0,0.0,4.0,1.0,0.1,1.0,2.3,2.3,2.3,2.3,1.0,0.0,4.0,1.0,0.1,1.0,-1.0,-1.0,-1.0,-1.0,1.0,0.0,4.0,1.0,0.1,1.0,-2.6,-2.6,-2.6,-2.6,1.0,0.0,4.0,1.0,0.1,1.0,5.67,5.67,5.67,5.67,1.0,0.0,4.0,1.0,0.1,1.0,14.8,14.8,14.8,14.8,1.0,0.0,4.0,1.0,0.1,1.0,-58.6,-58.6,-58.6,-58.6,1.0,0.0,4.0,1.0,0.1,1.0,21.3,21.3,21.3,21.3,1.0,0.0,4.0,1.0,0.1,1.0,-28.7,-28.7,-28.7,-28.7,1.0,0.0,4.0,1.0,0.1,1.0,10.4,10.4,10.4,10.4,1.0,0.0,4.0,1.0,0.1,1.0,-13.9,-13.9,-13.9,-13.9,1.0,0.0,4.0,1.0,0.1,1.0,5.0,5.0,5.0,5.0,1.0,0.0,4.0,1.0,0.1,1.0,17.5,17.5,17.5,17.5,1.0,0.0,4.0,1.0,0.1,1.0,20.0,20.0,20.0,20.0,1.0,0.0,4.0,1.0,0.1,1.0
1974,2,334.0,-30.0,,,,,,,,,,,,,,,,,,,,,,,,,,,,,,,,,,,,,,,,5.1,5.1,5.1,5.1,1.0,0.0,20.0,0.0,0.4,0.3,-5.1,-5.1,-5.1,-5.1,1.0,0.0,20.0,0.0,0.4,0.3,0.0,0.0,0.0,0.0,1.0,0.0,20.0,0.0,0.4,0.3,1020.0,1020.0,1020.0,1020.0,1.0,0.0,20.0,0.0,0.4,0.3,,,,,,,,,,,,,,,,,,,,,,,,,,,,,,,,,,,,,,,,,,,,,,,,,,,,,,,,,,,,,,,,,,,,,,,,,,,,,,,,,,,,,,,,,,,,,,,,,,,,,,,,,,,,,,,,,,,,,,,,,,,,,,,,,,,,,,,,,,,,,,,,,,,,,,
1974,2,334.0,-29.0,23.5,23.5,23.5,23.5,1.0,0.0,20.0,0.0,1.0,0.2,22.5,22.5,22.5,22.5,1.0,0.0,20.0,0.0,1.0,0.2,12.78,12.78,12.78,12.78,1.0,0.0,20.0,0.0,1.0,0.2,75.7,75.7,75.7,75.7,1.0,0.0,20.0,0.0,0.2,5.1,5.1,5.1,5.1,1.0,0.0,20.0,0.0,1.0,0.2,-2.55,-2.55,-2.55,-2.55,1.0,0.0,20.0,0.0,1.0,0.2,4.42,4.42,4.42,4.42,1.0,0.0,20.0,0.0,1.0,0.2,1016.6,1016.6,1016.6,1016.6,1.0,0.0,20.0,0.0,1.0,0.2,2.0,2.0,2.0,2.0,1.0,0.0,20.0,0.0,1.0,0.2,-13.0,-13.0,-13.0,-13.0,1.0,0.0,20.0,0.0,1.0,0.2,22.5,22.5,22.5,22.5,1.0,0.0,20.0,0.0,1.0,0.2,1.0,1.0,1.0,1.0,1.0,0.0,20.0,0.0,1.0,0.2,5.1,5.1,5.1,5.1,1.0,0.0,20.0,0.0,1.0,0.2,5.21,5.21,5.21,5.21,1.0,0.0,20.0,0.0,1.0,0.2,26.6,26.6,26.6,26.6,1.0,0.0,20.0,0.0,1.0,0.2,-57.4,-57.4,-57.4,-57.4,1.0,0.0,20.0,0.0,1.0,0.2,99.4,99.4,99.4,99.4,1.0,0.0,20.0,0.0,1.0,0.2,-32.6,-32.6,-32.6,-32.6,1.0,0.0,20.0,0.0,1.0,0.2,56.4,56.4,56.4,56.4,1.0,0.0,20.0,0.0,1.0,0.2,-13.3,-13.3,-13.3,-13.3,1.0,0.0,20.0,0.0,1.0,0.2,23.0,23.0,23.0,23.0,1.0,0.0,20.0,0.0,1.0,0.2,132.5,132.5,132.5,132.5,1.0,0.0,20.0,0.0,1.0,0.2,135.0,135.0,135.0,135.0,1.0,0.0,20.0,0.0,1.0,0.2
1974,2,334.0,-28.0,25.48,25.65,25.82,25.65,2.0,0.35,6.0,0.0,0.4,0.6,23.53,23.8,24.07,23.8,2.0,0.57,6.0,0.0,0.4,0.6,14.69,15.15,15.61,15.15,2.0,0.95,6.0,0.0,0.4,0.6,81.8,83.1,84.3,83.1,2.0,2.6,6.0,0.0,0.6,3.84,4.35,4.86,4.35,2.0,1.06,6.0,0.0,0.4,0.6,-4.57,-4.09,-3.61,-4.09,2.0,1.0,6.0,0.0,0.4,0.6,-1.27,-0.26,0.76,-0.26,2.0,2.1,6.0,0.0,0.4,0.6,1018.1,1019.6,1021.1,1019.6,2.0,3.11,6.0,0.0,0.4,0.6,0.2,0.5,0.8,0.5,2.0,0.7,6.0,0.0,0.4,0.6,-22.5,-18.3,-14.1,-18.3,2.0,8.7,6.0,0.0,0.4,0.6,-6.8,-2.2,2.3,-2.2,2.0,9.4,6.0,0.0,0.4,0.6,1.41,1.85,2.29,1.85,2.0,0.92,6.0,0.0,0.4,0.6,6.6,7.6,8.5,7.6,2.0,2.0,6.0,0.0,0.4,0.6,4.58,5.28,5.98,5.28,2.0,1.45,6.0,0.0,0.4,0.6,21.9,22.2,22.5,22.2,2.0,0.7,6.0,0.0,0.4,0.6,-110.1,-97.6,-85.0,-97.6,2.0,26.0,6.0,0.0,0.4,0.6,-30.9,-6.7,17.5,-6.7,2.0,50.2,6.0,0.0,0.4,0.6,-71.6,-62.4,-53.2,-62.4,2.0,19.0,6.0,0.0,0.4,0.6,-20.4,-4.9,10.6,-4.9,2.0,32.1,6.0,0.0,0.4,0.6,-21.2,-20.9,-20.5,-20.9,2.0,0.7,6.0,0.0,0.4,0.6,-5.0,0.2,5.4,0.2,2.0,10.7,6.0,0.0,0.4,0.6,60.5,89.5,119.0,89.5,2.0,61.0,6.0,0.0,0.4,0.6,60.0,90.0,120.0,90.0,2.0,60.0,6.0,0.0,0.4,0.6
1974,2,334.0,-26.0,26.0,26.0,26.0,26.0,1.0,0.0,20.0,0.0,0.9,0.4,25.2,25.2,25.2,25.2,1.0,0.0,20.0,0.0,0.9,0.4,15.21,15.21,15.21,15.21,1.0,0.0,20.0,0.0,0.9,0.4,76.6,76.6,76.6,76.6,1.0,0.0,20.0,0.0,0.4,2.6,2.6,2.6,2.6,1.0,0.0,20.0,0.0,0.9,0.4,-1.67,-1.67,-1.67,-1.67,1.0,0.0,20.0,0.0,0.9,0.4,-1.99,-1.99,-1.99,-1.99,1.0,0.0,20.0,0.0,0.9,0.4,1018.2,1018.2,1018.2,1018.2,1.0,0.0,20.0,0.0,0.9,0.4,1.0,1.0,1.0,1.0,1.0,0.0,20.0,0.0,0.9,0.4,-4.3,-4.3,-4.3,-4.3,1.0,0.0,20.0,0.0,0.9,0.4,-5.2,-5.2,-5.2,-5.2,1.0,0.0,20.0,0.0,0.9,0.4,0.8,0.8,0.8,0.8,1.0,0.0,20.0,0.0,0.9,0.4,2.1,2.1,2.1,2.1,1.0,0.0,20.0,0.0,0.9,0.4,5.69,5.69,5.69,5.69,1.0,0.0,20.0,0.0,0.9,0.4,14.8,14.8,14.8,14.8,1.0,0.0,20.0,0.0,0.9,0.4,-42.1,-42.1,-42.1,-42.1,1.0,0.0,20.0,0.0,0.9,0.4,-50.2,-50.2,-50.2,-50.2,1.0,0.0,20.0,0.0,0.9,0.4,-25.4,-25.4,-25.4,-25.4,1.0,0.0,20.0,0.0,0.9,0.4,-30.3,-30.3,-30.3,-30.3,1.0,0.0,20.0,0.0,0.9,0.4,-9.5,-9.5,-9.5,-9.5,1.0,0.0,20.0,0.0,0.9,0.4,-11.3,-11.3,-11.3,-11.3,1.0,0.0,20.0,0.0,0.9,0.4,17.5,17.5,17.5,17.5,1.0,0.0,20.0,0.0,0.9,0.4,20.0,20.0,20.0,20.0,1.0,0.0,20.0,0.0,0.9,0.4
1974,2,334.0,-25.0,25.2,25.2,25.2,25.2,1.0,0.0,10.0,0.0,0.6,0.9,24.8,24.8,24.8,24.8,1.0,0.0,10.0,0.0,0.6,0.9,15.6,15.6,15.6,15.6,1.0,0.0,10.0,0.0,0.6,0.9,80.4,80.4,80.4,80.4,1.0,0.0,10.0,0.0,0.9,9.3,9.3,9.3,9.3,1.0,0.0,10.0,0.0,0.6,0.9,-9.3,-9.3,-9.3,-9.3,1.0,0.0,10.0,0.0,0.6,0.9,0.0,0.0,0.0,0.0,1.0,0.0,10.0,0.0,0.6,0.9,1017.7,1017.7,1017.7,1017.7,1.0,0.0,10.0,0.0,0.6,0.9,7.0,7.0,7.0,7.0,1.0,0.0,10.0,0.0,0.6,0.9,-86.5,-86.5,-86.5,-86.5,1.0,0.0,10.0,0.0,0.6,0.9,0.0,0.0,0.0,0.0,1.0,0.0,10.0,0.0,0.6,0.9,0.4,0.4,0.4,0.4,1.0,0.0,10.0,0.0,0.6,0.9,3.7,3.7,3.7,3.7,1.0,0.0,10.0,0.0,0.6,0.9,4.32,4.32,4.32,4.32,1.0,0.0,10.0,0.0,0.6,0.9,40.2,40.2,40.2,40.2,1.0,0.0,10.0,0.0,0.6,0.9,-230.6,-230.6,-230.6,-230.6,1.0,0.0,10.0,0.0,0.6,0.9,0.0,0.0,0.0,0.0,1.0,0.0,10.0,0.0,0.6,0.9,-145.1,-145.1,-145.1,-145.1,1.0,0.0,10.0,0.0,0.6,0.9,0.0,0.0,0.0,0.0,1.0,0.0,10.0,0.0,0.6,0.9,-40.2,-40.2,-40.2,-40.2,1.0,0.0,10.0,0.0,0.6,0.9,0.0,0.0,0.0,0.0,1.0,0.0,10.0,0.0,0.6,0.9,804.5,804.5,804.5,804.5,1.0,0.0,10.0,0.0,0.6,0.9,805.0,805.0,805.0,805.0,1.0,0.0,10.0,0.0,0.6,0.9
1974,2,334.0,-23.0,26.0,26.0,26.0,26.0,1.0,0.0,18.0,1.0,0.9,0.5,27.8,27.8,27.8,27.8,1.0,0.0,18.0,1.0,0.9,0.5,16.15,16.15,16.15,16.15,1.0,0.0,18.0,1.0,0.9,0.5,69.4,69.4,69.4,69.4,1.0,0.0,18.0,1.0,0.5,3.1,3.1,3.1,3.1,1.0,0.0,18.0,1.0,0.9,0.5,-3.1,-3.1,-3.1,-3.1,1.0,0.0,18.0,1.0,0.9,0.5,0.0,0.0,0.0,0.0,1.0,0.0,18.0,1.0,0.9,0.5,1013.8,1013.8,1013.8,1013.8,1.0,0.0,18.0,1.0,0.9,0.5,3.0,3.0,3.0,3.0,1.0,0.0,18.0,1.0,0.9,0.5,-9.6,-9.6,-9.6,-9.6,1.0,0.0,18.0,1.0,0.9,0.5,0.0,0.0,0.0,0.0,1.0,0.0,18.0,1.0,0.9,0.5,-1.8,-1.8,-1.8,-1.8,1.0,0.0,18.0,1.0,0.9,0.5,-5.6,-5.6,-5.6,-5.6,1.0,0.0,18.0,1.0,0.9,0.5,4.83,4.83,4.83,4.83,1.0,0.0,18.0,1.0,0.9,0.5,15.0,15.0,15.0,15.0,1.0,0.0,18.0,1.0,0.9,0.5,-86.2,-86.2,-86.2,-86.2,1.0,0.0,18.0,1.0,0.9,0.5,0.0,0.0,0.0,0.0,1.0,0.0,18.0,1.0,0.9,0.5,-50.1,-50.1,-50.1,-50.1,1.0,0.0,18.0,1.0,0.9,0.5,0.0,0.0,0.0,0.0,1.0,0.0,18.0,1.0,0.9,0.5,-15.0,-15.0,-15.0,-15.0,1.0,0.0,18.0,1.0,0.9,0.5,0.0,0.0,0.0,0.0,1.0,0.0,18.0,1.0,0.9,0.5,30.0,30.0,30.0,30.0,1.0,0.0,18.0,1.0,0.9,0.5,30.0,30.0,30.0,30.0,1.0,0.0,18.0,1.0,0.9,0.5
1974,2,334.0,-18.0,25.1,25.1,25.1,25.1,1.0,0.0,10.0,0.0,0.3,0.7,25.1,25.1,25.1,25.1,1.0,0.0,10.0,0.0,0.3,0.7,15.72,15.72,15.72,15.72,1.0,0.0,10.0,0.0,0.3,0.7,79.5,79.5,79.5,79.5,1.0,0.0,10.0,0.0,0.7,7.0,7.0,7.0,7.0,1.0,0.0,10.0,0.0,0.3,0.7,-6.58,-6.58,-6.58,-6.58,1.0,0.0,10.0,0.0,0.3,0.7,-2.39,-2.39,-2.39,-2.39,1.0,0.0,10.0,0.0,0.3,0.7,1015.9,1015.9,1015.9,1015.9,1.0,0.0,10.0,0.0,0.3,0.7,8.0,8.0,8.0,8.0,1.0,0.0,10.0,0.0,0.3,0.7,-46.0,-46.0,-46.0,-46.0,1.0,0.0,10.0,0.0,0.3,0.7,-16.8,-16.8,-16.8,-16.8,1.0,0.0,10.0,0.0,0.3,0.7,0.0,0.0,0.0,0.0,1.0,0.0,10.0,0.0,0.3,0.7,0.0,0.0,0.0,0.0,1.0,0.0,10.0,0.0,0.3,0.7,4.11,4.11,4.11,4.11,1.0,0.0,10.0,0.0,0.3,0.7,28.8,28.8,28.8,28.8,1.0,0.0,10.0,0.0,0.3,0.7,-165.1,-165.1,-165.1,-165.1,1.0,0.0,10.0,0.0,0.3,0.7,-60.1,-60.1,-60.1,-60.1,1.0,0.0,10.0,0.0,0.3,0.7,-103.4,-103.4,-103.4,-103.4,1.0,0.0,10.0,0.0,0.3,0.7,-37.6,-37.6,-37.6,-37.6,1.0,0.0,10.0,0.0,0.3,0.7,-27.1,-27.1,-27.1,-27.1,1.0,0.0,10.0,0.0,0.3,0.7,-9.9,-9.9,-9.9,-9.9,1.0,0.0,10.0,0.0,0.3,0.7,343.0,343.0,343.0,343.0,1.0,0.0,10.0,0.0,0.3,0.7,345.0,345.0,345.0,345.0,1.0,0.0,10.0,0.0,0.3,0.7
1974,2,334.0,-16.0,25.52,26.2,26.88,26.2,2.0,1.41,10.0,0.5,0.7,0.9,25.03,25.1,25.17,25.1,2.0,0.14,10.0,0.5,0.7,0.9,15.69,16.59,17.49,16.59,2.0,1.86,10.0,0.5,0.7,0.9,78.9,83.7,88.6,83.7,2.0,10.1,10.0,0.5,0.9,7.49,8.1,8.71,8.1,2.0,1.27,10.0,0.5,0.7,0.9,-8.45,-7.55,-6.65,-7.55,2.0,1.86,10.0,0.5,0.7,0.9,1.89,2.58,3.28,2.58,2.0,1.44,10.0,0.5,0.7,0.9,1014.11,1014.55,1014.99,1014.55,2.0,0.92,10.0,0.5,0.7,0.9,2.8,4.5,6.2,4.5,2.0,3.5,10.0,0.5,0.7,0.9,-74.2,-62.3,-50.4,-62.3,2.0,24.7,10.0,0.5,0.7,0.9,15.9,20.0,24.0,20.0,2.0,8.4,10.0,0.5,0.7,0.9,0.35,1.1,1.85,1.1,2.0,1.56,10.0,0.5,0.7,0.9,2.5,7.9,13.3,7.9,2.0,11.2,10.0,0.5,0.7,0.9,4.63,4.67,4.71,4.67,2.0,0.08,10.0,0.5,0.7,0.9,34.7,37.9,41.0,37.9,2.0,6.6,10.0,0.5,0.7,0.9,-212.6,-189.6,-166.6,-189.6,2.0,47.7,10.0,0.5,0.7,0.9,47.4,64.7,82.0,64.7,2.0,35.8,10.0,0.5,0.7,0.9,-131.6,-123.5,-115.4,-123.5,2.0,16.8,10.0,0.5,0.7,0.9,30.3,44.2,58.0,44.2,2.0,28.7,10.0,0.5,0.7,0.9,-39.8,-35.3,-30.8,-35.3,2.0,9.3,10.0,0.5,0.7,0.9,8.8,12.0,15.1,12.0,2.0,6.5,10.0,0.5,0.7,0.9,429.5,551.0,672.5,551.0,2.0,251.5,10.0,0.5,0.7,0.9,430.0,550.0,675.0,550.0,2.0,250.0,10.0,0.5,0.7,0.9
1974,2,334.0,-13.0,25.22,25.7,26.18,25.7,2.0,0.99,14.0,0.0,0.8,0.4,24.36,24.7,25.04,24.7,2.0,0.71,14.0,0.0,0.8,0.4,13.23,13.23,13.23,13.23,1.0,0.0,14.0,0.0,0.8,0.2,70.7,71.0,71.4,71.0,2.0,0.8,14.0,0.0,0.4,2.6,2.6,2.6,2.6,2.0,0.0,14.0,0.0,0.8,0.4,-2.44,-2.44,-2.44,-2.44,2.0,0.0,14.0,0.0,0.8,0.4,0.89,0.89,0.89,0.89,2.0,0.0,14.0,0.0,0.8,0.4,1013.0,1013.0,1013.0,1013.0,1.0,0.0,14.0,0.0,0.8,0.2,1.5,2.5,3.5,2.5,2.0,2.1,14.0,0.0,0.8,0.4,-6.4,-6.4,-6.4,-6.4,2.0,0.0,14.0,0.0,0.8,0.4,2.3,2.3,2.3,2.3,2.0,0.0,14.0,0.0,0.8,0.4,0.86,1.0,1.14,1.0,2.0,0.28,14.0,0.0,0.8,0.4,2.2,2.6,3.0,2.6,2.0,0.7,14.0,0.0,0.8,0.4,6.54,6.54,6.54,6.54,1.0,0.0,14.0,0.0,0.8,0.2,17.0,17.0,17.0,17.0,1.0,0.0,14.0,0.0,0.8,0.2,-61.2,-60.3,-59.5,-60.3,2.0,1.7,14.0,0.0,0.8,0.4,21.7,22.0,22.3,22.0,2.0,0.6,14.0,0.0,0.8,0.4,-32.3,-32.3,-32.3,-32.3,1.0,0.0,14.0,0.0,0.8,0.2,11.8,11.8,11.8,11.8,1.0,0.0,14.0,0.0,0.8,0.2,-16.0,-16.0,-16.0,-16.0,1.0,0.0,14.0,0.0,0.8,0.2,5.8,5.8,5.8,5.8,1.0,0.0,14.0,0.0,0.8,0.2,17.5,17.5,17.5,17.5,2.0,0.0,14.0,0.0,0.8,0.4,20.0,20.0,20.0,20.0,2.0,0.0,14.0,0.0,0.8,0.4
1974,2,334.0,-12.0,,,,,,,,,,,,,,,,,,,,,,,,,,,,,,,,,,,,,,,,7.0,7.0,7.0,7.0,1.0,0.0,26.0,1.0,0.9,1.0,-6.89,-6.89,-6.89,-6.89,1.0,0.0,26.0,1.0,0.9,1.0,-1.22,-1.22,-1.22,-1.22,1.0,0.0,26.0,1.0,0.9,1.0,1013.9,1013.9,1013.9,1013.9,1.0,0.0,26.0,1.0,0.9,1.0,,,,,,,,,,,,,,,,,,,,,,,,,,,,,,,,,,,,,,,,,,,,,,,,,,,,,,,,,,,,,,,,,,,,,,,,,,,,,,,,,,,,,,,,,,,,,,,,,,,,,,,,,,,,,,,,,,,,,,,,,,,,,,,,,,,,,,,,,,,,,,,,,,,,,,
1974,2,334.0,-11.0,26.78,26.95,27.12,26.95,2.0,0.35,26.0,0.5,0.7,0.6,26.91,27.35,27.79,27.35,2.0,0.92,26.0,0.5,0.7,0.6,19.05,19.42,19.8,19.42,2.0,0.78,26.0,0.5,0.7,0.6,81.7,85.7,89.6,85.7,2.0,8.2,26.0,0.5,0.6,3.42,4.1,4.78,4.1,2.0,1.41,26.0,0.5,0.7,0.6,-4.72,-4.06,-3.41,-4.06,2.0,1.36,26.0,0.5,0.7,0.6,0.14,0.44,0.75,0.44,2.0,0.63,26.0,0.5,0.7,0.6,1011.92,1013.25,1014.58,1013.25,2.0,2.76,26.0,0.5,0.7,0.6,1.3,4.0,6.7,4.0,2.0,5.7,26.0,0.5,0.7,0.6,-23.1,-17.6,-12.1,-17.6,2.0,11.3,26.0,0.5,0.7,0.6,0.7,2.3,3.8,2.3,2.0,3.2,26.0,0.5,0.7,0.6,-1.01,-0.4,0.21,-0.4,2.0,1.27,26.0,0.5,0.7,0.6,-5.3,-2.5,0.3,-2.5,2.0,5.8,26.0,0.5,0.7,0.6,2.63,2.81,2.98,2.81,2.0,0.37,26.0,0.5,0.7,0.6,9.1,11.8,14.4,11.8,2.0,5.5,26.0,0.5,0.7,0.6,-131.4,-111.7,-92.0,-111.7,2.0,40.9,26.0,0.5,0.7,0.6,3.9,12.4,20.9,12.4,2.0,17.5,26.0,0.5,0.7,0.6,-89.6,-78.3,-67.1,-78.3,2.0,23.2,26.0,0.5,0.7,0.6,2.7,8.4,14.1,8.4,2.0,11.8,26.0,0.5,0.7,0.6,-14.2,-11.6,-9.1,-11.6,2.0,5.3,26.0,0.5,0.7,0.6,0.4,1.4,2.3,1.4,2.0,1.9,26.0,0.5,0.7,0.6,46.0,81.0,116.5,81.0,2.0,72.5,26.0,0.5,0.7,0.6,45.0,80.0,115.0,80.0,2.0,75.0,26.0,0.5,0.7,0.6
1974,2,334.0,-10.0,26.94,27.7,29.24,27.95,6.0,1.16,18.0,0.7,0.4,0.4,26.0,27.7,30.05,28.06,7.0,1.9,18.0,0.7,0.4,0.4,15.84,17.55,18.76,17.38,5.0,1.69,20.0,0.8,0.4,0.5,68.9,72.6,78.6,74.2,5.0,7.6,20.0,0.8,0.5,4.1,5.4,7.4,6.2,6.0,2.96,18.0,0.7,0.4,0.4,-7.06,-5.4,-3.79,-5.97,6.0,3.01,18.0,0.7,0.4,0.4,-0.29,1.03,2.09,0.81,6.0,1.49,18.0,0.7,0.4,0.4,1009.71,1010.65,1012.77,1011.08,6.0,1.76,18.0,0.7,0.4,0.4,1.0,2.0,5.1,2.9,7.0,2.3,18.0,0.7,0.4,0.4,-57.9,-29.2,-15.5,-44.5,6.0,48.5,18.0,0.7,0.4,0.4,-1.2,4.2,15.6,6.8,6.0,11.2,18.0,0.7,0.4,0.4,-1.1,0.25,2.41,0.38,6.0,2.23,18.0,0.7,0.4,0.4,-5.9,1.0,18.8,5.9,6.0,18.5,18.0,0.7,0.4,0.4,4.61,6.52,7.14,5.94,5.0,2.0,20.0,0.8,0.4,0.5,22.1,33.7,35.9,29.4,5.0,9.4,20.0,0.8,0.4,0.5,-186.9,-152.2,-107.1,-162.5,6.0,75.0,18.0,0.7,0.4,0.4,-8.2,27.1,55.5,21.0,6.0,40.3,18.0,0.7,0.4,0.4,-102.4,-87.7,-63.8,-83.8,5.0,21.0,20.0,0.8,0.4,0.5,-9.0,0.0,35.1,9.4,5.0,26.2,20.0,0.8,0.4,0.5,-34.5,-31.6,-19.9,-27.8,5.0,9.2,20.0,0.8,0.4,0.5,-4.2,0.0,12.5,2.8,5.0,10.2,20.0,0.8,0.4,0.5,69.0,159.0,546.0,403.5,6.0,652.0,18.0,0.7,0.4,0.4,70.0,160.0,545.0,405.0,6.0,650.0,18.0,0.7,0.4,0.4
1974,2,334.0,-9.0,26.88,27.7,27.9,27.4,3.0,0.79,12.0,1.0,0.6,0.5,27.25,27.8,30.12,28.67,3.0,2.23,12.0,1.0,0.6,0.5,16.1,16.54,18.95,17.51,3.0,2.25,12.0,1.0,0.6,0.5,70.6,70.7,71.2,70.9,3.0,0.5,12.0,1.0,0.5,4.93,6.7,8.47,6.7,3.0,2.6,12.0,1.0,0.6,0.5,-7.72,-4.31,-3.51,-5.58,3.0,3.27,12.0,1.0,0.6,0.5,0.84,2.64,4.34,2.59,3.0,2.57,12.0,1.0,0.6,0.5,1008.98,1010.0,1010.68,1009.83,3.0,1.26,12.0,1.0,0.6,0.5,4.0,6.0,6.0,5.0,3.0,1.7,12.0,1.0,0.6,0.5,-68.2,-28.9,-17.9,-42.7,3.0,38.7,12.0,1.0,0.6,0.5,3.4,10.8,26.9,15.1,3.0,17.6,12.0,1.0,0.6,0.5,-2.8,-1.3,0.27,-1.27,3.0,2.25,12.0,1.0,0.6,0.5,-25.0,-8.7,0.0,-12.4,3.0,18.6,12.0,1.0,0.6,0.5,3.86,5.2,6.98,5.42,3.0,2.29,12.0,1.0,0.6,0.5,30.7,32.0,33.9,32.3,3.0,2.4,12.0,1.0,0.6,0.5,-236.1,-119.7,-95.9,-164.9,3.0,109.9,12.0,1.0,0.6,0.5,22.6,71.2,120.0,71.3,3.0,71.3,12.0,1.0,0.6,0.5,-150.1,-71.2,-56.7,-102.6,3.0,73.6,12.0,1.0,0.6,0.5,13.3,41.9,71.2,42.3,3.0,42.4,12.0,1.0,0.6,0.5,-28.4,-24.5,-23.1,-25.7,3.0,4.0,12.0,1.0,0.6,0.5,6.5,20.6,24.7,15.8,3.0,14.0,12.0,1.0,0.6,0.5,142.5,301.0,644.5,391.5,3.0,376.0,12.0,1.0,0.6,0.5,145.0,300.0,645.0,390.0,3.0,375.0,12.0,1.0,0.6,0.5
1974,2,334.0,-7.0,26.89,27.5,28.11,27.5,2.0,1.27,10.0,1.0,0.5,0.8,27.74,28.25,28.76,28.25,2.0,1.06,10.0,1.0,0.5,0.8,16.49,17.78,19.06,17.78,2.0,2.65,10.0,1.0,0.5,0.8,67.0,74.4,81.8,74.4,2.0,15.3,10.0,1.0,0.8,2.5,3.35,4.2,3.35,2.0,1.77,10.0,1.0,0.5,0.8,-2.78,-2.39,-2.0,-2.39,2.0,0.8,10.0,1.0,0.5,0.8,1.44,2.29,3.13,2.29,2.0,1.75,10.0,1.0,0.5,0.8,1007.8,1009.1,1010.4,1009.1,2.0,2.69,10.0,1.0,0.5,0.8,3.5,4.5,5.5,4.5,2.0,2.1,10.0,1.0,0.5,0.8,-12.0,-8.7,-5.4,-8.7,2.0,6.9,10.0,1.0,0.5,0.8,4.4,9.2,14.0,9.2,2.0,9.9,10.0,1.0,0.5,0.8,-0.85,-0.75,-0.65,-0.75,2.0,0.21,10.0,1.0,0.5,0.8,-3.7,-2.7,-1.7,-2.7,2.0,2.0,10.0,1.0,0.5,0.8,3.22,5.31,7.41,5.31,2.0,4.34,10.0,1.0,0.5,0.8,11.5,14.0,16.4,14.0,2.0,5.1,10.0,1.0,0.5,0.8,-76.8,-67.0,-57.3,-67.0,2.0,20.2,10.0,1.0,0.5,0.8,41.0,63.7,86.4,63.7,2.0,47.0,10.0,1.0,0.5,0.8,-53.5,-43.5,-33.5,-43.5,2.0,20.6,10.0,1.0,0.5,0.8,25.0,43.0,60.9,43.0,2.0,37.2,10.0,1.0,0.5,0.8,-13.9,-10.9,-8.0,-10.9,2.0,6.1,10.0,1.0,0.5,0.8,8.1,8.4,8.7,8.4,2.0,0.6,10.0,1.0,0.5,0.8,23.0,53.5,83.5,53.5,2.0,62.5,10.0,1.0,0.5,0.8,25.0,55.0,85.0,55.0,2.0,60.0,10.0,1.0,0.5,0.8
1974,2,334.0,-6.0,28.0,28.0,28.0,28.0,1.0,0.0,20.0,0.0,0.4,0.5,27.0,27.0,27.0,27.0,1.0,0.0,20.0,0.0,0.4,0.5,17.53,17.53,17.53,17.53,1.0,0.0,20.0,0.0,0.4,0.5,78.8,78.8,78.8,78.8,1.0,0.0,20.0,0.0,0.5,4.1,4.1,4.1,4.1,1.0,0.0,20.0,0.0,0.4,0.5,-3.55,-3.55,-3.55,-3.55,1.0,0.0,20.0,0.0,0.4,0.5,2.05,2.05,2.05,2.05,1.0,0.0,20.0,0.0,0.4,0.5,1011.8,1011.8,1011.8,1011.8,1.0,0.0,20.0,0.0,0.4,0.5,0.0,0.0,0.0,0.0,1.0,0.0,20.0,0.0,0.4,0.5,-14.6,-14.6,-14.6,-14.6,1.0,0.0,20.0,0.0,0.4,0.5,8.4,8.4,8.4,8.4,1.0,0.0,20.0,0.0,0.4,0.5,1.0,1.0,1.0,1.0,1.0,0.0,20.0,0.0,0.4,0.5,4.1,4.1,4.1,4.1,1.0,0.0,20.0,0.0,0.4,0.5,6.16,6.16,6.16,6.16,1.0,0.0,20.0,0.0,0.4,0.5,25.3,25.3,25.3,25.3,1.0,0.0,20.0,0.0,0.4,0.5,-95.9,-95.9,-95.9,-95.9,1.0,0.0,20.0,0.0,0.4,0.5,55.4,55.4,55.4,55.4,1.0,0.0,20.0,0.0,0.4,0.5,-62.2,-62.2,-62.2,-62.2,1.0,0.0,20.0,0.0,0.4,0.5,35.9,35.9,35.9,35.9,1.0,0.0,20.0,0.0,0.4,0.5,-21.9,-21.9,-21.9,-21.9,1.0,0.0,20.0,0.0,0.4,0.5,12.6,12.6,12.6,12.6,1.0,0.0,20.0,0.0,0.4,0.5,69.0,69.0,69.0,69.0,1.0,0.0,20.0,0.0,0.4,0.5,70.0,70.0,70.0,70.0,1.0,0.0,20.0,0.0,0.4,0.5
1974,2,334.0,-4.0,,,,,,,,,,,,,,,,,,,,,,,,,,,,,,,,,,,,,,,,7.7,7.7,7.7,7.7,1.0,0.0,16.0,1.0,0.5,0.9,-7.24,-7.24,-7.24,-7.24,1.0,0.0,16.0,1.0,0.5,0.9,2.63,2.63,2.63,2.63,1.0,0.0,16.0,1.0,0.5,0.9,1011.2,1011.2,1011.2,1011.2,1.0,0.0,16.0,1.0,0.5,0.9,,,,,,,,,,,,,,,,,,,,,,,,,,,,,,,,,,,,,,,,,,,,,,,,,,,,,,,,,,,,,,,,,,,,,,,,,,,,,,,,,,,,,,,,,,,,,,,,,,,,,,,,,,,,,,,,,,,,,,,,,,,,,,,,,,,,,,,,,,,,,,,,,,,,,,
1974,2,334.0,-1.0,28.0,28.0,28.0,28.0,1.0,0.0,24.0,1.0,0.3,0.6,27.7,28.35,29.0,28.35,2.0,1.34,18.0,1.0,0.4,0.4,17.67,17.67,17.67,17.67,1.0,0.0,12.0,1.0,0.6,0.2,77.4,77.4,77.4,77.4,1.0,0.0,12.0,1.0,0.2,2.41,3.3,4.19,3.3,2.0,1.84,18.0,1.0,0.4,0.4,-2.76,-2.34,-1.93,-2.34,2.0,0.87,18.0,1.0,0.4,0.4,1.4,2.26,3.12,2.26,2.0,1.78,18.0,1.0,0.4,0.4,1010.43,1010.7,1010.97,1010.7,2.0,0.57,18.0,1.0,0.4,0.4,1.3,4.0,6.7,4.0,2.0,5.7,18.0,1.0,0.4,0.4,-12.0,-8.5,-5.1,-8.5,2.0,7.2,18.0,1.0,0.4,0.4,4.3,9.1,14.0,9.1,2.0,10.0,18.0,1.0,0.4,0.4,,,,,,,,,,,,,,,,,,,,,,,,,,,,,,,,,,,,,,,,,-76.2,-65.9,-55.6,-65.9,2.0,21.4,18.0,1.0,0.4,0.4,40.0,62.9,85.9,62.9,2.0,47.6,18.0,1.0,0.4,0.4,-52.2,-52.2,-52.2,-52.2,1.0,0.0,12.0,1.0,0.6,0.2,62.2,62.2,62.2,62.2,1.0,0.0,12.0,1.0,0.6,0.2,,,,,,,,,,,,,,,,,,,,,,,,,,,,,,,,,,,,,,,,
1974,2,334.0,0.0,,,,,,,,,,,,,,,,,,,,,,,,,,,,,,,,,,,,,,,,1.0,1.0,1.0,1.0,1.0,0.0,24.0,0.0,0.7,0.9,0.94,0.94,0.94,0.94,1.0,0.0,24.0,0.0,0.7,0.9,0.34,0.34,0.34,0.34,1.0,0.0,24.0,0.0,0.7,0.9,1012.1,1012.1,1012.1,1012.1,1.0,0.0,24.0,0.0,0.7,0.9,,,,,,,,,,,,,,,,,,,,,,,,,,,,,,,,,,,,,,,,,,,,,,,,,,,,,,,,,,,,,,,,,,,,,,,,,,,,,,,,,,,,,,,,,,,,,,,,,,,,,,,,,,,,,,,,,,,,,,,,,,,,,,,,,,,,,,,,,,,,,,,,,,,,,,
1974,2,334.0,1.0,25.95,26.7,27.45,26.7,2.0,1.56,4.0,0.5,0.5,0.7,24.54,27.0,29.46,27.0,2.0,5.09,12.0,0.5,0.6,0.5,17.72,19.18,20.64,19.18,2.0,3.03,12.0,0.5,0.6,0.5,80.2,86.0,91.9,86.0,2.0,12.2,12.0,0.5,0.5,4.43,6.2,8.32,6.37,3.0,2.85,10.0,0.3,0.6,0.5,-6.71,-5.83,-3.08,-4.92,3.0,2.78,10.0,0.3,0.6,0.5,-5.07,-3.12,-2.44,-3.74,3.0,2.0,10.0,0.3,0.6,0.5,1009.8,1009.8,1010.07,1009.93,3.0,0.23,10.0,0.3,0.6,0.5,4.6,6.0,6.0,5.3,3.0,1.2,10.0,0.3,0.6,0.5,-56.7,-36.1,-15.9,-36.3,3.0,29.9,10.0,0.3,0.6,0.5,-42.1,-13.1,-11.8,-26.7,3.0,25.1,10.0,0.3,0.6,0.5,-2.8,-2.8,-2.8,-2.8,1.0,0.0,4.0,1.0,0.4,0.9,-17.4,-17.4,-17.4,-17.4,1.0,0.0,4.0,1.0,0.4,0.9,2.13,2.13,2.13,2.13,1.0,0.0,4.0,1.0,0.4,0.9,13.2,13.2,13.2,13.2,1.0,0.0,4.0,1.0,0.4,0.9,-176.4,-172.5,-168.5,-172.5,2.0,8.2,12.0,0.5,0.6,0.5,-128.0,-102.4,-76.8,-102.4,2.0,53.0,12.0,0.5,0.6,0.5,-123.8,-122.8,-121.8,-122.8,2.0,2.0,12.0,0.5,0.6,0.5,-92.9,-73.5,-54.2,-73.5,2.0,40.0,12.0,0.5,0.6,0.5,-12.4,-12.4,-12.4,-12.4,1.0,0.0,4.0,1.0,0.4,0.9,-4.5,-4.5,-4.5,-4.5,1.0,0.0,4.0,1.0,0.4,0.9,107.5,238.5,624.5,363.0,3.0,394.0,10.0,0.3,0.6,0.5,105.0,240.0,625.0,365.0,3.0,395.0,10.0,0.3,0.6,0.5
1974,2,334.0,2.0,27.13,28.05,28.97,28.05,2.0,1.91,22.0,0.0,0.4,0.6,26.2,26.2,26.2,26.2,2.0,0.0,22.0,0.0,0.4,0.6,17.6,17.83,18.06,17.83,2.0,0.48,22.0,0.0,0.4,0.6,82.6,83.8,85.1,83.8,2.0,2.5,22.0,0.0,0.6,4.35,4.9,5.45,4.9,2.0,1.13,22.0,0.0,0.4,0.6,0.76,0.85,0.95,0.85,2.0,0.2,22.0,0.0,0.4,0.6,-5.36,-4.83,-4.29,-4.83,2.0,1.11,22.0,0.0,0.4,0.6,1008.39,1010.1,1011.81,1010.1,2.0,3.54,22.0,0.0,0.4,0.6,2.0,2.0,2.0,2.0,1.0,0.0,26.0,0.0,0.6,0.5,3.4,4.3,5.2,4.3,2.0,1.9,22.0,0.0,0.4,0.6,-29.5,-24.3,-19.0,-24.3,2.0,10.9,22.0,0.0,0.4,0.6,0.93,1.85,2.77,1.85,2.0,1.91,22.0,0.0,0.4,0.6,4.5,8.0,11.5,8.0,2.0,7.3,22.0,0.0,0.4,0.6,4.47,6.04,7.61,6.04,2.0,3.25,22.0,0.0,0.4,0.6,23.4,27.8,32.2,27.8,2.0,9.1,22.0,0.0,0.4,0.6,19.8,22.3,24.8,22.3,2.0,5.1,22.0,0.0,0.4,0.6,-140.5,-126.4,-112.3,-126.4,2.0,29.2,22.0,0.0,0.4,0.6,13.3,15.2,17.1,15.2,2.0,3.9,22.0,0.0,0.4,0.6,-97.0,-86.3,-75.6,-86.3,2.0,22.2,22.0,0.0,0.4,0.6,4.1,4.8,5.6,4.8,2.0,1.6,22.0,0.0,0.4,0.6,-31.7,-27.3,-23.0,-27.3,2.0,9.0,22.0,0.0,0.4,0.6,87.5,127.0,166.5,127.0,2.0,82.0,22.0,0.0,0.4,0.6,85.0,125.0,165.0,125.0,2.0,80.0,22.0,0.0,0.4,0.6
1974,2,334.0,4.0,26.0,26.0,26.0,26.0,1.0,0.0,20.0,1.0,0.1,0.6,26.5,26.5,26.5,26.5,1.0,0.0,20.0,1.0,0.1,0.6,17.44,17.44,17.44,17.44,1.0,0.0,20.0,1.0,0.1,0.6,81.1,81.1,81.1,81.1,1.0,0.0,20.0,1.0,0.6,8.2,8.2,8.2,8.2,1.0,0.0,20.0,1.0,0.1,0.6,-2.8,-2.8,-2.8,-2.8,1.0,0.0,20.0,1.0,0.1,0.6,-7.71,-7.71,-7.71,-7.71,1.0,0.0,20.0,1.0,0.1,0.6,1017.0,1017.0,1017.0,1017.0,1.0,0.0,20.0,1.0,0.1,0.6,6.0,6.0,6.0,6.0,1.0,0.0,20.0,1.0,0.1,0.6,-23.0,-23.0,-23.0,-23.0,1.0,0.0,20.0,1.0,0.1,0.6,-63.2,-63.2,-63.2,-63.2,1.0,0.0,20.0,1.0,0.1,0.6,-0.5,-0.5,-0.5,-0.5,1.0,0.0,20.0,1.0,0.1,0.6,-4.1,-4.1,-4.1,-4.1,1.0,0.0,20.0,1.0,0.1,0.6,3.48,3.48,3.48,3.48,1.0,0.0,20.0,1.0,0.1,0.6,28.5,28.5,28.5,28.5,1.0,0.0,20.0,1.0,0.1,0.6,-74.3,-74.3,-74.3,-74.3,1.0,0.0,20.0,1.0,0.1,0.6,-204.2,-204.2,-204.2,-204.2,1.0,0.0,20.0,1.0,0.1,0.6,-48.9,-48.9,-48.9,-48.9,1.0,0.0,20.0,1.0,0.1,0.6,-134.4,-134.4,-134.4,-134.4,1.0,0.0,20.0,1.0,0.1,0.6,-9.8,-9.8,-9.8,-9.8,1.0,0.0,20.0,1.0,0.1,0.6,-26.8,-26.8,-26.8,-26.8,1.0,0.0,20.0,1.0,0.1,0.6,551.5,551.5,551.5,551.5,1.0,0.0,20.0,1.0,0.1,0.6,550.0,550.0,550.0,550.0,1.0,0.0,20.0,1.0,0.1,0.6
1974,2,334.0,5.0,26.58,26.75,26.92,26.75,2.0,0.35,20.0,0.0,0.6,0.6,25.26,25.4,25.54,25.4,2.0,0.28,20.0,0.0,0.6,0.6,14.93,15.9,16.87,15.9,2.0,2.01,20.0,0.0,0.6,0.6,74.4,78.5,82.6,78.5,2.0,8.5,20.0,0.0,0.6,6.86,7.2,7.54,7.2,2.0,0.71,20.0,0.0,0.6,0.6,-4.23,-4.08,-3.92,-4.08,2.0,0.32,20.0,0.0,0.6,0.6,-6.42,-5.9,-5.38,-5.9,2.0,1.09,20.0,0.0,0.6,0.6,1011.0,1011.2,1011.4,1011.2,2.0,0.42,20.0,0.0,0.6,0.6,3.9,8.0,8.0,6.0,3.0,3.5,16.0,0.0,0.7,0.4,-29.5,-29.2,-29.0,-29.2,2.0,0.6,20.0,0.0,0.6,0.6,-48.7,-42.9,-37.1,-42.9,2.0,12.0,20.0,0.0,0.6,0.6,1.32,1.35,1.38,1.35,2.0,0.07,20.0,0.0,0.6,0.6,9.0,9.7,10.5,9.7,2.0,1.5,20.0,0.0,0.6,0.6,5.36,6.11,6.86,6.11,2.0,1.55,20.0,0.0,0.6,0.6,40.1,43.4,46.7,43.4,2.0,6.9,20.0,0.0,0.6,0.6,-106.9,-103.5,-100.1,-103.5,2.0,7.0,20.0,0.0,0.6,0.6,-164.1,-150.0,-135.9,-150.0,2.0,29.3,20.0,0.0,0.6,0.6,-66.0,-64.5,-63.1,-64.5,2.0,3.1,20.0,0.0,0.6,0.6,-109.0,-94.9,-80.9,-94.9,2.0,29.1,20.0,0.0,0.6,0.6,-29.2,-25.2,-21.1,-25.2,2.0,8.3,20.0,0.0,0.6,0.6,-36.4,-35.2,-34.0,-35.2,2.0,2.5,20.0,0.0,0.6,0.6,325.5,378.5,432.0,378.5,2.0,110.0,20.0,0.0,0.6,0.6,325.0,380.0,430.0,380.0,2.0,110.0,20.0,0.0,0.6,0.6
1974,2,334.0,6.0,26.05,26.8,27.5,26.79,9.0,0.79,12.0,0.4,0.4,0.5,24.63,25.2,26.0,25.49,9.0,0.82,12.0,0.4,0.4,0.5,15.65,17.77,18.7,17.2,4.0,2.37,10.0,0.8,0.4,0.4,75.9,85.1,89.5,82.9,5.0,8.5,10.0,0.6,0.4,4.0,6.2,8.73,6.2,9.0,2.18,12.0,0.4,0.4,0.5,-3.0,-1.74,1.14,-1.17,9.0,2.07,12.0,0.4,0.4,0.5,-8.5,-5.13,-3.92,-5.78,9.0,2.14,12.0,0.4,0.4,0.5,1008.11,1011.9,1015.66,1011.66,8.0,3.43,14.0,0.5,0.3,0.5,2.1,4.0,4.9,3.6,8.0,1.2,12.0,0.5,0.4,0.6,-21.2,-8.9,10.3,-6.6,9.0,15.2,12.0,0.4,0.4,0.5,-74.5,-33.3,-16.1,-39.9,9.0,26.9,12.0,0.4,0.4,0.5,0.85,1.1,2.22,1.3,9.0,0.99,12.0,0.4,0.4,0.5,3.9,6.7,18.5,9.2,9.0,7.8,12.0,0.4,0.4,0.5,3.31,4.75,6.55,4.92,4.0,1.94,10.0,0.8,0.4,0.4,14.2,22.6,39.4,26.6,4.0,16.1,10.0,0.8,0.4,0.4,-74.7,-45.4,28.8,-29.6,9.0,52.1,12.0,0.4,0.4,0.5,-215.8,-128.3,-104.6,-147.2,9.0,53.8,12.0,0.4,0.4,0.5,-47.4,-32.6,-14.9,-31.2,4.0,24.4,10.0,0.8,0.4,0.4,-89.6,-78.4,-67.1,-78.4,4.0,13.5,10.0,0.8,0.4,0.4,-21.1,-7.7,-2.5,-11.6,4.0,13.5,10.0,0.8,0.4,0.4,-32.7,-21.2,-13.7,-23.1,4.0,11.4,10.0,0.8,0.4,0.4,70.0,238.5,670.5,317.0,9.0,275.5,12.0,0.4,0.4,0.5,70.0,240.0,670.0,315.0,9.0,275.0,12.0,0.4,0.4,0.5
1974,2,334.0,7.0,24.27,25.6,26.0,25.28,9.0,1.05,18.0,0.3,0.5,0.5,23.16,24.0,27.65,24.93,9.0,2.14,18.0,0.3,0.5,0.5,13.6,15.06,19.28,16.38,4.0,3.88,18.0,0.5,0.5,0.6,75.2,76.8,85.5,80.2,4.0,8.1,18.0,0.5,0.6,3.87,6.2,8.73,6.47,9.0,2.65,18.0,0.3,0.5,0.5,-5.39,-1.71,-1.32,-2.79,9.0,2.35,18.0,0.3,0.5,0.5,-8.02,-4.95,-3.64,-5.58,9.0,2.17,18.0,0.3,0.5,0.5,1011.22,1012.9,1014.31,1012.83,9.0,1.67,18.0,0.3,0.5,0.5,1.1,2.0,5.0,2.9,8.0,2.2,18.0,0.4,0.4,0.5,-41.8,-8.6,-4.5,-21.5,9.0,25.8,18.0,0.3,0.5,0.5,-74.1,-36.1,-14.3,-40.8,9.0,29.9,18.0,0.3,0.5,0.5,-1.19,0.0,2.29,0.34,9.0,2.05,18.0,0.3,0.5,0.5,-7.8,0.0,9.1,-1.6,9.0,15.4,18.0,0.3,0.5,0.5,2.11,5.2,6.8,4.49,4.0,3.18,18.0,0.5,0.5,0.6,13.1,27.4,30.7,22.2,4.0,14.5,18.0,0.5,0.5,0.6,-141.0,-41.0,-30.8,-72.8,9.0,66.2,18.0,0.3,0.5,0.5,-202.1,-132.2,-85.1,-141.0,9.0,60.1,18.0,0.3,0.5,0.5,-72.9,-33.9,-19.0,-45.4,4.0,36.8,18.0,0.5,0.5,0.6,-105.4,-70.2,-52.1,-78.4,4.0,35.7,18.0,0.5,0.5,0.6,-17.8,-9.4,-4.5,-11.1,4.0,10.4,18.0,0.5,0.5,0.6,-25.8,-23.1,-10.5,-18.4,4.0,12.0,18.0,0.5,0.5,0.6,60.5,238.5,670.5,396.0,9.0,425.0,18.0,0.3,0.5,0.5,60.0,240.0,670.0,395.0,9.0,425.0,18.0,0.3,0.5,0.5
1974,2,334.0,8.0,24.6,25.25,26.71,25.74,8.0,1.55,16.0,0.5,0.8,0.6,23.58,24.4,27.74,25.28,9.0,2.09,14.0,0.4,0.7,0.5,14.34,16.19,17.45,15.98,6.0,1.87,16.0,0.7,0.8,0.5,74.2,83.5,91.3,82.7,6.0,8.1,16.0,0.7,0.5,4.72,6.1,8.03,6.43,8.0,1.93,14.0,0.5,0.7,0.5,-5.26,-3.33,-2.14,-3.74,8.0,1.68,14.0,0.5,0.7,0.5,-6.23,-4.78,-4.02,-5.14,8.0,1.39,14.0,0.5,0.7,0.5,1010.23,1012.2,1013.98,1012.11,9.0,1.85,14.0,0.4,0.7,0.5,0.1,2.0,4.9,2.8,8.0,2.8,14.0,0.5,0.7,0.5,-42.2,-19.4,-10.9,-26.6,8.0,19.4,14.0,0.5,0.7,0.5,-49.8,-30.0,-19.1,-35.2,8.0,20.3,14.0,0.5,0.7,0.5,-1.78,1.05,2.4,0.44,8.0,2.07,16.0,0.5,0.8,0.6,-12.4,6.0,10.9,-0.7,7.0,16.2,16.0,0.6,0.8,0.5,3.21,4.03,4.98,4.22,6.0,1.15,16.0,0.7,0.8,0.5,18.0,20.1,38.3,27.3,5.0,14.3,16.0,0.8,0.7,0.5,-124.6,-92.5,-52.2,-95.9,8.0,45.8,14.0,0.5,0.7,0.5,-148.7,-131.7,-96.7,-131.7,8.0,41.3,14.0,0.5,0.7,0.5,-71.6,-67.7,-37.4,-57.1,5.0,19.0,16.0,0.8,0.7,0.5,-86.5,-80.7,-66.5,-77.6,5.0,11.9,16.0,0.8,0.7,0.5,-27.1,-12.9,-7.1,-16.7,5.0,11.2,16.0,0.8,0.7,0.5,-26.9,-18.7,-14.4,-21.1,5.0,10.3,16.0,0.8,0.7,0.5,107.0,227.0,523.5,331.5,8.0,308.5,14.0,0.5,0.7,0.5,105.0,225.0,525.0,330.0,8.0,310.0,14.0,0.5,0.7,0.5
1974,2,334.0,9.0,23.96,25.5,26.0,25.09,11.0,1.21,16.0,0.4,0.6,0.3,22.5,23.3,24.25,23.75,12.0,1.83,16.0,0.4,0.6,0.4,12.83,13.4,16.3,14.58,9.0,2.88,18.0,0.4,0.6,0.4,72.3,76.2,84.4,78.8,9.0,7.5,18.0,0.4,0.4,4.97,7.35,10.93,7.73,12.0,2.67,16.0,0.4,0.6,0.4,-6.82,-3.5,-0.6,-3.4,12.0,2.99,16.0,0.4,0.6,0.4,-8.59,-5.62,-4.74,-6.51,12.0,2.14,16.0,0.4,0.6,0.4,1010.65,1012.35,1014.23,1012.48,12.0,1.76,16.0,0.4,0.6,0.4,0.0,1.0,4.1,1.9,10.0,2.1,16.0,0.5,0.6,0.3,-64.1,-23.4,-2.7,-31.0,12.0,32.8,16.0,0.4,0.6,0.4,-80.8,-41.5,-23.6,-55.0,12.0,36.9,16.0,0.4,0.6,0.4,0.29,1.5,2.85,1.36,11.0,2.14,16.0,0.4,0.6,0.3,1.5,9.2,28.3,9.2,11.0,18.8,16.0,0.4,0.6,0.3,3.83,5.44,7.42,4.99,8.0,2.82,20.0,0.4,0.7,0.3,24.5,32.9,67.3,36.7,8.0,26.8,20.0,0.4,0.7,0.3,-162.1,-81.0,-14.3,-83.4,12.0,77.4,16.0,0.4,0.6,0.4,-200.7,-137.6,-111.3,-154.6,12.0,50.9,16.0,0.4,0.6,0.4,-116.0,-53.4,-2.9,-57.9,9.0,64.1,18.0,0.4,0.6,0.4,-146.3,-83.6,-61.5,-98.3,9.0,39.6,18.0,0.4,0.6,0.4,-24.5,-8.0,7.4,-8.4,8.0,14.9,20.0,0.4,0.7,0.3,-65.1,-29.8,-23.7,-34.1,8.0,25.1,20.0,0.4,0.7,0.3,123.5,406.5,1306.5,621.0,12.0,592.0,16.0,0.4,0.6,0.4,125.0,405.0,1305.0,620.0,12.0,590.0,16.0,0.4,0.6,0.4
1974,2,334.0,10.0,22.0,22.1,23.77,22.75,6.0,1.16,16.0,0.3,0.5,0.3,22.0,23.0,24.05,23.13,7.0,1.07,14.0,0.4,0.5,0.4,13.69,14.77,16.05,14.88,6.0,1.2,14.0,0.5,0.6,0.4,77.5,78.7,91.7,83.6,7.0,8.9,14.0,0.4,0.4,3.6,6.7,9.44,7.13,7.0,3.3,14.0,0.4,0.5,0.4,-6.07,-4.31,-3.03,-4.35,7.0,2.15,14.0,0.4,0.5,0.4,-8.12,-5.13,-3.31,-5.55,7.0,2.75,14.0,0.4,0.5,0.4,1009.79,1013.35,1014.96,1012.63,6.0,2.57,14.0,0.5,0.6,0.4,0.0,6.0,6.0,3.6,7.0,3.4,14.0,0.4,0.5,0.4,-57.6,-28.9,-10.9,-36.8,7.0,32.2,14.0,0.4,0.5,0.4,-76.9,-34.4,-11.9,-47.1,7.0,40.1,14.0,0.4,0.5,0.4,-1.05,0.0,0.85,-0.07,6.0,1.28,16.0,0.3,0.5,0.3,-6.1,0.0,9.0,1.0,6.0,13.2,16.0,0.3,0.5,0.3,1.45,3.02,3.87,2.65,5.0,1.67,16.0,0.4,0.6,0.4,6.9,21.2,41.9,23.4,5.0,18.9,16.0,0.4,0.6,0.4,-139.0,-94.7,-66.7,-100.6,7.0,49.4,14.0,0.4,0.5,0.4,-194.4,-112.9,-76.0,-128.7,7.0,64.4,14.0,0.4,0.5,0.4,-90.7,-68.4,-43.4,-68.6,6.0,36.1,14.0,0.5,0.6,0.4,-121.7,-90.7,-57.2,-92.1,6.0,37.7,14.0,0.5,0.6,0.4,-26.9,-10.6,-2.4,-13.8,5.0,12.9,16.0,0.4,0.6,0.4,-32.1,-18.4,-6.5,-18.7,5.0,14.2,16.0,0.4,0.6,0.4,46.5,301.0,855.0,571.0,7.0,656.5,14.0,0.4,0.5,0.4,45.0,300.0,855.0,570.0,7.0,655.0,14.0,0.4,0.5,0.4
1974,2,334.0,11.0,21.9,22.25,22.55,22.23,4.0,0.39,14.0,0.8,0.3,0.4,21.44,21.6,21.81,21.63,4.0,0.29,14.0,0.8,0.3,0.4,11.03,11.32,12.33,11.67,3.0,1.0,14.0,0.7,0.3,0.4,70.0,75.2,85.9,77.8,4.0,10.1,14.0,0.8,0.4,6.31,9.3,9.82,8.13,4.0,3.05,14.0,0.8,0.3,0.4,-5.35,-4.09,-3.31,-4.32,4.0,1.28,14.0,0.8,0.3,0.4,-8.91,-7.59,-4.33,-6.66,4.0,3.41,14.0,0.8,0.3,0.4,1011.59,1015.0,1015.14,1013.4,3.0,2.95,14.0,0.7,0.3,0.4,1.5,2.5,4.6,3.0,4.0,2.2,14.0,0.8,0.3,0.4,-49.7,-39.8,-23.2,-36.6,4.0,18.7,14.0,0.8,0.3,0.4,-87.9,-70.6,-34.9,-61.8,4.0,39.5,14.0,0.8,0.3,0.4,0.1,0.6,1.1,0.6,4.0,0.59,14.0,0.8,0.3,0.4,0.9,5.6,10.9,5.9,4.0,5.9,14.0,0.8,0.3,0.4,4.49,5.0,5.71,5.1,3.0,0.9,14.0,0.7,0.3,0.4,41.8,46.5,57.2,49.4,3.0,11.6,14.0,0.7,0.3,0.4,-115.5,-87.7,-71.7,-93.3,4.0,27.6,14.0,0.8,0.3,0.4,-190.8,-163.9,-94.0,-143.4,4.0,72.5,14.0,0.8,0.3,0.4,-68.9,-52.6,-42.9,-55.8,3.0,19.2,14.0,0.7,0.3,0.4,-101.0,-91.2,-91.2,-95.9,3.0,8.3,14.0,0.7,0.3,0.4,-24.7,-23.2,-21.9,-23.3,3.0,2.1,14.0,0.7,0.3,0.4,-52.7,-40.2,-33.5,-43.0,3.0,14.3,14.0,0.7,0.3,0.4,407.5,804.5,955.5,687.0,4.0,448.0,14.0,0.8,0.3,0.4,405.0,805.0,955.0,685.0,4.0,450.0,14.0,0.8,0.3,0.4
1974,2,334.0,12.0,21.21,22.0,23.49,22.06,9.0,1.28,18.0,0.4,0.7,0.4,21.1,22.2,24.66,23.1,7.0,2.43,18.0,0.6,0.6,0.4,11.27,12.29,14.77,13.04,5.0,2.57,20.0,0.6,0.6,0.3,69.4,74.0,75.6,73.0,6.0,3.1,18.0,0.7,0.3,5.17,10.3,12.27,8.96,9.0,3.47,18.0,0.4,0.7,0.4,-10.21,-6.62,-3.29,-6.43,9.0,3.78,18.0,0.4,0.7,0.4,-8.01,-6.5,-2.01,-5.36,9.0,3.03,18.0,0.4,0.7,0.4,1013.07,1013.95,1015.9,1014.44,8.0,1.47,20.0,0.4,0.6,0.4,0.0,0.0,3.5,1.4,9.0,2.2,18.0,0.4,0.7,0.4,-123.2,-68.2,-14.4,-68.1,9.0,52.2,18.0,0.4,0.7,0.4,-83.6,-68.2,-8.1,-52.9,9.0,39.1,18.0,0.4,0.7,0.4,-3.16,0.0,0.85,-1.31,7.0,2.83,18.0,0.6,0.6,0.4,-31.5,0.0,7.5,-9.2,7.0,19.9,18.0,0.6,0.6,0.4,0.29,4.61,5.41,3.13,5.0,3.11,20.0,0.6,0.6,0.3,4.7,28.7,45.7,25.2,5.0,24.0,20.0,0.6,0.6,0.3,-170.4,-120.2,-68.0,-122.2,7.0,78.2,18.0,0.6,0.6,0.4,-169.7,-143.0,-98.5,-129.2,7.0,52.0,18.0,0.6,0.6,0.4,-85.5,-74.5,-34.4,-60.1,5.0,36.1,20.0,0.6,0.6,0.3,-97.9,-88.8,-65.4,-82.9,5.0,19.3,20.0,0.6,0.6,0.3,-27.8,-8.1,2.1,-12.5,5.0,17.9,20.0,0.6,0.6,0.3,-34.2,-28.7,-3.6,-20.3,5.0,18.4,20.0,0.6,0.6,0.3,152.0,1092.5,1899.5,989.5,9.0,804.0,18.0,0.4,0.7,0.4,150.0,1095.0,1900.0,990.0,9.0,805.0,18.0,0.4,0.7,0.4
1974,2,334.0,13.0,20.71,21.85,22.62,21.68,4.0,1.27,16.0,0.5,0.6,0.2,20.86,21.9,22.0,21.45,4.0,0.97,16.0,0.5,0.6,0.2,10.22,11.18,11.99,11.11,3.0,1.3,14.0,0.3,0.5,0.2,65.2,75.6,76.7,71.1,3.0,9.3,14.0,0.3,0.2,8.15,10.3,11.19,9.7,4.0,2.47,16.0,0.5,0.6,0.2,-8.57,-7.26,-5.97,-7.27,4.0,1.64,16.0,0.5,0.6,0.2,-7.81,-7.17,-4.78,-6.33,4.0,2.23,16.0,0.5,0.6,0.2,1014.92,1016.15,1017.01,1015.98,4.0,1.28,16.0,0.5,0.6,0.2,0.5,2.0,5.6,3.0,4.0,3.6,16.0,0.5,0.6,0.2,-96.5,-74.7,-49.9,-73.3,4.0,31.9,16.0,0.5,0.6,0.2,-87.2,-74.7,-42.5,-65.3,4.0,32.3,16.0,0.5,0.6,0.2,-0.86,0.7,1.26,0.23,4.0,1.55,16.0,0.5,0.6,0.2,-8.8,6.7,10.7,1.2,4.0,14.9,16.0,0.5,0.6,0.2,2.95,4.74,6.2,4.58,3.0,2.39,14.0,0.3,0.5,0.2,24.2,29.4,57.7,40.7,3.0,26.4,14.0,0.3,0.5,0.2,-187.8,-158.8,-125.6,-156.8,4.0,40.3,16.0,0.5,0.6,0.2,-171.7,-157.0,-101.2,-137.4,4.0,51.9,16.0,0.5,0.6,0.2,-80.4,-77.1,-65.5,-73.0,3.0,11.5,14.0,0.3,0.5,0.2,-87.2,-64.7,-44.2,-65.7,3.0,31.5,14.0,0.3,0.5,0.2,-45.1,-25.5,-17.6,-31.2,3.0,20.7,14.0,0.3,0.5,0.2,-36.4,-16.7,-15.3,-25.6,3.0,17.3,14.0,0.3,0.5,0.2,645.0,1092.5,1425.5,1038.0,4.0,611.5,16.0,0.5,0.6,0.2,645.0,1095.0,1425.0,1040.0,4.0,610.0,16.0,0.5,0.6,0.2
1974,2,334.0,14.0,20.57,21.7,22.25,21.43,4.0,1.07,20.0,0.5,0.8,0.4,19.93,21.3,21.62,20.9,5.0,0.95,22.0,0.6,0.7,0.5,11.04,11.28,12.25,11.63,4.0,0.95,20.0,0.5,0.8,0.4,71.7,74.2,83.4,77.4,4.0,8.6,20.0,0.5,0.4,5.52,7.7,10.35,7.72,5.0,3.3,22.0,0.6,0.7,0.5,-6.04,-3.85,-0.92,-3.61,5.0,3.46,22.0,0.6,0.7,0.5,-8.3,-5.52,-4.0,-6.13,5.0,3.19,22.0,0.6,0.7,0.5,1013.95,1015.95,1017.53,1015.75,4.0,2.23,20.0,0.5,0.8,0.4,0.0,2.0,3.4,1.8,5.0,1.8,22.0,0.6,0.7,0.5,-51.5,-29.6,-13.2,-33.2,5.0,31.2,22.0,0.6,0.7,0.5,-78.5,-48.0,-27.5,-54.2,5.0,43.8,22.0,0.6,0.7,0.5,-0.05,0.45,1.69,0.8,4.0,1.16,20.0,0.5,0.8,0.4,-0.5,3.5,12.4,5.8,4.0,8.4,20.0,0.5,0.8,0.4,2.88,4.88,5.55,4.25,4.0,1.93,20.0,0.5,0.8,0.4,28.2,41.2,42.5,35.6,4.0,12.7,20.0,0.5,0.8,0.4,-124.2,-82.4,-17.8,-74.9,5.0,73.7,22.0,0.6,0.7,0.5,-171.9,-109.2,-85.9,-126.5,5.0,62.4,22.0,0.6,0.7,0.5,-73.7,-47.2,-34.3,-53.7,4.0,29.3,20.0,0.5,0.8,0.4,-112.1,-68.2,-57.3,-84.0,4.0,41.6,20.0,0.5,0.8,0.4,-32.4,-23.6,-11.3,-21.9,4.0,14.5,20.0,0.5,0.8,0.4,-33.7,-26.7,-18.9,-26.3,4.0,8.8,20.0,0.5,0.8,0.4,243.5,456.5,1124.5,646.5,5.0,554.0,22.0,0.6,0.7,0.5,245.0,455.0,1125.0,645.0,5.0,555.0,22.0,0.6,0.7,0.5
1974,2,334.0,15.0,20.16,21.05,21.1,20.65,4.0,0.83,16.0,0.0,0.3,0.4,20.08,20.5,20.75,20.42,5.0,0.48,16.0,0.2,0.3,0.5,11.07,11.48,11.74,11.41,4.0,0.41,16.0,0.0,0.3,0.4,75.0,78.3,86.8,81.3,5.0,10.8,16.0,0.2,0.5,3.1,7.2,9.15,6.26,5.0,3.91,16.0,0.2,0.3,0.5,-7.01,-4.6,-1.59,-4.34,5.0,3.2,16.0,0.2,0.3,0.5,-6.83,-5.27,-0.31,-3.89,5.0,3.4,16.0,0.2,0.3,0.5,1014.94,1015.55,1016.27,1015.6,4.0,0.83,16.0,0.0,0.3,0.4,0.0,1.0,2.4,1.2,5.0,1.3,16.0,0.2,0.3,0.5,-65.3,-21.2,-11.3,-36.0,5.0,35.1,16.0,0.2,0.3,0.5,-58.3,-43.2,-0.2,-33.4,5.0,32.7,16.0,0.2,0.3,0.5,-0.58,0.25,0.97,0.2,4.0,1.04,16.0,0.0,0.3,0.4,-6.2,0.4,2.2,-1.9,4.0,6.8,16.0,0.0,0.3,0.4,2.94,3.98,4.47,3.71,4.0,1.04,16.0,0.0,0.3,0.4,12.8,27.3,31.8,22.5,4.0,14.1,16.0,0.0,0.3,0.4,-145.7,-93.4,-32.8,-89.5,5.0,66.0,16.0,0.2,0.3,0.5,-140.4,-110.7,-6.2,-80.4,5.0,70.2,16.0,0.2,0.3,0.5,-85.9,-50.4,-13.3,-49.6,4.0,43.6,16.0,0.0,0.3,0.4,-77.6,-67.9,-32.5,-55.6,4.0,34.3,16.0,0.0,0.3,0.4,-21.0,-15.1,-5.6,-13.4,4.0,9.9,16.0,0.0,0.3,0.4,-25.6,-17.6,-8.6,-17.1,4.0,12.0,16.0,0.0,0.3,0.4,62.0,373.0,810.0,456.5,5.0,499.5,16.0,0.2,0.3,0.5,60.0,375.0,810.0,455.0,5.0,500.0,16.0,0.2,0.3,0.5
1974,2,334.0,16.0,20.58,21.2,22.22,21.54,9.0,1.19,12.0,0.6,0.5,0.5,20.09,21.0,22.01,21.11,10.0,1.12,14.0,0.6,0.5,0.5,10.75,11.49,14.45,12.3,7.0,1.69,14.0,0.6,0.5,0.4,68.3,76.8,85.3,78.7,7.0,11.3,14.0,0.6,0.4,5.29,7.7,12.21,8.22,10.0,3.25,14.0,0.6,0.5,0.5,-7.17,-5.9,-2.97,-5.19,10.0,2.38,14.0,0.6,0.5,0.5,-10.34,-4.47,-3.52,-5.95,10.0,3.28,14.0,0.6,0.5,0.5,1013.51,1014.25,1015.2,1014.39,10.0,1.15,14.0,0.6,0.5,0.5,0.0,1.0,6.5,2.6,9.0,3.2,14.0,0.7,0.5,0.5,-74.6,-44.5,-18.7,-47.4,10.0,31.7,14.0,0.6,0.5,0.5,-125.4,-31.4,-20.3,-57.3,10.0,51.9,14.0,0.6,0.5,0.5,-1.01,0.3,1.78,0.42,9.0,1.51,12.0,0.6,0.5,0.5,-11.3,2.3,11.5,3.1,9.0,15.0,12.0,0.6,0.5,0.5,2.3,3.78,5.02,3.88,7.0,1.37,14.0,0.6,0.5,0.4,17.7,29.9,38.7,31.4,7.0,16.2,14.0,0.6,0.5,0.4,-162.9,-118.6,-62.4,-109.8,10.0,51.7,14.0,0.6,0.5,0.5,-214.9,-91.3,-74.7,-126.5,10.0,73.6,14.0,0.6,0.5,0.5,-88.7,-66.5,-48.3,-62.5,7.0,28.7,14.0,0.6,0.5,0.4,-139.6,-55.8,-37.3,-76.6,7.0,51.4,14.0,0.6,0.5,0.4,-28.8,-21.4,-8.8,-18.3,7.0,9.8,14.0,0.6,0.5,0.4,-27.5,-18.4,-10.5,-23.3,7.0,17.0,14.0,0.6,0.5,0.4,157.5,456.5,1845.5,797.5,10.0,820.5,14.0,0.6,0.5,0.5,160.0,455.0,1845.0,800.0,10.0,820.0,14.0,0.6,0.5,0.5
1974,2,334.0,17.0,20.85,20.95,21.05,20.95,4.0,0.13,12.0,0.5,0.6,0.4,20.19,20.6,22.88,21.58,5.0,2.4,14.0,0.6,0.5,0.3,11.91,12.88,14.63,13.25,4.0,1.85,12.0,0.5,0.6,0.4,77.7,81.9,86.8,82.2,4.0,5.6,12.0,0.5,0.4,5.8,7.7,14.08,9.46,5.0,4.38,14.0,0.6,0.5,0.3,-7.83,-6.67,-4.61,-6.29,5.0,2.11,14.0,0.6,0.5,0.3,-11.31,-3.91,-3.58,-6.8,5.0,4.41,14.0,0.6,0.5,0.3,1014.18,1015.0,1018.16,1016.18,5.0,3.46,14.0,0.6,0.5,0.3,2.6,4.0,7.4,4.8,5.0,2.6,14.0,0.6,0.5,0.3,-111.2,-51.3,-27.2,-65.8,5.0,46.2,14.0,0.6,0.5,0.3,-159.5,-29.6,-19.7,-79.3,5.0,78.1,14.0,0.6,0.5,0.3,-2.28,0.5,0.71,-0.72,4.0,2.72,12.0,0.5,0.6,0.4,-11.3,5.0,10.1,-0.4,4.0,16.6,12.0,0.5,0.6,0.4,0.88,2.46,3.34,2.13,4.0,1.76,12.0,0.5,0.6,0.4,5.6,25.9,47.5,26.5,4.0,25.5,12.0,0.5,0.6,0.4,-157.6,-141.4,-101.1,-132.4,5.0,36.7,14.0,0.6,0.5,0.3,-228.3,-100.8,-75.1,-142.4,5.0,84.4,14.0,0.6,0.5,0.3,-97.3,-77.2,-61.3,-79.2,4.0,24.6,12.0,0.5,0.6,0.4,-137.8,-96.8,-51.1,-94.5,4.0,50.5,12.0,0.5,0.6,0.4,-26.3,-18.2,-5.0,-15.8,4.0,13.2,12.0,0.5,0.6,0.4,-39.3,-18.1,-2.6,-20.8,4.0,22.4,12.0,0.5,0.6,0.4,199.5,456.5,2795.5,1300.0,5.0,1411.0,14.0,0.6,0.5,0.3,200.0,455.0,2795.0,1300.0,5.0,1410.0,14.0,0.6,0.5,0.3
1974,2,334.0,18.0,19.21,19.65,20.09,19.65,2.0,0.92,10.0,0.5,0.7,0.7,20.18,21.0,21.0,20.6,3.0,0.69,8.0,0.7,0.8,0.8,10.93,11.06,11.18,11.06,2.0,0.26,10.0,0.5,0.7,0.9,73.6,74.7,75.7,74.7,2.0,2.2,10.0,0.5,0.9,9.46,9.8,10.62,10.03,3.0,0.87,8.0,0.7,0.8,0.8,-8.05,-7.12,-7.09,-7.56,3.0,0.8,8.0,0.7,0.8,0.8,-7.65,-5.98,-5.24,-6.43,3.0,1.81,8.0,0.7,0.8,0.8,1017.39,1017.8,1018.48,1017.93,3.0,0.81,8.0,0.7,0.8,0.8,0.0,0.0,1.4,0.7,3.0,1.2,8.0,0.7,0.8,0.8,-81.5,-77.8,-69.9,-75.7,3.0,8.6,8.0,0.7,0.8,0.8,-80.9,-55.6,-50.4,-65.4,3.0,23.9,8.0,0.7,0.8,0.8,-1.6,-0.75,0.1,-0.75,2.0,1.77,10.0,0.5,0.7,0.7,-17.8,-8.7,0.4,-8.7,2.0,18.8,10.0,0.5,0.7,0.7,3.87,3.87,3.87,3.87,1.0,0.0,14.0,0.0,0.4,0.9,36.0,36.0,36.0,36.0,1.0,0.0,14.0,0.0,0.4,0.9,-168.8,-148.5,-143.4,-155.9,3.0,19.7,8.0,0.7,0.8,0.8,-158.4,-118.4,-107.8,-132.7,3.0,39.1,8.0,0.7,0.8,0.8,-92.5,-86.4,-80.3,-86.4,2.0,12.7,10.0,0.5,0.7,0.9,-63.4,-60.0,-56.6,-60.0,2.0,7.0,10.0,0.5,0.7,0.9,-27.6,-27.6,-27.6,-27.6,1.0,0.0,14.0,0.0,0.4,0.9,-23.2,-23.2,-23.2,-23.2,1.0,0.0,14.0,0.0,0.4,0.9,848.0,941.0,1207.5,1025.5,3.0,273.5,8.0,0.7,0.8,0.8,850.0,940.0,1205.0,1025.0,3.0,275.0,8.0,0.7,0.8,0.8
1974,2,334.0,19.0,,,,,,,,,,,,,,,,,,,,,,,,,,,,,,,,,,,,,,,,4.6,4.6,4.6,4.6,1.0,0.0,20.0,0.0,0.9,0.7,-4.32,-4.32,-4.32,-4.32,1.0,0.0,20.0,0.0,0.9,0.7,-1.57,-1.57,-1.57,-1.57,1.0,0.0,20.0,0.0,0.9,0.7,1019.8,1019.8,1019.8,1019.8,1.0,0.0,20.0,0.0,0.9,0.7,2.0,2.0,2.0,2.0,1.0,0.0,20.0,0.0,0.9,0.7,-19.9,-19.9,-19.9,-19.9,1.0,0.0,20.0,0.0,0.9,0.7,-7.2,-7.2,-7.2,-7.2,1.0,0.0,20.0,0.0,0.9,0.7,,,,,,,,,,,,,,,,,,,,,,,,,,,,,,,,,,,,,,,,,-79.5,-79.5,-79.5,-79.5,1.0,0.0,20.0,0.0,0.9,0.7,-28.9,-28.9,-28.9,-28.9,1.0,0.0,20.0,0.0,0.9,0.7,-42.3,-42.3,-42.3,-42.3,1.0,0.0,20.0,0.0,0.9,0.7,-15.4,-15.4,-15.4,-15.4,1.0,0.0,20.0,0.0,0.9,0.7,,,,,,,,,,,,,,,,,,,,,,,,,,,,,,,,,,,,,,,,
1974,2,334.0,22.0,20.2,20.2,20.2,20.2,1.0,0.0,10.0,0.0,1.0,0.6,19.4,19.4,19.4,19.4,1.0,0.0,10.0,0.0,1.0,0.6,10.12,10.12,10.12,10.12,1.0,0.0,10.0,0.0,1.0,0.6,72.8,72.8,72.8,72.8,1.0,0.0,10.0,0.0,0.6,5.7,5.7,5.7,5.7,1.0,0.0,10.0,0.0,1.0,0.6,-4.37,-4.37,-4.37,-4.37,1.0,0.0,10.0,0.0,1.0,0.6,-3.66,-3.66,-3.66,-3.66,1.0,0.0,10.0,0.0,1.0,0.6,1018.9,1018.9,1018.9,1018.9,1.0,0.0,10.0,0.0,1.0,0.6,4.0,4.0,4.0,4.0,1.0,0.0,10.0,0.0,1.0,0.6,-24.9,-24.9,-24.9,-24.9,1.0,0.0,10.0,0.0,1.0,0.6,-20.9,-20.9,-20.9,-20.9,1.0,0.0,10.0,0.0,1.0,0.6,0.8,0.8,0.8,0.8,1.0,0.0,10.0,0.0,1.0,0.6,4.6,4.6,4.6,4.6,1.0,0.0,10.0,0.0,1.0,0.6,4.53,4.53,4.53,4.53,1.0,0.0,10.0,0.0,1.0,0.6,25.8,25.8,25.8,25.8,1.0,0.0,10.0,0.0,1.0,0.6,-84.7,-84.7,-84.7,-84.7,1.0,0.0,10.0,0.0,1.0,0.6,-71.1,-71.1,-71.1,-71.1,1.0,0.0,10.0,0.0,1.0,0.6,-44.2,-44.2,-44.2,-44.2,1.0,0.0,10.0,0.0,1.0,0.6,-37.1,-37.1,-37.1,-37.1,1.0,0.0,10.0,0.0,1.0,0.6,-19.8,-19.8,-19.8,-19.8,1.0,0.0,10.0,0.0,1.0,0.6,-16.6,-16.6,-16.6,-16.6,1.0,0.0,10.0,0.0,1.0,0.6,185.0,185.0,185.0,185.0,1.0,0.0,10.0,0.0,1.0,0.6,185.0,185.0,185.0,185.0,1.0,0.0,10.0,0.0,1.0,0.6
1974,2,334.0,23.0,,,,,,,,,,,,,,,,,,,,,,,,,,,,,,,,,,,,,,,,5.76,7.4,9.04,7.4,2.0,3.39,20.0,0.5,0.9,0.3,-6.05,-5.5,-4.95,-5.5,2.0,1.13,20.0,0.5,0.9,0.3,-6.59,-4.61,-2.63,-4.61,2.0,4.1,20.0,0.5,0.9,0.3,1020.5,1022.0,1023.5,1022.0,2.0,3.11,20.0,0.5,0.9,0.3,,,,,,,,,,,,,,,,,,,,,,,,,,,,,,,,,,,,,,,,,,,,,,,,,,,,,,,,,,,,,,,,,,,,,,,,,,,,,,,,,,,,,,,,,,,,,,,,,,,,,,,,,,,,,,,,,,,,,,,,,,,,,,,,,,,,,,,,,,,,,,,,,,,,,,
1974,2,334.0,24.0,20.91,21.35,21.79,21.35,2.0,0.92,10.0,0.5,0.5,0.7,19.4,20.25,21.1,20.25,2.0,1.77,10.0,0.5,0.5,0.7,12.45,12.89,13.34,12.89,2.0,0.92,10.0,0.5,0.5,0.7,81.1,88.7,96.4,88.7,2.0,15.9,10.0,0.5,0.7,4.25,5.65,7.05,5.65,2.0,2.9,10.0,0.5,0.5,0.7,-6.45,-4.77,-3.1,-4.77,2.0,3.48,10.0,0.5,0.5,0.7,-2.74,-2.7,-2.65,-2.7,2.0,0.09,10.0,0.5,0.5,0.7,1021.52,1021.55,1021.58,1021.55,2.0,0.07,10.0,0.5,0.5,0.7,1.6,3.0,4.4,3.0,2.0,2.8,10.0,0.5,0.5,0.7,-48.2,-32.0,-15.9,-32.0,2.0,33.5,10.0,0.5,0.5,0.7,-18.6,-15.1,-11.6,-15.1,2.0,7.3,10.0,0.5,0.5,0.7,-0.2,1.1,2.4,1.1,2.0,2.69,10.0,0.5,0.5,0.7,-3.5,2.3,8.1,2.3,2.0,12.0,10.0,0.5,0.5,0.7,2.79,2.8,2.82,2.8,2.0,0.03,10.0,0.5,0.5,0.7,11.9,15.9,19.9,15.9,2.0,8.3,10.0,0.5,0.5,0.7,-137.9,-99.8,-61.7,-99.8,2.0,78.9,10.0,0.5,0.5,0.7,-56.0,-54.5,-53.1,-54.5,2.0,3.0,10.0,0.5,0.5,0.7,-79.5,-59.9,-40.4,-59.9,2.0,40.5,10.0,0.5,0.5,0.7,-36.5,-34.8,-33.0,-34.8,2.0,3.6,10.0,0.5,0.5,0.7,-18.2,-13.4,-8.7,-13.4,2.0,9.9,10.0,0.5,0.5,0.7,-7.6,-7.6,-7.5,-7.6,2.0,0.2,10.0,0.5,0.5,0.7,111.5,251.5,391.5,251.5,2.0,290.0,10.0,0.5,0.5,0.7,110.0,250.0,390.0,250.0,2.0,290.0,10.0,0.5,0.5,0.7
1974,2,334.0,25.0,20.19,20.6,22.24,21.2,3.0,1.59,12.0,0.3,0.9,0.6,18.96,19.3,19.64,19.3,2.0,0.71,12.0,0.0,0.8,0.7,9.73,9.73,9.73,9.73,1.0,0.0,14.0,0.0,0.6,0.6,68.8,68.8,68.8,68.8,1.0,0.0,14.0,0.0,0.6,5.58,7.7,9.67,7.63,4.0,2.85,12.0,0.3,0.7,0.5,-3.94,-3.11,-1.17,-2.58,4.0,1.86,12.0,0.3,0.7,0.5,-8.8,-6.93,-5.37,-7.08,4.0,2.56,12.0,0.3,0.7,0.5,1020.51,1022.45,1024.23,1022.38,4.0,2.25,12.0,0.3,0.7,0.5,1.0,3.0,6.1,3.5,4.0,3.4,12.0,0.3,0.7,0.5,-37.7,-25.7,-8.4,-23.2,4.0,18.3,12.0,0.3,0.7,0.5,-87.3,-53.5,-32.0,-59.4,4.0,40.3,12.0,0.3,0.7,0.5,0.86,1.0,1.14,1.0,2.0,0.28,12.0,0.0,0.8,0.7,4.9,8.2,11.6,8.2,2.0,7.0,12.0,0.0,0.8,0.7,5.19,5.19,5.19,5.19,1.0,0.0,14.0,0.0,0.6,0.6,21.3,21.3,21.3,21.3,1.0,0.0,14.0,0.0,0.6,0.6,-59.5,-35.4,-11.2,-35.4,2.0,50.0,12.0,0.0,0.8,0.7,-176.4,-137.8,-99.1,-137.8,2.0,80.0,12.0,0.0,0.8,0.7,0.0,0.0,0.0,0.0,1.0,0.0,14.0,0.0,0.6,0.6,-39.9,-39.9,-39.9,-39.9,1.0,0.0,14.0,0.0,0.6,0.6,0.0,0.0,0.0,0.0,1.0,0.0,14.0,0.0,0.6,0.6,-21.3,-21.3,-21.3,-21.3,1.0,0.0,14.0,0.0,0.6,0.6,214.0,462.5,960.0,581.0,4.0,538.0,12.0,0.3,0.7,0.5,215.0,460.0,960.0,580.0,4.0,540.0,12.0,0.3,0.7,0.5
1974,2,334.0,26.0,20.48,21.0,21.0,20.75,4.0,0.5,10.0,1.0,0.8,0.5,20.21,21.25,21.71,20.98,4.0,1.05,10.0,1.0,0.8,0.5,10.92,11.31,11.7,11.31,2.0,0.81,16.0,1.0,0.7,0.5,70.5,71.8,73.1,71.8,2.0,2.7,16.0,1.0,0.5,4.29,4.85,5.57,4.93,4.0,0.85,10.0,1.0,0.8,0.5,-4.21,-3.57,-2.61,-3.42,4.0,1.07,10.0,1.0,0.8,0.5,-4.27,-3.69,-2.07,-3.19,4.0,1.66,10.0,1.0,0.8,0.5,1020.75,1024.35,1025.43,1023.15,4.0,3.67,10.0,1.0,0.8,0.5,2.5,3.0,3.5,3.0,4.0,0.8,10.0,1.0,0.8,0.5,-22.0,-18.8,-12.2,-17.2,4.0,6.7,10.0,1.0,0.8,0.5,-23.9,-16.9,-8.5,-16.3,4.0,10.1,10.0,1.0,0.8,0.5,-0.71,-0.25,0.26,-0.22,4.0,0.61,10.0,1.0,0.8,0.5,-3.6,-1.5,1.0,-1.3,4.0,2.8,10.0,1.0,0.8,0.5,3.6,4.04,4.47,4.04,2.0,0.9,16.0,1.0,0.7,0.5,16.9,19.7,22.5,19.7,2.0,5.8,16.0,1.0,0.7,0.5,-91.5,-75.9,-53.2,-72.5,4.0,25.5,10.0,1.0,0.8,0.5,-90.8,-74.8,-41.3,-66.5,4.0,35.1,10.0,1.0,0.8,0.5,-50.9,-44.5,-38.1,-44.5,2.0,13.2,16.0,1.0,0.7,0.5,-36.8,-25.7,-14.6,-25.7,2.0,22.9,16.0,1.0,0.7,0.5,-15.4,-15.4,-15.3,-15.4,2.0,0.1,16.0,1.0,0.7,0.5,-15.8,-10.5,-5.2,-10.5,2.0,11.0,16.0,1.0,0.7,0.5,80.0,115.0,176.5,127.5,4.0,65.5,10.0,1.0,0.8,0.5,80.0,115.0,175.0,125.0,4.0,65.0,10.0,1.0,0.8,0.5
1974,2,334.0,27.0,,,,,,,,,,,,,,,,,,,,,,,,,,,,,,,,,,,,,,,,6.43,8.5,10.57,8.5,4.0,2.89,10.0,0.8,0.6,0.5,-9.73,-8.26,-5.26,-7.53,4.0,3.11,10.0,0.8,0.6,0.5,-4.97,-3.28,-1.3,-3.14,4.0,2.5,10.0,0.8,0.6,0.5,1019.77,1024.2,1025.76,1022.82,5.0,3.9,12.0,0.6,0.5,0.5,,,,,,,,,,,,,,,,,,,,,,,,,,,,,,,,,,,,,,,,,,,,,,,,,,,,,,,,,,,,,,,,,,,,,,,,,,,,,,,,,,,,,,,,,,,,,,,,,,,,,,,,,,,,,,,,,,,,,,,,,,,,,,,,,,,,,,,,,,,,,,,,,,,,,,
1974,2,334.0,28.0,20.34,21.0,23.0,21.44,5.0,1.6,18.0,0.4,0.6,0.6,18.52,19.0,19.66,19.08,5.0,0.72,18.0,0.4,0.6,0.6,9.45,10.12,11.11,10.27,4.0,1.11,20.0,0.5,0.5,0.6,72.4,75.9,80.0,76.2,4.0,4.5,20.0,0.5,0.6,2.33,9.3,10.65,7.14,5.0,4.94,18.0,0.4,0.6,0.6,-5.13,-4.45,-1.19,-3.32,5.0,2.67,18.0,0.4,0.6,0.6,-9.57,-7.12,-1.45,-5.98,5.0,4.75,18.0,0.4,0.6,0.6,1023.74,1026.7,1030.49,1026.74,5.0,4.44,18.0,0.4,0.6,0.6,2.9,7.0,7.4,5.4,5.0,2.9,18.0,0.4,0.6,0.6,-56.4,-43.2,-4.4,-32.6,5.0,27.5,18.0,0.4,0.6,0.6,-105.5,-66.3,-4.1,-61.3,5.0,64.1,18.0,0.4,0.6,0.6,0.75,1.6,4.29,2.36,5.0,1.92,18.0,0.4,0.6,0.6,2.4,6.5,39.9,18.5,5.0,20.7,18.0,0.4,0.6,0.6,3.42,5.48,7.76,5.59,4.0,2.51,20.0,0.5,0.5,0.6,26.2,55.9,72.2,49.5,4.0,29.2,20.0,0.5,0.5,0.6,-95.2,-83.1,-24.2,-62.5,5.0,50.1,18.0,0.4,0.6,0.6,-176.5,-135.4,-29.0,-112.0,5.0,88.0,18.0,0.4,0.6,0.6,-52.8,-44.4,-34.8,-43.8,4.0,12.7,20.0,0.5,0.5,0.6,-101.8,-71.7,-45.5,-73.6,4.0,42.6,20.0,0.5,0.5,0.6,-41.1,-26.1,-11.4,-26.2,4.0,17.4,20.0,0.5,0.5,0.6,-59.2,-46.5,-22.9,-41.3,4.0,25.0,20.0,0.5,0.5,0.6,19.5,804.5,1313.0,767.5,5.0,891.5,18.0,0.4,0.6,0.6,20.0,805.0,1315.0,765.0,5.0,890.0,18.0,0.4,0.6,0.6
1974,2,334.0,29.0,19.13,19.5,19.76,19.45,4.0,0.49,18.0,0.5,0.4,0.5,17.69,18.05,18.57,18.13,4.0,0.66,18.0,0.5,0.4,0.5,7.85,8.44,9.71,8.77,3.0,1.39,16.0,0.7,0.5,0.7,62.6,62.6,75.5,68.9,3.0,10.9,16.0,0.7,0.7,6.05,8.25,11.97,8.98,4.0,4.02,18.0,0.5,0.4,0.5,-7.8,-4.63,-2.5,-5.13,4.0,3.14,18.0,0.5,0.4,0.5,-9.49,-3.76,-2.8,-6.04,4.0,5.48,18.0,0.5,0.4,0.5,1022.33,1024.6,1028.7,1025.48,4.0,4.01,18.0,0.5,0.4,0.5,5.4,7.0,7.5,6.5,4.0,1.7,18.0,0.5,0.4,0.5,-65.8,-42.4,-23.7,-44.6,4.0,28.7,18.0,0.5,0.4,0.5,-121.1,-25.6,-19.6,-68.3,4.0,90.7,18.0,0.5,0.4,0.5,0.93,1.45,1.71,1.33,4.0,0.59,18.0,0.5,0.4,0.5,8.3,10.2,12.0,10.1,4.0,2.4,18.0,0.5,0.4,0.5,4.21,5.53,5.63,4.94,3.0,1.16,16.0,0.7,0.5,0.7,34.5,52.8,71.1,52.8,3.0,26.8,16.0,0.7,0.5,0.7,-137.6,-84.6,-46.3,-91.7,4.0,53.7,18.0,0.5,0.4,0.5,-178.5,-66.9,-49.6,-111.9,4.0,106.0,18.0,0.5,0.4,0.5,-68.6,-66.2,-35.4,-52.3,3.0,27.1,16.0,0.7,0.5,0.7,-89.8,-25.4,-24.5,-56.4,3.0,54.9,16.0,0.7,0.5,0.7,-41.6,-24.4,-17.2,-29.3,3.0,18.4,16.0,0.7,0.5,0.7,-59.2,-18.1,-11.8,-35.1,3.0,37.7,16.0,0.7,0.5,0.7,243.0,589.0,1947.5,1072.0,4.0,1306.5,18.0,0.5,0.4,0.5,245.0,590.0,1945.0,1070.0,4.0,1305.0,18.0,0.5,0.4,0.5
1974,2,334.0,30.0,20.58,20.75,20.92,20.75,2.0,0.35,12.0,0.0,0.4,0.4,18.24,18.5,19.13,18.68,4.0,0.72,16.0,0.5,0.5,0.6,8.59,10.17,11.75,10.17,2.0,3.27,14.0,0.5,0.9,0.8,64.9,74.6,84.3,74.6,2.0,20.1,14.0,0.5,0.8,5.1,7.1,12.72,8.83,4.0,5.68,16.0,0.5,0.5,0.6,-6.68,-4.16,0.74,-3.02,4.0,5.16,16.0,0.5,0.5,0.6,-9.43,-0.69,1.62,-3.76,4.0,8.86,16.0,0.5,0.5,0.6,1020.5,1026.6,1027.36,1024.05,4.0,5.74,16.0,0.5,0.5,0.6,4.0,5.5,6.5,5.3,4.0,1.7,16.0,0.5,0.5,0.6,-56.9,-41.7,-7.0,-32.4,4.0,35.0,16.0,0.5,0.5,0.6,-154.4,-5.6,10.1,-69.1,4.0,144.2,16.0,0.5,0.5,0.6,2.08,2.25,2.42,2.25,2.0,0.35,12.0,0.0,0.4,0.4,13.6,16.2,18.8,16.2,2.0,5.4,12.0,0.0,0.4,0.4,6.94,6.94,6.94,6.94,1.0,0.0,18.0,0.0,0.8,0.8,43.0,43.0,43.0,43.0,1.0,0.0,18.0,0.0,0.8,0.8,-123.7,-76.2,17.0,-54.4,4.0,97.7,16.0,0.5,0.5,0.6,-170.1,-12.8,30.0,-67.4,4.0,159.8,16.0,0.5,0.5,0.6,-27.4,4.5,36.4,4.5,2.0,66.0,14.0,0.5,0.9,0.8,3.9,12.2,20.5,12.2,2.0,17.2,14.0,0.5,0.9,0.8,-37.2,-37.2,-37.2,-37.2,1.0,0.0,18.0,0.0,0.8,0.8,21.5,21.5,21.5,21.5,1.0,0.0,18.0,0.0,0.8,0.8,149.5,375.0,2817.5,1433.0,4.0,2327.0,16.0,0.5,0.5,0.6,150.0,375.0,2820.0,1435.0,4.0,2325.0,16.0,0.5,0.5,0.6
1974,2,334.0,31.0,,,,,,,,,,,,,,,,,,,,,,,,,,,,,,,,,,,,,,,,3.95,7.0,8.07,7.01,7.0,4.08,12.0,0.9,0.8,0.3,-6.06,-4.92,3.94,-1.15,7.0,5.73,12.0,0.9,0.8,0.3,-4.02,-1.37,-0.8,-3.5,7.0,5.04,12.0,0.9,0.8,0.3,1023.32,1028.55,1032.06,1028.2,6.0,4.43,14.0,1.0,0.8,0.3,1.9,6.0,8.0,5.0,7.0,3.1,12.0,0.9,0.8,0.3,-44.3,-24.6,17.1,-15.5,7.0,46.2,12.0,0.9,0.8,0.3,-34.0,-10.3,-4.1,-41.5,7.0,80.6,12.0,0.9,0.8,0.3,,,,,,,,,,,,,,,,,,,,,,,,,,,,,,,,,,,,,,,,,,,,,,,,,,,,,,,,,,,,,,,,,,,,,,,,,,,,,,,,,,,,,,,,,,,,,,,,,,,,,,,,,,,,,,,,,,,,,,,,
1974,2,334.0,32.0,17.15,18.15,19.0,18.16,12.0,1.07,14.0,0.5,0.6,0.3,15.98,17.6,19.08,17.7,13.0,1.51,16.0,0.5,0.6,0.3,8.28,9.74,11.41,9.84,4.0,1.82,18.0,0.5,0.3,0.3,70.2,78.4,86.0,78.1,4.0,9.1,18.0,0.5,0.3,3.99,7.0,13.9,8.12,13.0,4.38,16.0,0.5,0.6,0.3,-8.93,-5.65,5.86,-3.26,13.0,6.51,16.0,0.5,0.6,0.3,-4.19,1.22,4.47,0.04,13.0,6.06,16.0,0.5,0.6,0.3,1016.94,1022.3,1030.46,1023.34,13.0,7.67,16.0,0.5,0.6,0.3,4.0,7.0,8.0,6.1,11.0,1.8,16.0,0.5,0.6,0.2,-124.2,-42.2,36.3,-43.7,13.0,77.4,16.0,0.5,0.6,0.3,-34.0,2.6,27.4,0.4,13.0,78.7,16.0,0.5,0.6,0.3,-1.05,0.1,2.38,0.45,12.0,1.93,14.0,0.5,0.6,0.3,-6.8,0.8,23.3,7.0,12.0,23.8,14.0,0.5,0.6,0.3,1.6,3.45,4.77,3.2,4.0,1.88,18.0,0.5,0.3,0.3,10.5,35.1,60.1,35.3,4.0,28.9,18.0,0.5,0.3,0.3,-156.1,-93.2,111.4,-54.2,13.0,114.7,16.0,0.5,0.6,0.3,-65.9,22.1,71.4,3.3,13.0,106.6,16.0,0.5,0.6,0.3,-72.5,-58.1,16.0,-29.6,4.0,69.2,18.0,0.5,0.3,0.3,-84.9,-40.1,13.3,-36.0,4.0,57.3,18.0,0.5,0.3,0.3,-34.9,-20.9,-3.5,-19.2,4.0,20.3,18.0,0.5,0.3,0.3,-48.6,-23.9,2.7,-23.0,4.0,29.6,18.0,0.5,0.3,0.3,65.0,343.0,2685.5,1001.5,13.0,1322.0,16.0,0.5,0.6,0.3,65.0,345.0,2685.0,1000.0,13.0,1320.0,16.0,0.5,0.6,0.3
1974,2,334.0,33.0,18.95,19.0,20.1,19.47,7.0,1.26,8.0,0.6,0.7,0.5,18.11,19.1,20.27,19.25,8.0,2.12,10.0,0.6,0.7,0.4,9.09,10.51,11.77,10.31,5.0,1.96,10.0,0.4,0.7,0.5,72.9,78.8,84.5,78.7,5.0,8.6,10.0,0.4,0.5,3.66,6.15,9.6,6.6,8.0,3.64,10.0,0.6,0.7,0.4,-7.35,0.42,7.24,0.11,8.0,7.23,10.0,0.6,0.7,0.4,-2.88,0.0,2.92,0.45,8.0,3.23,10.0,0.6,0.7,0.4,1014.67,1024.45,1027.84,1021.6,8.0,9.62,10.0,0.6,0.7,0.4,3.3,6.5,7.9,6.0,8.0,2.0,10.0,0.6,0.7,0.4,-57.6,3.2,54.2,-4.8,8.0,72.5,10.0,0.6,0.7,0.4,-11.9,0.0,11.1,6.9,8.0,33.9,10.0,0.6,0.7,0.4,-1.14,-0.2,3.52,0.19,7.0,2.77,8.0,0.6,0.7,0.5,-6.3,-1.5,8.6,-4.1,7.0,16.8,8.0,0.6,0.7,0.5,1.6,3.06,6.1,3.61,5.0,2.49,10.0,0.4,0.7,0.5,7.3,12.6,23.0,14.2,5.0,9.0,10.0,0.4,0.7,0.5,-146.4,11.1,139.6,7.7,8.0,146.1,10.0,0.6,0.7,0.4,-54.9,0.0,45.8,5.4,8.0,62.7,10.0,0.6,0.7,0.4,-16.0,32.1,62.3,26.0,5.0,42.9,10.0,0.4,0.7,0.5,-19.8,0.0,17.0,-2.3,5.0,23.5,10.0,0.4,0.7,0.5,-11.8,1.2,14.9,2.1,5.0,15.1,10.0,0.4,0.7,0.5,-1.6,0.0,9.7,4.1,5.0,9.0,10.0,0.4,0.7,0.5,49.0,277.0,893.5,535.0,8.0,726.5,10.0,0.6,0.7,0.4,50.0,275.0,895.0,535.0,8.0,725.0,10.0,0.6,0.7,0.4
1974,2,334.0,34.0,16.29,17.0,19.44,17.77,11.0,1.65,12.0,0.5,0.6,0.4,16.9,17.4,18.28,17.56,13.0,1.54,12.0,0.4,0.6,0.5,7.16,8.57,11.37,9.09,10.0,1.95,12.0,0.5,0.6,0.4,64.7,72.4,87.6,75.3,10.0,11.6,12.0,0.5,0.4,2.13,4.1,7.09,4.39,15.0,3.16,14.0,0.5,0.5,0.5,-1.55,0.89,6.47,1.97,15.0,4.24,14.0,0.5,0.5,0.5,-1.93,0.0,2.63,0.1,15.0,2.91,14.0,0.5,0.5,0.5,1023.19,1027.0,1035.03,1028.26,15.0,5.81,14.0,0.5,0.5,0.5,2.1,5.5,7.9,5.0,14.0,2.4,12.0,0.5,0.5,0.5,-4.0,2.3,44.8,18.4,15.0,37.7,14.0,0.5,0.5,0.5,-4.3,0.0,10.3,0.6,15.0,17.6,14.0,0.5,0.5,0.5,-1.29,0.6,2.67,0.58,11.0,1.99,12.0,0.5,0.6,0.4,-9.0,1.6,9.8,-0.2,11.0,13.1,12.0,0.5,0.6,0.4,2.74,3.3,5.18,3.68,9.0,1.93,14.0,0.6,0.5,0.3,9.2,13.1,20.9,14.5,9.0,9.6,14.0,0.6,0.5,0.3,-36.0,14.2,135.0,41.0,13.0,82.0,12.0,0.4,0.6,0.5,-45.8,0.0,47.8,2.6,13.0,53.0,12.0,0.4,0.6,0.5,-27.3,5.8,79.7,20.9,10.0,54.9,12.0,0.5,0.6,0.4,-24.8,18.2,28.8,5.8,10.0,30.0,12.0,0.5,0.6,0.4,-7.9,0.0,6.3,-0.9,9.0,9.5,14.0,0.6,0.5,0.3,-14.7,7.1,11.8,0.0,9.0,15.4,14.0,0.6,0.5,0.3,10.0,69.0,357.0,223.5,15.0,370.0,14.0,0.5,0.5,0.5,10.0,70.0,355.0,225.0,15.0,370.0,14.0,0.5,0.5,0.5
1974,2,334.0,35.0,17.06,17.4,18.21,17.58,6.0,0.85,16.0,0.5,0.7,0.5,15.58,16.0,17.88,16.79,7.0,1.52,16.0,0.6,0.6,0.4,7.66,8.5,10.13,8.88,4.0,1.6,10.0,0.5,0.5,0.7,65.5,79.0,88.9,77.3,4.0,14.2,10.0,0.5,0.7,4.53,5.7,7.91,6.46,7.0,2.88,16.0,0.6,0.6,0.4,-6.14,0.0,4.44,-0.91,7.0,5.2,16.0,0.6,0.6,0.4,-7.33,0.0,2.86,-1.63,7.0,5.08,16.0,0.6,0.6,0.4,1026.76,1030.0,1032.62,1029.11,7.0,3.78,16.0,0.6,0.6,0.4,3.9,6.0,8.0,6.0,7.0,2.3,16.0,0.6,0.6,0.4,-44.8,0.0,22.8,-12.2,7.0,43.8,16.0,0.6,0.6,0.4,-58.3,0.0,13.2,-21.7,7.0,46.7,16.0,0.6,0.6,0.4,-0.79,0.35,2.21,0.6,6.0,1.66,16.0,0.5,0.7,0.5,-5.2,2.4,11.9,1.7,6.0,11.4,16.0,0.5,0.7,0.5,2.02,3.21,4.05,3.05,4.0,1.37,10.0,0.5,0.5,0.7,10.0,15.1,22.1,16.0,4.0,8.7,10.0,0.5,0.5,0.7,-97.2,0.0,75.1,-17.8,7.0,89.5,16.0,0.6,0.6,0.4,-118.8,0.0,44.9,-29.5,7.0,90.6,16.0,0.6,0.6,0.4,9.9,32.9,47.0,28.6,4.0,22.8,10.0,0.5,0.5,0.7,-18.8,24.6,27.1,5.1,4.0,41.4,10.0,0.5,0.5,0.7,2.7,7.5,11.8,7.3,4.0,6.0,10.0,0.5,0.5,0.7,-11.9,5.7,11.2,-0.1,4.0,17.7,10.0,0.5,0.5,0.7,94.0,185.0,517.5,424.5,7.0,593.5,16.0,0.6,0.6,0.4,95.0,185.0,515.0,425.0,7.0,595.0,16.0,0.6,0.6,0.4
1974,2,334.0,36.0,15.99,16.55,17.51,16.59,26.0,1.07,12.0,0.4,0.6,0.5,14.48,16.4,17.26,15.91,27.0,1.44,14.0,0.4,0.6,0.5,7.42,9.32,10.51,9.22,20.0,1.64,14.0,0.4,0.5,0.6,73.6,83.2,97.4,83.8,20.0,10.8,14.0,0.4,0.6,3.93,6.7,12.54,7.83,24.0,4.76,14.0,0.4,0.6,0.6,-4.52,0.0,6.12,0.46,24.0,6.05,14.0,0.4,0.6,0.6,-3.92,1.33,10.23,2.17,24.0,6.69,14.0,0.4,0.6,0.6,1015.11,1025.5,1030.4,1023.03,27.0,7.89,14.0,0.4,0.6,0.5,2.7,6.5,8.0,5.4,24.0,2.6,14.0,0.5,0.6,0.6,-41.4,0.0,70.0,15.9,24.0,79.5,14.0,0.4,0.6,0.6,-18.2,5.6,137.6,30.5,24.0,84.0,14.0,0.4,0.6,0.6,-1.01,0.55,2.01,0.65,26.0,1.79,12.0,0.4,0.6,0.5,-12.7,1.7,19.6,2.8,23.0,15.4,14.0,0.4,0.5,0.6,0.84,2.33,3.73,2.45,20.0,1.46,14.0,0.4,0.5,0.6,5.2,15.2,33.1,18.0,18.0,13.2,14.0,0.4,0.5,0.6,-65.8,0.0,101.6,12.1,24.0,99.5,14.0,0.4,0.6,0.6,-55.0,21.1,180.8,41.4,24.0,108.6,14.0,0.4,0.6,0.6,-44.1,0.0,21.9,1.2,18.0,60.7,14.0,0.4,0.5,0.6,-31.1,0.0,74.4,11.3,18.0,63.8,14.0,0.4,0.5,0.6,-19.0,0.0,3.2,-5.6,18.0,15.7,14.0,0.4,0.5,0.6,-18.5,0.0,8.1,-4.2,18.0,14.8,14.0,0.4,0.5,0.6,61.0,301.0,1978.5,1030.0,24.0,1439.0,14.0,0.4,0.6,0.6,60.0,300.0,1980.0,1030.0,24.0,1440.0,14.0,0.4,0.6,0.6
1974,2,334.0,37.0,15.1,16.0,16.7,15.84,23.0,0.91,12.0,0.7,0.5,0.5,15.0,16.2,17.0,16.08,29.0,1.16,12.0,0.6,0.5,0.5,7.03,9.75,10.61,9.16,19.0,1.81,12.0,0.7,0.5,0.5,67.8,84.0,92.0,80.7,20.0,12.2,12.0,0.7,0.5,2.6,5.1,9.0,5.45,28.0,2.84,12.0,0.6,0.5,0.5,-2.91,0.96,3.59,0.87,28.0,3.91,12.0,0.6,0.5,0.5,-1.29,1.35,6.59,1.98,28.0,4.34,12.0,0.6,0.5,0.5,1020.76,1028.2,1034.74,1027.49,27.0,6.36,12.0,0.6,0.5,0.5,3.0,4.0,6.0,4.5,26.0,1.7,12.0,0.7,0.5,0.5,-12.5,3.4,22.1,5.7,28.0,32.4,12.0,0.6,0.5,0.5,-4.4,3.5,46.8,12.7,28.0,35.7,12.0,0.6,0.5,0.5,-1.0,0.0,1.1,-0.11,23.0,1.21,12.0,0.7,0.5,0.5,-5.3,-0.1,3.5,-1.6,22.0,8.8,12.0,0.6,0.5,0.5,0.7,1.93,4.17,2.25,17.0,1.93,12.0,0.8,0.5,0.5,1.6,5.2,28.1,11.7,16.0,15.8,12.0,0.8,0.5,0.5,-46.1,15.5,66.1,15.7,28.0,62.2,12.0,0.6,0.5,0.5,-20.1,22.3,102.9,32.7,28.0,69.3,12.0,0.6,0.5,0.5,-23.5,7.9,38.3,11.3,18.0,34.4,12.0,0.7,0.5,0.5,0.0,13.1,64.8,24.9,18.0,35.4,12.0,0.7,0.5,0.5,-13.1,0.3,5.0,1.4,16.0,17.5,12.0,0.8,0.5,0.5,-4.7,0.5,3.5,1.2,16.0,9.4,12.0,0.8,0.5,0.5,17.5,132.5,729.0,292.5,28.0,328.0,12.0,0.6,0.5,0.5,20.0,135.0,730.0,290.0,28.0,330.0,12.0,0.6,0.5,0.5
1974,2,334.0,38.0,14.47,15.0,16.03,15.18,12.0,0.89,12.0,0.5,0.6,0.5,13.4,15.3,17.64,15.43,15.0,1.86,12.0,0.5,0.6,0.5,6.58,7.37,9.97,8.11,14.0,1.74,12.0,0.5,0.6,0.5,66.1,71.0,87.9,75.0,14.0,11.1,12.0,0.5,0.5,0.69,5.65,9.92,5.44,16.0,4.08,12.0,0.5,0.6,0.5,-4.84,0.0,2.68,0.15,16.0,4.6,12.0,0.5,0.6,0.5,-0.58,0.19,6.48,1.97,16.0,4.78,12.0,0.5,0.6,0.5,1019.22,1027.8,1029.5,1025.47,15.0,6.21,12.0,0.5,0.6,0.5,3.0,6.5,8.0,5.4,16.0,2.7,12.0,0.5,0.6,0.5,-33.3,0.0,13.3,4.8,16.0,40.7,12.0,0.5,0.6,0.5,-1.6,0.1,45.0,18.7,16.0,51.2,12.0,0.5,0.6,0.5,-1.73,-0.05,1.73,0.02,12.0,2.16,12.0,0.5,0.6,0.5,-3.3,-0.1,5.3,0.2,12.0,7.4,12.0,0.5,0.6,0.5,1.1,3.46,4.22,2.73,12.0,1.84,12.0,0.5,0.6,0.5,0.0,7.7,30.0,13.9,12.0,15.6,12.0,0.5,0.6,0.5,-74.0,0.0,43.4,5.5,15.0,68.6,12.0,0.5,0.6,0.5,-8.8,0.0,93.5,24.2,15.0,78.0,12.0,0.5,0.6,0.5,-20.8,1.8,27.2,7.0,14.0,32.0,12.0,0.5,0.6,0.5,-3.8,2.1,44.3,15.7,14.0,45.3,12.0,0.5,0.6,0.5,-5.2,0.0,13.5,3.8,12.0,18.0,12.0,0.5,0.6,0.5,-1.6,0.0,11.2,4.5,12.0,9.7,12.0,0.5,0.6,0.5,0.5,185.5,983.0,428.0,16.0,609.5,12.0,0.5,0.6,0.5,0.0,185.0,985.0,430.0,16.0,610.0,12.0,0.5,0.6,0.5
1974,2,334.0,39.0,13.9,14.45,15.56,14.51,14.0,1.07,14.0,0.6,0.5,0.4,12.58,14.3,17.05,14.33,16.0,2.44,16.0,0.6,0.5,0.4,6.22,8.07,9.54,7.96,13.0,1.62,14.0,0.5,0.5,0.4,68.0,76.1,94.9,79.0,13.0,13.0,14.0,0.5,0.4,4.1,9.3,13.9,8.76,13.0,4.3,16.0,0.6,0.5,0.4,-10.76,3.55,7.18,0.56,13.0,7.99,16.0,0.6,0.5,0.4,-2.48,2.12,7.3,2.59,13.0,5.5,16.0,0.6,0.5,0.4,1017.77,1024.2,1029.13,1023.36,15.0,7.25,14.0,0.5,0.5,0.4,5.0,6.0,8.0,6.1,15.0,2.0,14.0,0.6,0.5,0.4,-123.5,14.6,97.0,0.8,13.0,97.6,16.0,0.6,0.5,0.4,-11.8,13.1,71.8,30.7,13.0,68.4,16.0,0.6,0.5,0.4,-2.1,0.4,1.68,0.35,14.0,2.75,14.0,0.6,0.5,0.4,-23.5,2.8,8.4,0.4,11.0,40.1,14.0,0.6,0.4,0.4,0.57,1.76,3.6,2.0,12.0,1.56,12.0,0.6,0.5,0.4,0.2,9.8,21.1,11.2,9.0,9.8,12.0,0.7,0.5,0.5,-111.7,41.5,110.9,15.7,13.0,116.5,16.0,0.6,0.5,0.4,-27.7,36.9,113.9,46.3,13.0,79.1,16.0,0.6,0.5,0.4,-47.5,33.6,77.6,19.4,10.0,65.1,14.0,0.6,0.5,0.4,-4.1,24.7,57.0,24.7,10.0,37.4,14.0,0.6,0.5,0.4,-14.6,3.0,7.8,-0.9,9.0,11.8,12.0,0.7,0.5,0.5,-2.6,1.1,7.4,1.4,9.0,9.8,12.0,0.7,0.5,0.5,69.0,804.5,2685.5,1118.0,13.0,1110.5,16.0,0.6,0.5,0.4,70.0,805.0,2685.0,1120.0,13.0,1110.0,16.0,0.6,0.5,0.4
1974,2,334.0,40.0,13.0,14.15,15.0,14.09,22.0,0.97,12.0,0.5,0.7,0.5,12.96,13.6,15.04,13.88,25.0,1.33,12.0,0.6,0.6,0.5,6.08,7.15,9.11,7.52,22.0,1.6,12.0,0.6,0.6,0.5,63.3,77.4,88.3,76.4,22.0,13.2,12.0,0.6,0.5,5.1,9.3,12.93,10.36,24.0,5.91,12.0,0.6,0.6,0.5,0.0,5.98,11.97,6.66,24.0,7.6,12.0,0.6,0.6,0.5,-7.33,-2.4,5.15,-1.18,24.0,6.43,12.0,0.6,0.6,0.5,1005.71,1022.2,1028.0,1018.43,25.0,9.87,12.0,0.6,0.6,0.5,3.5,6.0,8.0,5.7,23.0,2.3,12.0,0.6,0.6,0.5,0.0,52.1,143.5,105.3,24.0,191.9,12.0,0.6,0.6,0.5,-68.9,-16.9,39.0,3.3,24.0,120.5,12.0,0.6,0.6,0.5,-0.63,0.0,1.77,0.35,22.0,1.26,12.0,0.5,0.7,0.5,-6.9,0.0,18.9,2.5,21.0,13.2,12.0,0.6,0.7,0.5,0.81,2.5,3.6,2.39,19.0,1.39,12.0,0.6,0.7,0.5,6.7,16.7,44.4,23.4,18.0,18.8,12.0,0.6,0.7,0.5,0.0,81.3,171.5,93.6,24.0,108.8,12.0,0.6,0.6,0.5,-98.5,-32.0,75.9,-11.2,24.0,90.8,12.0,0.6,0.6,0.5,0.9,50.2,88.8,52.6,21.0,59.2,12.0,0.6,0.6,0.5,-53.2,-14.5,51.0,-1.0,21.0,53.5,12.0,0.6,0.6,0.5,0.0,5.4,35.5,12.8,18.0,21.5,12.0,0.6,0.7,0.5,-16.0,-5.5,5.5,-4.7,18.0,16.6,12.0,0.6,0.7,0.5,132.5,804.5,2164.5,2575.5,24.0,6605.5,12.0,0.6,0.6,0.5,135.0,805.0,2165.0,2575.0,24.0,6605.0,12.0,0.6,0.6,0.5
1974,2,334.0,41.0,13.26,13.6,17.0,14.28,19.0,1.5,12.0,0.8,0.5,0.5,13.17,13.9,16.0,14.12,18.0,1.6,14.0,0.8,0.6,0.5,6.86,8.0,9.79,8.12,14.0,1.45,14.0,0.8,0.6,0.5,71.5,83.1,93.3,81.7,14.0,11.2,14.0,0.8,0.5,5.54,10.3,15.06,10.86,19.0,6.03,12.0,0.8,0.5,0.5,-0.86,5.52,12.82,6.75,19.0,7.37,12.0,0.8,0.5,0.5,0.0,4.53,9.63,4.04,19.0,6.42,12.0,0.8,0.5,0.5,1008.57,1021.2,1025.21,1017.97,18.0,8.01,14.0,0.8,0.6,0.5,5.4,7.0,8.0,6.5,18.0,1.7,12.0,0.8,0.5,0.5,-4.4,58.3,182.6,109.6,19.0,150.2,12.0,0.8,0.5,0.5,0.0,29.6,105.9,34.6,19.0,116.3,12.0,0.8,0.5,0.5,-0.89,-0.05,1.12,0.01,18.0,1.21,14.0,0.8,0.6,0.5,-8.4,-0.4,7.8,1.8,18.0,20.2,14.0,0.8,0.6,0.5,0.39,1.6,3.0,1.66,14.0,1.24,14.0,0.8,0.6,0.5,1.4,11.8,28.4,13.5,14.0,11.3,14.0,0.8,0.6,0.5,-12.3,79.3,189.4,84.6,18.0,88.3,14.0,0.8,0.6,0.5,18.0,59.8,152.6,72.8,18.0,75.2,14.0,0.8,0.6,0.5,-9.4,50.8,103.0,46.2,14.0,56.1,14.0,0.8,0.6,0.5,15.7,29.5,54.0,38.4,14.0,39.1,14.0,0.8,0.6,0.5,-2.7,2.3,20.6,6.0,14.0,11.8,14.0,0.8,0.6,0.5,0.0,7.5,13.5,7.9,14.0,9.0,14.0,0.8,0.6,0.5,172.5,1092.5,3541.5,2529.0,19.0,3880.5,12.0,0.8,0.5,0.5,175.0,1095.0,3540.0,2530.0,19.0,3880.0,12.0,0.8,0.5,0.5
1974,2,334.0,42.0,12.16,13.4,16.0,13.99,17.0,1.79,18.0,0.4,0.6,0.4,11.43,13.0,15.0,13.17,19.0,2.02,16.0,0.4,0.6,0.4,6.13,7.84,9.47,7.87,10.0,1.62,16.0,0.3,0.7,0.4,77.6,84.2,91.3,83.5,10.0,8.8,16.0,0.3,0.4,4.74,8.2,13.2,8.89,19.0,4.37,16.0,0.4,0.6,0.4,-7.3,2.56,11.2,3.12,19.0,7.76,16.0,0.4,0.6,0.4,-2.25,3.35,7.74,3.45,19.0,4.41,16.0,0.4,0.6,0.4,1015.07,1020.55,1025.53,1019.78,18.0,9.73,16.0,0.4,0.6,0.4,4.0,5.5,8.0,5.7,18.0,2.5,16.0,0.4,0.6,0.4,-56.8,6.7,169.2,44.5,19.0,96.4,16.0,0.4,0.6,0.4,-8.3,23.0,76.5,39.0,19.0,62.8,16.0,0.4,0.6,0.4,-1.65,0.0,3.35,0.8,17.0,2.8,18.0,0.4,0.6,0.4,-14.4,0.0,30.6,4.4,17.0,26.5,18.0,0.4,0.6,0.4,0.4,1.32,3.43,2.06,10.0,2.15,16.0,0.3,0.7,0.4,2.0,8.7,23.5,13.9,10.0,17.2,16.0,0.3,0.7,0.4,-93.0,38.4,155.9,40.1,19.0,102.2,16.0,0.4,0.6,0.4,-24.9,40.2,101.3,48.4,19.0,58.9,16.0,0.4,0.6,0.4,-43.6,13.7,75.4,20.5,10.0,60.3,16.0,0.3,0.7,0.4,-6.9,25.1,60.2,27.9,10.0,30.9,16.0,0.3,0.7,0.4,-7.2,0.8,7.3,2.9,10.0,20.1,16.0,0.3,0.7,0.4,-5.3,2.4,11.3,1.6,10.0,9.7,16.0,0.3,0.7,0.4,116.0,551.5,2310.0,1198.5,19.0,1419.5,16.0,0.4,0.6,0.4,115.0,550.0,2310.0,1200.0,19.0,1420.0,16.0,0.4,0.6,0.4
1974,2,334.0,43.0,11.38,12.5,13.89,12.65,15.0,1.16,14.0,0.5,0.5,0.6,11.01,12.5,13.6,12.33,20.0,1.45,16.0,0.6,0.6,0.5,5.31,6.72,9.0,6.83,15.0,1.64,16.0,0.5,0.6,0.5,60.7,76.6,90.2,75.5,15.0,12.9,16.0,0.5,0.5,2.6,9.3,12.9,9.26,19.0,5.77,16.0,0.5,0.5,0.5,-2.12,7.1,11.58,5.16,19.0,7.88,16.0,0.5,0.5,0.5,-2.62,1.79,7.26,1.38,19.0,5.62,16.0,0.5,0.5,0.5,1005.23,1021.0,1034.97,1019.98,20.0,12.4,16.0,0.6,0.6,0.5,4.0,6.0,8.0,5.7,20.0,2.2,16.0,0.6,0.6,0.5,-9.9,58.2,141.5,74.6,19.0,125.7,16.0,0.5,0.5,0.5,-10.5,18.4,69.2,7.7,19.0,97.1,16.0,0.5,0.5,0.5,-1.41,-0.4,2.16,0.25,15.0,1.92,14.0,0.5,0.5,0.6,-19.3,-3.3,23.9,5.0,15.0,29.5,14.0,0.5,0.5,0.6,0.07,2.33,3.72,2.14,14.0,1.81,16.0,0.5,0.5,0.6,0.5,17.1,47.7,22.6,14.0,26.0,16.0,0.5,0.5,0.6,-26.8,88.1,157.5,60.2,19.0,94.9,16.0,0.5,0.5,0.5,-28.4,17.4,97.2,21.6,19.0,67.0,16.0,0.5,0.5,0.5,-41.5,43.8,81.1,31.7,15.0,56.9,16.0,0.5,0.6,0.5,-1.4,18.0,53.8,18.6,15.0,40.2,16.0,0.5,0.6,0.5,-3.1,4.3,41.6,16.5,14.0,24.8,16.0,0.5,0.5,0.6,-3.7,0.4,11.4,0.1,14.0,17.9,16.0,0.5,0.5,0.6,17.5,804.5,2238.0,1746.5,19.0,2903.5,16.0,0.5,0.5,0.5,20.0,805.0,2240.0,1745.0,19.0,2905.0,16.0,0.5,0.5,0.5
1974,2,334.0,44.0,11.61,12.85,13.91,12.65,8.0,1.12,14.0,0.3,0.5,0.5,10.7,12.0,13.89,12.05,11.0,2.23,16.0,0.4,0.5,0.6,4.63,7.25,8.13,6.68,8.0,1.79,16.0,0.5,0.6,0.6,64.1,80.2,87.6,77.0,8.0,13.8,16.0,0.5,0.6,8.93,12.9,17.55,13.53,11.0,4.88,16.0,0.4,0.5,0.6,-5.49,6.77,14.35,5.41,11.0,10.17,16.0,0.4,0.5,0.6,-8.41,2.08,9.84,1.04,11.0,9.4,16.0,0.4,0.5,0.6,993.36,1021.7,1029.27,1015.95,11.0,15.65,16.0,0.4,0.5,0.6,3.4,6.5,8.0,5.9,10.0,2.0,14.0,0.4,0.5,0.5,-65.5,61.4,254.8,100.4,11.0,188.1,16.0,0.4,0.5,0.6,-117.0,25.0,174.4,22.9,11.0,145.8,16.0,0.4,0.5,0.6,-0.96,0.2,1.47,0.19,8.0,1.06,14.0,0.3,0.5,0.5,-8.5,1.4,17.9,4.7,8.0,17.1,14.0,0.3,0.5,0.5,0.37,1.16,3.84,1.91,5.0,1.83,14.0,0.4,0.6,0.5,3.2,17.9,35.1,19.9,5.0,19.2,14.0,0.4,0.6,0.5,-74.4,75.8,173.4,57.0,11.0,114.5,16.0,0.4,0.5,0.6,-103.0,31.3,96.6,7.7,11.0,113.1,16.0,0.4,0.5,0.6,-39.7,32.9,62.8,19.9,8.0,60.0,16.0,0.5,0.6,0.6,-61.6,-28.3,57.1,-10.5,8.0,74.2,16.0,0.5,0.6,0.6,-0.2,15.5,27.6,14.4,5.0,14.5,14.0,0.4,0.6,0.5,-19.5,-9.0,0.4,-10.7,5.0,15.9,14.0,0.4,0.6,0.5,741.0,2146.5,5754.5,3420.0,11.0,3742.0,16.0,0.4,0.5,0.6,740.0,2145.0,5755.0,3420.0,11.0,3740.0,16.0,0.4,0.5,0.6
1974,2,334.0,45.0,11.8,12.4,13.0,12.48,14.0,0.84,14.0,0.5,0.6,0.4,9.49,11.05,12.52,11.18,16.0,1.8,16.0,0.6,0.6,0.4,5.09,6.24,7.1,6.24,14.0,1.03,16.0,0.5,0.6,0.4,63.6,71.5,89.4,75.6,14.0,11.5,16.0,0.5,0.4,6.39,9.8,12.3,10.98,16.0,6.51,16.0,0.6,0.6,0.4,0.81,5.14,9.97,6.27,16.0,8.08,16.0,0.6,0.6,0.4,-2.3,5.9,8.97,2.79,16.0,7.44,16.0,0.6,0.6,0.4,1011.44,1018.9,1023.6,1017.34,16.0,9.96,16.0,0.6,0.6,0.4,3.4,7.0,8.0,6.1,16.0,2.4,16.0,0.6,0.6,0.4,2.5,34.2,112.2,106.5,16.0,203.3,16.0,0.6,0.6,0.4,-13.5,45.9,109.0,47.6,16.0,118.0,16.0,0.6,0.6,0.4,0.13,1.75,2.59,1.6,14.0,1.56,14.0,0.5,0.6,0.4,2.8,11.8,30.8,19.8,14.0,27.4,14.0,0.5,0.6,0.4,1.84,2.8,3.9,2.71,13.0,1.1,14.0,0.5,0.6,0.4,8.3,23.6,46.6,28.9,13.0,21.1,14.0,0.5,0.6,0.4,7.6,49.7,114.2,68.5,16.0,89.5,16.0,0.6,0.6,0.4,-27.3,60.5,106.1,34.3,16.0,79.1,16.0,0.6,0.6,0.4,0.9,22.2,58.0,30.2,14.0,45.8,16.0,0.5,0.6,0.4,-14.6,33.4,54.2,17.7,14.0,47.6,16.0,0.5,0.6,0.4,2.6,8.3,38.2,16.9,13.0,23.2,14.0,0.5,0.6,0.4,-8.2,5.0,23.7,4.1,13.0,21.9,14.0,0.5,0.6,0.4,262.0,948.5,1861.0,2979.0,16.0,5719.5,16.0,0.6,0.6,0.4,260.0,950.0,1860.0,2980.0,16.0,5720.0,16.0,0.6,0.6,0.4
1974,2,334.0,46.0,11.68,12.6,14.0,12.75,6.0,1.09,18.0,0.7,0.6,0.5,10.88,12.2,13.03,12.1,7.0,1.09,18.0,0.6,0.6,0.4,6.29,7.0,7.8,7.04,5.0,0.83,18.0,0.6,0.6,0.6,77.4,80.3,87.2,82.3,5.0,6.3,18.0,0.6,0.6,9.15,12.3,15.66,13.5,7.0,7.32,18.0,0.6,0.6,0.4,4.01,4.75,10.6,7.99,7.0,8.07,18.0,0.6,0.6,0.4,3.4,10.0,13.06,7.53,7.0,7.77,18.0,0.6,0.6,0.4,1011.38,1021.8,1033.31,1018.27,7.0,18.17,18.0,0.6,0.6,0.4,7.9,8.0,8.0,7.7,7.0,0.8,18.0,0.6,0.6,0.4,28.0,51.7,155.7,154.7,7.0,252.6,18.0,0.6,0.6,0.4,18.4,100.0,205.4,120.6,7.0,161.2,18.0,0.6,0.6,0.4,-0.12,1.1,1.78,0.9,6.0,1.02,18.0,0.7,0.6,0.5,-1.5,10.8,26.0,15.3,6.0,24.0,18.0,0.7,0.6,0.5,1.13,2.06,2.69,1.94,5.0,0.95,18.0,0.6,0.6,0.6,10.4,17.1,52.9,31.6,5.0,34.2,18.0,0.6,0.6,0.6,48.9,61.7,111.8,92.5,7.0,86.5,18.0,0.6,0.6,0.4,45.2,123.0,157.9,94.4,7.0,89.8,18.0,0.6,0.6,0.4,33.8,37.4,96.6,64.7,5.0,54.9,18.0,0.6,0.6,0.6,1.1,64.8,85.3,43.8,5.0,57.4,18.0,0.6,0.6,0.6,4.8,9.8,43.8,24.2,5.0,31.3,18.0,0.6,0.6,0.6,-3.9,8.2,26.7,10.9,5.0,23.5,18.0,0.6,0.6,0.6,777.5,1861.0,4355.5,4759.0,7.0,8497.5,18.0,0.6,0.6,0.4,775.0,1860.0,4355.0,4760.0,7.0,8500.0,18.0,0.6,0.6,0.4
1974,2,334.0,47.0,11.38,11.7,12.08,11.79,11.0,0.49,16.0,0.5,0.5,0.4,8.77,10.1,12.02,10.03,15.0,1.86,16.0,0.6,0.6,0.4,6.59,6.98,7.58,7.05,9.0,0.67,16.0,0.4,0.6,0.5,83.1,84.7,91.9,86.9,9.0,4.8,16.0,0.4,0.5,7.38,10.8,17.78,13.17,15.0,6.99,16.0,0.6,0.6,0.4,-1.51,9.04,16.39,7.95,15.0,9.83,16.0,0.6,0.6,0.4,-4.26,2.24,8.81,1.47,15.0,8.24,16.0,0.6,0.6,0.4,1007.91,1020.5,1024.1,1015.08,15.0,14.07,16.0,0.6,0.6,0.4,4.9,7.0,8.0,6.7,13.0,1.7,14.0,0.6,0.5,0.4,-13.4,86.5,276.5,155.7,15.0,236.4,16.0,0.6,0.6,0.4,-46.4,28.9,88.5,14.5,15.0,178.6,16.0,0.6,0.6,0.4,0.12,1.5,3.0,1.73,11.0,1.93,16.0,0.5,0.5,0.4,0.7,17.0,45.0,28.3,11.0,42.8,16.0,0.5,0.5,0.4,0.69,1.59,2.21,1.5,8.0,0.7,18.0,0.5,0.5,0.5,6.3,11.8,27.7,15.7,8.0,10.8,18.0,0.5,0.5,0.5,-18.3,67.8,162.1,75.0,15.0,101.2,16.0,0.6,0.6,0.4,-39.4,20.2,103.7,23.2,15.0,77.8,16.0,0.6,0.6,0.4,-25.3,6.5,96.4,22.8,9.0,63.7,16.0,0.4,0.6,0.5,-14.8,18.7,62.1,22.6,9.0,38.4,16.0,0.4,0.6,0.5,-2.1,0.2,26.9,7.6,8.0,16.3,18.0,0.5,0.5,0.5,-4.5,5.7,8.1,2.6,8.0,7.6,18.0,0.5,0.5,0.5,404.0,1259.5,5628.0,4479.5,15.0,7809.0,16.0,0.6,0.6,0.4,405.0,1260.0,5630.0,4480.0,15.0,7810.0,16.0,0.6,0.6,0.4
1974,2,334.0,48.0,10.19,11.0,11.49,10.9,5.0,0.79,14.0,0.4,0.5,0.6,6.22,10.0,10.92,8.7,5.0,3.0,14.0,0.4,0.5,0.6,4.35,5.24,6.47,5.4,4.0,1.29,16.0,0.3,0.5,0.5,62.1,69.8,80.2,71.1,4.0,11.3,16.0,0.3,0.5,8.49,9.55,13.95,11.07,6.0,3.82,16.0,0.5,0.6,0.5,2.91,6.14,13.3,7.05,6.0,6.44,16.0,0.5,0.6,0.5,-3.64,7.18,7.51,3.03,6.0,7.03,16.0,0.5,0.6,0.5,1003.86,1014.65,1026.74,1015.13,6.0,12.24,16.0,0.5,0.6,0.5,7.0,8.0,8.0,7.2,6.0,2.0,16.0,0.5,0.6,0.5,25.8,58.7,188.0,96.6,6.0,108.1,16.0,0.5,0.6,0.5,-56.4,60.6,67.8,11.7,6.0,93.2,16.0,0.5,0.6,0.5,-0.21,1.0,5.05,2.2,5.0,2.88,14.0,0.4,0.5,0.6,-1.9,12.9,65.0,29.0,5.0,37.6,14.0,0.4,0.5,0.6,1.47,2.72,4.11,2.79,4.0,1.57,16.0,0.3,0.5,0.5,13.1,32.3,65.2,38.9,4.0,33.0,16.0,0.3,0.5,0.5,4.3,67.4,120.6,61.1,5.0,65.5,14.0,0.4,0.5,0.6,-38.9,28.5,80.9,20.1,5.0,65.2,14.0,0.4,0.5,0.6,8.1,47.6,61.5,35.4,4.0,37.7,16.0,0.3,0.5,0.5,-24.5,17.1,47.6,11.8,4.0,42.7,16.0,0.3,0.5,0.5,3.8,28.8,59.1,31.3,4.0,33.5,16.0,0.3,0.5,0.5,-25.3,0.1,11.1,-6.8,4.0,24.6,16.0,0.3,0.5,0.5,617.0,873.0,2907.5,1806.5,6.0,2060.0,16.0,0.5,0.6,0.5,615.0,875.0,2910.0,1805.0,6.0,2060.0,16.0,0.5,0.6,0.5
1974,2,334.0,49.0,9.13,10.0,10.87,10.03,9.0,0.76,20.0,0.3,0.5,0.4,7.52,9.15,11.08,9.12,12.0,2.17,18.0,0.4,0.5,0.5,4.05,5.42,6.93,5.4,10.0,1.53,16.0,0.3,0.5,0.5,58.9,84.6,90.0,76.9,11.0,16.7,18.0,0.4,0.4,4.22,11.3,16.72,12.08,12.0,8.72,18.0,0.4,0.5,0.5,-0.2,5.68,14.87,6.25,12.0,8.97,18.0,0.4,0.5,0.5,-8.65,2.02,6.95,-0.89,12.0,10.56,18.0,0.4,0.5,0.5,1003.88,1019.3,1023.4,1014.48,11.0,12.81,16.0,0.4,0.5,0.5,5.0,6.0,8.0,6.3,12.0,1.6,18.0,0.4,0.5,0.5,-0.9,60.9,254.6,128.1,12.0,222.4,18.0,0.4,0.5,0.5,-160.5,10.4,73.6,-59.7,12.0,265.1,18.0,0.4,0.5,0.5,-1.45,0.0,2.5,0.77,9.0,2.61,20.0,0.3,0.5,0.4,-7.6,0.0,34.7,18.1,9.0,46.5,20.0,0.3,0.5,0.4,0.65,0.95,3.62,1.8,8.0,1.62,18.0,0.3,0.5,0.5,2.0,8.9,38.6,19.6,8.0,26.6,18.0,0.3,0.5,0.5,-2.3,42.9,94.5,44.6,12.0,73.5,18.0,0.4,0.5,0.5,-55.2,22.2,70.1,4.2,12.0,89.5,18.0,0.4,0.5,0.5,-3.2,21.2,48.7,18.2,10.0,43.1,16.0,0.3,0.5,0.5,-31.2,10.2,33.0,2.9,10.0,34.6,16.0,0.3,0.5,0.5,-0.2,2.1,19.5,11.9,8.0,26.0,18.0,0.3,0.5,0.5,-24.6,-1.4,3.6,-8.1,8.0,15.3,18.0,0.3,0.5,0.5,80.0,1451.5,4946.5,4903.5,12.0,10002.0,18.0,0.4,0.5,0.5,80.0,1450.0,4945.0,4905.0,12.0,10000.0,18.0,0.4,0.5,0.5
1974,2,334.0,50.0,11.13,11.2,11.75,11.43,3.0,0.49,18.0,0.7,0.5,0.4,10.38,11.2,12.16,11.27,3.0,1.3,18.0,0.7,0.5,0.4,6.2,6.58,7.91,7.04,3.0,1.31,18.0,0.7,0.5,0.4,76.7,80.1,91.0,83.8,3.0,11.0,18.0,0.7,0.4,8.02,8.7,23.85,15.77,3.0,13.12,18.0,0.7,0.5,0.4,1.09,6.67,21.94,11.4,3.0,15.81,18.0,0.7,0.5,0.4,-5.99,3.85,7.07,0.62,3.0,9.97,18.0,0.7,0.5,0.4,977.41,1015.5,1027.1,1002.57,3.0,38.08,18.0,0.7,0.5,0.4,5.6,7.0,7.7,6.7,3.0,1.5,18.0,0.7,0.5,0.4,7.3,51.3,628.7,311.8,3.0,508.0,18.0,0.7,0.5,0.4,-213.5,29.6,60.3,-74.1,3.0,219.8,18.0,0.7,0.5,0.4,-0.41,0.0,0.75,0.17,3.0,0.86,18.0,0.7,0.5,0.4,-3.2,0.0,23.2,9.8,3.0,21.1,18.0,0.7,0.5,0.4,0.52,1.64,2.31,1.42,3.0,1.32,18.0,0.7,0.5,0.4,4.5,14.3,59.7,31.7,3.0,43.2,18.0,0.7,0.5,0.4,15.1,84.0,224.9,119.2,3.0,156.6,18.0,0.7,0.5,0.4,-56.7,48.5,80.9,12.9,3.0,105.4,18.0,0.7,0.5,0.4,11.3,56.9,137.4,73.9,3.0,93.6,18.0,0.7,0.5,0.4,-33.0,32.8,48.9,8.5,3.0,63.6,18.0,0.7,0.5,0.4,-1.7,0.0,51.9,24.5,3.0,44.6,18.0,0.7,0.5,0.4,-18.9,0.0,9.6,-4.5,3.0,21.2,18.0,0.7,0.5,0.4,520.5,658.5,20348.0,10206.0,3.0,16712.5,18.0,0.7,0.5,0.4,520.0,660.0,20350.0,10205.0,3.0,16710.0,18.0,0.7,0.5,0.4
1974,2,334.0,51.0,10.3,10.3,10.3,10.3,1.0,0.0,2.0,1.0,1.0,0.0,6.2,6.2,6.2,6.2,1.0,0.0,2.0,1.0,1.0,0.0,4.66,4.66,4.66,4.66,1.0,0.0,2.0,1.0,1.0,0.0,78.8,78.8,78.8,78.8,1.0,0.0,2.0,1.0,0.0,18.0,18.0,18.0,18.0,1.0,0.0,2.0,1.0,1.0,0.0,15.59,15.59,15.59,15.59,1.0,0.0,2.0,1.0,1.0,0.0,-9.0,-9.0,-9.0,-9.0,1.0,0.0,2.0,1.0,1.0,0.0,1004.4,1004.4,1004.4,1004.4,1.0,0.0,2.0,1.0,1.0,0.0,2.0,2.0,2.0,2.0,1.0,0.0,2.0,1.0,1.0,0.0,280.6,280.6,280.6,280.6,1.0,0.0,2.0,1.0,1.0,0.0,-162.0,-162.0,-162.0,-162.0,1.0,0.0,2.0,1.0,1.0,0.0,4.1,4.1,4.1,4.1,1.0,0.0,2.0,1.0,1.0,0.0,73.8,73.8,73.8,73.8,1.0,0.0,2.0,1.0,1.0,0.0,3.16,3.16,3.16,3.16,1.0,0.0,2.0,1.0,1.0,0.0,57.0,57.0,57.0,57.0,1.0,0.0,2.0,1.0,1.0,0.0,96.6,96.6,96.6,96.6,1.0,0.0,2.0,1.0,1.0,0.0,-55.8,-55.8,-55.8,-55.8,1.0,0.0,2.0,1.0,1.0,0.0,72.7,72.7,72.7,72.7,1.0,0.0,2.0,1.0,1.0,0.0,-41.9,-41.9,-41.9,-41.9,1.0,0.0,2.0,1.0,1.0,0.0,49.3,49.3,49.3,49.3,1.0,0.0,2.0,1.0,1.0,0.0,-28.5,-28.5,-28.5,-28.5,1.0,0.0,2.0,1.0,1.0,0.0,5832.0,5832.0,5832.0,5832.0,1.0,0.0,2.0,1.0,1.0,0.0,5830.0,5830.0,5830.0,5830.0,1.0,0.0,2.0,1.0,1.0,0.0
1974,2,334.0,52.0,9.4,9.4,9.4,9.4,1.0,0.0,16.0,0.0,0.6,0.7,5.53,5.8,6.07,5.8,2.0,0.57,8.0,0.5,0.6,0.5,5.49,5.49,5.49,5.49,1.0,0.0,16.0,0.0,0.6,0.7,92.0,92.0,92.0,92.0,1.0,0.0,16.0,0.0,0.7,12.49,17.85,23.21,17.85,2.0,11.1,8.0,0.5,0.6,0.5,9.94,11.12,12.3,11.12,2.0,2.44,8.0,0.5,0.6,0.5,-19.27,-12.84,-6.41,-12.84,2.0,13.32,8.0,0.5,0.6,0.5,997.52,1001.85,1006.18,1001.85,2.0,8.98,8.0,0.5,0.6,0.5,8.0,8.0,8.0,8.0,1.0,0.0,2.0,1.0,0.7,0.3,131.5,212.1,292.7,212.1,2.0,167.1,8.0,0.5,0.6,0.5,-486.7,-303.1,-119.6,-303.1,2.0,380.3,8.0,0.5,0.6,0.5,3.2,3.2,3.2,3.2,1.0,0.0,16.0,0.0,0.6,0.7,82.2,82.2,82.2,82.2,1.0,0.0,16.0,0.0,0.6,0.7,1.94,1.94,1.94,1.94,1.0,0.0,16.0,0.0,0.6,0.7,49.8,49.8,49.8,49.8,1.0,0.0,16.0,0.0,0.6,0.7,55.3,65.2,75.1,65.2,2.0,20.5,8.0,0.5,0.6,0.5,-119.0,-78.2,-37.4,-78.2,2.0,84.5,8.0,0.5,0.6,0.5,70.6,70.6,70.6,70.6,1.0,0.0,16.0,0.0,0.6,0.7,-122.2,-122.2,-122.2,-122.2,1.0,0.0,16.0,0.0,0.6,0.7,24.9,24.9,24.9,24.9,1.0,0.0,16.0,0.0,0.6,0.7,-43.2,-43.2,-43.2,-43.2,1.0,0.0,16.0,0.0,0.6,0.7,3535.0,8987.5,14439.5,8987.5,2.0,11295.5,8.0,0.5,0.6,0.5,3535.0,8985.0,14440.0,8985.0,2.0,11295.0,8.0,0.5,0.6,0.5
1974,2,334.0,53.0,8.45,9.0,9.15,8.84,5.0,0.46,14.0,0.8,0.7,0.3,4.18,7.5,9.78,7.02,5.0,3.31,14.0,0.8,0.7,0.3,5.53,6.03,7.07,6.29,4.0,1.14,18.0,0.8,0.6,0.3,89.3,94.1,96.3,92.9,4.0,4.6,18.0,0.8,0.3,8.52,10.0,12.7,10.52,5.0,2.26,14.0,0.8,0.7,0.3,2.6,6.7,8.67,5.63,5.0,3.67,14.0,0.8,0.7,0.3,3.17,7.1,11.86,7.2,5.0,5.05,14.0,0.8,0.7,0.3,995.7,1019.1,1024.59,1011.58,5.0,16.19,14.0,0.8,0.7,0.3,7.0,8.0,8.0,7.5,4.0,1.0,14.0,1.0,0.6,0.4,21.3,75.7,87.8,57.1,5.0,39.0,14.0,0.8,0.7,0.3,31.7,58.2,152.8,83.0,5.0,68.0,14.0,0.8,0.7,0.3,-0.64,1.1,4.53,1.82,5.0,2.95,14.0,0.8,0.7,0.3,-8.4,11.0,38.2,14.3,5.0,27.3,14.0,0.8,0.7,0.3,0.19,0.93,1.42,0.81,4.0,0.92,18.0,0.8,0.6,0.3,1.9,10.3,12.7,7.4,4.0,8.9,18.0,0.8,0.6,0.3,13.3,21.3,67.7,35.9,5.0,31.2,14.0,0.8,0.7,0.3,23.4,37.5,117.6,62.6,5.0,54.1,14.0,0.8,0.7,0.3,10.2,36.1,51.9,31.3,4.0,25.3,18.0,0.8,0.6,0.3,33.0,56.5,84.1,58.5,4.0,30.0,18.0,0.8,0.6,0.3,-1.5,3.7,8.1,3.3,4.0,5.6,18.0,0.8,0.6,0.3,-0.1,7.8,11.7,5.9,4.0,7.8,18.0,0.8,0.6,0.3,619.5,1000.0,2060.0,1295.5,5.0,806.0,14.0,0.8,0.7,0.3,620.0,1000.0,2060.0,1295.0,5.0,805.0,14.0,0.8,0.7,0.3
1974,2,334.0,54.0,8.63,9.0,9.0,8.7,6.0,0.73,16.0,0.7,0.7,0.3,3.43,5.5,7.52,5.65,6.0,2.59,16.0,0.7,0.7,0.3,3.81,4.85,6.26,5.04,5.0,1.65,16.0,0.6,0.7,0.4,66.6,85.9,99.1,83.4,5.0,16.6,16.0,0.6,0.4,15.98,18.0,20.81,18.12,6.0,2.75,16.0,0.7,0.7,0.3,6.55,14.79,16.38,11.7,6.0,7.82,16.0,0.7,0.7,0.3,-3.36,9.9,13.73,5.4,6.0,11.88,16.0,0.7,0.7,0.3,989.26,998.4,1012.33,999.95,6.0,18.55,16.0,0.7,0.7,0.3,5.0,7.0,7.4,6.4,5.0,1.3,16.0,0.8,0.7,0.4,118.8,238.3,341.4,220.1,6.0,157.5,16.0,0.7,0.7,0.3,-55.4,197.6,274.4,113.4,6.0,213.8,16.0,0.7,0.7,0.3,0.06,3.5,5.57,3.05,6.0,2.87,16.0,0.7,0.7,0.3,0.8,55.6,104.8,56.1,6.0,55.1,16.0,0.7,0.7,0.3,0.55,2.3,3.41,2.04,5.0,1.71,16.0,0.6,0.7,0.4,8.9,41.3,71.7,40.9,5.0,36.9,16.0,0.6,0.7,0.4,37.4,56.1,90.7,56.7,6.0,43.9,16.0,0.7,0.7,0.3,-23.5,31.3,104.1,31.6,6.0,88.8,16.0,0.7,0.7,0.3,30.3,67.2,70.4,50.2,5.0,37.6,16.0,0.6,0.7,0.4,-12.1,43.6,78.5,31.9,5.0,75.6,16.0,0.6,0.7,0.4,-2.5,35.8,58.2,31.0,5.0,34.3,16.0,0.6,0.7,0.4,-8.4,20.7,41.4,16.9,5.0,26.6,16.0,0.6,0.7,0.4,4131.0,5832.0,9017.5,6286.5,6.0,2705.0,16.0,0.7,0.7,0.3,4130.0,5830.0,9020.0,6285.0,6.0,2705.0,16.0,0.7,0.7,0.3
1974,2,334.0,55.0,7.22,7.25,7.28,7.25,2.0,0.07,8.0,0.5,0.5,0.7,4.53,6.5,7.1,5.85,4.0,1.84,10.0,0.8,0.5,0.6,4.38,4.81,5.25,4.81,2.0,0.89,10.0,1.0,0.6,0.6,84.3,84.8,85.3,84.8,2.0,1.0,10.0,1.0,0.6,10.37,12.0,14.26,12.3,4.0,2.45,10.0,0.8,0.5,0.6,7.8,11.61,13.4,10.65,4.0,4.09,10.0,0.8,0.5,0.6,-6.95,-4.86,-2.12,-4.55,4.0,3.5,10.0,0.8,0.5,0.6,983.48,990.7,1004.32,993.75,4.0,13.01,10.0,0.8,0.5,0.6,3.6,5.0,7.0,5.3,3.0,2.5,12.0,1.0,0.5,0.6,82.8,139.9,192.4,137.7,4.0,73.1,10.0,0.8,0.5,0.6,-82.2,-69.5,-27.5,-55.5,4.0,38.8,10.0,0.8,0.5,0.6,0.82,2.15,3.48,2.15,2.0,2.76,8.0,0.5,0.5,0.7,11.9,32.7,53.5,32.7,2.0,43.1,8.0,0.5,0.5,0.7,2.33,2.33,2.33,2.33,1.0,0.0,12.0,1.0,0.5,0.7,35.9,35.9,35.9,35.9,1.0,0.0,12.0,1.0,0.5,0.7,40.5,59.8,75.2,58.0,4.0,20.4,10.0,0.8,0.5,0.6,-44.7,-21.8,-8.0,-26.2,4.0,25.8,10.0,0.8,0.5,0.6,32.1,43.6,55.1,43.6,2.0,23.9,10.0,1.0,0.6,0.6,-42.4,-34.1,-25.9,-34.1,2.0,17.1,10.0,1.0,0.6,0.6,33.8,33.8,33.8,33.8,1.0,0.0,12.0,1.0,0.5,0.7,-12.3,-12.3,-12.3,-12.3,1.0,0.0,12.0,1.0,0.5,0.7,1127.0,1764.0,2959.5,2030.5,4.0,1202.0,10.0,0.8,0.5,0.6,1125.0,1765.0,2960.0,2030.0,4.0,1200.0,10.0,0.8,0.5,0.6
1974,2,334.0,56.0,6.99,7.35,7.76,7.38,4.0,0.51,24.0,0.5,0.2,0.4,2.24,3.8,6.3,4.3,5.0,2.54,20.0,0.4,0.2,0.3,2.87,3.98,4.95,3.91,4.0,1.53,20.0,0.3,0.2,0.3,60.7,81.1,85.0,73.3,4.0,20.4,20.0,0.3,0.3,9.53,19.0,21.84,16.42,5.0,6.83,20.0,0.4,0.2,0.3,7.96,15.43,19.4,13.99,5.0,6.19,20.0,0.4,0.2,0.3,-4.02,0.0,9.98,2.99,5.0,9.47,20.0,0.4,0.2,0.3,978.98,982.2,994.29,985.64,5.0,8.59,20.0,0.4,0.2,0.3,3.6,6.0,7.4,5.6,5.0,2.1,20.0,0.4,0.2,0.3,77.1,355.5,390.0,258.7,5.0,173.2,20.0,0.4,0.2,0.3,-50.3,0.0,194.8,77.7,5.0,208.0,20.0,0.4,0.2,0.3,3.2,4.25,4.88,4.05,4.0,1.29,24.0,0.5,0.2,0.4,44.3,71.9,95.9,70.2,4.0,31.0,24.0,0.5,0.2,0.4,2.62,2.75,3.77,3.18,3.0,0.92,22.0,0.3,0.2,0.3,30.8,48.6,75.0,52.8,3.0,32.6,22.0,0.3,0.2,0.3,30.1,51.5,75.7,52.5,5.0,24.3,20.0,0.4,0.2,0.3,-11.1,0.0,61.7,22.4,5.0,47.1,20.0,0.4,0.2,0.3,32.9,45.9,62.1,47.4,4.0,19.5,20.0,0.3,0.2,0.3,-17.4,-6.4,15.4,-1.2,4.0,22.3,20.0,0.3,0.2,0.3,27.0,47.9,74.8,50.8,3.0,35.1,22.0,0.3,0.2,0.3,-12.6,-8.4,-2.7,-7.6,3.0,7.3,22.0,0.3,0.2,0.3,895.0,6859.0,10598.0,6214.0,5.0,5545.5,20.0,0.4,0.2,0.3,895.0,6860.0,10600.0,6215.0,5.0,5545.0,20.0,0.4,0.2,0.3
1974,2,334.0,57.0,6.5,6.5,6.5,6.5,1.0,0.0,12.0,1.0,0.7,0.5,3.0,3.0,3.0,3.0,1.0,0.0,12.0,1.0,0.7,0.5,3.2,3.2,3.2,3.2,1.0,0.0,12.0,1.0,0.7,0.5,66.2,66.2,66.2,66.2,1.0,0.0,12.0,1.0,0.5,13.9,13.9,13.9,13.9,1.0,0.0,12.0,1.0,0.7,0.5,13.9,13.9,13.9,13.9,1.0,0.0,12.0,1.0,0.7,0.5,0.0,0.0,0.0,0.0,1.0,0.0,12.0,1.0,0.7,0.5,981.8,981.8,981.8,981.8,1.0,0.0,12.0,1.0,0.7,0.5,6.0,6.0,6.0,6.0,1.0,0.0,12.0,1.0,0.7,0.5,193.2,193.2,193.2,193.2,1.0,0.0,12.0,1.0,0.7,0.5,0.0,0.0,0.0,0.0,1.0,0.0,12.0,1.0,0.7,0.5,3.5,3.5,3.5,3.5,1.0,0.0,12.0,1.0,0.7,0.5,48.7,48.7,48.7,48.7,1.0,0.0,12.0,1.0,0.7,0.5,2.98,2.98,2.98,2.98,1.0,0.0,12.0,1.0,0.7,0.5,41.5,41.5,41.5,41.5,1.0,0.0,12.0,1.0,0.7,0.5,41.7,41.7,41.7,41.7,1.0,0.0,12.0,1.0,0.7,0.5,0.0,0.0,0.0,0.0,1.0,0.0,12.0,1.0,0.7,0.5,44.4,44.4,44.4,44.4,1.0,0.0,12.0,1.0,0.7,0.5,0.0,0.0,0.0,0.0,1.0,0.0,12.0,1.0,0.7,0.5,41.5,41.5,41.5,41.5,1.0,0.0,12.0,1.0,0.7,0.5,0.0,0.0,0.0,0.0,1.0,0.0,12.0,1.0,0.7,0.5,2685.5,2685.5,2685.5,2685.5,1.0,0.0,12.0,1.0,0.7,0.5,2685.0,2685.0,2685.0,2685.0,1.0,0.0,12.0,1.0,0.7,0.5
1974,2,334.0,58.0,7.66,8.0,9.37,8.5,3.0,1.32,20.0,0.7,0.7,0.4,4.91,8.6,8.87,6.93,3.0,3.24,20.0,0.7,0.7,0.4,6.68,6.68,6.68,6.68,1.0,0.0,20.0,0.0,0.3,0.2,93.4,93.4,93.4,93.4,1.0,0.0,20.0,0.0,0.2,15.59,19.0,22.41,19.0,3.0,5.0,20.0,0.7,0.7,0.4,6.66,7.0,17.62,12.02,3.0,9.13,20.0,0.7,0.7,0.4,9.45,12.12,16.04,12.73,3.0,4.85,20.0,0.7,0.7,0.4,1001.99,1006.5,1006.7,1004.4,3.0,3.9,20.0,0.7,0.7,0.4,8.0,8.0,8.0,8.0,3.0,0.0,20.0,0.7,0.7,0.4,106.1,123.5,408.7,254.2,3.0,248.9,20.0,0.7,0.7,0.4,178.4,197.0,294.1,235.3,3.0,91.0,20.0,0.7,0.7,0.4,-0.58,1.4,3.72,1.57,3.0,3.15,20.0,0.7,0.7,0.4,-13.2,19.6,84.9,35.4,3.0,73.1,20.0,0.7,0.7,0.4,-0.22,-0.22,-0.22,-0.22,1.0,0.0,20.0,0.0,0.3,0.2,-4.3,-4.3,-4.3,-4.3,1.0,0.0,20.0,0.0,0.3,0.2,59.0,60.2,68.4,63.6,3.0,7.5,20.0,0.7,0.7,0.4,51.0,104.3,142.8,97.1,3.0,67.5,20.0,0.7,0.7,0.4,43.4,43.4,43.4,43.4,1.0,0.0,20.0,0.0,0.3,0.2,119.3,119.3,119.3,119.3,1.0,0.0,20.0,0.0,0.3,0.2,-1.5,-1.5,-1.5,-1.5,1.0,0.0,20.0,0.0,0.3,0.2,-4.0,-4.0,-4.0,-4.0,1.0,0.0,20.0,0.0,0.3,0.2,4050.0,6859.0,11613.5,7809.0,3.0,5601.0,20.0,0.7,0.7,0.4,4050.0,6860.0,11615.0,7810.0,3.0,5600.0,20.0,0.7,0.7,0.4
1974,2,334.0,59.0,,,,,,,,,,,,,,,,,,,,,,,,,,,,,,,,,,,,,,,,8.84,9.5,12.1,10.43,4.0,2.45,16.0,0.3,0.6,0.4,-7.59,-1.26,7.82,0.05,4.0,9.59,16.0,0.3,0.6,0.4,1.38,6.83,7.76,4.68,4.0,5.45,16.0,0.3,0.6,0.4,996.85,1002.9,1005.75,1001.38,4.0,6.74,16.0,0.3,0.6,0.4,,,,,,,,,,,,,,,,,,,,,,,,,,,,,,,,,,,,,,,,,,,,,,,,,,,,,,,,,,,,,,,,,,,,,,,,,,,,,,,,,,,,,,,,,,,,,,,,,,,,,,,,,,,,,,,,,,,,,,,,,,,,,,,,,,,,,,,,,,,,,,,,,,,,,,
1974,2,334.0,60.0,7.1,7.2,7.2,7.15,4.0,0.1,18.0,0.0,0.4,0.2,-3.73,0.0,0.77,-0.81,9.0,2.35,14.0,0.1,0.6,0.5,2.23,3.12,3.54,2.98,7.0,0.64,16.0,0.1,0.5,0.5,75.2,80.8,90.4,81.2,7.0,8.2,16.0,0.1,0.5,8.19,19.0,24.57,16.88,9.0,8.25,14.0,0.1,0.6,0.5,-10.04,0.0,9.22,-0.32,9.0,9.91,14.0,0.1,0.6,0.5,-9.28,5.14,23.08,7.18,9.0,15.24,14.0,0.1,0.6,0.5,985.22,1007.7,1012.3,999.84,9.0,13.64,14.0,0.1,0.6,0.5,4.1,8.0,8.0,6.7,9.0,2.1,14.0,0.1,0.6,0.5,-139.1,0.0,206.4,34.0,9.0,197.3,14.0,0.1,0.6,0.5,-126.0,41.1,567.1,202.3,9.0,351.5,14.0,0.1,0.6,0.5,6.34,6.8,7.15,6.75,4.0,0.48,18.0,0.0,0.4,0.2,137.6,162.5,188.6,163.1,4.0,33.6,18.0,0.0,0.4,0.2,2.8,2.99,3.21,3.0,4.0,0.28,18.0,0.0,0.4,0.2,60.5,73.0,85.5,73.0,4.0,18.0,18.0,0.0,0.4,0.2,0.2,6.7,19.4,13.4,9.0,21.0,14.0,0.1,0.6,0.5,-11.3,2.3,16.7,4.7,9.0,17.7,14.0,0.1,0.6,0.5,-13.7,28.1,30.5,9.7,7.0,27.4,16.0,0.1,0.5,0.5,-4.9,61.9,80.5,40.3,7.0,45.9,16.0,0.1,0.5,0.5,24.8,25.6,29.2,27.0,4.0,3.7,18.0,0.0,0.4,0.2,54.8,68.6,80.4,67.7,4.0,18.5,18.0,0.0,0.4,0.2,551.5,6859.0,14827.5,7810.5,9.0,7896.0,14.0,0.1,0.6,0.5,550.0,6860.0,14825.0,7810.0,9.0,7895.0,14.0,0.1,0.6,0.5
1974,2,334.0,61.0,4.83,4.9,4.97,4.9,2.0,0.14,10.0,0.5,0.7,0.2,-3.41,-1.0,1.12,-1.08,18.0,2.49,18.0,0.3,0.8,0.4,2.22,2.5,3.51,2.75,9.0,0.68,20.0,0.3,0.7,0.3,75.8,85.8,87.6,83.1,9.0,6.2,20.0,0.3,0.3,6.58,12.0,22.0,13.22,19.0,7.11,18.0,0.3,0.8,0.4,-13.01,-7.5,1.32,-5.62,19.0,9.36,18.0,0.3,0.8,0.4,-10.12,-2.08,9.75,0.53,19.0,10.66,18.0,0.3,0.8,0.4,987.64,995.0,1020.08,999.85,20.0,16.34,18.0,0.3,0.8,0.4,5.9,7.0,8.0,6.9,19.0,1.4,18.0,0.3,0.8,0.4,-185.7,-72.0,6.6,-80.3,19.0,206.8,18.0,0.3,0.8,0.4,-151.8,-6.9,127.6,5.6,19.0,222.3,18.0,0.3,0.8,0.4,10.0,10.0,10.0,10.0,1.0,0.0,8.0,1.0,0.8,0.4,150.0,150.0,150.0,150.0,1.0,0.0,8.0,1.0,0.8,0.4,3.06,3.06,3.06,3.06,1.0,0.0,8.0,1.0,0.8,0.4,45.9,45.9,45.9,45.9,1.0,0.0,8.0,1.0,0.8,0.4,-10.4,3.1,42.0,11.3,17.0,26.0,18.0,0.3,0.8,0.4,0.2,9.6,41.0,18.2,17.0,21.3,18.0,0.3,0.8,0.4,-50.0,-33.8,-5.4,-29.3,8.0,22.1,20.0,0.4,0.7,0.3,-34.6,-20.0,-5.1,-19.3,8.0,18.1,20.0,0.4,0.7,0.3,-22.9,-22.9,-22.9,-22.9,1.0,0.0,8.0,1.0,0.8,0.4,-39.7,-39.7,-39.7,-39.7,1.0,0.0,8.0,1.0,0.8,0.4,303.5,1728.0,10648.0,4349.5,19.0,5904.0,18.0,0.3,0.8,0.4,305.0,1730.0,10650.0,4350.0,19.0,5905.0,18.0,0.3,0.8,0.4
1974,2,334.0,62.0,6.3,6.5,6.5,6.44,7.0,0.11,8.0,0.3,0.9,0.7,3.85,4.2,4.84,4.5,9.0,1.02,10.0,0.2,0.9,0.7,4.12,4.46,4.74,4.44,6.0,0.29,8.0,0.3,0.9,0.7,79.8,83.3,92.7,85.4,6.0,7.1,8.0,0.3,0.7,15.4,17.75,21.54,17.29,8.0,5.95,8.0,0.3,0.9,0.7,-21.54,-17.13,-8.15,-14.44,8.0,9.52,8.0,0.3,0.9,0.7,-5.07,0.0,3.93,0.08,8.0,6.93,8.0,0.3,0.9,0.7,985.08,991.6,999.68,991.36,9.0,8.14,10.0,0.2,0.9,0.7,8.0,8.0,8.0,7.8,8.0,0.7,8.0,0.3,0.9,0.7,-464.2,-310.4,-125.6,-298.1,8.0,204.6,8.0,0.3,0.9,0.7,-79.9,0.0,91.4,1.5,8.0,111.7,8.0,0.3,0.9,0.7,1.88,2.3,2.61,2.2,7.0,0.47,8.0,0.3,0.9,0.7,25.9,42.0,59.1,41.7,6.0,21.3,8.0,0.3,0.9,0.7,1.42,1.66,1.9,1.65,6.0,0.24,8.0,0.3,0.9,0.7,25.4,31.7,33.7,28.5,6.0,9.4,8.0,0.3,0.9,0.7,-88.4,-72.6,-45.8,-62.1,8.0,38.7,8.0,0.3,0.9,0.7,-21.1,0.0,14.3,4.9,8.0,39.6,8.0,0.3,0.9,0.7,-104.5,-91.2,-43.3,-73.1,6.0,48.9,8.0,0.3,0.9,0.7,-16.8,0.0,9.8,-1.7,6.0,15.2,8.0,0.3,0.9,0.7,-33.3,-31.4,-20.1,-24.9,6.0,16.8,8.0,0.3,0.9,0.7,-6.7,0.0,3.8,-1.2,6.0,5.8,8.0,0.3,0.9,0.7,3652.5,5886.5,10002.0,6607.0,8.0,4589.5,8.0,0.3,0.9,0.7,3650.0,5885.0,10000.0,6605.0,8.0,4590.0,8.0,0.3,0.9,0.7
1974,2,334.0,63.0,6.29,6.4,6.52,6.44,7.0,0.3,10.0,0.4,0.7,0.3,-1.57,0.0,1.61,0.19,10.0,1.59,10.0,0.4,0.7,0.3,2.39,2.61,2.8,2.68,6.0,0.42,6.0,0.3,0.7,0.3,68.5,69.0,76.3,72.0,6.0,6.7,6.0,0.3,0.3,8.53,14.15,15.69,12.91,10.0,3.65,10.0,0.4,0.7,0.3,-6.08,-2.13,0.0,-2.09,10.0,5.0,10.0,0.4,0.7,0.3,-15.12,-12.13,-6.67,-9.73,10.0,7.97,10.0,0.4,0.7,0.3,1002.58,1009.35,1014.0,1008.07,10.0,6.96,10.0,0.4,0.7,0.3,6.4,8.0,8.0,7.4,10.0,0.8,10.0,0.4,0.7,0.3,-85.6,-18.1,0.0,-28.1,10.0,73.0,10.0,0.4,0.7,0.3,-231.1,-174.2,-46.1,-134.2,10.0,128.9,10.0,0.4,0.7,0.3,5.34,6.4,7.06,6.31,7.0,1.28,10.0,0.4,0.7,0.3,84.2,92.2,100.9,88.6,7.0,15.0,10.0,0.4,0.7,0.3,3.17,3.37,3.46,3.26,6.0,0.36,6.0,0.3,0.7,0.3,42.8,46.4,50.6,46.2,6.0,6.1,6.0,0.3,0.7,0.3,-1.4,0.0,5.6,1.6,10.0,10.9,10.0,0.4,0.7,0.3,-13.9,0.0,17.3,2.6,10.0,16.8,10.0,0.4,0.7,0.3,-12.9,-5.8,0.0,-6.7,6.0,6.7,6.0,0.3,0.7,0.3,-45.1,-35.2,-28.0,-37.6,6.0,12.9,6.0,0.3,0.7,0.3,-17.3,-7.8,0.0,-9.3,6.0,9.6,6.0,0.3,0.7,0.3,-49.1,-43.8,-40.7,-44.4,6.0,6.0,6.0,0.3,0.7,0.3,681.5,2836.0,3862.5,2586.0,10.0,1619.0,10.0,0.4,0.7,0.3,680.0,2835.0,3860.0,2585.0,10.0,1620.0,10.0,0.4,0.7,0.3
1974,2,334.0,64.0,,,,,,,,,,,,,,,,,,,,,,,,,,,,,,,,,,,,,,,,6.7,12.3,19.0,13.32,13.0,5.19,12.0,0.2,0.6,0.1,-17.53,-10.65,-1.05,-9.08,13.0,8.55,12.0,0.2,0.6,0.1,-6.61,0.0,6.96,1.19,13.0,7.44,12.0,0.2,0.6,0.1,994.59,1000.3,1009.16,1001.32,13.0,7.14,12.0,0.2,0.6,0.1,,,,,,,,,,,,,,,,,,,,,,,,,,,,,,,,,,,,,,,,,,,,,,,,,,,,,,,,,,,,,,,,,,,,,,,,,,,,,,,,,,,,,,,,,,,,,,,,,,,,,,,,,,,,,,,,,,,,,,,,,,,,,,,,,,,,,,,,,,,,,,,,,,,,,,
1974,2,334.0,65.0,2.82,3.95,4.29,3.66,8.0,0.86,14.0,0.3,0.6,0.8,-3.99,-1.9,1.54,-1.27,10.0,2.86,14.0,0.2,0.6,0.7,2.05,2.73,3.34,2.76,7.0,0.85,14.0,0.3,0.6,0.8,67.7,76.6,86.2,76.2,7.0,8.4,14.0,0.3,0.8,8.39,13.9,21.06,14.13,10.0,6.01,12.0,0.2,0.6,0.7,-14.64,-11.55,-5.27,-10.43,10.0,4.56,12.0,0.2,0.6,0.7,-12.54,-5.62,4.19,-4.38,10.0,9.74,12.0,0.2,0.6,0.7,999.2,1006.2,1010.67,1004.22,11.0,9.32,14.0,0.2,0.7,0.7,3.4,7.5,8.0,6.4,10.0,2.2,12.0,0.2,0.6,0.7,-288.1,-166.5,-46.4,-167.3,10.0,123.2,12.0,0.2,0.6,0.7,-265.0,-80.7,34.5,-104.0,10.0,180.9,12.0,0.2,0.6,0.7,1.91,4.2,6.82,4.25,8.0,2.53,14.0,0.3,0.6,0.8,30.1,55.4,64.4,46.5,7.0,24.1,14.0,0.3,0.6,0.8,1.7,2.24,3.06,2.15,7.0,0.82,14.0,0.3,0.6,0.8,11.3,23.5,29.2,22.6,7.0,9.7,14.0,0.3,0.6,0.8,0.6,17.7,37.4,19.3,9.0,25.3,12.0,0.2,0.6,0.7,-7.3,2.0,41.8,15.4,9.0,29.4,12.0,0.2,0.6,0.7,-33.8,-17.6,-12.0,-23.2,7.0,11.6,14.0,0.3,0.6,0.8,-28.4,5.9,12.0,0.9,7.0,27.0,14.0,0.3,0.6,0.8,-27.1,-20.6,-10.4,-18.5,7.0,9.0,14.0,0.3,0.6,0.8,-17.5,4.1,10.1,-1.0,7.0,14.3,14.0,0.3,0.6,0.8,605.5,2779.5,9537.0,4219.5,10.0,4338.5,12.0,0.2,0.6,0.7,605.0,2780.0,9535.0,4220.0,10.0,4340.0,12.0,0.2,0.6,0.7
1974,2,334.0,66.0,3.18,4.0,4.42,3.87,11.0,0.66,16.0,0.2,0.7,0.2,-4.0,-0.1,2.0,-0.75,39.0,2.83,18.0,0.3,0.8,0.4,2.07,2.32,3.42,2.59,14.0,0.66,18.0,0.2,0.7,0.3,73.2,83.6,89.9,81.0,14.0,8.4,18.0,0.2,0.3,9.3,12.3,19.0,13.52,39.0,6.24,18.0,0.3,0.8,0.4,-13.3,-6.5,4.18,-4.23,39.0,9.6,18.0,0.3,0.8,0.4,-9.4,0.0,10.63,1.04,39.0,10.72,18.0,0.3,0.8,0.4,989.49,996.4,1020.07,1001.07,40.0,14.32,18.0,0.3,0.8,0.4,6.0,8.0,8.0,7.1,39.0,1.3,18.0,0.3,0.8,0.4,-194.5,-74.9,51.1,-53.2,39.0,195.4,18.0,0.3,0.8,0.4,-114.8,0.0,152.1,12.1,39.0,215.7,18.0,0.3,0.8,0.4,3.46,8.0,9.25,6.93,11.0,2.55,16.0,0.2,0.7,0.2,28.0,46.7,142.3,79.0,10.0,70.4,16.0,0.2,0.7,0.3,1.63,2.94,3.06,2.56,11.0,0.7,16.0,0.2,0.7,0.2,11.2,20.9,46.5,28.0,10.0,21.8,16.0,0.2,0.7,0.3,-14.4,7.5,31.9,10.8,38.0,25.6,18.0,0.3,0.8,0.4,0.0,16.0,39.6,21.2,38.0,23.5,18.0,0.3,0.8,0.4,-45.7,-18.4,-8.4,-26.0,13.0,19.6,20.0,0.2,0.7,0.3,-46.7,-10.6,-2.0,-17.8,13.0,19.9,20.0,0.2,0.7,0.3,-27.1,-20.5,-9.2,-20.1,10.0,13.5,16.0,0.2,0.7,0.3,-38.0,-5.7,-1.4,-16.0,10.0,20.8,16.0,0.2,0.7,0.3,804.5,1861.0,6859.0,4128.5,39.0,5313.5,18.0,0.3,0.8,0.4,805.0,1860.0,6860.0,4130.0,39.0,5315.0,18.0,0.3,0.8,0.4
1974,2,334.0,67.0,1.93,2.0,2.07,2.0,2.0,0.14,22.0,1.0,0.9,0.5,-11.67,-8.25,-7.75,-9.23,6.0,2.29,22.0,0.5,0.8,0.5,1.39,2.05,2.16,1.87,6.0,0.41,22.0,0.5,0.8,0.5,89.6,97.7,100.0,95.6,6.0,5.3,22.0,0.5,0.5,16.27,23.4,26.8,21.1,6.0,7.45,22.0,0.5,0.8,0.5,-20.53,-14.44,-10.93,-14.84,6.0,5.2,22.0,0.5,0.8,0.5,-18.35,-15.7,-11.05,-14.53,6.0,6.7,22.0,0.5,0.8,0.5,985.63,988.55,995.41,990.83,6.0,7.4,22.0,0.5,0.8,0.5,2.6,4.0,5.4,4.0,2.0,2.8,22.0,0.0,0.7,0.7,-550.2,-334.1,-186.1,-340.7,6.0,191.7,22.0,0.5,0.8,0.5,-489.1,-367.2,-212.2,-345.5,6.0,203.5,22.0,0.5,0.8,0.5,10.01,10.25,10.49,10.25,2.0,0.49,22.0,1.0,0.9,0.5,267.3,271.5,275.8,271.5,2.0,8.8,22.0,1.0,0.9,0.5,2.35,2.39,2.44,2.39,2.0,0.09,22.0,1.0,0.9,0.5,62.6,63.3,64.0,63.3,2.0,1.5,22.0,1.0,0.9,0.5,104.1,123.5,164.2,129.1,6.0,30.6,22.0,0.5,0.8,0.5,78.4,137.8,168.0,125.6,6.0,56.3,22.0,0.5,0.8,0.5,-42.6,-31.5,-15.3,-29.2,6.0,14.0,22.0,0.5,0.8,0.5,-38.6,-33.0,-16.7,-28.7,6.0,15.0,22.0,0.5,0.8,0.5,-45.3,-40.0,-34.7,-40.0,2.0,11.0,22.0,1.0,0.9,0.5,-53.3,-47.9,-42.5,-47.9,2.0,11.1,22.0,1.0,0.9,0.5,5118.5,13363.5,19249.0,12002.0,6.0,7961.0,22.0,0.5,0.8,0.5,5120.0,13365.0,19250.0,12000.0,6.0,7960.0,22.0,0.5,0.8,0.5
1974,2,334.0,68.0,,,,,,,,,,,,,,,,,,,,,,,,,,,,,,,,,,,,,,,,10.8,10.8,10.8,10.8,1.0,0.0,22.0,0.0,0.5,0.0,-8.27,-8.27,-8.27,-8.27,1.0,0.0,22.0,0.0,0.5,0.0,-6.94,-6.94,-6.94,-6.94,1.0,0.0,22.0,0.0,0.5,0.0,1001.0,1001.0,1001.0,1001.0,1.0,0.0,22.0,0.0,0.5,0.0,,,,,,,,,,,,,,,,,,,,,,,,,,,,,,,,,,,,,,,,,,,,,,,,,,,,,,,,,,,,,,,,,,,,,,,,,,,,,,,,,,,,,,,,,,,,,,,,,,,,,,,,,,,,,,,,,,,,,,,,,,,,,,,,,,,,,,,,,,,,,,,,,,,,,,
1974,2,335.0,-73.0,,,,,,,,,,,,,,,,,,,,,,,,,,,,,,,,,,,,,,,,,,,,,,,,,,,,,,,,,,,,,,,,,,,,,,,,,,,,,,,,5.0,5.0,5.0,5.0,1.0,0.0,28.0,1.0,1.0,1.0,-17.7,-17.7,-17.7,-17.7,1.0,0.0,28.0,1.0,1.0,1.0,-48.7,-48.7,-48.7,-48.7,1.0,0.0,28.0,1.0,1.0,1.0,,,,,,,,,,,,,,,,,,,,,,,,,,,,,,,,,,,,,,,,,,,,,,,,,,,,,,,,,,,,,,,,,,,,,,,,,,,,,,,,,,,,,,,,,,,,,,,,,,,,,,,,,,,,,,,,,,,,,,,,
1974,2,335.0,-36.0,21.9,21.9,21.9,21.9,1.0,0.0,4.0,1.0,0.6,0.3,23.9,23.9,23.9,23.9,1.0,0.0,4.0,1.0,0.6,0.3,14.18,14.18,14.18,14.18,1.0,0.0,4.0,1.0,0.6,0.3,77.4,77.4,77.4,77.4,1.0,0.0,4.0,1.0,0.3,2.1,2.1,2.1,2.1,1.0,0.0,4.0,1.0,0.6,0.3,1.35,1.35,1.35,1.35,1.0,0.0,4.0,1.0,0.6,0.3,-1.61,-1.61,-1.61,-1.61,1.0,0.0,4.0,1.0,0.6,0.3,1019.9,1019.9,1019.9,1019.9,1.0,0.0,4.0,1.0,0.6,0.3,8.0,8.0,8.0,8.0,1.0,0.0,4.0,1.0,0.6,0.3,2.8,2.8,2.8,2.8,1.0,0.0,4.0,1.0,0.6,0.3,-3.4,-3.4,-3.4,-3.4,1.0,0.0,4.0,1.0,0.6,0.3,-2.0,-2.0,-2.0,-2.0,1.0,0.0,4.0,1.0,0.6,0.3,-4.2,-4.2,-4.2,-4.2,1.0,0.0,4.0,1.0,0.6,0.3,2.08,2.08,2.08,2.08,1.0,0.0,4.0,1.0,0.6,0.3,4.4,4.4,4.4,4.4,1.0,0.0,4.0,1.0,0.6,0.3,32.3,32.3,32.3,32.3,1.0,0.0,4.0,1.0,0.6,0.3,-38.4,-38.4,-38.4,-38.4,1.0,0.0,4.0,1.0,0.6,0.3,19.1,19.1,19.1,19.1,1.0,0.0,4.0,1.0,0.6,0.3,-22.8,-22.8,-22.8,-22.8,1.0,0.0,4.0,1.0,0.6,0.3,2.8,2.8,2.8,2.8,1.0,0.0,4.0,1.0,0.6,0.3,-3.3,-3.3,-3.3,-3.3,1.0,0.0,4.0,1.0,0.6,0.3,9.5,9.5,9.5,9.5,1.0,0.0,4.0,1.0,0.6,0.3,10.0,10.0,10.0,10.0,1.0,0.0,4.0,1.0,0.6,0.3
1974,2,335.0,-34.0,23.6,23.6,23.6,23.6,1.0,0.0,14.0,1.0,0.3,0.6,21.8,21.8,21.8,21.8,1.0,0.0,14.0,1.0,0.3,0.6,11.38,11.38,11.38,11.38,1.0,0.0,14.0,1.0,0.3,0.6,70.5,70.5,70.5,70.5,1.0,0.0,14.0,1.0,0.6,1.0,1.0,1.0,1.0,1.0,0.0,14.0,1.0,0.3,0.6,-0.17,-0.17,-0.17,-0.17,1.0,0.0,14.0,1.0,0.3,0.6,0.98,0.98,0.98,0.98,1.0,0.0,14.0,1.0,0.3,0.6,1017.7,1017.7,1017.7,1017.7,1.0,0.0,14.0,1.0,0.3,0.6,3.0,3.0,3.0,3.0,1.0,0.0,14.0,1.0,0.3,0.6,-0.2,-0.2,-0.2,-0.2,1.0,0.0,14.0,1.0,0.3,0.6,1.0,1.0,1.0,1.0,1.0,0.0,14.0,1.0,0.3,0.6,1.8,1.8,1.8,1.8,1.0,0.0,14.0,1.0,0.3,0.6,1.8,1.8,1.8,1.8,1.0,0.0,14.0,1.0,0.3,0.6,6.7,6.7,6.7,6.7,1.0,0.0,14.0,1.0,0.3,0.6,6.7,6.7,6.7,6.7,1.0,0.0,14.0,1.0,0.3,0.6,-3.8,-3.8,-3.8,-3.8,1.0,0.0,14.0,1.0,0.3,0.6,21.5,21.5,21.5,21.5,1.0,0.0,14.0,1.0,0.3,0.6,-2.0,-2.0,-2.0,-2.0,1.0,0.0,14.0,1.0,0.3,0.6,11.2,11.2,11.2,11.2,1.0,0.0,14.0,1.0,0.3,0.6,-1.2,-1.2,-1.2,-1.2,1.0,0.0,14.0,1.0,0.3,0.6,6.6,6.6,6.6,6.6,1.0,0.0,14.0,1.0,0.3,0.6,1.0,1.0,1.0,1.0,1.0,0.0,14.0,1.0,0.3,0.6,0.0,0.0,0.0,0.0,1.0,0.0,14.0,1.0,0.3,0.6
1974,2,335.0,-31.0,24.0,24.0,24.0,24.0,1.0,0.0,18.0,1.0,0.1,0.1,24.0,24.0,24.0,24.0,1.0,0.0,18.0,1.0,0.1,0.1,13.97,13.97,13.97,13.97,1.0,0.0,18.0,1.0,0.1,0.1,75.5,75.5,75.5,75.5,1.0,0.0,18.0,1.0,0.1,4.1,4.1,4.1,4.1,1.0,0.0,18.0,1.0,0.1,0.1,0.0,0.0,0.0,0.0,1.0,0.0,18.0,1.0,0.1,0.1,4.1,4.1,4.1,4.1,1.0,0.0,18.0,1.0,0.1,0.1,1015.8,1015.8,1015.8,1015.8,1.0,0.0,18.0,1.0,0.1,0.1,3.0,3.0,3.0,3.0,1.0,0.0,18.0,1.0,0.1,0.1,0.0,0.0,0.0,0.0,1.0,0.0,18.0,1.0,0.1,0.1,16.8,16.8,16.8,16.8,1.0,0.0,18.0,1.0,0.1,0.1,0.0,0.0,0.0,0.0,1.0,0.0,18.0,1.0,0.1,0.1,0.0,0.0,0.0,0.0,1.0,0.0,18.0,1.0,0.1,0.1,4.59,4.59,4.59,4.59,1.0,0.0,18.0,1.0,0.1,0.1,18.8,18.8,18.8,18.8,1.0,0.0,18.0,1.0,0.1,0.1,0.0,0.0,0.0,0.0,1.0,0.0,18.0,1.0,0.1,0.1,98.4,98.4,98.4,98.4,1.0,0.0,18.0,1.0,0.1,0.1,0.0,0.0,0.0,0.0,1.0,0.0,18.0,1.0,0.1,0.1,57.3,57.3,57.3,57.3,1.0,0.0,18.0,1.0,0.1,0.1,0.0,0.0,0.0,0.0,1.0,0.0,18.0,1.0,0.1,0.1,18.8,18.8,18.8,18.8,1.0,0.0,18.0,1.0,0.1,0.1,69.0,69.0,69.0,69.0,1.0,0.0,18.0,1.0,0.1,0.1,70.0,70.0,70.0,70.0,1.0,0.0,18.0,1.0,0.1,0.1
1974,2,335.0,-28.0,24.74,25.25,25.76,25.25,2.0,1.06,16.0,0.5,0.6,0.4,24.24,24.75,25.26,24.75,2.0,1.06,16.0,0.5,0.6,0.4,14.12,14.35,14.58,14.35,2.0,0.48,16.0,0.5,0.6,0.4,71.0,74.4,77.7,74.4,2.0,7.0,16.0,0.5,0.4,2.07,3.3,4.53,3.3,2.0,2.55,16.0,0.5,0.6,0.4,-3.41,-2.33,-1.25,-2.33,2.0,2.23,16.0,0.5,0.6,0.4,-2.55,-0.99,0.57,-0.99,2.0,3.24,16.0,0.5,0.6,0.4,1016.04,1017.2,1018.36,1017.2,2.0,2.4,16.0,0.5,0.6,0.4,2.1,4.5,6.9,4.5,2.0,4.9,16.0,0.5,0.6,0.4,-16.9,-10.5,-4.1,-10.5,2.0,13.3,16.0,0.5,0.6,0.4,-13.8,-7.4,-1.0,-7.4,2.0,13.2,16.0,0.5,0.6,0.4,0.5,0.5,0.5,0.5,2.0,0.0,16.0,0.5,0.6,0.4,1.0,1.7,2.3,1.7,2.0,1.3,16.0,0.5,0.6,0.4,4.83,5.66,6.48,5.66,2.0,1.71,16.0,0.5,0.6,0.4,12.3,16.5,20.7,16.5,2.0,8.8,16.0,0.5,0.6,0.4,-81.9,-56.4,-31.0,-56.4,2.0,52.8,16.0,0.5,0.6,0.4,-60.9,-22.8,15.4,-22.8,2.0,79.1,16.0,0.5,0.6,0.4,-50.0,-34.0,-17.9,-34.0,2.0,33.2,16.0,0.5,0.6,0.4,-37.6,-15.0,7.7,-15.0,2.0,46.9,16.0,0.5,0.6,0.4,-15.4,-11.3,-7.1,-11.3,2.0,8.6,16.0,0.5,0.6,0.4,-10.9,-2.8,5.2,-2.8,2.0,16.6,16.0,0.5,0.6,0.4,24.0,68.0,112.0,68.0,2.0,91.5,16.0,0.5,0.6,0.4,25.0,70.0,110.0,70.0,2.0,90.0,16.0,0.5,0.6,0.4
1974,2,335.0,-25.0,26.0,26.0,26.0,26.0,1.0,0.0,10.0,1.0,1.0,0.3,25.8,25.8,25.8,25.8,1.0,0.0,10.0,1.0,1.0,0.3,15.09,15.09,15.09,15.09,1.0,0.0,10.0,1.0,1.0,0.3,73.5,73.5,73.5,73.5,1.0,0.0,10.0,1.0,0.3,10.3,10.3,10.3,10.3,1.0,0.0,10.0,1.0,1.0,0.3,-10.3,-10.3,-10.3,-10.3,1.0,0.0,10.0,1.0,1.0,0.3,0.0,0.0,0.0,0.0,1.0,0.0,10.0,1.0,1.0,0.3,1019.6,1019.6,1019.6,1019.6,1.0,0.0,10.0,1.0,1.0,0.3,5.0,5.0,5.0,5.0,1.0,0.0,10.0,1.0,1.0,0.3,-106.1,-106.1,-106.1,-106.1,1.0,0.0,10.0,1.0,1.0,0.3,0.0,0.0,0.0,0.0,1.0,0.0,10.0,1.0,1.0,0.3,0.2,0.2,0.2,0.2,1.0,0.0,10.0,1.0,1.0,0.3,2.1,2.1,2.1,2.1,1.0,0.0,10.0,1.0,1.0,0.3,5.77,5.77,5.77,5.77,1.0,0.0,10.0,1.0,1.0,0.3,59.5,59.5,59.5,59.5,1.0,0.0,10.0,1.0,1.0,0.3,-265.7,-265.7,-265.7,-265.7,1.0,0.0,10.0,1.0,1.0,0.3,0.0,0.0,0.0,0.0,1.0,0.0,10.0,1.0,1.0,0.3,-155.5,-155.5,-155.5,-155.5,1.0,0.0,10.0,1.0,1.0,0.3,0.0,0.0,0.0,0.0,1.0,0.0,10.0,1.0,1.0,0.3,-59.5,-59.5,-59.5,-59.5,1.0,0.0,10.0,1.0,1.0,0.3,0.0,0.0,0.0,0.0,1.0,0.0,10.0,1.0,1.0,0.3,1092.5,1092.5,1092.5,1092.5,1.0,0.0,10.0,1.0,1.0,0.3,1095.0,1095.0,1095.0,1095.0,1.0,0.0,10.0,1.0,1.0,0.3
1974,2,335.0,-22.0,,,,,,,,,,,,,,,,,,,,,,,,,,,,,,,,,,,,,,,,3.67,5.1,6.53,5.1,2.0,2.97,20.0,0.0,0.5,0.6,-6.1,-4.68,-3.26,-4.68,2.0,2.95,20.0,0.0,0.5,0.6,-0.87,0.48,1.83,0.48,2.0,2.8,20.0,0.0,0.5,0.6,1015.5,1015.7,1015.9,1015.7,2.0,0.42,20.0,0.0,0.5,0.6,,,,,,,,,,,,,,,,,,,,,,,,,,,,,,,,,,,,,,,,,,,,,,,,,,,,,,,,,,,,,,,,,,,,,,,,,,,,,,,,,,,,,,,,,,,,,,,,,,,,,,,,,,,,,,,,,,,,,,,,,,,,,,,,,,,,,,,,,,,,,,,,,,,,,,
1974,2,335.0,-16.0,26.7,26.7,26.7,26.7,1.0,0.0,12.0,0.0,0.6,0.3,25.5,25.5,25.5,25.5,1.0,0.0,12.0,0.0,0.6,0.3,16.86,16.86,16.86,16.86,1.0,0.0,12.0,0.0,0.6,0.3,83.0,83.0,83.0,83.0,1.0,0.0,12.0,0.0,0.3,7.2,7.2,7.2,7.2,1.0,0.0,12.0,0.0,0.6,0.3,-7.09,-7.09,-7.09,-7.09,1.0,0.0,12.0,0.0,0.6,0.3,1.25,1.25,1.25,1.25,1.0,0.0,12.0,0.0,0.6,0.3,1013.9,1013.9,1013.9,1013.9,1.0,0.0,12.0,0.0,0.6,0.3,1.0,1.0,1.0,1.0,1.0,0.0,12.0,0.0,0.6,0.3,-51.1,-51.1,-51.1,-51.1,1.0,0.0,12.0,0.0,0.6,0.3,9.0,9.0,9.0,9.0,1.0,0.0,12.0,0.0,0.6,0.3,1.2,1.2,1.2,1.2,1.0,0.0,12.0,0.0,0.6,0.3,8.6,8.6,8.6,8.6,1.0,0.0,12.0,0.0,0.6,0.3,5.02,5.02,5.02,5.02,1.0,0.0,12.0,0.0,0.6,0.3,36.1,36.1,36.1,36.1,1.0,0.0,12.0,0.0,0.6,0.3,-180.8,-180.8,-180.8,-180.8,1.0,0.0,12.0,0.0,0.6,0.3,31.9,31.9,31.9,31.9,1.0,0.0,12.0,0.0,0.6,0.3,-119.6,-119.6,-119.6,-119.6,1.0,0.0,12.0,0.0,0.6,0.3,21.1,21.1,21.1,21.1,1.0,0.0,12.0,0.0,0.6,0.3,-35.6,-35.6,-35.6,-35.6,1.0,0.0,12.0,0.0,0.6,0.3,6.3,6.3,6.3,6.3,1.0,0.0,12.0,0.0,0.6,0.3,373.0,373.0,373.0,373.0,1.0,0.0,12.0,0.0,0.6,0.3,375.0,375.0,375.0,375.0,1.0,0.0,12.0,0.0,0.6,0.3
1974,2,335.0,-15.0,25.8,25.8,25.8,25.8,1.0,0.0,8.0,0.0,0.2,0.9,25.3,25.3,25.3,25.3,1.0,0.0,8.0,0.0,0.2,0.9,15.99,15.99,15.99,15.99,1.0,0.0,8.0,0.0,0.2,0.9,79.5,79.5,79.5,79.5,1.0,0.0,8.0,0.0,0.9,8.0,8.0,8.0,8.0,1.0,0.0,8.0,0.0,0.2,0.9,-8.0,-8.0,-8.0,-8.0,1.0,0.0,8.0,0.0,0.2,0.9,0.0,0.0,0.0,0.0,1.0,0.0,8.0,0.0,0.2,0.9,1011.7,1011.7,1011.7,1011.7,1.0,0.0,8.0,0.0,0.2,0.9,4.0,4.0,4.0,4.0,1.0,0.0,8.0,0.0,0.2,0.9,-64.0,-64.0,-64.0,-64.0,1.0,0.0,8.0,0.0,0.2,0.9,0.0,0.0,0.0,0.0,1.0,0.0,8.0,0.0,0.2,0.9,0.5,0.5,0.5,0.5,1.0,0.0,8.0,0.0,0.2,0.9,4.0,4.0,4.0,4.0,1.0,0.0,8.0,0.0,0.2,0.9,4.79,4.79,4.79,4.79,1.0,0.0,8.0,0.0,0.2,0.9,38.3,38.3,38.3,38.3,1.0,0.0,8.0,0.0,0.2,0.9,-202.4,-202.4,-202.4,-202.4,1.0,0.0,8.0,0.0,0.2,0.9,0.0,0.0,0.0,0.0,1.0,0.0,8.0,0.0,0.2,0.9,-127.9,-127.9,-127.9,-127.9,1.0,0.0,8.0,0.0,0.2,0.9,0.0,0.0,0.0,0.0,1.0,0.0,8.0,0.0,0.2,0.9,-38.3,-38.3,-38.3,-38.3,1.0,0.0,8.0,0.0,0.2,0.9,0.0,0.0,0.0,0.0,1.0,0.0,8.0,0.0,0.2,0.9,512.0,512.0,512.0,512.0,1.0,0.0,8.0,0.0,0.2,0.9,510.0,510.0,510.0,510.0,1.0,0.0,8.0,0.0,0.2,0.9
1974,2,335.0,-14.0,25.26,25.6,25.94,25.6,2.0,0.71,14.0,0.0,0.4,0.9,25.26,25.6,25.94,25.6,2.0,0.71,14.0,0.0,0.4,0.9,16.2,17.11,18.02,17.11,2.0,1.88,14.0,0.0,0.4,0.9,80.7,83.3,85.9,83.3,2.0,5.4,14.0,0.0,0.9,7.91,8.35,8.79,8.35,2.0,0.92,14.0,0.0,0.4,0.9,-8.66,-8.22,-7.79,-8.22,2.0,0.91,14.0,0.0,0.4,0.9,-1.53,-1.45,-1.37,-1.45,2.0,0.16,14.0,0.0,0.4,0.9,1010.58,1011.4,1012.22,1011.4,2.0,1.7,14.0,0.0,0.4,0.9,3.5,4.5,5.5,4.5,2.0,2.1,14.0,0.0,0.4,0.9,-76.4,-69.1,-61.8,-69.1,2.0,15.1,14.0,0.0,0.4,0.9,-13.5,-12.2,-10.9,-12.2,2.0,2.7,14.0,0.0,0.4,0.9,0.0,0.0,0.0,0.0,2.0,0.0,14.0,0.0,0.4,0.9,0.0,0.0,0.0,0.0,2.0,0.0,14.0,0.0,0.4,0.9,2.97,3.44,3.91,3.44,2.0,0.97,14.0,0.0,0.4,0.9,23.7,29.2,34.6,29.2,2.0,11.3,14.0,0.0,0.4,0.9,-218.6,-210.2,-201.8,-210.2,2.0,17.4,14.0,0.0,0.4,0.9,-38.5,-37.1,-35.6,-37.1,2.0,3.1,14.0,0.0,0.4,0.9,-139.8,-139.8,-139.8,-139.8,2.0,0.0,14.0,0.0,0.4,0.9,-24.7,-24.7,-24.7,-24.7,2.0,0.0,14.0,0.0,0.4,0.9,-34.1,-28.7,-23.4,-28.7,2.0,11.1,14.0,0.0,0.4,0.9,-6.0,-5.1,-4.1,-5.1,2.0,2.0,14.0,0.0,0.4,0.9,500.0,593.0,686.0,593.0,2.0,192.5,14.0,0.0,0.4,0.9,500.0,595.0,685.0,595.0,2.0,195.0,14.0,0.0,0.4,0.9
1974,2,335.0,-13.0,26.04,26.55,27.06,26.55,2.0,1.06,10.0,1.0,0.9,0.6,26.99,27.4,27.81,27.4,2.0,0.85,10.0,1.0,0.9,0.6,16.3,16.3,16.3,16.3,1.0,0.0,8.0,1.0,0.8,0.9,67.1,69.9,72.8,69.9,2.0,5.9,10.0,1.0,0.6,2.11,4.5,6.89,4.5,2.0,4.95,10.0,1.0,0.9,0.6,-5.99,-3.96,-1.94,-3.96,2.0,4.19,10.0,1.0,0.9,0.6,0.63,2.0,3.37,2.0,2.0,2.83,10.0,1.0,0.9,0.6,1010.6,1010.6,1010.6,1010.6,1.0,0.0,8.0,1.0,0.8,0.9,3.2,3.5,3.8,3.5,2.0,0.7,10.0,1.0,0.9,0.6,-46.8,-28.2,-9.6,-28.2,2.0,38.5,10.0,1.0,0.9,0.6,5.1,16.0,26.9,16.0,2.0,22.6,10.0,1.0,0.9,0.6,-0.95,-0.85,-0.75,-0.85,2.0,0.21,10.0,1.0,0.9,0.6,-6.8,-4.3,-1.9,-4.3,2.0,5.2,10.0,1.0,0.9,0.6,4.5,4.5,4.5,4.5,1.0,0.0,8.0,1.0,0.8,0.9,36.0,36.0,36.0,36.0,1.0,0.0,8.0,1.0,0.8,0.9,-160.7,-106.8,-53.0,-106.8,2.0,111.5,10.0,1.0,0.9,0.6,17.0,53.6,90.2,53.6,2.0,75.8,10.0,1.0,0.9,0.6,-113.0,-113.0,-113.0,-113.0,1.0,0.0,8.0,1.0,0.8,0.9,65.2,65.2,65.2,65.2,1.0,0.0,8.0,1.0,0.8,0.9,-31.2,-31.2,-31.2,-31.2,1.0,0.0,8.0,1.0,0.8,0.9,18.0,18.0,18.0,18.0,1.0,0.0,8.0,1.0,0.8,0.9,82.0,256.5,431.0,256.5,2.0,361.5,10.0,1.0,0.9,0.6,80.0,255.0,430.0,255.0,2.0,360.0,10.0,1.0,0.9,0.6
1974,2,335.0,-12.0,26.2,26.2,26.2,26.2,1.0,0.0,28.0,1.0,0.5,0.8,26.5,26.5,26.5,26.5,1.0,0.0,28.0,1.0,0.5,0.8,17.09,17.09,17.09,17.09,1.0,0.0,28.0,1.0,0.5,0.8,79.2,79.2,79.2,79.2,1.0,0.0,28.0,1.0,0.8,6.7,6.7,6.7,6.7,1.0,0.0,28.0,1.0,0.5,0.8,-6.6,-6.6,-6.6,-6.6,1.0,0.0,28.0,1.0,0.5,0.8,1.16,1.16,1.16,1.16,1.0,0.0,28.0,1.0,0.5,0.8,1012.8,1012.8,1012.8,1012.8,1.0,0.0,28.0,1.0,0.5,0.8,5.0,5.0,5.0,5.0,1.0,0.0,28.0,1.0,0.5,0.8,-44.2,-44.2,-44.2,-44.2,1.0,0.0,28.0,1.0,0.5,0.8,7.8,7.8,7.8,7.8,1.0,0.0,28.0,1.0,0.5,0.8,-0.3,-0.3,-0.3,-0.3,1.0,0.0,28.0,1.0,0.5,0.8,-2.0,-2.0,-2.0,-2.0,1.0,0.0,28.0,1.0,0.5,0.8,4.17,4.17,4.17,4.17,1.0,0.0,28.0,1.0,0.5,0.8,27.9,27.9,27.9,27.9,1.0,0.0,28.0,1.0,0.5,0.8,-174.9,-174.9,-174.9,-174.9,1.0,0.0,28.0,1.0,0.5,0.8,30.8,30.8,30.8,30.8,1.0,0.0,28.0,1.0,0.5,0.8,-112.8,-112.8,-112.8,-112.8,1.0,0.0,28.0,1.0,0.5,0.8,19.9,19.9,19.9,19.9,1.0,0.0,28.0,1.0,0.5,0.8,-27.5,-27.5,-27.5,-27.5,1.0,0.0,28.0,1.0,0.5,0.8,4.9,4.9,4.9,4.9,1.0,0.0,28.0,1.0,0.5,0.8,301.0,301.0,301.0,301.0,1.0,0.0,28.0,1.0,0.5,0.8,300.0,300.0,300.0,300.0,1.0,0.0,28.0,1.0,0.5,0.8
1974,2,335.0,-11.0,26.49,27.2,27.61,27.02,5.0,0.85,20.0,0.6,0.6,0.6,27.0,27.2,28.57,27.84,5.0,1.55,20.0,0.6,0.6,0.6,15.64,16.66,17.93,16.78,4.0,1.77,20.0,0.5,0.7,0.6,63.3,69.8,79.5,71.3,4.0,10.6,20.0,0.5,0.6,2.92,5.1,6.26,4.7,5.0,1.79,20.0,0.6,0.6,0.6,-6.11,-4.42,-1.37,-3.67,5.0,3.09,20.0,0.6,0.6,0.6,0.67,2.25,2.39,1.63,5.0,1.08,20.0,0.6,0.6,0.6,1008.52,1011.0,1012.06,1010.38,5.0,2.05,20.0,0.6,0.6,0.6,3.0,4.0,6.4,4.6,5.0,1.8,20.0,0.6,0.6,0.6,-38.3,-22.5,-4.5,-21.3,5.0,18.8,20.0,0.6,0.6,0.6,2.1,5.9,13.9,7.5,5.0,6.5,20.0,0.6,0.6,0.6,-2.13,0.0,0.34,-0.82,5.0,1.61,20.0,0.6,0.6,0.6,-7.8,0.0,2.1,-2.3,5.0,5.3,20.0,0.6,0.6,0.6,4.52,5.9,6.39,5.47,4.0,1.46,20.0,0.5,0.7,0.6,12.9,22.6,37.6,25.1,4.0,15.5,20.0,0.5,0.7,0.6,-166.6,-119.3,-35.4,-98.8,5.0,86.0,20.0,0.6,0.6,0.6,18.2,62.8,68.9,45.8,5.0,30.6,20.0,0.6,0.6,0.6,-86.0,-60.3,-15.1,-51.0,4.0,52.9,20.0,0.5,0.7,0.6,28.4,37.5,37.9,33.4,4.0,8.8,20.0,0.5,0.7,0.6,-34.3,-17.7,-0.6,-17.5,4.0,21.4,20.0,0.5,0.7,0.6,8.3,14.2,15.1,11.8,4.0,5.6,20.0,0.5,0.7,0.6,25.5,132.5,247.0,139.5,5.0,121.5,20.0,0.6,0.6,0.6,25.0,135.0,245.0,140.0,5.0,120.0,20.0,0.6,0.6,0.6
1974,2,335.0,-10.0,26.95,27.5,27.84,27.4,3.0,0.66,14.0,0.7,0.5,0.9,26.58,27.4,28.01,27.3,3.0,1.05,14.0,0.7,0.5,0.9,15.38,15.38,15.38,15.38,1.0,0.0,14.0,0.0,0.4,0.9,67.7,72.6,75.6,71.7,3.0,5.8,14.0,0.7,0.9,4.42,5.1,6.19,5.3,3.0,1.31,14.0,0.7,0.5,0.9,-4.38,-4.31,-3.51,-3.95,3.0,0.71,14.0,0.7,0.5,0.9,2.58,2.64,4.34,3.44,3.0,1.47,14.0,0.7,0.5,0.9,1013.0,1013.0,1013.0,1013.0,1.0,0.0,14.0,0.0,0.4,0.9,0.6,2.0,2.0,1.3,3.0,1.2,14.0,0.7,0.5,0.9,-26.8,-22.5,-15.9,-21.4,3.0,8.0,14.0,0.7,0.5,0.9,11.5,13.0,27.6,19.4,3.0,13.0,14.0,0.7,0.5,0.9,-1.06,0.1,1.26,0.1,3.0,1.7,14.0,0.7,0.5,0.9,-5.4,0.7,5.3,0.0,3.0,7.8,14.0,0.7,0.5,0.9,8.28,8.28,8.28,8.28,1.0,0.0,14.0,0.0,0.4,0.9,34.0,34.0,34.0,34.0,1.0,0.0,14.0,0.0,0.4,0.9,-122.8,-118.0,-93.6,-108.4,3.0,22.9,14.0,0.7,0.5,0.9,70.0,72.2,118.9,93.9,3.0,40.5,14.0,0.7,0.5,0.9,-48.3,-48.3,-48.3,-48.3,1.0,0.0,14.0,0.0,0.4,0.9,40.5,40.5,40.5,40.5,1.0,0.0,14.0,0.0,0.4,0.9,-26.0,-26.0,-26.0,-26.0,1.0,0.0,14.0,0.0,0.4,0.9,21.8,21.8,21.8,21.8,1.0,0.0,14.0,0.0,0.4,0.9,89.0,132.5,247.5,167.5,3.0,120.0,14.0,0.7,0.5,0.9,90.0,135.0,245.0,165.0,3.0,120.0,14.0,0.7,0.5,0.9
1974,2,335.0,-9.0,27.83,27.9,27.97,27.9,2.0,0.14,14.0,1.0,0.1,0.6,29.07,29.45,29.83,29.45,2.0,0.78,14.0,1.0,0.1,0.6,17.77,18.75,19.73,18.75,2.0,2.03,14.0,1.0,0.1,0.6,70.6,72.8,75.0,72.8,2.0,4.5,14.0,1.0,0.6,3.17,4.4,5.63,4.4,2.0,2.55,14.0,1.0,0.1,0.6,-5.42,-3.75,-2.08,-3.75,2.0,3.46,14.0,1.0,0.1,0.6,0.36,1.13,1.89,1.13,2.0,1.59,14.0,1.0,0.1,0.6,1010.74,1011.25,1011.76,1011.25,2.0,1.06,14.0,1.0,0.1,0.6,3.5,4.5,5.5,4.5,2.0,2.1,14.0,1.0,0.1,0.6,-32.9,-20.9,-8.9,-20.9,2.0,24.8,14.0,1.0,0.1,0.6,0.9,2.9,4.9,2.9,2.0,4.1,14.0,1.0,0.1,0.6,-1.86,-1.55,-1.24,-1.55,2.0,0.64,14.0,1.0,0.1,0.6,-6.6,-6.0,-5.5,-6.0,2.0,1.1,14.0,1.0,0.1,0.6,3.94,4.81,5.69,4.81,2.0,1.81,14.0,1.0,0.1,0.6,13.7,23.5,33.2,23.5,2.0,20.2,14.0,1.0,0.1,0.6,-156.9,-109.1,-61.2,-109.1,2.0,99.1,14.0,1.0,0.1,0.6,10.7,33.8,56.8,33.8,2.0,47.8,14.0,1.0,0.1,0.6,-94.5,-66.8,-39.1,-66.8,2.0,57.3,14.0,1.0,0.1,0.6,7.2,22.7,38.2,22.7,2.0,32.1,14.0,1.0,0.1,0.6,-32.5,-21.2,-9.9,-21.2,2.0,23.5,14.0,1.0,0.1,0.6,1.3,4.0,6.7,4.0,2.0,5.6,14.0,1.0,0.1,0.6,52.5,128.0,203.5,128.0,2.0,156.0,14.0,1.0,0.1,0.6,55.0,130.0,205.0,130.0,2.0,155.0,14.0,1.0,0.1,0.6
1974,2,335.0,-8.0,27.76,28.1,28.1,27.93,3.0,0.29,14.0,0.7,0.6,0.6,27.06,27.2,27.95,27.5,3.0,0.7,14.0,0.7,0.6,0.6,15.62,16.91,17.21,16.43,3.0,1.24,14.0,0.7,0.6,0.6,68.5,70.4,74.8,71.6,3.0,4.8,14.0,0.7,0.6,2.1,2.1,3.81,2.93,3.0,1.44,14.0,0.7,0.6,0.6,-2.2,-1.97,-1.72,-1.96,3.0,0.35,14.0,0.7,0.6,0.6,0.92,1.35,3.15,2.02,3.0,1.73,14.0,0.7,0.6,0.6,1010.18,1011.0,1011.75,1010.97,3.0,1.15,14.0,0.7,0.6,0.6,1.3,2.0,2.7,2.0,3.0,1.0,14.0,0.7,0.6,0.6,-8.5,-4.1,-3.6,-6.0,3.0,4.0,14.0,0.7,0.6,0.6,1.9,2.8,13.4,7.6,3.0,9.3,14.0,0.7,0.6,0.6,-0.01,0.4,0.88,0.43,3.0,0.65,14.0,0.7,0.6,0.6,0.3,1.8,2.2,1.2,3.0,1.5,14.0,0.7,0.6,0.6,6.18,6.94,8.21,7.19,3.0,1.5,14.0,0.7,0.6,0.6,15.8,18.5,24.2,20.0,3.0,6.3,14.0,0.7,0.6,0.6,-59.6,-53.3,-48.0,-53.8,3.0,8.5,14.0,0.7,0.6,0.6,25.4,38.2,86.1,55.3,3.0,46.9,14.0,0.7,0.6,0.6,-36.6,-29.6,-28.0,-32.3,3.0,6.7,14.0,0.7,0.6,0.6,14.6,22.8,54.4,34.2,3.0,30.8,14.0,0.7,0.6,0.6,-16.1,-13.4,-11.9,-14.0,3.0,3.1,14.0,0.7,0.6,0.6,7.3,9.4,18.8,13.0,3.0,9.0,14.0,0.7,0.6,0.6,9.5,9.5,69.5,38.5,3.0,51.0,14.0,0.7,0.6,0.6,10.0,10.0,70.0,40.0,3.0,50.0,14.0,0.7,0.6,0.6
1974,2,335.0,-7.0,26.8,26.8,26.8,26.8,1.0,0.0,2.0,0.0,0.4,0.5,27.3,27.3,27.3,27.3,1.0,0.0,2.0,0.0,0.4,0.5,19.51,19.51,19.51,19.51,1.0,0.0,2.0,0.0,0.4,0.5,85.7,85.7,85.7,85.7,1.0,0.0,2.0,0.0,0.5,4.6,4.6,4.6,4.6,1.0,0.0,2.0,0.0,0.4,0.5,-2.96,-2.96,-2.96,-2.96,1.0,0.0,2.0,0.0,0.4,0.5,3.52,3.52,3.52,3.52,1.0,0.0,2.0,0.0,0.4,0.5,1008.2,1008.2,1008.2,1008.2,1.0,0.0,2.0,0.0,0.4,0.5,7.0,7.0,7.0,7.0,1.0,0.0,2.0,0.0,0.4,0.5,-13.6,-13.6,-13.6,-13.6,1.0,0.0,2.0,0.0,0.4,0.5,16.2,16.2,16.2,16.2,1.0,0.0,2.0,0.0,0.4,0.5,-0.5,-0.5,-0.5,-0.5,1.0,0.0,2.0,0.0,0.4,0.5,-2.3,-2.3,-2.3,-2.3,1.0,0.0,2.0,0.0,0.4,0.5,2.63,2.63,2.63,2.63,1.0,0.0,2.0,0.0,0.4,0.5,12.1,12.1,12.1,12.1,1.0,0.0,2.0,0.0,0.4,0.5,-80.7,-80.7,-80.7,-80.7,1.0,0.0,2.0,0.0,0.4,0.5,96.2,96.2,96.2,96.2,1.0,0.0,2.0,0.0,0.4,0.5,-57.7,-57.7,-57.7,-57.7,1.0,0.0,2.0,0.0,0.4,0.5,68.8,68.8,68.8,68.8,1.0,0.0,2.0,0.0,0.4,0.5,-7.8,-7.8,-7.8,-7.8,1.0,0.0,2.0,0.0,0.4,0.5,9.3,9.3,9.3,9.3,1.0,0.0,2.0,0.0,0.4,0.5,97.5,97.5,97.5,97.5,1.0,0.0,2.0,0.0,0.4,0.5,95.0,95.0,95.0,95.0,1.0,0.0,2.0,0.0,0.4,0.5
1974,2,335.0,-5.0,,,,,,,,,,,,,,,,,,,,,,,,,,,,,,,,,,,,,,,,6.7,6.7,6.7,6.7,1.0,0.0,16.0,1.0,0.8,0.9,-6.6,-6.6,-6.6,-6.6,1.0,0.0,16.0,1.0,0.8,0.9,1.16,1.16,1.16,1.16,1.0,0.0,16.0,1.0,0.8,0.9,1013.4,1013.4,1013.4,1013.4,1.0,0.0,16.0,1.0,0.8,0.9,,,,,,,,,,,,,,,,,,,,,,,,,,,,,,,,,,,,,,,,,,,,,,,,,,,,,,,,,,,,,,,,,,,,,,,,,,,,,,,,,,,,,,,,,,,,,,,,,,,,,,,,,,,,,,,,,,,,,,,,,,,,,,,,,,,,,,,,,,,,,,,,,,,,,,
1974,2,335.0,-4.0,28.3,28.3,28.3,28.3,1.0,0.0,14.0,1.0,0.3,0.4,27.6,27.6,27.6,27.6,1.0,0.0,14.0,1.0,0.3,0.4,18.56,18.56,18.56,18.56,1.0,0.0,14.0,1.0,0.3,0.4,80.3,80.3,80.3,80.3,1.0,0.0,14.0,1.0,0.4,4.6,4.6,4.6,4.6,1.0,0.0,14.0,1.0,0.3,0.4,-3.52,-3.52,-3.52,-3.52,1.0,0.0,14.0,1.0,0.3,0.4,2.96,2.96,2.96,2.96,1.0,0.0,14.0,1.0,0.3,0.4,1009.8,1009.8,1009.8,1009.8,1.0,0.0,14.0,1.0,0.3,0.4,5.0,5.0,5.0,5.0,1.0,0.0,14.0,1.0,0.3,0.4,-16.2,-16.2,-16.2,-16.2,1.0,0.0,14.0,1.0,0.3,0.4,13.6,13.6,13.6,13.6,1.0,0.0,14.0,1.0,0.3,0.4,0.7,0.7,0.7,0.7,1.0,0.0,14.0,1.0,0.3,0.4,3.2,3.2,3.2,3.2,1.0,0.0,14.0,1.0,0.3,0.4,5.61,5.61,5.61,5.61,1.0,0.0,14.0,1.0,0.3,0.4,25.8,25.8,25.8,25.8,1.0,0.0,14.0,1.0,0.3,0.4,-97.3,-97.3,-97.3,-97.3,1.0,0.0,14.0,1.0,0.3,0.4,81.6,81.6,81.6,81.6,1.0,0.0,14.0,1.0,0.3,0.4,-65.4,-65.4,-65.4,-65.4,1.0,0.0,14.0,1.0,0.3,0.4,54.9,54.9,54.9,54.9,1.0,0.0,14.0,1.0,0.3,0.4,-19.8,-19.8,-19.8,-19.8,1.0,0.0,14.0,1.0,0.3,0.4,16.6,16.6,16.6,16.6,1.0,0.0,14.0,1.0,0.3,0.4,97.5,97.5,97.5,97.5,1.0,0.0,14.0,1.0,0.3,0.4,95.0,95.0,95.0,95.0,1.0,0.0,14.0,1.0,0.3,0.4
1974,2,335.0,-3.0,26.0,26.0,26.0,26.0,1.0,0.0,22.0,0.0,0.1,1.0,26.0,26.0,26.0,26.0,1.0,0.0,22.0,0.0,0.1,1.0,17.89,17.89,17.89,17.89,1.0,0.0,22.0,0.0,0.1,1.0,85.1,85.1,85.1,85.1,1.0,0.0,22.0,0.0,1.0,,,,,,,,,,,,,,,,,,,,,,,,,,,,,,,,,,,,,,,,,,,,,,,,,,,,,,,,,,,,,,,,,,,,,,,,,,,,,,,,,,,,,,,,,,,,,,,,,,,,,,,,,,,,,,,,,,,,,,,,,,,,,,,,,,,,,,,,,,,,,,,,,,,,,,,,,,,,,,,,,,,,,,,,,,,,,,,,,,,,,,,,,,,,,,
1974,2,335.0,-2.0,,,,,,,,,,,,,,,,,,,,,,,,,,,,,,,,,,,,,,,,4.6,4.6,4.6,4.6,2.0,0.0,12.0,0.5,0.4,0.4,-2.18,-1.94,-1.69,-1.94,2.0,0.51,12.0,0.5,0.4,0.4,4.04,4.15,4.27,4.15,2.0,0.24,12.0,0.5,0.4,0.4,1009.65,1010.2,1010.75,1010.2,2.0,1.13,12.0,0.5,0.4,0.4,4.5,5.5,6.5,5.5,2.0,2.1,12.0,0.5,0.4,0.4,-10.0,-8.9,-7.8,-8.9,2.0,2.4,12.0,0.5,0.4,0.4,18.6,19.1,19.6,19.1,2.0,1.1,12.0,0.5,0.4,0.4,,,,,,,,,,,,,,,,,,,,,,,,,,,,,,,,,,,,,,,,,-55.2,-50.3,-45.4,-50.3,2.0,10.2,12.0,0.5,0.4,0.4,102.6,109.0,115.4,109.0,2.0,13.3,12.0,0.5,0.4,0.4,-39.6,-34.6,-29.6,-34.6,2.0,10.3,12.0,0.5,0.4,0.4,72.9,73.8,74.6,73.8,2.0,1.8,12.0,0.5,0.4,0.4,,,,,,,,,,,,,,,,,,,,,,,,,,,,,,,,,,,,,,,,
1974,2,335.0,-1.0,,,,,,,,,,,,,,,,,,,,,,,,,,,,,,,,,,,,,,,,5.1,5.1,5.1,5.1,1.0,0.0,20.0,1.0,0.7,0.9,-3.91,-3.91,-3.91,-3.91,1.0,0.0,20.0,1.0,0.7,0.9,-3.28,-3.28,-3.28,-3.28,1.0,0.0,20.0,1.0,0.7,0.9,1012.2,1012.2,1012.2,1012.2,1.0,0.0,20.0,1.0,0.7,0.9,3.0,3.0,3.0,3.0,1.0,0.0,20.0,1.0,0.7,0.9,-19.9,-19.9,-19.9,-19.9,1.0,0.0,20.0,1.0,0.7,0.9,-16.7,-16.7,-16.7,-16.7,1.0,0.0,20.0,1.0,0.7,0.9,,,,,,,,,,,,,,,,,,,,,,,,,,,,,,,,,,,,,,,,,-112.5,-112.5,-112.5,-112.5,1.0,0.0,20.0,1.0,0.7,0.9,-94.4,-94.4,-94.4,-94.4,1.0,0.0,20.0,1.0,0.7,0.9,-71.0,-71.0,-71.0,-71.0,1.0,0.0,20.0,1.0,0.7,0.9,-59.6,-59.6,-59.6,-59.6,1.0,0.0,20.0,1.0,0.7,0.9,,,,,,,,,,,,,,,,,,,,,,,,,,,,,,,,,,,,,,,,
1974,2,335.0,0.0,26.3,27.8,27.94,27.13,3.0,1.33,10.0,0.0,0.5,0.7,24.98,26.0,26.48,25.73,3.0,1.12,10.0,0.0,0.5,0.7,16.55,17.61,18.67,17.61,2.0,2.19,4.0,0.0,0.6,0.8,84.0,85.3,86.6,85.3,2.0,2.7,4.0,0.0,0.8,0.98,3.1,3.44,2.23,3.0,1.95,10.0,0.0,0.5,0.7,-3.05,-2.91,-0.92,-2.01,3.0,1.74,10.0,0.0,0.5,0.7,-0.72,0.0,1.23,0.25,3.0,1.45,10.0,0.0,0.5,0.7,1007.42,1008.1,1009.6,1008.5,3.0,1.64,10.0,0.0,0.5,0.7,4.3,7.0,7.7,6.0,3.0,2.6,10.0,0.0,0.5,0.7,-10.5,-9.0,-2.9,-6.8,3.0,5.9,10.0,0.0,0.5,0.7,-2.2,0.0,4.4,1.1,3.0,5.0,10.0,0.0,0.5,0.7,1.1,1.1,1.71,1.4,3.0,0.52,10.0,0.0,0.5,0.7,1.3,4.0,5.5,3.4,3.0,3.1,10.0,0.0,0.5,0.7,4.37,4.45,4.53,4.45,2.0,0.16,4.0,0.0,0.6,0.8,2.5,7.8,13.1,7.8,2.0,11.0,4.0,0.0,0.6,0.8,-80.9,-75.7,-24.0,-53.0,3.0,46.0,10.0,0.0,0.5,0.7,-18.8,0.0,32.8,6.8,3.0,38.3,10.0,0.0,0.5,0.7,-50.3,-29.9,-9.5,-29.9,2.0,42.2,4.0,0.0,0.6,0.8,5.5,17.2,29.0,17.2,2.0,24.4,4.0,0.0,0.6,0.8,-11.4,-6.8,-2.1,-6.8,2.0,9.6,4.0,0.0,0.6,0.8,1.2,3.9,6.6,3.9,2.0,5.5,4.0,0.0,0.6,0.8,9.5,30.0,41.5,25.5,3.0,23.5,10.0,0.0,0.5,0.7,10.0,30.0,40.0,25.0,3.0,25.0,10.0,0.0,0.5,0.7
1974,2,335.0,1.0,27.73,27.8,28.62,28.17,3.0,0.72,22.0,0.0,0.4,0.6,24.77,26.0,26.14,25.47,3.0,1.1,22.0,0.0,0.4,0.6,17.73,17.88,18.02,17.88,2.0,0.3,22.0,0.0,0.5,0.4,83.6,84.6,85.6,84.6,2.0,2.2,22.0,0.0,0.4,3.09,4.15,5.21,4.15,2.0,2.19,22.0,0.0,0.5,0.4,-2.03,-0.81,0.42,-0.81,2.0,2.54,22.0,0.0,0.5,0.4,-4.72,-2.81,-0.89,-2.81,2.0,3.97,22.0,0.0,0.5,0.4,1010.02,1010.5,1010.77,1010.4,3.0,0.56,22.0,0.0,0.4,0.6,5.5,6.5,7.5,6.5,2.0,2.1,26.0,0.0,0.5,0.5,-4.8,-0.6,3.7,-0.6,2.0,8.8,22.0,0.0,0.5,0.4,-26.9,-16.0,-5.1,-16.0,2.0,22.6,22.0,0.0,0.5,0.4,1.6,1.8,3.85,2.7,3.0,1.82,22.0,0.0,0.4,0.6,4.9,7.1,9.3,7.1,2.0,4.5,22.0,0.0,0.5,0.4,5.39,5.49,5.59,5.49,2.0,0.21,22.0,0.0,0.5,0.4,17.2,22.6,27.9,22.6,2.0,11.2,22.0,0.0,0.5,0.4,-53.2,-21.2,10.8,-21.2,2.0,66.4,22.0,0.0,0.5,0.4,-122.8,-73.0,-23.2,-73.0,2.0,103.2,22.0,0.0,0.5,0.4,-35.8,-14.0,7.8,-14.0,2.0,45.1,22.0,0.0,0.5,0.4,-85.4,-50.8,-16.1,-50.8,2.0,71.8,22.0,0.0,0.5,0.4,-11.5,-4.7,2.1,-4.7,2.0,14.1,22.0,0.0,0.5,0.4,-25.2,-15.0,-4.8,-15.0,2.0,21.2,22.0,0.0,0.5,0.4,44.0,101.5,158.5,101.5,2.0,118.5,22.0,0.0,0.5,0.4,45.0,100.0,160.0,100.0,2.0,120.0,22.0,0.0,0.5,0.4
1974,2,335.0,2.0,26.63,28.0,28.96,27.8,3.0,1.71,20.0,0.7,0.6,0.6,26.93,27.0,28.02,27.47,3.0,0.9,20.0,0.7,0.6,0.6,17.43,17.75,18.07,17.75,2.0,0.67,20.0,0.5,0.7,0.6,78.5,80.0,81.5,80.0,2.0,3.1,20.0,0.5,0.6,3.91,5.65,7.39,5.65,2.0,3.61,20.0,0.5,0.7,0.6,-2.36,-1.4,-0.45,-1.4,2.0,1.98,20.0,0.5,0.7,0.6,-6.97,-5.4,-3.83,-5.4,2.0,3.26,20.0,0.5,0.7,0.6,1010.22,1010.9,1013.02,1011.6,3.0,2.14,20.0,0.7,0.6,0.6,2.6,4.0,5.4,4.0,2.0,2.8,22.0,1.0,0.6,0.7,-19.3,-11.5,-3.6,-11.5,2.0,16.3,20.0,0.5,0.7,0.6,-54.7,-36.4,-18.1,-36.4,2.0,37.9,20.0,0.5,0.7,0.6,-0.84,-0.5,1.55,0.33,3.0,1.89,20.0,0.7,0.6,0.6,-5.7,-0.2,5.2,-0.2,2.0,11.3,20.0,0.5,0.7,0.6,4.31,5.63,6.95,5.63,2.0,2.73,20.0,0.5,0.7,0.6,24.5,26.9,29.3,26.9,2.0,4.9,20.0,0.5,0.7,0.6,-63.7,-37.9,-12.0,-37.9,2.0,53.5,20.0,0.5,0.7,0.6,-188.3,-145.7,-103.2,-145.7,2.0,88.1,20.0,0.5,0.7,0.6,-40.8,-24.2,-7.7,-24.2,2.0,34.3,20.0,0.5,0.7,0.6,-121.0,-94.8,-68.7,-94.8,2.0,54.2,20.0,0.5,0.7,0.6,-8.7,-5.2,-1.6,-5.2,2.0,7.3,20.0,0.5,0.7,0.6,-27.7,-26.0,-24.2,-26.0,2.0,3.6,20.0,0.5,0.7,0.6,112.5,290.5,468.5,290.5,2.0,369.0,20.0,0.5,0.7,0.6,115.0,290.0,470.0,290.0,2.0,370.0,20.0,0.5,0.7,0.6
1974,2,335.0,3.0,28.32,29.0,29.68,29.0,2.0,1.41,24.0,0.5,0.4,0.1,25.37,26.15,26.93,26.15,2.0,1.63,24.0,0.5,0.4,0.1,18.74,18.74,18.74,18.74,1.0,0.0,26.0,0.0,0.1,0.3,94.2,94.2,94.2,94.2,1.0,0.0,26.0,0.0,0.3,8.2,8.2,8.2,8.2,1.0,0.0,26.0,0.0,0.1,0.3,0.0,0.0,0.0,0.0,1.0,0.0,26.0,0.0,0.1,0.3,-8.2,-8.2,-8.2,-8.2,1.0,0.0,26.0,0.0,0.1,0.3,1006.93,1008.7,1010.47,1008.7,2.0,3.68,24.0,0.5,0.4,0.1,2.3,3.0,3.7,3.0,2.0,1.4,24.0,0.5,0.4,0.1,0.0,0.0,0.0,0.0,1.0,0.0,26.0,0.0,0.1,0.3,-67.2,-67.2,-67.2,-67.2,1.0,0.0,26.0,0.0,0.1,0.3,1.38,2.85,4.32,2.85,2.0,3.04,24.0,0.5,0.4,0.1,41.0,41.0,41.0,41.0,1.0,0.0,26.0,0.0,0.1,0.3,8.06,8.06,8.06,8.06,1.0,0.0,26.0,0.0,0.1,0.3,66.1,66.1,66.1,66.1,1.0,0.0,26.0,0.0,0.1,0.3,0.0,0.0,0.0,0.0,1.0,0.0,26.0,0.0,0.1,0.3,-205.0,-205.0,-205.0,-205.0,1.0,0.0,26.0,0.0,0.1,0.3,0.0,0.0,0.0,0.0,1.0,0.0,26.0,0.0,0.1,0.3,-153.7,-153.7,-153.7,-153.7,1.0,0.0,26.0,0.0,0.1,0.3,0.0,0.0,0.0,0.0,1.0,0.0,26.0,0.0,0.1,0.3,-66.1,-66.1,-66.1,-66.1,1.0,0.0,26.0,0.0,0.1,0.3,551.5,551.5,551.5,551.5,1.0,0.0,26.0,0.0,0.1,0.3,550.0,550.0,550.0,550.0,1.0,0.0,26.0,0.0,0.1,0.3
1974,2,335.0,4.0,26.15,26.35,27.13,26.63,4.0,0.74,14.0,0.5,0.4,0.4,25.39,25.9,28.24,26.78,4.0,2.25,14.0,0.5,0.4,0.4,14.67,16.07,18.14,16.39,4.0,2.09,14.0,0.5,0.4,0.4,71.5,72.5,77.0,74.2,4.0,4.7,14.0,0.5,0.4,3.21,5.9,8.06,5.65,4.0,3.26,14.0,0.5,0.4,0.4,-5.18,-4.11,-2.25,-3.74,4.0,2.18,14.0,0.5,0.4,0.4,-6.18,-4.21,-2.24,-4.21,4.0,2.5,14.0,0.5,0.4,0.4,1008.23,1009.8,1010.43,1009.35,4.0,1.79,14.0,0.5,0.4,0.4,6.0,6.0,6.0,6.0,1.0,0.0,6.0,1.0,0.4,0.4,-42.9,-24.4,-10.1,-26.4,4.0,22.7,14.0,0.5,0.4,0.4,-51.1,-25.6,-9.0,-29.8,4.0,27.7,14.0,0.5,0.4,0.4,-1.81,0.95,1.4,-0.15,4.0,2.6,14.0,0.5,0.4,0.4,-0.5,6.6,8.2,4.0,4.0,6.8,14.0,0.5,0.4,0.4,4.1,6.27,6.85,5.51,4.0,2.19,14.0,0.5,0.4,0.4,16.6,39.7,54.4,35.7,4.0,24.6,14.0,0.5,0.4,0.4,-131.8,-105.4,-60.6,-96.6,4.0,54.3,14.0,0.5,0.4,0.4,-157.1,-107.6,-61.4,-109.2,4.0,61.2,14.0,0.5,0.4,0.4,-78.7,-65.0,-37.2,-58.2,4.0,31.5,14.0,0.5,0.4,0.4,-90.8,-65.6,-39.9,-65.4,4.0,33.9,14.0,0.5,0.4,0.4,-35.0,-27.4,-12.2,-23.8,4.0,15.9,14.0,0.5,0.4,0.4,-41.7,-28.5,-11.1,-26.5,4.0,19.0,14.0,0.5,0.4,0.4,65.0,216.5,564.5,310.5,4.0,351.0,14.0,0.5,0.4,0.4,65.0,215.0,565.0,310.0,4.0,350.0,14.0,0.5,0.4,0.4
1974,2,335.0,5.0,26.4,26.4,26.4,26.4,1.0,0.0,6.0,1.0,0.1,0.0,25.8,25.8,25.8,25.8,1.0,0.0,6.0,1.0,0.1,0.0,15.51,15.51,15.51,15.51,1.0,0.0,6.0,1.0,0.1,0.0,74.8,74.8,74.8,74.8,1.0,0.0,6.0,1.0,0.0,8.2,8.2,8.2,8.2,1.0,0.0,6.0,1.0,0.1,0.0,-4.1,-4.1,-4.1,-4.1,1.0,0.0,6.0,1.0,0.1,0.0,-7.1,-7.1,-7.1,-7.1,1.0,0.0,6.0,1.0,0.1,0.0,1010.9,1010.9,1010.9,1010.9,1.0,0.0,6.0,1.0,0.1,0.0,8.0,8.0,8.0,8.0,1.0,0.0,6.0,1.0,0.1,0.0,-33.6,-33.6,-33.6,-33.6,1.0,0.0,6.0,1.0,0.1,0.0,-58.2,-58.2,-58.2,-58.2,1.0,0.0,6.0,1.0,0.1,0.0,0.6,0.6,0.6,0.6,1.0,0.0,6.0,1.0,0.1,0.0,4.9,4.9,4.9,4.9,1.0,0.0,6.0,1.0,0.1,0.0,6.05,6.05,6.05,6.05,1.0,0.0,6.0,1.0,0.1,0.0,49.6,49.6,49.6,49.6,1.0,0.0,6.0,1.0,0.1,0.0,-105.8,-105.8,-105.8,-105.8,1.0,0.0,6.0,1.0,0.1,0.0,-183.2,-183.2,-183.2,-183.2,1.0,0.0,6.0,1.0,0.1,0.0,-63.6,-63.6,-63.6,-63.6,1.0,0.0,6.0,1.0,0.1,0.0,-110.1,-110.1,-110.1,-110.1,1.0,0.0,6.0,1.0,0.1,0.0,-24.8,-24.8,-24.8,-24.8,1.0,0.0,6.0,1.0,0.1,0.0,-42.9,-42.9,-42.9,-42.9,1.0,0.0,6.0,1.0,0.1,0.0,551.5,551.5,551.5,551.5,1.0,0.0,6.0,1.0,0.1,0.0,550.0,550.0,550.0,550.0,1.0,0.0,6.0,1.0,0.1,0.0
1974,2,335.0,6.0,25.92,26.4,26.47,26.2,3.0,0.44,12.0,0.7,0.7,0.2,24.71,25.8,25.94,25.33,3.0,0.99,12.0,0.7,0.7,0.2,14.51,14.51,14.51,14.51,1.0,0.0,18.0,0.0,0.2,0.4,77.6,79.0,80.4,79.0,2.0,2.9,12.0,0.5,0.2,3.74,6.2,8.32,6.03,3.0,3.35,12.0,0.7,0.7,0.2,-3.85,-2.12,-0.67,-2.26,3.0,2.33,12.0,0.7,0.7,0.2,-7.35,-5.83,-3.62,-5.49,3.0,2.74,12.0,0.7,0.7,0.2,1009.01,1009.25,1009.49,1009.25,2.0,0.49,14.0,0.5,0.6,0.2,0.0,0.0,4.1,2.0,3.0,3.5,12.0,0.7,0.7,0.2,-33.7,-13.1,-4.2,-18.8,3.0,22.2,12.0,0.7,0.7,0.2,-62.6,-36.1,-16.1,-39.3,3.0,34.2,12.0,0.7,0.7,0.2,0.53,0.6,1.21,0.87,3.0,0.55,12.0,0.7,0.7,0.2,2.0,3.1,10.5,6.2,3.0,6.8,12.0,0.7,0.7,0.2,6.2,6.2,6.2,6.2,1.0,0.0,18.0,0.0,0.2,0.4,57.7,57.7,57.7,57.7,1.0,0.0,18.0,0.0,0.2,0.4,-94.3,-55.1,-17.5,-55.9,3.0,56.3,12.0,0.7,0.7,0.2,-181.1,-151.5,-93.9,-137.8,3.0,65.0,12.0,0.7,0.7,0.2,-67.5,-67.5,-67.5,-67.5,1.0,0.0,18.0,0.0,0.2,0.4,-116.9,-116.9,-116.9,-116.9,1.0,0.0,18.0,0.0,0.2,0.4,-28.8,-28.8,-28.8,-28.8,1.0,0.0,18.0,0.0,0.2,0.4,-49.9,-49.9,-49.9,-49.9,1.0,0.0,18.0,0.0,0.2,0.4,87.5,238.5,624.5,353.5,3.0,406.0,12.0,0.7,0.7,0.2,90.0,240.0,625.0,355.0,3.0,405.0,12.0,0.7,0.7,0.2
1974,2,335.0,7.0,26.13,26.4,27.49,26.8,3.0,1.06,18.0,0.0,0.8,0.4,23.39,23.8,23.94,23.67,3.0,0.42,18.0,0.0,0.8,0.4,15.92,16.32,16.72,16.32,2.0,0.84,20.0,0.0,0.7,0.4,86.2,88.1,89.9,88.1,2.0,3.8,20.0,0.0,0.4,7.41,10.0,10.89,9.17,3.0,2.65,18.0,0.0,0.8,0.4,-5.9,-4.75,-4.15,-5.01,3.0,1.3,18.0,0.0,0.8,0.4,-9.68,-7.66,-5.15,-7.42,3.0,3.32,18.0,0.0,0.8,0.4,1009.06,1009.4,1010.49,1009.77,3.0,1.1,18.0,0.0,0.8,0.4,2.6,4.0,5.4,4.0,2.0,2.8,20.0,0.0,0.7,0.4,-57.7,-43.7,-34.0,-45.8,3.0,17.5,18.0,0.0,0.8,0.4,-106.2,-76.6,-41.2,-73.8,3.0,47.7,18.0,0.0,0.8,0.4,2.66,2.8,3.62,3.13,3.0,0.76,18.0,0.0,0.8,0.4,19.9,28.0,39.7,29.8,3.0,14.6,18.0,0.0,0.8,0.4,6.01,6.33,6.65,6.33,2.0,0.66,20.0,0.0,0.7,0.4,42.8,56.6,70.4,56.6,2.0,28.6,20.0,0.0,0.7,0.4,-137.7,-113.0,-99.2,-118.3,3.0,28.6,18.0,0.0,0.8,0.4,-230.4,-177.7,-121.2,-175.8,3.0,80.0,18.0,0.0,0.8,0.4,-73.2,-70.0,-66.8,-70.0,2.0,6.6,20.0,0.0,0.7,0.4,-161.0,-121.1,-81.2,-121.1,2.0,82.7,20.0,0.0,0.7,0.4,-27.6,-27.1,-26.5,-27.1,2.0,1.1,20.0,0.0,0.7,0.4,-64.5,-47.8,-31.1,-47.8,2.0,34.5,20.0,0.0,0.7,0.4,480.0,1000.0,1302.5,893.5,3.0,609.5,18.0,0.0,0.8,0.4,480.0,1000.0,1300.0,895.0,3.0,610.0,18.0,0.0,0.8,0.4
1974,2,335.0,8.0,28.0,28.0,28.0,28.0,1.0,0.0,2.0,1.0,0.5,0.7,24.0,24.0,24.0,24.0,1.0,0.0,2.0,1.0,0.5,0.7,15.67,15.67,15.67,15.67,1.0,0.0,2.0,1.0,0.5,0.7,84.4,84.4,84.4,84.4,1.0,0.0,2.0,1.0,0.7,8.7,8.7,8.7,8.7,1.0,0.0,2.0,1.0,0.5,0.7,-6.66,-6.66,-6.66,-6.66,1.0,0.0,2.0,1.0,0.5,0.7,-5.59,-5.59,-5.59,-5.59,1.0,0.0,2.0,1.0,0.5,0.7,1013.2,1013.2,1013.2,1013.2,1.0,0.0,2.0,1.0,0.5,0.7,0.0,0.0,0.0,0.0,1.0,0.0,2.0,1.0,0.5,0.7,-58.0,-58.0,-58.0,-58.0,1.0,0.0,2.0,1.0,0.5,0.7,-48.7,-48.7,-48.7,-48.7,1.0,0.0,2.0,1.0,0.5,0.7,4.0,4.0,4.0,4.0,1.0,0.0,2.0,1.0,0.5,0.7,34.8,34.8,34.8,34.8,1.0,0.0,2.0,1.0,0.5,0.7,7.99,7.99,7.99,7.99,1.0,0.0,2.0,1.0,0.5,0.7,69.5,69.5,69.5,69.5,1.0,0.0,2.0,1.0,0.5,0.7,-159.9,-159.9,-159.9,-159.9,1.0,0.0,2.0,1.0,0.5,0.7,-134.2,-134.2,-134.2,-134.2,1.0,0.0,2.0,1.0,0.5,0.7,-104.4,-104.4,-104.4,-104.4,1.0,0.0,2.0,1.0,0.5,0.7,-87.6,-87.6,-87.6,-87.6,1.0,0.0,2.0,1.0,0.5,0.7,-53.2,-53.2,-53.2,-53.2,1.0,0.0,2.0,1.0,0.5,0.7,-44.7,-44.7,-44.7,-44.7,1.0,0.0,2.0,1.0,0.5,0.7,658.5,658.5,658.5,658.5,1.0,0.0,2.0,1.0,0.5,0.7,660.0,660.0,660.0,660.0,1.0,0.0,2.0,1.0,0.5,0.7
1974,2,335.0,9.0,23.51,25.0,26.06,24.84,10.0,1.3,18.0,0.4,0.3,0.4,22.86,24.0,25.41,24.28,10.0,1.67,18.0,0.4,0.3,0.4,12.28,14.85,17.47,14.95,6.0,2.87,18.0,0.5,0.2,0.3,71.3,77.7,93.6,80.9,6.0,12.9,18.0,0.5,0.3,5.21,7.85,8.66,7.42,10.0,2.58,18.0,0.4,0.3,0.4,-5.69,-2.72,-1.11,-3.38,10.0,2.44,18.0,0.4,0.3,0.4,-8.45,-6.29,-3.21,-6.18,10.0,2.59,18.0,0.4,0.3,0.4,1009.3,1012.4,1013.69,1011.73,10.0,2.13,18.0,0.4,0.3,0.4,1.0,3.0,4.7,2.8,9.0,1.9,18.0,0.4,0.4,0.5,-52.9,-21.6,-3.8,-28.0,10.0,24.7,18.0,0.4,0.3,0.4,-73.4,-48.5,-18.4,-50.8,10.0,34.5,18.0,0.4,0.3,0.4,-1.07,0.55,2.34,0.56,10.0,1.98,18.0,0.4,0.3,0.4,-9.5,1.7,15.0,1.2,10.0,16.9,18.0,0.4,0.3,0.4,2.64,4.13,6.38,4.64,6.0,2.36,18.0,0.5,0.2,0.3,16.1,29.8,38.5,28.1,6.0,14.5,18.0,0.5,0.2,0.3,-149.1,-62.9,-25.8,-82.7,10.0,62.1,18.0,0.4,0.3,0.4,-204.6,-154.1,-75.5,-152.2,10.0,71.8,18.0,0.4,0.3,0.4,-62.5,-43.5,-17.0,-41.1,6.0,21.5,18.0,0.5,0.2,0.3,-110.4,-75.7,-46.6,-80.1,6.0,35.1,18.0,0.5,0.2,0.3,-24.7,-10.2,-5.5,-13.8,6.0,10.8,18.0,0.5,0.2,0.3,-34.1,-25.1,-15.1,-24.0,6.0,11.0,18.0,0.5,0.2,0.3,168.0,484.5,653.0,537.0,10.0,473.0,18.0,0.4,0.3,0.4,170.0,485.0,655.0,535.0,10.0,475.0,18.0,0.4,0.3,0.4
1974,2,335.0,10.0,22.47,23.4,23.99,23.26,8.0,1.19,18.0,0.9,0.5,0.5,22.61,22.95,24.33,23.26,8.0,0.86,18.0,0.9,0.5,0.5,12.83,14.03,14.9,14.26,7.0,2.1,18.0,0.9,0.5,0.6,71.5,76.4,86.3,79.8,7.0,9.2,18.0,0.9,0.6,4.16,5.85,9.57,6.73,8.0,3.03,18.0,0.9,0.5,0.5,-4.88,-3.13,-0.17,-2.93,8.0,2.36,18.0,0.9,0.5,0.5,-7.33,-4.98,-3.71,-5.79,8.0,2.69,18.0,0.9,0.5,0.5,1011.06,1012.45,1014.4,1012.48,8.0,2.32,18.0,0.9,0.5,0.5,0.1,2.5,7.8,3.5,8.0,3.4,18.0,0.9,0.5,0.5,-50.2,-18.6,-0.8,-24.5,8.0,23.8,18.0,0.9,0.5,0.5,-70.4,-27.4,-17.2,-45.7,8.0,43.8,18.0,0.9,0.5,0.5,-1.09,-0.1,1.18,0.0,8.0,1.22,18.0,0.9,0.5,0.5,-12.5,-1.1,5.8,-2.3,8.0,8.7,18.0,0.9,0.5,0.5,2.51,2.79,5.82,3.48,7.0,2.41,18.0,0.9,0.5,0.6,14.7,20.8,26.2,17.6,7.0,12.0,18.0,0.9,0.5,0.6,-112.2,-73.2,-4.3,-67.9,8.0,53.9,18.0,0.9,0.5,0.5,-165.8,-117.8,-86.3,-135.3,8.0,66.3,18.0,0.9,0.5,0.5,-78.1,-64.3,0.0,-45.0,7.0,36.5,18.0,0.9,0.5,0.6,-102.3,-59.0,-50.4,-86.6,7.0,59.1,18.0,0.9,0.5,0.6,-13.9,-6.9,0.1,-6.7,7.0,7.8,18.0,0.9,0.5,0.6,-21.1,-19.0,-9.3,-15.1,7.0,11.3,18.0,0.9,0.5,0.6,72.0,200.5,887.5,484.0,8.0,630.0,18.0,0.9,0.5,0.5,70.0,200.0,885.0,485.0,8.0,630.0,18.0,0.9,0.5,0.5
1974,2,335.0,11.0,22.0,24.7,27.05,24.61,7.0,2.48,12.0,0.4,0.6,0.3,21.13,23.1,25.37,23.22,9.0,2.36,14.0,0.6,0.5,0.2,12.3,14.54,15.5,14.11,5.0,1.9,16.0,0.6,0.4,0.3,77.1,78.4,96.6,85.3,5.0,11.2,16.0,0.6,0.3,6.42,7.2,10.68,8.13,9.0,2.28,14.0,0.6,0.5,0.2,-6.73,-3.6,-1.92,-4.13,9.0,2.31,14.0,0.6,0.5,0.2,-8.42,-6.28,-6.14,-6.87,9.0,1.4,14.0,0.6,0.5,0.2,1012.0,1013.1,1015.35,1013.67,9.0,1.82,14.0,0.6,0.5,0.2,0.0,2.0,4.0,2.0,9.0,2.2,14.0,0.6,0.5,0.2,-71.6,-25.9,-11.0,-38.1,9.0,30.7,14.0,0.6,0.5,0.2,-90.4,-46.0,-39.8,-58.7,9.0,28.6,14.0,0.6,0.5,0.2,0.9,1.5,2.08,1.4,7.0,1.4,12.0,0.4,0.6,0.3,4.4,16.4,18.5,11.7,7.0,11.7,12.0,0.4,0.6,0.3,2.32,3.66,6.81,4.52,4.0,3.09,12.0,0.5,0.4,0.3,19.4,27.2,48.2,33.5,4.0,21.1,12.0,0.5,0.4,0.3,-155.3,-90.0,-41.1,-97.8,9.0,58.0,14.0,0.6,0.5,0.2,-207.6,-151.5,-127.2,-161.2,9.0,43.9,14.0,0.6,0.5,0.2,-92.9,-53.4,-18.5,-57.2,5.0,43.9,16.0,0.6,0.4,0.3,-111.4,-91.3,-68.4,-92.3,5.0,32.2,16.0,0.6,0.4,0.3,-26.2,-15.1,-9.0,-17.5,4.0,10.9,12.0,0.5,0.4,0.3,-40.2,-22.9,-16.8,-28.2,4.0,18.7,12.0,0.5,0.4,0.3,266.5,373.0,1250.5,657.0,9.0,558.0,14.0,0.6,0.5,0.2,265.0,375.0,1250.0,655.0,9.0,560.0,14.0,0.6,0.5,0.2
1974,2,335.0,12.0,21.1,22.5,24.62,22.93,16.0,1.72,16.0,0.4,0.6,0.4,21.0,21.8,23.17,22.21,14.0,1.91,16.0,0.4,0.6,0.4,11.13,11.75,12.79,12.14,12.0,1.33,16.0,0.3,0.6,0.4,69.1,73.0,80.9,75.6,12.0,7.6,16.0,0.3,0.4,4.1,6.7,9.84,6.77,15.0,2.6,16.0,0.4,0.6,0.4,-6.29,-3.91,-1.4,-3.83,15.0,2.24,16.0,0.4,0.6,0.4,-7.66,-5.8,-3.34,-5.37,15.0,2.06,16.0,0.4,0.6,0.4,1012.43,1014.0,1015.05,1013.54,16.0,1.89,16.0,0.4,0.6,0.4,0.0,3.0,5.9,2.6,14.0,2.4,18.0,0.5,0.6,0.3,-61.6,-25.9,-5.7,-30.9,15.0,24.0,16.0,0.4,0.6,0.4,-76.2,-38.9,-13.7,-40.8,15.0,27.7,16.0,0.4,0.6,0.4,-0.97,0.8,3.49,0.68,14.0,2.86,16.0,0.4,0.6,0.4,-6.5,6.2,18.3,5.1,13.0,16.0,16.0,0.3,0.7,0.4,4.19,4.41,6.77,5.09,12.0,1.59,16.0,0.3,0.6,0.4,18.7,28.8,42.1,30.3,11.0,13.3,16.0,0.3,0.7,0.5,-128.8,-82.1,-28.0,-76.1,13.0,47.0,16.0,0.3,0.7,0.4,-161.0,-108.3,-69.4,-111.4,13.0,43.8,16.0,0.3,0.7,0.4,-68.5,-45.5,-12.3,-41.7,11.0,26.3,16.0,0.3,0.7,0.5,-88.6,-61.2,-37.6,-60.7,11.0,25.7,16.0,0.3,0.7,0.5,-26.3,-14.4,-5.6,-16.3,11.0,11.0,16.0,0.3,0.7,0.5,-36.4,-23.4,-13.5,-24.3,11.0,11.3,16.0,0.3,0.7,0.5,69.0,301.0,956.5,437.0,15.0,391.5,16.0,0.4,0.6,0.4,70.0,300.0,955.0,435.0,15.0,390.0,16.0,0.4,0.6,0.4
1974,2,335.0,13.0,20.71,21.6,23.46,21.77,9.0,1.4,22.0,0.6,0.4,0.5,20.05,22.0,23.73,21.86,9.0,1.91,22.0,0.6,0.4,0.5,11.0,12.37,13.3,12.46,8.0,1.53,22.0,0.5,0.4,0.5,73.5,76.7,81.9,76.4,8.0,5.6,22.0,0.5,0.5,6.62,7.2,10.3,7.79,7.0,1.95,20.0,0.4,0.5,0.5,-5.4,-4.31,-0.73,-3.87,7.0,3.89,20.0,0.4,0.5,0.5,-7.19,-5.52,-4.78,-5.43,7.0,2.75,20.0,0.4,0.5,0.5,1012.0,1014.0,1015.99,1013.73,9.0,2.24,22.0,0.6,0.4,0.5,1.0,2.0,3.5,2.1,9.0,1.5,22.0,0.6,0.4,0.5,-55.6,-33.3,-3.6,-34.9,7.0,38.5,20.0,0.4,0.5,0.5,-59.8,-39.7,-24.4,-41.7,7.0,28.4,20.0,0.4,0.5,0.5,-2.64,0.7,1.97,-0.09,9.0,2.46,22.0,0.6,0.4,0.5,-18.8,7.2,16.3,5.8,7.0,20.5,20.0,0.4,0.5,0.5,2.57,4.61,5.31,4.04,8.0,2.09,22.0,0.5,0.4,0.5,23.2,37.8,44.5,34.3,7.0,20.7,20.0,0.4,0.5,0.5,-109.5,-90.7,-16.7,-78.9,7.0,81.6,20.0,0.4,0.5,0.5,-157.3,-123.2,-102.9,-118.0,7.0,57.8,20.0,0.4,0.5,0.5,-69.6,-50.6,-9.9,-46.9,7.0,47.7,20.0,0.4,0.5,0.5,-81.7,-76.7,-57.4,-66.7,7.0,32.2,20.0,0.4,0.5,0.5,-26.3,-20.4,0.8,-18.5,7.0,24.7,20.0,0.4,0.5,0.5,-35.5,-26.7,0.0,-21.6,7.0,15.7,20.0,0.4,0.5,0.5,292.5,373.0,1092.5,549.0,7.0,391.5,20.0,0.4,0.5,0.5,295.0,375.0,1095.0,550.0,7.0,390.0,20.0,0.4,0.5,0.5
1974,2,335.0,14.0,20.0,20.5,22.21,21.0,6.0,1.26,14.0,0.0,0.6,0.5,20.13,21.0,22.02,21.08,5.0,1.03,14.0,0.0,0.6,0.5,10.66,10.81,12.67,11.63,4.0,1.81,14.0,0.0,0.6,0.5,69.3,74.3,82.4,75.6,5.0,8.8,14.0,0.0,0.5,5.39,7.7,9.67,7.42,5.0,2.79,14.0,0.0,0.6,0.5,-6.21,-4.95,-2.69,-4.55,5.0,1.89,14.0,0.0,0.6,0.5,-7.4,-6.3,-4.13,-5.65,5.0,2.68,14.0,0.0,0.6,0.5,1013.63,1015.0,1016.06,1015.02,5.0,1.76,14.0,0.0,0.6,0.5,0.0,0.0,0.4,0.2,5.0,0.4,14.0,0.0,0.6,0.5,-60.2,-38.1,-13.0,-37.3,5.0,25.4,14.0,0.0,0.6,0.5,-71.7,-45.4,-28.0,-47.7,5.0,29.5,14.0,0.0,0.6,0.5,-2.02,0.0,0.66,-0.48,5.0,1.66,14.0,0.0,0.6,0.5,-16.9,0.0,4.4,-4.8,5.0,13.4,14.0,0.0,0.6,0.5,1.85,3.72,4.87,3.38,4.0,2.36,14.0,0.0,0.6,0.5,17.0,36.4,39.0,28.4,4.0,18.2,14.0,0.0,0.6,0.5,-133.0,-107.9,-55.7,-96.3,5.0,40.6,14.0,0.0,0.6,0.5,-158.5,-128.6,-88.9,-119.1,5.0,56.3,14.0,0.0,0.6,0.5,-71.1,-67.9,-43.6,-57.8,4.0,22.6,14.0,0.0,0.6,0.5,-84.8,-80.9,-71.7,-78.3,4.0,8.6,14.0,0.0,0.6,0.5,-23.5,-17.8,-6.9,-15.3,4.0,10.8,14.0,0.0,0.6,0.5,-33.5,-27.9,-13.1,-23.5,4.0,15.6,14.0,0.0,0.6,0.5,202.0,456.5,909.5,537.0,5.0,418.5,14.0,0.0,0.6,0.5,200.0,455.0,910.0,535.0,5.0,420.0,14.0,0.0,0.6,0.5
1974,2,335.0,15.0,20.57,21.0,21.79,21.2,5.0,1.1,18.0,1.0,0.8,0.3,19.94,20.7,22.21,21.02,6.0,1.29,20.0,0.7,0.8,0.5,10.03,10.47,13.43,11.47,5.0,1.86,18.0,0.8,0.8,0.4,66.0,72.4,78.8,72.7,5.0,7.3,18.0,0.8,0.4,5.9,7.2,10.35,7.29,7.0,3.74,20.0,0.7,0.8,0.4,-7.38,-5.37,-2.34,-5.29,7.0,3.23,20.0,0.7,0.8,0.4,-6.86,-4.31,-2.95,-4.62,7.0,2.82,20.0,0.7,0.8,0.4,1013.48,1014.9,1015.94,1014.9,7.0,1.32,20.0,0.7,0.8,0.4,0.0,4.0,5.0,3.0,7.0,2.4,20.0,0.7,0.8,0.4,-82.9,-34.4,-16.9,-47.6,7.0,36.0,20.0,0.7,0.8,0.4,-57.6,-36.3,-18.3,-40.9,7.0,31.2,20.0,0.7,0.8,0.4,-1.47,-0.65,-0.25,-0.85,4.0,0.79,18.0,1.0,0.8,0.3,-4.9,-2.4,-0.7,-2.8,4.0,2.7,18.0,1.0,0.8,0.3,2.03,3.54,4.98,3.5,4.0,1.71,18.0,1.0,0.8,0.3,5.4,23.0,46.9,26.0,4.0,25.8,18.0,1.0,0.8,0.3,-144.9,-109.6,-39.5,-94.2,6.0,59.0,20.0,0.7,0.8,0.5,-146.3,-102.2,-54.1,-98.8,6.0,63.1,20.0,0.7,0.8,0.5,-74.3,-73.2,-15.2,-49.2,5.0,35.0,18.0,0.8,0.8,0.4,-74.0,-62.6,-26.8,-51.8,5.0,33.3,18.0,0.8,0.8,0.4,-25.2,-10.8,-4.6,-14.7,4.0,15.9,18.0,1.0,0.8,0.3,-38.8,-19.1,-2.7,-20.7,4.0,21.3,18.0,1.0,0.8,0.3,227.0,373.0,1109.5,607.5,7.0,520.5,20.0,0.7,0.8,0.4,225.0,375.0,1110.0,605.0,7.0,520.0,20.0,0.7,0.8,0.4
1974,2,335.0,16.0,20.38,21.9,23.0,21.7,4.0,1.54,16.0,0.8,0.6,0.1,20.14,21.55,22.18,21.18,4.0,1.61,16.0,0.8,0.6,0.1,10.33,11.29,11.78,11.06,3.0,1.08,14.0,1.0,0.5,0.1,62.0,70.9,73.7,68.0,3.0,8.9,14.0,1.0,0.1,6.73,11.3,12.39,9.6,3.0,4.4,14.0,1.0,0.5,0.1,-10.73,-9.79,-5.51,-8.16,3.0,4.07,14.0,1.0,0.5,0.1,-6.2,-5.65,-3.81,-5.02,3.0,1.83,14.0,1.0,0.5,0.1,1013.4,1015.05,1017.23,1015.3,4.0,2.69,16.0,0.8,0.6,0.1,2.0,4.0,6.0,4.0,3.0,3.0,14.0,1.0,0.5,0.1,-133.5,-110.6,-46.2,-90.3,3.0,66.3,14.0,1.0,0.5,0.1,-77.1,-63.8,-29.5,-53.6,3.0,35.9,14.0,1.0,0.5,0.1,-1.71,-0.05,2.81,0.53,4.0,2.8,16.0,0.8,0.6,0.1,-22.1,-16.9,-1.0,-11.7,3.0,16.1,14.0,1.0,0.5,0.1,3.93,5.36,5.44,4.7,3.0,1.25,14.0,1.0,0.5,0.1,28.9,36.9,58.9,43.7,3.0,22.8,14.0,1.0,0.5,0.1,-239.9,-210.4,-118.7,-180.0,3.0,92.6,14.0,1.0,0.5,0.1,-138.5,-121.5,-82.2,-110.6,3.0,42.3,14.0,1.0,0.5,0.1,-110.5,-110.5,-64.0,-87.8,3.0,39.4,14.0,1.0,0.5,0.1,-63.8,-63.8,-44.5,-54.4,3.0,16.3,14.0,1.0,0.5,0.1,-51.0,-31.9,-23.3,-37.0,3.0,20.8,14.0,1.0,0.5,0.1,-29.5,-18.4,-16.9,-23.1,3.0,10.0,14.0,1.0,0.5,0.1,524.5,1443.0,1923.5,1229.0,3.0,1041.5,14.0,1.0,0.5,0.1,525.0,1445.0,1925.0,1230.0,3.0,1040.0,14.0,1.0,0.5,0.1
1974,2,335.0,17.0,20.73,21.0,21.0,20.87,3.0,0.23,18.0,0.7,0.3,0.6,19.48,20.5,21.39,20.43,3.0,1.4,18.0,0.7,0.3,0.6,11.23,11.26,12.41,11.81,3.0,0.98,18.0,0.7,0.3,0.6,73.8,82.7,85.4,79.7,3.0,8.9,18.0,0.7,0.6,4.9,7.7,9.47,7.2,3.0,3.38,18.0,0.7,0.3,0.6,-6.89,-5.15,-2.86,-4.88,3.0,2.96,18.0,0.7,0.3,0.6,-7.08,-3.12,-0.99,-4.01,3.0,4.53,18.0,0.7,0.3,0.6,1015.45,1016.2,1017.97,1016.7,3.0,1.9,18.0,0.7,0.3,0.6,0.6,2.0,2.7,1.7,3.0,1.5,18.0,0.7,0.3,0.6,-57.3,-53.0,-21.3,-39.6,3.0,28.9,18.0,0.7,0.3,0.6,-66.3,-11.2,-3.6,-34.4,3.0,50.1,18.0,0.7,0.3,0.6,-0.66,0.5,1.52,0.43,3.0,1.6,18.0,0.7,0.3,0.6,-7.9,1.8,11.1,1.6,3.0,13.9,18.0,0.7,0.3,0.6,2.9,3.79,4.06,3.49,3.0,0.89,18.0,0.7,0.3,0.6,16.3,32.2,36.9,26.7,3.0,15.8,18.0,0.7,0.3,0.6,-135.5,-112.3,-60.8,-98.5,3.0,56.0,18.0,0.7,0.3,0.6,-153.0,-63.9,-20.3,-86.1,3.0,99.1,18.0,0.7,0.3,0.6,-77.5,-57.8,-34.2,-55.9,3.0,31.7,18.0,0.7,0.3,0.6,-81.1,-40.4,-12.8,-46.8,3.0,50.4,18.0,0.7,0.3,0.6,-28.2,-19.5,-9.3,-18.7,3.0,13.9,18.0,0.7,0.3,0.6,-25.5,-7.7,-2.5,-13.9,3.0,17.7,18.0,0.7,0.3,0.6,177.0,456.5,891.0,532.0,3.0,527.0,18.0,0.7,0.3,0.6,175.0,455.0,890.0,530.0,3.0,525.0,18.0,0.7,0.3,0.6
1974,2,335.0,18.0,20.0,20.5,21.41,20.94,11.0,1.17,16.0,0.5,0.4,0.6,19.67,20.2,21.33,20.44,11.0,1.17,16.0,0.5,0.4,0.6,10.38,11.15,12.75,11.35,10.0,1.79,16.0,0.5,0.4,0.6,67.2,80.6,88.9,77.5,10.0,13.3,16.0,0.5,0.6,4.48,10.0,12.58,9.0,11.0,4.13,16.0,0.5,0.4,0.6,-7.89,-7.2,-4.08,-6.11,11.0,2.73,16.0,0.5,0.4,0.6,-9.95,-6.62,-1.5,-5.98,11.0,4.28,16.0,0.5,0.4,0.6,1014.81,1016.2,1019.9,1017.12,11.0,2.37,16.0,0.5,0.4,0.6,1.6,3.0,4.0,3.2,11.0,1.8,16.0,0.5,0.4,0.6,-91.0,-76.6,-18.6,-63.7,11.0,44.4,16.0,0.5,0.4,0.6,-131.6,-68.2,-4.0,-68.6,11.0,65.1,16.0,0.5,0.4,0.6,-0.61,0.3,1.41,0.5,11.0,1.5,16.0,0.5,0.4,0.6,-3.7,3.1,7.2,4.2,11.0,11.9,16.0,0.5,0.4,0.6,2.03,3.84,5.35,4.03,10.0,2.18,16.0,0.5,0.4,0.6,12.0,39.7,49.3,32.9,10.0,18.2,16.0,0.5,0.4,0.6,-163.8,-144.0,-81.2,-124.9,11.0,58.0,16.0,0.5,0.4,0.6,-209.0,-133.7,-31.4,-123.8,11.0,87.6,16.0,0.5,0.4,0.6,-95.1,-82.2,-36.1,-69.5,10.0,36.9,16.0,0.5,0.4,0.6,-132.9,-70.7,-8.3,-70.1,10.0,57.1,16.0,0.5,0.4,0.6,-33.5,-25.2,-10.7,-21.9,10.0,12.6,16.0,0.5,0.4,0.6,-38.4,-24.7,-4.7,-22.5,10.0,16.9,16.0,0.5,0.4,0.6,97.0,1000.0,2080.0,1142.5,11.0,1188.5,16.0,0.5,0.4,0.6,95.0,1000.0,2080.0,1145.0,11.0,1190.0,16.0,0.5,0.4,0.6
1974,2,335.0,19.0,19.33,19.75,20.8,20.05,4.0,1.16,16.0,0.3,0.7,0.6,18.69,19.2,19.61,19.15,4.0,0.6,16.0,0.3,0.7,0.6,9.58,10.77,11.83,10.7,4.0,1.58,16.0,0.3,0.7,0.6,71.9,77.4,84.0,78.0,4.0,9.3,16.0,0.3,0.6,6.44,8.5,12.45,9.4,4.0,3.8,16.0,0.3,0.7,0.6,-7.41,-5.26,-5.14,-6.23,4.0,2.02,16.0,0.3,0.7,0.6,-10.03,-6.61,-3.67,-6.84,4.0,3.75,16.0,0.3,0.7,0.6,1016.1,1018.35,1020.81,1018.45,4.0,3.02,16.0,0.3,0.7,0.6,1.4,3.0,3.5,2.5,4.0,1.7,16.0,0.3,0.7,0.6,-95.1,-43.7,-33.8,-63.5,4.0,47.4,16.0,0.3,0.7,0.6,-127.0,-60.4,-23.8,-74.7,4.0,64.7,16.0,0.3,0.7,0.6,-0.05,0.7,1.87,0.9,4.0,1.16,16.0,0.3,0.7,0.6,-0.5,4.7,11.9,5.7,4.0,7.4,16.0,0.3,0.7,0.6,3.12,3.38,4.59,3.83,4.0,1.14,16.0,0.3,0.7,0.6,27.3,34.9,40.7,34.0,4.0,9.1,16.0,0.3,0.7,0.6,-141.7,-103.1,-98.0,-119.1,4.0,38.1,16.0,0.3,0.7,0.6,-193.9,-127.9,-69.2,-131.4,4.0,72.9,16.0,0.3,0.7,0.6,-83.1,-62.1,-50.5,-66.6,4.0,22.5,16.0,0.3,0.7,0.6,-107.6,-68.6,-38.2,-72.7,4.0,40.4,16.0,0.3,0.7,0.6,-28.3,-23.7,-17.8,-23.1,4.0,6.2,16.0,0.3,0.7,0.6,-31.2,-26.1,-17.1,-24.3,4.0,9.7,16.0,0.3,0.7,0.6,268.0,696.5,2084.5,1154.5,4.0,1281.5,16.0,0.3,0.7,0.6,270.0,695.0,2085.0,1155.0,4.0,1280.0,16.0,0.3,0.7,0.6
1974,2,335.0,20.0,19.85,20.5,21.0,20.4,9.0,0.74,10.0,0.7,0.8,0.2,18.0,18.8,20.22,19.59,9.0,2.22,10.0,0.7,0.8,0.2,9.63,10.88,12.86,11.24,5.0,2.18,14.0,0.8,0.7,0.2,68.0,73.8,79.0,73.7,5.0,6.6,14.0,0.8,0.2,5.83,10.3,13.0,9.59,11.0,3.67,12.0,0.7,0.8,0.3,-9.96,-5.8,-3.5,-6.45,11.0,4.2,12.0,0.7,0.8,0.3,-8.59,-7.58,-2.92,-6.02,11.0,3.37,12.0,0.7,0.8,0.3,1013.77,1018.7,1021.14,1017.82,11.0,4.25,12.0,0.7,0.8,0.3,1.2,2.0,4.8,2.9,11.0,2.1,12.0,0.7,0.8,0.3,-129.5,-60.5,-21.1,-74.4,11.0,57.7,12.0,0.7,0.8,0.3,-106.4,-68.2,-17.5,-66.5,11.0,40.2,12.0,0.7,0.8,0.3,0.03,0.5,2.73,0.81,9.0,2.02,10.0,0.7,0.8,0.2,0.1,5.2,36.0,9.3,9.0,23.5,10.0,0.7,0.8,0.2,2.38,3.42,5.19,3.73,5.0,1.83,14.0,0.8,0.7,0.2,15.3,16.5,39.1,25.7,5.0,14.4,14.0,0.8,0.7,0.2,-180.4,-160.2,-85.2,-133.9,9.0,81.0,10.0,0.7,0.8,0.2,-171.7,-150.4,-56.3,-121.8,9.0,74.7,10.0,0.7,0.8,0.2,-90.1,-74.9,-20.4,-57.3,5.0,48.6,14.0,0.8,0.7,0.2,-104.6,-67.3,-11.8,-60.2,5.0,55.1,14.0,0.8,0.7,0.2,-29.9,-13.6,0.6,-13.8,5.0,19.2,14.0,0.8,0.7,0.2,-25.1,-12.7,-2.0,-12.9,5.0,14.6,14.0,0.8,0.7,0.2,216.5,1092.5,2197.0,1206.0,11.0,919.5,12.0,0.7,0.8,0.3,215.0,1095.0,2195.0,1205.0,11.0,920.0,12.0,0.7,0.8,0.3
1974,2,335.0,21.0,18.7,18.7,18.7,18.7,1.0,0.0,14.0,1.0,1.0,0.4,20.0,20.0,20.0,20.0,1.0,0.0,14.0,1.0,1.0,0.4,11.73,11.73,11.73,11.73,1.0,0.0,14.0,1.0,1.0,0.4,81.3,81.3,81.3,81.3,1.0,0.0,14.0,1.0,0.4,9.3,9.3,9.3,9.3,1.0,0.0,14.0,1.0,1.0,0.4,-8.05,-8.05,-8.05,-8.05,1.0,0.0,14.0,1.0,1.0,0.4,-4.65,-4.65,-4.65,-4.65,1.0,0.0,14.0,1.0,1.0,0.4,1019.5,1019.5,1019.5,1019.5,1.0,0.0,14.0,1.0,1.0,0.4,1.0,1.0,1.0,1.0,1.0,0.0,14.0,1.0,1.0,0.4,-74.9,-74.9,-74.9,-74.9,1.0,0.0,14.0,1.0,1.0,0.4,-43.2,-43.2,-43.2,-43.2,1.0,0.0,14.0,1.0,1.0,0.4,-1.3,-1.3,-1.3,-1.3,1.0,0.0,14.0,1.0,1.0,0.4,-12.1,-12.1,-12.1,-12.1,1.0,0.0,14.0,1.0,1.0,0.4,1.59,1.59,1.59,1.59,1.0,0.0,14.0,1.0,1.0,0.4,14.8,14.8,14.8,14.8,1.0,0.0,14.0,1.0,1.0,0.4,-161.1,-161.1,-161.1,-161.1,1.0,0.0,14.0,1.0,1.0,0.4,-93.0,-93.0,-93.0,-93.0,1.0,0.0,14.0,1.0,1.0,0.4,-94.5,-94.5,-94.5,-94.5,1.0,0.0,14.0,1.0,1.0,0.4,-54.5,-54.5,-54.5,-54.5,1.0,0.0,14.0,1.0,1.0,0.4,-12.8,-12.8,-12.8,-12.8,1.0,0.0,14.0,1.0,1.0,0.4,-7.4,-7.4,-7.4,-7.4,1.0,0.0,14.0,1.0,1.0,0.4,804.5,804.5,804.5,804.5,1.0,0.0,14.0,1.0,1.0,0.4,805.0,805.0,805.0,805.0,1.0,0.0,14.0,1.0,1.0,0.4
1974,2,335.0,25.0,22.0,22.0,22.0,22.0,1.0,0.0,12.0,1.0,0.4,0.2,20.0,20.0,20.0,20.0,1.0,0.0,12.0,1.0,0.4,0.2,14.42,14.42,14.42,14.42,1.0,0.0,12.0,1.0,0.4,0.2,100.0,100.0,100.0,100.0,1.0,0.0,12.0,1.0,0.2,4.6,4.6,4.6,4.6,1.0,0.0,12.0,1.0,0.4,0.2,-3.52,-3.52,-3.52,-3.52,1.0,0.0,12.0,1.0,0.4,0.2,-2.96,-2.96,-2.96,-2.96,1.0,0.0,12.0,1.0,0.4,0.2,1021.6,1021.6,1021.6,1021.6,1.0,0.0,12.0,1.0,0.4,0.2,4.0,4.0,4.0,4.0,1.0,0.0,12.0,1.0,0.4,0.2,-16.2,-16.2,-16.2,-16.2,1.0,0.0,12.0,1.0,0.4,0.2,-13.6,-13.6,-13.6,-13.6,1.0,0.0,12.0,1.0,0.4,0.2,2.0,2.0,2.0,2.0,1.0,0.0,12.0,1.0,0.4,0.2,9.2,9.2,9.2,9.2,1.0,0.0,12.0,1.0,0.4,0.2,1.91,1.91,1.91,1.91,1.0,0.0,12.0,1.0,0.4,0.2,8.8,8.8,8.8,8.8,1.0,0.0,12.0,1.0,0.4,0.2,-70.5,-70.5,-70.5,-70.5,1.0,0.0,12.0,1.0,0.4,0.2,-59.1,-59.1,-59.1,-59.1,1.0,0.0,12.0,1.0,0.4,0.2,-50.8,-50.8,-50.8,-50.8,1.0,0.0,12.0,1.0,0.4,0.2,-42.6,-42.6,-42.6,-42.6,1.0,0.0,12.0,1.0,0.4,0.2,-6.7,-6.7,-6.7,-6.7,1.0,0.0,12.0,1.0,0.4,0.2,-5.6,-5.6,-5.6,-5.6,1.0,0.0,12.0,1.0,0.4,0.2,97.5,97.5,97.5,97.5,1.0,0.0,12.0,1.0,0.4,0.2,95.0,95.0,95.0,95.0,1.0,0.0,12.0,1.0,0.4,0.2
1974,2,335.0,26.0,20.0,21.0,21.04,20.62,5.0,0.57,16.0,0.4,0.5,0.6,17.82,19.5,20.24,19.16,5.0,1.42,16.0,0.4,0.5,0.6,9.67,10.2,10.9,10.28,4.0,0.77,18.0,0.3,0.4,0.6,71.1,77.1,84.2,77.6,4.0,8.4,18.0,0.3,0.6,4.81,8.7,12.58,8.4,5.0,4.82,16.0,0.4,0.5,0.6,-5.55,-4.24,-2.56,-4.13,5.0,2.36,16.0,0.4,0.5,0.6,-11.82,-6.06,-2.89,-6.91,5.0,5.0,16.0,0.4,0.5,0.6,1017.06,1024.5,1024.57,1021.5,5.0,4.22,16.0,0.4,0.5,0.6,3.0,4.0,6.7,4.8,5.0,2.2,16.0,0.4,0.5,0.6,-60.1,-52.6,-15.9,-40.1,5.0,26.8,16.0,0.4,0.5,0.6,-148.8,-42.4,-24.1,-76.3,5.0,69.7,16.0,0.4,0.5,0.6,0.76,1.6,2.18,1.46,5.0,0.95,16.0,0.4,0.5,0.6,0.8,13.9,27.7,14.4,5.0,14.0,16.0,0.4,0.5,0.6,3.9,4.69,5.37,4.64,4.0,1.09,18.0,0.3,0.4,0.6,22.5,46.7,54.4,38.8,4.0,23.6,18.0,0.3,0.4,0.6,-104.1,-74.2,-53.5,-78.5,5.0,45.6,16.0,0.4,0.5,0.6,-209.1,-127.3,-56.3,-128.2,5.0,87.3,16.0,0.4,0.5,0.6,-61.1,-45.7,-25.1,-43.2,4.0,25.5,18.0,0.3,0.4,0.6,-126.2,-78.1,-21.5,-74.0,4.0,62.2,18.0,0.3,0.4,0.6,-32.7,-16.9,-9.2,-20.7,4.0,17.1,18.0,0.3,0.4,0.6,-46.9,-32.6,-13.1,-30.1,4.0,22.2,18.0,0.3,0.4,0.6,218.0,658.5,1994.5,1011.0,5.0,959.5,16.0,0.4,0.5,0.6,220.0,660.0,1995.0,1010.0,5.0,960.0,16.0,0.4,0.5,0.6
1974,2,335.0,27.0,19.0,19.0,19.82,19.4,3.0,0.69,14.0,1.0,0.5,0.8,17.75,18.3,20.83,19.27,3.0,2.4,14.0,1.0,0.5,0.8,11.12,11.12,11.12,11.12,1.0,0.0,14.0,1.0,0.4,0.8,68.7,68.7,68.7,68.7,1.0,0.0,14.0,1.0,0.8,2.97,7.2,9.79,6.4,3.0,5.05,14.0,1.0,0.5,0.8,-9.31,-7.09,-2.92,-6.14,3.0,4.75,14.0,1.0,0.5,0.8,-2.96,-1.25,-0.52,-1.73,3.0,1.84,14.0,1.0,0.5,0.8,1026.15,1028.2,1028.34,1027.27,3.0,1.79,14.0,1.0,0.5,0.8,2.2,7.0,7.7,5.0,3.0,4.4,14.0,1.0,0.5,0.8,-93.8,-51.1,-16.9,-55.2,3.0,56.5,14.0,1.0,0.5,0.8,-31.1,-9.0,-3.0,-16.9,3.0,21.7,14.0,1.0,0.5,0.8,-1.01,0.7,1.25,0.13,3.0,1.72,14.0,1.0,0.5,0.8,-8.6,0.7,11.5,1.4,3.0,14.7,14.0,1.0,0.5,0.8,3.39,3.39,3.39,3.39,1.0,0.0,14.0,1.0,0.4,0.8,24.4,24.4,24.4,24.4,1.0,0.0,14.0,1.0,0.4,0.8,-173.0,-156.0,-61.8,-118.3,3.0,87.7,14.0,1.0,0.5,0.8,-53.7,-27.5,-10.9,-32.2,3.0,31.6,14.0,1.0,0.5,0.8,-78.8,-78.8,-78.8,-78.8,1.0,0.0,14.0,1.0,0.4,0.8,-13.9,-13.9,-13.9,-13.9,1.0,0.0,14.0,1.0,0.4,0.8,-24.0,-24.0,-24.0,-24.0,1.0,0.0,14.0,1.0,0.4,0.8,-4.2,-4.2,-4.2,-4.2,1.0,0.0,14.0,1.0,0.4,0.8,119.0,373.0,1027.0,568.5,3.0,686.0,14.0,1.0,0.5,0.8,120.0,375.0,1025.0,570.0,3.0,685.0,14.0,1.0,0.5,0.8
1974,2,335.0,28.0,19.1,19.6,20.0,19.55,4.0,0.53,18.0,0.5,0.7,0.3,17.8,18.85,20.21,19.0,4.0,1.41,18.0,0.5,0.7,0.3,10.89,11.29,11.68,11.29,2.0,0.82,20.0,0.0,0.6,0.3,83.6,84.1,84.5,84.1,2.0,1.0,20.0,0.0,0.3,2.0,5.05,10.14,6.03,4.0,5.27,18.0,0.5,0.7,0.3,-7.26,-2.6,2.01,-2.62,4.0,5.45,18.0,0.5,0.7,0.3,-6.88,-2.02,-0.52,-3.62,4.0,4.45,18.0,0.5,0.7,0.3,1017.12,1022.7,1025.82,1021.53,4.0,5.9,18.0,0.5,0.7,0.3,1.6,3.0,5.0,3.3,3.0,2.5,14.0,0.7,0.6,0.5,-77.1,-20.8,5.4,-35.2,4.0,54.0,18.0,0.5,0.7,0.3,-79.5,-13.1,-1.1,-39.0,4.0,61.3,18.0,0.5,0.7,0.3,-0.21,0.65,1.3,0.55,4.0,0.9,18.0,0.5,0.7,0.3,-0.1,4.4,13.5,6.6,4.0,8.7,18.0,0.5,0.7,0.3,2.58,2.8,3.01,2.8,2.0,0.45,20.0,0.0,0.6,0.3,12.9,24.1,35.3,24.1,2.0,23.2,20.0,0.0,0.6,0.3,-129.3,-45.1,40.3,-44.5,4.0,99.7,18.0,0.5,0.7,0.3,-122.5,-36.5,-10.5,-65.1,4.0,78.6,18.0,0.5,0.7,0.3,-69.6,-26.6,16.3,-26.6,2.0,88.9,20.0,0.0,0.6,0.3,-90.8,-56.5,-22.3,-56.5,2.0,70.9,20.0,0.0,0.6,0.3,-20.7,-9.2,2.2,-9.2,2.0,23.7,20.0,0.0,0.6,0.3,-26.3,-16.2,-6.0,-16.2,2.0,21.0,20.0,0.0,0.6,0.3,14.5,186.5,1314.5,642.5,4.0,1047.5,18.0,0.5,0.7,0.3,15.0,185.0,1315.0,645.0,4.0,1050.0,18.0,0.5,0.7,0.3
1974,2,335.0,29.0,18.95,20.5,22.05,20.5,5.0,1.9,18.0,0.6,0.7,0.5,18.77,19.35,19.84,19.18,6.0,0.89,18.0,0.7,0.7,0.5,8.7,11.26,12.15,10.46,4.0,2.59,16.0,0.5,0.7,0.5,67.3,81.5,87.8,77.7,4.0,16.0,16.0,0.5,0.5,6.02,7.2,9.84,7.88,5.0,2.29,20.0,0.8,0.7,0.5,-5.46,-3.1,-2.13,-3.63,5.0,1.8,20.0,0.8,0.7,0.5,-7.87,-5.37,2.0,-3.0,5.0,7.21,20.0,0.8,0.7,0.5,1022.43,1028.05,1029.64,1026.27,6.0,4.55,18.0,0.7,0.7,0.5,5.8,6.5,7.2,6.5,6.0,1.0,18.0,0.7,0.7,0.5,-42.7,-19.2,-16.4,-29.1,5.0,20.4,20.0,0.8,0.7,0.5,-71.3,-33.3,22.1,-24.8,5.0,69.1,20.0,0.8,0.7,0.5,-0.36,0.7,3.94,1.48,5.0,2.4,18.0,0.6,0.7,0.5,-6.2,12.3,33.9,13.8,4.0,25.1,20.0,0.8,0.7,0.5,2.16,4.74,7.73,4.94,4.0,3.43,16.0,0.5,0.7,0.5,21.6,51.3,65.1,43.6,3.0,32.6,18.0,0.7,0.7,0.4,-98.9,-59.5,-42.4,-68.2,5.0,32.0,20.0,0.8,0.7,0.5,-154.2,-103.1,41.5,-57.3,5.0,140.1,20.0,0.8,0.7,0.5,-54.4,-39.1,-37.0,-45.5,3.0,13.9,18.0,0.7,0.7,0.4,-94.2,-67.7,-30.4,-62.5,3.0,46.9,18.0,0.7,0.7,0.4,-44.3,-35.8,-14.0,-29.3,3.0,22.9,18.0,0.7,0.7,0.4,-47.9,-17.6,-10.2,-28.8,3.0,29.3,18.0,0.7,0.7,0.4,219.0,373.0,989.5,593.5,5.0,520.0,20.0,0.8,0.7,0.5,220.0,375.0,990.0,595.0,5.0,520.0,20.0,0.8,0.7,0.5
1974,2,335.0,30.0,19.0,19.45,20.03,19.4,12.0,1.02,14.0,0.5,0.7,0.3,18.54,19.0,19.32,18.93,13.0,0.75,12.0,0.5,0.7,0.3,8.42,9.84,11.14,9.84,7.0,1.94,14.0,0.6,0.6,0.2,60.3,74.6,82.7,73.2,7.0,13.3,14.0,0.6,0.2,3.09,6.7,12.33,7.65,13.0,4.63,12.0,0.5,0.7,0.3,-8.76,-5.37,-2.9,-5.89,13.0,3.22,12.0,0.5,0.7,0.3,-4.98,-2.6,0.0,-3.48,13.0,4.87,12.0,0.5,0.7,0.3,1021.51,1027.9,1029.75,1026.42,13.0,3.69,12.0,0.5,0.7,0.3,4.7,6.5,7.3,6.1,12.0,1.6,12.0,0.5,0.7,0.2,-84.8,-44.2,-9.0,-54.8,13.0,44.4,12.0,0.5,0.7,0.3,-50.0,-7.8,0.0,-42.1,13.0,77.3,12.0,0.5,0.7,0.3,-0.6,0.5,2.0,0.5,12.0,1.28,14.0,0.5,0.7,0.3,-4.2,3.0,19.1,3.8,12.0,14.7,14.0,0.5,0.7,0.3,2.77,3.89,5.09,3.98,7.0,1.81,14.0,0.6,0.6,0.2,14.0,30.7,60.1,33.4,7.0,22.8,14.0,0.6,0.6,0.2,-151.5,-104.7,-55.8,-111.0,13.0,60.3,12.0,0.5,0.7,0.3,-99.0,-50.1,0.0,-65.7,13.0,91.7,12.0,0.5,0.7,0.3,-73.0,-60.7,-45.3,-58.8,7.0,13.5,14.0,0.6,0.6,0.2,-40.5,-22.1,-9.0,-33.1,7.0,45.4,14.0,0.6,0.6,0.2,-36.7,-26.5,-13.8,-27.1,7.0,18.0,14.0,0.6,0.6,0.2,-23.4,-15.3,-2.4,-16.4,7.0,18.1,14.0,0.6,0.6,0.2,29.5,301.0,1912.0,928.0,13.0,1296.5,12.0,0.5,0.7,0.3,30.0,300.0,1910.0,930.0,13.0,1295.0,12.0,0.5,0.7,0.3
1974,2,335.0,31.0,17.88,19.4,21.0,19.15,13.0,1.62,12.0,0.6,0.6,0.4,16.89,19.05,19.87,18.81,10.0,1.77,12.0,0.6,0.6,0.4,7.43,8.53,10.33,8.87,3.0,2.14,8.0,0.7,0.2,0.5,62.0,62.3,73.8,67.8,3.0,9.9,8.0,0.7,0.5,1.36,4.0,8.04,5.12,13.0,4.07,12.0,0.6,0.6,0.4,-6.36,-0.89,3.4,-1.24,13.0,5.78,12.0,0.6,0.6,0.4,-3.14,0.0,0.0,-0.85,13.0,3.01,12.0,0.6,0.6,0.4,1022.31,1025.2,1031.65,1025.38,13.0,6.01,12.0,0.6,0.6,0.4,1.0,6.0,8.0,5.3,13.0,3.0,12.0,0.6,0.6,0.4,-43.5,-2.1,13.1,-17.3,13.0,57.5,12.0,0.6,0.6,0.4,-15.3,0.0,0.0,-2.8,13.0,31.4,12.0,0.6,0.6,0.4,-2.03,0.05,3.12,0.35,10.0,2.85,12.0,0.6,0.6,0.4,-4.1,0.1,35.6,11.1,10.0,25.7,12.0,0.6,0.6,0.4,3.05,3.06,6.67,4.82,3.0,3.06,8.0,0.7,0.2,0.5,5.6,7.9,66.9,35.6,3.0,50.9,8.0,0.7,0.2,0.5,-147.7,-35.6,0.0,-57.3,10.0,80.6,12.0,0.6,0.6,0.4,-57.7,-15.4,0.0,-21.0,10.0,60.5,12.0,0.6,0.6,0.4,-53.9,-12.0,-10.6,-31.8,3.0,36.1,8.0,0.7,0.2,0.5,-27.1,-26.7,-11.5,-19.5,3.0,13.1,8.0,0.7,0.2,0.5,-61.9,-4.3,-3.2,-31.9,3.0,49.1,8.0,0.7,0.2,0.5,-24.4,-7.4,-3.4,-13.8,3.0,16.3,8.0,0.7,0.2,0.5,3.0,64.0,551.0,400.0,13.0,669.0,12.0,0.6,0.6,0.4,5.0,65.0,550.0,400.0,13.0,670.0,12.0,0.6,0.6,0.4
1974,2,335.0,32.0,18.15,19.0,19.31,19.03,12.0,0.95,14.0,0.5,0.4,0.6,16.27,17.65,18.55,17.6,12.0,1.04,14.0,0.5,0.4,0.6,7.55,8.8,9.19,8.39,4.0,1.28,12.0,0.5,0.3,0.7,61.0,71.2,76.4,68.8,4.0,11.6,12.0,0.5,0.7,5.0,7.0,8.53,6.45,11.0,2.57,12.0,0.5,0.5,0.6,-6.03,-4.5,-0.51,-3.32,11.0,3.28,12.0,0.5,0.5,0.6,-5.64,0.0,6.08,0.43,11.0,5.4,12.0,0.5,0.5,0.6,1013.92,1024.8,1030.68,1023.69,12.0,7.82,14.0,0.5,0.4,0.6,3.0,5.0,6.4,4.8,11.0,2.1,12.0,0.5,0.4,0.6,-42.3,-31.5,-2.5,-22.4,11.0,25.4,12.0,0.5,0.5,0.6,-35.7,0.0,46.1,4.2,11.0,43.9,12.0,0.5,0.5,0.6,0.5,1.5,2.7,1.43,12.0,1.06,14.0,0.5,0.4,0.6,3.8,9.0,21.1,10.9,11.0,9.0,12.0,0.5,0.5,0.6,4.18,4.38,5.74,4.93,4.0,1.31,12.0,0.5,0.3,0.7,29.2,33.0,38.9,34.0,3.0,7.2,10.0,0.3,0.3,0.7,-103.1,-74.4,-8.3,-57.4,11.0,59.1,12.0,0.5,0.5,0.6,-95.0,0.0,104.8,9.4,11.0,93.1,12.0,0.5,0.5,0.6,-53.7,-41.5,-36.0,-44.8,3.0,13.3,10.0,0.3,0.3,0.7,-67.5,-57.9,-3.6,-36.1,3.0,50.4,10.0,0.3,0.3,0.7,-24.1,-20.8,-17.9,-21.0,3.0,4.6,10.0,0.3,0.3,0.7,-33.7,-28.6,-2.7,-18.4,3.0,24.3,10.0,0.3,0.3,0.7,125.0,343.0,624.5,363.0,11.0,254.0,12.0,0.5,0.5,0.6,125.0,345.0,625.0,365.0,11.0,255.0,12.0,0.5,0.5,0.6
1974,2,335.0,33.0,17.08,18.5,18.96,18.13,16.0,1.31,14.0,0.8,0.5,0.3,16.14,18.0,19.0,17.61,18.0,1.48,14.0,0.7,0.5,0.4,6.95,8.54,10.65,8.72,10.0,1.91,10.0,0.7,0.5,0.4,59.5,67.6,80.6,68.6,10.0,11.5,10.0,0.7,0.4,3.73,5.1,7.79,5.42,18.0,2.43,14.0,0.7,0.5,0.4,-4.9,-3.65,-0.72,-2.58,18.0,3.28,14.0,0.7,0.5,0.4,-4.71,-0.4,2.19,-0.95,18.0,4.27,14.0,0.7,0.5,0.4,1022.41,1027.85,1033.07,1027.55,18.0,7.57,14.0,0.7,0.5,0.4,5.0,7.0,8.0,6.4,18.0,1.5,14.0,0.7,0.5,0.4,-27.4,-19.5,-2.1,-15.5,18.0,19.9,14.0,0.7,0.5,0.4,-30.4,-1.8,11.1,-8.5,18.0,38.0,14.0,0.7,0.5,0.4,-0.96,0.5,2.61,0.69,16.0,1.74,14.0,0.8,0.5,0.3,-4.6,2.5,18.4,5.1,16.0,10.9,14.0,0.8,0.5,0.3,2.36,4.75,6.47,4.4,8.0,1.97,12.0,0.8,0.5,0.3,7.1,21.1,24.3,20.6,8.0,15.7,12.0,0.8,0.5,0.3,-91.1,-59.5,-13.0,-44.2,18.0,61.1,14.0,0.7,0.5,0.4,-86.4,-7.8,40.8,-14.9,18.0,70.5,14.0,0.7,0.5,0.4,-41.6,-26.9,30.8,-13.6,10.0,42.3,10.0,0.7,0.5,0.4,-10.7,6.7,15.1,-2.3,10.0,33.4,10.0,0.7,0.5,0.4,-20.4,-11.9,5.1,-7.3,8.0,15.3,12.0,0.8,0.5,0.3,-9.6,-0.5,8.3,-5.4,8.0,20.1,12.0,0.8,0.5,0.3,53.5,132.5,473.5,253.5,18.0,337.0,14.0,0.7,0.5,0.4,55.0,135.0,475.0,255.0,18.0,335.0,14.0,0.7,0.5,0.4
1974,2,335.0,34.0,16.65,18.0,19.0,17.96,12.0,1.35,14.0,0.5,0.6,0.5,14.59,17.0,19.94,17.25,11.0,2.77,14.0,0.5,0.6,0.6,6.82,8.39,10.98,8.79,8.0,2.16,16.0,0.5,0.5,0.6,58.5,68.4,74.1,68.7,8.0,11.1,16.0,0.5,0.6,2.45,4.85,8.33,5.88,12.0,3.96,14.0,0.5,0.6,0.5,-4.94,1.2,6.39,1.14,12.0,5.86,14.0,0.5,0.6,0.5,-2.69,-0.4,3.51,0.3,12.0,4.18,14.0,0.5,0.6,0.5,1016.24,1025.95,1031.31,1023.56,12.0,9.49,14.0,0.5,0.6,0.5,2.0,5.0,8.0,5.0,11.0,2.8,14.0,0.5,0.5,0.5,-27.8,3.4,46.2,17.0,12.0,64.7,14.0,0.5,0.6,0.5,-15.5,-1.8,29.5,12.5,12.0,51.5,14.0,0.5,0.6,0.5,-1.82,0.0,2.2,0.62,11.0,2.95,14.0,0.5,0.6,0.6,-3.5,0.0,10.9,-0.8,11.0,18.0,14.0,0.5,0.6,0.6,2.06,4.18,4.83,3.69,8.0,1.77,16.0,0.5,0.5,0.6,4.7,20.7,33.3,19.8,8.0,14.3,16.0,0.5,0.5,0.6,-75.0,19.9,98.7,19.5,11.0,112.5,14.0,0.5,0.6,0.6,-45.9,0.0,69.6,16.3,11.0,84.6,14.0,0.5,0.6,0.6,-34.4,8.8,50.4,12.5,8.0,61.9,16.0,0.5,0.5,0.6,-13.5,-4.7,22.2,10.0,8.0,44.1,16.0,0.5,0.5,0.6,-18.6,4.1,23.0,1.8,8.0,21.1,16.0,0.5,0.5,0.6,-13.6,-0.3,10.4,-0.3,8.0,14.4,16.0,0.5,0.5,0.6,15.0,115.0,578.5,524.5,12.0,1122.0,14.0,0.5,0.6,0.5,15.0,115.0,580.0,525.0,12.0,1120.0,14.0,0.5,0.6,0.5
1974,2,335.0,35.0,14.82,17.3,18.19,16.87,16.0,1.69,12.0,0.5,0.4,0.6,15.19,17.0,18.0,16.84,16.0,1.4,12.0,0.5,0.4,0.6,7.58,9.75,10.47,9.56,13.0,1.5,12.0,0.5,0.5,0.6,74.3,80.2,89.3,81.6,13.0,6.8,12.0,0.5,0.6,1.5,6.05,8.69,5.58,16.0,4.34,12.0,0.5,0.4,0.6,-3.52,0.67,6.79,0.93,16.0,4.79,12.0,0.5,0.4,0.6,-2.34,1.07,7.74,1.93,16.0,4.92,12.0,0.5,0.4,0.6,1019.49,1028.45,1031.61,1026.25,16.0,5.82,12.0,0.5,0.4,0.6,2.4,6.0,8.0,5.3,16.0,2.5,12.0,0.5,0.4,0.6,-25.3,1.4,50.7,5.2,16.0,50.7,12.0,0.5,0.4,0.6,-6.1,1.9,67.6,24.0,16.0,52.7,12.0,0.5,0.4,0.6,-2.06,-0.2,1.74,0.03,16.0,2.08,12.0,0.5,0.4,0.6,-11.0,-0.3,5.4,-0.2,16.0,12.4,12.0,0.5,0.4,0.6,0.46,2.86,3.44,2.36,13.0,2.03,12.0,0.5,0.5,0.6,-0.1,8.0,28.0,13.7,13.0,16.8,12.0,0.5,0.5,0.6,-56.9,9.7,119.9,18.2,16.0,84.2,12.0,0.5,0.4,0.6,-36.3,18.7,140.4,36.7,16.0,83.2,12.0,0.5,0.4,0.6,-38.3,0.0,31.6,1.9,13.0,46.8,12.0,0.5,0.5,0.6,-23.1,10.0,75.0,15.0,13.0,44.8,12.0,0.5,0.5,0.6,-14.6,0.0,3.8,-4.1,13.0,12.3,12.0,0.5,0.5,0.6,-13.4,0.0,19.7,0.7,13.0,17.7,12.0,0.5,0.5,0.6,3.5,238.0,672.0,499.5,16.0,793.5,12.0,0.5,0.4,0.6,5.0,240.0,670.0,500.0,16.0,795.0,12.0,0.5,0.4,0.6
1974,2,335.0,36.0,15.31,16.7,18.03,16.47,13.0,1.69,14.0,0.7,0.5,0.5,14.09,16.4,17.0,15.76,15.0,1.39,16.0,0.6,0.5,0.5,6.49,8.39,9.8,8.24,14.0,1.82,14.0,0.6,0.5,0.5,62.6,77.1,87.8,74.9,14.0,12.3,14.0,0.6,0.5,3.6,5.65,9.92,7.16,14.0,4.67,14.0,0.6,0.5,0.5,-3.39,2.56,6.11,2.08,14.0,5.49,14.0,0.6,0.5,0.5,-1.05,2.17,6.67,2.96,14.0,5.73,14.0,0.6,0.5,0.5,1020.96,1026.0,1028.64,1026.05,15.0,5.0,16.0,0.6,0.5,0.5,4.0,6.0,8.0,6.0,15.0,2.0,16.0,0.6,0.5,0.5,-24.9,10.5,50.7,26.7,14.0,68.8,14.0,0.6,0.5,0.5,-3.2,10.6,57.6,33.9,14.0,87.5,14.0,0.6,0.5,0.5,-2.22,1.9,2.21,0.66,13.0,2.04,14.0,0.7,0.5,0.5,-9.0,8.7,17.0,6.6,12.0,14.4,14.0,0.7,0.6,0.5,0.23,3.69,5.25,3.24,12.0,2.29,14.0,0.7,0.5,0.6,9.9,26.4,38.1,24.3,11.0,16.6,14.0,0.6,0.5,0.6,-57.7,41.1,103.8,33.4,14.0,85.6,14.0,0.6,0.5,0.5,-18.3,36.8,108.7,49.8,14.0,94.2,14.0,0.6,0.5,0.5,-21.0,26.5,66.8,24.7,13.0,45.6,14.0,0.5,0.5,0.5,-8.8,11.9,47.1,24.3,13.0,55.3,14.0,0.5,0.5,0.5,-16.1,5.6,22.6,5.9,11.0,22.8,14.0,0.6,0.5,0.6,-8.6,0.0,28.9,6.4,11.0,17.9,14.0,0.6,0.5,0.6,46.5,185.5,978.5,909.5,14.0,1702.0,14.0,0.6,0.5,0.5,45.0,185.0,980.0,910.0,14.0,1700.0,14.0,0.6,0.5,0.5
1974,2,335.0,37.0,15.0,16.0,17.0,16.01,25.0,1.15,14.0,0.4,0.5,0.4,14.0,15.3,16.84,15.3,25.0,1.27,14.0,0.4,0.6,0.4,5.78,8.55,10.51,8.45,20.0,1.98,12.0,0.6,0.6,0.4,59.4,82.5,88.9,78.2,20.0,13.5,12.0,0.6,0.4,2.65,5.1,9.26,6.1,27.0,4.0,14.0,0.4,0.6,0.4,-5.06,-1.03,4.95,0.22,27.0,5.65,14.0,0.4,0.6,0.4,-4.21,0.0,4.67,0.11,27.0,4.75,14.0,0.4,0.6,0.4,1018.65,1026.8,1033.75,1025.81,27.0,8.15,14.0,0.4,0.6,0.4,2.8,7.0,8.0,6.0,25.0,2.6,14.0,0.4,0.6,0.4,-33.2,-3.1,25.2,10.8,27.0,72.3,14.0,0.4,0.6,0.4,-26.8,0.0,32.8,6.2,27.0,53.0,14.0,0.4,0.6,0.4,-0.6,0.7,2.0,0.81,23.0,1.25,14.0,0.4,0.6,0.5,-2.9,2.8,15.0,4.9,23.0,10.5,14.0,0.4,0.6,0.5,0.97,2.57,5.36,2.89,18.0,1.91,14.0,0.6,0.6,0.4,6.3,12.6,37.0,17.5,18.0,15.8,14.0,0.6,0.6,0.4,-71.2,3.5,85.5,11.5,25.0,91.5,14.0,0.4,0.6,0.4,-44.0,0.0,72.7,15.2,25.0,67.8,14.0,0.4,0.6,0.4,-29.1,3.3,61.6,15.0,20.0,56.4,12.0,0.6,0.6,0.4,-24.3,6.8,39.3,13.1,20.0,41.0,12.0,0.6,0.6,0.4,-17.5,0.3,9.4,-2.1,18.0,17.8,14.0,0.6,0.6,0.4,-12.1,0.0,8.3,-1.1,18.0,15.9,14.0,0.6,0.6,0.4,19.0,132.5,795.0,589.0,27.0,1267.5,14.0,0.4,0.6,0.4,20.0,135.0,795.0,590.0,27.0,1265.0,14.0,0.4,0.6,0.4
1974,2,335.0,38.0,13.94,15.0,16.56,15.13,29.0,1.54,16.0,0.6,0.6,0.3,12.98,15.0,16.4,14.84,31.0,1.37,16.0,0.5,0.6,0.3,6.28,8.13,9.74,8.07,21.0,1.68,16.0,0.6,0.6,0.4,64.0,81.7,88.6,77.8,21.0,11.6,16.0,0.6,0.4,3.98,6.7,12.07,7.27,31.0,4.09,16.0,0.5,0.6,0.3,-4.48,1.05,6.34,1.92,31.0,5.55,16.0,0.5,0.6,0.3,-3.4,0.89,6.49,2.08,31.0,5.67,16.0,0.5,0.6,0.3,1017.76,1023.5,1031.3,1024.24,31.0,6.2,16.0,0.5,0.6,0.3,3.6,8.0,8.0,6.5,30.0,2.3,16.0,0.5,0.6,0.3,-25.6,6.3,66.9,20.7,31.0,56.0,16.0,0.5,0.6,0.3,-18.4,4.5,53.1,29.1,31.0,82.0,16.0,0.5,0.6,0.3,-1.21,0.0,1.49,0.2,29.0,1.92,16.0,0.6,0.6,0.3,-9.0,0.0,11.0,-1.3,29.0,14.9,16.0,0.6,0.6,0.3,1.22,1.93,3.86,2.2,20.0,1.55,16.0,0.6,0.6,0.4,5.6,12.6,25.0,13.8,20.0,13.0,16.0,0.6,0.6,0.4,-69.5,14.6,102.7,31.3,31.0,85.1,16.0,0.5,0.6,0.3,-45.9,12.2,100.9,32.4,31.0,84.3,16.0,0.5,0.6,0.3,-32.9,7.0,59.8,16.2,21.0,50.2,16.0,0.6,0.6,0.4,-24.4,0.0,55.3,9.5,21.0,41.1,16.0,0.6,0.6,0.4,-18.2,1.4,8.5,-0.1,20.0,16.4,16.0,0.6,0.6,0.4,-11.1,0.0,8.1,-0.3,20.0,10.0,16.0,0.6,0.6,0.4,63.5,301.0,1760.0,798.0,31.0,1488.5,16.0,0.5,0.6,0.3,65.0,300.0,1760.0,800.0,31.0,1490.0,16.0,0.5,0.6,0.3
1974,2,335.0,39.0,14.1,15.0,15.49,14.78,20.0,0.82,14.0,0.4,0.5,0.6,12.93,14.65,15.97,14.61,22.0,1.46,12.0,0.4,0.5,0.5,5.79,8.31,10.14,8.22,18.0,1.97,12.0,0.4,0.5,0.5,62.4,81.1,93.3,79.9,18.0,14.8,12.0,0.4,0.5,4.69,6.2,12.8,8.28,21.0,4.69,12.0,0.4,0.5,0.6,0.0,4.79,7.84,3.57,21.0,5.58,12.0,0.4,0.5,0.6,-0.83,2.55,10.6,3.26,21.0,6.18,12.0,0.4,0.5,0.6,1014.93,1027.1,1033.4,1024.75,22.0,8.84,12.0,0.4,0.5,0.5,6.4,8.0,8.0,6.7,19.0,2.2,12.0,0.4,0.5,0.5,0.0,24.4,88.1,34.0,21.0,79.0,12.0,0.4,0.5,0.6,-0.8,13.0,136.0,40.8,21.0,86.7,12.0,0.4,0.5,0.6,-0.7,0.3,1.4,0.27,20.0,1.22,14.0,0.4,0.5,0.6,-5.4,1.2,12.2,1.9,19.0,8.7,14.0,0.4,0.5,0.6,0.27,2.14,3.98,2.12,17.0,1.78,14.0,0.4,0.5,0.5,1.3,9.4,30.7,14.0,16.0,15.5,12.0,0.4,0.5,0.5,0.0,69.5,114.4,54.0,21.0,82.1,12.0,0.4,0.5,0.6,-10.9,36.7,154.8,53.1,21.0,91.3,12.0,0.4,0.5,0.6,0.0,41.1,65.6,29.2,17.0,47.5,12.0,0.4,0.5,0.5,-18.3,20.4,85.3,26.5,17.0,57.5,12.0,0.4,0.5,0.5,-2.3,1.7,15.2,4.2,16.0,16.7,12.0,0.4,0.5,0.5,-8.3,0.0,6.2,0.0,16.0,12.3,12.0,0.4,0.5,0.5,103.5,238.5,2097.0,1138.0,21.0,1555.5,12.0,0.4,0.5,0.6,105.0,240.0,2095.0,1140.0,21.0,1555.0,12.0,0.4,0.5,0.6
1974,2,335.0,40.0,13.0,14.05,14.6,14.05,20.0,1.2,12.0,0.6,0.5,0.5,12.23,14.0,15.57,14.06,22.0,1.81,12.0,0.6,0.5,0.6,5.7,7.68,9.96,7.86,19.0,1.89,12.0,0.6,0.5,0.5,67.9,78.9,88.9,79.1,19.0,11.2,12.0,0.6,0.5,5.1,9.0,16.3,10.07,22.0,5.54,12.0,0.6,0.5,0.6,-0.89,6.75,13.14,6.31,22.0,6.63,12.0,0.6,0.5,0.6,-4.82,2.08,8.25,2.08,22.0,6.84,12.0,0.6,0.5,0.6,1010.32,1025.7,1032.37,1021.05,21.0,12.17,12.0,0.6,0.5,0.6,2.7,8.0,8.0,5.9,19.0,2.9,12.0,0.6,0.5,0.5,-1.7,53.2,237.6,94.0,22.0,116.3,12.0,0.6,0.5,0.6,-36.7,12.6,109.5,46.7,22.0,107.5,12.0,0.6,0.5,0.6,-1.5,-0.25,1.59,-0.14,20.0,1.8,12.0,0.6,0.5,0.5,-21.5,-1.7,9.8,-5.9,20.0,20.5,12.0,0.6,0.5,0.5,0.0,1.79,4.09,1.97,18.0,1.69,12.0,0.6,0.5,0.5,0.0,13.8,25.3,13.1,18.0,12.5,12.0,0.6,0.5,0.5,-12.9,104.4,203.2,95.9,22.0,104.2,12.0,0.6,0.5,0.6,-60.1,32.2,111.0,38.0,22.0,98.6,12.0,0.6,0.5,0.6,0.3,50.1,105.5,55.2,19.0,61.1,12.0,0.6,0.5,0.5,-32.5,10.4,68.5,23.6,19.0,63.6,12.0,0.6,0.5,0.5,-4.8,3.3,17.1,5.5,18.0,12.4,12.0,0.6,0.5,0.5,-16.0,-2.1,6.3,-3.8,18.0,11.7,12.0,0.6,0.5,0.5,132.5,731.5,4606.0,2020.5,22.0,2979.5,12.0,0.6,0.5,0.6,135.0,730.0,4605.0,2020.0,22.0,2980.0,12.0,0.6,0.5,0.6
1974,2,335.0,41.0,13.83,14.5,15.1,14.45,13.0,0.92,16.0,0.7,0.6,0.5,12.13,14.0,16.18,14.04,15.0,2.15,16.0,0.7,0.6,0.4,5.4,7.69,10.05,7.62,12.0,2.54,18.0,0.8,0.7,0.3,59.5,79.2,90.4,74.7,12.0,18.4,18.0,0.8,0.3,4.68,8.2,13.66,9.73,15.0,6.25,16.0,0.7,0.6,0.4,-5.56,4.95,7.96,3.37,15.0,8.28,16.0,0.7,0.6,0.4,-3.58,2.64,6.85,2.7,15.0,7.22,16.0,0.7,0.6,0.4,1006.33,1024.5,1033.29,1019.94,16.0,16.42,16.0,0.7,0.6,0.4,3.2,7.0,8.0,6.0,15.0,2.5,18.0,0.7,0.6,0.4,-36.6,38.1,91.6,67.5,15.0,166.8,16.0,0.7,0.6,0.4,-19.5,10.8,73.8,59.7,15.0,147.8,16.0,0.7,0.6,0.4,-2.28,0.5,3.1,0.45,13.0,2.65,16.0,0.7,0.6,0.5,-46.3,4.1,20.6,-4.9,12.0,30.3,16.0,0.7,0.6,0.5,0.06,2.89,5.1,2.75,10.0,3.06,18.0,0.7,0.6,0.4,2.1,18.1,34.0,14.5,9.0,24.0,20.0,0.7,0.6,0.5,-79.5,73.3,128.2,60.2,14.0,128.4,16.0,0.7,0.6,0.4,-45.2,22.6,97.0,47.1,14.0,118.8,16.0,0.7,0.6,0.4,-38.7,23.1,75.4,31.0,11.0,78.3,20.0,0.7,0.7,0.4,-19.9,0.0,108.1,34.1,11.0,84.3,20.0,0.7,0.7,0.4,-33.5,-2.1,8.9,-9.1,9.0,20.6,20.0,0.7,0.6,0.5,-17.1,-7.2,6.4,-7.7,9.0,15.2,20.0,0.7,0.6,0.5,120.5,551.5,2752.5,2409.0,15.0,5762.0,16.0,0.7,0.6,0.4,120.0,550.0,2755.0,2410.0,15.0,5760.0,16.0,0.7,0.6,0.4
1974,2,335.0,42.0,12.88,13.8,14.12,13.69,18.0,1.06,12.0,0.7,0.4,0.3,12.0,13.0,14.4,13.25,20.0,1.37,14.0,0.6,0.4,0.3,6.17,7.62,9.79,7.93,15.0,1.71,12.0,0.6,0.5,0.3,71.1,83.0,94.3,81.8,15.0,12.4,12.0,0.6,0.3,4.45,10.8,14.35,9.99,18.0,5.78,14.0,0.6,0.4,0.3,-1.16,2.65,10.84,4.26,18.0,8.22,14.0,0.6,0.4,0.3,-4.58,3.81,7.66,2.23,18.0,6.87,14.0,0.6,0.4,0.3,1009.8,1020.95,1025.63,1019.12,18.0,9.32,14.0,0.6,0.4,0.3,4.4,7.0,8.0,6.5,18.0,1.8,14.0,0.6,0.4,0.3,-9.0,16.9,133.8,67.9,18.0,157.5,14.0,0.6,0.4,0.3,-88.6,18.0,68.4,15.7,18.0,92.5,14.0,0.6,0.4,0.3,-1.0,0.0,2.36,0.54,18.0,2.01,12.0,0.7,0.4,0.3,-9.4,0.0,15.1,5.7,16.0,20.9,14.0,0.7,0.4,0.3,-0.14,1.94,3.14,1.62,13.0,1.81,10.0,0.7,0.5,0.3,-1.4,13.9,42.1,15.9,12.0,19.5,10.0,0.8,0.5,0.2,-14.0,36.1,143.6,56.8,18.0,103.3,14.0,0.6,0.4,0.3,-56.0,49.8,108.3,33.4,18.0,91.1,14.0,0.6,0.4,0.3,0.4,25.7,77.2,34.9,14.0,47.5,12.0,0.6,0.5,0.3,-36.3,43.7,65.8,28.3,14.0,56.0,12.0,0.6,0.5,0.3,-4.5,2.8,27.4,7.4,12.0,14.4,10.0,0.8,0.5,0.2,-18.5,-0.6,8.7,-2.3,12.0,19.6,10.0,0.8,0.5,0.2,89.0,1268.0,2977.5,2042.0,18.0,3467.5,14.0,0.6,0.4,0.3,90.0,1270.0,2980.0,2040.0,18.0,3470.0,14.0,0.6,0.4,0.3
1974,2,335.0,43.0,11.94,12.95,14.3,13.01,18.0,1.2,18.0,0.4,0.6,0.4,10.8,11.45,13.19,11.89,20.0,1.45,18.0,0.4,0.6,0.4,5.24,7.03,8.09,6.74,16.0,1.31,16.0,0.3,0.6,0.5,65.8,84.8,90.2,79.5,16.0,12.2,16.0,0.3,0.5,2.6,7.2,11.28,7.95,20.0,5.89,18.0,0.4,0.6,0.4,-5.49,0.94,9.28,2.03,20.0,7.77,18.0,0.4,0.6,0.4,-4.5,1.51,8.59,1.67,20.0,5.78,18.0,0.4,0.6,0.4,1016.04,1021.7,1030.6,1022.15,21.0,8.98,18.0,0.4,0.6,0.5,3.2,7.0,8.0,5.9,21.0,2.3,18.0,0.4,0.6,0.5,-39.7,2.8,104.2,45.1,20.0,149.5,18.0,0.4,0.6,0.4,-20.8,3.6,96.8,14.3,20.0,84.6,18.0,0.4,0.6,0.4,0.0,1.35,2.63,1.27,18.0,1.39,18.0,0.4,0.6,0.4,0.0,5.7,24.3,8.1,17.0,14.7,18.0,0.4,0.6,0.4,1.26,2.37,3.94,2.49,14.0,1.23,18.0,0.4,0.6,0.4,8.1,18.2,28.7,19.2,13.0,12.9,18.0,0.3,0.6,0.4,-61.9,10.9,117.6,25.4,19.0,94.7,18.0,0.4,0.6,0.4,-51.4,25.1,108.4,25.2,19.0,74.6,18.0,0.4,0.6,0.4,-40.7,6.5,70.6,16.3,15.0,59.8,16.0,0.3,0.6,0.5,-29.2,18.4,66.6,16.7,15.0,47.9,16.0,0.3,0.6,0.5,-11.0,1.1,20.7,3.8,13.0,17.8,18.0,0.3,0.6,0.4,-9.3,3.0,16.5,1.3,13.0,15.2,18.0,0.3,0.6,0.4,17.5,373.0,1437.5,1545.5,20.0,3766.5,18.0,0.4,0.6,0.4,20.0,375.0,1440.0,1545.0,20.0,3765.0,18.0,0.4,0.6,0.4
1974,2,335.0,44.0,11.79,12.6,14.0,12.65,11.0,1.03,18.0,0.5,0.6,0.4,10.83,12.1,14.06,12.3,14.0,1.54,18.0,0.5,0.6,0.4,5.35,7.07,8.93,6.92,9.0,1.9,16.0,0.2,0.6,0.4,63.7,80.5,94.1,78.6,10.0,15.8,16.0,0.3,0.4,9.08,13.4,15.87,12.88,14.0,5.04,18.0,0.5,0.6,0.4,-1.54,9.07,14.38,7.77,14.0,7.96,18.0,0.5,0.6,0.4,-3.84,5.01,10.21,3.73,14.0,7.79,18.0,0.5,0.6,0.4,1011.27,1017.8,1022.16,1017.56,13.0,9.36,18.0,0.5,0.5,0.4,4.0,8.0,8.0,6.8,13.0,1.9,18.0,0.5,0.5,0.4,-17.0,122.9,220.3,125.9,14.0,155.8,18.0,0.5,0.6,0.4,-31.5,71.1,119.6,40.9,14.0,120.9,18.0,0.5,0.6,0.4,-1.14,1.0,1.59,0.52,11.0,1.4,18.0,0.5,0.6,0.4,-16.8,2.5,20.7,7.4,11.0,26.1,18.0,0.5,0.6,0.4,-0.01,1.24,3.64,1.63,8.0,1.84,16.0,0.3,0.6,0.4,-0.2,6.3,34.5,19.4,8.0,32.2,16.0,0.3,0.6,0.4,-17.7,110.7,183.7,92.1,14.0,94.2,18.0,0.5,0.6,0.4,-39.2,65.6,146.1,54.2,14.0,97.8,18.0,0.5,0.6,0.4,16.5,77.5,119.0,66.6,9.0,50.0,16.0,0.2,0.6,0.4,-37.6,29.8,64.3,21.9,9.0,60.9,16.0,0.2,0.6,0.4,-3.1,5.5,28.6,15.7,8.0,30.6,16.0,0.3,0.6,0.4,-17.1,-0.1,2.3,-4.3,8.0,15.2,16.0,0.3,0.6,0.4,752.0,2416.0,3996.5,3056.5,14.0,3491.0,18.0,0.5,0.6,0.4,750.0,2415.0,3995.0,3055.0,14.0,3490.0,18.0,0.5,0.6,0.4
1974,2,335.0,45.0,12.0,12.65,13.0,12.76,14.0,0.85,14.0,0.6,0.6,0.4,9.72,11.0,13.08,11.14,17.0,1.67,14.0,0.6,0.6,0.3,5.79,6.46,7.53,6.62,16.0,1.14,14.0,0.6,0.6,0.3,70.7,79.5,89.4,80.2,16.0,8.9,14.0,0.6,0.3,3.91,11.3,14.86,10.47,17.0,5.42,14.0,0.6,0.6,0.4,-2.86,3.98,9.05,3.62,17.0,6.87,14.0,0.6,0.6,0.4,-4.78,3.1,9.75,2.13,17.0,8.94,14.0,0.6,0.6,0.4,1007.59,1014.55,1023.8,1015.63,18.0,12.89,14.0,0.6,0.6,0.3,4.0,7.5,8.0,6.2,18.0,2.4,14.0,0.6,0.6,0.3,-34.5,29.4,135.9,45.7,17.0,96.9,14.0,0.6,0.6,0.4,-50.4,24.7,117.1,21.8,17.0,149.6,14.0,0.6,0.6,0.4,-0.56,1.95,2.49,1.57,14.0,1.8,14.0,0.6,0.6,0.4,-9.0,21.6,34.3,18.2,13.0,22.1,16.0,0.6,0.6,0.4,1.07,2.72,3.65,2.56,14.0,1.35,14.0,0.6,0.6,0.4,9.5,22.2,45.9,27.9,13.0,16.0,16.0,0.6,0.6,0.4,-42.2,48.4,119.8,40.1,16.0,78.4,16.0,0.6,0.6,0.4,-57.2,45.3,115.6,31.0,16.0,100.8,16.0,0.6,0.6,0.4,-31.7,25.7,71.0,23.5,15.0,49.0,14.0,0.6,0.6,0.4,-40.8,30.2,76.0,19.0,15.0,66.8,14.0,0.6,0.6,0.4,2.1,9.0,29.2,14.6,13.0,19.1,16.0,0.6,0.6,0.4,-17.4,8.5,20.3,1.8,13.0,22.3,16.0,0.6,0.6,0.4,66.0,1443.0,3293.0,2031.0,17.0,2447.0,14.0,0.6,0.6,0.4,65.0,1445.0,3295.0,2030.0,17.0,2445.0,14.0,0.6,0.6,0.4
1974,2,335.0,46.0,11.49,12.2,12.95,12.25,11.0,0.89,16.0,0.4,0.5,0.5,10.01,11.15,11.59,10.6,14.0,1.51,14.0,0.5,0.6,0.4,5.49,6.65,7.87,6.51,12.0,1.32,14.0,0.5,0.6,0.4,70.8,82.2,94.7,81.5,12.0,13.4,14.0,0.5,0.4,7.76,10.05,14.74,11.14,14.0,5.18,14.0,0.5,0.6,0.4,0.0,5.13,9.26,4.86,14.0,7.62,14.0,0.5,0.6,0.4,-7.19,-1.19,8.46,-0.05,14.0,8.77,14.0,0.5,0.6,0.4,1009.16,1023.65,1026.29,1019.93,14.0,8.26,14.0,0.5,0.6,0.4,6.0,8.0,8.0,6.9,12.0,1.9,16.0,0.5,0.6,0.4,0.0,46.5,97.1,71.1,14.0,142.0,14.0,0.5,0.6,0.4,-81.7,-3.7,103.4,-9.6,14.0,140.4,14.0,0.5,0.6,0.4,0.68,1.5,3.3,1.83,11.0,1.38,16.0,0.4,0.5,0.5,4.7,13.4,40.7,24.0,11.0,28.2,16.0,0.4,0.5,0.5,0.9,2.19,3.53,2.22,9.0,1.32,16.0,0.3,0.5,0.4,7.5,21.8,35.0,22.3,9.0,15.9,16.0,0.3,0.5,0.4,0.0,60.7,102.0,48.3,14.0,74.9,14.0,0.5,0.6,0.4,-74.7,-12.1,96.3,7.6,14.0,88.7,14.0,0.5,0.6,0.4,-9.7,25.4,61.1,21.9,12.0,46.7,14.0,0.5,0.6,0.4,-41.3,-7.5,69.4,7.5,12.0,52.9,14.0,0.5,0.6,0.4,-0.9,4.4,16.8,5.5,9.0,17.6,16.0,0.3,0.5,0.4,-16.3,-5.2,8.5,-5.0,9.0,21.0,16.0,0.3,0.5,0.4,469.5,1017.0,3216.5,2340.0,14.0,3681.0,14.0,0.5,0.6,0.4,470.0,1015.0,3215.0,2340.0,14.0,3680.0,14.0,0.5,0.6,0.4
1974,2,335.0,47.0,11.07,12.0,12.48,11.85,15.0,1.35,18.0,0.7,0.5,0.5,10.0,11.65,12.79,11.4,20.0,1.76,16.0,0.8,0.5,0.4,6.12,7.01,8.03,7.08,17.0,0.95,16.0,0.7,0.5,0.4,75.2,87.0,93.6,85.0,17.0,8.9,16.0,0.7,0.4,6.72,10.15,12.9,10.77,20.0,4.7,16.0,0.8,0.5,0.4,-1.13,7.14,11.53,6.63,20.0,6.46,16.0,0.8,0.5,0.4,-1.35,5.17,8.29,3.86,20.0,6.35,16.0,0.8,0.5,0.4,1006.81,1015.75,1025.68,1014.39,20.0,12.86,16.0,0.8,0.5,0.4,5.0,6.5,8.0,6.2,18.0,1.9,16.0,0.8,0.5,0.4,-7.6,65.7,142.1,92.4,20.0,131.4,16.0,0.8,0.5,0.4,-5.4,47.8,98.8,47.8,20.0,83.4,16.0,0.8,0.5,0.4,-1.16,0.0,1.08,0.04,15.0,1.3,18.0,0.7,0.5,0.5,-13.9,0.0,7.1,-0.5,15.0,15.9,18.0,0.7,0.5,0.5,0.48,0.91,2.22,1.19,14.0,0.95,16.0,0.6,0.5,0.5,3.8,8.0,27.3,12.3,14.0,12.7,16.0,0.6,0.5,0.5,-13.0,72.9,133.1,74.3,20.0,71.7,16.0,0.8,0.5,0.4,-21.6,52.8,110.8,46.3,20.0,68.5,16.0,0.8,0.5,0.4,-8.8,48.2,68.4,45.9,17.0,52.1,16.0,0.7,0.5,0.4,-10.5,39.1,61.0,27.3,17.0,42.6,16.0,0.7,0.5,0.4,-1.6,3.0,19.2,6.8,14.0,11.0,16.0,0.6,0.5,0.5,-1.0,3.9,8.3,2.1,14.0,12.2,16.0,0.6,0.5,0.5,303.0,1046.5,2146.5,2018.5,20.0,2996.5,16.0,0.8,0.5,0.4,305.0,1045.0,2145.0,2020.0,20.0,2995.0,16.0,0.8,0.5,0.4
1974,2,335.0,48.0,11.15,12.0,12.21,11.67,7.0,0.8,12.0,0.6,0.7,0.4,8.11,9.05,11.91,9.65,8.0,2.05,12.0,0.6,0.7,0.4,5.73,6.31,7.05,6.38,4.0,0.86,12.0,0.5,0.9,0.5,81.7,85.7,95.3,87.7,5.0,8.8,12.0,0.6,0.6,8.33,11.8,17.37,13.04,8.0,5.79,12.0,0.6,0.7,0.4,4.49,10.65,11.27,8.62,8.0,4.28,12.0,0.6,0.7,0.4,0.0,5.65,6.55,4.6,8.0,10.01,12.0,0.6,0.7,0.4,1001.73,1004.8,1026.19,1011.74,7.0,15.37,12.0,0.6,0.7,0.4,4.0,8.0,8.0,6.9,7.0,2.0,14.0,0.7,0.7,0.5,55.3,124.3,131.0,115.2,8.0,70.1,12.0,0.6,0.7,0.4,0.0,42.7,75.6,78.6,8.0,229.9,12.0,0.6,0.7,0.4,-0.11,2.6,4.1,1.93,7.0,2.8,12.0,0.6,0.7,0.4,-0.9,17.4,54.7,23.9,7.0,31.9,12.0,0.6,0.7,0.4,1.97,3.15,3.15,2.57,3.0,1.0,10.0,0.3,0.9,0.6,18.6,21.1,31.0,24.7,3.0,9.6,10.0,0.3,0.9,0.6,50.9,82.0,121.0,80.5,8.0,38.6,12.0,0.6,0.7,0.4,0.0,57.7,72.7,52.7,8.0,106.3,12.0,0.6,0.7,0.4,35.8,69.1,75.1,56.1,4.0,33.5,12.0,0.5,0.9,0.5,17.1,38.2,43.3,30.6,4.0,20.8,12.0,0.5,0.9,0.5,7.3,15.1,29.1,18.1,3.0,16.2,10.0,0.3,0.9,0.6,2.8,8.7,16.9,9.8,3.0,10.4,10.0,0.3,0.9,0.6,603.0,1652.0,5391.5,3526.0,8.0,4968.0,12.0,0.6,0.7,0.4,605.0,1650.0,5390.0,3525.0,8.0,4970.0,12.0,0.6,0.7,0.4
1974,2,335.0,49.0,9.19,10.0,11.0,10.07,7.0,0.87,14.0,0.3,0.4,0.4,6.85,9.0,11.34,9.16,7.0,3.22,14.0,0.3,0.4,0.4,4.33,6.56,6.88,5.79,5.0,1.52,14.0,0.2,0.4,0.4,70.7,74.1,82.5,75.9,5.0,7.5,14.0,0.2,0.4,5.08,12.3,15.65,10.94,7.0,5.97,16.0,0.3,0.5,0.3,1.66,6.2,13.62,7.84,7.0,7.24,16.0,0.3,0.5,0.3,-4.9,2.14,7.92,2.12,7.0,6.78,16.0,0.3,0.5,0.3,997.66,1014.6,1030.7,1012.88,8.0,16.73,16.0,0.4,0.4,0.4,3.1,5.5,7.9,5.4,8.0,2.3,16.0,0.4,0.4,0.4,8.5,38.4,214.6,118.2,7.0,146.0,16.0,0.3,0.5,0.3,-30.2,21.2,120.2,21.1,7.0,97.2,16.0,0.3,0.5,0.3,-1.87,1.0,2.44,0.91,7.0,3.8,14.0,0.3,0.4,0.4,-19.5,10.0,50.1,20.1,6.0,70.2,14.0,0.2,0.5,0.3,0.36,1.59,3.84,2.01,5.0,1.96,14.0,0.2,0.4,0.4,1.0,24.5,61.0,32.1,5.0,38.9,14.0,0.2,0.4,0.4,24.3,65.6,113.5,66.9,6.0,48.7,14.0,0.2,0.5,0.3,-5.7,35.4,95.7,48.7,6.0,71.2,14.0,0.2,0.5,0.3,10.1,56.4,78.1,46.5,5.0,37.3,14.0,0.2,0.4,0.4,-3.3,30.3,65.0,30.9,5.0,43.6,14.0,0.2,0.4,0.4,-0.2,21.2,58.5,30.1,5.0,36.9,14.0,0.2,0.4,0.4,-13.6,3.3,9.1,-2.5,5.0,17.5,14.0,0.2,0.4,0.4,131.0,1861.0,3895.5,2375.5,7.0,3094.0,16.0,0.3,0.5,0.3,130.0,1860.0,3895.0,2375.0,7.0,3095.0,16.0,0.3,0.5,0.3
1974,2,335.0,50.0,11.13,11.2,11.44,11.26,5.0,0.19,4.0,0.8,0.6,0.6,5.69,6.65,9.86,7.28,6.0,2.25,6.0,0.7,0.6,0.6,4.54,5.0,7.06,5.65,5.0,1.52,4.0,0.8,0.6,0.6,77.5,83.4,90.2,84.1,5.0,7.9,4.0,0.8,0.6,7.39,10.55,12.73,10.28,6.0,2.99,6.0,0.7,0.6,0.6,4.8,6.95,10.37,7.13,6.0,3.1,6.0,0.7,0.6,0.6,-7.81,0.0,1.93,-1.83,6.0,7.83,6.0,0.7,0.6,0.6,979.13,1002.2,1005.1,992.66,5.0,18.81,4.0,0.8,0.6,0.6,6.0,7.0,8.0,7.0,6.0,1.1,6.0,0.7,0.6,0.6,37.9,58.8,111.2,71.5,6.0,38.5,6.0,0.7,0.6,0.6,-102.2,0.0,20.9,-29.8,6.0,102.3,6.0,0.7,0.6,0.6,1.48,3.9,5.8,3.72,5.0,2.32,4.0,0.8,0.6,0.6,12.6,40.2,54.0,36.6,5.0,26.9,4.0,0.8,0.6,0.6,1.58,3.3,3.8,2.79,5.0,1.33,4.0,0.8,0.6,0.6,13.2,26.2,40.3,27.3,5.0,16.3,4.0,0.8,0.6,0.6,25.2,59.2,75.2,52.0,6.0,25.2,6.0,0.7,0.6,0.6,-46.9,0.0,19.5,-4.6,6.0,59.0,6.0,0.7,0.6,0.6,20.1,41.8,51.3,36.3,5.0,17.3,4.0,0.8,0.6,0.6,-25.2,0.0,26.5,0.7,5.0,50.0,4.0,0.8,0.6,0.6,7.5,15.0,29.1,17.8,5.0,12.1,4.0,0.8,0.6,0.6,-18.4,0.0,3.2,-8.3,5.0,23.8,4.0,0.8,0.6,0.6,411.5,1176.0,2093.0,1315.5,6.0,1004.0,6.0,0.7,0.6,0.6,410.0,1175.0,2095.0,1315.0,6.0,1005.0,6.0,0.7,0.6,0.6
1974,2,335.0,51.0,9.32,10.0,10.68,10.0,2.0,1.41,12.0,1.0,0.7,0.3,5.31,5.55,5.79,5.55,2.0,0.49,12.0,1.0,0.7,0.3,2.91,3.06,3.21,3.06,2.0,0.31,12.0,1.0,0.7,0.3,52.4,54.6,56.7,54.6,2.0,4.4,12.0,1.0,0.3,12.79,13.85,14.91,13.85,2.0,2.19,12.0,1.0,0.7,0.3,11.08,11.99,12.91,11.99,2.0,1.9,12.0,1.0,0.7,0.3,-7.45,-6.92,-6.4,-6.92,2.0,1.1,12.0,1.0,0.7,0.3,1005.84,1013.45,1021.06,1013.45,2.0,15.77,12.0,1.0,0.7,0.3,6.3,7.0,7.7,7.0,2.0,1.4,12.0,1.0,0.7,0.3,142.8,168.2,193.6,168.2,2.0,52.6,12.0,1.0,0.7,0.3,-111.8,-97.1,-82.5,-97.1,2.0,30.4,12.0,1.0,0.7,0.3,4.01,4.45,4.89,4.45,2.0,0.92,12.0,1.0,0.7,0.3,51.8,62.6,73.5,62.6,2.0,22.5,12.0,1.0,0.7,0.3,4.41,4.55,4.7,4.55,2.0,0.3,12.0,1.0,0.7,0.3,56.6,63.4,70.2,63.4,2.0,14.1,12.0,1.0,0.7,0.3,59.1,67.0,75.0,67.0,2.0,16.5,12.0,1.0,0.7,0.3,-43.3,-38.7,-34.1,-38.7,2.0,9.5,12.0,1.0,0.7,0.3,32.4,37.0,41.5,37.0,2.0,9.5,12.0,1.0,0.7,0.3,-24.0,-21.3,-18.7,-21.3,2.0,5.5,12.0,1.0,0.7,0.3,49.0,54.9,60.8,54.9,2.0,12.2,12.0,1.0,0.7,0.3,-35.1,-31.7,-28.3,-31.7,2.0,7.1,12.0,1.0,0.7,0.3,2145.0,2756.5,3368.0,2756.5,2.0,1266.5,12.0,1.0,0.7,0.3,2145.0,2755.0,3370.0,2755.0,2.0,1265.0,12.0,1.0,0.7,0.3
1974,2,335.0,52.0,6.51,7.6,8.69,7.6,2.0,2.26,6.0,1.0,0.4,0.7,3.83,5.2,7.11,5.47,3.0,2.41,6.0,1.0,0.4,0.7,3.68,4.46,5.25,4.46,2.0,1.62,8.0,1.0,0.4,0.6,70.6,74.7,78.9,74.7,2.0,8.5,8.0,1.0,0.6,10.35,15.4,17.17,13.8,3.0,5.19,6.0,1.0,0.4,0.7,6.7,7.88,11.6,9.12,3.0,3.75,6.0,1.0,0.4,0.7,-13.99,-7.7,-3.39,-8.67,3.0,7.81,6.0,1.0,0.4,0.7,976.91,996.3,1001.76,989.5,3.0,19.13,6.0,1.0,0.4,0.7,5.3,8.0,8.0,6.7,3.0,2.3,6.0,1.0,0.4,0.7,78.2,110.8,175.4,126.4,3.0,72.4,6.0,1.0,0.4,0.7,-245.5,-118.6,-45.2,-144.7,3.0,148.4,6.0,1.0,0.4,0.7,0.86,1.0,1.14,1.0,2.0,0.28,6.0,1.0,0.4,0.7,8.8,14.0,19.2,14.0,2.0,10.7,6.0,1.0,0.4,0.7,1.93,1.93,1.93,1.93,1.0,0.0,10.0,1.0,0.7,0.6,34.8,34.8,34.8,34.8,1.0,0.0,10.0,1.0,0.7,0.6,41.5,42.7,47.2,44.3,3.0,4.4,6.0,1.0,0.4,0.7,-100.2,-24.6,-12.8,-55.7,3.0,69.5,6.0,1.0,0.4,0.7,36.1,39.4,42.7,39.4,2.0,6.9,8.0,1.0,0.4,0.6,-83.9,-60.2,-36.5,-60.2,2.0,49.0,8.0,1.0,0.4,0.6,11.9,11.9,11.9,11.9,1.0,0.0,10.0,1.0,0.7,0.6,-32.7,-32.7,-32.7,-32.7,1.0,0.0,10.0,1.0,0.7,0.6,1508.5,3652.5,5140.0,3332.0,3.0,2674.5,6.0,1.0,0.4,0.7,1510.0,3650.0,5140.0,3330.0,3.0,2675.0,6.0,1.0,0.4,0.7
1974,2,335.0,53.0,9.02,9.5,10.18,9.6,3.0,0.85,18.0,0.3,0.8,0.4,6.57,8.0,9.5,8.03,3.0,2.15,18.0,0.3,0.8,0.4,5.07,5.07,5.07,5.07,1.0,0.0,28.0,0.0,0.5,0.6,77.8,81.0,84.2,81.0,2.0,6.5,26.0,0.5,0.3,8.55,9.3,13.81,11.13,3.0,4.16,18.0,0.3,0.8,0.4,-4.16,-1.42,-0.45,-2.29,3.0,2.82,18.0,0.3,0.8,0.4,8.46,9.3,13.15,10.77,3.0,3.66,18.0,0.3,0.8,0.4,1000.93,1005.95,1010.97,1005.95,2.0,10.39,16.0,0.0,0.8,0.6,2.0,4.0,6.0,4.0,2.0,4.2,26.0,0.5,0.8,0.3,-62.7,-11.7,-3.7,-32.7,3.0,46.9,18.0,0.3,0.8,0.4,72.7,86.5,189.6,130.1,3.0,93.6,18.0,0.3,0.8,0.4,-0.22,0.8,3.39,1.57,3.0,2.73,18.0,0.3,0.8,0.4,-2.4,6.6,52.0,24.4,3.0,42.7,18.0,0.3,0.8,0.4,1.94,1.94,1.94,1.94,1.0,0.0,28.0,0.0,0.5,0.6,15.9,15.9,15.9,15.9,1.0,0.0,28.0,0.0,0.5,0.6,-25.5,-11.4,-3.6,-14.5,3.0,16.3,18.0,0.3,0.8,0.4,72.1,88.2,92.7,82.5,3.0,15.9,18.0,0.3,0.8,0.4,-7.2,-7.2,-7.2,-7.2,1.0,0.0,28.0,0.0,0.5,0.6,40.9,40.9,40.9,40.9,1.0,0.0,28.0,0.0,0.5,0.6,-2.8,-2.8,-2.8,-2.8,1.0,0.0,28.0,0.0,0.5,0.6,15.7,15.7,15.7,15.7,1.0,0.0,28.0,0.0,0.5,0.6,631.5,804.5,2999.0,1792.0,3.0,1933.5,18.0,0.3,0.8,0.4,630.0,805.0,3000.0,1790.0,3.0,1935.0,18.0,0.3,0.8,0.4
1974,2,335.0,54.0,7.72,8.2,8.47,8.1,3.0,0.56,16.0,0.3,0.6,0.3,7.29,9.0,9.34,8.33,3.0,1.61,16.0,0.3,0.6,0.3,4.81,6.04,6.79,5.8,3.0,1.47,16.0,0.3,0.6,0.3,74.0,86.1,92.9,83.5,3.0,14.0,16.0,0.3,0.3,12.81,13.9,14.92,13.87,3.0,1.55,16.0,0.3,0.6,0.3,2.21,6.95,10.26,6.25,3.0,5.93,16.0,0.3,0.6,0.3,-2.94,12.04,12.22,4.81,3.0,12.74,16.0,0.3,0.6,0.3,986.97,1002.6,1017.82,1002.4,3.0,22.6,16.0,0.3,0.6,0.3,6.0,8.0,8.0,7.0,3.0,1.7,16.0,0.3,0.6,0.3,30.7,96.6,154.7,92.8,3.0,90.9,16.0,0.3,0.6,0.3,-56.0,151.3,162.2,55.4,3.0,180.2,16.0,0.3,0.6,0.3,-0.87,-0.8,0.43,-0.23,3.0,1.07,16.0,0.3,0.6,0.3,-11.7,-9.8,7.4,-2.3,3.0,15.4,16.0,0.3,0.6,0.3,0.1,0.61,1.83,0.96,3.0,1.31,16.0,0.3,0.6,0.3,1.0,7.5,27.7,14.2,3.0,20.4,16.0,0.3,0.6,0.3,21.0,66.0,73.3,47.6,3.0,41.5,16.0,0.3,0.6,0.3,-8.8,110.7,113.2,53.6,3.0,102.1,16.0,0.3,0.6,0.3,15.7,49.6,49.8,33.2,3.0,28.7,16.0,0.3,0.6,0.3,-5.0,74.3,82.2,39.4,3.0,70.7,16.0,0.3,0.6,0.3,-0.7,0.0,19.4,9.1,3.0,16.7,16.0,0.3,0.6,0.3,-16.8,-1.7,4.6,-6.0,3.0,16.1,16.0,0.3,0.6,0.3,2122.5,2685.5,3345.5,2733.0,3.0,896.5,16.0,0.3,0.6,0.3,2125.0,2685.0,3345.0,2735.0,3.0,895.0,16.0,0.3,0.6,0.3
1974,2,335.0,55.0,8.56,10.75,11.52,10.08,4.0,2.27,6.0,0.3,0.6,0.7,5.35,5.9,7.2,6.27,3.0,1.39,8.0,0.3,0.6,0.7,5.14,5.14,5.14,5.14,1.0,0.0,18.0,1.0,0.4,0.9,76.9,76.9,76.9,76.9,1.0,0.0,18.0,1.0,0.9,14.38,17.5,21.15,17.75,4.0,4.35,6.0,0.3,0.6,0.7,-0.96,5.23,12.87,5.93,4.0,9.96,6.0,0.3,0.6,0.7,7.05,13.1,19.08,13.06,4.0,8.1,6.0,0.3,0.6,0.7,991.83,992.8,996.12,993.93,4.0,3.21,6.0,0.3,0.6,0.7,6.0,6.0,6.0,6.0,2.0,0.0,10.0,0.5,0.4,0.8,-6.3,87.9,230.4,111.0,4.0,182.9,6.0,0.3,0.6,0.7,101.5,192.3,389.8,243.2,4.0,201.7,6.0,0.3,0.6,0.7,4.33,4.6,5.49,4.9,3.0,0.89,8.0,0.3,0.6,0.7,81.0,97.0,107.3,94.2,3.0,19.4,8.0,0.3,0.6,0.7,3.74,3.74,3.74,3.74,1.0,0.0,18.0,1.0,0.4,0.9,86.4,86.4,86.4,86.4,1.0,0.0,18.0,1.0,0.4,0.9,-12.1,31.3,75.1,31.5,3.0,63.9,8.0,0.3,0.6,0.7,39.6,88.7,149.3,94.3,3.0,80.5,8.0,0.3,0.6,0.7,20.6,20.6,20.6,20.6,1.0,0.0,18.0,1.0,0.4,0.9,116.9,116.9,116.9,116.9,1.0,0.0,18.0,1.0,0.4,0.9,15.0,15.0,15.0,15.0,1.0,0.0,18.0,1.0,0.4,0.9,85.1,85.1,85.1,85.1,1.0,0.0,18.0,1.0,0.4,0.9,3075.0,5477.5,9723.5,6357.0,4.0,4424.5,6.0,0.3,0.6,0.7,3075.0,5480.0,9725.0,6355.0,4.0,4425.0,6.0,0.3,0.6,0.7
1974,2,335.0,56.0,,,,,,,,,,,,,,,,,,,,,,,,,,,,,,,,,,,,,,,,4.51,5.6,6.69,5.6,2.0,2.26,8.0,0.0,0.6,0.3,-0.5,1.11,2.72,1.11,2.0,3.33,8.0,0.0,0.6,0.3,-6.28,-4.55,-2.81,-4.55,2.0,3.6,8.0,0.0,0.6,0.3,1002.21,1006.75,1011.29,1006.75,2.0,9.4,8.0,0.0,0.6,0.3,,,,,,,,,,,,,,,,,,,,,,,,,,,,,,,,,,,,,,,,,,,,,,,,,,,,,,,,,,,,,,,,,,,,,,,,,,,,,,,,,,,,,,,,,,,,,,,,,,,,,,,,,,,,,,,,,,,,,,,,,,,,,,,,,,,,,,,,,,,,,,,,,,,,,,
1974,2,335.0,57.0,8.2,8.2,8.2,8.2,2.0,0.0,12.0,1.0,0.8,0.4,2.66,3.0,5.05,3.83,3.0,1.89,18.0,0.7,0.8,0.3,3.13,3.13,3.13,3.13,1.0,0.0,12.0,1.0,0.9,0.8,64.7,64.7,64.7,64.7,1.0,0.0,12.0,1.0,0.8,11.78,13.9,20.18,15.93,3.0,6.4,18.0,0.7,0.8,0.3,7.25,7.9,12.0,9.58,3.0,3.77,18.0,0.7,0.8,0.3,-5.65,0.0,14.82,4.48,3.0,15.48,18.0,0.7,0.8,0.3,981.3,981.5,986.62,983.9,3.0,4.42,18.0,0.7,0.8,0.3,5.2,5.5,5.8,5.5,2.0,0.7,12.0,1.0,0.8,0.4,109.1,182.5,189.8,150.2,3.0,65.4,18.0,0.7,0.8,0.3,-61.0,0.0,342.3,137.4,3.0,318.4,18.0,0.7,0.8,0.3,5.28,5.45,5.62,5.45,2.0,0.35,12.0,1.0,0.8,0.4,63.3,66.9,70.6,66.9,2.0,7.6,12.0,1.0,0.8,0.4,3.82,3.82,3.82,3.82,1.0,0.0,12.0,1.0,0.9,0.8,53.1,53.1,53.1,53.1,1.0,0.0,12.0,1.0,0.9,0.8,25.1,41.7,45.6,35.5,3.0,16.0,18.0,0.7,0.8,0.3,-14.1,0.0,88.9,36.5,3.0,81.8,18.0,0.7,0.8,0.3,43.5,43.5,43.5,43.5,1.0,0.0,12.0,1.0,0.9,0.8,0.0,0.0,0.0,0.0,1.0,0.0,12.0,1.0,0.9,0.8,53.1,53.1,53.1,53.1,1.0,0.0,12.0,1.0,0.9,0.8,0.0,0.0,0.0,0.0,1.0,0.0,12.0,1.0,0.9,0.8,1712.5,2685.5,9266.5,5424.0,3.0,6020.0,18.0,0.7,0.8,0.3,1710.0,2685.0,9265.0,5425.0,3.0,6020.0,18.0,0.7,0.8,0.3
1974,2,335.0,58.0,8.93,9.0,9.68,9.3,3.0,0.61,10.0,1.0,0.5,0.5,4.14,5.1,5.37,4.77,3.0,0.95,10.0,0.7,0.7,0.2,3.59,3.59,3.59,3.59,1.0,0.0,2.0,1.0,0.2,0.0,71.9,71.9,71.9,71.9,1.0,0.0,2.0,1.0,0.0,6.6,12.0,14.57,10.65,4.0,5.75,12.0,0.8,0.6,0.4,-3.18,5.48,11.86,4.39,4.0,9.94,12.0,0.8,0.6,0.4,-3.7,2.74,7.82,2.09,4.0,7.34,12.0,0.8,0.6,0.4,995.84,1006.05,1019.56,1007.63,4.0,14.06,12.0,0.8,0.6,0.4,2.3,3.0,6.4,4.3,3.0,3.2,10.0,1.0,0.5,0.5,-45.3,57.7,177.7,65.8,4.0,142.6,12.0,0.8,0.6,0.4,-40.7,43.8,109.5,34.8,4.0,92.4,12.0,0.8,0.6,0.4,4.95,5.05,5.15,5.05,2.0,0.21,4.0,1.0,0.6,0.3,19.9,33.7,47.5,33.7,2.0,28.6,4.0,1.0,0.6,0.3,3.58,3.58,3.58,3.58,1.0,0.0,2.0,1.0,0.2,0.0,9.3,9.3,9.3,9.3,1.0,0.0,2.0,1.0,0.2,0.0,-26.3,9.6,34.4,4.2,3.0,44.7,10.0,0.7,0.7,0.2,-24.6,0.0,37.4,6.2,3.0,45.7,10.0,0.7,0.7,0.2,9.3,9.3,9.3,9.3,1.0,0.0,2.0,1.0,0.2,0.0,0.0,0.0,0.0,0.0,1.0,0.0,2.0,1.0,0.2,0.0,9.3,9.3,9.3,9.3,1.0,0.0,2.0,1.0,0.2,0.0,0.0,0.0,0.0,0.0,1.0,0.0,2.0,1.0,0.2,0.0,643.0,1764.0,3192.0,1910.5,4.0,1710.5,12.0,0.8,0.6,0.4,645.0,1765.0,3190.0,1910.0,4.0,1710.0,12.0,0.8,0.6,0.4
1974,2,335.0,59.0,8.9,8.9,8.9,8.9,1.0,0.0,2.0,1.0,0.8,0.1,4.0,4.0,4.0,4.0,1.0,0.0,2.0,1.0,0.8,0.1,4.77,4.77,4.77,4.77,1.0,0.0,2.0,1.0,0.8,0.1,93.2,93.2,93.2,93.2,1.0,0.0,2.0,1.0,0.1,15.4,15.4,15.4,15.4,1.0,0.0,2.0,1.0,0.8,0.1,15.17,15.17,15.17,15.17,1.0,0.0,2.0,1.0,0.8,0.1,-2.67,-2.67,-2.67,-2.67,1.0,0.0,2.0,1.0,0.8,0.1,995.6,995.6,995.6,995.6,1.0,0.0,2.0,1.0,0.8,0.1,8.0,8.0,8.0,8.0,1.0,0.0,2.0,1.0,0.8,0.1,233.6,233.6,233.6,233.6,1.0,0.0,2.0,1.0,0.8,0.1,-41.2,-41.2,-41.2,-41.2,1.0,0.0,2.0,1.0,0.8,0.1,4.9,4.9,4.9,4.9,1.0,0.0,2.0,1.0,0.8,0.1,75.5,75.5,75.5,75.5,1.0,0.0,2.0,1.0,0.8,0.1,2.41,2.41,2.41,2.41,1.0,0.0,2.0,1.0,0.8,0.1,37.2,37.2,37.2,37.2,1.0,0.0,2.0,1.0,0.8,0.1,60.7,60.7,60.7,60.7,1.0,0.0,2.0,1.0,0.8,0.1,-10.7,-10.7,-10.7,-10.7,1.0,0.0,2.0,1.0,0.8,0.1,72.3,72.3,72.3,72.3,1.0,0.0,2.0,1.0,0.8,0.1,-12.8,-12.8,-12.8,-12.8,1.0,0.0,2.0,1.0,0.8,0.1,36.6,36.6,36.6,36.6,1.0,0.0,2.0,1.0,0.8,0.1,-6.5,-6.5,-6.5,-6.5,1.0,0.0,2.0,1.0,0.8,0.1,3652.5,3652.5,3652.5,3652.5,1.0,0.0,2.0,1.0,0.8,0.1,3650.0,3650.0,3650.0,3650.0,1.0,0.0,2.0,1.0,0.8,0.1
1974,2,335.0,60.0,7.05,7.2,7.2,7.12,5.0,0.18,18.0,0.0,0.6,0.2,0.0,1.1,1.49,0.86,5.0,0.86,18.0,0.0,0.6,0.2,3.32,3.59,3.61,3.45,5.0,0.34,18.0,0.0,0.6,0.2,78.1,86.5,93.0,84.6,5.0,11.7,18.0,0.0,0.2,9.65,16.5,19.76,14.92,5.0,7.24,18.0,0.0,0.6,0.2,-1.44,2.24,6.54,2.41,5.0,4.72,18.0,0.0,0.6,0.2,8.32,15.5,19.24,13.73,5.0,8.08,18.0,0.0,0.6,0.2,990.26,991.3,995.02,992.52,5.0,3.16,18.0,0.0,0.6,0.2,3.6,6.0,7.0,5.4,5.0,1.8,18.0,0.0,0.6,0.2,-5.8,28.9,129.3,59.7,5.0,84.9,18.0,0.0,0.6,0.2,105.0,255.8,387.2,251.3,5.0,192.9,18.0,0.0,0.6,0.2,5.56,6.1,7.2,6.26,5.0,1.0,18.0,0.0,0.6,0.2,57.0,99.0,142.3,98.7,5.0,56.2,18.0,0.0,0.6,0.2,2.81,2.84,3.03,2.93,5.0,0.24,18.0,0.0,0.6,0.2,28.1,45.9,56.1,42.5,5.0,19.7,18.0,0.0,0.6,0.2,-2.9,0.0,4.0,0.3,5.0,5.3,18.0,0.0,0.6,0.2,0.0,1.4,15.7,6.8,5.0,8.8,18.0,0.0,0.6,0.2,-4.1,8.0,23.7,9.3,5.0,16.1,18.0,0.0,0.6,0.2,29.6,56.5,69.1,49.4,5.0,29.3,18.0,0.0,0.6,0.2,-4.8,6.3,18.4,6.4,5.0,14.0,18.0,0.0,0.6,0.2,23.7,43.1,54.6,38.8,5.0,22.8,18.0,0.0,0.6,0.2,1386.0,4492.0,8263.5,5075.0,5.0,5048.5,18.0,0.0,0.6,0.2,1385.0,4490.0,8265.0,5075.0,5.0,5050.0,18.0,0.0,0.6,0.2
1974,2,335.0,61.0,5.24,5.75,6.26,5.75,2.0,1.06,16.0,0.5,0.7,0.2,5.7,7.2,8.7,7.2,2.0,3.11,16.0,0.5,0.7,0.2,3.57,3.57,3.57,3.57,1.0,0.0,6.0,0.0,0.6,0.3,65.2,65.2,65.2,65.2,1.0,0.0,6.0,0.0,0.3,9.54,10.05,10.56,10.05,2.0,1.06,16.0,0.5,0.7,0.2,-3.91,-2.32,-0.74,-2.32,2.0,3.29,16.0,0.5,0.7,0.2,-5.06,1.37,7.81,1.37,2.0,13.33,16.0,0.5,0.7,0.2,998.8,1001.6,1004.4,1001.6,2.0,5.8,16.0,0.5,0.7,0.2,4.0,4.0,4.0,4.0,1.0,0.0,6.0,0.0,0.6,0.3,-36.4,-21.6,-6.9,-21.6,2.0,30.6,16.0,0.5,0.7,0.2,-44.5,20.9,86.2,20.9,2.0,135.4,16.0,0.5,0.7,0.2,-3.46,-1.45,0.56,-1.45,2.0,4.17,16.0,0.5,0.7,0.2,-37.8,-16.8,4.2,-16.8,2.0,43.5,16.0,0.5,0.7,0.2,2.52,2.52,2.52,2.52,1.0,0.0,6.0,0.0,0.6,0.3,23.4,23.4,23.4,23.4,1.0,0.0,6.0,0.0,0.6,0.3,-19.6,-11.6,-3.7,-11.6,2.0,16.4,16.0,0.5,0.7,0.2,-17.8,30.6,79.0,30.6,2.0,100.3,16.0,0.5,0.7,0.2,-16.6,-16.6,-16.6,-16.6,1.0,0.0,6.0,0.0,0.6,0.3,-28.7,-28.7,-28.7,-28.7,1.0,0.0,6.0,0.0,0.6,0.3,-11.7,-11.7,-11.7,-11.7,1.0,0.0,6.0,0.0,0.6,0.3,-20.3,-20.3,-20.3,-20.3,1.0,0.0,6.0,0.0,0.6,0.3,876.5,1032.0,1187.5,1032.0,2.0,322.0,16.0,0.5,0.7,0.2,875.0,1030.0,1185.0,1030.0,2.0,320.0,16.0,0.5,0.7,0.2
1974,2,335.0,62.0,4.64,6.55,6.91,6.02,10.0,1.4,6.0,0.3,0.4,0.7,1.73,3.0,4.67,3.17,11.0,1.92,8.0,0.3,0.5,0.7,3.55,4.34,5.08,4.39,8.0,0.82,4.0,0.4,0.3,0.8,78.5,86.8,93.1,85.2,8.0,8.9,4.0,0.4,0.8,7.34,12.6,20.91,14.06,10.0,7.0,8.0,0.3,0.5,0.7,-12.42,-2.57,2.34,-5.17,10.0,8.62,8.0,0.3,0.5,0.7,-4.76,3.1,16.49,5.38,10.0,11.51,8.0,0.3,0.5,0.7,969.05,990.0,994.08,985.38,11.0,12.14,8.0,0.3,0.5,0.7,6.6,8.0,8.0,7.0,11.0,2.1,8.0,0.3,0.5,0.7,-184.6,-26.5,19.2,-91.9,10.0,155.1,8.0,0.3,0.5,0.7,-55.8,19.2,306.5,121.1,10.0,257.7,8.0,0.3,0.5,0.7,2.09,2.7,4.11,2.83,10.0,1.35,6.0,0.3,0.4,0.7,24.1,31.2,60.8,42.6,9.0,30.7,8.0,0.3,0.5,0.7,1.24,1.86,2.52,1.8,8.0,0.81,4.0,0.4,0.3,0.8,12.3,19.3,30.0,20.0,7.0,10.9,4.0,0.4,0.3,0.8,-57.4,-12.6,7.0,-22.5,10.0,34.6,8.0,0.3,0.5,0.7,-14.8,0.0,22.8,3.0,10.0,26.8,8.0,0.3,0.5,0.7,-60.6,-47.6,0.8,-38.4,7.0,39.6,4.0,0.4,0.3,0.8,-19.2,0.0,29.0,6.4,7.0,33.3,4.0,0.4,0.3,0.8,-29.9,-6.3,0.5,-11.4,7.0,16.1,4.0,0.4,0.3,0.8,-11.1,0.0,15.8,3.4,7.0,12.7,4.0,0.4,0.3,0.8,408.0,2200.5,9188.0,4799.5,10.0,6233.5,8.0,0.3,0.5,0.7,410.0,2200.0,9190.0,4800.0,10.0,6235.0,8.0,0.3,0.5,0.7
1974,2,335.0,63.0,5.53,6.9,7.29,6.38,5.0,1.66,8.0,0.6,0.7,0.1,1.0,2.5,5.0,2.78,52.0,2.48,16.0,0.5,0.7,0.3,4.28,4.68,5.13,4.7,4.0,0.64,2.0,0.5,0.8,0.1,81.3,85.8,90.3,85.8,4.0,6.1,2.0,0.5,0.1,9.3,15.4,22.6,15.79,55.0,6.01,16.0,0.4,0.7,0.3,-16.79,-5.8,11.84,-3.41,55.0,11.99,16.0,0.4,0.7,0.3,-13.85,-6.3,11.51,-2.18,55.0,11.39,16.0,0.4,0.7,0.3,973.89,990.55,1002.34,987.26,56.0,12.82,16.0,0.4,0.7,0.3,5.7,8.0,8.0,7.1,56.0,1.5,16.0,0.4,0.7,0.3,-346.5,-51.7,175.2,-62.2,55.0,244.5,16.0,0.4,0.7,0.3,-266.2,-44.9,177.7,-42.0,55.0,223.2,16.0,0.4,0.7,0.3,-0.55,3.0,3.72,1.88,5.0,2.56,8.0,0.6,0.7,0.1,-10.4,41.7,68.7,32.0,5.0,47.0,8.0,0.6,0.7,0.1,0.55,1.19,1.93,1.24,4.0,0.85,2.0,0.5,0.8,0.1,7.3,18.5,29.8,18.6,4.0,13.1,2.0,0.5,0.8,0.1,-39.1,-1.3,39.7,-4.8,51.0,46.8,16.0,0.5,0.7,0.3,-23.0,10.0,39.0,9.5,51.0,40.3,16.0,0.5,0.7,0.3,-68.1,-50.5,-38.6,-53.2,4.0,18.5,2.0,0.5,0.8,0.1,-59.4,-43.1,-14.6,-37.3,4.0,34.8,2.0,0.5,0.8,0.1,-17.3,-11.4,-6.8,-12.0,4.0,6.6,2.0,0.5,0.8,0.1,-24.2,-13.5,-0.6,-12.4,4.0,13.7,2.0,0.5,0.8,0.1,804.5,3652.5,11543.0,5542.5,55.0,4642.5,16.0,0.4,0.7,0.3,805.0,3650.0,11545.0,5540.0,55.0,4645.0,16.0,0.4,0.7,0.3
1974,2,335.0,64.0,4.68,5.5,5.8,5.33,31.0,0.55,4.0,0.4,0.8,0.4,-1.31,3.2,5.2,2.67,45.0,2.88,6.0,0.3,0.8,0.5,4.83,4.95,5.08,4.95,2.0,0.26,22.0,0.0,1.0,0.6,88.5,90.7,92.9,90.7,2.0,4.5,22.0,0.0,0.6,6.7,10.8,19.0,12.05,44.0,5.65,8.0,0.3,0.7,0.5,-12.39,-6.3,-3.02,-7.55,44.0,6.63,8.0,0.3,0.7,0.5,-9.51,-4.31,5.35,-3.31,44.0,8.19,8.0,0.3,0.7,0.5,995.0,996.9,1003.1,997.38,46.0,7.92,6.0,0.3,0.8,0.5,2.1,7.0,8.0,6.2,46.0,2.4,6.0,0.3,0.8,0.5,-232.3,-55.6,-20.9,-117.6,44.0,159.0,8.0,0.3,0.7,0.5,-142.2,-35.0,44.1,-33.8,44.0,145.7,8.0,0.3,0.7,0.5,0.38,2.0,5.43,2.5,31.0,2.58,4.0,0.4,0.8,0.4,3.4,20.8,58.3,26.5,29.0,27.5,4.0,0.4,0.8,0.4,0.33,0.36,0.4,0.36,2.0,0.07,22.0,0.0,1.0,0.6,4.1,4.1,4.2,4.1,2.0,0.1,22.0,0.0,1.0,0.6,-47.7,-15.1,9.1,-21.8,43.0,39.7,6.0,0.3,0.8,0.5,-19.8,-6.9,32.0,5.2,43.0,34.4,6.0,0.3,0.8,0.5,-1.7,17.6,36.9,17.6,2.0,40.0,22.0,0.0,1.0,0.6,31.9,43.5,55.2,43.5,2.0,24.1,22.0,0.0,1.0,0.6,0.0,1.5,3.0,1.5,2.0,3.1,22.0,0.0,1.0,0.6,2.4,3.1,3.7,3.1,2.0,1.3,22.0,0.0,1.0,0.6,301.0,1268.0,6859.0,3061.5,44.0,4581.0,8.0,0.3,0.7,0.5,300.0,1270.0,6860.0,3060.0,44.0,4580.0,8.0,0.3,0.7,0.5
1974,2,335.0,65.0,2.0,2.15,4.0,2.72,10.0,1.16,14.0,0.1,0.6,0.4,-4.01,-2.0,2.8,-1.15,26.0,3.26,12.0,0.3,0.7,0.5,2.38,3.19,4.93,3.61,9.0,1.24,16.0,0.3,0.5,0.6,72.8,81.8,98.6,84.8,9.0,11.9,16.0,0.3,0.6,4.6,11.3,15.4,11.23,25.0,4.9,12.0,0.2,0.6,0.5,-9.94,-4.93,0.0,-4.84,25.0,7.15,12.0,0.2,0.6,0.5,-10.12,-4.6,6.35,-3.39,25.0,8.24,12.0,0.2,0.6,0.5,985.05,1002.6,1011.27,1000.56,26.0,12.38,12.0,0.3,0.7,0.5,2.0,7.0,8.0,5.8,26.0,2.6,12.0,0.3,0.7,0.5,-142.5,-51.7,0.0,-70.6,25.0,121.7,12.0,0.2,0.6,0.5,-153.7,-29.6,89.7,-32.0,25.0,126.7,12.0,0.2,0.6,0.5,-0.31,4.15,5.91,2.99,10.0,3.38,14.0,0.1,0.6,0.4,-0.7,37.5,68.2,28.6,10.0,44.0,14.0,0.1,0.6,0.4,0.52,1.3,2.08,1.13,6.0,1.19,14.0,0.2,0.5,0.5,3.6,17.8,24.1,12.4,6.0,18.4,14.0,0.2,0.5,0.5,-18.4,8.8,28.0,2.9,25.0,32.4,12.0,0.2,0.6,0.5,1.8,24.2,54.0,25.0,25.0,24.9,12.0,0.2,0.6,0.5,-59.6,-20.1,26.6,-17.5,9.0,45.2,16.0,0.3,0.5,0.6,-20.5,18.1,61.7,17.6,9.0,39.6,16.0,0.3,0.5,0.6,-14.4,-2.9,12.0,-2.0,6.0,15.5,14.0,0.2,0.5,0.5,-18.7,-14.8,3.2,-8.7,6.0,13.8,14.0,0.2,0.5,0.5,97.5,1443.0,3652.5,2218.0,25.0,2473.5,12.0,0.2,0.6,0.5,95.0,1445.0,3650.0,2220.0,25.0,2475.0,12.0,0.2,0.6,0.5
1974,2,335.0,66.0,2.6,4.35,4.7,3.84,46.0,1.18,18.0,0.3,0.5,0.6,-3.67,2.2,4.0,1.01,54.0,3.27,18.0,0.3,0.5,0.6,2.11,3.52,4.57,3.5,43.0,1.09,18.0,0.3,0.5,0.6,73.4,83.5,95.4,83.6,43.0,11.3,18.0,0.3,0.6,9.3,13.4,16.5,13.36,54.0,3.63,18.0,0.3,0.5,0.6,-10.86,-4.11,0.0,-4.0,54.0,6.15,18.0,0.3,0.5,0.6,-9.24,10.82,14.36,5.12,54.0,10.69,18.0,0.3,0.5,0.6,991.26,996.55,1015.95,1000.31,54.0,11.32,18.0,0.3,0.5,0.6,6.0,7.0,8.0,6.8,53.0,1.3,18.0,0.3,0.5,0.6,-151.5,-41.1,0.0,-56.8,54.0,95.2,18.0,0.3,0.5,0.6,-133.7,122.9,220.4,67.9,54.0,170.7,18.0,0.3,0.5,0.6,0.43,2.1,7.6,3.18,46.0,3.23,18.0,0.3,0.5,0.6,6.2,25.1,112.3,46.9,46.0,52.2,18.0,0.3,0.5,0.6,0.48,1.48,2.73,1.58,43.0,1.02,18.0,0.3,0.5,0.6,5.8,19.3,43.5,22.4,43.0,17.0,18.0,0.3,0.5,0.6,-9.6,0.0,33.6,7.8,54.0,22.9,18.0,0.3,0.5,0.6,10.1,31.4,61.1,34.7,54.0,24.1,18.0,0.3,0.5,0.6,-28.5,-15.0,0.0,-11.3,43.0,20.1,18.0,0.3,0.5,0.6,-23.2,38.2,60.6,28.7,43.0,37.5,18.0,0.3,0.5,0.6,-28.4,-5.8,0.0,-10.0,43.0,14.6,18.0,0.3,0.5,0.6,-23.9,5.2,20.6,1.2,43.0,22.1,18.0,0.3,0.5,0.6,804.5,2406.0,4492.0,2887.5,54.0,2012.5,18.0,0.3,0.5,0.6,805.0,2405.0,4490.0,2890.0,54.0,2010.0,18.0,0.3,0.5,0.6
1974,2,335.0,67.0,5.0,5.0,5.0,5.0,1.0,0.0,20.0,0.0,1.0,0.0,-6.63,-3.8,-0.69,-3.62,5.0,4.37,20.0,0.4,0.5,0.4,1.89,2.6,2.97,2.44,4.0,0.68,20.0,0.5,0.4,0.5,83.8,90.7,97.9,90.9,4.0,8.4,20.0,0.5,0.5,6.84,11.6,14.69,10.8,4.0,4.88,20.0,0.5,0.5,0.3,-11.02,-8.98,-6.21,-8.63,4.0,3.18,20.0,0.5,0.5,0.3,-9.49,-5.8,-1.8,-5.65,4.0,5.23,20.0,0.5,0.5,0.3,990.54,995.9,999.14,995.3,5.0,6.15,20.0,0.4,0.5,0.4,8.0,8.0,8.0,8.0,2.0,0.0,22.0,1.0,0.3,0.5,-160.2,-113.7,-46.6,-103.9,4.0,68.6,20.0,0.5,0.5,0.3,-141.2,-69.9,-18.7,-79.5,4.0,79.5,20.0,0.5,0.5,0.3,,,,,,,,,,,,,,,,,,,,,,,,,,,,,,,,,,,,,,,,,3.7,35.1,40.0,22.4,4.0,30.2,20.0,0.5,0.5,0.3,-10.4,5.7,32.4,10.8,4.0,26.6,20.0,0.5,0.5,0.3,-33.9,-28.8,-13.9,-24.0,3.0,15.2,20.0,0.7,0.3,0.4,-30.1,-20.9,-5.8,-18.0,3.0,18.0,20.0,0.7,0.3,0.4,,,,,,,,,,,,,,,,,,,,,,,,,,,,,,,,,,,,,,,,
1974,2,336.0,-72.0,0.4,0.4,0.4,0.4,1.0,0.0,28.0,0.0,0.7,1.0,-1.0,-1.0,-1.0,-1.0,1.0,0.0,28.0,0.0,0.7,1.0,3.1,3.1,3.1,3.1,1.0,0.0,28.0,0.0,0.7,1.0,85.6,85.6,85.6,85.6,1.0,0.0,28.0,0.0,1.0,7.7,7.7,7.7,7.7,1.0,0.0,28.0,0.0,0.7,1.0,-7.24,-7.24,-7.24,-7.24,1.0,0.0,28.0,0.0,0.7,1.0,-2.63,-2.63,-2.63,-2.63,1.0,0.0,28.0,0.0,0.7,1.0,982.5,982.5,982.5,982.5,1.0,0.0,28.0,0.0,0.7,1.0,8.0,8.0,8.0,8.0,1.0,0.0,28.0,0.0,0.7,1.0,-55.7,-55.7,-55.7,-55.7,1.0,0.0,28.0,0.0,0.7,1.0,-20.3,-20.3,-20.3,-20.3,1.0,0.0,28.0,0.0,0.7,1.0,1.4,1.4,1.4,1.4,1.0,0.0,28.0,0.0,0.7,1.0,10.8,10.8,10.8,10.8,1.0,0.0,28.0,0.0,0.7,1.0,0.91,0.91,0.91,0.91,1.0,0.0,28.0,0.0,0.7,1.0,7.0,7.0,7.0,7.0,1.0,0.0,28.0,0.0,0.7,1.0,7.2,7.2,7.2,7.2,1.0,0.0,28.0,0.0,0.7,1.0,2.6,2.6,2.6,2.6,1.0,0.0,28.0,0.0,0.7,1.0,-22.4,-22.4,-22.4,-22.4,1.0,0.0,28.0,0.0,0.7,1.0,-8.2,-8.2,-8.2,-8.2,1.0,0.0,28.0,0.0,0.7,1.0,-6.6,-6.6,-6.6,-6.6,1.0,0.0,28.0,0.0,0.7,1.0,-2.4,-2.4,-2.4,-2.4,1.0,0.0,28.0,0.0,0.7,1.0,456.5,456.5,456.5,456.5,1.0,0.0,28.0,0.0,0.7,1.0,455.0,455.0,455.0,455.0,1.0,0.0,28.0,0.0,0.7,1.0
1974,2,336.0,-34.0,23.33,23.6,24.01,23.67,3.0,0.5,12.0,0.7,0.4,0.8,21.5,22.8,23.69,22.6,3.0,1.61,12.0,0.7,0.4,0.8,11.39,12.84,14.86,13.12,3.0,2.55,12.0,0.7,0.4,0.8,69.4,84.0,84.3,77.0,3.0,12.5,12.0,0.7,0.8,3.39,5.1,7.22,5.3,3.0,2.81,12.0,0.7,0.4,0.8,-3.49,-2.6,1.09,-1.23,3.0,3.56,12.0,0.7,0.4,0.8,-5.26,0.0,2.24,-1.48,3.0,5.64,12.0,0.7,0.4,0.8,1013.39,1017.9,1018.99,1016.23,3.0,4.35,12.0,0.7,0.4,0.8,1.3,2.0,2.7,2.0,3.0,1.0,12.0,0.7,0.4,0.8,-15.7,-6.8,13.6,-1.2,3.0,22.0,12.0,0.7,0.4,0.8,-43.1,0.0,11.4,-15.5,3.0,42.1,12.0,0.7,0.4,0.8,-0.17,1.4,2.29,1.07,3.0,1.82,12.0,0.7,0.4,0.8,-3.9,3.6,10.6,3.3,3.0,10.6,12.0,0.7,0.4,0.8,3.0,5.23,7.12,5.07,3.0,3.02,12.0,0.7,0.4,0.8,17.6,20.8,24.8,21.2,3.0,5.3,12.0,0.7,0.4,0.8,-74.6,-59.3,27.3,-24.4,3.0,80.5,12.0,0.7,0.4,0.8,-126.8,0.0,46.8,-39.1,3.0,131.5,12.0,0.7,0.4,0.8,-43.1,-27.9,21.4,-11.2,3.0,49.4,12.0,0.7,0.4,0.8,-83.1,0.0,28.7,-26.5,3.0,85.1,12.0,0.7,0.4,0.8,-20.7,-20.5,-2.7,-11.9,3.0,15.1,12.0,0.7,0.4,0.8,-10.3,0.0,11.7,0.7,3.0,16.1,12.0,0.7,0.4,0.8,54.0,132.5,418.5,234.0,3.0,281.0,12.0,0.7,0.4,0.8,55.0,135.0,420.0,235.0,3.0,280.0,12.0,0.7,0.4,0.8
1974,2,336.0,-33.0,24.83,24.9,24.97,24.9,2.0,0.14,12.0,0.0,0.7,0.8,23.4,23.4,23.4,23.4,1.0,0.0,10.0,0.0,0.7,0.6,14.3,14.3,14.3,14.3,1.0,0.0,10.0,0.0,0.7,0.6,80.7,80.7,80.7,80.7,1.0,0.0,10.0,0.0,0.6,7.0,7.0,7.0,7.0,1.0,0.0,16.0,0.0,0.7,0.9,3.5,3.5,3.5,3.5,1.0,0.0,16.0,0.0,0.7,0.9,-6.06,-6.06,-6.06,-6.06,1.0,0.0,16.0,0.0,0.7,0.9,1019.73,1021.3,1022.87,1021.3,2.0,3.25,12.0,0.0,0.7,0.8,2.3,3.0,3.7,3.0,2.0,1.4,12.0,0.0,0.7,0.8,24.5,24.5,24.5,24.5,1.0,0.0,16.0,0.0,0.7,0.9,-42.4,-42.4,-42.4,-42.4,1.0,0.0,16.0,0.0,0.7,0.9,,,,,,,,,,,,,,,,,,,,,,,,,,,,,,,,,,,,,,,,,,,,,,,,,,,,,,,,,,,,,,,,,,,,,,,,,,,,,,,,,,,,,,,,,,,,,,,,,,,,,,,,,,,,,,,,,,,,,,,,
1974,2,336.0,-31.0,24.16,24.5,24.84,24.5,2.0,0.71,20.0,0.0,0.7,0.4,21.19,21.6,22.01,21.6,2.0,0.85,20.0,0.0,0.7,0.4,11.54,12.07,12.59,12.07,2.0,1.08,20.0,0.0,0.7,0.4,70.7,75.7,80.7,75.7,2.0,10.3,20.0,0.0,0.4,5.35,5.9,6.45,5.9,2.0,1.13,20.0,0.0,0.7,0.4,-2.07,0.51,3.1,0.51,2.0,5.36,20.0,0.0,0.7,0.4,-4.94,-4.52,-4.1,-4.52,2.0,0.87,20.0,0.0,0.7,0.4,1013.15,1015.2,1017.25,1015.2,2.0,4.24,20.0,0.0,0.7,0.4,8.0,8.0,8.0,8.0,2.0,0.0,20.0,0.0,0.7,0.4,-9.5,6.1,21.6,6.1,2.0,32.2,20.0,0.0,0.7,0.4,-32.1,-27.2,-22.2,-27.2,2.0,10.2,20.0,0.0,0.7,0.4,2.83,2.9,2.97,2.9,2.0,0.14,20.0,0.0,0.7,0.4,15.2,17.2,19.2,17.2,2.0,4.1,20.0,0.0,0.7,0.4,6.2,7.08,7.97,7.08,2.0,1.82,20.0,0.0,0.7,0.4,39.4,40.8,42.1,40.8,2.0,2.7,20.0,0.0,0.7,0.4,-46.9,8.8,64.5,8.8,2.0,115.4,20.0,0.0,0.7,0.4,-104.4,-97.3,-90.1,-97.3,2.0,14.9,20.0,0.0,0.7,0.4,-22.4,9.1,40.6,9.1,2.0,65.3,20.0,0.0,0.7,0.4,-62.4,-55.0,-47.6,-55.0,2.0,15.4,20.0,0.0,0.7,0.4,-19.1,-1.2,16.6,-1.2,2.0,37.1,20.0,0.0,0.7,0.4,-32.2,-31.2,-30.2,-31.2,2.0,2.1,20.0,0.0,0.7,0.4,159.5,216.5,274.0,216.5,2.0,119.0,20.0,0.0,0.7,0.4,160.0,215.0,275.0,215.0,2.0,120.0,20.0,0.0,0.7,0.4
1974,2,336.0,-30.0,23.0,23.0,23.0,23.0,1.0,0.0,20.0,0.0,0.3,0.8,22.5,22.5,22.5,22.5,1.0,0.0,20.0,0.0,0.3,0.8,12.13,12.13,12.13,12.13,1.0,0.0,20.0,0.0,0.3,0.8,72.0,72.0,72.0,72.0,1.0,0.0,20.0,0.0,0.8,3.6,3.6,3.6,3.6,1.0,0.0,20.0,0.0,0.3,0.8,-2.76,-2.76,-2.76,-2.76,1.0,0.0,20.0,0.0,0.3,0.8,2.31,2.31,2.31,2.31,1.0,0.0,20.0,0.0,0.3,0.8,1017.4,1017.4,1017.4,1017.4,1.0,0.0,20.0,0.0,0.3,0.8,3.0,3.0,3.0,3.0,1.0,0.0,20.0,0.0,0.3,0.8,-9.9,-9.9,-9.9,-9.9,1.0,0.0,20.0,0.0,0.3,0.8,8.3,8.3,8.3,8.3,1.0,0.0,20.0,0.0,0.3,0.8,0.5,0.5,0.5,0.5,1.0,0.0,20.0,0.0,0.3,0.8,1.8,1.8,1.8,1.8,1.0,0.0,20.0,0.0,0.3,0.8,5.3,5.3,5.3,5.3,1.0,0.0,20.0,0.0,0.3,0.8,19.1,19.1,19.1,19.1,1.0,0.0,20.0,0.0,0.3,0.8,-62.0,-62.0,-62.0,-62.0,1.0,0.0,20.0,0.0,0.3,0.8,52.1,52.1,52.1,52.1,1.0,0.0,20.0,0.0,0.3,0.8,-33.5,-33.5,-33.5,-33.5,1.0,0.0,20.0,0.0,0.3,0.8,28.1,28.1,28.1,28.1,1.0,0.0,20.0,0.0,0.3,0.8,-14.6,-14.6,-14.6,-14.6,1.0,0.0,20.0,0.0,0.3,0.8,12.3,12.3,12.3,12.3,1.0,0.0,20.0,0.0,0.3,0.8,46.5,46.5,46.5,46.5,1.0,0.0,20.0,0.0,0.3,0.8,45.0,45.0,45.0,45.0,1.0,0.0,20.0,0.0,0.3,0.8
1974,2,336.0,-26.0,26.4,26.4,26.4,26.4,1.0,0.0,20.0,1.0,0.3,0.2,25.5,25.5,25.5,25.5,1.0,0.0,20.0,1.0,0.3,0.2,15.42,15.42,15.42,15.42,1.0,0.0,20.0,1.0,0.3,0.2,76.2,76.2,76.2,76.2,1.0,0.0,20.0,1.0,0.2,3.1,3.1,3.1,3.1,1.0,0.0,20.0,1.0,0.3,0.2,2.91,2.91,2.91,2.91,1.0,0.0,20.0,1.0,0.3,0.2,1.06,1.06,1.06,1.06,1.0,0.0,20.0,1.0,0.3,0.2,1016.9,1016.9,1016.9,1016.9,1.0,0.0,20.0,1.0,0.3,0.2,6.0,6.0,6.0,6.0,1.0,0.0,20.0,1.0,0.3,0.2,9.0,9.0,9.0,9.0,1.0,0.0,20.0,1.0,0.3,0.2,3.3,3.3,3.3,3.3,1.0,0.0,20.0,1.0,0.3,0.2,0.9,0.9,0.9,0.9,1.0,0.0,20.0,1.0,0.3,0.2,2.8,2.8,2.8,2.8,1.0,0.0,20.0,1.0,0.3,0.2,6.01,6.01,6.01,6.01,1.0,0.0,20.0,1.0,0.3,0.2,18.6,18.6,18.6,18.6,1.0,0.0,20.0,1.0,0.3,0.2,74.3,74.3,74.3,74.3,1.0,0.0,20.0,1.0,0.3,0.2,27.0,27.0,27.0,27.0,1.0,0.0,20.0,1.0,0.3,0.2,44.9,44.9,44.9,44.9,1.0,0.0,20.0,1.0,0.3,0.2,16.3,16.3,16.3,16.3,1.0,0.0,20.0,1.0,0.3,0.2,17.5,17.5,17.5,17.5,1.0,0.0,20.0,1.0,0.3,0.2,6.4,6.4,6.4,6.4,1.0,0.0,20.0,1.0,0.3,0.2,30.0,30.0,30.0,30.0,1.0,0.0,20.0,1.0,0.3,0.2,30.0,30.0,30.0,30.0,1.0,0.0,20.0,1.0,0.3,0.2
1974,2,336.0,-21.0,,,,,,,,,,,,,,,,,,,,,,,,,,,,,,,,,,,,,,,,6.0,6.0,6.0,6.0,1.0,0.0,12.0,1.0,0.2,0.2,-5.2,-5.2,-5.2,-5.2,1.0,0.0,12.0,1.0,0.2,0.2,3.0,3.0,3.0,3.0,1.0,0.0,12.0,1.0,0.2,0.2,1014.6,1014.6,1014.6,1014.6,1.0,0.0,12.0,1.0,0.2,0.2,,,,,,,,,,,,,,,,,,,,,,,,,,,,,,,,,,,,,,,,,,,,,,,,,,,,,,,,,,,,,,,,,,,,,,,,,,,,,,,,,,,,,,,,,,,,,,,,,,,,,,,,,,,,,,,,,,,,,,,,,,,,,,,,,,,,,,,,,,,,,,,,,,,,,,
1974,2,336.0,-17.0,26.1,26.1,26.1,26.1,1.0,0.0,12.0,1.0,0.8,0.5,25.6,25.6,25.6,25.6,1.0,0.0,12.0,1.0,0.8,0.5,17.81,17.81,17.81,17.81,1.0,0.0,12.0,1.0,0.8,0.5,87.1,87.1,87.1,87.1,1.0,0.0,12.0,1.0,0.5,7.2,7.2,7.2,7.2,1.0,0.0,12.0,1.0,0.8,0.5,-7.09,-7.09,-7.09,-7.09,1.0,0.0,12.0,1.0,0.8,0.5,1.25,1.25,1.25,1.25,1.0,0.0,12.0,1.0,0.8,0.5,1014.6,1014.6,1014.6,1014.6,1.0,0.0,12.0,1.0,0.8,0.5,2.0,2.0,2.0,2.0,1.0,0.0,12.0,1.0,0.8,0.5,-51.1,-51.1,-51.1,-51.1,1.0,0.0,12.0,1.0,0.8,0.5,9.0,9.0,9.0,9.0,1.0,0.0,12.0,1.0,0.8,0.5,0.5,0.5,0.5,0.5,1.0,0.0,12.0,1.0,0.8,0.5,3.6,3.6,3.6,3.6,1.0,0.0,12.0,1.0,0.8,0.5,3.29,3.29,3.29,3.29,1.0,0.0,12.0,1.0,0.8,0.5,23.7,23.7,23.7,23.7,1.0,0.0,12.0,1.0,0.8,0.5,-181.5,-181.5,-181.5,-181.5,1.0,0.0,12.0,1.0,0.8,0.5,32.0,32.0,32.0,32.0,1.0,0.0,12.0,1.0,0.8,0.5,-126.3,-126.3,-126.3,-126.3,1.0,0.0,12.0,1.0,0.8,0.5,22.3,22.3,22.3,22.3,1.0,0.0,12.0,1.0,0.8,0.5,-23.3,-23.3,-23.3,-23.3,1.0,0.0,12.0,1.0,0.8,0.5,4.1,4.1,4.1,4.1,1.0,0.0,12.0,1.0,0.8,0.5,373.0,373.0,373.0,373.0,1.0,0.0,12.0,1.0,0.8,0.5,375.0,375.0,375.0,375.0,1.0,0.0,12.0,1.0,0.8,0.5
1974,2,336.0,-16.0,25.2,25.2,25.2,25.2,1.0,0.0,8.0,1.0,0.9,0.7,25.2,25.2,25.2,25.2,1.0,0.0,8.0,1.0,0.9,0.7,15.85,15.85,15.85,15.85,1.0,0.0,8.0,1.0,0.9,0.7,79.5,79.5,79.5,79.5,1.0,0.0,8.0,1.0,0.7,9.0,9.0,9.0,9.0,1.0,0.0,8.0,1.0,0.9,0.7,-8.86,-8.86,-8.86,-8.86,1.0,0.0,8.0,1.0,0.9,0.7,1.56,1.56,1.56,1.56,1.0,0.0,8.0,1.0,0.9,0.7,1013.9,1013.9,1013.9,1013.9,1.0,0.0,8.0,1.0,0.9,0.7,7.0,7.0,7.0,7.0,1.0,0.0,8.0,1.0,0.9,0.7,-79.8,-79.8,-79.8,-79.8,1.0,0.0,8.0,1.0,0.9,0.7,14.1,14.1,14.1,14.1,1.0,0.0,8.0,1.0,0.9,0.7,0.0,0.0,0.0,0.0,1.0,0.0,8.0,1.0,0.9,0.7,0.0,0.0,0.0,0.0,1.0,0.0,8.0,1.0,0.9,0.7,4.15,4.15,4.15,4.15,1.0,0.0,8.0,1.0,0.9,0.7,37.3,37.3,37.3,37.3,1.0,0.0,8.0,1.0,0.9,0.7,-223.4,-223.4,-223.4,-223.4,1.0,0.0,8.0,1.0,0.9,0.7,39.4,39.4,39.4,39.4,1.0,0.0,8.0,1.0,0.9,0.7,-140.5,-140.5,-140.5,-140.5,1.0,0.0,8.0,1.0,0.9,0.7,24.8,24.8,24.8,24.8,1.0,0.0,8.0,1.0,0.9,0.7,-36.7,-36.7,-36.7,-36.7,1.0,0.0,8.0,1.0,0.9,0.7,6.5,6.5,6.5,6.5,1.0,0.0,8.0,1.0,0.9,0.7,729.0,729.0,729.0,729.0,1.0,0.0,8.0,1.0,0.9,0.7,730.0,730.0,730.0,730.0,1.0,0.0,8.0,1.0,0.9,0.7
1974,2,336.0,-15.0,27.2,27.2,27.2,27.2,1.0,0.0,20.0,0.0,0.7,1.0,25.0,25.0,25.0,25.0,1.0,0.0,20.0,0.0,0.7,1.0,17.95,17.95,17.95,17.95,1.0,0.0,20.0,0.0,0.7,1.0,90.8,90.8,90.8,90.8,1.0,0.0,20.0,0.0,1.0,7.7,7.7,7.7,7.7,1.0,0.0,20.0,0.0,0.7,1.0,-7.58,-7.58,-7.58,-7.58,1.0,0.0,20.0,0.0,0.7,1.0,-1.34,-1.34,-1.34,-1.34,1.0,0.0,20.0,0.0,0.7,1.0,1012.5,1012.5,1012.5,1012.5,1.0,0.0,20.0,0.0,0.7,1.0,5.0,5.0,5.0,5.0,1.0,0.0,20.0,0.0,0.7,1.0,-58.4,-58.4,-58.4,-58.4,1.0,0.0,20.0,0.0,0.7,1.0,-10.3,-10.3,-10.3,-10.3,1.0,0.0,20.0,0.0,0.7,1.0,2.2,2.2,2.2,2.2,1.0,0.0,20.0,0.0,0.7,1.0,16.9,16.9,16.9,16.9,1.0,0.0,20.0,0.0,0.7,1.0,4.62,4.62,4.62,4.62,1.0,0.0,20.0,0.0,0.7,1.0,35.6,35.6,35.6,35.6,1.0,0.0,20.0,0.0,0.7,1.0,-189.6,-189.6,-189.6,-189.6,1.0,0.0,20.0,0.0,0.7,1.0,-33.4,-33.4,-33.4,-33.4,1.0,0.0,20.0,0.0,0.7,1.0,-136.1,-136.1,-136.1,-136.1,1.0,0.0,20.0,0.0,0.7,1.0,-24.0,-24.0,-24.0,-24.0,1.0,0.0,20.0,0.0,0.7,1.0,-35.1,-35.1,-35.1,-35.1,1.0,0.0,20.0,0.0,0.7,1.0,-6.2,-6.2,-6.2,-6.2,1.0,0.0,20.0,0.0,0.7,1.0,456.5,456.5,456.5,456.5,1.0,0.0,20.0,0.0,0.7,1.0,455.0,455.0,455.0,455.0,1.0,0.0,20.0,0.0,0.7,1.0
1974,2,336.0,-14.0,25.16,25.5,25.84,25.5,2.0,0.71,14.0,0.5,0.6,0.4,24.37,24.75,25.13,24.75,2.0,0.78,14.0,0.5,0.6,0.4,13.22,13.22,13.22,13.22,1.0,0.0,14.0,0.0,0.3,0.2,70.9,71.9,72.9,71.9,2.0,2.0,14.0,0.5,0.4,2.76,3.1,3.44,3.1,2.0,0.71,14.0,0.5,0.6,0.4,-3.25,-2.97,-2.69,-2.97,2.0,0.58,14.0,0.5,0.6,0.4,0.58,0.84,1.11,0.84,2.0,0.55,14.0,0.5,0.6,0.4,1014.5,1014.5,1014.5,1014.5,1.0,0.0,14.0,0.0,0.3,0.2,2.2,2.5,2.8,2.5,2.0,0.7,14.0,0.5,0.6,0.4,-11.3,-9.4,-7.5,-9.4,2.0,3.9,14.0,0.5,0.6,0.4,1.7,2.8,3.9,2.8,2.0,2.3,14.0,0.5,0.6,0.4,0.72,0.75,0.78,0.75,2.0,0.07,14.0,0.5,0.6,0.4,2.0,2.4,2.7,2.4,2.0,0.7,14.0,0.5,0.6,0.4,6.53,6.53,6.53,6.53,1.0,0.0,14.0,0.0,0.3,0.2,23.5,23.5,23.5,23.5,1.0,0.0,14.0,0.0,0.3,0.2,-79.2,-73.3,-67.5,-73.3,2.0,12.1,14.0,0.5,0.6,0.4,14.3,20.6,26.9,20.6,2.0,13.0,14.0,0.5,0.6,0.4,-44.7,-44.7,-44.7,-44.7,1.0,0.0,14.0,0.0,0.3,0.2,16.3,16.3,16.3,16.3,1.0,0.0,14.0,0.0,0.3,0.2,-22.1,-22.1,-22.1,-22.1,1.0,0.0,14.0,0.0,0.3,0.2,8.0,8.0,8.0,8.0,1.0,0.0,14.0,0.0,0.3,0.2,22.0,32.0,42.0,32.0,2.0,20.5,14.0,0.5,0.6,0.4,20.0,30.0,40.0,30.0,2.0,20.0,14.0,0.5,0.6,0.4
1974,2,336.0,-13.0,25.5,27.0,27.34,26.43,3.0,1.44,18.0,0.7,0.5,0.9,27.34,28.5,29.52,28.43,3.0,1.6,18.0,0.7,0.5,0.9,15.83,15.83,15.83,15.83,1.0,0.0,28.0,1.0,0.8,0.8,72.3,72.3,72.3,72.3,1.0,0.0,28.0,1.0,0.8,4.73,5.0,5.68,5.2,3.0,0.72,18.0,0.7,0.5,0.9,-5.11,-4.92,-4.7,-4.91,3.0,0.3,18.0,0.7,0.5,0.9,-2.32,-0.87,-0.28,-1.29,3.0,1.54,18.0,0.7,0.5,0.9,1013.1,1013.3,1014.8,1013.93,3.0,1.37,18.0,0.7,0.5,0.9,1.0,3.0,3.7,2.3,3.0,2.1,18.0,0.7,0.5,0.9,-29.1,-24.6,-22.3,-25.7,3.0,5.1,18.0,0.7,0.5,0.9,-13.7,-4.3,-1.4,-7.4,3.0,9.4,18.0,0.7,0.5,0.9,-2.68,-2.0,-1.32,-2.0,3.0,1.0,18.0,0.7,0.5,0.9,-13.2,-9.2,-7.0,-10.1,3.0,4.6,18.0,0.7,0.5,0.9,3.66,3.66,3.66,3.66,1.0,0.0,28.0,1.0,0.8,0.8,16.8,16.8,16.8,16.8,1.0,0.0,28.0,1.0,0.8,0.8,-148.0,-147.7,-131.0,-139.7,3.0,14.2,18.0,0.7,0.5,0.9,-66.6,-26.0,-8.3,-37.2,3.0,43.8,18.0,0.7,0.5,0.9,-72.8,-72.8,-72.8,-72.8,1.0,0.0,28.0,1.0,0.8,0.8,0.0,0.0,0.0,0.0,1.0,0.0,28.0,1.0,0.8,0.8,-16.8,-16.8,-16.8,-16.8,1.0,0.0,28.0,1.0,0.8,0.8,0.0,0.0,0.0,0.0,1.0,0.0,28.0,1.0,0.8,0.8,106.0,125.0,187.0,146.0,3.0,62.0,18.0,0.7,0.5,0.9,105.0,125.0,185.0,145.0,3.0,60.0,18.0,0.7,0.5,0.9
1974,2,336.0,-12.0,25.84,26.4,27.17,26.5,4.0,0.86,12.0,0.5,0.4,0.6,26.29,26.6,27.64,26.95,4.0,1.06,12.0,0.5,0.4,0.6,15.88,16.11,16.16,16.02,3.0,0.22,14.0,0.7,0.4,0.5,73.0,74.5,76.0,74.5,3.0,2.2,14.0,0.7,0.5,5.0,6.1,6.62,5.83,4.0,1.23,12.0,0.5,0.4,0.6,-5.99,-4.97,-4.01,-5.0,4.0,1.14,12.0,0.5,0.4,0.6,0.87,2.27,4.15,2.5,4.0,1.95,12.0,0.5,0.4,0.6,1010.14,1011.1,1012.48,1011.3,4.0,1.41,12.0,0.5,0.4,0.6,0.0,0.5,3.6,1.8,4.0,2.9,12.0,0.5,0.4,0.6,-39.1,-30.1,-20.4,-29.8,4.0,11.4,12.0,0.5,0.4,0.6,4.5,15.4,27.1,15.8,4.0,13.2,12.0,0.5,0.4,0.6,-1.0,-0.45,0.1,-0.45,4.0,0.65,12.0,0.5,0.4,0.6,-6.6,-3.1,0.4,-3.1,4.0,4.0,12.0,0.5,0.4,0.6,4.81,4.97,5.57,5.19,3.0,0.59,14.0,0.7,0.4,0.5,25.7,29.4,29.7,27.7,3.0,3.2,14.0,0.7,0.4,0.5,-163.9,-130.6,-106.7,-135.1,4.0,33.7,12.0,0.5,0.4,0.6,22.8,63.5,113.9,68.2,4.0,53.4,12.0,0.5,0.4,0.6,-85.9,-65.1,-63.5,-74.5,3.0,18.3,14.0,0.7,0.4,0.5,13.2,16.9,56.5,34.4,3.0,35.2,14.0,0.7,0.4,0.5,-27.6,-23.6,-20.4,-24.0,3.0,5.3,14.0,0.7,0.4,0.5,4.5,5.2,17.0,10.6,3.0,10.3,14.0,0.7,0.4,0.5,139.0,227.0,293.0,216.5,4.0,113.0,12.0,0.5,0.4,0.6,140.0,225.0,295.0,215.0,4.0,115.0,12.0,0.5,0.4,0.6
1974,2,336.0,-11.0,26.1,26.3,26.5,26.3,2.0,0.42,10.0,0.0,0.5,1.0,25.9,26.35,27.07,26.48,4.0,0.73,14.0,0.5,0.5,0.8,15.49,16.52,16.66,16.09,3.0,0.93,14.0,0.3,0.4,0.8,73.5,75.4,78.3,75.9,3.0,3.5,14.0,0.3,0.8,5.58,7.7,8.59,7.1,3.0,2.26,14.0,0.3,0.4,0.8,-7.13,-6.89,-4.59,-5.88,3.0,2.05,14.0,0.3,0.4,0.8,2.74,2.96,4.89,3.79,3.0,1.73,14.0,0.3,0.4,0.8,1009.9,1010.95,1013.05,1011.45,4.0,1.97,14.0,0.5,0.5,0.8,0.5,2.0,5.1,2.8,4.0,3.1,14.0,0.5,0.5,0.8,-60.0,-55.7,-28.7,-44.7,3.0,24.8,14.0,0.3,0.4,0.8,15.7,20.3,42.0,28.6,3.0,20.6,14.0,0.3,0.4,0.8,0.13,0.4,0.67,0.4,2.0,0.57,10.0,0.0,0.5,1.0,0.6,1.8,3.1,1.8,2.0,2.6,10.0,0.0,0.5,1.0,4.73,5.56,6.39,5.56,2.0,1.72,10.0,0.0,0.5,1.0,32.4,35.1,37.9,35.1,2.0,5.6,10.0,0.0,0.5,1.0,-188.8,-179.3,-119.0,-154.5,3.0,55.5,14.0,0.3,0.4,0.8,72.2,76.3,126.9,99.0,3.0,44.6,14.0,0.3,0.4,0.8,-118.2,-115.3,-72.7,-95.9,3.0,37.3,14.0,0.3,0.4,0.8,43.8,44.4,80.1,61.5,3.0,30.5,14.0,0.3,0.4,0.8,-29.0,-26.9,-24.8,-26.9,2.0,4.3,10.0,0.0,0.5,1.0,20.8,22.6,24.3,22.6,2.0,3.6,10.0,0.0,0.5,1.0,211.5,456.5,642.5,427.5,3.0,317.0,14.0,0.3,0.4,0.8,210.0,455.0,645.0,430.0,3.0,315.0,14.0,0.3,0.4,0.8
1974,2,336.0,-10.0,26.29,27.8,27.95,27.2,5.0,1.13,6.0,0.8,0.6,0.5,26.23,27.8,28.34,27.32,5.0,1.27,6.0,0.8,0.6,0.5,16.57,16.71,16.93,16.75,4.0,0.27,6.0,0.8,0.6,0.5,70.1,74.5,80.5,75.2,4.0,6.2,6.0,0.8,0.5,5.8,7.0,9.11,7.32,5.0,1.8,6.0,0.8,0.6,0.5,-9.02,-6.2,-5.05,-6.74,5.0,2.44,6.0,0.8,0.6,0.5,-0.57,0.0,3.65,1.17,5.0,2.4,6.0,0.8,0.6,0.5,1010.26,1011.4,1012.27,1011.28,5.0,1.28,6.0,0.8,0.6,0.5,2.0,3.0,4.7,3.4,5.0,1.7,6.0,0.8,0.6,0.5,-82.2,-42.4,-30.5,-52.8,5.0,29.5,6.0,0.8,0.6,0.5,-5.1,0.0,21.6,6.1,5.0,15.9,6.0,0.8,0.6,0.5,-0.68,-0.2,0.4,-0.12,5.0,0.78,6.0,0.8,0.6,0.5,-3.8,-1.8,3.7,0.0,5.0,6.0,6.0,0.8,0.6,0.5,4.53,5.94,6.53,5.55,4.0,1.39,6.0,0.8,0.6,0.5,26.7,35.1,50.6,38.5,4.0,15.3,6.0,0.8,0.6,0.5,-249.6,-175.5,-131.0,-184.1,5.0,67.7,6.0,0.8,0.6,0.5,-16.2,0.0,96.1,30.6,5.0,65.2,6.0,0.8,0.6,0.5,-132.8,-102.4,-76.5,-104.5,4.0,43.0,6.0,0.8,0.6,0.5,0.0,29.2,61.5,30.7,4.0,35.5,6.0,0.8,0.6,0.5,-50.6,-31.8,-19.9,-35.1,4.0,18.8,6.0,0.8,0.6,0.5,0.0,6.3,17.4,8.6,4.0,10.6,6.0,0.8,0.6,0.5,199.5,343.0,756.5,449.5,5.0,300.0,6.0,0.8,0.6,0.5,200.0,345.0,755.0,450.0,5.0,300.0,6.0,0.8,0.6,0.5
1974,2,336.0,-9.0,27.61,28.05,28.49,28.05,2.0,0.92,18.0,0.5,0.7,0.6,26.64,27.8,28.96,27.8,2.0,2.4,18.0,0.5,0.7,0.6,16.37,19.83,23.29,19.83,2.0,7.17,18.0,0.5,0.7,0.6,74.1,83.0,91.9,83.0,2.0,18.4,18.0,0.5,0.6,0.16,0.5,0.84,0.5,2.0,0.71,18.0,0.5,0.7,0.6,-0.64,-0.38,-0.12,-0.38,2.0,0.54,18.0,0.5,0.7,0.6,0.1,0.32,0.54,0.32,2.0,0.45,18.0,0.5,0.7,0.6,1009.64,1010.15,1010.66,1010.15,2.0,1.06,18.0,0.5,0.7,0.6,1.0,1.0,1.0,1.0,2.0,0.0,18.0,0.5,0.7,0.6,-0.6,-0.4,-0.1,-0.4,2.0,0.5,18.0,0.5,0.7,0.6,0.1,0.3,0.5,0.3,2.0,0.5,18.0,0.5,0.7,0.6,-0.47,0.25,0.97,0.25,2.0,1.48,18.0,0.5,0.7,0.6,-0.7,-0.4,-0.1,-0.4,2.0,0.6,18.0,0.5,0.7,0.6,1.17,3.99,6.81,3.99,2.0,5.85,18.0,0.5,0.7,0.6,-0.1,-0.1,0.0,-0.1,2.0,0.1,18.0,0.5,0.7,0.6,-19.0,-11.3,-3.6,-11.3,2.0,16.0,18.0,0.5,0.7,0.6,3.0,9.5,16.0,9.5,2.0,13.4,18.0,0.5,0.7,0.6,-16.0,-9.5,-3.0,-9.5,2.0,13.5,18.0,0.5,0.7,0.6,2.5,8.0,13.5,8.0,2.0,11.3,18.0,0.5,0.7,0.6,0.0,0.1,0.1,0.1,2.0,0.1,18.0,0.5,0.7,0.6,-0.1,0.0,0.0,0.0,2.0,0.1,18.0,0.5,0.7,0.6,0.0,0.5,1.0,0.5,2.0,0.5,18.0,0.5,0.7,0.6,0.0,0.0,0.0,0.0,2.0,0.0,18.0,0.5,0.7,0.6
1974,2,336.0,-8.0,26.16,26.3,26.44,26.3,2.0,0.28,4.0,0.5,0.5,0.6,25.91,26.15,26.39,26.15,2.0,0.49,4.0,0.5,0.5,0.6,17.55,18.19,18.83,18.19,2.0,1.33,4.0,0.5,0.5,0.6,81.6,85.8,90.0,85.8,2.0,8.7,4.0,0.5,0.6,5.46,7.3,9.14,7.3,2.0,3.82,4.0,0.5,0.5,0.6,-5.88,-4.69,-3.51,-4.69,2.0,2.45,4.0,0.5,0.5,0.6,4.18,5.59,7.0,5.59,2.0,2.93,4.0,0.5,0.5,0.6,1009.75,1009.85,1009.95,1009.85,2.0,0.21,4.0,0.5,0.5,0.6,3.5,4.5,5.5,4.5,2.0,2.1,4.0,0.5,0.5,0.6,-56.2,-38.9,-21.6,-38.9,2.0,35.8,4.0,0.5,0.5,0.6,25.8,46.4,67.0,46.4,2.0,42.7,4.0,0.5,0.5,0.6,-0.23,0.15,0.53,0.15,2.0,0.78,4.0,0.5,0.5,0.6,-2.9,-0.4,2.1,-0.4,2.0,5.1,4.0,0.5,0.5,0.6,2.8,3.27,3.73,3.27,2.0,0.97,4.0,0.5,0.5,0.6,16.3,25.7,35.1,25.7,2.0,19.6,4.0,0.5,0.5,0.6,-155.4,-123.3,-91.2,-123.3,2.0,66.5,4.0,0.5,0.5,0.6,108.7,147.0,185.2,147.0,2.0,79.3,4.0,0.5,0.5,0.6,-102.2,-83.7,-65.2,-83.7,2.0,38.4,4.0,0.5,0.5,0.6,77.7,99.8,121.9,99.8,2.0,45.8,4.0,0.5,0.5,0.6,-22.6,-16.5,-10.4,-16.5,2.0,12.6,4.0,0.5,0.5,0.6,12.5,19.7,26.9,19.7,2.0,15.0,4.0,0.5,0.5,0.6,240.5,548.5,856.5,548.5,2.0,638.5,4.0,0.5,0.5,0.6,240.0,550.0,855.0,550.0,2.0,640.0,4.0,0.5,0.5,0.6
1974,2,336.0,-7.0,29.0,29.0,29.0,29.0,1.0,0.0,26.0,0.0,0.1,0.6,28.0,28.0,28.0,28.0,1.0,0.0,26.0,0.0,0.1,0.6,17.15,17.15,17.15,17.15,1.0,0.0,26.0,0.0,0.1,0.6,72.5,72.5,72.5,72.5,1.0,0.0,26.0,0.0,0.6,9.3,9.3,9.3,9.3,1.0,0.0,26.0,0.0,0.1,0.6,-8.05,-8.05,-8.05,-8.05,1.0,0.0,26.0,0.0,0.1,0.6,4.65,4.65,4.65,4.65,1.0,0.0,26.0,0.0,0.1,0.6,1009.0,1009.0,1009.0,1009.0,1.0,0.0,26.0,0.0,0.1,0.6,2.0,2.0,2.0,2.0,1.0,0.0,26.0,0.0,0.1,0.6,-74.9,-74.9,-74.9,-74.9,1.0,0.0,26.0,0.0,0.1,0.6,43.2,43.2,43.2,43.2,1.0,0.0,26.0,0.0,0.1,0.6,1.0,1.0,1.0,1.0,1.0,0.0,26.0,0.0,0.1,0.6,9.3,9.3,9.3,9.3,1.0,0.0,26.0,0.0,0.1,0.6,8.05,8.05,8.05,8.05,1.0,0.0,26.0,0.0,0.1,0.6,74.9,74.9,74.9,74.9,1.0,0.0,26.0,0.0,0.1,0.6,-225.5,-225.5,-225.5,-225.5,1.0,0.0,26.0,0.0,0.1,0.6,130.2,130.2,130.2,130.2,1.0,0.0,26.0,0.0,0.1,0.6,-138.2,-138.2,-138.2,-138.2,1.0,0.0,26.0,0.0,0.1,0.6,79.8,79.8,79.8,79.8,1.0,0.0,26.0,0.0,0.1,0.6,-64.8,-64.8,-64.8,-64.8,1.0,0.0,26.0,0.0,0.1,0.6,37.4,37.4,37.4,37.4,1.0,0.0,26.0,0.0,0.1,0.6,804.5,804.5,804.5,804.5,1.0,0.0,26.0,0.0,0.1,0.6,805.0,805.0,805.0,805.0,1.0,0.0,26.0,0.0,0.1,0.6
1974,2,336.0,-5.0,26.19,27.9,27.97,27.1,3.0,1.47,12.0,0.3,0.6,0.6,25.88,26.9,27.24,26.57,3.0,1.04,12.0,0.3,0.6,0.6,16.88,17.28,17.69,17.28,2.0,0.84,12.0,0.0,0.6,0.8,81.0,81.6,82.2,81.6,2.0,1.3,12.0,0.0,0.8,2.14,4.6,6.24,4.2,3.0,3.02,12.0,0.3,0.6,0.6,-5.08,-2.96,-1.58,-3.32,3.0,2.58,12.0,0.3,0.6,0.6,0.88,3.5,3.52,2.23,3.0,2.23,12.0,0.3,0.6,0.6,1010.9,1011.1,1011.65,1011.27,3.0,0.57,12.0,0.3,0.6,0.6,2.6,6.0,7.4,5.0,3.0,3.6,12.0,0.3,0.6,0.6,-33.3,-13.6,-5.0,-19.0,3.0,21.3,12.0,0.3,0.6,0.6,4.9,16.2,21.9,13.5,3.0,12.6,12.0,0.3,0.6,0.6,0.19,0.6,0.87,0.53,3.0,0.5,12.0,0.3,0.6,0.6,0.2,0.6,3.3,1.7,3.0,2.5,12.0,0.3,0.6,0.6,3.93,4.65,5.37,4.65,2.0,1.49,12.0,0.0,0.6,0.8,25.3,25.7,26.1,25.7,2.0,0.8,12.0,0.0,0.6,0.8,-130.4,-79.5,-42.8,-86.4,3.0,64.4,12.0,0.3,0.6,0.6,21.8,88.9,92.9,58.1,3.0,58.5,12.0,0.3,0.6,0.6,-93.5,-77.0,-60.5,-77.0,2.0,34.2,12.0,0.0,0.6,0.8,59.1,60.7,62.3,60.7,2.0,3.2,12.0,0.0,0.6,0.8,-21.0,-19.3,-17.6,-19.3,2.0,3.5,12.0,0.0,0.6,0.8,13.8,16.3,18.9,16.3,2.0,5.3,12.0,0.0,0.6,0.8,31.5,97.5,265.0,147.0,3.0,176.5,12.0,0.3,0.6,0.6,30.0,95.0,265.0,145.0,3.0,175.0,12.0,0.3,0.6,0.6
1974,2,336.0,-4.0,27.0,27.0,27.0,27.0,1.0,0.0,22.0,0.0,0.1,1.0,27.5,27.5,27.5,27.5,1.0,0.0,22.0,0.0,0.1,1.0,18.84,18.84,18.84,18.84,1.0,0.0,22.0,0.0,0.1,1.0,82.2,82.2,82.2,82.2,1.0,0.0,22.0,0.0,1.0,,,,,,,,,,,,,,,,,,,,,,,,,,,,,,,,,,,,,,,,,,,,,,,,,,,,,,,,,,,,,,,,,,,,,,,,,,,,,,,,,,,,,,,,,,,,,,,,,,,,,,,,,,,,,,,,,,,,,,,,,,,,,,,,,,,,,,,,,,,,,,,,,,,,,,,,,,,,,,,,,,,,,,,,,,,,,,,,,,,,,,,,,,,,,,
1974,2,336.0,-3.0,,,,,,,,,,,,,,,,,,,,,,,,,,,,,,,,,,,,,,,,4.6,4.6,4.6,4.6,1.0,0.0,14.0,0.0,0.6,0.5,-2.3,-2.3,-2.3,-2.3,1.0,0.0,14.0,0.0,0.6,0.5,3.98,3.98,3.98,3.98,1.0,0.0,14.0,0.0,0.6,0.5,1013.4,1013.4,1013.4,1013.4,1.0,0.0,14.0,0.0,0.6,0.5,0.0,0.0,0.0,0.0,1.0,0.0,14.0,0.0,0.6,0.5,-10.6,-10.6,-10.6,-10.6,1.0,0.0,14.0,0.0,0.6,0.5,18.3,18.3,18.3,18.3,1.0,0.0,14.0,0.0,0.6,0.5,,,,,,,,,,,,,,,,,,,,,,,,,,,,,,,,,,,,,,,,,-59.3,-59.3,-59.3,-59.3,1.0,0.0,14.0,0.0,0.6,0.5,102.8,102.8,102.8,102.8,1.0,0.0,14.0,0.0,0.6,0.5,-41.0,-41.0,-41.0,-41.0,1.0,0.0,14.0,0.0,0.6,0.5,71.0,71.0,71.0,71.0,1.0,0.0,14.0,0.0,0.6,0.5,,,,,,,,,,,,,,,,,,,,,,,,,,,,,,,,,,,,,,,,
1974,2,336.0,-2.0,28.8,28.8,28.8,28.8,1.0,0.0,20.0,1.0,0.8,0.9,29.4,29.4,29.4,29.4,1.0,0.0,20.0,1.0,0.8,0.9,19.14,19.14,19.14,19.14,1.0,0.0,20.0,1.0,0.8,0.9,74.5,74.5,74.5,74.5,1.0,0.0,20.0,1.0,0.9,1.0,1.0,1.0,1.0,1.0,0.0,20.0,1.0,0.8,0.9,0.0,0.0,0.0,0.0,1.0,0.0,20.0,1.0,0.8,0.9,-1.0,-1.0,-1.0,-1.0,1.0,0.0,20.0,1.0,0.8,0.9,1009.1,1009.1,1009.1,1009.1,1.0,0.0,20.0,1.0,0.8,0.9,,,,,,,,,,,,,,,,,,,,,,,,,,,,,,,-0.6,-0.6,-0.6,-0.6,1.0,0.0,20.0,1.0,0.8,0.9,-0.6,-0.6,-0.6,-0.6,1.0,0.0,20.0,1.0,0.8,0.9,5.76,5.76,5.76,5.76,1.0,0.0,20.0,1.0,0.8,0.9,5.8,5.8,5.8,5.8,1.0,0.0,20.0,1.0,0.8,0.9,0.0,0.0,0.0,0.0,1.0,0.0,20.0,1.0,0.8,0.9,-29.4,-29.4,-29.4,-29.4,1.0,0.0,20.0,1.0,0.8,0.9,0.0,0.0,0.0,0.0,1.0,0.0,20.0,1.0,0.8,0.9,-19.1,-19.1,-19.1,-19.1,1.0,0.0,20.0,1.0,0.8,0.9,0.0,0.0,0.0,0.0,1.0,0.0,20.0,1.0,0.8,0.9,-5.8,-5.8,-5.8,-5.8,1.0,0.0,20.0,1.0,0.8,0.9,1.0,1.0,1.0,1.0,1.0,0.0,20.0,1.0,0.8,0.9,0.0,0.0,0.0,0.0,1.0,0.0,20.0,1.0,0.8,0.9
1974,2,336.0,-1.0,25.7,25.7,27.47,26.57,3.0,1.5,4.0,0.7,0.6,0.9,27.43,27.7,29.95,28.67,3.0,2.03,4.0,0.7,0.6,0.9,17.02,17.4,17.81,17.41,3.0,0.58,4.0,0.7,0.6,0.9,65.1,72.4,77.1,71.1,3.0,8.9,4.0,0.7,0.9,2.6,2.6,4.31,3.43,3.0,1.44,4.0,0.7,0.6,0.9,-4.29,-2.56,-1.7,-2.99,3.0,1.94,4.0,0.7,0.6,0.9,-1.68,-0.45,-0.14,-0.9,3.0,1.19,4.0,0.7,0.6,0.9,1007.67,1009.1,1009.58,1008.63,3.0,1.46,4.0,0.7,0.6,0.9,4.3,5.0,6.4,5.3,3.0,1.5,4.0,0.7,0.6,0.9,-19.9,-6.7,-4.4,-12.0,3.0,12.2,4.0,0.7,0.6,0.9,-4.4,-1.2,-0.4,-2.3,3.0,3.1,4.0,0.7,0.6,0.9,-4.25,-2.0,0.05,-2.1,3.0,3.15,4.0,0.7,0.6,0.9,-12.6,-10.2,-1.5,-7.1,3.0,8.6,4.0,0.7,0.6,0.9,3.52,3.87,5.44,4.46,3.0,1.5,4.0,0.7,0.6,0.9,11.0,16.0,18.6,14.8,3.0,5.6,4.0,0.7,0.6,0.9,-118.6,-69.9,-49.7,-83.8,3.0,51.9,4.0,0.7,0.6,0.9,-51.6,-12.3,-3.9,-27.4,3.0,37.3,4.0,0.7,0.6,0.9,-73.3,-46.1,-30.1,-51.5,3.0,32.0,4.0,0.7,0.6,0.9,-29.3,-8.1,-2.6,-15.8,3.0,20.7,4.0,0.7,0.6,0.9,-18.5,-15.8,-8.0,-13.3,3.0,8.0,4.0,0.7,0.6,0.9,-6.0,-2.8,-0.9,-3.4,3.0,3.8,4.0,0.7,0.6,0.9,17.5,17.5,96.0,56.0,3.0,66.5,4.0,0.7,0.6,0.9,20.0,20.0,95.0,55.0,3.0,65.0,4.0,0.7,0.6,0.9
1974,2,336.0,0.0,25.7,25.7,25.7,25.7,1.0,0.0,6.0,1.0,0.1,0.0,27.7,27.7,27.7,27.7,1.0,0.0,6.0,1.0,0.1,0.0,16.84,16.84,16.84,16.84,1.0,0.0,6.0,1.0,0.1,0.0,72.4,72.4,72.4,72.4,1.0,0.0,6.0,1.0,0.0,5.1,5.1,5.1,5.1,1.0,0.0,6.0,1.0,0.1,0.0,-5.1,-5.1,-5.1,-5.1,1.0,0.0,6.0,1.0,0.1,0.0,0.0,0.0,0.0,0.0,1.0,0.0,6.0,1.0,0.1,0.0,1009.1,1009.1,1009.1,1009.1,1.0,0.0,6.0,1.0,0.1,0.0,5.0,5.0,5.0,5.0,1.0,0.0,6.0,1.0,0.1,0.0,-26.0,-26.0,-26.0,-26.0,1.0,0.0,6.0,1.0,0.1,0.0,0.0,0.0,0.0,0.0,1.0,0.0,6.0,1.0,0.1,0.0,-2.0,-2.0,-2.0,-2.0,1.0,0.0,6.0,1.0,0.1,0.0,-10.2,-10.2,-10.2,-10.2,1.0,0.0,6.0,1.0,0.1,0.0,3.87,3.87,3.87,3.87,1.0,0.0,6.0,1.0,0.1,0.0,19.7,19.7,19.7,19.7,1.0,0.0,6.0,1.0,0.1,0.0,-141.3,-141.3,-141.3,-141.3,1.0,0.0,6.0,1.0,0.1,0.0,0.0,0.0,0.0,0.0,1.0,0.0,6.0,1.0,0.1,0.0,-85.9,-85.9,-85.9,-85.9,1.0,0.0,6.0,1.0,0.1,0.0,0.0,0.0,0.0,0.0,1.0,0.0,6.0,1.0,0.1,0.0,-19.7,-19.7,-19.7,-19.7,1.0,0.0,6.0,1.0,0.1,0.0,0.0,0.0,0.0,0.0,1.0,0.0,6.0,1.0,0.1,0.0,132.5,132.5,132.5,132.5,1.0,0.0,6.0,1.0,0.1,0.0,135.0,135.0,135.0,135.0,1.0,0.0,6.0,1.0,0.1,0.0
1974,2,336.0,1.0,27.16,27.5,27.84,27.5,2.0,0.71,18.0,0.0,0.7,0.7,26.32,27.0,27.55,26.93,3.0,0.9,20.0,0.3,0.8,0.5,17.43,18.43,19.96,18.69,3.0,1.86,20.0,0.3,0.8,0.5,80.0,87.8,88.1,84.2,3.0,6.7,20.0,0.3,0.5,1.33,3.1,5.22,3.27,3.0,2.85,20.0,0.3,0.8,0.5,-0.89,-0.5,1.67,0.37,3.0,2.03,20.0,0.3,0.8,0.5,-4.66,-1.55,-0.49,-2.55,3.0,3.17,20.0,0.3,0.8,0.5,1007.77,1013.5,1015.89,1011.87,3.0,6.12,20.0,0.3,0.8,0.5,2.0,2.0,3.4,2.7,3.0,1.2,20.0,0.3,0.8,0.5,-4.6,-0.2,5.6,0.5,3.0,7.5,20.0,0.3,0.8,0.5,-27.4,-4.8,-1.5,-14.2,3.0,20.6,20.0,0.3,0.8,0.5,1.0,1.0,1.0,1.0,2.0,0.0,18.0,0.0,0.7,0.7,1.4,3.4,5.3,3.4,2.0,4.0,18.0,0.0,0.7,0.7,4.24,5.23,6.22,5.23,2.0,2.05,18.0,0.0,0.7,0.7,6.5,13.4,20.3,13.4,2.0,14.2,18.0,0.0,0.7,0.7,-23.4,-13.5,46.7,11.0,3.0,55.5,20.0,0.3,0.8,0.5,-122.0,-43.1,-13.7,-67.3,3.0,82.1,20.0,0.3,0.8,0.5,-16.2,-8.5,35.2,9.1,3.0,40.6,20.0,0.3,0.8,0.5,-87.0,-32.0,-10.2,-48.2,3.0,58.0,20.0,0.3,0.8,0.5,-4.0,-3.7,-3.5,-3.7,2.0,0.5,18.0,0.0,0.7,0.7,-19.4,-11.5,-3.7,-11.5,2.0,16.3,18.0,0.0,0.7,0.7,9.5,30.0,172.0,89.5,3.0,130.0,20.0,0.3,0.8,0.5,10.0,30.0,170.0,90.0,3.0,130.0,20.0,0.3,0.8,0.5
1974,2,336.0,2.0,30.0,30.0,30.0,30.0,1.0,0.0,26.0,0.0,0.1,0.3,26.2,26.2,26.2,26.2,1.0,0.0,26.0,0.0,0.1,0.3,18.6,18.6,18.6,18.6,1.0,0.0,26.0,0.0,0.1,0.3,87.2,87.2,87.2,87.2,1.0,0.0,26.0,0.0,0.3,,,,,,,,,,,,,,,,,,,,,,,,,,,,,,,,,,,,,,,,,,,,,,,,,,,,,,,,,,,,,,,,,,,,,,,,,,,,,,,,,,,,,,,,,,,,,,,,,,,,,,,,,,,,,,,,,,,,,,,,,,,,,,,,,,,,,,,,,,,,,,,,,,,,,,,,,,,,,,,,,,,,,,,,,,,,,,,,,,,,,,,,,,,,,,
1974,2,336.0,3.0,26.84,27.2,27.87,27.35,4.0,0.7,14.0,0.5,0.5,0.4,24.92,25.65,25.9,25.43,4.0,0.71,14.0,0.5,0.5,0.4,15.71,16.24,16.77,16.24,4.0,0.66,14.0,0.5,0.5,0.4,76.6,81.3,83.2,80.0,4.0,4.4,14.0,0.5,0.4,4.08,5.1,6.19,5.13,3.0,1.55,12.0,0.3,0.4,0.5,-5.12,-5.1,-3.5,-4.33,3.0,1.36,12.0,0.3,0.4,0.5,-3.67,-2.31,-0.73,-2.21,3.0,2.16,12.0,0.3,0.4,0.5,1006.42,1008.55,1011.15,1008.78,4.0,2.88,14.0,0.5,0.5,0.4,1.3,4.0,6.7,4.0,2.0,5.7,14.0,0.5,0.5,0.1,-31.7,-26.0,-15.0,-23.4,3.0,12.4,12.0,0.3,0.4,0.5,-22.3,-8.3,-2.6,-12.4,3.0,14.9,12.0,0.3,0.4,0.5,1.29,1.95,2.56,1.93,4.0,0.79,14.0,0.5,0.5,0.4,7.2,8.3,12.4,9.8,3.0,4.0,12.0,0.3,0.4,0.5,6.22,6.61,7.05,6.64,4.0,0.52,14.0,0.5,0.5,0.4,26.7,37.0,43.0,34.9,3.0,12.1,12.0,0.3,0.4,0.5,-132.4,-130.0,-87.2,-110.3,3.0,37.3,12.0,0.3,0.4,0.5,-94.4,-56.5,-17.9,-56.1,3.0,56.0,12.0,0.3,0.4,0.5,-84.4,-79.5,-55.3,-70.1,3.0,22.8,12.0,0.3,0.4,0.5,-57.3,-36.9,-11.7,-34.5,3.0,33.4,12.0,0.3,0.4,0.5,-36.4,-35.0,-22.5,-29.6,3.0,11.2,12.0,0.3,0.4,0.5,-24.5,-14.0,-4.5,-14.5,3.0,14.7,12.0,0.3,0.4,0.5,74.0,132.5,247.5,160.0,3.0,129.0,12.0,0.3,0.4,0.5,75.0,135.0,245.0,160.0,3.0,130.0,12.0,0.3,0.4,0.5
1974,2,336.0,4.0,,,,,,,,,,,,,,,,,,,,,,,,,,,,,,,,,,,,,,,,4.0,4.0,4.0,4.0,1.0,0.0,26.0,0.0,0.2,0.0,3.06,3.06,3.06,3.06,1.0,0.0,26.0,0.0,0.2,0.0,-2.57,-2.57,-2.57,-2.57,1.0,0.0,26.0,0.0,0.2,0.0,1011.5,1011.5,1011.5,1011.5,1.0,0.0,26.0,0.0,0.2,0.0,,,,,,,,,,,,,,,,,,,,,,,,,,,,,,,,,,,,,,,,,,,,,,,,,,,,,,,,,,,,,,,,,,,,,,,,,,,,,,,,,,,,,,,,,,,,,,,,,,,,,,,,,,,,,,,,,,,,,,,,,,,,,,,,,,,,,,,,,,,,,,,,,,,,,,
1974,2,336.0,5.0,,,,,,,,,,,,,,,,,,,,,,,,,,,,,,,,,,,,,,,,4.0,4.0,4.0,4.0,1.0,0.0,26.0,0.0,0.8,0.0,-0.69,-0.69,-0.69,-0.69,1.0,0.0,26.0,0.0,0.8,0.0,-3.94,-3.94,-3.94,-3.94,1.0,0.0,26.0,0.0,0.8,0.0,1010.1,1010.1,1010.1,1010.1,1.0,0.0,26.0,0.0,0.8,0.0,,,,,,,,,,,,,,,,,,,,,,,,,,,,,,,,,,,,,,,,,,,,,,,,,,,,,,,,,,,,,,,,,,,,,,,,,,,,,,,,,,,,,,,,,,,,,,,,,,,,,,,,,,,,,,,,,,,,,,,,,,,,,,,,,,,,,,,,,,,,,,,,,,,,,,
1974,2,336.0,6.0,26.84,28.0,29.37,28.1,3.0,1.85,14.0,0.7,0.8,0.6,25.18,26.0,27.09,26.13,3.0,1.4,14.0,0.7,0.8,0.6,14.53,14.64,14.75,14.64,2.0,0.22,18.0,1.0,0.8,0.5,71.0,72.3,73.6,72.3,2.0,2.7,18.0,1.0,0.5,4.33,7.2,8.97,6.67,3.0,3.43,14.0,0.7,0.8,0.6,-3.07,-2.46,1.27,-0.94,3.0,3.44,14.0,0.7,0.8,0.6,-8.43,-6.77,-2.15,-5.32,3.0,4.77,14.0,0.7,0.8,0.6,1008.92,1010.9,1014.38,1011.63,3.0,4.05,14.0,0.7,0.8,0.6,3.0,3.0,3.0,3.0,2.0,0.0,18.0,1.0,0.8,0.5,-28.0,-17.7,0.5,-13.9,3.0,21.2,14.0,0.7,0.8,0.6,-77.1,-48.7,-15.5,-46.3,3.0,45.2,14.0,0.7,0.8,0.6,1.66,2.0,2.27,1.97,3.0,0.45,14.0,0.7,0.8,0.6,8.3,10.8,16.8,12.5,3.0,6.4,14.0,0.7,0.8,0.6,7.27,7.96,8.66,7.96,2.0,1.44,18.0,1.0,0.8,0.5,56.0,69.0,82.0,69.0,2.0,26.9,18.0,1.0,0.8,0.5,-78.9,-61.1,37.1,-21.8,3.0,91.5,14.0,0.7,0.8,0.6,-216.7,-167.8,-53.3,-135.7,3.0,122.9,14.0,0.7,0.8,0.6,-47.4,-42.6,-37.9,-42.6,2.0,9.9,18.0,1.0,0.8,0.5,-130.2,-117.1,-104.1,-117.1,2.0,27.1,18.0,1.0,0.8,0.5,-28.0,-23.6,-19.2,-23.6,2.0,9.2,18.0,1.0,0.8,0.5,-77.0,-64.9,-52.7,-64.9,2.0,25.3,18.0,1.0,0.8,0.5,137.0,373.0,761.0,447.0,3.0,461.5,14.0,0.7,0.8,0.6,135.0,375.0,760.0,445.0,3.0,460.0,14.0,0.7,0.8,0.6
1974,2,336.0,7.0,25.48,26.25,26.55,26.03,4.0,0.73,14.0,0.8,0.5,0.4,24.21,25.0,26.07,25.08,5.0,1.04,10.0,0.6,0.5,0.4,15.58,17.43,17.56,16.61,4.0,1.73,10.0,0.5,0.4,0.5,78.1,85.3,91.7,84.9,4.0,9.4,10.0,0.5,0.5,5.8,6.2,10.29,7.66,5.0,2.56,10.0,0.6,0.5,0.4,-4.84,-3.91,-1.35,-3.16,5.0,2.09,10.0,0.6,0.5,0.4,-9.44,-5.83,-3.73,-6.51,5.0,3.17,10.0,0.6,0.5,0.4,1008.83,1010.0,1010.83,1009.8,5.0,1.9,10.0,0.6,0.5,0.4,0.0,2.0,6.7,3.2,5.0,3.6,10.0,0.6,0.5,0.4,-37.0,-19.9,-8.3,-22.5,5.0,18.7,10.0,0.6,0.5,0.4,-97.6,-36.1,-21.8,-56.2,5.0,43.4,10.0,0.6,0.5,0.4,-0.1,0.25,1.76,0.8,4.0,1.43,14.0,0.8,0.5,0.4,-1.0,2.7,12.0,5.3,4.0,9.0,14.0,0.8,0.5,0.4,3.09,4.14,4.23,3.67,3.0,0.93,12.0,0.7,0.3,0.5,19.4,26.5,39.0,29.1,3.0,14.5,12.0,0.7,0.3,0.5,-123.2,-95.7,-31.9,-79.1,5.0,53.9,10.0,0.6,0.5,0.4,-246.6,-138.1,-92.6,-165.1,5.0,85.7,10.0,0.6,0.5,0.4,-69.1,-46.0,-17.7,-43.5,4.0,34.4,10.0,0.5,0.4,0.5,-148.1,-85.6,-56.9,-101.7,4.0,63.0,10.0,0.5,0.4,0.5,-11.3,-9.1,-2.9,-7.1,3.0,6.4,12.0,0.7,0.3,0.5,-38.5,-24.9,-15.0,-26.7,3.0,17.3,12.0,0.7,0.3,0.5,199.5,238.5,1095.0,574.0,5.0,517.5,10.0,0.6,0.5,0.4,200.0,240.0,1095.0,575.0,5.0,520.0,10.0,0.6,0.5,0.4
1974,2,336.0,9.0,24.17,24.75,25.33,24.75,2.0,1.2,8.0,1.0,0.5,0.5,25.1,25.3,25.5,25.3,2.0,0.42,8.0,1.0,0.5,0.5,14.12,14.29,14.46,14.29,2.0,0.35,8.0,1.0,0.5,0.5,69.3,71.0,72.6,71.0,2.0,3.4,8.0,1.0,0.5,5.67,6.9,8.13,6.9,2.0,2.55,8.0,1.0,0.5,0.5,-4.98,-3.67,-2.35,-3.67,2.0,2.72,8.0,1.0,0.5,0.5,-6.37,-5.73,-5.09,-5.73,2.0,1.32,8.0,1.0,0.5,0.5,1007.56,1008.75,1009.94,1008.75,2.0,2.47,8.0,1.0,0.5,0.5,0.3,1.0,1.7,1.0,2.0,1.4,8.0,1.0,0.5,0.5,-42.3,-28.8,-15.2,-28.8,2.0,28.1,8.0,1.0,0.5,0.5,-52.7,-41.2,-29.8,-41.2,2.0,23.7,8.0,1.0,0.5,0.5,-0.93,-0.55,-0.17,-0.55,2.0,0.78,8.0,1.0,0.5,0.5,-8.1,-4.8,-1.5,-4.8,2.0,6.8,8.0,1.0,0.5,0.5,4.46,5.29,6.13,5.29,2.0,1.73,8.0,1.0,0.5,0.5,33.6,34.3,35.1,34.3,2.0,1.6,8.0,1.0,0.5,0.5,-124.7,-92.2,-59.8,-92.2,2.0,67.3,8.0,1.0,0.5,0.5,-159.6,-144.7,-129.7,-144.7,2.0,31.1,8.0,1.0,0.5,0.5,-72.3,-52.9,-33.5,-52.9,2.0,40.2,8.0,1.0,0.5,0.5,-92.2,-82.1,-72.0,-82.1,2.0,20.9,8.0,1.0,0.5,0.5,-21.0,-17.1,-13.2,-17.1,2.0,8.1,8.0,1.0,0.5,0.5,-30.6,-29.2,-27.8,-29.2,2.0,2.9,8.0,1.0,0.5,0.5,216.0,395.5,575.0,395.5,2.0,372.0,8.0,1.0,0.5,0.5,215.0,395.0,575.0,395.0,2.0,370.0,8.0,1.0,0.5,0.5
1974,2,336.0,10.0,23.29,25.0,25.68,24.5,3.0,1.8,16.0,1.0,0.2,0.6,25.0,25.0,25.0,25.0,3.0,0.0,20.0,0.7,0.3,0.5,13.97,13.97,13.97,13.97,1.0,0.0,6.0,1.0,0.1,0.7,70.6,70.6,70.6,70.6,1.0,0.0,6.0,1.0,0.7,5.81,7.85,10.1,7.95,4.0,3.23,20.0,0.8,0.3,0.5,-4.45,-2.68,-1.99,-3.19,4.0,1.97,20.0,0.8,0.3,0.5,-9.02,-7.38,-5.46,-7.25,4.0,2.68,20.0,0.8,0.3,0.5,1010.9,1014.0,1015.0,1013.0,4.0,2.83,20.0,0.8,0.3,0.5,1.0,4.5,7.0,4.0,4.0,3.6,20.0,0.8,0.3,0.5,-48.1,-21.1,-12.7,-30.0,4.0,28.9,20.0,0.8,0.3,0.5,-94.0,-57.9,-34.8,-64.1,4.0,45.1,20.0,0.8,0.3,0.5,-1.94,-0.75,0.44,-0.75,2.0,2.47,18.0,1.0,0.3,0.5,-15.6,-6.1,3.3,-6.1,2.0,19.6,18.0,1.0,0.3,0.5,7.11,7.11,7.11,7.11,1.0,0.0,6.0,1.0,0.1,0.7,54.8,54.8,54.8,54.8,1.0,0.0,6.0,1.0,0.1,0.7,-67.6,-65.8,-44.8,-56.4,3.0,18.6,20.0,0.7,0.3,0.5,-185.7,-180.9,-123.2,-155.0,3.0,51.0,20.0,0.7,0.3,0.5,-36.8,-36.8,-36.8,-36.8,1.0,0.0,6.0,1.0,0.1,0.7,-101.1,-101.1,-101.1,-101.1,1.0,0.0,6.0,1.0,0.1,0.7,-18.7,-18.7,-18.7,-18.7,1.0,0.0,6.0,1.0,0.1,0.7,-51.5,-51.5,-51.5,-51.5,1.0,0.0,6.0,1.0,0.1,0.7,253.5,484.5,1149.0,691.5,4.0,718.5,20.0,0.8,0.3,0.5,255.0,485.0,1150.0,690.0,4.0,720.0,20.0,0.8,0.3,0.5
1974,2,336.0,11.0,22.06,22.4,23.37,22.7,5.0,0.82,18.0,0.6,0.4,0.5,22.2,22.35,22.61,22.4,4.0,0.29,22.0,0.5,0.4,0.4,15.55,15.55,15.55,15.55,1.0,0.0,14.0,0.0,0.2,0.2,92.9,92.9,92.9,92.9,1.0,0.0,14.0,0.0,0.2,7.52,8.2,10.1,8.82,5.0,1.9,18.0,0.6,0.4,0.5,-5.96,-2.63,-1.56,-3.68,5.0,3.42,18.0,0.6,0.4,0.5,-8.18,-7.24,-6.98,-7.56,5.0,0.87,18.0,0.6,0.4,0.5,1012.73,1015.0,1016.1,1014.42,5.0,2.75,18.0,0.6,0.4,0.5,0.0,0.0,1.4,0.6,5.0,0.9,18.0,0.6,0.4,0.5,-61.6,-20.3,-11.3,-36.4,5.0,43.0,18.0,0.6,0.4,0.5,-85.2,-58.2,-53.2,-67.2,5.0,18.6,18.0,0.6,0.4,0.5,-0.42,0.0,0.37,-0.02,4.0,0.61,22.0,0.5,0.4,0.4,-3.8,0.0,3.0,-0.4,4.0,5.3,22.0,0.5,0.4,0.4,1.93,1.93,1.93,1.93,1.0,0.0,14.0,0.0,0.2,0.2,15.9,15.9,15.9,15.9,1.0,0.0,14.0,0.0,0.2,0.2,-150.0,-73.3,-26.3,-87.4,4.0,85.8,22.0,0.5,0.4,0.4,-188.7,-164.4,-154.8,-171.4,4.0,23.9,22.0,0.5,0.4,0.4,-63.8,-63.8,-63.8,-63.8,1.0,0.0,14.0,0.0,0.2,0.2,-110.5,-110.5,-110.5,-110.5,1.0,0.0,14.0,0.0,0.2,0.2,-7.9,-7.9,-7.9,-7.9,1.0,0.0,14.0,0.0,0.2,0.2,-13.7,-13.7,-13.7,-13.7,1.0,0.0,14.0,0.0,0.2,0.2,426.0,551.5,1094.0,767.5,5.0,553.0,18.0,0.6,0.4,0.5,425.0,550.0,1095.0,770.0,5.0,555.0,18.0,0.6,0.4,0.5
1974,2,336.0,12.0,21.31,22.0,24.39,22.84,14.0,1.87,18.0,0.6,0.5,0.3,20.9,21.8,24.04,22.22,13.0,1.63,18.0,0.6,0.5,0.3,12.04,13.08,14.29,13.34,9.0,1.73,18.0,0.7,0.5,0.3,72.9,81.0,84.1,79.7,9.0,7.9,18.0,0.7,0.3,4.63,7.45,10.22,7.42,14.0,3.55,18.0,0.6,0.5,0.3,-4.95,-4.2,-0.87,-3.44,14.0,2.53,18.0,0.6,0.5,0.3,-7.75,-6.24,-4.55,-6.29,14.0,3.18,18.0,0.6,0.5,0.3,1012.53,1013.85,1015.9,1013.99,14.0,1.53,18.0,0.6,0.5,0.3,0.0,2.0,3.0,1.6,14.0,1.5,18.0,0.6,0.5,0.3,-64.5,-31.2,-3.8,-32.1,14.0,28.9,18.0,0.6,0.5,0.3,-70.0,-45.7,-21.1,-56.8,14.0,50.4,18.0,0.6,0.5,0.3,-1.2,1.0,2.07,0.75,13.0,2.11,18.0,0.6,0.5,0.3,-5.5,3.9,20.1,7.7,13.0,16.0,18.0,0.6,0.5,0.3,1.96,3.94,5.41,3.66,9.0,1.65,18.0,0.7,0.5,0.3,11.4,19.6,39.8,22.9,9.0,14.5,18.0,0.7,0.5,0.3,-118.3,-94.7,-14.4,-74.7,13.0,59.5,18.0,0.6,0.5,0.3,-171.0,-136.3,-91.7,-129.2,13.0,63.1,18.0,0.6,0.5,0.3,-71.2,-51.8,-13.3,-46.4,9.0,33.7,18.0,0.7,0.5,0.3,-87.6,-80.5,-28.9,-67.2,9.0,34.8,18.0,0.7,0.5,0.3,-21.2,-9.5,-5.0,-12.2,9.0,10.0,18.0,0.7,0.5,0.3,-27.6,-15.0,-7.8,-18.4,9.0,12.2,18.0,0.7,0.5,0.3,99.0,415.0,1070.0,673.5,14.0,809.0,18.0,0.6,0.5,0.3,100.0,415.0,1070.0,675.0,14.0,810.0,18.0,0.6,0.5,0.3
1974,2,336.0,13.0,21.24,22.0,22.89,22.16,15.0,1.03,14.0,0.5,0.6,0.5,20.44,21.1,23.62,21.78,16.0,1.79,14.0,0.5,0.6,0.5,11.27,12.96,14.48,12.81,14.0,1.75,14.0,0.4,0.6,0.5,71.7,82.6,91.1,80.9,14.0,9.6,14.0,0.4,0.5,5.4,8.75,11.97,8.78,16.0,3.51,14.0,0.5,0.6,0.5,-6.62,-5.1,-3.35,-5.12,16.0,2.21,14.0,0.5,0.6,0.5,-10.04,-6.6,-4.08,-7.0,16.0,3.07,14.0,0.5,0.6,0.5,1012.15,1013.8,1016.31,1013.98,16.0,1.93,14.0,0.5,0.6,0.5,0.4,2.0,5.6,2.9,16.0,2.3,14.0,0.5,0.6,0.5,-69.9,-44.3,-19.4,-51.0,16.0,36.2,14.0,0.5,0.6,0.5,-121.6,-55.5,-23.1,-71.2,16.0,56.6,14.0,0.5,0.6,0.5,-0.5,0.7,1.4,0.27,15.0,1.56,14.0,0.5,0.6,0.5,-7.0,4.2,9.0,-0.4,15.0,19.0,14.0,0.5,0.6,0.5,1.95,3.41,4.59,3.46,13.0,1.66,14.0,0.5,0.6,0.5,11.8,21.8,46.0,29.1,13.0,19.3,14.0,0.5,0.6,0.5,-145.9,-119.9,-72.2,-111.6,16.0,48.3,14.0,0.5,0.6,0.5,-221.1,-145.2,-89.0,-155.1,16.0,78.7,14.0,0.5,0.6,0.5,-83.2,-69.6,-40.6,-64.0,14.0,27.2,14.0,0.4,0.6,0.5,-106.9,-80.6,-54.9,-85.6,14.0,42.1,14.0,0.4,0.6,0.5,-29.7,-14.0,-4.9,-18.7,13.0,14.4,14.0,0.5,0.6,0.5,-34.5,-16.7,-10.4,-21.9,13.0,13.5,14.0,0.5,0.6,0.5,174.5,678.0,1777.0,988.0,16.0,1058.5,14.0,0.5,0.6,0.5,175.0,680.0,1775.0,990.0,16.0,1060.0,14.0,0.5,0.6,0.5
1974,2,336.0,14.0,21.42,21.95,23.33,22.35,8.0,1.26,14.0,0.6,0.8,0.4,20.53,21.0,21.81,21.07,9.0,0.75,14.0,0.7,0.7,0.4,11.23,12.85,14.23,12.8,7.0,1.56,14.0,0.6,0.7,0.4,73.6,83.0,91.3,81.4,7.0,8.9,14.0,0.6,0.4,5.07,8.2,9.3,7.23,9.0,3.02,14.0,0.7,0.7,0.4,-5.79,-4.65,-1.73,-3.8,9.0,2.2,14.0,0.7,0.7,0.4,-7.51,-7.12,-4.51,-6.04,9.0,2.41,14.0,0.7,0.7,0.4,1011.92,1015.0,1016.65,1014.67,9.0,2.45,14.0,0.7,0.7,0.4,0.0,0.0,3.7,1.7,9.0,2.1,14.0,0.7,0.7,0.4,-52.3,-43.2,-9.7,-32.8,9.0,21.7,14.0,0.7,0.7,0.4,-71.6,-55.7,-25.4,-50.0,9.0,25.6,14.0,0.7,0.7,0.4,0.01,0.75,2.78,1.15,8.0,1.72,14.0,0.6,0.8,0.4,0.0,6.6,22.3,9.5,8.0,14.0,14.0,0.6,0.8,0.4,2.11,4.35,4.94,3.87,7.0,1.97,14.0,0.6,0.7,0.4,5.4,21.4,43.1,25.0,7.0,19.1,14.0,0.6,0.7,0.4,-122.6,-93.0,-36.7,-79.7,9.0,46.4,14.0,0.7,0.7,0.4,-156.7,-148.2,-94.8,-126.2,9.0,49.5,14.0,0.7,0.7,0.4,-81.2,-67.2,-14.6,-50.7,7.0,34.4,14.0,0.6,0.7,0.4,-96.8,-81.6,-40.4,-72.2,7.0,35.6,14.0,0.6,0.7,0.4,-27.7,-9.6,-3.4,-13.8,7.0,13.1,14.0,0.6,0.7,0.4,-33.0,-18.7,-4.2,-20.4,7.0,14.7,14.0,0.6,0.7,0.4,173.5,551.5,804.5,521.0,9.0,320.0,14.0,0.7,0.7,0.4,175.0,550.0,805.0,520.0,9.0,320.0,14.0,0.7,0.7,0.4
1974,2,336.0,15.0,20.0,20.0,20.26,20.13,4.0,0.25,14.0,0.0,0.2,0.4,19.43,21.25,21.55,20.53,4.0,1.7,14.0,0.0,0.2,0.4,11.63,12.36,13.09,12.36,2.0,1.51,8.0,0.0,0.2,0.4,70.6,70.9,82.1,76.2,3.0,9.6,10.0,0.0,0.5,3.79,5.9,7.75,5.78,4.0,2.58,14.0,0.0,0.2,0.4,-6.05,-4.36,-0.69,-3.41,4.0,4.28,14.0,0.0,0.2,0.4,-4.76,-3.45,-1.21,-3.01,4.0,2.28,14.0,0.0,0.2,0.4,1013.32,1015.5,1016.66,1015.0,3.0,2.49,14.0,0.0,0.3,0.4,0.5,2.0,4.6,2.5,4.0,2.6,14.0,0.0,0.2,0.4,-48.1,-25.7,-7.2,-27.5,4.0,29.7,14.0,0.0,0.2,0.4,-36.2,-23.7,-6.2,-21.3,4.0,18.0,14.0,0.0,0.2,0.4,-1.31,-1.0,0.57,-0.4,4.0,1.62,14.0,0.0,0.2,0.4,-10.5,-5.9,0.3,-5.1,4.0,7.9,14.0,0.0,0.2,0.4,1.4,2.16,2.91,2.16,2.0,1.56,8.0,0.0,0.2,0.4,10.4,17.7,25.0,17.7,2.0,15.1,8.0,0.0,0.2,0.4,-130.5,-92.7,-18.5,-75.3,4.0,87.9,14.0,0.0,0.2,0.4,-101.2,-74.4,-26.1,-64.1,4.0,48.3,14.0,0.0,0.2,0.4,-80.8,-71.5,-62.2,-71.5,2.0,19.3,8.0,0.0,0.2,0.4,-65.8,-59.0,-52.3,-59.0,2.0,14.0,8.0,0.0,0.2,0.4,-21.4,-14.5,-7.7,-14.5,2.0,14.2,8.0,0.0,0.2,0.4,-12.8,-9.8,-6.8,-9.8,2.0,6.2,8.0,0.0,0.2,0.4,72.5,216.5,488.0,277.5,4.0,279.5,14.0,0.0,0.2,0.4,70.0,215.0,490.0,275.0,4.0,280.0,14.0,0.0,0.2,0.4
1974,2,336.0,16.0,20.6,21.3,23.41,21.92,6.0,1.79,16.0,0.8,0.6,0.5,19.4,20.5,22.03,20.75,6.0,1.52,16.0,0.8,0.6,0.5,10.0,11.34,11.91,11.09,5.0,1.13,18.0,0.8,0.6,0.4,71.4,71.4,79.9,75.0,5.0,5.1,18.0,0.8,0.4,6.61,8.25,10.71,8.53,6.0,2.6,16.0,0.8,0.6,0.5,-8.19,-4.89,-3.1,-5.81,6.0,3.57,16.0,0.8,0.6,0.5,-7.06,-5.75,-3.1,-5.15,6.0,3.0,16.0,0.8,0.6,0.5,1013.51,1015.05,1018.43,1015.68,6.0,2.57,16.0,0.8,0.6,0.5,0.8,2.0,4.6,2.7,6.0,2.6,16.0,0.8,0.6,0.5,-83.8,-43.2,-16.8,-56.2,6.0,50.6,16.0,0.8,0.6,0.5,-63.1,-42.9,-15.8,-42.2,6.0,31.4,16.0,0.8,0.6,0.5,-0.26,1.0,2.41,1.17,6.0,1.53,16.0,0.8,0.6,0.5,-2.5,5.8,20.8,10.6,6.0,17.9,16.0,0.8,0.6,0.5,3.82,4.68,5.48,4.66,5.0,1.02,18.0,0.8,0.6,0.4,29.2,33.7,53.8,41.4,5.0,19.0,18.0,0.8,0.6,0.4,-172.5,-100.5,-61.8,-118.9,6.0,68.9,16.0,0.8,0.6,0.5,-159.1,-118.9,-60.1,-109.3,6.0,66.4,16.0,0.8,0.6,0.5,-108.8,-58.4,-41.4,-73.8,5.0,43.3,18.0,0.8,0.6,0.4,-85.0,-55.4,-24.6,-54.2,5.0,38.2,18.0,0.8,0.6,0.4,-41.8,-21.7,-19.7,-31.4,5.0,23.7,18.0,0.8,0.6,0.4,-29.8,-20.3,-12.5,-20.5,5.0,13.3,18.0,0.8,0.6,0.4,299.5,589.0,1251.5,768.0,6.0,639.0,16.0,0.8,0.6,0.5,300.0,590.0,1250.0,770.0,6.0,640.0,16.0,0.8,0.6,0.5
1974,2,336.0,17.0,19.98,20.6,23.1,21.53,7.0,1.93,18.0,0.6,0.7,0.4,18.44,20.0,22.01,20.0,7.0,1.88,18.0,0.6,0.7,0.4,9.38,11.73,12.76,11.25,5.0,1.91,20.0,0.4,0.8,0.5,72.9,75.0,79.3,75.6,6.0,5.1,18.0,0.5,0.4,5.08,9.0,10.42,8.27,7.0,3.17,18.0,0.6,0.7,0.4,-8.39,-6.62,-2.56,-5.0,7.0,5.18,18.0,0.6,0.7,0.4,-7.99,-3.52,-1.86,-4.33,7.0,3.46,18.0,0.6,0.7,0.4,1015.12,1016.9,1019.02,1016.7,6.0,2.43,20.0,0.5,0.7,0.4,1.0,4.0,6.0,3.3,7.0,2.6,18.0,0.6,0.7,0.4,-106.1,-68.2,-11.5,-51.0,7.0,51.1,18.0,0.6,0.7,0.4,-83.5,-16.2,-10.6,-41.4,7.0,46.7,18.0,0.6,0.7,0.4,-2.03,2.0,3.84,1.53,7.0,2.8,18.0,0.6,0.7,0.4,-25.8,10.2,28.0,9.0,7.0,27.5,18.0,0.6,0.7,0.4,1.48,5.97,7.29,4.72,5.0,3.17,20.0,0.4,0.8,0.5,16.1,27.5,54.9,34.8,5.0,23.7,20.0,0.4,0.8,0.5,-178.4,-147.0,-47.5,-98.2,7.0,105.0,18.0,0.6,0.7,0.4,-177.2,-66.2,-39.4,-91.0,7.0,77.8,18.0,0.6,0.7,0.4,-103.7,-81.2,5.9,-51.3,5.0,71.7,20.0,0.4,0.8,0.5,-110.6,-31.9,-14.5,-57.2,5.0,56.2,20.0,0.4,0.8,0.5,-37.0,-12.1,11.1,-12.9,5.0,40.4,20.0,0.4,0.8,0.5,-17.7,-14.4,-5.5,-12.0,5.0,8.0,20.0,0.4,0.8,0.5,131.0,729.0,1143.0,782.5,7.0,742.0,18.0,0.6,0.7,0.4,130.0,730.0,1145.0,780.0,7.0,740.0,18.0,0.6,0.7,0.4
1974,2,336.0,19.0,20.3,20.5,20.81,20.55,4.0,0.34,20.0,0.8,0.4,0.7,19.26,20.15,20.3,19.8,4.0,0.88,20.0,0.8,0.4,0.7,10.35,10.53,13.31,11.8,3.0,2.44,24.0,0.7,0.4,0.8,73.6,80.1,93.7,83.6,3.0,15.0,24.0,0.7,0.8,3.34,6.95,10.67,7.0,4.0,4.23,20.0,0.8,0.4,0.7,-8.75,-5.75,-1.43,-5.12,4.0,4.52,20.0,0.8,0.4,0.7,-6.09,-4.28,-1.45,-3.79,4.0,2.94,20.0,0.8,0.4,0.7,1016.84,1017.6,1019.62,1018.2,4.0,1.97,20.0,0.8,0.4,0.7,1.0,1.0,4.1,2.5,4.0,3.0,20.0,0.8,0.4,0.7,-93.6,-47.1,-5.3,-49.3,4.0,51.7,20.0,0.8,0.4,0.7,-64.5,-35.0,-4.5,-34.5,4.0,34.8,20.0,0.8,0.4,0.7,0.14,0.45,1.39,0.75,4.0,0.93,20.0,0.8,0.4,0.7,0.4,3.8,7.1,3.8,4.0,3.9,20.0,0.8,0.4,0.7,1.43,4.5,4.56,3.03,3.0,2.62,24.0,0.7,0.4,0.8,4.5,14.2,15.6,10.1,3.0,8.8,24.0,0.7,0.4,0.8,-177.7,-113.0,-26.0,-102.4,4.0,92.7,20.0,0.8,0.4,0.7,-123.5,-86.8,-29.2,-76.8,4.0,59.5,20.0,0.8,0.4,0.7,-90.7,-37.9,-8.3,-49.2,3.0,61.2,24.0,0.7,0.4,0.8,-76.0,-31.3,-9.9,-42.7,3.0,49.4,24.0,0.7,0.4,0.8,-11.0,0.0,1.7,-4.6,3.0,10.1,24.0,0.7,0.4,0.8,-9.6,0.0,0.0,-4.7,3.0,8.1,24.0,0.7,0.4,0.8,38.0,569.5,1217.5,625.0,4.0,684.5,20.0,0.8,0.4,0.7,40.0,570.0,1220.0,625.0,4.0,685.0,20.0,0.8,0.4,0.7
1974,2,336.0,20.0,19.5,20.0,20.47,20.03,10.0,0.92,18.0,0.7,0.4,0.5,18.33,19.4,19.79,19.19,10.0,0.89,18.0,0.7,0.4,0.5,8.31,10.53,11.38,9.95,9.0,1.63,20.0,0.7,0.5,0.5,63.7,72.8,84.1,74.5,10.0,11.7,18.0,0.7,0.5,2.87,6.7,10.4,6.81,9.0,4.04,18.0,0.7,0.4,0.5,-8.57,-4.65,-2.59,-4.96,9.0,3.95,18.0,0.7,0.4,0.5,-6.68,-1.3,0.0,-2.93,9.0,3.95,18.0,0.7,0.4,0.5,1011.54,1018.0,1020.55,1016.47,9.0,4.81,20.0,0.7,0.5,0.5,2.4,4.0,6.0,4.2,10.0,2.1,18.0,0.7,0.4,0.5,-96.0,-43.2,-7.8,-45.4,9.0,48.4,18.0,0.7,0.4,0.5,-60.2,-7.8,0.0,-31.0,9.0,53.5,18.0,0.7,0.4,0.5,-0.2,0.75,1.89,0.84,10.0,1.04,18.0,0.7,0.4,0.5,-3.6,3.7,6.0,3.1,9.0,6.9,18.0,0.7,0.4,0.5,3.02,3.72,6.3,4.39,9.0,1.6,20.0,0.7,0.5,0.5,16.5,25.6,40.9,27.5,8.0,13.0,18.0,0.6,0.5,0.5,-170.4,-90.2,-48.3,-97.6,9.0,79.2,18.0,0.7,0.4,0.5,-129.1,-24.0,0.0,-57.4,9.0,78.3,18.0,0.7,0.4,0.5,-93.5,-46.9,-18.0,-48.8,8.0,43.7,18.0,0.6,0.5,0.5,-84.5,-15.5,-1.1,-34.1,8.0,44.4,18.0,0.6,0.5,0.5,-31.5,-18.6,-13.2,-18.3,8.0,17.2,18.0,0.6,0.5,0.5,-22.4,-8.0,-0.5,-12.6,8.0,13.3,18.0,0.6,0.5,0.5,25.5,301.0,1137.0,648.0,9.0,972.5,18.0,0.7,0.4,0.5,25.0,300.0,1135.0,650.0,9.0,970.0,18.0,0.7,0.4,0.5
1974,2,336.0,21.0,18.79,19.5,20.0,19.49,11.0,0.82,16.0,0.1,0.7,0.5,18.21,19.05,19.71,18.99,10.0,0.76,16.0,0.1,0.7,0.5,10.19,11.51,12.32,11.06,8.0,1.41,18.0,0.1,0.6,0.6,74.0,81.1,87.6,80.8,8.0,8.9,18.0,0.1,0.6,4.81,8.45,11.27,7.87,10.0,3.31,16.0,0.1,0.7,0.5,-8.12,-6.4,3.09,-3.99,10.0,5.33,16.0,0.1,0.7,0.5,-8.09,-3.36,0.0,-3.69,10.0,4.3,16.0,0.1,0.7,0.5,1012.29,1016.6,1020.58,1016.59,11.0,3.98,16.0,0.1,0.7,0.5,0.0,2.0,3.4,2.1,11.0,1.9,16.0,0.1,0.7,0.5,-87.7,-54.4,14.0,-44.3,10.0,47.5,16.0,0.1,0.7,0.5,-92.3,-25.5,0.0,-39.9,10.0,49.1,16.0,0.1,0.7,0.5,-0.41,0.05,1.61,0.6,10.0,1.25,16.0,0.1,0.7,0.5,-2.6,0.0,14.6,3.0,9.0,9.1,14.0,0.1,0.7,0.5,1.99,2.57,5.05,3.22,8.0,1.59,18.0,0.1,0.6,0.6,11.8,20.2,22.8,18.8,7.0,5.8,18.0,0.1,0.7,0.6,-158.1,-140.1,61.7,-74.5,9.0,107.9,14.0,0.1,0.7,0.5,-159.8,-80.9,-8.1,-79.0,9.0,82.7,14.0,0.1,0.7,0.5,-99.3,-61.8,41.1,-35.6,7.0,70.7,18.0,0.1,0.7,0.6,-85.0,-24.1,1.6,-41.0,7.0,54.2,18.0,0.1,0.7,0.6,-15.8,-12.4,10.7,-3.6,7.0,16.1,18.0,0.1,0.7,0.6,-14.8,-9.1,0.8,-5.7,7.0,11.6,18.0,0.1,0.7,0.6,112.5,605.0,1456.0,723.0,10.0,729.0,16.0,0.1,0.7,0.5,110.0,605.0,1455.0,725.0,10.0,730.0,16.0,0.1,0.7,0.5
1974,2,336.0,22.0,19.1,19.9,21.0,19.9,7.0,0.87,14.0,0.4,0.9,0.4,18.6,19.3,19.68,19.66,7.0,1.65,14.0,0.4,0.9,0.4,8.93,10.07,11.92,10.37,5.0,2.0,16.0,0.4,0.9,0.4,69.9,73.8,83.7,75.8,6.0,11.9,16.0,0.5,0.4,5.58,7.7,10.91,8.43,6.0,3.46,12.0,0.5,0.9,0.4,-8.78,-6.68,-2.66,-5.29,6.0,4.82,12.0,0.5,0.9,0.4,-6.72,-4.33,0.68,-3.67,6.0,4.93,12.0,0.5,0.9,0.4,1013.59,1018.15,1022.01,1017.82,6.0,4.37,14.0,0.3,0.9,0.4,0.0,1.0,3.6,1.8,6.0,2.3,16.0,0.5,0.9,0.4,-96.2,-51.4,-15.6,-54.6,6.0,52.5,12.0,0.5,0.9,0.4,-72.5,-34.8,3.5,-43.6,6.0,62.3,12.0,0.5,0.9,0.4,-0.39,0.6,1.02,0.24,7.0,1.21,14.0,0.4,0.9,0.4,-4.4,6.0,10.0,3.0,6.0,8.5,12.0,0.5,0.9,0.4,2.4,4.05,4.92,3.82,5.0,1.49,16.0,0.4,0.9,0.4,16.3,22.9,42.3,29.0,4.0,20.3,14.0,0.5,0.9,0.5,-165.9,-130.0,-48.1,-98.2,6.0,97.7,12.0,0.5,0.9,0.4,-128.2,-82.9,15.8,-67.0,6.0,96.3,12.0,0.5,0.9,0.4,-81.9,-59.2,6.1,-38.9,4.0,63.1,14.0,0.5,0.9,0.5,-85.1,-49.7,5.1,-40.4,4.0,62.6,14.0,0.5,0.9,0.5,-28.7,-17.6,-2.9,-15.9,4.0,19.2,14.0,0.5,0.9,0.5,-31.0,-14.7,-2.5,-16.6,4.0,21.5,14.0,0.5,0.9,0.5,174.5,479.5,1410.0,877.0,6.0,1084.0,12.0,0.5,0.9,0.4,175.0,480.0,1410.0,875.0,6.0,1085.0,12.0,0.5,0.9,0.4
1974,2,336.0,23.0,,,,,,,,,,,,,,,,,,,,,,,,,,,,,,,,,,,,,,,,7.0,7.0,7.0,7.0,1.0,0.0,22.0,1.0,0.2,0.9,-6.58,-6.58,-6.58,-6.58,1.0,0.0,22.0,1.0,0.2,0.9,-2.39,-2.39,-2.39,-2.39,1.0,0.0,22.0,1.0,0.2,0.9,1021.4,1021.4,1021.4,1021.4,1.0,0.0,22.0,1.0,0.2,0.9,,,,,,,,,,,,,,,,,,,,,,,,,,,,,,,,,,,,,,,,,,,,,,,,,,,,,,,,,,,,,,,,,,,,,,,,,,,,,,,,,,,,,,,,,,,,,,,,,,,,,,,,,,,,,,,,,,,,,,,,,,,,,,,,,,,,,,,,,,,,,,,,,,,,,,
1974,2,336.0,25.0,20.29,21.3,22.0,21.15,4.0,1.01,10.0,0.8,0.3,0.6,19.82,20.5,20.84,20.33,3.0,0.76,10.0,0.7,0.2,0.5,12.07,13.4,14.74,13.4,2.0,2.77,10.0,1.0,0.2,0.5,80.9,88.7,96.4,88.7,2.0,16.0,10.0,1.0,0.5,3.79,5.85,7.96,5.88,4.0,2.41,10.0,0.8,0.3,0.6,-6.0,-4.01,-2.36,-4.17,4.0,2.17,10.0,0.8,0.3,0.6,-5.12,-3.66,-2.86,-3.98,4.0,1.67,10.0,0.8,0.3,0.6,1021.23,1022.1,1023.6,1022.4,4.0,1.56,10.0,0.8,0.3,0.6,2.0,3.0,4.0,3.0,4.0,1.6,10.0,0.8,0.3,0.6,-47.5,-26.6,-8.9,-28.1,4.0,22.4,10.0,0.8,0.3,0.6,-41.1,-21.8,-11.0,-25.8,4.0,19.4,10.0,0.8,0.3,0.6,0.23,0.5,0.84,0.53,3.0,0.45,10.0,0.7,0.2,0.5,1.2,2.0,3.1,2.1,3.0,1.4,10.0,0.7,0.2,0.5,1.38,2.23,3.08,2.23,2.0,1.77,10.0,1.0,0.2,0.5,7.2,15.2,23.1,15.2,2.0,16.5,10.0,1.0,0.2,0.5,-111.7,-57.9,-45.0,-77.9,3.0,51.8,10.0,0.7,0.2,0.5,-75.3,-67.5,-54.6,-65.0,3.0,15.3,10.0,0.7,0.2,0.5,-70.9,-59.3,-47.7,-59.3,2.0,24.0,10.0,1.0,0.2,0.5,-42.7,-39.8,-36.9,-39.8,2.0,6.0,10.0,1.0,0.2,0.5,-20.0,-13.0,-6.0,-13.0,2.0,14.5,10.0,1.0,0.2,0.5,-11.6,-7.8,-4.0,-7.8,2.0,7.9,10.0,1.0,0.2,0.5,55.0,260.5,506.0,279.5,4.0,262.0,10.0,0.8,0.3,0.6,55.0,260.0,505.0,280.0,4.0,260.0,10.0,0.8,0.3,0.6
1974,2,336.0,26.0,20.29,20.9,21.31,20.8,3.0,0.75,14.0,0.3,0.4,0.7,18.54,19.5,19.84,19.2,3.0,0.98,14.0,0.3,0.4,0.7,9.53,9.88,10.22,9.88,2.0,0.71,8.0,0.5,0.5,0.6,68.2,69.9,71.6,69.9,2.0,3.6,8.0,0.5,0.6,3.58,5.7,6.59,5.1,3.0,2.26,14.0,0.3,0.4,0.7,-5.23,-4.94,-3.23,-4.25,3.0,1.58,14.0,0.3,0.4,0.7,-2.23,-0.89,2.79,0.25,3.0,3.81,14.0,0.3,0.4,0.7,1019.99,1023.4,1024.83,1022.43,3.0,3.65,14.0,0.3,0.4,0.7,1.6,3.0,4.4,3.0,2.0,2.8,8.0,0.5,0.5,0.6,-34.6,-28.1,-13.3,-24.0,3.0,16.0,14.0,0.3,0.4,0.7,-11.8,-2.3,20.8,4.3,3.0,24.6,14.0,0.3,0.4,0.7,1.43,1.5,1.77,1.6,3.0,0.26,14.0,0.3,0.4,0.7,5.2,8.0,11.6,8.4,3.0,4.7,14.0,0.3,0.4,0.7,5.46,5.62,5.78,5.62,2.0,0.33,8.0,0.5,0.5,0.6,17.1,23.7,30.3,23.7,2.0,13.7,8.0,0.5,0.5,0.6,-96.8,-96.3,-63.9,-80.7,3.0,27.6,14.0,0.3,0.4,0.7,-43.6,-17.8,49.9,2.7,3.0,70.8,14.0,0.3,0.4,0.7,-42.9,-35.8,-28.7,-35.8,2.0,14.8,8.0,0.5,0.5,0.6,-23.9,-18.0,-12.0,-18.0,2.0,12.4,8.0,0.5,0.5,0.6,-26.4,-21.0,-15.7,-21.0,2.0,11.1,8.0,0.5,0.5,0.6,-14.8,-10.7,-6.7,-10.7,2.0,8.4,8.0,0.5,0.5,0.6,71.0,185.0,293.0,182.0,3.0,162.5,14.0,0.3,0.4,0.7,70.0,185.0,295.0,180.0,3.0,165.0,14.0,0.3,0.4,0.7
1974,2,336.0,27.0,18.95,20.0,20.29,19.83,7.0,1.24,18.0,0.6,0.7,0.6,18.0,18.5,19.23,18.67,7.0,0.65,18.0,0.6,0.7,0.6,9.26,9.86,10.81,10.03,4.0,0.95,24.0,0.8,0.9,0.5,69.2,71.4,80.6,74.8,4.0,9.1,24.0,0.8,0.5,6.12,8.0,13.92,9.73,7.0,3.97,18.0,0.7,0.7,0.5,-8.16,-4.93,-2.72,-5.53,7.0,3.19,18.0,0.7,0.7,0.5,-13.54,-6.5,-2.02,-6.62,7.0,5.42,18.0,0.7,0.7,0.5,1017.02,1021.6,1027.61,1021.85,8.0,5.69,18.0,0.6,0.7,0.5,4.9,6.0,7.0,5.7,7.0,1.9,16.0,0.7,0.7,0.5,-74.5,-36.1,-21.6,-55.6,7.0,44.9,18.0,0.7,0.7,0.5,-190.5,-60.1,-12.5,-79.5,7.0,82.7,18.0,0.7,0.7,0.5,-0.02,1.0,1.79,1.16,7.0,1.28,18.0,0.6,0.7,0.6,7.7,12.8,21.3,13.4,6.0,10.4,18.0,0.7,0.7,0.6,2.96,4.37,5.25,4.12,4.0,1.4,24.0,0.8,0.9,0.5,31.1,33.7,53.5,41.9,4.0,19.6,24.0,0.8,0.9,0.5,-160.9,-98.2,-52.6,-109.2,6.0,61.9,18.0,0.7,0.7,0.6,-247.5,-135.2,-31.1,-136.0,6.0,105.7,18.0,0.7,0.7,0.6,-54.4,-40.9,-25.3,-39.9,4.0,16.8,24.0,0.8,0.9,0.5,-140.7,-103.1,-47.3,-94.4,4.0,58.7,24.0,0.8,0.9,0.5,-22.3,-12.0,-10.7,-16.3,4.0,10.1,24.0,0.8,0.9,0.5,-51.9,-29.6,-18.9,-35.2,4.0,24.9,24.0,0.8,0.9,0.5,231.5,512.0,2700.0,1318.5,7.0,1250.5,18.0,0.7,0.7,0.5,230.0,510.0,2700.0,1320.0,7.0,1250.0,18.0,0.7,0.7,0.5
1974,2,336.0,28.0,,,,,,,,,,,,,,,,,,,,,,,,,,,,,,,,,,,,,,,,12.9,12.9,12.9,12.9,1.0,0.0,28.0,0.0,0.8,0.0,-8.29,-8.29,-8.29,-8.29,1.0,0.0,28.0,0.0,0.8,0.0,-9.88,-9.88,-9.88,-9.88,1.0,0.0,28.0,0.0,0.8,0.0,1013.5,1013.5,1013.5,1013.5,1.0,0.0,28.0,0.0,0.8,0.0,,,,,,,,,,,,,,,,,,,,,,,,,,,,,,,,,,,,,,,,,,,,,,,,,,,,,,,,,,,,,,,,,,,,,,,,,,,,,,,,,,,,,,,,,,,,,,,,,,,,,,,,,,,,,,,,,,,,,,,,,,,,,,,,,,,,,,,,,,,,,,,,,,,,,,
1974,2,336.0,29.0,20.63,22.0,22.68,21.67,3.0,1.53,16.0,1.0,0.7,0.5,17.67,18.95,20.29,18.98,4.0,1.69,16.0,1.0,0.6,0.6,10.7,12.76,12.81,11.78,3.0,1.77,16.0,1.0,0.7,0.5,78.2,84.0,88.8,83.5,3.0,7.8,16.0,1.0,0.5,4.81,8.5,10.3,7.6,4.0,3.45,16.0,1.0,0.6,0.6,-6.66,-5.07,-0.08,-3.45,4.0,4.58,16.0,1.0,0.6,0.6,-8.83,-4.21,-0.26,-4.53,4.0,4.98,16.0,1.0,0.6,0.6,1020.89,1024.9,1028.5,1024.7,4.0,5.65,16.0,1.0,0.6,0.6,3.4,6.5,7.0,5.3,4.0,2.9,16.0,1.0,0.6,0.6,-57.1,-40.6,-12.3,-35.0,4.0,32.5,16.0,1.0,0.6,0.6,-90.9,-41.5,-0.8,-45.7,4.0,52.3,16.0,1.0,0.6,0.6,0.11,2.5,3.93,2.03,3.0,2.83,16.0,1.0,0.7,0.5,3.2,16.8,37.7,20.3,3.0,25.4,16.0,1.0,0.7,0.5,2.2,3.63,6.24,4.21,3.0,3.0,16.0,1.0,0.7,0.5,11.0,24.3,60.2,35.3,3.0,37.3,16.0,1.0,0.7,0.5,-122.0,-88.7,2.7,-61.0,4.0,87.9,16.0,1.0,0.6,0.6,-157.2,-72.7,-5.4,-80.9,4.0,88.8,16.0,1.0,0.6,0.6,-69.3,-34.3,15.9,-26.9,3.0,62.7,16.0,1.0,0.7,0.5,-66.5,-6.9,-2.2,-33.7,3.0,52.5,16.0,1.0,0.7,0.5,-25.7,-24.3,-4.5,-15.3,3.0,17.3,16.0,1.0,0.7,0.5,-49.6,-0.8,-0.3,-24.3,3.0,41.5,16.0,1.0,0.7,0.5,159.0,696.5,1092.5,629.0,4.0,547.0,16.0,1.0,0.6,0.6,160.0,695.0,1095.0,630.0,4.0,545.0,16.0,1.0,0.6,0.6
1974,2,336.0,30.0,18.0,18.65,19.6,18.8,6.0,0.84,16.0,0.7,0.5,0.2,16.12,19.6,21.31,19.12,6.0,2.66,16.0,0.7,0.5,0.2,8.09,11.64,12.33,10.24,3.0,3.34,10.0,0.7,0.6,0.4,63.3,75.7,76.2,69.9,3.0,10.7,10.0,0.7,0.4,5.61,6.2,10.06,7.13,6.0,2.47,16.0,0.7,0.5,0.2,-8.05,-3.71,3.58,-2.52,6.0,5.92,16.0,0.7,0.5,0.2,-5.33,-2.61,3.89,-1.35,6.0,4.73,16.0,0.7,0.5,0.2,1021.59,1025.45,1027.88,1025.25,6.0,3.72,16.0,0.7,0.5,0.2,4.4,5.5,7.0,5.3,6.0,1.9,16.0,0.7,0.5,0.2,-82.4,-20.8,21.7,-25.9,6.0,50.8,16.0,0.7,0.5,0.2,-53.8,-16.2,18.0,-17.5,6.0,37.5,16.0,0.7,0.5,0.2,-2.52,-0.6,2.67,-0.32,6.0,2.89,16.0,0.7,0.5,0.2,-15.3,-3.5,26.9,2.0,6.0,23.3,16.0,0.7,0.5,0.2,0.86,2.7,5.92,3.37,3.0,3.75,10.0,0.7,0.6,0.4,5.3,16.8,57.4,31.0,3.0,40.1,10.0,0.7,0.6,0.4,-129.7,-80.1,72.9,-40.4,6.0,109.5,16.0,0.7,0.5,0.2,-84.8,-57.1,75.6,-21.4,6.0,86.4,16.0,0.7,0.5,0.2,-62.5,-50.8,30.2,-17.0,3.0,73.9,10.0,0.7,0.6,0.4,-41.5,-39.2,-29.3,-35.5,3.0,9.5,10.0,0.7,0.6,0.4,-39.9,0.0,10.7,-14.2,3.0,39.1,10.0,0.7,0.6,0.4,-35.3,-5.7,-1.8,-18.3,3.0,26.8,10.0,0.7,0.6,0.4,185.5,238.5,1019.0,475.5,6.0,447.5,16.0,0.7,0.5,0.2,185.0,240.0,1020.0,475.0,6.0,445.0,16.0,0.7,0.5,0.2
1974,2,336.0,31.0,17.95,20.0,22.03,19.79,7.0,2.03,14.0,0.6,0.5,0.5,16.79,17.35,18.41,17.62,6.0,1.34,16.0,0.5,0.5,0.4,8.57,8.8,10.93,9.71,4.0,2.01,14.0,0.5,0.4,0.4,70.1,73.1,81.6,75.7,4.0,8.7,14.0,0.5,0.4,2.6,6.2,9.09,6.26,7.0,3.4,14.0,0.6,0.5,0.5,-7.87,-5.37,2.49,-2.97,7.0,5.31,14.0,0.6,0.5,0.5,0.59,1.99,4.61,1.89,7.0,3.83,14.0,0.6,0.5,0.5,1020.73,1024.25,1027.44,1024.6,8.0,4.56,16.0,0.5,0.5,0.5,5.9,7.0,8.0,6.4,7.0,1.7,14.0,0.6,0.5,0.5,-71.6,-33.3,6.6,-33.4,7.0,43.5,14.0,0.6,0.5,0.5,-0.6,5.2,41.5,10.8,7.0,37.6,14.0,0.6,0.5,0.5,1.56,2.3,3.31,2.47,6.0,1.22,16.0,0.5,0.5,0.4,8.1,10.9,34.1,18.0,6.0,14.7,16.0,0.5,0.5,0.4,4.35,5.1,5.78,5.07,4.0,0.82,14.0,0.5,0.4,0.4,13.4,25.3,49.9,31.3,4.0,23.6,14.0,0.5,0.4,0.4,-141.1,-94.6,36.8,-64.7,6.0,91.7,16.0,0.5,0.5,0.4,0.6,45.0,85.3,35.3,6.0,69.6,16.0,0.5,0.5,0.4,-63.8,-15.7,29.7,-17.0,4.0,56.0,14.0,0.5,0.4,0.4,-16.7,16.8,22.5,3.6,4.0,33.4,14.0,0.5,0.4,0.4,-43.2,-11.6,11.1,-15.9,4.0,32.5,14.0,0.5,0.4,0.4,-14.0,7.1,13.5,0.1,4.0,21.7,14.0,0.5,0.4,0.4,17.5,238.5,754.5,434.0,7.0,481.5,14.0,0.6,0.5,0.5,20.0,240.0,755.0,435.0,7.0,480.0,14.0,0.6,0.5,0.5
1974,2,336.0,32.0,17.0,17.8,19.73,18.17,9.0,1.63,10.0,0.3,0.5,0.5,16.18,17.3,20.0,17.91,13.0,1.67,12.0,0.3,0.6,0.5,8.6,9.38,10.16,9.38,2.0,1.62,18.0,1.0,0.4,0.7,72.5,72.9,82.5,77.4,3.0,8.3,12.0,0.7,0.7,4.82,7.0,10.3,7.26,13.0,3.48,12.0,0.3,0.6,0.5,-6.71,-2.0,7.12,-0.25,13.0,6.51,12.0,0.3,0.6,0.5,-6.45,0.0,2.95,-1.49,13.0,4.94,12.0,0.3,0.6,0.5,1018.47,1023.2,1029.25,1023.7,12.0,5.34,12.0,0.3,0.6,0.5,2.0,4.0,8.0,4.3,12.0,2.7,12.0,0.3,0.6,0.5,-68.5,-4.0,51.9,-3.4,13.0,58.5,12.0,0.3,0.6,0.5,-63.6,0.0,9.8,-21.6,13.0,60.7,12.0,0.3,0.6,0.5,-1.18,0.0,1.47,0.23,9.0,1.87,10.0,0.3,0.5,0.5,-10.8,0.0,12.6,-0.5,9.0,13.9,10.0,0.3,0.5,0.5,2.24,3.12,4.01,3.12,2.0,1.83,18.0,1.0,0.4,0.7,23.1,32.2,41.3,32.2,2.0,18.8,18.0,1.0,0.4,0.7,-108.5,-35.8,124.3,-2.2,13.0,118.9,12.0,0.3,0.6,0.5,-103.4,0.0,51.5,-21.5,13.0,82.3,12.0,0.3,0.6,0.5,-29.7,23.7,77.0,23.7,2.0,110.5,18.0,1.0,0.4,0.7,-48.8,-14.0,20.9,-14.0,2.0,72.1,18.0,1.0,0.4,0.7,-21.8,-5.8,10.3,-5.8,2.0,33.2,18.0,1.0,0.4,0.7,-28.3,-14.2,-0.1,-14.2,2.0,29.2,18.0,1.0,0.4,0.7,116.0,343.0,1092.5,640.5,13.0,814.0,12.0,0.3,0.6,0.5,115.0,345.0,1095.0,640.0,13.0,815.0,12.0,0.3,0.6,0.5
1974,2,336.0,33.0,17.37,18.1,18.7,18.18,12.0,1.19,16.0,0.3,0.6,0.4,16.22,17.8,19.0,17.89,15.0,1.97,16.0,0.5,0.6,0.4,6.39,8.36,12.02,9.02,10.0,2.54,12.0,0.5,0.6,0.4,54.2,68.4,88.1,70.0,10.0,15.4,12.0,0.5,0.4,2.6,5.4,11.57,6.49,14.0,3.78,16.0,0.5,0.6,0.5,-6.38,-2.52,3.89,-2.28,14.0,4.83,16.0,0.5,0.6,0.5,-5.88,-0.89,4.49,-1.3,14.0,5.38,16.0,0.5,0.6,0.5,1021.52,1025.0,1030.43,1025.89,15.0,5.12,16.0,0.5,0.6,0.4,3.0,6.0,7.0,5.1,15.0,2.3,16.0,0.5,0.6,0.4,-44.8,-6.6,20.1,-20.7,14.0,49.3,16.0,0.5,0.6,0.5,-46.4,-3.0,22.9,-13.7,14.0,60.8,16.0,0.5,0.6,0.5,-0.7,0.15,1.71,0.58,12.0,1.61,16.0,0.3,0.6,0.4,-1.3,1.8,7.3,4.5,11.0,12.0,16.0,0.4,0.6,0.5,1.41,3.23,6.49,3.97,9.0,2.58,14.0,0.4,0.6,0.4,11.7,17.4,28.8,19.5,8.0,11.4,14.0,0.5,0.6,0.5,-103.8,-46.0,57.8,-38.6,14.0,88.6,16.0,0.5,0.6,0.5,-118.6,-15.3,76.3,-21.2,14.0,89.2,16.0,0.5,0.6,0.5,-26.0,-15.0,44.3,-0.3,9.0,39.3,12.0,0.6,0.6,0.5,-14.0,-9.5,-1.5,-10.7,9.0,35.3,12.0,0.6,0.6,0.5,-20.5,-11.0,4.9,-7.8,8.0,15.5,14.0,0.5,0.6,0.5,-13.9,-5.7,-1.1,-8.2,8.0,13.5,14.0,0.5,0.6,0.5,17.5,159.0,1574.0,563.0,14.0,794.5,16.0,0.5,0.6,0.5,20.0,160.0,1575.0,565.0,14.0,795.0,16.0,0.5,0.6,0.5
1974,2,336.0,34.0,15.43,17.5,18.0,16.69,7.0,1.55,12.0,0.4,0.6,0.5,16.0,17.2,18.37,17.11,11.0,1.84,10.0,0.5,0.7,0.5,8.83,9.88,10.4,9.49,6.0,1.27,8.0,0.7,0.7,0.6,70.9,80.1,86.5,77.8,6.0,11.8,8.0,0.7,0.6,4.1,7.2,9.8,7.15,11.0,3.22,10.0,0.5,0.7,0.5,-4.3,-1.7,8.53,1.29,11.0,6.45,10.0,0.5,0.7,0.5,-3.89,0.63,3.24,-0.09,11.0,4.8,10.0,0.5,0.7,0.5,1017.42,1026.0,1032.19,1023.64,11.0,9.59,10.0,0.5,0.7,0.5,5.4,7.0,8.0,6.3,10.0,2.5,10.0,0.6,0.7,0.5,-20.0,-12.8,81.2,22.1,11.0,59.2,10.0,0.5,0.7,0.5,-37.1,2.3,20.2,-0.9,11.0,51.6,10.0,0.5,0.7,0.5,-2.0,-1.1,0.33,-0.73,7.0,1.19,12.0,0.4,0.6,0.5,-15.7,-4.3,2.6,-6.2,7.0,11.2,12.0,0.4,0.6,0.5,1.35,2.45,3.36,2.36,3.0,1.48,10.0,0.7,0.7,0.5,5.2,10.0,21.8,13.5,3.0,12.5,10.0,0.7,0.7,0.5,-65.9,-26.0,147.4,26.1,11.0,114.7,10.0,0.5,0.7,0.5,-67.5,10.8,58.4,3.0,11.0,83.9,10.0,0.5,0.7,0.5,-39.6,-33.6,47.1,-5.4,6.0,53.7,8.0,0.7,0.7,0.6,-17.0,9.8,16.3,0.4,6.0,26.6,8.0,0.7,0.7,0.6,-20.8,-7.7,-4.5,-12.5,3.0,12.7,10.0,0.7,0.7,0.5,-3.1,0.5,4.6,0.7,3.0,5.6,10.0,0.7,0.7,0.5,69.0,373.0,941.0,581.5,11.0,704.5,10.0,0.5,0.7,0.5,70.0,375.0,940.0,580.0,11.0,705.0,10.0,0.5,0.7,0.5
1974,2,336.0,35.0,16.91,17.0,17.89,17.01,8.0,0.96,12.0,0.6,0.5,0.6,16.57,18.25,18.78,17.9,8.0,1.18,12.0,0.6,0.5,0.6,9.33,10.17,11.42,10.37,6.0,1.44,10.0,0.8,0.5,0.5,74.0,78.8,91.0,81.5,6.0,8.8,10.0,0.8,0.5,2.23,4.6,11.71,6.01,9.0,5.12,12.0,0.6,0.6,0.5,-1.22,1.57,9.28,2.42,9.0,6.01,12.0,0.6,0.6,0.5,-2.07,0.98,5.05,1.93,9.0,4.46,12.0,0.6,0.6,0.5,1014.13,1022.1,1030.18,1020.43,9.0,10.03,12.0,0.6,0.6,0.5,1.2,4.0,6.0,4.0,8.0,2.7,12.0,0.6,0.6,0.5,-3.2,6.4,117.9,34.0,9.0,79.6,12.0,0.6,0.6,0.5,-5.0,2.3,53.9,27.5,9.0,53.0,12.0,0.6,0.6,0.5,-1.59,-0.8,0.42,-0.89,8.0,1.84,12.0,0.6,0.5,0.6,-8.2,-5.5,0.4,-11.6,8.0,23.7,12.0,0.6,0.5,0.6,0.08,1.73,2.56,1.28,6.0,1.91,10.0,0.8,0.5,0.5,-5.5,4.3,11.0,0.0,6.0,16.8,10.0,0.8,0.5,0.5,-25.4,16.0,209.2,49.4,8.0,121.1,12.0,0.6,0.5,0.6,-34.1,16.4,93.6,32.0,8.0,88.1,12.0,0.6,0.5,0.6,-28.4,8.2,50.0,17.6,6.0,72.4,10.0,0.8,0.5,0.5,-26.0,8.6,70.1,22.6,6.0,60.4,10.0,0.8,0.5,0.5,-12.5,-0.3,3.9,-4.4,6.0,11.4,10.0,0.8,0.5,0.5,-12.5,0.2,4.2,-3.3,6.0,10.6,10.0,0.8,0.5,0.5,11.5,97.5,1753.5,738.0,9.0,1303.5,12.0,0.6,0.6,0.5,10.0,95.0,1755.0,740.0,9.0,1305.0,12.0,0.6,0.6,0.5
1974,2,336.0,36.0,15.46,16.2,17.73,16.44,17.0,1.21,14.0,0.5,0.5,0.5,14.33,15.1,17.33,15.9,22.0,1.82,14.0,0.5,0.5,0.5,7.77,8.94,10.16,8.95,17.0,1.44,16.0,0.5,0.6,0.6,75.1,83.8,89.0,80.9,17.0,11.1,16.0,0.5,0.6,2.77,6.6,9.87,6.13,22.0,3.29,14.0,0.5,0.5,0.5,-3.14,0.36,4.74,0.23,22.0,4.54,14.0,0.5,0.5,0.5,-6.82,0.53,2.63,-0.6,22.0,5.4,14.0,0.5,0.5,0.5,1018.93,1026.55,1031.27,1025.27,22.0,5.75,14.0,0.5,0.5,0.5,3.0,6.0,8.0,5.8,21.0,2.0,14.0,0.5,0.5,0.6,-23.1,0.8,30.9,-2.7,22.0,39.2,14.0,0.5,0.5,0.5,-52.5,1.6,19.7,-5.3,22.0,51.4,14.0,0.5,0.5,0.5,-0.09,1.0,1.75,0.65,17.0,1.54,14.0,0.5,0.5,0.5,0.0,3.9,12.3,5.2,17.0,11.9,14.0,0.5,0.5,0.5,1.5,2.72,3.35,2.44,14.0,1.37,16.0,0.5,0.5,0.6,4.0,17.1,33.3,18.3,14.0,16.5,16.0,0.5,0.5,0.6,-51.3,5.6,74.0,6.4,22.0,71.5,14.0,0.5,0.5,0.5,-97.1,7.6,39.4,-7.3,22.0,83.9,14.0,0.5,0.5,0.5,-34.0,21.2,49.2,6.0,17.0,44.6,16.0,0.5,0.6,0.6,-49.2,8.9,38.2,0.2,17.0,47.0,16.0,0.5,0.6,0.6,-9.0,0.4,9.7,-2.4,14.0,15.4,16.0,0.5,0.5,0.6,-16.9,1.1,6.1,0.1,14.0,19.7,16.0,0.5,0.5,0.6,21.5,290.5,971.5,423.0,22.0,501.0,14.0,0.5,0.5,0.5,20.0,290.0,970.0,425.0,22.0,500.0,14.0,0.5,0.5,0.5
1974,2,336.0,37.0,14.7,16.0,16.41,15.96,18.0,1.31,14.0,0.5,0.6,0.5,14.0,14.9,16.65,15.27,18.0,1.39,14.0,0.5,0.6,0.5,5.74,6.61,9.47,7.45,12.0,2.11,16.0,0.4,0.7,0.5,57.3,71.2,89.9,72.1,13.0,16.4,14.0,0.5,0.5,4.11,6.95,10.29,7.55,20.0,4.45,14.0,0.5,0.6,0.5,-5.26,-1.03,5.02,0.25,20.0,6.01,14.0,0.5,0.6,0.5,-3.84,0.63,8.48,1.9,20.0,6.31,14.0,0.5,0.6,0.5,1016.79,1026.1,1029.82,1024.34,17.0,6.92,14.0,0.5,0.6,0.5,2.0,6.0,8.0,5.3,20.0,2.5,14.0,0.5,0.6,0.5,-43.0,-2.2,47.9,7.8,20.0,73.7,14.0,0.5,0.6,0.5,-24.6,2.6,83.1,32.3,20.0,81.3,14.0,0.5,0.6,0.5,-1.06,1.0,2.35,0.69,18.0,2.12,14.0,0.5,0.6,0.5,-5.5,8.6,15.4,4.7,18.0,17.1,14.0,0.5,0.6,0.5,1.29,4.45,5.51,3.47,12.0,2.49,16.0,0.4,0.7,0.5,1.9,22.1,31.7,18.0,12.0,18.2,16.0,0.4,0.7,0.5,-64.0,21.7,100.9,21.5,18.0,86.0,14.0,0.5,0.6,0.5,-53.4,10.0,124.8,28.5,18.0,92.1,14.0,0.5,0.6,0.5,-32.1,-15.1,34.2,-0.9,12.0,43.2,16.0,0.4,0.7,0.5,-29.7,-7.4,26.4,-1.3,12.0,36.9,16.0,0.4,0.7,0.5,-19.7,-11.5,10.1,-6.3,12.0,16.8,16.0,0.4,0.7,0.5,-23.7,-9.1,4.0,-9.7,12.0,16.1,16.0,0.4,0.7,0.5,69.5,347.5,1090.5,914.0,20.0,1496.0,14.0,0.5,0.6,0.5,70.0,345.0,1090.0,915.0,20.0,1495.0,14.0,0.5,0.6,0.5
1974,2,336.0,38.0,14.65,15.3,16.95,15.52,23.0,1.38,8.0,0.5,0.6,0.4,13.3,15.0,16.94,15.06,27.0,1.58,8.0,0.5,0.6,0.4,5.54,9.08,10.16,8.33,19.0,1.95,8.0,0.5,0.6,0.4,58.3,85.1,94.9,79.7,20.0,15.4,8.0,0.5,0.4,4.6,6.7,10.74,7.67,27.0,4.22,8.0,0.5,0.6,0.4,0.15,4.6,7.69,3.84,27.0,5.1,8.0,0.5,0.6,0.4,0.0,2.29,8.33,3.21,27.0,5.18,8.0,0.5,0.6,0.4,1016.09,1027.0,1031.1,1023.84,27.0,7.99,8.0,0.5,0.6,0.4,1.0,6.5,8.0,5.4,26.0,2.9,8.0,0.5,0.5,0.4,0.2,28.9,77.7,42.1,27.0,74.5,8.0,0.5,0.6,0.4,0.0,15.4,83.2,37.1,27.0,60.2,8.0,0.5,0.6,0.4,-1.05,0.2,2.25,0.53,23.0,1.91,8.0,0.5,0.6,0.4,-11.7,0.3,10.2,0.8,22.0,12.4,8.0,0.5,0.6,0.4,0.83,1.92,4.95,2.54,18.0,1.81,6.0,0.5,0.6,0.4,3.9,13.7,27.1,15.6,17.0,12.7,6.0,0.5,0.6,0.4,-1.4,63.9,122.6,60.9,26.0,84.6,8.0,0.5,0.6,0.4,-1.1,37.6,117.2,51.8,26.0,80.8,8.0,0.5,0.6,0.4,-5.2,29.3,62.8,36.3,18.0,50.3,6.0,0.5,0.6,0.4,-3.7,10.1,75.4,30.3,18.0,45.9,6.0,0.5,0.6,0.4,-1.0,5.7,13.0,5.7,17.0,14.0,6.0,0.5,0.6,0.4,-1.7,3.7,15.4,6.1,17.0,12.2,6.0,0.5,0.6,0.4,97.5,301.0,1238.5,893.0,27.0,1452.5,8.0,0.5,0.6,0.4,95.0,300.0,1240.0,895.0,27.0,1450.0,8.0,0.5,0.6,0.4
1974,2,336.0,39.0,13.14,14.55,16.36,14.75,18.0,1.82,16.0,0.7,0.6,0.4,12.73,14.8,15.66,14.25,19.0,1.8,16.0,0.6,0.5,0.4,5.52,6.96,8.3,7.04,13.0,1.43,16.0,0.5,0.5,0.4,60.3,75.0,81.5,71.8,13.0,10.4,16.0,0.5,0.4,4.03,6.7,11.96,8.08,19.0,4.59,16.0,0.6,0.5,0.4,-3.08,2.64,9.26,3.5,19.0,7.39,16.0,0.6,0.5,0.4,-4.13,0.0,5.18,0.64,19.0,4.69,16.0,0.6,0.5,0.4,1015.71,1023.2,1029.54,1022.85,19.0,6.29,16.0,0.6,0.5,0.4,3.0,7.0,8.0,6.1,18.0,2.4,16.0,0.6,0.5,0.4,-12.2,10.8,107.7,49.9,19.0,105.4,16.0,0.6,0.5,0.4,-19.4,0.0,31.5,8.8,19.0,45.0,16.0,0.6,0.5,0.4,-1.0,0.75,1.66,0.43,18.0,1.48,16.0,0.7,0.6,0.4,-3.0,6.9,15.8,4.3,18.0,12.6,16.0,0.7,0.6,0.4,2.25,3.06,4.41,3.2,13.0,1.12,16.0,0.5,0.5,0.4,11.0,28.6,40.0,26.9,13.0,14.6,16.0,0.5,0.5,0.4,-44.3,39.3,135.8,49.6,19.0,101.9,16.0,0.6,0.5,0.4,-47.6,0.0,89.2,14.4,19.0,68.5,16.0,0.6,0.5,0.4,-17.1,17.7,74.8,30.4,13.0,57.6,16.0,0.5,0.5,0.4,-27.9,0.0,22.0,2.3,13.0,34.7,16.0,0.5,0.5,0.4,-4.9,12.0,40.0,13.9,13.0,23.4,16.0,0.5,0.5,0.4,-22.5,0.0,12.5,-2.7,13.0,15.2,16.0,0.5,0.5,0.4,65.5,301.0,1715.5,1068.0,19.0,1643.0,16.0,0.6,0.5,0.4,65.0,300.0,1715.0,1070.0,19.0,1645.0,16.0,0.6,0.5,0.4
1974,2,336.0,40.0,13.0,14.4,15.0,14.26,19.0,1.03,10.0,0.5,0.6,0.4,12.51,13.85,15.5,14.11,20.0,1.62,10.0,0.6,0.6,0.4,5.57,8.63,9.32,7.94,15.0,1.89,10.0,0.6,0.6,0.4,62.8,83.0,93.1,77.6,16.0,15.4,10.0,0.6,0.4,4.6,7.95,15.63,9.24,22.0,5.75,12.0,0.5,0.6,0.4,0.47,5.2,12.7,6.84,22.0,6.34,12.0,0.5,0.6,0.4,-5.68,0.0,4.93,-0.19,22.0,5.76,12.0,0.5,0.6,0.4,1010.03,1025.65,1030.73,1022.11,22.0,9.74,12.0,0.5,0.6,0.4,4.0,7.0,8.0,6.2,22.0,2.3,12.0,0.5,0.6,0.4,3.9,30.7,203.4,93.9,22.0,130.5,12.0,0.5,0.6,0.4,-59.9,0.0,47.1,-1.3,22.0,76.3,12.0,0.5,0.6,0.4,-1.8,0.0,2.24,0.21,18.0,1.77,10.0,0.6,0.6,0.4,-12.3,0.0,11.3,0.7,18.0,15.1,10.0,0.6,0.6,0.4,0.5,1.0,5.0,2.15,14.0,2.07,10.0,0.6,0.6,0.4,3.0,5.5,21.4,12.2,14.0,13.5,10.0,0.6,0.6,0.4,17.6,78.3,179.9,100.5,20.0,87.3,10.0,0.6,0.6,0.4,-38.4,0.0,74.9,11.9,20.0,77.8,10.0,0.6,0.6,0.4,4.1,46.0,86.2,53.7,15.0,54.8,10.0,0.6,0.6,0.4,-16.4,0.0,38.1,5.1,15.0,41.1,10.0,0.6,0.6,0.4,0.0,3.7,15.4,6.8,14.0,7.7,10.0,0.6,0.6,0.4,-8.7,0.0,2.7,-5.1,14.0,14.3,10.0,0.6,0.6,0.4,97.5,504.0,3891.0,1784.0,22.0,2862.0,12.0,0.5,0.6,0.4,95.0,505.0,3890.0,1785.0,22.0,2860.0,12.0,0.5,0.6,0.4
1974,2,336.0,41.0,13.0,13.8,15.41,14.0,21.0,1.12,12.0,0.6,0.6,0.5,11.93,13.2,14.83,13.47,22.0,1.38,12.0,0.6,0.6,0.5,6.26,7.21,9.24,7.51,20.0,1.31,12.0,0.6,0.6,0.4,67.1,78.2,90.1,79.0,20.0,10.3,12.0,0.6,0.4,5.1,7.2,10.3,7.91,22.0,3.16,12.0,0.6,0.6,0.5,-1.46,3.93,9.52,3.71,22.0,5.9,12.0,0.6,0.6,0.5,-5.19,3.35,5.87,1.28,22.0,4.97,12.0,0.6,0.6,0.5,1010.06,1024.9,1028.5,1021.78,22.0,9.78,12.0,0.6,0.6,0.5,3.2,7.0,8.0,5.9,21.0,2.2,12.0,0.6,0.6,0.5,-7.4,28.0,96.6,39.5,22.0,68.3,12.0,0.6,0.6,0.5,-38.5,23.4,43.2,12.6,22.0,44.6,12.0,0.6,0.6,0.5,-1.75,1.0,2.0,0.45,21.0,1.65,12.0,0.6,0.6,0.5,-11.7,7.7,15.4,3.7,21.0,13.4,12.0,0.6,0.6,0.5,1.67,2.4,2.98,2.25,19.0,0.96,12.0,0.6,0.6,0.5,9.0,16.1,28.8,18.1,19.0,11.2,12.0,0.6,0.6,0.5,-21.6,48.2,130.4,49.7,22.0,83.1,12.0,0.6,0.6,0.5,-62.6,43.4,75.2,19.8,22.0,65.2,12.0,0.6,0.6,0.5,-4.9,35.7,74.3,32.1,20.0,48.9,12.0,0.6,0.6,0.4,-30.2,26.4,47.6,15.7,20.0,34.9,12.0,0.6,0.6,0.4,-2.2,8.9,20.7,9.0,19.0,14.4,12.0,0.6,0.6,0.5,-10.0,7.2,11.6,2.6,19.0,13.1,12.0,0.6,0.6,0.5,132.5,373.0,1092.5,731.5,22.0,835.0,12.0,0.6,0.6,0.5,135.0,375.0,1095.0,730.0,22.0,835.0,12.0,0.6,0.6,0.5
1974,2,336.0,42.0,12.46,13.5,14.23,13.49,19.0,1.47,12.0,0.4,0.6,0.5,11.52,12.7,14.97,13.1,21.0,1.93,12.0,0.5,0.6,0.5,5.67,8.97,9.39,8.11,14.0,1.74,12.0,0.6,0.7,0.4,70.9,84.9,93.2,83.6,15.0,10.4,12.0,0.5,0.4,6.7,10.4,16.99,11.8,20.0,5.88,12.0,0.5,0.6,0.5,0.05,8.01,13.02,7.1,20.0,6.65,12.0,0.5,0.6,0.5,-0.98,4.47,10.91,5.56,20.0,7.16,12.0,0.5,0.6,0.5,1007.63,1020.5,1026.16,1018.75,19.0,8.91,12.0,0.5,0.6,0.5,5.0,8.0,8.0,6.5,17.0,2.3,12.0,0.5,0.6,0.5,0.3,98.6,192.1,110.3,20.0,109.5,12.0,0.5,0.6,0.5,-2.0,42.9,184.9,96.6,20.0,150.2,12.0,0.5,0.6,0.5,-1.53,-0.5,2.37,0.49,19.0,2.53,12.0,0.4,0.6,0.5,-23.5,-6.9,17.9,-0.1,18.0,30.2,12.0,0.4,0.6,0.5,0.15,0.99,4.58,1.82,12.0,2.39,12.0,0.5,0.7,0.4,-0.1,7.5,25.4,16.2,11.0,28.0,12.0,0.5,0.7,0.4,0.7,111.3,191.2,98.7,20.0,94.1,12.0,0.5,0.6,0.5,-12.3,67.1,163.6,80.5,20.0,102.3,12.0,0.5,0.6,0.5,-3.3,67.7,117.8,56.4,13.0,61.8,12.0,0.6,0.7,0.5,-12.2,42.1,119.9,55.9,13.0,66.7,12.0,0.6,0.7,0.5,-7.2,1.6,12.7,6.8,11.0,30.7,12.0,0.5,0.7,0.4,-10.0,1.1,4.9,-1.7,11.0,8.8,12.0,0.5,0.7,0.4,301.0,1130.0,4906.5,2907.0,20.0,3896.0,12.0,0.5,0.6,0.5,300.0,1130.0,4905.0,2905.0,20.0,3895.0,12.0,0.5,0.6,0.5
1974,2,336.0,43.0,12.0,12.9,13.37,13.03,18.0,1.35,16.0,0.7,0.6,0.4,11.03,12.2,14.0,12.59,21.0,1.42,16.0,0.7,0.6,0.4,5.71,7.38,8.77,7.16,11.0,1.7,16.0,0.7,0.6,0.4,68.4,80.1,88.2,78.1,11.0,13.7,16.0,0.7,0.4,2.94,7.7,10.56,7.7,19.0,5.2,16.0,0.7,0.6,0.5,-5.11,1.3,8.83,1.69,19.0,6.19,16.0,0.7,0.6,0.5,-2.3,2.63,5.35,1.06,19.0,6.86,16.0,0.7,0.6,0.5,1012.3,1022.1,1035.83,1021.87,21.0,14.1,16.0,0.7,0.6,0.4,3.9,6.0,8.0,5.7,19.0,2.1,16.0,0.8,0.6,0.4,-57.2,3.4,83.1,23.2,19.0,75.0,16.0,0.7,0.6,0.5,-8.4,10.6,45.9,-1.6,19.0,110.4,16.0,0.7,0.6,0.5,-1.59,0.1,1.93,0.47,18.0,2.01,16.0,0.7,0.6,0.4,-12.3,0.0,25.3,6.0,16.0,24.0,16.0,0.6,0.6,0.4,0.29,2.37,3.84,2.21,10.0,1.8,14.0,0.7,0.6,0.3,0.2,4.5,55.3,17.6,8.0,27.3,16.0,0.6,0.6,0.4,-60.9,15.6,111.7,22.7,19.0,77.0,16.0,0.7,0.6,0.5,-27.2,32.7,76.3,17.5,19.0,81.4,16.0,0.7,0.6,0.5,-14.2,35.5,75.5,28.7,9.0,47.3,16.0,0.7,0.6,0.4,-69.5,19.2,26.4,-8.4,9.0,53.3,16.0,0.7,0.6,0.4,0.0,1.7,28.0,8.9,8.0,16.7,16.0,0.6,0.6,0.4,-42.4,0.0,0.8,-12.8,8.0,23.3,16.0,0.6,0.6,0.4,25.5,456.5,1241.5,1133.0,19.0,2074.5,16.0,0.7,0.6,0.5,25.0,455.0,1240.0,1135.0,19.0,2075.0,16.0,0.7,0.6,0.5
1974,2,336.0,44.0,10.78,12.5,13.37,12.21,9.0,1.35,14.0,0.3,0.7,0.3,11.0,12.5,13.75,12.15,14.0,1.58,14.0,0.4,0.7,0.3,6.27,6.73,8.14,7.09,9.0,1.19,12.0,0.3,0.6,0.3,70.9,81.7,89.4,80.3,9.0,9.2,12.0,0.3,0.3,8.23,12.35,20.27,13.3,14.0,7.11,14.0,0.4,0.7,0.3,-3.0,7.7,12.74,6.96,14.0,8.3,14.0,0.4,0.7,0.3,-6.29,1.37,13.2,2.59,14.0,10.62,14.0,0.4,0.7,0.3,996.4,1011.05,1030.68,1012.28,14.0,15.75,14.0,0.4,0.7,0.3,1.0,6.0,8.0,5.2,13.0,2.9,14.0,0.4,0.7,0.3,-30.4,81.2,318.5,129.6,14.0,190.8,14.0,0.4,0.7,0.3,-79.8,22.1,222.2,72.6,14.0,210.3,14.0,0.4,0.7,0.3,-1.29,-0.5,0.99,-0.07,9.0,1.44,14.0,0.3,0.7,0.3,-14.9,-6.9,15.7,0.8,9.0,16.9,14.0,0.3,0.7,0.3,0.15,1.71,2.96,1.65,8.0,1.33,14.0,0.4,0.7,0.3,1.6,20.6,43.9,23.0,8.0,21.8,14.0,0.4,0.7,0.3,-43.0,79.3,159.7,80.7,14.0,105.3,14.0,0.4,0.7,0.3,-57.8,15.9,171.5,37.8,14.0,131.6,14.0,0.4,0.7,0.3,-20.2,50.1,86.2,43.0,9.0,55.1,12.0,0.3,0.6,0.3,-54.8,31.1,104.4,22.1,9.0,86.0,12.0,0.3,0.6,0.3,0.8,15.1,27.4,17.6,8.0,18.1,14.0,0.4,0.7,0.3,-8.8,-0.6,12.1,-0.1,8.0,20.1,14.0,0.4,0.7,0.3,558.0,1895.0,8420.5,4418.0,14.0,6234.5,14.0,0.4,0.7,0.3,560.0,1895.0,8420.0,4420.0,14.0,6235.0,14.0,0.4,0.7,0.3
1974,2,336.0,45.0,11.45,12.0,12.85,12.09,12.0,0.91,18.0,0.5,0.5,0.5,11.0,11.7,12.48,11.65,14.0,0.9,18.0,0.5,0.5,0.5,5.43,6.9,7.71,6.65,11.0,1.08,20.0,0.5,0.5,0.5,66.3,82.9,88.7,78.7,11.0,11.0,20.0,0.5,0.5,6.76,9.8,16.7,11.19,14.0,5.13,18.0,0.5,0.5,0.5,-4.86,2.95,8.7,3.72,14.0,8.43,18.0,0.5,0.5,0.5,-3.76,5.35,9.16,3.17,14.0,8.01,18.0,0.5,0.5,0.5,1017.61,1024.05,1029.82,1023.88,14.0,10.31,18.0,0.5,0.5,0.5,5.8,8.0,8.0,7.0,13.0,1.7,18.0,0.5,0.5,0.5,-42.7,25.4,149.6,72.3,14.0,160.0,18.0,0.5,0.5,0.5,-86.8,40.2,89.8,16.9,14.0,110.9,18.0,0.5,0.5,0.5,-0.2,0.35,1.63,0.56,12.0,1.26,18.0,0.5,0.5,0.5,-2.1,3.4,20.5,9.6,12.0,16.1,18.0,0.5,0.5,0.5,1.03,1.86,2.96,2.02,9.0,0.97,20.0,0.4,0.5,0.5,8.7,22.8,37.5,27.3,9.0,24.5,20.0,0.4,0.5,0.5,-58.0,36.6,98.5,39.2,14.0,92.8,18.0,0.5,0.5,0.5,-41.3,64.9,111.7,39.7,14.0,91.1,18.0,0.5,0.5,0.5,-33.9,16.1,46.9,14.9,11.0,47.2,20.0,0.5,0.5,0.5,-32.8,47.7,67.9,25.9,11.0,57.1,20.0,0.5,0.5,0.5,-4.6,4.3,20.9,13.8,9.0,27.9,20.0,0.4,0.5,0.5,-22.5,7.4,18.4,0.9,9.0,21.0,20.0,0.4,0.5,0.5,310.5,941.0,4720.5,2326.5,14.0,3313.0,18.0,0.5,0.5,0.5,310.0,940.0,4720.0,2325.0,14.0,3315.0,18.0,0.5,0.5,0.5
1974,2,336.0,46.0,11.55,12.7,13.22,12.47,9.0,1.07,16.0,0.3,0.7,0.5,10.33,11.4,13.0,11.59,14.0,1.47,16.0,0.3,0.6,0.5,5.96,7.23,8.08,7.11,11.0,1.15,16.0,0.3,0.6,0.5,72.5,85.6,93.5,83.1,11.0,11.5,16.0,0.3,0.5,9.3,11.85,15.4,12.83,14.0,5.82,16.0,0.3,0.6,0.5,-4.6,7.41,13.32,6.44,14.0,9.7,16.0,0.3,0.6,0.5,-6.28,3.89,9.77,2.11,14.0,8.22,16.0,0.3,0.6,0.5,1009.54,1016.4,1024.96,1015.98,13.0,12.31,16.0,0.3,0.6,0.5,2.2,8.0,8.0,6.0,14.0,2.9,16.0,0.3,0.6,0.5,-62.9,83.6,203.9,116.5,14.0,209.2,16.0,0.3,0.6,0.5,-54.7,49.8,124.2,45.2,14.0,144.8,16.0,0.3,0.6,0.5,-0.64,0.3,2.1,0.49,9.0,1.55,16.0,0.3,0.7,0.5,-5.9,3.2,35.5,11.6,9.0,29.2,16.0,0.3,0.7,0.5,0.46,1.14,3.0,1.63,9.0,1.57,16.0,0.3,0.7,0.5,4.3,15.2,67.0,28.9,9.0,35.3,16.0,0.3,0.7,0.5,-43.2,96.7,154.2,74.3,14.0,110.9,16.0,0.3,0.6,0.5,-76.4,44.1,124.6,29.9,14.0,93.5,16.0,0.3,0.6,0.5,-47.2,67.1,91.1,41.3,11.0,70.5,16.0,0.3,0.6,0.5,-18.3,37.8,83.8,30.1,11.0,61.7,16.0,0.3,0.6,0.5,-5.5,1.8,64.9,20.6,9.0,36.0,16.0,0.3,0.7,0.5,-13.0,3.1,13.4,5.6,9.0,19.3,16.0,0.3,0.7,0.5,804.5,1703.0,3652.5,3565.0,14.0,6061.5,16.0,0.3,0.6,0.5,805.0,1705.0,3650.0,3565.0,14.0,6060.0,16.0,0.3,0.6,0.5
1974,2,336.0,47.0,11.0,11.3,12.43,11.54,8.0,1.02,16.0,0.5,0.6,0.5,10.21,10.9,12.11,10.88,9.0,1.42,16.0,0.4,0.6,0.5,6.32,7.26,7.52,7.15,8.0,0.91,16.0,0.5,0.6,0.5,84.8,90.5,93.6,89.0,8.0,5.4,16.0,0.5,0.5,9.43,10.8,12.6,11.04,9.0,2.92,16.0,0.4,0.6,0.5,-3.94,5.65,12.04,4.51,9.0,7.28,16.0,0.4,0.6,0.5,1.19,9.3,9.76,6.77,9.0,4.27,16.0,0.4,0.6,0.5,1011.5,1019.5,1026.02,1017.83,9.0,10.93,16.0,0.4,0.6,0.5,4.5,8.0,8.0,6.4,9.0,2.8,16.0,0.4,0.6,0.5,-42.6,38.4,151.8,59.5,9.0,96.9,16.0,0.4,0.6,0.5,15.3,86.5,108.0,79.3,9.0,57.4,16.0,0.4,0.6,0.5,-0.38,0.7,2.0,0.68,8.0,1.44,16.0,0.5,0.6,0.5,-4.3,7.0,22.3,5.4,8.0,15.6,16.0,0.5,0.6,0.5,0.77,1.34,1.93,1.23,8.0,0.84,16.0,0.5,0.6,0.5,8.2,11.4,20.2,11.9,8.0,8.9,16.0,0.5,0.6,0.5,-45.8,65.1,130.1,48.2,9.0,80.9,16.0,0.4,0.6,0.5,15.5,97.7,117.0,76.0,9.0,47.2,16.0,0.4,0.6,0.5,-36.1,33.6,64.2,24.7,8.0,51.8,16.0,0.5,0.6,0.5,4.2,56.1,70.3,45.4,8.0,30.1,16.0,0.5,0.6,0.5,-5.3,1.7,9.3,2.4,8.0,10.8,16.0,0.5,0.6,0.5,0.0,8.2,15.2,7.4,8.0,7.5,16.0,0.5,0.6,0.5,841.0,1259.5,2011.0,1609.0,9.0,1350.5,16.0,0.4,0.6,0.5,840.0,1260.0,2010.0,1610.0,9.0,1350.0,16.0,0.4,0.6,0.5
1974,2,336.0,48.0,9.52,11.0,13.08,11.28,5.0,2.29,16.0,0.4,0.6,0.4,8.02,11.0,11.27,9.84,5.0,1.95,16.0,0.4,0.6,0.4,5.39,6.7,7.63,6.52,4.0,1.5,16.0,0.5,0.6,0.4,70.7,82.5,93.3,82.0,4.0,14.2,16.0,0.5,0.4,5.1,6.7,15.01,9.86,5.0,6.6,16.0,0.4,0.6,0.4,1.49,3.91,14.11,7.19,5.0,8.19,16.0,0.4,0.6,0.4,-0.49,4.04,5.16,2.17,5.0,5.24,16.0,0.4,0.6,0.4,1003.39,1020.7,1026.29,1015.8,5.0,14.33,16.0,0.4,0.6,0.4,3.6,5.0,8.0,5.6,5.0,2.3,16.0,0.4,0.6,0.4,9.4,22.4,228.7,112.6,5.0,168.6,16.0,0.4,0.6,0.4,-42.4,24.4,42.1,-3.5,5.0,80.1,16.0,0.4,0.6,0.4,-1.76,1.2,4.73,1.44,5.0,3.63,16.0,0.4,0.6,0.4,-10.1,6.1,75.1,31.0,5.0,57.1,16.0,0.4,0.6,0.4,-0.01,1.04,3.88,1.89,4.0,2.81,16.0,0.5,0.6,0.4,-0.4,5.3,67.9,32.4,4.0,59.9,16.0,0.5,0.6,0.4,16.8,44.5,110.1,61.4,5.0,68.3,16.0,0.4,0.6,0.4,-4.2,37.4,57.2,24.5,5.0,49.6,16.0,0.4,0.6,0.4,5.2,25.9,59.3,32.0,4.0,41.8,16.0,0.5,0.6,0.4,-7.0,27.3,40.9,17.4,4.0,34.8,16.0,0.5,0.6,0.4,-2.2,0.2,60.9,28.0,4.0,57.8,16.0,0.5,0.6,0.4,-23.0,-0.5,4.8,-8.7,4.0,22.4,16.0,0.5,0.6,0.4,132.5,301.0,4235.5,2190.0,5.0,3717.0,16.0,0.4,0.6,0.4,135.0,300.0,4235.0,2190.0,5.0,3715.0,16.0,0.4,0.6,0.4
1974,2,336.0,49.0,10.0,10.0,10.97,10.3,8.0,0.59,20.0,0.1,0.4,0.5,7.09,9.3,11.13,9.25,8.0,2.08,20.0,0.1,0.4,0.5,4.27,6.21,7.63,5.96,8.0,1.67,20.0,0.1,0.4,0.5,70.6,86.1,91.0,81.2,8.0,13.5,20.0,0.1,0.5,4.78,7.45,9.3,7.91,8.0,3.66,20.0,0.1,0.4,0.5,-3.08,2.64,8.58,1.97,8.0,5.94,20.0,0.1,0.4,0.5,-4.53,2.57,6.05,0.62,8.0,6.7,20.0,0.1,0.4,0.5,1020.11,1023.1,1028.4,1021.56,8.0,8.74,20.0,0.1,0.4,0.5,2.9,6.0,8.0,5.1,7.0,2.9,20.0,0.1,0.4,0.5,-28.0,11.0,78.5,22.6,8.0,67.4,20.0,0.1,0.4,0.5,-27.3,15.6,41.2,-4.1,8.0,79.1,20.0,0.1,0.4,0.5,-0.47,0.9,2.88,1.05,8.0,2.13,20.0,0.1,0.4,0.5,-2.2,5.7,25.2,7.5,8.0,16.2,20.0,0.1,0.4,0.5,0.3,1.33,3.77,1.74,8.0,1.65,20.0,0.1,0.4,0.5,2.0,9.8,23.4,13.1,8.0,14.3,20.0,0.1,0.4,0.5,-36.9,21.4,69.4,10.4,8.0,54.7,20.0,0.1,0.4,0.5,-30.4,25.0,64.4,15.7,8.0,62.3,20.0,0.1,0.4,0.5,-23.9,12.4,44.2,6.2,8.0,36.1,20.0,0.1,0.4,0.5,-18.8,16.4,46.2,11.7,8.0,39.8,20.0,0.1,0.4,0.5,-0.4,5.9,16.4,8.3,8.0,10.5,20.0,0.1,0.4,0.5,-17.7,-0.3,2.9,-6.6,8.0,12.7,20.0,0.1,0.4,0.5,113.0,426.0,804.5,812.0,8.0,1184.5,20.0,0.1,0.4,0.5,115.0,425.0,805.0,810.0,8.0,1185.0,20.0,0.1,0.4,0.5
1974,2,336.0,50.0,9.56,10.4,11.9,10.6,8.0,1.1,12.0,0.5,0.5,0.4,6.27,7.75,11.16,8.25,8.0,2.9,12.0,0.5,0.5,0.4,3.79,4.96,8.18,5.71,7.0,2.19,10.0,0.6,0.5,0.4,64.2,80.6,94.5,79.1,7.0,15.8,10.0,0.6,0.4,6.81,13.15,20.42,13.56,8.0,6.8,12.0,0.5,0.5,0.4,5.9,7.83,16.04,10.36,8.0,6.11,12.0,0.5,0.5,0.4,-7.4,-2.76,8.87,0.71,8.0,9.79,12.0,0.5,0.5,0.4,994.05,1011.8,1029.12,1008.45,8.0,22.38,12.0,0.5,0.5,0.4,6.0,7.0,8.0,7.0,6.0,0.9,12.0,0.5,0.6,0.4,40.3,130.3,296.1,168.6,8.0,163.7,12.0,0.5,0.5,0.4,-125.5,-19.6,163.8,27.6,8.0,185.3,12.0,0.5,0.5,0.4,0.92,2.5,4.81,2.35,8.0,2.43,12.0,0.5,0.5,0.4,8.0,22.4,62.1,30.9,8.0,48.2,12.0,0.5,0.5,0.4,0.45,3.61,3.69,2.34,7.0,1.85,10.0,0.6,0.5,0.4,3.1,32.4,51.2,33.8,7.0,33.6,10.0,0.6,0.5,0.4,38.7,72.9,104.9,82.8,8.0,55.8,12.0,0.5,0.5,0.4,-28.5,-19.9,110.4,24.1,8.0,89.6,12.0,0.5,0.5,0.4,41.8,51.3,75.3,62.0,7.0,38.3,10.0,0.6,0.5,0.4,-27.4,-9.0,84.6,21.5,7.0,66.4,10.0,0.6,0.5,0.4,2.7,21.0,48.6,27.1,7.0,31.8,10.0,0.6,0.5,0.4,-31.5,-8.2,3.3,-8.9,7.0,22.4,10.0,0.6,0.5,0.4,318.0,2276.5,8533.0,4171.0,8.0,4581.5,12.0,0.5,0.5,0.4,320.0,2275.0,8535.0,4170.0,8.0,4580.0,12.0,0.5,0.5,0.4
1974,2,336.0,51.0,8.63,10.0,11.24,9.96,5.0,1.55,10.0,0.8,0.6,0.3,4.75,7.0,11.71,7.8,6.0,3.49,10.0,0.7,0.6,0.3,3.77,4.75,6.91,5.03,6.0,1.84,10.0,0.7,0.6,0.3,63.9,80.2,84.4,74.2,6.0,19.0,10.0,0.7,0.3,7.89,14.9,19.33,14.05,6.0,5.84,10.0,0.7,0.6,0.3,5.81,10.37,12.87,9.67,6.0,4.53,10.0,0.7,0.6,0.3,-13.28,-1.65,9.51,-0.96,6.0,11.71,10.0,0.7,0.6,0.3,990.39,1000.25,1019.17,1001.4,6.0,17.05,10.0,0.7,0.6,0.3,4.8,7.5,8.0,6.2,6.0,3.1,10.0,0.7,0.6,0.3,39.8,164.7,223.3,153.1,6.0,110.5,10.0,0.7,0.6,0.3,-242.5,-17.0,114.7,-27.6,6.0,213.2,10.0,0.7,0.6,0.3,1.01,4.2,5.0,3.1,5.0,2.45,10.0,0.8,0.6,0.3,6.4,61.5,84.3,49.1,5.0,44.5,10.0,0.8,0.6,0.3,2.08,2.61,4.47,3.09,5.0,1.45,10.0,0.8,0.6,0.3,23.9,45.8,53.0,38.7,5.0,18.3,10.0,0.8,0.6,0.3,40.6,62.5,91.8,67.3,6.0,32.8,10.0,0.7,0.6,0.3,-54.1,-11.5,112.8,25.7,6.0,103.4,10.0,0.7,0.6,0.3,18.4,49.4,72.5,47.6,6.0,26.5,10.0,0.7,0.6,0.3,-57.9,-6.0,66.6,6.4,6.0,70.8,10.0,0.7,0.6,0.3,19.9,31.5,44.9,31.4,5.0,18.1,10.0,0.8,0.6,0.3,-34.5,-9.2,-0.2,-15.0,5.0,19.2,10.0,0.8,0.6,0.3,499.5,3610.0,7248.0,3945.5,6.0,3539.5,10.0,0.7,0.6,0.3,500.0,3610.0,7250.0,3945.0,6.0,3540.0,10.0,0.7,0.6,0.3
1974,2,336.0,52.0,,,,,,,,,,,,,,,,,,,,,,,,,,,,,,,,,,,,,,,,15.76,20.85,25.94,20.85,2.0,10.54,10.0,0.5,0.4,0.7,7.88,10.43,12.97,10.43,2.0,5.27,10.0,0.5,0.4,0.7,-22.46,-18.06,-13.65,-18.06,2.0,9.12,10.0,0.5,0.4,0.7,983.62,985.6,987.58,985.6,2.0,4.1,10.0,0.5,0.4,0.7,3.6,5.0,6.4,5.0,2.0,2.8,10.0,0.5,0.4,0.7,139.1,245.1,351.1,245.1,2.0,219.7,10.0,0.5,0.4,0.7,-608.2,-424.5,-240.9,-424.5,2.0,380.5,10.0,0.5,0.4,0.7,,,,,,,,,,,,,,,,,,,,,,,,,,,,,,,,,,,,,,,,,42.8,62.7,82.7,62.7,2.0,41.3,10.0,0.5,0.4,0.7,-143.2,-108.7,-74.1,-108.7,2.0,71.6,10.0,0.5,0.4,0.7,34.7,51.0,67.4,51.0,2.0,33.8,10.0,0.5,0.4,0.7,-116.7,-88.4,-60.1,-88.4,2.0,58.6,10.0,0.5,0.4,0.7,,,,,,,,,,,,,,,,,,,,,,,,,,,,,,,,,,,,,,,,
1974,2,336.0,53.0,9.15,9.6,11.57,10.33,4.0,1.83,20.0,1.0,0.4,0.4,7.14,7.8,10.19,8.63,4.0,2.31,20.0,1.0,0.4,0.4,4.57,5.54,5.62,5.11,3.0,0.85,18.0,1.0,0.4,0.4,67.1,68.0,77.5,72.2,3.0,8.4,18.0,1.0,0.4,3.19,9.8,14.21,8.75,4.0,6.89,20.0,1.0,0.4,0.4,2.76,7.85,11.37,7.1,4.0,5.52,20.0,1.0,0.4,0.4,-7.25,-1.12,1.76,-2.67,4.0,6.5,20.0,1.0,0.4,0.4,1014.86,1024.8,1031.86,1023.43,4.0,11.75,20.0,1.0,0.4,0.4,3.5,4.5,6.6,5.0,4.0,2.2,20.0,1.0,0.4,0.4,18.5,95.7,158.4,88.8,4.0,81.8,20.0,1.0,0.4,0.4,-108.9,-14.4,11.8,-47.0,4.0,92.2,20.0,1.0,0.4,0.4,0.95,1.4,2.48,1.7,4.0,1.02,20.0,1.0,0.4,0.4,6.6,17.3,22.1,14.5,4.0,10.4,20.0,1.0,0.4,0.4,2.2,3.38,3.41,2.82,3.0,1.01,18.0,1.0,0.4,0.4,7.2,22.6,24.6,16.0,3.0,13.9,18.0,1.0,0.4,0.4,19.1,60.6,87.9,53.8,4.0,42.6,20.0,1.0,0.4,0.4,-58.6,-8.3,12.1,-22.5,4.0,52.1,20.0,1.0,0.4,0.4,7.6,23.9,45.0,26.3,3.0,27.5,18.0,1.0,0.4,0.4,-44.6,0.0,9.4,-17.2,3.0,42.3,18.0,1.0,0.4,0.4,5.2,16.4,18.6,12.0,3.0,10.5,18.0,1.0,0.4,0.4,-13.3,0.0,7.7,-2.7,3.0,15.6,18.0,1.0,0.4,0.4,143.0,1223.5,2935.5,1525.0,4.0,1706.5,20.0,1.0,0.4,0.4,145.0,1225.0,2935.0,1525.0,4.0,1705.0,20.0,1.0,0.4,0.4
1974,2,336.0,54.0,8.71,9.8,9.94,9.33,3.0,0.99,14.0,0.7,0.8,0.5,5.66,9.0,9.34,7.53,3.0,2.98,14.0,0.7,0.8,0.5,6.12,6.28,6.44,6.28,2.0,0.33,20.0,0.5,0.7,0.6,86.4,87.0,87.6,87.0,2.0,1.3,20.0,0.5,0.6,11.96,12.3,16.19,14.03,3.0,3.44,14.0,0.7,0.8,0.5,2.87,9.04,12.28,7.61,3.0,7.0,14.0,0.7,0.8,0.5,-1.51,11.57,12.07,5.43,3.0,11.28,14.0,0.7,0.8,0.5,999.27,1005.0,1017.9,1008.5,3.0,13.98,14.0,0.7,0.8,0.5,6.0,8.0,8.0,7.0,3.0,1.7,14.0,0.7,0.8,0.5,33.9,106.7,203.3,118.3,3.0,124.5,14.0,0.7,0.8,0.5,-13.1,151.3,190.2,90.0,3.0,158.1,14.0,0.7,0.8,0.5,0.6,0.8,3.05,1.8,3.0,2.0,14.0,0.7,0.8,0.5,9.3,9.8,36.1,22.4,3.0,22.5,14.0,0.7,0.8,0.5,1.19,1.26,1.34,1.26,2.0,0.16,20.0,0.5,0.7,0.6,17.5,18.8,20.1,18.8,2.0,2.7,20.0,0.5,0.7,0.6,11.8,37.1,101.2,56.0,3.0,67.5,14.0,0.7,0.8,0.5,13.7,109.9,110.5,63.2,3.0,81.6,14.0,0.7,0.8,0.5,14.3,44.9,75.5,44.9,2.0,63.5,20.0,0.5,0.7,0.6,74.6,74.9,75.2,74.9,2.0,0.7,20.0,0.5,0.7,0.6,2.5,7.9,13.4,7.9,2.0,11.2,20.0,0.5,0.7,0.6,13.9,15.1,16.3,15.1,2.0,2.5,20.0,0.5,0.7,0.6,1712.0,1861.0,4571.5,3112.0,3.0,2358.0,14.0,0.7,0.8,0.5,1710.0,1860.0,4570.0,3110.0,3.0,2360.0,14.0,0.7,0.8,0.5
1974,2,336.0,55.0,6.7,6.7,6.7,6.7,1.0,0.0,10.0,1.0,0.9,0.2,7.98,8.8,9.62,8.8,2.0,1.7,16.0,1.0,1.0,0.5,6.13,6.13,6.13,6.13,1.0,0.0,10.0,1.0,0.9,0.2,90.2,90.2,90.2,90.2,1.0,0.0,10.0,1.0,0.2,12.21,13.1,13.99,13.1,2.0,1.84,16.0,1.0,1.0,0.5,-1.46,0.77,3.0,0.77,2.0,4.62,16.0,1.0,1.0,0.5,-10.17,-1.55,7.08,-1.55,2.0,17.87,16.0,1.0,1.0,0.5,963.1,963.1,963.1,963.1,1.0,0.0,10.0,1.0,0.9,0.2,8.0,8.0,8.0,8.0,2.0,0.0,16.0,1.0,1.0,0.5,-22.7,5.8,34.4,5.8,2.0,59.1,16.0,1.0,1.0,0.5,-151.0,-36.7,77.7,-36.7,2.0,236.9,16.0,1.0,1.0,0.5,-0.9,-0.9,-0.9,-0.9,1.0,0.0,10.0,1.0,0.9,0.2,-13.0,-13.0,-13.0,-13.0,1.0,0.0,10.0,1.0,0.9,0.2,0.26,0.26,0.26,0.26,1.0,0.0,10.0,1.0,0.9,0.2,3.7,3.7,3.7,3.7,1.0,0.0,10.0,1.0,0.9,0.2,-9.6,10.7,30.9,10.7,2.0,42.0,16.0,1.0,1.0,0.5,-73.1,1.6,76.2,1.6,2.0,154.6,16.0,1.0,1.0,0.5,-15.3,-15.3,-15.3,-15.3,1.0,0.0,10.0,1.0,0.9,0.2,-86.9,-86.9,-86.9,-86.9,1.0,0.0,10.0,1.0,0.9,0.2,-0.6,-0.6,-0.6,-0.6,1.0,0.0,10.0,1.0,0.9,0.2,-3.7,-3.7,-3.7,-3.7,1.0,0.0,10.0,1.0,0.9,0.2,1856.0,2314.5,2773.0,2314.5,2.0,949.5,16.0,1.0,1.0,0.5,1855.0,2315.0,2775.0,2315.0,2.0,950.0,16.0,1.0,1.0,0.5
1974,2,336.0,56.0,7.71,8.8,10.22,9.04,5.0,1.82,14.0,0.6,0.5,0.5,4.04,4.5,7.62,5.2,8.0,2.88,14.0,0.6,0.4,0.5,3.59,4.16,5.62,4.59,4.0,1.58,24.0,0.8,0.4,0.5,73.3,80.2,87.2,80.2,4.0,10.8,24.0,0.8,0.5,11.92,13.2,18.6,14.45,8.0,3.93,14.0,0.6,0.4,0.5,-1.16,10.55,12.99,7.06,8.0,10.28,14.0,0.6,0.4,0.5,-8.8,1.83,8.62,1.77,8.0,9.38,14.0,0.6,0.4,0.5,985.93,995.0,1011.2,996.34,8.0,15.22,14.0,0.6,0.4,0.5,6.1,7.0,7.9,6.6,8.0,1.6,14.0,0.6,0.4,0.5,-9.8,161.0,179.2,117.3,8.0,180.9,14.0,0.6,0.4,0.5,-121.9,38.7,88.7,33.7,8.0,146.9,14.0,0.6,0.4,0.5,0.08,1.8,4.49,2.42,5.0,3.13,14.0,0.6,0.5,0.5,0.2,34.2,54.9,31.5,5.0,37.1,14.0,0.6,0.5,0.5,0.75,1.64,2.53,1.64,2.0,1.84,24.0,1.0,0.4,0.5,12.6,30.2,47.7,30.2,2.0,36.4,24.0,1.0,0.4,0.5,1.0,58.3,81.3,46.7,8.0,43.2,14.0,0.6,0.4,0.5,0.0,7.3,67.7,26.3,8.0,52.5,14.0,0.6,0.4,0.5,-0.3,60.0,82.0,41.8,4.0,56.3,24.0,0.8,0.4,0.5,-9.3,30.4,58.7,24.9,4.0,43.8,24.0,0.8,0.4,0.5,7.7,15.9,24.1,15.9,2.0,17.0,24.0,1.0,0.4,0.5,9.6,25.3,41.1,25.3,2.0,32.7,24.0,1.0,0.4,0.5,1699.0,2301.5,6503.5,3628.5,8.0,2970.5,14.0,0.6,0.4,0.5,1700.0,2300.0,6505.0,3630.0,8.0,2970.0,14.0,0.6,0.4,0.5
1974,2,336.0,57.0,7.89,8.0,9.37,8.54,5.0,0.95,16.0,0.4,0.5,0.3,3.43,5.0,5.44,4.56,5.0,1.3,16.0,0.4,0.5,0.3,3.46,4.16,5.32,4.38,4.0,1.14,14.0,0.5,0.5,0.2,69.9,80.0,92.5,81.1,4.0,14.2,14.0,0.5,0.2,5.07,8.2,16.17,10.08,5.0,6.14,16.0,0.4,0.5,0.3,0.59,5.83,9.38,5.18,5.0,6.01,16.0,0.4,0.5,0.3,-5.41,-1.55,7.64,1.2,5.0,9.65,16.0,0.4,0.5,0.3,979.75,981.0,1014.54,994.86,5.0,21.4,16.0,0.4,0.5,0.3,3.0,4.5,6.6,4.8,4.0,2.5,14.0,0.5,0.5,0.2,-14.1,36.1,112.0,51.0,5.0,95.9,16.0,0.4,0.5,0.3,-64.6,-4.8,118.5,31.5,5.0,159.2,16.0,0.4,0.5,0.3,2.56,3.9,5.17,3.98,5.0,2.01,16.0,0.4,0.5,0.3,19.1,31.5,60.8,41.7,5.0,39.7,16.0,0.4,0.5,0.3,1.67,2.96,3.86,2.77,4.0,1.46,14.0,0.5,0.5,0.2,15.5,21.7,47.9,31.2,4.0,24.2,14.0,0.5,0.5,0.2,1.6,27.0,32.1,17.6,5.0,22.1,16.0,0.4,0.5,0.3,-17.8,-7.7,45.8,14.5,5.0,53.0,16.0,0.4,0.5,0.3,2.1,25.9,38.1,20.4,4.0,27.4,14.0,0.5,0.5,0.2,-20.9,-1.9,57.3,17.3,4.0,57.4,14.0,0.5,0.5,0.2,5.8,19.4,41.5,23.4,4.0,25.3,14.0,0.5,0.5,0.2,-23.9,-4.1,10.3,-6.7,4.0,21.3,14.0,0.5,0.5,0.2,162.0,551.5,4275.5,1966.0,5.0,2403.0,16.0,0.4,0.5,0.3,160.0,550.0,4275.0,1965.0,5.0,2405.0,16.0,0.4,0.5,0.3
1974,2,336.0,58.0,8.0,8.0,8.0,8.0,2.0,0.0,20.0,0.5,0.6,0.2,4.37,6.25,8.13,6.25,2.0,3.89,20.0,0.5,0.6,0.2,6.67,6.67,6.67,6.67,1.0,0.0,20.0,0.0,0.5,0.2,93.4,93.4,93.4,93.4,1.0,0.0,20.0,0.0,0.2,16.76,19.7,22.64,19.7,2.0,6.08,20.0,0.5,0.6,0.2,13.5,17.17,20.85,17.17,2.0,7.61,20.0,0.5,0.6,0.2,8.48,9.05,9.63,9.05,2.0,1.2,20.0,0.5,0.6,0.2,1002.35,1005.05,1007.75,1005.05,2.0,5.59,20.0,0.5,0.6,0.2,6.3,7.0,7.7,7.0,2.0,1.4,20.0,0.5,0.6,0.2,238.7,361.5,484.2,361.5,2.0,254.3,20.0,0.5,0.6,0.2,159.5,174.7,189.9,174.7,2.0,31.5,20.0,0.5,0.6,0.2,-0.13,1.75,3.63,1.75,2.0,3.89,20.0,0.5,0.6,0.2,4.2,46.3,88.4,46.3,2.0,87.3,20.0,0.5,0.6,0.2,0.0,0.0,0.0,0.0,1.0,0.0,20.0,0.0,0.5,0.2,0.0,0.0,0.0,0.0,1.0,0.0,20.0,0.0,0.5,0.2,83.3,92.6,101.9,92.6,2.0,19.3,20.0,0.5,0.6,0.2,38.3,58.9,79.5,58.9,2.0,42.7,20.0,0.5,0.6,0.2,78.6,78.6,78.6,78.6,1.0,0.0,20.0,0.0,0.5,0.2,66.0,66.0,66.0,66.0,1.0,0.0,20.0,0.0,0.5,0.2,0.0,0.0,0.0,0.0,1.0,0.0,20.0,0.0,0.5,0.2,0.0,0.0,0.0,0.0,1.0,0.0,20.0,0.0,0.5,0.2,5266.5,8738.0,12209.5,8738.0,2.0,7192.5,20.0,0.5,0.6,0.2,5265.0,8740.0,12210.0,8740.0,2.0,7195.0,20.0,0.5,0.6,0.2
1974,2,336.0,59.0,7.2,7.55,9.04,7.95,6.0,0.92,20.0,0.3,0.6,0.7,2.0,2.0,6.47,4.36,5.0,4.95,18.0,0.4,0.7,0.8,3.44,3.7,3.84,3.64,4.0,0.25,18.0,0.3,0.6,0.8,77.5,81.7,84.9,81.2,4.0,5.0,18.0,0.3,0.8,14.25,15.4,17.68,15.86,5.0,1.81,18.0,0.4,0.7,0.8,2.96,4.93,8.23,5.77,5.0,3.8,18.0,0.4,0.7,0.8,11.15,15.17,16.91,13.97,5.0,4.2,18.0,0.4,0.7,0.8,994.06,995.4,998.34,995.75,6.0,2.54,20.0,0.3,0.6,0.7,5.8,7.0,7.2,6.7,6.0,1.0,20.0,0.3,0.6,0.7,50.8,70.9,128.5,88.6,5.0,51.1,18.0,0.4,0.7,0.8,159.5,233.6,299.2,226.7,5.0,86.4,18.0,0.4,0.7,0.8,1.84,5.2,5.24,3.38,5.0,4.13,18.0,0.4,0.7,0.8,27.1,81.6,91.9,57.0,5.0,63.6,18.0,0.4,0.7,0.8,2.7,2.81,2.95,2.82,4.0,0.2,18.0,0.3,0.6,0.8,40.2,44.9,52.4,46.3,4.0,7.4,18.0,0.3,0.6,0.8,5.9,12.0,66.6,39.3,5.0,67.6,18.0,0.4,0.7,0.8,32.0,35.2,56.3,45.3,5.0,26.4,18.0,0.4,0.7,0.8,10.3,14.6,20.2,15.2,4.0,5.7,18.0,0.3,0.6,0.8,54.9,58.5,58.7,56.9,4.0,3.4,18.0,0.3,0.6,0.8,8.2,11.7,15.4,11.8,4.0,4.4,18.0,0.3,0.6,0.8,38.7,42.8,50.6,44.6,4.0,7.6,18.0,0.3,0.6,0.8,2897.5,3652.5,5532.0,4114.5,5.0,1402.0,18.0,0.4,0.7,0.8,2900.0,3650.0,5530.0,4115.0,5.0,1400.0,18.0,0.4,0.7,0.8
1974,2,336.0,60.0,5.05,5.5,6.63,5.83,4.0,1.06,18.0,0.0,0.4,0.2,2.83,5.1,6.24,4.66,5.0,1.95,20.0,0.2,0.5,0.2,4.33,4.74,5.51,4.92,3.0,0.88,20.0,0.3,0.7,0.2,88.0,91.8,92.8,90.5,3.0,3.7,20.0,0.3,0.2,4.38,10.0,16.28,10.42,5.0,6.35,20.0,0.2,0.5,0.2,-6.42,0.0,4.48,-1.27,5.0,7.85,20.0,0.2,0.5,0.2,4.19,5.13,12.31,8.0,5.0,5.71,20.0,0.2,0.5,0.2,986.87,997.9,1004.59,995.46,5.0,13.87,20.0,0.2,0.5,0.2,6.0,7.5,8.0,7.0,4.0,1.4,20.0,0.3,0.5,0.2,-82.3,0.0,64.5,-13.6,5.0,121.2,20.0,0.2,0.5,0.2,18.5,77.0,177.1,105.5,5.0,125.7,20.0,0.2,0.5,0.2,-0.96,0.55,3.58,1.28,4.0,2.88,18.0,0.0,0.4,0.2,-12.5,-0.2,53.0,19.4,4.0,51.0,18.0,0.0,0.4,0.2,0.33,1.13,1.94,1.13,2.0,1.66,18.0,0.0,0.5,0.3,6.3,21.0,35.8,21.0,2.0,30.6,18.0,0.0,0.5,0.3,-40.1,0.0,16.1,-14.3,5.0,48.3,20.0,0.2,0.5,0.2,18.9,35.9,44.2,32.6,5.0,16.3,20.0,0.2,0.5,0.2,-56.5,0.0,17.9,-18.9,3.0,56.9,20.0,0.3,0.7,0.2,24.5,30.1,58.6,41.3,3.0,26.8,20.0,0.3,0.7,0.2,2.8,7.6,12.4,7.6,2.0,9.9,18.0,0.0,0.5,0.3,6.2,20.0,33.7,20.0,2.0,28.5,18.0,0.0,0.5,0.3,85.0,1000.0,4455.0,2173.5,5.0,2686.5,20.0,0.2,0.5,0.2,85.0,1000.0,4455.0,2175.0,5.0,2685.0,20.0,0.2,0.5,0.2
1974,2,336.0,61.0,,,,,,,,,,,,,,,,,,,,,,,,,,,,,,,,,,,,,,,,4.99,9.05,13.11,9.05,2.0,8.41,18.0,1.0,0.7,0.7,0.43,1.34,2.26,1.34,2.0,1.9,18.0,1.0,0.7,0.7,3.68,8.28,12.87,8.28,2.0,9.51,18.0,1.0,0.7,0.7,975.13,984.0,992.87,984.0,2.0,18.38,18.0,1.0,0.7,0.7,,,,,,,,,,,,,,,,,,,,,,,,,,,,,,,,,,,,,,,,,,,,,,,,,,,,,,,,,,,,,,,,,,,,,,,,,,,,,,,,,,,,,,,,,,,,,,,,,,,,,,,,,,,,,,,,,,,,,,,,,,,,,,,,,,,,,,,,,,,,,,,,,,,,,,
1974,2,336.0,62.0,,,,,,,,,,,,,,,,,,,,,,,,,,,,,,,,,,,,,,,,19.0,19.0,19.0,19.0,1.0,0.0,28.0,0.0,0.9,0.9,14.55,14.55,14.55,14.55,1.0,0.0,28.0,0.0,0.9,0.9,12.21,12.21,12.21,12.21,1.0,0.0,28.0,0.0,0.9,0.9,1006.2,1006.2,1006.2,1006.2,1.0,0.0,28.0,0.0,0.9,0.9,,,,,,,,,,,,,,,,,,,,,,,,,,,,,,,,,,,,,,,,,,,,,,,,,,,,,,,,,,,,,,,,,,,,,,,,,,,,,,,,,,,,,,,,,,,,,,,,,,,,,,,,,,,,,,,,,,,,,,,,,,,,,,,,,,,,,,,,,,,,,,,,,,,,,,
1974,2,336.0,63.0,5.67,6.5,7.02,6.4,7.0,0.82,10.0,0.1,0.6,0.5,-1.62,1.0,5.47,1.71,16.0,3.24,12.0,0.4,0.6,0.4,2.28,5.33,5.46,4.39,6.0,1.66,10.0,0.0,0.6,0.5,73.1,85.3,97.3,85.2,6.0,11.8,10.0,0.0,0.5,11.34,15.4,22.06,16.05,17.0,5.17,12.0,0.4,0.6,0.4,-15.47,-11.09,-7.15,-9.78,17.0,7.59,12.0,0.4,0.6,0.4,-15.77,-9.42,1.62,-8.11,17.0,8.45,12.0,0.4,0.6,0.4,988.66,995.7,1011.17,997.36,17.0,10.98,12.0,0.4,0.6,0.4,3.4,6.5,8.0,5.7,16.0,2.4,12.0,0.4,0.6,0.4,-313.8,-131.0,-107.3,-182.1,17.0,156.5,12.0,0.4,0.6,0.4,-333.3,-115.9,16.7,-163.7,17.0,172.3,12.0,0.4,0.6,0.4,-0.03,1.9,8.53,3.49,7.0,4.09,10.0,0.1,0.6,0.5,-0.4,22.4,164.7,61.2,7.0,80.4,10.0,0.1,0.6,0.5,0.69,1.03,3.61,1.67,6.0,1.6,10.0,0.0,0.6,0.5,7.3,11.4,67.7,29.0,6.0,34.2,10.0,0.0,0.6,0.5,-51.6,-2.4,34.1,-5.4,16.0,41.8,12.0,0.4,0.6,0.4,-12.8,7.3,31.9,8.1,16.0,22.9,12.0,0.4,0.6,0.4,-60.9,-48.0,-9.9,-32.8,6.0,44.0,10.0,0.0,0.6,0.5,-31.0,-10.8,22.8,-4.5,6.0,28.8,10.0,0.0,0.6,0.5,-45.5,-10.4,4.4,-18.4,6.0,27.5,10.0,0.0,0.6,0.5,-49.8,-2.7,0.8,-17.1,6.0,25.9,10.0,0.0,0.6,0.5,1466.5,3652.5,10753.0,5415.0,17.0,5106.0,12.0,0.4,0.6,0.4,1465.0,3650.0,10755.0,5415.0,17.0,5105.0,12.0,0.4,0.6,0.4
1974,2,336.0,64.0,4.59,5.0,5.57,4.98,28.0,0.72,6.0,0.1,0.5,0.3,0.94,2.8,4.66,2.6,29.0,2.37,6.0,0.1,0.5,0.3,4.96,4.99,5.02,4.99,2.0,0.06,24.0,0.0,0.6,0.2,85.3,89.3,93.3,89.3,2.0,8.3,24.0,0.0,0.2,6.7,9.3,14.4,10.59,29.0,4.7,6.0,0.1,0.5,0.3,-11.16,-7.12,-3.12,-6.65,29.0,5.94,6.0,0.1,0.5,0.3,-9.69,-4.65,0.0,-3.38,29.0,6.72,6.0,0.1,0.5,0.3,993.69,995.7,1002.22,997.11,29.0,6.11,6.0,0.1,0.5,0.3,1.0,5.0,8.0,4.4,29.0,3.2,6.0,0.1,0.5,0.3,-138.2,-66.3,-12.6,-81.1,29.0,102.3,6.0,0.1,0.5,0.3,-127.9,-51.7,0.0,-39.6,29.0,107.6,6.0,0.1,0.5,0.3,0.3,2.2,4.37,2.53,28.0,2.26,6.0,0.1,0.5,0.3,0.8,22.3,57.4,28.8,28.0,29.4,6.0,0.1,0.5,0.3,0.6,0.63,0.66,0.63,2.0,0.06,24.0,0.0,0.6,0.2,8.2,8.8,9.5,8.8,2.0,1.3,24.0,0.0,0.6,0.2,-27.4,-12.2,5.9,-13.2,29.0,29.6,6.0,0.1,0.5,0.3,-14.8,-1.7,7.1,2.6,29.0,28.2,6.0,0.1,0.5,0.3,21.2,42.0,62.8,42.0,2.0,43.1,24.0,0.0,0.6,0.2,10.4,32.6,54.9,32.6,2.0,46.1,24.0,0.0,0.6,0.2,2.7,5.6,8.4,5.6,2.0,5.9,24.0,0.0,0.6,0.2,1.2,3.9,6.5,3.9,2.0,5.5,24.0,0.0,0.6,0.2,301.0,804.5,2986.0,1887.5,29.0,2381.0,6.0,0.1,0.5,0.3,300.0,805.0,2985.0,1890.0,29.0,2380.0,6.0,0.1,0.5,0.3
1974,2,336.0,65.0,,,,,,,,,,,,,,,,,,,,,,,,,,,,,,,,,,,,,,,,14.56,14.9,15.24,14.9,2.0,0.71,28.0,0.0,0.4,0.9,-11.68,-11.41,-11.15,-11.41,2.0,0.54,28.0,0.0,0.4,0.9,-9.8,-9.58,-9.36,-9.58,2.0,0.45,28.0,0.0,0.4,0.9,967.91,968.35,968.79,968.35,2.0,0.92,28.0,0.0,0.4,0.9,7.0,7.0,7.0,7.0,2.0,0.0,28.0,0.0,0.4,0.9,-178.1,-170.3,-162.5,-170.3,2.0,16.1,28.0,0.0,0.4,0.9,-149.4,-142.9,-136.3,-142.9,2.0,13.5,28.0,0.0,0.4,0.9,,,,,,,,,,,,,,,,,,,,,,,,,,,,,,,,,,,,,,,,,-10.2,-6.1,-1.9,-6.1,2.0,8.6,28.0,0.0,0.4,0.9,-8.6,-5.1,-1.6,-5.1,2.0,7.2,28.0,0.0,0.4,0.9,-37.6,-37.5,-37.4,-37.5,2.0,0.2,28.0,0.0,0.4,0.9,-31.6,-31.5,-31.4,-31.5,2.0,0.2,28.0,0.0,0.4,0.9,,,,,,,,,,,,,,,,,,,,,,,,,,,,,,,,,,,,,,,,
1974,2,336.0,66.0,0.0,0.6,1.6,0.72,109.0,0.77,12.0,0.3,0.6,0.2,-5.0,-2.0,1.4,-1.89,152.0,2.91,12.0,0.3,0.7,0.3,2.06,2.84,3.69,2.89,107.0,0.74,12.0,0.3,0.6,0.2,74.3,83.5,93.0,84.1,107.0,9.2,12.0,0.3,0.2,9.09,14.4,19.78,14.48,150.0,5.6,12.0,0.3,0.7,0.3,-16.91,-9.13,-3.96,-9.22,150.0,7.1,12.0,0.3,0.7,0.3,-14.53,-7.64,0.5,-6.52,150.0,7.98,12.0,0.3,0.7,0.3,987.2,1001.95,1006.33,999.01,152.0,9.79,12.0,0.3,0.7,0.3,6.0,8.0,8.0,7.1,115.0,1.7,12.0,0.3,0.7,0.3,-305.1,-117.1,-25.8,-154.4,150.0,161.4,12.0,0.3,0.7,0.3,-265.7,-92.3,2.0,-111.9,150.0,160.5,12.0,0.3,0.7,0.3,-0.29,1.8,5.49,2.52,109.0,2.82,12.0,0.3,0.6,0.2,-3.8,24.0,66.4,28.9,108.0,34.2,12.0,0.3,0.6,0.2,0.45,1.12,2.01,1.15,106.0,0.7,12.0,0.3,0.6,0.2,6.1,13.3,23.6,14.2,106.0,8.9,12.0,0.3,0.6,0.2,-16.7,13.6,38.5,10.3,150.0,27.3,12.0,0.3,0.7,0.3,-4.2,12.6,58.3,22.0,150.0,31.3,12.0,0.3,0.7,0.3,-52.8,-23.9,-7.5,-26.9,107.0,27.4,12.0,0.3,0.6,0.2,-32.6,-14.2,3.7,-12.7,107.0,22.3,12.0,0.3,0.6,0.2,-17.1,-8.1,-3.0,-9.2,106.0,8.0,12.0,0.3,0.6,0.2,-18.2,-4.8,0.0,-7.1,106.0,9.1,12.0,0.3,0.6,0.2,753.0,2986.0,7738.5,4426.5,150.0,4655.0,12.0,0.3,0.7,0.3,755.0,2985.0,7740.0,4425.0,150.0,4655.0,12.0,0.3,0.7,0.3
1974,2,336.0,67.0,,,,,,,,,,,,,,,,,,,,,,,,,,,,,,,,,,,,,,,,6.7,6.7,6.7,6.7,2.0,0.0,20.0,0.0,0.3,0.2,-4.88,-2.9,-0.92,-2.9,2.0,4.1,20.0,0.0,0.3,0.2,-1.76,1.68,5.11,1.68,2.0,7.11,20.0,0.0,0.3,0.2,997.9,998.55,999.2,998.55,2.0,1.34,20.0,0.0,0.3,0.2,,,,,,,,,,,,,,,,,,,,,,,,,,,,,,,,,,,,,,,,,,,,,,,,,,,,,,,,,,,,,,,,,,,,,,,,,,,,,,,,,,,,,,,,,,,,,,,,,,,,,,,,,,,,,,,,,,,,,,,,,,,,,,,,,,,,,,,,,,,,,,,,,,,,,,
1974,2,336.0,68.0,,,,,,,,,,,,,,,,,,,,,,,,,,,,,,,,,,,,,,,,15.9,15.9,15.9,15.9,1.0,0.0,24.0,0.0,0.9,0.3,-10.22,-10.22,-10.22,-10.22,1.0,0.0,24.0,0.0,0.9,0.3,-12.18,-12.18,-12.18,-12.18,1.0,0.0,24.0,0.0,0.9,0.3,1007.7,1007.7,1007.7,1007.7,1.0,0.0,24.0,0.0,0.9,0.3,,,,,,,,,,,,,,,,,,,,,,,,,,,,,,,,,,,,,,,,,,,,,,,,,,,,,,,,,,,,,,,,,,,,,,,,,,,,,,,,,,,,,,,,,,,,,,,,,,,,,,,,,,,,,,,,,,,,,,,,,,,,,,,,,,,,,,,,,,,,,,,,,,,,,,
1974,2,337.0,-36.0,20.1,20.1,20.1,20.1,1.0,0.0,4.0,0.0,0.5,0.4,20.5,20.5,20.5,20.5,1.0,0.0,4.0,0.0,0.5,0.4,12.03,12.03,12.03,12.03,1.0,0.0,4.0,0.0,0.5,0.4,80.8,80.8,80.8,80.8,1.0,0.0,4.0,0.0,0.4,,,,,,,,,,,,,,,,,,,,,,,,,,,,,,,,,,,,,,,,,,,,,,,,,,,,,,,,,,,,,,,,,,,,,,,,,,,,,,,,,,,,,,,,,,,,,,,,,,,,,,,,,,,,,,,,,,,,,,,,,,,,,,,,,,,,,,,,,,,,,,,,,,,,,,,,,,,,,,,,,,,,,,,,,,,,,,,,,,,,,,,,,,,,,,
1974,2,337.0,-31.0,23.0,23.0,23.0,23.0,1.0,0.0,4.0,1.0,1.0,0.7,25.0,25.0,25.0,25.0,1.0,0.0,4.0,1.0,1.0,0.7,11.15,11.15,11.15,11.15,1.0,0.0,4.0,1.0,1.0,0.7,56.6,56.6,56.6,56.6,1.0,0.0,4.0,1.0,0.7,6.7,6.7,6.7,6.7,1.0,0.0,4.0,1.0,1.0,0.7,-5.8,-5.8,-5.8,-5.8,1.0,0.0,4.0,1.0,1.0,0.7,3.35,3.35,3.35,3.35,1.0,0.0,4.0,1.0,1.0,0.7,1012.0,1012.0,1012.0,1012.0,1.0,0.0,4.0,1.0,1.0,0.7,3.0,3.0,3.0,3.0,1.0,0.0,4.0,1.0,1.0,0.7,-38.9,-38.9,-38.9,-38.9,1.0,0.0,4.0,1.0,1.0,0.7,22.4,22.4,22.4,22.4,1.0,0.0,4.0,1.0,1.0,0.7,-2.0,-2.0,-2.0,-2.0,1.0,0.0,4.0,1.0,1.0,0.7,-13.4,-13.4,-13.4,-13.4,1.0,0.0,4.0,1.0,1.0,0.7,6.38,6.38,6.38,6.38,1.0,0.0,4.0,1.0,1.0,0.7,42.7,42.7,42.7,42.7,1.0,0.0,4.0,1.0,1.0,0.7,-145.1,-145.1,-145.1,-145.1,1.0,0.0,4.0,1.0,1.0,0.7,83.8,83.8,83.8,83.8,1.0,0.0,4.0,1.0,1.0,0.7,-64.7,-64.7,-64.7,-64.7,1.0,0.0,4.0,1.0,1.0,0.7,37.4,37.4,37.4,37.4,1.0,0.0,4.0,1.0,1.0,0.7,-37.0,-37.0,-37.0,-37.0,1.0,0.0,4.0,1.0,1.0,0.7,21.4,21.4,21.4,21.4,1.0,0.0,4.0,1.0,1.0,0.7,301.0,301.0,301.0,301.0,1.0,0.0,4.0,1.0,1.0,0.7,300.0,300.0,300.0,300.0,1.0,0.0,4.0,1.0,1.0,0.7
1974,2,337.0,-30.0,24.0,24.0,24.0,24.0,1.0,0.0,18.0,1.0,0.7,0.4,24.5,24.5,24.5,24.5,1.0,0.0,18.0,1.0,0.7,0.4,13.3,13.3,13.3,13.3,1.0,0.0,18.0,1.0,0.7,0.4,69.7,69.7,69.7,69.7,1.0,0.0,18.0,1.0,0.4,5.7,5.7,5.7,5.7,1.0,0.0,18.0,1.0,0.7,0.4,5.61,5.61,5.61,5.61,1.0,0.0,18.0,1.0,0.7,0.4,0.99,0.99,0.99,0.99,1.0,0.0,18.0,1.0,0.7,0.4,1014.4,1014.4,1014.4,1014.4,1.0,0.0,18.0,1.0,0.7,0.4,6.0,6.0,6.0,6.0,1.0,0.0,18.0,1.0,0.7,0.4,32.0,32.0,32.0,32.0,1.0,0.0,18.0,1.0,0.7,0.4,5.6,5.6,5.6,5.6,1.0,0.0,18.0,1.0,0.7,0.4,-0.5,-0.5,-0.5,-0.5,1.0,0.0,18.0,1.0,0.7,0.4,-2.8,-2.8,-2.8,-2.8,1.0,0.0,18.0,1.0,0.7,0.4,5.29,5.29,5.29,5.29,1.0,0.0,18.0,1.0,0.7,0.4,30.1,30.1,30.1,30.1,1.0,0.0,18.0,1.0,0.7,0.4,137.5,137.5,137.5,137.5,1.0,0.0,18.0,1.0,0.7,0.4,24.3,24.3,24.3,24.3,1.0,0.0,18.0,1.0,0.7,0.4,74.7,74.7,74.7,74.7,1.0,0.0,18.0,1.0,0.7,0.4,13.2,13.2,13.2,13.2,1.0,0.0,18.0,1.0,0.7,0.4,29.7,29.7,29.7,29.7,1.0,0.0,18.0,1.0,0.7,0.4,5.2,5.2,5.2,5.2,1.0,0.0,18.0,1.0,0.7,0.4,185.0,185.0,185.0,185.0,1.0,0.0,18.0,1.0,0.7,0.4,185.0,185.0,185.0,185.0,1.0,0.0,18.0,1.0,0.7,0.4
1974,2,337.0,-29.0,24.9,24.9,24.9,24.9,1.0,0.0,20.0,1.0,0.5,0.8,24.5,24.5,24.5,24.5,1.0,0.0,20.0,1.0,0.5,0.8,13.01,13.01,13.01,13.01,1.0,0.0,20.0,1.0,0.5,0.8,68.4,68.4,68.4,68.4,1.0,0.0,20.0,1.0,0.8,5.1,5.1,5.1,5.1,1.0,0.0,20.0,1.0,0.5,0.8,-4.42,-4.42,-4.42,-4.42,1.0,0.0,20.0,1.0,0.5,0.8,-2.55,-2.55,-2.55,-2.55,1.0,0.0,20.0,1.0,0.5,0.8,1017.5,1017.5,1017.5,1017.5,1.0,0.0,20.0,1.0,0.5,0.8,8.0,8.0,8.0,8.0,1.0,0.0,20.0,1.0,0.5,0.8,-22.5,-22.5,-22.5,-22.5,1.0,0.0,20.0,1.0,0.5,0.8,-13.0,-13.0,-13.0,-13.0,1.0,0.0,20.0,1.0,0.5,0.8,0.4,0.4,0.4,0.4,1.0,0.0,20.0,1.0,0.5,0.8,2.0,2.0,2.0,2.0,1.0,0.0,20.0,1.0,0.5,0.8,6.56,6.56,6.56,6.56,1.0,0.0,20.0,1.0,0.5,0.8,33.4,33.4,33.4,33.4,1.0,0.0,20.0,1.0,0.5,0.8,-108.2,-108.2,-108.2,-108.2,1.0,0.0,20.0,1.0,0.5,0.8,-62.5,-62.5,-62.5,-62.5,1.0,0.0,20.0,1.0,0.5,0.8,-57.5,-57.5,-57.5,-57.5,1.0,0.0,20.0,1.0,0.5,0.8,-33.2,-33.2,-33.2,-33.2,1.0,0.0,20.0,1.0,0.5,0.8,-29.0,-29.0,-29.0,-29.0,1.0,0.0,20.0,1.0,0.5,0.8,-16.7,-16.7,-16.7,-16.7,1.0,0.0,20.0,1.0,0.5,0.8,132.5,132.5,132.5,132.5,1.0,0.0,20.0,1.0,0.5,0.8,135.0,135.0,135.0,135.0,1.0,0.0,20.0,1.0,0.5,0.8
1974,2,337.0,-28.0,25.8,25.8,25.8,25.8,1.0,0.0,12.0,1.0,0.3,0.3,26.5,26.5,26.5,26.5,1.0,0.0,12.0,1.0,0.3,0.3,16.39,16.39,16.39,16.39,1.0,0.0,12.0,1.0,0.3,0.3,76.3,76.3,76.3,76.3,1.0,0.0,12.0,1.0,0.3,,,,,,,,,,,,,,,,,,,,,,,,,,,,,,,,,,,,,,,,,,,,,,,,,,,,,,,,,,,,,,,,,,,,,,,,,,,,,,,,,,,,,,,,,,,,,,,,,,,,,,,,,,,,,,,,,,,,,,,,,,,,,,,,,,,,,,,,,,,,,,,,,,,,,,,,,,,,,,,,,,,,,,,,,,,,,,,,,,,,,,,,,,,,,,
1974,2,337.0,-27.0,25.7,25.7,25.7,25.7,1.0,0.0,20.0,1.0,0.5,1.0,25.0,25.0,25.0,25.0,1.0,0.0,20.0,1.0,0.5,1.0,16.49,16.49,16.49,16.49,1.0,0.0,20.0,1.0,0.5,1.0,83.9,83.9,83.9,83.9,1.0,0.0,20.0,1.0,1.0,7.7,7.7,7.7,7.7,1.0,0.0,20.0,1.0,0.5,1.0,-7.58,-7.58,-7.58,-7.58,1.0,0.0,20.0,1.0,0.5,1.0,1.34,1.34,1.34,1.34,1.0,0.0,20.0,1.0,0.5,1.0,1018.1,1018.1,1018.1,1018.1,1.0,0.0,20.0,1.0,0.5,1.0,4.0,4.0,4.0,4.0,1.0,0.0,20.0,1.0,0.5,1.0,-58.4,-58.4,-58.4,-58.4,1.0,0.0,20.0,1.0,0.5,1.0,10.3,10.3,10.3,10.3,1.0,0.0,20.0,1.0,0.5,1.0,0.7,0.7,0.7,0.7,1.0,0.0,20.0,1.0,0.5,1.0,5.4,5.4,5.4,5.4,1.0,0.0,20.0,1.0,0.5,1.0,4.04,4.04,4.04,4.04,1.0,0.0,20.0,1.0,0.5,1.0,31.1,31.1,31.1,31.1,1.0,0.0,20.0,1.0,0.5,1.0,-189.6,-189.6,-189.6,-189.6,1.0,0.0,20.0,1.0,0.5,1.0,33.4,33.4,33.4,33.4,1.0,0.0,20.0,1.0,0.5,1.0,-125.0,-125.0,-125.0,-125.0,1.0,0.0,20.0,1.0,0.5,1.0,22.0,22.0,22.0,22.0,1.0,0.0,20.0,1.0,0.5,1.0,-30.6,-30.6,-30.6,-30.6,1.0,0.0,20.0,1.0,0.5,1.0,5.4,5.4,5.4,5.4,1.0,0.0,20.0,1.0,0.5,1.0,456.5,456.5,456.5,456.5,1.0,0.0,20.0,1.0,0.5,1.0,455.0,455.0,455.0,455.0,1.0,0.0,20.0,1.0,0.5,1.0
1974,2,337.0,-26.0,25.5,25.5,25.5,25.5,1.0,0.0,10.0,1.0,0.5,0.9,26.3,26.3,26.3,26.3,1.0,0.0,10.0,1.0,0.5,0.9,14.93,14.93,14.93,14.93,1.0,0.0,10.0,1.0,0.5,0.9,70.4,70.4,70.4,70.4,1.0,0.0,10.0,1.0,0.9,9.3,9.3,9.3,9.3,1.0,0.0,10.0,1.0,0.5,0.9,-9.16,-9.16,-9.16,-9.16,1.0,0.0,10.0,1.0,0.5,0.9,1.61,1.61,1.61,1.61,1.0,0.0,10.0,1.0,0.5,0.9,1018.0,1018.0,1018.0,1018.0,1.0,0.0,10.0,1.0,0.5,0.9,4.0,4.0,4.0,4.0,1.0,0.0,10.0,1.0,0.5,0.9,-85.2,-85.2,-85.2,-85.2,1.0,0.0,10.0,1.0,0.5,0.9,15.0,15.0,15.0,15.0,1.0,0.0,10.0,1.0,0.5,0.9,-0.8,-0.8,-0.8,-0.8,1.0,0.0,10.0,1.0,0.5,0.9,-7.4,-7.4,-7.4,-7.4,1.0,0.0,10.0,1.0,0.5,0.9,5.35,5.35,5.35,5.35,1.0,0.0,10.0,1.0,0.5,0.9,49.8,49.8,49.8,49.8,1.0,0.0,10.0,1.0,0.5,0.9,-240.9,-240.9,-240.9,-240.9,1.0,0.0,10.0,1.0,0.5,0.9,42.5,42.5,42.5,42.5,1.0,0.0,10.0,1.0,0.5,0.9,-136.7,-136.7,-136.7,-136.7,1.0,0.0,10.0,1.0,0.5,0.9,24.1,24.1,24.1,24.1,1.0,0.0,10.0,1.0,0.5,0.9,-49.0,-49.0,-49.0,-49.0,1.0,0.0,10.0,1.0,0.5,0.9,8.6,8.6,8.6,8.6,1.0,0.0,10.0,1.0,0.5,0.9,804.5,804.5,804.5,804.5,1.0,0.0,10.0,1.0,0.5,0.9,805.0,805.0,805.0,805.0,1.0,0.0,10.0,1.0,0.5,0.9
1974,2,337.0,-23.0,25.4,25.4,25.4,25.4,1.0,0.0,18.0,0.0,0.7,0.4,25.0,25.0,25.0,25.0,1.0,0.0,18.0,0.0,0.7,0.4,13.92,13.92,13.92,13.92,1.0,0.0,18.0,0.0,0.7,0.4,70.6,70.6,70.6,70.6,1.0,0.0,18.0,0.0,0.4,3.1,3.1,3.1,3.1,1.0,0.0,18.0,0.0,0.7,0.4,-3.1,-3.1,-3.1,-3.1,1.0,0.0,18.0,0.0,0.7,0.4,0.0,0.0,0.0,0.0,1.0,0.0,18.0,0.0,0.7,0.4,1013.2,1013.2,1013.2,1013.2,1.0,0.0,18.0,0.0,0.7,0.4,0.0,0.0,0.0,0.0,1.0,0.0,18.0,0.0,0.7,0.4,-9.6,-9.6,-9.6,-9.6,1.0,0.0,18.0,0.0,0.7,0.4,0.0,0.0,0.0,0.0,1.0,0.0,18.0,0.0,0.7,0.4,0.4,0.4,0.4,0.4,1.0,0.0,18.0,0.0,0.7,0.4,1.2,1.2,1.2,1.2,1.0,0.0,18.0,0.0,0.7,0.4,6.34,6.34,6.34,6.34,1.0,0.0,18.0,0.0,0.7,0.4,19.6,19.6,19.6,19.6,1.0,0.0,18.0,0.0,0.7,0.4,-77.5,-77.5,-77.5,-77.5,1.0,0.0,18.0,0.0,0.7,0.4,0.0,0.0,0.0,0.0,1.0,0.0,18.0,0.0,0.7,0.4,-43.1,-43.1,-43.1,-43.1,1.0,0.0,18.0,0.0,0.7,0.4,0.0,0.0,0.0,0.0,1.0,0.0,18.0,0.0,0.7,0.4,-19.6,-19.6,-19.6,-19.6,1.0,0.0,18.0,0.0,0.7,0.4,0.0,0.0,0.0,0.0,1.0,0.0,18.0,0.0,0.7,0.4,30.0,30.0,30.0,30.0,1.0,0.0,18.0,0.0,0.7,0.4,30.0,30.0,30.0,30.0,1.0,0.0,18.0,0.0,0.7,0.4
1974,2,337.0,-20.0,,,,,,,,,,,,,,,,,,,,,,,,,,,,,,,,,,,,,,,,5.32,6.0,6.68,6.0,2.0,1.41,12.0,0.5,0.5,0.6,-5.79,-5.2,-4.6,-5.2,2.0,1.22,12.0,0.5,0.5,0.6,2.66,3.0,3.34,3.0,2.0,0.71,12.0,0.5,0.5,0.6,1014.39,1015.0,1015.61,1015.0,2.0,1.27,12.0,0.5,0.5,0.6,,,,,,,,,,,,,,,,,,,,,,,,,,,,,,,,,,,,,,,,,,,,,,,,,,,,,,,,,,,,,,,,,,,,,,,,,,,,,,,,,,,,,,,,,,,,,,,,,,,,,,,,,,,,,,,,,,,,,,,,,,,,,,,,,,,,,,,,,,,,,,,,,,,,,,
1974,2,337.0,-18.0,26.7,26.7,26.7,26.7,1.0,0.0,12.0,1.0,0.8,0.7,26.2,26.2,26.2,26.2,1.0,0.0,12.0,1.0,0.8,0.7,16.35,16.35,16.35,16.35,1.0,0.0,12.0,1.0,0.8,0.7,77.2,77.2,77.2,77.2,1.0,0.0,12.0,1.0,0.7,6.2,6.2,6.2,6.2,1.0,0.0,12.0,1.0,0.8,0.7,-6.11,-6.11,-6.11,-6.11,1.0,0.0,12.0,1.0,0.8,0.7,1.08,1.08,1.08,1.08,1.0,0.0,12.0,1.0,0.8,0.7,1014.2,1014.2,1014.2,1014.2,1.0,0.0,12.0,1.0,0.8,0.7,3.0,3.0,3.0,3.0,1.0,0.0,12.0,1.0,0.8,0.7,-37.9,-37.9,-37.9,-37.9,1.0,0.0,12.0,1.0,0.8,0.7,6.7,6.7,6.7,6.7,1.0,0.0,12.0,1.0,0.8,0.7,0.5,0.5,0.5,0.5,1.0,0.0,12.0,1.0,0.8,0.7,3.1,3.1,3.1,3.1,1.0,0.0,12.0,1.0,0.8,0.7,5.53,5.53,5.53,5.53,1.0,0.0,12.0,1.0,0.8,0.7,34.3,34.3,34.3,34.3,1.0,0.0,12.0,1.0,0.8,0.7,-160.0,-160.0,-160.0,-160.0,1.0,0.0,12.0,1.0,0.8,0.7,28.2,28.2,28.2,28.2,1.0,0.0,12.0,1.0,0.8,0.7,-99.8,-99.8,-99.8,-99.8,1.0,0.0,12.0,1.0,0.8,0.7,17.6,17.6,17.6,17.6,1.0,0.0,12.0,1.0,0.8,0.7,-33.8,-33.8,-33.8,-33.8,1.0,0.0,12.0,1.0,0.8,0.7,6.0,6.0,6.0,6.0,1.0,0.0,12.0,1.0,0.8,0.7,238.5,238.5,238.5,238.5,1.0,0.0,12.0,1.0,0.8,0.7,240.0,240.0,240.0,240.0,1.0,0.0,12.0,1.0,0.8,0.7
1974,2,337.0,-14.0,,,,,,,,,,,,,,,,,,,,,,,,,,,,,,,,,,,,,,,,5.0,5.0,5.0,5.0,1.0,0.0,28.0,0.0,0.4,0.9,-4.92,-4.92,-4.92,-4.92,1.0,0.0,28.0,0.0,0.4,0.9,-0.87,-0.87,-0.87,-0.87,1.0,0.0,28.0,0.0,0.4,0.9,1014.3,1014.3,1014.3,1014.3,1.0,0.0,28.0,0.0,0.4,0.9,,,,,,,,,,,,,,,,,,,,,,,,,,,,,,,,,,,,,,,,,,,,,,,,,,,,,,,,,,,,,,,,,,,,,,,,,,,,,,,,,,,,,,,,,,,,,,,,,,,,,,,,,,,,,,,,,,,,,,,,,,,,,,,,,,,,,,,,,,,,,,,,,,,,,,
1974,2,337.0,-13.0,26.02,26.5,27.87,26.93,3.0,1.4,18.0,0.3,0.5,0.6,24.83,24.9,24.97,24.9,2.0,0.14,22.0,0.0,0.7,0.5,16.74,16.74,16.74,16.74,1.0,0.0,28.0,0.0,1.0,0.1,86.0,86.0,86.0,86.0,1.0,0.0,28.0,0.0,0.1,2.27,5.0,7.73,5.0,2.0,5.66,12.0,0.5,0.3,0.8,-7.54,-4.68,-1.83,-4.68,2.0,5.91,12.0,0.5,0.3,0.8,-0.48,0.35,1.18,0.35,2.0,1.72,12.0,0.5,0.3,0.8,1011.3,1012.8,1014.3,1012.8,3.0,2.2,18.0,0.3,0.5,0.6,2.3,3.0,5.7,4.0,3.0,2.6,18.0,0.3,0.5,0.6,-67.2,-40.1,-13.1,-40.1,2.0,56.1,12.0,0.5,0.3,0.8,1.5,6.6,11.7,6.6,2.0,10.6,12.0,0.5,0.3,0.8,,,,,,,,,,,,,,,,,,,,,,,,,,,,,,,,,,,,,,,,,,,,,,,,,,,,,,,,,,,,,,,,,,,,,,,,,,,,,,,,,,,,,,,,,,,,,,,,,,,,,,,,,,,,,,,,,,,,,,,,
1974,2,337.0,-12.0,27.03,27.1,27.17,27.1,2.0,0.14,22.0,0.0,0.3,0.6,26.8,27.0,27.48,27.13,3.0,0.51,22.0,0.0,0.4,0.4,16.27,16.63,19.33,17.77,3.0,2.44,22.0,0.0,0.4,0.4,71.6,76.4,87.1,79.3,3.0,11.6,22.0,0.0,0.4,4.76,5.1,5.85,5.3,3.0,0.82,22.0,0.0,0.4,0.4,-5.85,-5.1,-4.57,-5.21,3.0,0.94,22.0,0.0,0.4,0.4,0.0,0.0,1.07,0.52,3.0,0.91,22.0,0.0,0.4,0.4,1009.82,1010.5,1013.71,1011.73,3.0,3.04,22.0,0.0,0.4,0.4,3.3,4.0,4.7,4.0,3.0,1.0,22.0,0.0,0.4,0.4,-34.5,-26.0,-21.8,-28.1,3.0,9.5,22.0,0.0,0.4,0.4,0.0,0.0,4.9,2.4,3.0,4.2,22.0,0.0,0.4,0.4,-0.42,-0.25,-0.08,-0.25,2.0,0.35,22.0,0.0,0.3,0.6,-2.1,-1.3,-0.4,-1.3,2.0,1.8,22.0,0.0,0.3,0.6,2.55,4.16,5.77,4.16,2.0,3.34,22.0,0.0,0.3,0.6,12.2,20.8,29.3,20.8,2.0,17.6,22.0,0.0,0.3,0.6,-157.8,-141.3,-124.5,-141.2,3.0,24.4,22.0,0.0,0.4,0.4,0.0,0.0,29.0,14.2,3.0,24.5,22.0,0.0,0.4,0.4,-98.6,-88.9,-84.3,-91.4,3.0,10.7,22.0,0.0,0.4,0.4,0.0,0.0,22.1,10.8,3.0,18.7,22.0,0.0,0.4,0.4,-29.2,-20.5,-11.8,-20.5,2.0,18.0,22.0,0.0,0.3,0.6,0.4,1.4,2.4,1.4,2.0,2.0,22.0,0.0,0.3,0.6,108.5,132.5,205.0,156.0,3.0,73.5,22.0,0.0,0.4,0.4,110.0,135.0,205.0,155.0,3.0,75.0,22.0,0.0,0.4,0.4
1974,2,337.0,-11.0,26.8,27.0,27.55,27.17,3.0,0.57,12.0,0.3,0.6,0.5,25.13,26.5,27.11,26.13,3.0,1.48,12.0,0.3,0.6,0.5,15.89,16.05,17.35,16.61,3.0,1.17,12.0,0.3,0.6,0.5,74.4,82.4,82.9,78.7,3.0,7.0,12.0,0.3,0.5,1.98,4.1,6.56,4.27,3.0,3.35,12.0,0.3,0.6,0.5,-6.54,-4.04,-1.8,-4.17,3.0,3.47,12.0,0.3,0.6,0.5,0.2,0.64,0.69,0.45,3.0,0.39,12.0,0.3,0.6,0.5,1010.73,1012.3,1013.46,1012.1,3.0,2.01,12.0,0.3,0.6,0.5,1.0,1.0,2.4,1.7,3.0,1.2,12.0,0.3,0.6,0.5,-45.7,-16.6,-5.8,-25.5,3.0,30.3,12.0,0.3,0.6,0.5,0.2,0.6,2.2,1.2,3.0,1.5,12.0,0.3,0.6,0.5,0.14,1.3,1.91,1.03,3.0,1.32,12.0,0.3,0.6,0.5,-0.7,1.3,12.0,5.5,3.0,10.0,12.0,0.3,0.6,0.5,5.67,6.15,6.2,5.94,3.0,0.43,12.0,0.3,0.6,0.5,11.8,25.5,40.4,26.1,3.0,21.0,12.0,0.3,0.6,0.5,-163.9,-110.6,-49.0,-106.5,3.0,84.2,12.0,0.3,0.6,0.5,5.4,17.0,18.7,12.2,3.0,10.6,12.0,0.3,0.6,0.5,-103.7,-64.8,-30.0,-66.8,3.0,54.0,12.0,0.3,0.6,0.5,3.6,11.4,11.5,7.7,3.0,6.6,12.0,0.3,0.6,0.5,-40.3,-25.1,-10.8,-25.6,3.0,21.6,12.0,0.3,0.6,0.5,1.1,3.5,4.1,2.6,3.0,2.3,12.0,0.3,0.6,0.5,22.5,69.0,333.5,175.5,3.0,246.0,12.0,0.3,0.6,0.5,25.0,70.0,335.0,175.0,3.0,245.0,12.0,0.3,0.6,0.5
1974,2,337.0,-9.0,26.78,27.6,28.16,27.48,4.0,0.85,10.0,0.5,0.7,0.4,26.72,27.0,29.22,27.84,5.0,1.6,12.0,0.6,0.8,0.3,14.57,15.17,17.27,15.89,4.0,1.96,14.0,0.5,0.9,0.4,63.6,69.4,77.7,70.6,4.0,10.3,14.0,0.5,0.4,0.0,1.0,5.11,2.32,5.0,2.79,12.0,0.6,0.8,0.3,-3.94,-0.64,0.0,-1.85,5.0,2.44,12.0,0.6,0.8,0.3,0.0,0.77,2.59,1.27,5.0,1.51,12.0,0.6,0.8,0.3,1007.9,1010.4,1011.87,1009.98,5.0,2.2,12.0,0.6,0.8,0.3,1.3,2.0,4.1,2.6,5.0,2.2,12.0,0.6,0.8,0.3,-21.0,-0.6,0.0,-9.6,5.0,14.7,12.0,0.6,0.8,0.3,0.0,0.8,13.7,5.9,5.0,7.8,12.0,0.6,0.8,0.3,-1.29,0.15,0.9,-0.17,4.0,1.39,10.0,0.5,0.7,0.4,-7.4,-1.1,0.4,-3.4,4.0,5.9,10.0,0.5,0.7,0.4,4.51,7.94,7.98,6.29,3.0,2.92,14.0,0.3,0.9,0.4,2.5,7.9,11.7,7.1,3.0,6.7,14.0,0.3,0.9,0.4,-112.9,-17.0,0.0,-53.5,5.0,73.3,12.0,0.6,0.8,0.3,0.0,20.2,74.1,35.4,5.0,41.8,12.0,0.6,0.8,0.3,-33.5,-4.7,0.0,-16.2,4.0,26.5,14.0,0.5,0.9,0.4,0.0,5.6,39.9,19.3,4.0,31.6,14.0,0.5,0.9,0.4,-7.5,-5.1,-1.6,-4.6,3.0,4.3,14.0,0.3,0.9,0.4,1.9,6.1,8.9,5.5,3.0,5.2,14.0,0.3,0.9,0.4,0.0,1.0,140.5,63.0,5.0,95.5,12.0,0.6,0.8,0.3,0.0,0.0,140.0,65.0,5.0,95.0,12.0,0.6,0.8,0.3
1974,2,337.0,-8.0,26.74,27.75,28.76,27.75,4.0,1.19,8.0,0.5,0.3,0.6,26.83,27.4,28.29,27.55,4.0,1.08,8.0,0.5,0.3,0.6,17.61,17.75,18.32,17.96,3.0,0.55,10.0,0.7,0.4,0.6,73.8,81.7,82.3,78.1,3.0,7.0,10.0,0.7,0.6,4.08,5.3,8.62,6.3,4.0,3.28,8.0,0.5,0.3,0.6,-8.15,-4.08,-2.85,-5.44,4.0,3.76,8.0,0.5,0.3,0.6,2.1,2.66,3.27,2.69,4.0,0.72,8.0,0.5,0.3,0.6,1009.39,1011.2,1011.8,1010.63,4.0,1.7,8.0,0.5,0.3,0.6,3.0,3.5,5.0,4.0,4.0,1.4,8.0,0.5,0.3,0.6,-77.3,-22.4,-11.7,-43.5,4.0,51.3,8.0,0.5,0.3,0.6,12.1,17.1,19.6,15.9,4.0,5.4,8.0,0.5,0.3,0.6,-0.42,0.3,0.81,0.2,4.0,0.78,8.0,0.5,0.3,0.6,-1.9,3.0,6.3,2.2,4.0,4.9,8.0,0.5,0.3,0.6,3.61,4.58,6.65,5.11,3.0,2.27,10.0,0.7,0.4,0.6,18.6,27.4,43.1,30.8,3.0,18.1,10.0,0.7,0.4,0.6,-217.9,-111.8,-80.3,-147.4,4.0,97.0,8.0,0.5,0.3,0.6,58.4,74.8,89.7,74.1,4.0,19.7,8.0,0.5,0.3,0.6,-148.7,-55.0,-50.5,-98.5,3.0,81.2,10.0,0.7,0.4,0.6,36.0,40.6,57.6,46.7,3.0,16.7,10.0,0.7,0.4,0.6,-40.5,-21.0,-13.0,-26.6,3.0,20.7,10.0,0.7,0.4,0.6,9.5,11.1,15.6,12.5,3.0,4.6,10.0,0.7,0.4,0.6,71.0,156.5,800.0,422.5,4.0,609.5,8.0,0.5,0.3,0.6,70.0,155.0,800.0,425.0,4.0,610.0,8.0,0.5,0.3,0.6
1974,2,337.0,-7.0,,,,,,,,,,,,,,,,,,,,,,,,,,,,,,,,,,,,,,,,6.0,6.0,6.0,6.0,1.0,0.0,2.0,0.0,0.5,0.1,-4.6,-4.6,-4.6,-4.6,1.0,0.0,2.0,0.0,0.5,0.1,3.86,3.86,3.86,3.86,1.0,0.0,2.0,0.0,0.5,0.1,1008.5,1008.5,1008.5,1008.5,1.0,0.0,2.0,0.0,0.5,0.1,,,,,,,,,,,,,,,,,,,,,,,,,,,,,,,,,,,,,,,,,,,,,,,,,,,,,,,,,,,,,,,,,,,,,,,,,,,,,,,,,,,,,,,,,,,,,,,,,,,,,,,,,,,,,,,,,,,,,,,,,,,,,,,,,,,,,,,,,,,,,,,,,,,,,,
1974,2,337.0,-6.0,26.58,27.6,27.74,27.22,5.0,0.69,8.0,0.2,0.6,0.7,25.63,26.2,27.35,26.52,5.0,1.49,8.0,0.2,0.6,0.7,18.14,18.18,18.66,18.39,3.0,0.42,10.0,0.0,0.7,0.5,85.8,86.1,87.2,86.5,3.0,1.1,10.0,0.0,0.5,3.87,8.0,9.0,6.64,5.0,2.89,8.0,0.2,0.6,0.7,-5.7,-2.96,-2.21,-3.86,5.0,2.48,8.0,0.2,0.6,0.7,3.06,4.5,7.62,5.12,5.0,2.45,8.0,0.2,0.6,0.7,1009.83,1010.8,1011.9,1010.84,5.0,1.05,8.0,0.2,0.6,0.7,1.6,3.0,3.4,2.6,5.0,1.1,8.0,0.2,0.6,0.7,-51.3,-21.9,-9.9,-29.9,5.0,26.3,8.0,0.2,0.6,0.7,12.4,40.5,63.8,38.6,5.0,27.6,8.0,0.2,0.6,0.7,-0.51,0.8,1.87,0.7,5.0,1.53,8.0,0.2,0.6,0.7,-4.6,6.4,7.1,1.6,5.0,8.5,8.0,0.2,0.6,0.7,3.38,3.99,4.38,3.88,3.0,0.74,10.0,0.0,0.7,0.5,22.2,24.8,32.4,27.2,3.0,7.8,10.0,0.0,0.7,0.5,-156.8,-78.1,-57.4,-105.1,5.0,74.0,8.0,0.2,0.6,0.7,79.6,130.5,199.0,135.9,5.0,64.0,8.0,0.2,0.6,0.7,-73.4,-55.8,-51.7,-62.4,3.0,16.9,10.0,0.0,0.7,0.5,88.8,136.7,139.8,114.8,3.0,41.9,10.0,0.0,0.7,0.5,-16.5,-13.5,-10.1,-13.3,3.0,4.8,10.0,0.0,0.7,0.5,18.3,23.3,28.6,23.5,3.0,7.5,10.0,0.0,0.7,0.5,68.0,512.0,729.0,417.0,5.0,341.0,8.0,0.2,0.6,0.7,70.0,510.0,730.0,415.0,5.0,340.0,8.0,0.2,0.6,0.7
1974,2,337.0,-5.0,28.0,28.0,28.0,28.0,1.0,0.0,20.0,1.0,0.2,1.0,31.0,31.0,31.0,31.0,1.0,0.0,20.0,1.0,0.2,1.0,21.58,21.58,21.58,21.58,1.0,0.0,20.0,1.0,0.2,1.0,76.6,76.6,76.6,76.6,1.0,0.0,20.0,1.0,1.0,4.1,4.1,4.1,4.1,1.0,0.0,20.0,1.0,0.2,1.0,-4.04,-4.04,-4.04,-4.04,1.0,0.0,20.0,1.0,0.2,1.0,0.71,0.71,0.71,0.71,1.0,0.0,20.0,1.0,0.2,1.0,1010.0,1010.0,1010.0,1010.0,1.0,0.0,20.0,1.0,0.2,1.0,3.0,3.0,3.0,3.0,1.0,0.0,20.0,1.0,0.2,1.0,-16.6,-16.6,-16.6,-16.6,1.0,0.0,20.0,1.0,0.2,1.0,2.9,2.9,2.9,2.9,1.0,0.0,20.0,1.0,0.2,1.0,-3.0,-3.0,-3.0,-3.0,1.0,0.0,20.0,1.0,0.2,1.0,-12.3,-12.3,-12.3,-12.3,1.0,0.0,20.0,1.0,0.2,1.0,2.16,2.16,2.16,2.16,1.0,0.0,20.0,1.0,0.2,1.0,8.8,8.8,8.8,8.8,1.0,0.0,20.0,1.0,0.2,1.0,-125.2,-125.2,-125.2,-125.2,1.0,0.0,20.0,1.0,0.2,1.0,22.1,22.1,22.1,22.1,1.0,0.0,20.0,1.0,0.2,1.0,-87.1,-87.1,-87.1,-87.1,1.0,0.0,20.0,1.0,0.2,1.0,15.4,15.4,15.4,15.4,1.0,0.0,20.0,1.0,0.2,1.0,-8.7,-8.7,-8.7,-8.7,1.0,0.0,20.0,1.0,0.2,1.0,1.5,1.5,1.5,1.5,1.0,0.0,20.0,1.0,0.2,1.0,69.0,69.0,69.0,69.0,1.0,0.0,20.0,1.0,0.2,1.0,70.0,70.0,70.0,70.0,1.0,0.0,20.0,1.0,0.2,1.0
1974,2,337.0,-4.0,27.5,27.5,27.5,27.5,1.0,0.0,2.0,1.0,0.6,0.3,26.63,26.9,29.15,27.87,3.0,2.03,10.0,0.3,0.6,0.5,17.27,17.39,17.5,17.39,2.0,0.23,14.0,0.0,0.5,0.6,78.3,79.5,80.6,79.5,2.0,2.3,14.0,0.0,0.6,3.92,4.6,4.87,4.4,3.0,0.72,10.0,0.3,0.6,0.5,-3.55,-2.96,-2.52,-3.03,3.0,0.76,10.0,0.3,0.6,0.5,2.9,3.21,3.43,3.17,3.0,0.39,10.0,0.3,0.6,0.5,1010.12,1010.6,1011.08,1010.6,3.0,0.7,10.0,0.3,0.6,0.5,2.1,4.5,6.9,4.5,2.0,4.9,8.0,0.5,0.8,0.3,-17.4,-13.6,-10.0,-13.7,3.0,5.4,10.0,0.3,0.6,0.5,11.9,16.1,16.2,14.1,3.0,3.6,10.0,0.3,0.6,0.5,,,,,,,,,,,,,,,,,,,,,,,,,,,,,,,,,,,,,,,,,-104.2,-79.5,-67.1,-85.5,3.0,27.7,10.0,0.3,0.6,0.5,80.0,94.8,96.3,88.3,3.0,13.2,10.0,0.3,0.6,0.5,-49.3,-45.8,-42.3,-45.8,2.0,7.3,14.0,0.0,0.5,0.6,50.4,54.5,58.7,54.5,2.0,8.7,14.0,0.0,0.5,0.6,,,,,,,,,,,,,,,,,,,,,,,,,,,,,,,,,,,,,,,,
1974,2,337.0,-3.0,26.2,27.5,28.39,27.3,3.0,1.61,10.0,0.0,0.9,0.8,26.52,28.5,28.7,27.63,3.0,1.77,10.0,0.0,0.9,0.8,17.94,18.46,18.98,18.46,2.0,1.07,14.0,0.0,1.0,0.9,79.0,81.8,84.7,81.8,2.0,6.0,14.0,0.0,0.9,3.73,5.1,5.1,4.43,3.0,1.15,10.0,0.0,0.9,0.8,-4.72,-3.91,-2.6,-3.67,3.0,1.57,10.0,0.0,0.9,0.8,0.75,2.37,2.99,1.88,3.0,1.69,10.0,0.0,0.9,0.8,1008.86,1010.5,1010.98,1009.93,3.0,1.63,10.0,0.0,0.9,0.8,5.6,7.0,7.7,6.7,3.0,1.5,10.0,0.0,0.9,0.8,-24.1,-19.9,-10.5,-17.4,3.0,10.2,10.0,0.0,0.9,0.8,2.3,7.4,13.7,8.0,3.0,8.4,10.0,0.0,0.9,0.8,-0.68,0.0,0.0,-0.33,3.0,0.58,10.0,0.0,0.9,0.8,-2.1,0.0,0.0,-1.0,3.0,1.8,10.0,0.0,0.9,0.8,3.33,4.27,5.2,4.27,2.0,1.93,14.0,0.0,1.0,0.9,17.0,21.8,26.5,21.8,2.0,9.9,14.0,0.0,1.0,0.9,-124.8,-112.5,-74.5,-100.0,3.0,38.5,10.0,0.0,0.9,0.8,21.5,67.7,85.9,54.0,3.0,48.7,10.0,0.0,0.9,0.8,-87.9,-82.7,-77.5,-82.7,2.0,10.7,14.0,0.0,1.0,0.9,10.0,31.5,53.0,31.5,2.0,44.6,14.0,0.0,1.0,0.9,-20.9,-18.4,-15.9,-18.4,2.0,5.1,14.0,0.0,1.0,0.9,2.9,9.2,15.5,9.2,2.0,13.1,14.0,0.0,1.0,0.9,62.5,132.5,132.5,98.5,3.0,59.5,10.0,0.0,0.9,0.8,60.0,135.0,135.0,100.0,3.0,60.0,10.0,0.0,0.9,0.8
1974,2,337.0,-2.0,27.28,27.45,27.62,27.45,2.0,0.35,2.0,0.5,0.9,0.8,28.65,29.2,29.75,29.2,2.0,1.13,2.0,0.5,0.9,0.8,19.63,19.63,19.63,19.63,1.0,0.0,2.0,1.0,0.8,0.9,73.7,73.7,73.7,73.7,1.0,0.0,2.0,1.0,0.9,3.56,4.55,5.54,4.55,2.0,2.05,2.0,0.5,0.9,0.8,-3.08,-3.05,-3.02,-3.05,2.0,0.07,2.0,0.5,0.9,0.8,0.82,2.6,4.37,2.6,2.0,3.67,2.0,0.5,0.9,0.8,1007.76,1007.9,1008.04,1007.9,2.0,0.28,2.0,0.5,0.9,0.8,6.0,6.0,6.0,6.0,1.0,0.0,2.0,1.0,0.8,0.9,-16.7,-13.8,-10.9,-13.8,2.0,5.9,2.0,0.5,0.9,0.8,4.9,15.6,26.2,15.6,2.0,22.0,2.0,0.5,0.9,0.8,-2.47,-1.75,-1.03,-1.75,2.0,1.48,2.0,0.5,0.9,0.8,-8.0,-6.4,-4.9,-6.4,2.0,3.2,2.0,0.5,0.9,0.8,3.04,3.04,3.04,3.04,1.0,0.0,2.0,1.0,0.8,0.9,9.4,9.4,9.4,9.4,1.0,0.0,2.0,1.0,0.8,0.9,-91.8,-89.1,-86.4,-89.1,2.0,5.5,2.0,0.5,0.9,0.8,23.4,73.8,124.2,73.8,2.0,104.3,2.0,0.5,0.9,0.8,-60.9,-60.9,-60.9,-60.9,1.0,0.0,2.0,1.0,0.8,0.9,0.0,0.0,0.0,0.0,1.0,0.0,2.0,1.0,0.8,0.9,-9.4,-9.4,-9.4,-9.4,1.0,0.0,2.0,1.0,0.8,0.9,0.0,0.0,0.0,0.0,1.0,0.0,2.0,1.0,0.8,0.9,59.5,123.0,186.5,123.0,2.0,131.5,2.0,0.5,0.9,0.8,60.0,125.0,185.0,125.0,2.0,130.0,2.0,0.5,0.9,0.8
1974,2,337.0,0.0,27.83,27.9,27.97,27.9,2.0,0.14,22.0,1.0,0.3,0.4,27.22,27.7,28.18,27.7,2.0,0.99,22.0,1.0,0.3,0.4,18.39,18.39,18.39,18.39,1.0,0.0,26.0,1.0,0.4,0.2,76.2,76.2,76.2,76.2,1.0,0.0,26.0,1.0,0.2,5.1,5.1,5.1,5.1,1.0,0.0,26.0,1.0,0.4,0.2,1.74,1.74,1.74,1.74,1.0,0.0,26.0,1.0,0.4,0.2,-4.79,-4.79,-4.79,-4.79,1.0,0.0,26.0,1.0,0.4,0.2,1007.43,1009.65,1011.87,1009.65,2.0,4.6,22.0,1.0,0.3,0.4,6.2,6.5,6.8,6.5,2.0,0.7,22.0,1.0,0.3,0.4,8.9,8.9,8.9,8.9,1.0,0.0,26.0,1.0,0.4,0.2,-24.4,-24.4,-24.4,-24.4,1.0,0.0,26.0,1.0,0.4,0.2,-0.35,0.2,0.75,0.2,2.0,1.13,22.0,1.0,0.3,0.4,-3.1,-3.1,-3.1,-3.1,1.0,0.0,26.0,1.0,0.4,0.2,5.0,5.0,5.0,5.0,1.0,0.0,26.0,1.0,0.4,0.2,25.5,25.5,25.5,25.5,1.0,0.0,26.0,1.0,0.4,0.2,49.5,49.5,49.5,49.5,1.0,0.0,26.0,1.0,0.4,0.2,-136.1,-136.1,-136.1,-136.1,1.0,0.0,26.0,1.0,0.4,0.2,32.1,32.1,32.1,32.1,1.0,0.0,26.0,1.0,0.4,0.2,-88.1,-88.1,-88.1,-88.1,1.0,0.0,26.0,1.0,0.4,0.2,8.7,8.7,8.7,8.7,1.0,0.0,26.0,1.0,0.4,0.2,-24.0,-24.0,-24.0,-24.0,1.0,0.0,26.0,1.0,0.4,0.2,132.5,132.5,132.5,132.5,1.0,0.0,26.0,1.0,0.4,0.2,135.0,135.0,135.0,135.0,1.0,0.0,26.0,1.0,0.4,0.2
1974,2,337.0,1.0,27.3,27.3,27.3,27.3,1.0,0.0,20.0,0.0,0.5,0.8,27.2,27.2,27.2,27.2,1.0,0.0,20.0,0.0,0.5,0.8,16.12,16.12,16.12,16.12,1.0,0.0,20.0,0.0,0.5,0.8,71.5,71.5,71.5,71.5,1.0,0.0,20.0,0.0,0.8,2.6,2.6,2.6,2.6,1.0,0.0,20.0,0.0,0.5,0.8,-0.89,-0.89,-0.89,-0.89,1.0,0.0,20.0,0.0,0.5,0.8,-2.44,-2.44,-2.44,-2.44,1.0,0.0,20.0,0.0,0.5,0.8,1009.8,1009.8,1009.8,1009.8,1.0,0.0,20.0,0.0,0.5,0.8,3.0,3.0,3.0,3.0,1.0,0.0,20.0,0.0,0.5,0.8,-2.3,-2.3,-2.3,-2.3,1.0,0.0,20.0,0.0,0.5,0.8,-6.4,-6.4,-6.4,-6.4,1.0,0.0,20.0,0.0,0.5,0.8,0.1,0.1,0.1,0.1,1.0,0.0,20.0,0.0,0.5,0.8,0.3,0.3,0.3,0.3,1.0,0.0,20.0,0.0,0.5,0.8,6.66,6.66,6.66,6.66,1.0,0.0,20.0,0.0,0.5,0.8,17.3,17.3,17.3,17.3,1.0,0.0,20.0,0.0,0.5,0.8,-24.2,-24.2,-24.2,-24.2,1.0,0.0,20.0,0.0,0.5,0.8,-66.5,-66.5,-66.5,-66.5,1.0,0.0,20.0,0.0,0.5,0.8,-14.3,-14.3,-14.3,-14.3,1.0,0.0,20.0,0.0,0.5,0.8,-39.4,-39.4,-39.4,-39.4,1.0,0.0,20.0,0.0,0.5,0.8,-5.9,-5.9,-5.9,-5.9,1.0,0.0,20.0,0.0,0.5,0.8,-16.3,-16.3,-16.3,-16.3,1.0,0.0,20.0,0.0,0.5,0.8,17.5,17.5,17.5,17.5,1.0,0.0,20.0,0.0,0.5,0.8,20.0,20.0,20.0,20.0,1.0,0.0,20.0,0.0,0.5,0.8
1974,2,337.0,2.0,27.95,28.7,29.25,28.6,3.0,0.95,14.0,1.0,0.4,0.2,26.59,27.2,27.95,27.27,3.0,1.0,14.0,1.0,0.4,0.2,15.78,17.5,18.18,16.99,3.0,1.81,14.0,1.0,0.4,0.2,72.1,76.6,77.1,74.7,3.0,4.0,14.0,1.0,0.2,0.65,2.05,3.45,2.05,2.0,2.9,12.0,1.0,0.3,0.1,-2.64,-1.57,-0.5,-1.57,2.0,2.22,12.0,1.0,0.3,0.1,-2.22,-1.32,-0.42,-1.32,2.0,1.86,12.0,1.0,0.3,0.1,1007.3,1007.5,1008.05,1007.67,3.0,0.57,14.0,1.0,0.4,0.2,2.3,3.0,6.4,4.3,3.0,3.2,14.0,1.0,0.4,0.2,-10.8,-6.4,-2.0,-6.4,2.0,9.1,12.0,1.0,0.3,0.1,-9.1,-5.4,-1.7,-5.4,2.0,7.6,12.0,1.0,0.3,0.1,0.69,1.3,1.98,1.33,3.0,0.95,14.0,1.0,0.4,0.2,0.3,0.8,1.4,0.8,2.0,1.2,12.0,1.0,0.3,0.1,6.92,8.24,8.41,7.68,3.0,1.19,14.0,1.0,0.4,0.2,4.1,12.9,21.8,12.9,2.0,18.3,12.0,1.0,0.3,0.1,-74.8,-44.4,-14.1,-44.4,2.0,62.9,12.0,1.0,0.3,0.1,-62.7,-37.3,-11.8,-37.3,2.0,52.7,12.0,1.0,0.3,0.1,-48.9,-29.0,-9.2,-29.0,2.0,41.1,12.0,1.0,0.3,0.1,-41.0,-24.4,-7.7,-24.4,2.0,34.5,12.0,1.0,0.3,0.1,-16.7,-9.9,-3.1,-9.9,2.0,14.0,12.0,1.0,0.3,0.1,-14.0,-8.3,-2.6,-8.3,2.0,11.8,12.0,1.0,0.3,0.1,11.0,34.5,58.0,34.5,2.0,48.5,12.0,1.0,0.3,0.1,10.0,35.0,60.0,35.0,2.0,50.0,12.0,1.0,0.3,0.1
1974,2,337.0,5.0,,,,,,,,,,,,,,,,,,,,,,,,,,,,,,,,,,,,,,,,3.0,3.85,4.7,3.85,2.0,1.77,8.0,1.0,0.4,0.9,-1.33,-0.43,0.47,-0.43,2.0,1.86,8.0,1.0,0.4,0.9,-4.42,-3.62,-2.82,-3.62,2.0,1.66,8.0,1.0,0.4,0.9,1008.37,1009.8,1011.23,1009.8,2.0,2.97,18.0,1.0,0.4,0.9,0.6,2.0,6.1,3.3,3.0,4.2,14.0,1.0,0.4,0.9,-7.1,-3.3,0.5,-3.3,2.0,7.9,8.0,1.0,0.4,0.9,-21.6,-15.4,-9.2,-15.4,2.0,12.8,8.0,1.0,0.4,0.9,,,,,,,,,,,,,,,,,,,,,,,,,,,,,,,,,,,,,,,,,,,,,,,,,,,,,,,,,,,,,,,,,,,,,,,,,,,,,,,,,,,,,,,,,,,,,,,,,,,,,,,,,,,,,,,,,,,,,,,,
1974,2,337.0,6.0,26.34,26.6,26.86,26.6,4.0,0.34,20.0,0.8,0.6,0.5,24.6,26.15,27.55,26.08,4.0,2.06,20.0,0.8,0.6,0.5,15.99,17.06,18.13,17.06,2.0,2.21,20.0,1.0,0.5,0.3,78.4,86.2,90.0,84.3,3.0,8.7,18.0,0.7,0.5,3.92,4.6,6.03,4.97,3.0,1.58,18.0,0.7,0.6,0.5,-0.84,0.0,0.55,-0.14,3.0,1.02,18.0,0.7,0.6,0.5,-6.01,-4.53,-3.75,-4.87,3.0,1.68,18.0,0.7,0.6,0.5,1010.19,1012.1,1012.37,1011.3,3.0,1.74,22.0,1.0,0.6,0.4,0.0,0.0,0.7,0.3,3.0,0.6,18.0,0.7,0.6,0.5,-3.0,0.0,2.5,-0.3,3.0,4.1,18.0,0.7,0.6,0.5,-37.3,-20.8,-14.9,-26.0,3.0,16.9,18.0,0.7,0.6,0.5,-0.69,0.3,1.76,0.53,4.0,1.86,20.0,0.8,0.6,0.5,1.5,2.7,8.2,4.8,3.0,5.3,18.0,0.7,0.6,0.5,3.69,4.54,5.39,4.54,2.0,1.76,20.0,1.0,0.5,0.3,18.9,26.9,35.0,26.9,2.0,16.7,20.0,1.0,0.5,0.3,-19.8,0.0,14.4,-2.6,3.0,25.2,18.0,0.7,0.6,0.5,-156.1,-120.0,-92.4,-124.1,3.0,46.8,18.0,0.7,0.6,0.5,2.4,7.4,12.5,7.4,2.0,10.5,20.0,1.0,0.5,0.3,-100.7,-94.1,-87.4,-94.1,2.0,13.7,20.0,1.0,0.5,0.3,0.4,1.3,2.2,1.3,2.0,1.9,20.0,1.0,0.5,0.3,-35.0,-26.8,-18.7,-26.8,2.0,16.9,20.0,1.0,0.5,0.3,62.5,97.5,236.0,148.5,3.0,134.5,18.0,0.7,0.6,0.5,65.0,95.0,235.0,150.0,3.0,135.0,18.0,0.7,0.6,0.5
1974,2,337.0,7.0,,,,,,,,,,,,,,,,,,,,,,,,,,,,,,,,,,,,,,,,12.0,12.0,12.0,12.0,1.0,0.0,18.0,1.0,1.0,0.0,-4.1,-4.1,-4.1,-4.1,1.0,0.0,18.0,1.0,1.0,0.0,-11.28,-11.28,-11.28,-11.28,1.0,0.0,18.0,1.0,1.0,0.0,1007.4,1007.4,1007.4,1007.4,1.0,0.0,18.0,1.0,1.0,0.0,,,,,,,,,,,,,,,,,,,,,,,,,,,,,,,,,,,,,,,,,,,,,,,,,,,,,,,,,,,,,,,,,,,,,,,,,,,,,,,,,,,,,,,,,,,,,,,,,,,,,,,,,,,,,,,,,,,,,,,,,,,,,,,,,,,,,,,,,,,,,,,,,,,,,,
1974,2,337.0,8.0,25.1,25.1,25.1,25.1,1.0,0.0,2.0,1.0,0.9,0.5,26.0,26.0,26.0,26.0,1.0,0.0,2.0,1.0,0.9,0.5,16.21,16.21,16.21,16.21,1.0,0.0,2.0,1.0,0.9,0.5,77.2,77.2,77.2,77.2,1.0,0.0,2.0,1.0,0.5,5.1,5.1,5.1,5.1,1.0,0.0,2.0,1.0,0.9,0.5,-3.91,-3.91,-3.91,-3.91,1.0,0.0,2.0,1.0,0.9,0.5,-3.28,-3.28,-3.28,-3.28,1.0,0.0,2.0,1.0,0.9,0.5,1010.0,1010.0,1010.0,1010.0,1.0,0.0,2.0,1.0,0.9,0.5,8.0,8.0,8.0,8.0,1.0,0.0,2.0,1.0,0.9,0.5,-19.9,-19.9,-19.9,-19.9,1.0,0.0,2.0,1.0,0.9,0.5,-16.7,-16.7,-16.7,-16.7,1.0,0.0,2.0,1.0,0.9,0.5,-0.9,-0.9,-0.9,-0.9,1.0,0.0,2.0,1.0,0.9,0.5,-4.6,-4.6,-4.6,-4.6,1.0,0.0,2.0,1.0,0.9,0.5,3.74,3.74,3.74,3.74,1.0,0.0,2.0,1.0,0.9,0.5,19.1,19.1,19.1,19.1,1.0,0.0,2.0,1.0,0.9,0.5,-101.6,-101.6,-101.6,-101.6,1.0,0.0,2.0,1.0,0.9,0.5,-85.2,-85.2,-85.2,-85.2,1.0,0.0,2.0,1.0,0.9,0.5,-63.3,-63.3,-63.3,-63.3,1.0,0.0,2.0,1.0,0.9,0.5,-53.1,-53.1,-53.1,-53.1,1.0,0.0,2.0,1.0,0.9,0.5,-14.6,-14.6,-14.6,-14.6,1.0,0.0,2.0,1.0,0.9,0.5,-12.3,-12.3,-12.3,-12.3,1.0,0.0,2.0,1.0,0.9,0.5,132.5,132.5,132.5,132.5,1.0,0.0,2.0,1.0,0.9,0.5,135.0,135.0,135.0,135.0,1.0,0.0,2.0,1.0,0.9,0.5
1974,2,337.0,9.0,25.9,25.9,25.9,25.9,1.0,0.0,20.0,1.0,0.7,0.2,23.75,23.85,23.95,23.85,2.0,0.21,10.0,1.0,0.6,0.5,14.82,15.35,15.88,15.35,2.0,1.09,10.0,1.0,0.6,0.5,79.9,83.2,86.5,83.2,2.0,6.9,10.0,1.0,0.5,9.05,9.15,9.25,9.15,2.0,0.21,10.0,1.0,0.6,0.5,-6.31,-5.04,-3.77,-5.04,2.0,2.63,10.0,1.0,0.6,0.5,-8.27,-7.26,-6.25,-7.26,2.0,2.09,10.0,1.0,0.6,0.5,1009.57,1009.95,1010.33,1009.95,2.0,0.78,10.0,1.0,0.6,0.5,0.0,0.0,0.0,0.0,2.0,0.0,10.0,1.0,0.6,0.5,-56.9,-45.8,-34.7,-45.8,2.0,23.0,10.0,1.0,0.6,0.5,-76.6,-66.7,-56.7,-66.7,2.0,20.7,10.0,1.0,0.6,0.5,2.2,2.2,2.2,2.2,1.0,0.0,20.0,1.0,0.7,0.2,20.5,20.5,20.5,20.5,1.0,0.0,20.0,1.0,0.7,0.2,4.83,4.83,4.83,4.83,1.0,0.0,20.0,1.0,0.7,0.2,44.9,44.9,44.9,44.9,1.0,0.0,20.0,1.0,0.7,0.2,-151.2,-120.4,-89.7,-120.4,2.0,63.7,10.0,1.0,0.6,0.5,-196.3,-173.0,-149.7,-173.0,2.0,48.3,10.0,1.0,0.6,0.5,-92.7,-75.9,-59.1,-75.9,2.0,34.8,10.0,1.0,0.6,0.5,-131.9,-112.6,-93.3,-112.6,2.0,40.0,10.0,1.0,0.6,0.5,-15.4,-15.4,-15.4,-15.4,1.0,0.0,20.0,1.0,0.7,0.2,-42.2,-42.2,-42.2,-42.2,1.0,0.0,20.0,1.0,0.7,0.2,741.0,766.5,792.5,766.5,2.0,53.5,10.0,1.0,0.6,0.5,740.0,765.0,790.0,765.0,2.0,55.0,10.0,1.0,0.6,0.5
1974,2,337.0,11.0,22.49,23.1,23.99,23.23,3.0,1.11,12.0,0.0,0.7,0.5,21.99,22.6,22.87,22.43,3.0,0.67,12.0,0.0,0.7,0.5,13.08,13.08,13.08,13.08,1.0,0.0,6.0,0.0,0.8,0.4,81.0,81.0,81.0,81.0,1.0,0.0,6.0,0.0,0.4,6.97,11.0,12.37,9.7,3.0,4.11,12.0,0.0,0.7,0.5,-5.04,-1.91,-1.8,-3.38,3.0,2.7,12.0,0.0,0.7,0.5,-11.12,-10.83,-6.71,-8.96,3.0,3.62,12.0,0.0,0.7,0.5,1012.16,1012.5,1013.39,1012.77,3.0,0.93,12.0,0.0,0.7,0.5,0.0,0.0,0.0,0.0,3.0,0.0,12.0,0.0,0.7,0.5,-64.3,-21.0,-12.7,-38.1,3.0,40.6,12.0,0.0,0.7,0.5,-137.7,-119.2,-54.5,-96.7,3.0,64.0,12.0,0.0,0.7,0.5,-0.24,0.1,1.87,0.8,3.0,1.66,12.0,0.0,0.7,0.5,-2.6,1.3,9.8,3.6,3.0,9.3,12.0,0.0,0.7,0.5,6.01,6.01,6.01,6.01,1.0,0.0,6.0,0.0,0.8,0.4,30.6,30.6,30.6,30.6,1.0,0.0,6.0,0.0,0.8,0.4,-115.8,-43.2,-39.5,-76.8,3.0,63.0,12.0,0.0,0.7,0.5,-254.5,-244.8,-148.7,-202.6,3.0,85.7,12.0,0.0,0.7,0.5,-22.8,-22.8,-22.8,-22.8,1.0,0.0,6.0,0.0,0.8,0.4,-62.7,-62.7,-62.7,-62.7,1.0,0.0,6.0,0.0,0.8,0.4,-10.5,-10.5,-10.5,-10.5,1.0,0.0,6.0,0.0,0.8,0.4,-28.8,-28.8,-28.8,-28.8,1.0,0.0,6.0,0.0,0.8,0.4,513.0,1331.0,1922.0,1220.0,3.0,1036.5,12.0,0.0,0.7,0.5,515.0,1330.0,1920.0,1220.0,3.0,1035.0,12.0,0.0,0.7,0.5
1974,2,337.0,12.0,21.56,21.7,21.9,21.73,3.0,0.25,18.0,0.3,0.9,0.5,21.16,21.3,22.12,21.63,3.0,0.76,18.0,0.3,0.9,0.5,12.02,12.58,13.15,12.58,2.0,1.16,14.0,0.5,1.0,0.3,76.1,77.3,78.5,77.3,2.0,2.6,14.0,0.5,0.3,7.11,8.0,8.89,8.0,2.0,1.84,14.0,0.5,1.0,0.3,-5.21,-3.57,-1.93,-3.57,2.0,3.4,14.0,0.5,1.0,0.3,-7.04,-6.86,-6.68,-6.86,2.0,0.37,14.0,0.5,1.0,0.3,1010.99,1012.7,1015.16,1013.07,3.0,3.07,18.0,0.3,0.9,0.5,0.0,0.0,1.4,0.7,3.0,1.2,18.0,0.3,0.9,0.5,-48.0,-31.7,-15.4,-31.7,2.0,33.8,14.0,0.5,1.0,0.3,-62.8,-55.2,-47.7,-55.2,2.0,15.6,14.0,0.5,1.0,0.3,-0.28,0.2,0.47,0.1,3.0,0.56,18.0,0.3,0.9,0.5,-3.3,-0.3,2.6,-0.3,2.0,6.1,14.0,0.5,1.0,0.3,3.28,3.76,4.23,3.76,2.0,0.98,14.0,0.5,1.0,0.3,28.7,29.2,29.6,29.2,2.0,0.9,14.0,0.5,1.0,0.3,-117.1,-79.5,-42.0,-79.5,2.0,77.7,14.0,0.5,1.0,0.3,-157.0,-149.8,-142.6,-149.8,2.0,14.9,14.0,0.5,1.0,0.3,-69.6,-46.9,-24.2,-46.9,2.0,47.0,14.0,0.5,1.0,0.3,-92.7,-86.6,-80.4,-86.6,2.0,12.7,14.0,0.5,1.0,0.3,-16.2,-11.7,-7.3,-11.7,2.0,9.3,14.0,0.5,1.0,0.3,-28.2,-25.6,-23.0,-25.6,2.0,5.3,14.0,0.5,1.0,0.3,380.5,552.5,724.5,552.5,2.0,356.0,14.0,0.5,1.0,0.3,380.0,555.0,725.0,555.0,2.0,355.0,14.0,0.5,1.0,0.3
1974,2,337.0,13.0,20.88,22.0,23.73,22.29,9.0,1.6,18.0,0.2,0.4,0.4,20.5,21.0,23.0,21.99,11.0,2.35,18.0,0.4,0.3,0.4,11.19,12.02,12.33,11.8,6.0,0.64,20.0,0.3,0.3,0.4,71.3,76.8,81.3,75.8,6.0,6.9,20.0,0.3,0.4,5.45,9.3,12.0,8.66,11.0,3.02,18.0,0.4,0.3,0.4,-7.13,-4.37,1.03,-3.74,11.0,3.93,18.0,0.4,0.3,0.4,-10.25,-7.12,-3.55,-6.91,11.0,2.87,18.0,0.4,0.3,0.4,1013.62,1014.5,1015.9,1014.44,11.0,1.52,18.0,0.4,0.3,0.4,0.4,1.5,2.6,1.8,10.0,1.8,18.0,0.4,0.4,0.4,-75.8,-32.8,4.5,-40.5,11.0,40.6,18.0,0.4,0.3,0.4,-112.8,-66.3,-23.7,-66.1,11.0,43.0,18.0,0.4,0.3,0.4,-1.15,0.3,1.2,0.14,9.0,2.5,18.0,0.2,0.4,0.4,-11.3,1.7,10.8,0.9,9.0,28.9,18.0,0.2,0.4,0.4,3.26,3.93,4.92,4.1,6.0,0.88,20.0,0.3,0.3,0.4,17.8,30.0,38.7,30.3,6.0,13.7,20.0,0.3,0.3,0.4,-175.1,-89.5,22.0,-84.0,11.0,90.0,18.0,0.4,0.3,0.4,-208.3,-146.0,-73.1,-154.2,11.0,72.1,18.0,0.4,0.3,0.4,-79.2,-46.4,16.7,-38.0,6.0,48.5,20.0,0.3,0.3,0.4,-93.0,-53.4,-40.5,-63.9,6.0,29.8,20.0,0.3,0.3,0.4,-23.6,-16.3,6.1,-11.4,6.0,15.5,20.0,0.3,0.3,0.4,-32.5,-20.3,-11.6,-23.5,6.0,15.2,20.0,0.3,0.3,0.4,163.5,804.5,1728.0,857.0,11.0,660.5,18.0,0.4,0.3,0.4,165.0,805.0,1730.0,855.0,11.0,660.0,18.0,0.4,0.3,0.4
1974,2,337.0,14.0,21.01,22.45,24.78,22.63,8.0,1.66,16.0,0.4,0.7,0.6,20.51,23.0,23.38,22.49,8.0,2.02,16.0,0.4,0.7,0.6,12.16,13.12,14.88,13.5,4.0,1.96,16.0,0.5,0.7,0.5,74.5,80.0,86.3,80.4,4.0,7.7,16.0,0.5,0.5,4.24,6.85,12.32,7.19,8.0,4.31,16.0,0.4,0.7,0.6,-6.49,-4.24,-2.47,-4.29,8.0,2.33,16.0,0.4,0.7,0.6,-10.63,-5.06,-0.43,-5.25,8.0,4.43,16.0,0.4,0.7,0.6,1012.68,1014.35,1016.13,1014.33,8.0,1.76,16.0,0.4,0.7,0.6,0.0,0.0,3.0,1.1,7.0,1.7,14.0,0.4,0.7,0.6,-79.7,-28.1,-15.4,-38.3,8.0,31.7,16.0,0.4,0.7,0.6,-132.8,-33.6,-3.3,-53.3,8.0,59.0,16.0,0.4,0.7,0.6,-2.26,0.35,1.94,0.14,8.0,2.29,16.0,0.4,0.7,0.6,-16.4,2.2,24.6,4.4,8.0,18.3,16.0,0.4,0.7,0.6,1.57,2.42,3.3,2.44,4.0,1.19,16.0,0.5,0.7,0.5,10.0,17.0,36.0,22.8,4.0,19.1,16.0,0.5,0.7,0.5,-146.9,-93.4,-62.0,-94.9,8.0,50.9,16.0,0.4,0.7,0.6,-211.8,-105.8,-10.0,-115.8,8.0,96.4,16.0,0.4,0.7,0.6,-80.3,-64.0,-44.9,-62.7,4.0,21.6,16.0,0.5,0.7,0.5,-116.2,-82.9,-56.2,-86.1,4.0,36.3,16.0,0.5,0.7,0.5,-21.6,-13.2,-5.4,-13.5,4.0,10.0,16.0,0.5,0.7,0.5,-27.7,-10.3,-8.3,-17.6,4.0,17.3,16.0,0.5,0.7,0.5,83.5,322.0,1959.5,718.5,8.0,909.0,16.0,0.4,0.7,0.6,85.0,320.0,1960.0,720.0,8.0,910.0,16.0,0.4,0.7,0.6
1974,2,337.0,15.0,21.0,21.35,23.73,22.06,10.0,1.67,14.0,0.8,0.5,0.4,20.18,21.1,22.83,21.55,11.0,1.96,14.0,0.8,0.5,0.5,10.02,12.34,14.04,12.09,9.0,1.99,14.0,0.9,0.5,0.4,66.3,81.3,86.6,76.9,9.0,12.9,14.0,0.9,0.4,4.89,8.2,10.3,8.29,11.0,3.05,14.0,0.8,0.5,0.5,-6.82,-4.53,-1.74,-4.74,11.0,2.55,14.0,0.8,0.5,0.5,-8.7,-5.13,-3.72,-6.01,11.0,3.75,14.0,0.8,0.5,0.5,1013.06,1015.2,1018.72,1015.69,11.0,2.65,14.0,0.8,0.5,0.5,0.6,2.0,3.4,2.1,11.0,1.4,14.0,0.8,0.5,0.5,-69.3,-33.6,-13.9,-42.5,11.0,30.0,14.0,0.8,0.5,0.5,-88.4,-36.3,-20.9,-58.2,11.0,54.1,14.0,0.8,0.5,0.5,-0.77,0.25,0.96,0.36,10.0,1.17,14.0,0.8,0.5,0.4,-4.6,2.1,8.5,3.9,10.0,11.1,14.0,0.8,0.5,0.4,1.5,3.38,6.41,3.72,8.0,2.16,14.0,0.9,0.4,0.4,15.1,29.4,53.2,31.8,8.0,20.7,14.0,0.9,0.4,0.4,-155.9,-103.9,-34.1,-104.1,11.0,58.8,14.0,0.8,0.5,0.5,-179.2,-108.3,-79.5,-125.1,11.0,77.5,14.0,0.8,0.5,0.5,-86.7,-71.6,-25.5,-61.5,9.0,29.3,14.0,0.9,0.5,0.4,-106.8,-68.8,-44.1,-80.5,9.0,50.9,14.0,0.9,0.5,0.4,-45.4,-16.8,-5.7,-22.9,8.0,22.1,14.0,0.9,0.4,0.4,-25.5,-22.7,-14.2,-19.9,8.0,7.1,14.0,0.9,0.4,0.4,118.0,551.5,1092.5,789.0,11.0,826.5,14.0,0.8,0.5,0.5,120.0,550.0,1095.0,790.0,11.0,825.0,14.0,0.8,0.5,0.5
1974,2,337.0,16.0,19.94,20.8,23.36,21.5,10.0,1.81,14.0,0.1,0.8,0.4,19.27,20.15,21.93,20.66,10.0,1.9,14.0,0.1,0.8,0.4,9.83,11.97,13.04,11.24,7.0,1.89,14.0,0.1,0.7,0.5,65.8,72.3,85.7,74.6,7.0,12.2,14.0,0.1,0.5,6.84,9.25,11.87,9.2,10.0,2.83,14.0,0.1,0.8,0.4,-7.63,-5.66,-3.91,-5.56,10.0,2.29,14.0,0.1,0.8,0.4,-9.48,-7.79,-4.06,-7.03,10.0,2.75,14.0,0.1,0.8,0.4,1012.17,1015.6,1017.79,1015.46,10.0,2.91,14.0,0.1,0.8,0.4,0.0,2.0,4.7,2.3,9.0,2.4,12.0,0.1,0.8,0.4,-90.8,-55.6,-30.7,-55.9,10.0,32.5,14.0,0.1,0.8,0.4,-111.1,-73.7,-23.9,-70.8,10.0,42.0,14.0,0.1,0.8,0.4,-0.23,0.8,2.0,0.84,10.0,1.22,14.0,0.1,0.8,0.4,-2.9,8.0,16.8,6.9,10.0,10.4,14.0,0.1,0.8,0.4,2.4,4.54,6.48,4.35,7.0,1.88,14.0,0.1,0.7,0.5,26.1,34.1,45.6,35.1,7.0,11.5,14.0,0.1,0.7,0.5,-162.3,-121.5,-76.0,-115.4,10.0,49.7,14.0,0.1,0.8,0.4,-193.4,-149.4,-91.2,-144.2,10.0,56.2,14.0,0.1,0.8,0.4,-94.9,-72.0,-44.6,-66.2,7.0,33.4,14.0,0.1,0.7,0.5,-113.1,-85.9,-41.3,-74.0,7.0,37.6,14.0,0.1,0.7,0.5,-37.8,-21.9,-8.5,-23.6,7.0,13.7,14.0,0.1,0.7,0.5,-26.8,-23.8,-14.9,-23.8,7.0,8.5,14.0,0.1,0.7,0.5,332.0,822.0,1682.0,970.0,10.0,710.5,14.0,0.1,0.8,0.4,330.0,820.0,1680.0,970.0,10.0,710.0,14.0,0.1,0.8,0.4
1974,2,337.0,17.0,20.79,22.5,24.21,22.5,2.0,3.54,16.0,0.5,0.4,0.9,19.4,20.25,21.1,20.25,2.0,1.77,16.0,0.5,0.4,0.9,9.82,9.82,9.82,9.82,1.0,0.0,24.0,0.0,0.5,0.9,72.3,72.3,72.3,72.3,1.0,0.0,24.0,0.0,0.9,8.49,9.1,9.71,9.1,2.0,1.27,16.0,0.5,0.4,0.9,-6.24,-5.85,-5.45,-5.85,2.0,0.82,16.0,0.5,0.4,0.9,-7.44,-6.97,-6.5,-6.97,2.0,0.98,16.0,0.5,0.4,0.9,1012.16,1013.8,1015.44,1013.8,2.0,3.39,16.0,0.5,0.4,0.9,0.2,0.5,0.8,0.5,2.0,0.7,16.0,0.5,0.4,0.9,-60.9,-53.7,-46.6,-53.7,2.0,14.9,16.0,0.5,0.4,0.9,-72.6,-64.1,-55.5,-64.1,2.0,17.7,16.0,0.5,0.4,0.9,1.4,2.25,3.1,2.25,2.0,1.77,16.0,0.5,0.4,0.9,12.5,21.6,30.7,21.6,2.0,19.0,16.0,0.5,0.4,0.9,4.68,4.68,4.68,4.68,1.0,0.0,24.0,0.0,0.5,0.9,38.4,38.4,38.4,38.4,1.0,0.0,24.0,0.0,0.5,0.9,-132.2,-119.2,-106.2,-119.2,2.0,26.9,16.0,0.5,0.4,0.9,-157.5,-142.0,-126.5,-142.0,2.0,32.1,16.0,0.5,0.4,0.9,-51.7,-51.7,-51.7,-51.7,1.0,0.0,24.0,0.0,0.5,0.9,-61.7,-61.7,-61.7,-61.7,1.0,0.0,24.0,0.0,0.5,0.9,-24.7,-24.7,-24.7,-24.7,1.0,0.0,24.0,0.0,0.5,0.9,-29.4,-29.4,-29.4,-29.4,1.0,0.0,24.0,0.0,0.5,0.9,622.5,775.5,929.0,775.5,2.0,317.0,16.0,0.5,0.4,0.9,625.0,775.0,930.0,775.0,2.0,315.0,16.0,0.5,0.4,0.9
1974,2,337.0,18.0,20.02,20.9,21.94,21.31,8.0,1.65,16.0,0.6,0.4,0.3,19.09,19.9,21.97,20.39,8.0,1.51,16.0,0.6,0.4,0.3,9.87,11.12,12.3,11.13,6.0,1.55,16.0,0.5,0.3,0.3,74.1,77.5,79.7,75.5,7.0,5.7,16.0,0.6,0.3,6.65,10.3,13.02,10.4,7.0,3.4,16.0,0.6,0.4,0.3,-9.96,-5.15,-1.93,-5.12,7.0,5.64,16.0,0.6,0.4,0.3,-11.12,-6.45,-4.85,-7.36,7.0,3.48,16.0,0.6,0.4,0.3,1014.93,1016.3,1019.81,1017.26,7.0,2.89,16.0,0.6,0.4,0.3,0.1,2.5,4.9,2.8,8.0,2.6,16.0,0.6,0.4,0.3,-144.5,-53.0,-13.2,-67.0,7.0,66.3,16.0,0.6,0.4,0.3,-133.3,-83.2,-40.7,-84.4,7.0,57.8,16.0,0.6,0.4,0.3,-1.86,0.7,3.57,0.93,8.0,2.67,16.0,0.6,0.4,0.3,-9.7,10.0,25.9,6.8,7.0,24.0,16.0,0.6,0.4,0.3,2.95,5.48,6.69,4.97,6.0,2.43,16.0,0.5,0.3,0.3,35.5,44.2,58.7,45.4,6.0,18.5,16.0,0.5,0.3,0.3,-221.3,-97.8,-34.8,-105.1,7.0,116.3,16.0,0.6,0.4,0.3,-241.8,-127.7,-96.1,-150.9,7.0,80.1,16.0,0.6,0.4,0.3,-107.8,-51.3,-5.4,-49.5,6.0,67.7,16.0,0.5,0.3,0.3,-138.3,-78.7,-51.2,-88.3,6.0,50.4,16.0,0.5,0.3,0.3,-34.8,-14.2,0.7,-14.3,6.0,34.1,16.0,0.5,0.3,0.3,-41.5,-37.2,-15.0,-31.7,6.0,14.3,16.0,0.5,0.3,0.3,295.0,1092.5,2218.5,1431.5,7.0,1198.5,16.0,0.6,0.4,0.3,295.0,1095.0,2220.0,1430.0,7.0,1200.0,16.0,0.6,0.4,0.3
1974,2,337.0,19.0,19.0,20.0,20.1,19.89,7.0,1.04,18.0,0.4,0.8,0.4,17.99,18.5,19.47,18.76,7.0,1.04,18.0,0.4,0.8,0.4,8.13,9.62,10.74,9.9,7.0,1.79,18.0,0.4,0.8,0.4,63.5,72.2,82.2,73.9,7.0,11.5,18.0,0.4,0.4,4.58,9.3,10.3,7.94,7.0,2.77,18.0,0.4,0.8,0.4,-8.99,-5.15,-2.62,-5.46,7.0,3.16,18.0,0.4,0.8,0.4,-7.21,-5.15,-2.99,-4.88,7.0,2.95,18.0,0.4,0.8,0.4,1015.28,1017.5,1019.1,1017.29,7.0,3.66,18.0,0.4,0.8,0.4,1.9,4.0,7.0,4.3,7.0,2.8,18.0,0.4,0.8,0.4,-92.6,-53.0,-13.5,-49.5,7.0,38.7,18.0,0.4,0.8,0.4,-67.5,-42.2,-12.3,-40.3,7.0,32.8,18.0,0.4,0.8,0.4,0.39,1.0,2.26,1.13,7.0,1.65,18.0,0.4,0.8,0.4,3.6,6.2,15.7,8.2,7.0,15.3,18.0,0.4,0.8,0.4,2.83,4.23,6.44,4.5,7.0,2.03,18.0,0.4,0.8,0.4,25.7,27.1,42.5,33.3,7.0,18.4,18.0,0.4,0.8,0.4,-173.9,-95.3,-47.1,-103.8,7.0,61.4,18.0,0.4,0.8,0.4,-149.0,-99.9,-53.8,-92.3,7.0,56.9,18.0,0.4,0.8,0.4,-99.3,-49.6,-23.2,-56.8,7.0,38.9,18.0,0.4,0.8,0.4,-76.1,-64.7,-24.4,-49.7,7.0,31.8,18.0,0.4,0.8,0.4,-22.9,-17.4,-10.8,-23.3,7.0,21.1,18.0,0.4,0.8,0.4,-27.0,-20.7,-6.0,-18.6,7.0,12.0,18.0,0.4,0.8,0.4,96.0,804.5,1092.5,650.0,7.0,479.0,18.0,0.4,0.8,0.4,95.0,805.0,1095.0,650.0,7.0,480.0,18.0,0.4,0.8,0.4
1974,2,337.0,20.0,19.29,20.8,23.05,21.15,4.0,2.3,8.0,0.8,0.8,0.3,18.4,19.55,20.76,19.58,4.0,1.36,8.0,0.8,0.8,0.3,10.59,11.09,11.94,11.26,3.0,1.0,8.0,1.0,0.7,0.2,74.5,78.5,81.2,77.8,3.0,4.9,8.0,1.0,0.2,9.63,11.45,13.42,11.53,4.0,2.22,8.0,0.8,0.8,0.3,-7.04,-6.7,-6.44,-6.74,4.0,0.35,8.0,0.8,0.8,0.3,-11.63,-9.42,-6.78,-9.21,4.0,2.87,8.0,0.8,0.8,0.3,1015.0,1016.25,1019.02,1016.98,4.0,2.57,8.0,0.8,0.8,0.3,0.0,1.5,3.5,1.8,4.0,2.1,8.0,0.8,0.8,0.3,-90.2,-74.7,-65.2,-77.6,4.0,15.3,8.0,0.8,0.8,0.3,-156.3,-110.4,-65.6,-110.9,4.0,53.3,8.0,0.8,0.8,0.3,-0.44,0.95,3.65,1.58,4.0,2.97,8.0,0.8,0.8,0.3,-3.0,12.5,38.5,17.5,4.0,29.1,8.0,0.8,0.8,0.3,3.11,3.28,3.78,3.44,3.0,0.51,8.0,1.0,0.7,0.2,33.7,45.6,49.8,41.8,3.0,12.2,8.0,1.0,0.7,0.2,-141.3,-130.7,-122.8,-132.0,4.0,13.0,8.0,0.8,0.8,0.3,-226.6,-181.4,-132.2,-179.5,4.0,54.6,8.0,0.8,0.8,0.3,-79.4,-79.0,-74.2,-76.8,3.0,4.2,8.0,1.0,0.7,0.2,-133.6,-124.6,-84.8,-109.6,3.0,38.0,8.0,1.0,0.7,0.2,-24.9,-22.8,-22.0,-23.4,3.0,2.2,8.0,1.0,0.7,0.2,-43.1,-39.5,-24.9,-34.1,3.0,14.1,8.0,1.0,0.7,0.2,897.5,1573.5,2429.0,1659.0,4.0,905.0,8.0,0.8,0.8,0.3,900.0,1575.0,2430.0,1660.0,4.0,905.0,8.0,0.8,0.8,0.3
1974,2,337.0,21.0,19.15,19.5,19.75,19.46,5.0,0.4,16.0,0.6,0.4,0.3,18.71,19.3,20.33,19.48,5.0,1.02,16.0,0.6,0.4,0.3,7.73,7.97,9.88,8.71,5.0,1.48,16.0,0.6,0.4,0.3,52.7,62.0,71.3,62.4,5.0,10.4,16.0,0.6,0.3,2.6,6.7,9.67,6.3,5.0,3.62,16.0,0.6,0.4,0.3,-6.8,-6.3,-1.99,-4.8,5.0,2.58,16.0,0.6,0.4,0.3,-6.68,-2.29,-1.67,-3.9,5.0,2.86,16.0,0.6,0.4,0.3,1013.12,1021.0,1021.67,1018.14,5.0,4.67,16.0,0.6,0.4,0.3,1.6,3.0,4.1,3.0,5.0,1.9,16.0,0.6,0.4,0.3,-67.0,-42.2,-5.2,-37.4,5.0,31.1,16.0,0.6,0.4,0.3,-65.0,-15.4,-4.3,-32.2,5.0,34.6,16.0,0.6,0.4,0.3,-0.47,0.2,0.45,-0.02,5.0,0.76,16.0,0.6,0.4,0.3,-1.2,0.5,3.5,0.9,5.0,3.0,16.0,0.6,0.4,0.3,4.15,5.5,6.41,5.29,5.0,1.34,16.0,0.6,0.4,0.3,17.0,34.8,39.0,29.6,5.0,12.0,16.0,0.6,0.4,0.3,-133.5,-114.6,-40.5,-92.5,5.0,48.6,16.0,0.6,0.4,0.3,-129.7,-41.7,-34.0,-76.1,5.0,56.7,16.0,0.6,0.4,0.3,-68.4,-50.1,-15.4,-43.9,5.0,27.4,16.0,0.6,0.4,0.3,-66.8,-18.2,-12.9,-37.2,5.0,33.1,16.0,0.6,0.4,0.3,-33.4,-22.4,-13.0,-23.1,5.0,10.4,16.0,0.6,0.4,0.3,-26.9,-12.6,-10.9,-17.7,5.0,8.6,16.0,0.6,0.4,0.3,17.5,301.0,909.5,446.5,5.0,483.5,16.0,0.6,0.4,0.3,20.0,300.0,910.0,445.0,5.0,485.0,16.0,0.6,0.4,0.3
1974,2,337.0,22.0,19.0,20.0,20.52,19.9,7.0,0.73,16.0,0.9,0.5,0.5,18.68,20.0,21.07,20.01,7.0,1.39,16.0,0.9,0.5,0.5,10.45,11.75,12.82,11.65,7.0,1.92,16.0,0.9,0.5,0.5,72.0,85.0,89.9,80.3,7.0,10.6,16.0,0.9,0.5,4.58,5.7,8.25,6.17,7.0,1.98,16.0,0.9,0.5,0.5,-6.01,-4.53,-3.52,-3.55,7.0,4.2,16.0,0.9,0.5,0.5,-6.32,-0.8,0.0,-2.36,7.0,3.09,16.0,0.9,0.5,0.5,1015.28,1019.8,1022.1,1018.81,7.0,4.35,16.0,0.9,0.5,0.5,2.0,3.0,6.1,4.1,7.0,2.3,16.0,0.9,0.5,0.5,-45.4,-20.8,-14.5,-23.9,7.0,29.1,16.0,0.9,0.5,0.5,-52.2,-3.7,0.0,-18.9,7.0,27.9,16.0,0.9,0.5,0.5,-1.04,0.0,0.74,-0.11,7.0,1.12,16.0,0.9,0.5,0.5,-8.8,0.0,4.3,-0.8,7.0,6.9,16.0,0.9,0.5,0.5,1.86,2.64,3.75,2.73,7.0,1.53,16.0,0.9,0.5,0.5,8.6,17.7,30.0,17.6,7.0,11.1,16.0,0.9,0.5,0.5,-125.8,-89.2,-73.1,-73.5,7.0,80.7,16.0,0.9,0.5,0.5,-128.0,-14.9,0.0,-49.0,7.0,64.0,16.0,0.9,0.5,0.5,-67.6,-55.6,-33.2,-41.1,7.0,49.8,16.0,0.9,0.5,0.5,-66.9,-6.7,0.0,-26.6,7.0,34.0,16.0,0.9,0.5,0.5,-19.6,-17.7,-0.5,-11.3,7.0,12.4,16.0,0.9,0.5,0.5,-23.0,-0.6,0.0,-7.3,7.0,10.9,16.0,0.9,0.5,0.5,96.0,185.0,563.5,301.0,7.0,279.0,16.0,0.9,0.5,0.5,95.0,185.0,565.0,300.0,7.0,280.0,16.0,0.9,0.5,0.5
1974,2,337.0,23.0,19.4,20.0,20.7,19.98,12.0,0.76,16.0,0.3,0.7,0.4,18.13,18.85,19.53,18.95,10.0,0.91,18.0,0.3,0.6,0.4,8.86,9.58,10.64,9.94,9.0,1.81,18.0,0.3,0.7,0.4,65.9,74.0,88.2,75.5,10.0,11.9,18.0,0.3,0.4,4.39,6.2,9.92,7.13,11.0,3.43,16.0,0.4,0.7,0.5,-8.79,-5.02,0.3,-4.28,11.0,4.82,16.0,0.4,0.7,0.5,-5.01,-3.52,0.86,-2.76,11.0,3.99,16.0,0.4,0.7,0.5,1012.0,1020.0,1022.81,1018.02,11.0,4.91,18.0,0.4,0.7,0.4,1.0,2.0,4.8,2.9,12.0,2.4,16.0,0.3,0.7,0.4,-89.9,-25.6,1.4,-40.5,11.0,51.0,16.0,0.4,0.7,0.5,-46.4,-19.9,3.1,-28.9,11.0,48.5,16.0,0.4,0.7,0.5,0.19,0.75,1.91,1.03,10.0,0.94,18.0,0.3,0.6,0.4,1.7,6.2,8.7,5.9,10.0,4.8,18.0,0.3,0.6,0.4,3.55,4.29,5.24,4.42,9.0,1.63,18.0,0.3,0.7,0.4,14.6,26.8,49.9,30.9,9.0,16.9,18.0,0.3,0.7,0.4,-151.1,-84.2,19.8,-70.9,10.0,94.1,18.0,0.3,0.6,0.4,-97.7,-68.2,16.6,-50.0,10.0,78.6,18.0,0.3,0.6,0.4,-82.8,-43.9,12.9,-35.9,9.0,53.4,18.0,0.3,0.7,0.4,-51.0,-33.9,9.8,-22.5,9.0,45.9,18.0,0.3,0.7,0.4,-35.0,-26.4,1.8,-21.5,9.0,20.6,18.0,0.3,0.7,0.4,-27.1,-12.8,5.1,-11.6,9.0,16.1,18.0,0.3,0.7,0.4,85.5,238.5,992.5,619.5,11.0,877.0,16.0,0.4,0.7,0.5,85.0,240.0,990.0,620.0,11.0,875.0,16.0,0.4,0.7,0.5
1974,2,337.0,24.0,19.94,20.0,20.86,20.27,6.0,0.55,14.0,0.5,0.8,0.4,18.61,18.95,20.3,19.2,6.0,1.13,14.0,0.5,0.8,0.4,10.07,10.67,11.98,10.96,5.0,1.04,12.0,0.6,0.9,0.4,72.5,75.1,84.4,78.1,5.0,7.6,12.0,0.6,0.4,5.89,7.7,9.33,7.78,5.0,2.24,12.0,0.6,0.8,0.4,-6.91,-5.36,-5.24,-6.08,5.0,1.47,12.0,0.6,0.8,0.4,-6.64,-4.95,-2.62,-4.69,5.0,2.21,12.0,0.6,0.8,0.4,1015.74,1019.85,1023.32,1018.87,6.0,5.39,14.0,0.5,0.8,0.4,0.8,1.5,3.4,2.0,6.0,1.8,14.0,0.5,0.8,0.4,-64.6,-43.2,-30.9,-49.6,5.0,27.8,12.0,0.6,0.8,0.4,-62.7,-38.1,-15.5,-40.2,5.0,28.4,12.0,0.6,0.8,0.4,0.33,0.9,2.26,1.07,6.0,1.16,14.0,0.5,0.8,0.4,-0.7,6.6,10.4,5.0,5.0,8.3,12.0,0.6,0.8,0.4,3.36,3.72,4.3,3.81,5.0,0.48,12.0,0.6,0.9,0.4,25.6,34.2,38.9,32.3,4.0,9.8,10.0,0.8,0.9,0.3,-136.6,-108.2,-96.4,-118.0,5.0,35.2,12.0,0.6,0.8,0.4,-130.3,-94.0,-47.7,-91.0,5.0,46.0,12.0,0.6,0.8,0.4,-78.6,-61.8,-55.8,-66.9,4.0,17.6,10.0,0.8,0.9,0.3,-70.0,-56.1,-36.1,-53.2,4.0,23.0,10.0,0.8,0.9,0.3,-28.9,-24.0,-20.1,-24.5,4.0,6.0,10.0,0.8,0.9,0.3,-27.1,-24.1,-13.5,-20.5,4.0,9.8,10.0,0.8,0.9,0.3,204.5,456.5,877.0,570.5,5.0,512.0,12.0,0.6,0.8,0.4,205.0,455.0,875.0,570.0,5.0,510.0,12.0,0.6,0.8,0.4
1974,2,337.0,25.0,,,,,,,,,,,,,,,,,,,,,,,,,,,,,,,,,,,,,,,,5.1,5.1,5.1,5.1,1.0,0.0,4.0,1.0,0.3,0.9,0.89,0.89,0.89,0.89,1.0,0.0,4.0,1.0,0.3,0.9,5.02,5.02,5.02,5.02,1.0,0.0,4.0,1.0,0.3,0.9,1031.2,1031.2,1031.2,1031.2,1.0,0.0,4.0,1.0,0.3,0.9,3.0,3.0,3.0,3.0,1.0,0.0,4.0,1.0,0.3,0.9,4.5,4.5,4.5,4.5,1.0,0.0,4.0,1.0,0.3,0.9,25.6,25.6,25.6,25.6,1.0,0.0,4.0,1.0,0.3,0.9,,,,,,,,,,,,,,,,,,,,,,,,,,,,,,,,,,,,,,,,,15.1,15.1,15.1,15.1,1.0,0.0,4.0,1.0,0.3,0.9,85.4,85.4,85.4,85.4,1.0,0.0,4.0,1.0,0.3,0.9,9.2,9.2,9.2,9.2,1.0,0.0,4.0,1.0,0.3,0.9,52.2,52.2,52.2,52.2,1.0,0.0,4.0,1.0,0.3,0.9,,,,,,,,,,,,,,,,,,,,,,,,,,,,,,,,,,,,,,,,
1974,2,337.0,26.0,,,,,,,,,,,,,,,,,,,,,,,,,,,,,,,,,,,,,,,,5.35,6.1,6.85,6.1,2.0,1.56,6.0,0.0,0.6,0.8,-4.29,-3.56,-2.84,-3.56,2.0,1.5,6.0,0.0,0.6,0.8,-5.33,-4.92,-4.52,-4.92,2.0,0.84,6.0,0.0,0.6,0.8,1022.62,1023.95,1025.28,1023.95,2.0,2.76,6.0,0.0,0.6,0.8,,,,,,,,,,,,,,,,,,,,,,,,,,,,,,,,,,,,,,,,,,,,,,,,,,,,,,,,,,,,,,,,,,,,,,,,,,,,,,,,,,,,,,,,,,,,,,,,,,,,,,,,,,,,,,,,,,,,,,,,,,,,,,,,,,,,,,,,,,,,,,,,,,,,,,
1974,2,337.0,27.0,17.54,20.0,21.0,19.54,9.0,1.61,16.0,0.7,0.8,0.5,17.96,19.0,20.01,18.87,7.0,1.05,18.0,0.6,0.7,0.4,9.08,9.95,12.17,10.6,4.0,2.1,16.0,0.5,0.6,0.2,67.2,72.5,86.9,76.9,4.0,16.2,16.0,0.5,0.2,3.66,4.8,7.0,5.24,8.0,1.9,16.0,0.6,0.8,0.4,-6.52,-2.6,0.0,-2.29,8.0,4.22,16.0,0.6,0.8,0.4,-4.59,-2.18,-0.1,-2.27,8.0,2.3,16.0,0.6,0.8,0.4,1015.33,1020.6,1024.37,1019.73,9.0,4.81,16.0,0.7,0.8,0.5,2.5,7.0,7.0,5.2,9.0,2.5,16.0,0.7,0.8,0.5,-44.5,-8.1,0.0,-13.2,8.0,31.1,16.0,0.6,0.8,0.4,-24.6,-8.4,-0.3,-11.0,8.0,13.7,16.0,0.6,0.8,0.4,0.44,1.8,2.33,1.4,7.0,1.27,18.0,0.6,0.7,0.4,-0.1,7.1,13.6,6.8,6.0,8.4,16.0,0.5,0.7,0.3,2.55,4.63,6.03,4.31,4.0,2.09,16.0,0.5,0.6,0.2,10.7,19.5,24.4,17.7,4.0,8.6,16.0,0.5,0.6,0.2,-134.8,-58.2,-16.4,-56.2,6.0,91.1,16.0,0.5,0.7,0.3,-53.7,-27.3,4.8,-27.7,6.0,39.5,16.0,0.5,0.7,0.3,-35.2,-27.3,19.6,-8.7,4.0,44.4,16.0,0.5,0.6,0.2,-40.1,-25.1,-13.2,-26.6,4.0,17.2,16.0,0.5,0.6,0.2,-18.3,-9.7,7.1,-5.8,4.0,17.3,16.0,0.5,0.6,0.2,-13.9,-8.9,-4.7,-9.3,4.0,5.4,16.0,0.5,0.6,0.2,49.0,111.0,343.0,194.0,8.0,180.5,16.0,0.6,0.8,0.4,50.0,110.0,345.0,195.0,8.0,180.0,16.0,0.6,0.8,0.4
1974,2,337.0,28.0,,,,,,,,,,,,,,,,,,,,,,,,,,,,,,,,,,,,,,,,2.27,5.0,7.73,5.0,2.0,5.66,10.0,0.5,0.6,0.2,-6.98,-3.8,-0.61,-3.8,2.0,6.59,10.0,0.5,0.6,0.2,-2.67,-1.79,-0.91,-1.79,2.0,1.82,10.0,0.5,0.6,0.2,1023.0,1023.85,1024.7,1023.85,2.0,1.77,10.0,0.5,0.6,0.2,,,,,,,,,,,,,,,,,,,,,,,,,,,,,,,,,,,,,,,,,,,,,,,,,,,,,,,,,,,,,,,,,,,,,,,,,,,,,,,,,,,,,,,,,,,,,,,,,,,,,,,,,,,,,,,,,,,,,,,,,,,,,,,,,,,,,,,,,,,,,,,,,,,,,,
1974,2,337.0,29.0,19.43,20.45,22.05,20.73,4.0,1.72,16.0,0.8,0.4,0.3,17.74,18.6,19.3,18.53,4.0,0.92,16.0,0.8,0.4,0.3,9.0,9.11,9.28,9.14,3.0,0.21,14.0,0.7,0.5,0.4,68.2,71.2,75.1,71.6,3.0,5.0,14.0,0.7,0.4,5.57,6.95,9.06,7.3,4.0,2.28,16.0,0.8,0.4,0.3,-5.35,-4.29,-3.67,-4.5,4.0,1.07,16.0,0.8,0.4,0.3,-7.43,-4.47,-3.58,-5.46,4.0,2.9,16.0,0.8,0.4,0.3,1022.09,1027.75,1030.64,1026.43,4.0,5.62,16.0,0.8,0.4,0.3,5.5,6.5,7.0,6.3,4.0,1.0,16.0,0.8,0.4,0.3,-41.1,-32.9,-24.1,-32.6,4.0,11.1,16.0,0.8,0.4,0.3,-70.4,-31.4,-20.2,-44.6,4.0,37.8,16.0,0.8,0.4,0.3,0.12,1.85,4.31,2.2,4.0,2.62,16.0,0.8,0.4,0.3,1.5,12.0,38.5,19.7,4.0,26.1,16.0,0.8,0.4,0.3,5.52,6.27,7.34,6.42,3.0,1.34,14.0,0.7,0.5,0.4,39.2,39.8,67.7,53.1,3.0,23.9,14.0,0.7,0.5,0.4,-100.0,-79.9,-67.7,-83.7,4.0,22.0,16.0,0.8,0.4,0.3,-134.0,-83.4,-66.8,-99.6,4.0,48.5,16.0,0.8,0.4,0.3,-50.2,-42.5,-36.0,-43.1,3.0,10.4,14.0,0.7,0.5,0.4,-76.2,-45.1,-38.7,-57.1,3.0,29.4,14.0,0.7,0.5,0.4,-30.2,-29.8,-28.3,-29.3,3.0,1.5,14.0,0.7,0.5,0.4,-59.9,-25.6,-25.2,-42.1,3.0,29.2,14.0,0.7,0.5,0.4,179.0,347.5,790.0,478.0,4.0,432.0,16.0,0.8,0.4,0.3,180.0,345.0,790.0,480.0,4.0,430.0,16.0,0.8,0.4,0.3
1974,2,337.0,30.0,18.06,19.0,20.89,19.44,8.0,1.45,10.0,0.5,0.5,0.5,17.2,17.5,18.95,18.02,9.0,1.04,12.0,0.4,0.5,0.5,7.22,7.95,10.3,8.72,4.0,2.19,14.0,0.8,0.5,0.5,60.9,66.4,77.4,69.0,4.0,10.5,14.0,0.8,0.5,4.46,6.7,8.92,6.4,9.0,3.06,12.0,0.4,0.5,0.5,-8.1,-5.36,-0.84,-4.74,9.0,3.34,12.0,0.4,0.5,0.5,-6.28,-2.98,0.0,-2.97,9.0,3.02,12.0,0.4,0.5,0.5,1026.48,1027.1,1029.89,1026.82,9.0,4.67,12.0,0.4,0.5,0.5,4.5,6.0,8.0,5.9,9.0,2.6,12.0,0.4,0.5,0.5,-78.3,-30.5,-4.1,-37.3,9.0,32.9,12.0,0.4,0.5,0.5,-41.8,-25.9,0.0,-23.3,9.0,24.3,12.0,0.4,0.5,0.5,0.8,1.65,2.47,1.33,8.0,1.56,10.0,0.5,0.5,0.5,7.1,10.4,16.9,9.3,8.0,9.5,10.0,0.5,0.5,0.5,2.35,4.88,6.0,4.21,4.0,2.47,14.0,0.8,0.5,0.5,20.5,38.6,40.6,30.9,4.0,17.7,14.0,0.8,0.5,0.5,-145.3,-93.8,-14.2,-86.5,9.0,61.2,12.0,0.4,0.5,0.5,-107.8,-54.2,0.0,-51.8,9.0,52.1,12.0,0.4,0.5,0.5,-65.7,-42.8,-10.5,-38.3,4.0,32.8,14.0,0.8,0.5,0.5,-53.1,-43.7,-30.3,-41.8,4.0,14.6,14.0,0.8,0.5,0.5,-26.1,-11.8,-2.0,-14.0,4.0,14.7,14.0,0.8,0.5,0.5,-36.0,-30.4,-13.6,-25.1,4.0,16.4,14.0,0.8,0.5,0.5,96.5,301.0,710.0,401.5,9.0,356.0,12.0,0.4,0.5,0.5,95.0,300.0,710.0,400.0,9.0,355.0,12.0,0.4,0.5,0.5
1974,2,337.0,31.0,18.35,20.0,20.0,19.31,9.0,0.86,14.0,0.6,0.5,0.5,16.43,18.65,19.5,18.23,10.0,1.45,14.0,0.5,0.5,0.5,8.43,10.47,12.09,10.27,4.0,2.16,16.0,0.5,0.3,0.7,68.0,82.8,90.2,79.2,4.0,14.2,16.0,0.5,0.7,5.1,6.2,9.95,7.36,9.0,2.41,14.0,0.6,0.5,0.5,-6.28,-4.33,4.48,-2.0,9.0,5.73,14.0,0.6,0.5,0.5,-5.53,-2.5,3.83,-1.09,9.0,5.29,14.0,0.6,0.5,0.5,1024.43,1027.0,1028.01,1026.48,10.0,1.99,14.0,0.5,0.5,0.5,2.0,3.5,7.6,4.6,10.0,2.6,14.0,0.5,0.5,0.5,-60.7,-21.7,23.6,-20.6,9.0,51.0,14.0,0.6,0.5,0.5,-55.0,-12.5,29.7,-9.3,9.0,47.4,14.0,0.6,0.5,0.5,0.08,1.2,2.73,1.17,9.0,1.36,14.0,0.6,0.5,0.5,0.3,5.9,29.5,11.4,8.0,14.8,16.0,0.6,0.6,0.5,3.38,5.32,6.11,4.76,3.0,2.06,16.0,0.7,0.4,0.8,43.4,50.1,56.9,50.1,2.0,14.1,18.0,1.0,0.4,0.8,-104.2,-72.0,85.5,-33.0,9.0,101.7,14.0,0.6,0.5,0.5,-99.9,-48.7,69.4,-20.9,9.0,91.0,14.0,0.6,0.5,0.5,-73.9,-42.2,28.7,-23.0,3.0,77.0,16.0,0.7,0.3,0.8,-31.5,10.9,20.1,-5.3,3.0,40.3,16.0,0.7,0.3,0.8,-49.3,-43.4,-37.5,-43.4,2.0,12.2,18.0,1.0,0.4,0.8,-22.1,-5.0,12.1,-5.0,2.0,35.5,18.0,1.0,0.4,0.8,132.5,238.5,994.5,518.0,9.0,481.0,14.0,0.6,0.5,0.5,135.0,240.0,995.0,520.0,9.0,480.0,14.0,0.6,0.5,0.5
1974,2,337.0,32.0,,,,,,,,,,,,,,,,,,,,,,,,,,,,,,,,,,,,,,,,3.04,7.85,14.77,8.93,10.0,6.14,14.0,0.3,0.6,0.5,-5.36,-2.58,10.94,1.29,10.0,9.31,14.0,0.3,0.6,0.5,-7.88,-1.42,1.17,-2.01,10.0,5.77,14.0,0.3,0.6,0.5,1020.23,1029.9,1031.87,1025.98,9.0,8.22,14.0,0.3,0.7,0.5,3.0,6.0,7.0,5.2,10.0,2.0,14.0,0.3,0.6,0.5,-43.1,-6.9,172.9,52.0,10.0,152.8,14.0,0.3,0.6,0.5,-119.7,-4.3,7.0,-28.9,10.0,79.7,14.0,0.3,0.6,0.5,,,,,,,,,,,,,,,,,,,,,,,,,,,,,,,,,,,,,,,,,,,,,,,,,,,,,,,,,,,,,,,,,,,,,,,,,,,,,,,,,,,,,,,,,,,,,,,,,,,,,,,,,,,,,,,,,,,,,,,,
1974,2,337.0,33.0,16.04,17.3,18.81,17.32,16.0,1.31,16.0,0.3,0.5,0.4,15.5,17.2,18.31,16.96,16.0,1.36,16.0,0.3,0.5,0.4,8.05,9.1,12.47,9.88,6.0,2.22,14.0,0.5,0.5,0.5,70.2,75.0,91.2,79.2,7.0,12.4,16.0,0.4,0.4,4.04,5.0,8.13,5.9,16.0,2.49,16.0,0.3,0.5,0.4,-6.19,-2.35,1.63,-2.17,16.0,3.93,16.0,0.3,0.5,0.4,-4.97,-1.64,2.31,-2.13,16.0,4.24,16.0,0.3,0.5,0.4,1018.29,1024.0,1030.42,1024.07,15.0,7.76,16.0,0.3,0.6,0.4,1.2,4.0,8.0,4.5,15.0,2.9,16.0,0.3,0.6,0.4,-40.5,-9.0,6.7,-15.9,16.0,30.4,16.0,0.3,0.5,0.4,-33.0,-7.9,10.5,-18.1,16.0,39.0,16.0,0.3,0.5,0.4,-1.15,0.3,1.96,0.36,16.0,1.47,16.0,0.3,0.5,0.4,-5.7,2.8,7.8,2.5,16.0,9.7,16.0,0.3,0.5,0.4,0.63,2.71,3.79,2.46,6.0,1.68,14.0,0.5,0.5,0.5,2.6,11.5,41.4,19.8,6.0,20.7,14.0,0.5,0.5,0.5,-101.9,-40.2,31.0,-34.3,16.0,66.9,16.0,0.3,0.5,0.4,-87.8,-28.4,36.6,-35.4,16.0,68.0,16.0,0.3,0.5,0.4,-53.4,-19.7,38.4,-10.1,6.0,46.2,14.0,0.5,0.5,0.5,-72.8,-25.1,-1.0,-30.3,6.0,42.2,14.0,0.5,0.5,0.5,-15.4,-8.4,1.8,-9.5,6.0,13.0,14.0,0.5,0.5,0.5,-38.5,-2.9,1.0,-13.0,6.0,20.4,14.0,0.5,0.5,0.5,66.0,125.0,550.0,323.0,16.0,433.0,16.0,0.3,0.5,0.4,65.0,125.0,550.0,325.0,16.0,435.0,16.0,0.3,0.5,0.4
1974,2,337.0,34.0,17.04,17.8,19.0,17.98,10.0,1.18,12.0,0.9,0.6,0.4,15.71,17.1,18.6,17.32,10.0,1.86,12.0,0.9,0.6,0.4,6.18,7.73,10.5,8.18,8.0,2.1,12.0,0.9,0.6,0.3,58.3,63.8,84.3,68.3,8.0,13.6,12.0,0.9,0.3,2.6,4.35,9.52,5.66,10.0,4.51,12.0,0.9,0.6,0.4,-2.87,0.27,2.56,0.8,10.0,4.62,12.0,0.9,0.6,0.4,-3.78,-2.14,2.93,-1.89,10.0,5.46,12.0,0.9,0.6,0.4,1021.13,1028.25,1031.79,1026.46,10.0,6.18,12.0,0.9,0.6,0.4,2.9,5.5,8.0,5.4,10.0,2.4,12.0,0.9,0.6,0.4,-11.5,0.8,27.7,17.5,10.0,51.3,12.0,0.9,0.6,0.4,-17.2,-5.6,13.6,-19.2,10.0,74.4,12.0,0.9,0.6,0.4,-0.69,0.65,2.34,0.66,10.0,1.63,12.0,0.9,0.6,0.4,-3.3,2.8,8.6,2.7,10.0,5.9,12.0,0.9,0.6,0.4,2.44,4.59,6.35,4.46,8.0,1.93,12.0,0.9,0.6,0.3,7.7,18.0,29.0,19.5,8.0,12.9,12.0,0.9,0.6,0.3,-46.7,4.4,48.1,15.3,10.0,83.1,12.0,0.9,0.6,0.4,-59.7,-36.6,54.0,-26.8,10.0,91.8,12.0,0.9,0.6,0.4,-21.4,-8.1,9.5,4.1,8.0,49.7,12.0,0.9,0.6,0.3,-18.9,-15.5,11.2,-4.2,8.0,23.7,12.0,0.9,0.6,0.3,-7.4,-2.1,8.4,1.5,8.0,18.2,12.0,0.9,0.6,0.3,-19.8,-10.8,2.3,-8.3,8.0,13.7,12.0,0.9,0.6,0.3,17.5,83.0,1281.0,598.5,10.0,1176.5,12.0,0.9,0.6,0.4,20.0,85.0,1280.0,600.0,10.0,1175.0,12.0,0.9,0.6,0.4
1974,2,337.0,35.0,16.21,16.6,17.75,16.56,14.0,1.08,14.0,0.6,0.5,0.4,14.69,16.9,18.65,16.52,15.0,2.27,14.0,0.5,0.5,0.4,7.0,9.41,9.92,8.65,14.0,1.91,12.0,0.5,0.5,0.4,59.6,79.9,89.7,74.7,14.0,16.7,12.0,0.5,0.4,1.74,4.6,8.2,5.75,15.0,4.7,14.0,0.5,0.5,0.4,-6.24,0.0,1.09,-0.88,15.0,5.76,14.0,0.5,0.5,0.4,-4.69,0.0,3.77,-0.8,15.0,4.77,14.0,0.5,0.5,0.4,1020.52,1028.8,1031.67,1026.43,15.0,5.63,14.0,0.5,0.5,0.4,3.0,5.0,7.0,5.1,15.0,2.1,14.0,0.5,0.5,0.4,-48.5,0.0,3.9,7.1,15.0,80.9,14.0,0.5,0.5,0.4,-38.1,0.0,18.0,-19.3,15.0,65.2,14.0,0.5,0.5,0.4,-3.14,-0.2,2.18,-0.05,14.0,2.5,14.0,0.6,0.5,0.4,-11.1,-0.4,13.8,3.2,14.0,16.5,14.0,0.6,0.5,0.4,1.17,1.91,3.69,2.46,13.0,1.43,14.0,0.5,0.5,0.4,3.4,8.5,30.3,16.5,13.0,18.7,14.0,0.5,0.5,0.4,-97.5,0.0,18.5,-15.5,15.0,87.8,14.0,0.5,0.5,0.4,-61.4,0.0,58.4,-8.1,15.0,74.2,14.0,0.5,0.5,0.4,-48.6,0.0,10.9,-4.4,14.0,49.6,12.0,0.5,0.5,0.4,-38.0,2.9,37.0,-5.9,14.0,44.0,12.0,0.5,0.5,0.4,-16.2,0.0,3.3,-2.2,13.0,20.4,14.0,0.5,0.5,0.4,-12.8,0.7,7.2,-3.0,13.0,14.6,14.0,0.5,0.5,0.4,6.5,97.5,551.5,680.0,15.0,1736.5,14.0,0.5,0.5,0.4,5.0,95.0,550.0,680.0,15.0,1735.0,14.0,0.5,0.5,0.4
1974,2,337.0,36.0,15.55,16.0,16.7,16.18,12.0,0.87,12.0,0.8,0.4,0.5,14.45,15.7,17.08,15.58,13.0,1.72,12.0,0.8,0.4,0.5,6.94,8.51,9.84,8.38,11.0,1.52,14.0,0.7,0.4,0.5,65.2,73.5,89.5,76.4,11.0,12.0,14.0,0.7,0.5,4.46,7.7,10.49,7.91,13.0,3.79,12.0,0.8,0.4,0.5,-8.01,1.34,7.27,-0.49,13.0,6.62,12.0,0.8,0.4,0.5,-6.62,0.0,6.3,0.92,13.0,6.09,12.0,0.8,0.4,0.5,1018.72,1020.5,1027.04,1021.57,13.0,5.06,12.0,0.8,0.4,0.5,4.9,7.0,8.0,6.3,13.0,2.3,12.0,0.8,0.4,0.5,-81.6,4.0,54.7,-4.6,13.0,71.5,12.0,0.8,0.4,0.5,-59.3,0.0,52.1,14.4,13.0,74.0,12.0,0.8,0.4,0.5,-1.18,0.75,1.7,0.56,12.0,1.83,12.0,0.8,0.4,0.5,-11.1,3.1,10.3,-0.5,12.0,12.2,12.0,0.8,0.4,0.5,1.32,2.61,4.27,2.86,10.0,1.64,12.0,0.7,0.4,0.5,9.1,19.1,29.8,19.9,10.0,12.6,12.0,0.7,0.4,0.5,-121.1,19.4,121.6,-6.9,13.0,108.8,12.0,0.8,0.4,0.5,-100.3,0.0,98.4,17.9,13.0,101.0,12.0,0.8,0.4,0.5,-69.3,0.0,44.5,-10.5,11.0,58.6,14.0,0.7,0.4,0.5,-54.9,0.0,33.4,-1.6,11.0,42.9,14.0,0.7,0.4,0.5,-14.1,1.4,14.7,-2.2,10.0,18.3,12.0,0.7,0.4,0.5,-12.0,0.5,12.2,2.0,10.0,16.0,12.0,0.7,0.4,0.5,91.0,456.5,1166.0,828.5,13.0,1096.0,12.0,0.8,0.4,0.5,90.0,455.0,1165.0,830.0,13.0,1095.0,12.0,0.8,0.4,0.5
1974,2,337.0,37.0,15.0,15.5,16.78,15.69,12.0,0.93,12.0,0.3,0.5,0.5,13.66,15.3,16.39,15.34,15.0,1.76,14.0,0.4,0.6,0.5,7.19,8.42,9.66,8.54,10.0,2.1,14.0,0.4,0.5,0.4,67.8,79.4,90.2,78.5,10.0,11.1,14.0,0.4,0.4,3.02,5.7,9.23,6.48,15.0,3.98,14.0,0.4,0.6,0.5,-2.56,0.0,6.43,1.47,15.0,5.47,14.0,0.4,0.6,0.5,-5.66,0.0,2.62,-0.93,15.0,5.27,14.0,0.4,0.6,0.5,1016.29,1026.1,1032.84,1025.26,15.0,7.72,14.0,0.4,0.6,0.5,2.9,6.0,8.0,5.7,13.0,2.7,12.0,0.5,0.5,0.4,-10.0,0.0,53.7,22.9,15.0,73.8,14.0,0.4,0.6,0.5,-51.2,0.0,19.9,-8.0,15.0,50.6,14.0,0.4,0.6,0.5,-0.53,0.5,1.63,0.56,12.0,1.17,12.0,0.3,0.5,0.5,-4.2,1.5,13.3,3.5,12.0,8.5,12.0,0.3,0.5,0.5,1.62,2.69,3.53,2.74,9.0,1.3,14.0,0.3,0.5,0.4,6.0,14.6,36.6,19.3,9.0,14.8,14.0,0.3,0.5,0.4,-39.6,0.0,106.6,23.1,15.0,79.0,14.0,0.4,0.6,0.5,-78.9,0.0,41.6,-9.4,15.0,78.1,14.0,0.4,0.6,0.5,-3.9,0.0,30.3,15.7,10.0,40.5,14.0,0.4,0.5,0.4,-47.2,-11.3,17.6,-8.5,10.0,48.2,14.0,0.4,0.5,0.4,-5.1,0.0,9.8,4.4,9.0,15.4,14.0,0.3,0.5,0.4,-23.8,-3.7,4.5,-8.1,9.0,17.5,14.0,0.3,0.5,0.4,27.5,185.0,787.5,623.5,15.0,1234.0,14.0,0.4,0.6,0.5,30.0,185.0,790.0,625.0,15.0,1235.0,14.0,0.4,0.6,0.5
1974,2,337.0,38.0,15.0,15.5,16.73,15.59,22.0,0.97,12.0,0.6,0.6,0.5,14.0,15.4,16.72,15.29,29.0,1.33,12.0,0.7,0.6,0.5,6.21,8.91,9.83,8.28,24.0,1.64,12.0,0.7,0.6,0.5,63.7,78.3,88.7,77.3,24.0,12.3,12.0,0.7,0.5,5.04,7.2,11.63,8.5,29.0,4.41,12.0,0.7,0.6,0.5,-3.29,3.94,9.8,3.91,29.0,6.28,12.0,0.7,0.6,0.5,-2.66,3.52,7.53,2.59,29.0,5.68,12.0,0.7,0.6,0.5,1016.44,1026.0,1029.06,1023.17,29.0,7.55,12.0,0.7,0.6,0.5,4.0,7.0,8.0,6.2,27.0,1.9,12.0,0.7,0.5,0.5,-17.2,25.6,123.3,52.6,29.0,88.4,12.0,0.7,0.6,0.5,-13.6,19.9,60.4,32.9,29.0,91.2,12.0,0.7,0.6,0.5,-0.5,0.35,1.0,0.27,22.0,1.09,12.0,0.6,0.6,0.5,-4.0,2.3,10.3,1.9,22.0,11.7,12.0,0.6,0.6,0.5,1.26,2.16,4.13,2.57,18.0,1.58,10.0,0.7,0.6,0.5,11.3,23.2,34.4,23.4,18.0,16.0,10.0,0.7,0.6,0.5,-42.5,57.5,166.1,63.8,29.0,96.7,12.0,0.7,0.6,0.5,-35.3,58.4,116.6,44.1,29.0,89.6,12.0,0.7,0.6,0.5,-29.3,31.4,96.2,36.7,24.0,55.8,12.0,0.7,0.6,0.5,-16.5,28.0,72.7,28.6,24.0,53.9,12.0,0.7,0.6,0.5,-6.1,13.4,23.6,9.1,18.0,22.1,10.0,0.7,0.6,0.5,-5.3,7.3,18.9,4.7,18.0,15.2,10.0,0.7,0.6,0.5,128.5,373.0,1594.0,1219.5,29.0,2325.5,12.0,0.7,0.6,0.5,130.0,375.0,1595.0,1220.0,29.0,2325.0,12.0,0.7,0.6,0.5
1974,2,337.0,39.0,14.0,14.95,16.0,14.9,28.0,1.21,14.0,0.4,0.5,0.4,12.43,13.8,15.34,13.87,28.0,1.53,16.0,0.4,0.6,0.4,6.05,6.87,9.13,7.38,20.0,1.5,14.0,0.4,0.6,0.5,68.5,72.7,82.9,75.1,20.0,9.9,14.0,0.4,0.5,4.24,6.45,11.73,7.61,28.0,4.2,14.0,0.4,0.5,0.4,-3.04,3.56,7.64,2.89,28.0,6.76,14.0,0.4,0.5,0.4,-3.39,0.0,6.49,0.94,28.0,4.72,14.0,0.4,0.5,0.4,1021.25,1025.6,1031.06,1025.52,29.0,6.67,14.0,0.4,0.5,0.4,2.0,6.0,8.0,5.3,28.0,2.8,14.0,0.4,0.5,0.4,-16.8,17.5,79.7,35.1,28.0,98.1,14.0,0.4,0.5,0.4,-16.1,0.0,50.0,11.3,28.0,54.8,14.0,0.4,0.5,0.4,-1.09,1.0,2.39,0.91,27.0,1.94,16.0,0.4,0.5,0.4,-9.8,7.3,16.4,5.5,26.0,16.1,16.0,0.4,0.5,0.4,1.16,3.27,4.11,2.72,19.0,1.52,14.0,0.3,0.6,0.5,7.5,17.5,33.0,21.9,18.0,20.9,14.0,0.3,0.6,0.5,-39.1,50.6,116.8,42.4,27.0,93.7,16.0,0.4,0.6,0.4,-48.5,0.0,86.4,18.0,27.0,69.5,16.0,0.4,0.6,0.4,-15.2,36.4,68.9,27.7,19.0,51.0,14.0,0.4,0.6,0.5,-21.8,0.0,30.8,6.9,19.0,38.8,14.0,0.4,0.6,0.5,-7.3,7.3,24.4,8.6,18.0,27.0,14.0,0.3,0.6,0.5,-12.5,0.0,5.9,-2.8,18.0,11.4,14.0,0.3,0.6,0.5,77.0,269.5,1642.0,925.0,28.0,1781.0,14.0,0.4,0.5,0.4,75.0,270.0,1640.0,925.0,28.0,1780.0,14.0,0.4,0.5,0.4
1974,2,337.0,40.0,13.13,14.0,15.0,14.04,24.0,0.93,16.0,0.6,0.5,0.6,12.7,14.35,15.6,14.18,24.0,1.41,16.0,0.6,0.5,0.6,5.44,7.35,9.2,7.52,22.0,1.56,16.0,0.6,0.6,0.6,62.6,79.5,87.3,75.7,22.0,11.5,16.0,0.6,0.6,3.85,6.2,14.16,8.57,23.0,5.42,18.0,0.7,0.5,0.6,-2.2,5.13,11.09,4.18,23.0,6.55,18.0,0.7,0.5,0.6,-5.32,0.71,3.62,-0.09,23.0,6.7,18.0,0.7,0.5,0.6,1016.08,1023.3,1028.63,1022.48,24.0,8.55,16.0,0.6,0.5,0.6,6.0,7.0,8.0,6.7,23.0,1.5,16.0,0.6,0.6,0.6,-11.6,33.8,151.6,60.1,23.0,96.2,18.0,0.7,0.5,0.6,-70.7,2.8,23.4,-0.6,23.0,112.3,18.0,0.7,0.5,0.6,-1.3,-0.1,1.2,-0.14,24.0,1.31,16.0,0.6,0.5,0.6,-8.9,-1.3,6.5,-0.8,23.0,12.7,18.0,0.7,0.5,0.6,0.61,2.42,3.79,2.29,22.0,1.51,16.0,0.6,0.6,0.6,2.5,13.2,35.6,17.3,21.0,16.3,18.0,0.6,0.6,0.6,-30.4,83.1,160.2,58.3,23.0,88.4,18.0,0.7,0.5,0.6,-68.5,10.3,57.8,3.2,23.0,99.9,18.0,0.7,0.5,0.6,-17.7,24.2,65.0,26.9,21.0,46.5,18.0,0.6,0.6,0.6,-41.5,5.2,27.3,-1.7,21.0,41.8,18.0,0.6,0.6,0.6,-6.8,3.1,24.3,7.3,21.0,17.5,18.0,0.6,0.6,0.6,-20.1,0.0,2.4,-6.4,21.0,13.2,18.0,0.6,0.6,0.6,57.5,238.5,2865.0,1483.5,23.0,2510.0,18.0,0.7,0.5,0.6,60.0,240.0,2865.0,1485.0,23.0,2510.0,18.0,0.7,0.5,0.6
1974,2,337.0,41.0,12.6,13.5,14.23,13.43,15.0,0.93,10.0,0.5,0.5,0.6,12.02,13.4,15.0,13.42,21.0,1.34,14.0,0.3,0.5,0.5,6.94,7.73,9.42,8.0,15.0,1.29,12.0,0.4,0.5,0.6,73.7,87.5,90.0,83.5,15.0,9.4,12.0,0.4,0.6,4.6,8.7,12.81,8.73,21.0,4.51,14.0,0.3,0.5,0.5,-4.21,7.24,12.1,5.49,21.0,6.92,14.0,0.3,0.5,0.5,-1.96,1.74,6.58,2.02,21.0,4.08,14.0,0.3,0.5,0.5,1011.35,1023.3,1026.1,1019.32,19.0,10.75,12.0,0.4,0.5,0.5,3.1,7.0,8.0,6.3,15.0,2.8,12.0,0.4,0.5,0.5,-18.8,66.2,163.4,72.0,21.0,88.1,14.0,0.3,0.5,0.5,-16.3,11.7,73.6,27.2,21.0,51.9,14.0,0.3,0.5,0.5,-1.1,-0.6,1.26,-0.11,15.0,1.21,10.0,0.5,0.5,0.6,-12.3,-5.6,5.7,-4.5,15.0,10.8,10.0,0.5,0.5,0.6,0.13,1.16,2.75,1.36,13.0,1.21,12.0,0.5,0.5,0.6,1.4,8.8,18.0,9.5,13.0,10.5,12.0,0.5,0.5,0.6,-50.5,99.7,160.7,78.1,21.0,97.8,14.0,0.3,0.5,0.5,-23.6,25.1,92.5,29.8,21.0,58.0,14.0,0.3,0.5,0.5,0.0,66.1,100.6,60.7,15.0,55.5,12.0,0.4,0.5,0.6,0.0,21.1,51.9,23.3,15.0,29.9,12.0,0.4,0.5,0.6,-1.5,2.1,10.8,4.4,13.0,12.3,12.0,0.5,0.5,0.6,-0.4,0.4,6.2,2.1,13.0,5.6,12.0,0.5,0.5,0.6,97.5,658.5,2105.0,1181.5,21.0,1455.5,14.0,0.3,0.5,0.5,95.0,660.0,2105.0,1180.0,21.0,1455.0,14.0,0.3,0.5,0.5
1974,2,337.0,42.0,12.0,13.0,14.93,13.35,21.0,1.29,12.0,0.6,0.6,0.5,11.73,13.1,15.0,13.1,22.0,1.82,12.0,0.6,0.6,0.5,5.54,6.94,9.05,7.29,18.0,1.71,14.0,0.7,0.5,0.4,64.7,77.7,89.4,77.2,18.0,12.3,14.0,0.7,0.4,4.35,9.3,15.47,10.32,23.0,6.1,12.0,0.7,0.6,0.5,0.67,8.05,14.36,7.6,23.0,6.02,12.0,0.7,0.6,0.5,-4.07,0.0,6.3,1.13,23.0,7.12,12.0,0.7,0.6,0.5,1011.18,1020.5,1032.31,1020.96,23.0,10.93,12.0,0.7,0.6,0.5,4.2,7.0,8.0,6.4,21.0,1.9,12.0,0.7,0.5,0.5,2.6,75.6,236.7,109.2,23.0,117.5,12.0,0.7,0.6,0.5,-23.3,0.0,64.6,34.6,23.0,133.8,12.0,0.7,0.6,0.5,-1.6,-0.1,1.5,0.04,20.0,1.83,12.0,0.6,0.6,0.5,-13.9,-0.8,22.4,1.3,20.0,20.4,12.0,0.6,0.6,0.5,0.42,2.11,3.32,2.05,16.0,1.52,12.0,0.6,0.5,0.4,5.2,14.2,35.9,20.0,16.0,20.4,12.0,0.6,0.5,0.4,8.4,87.0,202.5,99.9,22.0,84.6,12.0,0.6,0.6,0.5,-51.1,0.0,64.6,16.3,22.0,96.0,12.0,0.6,0.6,0.5,2.5,52.1,107.1,55.9,18.0,53.3,14.0,0.7,0.5,0.4,-30.1,0.0,51.2,14.5,18.0,64.7,14.0,0.7,0.5,0.4,-2.2,9.2,27.7,12.1,16.0,18.4,12.0,0.6,0.5,0.4,-15.5,-1.3,8.3,-2.2,16.0,18.5,12.0,0.6,0.5,0.4,83.0,804.5,3752.0,2337.0,23.0,3715.0,12.0,0.7,0.6,0.5,85.0,805.0,3750.0,2335.0,23.0,3715.0,12.0,0.7,0.6,0.5
1974,2,337.0,43.0,12.0,12.7,13.57,12.72,19.0,1.0,16.0,0.5,0.7,0.5,11.43,12.5,14.31,12.68,19.0,1.44,16.0,0.5,0.7,0.5,5.92,6.8,8.44,7.06,16.0,1.41,14.0,0.6,0.6,0.5,68.5,80.6,86.2,78.0,16.0,9.9,14.0,0.6,0.5,4.96,10.8,14.54,11.1,19.0,6.26,16.0,0.5,0.7,0.5,-3.32,6.62,13.26,5.81,19.0,9.06,16.0,0.5,0.7,0.5,-5.97,2.63,6.58,1.27,19.0,7.06,16.0,0.5,0.7,0.5,1011.25,1021.0,1028.6,1019.98,19.0,9.65,16.0,0.5,0.7,0.5,5.0,7.0,8.0,6.6,19.0,2.0,16.0,0.5,0.7,0.5,-17.2,68.2,187.5,110.6,19.0,211.4,16.0,0.5,0.7,0.5,-66.3,19.9,86.0,4.9,19.0,111.8,16.0,0.5,0.7,0.5,-1.66,0.0,2.0,0.03,19.0,1.59,16.0,0.5,0.7,0.5,-15.6,0.0,22.7,2.4,19.0,22.8,16.0,0.5,0.7,0.5,0.52,2.04,3.37,1.98,16.0,1.47,14.0,0.6,0.6,0.5,7.1,14.9,35.1,25.5,16.0,35.0,14.0,0.6,0.6,0.5,-39.7,83.4,156.5,71.2,19.0,108.2,16.0,0.5,0.7,0.5,-72.3,30.3,91.3,21.6,19.0,89.5,16.0,0.5,0.7,0.5,-17.6,50.3,107.4,45.0,16.0,58.4,14.0,0.6,0.6,0.5,-42.4,25.6,64.4,16.3,16.0,53.3,14.0,0.6,0.6,0.5,-6.9,6.3,27.2,15.0,16.0,35.9,14.0,0.6,0.6,0.5,-18.9,1.2,10.9,-3.9,16.0,19.5,14.0,0.6,0.6,0.5,123.5,1259.5,3081.5,2942.0,19.0,6559.0,16.0,0.5,0.7,0.5,125.0,1260.0,3080.0,2940.0,19.0,6560.0,16.0,0.5,0.7,0.5
1974,2,337.0,44.0,11.55,12.3,14.0,12.51,17.0,1.34,18.0,0.7,0.6,0.3,11.05,12.9,14.04,12.65,17.0,1.4,18.0,0.7,0.6,0.3,6.51,7.23,8.28,7.31,16.0,0.99,20.0,0.7,0.6,0.3,75.5,81.9,87.1,81.7,16.0,7.3,20.0,0.7,0.3,3.68,9.3,11.76,8.65,17.0,4.47,18.0,0.7,0.6,0.3,-6.12,0.32,10.23,0.43,17.0,7.7,18.0,0.7,0.6,0.3,-0.93,3.86,9.78,3.65,17.0,5.08,18.0,0.7,0.6,0.3,1019.7,1023.0,1028.97,1023.84,17.0,7.16,18.0,0.7,0.6,0.3,4.5,7.0,8.0,6.4,17.0,2.1,18.0,0.7,0.6,0.3,-53.4,0.2,118.2,15.2,17.0,90.9,18.0,0.7,0.6,0.3,-2.8,33.3,109.0,43.1,17.0,64.1,18.0,0.7,0.6,0.3,-1.6,-0.2,1.73,-0.14,17.0,1.91,18.0,0.7,0.6,0.3,-17.4,-0.8,19.7,-0.4,17.0,16.8,18.0,0.7,0.6,0.3,0.38,1.51,3.05,1.56,16.0,1.29,20.0,0.7,0.6,0.3,1.0,8.0,31.0,13.4,16.0,14.4,20.0,0.7,0.6,0.3,-79.6,4.4,140.2,11.1,17.0,97.7,18.0,0.7,0.6,0.3,-10.4,52.2,135.2,48.7,17.0,67.0,18.0,0.7,0.6,0.3,-46.1,-13.4,78.0,2.4,16.0,55.8,20.0,0.7,0.6,0.3,-8.2,34.8,77.7,30.5,16.0,39.7,20.0,0.7,0.6,0.3,-14.2,-1.3,4.6,-3.1,16.0,15.4,20.0,0.7,0.6,0.3,-1.7,1.7,13.8,4.7,16.0,11.2,20.0,0.7,0.6,0.3,60.5,804.5,1635.5,1102.0,17.0,1127.0,18.0,0.7,0.6,0.3,60.0,805.0,1635.0,1100.0,17.0,1125.0,18.0,0.7,0.6,0.3
1974,2,337.0,45.0,11.13,11.8,12.97,12.02,6.0,1.22,14.0,0.5,0.4,0.4,10.39,11.75,12.96,11.47,10.0,1.64,18.0,0.4,0.5,0.5,5.04,6.56,7.65,6.37,5.0,1.44,14.0,0.6,0.5,0.6,68.6,69.7,84.8,75.5,5.0,9.1,14.0,0.6,0.6,5.71,9.0,14.54,9.78,10.0,4.32,18.0,0.4,0.5,0.5,-1.75,6.06,9.37,4.74,10.0,5.4,18.0,0.4,0.5,0.5,-7.97,2.84,8.71,1.18,10.0,8.32,18.0,0.4,0.5,0.5,1014.61,1020.0,1025.89,1019.7,9.0,8.05,18.0,0.3,0.4,0.5,4.3,7.5,8.0,6.6,8.0,2.0,18.0,0.5,0.5,0.5,-7.0,63.4,113.4,61.2,10.0,66.0,18.0,0.4,0.5,0.5,-90.9,9.9,115.5,16.3,10.0,110.8,18.0,0.4,0.5,0.5,-2.17,0.25,3.35,0.57,6.0,2.91,14.0,0.5,0.4,0.4,-23.7,4.2,33.7,5.9,6.0,36.9,14.0,0.5,0.4,0.4,0.86,2.33,3.76,2.31,4.0,1.92,12.0,0.8,0.4,0.5,8.0,26.0,48.9,28.3,4.0,26.3,12.0,0.8,0.4,0.5,-20.1,72.3,88.5,53.9,10.0,63.4,18.0,0.4,0.5,0.5,-78.2,31.1,116.8,21.8,10.0,95.3,18.0,0.4,0.5,0.5,9.6,39.2,63.6,36.3,5.0,44.4,14.0,0.6,0.5,0.6,-54.5,-38.9,58.4,-4.7,5.0,62.9,14.0,0.6,0.5,0.6,5.1,14.2,33.0,18.8,4.0,20.1,12.0,0.8,0.4,0.5,-35.2,-15.3,6.7,-14.3,4.0,24.7,12.0,0.8,0.4,0.5,256.0,731.5,3118.5,1419.0,10.0,1392.0,18.0,0.4,0.5,0.5,255.0,730.0,3120.0,1420.0,10.0,1390.0,18.0,0.4,0.5,0.5
1974,2,337.0,46.0,11.7,12.25,14.13,12.75,12.0,1.27,16.0,0.4,0.6,0.3,10.02,10.9,11.81,10.85,15.0,0.9,16.0,0.5,0.6,0.3,5.96,6.77,7.47,6.75,11.0,1.02,16.0,0.5,0.6,0.3,76.3,84.3,97.1,84.4,12.0,10.9,16.0,0.4,0.3,4.6,7.45,15.08,8.59,14.0,4.89,16.0,0.4,0.6,0.3,-3.23,4.04,9.44,4.1,14.0,7.2,16.0,0.4,0.6,0.3,-2.53,0.0,5.75,1.54,14.0,5.54,16.0,0.4,0.6,0.3,1010.26,1020.7,1027.17,1019.42,14.0,10.76,18.0,0.5,0.6,0.3,7.0,8.0,8.0,7.4,15.0,1.1,16.0,0.5,0.6,0.3,-33.9,21.8,96.3,46.9,14.0,113.1,16.0,0.4,0.6,0.3,-12.9,0.0,49.5,23.4,14.0,65.5,16.0,0.4,0.6,0.3,0.5,1.55,3.95,2.03,12.0,1.77,16.0,0.4,0.6,0.3,3.9,7.1,30.6,15.6,11.0,25.1,16.0,0.4,0.6,0.3,1.84,2.19,3.54,2.4,9.0,1.51,16.0,0.4,0.6,0.3,6.7,13.0,19.6,11.8,9.0,9.5,16.0,0.4,0.6,0.3,-37.2,44.7,103.9,39.7,14.0,74.2,16.0,0.4,0.6,0.3,-27.2,0.0,68.7,19.0,14.0,64.6,16.0,0.4,0.6,0.3,-31.8,23.2,35.8,10.5,11.0,40.1,16.0,0.5,0.6,0.3,-19.8,-6.5,49.2,11.0,11.0,47.1,16.0,0.5,0.6,0.3,-4.1,7.9,14.3,5.9,9.0,9.9,16.0,0.4,0.6,0.3,-10.4,-5.0,4.7,-2.4,9.0,10.2,16.0,0.4,0.6,0.3,97.5,415.0,3491.0,1269.5,14.0,1802.5,16.0,0.4,0.6,0.3,95.0,415.0,3490.0,1270.0,14.0,1800.0,16.0,0.4,0.6,0.3
1974,2,337.0,47.0,10.93,11.75,12.7,11.83,10.0,1.14,14.0,0.4,0.6,0.5,10.0,10.9,12.09,10.95,18.0,1.05,14.0,0.5,0.6,0.5,4.96,6.97,7.71,6.64,13.0,1.29,12.0,0.5,0.7,0.5,62.4,83.0,93.5,80.4,13.0,12.8,12.0,0.5,0.5,7.38,10.8,16.37,11.74,17.0,5.02,14.0,0.5,0.6,0.5,2.51,6.66,13.9,8.18,17.0,6.97,14.0,0.5,0.6,0.5,-2.16,5.59,9.55,4.01,17.0,5.9,14.0,0.5,0.6,0.5,1002.73,1019.9,1030.06,1016.99,17.0,13.61,14.0,0.5,0.6,0.5,3.2,6.0,8.0,5.8,15.0,2.1,12.0,0.6,0.6,0.5,24.2,58.3,228.3,123.3,17.0,150.1,14.0,0.5,0.6,0.5,-19.4,48.7,120.2,51.5,17.0,82.5,14.0,0.5,0.6,0.5,-0.5,0.0,2.49,0.56,10.0,1.81,14.0,0.4,0.6,0.5,-9.2,0.0,31.9,6.7,10.0,19.8,14.0,0.4,0.6,0.5,0.45,1.74,3.97,2.03,9.0,1.7,14.0,0.4,0.6,0.6,7.0,11.5,49.2,26.1,9.0,28.4,14.0,0.4,0.6,0.6,28.8,78.6,154.2,89.9,17.0,80.9,14.0,0.5,0.6,0.5,-22.4,66.0,112.3,47.9,17.0,65.2,14.0,0.5,0.6,0.5,12.5,40.1,92.9,52.2,13.0,56.7,12.0,0.5,0.7,0.5,-7.9,39.3,69.8,27.5,13.0,37.7,12.0,0.5,0.7,0.5,-2.1,6.5,34.8,18.2,9.0,29.0,14.0,0.4,0.6,0.6,-11.6,2.4,8.8,-2.0,9.0,18.9,14.0,0.4,0.6,0.6,404.0,1259.5,4439.0,2561.0,17.0,3471.5,14.0,0.5,0.6,0.5,405.0,1260.0,4440.0,2560.0,17.0,3470.0,14.0,0.5,0.6,0.5
1974,2,337.0,48.0,11.0,11.5,12.0,11.4,11.0,0.63,20.0,0.7,0.6,0.4,8.52,11.0,12.13,10.36,12.0,2.37,20.0,0.8,0.5,0.5,5.45,7.05,7.5,6.58,9.0,1.38,20.0,0.9,0.6,0.4,74.7,83.0,89.2,80.8,9.0,13.7,20.0,0.9,0.4,6.92,10.15,19.78,12.18,12.0,6.23,20.0,0.8,0.5,0.5,-2.08,6.81,15.64,6.37,12.0,8.79,20.0,0.8,0.5,0.5,-2.66,5.09,9.37,3.26,12.0,8.2,20.0,0.8,0.5,0.5,1009.14,1015.9,1026.7,1017.04,12.0,10.19,20.0,0.8,0.5,0.5,7.0,8.0,8.0,7.5,11.0,0.7,18.0,0.8,0.5,0.5,-12.5,61.9,318.6,111.1,12.0,169.2,20.0,0.8,0.5,0.5,-42.7,41.8,132.0,25.2,12.0,153.9,20.0,0.8,0.5,0.5,-0.64,-0.2,2.51,0.55,11.0,1.58,20.0,0.7,0.6,0.4,-7.9,-0.6,26.8,7.4,11.0,20.1,20.0,0.7,0.6,0.4,0.61,1.48,2.76,1.75,9.0,1.44,20.0,0.9,0.6,0.4,5.1,12.1,26.2,22.9,9.0,30.5,20.0,0.9,0.6,0.4,-19.2,75.6,126.7,59.2,12.0,83.0,20.0,0.8,0.5,0.5,-24.9,55.0,108.8,46.2,12.0,74.2,20.0,0.8,0.5,0.5,-25.8,42.2,74.6,29.8,9.0,53.6,20.0,0.9,0.6,0.4,1.1,58.8,78.8,44.4,9.0,40.2,20.0,0.9,0.6,0.4,-10.6,3.0,12.3,9.8,9.0,33.7,20.0,0.9,0.6,0.4,-1.7,5.0,12.0,3.2,9.0,16.2,20.0,0.9,0.6,0.4,332.5,1046.5,7752.5,3200.5,12.0,4064.5,20.0,0.8,0.5,0.5,330.0,1045.0,7750.0,3200.0,12.0,4065.0,20.0,0.8,0.5,0.5
1974,2,337.0,49.0,10.0,10.1,11.51,10.49,10.0,0.94,14.0,0.4,0.6,0.3,7.79,9.7,11.47,9.84,11.0,2.66,14.0,0.5,0.6,0.3,5.09,6.32,6.74,6.13,8.0,0.93,16.0,0.5,0.6,0.4,71.0,80.4,83.4,78.6,8.0,8.0,16.0,0.5,0.4,6.7,10.8,13.53,10.62,10.0,3.67,14.0,0.4,0.5,0.3,1.28,6.13,10.81,5.78,10.0,5.7,14.0,0.4,0.5,0.3,-6.15,5.37,6.84,1.36,10.0,8.19,14.0,0.4,0.5,0.3,1006.12,1015.0,1023.49,1012.93,11.0,11.05,14.0,0.5,0.6,0.3,4.0,6.0,8.0,5.8,10.0,2.3,14.0,0.5,0.6,0.3,9.1,66.6,138.5,72.7,10.0,75.1,14.0,0.4,0.5,0.3,-75.6,33.2,75.9,12.9,10.0,110.6,14.0,0.4,0.5,0.3,-0.99,1.2,2.79,0.87,10.0,2.84,14.0,0.4,0.6,0.3,-1.4,16.0,32.8,17.6,9.0,17.4,14.0,0.3,0.6,0.3,1.05,1.57,2.55,1.7,8.0,1.05,16.0,0.5,0.6,0.4,6.9,16.7,32.7,21.0,7.0,13.7,16.0,0.4,0.6,0.4,5.2,62.6,105.3,54.5,10.0,57.2,14.0,0.4,0.5,0.3,-53.2,56.1,65.7,23.1,10.0,78.2,14.0,0.4,0.5,0.3,-7.4,48.3,53.9,29.3,7.0,38.3,16.0,0.4,0.6,0.4,-29.1,33.2,40.7,19.0,7.0,33.6,16.0,0.4,0.6,0.4,-1.4,12.8,28.4,14.1,7.0,16.4,16.0,0.4,0.6,0.4,-15.9,6.2,11.0,1.7,7.0,14.0,16.0,0.4,0.6,0.4,301.0,1332.5,2488.0,1592.0,10.0,1467.0,14.0,0.4,0.5,0.3,300.0,1335.0,2490.0,1590.0,10.0,1465.0,14.0,0.4,0.5,0.3
1974,2,337.0,50.0,9.43,10.45,11.26,10.35,4.0,1.12,18.0,0.8,0.6,0.3,6.06,9.75,13.62,10.03,6.0,4.0,14.0,0.7,0.5,0.3,4.41,5.26,6.99,5.68,4.0,1.64,14.0,0.8,0.5,0.3,62.1,72.7,90.4,76.1,4.0,18.1,14.0,0.8,0.3,7.99,13.1,18.85,13.62,6.0,5.88,14.0,0.7,0.5,0.3,-3.5,5.46,12.29,4.66,6.0,7.95,14.0,0.7,0.5,0.3,-9.47,1.54,16.92,2.94,6.0,12.55,14.0,0.7,0.5,0.3,992.2,1009.8,1023.44,1008.17,6.0,18.79,14.0,0.7,0.5,0.3,4.0,6.5,8.0,6.0,4.0,2.4,14.0,0.8,0.5,0.3,-41.1,49.0,209.0,76.6,6.0,151.1,14.0,0.7,0.5,0.3,-111.6,14.9,318.9,75.8,6.0,217.6,14.0,0.7,0.5,0.3,-1.38,1.5,2.65,0.68,4.0,3.28,18.0,0.8,0.6,0.3,-6.2,24.9,26.8,11.0,4.0,29.2,18.0,0.8,0.6,0.3,0.89,1.03,2.91,1.88,3.0,1.66,18.0,1.0,0.5,0.3,10.5,14.9,44.6,27.2,3.0,27.2,18.0,1.0,0.5,0.3,-41.6,31.9,135.9,50.9,6.0,105.7,14.0,0.7,0.5,0.3,-60.2,35.7,190.2,61.0,6.0,142.8,14.0,0.7,0.5,0.3,-33.4,3.7,38.3,2.5,4.0,44.0,14.0,0.8,0.5,0.3,-42.5,2.2,91.7,23.6,4.0,84.1,14.0,0.8,0.5,0.3,-4.4,-2.9,29.6,12.2,3.0,28.1,18.0,1.0,0.5,0.3,-23.1,7.9,12.1,-5.2,3.0,28.2,18.0,1.0,0.5,0.3,514.5,2456.0,6856.5,3743.5,6.0,4044.5,14.0,0.7,0.5,0.3,515.0,2455.0,6855.0,3745.0,6.0,4045.0,14.0,0.7,0.5,0.3
1974,2,337.0,52.0,11.3,11.3,11.3,11.3,1.0,0.0,10.0,1.0,0.2,0.4,9.8,9.8,9.8,9.8,1.0,0.0,10.0,1.0,0.2,0.4,6.09,6.09,6.09,6.09,1.0,0.0,10.0,1.0,0.2,0.4,77.2,77.2,77.2,77.2,1.0,0.0,10.0,1.0,0.4,15.4,15.4,15.4,15.4,1.0,0.0,10.0,1.0,0.2,0.4,14.47,14.47,14.47,14.47,1.0,0.0,10.0,1.0,0.2,0.4,5.27,5.27,5.27,5.27,1.0,0.0,10.0,1.0,0.2,0.4,961.9,961.9,961.9,961.9,1.0,0.0,10.0,1.0,0.2,0.4,5.0,5.0,5.0,5.0,1.0,0.0,10.0,1.0,0.2,0.4,222.9,222.9,222.9,222.9,1.0,0.0,10.0,1.0,0.2,0.4,81.1,81.1,81.1,81.1,1.0,0.0,10.0,1.0,0.2,0.4,1.5,1.5,1.5,1.5,1.0,0.0,10.0,1.0,0.2,0.4,23.1,23.1,23.1,23.1,1.0,0.0,10.0,1.0,0.2,0.4,2.64,2.64,2.64,2.64,1.0,0.0,10.0,1.0,0.2,0.4,40.7,40.7,40.7,40.7,1.0,0.0,10.0,1.0,0.2,0.4,141.8,141.8,141.8,141.8,1.0,0.0,10.0,1.0,0.2,0.4,51.6,51.6,51.6,51.6,1.0,0.0,10.0,1.0,0.2,0.4,88.2,88.2,88.2,88.2,1.0,0.0,10.0,1.0,0.2,0.4,32.1,32.1,32.1,32.1,1.0,0.0,10.0,1.0,0.2,0.4,38.3,38.3,38.3,38.3,1.0,0.0,10.0,1.0,0.2,0.4,13.9,13.9,13.9,13.9,1.0,0.0,10.0,1.0,0.2,0.4,3652.5,3652.5,3652.5,3652.5,1.0,0.0,10.0,1.0,0.2,0.4,3650.0,3650.0,3650.0,3650.0,1.0,0.0,10.0,1.0,0.2,0.4
1974,2,337.0,53.0,9.0,9.0,9.0,9.0,1.0,0.0,22.0,1.0,0.8,0.9,7.2,7.2,7.2,7.2,1.0,0.0,22.0,1.0,0.8,0.9,3.55,3.55,3.55,3.55,1.0,0.0,22.0,1.0,0.8,0.9,57.2,57.2,57.2,57.2,1.0,0.0,22.0,1.0,0.9,15.4,15.4,15.4,15.4,1.0,0.0,22.0,1.0,0.8,0.9,13.34,13.34,13.34,13.34,1.0,0.0,22.0,1.0,0.8,0.9,7.7,7.7,7.7,7.7,1.0,0.0,22.0,1.0,0.8,0.9,1025.6,1025.6,1025.6,1025.6,1.0,0.0,22.0,1.0,0.8,0.9,8.0,8.0,8.0,8.0,1.0,0.0,22.0,1.0,0.8,0.9,205.4,205.4,205.4,205.4,1.0,0.0,22.0,1.0,0.8,0.9,118.6,118.6,118.6,118.6,1.0,0.0,22.0,1.0,0.8,0.9,1.8,1.8,1.8,1.8,1.0,0.0,22.0,1.0,0.8,0.9,27.7,27.7,27.7,27.7,1.0,0.0,22.0,1.0,0.8,0.9,3.47,3.47,3.47,3.47,1.0,0.0,22.0,1.0,0.8,0.9,53.5,53.5,53.5,53.5,1.0,0.0,22.0,1.0,0.8,0.9,96.0,96.0,96.0,96.0,1.0,0.0,22.0,1.0,0.8,0.9,55.4,55.4,55.4,55.4,1.0,0.0,22.0,1.0,0.8,0.9,47.3,47.3,47.3,47.3,1.0,0.0,22.0,1.0,0.8,0.9,27.3,27.3,27.3,27.3,1.0,0.0,22.0,1.0,0.8,0.9,46.3,46.3,46.3,46.3,1.0,0.0,22.0,1.0,0.8,0.9,26.7,26.7,26.7,26.7,1.0,0.0,22.0,1.0,0.8,0.9,3652.5,3652.5,3652.5,3652.5,1.0,0.0,22.0,1.0,0.8,0.9,3650.0,3650.0,3650.0,3650.0,1.0,0.0,22.0,1.0,0.8,0.9
1974,2,337.0,54.0,9.0,9.0,9.0,9.0,2.0,0.0,14.0,0.5,0.3,0.5,5.34,6.5,7.66,6.5,2.0,2.4,14.0,0.5,0.3,0.5,3.92,3.92,3.92,3.92,1.0,0.0,8.0,1.0,0.6,0.4,56.2,56.2,56.2,56.2,1.0,0.0,8.0,1.0,0.4,11.7,13.2,14.7,13.2,2.0,3.11,14.0,0.5,0.3,0.5,8.25,10.77,13.3,10.77,2.0,5.23,14.0,0.5,0.3,0.5,5.77,6.85,7.93,6.85,2.0,2.23,14.0,0.5,0.3,0.5,984.83,1003.4,1021.97,1003.4,2.0,38.47,14.0,0.5,0.3,0.5,6.3,7.0,7.7,7.0,2.0,1.4,14.0,0.5,0.3,0.5,100.8,150.3,199.8,150.3,2.0,102.6,14.0,0.5,0.3,0.5,83.0,86.9,90.9,86.9,2.0,8.2,14.0,0.5,0.3,0.5,1.34,2.5,3.66,2.5,2.0,2.4,14.0,0.5,0.3,0.5,17.7,29.3,40.8,29.3,2.0,24.0,14.0,0.5,0.3,0.5,3.45,3.45,3.45,3.45,1.0,0.0,8.0,1.0,0.6,0.4,53.2,53.2,53.2,53.2,1.0,0.0,8.0,1.0,0.6,0.4,47.4,76.3,105.2,76.3,2.0,59.9,14.0,0.5,0.3,0.5,40.9,41.8,42.8,41.8,2.0,1.9,14.0,0.5,0.3,0.5,56.7,56.7,56.7,56.7,1.0,0.0,8.0,1.0,0.6,0.4,20.7,20.7,20.7,20.7,1.0,0.0,8.0,1.0,0.6,0.4,50.0,50.0,50.0,50.0,1.0,0.0,8.0,1.0,0.6,0.4,18.2,18.2,18.2,18.2,1.0,0.0,8.0,1.0,0.6,0.4,1699.5,2491.5,3284.0,2491.5,2.0,1641.5,14.0,0.5,0.3,0.5,1700.0,2490.0,3285.0,2490.0,2.0,1640.0,14.0,0.5,0.3,0.5
1974,2,337.0,55.0,7.64,8.6,9.56,8.6,2.0,1.98,14.0,0.5,1.0,0.4,8.33,8.4,8.47,8.4,2.0,0.14,14.0,0.5,1.0,0.4,6.24,6.3,6.36,6.3,2.0,0.12,14.0,0.5,1.0,0.4,89.2,89.7,90.1,89.7,2.0,0.9,14.0,0.5,0.4,7.81,12.35,16.89,12.35,2.0,9.4,14.0,0.5,1.0,0.4,-3.69,0.44,4.58,0.44,2.0,8.56,14.0,0.5,1.0,0.4,2.0,8.43,14.86,8.43,2.0,13.32,14.0,0.5,1.0,0.4,965.73,983.85,1001.97,983.85,2.0,37.55,14.0,0.5,1.0,0.4,4.6,6.0,7.4,6.0,2.0,2.8,14.0,0.5,1.0,0.4,-7.3,45.7,98.8,45.7,2.0,109.9,14.0,0.5,1.0,0.4,49.1,166.8,284.5,166.8,2.0,243.9,14.0,0.5,1.0,0.4,-0.69,0.2,1.09,0.2,2.0,1.84,14.0,0.5,1.0,0.4,-0.8,11.1,23.0,11.1,2.0,24.6,14.0,0.5,1.0,0.4,0.45,0.84,1.23,0.84,2.0,0.8,14.0,0.5,1.0,0.4,5.5,14.1,22.7,14.1,2.0,17.8,14.0,0.5,1.0,0.4,-30.4,4.3,39.1,4.3,2.0,72.0,14.0,0.5,1.0,0.4,17.2,71.8,126.4,71.8,2.0,113.1,14.0,0.5,1.0,0.4,-23.7,2.3,28.3,2.3,2.0,53.9,14.0,0.5,1.0,0.4,12.3,52.3,92.4,52.3,2.0,82.9,14.0,0.5,1.0,0.4,0.2,3.8,7.5,3.8,2.0,7.5,14.0,0.5,1.0,0.4,3.8,12.4,21.1,12.4,2.0,18.0,14.0,0.5,1.0,0.4,1244.5,3522.0,5800.0,3522.0,2.0,4719.0,14.0,0.5,1.0,0.4,1245.0,3520.0,5800.0,3520.0,2.0,4720.0,14.0,0.5,1.0,0.4
1974,2,337.0,56.0,7.39,7.8,8.21,7.8,2.0,0.85,16.0,1.0,0.6,0.6,7.95,8.05,8.15,8.05,2.0,0.21,16.0,1.0,0.6,0.6,5.46,5.46,5.46,5.46,1.0,0.0,28.0,1.0,0.2,0.7,80.2,80.2,80.2,80.2,1.0,0.0,28.0,1.0,0.7,11.95,14.0,16.05,14.0,2.0,4.24,16.0,1.0,0.6,0.6,1.75,5.5,9.25,5.5,2.0,7.78,16.0,1.0,0.6,0.6,2.7,8.5,14.3,8.5,2.0,12.02,16.0,1.0,0.6,0.6,992.99,996.4,999.81,996.4,2.0,7.07,16.0,1.0,0.6,0.6,4.6,6.0,7.4,6.0,2.0,2.8,16.0,1.0,0.6,0.6,19.2,60.5,101.8,60.5,2.0,85.6,16.0,1.0,0.6,0.6,45.9,144.5,243.1,144.5,2.0,204.4,16.0,1.0,0.6,0.6,-0.56,-0.25,0.06,-0.25,2.0,0.64,16.0,1.0,0.6,0.6,-5.9,-2.1,1.6,-2.1,2.0,7.8,16.0,1.0,0.6,0.6,1.44,1.44,1.44,1.44,1.0,0.0,28.0,1.0,0.2,0.7,24.5,24.5,24.5,24.5,1.0,0.0,28.0,1.0,0.2,0.7,13.8,43.5,73.1,43.5,2.0,61.4,16.0,1.0,0.6,0.6,22.1,69.7,117.3,69.7,2.0,98.6,16.0,1.0,0.6,0.6,0.0,0.0,0.0,0.0,1.0,0.0,28.0,1.0,0.2,0.7,92.8,92.8,92.8,92.8,1.0,0.0,28.0,1.0,0.2,0.7,0.0,0.0,0.0,0.0,1.0,0.0,28.0,1.0,0.2,0.7,24.5,24.5,24.5,24.5,1.0,0.0,28.0,1.0,0.2,0.7,1899.5,3122.0,4344.5,3122.0,2.0,2533.0,16.0,1.0,0.6,0.6,1900.0,3120.0,4345.0,3120.0,2.0,2535.0,16.0,1.0,0.6,0.6
1974,2,337.0,57.0,,,,,,,,,,,,,,,,,,,,,,,,,,,,,,,,,,,,,,,,12.9,12.9,12.9,12.9,1.0,0.0,16.0,1.0,1.0,0.7,-4.41,-4.41,-4.41,-4.41,1.0,0.0,16.0,1.0,1.0,0.7,12.12,12.12,12.12,12.12,1.0,0.0,16.0,1.0,1.0,0.7,1011.9,1011.9,1011.9,1011.9,1.0,0.0,16.0,1.0,1.0,0.7,,,,,,,,,,,,,,,,,,,,,,,,,,,,,,,,,,,,,,,,,,,,,,,,,,,,,,,,,,,,,,,,,,,,,,,,,,,,,,,,,,,,,,,,,,,,,,,,,,,,,,,,,,,,,,,,,,,,,,,,,,,,,,,,,,,,,,,,,,,,,,,,,,,,,,
1974,2,337.0,58.0,8.45,9.0,9.68,9.07,3.0,0.9,12.0,0.0,0.7,0.4,4.3,4.5,4.84,4.57,3.0,0.4,12.0,0.0,0.7,0.4,2.32,2.32,2.32,2.32,1.0,0.0,12.0,0.0,0.2,0.0,43.0,43.0,43.0,43.0,1.0,0.0,12.0,0.0,0.0,10.76,13.9,21.48,16.07,3.0,8.07,12.0,0.0,0.7,0.4,-0.29,9.3,16.02,7.9,3.0,12.01,12.0,0.0,0.7,0.4,-8.92,0.0,10.97,1.0,3.0,14.59,12.0,0.0,0.7,0.4,983.92,994.5,996.41,990.27,3.0,9.86,12.0,0.0,0.7,0.4,6.3,7.0,7.7,7.0,2.0,1.4,16.0,0.0,0.6,0.1,-17.7,86.5,354.3,166.4,3.0,281.1,12.0,0.0,0.7,0.4,-123.9,0.0,274.2,73.4,3.0,298.5,12.0,0.0,0.7,0.4,4.05,4.8,4.94,4.5,3.0,0.7,12.0,0.0,0.7,0.4,45.5,69.5,104.0,74.6,3.0,43.0,12.0,0.0,0.7,0.4,4.65,4.65,4.65,4.65,1.0,0.0,12.0,0.0,0.2,0.0,43.2,43.2,43.2,43.2,1.0,0.0,12.0,0.0,0.2,0.0,-2.9,41.9,68.2,32.8,3.0,52.7,12.0,0.0,0.7,0.4,-44.6,0.0,46.1,0.7,3.0,66.4,12.0,0.0,0.7,0.4,21.5,21.5,21.5,21.5,1.0,0.0,12.0,0.0,0.2,0.0,0.0,0.0,0.0,0.0,1.0,0.0,12.0,0.0,0.2,0.0,43.2,43.2,43.2,43.2,1.0,0.0,12.0,0.0,0.2,0.0,0.0,0.0,0.0,0.0,1.0,0.0,12.0,0.0,0.2,0.0,1401.5,2685.5,11518.0,6371.5,3.0,8068.5,12.0,0.0,0.7,0.4,1400.0,2685.0,11520.0,6370.0,3.0,8070.0,12.0,0.0,0.7,0.4
1974,2,337.0,59.0,7.3,7.95,8.42,7.95,6.0,0.63,16.0,0.8,0.7,0.4,2.86,4.55,4.94,4.07,6.0,1.14,16.0,0.8,0.7,0.4,3.52,3.55,3.89,3.79,6.0,0.67,16.0,0.8,0.7,0.4,64.9,71.2,82.3,74.2,6.0,12.3,16.0,0.8,0.4,13.9,15.4,16.81,15.52,6.0,1.57,16.0,0.8,0.7,0.4,4.42,5.2,9.24,6.86,6.0,4.34,16.0,0.8,0.7,0.4,9.81,13.2,15.96,11.67,6.0,7.26,16.0,0.8,0.7,0.4,997.98,1002.25,1004.21,1000.62,6.0,5.39,16.0,0.8,0.7,0.4,4.6,6.0,6.4,5.7,6.0,1.6,16.0,0.8,0.7,0.4,64.1,79.6,142.3,105.6,6.0,66.7,16.0,0.8,0.7,0.4,135.6,193.5,268.9,183.7,6.0,122.1,16.0,0.8,0.7,0.4,3.12,3.8,4.76,3.88,6.0,0.9,16.0,0.8,0.7,0.4,46.1,57.8,72.6,60.3,6.0,15.7,16.0,0.8,0.7,0.4,2.69,2.94,3.28,2.91,6.0,0.47,16.0,0.8,0.7,0.4,38.0,46.1,53.0,45.1,6.0,8.4,16.0,0.8,0.7,0.4,10.6,24.3,45.6,29.7,6.0,22.5,16.0,0.8,0.7,0.4,21.3,58.6,68.4,45.5,6.0,31.9,16.0,0.8,0.7,0.4,15.7,18.5,37.0,28.2,6.0,24.9,16.0,0.8,0.7,0.4,33.3,46.3,56.7,40.4,6.0,27.4,16.0,0.8,0.7,0.4,12.7,15.8,27.4,18.7,6.0,8.4,16.0,0.8,0.7,0.4,28.4,43.3,47.3,36.3,6.0,21.2,16.0,0.8,0.7,0.4,2685.5,3652.5,4769.0,3833.5,6.0,1194.0,16.0,0.8,0.7,0.4,2685.0,3650.0,4770.0,3835.0,6.0,1195.0,16.0,0.8,0.7,0.4
1974,2,337.0,60.0,6.8,6.8,6.8,6.8,1.0,0.0,18.0,1.0,1.0,0.5,8.6,8.6,8.6,8.6,1.0,0.0,18.0,1.0,1.0,0.5,6.95,6.95,6.95,6.95,1.0,0.0,18.0,1.0,1.0,0.5,96.0,96.0,96.0,96.0,1.0,0.0,18.0,1.0,0.5,24.0,24.0,24.0,24.0,1.0,0.0,18.0,1.0,1.0,0.5,-12.0,-12.0,-12.0,-12.0,1.0,0.0,18.0,1.0,1.0,0.5,20.78,20.78,20.78,20.78,1.0,0.0,18.0,1.0,1.0,0.5,968.0,968.0,968.0,968.0,1.0,0.0,18.0,1.0,1.0,0.5,8.0,8.0,8.0,8.0,1.0,0.0,18.0,1.0,1.0,0.5,-288.0,-288.0,-288.0,-288.0,1.0,0.0,18.0,1.0,1.0,0.5,498.8,498.8,498.8,498.8,1.0,0.0,18.0,1.0,1.0,0.5,-1.8,-1.8,-1.8,-1.8,1.0,0.0,18.0,1.0,1.0,0.5,-43.2,-43.2,-43.2,-43.2,1.0,0.0,18.0,1.0,1.0,0.5,-0.55,-0.55,-0.55,-0.55,1.0,0.0,18.0,1.0,1.0,0.5,-13.2,-13.2,-13.2,-13.2,1.0,0.0,18.0,1.0,1.0,0.5,-103.2,-103.2,-103.2,-103.2,1.0,0.0,18.0,1.0,1.0,0.5,178.7,178.7,178.7,178.7,1.0,0.0,18.0,1.0,1.0,0.5,-83.4,-83.4,-83.4,-83.4,1.0,0.0,18.0,1.0,1.0,0.5,144.4,144.4,144.4,144.4,1.0,0.0,18.0,1.0,1.0,0.5,6.6,6.6,6.6,6.6,1.0,0.0,18.0,1.0,1.0,0.5,-11.4,-11.4,-11.4,-11.4,1.0,0.0,18.0,1.0,1.0,0.5,13824.0,13824.0,13824.0,13824.0,1.0,0.0,18.0,1.0,1.0,0.5,13825.0,13825.0,13825.0,13825.0,1.0,0.0,18.0,1.0,1.0,0.5
1974,2,337.0,61.0,6.5,6.5,6.5,6.5,1.0,0.0,6.0,1.0,0.8,0.4,0.17,4.5,8.1,4.15,4.0,5.22,12.0,0.3,0.8,0.5,4.81,4.81,4.81,4.81,1.0,0.0,6.0,1.0,0.8,0.4,81.1,81.1,81.1,81.1,1.0,0.0,6.0,1.0,0.4,8.24,13.9,17.05,12.7,4.0,6.33,12.0,0.3,0.8,0.5,-14.62,-7.62,-0.33,-7.48,4.0,8.24,12.0,0.3,0.8,0.5,-8.27,-3.26,5.53,-1.46,4.0,10.48,12.0,0.3,0.8,0.5,982.26,996.1,1013.24,997.68,4.0,18.83,12.0,0.3,0.8,0.5,6.6,8.0,8.0,7.3,3.0,1.2,12.0,0.3,0.8,0.4,-249.0,-110.7,-1.3,-124.5,4.0,144.1,12.0,0.3,0.8,0.5,-139.9,-27.2,79.7,-30.0,4.0,163.0,12.0,0.3,0.8,0.5,0.5,0.5,0.5,0.5,1.0,0.0,6.0,1.0,0.8,0.4,9.5,9.5,9.5,9.5,1.0,0.0,6.0,1.0,0.8,0.4,1.34,1.34,1.34,1.34,1.0,0.0,6.0,1.0,0.8,0.4,25.4,25.4,25.4,25.4,1.0,0.0,6.0,1.0,0.8,0.4,-46.7,-1.0,18.5,-13.5,4.0,52.1,12.0,0.3,0.8,0.5,-44.0,-2.8,70.5,12.5,4.0,84.8,12.0,0.3,0.8,0.5,-70.1,-70.1,-70.1,-70.1,1.0,0.0,6.0,1.0,0.8,0.4,-58.8,-58.8,-58.8,-58.8,1.0,0.0,6.0,1.0,0.8,0.4,-19.5,-19.5,-19.5,-19.5,1.0,0.0,6.0,1.0,0.8,0.4,-16.3,-16.3,-16.3,-16.3,1.0,0.0,6.0,1.0,0.8,0.4,1055.5,2727.5,5168.5,3094.5,4.0,2846.0,12.0,0.3,0.8,0.5,1055.0,2725.0,5170.0,3095.0,4.0,2845.0,12.0,0.3,0.8,0.5
1974,2,337.0,62.0,,,,,,,,,,,,,,,,,,,,,,,,,,,,,,,,,,,,,,,,6.69,10.65,18.95,12.73,4.0,8.77,18.0,0.3,0.5,0.7,-3.03,2.16,8.5,2.71,4.0,7.62,18.0,0.3,0.5,0.7,-3.61,0.79,13.85,4.92,4.0,13.88,18.0,0.3,0.5,0.7,992.17,1008.05,1010.52,1001.65,4.0,15.49,18.0,0.3,0.5,0.7,,,,,,,,,,,,,,,,,,,,,,,,,,,,,,,,,,,,,,,,,,,,,,,,,,,,,,,,,,,,,,,,,,,,,,,,,,,,,,,,,,,,,,,,,,,,,,,,,,,,,,,,,,,,,,,,,,,,,,,,,,,,,,,,,,,,,,,,,,,,,,,,,,,,,,
1974,2,337.0,63.0,4.77,5.8,6.51,5.53,13.0,0.91,14.0,0.4,0.7,0.6,-1.03,1.0,5.0,1.91,18.0,3.0,14.0,0.3,0.7,0.6,5.21,5.39,6.06,5.63,3.0,0.65,10.0,0.0,0.7,0.3,88.0,93.9,97.1,92.6,3.0,6.8,10.0,0.0,0.3,6.07,10.55,16.03,11.08,18.0,5.24,14.0,0.3,0.7,0.6,-8.03,-3.11,2.38,-3.21,18.0,5.27,14.0,0.3,0.7,0.6,-15.86,-5.29,5.63,-4.19,18.0,10.02,14.0,0.3,0.7,0.6,984.95,993.2,999.86,992.14,18.0,8.91,14.0,0.3,0.7,0.6,3.5,6.0,8.0,5.9,17.0,2.3,14.0,0.3,0.7,0.6,-112.3,-41.7,7.8,-42.2,18.0,67.5,14.0,0.3,0.7,0.6,-256.6,-35.9,47.8,-67.9,18.0,170.7,14.0,0.3,0.7,0.6,-0.41,4.4,6.4,3.56,13.0,3.16,14.0,0.4,0.7,0.6,-2.5,20.2,108.0,44.1,13.0,57.5,14.0,0.4,0.7,0.6,-0.1,0.76,0.91,0.41,3.0,0.8,10.0,0.0,0.7,0.3,-2.3,9.0,9.1,3.5,3.0,9.6,10.0,0.0,0.7,0.3,-21.3,0.3,11.2,-4.2,18.0,25.3,14.0,0.3,0.7,0.6,-5.9,4.0,35.5,14.3,18.0,31.2,14.0,0.3,0.7,0.6,-53.2,-30.7,-21.0,-36.9,3.0,24.2,10.0,0.0,0.7,0.3,-25.0,0.0,63.8,19.0,3.0,67.0,10.0,0.0,0.7,0.3,-8.0,-5.8,-1.0,-4.5,3.0,5.3,10.0,0.0,0.7,0.3,-7.3,-7.0,-2.2,-4.8,3.0,4.2,10.0,0.0,0.7,0.3,239.5,1223.5,4168.0,2275.0,18.0,2900.0,14.0,0.3,0.7,0.6,240.0,1225.0,4170.0,2275.0,18.0,2900.0,14.0,0.3,0.7,0.6
1974,2,337.0,64.0,1.4,2.1,4.31,2.7,6.0,1.71,16.0,0.2,0.6,0.2,-1.92,2.4,4.57,1.7,6.0,3.16,16.0,0.2,0.6,0.2,5.23,5.23,5.23,5.23,1.0,0.0,18.0,1.0,0.5,0.0,98.6,98.6,98.6,98.6,1.0,0.0,18.0,1.0,0.0,4.98,6.7,9.3,6.8,5.0,2.98,16.0,0.0,0.6,0.2,-6.2,-2.29,-1.1,-3.44,5.0,3.17,16.0,0.0,0.6,0.2,-6.35,-4.31,1.66,-2.59,5.0,5.78,16.0,0.0,0.6,0.2,989.65,997.0,1004.0,998.18,6.0,9.97,16.0,0.2,0.6,0.2,1.9,5.5,7.5,4.8,4.0,3.6,14.0,0.0,0.5,0.2,-49.2,-15.4,-2.2,-25.6,5.0,30.7,16.0,0.0,0.6,0.2,-59.0,-28.9,14.1,-23.7,5.0,47.9,16.0,0.0,0.6,0.2,,,,,,,,,,,,,,,,,,,,,,,,,,,,,,,,,,,,,,,,,,,,,,,,,,,,,,,,,,,,,,,,,,,,,,,,,,,,,,,,,,,,,,,,,,,,,,,,,,,,,,,,,,,,,,,,,,,,,,,,
1974,2,337.0,66.0,1.6,2.9,4.2,2.9,2.0,2.69,6.0,1.0,0.6,0.3,-5.49,-2.0,-0.61,-2.68,5.0,3.1,8.0,0.8,0.5,0.4,2.32,2.53,2.74,2.53,2.0,0.44,6.0,1.0,0.6,0.3,68.8,76.3,83.7,76.3,2.0,15.4,6.0,1.0,0.3,9.3,14.9,15.4,12.86,5.0,3.26,8.0,0.8,0.5,0.4,-13.11,-7.45,-5.98,-9.32,5.0,4.15,8.0,0.8,0.5,0.4,-11.0,-7.12,-4.52,-7.41,5.0,4.78,8.0,0.8,0.5,0.4,1002.29,1003.1,1017.37,1008.82,5.0,8.92,8.0,0.8,0.5,0.4,4.9,7.5,8.0,6.5,4.0,2.4,8.0,0.8,0.6,0.4,-201.9,-111.0,-55.6,-128.2,5.0,80.0,8.0,0.8,0.5,0.4,-167.0,-66.3,-42.1,-95.4,5.0,76.5,8.0,0.8,0.5,0.4,0.91,4.6,8.29,4.6,2.0,7.64,6.0,1.0,0.6,0.3,13.3,68.3,123.4,68.3,2.0,114.1,6.0,1.0,0.6,0.3,1.55,2.16,2.77,2.16,2.0,1.27,6.0,1.0,0.6,0.3,23.6,32.5,41.4,32.5,2.0,18.5,6.0,1.0,0.6,0.3,-2.5,23.6,36.9,16.5,5.0,26.9,8.0,0.8,0.5,0.4,9.0,19.8,51.6,28.8,5.0,26.4,8.0,0.8,0.5,0.4,-39.4,-30.1,-20.9,-30.1,2.0,19.2,6.0,1.0,0.6,0.3,-24.1,-14.3,-4.5,-14.3,2.0,20.2,6.0,1.0,0.6,0.3,-22.3,-21.1,-20.0,-21.1,2.0,2.3,6.0,1.0,0.6,0.3,-33.2,-19.7,-6.3,-19.7,2.0,27.9,6.0,1.0,0.6,0.3,804.5,3308.0,3652.5,2444.0,5.0,1503.5,8.0,0.8,0.5,0.4,805.0,3310.0,3650.0,2445.0,5.0,1505.0,8.0,0.8,0.5,0.4
1974,2,337.0,70.0,,,,,,,,,,,,,,,,,,,,,,,,,,,,,,,,,,,,,,,,10.3,10.3,10.3,10.3,1.0,0.0,28.0,0.0,0.4,0.7,6.62,6.62,6.62,6.62,1.0,0.0,28.0,0.0,0.4,0.7,7.89,7.89,7.89,7.89,1.0,0.0,28.0,0.0,0.4,0.7,1022.0,1022.0,1022.0,1022.0,1.0,0.0,28.0,0.0,0.4,0.7,,,,,,,,,,,,,,,,,,,,,,,,,,,,,,,,,,,,,,,,,,,,,,,,,,,,,,,,,,,,,,,,,,,,,,,,,,,,,,,,,,,,,,,,,,,,,,,,,,,,,,,,,,,,,,,,,,,,,,,,,,,,,,,,,,,,,,,,,,,,,,,,,,,,,,
1974,2,338.0,-75.0,-1.8,-1.8,-1.8,-1.8,1.0,0.0,12.0,0.0,0.6,1.0,-5.0,-5.0,-5.0,-5.0,1.0,0.0,12.0,0.0,0.6,1.0,1.82,1.82,1.82,1.82,1.0,0.0,12.0,0.0,0.6,1.0,68.0,68.0,68.0,68.0,1.0,0.0,12.0,0.0,1.0,,,,,,,,,,,,,,,,,,,,,,,,,,,,,,,,,,,,,,,,,,,,,,,,,,,,,,,,,,,,,,,,,,,,,,,,,,,,,,,,,,,,,,,,,,,,,,,,,,,,,,,,,,,,,,,,,,,,,,,,,,,,,,,,,,,,,,,,,,,,,,,,,,,,,,,,,,,,,,,,,,,,,,,,,,,,,,,,,,,,,,,,,,,,,,
1974,2,338.0,-74.0,,,,,,,,,,,,,,,,,,,,,,,,,,,,,,,,,,,,,,,,,,,,,,,,,,,,,,,,,,,,,,,,,,,,,,,,,,,,,,,,7.0,7.0,7.0,7.0,1.0,0.0,28.0,1.0,0.7,1.0,-144.1,-144.1,-144.1,-144.1,1.0,0.0,28.0,1.0,0.7,1.0,-83.2,-83.2,-83.2,-83.2,1.0,0.0,28.0,1.0,0.7,1.0,,,,,,,,,,,,,,,,,,,,,,,,,,,,,,,,,,,,,,,,,,,,,,,,,,,,,,,,,,,,,,,,,,,,,,,,,,,,,,,,,,,,,,,,,,,,,,,,,,,,,,,,,,,,,,,,,,,,,,,,
1974,2,338.0,-72.0,0.8,0.8,0.8,0.8,1.0,0.0,28.0,1.0,0.1,0.2,-1.8,-1.8,-1.8,-1.8,1.0,0.0,28.0,1.0,0.1,0.2,2.49,2.49,2.49,2.49,1.0,0.0,28.0,1.0,0.1,0.2,73.0,73.0,73.0,73.0,1.0,0.0,28.0,1.0,0.2,7.7,7.7,7.7,7.7,1.0,0.0,28.0,1.0,0.1,0.2,-5.9,-5.9,-5.9,-5.9,1.0,0.0,28.0,1.0,0.1,0.2,-4.95,-4.95,-4.95,-4.95,1.0,0.0,28.0,1.0,0.1,0.2,982.0,982.0,982.0,982.0,1.0,0.0,28.0,1.0,0.1,0.2,8.0,8.0,8.0,8.0,1.0,0.0,28.0,1.0,0.1,0.2,-45.4,-45.4,-45.4,-45.4,1.0,0.0,28.0,1.0,0.1,0.2,-38.1,-38.1,-38.1,-38.1,1.0,0.0,28.0,1.0,0.1,0.2,2.6,2.6,2.6,2.6,1.0,0.0,28.0,1.0,0.1,0.2,20.0,20.0,20.0,20.0,1.0,0.0,28.0,1.0,0.1,0.2,1.64,1.64,1.64,1.64,1.0,0.0,28.0,1.0,0.1,0.2,12.6,12.6,12.6,12.6,1.0,0.0,28.0,1.0,0.1,0.2,10.6,10.6,10.6,10.6,1.0,0.0,28.0,1.0,0.1,0.2,8.9,8.9,8.9,8.9,1.0,0.0,28.0,1.0,0.1,0.2,-14.7,-14.7,-14.7,-14.7,1.0,0.0,28.0,1.0,0.1,0.2,-12.3,-12.3,-12.3,-12.3,1.0,0.0,28.0,1.0,0.1,0.2,-9.7,-9.7,-9.7,-9.7,1.0,0.0,28.0,1.0,0.1,0.2,-8.1,-8.1,-8.1,-8.1,1.0,0.0,28.0,1.0,0.1,0.2,456.5,456.5,456.5,456.5,1.0,0.0,28.0,1.0,0.1,0.2,455.0,455.0,455.0,455.0,1.0,0.0,28.0,1.0,0.1,0.2
1974,2,338.0,-35.0,23.6,23.6,23.6,23.6,1.0,0.0,6.0,0.0,0.8,0.9,22.4,22.4,22.4,22.4,1.0,0.0,6.0,0.0,0.8,0.9,10.24,10.24,10.24,10.24,1.0,0.0,6.0,0.0,0.8,0.9,61.3,61.3,61.3,61.3,1.0,0.0,6.0,0.0,0.9,2.1,2.1,2.1,2.1,1.0,0.0,6.0,0.0,0.8,0.9,-2.1,-2.1,-2.1,-2.1,1.0,0.0,6.0,0.0,0.8,0.9,0.0,0.0,0.0,0.0,1.0,0.0,6.0,0.0,0.8,0.9,1020.0,1020.0,1020.0,1020.0,1.0,0.0,6.0,0.0,0.8,0.9,5.0,5.0,5.0,5.0,1.0,0.0,6.0,0.0,0.8,0.9,-4.4,-4.4,-4.4,-4.4,1.0,0.0,6.0,0.0,0.8,0.9,0.0,0.0,0.0,0.0,1.0,0.0,6.0,0.0,0.8,0.9,1.2,1.2,1.2,1.2,1.0,0.0,6.0,0.0,0.8,0.9,2.5,2.5,2.5,2.5,1.0,0.0,6.0,0.0,0.8,0.9,7.8,7.8,7.8,7.8,1.0,0.0,6.0,0.0,0.8,0.9,16.4,16.4,16.4,16.4,1.0,0.0,6.0,0.0,0.8,0.9,-47.0,-47.0,-47.0,-47.0,1.0,0.0,6.0,0.0,0.8,0.9,0.0,0.0,0.0,0.0,1.0,0.0,6.0,0.0,0.8,0.9,-21.5,-21.5,-21.5,-21.5,1.0,0.0,6.0,0.0,0.8,0.9,0.0,0.0,0.0,0.0,1.0,0.0,6.0,0.0,0.8,0.9,-16.4,-16.4,-16.4,-16.4,1.0,0.0,6.0,0.0,0.8,0.9,0.0,0.0,0.0,0.0,1.0,0.0,6.0,0.0,0.8,0.9,9.5,9.5,9.5,9.5,1.0,0.0,6.0,0.0,0.8,0.9,10.0,10.0,10.0,10.0,1.0,0.0,6.0,0.0,0.8,0.9
1974,2,338.0,-34.0,23.0,23.0,23.0,23.0,1.0,0.0,18.0,0.0,0.1,0.3,23.2,23.2,23.2,23.2,1.0,0.0,18.0,0.0,0.1,0.3,14.97,14.97,14.97,14.97,1.0,0.0,18.0,0.0,0.1,0.3,84.3,84.3,84.3,84.3,1.0,0.0,18.0,0.0,0.3,9.3,9.3,9.3,9.3,1.0,0.0,18.0,0.0,0.1,0.3,1.61,1.61,1.61,1.61,1.0,0.0,18.0,0.0,0.1,0.3,-9.16,-9.16,-9.16,-9.16,1.0,0.0,18.0,0.0,0.1,0.3,1009.3,1009.3,1009.3,1009.3,1.0,0.0,18.0,0.0,0.1,0.3,3.0,3.0,3.0,3.0,1.0,0.0,18.0,0.0,0.1,0.3,15.0,15.0,15.0,15.0,1.0,0.0,18.0,0.0,0.1,0.3,-85.2,-85.2,-85.2,-85.2,1.0,0.0,18.0,0.0,0.1,0.3,-0.2,-0.2,-0.2,-0.2,1.0,0.0,18.0,0.0,0.1,0.3,-1.9,-1.9,-1.9,-1.9,1.0,0.0,18.0,0.0,0.1,0.3,2.61,2.61,2.61,2.61,1.0,0.0,18.0,0.0,0.1,0.3,24.3,24.3,24.3,24.3,1.0,0.0,18.0,0.0,0.1,0.3,37.5,37.5,37.5,37.5,1.0,0.0,18.0,0.0,0.1,0.3,-212.5,-212.5,-212.5,-212.5,1.0,0.0,18.0,0.0,0.1,0.3,24.2,24.2,24.2,24.2,1.0,0.0,18.0,0.0,0.1,0.3,-137.1,-137.1,-137.1,-137.1,1.0,0.0,18.0,0.0,0.1,0.3,4.2,4.2,4.2,4.2,1.0,0.0,18.0,0.0,0.1,0.3,-23.9,-23.9,-23.9,-23.9,1.0,0.0,18.0,0.0,0.1,0.3,804.5,804.5,804.5,804.5,1.0,0.0,18.0,0.0,0.1,0.3,805.0,805.0,805.0,805.0,1.0,0.0,18.0,0.0,0.1,0.3
1974,2,338.0,-33.0,23.41,23.65,23.89,23.65,2.0,0.49,12.0,0.0,0.3,0.4,20.83,21.55,22.27,21.55,2.0,1.48,12.0,0.0,0.3,0.4,11.9,12.71,13.52,12.71,2.0,1.67,12.0,0.0,0.3,0.4,78.1,79.7,81.4,79.7,2.0,3.4,12.0,0.0,0.4,5.1,5.1,5.1,5.1,1.0,0.0,14.0,0.0,0.5,0.3,-5.1,-5.1,-5.1,-5.1,1.0,0.0,14.0,0.0,0.5,0.3,0.0,0.0,0.0,0.0,1.0,0.0,14.0,0.0,0.5,0.3,1018.1,1019.4,1020.7,1019.4,2.0,2.69,12.0,0.0,0.3,0.4,2.5,3.5,4.5,3.5,2.0,2.1,12.0,0.0,0.3,0.4,-26.0,-26.0,-26.0,-26.0,1.0,0.0,14.0,0.0,0.5,0.3,0.0,0.0,0.0,0.0,1.0,0.0,14.0,0.0,0.5,0.3,1.62,2.1,2.58,2.1,2.0,0.99,12.0,0.0,0.3,0.4,14.3,14.3,14.3,14.3,1.0,0.0,14.0,0.0,0.5,0.3,4.83,5.4,5.96,5.4,2.0,1.17,12.0,0.0,0.3,0.4,31.8,31.8,31.8,31.8,1.0,0.0,14.0,0.0,0.5,0.3,-104.5,-104.5,-104.5,-104.5,1.0,0.0,14.0,0.0,0.5,0.3,0.0,0.0,0.0,0.0,1.0,0.0,14.0,0.0,0.5,0.3,-58.8,-58.8,-58.8,-58.8,1.0,0.0,14.0,0.0,0.5,0.3,0.0,0.0,0.0,0.0,1.0,0.0,14.0,0.0,0.5,0.3,-31.8,-31.8,-31.8,-31.8,1.0,0.0,14.0,0.0,0.5,0.3,0.0,0.0,0.0,0.0,1.0,0.0,14.0,0.0,0.5,0.3,132.5,132.5,132.5,132.5,1.0,0.0,14.0,0.0,0.5,0.3,135.0,135.0,135.0,135.0,1.0,0.0,14.0,0.0,0.5,0.3
1974,2,338.0,-31.0,23.0,23.0,23.61,23.3,3.0,0.52,18.0,0.7,0.7,0.4,19.66,20.0,22.05,20.83,3.0,1.89,18.0,0.7,0.7,0.4,12.35,13.06,13.78,13.06,2.0,1.48,18.0,0.5,0.8,0.6,85.6,91.4,97.3,91.4,2.0,12.1,18.0,0.5,0.6,3.1,3.1,7.33,5.17,3.0,3.58,18.0,0.7,0.7,0.4,-0.86,3.05,4.14,1.67,3.0,3.86,18.0,0.7,0.7,0.4,-5.67,-0.54,0.89,-2.35,3.0,5.05,18.0,0.7,0.7,0.4,1012.63,1014.0,1018.1,1015.33,3.0,4.16,18.0,0.7,0.7,0.4,8.0,8.0,8.0,8.0,3.0,0.0,18.0,0.7,0.7,0.4,-2.7,9.5,32.5,14.8,3.0,26.2,18.0,0.7,0.7,0.4,-51.7,-1.7,2.8,-23.9,3.0,44.3,18.0,0.7,0.7,0.4,0.95,3.0,3.96,2.47,3.0,2.25,18.0,0.7,0.7,0.4,3.0,9.3,30.9,16.7,3.0,21.5,18.0,0.7,0.7,0.4,4.58,4.94,5.3,4.94,2.0,0.75,18.0,0.5,0.8,0.6,20.8,29.0,37.2,29.0,2.0,17.0,18.0,0.5,0.8,0.6,-22.8,61.1,81.3,30.0,3.0,80.8,18.0,0.7,0.7,0.4,-110.6,-10.8,20.9,-44.1,3.0,100.6,18.0,0.7,0.7,0.4,41.3,51.2,61.0,51.2,2.0,20.4,18.0,0.5,0.8,0.6,-96.6,-60.1,-23.5,-60.1,2.0,75.8,18.0,0.5,0.8,0.6,17.3,18.6,19.9,18.6,2.0,2.7,18.0,0.5,0.8,0.6,-30.3,-19.2,-8.1,-19.2,2.0,23.0,18.0,0.5,0.8,0.6,30.0,30.0,558.5,288.0,3.0,447.0,18.0,0.7,0.7,0.4,30.0,30.0,560.0,290.0,3.0,445.0,18.0,0.7,0.7,0.4
1974,2,338.0,-28.0,25.0,25.0,25.0,25.0,1.0,0.0,14.0,0.0,0.8,0.1,23.8,23.8,23.8,23.8,1.0,0.0,14.0,0.0,0.8,0.1,16.29,16.29,16.29,16.29,1.0,0.0,14.0,0.0,0.8,0.1,89.1,89.1,89.1,89.1,1.0,0.0,14.0,0.0,0.1,1.5,1.5,1.5,1.5,1.0,0.0,14.0,0.0,0.8,0.1,-0.75,-0.75,-0.75,-0.75,1.0,0.0,14.0,0.0,0.8,0.1,1.3,1.3,1.3,1.3,1.0,0.0,14.0,0.0,0.8,0.1,1017.9,1017.9,1017.9,1017.9,1.0,0.0,14.0,0.0,0.8,0.1,2.0,2.0,2.0,2.0,1.0,0.0,14.0,0.0,0.8,0.1,-1.1,-1.1,-1.1,-1.1,1.0,0.0,14.0,0.0,0.8,0.1,1.9,1.9,1.9,1.9,1.0,0.0,14.0,0.0,0.8,0.1,1.2,1.2,1.2,1.2,1.0,0.0,14.0,0.0,0.8,0.1,1.8,1.8,1.8,1.8,1.0,0.0,14.0,0.0,0.8,0.1,3.39,3.39,3.39,3.39,1.0,0.0,14.0,0.0,0.8,0.1,5.1,5.1,5.1,5.1,1.0,0.0,14.0,0.0,0.8,0.1,-17.8,-17.8,-17.8,-17.8,1.0,0.0,14.0,0.0,0.8,0.1,30.9,30.9,30.9,30.9,1.0,0.0,14.0,0.0,0.8,0.1,-12.2,-12.2,-12.2,-12.2,1.0,0.0,14.0,0.0,0.8,0.1,21.2,21.2,21.2,21.2,1.0,0.0,14.0,0.0,0.8,0.1,-2.5,-2.5,-2.5,-2.5,1.0,0.0,14.0,0.0,0.8,0.1,4.4,4.4,4.4,4.4,1.0,0.0,14.0,0.0,0.8,0.1,3.5,3.5,3.5,3.5,1.0,0.0,14.0,0.0,0.8,0.1,5.0,5.0,5.0,5.0,1.0,0.0,14.0,0.0,0.8,0.1
1974,2,338.0,-23.0,25.6,25.6,25.6,25.6,1.0,0.0,18.0,0.0,1.0,0.3,25.3,25.3,25.3,25.3,1.0,0.0,18.0,0.0,1.0,0.3,15.52,15.52,15.52,15.52,1.0,0.0,18.0,0.0,1.0,0.3,77.6,77.6,77.6,77.6,1.0,0.0,18.0,0.0,0.3,3.1,3.1,3.1,3.1,1.0,0.0,18.0,0.0,1.0,0.3,-3.1,-3.1,-3.1,-3.1,1.0,0.0,18.0,0.0,1.0,0.3,0.0,0.0,0.0,0.0,1.0,0.0,18.0,0.0,1.0,0.3,1016.3,1016.3,1016.3,1016.3,1.0,0.0,18.0,0.0,1.0,0.3,3.0,3.0,3.0,3.0,1.0,0.0,18.0,0.0,1.0,0.3,-9.6,-9.6,-9.6,-9.6,1.0,0.0,18.0,0.0,1.0,0.3,0.0,0.0,0.0,0.0,1.0,0.0,18.0,0.0,1.0,0.3,0.3,0.3,0.3,0.3,1.0,0.0,18.0,0.0,1.0,0.3,0.9,0.9,0.9,0.9,1.0,0.0,18.0,0.0,1.0,0.3,4.91,4.91,4.91,4.91,1.0,0.0,18.0,0.0,1.0,0.3,15.2,15.2,15.2,15.2,1.0,0.0,18.0,0.0,1.0,0.3,-78.4,-78.4,-78.4,-78.4,1.0,0.0,18.0,0.0,1.0,0.3,0.0,0.0,0.0,0.0,1.0,0.0,18.0,0.0,1.0,0.3,-48.1,-48.1,-48.1,-48.1,1.0,0.0,18.0,0.0,1.0,0.3,0.0,0.0,0.0,0.0,1.0,0.0,18.0,0.0,1.0,0.3,-15.2,-15.2,-15.2,-15.2,1.0,0.0,18.0,0.0,1.0,0.3,0.0,0.0,0.0,0.0,1.0,0.0,18.0,0.0,1.0,0.3,30.0,30.0,30.0,30.0,1.0,0.0,18.0,0.0,1.0,0.3,30.0,30.0,30.0,30.0,1.0,0.0,18.0,0.0,1.0,0.3
1974,2,338.0,-16.0,26.1,26.1,26.1,26.1,1.0,0.0,20.0,1.0,0.1,1.0,26.7,26.7,26.7,26.7,1.0,0.0,20.0,1.0,0.1,1.0,18.2,18.2,18.2,18.2,1.0,0.0,20.0,1.0,0.1,1.0,83.1,83.1,83.1,83.1,1.0,0.0,20.0,1.0,1.0,9.3,9.3,9.3,9.3,1.0,0.0,20.0,1.0,0.1,1.0,-9.16,-9.16,-9.16,-9.16,1.0,0.0,20.0,1.0,0.1,1.0,-1.61,-1.61,-1.61,-1.61,1.0,0.0,20.0,1.0,0.1,1.0,1010.8,1010.8,1010.8,1010.8,1.0,0.0,20.0,1.0,0.1,1.0,3.0,3.0,3.0,3.0,1.0,0.0,20.0,1.0,0.1,1.0,-85.2,-85.2,-85.2,-85.2,1.0,0.0,20.0,1.0,0.1,1.0,-15.0,-15.0,-15.0,-15.0,1.0,0.0,20.0,1.0,0.1,1.0,-0.6,-0.6,-0.6,-0.6,1.0,0.0,20.0,1.0,0.1,1.0,-5.6,-5.6,-5.6,-5.6,1.0,0.0,20.0,1.0,0.1,1.0,2.97,2.97,2.97,2.97,1.0,0.0,20.0,1.0,0.1,1.0,27.6,27.6,27.6,27.6,1.0,0.0,20.0,1.0,0.1,1.0,-244.5,-244.5,-244.5,-244.5,1.0,0.0,20.0,1.0,0.1,1.0,-43.1,-43.1,-43.1,-43.1,1.0,0.0,20.0,1.0,0.1,1.0,-166.7,-166.7,-166.7,-166.7,1.0,0.0,20.0,1.0,0.1,1.0,-29.4,-29.4,-29.4,-29.4,1.0,0.0,20.0,1.0,0.1,1.0,-27.2,-27.2,-27.2,-27.2,1.0,0.0,20.0,1.0,0.1,1.0,-4.8,-4.8,-4.8,-4.8,1.0,0.0,20.0,1.0,0.1,1.0,804.5,804.5,804.5,804.5,1.0,0.0,20.0,1.0,0.1,1.0,805.0,805.0,805.0,805.0,1.0,0.0,20.0,1.0,0.1,1.0
1974,2,338.0,-15.0,,,,,,,,,,,,,,,,,,,,,,,,,,,,,,,,,,,,,,,,2.66,2.8,2.94,2.8,2.0,0.28,20.0,0.0,0.7,0.8,-2.25,-2.14,-2.04,-2.14,2.0,0.22,20.0,0.0,0.7,0.8,1.71,1.8,1.89,1.8,2.0,0.18,20.0,0.0,0.7,0.8,1015.2,1015.2,1015.2,1015.2,1.0,0.0,28.0,0.0,0.5,0.9,0.5,1.5,2.5,1.5,2.0,2.1,20.0,0.0,0.7,0.8,-6.6,-6.0,-5.5,-6.0,2.0,1.2,20.0,0.0,0.7,0.8,4.6,5.1,5.6,5.1,2.0,1.0,20.0,0.0,0.7,0.8,,,,,,,,,,,,,,,,,,,,,,,,,,,,,,,,,,,,,,,,,,,,,,,,,,,,,,,,,,,,,,,,,,,,,,,,,,,,,,,,,,,,,,,,,,,,,,,,,,,,,,,,,,,,,,,,,,,,,,,,
1974,2,338.0,-14.0,25.66,25.8,25.94,25.8,2.0,0.28,16.0,0.5,0.4,0.5,25.05,25.6,26.56,25.8,3.0,1.11,18.0,0.3,0.5,0.5,16.82,16.82,16.82,16.82,1.0,0.0,24.0,0.0,0.8,0.4,73.9,77.2,80.5,77.2,2.0,6.8,18.0,0.0,0.3,2.76,3.1,8.01,5.33,3.0,4.31,18.0,0.3,0.5,0.5,-7.81,-2.44,-1.14,-4.43,3.0,5.17,18.0,0.3,0.5,0.5,0.28,0.89,2.37,1.31,3.0,1.57,18.0,0.3,0.5,0.5,1010.82,1011.5,1012.18,1011.5,2.0,1.41,20.0,0.5,0.7,0.7,3.6,5.0,6.4,5.0,3.0,2.0,18.0,0.3,0.5,0.5,-74.4,-6.4,-3.2,-38.0,3.0,59.0,18.0,0.3,0.5,0.5,0.7,2.3,7.2,3.9,3.0,4.9,18.0,0.3,0.5,0.5,,,,,,,,,,,,,,,,,,,,,,,,,,,,,,,,,,,,,,,,,-199.2,-60.6,-29.2,-112.9,3.0,132.6,18.0,0.3,0.5,0.5,7.0,22.1,63.3,34.8,3.0,42.7,18.0,0.3,0.5,0.5,-173.2,-173.2,-173.2,-173.2,1.0,0.0,24.0,0.0,0.8,0.4,0.0,0.0,0.0,0.0,1.0,0.0,24.0,0.0,0.8,0.4,,,,,,,,,,,,,,,,,,,,,,,,,,,,,,,,,,,,,,,,
1974,2,338.0,-13.0,26.04,27.0,27.14,26.6,3.0,0.87,18.0,0.7,0.6,0.6,25.2,25.6,27.22,26.24,5.0,1.6,18.0,0.4,0.5,0.6,15.38,16.16,16.26,15.83,3.0,0.7,18.0,0.3,0.6,0.4,73.9,75.7,78.0,75.9,4.0,2.8,20.0,0.5,0.6,4.73,5.1,7.88,6.26,5.0,2.64,18.0,0.4,0.5,0.6,-6.93,-4.79,-4.02,-5.65,5.0,2.82,18.0,0.4,0.5,0.6,1.37,1.74,2.93,2.17,5.0,1.52,18.0,0.4,0.5,0.6,1011.01,1012.0,1012.73,1011.88,4.0,1.28,16.0,0.3,0.5,0.5,2.3,4.0,5.4,3.8,5.0,1.9,18.0,0.4,0.5,0.6,-57.6,-24.4,-21.6,-41.0,5.0,41.4,18.0,0.4,0.5,0.6,6.7,8.9,23.6,14.1,5.0,10.6,18.0,0.4,0.5,0.6,-1.24,0.4,1.22,0.0,3.0,1.83,18.0,0.7,0.6,0.6,-6.2,2.5,6.4,0.1,3.0,9.4,18.0,0.7,0.6,0.6,5.63,5.91,6.19,5.91,2.0,0.57,16.0,0.5,0.6,0.5,32.5,33.2,33.8,33.2,2.0,1.4,16.0,0.5,0.6,0.5,-186.1,-122.7,-103.8,-147.2,5.0,69.2,18.0,0.4,0.5,0.6,35.2,47.3,75.8,56.2,5.0,37.7,18.0,0.4,0.5,0.6,-74.1,-65.2,-61.6,-67.8,3.0,9.4,18.0,0.3,0.6,0.4,16.9,28.4,57.7,37.1,3.0,30.8,18.0,0.3,0.6,0.4,-29.0,-26.1,-23.3,-26.1,2.0,5.9,16.0,0.5,0.6,0.5,13.4,18.6,23.7,18.6,2.0,10.7,16.0,0.5,0.6,0.5,109.5,132.5,611.5,366.5,5.0,503.0,18.0,0.4,0.5,0.6,110.0,135.0,610.0,365.0,5.0,505.0,18.0,0.4,0.5,0.6
1974,2,338.0,-12.0,26.7,26.7,26.7,26.7,1.0,0.0,4.0,0.0,0.4,0.4,24.4,24.4,24.4,24.4,1.0,0.0,4.0,0.0,0.4,0.4,15.89,15.89,15.89,15.89,1.0,0.0,4.0,0.0,0.4,0.4,83.4,83.4,83.4,83.4,1.0,0.0,4.0,0.0,0.4,7.7,7.7,7.7,7.7,1.0,0.0,4.0,0.0,0.4,0.4,-7.24,-7.24,-7.24,-7.24,1.0,0.0,4.0,0.0,0.4,0.4,2.63,2.63,2.63,2.63,1.0,0.0,4.0,0.0,0.4,0.4,1011.8,1011.8,1011.8,1011.8,1.0,0.0,4.0,0.0,0.4,0.4,1.0,1.0,1.0,1.0,1.0,0.0,4.0,0.0,0.4,0.4,-55.7,-55.7,-55.7,-55.7,1.0,0.0,4.0,0.0,0.4,0.4,20.3,20.3,20.3,20.3,1.0,0.0,4.0,0.0,0.4,0.4,2.3,2.3,2.3,2.3,1.0,0.0,4.0,0.0,0.4,0.4,17.7,17.7,17.7,17.7,1.0,0.0,4.0,0.0,0.4,0.4,6.04,6.04,6.04,6.04,1.0,0.0,4.0,0.0,0.4,0.4,46.5,46.5,46.5,46.5,1.0,0.0,4.0,0.0,0.4,0.4,-176.5,-176.5,-176.5,-176.5,1.0,0.0,4.0,0.0,0.4,0.4,64.3,64.3,64.3,64.3,1.0,0.0,4.0,0.0,0.4,0.4,-114.9,-114.9,-114.9,-114.9,1.0,0.0,4.0,0.0,0.4,0.4,41.8,41.8,41.8,41.8,1.0,0.0,4.0,0.0,0.4,0.4,-43.7,-43.7,-43.7,-43.7,1.0,0.0,4.0,0.0,0.4,0.4,15.9,15.9,15.9,15.9,1.0,0.0,4.0,0.0,0.4,0.4,456.5,456.5,456.5,456.5,1.0,0.0,4.0,0.0,0.4,0.4,455.0,455.0,455.0,455.0,1.0,0.0,4.0,0.0,0.4,0.4
1974,2,338.0,-11.0,25.95,26.7,27.45,26.7,3.0,1.1,12.0,0.0,0.5,0.6,25.05,25.6,27.1,26.07,3.0,1.55,12.0,0.0,0.5,0.6,16.06,16.25,17.36,16.7,3.0,1.03,12.0,0.0,0.5,0.6,72.1,79.5,87.6,79.8,3.0,11.4,12.0,0.0,0.6,1.62,5.1,6.53,4.1,3.0,3.7,12.0,0.0,0.5,0.6,-6.15,-3.91,-1.24,-3.7,3.0,3.6,12.0,0.0,0.5,0.6,0.0,0.0,2.24,1.09,3.0,1.89,12.0,0.0,0.5,0.6,1011.0,1012.5,1013.46,1012.23,3.0,1.81,12.0,0.0,0.5,0.6,1.6,3.0,6.4,4.0,3.0,3.6,12.0,0.0,0.5,0.6,-41.7,-19.9,-6.3,-23.9,3.0,26.2,12.0,0.0,0.5,0.6,0.0,0.0,11.4,5.6,3.0,9.7,12.0,0.0,0.5,0.6,0.25,0.8,1.0,0.63,3.0,0.57,12.0,0.0,0.5,0.6,0.0,0.0,3.8,1.9,3.0,3.2,12.0,0.0,0.5,0.6,3.62,5.63,6.85,5.24,3.0,2.4,12.0,0.0,0.5,0.6,9.1,28.7,45.6,27.4,3.0,26.7,12.0,0.0,0.5,0.6,-168.4,-100.0,-31.7,-100.1,3.0,100.1,12.0,0.0,0.5,0.6,0.0,0.0,57.3,28.0,3.0,48.5,12.0,0.0,0.5,0.6,-98.7,-63.5,-20.2,-59.5,3.0,57.6,12.0,0.0,0.5,0.6,0.0,0.0,36.4,17.8,3.0,30.8,12.0,0.0,0.5,0.6,-43.5,-22.0,-7.0,-25.1,3.0,26.9,12.0,0.0,0.5,0.6,0.0,0.0,12.6,6.2,3.0,10.7,12.0,0.0,0.5,0.6,42.0,132.5,297.0,168.5,3.0,189.0,12.0,0.0,0.5,0.6,40.0,135.0,295.0,170.0,3.0,190.0,12.0,0.0,0.5,0.6
1974,2,338.0,-9.0,26.3,26.5,27.52,26.9,3.0,0.96,10.0,1.0,0.7,0.5,26.59,27.0,28.37,27.47,3.0,1.36,10.0,1.0,0.7,0.5,18.35,18.66,19.0,18.67,3.0,0.48,10.0,1.0,0.7,0.5,76.2,83.7,87.2,81.7,3.0,8.2,10.0,1.0,0.5,6.7,6.7,6.7,6.7,3.0,0.0,10.0,1.0,0.7,0.5,-6.57,-6.3,-6.3,-6.43,3.0,0.23,10.0,1.0,0.7,0.5,0.73,2.29,2.29,1.53,3.0,1.32,10.0,1.0,0.7,0.5,1008.93,1010.3,1010.78,1009.87,3.0,1.4,10.0,1.0,0.7,0.5,3.3,4.0,4.7,4.0,3.0,1.0,10.0,1.0,0.7,0.5,-44.0,-42.2,-42.2,-43.1,3.0,1.6,10.0,1.0,0.7,0.5,4.9,15.4,15.4,10.2,3.0,8.9,10.0,1.0,0.7,0.5,-0.84,-0.5,-0.3,-0.57,3.0,0.4,10.0,1.0,0.7,0.5,-5.6,-3.3,-2.0,-3.8,3.0,2.7,10.0,1.0,0.7,0.5,2.46,3.04,4.73,3.58,3.0,1.72,10.0,1.0,0.7,0.5,16.5,20.4,31.7,24.0,3.0,11.5,10.0,1.0,0.7,0.5,-182.0,-180.9,-170.9,-176.6,3.0,9.0,10.0,1.0,0.7,0.5,19.2,60.5,64.6,42.3,3.0,36.8,10.0,1.0,0.7,0.5,-123.6,-120.6,-116.5,-120.1,3.0,5.2,10.0,1.0,0.7,0.5,13.2,41.7,43.2,28.5,3.0,24.7,10.0,1.0,0.7,0.5,-30.1,-20.4,-15.9,-23.0,3.0,10.7,10.0,1.0,0.7,0.5,1.6,5.0,10.2,5.9,3.0,6.4,10.0,1.0,0.7,0.5,301.0,301.0,301.0,301.0,3.0,0.0,10.0,1.0,0.7,0.5,300.0,300.0,300.0,300.0,3.0,0.0,10.0,1.0,0.7,0.5
1974,2,338.0,-8.0,25.5,25.5,25.5,25.5,1.0,0.0,18.0,0.0,0.9,0.2,26.0,26.0,26.0,26.0,1.0,0.0,18.0,0.0,0.9,0.2,16.53,16.53,16.53,16.53,1.0,0.0,18.0,0.0,0.9,0.2,78.6,78.6,78.6,78.6,1.0,0.0,18.0,0.0,0.2,4.1,4.1,4.1,4.1,1.0,0.0,18.0,0.0,0.9,0.2,-3.14,-3.14,-3.14,-3.14,1.0,0.0,18.0,0.0,0.9,0.2,2.64,2.64,2.64,2.64,1.0,0.0,18.0,0.0,0.9,0.2,1009.3,1009.3,1009.3,1009.3,1.0,0.0,18.0,0.0,0.9,0.2,2.0,2.0,2.0,2.0,1.0,0.0,18.0,0.0,0.9,0.2,-12.9,-12.9,-12.9,-12.9,1.0,0.0,18.0,0.0,0.9,0.2,10.8,10.8,10.8,10.8,1.0,0.0,18.0,0.0,0.9,0.2,-0.5,-0.5,-0.5,-0.5,1.0,0.0,18.0,0.0,0.9,0.2,-2.0,-2.0,-2.0,-2.0,1.0,0.0,18.0,0.0,0.9,0.2,3.93,3.93,3.93,3.93,1.0,0.0,18.0,0.0,0.9,0.2,16.1,16.1,16.1,16.1,1.0,0.0,18.0,0.0,0.9,0.2,-81.7,-81.7,-81.7,-81.7,1.0,0.0,18.0,0.0,0.9,0.2,68.5,68.5,68.5,68.5,1.0,0.0,18.0,0.0,0.9,0.2,-51.9,-51.9,-51.9,-51.9,1.0,0.0,18.0,0.0,0.9,0.2,43.6,43.6,43.6,43.6,1.0,0.0,18.0,0.0,0.9,0.2,-12.3,-12.3,-12.3,-12.3,1.0,0.0,18.0,0.0,0.9,0.2,10.4,10.4,10.4,10.4,1.0,0.0,18.0,0.0,0.9,0.2,69.0,69.0,69.0,69.0,1.0,0.0,18.0,0.0,0.9,0.2,70.0,70.0,70.0,70.0,1.0,0.0,18.0,0.0,0.9,0.2
1974,2,338.0,-6.0,27.75,27.85,27.95,27.85,2.0,0.21,18.0,0.5,0.2,0.5,26.72,28.05,29.38,28.05,2.0,2.76,18.0,0.5,0.2,0.5,18.43,18.5,18.56,18.5,2.0,0.13,18.0,0.5,0.2,0.5,72.4,78.8,85.2,78.8,2.0,13.3,18.0,0.5,0.5,4.18,4.35,4.52,4.35,2.0,0.35,18.0,0.5,0.2,0.5,-4.51,-4.32,-4.13,-4.32,2.0,0.4,18.0,0.5,0.2,0.5,0.11,0.36,0.6,0.36,2.0,0.5,18.0,0.5,0.2,0.5,1012.4,1013.25,1014.1,1013.25,2.0,1.77,18.0,0.5,0.2,0.5,1.0,1.0,1.0,1.0,2.0,0.0,18.0,0.5,0.2,0.5,-20.4,-18.9,-17.3,-18.9,2.0,3.3,18.0,0.5,0.2,0.5,0.5,1.5,2.5,1.5,2.0,2.1,18.0,0.5,0.2,0.5,-1.43,-0.2,1.03,-0.2,2.0,2.55,18.0,0.5,0.2,0.5,-5.7,-0.4,4.9,-0.4,2.0,11.0,18.0,0.5,0.2,0.5,4.73,4.95,5.18,4.95,2.0,0.46,18.0,0.5,0.2,0.5,21.3,21.5,21.6,21.5,2.0,0.3,18.0,0.5,0.2,0.5,-121.0,-120.6,-120.2,-120.6,2.0,0.8,18.0,0.5,0.2,0.5,3.4,10.7,18.0,10.7,2.0,15.1,18.0,0.5,0.2,0.5,-83.7,-79.9,-76.1,-79.9,2.0,7.9,18.0,0.5,0.2,0.5,2.1,6.6,11.0,6.6,2.0,9.3,18.0,0.5,0.2,0.5,-21.3,-21.3,-21.3,-21.3,2.0,0.0,18.0,0.5,0.2,0.5,0.6,1.9,3.2,1.9,2.0,2.7,18.0,0.5,0.2,0.5,73.5,83.0,93.0,83.0,2.0,20.0,18.0,0.5,0.2,0.5,75.0,85.0,95.0,85.0,2.0,20.0,18.0,0.5,0.2,0.5
1974,2,338.0,-5.0,28.5,28.5,28.5,28.5,1.0,0.0,14.0,1.0,0.6,0.8,26.58,26.75,26.92,26.75,2.0,0.35,14.0,1.0,0.8,0.6,17.32,17.36,17.41,17.36,2.0,0.1,14.0,1.0,0.8,0.6,78.3,79.2,80.2,79.2,2.0,2.0,14.0,1.0,0.6,3.6,3.6,3.6,3.6,2.0,0.0,14.0,1.0,0.8,0.6,-2.61,-2.28,-1.95,-2.28,2.0,0.68,14.0,1.0,0.8,0.6,2.44,2.72,2.99,2.72,2.0,0.57,14.0,1.0,0.8,0.6,1011.77,1012.35,1012.93,1012.35,2.0,1.2,14.0,1.0,0.8,0.6,1.3,2.0,2.7,2.0,2.0,1.4,14.0,1.0,0.8,0.6,-9.4,-8.2,-7.0,-8.2,2.0,2.4,14.0,1.0,0.8,0.6,8.8,9.8,10.8,9.8,2.0,2.0,14.0,1.0,0.8,0.6,2.0,2.0,2.0,2.0,1.0,0.0,14.0,1.0,0.6,0.8,7.2,7.2,7.2,7.2,1.0,0.0,14.0,1.0,0.6,0.8,6.98,6.98,6.98,6.98,1.0,0.0,14.0,1.0,0.6,0.8,25.1,25.1,25.1,25.1,1.0,0.0,14.0,1.0,0.6,0.8,-70.2,-61.1,-51.9,-61.1,2.0,18.9,14.0,1.0,0.8,0.6,65.7,72.5,79.4,72.5,2.0,14.2,14.0,1.0,0.8,0.6,-45.1,-39.5,-34.0,-39.5,2.0,11.5,14.0,1.0,0.8,0.6,42.3,47.2,52.1,47.2,2.0,10.1,14.0,1.0,0.8,0.6,-12.6,-12.6,-12.6,-12.6,1.0,0.0,14.0,1.0,0.6,0.8,21.8,21.8,21.8,21.8,1.0,0.0,14.0,1.0,0.6,0.8,46.5,46.5,46.5,46.5,2.0,0.0,14.0,1.0,0.8,0.6,45.0,45.0,45.0,45.0,2.0,0.0,14.0,1.0,0.8,0.6
1974,2,338.0,-4.0,26.04,27.0,28.23,27.13,3.0,1.6,10.0,0.3,0.7,0.4,25.26,25.6,25.6,25.43,3.0,0.29,10.0,0.3,0.7,0.4,17.26,17.71,18.23,17.74,3.0,0.71,10.0,0.3,0.7,0.4,84.0,86.1,90.5,87.2,3.0,4.9,10.0,0.3,0.4,4.56,5.55,6.54,5.55,2.0,2.05,14.0,0.5,0.5,0.2,-5.01,-4.25,-3.49,-4.25,2.0,1.57,14.0,0.5,0.5,0.2,2.93,3.57,4.2,3.57,2.0,1.32,14.0,0.5,0.5,0.2,1007.88,1008.7,1008.97,1008.43,3.0,0.83,10.0,0.3,0.7,0.4,2.0,4.0,5.4,3.7,3.0,2.5,10.0,0.3,0.7,0.4,-33.6,-25.2,-16.8,-25.2,2.0,17.4,14.0,0.5,0.5,0.2,14.1,21.2,28.2,21.2,2.0,14.6,14.0,0.5,0.5,0.2,0.6,1.9,2.79,1.7,3.0,1.61,10.0,0.3,0.7,0.4,13.1,13.2,13.3,13.2,2.0,0.1,14.0,0.5,0.5,0.2,3.23,3.93,6.61,4.9,3.0,2.62,10.0,0.3,0.7,0.4,28.2,29.9,31.5,29.9,2.0,3.3,14.0,0.5,0.5,0.2,-126.0,-107.5,-89.0,-107.5,2.0,38.3,14.0,0.5,0.5,0.2,74.7,90.2,105.7,90.2,2.0,32.2,14.0,0.5,0.5,0.2,-91.8,-76.3,-60.8,-76.3,2.0,32.2,14.0,0.5,0.5,0.2,51.0,64.0,77.0,64.0,2.0,27.0,14.0,0.5,0.5,0.2,-24.1,-22.9,-21.6,-22.9,2.0,2.6,14.0,0.5,0.5,0.2,18.2,19.2,20.2,19.2,2.0,2.1,14.0,0.5,0.5,0.2,112.5,206.0,299.5,206.0,2.0,194.0,14.0,0.5,0.5,0.2,110.0,205.0,300.0,205.0,2.0,195.0,14.0,0.5,0.5,0.2
1974,2,338.0,-3.0,27.0,27.0,27.0,27.0,1.0,0.0,6.0,1.0,0.6,0.1,27.0,27.0,27.0,27.0,1.0,0.0,6.0,1.0,0.6,0.1,19.22,19.22,19.22,19.22,1.0,0.0,6.0,1.0,0.6,0.1,86.2,86.2,86.2,86.2,1.0,0.0,6.0,1.0,0.1,7.0,7.0,7.0,7.0,1.0,0.0,6.0,1.0,0.6,0.1,-5.36,-5.36,-5.36,-5.36,1.0,0.0,6.0,1.0,0.6,0.1,4.5,4.5,4.5,4.5,1.0,0.0,6.0,1.0,0.6,0.1,1011.3,1011.3,1011.3,1011.3,1.0,0.0,6.0,1.0,0.6,0.1,7.0,7.0,7.0,7.0,1.0,0.0,6.0,1.0,0.6,0.1,-37.5,-37.5,-37.5,-37.5,1.0,0.0,6.0,1.0,0.6,0.1,31.5,31.5,31.5,31.5,1.0,0.0,6.0,1.0,0.6,0.1,0.0,0.0,0.0,0.0,1.0,0.0,6.0,1.0,0.6,0.1,0.0,0.0,0.0,0.0,1.0,0.0,6.0,1.0,0.6,0.1,3.12,3.12,3.12,3.12,1.0,0.0,6.0,1.0,0.6,0.1,21.8,21.8,21.8,21.8,1.0,0.0,6.0,1.0,0.6,0.1,-144.8,-144.8,-144.8,-144.8,1.0,0.0,6.0,1.0,0.6,0.1,121.5,121.5,121.5,121.5,1.0,0.0,6.0,1.0,0.6,0.1,-103.1,-103.1,-103.1,-103.1,1.0,0.0,6.0,1.0,0.6,0.1,86.5,86.5,86.5,86.5,1.0,0.0,6.0,1.0,0.6,0.1,-16.7,-16.7,-16.7,-16.7,1.0,0.0,6.0,1.0,0.6,0.1,14.0,14.0,14.0,14.0,1.0,0.0,6.0,1.0,0.6,0.1,343.0,343.0,343.0,343.0,1.0,0.0,6.0,1.0,0.6,0.1,345.0,345.0,345.0,345.0,1.0,0.0,6.0,1.0,0.6,0.1
1974,2,338.0,-2.0,26.99,27.2,27.78,27.38,4.0,0.64,8.0,0.5,0.5,0.6,27.11,28.0,30.53,28.8,3.0,2.59,10.0,0.7,0.4,0.7,17.98,19.16,19.63,18.81,3.0,1.25,10.0,0.7,0.4,0.7,69.6,73.8,83.0,76.2,3.0,10.0,10.0,0.7,0.7,1.96,5.1,5.85,3.93,3.0,3.02,10.0,0.7,0.4,0.7,-5.19,-4.79,-1.4,-3.33,3.0,3.05,10.0,0.7,0.4,0.7,-2.67,-1.74,-0.23,-1.46,3.0,1.8,10.0,0.7,0.4,0.7,1008.79,1009.8,1010.92,1009.85,4.0,1.28,8.0,0.5,0.5,0.6,5.0,6.0,7.5,6.3,4.0,1.5,8.0,0.5,0.5,0.6,-30.5,-24.4,-7.7,-19.2,3.0,17.3,10.0,0.7,0.4,0.7,-15.9,-8.9,-2.7,-9.3,3.0,9.7,10.0,0.7,0.4,0.7,-2.98,0.3,0.44,-1.23,3.0,2.83,10.0,0.7,0.4,0.7,-15.6,0.2,2.2,-6.6,3.0,14.3,10.0,0.7,0.4,0.7,3.03,3.51,5.68,4.34,3.0,2.07,10.0,0.7,0.4,0.7,6.8,14.3,19.4,13.1,3.0,9.3,10.0,0.7,0.4,0.7,-149.2,-143.4,-42.2,-96.8,3.0,88.1,10.0,0.7,0.4,0.7,-74.0,-55.3,-8.6,-41.6,3.0,49.4,10.0,0.7,0.4,0.7,-100.4,-95.1,-28.2,-65.0,3.0,59.0,10.0,0.7,0.4,0.7,-51.5,-34.6,-5.4,-28.6,3.0,34.2,10.0,0.7,0.4,0.7,-17.1,-13.4,-3.5,-10.4,3.0,10.3,10.0,0.7,0.4,0.7,-9.0,-4.9,0.6,-4.2,3.0,7.0,10.0,0.7,0.4,0.7,42.0,132.5,205.0,123.5,3.0,119.5,10.0,0.7,0.4,0.7,40.0,135.0,205.0,125.0,3.0,120.0,10.0,0.7,0.4,0.7
1974,2,338.0,-1.0,,,,,,,,,,,,,,,,,,,,,,,,,,,,,,,,,,,,,,,,4.0,4.0,4.0,4.0,1.0,0.0,4.0,1.0,0.2,0.8,-3.06,-3.06,-3.06,-3.06,1.0,0.0,4.0,1.0,0.2,0.8,2.57,2.57,2.57,2.57,1.0,0.0,4.0,1.0,0.2,0.8,1009.4,1009.4,1009.4,1009.4,1.0,0.0,4.0,1.0,0.2,0.8,,,,,,,,,,,,,,,,,,,,,,,,,,,,,,,,,,,,,,,,,,,,,,,,,,,,,,,,,,,,,,,,,,,,,,,,,,,,,,,,,,,,,,,,,,,,,,,,,,,,,,,,,,,,,,,,,,,,,,,,,,,,,,,,,,,,,,,,,,,,,,,,,,,,,,
1974,2,338.0,0.0,,,,,,,,,,,,,,,,,,,,,,,,,,,,,,,,,,,,,,,,3.75,5.15,6.55,5.15,2.0,2.9,22.0,1.0,0.3,0.3,-5.94,-4.16,-2.38,-4.16,2.0,3.69,22.0,1.0,0.3,0.3,-1.65,0.11,1.87,0.11,2.0,3.64,22.0,1.0,0.3,0.3,1008.06,1009.25,1010.44,1009.25,2.0,2.47,22.0,1.0,0.3,0.3,,,,,,,,,,,,,,,,,,,,,,,,,,,,,,,,,,,,,,,,,,,,,,,,,,,,,,,,,,,,,,,,,,,,,,,,,,,,,,,,,,,,,,,,,,,,,,,,,,,,,,,,,,,,,,,,,,,,,,,,,,,,,,,,,,,,,,,,,,,,,,,,,,,,,,
1974,2,338.0,1.0,27.74,28.4,29.17,28.45,4.0,0.88,12.0,0.8,0.4,0.3,27.13,27.4,27.6,27.37,3.0,0.35,16.0,0.7,0.5,0.3,17.26,17.33,17.69,17.47,3.0,0.34,16.0,0.7,0.5,0.3,75.9,76.5,77.4,76.6,3.0,1.1,16.0,0.7,0.3,1.61,4.0,4.75,3.2,3.0,2.4,10.0,1.0,0.4,0.3,-3.17,-2.55,-0.87,-2.03,3.0,1.75,10.0,1.0,0.4,0.3,0.3,2.0,3.65,1.97,3.0,2.45,10.0,1.0,0.4,0.3,1006.4,1009.15,1010.9,1008.68,4.0,2.71,12.0,0.8,0.4,0.3,3.5,4.0,6.1,4.8,4.0,2.2,12.0,0.8,0.4,0.3,-13.6,-13.0,-4.2,-9.0,3.0,7.7,10.0,1.0,0.4,0.3,2.4,8.0,17.9,10.1,3.0,11.5,10.0,1.0,0.4,0.3,0.69,1.1,1.78,1.23,3.0,0.81,16.0,0.7,0.5,0.3,1.8,3.3,4.9,3.3,2.0,3.2,12.0,1.0,0.4,0.4,6.15,7.14,8.19,7.17,3.0,1.5,16.0,0.7,0.5,0.3,9.4,20.4,31.3,20.4,2.0,22.7,12.0,1.0,0.4,0.4,-59.8,-36.5,-13.2,-36.5,2.0,48.3,12.0,1.0,0.4,0.4,8.1,54.4,100.8,54.4,2.0,96.1,12.0,1.0,0.4,0.4,-38.6,-23.5,-8.5,-23.5,2.0,31.1,12.0,1.0,0.4,0.4,5.4,35.2,65.0,35.2,2.0,61.8,12.0,1.0,0.4,0.4,-15.4,-9.5,-3.5,-9.5,2.0,12.3,12.0,1.0,0.4,0.4,1.4,13.6,25.8,13.6,2.0,25.3,12.0,1.0,0.4,0.4,20.5,64.0,111.0,65.5,3.0,66.5,10.0,1.0,0.4,0.3,20.0,65.0,110.0,65.0,3.0,65.0,10.0,1.0,0.4,0.3
1974,2,338.0,2.0,,,,,,,,,,,,,,,,,,,,,,,,,,,,,,,,,,,,,,,,1.74,2.25,2.76,2.25,2.0,1.06,4.0,0.0,0.6,0.4,-2.41,-2.0,-1.6,-2.0,2.0,0.84,4.0,0.0,0.6,0.4,0.67,1.01,1.34,1.01,2.0,0.7,4.0,0.0,0.6,0.4,1008.37,1009.15,1009.94,1009.15,2.0,1.63,4.0,0.0,0.6,0.4,,,,,,,,,,,,,,,,,,,,,,,,,,,,,,,,,,,,,,,,,,,,,,,,,,,,,,,,,,,,,,,,,,,,,,,,,,,,,,,,,,,,,,,,,,,,,,,,,,,,,,,,,,,,,,,,,,,,,,,,,,,,,,,,,,,,,,,,,,,,,,,,,,,,,,
1974,2,338.0,3.0,26.91,27.35,27.79,27.35,2.0,0.92,6.0,0.0,0.6,0.0,26.95,27.5,28.05,27.5,2.0,1.13,6.0,0.0,0.6,0.0,16.53,16.53,16.53,16.53,1.0,0.0,6.0,0.0,0.4,0.0,75.4,75.4,75.4,75.4,1.0,0.0,6.0,0.0,0.0,2.02,2.05,2.08,2.05,2.0,0.07,6.0,0.0,0.6,0.0,-1.9,-1.75,-1.6,-1.75,2.0,0.31,6.0,0.0,0.6,0.0,-1.2,-1.0,-0.81,-1.0,2.0,0.4,6.0,0.0,0.6,0.0,1008.34,1008.65,1008.96,1008.65,2.0,0.64,6.0,0.0,0.6,0.0,,,,,,,,,,,,,,,,,,,,,,,,,,,,,,,-0.25,-0.15,-0.05,-0.15,2.0,0.21,6.0,0.0,0.6,0.0,-0.5,-0.3,-0.1,-0.3,2.0,0.4,6.0,0.0,0.6,0.0,5.46,5.46,5.46,5.46,1.0,0.0,6.0,0.0,0.4,0.0,11.5,11.5,11.5,11.5,1.0,0.0,6.0,0.0,0.4,0.0,-51.2,-48.0,-44.8,-48.0,2.0,6.6,6.0,0.0,0.6,0.0,-33.7,-27.8,-21.9,-27.8,2.0,12.2,6.0,0.0,0.6,0.0,-32.6,-32.6,-32.6,-32.6,1.0,0.0,6.0,0.0,0.4,0.0,-11.9,-11.9,-11.9,-11.9,1.0,0.0,6.0,0.0,0.4,0.0,-10.8,-10.8,-10.8,-10.8,1.0,0.0,6.0,0.0,0.4,0.0,-3.9,-3.9,-3.9,-3.9,1.0,0.0,6.0,0.0,0.4,0.0,8.0,8.5,9.0,8.5,2.0,1.0,6.0,0.0,0.6,0.0,10.0,10.0,10.0,10.0,2.0,0.0,6.0,0.0,0.6,0.0
1974,2,338.0,4.0,27.86,28.0,28.14,28.0,3.0,0.2,12.0,0.7,0.9,0.5,26.34,28.8,29.76,28.07,3.0,2.58,12.0,0.7,0.9,0.5,15.49,15.49,15.49,15.49,1.0,0.0,26.0,0.0,1.0,0.5,77.5,77.5,77.5,77.5,1.0,0.0,26.0,0.0,0.5,1.35,2.1,3.4,2.37,3.0,1.52,12.0,0.7,0.9,0.5,-1.42,-0.17,1.19,-0.12,3.0,1.91,12.0,0.7,0.9,0.5,-2.7,-1.05,-1.01,-1.83,3.0,1.41,12.0,0.7,0.9,0.5,1008.62,1010.6,1011.9,1010.27,3.0,2.42,12.0,0.7,0.9,0.5,4.3,7.0,7.7,6.0,3.0,2.6,12.0,0.7,0.9,0.5,-5.5,-0.2,2.6,-1.5,3.0,6.0,12.0,0.7,0.9,0.5,-10.2,-2.2,-1.4,-5.7,3.0,7.1,12.0,0.7,0.9,0.5,-1.69,-0.6,1.58,-0.07,3.0,2.44,12.0,0.7,0.9,0.5,-2.3,-2.2,3.0,0.3,3.0,4.5,12.0,0.7,0.9,0.5,7.91,7.91,7.91,7.91,1.0,0.0,26.0,0.0,1.0,0.5,16.6,16.6,16.6,16.6,1.0,0.0,26.0,0.0,1.0,0.5,-41.0,-5.2,29.6,-5.7,3.0,51.7,12.0,0.7,0.9,0.5,-77.5,-29.7,-27.5,-52.0,3.0,41.4,12.0,0.7,0.9,0.5,28.2,28.2,28.2,28.2,1.0,0.0,26.0,0.0,1.0,0.5,-16.3,-16.3,-16.3,-16.3,1.0,0.0,26.0,0.0,1.0,0.5,14.4,14.4,14.4,14.4,1.0,0.0,26.0,0.0,1.0,0.5,-8.3,-8.3,-8.3,-8.3,1.0,0.0,26.0,0.0,1.0,0.5,3.5,9.5,46.5,25.0,3.0,34.0,12.0,0.7,0.9,0.5,5.0,10.0,45.0,25.0,3.0,35.0,12.0,0.7,0.9,0.5
1974,2,338.0,5.0,26.82,27.3,27.78,27.3,2.0,0.99,8.0,0.0,0.8,0.7,25.89,26.95,28.01,26.95,2.0,2.19,8.0,0.0,0.8,0.7,16.89,16.89,16.89,16.89,1.0,0.0,10.0,0.0,0.6,0.7,83.0,83.0,83.0,83.0,1.0,0.0,10.0,0.0,0.7,1.58,1.75,1.92,1.75,2.0,0.35,8.0,0.0,0.8,0.7,-0.25,-0.04,0.16,-0.04,2.0,0.43,8.0,0.0,0.8,0.7,-1.89,-1.72,-1.56,-1.72,2.0,0.35,8.0,0.0,0.8,0.7,1006.74,1008.75,1010.76,1008.75,2.0,4.17,8.0,0.0,0.8,0.7,1.3,4.0,6.7,4.0,2.0,5.7,8.0,0.0,0.8,0.7,-0.5,-0.2,0.2,-0.2,2.0,0.8,8.0,0.0,0.8,0.7,-3.7,-3.1,-2.5,-3.1,2.0,1.2,8.0,0.0,0.8,0.7,-0.23,0.35,0.93,0.35,2.0,1.2,8.0,0.0,0.8,0.7,-0.6,0.4,1.4,0.4,2.0,2.0,8.0,0.0,0.8,0.7,5.03,5.03,5.03,5.03,1.0,0.0,10.0,0.0,0.6,0.7,7.6,7.6,7.6,7.6,1.0,0.0,10.0,0.0,0.6,0.7,-7.3,-1.6,4.0,-1.6,2.0,11.7,8.0,0.0,0.8,0.7,-53.2,-46.8,-40.5,-46.8,2.0,13.2,8.0,0.0,0.8,0.7,4.4,4.4,4.4,4.4,1.0,0.0,10.0,0.0,0.6,0.7,-25.0,-25.0,-25.0,-25.0,1.0,0.0,10.0,0.0,0.6,0.7,1.3,1.3,1.3,1.3,1.0,0.0,10.0,0.0,0.6,0.7,-7.4,-7.4,-7.4,-7.4,1.0,0.0,10.0,0.0,0.6,0.7,4.0,5.5,7.5,5.5,2.0,3.5,8.0,0.0,0.8,0.7,5.0,5.0,5.0,5.0,2.0,5.0,8.0,0.0,0.8,0.7
1974,2,338.0,6.0,24.4,24.4,24.4,24.4,1.0,0.0,28.0,1.0,0.7,0.4,26.0,26.0,26.0,26.0,1.0,0.0,28.0,1.0,0.7,0.4,14.59,14.59,14.59,14.59,1.0,0.0,28.0,1.0,0.7,0.4,69.5,69.5,69.5,69.5,1.0,0.0,28.0,1.0,0.4,1.0,1.0,1.0,1.0,1.0,0.0,28.0,1.0,0.7,0.4,-0.77,-0.77,-0.77,-0.77,1.0,0.0,28.0,1.0,0.7,0.4,-0.64,-0.64,-0.64,-0.64,1.0,0.0,28.0,1.0,0.7,0.4,1010.0,1010.0,1010.0,1010.0,1.0,0.0,28.0,1.0,0.7,0.4,2.0,2.0,2.0,2.0,1.0,0.0,28.0,1.0,0.7,0.4,-0.8,-0.8,-0.8,-0.8,1.0,0.0,28.0,1.0,0.7,0.4,-0.6,-0.6,-0.6,-0.6,1.0,0.0,28.0,1.0,0.7,0.4,-1.6,-1.6,-1.6,-1.6,1.0,0.0,28.0,1.0,0.7,0.4,-1.6,-1.6,-1.6,-1.6,1.0,0.0,28.0,1.0,0.7,0.4,4.54,4.54,4.54,4.54,1.0,0.0,28.0,1.0,0.7,0.4,4.5,4.5,4.5,4.5,1.0,0.0,28.0,1.0,0.7,0.4,-19.9,-19.9,-19.9,-19.9,1.0,0.0,28.0,1.0,0.7,0.4,-16.7,-16.7,-16.7,-16.7,1.0,0.0,28.0,1.0,0.7,0.4,-11.2,-11.2,-11.2,-11.2,1.0,0.0,28.0,1.0,0.7,0.4,-9.4,-9.4,-9.4,-9.4,1.0,0.0,28.0,1.0,0.7,0.4,-3.5,-3.5,-3.5,-3.5,1.0,0.0,28.0,1.0,0.7,0.4,-2.9,-2.9,-2.9,-2.9,1.0,0.0,28.0,1.0,0.7,0.4,1.0,1.0,1.0,1.0,1.0,0.0,28.0,1.0,0.7,0.4,0.0,0.0,0.0,0.0,1.0,0.0,28.0,1.0,0.7,0.4
1974,2,338.0,7.0,25.6,25.6,25.6,25.6,1.0,0.0,10.0,0.0,0.4,0.3,24.4,24.4,24.4,24.4,1.0,0.0,10.0,0.0,0.4,0.3,15.92,15.92,15.92,15.92,1.0,0.0,10.0,0.0,0.4,0.3,83.4,83.4,83.4,83.4,1.0,0.0,10.0,0.0,0.3,6.2,6.2,6.2,6.2,1.0,0.0,10.0,0.0,0.4,0.3,-2.12,-2.12,-2.12,-2.12,1.0,0.0,10.0,0.0,0.4,0.3,-5.83,-5.83,-5.83,-5.83,1.0,0.0,10.0,0.0,0.4,0.3,1009.8,1009.8,1009.8,1009.8,1.0,0.0,10.0,0.0,0.4,0.3,8.0,8.0,8.0,8.0,1.0,0.0,10.0,0.0,0.4,0.3,-13.1,-13.1,-13.1,-13.1,1.0,0.0,10.0,0.0,0.4,0.3,-36.1,-36.1,-36.1,-36.1,1.0,0.0,10.0,0.0,0.4,0.3,1.2,1.2,1.2,1.2,1.0,0.0,10.0,0.0,0.4,0.3,7.4,7.4,7.4,7.4,1.0,0.0,10.0,0.0,0.4,0.3,4.65,4.65,4.65,4.65,1.0,0.0,10.0,0.0,0.4,0.3,28.8,28.8,28.8,28.8,1.0,0.0,10.0,0.0,0.4,0.3,-51.7,-51.7,-51.7,-51.7,1.0,0.0,10.0,0.0,0.4,0.3,-142.2,-142.2,-142.2,-142.2,1.0,0.0,10.0,0.0,0.4,0.3,-33.8,-33.8,-33.8,-33.8,1.0,0.0,10.0,0.0,0.4,0.3,-92.7,-92.7,-92.7,-92.7,1.0,0.0,10.0,0.0,0.4,0.3,-9.9,-9.9,-9.9,-9.9,1.0,0.0,10.0,0.0,0.4,0.3,-27.1,-27.1,-27.1,-27.1,1.0,0.0,10.0,0.0,0.4,0.3,238.5,238.5,238.5,238.5,1.0,0.0,10.0,0.0,0.4,0.3,240.0,240.0,240.0,240.0,1.0,0.0,10.0,0.0,0.4,0.3
1974,2,338.0,8.0,24.57,26.0,26.68,25.63,3.0,1.58,26.0,0.3,0.6,0.6,22.03,22.3,22.3,22.17,3.0,0.23,26.0,0.3,0.6,0.6,13.82,13.87,13.92,13.87,2.0,0.11,24.0,0.5,0.5,0.7,83.3,83.6,84.0,83.6,2.0,0.7,24.0,0.5,0.7,6.44,6.95,7.46,6.95,2.0,1.06,24.0,0.5,0.5,0.7,-3.35,-1.99,-0.63,-1.99,2.0,2.82,24.0,0.5,0.5,0.7,-7.23,-6.22,-5.22,-6.22,2.0,2.09,24.0,0.5,0.5,0.7,1009.84,1011.0,1011.55,1010.7,3.0,1.28,26.0,0.3,0.6,0.6,1.3,2.0,2.0,1.7,3.0,0.6,26.0,0.3,0.6,0.6,-20.8,-12.4,-3.9,-12.4,2.0,17.5,24.0,0.5,0.5,0.7,-54.6,-44.4,-34.2,-44.4,2.0,21.1,24.0,0.5,0.5,0.7,2.54,3.7,4.38,3.47,3.0,1.37,26.0,0.3,0.6,0.6,15.0,20.4,25.9,20.4,2.0,11.4,24.0,0.5,0.5,0.7,5.14,5.94,6.73,5.94,2.0,1.64,24.0,0.5,0.5,0.7,33.6,42.1,50.7,42.1,2.0,17.7,24.0,0.5,0.5,0.7,-73.4,-43.6,-13.9,-43.6,2.0,61.7,24.0,0.5,0.5,0.7,-161.0,-137.9,-114.8,-137.9,2.0,47.9,24.0,0.5,0.5,0.7,-46.3,-27.5,-8.7,-27.5,2.0,38.9,24.0,0.5,0.5,0.7,-100.7,-86.5,-72.2,-86.5,2.0,29.6,24.0,0.5,0.5,0.7,-16.0,-9.5,-3.0,-9.5,2.0,13.4,24.0,0.5,0.5,0.7,-49.6,-38.7,-27.7,-38.7,2.0,22.6,24.0,0.5,0.5,0.7,273.0,347.5,422.0,347.5,2.0,154.5,24.0,0.5,0.5,0.7,275.0,345.0,420.0,345.0,2.0,155.0,24.0,0.5,0.5,0.7
1974,2,338.0,10.0,22.11,23.0,23.96,23.03,3.0,1.35,16.0,0.3,0.6,0.7,20.76,21.1,21.85,21.3,3.0,0.82,16.0,0.3,0.6,0.7,12.17,14.2,14.39,13.3,3.0,1.8,16.0,0.3,0.6,0.7,76.8,86.8,91.7,84.3,3.0,11.1,16.0,0.3,0.7,5.93,7.7,9.47,7.7,3.0,2.6,16.0,0.3,0.6,0.7,-6.22,-2.63,0.35,-2.93,3.0,4.82,16.0,0.3,0.6,0.7,-7.04,-6.62,-5.37,-6.22,3.0,1.27,16.0,0.3,0.6,0.7,1011.29,1011.9,1011.97,1011.63,3.0,0.55,16.0,0.3,0.6,0.7,0.6,2.0,3.4,2.0,2.0,2.8,14.0,0.5,0.8,0.6,-61.9,-20.3,-0.4,-30.9,3.0,46.0,16.0,0.3,0.6,0.7,-64.2,-55.7,-34.4,-49.4,3.0,22.5,16.0,0.3,0.6,0.7,1.11,2.2,2.34,1.73,3.0,0.99,16.0,0.3,0.6,0.7,7.8,11.2,16.2,12.0,3.0,6.2,16.0,0.3,0.6,0.7,3.74,4.63,4.85,4.3,3.0,0.86,16.0,0.3,0.6,0.7,24.2,25.6,43.0,33.4,3.0,15.3,16.0,0.3,0.6,0.7,-130.9,-54.3,9.2,-60.7,3.0,102.8,16.0,0.3,0.6,0.7,-146.1,-139.7,-117.0,-131.7,3.0,22.4,16.0,0.3,0.6,0.7,-72.3,-37.4,5.4,-33.6,3.0,57.0,16.0,0.3,0.6,0.7,-93.7,-74.3,-71.0,-82.1,3.0,18.0,16.0,0.3,0.6,0.7,-29.5,-8.8,2.7,-13.3,3.0,23.9,16.0,0.3,0.6,0.7,-30.1,-24.1,-22.8,-26.4,3.0,5.7,16.0,0.3,0.6,0.7,235.5,456.5,891.0,560.5,3.0,488.5,16.0,0.3,0.6,0.7,235.0,455.0,890.0,560.0,3.0,490.0,16.0,0.3,0.6,0.7
1974,2,338.0,11.0,21.73,21.8,22.35,22.03,3.0,0.49,22.0,0.3,0.7,0.5,21.06,21.2,23.11,22.07,3.0,1.68,22.0,0.3,0.7,0.5,11.8,12.12,12.43,12.12,2.0,0.65,26.0,0.0,0.5,0.7,76.2,77.9,79.6,77.9,2.0,3.5,26.0,0.0,0.7,6.68,7.7,8.59,7.63,3.0,1.4,22.0,0.3,0.7,0.5,-2.61,-1.56,-0.5,-1.55,3.0,1.55,22.0,0.3,0.7,0.5,-8.49,-7.7,-6.11,-7.31,3.0,1.78,22.0,0.3,0.7,0.5,1011.3,1012.8,1013.07,1012.2,3.0,1.4,22.0,0.3,0.7,0.5,0.0,0.0,1.4,0.7,3.0,1.2,22.0,0.3,0.7,0.5,-17.6,-14.1,-4.5,-11.1,3.0,9.9,22.0,0.3,0.7,0.5,-73.3,-59.3,-41.5,-57.4,3.0,23.3,22.0,0.3,0.7,0.5,-0.8,0.5,0.7,-0.03,3.0,1.19,22.0,0.3,0.7,0.5,-7.4,3.9,4.6,-1.3,3.0,9.8,22.0,0.3,0.7,0.5,3.75,4.1,4.45,4.1,2.0,0.73,26.0,0.0,0.5,0.7,27.8,28.1,28.4,28.1,2.0,0.7,26.0,0.0,0.5,0.7,-56.3,-37.5,-11.9,-34.2,3.0,32.7,22.0,0.3,0.7,0.5,-197.0,-163.2,-128.8,-162.9,3.0,50.0,22.0,0.3,0.7,0.5,-30.4,-18.1,-5.7,-18.1,2.0,25.5,26.0,0.0,0.5,0.7,-91.4,-79.7,-68.0,-79.7,2.0,24.2,26.0,0.0,0.5,0.7,-12.0,-7.2,-2.3,-7.2,2.0,10.1,26.0,0.0,0.5,0.7,-27.1,-26.2,-25.2,-26.2,2.0,2.0,26.0,0.0,0.5,0.7,307.5,456.5,642.5,474.5,3.0,246.0,22.0,0.3,0.7,0.5,310.0,455.0,645.0,475.0,3.0,245.0,22.0,0.3,0.7,0.5
1974,2,338.0,12.0,20.38,21.2,21.95,21.17,3.0,1.15,12.0,1.0,0.3,0.7,20.99,22.25,23.35,22.18,4.0,1.37,14.0,0.8,0.3,0.5,12.25,12.66,13.03,12.64,3.0,0.57,12.0,1.0,0.3,0.7,69.6,74.4,78.9,74.2,3.0,6.8,12.0,1.0,0.7,7.94,8.45,9.01,8.48,4.0,0.68,14.0,0.8,0.3,0.5,-4.83,-2.98,-1.47,-3.14,4.0,1.96,14.0,0.8,0.3,0.5,-8.41,-7.56,-6.88,-7.64,4.0,1.18,14.0,0.8,0.3,0.5,1010.93,1012.1,1014.11,1012.5,4.0,2.04,14.0,0.8,0.3,0.5,1.0,5.0,8.0,4.5,4.0,4.1,14.0,0.8,0.3,0.5,-40.7,-26.4,-12.5,-26.6,4.0,16.4,14.0,0.8,0.3,0.5,-75.8,-62.0,-54.8,-65.2,4.0,14.5,14.0,0.8,0.3,0.5,-2.99,-2.1,0.08,-1.47,3.0,2.32,12.0,1.0,0.3,0.7,-25.3,-16.2,1.0,-12.2,3.0,19.6,12.0,1.0,0.3,0.7,2.46,2.52,3.61,3.02,3.0,0.95,12.0,1.0,0.3,0.7,19.7,21.9,30.0,24.8,3.0,7.9,12.0,1.0,0.3,0.7,-107.0,-67.7,-32.3,-69.6,4.0,43.2,14.0,0.8,0.3,0.5,-183.9,-176.5,-153.7,-169.2,4.0,24.9,14.0,0.8,0.3,0.5,-62.2,-52.5,-28.7,-45.6,3.0,25.2,12.0,1.0,0.3,0.7,-97.2,-90.9,-83.1,-90.2,3.0,10.3,12.0,1.0,0.3,0.7,-18.3,-11.0,-5.7,-12.0,3.0,9.3,12.0,1.0,0.3,0.7,-23.7,-19.0,-18.6,-21.1,3.0,4.1,12.0,1.0,0.3,0.7,501.5,605.0,735.0,617.5,4.0,149.5,14.0,0.8,0.3,0.5,500.0,605.0,735.0,620.0,4.0,150.0,14.0,0.8,0.3,0.5
1974,2,338.0,13.0,20.07,21.5,21.84,20.97,3.0,1.38,22.0,0.7,0.5,0.5,21.13,21.4,21.95,21.53,3.0,0.61,22.0,0.7,0.5,0.5,11.49,11.49,11.49,11.49,1.0,0.0,20.0,1.0,1.0,0.2,69.2,69.2,69.2,69.2,1.0,0.0,20.0,1.0,0.2,6.9,11.0,12.3,9.63,3.0,4.12,22.0,0.7,0.5,0.5,-6.87,-6.45,-1.45,-4.22,3.0,4.42,22.0,0.7,0.5,0.5,-10.3,-8.43,-6.04,-8.17,3.0,3.13,22.0,0.7,0.5,0.5,1014.78,1015.6,1016.62,1015.7,3.0,1.35,22.0,0.7,0.5,0.5,0.0,0.0,0.0,0.0,3.0,0.0,22.0,0.7,0.5,0.5,-81.5,-77.8,-21.7,-52.2,3.0,49.1,22.0,0.7,0.5,0.5,-127.8,-92.7,-46.2,-87.1,3.0,59.9,22.0,0.7,0.5,0.5,-1.88,0.1,0.71,-0.57,3.0,1.99,22.0,0.7,0.5,0.5,-24.5,0.5,7.7,-8.2,3.0,24.7,22.0,0.7,0.5,0.5,2.5,2.5,2.5,2.5,1.0,0.0,20.0,1.0,1.0,0.2,32.2,32.2,32.2,32.2,1.0,0.0,20.0,1.0,1.0,0.2,-146.8,-143.2,-32.8,-91.0,3.0,95.0,22.0,0.7,0.5,0.5,-225.5,-177.0,-128.1,-176.8,3.0,71.3,22.0,0.7,0.5,0.5,-74.1,-74.1,-74.1,-74.1,1.0,0.0,20.0,1.0,1.0,0.2,-128.3,-128.3,-128.3,-128.3,1.0,0.0,20.0,1.0,1.0,0.2,-16.1,-16.1,-16.1,-16.1,1.0,0.0,20.0,1.0,1.0,0.2,-27.9,-27.9,-27.9,-27.9,1.0,0.0,20.0,1.0,1.0,0.2,508.0,1331.0,1888.0,1201.0,3.0,1017.0,22.0,0.7,0.5,0.5,510.0,1330.0,1890.0,1200.0,3.0,1015.0,22.0,0.7,0.5,0.5
1974,2,338.0,15.0,21.19,21.8,22.73,22.02,5.0,1.18,22.0,0.4,0.5,0.3,20.1,20.85,21.81,20.95,4.0,1.01,24.0,0.3,0.4,0.3,12.12,12.46,12.8,12.46,2.0,0.71,20.0,0.0,0.1,0.5,82.6,85.3,88.1,85.3,2.0,5.7,20.0,0.0,0.5,3.11,9.8,11.3,7.27,3.0,6.39,18.0,0.3,0.4,0.5,-5.65,-4.9,-1.56,-3.63,3.0,3.19,18.0,0.3,0.4,0.5,-9.79,-8.49,-2.69,-6.29,3.0,5.53,18.0,0.3,0.4,0.5,1013.83,1014.7,1015.6,1014.7,5.0,1.21,22.0,0.4,0.5,0.3,0.0,1.0,4.0,1.8,5.0,2.0,22.0,0.4,0.5,0.3,-64.4,-48.0,-15.2,-40.0,3.0,36.7,18.0,0.3,0.4,0.5,-111.5,-83.2,-26.4,-69.3,3.0,63.5,18.0,0.3,0.4,0.5,-0.4,0.5,1.56,0.58,4.0,1.15,24.0,0.3,0.4,0.3,2.0,6.4,10.7,6.4,2.0,9.0,20.0,0.0,0.2,0.6,3.05,3.65,4.24,3.65,2.0,1.23,20.0,0.0,0.1,0.5,27.2,27.2,27.2,27.2,1.0,0.0,14.0,0.0,0.1,0.9,-82.4,-49.0,-15.6,-49.0,2.0,69.3,20.0,0.0,0.2,0.6,-142.8,-84.9,-26.9,-84.9,2.0,120.0,20.0,0.0,0.2,0.6,-63.5,-63.5,-63.5,-63.5,1.0,0.0,14.0,0.0,0.1,0.9,-110.0,-110.0,-110.0,-110.0,1.0,0.0,14.0,0.0,0.1,0.9,-13.6,-13.6,-13.6,-13.6,1.0,0.0,14.0,0.0,0.1,0.9,-23.6,-23.6,-23.6,-23.6,1.0,0.0,14.0,0.0,0.1,0.9,298.5,941.0,1478.5,889.5,3.0,865.0,18.0,0.3,0.4,0.5,300.0,940.0,1480.0,890.0,3.0,865.0,18.0,0.3,0.4,0.5
1974,2,338.0,16.0,20.0,20.65,21.66,21.07,10.0,1.52,16.0,0.8,0.5,0.3,20.0,21.45,22.66,21.24,10.0,1.59,16.0,0.8,0.5,0.3,11.67,12.01,12.7,12.04,7.0,0.53,16.0,0.9,0.5,0.3,71.4,76.6,85.2,79.5,7.0,10.2,16.0,0.9,0.3,1.71,9.3,11.87,7.68,10.0,4.74,16.0,0.8,0.5,0.3,-7.49,-5.98,-0.74,-4.97,10.0,3.79,16.0,0.8,0.5,0.3,-8.93,-6.7,-0.32,-5.04,10.0,4.24,16.0,0.8,0.5,0.3,1013.69,1014.7,1017.81,1015.66,10.0,3.06,16.0,0.8,0.5,0.3,0.0,1.0,4.1,1.8,10.0,2.2,16.0,0.8,0.5,0.3,-93.6,-55.6,-1.5,-52.9,10.0,43.8,16.0,0.8,0.5,0.3,-105.7,-58.9,-0.5,-54.0,10.0,49.5,16.0,0.8,0.5,0.3,-1.79,-0.2,1.59,-0.17,10.0,1.52,16.0,0.8,0.5,0.3,-15.9,-1.1,17.5,-0.7,10.0,15.2,16.0,0.8,0.5,0.3,1.97,3.06,3.47,2.86,7.0,0.8,16.0,0.9,0.5,0.3,15.3,26.6,44.6,26.9,7.0,15.7,16.0,0.9,0.5,0.3,-157.3,-122.5,-17.1,-105.8,10.0,81.5,16.0,0.8,0.5,0.3,-187.4,-131.6,-6.7,-105.8,10.0,89.4,16.0,0.8,0.5,0.3,-101.3,-75.9,-55.7,-71.4,7.0,45.2,16.0,0.9,0.5,0.3,-119.1,-90.5,-22.7,-75.4,7.0,44.5,16.0,0.9,0.5,0.3,-28.6,-17.1,-9.5,-16.8,7.0,12.0,16.0,0.9,0.5,0.3,-34.4,-14.1,-5.1,-18.6,7.0,14.7,16.0,0.9,0.5,0.3,5.5,804.5,1682.0,862.0,10.0,768.5,16.0,0.8,0.5,0.3,5.0,805.0,1680.0,860.0,10.0,770.0,16.0,0.8,0.5,0.3
1974,2,338.0,17.0,20.25,21.0,24.73,22.06,9.0,2.07,12.0,0.6,0.4,0.5,19.56,20.0,22.27,20.65,10.0,1.63,14.0,0.5,0.4,0.5,11.34,12.46,12.7,11.88,6.0,1.48,16.0,0.3,0.3,0.4,78.2,84.5,86.7,81.6,6.0,8.2,16.0,0.3,0.4,5.53,7.7,12.2,8.21,9.0,3.74,14.0,0.4,0.4,0.4,-6.48,-4.31,-2.18,-4.43,9.0,2.5,14.0,0.4,0.4,0.4,-9.62,-6.67,-4.88,-6.84,9.0,2.97,14.0,0.4,0.4,0.4,1014.14,1016.2,1017.5,1015.77,10.0,2.27,14.0,0.5,0.4,0.5,0.0,0.0,4.7,1.5,10.0,2.5,14.0,0.5,0.4,0.5,-79.0,-29.6,-12.5,-44.3,9.0,35.6,14.0,0.4,0.4,0.4,-117.9,-51.3,-27.1,-66.0,9.0,48.4,14.0,0.4,0.4,0.4,0.0,0.4,2.0,1.22,9.0,1.88,12.0,0.6,0.4,0.5,0.2,2.8,24.0,11.8,8.0,20.4,14.0,0.5,0.4,0.4,2.42,2.82,3.24,2.85,5.0,0.67,14.0,0.4,0.3,0.4,10.7,19.2,26.3,18.9,5.0,10.5,14.0,0.4,0.3,0.4,-142.6,-85.7,-42.3,-91.2,9.0,54.2,14.0,0.4,0.4,0.4,-201.8,-133.4,-94.0,-140.9,9.0,68.3,14.0,0.4,0.4,0.4,-64.1,-44.5,-13.0,-44.5,6.0,35.8,16.0,0.3,0.3,0.4,-93.2,-66.5,-37.7,-67.5,6.0,36.8,16.0,0.3,0.3,0.4,-14.9,-9.6,-5.9,-10.4,5.0,7.5,14.0,0.4,0.3,0.4,-21.5,-16.6,-8.7,-15.5,5.0,7.9,14.0,0.4,0.3,0.4,178.0,456.5,1862.5,848.0,9.0,834.0,14.0,0.4,0.4,0.4,180.0,455.0,1865.0,850.0,9.0,835.0,14.0,0.4,0.4,0.4
1974,2,338.0,18.0,19.06,20.0,20.0,19.81,8.0,0.65,18.0,0.6,0.8,0.5,17.22,20.15,24.61,20.58,8.0,3.16,18.0,0.6,0.8,0.5,10.65,12.9,13.85,12.8,7.0,2.59,18.0,0.6,0.9,0.5,69.1,87.1,88.4,82.1,7.0,10.4,18.0,0.6,0.5,4.66,8.75,13.95,8.74,8.0,4.21,18.0,0.6,0.8,0.5,-5.86,-4.22,4.22,-1.79,8.0,5.15,18.0,0.6,0.8,0.5,-13.1,-4.96,-0.92,-5.9,8.0,5.91,18.0,0.6,0.8,0.5,1013.41,1018.25,1021.67,1017.55,8.0,4.31,18.0,0.6,0.8,0.5,0.0,1.5,4.8,2.0,8.0,2.1,18.0,0.6,0.8,0.5,-70.1,-45.9,19.0,-29.9,8.0,42.3,18.0,0.6,0.8,0.5,-184.3,-44.6,-4.4,-72.5,8.0,83.5,18.0,0.6,0.8,0.5,-4.61,-0.65,2.51,-0.76,8.0,3.08,18.0,0.6,0.8,0.5,-65.7,-3.3,12.7,-15.4,8.0,37.0,18.0,0.6,0.8,0.5,0.59,0.88,3.28,1.49,7.0,2.36,18.0,0.6,0.9,0.5,1.9,9.6,30.2,9.3,7.0,24.4,18.0,0.6,0.9,0.5,-123.1,-88.1,72.8,-40.7,8.0,103.3,18.0,0.6,0.8,0.5,-323.9,-86.5,-18.7,-134.2,8.0,144.9,18.0,0.6,0.8,0.5,-68.5,-64.2,44.4,-31.8,7.0,60.0,18.0,0.6,0.9,0.5,-186.0,-76.5,-15.6,-96.5,7.0,87.9,18.0,0.6,0.9,0.5,-20.0,-2.8,9.2,-5.3,7.0,17.3,18.0,0.6,0.9,0.5,-13.8,-7.7,1.1,-3.4,7.0,18.7,18.0,0.6,0.9,0.5,101.5,678.0,2776.0,1087.0,8.0,1228.0,18.0,0.6,0.8,0.5,100.0,680.0,2775.0,1085.0,8.0,1230.0,18.0,0.6,0.8,0.5
1974,2,338.0,19.0,18.82,19.5,20.52,19.67,3.0,1.26,18.0,0.0,0.4,0.5,17.86,18.0,19.02,18.43,3.0,0.93,18.0,0.0,0.4,0.5,9.14,9.14,9.14,9.14,1.0,0.0,24.0,0.0,0.4,0.3,72.7,73.2,73.6,73.2,2.0,0.9,18.0,0.0,0.5,7.91,8.35,8.79,8.35,2.0,0.92,20.0,0.0,0.5,0.4,-6.59,-5.92,-5.26,-5.92,2.0,1.38,20.0,0.0,0.5,0.4,-5.88,-5.84,-5.8,-5.84,2.0,0.08,20.0,0.0,0.5,0.4,1015.89,1017.8,1019.71,1017.8,2.0,3.96,20.0,0.0,0.5,0.4,0.6,2.0,3.4,2.0,2.0,2.8,18.0,0.0,0.3,0.5,-58.3,-50.1,-41.9,-50.1,2.0,16.9,20.0,0.0,0.5,0.4,-51.0,-48.7,-46.5,-48.7,2.0,4.7,20.0,0.0,0.5,0.4,0.22,0.7,2.27,1.23,3.0,1.57,18.0,0.0,0.4,0.5,8.8,16.2,23.6,16.2,2.0,15.3,20.0,0.0,0.5,0.4,4.06,4.06,4.06,4.06,1.0,0.0,24.0,0.0,0.4,0.3,31.3,31.3,31.3,31.3,1.0,0.0,24.0,0.0,0.4,0.3,-118.4,-106.1,-93.8,-106.1,2.0,25.5,20.0,0.0,0.5,0.4,-104.9,-104.6,-104.3,-104.6,2.0,0.6,20.0,0.0,0.5,0.4,-45.3,-45.3,-45.3,-45.3,1.0,0.0,24.0,0.0,0.4,0.3,-53.9,-53.9,-53.9,-53.9,1.0,0.0,24.0,0.0,0.4,0.3,-20.1,-20.1,-20.1,-20.1,1.0,0.0,24.0,0.0,0.4,0.3,-24.0,-24.0,-24.0,-24.0,1.0,0.0,24.0,0.0,0.4,0.3,500.0,593.0,686.0,593.0,2.0,192.5,20.0,0.0,0.5,0.4,500.0,595.0,685.0,595.0,2.0,195.0,20.0,0.0,0.5,0.4
1974,2,338.0,20.0,18.6,21.0,22.41,20.54,11.0,1.69,14.0,0.6,0.5,0.4,17.92,19.2,20.94,19.27,11.0,1.59,14.0,0.6,0.5,0.4,9.39,11.36,12.76,11.26,8.0,1.68,18.0,0.8,0.5,0.4,70.0,79.4,84.7,78.1,8.0,10.5,18.0,0.8,0.4,6.97,9.3,12.03,9.27,9.0,3.11,12.0,0.6,0.6,0.4,-9.42,-5.98,-3.15,-5.96,9.0,2.93,12.0,0.6,0.6,0.4,-8.43,-7.07,-5.69,-6.82,9.0,2.32,12.0,0.6,0.6,0.4,1015.7,1019.2,1020.55,1018.08,11.0,3.29,14.0,0.6,0.5,0.4,0.0,4.0,5.0,2.9,11.0,2.4,14.0,0.6,0.5,0.4,-105.8,-55.6,-23.9,-62.0,9.0,42.6,12.0,0.6,0.6,0.4,-100.3,-66.3,-40.6,-68.4,9.0,36.8,12.0,0.6,0.6,0.4,-0.91,1.1,3.62,1.26,11.0,2.26,14.0,0.6,0.5,0.4,-9.6,6.7,43.4,12.3,9.0,26.7,12.0,0.6,0.6,0.4,2.04,3.68,4.77,3.39,8.0,1.34,18.0,0.8,0.5,0.4,14.6,17.7,43.7,25.1,6.0,15.4,16.0,0.7,0.5,0.3,-168.4,-118.4,-57.6,-112.9,9.0,56.9,12.0,0.6,0.6,0.4,-151.7,-118.6,-111.1,-128.9,9.0,46.0,12.0,0.6,0.6,0.4,-76.5,-60.7,-37.8,-57.5,6.0,25.3,16.0,0.7,0.5,0.3,-89.5,-69.7,-45.5,-69.8,6.0,34.9,16.0,0.7,0.5,0.3,-25.3,-11.4,-9.1,-16.6,6.0,12.6,16.0,0.7,0.5,0.3,-26.0,-13.5,-11.4,-18.1,6.0,10.5,16.0,0.7,0.5,0.3,343.0,804.5,1748.0,1017.0,9.0,734.5,12.0,0.6,0.6,0.4,345.0,805.0,1750.0,1015.0,9.0,735.0,12.0,0.6,0.6,0.4
1974,2,338.0,21.0,18.74,19.0,20.41,19.55,6.0,1.3,18.0,0.7,0.7,0.4,18.42,19.0,21.21,19.6,6.0,1.54,18.0,0.7,0.7,0.4,9.2,9.99,12.74,10.79,5.0,2.01,16.0,0.6,0.7,0.4,69.1,75.1,80.1,75.2,5.0,7.6,16.0,0.6,0.4,5.79,8.45,10.59,8.2,4.0,3.57,12.0,0.8,0.6,0.3,-6.22,-5.25,-3.28,-4.77,4.0,1.86,12.0,0.8,0.6,0.3,-9.17,-6.4,-1.06,-5.17,4.0,5.73,12.0,0.8,0.6,0.3,1012.59,1015.7,1018.79,1015.63,6.0,3.41,18.0,0.7,0.7,0.4,1.6,3.5,6.0,3.5,6.0,2.3,18.0,0.7,0.7,0.4,-64.2,-44.7,-22.4,-43.3,4.0,28.1,12.0,0.8,0.6,0.3,-99.8,-54.4,-15.4,-57.5,4.0,58.4,12.0,0.8,0.6,0.3,-0.37,0.0,0.42,-0.05,6.0,0.54,18.0,0.7,0.7,0.4,-5.7,-1.2,2.1,-1.8,4.0,5.4,12.0,0.8,0.6,0.3,2.67,3.95,4.28,3.45,5.0,1.38,16.0,0.6,0.7,0.4,15.6,29.5,42.5,29.1,3.0,19.7,10.0,0.7,0.6,0.4,-116.5,-103.8,-66.5,-92.1,4.0,34.2,12.0,0.8,0.6,0.3,-181.4,-127.9,-19.0,-101.4,4.0,111.2,12.0,0.8,0.6,0.3,-61.4,-58.5,-58.4,-59.8,3.0,2.5,10.0,0.7,0.6,0.4,-101.2,-100.9,-68.0,-85.0,3.0,28.0,10.0,0.7,0.6,0.4,-23.8,-22.6,-10.3,-17.2,3.0,10.9,10.0,0.7,0.6,0.4,-34.7,-19.0,-11.4,-23.0,3.0,17.4,10.0,0.7,0.6,0.4,287.0,605.0,1288.5,779.5,4.0,769.0,12.0,0.8,0.6,0.3,285.0,605.0,1290.0,780.0,4.0,770.0,12.0,0.8,0.6,0.3
1974,2,338.0,22.0,19.0,19.3,19.67,19.76,7.0,1.45,12.0,0.7,0.7,0.5,18.93,19.4,20.43,19.51,7.0,1.1,12.0,0.7,0.7,0.5,9.23,10.25,10.31,9.82,5.0,0.75,14.0,0.8,0.5,0.6,68.9,74.5,83.1,74.4,6.0,8.8,14.0,0.7,0.5,4.6,6.15,9.4,6.77,6.0,2.37,14.0,0.8,0.6,0.5,-6.66,-4.52,-3.47,-5.03,6.0,1.93,14.0,0.8,0.6,0.5,-5.24,-4.27,-2.96,-4.43,6.0,1.68,14.0,0.8,0.6,0.5,1017.96,1019.65,1023.61,1020.58,6.0,3.12,14.0,0.8,0.6,0.5,2.0,2.0,3.1,2.6,7.0,1.3,12.0,0.7,0.7,0.5,-64.5,-28.2,-16.2,-37.6,6.0,25.8,14.0,0.8,0.6,0.5,-49.5,-26.6,-13.6,-32.9,6.0,23.1,14.0,0.8,0.6,0.5,-0.57,-0.1,1.65,0.24,7.0,1.5,12.0,0.7,0.7,0.5,-2.0,0.5,11.1,4.8,6.0,10.8,14.0,0.8,0.6,0.5,3.32,3.52,4.67,3.96,5.0,0.91,14.0,0.8,0.5,0.6,16.2,19.5,35.0,24.7,5.0,10.6,14.0,0.8,0.5,0.6,-134.2,-88.6,-62.8,-97.8,6.0,39.9,14.0,0.8,0.6,0.5,-105.1,-82.6,-55.3,-86.5,6.0,36.7,14.0,0.8,0.6,0.5,-60.4,-36.4,-33.8,-46.8,5.0,20.9,14.0,0.8,0.5,0.6,-42.9,-39.8,-29.8,-37.3,5.0,7.9,14.0,0.8,0.5,0.6,-28.9,-14.9,-11.4,-19.1,5.0,9.3,14.0,0.8,0.5,0.6,-19.6,-12.7,-11.6,-15.3,5.0,6.0,14.0,0.8,0.5,0.6,97.5,253.0,832.5,407.5,6.0,377.0,14.0,0.8,0.6,0.5,95.0,255.0,835.0,410.0,6.0,375.0,14.0,0.8,0.6,0.5
1974,2,338.0,23.0,19.0,19.15,19.67,19.33,4.0,0.47,14.0,0.8,0.3,0.6,17.82,18.0,19.61,18.56,5.0,1.02,16.0,0.6,0.3,0.6,8.71,9.54,10.37,9.54,2.0,1.71,12.0,0.5,0.4,0.5,70.2,76.1,82.0,76.1,2.0,12.3,12.0,0.5,0.5,4.34,4.6,8.48,6.33,4.0,3.79,14.0,0.5,0.3,0.5,-7.01,-3.62,1.16,-2.96,4.0,5.74,14.0,0.5,0.3,0.5,-5.54,-1.57,0.0,-2.71,4.0,3.65,14.0,0.5,0.3,0.5,1013.38,1018.75,1022.29,1017.88,4.0,5.48,14.0,0.8,0.3,0.6,1.6,3.0,5.4,3.4,5.0,2.1,16.0,0.6,0.3,0.6,-67.9,-16.0,5.9,-30.3,4.0,56.3,14.0,0.5,0.3,0.5,-54.6,-6.4,0.0,-26.4,4.0,44.6,14.0,0.5,0.3,0.5,-0.66,0.65,1.9,0.63,4.0,1.48,14.0,0.8,0.3,0.6,-4.0,8.2,8.3,2.3,3.0,10.3,10.0,0.7,0.4,0.5,3.95,4.6,5.25,4.6,2.0,1.34,12.0,0.5,0.4,0.5,16.6,20.3,23.9,20.3,2.0,7.5,12.0,0.5,0.4,0.5,-133.7,-64.0,20.8,-56.8,4.0,109.3,14.0,0.5,0.3,0.5,-106.9,-28.3,0.0,-52.3,4.0,72.1,14.0,0.5,0.3,0.5,-36.7,-33.3,-29.9,-33.3,2.0,7.1,12.0,0.5,0.4,0.5,-28.4,-16.9,-5.4,-16.9,2.0,23.9,12.0,0.5,0.4,0.5,-23.0,-17.6,-12.1,-17.6,2.0,11.3,12.0,0.5,0.4,0.5,-9.6,-5.7,-1.8,-5.7,2.0,8.1,12.0,0.5,0.4,0.5,82.5,97.5,951.5,498.0,4.0,820.0,14.0,0.5,0.3,0.5,80.0,95.0,950.0,500.0,4.0,820.0,14.0,0.5,0.3,0.5
1974,2,338.0,24.0,19.03,20.0,20.2,19.61,9.0,0.81,20.0,0.7,0.4,0.5,18.58,18.9,19.58,18.9,9.0,0.73,20.0,0.7,0.4,0.5,8.15,9.62,11.51,9.91,9.0,1.92,20.0,0.7,0.4,0.5,61.9,69.5,84.7,73.1,9.0,12.2,20.0,0.7,0.5,4.6,4.85,7.59,6.41,8.0,3.94,20.0,0.6,0.4,0.4,-6.42,-4.53,-4.33,-5.76,8.0,3.71,20.0,0.6,0.4,0.4,-4.97,-0.39,1.12,-1.4,8.0,2.93,20.0,0.6,0.4,0.4,1011.23,1018.4,1022.8,1017.28,9.0,5.65,20.0,0.7,0.4,0.5,3.0,6.0,7.0,5.0,9.0,2.5,20.0,0.7,0.4,0.5,-43.5,-21.7,-20.0,-49.4,8.0,71.1,20.0,0.6,0.4,0.4,-41.8,-1.9,3.7,-16.0,8.0,31.4,20.0,0.6,0.4,0.4,0.05,0.6,1.59,0.71,9.0,0.79,20.0,0.7,0.4,0.5,1.4,3.7,7.6,4.7,8.0,5.3,20.0,0.6,0.4,0.4,2.53,4.58,5.96,4.24,9.0,1.88,20.0,0.7,0.4,0.5,11.3,25.3,37.4,28.4,8.0,20.1,20.0,0.6,0.4,0.4,-127.1,-83.7,-79.1,-109.2,8.0,71.2,20.0,0.6,0.4,0.4,-94.2,-7.8,22.2,-27.2,8.0,56.7,20.0,0.6,0.4,0.4,-84.7,-39.6,-33.7,-56.5,8.0,39.6,20.0,0.6,0.4,0.4,-48.4,-4.4,13.5,-12.9,8.0,28.8,20.0,0.6,0.4,0.4,-30.6,-22.4,-9.8,-25.4,8.0,18.7,20.0,0.6,0.4,0.4,-22.6,-3.2,5.1,-6.8,8.0,13.7,20.0,0.6,0.4,0.4,97.5,115.0,439.5,606.5,8.0,1239.0,20.0,0.6,0.4,0.4,95.0,115.0,440.0,605.0,8.0,1240.0,20.0,0.6,0.4,0.4
1974,2,338.0,25.0,19.29,20.0,20.65,20.04,13.0,0.84,14.0,0.6,0.6,0.6,18.45,19.1,20.0,19.1,13.0,0.69,16.0,0.6,0.6,0.5,8.4,10.36,11.97,10.21,10.0,1.98,16.0,0.6,0.6,0.6,60.5,74.3,87.9,74.0,10.0,13.5,16.0,0.6,0.6,3.13,5.9,7.98,5.95,14.0,2.62,16.0,0.6,0.6,0.5,-6.7,-4.71,-0.58,-3.85,14.0,4.17,16.0,0.6,0.6,0.5,-4.29,-2.65,0.0,-2.0,14.0,2.71,16.0,0.6,0.6,0.5,1014.93,1021.4,1023.21,1019.67,13.0,5.04,14.0,0.6,0.6,0.6,1.8,4.0,6.1,3.8,13.0,2.4,16.0,0.7,0.6,0.5,-51.2,-22.9,-1.5,-28.4,14.0,40.3,16.0,0.6,0.6,0.5,-29.6,-8.7,0.0,-13.0,14.0,21.5,16.0,0.6,0.6,0.5,-0.13,0.9,2.0,0.85,12.0,1.04,16.0,0.6,0.6,0.6,-0.6,4.2,12.1,4.5,12.0,7.9,16.0,0.6,0.6,0.6,3.26,3.8,5.92,4.31,10.0,1.42,16.0,0.6,0.6,0.6,11.5,22.1,40.8,25.4,10.0,14.9,16.0,0.6,0.6,0.6,-127.5,-86.5,-6.3,-72.3,13.0,83.3,16.0,0.6,0.6,0.5,-81.1,-51.2,1.6,-34.9,13.0,51.6,16.0,0.6,0.6,0.5,-60.7,-34.2,-14.2,-31.9,10.0,45.5,16.0,0.6,0.6,0.6,-39.3,-19.0,5.9,-12.4,10.0,32.1,16.0,0.6,0.6,0.6,-40.8,-13.6,-4.4,-18.1,10.0,20.8,16.0,0.6,0.6,0.6,-15.7,-6.1,1.8,-5.3,10.0,10.5,16.0,0.6,0.6,0.6,31.0,216.5,508.5,332.5,14.0,422.5,16.0,0.6,0.6,0.5,30.0,215.0,510.0,335.0,14.0,425.0,16.0,0.6,0.6,0.5
1974,2,338.0,26.0,19.03,20.0,20.0,19.53,9.0,0.98,14.0,0.9,0.7,0.4,18.11,18.9,21.14,19.43,9.0,1.51,14.0,0.9,0.7,0.4,7.7,10.32,10.51,9.62,7.0,1.34,18.0,0.9,0.7,0.4,57.4,71.2,78.7,69.4,7.0,9.7,18.0,0.9,0.4,4.71,7.7,8.78,6.69,9.0,2.11,14.0,0.9,0.7,0.4,-6.29,-2.76,1.27,-1.99,9.0,4.73,14.0,0.9,0.7,0.4,-6.2,-4.5,-2.36,-3.65,9.0,3.6,14.0,0.9,0.7,0.4,1013.54,1020.4,1028.86,1020.93,9.0,7.79,14.0,0.9,0.7,0.4,3.0,4.0,6.7,4.6,9.0,2.0,14.0,0.9,0.7,0.4,-49.2,-10.3,6.5,-13.7,9.0,40.1,14.0,0.9,0.7,0.4,-54.5,-29.6,-9.5,-28.1,9.0,27.0,14.0,0.9,0.7,0.4,-1.14,0.0,0.99,0.1,9.0,1.42,14.0,0.9,0.7,0.4,-8.3,0.0,5.7,1.1,9.0,10.5,14.0,0.9,0.7,0.4,3.68,3.92,5.94,4.62,7.0,1.26,18.0,0.9,0.7,0.4,23.9,31.0,40.2,31.8,7.0,9.3,18.0,0.9,0.7,0.4,-117.1,-52.1,22.3,-41.0,9.0,90.3,14.0,0.9,0.7,0.4,-120.9,-82.8,-46.6,-73.1,9.0,69.1,14.0,0.9,0.7,0.4,-56.3,-21.2,3.8,-19.5,7.0,51.4,18.0,0.9,0.7,0.4,-66.6,-46.5,-28.9,-49.8,7.0,21.5,18.0,0.9,0.7,0.4,-26.9,-18.6,1.3,-12.6,7.0,21.9,18.0,0.9,0.7,0.4,-29.7,-22.1,-15.6,-22.0,7.0,6.3,18.0,0.9,0.7,0.4,105.0,456.5,681.0,377.5,9.0,287.5,14.0,0.9,0.7,0.4,105.0,455.0,680.0,380.0,9.0,285.0,14.0,0.9,0.7,0.4
1974,2,338.0,27.0,18.51,20.5,21.0,19.76,5.0,1.76,12.0,0.4,0.7,0.6,17.51,18.0,19.68,18.46,5.0,1.25,12.0,0.4,0.7,0.6,8.55,9.43,12.26,10.36,4.0,2.78,14.0,0.5,0.6,0.7,65.0,74.1,91.7,78.1,4.0,16.7,14.0,0.5,0.7,4.05,5.0,8.6,6.04,5.0,2.6,12.0,0.4,0.7,0.6,-5.56,-3.83,-2.1,-3.97,5.0,2.36,12.0,0.4,0.7,0.6,-5.38,-2.8,-1.84,-3.75,5.0,3.09,12.0,0.4,0.7,0.6,1019.16,1023.8,1025.01,1021.86,5.0,5.41,12.0,0.4,0.7,0.6,4.4,7.0,7.0,5.8,4.0,2.5,14.0,0.5,0.6,0.7,-35.7,-19.2,-12.2,-24.9,5.0,22.0,12.0,0.4,0.7,0.6,-45.7,-16.1,-6.8,-27.5,5.0,32.9,12.0,0.4,0.7,0.6,0.27,1.0,2.68,1.3,5.0,1.57,12.0,0.4,0.7,0.6,-1.0,4.6,18.0,7.6,5.0,12.0,12.0,0.4,0.7,0.6,2.17,3.86,5.08,3.64,4.0,2.06,14.0,0.5,0.6,0.7,14.4,28.1,34.2,24.5,4.0,15.3,14.0,0.5,0.6,0.7,-103.6,-68.9,-40.2,-73.1,5.0,41.8,12.0,0.4,0.7,0.6,-93.6,-49.9,-36.5,-66.8,5.0,50.7,12.0,0.4,0.7,0.6,-51.5,-36.4,-24.7,-38.0,4.0,19.4,14.0,0.5,0.6,0.7,-61.2,-25.8,-18.3,-39.1,4.0,35.0,14.0,0.5,0.6,0.7,-26.4,-16.1,-4.4,-15.4,4.0,12.8,14.0,0.5,0.6,0.7,-24.8,-9.6,-5.4,-14.8,4.0,16.1,14.0,0.5,0.6,0.7,72.5,125.0,644.0,321.5,5.0,339.0,12.0,0.4,0.7,0.6,75.0,125.0,645.0,320.0,5.0,340.0,12.0,0.4,0.7,0.6
1974,2,338.0,28.0,19.32,20.0,20.0,19.67,3.0,0.58,10.0,0.7,0.4,0.2,16.76,18.4,18.81,17.8,3.0,1.59,10.0,0.7,0.4,0.2,7.29,7.29,7.29,7.29,1.0,0.0,10.0,1.0,0.9,0.6,54.0,54.0,54.0,54.0,1.0,0.0,10.0,1.0,0.6,7.43,9.0,15.14,11.23,3.0,5.97,10.0,0.7,0.4,0.2,-14.36,-8.86,-6.77,-10.53,3.0,5.74,10.0,0.7,0.4,0.2,-5.27,-3.35,-2.13,-3.69,3.0,2.32,10.0,0.7,0.4,0.2,1023.22,1025.4,1026.22,1024.73,3.0,2.27,10.0,0.7,0.4,0.2,4.6,6.0,7.4,6.0,3.0,2.0,10.0,0.7,0.4,0.2,-233.1,-79.8,-51.9,-141.0,3.0,143.0,10.0,0.7,0.4,0.2,-82.8,-22.4,-16.7,-49.1,3.0,53.6,10.0,0.7,0.4,0.2,1.19,1.6,2.56,1.87,3.0,1.03,10.0,0.7,0.4,0.2,9.1,14.4,41.4,25.0,3.0,25.4,10.0,0.7,0.4,0.2,7.13,7.13,7.13,7.13,1.0,0.0,10.0,1.0,0.9,0.6,47.7,47.7,47.7,47.7,1.0,0.0,10.0,1.0,0.9,0.6,-236.5,-163.1,-127.0,-181.3,3.0,81.7,10.0,0.7,0.4,0.2,-87.4,-63.6,-39.8,-63.6,3.0,34.9,10.0,0.7,0.4,0.2,-42.3,-42.3,-42.3,-42.3,1.0,0.0,10.0,1.0,0.9,0.6,-24.4,-24.4,-24.4,-24.4,1.0,0.0,10.0,1.0,0.9,0.6,-41.3,-41.3,-41.3,-41.3,1.0,0.0,10.0,1.0,0.9,0.6,-23.9,-23.9,-23.9,-23.9,1.0,0.0,10.0,1.0,0.9,0.6,436.5,729.0,4212.5,2287.5,3.0,3077.5,10.0,0.7,0.4,0.2,435.0,730.0,4210.0,2285.0,3.0,3075.0,10.0,0.7,0.4,0.2
1974,2,338.0,29.0,19.32,20.0,20.34,19.83,3.0,0.76,16.0,0.7,0.8,0.7,17.23,17.3,20.58,18.87,3.0,2.8,16.0,0.7,0.8,0.7,8.9,9.76,10.61,9.76,2.0,1.77,14.0,1.0,0.8,0.6,68.0,69.0,70.1,69.0,2.0,2.2,14.0,1.0,0.6,4.43,6.2,7.43,5.93,3.0,2.21,16.0,0.7,0.8,0.7,-6.24,-4.75,0.91,-2.71,3.0,5.53,16.0,0.7,0.8,0.7,-4.0,-3.99,-1.69,-2.87,3.0,1.94,16.0,0.7,0.8,0.7,1021.68,1025.3,1027.35,1024.53,3.0,4.2,16.0,0.7,0.8,0.7,1.8,3.5,5.2,3.5,2.0,3.5,14.0,1.0,0.8,0.6,-47.2,-29.4,-0.6,-24.0,3.0,34.4,16.0,0.7,0.8,0.7,-29.7,-24.7,-9.4,-19.7,3.0,15.5,16.0,0.7,0.8,0.7,-0.86,1.8,2.76,0.97,3.0,2.75,16.0,0.7,0.8,0.7,-0.6,14.4,18.1,8.9,3.0,14.5,16.0,0.7,0.8,0.7,3.82,4.82,5.81,4.82,2.0,2.06,14.0,1.0,0.8,0.6,16.4,25.5,34.7,25.5,2.0,19.0,14.0,1.0,0.8,0.6,-107.4,-82.2,27.4,-41.0,3.0,105.0,16.0,0.7,0.8,0.7,-68.9,-68.8,-31.3,-50.5,3.0,31.8,16.0,0.7,0.8,0.7,-27.8,-0.7,26.4,-0.7,2.0,56.2,14.0,1.0,0.8,0.6,-29.6,-20.4,-11.2,-20.4,2.0,19.1,14.0,1.0,0.8,0.6,-23.2,-8.9,5.3,-8.9,2.0,29.5,14.0,1.0,0.8,0.6,-21.4,-13.6,-5.7,-13.6,2.0,16.2,14.0,1.0,0.8,0.6,107.5,238.5,425.0,265.5,3.0,234.0,16.0,0.7,0.8,0.7,105.0,240.0,425.0,265.0,3.0,235.0,16.0,0.7,0.8,0.7
1974,2,338.0,30.0,18.0,20.2,21.81,20.14,7.0,1.64,14.0,0.4,0.5,0.6,16.93,17.5,18.29,17.86,9.0,1.81,16.0,0.4,0.5,0.5,9.25,9.54,10.11,9.67,4.0,0.56,14.0,0.5,0.3,0.6,76.8,80.1,82.6,79.7,4.0,3.4,14.0,0.5,0.6,5.1,9.0,9.22,7.06,9.0,3.15,16.0,0.4,0.5,0.5,-7.3,-5.79,-1.68,-4.88,9.0,2.92,16.0,0.4,0.5,0.5,-7.0,-1.74,3.29,-1.98,9.0,5.11,16.0,0.4,0.5,0.5,1019.89,1023.0,1028.64,1022.38,9.0,8.38,16.0,0.4,0.5,0.5,4.8,7.0,8.0,6.3,9.0,2.3,16.0,0.4,0.5,0.5,-66.2,-52.1,-9.9,-41.3,9.0,28.1,16.0,0.4,0.5,0.5,-62.2,-14.1,29.6,-14.4,9.0,44.7,16.0,0.4,0.5,0.5,-0.1,2.6,5.04,2.13,7.0,2.83,14.0,0.4,0.5,0.6,0.0,23.4,39.2,21.1,7.0,20.4,14.0,0.4,0.5,0.6,3.16,5.21,6.06,4.62,3.0,2.18,14.0,0.3,0.4,0.7,23.1,48.4,49.3,36.5,3.0,21.8,14.0,0.3,0.4,0.7,-119.5,-101.0,-28.6,-84.7,9.0,51.4,16.0,0.4,0.5,0.5,-118.5,-31.4,52.6,-34.7,9.0,87.4,16.0,0.4,0.5,0.5,-55.3,-52.5,-43.5,-49.5,4.0,8.4,14.0,0.5,0.3,0.6,-65.9,-65.3,-40.5,-53.8,4.0,23.7,14.0,0.5,0.3,0.6,-29.1,-24.8,-15.1,-22.2,3.0,10.5,14.0,0.3,0.4,0.7,-41.1,-37.1,-14.4,-28.0,3.0,21.1,14.0,0.3,0.4,0.7,132.5,729.0,784.0,502.0,9.0,328.5,16.0,0.4,0.5,0.5,135.0,730.0,785.0,500.0,9.0,330.0,16.0,0.4,0.5,0.5
1974,2,338.0,31.0,18.54,19.5,20.0,19.36,8.0,0.7,12.0,0.5,0.7,0.5,17.02,18.8,19.19,18.35,8.0,1.22,12.0,0.5,0.7,0.5,7.02,8.67,11.05,9.0,5.0,2.14,12.0,0.4,0.6,0.3,59.0,74.3,81.6,71.0,5.0,11.7,12.0,0.4,0.3,5.01,6.6,9.16,7.19,8.0,2.62,12.0,0.5,0.7,0.5,-5.21,0.0,4.45,-0.76,8.0,4.84,12.0,0.5,0.7,0.5,-8.83,-3.4,-0.12,-4.15,8.0,4.7,12.0,0.5,0.7,0.5,1024.62,1028.35,1029.56,1027.75,8.0,3.37,12.0,0.5,0.7,0.5,2.1,5.5,6.0,4.5,8.0,2.6,12.0,0.5,0.7,0.5,-35.4,0.0,22.2,-7.0,8.0,32.5,12.0,0.5,0.7,0.5,-80.4,-18.3,-0.7,-37.7,8.0,54.7,12.0,0.5,0.7,0.5,0.09,1.1,1.49,1.01,8.0,0.75,12.0,0.5,0.7,0.5,0.4,6.8,12.0,7.4,8.0,6.3,12.0,0.5,0.7,0.5,3.24,4.78,6.01,4.63,5.0,1.5,12.0,0.4,0.6,0.3,16.6,24.4,62.7,37.7,5.0,26.8,12.0,0.4,0.6,0.3,-98.8,0.0,85.4,-13.5,8.0,93.5,12.0,0.5,0.7,0.5,-151.7,-64.0,-2.4,-72.2,8.0,80.3,12.0,0.5,0.7,0.5,-15.6,0.0,26.0,5.7,5.0,41.0,12.0,0.4,0.6,0.3,-72.8,-44.2,-20.2,-46.3,5.0,29.3,12.0,0.4,0.6,0.3,-5.2,0.0,6.0,0.5,5.0,10.8,12.0,0.4,0.6,0.3,-62.7,-24.4,-6.2,-33.3,5.0,31.5,12.0,0.4,0.6,0.3,126.0,290.5,772.0,514.0,8.0,594.5,12.0,0.5,0.7,0.5,125.0,290.0,770.0,515.0,8.0,595.0,12.0,0.5,0.7,0.5
1974,2,338.0,32.0,16.27,17.4,19.02,17.66,9.0,1.74,12.0,0.2,0.6,0.3,15.6,17.05,18.17,17.11,10.0,1.48,12.0,0.2,0.7,0.2,7.91,8.82,9.38,8.65,3.0,1.08,12.0,0.3,0.6,0.4,64.4,73.5,83.0,73.7,4.0,10.8,10.0,0.3,0.3,2.88,6.0,7.73,5.78,9.0,2.77,12.0,0.1,0.7,0.2,-4.97,-1.48,4.24,-0.99,9.0,5.0,12.0,0.1,0.7,0.2,-5.92,-2.05,0.7,-2.02,9.0,3.81,12.0,0.1,0.7,0.2,1022.38,1026.8,1031.48,1027.0,9.0,4.32,14.0,0.2,0.7,0.2,2.2,5.5,6.9,5.0,8.0,2.2,12.0,0.3,0.6,0.3,-38.5,-2.2,22.5,-11.0,9.0,41.2,12.0,0.1,0.7,0.2,-43.8,-12.3,3.3,-16.9,9.0,26.2,12.0,0.1,0.7,0.2,-1.51,0.0,3.35,0.68,9.0,2.31,12.0,0.2,0.6,0.3,-4.8,-0.3,17.2,5.8,8.0,18.3,12.0,0.1,0.6,0.2,2.71,3.13,4.42,3.56,3.0,1.31,12.0,0.3,0.6,0.4,13.7,29.2,44.6,29.2,2.0,32.0,12.0,0.0,0.5,0.1,-89.5,-22.6,75.1,-13.0,9.0,85.3,12.0,0.1,0.7,0.2,-101.6,-41.0,12.5,-34.2,9.0,65.2,12.0,0.1,0.7,0.2,-74.2,-50.1,-26.0,-50.1,2.0,49.9,12.0,0.0,0.5,0.1,-27.0,-18.2,-9.5,-18.2,2.0,18.2,12.0,0.0,0.5,0.1,-41.9,-27.4,-12.9,-27.4,2.0,30.0,12.0,0.0,0.5,0.1,-15.3,-10.0,-4.7,-10.0,2.0,10.9,12.0,0.0,0.5,0.1,40.5,216.0,466.5,308.5,9.0,338.0,12.0,0.1,0.7,0.2,40.0,215.0,465.0,310.0,9.0,340.0,12.0,0.1,0.7,0.2
1974,2,338.0,33.0,17.73,18.0,20.14,18.48,10.0,1.59,12.0,0.6,0.7,0.3,15.87,18.05,19.13,17.48,12.0,1.94,14.0,0.5,0.7,0.4,9.65,11.48,12.62,11.15,4.0,1.97,10.0,0.5,0.6,0.4,77.6,83.7,90.2,83.9,4.0,7.3,10.0,0.5,0.4,3.97,5.05,7.08,5.76,12.0,2.5,14.0,0.5,0.7,0.4,-4.44,-3.14,4.81,-1.38,12.0,4.78,14.0,0.5,0.7,0.4,-4.07,-0.89,0.52,-1.28,12.0,3.96,14.0,0.5,0.7,0.4,1022.65,1024.55,1029.81,1025.61,12.0,4.46,14.0,0.5,0.7,0.4,1.0,5.5,8.0,4.7,12.0,3.1,14.0,0.5,0.7,0.4,-23.6,-10.9,23.7,-10.8,12.0,40.0,14.0,0.5,0.7,0.4,-21.1,-4.7,2.1,-4.2,12.0,37.5,14.0,0.5,0.7,0.4,-0.79,0.75,1.56,0.5,10.0,1.47,12.0,0.6,0.7,0.3,-3.7,3.6,7.4,1.7,10.0,7.4,12.0,0.6,0.7,0.3,0.09,2.19,4.11,2.1,4.0,2.35,10.0,0.5,0.6,0.4,-0.1,8.2,19.7,9.7,4.0,12.4,10.0,0.5,0.6,0.4,-81.6,-54.9,92.0,-20.7,12.0,88.2,14.0,0.5,0.7,0.4,-67.9,-17.2,9.5,-20.1,12.0,64.9,14.0,0.5,0.7,0.4,10.2,57.9,75.1,43.3,4.0,51.1,10.0,0.5,0.6,0.4,-10.2,-7.5,-2.5,-6.4,4.0,4.9,10.0,0.5,0.6,0.4,-8.2,0.1,14.4,2.9,4.0,16.1,10.0,0.5,0.6,0.4,-3.4,-1.4,-0.2,-1.8,4.0,2.0,10.0,0.5,0.6,0.4,63.5,129.0,364.5,311.0,12.0,509.0,14.0,0.5,0.7,0.4,65.0,130.0,365.0,310.0,12.0,510.0,14.0,0.5,0.7,0.4
1974,2,338.0,34.0,16.45,17.55,18.64,17.8,12.0,1.54,14.0,0.3,0.6,0.5,14.42,15.35,18.0,15.93,12.0,1.66,14.0,0.3,0.6,0.5,5.75,7.77,9.47,7.59,7.0,1.69,12.0,0.3,0.5,0.5,57.0,73.2,79.0,69.6,7.0,10.6,12.0,0.3,0.5,4.05,9.8,11.82,7.82,13.0,3.85,12.0,0.2,0.6,0.5,-4.03,-2.05,4.59,0.02,13.0,5.58,12.0,0.2,0.6,0.5,-9.58,-3.38,3.29,-3.43,13.0,6.1,12.0,0.2,0.6,0.5,1017.84,1028.0,1029.61,1023.94,13.0,8.28,12.0,0.2,0.6,0.5,3.9,6.0,8.0,5.7,13.0,2.4,12.0,0.2,0.6,0.5,-26.9,-4.4,53.2,7.4,13.0,59.6,12.0,0.2,0.6,0.5,-97.9,-13.6,18.3,-31.1,13.0,70.8,12.0,0.2,0.6,0.5,0.75,2.15,3.1,1.87,12.0,1.58,14.0,0.3,0.6,0.5,3.1,14.3,20.8,10.4,12.0,13.9,14.0,0.3,0.6,0.5,4.41,5.42,6.6,5.37,7.0,1.13,12.0,0.3,0.5,0.5,20.1,22.7,30.6,24.7,7.0,8.1,12.0,0.3,0.5,0.5,-54.0,-9.5,88.7,16.2,12.0,86.6,14.0,0.3,0.6,0.5,-157.8,-48.2,52.0,-46.7,12.0,101.2,14.0,0.3,0.6,0.5,-31.7,-20.6,4.6,-18.4,7.0,18.3,12.0,0.3,0.5,0.5,-27.0,-23.3,1.3,-19.0,7.0,28.9,12.0,0.3,0.5,0.5,-18.0,-16.7,5.4,-10.6,7.0,12.0,12.0,0.3,0.5,0.5,-30.0,-19.3,0.7,-14.1,7.0,16.4,12.0,0.3,0.5,0.5,67.0,941.0,1651.0,796.5,13.0,793.0,12.0,0.2,0.6,0.5,65.0,940.0,1650.0,795.0,13.0,795.0,12.0,0.2,0.6,0.5
1974,2,338.0,35.0,16.0,16.2,16.5,16.11,9.0,1.19,8.0,0.7,0.7,0.5,16.04,16.6,18.03,17.14,10.0,1.59,8.0,0.6,0.6,0.5,7.31,9.42,9.96,8.8,10.0,1.35,8.0,0.6,0.6,0.5,61.4,71.8,85.2,73.5,10.0,12.0,8.0,0.6,0.5,2.6,3.85,8.61,5.0,10.0,3.12,8.0,0.6,0.6,0.5,0.19,2.55,6.01,2.66,10.0,4.15,8.0,0.6,0.6,0.5,-3.17,1.08,2.69,-0.16,10.0,3.52,8.0,0.6,0.6,0.5,1019.0,1020.8,1031.37,1023.71,10.0,5.83,8.0,0.6,0.6,0.5,2.4,4.5,7.0,4.6,10.0,2.5,8.0,0.6,0.6,0.5,1.1,8.2,44.1,16.1,10.0,37.9,8.0,0.6,0.6,0.5,-19.5,2.6,19.3,-2.7,10.0,28.4,8.0,0.6,0.6,0.5,-2.89,-0.2,0.15,-1.1,9.0,1.54,8.0,0.7,0.7,0.5,-9.4,-1.3,0.4,-5.9,9.0,10.0,8.0,0.7,0.7,0.5,1.21,2.86,3.98,2.58,9.0,1.81,8.0,0.7,0.7,0.5,3.1,10.5,32.0,15.4,9.0,16.7,8.0,0.7,0.7,0.5,2.9,46.2,101.5,49.4,10.0,76.4,8.0,0.6,0.6,0.5,-52.8,17.8,54.7,-0.6,10.0,59.8,8.0,0.6,0.6,0.5,1.2,25.4,53.2,26.4,10.0,34.0,8.0,0.6,0.6,0.5,-25.6,9.7,25.1,1.6,10.0,28.2,8.0,0.6,0.6,0.5,-2.1,4.7,16.5,4.4,9.0,17.4,8.0,0.7,0.7,0.5,-10.5,1.8,6.6,-3.1,9.0,14.6,8.0,0.7,0.7,0.5,17.5,58.0,655.5,267.0,10.0,353.5,8.0,0.6,0.6,0.5,20.0,60.0,655.0,265.0,10.0,355.0,8.0,0.6,0.6,0.5
1974,2,338.0,36.0,15.0,16.0,17.36,16.29,18.0,1.28,16.0,0.7,0.7,0.4,13.98,15.6,17.53,15.72,18.0,2.02,16.0,0.7,0.7,0.4,6.5,7.74,10.23,8.21,15.0,1.87,16.0,0.7,0.7,0.4,64.8,76.4,82.7,73.6,15.0,10.3,16.0,0.7,0.4,5.1,6.95,10.45,7.89,18.0,4.0,16.0,0.7,0.7,0.4,-6.48,-0.44,6.83,0.23,18.0,6.77,16.0,0.7,0.7,0.4,-4.78,0.0,7.16,0.77,18.0,5.95,16.0,0.7,0.7,0.4,1017.37,1024.0,1030.74,1023.46,17.0,6.68,16.0,0.7,0.7,0.4,3.7,7.0,8.0,6.1,18.0,2.4,16.0,0.7,0.7,0.4,-50.3,-1.2,51.5,11.1,18.0,85.0,16.0,0.7,0.7,0.4,-34.1,0.0,75.5,16.6,18.0,73.9,16.0,0.7,0.7,0.4,-1.09,0.45,2.93,0.57,18.0,2.24,16.0,0.7,0.7,0.4,-9.3,2.8,16.5,-0.2,18.0,24.7,16.0,0.7,0.7,0.4,2.5,3.77,4.77,3.32,15.0,1.79,16.0,0.7,0.7,0.4,10.6,23.4,35.4,21.5,15.0,15.5,16.0,0.7,0.7,0.4,-100.2,-5.7,108.7,10.9,18.0,115.7,16.0,0.7,0.7,0.4,-71.8,0.0,116.9,20.0,18.0,96.9,16.0,0.7,0.7,0.4,-49.5,-6.5,69.7,13.6,15.0,67.7,16.0,0.7,0.7,0.4,-25.0,0.0,51.9,15.2,15.0,52.9,16.0,0.7,0.7,0.4,-27.2,-8.8,15.0,-7.8,15.0,19.0,16.0,0.7,0.7,0.4,-18.9,-0.8,10.0,-4.0,15.0,17.1,16.0,0.7,0.7,0.4,132.5,337.0,1143.0,912.0,18.0,1492.5,16.0,0.7,0.7,0.4,135.0,335.0,1145.0,910.0,18.0,1495.0,16.0,0.7,0.7,0.4
1974,2,338.0,37.0,14.06,15.55,16.0,15.24,14.0,1.09,14.0,0.6,0.6,0.5,13.82,15.0,17.11,15.21,15.0,1.45,14.0,0.7,0.6,0.5,6.08,8.36,9.7,7.99,11.0,1.8,14.0,0.6,0.5,0.6,61.0,82.1,91.9,77.5,11.0,15.3,14.0,0.6,0.6,2.93,7.2,12.1,6.97,15.0,4.39,14.0,0.7,0.6,0.5,-2.28,1.4,7.95,2.28,15.0,4.98,14.0,0.7,0.6,0.5,-5.1,0.0,6.85,0.36,15.0,6.4,14.0,0.7,0.6,0.5,1020.24,1027.4,1030.73,1025.55,15.0,6.26,14.0,0.7,0.6,0.5,2.1,6.0,8.0,5.4,14.0,2.6,14.0,0.6,0.6,0.5,-17.2,5.7,95.6,27.6,15.0,55.1,14.0,0.7,0.6,0.5,-40.5,0.0,59.4,8.1,15.0,72.1,14.0,0.7,0.6,0.5,-1.57,-0.15,1.88,-0.06,14.0,1.62,14.0,0.6,0.6,0.5,-13.9,0.0,12.2,0.1,14.0,13.5,14.0,0.6,0.6,0.5,0.43,1.58,4.64,2.2,10.0,2.1,14.0,0.6,0.5,0.6,0.0,11.1,24.0,12.1,10.0,12.6,14.0,0.6,0.5,0.6,-32.2,21.0,114.3,38.8,15.0,77.7,14.0,0.7,0.6,0.5,-80.2,0.0,104.5,11.3,15.0,99.5,14.0,0.7,0.6,0.5,-25.2,0.0,57.9,12.1,11.0,38.0,14.0,0.6,0.5,0.6,-42.1,0.0,27.2,-8.9,11.0,44.9,14.0,0.6,0.5,0.6,-5.9,0.0,10.6,0.1,10.0,10.9,14.0,0.6,0.5,0.6,-20.3,-2.3,3.8,-7.6,10.0,11.8,14.0,0.6,0.5,0.6,29.0,373.0,1849.0,721.5,15.0,958.0,14.0,0.7,0.6,0.5,30.0,375.0,1850.0,720.0,15.0,960.0,14.0,0.7,0.6,0.5
1974,2,338.0,38.0,13.51,15.6,16.2,15.17,20.0,1.43,10.0,0.6,0.4,0.6,13.65,15.5,16.45,15.25,21.0,1.45,12.0,0.7,0.4,0.5,5.71,7.46,10.06,7.6,15.0,1.88,12.0,0.6,0.4,0.6,57.0,71.3,85.2,71.6,16.0,13.1,12.0,0.6,0.5,5.1,7.45,9.3,7.08,22.0,2.29,12.0,0.7,0.4,0.6,-5.05,4.35,6.61,2.02,22.0,5.24,12.0,0.7,0.4,0.6,-6.06,0.0,4.54,-0.48,22.0,5.08,12.0,0.7,0.4,0.6,1022.41,1027.0,1032.12,1026.73,21.0,5.1,12.0,0.7,0.4,0.6,1.0,6.0,8.0,5.0,22.0,2.8,12.0,0.7,0.4,0.6,-34.1,22.3,44.7,13.1,22.0,42.7,12.0,0.7,0.4,0.6,-52.2,0.0,36.4,-3.4,22.0,43.9,12.0,0.7,0.4,0.6,-1.51,-0.2,0.79,-0.07,19.0,1.61,10.0,0.6,0.4,0.6,-7.5,0.0,5.3,0.3,19.0,10.2,10.0,0.6,0.4,0.6,1.12,2.9,4.64,2.98,15.0,1.7,12.0,0.6,0.4,0.6,7.5,23.8,34.9,22.1,15.0,13.9,12.0,0.6,0.4,0.6,-79.5,73.6,103.6,31.6,21.0,81.5,12.0,0.7,0.4,0.5,-93.9,0.0,61.3,-9.6,21.0,72.4,12.0,0.7,0.4,0.5,-38.4,23.3,54.2,15.3,15.0,44.6,12.0,0.6,0.4,0.6,-37.5,-11.4,33.4,-4.9,15.0,36.1,12.0,0.6,0.4,0.6,-22.3,4.1,15.8,-0.1,15.0,19.4,12.0,0.6,0.4,0.6,-26.2,-1.2,8.8,-7.2,15.0,16.9,12.0,0.6,0.4,0.6,132.5,415.0,804.5,448.0,22.0,301.0,12.0,0.7,0.4,0.6,135.0,415.0,805.0,450.0,22.0,300.0,12.0,0.7,0.4,0.6
1974,2,338.0,39.0,13.43,14.5,15.14,14.4,19.0,1.32,12.0,0.6,0.4,0.4,12.7,14.9,15.77,14.37,21.0,1.68,12.0,0.5,0.5,0.4,7.22,8.07,9.2,8.12,16.0,1.18,10.0,0.6,0.4,0.4,72.4,79.0,86.5,79.6,17.0,8.1,10.0,0.5,0.4,6.21,8.45,12.89,9.04,20.0,3.16,12.0,0.6,0.5,0.3,-4.28,3.95,6.66,2.31,20.0,5.95,12.0,0.6,0.5,0.3,-6.55,3.72,9.35,2.64,20.0,6.91,12.0,0.6,0.5,0.3,1016.9,1023.1,1030.19,1022.57,20.0,7.79,12.0,0.6,0.5,0.4,3.0,6.5,8.0,5.7,20.0,2.3,12.0,0.6,0.5,0.4,-28.6,20.1,83.0,29.2,20.0,67.5,12.0,0.6,0.5,0.3,-43.8,22.5,124.4,37.3,20.0,74.6,12.0,0.6,0.5,0.3,-1.5,0.0,1.83,0.27,19.0,1.74,12.0,0.6,0.4,0.4,-18.6,0.0,17.4,0.5,17.0,16.0,12.0,0.6,0.4,0.4,1.09,1.71,3.1,2.19,15.0,1.44,12.0,0.6,0.4,0.4,11.0,16.9,32.0,20.1,14.0,11.6,12.0,0.6,0.4,0.3,-57.8,49.6,124.7,36.9,19.0,89.4,12.0,0.6,0.5,0.3,-87.6,77.0,151.1,46.5,19.0,103.4,12.0,0.6,0.5,0.3,-6.4,37.7,80.3,29.6,15.0,47.6,10.0,0.6,0.4,0.3,-40.7,62.1,88.3,35.3,15.0,57.4,10.0,0.6,0.4,0.3,-6.0,6.8,15.5,4.3,14.0,13.6,12.0,0.6,0.4,0.3,-13.9,7.9,18.0,4.5,14.0,18.5,12.0,0.6,0.4,0.3,239.5,605.0,2140.5,1005.0,20.0,963.5,12.0,0.6,0.5,0.3,240.0,605.0,2140.0,1005.0,20.0,965.0,12.0,0.6,0.5,0.3
1974,2,338.0,40.0,12.86,14.2,16.0,14.38,24.0,1.56,14.0,0.5,0.6,0.4,12.29,14.0,15.74,14.04,28.0,1.69,14.0,0.5,0.6,0.4,5.6,8.99,9.36,7.87,13.0,1.85,12.0,0.5,0.7,0.3,63.7,76.7,91.6,77.0,14.0,12.9,12.0,0.5,0.4,6.83,9.3,17.56,11.29,29.0,5.4,14.0,0.5,0.6,0.4,-2.26,6.43,14.88,6.0,29.0,8.57,14.0,0.5,0.6,0.4,-7.11,0.0,6.74,0.63,29.0,7.08,14.0,0.5,0.6,0.4,1012.88,1024.8,1031.15,1021.14,27.0,9.77,14.0,0.5,0.6,0.4,3.3,8.0,8.0,6.5,28.0,2.2,14.0,0.5,0.6,0.4,-17.7,58.0,243.1,102.6,29.0,163.2,14.0,0.5,0.6,0.4,-66.3,0.0,79.2,10.6,29.0,106.3,14.0,0.5,0.6,0.4,-0.95,0.0,2.45,0.29,23.0,1.56,14.0,0.5,0.7,0.4,-17.4,-1.0,22.0,3.4,22.0,22.0,14.0,0.5,0.7,0.4,0.82,1.57,3.62,2.02,13.0,1.35,12.0,0.5,0.7,0.3,7.5,17.5,24.5,21.5,12.0,23.5,12.0,0.5,0.7,0.3,-17.6,93.3,172.8,85.3,27.0,117.9,14.0,0.5,0.7,0.4,-82.1,24.1,107.6,21.1,27.0,102.8,14.0,0.5,0.7,0.4,-12.5,56.9,87.6,44.1,12.0,66.9,12.0,0.5,0.7,0.3,-26.7,14.6,90.5,29.2,12.0,57.5,12.0,0.5,0.7,0.3,-7.4,6.4,17.9,11.2,12.0,28.3,12.0,0.5,0.7,0.3,-8.2,0.5,11.3,0.0,12.0,10.7,12.0,0.5,0.7,0.3,319.5,804.5,5424.5,2548.5,29.0,3760.0,14.0,0.5,0.6,0.4,320.0,805.0,5425.0,2550.0,29.0,3760.0,14.0,0.5,0.6,0.4
1974,2,338.0,41.0,12.15,13.6,14.45,13.44,23.0,1.11,14.0,0.7,0.5,0.3,12.0,13.2,15.65,13.59,23.0,1.86,14.0,0.7,0.5,0.3,5.73,7.24,9.34,7.64,20.0,1.8,14.0,0.6,0.5,0.3,65.4,83.3,94.3,80.3,20.0,13.1,14.0,0.6,0.3,3.93,9.65,19.67,11.67,22.0,8.39,14.0,0.7,0.5,0.3,-0.42,6.25,16.7,7.65,22.0,8.35,14.0,0.7,0.5,0.3,-5.12,0.0,8.55,2.5,22.0,8.68,14.0,0.7,0.5,0.3,1003.68,1022.0,1031.7,1018.73,23.0,13.78,14.0,0.7,0.5,0.3,4.0,7.0,8.0,6.0,23.0,2.2,14.0,0.7,0.5,0.3,-1.3,54.7,321.6,147.4,22.0,196.4,14.0,0.7,0.5,0.3,-39.3,0.0,85.0,66.4,22.0,220.8,14.0,0.7,0.5,0.3,-1.45,0.1,1.0,-0.15,23.0,1.41,14.0,0.7,0.5,0.3,-22.2,0.7,9.6,-5.6,22.0,26.0,14.0,0.7,0.5,0.3,0.62,1.97,3.0,1.75,20.0,1.45,14.0,0.6,0.5,0.3,2.4,11.7,43.1,13.8,19.0,22.3,14.0,0.6,0.6,0.3,-5.5,95.2,229.0,106.9,22.0,116.0,14.0,0.7,0.5,0.3,-64.0,0.0,131.5,46.3,22.0,130.6,14.0,0.7,0.5,0.3,-0.7,51.6,111.9,64.5,19.0,69.5,14.0,0.6,0.6,0.3,-34.3,0.0,61.2,26.3,19.0,88.2,14.0,0.6,0.6,0.3,-4.9,5.0,36.4,10.2,19.0,20.2,14.0,0.6,0.6,0.3,-17.9,-2.8,4.4,-6.4,19.0,11.8,14.0,0.6,0.6,0.3,63.5,902.0,7814.5,4418.0,22.0,8128.5,14.0,0.7,0.5,0.3,65.0,900.0,7815.0,4420.0,22.0,8130.0,14.0,0.7,0.5,0.3
1974,2,338.0,42.0,12.0,13.0,14.15,13.07,23.0,1.18,14.0,0.2,0.6,0.4,11.1,12.3,14.3,12.48,26.0,1.42,16.0,0.3,0.6,0.4,6.3,6.8,8.52,7.23,22.0,1.16,14.0,0.2,0.6,0.4,75.6,78.8,89.9,80.8,22.0,7.4,14.0,0.2,0.4,4.5,8.2,14.19,8.74,25.0,4.78,16.0,0.3,0.6,0.4,-3.56,0.96,10.64,3.26,25.0,6.49,16.0,0.3,0.6,0.4,-4.28,0.0,8.95,1.79,25.0,6.77,16.0,0.3,0.6,0.4,1010.9,1025.1,1031.1,1020.61,23.0,14.28,16.0,0.2,0.7,0.4,3.0,6.5,8.0,5.6,24.0,2.4,16.0,0.3,0.6,0.4,-19.8,1.4,121.2,46.8,25.0,82.5,16.0,0.3,0.6,0.4,-29.8,0.0,129.6,33.8,25.0,95.0,16.0,0.3,0.6,0.4,-1.4,0.8,2.55,0.67,23.0,1.97,14.0,0.2,0.6,0.4,-13.2,2.6,21.4,5.7,22.0,22.4,14.0,0.2,0.7,0.4,0.45,2.25,3.49,2.02,21.0,1.42,14.0,0.2,0.7,0.4,2.7,11.9,30.7,16.8,20.0,18.8,14.0,0.3,0.7,0.4,-43.4,11.6,144.7,43.6,25.0,87.3,16.0,0.3,0.6,0.4,-46.7,0.0,121.4,25.9,25.0,82.7,16.0,0.3,0.6,0.4,-21.8,41.2,90.4,34.4,21.0,52.0,14.0,0.2,0.7,0.4,-28.1,0.0,75.2,10.9,21.0,49.8,14.0,0.2,0.7,0.4,-8.1,0.9,21.7,4.8,20.0,14.3,14.0,0.3,0.7,0.4,-12.5,-0.8,3.6,-0.7,20.0,20.5,14.0,0.3,0.7,0.4,92.0,551.5,2870.5,1285.5,25.0,1733.5,16.0,0.3,0.6,0.4,90.0,550.0,2870.0,1285.0,25.0,1735.0,16.0,0.3,0.6,0.4
1974,2,338.0,43.0,11.91,13.0,13.09,12.76,18.0,0.91,14.0,0.6,0.6,0.3,11.03,13.0,14.66,12.98,21.0,1.87,16.0,0.6,0.6,0.4,5.91,7.51,9.25,7.43,16.0,1.63,12.0,0.6,0.5,0.3,71.1,81.9,91.4,80.3,16.0,12.4,12.0,0.6,0.3,4.61,9.65,17.99,11.31,20.0,7.0,16.0,0.6,0.6,0.3,-1.73,7.81,12.99,6.3,20.0,8.45,16.0,0.6,0.6,0.3,-0.85,4.25,10.85,3.9,20.0,7.37,16.0,0.6,0.6,0.3,1007.03,1019.2,1023.24,1016.45,21.0,8.55,16.0,0.6,0.6,0.4,5.7,7.5,8.0,6.6,18.0,2.1,14.0,0.7,0.6,0.3,-8.8,78.1,220.6,113.1,20.0,169.1,16.0,0.6,0.6,0.3,-0.9,42.6,180.7,60.3,20.0,143.3,16.0,0.6,0.6,0.3,-1.65,-0.4,1.65,-0.32,18.0,1.8,14.0,0.6,0.6,0.3,-21.8,-4.4,8.7,-3.6,17.0,21.8,14.0,0.6,0.5,0.3,-0.11,1.19,3.58,1.59,14.0,1.63,12.0,0.6,0.5,0.3,-1.9,12.7,24.9,16.6,13.0,20.7,12.0,0.6,0.5,0.2,-20.2,94.7,157.7,86.7,20.0,113.9,16.0,0.6,0.6,0.3,-9.4,54.9,143.3,55.6,20.0,92.6,16.0,0.6,0.6,0.3,3.4,66.8,95.6,66.6,15.0,70.0,12.0,0.6,0.5,0.2,-18.9,27.9,103.9,38.9,15.0,65.1,12.0,0.6,0.5,0.2,-6.8,1.6,23.6,8.0,13.0,18.8,12.0,0.6,0.5,0.2,-2.4,0.0,18.3,1.3,13.0,17.4,12.0,0.6,0.5,0.2,98.0,902.0,5825.0,3164.5,20.0,4520.5,16.0,0.6,0.6,0.3,100.0,900.0,5825.0,3165.0,20.0,4520.0,16.0,0.6,0.6,0.3
1974,2,338.0,44.0,11.96,12.2,14.0,12.7,25.0,1.3,18.0,0.4,0.5,0.3,11.0,11.6,13.0,11.9,29.0,1.19,18.0,0.4,0.5,0.3,5.73,6.43,7.79,6.59,18.0,1.0,18.0,0.5,0.5,0.3,71.0,77.2,85.4,77.9,18.0,8.5,18.0,0.5,0.3,4.4,8.45,15.84,9.77,30.0,6.26,18.0,0.4,0.5,0.3,-4.5,0.0,14.5,2.86,30.0,8.29,18.0,0.4,0.5,0.3,-4.11,3.03,9.96,1.87,30.0,7.57,18.0,0.4,0.5,0.3,1011.5,1024.75,1035.58,1022.9,30.0,11.0,18.0,0.4,0.5,0.3,4.0,7.0,8.0,6.4,27.0,2.0,18.0,0.4,0.5,0.4,-39.0,0.0,235.0,58.0,30.0,135.9,18.0,0.4,0.5,0.3,-35.1,14.5,109.6,20.1,30.0,139.1,18.0,0.4,0.5,0.3,-0.91,0.55,2.4,0.71,24.0,1.65,18.0,0.4,0.5,0.3,-6.1,3.2,28.6,7.6,24.0,23.2,18.0,0.4,0.5,0.3,1.6,2.45,2.97,2.31,16.0,0.94,18.0,0.5,0.5,0.3,8.6,13.8,50.1,23.4,16.0,22.7,18.0,0.5,0.5,0.3,-55.1,0.0,156.0,27.7,29.0,95.9,18.0,0.4,0.5,0.3,-47.3,37.6,122.5,29.8,29.0,94.7,18.0,0.4,0.5,0.3,-21.9,7.1,79.4,20.0,18.0,52.4,18.0,0.5,0.5,0.3,-29.7,9.5,52.0,10.4,18.0,63.5,18.0,0.5,0.5,0.3,-8.4,2.8,33.4,9.6,16.0,24.8,18.0,0.5,0.5,0.3,-13.2,0.0,8.2,-4.1,16.0,19.1,18.0,0.5,0.5,0.3,86.0,605.0,3986.5,2185.0,30.0,3573.0,18.0,0.4,0.5,0.3,85.0,605.0,3985.0,2185.0,30.0,3575.0,18.0,0.4,0.5,0.3
1974,2,338.0,45.0,11.53,12.0,12.89,12.04,9.0,0.81,16.0,0.6,0.5,0.3,10.81,11.9,12.48,11.69,14.0,1.06,16.0,0.6,0.5,0.3,5.7,6.54,7.88,6.77,9.0,1.26,12.0,0.7,0.5,0.3,66.5,82.8,88.7,79.1,9.0,10.5,12.0,0.7,0.3,4.75,10.55,14.31,9.92,14.0,4.6,16.0,0.6,0.5,0.3,-5.33,3.33,8.27,1.95,14.0,7.2,16.0,0.6,0.5,0.3,-1.19,5.81,9.78,4.34,14.0,7.14,16.0,0.6,0.5,0.3,1005.32,1024.2,1030.15,1018.91,13.0,14.53,16.0,0.6,0.5,0.3,3.8,7.0,8.0,6.3,13.0,2.4,16.0,0.6,0.5,0.3,-48.0,25.0,125.2,18.1,14.0,98.9,16.0,0.6,0.5,0.3,-3.1,52.8,134.8,54.1,14.0,97.5,16.0,0.6,0.5,0.3,-1.08,0.4,1.68,0.29,9.0,1.4,16.0,0.6,0.5,0.3,-5.4,4.7,20.7,5.9,9.0,19.0,16.0,0.6,0.5,0.3,1.02,1.88,2.16,1.82,8.0,1.18,14.0,0.6,0.5,0.3,5.9,18.6,28.0,22.3,8.0,21.1,14.0,0.6,0.5,0.3,-68.5,40.7,99.4,22.3,14.0,82.2,16.0,0.6,0.5,0.3,-13.1,69.7,118.4,48.7,14.0,88.5,16.0,0.6,0.5,0.3,-27.8,33.5,74.6,26.5,9.0,53.0,12.0,0.7,0.5,0.3,9.5,41.1,73.1,29.2,9.0,61.8,12.0,0.7,0.5,0.3,0.0,9.1,14.1,1.5,8.0,25.8,14.0,0.6,0.5,0.3,1.7,10.3,23.9,13.1,8.0,12.1,14.0,0.6,0.5,0.3,113.0,1223.5,2933.0,1540.0,14.0,1477.5,16.0,0.6,0.5,0.3,115.0,1225.0,2935.0,1540.0,14.0,1475.0,16.0,0.6,0.5,0.3
1974,2,338.0,46.0,11.46,12.0,13.0,12.15,11.0,0.95,14.0,0.6,0.6,0.5,8.56,11.1,12.97,10.93,14.0,1.86,14.0,0.6,0.6,0.5,5.42,6.35,7.75,6.56,13.0,1.26,14.0,0.6,0.6,0.5,70.9,80.3,86.7,78.9,13.0,9.7,14.0,0.6,0.5,5.17,12.3,15.4,11.63,14.0,6.18,14.0,0.6,0.6,0.5,-1.68,6.94,11.97,5.46,14.0,9.52,14.0,0.6,0.6,0.5,-11.34,0.4,4.69,-0.88,14.0,7.75,14.0,0.6,0.6,0.5,989.6,1015.8,1025.92,1009.89,14.0,19.96,14.0,0.6,0.6,0.5,5.7,7.0,8.0,6.5,13.0,2.0,14.0,0.6,0.6,0.5,-8.6,50.3,152.2,87.5,14.0,188.1,14.0,0.6,0.6,0.5,-172.8,0.1,54.4,-28.3,14.0,129.5,14.0,0.6,0.6,0.5,-0.55,1.0,2.25,1.04,11.0,1.46,14.0,0.6,0.6,0.5,-4.7,13.4,32.9,17.9,11.0,27.7,14.0,0.6,0.6,0.5,1.25,2.1,3.53,2.21,11.0,1.25,14.0,0.6,0.6,0.5,9.6,26.1,48.2,30.1,11.0,25.7,14.0,0.6,0.6,0.5,-22.5,72.5,140.6,57.1,14.0,94.8,14.0,0.6,0.6,0.5,-96.3,5.1,63.2,0.8,14.0,78.5,14.0,0.6,0.6,0.5,-18.6,41.4,78.8,33.4,13.0,59.1,14.0,0.6,0.6,0.5,-59.6,13.6,46.1,2.7,13.0,49.4,14.0,0.6,0.6,0.5,-4.1,19.6,44.8,18.8,11.0,31.1,14.0,0.6,0.6,0.5,-14.9,-1.1,9.5,-3.4,11.0,17.0,14.0,0.6,0.6,0.5,139.5,1861.0,3652.5,2944.0,14.0,4419.5,14.0,0.6,0.6,0.5,140.0,1860.0,3650.0,2945.0,14.0,4420.0,14.0,0.6,0.6,0.5
1974,2,338.0,47.0,11.5,11.55,11.97,11.64,8.0,0.34,14.0,0.9,0.5,0.3,9.82,10.9,12.02,10.78,13.0,1.09,16.0,0.7,0.7,0.4,5.85,6.17,7.5,6.4,9.0,1.03,14.0,0.8,0.7,0.3,70.6,77.3,84.8,77.0,9.0,9.3,14.0,0.8,0.3,6.57,10.3,18.92,12.08,12.0,6.86,14.0,0.8,0.7,0.4,3.68,6.27,15.8,8.33,12.0,6.41,14.0,0.8,0.7,0.4,-3.86,1.99,14.86,3.25,12.0,8.84,14.0,0.8,0.7,0.4,1007.37,1016.2,1031.1,1016.97,13.0,13.33,16.0,0.7,0.7,0.4,3.0,7.5,8.0,6.3,12.0,2.3,14.0,0.8,0.7,0.4,22.4,44.9,301.7,131.7,12.0,160.3,14.0,0.8,0.7,0.4,-27.8,12.4,226.0,59.9,12.0,161.2,14.0,0.8,0.7,0.4,0.0,0.8,1.54,0.7,8.0,1.13,14.0,0.9,0.5,0.3,0.0,5.5,18.3,6.6,8.0,19.1,14.0,0.9,0.5,0.3,0.58,2.33,3.13,2.12,7.0,1.18,14.0,0.9,0.6,0.3,13.2,16.7,37.9,24.6,7.0,15.8,14.0,0.9,0.6,0.3,37.9,63.9,175.8,93.4,12.0,78.1,14.0,0.8,0.7,0.4,-40.0,21.9,144.5,35.7,12.0,99.4,14.0,0.8,0.7,0.4,29.2,39.9,127.0,66.8,9.0,53.1,14.0,0.8,0.7,0.3,-18.8,24.6,81.3,23.7,9.0,62.6,14.0,0.8,0.7,0.3,9.3,11.7,24.3,16.6,7.0,15.1,14.0,0.9,0.6,0.3,-8.4,8.2,27.6,8.2,7.0,18.1,14.0,0.9,0.6,0.3,285.0,1389.5,7131.0,3447.0,12.0,4507.0,14.0,0.8,0.7,0.4,285.0,1390.0,7130.0,3445.0,12.0,4505.0,14.0,0.8,0.7,0.4
1974,2,338.0,48.0,10.23,11.9,13.07,11.71,8.0,1.23,16.0,0.4,0.5,0.3,9.32,11.0,12.48,10.96,9.0,1.52,16.0,0.4,0.6,0.2,6.0,6.9,7.55,6.82,7.0,1.17,16.0,0.4,0.6,0.3,73.3,91.0,93.7,86.5,7.0,9.7,16.0,0.4,0.3,7.81,9.8,16.03,11.07,10.0,4.58,16.0,0.4,0.6,0.2,-3.59,5.04,10.73,3.92,10.0,6.77,16.0,0.4,0.6,0.2,-4.07,6.61,10.07,4.23,10.0,8.62,16.0,0.4,0.6,0.2,1010.04,1024.8,1029.09,1020.01,10.0,11.74,16.0,0.4,0.6,0.2,3.7,8.0,8.0,6.4,10.0,2.5,16.0,0.4,0.6,0.2,-35.1,36.2,140.9,50.9,10.0,91.1,16.0,0.4,0.6,0.2,-37.9,55.2,143.3,59.7,10.0,139.1,16.0,0.4,0.6,0.2,-1.36,0.75,2.94,0.76,8.0,1.97,16.0,0.4,0.5,0.3,-14.4,7.2,27.5,6.8,8.0,24.0,16.0,0.4,0.5,0.3,0.65,1.82,2.49,1.62,7.0,0.99,16.0,0.4,0.6,0.3,7.0,12.9,24.4,16.7,7.0,12.6,16.0,0.4,0.6,0.3,-46.7,53.2,107.4,41.6,9.0,76.7,16.0,0.4,0.6,0.2,-46.3,72.7,113.0,61.1,9.0,103.0,16.0,0.4,0.6,0.2,-40.5,30.5,68.2,19.5,7.0,49.4,16.0,0.4,0.6,0.3,-37.4,49.1,57.7,18.5,7.0,50.9,16.0,0.4,0.6,0.3,-4.2,0.0,15.9,5.3,7.0,14.7,16.0,0.4,0.6,0.3,-18.5,0.0,12.3,-1.0,7.0,15.3,16.0,0.4,0.6,0.3,516.5,948.5,4132.5,2014.0,10.0,2231.5,16.0,0.4,0.6,0.2,515.0,950.0,4130.0,2015.0,10.0,2230.0,16.0,0.4,0.6,0.2
1974,2,338.0,49.0,9.37,10.25,11.05,10.42,12.0,1.19,16.0,0.7,0.6,0.5,7.37,10.25,11.68,9.78,12.0,2.12,16.0,0.7,0.6,0.5,4.67,5.74,6.91,5.78,9.0,1.32,18.0,0.6,0.5,0.5,65.1,74.7,88.0,74.5,9.0,13.4,18.0,0.6,0.5,6.17,10.55,16.0,11.13,12.0,5.78,16.0,0.7,0.6,0.5,-0.71,5.24,8.51,4.38,12.0,5.44,16.0,0.7,0.6,0.5,-5.43,5.06,13.05,4.82,12.0,9.63,16.0,0.7,0.6,0.5,1005.91,1017.6,1024.42,1012.72,12.0,16.33,16.0,0.7,0.6,0.5,3.8,6.0,7.4,5.4,11.0,2.4,16.0,0.6,0.5,0.5,-11.3,39.1,133.2,55.1,12.0,87.4,16.0,0.7,0.6,0.5,-55.8,29.6,180.7,80.0,12.0,182.4,16.0,0.7,0.6,0.5,-1.75,0.8,3.1,0.63,12.0,2.58,16.0,0.7,0.6,0.5,-19.5,4.3,44.9,10.8,12.0,35.1,16.0,0.7,0.6,0.5,0.26,2.17,3.83,2.16,9.0,1.67,18.0,0.6,0.5,0.5,1.7,14.5,37.2,25.1,9.0,35.7,18.0,0.6,0.5,0.5,-7.4,47.0,87.1,40.8,12.0,46.7,16.0,0.7,0.6,0.5,-40.2,51.7,159.8,56.3,12.0,95.7,16.0,0.7,0.6,0.5,1.0,19.8,45.5,22.3,9.0,25.6,18.0,0.6,0.5,0.5,-3.3,34.3,75.1,38.2,9.0,44.8,18.0,0.6,0.5,0.5,0.0,4.3,18.0,7.9,9.0,15.1,18.0,0.6,0.5,0.5,-8.1,3.1,32.7,16.2,9.0,37.2,18.0,0.6,0.5,0.5,249.0,1223.5,4096.0,2531.5,12.0,3924.5,16.0,0.7,0.6,0.5,250.0,1225.0,4095.0,2530.0,12.0,3925.0,16.0,0.7,0.6,0.5
1974,2,338.0,50.0,9.94,10.3,11.19,10.53,7.0,1.31,12.0,0.4,0.6,0.4,6.41,8.0,9.92,8.21,8.0,2.19,14.0,0.5,0.6,0.4,4.19,4.79,7.33,5.53,7.0,1.86,12.0,0.4,0.6,0.4,65.5,70.4,93.2,78.9,7.0,15.6,12.0,0.4,0.4,6.87,13.85,18.72,12.66,8.0,6.35,14.0,0.5,0.6,0.4,2.21,8.26,14.63,8.01,8.0,6.28,14.0,0.5,0.6,0.4,-6.05,0.34,16.18,2.62,8.0,10.15,14.0,0.5,0.6,0.4,999.52,1012.2,1029.06,1012.51,8.0,16.9,14.0,0.5,0.6,0.4,7.0,8.0,8.0,7.5,8.0,0.8,14.0,0.5,0.6,0.4,10.3,119.7,231.2,125.1,8.0,106.0,14.0,0.5,0.6,0.4,-41.2,18.0,306.9,77.1,8.0,176.8,14.0,0.5,0.6,0.4,0.59,1.5,3.88,2.17,7.0,2.83,12.0,0.4,0.6,0.4,0.4,23.1,50.8,22.5,7.0,29.7,12.0,0.4,0.6,0.4,1.06,2.8,3.62,2.4,7.0,2.12,12.0,0.4,0.6,0.4,6.2,23.8,45.5,24.9,7.0,25.0,12.0,0.4,0.6,0.4,19.5,69.6,103.9,66.7,8.0,48.5,14.0,0.5,0.6,0.4,-34.1,-0.1,161.2,37.6,8.0,101.7,14.0,0.5,0.6,0.4,7.1,57.3,72.7,46.3,7.0,33.1,12.0,0.4,0.6,0.4,-23.0,12.1,130.7,33.9,7.0,77.7,12.0,0.4,0.6,0.4,-5.8,11.9,44.8,16.0,7.0,25.7,12.0,0.4,0.6,0.4,-16.0,-5.6,10.6,-4.3,7.0,19.2,12.0,0.4,0.6,0.4,328.5,2756.5,6596.5,3309.5,8.0,3234.0,14.0,0.5,0.6,0.4,330.0,2755.0,6595.0,3310.0,8.0,3235.0,14.0,0.5,0.6,0.4
1974,2,338.0,51.0,9.19,9.75,10.39,9.72,6.0,1.03,8.0,0.5,0.6,0.2,6.4,9.0,9.86,8.33,7.0,2.18,10.0,0.4,0.6,0.2,4.75,5.49,6.4,5.66,7.0,1.05,10.0,0.4,0.6,0.2,71.2,80.3,89.8,81.4,7.0,9.8,10.0,0.4,0.2,9.03,15.4,19.55,13.73,7.0,5.92,10.0,0.4,0.6,0.2,-0.06,9.16,13.42,7.87,7.0,6.82,10.0,0.4,0.6,0.2,-10.18,1.61,12.4,-0.52,7.0,11.65,10.0,0.4,0.6,0.2,982.47,996.5,1006.75,995.63,7.0,18.63,10.0,0.4,0.6,0.2,4.8,8.0,8.0,6.3,7.0,2.6,10.0,0.4,0.6,0.2,-0.2,85.2,275.5,135.1,7.0,130.4,10.0,0.4,0.6,0.2,-196.6,12.2,154.7,-38.0,7.0,194.9,10.0,0.4,0.6,0.2,0.55,1.25,3.97,1.83,6.0,2.2,8.0,0.5,0.6,0.2,-0.4,18.3,51.8,23.5,6.0,31.9,8.0,0.5,0.6,0.2,0.89,2.33,2.65,1.96,6.0,1.04,8.0,0.5,0.6,0.2,8.4,21.1,46.6,25.1,6.0,18.6,8.0,0.5,0.6,0.2,-0.5,57.9,110.2,60.9,7.0,53.6,10.0,0.4,0.6,0.2,-93.5,7.3,122.4,2.7,7.0,110.4,10.0,0.4,0.6,0.2,-0.3,38.6,75.7,43.3,7.0,38.1,10.0,0.4,0.6,0.2,-63.9,6.8,86.8,-0.1,7.0,71.0,10.0,0.4,0.6,0.2,-0.6,17.0,32.1,16.9,6.0,18.5,8.0,0.5,0.6,0.2,-26.0,0.6,9.3,-6.2,6.0,19.3,8.0,0.5,0.6,0.2,768.0,3652.5,7478.5,3739.0,7.0,3274.5,10.0,0.4,0.6,0.2,770.0,3650.0,7480.0,3740.0,7.0,3275.0,10.0,0.4,0.6,0.2
1974,2,338.0,52.0,10.82,11.3,11.78,11.3,2.0,0.99,18.0,0.5,0.3,0.3,6.07,8.8,10.03,8.07,3.0,2.97,14.0,0.3,0.6,0.5,4.69,6.44,7.02,5.87,3.0,1.78,14.0,0.3,0.6,0.5,76.7,87.9,90.9,83.9,3.0,10.9,14.0,0.3,0.5,12.49,12.9,12.9,12.7,3.0,0.35,14.0,0.3,0.6,0.5,0.68,2.14,8.95,4.75,3.0,6.47,14.0,0.3,0.6,0.5,-10.21,-4.41,6.87,-1.73,3.0,12.72,14.0,0.3,0.6,0.5,976.23,993.7,1008.17,992.23,3.0,23.43,14.0,0.3,0.6,0.5,4.6,8.0,8.0,6.3,3.0,2.9,14.0,0.3,0.6,0.5,8.3,26.3,115.1,60.9,3.0,83.7,14.0,0.3,0.6,0.5,-131.7,-56.9,83.6,-24.8,3.0,160.1,14.0,0.3,0.6,0.5,1.46,1.6,1.74,1.6,2.0,0.28,18.0,0.5,0.3,0.3,18.2,20.2,22.3,20.2,2.0,4.2,18.0,0.5,0.3,0.3,1.46,1.61,1.77,1.61,2.0,0.32,18.0,0.5,0.3,0.3,18.1,20.4,22.7,20.4,2.0,4.7,18.0,0.5,0.3,0.3,7.2,22.6,46.9,26.9,3.0,29.3,14.0,0.3,0.6,0.5,-84.2,-21.2,80.9,-2.1,3.0,122.1,14.0,0.3,0.6,0.5,4.9,15.6,37.0,20.9,3.0,24.0,14.0,0.3,0.6,0.5,-62.2,-17.1,54.8,-4.0,3.0,86.5,14.0,0.3,0.6,0.5,0.5,1.5,2.5,1.5,2.0,2.1,18.0,0.5,0.3,0.3,-17.3,-3.5,10.3,-3.5,2.0,28.7,18.0,0.5,0.3,0.3,1951.5,2146.5,2146.5,2051.5,3.0,165.0,14.0,0.3,0.6,0.5,1950.0,2145.0,2145.0,2050.0,3.0,165.0,14.0,0.3,0.6,0.5
1974,2,338.0,53.0,,,,,,,,,,,,,,,,,,,,,,,,,,,,,,,,,,,,,,,,12.52,13.0,14.3,13.4,3.0,1.35,16.0,0.3,0.4,0.6,5.52,8.36,12.82,9.15,3.0,5.39,16.0,0.3,0.4,0.6,3.16,9.96,11.05,7.17,3.0,6.26,16.0,0.3,0.4,0.6,1004.15,1012.65,1021.15,1012.65,2.0,17.61,12.0,0.5,0.3,0.6,2.8,4.5,6.2,4.5,2.0,3.5,24.0,0.5,0.3,0.5,69.8,108.6,186.0,127.5,3.0,86.7,16.0,0.3,0.4,0.6,41.1,129.5,138.1,90.5,3.0,78.7,16.0,0.3,0.4,0.6,,,,,,,,,,,,,,,,,,,,,,,,,,,,,,,,,,,,,,,,,,,,,,,,,,,,,,,,,,,,,,,,,,,,,,,,,,,,,,,,,,,,,,,,,,,,,,,,,,,,,,,,,,,,,,,,,,,,,,,,
1974,2,338.0,54.0,8.67,9.3,9.94,9.26,5.0,0.77,18.0,0.6,0.4,0.3,7.16,8.9,9.07,8.22,5.0,1.2,18.0,0.6,0.4,0.3,5.37,5.95,6.11,5.72,5.0,0.67,18.0,0.6,0.4,0.3,80.6,86.1,87.8,84.4,5.0,4.7,18.0,0.6,0.3,6.12,12.9,15.08,11.0,5.0,4.78,18.0,0.6,0.4,0.3,-1.56,4.79,10.01,4.66,5.0,6.81,18.0,0.6,0.4,0.3,-8.06,1.74,8.83,0.58,5.0,10.01,18.0,0.6,0.4,0.3,999.0,1019.2,1024.62,1012.7,5.0,14.68,18.0,0.6,0.4,0.3,6.3,8.0,8.0,7.2,5.0,1.3,18.0,0.6,0.4,0.3,-15.5,24.4,151.9,64.3,5.0,103.4,18.0,0.6,0.4,0.3,-121.7,8.9,87.9,-11.3,5.0,134.0,18.0,0.6,0.4,0.3,-0.15,1.0,2.41,1.04,5.0,1.5,18.0,0.6,0.4,0.3,0.5,6.0,33.5,14.7,5.0,19.5,18.0,0.6,0.4,0.3,1.09,1.48,2.04,1.53,5.0,0.74,18.0,0.6,0.4,0.3,5.9,21.7,28.6,18.7,5.0,14.0,18.0,0.6,0.4,0.3,-13.0,43.1,75.9,34.9,5.0,47.9,18.0,0.6,0.4,0.3,-63.3,15.7,73.8,4.9,5.0,82.9,18.0,0.6,0.4,0.3,-9.3,29.1,52.1,23.8,5.0,33.6,18.0,0.6,0.4,0.3,-43.2,10.6,53.0,5.0,5.0,58.4,18.0,0.6,0.4,0.3,-1.8,7.1,20.1,9.9,5.0,15.8,18.0,0.6,0.4,0.3,-15.2,2.6,10.1,-0.8,5.0,16.2,18.0,0.6,0.4,0.3,239.5,2146.5,3433.5,1908.0,5.0,1642.5,18.0,0.6,0.4,0.3,240.0,2145.0,3435.0,1910.0,5.0,1645.0,18.0,0.6,0.4,0.3
1974,2,338.0,55.0,8.16,8.5,9.52,8.83,3.0,1.04,10.0,0.7,0.6,0.3,3.56,5.4,7.86,5.7,3.0,3.16,10.0,0.7,0.6,0.3,4.76,5.44,6.12,5.44,2.0,1.4,14.0,1.0,0.6,0.4,80.6,84.5,88.5,84.5,2.0,8.2,14.0,1.0,0.4,9.69,12.9,17.06,13.37,3.0,5.42,10.0,0.7,0.6,0.3,3.2,5.27,14.45,8.74,3.0,8.77,10.0,0.7,0.6,0.3,-3.24,3.3,9.72,3.24,3.0,9.49,10.0,0.7,0.6,0.3,995.07,996.3,1006.06,1000.47,3.0,8.82,10.0,0.7,0.6,0.3,8.0,8.0,8.0,8.0,2.0,0.0,14.0,1.0,0.6,0.4,33.4,43.2,256.4,142.5,3.0,184.6,10.0,0.7,0.6,0.3,-15.3,62.7,131.8,58.4,3.0,107.8,10.0,0.7,0.6,0.3,1.12,4.6,5.08,3.13,3.0,3.17,10.0,0.7,0.6,0.3,9.4,43.5,73.5,41.5,3.0,47.0,10.0,0.7,0.6,0.3,0.91,1.88,2.85,1.88,2.0,2.01,14.0,1.0,0.6,0.4,14.9,34.3,53.7,34.3,2.0,40.2,14.0,1.0,0.6,0.4,16.1,20.2,75.4,45.1,3.0,48.5,10.0,0.7,0.6,0.3,-5.9,17.8,83.7,38.4,3.0,68.0,10.0,0.7,0.6,0.3,25.3,48.8,72.3,48.8,2.0,48.6,14.0,1.0,0.6,0.4,25.3,48.2,71.1,48.2,2.0,47.4,14.0,1.0,0.6,0.4,10.7,31.4,52.1,31.4,2.0,42.9,14.0,1.0,0.6,0.4,6.6,8.3,10.1,8.3,2.0,3.6,14.0,1.0,0.6,0.4,1057.5,2146.5,5363.5,3185.5,3.0,3279.5,10.0,0.7,0.6,0.3,1060.0,2145.0,5365.0,3185.0,3.0,3280.0,10.0,0.7,0.6,0.3
1974,2,338.0,56.0,10.5,10.5,10.5,10.5,1.0,0.0,2.0,1.0,0.2,0.3,4.86,5.0,5.14,5.0,2.0,0.28,12.0,1.0,0.5,0.2,3.83,3.83,3.83,3.83,1.0,0.0,22.0,1.0,0.9,0.1,71.6,71.6,71.6,71.6,1.0,0.0,22.0,1.0,0.1,19.25,19.8,20.35,19.8,2.0,1.13,12.0,1.0,0.5,0.2,19.25,19.8,20.35,19.8,2.0,1.13,12.0,1.0,0.5,0.2,0.0,0.0,0.0,0.0,2.0,0.0,12.0,1.0,0.5,0.2,1002.08,1003.75,1005.42,1003.75,2.0,3.46,12.0,1.0,0.5,0.2,6.0,6.0,6.0,6.0,2.0,0.0,12.0,1.0,0.5,0.2,371.1,392.7,414.3,392.7,2.0,44.8,12.0,1.0,0.5,0.2,0.0,0.0,0.0,0.0,2.0,0.0,12.0,1.0,0.5,0.2,,,,,,,,,,,,,,,,,,,,,,,,,,,,,,,,,,,,,,,,,98.8,98.8,98.9,98.8,2.0,0.1,12.0,1.0,0.5,0.2,0.0,0.0,0.0,0.0,2.0,0.0,12.0,1.0,0.5,0.2,78.9,78.9,78.9,78.9,1.0,0.0,22.0,1.0,0.9,0.1,0.0,0.0,0.0,0.0,1.0,0.0,22.0,1.0,0.9,0.1,,,,,,,,,,,,,,,,,,,,,,,,,,,,,,,,,,,,,,,,
1974,2,338.0,57.0,9.32,10.0,10.0,9.67,3.0,0.58,18.0,0.7,0.7,0.8,4.6,4.8,5.62,5.1,3.0,0.79,18.0,0.7,0.7,0.8,3.66,4.03,4.4,4.03,2.0,0.77,12.0,1.0,0.6,0.7,66.7,74.1,81.6,74.1,2.0,15.4,12.0,1.0,0.7,3.13,7.7,9.13,6.17,3.0,4.6,18.0,0.7,0.7,0.8,0.88,4.9,6.49,3.72,3.0,4.24,18.0,0.7,0.7,0.8,-5.85,-0.17,1.74,-2.01,3.0,5.78,18.0,0.7,0.7,0.8,978.59,982.0,1010.87,994.43,3.0,25.99,18.0,0.7,0.7,0.8,5.5,6.5,7.5,6.5,2.0,2.1,20.0,0.5,0.9,0.9,14.6,48.0,53.3,34.2,3.0,30.8,18.0,0.7,0.7,0.8,-56.8,-0.2,13.8,-21.0,3.0,54.8,18.0,0.7,0.7,0.8,4.16,4.5,4.98,4.57,3.0,0.6,18.0,0.7,0.7,0.8,13.7,34.7,45.8,29.9,3.0,23.8,18.0,0.7,0.7,0.8,3.02,3.58,4.14,3.58,2.0,1.16,12.0,1.0,0.6,0.7,24.8,32.2,39.7,32.2,2.0,15.4,12.0,1.0,0.6,0.7,3.4,23.5,29.7,16.7,3.0,20.1,18.0,0.7,0.7,0.8,-28.1,-1.0,7.8,-10.0,3.0,27.4,18.0,0.7,0.7,0.8,19.6,25.1,30.5,25.1,2.0,11.3,12.0,1.0,0.6,0.7,-23.0,-8.8,5.4,-8.8,2.0,29.4,12.0,1.0,0.6,0.7,20.3,20.8,21.3,20.8,2.0,1.1,12.0,1.0,0.6,0.7,-30.3,-15.0,0.2,-15.0,2.0,31.6,12.0,1.0,0.6,0.7,145.5,456.5,787.5,466.0,3.0,470.0,18.0,0.7,0.7,0.8,145.0,455.0,785.0,465.0,3.0,470.0,18.0,0.7,0.7,0.8
1974,2,338.0,58.0,8.2,8.2,8.2,8.2,1.0,0.0,12.0,0.0,0.4,0.2,3.79,4.2,4.75,4.27,3.0,0.7,14.0,0.3,0.3,0.3,2.7,2.7,2.7,2.7,1.0,0.0,12.0,0.0,0.4,0.2,51.2,51.2,51.2,51.2,1.0,0.0,12.0,0.0,0.2,11.82,14.0,25.54,18.57,3.0,10.8,14.0,0.3,0.3,0.3,-17.6,7.0,7.87,-4.59,3.0,21.18,14.0,0.3,0.3,0.3,-9.42,-6.94,6.07,-1.8,3.0,12.19,14.0,0.3,0.3,0.3,983.96,997.0,1007.85,995.93,3.0,17.52,14.0,0.3,0.3,0.3,4.6,6.0,7.4,6.0,2.0,2.8,10.0,0.5,0.4,0.2,-584.1,89.4,95.3,-236.6,3.0,572.1,14.0,0.3,0.3,0.3,-246.7,-75.0,92.1,-77.3,3.0,248.2,14.0,0.3,0.3,0.3,4.0,4.0,4.0,4.0,1.0,0.0,12.0,0.0,0.4,0.2,43.2,43.2,43.2,43.2,1.0,0.0,12.0,0.0,0.4,0.2,4.27,4.27,4.27,4.27,1.0,0.0,12.0,0.0,0.4,0.2,46.1,46.1,46.1,46.1,1.0,0.0,12.0,0.0,0.4,0.2,-91.1,25.2,31.7,-28.4,3.0,101.2,14.0,0.3,0.3,0.3,-45.3,-29.2,20.5,-12.8,3.0,50.3,14.0,0.3,0.3,0.3,22.3,22.3,22.3,22.3,1.0,0.0,12.0,0.0,0.4,0.2,-18.7,-18.7,-18.7,-18.7,1.0,0.0,12.0,0.0,0.4,0.2,35.3,35.3,35.3,35.3,1.0,0.0,12.0,0.0,0.4,0.2,-29.7,-29.7,-29.7,-29.7,1.0,0.0,12.0,0.0,0.4,0.2,1731.0,2744.0,21010.0,11169.0,3.0,15895.5,14.0,0.3,0.3,0.3,1730.0,2745.0,21010.0,11170.0,3.0,15895.0,14.0,0.3,0.3,0.3
1974,2,338.0,59.0,8.04,8.25,9.35,8.68,4.0,1.1,18.0,0.8,0.6,0.2,4.29,4.7,6.9,5.55,4.0,2.19,18.0,0.8,0.6,0.2,3.63,3.87,4.52,4.06,4.0,0.65,18.0,0.8,0.6,0.2,70.4,71.4,73.4,71.9,4.0,2.1,18.0,0.8,0.2,11.78,13.85,15.4,13.6,4.0,2.12,18.0,0.8,0.6,0.2,7.1,11.99,14.3,10.75,4.0,4.95,18.0,0.8,0.6,0.2,4.33,6.93,9.23,6.79,4.0,3.31,18.0,0.8,0.6,0.2,1007.26,1008.9,1015.42,1011.23,4.0,6.45,18.0,0.8,0.6,0.2,4.5,5.5,6.5,5.5,4.0,1.3,18.0,0.8,0.6,0.2,85.3,168.2,220.1,153.4,4.0,85.0,18.0,0.8,0.6,0.2,57.6,97.1,119.3,88.8,4.0,37.9,18.0,0.8,0.6,0.2,2.26,3.4,3.96,3.13,4.0,1.17,18.0,0.8,0.6,0.2,30.3,42.8,52.4,41.4,4.0,14.4,18.0,0.8,0.6,0.2,2.67,2.89,3.16,2.91,4.0,0.29,18.0,0.8,0.6,0.2,34.4,39.2,44.6,39.5,4.0,6.4,18.0,0.8,0.6,0.2,32.4,56.2,99.1,65.4,4.0,49.5,18.0,0.8,0.6,0.2,26.4,32.5,39.1,32.7,4.0,8.1,18.0,0.8,0.6,0.2,27.4,46.2,63.4,45.4,4.0,25.5,18.0,0.8,0.6,0.2,18.7,26.7,33.4,26.1,4.0,10.0,18.0,0.8,0.6,0.2,19.9,34.4,41.0,30.6,4.0,13.5,18.0,0.8,0.6,0.2,11.5,19.9,29.3,20.4,4.0,11.5,18.0,0.8,0.6,0.2,1642.0,2756.5,3652.5,2652.0,4.0,1167.5,18.0,0.8,0.6,0.2,1640.0,2755.0,3650.0,2650.0,4.0,1165.0,18.0,0.8,0.6,0.2
1974,2,338.0,60.0,7.57,8.35,9.13,8.35,2.0,1.63,22.0,0.0,0.8,0.4,1.79,5.2,7.25,4.53,3.0,4.04,24.0,0.0,0.7,0.6,3.37,3.37,3.37,3.37,1.0,0.0,18.0,0.0,0.9,0.3,85.1,85.1,85.1,85.1,1.0,0.0,18.0,0.0,0.3,11.63,13.0,23.24,17.33,3.0,9.29,24.0,0.0,0.7,0.6,-0.93,1.91,7.14,3.08,3.0,6.0,24.0,0.0,0.7,0.6,11.46,12.8,22.02,16.65,3.0,8.43,24.0,0.0,0.7,0.6,981.13,981.4,996.96,988.87,3.0,13.28,24.0,0.0,0.7,0.6,7.2,7.5,7.8,7.5,2.0,0.7,22.0,0.0,0.8,0.4,-13.4,21.0,189.7,86.6,3.0,159.2,24.0,0.0,0.7,0.6,134.2,166.4,555.7,340.8,3.0,343.7,24.0,0.0,0.7,0.6,4.73,5.65,6.57,5.65,2.0,1.91,22.0,0.0,0.8,0.4,78.1,126.0,173.8,126.0,2.0,99.1,22.0,0.0,0.8,0.4,3.12,3.12,3.12,3.12,1.0,0.0,18.0,0.0,0.9,0.3,87.4,87.4,87.4,87.4,1.0,0.0,18.0,0.0,0.9,0.3,-7.4,1.9,11.3,1.9,3.0,13.7,24.0,0.0,0.7,0.6,24.7,66.6,81.8,53.6,3.0,43.3,24.0,0.0,0.7,0.6,32.3,32.3,32.3,32.3,1.0,0.0,18.0,0.0,0.9,0.3,88.7,88.7,88.7,88.7,1.0,0.0,18.0,0.0,0.9,0.3,29.9,29.9,29.9,29.9,1.0,0.0,18.0,0.0,0.9,0.3,82.1,82.1,82.1,82.1,1.0,0.0,18.0,0.0,0.9,0.3,1606.0,2197.0,15682.0,8493.5,3.0,11663.5,24.0,0.0,0.7,0.6,1605.0,2195.0,15680.0,8495.0,3.0,11665.0,24.0,0.0,0.7,0.6
1974,2,338.0,61.0,,,,,,,,,,,,,,,,,,,,,,,,,,,,,,,,,,,,,,,,11.16,15.8,20.44,15.8,2.0,9.62,20.0,0.0,0.3,0.4,-16.95,-7.73,1.5,-7.73,2.0,19.11,20.0,0.0,0.3,0.4,7.03,7.31,7.6,7.31,2.0,0.59,20.0,0.0,0.3,0.4,997.38,1002.5,1007.62,1002.5,2.0,10.61,20.0,0.0,0.3,0.4,,,,,,,,,,,,,,,,,,,,,,,,,,,,,,,,,,,,,,,,,,,,,,,,,,,,,,,,,,,,,,,,,,,,,,,,,,,,,,,,,,,,,,,,,,,,,,,,,,,,,,,,,,,,,,,,,,,,,,,,,,,,,,,,,,,,,,,,,,,,,,,,,,,,,,
1974,2,338.0,62.0,,,,,,,,,,,,,,,,,,,,,,,,,,,,,,,,,,,,,,,,13.11,15.5,17.89,15.5,2.0,4.95,18.0,0.5,0.4,0.4,-5.91,3.73,13.37,3.73,2.0,19.97,18.0,0.5,0.4,0.4,-4.02,0.25,4.51,0.25,2.0,8.84,18.0,0.5,0.4,0.4,983.54,991.15,998.76,991.15,2.0,15.77,18.0,0.5,0.4,0.4,,,,,,,,,,,,,,,,,,,,,,,,,,,,,,,,,,,,,,,,,,,,,,,,,,,,,,,,,,,,,,,,,,,,,,,,,,,,,,,,,,,,,,,,,,,,,,,,,,,,,,,,,,,,,,,,,,,,,,,,,,,,,,,,,,,,,,,,,,,,,,,,,,,,,,
1974,2,338.0,63.0,5.5,6.1,6.77,6.11,22.0,0.57,16.0,0.4,0.7,0.4,0.14,2.2,6.72,2.95,35.0,3.31,16.0,0.3,0.7,0.4,3.8,6.14,6.71,5.29,4.0,2.14,16.0,0.5,0.7,0.4,81.9,95.4,100.0,91.1,4.0,12.4,16.0,0.5,0.4,6.7,12.3,16.95,12.74,36.0,5.57,16.0,0.3,0.7,0.4,-9.42,-1.25,7.08,-1.31,36.0,8.35,16.0,0.3,0.7,0.4,-11.52,-3.14,12.35,0.15,36.0,11.24,16.0,0.3,0.7,0.4,974.3,994.4,1004.5,991.73,37.0,12.8,16.0,0.4,0.7,0.4,3.0,7.0,8.0,6.3,37.0,2.1,16.0,0.4,0.7,0.4,-115.9,-8.3,89.5,-25.4,36.0,156.6,16.0,0.3,0.7,0.4,-147.8,-16.8,176.0,13.2,36.0,201.2,16.0,0.3,0.7,0.4,0.57,5.3,6.67,4.2,21.0,3.17,14.0,0.3,0.7,0.4,8.0,35.5,98.3,57.8,21.0,67.6,14.0,0.3,0.7,0.4,-0.82,-0.04,2.2,0.65,4.0,2.05,16.0,0.5,0.7,0.4,-15.7,-1.1,58.9,20.6,4.0,55.4,16.0,0.5,0.7,0.4,-10.9,0.0,45.6,10.1,35.0,39.2,16.0,0.3,0.7,0.4,-8.8,2.4,58.7,25.1,35.0,46.8,16.0,0.3,0.7,0.4,-71.1,-24.1,24.8,-23.2,4.0,60.2,16.0,0.5,0.7,0.4,-21.1,58.6,123.9,51.7,4.0,84.8,16.0,0.5,0.7,0.4,-46.5,-9.0,-2.8,-23.9,4.0,36.2,16.0,0.5,0.7,0.4,-41.7,-15.1,-6.8,-23.9,4.0,28.4,16.0,0.5,0.7,0.4,301.0,1861.0,4878.5,3320.0,36.0,4537.0,16.0,0.3,0.7,0.4,300.0,1860.0,4880.0,3320.0,36.0,4535.0,16.0,0.3,0.7,0.4
1974,2,338.0,64.0,,,,,,,,,,,,,,,,,,,,,,,,,,,,,,,,,,,,,,,,19.0,19.0,19.0,19.0,1.0,0.0,4.0,0.0,0.2,0.0,-19.0,-19.0,-19.0,-19.0,1.0,0.0,4.0,0.0,0.2,0.0,0.0,0.0,0.0,0.0,1.0,0.0,4.0,0.0,0.2,0.0,994.4,994.4,994.4,994.4,1.0,0.0,4.0,0.0,0.2,0.0,,,,,,,,,,,,,,,,,,,,,,,,,,,,,,,,,,,,,,,,,,,,,,,,,,,,,,,,,,,,,,,,,,,,,,,,,,,,,,,,,,,,,,,,,,,,,,,,,,,,,,,,,,,,,,,,,,,,,,,,,,,,,,,,,,,,,,,,,,,,,,,,,,,,,,
1974,2,338.0,66.0,,,,,,,,,,,,,,,,,,,,,,,,,,,,,,,,,,,,,,,,9.3,12.3,19.0,14.31,7.0,4.55,6.0,0.6,0.8,0.5,-16.45,-9.42,-4.01,-9.75,7.0,6.4,6.0,0.6,0.8,0.5,-11.59,-9.5,-5.25,-6.77,7.0,7.39,6.0,0.6,0.8,0.5,1000.57,1004.0,1005.86,1004.46,7.0,5.05,6.0,0.6,0.8,0.5,,,,,,,,,,,,,,,,,,,,,,,,,,,,,,,,,,,,,,,,,,,,,,,,,,,,,,,,,,,,,,,,,,,,,,,,,,,,,,,,,,,,,,,,,,,,,,,,,,,,,,,,,,,,,,,,,,,,,,,,,,,,,,,,,,,,,,,,,,,,,,,,,,,,,,
1974,2,339.0,-73.0,,,,,,,,,,,,,,,,,,,,,,,,,,,,,,,,,,,,,,,,5.1,5.1,5.1,5.1,1.0,0.0,28.0,1.0,0.1,0.3,-3.28,-3.28,-3.28,-3.28,1.0,0.0,28.0,1.0,0.1,0.3,-3.91,-3.91,-3.91,-3.91,1.0,0.0,28.0,1.0,0.1,0.3,977.3,977.3,977.3,977.3,1.0,0.0,28.0,1.0,0.1,0.3,,,,,,,,,,,,,,,,,,,,,,,,,,,,,,,,,,,,,,,,,,,,,,,,,,,,,,,,,,,,,,,,,,,,,,,,,,,,,,,,,,,,,,,,,,,,,,,,,,,,,,,,,,,,,,,,,,,,,,,,,,,,,,,,,,,,,,,,,,,,,,,,,,,,,,
1974,2,339.0,-37.0,,,,,,,,,,,,,,,,,,,,,,,,,,,,,,,,,,,,,,,,,,,,,,,,,,,,,,,,,,,,,,,,,,,,,,,,,,,,,,,,5.0,5.0,5.0,5.0,1.0,0.0,6.0,0.0,0.4,0.7,16.7,16.7,16.7,16.7,1.0,0.0,6.0,0.0,0.4,0.7,19.9,19.9,19.9,19.9,1.0,0.0,6.0,0.0,0.4,0.7,,,,,,,,,,,,,,,,,,,,,,,,,,,,,,,,,,,,,,,,,,,,,,,,,,,,,,,,,,,,,,,,,,,,,,,,,,,,,,,,,,,,,,,,,,,,,,,,,,,,,,,,,,,,,,,,,,,,,,,,
1974,2,339.0,-36.0,22.1,22.1,22.1,22.1,1.0,0.0,4.0,0.0,0.7,0.4,21.5,21.5,21.5,21.5,1.0,0.0,4.0,0.0,0.7,0.4,10.7,10.7,10.7,10.7,1.0,0.0,4.0,0.0,0.7,0.4,67.8,67.8,67.8,67.8,1.0,0.0,4.0,0.0,0.4,,,,,,,,,,,,,,,,,,,,,,,,,,,,,,,,,,,,,,,,,,,,,,,,,,,,,,,,,,,,,,,,,,,,,,,,,,,,,,,,,,,,,,,,,,,,,,,,,,,,,,,,,,,,,,,,,,,,,,,,,,,,,,,,,,,,,,,,,,,,,,,,,,,,,,,,,,,,,,,,,,,,,,,,,,,,,,,,,,,,,,,,,,,,,,
1974,2,339.0,-35.0,23.3,23.3,23.3,23.3,1.0,0.0,18.0,1.0,0.9,1.0,25.0,25.0,25.0,25.0,1.0,0.0,18.0,1.0,0.9,1.0,15.73,15.73,15.73,15.73,1.0,0.0,18.0,1.0,0.9,1.0,79.4,79.4,79.4,79.4,1.0,0.0,18.0,1.0,1.0,14.4,14.4,14.4,14.4,1.0,0.0,18.0,1.0,0.9,1.0,11.03,11.03,11.03,11.03,1.0,0.0,18.0,1.0,0.9,1.0,-9.26,-9.26,-9.26,-9.26,1.0,0.0,18.0,1.0,0.9,1.0,1009.3,1009.3,1009.3,1009.3,1.0,0.0,18.0,1.0,0.9,1.0,2.0,2.0,2.0,2.0,1.0,0.0,18.0,1.0,0.9,1.0,158.8,158.8,158.8,158.8,1.0,0.0,18.0,1.0,0.9,1.0,-133.3,-133.3,-133.3,-133.3,1.0,0.0,18.0,1.0,0.9,1.0,-1.7,-1.7,-1.7,-1.7,1.0,0.0,18.0,1.0,0.9,1.0,-24.5,-24.5,-24.5,-24.5,1.0,0.0,18.0,1.0,0.9,1.0,2.17,2.17,2.17,2.17,1.0,0.0,18.0,1.0,0.9,1.0,31.3,31.3,31.3,31.3,1.0,0.0,18.0,1.0,0.9,1.0,275.8,275.8,275.8,275.8,1.0,0.0,18.0,1.0,0.9,1.0,-231.4,-231.4,-231.4,-231.4,1.0,0.0,18.0,1.0,0.9,1.0,173.5,173.5,173.5,173.5,1.0,0.0,18.0,1.0,0.9,1.0,-145.6,-145.6,-145.6,-145.6,1.0,0.0,18.0,1.0,0.9,1.0,23.9,23.9,23.9,23.9,1.0,0.0,18.0,1.0,0.9,1.0,-20.1,-20.1,-20.1,-20.1,1.0,0.0,18.0,1.0,0.9,1.0,2986.0,2986.0,2986.0,2986.0,1.0,0.0,18.0,1.0,0.9,1.0,2985.0,2985.0,2985.0,2985.0,1.0,0.0,18.0,1.0,0.9,1.0
1974,2,339.0,-34.0,22.67,23.05,23.43,23.05,2.0,0.78,8.0,0.5,0.5,0.6,20.51,20.75,20.99,20.75,2.0,0.49,8.0,0.5,0.5,0.6,11.35,11.46,11.57,11.46,2.0,0.23,8.0,0.5,0.5,0.6,75.6,75.9,76.2,75.9,2.0,0.6,8.0,0.5,0.6,4.26,4.6,4.94,4.6,2.0,0.71,8.0,0.5,0.5,0.6,-3.79,-3.52,-3.26,-3.52,2.0,0.54,8.0,0.5,0.5,0.6,2.74,2.96,3.18,2.96,2.0,0.45,8.0,0.5,0.5,0.6,1018.6,1019.9,1021.2,1019.9,2.0,2.69,8.0,0.5,0.5,0.6,5.0,5.0,5.0,5.0,2.0,0.0,8.0,0.5,0.5,0.6,-18.8,-16.4,-14.0,-16.4,2.0,5.0,8.0,0.5,0.5,0.6,11.7,13.8,15.8,13.8,2.0,4.2,8.0,0.5,0.5,0.6,1.69,2.3,2.91,2.3,2.0,1.27,8.0,0.5,0.5,0.6,7.4,11.0,14.6,11.0,2.0,7.5,8.0,0.5,0.5,0.6,5.46,5.99,6.52,5.99,2.0,1.11,8.0,0.5,0.5,0.6,23.4,27.9,32.5,27.9,2.0,9.3,8.0,0.5,0.5,0.6,-77.6,-73.0,-68.4,-73.0,2.0,9.5,8.0,0.5,0.5,0.6,57.4,61.2,65.1,61.2,2.0,8.0,8.0,0.5,0.5,0.6,-42.9,-40.3,-37.7,-40.3,2.0,5.4,8.0,0.5,0.5,0.6,31.7,33.8,36.0,33.8,2.0,4.5,8.0,0.5,0.5,0.6,-24.9,-21.4,-18.0,-21.4,2.0,7.1,8.0,0.5,0.5,0.6,15.1,18.0,20.9,18.0,2.0,6.0,8.0,0.5,0.5,0.6,79.0,101.0,122.5,101.0,2.0,45.0,8.0,0.5,0.5,0.6,80.0,100.0,125.0,100.0,2.0,45.0,8.0,0.5,0.5,0.6
1974,2,339.0,-29.0,24.5,24.5,24.5,24.5,1.0,0.0,20.0,1.0,0.9,0.5,24.4,24.4,24.4,24.4,1.0,0.0,20.0,1.0,0.9,0.5,11.83,11.83,11.83,11.83,1.0,0.0,20.0,1.0,0.9,0.5,62.6,62.6,62.6,62.6,1.0,0.0,20.0,1.0,0.5,5.1,5.1,5.1,5.1,1.0,0.0,20.0,1.0,0.9,0.5,-5.02,-5.02,-5.02,-5.02,1.0,0.0,20.0,1.0,0.9,0.5,-0.89,-0.89,-0.89,-0.89,1.0,0.0,20.0,1.0,0.9,0.5,1017.2,1017.2,1017.2,1017.2,1.0,0.0,20.0,1.0,0.9,0.5,7.0,7.0,7.0,7.0,1.0,0.0,20.0,1.0,0.9,0.5,-25.6,-25.6,-25.6,-25.6,1.0,0.0,20.0,1.0,0.9,0.5,-4.5,-4.5,-4.5,-4.5,1.0,0.0,20.0,1.0,0.9,0.5,0.1,0.1,0.1,0.1,1.0,0.0,20.0,1.0,0.9,0.5,0.5,0.5,0.5,0.5,1.0,0.0,20.0,1.0,0.9,0.5,7.28,7.28,7.28,7.28,1.0,0.0,20.0,1.0,0.9,0.5,37.1,37.1,37.1,37.1,1.0,0.0,20.0,1.0,0.9,0.5,-122.5,-122.5,-122.5,-122.5,1.0,0.0,20.0,1.0,0.9,0.5,-21.6,-21.6,-21.6,-21.6,1.0,0.0,20.0,1.0,0.9,0.5,-59.4,-59.4,-59.4,-59.4,1.0,0.0,20.0,1.0,0.9,0.5,-10.5,-10.5,-10.5,-10.5,1.0,0.0,20.0,1.0,0.9,0.5,-36.5,-36.5,-36.5,-36.5,1.0,0.0,20.0,1.0,0.9,0.5,-6.4,-6.4,-6.4,-6.4,1.0,0.0,20.0,1.0,0.9,0.5,132.5,132.5,132.5,132.5,1.0,0.0,20.0,1.0,0.9,0.5,135.0,135.0,135.0,135.0,1.0,0.0,20.0,1.0,0.9,0.5
1974,2,339.0,-27.0,25.0,25.0,25.0,25.0,1.0,0.0,20.0,0.0,0.2,0.7,23.5,23.5,23.5,23.5,1.0,0.0,20.0,0.0,0.2,0.7,15.05,15.05,15.05,15.05,1.0,0.0,20.0,0.0,0.2,0.7,83.8,83.8,83.8,83.8,1.0,0.0,20.0,0.0,0.7,,,,,,,,,,,,,,,,,,,,,,,,,,,,,,,,,,,,,,,,,,,,,,,,,,,,,,,,,,,,,,,,,,,,,,,,,,,,,,,,,,,,,,,,,,,,,,,,,,,,,,,,,,,,,,,,,,,,,,,,,,,,,,,,,,,,,,,,,,,,,,,,,,,,,,,,,,,,,,,,,,,,,,,,,,,,,,,,,,,,,,,,,,,,,,
1974,2,339.0,-26.0,24.5,24.5,24.5,24.5,1.0,0.0,10.0,0.0,0.2,0.6,23.8,23.8,23.8,23.8,1.0,0.0,10.0,0.0,0.2,0.6,14.26,14.26,14.26,14.26,1.0,0.0,10.0,0.0,0.2,0.6,78.3,78.3,78.3,78.3,1.0,0.0,10.0,0.0,0.6,10.3,10.3,10.3,10.3,1.0,0.0,10.0,0.0,0.2,0.6,-10.14,-10.14,-10.14,-10.14,1.0,0.0,10.0,0.0,0.2,0.6,1.79,1.79,1.79,1.79,1.0,0.0,10.0,0.0,0.2,0.6,1020.1,1020.1,1020.1,1020.1,1.0,0.0,10.0,0.0,0.2,0.6,4.0,4.0,4.0,4.0,1.0,0.0,10.0,0.0,0.2,0.6,-104.5,-104.5,-104.5,-104.5,1.0,0.0,10.0,0.0,0.2,0.6,18.4,18.4,18.4,18.4,1.0,0.0,10.0,0.0,0.2,0.6,0.7,0.7,0.7,0.7,1.0,0.0,10.0,0.0,0.2,0.6,7.2,7.2,7.2,7.2,1.0,0.0,10.0,0.0,0.2,0.6,4.79,4.79,4.79,4.79,1.0,0.0,10.0,0.0,0.2,0.6,49.3,49.3,49.3,49.3,1.0,0.0,10.0,0.0,0.2,0.6,-241.4,-241.4,-241.4,-241.4,1.0,0.0,10.0,0.0,0.2,0.6,42.6,42.6,42.6,42.6,1.0,0.0,10.0,0.0,0.2,0.6,-144.7,-144.7,-144.7,-144.7,1.0,0.0,10.0,0.0,0.2,0.6,25.5,25.5,25.5,25.5,1.0,0.0,10.0,0.0,0.2,0.6,-48.6,-48.6,-48.6,-48.6,1.0,0.0,10.0,0.0,0.2,0.6,8.6,8.6,8.6,8.6,1.0,0.0,10.0,0.0,0.2,0.6,1092.5,1092.5,1092.5,1092.5,1.0,0.0,10.0,0.0,0.2,0.6,1095.0,1095.0,1095.0,1095.0,1.0,0.0,10.0,0.0,0.2,0.6
1974,2,339.0,-22.0,27.0,27.0,27.0,27.0,1.0,0.0,14.0,1.0,0.3,0.1,26.4,26.4,26.4,26.4,1.0,0.0,14.0,1.0,0.3,0.1,14.58,14.58,14.58,14.58,1.0,0.0,14.0,1.0,0.3,0.1,67.9,67.9,67.9,67.9,1.0,0.0,14.0,1.0,0.1,4.6,4.6,4.6,4.6,1.0,0.0,14.0,1.0,0.3,0.1,-4.32,-4.32,-4.32,-4.32,1.0,0.0,14.0,1.0,0.3,0.1,1.57,1.57,1.57,1.57,1.0,0.0,14.0,1.0,0.3,0.1,1010.5,1010.5,1010.5,1010.5,1.0,0.0,14.0,1.0,0.3,0.1,1.0,1.0,1.0,1.0,1.0,0.0,14.0,1.0,0.3,0.1,-19.9,-19.9,-19.9,-19.9,1.0,0.0,14.0,1.0,0.3,0.1,7.2,7.2,7.2,7.2,1.0,0.0,14.0,1.0,0.3,0.1,0.6,0.6,0.6,0.6,1.0,0.0,14.0,1.0,0.3,0.1,2.8,2.8,2.8,2.8,1.0,0.0,14.0,1.0,0.3,0.1,7.77,7.77,7.77,7.77,1.0,0.0,14.0,1.0,0.3,0.1,35.8,35.8,35.8,35.8,1.0,0.0,14.0,1.0,0.3,0.1,-114.1,-114.1,-114.1,-114.1,1.0,0.0,14.0,1.0,0.3,0.1,41.5,41.5,41.5,41.5,1.0,0.0,14.0,1.0,0.3,0.1,-63.0,-63.0,-63.0,-63.0,1.0,0.0,14.0,1.0,0.3,0.1,22.9,22.9,22.9,22.9,1.0,0.0,14.0,1.0,0.3,0.1,-33.6,-33.6,-33.6,-33.6,1.0,0.0,14.0,1.0,0.3,0.1,12.2,12.2,12.2,12.2,1.0,0.0,14.0,1.0,0.3,0.1,97.5,97.5,97.5,97.5,1.0,0.0,14.0,1.0,0.3,0.1,95.0,95.0,95.0,95.0,1.0,0.0,14.0,1.0,0.3,0.1
1974,2,339.0,-19.0,,,,,,,,,,,,,,,,,,,,,,,,,,,,,,,,,,,,,,,,6.2,6.2,6.2,6.2,1.0,0.0,12.0,0.0,0.1,0.9,-6.11,-6.11,-6.11,-6.11,1.0,0.0,12.0,0.0,0.1,0.9,1.08,1.08,1.08,1.08,1.0,0.0,12.0,0.0,0.1,0.9,1015.2,1015.2,1015.2,1015.2,1.0,0.0,12.0,0.0,0.1,0.9,,,,,,,,,,,,,,,,,,,,,,,,,,,,,,,,,,,,,,,,,,,,,,,,,,,,,,,,,,,,,,,,,,,,,,,,,,,,,,,,,,,,,,,,,,,,,,,,,,,,,,,,,,,,,,,,,,,,,,,,,,,,,,,,,,,,,,,,,,,,,,,,,,,,,,
1974,2,339.0,-18.0,,,,,,,,,,,,,,,,,,,,,,,,,,,,,,,,,,,,,,,,11.0,11.0,11.0,11.0,1.0,0.0,12.0,1.0,0.7,0.9,-10.83,-10.83,-10.83,-10.83,1.0,0.0,12.0,1.0,0.7,0.9,1.91,1.91,1.91,1.91,1.0,0.0,12.0,1.0,0.7,0.9,1013.4,1013.4,1013.4,1013.4,1.0,0.0,12.0,1.0,0.7,0.9,,,,,,,,,,,,,,,,,,,,,,,,,,,,,,,,,,,,,,,,,,,,,,,,,,,,,,,,,,,,,,,,,,,,,,,,,,,,,,,,,,,,,,,,,,,,,,,,,,,,,,,,,,,,,,,,,,,,,,,,,,,,,,,,,,,,,,,,,,,,,,,,,,,,,,
1974,2,339.0,-17.0,25.17,25.55,25.93,25.55,2.0,0.78,16.0,1.0,0.5,0.9,24.68,25.5,26.32,25.5,2.0,1.7,16.0,1.0,0.5,0.9,14.2,15.8,17.41,15.8,2.0,3.33,16.0,1.0,0.5,0.9,73.3,77.3,81.3,77.3,2.0,8.3,16.0,1.0,0.9,4.17,5.4,6.63,5.4,2.0,2.55,16.0,1.0,0.5,0.9,-6.5,-5.24,-3.97,-5.24,2.0,2.62,16.0,1.0,0.5,0.9,-0.86,-0.01,0.84,-0.01,2.0,1.75,16.0,1.0,0.5,0.9,1013.63,1014.55,1015.47,1014.55,2.0,1.91,16.0,1.0,0.5,0.9,3.6,5.0,6.4,5.0,2.0,2.8,16.0,1.0,0.5,0.9,-44.9,-31.6,-18.3,-31.6,2.0,27.5,16.0,1.0,0.5,0.9,-6.9,-2.3,2.3,-2.3,2.0,9.5,16.0,1.0,0.5,0.9,-0.39,0.05,0.49,0.05,2.0,0.92,16.0,1.0,0.5,0.9,-3.2,-0.9,1.4,-0.9,2.0,4.8,16.0,1.0,0.5,0.9,3.49,4.62,5.75,4.62,2.0,2.34,16.0,1.0,0.5,0.9,21.5,22.0,22.4,22.0,2.0,0.9,16.0,1.0,0.5,0.9,-172.3,-135.8,-99.2,-135.8,2.0,75.7,16.0,1.0,0.5,0.9,-23.3,-1.7,19.9,-1.7,2.0,44.8,16.0,1.0,0.5,0.9,-115.6,-87.1,-58.7,-87.1,2.0,58.9,16.0,1.0,0.5,0.9,-16.5,-3.1,10.3,-3.1,2.0,27.8,16.0,1.0,0.5,0.9,-21.2,-21.1,-21.1,-21.1,2.0,0.1,16.0,1.0,0.5,0.9,-1.9,2.0,5.9,2.0,2.0,8.1,16.0,1.0,0.5,0.9,98.5,210.0,321.5,210.0,2.0,231.0,16.0,1.0,0.5,0.9,100.0,210.0,320.0,210.0,2.0,230.0,16.0,1.0,0.5,0.9
1974,2,339.0,-16.0,25.16,25.5,25.84,25.5,2.0,0.71,20.0,1.0,0.4,1.0,26.33,26.6,26.87,26.6,2.0,0.57,20.0,1.0,0.4,1.0,13.65,13.65,13.65,13.65,1.0,0.0,14.0,1.0,0.1,1.0,64.6,64.6,64.6,64.6,1.0,0.0,14.0,1.0,1.0,3.66,3.8,3.94,3.8,2.0,0.28,20.0,1.0,0.4,1.0,-3.85,-3.66,-3.47,-3.66,2.0,0.39,20.0,1.0,0.4,1.0,-0.39,0.27,0.93,0.27,2.0,1.36,20.0,1.0,0.4,1.0,1014.33,1015.25,1016.17,1015.25,2.0,1.91,20.0,1.0,0.4,1.0,1.2,1.5,1.8,1.5,2.0,0.7,20.0,1.0,0.4,1.0,-15.2,-14.0,-12.7,-14.0,2.0,2.5,20.0,1.0,0.4,1.0,-1.6,0.8,3.3,0.8,2.0,5.1,20.0,1.0,0.4,1.0,-1.17,-1.1,-1.03,-1.1,2.0,0.14,20.0,1.0,0.4,1.0,-4.3,-4.2,-4.1,-4.2,2.0,0.2,20.0,1.0,0.4,1.0,6.11,6.11,6.11,6.11,1.0,0.0,14.0,1.0,0.1,1.0,22.0,22.0,22.0,22.0,1.0,0.0,14.0,1.0,0.1,1.0,-103.5,-97.5,-91.4,-97.5,2.0,12.5,20.0,1.0,0.4,1.0,-10.7,6.8,24.2,6.8,2.0,36.1,20.0,1.0,0.4,1.0,-46.2,-46.2,-46.2,-46.2,1.0,0.0,14.0,1.0,0.1,1.0,16.8,16.8,16.8,16.8,1.0,0.0,14.0,1.0,0.1,1.0,-20.7,-20.7,-20.7,-20.7,1.0,0.0,14.0,1.0,0.1,1.0,7.5,7.5,7.5,7.5,1.0,0.0,14.0,1.0,0.1,1.0,49.5,55.5,61.0,55.5,2.0,12.5,20.0,1.0,0.4,1.0,50.0,55.0,60.0,55.0,2.0,10.0,20.0,1.0,0.4,1.0
1974,2,339.0,-15.0,,,,,,,,,,,,,,,,,,,,,,,,,,,,,,,,,,,,,,,,3.62,5.8,7.98,5.8,2.0,4.53,10.0,0.5,0.9,0.3,-7.43,-5.22,-3.02,-5.22,2.0,4.57,10.0,0.5,0.9,0.3,1.89,2.37,2.85,2.37,2.0,0.99,10.0,0.5,0.9,0.3,1011.0,1011.0,1011.0,1011.0,1.0,0.0,8.0,0.0,0.9,0.5,3.2,3.5,3.8,3.5,2.0,0.7,10.0,0.5,0.9,0.3,-64.9,-40.6,-16.4,-40.6,2.0,50.2,10.0,0.5,0.9,0.3,8.1,16.0,24.0,16.0,2.0,16.5,10.0,0.5,0.9,0.3,,,,,,,,,,,,,,,,,,,,,,,,,,,,,,,,,,,,,,,,,,,,,,,,,,,,,,,,,,,,,,,,,,,,,,,,,,,,,,,,,,,,,,,,,,,,,,,,,,,,,,,,,,,,,,,,,,,,,,,,
1974,2,339.0,-14.0,25.53,25.6,25.94,25.73,3.0,0.32,22.0,0.3,0.6,0.5,24.72,25.4,27.86,26.27,3.0,2.42,22.0,0.3,0.6,0.5,14.81,15.08,18.42,16.58,3.0,2.94,22.0,0.3,0.6,0.5,75.0,79.4,79.5,77.3,3.0,3.8,22.0,0.3,0.5,5.11,6.2,6.54,5.83,3.0,1.1,22.0,0.3,0.6,0.5,-6.03,-4.6,-4.18,-5.1,3.0,1.42,22.0,0.3,0.6,0.5,0.0,0.0,3.24,1.58,3.0,2.74,22.0,0.3,0.6,0.5,1010.93,1014.0,1015.43,1013.2,3.0,3.37,22.0,0.3,0.6,0.5,0.6,2.0,2.0,1.3,3.0,1.2,22.0,0.3,0.6,0.5,-38.5,-24.7,-22.3,-30.3,3.0,12.8,22.0,0.3,0.6,0.5,0.0,0.0,20.1,9.8,3.0,17.0,22.0,0.3,0.6,0.5,-2.33,0.2,1.22,-0.53,3.0,2.68,22.0,0.3,0.6,0.5,-15.7,0.9,7.5,-4.0,3.0,17.5,22.0,0.3,0.6,0.5,2.16,5.76,5.94,4.09,3.0,3.12,22.0,0.3,0.6,0.5,10.6,26.5,33.9,22.4,3.0,17.4,22.0,0.3,0.6,0.5,-169.7,-116.8,-103.5,-136.1,3.0,51.3,22.0,0.3,0.6,0.5,0.0,0.0,79.1,38.6,3.0,66.9,22.0,0.3,0.6,0.5,-112.7,-67.5,-62.5,-87.1,3.0,40.6,22.0,0.3,0.6,0.5,0.0,0.0,48.9,23.9,3.0,41.4,22.0,0.3,0.6,0.5,-25.7,-24.0,-9.9,-17.9,3.0,12.8,22.0,0.3,0.6,0.5,0.0,0.0,19.5,9.5,3.0,16.5,22.0,0.3,0.6,0.5,142.0,238.5,281.0,212.0,3.0,104.0,22.0,0.3,0.6,0.5,140.0,240.0,280.0,210.0,3.0,105.0,22.0,0.3,0.6,0.5
1974,2,339.0,-13.0,26.0,26.0,26.0,26.0,1.0,0.0,4.0,1.0,0.7,0.4,26.5,26.5,26.5,26.5,1.0,0.0,4.0,1.0,0.7,0.4,16.51,16.51,16.51,16.51,1.0,0.0,4.0,1.0,0.7,0.4,76.3,76.3,76.3,76.3,1.0,0.0,4.0,1.0,0.4,7.7,7.7,7.7,7.7,1.0,0.0,4.0,1.0,0.7,0.4,-7.24,-7.24,-7.24,-7.24,1.0,0.0,4.0,1.0,0.7,0.4,2.63,2.63,2.63,2.63,1.0,0.0,4.0,1.0,0.7,0.4,1010.5,1010.5,1010.5,1010.5,1.0,0.0,4.0,1.0,0.7,0.4,4.0,4.0,4.0,4.0,1.0,0.0,4.0,1.0,0.7,0.4,-55.7,-55.7,-55.7,-55.7,1.0,0.0,4.0,1.0,0.7,0.4,20.3,20.3,20.3,20.3,1.0,0.0,4.0,1.0,0.7,0.4,-0.5,-0.5,-0.5,-0.5,1.0,0.0,4.0,1.0,0.7,0.4,-3.8,-3.8,-3.8,-3.8,1.0,0.0,4.0,1.0,0.7,0.4,4.55,4.55,4.55,4.55,1.0,0.0,4.0,1.0,0.7,0.4,35.0,35.0,35.0,35.0,1.0,0.0,4.0,1.0,0.7,0.4,-191.7,-191.7,-191.7,-191.7,1.0,0.0,4.0,1.0,0.7,0.4,69.8,69.8,69.8,69.8,1.0,0.0,4.0,1.0,0.7,0.4,-119.4,-119.4,-119.4,-119.4,1.0,0.0,4.0,1.0,0.7,0.4,43.5,43.5,43.5,43.5,1.0,0.0,4.0,1.0,0.7,0.4,-32.9,-32.9,-32.9,-32.9,1.0,0.0,4.0,1.0,0.7,0.4,12.0,12.0,12.0,12.0,1.0,0.0,4.0,1.0,0.7,0.4,456.5,456.5,456.5,456.5,1.0,0.0,4.0,1.0,0.7,0.4,455.0,455.0,455.0,455.0,1.0,0.0,4.0,1.0,0.7,0.4
1974,2,339.0,-12.0,26.27,27.15,27.56,26.93,4.0,0.94,12.0,0.5,0.6,0.6,25.21,26.25,26.98,26.1,4.0,1.28,12.0,0.5,0.6,0.6,14.72,15.6,17.51,16.09,4.0,2.05,12.0,0.5,0.6,0.6,72.9,75.0,79.2,76.0,4.0,4.8,12.0,0.5,0.6,2.71,4.85,5.68,4.23,4.0,2.25,12.0,0.5,0.6,0.6,-4.93,-4.54,-2.46,-3.73,4.0,2.0,12.0,0.5,0.6,0.6,0.31,1.11,2.84,1.55,4.0,1.75,12.0,0.5,0.6,0.6,1011.32,1011.95,1012.26,1011.8,4.0,0.72,12.0,0.5,0.6,0.6,2.0,3.5,4.5,3.3,4.0,1.7,12.0,0.5,0.6,0.6,-27.8,-22.9,-9.9,-19.0,4.0,12.8,12.0,0.5,0.6,0.6,0.3,3.9,16.4,8.1,4.0,11.5,12.0,0.5,0.6,0.6,0.18,0.9,1.46,0.83,4.0,0.82,12.0,0.5,0.6,0.6,1.2,5.1,8.1,4.7,4.0,4.1,12.0,0.5,0.6,0.6,4.98,6.67,7.29,6.16,4.0,1.68,12.0,0.5,0.6,0.6,17.3,35.3,38.8,28.4,4.0,16.7,12.0,0.5,0.6,0.6,-124.9,-115.0,-65.4,-96.0,4.0,50.7,12.0,0.5,0.6,0.6,8.4,29.6,70.7,39.1,4.0,42.3,12.0,0.5,0.6,0.6,-74.6,-66.8,-39.1,-57.3,4.0,29.3,12.0,0.5,0.6,0.6,5.8,18.1,41.1,23.2,4.0,24.3,12.0,0.5,0.6,0.6,-34.6,-30.2,-15.8,-25.4,4.0,15.5,12.0,0.5,0.6,0.6,1.1,6.7,18.5,9.7,4.0,11.4,12.0,0.5,0.6,0.6,47.0,115.0,188.0,117.5,4.0,98.0,12.0,0.5,0.6,0.6,45.0,115.0,190.0,115.0,4.0,100.0,12.0,0.5,0.6,0.6
1974,2,339.0,-10.0,26.56,27.55,28.54,27.55,2.0,2.05,26.0,1.0,0.5,0.9,27.83,27.9,27.97,27.9,2.0,0.14,26.0,1.0,0.5,0.9,16.88,16.99,17.1,16.99,2.0,0.23,26.0,1.0,0.5,0.9,72.5,72.5,72.5,72.5,2.0,0.0,26.0,1.0,0.9,5.35,5.9,6.45,5.9,2.0,1.13,26.0,1.0,0.5,0.9,-6.0,-5.36,-4.71,-5.36,2.0,1.33,26.0,1.0,0.5,0.9,2.33,2.42,2.51,2.42,2.0,0.18,26.0,1.0,0.5,0.9,1010.35,1012.6,1014.85,1012.6,2.0,4.67,26.0,1.0,0.5,0.9,2.0,2.0,2.0,2.0,2.0,0.0,26.0,1.0,0.5,0.9,-39.1,-32.4,-25.6,-32.4,2.0,13.9,26.0,1.0,0.5,0.9,13.4,14.2,15.0,14.2,2.0,1.7,26.0,1.0,0.5,0.9,-1.27,-0.35,0.57,-0.35,2.0,1.91,26.0,1.0,0.5,0.9,-6.2,-1.0,4.3,-1.0,2.0,10.9,26.0,1.0,0.5,0.9,4.84,6.14,7.44,6.14,2.0,2.69,26.0,1.0,0.5,0.9,26.7,37.8,48.8,37.8,2.0,22.8,26.0,1.0,0.5,0.9,-167.8,-149.5,-131.3,-149.5,2.0,37.8,26.0,1.0,0.5,0.9,65.2,67.5,69.8,67.5,2.0,4.8,26.0,1.0,0.5,0.9,-102.6,-91.1,-79.7,-91.1,2.0,23.8,26.0,1.0,0.5,0.9,39.9,41.1,42.3,41.1,2.0,2.6,26.0,1.0,0.5,0.9,-45.6,-34.7,-23.8,-34.7,2.0,22.6,26.0,1.0,0.5,0.9,12.0,14.6,17.2,14.6,2.0,5.4,26.0,1.0,0.5,0.9,159.5,216.5,274.0,216.5,2.0,119.0,26.0,1.0,0.5,0.9,160.0,215.0,275.0,215.0,2.0,120.0,26.0,1.0,0.5,0.9
1974,2,339.0,-7.0,26.38,27.2,27.47,26.93,3.0,0.83,16.0,0.7,0.3,0.6,26.63,26.9,27.17,26.9,2.0,0.57,18.0,0.5,0.2,0.8,17.57,17.6,17.62,17.6,2.0,0.05,18.0,0.5,0.2,0.8,78.4,79.5,80.6,79.5,2.0,2.3,18.0,0.5,0.8,4.1,4.1,5.87,4.97,3.0,1.5,16.0,0.7,0.3,0.6,-4.79,-4.04,-2.68,-3.74,3.0,1.56,16.0,0.7,0.3,0.6,0.64,3.55,4.07,2.38,3.0,2.71,16.0,0.7,0.3,0.6,1010.83,1012.2,1012.2,1011.53,3.0,1.15,16.0,0.7,0.3,0.6,0.3,1.0,1.7,1.0,3.0,1.0,16.0,0.7,0.3,0.6,-28.7,-16.6,-11.0,-19.8,3.0,13.3,16.0,0.7,0.3,0.6,2.6,14.6,24.3,13.5,3.0,15.9,16.0,0.7,0.3,0.6,-0.37,-0.1,0.17,-0.1,2.0,0.57,18.0,0.5,0.2,0.8,-1.4,0.0,1.4,0.0,2.0,2.9,18.0,0.5,0.2,0.8,3.82,4.5,5.18,4.5,2.0,1.41,18.0,0.5,0.2,0.8,17.9,25.6,33.3,25.6,2.0,15.9,18.0,0.5,0.2,0.8,-134.9,-123.6,-112.3,-123.6,2.0,23.4,18.0,0.5,0.2,0.8,2.8,49.4,95.9,49.4,2.0,96.5,18.0,0.5,0.2,0.8,-87.4,-80.7,-74.0,-80.7,2.0,13.9,18.0,0.5,0.2,0.8,1.5,31.7,61.9,31.7,2.0,62.5,18.0,0.5,0.2,0.8,-26.0,-21.2,-16.4,-21.2,2.0,9.9,18.0,0.5,0.2,0.8,1.7,10.6,19.5,10.6,2.0,18.5,18.0,0.5,0.2,0.8,69.0,69.0,227.0,146.0,3.0,134.0,16.0,0.7,0.3,0.6,70.0,70.0,225.0,145.0,3.0,135.0,16.0,0.7,0.3,0.6
1974,2,339.0,-6.0,25.0,25.0,25.0,25.0,1.0,0.0,14.0,1.0,0.7,0.9,27.4,27.4,27.4,27.4,1.0,0.0,14.0,1.0,0.7,0.9,16.61,16.61,16.61,16.61,1.0,0.0,14.0,1.0,0.7,0.9,72.8,72.8,72.8,72.8,1.0,0.0,14.0,1.0,0.9,5.7,5.7,5.7,5.7,1.0,0.0,14.0,1.0,0.7,0.9,-2.85,-2.85,-2.85,-2.85,1.0,0.0,14.0,1.0,0.7,0.9,4.94,4.94,4.94,4.94,1.0,0.0,14.0,1.0,0.7,0.9,1010.7,1010.7,1010.7,1010.7,1.0,0.0,14.0,1.0,0.7,0.9,1.0,1.0,1.0,1.0,1.0,0.0,14.0,1.0,0.7,0.9,-16.2,-16.2,-16.2,-16.2,1.0,0.0,14.0,1.0,0.7,0.9,28.1,28.1,28.1,28.1,1.0,0.0,14.0,1.0,0.7,0.9,-2.4,-2.4,-2.4,-2.4,1.0,0.0,14.0,1.0,0.7,0.9,-13.7,-13.7,-13.7,-13.7,1.0,0.0,14.0,1.0,0.7,0.9,3.21,3.21,3.21,3.21,1.0,0.0,14.0,1.0,0.7,0.9,18.3,18.3,18.3,18.3,1.0,0.0,14.0,1.0,0.7,0.9,-78.1,-78.1,-78.1,-78.1,1.0,0.0,14.0,1.0,0.7,0.9,135.3,135.3,135.3,135.3,1.0,0.0,14.0,1.0,0.7,0.9,-47.3,-47.3,-47.3,-47.3,1.0,0.0,14.0,1.0,0.7,0.9,82.0,82.0,82.0,82.0,1.0,0.0,14.0,1.0,0.7,0.9,-9.2,-9.2,-9.2,-9.2,1.0,0.0,14.0,1.0,0.7,0.9,15.9,15.9,15.9,15.9,1.0,0.0,14.0,1.0,0.7,0.9,185.0,185.0,185.0,185.0,1.0,0.0,14.0,1.0,0.7,0.9,185.0,185.0,185.0,185.0,1.0,0.0,14.0,1.0,0.7,0.9
1974,2,339.0,-3.0,27.33,27.6,27.87,27.6,2.0,0.57,2.0,0.0,0.3,0.4,24.52,25.65,26.78,25.65,2.0,2.33,2.0,0.0,0.3,0.4,18.9,18.9,18.9,18.9,1.0,0.0,2.0,0.0,0.5,0.4,83.2,83.2,83.2,83.2,1.0,0.0,2.0,0.0,0.4,4.02,4.05,4.08,4.05,2.0,0.07,2.0,0.0,0.3,0.4,-3.71,-3.02,-2.32,-3.02,2.0,1.44,2.0,0.0,0.3,0.4,-2.8,-1.38,0.05,-1.38,2.0,2.95,2.0,0.0,0.3,0.4,1010.04,1010.55,1011.06,1010.55,2.0,1.06,2.0,0.0,0.3,0.4,6.3,7.0,7.7,7.0,2.0,1.4,2.0,0.0,0.3,0.4,-15.2,-12.3,-9.4,-12.3,2.0,6.0,2.0,0.0,0.3,0.4,-11.2,-5.5,0.3,-5.5,2.0,11.9,2.0,0.0,0.3,0.4,0.55,1.95,3.35,1.95,2.0,2.9,2.0,0.0,0.3,0.4,2.2,7.8,13.4,7.8,2.0,11.6,2.0,0.0,0.3,0.4,3.74,3.74,3.74,3.74,1.0,0.0,2.0,0.0,0.5,0.4,15.3,15.3,15.3,15.3,1.0,0.0,2.0,0.0,0.5,0.4,-100.4,-79.1,-57.9,-79.1,2.0,44.0,2.0,0.0,0.3,0.4,-66.9,-31.9,3.2,-31.9,2.0,72.5,2.0,0.0,0.3,0.4,-76.3,-76.3,-76.3,-76.3,1.0,0.0,2.0,0.0,0.5,0.4,13.5,13.5,13.5,13.5,1.0,0.0,2.0,0.0,0.5,0.4,-15.1,-15.1,-15.1,-15.1,1.0,0.0,2.0,0.0,0.5,0.4,2.7,2.7,2.7,2.7,1.0,0.0,2.0,0.0,0.5,0.4,65.0,66.5,68.0,66.5,2.0,3.5,2.0,0.0,0.3,0.4,65.0,65.0,70.0,65.0,2.0,5.0,2.0,0.0,0.3,0.4
1974,2,339.0,-2.0,27.32,28.0,29.37,28.33,3.0,1.53,16.0,0.7,0.5,0.8,26.45,27.0,27.0,26.73,3.0,0.46,16.0,0.7,0.5,0.8,18.95,18.95,18.95,18.95,1.0,0.0,22.0,1.0,0.6,0.6,86.7,90.0,93.3,90.0,2.0,6.8,22.0,0.5,0.8,3.1,3.1,3.1,3.1,2.0,0.0,22.0,0.5,0.3,0.8,-0.93,0.41,1.75,0.41,2.0,2.78,22.0,0.5,0.3,0.8,2.1,2.34,2.57,2.34,2.0,0.49,22.0,0.5,0.3,0.8,1008.45,1010.5,1012.55,1010.5,2.0,4.24,12.0,1.0,0.7,0.7,4.0,6.0,6.7,5.3,3.0,2.1,16.0,0.7,0.5,0.8,-2.9,1.3,5.4,1.3,2.0,8.6,22.0,0.5,0.3,0.8,6.5,7.2,8.0,7.2,2.0,1.5,22.0,0.5,0.3,0.8,0.32,1.0,2.91,1.6,3.0,1.97,16.0,0.7,0.5,0.8,1.9,5.9,9.9,5.9,2.0,8.3,22.0,0.5,0.3,0.8,3.34,3.34,3.34,3.34,1.0,0.0,22.0,1.0,0.6,0.6,10.4,10.4,10.4,10.4,1.0,0.0,22.0,1.0,0.6,0.6,-24.0,11.8,47.5,11.8,2.0,74.1,22.0,0.5,0.3,0.8,56.4,62.1,67.7,62.1,2.0,11.7,22.0,0.5,0.3,0.8,45.0,45.0,45.0,45.0,1.0,0.0,22.0,1.0,0.6,0.6,37.8,37.8,37.8,37.8,1.0,0.0,22.0,1.0,0.6,0.6,7.9,7.9,7.9,7.9,1.0,0.0,22.0,1.0,0.6,0.6,6.7,6.7,6.7,6.7,1.0,0.0,22.0,1.0,0.6,0.6,30.0,30.0,30.0,30.0,2.0,0.0,22.0,0.5,0.3,0.8,30.0,30.0,30.0,30.0,2.0,0.0,22.0,0.5,0.3,0.8
1974,2,339.0,-1.0,27.05,27.15,27.25,27.15,2.0,0.21,14.0,0.5,0.1,0.3,24.0,24.0,24.0,24.0,2.0,0.0,14.0,0.5,0.1,0.3,16.46,16.76,17.05,16.76,2.0,0.61,14.0,0.5,0.1,0.3,88.7,90.2,91.7,90.2,2.0,3.1,14.0,0.5,0.3,3.02,3.05,3.08,3.05,2.0,0.07,14.0,0.5,0.1,0.3,-0.19,0.51,1.22,0.51,2.0,1.46,14.0,0.5,0.1,0.3,-2.06,-0.13,1.79,-0.13,2.0,3.99,14.0,0.5,0.1,0.3,1013.5,1014.35,1015.2,1014.35,2.0,1.77,14.0,0.5,0.1,0.3,7.2,7.5,7.8,7.5,2.0,0.7,14.0,0.5,0.1,0.3,-0.6,1.6,3.8,1.6,2.0,4.5,14.0,0.5,0.1,0.3,-6.1,-0.3,5.6,-0.3,2.0,12.2,14.0,0.5,0.1,0.3,3.05,3.15,3.25,3.15,2.0,0.21,14.0,0.5,0.1,0.3,9.4,9.6,9.8,9.6,2.0,0.4,14.0,0.5,0.1,0.3,5.57,5.71,5.85,5.71,2.0,0.29,14.0,0.5,0.1,0.3,16.8,17.4,18.1,17.4,2.0,1.3,14.0,0.5,0.1,0.3,-4.6,12.3,29.3,12.3,2.0,35.1,14.0,0.5,0.1,0.3,-49.4,-3.2,43.0,-3.2,2.0,95.7,14.0,0.5,0.1,0.3,-3.5,8.2,19.9,8.2,2.0,24.2,14.0,0.5,0.1,0.3,-35.8,-3.5,28.8,-3.5,2.0,66.9,14.0,0.5,0.1,0.3,-1.0,3.2,7.3,3.2,2.0,8.5,14.0,0.5,0.1,0.3,-11.2,-0.2,10.8,-0.2,2.0,22.7,14.0,0.5,0.1,0.3,27.5,28.5,29.5,28.5,2.0,2.0,14.0,0.5,0.1,0.3,25.0,30.0,30.0,30.0,2.0,0.0,14.0,0.5,0.1,0.3
1974,2,339.0,0.0,27.4,27.5,27.94,27.7,5.0,0.56,12.0,0.4,0.4,0.2,26.07,26.5,26.8,26.4,5.0,0.53,12.0,0.4,0.4,0.2,17.45,18.82,18.92,18.26,5.0,0.93,12.0,0.4,0.4,0.2,80.8,85.7,88.0,84.7,5.0,5.2,12.0,0.4,0.2,4.0,4.0,4.75,4.37,3.0,0.64,8.0,0.7,0.4,0.1,-4.45,-3.06,-3.06,-3.74,3.0,1.18,8.0,0.7,0.4,0.1,0.82,2.57,2.57,1.71,3.0,1.48,8.0,0.7,0.4,0.1,1008.37,1009.0,1009.29,1008.86,5.0,0.72,12.0,0.4,0.4,0.2,2.6,4.0,7.0,4.6,5.0,2.3,12.0,0.4,0.4,0.2,-21.6,-12.3,-12.3,-16.8,3.0,7.9,8.0,0.7,0.4,0.1,3.3,10.3,10.3,6.9,3.0,5.9,8.0,0.7,0.4,0.1,0.6,1.0,1.87,1.3,5.0,1.09,12.0,0.4,0.4,0.2,2.4,2.4,11.9,7.0,3.0,8.0,8.0,0.7,0.4,0.1,4.01,5.27,6.06,5.1,5.0,1.05,12.0,0.4,0.4,0.2,16.0,16.0,25.9,20.8,3.0,8.3,8.0,0.7,0.4,0.1,-114.8,-82.1,-82.1,-98.1,3.0,27.7,8.0,0.7,0.4,0.1,21.9,68.9,68.9,45.9,3.0,39.8,8.0,0.7,0.4,0.1,-83.9,-58.0,-58.0,-70.6,3.0,22.0,8.0,0.7,0.4,0.1,15.4,48.6,48.6,32.4,3.0,28.1,8.0,0.7,0.4,0.1,-24.7,-12.3,-12.3,-18.3,3.0,10.5,8.0,0.7,0.4,0.1,3.3,10.3,10.3,6.9,3.0,6.0,8.0,0.7,0.4,0.1,64.0,64.0,111.0,87.0,3.0,39.5,8.0,0.7,0.4,0.1,65.0,65.0,110.0,85.0,3.0,40.0,8.0,0.7,0.4,0.1
1974,2,339.0,1.0,27.21,27.45,27.69,27.45,2.0,0.49,10.0,1.0,0.5,0.4,27.0,27.0,27.0,27.0,2.0,0.0,10.0,1.0,0.5,0.4,17.91,19.03,20.14,19.03,2.0,2.31,10.0,1.0,0.5,0.4,80.6,85.4,90.3,85.4,2.0,10.1,10.0,1.0,0.4,0.9,1.75,2.6,1.75,2.0,1.77,10.0,1.0,0.5,0.4,-2.6,-1.75,-0.9,-1.75,2.0,1.77,10.0,1.0,0.5,0.4,0.0,0.0,0.0,0.0,2.0,0.0,10.0,1.0,0.5,0.4,1011.65,1012.4,1013.15,1012.4,2.0,1.56,10.0,1.0,0.5,0.4,2.8,4.5,6.2,4.5,2.0,3.5,10.0,1.0,0.5,0.4,-7.6,-4.6,-1.6,-4.6,2.0,6.2,10.0,1.0,0.5,0.4,0.0,0.0,0.0,0.0,2.0,0.0,10.0,1.0,0.5,0.4,0.21,0.45,0.69,0.45,2.0,0.49,10.0,1.0,0.5,0.4,0.3,0.4,0.4,0.4,2.0,0.1,10.0,1.0,0.5,0.4,2.47,3.89,5.32,3.89,2.0,2.95,10.0,1.0,0.5,0.4,3.4,4.2,5.0,4.2,2.0,1.7,10.0,1.0,0.5,0.4,-70.3,-47.2,-24.2,-47.2,2.0,47.7,10.0,1.0,0.5,0.4,0.0,0.0,0.0,0.0,2.0,0.0,10.0,1.0,0.5,0.4,-53.5,-35.3,-17.2,-35.3,2.0,37.7,10.0,1.0,0.5,0.4,0.0,0.0,0.0,0.0,2.0,0.0,10.0,1.0,0.5,0.4,-5.0,-4.2,-3.4,-4.2,2.0,1.7,10.0,1.0,0.5,0.4,0.0,0.0,0.0,0.0,2.0,0.0,10.0,1.0,0.5,0.4,4.5,13.5,22.5,13.5,2.0,19.0,10.0,1.0,0.5,0.4,5.0,15.0,25.0,15.0,2.0,20.0,10.0,1.0,0.5,0.4
1974,2,339.0,2.0,28.74,29.25,29.76,29.25,2.0,1.06,16.0,0.5,0.2,0.0,27.7,27.7,27.7,27.7,1.0,0.0,22.0,0.0,0.1,0.1,16.55,16.55,16.55,16.55,1.0,0.0,22.0,0.0,0.1,0.1,71.1,71.1,71.1,71.1,1.0,0.0,22.0,0.0,0.1,3.1,3.1,3.1,3.1,1.0,0.0,12.0,1.0,0.3,0.0,1.06,1.06,1.06,1.06,1.0,0.0,12.0,1.0,0.3,0.0,2.91,2.91,2.91,2.91,1.0,0.0,12.0,1.0,0.3,0.0,1008.2,1008.2,1008.2,1008.2,1.0,0.0,22.0,0.0,0.1,0.1,1.6,3.0,4.4,3.0,2.0,2.8,16.0,0.5,0.2,0.0,3.3,3.3,3.3,3.3,1.0,0.0,12.0,1.0,0.3,0.0,9.0,9.0,9.0,9.0,1.0,0.0,12.0,1.0,0.3,0.0,,,,,,,,,,,,,,,,,,,,,,,,,,,,,,,,,,,,,,,,,,,,,,,,,,,,,,,,,,,,,,,,,,,,,,,,,,,,,,,,,,,,,,,,,,,,,,,,,,,,,,,,,,,,,,,,,,,,,,,,
1974,2,339.0,3.0,28.3,28.3,28.3,28.3,1.0,0.0,26.0,0.0,0.9,0.5,26.1,26.1,26.1,26.1,1.0,0.0,26.0,0.0,0.9,0.5,17.51,17.51,17.51,17.51,1.0,0.0,26.0,0.0,0.9,0.5,83.1,83.1,83.1,83.1,1.0,0.0,26.0,0.0,0.5,2.1,2.1,2.1,2.1,1.0,0.0,26.0,0.0,0.9,0.5,2.1,2.1,2.1,2.1,1.0,0.0,26.0,0.0,0.9,0.5,0.0,0.0,0.0,0.0,1.0,0.0,26.0,0.0,0.9,0.5,1012.8,1012.8,1012.8,1012.8,1.0,0.0,26.0,0.0,0.9,0.5,8.0,8.0,8.0,8.0,1.0,0.0,26.0,0.0,0.9,0.5,4.4,4.4,4.4,4.4,1.0,0.0,26.0,0.0,0.9,0.5,0.0,0.0,0.0,0.0,1.0,0.0,26.0,0.0,0.9,0.5,2.2,2.2,2.2,2.2,1.0,0.0,26.0,0.0,0.9,0.5,4.6,4.6,4.6,4.6,1.0,0.0,26.0,0.0,0.9,0.5,6.58,6.58,6.58,6.58,1.0,0.0,26.0,0.0,0.9,0.5,13.8,13.8,13.8,13.8,1.0,0.0,26.0,0.0,0.9,0.5,54.8,54.8,54.8,54.8,1.0,0.0,26.0,0.0,0.9,0.5,0.0,0.0,0.0,0.0,1.0,0.0,26.0,0.0,0.9,0.5,36.8,36.8,36.8,36.8,1.0,0.0,26.0,0.0,0.9,0.5,0.0,0.0,0.0,0.0,1.0,0.0,26.0,0.0,0.9,0.5,13.8,13.8,13.8,13.8,1.0,0.0,26.0,0.0,0.9,0.5,0.0,0.0,0.0,0.0,1.0,0.0,26.0,0.0,0.9,0.5,9.5,9.5,9.5,9.5,1.0,0.0,26.0,0.0,0.9,0.5,10.0,10.0,10.0,10.0,1.0,0.0,26.0,0.0,0.9,0.5
1974,2,339.0,4.0,27.16,27.5,27.84,27.5,2.0,0.71,16.0,0.0,0.1,0.5,26.08,26.25,26.42,26.25,2.0,0.35,16.0,0.0,0.1,0.5,16.51,17.33,18.16,17.33,2.0,1.7,16.0,0.0,0.1,0.5,76.7,81.4,86.0,81.4,2.0,9.7,16.0,0.0,0.5,0.41,1.3,2.19,1.3,2.0,1.84,16.0,0.0,0.1,0.5,0.27,0.84,1.41,0.84,2.0,1.18,16.0,0.0,0.1,0.5,-1.68,-1.0,-0.32,-1.0,2.0,1.41,16.0,0.0,0.1,0.5,1009.29,1009.9,1010.51,1009.9,2.0,1.27,16.0,0.0,0.1,0.5,6.0,6.0,6.0,6.0,2.0,0.0,16.0,0.0,0.1,0.5,0.7,2.2,3.7,2.2,2.0,3.1,16.0,0.0,0.1,0.5,-4.4,-2.6,-0.8,-2.6,2.0,3.7,16.0,0.0,0.1,0.5,1.08,1.25,1.42,1.25,2.0,0.35,16.0,0.0,0.1,0.5,0.6,2.0,3.3,2.0,2.0,2.8,16.0,0.0,0.1,0.5,4.41,5.72,7.02,5.72,2.0,2.7,16.0,0.0,0.1,0.5,3.1,9.9,16.7,9.9,2.0,14.0,16.0,0.0,0.1,0.5,7.0,22.1,37.3,22.1,2.0,31.3,16.0,0.0,0.1,0.5,-44.4,-26.4,-8.4,-26.4,2.0,37.3,16.0,0.0,0.1,0.5,4.3,13.5,22.7,13.5,2.0,19.1,16.0,0.0,0.1,0.5,-27.0,-16.1,-5.1,-16.1,2.0,22.7,16.0,0.0,0.1,0.5,2.0,6.4,10.7,6.4,2.0,9.0,16.0,0.0,0.1,0.5,-12.8,-7.6,-2.4,-7.6,2.0,10.7,16.0,0.0,0.1,0.5,3.0,9.0,15.0,9.0,2.0,12.5,16.0,0.0,0.1,0.5,5.0,10.0,15.0,10.0,2.0,10.0,16.0,0.0,0.1,0.5
1974,2,339.0,5.0,26.63,26.7,27.59,27.1,3.0,0.78,12.0,0.0,0.7,0.8,25.02,25.5,25.5,25.27,3.0,0.4,12.0,0.0,0.7,0.8,15.33,15.33,15.33,15.33,1.0,0.0,18.0,0.0,0.7,0.9,78.9,79.7,80.6,79.7,2.0,1.8,14.0,0.0,0.8,2.33,4.1,4.78,3.57,3.0,1.86,12.0,0.0,0.7,0.8,-0.83,-0.71,0.12,-0.36,3.0,0.76,12.0,0.0,0.7,0.8,-4.71,-4.04,-2.24,-3.49,3.0,1.87,12.0,0.0,0.7,0.8,1010.03,1010.1,1010.17,1010.1,2.0,0.14,14.0,0.0,0.5,0.8,0.3,1.0,1.0,0.7,3.0,0.6,12.0,0.0,0.7,0.8,-4.0,-2.9,-0.4,-2.2,3.0,2.7,12.0,0.0,0.7,0.8,-22.7,-16.6,-6.7,-14.8,3.0,11.9,12.0,0.0,0.7,0.8,1.39,1.8,2.28,1.83,3.0,0.65,12.0,0.0,0.7,0.8,4.1,9.2,9.9,7.1,3.0,4.6,12.0,0.0,0.7,0.8,6.5,6.5,6.5,6.5,1.0,0.0,18.0,0.0,0.7,0.9,33.2,33.2,33.2,33.2,1.0,0.0,18.0,0.0,0.7,0.9,-20.8,-18.2,3.2,-9.0,3.0,19.2,12.0,0.0,0.7,0.8,-117.7,-103.0,-57.2,-87.8,3.0,46.2,12.0,0.0,0.7,0.8,-13.6,-13.6,-13.6,-13.6,1.0,0.0,18.0,0.0,0.7,0.9,-77.0,-77.0,-77.0,-77.0,1.0,0.0,18.0,0.0,0.7,0.9,-5.8,-5.8,-5.8,-5.8,1.0,0.0,18.0,0.0,0.7,0.9,-32.7,-32.7,-32.7,-32.7,1.0,0.0,18.0,0.0,0.7,0.9,24.0,69.0,112.5,68.5,3.0,64.5,12.0,0.0,0.7,0.8,25.0,70.0,110.0,70.0,3.0,65.0,12.0,0.0,0.7,0.8
1974,2,339.0,6.0,26.19,26.6,28.24,27.2,3.0,1.59,12.0,0.3,0.3,0.6,25.13,28.0,28.2,26.7,3.0,2.52,12.0,0.3,0.3,0.6,21.05,21.05,21.05,21.05,1.0,0.0,12.0,1.0,0.5,0.3,88.9,88.9,88.9,88.9,1.0,0.0,12.0,1.0,0.3,1.83,3.6,7.97,4.87,3.0,4.63,12.0,0.3,0.3,0.6,-1.58,-1.23,-0.51,-1.05,3.0,0.8,12.0,0.3,0.3,0.6,-7.8,-3.38,-1.75,-4.74,3.0,4.58,12.0,0.3,0.3,0.6,1009.0,1010.5,1010.84,1009.93,3.0,1.44,12.0,0.3,0.3,0.6,1.3,4.0,6.7,4.0,2.0,5.7,8.0,0.5,0.4,0.5,-13.3,-4.4,-1.5,-7.3,3.0,9.0,12.0,0.3,0.3,0.6,-71.1,-12.2,-4.5,-37.2,3.0,53.4,12.0,0.3,0.3,0.6,-0.73,0.7,1.72,0.5,3.0,1.81,12.0,0.3,0.3,0.6,-3.2,0.7,15.2,5.9,3.0,14.2,12.0,0.3,0.3,0.6,0.77,0.77,0.77,0.77,1.0,0.0,12.0,1.0,0.5,0.3,2.8,2.8,2.8,2.8,1.0,0.0,12.0,1.0,0.5,0.3,-39.2,-34.5,-14.3,-26.9,3.0,19.4,12.0,0.3,0.3,0.6,-190.1,-94.7,-49.1,-119.0,3.0,105.4,12.0,0.3,0.3,0.6,-25.9,-25.9,-25.9,-25.9,1.0,0.0,12.0,1.0,0.5,0.3,-71.2,-71.2,-71.2,-71.2,1.0,0.0,12.0,1.0,0.5,0.3,-0.9,-0.9,-0.9,-0.9,1.0,0.0,12.0,1.0,0.5,0.3,-2.6,-2.6,-2.6,-2.6,1.0,0.0,12.0,1.0,0.5,0.3,15.5,46.5,697.5,349.0,3.0,564.0,12.0,0.3,0.3,0.6,15.0,45.0,695.0,350.0,3.0,565.0,12.0,0.3,0.3,0.6
1974,2,339.0,7.0,25.73,26.0,28.05,26.87,3.0,1.86,10.0,0.7,0.7,0.4,24.56,24.9,27.36,25.93,3.0,2.24,10.0,0.7,0.7,0.4,14.42,15.05,15.67,15.05,2.0,1.29,14.0,0.5,0.9,0.2,73.8,77.7,81.6,77.7,2.0,8.1,14.0,0.5,0.2,3.33,4.05,4.77,4.05,2.0,1.48,8.0,0.5,0.6,0.4,-1.55,-1.13,-0.72,-1.13,2.0,0.87,8.0,0.5,0.6,0.4,-4.5,-3.87,-3.25,-3.87,2.0,1.3,8.0,0.5,0.6,0.4,1008.15,1010.4,1010.88,1009.53,3.0,2.14,10.0,0.7,0.7,0.4,2.5,8.0,8.0,5.3,3.0,4.6,10.0,0.7,0.7,0.4,-7.7,-5.2,-2.7,-5.2,2.0,5.2,8.0,0.5,0.6,0.4,-22.0,-16.7,-11.3,-16.7,2.0,11.0,8.0,0.5,0.6,0.4,0.69,1.1,1.17,0.93,3.0,0.38,10.0,0.7,0.7,0.4,2.2,3.8,5.4,3.8,2.0,3.3,8.0,0.5,0.6,0.4,5.02,5.8,6.57,5.8,2.0,1.6,14.0,0.5,0.9,0.2,23.8,23.8,23.8,23.8,1.0,0.0,10.0,0.0,0.8,0.1,-38.2,-28.7,-19.2,-28.7,2.0,19.6,8.0,0.5,0.6,0.4,-111.7,-100.6,-89.4,-100.6,2.0,23.1,8.0,0.5,0.6,0.4,-27.8,-27.8,-27.8,-27.8,1.0,0.0,10.0,0.0,0.8,0.1,-76.5,-76.5,-76.5,-76.5,1.0,0.0,10.0,0.0,0.8,0.1,-8.1,-8.1,-8.1,-8.1,1.0,0.0,10.0,0.0,0.8,0.1,-22.4,-22.4,-22.4,-22.4,1.0,0.0,10.0,0.0,0.8,0.1,44.0,80.0,116.0,80.0,2.0,74.5,8.0,0.5,0.6,0.4,45.0,80.0,115.0,80.0,2.0,75.0,8.0,0.5,0.6,0.4
1974,2,339.0,8.0,24.68,26.35,26.55,25.65,4.0,1.58,14.0,0.8,0.6,0.4,23.37,25.4,27.59,25.48,4.0,2.56,14.0,0.8,0.6,0.4,15.31,16.7,18.33,16.82,3.0,2.22,16.0,0.7,0.6,0.3,81.2,87.2,93.9,87.5,3.0,9.3,16.0,0.7,0.3,1.32,4.6,7.07,4.3,5.0,3.01,16.0,0.6,0.6,0.4,-1.96,0.5,1.16,-0.18,5.0,1.94,16.0,0.6,0.6,0.4,-6.64,-4.32,-1.21,-4.03,5.0,2.84,16.0,0.6,0.6,0.4,1009.37,1011.2,1011.62,1010.53,4.0,1.92,14.0,0.8,0.6,0.4,1.6,2.0,6.1,3.6,5.0,2.9,16.0,0.6,0.6,0.4,-12.0,0.5,6.1,-2.2,5.0,13.0,16.0,0.6,0.6,0.4,-47.1,-19.9,-1.7,-24.2,5.0,24.3,16.0,0.6,0.6,0.4,-1.38,-0.45,1.79,0.18,4.0,2.34,14.0,0.8,0.6,0.4,-2.8,-1.3,2.4,-0.3,4.0,3.9,14.0,0.8,0.6,0.4,2.86,3.21,4.15,3.5,3.0,0.98,16.0,0.7,0.6,0.3,9.4,14.7,18.9,14.2,3.0,7.0,16.0,0.7,0.6,0.3,-54.9,-13.1,13.0,-20.6,4.0,40.9,14.0,0.8,0.6,0.4,-150.8,-68.1,-28.1,-88.5,4.0,78.5,14.0,0.8,0.6,0.4,-41.6,-23.1,-1.5,-21.6,3.0,29.4,16.0,0.7,0.6,0.3,-114.4,-63.4,-36.2,-75.0,3.0,58.2,16.0,0.7,0.6,0.3,-6.5,-5.0,0.0,-3.3,3.0,5.0,16.0,0.7,0.6,0.3,-17.8,-13.9,-8.8,-13.3,3.0,6.6,16.0,0.7,0.6,0.3,2.5,97.5,357.5,172.0,5.0,200.5,16.0,0.6,0.6,0.4,5.0,95.0,360.0,170.0,5.0,200.0,16.0,0.6,0.6,0.4
1974,2,339.0,9.0,,,,,,,,,,,,,,,,,,,,,,,,,,,,,,,,,,,,,,,,6.0,6.0,8.05,7.0,3.0,1.73,22.0,1.0,0.7,0.3,1.46,4.6,5.41,3.46,3.0,3.06,22.0,1.0,0.7,0.3,-6.61,-6.0,-4.54,-5.58,3.0,1.56,22.0,1.0,0.7,0.3,1010.59,1012.5,1013.39,1012.0,3.0,2.1,22.0,1.0,0.7,0.3,,,,,,,,,,,,,,,,,,,,,,,,,,,,,,,,,,,,,,,,,,,,,,,,,,,,,,,,,,,,,,,,,,,,,,,,,,,,,,,,,,,,,,,,,,,,,,,,,,,,,,,,,,,,,,,,,,,,,,,,,,,,,,,,,,,,,,,,,,,,,,,,,,,,,,
1974,2,339.0,10.0,23.23,23.3,24.05,23.58,5.0,0.5,14.0,0.4,0.5,0.2,21.48,23.4,26.3,23.76,5.0,2.47,14.0,0.4,0.5,0.2,12.24,13.04,14.1,13.17,3.0,1.37,18.0,0.0,0.2,0.4,77.9,81.0,81.2,79.6,3.0,2.7,18.0,0.0,0.4,4.19,9.0,9.11,7.0,5.0,3.01,14.0,0.4,0.5,0.2,-8.86,-7.12,0.0,-4.97,5.0,4.59,14.0,0.4,0.5,0.2,-5.42,-2.6,1.56,-2.11,5.0,3.57,14.0,0.4,0.5,0.2,1011.03,1011.8,1014.37,1012.48,5.0,2.13,14.0,0.4,0.5,0.2,0.0,0.0,0.0,0.0,5.0,0.0,14.0,0.4,0.5,0.2,-79.8,-66.3,0.0,-45.2,5.0,41.6,14.0,0.4,0.5,0.2,-36.8,-6.8,14.1,-12.0,5.0,29.5,14.0,0.4,0.5,0.2,-2.15,-0.3,1.82,-0.18,5.0,2.07,14.0,0.4,0.5,0.2,-19.3,-1.5,10.1,-3.3,5.0,17.1,14.0,0.4,0.5,0.2,3.62,4.76,5.57,4.6,3.0,1.44,18.0,0.0,0.2,0.4,13.4,15.7,42.8,27.8,3.0,23.9,18.0,0.0,0.2,0.4,-233.1,-150.3,0.0,-123.3,5.0,117.5,14.0,0.4,0.5,0.2,-121.8,-56.4,41.1,-43.9,5.0,82.3,14.0,0.4,0.5,0.2,-57.7,0.0,0.0,-28.2,3.0,48.8,18.0,0.0,0.2,0.4,-73.3,-70.9,-45.7,-59.8,3.0,22.5,18.0,0.0,0.2,0.4,-28.9,0.0,0.0,-14.1,3.0,24.5,18.0,0.0,0.2,0.4,-29.3,-15.7,-13.4,-21.2,3.0,12.5,18.0,0.0,0.2,0.4,90.5,729.0,756.5,482.5,5.0,375.5,14.0,0.4,0.5,0.2,90.0,730.0,755.0,485.0,5.0,375.0,14.0,0.4,0.5,0.2
1974,2,339.0,11.0,21.02,22.2,22.78,22.11,8.0,1.02,14.0,0.1,0.9,0.3,21.35,22.0,24.85,22.82,9.0,2.42,16.0,0.1,0.9,0.3,12.11,12.86,13.59,12.85,3.0,1.09,20.0,0.0,0.8,0.3,74.6,81.5,84.7,79.7,3.0,7.6,20.0,0.0,0.3,4.59,7.7,9.0,7.19,9.0,2.22,16.0,0.1,0.9,0.3,-2.34,0.0,0.79,-1.39,9.0,3.41,16.0,0.1,0.9,0.3,-8.7,-6.77,-3.49,-5.75,9.0,3.48,16.0,0.1,0.9,0.3,1010.0,1010.5,1012.57,1011.17,9.0,1.22,16.0,0.1,0.9,0.3,0.0,0.0,0.0,0.0,9.0,0.0,16.0,0.1,0.9,0.3,-15.1,0.0,4.9,-12.1,9.0,33.4,16.0,0.1,0.9,0.3,-76.2,-48.7,-13.1,-42.2,9.0,33.6,16.0,0.1,0.9,0.3,-1.89,-0.5,0.76,-0.94,8.0,2.3,14.0,0.1,0.9,0.3,-8.9,-2.9,4.8,-8.1,8.0,21.9,14.0,0.1,0.9,0.3,2.56,4.28,5.17,3.87,3.0,1.95,20.0,0.0,0.8,0.3,14.1,30.8,33.4,23.9,3.0,15.4,20.0,0.0,0.8,0.3,-52.3,0.0,17.3,-37.8,9.0,93.7,16.0,0.1,0.9,0.3,-190.3,-144.1,-80.4,-124.8,9.0,77.6,16.0,0.1,0.9,0.3,-24.4,-8.7,5.9,-9.2,3.0,22.2,20.0,0.0,0.8,0.3,-82.2,-71.8,-56.5,-69.4,3.0,18.9,20.0,0.0,0.8,0.3,-7.5,-1.1,3.8,-1.9,3.0,8.3,20.0,0.0,0.8,0.3,-32.5,-28.9,-13.4,-23.1,3.0,14.8,20.0,0.0,0.8,0.3,111.0,456.5,729.0,461.0,9.0,321.0,16.0,0.1,0.9,0.3,110.0,455.0,730.0,460.0,9.0,320.0,16.0,0.1,0.9,0.3
1974,2,339.0,12.0,20.73,22.3,22.78,21.77,3.0,1.57,10.0,1.0,0.9,0.2,21.68,22.5,26.25,23.93,3.0,3.57,10.0,1.0,0.9,0.2,11.07,11.25,11.42,11.25,2.0,0.37,12.0,1.0,0.8,0.1,65.9,68.9,71.8,68.9,2.0,6.1,12.0,1.0,0.1,8.43,10.0,10.55,9.5,3.0,1.61,10.0,1.0,0.9,0.2,-5.96,-3.85,-1.22,-3.6,3.0,3.48,10.0,1.0,0.9,0.2,-9.45,-8.27,-7.18,-8.31,3.0,1.67,10.0,1.0,0.9,0.2,1008.16,1010.0,1011.98,1010.07,3.0,2.8,10.0,1.0,0.9,0.2,0.0,0.0,5.5,2.7,3.0,4.6,10.0,1.0,0.9,0.2,-60.6,-29.6,-9.4,-34.9,3.0,37.8,10.0,1.0,0.9,0.2,-96.6,-89.4,-63.4,-80.2,3.0,25.6,10.0,1.0,0.9,0.2,-4.21,-2.5,-0.11,-2.17,3.0,3.01,10.0,1.0,0.9,0.2,-40.2,-19.2,1.3,-19.5,3.0,30.4,10.0,1.0,0.9,0.2,3.9,4.45,5.01,4.45,2.0,1.15,12.0,1.0,0.8,0.1,32.6,42.5,52.3,42.5,2.0,20.4,12.0,1.0,0.8,0.1,-128.4,-86.6,-27.5,-78.2,3.0,74.3,10.0,1.0,0.9,0.2,-247.1,-176.2,-158.3,-202.1,3.0,68.7,10.0,1.0,0.9,0.2,-73.9,-61.1,-48.3,-61.1,2.0,26.6,12.0,1.0,0.8,0.1,-91.7,-84.2,-76.8,-84.2,2.0,15.5,12.0,1.0,0.8,0.1,-33.0,-25.3,-17.6,-25.3,2.0,16.0,12.0,1.0,0.8,0.1,-40.5,-33.9,-27.3,-33.9,2.0,13.7,12.0,1.0,0.8,0.1,629.0,1000.0,1177.5,905.5,3.0,410.0,10.0,1.0,0.9,0.2,630.0,1000.0,1175.0,905.0,3.0,410.0,10.0,1.0,0.9,0.2
1974,2,339.0,13.0,,,,,,,,,,,,,,,,,,,,,,,,,,,,,,,,,,,,,,,,7.0,7.0,7.0,7.0,2.0,0.0,10.0,1.0,1.0,0.1,-5.99,-4.05,-2.12,-4.05,2.0,4.02,10.0,1.0,1.0,0.1,-5.61,-2.84,-0.07,-2.84,2.0,5.73,10.0,1.0,1.0,0.1,1012.8,1012.8,1012.8,1012.8,2.0,0.0,10.0,1.0,1.0,0.1,,,,,,,,,,,,,,,,,,,,,,,,,,,,,,,,,,,,,,,,,,,,,,,,,,,,,,,,,,,,,,,,,,,,,,,,,,,,,,,,,,,,,,,,,,,,,,,,,,,,,,,,,,,,,,,,,,,,,,,,,,,,,,,,,,,,,,,,,,,,,,,,,,,,,,
1974,2,339.0,14.0,,,,,,,,,,,,,,,,,,,,,,,,,,,,,,,,,,,,,,,,9.0,9.0,9.0,9.0,1.0,0.0,10.0,0.0,1.0,0.1,-8.86,-8.86,-8.86,-8.86,1.0,0.0,10.0,0.0,1.0,0.1,1.56,1.56,1.56,1.56,1.0,0.0,10.0,0.0,1.0,0.1,1015.6,1015.6,1015.6,1015.6,1.0,0.0,10.0,0.0,1.0,0.1,,,,,,,,,,,,,,,,,,,,,,,,,,,,,,,,,,,,,,,,,,,,,,,,,,,,,,,,,,,,,,,,,,,,,,,,,,,,,,,,,,,,,,,,,,,,,,,,,,,,,,,,,,,,,,,,,,,,,,,,,,,,,,,,,,,,,,,,,,,,,,,,,,,,,,
1974,2,339.0,15.0,19.41,20.5,20.57,20.0,3.0,0.95,12.0,0.0,0.9,0.2,19.28,20.1,20.1,19.7,3.0,0.69,12.0,0.0,0.9,0.2,10.83,10.83,10.83,10.83,1.0,0.0,18.0,0.0,0.6,0.6,80.1,80.1,80.1,80.1,1.0,0.0,18.0,0.0,0.6,9.0,9.0,12.0,10.47,3.0,2.54,12.0,0.0,0.9,0.2,-7.92,0.0,0.0,-3.87,3.0,6.7,12.0,0.0,0.9,0.2,-9.0,-9.0,-7.43,-8.23,3.0,1.33,12.0,0.0,0.9,0.2,1012.4,1012.4,1014.52,1013.43,3.0,1.79,12.0,0.0,0.9,0.2,0.0,0.0,0.0,0.0,3.0,0.0,12.0,0.0,0.9,0.2,-106.1,0.0,0.0,-51.8,3.0,89.8,12.0,0.0,0.9,0.2,-87.0,-81.0,-81.0,-83.9,3.0,5.1,12.0,0.0,0.9,0.2,0.13,0.4,0.47,0.3,3.0,0.26,12.0,0.0,0.9,0.2,1.1,3.6,4.2,2.7,3.0,2.4,12.0,0.0,0.9,0.2,2.71,2.71,2.71,2.71,1.0,0.0,18.0,0.0,0.6,0.6,36.3,36.3,36.3,36.3,1.0,0.0,18.0,0.0,0.6,0.6,-149.7,0.0,0.0,-73.1,3.0,126.6,12.0,0.0,0.9,0.2,-180.9,-180.9,-143.9,-162.8,3.0,31.3,12.0,0.0,0.9,0.2,-125.7,-125.7,-125.7,-125.7,1.0,0.0,18.0,0.0,0.6,0.6,-72.6,-72.6,-72.6,-72.6,1.0,0.0,18.0,0.0,0.6,0.6,-31.5,-31.5,-31.5,-31.5,1.0,0.0,18.0,0.0,0.6,0.6,-18.2,-18.2,-18.2,-18.2,1.0,0.0,18.0,0.0,0.6,0.6,729.0,729.0,1874.0,1288.0,3.0,968.5,12.0,0.0,0.9,0.2,730.0,730.0,1875.0,1290.0,3.0,970.0,12.0,0.0,0.9,0.2
1974,2,339.0,16.0,,,,,,,,,,,,,,,,,,,,,,,,,,,,,,,,,,,,,,,,9.8,9.8,9.8,9.8,1.0,0.0,16.0,1.0,0.4,0.6,-4.9,-4.9,-4.9,-4.9,1.0,0.0,16.0,1.0,0.4,0.6,-8.49,-8.49,-8.49,-8.49,1.0,0.0,16.0,1.0,0.4,0.6,1019.1,1019.1,1019.1,1019.1,1.0,0.0,16.0,1.0,0.4,0.6,,,,,,,,,,,,,,,,,,,,,,,,,,,,,,,,,,,,,,,,,,,,,,,,,,,,,,,,,,,,,,,,,,,,,,,,,,,,,,,,,,,,,,,,,,,,,,,,,,,,,,,,,,,,,,,,,,,,,,,,,,,,,,,,,,,,,,,,,,,,,,,,,,,,,,
1974,2,339.0,17.0,19.98,20.1,22.0,20.66,7.0,1.02,18.0,0.4,0.5,0.5,18.19,19.6,20.83,19.59,7.0,1.35,18.0,0.4,0.5,0.5,9.65,10.53,11.56,10.6,3.0,1.4,16.0,0.3,0.2,0.6,71.0,71.7,80.7,75.8,3.0,8.0,16.0,0.3,0.6,5.95,8.0,9.9,7.86,7.0,2.37,18.0,0.4,0.5,0.5,-6.28,-5.9,-1.72,-3.87,7.0,4.16,18.0,0.4,0.5,0.5,-7.64,-5.27,-2.91,-5.14,7.0,3.46,18.0,0.4,0.5,0.5,1012.89,1017.5,1017.91,1015.84,7.0,2.47,18.0,0.4,0.5,0.5,0.0,0.5,3.2,1.8,6.0,3.1,18.0,0.5,0.4,0.5,-62.1,-49.0,-10.5,-36.1,7.0,32.8,18.0,0.4,0.5,0.5,-75.8,-41.1,-18.1,-46.7,7.0,40.3,18.0,0.4,0.5,0.5,0.39,1.2,2.07,1.07,7.0,1.65,18.0,0.4,0.5,0.5,3.4,9.6,17.3,8.4,7.0,11.1,18.0,0.4,0.5,0.5,3.33,4.88,5.12,4.24,3.0,1.43,16.0,0.3,0.2,0.6,24.9,32.4,42.9,33.9,3.0,13.3,16.0,0.3,0.2,0.6,-127.5,-106.2,-37.4,-76.6,7.0,79.8,18.0,0.4,0.5,0.5,-155.3,-107.0,-53.0,-101.3,7.0,65.6,18.0,0.4,0.5,0.5,-72.7,-66.3,-54.9,-63.8,3.0,13.2,16.0,0.3,0.2,0.6,-74.1,-63.4,-39.7,-57.0,3.0,25.8,16.0,0.3,0.2,0.6,-29.9,-28.1,-20.1,-25.1,3.0,7.7,16.0,0.3,0.2,0.6,-30.1,-16.2,-14.5,-22.2,3.0,12.6,16.0,0.3,0.2,0.6,211.5,512.0,974.5,604.0,7.0,535.0,18.0,0.4,0.5,0.5,210.0,510.0,975.0,605.0,7.0,535.0,18.0,0.4,0.5,0.5
1974,2,339.0,18.0,19.71,20.1,21.0,20.59,8.0,1.53,14.0,0.5,0.5,0.5,18.23,19.5,21.22,20.0,9.0,1.97,14.0,0.6,0.5,0.4,11.36,11.91,12.44,11.9,4.0,0.77,12.0,0.3,0.4,0.4,77.0,85.5,93.5,85.7,5.0,9.9,14.0,0.4,0.3,7.08,9.25,11.81,9.28,8.0,2.54,14.0,0.6,0.4,0.4,-6.61,-5.72,1.58,-3.83,8.0,5.1,14.0,0.6,0.4,0.4,-8.81,-7.15,-5.34,-6.69,8.0,3.29,14.0,0.6,0.4,0.4,1012.48,1015.45,1017.22,1015.24,8.0,2.25,12.0,0.5,0.5,0.5,0.3,1.0,3.0,1.7,9.0,1.7,14.0,0.6,0.5,0.4,-82.7,-52.3,10.7,-44.6,8.0,48.3,14.0,0.6,0.4,0.4,-92.5,-63.7,-43.5,-68.3,8.0,44.3,14.0,0.6,0.4,0.4,-0.94,0.75,2.82,0.71,8.0,3.17,14.0,0.5,0.5,0.5,-7.7,5.2,25.6,11.1,7.0,34.1,14.0,0.6,0.5,0.4,2.49,2.79,3.24,2.86,4.0,0.51,12.0,0.3,0.4,0.4,17.8,19.8,28.8,23.2,4.0,9.0,12.0,0.3,0.4,0.4,-122.3,-109.4,41.6,-70.6,8.0,105.0,14.0,0.6,0.4,0.4,-172.6,-151.8,-103.2,-131.7,8.0,63.0,14.0,0.6,0.4,0.4,-69.8,-60.0,8.4,-32.0,4.0,66.7,12.0,0.3,0.4,0.4,-87.3,-69.5,-30.1,-59.2,4.0,42.0,12.0,0.3,0.4,0.4,-16.5,-13.9,2.5,-7.3,4.0,16.1,12.0,0.3,0.4,0.4,-24.0,-14.0,-5.8,-14.9,4.0,13.0,12.0,0.3,0.4,0.4,355.5,822.0,1657.5,956.0,8.0,713.0,14.0,0.6,0.4,0.4,355.0,820.0,1660.0,955.0,8.0,715.0,14.0,0.6,0.4,0.4
1974,2,339.0,19.0,19.42,20.0,23.0,20.8,11.0,1.72,14.0,0.5,0.4,0.5,17.71,19.4,20.2,19.18,11.0,1.57,14.0,0.5,0.4,0.5,11.88,12.04,14.48,12.64,7.0,1.34,12.0,0.7,0.4,0.5,85.3,92.7,98.8,92.0,7.0,6.5,12.0,0.7,0.5,6.46,9.0,13.27,9.62,9.0,3.83,12.0,0.3,0.5,0.4,-6.9,-5.79,-4.06,-5.54,9.0,4.42,12.0,0.3,0.5,0.4,-9.91,-6.89,-4.15,-6.91,9.0,3.33,12.0,0.3,0.5,0.4,1014.76,1017.0,1018.17,1016.73,11.0,2.28,14.0,0.5,0.4,0.5,0.0,2.0,6.5,2.7,9.0,3.0,12.0,0.6,0.5,0.5,-90.0,-48.7,-31.9,-65.9,9.0,65.5,12.0,0.3,0.5,0.4,-125.8,-62.0,-27.2,-76.1,9.0,54.0,12.0,0.3,0.5,0.4,-0.2,1.5,2.71,1.62,11.0,1.85,14.0,0.5,0.4,0.5,5.1,15.4,39.8,19.4,9.0,19.3,12.0,0.3,0.5,0.4,-0.01,2.5,2.59,1.78,7.0,1.37,12.0,0.7,0.4,0.5,16.6,19.3,23.5,19.7,5.0,5.1,12.0,0.6,0.5,0.4,-146.5,-104.1,-75.8,-105.2,9.0,89.6,12.0,0.3,0.5,0.4,-193.6,-124.1,-71.9,-133.3,9.0,73.6,12.0,0.3,0.5,0.4,-74.0,-63.2,-14.3,-43.7,5.0,48.9,12.0,0.6,0.5,0.4,-106.5,-75.3,-43.1,-74.2,5.0,41.5,12.0,0.6,0.5,0.4,-15.4,-14.3,0.0,-8.2,5.0,11.6,12.0,0.6,0.5,0.4,-18.7,-17.0,-9.4,-14.3,5.0,6.3,12.0,0.6,0.5,0.4,281.0,729.0,2393.0,1276.0,9.0,1330.0,12.0,0.3,0.5,0.4,280.0,730.0,2395.0,1275.0,9.0,1330.0,12.0,0.3,0.5,0.4
1974,2,339.0,20.0,18.11,18.45,19.47,18.72,14.0,0.9,18.0,0.6,0.6,0.3,17.39,17.5,19.01,18.0,13.0,0.9,18.0,0.6,0.6,0.3,9.86,10.5,12.66,11.15,5.0,1.53,16.0,0.8,0.6,0.5,75.8,78.9,84.0,80.0,12.0,5.6,18.0,0.7,0.3,7.31,11.05,12.4,10.53,14.0,3.14,18.0,0.6,0.6,0.3,-9.5,-8.09,-4.63,-6.05,14.0,5.24,18.0,0.6,0.6,0.3,-9.36,-7.62,-5.53,-6.77,14.0,3.6,18.0,0.6,0.6,0.3,1013.33,1018.0,1021.1,1017.54,7.0,4.51,18.0,0.6,0.5,0.5,0.0,2.0,4.2,2.4,13.0,2.2,18.0,0.6,0.6,0.3,-117.8,-93.3,-33.9,-77.2,14.0,60.9,18.0,0.6,0.6,0.3,-114.8,-82.1,-40.5,-80.7,14.0,51.2,18.0,0.6,0.6,0.3,-0.28,0.8,1.2,0.62,13.0,1.18,18.0,0.6,0.6,0.3,-2.9,7.8,15.1,7.1,13.0,11.5,18.0,0.6,0.6,0.3,1.24,2.31,2.95,2.09,5.0,1.04,16.0,0.8,0.6,0.5,8.8,24.9,40.1,24.4,5.0,17.2,16.0,0.8,0.6,0.5,-165.8,-150.6,-85.8,-120.7,13.0,82.7,18.0,0.6,0.6,0.3,-172.3,-137.1,-104.5,-132.0,13.0,49.7,18.0,0.6,0.6,0.3,-90.7,-78.0,-6.4,-47.5,5.0,73.8,16.0,0.8,0.6,0.5,-101.5,-72.9,-43.3,-70.0,5.0,43.5,16.0,0.8,0.6,0.5,-25.8,-19.1,-3.7,-15.3,5.0,12.9,16.0,0.8,0.6,0.5,-30.8,-16.0,-5.8,-17.6,5.0,14.0,16.0,0.8,0.6,0.5,395.5,1351.5,1906.5,1450.5,14.0,1108.5,18.0,0.6,0.6,0.3,395.0,1350.0,1905.0,1450.0,14.0,1110.0,18.0,0.6,0.6,0.3
1974,2,339.0,21.0,18.8,19.0,19.0,18.9,3.0,0.17,14.0,0.3,0.7,0.4,17.32,18.0,19.23,18.27,3.0,1.42,14.0,0.3,0.7,0.4,9.62,11.04,11.17,10.41,3.0,1.25,14.0,0.3,0.7,0.4,70.4,87.0,91.7,81.2,3.0,16.3,14.0,0.3,0.4,8.21,9.3,12.44,10.3,3.0,3.22,14.0,0.3,0.7,0.4,-8.22,-6.67,-6.2,-7.19,3.0,1.55,14.0,0.3,0.7,0.4,-9.53,-7.12,-4.89,-7.21,3.0,3.4,14.0,0.3,0.7,0.4,1015.81,1018.2,1021.0,1018.4,3.0,3.8,14.0,0.3,0.7,0.4,0.3,1.0,2.4,1.3,3.0,1.5,14.0,0.3,0.7,0.4,-102.4,-55.6,-52.7,-77.0,3.0,40.9,14.0,0.3,0.7,0.4,-122.1,-66.3,-41.3,-81.3,3.0,60.6,14.0,0.3,0.7,0.4,-0.43,1.0,1.68,0.63,3.0,1.58,14.0,0.3,0.7,0.4,-1.4,13.9,17.1,8.0,3.0,14.5,14.0,0.3,0.7,0.4,2.4,2.5,3.8,3.09,3.0,1.15,14.0,0.3,0.7,0.4,25.8,34.0,34.5,30.2,3.0,7.1,14.0,0.3,0.7,0.4,-151.7,-132.0,-111.3,-131.5,3.0,29.6,14.0,0.3,0.7,0.4,-169.3,-121.1,-90.5,-129.7,3.0,58.2,14.0,0.3,0.7,0.4,-88.6,-67.1,-62.1,-75.2,3.0,20.6,14.0,0.3,0.7,0.4,-105.6,-80.0,-49.0,-77.3,3.0,41.6,14.0,0.3,0.7,0.4,-27.2,-22.3,-16.7,-21.9,3.0,7.7,14.0,0.3,0.7,0.4,-23.5,-17.0,-16.9,-20.1,3.0,5.6,14.0,0.3,0.7,0.4,567.0,804.5,2088.5,1315.5,3.0,1199.0,14.0,0.3,0.7,0.4,565.0,805.0,2090.0,1315.0,3.0,1200.0,14.0,0.3,0.7,0.4
1974,2,339.0,22.0,18.56,19.45,20.0,19.51,8.0,1.08,18.0,0.5,0.6,0.4,17.2,18.5,20.2,18.62,9.0,1.72,20.0,0.4,0.7,0.4,8.54,10.76,11.89,10.71,7.0,1.97,20.0,0.4,0.6,0.4,71.0,81.8,86.9,79.7,8.0,8.0,18.0,0.5,0.5,7.96,9.5,10.94,9.42,6.0,2.72,18.0,0.5,0.6,0.3,-7.61,-6.15,-5.08,-6.28,6.0,1.29,18.0,0.5,0.6,0.3,-9.47,-6.64,-3.09,-6.07,6.0,4.55,18.0,0.5,0.6,0.3,1008.97,1018.75,1022.48,1017.01,8.0,6.78,20.0,0.4,0.6,0.4,0.0,2.0,3.8,1.9,8.0,1.9,20.0,0.5,0.7,0.5,-83.0,-59.3,-43.7,-60.5,6.0,23.7,18.0,0.5,0.6,0.3,-105.0,-63.1,-28.2,-67.1,6.0,55.0,18.0,0.5,0.6,0.3,-1.29,1.2,3.19,0.99,8.0,2.36,18.0,0.5,0.6,0.4,-3.6,14.0,23.2,9.2,6.0,22.4,18.0,0.5,0.6,0.3,1.96,4.02,5.31,3.51,6.0,2.34,18.0,0.5,0.6,0.4,18.0,35.4,43.3,30.3,5.0,22.3,16.0,0.6,0.6,0.3,-137.9,-115.1,-90.6,-116.7,6.0,32.4,18.0,0.5,0.6,0.3,-173.9,-134.5,-53.6,-115.6,6.0,83.9,18.0,0.5,0.6,0.3,-89.8,-64.5,-56.2,-72.8,5.0,22.2,16.0,0.6,0.6,0.3,-110.8,-91.3,-56.4,-85.7,5.0,36.8,16.0,0.6,0.6,0.3,-28.8,-20.8,-9.3,-18.5,5.0,14.5,16.0,0.6,0.6,0.3,-36.3,-24.8,-10.3,-23.2,5.0,18.5,16.0,0.6,0.6,0.3,550.0,875.5,1364.0,1007.0,6.0,772.0,18.0,0.5,0.6,0.3,550.0,875.0,1365.0,1005.0,6.0,770.0,18.0,0.5,0.6,0.3
1974,2,339.0,23.0,18.83,19.6,22.21,20.23,6.0,1.87,16.0,0.3,0.6,0.3,17.79,18.55,20.45,18.95,6.0,1.61,16.0,0.3,0.6,0.3,8.34,9.92,11.5,9.92,5.0,1.68,16.0,0.2,0.6,0.3,62.9,75.5,83.9,74.8,5.0,13.2,16.0,0.2,0.3,5.87,7.35,10.4,7.77,6.0,2.4,16.0,0.3,0.6,0.3,-6.65,-4.5,-3.02,-4.52,6.0,2.18,16.0,0.3,0.6,0.3,-8.41,-6.39,-2.84,-5.89,6.0,2.7,16.0,0.3,0.6,0.3,1016.6,1020.65,1023.44,1019.68,6.0,4.62,16.0,0.3,0.6,0.3,2.0,5.0,8.0,5.0,6.0,3.0,16.0,0.3,0.6,0.3,-57.6,-37.8,-14.2,-37.8,6.0,25.2,16.0,0.3,0.6,0.3,-89.9,-44.6,-16.1,-50.1,6.0,34.3,16.0,0.3,0.6,0.3,-0.45,1.05,3.25,1.28,6.0,2.52,16.0,0.3,0.6,0.3,-3.5,6.4,26.2,11.2,6.0,23.4,16.0,0.3,0.6,0.3,3.62,4.86,5.01,4.28,5.0,1.36,16.0,0.2,0.6,0.3,19.4,28.7,52.5,34.3,5.0,17.9,16.0,0.2,0.6,0.3,-132.1,-85.0,-54.6,-86.3,6.0,43.0,16.0,0.3,0.6,0.3,-152.8,-126.3,-52.5,-110.6,6.0,49.0,16.0,0.3,0.6,0.3,-58.6,-45.6,-21.8,-40.4,5.0,20.8,16.0,0.2,0.6,0.3,-86.9,-70.6,-47.1,-66.9,5.0,28.4,16.0,0.2,0.6,0.3,-29.1,-17.1,-6.4,-18.0,5.0,12.6,16.0,0.2,0.6,0.3,-42.8,-28.3,-13.6,-28.3,5.0,14.9,16.0,0.2,0.6,0.3,209.0,400.0,1127.0,581.5,6.0,478.5,16.0,0.3,0.6,0.3,210.0,400.0,1125.0,580.0,6.0,480.0,16.0,0.3,0.6,0.3
1974,2,339.0,24.0,18.0,19.3,20.18,19.16,5.0,1.14,12.0,0.6,0.5,0.5,17.52,18.6,19.62,18.58,5.0,1.16,12.0,0.6,0.5,0.5,7.16,8.27,9.04,8.11,4.0,1.43,12.0,0.5,0.4,0.6,58.4,68.2,76.7,67.9,5.0,13.8,12.0,0.6,0.5,2.83,4.6,5.18,4.1,5.0,1.73,12.0,0.6,0.5,0.5,-4.7,-3.12,-1.56,-3.07,5.0,1.96,12.0,0.6,0.5,0.5,-3.42,-1.8,1.51,-1.17,5.0,2.58,12.0,0.6,0.5,0.5,1018.53,1022.25,1024.76,1021.68,4.0,3.74,12.0,0.5,0.4,0.6,0.6,3.0,3.4,2.2,5.0,1.6,12.0,0.6,0.5,0.5,-24.8,-11.2,-6.9,-15.1,5.0,12.3,12.0,0.6,0.5,0.5,-18.7,-6.5,4.0,-6.9,5.0,11.9,12.0,0.6,0.5,0.5,-0.35,0.8,1.71,0.58,5.0,1.54,12.0,0.6,0.5,0.5,0.3,3.7,9.0,4.4,5.0,5.6,12.0,0.6,0.5,0.5,4.58,5.63,7.12,5.84,4.0,1.52,12.0,0.5,0.4,0.6,18.7,27.9,38.0,28.3,4.0,11.4,12.0,0.5,0.4,0.6,-85.0,-60.5,-27.0,-56.3,5.0,36.1,12.0,0.6,0.5,0.5,-61.6,-34.9,28.5,-20.7,5.0,46.7,12.0,0.6,0.5,0.5,-37.8,-28.5,-22.7,-30.2,4.0,10.9,12.0,0.5,0.4,0.6,-29.4,-21.6,-3.2,-16.5,4.0,18.6,12.0,0.5,0.4,0.6,-34.2,-23.9,-12.4,-23.3,4.0,12.6,12.0,0.5,0.4,0.6,-19.1,-13.1,2.3,-8.6,4.0,14.7,12.0,0.5,0.4,0.6,31.0,97.5,149.0,96.5,5.0,88.5,12.0,0.6,0.5,0.5,30.0,95.0,150.0,95.0,5.0,90.0,12.0,0.6,0.5,0.5
1974,2,339.0,25.0,19.1,19.45,20.9,19.98,4.0,1.38,14.0,0.8,0.4,0.5,19.06,20.0,20.1,19.6,4.0,0.94,14.0,0.8,0.4,0.5,8.47,9.3,10.13,9.3,2.0,1.71,20.0,0.5,0.6,0.6,65.9,72.5,88.0,76.8,3.0,16.6,18.0,0.7,0.7,3.55,5.8,7.37,5.48,4.0,2.33,14.0,0.8,0.4,0.5,-5.97,-4.74,-2.39,-4.21,4.0,2.71,14.0,0.8,0.4,0.5,-4.31,-1.89,-1.0,-2.62,4.0,2.31,14.0,0.8,0.4,0.5,1020.42,1025.2,1025.68,1023.1,3.0,4.26,14.0,0.7,0.5,0.4,3.0,4.5,7.0,5.0,4.0,2.4,14.0,0.8,0.4,0.5,-43.4,-29.5,-10.5,-27.1,4.0,20.7,14.0,0.8,0.4,0.5,-27.8,-7.6,-5.1,-16.1,4.0,19.7,14.0,0.8,0.4,0.5,-0.76,0.25,1.52,0.38,4.0,1.38,14.0,0.8,0.4,0.5,-5.5,0.4,4.9,-0.3,4.0,6.1,14.0,0.8,0.4,0.5,3.91,4.63,5.34,4.63,2.0,1.48,20.0,0.5,0.6,0.6,26.3,26.8,27.3,26.8,2.0,1.0,20.0,0.5,0.6,0.6,-119.8,-91.2,-44.0,-82.3,4.0,54.1,14.0,0.8,0.4,0.5,-86.8,-37.8,-19.2,-52.3,4.0,47.2,14.0,0.8,0.4,0.5,-49.6,-44.3,-39.1,-44.3,2.0,10.9,20.0,0.5,0.6,0.6,-53.2,-34.2,-15.3,-34.2,2.0,39.3,20.0,0.5,0.6,0.6,-24.4,-21.7,-19.0,-21.7,2.0,5.6,20.0,0.5,0.6,0.6,-18.5,-12.8,-7.2,-12.8,2.0,11.7,20.0,0.5,0.6,0.6,55.5,220.0,402.5,228.5,4.0,205.5,14.0,0.8,0.4,0.5,55.0,220.0,400.0,230.0,4.0,205.0,14.0,0.8,0.4,0.5
1974,2,339.0,26.0,19.18,19.6,20.25,19.75,11.0,0.7,18.0,0.5,0.5,0.5,18.0,18.55,19.53,18.8,12.0,1.21,16.0,0.4,0.5,0.5,8.74,10.46,11.57,10.23,10.0,1.56,16.0,0.4,0.5,0.5,64.0,76.7,83.7,75.6,10.0,10.0,16.0,0.4,0.5,4.89,7.0,8.41,6.81,11.0,1.99,18.0,0.5,0.5,0.5,-7.68,-4.79,-2.96,-4.39,11.0,3.59,18.0,0.5,0.5,0.5,-5.84,-2.8,1.74,-1.94,11.0,4.09,18.0,0.5,0.5,0.5,1013.51,1021.3,1024.7,1019.63,12.0,6.33,16.0,0.4,0.5,0.5,1.0,1.0,5.0,2.5,11.0,2.5,16.0,0.5,0.5,0.5,-63.2,-24.4,-14.9,-33.8,11.0,29.5,18.0,0.5,0.5,0.5,-46.8,-23.0,8.9,-17.0,11.0,32.0,18.0,0.5,0.5,0.5,0.13,0.8,2.29,0.93,11.0,1.26,18.0,0.5,0.5,0.5,0.6,4.9,15.9,6.2,11.0,9.3,18.0,0.5,0.5,0.5,3.21,3.59,5.42,4.09,9.0,1.44,18.0,0.4,0.5,0.6,13.7,25.7,33.5,25.2,9.0,10.1,18.0,0.4,0.5,0.6,-140.7,-81.5,-56.7,-81.9,11.0,67.8,18.0,0.5,0.5,0.5,-114.7,-51.9,30.9,-37.9,11.0,77.6,18.0,0.5,0.5,0.5,-72.1,-35.9,-30.8,-36.1,9.0,40.5,18.0,0.4,0.5,0.6,-50.9,-13.3,19.0,-9.1,9.0,43.9,18.0,0.4,0.5,0.6,-30.1,-21.7,-6.1,-17.4,9.0,16.1,18.0,0.4,0.5,0.6,-18.7,-4.5,9.4,-5.7,9.0,13.2,18.0,0.4,0.5,0.6,118.0,343.0,595.5,388.5,11.0,291.0,18.0,0.5,0.5,0.5,120.0,345.0,595.0,390.0,11.0,290.0,18.0,0.5,0.5,0.5
1974,2,339.0,27.0,19.23,20.0,20.0,19.68,11.0,0.75,12.0,0.3,0.7,0.3,17.8,18.35,20.13,18.71,12.0,1.14,14.0,0.3,0.7,0.3,7.92,9.16,10.29,9.26,7.0,1.26,14.0,0.0,0.7,0.3,62.7,76.4,87.4,75.1,8.0,13.9,14.0,0.1,0.3,4.41,6.0,8.73,6.19,13.0,2.61,14.0,0.3,0.7,0.3,-5.78,-4.42,-1.67,-4.29,13.0,2.34,14.0,0.3,0.7,0.3,-6.4,-2.56,-0.19,-3.33,13.0,3.31,14.0,0.3,0.7,0.3,1017.64,1019.65,1025.25,1020.67,12.0,3.43,14.0,0.3,0.7,0.3,4.0,5.0,7.3,5.2,12.0,2.0,14.0,0.3,0.7,0.3,-44.0,-28.1,-8.2,-31.0,13.0,24.1,14.0,0.3,0.7,0.3,-54.2,-13.0,0.6,-25.0,13.0,28.6,14.0,0.3,0.7,0.3,0.1,1.5,2.0,1.14,11.0,1.13,12.0,0.3,0.7,0.3,-1.8,7.7,13.8,6.7,11.0,8.3,12.0,0.3,0.7,0.3,3.65,4.75,5.92,4.84,7.0,1.13,14.0,0.0,0.7,0.3,21.1,26.5,38.6,28.7,7.0,14.7,14.0,0.0,0.7,0.3,-110.3,-88.5,-28.4,-79.3,12.0,44.6,14.0,0.3,0.7,0.3,-125.2,-70.6,1.5,-64.9,12.0,66.6,14.0,0.3,0.7,0.3,-60.5,-36.5,-17.0,-40.8,7.0,27.6,14.0,0.0,0.7,0.3,-60.2,-47.8,-1.7,-33.2,7.0,33.7,14.0,0.0,0.7,0.3,-28.7,-18.9,-7.7,-19.6,7.0,10.4,14.0,0.0,0.7,0.3,-22.6,-18.9,-1.1,-14.7,7.0,19.2,14.0,0.0,0.7,0.3,89.5,216.0,665.0,348.5,13.0,325.0,14.0,0.3,0.7,0.3,90.0,215.0,665.0,350.0,13.0,325.0,14.0,0.3,0.7,0.3
1974,2,339.0,28.0,18.78,19.0,20.28,19.37,9.0,0.92,14.0,0.7,0.6,0.3,17.4,18.3,21.54,19.11,9.0,2.35,14.0,0.7,0.6,0.3,9.37,11.55,13.91,11.64,4.0,3.35,14.0,1.0,0.6,0.3,65.6,85.0,90.6,78.4,4.0,18.1,14.0,1.0,0.3,3.23,5.1,10.46,6.34,9.0,3.54,14.0,0.7,0.6,0.3,-5.67,-2.37,-0.56,-3.03,9.0,3.98,14.0,0.7,0.6,0.3,-7.49,-2.76,-1.1,-3.97,9.0,3.73,14.0,0.7,0.6,0.3,1018.11,1022.6,1026.22,1021.31,9.0,6.56,14.0,0.7,0.6,0.3,3.0,5.0,6.7,4.8,9.0,2.0,14.0,0.7,0.6,0.3,-47.0,-8.3,-1.2,-24.0,9.0,39.0,14.0,0.7,0.6,0.3,-84.3,-9.9,-4.8,-35.9,9.0,44.8,14.0,0.7,0.6,0.3,-1.7,1.3,2.04,0.26,9.0,2.32,14.0,0.7,0.6,0.3,-5.7,3.4,13.5,2.9,9.0,20.2,14.0,0.7,0.6,0.3,0.79,2.75,4.84,2.81,4.0,2.78,14.0,1.0,0.6,0.3,5.7,15.2,19.8,12.9,4.0,10.2,14.0,1.0,0.6,0.3,-121.5,-54.6,-9.7,-57.4,9.0,71.4,14.0,0.7,0.6,0.3,-143.4,-56.0,-20.1,-74.3,9.0,66.1,14.0,0.7,0.6,0.3,-49.6,-27.6,21.2,-14.8,4.0,50.7,14.0,1.0,0.6,0.3,-33.3,-26.3,-20.8,-27.0,4.0,7.3,14.0,1.0,0.6,0.3,-13.2,-5.3,8.8,-2.3,4.0,13.9,14.0,1.0,0.6,0.3,-12.3,-6.3,-2.2,-7.2,4.0,7.5,14.0,1.0,0.6,0.3,34.5,132.5,1168.5,485.5,9.0,638.5,14.0,0.7,0.6,0.3,35.0,135.0,1170.0,485.0,9.0,640.0,14.0,0.7,0.6,0.3
1974,2,339.0,29.0,17.9,19.05,20.0,18.75,6.0,1.48,8.0,0.7,0.7,0.6,17.86,18.6,20.1,18.83,6.0,1.23,8.0,0.7,0.7,0.6,7.7,7.7,7.7,7.7,1.0,0.0,10.0,0.0,0.8,0.5,63.4,63.4,63.4,63.4,1.0,0.0,10.0,0.0,0.5,1.65,3.1,8.72,5.16,5.0,5.79,8.0,0.6,0.7,0.5,-8.19,-2.91,-1.26,-4.76,5.0,5.5,8.0,0.6,0.7,0.5,-2.98,-1.67,-0.67,-1.92,5.0,1.93,8.0,0.6,0.7,0.5,1020.83,1021.9,1024.56,1022.57,6.0,2.69,8.0,0.7,0.7,0.6,4.2,6.5,7.0,5.5,6.0,2.3,8.0,0.7,0.7,0.6,-92.7,-9.0,-3.3,-50.0,5.0,90.7,8.0,0.6,0.7,0.5,-33.8,-4.3,-2.1,-18.7,5.0,32.7,8.0,0.6,0.7,0.5,-1.57,0.0,1.29,-0.08,6.0,1.67,8.0,0.7,0.7,0.6,-8.2,0.0,5.4,-1.3,5.0,9.3,8.0,0.6,0.7,0.5,5.35,5.35,5.35,5.35,1.0,0.0,10.0,0.0,0.8,0.5,0.0,0.0,0.0,0.0,1.0,0.0,10.0,0.0,0.8,0.5,-157.7,-59.7,-24.0,-93.1,5.0,110.1,8.0,0.6,0.7,0.5,-57.6,-31.4,-13.8,-37.5,5.0,38.6,8.0,0.6,0.7,0.5,0.0,0.0,0.0,0.0,1.0,0.0,10.0,0.0,0.8,0.5,0.0,0.0,0.0,0.0,1.0,0.0,10.0,0.0,0.8,0.5,0.0,0.0,0.0,0.0,1.0,0.0,10.0,0.0,0.8,0.5,0.0,0.0,0.0,0.0,1.0,0.0,10.0,0.0,0.8,0.5,11.0,30.0,1317.0,711.0,5.0,1490.0,8.0,0.6,0.7,0.5,10.0,30.0,1315.0,710.0,5.0,1490.0,8.0,0.6,0.7,0.5
1974,2,339.0,30.0,17.48,18.5,20.57,19.0,4.0,2.16,22.0,0.5,0.7,0.5,16.48,17.0,18.57,17.5,4.0,1.73,22.0,0.5,0.7,0.5,8.48,8.48,8.48,8.48,1.0,0.0,20.0,1.0,0.7,0.3,59.6,59.6,59.6,59.6,1.0,0.0,20.0,1.0,0.3,6.0,8.0,10.57,8.28,4.0,2.95,22.0,0.5,0.7,0.5,-8.53,-7.4,-5.38,-6.97,4.0,2.24,22.0,0.5,0.7,0.5,-1.72,2.25,6.18,2.23,4.0,4.85,22.0,0.5,0.7,0.5,1019.8,1022.45,1027.88,1023.78,4.0,5.57,22.0,0.5,0.7,0.5,3.3,6.0,6.7,5.0,3.0,2.6,22.0,0.7,0.9,0.6,-91.2,-59.6,-33.8,-62.3,4.0,38.0,22.0,0.5,0.7,0.5,-8.8,20.3,67.8,29.1,4.0,48.7,22.0,0.5,0.7,0.5,-0.05,1.0,3.1,1.5,4.0,2.52,22.0,0.5,0.7,0.5,1.6,10.5,24.0,12.7,4.0,16.6,22.0,0.5,0.7,0.5,4.93,4.93,4.93,4.93,1.0,0.0,20.0,1.0,0.7,0.3,25.2,25.2,25.2,25.2,1.0,0.0,20.0,1.0,0.7,0.3,-141.2,-121.9,-97.6,-119.5,4.0,32.1,22.0,0.5,0.7,0.5,-34.3,36.0,103.0,34.4,4.0,85.5,22.0,0.5,0.7,0.5,-33.1,-33.1,-33.1,-33.1,1.0,0.0,20.0,1.0,0.7,0.3,-27.8,-27.8,-27.8,-27.8,1.0,0.0,20.0,1.0,0.7,0.3,-19.3,-19.3,-19.3,-19.3,1.0,0.0,20.0,1.0,0.7,0.3,-16.2,-16.2,-16.2,-16.2,1.0,0.0,20.0,1.0,0.7,0.3,233.0,536.0,1252.5,733.0,4.0,707.5,22.0,0.5,0.7,0.5,235.0,535.0,1250.0,735.0,4.0,710.0,22.0,0.5,0.7,0.5
1974,2,339.0,31.0,18.5,19.0,20.0,19.29,8.0,1.55,14.0,0.4,0.6,0.4,16.33,18.0,19.73,17.81,9.0,1.78,14.0,0.4,0.6,0.4,7.07,8.44,9.51,8.31,5.0,1.32,14.0,0.4,0.7,0.2,60.6,75.2,81.9,72.3,5.0,12.9,14.0,0.4,0.2,2.88,5.1,12.17,7.22,9.0,4.81,14.0,0.4,0.6,0.4,-4.53,-2.05,-0.1,-2.47,9.0,2.53,14.0,0.4,0.6,0.4,-12.12,-4.42,-1.19,-5.86,9.0,5.48,14.0,0.4,0.6,0.4,1024.3,1026.7,1028.97,1026.73,9.0,2.18,14.0,0.4,0.6,0.4,5.3,7.0,8.0,6.3,9.0,2.3,14.0,0.4,0.6,0.4,-24.4,-13.0,-0.2,-22.5,9.0,34.6,14.0,0.4,0.6,0.4,-147.5,-22.5,-3.1,-64.8,9.0,75.1,14.0,0.4,0.6,0.4,1.53,1.95,2.0,1.75,8.0,0.8,14.0,0.4,0.6,0.4,2.8,12.0,18.0,11.5,8.0,7.9,14.0,0.4,0.6,0.4,3.83,5.0,5.97,4.84,5.0,1.46,14.0,0.4,0.7,0.2,20.9,44.2,62.9,43.0,5.0,25.4,14.0,0.4,0.7,0.2,-76.5,-36.9,-2.0,-44.0,9.0,46.8,14.0,0.4,0.6,0.4,-209.2,-71.6,-20.0,-103.3,9.0,99.8,14.0,0.4,0.6,0.4,-30.0,-20.1,-6.2,-19.2,5.0,16.7,14.0,0.4,0.7,0.2,-93.8,-55.3,-29.6,-61.0,5.0,38.2,14.0,0.4,0.7,0.2,-12.4,-9.4,-4.9,-8.4,5.0,5.1,14.0,0.4,0.7,0.2,-62.4,-43.5,-15.6,-40.3,5.0,28.5,14.0,0.4,0.7,0.2,40.5,132.5,1802.0,852.0,9.0,1163.5,14.0,0.4,0.6,0.4,40.0,135.0,1800.0,850.0,9.0,1165.0,14.0,0.4,0.6,0.4
1974,2,339.0,32.0,16.88,18.0,19.44,18.11,11.0,1.3,14.0,0.5,0.7,0.4,15.18,17.6,18.28,17.17,13.0,1.59,14.0,0.5,0.6,0.3,7.45,8.63,10.36,8.95,5.0,1.72,14.0,0.4,0.6,0.3,66.6,70.6,79.4,72.4,5.0,7.3,14.0,0.4,0.3,5.1,7.6,9.75,7.21,14.0,2.54,12.0,0.5,0.6,0.4,-4.73,4.95,5.76,1.69,14.0,5.3,12.0,0.5,0.6,0.4,-6.74,-1.23,4.04,-1.3,14.0,5.43,12.0,0.5,0.6,0.4,1022.0,1025.1,1030.22,1025.59,14.0,3.7,12.0,0.5,0.6,0.4,1.1,4.5,7.0,4.5,14.0,2.7,12.0,0.5,0.6,0.4,-32.7,29.5,51.4,15.5,14.0,42.4,12.0,0.5,0.6,0.4,-60.1,-5.2,32.7,-11.2,14.0,51.6,12.0,0.5,0.6,0.4,-0.41,0.9,3.28,1.27,11.0,1.93,14.0,0.5,0.7,0.4,-2.3,5.6,24.5,9.7,11.0,15.3,14.0,0.5,0.7,0.4,4.16,5.13,5.92,5.04,4.0,1.27,14.0,0.5,0.7,0.3,15.6,26.9,32.9,24.4,4.0,10.8,14.0,0.5,0.7,0.3,-61.3,86.8,103.1,41.6,13.0,81.5,14.0,0.5,0.6,0.3,-106.8,-26.2,59.6,-25.9,13.0,92.1,14.0,0.5,0.6,0.3,-39.4,-14.8,54.2,2.7,5.0,49.1,14.0,0.4,0.6,0.3,-19.1,-5.4,16.3,-2.3,5.0,21.7,14.0,0.4,0.6,0.3,-29.8,-19.1,4.9,-12.7,4.0,22.8,14.0,0.5,0.7,0.3,-11.0,-7.1,6.9,-2.3,4.0,12.9,14.0,0.5,0.7,0.3,132.5,447.0,928.0,499.5,14.0,402.5,12.0,0.5,0.6,0.4,135.0,445.0,930.0,500.0,14.0,400.0,12.0,0.5,0.6,0.4
1974,2,339.0,33.0,16.13,17.7,18.0,17.2,8.0,1.13,20.0,0.6,0.4,0.4,15.5,16.3,17.47,16.33,8.0,1.4,22.0,0.6,0.4,0.5,7.38,7.38,7.38,7.38,1.0,0.0,28.0,0.0,0.4,0.9,67.5,67.5,67.5,67.5,1.0,0.0,28.0,0.0,0.9,3.64,9.0,10.17,7.84,9.0,4.71,20.0,0.7,0.4,0.4,-6.53,-4.79,-3.0,-4.96,9.0,3.22,20.0,0.7,0.4,0.4,-7.86,-7.12,1.18,-4.94,9.0,5.08,20.0,0.7,0.4,0.4,1010.75,1016.1,1029.19,1020.14,9.0,9.8,20.0,0.7,0.4,0.4,2.4,7.0,7.9,5.9,8.0,2.5,20.0,0.8,0.4,0.4,-66.5,-40.5,-12.3,-51.9,9.0,55.6,20.0,0.7,0.4,0.4,-79.2,-66.3,3.6,-58.5,9.0,71.1,20.0,0.7,0.4,0.4,-0.53,-0.1,1.64,0.43,7.0,1.31,22.0,0.6,0.4,0.4,-5.2,-0.3,16.5,2.6,7.0,10.5,22.0,0.6,0.4,0.4,4.77,4.77,4.77,4.77,1.0,0.0,28.0,0.0,0.4,0.9,49.1,49.1,49.1,49.1,1.0,0.0,28.0,0.0,0.4,0.9,-102.7,-80.5,-49.6,-81.3,8.0,56.4,22.0,0.6,0.4,0.5,-132.8,-108.1,-6.9,-93.6,8.0,78.7,22.0,0.6,0.4,0.5,-48.9,-48.9,-48.9,-48.9,1.0,0.0,28.0,0.0,0.4,0.9,-58.2,-58.2,-58.2,-58.2,1.0,0.0,28.0,0.0,0.4,0.9,-31.6,-31.6,-31.6,-31.6,1.0,0.0,28.0,0.0,0.4,0.9,-37.6,-37.6,-37.6,-37.6,1.0,0.0,28.0,0.0,0.4,0.9,57.5,729.0,1052.0,984.5,9.0,1530.5,20.0,0.7,0.4,0.4,60.0,730.0,1050.0,985.0,9.0,1530.0,20.0,0.7,0.4,0.4
1974,2,339.0,34.0,16.83,18.75,21.0,18.78,10.0,1.88,10.0,0.5,0.6,0.3,14.43,16.0,19.4,16.64,10.0,2.56,10.0,0.5,0.6,0.3,6.22,8.88,10.87,8.54,8.0,2.4,8.0,0.5,0.7,0.3,65.2,72.1,79.8,70.4,8.0,11.6,8.0,0.5,0.3,2.31,5.65,8.11,5.17,10.0,2.93,10.0,0.5,0.6,0.3,-1.2,1.54,7.44,2.22,10.0,4.48,10.0,0.5,0.6,0.3,-4.28,-0.58,1.42,-0.65,10.0,3.51,10.0,0.5,0.6,0.3,1014.23,1023.65,1028.86,1022.2,10.0,7.25,10.0,0.5,0.6,0.3,3.4,4.5,6.0,4.6,10.0,2.2,10.0,0.5,0.6,0.3,-2.5,5.0,56.8,17.5,10.0,33.9,10.0,0.5,0.6,0.3,-18.9,-2.6,11.7,-0.4,10.0,24.1,10.0,0.5,0.6,0.3,0.43,2.3,3.46,2.14,10.0,1.66,10.0,0.5,0.6,0.3,0.0,7.8,19.3,10.6,10.0,12.9,10.0,0.5,0.6,0.3,3.61,5.25,6.16,4.93,8.0,1.6,8.0,0.5,0.7,0.3,12.3,28.8,39.8,25.0,8.0,15.0,8.0,0.5,0.7,0.3,-21.0,24.6,144.9,45.3,10.0,82.3,10.0,0.5,0.6,0.3,-61.6,-10.8,29.3,-7.9,10.0,52.8,10.0,0.5,0.6,0.3,-17.7,5.1,84.3,25.5,8.0,49.1,8.0,0.5,0.7,0.3,-27.1,-6.5,13.4,-7.4,8.0,17.8,8.0,0.5,0.7,0.3,-10.8,4.4,33.4,6.8,8.0,23.4,8.0,0.5,0.7,0.3,-25.6,-1.2,5.6,-8.9,8.0,15.8,8.0,0.5,0.7,0.3,13.0,199.0,534.5,248.0,10.0,235.5,10.0,0.5,0.6,0.3,15.0,200.0,535.0,250.0,10.0,235.0,10.0,0.5,0.6,0.3
1974,2,339.0,35.0,15.83,16.4,18.0,16.67,11.0,1.16,18.0,0.5,0.7,0.4,14.5,15.0,17.28,15.98,12.0,2.5,16.0,0.4,0.7,0.4,6.29,7.9,9.4,7.97,9.0,1.58,14.0,0.3,0.8,0.4,61.1,68.3,86.0,72.2,9.0,12.5,14.0,0.3,0.4,0.75,5.4,8.73,5.4,12.0,4.85,16.0,0.4,0.7,0.4,-5.81,-0.49,1.01,-0.84,12.0,5.35,16.0,0.4,0.7,0.4,-7.02,-2.09,0.0,-2.8,12.0,4.17,16.0,0.4,0.7,0.4,1019.69,1026.65,1029.13,1025.27,12.0,4.45,16.0,0.4,0.7,0.4,0.7,5.0,7.3,4.6,12.0,2.8,16.0,0.4,0.7,0.4,-42.7,-0.5,6.3,2.2,12.0,67.6,16.0,0.4,0.7,0.4,-67.5,-7.0,0.0,-28.3,12.0,51.8,16.0,0.4,0.7,0.4,-1.09,1.1,3.0,0.61,11.0,3.0,18.0,0.5,0.7,0.4,-9.3,0.0,9.5,-1.1,11.0,16.2,18.0,0.5,0.7,0.4,2.92,4.15,4.54,3.69,8.0,1.59,16.0,0.4,0.8,0.4,0.1,13.5,33.1,16.6,8.0,16.3,16.0,0.4,0.8,0.4,-86.5,-7.4,22.6,-8.7,12.0,89.4,16.0,0.4,0.7,0.4,-114.4,-32.2,0.0,-48.2,12.0,70.1,16.0,0.4,0.7,0.4,-44.3,-9.6,0.0,-16.3,9.0,31.3,14.0,0.3,0.8,0.4,-41.6,-13.2,0.0,-12.5,9.0,27.2,14.0,0.3,0.8,0.4,-28.3,-6.0,0.0,-11.9,8.0,14.1,16.0,0.4,0.8,0.4,-16.4,-2.7,0.0,-5.3,8.0,13.9,16.0,0.4,0.8,0.4,0.5,168.0,689.0,577.0,12.0,1155.5,16.0,0.4,0.7,0.4,0.0,170.0,690.0,575.0,12.0,1155.0,16.0,0.4,0.7,0.4
1974,2,339.0,36.0,15.07,15.8,17.08,15.89,12.0,1.18,16.0,0.5,0.6,0.5,13.76,14.4,16.1,14.82,13.0,1.45,16.0,0.5,0.6,0.5,6.19,7.87,8.73,7.68,11.0,1.18,16.0,0.6,0.5,0.5,63.6,75.8,82.8,73.9,11.0,10.5,16.0,0.6,0.5,2.6,5.1,8.4,5.6,13.0,2.81,16.0,0.5,0.6,0.5,-6.7,0.0,3.89,-0.91,13.0,5.38,16.0,0.5,0.6,0.5,-4.14,0.0,1.76,-1.0,13.0,3.31,16.0,0.5,0.6,0.5,1019.45,1025.9,1028.53,1024.45,13.0,4.22,16.0,0.5,0.6,0.5,2.5,6.5,8.0,5.1,12.0,2.9,16.0,0.6,0.5,0.5,-45.6,0.0,16.1,-8.7,13.0,46.8,16.0,0.5,0.6,0.5,-20.0,0.0,4.6,-9.1,13.0,23.2,16.0,0.5,0.6,0.5,-0.13,1.2,3.38,1.25,12.0,2.08,16.0,0.5,0.6,0.5,-1.0,5.0,15.4,6.8,12.0,9.1,16.0,0.5,0.6,0.5,2.37,3.23,4.64,3.5,10.0,1.34,18.0,0.6,0.5,0.5,11.4,22.7,26.2,20.1,10.0,8.1,18.0,0.6,0.5,0.5,-96.5,0.0,55.2,-12.9,13.0,81.5,16.0,0.5,0.6,0.5,-59.0,0.0,30.9,-14.3,13.0,46.7,16.0,0.5,0.6,0.5,-47.3,0.0,27.4,-7.7,11.0,47.8,16.0,0.6,0.5,0.5,-36.2,0.0,14.3,-8.2,11.0,27.1,16.0,0.6,0.5,0.5,-24.9,-2.5,4.2,-6.8,10.0,16.5,18.0,0.6,0.5,0.5,-12.7,-2.8,11.2,-1.9,10.0,13.7,18.0,0.6,0.5,0.5,17.5,132.5,603.0,308.0,13.0,388.0,16.0,0.5,0.6,0.5,20.0,135.0,605.0,310.0,13.0,390.0,16.0,0.5,0.6,0.5
1974,2,339.0,37.0,14.63,15.6,16.57,15.67,10.0,1.09,12.0,0.5,0.5,0.4,13.83,15.4,16.99,15.54,14.0,1.72,12.0,0.6,0.6,0.5,6.53,7.87,9.85,8.26,13.0,1.64,12.0,0.5,0.6,0.5,59.7,79.5,86.0,76.3,13.0,11.2,12.0,0.5,0.5,2.13,6.2,10.24,6.44,14.0,4.3,12.0,0.6,0.6,0.5,-4.9,0.0,4.69,0.94,14.0,5.48,12.0,0.6,0.6,0.5,-7.91,-0.37,2.1,-0.72,14.0,5.62,12.0,0.6,0.6,0.5,1019.63,1026.95,1030.79,1025.16,14.0,5.86,12.0,0.6,0.6,0.5,1.9,4.0,8.0,4.6,13.0,2.9,12.0,0.6,0.6,0.5,-34.4,0.0,23.6,14.5,14.0,69.6,12.0,0.6,0.6,0.5,-82.5,-1.9,12.9,-12.2,14.0,60.2,12.0,0.6,0.6,0.5,-1.36,-0.6,0.66,-0.13,10.0,1.55,12.0,0.5,0.5,0.4,-8.5,-1.2,5.7,0.2,10.0,9.6,12.0,0.5,0.5,0.4,1.18,2.31,4.13,2.6,9.0,1.93,12.0,0.4,0.5,0.5,3.8,18.9,27.6,17.2,9.0,12.9,12.0,0.4,0.5,0.5,-67.0,0.0,88.6,17.1,14.0,83.8,12.0,0.6,0.6,0.5,-116.1,-4.9,33.0,-7.6,14.0,84.8,12.0,0.6,0.6,0.5,-34.6,0.0,46.7,10.5,13.0,39.5,12.0,0.5,0.6,0.5,-55.5,-6.2,22.0,-3.1,13.0,47.4,12.0,0.5,0.6,0.5,-21.4,0.0,9.3,-3.6,9.0,18.3,12.0,0.4,0.5,0.5,-6.1,1.9,11.4,0.7,9.0,12.2,12.0,0.4,0.5,0.5,10.0,238.5,1074.5,649.5,14.0,1173.0,12.0,0.6,0.6,0.5,10.0,240.0,1075.0,650.0,14.0,1175.0,12.0,0.6,0.6,0.5
1974,2,339.0,38.0,13.51,15.0,15.72,14.72,18.0,1.02,14.0,0.6,0.5,0.5,13.49,14.2,15.83,14.69,19.0,1.4,14.0,0.6,0.5,0.6,5.77,6.78,9.34,7.38,16.0,1.78,16.0,0.7,0.5,0.5,58.3,66.4,90.5,71.7,16.0,14.8,16.0,0.7,0.5,5.03,6.2,9.3,6.58,19.0,2.28,14.0,0.6,0.5,0.6,-4.76,2.29,5.62,1.37,19.0,4.58,14.0,0.6,0.5,0.6,-6.43,-1.74,4.96,-0.88,19.0,5.21,14.0,0.6,0.5,0.6,1017.27,1026.2,1030.46,1024.82,19.0,7.17,14.0,0.6,0.5,0.6,3.0,7.0,8.0,5.9,18.0,2.3,16.0,0.7,0.5,0.5,-24.4,10.8,38.0,14.1,19.0,37.5,14.0,0.6,0.5,0.6,-44.5,-8.9,29.1,-6.5,19.0,43.7,14.0,0.6,0.5,0.6,-1.15,0.2,1.25,-0.08,18.0,1.64,14.0,0.6,0.5,0.5,-6.0,1.0,7.1,-0.1,18.0,9.0,14.0,0.6,0.5,0.5,0.56,3.43,4.49,2.88,15.0,1.8,16.0,0.7,0.5,0.5,3.5,22.3,31.0,17.6,15.0,12.3,16.0,0.7,0.5,0.5,-64.6,32.1,79.5,21.3,19.0,68.0,14.0,0.6,0.5,0.6,-91.3,-24.4,73.7,-10.3,19.0,75.7,14.0,0.6,0.5,0.6,-29.9,11.8,50.6,10.3,16.0,38.5,16.0,0.7,0.5,0.5,-47.6,-12.3,44.4,-5.1,16.0,42.2,16.0,0.7,0.5,0.5,-19.1,1.8,10.9,-1.5,15.0,14.2,16.0,0.7,0.5,0.5,-20.3,-7.6,2.7,-6.4,15.0,15.4,16.0,0.7,0.5,0.5,127.5,238.5,804.5,388.5,19.0,405.0,14.0,0.6,0.5,0.6,130.0,240.0,805.0,390.0,19.0,405.0,14.0,0.6,0.5,0.6
1974,2,339.0,39.0,12.37,14.1,15.68,14.28,15.0,1.82,10.0,0.6,0.7,0.5,13.0,14.4,15.35,14.3,21.0,1.46,12.0,0.6,0.7,0.4,6.46,8.12,9.16,7.73,13.0,1.64,12.0,0.7,0.7,0.5,68.4,75.0,88.0,76.4,13.0,11.4,12.0,0.7,0.5,6.2,7.7,12.7,8.74,22.0,3.24,14.0,0.6,0.7,0.4,-5.01,5.4,8.31,2.36,22.0,7.06,14.0,0.6,0.7,0.4,-4.18,-1.16,7.23,0.55,22.0,5.87,14.0,0.6,0.7,0.4,1014.6,1023.95,1028.27,1023.03,22.0,6.42,14.0,0.6,0.7,0.4,4.0,7.0,8.0,6.0,21.0,2.1,14.0,0.6,0.7,0.4,-32.7,41.4,75.3,27.0,22.0,81.0,14.0,0.6,0.7,0.4,-28.9,-7.8,96.6,16.3,22.0,65.0,14.0,0.6,0.7,0.4,-1.98,-0.9,0.57,-0.46,14.0,1.79,10.0,0.6,0.7,0.4,-15.9,-8.6,3.9,-5.6,14.0,14.6,10.0,0.6,0.7,0.4,0.89,1.5,4.38,2.22,11.0,1.88,12.0,0.6,0.7,0.4,7.9,17.0,31.2,18.2,11.0,12.8,12.0,0.6,0.7,0.4,-66.5,80.4,128.6,43.4,21.0,100.8,12.0,0.6,0.7,0.4,-52.0,-16.3,115.8,14.0,21.0,86.5,12.0,0.6,0.7,0.4,-35.9,49.9,79.7,35.7,13.0,61.8,12.0,0.7,0.7,0.5,-18.2,29.0,84.4,27.6,13.0,45.9,12.0,0.7,0.7,0.5,-2.9,7.8,18.6,6.8,11.0,17.1,12.0,0.6,0.7,0.4,-7.2,0.0,15.7,1.9,11.0,13.4,12.0,0.6,0.7,0.4,238.5,456.5,2051.5,948.5,22.0,1003.5,14.0,0.6,0.7,0.4,240.0,455.0,2050.0,950.0,22.0,1005.0,14.0,0.6,0.7,0.4
1974,2,339.0,40.0,13.24,14.0,15.76,14.28,25.0,1.32,12.0,0.5,0.5,0.4,12.49,13.9,15.2,13.86,25.0,1.41,12.0,0.5,0.5,0.4,5.75,7.55,9.42,7.58,21.0,1.63,12.0,0.5,0.5,0.4,59.6,79.7,90.9,78.0,22.0,13.4,12.0,0.5,0.5,5.1,7.7,12.57,8.31,27.0,3.85,12.0,0.6,0.5,0.4,-0.91,4.75,8.84,3.95,27.0,5.94,12.0,0.6,0.5,0.4,-4.51,0.0,5.04,-0.09,27.0,5.91,12.0,0.6,0.5,0.4,1022.15,1025.55,1030.02,1025.4,26.0,5.33,12.0,0.5,0.5,0.4,3.0,8.0,8.0,6.2,25.0,2.4,12.0,0.6,0.5,0.4,-3.0,28.9,83.0,44.0,27.0,78.3,12.0,0.6,0.5,0.4,-24.4,0.0,33.8,-3.5,27.0,72.9,12.0,0.6,0.5,0.4,-0.7,0.0,2.1,0.53,23.0,1.57,12.0,0.5,0.5,0.5,-8.2,0.0,14.6,4.9,23.0,15.4,12.0,0.5,0.5,0.5,0.59,2.62,4.15,2.52,20.0,1.76,12.0,0.5,0.5,0.5,3.9,17.9,30.7,19.3,20.0,18.9,12.0,0.5,0.5,0.5,-14.0,60.1,123.4,53.3,25.0,83.2,12.0,0.5,0.5,0.4,-55.9,0.0,67.9,0.4,25.0,86.3,12.0,0.5,0.5,0.4,7.6,35.1,88.5,41.3,21.0,42.0,12.0,0.5,0.5,0.4,-22.2,0.0,40.8,6.8,21.0,42.1,12.0,0.5,0.5,0.4,-0.3,6.5,19.8,11.8,20.0,21.2,12.0,0.5,0.5,0.5,-16.7,-0.1,6.8,-3.3,20.0,11.9,12.0,0.5,0.5,0.5,132.5,456.5,2013.5,979.0,27.0,1393.5,12.0,0.6,0.5,0.4,135.0,455.0,2015.0,980.0,27.0,1395.0,12.0,0.6,0.5,0.4
1974,2,339.0,41.0,13.0,14.0,15.58,14.05,21.0,1.24,14.0,0.5,0.6,0.4,11.83,12.9,14.5,13.1,22.0,1.48,14.0,0.5,0.6,0.4,5.97,7.4,8.82,7.5,12.0,1.38,14.0,0.6,0.6,0.4,66.0,81.2,91.5,80.0,12.0,11.3,14.0,0.6,0.4,5.4,9.9,15.0,11.02,22.0,5.53,14.0,0.5,0.6,0.4,-2.1,6.54,14.48,6.87,22.0,7.74,14.0,0.5,0.6,0.4,-7.47,0.0,7.54,0.01,22.0,6.97,14.0,0.5,0.6,0.4,1000.39,1025.95,1028.9,1018.81,22.0,14.02,14.0,0.5,0.6,0.4,3.0,7.0,8.0,6.1,17.0,2.4,14.0,0.6,0.6,0.4,-8.6,64.9,216.2,110.9,22.0,146.3,14.0,0.5,0.6,0.4,-70.5,0.0,88.3,16.4,22.0,104.1,14.0,0.5,0.6,0.4,-0.73,1.1,2.38,1.02,21.0,1.91,14.0,0.5,0.6,0.4,-3.2,11.3,33.9,10.9,21.0,31.0,14.0,0.5,0.6,0.4,0.87,1.72,3.64,2.03,12.0,1.43,14.0,0.6,0.6,0.4,3.6,15.4,21.9,15.0,12.0,11.9,14.0,0.6,0.6,0.4,-26.8,94.5,199.8,91.5,22.0,101.3,14.0,0.5,0.6,0.4,-89.2,0.0,101.7,4.7,22.0,94.4,14.0,0.5,0.6,0.4,-5.9,38.0,94.5,42.4,12.0,50.8,14.0,0.6,0.6,0.4,-29.5,0.0,19.8,-3.7,12.0,35.2,14.0,0.6,0.6,0.4,-2.2,6.0,17.5,7.0,12.0,14.8,14.0,0.6,0.6,0.4,-16.2,0.0,3.1,-3.3,12.0,10.1,14.0,0.6,0.6,0.4,160.5,970.5,3375.0,2416.0,22.0,3425.5,14.0,0.5,0.6,0.4,160.0,970.0,3375.0,2415.0,22.0,3425.0,14.0,0.5,0.6,0.4
1974,2,339.0,42.0,11.5,12.35,13.06,12.46,16.0,1.17,10.0,0.4,0.6,0.6,11.7,13.0,14.7,13.2,20.0,1.63,12.0,0.5,0.6,0.5,5.96,6.98,9.33,7.5,15.0,1.76,12.0,0.5,0.6,0.5,66.9,78.7,86.7,78.3,15.0,12.4,12.0,0.5,0.5,5.96,9.3,18.89,11.91,19.0,7.27,10.0,0.5,0.6,0.5,2.1,6.15,12.29,6.99,19.0,4.94,10.0,0.5,0.6,0.5,-4.22,3.99,12.92,5.58,19.0,9.69,10.0,0.5,0.6,0.5,999.54,1018.2,1027.83,1014.34,19.0,13.82,10.0,0.5,0.7,0.5,6.6,8.0,8.0,7.0,19.0,1.9,12.0,0.5,0.7,0.5,14.0,55.6,235.7,109.3,19.0,112.0,10.0,0.5,0.6,0.5,-25.8,36.0,251.1,125.2,19.0,217.5,10.0,0.5,0.6,0.5,-2.36,-0.5,0.8,-0.65,16.0,1.57,10.0,0.4,0.6,0.6,-44.2,-6.0,4.2,-14.2,15.0,25.4,10.0,0.5,0.6,0.6,-0.33,2.02,2.81,1.52,13.0,1.72,10.0,0.5,0.6,0.5,-3.5,11.2,28.5,10.9,12.0,22.2,10.0,0.5,0.6,0.5,23.3,86.4,178.3,97.9,19.0,73.7,10.0,0.5,0.6,0.5,-54.0,47.8,192.0,84.3,19.0,140.9,10.0,0.5,0.6,0.5,14.8,45.6,103.6,55.1,14.0,45.4,10.0,0.5,0.6,0.5,-33.8,29.0,175.8,59.7,14.0,98.5,10.0,0.5,0.6,0.5,-3.9,4.2,17.6,6.0,12.0,12.1,10.0,0.5,0.6,0.5,-20.4,-2.7,7.4,-3.7,12.0,20.6,10.0,0.5,0.6,0.5,211.5,804.5,7028.0,3796.0,19.0,6045.5,10.0,0.5,0.6,0.5,210.0,805.0,7030.0,3795.0,19.0,6045.0,10.0,0.5,0.6,0.5
1974,2,339.0,43.0,11.76,12.4,14.0,12.68,25.0,1.14,14.0,0.4,0.6,0.4,10.61,12.0,13.37,11.9,27.0,1.25,14.0,0.4,0.6,0.5,6.1,6.99,8.22,7.18,23.0,1.04,14.0,0.4,0.6,0.5,75.1,87.1,90.6,84.0,23.0,8.7,14.0,0.4,0.5,4.8,10.3,23.75,12.78,27.0,8.1,14.0,0.4,0.6,0.5,-2.27,7.71,19.28,8.69,27.0,9.53,14.0,0.4,0.6,0.5,-9.66,0.0,6.25,-1.27,27.0,8.02,14.0,0.4,0.6,0.5,1009.79,1020.4,1029.08,1018.63,25.0,11.53,14.0,0.4,0.6,0.5,4.0,7.0,8.0,6.2,26.0,2.0,14.0,0.5,0.6,0.5,-8.1,76.6,483.1,179.1,27.0,240.8,14.0,0.4,0.6,0.5,-261.1,0.0,63.5,-37.5,27.0,164.1,14.0,0.4,0.6,0.5,-0.71,0.8,2.8,0.84,25.0,1.61,14.0,0.4,0.6,0.4,-7.4,3.6,34.3,15.1,25.0,28.3,14.0,0.4,0.6,0.4,0.49,1.51,3.35,1.79,22.0,1.32,14.0,0.5,0.6,0.4,2.5,15.8,45.5,24.7,22.0,28.2,14.0,0.5,0.6,0.4,-25.0,101.7,207.3,100.5,27.0,104.8,14.0,0.4,0.6,0.5,-113.1,0.0,76.8,-9.0,27.0,94.8,14.0,0.4,0.6,0.5,-18.3,48.0,134.5,57.8,23.0,71.7,14.0,0.4,0.6,0.5,-69.4,-8.5,35.1,-11.2,23.0,50.1,14.0,0.4,0.6,0.5,-5.2,5.5,40.8,16.3,22.0,27.5,14.0,0.5,0.6,0.4,-29.6,-4.0,4.0,-9.0,22.0,17.7,14.0,0.5,0.6,0.4,115.0,1092.5,13487.0,4862.0,27.0,7239.5,14.0,0.4,0.6,0.5,115.0,1095.0,13485.0,4860.0,27.0,7240.0,14.0,0.4,0.6,0.5
1974,2,339.0,44.0,10.94,12.0,13.77,12.51,16.0,1.56,20.0,0.5,0.7,0.5,10.69,11.7,13.37,11.89,17.0,1.4,18.0,0.5,0.8,0.5,5.83,6.66,7.81,6.84,10.0,1.05,18.0,0.7,0.6,0.5,73.6,82.0,90.1,81.5,11.0,9.1,18.0,0.6,0.5,4.37,7.7,11.14,8.16,17.0,3.97,18.0,0.5,0.8,0.5,-5.14,1.79,4.7,0.6,17.0,7.02,18.0,0.5,0.8,0.5,-2.19,1.56,6.51,2.05,17.0,5.69,18.0,0.5,0.8,0.5,1021.19,1025.55,1030.11,1024.77,16.0,5.78,18.0,0.6,0.8,0.5,5.0,8.0,8.0,6.9,16.0,1.5,18.0,0.6,0.7,0.5,-35.5,6.4,47.4,22.6,17.0,98.3,18.0,0.5,0.8,0.5,-13.6,14.1,57.9,18.8,17.0,58.7,18.0,0.5,0.8,0.5,-1.57,1.05,2.73,0.76,16.0,2.24,20.0,0.5,0.7,0.5,-9.2,4.7,19.7,6.9,16.0,21.7,20.0,0.5,0.7,0.5,0.67,2.28,2.93,1.95,10.0,1.08,18.0,0.7,0.6,0.5,2.9,10.9,18.8,12.7,10.0,9.5,18.0,0.7,0.6,0.5,-60.6,21.5,59.7,6.2,17.0,76.5,18.0,0.5,0.8,0.5,-25.6,18.0,84.8,27.6,17.0,68.5,18.0,0.5,0.8,0.5,-31.5,17.0,23.1,0.8,10.0,27.6,18.0,0.7,0.6,0.5,-31.8,7.3,46.7,8.7,10.0,42.8,18.0,0.7,0.6,0.5,-9.7,0.6,11.6,-0.3,10.0,10.0,18.0,0.7,0.6,0.5,-14.4,1.6,6.3,-3.2,10.0,12.6,18.0,0.7,0.6,0.5,84.0,456.5,1382.5,964.5,17.0,1612.0,18.0,0.5,0.8,0.5,85.0,455.0,1385.0,965.0,17.0,1610.0,18.0,0.5,0.8,0.5
1974,2,339.0,45.0,11.0,11.75,13.0,11.96,14.0,1.08,18.0,0.6,0.6,0.3,10.04,11.0,12.93,11.32,15.0,1.46,18.0,0.6,0.6,0.3,5.32,6.59,7.66,6.61,14.0,1.47,20.0,0.6,0.6,0.3,67.6,79.1,91.5,78.5,14.0,11.8,20.0,0.6,0.3,5.07,8.2,14.53,9.19,15.0,5.21,18.0,0.6,0.6,0.3,-6.03,4.31,11.43,3.68,15.0,7.86,18.0,0.6,0.6,0.3,-4.9,2.29,5.08,0.89,15.0,6.35,18.0,0.6,0.6,0.3,1013.28,1019.2,1027.37,1017.21,15.0,16.35,18.0,0.6,0.6,0.3,5.1,8.0,8.0,7.0,14.0,1.5,20.0,0.6,0.6,0.3,-47.6,28.9,160.8,57.2,15.0,109.3,18.0,0.6,0.6,0.3,-34.2,15.4,53.9,14.7,15.0,95.4,18.0,0.6,0.6,0.3,-0.78,0.65,3.11,0.77,14.0,1.89,18.0,0.6,0.6,0.3,-4.1,2.8,14.7,6.5,14.0,23.9,18.0,0.6,0.6,0.3,0.6,1.59,3.04,1.96,13.0,1.56,20.0,0.7,0.6,0.3,3.4,11.5,19.8,13.7,13.0,16.6,20.0,0.7,0.6,0.3,-67.8,46.5,126.3,41.7,15.0,93.1,18.0,0.6,0.6,0.3,-53.6,26.0,57.0,12.8,15.0,81.3,18.0,0.6,0.6,0.3,-40.8,20.0,78.3,21.7,14.0,57.3,20.0,0.6,0.6,0.3,-28.0,4.7,34.3,8.7,14.0,52.8,20.0,0.6,0.6,0.3,-7.5,3.0,13.3,6.0,13.0,15.7,20.0,0.7,0.6,0.3,-13.7,-2.2,7.1,-4.5,13.0,13.1,20.0,0.7,0.6,0.3,142.5,551.5,3102.5,1519.0,15.0,2068.0,18.0,0.6,0.6,0.3,140.0,550.0,3105.0,1520.0,15.0,2070.0,18.0,0.6,0.6,0.3
1974,2,339.0,46.0,11.04,12.0,12.46,11.99,10.0,0.91,12.0,0.4,0.7,0.5,9.01,10.8,11.79,10.44,14.0,1.64,14.0,0.4,0.7,0.5,5.26,6.32,7.23,6.23,12.0,1.26,14.0,0.4,0.7,0.5,69.3,81.8,88.0,79.5,13.0,11.8,14.0,0.4,0.5,6.23,11.3,15.27,11.12,14.0,5.31,14.0,0.4,0.7,0.5,1.64,7.3,14.32,7.04,14.0,7.15,14.0,0.4,0.7,0.5,-4.27,2.14,7.12,1.31,14.0,7.42,14.0,0.4,0.7,0.5,1000.28,1015.2,1027.1,1013.32,13.0,15.58,14.0,0.4,0.7,0.5,5.0,8.0,8.0,6.6,14.0,1.9,14.0,0.4,0.7,0.5,7.3,76.4,218.2,100.5,14.0,129.0,14.0,0.4,0.7,0.5,-35.2,26.3,80.2,2.4,14.0,122.6,14.0,0.4,0.7,0.5,0.21,1.5,3.57,1.77,10.0,1.75,12.0,0.4,0.7,0.5,1.2,12.7,41.1,20.4,10.0,26.5,12.0,0.4,0.7,0.5,1.8,2.45,3.85,2.56,8.0,1.15,12.0,0.5,0.6,0.6,13.2,27.7,68.5,38.0,8.0,32.4,12.0,0.5,0.6,0.6,18.4,81.2,137.5,69.3,14.0,70.4,14.0,0.4,0.7,0.5,-48.3,22.0,83.5,21.4,14.0,75.2,14.0,0.4,0.7,0.5,0.8,49.3,70.7,39.4,12.0,40.4,14.0,0.4,0.7,0.5,-31.6,23.1,59.0,16.3,12.0,44.6,14.0,0.4,0.7,0.5,3.4,19.4,59.6,26.7,8.0,30.2,12.0,0.5,0.6,0.6,-33.0,1.9,12.5,-6.4,8.0,30.4,12.0,0.5,0.6,0.6,242.5,1477.0,3573.5,2313.0,14.0,3095.0,14.0,0.4,0.7,0.5,240.0,1475.0,3575.0,2315.0,14.0,3095.0,14.0,0.4,0.7,0.5
1974,2,339.0,47.0,10.86,11.2,12.0,11.28,6.0,0.66,22.0,0.0,0.5,0.4,10.0,10.5,11.58,11.09,8.0,1.83,18.0,0.0,0.6,0.5,5.98,6.88,7.26,6.66,5.0,0.69,18.0,0.0,0.7,0.6,69.5,87.5,92.8,81.6,5.0,15.0,18.0,0.0,0.6,6.29,8.85,13.5,9.39,8.0,3.55,18.0,0.0,0.6,0.5,-4.44,-0.14,9.76,1.73,8.0,8.28,18.0,0.0,0.6,0.5,1.88,4.29,6.01,2.72,8.0,5.73,18.0,0.0,0.6,0.5,1013.31,1027.0,1031.68,1023.06,8.0,12.59,18.0,0.0,0.6,0.5,5.1,8.0,8.0,6.4,5.0,3.6,16.0,0.0,0.7,0.4,-38.7,-4.2,99.3,23.3,8.0,105.3,18.0,0.0,0.6,0.5,18.5,34.3,48.0,14.9,8.0,67.9,18.0,0.0,0.6,0.5,-1.42,0.7,1.92,0.07,6.0,2.32,22.0,0.0,0.5,0.4,-11.7,4.1,27.2,3.7,6.0,24.5,22.0,0.0,0.5,0.4,0.64,1.37,1.73,1.19,3.0,0.81,24.0,0.0,0.6,0.4,6.9,17.1,18.4,12.7,3.0,9.3,24.0,0.0,0.6,0.4,-65.2,-0.6,98.6,16.3,8.0,86.3,18.0,0.0,0.6,0.5,18.8,46.0,66.4,35.5,8.0,63.2,18.0,0.0,0.6,0.5,-39.8,-25.6,52.0,-1.5,5.0,52.3,18.0,0.0,0.7,0.6,-20.2,40.4,45.5,13.9,5.0,50.9,18.0,0.0,0.7,0.6,-11.1,-8.5,-3.4,-7.3,3.0,5.7,24.0,0.0,0.6,0.4,-9.4,1.8,10.7,0.7,3.0,14.7,24.0,0.0,0.6,0.4,250.0,694.0,2509.0,1156.0,8.0,1211.0,18.0,0.0,0.6,0.5,250.0,695.0,2510.0,1155.0,8.0,1210.0,18.0,0.0,0.6,0.5
1974,2,339.0,48.0,9.43,10.85,12.0,10.77,10.0,1.29,16.0,0.6,0.6,0.5,8.98,11.0,12.3,10.74,13.0,1.66,16.0,0.6,0.6,0.5,6.11,6.71,7.26,6.64,10.0,0.92,16.0,0.6,0.7,0.4,76.7,83.5,94.8,84.5,10.0,9.2,16.0,0.6,0.4,9.24,11.3,18.55,12.7,13.0,4.59,16.0,0.6,0.6,0.5,3.5,7.51,15.63,8.63,13.0,6.12,16.0,0.6,0.6,0.5,-6.81,6.15,10.65,2.95,13.0,8.26,16.0,0.6,0.6,0.5,1009.36,1015.8,1024.01,1016.57,12.0,8.62,16.0,0.6,0.6,0.5,6.5,8.0,8.0,7.4,12.0,1.2,16.0,0.7,0.6,0.4,22.1,73.6,312.1,130.0,13.0,127.2,16.0,0.6,0.6,0.5,-111.8,61.7,124.4,26.2,13.0,124.8,16.0,0.6,0.6,0.5,-1.2,0.2,1.67,0.24,10.0,1.55,16.0,0.6,0.6,0.5,-17.5,1.9,26.8,5.3,10.0,25.9,16.0,0.6,0.6,0.5,0.07,1.28,2.25,1.26,9.0,1.08,14.0,0.7,0.7,0.5,-0.4,12.2,24.6,15.2,9.0,17.0,14.0,0.7,0.7,0.5,35.8,82.6,140.3,90.1,13.0,65.1,16.0,0.6,0.6,0.5,-58.3,67.7,113.3,40.6,13.0,82.7,16.0,0.6,0.6,0.5,11.3,36.7,105.1,54.8,10.0,45.8,16.0,0.6,0.7,0.4,-44.8,35.2,78.3,21.1,10.0,62.7,16.0,0.6,0.7,0.4,0.0,4.8,20.0,10.1,9.0,13.2,14.0,0.7,0.7,0.5,-17.8,-4.0,9.9,-4.6,9.0,15.4,14.0,0.7,0.7,0.5,790.5,1443.0,6382.0,2815.0,13.0,2728.0,16.0,0.6,0.6,0.5,790.0,1445.0,6380.0,2815.0,13.0,2730.0,16.0,0.6,0.6,0.5
1974,2,339.0,49.0,9.64,10.0,11.28,10.28,13.0,0.95,16.0,0.9,0.4,0.4,9.48,10.6,13.05,10.95,13.0,1.8,16.0,0.9,0.4,0.4,5.24,6.64,7.95,6.54,12.0,1.46,16.0,0.9,0.4,0.4,68.2,85.1,91.5,81.3,12.0,11.1,16.0,0.9,0.4,4.41,9.3,15.85,10.33,13.0,6.37,16.0,0.9,0.4,0.4,0.16,6.15,13.23,6.39,13.0,7.49,16.0,0.9,0.4,0.4,0.0,2.98,8.3,4.11,13.0,6.11,16.0,0.9,0.4,0.4,1003.78,1022.0,1030.46,1016.75,13.0,13.55,16.0,0.9,0.4,0.4,4.8,8.0,8.0,6.5,13.0,2.1,16.0,0.9,0.4,0.4,0.2,55.7,205.4,99.6,13.0,143.8,16.0,0.9,0.4,0.4,0.0,21.2,86.0,43.6,13.0,115.6,16.0,0.9,0.4,0.4,-2.02,-0.6,0.36,-0.67,13.0,1.58,16.0,0.9,0.4,0.4,-24.3,-4.6,3.0,-5.6,13.0,25.6,16.0,0.9,0.4,0.4,-0.05,0.75,2.6,1.2,12.0,1.3,16.0,0.9,0.4,0.4,-0.6,3.7,27.4,12.2,12.0,20.9,16.0,0.9,0.4,0.4,1.5,72.6,145.4,69.4,13.0,75.5,16.0,0.9,0.4,0.4,0.0,31.5,104.8,52.4,13.0,76.3,16.0,0.9,0.4,0.4,0.6,36.5,84.6,36.9,12.0,46.2,16.0,0.9,0.4,0.4,3.4,24.2,70.1,35.3,12.0,51.2,16.0,0.9,0.4,0.4,-2.4,2.2,19.9,9.8,12.0,20.1,16.0,0.9,0.4,0.4,-4.3,0.8,5.8,0.6,12.0,9.5,16.0,0.9,0.4,0.4,89.5,804.5,4079.5,2369.5,13.0,3540.5,16.0,0.9,0.4,0.4,90.0,805.0,4080.0,2370.0,13.0,3540.0,16.0,0.9,0.4,0.4
1974,2,339.0,50.0,8.96,9.6,10.97,9.96,5.0,1.21,20.0,0.2,0.8,0.3,8.26,10.3,10.99,9.74,5.0,1.61,20.0,0.2,0.8,0.3,4.57,6.65,7.61,6.22,5.0,1.81,20.0,0.2,0.8,0.3,70.5,84.5,95.1,82.4,5.0,16.5,20.0,0.2,0.3,3.87,6.7,9.67,6.7,5.0,3.2,20.0,0.2,0.8,0.3,-0.23,2.29,7.14,3.02,5.0,4.57,20.0,0.2,0.8,0.3,-2.34,4.65,6.88,2.78,5.0,4.94,20.0,0.2,0.8,0.3,1014.29,1025.5,1028.28,1021.4,5.0,10.63,20.0,0.2,0.8,0.3,7.0,7.5,8.0,7.5,4.0,0.6,20.0,0.3,0.7,0.4,-3.2,15.4,70.6,29.3,5.0,40.3,20.0,0.2,0.8,0.3,-8.3,42.2,57.1,29.6,5.0,39.0,20.0,0.2,0.8,0.3,-0.81,0.3,1.21,0.22,5.0,1.06,20.0,0.2,0.8,0.3,-6.4,0.8,8.2,0.9,5.0,8.3,20.0,0.2,0.8,0.3,-0.05,1.82,2.4,1.33,5.0,1.46,20.0,0.2,0.8,0.3,-0.8,8.1,12.7,6.5,5.0,8.9,20.0,0.2,0.8,0.3,-0.4,23.6,78.8,35.0,5.0,47.2,20.0,0.2,0.8,0.3,-19.1,53.5,72.0,32.6,5.0,49.1,20.0,0.2,0.8,0.3,-2.3,16.3,52.9,23.5,5.0,33.4,20.0,0.2,0.8,0.3,-10.3,39.5,47.6,22.8,5.0,31.5,20.0,0.2,0.8,0.3,-5.4,0.6,7.7,1.3,5.0,7.6,20.0,0.2,0.8,0.3,-6.0,-2.5,6.2,0.3,5.0,8.5,20.0,0.2,0.8,0.3,68.0,301.0,909.5,462.5,5.0,467.0,20.0,0.2,0.8,0.3,70.0,300.0,910.0,465.0,5.0,465.0,20.0,0.2,0.8,0.3
1974,2,339.0,51.0,10.5,10.5,10.5,10.5,1.0,0.0,2.0,0.0,0.2,0.5,5.32,6.0,6.68,6.0,3.0,1.0,4.0,0.7,0.3,0.4,4.6,4.6,4.6,4.6,1.0,0.0,2.0,0.0,0.2,0.5,78.8,78.8,78.8,78.8,1.0,0.0,2.0,0.0,0.5,15.13,15.4,23.86,19.4,3.0,7.28,4.0,0.7,0.3,0.4,11.23,14.1,22.31,16.71,3.0,8.42,4.0,0.7,0.3,0.4,-11.07,-9.51,0.48,-5.39,3.0,9.18,4.0,0.7,0.3,0.4,978.67,997.3,1001.05,990.03,3.0,17.57,4.0,0.7,0.3,0.4,5.0,5.0,5.0,5.0,3.0,0.0,4.0,0.7,0.3,0.4,171.2,211.4,562.8,363.4,3.0,315.6,4.0,0.7,0.3,0.4,-238.1,-181.7,-5.1,-123.0,3.0,178.0,4.0,0.7,0.3,0.4,4.5,4.5,4.5,4.5,1.0,0.0,2.0,0.0,0.2,0.5,69.3,69.3,69.3,69.3,1.0,0.0,2.0,0.0,0.2,0.5,3.34,3.34,3.34,3.34,1.0,0.0,2.0,0.0,0.2,0.5,51.5,51.5,51.5,51.5,1.0,0.0,2.0,0.0,0.2,0.5,71.9,98.7,120.5,96.2,3.0,35.7,4.0,0.7,0.3,0.4,-63.4,-47.5,9.4,-27.5,3.0,56.1,4.0,0.7,0.3,0.4,45.6,45.6,45.6,45.6,1.0,0.0,2.0,0.0,0.2,0.5,-54.3,-54.3,-54.3,-54.3,1.0,0.0,2.0,0.0,0.2,0.5,33.1,33.1,33.1,33.1,1.0,0.0,2.0,0.0,0.2,0.5,-39.4,-39.4,-39.4,-39.4,1.0,0.0,2.0,0.0,0.2,0.5,3463.0,3652.5,15825.0,9504.0,3.0,10376.5,4.0,0.7,0.3,0.4,3465.0,3650.0,15825.0,9505.0,3.0,10375.0,4.0,0.7,0.3,0.4
1974,2,339.0,52.0,9.3,9.4,9.7,9.48,224.0,0.3,14.0,0.4,0.8,0.4,6.54,8.1,9.3,7.94,224.0,1.64,14.0,0.4,0.8,0.4,4.44,5.71,6.66,5.62,222.0,1.05,14.0,0.4,0.8,0.4,73.1,84.1,92.9,83.0,222.0,9.5,14.0,0.4,0.4,6.2,11.8,17.0,11.75,224.0,4.66,14.0,0.4,0.8,0.4,-1.88,6.2,12.16,5.51,224.0,6.5,14.0,0.4,0.8,0.4,-8.07,3.69,11.09,1.91,224.0,9.16,14.0,0.4,0.8,0.4,968.32,1001.7,1025.99,997.6,225.0,22.64,14.0,0.4,0.8,0.4,3.0,7.0,8.0,6.0,224.0,2.2,14.0,0.4,0.8,0.4,-10.7,56.9,186.0,76.7,224.0,103.2,14.0,0.4,0.8,0.4,-103.7,25.6,139.2,16.7,224.0,145.1,14.0,0.4,0.8,0.4,0.2,1.4,2.86,1.54,224.0,1.58,14.0,0.4,0.8,0.4,2.1,14.4,31.8,18.0,224.0,23.7,14.0,0.4,0.8,0.4,0.97,1.89,2.85,1.84,222.0,0.95,14.0,0.4,0.8,0.4,8.3,17.7,33.0,20.3,222.0,13.3,14.0,0.4,0.8,0.4,-17.4,47.9,92.4,40.8,224.0,49.4,14.0,0.4,0.8,0.4,-52.7,26.2,100.2,20.4,224.0,78.6,14.0,0.4,0.8,0.4,-11.8,34.2,67.9,29.8,222.0,37.2,14.0,0.4,0.8,0.4,-38.4,16.2,69.2,13.5,222.0,56.4,14.0,0.4,0.8,0.4,-2.3,8.8,25.6,11.5,222.0,15.1,14.0,0.4,0.8,0.4,-16.9,3.2,14.7,0.3,222.0,15.1,14.0,0.4,0.8,0.4,238.5,1643.0,4913.0,2377.5,224.0,2283.0,14.0,0.4,0.8,0.4,240.0,1645.0,4915.0,2380.0,224.0,2285.0,14.0,0.4,0.8,0.4
1974,2,339.0,54.0,9.0,9.0,9.68,9.33,3.0,0.58,18.0,0.3,0.8,0.4,6.32,6.8,9.19,7.73,3.0,2.25,18.0,0.3,0.8,0.4,4.28,4.64,6.49,5.37,3.0,1.73,18.0,0.3,0.8,0.4,73.0,76.7,86.9,79.9,3.0,10.5,18.0,0.3,0.4,15.13,15.4,17.86,16.47,3.0,2.2,18.0,0.3,0.8,0.4,14.64,15.0,16.95,15.78,3.0,1.82,18.0,0.3,0.8,0.4,-4.44,0.0,3.6,-0.41,3.0,5.89,18.0,0.3,0.8,0.4,993.34,1021.6,1023.51,1008.73,3.0,24.75,18.0,0.3,0.8,0.4,8.0,8.0,8.0,8.0,2.0,0.0,16.0,0.5,0.8,0.6,223.5,225.0,303.0,262.4,3.0,66.6,18.0,0.3,0.8,0.4,-84.3,0.0,55.4,-14.1,3.0,103.0,18.0,0.3,0.8,0.4,-0.19,2.2,3.36,1.6,3.0,2.65,18.0,0.3,0.8,0.4,-3.2,33.0,61.1,29.0,3.0,47.2,18.0,0.3,0.8,0.4,0.76,2.39,3.1,1.94,3.0,1.76,18.0,0.3,0.8,0.4,11.4,35.9,55.8,33.6,3.0,32.6,18.0,0.3,0.8,0.4,104.2,108.9,136.3,120.0,3.0,25.4,18.0,0.3,0.8,0.4,-27.1,0.0,37.0,4.9,3.0,47.1,18.0,0.3,0.8,0.4,70.8,73.5,95.9,83.1,3.0,20.2,18.0,0.3,0.8,0.4,-18.3,0.0,26.4,4.0,3.0,32.9,18.0,0.3,0.8,0.4,11.4,35.9,53.1,32.3,3.0,30.7,18.0,0.3,0.8,0.4,-15.2,0.0,0.0,-7.4,3.0,12.8,18.0,0.3,0.8,0.4,3463.0,3652.5,5841.0,4629.0,3.0,1936.5,18.0,0.3,0.8,0.4,3465.0,3650.0,5840.0,4630.0,3.0,1935.0,18.0,0.3,0.8,0.4
1974,2,339.0,55.0,10.0,10.0,10.0,10.0,1.0,0.0,24.0,0.0,0.3,0.0,6.8,8.1,9.4,8.1,2.0,2.69,22.0,0.0,0.5,0.2,6.04,6.04,6.04,6.04,1.0,0.0,24.0,0.0,0.3,0.0,80.5,80.5,80.5,80.5,1.0,0.0,24.0,0.0,0.0,8.0,10.8,13.6,10.8,2.0,5.8,22.0,0.0,0.5,0.2,1.18,3.73,6.27,3.73,2.0,5.27,22.0,0.0,0.5,0.2,7.68,9.8,11.92,9.8,2.0,4.39,22.0,0.0,0.5,0.2,1025.46,1026.45,1027.44,1026.45,2.0,2.05,22.0,0.0,0.5,0.2,6.3,7.0,7.7,7.0,2.0,1.4,22.0,0.0,0.5,0.2,17.6,55.5,93.4,55.5,2.0,78.5,22.0,0.0,0.5,0.2,68.3,118.6,168.9,118.6,2.0,104.2,22.0,0.0,0.5,0.2,0.0,0.0,0.0,0.0,1.0,0.0,24.0,0.0,0.3,0.0,0.0,0.0,0.0,0.0,1.0,0.0,24.0,0.0,0.3,0.0,1.47,1.47,1.47,1.47,1.0,0.0,24.0,0.0,0.3,0.0,9.9,9.9,9.9,9.9,1.0,0.0,24.0,0.0,0.3,0.0,7.3,23.1,38.9,23.1,2.0,32.7,22.0,0.0,0.5,0.2,69.1,73.5,77.9,73.5,2.0,9.2,22.0,0.0,0.5,0.2,0.0,0.0,0.0,0.0,1.0,0.0,24.0,0.0,0.3,0.0,40.5,40.5,40.5,40.5,1.0,0.0,24.0,0.0,0.3,0.0,0.0,0.0,0.0,0.0,1.0,0.0,24.0,0.0,0.3,0.0,9.9,9.9,9.9,9.9,1.0,0.0,24.0,0.0,0.3,0.0,778.0,1804.5,2830.5,1804.5,2.0,2126.5,22.0,0.0,0.5,0.2,780.0,1805.0,2830.0,1805.0,2.0,2125.0,22.0,0.0,0.5,0.2
1974,2,339.0,56.0,,,,,,,,,,,,,,,,,,,,,,,,,,,,,,,,,,,,,,,,21.1,21.1,21.1,21.1,1.0,0.0,2.0,1.0,0.4,0.6,19.83,19.83,19.83,19.83,1.0,0.0,2.0,1.0,0.4,0.6,-7.22,-7.22,-7.22,-7.22,1.0,0.0,2.0,1.0,0.4,0.6,998.0,998.0,998.0,998.0,1.0,0.0,2.0,1.0,0.4,0.6,,,,,,,,,,,,,,,,,,,,,,,,,,,,,,,,,,,,,,,,,,,,,,,,,,,,,,,,,,,,,,,,,,,,,,,,,,,,,,,,,,,,,,,,,,,,,,,,,,,,,,,,,,,,,,,,,,,,,,,,,,,,,,,,,,,,,,,,,,,,,,,,,,,,,,
1974,2,339.0,57.0,8.73,9.0,9.07,8.9,3.0,0.26,24.0,0.0,0.4,0.5,5.73,6.0,6.34,6.03,3.0,0.45,24.0,0.0,0.4,0.5,4.39,4.64,4.9,4.64,2.0,0.53,22.0,0.0,0.4,0.4,75.5,79.0,82.4,79.0,2.0,7.2,22.0,0.0,0.4,3.9,6.7,11.68,7.77,3.0,5.77,24.0,0.0,0.4,0.5,2.84,3.35,10.47,6.58,3.0,6.25,24.0,0.0,0.4,0.5,-3.96,0.0,1.66,-1.12,3.0,4.23,24.0,0.0,0.4,0.5,989.58,1013.2,1015.45,1002.77,3.0,20.99,24.0,0.0,0.4,0.5,4.0,6.0,6.0,5.0,3.0,1.7,24.0,0.0,0.4,0.5,11.7,22.4,138.9,74.1,3.0,103.3,24.0,0.0,0.4,0.5,-26.5,0.0,23.2,-1.6,3.0,36.5,24.0,0.0,0.4,0.5,2.53,2.6,3.21,2.87,3.0,0.55,24.0,0.0,0.4,0.5,10.0,17.4,39.0,24.3,3.0,22.1,24.0,0.0,0.4,0.5,2.16,2.36,2.55,2.36,2.0,0.41,22.0,0.0,0.4,0.4,7.3,11.5,15.8,11.5,2.0,8.7,22.0,0.0,0.4,0.4,17.9,20.1,59.1,38.1,3.0,33.9,24.0,0.0,0.4,0.5,-23.8,0.0,9.3,-7.1,3.0,25.0,24.0,0.0,0.4,0.5,13.2,13.7,14.1,13.7,2.0,0.9,22.0,0.0,0.4,0.4,-20.9,-12.4,-3.9,-12.4,2.0,17.5,22.0,0.0,0.4,0.4,5.9,7.1,8.3,7.1,2.0,2.5,22.0,0.0,0.4,0.4,-12.9,-7.7,-2.4,-7.7,2.0,10.9,22.0,0.0,0.4,0.4,107.5,301.0,1968.5,1021.0,3.0,1499.0,24.0,0.0,0.4,0.5,105.0,300.0,1970.0,1020.0,3.0,1500.0,24.0,0.0,0.4,0.5
1974,2,339.0,58.0,7.67,8.05,8.43,8.05,2.0,0.78,18.0,0.0,0.5,0.6,5.19,5.6,6.01,5.6,2.0,0.85,18.0,0.0,0.5,0.6,3.7,3.7,3.7,3.7,1.0,0.0,18.0,0.0,0.9,0.9,68.6,68.6,68.6,68.6,1.0,0.0,18.0,0.0,0.9,12.2,14.15,16.1,14.15,2.0,4.03,18.0,0.0,0.5,0.6,-0.93,3.42,7.76,3.42,2.0,9.01,18.0,0.0,0.5,0.6,7.41,11.2,14.98,11.2,2.0,7.84,18.0,0.0,0.5,0.6,1009.9,1011.2,1012.5,1011.2,2.0,2.69,18.0,0.0,0.5,0.6,3.0,3.0,3.0,3.0,1.0,0.0,18.0,0.0,0.9,0.9,-24.7,30.2,85.1,30.2,2.0,113.7,18.0,0.0,0.5,0.6,98.9,174.2,249.6,174.2,2.0,156.1,18.0,0.0,0.5,0.6,1.67,2.45,3.23,2.45,2.0,1.63,18.0,0.0,0.5,0.6,25.0,31.4,37.7,31.4,2.0,13.1,18.0,0.0,0.5,0.6,3.22,3.22,3.22,3.22,1.0,0.0,18.0,0.0,0.9,0.9,36.4,36.4,36.4,36.4,1.0,0.0,18.0,0.0,0.9,0.9,-7.6,15.3,38.3,15.3,2.0,47.5,18.0,0.0,0.5,0.6,40.2,66.0,91.8,66.0,2.0,53.4,18.0,0.0,0.5,0.6,36.2,36.2,36.2,36.2,1.0,0.0,18.0,0.0,0.9,0.9,20.9,20.9,20.9,20.9,1.0,0.0,18.0,0.0,0.9,0.9,31.5,31.5,31.5,31.5,1.0,0.0,18.0,0.0,0.9,0.9,18.2,18.2,18.2,18.2,1.0,0.0,18.0,0.0,0.9,0.9,1993.5,3178.0,4362.5,3178.0,2.0,2453.5,18.0,0.0,0.5,0.6,1995.0,3180.0,4360.0,3180.0,2.0,2455.0,18.0,0.0,0.5,0.6
1974,2,339.0,59.0,8.4,8.9,9.0,8.74,5.0,0.31,16.0,0.2,0.5,0.2,1.0,3.8,4.52,3.0,5.0,1.87,16.0,0.2,0.5,0.2,4.07,4.07,4.74,4.39,3.0,0.57,12.0,0.0,0.5,0.1,80.0,81.9,88.8,84.3,3.0,6.7,12.0,0.0,0.1,9.75,13.0,15.15,12.28,5.0,3.7,16.0,0.2,0.5,0.2,4.23,5.83,11.5,7.39,5.0,4.09,16.0,0.2,0.5,0.2,-4.19,4.04,7.97,1.91,5.0,10.62,16.0,0.2,0.5,0.2,997.3,1007.9,1011.67,1004.44,5.0,9.89,16.0,0.2,0.5,0.2,2.6,8.0,8.0,5.8,5.0,3.0,16.0,0.2,0.5,0.2,39.3,77.0,141.1,88.8,5.0,54.4,16.0,0.2,0.5,0.2,-76.9,47.6,113.9,19.3,5.0,160.6,16.0,0.2,0.5,0.2,4.06,4.6,8.0,5.74,5.0,2.08,16.0,0.2,0.5,0.2,41.1,61.6,109.8,72.5,5.0,38.4,16.0,0.2,0.5,0.2,2.37,2.76,2.77,2.57,3.0,0.33,12.0,0.0,0.5,0.1,22.1,32.6,33.3,27.8,3.0,9.3,12.0,0.0,0.5,0.1,9.6,13.1,31.5,20.1,5.0,16.6,16.0,0.2,0.5,0.2,-24.3,8.1,15.3,-6.1,5.0,38.5,16.0,0.2,0.5,0.2,16.7,23.7,38.3,27.4,3.0,16.1,12.0,0.0,0.5,0.1,-49.5,8.6,13.9,-17.2,3.0,51.6,12.0,0.0,0.5,0.1,9.1,16.1,26.0,17.5,3.0,12.5,12.0,0.0,0.5,0.1,-20.8,5.9,9.5,-5.4,3.0,24.2,12.0,0.0,0.5,0.1,1130.0,2197.0,3476.5,2221.0,5.0,1382.5,16.0,0.2,0.5,0.2,1130.0,2195.0,3475.0,2220.0,5.0,1385.0,16.0,0.2,0.5,0.2
1974,2,339.0,60.0,7.8,9.1,10.4,9.1,2.0,2.69,12.0,0.0,1.0,0.4,1.27,2.5,2.84,2.07,3.0,1.21,14.0,0.3,0.8,0.5,3.6,3.6,3.6,3.6,1.0,0.0,18.0,0.0,1.0,0.1,88.4,88.4,88.4,88.4,1.0,0.0,18.0,0.0,0.1,12.17,19.0,24.32,18.27,3.0,8.92,14.0,0.3,0.8,0.5,-18.02,0.0,6.48,-5.63,3.0,18.6,14.0,0.3,0.8,0.5,-7.62,-4.65,9.75,0.93,3.0,13.62,14.0,0.3,0.8,0.5,989.96,993.1,1006.48,998.1,3.0,12.85,14.0,0.3,0.8,0.5,7.3,8.0,8.0,7.7,3.0,0.6,14.0,0.3,0.8,0.5,-482.8,0.0,123.2,-175.6,3.0,469.2,14.0,0.3,0.8,0.5,-110.8,-81.0,187.7,35.6,3.0,240.9,14.0,0.3,0.8,0.5,6.82,7.5,8.18,7.5,2.0,1.41,12.0,0.0,1.0,0.4,84.0,100.0,116.0,100.0,2.0,33.2,12.0,0.0,1.0,0.4,2.84,2.84,2.84,2.84,1.0,0.0,18.0,0.0,1.0,0.1,54.0,54.0,54.0,54.0,1.0,0.0,18.0,0.0,1.0,0.1,-54.0,0.0,4.5,-24.2,3.0,47.7,14.0,0.3,0.8,0.5,-19.8,-14.0,3.4,-8.3,3.0,17.7,14.0,0.3,0.8,0.5,34.2,34.2,34.2,34.2,1.0,0.0,18.0,0.0,1.0,0.1,59.2,59.2,59.2,59.2,1.0,0.0,18.0,0.0,1.0,0.1,27.0,27.0,27.0,27.0,1.0,0.0,18.0,0.0,1.0,0.1,46.8,46.8,46.8,46.8,1.0,0.0,18.0,0.0,1.0,0.1,2674.5,6859.0,15316.5,8945.5,3.0,9434.5,14.0,0.3,0.8,0.5,2675.0,6860.0,15315.0,8945.0,3.0,9435.0,14.0,0.3,0.8,0.5
1974,2,339.0,61.0,5.93,7.5,9.21,7.57,3.0,2.4,20.0,0.3,0.9,0.4,5.06,5.2,8.48,6.73,3.0,2.83,20.0,0.3,0.9,0.4,4.81,4.81,4.81,4.81,1.0,0.0,6.0,1.0,0.8,0.4,86.9,86.9,86.9,86.9,1.0,0.0,6.0,1.0,0.4,5.52,11.05,17.89,11.68,4.0,7.51,18.0,0.5,0.9,0.3,-11.58,-1.0,3.77,-3.77,4.0,11.7,18.0,0.5,0.9,0.3,-1.87,1.73,9.46,3.7,4.0,8.0,18.0,0.5,0.9,0.3,979.38,999.75,1016.82,998.18,4.0,22.24,18.0,0.5,0.9,0.3,5.0,6.5,8.0,6.5,4.0,1.7,18.0,0.5,0.9,0.3,-222.8,-4.0,27.2,-93.5,4.0,217.9,18.0,0.5,0.9,0.3,-38.6,6.9,122.9,40.5,4.0,126.9,18.0,0.5,0.9,0.3,-2.48,2.5,4.07,0.83,3.0,5.01,20.0,0.3,0.9,0.4,-37.9,34.6,46.1,4.8,3.0,66.7,20.0,0.3,0.9,0.4,1.78,1.78,1.78,1.78,1.0,0.0,6.0,1.0,0.8,0.4,36.6,36.6,36.6,36.6,1.0,0.0,6.0,1.0,0.8,0.4,-69.2,0.0,25.6,-21.3,3.0,71.9,20.0,0.3,0.9,0.4,-12.2,0.0,101.7,43.7,3.0,91.6,20.0,0.3,0.9,0.4,-97.6,-97.6,-97.6,-97.6,1.0,0.0,6.0,1.0,0.8,0.4,-17.2,-17.2,-17.2,-17.2,1.0,0.0,6.0,1.0,0.8,0.4,-36.0,-36.0,-36.0,-36.0,1.0,0.0,6.0,1.0,0.8,0.4,-6.4,-6.4,-6.4,-6.4,1.0,0.0,6.0,1.0,0.8,0.4,211.0,1840.5,6155.0,3122.0,4.0,4022.0,18.0,0.5,0.9,0.3,210.0,1840.0,6155.0,3120.0,4.0,4020.0,18.0,0.5,0.9,0.3
1974,2,339.0,62.0,6.5,6.5,6.5,6.5,2.0,0.0,6.0,0.5,0.9,0.7,1.22,3.2,3.96,3.0,8.0,1.39,14.0,0.6,0.7,0.8,4.24,4.47,4.69,4.47,2.0,0.46,6.0,0.5,0.9,0.7,78.6,85.6,92.6,85.6,2.0,14.5,6.0,0.5,0.7,6.9,17.2,25.6,16.74,10.0,9.01,14.0,0.6,0.6,0.8,-25.21,-14.13,5.12,-11.14,10.0,14.32,14.0,0.6,0.6,0.8,-9.73,-4.06,2.0,-3.61,10.0,5.92,14.0,0.6,0.6,0.8,989.94,993.55,1003.13,994.75,10.0,7.76,14.0,0.6,0.6,0.8,3.4,6.0,8.0,5.8,10.0,2.1,14.0,0.6,0.6,0.8,-647.3,-247.2,39.6,-288.1,10.0,350.3,14.0,0.6,0.6,0.8,-168.5,-72.6,35.9,-77.8,10.0,125.8,14.0,0.6,0.6,0.8,1.72,2.2,2.68,2.2,2.0,0.99,6.0,0.5,0.9,0.7,36.3,49.8,63.3,49.8,2.0,28.0,6.0,0.5,0.9,0.7,1.43,1.65,1.86,1.65,2.0,0.45,6.0,0.5,0.9,0.7,33.1,35.6,38.1,35.6,2.0,5.2,6.0,0.5,0.9,0.7,-86.9,-26.2,9.9,-35.6,8.0,48.8,14.0,0.6,0.7,0.8,-28.3,-4.6,13.1,-5.8,8.0,20.7,14.0,0.6,0.7,0.8,-108.3,-97.5,-86.6,-97.5,2.0,22.5,6.0,0.5,0.9,0.7,-8.9,2.8,14.5,2.8,2.0,24.3,6.0,0.5,0.9,0.7,-37.6,-35.1,-32.6,-35.1,2.0,5.1,6.0,0.5,0.9,0.7,-4.9,-0.6,3.6,-0.6,2.0,8.8,6.0,0.5,0.9,0.7,420.5,5255.5,16925.5,8398.5,10.0,9748.5,14.0,0.6,0.6,0.8,420.0,5255.0,16925.0,8400.0,10.0,9750.0,14.0,0.6,0.6,0.8
1974,2,339.0,63.0,5.8,6.2,6.43,6.13,12.0,0.45,14.0,0.2,0.6,0.4,-0.41,1.8,6.08,2.64,21.0,3.64,16.0,0.3,0.5,0.4,2.5,4.27,6.69,4.44,6.0,2.1,12.0,0.3,0.7,0.2,71.2,83.4,93.4,82.4,6.0,11.9,12.0,0.3,0.2,6.7,12.65,18.67,12.72,22.0,5.98,14.0,0.4,0.5,0.4,-9.2,-3.13,0.0,-3.85,22.0,6.27,14.0,0.4,0.5,0.4,-13.41,-1.15,14.46,-0.67,22.0,12.24,14.0,0.4,0.5,0.4,986.83,997.1,1008.57,997.77,22.0,10.28,14.0,0.4,0.5,0.4,3.0,7.0,8.0,5.8,21.0,2.5,14.0,0.3,0.5,0.4,-140.7,-26.4,0.0,-61.9,22.0,107.7,14.0,0.4,0.5,0.4,-183.6,-5.3,254.0,-1.4,22.0,221.2,14.0,0.4,0.5,0.4,-0.02,4.8,7.38,3.74,12.0,4.0,14.0,0.2,0.6,0.4,-8.1,29.1,99.6,42.9,12.0,64.5,14.0,0.2,0.6,0.4,-0.74,1.9,3.45,1.59,6.0,2.08,12.0,0.3,0.7,0.2,-13.3,29.3,54.3,25.1,6.0,34.9,12.0,0.3,0.7,0.2,-29.6,0.0,12.7,-14.0,21.0,36.4,16.0,0.3,0.5,0.4,-0.7,13.8,102.6,36.2,21.0,54.5,16.0,0.3,0.5,0.4,-32.9,-19.6,0.0,-23.2,6.0,29.1,12.0,0.3,0.7,0.2,-39.6,-15.9,118.6,19.5,6.0,78.6,12.0,0.3,0.7,0.2,-16.4,0.0,2.3,-6.9,6.0,14.3,12.0,0.3,0.7,0.2,-52.4,-29.9,-10.4,-30.4,6.0,24.6,12.0,0.3,0.7,0.2,301.0,2029.0,6517.5,3362.0,22.0,3541.0,14.0,0.4,0.5,0.4,300.0,2030.0,6515.0,3360.0,22.0,3540.0,14.0,0.4,0.5,0.4
1974,2,339.0,66.0,,,,,,,,,,,,,,,,,,,,,,,,,,,,,,,,,,,,,,,,9.78,10.8,11.82,10.8,3.0,1.5,16.0,0.3,0.4,0.4,-8.33,-5.98,-0.62,-4.51,3.0,5.79,16.0,0.3,0.4,0.4,-7.66,-7.12,5.0,-1.46,3.0,10.49,16.0,0.3,0.4,0.4,1001.66,1002.0,1002.61,1002.13,3.0,0.71,16.0,0.3,0.4,0.4,,,,,,,,,,,,,,,,,,,,,,,,,,,,,,,,,,,,,,,,,,,,,,,,,,,,,,,,,,,,,,,,,,,,,,,,,,,,,,,,,,,,,,,,,,,,,,,,,,,,,,,,,,,,,,,,,,,,,,,,,,,,,,,,,,,,,,,,,,,,,,,,,,,,,,
1974,2,339.0,68.0,,,,,,,,,,,,,,,,,,,,,,,,,,,,,,,,,,,,,,,,15.4,15.4,15.4,15.4,1.0,0.0,24.0,0.0,1.0,0.4,-11.8,-11.8,-11.8,-11.8,1.0,0.0,24.0,0.0,1.0,0.4,-9.9,-9.9,-9.9,-9.9,1.0,0.0,24.0,0.0,1.0,0.4,1011.3,1011.3,1011.3,1011.3,1.0,0.0,24.0,0.0,1.0,0.4,,,,,,,,,,,,,,,,,,,,,,,,,,,,,,,,,,,,,,,,,,,,,,,,,,,,,,,,,,,,,,,,,,,,,,,,,,,,,,,,,,,,,,,,,,,,,,,,,,,,,,,,,,,,,,,,,,,,,,,,,,,,,,,,,,,,,,,,,,,,,,,,,,,,,,
1974,2,340.0,-34.0,24.6,24.6,24.6,24.6,1.0,0.0,10.0,1.0,0.1,0.9,23.2,23.2,23.2,23.2,1.0,0.0,10.0,1.0,0.1,0.9,13.54,13.54,13.54,13.54,1.0,0.0,10.0,1.0,0.1,0.9,77.2,77.2,77.2,77.2,1.0,0.0,10.0,1.0,0.9,5.7,5.7,5.7,5.7,1.0,0.0,10.0,1.0,0.1,0.9,5.7,5.7,5.7,5.7,1.0,0.0,10.0,1.0,0.1,0.9,0.0,0.0,0.0,0.0,1.0,0.0,10.0,1.0,0.1,0.9,1021.9,1021.9,1021.9,1021.9,1.0,0.0,10.0,1.0,0.1,0.9,4.0,4.0,4.0,4.0,1.0,0.0,10.0,1.0,0.1,0.9,32.5,32.5,32.5,32.5,1.0,0.0,10.0,1.0,0.1,0.9,0.0,0.0,0.0,0.0,1.0,0.0,10.0,1.0,0.1,0.9,1.4,1.4,1.4,1.4,1.0,0.0,10.0,1.0,0.1,0.9,8.0,8.0,8.0,8.0,1.0,0.0,10.0,1.0,0.1,0.9,5.59,5.59,5.59,5.59,1.0,0.0,10.0,1.0,0.1,0.9,31.9,31.9,31.9,31.9,1.0,0.0,10.0,1.0,0.1,0.9,132.2,132.2,132.2,132.2,1.0,0.0,10.0,1.0,0.1,0.9,0.0,0.0,0.0,0.0,1.0,0.0,10.0,1.0,0.1,0.9,77.2,77.2,77.2,77.2,1.0,0.0,10.0,1.0,0.1,0.9,0.0,0.0,0.0,0.0,1.0,0.0,10.0,1.0,0.1,0.9,31.9,31.9,31.9,31.9,1.0,0.0,10.0,1.0,0.1,0.9,0.0,0.0,0.0,0.0,1.0,0.0,10.0,1.0,0.1,0.9,185.0,185.0,185.0,185.0,1.0,0.0,10.0,1.0,0.1,0.9,185.0,185.0,185.0,185.0,1.0,0.0,10.0,1.0,0.1,0.9
1974,2,340.0,-33.0,23.0,23.0,23.0,23.0,1.0,0.0,12.0,1.0,0.7,0.1,21.2,21.2,21.2,21.2,1.0,0.0,12.0,1.0,0.7,0.1,11.46,11.46,11.46,11.46,1.0,0.0,12.0,1.0,0.7,0.1,73.6,73.6,73.6,73.6,1.0,0.0,12.0,1.0,0.1,5.1,5.1,5.1,5.1,1.0,0.0,12.0,1.0,0.7,0.1,-0.89,-0.89,-0.89,-0.89,1.0,0.0,12.0,1.0,0.7,0.1,5.02,5.02,5.02,5.02,1.0,0.0,12.0,1.0,0.7,0.1,1016.9,1016.9,1016.9,1016.9,1.0,0.0,12.0,1.0,0.7,0.1,3.0,3.0,3.0,3.0,1.0,0.0,12.0,1.0,0.7,0.1,-4.5,-4.5,-4.5,-4.5,1.0,0.0,12.0,1.0,0.7,0.1,25.6,25.6,25.6,25.6,1.0,0.0,12.0,1.0,0.7,0.1,1.8,1.8,1.8,1.8,1.0,0.0,12.0,1.0,0.7,0.1,9.2,9.2,9.2,9.2,1.0,0.0,12.0,1.0,0.7,0.1,5.98,5.98,5.98,5.98,1.0,0.0,12.0,1.0,0.7,0.1,30.5,30.5,30.5,30.5,1.0,0.0,12.0,1.0,0.7,0.1,-18.8,-18.8,-18.8,-18.8,1.0,0.0,12.0,1.0,0.7,0.1,106.5,106.5,106.5,106.5,1.0,0.0,12.0,1.0,0.7,0.1,-10.1,-10.1,-10.1,-10.1,1.0,0.0,12.0,1.0,0.7,0.1,57.6,57.6,57.6,57.6,1.0,0.0,12.0,1.0,0.7,0.1,-5.3,-5.3,-5.3,-5.3,1.0,0.0,12.0,1.0,0.7,0.1,30.0,30.0,30.0,30.0,1.0,0.0,12.0,1.0,0.7,0.1,132.5,132.5,132.5,132.5,1.0,0.0,12.0,1.0,0.7,0.1,135.0,135.0,135.0,135.0,1.0,0.0,12.0,1.0,0.7,0.1
1974,2,340.0,-32.0,22.16,22.5,22.84,22.5,3.0,0.5,10.0,0.7,0.6,0.7,21.39,22.0,22.55,21.97,3.0,0.85,10.0,0.7,0.6,0.7,8.93,10.18,10.22,9.59,3.0,1.08,10.0,0.7,0.6,0.7,53.2,62.4,65.1,59.2,3.0,9.2,10.0,0.7,0.7,3.23,4.6,4.6,3.93,3.0,1.15,10.0,0.7,0.6,0.7,-4.32,-4.32,-3.04,-3.7,3.0,1.09,10.0,0.7,0.6,0.7,1.11,1.57,1.57,1.35,3.0,0.39,10.0,0.7,0.6,0.7,1019.43,1019.5,1019.98,1019.7,3.0,0.44,10.0,0.7,0.6,0.7,5.3,6.0,7.4,6.3,3.0,1.5,10.0,0.7,0.6,0.7,-19.9,-19.9,-10.6,-15.4,3.0,7.8,10.0,0.7,0.6,0.7,3.9,7.2,7.2,5.6,3.0,2.8,10.0,0.7,0.6,0.7,0.08,0.9,0.97,0.53,3.0,0.72,10.0,0.7,0.6,0.7,-0.1,2.6,3.7,1.8,3.0,2.8,10.0,0.7,0.6,0.7,6.47,7.22,8.1,7.29,3.0,1.2,10.0,0.7,0.6,0.7,21.8,28.1,35.7,28.7,3.0,10.2,10.0,0.7,0.6,0.7,-96.2,-91.2,-65.6,-81.2,3.0,24.0,10.0,0.7,0.6,0.7,23.9,33.2,35.0,29.5,3.0,8.7,10.0,0.7,0.6,0.7,-41.7,-36.1,-28.4,-35.1,3.0,9.7,10.0,0.7,0.6,0.7,10.3,13.1,15.2,12.8,3.0,3.5,10.0,0.7,0.6,0.7,-33.5,-26.5,-20.4,-27.0,3.0,9.6,10.0,0.7,0.6,0.7,7.4,9.6,12.2,9.8,3.0,3.5,10.0,0.7,0.6,0.7,43.0,97.5,97.5,70.5,3.0,46.0,10.0,0.7,0.6,0.7,45.0,95.0,95.0,70.0,3.0,45.0,10.0,0.7,0.6,0.7
1974,2,340.0,-31.0,24.02,24.05,24.08,24.05,2.0,0.07,18.0,0.5,0.4,0.4,21.25,22.85,24.45,22.85,2.0,3.32,18.0,0.5,0.4,0.4,14.6,16.56,18.52,16.56,2.0,4.06,18.0,0.5,0.4,0.4,92.1,94.1,96.1,94.1,2.0,4.2,18.0,0.5,0.4,6.93,8.5,10.07,8.5,2.0,3.25,18.0,0.5,0.4,0.4,3.71,5.02,6.33,5.02,2.0,2.72,18.0,0.5,0.4,0.4,-3.2,1.45,6.11,1.45,2.0,9.65,18.0,0.5,0.4,0.4,1010.94,1011.45,1011.96,1011.45,2.0,1.06,18.0,0.5,0.4,0.4,6.3,7.0,7.7,7.0,2.0,1.4,18.0,0.5,0.4,0.4,28.1,47.1,66.1,47.1,2.0,39.4,18.0,0.5,0.4,0.4,-13.8,28.0,69.9,28.0,2.0,86.7,18.0,0.5,0.4,0.4,-0.37,1.2,2.77,1.2,2.0,3.25,18.0,0.5,0.4,0.4,0.3,15.5,30.7,15.5,2.0,31.6,18.0,0.5,0.4,0.4,0.2,2.14,4.07,2.14,2.0,4.0,18.0,0.5,0.4,0.4,4.9,24.7,44.4,24.7,2.0,41.0,18.0,0.5,0.4,0.4,88.3,110.2,132.1,110.2,2.0,45.4,18.0,0.5,0.4,0.4,-86.9,17.1,121.2,17.1,2.0,215.6,18.0,0.5,0.4,0.4,65.8,77.6,89.5,77.6,2.0,24.6,18.0,0.5,0.4,0.4,-69.8,4.5,78.7,4.5,2.0,153.9,18.0,0.5,0.4,0.4,3.7,16.2,28.7,16.2,2.0,25.9,18.0,0.5,0.4,0.4,9.7,22.4,35.2,22.4,2.0,26.4,18.0,0.5,0.4,0.4,400.5,749.0,1097.5,749.0,2.0,722.0,18.0,0.5,0.4,0.4,400.0,750.0,1100.0,750.0,2.0,720.0,18.0,0.5,0.4,0.4
1974,2,340.0,-29.0,25.0,25.0,25.0,25.0,1.0,0.0,14.0,0.0,0.2,0.8,21.9,21.9,21.9,21.9,1.0,0.0,14.0,0.0,0.2,0.8,15.42,15.42,15.42,15.42,1.0,0.0,14.0,0.0,0.2,0.8,94.6,94.6,94.6,94.6,1.0,0.0,14.0,0.0,0.8,1.5,1.5,1.5,1.5,1.0,0.0,14.0,0.0,0.2,0.8,0.26,0.26,0.26,0.26,1.0,0.0,14.0,0.0,0.2,0.8,1.48,1.48,1.48,1.48,1.0,0.0,14.0,0.0,0.2,0.8,1016.8,1016.8,1016.8,1016.8,1.0,0.0,14.0,0.0,0.2,0.8,8.0,8.0,8.0,8.0,1.0,0.0,14.0,0.0,0.2,0.8,0.4,0.4,0.4,0.4,1.0,0.0,14.0,0.0,0.2,0.8,2.2,2.2,2.2,2.2,1.0,0.0,14.0,0.0,0.2,0.8,3.1,3.1,3.1,3.1,1.0,0.0,14.0,0.0,0.2,0.8,4.7,4.7,4.7,4.7,1.0,0.0,14.0,0.0,0.2,0.8,4.28,4.28,4.28,4.28,1.0,0.0,14.0,0.0,0.2,0.8,6.4,6.4,6.4,6.4,1.0,0.0,14.0,0.0,0.2,0.8,5.7,5.7,5.7,5.7,1.0,0.0,14.0,0.0,0.2,0.8,32.4,32.4,32.4,32.4,1.0,0.0,14.0,0.0,0.2,0.8,4.0,4.0,4.0,4.0,1.0,0.0,14.0,0.0,0.2,0.8,22.8,22.8,22.8,22.8,1.0,0.0,14.0,0.0,0.2,0.8,1.1,1.1,1.1,1.1,1.0,0.0,14.0,0.0,0.2,0.8,6.3,6.3,6.3,6.3,1.0,0.0,14.0,0.0,0.2,0.8,3.5,3.5,3.5,3.5,1.0,0.0,14.0,0.0,0.2,0.8,5.0,5.0,5.0,5.0,1.0,0.0,14.0,0.0,0.2,0.8
1974,2,340.0,-27.0,24.8,24.8,24.8,24.8,1.0,0.0,20.0,0.0,0.6,0.5,24.3,24.3,24.3,24.3,1.0,0.0,20.0,0.0,0.6,0.5,15.13,15.13,15.13,15.13,1.0,0.0,20.0,0.0,0.6,0.5,80.3,80.3,80.3,80.3,1.0,0.0,20.0,0.0,0.5,2.6,2.6,2.6,2.6,1.0,0.0,20.0,0.0,0.6,0.5,2.44,2.44,2.44,2.44,1.0,0.0,20.0,0.0,0.6,0.5,-0.89,-0.89,-0.89,-0.89,1.0,0.0,20.0,0.0,0.6,0.5,1017.0,1017.0,1017.0,1017.0,1.0,0.0,20.0,0.0,0.6,0.5,0.0,0.0,0.0,0.0,1.0,0.0,20.0,0.0,0.6,0.5,6.4,6.4,6.4,6.4,1.0,0.0,20.0,0.0,0.6,0.5,-2.3,-2.3,-2.3,-2.3,1.0,0.0,20.0,0.0,0.6,0.5,0.5,0.5,0.5,0.5,1.0,0.0,20.0,0.0,0.6,0.5,1.3,1.3,1.3,1.3,1.0,0.0,20.0,0.0,0.6,0.5,4.33,4.33,4.33,4.33,1.0,0.0,20.0,0.0,0.6,0.5,11.3,11.3,11.3,11.3,1.0,0.0,20.0,0.0,0.6,0.5,59.4,59.4,59.4,59.4,1.0,0.0,20.0,0.0,0.6,0.5,-21.6,-21.6,-21.6,-21.6,1.0,0.0,20.0,0.0,0.6,0.5,37.0,37.0,37.0,37.0,1.0,0.0,20.0,0.0,0.6,0.5,-13.5,-13.5,-13.5,-13.5,1.0,0.0,20.0,0.0,0.6,0.5,10.6,10.6,10.6,10.6,1.0,0.0,20.0,0.0,0.6,0.5,-3.8,-3.8,-3.8,-3.8,1.0,0.0,20.0,0.0,0.6,0.5,17.5,17.5,17.5,17.5,1.0,0.0,20.0,0.0,0.6,0.5,20.0,20.0,20.0,20.0,1.0,0.0,20.0,0.0,0.6,0.5
1974,2,340.0,-26.0,25.1,25.1,25.1,25.1,1.0,0.0,10.0,0.0,0.5,0.3,23.5,23.5,23.5,23.5,1.0,0.0,10.0,0.0,0.5,0.3,14.36,14.36,14.36,14.36,1.0,0.0,10.0,0.0,0.5,0.3,80.2,80.2,80.2,80.2,1.0,0.0,10.0,0.0,0.3,9.3,9.3,9.3,9.3,1.0,0.0,10.0,0.0,0.5,0.3,-9.16,-9.16,-9.16,-9.16,1.0,0.0,10.0,0.0,0.5,0.3,1.61,1.61,1.61,1.61,1.0,0.0,10.0,0.0,0.5,0.3,1019.5,1019.5,1019.5,1019.5,1.0,0.0,10.0,0.0,0.5,0.3,7.0,7.0,7.0,7.0,1.0,0.0,10.0,0.0,0.5,0.3,-85.2,-85.2,-85.2,-85.2,1.0,0.0,10.0,0.0,0.5,0.3,15.0,15.0,15.0,15.0,1.0,0.0,10.0,0.0,0.5,0.3,1.6,1.6,1.6,1.6,1.0,0.0,10.0,0.0,0.5,0.3,14.9,14.9,14.9,14.9,1.0,0.0,10.0,0.0,0.5,0.3,5.41,5.41,5.41,5.41,1.0,0.0,10.0,0.0,0.5,0.3,50.3,50.3,50.3,50.3,1.0,0.0,10.0,0.0,0.5,0.3,-215.2,-215.2,-215.2,-215.2,1.0,0.0,10.0,0.0,0.5,0.3,38.0,38.0,38.0,38.0,1.0,0.0,10.0,0.0,0.5,0.3,-131.5,-131.5,-131.5,-131.5,1.0,0.0,10.0,0.0,0.5,0.3,23.2,23.2,23.2,23.2,1.0,0.0,10.0,0.0,0.5,0.3,-49.5,-49.5,-49.5,-49.5,1.0,0.0,10.0,0.0,0.5,0.3,8.7,8.7,8.7,8.7,1.0,0.0,10.0,0.0,0.5,0.3,804.5,804.5,804.5,804.5,1.0,0.0,10.0,0.0,0.5,0.3,805.0,805.0,805.0,805.0,1.0,0.0,10.0,0.0,0.5,0.3
1974,2,340.0,-23.0,25.8,25.8,25.8,25.8,1.0,0.0,18.0,1.0,0.5,0.4,27.0,27.0,27.0,27.0,1.0,0.0,18.0,1.0,0.5,0.4,15.84,15.84,15.84,15.84,1.0,0.0,18.0,1.0,0.5,0.4,71.4,71.4,71.4,71.4,1.0,0.0,18.0,1.0,0.4,7.2,7.2,7.2,7.2,1.0,0.0,18.0,1.0,0.5,0.4,-7.2,-7.2,-7.2,-7.2,1.0,0.0,18.0,1.0,0.5,0.4,0.0,0.0,0.0,0.0,1.0,0.0,18.0,1.0,0.5,0.4,1014.8,1014.8,1014.8,1014.8,1.0,0.0,18.0,1.0,0.5,0.4,3.0,3.0,3.0,3.0,1.0,0.0,18.0,1.0,0.5,0.4,-51.8,-51.8,-51.8,-51.8,1.0,0.0,18.0,1.0,0.5,0.4,0.0,0.0,0.0,0.0,1.0,0.0,18.0,1.0,0.5,0.4,-1.2,-1.2,-1.2,-1.2,1.0,0.0,18.0,1.0,0.5,0.4,-8.6,-8.6,-8.6,-8.6,1.0,0.0,18.0,1.0,0.5,0.4,4.88,4.88,4.88,4.88,1.0,0.0,18.0,1.0,0.5,0.4,35.1,35.1,35.1,35.1,1.0,0.0,18.0,1.0,0.5,0.4,-194.4,-194.4,-194.4,-194.4,1.0,0.0,18.0,1.0,0.5,0.4,0.0,0.0,0.0,0.0,1.0,0.0,18.0,1.0,0.5,0.4,-114.0,-114.0,-114.0,-114.0,1.0,0.0,18.0,1.0,0.5,0.4,0.0,0.0,0.0,0.0,1.0,0.0,18.0,1.0,0.5,0.4,-35.1,-35.1,-35.1,-35.1,1.0,0.0,18.0,1.0,0.5,0.4,0.0,0.0,0.0,0.0,1.0,0.0,18.0,1.0,0.5,0.4,373.0,373.0,373.0,373.0,1.0,0.0,18.0,1.0,0.5,0.4,375.0,375.0,375.0,375.0,1.0,0.0,18.0,1.0,0.5,0.4
1974,2,340.0,-20.0,25.6,25.6,25.6,25.6,1.0,0.0,12.0,0.0,0.6,0.9,25.16,25.5,25.84,25.5,2.0,0.71,20.0,0.0,0.7,0.6,15.73,15.91,16.1,15.91,2.0,0.38,20.0,0.0,0.7,0.6,77.6,78.3,79.1,78.3,2.0,1.6,20.0,0.0,0.6,6.77,8.0,9.23,8.0,2.0,2.55,20.0,0.0,0.7,0.6,-8.06,-7.16,-6.25,-7.16,2.0,1.88,20.0,0.0,0.7,0.6,2.56,3.51,4.46,3.51,2.0,1.97,20.0,0.0,0.7,0.6,1012.41,1013.3,1014.19,1013.3,2.0,1.84,20.0,0.0,0.7,0.6,3.6,5.0,6.4,5.0,2.0,2.8,20.0,0.0,0.7,0.6,-75.7,-59.6,-43.6,-59.6,2.0,33.3,20.0,0.0,0.7,0.6,18.7,30.6,42.5,30.6,2.0,24.7,20.0,0.0,0.7,0.6,0.6,0.6,0.6,0.6,1.0,0.0,12.0,0.0,0.6,0.9,3.7,3.7,3.7,3.7,1.0,0.0,12.0,0.0,0.6,0.9,4.82,4.82,4.82,4.82,1.0,0.0,12.0,0.0,0.6,0.9,29.9,29.9,29.9,29.9,1.0,0.0,12.0,0.0,0.6,0.9,-208.8,-183.2,-157.6,-183.2,2.0,53.0,20.0,0.0,0.7,0.6,64.8,90.2,115.6,90.2,2.0,52.6,20.0,0.0,0.7,0.6,-130.0,-114.2,-98.5,-114.2,2.0,32.6,20.0,0.0,0.7,0.6,40.5,56.2,72.0,56.2,2.0,32.6,20.0,0.0,0.7,0.6,-28.1,-28.1,-28.1,-28.1,1.0,0.0,12.0,0.0,0.6,0.9,10.2,10.2,10.2,10.2,1.0,0.0,12.0,0.0,0.6,0.9,350.0,590.0,829.5,590.0,2.0,497.0,20.0,0.0,0.7,0.6,350.0,590.0,830.0,590.0,2.0,495.0,20.0,0.0,0.7,0.6
1974,2,340.0,-18.0,25.17,25.55,25.93,25.55,2.0,0.78,16.0,0.0,1.0,0.9,22.89,23.3,23.71,23.3,2.0,0.85,16.0,0.0,1.0,0.9,13.49,15.12,16.76,15.12,2.0,3.39,16.0,0.0,1.0,0.9,77.6,84.5,91.5,84.5,2.0,14.4,16.0,0.0,0.9,4.25,5.65,7.05,5.65,2.0,2.9,16.0,0.0,1.0,0.9,-6.92,-5.48,-4.05,-5.48,2.0,2.97,16.0,0.0,1.0,0.9,-0.93,-0.05,0.82,-0.05,2.0,1.82,16.0,0.0,1.0,0.9,1012.74,1013.25,1013.76,1013.25,2.0,1.06,16.0,0.0,1.0,0.9,7.2,7.5,7.8,7.5,2.0,0.7,16.0,0.0,1.0,0.9,-51.1,-35.3,-19.5,-35.3,2.0,32.7,16.0,0.0,1.0,0.9,-8.0,-2.9,2.1,-2.9,2.0,10.4,16.0,0.0,1.0,0.9,2.22,2.25,2.28,2.25,2.0,0.07,16.0,0.0,1.0,0.9,9.7,12.6,15.6,12.6,2.0,6.1,16.0,0.0,1.0,0.9,4.16,5.32,6.49,5.32,2.0,2.41,16.0,0.0,1.0,0.9,25.7,26.6,27.5,26.6,2.0,1.8,16.0,0.0,1.0,0.9,-164.7,-129.0,-93.4,-129.0,2.0,73.9,16.0,0.0,1.0,0.9,-22.4,-2.0,18.4,-2.0,2.0,42.4,16.0,0.0,1.0,0.9,-118.6,-88.0,-57.3,-88.0,2.0,63.5,16.0,0.0,1.0,0.9,-17.2,-3.9,9.5,-3.9,2.0,27.6,16.0,0.0,1.0,0.9,-26.9,-25.6,-24.4,-25.6,2.0,2.6,16.0,0.0,1.0,0.9,-2.7,1.9,6.5,1.9,2.0,9.5,16.0,0.0,1.0,0.9,111.5,251.5,391.5,251.5,2.0,290.0,16.0,0.0,1.0,0.9,110.0,250.0,390.0,250.0,2.0,290.0,16.0,0.0,1.0,0.9
1974,2,340.0,-17.0,,,,,,,,,,,,,,,,,,,,,,,,,,,,,,,,,,,,,,,,5.16,5.5,5.84,5.5,2.0,0.71,20.0,1.0,0.8,0.9,-5.15,-5.06,-4.97,-5.06,2.0,0.19,20.0,1.0,0.8,0.9,1.21,1.93,2.66,1.93,2.0,1.51,20.0,1.0,0.8,0.9,1014.62,1014.65,1014.68,1014.65,2.0,0.07,20.0,1.0,0.8,0.9,,,,,,,,,,,,,,,,,,,,,,,,,,,,,,,,,,,,,,,,,,,,,,,,,,,,,,,,,,,,,,,,,,,,,,,,,,,,,,,,,,,,,,,,,,,,,,,,,,,,,,,,,,,,,,,,,,,,,,,,,,,,,,,,,,,,,,,,,,,,,,,,,,,,,,
1974,2,340.0,-16.0,,,,,,,,,,,,,,,,,,,,,,,,,,,,,,,,,,,,,,,,3.0,3.0,3.0,3.0,1.0,0.0,8.0,1.0,1.0,0.7,-2.82,-2.82,-2.82,-2.82,1.0,0.0,8.0,1.0,1.0,0.7,-1.03,-1.03,-1.03,-1.03,1.0,0.0,8.0,1.0,1.0,0.7,1013.5,1013.5,1013.5,1013.5,1.0,0.0,8.0,1.0,1.0,0.7,,,,,,,,,,,,,,,,,,,,,,,,,,,,,,,,,,,,,,,,,,,,,,,,,,,,,,,,,,,,,,,,,,,,,,,,,,,,,,,,,,,,,,,,,,,,,,,,,,,,,,,,,,,,,,,,,,,,,,,,,,,,,,,,,,,,,,,,,,,,,,,,,,,,,,
1974,2,340.0,-15.0,25.66,26.0,26.14,25.9,3.0,0.36,22.0,0.7,0.5,0.7,25.52,26.2,26.51,26.03,4.0,0.73,22.0,0.8,0.5,0.8,14.99,15.59,16.19,15.59,2.0,1.25,24.0,1.0,0.5,0.8,71.7,75.4,86.7,79.1,3.0,11.4,24.0,0.7,0.8,4.05,4.35,7.06,5.5,4.0,2.55,22.0,0.8,0.5,0.8,-6.93,-4.09,-3.8,-5.31,4.0,2.67,22.0,0.8,0.5,0.8,0.65,1.39,1.49,1.09,4.0,0.73,22.0,0.8,0.5,0.8,1011.75,1012.5,1013.8,1012.77,3.0,1.52,22.0,1.0,0.4,0.8,2.0,4.0,6.0,4.0,4.0,2.3,22.0,0.8,0.5,0.8,-54.8,-17.8,-15.4,-34.3,4.0,34.9,22.0,0.8,0.5,0.8,2.6,5.6,6.5,4.6,4.0,3.2,22.0,0.8,0.5,0.8,-0.17,0.1,0.37,0.1,3.0,0.4,22.0,0.7,0.5,0.7,-0.7,0.5,1.5,0.4,3.0,1.6,22.0,0.7,0.5,0.7,6.52,6.52,6.52,6.52,1.0,0.0,26.0,1.0,0.4,0.6,30.0,30.0,30.0,30.0,1.0,0.0,26.0,1.0,0.4,0.6,-183.8,-105.8,-97.5,-139.1,4.0,73.2,22.0,0.8,0.5,0.8,16.7,35.5,38.6,28.0,4.0,18.9,22.0,0.8,0.5,0.8,-139.0,-108.4,-77.8,-108.4,2.0,63.4,24.0,1.0,0.5,0.8,3.7,11.6,19.5,11.6,2.0,16.4,24.0,1.0,0.5,0.8,-28.2,-28.2,-28.2,-28.2,1.0,0.0,26.0,1.0,0.4,0.6,10.3,10.3,10.3,10.3,1.0,0.0,26.0,1.0,0.4,0.6,66.5,83.0,467.5,258.5,4.0,364.0,22.0,0.8,0.5,0.8,65.0,85.0,470.0,260.0,4.0,365.0,22.0,0.8,0.5,0.8
1974,2,340.0,-14.0,24.75,25.5,26.66,25.7,3.0,1.41,16.0,1.0,0.5,0.3,27.36,27.5,28.32,27.83,3.0,0.76,16.0,1.0,0.5,0.3,14.73,15.13,15.98,15.35,3.0,0.94,16.0,1.0,0.5,0.3,62.2,63.6,69.6,65.9,3.0,5.7,16.0,1.0,0.3,5.24,7.7,8.79,7.03,3.0,2.66,16.0,1.0,0.5,0.3,-7.94,-7.7,-5.2,-6.6,3.0,2.22,16.0,1.0,0.5,0.3,0.23,0.71,3.4,1.79,3.0,2.5,16.0,1.0,0.5,0.3,1011.29,1011.9,1012.38,1011.83,3.0,0.8,16.0,1.0,0.5,0.3,2.3,5.0,5.0,3.7,3.0,2.3,16.0,1.0,0.5,0.3,-69.9,-59.3,-30.1,-50.2,3.0,30.2,16.0,1.0,0.5,0.3,0.9,2.9,30.4,15.4,3.0,24.2,16.0,1.0,0.5,0.3,-3.57,-2.0,-0.7,-2.13,3.0,2.1,16.0,1.0,0.5,0.3,-16.9,-15.4,-5.5,-11.3,3.0,9.1,16.0,1.0,0.5,0.3,4.57,5.84,6.09,5.34,3.0,1.19,16.0,1.0,0.5,0.3,25.4,45.0,53.7,39.7,3.0,21.2,16.0,1.0,0.5,0.3,-217.3,-211.7,-146.3,-182.5,3.0,57.8,16.0,1.0,0.5,0.3,6.5,20.4,93.1,49.1,3.0,68.2,16.0,1.0,0.5,0.3,-125.6,-112.0,-77.3,-101.7,3.0,36.5,16.0,1.0,0.5,0.3,3.4,10.8,55.4,29.0,3.0,41.2,16.0,1.0,0.5,0.3,-48.4,-45.0,-25.2,-37.0,3.0,18.3,16.0,1.0,0.5,0.3,0.9,2.8,20.6,10.6,3.0,15.9,16.0,1.0,0.5,0.3,192.0,456.5,694.0,443.5,3.0,368.0,16.0,1.0,0.5,0.3,190.0,455.0,695.0,445.0,3.0,370.0,16.0,1.0,0.5,0.3
1974,2,340.0,-13.0,26.4,26.4,26.4,26.4,1.0,0.0,16.0,0.0,0.8,0.3,25.8,25.8,25.8,25.8,1.0,0.0,16.0,0.0,0.8,0.3,15.35,15.35,15.35,15.35,1.0,0.0,16.0,0.0,0.8,0.3,74.4,74.4,74.4,74.4,1.0,0.0,16.0,0.0,0.3,6.7,6.7,6.7,6.7,1.0,0.0,16.0,0.0,0.8,0.3,-6.3,-6.3,-6.3,-6.3,1.0,0.0,16.0,0.0,0.8,0.3,2.29,2.29,2.29,2.29,1.0,0.0,16.0,0.0,0.8,0.3,1015.2,1015.2,1015.2,1015.2,1.0,0.0,16.0,0.0,0.8,0.3,1.0,1.0,1.0,1.0,1.0,0.0,16.0,0.0,0.8,0.3,-42.2,-42.2,-42.2,-42.2,1.0,0.0,16.0,0.0,0.8,0.3,15.4,15.4,15.4,15.4,1.0,0.0,16.0,0.0,0.8,0.3,0.6,0.6,0.6,0.6,1.0,0.0,16.0,0.0,0.8,0.3,4.0,4.0,4.0,4.0,1.0,0.0,16.0,0.0,0.8,0.3,6.12,6.12,6.12,6.12,1.0,0.0,16.0,0.0,0.8,0.3,41.0,41.0,41.0,41.0,1.0,0.0,16.0,0.0,0.8,0.3,-162.4,-162.4,-162.4,-162.4,1.0,0.0,16.0,0.0,0.8,0.3,59.1,59.1,59.1,59.1,1.0,0.0,16.0,0.0,0.8,0.3,-96.6,-96.6,-96.6,-96.6,1.0,0.0,16.0,0.0,0.8,0.3,35.2,35.2,35.2,35.2,1.0,0.0,16.0,0.0,0.8,0.3,-38.5,-38.5,-38.5,-38.5,1.0,0.0,16.0,0.0,0.8,0.3,14.0,14.0,14.0,14.0,1.0,0.0,16.0,0.0,0.8,0.3,301.0,301.0,301.0,301.0,1.0,0.0,16.0,0.0,0.8,0.3,300.0,300.0,300.0,300.0,1.0,0.0,16.0,0.0,0.8,0.3
1974,2,340.0,-12.0,27.2,27.2,27.2,27.2,1.0,0.0,20.0,1.0,1.0,0.2,28.0,28.0,28.0,28.0,1.0,0.0,20.0,1.0,1.0,0.2,19.12,19.12,19.12,19.12,1.0,0.0,20.0,1.0,1.0,0.2,80.8,80.8,80.8,80.8,1.0,0.0,20.0,1.0,0.2,2.6,2.6,2.6,2.6,1.0,0.0,20.0,1.0,1.0,0.2,-2.56,-2.56,-2.56,-2.56,1.0,0.0,20.0,1.0,1.0,0.2,0.45,0.45,0.45,0.45,1.0,0.0,20.0,1.0,1.0,0.2,1010.3,1010.3,1010.3,1010.3,1.0,0.0,20.0,1.0,1.0,0.2,4.0,4.0,4.0,4.0,1.0,0.0,20.0,1.0,1.0,0.2,-6.7,-6.7,-6.7,-6.7,1.0,0.0,20.0,1.0,1.0,0.2,1.2,1.2,1.2,1.2,1.0,0.0,20.0,1.0,1.0,0.2,-0.8,-0.8,-0.8,-0.8,1.0,0.0,20.0,1.0,1.0,0.2,-2.1,-2.1,-2.1,-2.1,1.0,0.0,20.0,1.0,1.0,0.2,3.5,3.5,3.5,3.5,1.0,0.0,20.0,1.0,1.0,0.2,9.1,9.1,9.1,9.1,1.0,0.0,20.0,1.0,1.0,0.2,-71.7,-71.7,-71.7,-71.7,1.0,0.0,20.0,1.0,1.0,0.2,12.6,12.6,12.6,12.6,1.0,0.0,20.0,1.0,1.0,0.2,-49.0,-49.0,-49.0,-49.0,1.0,0.0,20.0,1.0,1.0,0.2,8.6,8.6,8.6,8.6,1.0,0.0,20.0,1.0,1.0,0.2,-9.0,-9.0,-9.0,-9.0,1.0,0.0,20.0,1.0,1.0,0.2,1.6,1.6,1.6,1.6,1.0,0.0,20.0,1.0,1.0,0.2,17.5,17.5,17.5,17.5,1.0,0.0,20.0,1.0,1.0,0.2,20.0,20.0,20.0,20.0,1.0,0.0,20.0,1.0,1.0,0.2
1974,2,340.0,-11.0,26.2,26.2,26.2,26.2,1.0,0.0,18.0,0.0,0.4,0.3,25.0,25.0,25.0,25.0,1.0,0.0,18.0,0.0,0.4,0.3,16.38,16.38,16.38,16.38,1.0,0.0,18.0,0.0,0.4,0.3,82.9,82.9,82.9,82.9,1.0,0.0,18.0,0.0,0.3,4.6,4.6,4.6,4.6,1.0,0.0,18.0,0.0,0.4,0.3,0.0,0.0,0.0,0.0,1.0,0.0,18.0,0.0,0.4,0.3,4.6,4.6,4.6,4.6,1.0,0.0,18.0,0.0,0.4,0.3,1011.8,1011.8,1011.8,1011.8,1.0,0.0,18.0,0.0,0.4,0.3,2.0,2.0,2.0,2.0,1.0,0.0,18.0,0.0,0.4,0.3,0.0,0.0,0.0,0.0,1.0,0.0,18.0,0.0,0.4,0.3,21.2,21.2,21.2,21.2,1.0,0.0,18.0,0.0,0.4,0.3,1.2,1.2,1.2,1.2,1.0,0.0,18.0,0.0,0.4,0.3,5.5,5.5,5.5,5.5,1.0,0.0,18.0,0.0,0.4,0.3,4.9,4.9,4.9,4.9,1.0,0.0,18.0,0.0,0.4,0.3,22.5,22.5,22.5,22.5,1.0,0.0,18.0,0.0,0.4,0.3,0.0,0.0,0.0,0.0,1.0,0.0,18.0,0.0,0.4,0.3,115.0,115.0,115.0,115.0,1.0,0.0,18.0,0.0,0.4,0.3,0.0,0.0,0.0,0.0,1.0,0.0,18.0,0.0,0.4,0.3,75.4,75.4,75.4,75.4,1.0,0.0,18.0,0.0,0.4,0.3,0.0,0.0,0.0,0.0,1.0,0.0,18.0,0.0,0.4,0.3,22.5,22.5,22.5,22.5,1.0,0.0,18.0,0.0,0.4,0.3,97.5,97.5,97.5,97.5,1.0,0.0,18.0,0.0,0.4,0.3,95.0,95.0,95.0,95.0,1.0,0.0,18.0,0.0,0.4,0.3
1974,2,340.0,-10.0,26.08,26.25,26.42,26.25,2.0,0.35,4.0,1.0,0.4,0.4,25.8,26.45,27.1,26.45,2.0,1.34,4.0,1.0,0.4,0.4,18.16,18.42,18.69,18.42,2.0,0.55,4.0,1.0,0.4,0.4,83.2,85.2,87.2,85.2,2.0,4.2,4.0,1.0,0.4,6.7,6.7,6.7,6.7,2.0,0.0,4.0,1.0,0.4,0.4,-6.55,-6.45,-6.34,-6.45,2.0,0.21,4.0,1.0,0.4,0.4,1.34,1.73,2.11,1.73,2.0,0.8,4.0,1.0,0.4,0.4,1008.0,1008.2,1008.4,1008.2,2.0,0.42,4.0,1.0,0.4,0.4,3.2,3.5,3.8,3.5,2.0,0.7,4.0,1.0,0.4,0.4,-43.9,-43.2,-42.5,-43.2,2.0,1.4,4.0,1.0,0.4,0.4,9.0,11.6,14.2,11.6,2.0,5.3,4.0,1.0,0.4,0.4,-0.68,-0.2,0.28,-0.2,2.0,0.99,4.0,1.0,0.4,0.4,-4.5,-1.3,1.9,-1.3,2.0,6.6,4.0,1.0,0.4,0.4,2.95,3.0,3.05,3.0,2.0,0.1,4.0,1.0,0.4,0.4,19.8,20.1,20.4,20.1,2.0,0.7,4.0,1.0,0.4,0.4,-177.6,-170.7,-163.8,-170.7,2.0,14.3,4.0,1.0,0.4,0.4,36.1,45.2,54.2,45.2,2.0,18.8,4.0,1.0,0.4,0.4,-122.4,-118.8,-115.2,-118.8,2.0,7.5,4.0,1.0,0.4,0.4,25.0,31.6,38.2,31.6,2.0,13.7,4.0,1.0,0.4,0.4,-19.4,-19.3,-19.3,-19.3,2.0,0.0,4.0,1.0,0.4,0.4,4.0,5.2,6.5,5.2,2.0,2.6,4.0,1.0,0.4,0.4,301.0,301.0,301.0,301.0,2.0,0.0,4.0,1.0,0.4,0.4,300.0,300.0,300.0,300.0,2.0,0.0,4.0,1.0,0.4,0.4
1974,2,340.0,-9.0,26.0,26.0,26.0,26.0,1.0,0.0,18.0,0.0,0.6,0.2,26.0,26.0,26.0,26.0,1.0,0.0,18.0,0.0,0.6,0.2,16.48,16.48,16.48,16.48,1.0,0.0,18.0,0.0,0.6,0.2,78.6,78.6,78.6,78.6,1.0,0.0,18.0,0.0,0.2,3.6,3.6,3.6,3.6,1.0,0.0,18.0,0.0,0.6,0.2,-2.76,-2.76,-2.76,-2.76,1.0,0.0,18.0,0.0,0.6,0.2,2.31,2.31,2.31,2.31,1.0,0.0,18.0,0.0,0.6,0.2,1012.0,1012.0,1012.0,1012.0,1.0,0.0,18.0,0.0,0.6,0.2,2.0,2.0,2.0,2.0,1.0,0.0,18.0,0.0,0.6,0.2,-9.9,-9.9,-9.9,-9.9,1.0,0.0,18.0,0.0,0.6,0.2,8.3,8.3,8.3,8.3,1.0,0.0,18.0,0.0,0.6,0.2,0.0,0.0,0.0,0.0,1.0,0.0,18.0,0.0,0.6,0.2,0.0,0.0,0.0,0.0,1.0,0.0,18.0,0.0,0.6,0.2,4.54,4.54,4.54,4.54,1.0,0.0,18.0,0.0,0.6,0.2,16.3,16.3,16.3,16.3,1.0,0.0,18.0,0.0,0.6,0.2,-71.7,-71.7,-71.7,-71.7,1.0,0.0,18.0,0.0,0.6,0.2,60.2,60.2,60.2,60.2,1.0,0.0,18.0,0.0,0.6,0.2,-45.5,-45.5,-45.5,-45.5,1.0,0.0,18.0,0.0,0.6,0.2,38.1,38.1,38.1,38.1,1.0,0.0,18.0,0.0,0.6,0.2,-12.5,-12.5,-12.5,-12.5,1.0,0.0,18.0,0.0,0.6,0.2,10.5,10.5,10.5,10.5,1.0,0.0,18.0,0.0,0.6,0.2,46.5,46.5,46.5,46.5,1.0,0.0,18.0,0.0,0.6,0.2,45.0,45.0,45.0,45.0,1.0,0.0,18.0,0.0,0.6,0.2
1974,2,340.0,-8.0,26.38,27.2,27.61,27.0,3.0,0.92,16.0,0.7,0.5,0.6,26.75,26.85,26.95,26.85,2.0,0.21,18.0,0.5,0.5,0.8,17.28,17.33,17.38,17.33,2.0,0.11,18.0,0.5,0.5,0.8,78.4,78.5,78.7,78.5,2.0,0.3,18.0,0.5,0.8,4.26,4.6,6.03,5.13,3.0,1.38,16.0,0.7,0.5,0.6,-4.79,-4.04,-2.85,-3.82,3.0,1.43,16.0,0.7,0.5,0.6,0.78,3.98,4.2,2.53,3.0,2.81,16.0,0.7,0.5,0.6,1010.54,1013.0,1014.16,1012.37,3.0,2.71,16.0,0.7,0.5,0.6,0.3,1.0,2.4,1.3,3.0,1.5,16.0,0.7,0.5,0.6,-28.7,-16.6,-12.5,-20.5,3.0,12.4,16.0,0.7,0.5,0.6,3.8,18.3,25.5,14.8,3.0,16.2,16.0,0.7,0.5,0.6,-0.67,0.05,0.77,0.05,2.0,1.48,18.0,0.5,0.5,0.8,-2.3,1.6,5.5,1.6,2.0,8.1,18.0,0.5,0.5,0.8,4.02,4.91,5.8,4.91,2.0,1.85,18.0,0.5,0.5,0.8,19.0,28.2,37.4,28.2,2.0,19.0,18.0,0.5,0.5,0.8,-132.6,-123.0,-113.5,-123.0,2.0,19.8,18.0,0.5,0.5,0.8,2.1,47.9,93.7,47.9,2.0,94.9,18.0,0.5,0.5,0.8,-85.6,-79.4,-73.2,-79.4,2.0,12.9,18.0,0.5,0.5,0.8,1.4,31.0,60.5,31.0,2.0,61.3,18.0,0.5,0.5,0.8,-29.1,-23.2,-17.3,-23.2,2.0,12.3,18.0,0.5,0.5,0.8,2.1,12.1,22.1,12.1,2.0,20.7,18.0,0.5,0.5,0.8,78.0,97.5,236.0,155.5,3.0,126.5,16.0,0.7,0.5,0.6,80.0,95.0,235.0,155.0,3.0,125.0,16.0,0.7,0.5,0.6
1974,2,340.0,-6.0,25.43,26.8,28.17,26.8,2.0,2.83,18.0,1.0,0.6,0.6,27.14,27.65,28.16,27.65,2.0,1.06,18.0,1.0,0.6,0.6,16.68,17.05,17.41,17.05,2.0,0.75,18.0,1.0,0.6,0.6,72.9,73.6,74.2,73.6,2.0,1.4,18.0,1.0,0.6,5.2,5.4,5.6,5.4,2.0,0.42,18.0,1.0,0.6,0.6,-3.6,-2.93,-2.26,-2.93,2.0,1.38,18.0,1.0,0.6,0.6,3.61,4.32,5.03,4.32,2.0,1.47,18.0,1.0,0.6,0.6,1009.26,1009.6,1009.94,1009.6,2.0,0.71,18.0,1.0,0.6,0.6,1.0,1.0,1.0,1.0,2.0,0.0,18.0,1.0,0.6,0.6,-18.5,-15.5,-12.5,-15.5,2.0,6.2,18.0,1.0,0.6,0.6,18.9,23.6,28.3,23.6,2.0,9.8,18.0,1.0,0.6,0.6,-1.7,-0.85,0.0,-0.85,2.0,1.77,18.0,1.0,0.6,0.6,-9.7,-5.0,-0.2,-5.0,2.0,9.9,18.0,1.0,0.6,0.6,3.75,5.2,6.65,5.2,2.0,3.0,18.0,1.0,0.6,0.6,20.7,27.5,34.2,27.5,2.0,14.0,18.0,1.0,0.6,0.6,-101.7,-81.7,-61.7,-81.7,2.0,41.4,18.0,1.0,0.6,0.6,101.2,118.6,136.0,118.6,2.0,36.0,18.0,1.0,0.6,0.6,-62.9,-50.4,-38.0,-50.4,2.0,25.8,18.0,1.0,0.6,0.6,62.5,73.0,83.6,73.0,2.0,21.8,18.0,1.0,0.6,0.6,-25.0,-17.3,-9.6,-17.3,2.0,16.0,18.0,1.0,0.6,0.6,17.7,20.3,22.8,20.3,2.0,5.3,18.0,1.0,0.6,0.6,141.0,159.0,177.0,159.0,2.0,37.0,18.0,1.0,0.6,0.6,140.0,160.0,175.0,160.0,2.0,35.0,18.0,1.0,0.6,0.6
1974,2,340.0,-5.0,26.61,27.5,28.39,27.5,2.0,1.84,14.0,1.0,0.1,0.7,27.72,27.75,27.78,27.75,2.0,0.07,14.0,1.0,0.1,0.7,17.08,17.35,17.62,17.35,2.0,0.56,14.0,1.0,0.1,0.7,73.1,74.5,75.9,74.5,2.0,2.9,14.0,1.0,0.7,5.93,7.7,9.47,7.7,2.0,3.68,14.0,1.0,0.1,0.7,-8.12,-6.41,-4.7,-6.41,2.0,3.54,14.0,1.0,0.1,0.7,3.58,4.21,4.85,4.21,2.0,1.32,14.0,1.0,0.1,0.7,1009.04,1010.2,1011.36,1010.2,2.0,2.4,14.0,1.0,0.1,0.7,2.3,3.0,3.7,3.0,2.0,1.4,14.0,1.0,0.1,0.7,-80.5,-55.9,-31.3,-55.9,2.0,50.9,14.0,1.0,0.1,0.7,22.5,34.9,47.3,34.9,2.0,25.7,14.0,1.0,0.1,0.7,-1.17,-0.25,0.67,-0.25,2.0,1.91,14.0,1.0,0.1,0.7,-13.0,-5.4,2.1,-5.4,2.0,15.6,14.0,1.0,0.1,0.7,4.83,5.74,6.66,5.74,2.0,1.9,14.0,1.0,0.1,0.7,37.6,40.7,43.9,40.7,2.0,6.5,14.0,1.0,0.1,0.7,-225.8,-178.1,-130.4,-178.1,2.0,98.8,14.0,1.0,0.1,0.7,99.1,117.0,134.9,117.0,2.0,37.0,14.0,1.0,0.1,0.7,-138.2,-110.3,-82.3,-110.3,2.0,57.9,14.0,1.0,0.1,0.7,62.8,72.7,82.7,72.7,2.0,20.6,14.0,1.0,0.1,0.7,-37.4,-33.5,-29.5,-33.5,2.0,8.2,14.0,1.0,0.1,0.7,22.8,23.0,23.2,23.0,2.0,0.4,14.0,1.0,0.1,0.7,285.0,612.5,940.5,612.5,2.0,679.0,14.0,1.0,0.1,0.7,285.0,615.0,940.0,615.0,2.0,680.0,14.0,1.0,0.1,0.7
1974,2,340.0,-4.0,27.2,27.2,27.2,27.2,1.0,0.0,2.0,1.0,0.6,0.3,32.7,32.7,32.7,32.7,1.0,0.0,2.0,1.0,0.6,0.3,22.02,22.02,22.02,22.02,1.0,0.0,2.0,1.0,0.6,0.3,70.8,70.8,70.8,70.8,1.0,0.0,2.0,1.0,0.3,6.2,6.2,6.2,6.2,1.0,0.0,2.0,1.0,0.6,0.3,-5.83,-5.83,-5.83,-5.83,1.0,0.0,2.0,1.0,0.6,0.3,2.12,2.12,2.12,2.12,1.0,0.0,2.0,1.0,0.6,0.3,1007.5,1007.5,1007.5,1007.5,1.0,0.0,2.0,1.0,0.6,0.3,6.0,6.0,6.0,6.0,1.0,0.0,2.0,1.0,0.6,0.3,-36.1,-36.1,-36.1,-36.1,1.0,0.0,2.0,1.0,0.6,0.3,13.1,13.1,13.1,13.1,1.0,0.0,2.0,1.0,0.6,0.3,-5.5,-5.5,-5.5,-5.5,1.0,0.0,2.0,1.0,0.6,0.3,-34.1,-34.1,-34.1,-34.1,1.0,0.0,2.0,1.0,0.6,0.3,0.67,0.67,0.67,0.67,1.0,0.0,2.0,1.0,0.6,0.3,4.1,4.1,4.1,4.1,1.0,0.0,2.0,1.0,0.6,0.3,-190.5,-190.5,-190.5,-190.5,1.0,0.0,2.0,1.0,0.6,0.3,69.3,69.3,69.3,69.3,1.0,0.0,2.0,1.0,0.6,0.3,-128.3,-128.3,-128.3,-128.3,1.0,0.0,2.0,1.0,0.6,0.3,46.7,46.7,46.7,46.7,1.0,0.0,2.0,1.0,0.6,0.3,-3.9,-3.9,-3.9,-3.9,1.0,0.0,2.0,1.0,0.6,0.3,1.4,1.4,1.4,1.4,1.0,0.0,2.0,1.0,0.6,0.3,238.5,238.5,238.5,238.5,1.0,0.0,2.0,1.0,0.6,0.3,240.0,240.0,240.0,240.0,1.0,0.0,2.0,1.0,0.6,0.3
1974,2,340.0,-3.0,27.41,28.3,28.71,28.07,3.0,0.97,20.0,0.3,0.6,0.8,26.85,27.6,27.67,27.27,3.0,0.67,20.0,0.3,0.6,0.8,17.82,18.61,19.3,18.56,3.0,1.08,20.0,0.3,0.6,0.8,80.9,81.1,83.2,82.0,3.0,1.9,20.0,0.3,0.8,2.02,3.85,7.82,4.88,4.0,3.92,20.0,0.3,0.5,0.8,-5.57,-2.69,0.01,-2.78,4.0,3.38,20.0,0.3,0.5,0.8,1.77,2.5,5.35,3.51,4.0,2.99,20.0,0.3,0.5,0.8,1007.71,1010.9,1014.71,1011.2,4.0,4.18,20.0,0.3,0.5,0.8,1.5,2.0,3.0,2.3,4.0,1.3,20.0,0.3,0.5,0.8,-46.5,-12.0,0.5,-22.5,4.0,32.4,20.0,0.3,0.5,0.8,3.9,9.7,48.8,25.6,4.0,37.4,20.0,0.3,0.5,0.8,0.53,0.6,1.08,0.8,3.0,0.44,20.0,0.3,0.6,0.8,1.6,3.4,5.3,3.4,3.0,2.7,20.0,0.3,0.6,0.8,4.63,4.77,5.84,5.23,3.0,0.97,20.0,0.3,0.6,0.8,10.1,16.5,37.4,23.6,3.0,20.9,20.0,0.3,0.6,0.8,-133.3,-25.6,8.6,-61.5,3.0,108.5,20.0,0.3,0.6,0.8,42.2,67.4,170.6,105.5,3.0,99.7,20.0,0.3,0.6,0.8,-94.0,-16.8,6.0,-43.4,3.0,76.8,20.0,0.3,0.6,0.8,28.1,45.5,120.1,73.5,3.0,71.6,20.0,0.3,0.6,0.8,-22.1,-4.6,2.4,-9.7,3.0,18.5,20.0,0.3,0.6,0.8,8.7,15.5,29.5,19.0,3.0,15.6,20.0,0.3,0.6,0.8,10.0,75.0,635.5,311.5,4.0,524.0,20.0,0.3,0.5,0.8,10.0,75.0,635.0,310.0,4.0,525.0,20.0,0.3,0.5,0.8
1974,2,340.0,-2.0,27.33,27.4,28.01,27.67,3.0,0.55,14.0,0.3,0.8,0.8,25.16,26.15,27.45,26.3,4.0,1.69,18.0,0.5,0.7,0.8,15.55,17.12,17.96,16.77,4.0,1.64,18.0,0.5,0.7,0.8,72.3,78.7,84.7,78.5,4.0,7.7,18.0,0.5,0.8,4.34,4.6,6.49,5.38,4.0,1.9,18.0,0.5,0.7,0.8,-4.82,-3.92,-2.41,-3.63,4.0,1.65,18.0,0.5,0.7,0.8,2.23,3.4,5.13,3.67,4.0,1.98,18.0,0.5,0.7,0.8,1007.96,1010.1,1012.4,1010.18,4.0,3.39,18.0,0.5,0.7,0.8,2.5,4.0,5.5,4.0,4.0,1.8,18.0,0.5,0.7,0.8,-32.1,-18.0,-10.7,-21.3,4.0,15.8,18.0,0.5,0.7,0.8,10.3,14.7,34.5,22.0,4.0,20.0,18.0,0.5,0.7,0.8,-0.43,1.0,2.98,1.27,3.0,2.51,14.0,0.3,0.8,0.8,-2.2,4.1,23.1,10.3,3.0,19.3,14.0,0.3,0.8,0.8,4.77,5.2,6.82,5.78,3.0,1.58,14.0,0.3,0.8,0.8,21.1,21.3,49.2,34.8,3.0,23.6,14.0,0.3,0.8,0.8,-120.9,-106.4,-67.1,-94.6,4.0,40.2,18.0,0.5,0.7,0.8,61.6,92.8,128.5,94.9,4.0,46.5,18.0,0.5,0.7,0.8,-76.8,-63.7,-42.8,-60.0,4.0,26.2,18.0,0.5,0.7,0.8,37.8,60.9,87.1,62.4,4.0,33.9,18.0,0.5,0.7,0.8,-32.4,-16.1,-10.1,-21.1,3.0,16.9,14.0,0.3,0.8,0.8,15.6,20.1,38.8,27.0,3.0,18.1,14.0,0.3,0.8,0.8,82.5,97.5,335.0,203.5,4.0,232.0,18.0,0.5,0.7,0.8,80.0,95.0,335.0,205.0,4.0,230.0,18.0,0.5,0.7,0.8
1974,2,340.0,-1.0,26.8,26.8,26.8,26.8,1.0,0.0,20.0,1.0,0.2,0.4,26.9,26.9,26.9,26.9,1.0,0.0,20.0,1.0,0.2,0.4,18.23,18.23,18.23,18.23,1.0,0.0,20.0,1.0,0.2,0.4,82.2,82.2,82.2,82.2,1.0,0.0,20.0,1.0,0.4,2.6,2.6,2.6,2.6,1.0,0.0,20.0,1.0,0.2,0.4,-0.45,-0.45,-0.45,-0.45,1.0,0.0,20.0,1.0,0.2,0.4,2.56,2.56,2.56,2.56,1.0,0.0,20.0,1.0,0.2,0.4,1009.4,1009.4,1009.4,1009.4,1.0,0.0,20.0,1.0,0.2,0.4,4.0,4.0,4.0,4.0,1.0,0.0,20.0,1.0,0.2,0.4,-1.2,-1.2,-1.2,-1.2,1.0,0.0,20.0,1.0,0.2,0.4,6.7,6.7,6.7,6.7,1.0,0.0,20.0,1.0,0.2,0.4,-0.1,-0.1,-0.1,-0.1,1.0,0.0,20.0,1.0,0.2,0.4,-0.3,-0.3,-0.3,-0.3,1.0,0.0,20.0,1.0,0.2,0.4,3.88,3.88,3.88,3.88,1.0,0.0,20.0,1.0,0.2,0.4,10.1,10.1,10.1,10.1,1.0,0.0,20.0,1.0,0.2,0.4,-12.1,-12.1,-12.1,-12.1,1.0,0.0,20.0,1.0,0.2,0.4,68.9,68.9,68.9,68.9,1.0,0.0,20.0,1.0,0.2,0.4,-8.2,-8.2,-8.2,-8.2,1.0,0.0,20.0,1.0,0.2,0.4,46.7,46.7,46.7,46.7,1.0,0.0,20.0,1.0,0.2,0.4,-1.8,-1.8,-1.8,-1.8,1.0,0.0,20.0,1.0,0.2,0.4,9.9,9.9,9.9,9.9,1.0,0.0,20.0,1.0,0.2,0.4,17.5,17.5,17.5,17.5,1.0,0.0,20.0,1.0,0.2,0.4,20.0,20.0,20.0,20.0,1.0,0.0,20.0,1.0,0.2,0.4
1974,2,340.0,0.0,,,,,,,,,,,,,,,,,,,,,,,,,,,,,,,,,,,,,,,,5.1,5.1,5.1,5.1,1.0,0.0,20.0,0.0,0.4,0.5,1.74,1.74,1.74,1.74,1.0,0.0,20.0,0.0,0.4,0.5,-4.79,-4.79,-4.79,-4.79,1.0,0.0,20.0,0.0,0.4,0.5,1008.3,1008.3,1008.3,1008.3,1.0,0.0,20.0,0.0,0.4,0.5,,,,,,,,,,,,,,,,,,,,,,,,,,,,,,,,,,,,,,,,,,,,,,,,,,,,,,,,,,,,,,,,,,,,,,,,,,,,,,,,,,,,,,,,,,,,,,,,,,,,,,,,,,,,,,,,,,,,,,,,,,,,,,,,,,,,,,,,,,,,,,,,,,,,,,
1974,2,340.0,1.0,27.75,28.05,28.88,28.3,4.0,0.78,12.0,0.5,0.6,0.6,25.59,26.05,26.67,26.13,4.0,0.75,12.0,0.5,0.6,0.6,17.06,17.91,18.78,17.92,4.0,1.13,12.0,0.5,0.6,0.6,81.0,84.9,88.1,84.6,4.0,5.0,12.0,0.5,0.6,0.0,0.0,2.12,1.03,3.0,1.79,16.0,0.3,0.5,0.7,0.0,0.0,1.99,0.97,3.0,1.68,16.0,0.3,0.5,0.7,0.0,0.0,0.72,0.35,3.0,0.61,16.0,0.3,0.5,0.7,1008.59,1009.1,1010.66,1009.6,4.0,1.59,12.0,0.5,0.6,0.6,2.6,6.0,6.7,4.7,3.0,3.2,12.0,0.7,0.5,0.6,0.0,0.0,6.2,3.0,3.0,5.2,16.0,0.3,0.5,0.7,0.0,0.0,2.2,1.1,3.0,1.9,16.0,0.3,0.5,0.7,1.34,1.7,3.05,2.18,4.0,1.31,12.0,0.5,0.6,0.6,0.0,0.0,4.0,2.0,3.0,3.4,16.0,0.3,0.5,0.7,5.39,6.29,7.15,6.27,4.0,1.13,12.0,0.5,0.6,0.6,0.0,0.0,12.5,6.1,3.0,10.6,16.0,0.3,0.5,0.7,0.0,0.0,51.5,25.1,3.0,43.6,16.0,0.3,0.5,0.7,0.0,0.0,18.7,9.2,3.0,15.9,16.0,0.3,0.5,0.7,0.0,0.0,34.9,17.1,3.0,29.6,16.0,0.3,0.5,0.7,0.0,0.0,12.7,6.2,3.0,10.8,16.0,0.3,0.5,0.7,0.0,0.0,11.7,5.7,3.0,9.9,16.0,0.3,0.5,0.7,0.0,0.0,4.3,2.1,3.0,3.6,16.0,0.3,0.5,0.7,0.0,0.0,20.5,10.0,3.0,17.0,16.0,0.3,0.5,0.7,0.0,0.0,20.0,10.0,3.0,15.0,16.0,0.3,0.5,0.7
1974,2,340.0,2.0,26.12,27.3,28.32,27.23,4.0,1.36,12.0,0.5,0.4,0.4,25.27,27.8,28.0,26.67,3.0,2.23,8.0,0.3,0.3,0.4,16.28,17.95,18.68,17.49,3.0,1.81,8.0,0.3,0.3,0.4,77.6,79.9,81.9,79.7,3.0,3.1,8.0,0.3,0.4,2.34,3.8,5.05,3.7,4.0,1.57,12.0,0.5,0.4,0.4,-2.01,0.53,3.01,0.5,4.0,3.55,12.0,0.5,0.4,0.4,-2.55,-0.04,2.19,-0.17,4.0,2.79,12.0,0.5,0.4,0.4,1007.99,1010.45,1011.65,1009.85,4.0,2.32,12.0,0.5,0.4,0.4,2.2,7.0,7.7,5.0,3.0,4.4,14.0,0.3,0.5,0.5,-10.0,1.1,13.9,1.9,4.0,17.8,12.0,0.5,0.4,0.4,-10.2,1.5,7.9,-1.1,4.0,11.4,12.0,0.5,0.4,0.4,-0.81,-0.2,0.96,0.07,3.0,1.32,8.0,0.3,0.3,0.4,-2.3,-1.0,1.8,-0.2,3.0,3.1,8.0,0.3,0.3,0.4,4.25,4.59,4.89,4.57,3.0,0.47,8.0,0.3,0.3,0.4,10.6,10.6,19.0,14.7,3.0,7.1,8.0,0.3,0.3,0.4,-73.5,0.0,17.3,-27.4,3.0,70.6,8.0,0.3,0.3,0.4,-75.6,-43.8,35.4,-20.6,3.0,83.7,8.0,0.3,0.3,0.4,-49.7,0.0,11.1,-18.9,3.0,47.5,8.0,0.3,0.3,0.4,-50.7,-28.2,22.9,-14.2,3.0,55.2,8.0,0.3,0.3,0.4,-12.0,0.0,3.6,-4.1,3.0,12.0,8.0,0.3,0.3,0.4,-13.0,-9.2,4.4,-4.4,3.0,13.3,8.0,0.3,0.3,0.4,13.0,71.5,129.0,71.0,4.0,67.0,12.0,0.5,0.4,0.4,15.0,70.0,130.0,70.0,4.0,65.0,12.0,0.5,0.4,0.4
1974,2,340.0,3.0,28.13,28.2,28.94,28.46,5.0,0.46,10.0,0.0,0.5,0.3,26.77,27.1,28.31,27.42,5.0,0.93,10.0,0.0,0.5,0.3,18.32,19.23,19.89,19.08,5.0,1.0,10.0,0.0,0.5,0.3,80.3,82.6,87.0,83.5,5.0,4.2,10.0,0.0,0.3,1.33,2.6,3.0,2.14,5.0,1.25,10.0,0.0,0.5,0.3,0.0,0.0,0.49,0.27,5.0,0.6,10.0,0.0,0.5,0.3,-3.0,0.0,1.97,-0.36,5.0,2.58,10.0,0.0,0.5,0.3,1010.32,1010.5,1012.1,1011.04,5.0,0.99,10.0,0.0,0.5,0.3,4.3,5.0,7.0,5.7,3.0,2.1,16.0,0.0,0.4,0.2,0.0,0.0,1.0,0.6,5.0,1.3,10.0,0.0,0.5,0.3,-9.0,0.0,4.6,-1.6,5.0,7.2,10.0,0.0,0.5,0.3,0.24,1.1,1.68,1.04,5.0,1.07,10.0,0.0,0.5,0.3,-0.2,3.3,4.2,2.4,5.0,2.6,10.0,0.0,0.5,0.3,4.47,4.95,6.11,5.29,5.0,1.31,10.0,0.0,0.5,0.3,7.5,12.9,14.8,10.9,5.0,6.3,10.0,0.0,0.5,0.3,0.0,0.0,12.9,7.1,5.0,15.8,10.0,0.0,0.5,0.3,-81.3,0.0,53.5,-9.4,5.0,70.6,10.0,0.0,0.5,0.3,0.0,0.0,8.6,4.7,5.0,10.6,10.0,0.0,0.5,0.3,-58.6,0.0,35.7,-8.2,5.0,49.5,10.0,0.0,0.5,0.3,0.0,0.0,3.7,2.0,5.0,4.5,10.0,0.0,0.5,0.3,-12.7,0.0,12.3,-0.3,5.0,12.8,10.0,0.0,0.5,0.3,6.0,17.5,27.0,16.0,5.0,11.5,10.0,0.0,0.5,0.3,5.0,20.0,25.0,15.0,5.0,10.0,10.0,0.0,0.5,0.3
1974,2,340.0,4.0,28.22,28.25,28.28,28.25,2.0,0.07,8.0,0.5,0.6,0.4,26.34,26.65,26.96,26.65,2.0,0.64,8.0,0.5,0.6,0.4,16.95,17.9,18.84,17.9,2.0,1.95,8.0,0.5,0.6,0.4,79.0,81.7,84.4,81.7,2.0,5.7,8.0,0.5,0.4,4.17,4.55,4.93,4.55,2.0,0.78,8.0,0.5,0.6,0.4,-1.36,-0.52,0.31,-0.52,2.0,1.72,8.0,0.5,0.6,0.4,-4.66,-4.37,-4.07,-4.37,2.0,0.6,8.0,0.5,0.6,0.4,1008.57,1009.15,1009.73,1009.15,2.0,1.2,8.0,0.5,0.6,0.4,6.2,6.5,6.8,6.5,2.0,0.7,8.0,0.5,0.6,0.4,-7.0,-3.1,0.9,-3.1,2.0,8.3,8.0,0.5,0.6,0.4,-23.1,-20.1,-17.1,-20.1,2.0,6.1,8.0,0.5,0.6,0.4,1.33,1.6,1.87,1.6,2.0,0.57,8.0,0.5,0.6,0.4,5.7,7.5,9.3,7.5,2.0,3.8,8.0,0.5,0.6,0.4,5.33,6.21,7.09,6.21,2.0,1.82,8.0,0.5,0.6,0.4,22.6,29.0,35.3,29.0,2.0,13.1,8.0,0.5,0.6,0.4,-35.5,-13.4,8.6,-13.4,2.0,45.6,8.0,0.5,0.6,0.4,-122.6,-116.2,-109.7,-116.2,2.0,13.3,8.0,0.5,0.6,0.4,-22.1,-7.7,6.7,-7.7,2.0,29.8,8.0,0.5,0.6,0.4,-78.6,-77.5,-76.4,-77.5,2.0,2.3,8.0,0.5,0.6,0.4,-10.5,-4.8,0.8,-4.8,2.0,11.7,8.0,0.5,0.6,0.4,-33.3,-27.7,-22.0,-27.7,2.0,11.7,8.0,0.5,0.6,0.4,75.0,98.5,122.0,98.5,2.0,48.5,8.0,0.5,0.6,0.4,75.0,100.0,120.0,100.0,2.0,50.0,8.0,0.5,0.6,0.4
1974,2,340.0,6.0,26.24,26.6,26.96,26.6,4.0,0.5,12.0,0.8,0.5,0.1,24.74,26.8,29.33,27.03,4.0,3.13,12.0,0.8,0.5,0.1,15.65,15.99,16.33,15.99,2.0,0.7,10.0,1.0,0.3,0.0,72.5,73.5,82.1,77.2,3.0,7.7,10.0,1.0,0.0,3.1,5.65,8.62,5.85,4.0,3.19,12.0,0.8,0.5,0.1,-1.47,1.46,2.99,0.79,4.0,2.78,12.0,0.8,0.5,0.1,-8.38,-4.38,-0.79,-4.58,4.0,4.4,12.0,0.8,0.5,0.1,1009.65,1011.9,1011.9,1010.8,3.0,1.91,12.0,0.7,0.3,0.2,3.5,4.5,6.0,4.8,4.0,1.7,12.0,0.8,0.5,0.1,-12.0,4.5,9.3,-1.1,4.0,15.2,12.0,0.8,0.5,0.1,-72.5,-33.2,-2.4,-37.3,4.0,40.9,12.0,0.8,0.5,0.1,-2.74,0.15,1.83,-0.42,4.0,3.03,12.0,0.8,0.5,0.1,-10.4,-1.6,13.4,1.4,4.0,15.8,12.0,0.8,0.5,0.1,5.7,6.27,6.83,6.27,2.0,1.17,10.0,1.0,0.3,0.0,25.6,33.3,41.0,33.3,2.0,16.0,10.0,1.0,0.3,0.0,-40.4,39.8,85.2,23.2,4.0,78.1,12.0,0.8,0.5,0.1,-211.7,-122.2,-23.0,-117.6,4.0,109.0,12.0,0.8,0.5,0.1,-31.4,0.5,32.5,0.5,2.0,66.1,10.0,1.0,0.3,0.0,-108.2,-67.7,-27.2,-67.7,2.0,83.9,10.0,1.0,0.3,0.0,-9.4,3.2,15.8,3.2,2.0,26.1,10.0,1.0,0.3,0.0,-35.9,-22.9,-9.9,-22.9,2.0,26.9,10.0,1.0,0.3,0.0,30.0,290.5,644.5,335.0,4.0,360.0,12.0,0.8,0.5,0.1,30.0,290.0,645.0,335.0,4.0,360.0,12.0,0.8,0.5,0.1
1974,2,340.0,7.0,26.5,26.5,26.5,26.5,1.0,0.0,14.0,1.0,0.4,0.7,25.3,25.3,25.3,25.3,1.0,0.0,14.0,1.0,0.4,0.7,15.53,15.53,15.53,15.53,1.0,0.0,14.0,1.0,0.4,0.7,77.1,77.1,77.1,77.1,1.0,0.0,14.0,1.0,0.7,2.1,2.1,2.1,2.1,1.0,0.0,14.0,1.0,0.4,0.7,1.97,1.97,1.97,1.97,1.0,0.0,14.0,1.0,0.4,0.7,-0.72,-0.72,-0.72,-0.72,1.0,0.0,14.0,1.0,0.4,0.7,1009.7,1009.7,1009.7,1009.7,1.0,0.0,14.0,1.0,0.4,0.7,0.0,0.0,0.0,0.0,1.0,0.0,14.0,1.0,0.4,0.7,4.1,4.1,4.1,4.1,1.0,0.0,14.0,1.0,0.4,0.7,-1.5,-1.5,-1.5,-1.5,1.0,0.0,14.0,1.0,0.4,0.7,1.2,1.2,1.2,1.2,1.0,0.0,14.0,1.0,0.4,0.7,2.5,2.5,2.5,2.5,1.0,0.0,14.0,1.0,0.4,0.7,6.18,6.18,6.18,6.18,1.0,0.0,14.0,1.0,0.4,0.7,13.0,13.0,13.0,13.0,1.0,0.0,14.0,1.0,0.4,0.7,49.9,49.9,49.9,49.9,1.0,0.0,14.0,1.0,0.4,0.7,-18.2,-18.2,-18.2,-18.2,1.0,0.0,14.0,1.0,0.4,0.7,30.6,30.6,30.6,30.6,1.0,0.0,14.0,1.0,0.4,0.7,-11.2,-11.2,-11.2,-11.2,1.0,0.0,14.0,1.0,0.4,0.7,12.2,12.2,12.2,12.2,1.0,0.0,14.0,1.0,0.4,0.7,-4.4,-4.4,-4.4,-4.4,1.0,0.0,14.0,1.0,0.4,0.7,9.5,9.5,9.5,9.5,1.0,0.0,14.0,1.0,0.4,0.7,10.0,10.0,10.0,10.0,1.0,0.0,14.0,1.0,0.4,0.7
1974,2,340.0,8.0,24.65,25.2,25.75,25.2,2.0,1.13,26.0,1.0,0.9,0.4,23.83,23.9,24.72,24.27,3.0,0.72,24.0,1.0,0.9,0.6,15.38,15.57,15.76,15.57,2.0,0.39,26.0,1.0,0.9,0.4,83.7,84.6,85.5,84.6,2.0,1.8,26.0,1.0,0.4,5.61,6.7,7.38,6.5,3.0,1.31,24.0,1.0,0.9,0.6,0.73,2.29,2.97,1.86,3.0,1.68,24.0,1.0,0.9,0.6,-7.25,-6.3,-4.67,-5.97,3.0,1.92,24.0,1.0,0.9,0.6,1011.3,1012.8,1013.76,1012.53,3.0,1.81,24.0,1.0,0.9,0.6,5.0,5.0,7.0,6.0,3.0,1.7,24.0,1.0,0.9,0.6,4.9,15.4,16.3,10.7,3.0,9.3,24.0,1.0,0.9,0.6,-53.9,-42.2,-27.0,-40.5,3.0,19.7,24.0,1.0,0.9,0.6,0.77,1.35,1.93,1.35,2.0,1.2,26.0,1.0,0.9,0.4,4.5,8.6,12.8,8.6,2.0,8.6,26.0,1.0,0.9,0.4,3.6,4.46,5.32,4.46,2.0,1.78,26.0,1.0,0.9,0.4,19.8,27.3,34.8,27.3,2.0,15.5,26.0,1.0,0.9,0.4,17.3,54.5,70.8,44.3,3.0,40.2,24.0,1.0,0.9,0.6,-179.5,-149.8,-111.3,-145.5,3.0,50.1,24.0,1.0,0.9,0.6,37.7,43.5,49.3,43.5,2.0,12.0,26.0,1.0,0.9,0.4,-90.8,-79.1,-67.4,-79.1,2.0,24.3,26.0,1.0,0.9,0.4,10.9,11.8,12.7,11.8,2.0,1.8,26.0,1.0,0.9,0.4,-32.3,-24.2,-16.2,-24.2,2.0,16.6,26.0,1.0,0.9,0.4,186.0,301.0,407.0,296.5,3.0,162.0,24.0,1.0,0.9,0.6,185.0,300.0,405.0,295.0,3.0,160.0,24.0,1.0,0.9,0.6
1974,2,340.0,9.0,24.07,24.9,25.67,24.94,5.0,1.29,10.0,0.6,0.4,0.4,22.99,25.0,28.04,25.27,6.0,2.47,12.0,0.7,0.4,0.5,12.61,13.48,14.35,13.48,2.0,1.8,12.0,1.0,0.5,0.4,72.6,72.9,73.2,72.9,2.0,0.6,12.0,1.0,0.4,4.67,6.85,7.76,6.25,6.0,1.96,12.0,0.7,0.4,0.5,-6.11,-0.26,0.0,-2.22,6.0,3.27,12.0,0.7,0.4,0.5,-6.35,-5.02,-3.78,-5.12,6.0,1.64,12.0,0.7,0.4,0.5,1009.6,1010.75,1011.44,1010.57,6.0,0.99,12.0,0.7,0.4,0.5,0.0,6.5,8.0,4.8,6.0,3.8,12.0,0.7,0.4,0.5,-47.5,-0.8,0.0,-17.1,6.0,26.0,12.0,0.7,0.4,0.5,-42.5,-34.0,-22.5,-33.4,6.0,16.5,12.0,0.7,0.4,0.5,-2.47,-1.0,1.06,-0.74,5.0,2.13,10.0,0.6,0.4,0.4,-13.7,-3.0,8.2,-2.6,5.0,13.9,10.0,0.6,0.4,0.4,3.9,5.11,6.33,5.11,2.0,2.52,12.0,1.0,0.5,0.4,22.7,35.1,47.4,35.1,2.0,25.5,12.0,1.0,0.5,0.4,-139.0,-7.3,0.0,-52.5,6.0,76.9,12.0,0.7,0.4,0.5,-171.1,-120.0,-94.8,-128.1,6.0,38.8,12.0,0.7,0.4,0.5,-60.6,-36.0,-11.4,-36.0,2.0,50.9,12.0,1.0,0.5,0.4,-72.9,-67.8,-62.8,-67.8,2.0,10.5,12.0,1.0,0.5,0.4,-34.2,-20.3,-6.5,-20.3,2.0,28.8,12.0,1.0,0.5,0.4,-31.4,-25.6,-19.7,-25.6,2.0,12.1,12.0,1.0,0.5,0.4,111.0,336.5,468.0,300.0,6.0,202.0,12.0,0.7,0.4,0.5,110.0,335.0,470.0,300.0,6.0,200.0,12.0,0.7,0.4,0.5
1974,2,340.0,10.0,24.13,24.4,25.08,24.6,3.0,0.72,16.0,0.3,0.6,0.5,22.42,24.4,24.54,23.5,3.0,1.73,16.0,0.3,0.6,0.5,12.85,12.85,12.85,12.85,1.0,0.0,6.0,1.0,0.3,0.0,67.5,67.5,67.5,67.5,1.0,0.0,6.0,1.0,0.0,3.67,5.1,5.71,4.7,3.0,1.54,16.0,0.3,0.6,0.5,1.84,2.05,2.42,2.13,3.0,0.43,16.0,0.3,0.6,0.5,-5.37,-4.79,-2.55,-3.98,3.0,2.19,16.0,0.3,0.6,0.5,1010.8,1011.0,1013.66,1012.2,3.0,2.34,16.0,0.3,0.6,0.5,0.0,0.0,0.0,0.0,3.0,0.0,16.0,0.3,0.6,0.5,8.1,8.9,11.2,9.7,3.0,2.4,16.0,0.3,0.6,0.5,-30.8,-24.4,-10.8,-20.9,3.0,15.0,16.0,0.3,0.6,0.5,0.25,0.8,1.96,1.1,3.0,1.28,16.0,0.3,0.6,0.5,1.5,4.8,6.6,4.1,3.0,3.8,16.0,0.3,0.6,0.5,6.26,6.26,6.26,6.26,1.0,0.0,6.0,1.0,0.3,0.0,31.9,31.9,31.9,31.9,1.0,0.0,6.0,1.0,0.3,0.0,45.1,50.5,54.2,49.6,3.0,6.7,16.0,0.3,0.6,0.5,-131.8,-116.9,-59.1,-96.0,3.0,56.2,16.0,0.3,0.6,0.5,22.4,22.4,22.4,22.4,1.0,0.0,6.0,1.0,0.3,0.0,-61.6,-61.6,-61.6,-61.6,1.0,0.0,6.0,1.0,0.3,0.0,10.9,10.9,10.9,10.9,1.0,0.0,6.0,1.0,0.3,0.0,-30.0,-30.0,-30.0,-30.0,1.0,0.0,6.0,1.0,0.3,0.0,60.5,132.5,189.5,125.0,3.0,94.5,16.0,0.3,0.6,0.5,60.0,135.0,190.0,125.0,3.0,95.0,16.0,0.3,0.6,0.5
1974,2,340.0,11.0,22.05,23.8,25.62,23.57,9.0,1.77,18.0,0.4,0.6,0.5,21.18,22.0,25.55,23.32,9.0,2.65,18.0,0.4,0.6,0.5,10.91,12.85,14.44,12.68,3.0,2.59,16.0,0.3,0.7,0.6,69.6,81.0,88.7,79.2,3.0,14.1,16.0,0.3,0.6,3.95,7.2,9.0,6.49,7.0,2.47,16.0,0.4,0.5,0.5,-5.39,-2.95,0.22,-2.56,7.0,4.02,16.0,0.4,0.5,0.5,-6.35,-5.0,-3.27,-4.58,7.0,2.63,16.0,0.4,0.5,0.5,1009.99,1012.8,1013.68,1012.07,9.0,1.95,18.0,0.4,0.6,0.5,0.0,0.0,0.0,0.0,8.0,0.0,16.0,0.5,0.6,0.4,-44.5,-8.9,1.6,-19.6,7.0,34.1,16.0,0.4,0.5,0.5,-52.4,-39.7,-13.1,-34.2,7.0,23.9,16.0,0.4,0.5,0.5,-1.95,0.2,2.38,0.24,9.0,2.27,18.0,0.4,0.6,0.5,-9.2,1.8,8.1,0.8,7.0,11.5,16.0,0.4,0.5,0.5,1.42,3.86,6.98,4.19,3.0,4.09,16.0,0.3,0.7,0.6,11.8,31.6,51.5,31.7,3.0,29.1,16.0,0.3,0.7,0.6,-115.5,-83.6,4.7,-59.9,7.0,87.1,16.0,0.4,0.5,0.5,-136.2,-116.4,-84.7,-102.6,7.0,58.2,16.0,0.4,0.5,0.5,-68.1,-67.8,10.1,-29.9,3.0,66.0,16.0,0.3,0.7,0.6,-106.4,-80.7,-63.3,-84.8,3.0,31.7,16.0,0.3,0.7,0.6,-14.3,-1.3,26.2,5.8,3.0,30.3,16.0,0.3,0.7,0.6,-39.5,-24.2,-9.2,-24.3,3.0,22.2,16.0,0.3,0.7,0.6,62.0,373.0,729.0,371.0,7.0,306.0,16.0,0.4,0.5,0.5,60.0,375.0,730.0,370.0,7.0,305.0,16.0,0.4,0.5,0.5
1974,2,340.0,12.0,21.83,22.4,22.88,22.33,6.0,0.69,10.0,0.8,0.6,0.3,22.77,24.85,27.36,24.87,6.0,2.37,10.0,0.8,0.6,0.3,13.64,13.64,13.64,13.64,1.0,0.0,16.0,1.0,0.4,0.0,77.7,77.7,77.7,77.7,1.0,0.0,16.0,1.0,0.0,6.1,7.2,9.04,7.55,4.0,1.8,12.0,0.8,0.6,0.4,-5.09,-4.82,-2.81,-3.99,4.0,1.98,12.0,0.8,0.6,0.4,-7.44,-6.1,-4.9,-6.17,4.0,1.85,12.0,0.8,0.6,0.4,1007.56,1010.5,1012.89,1010.38,5.0,2.88,10.0,0.8,0.5,0.3,0.0,0.0,0.0,0.0,6.0,0.0,10.0,0.8,0.6,0.3,-45.7,-36.3,-17.3,-31.7,4.0,18.7,12.0,0.8,0.6,0.4,-68.1,-43.5,-29.8,-48.7,4.0,25.5,12.0,0.8,0.6,0.4,-5.02,-2.65,-0.13,-2.53,6.0,2.36,10.0,0.8,0.6,0.3,-20.1,-7.7,0.2,-9.8,4.0,13.1,12.0,0.8,0.6,0.4,3.63,3.63,3.63,3.63,1.0,0.0,16.0,1.0,0.4,0.0,35.6,35.6,35.6,35.6,1.0,0.0,16.0,1.0,0.4,0.0,-124.6,-116.4,-65.6,-96.1,4.0,49.6,12.0,0.8,0.6,0.4,-176.0,-140.5,-113.1,-144.4,4.0,40.8,12.0,0.8,0.6,0.4,-66.9,-66.9,-66.9,-66.9,1.0,0.0,16.0,1.0,0.4,0.0,-115.8,-115.8,-115.8,-115.8,1.0,0.0,16.0,1.0,0.4,0.0,-17.8,-17.8,-17.8,-17.8,1.0,0.0,16.0,1.0,0.4,0.0,-30.8,-30.8,-30.8,-30.8,1.0,0.0,16.0,1.0,0.4,0.0,226.5,395.0,755.5,486.5,4.0,339.5,12.0,0.8,0.6,0.4,225.0,395.0,755.0,485.0,4.0,340.0,12.0,0.8,0.6,0.4
1974,2,340.0,13.0,20.39,22.0,23.05,21.81,7.0,1.39,10.0,0.4,0.7,0.4,20.98,23.2,23.82,22.67,7.0,1.4,10.0,0.4,0.7,0.4,13.21,13.21,13.21,13.21,1.0,0.0,2.0,0.0,0.7,0.4,85.6,85.6,85.6,85.6,1.0,0.0,2.0,0.0,0.4,3.27,5.0,7.1,5.2,5.0,2.59,10.0,0.4,0.7,0.4,-3.59,-2.5,1.19,-1.31,5.0,3.25,10.0,0.4,0.7,0.4,-5.76,-4.33,-2.35,-4.25,5.0,2.28,10.0,0.4,0.7,0.4,1008.59,1010.1,1014.25,1011.0,7.0,3.27,10.0,0.4,0.7,0.4,0.0,0.0,0.4,0.2,5.0,0.4,12.0,0.6,0.6,0.3,-22.7,-12.3,8.0,-8.6,5.0,23.0,10.0,0.4,0.7,0.4,-43.1,-21.7,-8.0,-26.7,5.0,26.0,10.0,0.4,0.7,0.4,-2.24,-1.7,0.88,-0.86,7.0,1.92,10.0,0.4,0.7,0.4,-9.8,-5.4,-1.0,-5.1,5.0,6.3,10.0,0.4,0.7,0.4,1.67,1.67,1.67,1.67,1.0,0.0,2.0,0.0,0.7,0.4,15.1,15.1,15.1,15.1,1.0,0.0,2.0,0.0,0.7,0.4,-79.6,-59.5,27.3,-28.8,5.0,73.2,10.0,0.4,0.7,0.4,-127.5,-103.1,-55.3,-96.1,5.0,45.8,10.0,0.4,0.7,0.4,-59.4,-59.4,-59.4,-59.4,1.0,0.0,2.0,0.0,0.7,0.4,-102.9,-102.9,-102.9,-102.9,1.0,0.0,2.0,0.0,0.7,0.4,-7.5,-7.5,-7.5,-7.5,1.0,0.0,2.0,0.0,0.7,0.4,-13.0,-13.0,-13.0,-13.0,1.0,0.0,2.0,0.0,0.7,0.4,43.5,125.0,403.5,228.5,5.0,290.5,10.0,0.4,0.7,0.4,45.0,125.0,405.0,230.0,5.0,290.0,10.0,0.4,0.7,0.4
1974,2,340.0,14.0,20.05,20.9,22.05,20.91,7.0,1.3,14.0,0.3,0.5,0.5,19.77,20.0,22.31,20.7,7.0,1.32,14.0,0.3,0.5,0.5,12.01,12.01,12.01,12.01,1.0,0.0,16.0,0.0,0.6,0.5,83.9,83.9,83.9,83.9,1.0,0.0,16.0,0.0,0.5,3.61,5.6,12.23,7.17,6.0,4.65,14.0,0.2,0.5,0.6,-6.69,-4.48,-0.83,-4.18,6.0,3.4,14.0,0.2,0.5,0.6,-10.31,-3.79,-1.67,-5.22,6.0,4.25,14.0,0.2,0.5,0.6,1006.78,1012.1,1014.76,1011.66,7.0,3.8,14.0,0.3,0.5,0.5,0.0,0.0,6.0,2.3,7.0,3.1,14.0,0.3,0.5,0.5,-80.9,-25.1,-1.7,-41.0,6.0,48.5,14.0,0.2,0.5,0.6,-126.2,-17.6,-6.1,-52.4,6.0,64.4,14.0,0.2,0.5,0.6,-0.4,0.4,1.15,0.21,7.0,1.43,14.0,0.3,0.5,0.5,-4.2,0.8,6.3,1.1,6.0,7.7,14.0,0.2,0.5,0.6,3.35,3.35,3.35,3.35,1.0,0.0,16.0,0.0,0.6,0.5,39.5,39.5,39.5,39.5,1.0,0.0,16.0,0.0,0.6,0.5,-138.6,-92.9,-16.5,-84.7,6.0,66.5,14.0,0.2,0.5,0.6,-202.8,-84.7,-33.3,-105.8,6.0,81.4,14.0,0.2,0.5,0.6,-70.9,-70.9,-70.9,-70.9,1.0,0.0,16.0,0.0,0.6,0.5,-122.7,-122.7,-122.7,-122.7,1.0,0.0,16.0,0.0,0.6,0.5,-19.7,-19.7,-19.7,-19.7,1.0,0.0,16.0,0.0,0.6,0.5,-34.2,-34.2,-34.2,-34.2,1.0,0.0,16.0,0.0,0.6,0.5,52.5,181.5,1858.5,794.0,6.0,1114.0,14.0,0.2,0.5,0.6,55.0,180.0,1860.0,795.0,6.0,1115.0,14.0,0.2,0.5,0.6
1974,2,340.0,15.0,18.63,20.8,21.37,20.16,5.0,1.62,12.0,0.2,0.7,0.3,19.35,20.0,22.05,20.62,5.0,1.61,12.0,0.2,0.7,0.3,11.28,11.28,11.28,11.28,1.0,0.0,16.0,0.0,0.9,0.7,82.2,82.2,82.2,82.2,1.0,0.0,16.0,0.0,0.7,7.17,9.0,12.6,9.56,5.0,3.75,12.0,0.2,0.7,0.3,-6.23,-4.04,-0.82,-3.36,5.0,3.91,12.0,0.2,0.7,0.3,-11.47,-8.46,-5.32,-8.23,5.0,3.78,12.0,0.2,0.7,0.3,1010.82,1013.3,1014.21,1012.68,5.0,2.39,12.0,0.2,0.7,0.3,0.0,0.0,0.0,0.0,5.0,0.0,12.0,0.2,0.7,0.3,-68.8,-47.6,2.3,-36.4,5.0,47.1,12.0,0.2,0.7,0.3,-145.0,-76.1,-43.1,-89.8,5.0,62.0,12.0,0.2,0.7,0.3,-1.18,-1.0,0.3,-0.46,5.0,1.26,12.0,0.2,0.7,0.3,-10.8,-6.0,4.5,-2.7,5.0,13.2,12.0,0.2,0.7,0.3,4.0,4.0,4.0,4.0,1.0,0.0,16.0,0.0,0.9,0.7,47.2,47.2,47.2,47.2,1.0,0.0,16.0,0.0,0.9,0.7,-130.1,-77.1,-12.1,-66.1,5.0,83.3,12.0,0.2,0.7,0.3,-223.0,-194.5,-112.4,-169.4,5.0,74.9,12.0,0.2,0.7,0.3,-45.5,-45.5,-45.5,-45.5,1.0,0.0,16.0,0.0,0.9,0.7,-125.1,-125.1,-125.1,-125.1,1.0,0.0,16.0,0.0,0.9,0.7,-16.2,-16.2,-16.2,-16.2,1.0,0.0,16.0,0.0,0.9,0.7,-44.4,-44.4,-44.4,-44.4,1.0,0.0,16.0,0.0,0.9,0.7,486.0,729.0,2045.0,1182.0,5.0,1038.5,12.0,0.2,0.7,0.3,485.0,730.0,2045.0,1180.0,5.0,1040.0,12.0,0.2,0.7,0.3
1974,2,340.0,16.0,19.87,20.3,21.21,20.45,6.0,1.0,14.0,0.8,0.7,0.3,19.29,20.05,23.0,20.68,6.0,1.88,14.0,0.8,0.7,0.3,11.95,11.95,11.95,11.95,1.0,0.0,24.0,1.0,1.0,0.7,82.3,82.3,82.3,82.3,1.0,0.0,24.0,1.0,0.7,7.91,8.7,8.86,8.4,4.0,0.81,10.0,1.0,0.7,0.3,-7.67,-5.57,-1.71,-4.73,4.0,3.69,10.0,1.0,0.7,0.3,-7.53,-5.37,-4.42,-5.95,4.0,2.03,10.0,1.0,0.7,0.3,1008.0,1013.0,1015.2,1011.88,5.0,3.65,16.0,0.8,0.7,0.3,0.0,0.0,2.8,1.3,6.0,2.4,14.0,0.8,0.7,0.3,-68.0,-45.7,-12.3,-40.4,4.0,33.5,10.0,1.0,0.7,0.3,-61.0,-42.7,-39.1,-49.7,4.0,17.5,10.0,1.0,0.7,0.3,-2.7,0.25,1.66,-0.23,6.0,2.18,14.0,0.8,0.7,0.3,-23.9,-16.1,3.0,-10.7,4.0,17.8,10.0,1.0,0.7,0.3,1.7,1.7,1.7,1.7,1.0,0.0,24.0,1.0,1.0,0.7,14.8,14.8,14.8,14.8,1.0,0.0,24.0,1.0,1.0,0.7,-176.4,-122.8,-34.5,-106.2,4.0,86.1,10.0,1.0,0.7,0.3,-150.8,-114.4,-101.7,-125.7,4.0,34.1,10.0,1.0,0.7,0.3,0.0,0.0,0.0,0.0,1.0,0.0,24.0,1.0,1.0,0.7,-104.0,-104.0,-104.0,-104.0,1.0,0.0,24.0,1.0,1.0,0.7,0.0,0.0,0.0,0.0,1.0,0.0,24.0,1.0,1.0,0.7,-14.8,-14.8,-14.8,-14.8,1.0,0.0,24.0,1.0,1.0,0.7,509.0,658.5,695.5,605.0,4.0,158.0,10.0,1.0,0.7,0.3,510.0,660.0,695.0,605.0,4.0,160.0,10.0,1.0,0.7,0.3
1974,2,340.0,17.0,,,,,,,,,,,,,,,,,,,,,,,,,,,,,,,,,,,,,,,,4.2,6.55,8.9,6.55,2.0,4.88,14.0,0.5,0.7,0.2,-4.45,-3.27,-2.1,-3.27,2.0,2.44,14.0,0.5,0.7,0.2,-7.71,-5.67,-3.63,-5.67,2.0,4.23,14.0,0.5,0.7,0.2,1011.77,1016.0,1016.68,1014.27,3.0,3.9,16.0,0.3,0.7,0.4,,,,,,,,,,,,,,,,,,,,,,,,,,,,,,,,,,,,,,,,,,,,,,,,,,,,,,,,,,,,,,,,,,,,,,,,,,,,,,,,,,,,,,,,,,,,,,,,,,,,,,,,,,,,,,,,,,,,,,,,,,,,,,,,,,,,,,,,,,,,,,,,,,,,,,
1974,2,340.0,18.0,18.79,20.25,22.42,20.4,6.0,1.81,16.0,0.7,0.8,0.5,18.45,19.0,19.48,18.92,5.0,0.86,18.0,0.8,0.8,0.5,11.21,11.22,11.23,11.22,2.0,0.02,10.0,1.0,0.9,0.4,82.2,82.2,82.2,82.2,2.0,0.0,10.0,1.0,0.4,7.36,10.0,11.56,9.32,5.0,3.16,16.0,0.6,0.7,0.4,-5.37,-3.86,-1.77,-3.47,5.0,2.57,16.0,0.6,0.7,0.4,-10.47,-8.74,-4.06,-6.89,5.0,6.12,16.0,0.6,0.7,0.4,1012.98,1015.25,1019.81,1015.87,6.0,3.67,16.0,0.7,0.8,0.5,0.0,0.0,1.2,0.5,6.0,0.8,16.0,0.7,0.8,0.5,-58.0,-43.7,-17.8,-38.5,5.0,27.7,16.0,0.6,0.7,0.4,-121.7,-86.6,-45.8,-79.4,5.0,56.6,16.0,0.6,0.7,0.4,0.03,1.5,3.25,1.56,5.0,1.79,18.0,0.8,0.8,0.5,0.9,13.2,27.4,14.1,4.0,20.1,16.0,0.8,0.8,0.4,4.11,4.78,5.45,4.78,2.0,1.39,10.0,1.0,0.9,0.4,40.1,50.3,60.4,50.3,2.0,21.1,10.0,1.0,0.9,0.4,-97.2,-66.9,-21.7,-59.8,4.0,54.9,16.0,0.8,0.8,0.4,-203.9,-183.9,-39.2,-124.4,4.0,134.8,16.0,0.8,0.8,0.4,-42.1,-39.5,-36.9,-39.5,2.0,5.4,10.0,1.0,0.9,0.4,-115.7,-108.6,-101.5,-108.6,2.0,14.7,10.0,1.0,0.9,0.4,-20.7,-17.2,-13.7,-17.2,2.0,7.2,10.0,1.0,0.9,0.4,-56.8,-47.2,-37.7,-47.2,2.0,19.8,10.0,1.0,0.9,0.4,534.0,1000.0,1547.0,1008.0,5.0,640.5,16.0,0.6,0.7,0.4,535.0,1000.0,1545.0,1010.0,5.0,640.0,16.0,0.6,0.7,0.4
1974,2,340.0,19.0,18.48,18.9,19.84,19.08,6.0,0.67,14.0,0.3,0.5,0.3,18.23,18.65,19.54,18.93,6.0,1.45,14.0,0.3,0.5,0.3,10.13,11.39,11.75,10.95,5.0,1.37,16.0,0.4,0.5,0.3,75.0,83.2,85.4,80.6,5.0,6.2,16.0,0.4,0.3,5.5,7.7,10.06,7.55,6.0,2.51,14.0,0.3,0.5,0.3,-7.13,-4.97,-1.68,-4.19,6.0,4.21,14.0,0.3,0.5,0.3,-6.47,-5.17,-3.31,-5.0,6.0,2.44,14.0,0.3,0.5,0.3,1012.39,1015.9,1017.14,1015.02,6.0,2.71,14.0,0.3,0.5,0.3,0.0,0.0,2.4,1.5,6.0,3.2,14.0,0.3,0.5,0.3,-59.7,-44.1,-11.8,-39.5,6.0,35.0,14.0,0.3,0.5,0.3,-60.0,-38.3,-24.4,-41.7,6.0,27.6,14.0,0.3,0.5,0.3,-0.81,0.25,1.3,0.15,6.0,1.13,14.0,0.3,0.5,0.3,-6.3,0.9,10.0,0.3,6.0,9.9,14.0,0.3,0.5,0.3,2.14,2.66,3.51,2.87,5.0,0.99,16.0,0.4,0.5,0.3,16.5,22.6,27.1,22.0,5.0,9.0,16.0,0.4,0.5,0.3,-130.8,-92.8,-32.3,-81.2,6.0,83.8,14.0,0.3,0.5,0.3,-121.9,-103.9,-57.2,-95.2,6.0,47.2,14.0,0.3,0.5,0.3,-76.7,-56.9,-22.4,-48.7,5.0,53.1,16.0,0.4,0.5,0.3,-78.8,-63.3,-26.1,-55.2,5.0,32.9,16.0,0.4,0.5,0.3,-23.4,-14.5,-3.2,-13.1,5.0,14.4,16.0,0.4,0.5,0.3,-17.5,-17.3,-8.4,-13.4,5.0,6.3,16.0,0.4,0.5,0.3,181.0,456.5,1019.0,544.5,6.0,419.5,14.0,0.3,0.5,0.3,180.0,455.0,1020.0,545.0,6.0,420.0,14.0,0.3,0.5,0.3
1974,2,340.0,20.0,17.17,18.8,20.0,18.6,24.0,1.24,12.0,0.5,0.6,0.4,16.8,18.0,18.8,17.95,23.0,1.3,12.0,0.6,0.6,0.3,10.79,11.4,11.88,11.37,11.0,0.93,10.0,0.6,0.5,0.5,80.1,84.6,87.3,84.0,21.0,5.9,14.0,0.6,0.3,9.15,11.3,12.4,10.88,23.0,1.98,12.0,0.6,0.5,0.3,-7.97,-6.15,-4.75,-5.93,23.0,3.53,12.0,0.6,0.5,0.3,-10.7,-8.49,-5.91,-8.07,23.0,3.22,12.0,0.6,0.5,0.3,1015.22,1017.0,1018.86,1017.24,14.0,3.05,8.0,0.5,0.5,0.5,0.0,0.0,1.5,0.7,23.0,1.1,12.0,0.6,0.6,0.3,-97.9,-69.6,-44.5,-68.0,23.0,40.9,12.0,0.6,0.5,0.3,-127.9,-92.7,-56.8,-92.1,23.0,43.3,12.0,0.6,0.5,0.3,-0.15,0.5,1.55,0.64,23.0,0.96,12.0,0.6,0.6,0.3,-1.8,5.9,14.2,6.2,22.0,8.6,12.0,0.6,0.6,0.3,1.73,2.57,3.49,2.55,11.0,0.87,10.0,0.6,0.5,0.5,16.4,21.1,38.1,26.3,10.0,11.5,8.0,0.7,0.5,0.5,-145.2,-109.8,-80.9,-102.9,22.0,69.5,12.0,0.6,0.6,0.3,-192.6,-145.3,-101.9,-139.5,22.0,57.9,12.0,0.6,0.6,0.3,-72.6,-65.6,-31.4,-47.7,10.0,55.4,8.0,0.7,0.5,0.5,-125.3,-102.7,-47.3,-84.3,10.0,52.0,8.0,0.7,0.5,0.5,-19.1,-10.8,-5.9,-12.9,10.0,14.7,8.0,0.7,0.5,0.5,-29.4,-16.9,-12.6,-18.4,10.0,11.3,8.0,0.7,0.5,0.5,766.0,1443.0,1906.5,1406.0,23.0,654.5,12.0,0.6,0.5,0.3,765.0,1445.0,1905.0,1405.0,23.0,655.0,12.0,0.6,0.5,0.3
1974,2,340.0,21.0,18.71,19.15,20.79,19.78,10.0,1.4,10.0,0.6,0.6,0.3,17.85,18.2,19.68,18.67,9.0,1.14,10.0,0.6,0.6,0.3,10.5,10.95,11.14,10.89,7.0,0.5,10.0,0.6,0.6,0.3,78.5,82.1,87.1,82.6,7.0,4.8,10.0,0.6,0.3,7.3,8.7,11.49,9.01,10.0,2.62,10.0,0.6,0.6,0.3,-6.81,-4.86,-3.76,-4.59,10.0,3.47,10.0,0.6,0.6,0.3,-9.11,-7.1,-5.05,-6.89,10.0,2.97,10.0,0.6,0.6,0.3,1016.49,1018.2,1020.91,1018.08,10.0,3.33,10.0,0.6,0.6,0.3,0.0,0.0,6.1,2.1,10.0,3.0,10.0,0.6,0.6,0.3,-77.9,-38.9,-33.0,-47.7,10.0,34.5,10.0,0.6,0.6,0.3,-102.3,-61.8,-40.0,-68.5,10.0,42.4,10.0,0.6,0.6,0.3,-0.11,1.2,2.58,1.03,9.0,1.57,10.0,0.6,0.6,0.3,-1.1,13.0,26.4,12.5,9.0,14.6,10.0,0.6,0.6,0.3,2.4,2.64,2.97,2.75,7.0,0.7,10.0,0.6,0.6,0.3,19.7,23.0,29.9,25.9,7.0,14.7,10.0,0.6,0.6,0.3,-124.2,-81.8,-66.8,-82.3,9.0,72.7,10.0,0.6,0.6,0.3,-173.5,-140.1,-108.3,-131.5,9.0,54.4,10.0,0.6,0.6,0.3,-62.4,-45.7,-36.3,-36.8,7.0,38.9,10.0,0.6,0.6,0.3,-111.6,-79.2,-67.2,-77.9,7.0,36.1,10.0,0.6,0.6,0.3,-14.2,-11.5,-9.0,-11.1,7.0,10.3,10.0,0.6,0.6,0.3,-27.9,-19.9,-15.4,-21.7,7.0,14.1,10.0,0.6,0.6,0.3,391.5,658.5,1527.5,896.5,10.0,706.0,10.0,0.6,0.6,0.3,390.0,660.0,1525.0,895.0,10.0,705.0,10.0,0.6,0.6,0.3
1974,2,340.0,22.0,18.33,18.85,19.0,18.88,10.0,0.8,16.0,0.2,0.7,0.4,17.9,18.35,19.6,18.69,10.0,1.09,16.0,0.2,0.7,0.4,9.9,10.4,11.5,10.6,8.0,0.73,14.0,0.1,0.7,0.4,75.6,78.7,86.7,79.7,8.0,6.3,14.0,0.1,0.4,5.57,9.0,11.44,8.65,10.0,2.89,16.0,0.2,0.7,0.4,-8.92,-5.98,2.31,-3.94,10.0,5.62,16.0,0.2,0.7,0.4,-8.28,-6.11,-1.92,-5.26,10.0,3.46,16.0,0.2,0.7,0.4,1013.94,1020.5,1022.93,1019.12,9.0,4.92,14.0,0.2,0.7,0.4,0.0,4.0,7.0,3.7,10.0,3.6,16.0,0.2,0.7,0.4,-98.6,-55.6,9.5,-46.7,10.0,54.0,16.0,0.2,0.7,0.4,-92.6,-51.3,-12.8,-52.0,10.0,41.1,16.0,0.2,0.7,0.4,-1.36,0.4,0.91,0.19,10.0,1.56,16.0,0.2,0.7,0.4,-7.3,2.9,9.1,2.6,10.0,12.7,16.0,0.2,0.7,0.4,1.94,3.13,3.47,2.87,8.0,1.06,14.0,0.1,0.7,0.4,14.4,20.0,31.1,22.4,8.0,10.7,14.0,0.1,0.7,0.4,-163.5,-107.0,42.7,-73.4,10.0,105.6,16.0,0.2,0.7,0.4,-152.6,-114.5,-34.7,-97.3,10.0,62.8,16.0,0.2,0.7,0.4,-79.7,-45.0,36.5,-26.2,8.0,58.3,14.0,0.1,0.7,0.4,-85.2,-60.0,-11.7,-53.3,8.0,39.5,14.0,0.1,0.7,0.4,-18.7,-13.9,7.2,-7.5,8.0,13.1,14.0,0.1,0.7,0.4,-23.8,-16.9,-3.1,-16.0,8.0,12.8,14.0,0.1,0.7,0.4,178.0,731.5,1532.0,841.0,10.0,709.0,16.0,0.2,0.7,0.4,180.0,730.0,1530.0,840.0,10.0,710.0,16.0,0.2,0.7,0.4
1974,2,340.0,23.0,17.91,18.8,19.48,18.7,4.0,1.15,18.0,0.3,0.7,0.6,17.64,18.0,18.36,18.0,4.0,0.44,18.0,0.3,0.7,0.6,8.47,9.42,11.09,9.76,4.0,1.6,18.0,0.3,0.7,0.6,66.4,75.5,86.9,76.6,4.0,12.0,18.0,0.3,0.6,6.08,8.2,11.75,8.9,3.0,4.19,16.0,0.0,0.9,0.5,-6.57,-6.28,-5.01,-5.8,3.0,1.22,16.0,0.0,0.9,0.5,-9.59,-5.27,-3.41,-6.48,3.0,4.65,16.0,0.0,0.9,0.5,1015.53,1016.35,1019.42,1017.43,4.0,3.05,18.0,0.3,0.7,0.6,2.0,3.0,4.6,3.3,4.0,2.1,18.0,0.3,0.7,0.6,-77.6,-51.5,-31.7,-54.6,3.0,33.7,16.0,0.0,0.9,0.5,-119.9,-43.2,-22.6,-70.6,3.0,75.1,16.0,0.0,0.9,0.5,-0.08,0.95,1.45,0.7,4.0,0.98,18.0,0.3,0.7,0.6,-1.1,7.1,16.0,7.4,3.0,12.5,16.0,0.0,0.9,0.5,2.9,3.42,4.32,3.6,4.0,0.98,18.0,0.3,0.7,0.6,20.6,30.0,33.7,27.2,3.0,9.9,16.0,0.0,0.9,0.5,-120.1,-111.8,-88.2,-104.4,3.0,24.2,16.0,0.0,0.9,0.5,-176.3,-93.8,-60.2,-117.7,3.0,87.5,16.0,0.0,0.9,0.5,-70.8,-53.4,-48.1,-59.3,3.0,17.4,16.0,0.0,0.9,0.5,-107.5,-44.8,-32.2,-69.3,3.0,59.1,16.0,0.0,0.9,0.5,-21.3,-17.7,-15.2,-18.2,3.0,4.5,16.0,0.0,0.9,0.5,-27.0,-19.3,-11.7,-19.3,3.0,11.3,16.0,0.0,0.9,0.5,265.5,551.5,1817.5,1030.0,3.0,1210.0,16.0,0.0,0.9,0.5,265.0,550.0,1815.0,1030.0,3.0,1210.0,16.0,0.0,0.9,0.5
1974,2,340.0,24.0,18.48,20.5,22.52,20.5,4.0,2.38,12.0,0.0,0.4,0.5,18.16,18.4,19.07,18.58,5.0,0.49,16.0,0.0,0.4,0.5,9.27,10.42,11.56,10.42,4.0,1.32,16.0,0.0,0.4,0.4,70.3,77.9,86.2,78.2,4.0,9.9,16.0,0.0,0.4,7.53,8.2,9.15,8.38,5.0,1.49,14.0,0.2,0.5,0.6,-8.14,-6.28,-5.87,-7.01,5.0,2.11,14.0,0.2,0.5,0.6,-5.58,-5.27,-1.19,-3.71,5.0,2.64,14.0,0.2,0.5,0.6,1015.35,1020.1,1021.79,1018.48,6.0,5.08,16.0,0.2,0.5,0.5,1.8,3.0,3.2,2.7,6.0,1.0,16.0,0.2,0.5,0.5,-74.6,-51.5,-43.5,-60.8,5.0,30.6,14.0,0.2,0.5,0.6,-45.3,-43.2,-12.9,-31.1,5.0,20.6,14.0,0.2,0.5,0.6,-0.21,1.9,4.38,2.08,4.0,2.67,12.0,0.0,0.4,0.5,-1.7,12.7,32.7,15.3,4.0,20.4,12.0,0.0,0.4,0.5,2.11,4.48,6.11,4.12,3.0,2.94,14.0,0.0,0.4,0.4,17.3,36.7,43.1,30.3,3.0,19.6,14.0,0.0,0.4,0.4,-120.7,-117.5,-103.8,-112.5,4.0,13.2,12.0,0.0,0.4,0.5,-105.8,-98.6,-46.2,-77.0,4.0,51.7,12.0,0.0,0.4,0.5,-70.3,-63.2,-59.2,-64.7,3.0,8.2,14.0,0.0,0.4,0.4,-57.4,-48.1,-15.3,-36.6,3.0,32.4,14.0,0.0,0.4,0.4,-40.3,-28.1,-13.3,-26.8,3.0,19.9,14.0,0.0,0.4,0.4,-17.8,-5.3,-1.7,-9.6,3.0,12.4,14.0,0.0,0.4,0.4,435.0,551.5,810.0,635.0,5.0,364.5,14.0,0.2,0.5,0.6,435.0,550.0,810.0,635.0,5.0,365.0,14.0,0.2,0.5,0.6
1974,2,340.0,25.0,18.36,19.0,19.45,18.9,13.0,0.74,22.0,0.3,0.6,0.4,17.74,18.5,19.0,18.45,13.0,0.8,22.0,0.3,0.6,0.4,7.89,10.37,10.88,9.76,11.0,1.67,20.0,0.3,0.6,0.4,64.6,77.5,87.3,74.8,11.0,12.2,20.0,0.3,0.4,4.96,5.1,6.82,5.48,13.0,2.04,22.0,0.3,0.6,0.4,-6.61,-2.29,1.71,-2.28,13.0,3.6,22.0,0.3,0.6,0.4,-2.91,0.0,4.71,0.58,13.0,4.21,22.0,0.3,0.6,0.4,1014.69,1017.1,1022.9,1018.13,13.0,4.32,22.0,0.3,0.6,0.4,1.0,3.0,6.0,3.5,11.0,2.3,20.0,0.4,0.6,0.4,-44.3,-15.4,8.6,-16.4,13.0,24.3,22.0,0.3,0.6,0.4,-15.8,0.0,23.6,-0.2,13.0,26.5,22.0,0.3,0.6,0.4,-0.55,0.5,1.41,0.45,13.0,1.05,22.0,0.3,0.6,0.4,-2.7,2.0,6.7,1.9,13.0,6.7,22.0,0.3,0.6,0.4,2.34,3.47,6.07,3.71,11.0,2.05,20.0,0.3,0.6,0.4,8.2,20.7,34.9,21.6,11.0,15.0,20.0,0.3,0.6,0.4,-119.3,-39.4,31.7,-41.8,13.0,65.8,22.0,0.3,0.6,0.4,-54.2,0.0,88.6,11.1,13.0,79.1,22.0,0.3,0.6,0.4,-51.8,-18.8,15.5,-22.3,11.0,34.7,20.0,0.3,0.6,0.4,-39.7,0.0,48.4,0.9,11.0,42.9,20.0,0.3,0.6,0.4,-30.8,-1.8,6.1,-10.3,11.0,19.7,20.0,0.3,0.6,0.4,-12.4,0.0,16.9,1.3,11.0,15.3,20.0,0.3,0.6,0.4,122.5,132.5,321.0,218.0,13.0,165.5,22.0,0.3,0.6,0.4,120.0,135.0,320.0,220.0,13.0,165.0,22.0,0.3,0.6,0.4
1974,2,340.0,26.0,19.0,19.25,20.81,19.88,4.0,1.44,12.0,0.3,0.6,0.5,18.45,18.6,18.75,18.6,4.0,0.18,12.0,0.3,0.6,0.5,9.87,9.87,9.87,9.87,1.0,0.0,16.0,0.0,0.5,0.7,75.5,75.5,75.5,75.5,1.0,0.0,16.0,0.0,0.7,4.95,6.5,7.37,6.18,4.0,1.61,12.0,0.3,0.6,0.5,-5.45,-2.93,-1.65,-3.52,4.0,2.49,12.0,0.3,0.6,0.5,-6.16,-4.03,-2.29,-4.21,4.0,2.65,12.0,0.3,0.6,0.5,1021.58,1024.25,1024.67,1023.18,4.0,2.67,12.0,0.3,0.6,0.5,3.4,6.0,7.0,5.3,4.0,3.0,12.0,0.3,0.6,0.5,-36.3,-16.7,-9.1,-22.4,4.0,18.5,12.0,0.3,0.6,0.5,-43.7,-20.7,-11.1,-27.1,4.0,22.4,12.0,0.3,0.6,0.5,0.25,0.65,2.36,1.28,4.0,1.59,12.0,0.3,0.6,0.5,1.3,4.6,15.0,8.0,4.0,9.6,12.0,0.3,0.6,0.5,4.07,4.07,4.07,4.07,1.0,0.0,16.0,0.0,0.5,0.7,31.4,31.4,31.4,31.4,1.0,0.0,16.0,0.0,0.5,0.7,-101.7,-54.2,-30.8,-65.7,4.0,46.9,12.0,0.3,0.6,0.5,-113.8,-74.7,-42.8,-78.1,4.0,48.8,12.0,0.3,0.6,0.5,-13.2,-13.2,-13.2,-13.2,1.0,0.0,16.0,0.0,0.5,0.7,-74.8,-74.8,-74.8,-74.8,1.0,0.0,16.0,0.0,0.5,0.7,-5.4,-5.4,-5.4,-5.4,1.0,0.0,16.0,0.0,0.5,0.7,-30.9,-30.9,-30.9,-30.9,1.0,0.0,16.0,0.0,0.5,0.7,136.5,279.5,402.5,270.0,4.0,169.0,12.0,0.3,0.6,0.5,135.0,280.0,400.0,270.0,4.0,170.0,12.0,0.3,0.6,0.5
1974,2,340.0,27.0,17.98,18.8,20.05,19.03,7.0,1.16,14.0,0.6,0.5,0.4,17.57,19.0,20.52,18.89,7.0,1.47,14.0,0.6,0.5,0.4,7.37,8.88,10.32,8.85,4.0,2.05,18.0,0.5,0.5,0.6,57.3,70.7,72.8,65.3,4.0,12.5,18.0,0.5,0.6,4.53,5.1,7.01,5.57,7.0,1.55,14.0,0.6,0.5,0.4,-6.1,-3.6,-1.01,-3.52,7.0,2.53,14.0,0.6,0.5,0.4,-5.15,-3.5,-1.2,-3.44,7.0,1.98,14.0,0.6,0.5,0.4,1018.59,1019.7,1025.3,1020.01,7.0,4.99,14.0,0.6,0.5,0.4,3.9,6.0,8.0,5.7,7.0,2.2,14.0,0.6,0.5,0.4,-42.7,-20.8,-3.1,-21.9,7.0,18.5,14.0,0.6,0.5,0.4,-26.9,-21.7,-8.3,-19.8,7.0,14.1,14.0,0.6,0.5,0.4,-1.05,0.0,0.81,0.14,7.0,1.56,14.0,0.6,0.5,0.4,-5.2,0.0,5.8,1.9,7.0,9.9,14.0,0.6,0.5,0.4,3.1,4.0,5.65,4.36,4.0,1.96,18.0,0.5,0.5,0.6,12.1,20.8,31.1,21.6,4.0,11.0,18.0,0.5,0.5,0.6,-117.5,-65.2,-17.8,-65.6,7.0,47.2,14.0,0.6,0.5,0.4,-107.4,-71.7,-20.4,-65.9,7.0,38.8,14.0,0.6,0.5,0.4,-31.1,-18.9,-4.3,-17.7,4.0,15.8,18.0,0.5,0.5,0.6,-57.6,-41.2,-14.5,-36.3,4.0,25.9,18.0,0.5,0.5,0.6,-23.8,-9.4,-2.0,-12.7,4.0,14.3,18.0,0.5,0.5,0.6,-19.1,-11.7,-8.4,-13.7,4.0,8.4,18.0,0.5,0.5,0.6,94.0,132.5,344.5,206.5,7.0,141.5,14.0,0.6,0.5,0.4,95.0,135.0,345.0,205.0,7.0,140.0,14.0,0.6,0.5,0.4
1974,2,340.0,28.0,17.42,19.0,19.44,18.59,11.0,1.25,14.0,0.2,0.4,0.5,16.47,18.2,19.3,18.21,12.0,1.92,16.0,0.2,0.4,0.5,8.36,9.75,10.98,9.43,10.0,1.72,16.0,0.2,0.4,0.5,66.6,71.8,90.6,75.7,11.0,16.4,16.0,0.2,0.5,4.35,5.65,9.55,6.17,12.0,2.72,16.0,0.2,0.4,0.5,-9.02,-3.04,0.58,-3.61,12.0,4.85,16.0,0.2,0.4,0.5,-4.46,-2.66,1.41,-1.78,12.0,2.77,16.0,0.2,0.4,0.5,1014.48,1020.6,1026.48,1019.99,11.0,7.41,16.0,0.2,0.4,0.5,1.0,2.0,4.5,2.8,12.0,2.3,16.0,0.2,0.4,0.5,-87.9,-13.3,2.7,-30.3,12.0,44.8,16.0,0.2,0.4,0.5,-26.9,-11.3,9.2,-11.9,12.0,20.7,16.0,0.2,0.4,0.5,-1.74,0.3,1.89,0.18,11.0,1.85,14.0,0.2,0.4,0.5,-12.1,1.4,10.1,0.3,11.0,9.9,14.0,0.2,0.4,0.5,2.79,4.13,5.21,4.22,9.0,1.79,14.0,0.2,0.4,0.5,15.5,21.7,32.7,26.2,9.0,13.0,14.0,0.2,0.4,0.5,-152.9,-57.7,10.9,-65.3,12.0,84.4,16.0,0.2,0.4,0.5,-87.7,-47.7,25.8,-35.0,12.0,52.4,16.0,0.2,0.4,0.5,-91.9,-33.8,-0.7,-38.3,10.0,50.8,16.0,0.2,0.4,0.5,-44.4,-25.0,12.6,-18.0,10.0,27.7,16.0,0.2,0.4,0.5,-30.5,-13.1,6.0,-16.3,9.0,21.7,14.0,0.2,0.4,0.5,-15.1,-10.2,8.5,-5.8,9.0,11.6,14.0,0.2,0.4,0.5,84.5,185.5,877.5,368.0,12.0,432.5,16.0,0.2,0.4,0.5,85.0,185.0,880.0,370.0,12.0,430.0,16.0,0.2,0.4,0.5
1974,2,340.0,29.0,17.92,19.0,19.89,18.68,15.0,1.15,14.0,0.6,0.7,0.5,17.0,18.0,18.0,17.68,14.0,0.98,14.0,0.6,0.7,0.5,7.36,8.85,10.19,8.85,12.0,1.58,16.0,0.7,0.7,0.5,56.8,70.5,82.1,71.2,12.0,13.0,16.0,0.7,0.5,3.82,6.2,9.4,6.59,15.0,2.82,14.0,0.6,0.7,0.5,-8.29,-5.7,-0.29,-4.22,15.0,5.01,14.0,0.6,0.7,0.5,-4.23,-2.3,-0.24,-2.31,15.0,2.14,14.0,0.6,0.7,0.5,1016.31,1020.7,1025.18,1020.53,15.0,5.78,14.0,0.6,0.7,0.5,2.0,6.0,6.8,4.5,15.0,2.6,14.0,0.6,0.7,0.5,-78.1,-32.5,-0.7,-36.1,15.0,50.0,14.0,0.6,0.7,0.5,-37.5,-10.3,-1.3,-17.6,15.0,19.3,14.0,0.6,0.7,0.5,0.0,1.05,1.99,0.91,14.0,1.22,14.0,0.6,0.7,0.5,0.0,5.3,12.8,6.0,14.0,7.5,14.0,0.6,0.7,0.5,2.83,4.46,6.84,4.35,12.0,2.26,16.0,0.7,0.7,0.5,14.9,21.0,40.1,26.4,12.0,17.6,16.0,0.7,0.7,0.5,-136.2,-103.4,-24.5,-87.0,14.0,74.8,14.0,0.6,0.7,0.5,-75.0,-40.2,-1.2,-38.7,14.0,37.9,14.0,0.6,0.7,0.5,-64.4,-37.9,-7.0,-35.8,12.0,39.1,16.0,0.7,0.7,0.5,-36.6,-15.5,0.0,-17.8,12.0,22.7,16.0,0.7,0.7,0.5,-38.6,-17.6,-6.0,-22.9,12.0,18.0,16.0,0.7,0.7,0.5,-17.7,-9.2,-1.3,-9.9,12.0,8.1,16.0,0.7,0.7,0.5,58.0,238.5,846.0,445.5,15.0,560.0,14.0,0.6,0.7,0.5,60.0,240.0,845.0,445.0,15.0,560.0,14.0,0.6,0.7,0.5
1974,2,340.0,30.0,17.67,20.0,20.66,19.64,12.0,1.58,14.0,0.1,0.6,0.3,17.0,17.4,18.0,17.61,11.0,0.81,14.0,0.1,0.6,0.3,8.47,9.32,10.17,9.17,7.0,1.26,14.0,0.1,0.6,0.4,70.3,73.5,80.1,72.6,7.0,8.6,14.0,0.1,0.4,2.9,4.8,7.18,4.88,12.0,2.4,14.0,0.1,0.6,0.3,-4.41,-1.0,3.4,-0.85,12.0,4.06,14.0,0.1,0.6,0.3,-4.29,-2.31,1.93,-1.67,12.0,3.39,14.0,0.1,0.6,0.3,1016.23,1023.85,1028.8,1022.12,12.0,7.63,14.0,0.1,0.6,0.3,2.0,3.0,6.4,3.8,11.0,2.4,16.0,0.1,0.6,0.3,-32.9,-2.6,12.6,-7.2,12.0,26.5,14.0,0.1,0.6,0.3,-29.5,-8.3,9.0,-9.9,12.0,23.5,14.0,0.1,0.6,0.3,0.18,2.0,4.07,2.0,11.0,2.13,14.0,0.1,0.6,0.3,0.0,8.4,18.4,9.4,11.0,14.5,14.0,0.1,0.6,0.3,3.43,5.09,5.82,4.57,7.0,1.64,14.0,0.1,0.6,0.4,10.6,16.2,35.4,20.6,7.0,16.8,14.0,0.1,0.6,0.4,-81.0,-35.9,34.2,-26.0,11.0,66.5,14.0,0.1,0.6,0.3,-82.6,-30.1,35.0,-26.3,11.0,62.8,14.0,0.1,0.6,0.3,-38.9,-20.2,10.7,-20.1,7.0,31.1,14.0,0.1,0.6,0.4,-60.4,-25.3,2.1,-22.1,7.0,36.9,14.0,0.1,0.6,0.4,-13.0,-8.5,6.0,-6.5,7.0,11.4,14.0,0.1,0.6,0.4,-34.6,-10.4,0.3,-15.2,7.0,18.2,14.0,0.1,0.6,0.4,24.5,111.0,372.0,189.0,12.0,186.0,14.0,0.1,0.6,0.3,25.0,110.0,370.0,190.0,12.0,185.0,14.0,0.1,0.6,0.3
1974,2,340.0,31.0,17.43,18.0,19.05,18.17,7.0,1.3,12.0,0.3,0.7,0.6,15.63,17.7,18.0,16.94,9.0,1.18,14.0,0.2,0.6,0.6,7.45,7.66,8.67,8.05,3.0,0.96,10.0,0.3,0.7,0.6,63.1,71.2,72.1,67.7,3.0,7.2,10.0,0.3,0.6,3.49,4.6,10.03,6.12,10.0,3.88,14.0,0.3,0.6,0.6,-3.07,0.0,1.82,-0.47,10.0,2.73,14.0,0.3,0.6,0.6,-9.8,-3.8,0.0,-4.42,10.0,5.22,14.0,0.3,0.6,0.6,1020.19,1025.75,1028.11,1022.88,10.0,7.77,14.0,0.3,0.6,0.6,3.8,7.0,8.0,6.0,9.0,2.4,14.0,0.3,0.7,0.6,-21.1,0.0,12.1,-3.3,10.0,19.3,14.0,0.3,0.6,0.6,-99.3,-17.9,0.0,-43.2,10.0,56.0,14.0,0.3,0.6,0.6,-0.57,1.2,3.03,1.13,7.0,2.07,12.0,0.3,0.7,0.6,-0.4,4.9,15.7,6.6,7.0,11.2,12.0,0.3,0.7,0.6,3.69,5.0,5.04,4.38,3.0,1.12,10.0,0.3,0.7,0.6,4.9,15.5,42.2,23.4,3.0,28.2,10.0,0.3,0.7,0.6,-52.9,0.0,22.5,-11.7,9.0,44.6,14.0,0.2,0.6,0.6,-126.4,-46.3,0.0,-59.2,9.0,80.4,14.0,0.2,0.6,0.6,-14.0,0.0,0.0,-6.9,3.0,11.9,10.0,0.3,0.7,0.6,-58.0,-11.9,-3.8,-30.4,3.0,42.8,10.0,0.3,0.7,0.6,-9.2,0.0,0.0,-4.5,3.0,7.7,10.0,0.3,0.7,0.6,-39.7,-7.7,-2.5,-20.8,3.0,29.6,10.0,0.3,0.7,0.6,44.5,101.0,1032.5,487.0,10.0,639.0,14.0,0.3,0.6,0.6,45.0,100.0,1030.0,485.0,10.0,640.0,14.0,0.3,0.6,0.6
1974,2,340.0,32.0,17.19,18.0,19.73,18.31,9.0,1.15,12.0,0.6,0.8,0.4,16.21,17.2,17.87,17.26,9.0,0.97,12.0,0.6,0.8,0.4,7.16,7.4,7.64,7.4,2.0,0.49,16.0,1.0,0.8,0.4,56.2,56.3,63.7,59.9,3.0,6.3,12.0,1.0,0.5,5.83,7.0,10.22,7.28,9.0,3.35,12.0,0.6,0.8,0.4,-6.85,-5.36,4.26,-2.51,9.0,5.5,12.0,0.6,0.8,0.4,-8.45,-4.0,0.0,-3.93,9.0,4.01,12.0,0.6,0.8,0.4,1021.18,1026.6,1028.6,1025.45,8.0,3.49,12.0,0.5,0.8,0.3,3.3,7.5,8.0,6.3,8.0,2.4,10.0,0.6,0.8,0.4,-64.8,-34.2,26.4,-25.1,9.0,44.8,12.0,0.6,0.8,0.4,-90.5,-31.5,0.0,-37.9,9.0,42.3,12.0,0.6,0.8,0.4,-0.95,0.7,2.87,1.06,9.0,1.88,12.0,0.6,0.8,0.4,-6.4,4.0,22.2,9.0,9.0,17.4,12.0,0.6,0.8,0.4,5.13,5.48,5.83,5.48,2.0,0.73,16.0,1.0,0.8,0.4,8.9,28.1,47.3,28.1,2.0,39.7,16.0,1.0,0.8,0.4,-110.0,-92.2,75.7,-40.5,9.0,94.5,12.0,0.6,0.8,0.4,-138.4,-64.4,0.0,-67.3,9.0,70.3,12.0,0.6,0.8,0.4,-47.4,-28.1,-8.9,-28.1,2.0,39.8,16.0,1.0,0.8,0.4,-56.4,-33.5,-10.6,-33.5,2.0,47.4,16.0,1.0,0.8,0.4,-30.4,-18.1,-5.7,-18.1,2.0,25.5,16.0,1.0,0.8,0.4,-36.2,-21.5,-6.8,-21.5,2.0,30.4,16.0,1.0,0.8,0.4,199.5,343.0,1067.5,573.0,9.0,488.5,12.0,0.6,0.8,0.4,200.0,345.0,1070.0,575.0,9.0,490.0,12.0,0.6,0.8,0.4
1974,2,340.0,33.0,16.98,18.0,18.53,17.82,13.0,0.82,12.0,0.7,0.7,0.3,16.38,18.0,18.62,17.52,13.0,1.25,14.0,0.7,0.7,0.3,7.75,8.54,10.95,9.15,5.0,2.01,16.0,0.4,0.7,0.2,68.6,81.6,84.6,76.8,5.0,12.8,16.0,0.4,0.2,3.13,6.0,9.28,6.21,14.0,2.91,12.0,0.6,0.7,0.3,-5.61,-2.79,5.84,-1.53,14.0,5.8,12.0,0.6,0.7,0.3,-2.04,0.93,4.88,1.04,14.0,3.57,12.0,0.6,0.7,0.3,1018.23,1026.3,1029.95,1023.06,13.0,7.66,12.0,0.7,0.7,0.3,3.1,6.5,7.9,5.5,14.0,2.6,12.0,0.6,0.7,0.3,-33.7,-11.8,45.0,-7.1,14.0,50.6,12.0,0.6,0.7,0.3,-11.9,2.7,37.5,9.6,14.0,28.9,12.0,0.6,0.7,0.3,-0.65,-0.05,1.43,0.25,12.0,1.4,12.0,0.8,0.7,0.3,-4.2,-0.3,5.8,1.7,12.0,12.6,12.0,0.8,0.7,0.3,0.9,4.06,4.6,3.04,5.0,2.04,16.0,0.4,0.7,0.2,7.3,8.5,32.8,18.6,5.0,16.3,16.0,0.4,0.7,0.2,-110.3,-42.3,111.6,-19.4,13.0,103.2,14.0,0.7,0.7,0.3,-40.1,16.3,93.7,17.5,13.0,66.9,14.0,0.7,0.7,0.3,-45.4,-17.7,71.2,3.6,5.0,68.3,16.0,0.4,0.7,0.2,-1.1,25.6,59.8,28.7,5.0,31.1,16.0,0.4,0.7,0.2,-26.8,-8.4,5.3,-11.7,5.0,20.4,16.0,0.4,0.7,0.2,-0.5,4.2,10.6,5.6,5.0,8.6,16.0,0.4,0.7,0.2,33.0,216.0,799.5,381.0,14.0,371.0,12.0,0.6,0.7,0.3,35.0,215.0,800.0,380.0,14.0,370.0,12.0,0.6,0.7,0.3
1974,2,340.0,34.0,15.98,17.2,18.52,17.23,7.0,1.33,12.0,0.7,0.4,0.4,15.63,17.8,18.75,17.24,9.0,1.66,12.0,0.6,0.5,0.5,6.41,7.72,9.67,8.02,4.0,2.3,8.0,0.5,0.4,0.5,58.8,66.4,76.3,67.5,4.0,12.9,8.0,0.5,0.5,5.03,9.0,9.8,7.94,9.0,2.44,12.0,0.6,0.5,0.5,0.46,2.3,8.5,3.55,9.0,4.98,12.0,0.6,0.5,0.5,-8.29,-1.16,2.87,-1.99,9.0,5.78,12.0,0.6,0.5,0.5,1015.81,1022.8,1027.22,1020.66,9.0,8.43,12.0,0.6,0.5,0.5,3.0,7.0,8.0,5.7,9.0,2.6,12.0,0.6,0.5,0.5,2.9,21.0,78.1,33.1,9.0,42.2,12.0,0.6,0.5,0.5,-74.8,-7.8,27.8,-16.2,9.0,57.8,12.0,0.6,0.5,0.5,-1.62,-0.3,0.44,-0.43,7.0,1.13,12.0,0.7,0.4,0.4,-15.9,-2.7,2.8,-4.9,7.0,9.4,12.0,0.7,0.4,0.4,2.88,3.88,5.25,4.06,3.0,1.74,10.0,0.7,0.2,0.5,16.7,17.8,24.2,20.4,3.0,5.9,10.0,0.7,0.2,0.5,7.2,40.9,158.1,67.2,9.0,90.7,12.0,0.6,0.5,0.5,-129.1,-21.6,55.9,-28.6,9.0,95.5,12.0,0.6,0.5,0.5,5.9,15.6,47.2,26.1,4.0,32.3,8.0,0.5,0.4,0.5,-52.4,-29.0,-19.0,-35.4,4.0,24.9,8.0,0.5,0.4,0.5,2.8,8.9,13.7,8.3,3.0,8.0,10.0,0.7,0.2,0.5,-23.4,-15.5,-6.8,-15.1,3.0,12.2,10.0,0.7,0.2,0.5,135.5,729.0,941.0,624.0,9.0,450.0,12.0,0.6,0.5,0.5,135.0,730.0,940.0,625.0,9.0,450.0,12.0,0.6,0.5,0.5
1974,2,340.0,35.0,15.12,16.0,17.88,16.22,11.0,1.48,12.0,0.1,0.6,0.5,14.23,15.4,16.74,15.39,11.0,1.23,12.0,0.1,0.6,0.5,6.6,8.5,10.0,8.35,8.0,1.68,10.0,0.1,0.4,0.5,64.2,76.7,87.7,76.8,8.0,11.3,10.0,0.1,0.5,3.53,6.7,8.8,6.6,10.0,3.42,12.0,0.0,0.6,0.5,0.0,2.96,5.9,1.79,10.0,5.4,12.0,0.0,0.6,0.5,-7.11,-2.17,2.16,-2.25,10.0,4.66,12.0,0.0,0.6,0.5,1020.06,1025.4,1029.32,1024.67,11.0,4.58,12.0,0.1,0.6,0.5,4.6,6.0,7.0,5.5,11.0,1.3,12.0,0.1,0.6,0.5,0.0,11.0,40.2,2.0,10.0,63.9,12.0,0.0,0.6,0.5,-66.0,-9.5,11.4,-23.3,10.0,42.4,12.0,0.0,0.6,0.5,0.43,0.9,1.66,0.83,11.0,1.39,12.0,0.1,0.6,0.5,1.4,6.2,17.9,8.8,10.0,13.9,12.0,0.0,0.6,0.5,1.24,3.25,4.14,2.72,8.0,1.66,10.0,0.1,0.4,0.5,2.7,15.8,23.2,14.0,7.0,11.6,10.0,0.0,0.5,0.5,0.0,48.2,88.1,28.4,10.0,82.9,12.0,0.0,0.6,0.5,-102.9,-33.1,36.5,-29.7,10.0,69.6,12.0,0.0,0.6,0.5,0.0,23.8,35.9,24.1,7.0,21.1,10.0,0.0,0.5,0.5,-45.5,-16.9,20.1,-10.0,7.0,30.1,10.0,0.0,0.5,0.5,-0.1,2.2,13.9,5.6,7.0,7.9,10.0,0.0,0.5,0.5,-23.2,0.8,4.7,-6.7,7.0,14.6,10.0,0.0,0.5,0.5,46.5,301.0,731.5,527.5,10.0,830.0,12.0,0.0,0.6,0.5,45.0,300.0,730.0,530.0,10.0,830.0,12.0,0.0,0.6,0.5
1974,2,340.0,36.0,15.11,16.0,16.96,16.13,15.0,0.87,16.0,0.4,0.6,0.4,14.53,15.6,17.62,15.83,13.0,1.45,16.0,0.5,0.6,0.4,5.9,7.31,10.42,7.87,12.0,2.11,18.0,0.5,0.6,0.4,55.8,63.7,90.9,70.4,12.0,17.6,18.0,0.5,0.4,3.82,6.2,12.32,7.19,15.0,3.78,16.0,0.4,0.6,0.4,-5.25,3.1,6.99,1.74,15.0,6.14,16.0,0.4,0.6,0.4,-7.01,-2.24,0.6,-2.57,15.0,4.65,16.0,0.4,0.6,0.4,1019.24,1025.0,1028.79,1024.06,15.0,5.01,16.0,0.4,0.6,0.4,2.0,6.0,7.0,4.7,15.0,2.4,16.0,0.4,0.6,0.4,-29.0,9.6,57.9,20.1,15.0,62.4,16.0,0.4,0.6,0.4,-67.8,-10.6,0.6,-29.3,15.0,53.4,16.0,0.4,0.6,0.4,-0.37,0.0,1.8,0.34,13.0,1.6,16.0,0.5,0.6,0.4,-1.9,0.0,9.9,3.8,13.0,12.9,16.0,0.5,0.6,0.4,1.22,3.48,5.33,3.38,12.0,2.01,18.0,0.5,0.6,0.4,6.9,24.1,29.4,20.2,12.0,13.7,18.0,0.5,0.6,0.4,-82.8,0.0,113.5,23.5,13.0,102.4,16.0,0.5,0.6,0.4,-100.2,-33.3,17.5,-28.5,13.0,62.4,16.0,0.5,0.6,0.4,-33.1,-2.4,72.6,17.5,12.0,61.1,18.0,0.5,0.6,0.4,-45.8,-8.9,10.8,-15.2,12.0,35.4,18.0,0.5,0.6,0.4,-24.8,-1.2,10.9,-4.5,12.0,18.9,18.0,0.5,0.6,0.4,-16.3,-2.5,3.1,-6.3,12.0,14.5,18.0,0.5,0.6,0.4,58.0,238.5,1913.0,673.0,15.0,821.0,16.0,0.4,0.6,0.4,60.0,240.0,1915.0,675.0,15.0,820.0,16.0,0.4,0.6,0.4
1974,2,340.0,37.0,14.38,15.6,16.04,15.39,7.0,0.98,12.0,0.3,0.6,0.2,12.96,14.9,16.88,14.86,8.0,1.77,12.0,0.4,0.6,0.2,7.75,8.49,9.54,8.39,8.0,1.3,12.0,0.4,0.6,0.2,73.6,84.0,88.6,81.1,8.0,11.8,12.0,0.4,0.2,4.66,6.2,11.74,7.59,8.0,3.86,12.0,0.4,0.6,0.2,0.25,4.1,8.6,4.47,8.0,3.99,12.0,0.4,0.6,0.2,-6.43,-2.18,2.4,-2.18,8.0,6.04,12.0,0.4,0.6,0.2,1022.28,1027.4,1030.16,1025.98,8.0,5.49,12.0,0.4,0.6,0.2,2.2,5.5,7.8,4.9,8.0,2.8,12.0,0.4,0.6,0.2,1.7,20.9,97.7,41.7,8.0,53.4,12.0,0.4,0.6,0.2,-78.7,-12.4,6.4,-22.3,8.0,65.2,12.0,0.4,0.6,0.2,-0.52,1.0,2.64,0.83,7.0,2.18,12.0,0.3,0.6,0.2,-3.4,6.7,28.9,7.3,7.0,23.9,12.0,0.3,0.6,0.2,1.33,2.04,3.56,2.37,7.0,1.79,12.0,0.3,0.6,0.2,3.3,19.8,35.4,17.8,7.0,15.6,12.0,0.3,0.6,0.2,3.8,59.5,136.8,67.1,8.0,58.5,12.0,0.4,0.6,0.2,-93.1,-31.0,38.1,-24.3,8.0,86.5,12.0,0.4,0.6,0.2,1.5,34.4,86.4,39.0,8.0,37.1,12.0,0.4,0.6,0.2,-52.5,-17.9,23.1,-13.1,8.0,51.2,12.0,0.4,0.6,0.2,-0.1,6.6,13.2,7.4,7.0,9.1,12.0,0.3,0.6,0.2,-33.6,-13.2,1.3,-13.5,7.0,15.9,12.0,0.3,0.6,0.2,101.5,243.0,1621.0,746.0,8.0,853.0,12.0,0.4,0.6,0.2,100.0,245.0,1620.0,745.0,8.0,855.0,12.0,0.4,0.6,0.2
1974,2,340.0,38.0,14.0,15.0,16.97,15.29,16.0,1.53,12.0,0.6,0.5,0.5,13.0,14.9,15.75,14.73,17.0,1.59,12.0,0.6,0.5,0.5,6.1,7.2,9.37,7.61,14.0,2.03,14.0,0.6,0.5,0.5,59.6,67.4,87.2,71.9,15.0,13.4,12.0,0.6,0.5,1.0,7.2,10.3,6.56,17.0,4.34,12.0,0.6,0.5,0.5,-4.14,0.8,6.45,0.97,17.0,5.32,12.0,0.6,0.5,0.5,-5.68,0.0,5.21,-0.25,17.0,5.93,12.0,0.6,0.5,0.5,1014.88,1026.3,1030.62,1023.14,16.0,8.41,12.0,0.6,0.5,0.4,3.2,7.0,8.0,6.1,15.0,2.6,12.0,0.6,0.5,0.5,-31.9,3.7,65.6,9.9,17.0,54.5,12.0,0.6,0.5,0.5,-47.2,0.0,37.5,2.2,17.0,64.2,12.0,0.6,0.5,0.5,-1.07,0.35,1.81,0.46,16.0,1.83,12.0,0.6,0.5,0.5,-2.6,2.2,6.4,3.8,16.0,10.4,12.0,0.6,0.5,0.5,1.07,2.26,5.39,3.01,13.0,2.3,12.0,0.7,0.5,0.5,2.0,16.8,39.9,19.4,13.0,18.7,12.0,0.7,0.5,0.5,-53.2,12.0,98.4,18.2,17.0,75.1,12.0,0.6,0.5,0.5,-75.7,0.0,73.8,-0.9,17.0,87.2,12.0,0.6,0.5,0.5,-37.1,2.4,43.1,3.5,14.0,38.9,14.0,0.6,0.5,0.5,-32.6,0.0,21.2,-4.4,14.0,41.9,14.0,0.6,0.5,0.5,-16.6,2.7,7.6,0.5,13.0,19.1,12.0,0.7,0.5,0.5,-27.9,0.0,3.9,-8.7,13.0,17.6,12.0,0.7,0.5,0.5,1.0,373.0,1092.5,621.5,17.0,746.0,12.0,0.6,0.5,0.5,0.0,375.0,1095.0,620.0,17.0,745.0,12.0,0.6,0.5,0.5
1974,2,340.0,39.0,13.0,14.25,15.0,14.15,10.0,0.88,10.0,0.8,0.5,0.5,13.31,14.7,15.23,14.43,10.0,1.11,10.0,0.8,0.5,0.5,6.24,7.38,9.02,7.65,7.0,1.31,10.0,0.9,0.4,0.6,65.7,71.9,84.2,74.6,7.0,11.6,10.0,0.9,0.6,4.81,9.6,12.43,9.4,10.0,4.41,10.0,0.8,0.5,0.5,3.52,5.3,10.07,5.96,10.0,3.72,10.0,0.8,0.5,0.5,-8.64,1.11,8.04,-0.04,10.0,8.02,10.0,0.8,0.5,0.5,1013.3,1023.1,1029.03,1021.85,10.0,7.01,10.0,0.8,0.5,0.5,4.9,6.0,8.0,6.1,10.0,1.9,10.0,0.8,0.5,0.5,17.2,43.3,117.8,64.1,10.0,67.3,10.0,0.8,0.5,0.5,-104.0,6.0,78.1,-16.3,10.0,108.9,10.0,0.8,0.5,0.5,-1.0,-0.4,0.31,-0.28,10.0,0.92,10.0,0.8,0.5,0.5,-8.2,-2.6,4.5,-1.0,10.0,8.9,10.0,0.8,0.5,0.5,1.43,3.1,3.53,2.59,7.0,1.35,10.0,0.9,0.4,0.6,7.1,16.7,40.9,21.2,7.0,14.6,10.0,0.9,0.4,0.6,53.9,76.8,134.8,85.8,10.0,50.6,10.0,0.8,0.5,0.5,-111.2,16.2,114.7,5.2,10.0,108.8,10.0,0.8,0.5,0.5,24.9,38.7,73.6,44.1,7.0,30.1,10.0,0.9,0.4,0.6,-34.5,6.8,18.7,2.5,7.0,49.8,10.0,0.9,0.4,0.6,6.3,8.4,24.2,13.5,7.0,13.1,10.0,0.9,0.4,0.6,-15.3,1.2,6.7,-4.5,7.0,18.2,10.0,0.9,0.4,0.6,112.5,941.0,1931.0,1359.0,10.0,1737.0,10.0,0.8,0.5,0.5,110.0,940.0,1930.0,1360.0,10.0,1735.0,10.0,0.8,0.5,0.5
1974,2,340.0,40.0,12.43,13.9,14.41,13.58,19.0,0.95,12.0,0.8,0.5,0.6,11.97,13.1,15.41,13.37,19.0,1.54,12.0,0.8,0.5,0.6,5.58,6.7,8.77,7.18,14.0,1.56,12.0,0.9,0.5,0.6,61.0,75.4,89.8,75.1,14.0,13.5,12.0,0.9,0.6,7.2,11.8,15.89,12.28,20.0,5.57,12.0,0.8,0.5,0.5,1.27,8.89,15.36,7.78,20.0,9.21,12.0,0.8,0.5,0.5,-7.12,-3.56,2.14,-3.02,20.0,5.61,12.0,0.8,0.5,0.5,1017.56,1022.7,1027.39,1021.77,19.0,6.57,12.0,0.8,0.5,0.6,5.0,6.0,8.0,6.0,20.0,1.8,12.0,0.8,0.5,0.5,9.1,104.4,236.5,132.0,20.0,180.4,12.0,0.8,0.5,0.5,-136.0,-36.3,20.2,-47.4,20.0,95.8,12.0,0.8,0.5,0.5,-0.72,-0.05,2.06,0.29,18.0,1.68,12.0,0.8,0.5,0.6,-10.4,-0.7,35.5,7.8,18.0,28.6,12.0,0.8,0.5,0.6,0.38,2.91,3.93,2.4,13.0,1.76,12.0,0.8,0.5,0.6,2.8,22.4,40.2,24.6,13.0,21.3,12.0,0.8,0.5,0.6,4.1,146.2,222.0,105.0,19.0,118.5,12.0,0.8,0.5,0.6,-107.4,-41.1,33.3,-35.1,19.0,77.0,12.0,0.8,0.5,0.6,-39.1,41.5,116.7,40.9,14.0,69.0,12.0,0.9,0.5,0.6,-37.4,-10.4,20.7,-5.6,14.0,38.7,12.0,0.9,0.5,0.6,-10.4,9.6,23.7,8.5,13.0,28.4,12.0,0.8,0.5,0.6,-15.1,-5.2,1.4,-7.9,13.0,12.5,12.0,0.8,0.5,0.6,373.0,1652.0,4014.0,3082.5,20.0,4367.5,12.0,0.8,0.5,0.5,375.0,1650.0,4015.0,3080.0,20.0,4365.0,12.0,0.8,0.5,0.5
1974,2,340.0,41.0,12.34,13.2,14.09,13.48,27.0,1.37,14.0,0.5,0.6,0.4,12.0,13.0,14.63,13.19,29.0,1.33,14.0,0.5,0.6,0.4,5.73,7.2,9.29,7.31,19.0,1.67,14.0,0.6,0.6,0.4,65.5,79.3,90.2,77.5,19.0,11.8,14.0,0.6,0.4,4.71,9.0,13.26,9.4,28.0,4.81,14.0,0.5,0.6,0.4,-3.31,4.53,11.4,4.62,28.0,6.91,14.0,0.5,0.6,0.4,-8.78,-1.21,5.1,-1.25,28.0,6.58,14.0,0.5,0.6,0.4,1016.27,1025.9,1028.78,1023.61,29.0,8.31,14.0,0.5,0.6,0.4,4.0,7.5,8.0,6.3,28.0,2.4,14.0,0.5,0.6,0.4,-16.4,36.5,147.6,69.2,28.0,118.1,14.0,0.5,0.6,0.4,-85.6,-7.6,36.9,-9.7,28.0,92.1,14.0,0.5,0.6,0.4,-0.99,0.0,1.97,0.29,27.0,1.37,14.0,0.5,0.6,0.4,-8.5,0.0,14.8,1.7,27.0,16.0,14.0,0.5,0.6,0.4,0.26,2.78,3.54,2.18,18.0,1.48,14.0,0.6,0.6,0.4,3.2,15.2,39.6,19.5,18.0,16.0,14.0,0.6,0.6,0.4,-44.5,63.5,133.8,64.0,28.0,97.2,14.0,0.5,0.6,0.4,-103.4,-17.4,73.5,-11.9,28.0,88.1,14.0,0.5,0.6,0.4,-6.6,44.8,89.7,46.6,18.0,63.2,14.0,0.6,0.6,0.4,-54.2,-1.9,49.3,1.5,18.0,53.9,14.0,0.6,0.6,0.4,-4.4,4.7,24.7,6.8,18.0,15.5,14.0,0.6,0.6,0.4,-20.1,-1.5,6.4,-6.2,18.0,18.1,14.0,0.6,0.6,0.4,105.0,731.5,2332.0,1580.5,28.0,2895.5,14.0,0.5,0.6,0.4,105.0,730.0,2330.0,1580.0,28.0,2895.0,14.0,0.5,0.6,0.4
1974,2,340.0,42.0,11.9,12.5,14.0,12.77,20.0,1.24,12.0,0.5,0.5,0.3,11.0,12.0,13.67,12.3,21.0,1.43,12.0,0.5,0.5,0.3,5.34,6.17,8.96,6.84,17.0,1.59,12.0,0.5,0.5,0.3,64.3,73.6,94.4,77.2,18.0,13.7,12.0,0.5,0.3,4.69,10.3,20.39,11.51,21.0,7.93,12.0,0.5,0.5,0.3,1.99,6.24,11.61,7.63,21.0,7.25,12.0,0.5,0.5,0.3,-9.71,-3.52,7.13,-0.73,21.0,9.37,12.0,0.5,0.5,0.3,1005.18,1019.85,1029.5,1017.48,20.0,12.8,12.0,0.5,0.5,0.3,4.0,6.5,8.0,5.9,20.0,2.0,12.0,0.6,0.5,0.3,14.4,65.5,217.0,135.2,21.0,192.2,12.0,0.5,0.5,0.3,-117.8,-16.2,83.0,-4.3,21.0,193.6,12.0,0.5,0.5,0.3,-1.0,0.9,1.5,0.47,20.0,1.3,12.0,0.5,0.5,0.3,-7.2,5.6,15.4,2.7,20.0,21.0,12.0,0.5,0.5,0.3,0.69,2.2,3.46,2.16,16.0,1.32,12.0,0.4,0.5,0.4,4.4,14.7,32.9,19.8,16.0,21.3,12.0,0.4,0.5,0.4,22.1,71.7,147.5,92.8,21.0,81.8,12.0,0.5,0.5,0.3,-107.4,-40.2,97.0,-0.6,21.0,119.4,12.0,0.5,0.5,0.3,4.8,34.0,89.5,52.7,17.0,55.9,12.0,0.5,0.5,0.3,-53.6,-19.3,32.3,-2.0,17.0,70.7,12.0,0.5,0.5,0.3,0.3,9.8,22.4,13.8,16.0,20.5,12.0,0.4,0.5,0.4,-18.7,-9.8,3.4,-9.3,16.0,12.6,12.0,0.4,0.5,0.4,103.5,1092.5,8582.0,3914.5,21.0,6410.5,12.0,0.5,0.5,0.3,105.0,1095.0,8580.0,3915.0,21.0,6410.0,12.0,0.5,0.5,0.3
1974,2,340.0,43.0,11.3,12.2,15.0,12.67,30.0,1.61,12.0,0.6,0.5,0.4,10.6,12.0,13.24,11.8,35.0,1.46,14.0,0.5,0.5,0.4,5.45,6.67,8.42,6.79,29.0,1.19,14.0,0.5,0.5,0.4,67.3,78.9,89.2,79.3,30.0,10.0,14.0,0.5,0.4,4.72,8.75,18.0,11.5,34.0,7.44,14.0,0.6,0.5,0.4,-3.05,7.7,13.51,6.27,34.0,8.92,14.0,0.6,0.5,0.4,-8.58,0.0,9.25,0.08,34.0,8.46,14.0,0.6,0.5,0.4,1008.99,1018.9,1031.08,1018.71,32.0,11.53,14.0,0.5,0.5,0.4,4.0,7.0,8.0,6.1,34.0,2.0,14.0,0.6,0.5,0.4,-18.6,62.8,262.4,128.6,34.0,201.7,14.0,0.6,0.5,0.4,-77.7,0.0,129.2,-2.6,34.0,163.6,14.0,0.6,0.5,0.4,-0.68,0.25,2.7,0.83,30.0,2.02,12.0,0.6,0.5,0.4,-9.2,0.4,27.4,9.9,29.0,33.8,12.0,0.6,0.5,0.4,0.77,2.06,3.6,2.24,27.0,1.35,12.0,0.6,0.5,0.5,4.1,13.3,42.2,24.2,26.0,24.6,12.0,0.6,0.5,0.4,-31.3,100.5,170.1,70.8,34.0,96.3,14.0,0.6,0.5,0.4,-90.9,0.0,115.9,9.6,34.0,99.0,14.0,0.6,0.5,0.4,-17.3,53.6,103.5,45.8,28.0,61.1,14.0,0.5,0.5,0.4,-58.3,-4.3,49.1,-4.3,28.0,52.6,14.0,0.5,0.5,0.4,-9.0,2.2,33.8,10.8,26.0,23.2,12.0,0.6,0.5,0.4,-25.0,0.0,3.6,-6.2,26.0,22.7,12.0,0.6,0.5,0.4,105.5,678.0,5832.0,3680.0,34.0,6080.5,14.0,0.6,0.5,0.4,105.0,680.0,5830.0,3680.0,34.0,6080.0,14.0,0.6,0.5,0.4
1974,2,340.0,44.0,11.59,12.2,13.03,12.32,19.0,0.93,16.0,0.6,0.6,0.3,10.01,11.7,13.0,11.67,20.0,1.49,16.0,0.6,0.6,0.3,5.43,6.33,7.67,6.56,17.0,1.21,14.0,0.5,0.6,0.2,66.8,78.2,87.2,77.9,17.0,10.2,14.0,0.5,0.2,5.2,11.8,25.86,13.39,21.0,8.69,16.0,0.6,0.6,0.3,-3.82,9.34,15.07,7.15,21.0,10.78,16.0,0.6,0.6,0.3,-4.64,3.35,10.16,3.2,21.0,9.11,16.0,0.6,0.6,0.3,1001.57,1017.2,1028.09,1016.64,21.0,12.56,16.0,0.6,0.6,0.3,2.9,5.0,8.0,5.4,19.0,2.5,16.0,0.7,0.6,0.3,-22.2,131.0,255.7,169.0,21.0,255.5,16.0,0.6,0.6,0.3,-57.9,24.2,166.3,59.3,21.0,218.6,16.0,0.6,0.6,0.3,-0.31,0.7,2.12,0.77,18.0,1.51,16.0,0.6,0.6,0.3,-2.2,5.7,37.8,12.9,18.0,25.5,16.0,0.6,0.6,0.3,1.14,2.54,3.48,2.38,15.0,1.2,14.0,0.5,0.6,0.2,6.7,28.8,49.8,31.7,15.0,26.4,14.0,0.5,0.6,0.2,-47.6,99.2,201.1,79.6,20.0,124.0,16.0,0.6,0.6,0.3,-53.8,35.2,88.5,28.9,20.0,83.6,16.0,0.6,0.6,0.3,-25.5,71.7,122.3,57.9,17.0,71.0,14.0,0.5,0.6,0.2,-32.3,15.1,66.5,16.8,17.0,56.1,14.0,0.5,0.6,0.2,-9.1,13.8,42.6,20.6,15.0,31.4,14.0,0.5,0.6,0.2,-21.8,2.3,14.8,-2.0,15.0,18.3,14.0,0.5,0.6,0.2,142.0,1643.0,17999.5,5635.5,21.0,8389.5,16.0,0.6,0.6,0.3,140.0,1645.0,18000.0,5635.0,21.0,8390.0,16.0,0.6,0.6,0.3
1974,2,340.0,45.0,11.5,11.9,12.96,12.17,15.0,0.88,16.0,0.6,0.6,0.3,10.73,11.5,12.53,11.61,19.0,1.04,16.0,0.5,0.6,0.4,6.06,6.79,7.85,6.86,13.0,1.1,16.0,0.5,0.6,0.4,73.9,82.3,93.0,81.8,13.0,10.4,16.0,0.5,0.4,3.1,6.7,14.04,8.45,19.0,5.42,16.0,0.5,0.6,0.4,-3.15,2.25,12.21,3.45,19.0,7.38,16.0,0.5,0.6,0.4,-3.16,1.57,3.96,1.46,19.0,5.95,16.0,0.5,0.6,0.4,1007.47,1023.0,1029.96,1018.75,19.0,12.86,16.0,0.5,0.6,0.4,2.0,8.0,8.0,6.2,19.0,2.5,16.0,0.5,0.6,0.4,-20.5,5.9,157.5,55.0,19.0,113.7,16.0,0.5,0.6,0.4,-15.2,7.2,54.7,21.3,19.0,80.1,16.0,0.5,0.6,0.4,-0.87,0.6,1.88,0.58,15.0,1.27,16.0,0.6,0.6,0.3,-5.3,2.8,7.3,3.2,15.0,11.0,16.0,0.6,0.6,0.3,0.77,1.64,2.73,1.75,12.0,1.16,16.0,0.5,0.6,0.4,7.1,11.5,22.6,13.9,12.0,9.6,16.0,0.5,0.6,0.4,-34.2,24.8,147.5,42.5,19.0,88.2,16.0,0.5,0.6,0.4,-32.3,17.3,46.7,18.3,19.0,71.2,16.0,0.5,0.6,0.4,-27.0,0.0,80.7,18.0,13.0,50.1,16.0,0.5,0.6,0.4,-14.2,18.3,46.6,17.7,13.0,49.6,16.0,0.5,0.6,0.4,-11.5,-2.1,12.6,0.3,12.0,11.9,16.0,0.5,0.6,0.4,-2.8,3.9,14.0,5.0,12.0,11.6,16.0,0.5,0.6,0.4,30.0,301.0,2775.0,1397.5,19.0,2158.0,16.0,0.5,0.6,0.4,30.0,300.0,2775.0,1400.0,19.0,2160.0,16.0,0.5,0.6,0.4
1974,2,340.0,46.0,11.08,12.0,13.39,12.26,16.0,1.04,16.0,0.7,0.6,0.4,10.0,11.35,12.86,11.35,18.0,1.33,18.0,0.7,0.7,0.4,5.6,6.57,7.39,6.48,16.0,1.0,18.0,0.6,0.6,0.4,65.9,74.7,88.2,77.4,17.0,10.7,16.0,0.6,0.4,5.23,9.8,12.9,9.29,17.0,3.81,18.0,0.7,0.7,0.4,-5.64,2.25,8.08,1.59,17.0,6.2,18.0,0.7,0.7,0.4,-5.45,4.35,10.45,3.13,17.0,7.4,18.0,0.7,0.7,0.4,1012.18,1023.0,1030.28,1020.64,17.0,12.69,18.0,0.6,0.6,0.4,4.0,8.0,8.0,6.2,17.0,2.1,18.0,0.7,0.7,0.4,-53.8,13.1,101.7,20.1,17.0,73.2,18.0,0.7,0.7,0.4,-35.2,37.8,117.8,31.8,17.0,92.4,18.0,0.7,0.7,0.4,0.11,0.85,2.12,1.13,16.0,1.27,16.0,0.7,0.6,0.4,0.3,8.6,16.6,11.5,15.0,15.2,18.0,0.7,0.6,0.5,1.42,1.95,3.03,2.22,14.0,1.27,18.0,0.6,0.6,0.5,8.0,16.6,30.5,20.6,13.0,16.5,18.0,0.7,0.6,0.5,-69.0,25.2,89.2,14.0,17.0,71.0,18.0,0.7,0.7,0.4,-56.3,56.6,114.7,36.7,17.0,84.4,18.0,0.7,0.7,0.4,-31.3,22.8,51.1,13.1,15.0,39.0,18.0,0.7,0.6,0.4,-20.0,27.3,61.9,23.4,15.0,52.6,18.0,0.7,0.6,0.4,-4.5,5.2,19.2,8.0,13.0,17.1,18.0,0.7,0.6,0.5,0.8,9.7,25.9,10.7,13.0,15.7,18.0,0.7,0.6,0.5,160.5,941.0,2146.5,1173.5,17.0,1062.5,18.0,0.7,0.7,0.4,160.0,940.0,2145.0,1175.0,17.0,1065.0,18.0,0.7,0.7,0.4
1974,2,340.0,47.0,10.59,11.2,12.04,11.27,13.0,0.82,16.0,0.5,0.7,0.4,9.25,10.0,11.39,10.42,14.0,1.18,16.0,0.5,0.7,0.4,4.92,6.74,7.62,6.52,14.0,1.24,16.0,0.5,0.7,0.4,64.5,85.7,99.9,83.2,14.0,14.5,16.0,0.5,0.4,5.17,10.55,17.94,11.57,14.0,6.55,16.0,0.5,0.7,0.4,-3.94,4.21,10.17,4.19,14.0,6.83,16.0,0.5,0.7,0.4,-10.01,2.74,11.28,0.42,14.0,11.01,16.0,0.5,0.7,0.4,1011.06,1021.55,1026.76,1014.41,14.0,19.34,16.0,0.5,0.7,0.4,4.1,8.0,8.0,6.6,14.0,2.3,16.0,0.5,0.7,0.4,-24.2,31.4,205.0,78.4,14.0,133.7,16.0,0.5,0.7,0.4,-107.8,13.6,151.2,10.5,14.0,207.9,16.0,0.5,0.7,0.4,-0.06,0.6,1.71,0.82,13.0,1.17,16.0,0.5,0.7,0.4,-0.9,4.5,15.9,7.3,13.0,15.6,16.0,0.5,0.7,0.4,0.28,1.75,3.0,1.68,13.0,1.2,16.0,0.5,0.7,0.4,3.7,13.5,34.3,16.6,13.0,13.6,16.0,0.5,0.7,0.4,-43.7,45.1,101.7,44.1,14.0,77.6,16.0,0.5,0.7,0.4,-92.6,26.5,112.8,12.5,14.0,118.1,16.0,0.5,0.7,0.4,-31.8,25.2,55.7,27.1,14.0,49.7,16.0,0.5,0.7,0.4,-58.3,19.9,85.2,10.4,14.0,72.9,16.0,0.5,0.7,0.4,-1.8,8.8,13.5,6.1,13.0,9.6,16.0,0.5,0.7,0.4,-24.1,3.2,10.1,-2.2,13.0,18.7,16.0,0.5,0.7,0.4,139.5,1176.0,5774.0,3126.0,14.0,4767.5,16.0,0.5,0.7,0.4,140.0,1175.0,5775.0,3125.0,14.0,4765.0,16.0,0.5,0.7,0.4
1974,2,340.0,48.0,10.0,10.55,11.44,10.7,8.0,0.75,14.0,0.5,0.6,0.6,8.43,10.15,12.2,10.39,10.0,1.98,14.0,0.5,0.6,0.5,4.96,6.42,7.03,6.17,9.0,1.22,16.0,0.4,0.6,0.6,68.1,76.0,93.6,79.3,9.0,12.9,16.0,0.4,0.6,9.3,11.85,15.4,11.99,10.0,3.78,14.0,0.5,0.6,0.5,4.65,9.37,14.01,9.05,10.0,5.11,14.0,0.5,0.6,0.5,-5.16,3.44,8.38,2.0,10.0,7.24,14.0,0.5,0.6,0.5,1002.74,1011.4,1025.86,1013.67,10.0,11.3,14.0,0.5,0.6,0.5,3.4,8.0,8.0,6.0,10.0,2.7,14.0,0.5,0.6,0.5,46.1,113.9,222.2,124.1,10.0,85.0,14.0,0.5,0.6,0.5,-57.3,38.4,81.3,19.8,10.0,100.3,14.0,0.5,0.6,0.5,-1.71,0.4,2.01,0.09,8.0,1.99,14.0,0.5,0.6,0.6,-17.5,3.8,31.0,4.0,8.0,28.7,14.0,0.5,0.6,0.6,0.7,1.32,3.06,1.61,8.0,1.16,14.0,0.5,0.6,0.6,6.9,18.1,45.9,22.4,8.0,19.9,14.0,0.5,0.6,0.6,55.8,96.2,132.9,94.3,10.0,53.8,14.0,0.5,0.6,0.5,-40.7,34.0,102.3,28.1,10.0,73.5,14.0,0.5,0.6,0.5,31.1,53.8,84.1,54.8,9.0,30.8,16.0,0.4,0.6,0.6,-31.3,8.9,49.2,9.7,9.0,43.5,16.0,0.4,0.6,0.6,5.2,17.5,40.4,19.5,8.0,17.0,14.0,0.5,0.6,0.6,-5.4,1.6,8.1,-1.2,8.0,15.6,14.0,0.5,0.6,0.6,804.5,1749.5,3652.5,2170.5,10.0,1627.0,14.0,0.5,0.6,0.5,805.0,1750.0,3650.0,2170.0,10.0,1625.0,14.0,0.5,0.6,0.5
1974,2,340.0,49.0,9.95,10.7,11.37,10.63,6.0,1.04,14.0,0.7,0.5,0.4,8.08,9.0,10.23,9.12,9.0,1.1,14.0,0.7,0.5,0.3,5.33,6.08,6.33,5.93,7.0,0.66,16.0,0.7,0.5,0.3,73.7,81.3,90.5,81.5,7.0,9.2,16.0,0.7,0.3,4.0,8.2,24.15,12.17,9.0,9.76,14.0,0.7,0.5,0.3,2.96,7.24,16.55,9.11,9.0,8.64,14.0,0.7,0.5,0.3,-7.59,-1.23,6.82,1.33,9.0,9.59,14.0,0.7,0.5,0.3,977.81,1006.8,1029.63,1006.63,9.0,23.84,14.0,0.7,0.5,0.3,4.0,8.0,8.0,6.2,9.0,2.3,14.0,0.7,0.5,0.3,15.1,55.7,418.2,181.5,9.0,267.7,14.0,0.7,0.5,0.3,-90.1,-4.4,61.5,35.5,9.0,240.1,14.0,0.7,0.5,0.3,0.57,1.75,2.82,1.62,6.0,1.31,14.0,0.7,0.5,0.4,3.0,17.3,42.0,24.9,6.0,29.2,14.0,0.7,0.5,0.4,1.47,2.2,3.05,2.16,6.0,0.98,14.0,0.7,0.5,0.4,12.2,18.0,48.0,27.5,6.0,24.6,14.0,0.7,0.5,0.4,28.5,60.1,141.3,77.7,9.0,69.7,14.0,0.7,0.5,0.3,-60.9,-13.5,62.0,13.0,9.0,79.8,14.0,0.7,0.5,0.3,19.9,42.2,68.5,43.2,7.0,37.6,16.0,0.7,0.5,0.3,-18.0,-7.8,29.3,13.3,7.0,57.9,16.0,0.7,0.5,0.3,10.5,14.2,40.8,20.9,6.0,17.5,14.0,0.7,0.5,0.4,-7.4,-1.7,22.5,7.2,6.0,24.7,14.0,0.7,0.5,0.4,70.0,551.5,17133.5,5617.0,9.0,9695.5,14.0,0.7,0.5,0.3,70.0,550.0,17135.0,5615.0,9.0,9695.0,14.0,0.7,0.5,0.3
1974,2,340.0,50.0,9.5,10.25,10.77,10.1,8.0,0.71,18.0,0.8,0.5,0.4,7.8,9.15,10.33,9.22,12.0,1.4,18.0,0.8,0.6,0.4,4.89,5.82,6.82,5.85,9.0,1.34,20.0,0.8,0.6,0.4,73.1,82.2,91.7,80.1,9.0,13.7,20.0,0.8,0.4,8.64,12.6,21.52,13.65,12.0,6.89,18.0,0.8,0.6,0.4,0.44,4.94,14.31,5.6,12.0,11.96,18.0,0.8,0.6,0.4,-2.65,6.09,11.59,4.91,12.0,6.87,18.0,0.8,0.6,0.4,999.72,1024.5,1028.28,1015.4,11.0,18.84,20.0,0.7,0.6,0.4,5.6,7.0,8.0,6.5,11.0,1.5,18.0,0.8,0.5,0.4,-4.3,71.5,227.2,82.8,12.0,278.8,18.0,0.8,0.6,0.4,-19.5,91.5,189.2,81.5,12.0,101.7,18.0,0.8,0.6,0.4,-0.91,1.0,2.48,0.94,8.0,1.68,18.0,0.8,0.5,0.4,-7.1,2.6,30.1,8.4,8.0,18.4,18.0,0.8,0.5,0.4,1.31,1.51,3.16,1.92,8.0,1.37,18.0,0.8,0.5,0.4,9.0,20.7,33.5,19.8,8.0,12.7,18.0,0.8,0.5,0.4,2.5,50.7,115.0,45.0,12.0,119.3,18.0,0.8,0.6,0.4,-20.8,61.1,108.7,51.6,12.0,63.8,18.0,0.8,0.6,0.4,-13.8,37.8,66.7,18.9,9.0,80.0,20.0,0.8,0.6,0.4,-21.3,29.0,54.1,21.8,9.0,44.0,20.0,0.8,0.6,0.4,0.4,11.4,26.2,9.4,8.0,21.0,18.0,0.8,0.5,0.4,-8.6,-0.3,6.6,-0.9,8.0,8.2,18.0,0.8,0.5,0.4,676.5,2024.5,10123.0,4442.0,12.0,5711.5,18.0,0.8,0.6,0.4,675.0,2025.0,10125.0,4440.0,12.0,5710.0,18.0,0.8,0.6,0.4
1974,2,340.0,51.0,9.38,10.2,11.43,10.4,3.0,1.51,14.0,0.3,0.8,0.4,8.48,9.2,10.1,9.25,6.0,0.94,10.0,0.5,0.5,0.5,4.08,4.89,6.27,5.15,5.0,1.25,12.0,0.6,0.6,0.5,58.7,62.6,79.9,67.9,5.0,12.0,12.0,0.6,0.5,5.06,13.4,20.55,13.15,6.0,8.36,10.0,0.5,0.5,0.5,0.96,6.35,15.13,7.06,6.0,7.61,10.0,0.5,0.5,0.5,-13.83,-0.67,7.61,-1.81,6.0,12.48,10.0,0.5,0.5,0.5,979.09,992.8,1004.36,992.43,6.0,21.51,10.0,0.5,0.5,0.5,5.0,7.5,8.0,6.3,6.0,2.7,10.0,0.5,0.5,0.5,-4.5,57.8,311.2,124.3,6.0,172.6,10.0,0.5,0.5,0.5,-288.6,-8.6,79.6,-69.0,6.0,247.7,10.0,0.5,0.5,0.5,-0.24,1.4,2.08,0.93,3.0,1.75,14.0,0.3,0.8,0.4,-12.2,3.6,40.8,14.0,3.0,39.9,14.0,0.3,0.8,0.4,2.6,2.98,3.26,2.93,3.0,0.49,14.0,0.3,0.8,0.4,21.1,47.5,64.2,42.8,3.0,31.9,14.0,0.3,0.8,0.4,6.2,54.9,149.5,65.8,6.0,75.0,10.0,0.5,0.5,0.5,-136.7,-5.7,69.2,-17.0,6.0,124.1,10.0,0.5,0.5,0.5,-0.3,38.9,80.3,39.1,5.0,45.4,12.0,0.6,0.6,0.5,-79.3,-6.9,41.9,-13.0,5.0,82.9,12.0,0.6,0.6,0.5,17.5,36.4,43.1,30.4,3.0,19.5,14.0,0.3,0.8,0.4,-47.3,-30.5,-8.6,-28.0,3.0,28.4,14.0,0.3,0.8,0.4,150.5,2792.5,8901.5,4581.5,6.0,5532.0,10.0,0.5,0.5,0.5,150.0,2790.0,8900.0,4580.0,6.0,5530.0,10.0,0.5,0.5,0.5
1974,2,340.0,52.0,9.3,9.5,9.7,9.52,361.0,0.21,14.0,0.4,0.3,0.6,5.4,7.8,10.2,7.78,365.0,2.17,14.0,0.4,0.3,0.6,4.41,5.48,6.74,5.56,365.0,1.15,14.0,0.4,0.3,0.6,73.5,85.0,92.7,83.2,365.0,9.4,14.0,0.4,0.6,8.2,11.3,15.4,11.81,365.0,4.08,14.0,0.4,0.3,0.6,0.0,6.95,12.5,6.5,365.0,5.6,14.0,0.4,0.3,0.6,-7.26,2.87,10.3,1.79,365.0,8.91,14.0,0.4,0.3,0.6,986.0,1001.6,1025.7,1005.1,365.0,16.24,14.0,0.4,0.3,0.6,3.0,7.0,8.0,6.0,365.0,2.2,14.0,0.4,0.3,0.6,0.0,68.2,177.5,87.5,365.0,89.3,14.0,0.4,0.3,0.6,-89.8,24.9,121.4,11.0,365.0,137.7,14.0,0.4,0.3,0.6,-0.7,1.8,4.1,1.75,360.0,2.25,14.0,0.4,0.3,0.6,-8.6,17.9,49.0,21.1,360.0,30.0,14.0,0.4,0.3,0.6,0.57,2.08,3.1,1.87,360.0,1.23,14.0,0.4,0.3,0.6,4.5,20.1,42.5,22.4,360.0,18.1,14.0,0.4,0.3,0.6,0.0,47.5,86.9,46.1,365.0,39.9,14.0,0.4,0.3,0.6,-44.2,17.1,104.2,26.6,365.0,73.0,14.0,0.4,0.3,0.6,0.0,38.2,61.3,33.5,365.0,28.3,14.0,0.4,0.3,0.6,-33.7,13.7,69.0,16.2,365.0,52.1,14.0,0.4,0.3,0.6,-0.5,10.5,33.4,14.8,360.0,17.4,14.0,0.4,0.3,0.6,-18.8,0.0,10.6,-3.7,360.0,17.1,14.0,0.4,0.3,0.6,551.5,1443.0,3652.5,2242.5,365.0,2197.5,14.0,0.4,0.3,0.6,550.0,1445.0,3650.0,2240.0,365.0,2200.0,14.0,0.4,0.3,0.6
1974,2,340.0,53.0,9.7,9.7,9.97,9.82,5.0,0.18,12.0,0.2,0.7,0.1,4.17,6.4,8.87,6.46,5.0,2.45,12.0,0.2,0.7,0.1,3.82,4.1,6.14,4.82,5.0,1.24,12.0,0.2,0.7,0.1,72.3,78.0,83.5,77.7,5.0,9.2,12.0,0.2,0.1,9.22,10.8,13.83,11.52,5.0,3.16,12.0,0.2,0.7,0.1,4.39,8.49,9.87,7.34,5.0,3.19,12.0,0.2,0.7,0.1,-10.95,-4.9,1.1,-4.93,5.0,8.25,12.0,0.2,0.7,0.1,984.15,1001.8,1004.31,993.42,5.0,21.45,12.0,0.2,0.7,0.1,2.6,7.0,8.0,5.6,5.0,2.9,12.0,0.2,0.7,0.1,45.8,83.2,115.2,80.9,5.0,35.1,12.0,0.2,0.7,0.1,-159.6,-48.0,6.0,-76.4,5.0,119.9,12.0,0.2,0.7,0.1,0.9,3.3,5.67,3.36,5.0,2.52,12.0,0.2,0.7,0.1,12.1,32.3,64.8,38.1,5.0,30.0,12.0,0.2,0.7,0.1,1.69,3.42,3.79,2.85,5.0,1.19,12.0,0.2,0.7,0.1,18.6,36.4,41.1,31.6,5.0,13.3,12.0,0.2,0.7,0.1,30.7,47.4,50.2,41.8,5.0,11.9,12.0,0.2,0.7,0.1,-72.1,-28.5,15.3,-30.9,5.0,72.0,12.0,0.2,0.7,0.1,26.8,32.4,38.8,32.4,5.0,9.3,12.0,0.2,0.7,0.1,-56.5,-18.7,9.0,-24.2,5.0,50.7,12.0,0.2,0.7,0.1,7.8,31.5,36.6,23.7,5.0,15.7,12.0,0.2,0.7,0.1,-23.9,-18.2,0.4,-12.6,5.0,16.4,12.0,0.2,0.7,0.1,799.0,1259.5,2822.0,1821.0,5.0,1568.0,12.0,0.2,0.7,0.1,800.0,1260.0,2820.0,1820.0,5.0,1570.0,12.0,0.2,0.7,0.1
1974,2,340.0,54.0,9.83,10.0,10.14,9.98,5.0,0.19,16.0,0.0,0.7,0.4,6.86,8.8,9.49,8.22,5.0,1.78,16.0,0.0,0.7,0.4,4.87,6.34,6.55,5.74,4.0,1.42,20.0,0.0,0.7,0.3,75.4,87.0,88.2,82.1,4.0,10.9,20.0,0.0,0.3,10.74,12.9,17.41,13.94,5.0,3.71,16.0,0.0,0.7,0.4,-2.01,2.87,8.76,3.75,5.0,8.65,16.0,0.0,0.7,0.4,-12.08,-6.5,10.76,-2.0,5.0,12.62,16.0,0.0,0.7,0.4,989.92,1005.9,1018.83,1003.52,5.0,18.25,16.0,0.0,0.7,0.4,1.4,5.0,7.5,4.5,4.0,3.7,20.0,0.0,0.7,0.3,-22.1,36.3,153.9,72.5,5.0,154.9,16.0,0.0,0.7,0.4,-176.3,-99.7,127.3,-44.0,5.0,177.5,16.0,0.0,0.7,0.4,0.48,0.9,3.27,1.76,5.0,1.82,16.0,0.0,0.7,0.4,5.0,14.9,49.4,27.7,5.0,34.8,16.0,0.0,0.7,0.4,1.1,1.33,2.73,1.89,4.0,1.38,20.0,0.0,0.7,0.3,13.4,17.6,49.1,30.6,4.0,29.7,20.0,0.0,0.7,0.3,-15.5,25.2,55.8,22.3,5.0,50.7,16.0,0.0,0.7,0.4,-108.7,-35.1,93.7,-13.0,5.0,112.7,16.0,0.0,0.7,0.4,8.5,20.3,44.7,26.3,4.0,27.4,20.0,0.0,0.7,0.3,-82.8,-43.0,33.7,-25.4,4.0,80.6,20.0,0.0,0.7,0.3,1.7,4.3,39.2,19.7,4.0,33.8,20.0,0.0,0.7,0.3,-23.2,-17.0,0.0,-11.8,4.0,16.9,20.0,0.0,0.7,0.3,1244.0,2146.5,5356.5,3184.5,5.0,2454.5,16.0,0.0,0.7,0.4,1245.0,2145.0,5355.0,3185.0,5.0,2455.0,16.0,0.0,0.7,0.4
1974,2,340.0,55.0,7.85,8.25,8.65,8.25,4.0,0.47,14.0,0.3,0.7,0.5,5.12,8.85,9.86,7.55,4.0,3.48,14.0,0.3,0.7,0.5,4.59,6.13,7.0,5.8,3.0,1.79,16.0,0.3,0.6,0.4,66.0,81.6,90.6,78.3,3.0,18.3,16.0,0.3,0.4,5.08,8.5,12.24,8.65,4.0,4.5,14.0,0.3,0.7,0.5,0.85,2.27,8.21,4.43,4.0,5.93,14.0,0.3,0.7,0.5,-3.61,2.19,8.5,2.44,4.0,7.13,14.0,0.3,0.7,0.5,978.66,1005.45,1021.29,1000.23,4.0,26.99,14.0,0.3,0.7,0.5,8.0,8.0,8.0,8.0,3.0,0.0,16.0,0.3,0.6,0.4,4.7,14.2,105.3,53.1,4.0,87.7,14.0,0.3,0.7,0.5,-39.1,18.3,76.1,18.5,4.0,73.3,14.0,0.3,0.7,0.5,-1.66,-0.35,3.16,0.7,4.0,3.33,14.0,0.3,0.7,0.5,-14.7,-3.4,40.8,12.3,4.0,43.2,14.0,0.3,0.7,0.5,-0.14,0.71,2.31,1.08,3.0,1.83,16.0,0.3,0.6,0.4,-2.3,4.7,9.0,3.4,3.0,8.3,16.0,0.3,0.6,0.4,8.3,19.7,27.7,18.1,4.0,13.7,14.0,0.3,0.7,0.5,-15.4,27.5,83.4,33.7,4.0,58.0,14.0,0.3,0.7,0.5,3.4,10.7,12.4,8.0,3.0,7.0,16.0,0.3,0.6,0.4,6.9,41.1,64.3,35.8,3.0,42.3,16.0,0.3,0.6,0.4,-0.7,0.0,5.8,2.5,3.0,5.2,16.0,0.3,0.6,0.4,-6.6,-5.4,1.5,-2.6,3.0,6.4,16.0,0.3,0.6,0.4,167.5,696.5,1958.0,1046.0,4.0,1216.5,14.0,0.3,0.7,0.5,170.0,695.0,1960.0,1045.0,4.0,1215.0,14.0,0.3,0.7,0.5
1974,2,340.0,56.0,10.0,10.0,10.0,10.0,1.0,0.0,16.0,1.0,0.5,0.5,6.5,6.5,6.5,6.5,1.0,0.0,16.0,1.0,0.5,0.5,3.96,3.96,3.96,3.96,1.0,0.0,16.0,1.0,0.5,0.5,66.4,66.4,66.4,66.4,1.0,0.0,16.0,1.0,0.5,4.1,4.1,4.1,4.1,1.0,0.0,16.0,1.0,0.5,0.5,-2.05,-2.05,-2.05,-2.05,1.0,0.0,16.0,1.0,0.5,0.5,3.55,3.55,3.55,3.55,1.0,0.0,16.0,1.0,0.5,0.5,1016.0,1016.0,1016.0,1016.0,1.0,0.0,16.0,1.0,0.5,0.5,8.0,8.0,8.0,8.0,1.0,0.0,16.0,1.0,0.5,0.5,-8.4,-8.4,-8.4,-8.4,1.0,0.0,16.0,1.0,0.5,0.5,14.6,14.6,14.6,14.6,1.0,0.0,16.0,1.0,0.5,0.5,3.5,3.5,3.5,3.5,1.0,0.0,16.0,1.0,0.5,0.5,14.4,14.4,14.4,14.4,1.0,0.0,16.0,1.0,0.5,0.5,3.62,3.62,3.62,3.62,1.0,0.0,16.0,1.0,0.5,0.5,14.8,14.8,14.8,14.8,1.0,0.0,16.0,1.0,0.5,0.5,-13.3,-13.3,-13.3,-13.3,1.0,0.0,16.0,1.0,0.5,0.5,23.1,23.1,23.1,23.1,1.0,0.0,16.0,1.0,0.5,0.5,-8.1,-8.1,-8.1,-8.1,1.0,0.0,16.0,1.0,0.5,0.5,14.1,14.1,14.1,14.1,1.0,0.0,16.0,1.0,0.5,0.5,-7.4,-7.4,-7.4,-7.4,1.0,0.0,16.0,1.0,0.5,0.5,12.8,12.8,12.8,12.8,1.0,0.0,16.0,1.0,0.5,0.5,69.0,69.0,69.0,69.0,1.0,0.0,16.0,1.0,0.5,0.5,70.0,70.0,70.0,70.0,1.0,0.0,16.0,1.0,0.5,0.5
1974,2,340.0,57.0,8.06,9.0,9.16,8.63,4.0,0.96,10.0,0.3,0.7,0.3,3.43,6.7,9.21,6.37,6.0,3.13,8.0,0.2,0.8,0.3,5.33,6.16,7.0,6.16,2.0,1.73,16.0,0.5,0.7,0.5,87.6,91.5,95.5,91.5,2.0,8.2,16.0,0.5,0.5,10.21,15.45,24.03,16.53,6.0,7.98,8.0,0.2,0.8,0.3,7.94,12.28,17.38,13.45,6.0,7.7,8.0,0.2,0.8,0.3,-7.89,3.93,7.52,-0.17,6.0,10.74,8.0,0.2,0.8,0.3,978.7,994.65,1002.62,992.0,6.0,16.72,8.0,0.2,0.8,0.3,8.0,8.0,8.0,8.0,3.0,0.0,10.0,0.0,0.7,0.1,84.1,215.9,369.3,266.2,6.0,263.4,8.0,0.2,0.8,0.3,-147.0,50.0,137.9,-23.9,6.0,226.8,8.0,0.2,0.8,0.3,-0.7,1.4,4.39,1.83,4.0,3.0,10.0,0.3,0.7,0.3,-6.1,27.7,91.0,41.7,4.0,60.4,10.0,0.3,0.7,0.3,0.26,1.12,1.99,1.12,2.0,1.8,16.0,0.5,0.7,0.5,5.0,19.5,34.0,19.5,2.0,29.9,16.0,0.5,0.7,0.5,38.0,62.3,119.9,87.8,6.0,82.1,8.0,0.2,0.8,0.3,-23.2,33.7,52.1,16.9,6.0,53.0,8.0,0.2,0.8,0.3,65.3,68.3,71.3,68.3,2.0,6.2,16.0,0.5,0.7,0.5,43.8,47.8,51.8,47.8,2.0,8.2,16.0,0.5,0.7,0.5,4.5,17.0,29.4,17.0,2.0,25.8,16.0,0.5,0.7,0.5,2.3,9.6,16.9,9.6,2.0,15.1,16.0,0.5,0.7,0.5,1189.5,3799.5,14187.5,7229.5,6.0,8364.5,8.0,0.2,0.8,0.3,1190.0,3800.0,14190.0,7230.0,6.0,8365.0,8.0,0.2,0.8,0.3
1974,2,340.0,58.0,7.9,8.0,8.5,8.19,94.0,0.35,22.0,0.5,0.8,0.8,4.0,6.1,9.0,6.23,95.0,2.18,22.0,0.5,0.8,0.8,3.63,4.68,6.33,4.93,94.0,1.26,22.0,0.5,0.8,0.8,69.5,82.7,93.4,81.1,94.0,11.7,22.0,0.5,0.8,9.76,14.4,17.54,13.95,95.0,3.83,22.0,0.5,0.8,0.8,2.86,9.04,16.27,9.25,95.0,6.22,22.0,0.5,0.8,0.8,0.0,6.3,14.21,6.08,95.0,6.99,22.0,0.5,0.8,0.8,983.45,1008.2,1015.7,1001.2,95.0,14.76,22.0,0.5,0.8,0.8,3.0,7.0,8.0,5.9,95.0,2.3,22.0,0.5,0.8,0.8,41.2,104.7,281.2,139.5,95.0,122.2,22.0,0.5,0.8,0.8,0.0,81.3,209.7,84.4,95.0,114.5,22.0,0.5,0.8,0.8,-0.9,2.0,4.1,1.95,94.0,2.26,22.0,0.5,0.8,0.8,-14.0,23.7,57.1,27.6,94.0,37.4,22.0,0.5,0.8,0.8,0.38,2.21,3.17,1.88,94.0,1.33,22.0,0.5,0.8,0.8,4.9,22.6,51.5,26.4,94.0,22.6,22.0,0.5,0.8,0.8,23.7,49.0,91.5,52.5,95.0,34.4,22.0,0.5,0.8,0.8,0.0,36.8,104.3,47.2,95.0,52.6,22.0,0.5,0.8,0.8,17.5,47.0,70.6,43.9,94.0,27.3,22.0,0.5,0.8,0.8,0.0,27.9,74.8,34.7,94.0,38.5,22.0,0.5,0.8,0.8,0.0,15.1,44.5,19.4,94.0,23.1,22.0,0.5,0.8,0.8,-4.7,7.4,16.9,5.7,94.0,16.3,22.0,0.5,0.8,0.8,930.0,2986.0,5398.0,3303.5,95.0,2290.0,22.0,0.5,0.8,0.8,930.0,2985.0,5400.0,3305.0,95.0,2290.0,22.0,0.5,0.8,0.8
1974,2,340.0,59.0,8.0,8.2,8.41,8.26,114.0,0.36,18.0,0.4,0.9,0.1,3.81,5.8,8.89,6.21,115.0,2.1,18.0,0.4,0.9,0.1,3.3,5.02,6.47,4.95,112.0,1.33,18.0,0.4,0.9,0.1,64.7,87.6,94.7,82.1,112.0,13.9,18.0,0.4,0.1,5.1,11.8,16.5,11.51,115.0,5.76,18.0,0.4,0.9,0.1,-7.32,0.98,5.81,-0.39,115.0,7.33,18.0,0.4,0.9,0.1,-8.06,0.0,13.69,1.98,115.0,10.44,18.0,0.4,0.9,0.1,995.96,1009.6,1016.29,1006.94,115.0,10.19,18.0,0.4,0.9,0.1,5.0,7.0,8.0,6.6,113.0,1.8,18.0,0.4,0.9,0.1,-86.2,3.7,79.7,-18.1,115.0,127.5,18.0,0.4,0.9,0.1,-133.0,0.0,190.3,29.9,115.0,177.3,18.0,0.4,0.9,0.1,-0.51,2.2,4.6,2.03,114.0,2.16,18.0,0.4,0.9,0.1,-6.6,13.1,42.9,20.2,114.0,32.1,18.0,0.4,0.9,0.1,0.29,1.62,3.48,1.82,111.0,1.38,18.0,0.4,0.9,0.1,2.9,10.5,41.1,18.5,111.0,18.0,18.0,0.4,0.9,0.1,-34.9,4.9,42.1,4.9,115.0,40.4,18.0,0.4,0.9,0.1,-41.6,0.0,125.7,29.5,115.0,72.1,18.0,0.4,0.9,0.1,-27.2,5.4,32.4,1.8,112.0,35.0,18.0,0.4,0.9,0.1,-28.1,0.0,87.7,20.4,112.0,55.9,18.0,0.4,0.9,0.1,-20.5,0.0,6.7,-4.3,111.0,16.3,18.0,0.4,0.9,0.1,-28.5,-1.3,7.5,-7.2,111.0,18.2,18.0,0.4,0.9,0.1,132.5,1643.0,4492.0,2703.0,115.0,3470.5,18.0,0.4,0.9,0.1,135.0,1645.0,4490.0,2705.0,115.0,3470.0,18.0,0.4,0.9,0.1
1974,2,340.0,60.0,7.5,7.5,7.5,7.5,1.0,0.0,10.0,1.0,1.0,0.9,3.0,3.0,3.0,3.0,1.0,0.0,10.0,1.0,1.0,0.9,4.47,4.47,4.47,4.47,1.0,0.0,10.0,1.0,1.0,0.9,93.1,93.1,93.1,93.1,1.0,0.0,10.0,1.0,0.9,19.0,19.0,19.0,19.0,1.0,0.0,10.0,1.0,1.0,0.9,-14.55,-14.55,-14.55,-14.55,1.0,0.0,10.0,1.0,1.0,0.9,-12.21,-12.21,-12.21,-12.21,1.0,0.0,10.0,1.0,1.0,0.9,989.4,989.4,989.4,989.4,1.0,0.0,10.0,1.0,1.0,0.9,8.0,8.0,8.0,8.0,1.0,0.0,10.0,1.0,1.0,0.9,-276.5,-276.5,-276.5,-276.5,1.0,0.0,10.0,1.0,1.0,0.9,-232.0,-232.0,-232.0,-232.0,1.0,0.0,10.0,1.0,1.0,0.9,4.5,4.5,4.5,4.5,1.0,0.0,10.0,1.0,1.0,0.9,85.5,85.5,85.5,85.5,1.0,0.0,10.0,1.0,1.0,0.9,2.1,2.1,2.1,2.1,1.0,0.0,10.0,1.0,1.0,0.9,39.9,39.9,39.9,39.9,1.0,0.0,10.0,1.0,1.0,0.9,-43.7,-43.7,-43.7,-43.7,1.0,0.0,10.0,1.0,1.0,0.9,-36.6,-36.6,-36.6,-36.6,1.0,0.0,10.0,1.0,1.0,0.9,-65.0,-65.0,-65.0,-65.0,1.0,0.0,10.0,1.0,1.0,0.9,-54.6,-54.6,-54.6,-54.6,1.0,0.0,10.0,1.0,1.0,0.9,-30.6,-30.6,-30.6,-30.6,1.0,0.0,10.0,1.0,1.0,0.9,-25.7,-25.7,-25.7,-25.7,1.0,0.0,10.0,1.0,1.0,0.9,6859.0,6859.0,6859.0,6859.0,1.0,0.0,10.0,1.0,1.0,0.9,6860.0,6860.0,6860.0,6860.0,1.0,0.0,10.0,1.0,1.0,0.9
1974,2,340.0,61.0,,,,,,,,,,,,,,,,,,,,,,,,,,,,,,,,,,,,,,,,13.0,13.0,13.0,13.0,1.0,0.0,6.0,1.0,0.1,0.5,-12.22,-12.22,-12.22,-12.22,1.0,0.0,6.0,1.0,0.1,0.5,-4.45,-4.45,-4.45,-4.45,1.0,0.0,6.0,1.0,0.1,0.5,987.7,987.7,987.7,987.7,1.0,0.0,6.0,1.0,0.1,0.5,,,,,,,,,,,,,,,,,,,,,,,,,,,,,,,,,,,,,,,,,,,,,,,,,,,,,,,,,,,,,,,,,,,,,,,,,,,,,,,,,,,,,,,,,,,,,,,,,,,,,,,,,,,,,,,,,,,,,,,,,,,,,,,,,,,,,,,,,,,,,,,,,,,,,,
1974,2,340.0,62.0,,,,,,,,,,,,,,,,,,,,,,,,,,,,,,,,,,,,,,,,4.64,12.35,18.6,11.41,8.0,6.55,14.0,0.5,0.4,0.4,-3.94,0.0,9.08,2.18,8.0,7.94,14.0,0.5,0.4,0.4,-8.75,-1.15,11.21,0.86,8.0,11.06,14.0,0.5,0.4,0.4,979.09,980.55,997.09,987.1,8.0,14.14,14.0,0.5,0.4,0.4,,,,,,,,,,,,,,,,,,,,,,,,,,,,,,,,,,,,,,,,,,,,,,,,,,,,,,,,,,,,,,,,,,,,,,,,,,,,,,,,,,,,,,,,,,,,,,,,,,,,,,,,,,,,,,,,,,,,,,,,,,,,,,,,,,,,,,,,,,,,,,,,,,,,,,
1974,2,340.0,63.0,6.3,6.5,7.18,6.58,11.0,0.59,16.0,0.1,0.5,0.3,1.0,3.0,7.25,3.5,21.0,3.59,16.0,0.3,0.5,0.3,3.36,5.51,5.95,4.7,4.0,2.17,16.0,0.0,0.5,0.1,65.7,88.9,90.6,78.6,4.0,22.3,16.0,0.0,0.1,4.6,9.3,15.4,9.8,22.0,5.28,16.0,0.3,0.5,0.3,-8.43,-1.07,4.66,-1.4,22.0,6.44,16.0,0.3,0.5,0.3,-2.74,0.81,12.01,3.14,22.0,8.65,16.0,0.3,0.5,0.3,984.77,996.1,1006.33,995.76,22.0,9.91,16.0,0.3,0.5,0.3,2.0,7.0,8.0,5.8,19.0,2.8,14.0,0.2,0.6,0.3,-72.6,-6.5,39.5,-15.8,22.0,77.2,16.0,0.3,0.5,0.3,-12.6,3.4,171.9,53.7,22.0,135.3,16.0,0.3,0.5,0.3,-0.34,3.4,6.66,3.07,11.0,3.64,16.0,0.1,0.5,0.3,-8.6,16.4,43.6,15.0,10.0,28.5,16.0,0.1,0.5,0.3,0.22,0.88,2.86,1.51,4.0,2.14,16.0,0.0,0.5,0.1,1.9,11.2,14.2,8.2,4.0,9.9,16.0,0.0,0.5,0.1,-20.0,0.0,11.9,-4.0,20.0,38.2,16.0,0.3,0.5,0.3,-4.7,11.3,77.7,30.6,20.0,57.4,16.0,0.3,0.5,0.3,-35.6,-2.7,37.2,0.6,4.0,55.0,16.0,0.0,0.5,0.1,-12.0,6.3,65.2,25.7,4.0,60.1,16.0,0.0,0.5,0.1,-13.9,-5.5,5.5,-4.2,4.0,12.0,16.0,0.0,0.5,0.1,-5.1,-2.0,1.0,-2.0,4.0,3.6,16.0,0.0,0.5,0.1,97.5,804.5,3652.5,1736.0,22.0,1994.5,16.0,0.3,0.5,0.3,95.0,805.0,3650.0,1735.0,22.0,1995.0,16.0,0.3,0.5,0.3
1974,2,340.0,66.0,1.66,2.0,2.07,1.87,3.0,0.32,8.0,0.3,0.4,0.4,-3.1,0.4,1.97,-0.42,5.0,3.19,8.0,0.4,0.4,0.4,3.77,3.78,3.78,3.78,2.0,0.01,2.0,0.5,0.5,0.5,92.3,93.7,95.1,93.7,2.0,2.9,2.0,0.5,0.5,9.62,12.3,16.35,12.74,5.0,4.29,8.0,0.4,0.4,0.4,-9.14,-2.29,0.0,-4.84,5.0,7.41,8.0,0.4,0.4,0.4,-12.96,-6.3,2.14,-5.02,5.0,10.27,8.0,0.4,0.4,0.4,1001.15,1002.3,1012.21,1005.98,5.0,6.29,8.0,0.4,0.4,0.4,7.0,7.0,7.5,7.3,4.0,0.5,10.0,0.5,0.4,0.4,-149.4,-15.4,0.0,-77.2,5.0,136.8,8.0,0.4,0.4,0.4,-176.9,-56.3,19.9,-70.0,5.0,135.3,8.0,0.4,0.4,0.4,-0.94,0.9,1.38,0.23,3.0,1.8,8.0,0.3,0.4,0.4,-8.7,16.2,22.0,6.8,3.0,23.9,8.0,0.3,0.4,0.4,0.62,0.63,0.64,0.63,2.0,0.02,2.0,0.5,0.5,0.5,10.2,10.6,11.0,10.6,2.0,0.8,2.0,0.5,0.5,0.5,-7.8,0.0,9.5,-0.3,5.0,12.8,8.0,0.4,0.4,0.4,-4.6,23.1,33.6,16.4,5.0,20.1,8.0,0.4,0.4,0.4,-56.5,-33.6,-10.7,-33.6,2.0,47.5,2.0,0.5,0.5,0.5,-50.7,-34.9,-19.2,-34.9,2.0,32.7,2.0,0.5,0.5,0.5,-9.2,-5.5,-1.7,-5.5,2.0,7.8,2.0,0.5,0.5,0.5,-8.7,-6.0,-3.2,-6.0,2.0,5.7,2.0,0.5,0.5,0.5,1026.0,1861.0,4448.5,2618.0,5.0,2163.5,8.0,0.4,0.4,0.4,1025.0,1860.0,4450.0,2620.0,5.0,2165.0,8.0,0.4,0.4,0.4
1974,2,341.0,-65.0,,,,,,,,,,,,,,,,,,,,,,,,,,,,,,,,,,,,,,,,9.0,9.0,9.0,9.0,1.0,0.0,4.0,1.0,0.8,0.8,0.0,0.0,0.0,0.0,1.0,0.0,4.0,1.0,0.8,0.8,9.0,9.0,9.0,9.0,1.0,0.0,4.0,1.0,0.8,0.8,979.4,979.4,979.4,979.4,1.0,0.0,4.0,1.0,0.8,0.8,,,,,,,,,,,,,,,,,,,,,,,,,,,,,,,,,,,,,,,,,,,,,,,,,,,,,,,,,,,,,,,,,,,,,,,,,,,,,,,,,,,,,,,,,,,,,,,,,,,,,,,,,,,,,,,,,,,,,,,,,,,,,,,,,,,,,,,,,,,,,,,,,,,,,,
1974,2,341.0,-36.0,22.4,22.4,22.4,22.4,1.0,0.0,4.0,1.0,0.7,0.5,21.2,21.2,21.2,21.2,1.0,0.0,4.0,1.0,0.7,0.5,10.09,10.09,10.09,10.09,1.0,0.0,4.0,1.0,0.7,0.5,65.1,65.1,65.1,65.1,1.0,0.0,4.0,1.0,0.5,0.0,0.0,0.0,0.0,1.0,0.0,4.0,1.0,0.7,0.5,0.0,0.0,0.0,0.0,1.0,0.0,4.0,1.0,0.7,0.5,0.0,0.0,0.0,0.0,1.0,0.0,4.0,1.0,0.7,0.5,1021.0,1021.0,1021.0,1021.0,1.0,0.0,4.0,1.0,0.7,0.5,4.0,4.0,4.0,4.0,1.0,0.0,4.0,1.0,0.7,0.5,0.0,0.0,0.0,0.0,1.0,0.0,4.0,1.0,0.7,0.5,0.0,0.0,0.0,0.0,1.0,0.0,4.0,1.0,0.7,0.5,1.2,1.2,1.2,1.2,1.0,0.0,4.0,1.0,0.7,0.5,0.0,0.0,0.0,0.0,1.0,0.0,4.0,1.0,0.7,0.5,6.65,6.65,6.65,6.65,1.0,0.0,4.0,1.0,0.7,0.5,0.0,0.0,0.0,0.0,1.0,0.0,4.0,1.0,0.7,0.5,0.0,0.0,0.0,0.0,1.0,0.0,4.0,1.0,0.7,0.5,0.0,0.0,0.0,0.0,1.0,0.0,4.0,1.0,0.7,0.5,0.0,0.0,0.0,0.0,1.0,0.0,4.0,1.0,0.7,0.5,0.0,0.0,0.0,0.0,1.0,0.0,4.0,1.0,0.7,0.5,0.0,0.0,0.0,0.0,1.0,0.0,4.0,1.0,0.7,0.5,0.0,0.0,0.0,0.0,1.0,0.0,4.0,1.0,0.7,0.5,0.0,0.0,0.0,0.0,1.0,0.0,4.0,1.0,0.7,0.5,0.0,0.0,0.0,0.0,1.0,0.0,4.0,1.0,0.7,0.5
1974,2,341.0,-35.0,22.01,22.45,22.89,22.45,2.0,0.92,12.0,0.5,0.4,0.5,20.97,22.2,23.43,22.2,2.0,2.55,12.0,0.5,0.4,0.5,10.71,12.75,14.8,12.75,2.0,4.23,12.0,0.5,0.4,0.5,69.1,75.3,81.5,75.3,2.0,12.8,12.0,0.5,0.5,5.5,8.5,11.5,8.5,2.0,6.22,12.0,0.5,0.4,0.5,-0.16,2.52,5.2,2.52,2.0,5.55,12.0,0.5,0.4,0.5,-8.79,-3.66,1.47,-3.66,2.0,10.62,12.0,0.5,0.4,0.5,1010.44,1015.05,1019.66,1015.05,2.0,9.55,12.0,0.5,0.4,0.5,2.2,2.5,2.8,2.5,2.0,0.7,12.0,0.5,0.4,0.5,8.4,38.7,69.1,38.7,2.0,62.9,12.0,0.5,0.4,0.5,-118.7,-64.2,-9.6,-64.2,2.0,113.1,12.0,0.5,0.4,0.5,-0.53,0.25,1.03,0.25,2.0,1.63,12.0,0.5,0.4,0.5,-8.9,-2.9,3.0,-2.9,2.0,12.3,12.0,0.5,0.4,0.5,2.65,4.16,5.66,4.16,2.0,3.12,12.0,0.5,0.4,0.5,25.4,25.7,25.9,25.7,2.0,0.6,12.0,0.5,0.4,0.5,0.5,63.1,125.7,63.1,2.0,129.7,12.0,0.5,0.4,0.5,-213.1,-94.8,23.6,-94.8,2.0,245.2,12.0,0.5,0.4,0.5,4.6,43.9,83.3,43.9,2.0,81.5,12.0,0.5,0.4,0.5,-142.0,-69.1,3.7,-69.1,2.0,151.0,12.0,0.5,0.4,0.5,-5.5,1.8,9.2,1.8,2.0,15.2,12.0,0.5,0.4,0.5,-14.5,1.3,17.2,1.3,2.0,32.8,12.0,0.5,0.4,0.5,398.5,1108.0,1817.0,1108.0,2.0,1469.0,12.0,0.5,0.4,0.5,400.0,1110.0,1815.0,1110.0,2.0,1470.0,12.0,0.5,0.4,0.5
1974,2,341.0,-34.0,21.5,22.35,23.2,22.35,2.0,1.77,6.0,0.5,0.3,0.4,20.57,21.8,23.03,21.8,2.0,2.55,6.0,0.5,0.3,0.4,12.81,13.12,13.42,13.12,2.0,0.64,6.0,0.5,0.3,0.4,77.4,81.6,85.8,81.6,2.0,8.7,6.0,0.5,0.4,2.91,4.65,6.39,4.65,2.0,3.61,6.0,0.5,0.3,0.4,0.77,3.2,5.63,3.2,2.0,5.04,6.0,0.5,0.3,0.4,-1.74,-0.2,1.35,-0.2,2.0,3.2,6.0,0.5,0.3,0.4,1019.23,1019.5,1019.77,1019.5,2.0,0.57,6.0,0.5,0.3,0.4,3.0,5.0,7.0,5.0,2.0,4.2,6.0,0.5,0.3,0.4,7.1,24.0,40.9,24.0,2.0,35.0,6.0,0.5,0.3,0.4,-14.2,-6.7,0.8,-6.7,2.0,15.6,6.0,0.5,0.3,0.4,0.17,0.55,0.93,0.55,2.0,0.78,6.0,0.5,0.3,0.4,0.4,1.2,1.9,1.2,2.0,1.6,6.0,0.5,0.3,0.4,3.08,3.65,4.21,3.65,2.0,1.17,6.0,0.5,0.3,0.4,10.1,19.1,28.0,19.1,2.0,18.6,6.0,0.5,0.3,0.4,19.2,76.2,133.2,76.2,2.0,118.1,6.0,0.5,0.3,0.4,-42.3,-8.4,25.6,-8.4,2.0,70.3,6.0,0.5,0.3,0.4,10.7,43.6,76.5,43.6,2.0,68.2,6.0,0.5,0.3,0.4,-23.9,-3.6,16.7,-3.6,2.0,42.1,6.0,0.5,0.3,0.4,3.9,14.6,25.3,14.6,2.0,22.1,6.0,0.5,0.3,0.4,-8.3,-2.6,3.2,-2.6,2.0,11.9,6.0,0.5,0.3,0.4,67.0,191.5,315.5,191.5,2.0,257.5,6.0,0.5,0.3,0.4,65.0,190.0,315.0,190.0,2.0,255.0,6.0,0.5,0.3,0.4
1974,2,341.0,-31.0,24.0,24.0,24.0,24.0,1.0,0.0,18.0,0.0,0.5,0.2,25.5,25.5,25.5,25.5,1.0,0.0,18.0,0.0,0.5,0.2,15.77,15.77,15.77,15.77,1.0,0.0,18.0,0.0,0.5,0.2,77.6,77.6,77.6,77.6,1.0,0.0,18.0,0.0,0.2,11.3,11.3,11.3,11.3,1.0,0.0,18.0,0.0,0.5,0.2,3.86,3.86,3.86,3.86,1.0,0.0,18.0,0.0,0.5,0.2,-10.62,-10.62,-10.62,-10.62,1.0,0.0,18.0,0.0,0.5,0.2,1012.7,1012.7,1012.7,1012.7,1.0,0.0,18.0,0.0,0.5,0.2,5.0,5.0,5.0,5.0,1.0,0.0,18.0,0.0,0.5,0.2,43.7,43.7,43.7,43.7,1.0,0.0,18.0,0.0,0.5,0.2,-120.0,-120.0,-120.0,-120.0,1.0,0.0,18.0,0.0,0.5,0.2,-1.5,-1.5,-1.5,-1.5,1.0,0.0,18.0,0.0,0.5,0.2,-16.9,-16.9,-16.9,-16.9,1.0,0.0,18.0,0.0,0.5,0.2,2.84,2.84,2.84,2.84,1.0,0.0,18.0,0.0,0.5,0.2,32.1,32.1,32.1,32.1,1.0,0.0,18.0,0.0,0.5,0.2,98.6,98.6,98.6,98.6,1.0,0.0,18.0,0.0,0.5,0.2,-270.8,-270.8,-270.8,-270.8,1.0,0.0,18.0,0.0,0.5,0.2,61.0,61.0,61.0,61.0,1.0,0.0,18.0,0.0,0.5,0.2,-167.5,-167.5,-167.5,-167.5,1.0,0.0,18.0,0.0,0.5,0.2,11.0,11.0,11.0,11.0,1.0,0.0,18.0,0.0,0.5,0.2,-30.2,-30.2,-30.2,-30.2,1.0,0.0,18.0,0.0,0.5,0.2,1443.0,1443.0,1443.0,1443.0,1.0,0.0,18.0,0.0,0.5,0.2,1445.0,1445.0,1445.0,1445.0,1.0,0.0,18.0,0.0,0.5,0.2
1974,2,341.0,-29.0,24.5,24.7,24.9,24.7,2.0,0.42,18.0,0.5,0.8,0.4,22.66,22.8,22.94,22.8,2.0,0.28,18.0,0.5,0.8,0.4,11.65,13.78,15.91,13.78,2.0,4.42,18.0,0.5,0.8,0.4,67.5,80.4,93.4,80.4,2.0,26.8,18.0,0.5,0.4,3.1,3.1,3.1,3.1,2.0,0.0,18.0,0.5,0.8,0.4,-3.09,-3.08,-3.06,-3.08,2.0,0.03,18.0,0.5,0.8,0.4,0.09,0.27,0.45,0.27,2.0,0.38,18.0,0.5,0.8,0.4,1017.79,1018.2,1018.61,1018.2,2.0,0.85,18.0,0.5,0.8,0.4,2.1,4.5,6.9,4.5,2.0,4.9,18.0,0.5,0.8,0.4,-9.6,-9.5,-9.5,-9.5,2.0,0.1,18.0,0.5,0.8,0.4,0.3,0.8,1.4,0.8,2.0,1.2,18.0,0.5,0.8,0.4,1.56,1.9,2.24,1.9,2.0,0.71,18.0,0.5,0.8,0.4,4.8,5.9,6.9,5.9,2.0,2.2,18.0,0.5,0.8,0.4,3.66,5.54,7.43,5.54,2.0,3.91,18.0,0.5,0.8,0.4,11.3,17.2,23.0,17.2,2.0,12.1,18.0,0.5,0.8,0.4,-70.9,-70.1,-69.4,-70.1,2.0,1.6,18.0,0.5,0.8,0.4,1.9,6.1,10.2,6.1,2.0,8.6,18.0,0.5,0.8,0.4,-48.7,-42.3,-36.0,-42.3,2.0,13.1,18.0,0.5,0.8,0.4,1.4,4.5,7.7,4.5,2.0,6.4,18.0,0.5,0.8,0.4,-23.0,-17.1,-11.2,-17.1,2.0,12.2,18.0,0.5,0.8,0.4,0.2,0.7,1.3,0.7,2.0,1.1,18.0,0.5,0.8,0.4,30.0,30.0,30.0,30.0,2.0,0.0,18.0,0.5,0.8,0.4,30.0,30.0,30.0,30.0,2.0,0.0,18.0,0.5,0.8,0.4
1974,2,341.0,-27.0,25.4,25.4,25.4,25.4,1.0,0.0,18.0,1.0,1.0,0.2,25.3,25.3,25.3,25.3,1.0,0.0,18.0,1.0,1.0,0.2,14.7,14.7,14.7,14.7,1.0,0.0,18.0,1.0,1.0,0.2,73.4,73.4,73.4,73.4,1.0,0.0,18.0,1.0,0.2,4.6,4.6,4.6,4.6,1.0,0.0,18.0,1.0,1.0,0.2,2.96,2.96,2.96,2.96,1.0,0.0,18.0,1.0,1.0,0.2,-3.52,-3.52,-3.52,-3.52,1.0,0.0,18.0,1.0,1.0,0.2,1014.8,1014.8,1014.8,1014.8,1.0,0.0,18.0,1.0,1.0,0.2,2.0,2.0,2.0,2.0,1.0,0.0,18.0,1.0,1.0,0.2,13.6,13.6,13.6,13.6,1.0,0.0,18.0,1.0,1.0,0.2,-16.2,-16.2,-16.2,-16.2,1.0,0.0,18.0,1.0,1.0,0.2,0.1,0.1,0.1,0.1,1.0,0.0,18.0,1.0,1.0,0.2,0.5,0.5,0.5,0.5,1.0,0.0,18.0,1.0,1.0,0.2,5.52,5.52,5.52,5.52,1.0,0.0,18.0,1.0,1.0,0.2,25.4,25.4,25.4,25.4,1.0,0.0,18.0,1.0,1.0,0.2,74.8,74.8,74.8,74.8,1.0,0.0,18.0,1.0,1.0,0.2,-89.2,-89.2,-89.2,-89.2,1.0,0.0,18.0,1.0,1.0,0.2,43.5,43.5,43.5,43.5,1.0,0.0,18.0,1.0,1.0,0.2,-51.8,-51.8,-51.8,-51.8,1.0,0.0,18.0,1.0,1.0,0.2,16.3,16.3,16.3,16.3,1.0,0.0,18.0,1.0,1.0,0.2,-19.5,-19.5,-19.5,-19.5,1.0,0.0,18.0,1.0,1.0,0.2,97.5,97.5,97.5,97.5,1.0,0.0,18.0,1.0,1.0,0.2,95.0,95.0,95.0,95.0,1.0,0.0,18.0,1.0,1.0,0.2
1974,2,341.0,-23.0,25.4,25.4,25.4,25.4,1.0,0.0,18.0,1.0,0.8,0.3,24.7,24.7,24.7,24.7,1.0,0.0,18.0,1.0,0.8,0.3,16.08,16.08,16.08,16.08,1.0,0.0,18.0,1.0,0.8,0.3,83.4,83.4,83.4,83.4,1.0,0.0,18.0,1.0,0.3,3.6,3.6,3.6,3.6,1.0,0.0,18.0,1.0,0.8,0.3,-3.55,-3.55,-3.55,-3.55,1.0,0.0,18.0,1.0,0.8,0.3,-0.63,-0.63,-0.63,-0.63,1.0,0.0,18.0,1.0,0.8,0.3,1018.4,1018.4,1018.4,1018.4,1.0,0.0,18.0,1.0,0.8,0.3,8.0,8.0,8.0,8.0,1.0,0.0,18.0,1.0,0.8,0.3,-12.8,-12.8,-12.8,-12.8,1.0,0.0,18.0,1.0,0.8,0.3,-2.3,-2.3,-2.3,-2.3,1.0,0.0,18.0,1.0,0.8,0.3,0.7,0.7,0.7,0.7,1.0,0.0,18.0,1.0,0.8,0.3,2.5,2.5,2.5,2.5,1.0,0.0,18.0,1.0,0.8,0.3,4.07,4.07,4.07,4.07,1.0,0.0,18.0,1.0,0.8,0.3,14.7,14.7,14.7,14.7,1.0,0.0,18.0,1.0,0.8,0.3,-87.6,-87.6,-87.6,-87.6,1.0,0.0,18.0,1.0,0.8,0.3,-15.4,-15.4,-15.4,-15.4,1.0,0.0,18.0,1.0,0.8,0.3,-57.0,-57.0,-57.0,-57.0,1.0,0.0,18.0,1.0,0.8,0.3,-10.1,-10.1,-10.1,-10.1,1.0,0.0,18.0,1.0,0.8,0.3,-14.4,-14.4,-14.4,-14.4,1.0,0.0,18.0,1.0,0.8,0.3,-2.5,-2.5,-2.5,-2.5,1.0,0.0,18.0,1.0,0.8,0.3,46.5,46.5,46.5,46.5,1.0,0.0,18.0,1.0,0.8,0.3,45.0,45.0,45.0,45.0,1.0,0.0,18.0,1.0,0.8,0.3
1974,2,341.0,-22.0,,,,,,,,,,,,,,,,,,,,,,,,,,,,,,,,,,,,,,,,11.0,11.0,11.0,11.0,1.0,0.0,10.0,0.0,0.5,0.4,-10.83,-10.83,-10.83,-10.83,1.0,0.0,10.0,0.0,0.5,0.4,1.91,1.91,1.91,1.91,1.0,0.0,10.0,0.0,0.5,0.4,1016.7,1016.7,1016.7,1016.7,1.0,0.0,10.0,0.0,0.5,0.4,,,,,,,,,,,,,,,,,,,,,,,,,,,,,,,,,,,,,,,,,,,,,,,,,,,,,,,,,,,,,,,,,,,,,,,,,,,,,,,,,,,,,,,,,,,,,,,,,,,,,,,,,,,,,,,,,,,,,,,,,,,,,,,,,,,,,,,,,,,,,,,,,,,,,,
1974,2,341.0,-20.0,25.6,25.6,25.6,25.6,1.0,0.0,12.0,1.0,0.5,0.4,25.0,25.0,25.0,25.0,1.0,0.0,12.0,1.0,0.5,0.4,17.92,17.92,17.92,17.92,1.0,0.0,12.0,1.0,0.5,0.4,90.8,90.8,90.8,90.8,1.0,0.0,12.0,1.0,0.4,7.2,7.2,7.2,7.2,1.0,0.0,12.0,1.0,0.5,0.4,-6.77,-6.77,-6.77,-6.77,1.0,0.0,12.0,1.0,0.5,0.4,2.46,2.46,2.46,2.46,1.0,0.0,12.0,1.0,0.5,0.4,1014.6,1014.6,1014.6,1014.6,1.0,0.0,12.0,1.0,0.5,0.4,3.0,3.0,3.0,3.0,1.0,0.0,12.0,1.0,0.5,0.4,-48.7,-48.7,-48.7,-48.7,1.0,0.0,12.0,1.0,0.5,0.4,17.7,17.7,17.7,17.7,1.0,0.0,12.0,1.0,0.5,0.4,0.6,0.6,0.6,0.6,1.0,0.0,12.0,1.0,0.5,0.4,4.3,4.3,4.3,4.3,1.0,0.0,12.0,1.0,0.5,0.4,2.56,2.56,2.56,2.56,1.0,0.0,12.0,1.0,0.5,0.4,18.4,18.4,18.4,18.4,1.0,0.0,12.0,1.0,0.5,0.4,-169.1,-169.1,-169.1,-169.1,1.0,0.0,12.0,1.0,0.5,0.4,61.6,61.6,61.6,61.6,1.0,0.0,12.0,1.0,0.5,0.4,-121.2,-121.2,-121.2,-121.2,1.0,0.0,12.0,1.0,0.5,0.4,44.1,44.1,44.1,44.1,1.0,0.0,12.0,1.0,0.5,0.4,-17.3,-17.3,-17.3,-17.3,1.0,0.0,12.0,1.0,0.5,0.4,6.3,6.3,6.3,6.3,1.0,0.0,12.0,1.0,0.5,0.4,373.0,373.0,373.0,373.0,1.0,0.0,12.0,1.0,0.5,0.4,375.0,375.0,375.0,375.0,1.0,0.0,12.0,1.0,0.5,0.4
1974,2,341.0,-16.0,24.66,25.0,25.37,25.02,5.0,0.38,16.0,0.4,0.6,0.6,24.13,24.3,25.37,24.7,5.0,0.82,16.0,0.4,0.6,0.6,14.41,14.41,14.41,14.41,1.0,0.0,26.0,1.0,1.0,0.9,69.6,70.6,75.9,72.7,3.0,5.0,16.0,0.7,0.5,2.85,3.1,6.54,4.48,5.0,2.32,16.0,0.4,0.6,0.6,-5.93,-2.91,-2.26,-3.91,5.0,2.14,16.0,0.4,0.6,0.6,-0.15,1.06,2.92,1.26,5.0,2.18,16.0,0.4,0.6,0.6,1013.41,1014.5,1015.39,1014.4,3.0,1.45,18.0,0.3,0.6,0.8,2.0,5.0,6.4,4.4,5.0,2.3,16.0,0.4,0.6,0.6,-39.6,-9.0,-6.1,-21.4,5.0,21.6,16.0,0.4,0.6,0.6,-2.6,3.3,16.1,6.7,5.0,15.7,16.0,0.4,0.6,0.6,-0.45,0.3,1.11,0.32,5.0,0.84,16.0,0.4,0.6,0.6,-2.0,0.8,5.4,1.6,5.0,4.6,16.0,0.4,0.6,0.6,5.67,5.67,5.67,5.67,1.0,0.0,26.0,1.0,1.0,0.9,32.3,32.3,32.3,32.3,1.0,0.0,26.0,1.0,1.0,0.9,-149.1,-72.8,-54.7,-96.9,5.0,52.7,16.0,0.4,0.6,0.6,-4.8,26.5,70.4,29.8,5.0,53.9,16.0,0.4,0.6,0.6,-77.2,-77.2,-77.2,-77.2,1.0,0.0,26.0,1.0,1.0,0.9,-28.1,-28.1,-28.1,-28.1,1.0,0.0,26.0,1.0,1.0,0.9,-30.4,-30.4,-30.4,-30.4,1.0,0.0,26.0,1.0,1.0,0.9,-11.1,-11.1,-11.1,-11.1,1.0,0.0,26.0,1.0,1.0,0.9,23.5,30.0,304.5,154.5,5.0,211.5,16.0,0.4,0.6,0.6,25.0,30.0,305.0,155.0,5.0,210.0,16.0,0.4,0.6,0.6
1974,2,341.0,-15.0,24.34,25.5,26.66,25.5,2.0,2.4,16.0,0.5,0.4,0.4,25.03,26.4,27.77,26.4,2.0,2.83,16.0,0.5,0.4,0.4,14.61,15.09,15.57,15.09,2.0,1.0,16.0,0.5,0.4,0.4,67.0,70.5,73.9,70.5,2.0,7.1,16.0,0.5,0.4,6.44,6.95,7.46,6.95,2.0,1.06,16.0,0.5,0.4,0.4,-7.01,-5.78,-4.56,-5.78,2.0,2.54,16.0,0.5,0.4,0.4,1.88,3.04,4.21,3.04,2.0,2.41,16.0,0.5,0.4,0.4,1011.25,1011.35,1011.45,1011.35,2.0,0.21,16.0,0.5,0.4,0.4,3.0,5.0,7.0,5.0,2.0,4.2,16.0,0.5,0.4,0.4,-53.0,-41.5,-30.1,-41.5,2.0,23.8,16.0,0.5,0.4,0.4,13.3,19.9,26.4,19.9,2.0,13.5,16.0,0.5,0.4,0.4,-1.1,-0.9,-0.7,-0.9,2.0,0.42,16.0,0.5,0.4,0.4,-8.4,-6.5,-4.6,-6.5,2.0,3.9,16.0,0.5,0.4,0.4,4.47,5.42,6.37,5.42,2.0,1.96,16.0,0.5,0.4,0.4,29.3,38.7,48.1,38.7,2.0,19.4,16.0,0.5,0.4,0.4,-196.6,-156.3,-116.0,-156.3,2.0,83.5,16.0,0.5,0.4,0.4,50.3,76.9,103.5,76.9,2.0,55.1,16.0,0.5,0.4,0.4,-109.9,-88.6,-67.2,-88.6,2.0,44.2,16.0,0.5,0.4,0.4,28.6,44.7,60.8,44.7,2.0,33.4,16.0,0.5,0.4,0.4,-46.0,-33.8,-21.7,-33.8,2.0,25.1,16.0,0.5,0.4,0.4,10.7,14.1,17.6,14.1,2.0,7.1,16.0,0.5,0.4,0.4,273.0,347.5,422.0,347.5,2.0,154.5,16.0,0.5,0.4,0.4,275.0,345.0,420.0,345.0,2.0,155.0,16.0,0.5,0.4,0.4
1974,2,341.0,-14.0,26.0,26.0,26.0,26.0,1.0,0.0,16.0,0.0,0.6,0.3,24.7,24.7,24.7,24.7,1.0,0.0,16.0,0.0,0.6,0.3,13.82,13.82,13.82,13.82,1.0,0.0,16.0,0.0,0.6,0.3,71.5,71.5,71.5,71.5,1.0,0.0,16.0,0.0,0.3,7.7,7.7,7.7,7.7,1.0,0.0,16.0,0.0,0.6,0.3,-7.24,-7.24,-7.24,-7.24,1.0,0.0,16.0,0.0,0.6,0.3,2.63,2.63,2.63,2.63,1.0,0.0,16.0,0.0,0.6,0.3,1014.2,1014.2,1014.2,1014.2,1.0,0.0,16.0,0.0,0.6,0.3,1.0,1.0,1.0,1.0,1.0,0.0,16.0,0.0,0.6,0.3,-55.7,-55.7,-55.7,-55.7,1.0,0.0,16.0,0.0,0.6,0.3,20.3,20.3,20.3,20.3,1.0,0.0,16.0,0.0,0.6,0.3,1.3,1.3,1.3,1.3,1.0,0.0,16.0,0.0,0.6,0.3,10.0,10.0,10.0,10.0,1.0,0.0,16.0,0.0,0.6,0.3,7.16,7.16,7.16,7.16,1.0,0.0,16.0,0.0,0.6,0.3,55.2,55.2,55.2,55.2,1.0,0.0,16.0,0.0,0.6,0.3,-178.7,-178.7,-178.7,-178.7,1.0,0.0,16.0,0.0,0.6,0.3,65.0,65.0,65.0,65.0,1.0,0.0,16.0,0.0,0.6,0.3,-100.0,-100.0,-100.0,-100.0,1.0,0.0,16.0,0.0,0.6,0.3,36.4,36.4,36.4,36.4,1.0,0.0,16.0,0.0,0.6,0.3,-51.8,-51.8,-51.8,-51.8,1.0,0.0,16.0,0.0,0.6,0.3,18.9,18.9,18.9,18.9,1.0,0.0,16.0,0.0,0.6,0.3,456.5,456.5,456.5,456.5,1.0,0.0,16.0,0.0,0.6,0.3,455.0,455.0,455.0,455.0,1.0,0.0,16.0,0.0,0.6,0.3
1974,2,341.0,-13.0,26.03,26.6,26.7,26.38,4.0,0.53,16.0,0.8,0.6,0.5,26.47,27.2,28.09,27.28,4.0,1.27,16.0,0.8,0.6,0.5,14.62,15.87,17.73,16.16,4.0,2.19,16.0,0.8,0.6,0.5,62.0,67.4,82.6,72.1,4.0,14.1,16.0,0.8,0.5,3.31,5.65,7.99,5.65,4.0,2.79,16.0,0.8,0.6,0.5,-7.71,-5.17,-2.54,-5.13,4.0,3.02,16.0,0.8,0.6,0.5,0.8,2.15,2.81,1.82,4.0,1.33,16.0,0.8,0.6,0.5,1012.55,1012.9,1013.62,1013.08,4.0,0.69,16.0,0.8,0.6,0.5,2.5,3.0,5.1,3.8,4.0,2.2,16.0,0.8,0.6,0.5,-61.9,-32.4,-8.8,-35.3,4.0,31.4,16.0,0.8,0.6,0.5,2.1,7.6,18.7,10.3,4.0,11.3,16.0,0.8,0.6,0.5,-1.91,-1.05,0.13,-0.9,4.0,1.28,16.0,0.8,0.6,0.5,-11.4,-5.5,-1.1,-6.2,4.0,7.3,16.0,0.8,0.6,0.5,4.03,6.03,6.56,5.33,4.0,1.89,16.0,0.8,0.6,0.5,16.5,36.8,47.7,32.3,4.0,19.6,16.0,0.8,0.6,0.5,-215.6,-146.8,-67.6,-141.8,4.0,86.1,16.0,0.8,0.6,0.5,20.5,57.4,76.5,48.9,4.0,36.4,16.0,0.8,0.6,0.5,-122.7,-77.5,-40.6,-81.4,4.0,47.9,16.0,0.8,0.6,0.5,15.2,34.2,42.7,29.2,4.0,20.6,16.0,0.8,0.6,0.5,-46.2,-33.5,-12.7,-29.6,4.0,20.2,16.0,0.8,0.6,0.5,2.0,10.5,17.2,9.7,4.0,8.9,16.0,0.8,0.6,0.5,42.0,221.0,522.5,279.5,4.0,297.5,16.0,0.8,0.6,0.5,40.0,220.0,525.0,280.0,4.0,295.0,16.0,0.8,0.6,0.5
1974,2,341.0,-12.0,27.2,27.2,27.2,27.2,1.0,0.0,18.0,1.0,0.7,0.4,26.0,26.0,26.0,26.0,1.0,0.0,18.0,1.0,0.7,0.4,18.67,18.67,18.67,18.67,1.0,0.0,18.0,1.0,0.7,0.4,88.7,88.7,88.7,88.7,1.0,0.0,18.0,1.0,0.4,5.1,5.1,5.1,5.1,1.0,0.0,18.0,1.0,0.7,0.4,0.0,0.0,0.0,0.0,1.0,0.0,18.0,1.0,0.7,0.4,5.1,5.1,5.1,5.1,1.0,0.0,18.0,1.0,0.7,0.4,1010.0,1010.0,1010.0,1010.0,1.0,0.0,18.0,1.0,0.7,0.4,5.0,5.0,5.0,5.0,1.0,0.0,18.0,1.0,0.7,0.4,0.0,0.0,0.0,0.0,1.0,0.0,18.0,1.0,0.7,0.4,26.0,26.0,26.0,26.0,1.0,0.0,18.0,1.0,0.7,0.4,1.2,1.2,1.2,1.2,1.0,0.0,18.0,1.0,0.7,0.4,6.1,6.1,6.1,6.1,1.0,0.0,18.0,1.0,0.7,0.4,3.96,3.96,3.96,3.96,1.0,0.0,18.0,1.0,0.7,0.4,20.2,20.2,20.2,20.2,1.0,0.0,18.0,1.0,0.7,0.4,0.0,0.0,0.0,0.0,1.0,0.0,18.0,1.0,0.7,0.4,132.6,132.6,132.6,132.6,1.0,0.0,18.0,1.0,0.7,0.4,0.0,0.0,0.0,0.0,1.0,0.0,18.0,1.0,0.7,0.4,95.2,95.2,95.2,95.2,1.0,0.0,18.0,1.0,0.7,0.4,0.0,0.0,0.0,0.0,1.0,0.0,18.0,1.0,0.7,0.4,20.2,20.2,20.2,20.2,1.0,0.0,18.0,1.0,0.7,0.4,132.5,132.5,132.5,132.5,1.0,0.0,18.0,1.0,0.7,0.4,135.0,135.0,135.0,135.0,1.0,0.0,18.0,1.0,0.7,0.4
1974,2,341.0,-11.0,25.58,25.75,25.92,25.75,2.0,0.35,4.0,0.0,0.4,0.4,25.7,25.7,25.7,25.7,2.0,0.0,4.0,0.0,0.4,0.4,17.22,17.4,17.58,17.4,2.0,0.38,4.0,0.0,0.4,0.4,83.4,84.3,85.2,84.3,2.0,1.8,4.0,0.0,0.4,5.35,5.9,6.45,5.9,2.0,1.13,4.0,0.0,0.4,0.4,-6.06,-5.54,-5.03,-5.54,2.0,1.06,4.0,0.0,0.4,0.4,1.83,2.02,2.2,2.02,2.0,0.39,4.0,0.0,0.4,0.4,1010.06,1010.2,1010.34,1010.2,2.0,0.28,4.0,0.0,0.4,0.4,2.0,4.0,6.0,4.0,2.0,4.2,4.0,0.0,0.4,0.4,-39.4,-33.3,-27.3,-33.3,2.0,12.5,4.0,0.0,0.4,0.4,9.9,12.1,14.3,12.1,2.0,4.6,4.0,0.0,0.4,0.4,-0.12,0.05,0.22,0.05,2.0,0.35,4.0,0.0,0.4,0.4,-0.5,0.5,1.5,0.5,2.0,2.1,4.0,0.0,0.4,0.4,3.32,3.35,3.38,3.35,2.0,0.06,4.0,0.0,0.4,0.4,17.8,19.8,21.8,19.8,2.0,4.2,4.0,0.0,0.4,0.4,-155.7,-142.5,-129.3,-142.5,2.0,27.3,4.0,0.0,0.4,0.4,47.1,51.9,56.7,51.9,2.0,9.9,4.0,0.0,0.4,0.4,-106.6,-96.7,-86.7,-96.7,2.0,20.6,4.0,0.0,0.4,0.4,31.6,35.2,38.8,35.2,2.0,7.5,4.0,0.0,0.4,0.4,-20.5,-18.6,-16.7,-18.6,2.0,3.9,4.0,0.0,0.4,0.4,6.1,6.8,7.5,6.8,2.0,1.4,4.0,0.0,0.4,0.4,159.5,216.5,274.0,216.5,2.0,119.0,4.0,0.0,0.4,0.4,160.0,215.0,275.0,215.0,2.0,120.0,4.0,0.0,0.4,0.4
1974,2,341.0,-9.0,26.58,27.0,27.0,26.8,4.0,0.4,16.0,0.3,0.5,0.7,25.32,26.0,28.05,26.67,3.0,2.08,16.0,0.3,0.7,0.7,17.12,17.18,20.06,18.56,3.0,2.46,16.0,0.3,0.7,0.7,82.8,85.4,86.5,84.7,3.0,2.8,16.0,0.3,0.7,3.31,5.4,6.7,5.03,4.0,2.03,16.0,0.3,0.5,0.7,-4.31,-4.08,-2.88,-3.61,4.0,1.1,16.0,0.3,0.5,0.7,-0.21,3.27,5.13,2.5,4.0,3.29,16.0,0.3,0.5,0.7,1012.5,1012.5,1013.02,1012.75,4.0,0.5,16.0,0.3,0.5,0.7,1.0,2.0,3.0,2.0,4.0,1.2,16.0,0.3,0.5,0.7,-28.9,-22.3,-10.2,-19.7,4.0,11.5,16.0,0.3,0.5,0.7,0.5,20.1,34.4,17.5,4.0,19.9,16.0,0.3,0.5,0.7,-1.05,1.0,1.14,0.07,3.0,1.79,16.0,0.3,0.7,0.7,-4.6,3.1,5.6,0.5,3.0,7.8,16.0,0.3,0.7,0.7,1.91,4.06,4.85,3.4,3.0,2.23,16.0,0.3,0.7,0.7,5.9,10.6,27.2,16.4,3.0,16.4,16.0,0.3,0.7,0.7,-111.9,-111.7,-69.5,-91.2,3.0,35.8,16.0,0.3,0.7,0.7,-15.6,40.7,104.0,44.1,3.0,87.7,16.0,0.3,0.7,0.7,-79.6,-73.6,-46.7,-63.4,3.0,25.7,16.0,0.3,0.7,0.7,-10.1,30.0,69.4,29.7,3.0,58.2,16.0,0.3,0.7,0.7,-17.9,-8.1,-5.0,-11.4,3.0,9.9,16.0,0.3,0.7,0.7,-4.2,1.3,18.7,7.1,3.0,17.5,16.0,0.3,0.7,0.7,42.0,185.0,301.0,172.0,4.0,150.0,16.0,0.3,0.5,0.7,40.0,185.0,300.0,170.0,4.0,150.0,16.0,0.3,0.5,0.7
1974,2,341.0,-7.0,24.4,24.4,24.4,24.4,1.0,0.0,14.0,0.0,0.1,0.8,26.13,26.2,26.27,26.2,2.0,0.14,14.0,0.0,0.4,0.5,16.1,16.21,16.32,16.21,2.0,0.22,14.0,0.0,0.4,0.5,75.7,76.5,77.3,76.5,2.0,1.6,14.0,0.0,0.5,4.68,4.85,5.02,4.85,2.0,0.35,14.0,0.0,0.4,0.5,-3.12,-2.79,-2.46,-2.79,2.0,0.69,14.0,0.0,0.4,0.5,3.92,3.95,3.97,3.95,2.0,0.05,14.0,0.0,0.4,0.5,1013.14,1013.45,1013.76,1013.45,2.0,0.64,14.0,0.0,0.4,0.5,0.0,0.0,0.0,0.0,2.0,0.0,14.0,0.0,0.4,0.5,-15.7,-13.6,-11.6,-13.6,2.0,4.3,14.0,0.0,0.4,0.5,18.6,19.1,19.7,19.1,2.0,1.1,14.0,0.0,0.4,0.5,-1.7,-1.7,-1.7,-1.7,1.0,0.0,14.0,0.0,0.1,0.8,-7.8,-7.8,-7.8,-7.8,1.0,0.0,14.0,0.0,0.1,0.8,2.7,2.7,2.7,2.7,1.0,0.0,14.0,0.0,0.1,0.8,12.4,12.4,12.4,12.4,1.0,0.0,14.0,0.0,0.1,0.8,-82.1,-73.1,-64.2,-73.1,2.0,18.5,14.0,0.0,0.4,0.5,102.9,103.4,103.8,103.4,2.0,0.9,14.0,0.0,0.4,0.5,-50.2,-45.1,-40.0,-45.1,2.0,10.6,14.0,0.0,0.4,0.5,63.1,64.0,64.8,64.0,2.0,1.8,14.0,0.0,0.4,0.5,-6.2,-6.2,-6.2,-6.2,1.0,0.0,14.0,0.0,0.1,0.8,10.8,10.8,10.8,10.8,1.0,0.0,14.0,0.0,0.1,0.8,103.0,115.0,127.0,115.0,2.0,25.0,14.0,0.0,0.4,0.5,105.0,115.0,125.0,115.0,2.0,25.0,14.0,0.0,0.4,0.5
1974,2,341.0,-6.0,26.3,26.3,26.3,26.3,1.0,0.0,6.0,1.0,0.3,0.3,32.7,32.7,32.7,32.7,1.0,0.0,6.0,1.0,0.3,0.3,21.15,21.15,21.15,21.15,1.0,0.0,6.0,1.0,0.3,0.3,67.9,67.9,67.9,67.9,1.0,0.0,6.0,1.0,0.3,10.3,10.3,10.3,10.3,1.0,0.0,6.0,1.0,0.3,0.3,-7.89,-7.89,-7.89,-7.89,1.0,0.0,6.0,1.0,0.3,0.3,6.62,6.62,6.62,6.62,1.0,0.0,6.0,1.0,0.3,0.3,1005.8,1005.8,1005.8,1005.8,1.0,0.0,6.0,1.0,0.3,0.3,3.0,3.0,3.0,3.0,1.0,0.0,6.0,1.0,0.3,0.3,-81.3,-81.3,-81.3,-81.3,1.0,0.0,6.0,1.0,0.3,0.3,68.2,68.2,68.2,68.2,1.0,0.0,6.0,1.0,0.3,0.3,-6.4,-6.4,-6.4,-6.4,1.0,0.0,6.0,1.0,0.3,0.3,-65.9,-65.9,-65.9,-65.9,1.0,0.0,6.0,1.0,0.3,0.3,0.38,0.38,0.38,0.38,1.0,0.0,6.0,1.0,0.3,0.3,4.0,4.0,4.0,4.0,1.0,0.0,6.0,1.0,0.3,0.3,-258.0,-258.0,-258.0,-258.0,1.0,0.0,6.0,1.0,0.3,0.3,216.5,216.5,216.5,216.5,1.0,0.0,6.0,1.0,0.3,0.3,-166.9,-166.9,-166.9,-166.9,1.0,0.0,6.0,1.0,0.3,0.3,140.1,140.1,140.1,140.1,1.0,0.0,6.0,1.0,0.3,0.3,-3.0,-3.0,-3.0,-3.0,1.0,0.0,6.0,1.0,0.3,0.3,2.5,2.5,2.5,2.5,1.0,0.0,6.0,1.0,0.3,0.3,1092.5,1092.5,1092.5,1092.5,1.0,0.0,6.0,1.0,0.3,0.3,1095.0,1095.0,1095.0,1095.0,1.0,0.0,6.0,1.0,0.3,0.3
1974,2,341.0,-5.0,26.78,26.95,27.12,26.95,2.0,0.35,14.0,0.5,0.7,0.5,27.84,29.65,31.46,29.65,2.0,3.75,14.0,0.5,0.7,0.5,18.59,19.0,19.4,19.0,2.0,0.83,14.0,0.5,0.7,0.5,67.5,73.7,79.8,73.7,2.0,12.7,14.0,0.5,0.5,3.17,4.4,5.63,4.4,2.0,2.55,14.0,0.5,0.7,0.5,-5.07,-2.66,-0.24,-2.66,2.0,5.01,14.0,0.5,0.7,0.5,0.39,1.22,2.06,1.22,2.0,1.73,14.0,0.5,0.7,0.5,1010.72,1011.2,1011.68,1011.2,2.0,0.99,14.0,0.5,0.7,0.5,2.3,3.0,3.7,3.0,2.0,1.4,14.0,0.5,0.7,0.5,-32.0,-18.1,-4.2,-18.1,2.0,28.8,14.0,0.5,0.7,0.5,1.0,3.2,5.3,3.2,2.0,4.5,14.0,0.5,0.7,0.5,-4.68,-2.7,-0.72,-2.7,2.0,4.1,14.0,0.5,0.7,0.5,-29.1,-17.1,-5.1,-17.1,2.0,24.9,14.0,0.5,0.7,0.5,2.66,3.28,3.9,3.28,2.0,1.28,14.0,0.5,0.7,0.5,11.5,12.8,14.1,12.8,2.0,2.7,14.0,0.5,0.7,0.5,-164.7,-88.1,-11.6,-88.1,2.0,158.6,14.0,0.5,0.7,0.5,10.5,33.0,55.5,33.0,2.0,46.6,14.0,0.5,0.7,0.5,-99.6,-52.5,-5.5,-52.5,2.0,97.4,14.0,0.5,0.7,0.5,7.1,22.5,37.8,22.5,2.0,31.8,14.0,0.5,0.7,0.5,-11.8,-5.5,0.8,-5.5,2.0,13.0,14.0,0.5,0.7,0.5,1.6,5.1,8.6,5.1,2.0,7.2,14.0,0.5,0.7,0.5,52.5,128.0,203.5,128.0,2.0,156.0,14.0,0.5,0.7,0.5,55.0,130.0,205.0,130.0,2.0,155.0,14.0,0.5,0.7,0.5
1974,2,341.0,-4.0,28.47,28.85,29.23,28.85,2.0,0.78,16.0,1.0,0.7,0.8,27.13,28.05,28.97,28.05,2.0,1.91,16.0,1.0,0.7,0.8,16.76,16.76,16.76,16.76,1.0,0.0,10.0,1.0,0.9,1.0,78.9,84.3,89.7,84.3,2.0,11.2,16.0,1.0,0.8,5.77,7.2,8.63,7.2,2.0,2.97,16.0,1.0,0.7,0.8,-5.73,-5.2,-4.66,-5.2,2.0,1.1,16.0,1.0,0.7,0.8,3.28,4.84,6.4,4.84,2.0,3.23,16.0,1.0,0.7,0.8,1007.5,1007.5,1007.5,1007.5,1.0,0.0,10.0,1.0,0.9,1.0,3.2,3.5,3.8,3.5,2.0,0.7,16.0,1.0,0.7,0.8,-50.3,-39.1,-27.8,-39.1,2.0,23.4,16.0,1.0,0.7,0.8,21.5,39.6,57.8,39.6,2.0,37.7,16.0,1.0,0.7,0.8,0.25,0.8,1.35,0.8,2.0,1.13,16.0,1.0,0.7,0.8,2.4,7.4,12.5,7.4,2.0,10.5,16.0,1.0,0.7,0.8,7.46,7.46,7.46,7.46,1.0,0.0,10.0,1.0,0.9,1.0,69.4,69.4,69.4,69.4,1.0,0.0,10.0,1.0,0.9,1.0,-154.9,-144.7,-134.6,-144.7,2.0,21.0,16.0,1.0,0.7,0.8,93.3,132.6,171.9,132.6,2.0,81.5,16.0,1.0,0.7,0.8,-100.2,-100.2,-100.2,-100.2,1.0,0.0,10.0,1.0,0.9,1.0,119.4,119.4,119.4,119.4,1.0,0.0,10.0,1.0,0.9,1.0,-44.6,-44.6,-44.6,-44.6,1.0,0.0,10.0,1.0,0.9,1.0,53.1,53.1,53.1,53.1,1.0,0.0,10.0,1.0,0.9,1.0,239.5,468.5,698.0,468.5,2.0,475.0,16.0,1.0,0.7,0.8,240.0,470.0,700.0,470.0,2.0,475.0,16.0,1.0,0.7,0.8
1974,2,341.0,-3.0,27.5,27.7,27.9,27.7,2.0,0.42,16.0,0.5,0.6,0.7,26.53,26.8,27.07,26.8,2.0,0.57,16.0,0.5,0.6,0.7,17.58,17.68,17.78,17.68,2.0,0.2,16.0,0.5,0.6,0.7,79.2,80.2,81.2,80.2,2.0,2.0,16.0,0.5,0.7,4.68,4.85,5.02,4.85,2.0,0.35,16.0,0.5,0.6,0.7,-2.51,-2.42,-2.34,-2.42,2.0,0.18,16.0,0.5,0.6,0.7,4.05,4.2,4.35,4.2,2.0,0.31,16.0,0.5,0.6,0.7,1008.13,1009.5,1010.87,1009.5,2.0,2.83,16.0,0.5,0.6,0.7,1.6,3.0,4.4,3.0,2.0,2.8,16.0,0.5,0.6,0.7,-12.6,-11.8,-11.0,-11.8,2.0,1.7,16.0,0.5,0.6,0.7,19.0,20.4,21.9,20.4,2.0,3.0,16.0,0.5,0.6,0.7,0.83,0.9,0.97,0.9,2.0,0.14,16.0,0.5,0.6,0.7,3.9,4.4,4.9,4.4,2.0,1.0,16.0,0.5,0.6,0.7,5.43,5.65,5.87,5.65,2.0,0.45,16.0,0.5,0.6,0.7,27.2,27.3,27.4,27.3,2.0,0.2,16.0,0.5,0.6,0.7,-66.6,-64.9,-63.3,-64.9,2.0,3.4,16.0,0.5,0.6,0.7,109.7,112.5,115.3,112.5,2.0,5.8,16.0,0.5,0.6,0.7,-44.1,-42.9,-41.6,-42.9,2.0,2.6,16.0,0.5,0.6,0.7,72.0,74.2,76.4,74.2,2.0,4.6,16.0,0.5,0.6,0.7,-13.7,-13.7,-13.6,-13.7,2.0,0.1,16.0,0.5,0.6,0.7,23.6,23.7,23.7,23.7,2.0,0.2,16.0,0.5,0.6,0.7,103.0,115.0,127.0,115.0,2.0,25.0,16.0,0.5,0.6,0.7,105.0,115.0,125.0,115.0,2.0,25.0,16.0,0.5,0.6,0.7
1974,2,341.0,-2.0,27.7,27.7,27.7,27.7,1.0,0.0,20.0,1.0,0.3,0.3,27.4,27.4,27.4,27.4,1.0,0.0,20.0,1.0,0.3,0.3,18.25,18.25,18.25,18.25,1.0,0.0,20.0,1.0,0.3,0.3,79.8,79.8,79.8,79.8,1.0,0.0,20.0,1.0,0.3,4.6,4.6,4.6,4.6,1.0,0.0,20.0,1.0,0.3,0.3,-3.52,-3.52,-3.52,-3.52,1.0,0.0,20.0,1.0,0.3,0.3,2.96,2.96,2.96,2.96,1.0,0.0,20.0,1.0,0.3,0.3,1008.2,1008.2,1008.2,1008.2,1.0,0.0,20.0,1.0,0.3,0.3,2.0,2.0,2.0,2.0,1.0,0.0,20.0,1.0,0.3,0.3,-16.2,-16.2,-16.2,-16.2,1.0,0.0,20.0,1.0,0.3,0.3,13.6,13.6,13.6,13.6,1.0,0.0,20.0,1.0,0.3,0.3,0.3,0.3,0.3,0.3,1.0,0.0,20.0,1.0,0.3,0.3,1.4,1.4,1.4,1.4,1.0,0.0,20.0,1.0,0.3,0.3,5.11,5.11,5.11,5.11,1.0,0.0,20.0,1.0,0.3,0.3,23.5,23.5,23.5,23.5,1.0,0.0,20.0,1.0,0.3,0.3,-96.6,-96.6,-96.6,-96.6,1.0,0.0,20.0,1.0,0.3,0.3,81.0,81.0,81.0,81.0,1.0,0.0,20.0,1.0,0.3,0.3,-64.3,-64.3,-64.3,-64.3,1.0,0.0,20.0,1.0,0.3,0.3,54.0,54.0,54.0,54.0,1.0,0.0,20.0,1.0,0.3,0.3,-18.0,-18.0,-18.0,-18.0,1.0,0.0,20.0,1.0,0.3,0.3,15.1,15.1,15.1,15.1,1.0,0.0,20.0,1.0,0.3,0.3,97.5,97.5,97.5,97.5,1.0,0.0,20.0,1.0,0.3,0.3,95.0,95.0,95.0,95.0,1.0,0.0,20.0,1.0,0.3,0.3
1974,2,341.0,0.0,,,,,,,,,,,,,,,,,,,,,,,,,,,,,,,,,,,,,,,,4.1,4.1,4.1,4.1,1.0,0.0,20.0,0.0,1.0,0.5,-3.14,-3.14,-3.14,-3.14,1.0,0.0,20.0,0.0,1.0,0.5,2.64,2.64,2.64,2.64,1.0,0.0,20.0,0.0,1.0,0.5,1009.9,1009.9,1009.9,1009.9,1.0,0.0,20.0,0.0,1.0,0.5,,,,,,,,,,,,,,,,,,,,,,,,,,,,,,,,,,,,,,,,,,,,,,,,,,,,,,,,,,,,,,,,,,,,,,,,,,,,,,,,,,,,,,,,,,,,,,,,,,,,,,,,,,,,,,,,,,,,,,,,,,,,,,,,,,,,,,,,,,,,,,,,,,,,,,
1974,2,341.0,1.0,27.32,28.0,28.63,27.98,4.0,1.02,14.0,0.5,0.8,0.6,26.59,27.0,28.02,27.3,3.0,1.08,16.0,0.3,0.7,0.7,15.59,15.75,17.53,16.54,3.0,1.58,16.0,0.3,0.7,0.7,71.4,72.2,74.3,72.8,3.0,2.2,16.0,0.3,0.7,1.67,2.05,2.43,2.05,2.0,0.78,10.0,1.0,0.8,0.6,0.0,0.0,0.0,0.0,2.0,0.0,10.0,1.0,0.8,0.6,1.67,2.05,2.43,2.05,2.0,0.78,10.0,1.0,0.8,0.6,1009.37,1010.55,1012.62,1010.98,4.0,2.29,14.0,0.5,0.8,0.6,1.0,3.5,6.0,3.5,4.0,2.9,14.0,0.5,0.8,0.6,0.0,0.0,0.0,0.0,2.0,0.0,10.0,1.0,0.8,0.6,3.0,4.5,6.0,4.5,2.0,3.2,10.0,1.0,0.8,0.6,-0.02,1.0,2.23,1.1,3.0,1.65,16.0,0.3,0.7,0.7,-1.3,-1.3,-1.3,-1.3,1.0,0.0,16.0,1.0,0.6,0.9,6.2,7.89,9.29,7.75,3.0,2.27,16.0,0.3,0.7,0.7,14.1,14.1,14.1,14.1,1.0,0.0,16.0,1.0,0.6,0.9,0.0,0.0,0.0,0.0,1.0,0.0,16.0,1.0,0.6,0.9,74.1,74.1,74.1,74.1,1.0,0.0,16.0,1.0,0.6,0.9,0.0,0.0,0.0,0.0,1.0,0.0,16.0,1.0,0.6,0.9,47.7,47.7,47.7,47.7,1.0,0.0,16.0,1.0,0.6,0.9,0.0,0.0,0.0,0.0,1.0,0.0,16.0,1.0,0.6,0.9,14.1,14.1,14.1,14.1,1.0,0.0,16.0,1.0,0.6,0.9,5.5,10.5,15.5,10.5,2.0,10.0,10.0,1.0,0.8,0.6,5.0,10.0,15.0,10.0,2.0,10.0,10.0,1.0,0.8,0.6
1974,2,341.0,2.0,27.37,28.15,28.93,28.15,2.0,1.63,22.0,1.0,0.7,0.1,27.16,27.5,27.84,27.5,2.0,0.71,22.0,1.0,0.7,0.1,18.74,18.85,18.96,18.85,2.0,0.23,22.0,1.0,0.7,0.1,80.9,82.0,83.1,82.0,2.0,2.4,22.0,1.0,0.1,0.58,0.75,0.92,0.75,2.0,0.35,22.0,1.0,0.7,0.1,-0.24,-0.21,-0.19,-0.21,2.0,0.05,22.0,1.0,0.7,0.1,-0.76,-0.28,0.21,-0.28,2.0,1.0,22.0,1.0,0.7,0.1,1009.13,1009.4,1009.67,1009.4,2.0,0.57,22.0,1.0,0.7,0.1,2.8,4.5,6.2,4.5,2.0,3.5,22.0,1.0,0.7,0.1,-0.2,-0.1,-0.1,-0.1,2.0,0.0,22.0,1.0,0.7,0.1,-0.8,-0.4,0.0,-0.4,2.0,0.8,22.0,1.0,0.7,0.1,0.21,0.65,1.09,0.65,2.0,0.92,22.0,1.0,0.7,0.1,0.1,0.3,0.5,0.3,2.0,0.5,22.0,1.0,0.7,0.1,4.16,5.16,6.15,5.16,2.0,2.06,22.0,1.0,0.7,0.1,3.4,3.5,3.6,3.5,2.0,0.3,22.0,1.0,0.7,0.1,-6.6,-5.8,-5.1,-5.8,2.0,1.6,22.0,1.0,0.7,0.1,-20.4,-7.2,6.0,-7.2,2.0,27.4,22.0,1.0,0.7,0.1,-4.5,-4.0,-3.5,-4.0,2.0,1.1,22.0,1.0,0.7,0.1,-14.2,-5.1,4.0,-5.1,2.0,18.8,22.0,1.0,0.7,0.1,-1.5,-1.1,-0.8,-1.1,2.0,0.7,22.0,1.0,0.7,0.1,-2.6,-0.4,1.8,-0.4,2.0,4.6,22.0,1.0,0.7,0.1,0.5,0.5,1.0,0.5,2.0,0.5,22.0,1.0,0.7,0.1,0.0,0.0,0.0,0.0,2.0,0.0,22.0,1.0,0.7,0.1
1974,2,341.0,5.0,27.4,27.6,27.9,27.65,4.0,0.3,10.0,0.5,0.3,0.6,25.19,25.8,27.0,26.02,5.0,0.94,12.0,0.6,0.3,0.6,16.22,17.02,17.82,17.02,2.0,1.65,14.0,0.5,0.4,0.5,78.9,79.9,80.8,79.9,2.0,1.9,14.0,0.5,0.5,2.97,5.1,6.07,4.48,5.0,2.12,12.0,0.6,0.3,0.6,-2.02,-0.89,0.06,-1.04,5.0,1.32,12.0,0.6,0.3,0.6,-5.6,-5.02,-2.81,-4.25,5.0,1.98,12.0,0.6,0.3,0.6,1007.02,1008.8,1011.37,1009.0,5.0,2.5,12.0,0.6,0.3,0.6,0.6,3.0,7.4,3.8,5.0,3.6,12.0,0.6,0.3,0.6,-10.7,-4.5,0.1,-5.9,5.0,7.9,12.0,0.6,0.3,0.6,-34.3,-25.6,-10.4,-22.3,5.0,14.3,12.0,0.6,0.3,0.6,0.69,1.5,2.05,1.38,4.0,0.82,10.0,0.5,0.3,0.6,1.7,5.5,9.4,5.6,4.0,4.5,10.0,0.5,0.3,0.6,5.88,6.38,6.87,6.38,2.0,1.03,14.0,0.5,0.4,0.5,9.4,17.4,25.4,17.4,2.0,16.6,14.0,0.5,0.4,0.5,-50.8,-22.8,1.7,-26.2,5.0,33.1,12.0,0.6,0.3,0.6,-144.4,-129.6,-71.6,-110.0,5.0,51.9,12.0,0.6,0.3,0.6,-18.2,-9.5,-0.9,-9.5,2.0,17.9,14.0,0.5,0.4,0.5,-54.2,-39.5,-24.8,-39.5,2.0,30.5,14.0,0.5,0.4,0.5,-8.2,-4.5,-0.8,-4.5,2.0,7.7,14.0,0.5,0.4,0.5,-23.9,-16.5,-9.0,-16.5,2.0,15.4,14.0,0.5,0.4,0.5,44.0,132.5,224.0,131.5,5.0,99.5,12.0,0.6,0.3,0.6,45.0,135.0,225.0,130.0,5.0,100.0,12.0,0.6,0.3,0.6
1974,2,341.0,6.0,25.86,26.0,27.77,26.8,3.0,1.56,12.0,0.3,0.6,0.5,26.57,27.8,27.94,27.27,3.0,1.1,12.0,0.3,0.6,0.5,18.65,18.71,18.77,18.71,2.0,0.13,10.0,0.0,0.6,0.6,80.5,84.1,87.6,84.1,2.0,7.3,10.0,0.0,0.6,2.83,4.6,5.56,4.2,3.0,2.03,12.0,0.3,0.6,0.5,0.32,1.0,3.04,1.66,3.0,2.07,12.0,0.3,0.6,0.5,-4.83,-2.3,-1.91,-3.34,3.0,2.32,12.0,0.3,0.6,0.5,1009.54,1010.7,1011.86,1010.7,3.0,1.7,12.0,0.3,0.6,0.5,6.2,6.5,6.8,6.5,2.0,0.7,18.0,0.5,0.6,0.4,0.6,2.0,13.1,6.8,3.0,10.1,12.0,0.3,0.6,0.5,-27.9,-10.6,-5.7,-16.7,3.0,17.1,12.0,0.3,0.6,0.5,-1.29,-0.2,0.35,-0.47,3.0,1.22,12.0,0.3,0.6,0.5,-7.5,-0.4,1.8,-2.8,3.0,7.1,12.0,0.3,0.6,0.5,2.65,3.97,5.29,3.97,2.0,2.74,10.0,0.0,0.6,0.6,7.7,15.6,23.5,15.6,2.0,16.3,10.0,0.0,0.6,0.6,8.3,26.0,84.4,45.8,3.0,58.4,12.0,0.3,0.6,0.5,-134.3,-64.4,-51.2,-92.1,3.0,65.4,12.0,0.3,0.6,0.5,27.6,46.5,65.4,46.5,2.0,39.2,10.0,0.0,0.6,0.6,-41.2,-37.7,-34.2,-37.7,2.0,7.3,10.0,0.0,0.6,0.6,5.4,12.8,20.1,12.8,2.0,15.2,10.0,0.0,0.6,0.6,-12.0,-8.6,-5.1,-8.6,2.0,7.1,10.0,0.0,0.6,0.6,36.5,97.5,178.5,107.0,3.0,104.5,12.0,0.3,0.6,0.5,35.0,95.0,180.0,105.0,3.0,105.0,12.0,0.3,0.6,0.5
1974,2,341.0,7.0,23.75,24.3,24.85,24.3,2.0,1.13,14.0,0.5,0.7,0.5,24.46,24.6,25.01,24.73,3.0,0.42,16.0,0.3,0.8,0.6,14.71,14.71,14.71,14.71,1.0,0.0,24.0,1.0,0.8,0.4,73.4,73.4,73.4,73.4,1.0,0.0,24.0,1.0,0.4,4.93,5.65,6.37,5.65,2.0,1.48,22.0,0.5,0.9,0.5,0.0,0.0,0.0,0.0,2.0,0.0,22.0,0.5,0.9,0.5,-6.37,-5.65,-4.93,-5.65,2.0,1.48,22.0,0.5,0.9,0.5,1007.95,1008.7,1010.0,1008.97,3.0,1.52,16.0,0.3,0.8,0.6,1.3,4.0,6.7,4.0,3.0,4.0,16.0,0.3,0.8,0.6,0.0,0.0,0.0,0.0,2.0,0.0,22.0,0.5,0.9,0.5,-41.1,-33.0,-24.9,-33.0,2.0,16.8,22.0,0.5,0.9,0.5,-1.32,-0.5,0.32,-0.5,2.0,1.7,14.0,0.5,0.7,0.5,-7.8,-7.8,-7.8,-7.8,1.0,0.0,24.0,1.0,0.8,0.4,3.44,3.44,3.44,3.44,1.0,0.0,24.0,1.0,0.8,0.4,15.8,15.8,15.8,15.8,1.0,0.0,24.0,1.0,0.8,0.4,0.0,0.0,0.0,0.0,2.0,0.0,22.0,0.5,0.9,0.5,-157.1,-140.4,-123.7,-140.4,2.0,34.6,22.0,0.5,0.9,0.5,0.0,0.0,0.0,0.0,1.0,0.0,24.0,1.0,0.8,0.4,-67.7,-67.7,-67.7,-67.7,1.0,0.0,24.0,1.0,0.8,0.4,0.0,0.0,0.0,0.0,1.0,0.0,24.0,1.0,0.8,0.4,-15.8,-15.8,-15.8,-15.8,1.0,0.0,24.0,1.0,0.8,0.4,129.5,199.0,268.5,199.0,2.0,144.0,22.0,0.5,0.9,0.5,130.0,200.0,270.0,200.0,2.0,145.0,22.0,0.5,0.9,0.5
1974,2,341.0,8.0,25.6,25.6,25.6,25.6,1.0,0.0,6.0,1.0,0.4,0.0,26.9,26.9,26.9,26.9,1.0,0.0,6.0,1.0,0.4,0.0,16.54,16.54,16.54,16.54,1.0,0.0,6.0,1.0,0.4,0.0,74.6,74.6,74.6,74.6,1.0,0.0,6.0,1.0,0.0,0.0,0.0,0.0,0.0,1.0,0.0,6.0,1.0,0.4,0.0,0.0,0.0,0.0,0.0,1.0,0.0,6.0,1.0,0.4,0.0,0.0,0.0,0.0,0.0,1.0,0.0,6.0,1.0,0.4,0.0,1008.5,1008.5,1008.5,1008.5,1.0,0.0,6.0,1.0,0.4,0.0,6.0,6.0,6.0,6.0,1.0,0.0,6.0,1.0,0.4,0.0,0.0,0.0,0.0,0.0,1.0,0.0,6.0,1.0,0.4,0.0,0.0,0.0,0.0,0.0,1.0,0.0,6.0,1.0,0.4,0.0,-1.3,-1.3,-1.3,-1.3,1.0,0.0,6.0,1.0,0.4,0.0,0.0,0.0,0.0,0.0,1.0,0.0,6.0,1.0,0.4,0.0,4.06,4.06,4.06,4.06,1.0,0.0,6.0,1.0,0.4,0.0,0.0,0.0,0.0,0.0,1.0,0.0,6.0,1.0,0.4,0.0,0.0,0.0,0.0,0.0,1.0,0.0,6.0,1.0,0.4,0.0,0.0,0.0,0.0,0.0,1.0,0.0,6.0,1.0,0.4,0.0,0.0,0.0,0.0,0.0,1.0,0.0,6.0,1.0,0.4,0.0,0.0,0.0,0.0,0.0,1.0,0.0,6.0,1.0,0.4,0.0,0.0,0.0,0.0,0.0,1.0,0.0,6.0,1.0,0.4,0.0,0.0,0.0,0.0,0.0,1.0,0.0,6.0,1.0,0.4,0.0,0.0,0.0,0.0,0.0,1.0,0.0,6.0,1.0,0.4,0.0,0.0,0.0,0.0,0.0,1.0,0.0,6.0,1.0,0.4,0.0
1974,2,341.0,9.0,25.13,26.2,28.11,26.54,5.0,1.54,16.0,0.0,0.7,0.4,23.93,25.6,26.83,25.48,5.0,1.83,16.0,0.0,0.7,0.4,13.27,13.27,13.27,13.27,1.0,0.0,6.0,0.0,0.4,0.5,74.4,74.4,74.4,74.4,1.0,0.0,6.0,0.0,0.5,4.67,5.1,5.81,5.18,5.0,0.73,16.0,0.2,0.8,0.3,-3.43,-0.87,2.09,-0.83,5.0,3.53,16.0,0.2,0.8,0.3,-5.08,-3.91,-2.45,-3.61,5.0,2.12,16.0,0.2,0.8,0.3,1009.83,1012.2,1013.94,1011.98,6.0,2.12,16.0,0.2,0.7,0.4,0.0,0.0,0.7,0.4,5.0,0.9,18.0,0.2,0.8,0.3,-20.2,-4.3,9.8,-5.8,5.0,19.9,16.0,0.2,0.8,0.3,-26.8,-19.9,-10.0,-18.2,5.0,11.5,16.0,0.2,0.8,0.3,-0.39,0.6,2.27,1.06,5.0,2.29,16.0,0.0,0.7,0.4,-2.6,1.5,12.5,4.8,4.0,11.0,16.0,0.0,0.7,0.3,10.89,10.89,10.89,10.89,1.0,0.0,6.0,0.0,0.4,0.5,44.6,44.6,44.6,44.6,1.0,0.0,6.0,0.0,0.4,0.5,-91.3,5.0,63.8,-12.9,4.0,104.9,16.0,0.0,0.7,0.3,-119.6,-99.8,-42.7,-82.0,4.0,56.9,16.0,0.0,0.7,0.3,18.6,18.6,18.6,18.6,1.0,0.0,6.0,0.0,0.4,0.5,-51.1,-51.1,-51.1,-51.1,1.0,0.0,6.0,0.0,0.4,0.5,15.3,15.3,15.3,15.3,1.0,0.0,6.0,0.0,0.4,0.5,-41.9,-41.9,-41.9,-41.9,1.0,0.0,6.0,0.0,0.4,0.5,104.5,132.5,196.5,145.5,5.0,57.0,16.0,0.2,0.8,0.3,105.0,135.0,195.0,145.0,5.0,55.0,16.0,0.2,0.8,0.3
1974,2,341.0,10.0,22.0,24.0,26.74,24.21,19.0,1.98,14.0,0.6,0.7,0.5,23.14,24.6,25.57,24.36,19.0,1.21,14.0,0.6,0.7,0.5,11.27,13.65,14.97,13.14,10.0,1.96,14.0,0.6,0.8,0.6,55.2,68.8,81.8,69.5,10.0,12.3,14.0,0.6,0.6,3.6,4.6,6.66,5.14,17.0,1.85,14.0,0.6,0.8,0.4,-3.14,-0.54,0.92,-1.14,17.0,2.57,14.0,0.6,0.8,0.4,-5.36,-4.5,-2.99,-4.26,17.0,2.05,14.0,0.6,0.8,0.4,1006.44,1010.2,1012.98,1009.92,15.0,2.71,14.0,0.7,0.7,0.5,0.0,0.0,0.3,0.3,18.0,0.8,14.0,0.6,0.8,0.5,-20.0,-1.7,3.5,-8.3,17.0,19.3,14.0,0.6,0.8,0.4,-36.6,-20.8,-9.3,-24.3,17.0,19.8,14.0,0.6,0.8,0.4,-2.03,0.0,1.96,-0.16,19.0,2.08,14.0,0.6,0.7,0.5,-9.5,0.0,7.5,-1.2,17.0,9.2,14.0,0.6,0.8,0.4,2.41,5.27,9.88,5.84,10.0,3.35,14.0,0.6,0.8,0.6,11.1,22.8,50.2,32.1,10.0,23.6,14.0,0.6,0.8,0.6,-76.2,-11.8,22.5,-29.4,17.0,64.7,14.0,0.6,0.8,0.4,-129.3,-111.8,-68.0,-103.3,17.0,49.1,14.0,0.6,0.8,0.4,-34.8,-11.4,5.1,-15.0,10.0,27.2,14.0,0.6,0.8,0.6,-81.2,-59.7,-37.3,-55.5,10.0,29.7,14.0,0.6,0.8,0.6,-20.1,-2.5,5.1,-6.5,10.0,12.8,14.0,0.6,0.8,0.6,-46.9,-21.9,-10.5,-28.8,10.0,24.0,14.0,0.6,0.8,0.6,46.5,97.5,300.5,191.5,17.0,233.0,14.0,0.6,0.8,0.4,45.0,95.0,300.0,190.0,17.0,235.0,14.0,0.6,0.8,0.4
1974,2,341.0,11.0,20.0,22.3,24.0,22.2,25.0,1.89,12.0,0.4,0.8,0.5,21.16,23.0,25.68,23.18,25.0,2.53,12.0,0.4,0.8,0.5,11.32,12.79,13.59,12.59,17.0,1.37,12.0,0.5,0.8,0.5,62.4,75.6,82.0,73.2,18.0,11.1,12.0,0.5,0.5,4.31,6.7,9.63,6.98,25.0,3.09,12.0,0.4,0.8,0.5,-3.58,-0.52,0.99,-0.81,25.0,2.91,12.0,0.4,0.8,0.5,-9.27,-6.06,-3.22,-6.31,25.0,3.12,12.0,0.4,0.8,0.5,1008.25,1010.0,1012.85,1010.61,23.0,2.44,12.0,0.5,0.8,0.5,0.0,0.0,6.5,2.3,23.0,3.2,12.0,0.5,0.8,0.5,-22.8,-1.6,3.9,-3.0,25.0,26.2,12.0,0.4,0.8,0.5,-88.6,-38.9,-15.2,-53.1,25.0,43.7,12.0,0.4,0.8,0.5,-2.38,-0.4,1.08,-0.98,25.0,2.79,12.0,0.4,0.8,0.5,-14.7,-2.5,5.2,-9.9,25.0,27.5,12.0,0.4,0.8,0.5,2.71,5.24,6.3,4.76,17.0,1.99,12.0,0.5,0.8,0.5,10.6,29.9,47.0,28.6,17.0,16.2,12.0,0.5,0.8,0.5,-83.6,-11.7,21.4,-18.7,25.0,68.5,12.0,0.4,0.8,0.5,-220.4,-138.2,-80.4,-146.8,25.0,75.8,12.0,0.4,0.8,0.5,-48.3,-21.4,20.6,-16.0,17.0,37.1,12.0,0.5,0.8,0.5,-93.8,-64.7,-37.3,-68.2,17.0,35.1,12.0,0.5,0.8,0.5,-21.5,-5.6,4.4,-6.2,17.0,15.2,12.0,0.5,0.8,0.5,-41.5,-20.8,-10.0,-24.5,17.0,14.8,12.0,0.5,0.8,0.5,84.5,301.0,905.0,534.0,25.0,597.0,12.0,0.4,0.8,0.5,85.0,300.0,905.0,535.0,25.0,595.0,12.0,0.4,0.8,0.5
1974,2,341.0,12.0,20.01,22.6,24.87,22.57,29.0,2.34,12.0,0.5,0.8,0.5,21.2,22.8,24.8,22.91,30.0,2.05,12.0,0.5,0.8,0.5,11.44,12.44,13.08,12.43,18.0,1.27,12.0,0.6,0.9,0.5,65.3,71.2,83.8,73.9,18.0,10.1,12.0,0.6,0.5,4.32,6.2,9.03,6.85,29.0,2.81,12.0,0.6,0.8,0.5,-4.05,0.0,0.68,-1.15,29.0,2.48,12.0,0.6,0.8,0.5,-8.72,-6.11,-4.04,-6.24,29.0,2.95,12.0,0.6,0.8,0.5,1007.29,1010.05,1012.31,1010.05,26.0,2.34,12.0,0.5,0.9,0.5,0.0,0.0,3.1,1.3,29.0,2.4,12.0,0.5,0.8,0.5,-29.5,0.0,2.8,-10.5,29.0,22.3,12.0,0.6,0.8,0.5,-78.8,-38.4,-18.6,-50.3,29.0,42.3,12.0,0.6,0.8,0.5,-1.82,0.2,1.3,-0.3,29.0,2.96,12.0,0.5,0.8,0.5,-7.7,2.4,12.2,-0.4,28.0,24.0,12.0,0.5,0.8,0.6,2.25,4.85,7.91,5.12,18.0,2.55,12.0,0.6,0.9,0.5,12.5,29.2,69.0,36.4,18.0,26.6,12.0,0.6,0.9,0.5,-93.1,0.0,15.2,-26.2,29.0,55.1,12.0,0.6,0.8,0.5,-204.7,-133.2,-93.9,-142.7,29.0,71.9,12.0,0.6,0.8,0.5,-39.8,-4.5,8.0,-14.3,18.0,26.5,12.0,0.6,0.9,0.5,-111.6,-68.1,-56.7,-76.0,18.0,36.3,12.0,0.6,0.9,0.5,-18.5,-2.3,2.1,-7.7,18.0,13.3,12.0,0.6,0.9,0.5,-67.3,-27.3,-10.1,-33.4,18.0,26.3,12.0,0.6,0.9,0.5,81.5,238.5,739.5,490.0,29.0,609.0,12.0,0.6,0.8,0.5,80.0,240.0,740.0,490.0,29.0,610.0,12.0,0.6,0.8,0.5
1974,2,341.0,13.0,18.76,20.9,22.18,20.77,35.0,2.02,14.0,0.6,0.8,0.4,20.0,21.2,22.79,21.51,39.0,1.8,12.0,0.6,0.8,0.4,10.21,12.08,12.86,11.88,25.0,1.75,14.0,0.5,0.9,0.4,63.1,79.7,85.6,75.7,26.0,11.9,12.0,0.5,0.4,4.6,7.95,10.93,7.83,38.0,3.15,12.0,0.6,0.8,0.4,-4.0,-1.34,0.09,-1.7,38.0,2.49,12.0,0.6,0.8,0.4,-10.02,-7.88,-4.03,-7.3,38.0,3.0,12.0,0.6,0.8,0.4,1009.57,1011.7,1013.8,1011.82,37.0,2.51,14.0,0.6,0.8,0.4,0.0,0.0,3.9,1.4,39.0,2.4,12.0,0.6,0.8,0.4,-40.3,-10.3,0.4,-15.7,38.0,27.8,12.0,0.6,0.8,0.4,-110.4,-62.8,-19.9,-66.1,38.0,49.0,12.0,0.6,0.8,0.4,-3.61,-0.1,1.45,-0.65,34.0,2.85,14.0,0.6,0.8,0.4,-16.8,0.0,10.1,-1.1,32.0,25.2,14.0,0.5,0.8,0.4,1.63,3.99,6.14,4.05,23.0,2.53,14.0,0.5,0.9,0.4,12.5,31.6,60.2,38.5,23.0,33.8,14.0,0.5,0.9,0.4,-77.5,-28.1,3.9,-33.0,37.0,49.9,12.0,0.5,0.8,0.4,-206.2,-164.3,-86.8,-153.4,37.0,64.6,12.0,0.5,0.8,0.4,-45.6,-19.2,1.6,-19.4,25.0,26.3,14.0,0.5,0.9,0.4,-115.4,-92.5,-51.2,-88.7,25.0,34.1,14.0,0.5,0.9,0.4,-19.8,-3.9,0.8,-8.2,23.0,17.4,14.0,0.5,0.9,0.4,-57.6,-31.1,-11.7,-35.7,23.0,31.3,14.0,0.5,0.9,0.4,97.5,504.0,1309.0,712.0,38.0,763.5,12.0,0.6,0.8,0.4,95.0,505.0,1310.0,710.0,38.0,765.0,12.0,0.6,0.8,0.4
1974,2,341.0,14.0,18.9,19.75,21.96,20.11,40.0,1.76,14.0,0.5,0.8,0.5,18.77,20.5,22.4,20.67,41.0,1.98,14.0,0.5,0.8,0.5,10.27,11.43,12.8,11.63,25.0,1.48,14.0,0.4,0.8,0.5,71.7,76.1,85.5,77.7,25.0,9.0,14.0,0.4,0.5,5.0,8.2,12.65,8.09,42.0,3.22,14.0,0.5,0.8,0.5,-3.22,0.0,0.0,-1.01,42.0,2.17,14.0,0.5,0.8,0.5,-11.63,-7.71,-4.73,-7.76,42.0,3.18,14.0,0.5,0.8,0.5,1009.06,1012.0,1014.5,1011.9,40.0,2.32,14.0,0.5,0.8,0.5,0.0,0.0,1.3,0.8,37.0,1.9,14.0,0.5,0.8,0.5,-22.7,0.0,0.0,-10.7,42.0,23.5,14.0,0.5,0.8,0.5,-149.9,-63.1,-22.8,-72.6,42.0,53.7,14.0,0.5,0.8,0.5,-2.48,-0.3,0.9,-0.54,39.0,1.96,14.0,0.4,0.8,0.5,-21.4,-1.3,6.0,-6.6,39.0,19.8,14.0,0.4,0.8,0.5,1.55,3.22,4.76,3.21,24.0,1.81,14.0,0.3,0.8,0.5,9.9,25.0,40.8,24.6,24.0,17.1,14.0,0.3,0.8,0.5,-62.9,0.0,0.0,-21.7,41.0,46.8,14.0,0.5,0.8,0.5,-224.8,-164.4,-98.9,-163.6,41.0,73.5,14.0,0.5,0.8,0.5,-38.6,0.0,0.0,-15.5,25.0,25.5,14.0,0.4,0.8,0.5,-120.1,-90.0,-58.1,-89.5,25.0,36.6,14.0,0.4,0.8,0.5,-6.1,0.0,0.0,-3.5,24.0,7.8,14.0,0.3,0.8,0.5,-40.5,-22.8,-8.8,-23.5,24.0,16.6,14.0,0.3,0.8,0.5,125.0,551.5,2025.0,781.5,42.0,827.5,14.0,0.5,0.8,0.5,125.0,550.0,2025.0,780.0,42.0,830.0,14.0,0.5,0.8,0.5
1974,2,341.0,15.0,18.0,19.4,20.49,19.44,40.0,1.67,16.0,0.6,0.8,0.4,18.7,20.0,22.03,20.27,41.0,1.65,14.0,0.6,0.8,0.4,9.75,10.95,12.24,11.01,29.0,1.4,16.0,0.6,0.8,0.4,69.7,76.2,89.1,76.7,29.0,11.5,16.0,0.6,0.4,5.1,8.0,10.29,7.69,39.0,2.43,14.0,0.6,0.9,0.4,-3.69,-1.42,0.0,-1.78,39.0,2.51,14.0,0.6,0.9,0.4,-9.64,-7.24,-3.92,-6.93,39.0,2.77,14.0,0.6,0.9,0.4,1010.1,1013.1,1015.5,1012.78,42.0,2.77,16.0,0.6,0.8,0.4,0.0,0.0,2.0,0.9,41.0,1.8,14.0,0.6,0.8,0.4,-28.9,-8.5,0.0,-15.4,39.0,23.4,14.0,0.6,0.9,0.4,-96.0,-58.3,-20.1,-58.9,39.0,36.6,14.0,0.6,0.9,0.4,-2.79,-0.6,0.59,-0.78,39.0,2.0,16.0,0.6,0.8,0.4,-15.6,-4.9,3.7,-5.2,37.0,16.3,16.0,0.6,0.9,0.4,0.87,2.77,5.61,3.14,27.0,2.35,16.0,0.6,0.8,0.4,5.8,18.1,36.5,23.3,26.0,19.5,16.0,0.5,0.9,0.4,-73.8,-28.5,0.0,-36.5,39.0,52.4,14.0,0.6,0.9,0.4,-192.8,-147.9,-78.3,-138.9,39.0,54.4,14.0,0.6,0.9,0.4,-38.0,-18.8,0.0,-20.7,28.0,26.4,16.0,0.6,0.9,0.4,-108.2,-79.5,-47.3,-78.3,28.0,29.4,16.0,0.6,0.9,0.4,-10.2,-4.1,0.0,-6.6,26.0,12.0,16.0,0.5,0.9,0.4,-36.2,-15.8,-5.8,-20.9,26.0,17.3,16.0,0.5,0.9,0.4,132.5,512.0,1090.0,585.0,39.0,469.5,14.0,0.6,0.9,0.4,135.0,510.0,1090.0,585.0,39.0,470.0,14.0,0.6,0.9,0.4
1974,2,341.0,16.0,17.89,19.35,20.15,19.34,48.0,1.5,14.0,0.6,0.9,0.5,18.39,19.4,21.0,19.76,49.0,1.69,14.0,0.6,0.9,0.5,9.28,10.21,11.6,10.59,35.0,1.07,14.0,0.7,0.9,0.5,64.4,71.8,82.3,73.7,35.0,9.0,14.0,0.7,0.5,5.93,8.2,10.57,8.54,48.0,2.48,14.0,0.6,0.9,0.5,-5.09,-2.83,0.0,-2.84,48.0,2.44,14.0,0.6,0.9,0.5,-10.32,-7.89,-5.03,-7.62,48.0,2.65,14.0,0.6,0.9,0.5,1011.52,1014.15,1015.56,1013.74,48.0,1.93,14.0,0.6,0.9,0.6,0.0,0.0,4.0,1.6,48.0,2.5,14.0,0.6,0.9,0.6,-50.3,-19.7,0.0,-26.4,48.0,29.6,14.0,0.6,0.9,0.5,-110.2,-65.6,-30.1,-70.8,48.0,41.8,14.0,0.6,0.9,0.5,-2.0,-0.6,1.31,-0.4,47.0,1.82,14.0,0.6,0.9,0.5,-16.6,-3.4,14.2,-2.6,46.0,16.6,14.0,0.6,0.9,0.5,1.98,3.6,4.42,3.47,34.0,1.72,16.0,0.7,0.9,0.5,13.8,27.0,40.3,28.4,33.0,15.8,16.0,0.7,0.9,0.5,-95.9,-51.2,0.0,-55.5,48.0,48.2,14.0,0.6,0.9,0.5,-196.1,-157.7,-102.0,-149.1,48.0,51.0,14.0,0.6,0.9,0.5,-48.3,-30.0,0.0,-28.3,34.0,23.1,16.0,0.7,0.9,0.5,-102.7,-82.7,-55.1,-78.5,34.0,25.6,16.0,0.7,0.9,0.5,-19.2,-9.5,-0.2,-10.6,33.0,9.4,16.0,0.7,0.9,0.5,-37.9,-23.6,-10.9,-25.3,33.0,14.9,16.0,0.7,0.9,0.5,209.5,551.5,1183.0,782.0,48.0,713.0,14.0,0.6,0.9,0.5,210.0,550.0,1185.0,780.0,48.0,715.0,14.0,0.6,0.9,0.5
1974,2,341.0,17.0,17.78,18.5,19.45,18.61,32.0,1.39,14.0,0.4,0.8,0.4,18.0,19.5,20.98,19.47,33.0,1.85,14.0,0.4,0.8,0.4,9.63,10.87,11.57,10.79,25.0,1.18,14.0,0.4,0.8,0.4,68.9,77.6,91.0,78.7,25.0,10.2,14.0,0.4,0.4,4.69,8.2,11.3,8.24,33.0,2.84,14.0,0.4,0.8,0.4,-4.52,-2.29,-0.1,-2.57,33.0,2.54,14.0,0.4,0.8,0.4,-10.57,-7.58,-3.99,-7.26,33.0,3.24,14.0,0.4,0.8,0.4,1012.11,1014.6,1016.59,1014.49,33.0,2.11,14.0,0.4,0.8,0.4,0.0,0.0,3.9,1.5,33.0,2.3,14.0,0.4,0.8,0.4,-56.3,-16.7,-0.7,-24.1,33.0,25.1,14.0,0.4,0.8,0.4,-114.5,-58.4,-19.2,-68.2,33.0,46.3,14.0,0.4,0.8,0.4,-1.92,-0.4,0.27,-0.78,31.0,1.64,14.0,0.4,0.8,0.4,-20.3,-3.4,1.4,-7.0,30.0,14.4,14.0,0.4,0.8,0.4,1.52,2.79,3.76,2.51,23.0,1.62,14.0,0.3,0.8,0.4,6.1,19.0,34.3,20.3,22.0,17.7,14.0,0.3,0.8,0.4,-99.9,-41.6,0.0,-51.2,32.0,50.7,14.0,0.4,0.8,0.4,-201.6,-135.6,-73.4,-139.7,32.0,63.5,14.0,0.4,0.8,0.4,-59.1,-23.2,-8.8,-27.9,24.0,25.4,14.0,0.4,0.8,0.4,-111.0,-73.3,-43.6,-76.1,24.0,37.9,14.0,0.4,0.8,0.4,-21.2,-3.9,0.0,-8.3,22.0,11.8,14.0,0.3,0.8,0.4,-26.7,-18.2,-4.5,-17.2,22.0,14.9,14.0,0.3,0.8,0.4,104.0,551.5,1443.0,753.0,33.0,652.5,14.0,0.4,0.8,0.4,105.0,550.0,1445.0,755.0,33.0,650.0,14.0,0.4,0.8,0.4
1974,2,341.0,18.0,17.37,18.8,19.91,18.58,51.0,1.14,16.0,0.4,0.8,0.3,17.48,18.5,19.8,18.76,50.0,1.52,14.0,0.4,0.8,0.3,9.41,10.34,11.51,10.36,36.0,1.29,16.0,0.4,0.8,0.3,70.5,80.7,89.6,79.3,36.0,10.1,16.0,0.4,0.3,5.94,8.2,10.81,8.62,51.0,2.78,14.0,0.4,0.8,0.3,-5.98,-2.8,-0.75,-3.09,51.0,2.74,14.0,0.4,0.8,0.3,-10.34,-7.51,-4.78,-7.55,51.0,2.83,14.0,0.4,0.8,0.3,1011.76,1014.7,1016.88,1014.41,49.0,2.83,16.0,0.4,0.8,0.3,0.0,0.0,3.4,1.3,49.0,2.2,14.0,0.4,0.8,0.3,-61.7,-25.6,-0.8,-29.8,51.0,31.6,14.0,0.4,0.8,0.3,-113.9,-63.2,-31.0,-72.2,51.0,45.8,14.0,0.4,0.8,0.3,-1.4,0.0,1.28,-0.07,49.0,1.35,14.0,0.4,0.8,0.3,-12.4,0.0,10.0,-1.3,49.0,13.5,14.0,0.4,0.8,0.3,1.87,2.75,3.53,2.73,36.0,1.0,16.0,0.4,0.8,0.3,12.4,24.0,32.1,24.2,36.0,14.0,16.0,0.4,0.8,0.3,-112.6,-53.8,-11.4,-59.1,50.0,54.6,14.0,0.4,0.8,0.3,-193.0,-138.8,-95.1,-140.2,50.0,52.9,14.0,0.4,0.8,0.3,-56.7,-32.0,-14.4,-34.5,36.0,21.7,16.0,0.4,0.8,0.3,-100.1,-82.9,-56.1,-78.1,36.0,28.2,16.0,0.4,0.8,0.3,-19.7,-8.8,-2.0,-9.8,36.0,7.6,16.0,0.4,0.8,0.3,-25.7,-20.5,-11.0,-21.2,36.0,13.4,16.0,0.4,0.8,0.3,210.5,551.5,1264.5,837.0,51.0,771.0,14.0,0.4,0.8,0.3,210.0,550.0,1265.0,835.0,51.0,770.0,14.0,0.4,0.8,0.3
1974,2,341.0,19.0,17.0,18.0,18.89,17.96,52.0,1.14,14.0,0.5,0.8,0.5,17.2,18.2,20.23,18.77,55.0,2.04,14.0,0.5,0.8,0.5,9.16,10.35,11.38,10.47,40.0,1.75,14.0,0.5,0.9,0.5,70.8,81.6,85.8,78.9,41.0,8.2,14.0,0.5,0.5,6.2,9.3,12.9,9.41,54.0,3.19,14.0,0.5,0.9,0.4,-6.0,-3.99,-0.74,-3.67,54.0,2.84,14.0,0.5,0.9,0.4,-11.49,-8.36,-5.02,-7.79,54.0,4.1,14.0,0.5,0.9,0.4,1013.55,1015.65,1018.6,1015.99,56.0,2.53,14.0,0.5,0.8,0.5,0.0,0.0,2.0,0.9,55.0,1.8,14.0,0.5,0.8,0.4,-71.6,-32.8,-4.3,-39.3,54.0,36.1,14.0,0.5,0.9,0.4,-146.4,-78.5,-32.1,-84.8,54.0,58.7,14.0,0.5,0.9,0.4,-2.21,-0.2,0.7,-0.72,51.0,1.95,14.0,0.5,0.8,0.5,-20.6,-0.6,7.4,-4.7,48.0,14.5,14.0,0.5,0.9,0.4,1.42,2.5,3.62,2.38,37.0,1.63,14.0,0.5,0.9,0.5,13.6,24.0,35.4,24.0,36.0,13.0,14.0,0.5,0.9,0.5,-110.4,-68.5,-2.8,-66.9,52.0,52.1,14.0,0.5,0.9,0.4,-211.2,-157.5,-92.2,-141.4,52.0,80.0,14.0,0.5,0.9,0.4,-63.4,-37.8,-17.7,-39.8,39.0,27.1,14.0,0.5,0.9,0.5,-124.9,-88.2,-48.5,-79.6,39.0,47.9,14.0,0.5,0.9,0.5,-20.3,-7.3,-0.5,-9.8,36.0,9.7,14.0,0.5,0.9,0.5,-29.7,-20.1,-12.4,-21.4,36.0,9.8,14.0,0.5,0.9,0.5,238.5,804.5,2146.5,1116.0,54.0,969.0,14.0,0.5,0.9,0.4,240.0,805.0,2145.0,1115.0,54.0,970.0,14.0,0.5,0.9,0.4
1974,2,341.0,20.0,16.97,17.8,19.0,17.71,63.0,1.0,16.0,0.6,0.8,0.4,16.4,17.5,18.88,17.73,65.0,1.58,16.0,0.6,0.8,0.4,9.15,10.27,11.13,10.07,43.0,1.04,14.0,0.5,0.9,0.4,71.4,78.9,89.7,79.8,52.0,8.8,14.0,0.5,0.4,6.2,9.3,12.9,9.61,65.0,3.21,14.0,0.6,0.8,0.4,-6.86,-3.99,-1.58,-4.09,65.0,3.11,14.0,0.6,0.8,0.4,-11.63,-8.05,-4.78,-7.92,65.0,3.69,14.0,0.6,0.8,0.4,1014.47,1017.3,1019.02,1017.21,57.0,3.08,14.0,0.6,0.9,0.4,0.0,0.0,2.8,1.1,65.0,2.0,16.0,0.6,0.8,0.4,-74.5,-32.8,-8.4,-44.5,65.0,42.8,14.0,0.6,0.8,0.4,-143.0,-74.9,-29.8,-86.4,65.0,56.8,14.0,0.6,0.8,0.4,-1.06,0.0,1.3,-0.01,62.0,1.61,16.0,0.6,0.8,0.4,-9.5,0.0,16.7,1.0,61.0,16.2,16.0,0.6,0.8,0.4,1.06,2.17,3.91,2.48,40.0,1.43,14.0,0.5,0.9,0.4,9.6,18.3,40.3,23.8,39.0,17.1,14.0,0.5,0.9,0.4,-125.1,-71.2,-27.3,-70.7,64.0,53.8,16.0,0.6,0.8,0.4,-192.8,-148.4,-85.7,-139.4,64.0,66.9,16.0,0.6,0.8,0.4,-61.5,-37.7,-17.8,-37.7,42.0,25.6,14.0,0.5,0.9,0.4,-107.0,-77.7,-53.5,-79.8,42.0,30.0,14.0,0.5,0.9,0.4,-23.0,-8.1,-2.2,-11.0,39.0,10.1,14.0,0.5,0.9,0.4,-31.8,-15.6,-7.7,-20.3,39.0,15.1,14.0,0.5,0.9,0.4,238.5,804.5,2146.5,1179.0,65.0,1047.0,14.0,0.6,0.8,0.4,240.0,805.0,2145.0,1180.0,65.0,1045.0,14.0,0.6,0.8,0.4
1974,2,341.0,21.0,16.92,18.0,19.0,17.85,30.0,1.07,16.0,0.7,0.8,0.3,17.09,18.0,19.51,18.45,32.0,1.97,18.0,0.7,0.8,0.3,9.05,10.53,11.16,10.24,24.0,0.99,18.0,0.7,0.8,0.3,71.8,79.1,89.8,80.0,25.0,8.6,18.0,0.7,0.3,3.32,8.2,10.8,7.83,29.0,3.6,18.0,0.7,0.8,0.4,-6.92,-3.52,0.0,-3.61,29.0,3.6,18.0,0.7,0.8,0.4,-9.33,-6.28,-2.53,-5.8,29.0,3.88,18.0,0.7,0.8,0.4,1012.9,1016.3,1020.29,1016.82,31.0,4.09,18.0,0.7,0.8,0.4,0.0,1.0,2.0,1.4,31.0,2.1,16.0,0.7,0.8,0.4,-64.4,-29.6,0.0,-36.8,29.0,45.4,18.0,0.7,0.8,0.4,-100.4,-51.5,-8.4,-56.5,29.0,48.8,18.0,0.7,0.8,0.4,-2.44,-0.4,1.34,-0.72,30.0,2.03,16.0,0.7,0.8,0.3,-15.4,-0.3,9.5,-2.1,26.0,13.7,16.0,0.7,0.8,0.3,0.95,2.66,3.57,2.45,23.0,1.32,18.0,0.7,0.8,0.3,4.2,20.7,37.0,20.7,21.0,14.8,18.0,0.7,0.8,0.3,-117.6,-58.3,0.0,-61.2,28.0,62.8,16.0,0.7,0.8,0.3,-161.5,-125.6,-44.6,-105.9,28.0,69.3,16.0,0.7,0.8,0.3,-58.6,-30.3,6.7,-29.8,22.0,33.4,18.0,0.7,0.8,0.3,-91.8,-63.5,-19.0,-57.6,22.0,43.7,18.0,0.7,0.8,0.3,-16.6,-11.3,0.1,-9.8,21.0,11.0,18.0,0.7,0.8,0.3,-30.1,-13.3,-1.0,-16.1,21.0,13.2,18.0,0.7,0.8,0.3,37.5,551.5,1259.5,777.0,29.0,884.0,18.0,0.7,0.8,0.4,35.0,550.0,1260.0,775.0,29.0,885.0,18.0,0.7,0.8,0.4
1974,2,341.0,22.0,16.61,18.65,19.81,18.61,16.0,1.84,14.0,0.5,0.6,0.4,16.99,18.0,19.0,18.02,19.0,1.25,14.0,0.5,0.7,0.4,9.18,10.65,11.29,10.3,14.0,1.12,12.0,0.5,0.6,0.4,74.6,81.9,88.4,81.7,14.0,6.0,12.0,0.5,0.4,6.05,9.55,12.78,9.16,18.0,3.56,14.0,0.5,0.6,0.4,-8.4,-5.94,-2.6,-5.58,18.0,3.49,14.0,0.5,0.6,0.4,-9.32,-6.95,-4.25,-6.82,18.0,2.67,14.0,0.5,0.6,0.4,1015.76,1019.0,1021.37,1018.9,19.0,3.53,14.0,0.5,0.7,0.4,0.0,1.5,6.6,2.8,18.0,3.1,14.0,0.5,0.6,0.4,-99.8,-58.7,-19.9,-61.8,18.0,49.7,14.0,0.5,0.6,0.4,-121.7,-65.3,-25.5,-70.3,18.0,44.8,14.0,0.5,0.6,0.4,-0.46,0.75,1.77,0.6,16.0,1.2,14.0,0.5,0.6,0.4,-3.3,6.5,18.1,8.0,15.0,10.0,14.0,0.5,0.6,0.4,2.14,2.72,3.57,2.81,11.0,0.88,14.0,0.5,0.6,0.4,12.8,24.8,34.1,26.0,11.0,14.1,14.0,0.5,0.6,0.4,-144.7,-103.6,-46.0,-100.4,18.0,67.2,14.0,0.5,0.6,0.4,-163.0,-120.2,-76.3,-121.9,18.0,47.1,14.0,0.5,0.6,0.4,-82.1,-57.2,-25.9,-51.7,14.0,33.1,12.0,0.5,0.6,0.4,-95.2,-69.0,-35.5,-67.1,14.0,29.4,12.0,0.5,0.6,0.4,-22.5,-15.2,-10.6,-16.5,11.0,11.6,14.0,0.5,0.6,0.4,-27.4,-21.5,-7.0,-19.2,11.0,10.4,14.0,0.5,0.6,0.4,222.5,873.0,2110.0,1085.5,18.0,986.5,14.0,0.5,0.6,0.4,220.0,875.0,2110.0,1085.0,18.0,985.0,14.0,0.5,0.6,0.4
1974,2,341.0,23.0,18.03,19.0,20.0,19.26,14.0,1.32,14.0,0.6,0.6,0.5,17.5,18.0,19.26,18.49,15.0,1.74,14.0,0.6,0.6,0.5,8.95,10.03,10.81,9.95,10.0,1.05,14.0,0.6,0.6,0.4,68.1,79.2,83.4,76.8,10.0,8.1,14.0,0.6,0.4,6.31,7.7,11.0,8.52,15.0,2.62,14.0,0.6,0.6,0.5,-8.17,-5.13,-3.98,-5.83,15.0,2.29,14.0,0.6,0.6,0.5,-9.54,-5.5,-2.8,-5.38,15.0,3.45,14.0,0.6,0.6,0.5,1018.11,1020.0,1023.07,1019.63,15.0,4.08,14.0,0.6,0.6,0.5,1.2,3.0,6.0,3.5,15.0,2.5,14.0,0.6,0.6,0.5,-89.4,-43.2,-29.5,-53.2,15.0,30.9,14.0,0.6,0.6,0.5,-105.1,-45.4,-14.6,-51.5,15.0,42.9,14.0,0.6,0.6,0.5,0.03,0.65,1.75,0.7,14.0,1.28,14.0,0.6,0.6,0.5,0.1,4.5,18.7,6.1,14.0,10.8,14.0,0.6,0.6,0.5,2.26,3.15,4.67,3.56,9.0,1.27,14.0,0.6,0.6,0.4,17.7,27.4,34.7,28.5,9.0,12.7,14.0,0.6,0.6,0.4,-142.0,-102.6,-71.7,-109.0,15.0,49.0,14.0,0.6,0.6,0.5,-168.1,-101.2,-49.3,-99.3,15.0,61.2,14.0,0.6,0.6,0.5,-67.8,-52.6,-42.8,-54.5,10.0,22.3,14.0,0.6,0.6,0.4,-82.5,-53.4,-34.7,-57.5,10.0,26.6,14.0,0.6,0.6,0.4,-27.6,-14.8,-9.8,-18.4,9.0,11.3,14.0,0.6,0.6,0.4,-28.8,-20.7,-13.4,-20.9,9.0,8.7,14.0,0.6,0.6,0.4,252.0,456.5,1331.0,780.5,15.0,620.5,14.0,0.6,0.6,0.5,250.0,455.0,1330.0,780.0,15.0,620.0,14.0,0.6,0.6,0.5
1974,2,341.0,24.0,18.84,19.25,19.94,19.56,8.0,1.57,12.0,0.8,0.6,0.4,18.2,18.55,19.7,18.89,8.0,0.99,12.0,0.8,0.6,0.4,9.45,10.44,11.08,10.26,7.0,0.74,10.0,0.9,0.6,0.4,73.0,76.5,78.8,76.0,7.0,3.5,10.0,0.9,0.4,6.73,9.3,9.3,8.16,8.0,1.66,12.0,0.8,0.6,0.4,-7.01,-5.98,-4.78,-4.71,8.0,4.01,12.0,0.8,0.6,0.4,-7.12,-5.98,-3.37,-5.03,8.0,2.92,12.0,0.8,0.6,0.4,1021.0,1021.75,1023.19,1020.44,8.0,5.81,12.0,0.8,0.6,0.4,2.9,4.0,4.0,3.3,7.0,1.5,10.0,0.9,0.6,0.4,-65.1,-49.4,-39.3,-42.8,8.0,29.6,12.0,0.8,0.6,0.4,-66.3,-55.6,-22.7,-45.1,8.0,27.8,12.0,0.8,0.6,0.4,-0.48,0.3,1.09,0.68,8.0,1.67,12.0,0.8,0.6,0.4,-2.8,1.9,10.1,5.0,8.0,12.2,12.0,0.8,0.6,0.4,2.75,3.29,4.27,3.38,7.0,0.87,10.0,0.9,0.6,0.4,25.1,29.4,37.1,28.5,7.0,9.4,10.0,0.9,0.6,0.4,-132.2,-108.8,-98.3,-90.0,8.0,74.4,12.0,0.8,0.6,0.4,-129.7,-115.7,-62.3,-96.3,8.0,57.2,12.0,0.8,0.6,0.4,-74.9,-56.5,-46.5,-46.1,7.0,44.7,10.0,0.9,0.6,0.4,-71.0,-66.8,-29.3,-54.0,7.0,32.7,10.0,0.9,0.6,0.4,-25.5,-20.5,-14.1,-17.1,7.0,12.7,10.0,0.9,0.6,0.4,-28.4,-17.2,-13.9,-18.9,7.0,11.1,10.0,0.9,0.6,0.4,305.5,804.5,804.5,600.0,8.0,288.5,12.0,0.8,0.6,0.4,305.0,805.0,805.0,600.0,8.0,290.0,12.0,0.8,0.6,0.4
1974,2,341.0,25.0,18.71,19.2,20.65,19.62,9.0,1.59,14.0,0.4,0.5,0.5,17.63,18.0,19.69,18.48,9.0,1.16,14.0,0.4,0.5,0.5,8.48,9.19,9.33,8.93,6.0,0.58,12.0,0.5,0.4,0.5,61.2,71.7,75.7,69.8,7.0,8.4,12.0,0.4,0.5,4.66,7.45,9.18,6.7,8.0,2.81,14.0,0.5,0.4,0.5,-6.63,-3.07,-0.41,-2.57,8.0,5.02,14.0,0.5,0.4,0.5,-6.13,-4.37,0.89,-3.05,8.0,3.97,14.0,0.5,0.4,0.5,1018.33,1023.3,1026.4,1022.35,8.0,4.61,14.0,0.5,0.6,0.5,2.0,3.0,6.8,3.9,8.0,2.2,14.0,0.5,0.5,0.5,-51.5,-19.5,-1.1,-18.9,8.0,46.0,14.0,0.5,0.4,0.5,-44.7,-26.1,-0.2,-22.4,8.0,33.1,14.0,0.5,0.4,0.5,0.08,1.0,1.54,1.14,9.0,1.59,14.0,0.4,0.5,0.5,0.2,5.3,13.4,10.4,8.0,16.9,14.0,0.5,0.4,0.5,4.24,4.67,5.67,4.88,6.0,0.82,12.0,0.5,0.4,0.5,26.5,35.1,42.3,34.1,6.0,9.4,12.0,0.5,0.4,0.5,-116.3,-63.0,-7.2,-47.4,8.0,91.0,14.0,0.5,0.4,0.5,-113.4,-82.2,16.2,-57.5,8.0,74.3,14.0,0.5,0.4,0.5,-59.5,-27.6,5.4,-19.1,6.0,49.6,12.0,0.5,0.4,0.5,-51.0,-37.0,-18.2,-28.7,6.0,36.1,12.0,0.5,0.4,0.5,-27.3,-18.1,2.1,-10.6,6.0,24.5,12.0,0.5,0.4,0.5,-28.2,-21.6,-7.8,-16.9,6.0,20.1,12.0,0.5,0.4,0.5,101.5,415.0,776.5,427.5,8.0,351.5,14.0,0.5,0.4,0.5,100.0,415.0,775.0,425.0,8.0,350.0,14.0,0.5,0.4,0.5
1974,2,341.0,26.0,18.32,19.1,21.0,19.43,6.0,1.29,18.0,0.5,0.5,0.4,18.56,19.45,20.43,19.67,6.0,1.34,18.0,0.5,0.5,0.4,9.92,10.4,11.32,10.6,5.0,0.79,18.0,0.6,0.5,0.3,70.5,72.2,80.9,75.0,6.0,5.8,18.0,0.5,0.4,4.69,5.1,7.3,5.55,6.0,1.67,18.0,0.5,0.5,0.4,-4.42,-3.16,-0.24,-2.47,6.0,2.21,18.0,0.5,0.5,0.4,-2.55,4.04,6.69,2.73,6.0,4.31,18.0,0.5,0.5,0.4,1011.73,1020.9,1024.46,1018.62,5.0,6.64,18.0,0.6,0.5,0.3,3.4,4.5,7.0,4.7,6.0,2.3,18.0,0.5,0.5,0.4,-24.0,-20.1,-0.4,-14.9,6.0,13.4,18.0,0.5,0.5,0.4,-13.0,17.5,49.3,18.2,6.0,28.7,18.0,0.5,0.5,0.4,-1.02,-0.35,0.29,-0.23,6.0,0.92,18.0,0.5,0.5,0.4,-4.2,-1.8,2.1,-0.8,6.0,6.1,18.0,0.5,0.5,0.4,2.24,3.63,4.59,3.48,5.0,1.48,18.0,0.6,0.5,0.3,11.4,20.7,32.3,22.0,5.0,12.4,18.0,0.6,0.5,0.3,-82.8,-64.8,-5.0,-48.4,6.0,43.1,18.0,0.5,0.5,0.4,-47.0,79.0,135.7,57.3,6.0,86.3,18.0,0.5,0.5,0.4,-47.1,-44.9,-12.5,-31.2,5.0,24.3,18.0,0.6,0.5,0.3,-27.2,49.2,71.4,27.9,5.0,51.6,18.0,0.6,0.5,0.3,-13.7,-11.5,-3.2,-8.5,5.0,7.3,18.0,0.6,0.5,0.3,-5.0,20.3,29.0,14.2,5.0,19.0,18.0,0.6,0.5,0.3,111.5,132.5,390.5,209.5,6.0,166.0,18.0,0.5,0.5,0.4,110.0,135.0,390.0,210.0,6.0,165.0,18.0,0.5,0.5,0.4
1974,2,341.0,27.0,18.85,20.0,21.0,19.9,9.0,1.06,16.0,0.6,0.5,0.4,17.9,19.0,19.47,19.12,9.0,1.67,16.0,0.6,0.5,0.4,9.18,10.12,14.18,11.56,5.0,3.53,16.0,0.4,0.6,0.3,70.5,73.2,95.0,81.0,5.0,14.2,16.0,0.4,0.3,1.69,8.35,9.3,6.47,10.0,3.88,14.0,0.6,0.5,0.4,-8.61,-6.52,-0.43,-5.14,10.0,3.74,14.0,0.6,0.5,0.4,-6.52,-1.8,0.89,-2.46,10.0,3.38,14.0,0.6,0.5,0.4,1016.14,1023.05,1024.27,1020.73,10.0,4.62,14.0,0.6,0.5,0.4,1.4,2.0,5.6,3.2,10.0,2.5,14.0,0.6,0.5,0.4,-82.9,-50.5,-0.4,-45.3,10.0,36.5,14.0,0.6,0.5,0.4,-55.5,-6.5,8.0,-20.8,10.0,32.3,14.0,0.6,0.5,0.4,0.58,1.2,2.0,0.78,9.0,1.95,16.0,0.6,0.5,0.4,0.5,4.7,14.1,1.7,9.0,18.7,16.0,0.6,0.5,0.4,-0.17,4.44,4.9,2.5,5.0,3.83,16.0,0.4,0.6,0.3,-15.7,12.0,44.5,12.1,5.0,37.0,16.0,0.4,0.6,0.3,-170.4,-112.3,-5.1,-93.9,9.0,75.8,16.0,0.6,0.5,0.4,-127.0,-19.8,19.4,-45.5,9.0,71.2,16.0,0.6,0.5,0.4,-111.1,-59.1,1.6,-58.1,5.0,62.7,16.0,0.4,0.6,0.3,-75.4,-24.8,6.0,-35.6,5.0,53.4,16.0,0.4,0.6,0.3,-38.1,0.0,13.3,-9.2,5.0,32.0,16.0,0.4,0.6,0.3,-17.2,0.0,15.6,-0.4,5.0,20.5,16.0,0.4,0.6,0.3,8.0,585.5,804.5,500.5,10.0,428.5,14.0,0.6,0.5,0.4,10.0,585.0,805.0,500.0,10.0,430.0,14.0,0.6,0.5,0.4
1974,2,341.0,28.0,18.0,18.4,19.44,18.48,8.0,0.85,14.0,0.5,0.5,0.3,18.0,18.4,18.49,18.24,8.0,0.52,14.0,0.5,0.5,0.3,9.23,9.24,9.29,9.26,4.0,0.05,16.0,0.8,0.6,0.4,69.2,70.8,71.9,70.6,4.0,1.9,16.0,0.8,0.4,4.2,6.35,8.2,6.28,8.0,3.11,14.0,0.5,0.5,0.3,-4.0,-2.07,-0.06,-1.87,8.0,2.55,14.0,0.5,0.5,0.3,-7.69,-5.72,-1.22,-4.67,8.0,4.38,14.0,0.5,0.5,0.3,1011.78,1021.65,1026.26,1019.71,8.0,7.52,14.0,0.5,0.5,0.3,1.2,4.5,5.9,4.0,8.0,2.6,14.0,0.5,0.5,0.3,-32.4,-13.2,-0.1,-16.4,8.0,22.9,14.0,0.5,0.5,0.3,-62.7,-39.9,-2.6,-38.1,8.0,40.1,14.0,0.5,0.5,0.3,-0.91,0.5,1.1,0.24,8.0,1.05,14.0,0.5,0.5,0.3,-1.6,2.1,6.4,1.7,8.0,5.5,14.0,0.5,0.5,0.3,3.64,4.08,4.55,4.09,4.0,0.54,16.0,0.8,0.6,0.4,23.2,29.9,33.6,28.5,4.0,7.6,16.0,0.8,0.6,0.4,-75.8,-38.2,-1.0,-34.8,8.0,46.1,14.0,0.5,0.5,0.3,-142.2,-104.7,-22.4,-85.3,8.0,80.6,14.0,0.5,0.5,0.3,-32.2,-19.1,-5.9,-19.0,4.0,16.4,16.0,0.8,0.6,0.4,-70.6,-67.8,-51.3,-61.2,4.0,15.5,16.0,0.8,0.6,0.4,-12.6,-8.4,-3.0,-7.8,4.0,6.2,16.0,0.8,0.6,0.4,-32.4,-27.0,-21.4,-26.9,4.0,7.3,16.0,0.8,0.6,0.4,75.0,291.0,551.5,401.5,8.0,437.0,14.0,0.5,0.5,0.3,75.0,290.0,550.0,400.0,8.0,435.0,14.0,0.5,0.5,0.3
1974,2,341.0,29.0,17.3,18.3,19.0,18.56,9.0,1.5,12.0,0.7,0.6,0.2,16.71,18.2,20.36,18.37,10.0,2.02,12.0,0.7,0.6,0.2,7.74,8.86,9.63,8.69,5.0,1.36,14.0,0.6,0.5,0.2,62.9,70.7,80.5,70.7,5.0,11.5,14.0,0.6,0.2,4.71,8.2,11.54,8.48,9.0,3.62,14.0,0.8,0.6,0.2,-10.64,-6.6,-2.75,-6.49,9.0,4.48,14.0,0.8,0.6,0.2,-5.14,-4.33,-1.47,-3.42,9.0,3.66,14.0,0.8,0.6,0.2,1022.47,1023.3,1027.01,1024.32,10.0,2.08,12.0,0.7,0.6,0.2,2.4,6.5,7.6,5.6,10.0,2.4,12.0,0.7,0.6,0.2,-123.6,-44.2,-14.1,-67.6,9.0,67.8,14.0,0.8,0.6,0.2,-69.8,-21.7,-8.5,-28.7,9.0,41.9,14.0,0.8,0.6,0.2,-0.52,0.0,0.91,0.31,9.0,1.62,12.0,0.7,0.6,0.2,-5.8,-0.2,4.7,-2.6,8.0,9.5,14.0,0.8,0.6,0.2,2.8,3.24,4.49,3.67,5.0,1.38,14.0,0.6,0.5,0.2,12.9,29.5,35.9,25.7,5.0,12.6,14.0,0.6,0.5,0.2,-216.0,-118.8,-57.0,-121.7,9.0,86.4,14.0,0.8,0.6,0.2,-94.6,-84.6,-25.3,-63.3,9.0,73.0,14.0,0.8,0.6,0.2,-69.7,-44.0,-23.2,-44.8,5.0,30.1,14.0,0.6,0.5,0.2,-46.4,-23.4,-16.3,-29.2,5.0,17.1,14.0,0.6,0.5,0.2,-32.9,-27.7,-7.5,-21.6,5.0,15.7,14.0,0.6,0.5,0.2,-13.5,-10.1,-6.9,-10.4,5.0,4.0,14.0,0.6,0.5,0.2,105.0,551.5,1556.5,922.5,9.0,1054.5,14.0,0.8,0.6,0.2,105.0,550.0,1555.0,920.0,9.0,1055.0,14.0,0.8,0.6,0.2
1974,2,341.0,30.0,17.71,18.0,19.7,18.46,9.0,1.03,16.0,0.7,0.5,0.5,16.68,18.0,18.5,17.59,11.0,1.32,18.0,0.7,0.5,0.6,7.56,9.23,10.45,8.96,6.0,1.89,18.0,0.7,0.5,0.6,57.7,72.3,87.2,72.2,6.0,17.3,18.0,0.7,0.6,1.44,7.2,7.91,5.77,11.0,3.32,18.0,0.7,0.5,0.6,-6.26,-3.42,0.0,-3.18,11.0,2.91,18.0,0.7,0.5,0.6,-7.63,-3.35,0.0,-3.48,11.0,3.84,18.0,0.7,0.5,0.6,1020.51,1025.0,1029.0,1024.82,10.0,3.7,16.0,0.7,0.5,0.6,0.6,2.0,4.8,2.7,11.0,2.5,18.0,0.7,0.5,0.6,-43.3,-25.9,0.0,-23.5,11.0,20.5,18.0,0.7,0.5,0.6,-60.5,-22.4,0.0,-27.2,11.0,34.3,18.0,0.7,0.5,0.6,-1.1,0.8,1.87,0.79,9.0,1.82,16.0,0.7,0.5,0.5,-7.9,0.8,8.9,2.4,9.0,12.1,16.0,0.7,0.5,0.5,3.55,4.11,5.18,4.51,6.0,1.47,18.0,0.7,0.5,0.6,7.2,28.0,40.2,25.6,6.0,18.0,18.0,0.7,0.5,0.6,-107.4,-56.4,0.0,-54.9,11.0,50.3,18.0,0.7,0.5,0.6,-145.9,-49.9,0.0,-61.6,11.0,68.5,18.0,0.7,0.5,0.6,-41.1,-11.4,0.6,-19.0,6.0,24.4,18.0,0.7,0.5,0.6,-63.1,-27.2,-1.1,-29.0,6.0,31.4,18.0,0.7,0.5,0.6,-26.3,-5.4,0.2,-12.9,6.0,18.5,18.0,0.7,0.5,0.6,-31.4,-10.4,2.4,-12.2,6.0,19.7,18.0,0.7,0.5,0.6,5.5,373.0,495.5,340.0,11.0,290.0,18.0,0.7,0.5,0.6,5.0,375.0,495.0,340.0,11.0,290.0,18.0,0.7,0.5,0.6
1974,2,341.0,31.0,17.75,18.45,20.0,18.8,16.0,1.34,14.0,0.8,0.6,0.5,16.8,18.0,19.74,18.18,18.0,1.52,14.0,0.7,0.6,0.5,7.97,9.36,11.32,9.58,12.0,1.95,16.0,0.8,0.6,0.5,70.4,73.3,85.5,75.4,13.0,12.5,16.0,0.8,0.5,4.45,7.6,9.6,6.96,18.0,2.4,14.0,0.7,0.6,0.5,-5.63,-2.8,0.78,-2.55,18.0,3.77,14.0,0.7,0.6,0.5,-8.36,-3.75,-1.24,-4.46,18.0,3.86,14.0,0.7,0.6,0.5,1020.77,1025.9,1029.0,1023.22,17.0,7.33,14.0,0.7,0.6,0.5,2.5,6.0,8.0,5.4,17.0,2.7,14.0,0.8,0.6,0.5,-43.4,-20.7,3.1,-21.3,18.0,29.4,14.0,0.7,0.6,0.5,-71.5,-29.3,-5.5,-37.3,18.0,36.6,14.0,0.7,0.6,0.5,-1.06,0.25,2.0,0.49,16.0,1.86,14.0,0.8,0.6,0.5,-5.1,2.0,17.3,4.4,16.0,15.9,14.0,0.8,0.6,0.5,1.65,3.71,5.45,3.61,11.0,2.0,16.0,0.8,0.6,0.5,7.5,31.0,40.1,26.6,11.0,19.2,16.0,0.8,0.6,0.5,-102.4,-46.0,13.7,-46.7,18.0,69.6,14.0,0.7,0.6,0.5,-149.2,-70.6,-24.7,-79.8,18.0,69.6,14.0,0.7,0.6,0.5,-41.2,-23.3,0.0,-23.3,12.0,35.0,16.0,0.8,0.6,0.5,-85.0,-47.1,-20.2,-50.3,12.0,42.9,16.0,0.8,0.6,0.5,-26.2,-10.6,0.0,-11.9,11.0,13.6,16.0,0.8,0.6,0.5,-38.6,-8.9,-4.2,-19.1,11.0,20.2,16.0,0.8,0.6,0.5,89.0,442.5,891.5,448.0,18.0,371.0,14.0,0.7,0.6,0.5,90.0,445.0,890.0,450.0,18.0,370.0,14.0,0.7,0.6,0.5
1974,2,341.0,32.0,16.08,17.45,17.96,17.38,8.0,1.23,12.0,0.8,0.5,0.4,16.25,16.9,18.03,16.98,12.0,0.98,10.0,0.6,0.7,0.4,6.85,9.3,10.7,8.83,5.0,2.12,8.0,0.6,0.6,0.4,63.8,73.5,85.3,74.0,5.0,14.0,8.0,0.6,0.4,3.46,6.2,9.37,6.57,13.0,3.38,12.0,0.6,0.6,0.4,-4.11,1.42,5.07,0.9,13.0,4.53,12.0,0.6,0.6,0.4,-7.82,-0.87,1.57,-1.71,13.0,5.8,12.0,0.6,0.6,0.4,1016.5,1023.4,1029.27,1022.25,13.0,8.97,12.0,0.6,0.6,0.4,1.8,6.0,8.0,5.1,13.0,2.8,12.0,0.6,0.6,0.4,-17.3,4.4,38.6,7.5,13.0,39.2,12.0,0.6,0.6,0.4,-66.6,-0.9,6.8,-12.4,13.0,59.7,12.0,0.6,0.6,0.4,-0.51,0.5,1.5,0.4,7.0,0.92,10.0,0.7,0.6,0.4,-3.1,1.1,8.0,2.3,7.0,6.6,10.0,0.7,0.6,0.4,3.29,4.28,5.69,4.48,3.0,1.77,8.0,0.7,0.6,0.2,13.9,21.8,47.2,30.3,3.0,25.5,8.0,0.7,0.6,0.2,-63.3,30.7,90.5,26.1,12.0,69.8,10.0,0.6,0.7,0.4,-132.9,-20.7,14.8,-46.1,12.0,75.7,10.0,0.6,0.7,0.4,-32.8,0.0,58.0,10.7,5.0,47.4,8.0,0.6,0.6,0.4,-58.1,-12.8,4.2,-23.8,5.0,33.2,8.0,0.6,0.6,0.4,-17.0,-9.5,-3.0,-10.0,3.0,10.3,8.0,0.7,0.6,0.2,-42.7,-7.5,0.0,-21.0,3.0,33.4,8.0,0.7,0.6,0.2,43.0,238.5,823.0,494.0,13.0,596.0,12.0,0.6,0.6,0.4,45.0,240.0,825.0,495.0,13.0,595.0,12.0,0.6,0.6,0.4
1974,2,341.0,33.0,16.0,17.8,18.21,17.53,11.0,1.47,18.0,0.5,0.5,0.4,14.92,16.0,17.84,16.19,11.0,1.54,18.0,0.5,0.5,0.4,6.84,7.39,8.91,7.78,5.0,1.28,14.0,0.8,0.7,0.2,63.1,70.6,76.7,69.6,5.0,8.2,14.0,0.8,0.2,4.89,8.0,11.4,7.84,11.0,3.98,18.0,0.5,0.5,0.4,-5.42,-3.52,3.1,-2.22,11.0,4.91,18.0,0.5,0.5,0.4,-10.23,-3.1,1.43,-3.89,11.0,6.1,18.0,0.5,0.5,0.4,1011.44,1022.8,1026.6,1020.69,11.0,7.34,18.0,0.5,0.5,0.4,2.6,7.0,8.0,5.5,11.0,2.8,18.0,0.5,0.5,0.4,-67.8,-16.7,21.5,-22.9,11.0,45.7,18.0,0.5,0.5,0.4,-113.4,-19.2,5.7,-45.6,11.0,78.5,18.0,0.5,0.5,0.4,-0.47,0.7,3.17,1.34,11.0,2.3,18.0,0.5,0.5,0.4,-5.6,8.0,26.8,8.6,11.0,17.2,18.0,0.5,0.5,0.4,3.18,5.33,5.4,4.45,5.0,1.33,14.0,0.8,0.7,0.2,9.4,21.9,33.7,22.2,5.0,15.3,14.0,0.8,0.7,0.2,-86.3,-56.4,52.6,-35.6,11.0,82.7,18.0,0.5,0.5,0.4,-162.8,-55.2,23.1,-66.1,11.0,99.0,18.0,0.5,0.5,0.4,-31.1,-24.2,17.9,-7.5,5.0,35.1,14.0,0.8,0.7,0.2,-29.1,-25.2,18.8,-7.5,5.0,30.3,14.0,0.8,0.7,0.2,-21.7,-9.0,6.3,-7.5,5.0,18.1,14.0,0.8,0.7,0.2,-14.6,-7.5,15.9,0.1,5.0,21.4,14.0,0.8,0.7,0.2,118.0,512.0,1580.5,835.5,11.0,1078.5,18.0,0.5,0.5,0.4,120.0,510.0,1580.0,835.0,11.0,1080.0,18.0,0.5,0.5,0.4
1974,2,341.0,34.0,15.16,17.0,18.0,16.81,9.0,1.41,14.0,0.3,0.6,0.4,14.83,15.85,18.16,16.17,10.0,1.71,14.0,0.3,0.5,0.4,7.55,8.02,9.39,8.43,6.0,1.66,14.0,0.3,0.4,0.4,65.5,72.2,77.5,72.7,6.0,7.6,14.0,0.3,0.4,5.73,7.85,10.74,7.76,10.0,3.45,14.0,0.3,0.5,0.4,-0.22,5.21,7.42,3.48,10.0,4.91,14.0,0.3,0.5,0.4,-8.25,-1.21,2.45,-2.9,10.0,5.64,14.0,0.3,0.5,0.4,1017.8,1022.25,1027.57,1022.73,10.0,6.29,14.0,0.3,0.5,0.4,5.3,7.0,8.0,6.2,9.0,2.2,14.0,0.3,0.6,0.4,-0.1,36.8,61.6,26.0,10.0,46.1,14.0,0.3,0.5,0.4,-83.5,-8.4,14.2,-34.5,10.0,62.0,14.0,0.3,0.5,0.4,0.1,0.3,1.75,0.96,9.0,1.06,14.0,0.3,0.6,0.4,0.2,3.9,15.5,7.4,9.0,8.3,14.0,0.3,0.6,0.4,3.01,3.85,4.61,3.75,5.0,1.07,14.0,0.4,0.4,0.4,9.4,32.5,39.2,25.7,5.0,17.3,14.0,0.4,0.4,0.4,-3.5,80.7,122.3,58.8,10.0,81.3,14.0,0.3,0.5,0.4,-126.2,-19.7,41.4,-42.0,10.0,86.6,14.0,0.3,0.5,0.4,-14.7,22.8,72.4,21.7,6.0,52.1,14.0,0.3,0.4,0.4,-62.5,-10.7,4.6,-22.9,6.0,34.4,14.0,0.3,0.4,0.4,-11.1,0.0,20.3,3.3,5.0,22.0,14.0,0.4,0.4,0.4,-34.6,-5.6,-1.1,-15.4,5.0,18.1,14.0,0.4,0.4,0.4,200.5,484.5,1253.0,696.0,10.0,674.0,14.0,0.3,0.5,0.4,200.0,485.0,1255.0,695.0,10.0,675.0,14.0,0.3,0.5,0.4
1974,2,341.0,35.0,15.59,16.0,16.63,16.09,10.0,0.57,16.0,0.5,0.5,0.4,14.06,15.0,16.08,15.13,11.0,1.74,18.0,0.5,0.6,0.4,7.07,7.48,10.04,8.31,5.0,1.64,16.0,0.8,0.6,0.5,67.5,72.5,89.6,77.0,5.0,12.1,16.0,0.8,0.5,3.48,6.7,9.77,7.47,11.0,5.2,18.0,0.5,0.6,0.4,-4.93,0.89,6.8,1.17,11.0,6.95,18.0,0.5,0.6,0.4,-7.97,-2.3,-0.03,-3.59,11.0,4.95,18.0,0.5,0.6,0.4,1018.85,1023.0,1028.12,1023.05,11.0,4.92,18.0,0.5,0.6,0.4,4.0,6.0,8.0,6.0,9.0,1.9,18.0,0.7,0.6,0.4,-36.0,2.3,49.6,25.5,11.0,105.9,18.0,0.5,0.6,0.4,-83.9,-10.6,0.1,-46.8,11.0,86.0,18.0,0.5,0.6,0.4,0.59,1.0,2.53,1.35,10.0,1.11,16.0,0.5,0.5,0.4,3.2,5.9,15.7,10.1,10.0,10.5,16.0,0.5,0.5,0.4,1.6,3.34,4.0,2.89,5.0,1.33,16.0,0.8,0.6,0.5,9.0,15.8,49.3,29.2,5.0,33.6,16.0,0.8,0.6,0.5,-73.5,13.3,107.1,15.2,11.0,108.5,18.0,0.5,0.6,0.4,-109.2,-34.5,-0.6,-51.9,11.0,71.0,18.0,0.5,0.6,0.4,-33.7,19.8,78.5,22.9,5.0,62.3,16.0,0.8,0.6,0.5,-56.8,-16.6,-1.1,-27.0,5.0,40.4,16.0,0.8,0.6,0.5,-16.4,2.3,31.8,9.2,5.0,34.7,16.0,0.8,0.6,0.5,-31.7,-7.9,0.3,-15.9,5.0,23.9,16.0,0.8,0.6,0.5,47.5,301.0,1037.5,1153.0,11.0,2564.5,18.0,0.5,0.6,0.4,50.0,300.0,1035.0,1155.0,11.0,2565.0,18.0,0.5,0.6,0.4
1974,2,341.0,36.0,15.27,16.0,17.69,16.37,15.0,1.21,14.0,0.5,0.6,0.5,13.5,14.4,17.0,14.95,15.0,1.68,14.0,0.5,0.6,0.5,6.78,7.68,8.95,7.74,14.0,1.13,14.0,0.5,0.5,0.5,67.2,76.2,83.0,75.4,14.0,11.1,14.0,0.5,0.5,2.29,5.1,9.5,6.14,16.0,4.72,14.0,0.6,0.6,0.5,-4.7,0.44,5.23,1.18,16.0,5.48,14.0,0.6,0.6,0.5,-5.21,-2.04,0.91,-3.02,16.0,4.6,14.0,0.6,0.6,0.5,1020.52,1025.3,1028.31,1024.94,16.0,4.5,14.0,0.6,0.6,0.5,5.0,7.0,8.0,6.4,15.0,2.0,12.0,0.5,0.6,0.5,-28.3,1.2,34.1,20.5,16.0,73.3,14.0,0.6,0.6,0.5,-37.8,-14.5,4.2,-35.2,16.0,77.9,14.0,0.6,0.6,0.5,-0.68,1.5,3.87,1.42,15.0,2.12,14.0,0.5,0.6,0.5,-3.1,3.1,23.6,8.5,15.0,15.9,14.0,0.5,0.6,0.5,2.27,3.76,4.89,3.67,14.0,1.44,14.0,0.5,0.5,0.5,6.4,21.3,30.3,21.3,14.0,15.5,14.0,0.5,0.5,0.5,-65.8,0.0,74.0,5.2,15.0,69.0,14.0,0.5,0.6,0.5,-71.7,-22.0,15.8,-32.1,15.0,49.0,14.0,0.5,0.6,0.5,-31.4,0.0,43.8,3.7,14.0,38.5,14.0,0.5,0.5,0.5,-38.3,-15.1,8.0,-15.8,14.0,25.1,14.0,0.5,0.5,0.5,-18.3,0.0,15.3,-0.6,14.0,18.0,14.0,0.5,0.5,0.5,-19.3,-7.7,2.1,-10.7,14.0,16.8,14.0,0.5,0.5,0.5,12.5,132.5,886.5,765.0,16.0,1992.5,14.0,0.6,0.6,0.5,10.0,135.0,885.0,765.0,16.0,1990.0,14.0,0.6,0.6,0.5
1974,2,341.0,37.0,13.53,15.0,17.33,15.21,11.0,2.03,14.0,0.5,0.5,0.5,13.2,16.05,17.0,15.32,12.0,1.84,16.0,0.5,0.5,0.5,6.36,8.53,9.94,8.17,10.0,1.83,16.0,0.5,0.5,0.6,67.3,79.3,88.1,76.2,10.0,13.3,16.0,0.5,0.6,2.9,5.9,8.11,6.8,12.0,4.93,16.0,0.5,0.5,0.5,-5.39,0.0,5.07,0.82,12.0,6.87,16.0,0.5,0.5,0.5,-5.05,0.0,2.56,-0.69,12.0,5.13,16.0,0.5,0.5,0.5,1016.58,1024.85,1030.25,1023.58,12.0,6.61,16.0,0.5,0.5,0.5,1.7,5.0,8.0,4.7,12.0,2.9,16.0,0.5,0.5,0.5,-30.6,0.0,29.8,25.9,12.0,110.8,16.0,0.5,0.5,0.5,-41.3,0.0,16.3,-18.4,12.0,70.2,16.0,0.5,0.5,0.5,-2.08,-0.2,1.45,-0.32,11.0,1.55,14.0,0.5,0.5,0.5,-10.5,-1.9,4.3,-0.3,11.0,14.6,14.0,0.5,0.5,0.5,0.67,2.7,3.34,2.46,10.0,2.13,16.0,0.5,0.5,0.6,3.6,9.0,33.0,18.5,10.0,23.0,16.0,0.5,0.5,0.6,-84.0,0.0,85.5,13.7,12.0,95.8,16.0,0.5,0.5,0.5,-68.5,0.0,42.9,-5.1,12.0,73.4,16.0,0.5,0.5,0.5,-35.1,0.0,54.0,13.0,10.0,52.0,16.0,0.5,0.5,0.6,-42.9,2.3,36.3,-0.1,10.0,43.6,16.0,0.5,0.5,0.6,-13.1,-1.6,8.8,1.2,10.0,25.6,16.0,0.5,0.5,0.6,-20.6,0.0,4.0,-6.2,10.0,14.7,16.0,0.5,0.5,0.6,24.5,216.5,545.0,965.0,12.0,2460.5,16.0,0.5,0.5,0.5,25.0,215.0,545.0,965.0,12.0,2460.0,16.0,0.5,0.5,0.5
1974,2,341.0,38.0,15.0,15.1,15.89,15.49,9.0,0.95,10.0,0.7,0.6,0.5,12.8,15.25,16.17,14.93,10.0,1.92,10.0,0.6,0.6,0.5,6.62,9.28,10.31,8.88,8.0,1.72,12.0,0.6,0.6,0.4,75.4,85.5,92.6,84.8,8.0,9.0,12.0,0.6,0.4,5.0,9.75,14.97,10.59,10.0,5.42,10.0,0.6,0.6,0.5,0.6,4.0,10.41,5.8,10.0,6.87,10.0,0.6,0.6,0.5,-6.43,-1.32,9.41,0.21,10.0,8.32,10.0,0.6,0.6,0.5,1014.4,1017.7,1025.96,1020.06,10.0,6.04,10.0,0.6,0.6,0.5,3.9,7.0,8.0,6.2,10.0,2.1,10.0,0.6,0.6,0.5,2.5,26.8,144.2,88.0,10.0,130.7,10.0,0.6,0.6,0.5,-74.2,-5.4,114.7,4.1,10.0,110.7,10.0,0.6,0.6,0.5,-0.92,-0.3,2.64,0.23,9.0,2.06,10.0,0.7,0.6,0.5,-10.2,-3.2,23.7,3.4,9.0,16.8,10.0,0.7,0.6,0.5,0.3,1.09,2.55,1.34,7.0,1.53,10.0,0.7,0.7,0.4,3.3,15.3,22.7,16.8,7.0,19.4,10.0,0.7,0.7,0.4,9.6,55.4,167.6,90.4,10.0,104.4,10.0,0.6,0.6,0.5,-95.8,-15.8,146.1,11.1,10.0,121.9,10.0,0.6,0.6,0.5,1.7,36.1,91.3,56.9,8.0,73.1,12.0,0.6,0.6,0.4,-35.8,12.6,99.1,19.8,8.0,72.2,12.0,0.6,0.6,0.4,0.0,6.9,13.3,6.3,7.0,6.2,10.0,0.7,0.7,0.4,-10.0,-1.2,12.2,-5.2,7.0,24.3,10.0,0.7,0.7,0.4,141.5,959.0,3367.0,2081.5,10.0,2684.5,10.0,0.6,0.6,0.5,140.0,960.0,3365.0,2080.0,10.0,2685.0,10.0,0.6,0.6,0.5
1974,2,341.0,39.0,13.0,13.9,16.56,14.33,15.0,1.89,16.0,0.5,0.5,0.5,12.71,14.0,15.3,14.06,18.0,1.44,16.0,0.6,0.5,0.5,6.04,7.41,8.97,7.56,11.0,1.81,18.0,0.5,0.5,0.5,64.7,77.5,88.8,76.3,11.0,12.0,18.0,0.5,0.5,4.45,7.85,10.81,8.02,18.0,3.73,16.0,0.6,0.5,0.5,-2.15,3.38,7.29,2.71,18.0,5.26,16.0,0.6,0.5,0.5,-8.87,-3.68,-0.24,-3.86,18.0,5.55,16.0,0.6,0.5,0.5,1018.6,1026.25,1029.76,1024.02,18.0,7.08,16.0,0.6,0.5,0.5,4.0,7.0,8.0,6.3,14.0,1.6,16.0,0.6,0.4,0.5,-13.0,22.8,65.2,29.9,18.0,62.5,16.0,0.6,0.5,0.5,-82.5,-19.6,-0.6,-38.6,18.0,75.3,16.0,0.6,0.5,0.5,-1.67,0.8,1.41,0.33,15.0,1.81,16.0,0.5,0.5,0.5,-11.5,6.2,11.3,2.4,15.0,11.8,16.0,0.5,0.5,0.5,1.22,2.4,4.44,2.72,10.0,1.87,18.0,0.6,0.4,0.5,6.2,20.5,30.9,19.4,10.0,14.6,18.0,0.6,0.4,0.5,-30.6,54.3,112.3,40.2,18.0,71.3,16.0,0.6,0.5,0.5,-110.3,-51.6,-1.5,-49.9,18.0,76.1,16.0,0.6,0.5,0.5,-18.3,9.3,54.9,14.5,11.0,37.7,18.0,0.5,0.5,0.5,-48.8,-25.5,3.9,-22.0,11.0,30.9,18.0,0.5,0.5,0.5,-6.1,2.4,8.6,-1.1,10.0,16.3,18.0,0.6,0.4,0.5,-25.4,-10.7,-0.7,-12.9,10.0,13.4,18.0,0.6,0.4,0.5,89.0,484.5,1284.5,880.5,18.0,1368.0,16.0,0.6,0.5,0.5,90.0,485.0,1285.0,880.0,18.0,1370.0,16.0,0.6,0.5,0.5
1974,2,341.0,40.0,12.29,13.4,14.27,13.41,7.0,1.21,12.0,0.6,0.6,0.5,12.59,13.2,14.42,13.17,7.0,1.44,12.0,0.6,0.6,0.5,6.18,6.77,8.78,7.2,6.0,1.39,12.0,0.5,0.6,0.5,70.4,74.9,90.5,78.5,6.0,10.2,12.0,0.5,0.5,6.58,8.2,10.85,8.29,7.0,2.54,12.0,0.6,0.6,0.5,5.79,7.71,9.09,6.26,7.0,4.76,12.0,0.6,0.6,0.5,-3.77,0.0,3.03,0.0,7.0,4.26,12.0,0.6,0.6,0.5,1019.88,1024.2,1027.42,1023.49,7.0,3.79,12.0,0.6,0.6,0.5,5.0,8.0,8.0,6.9,7.0,1.7,12.0,0.6,0.6,0.5,41.9,63.2,106.8,60.8,7.0,42.6,12.0,0.6,0.6,0.5,-40.1,0.0,26.2,2.5,7.0,44.9,12.0,0.6,0.6,0.5,-1.21,-0.4,0.53,0.24,7.0,2.26,12.0,0.6,0.6,0.5,-9.6,-1.6,4.4,1.7,7.0,18.8,12.0,0.6,0.6,0.5,0.59,2.28,2.98,2.18,6.0,1.81,12.0,0.5,0.6,0.5,4.8,14.1,28.8,17.3,6.0,15.6,12.0,0.5,0.6,0.5,59.7,100.9,134.0,84.0,7.0,64.5,12.0,0.6,0.6,0.5,-49.0,0.0,40.4,3.9,7.0,57.4,12.0,0.6,0.6,0.5,22.5,57.9,65.5,43.2,6.0,36.0,12.0,0.5,0.6,0.5,-24.6,-6.2,4.2,-7.5,6.0,18.1,12.0,0.5,0.6,0.5,-1.4,11.6,25.5,11.9,6.0,15.9,12.0,0.5,0.6,0.5,-12.6,-0.5,1.3,-5.2,6.0,12.2,12.0,0.5,0.6,0.5,289.5,551.5,1278.0,704.0,7.0,551.5,12.0,0.6,0.6,0.5,290.0,550.0,1280.0,705.0,7.0,550.0,12.0,0.6,0.6,0.5
1974,2,341.0,41.0,12.73,13.45,14.67,13.55,22.0,1.06,12.0,0.6,0.5,0.5,12.77,13.35,14.5,13.45,24.0,1.17,12.0,0.6,0.5,0.5,5.48,7.01,9.09,7.12,19.0,1.7,12.0,0.6,0.5,0.5,60.3,74.9,90.1,74.5,20.0,13.9,12.0,0.6,0.5,4.35,9.3,14.15,9.48,23.0,4.47,12.0,0.7,0.5,0.4,-2.6,4.1,11.59,4.79,23.0,6.49,12.0,0.7,0.5,0.4,-7.66,1.34,4.94,-0.28,23.0,6.91,12.0,0.7,0.5,0.4,1013.76,1024.2,1028.15,1021.13,23.0,9.74,12.0,0.6,0.5,0.5,4.0,6.0,8.0,5.7,24.0,2.4,12.0,0.6,0.5,0.5,-10.7,39.9,139.7,61.2,23.0,87.8,12.0,0.7,0.5,0.4,-71.2,10.3,61.5,-10.1,23.0,96.9,12.0,0.7,0.5,0.4,-1.0,0.05,1.5,0.16,22.0,1.16,12.0,0.6,0.5,0.5,-10.3,-2.7,7.4,0.2,21.0,11.6,12.0,0.7,0.5,0.5,0.91,2.77,3.9,2.62,17.0,1.56,14.0,0.6,0.5,0.5,7.3,17.2,46.6,23.9,16.0,19.8,14.0,0.6,0.5,0.5,-34.4,57.0,174.3,66.1,23.0,90.9,12.0,0.7,0.5,0.4,-89.2,18.2,65.4,-0.5,23.0,90.8,12.0,0.7,0.5,0.4,-3.5,34.8,98.1,41.4,18.0,46.9,12.0,0.6,0.5,0.4,-32.6,16.0,37.8,7.1,18.0,43.7,12.0,0.6,0.5,0.4,-4.8,9.4,31.3,10.8,16.0,18.5,14.0,0.6,0.5,0.5,-30.1,1.4,7.9,-6.0,16.0,22.3,14.0,0.6,0.5,0.5,83.0,804.5,2838.5,1424.0,23.0,1696.5,12.0,0.7,0.5,0.4,85.0,805.0,2840.0,1425.0,23.0,1695.0,12.0,0.7,0.5,0.4
1974,2,341.0,42.0,11.99,13.0,15.5,13.28,26.0,1.51,12.0,0.5,0.7,0.5,11.5,12.95,14.1,12.9,30.0,1.27,12.0,0.5,0.6,0.5,6.1,7.51,9.23,7.58,19.0,1.47,12.0,0.5,0.7,0.5,69.4,84.3,94.4,82.1,19.0,12.0,12.0,0.5,0.5,6.5,10.8,14.8,11.08,30.0,4.54,12.0,0.5,0.6,0.5,-1.97,6.05,12.3,5.88,30.0,7.56,12.0,0.5,0.6,0.5,-6.26,1.29,8.23,1.01,30.0,7.31,12.0,0.5,0.6,0.5,1011.38,1023.0,1029.2,1020.71,29.0,8.87,12.0,0.5,0.6,0.5,3.0,7.0,8.0,6.0,30.0,2.2,12.0,0.5,0.6,0.5,-15.1,57.6,194.5,88.0,30.0,116.4,12.0,0.5,0.6,0.5,-75.3,9.9,99.3,22.9,30.0,113.3,12.0,0.5,0.6,0.5,-1.51,0.2,2.03,0.3,26.0,1.87,12.0,0.5,0.7,0.5,-18.9,1.2,23.0,0.6,26.0,20.1,12.0,0.5,0.7,0.5,0.1,1.56,3.0,1.61,18.0,1.38,12.0,0.5,0.7,0.5,1.3,10.8,37.5,16.7,18.0,16.8,12.0,0.5,0.7,0.5,-27.2,72.0,170.1,79.2,30.0,102.0,12.0,0.5,0.6,0.5,-82.3,15.5,113.6,18.0,30.0,95.7,12.0,0.5,0.6,0.5,16.3,68.0,102.2,55.7,19.0,53.9,12.0,0.5,0.7,0.5,-34.8,18.0,47.1,12.9,19.0,46.6,12.0,0.5,0.7,0.5,-7.2,8.9,30.0,9.3,18.0,18.1,12.0,0.5,0.7,0.5,-13.7,0.1,6.6,-1.3,18.0,12.4,12.0,0.5,0.7,0.5,276.0,1259.5,3251.0,2084.0,30.0,2658.0,12.0,0.5,0.6,0.5,275.0,1260.0,3250.0,2085.0,30.0,2660.0,12.0,0.5,0.6,0.5
1974,2,341.0,43.0,11.59,12.0,13.13,12.34,19.0,1.08,12.0,0.5,0.6,0.4,10.16,12.0,13.33,12.0,21.0,1.67,12.0,0.5,0.6,0.5,6.45,6.97,8.4,7.24,17.0,1.14,12.0,0.4,0.6,0.5,75.5,83.0,92.1,82.7,17.0,8.5,12.0,0.4,0.5,5.63,12.9,19.73,13.69,22.0,7.06,12.0,0.5,0.6,0.4,-0.5,9.89,17.01,9.54,22.0,8.92,12.0,0.5,0.6,0.4,-8.16,1.56,9.62,1.32,22.0,8.32,12.0,0.5,0.6,0.4,997.97,1014.15,1028.1,1011.6,22.0,16.39,12.0,0.5,0.6,0.4,4.0,7.0,8.0,6.1,21.0,2.5,12.0,0.5,0.6,0.5,-1.3,140.0,338.8,186.0,22.0,218.3,12.0,0.5,0.6,0.4,-83.9,5.3,239.8,41.5,22.0,143.1,12.0,0.5,0.6,0.4,-1.18,0.1,1.3,0.11,18.0,2.13,12.0,0.5,0.6,0.5,-18.1,0.5,29.6,1.3,18.0,40.2,12.0,0.5,0.6,0.5,1.1,1.7,2.48,1.7,15.0,1.21,12.0,0.4,0.6,0.5,6.8,16.5,25.8,20.0,15.0,20.5,12.0,0.4,0.6,0.5,-12.5,94.0,207.3,113.0,21.0,109.1,12.0,0.5,0.6,0.5,-94.1,27.3,118.8,26.5,21.0,106.9,12.0,0.5,0.6,0.5,0.1,49.9,135.7,67.9,17.0,70.1,12.0,0.4,0.6,0.5,-59.6,16.2,71.6,10.1,17.0,67.1,12.0,0.4,0.6,0.5,-3.5,5.6,18.1,11.6,15.0,22.5,12.0,0.4,0.6,0.5,-18.0,0.0,12.6,-3.5,15.0,13.7,12.0,0.4,0.6,0.5,188.5,2146.5,7773.5,4640.5,22.0,6278.5,12.0,0.5,0.6,0.4,190.0,2145.0,7775.0,4640.0,22.0,6280.0,12.0,0.5,0.6,0.4
1974,2,341.0,44.0,11.63,12.2,13.35,12.44,27.0,1.21,12.0,0.6,0.7,0.4,10.0,12.0,13.34,11.91,31.0,1.7,12.0,0.5,0.6,0.4,5.66,6.95,8.56,7.01,26.0,1.52,12.0,0.6,0.6,0.4,69.4,86.5,93.1,81.4,26.0,12.9,12.0,0.6,0.4,6.2,9.8,18.0,11.82,30.0,6.65,12.0,0.5,0.6,0.4,-2.26,7.64,16.35,7.97,30.0,8.44,12.0,0.5,0.6,0.4,-5.82,3.04,8.04,1.84,30.0,6.93,12.0,0.5,0.6,0.4,995.44,1017.6,1024.4,1012.55,30.0,15.16,12.0,0.5,0.6,0.4,3.6,7.5,8.0,6.3,30.0,2.2,12.0,0.6,0.6,0.4,-9.3,87.9,284.7,141.8,30.0,185.0,12.0,0.5,0.6,0.4,-49.7,23.1,106.7,32.1,30.0,137.1,12.0,0.5,0.6,0.4,-1.2,0.4,2.99,0.61,27.0,2.19,12.0,0.6,0.7,0.4,-12.7,2.3,23.9,5.1,26.0,23.8,12.0,0.5,0.7,0.4,-0.2,1.88,4.03,2.02,23.0,1.87,12.0,0.6,0.6,0.4,-1.5,18.2,34.4,23.4,22.0,31.5,12.0,0.5,0.6,0.4,-22.6,102.0,185.7,96.0,30.0,98.8,12.0,0.5,0.6,0.4,-55.7,36.6,99.9,26.9,30.0,79.9,12.0,0.5,0.6,0.4,-4.5,73.0,110.6,65.4,25.0,55.4,12.0,0.6,0.6,0.4,-32.0,15.8,64.0,12.7,25.0,51.4,12.0,0.6,0.6,0.4,-8.4,6.5,31.2,15.8,22.0,32.8,12.0,0.5,0.6,0.4,-19.2,-4.4,9.8,-4.2,22.0,14.5,12.0,0.5,0.6,0.4,238.5,948.5,5832.0,3413.0,30.0,5408.0,12.0,0.5,0.6,0.4,240.0,950.0,5830.0,3415.0,30.0,5410.0,12.0,0.5,0.6,0.4
1974,2,341.0,45.0,11.55,12.2,13.14,12.34,17.0,1.13,20.0,0.6,0.6,0.4,10.17,11.0,12.31,11.18,19.0,1.39,20.0,0.6,0.6,0.4,5.28,6.06,7.84,6.26,15.0,1.15,20.0,0.7,0.5,0.4,67.6,75.3,80.1,75.7,15.0,8.1,20.0,0.7,0.4,3.03,7.7,11.44,7.66,19.0,3.77,20.0,0.6,0.6,0.4,-5.92,0.0,6.4,0.41,19.0,5.66,20.0,0.6,0.6,0.4,-6.5,1.06,8.11,0.36,19.0,6.63,20.0,0.6,0.6,0.4,1019.13,1022.4,1031.01,1022.45,19.0,9.81,20.0,0.6,0.6,0.4,3.4,7.0,8.0,5.8,18.0,2.4,20.0,0.7,0.5,0.4,-39.6,0.0,75.0,12.8,19.0,57.5,20.0,0.6,0.6,0.4,-49.2,3.3,83.4,3.4,19.0,74.7,20.0,0.6,0.6,0.4,-0.8,1.2,2.64,1.02,17.0,1.85,20.0,0.6,0.6,0.4,-6.7,5.3,26.8,7.9,17.0,20.6,20.0,0.6,0.6,0.4,0.89,2.28,3.76,2.39,15.0,1.25,20.0,0.7,0.5,0.4,8.6,15.0,31.4,19.5,15.0,15.3,20.0,0.7,0.5,0.4,-66.9,0.0,85.2,5.6,19.0,63.6,20.0,0.6,0.6,0.4,-72.4,11.8,82.1,8.2,19.0,75.5,20.0,0.6,0.6,0.4,-41.9,18.1,49.3,6.1,15.0,39.7,20.0,0.7,0.5,0.4,-48.9,6.4,40.8,2.6,15.0,45.8,20.0,0.7,0.5,0.4,-11.8,4.2,18.5,2.0,15.0,16.5,20.0,0.7,0.5,0.4,-13.9,0.6,7.8,-4.7,15.0,18.4,20.0,0.7,0.5,0.4,28.0,456.5,1503.0,760.0,19.0,857.0,20.0,0.6,0.6,0.4,30.0,455.0,1505.0,760.0,19.0,855.0,20.0,0.6,0.6,0.4
1974,2,341.0,46.0,10.21,11.5,13.57,11.75,10.0,1.5,18.0,0.3,0.8,0.4,8.98,10.0,12.53,10.38,13.0,1.73,16.0,0.4,0.8,0.4,5.63,6.49,7.97,6.75,10.0,1.52,16.0,0.3,0.8,0.3,77.3,85.4,91.1,83.7,10.0,9.3,16.0,0.3,0.3,3.5,9.3,15.51,9.7,13.0,5.13,16.0,0.4,0.8,0.4,-3.01,0.0,8.56,2.0,13.0,6.31,16.0,0.4,0.8,0.4,-5.5,3.55,10.31,3.26,13.0,8.52,16.0,0.4,0.8,0.4,989.35,1014.0,1031.37,1011.9,13.0,22.45,16.0,0.4,0.8,0.4,3.8,8.0,8.0,6.4,13.0,2.7,16.0,0.4,0.8,0.4,-27.5,0.0,87.4,31.9,13.0,87.1,16.0,0.4,0.8,0.4,-72.1,12.8,115.8,41.6,13.0,123.8,16.0,0.4,0.8,0.4,0.0,1.8,3.49,1.81,10.0,1.89,18.0,0.3,0.8,0.4,-1.1,11.9,36.1,14.3,10.0,19.9,18.0,0.3,0.8,0.4,0.5,1.87,2.84,1.79,8.0,1.35,18.0,0.3,0.8,0.3,4.0,13.7,24.1,16.3,8.0,19.1,18.0,0.3,0.8,0.3,-33.7,0.0,79.8,15.7,13.0,56.0,16.0,0.4,0.8,0.4,-47.2,34.4,133.8,46.3,13.0,96.7,16.0,0.4,0.8,0.4,-14.8,11.5,50.8,17.7,10.0,36.9,16.0,0.3,0.8,0.3,-29.3,31.7,107.0,40.3,10.0,68.6,16.0,0.3,0.8,0.3,-0.9,3.0,22.2,9.7,8.0,19.1,18.0,0.3,0.8,0.3,-9.9,-6.9,5.2,-4.1,8.0,13.3,18.0,0.3,0.8,0.3,44.0,804.5,3732.5,1626.0,13.0,1829.5,16.0,0.4,0.8,0.4,45.0,805.0,3735.0,1625.0,13.0,1830.0,16.0,0.4,0.8,0.4
1974,2,341.0,47.0,11.07,12.0,12.38,12.03,8.0,0.95,14.0,0.4,0.6,0.3,9.59,10.5,11.75,10.4,12.0,1.52,16.0,0.4,0.6,0.4,4.75,6.05,6.85,5.91,10.0,1.05,14.0,0.4,0.6,0.3,62.3,77.0,80.8,74.1,10.0,9.1,14.0,0.4,0.3,4.91,9.3,18.65,10.96,13.0,6.1,14.0,0.4,0.6,0.4,0.08,5.1,9.73,5.02,13.0,6.18,14.0,0.4,0.6,0.4,-8.34,-2.44,11.68,0.82,13.0,10.05,14.0,0.4,0.6,0.4,1010.79,1019.0,1028.07,1017.32,13.0,13.23,14.0,0.4,0.6,0.4,3.0,8.0,8.0,6.3,12.0,2.7,14.0,0.4,0.6,0.3,-3.1,38.9,156.3,76.6,13.0,110.7,14.0,0.4,0.6,0.4,-82.9,-6.4,151.7,26.1,13.0,168.2,14.0,0.4,0.6,0.4,0.06,1.55,3.84,1.95,8.0,1.96,14.0,0.4,0.6,0.3,0.5,14.1,26.6,24.1,8.0,35.9,14.0,0.4,0.6,0.3,1.76,2.84,4.08,2.95,7.0,1.25,16.0,0.4,0.6,0.3,8.8,32.8,35.6,27.4,7.0,15.0,16.0,0.4,0.6,0.3,-6.4,52.2,99.9,48.6,12.0,65.3,16.0,0.4,0.6,0.4,-86.1,-30.8,124.7,10.1,12.0,109.0,16.0,0.4,0.6,0.4,-11.4,25.0,52.4,25.5,10.0,39.0,14.0,0.4,0.6,0.3,-34.6,-8.2,77.2,15.6,10.0,62.7,14.0,0.4,0.6,0.3,0.7,15.1,18.1,10.8,7.0,13.0,16.0,0.4,0.6,0.3,-27.6,-3.7,33.5,-0.5,7.0,28.2,16.0,0.4,0.6,0.3,123.0,804.5,6502.5,2504.0,13.0,3143.5,14.0,0.4,0.6,0.4,125.0,805.0,6505.0,2505.0,13.0,3145.0,14.0,0.4,0.6,0.4
1974,2,341.0,48.0,10.01,10.75,12.07,10.95,10.0,1.23,20.0,0.3,0.4,0.5,7.98,10.0,10.55,9.47,13.0,1.31,18.0,0.3,0.5,0.5,5.28,6.01,6.9,5.96,13.0,0.98,18.0,0.3,0.5,0.5,67.9,86.2,91.2,81.7,13.0,12.1,18.0,0.3,0.5,4.76,9.3,14.27,9.61,14.0,5.61,18.0,0.4,0.5,0.4,-5.3,4.03,9.86,4.02,14.0,8.02,18.0,0.4,0.5,0.4,-9.56,-0.57,6.56,-1.15,14.0,6.91,18.0,0.4,0.5,0.4,1012.81,1023.3,1030.22,1020.61,13.0,7.96,18.0,0.3,0.5,0.5,5.9,8.0,8.0,7.2,13.0,1.4,16.0,0.4,0.5,0.4,-42.6,28.6,131.6,64.5,14.0,139.8,18.0,0.4,0.5,0.4,-155.1,-0.9,51.0,-28.1,14.0,91.9,18.0,0.4,0.5,0.4,0.5,1.25,2.96,1.59,10.0,1.13,20.0,0.3,0.4,0.5,2.0,4.0,31.9,17.1,10.0,21.8,20.0,0.3,0.4,0.5,1.08,1.96,2.46,1.91,10.0,0.79,20.0,0.3,0.4,0.5,6.0,10.1,26.2,15.0,10.0,12.7,20.0,0.3,0.4,0.5,-57.5,28.2,96.8,30.2,13.0,71.0,18.0,0.3,0.5,0.5,-54.9,0.0,69.1,1.3,13.0,59.4,18.0,0.3,0.5,0.5,-38.8,22.4,55.6,19.3,13.0,48.6,18.0,0.3,0.5,0.5,-45.5,0.0,46.6,0.1,13.0,41.2,18.0,0.3,0.5,0.5,-10.3,0.0,10.1,2.2,10.0,16.3,20.0,0.3,0.4,0.5,-8.7,2.0,12.3,2.3,10.0,11.6,20.0,0.3,0.4,0.5,114.5,804.5,2915.0,1816.0,14.0,3003.5,18.0,0.4,0.5,0.4,115.0,805.0,2915.0,1815.0,14.0,3005.0,18.0,0.4,0.5,0.4
1974,2,341.0,49.0,9.83,10.55,11.87,10.73,10.0,1.14,18.0,0.4,0.6,0.4,9.07,10.95,12.13,10.68,12.0,1.52,18.0,0.5,0.7,0.3,5.36,6.36,6.98,6.3,10.0,0.97,18.0,0.5,0.6,0.4,70.0,75.6,89.1,79.2,10.0,9.8,18.0,0.5,0.4,5.83,9.3,12.99,9.81,11.0,4.44,16.0,0.5,0.6,0.4,-1.6,5.15,12.89,5.5,11.0,8.0,16.0,0.5,0.6,0.4,-0.29,1.96,7.62,2.99,11.0,4.29,16.0,0.5,0.6,0.4,1002.15,1023.15,1030.18,1018.29,12.0,13.61,18.0,0.5,0.7,0.3,3.7,7.0,8.0,6.3,12.0,2.0,18.0,0.5,0.7,0.3,-18.0,53.0,171.8,75.4,11.0,124.8,16.0,0.5,0.6,0.4,-1.2,20.8,64.3,24.3,11.0,48.8,16.0,0.5,0.6,0.4,-0.77,0.35,1.61,0.37,10.0,1.53,18.0,0.4,0.6,0.4,-9.3,0.8,10.8,1.4,9.0,9.9,16.0,0.4,0.6,0.4,0.77,1.9,2.59,1.72,9.0,0.94,18.0,0.4,0.6,0.3,6.1,23.0,25.6,19.7,8.0,14.4,18.0,0.5,0.6,0.4,-18.0,60.7,145.8,54.6,11.0,82.8,16.0,0.5,0.6,0.4,-3.7,23.5,85.7,34.6,11.0,48.8,16.0,0.5,0.6,0.4,-17.2,41.5,85.4,31.6,9.0,49.9,18.0,0.6,0.6,0.4,0.0,15.9,59.5,25.1,9.0,30.5,18.0,0.6,0.6,0.4,-6.9,1.5,25.6,8.6,8.0,21.6,18.0,0.5,0.6,0.4,0.0,2.6,9.0,4.4,8.0,8.7,18.0,0.5,0.6,0.4,216.5,804.5,2355.5,1524.5,11.0,2036.0,16.0,0.5,0.6,0.4,215.0,805.0,2355.0,1525.0,11.0,2035.0,16.0,0.5,0.6,0.4
1974,2,341.0,50.0,9.9,10.0,10.76,10.2,6.0,0.55,12.0,0.5,0.4,0.6,6.86,8.0,9.55,7.99,7.0,2.11,12.0,0.4,0.5,0.6,4.14,5.4,7.01,5.45,6.0,1.71,14.0,0.3,0.5,0.6,64.7,77.8,90.6,78.1,6.0,15.4,14.0,0.3,0.6,8.12,11.6,15.4,11.15,6.0,4.55,12.0,0.5,0.4,0.6,2.68,11.3,15.4,9.47,6.0,6.52,12.0,0.5,0.4,0.6,-0.25,0.0,4.58,1.9,6.0,3.94,12.0,0.5,0.4,0.6,999.22,1004.3,1010.39,1002.04,7.0,15.73,12.0,0.4,0.5,0.6,4.0,7.0,8.0,6.3,7.0,1.7,12.0,0.4,0.5,0.6,9.7,134.9,237.2,126.1,6.0,107.4,12.0,0.5,0.4,0.6,-0.9,0.0,43.9,19.2,6.0,35.7,12.0,0.5,0.4,0.6,0.58,2.0,3.83,2.47,6.0,2.45,12.0,0.5,0.4,0.6,7.6,27.3,30.8,21.1,6.0,12.8,12.0,0.5,0.4,0.6,1.12,3.12,3.96,2.75,5.0,1.7,14.0,0.4,0.4,0.6,13.4,18.5,48.9,28.5,5.0,19.3,14.0,0.4,0.4,0.6,10.7,91.2,123.2,73.7,6.0,56.6,12.0,0.5,0.4,0.6,-1.0,0.0,39.0,19.5,6.0,40.0,12.0,0.5,0.4,0.6,6.6,68.0,75.2,46.5,5.0,38.3,14.0,0.4,0.4,0.6,-1.4,0.0,23.3,12.0,5.0,29.0,14.0,0.4,0.4,0.6,9.8,17.4,48.9,26.3,5.0,22.0,14.0,0.4,0.4,0.6,-2.3,0.0,3.5,0.7,5.0,5.8,14.0,0.4,0.4,0.6,648.0,1673.5,3652.5,1917.0,6.0,1546.0,12.0,0.5,0.4,0.6,650.0,1675.0,3650.0,1915.0,6.0,1545.0,12.0,0.5,0.4,0.6
1974,2,341.0,51.0,10.3,10.5,11.46,10.87,3.0,0.91,10.0,0.3,0.3,0.2,9.3,9.4,11.88,10.66,5.0,2.71,14.0,0.4,0.5,0.4,4.72,5.85,7.18,5.94,4.0,1.52,12.0,0.5,0.4,0.3,63.5,69.2,79.8,71.5,4.0,11.8,12.0,0.5,0.3,5.75,7.7,11.92,8.9,5.0,4.87,14.0,0.4,0.5,0.4,2.85,6.89,10.8,6.8,5.0,7.38,14.0,0.4,0.5,0.4,-1.85,0.0,2.11,0.35,5.0,3.23,14.0,0.4,0.5,0.4,977.4,1010.4,1025.26,1002.12,5.0,28.52,14.0,0.4,0.5,0.4,3.5,6.0,8.0,5.8,4.0,2.6,12.0,0.5,0.4,0.3,22.7,55.7,144.9,87.2,5.0,117.0,14.0,0.4,0.5,0.4,-11.1,0.0,19.0,5.2,5.0,27.5,14.0,0.4,0.5,0.4,0.93,1.2,2.16,1.53,3.0,0.95,10.0,0.3,0.3,0.2,6.8,8.0,32.7,19.5,3.0,21.4,10.0,0.3,0.3,0.2,2.45,2.73,3.13,2.79,3.0,0.5,10.0,0.3,0.3,0.2,20.6,25.5,35.0,27.7,3.0,10.7,10.0,0.3,0.3,0.2,17.7,67.6,100.9,59.3,5.0,77.6,14.0,0.4,0.5,0.4,-22.8,0.0,20.7,2.0,5.0,32.7,14.0,0.4,0.5,0.4,-0.8,32.9,74.7,36.8,4.0,57.8,12.0,0.5,0.4,0.3,-11.1,-5.4,0.0,-5.6,4.0,6.4,12.0,0.5,0.4,0.3,20.1,24.0,34.5,27.2,3.0,10.9,10.0,0.3,0.3,0.2,-6.0,0.0,0.0,-2.9,3.0,5.0,10.0,0.3,0.3,0.2,216.0,456.5,2257.0,1293.5,5.0,2037.5,14.0,0.4,0.5,0.4,215.0,455.0,2255.0,1295.0,5.0,2035.0,14.0,0.4,0.5,0.4
1974,2,341.0,52.0,9.58,10.0,10.05,9.83,4.0,0.42,14.0,0.3,0.4,0.6,6.9,9.2,9.64,8.55,6.0,1.43,10.0,0.2,0.3,0.5,3.73,5.75,5.86,5.08,6.0,1.25,10.0,0.2,0.3,0.5,52.2,79.6,85.3,73.4,6.0,17.9,10.0,0.2,0.5,5.58,9.25,10.4,8.4,6.0,2.5,10.0,0.2,0.3,0.5,4.37,5.51,7.1,5.45,6.0,2.62,10.0,0.2,0.3,0.5,-6.02,3.01,6.61,0.95,6.0,6.88,10.0,0.2,0.3,0.5,998.69,1009.9,1018.7,1009.0,6.0,9.98,10.0,0.2,0.3,0.5,6.0,7.0,8.0,7.0,6.0,1.1,10.0,0.2,0.3,0.5,26.3,50.8,73.1,49.7,6.0,30.3,10.0,0.2,0.3,0.5,-63.0,15.6,57.7,1.7,6.0,67.7,10.0,0.2,0.3,0.5,0.3,0.55,1.49,0.88,4.0,0.91,14.0,0.3,0.4,0.6,3.0,4.9,9.3,6.1,4.0,4.5,14.0,0.3,0.4,0.6,1.62,2.78,3.92,2.77,4.0,1.34,14.0,0.3,0.4,0.6,14.8,19.4,31.2,22.8,4.0,11.0,14.0,0.3,0.4,0.6,29.5,44.4,69.2,47.1,6.0,26.6,10.0,0.2,0.3,0.5,-51.8,26.1,62.8,13.0,6.0,57.8,10.0,0.2,0.3,0.5,15.1,30.8,35.9,26.6,6.0,13.0,10.0,0.2,0.3,0.5,-27.0,16.0,38.7,7.1,6.0,38.8,10.0,0.2,0.3,0.5,9.5,16.5,28.3,18.8,4.0,11.5,14.0,0.3,0.4,0.6,-8.1,7.5,11.4,1.9,4.0,14.4,14.0,0.3,0.4,0.6,174.5,822.0,1127.0,719.0,6.0,495.5,10.0,0.2,0.3,0.5,175.0,820.0,1125.0,720.0,6.0,495.0,10.0,0.2,0.3,0.5
1974,2,341.0,53.0,9.4,9.6,9.86,9.64,16.0,0.21,18.0,0.6,0.5,0.2,7.88,8.5,8.9,8.29,16.0,0.74,18.0,0.6,0.5,0.2,4.46,5.0,6.0,5.15,16.0,0.79,18.0,0.6,0.5,0.2,66.4,73.7,88.7,75.9,16.0,11.1,18.0,0.6,0.2,5.52,10.55,14.4,10.57,16.0,4.05,18.0,0.6,0.5,0.2,3.33,4.93,8.71,6.0,16.0,4.17,18.0,0.6,0.5,0.2,-12.29,-7.87,0.0,-5.98,16.0,6.45,18.0,0.6,0.5,0.2,1007.87,1012.05,1018.82,1012.34,16.0,7.18,18.0,0.6,0.5,0.2,1.0,6.0,7.0,4.5,16.0,2.8,18.0,0.6,0.5,0.2,21.8,48.9,88.7,72.2,16.0,84.8,18.0,0.6,0.5,0.2,-176.7,-76.6,0.0,-73.6,16.0,84.4,18.0,0.6,0.5,0.2,0.8,1.15,1.96,1.34,16.0,0.86,18.0,0.6,0.5,0.2,5.1,11.8,19.0,15.1,16.0,14.7,18.0,0.6,0.5,0.2,1.42,2.31,3.11,2.28,16.0,0.84,18.0,0.6,0.5,0.2,14.0,18.7,28.0,23.8,16.0,15.3,18.0,0.6,0.5,0.2,27.2,43.1,61.9,48.7,16.0,31.3,18.0,0.6,0.5,0.2,-100.3,-59.2,0.0,-48.4,16.0,54.2,18.0,0.6,0.5,0.2,16.3,26.1,40.7,28.8,16.0,15.4,18.0,0.6,0.5,0.2,-70.1,-38.8,0.0,-33.8,16.0,36.6,18.0,0.6,0.5,0.2,4.2,10.7,23.7,15.8,16.0,16.5,18.0,0.6,0.5,0.2,-19.7,-14.2,0.0,-10.8,16.0,13.3,18.0,0.6,0.5,0.2,173.0,1176.0,2986.0,1684.5,16.0,1769.0,18.0,0.6,0.5,0.2,175.0,1175.0,2985.0,1685.0,16.0,1770.0,18.0,0.6,0.5,0.2
1974,2,341.0,54.0,9.64,9.9,9.95,9.8,4.0,0.27,20.0,0.0,0.3,0.5,6.91,7.4,9.51,8.08,5.0,1.6,18.0,0.2,0.4,0.4,3.92,5.05,5.14,4.55,3.0,0.99,18.0,0.0,0.4,0.7,67.7,81.2,83.4,75.8,4.0,12.4,20.0,0.0,0.5,6.43,12.3,17.05,12.04,5.0,6.2,18.0,0.2,0.4,0.4,-0.46,2.14,16.02,6.87,5.0,9.27,18.0,0.2,0.4,0.4,-7.06,-5.13,1.19,-2.45,5.0,8.2,18.0,0.2,0.4,0.4,990.72,1013.0,1020.4,1005.9,4.0,22.59,16.0,0.3,0.5,0.5,6.0,7.0,7.4,6.8,5.0,0.8,18.0,0.2,0.4,0.4,-3.3,26.3,279.8,125.5,5.0,177.3,18.0,0.2,0.4,0.4,-101.9,-51.1,37.9,-30.0,5.0,109.5,18.0,0.2,0.4,0.4,0.79,2.35,3.08,1.95,4.0,1.74,20.0,0.0,0.3,0.5,2.8,22.9,54.6,28.4,4.0,34.4,20.0,0.0,0.3,0.5,2.19,2.53,3.66,2.91,3.0,1.13,18.0,0.0,0.4,0.7,18.5,30.5,68.5,43.2,3.0,38.2,18.0,0.0,0.4,0.7,-4.1,22.2,109.7,47.3,5.0,61.4,18.0,0.2,0.4,0.4,-51.9,-37.7,22.6,-11.5,5.0,77.6,18.0,0.2,0.4,0.4,20.9,65.8,70.8,46.3,3.0,40.3,18.0,0.0,0.4,0.7,-26.3,-25.7,-24.5,-25.4,3.0,1.4,18.0,0.0,0.4,0.7,9.1,28.6,64.3,36.5,3.0,41.0,18.0,0.0,0.4,0.7,-24.2,-12.9,-11.2,-17.6,3.0,10.3,18.0,0.0,0.4,0.7,285.5,1861.0,5335.0,2896.5,5.0,3517.0,18.0,0.2,0.4,0.4,285.0,1860.0,5335.0,2895.0,5.0,3515.0,18.0,0.2,0.4,0.4
1974,2,341.0,55.0,8.54,9.05,9.56,9.05,2.0,1.06,16.0,0.0,0.8,0.5,8.74,9.25,9.76,9.25,2.0,1.06,16.0,0.0,0.8,0.5,5.8,5.93,6.07,5.93,2.0,0.28,16.0,0.0,0.8,0.5,81.0,81.2,81.5,81.2,2.0,0.5,16.0,0.0,0.5,7.51,9.25,10.99,9.25,2.0,3.61,16.0,0.0,0.8,0.5,1.87,5.9,9.93,5.9,2.0,8.34,16.0,0.0,0.8,0.5,1.06,3.35,5.64,3.35,2.0,4.74,16.0,0.0,0.8,0.5,987.25,1002.2,1017.15,1002.2,2.0,30.97,16.0,0.0,0.8,0.5,7.2,7.5,7.8,7.5,2.0,0.7,16.0,0.0,0.8,0.5,22.1,69.6,117.1,69.6,2.0,98.5,16.0,0.0,0.8,0.5,7.1,22.4,37.8,22.4,2.0,31.7,16.0,0.0,0.8,0.5,-0.2,-0.2,-0.2,-0.2,2.0,0.0,16.0,0.0,0.8,0.5,-2.2,-1.8,-1.5,-1.8,2.0,0.7,16.0,0.0,0.8,0.5,1.27,1.28,1.29,1.28,2.0,0.01,16.0,0.0,0.8,0.5,9.6,11.8,14.0,11.8,2.0,4.5,16.0,0.0,0.8,0.5,15.9,50.2,84.4,50.2,2.0,70.9,16.0,0.0,0.8,0.5,10.6,33.5,56.4,33.5,2.0,47.4,16.0,0.0,0.8,0.5,10.7,33.8,56.9,33.8,2.0,47.8,16.0,0.0,0.8,0.5,6.5,20.5,34.6,20.5,2.0,29.1,16.0,0.0,0.8,0.5,2.4,7.5,12.6,7.5,2.0,10.6,16.0,0.0,0.8,0.5,1.4,4.3,7.3,4.3,2.0,6.1,16.0,0.0,0.8,0.5,514.0,972.0,1430.0,972.0,2.0,949.0,16.0,0.0,0.8,0.5,515.0,970.0,1430.0,970.0,2.0,950.0,16.0,0.0,0.8,0.5
1974,2,341.0,56.0,,,,,,,,,,,,,,,,,,,,,,,,,,,,,,,,,,,,,,,,13.9,13.9,13.9,13.9,1.0,0.0,2.0,1.0,1.0,0.2,13.06,13.06,13.06,13.06,1.0,0.0,2.0,1.0,1.0,0.2,-4.75,-4.75,-4.75,-4.75,1.0,0.0,2.0,1.0,1.0,0.2,992.6,992.6,992.6,992.6,1.0,0.0,2.0,1.0,1.0,0.2,,,,,,,,,,,,,,,,,,,,,,,,,,,,,,,,,,,,,,,,,,,,,,,,,,,,,,,,,,,,,,,,,,,,,,,,,,,,,,,,,,,,,,,,,,,,,,,,,,,,,,,,,,,,,,,,,,,,,,,,,,,,,,,,,,,,,,,,,,,,,,,,,,,,,,
1974,2,341.0,57.0,8.13,8.85,9.02,8.6,6.0,0.61,10.0,0.2,0.7,0.1,3.98,7.3,8.52,6.41,7.0,2.28,12.0,0.1,0.7,0.1,4.33,5.35,5.83,5.09,4.0,1.03,12.0,0.0,0.7,0.1,76.9,83.4,92.8,84.8,4.0,11.5,12.0,0.0,0.1,5.08,18.0,20.87,14.36,7.0,8.65,12.0,0.1,0.7,0.1,2.69,16.84,19.08,11.64,7.0,9.11,12.0,0.1,0.7,0.1,-5.16,-1.22,0.17,-3.61,7.0,7.69,12.0,0.1,0.7,0.1,976.76,988.2,1007.63,990.64,7.0,14.59,12.0,0.1,0.7,0.1,2.8,5.0,7.2,5.0,6.0,2.4,14.0,0.2,0.7,0.1,12.3,319.1,425.2,227.8,7.0,202.6,12.0,0.1,0.7,0.1,-78.7,-8.5,0.8,-85.3,7.0,195.6,12.0,0.1,0.7,0.1,-0.68,1.4,4.49,1.78,6.0,2.53,10.0,0.2,0.7,0.1,-6.1,19.4,52.1,27.8,6.0,46.7,10.0,0.2,0.7,0.1,1.09,1.73,3.01,2.04,3.0,1.43,10.0,0.0,0.7,0.1,5.3,8.0,19.7,12.4,3.0,11.2,10.0,0.0,0.7,0.1,21.4,79.2,139.3,68.0,7.0,63.6,12.0,0.1,0.7,0.1,-41.9,-4.3,1.3,-19.5,7.0,39.4,12.0,0.1,0.7,0.1,-0.1,20.9,66.6,32.7,4.0,50.8,12.0,0.0,0.7,0.1,-16.0,-2.2,10.4,-2.8,4.0,19.0,12.0,0.0,0.7,0.1,0.3,5.1,18.6,9.3,3.0,13.9,10.0,0.0,0.7,0.1,-4.1,-3.5,3.1,-0.6,3.0,5.8,10.0,0.0,0.7,0.1,131.0,5832.0,9183.5,5713.0,7.0,6488.5,12.0,0.1,0.7,0.1,130.0,5830.0,9185.0,5715.0,7.0,6490.0,12.0,0.1,0.7,0.1
1974,2,341.0,58.0,8.0,8.6,8.8,8.47,100.0,0.39,12.0,0.4,0.6,0.8,4.79,6.3,7.61,6.11,101.0,1.46,12.0,0.3,0.6,0.8,4.12,5.0,5.93,5.02,99.0,0.84,12.0,0.3,0.6,0.8,75.9,84.5,93.5,84.4,99.0,9.0,12.0,0.3,0.8,4.6,11.3,15.4,10.48,101.0,4.67,12.0,0.3,0.6,0.8,-1.69,5.99,12.77,5.63,101.0,7.16,12.0,0.3,0.6,0.8,-4.32,2.41,9.44,2.15,101.0,6.68,12.0,0.3,0.6,0.8,988.47,998.3,1012.58,1000.33,101.0,10.96,12.0,0.3,0.6,0.8,4.0,7.0,8.0,6.2,101.0,2.1,12.0,0.3,0.6,0.8,-4.5,66.3,178.6,82.4,101.0,107.0,12.0,0.3,0.6,0.8,-36.3,19.9,106.7,31.8,101.0,86.5,12.0,0.3,0.6,0.8,1.0,2.2,3.7,2.35,100.0,1.42,12.0,0.4,0.6,0.8,4.7,21.2,51.4,26.3,100.0,22.4,12.0,0.4,0.6,0.8,1.26,1.98,2.73,1.92,99.0,0.81,12.0,0.3,0.6,0.8,5.7,19.5,34.3,20.9,99.0,15.0,12.0,0.3,0.6,0.8,-11.3,34.5,73.8,29.8,101.0,42.9,12.0,0.3,0.6,0.8,-29.3,12.9,51.6,12.7,101.0,40.5,12.0,0.3,0.6,0.8,-6.2,30.5,62.6,25.9,99.0,34.2,12.0,0.3,0.6,0.8,-20.2,12.1,46.1,11.4,99.0,33.3,12.0,0.3,0.6,0.8,-1.9,9.3,30.5,12.5,99.0,17.3,12.0,0.3,0.6,0.8,-8.3,0.5,17.3,3.7,99.0,14.1,12.0,0.3,0.6,0.8,97.5,1443.0,3652.5,1810.5,101.0,1807.0,12.0,0.3,0.6,0.8,95.0,1445.0,3650.0,1810.0,101.0,1805.0,12.0,0.3,0.6,0.8
1974,2,341.0,59.0,8.0,8.4,8.7,8.34,119.0,0.34,12.0,0.3,0.5,0.2,3.5,5.2,7.7,5.52,121.0,2.05,12.0,0.3,0.5,0.2,3.4,4.52,5.62,4.68,118.0,1.17,12.0,0.3,0.4,0.2,64.5,81.4,96.6,80.6,118.0,13.6,12.0,0.3,0.2,7.2,11.55,16.56,12.32,120.0,5.88,12.0,0.3,0.5,0.2,-8.19,7.09,11.16,2.79,120.0,9.89,12.0,0.3,0.5,0.2,-12.05,0.0,7.5,-1.44,120.0,8.94,12.0,0.3,0.5,0.2,975.7,989.1,1018.4,994.09,121.0,17.1,12.0,0.3,0.5,0.2,3.0,7.0,8.0,6.3,121.0,2.2,12.0,0.3,0.5,0.2,-97.4,68.2,152.9,16.6,120.0,188.4,12.0,0.3,0.5,0.2,-181.0,0.0,96.7,-42.0,120.0,170.6,12.0,0.3,0.5,0.2,0.2,3.4,4.93,2.8,119.0,2.24,12.0,0.3,0.5,0.2,2.6,28.0,62.9,33.2,118.0,36.6,12.0,0.3,0.5,0.2,1.19,2.48,3.63,2.24,118.0,1.29,12.0,0.3,0.4,0.2,8.4,24.5,41.0,25.1,117.0,18.0,12.0,0.3,0.4,0.2,-47.1,27.9,77.8,23.1,120.0,56.2,12.0,0.3,0.5,0.2,-59.5,0.0,60.2,1.6,120.0,50.3,12.0,0.3,0.5,0.2,-33.2,31.0,63.4,15.9,117.0,49.8,12.0,0.3,0.4,0.2,-54.5,0.0,44.7,-4.7,117.0,45.9,12.0,0.3,0.4,0.2,-26.8,5.2,23.1,1.5,117.0,23.1,12.0,0.3,0.4,0.2,-29.4,-3.1,9.9,-6.8,117.0,19.4,12.0,0.3,0.4,0.2,373.0,1543.0,4540.5,3296.0,120.0,4827.5,12.0,0.3,0.5,0.2,375.0,1545.0,4540.0,3295.0,120.0,4830.0,12.0,0.3,0.5,0.2
1974,2,341.0,60.0,,,,,,,,,,,,,,,,,,,,,,,,,,,,,,,,,,,,,,,,12.0,12.0,12.0,12.0,2.0,0.0,20.0,0.0,0.5,0.5,-1.8,3.14,8.09,3.14,2.0,10.25,20.0,0.0,0.5,0.5,6.84,8.64,10.44,8.64,2.0,3.73,20.0,0.0,0.5,0.5,994.73,998.45,1002.17,998.45,2.0,7.71,20.0,0.0,0.5,0.5,,,,,,,,,,,,,,,,,,,,,,,,,,,,,,,,,,,,,,,,,,,,,,,,,,,,,,,,,,,,,,,,,,,,,,,,,,,,,,,,,,,,,,,,,,,,,,,,,,,,,,,,,,,,,,,,,,,,,,,,,,,,,,,,,,,,,,,,,,,,,,,,,,,,,,
1974,2,341.0,61.0,7.53,7.8,8.62,8.07,3.0,0.83,14.0,0.3,0.8,0.5,2.18,3.0,4.37,3.27,3.0,1.62,14.0,0.3,0.8,0.5,4.48,4.48,4.48,4.48,1.0,0.0,6.0,0.0,0.9,0.3,93.1,93.1,93.1,93.1,1.0,0.0,6.0,0.0,0.3,5.27,11.0,14.34,9.83,3.0,6.73,14.0,0.3,0.8,0.5,-3.86,-0.45,-0.14,-1.96,3.0,3.02,14.0,0.3,0.8,0.5,5.24,11.0,13.69,9.5,3.0,6.33,14.0,0.3,0.8,0.5,990.83,998.2,1004.28,997.57,3.0,9.87,14.0,0.3,0.8,0.5,8.0,8.0,8.0,8.0,1.0,0.0,6.0,0.0,0.9,0.3,-59.4,-1.2,-0.4,-29.2,3.0,49.6,14.0,0.3,0.8,0.5,42.9,121.0,200.6,121.7,3.0,115.5,14.0,0.3,0.8,0.5,4.13,4.4,5.49,4.8,3.0,1.06,14.0,0.3,0.8,0.5,28.0,63.6,65.2,47.0,3.0,30.8,14.0,0.3,0.8,0.5,2.06,2.06,2.06,2.06,1.0,0.0,6.0,0.0,0.9,0.3,5.4,5.4,5.4,5.4,1.0,0.0,6.0,0.0,0.9,0.3,-19.0,-1.4,-0.4,-9.5,3.0,15.3,14.0,0.3,0.8,0.5,11.5,19.8,57.3,34.1,3.0,35.7,14.0,0.3,0.8,0.5,-2.0,-2.0,-2.0,-2.0,1.0,0.0,6.0,0.0,0.9,0.3,11.5,11.5,11.5,11.5,1.0,0.0,6.0,0.0,0.9,0.3,-0.9,-0.9,-0.9,-0.9,1.0,0.0,6.0,0.0,0.9,0.3,5.3,5.3,5.3,5.3,1.0,0.0,6.0,0.0,0.9,0.3,434.5,1331.0,3166.5,1789.5,3.0,2040.0,14.0,0.3,0.8,0.5,435.0,1330.0,3165.0,1790.0,3.0,2040.0,14.0,0.3,0.8,0.5
1974,2,341.0,62.0,7.48,8.5,9.52,8.5,3.0,1.5,20.0,0.0,0.4,0.7,1.11,2.75,4.78,2.83,8.0,2.93,18.0,0.1,0.6,0.5,6.69,6.69,6.69,6.69,1.0,0.0,26.0,0.0,0.3,0.9,99.3,99.3,99.3,99.3,1.0,0.0,26.0,0.0,0.9,9.3,13.65,20.42,14.39,8.0,5.84,18.0,0.1,0.6,0.5,-8.97,2.64,11.31,2.58,8.0,12.13,18.0,0.1,0.6,0.5,-11.23,-2.1,3.62,-1.46,8.0,10.65,18.0,0.1,0.6,0.5,985.09,1001.7,1008.31,998.63,8.0,11.83,18.0,0.1,0.6,0.5,4.3,7.0,8.0,6.5,8.0,1.9,18.0,0.1,0.6,0.5,-136.8,16.6,136.0,33.8,8.0,232.1,18.0,0.1,0.6,0.5,-162.7,-25.9,79.8,-3.3,8.0,198.6,18.0,0.1,0.6,0.5,0.36,3.5,9.3,4.8,3.0,6.65,20.0,0.0,0.4,0.7,-5.1,32.6,133.2,63.3,3.0,104.8,20.0,0.0,0.4,0.7,-0.44,-0.44,-0.44,-0.44,1.0,0.0,26.0,0.0,0.3,0.9,-9.1,-9.1,-9.1,-9.1,1.0,0.0,26.0,0.0,0.3,0.9,-25.9,18.3,43.9,12.3,8.0,36.6,18.0,0.1,0.6,0.5,-9.1,1.5,21.7,18.5,8.0,61.5,18.0,0.1,0.6,0.5,-23.9,-23.9,-23.9,-23.9,1.0,0.0,26.0,0.0,0.3,0.9,135.6,135.6,135.6,135.6,1.0,0.0,26.0,0.0,0.3,0.9,1.6,1.6,1.6,1.6,1.0,0.0,26.0,0.0,0.3,0.9,-9.0,-9.0,-9.0,-9.0,1.0,0.0,26.0,0.0,0.3,0.9,804.5,2618.0,8533.0,4291.5,8.0,4236.5,18.0,0.1,0.6,0.5,805.0,2620.0,8535.0,4290.0,8.0,4235.0,18.0,0.1,0.6,0.5
1974,2,341.0,63.0,5.51,6.3,6.7,6.19,10.0,0.65,14.0,0.1,0.6,0.3,0.34,4.0,7.0,3.62,25.0,3.36,14.0,0.1,0.6,0.3,5.18,5.31,5.44,5.31,2.0,0.27,4.0,0.0,0.6,0.0,90.9,91.4,91.8,91.4,2.0,0.8,4.0,0.0,0.0,6.7,12.3,19.0,13.08,25.0,5.43,14.0,0.1,0.6,0.3,-13.93,-3.52,4.87,-4.36,25.0,9.67,14.0,0.1,0.6,0.3,-10.34,-4.31,8.6,-2.07,25.0,9.49,14.0,0.1,0.6,0.3,984.0,994.75,1006.7,995.85,22.0,9.88,14.0,0.1,0.6,0.3,3.7,8.0,8.0,6.5,22.0,2.2,14.0,0.1,0.6,0.3,-209.0,-22.4,58.1,-78.9,25.0,192.7,14.0,0.1,0.6,0.3,-232.0,-28.9,105.8,-43.1,25.0,150.8,14.0,0.1,0.6,0.3,-1.09,1.45,4.67,2.01,10.0,3.4,14.0,0.1,0.6,0.3,-11.4,15.2,54.7,18.9,10.0,31.9,14.0,0.1,0.6,0.3,0.45,0.62,0.78,0.62,2.0,0.35,4.0,0.0,0.6,0.0,5.3,7.7,10.0,7.7,2.0,4.9,4.0,0.0,0.6,0.0,-30.7,-0.5,28.9,-4.4,25.0,45.4,14.0,0.1,0.6,0.3,-29.7,0.0,48.9,11.8,25.0,47.5,14.0,0.1,0.6,0.3,-59.6,-55.8,-51.9,-55.8,2.0,8.0,4.0,0.0,0.6,0.0,-34.4,-32.2,-30.0,-32.2,2.0,4.6,4.0,0.0,0.6,0.0,-8.7,-6.6,-4.6,-6.6,2.0,4.2,4.0,0.0,0.6,0.0,-5.0,-3.8,-2.7,-3.8,2.0,2.4,4.0,0.0,0.6,0.0,301.0,1861.0,6859.0,3442.5,25.0,4295.5,14.0,0.1,0.6,0.3,300.0,1860.0,6860.0,3445.0,25.0,4295.0,14.0,0.1,0.6,0.3
1974,2,341.0,66.0,1.53,1.95,2.0,1.91,8.0,0.35,6.0,0.0,0.5,0.5,-0.39,1.8,3.5,1.43,12.0,2.76,10.0,0.0,0.5,0.5,3.93,4.05,4.1,4.01,6.0,0.12,2.0,0.0,0.6,0.5,83.1,90.8,100.0,91.3,6.0,8.8,2.0,0.0,0.5,4.6,9.55,18.0,11.09,12.0,6.49,10.0,0.0,0.5,0.5,-15.89,-7.57,-1.17,-8.49,12.0,7.85,10.0,0.0,0.5,0.5,-7.21,1.08,4.39,-0.71,12.0,5.96,10.0,0.0,0.5,0.5,1001.9,1003.5,1008.37,1002.59,11.0,8.06,10.0,0.0,0.5,0.5,5.3,7.0,8.0,6.7,9.0,1.4,14.0,0.0,0.5,0.4,-267.5,-86.9,-5.4,-140.0,12.0,159.9,10.0,0.0,0.5,0.5,-70.2,9.9,29.8,-21.4,12.0,78.9,10.0,0.0,0.5,0.5,-1.44,-0.5,0.98,-0.24,8.0,1.23,6.0,0.0,0.5,0.5,-19.3,-2.3,21.0,0.0,8.0,18.5,6.0,0.0,0.5,0.5,0.3,0.32,0.52,0.41,6.0,0.19,2.0,0.0,0.6,0.5,4.8,6.1,8.4,7.0,6.0,3.7,2.0,0.0,0.6,0.5,-43.8,-10.3,0.0,-16.4,12.0,19.9,10.0,0.0,0.5,0.5,-2.8,5.9,16.7,4.8,12.0,18.7,10.0,0.0,0.5,0.5,-73.0,-58.2,-49.1,-62.1,6.0,15.9,2.0,0.0,0.6,0.5,-41.6,0.0,9.1,-11.4,6.0,25.6,2.0,0.0,0.6,0.5,-8.3,-5.5,-3.8,-6.5,6.0,4.0,2.0,0.0,0.6,0.5,-3.4,0.0,0.7,-0.8,6.0,2.0,2.0,0.0,0.6,0.5,97.5,1103.5,5832.0,2721.5,12.0,3387.0,10.0,0.0,0.5,0.5,95.0,1105.0,5830.0,2720.0,12.0,3385.0,10.0,0.0,0.5,0.5
1974,2,341.0,67.0,,,,,,,,,,,,,,,,,,,,,,,,,,,,,,,,,,,,,,,,4.6,4.6,4.6,4.6,1.0,0.0,18.0,0.0,0.3,0.5,-1.57,-1.57,-1.57,-1.57,1.0,0.0,18.0,0.0,0.3,0.5,4.32,4.32,4.32,4.32,1.0,0.0,18.0,0.0,0.3,0.5,1003.8,1003.8,1003.8,1003.8,1.0,0.0,18.0,0.0,0.3,0.5,,,,,,,,,,,,,,,,,,,,,,,,,,,,,,,,,,,,,,,,,,,,,,,,,,,,,,,,,,,,,,,,,,,,,,,,,,,,,,,,,,,,,,,,,,,,,,,,,,,,,,,,,,,,,,,,,,,,,,,,,,,,,,,,,,,,,,,,,,,,,,,,,,,,,,
1974,2,342.0,-38.0,16.6,16.6,16.6,16.6,1.0,0.0,4.0,1.0,0.7,0.5,17.5,17.5,17.5,17.5,1.0,0.0,4.0,1.0,0.7,0.5,9.73,9.73,9.73,9.73,1.0,0.0,4.0,1.0,0.7,0.5,79.9,79.9,79.9,79.9,1.0,0.0,4.0,1.0,0.5,7.2,7.2,7.2,7.2,1.0,0.0,4.0,1.0,0.7,0.5,6.77,6.77,6.77,6.77,1.0,0.0,4.0,1.0,0.7,0.5,2.46,2.46,2.46,2.46,1.0,0.0,4.0,1.0,0.7,0.5,1031.5,1031.5,1031.5,1031.5,1.0,0.0,4.0,1.0,0.7,0.5,2.0,2.0,2.0,2.0,1.0,0.0,4.0,1.0,0.7,0.5,48.7,48.7,48.7,48.7,1.0,0.0,4.0,1.0,0.7,0.5,17.7,17.7,17.7,17.7,1.0,0.0,4.0,1.0,0.7,0.5,-0.9,-0.9,-0.9,-0.9,1.0,0.0,4.0,1.0,0.7,0.5,-6.5,-6.5,-6.5,-6.5,1.0,0.0,4.0,1.0,0.7,0.5,1.78,1.78,1.78,1.78,1.0,0.0,4.0,1.0,0.7,0.5,12.8,12.8,12.8,12.8,1.0,0.0,4.0,1.0,0.7,0.5,118.4,118.4,118.4,118.4,1.0,0.0,4.0,1.0,0.7,0.5,43.1,43.1,43.1,43.1,1.0,0.0,4.0,1.0,0.7,0.5,65.9,65.9,65.9,65.9,1.0,0.0,4.0,1.0,0.7,0.5,24.0,24.0,24.0,24.0,1.0,0.0,4.0,1.0,0.7,0.5,12.1,12.1,12.1,12.1,1.0,0.0,4.0,1.0,0.7,0.5,4.4,4.4,4.4,4.4,1.0,0.0,4.0,1.0,0.7,0.5,373.0,373.0,373.0,373.0,1.0,0.0,4.0,1.0,0.7,0.5,375.0,375.0,375.0,375.0,1.0,0.0,4.0,1.0,0.7,0.5
1974,2,342.0,-37.0,22.0,22.0,22.0,22.0,1.0,0.0,20.0,1.0,0.9,0.1,22.0,22.0,22.0,22.0,1.0,0.0,20.0,1.0,0.9,0.1,13.66,13.66,13.66,13.66,1.0,0.0,20.0,1.0,0.9,0.1,83.1,83.1,83.1,83.1,1.0,0.0,20.0,1.0,0.1,7.7,7.7,7.7,7.7,1.0,0.0,20.0,1.0,0.9,0.1,-7.24,-7.24,-7.24,-7.24,1.0,0.0,20.0,1.0,0.9,0.1,2.63,2.63,2.63,2.63,1.0,0.0,20.0,1.0,0.9,0.1,1012.6,1012.6,1012.6,1012.6,1.0,0.0,20.0,1.0,0.9,0.1,1.0,1.0,1.0,1.0,1.0,0.0,20.0,1.0,0.9,0.1,-55.7,-55.7,-55.7,-55.7,1.0,0.0,20.0,1.0,0.9,0.1,20.3,20.3,20.3,20.3,1.0,0.0,20.0,1.0,0.9,0.1,0.0,0.0,0.0,0.0,1.0,0.0,20.0,1.0,0.9,0.1,0.0,0.0,0.0,0.0,1.0,0.0,20.0,1.0,0.9,0.1,2.81,2.81,2.81,2.81,1.0,0.0,20.0,1.0,0.9,0.1,21.6,21.6,21.6,21.6,1.0,0.0,20.0,1.0,0.9,0.1,-159.2,-159.2,-159.2,-159.2,1.0,0.0,20.0,1.0,0.9,0.1,57.9,57.9,57.9,57.9,1.0,0.0,20.0,1.0,0.9,0.1,-98.9,-98.9,-98.9,-98.9,1.0,0.0,20.0,1.0,0.9,0.1,36.0,36.0,36.0,36.0,1.0,0.0,20.0,1.0,0.9,0.1,-20.3,-20.3,-20.3,-20.3,1.0,0.0,20.0,1.0,0.9,0.1,7.4,7.4,7.4,7.4,1.0,0.0,20.0,1.0,0.9,0.1,456.5,456.5,456.5,456.5,1.0,0.0,20.0,1.0,0.9,0.1,455.0,455.0,455.0,455.0,1.0,0.0,20.0,1.0,0.9,0.1
1974,2,342.0,-36.0,20.2,20.2,20.2,20.2,1.0,0.0,4.0,1.0,1.0,0.5,20.6,20.6,20.6,20.6,1.0,0.0,4.0,1.0,1.0,0.5,9.2,9.2,9.2,9.2,1.0,0.0,4.0,1.0,1.0,0.5,61.7,61.7,61.7,61.7,1.0,0.0,4.0,1.0,0.5,,,,,,,,,,,,,,,,,,,,,,,,,,,,,,,,,,,,,,,,,,,,,,,,,,,,,,,,,,,,,,,,,,,,,,,,,,,,,,,,,,,,,,,,,,,,,,,,,,,,,,,,,,,,,,,,,,,,,,,,,,,,,,,,,,,,,,,,,,,,,,,,,,,,,,,,,,,,,,,,,,,,,,,,,,,,,,,,,,,,,,,,,,,,,,
1974,2,342.0,-34.0,21.8,21.8,21.8,21.8,1.0,0.0,2.0,0.0,1.0,0.2,20.2,20.2,20.2,20.2,1.0,0.0,2.0,0.0,1.0,0.2,11.91,11.91,11.91,11.91,1.0,0.0,2.0,0.0,1.0,0.2,81.3,81.3,81.3,81.3,1.0,0.0,2.0,0.0,0.2,4.6,4.6,4.6,4.6,1.0,0.0,2.0,0.0,1.0,0.2,0.8,0.8,0.8,0.8,1.0,0.0,2.0,0.0,1.0,0.2,4.53,4.53,4.53,4.53,1.0,0.0,2.0,0.0,1.0,0.2,1017.2,1017.2,1017.2,1017.2,1.0,0.0,2.0,0.0,1.0,0.2,7.0,7.0,7.0,7.0,1.0,0.0,2.0,0.0,1.0,0.2,3.7,3.7,3.7,3.7,1.0,0.0,2.0,0.0,1.0,0.2,20.8,20.8,20.8,20.8,1.0,0.0,2.0,0.0,1.0,0.2,1.6,1.6,1.6,1.6,1.0,0.0,2.0,0.0,1.0,0.2,7.4,7.4,7.4,7.4,1.0,0.0,2.0,0.0,1.0,0.2,4.29,4.29,4.29,4.29,1.0,0.0,2.0,0.0,1.0,0.2,19.7,19.7,19.7,19.7,1.0,0.0,2.0,0.0,1.0,0.2,16.1,16.1,16.1,16.1,1.0,0.0,2.0,0.0,1.0,0.2,91.5,91.5,91.5,91.5,1.0,0.0,2.0,0.0,1.0,0.2,9.5,9.5,9.5,9.5,1.0,0.0,2.0,0.0,1.0,0.2,53.9,53.9,53.9,53.9,1.0,0.0,2.0,0.0,1.0,0.2,3.4,3.4,3.4,3.4,1.0,0.0,2.0,0.0,1.0,0.2,19.4,19.4,19.4,19.4,1.0,0.0,2.0,0.0,1.0,0.2,97.5,97.5,97.5,97.5,1.0,0.0,2.0,0.0,1.0,0.2,95.0,95.0,95.0,95.0,1.0,0.0,2.0,0.0,1.0,0.2
1974,2,342.0,-33.0,23.0,23.0,23.0,23.0,2.0,0.0,12.0,0.5,0.4,0.2,21.22,21.9,22.58,21.9,2.0,1.41,12.0,0.5,0.4,0.2,12.48,12.83,13.19,12.83,2.0,0.73,12.0,0.5,0.4,0.2,77.7,78.8,79.9,78.8,2.0,2.3,12.0,0.5,0.2,4.6,4.6,4.6,4.6,2.0,0.0,12.0,0.5,0.4,0.2,0.0,0.0,0.0,0.0,2.0,0.0,12.0,0.5,0.4,0.2,-4.6,-4.6,-4.6,-4.6,2.0,0.0,12.0,0.5,0.4,0.2,1015.57,1016.15,1016.73,1016.15,2.0,1.2,12.0,0.5,0.4,0.2,6.0,6.0,6.0,6.0,2.0,0.0,12.0,0.5,0.4,0.2,0.0,0.0,0.0,0.0,2.0,0.0,12.0,0.5,0.4,0.2,-21.2,-21.2,-21.2,-21.2,2.0,0.0,12.0,0.5,0.4,0.2,0.42,1.1,1.78,1.1,2.0,1.41,12.0,0.5,0.4,0.2,1.9,5.1,8.2,5.1,2.0,6.5,12.0,0.5,0.4,0.2,4.26,4.62,4.99,4.62,2.0,0.75,12.0,0.5,0.4,0.2,19.6,21.3,22.9,21.3,2.0,3.5,12.0,0.5,0.4,0.2,0.0,0.0,0.0,0.0,2.0,0.0,12.0,0.5,0.4,0.2,-103.9,-100.7,-97.6,-100.7,2.0,6.5,12.0,0.5,0.4,0.2,0.0,0.0,0.0,0.0,2.0,0.0,12.0,0.5,0.4,0.2,-60.7,-59.0,-57.4,-59.0,2.0,3.4,12.0,0.5,0.4,0.2,0.0,0.0,0.0,0.0,2.0,0.0,12.0,0.5,0.4,0.2,-22.9,-21.3,-19.6,-21.3,2.0,3.5,12.0,0.5,0.4,0.2,97.5,97.5,97.5,97.5,2.0,0.0,12.0,0.5,0.4,0.2,95.0,95.0,95.0,95.0,2.0,0.0,12.0,0.5,0.4,0.2
1974,2,342.0,-32.0,22.32,23.0,23.68,23.0,2.0,1.41,12.0,1.0,0.9,0.7,20.87,22.75,24.63,22.75,2.0,3.89,12.0,1.0,0.9,0.7,11.34,13.14,14.93,13.14,2.0,3.71,12.0,1.0,0.9,0.7,73.7,75.3,76.9,75.3,2.0,3.3,12.0,1.0,0.7,5.76,7.4,9.04,7.4,2.0,3.39,12.0,1.0,0.9,0.7,-3.42,-0.67,2.07,-0.67,2.0,5.69,12.0,1.0,0.9,0.7,-7.48,-3.75,-0.02,-3.75,2.0,7.72,12.0,1.0,0.9,0.7,1014.37,1016.45,1018.53,1016.45,2.0,4.31,12.0,1.0,0.9,0.7,5.2,5.5,5.8,5.5,2.0,0.7,12.0,1.0,0.9,0.7,-14.6,4.7,23.9,4.7,2.0,39.8,12.0,1.0,0.9,0.7,-74.6,-40.8,-7.1,-40.8,2.0,69.9,12.0,1.0,0.9,0.7,-0.94,0.25,1.44,0.25,2.0,2.47,12.0,1.0,0.9,0.7,-10.8,-2.3,6.1,-2.3,2.0,17.5,12.0,1.0,0.9,0.7,3.32,4.35,5.37,4.35,2.0,2.13,12.0,1.0,0.9,0.7,28.1,28.6,29.0,28.6,2.0,1.0,12.0,1.0,0.9,0.7,-65.5,-4.2,57.0,-4.2,2.0,126.9,12.0,1.0,0.9,0.7,-192.1,-100.3,-8.5,-100.3,2.0,190.2,12.0,1.0,0.9,0.7,-33.2,1.7,36.6,1.7,2.0,72.3,12.0,1.0,0.9,0.7,-119.3,-63.6,-7.9,-63.6,2.0,115.4,12.0,1.0,0.9,0.7,-21.6,-9.0,3.7,-9.0,2.0,26.2,12.0,1.0,0.9,0.7,-20.4,-8.1,4.3,-8.1,2.0,25.6,12.0,1.0,0.9,0.7,254.5,533.0,811.5,533.0,2.0,577.0,12.0,1.0,0.9,0.7,255.0,535.0,810.0,535.0,2.0,575.0,12.0,1.0,0.9,0.7
1974,2,342.0,-31.0,24.5,24.5,24.5,24.5,1.0,0.0,18.0,1.0,0.7,0.2,25.5,25.5,25.5,25.5,1.0,0.0,18.0,1.0,0.7,0.2,16.84,16.84,16.84,16.84,1.0,0.0,18.0,1.0,0.7,0.2,83.0,83.0,83.0,83.0,1.0,0.0,18.0,1.0,0.2,5.7,5.7,5.7,5.7,1.0,0.0,18.0,1.0,0.7,0.2,2.85,2.85,2.85,2.85,1.0,0.0,18.0,1.0,0.7,0.2,-4.94,-4.94,-4.94,-4.94,1.0,0.0,18.0,1.0,0.7,0.2,1015.2,1015.2,1015.2,1015.2,1.0,0.0,18.0,1.0,0.7,0.2,3.0,3.0,3.0,3.0,1.0,0.0,18.0,1.0,0.7,0.2,16.2,16.2,16.2,16.2,1.0,0.0,18.0,1.0,0.7,0.2,-28.1,-28.1,-28.1,-28.1,1.0,0.0,18.0,1.0,0.7,0.2,-1.0,-1.0,-1.0,-1.0,1.0,0.0,18.0,1.0,0.7,0.2,-5.7,-5.7,-5.7,-5.7,1.0,0.0,18.0,1.0,0.7,0.2,2.3,2.3,2.3,2.3,1.0,0.0,18.0,1.0,0.7,0.2,13.1,13.1,13.1,13.1,1.0,0.0,18.0,1.0,0.7,0.2,72.7,72.7,72.7,72.7,1.0,0.0,18.0,1.0,0.7,0.2,-125.9,-125.9,-125.9,-125.9,1.0,0.0,18.0,1.0,0.7,0.2,48.0,48.0,48.0,48.0,1.0,0.0,18.0,1.0,0.7,0.2,-83.1,-83.1,-83.1,-83.1,1.0,0.0,18.0,1.0,0.7,0.2,6.6,6.6,6.6,6.6,1.0,0.0,18.0,1.0,0.7,0.2,-11.4,-11.4,-11.4,-11.4,1.0,0.0,18.0,1.0,0.7,0.2,185.0,185.0,185.0,185.0,1.0,0.0,18.0,1.0,0.7,0.2,185.0,185.0,185.0,185.0,1.0,0.0,18.0,1.0,0.7,0.2
1974,2,342.0,-27.0,26.0,26.0,26.0,26.0,1.0,0.0,10.0,1.0,0.2,0.8,25.0,25.0,25.0,25.0,1.0,0.0,10.0,1.0,0.2,0.8,14.17,14.17,14.17,14.17,1.0,0.0,10.0,1.0,0.2,0.8,72.4,72.4,72.4,72.4,1.0,0.0,10.0,1.0,0.8,10.3,10.3,10.3,10.3,1.0,0.0,10.0,1.0,0.2,0.8,-10.14,-10.14,-10.14,-10.14,1.0,0.0,10.0,1.0,0.2,0.8,1.79,1.79,1.79,1.79,1.0,0.0,10.0,1.0,0.2,0.8,1020.5,1020.5,1020.5,1020.5,1.0,0.0,10.0,1.0,0.2,0.8,6.0,6.0,6.0,6.0,1.0,0.0,10.0,1.0,0.2,0.8,-104.5,-104.5,-104.5,-104.5,1.0,0.0,10.0,1.0,0.2,0.8,18.4,18.4,18.4,18.4,1.0,0.0,10.0,1.0,0.2,0.8,1.0,1.0,1.0,1.0,1.0,0.0,10.0,1.0,0.2,0.8,10.3,10.3,10.3,10.3,1.0,0.0,10.0,1.0,0.2,0.8,6.68,6.68,6.68,6.68,1.0,0.0,10.0,1.0,0.2,0.8,68.8,68.8,68.8,68.8,1.0,0.0,10.0,1.0,0.2,0.8,-253.6,-253.6,-253.6,-253.6,1.0,0.0,10.0,1.0,0.2,0.8,44.7,44.7,44.7,44.7,1.0,0.0,10.0,1.0,0.2,0.8,-143.7,-143.7,-143.7,-143.7,1.0,0.0,10.0,1.0,0.2,0.8,25.3,25.3,25.3,25.3,1.0,0.0,10.0,1.0,0.2,0.8,-67.8,-67.8,-67.8,-67.8,1.0,0.0,10.0,1.0,0.2,0.8,11.9,11.9,11.9,11.9,1.0,0.0,10.0,1.0,0.2,0.8,1092.5,1092.5,1092.5,1092.5,1.0,0.0,10.0,1.0,0.2,0.8,1095.0,1095.0,1095.0,1095.0,1.0,0.0,10.0,1.0,0.2,0.8
1974,2,342.0,-21.0,26.0,26.0,26.0,26.0,1.0,0.0,12.0,1.0,0.7,0.6,26.3,26.3,26.3,26.3,1.0,0.0,12.0,1.0,0.7,0.6,15.85,15.85,15.85,15.85,1.0,0.0,12.0,1.0,0.7,0.6,74.5,74.5,74.5,74.5,1.0,0.0,12.0,1.0,0.6,6.2,6.2,6.2,6.2,1.0,0.0,12.0,1.0,0.7,0.6,-5.83,-5.83,-5.83,-5.83,1.0,0.0,12.0,1.0,0.7,0.6,2.12,2.12,2.12,2.12,1.0,0.0,12.0,1.0,0.7,0.6,1013.9,1013.9,1013.9,1013.9,1.0,0.0,12.0,1.0,0.7,0.6,2.0,2.0,2.0,2.0,1.0,0.0,12.0,1.0,0.7,0.6,-36.1,-36.1,-36.1,-36.1,1.0,0.0,12.0,1.0,0.7,0.6,13.1,13.1,13.1,13.1,1.0,0.0,12.0,1.0,0.7,0.6,-0.3,-0.3,-0.3,-0.3,1.0,0.0,12.0,1.0,0.7,0.6,-1.9,-1.9,-1.9,-1.9,1.0,0.0,12.0,1.0,0.7,0.6,5.13,5.13,5.13,5.13,1.0,0.0,12.0,1.0,0.7,0.6,31.8,31.8,31.8,31.8,1.0,0.0,12.0,1.0,0.7,0.6,-153.2,-153.2,-153.2,-153.2,1.0,0.0,12.0,1.0,0.7,0.6,55.8,55.8,55.8,55.8,1.0,0.0,12.0,1.0,0.7,0.6,-92.4,-92.4,-92.4,-92.4,1.0,0.0,12.0,1.0,0.7,0.6,33.6,33.6,33.6,33.6,1.0,0.0,12.0,1.0,0.7,0.6,-29.9,-29.9,-29.9,-29.9,1.0,0.0,12.0,1.0,0.7,0.6,10.9,10.9,10.9,10.9,1.0,0.0,12.0,1.0,0.7,0.6,238.5,238.5,238.5,238.5,1.0,0.0,12.0,1.0,0.7,0.6,240.0,240.0,240.0,240.0,1.0,0.0,12.0,1.0,0.7,0.6
1974,2,342.0,-19.0,25.0,25.0,25.0,25.0,1.0,0.0,14.0,0.0,0.4,0.8,22.7,22.7,22.7,22.7,1.0,0.0,14.0,0.0,0.4,0.8,12.71,12.71,12.71,12.71,1.0,0.0,14.0,0.0,0.4,0.8,74.3,74.3,74.3,74.3,1.0,0.0,14.0,0.0,0.8,3.6,3.6,3.6,3.6,1.0,0.0,14.0,0.0,0.4,0.8,-3.38,-3.38,-3.38,-3.38,1.0,0.0,14.0,0.0,0.4,0.8,1.23,1.23,1.23,1.23,1.0,0.0,14.0,0.0,0.4,0.8,1015.2,1015.2,1015.2,1015.2,1.0,0.0,14.0,0.0,0.4,0.8,2.0,2.0,2.0,2.0,1.0,0.0,14.0,0.0,0.4,0.8,-12.2,-12.2,-12.2,-12.2,1.0,0.0,14.0,0.0,0.4,0.8,4.4,4.4,4.4,4.4,1.0,0.0,14.0,0.0,0.4,0.8,2.3,2.3,2.3,2.3,1.0,0.0,14.0,0.0,0.4,0.8,8.3,8.3,8.3,8.3,1.0,0.0,14.0,0.0,0.4,0.8,7.02,7.02,7.02,7.02,1.0,0.0,14.0,0.0,0.4,0.8,25.3,25.3,25.3,25.3,1.0,0.0,14.0,0.0,0.4,0.8,-76.8,-76.8,-76.8,-76.8,1.0,0.0,14.0,0.0,0.4,0.8,27.9,27.9,27.9,27.9,1.0,0.0,14.0,0.0,0.4,0.8,-43.0,-43.0,-43.0,-43.0,1.0,0.0,14.0,0.0,0.4,0.8,15.7,15.7,15.7,15.7,1.0,0.0,14.0,0.0,0.4,0.8,-23.7,-23.7,-23.7,-23.7,1.0,0.0,14.0,0.0,0.4,0.8,8.6,8.6,8.6,8.6,1.0,0.0,14.0,0.0,0.4,0.8,46.5,46.5,46.5,46.5,1.0,0.0,14.0,0.0,0.4,0.8,45.0,45.0,45.0,45.0,1.0,0.0,14.0,0.0,0.4,0.8
1974,2,342.0,-18.0,25.24,25.55,25.86,25.55,2.0,0.64,24.0,0.0,0.3,0.6,24.2,24.85,25.5,24.85,2.0,1.34,24.0,0.0,0.3,0.6,15.18,15.18,15.18,15.18,1.0,0.0,20.0,0.0,0.2,0.1,82.3,82.3,82.3,82.3,1.0,0.0,20.0,0.0,0.1,6.19,6.6,7.01,6.6,2.0,0.85,24.0,0.0,0.3,0.6,-7.01,-6.6,-6.19,-6.6,2.0,0.85,24.0,0.0,0.3,0.6,0.0,0.0,0.0,0.0,2.0,0.0,24.0,0.0,0.3,0.6,1014.3,1015.15,1016.0,1015.15,2.0,1.77,24.0,0.0,0.3,0.6,1.3,2.0,2.7,2.0,2.0,1.4,24.0,0.0,0.3,0.6,-49.3,-43.9,-38.5,-43.9,2.0,11.2,24.0,0.0,0.3,0.6,0.0,0.0,0.0,0.0,2.0,0.0,24.0,0.0,0.3,0.6,-0.26,0.7,1.66,0.7,2.0,1.98,24.0,0.0,0.3,0.6,-1.1,5.5,12.1,5.5,2.0,13.7,24.0,0.0,0.3,0.6,5.81,5.81,5.81,5.81,1.0,0.0,20.0,0.0,0.2,0.1,41.8,41.8,41.8,41.8,1.0,0.0,20.0,0.0,0.2,0.1,-169.3,-163.4,-157.5,-163.4,2.0,12.2,24.0,0.0,0.3,0.6,0.0,0.0,0.0,0.0,2.0,0.0,24.0,0.0,0.3,0.6,-109.3,-109.3,-109.3,-109.3,1.0,0.0,20.0,0.0,0.2,0.1,0.0,0.0,0.0,0.0,1.0,0.0,20.0,0.0,0.2,0.1,-41.8,-41.8,-41.8,-41.8,1.0,0.0,20.0,0.0,0.2,0.1,0.0,0.0,0.0,0.0,1.0,0.0,20.0,0.0,0.2,0.1,241.0,294.5,348.5,294.5,2.0,111.0,24.0,0.0,0.3,0.6,240.0,295.0,350.0,295.0,2.0,110.0,24.0,0.0,0.3,0.6
1974,2,342.0,-17.0,,,,,,,,,,,,,,,,,,,,,,,,,,,,,,,,,,,,,,,,4.09,7.3,10.51,7.3,2.0,6.65,10.0,0.5,0.7,0.5,-10.33,-7.13,-3.93,-7.13,2.0,6.63,10.0,0.5,0.7,0.5,-1.61,-0.6,0.42,-0.6,2.0,2.1,10.0,0.5,0.7,0.5,1011.59,1012.2,1012.81,1012.2,2.0,1.27,14.0,0.5,0.6,0.7,3.3,6.0,6.7,5.0,3.0,2.6,12.0,0.3,0.7,0.7,-120.3,-74.1,-27.8,-74.1,2.0,95.8,10.0,0.5,0.7,0.5,-20.7,-11.3,-2.0,-11.3,2.0,19.3,10.0,0.5,0.7,0.5,,,,,,,,,,,,,,,,,,,,,,,,,,,,,,,,,,,,,,,,,,,,,,,,,,,,,,,,,,,,,,,,,,,,,,,,,,,,,,,,,,,,,,,,,,,,,,,,,,,,,,,,,,,,,,,,,,,,,,,,
1974,2,342.0,-16.0,23.65,24.4,25.15,24.4,3.0,1.1,20.0,0.7,0.5,0.8,24.69,25.3,25.81,25.25,4.0,0.7,20.0,0.8,0.5,0.7,14.66,15.74,17.27,15.95,4.0,1.72,20.0,0.8,0.5,0.7,74.5,76.1,85.1,79.6,4.0,8.3,20.0,0.8,0.7,4.1,5.15,8.09,6.05,4.0,2.69,20.0,0.8,0.5,0.7,-7.4,-4.39,-3.94,-5.61,4.0,2.82,20.0,0.8,0.5,0.7,0.34,1.06,2.76,1.52,4.0,1.74,20.0,0.8,0.5,0.7,1011.34,1012.5,1014.55,1012.93,4.0,2.0,20.0,0.8,0.5,0.7,1.0,4.5,7.5,4.3,4.0,3.9,20.0,0.8,0.5,0.7,-64.3,-23.0,-16.2,-39.5,4.0,38.2,20.0,0.8,0.5,0.7,1.4,4.3,15.7,8.3,4.0,11.2,20.0,0.8,0.5,0.7,-1.44,-1.1,-0.01,-0.73,3.0,1.1,20.0,0.7,0.5,0.8,-6.7,-6.6,-0.7,-3.8,3.0,5.0,20.0,0.7,0.5,0.8,2.41,2.8,3.38,2.89,3.0,0.71,20.0,0.7,0.5,0.8,9.9,11.5,19.1,14.4,3.0,7.2,20.0,0.7,0.5,0.8,-186.6,-110.4,-100.4,-142.0,4.0,73.0,20.0,0.8,0.5,0.7,8.8,26.8,67.6,37.7,4.0,42.2,20.0,0.8,0.5,0.7,-111.5,-68.6,-66.4,-88.0,4.0,40.8,20.0,0.8,0.5,0.7,5.5,18.5,41.7,23.4,4.0,24.4,20.0,0.8,0.5,0.7,-15.4,-11.3,-9.4,-12.4,3.0,4.5,20.0,0.7,0.5,0.8,2.4,3.1,10.9,6.5,3.0,6.9,20.0,0.7,0.5,0.8,69.0,153.5,606.5,329.5,4.0,415.5,20.0,0.8,0.5,0.7,70.0,155.0,605.0,330.0,4.0,415.0,20.0,0.8,0.5,0.7
1974,2,342.0,-15.0,25.0,25.5,26.0,25.5,4.0,0.58,10.0,0.3,0.3,0.5,24.74,25.0,25.42,25.08,4.0,0.54,10.0,0.3,0.3,0.5,12.84,13.65,14.46,13.65,2.0,1.68,10.0,0.5,0.4,0.5,63.2,69.0,74.8,69.0,2.0,11.9,10.0,0.5,0.5,6.91,7.85,8.1,7.53,4.0,0.91,10.0,0.3,0.3,0.5,-6.78,-6.24,-6.16,-6.46,4.0,0.52,10.0,0.3,0.3,0.5,1.25,3.89,5.21,3.26,4.0,2.49,10.0,0.3,0.3,0.5,1013.02,1014.7,1015.28,1014.18,4.0,1.86,10.0,0.3,0.3,0.5,1.5,2.0,3.6,2.5,4.0,1.7,10.0,0.3,0.3,0.5,-53.7,-50.3,-43.5,-48.7,4.0,7.4,10.0,0.3,0.3,0.5,9.7,30.7,42.2,26.2,4.0,20.3,10.0,0.3,0.3,0.5,-0.18,0.75,1.0,0.43,4.0,0.85,10.0,0.3,0.3,0.5,-1.8,5.6,8.1,3.3,4.0,6.7,10.0,0.3,0.3,0.5,5.33,6.11,6.89,6.11,2.0,1.62,10.0,0.5,0.4,0.5,34.8,43.3,51.9,43.3,2.0,17.7,10.0,0.5,0.4,0.5,-172.6,-155.1,-152.5,-162.2,4.0,16.5,10.0,0.3,0.3,0.5,32.3,98.3,130.2,82.1,4.0,62.1,10.0,0.3,0.3,0.5,-91.7,-91.1,-90.5,-91.1,2.0,1.3,10.0,0.5,0.4,0.5,5.2,16.4,27.6,16.4,2.0,23.2,10.0,0.5,0.4,0.5,-49.0,-41.6,-34.2,-41.6,2.0,15.4,10.0,0.5,0.4,0.5,3.0,9.6,16.1,9.6,2.0,13.5,10.0,0.5,0.4,0.5,342.0,484.5,532.5,439.5,4.0,139.5,10.0,0.3,0.3,0.5,340.0,485.0,535.0,440.0,4.0,140.0,10.0,0.3,0.3,0.5
1974,2,342.0,-14.0,24.91,26.0,26.48,25.7,3.0,1.18,10.0,1.0,0.9,0.6,26.7,26.7,29.5,28.07,3.0,2.37,10.0,1.0,0.9,0.6,13.42,14.04,14.66,14.04,2.0,1.29,10.0,1.0,0.8,0.7,61.6,64.4,67.1,64.4,2.0,5.7,10.0,1.0,0.7,5.7,7.2,7.54,6.63,3.0,1.44,10.0,1.0,0.9,0.6,-6.79,-5.9,-3.04,-4.94,3.0,2.87,10.0,1.0,0.9,0.6,1.49,4.7,4.87,3.22,3.0,2.79,10.0,1.0,0.9,0.6,1010.94,1011.9,1013.74,1012.33,3.0,2.08,10.0,1.0,0.9,0.6,2.3,3.0,5.0,3.7,3.0,2.1,10.0,1.0,0.9,0.6,-49.8,-45.4,-20.3,-35.3,3.0,23.4,10.0,1.0,0.9,0.6,7.5,23.5,33.5,20.5,3.0,19.2,10.0,1.0,0.9,0.6,-4.01,-2.3,-0.73,-2.37,3.0,2.4,10.0,1.0,0.9,0.6,-22.0,-17.7,-5.6,-13.9,3.0,12.4,10.0,1.0,0.9,0.6,6.08,6.46,6.83,6.46,2.0,0.78,10.0,1.0,0.8,0.7,46.3,48.0,49.7,48.0,2.0,3.5,10.0,1.0,0.8,0.7,-181.2,-157.5,-85.9,-134.1,3.0,72.7,10.0,1.0,0.9,0.6,41.9,132.2,140.7,92.3,3.0,80.2,10.0,1.0,0.9,0.6,-102.8,-92.5,-82.2,-92.5,2.0,21.3,10.0,1.0,0.8,0.7,10.3,32.5,54.7,32.5,2.0,46.0,10.0,1.0,0.8,0.7,-48.0,-42.7,-37.3,-42.7,2.0,11.0,10.0,1.0,0.8,0.7,4.6,14.6,24.6,14.6,2.0,20.7,10.0,1.0,0.8,0.7,204.0,373.0,430.0,318.5,3.0,172.5,10.0,1.0,0.9,0.6,205.0,375.0,430.0,320.0,3.0,170.0,10.0,1.0,0.9,0.6
1974,2,342.0,-13.0,26.0,26.0,26.0,26.0,1.0,0.0,18.0,1.0,0.9,0.7,24.2,24.2,24.2,24.2,1.0,0.0,18.0,1.0,0.9,0.7,16.36,16.36,16.36,16.36,1.0,0.0,18.0,1.0,0.9,0.7,87.0,87.0,87.0,87.0,1.0,0.0,18.0,1.0,0.7,0.0,0.0,0.0,0.0,1.0,0.0,18.0,1.0,0.9,0.7,0.0,0.0,0.0,0.0,1.0,0.0,18.0,1.0,0.9,0.7,0.0,0.0,0.0,0.0,1.0,0.0,18.0,1.0,0.9,0.7,1013.2,1013.2,1013.2,1013.2,1.0,0.0,18.0,1.0,0.9,0.7,8.0,8.0,8.0,8.0,1.0,0.0,18.0,1.0,0.9,0.7,0.0,0.0,0.0,0.0,1.0,0.0,18.0,1.0,0.9,0.7,0.0,0.0,0.0,0.0,1.0,0.0,18.0,1.0,0.9,0.7,1.8,1.8,1.8,1.8,1.0,0.0,18.0,1.0,0.9,0.7,0.0,0.0,0.0,0.0,1.0,0.0,18.0,1.0,0.9,0.7,4.64,4.64,4.64,4.64,1.0,0.0,18.0,1.0,0.9,0.7,0.0,0.0,0.0,0.0,1.0,0.0,18.0,1.0,0.9,0.7,0.0,0.0,0.0,0.0,1.0,0.0,18.0,1.0,0.9,0.7,0.0,0.0,0.0,0.0,1.0,0.0,18.0,1.0,0.9,0.7,0.0,0.0,0.0,0.0,1.0,0.0,18.0,1.0,0.9,0.7,0.0,0.0,0.0,0.0,1.0,0.0,18.0,1.0,0.9,0.7,0.0,0.0,0.0,0.0,1.0,0.0,18.0,1.0,0.9,0.7,0.0,0.0,0.0,0.0,1.0,0.0,18.0,1.0,0.9,0.7,0.0,0.0,0.0,0.0,1.0,0.0,18.0,1.0,0.9,0.7,0.0,0.0,0.0,0.0,1.0,0.0,18.0,1.0,0.9,0.7
1974,2,342.0,-12.0,25.3,25.3,25.3,25.3,1.0,0.0,4.0,0.0,0.5,0.6,24.9,24.9,24.9,24.9,1.0,0.0,4.0,0.0,0.5,0.6,16.72,16.72,16.72,16.72,1.0,0.0,4.0,0.0,0.5,0.6,85.0,85.0,85.0,85.0,1.0,0.0,4.0,0.0,0.6,5.1,5.1,5.1,5.1,1.0,0.0,4.0,0.0,0.5,0.6,-4.79,-4.79,-4.79,-4.79,1.0,0.0,4.0,0.0,0.5,0.6,1.74,1.74,1.74,1.74,1.0,0.0,4.0,0.0,0.5,0.6,1010.0,1010.0,1010.0,1010.0,1.0,0.0,4.0,0.0,0.5,0.6,2.0,2.0,2.0,2.0,1.0,0.0,4.0,0.0,0.5,0.6,-24.4,-24.4,-24.4,-24.4,1.0,0.0,4.0,0.0,0.5,0.6,8.9,8.9,8.9,8.9,1.0,0.0,4.0,0.0,0.5,0.6,0.4,0.4,0.4,0.4,1.0,0.0,4.0,0.0,0.5,0.6,2.0,2.0,2.0,2.0,1.0,0.0,4.0,0.0,0.5,0.6,3.48,3.48,3.48,3.48,1.0,0.0,4.0,0.0,0.5,0.6,17.7,17.7,17.7,17.7,1.0,0.0,4.0,0.0,0.5,0.6,-119.3,-119.3,-119.3,-119.3,1.0,0.0,4.0,0.0,0.5,0.6,43.4,43.4,43.4,43.4,1.0,0.0,4.0,0.0,0.5,0.6,-80.1,-80.1,-80.1,-80.1,1.0,0.0,4.0,0.0,0.5,0.6,29.2,29.2,29.2,29.2,1.0,0.0,4.0,0.0,0.5,0.6,-16.7,-16.7,-16.7,-16.7,1.0,0.0,4.0,0.0,0.5,0.6,6.1,6.1,6.1,6.1,1.0,0.0,4.0,0.0,0.5,0.6,132.5,132.5,132.5,132.5,1.0,0.0,4.0,0.0,0.5,0.6,135.0,135.0,135.0,135.0,1.0,0.0,4.0,0.0,0.5,0.6
1974,2,342.0,-10.0,26.33,26.85,27.1,26.73,4.0,0.53,16.0,0.5,0.7,0.7,25.14,26.15,28.57,26.83,4.0,2.29,16.0,0.5,0.7,0.7,15.9,16.82,20.11,17.95,4.0,3.35,16.0,0.5,0.7,0.7,75.1,81.1,86.6,80.8,4.0,6.6,16.0,0.5,0.7,4.1,4.35,4.86,4.48,4.0,0.48,16.0,0.5,0.7,0.7,-3.71,-3.54,-3.4,-3.55,4.0,0.24,16.0,0.5,0.7,0.7,-0.88,1.73,3.02,1.1,4.0,2.91,16.0,0.5,0.7,0.7,1009.95,1011.8,1015.49,1012.68,4.0,3.97,16.0,0.5,0.7,0.7,1.5,3.0,4.5,3.0,4.0,1.8,16.0,0.5,0.7,0.7,-16.5,-16.0,-15.1,-15.8,4.0,0.9,16.0,0.5,0.7,0.7,-4.4,7.1,14.4,5.1,4.0,13.9,16.0,0.5,0.7,0.7,-2.05,0.2,1.82,-0.1,4.0,2.36,16.0,0.5,0.7,0.7,-8.4,1.5,8.7,0.2,4.0,10.3,16.0,0.5,0.7,0.7,1.89,4.95,6.02,4.0,4.0,3.14,16.0,0.5,0.7,0.7,7.7,21.6,29.4,18.7,4.0,15.3,16.0,0.5,0.7,0.7,-106.2,-92.0,-85.4,-95.6,4.0,14.3,16.0,0.5,0.7,0.7,-18.7,48.7,78.1,30.6,4.0,73.8,16.0,0.5,0.7,0.7,-74.8,-59.5,-54.3,-64.3,4.0,16.4,16.0,0.5,0.7,0.7,-11.2,33.0,47.5,18.8,4.0,48.0,16.0,0.5,0.7,0.7,-20.4,-17.5,-6.6,-13.7,4.0,10.7,16.0,0.5,0.7,0.7,-8.6,4.3,18.0,4.7,4.0,17.5,16.0,0.5,0.7,0.7,69.0,83.0,116.0,92.0,4.0,30.5,16.0,0.5,0.7,0.7,70.0,85.0,115.0,90.0,4.0,30.0,16.0,0.5,0.7,0.7
1974,2,342.0,-9.0,25.06,26.25,27.44,26.25,2.0,2.47,16.0,1.0,0.6,0.8,26.58,26.75,26.92,26.75,2.0,0.35,16.0,1.0,0.6,0.8,17.5,17.5,17.5,17.5,1.0,0.0,14.0,1.0,0.2,1.0,81.1,81.1,81.1,81.1,1.0,0.0,14.0,1.0,1.0,2.41,3.3,4.19,3.3,2.0,1.84,16.0,1.0,0.6,0.8,-2.73,-2.24,-1.76,-2.24,2.0,1.01,16.0,1.0,0.6,0.8,1.64,2.4,3.17,2.4,2.0,1.58,16.0,1.0,0.6,0.8,1013.5,1013.5,1013.5,1013.5,1.0,0.0,14.0,1.0,0.2,1.0,0.2,0.5,0.8,0.5,2.0,0.7,16.0,1.0,0.6,0.8,-11.9,-8.3,-4.7,-8.3,2.0,7.5,16.0,1.0,0.6,0.8,4.7,9.4,14.0,9.4,2.0,9.6,16.0,1.0,0.6,0.8,-1.52,-0.5,0.52,-0.5,2.0,2.12,16.0,1.0,0.6,0.8,-7.4,-3.6,0.2,-3.6,2.0,7.9,16.0,1.0,0.6,0.8,1.68,1.68,1.68,1.68,1.0,0.0,14.0,1.0,0.2,1.0,7.7,7.7,7.7,7.7,1.0,0.0,14.0,1.0,0.2,1.0,-72.5,-59.9,-47.2,-59.9,2.0,26.2,16.0,1.0,0.6,0.8,44.0,64.0,84.1,64.0,2.0,41.5,16.0,1.0,0.6,0.8,-51.7,-51.7,-51.7,-51.7,1.0,0.0,14.0,1.0,0.2,1.0,61.7,61.7,61.7,61.7,1.0,0.0,14.0,1.0,0.2,1.0,-5.0,-5.0,-5.0,-5.0,1.0,0.0,14.0,1.0,0.2,1.0,5.9,5.9,5.9,5.9,1.0,0.0,14.0,1.0,0.2,1.0,22.0,52.5,83.0,52.5,2.0,63.0,16.0,1.0,0.6,0.8,20.0,55.0,85.0,55.0,2.0,65.0,16.0,1.0,0.6,0.8
1974,2,342.0,-8.0,,,,,,,,,,,,,,,,,,,,,,,,,,,,,,,,,,,,,,,,3.6,3.6,3.6,3.6,1.0,0.0,14.0,0.0,0.5,0.6,-2.76,-2.76,-2.76,-2.76,1.0,0.0,14.0,0.0,0.5,0.6,2.31,2.31,2.31,2.31,1.0,0.0,14.0,0.0,0.5,0.6,1012.0,1012.0,1012.0,1012.0,1.0,0.0,14.0,0.0,0.5,0.6,1.0,1.0,1.0,1.0,1.0,0.0,14.0,0.0,0.5,0.6,-9.9,-9.9,-9.9,-9.9,1.0,0.0,14.0,0.0,0.5,0.6,8.3,8.3,8.3,8.3,1.0,0.0,14.0,0.0,0.5,0.6,,,,,,,,,,,,,,,,,,,,,,,,,,,,,,,,,,,,,,,,,-72.0,-72.0,-72.0,-72.0,1.0,0.0,14.0,0.0,0.5,0.6,60.4,60.4,60.4,60.4,1.0,0.0,14.0,0.0,0.5,0.6,-42.7,-42.7,-42.7,-42.7,1.0,0.0,14.0,0.0,0.5,0.6,35.9,35.9,35.9,35.9,1.0,0.0,14.0,0.0,0.5,0.6,,,,,,,,,,,,,,,,,,,,,,,,,,,,,,,,,,,,,,,,
1974,2,342.0,-7.0,26.61,27.5,28.39,27.5,2.0,1.84,14.0,0.0,0.2,0.5,24.69,25.3,25.91,25.3,2.0,1.27,14.0,0.0,0.2,0.5,16.46,16.51,16.56,16.51,2.0,0.11,14.0,0.0,0.2,0.5,79.4,82.1,84.7,82.1,2.0,5.5,14.0,0.0,0.5,5.93,7.7,9.47,7.7,2.0,3.68,14.0,0.0,0.2,0.5,-7.26,-5.9,-4.54,-5.9,2.0,2.82,14.0,0.0,0.2,0.5,3.81,4.95,6.09,4.95,2.0,2.36,14.0,0.0,0.2,0.5,1009.29,1010.35,1011.41,1010.35,2.0,2.19,14.0,0.0,0.2,0.5,1.3,2.0,2.7,2.0,2.0,1.4,14.0,0.0,0.2,0.5,-71.5,-50.6,-29.7,-50.6,2.0,43.4,14.0,0.0,0.2,0.5,24.9,42.5,60.0,42.5,2.0,36.4,14.0,0.0,0.2,0.5,1.93,2.2,2.47,2.2,2.0,0.57,14.0,0.0,0.2,0.5,14.1,15.9,17.7,15.9,2.0,3.7,14.0,0.0,0.2,0.5,5.44,6.58,7.72,6.58,2.0,2.36,14.0,0.0,0.2,0.5,43.4,46.3,49.2,46.3,2.0,6.0,14.0,0.0,0.2,0.5,-178.2,-147.4,-116.7,-147.4,2.0,63.8,14.0,0.0,0.2,0.5,97.9,123.7,149.5,123.7,2.0,53.5,14.0,0.0,0.2,0.5,-119.4,-97.2,-75.1,-97.2,2.0,45.9,14.0,0.0,0.2,0.5,63.0,81.6,100.2,81.6,2.0,38.5,14.0,0.0,0.2,0.5,-37.7,-35.5,-33.3,-35.5,2.0,4.6,14.0,0.0,0.2,0.5,27.9,29.8,31.7,29.8,2.0,3.9,14.0,0.0,0.2,0.5,285.0,612.5,940.5,612.5,2.0,679.0,14.0,0.0,0.2,0.5,285.0,615.0,940.0,615.0,2.0,680.0,14.0,0.0,0.2,0.5
1974,2,342.0,-6.0,26.7,26.7,26.7,26.7,1.0,0.0,2.0,0.0,0.9,0.4,26.4,26.4,26.4,26.4,1.0,0.0,2.0,0.0,0.9,0.4,17.24,17.24,17.24,17.24,1.0,0.0,2.0,0.0,0.9,0.4,80.1,80.1,80.1,80.1,1.0,0.0,2.0,0.0,0.4,4.1,4.1,4.1,4.1,1.0,0.0,2.0,0.0,0.9,0.4,-3.85,-3.85,-3.85,-3.85,1.0,0.0,2.0,0.0,0.9,0.4,1.4,1.4,1.4,1.4,1.0,0.0,2.0,0.0,0.9,0.4,1010.2,1010.2,1010.2,1010.2,1.0,0.0,2.0,0.0,0.9,0.4,5.0,5.0,5.0,5.0,1.0,0.0,2.0,0.0,0.9,0.4,-15.8,-15.8,-15.8,-15.8,1.0,0.0,2.0,0.0,0.9,0.4,5.7,5.7,5.7,5.7,1.0,0.0,2.0,0.0,0.9,0.4,0.3,0.3,0.3,0.3,1.0,0.0,2.0,0.0,0.9,0.4,1.2,1.2,1.2,1.2,1.0,0.0,2.0,0.0,0.9,0.4,4.72,4.72,4.72,4.72,1.0,0.0,2.0,0.0,0.9,0.4,19.4,19.4,19.4,19.4,1.0,0.0,2.0,0.0,0.9,0.4,-101.7,-101.7,-101.7,-101.7,1.0,0.0,2.0,0.0,0.9,0.4,37.0,37.0,37.0,37.0,1.0,0.0,2.0,0.0,0.9,0.4,-66.4,-66.4,-66.4,-66.4,1.0,0.0,2.0,0.0,0.9,0.4,24.2,24.2,24.2,24.2,1.0,0.0,2.0,0.0,0.9,0.4,-18.2,-18.2,-18.2,-18.2,1.0,0.0,2.0,0.0,0.9,0.4,6.6,6.6,6.6,6.6,1.0,0.0,2.0,0.0,0.9,0.4,69.0,69.0,69.0,69.0,1.0,0.0,2.0,0.0,0.9,0.4,70.0,70.0,70.0,70.0,1.0,0.0,2.0,0.0,0.9,0.4
1974,2,342.0,-5.0,27.05,27.15,27.25,27.15,2.0,0.21,18.0,1.0,0.7,0.3,27.07,27.85,28.63,27.85,2.0,1.63,18.0,1.0,0.7,0.3,17.62,17.77,17.93,17.77,2.0,0.31,18.0,1.0,0.7,0.3,73.5,76.2,78.9,76.2,2.0,5.6,18.0,1.0,0.3,3.39,5.1,5.85,4.63,3.0,1.84,20.0,1.0,0.7,0.3,-4.0,-3.1,-2.12,-3.06,3.0,1.37,20.0,1.0,0.7,0.3,2.17,2.55,4.47,3.3,3.0,1.81,20.0,1.0,0.7,0.3,1008.48,1010.6,1014.42,1011.43,3.0,4.41,20.0,1.0,0.7,0.3,4.2,4.5,4.8,4.5,2.0,0.7,18.0,1.0,0.7,0.3,-21.5,-19.2,-9.1,-15.4,3.0,9.7,20.0,1.0,0.7,0.3,7.7,13.0,26.9,17.2,3.0,14.5,20.0,1.0,0.7,0.3,-1.59,-0.7,0.19,-0.7,2.0,1.84,18.0,1.0,0.7,0.3,-3.8,-0.7,2.3,-0.7,2.0,6.3,18.0,1.0,0.7,0.3,4.38,4.72,5.05,4.72,2.0,0.69,18.0,1.0,0.7,0.3,14.4,21.6,28.9,21.6,2.0,15.0,18.0,1.0,0.7,0.3,-77.3,-65.6,-53.9,-65.6,2.0,24.3,18.0,1.0,0.7,0.3,71.3,100.6,129.8,100.6,2.0,60.5,18.0,1.0,0.7,0.3,-50.5,-42.2,-33.9,-42.2,2.0,17.2,18.0,1.0,0.7,0.3,45.1,65.0,85.0,65.0,2.0,41.3,18.0,1.0,0.7,0.3,-14.7,-11.6,-8.5,-11.6,2.0,6.4,18.0,1.0,0.7,0.3,11.5,18.2,24.8,18.2,2.0,13.8,18.0,1.0,0.7,0.3,54.0,132.5,205.0,129.5,3.0,110.5,20.0,1.0,0.7,0.3,55.0,135.0,205.0,130.0,3.0,110.0,20.0,1.0,0.7,0.3
1974,2,342.0,-4.0,27.0,27.0,27.0,27.0,1.0,0.0,22.0,0.0,0.9,0.6,27.0,27.0,27.0,27.0,1.0,0.0,22.0,0.0,0.9,0.6,18.21,18.21,18.21,18.21,1.0,0.0,22.0,0.0,0.9,0.6,81.7,81.7,81.7,81.7,1.0,0.0,22.0,0.0,0.6,5.1,5.1,5.1,5.1,1.0,0.0,22.0,0.0,0.9,0.6,-3.91,-3.91,-3.91,-3.91,1.0,0.0,22.0,0.0,0.9,0.6,3.28,3.28,3.28,3.28,1.0,0.0,22.0,0.0,0.9,0.6,1010.3,1010.3,1010.3,1010.3,1.0,0.0,22.0,0.0,0.9,0.6,4.0,4.0,4.0,4.0,1.0,0.0,22.0,0.0,0.9,0.6,-19.9,-19.9,-19.9,-19.9,1.0,0.0,22.0,0.0,0.9,0.6,16.7,16.7,16.7,16.7,1.0,0.0,22.0,0.0,0.9,0.6,0.0,0.0,0.0,0.0,1.0,0.0,22.0,0.0,0.9,0.6,0.0,0.0,0.0,0.0,1.0,0.0,22.0,0.0,0.9,0.6,4.14,4.14,4.14,4.14,1.0,0.0,22.0,0.0,0.9,0.6,21.1,21.1,21.1,21.1,1.0,0.0,22.0,0.0,0.9,0.6,-105.5,-105.5,-105.5,-105.5,1.0,0.0,22.0,0.0,0.9,0.6,88.5,88.5,88.5,88.5,1.0,0.0,22.0,0.0,0.9,0.6,-71.2,-71.2,-71.2,-71.2,1.0,0.0,22.0,0.0,0.9,0.6,59.7,59.7,59.7,59.7,1.0,0.0,22.0,0.0,0.9,0.6,-16.2,-16.2,-16.2,-16.2,1.0,0.0,22.0,0.0,0.9,0.6,13.6,13.6,13.6,13.6,1.0,0.0,22.0,0.0,0.9,0.6,132.5,132.5,132.5,132.5,1.0,0.0,22.0,0.0,0.9,0.6,135.0,135.0,135.0,135.0,1.0,0.0,22.0,0.0,0.9,0.6
1974,2,342.0,-3.0,26.5,26.5,26.5,26.5,1.0,0.0,20.0,0.0,0.4,0.1,26.9,26.9,26.9,26.9,1.0,0.0,20.0,0.0,0.4,0.1,18.21,18.21,18.21,18.21,1.0,0.0,20.0,0.0,0.4,0.1,82.2,82.2,82.2,82.2,1.0,0.0,20.0,0.0,0.1,,,,,,,,,,,,,,,,,,,,,,,,,,,,,,,,,,,,,,,,,,,,,,,,,,,,,,,,,,,,,,,,,,,,,,,,,,,,,,,,,,,,,,,,,,,,,,,,,,,,,,,,,,,,,,,,,,,,,,,,,,,,,,,,,,,,,,,,,,,,,,,,,,,,,,,,,,,,,,,,,,,,,,,,,,,,,,,,,,,,,,,,,,,,,,
1974,2,342.0,0.0,27.24,27.55,27.86,27.55,2.0,0.64,16.0,1.0,0.7,0.8,29.55,29.65,29.75,29.65,2.0,0.21,16.0,1.0,0.7,0.8,18.58,19.88,21.18,19.88,2.0,2.69,16.0,1.0,0.7,0.8,71.9,76.4,80.9,76.4,2.0,9.4,16.0,1.0,0.8,1.75,2.3,2.85,2.3,2.0,1.13,16.0,1.0,0.7,0.8,-1.46,-1.26,-1.06,-1.26,2.0,0.41,16.0,1.0,0.7,0.8,1.39,1.92,2.44,1.92,2.0,1.09,16.0,1.0,0.7,0.8,1011.24,1011.75,1012.26,1011.75,2.0,1.06,16.0,1.0,0.7,0.8,2.3,3.0,3.7,3.0,2.0,1.4,16.0,1.0,0.7,0.8,-4.3,-3.1,-2.0,-3.1,2.0,2.4,16.0,1.0,0.7,0.8,2.8,5.0,7.3,5.0,2.0,4.7,16.0,1.0,0.7,0.8,-2.51,-2.1,-1.69,-2.1,2.0,0.85,16.0,1.0,0.7,0.8,-4.6,-4.3,-4.1,-4.3,2.0,0.4,16.0,1.0,0.7,0.8,1.46,3.2,4.93,3.2,2.0,3.59,16.0,1.0,0.7,0.8,3.7,9.4,15.1,9.4,2.0,11.9,16.0,1.0,0.7,0.8,-43.0,-37.2,-31.4,-37.2,2.0,12.0,16.0,1.0,0.7,0.8,41.4,56.7,72.1,56.7,2.0,31.8,16.0,1.0,0.7,0.8,-26.8,-24.4,-22.1,-24.4,2.0,4.9,16.0,1.0,0.7,0.8,28.7,36.6,44.6,36.6,2.0,16.4,16.0,1.0,0.7,0.8,-7.6,-4.8,-1.9,-4.8,2.0,5.8,16.0,1.0,0.7,0.8,3.1,8.1,13.1,8.1,2.0,10.3,16.0,1.0,0.7,0.8,7.5,16.5,25.5,16.5,2.0,18.5,16.0,1.0,0.7,0.8,10.0,15.0,25.0,15.0,2.0,20.0,16.0,1.0,0.7,0.8
1974,2,342.0,1.0,,,,,,,,,,,,,,,,,,,,,,,,,,,,,,,,,,,,,,,,4.6,4.6,4.6,4.6,1.0,0.0,14.0,1.0,0.1,0.5,1.57,1.57,1.57,1.57,1.0,0.0,14.0,1.0,0.1,0.5,-4.32,-4.32,-4.32,-4.32,1.0,0.0,14.0,1.0,0.1,0.5,1014.35,1014.45,1014.55,1014.45,2.0,0.21,8.0,0.5,0.1,0.7,,,,,,,,,,,,,,,,,,,,,,,,,,,,,,,,,,,,,,,,,,,,,,,,,,,,,,,,,,,,,,,,,,,,,,,,,,,,,,,,,,,,,,,,,,,,,,,,,,,,,,,,,,,,,,,,,,,,,,,,,,,,,,,,,,,,,,,,,,,,,,,,,,,,,,
1974,2,342.0,4.0,28.0,28.0,28.0,28.0,1.0,0.0,18.0,0.0,0.2,0.7,27.0,27.0,27.0,27.0,1.0,0.0,18.0,0.0,0.2,0.7,17.9,17.9,17.9,17.9,1.0,0.0,18.0,0.0,0.2,0.7,80.2,80.2,80.2,80.2,1.0,0.0,18.0,0.0,0.7,4.75,6.15,7.55,6.15,2.0,2.9,18.0,0.5,0.4,0.4,-0.98,-0.01,0.95,-0.01,2.0,2.0,18.0,0.5,0.4,0.4,-7.41,-5.96,-4.52,-5.96,2.0,2.99,18.0,0.5,0.4,0.4,1010.37,1012.45,1014.53,1012.45,2.0,4.31,18.0,0.5,0.4,0.4,0.0,0.0,0.0,0.0,1.0,0.0,18.0,0.0,0.2,0.7,-8.9,-3.0,3.0,-3.0,2.0,12.3,18.0,0.5,0.4,0.4,-58.2,-41.0,-23.8,-41.0,2.0,35.7,18.0,0.5,0.4,0.4,1.0,1.0,1.0,1.0,1.0,0.0,18.0,0.0,0.2,0.7,4.1,4.1,4.1,4.1,1.0,0.0,18.0,0.0,0.2,0.7,5.85,5.85,5.85,5.85,1.0,0.0,18.0,0.0,0.2,0.7,24.0,24.0,24.0,24.0,1.0,0.0,18.0,0.0,0.2,0.7,37.9,37.9,37.9,37.9,1.0,0.0,18.0,0.0,0.2,0.7,-104.0,-104.0,-104.0,-104.0,1.0,0.0,18.0,0.0,0.2,0.7,25.1,25.1,25.1,25.1,1.0,0.0,18.0,0.0,0.2,0.7,-69.0,-69.0,-69.0,-69.0,1.0,0.0,18.0,0.0,0.2,0.7,8.2,8.2,8.2,8.2,1.0,0.0,18.0,0.0,0.2,0.7,-22.5,-22.5,-22.5,-22.5,1.0,0.0,18.0,0.0,0.2,0.7,145.5,310.0,475.0,310.0,2.0,341.0,18.0,0.5,0.4,0.4,145.0,310.0,475.0,310.0,2.0,340.0,18.0,0.5,0.4,0.4
1974,2,342.0,5.0,28.06,28.2,28.27,28.17,3.0,0.15,12.0,1.0,1.0,0.3,26.35,27.1,27.71,27.03,3.0,1.0,12.0,1.0,1.0,0.3,16.52,16.52,16.52,16.52,1.0,0.0,18.0,1.0,1.0,0.4,74.4,76.1,77.7,76.1,2.0,3.4,14.0,1.0,0.3,1.98,4.1,4.1,3.07,3.0,1.79,12.0,1.0,1.0,0.3,-0.43,0.17,0.54,0.06,3.0,0.72,12.0,1.0,1.0,0.3,-4.04,-4.04,-1.95,-3.02,3.0,1.76,12.0,1.0,1.0,0.3,1009.83,1009.9,1009.97,1009.9,2.0,0.14,14.0,1.0,1.0,0.3,3.0,5.0,5.7,4.3,3.0,2.1,12.0,1.0,1.0,0.3,-1.9,0.2,2.0,0.1,3.0,2.9,12.0,1.0,1.0,0.3,-16.6,-16.6,-5.9,-11.4,3.0,9.0,12.0,1.0,1.0,0.3,0.52,1.2,1.75,1.13,3.0,0.9,12.0,1.0,1.0,0.3,1.7,4.9,7.2,4.4,3.0,4.0,12.0,1.0,1.0,0.3,7.65,7.65,7.65,7.65,1.0,0.0,18.0,1.0,1.0,0.4,31.3,31.3,31.3,31.3,1.0,0.0,18.0,1.0,1.0,0.4,-11.1,4.9,14.7,1.9,3.0,19.1,12.0,1.0,1.0,0.3,-108.0,-105.0,-52.1,-80.7,3.0,46.0,12.0,1.0,1.0,0.3,11.8,11.8,11.8,11.8,1.0,0.0,18.0,1.0,1.0,0.4,-66.7,-66.7,-66.7,-66.7,1.0,0.0,18.0,1.0,1.0,0.4,5.4,5.4,5.4,5.4,1.0,0.0,18.0,1.0,1.0,0.4,-30.9,-30.9,-30.9,-30.9,1.0,0.0,18.0,1.0,1.0,0.4,22.5,69.0,69.0,46.5,3.0,39.0,12.0,1.0,1.0,0.3,25.0,70.0,70.0,45.0,3.0,40.0,12.0,1.0,1.0,0.3
1974,2,342.0,6.0,25.63,26.95,27.9,26.78,4.0,1.35,14.0,0.5,0.8,0.3,26.98,27.6,28.41,27.85,6.0,1.16,16.0,0.3,0.8,0.4,16.85,18.0,18.47,17.67,3.0,1.22,12.0,0.3,0.7,0.4,75.0,80.7,83.1,79.1,3.0,6.1,12.0,0.3,0.4,2.06,2.6,4.92,3.57,6.0,3.37,16.0,0.3,0.8,0.4,1.38,2.6,2.76,2.15,6.0,1.18,16.0,0.3,0.8,0.4,-3.01,0.0,0.0,-1.85,6.0,3.95,16.0,0.3,0.8,0.4,1008.43,1009.75,1011.4,1009.68,6.0,1.67,16.0,0.3,0.8,0.4,0.0,5.0,7.2,4.2,6.0,3.7,16.0,0.3,0.8,0.4,5.4,6.8,13.2,8.3,6.0,5.9,16.0,0.3,0.8,0.4,-23.9,0.0,0.0,-17.2,6.0,39.9,16.0,0.3,0.8,0.4,-1.9,-1.45,-0.05,-1.0,4.0,1.32,14.0,0.5,0.8,0.3,-12.4,-2.0,1.2,-5.4,4.0,10.1,14.0,0.5,0.8,0.3,2.94,4.79,4.85,3.92,3.0,1.59,12.0,0.3,0.7,0.4,4.0,12.5,16.0,10.0,3.0,9.0,12.0,0.3,0.7,0.4,41.3,71.4,76.8,59.9,6.0,32.0,16.0,0.3,0.8,0.4,-87.6,0.0,0.0,-54.8,6.0,118.6,16.0,0.3,0.8,0.4,15.4,48.6,53.1,34.6,3.0,30.1,12.0,0.3,0.7,0.4,-13.7,0.0,0.0,-6.7,3.0,11.6,12.0,0.3,0.7,0.4,4.0,12.5,15.2,9.7,3.0,8.6,12.0,0.3,0.7,0.4,-4.1,0.0,0.0,-2.0,3.0,3.5,12.0,0.3,0.7,0.4,14.0,17.5,243.5,183.0,6.0,400.5,16.0,0.3,0.8,0.4,15.0,20.0,245.0,185.0,6.0,400.0,16.0,0.3,0.8,0.4
1974,2,342.0,7.0,25.73,26.5,27.97,26.78,5.0,1.76,18.0,0.8,0.6,0.4,26.35,27.1,27.59,26.93,6.0,1.09,16.0,0.7,0.6,0.5,16.87,17.29,17.58,17.23,4.0,0.45,18.0,0.8,0.5,0.4,74.4,76.6,77.6,76.0,4.0,2.5,18.0,0.8,0.4,2.08,3.1,3.81,3.08,6.0,0.97,16.0,0.7,0.6,0.5,0.54,1.44,2.45,1.54,6.0,0.96,16.0,0.7,0.6,0.5,-3.15,-2.91,-1.54,-2.55,6.0,0.89,16.0,0.7,0.6,0.5,1009.08,1010.75,1013.11,1011.07,6.0,2.03,16.0,0.7,0.6,0.5,0.0,4.0,8.0,4.0,6.0,3.6,16.0,0.7,0.6,0.5,1.7,2.9,9.4,5.2,6.0,4.8,16.0,0.7,0.6,0.5,-11.2,-9.5,-3.2,-8.5,6.0,5.0,16.0,0.7,0.6,0.5,-1.41,-0.5,0.37,-0.54,5.0,1.21,18.0,0.8,0.6,0.4,-4.2,-1.5,0.8,-1.9,5.0,3.9,18.0,0.8,0.6,0.4,3.43,4.77,6.65,5.03,4.0,2.38,18.0,0.8,0.5,0.4,11.3,15.7,20.1,15.7,4.0,5.9,18.0,0.8,0.5,0.4,14.3,40.1,65.6,41.7,6.0,26.3,16.0,0.7,0.6,0.5,-85.2,-75.0,-43.4,-68.2,6.0,23.1,16.0,0.7,0.6,0.5,16.1,31.1,45.8,30.9,4.0,18.6,18.0,0.8,0.5,0.4,-57.5,-49.1,-36.6,-47.2,4.0,14.4,18.0,0.8,0.5,0.4,3.9,8.3,13.0,8.4,4.0,5.5,18.0,0.8,0.5,0.4,-15.8,-13.5,-9.7,-12.8,4.0,4.5,18.0,0.8,0.5,0.4,9.0,30.0,57.0,37.0,6.0,33.0,16.0,0.7,0.6,0.5,10.0,30.0,55.0,35.0,6.0,35.0,16.0,0.7,0.6,0.5
1974,2,342.0,8.0,25.95,26.75,28.0,26.91,12.0,1.0,14.0,0.7,0.6,0.6,25.9,26.85,28.28,27.13,12.0,1.53,14.0,0.7,0.6,0.6,13.27,15.86,16.9,15.29,10.0,1.76,14.0,0.6,0.6,0.6,59.3,71.4,78.1,69.7,10.0,9.3,14.0,0.6,0.6,2.15,4.1,5.1,3.75,11.0,1.59,14.0,0.6,0.6,0.6,-1.65,0.89,2.78,0.62,11.0,2.42,14.0,0.6,0.6,0.6,-4.32,-3.21,-1.56,-2.88,11.0,1.62,14.0,0.6,0.6,0.6,1007.45,1009.85,1011.38,1009.66,12.0,2.1,14.0,0.7,0.6,0.6,0.0,0.0,2.3,1.3,12.0,2.7,14.0,0.7,0.6,0.6,-5.4,2.3,11.9,2.3,11.0,11.8,14.0,0.6,0.6,0.6,-22.4,-15.8,-3.4,-12.9,11.0,9.2,14.0,0.6,0.6,0.6,-1.46,0.0,0.83,-0.22,12.0,1.53,14.0,0.7,0.6,0.6,-2.9,0.0,3.6,-0.2,11.0,4.4,14.0,0.6,0.6,0.6,4.07,7.15,9.32,6.87,10.0,2.32,14.0,0.6,0.6,0.6,11.4,25.0,42.5,27.6,9.0,16.9,14.0,0.6,0.6,0.6,-44.7,24.4,78.4,17.4,11.0,67.0,14.0,0.6,0.6,0.6,-114.3,-88.1,-40.9,-77.7,11.0,41.9,14.0,0.6,0.6,0.6,-30.1,12.8,21.7,-1.0,9.0,29.6,14.0,0.6,0.6,0.6,-66.2,-47.9,-24.1,-43.0,9.0,26.2,14.0,0.6,0.6,0.6,-8.6,4.0,12.8,-0.2,9.0,18.2,14.0,0.6,0.6,0.6,-36.3,-23.5,-8.3,-23.0,9.0,14.5,14.0,0.6,0.6,0.6,11.5,69.0,132.5,77.0,11.0,62.5,14.0,0.6,0.6,0.6,10.0,70.0,135.0,75.0,11.0,65.0,14.0,0.6,0.6,0.6
1974,2,342.0,9.0,24.39,26.5,28.0,26.22,51.0,2.03,16.0,0.6,0.7,0.5,23.86,25.2,27.15,25.49,51.0,2.04,14.0,0.6,0.7,0.6,12.71,14.15,16.07,14.41,31.0,1.83,14.0,0.6,0.6,0.5,64.5,73.6,82.8,73.1,33.0,10.0,14.0,0.6,0.6,1.89,3.8,6.77,4.07,50.0,2.3,16.0,0.6,0.7,0.5,-1.11,1.08,2.97,0.76,50.0,2.14,16.0,0.6,0.7,0.5,-6.58,-2.8,-0.73,-3.26,50.0,2.48,16.0,0.6,0.7,0.5,1007.76,1009.7,1011.7,1009.78,49.0,2.0,14.0,0.6,0.7,0.5,0.0,0.0,3.1,1.3,51.0,2.4,16.0,0.6,0.7,0.5,-3.7,2.6,12.9,3.5,50.0,12.5,16.0,0.6,0.7,0.5,-44.2,-9.9,-1.8,-18.5,50.0,20.8,16.0,0.6,0.7,0.5,-1.0,1.0,2.8,0.74,49.0,2.14,16.0,0.6,0.6,0.6,-3.1,2.4,10.0,3.8,46.0,8.1,16.0,0.5,0.7,0.5,4.71,6.4,8.8,6.82,31.0,2.28,14.0,0.6,0.6,0.5,10.3,25.5,48.7,30.0,30.0,19.4,14.0,0.6,0.6,0.5,-23.0,26.3,81.9,21.7,48.0,51.4,16.0,0.5,0.7,0.6,-158.1,-69.0,-17.7,-82.7,48.0,63.8,16.0,0.5,0.7,0.6,-19.5,12.2,33.7,8.2,30.0,31.6,14.0,0.6,0.6,0.5,-87.4,-44.7,-22.3,-52.1,30.0,31.1,14.0,0.6,0.6,0.5,-8.2,5.6,19.1,4.9,30.0,15.3,14.0,0.6,0.6,0.5,-46.6,-20.7,-6.7,-25.3,30.0,19.6,14.0,0.6,0.6,0.5,7.0,55.5,310.0,136.0,50.0,180.0,16.0,0.6,0.7,0.5,5.0,55.0,310.0,135.0,50.0,180.0,16.0,0.6,0.7,0.5
1974,2,342.0,10.0,22.01,24.0,26.0,24.18,159.0,2.26,14.0,0.5,0.7,0.5,22.3,24.0,26.0,24.13,163.0,1.85,14.0,0.5,0.6,0.5,12.22,13.7,15.56,13.93,88.0,1.88,14.0,0.5,0.6,0.5,67.5,76.2,85.1,76.2,90.0,9.3,14.0,0.5,0.5,3.0,5.85,8.0,5.63,144.0,2.75,14.0,0.6,0.7,0.5,-1.59,0.0,2.56,0.27,144.0,2.33,14.0,0.6,0.7,0.5,-7.7,-5.25,-2.21,-5.03,144.0,2.91,14.0,0.6,0.7,0.5,1008.0,1010.0,1012.32,1010.26,158.0,2.28,14.0,0.5,0.6,0.5,0.0,0.0,2.0,1.2,160.0,2.4,14.0,0.6,0.6,0.5,-8.9,0.0,14.1,1.0,144.0,18.4,14.0,0.6,0.7,0.5,-64.0,-32.0,-6.1,-35.8,144.0,30.8,14.0,0.6,0.7,0.5,-2.05,0.0,2.0,0.07,157.0,2.41,14.0,0.5,0.7,0.5,-8.1,0.0,10.2,1.5,136.0,13.8,14.0,0.6,0.7,0.5,3.14,5.08,7.55,5.29,86.0,2.68,14.0,0.5,0.7,0.5,6.3,27.8,57.6,33.1,80.0,26.3,14.0,0.6,0.7,0.5,-36.1,0.0,63.1,7.9,142.0,55.4,14.0,0.6,0.7,0.5,-186.3,-121.6,-50.1,-120.6,142.0,70.9,14.0,0.6,0.7,0.5,-28.0,0.0,32.6,0.6,82.0,33.0,14.0,0.6,0.6,0.5,-109.5,-74.3,-39.0,-72.4,82.0,34.9,14.0,0.6,0.6,0.5,-10.0,0.0,10.7,-0.8,80.0,14.7,14.0,0.6,0.7,0.5,-56.5,-24.2,-5.2,-30.6,80.0,25.2,14.0,0.6,0.7,0.5,27.0,200.5,512.0,304.0,144.0,362.0,14.0,0.6,0.7,0.5,25.0,200.0,510.0,305.0,144.0,360.0,14.0,0.6,0.7,0.5
1974,2,342.0,11.0,20.8,22.1,24.0,22.35,551.0,1.82,14.0,0.5,0.7,0.4,21.2,23.2,25.29,23.26,556.0,2.13,14.0,0.5,0.7,0.4,11.29,12.84,14.37,12.78,100.0,1.78,14.0,0.5,0.5,0.4,64.9,73.4,83.5,73.9,102.0,10.0,14.0,0.5,0.4,3.0,6.0,8.0,5.52,529.0,2.58,14.0,0.5,0.7,0.4,-1.39,0.52,2.51,0.48,529.0,2.15,14.0,0.5,0.7,0.4,-7.72,-5.0,-2.44,-4.99,529.0,2.71,14.0,0.5,0.7,0.4,1008.7,1011.0,1013.4,1011.16,549.0,2.52,14.0,0.5,0.7,0.4,0.0,0.0,2.0,0.7,527.0,1.6,14.0,0.5,0.7,0.4,-8.1,1.4,16.2,2.9,529.0,15.7,14.0,0.5,0.7,0.4,-63.0,-26.0,-7.3,-34.1,529.0,29.2,14.0,0.5,0.7,0.4,-3.2,-0.7,1.0,-0.9,547.0,2.37,14.0,0.5,0.7,0.4,-15.8,-3.0,5.4,-4.2,515.0,13.3,14.0,0.5,0.7,0.4,2.93,4.65,6.47,4.75,98.0,2.41,14.0,0.5,0.5,0.4,10.0,28.0,41.0,27.1,93.0,17.1,14.0,0.5,0.5,0.4,-34.3,11.7,57.5,10.7,524.0,50.4,14.0,0.5,0.7,0.4,-174.6,-117.7,-55.1,-114.9,524.0,61.1,14.0,0.5,0.7,0.4,-37.9,0.0,31.9,2.3,95.0,32.8,14.0,0.5,0.5,0.4,-101.4,-65.7,-30.6,-62.6,95.0,34.7,14.0,0.5,0.5,0.4,-12.9,0.3,10.4,0.0,93.0,13.1,14.0,0.5,0.5,0.4,-37.3,-25.1,-5.7,-23.8,93.0,17.1,14.0,0.5,0.5,0.4,27.0,216.0,512.0,278.0,529.0,323.5,14.0,0.5,0.7,0.4,25.0,215.0,510.0,280.0,529.0,325.0,14.0,0.5,0.7,0.4
1974,2,342.0,12.0,19.0,21.0,23.0,21.14,309.0,1.99,16.0,0.5,0.6,0.3,20.0,22.0,24.01,22.12,309.0,2.01,16.0,0.5,0.6,0.3,10.35,11.67,12.92,11.86,93.0,1.8,14.0,0.5,0.4,0.4,64.8,74.4,84.5,74.4,94.0,10.1,14.0,0.5,0.4,4.0,7.0,9.0,6.49,293.0,2.65,16.0,0.5,0.5,0.3,-1.97,0.0,2.03,-0.01,293.0,2.32,16.0,0.5,0.5,0.3,-8.86,-6.11,-3.1,-6.04,293.0,2.68,16.0,0.5,0.5,0.3,1009.4,1011.4,1014.5,1011.89,311.0,2.76,16.0,0.5,0.5,0.3,0.0,0.0,2.0,0.6,304.0,1.6,16.0,0.5,0.5,0.3,-14.1,0.0,13.1,-1.1,293.0,20.4,16.0,0.5,0.5,0.3,-81.0,-38.9,-11.3,-45.9,293.0,34.4,16.0,0.5,0.5,0.3,-3.14,-0.9,1.0,-1.0,301.0,2.31,16.0,0.5,0.6,0.3,-20.6,-4.5,6.5,-6.5,278.0,16.1,16.0,0.5,0.6,0.3,2.05,3.32,5.38,3.5,93.0,1.93,14.0,0.5,0.4,0.4,7.0,19.5,40.4,23.4,92.0,17.8,14.0,0.5,0.4,0.4,-46.8,0.0,45.1,0.0,285.0,52.0,16.0,0.5,0.5,0.3,-195.7,-131.9,-72.7,-132.7,285.0,58.7,16.0,0.5,0.5,0.3,-21.9,0.0,19.1,-1.2,92.0,26.2,14.0,0.5,0.4,0.4,-98.8,-74.6,-35.1,-69.5,92.0,30.1,14.0,0.5,0.4,0.4,-6.8,0.0,4.6,-1.8,92.0,10.1,14.0,0.5,0.4,0.4,-38.1,-18.1,-6.4,-21.8,92.0,16.9,14.0,0.5,0.4,0.4,64.0,343.0,729.0,410.0,293.0,435.5,16.0,0.5,0.5,0.3,65.0,345.0,730.0,410.0,293.0,435.0,16.0,0.5,0.5,0.3
1974,2,342.0,13.0,18.0,20.0,22.0,20.05,161.0,2.13,14.0,0.6,0.4,0.4,18.9,20.8,22.96,20.88,166.0,2.21,14.0,0.6,0.4,0.4,9.56,11.32,13.08,11.32,86.0,1.89,14.0,0.5,0.3,0.4,61.6,77.3,87.2,75.6,88.0,11.7,14.0,0.5,0.4,4.6,6.7,9.92,7.05,161.0,2.66,14.0,0.6,0.4,0.4,-2.79,0.0,1.4,-0.55,161.0,2.29,14.0,0.6,0.4,0.4,-9.33,-6.3,-4.04,-6.62,161.0,2.73,14.0,0.6,0.4,0.4,1008.92,1011.55,1014.85,1011.79,160.0,2.74,14.0,0.6,0.4,0.4,0.0,0.0,2.0,0.9,160.0,1.8,14.0,0.6,0.4,0.4,-20.9,0.0,8.2,-5.5,161.0,20.5,14.0,0.6,0.4,0.4,-92.5,-44.9,-16.8,-53.5,161.0,38.5,14.0,0.6,0.4,0.4,-3.2,-0.8,1.15,-0.85,160.0,2.58,14.0,0.6,0.3,0.4,-18.5,-5.3,7.7,-4.6,155.0,18.6,14.0,0.6,0.4,0.4,0.99,2.95,5.5,3.05,85.0,2.33,14.0,0.5,0.3,0.4,6.2,17.1,43.1,22.4,83.0,19.4,14.0,0.5,0.3,0.4,-54.4,0.0,30.9,-10.9,160.0,47.2,14.0,0.6,0.4,0.4,-202.9,-131.5,-86.2,-137.3,160.0,57.4,14.0,0.6,0.4,0.4,-34.9,0.0,18.3,-8.6,84.0,27.2,14.0,0.5,0.3,0.4,-95.3,-66.4,-44.3,-68.3,84.0,28.1,14.0,0.5,0.3,0.4,-10.0,0.0,2.6,-4.0,83.0,11.8,14.0,0.5,0.3,0.4,-38.9,-15.0,-5.6,-20.5,83.0,17.5,14.0,0.5,0.3,0.4,97.5,301.0,977.0,501.5,161.0,514.5,14.0,0.6,0.4,0.4,95.0,300.0,975.0,500.0,161.0,515.0,14.0,0.6,0.4,0.4
1974,2,342.0,14.0,18.0,19.4,21.0,19.51,171.0,1.63,14.0,0.6,0.3,0.4,18.73,20.0,21.94,20.33,173.0,1.92,14.0,0.6,0.3,0.4,9.62,10.96,12.04,10.86,90.0,1.43,14.0,0.6,0.3,0.4,63.7,74.3,85.7,74.4,92.0,10.8,14.0,0.6,0.4,4.6,7.2,9.39,7.18,170.0,2.68,14.0,0.6,0.3,0.4,-2.8,0.0,0.92,-0.95,170.0,2.07,14.0,0.6,0.3,0.4,-9.3,-6.83,-3.85,-6.67,170.0,3.02,14.0,0.6,0.3,0.4,1009.8,1012.0,1014.3,1012.07,169.0,2.52,14.0,0.6,0.3,0.4,0.0,0.0,2.0,0.9,169.0,1.9,14.0,0.6,0.3,0.4,-20.3,0.0,3.8,-7.1,170.0,16.6,14.0,0.6,0.3,0.4,-86.5,-49.0,-16.1,-55.5,170.0,40.7,14.0,0.6,0.3,0.4,-2.55,-0.85,1.0,-0.84,168.0,2.11,14.0,0.6,0.3,0.4,-18.6,-5.4,5.2,-6.4,161.0,15.8,14.0,0.6,0.3,0.4,1.54,3.09,4.91,3.21,89.0,1.74,14.0,0.6,0.3,0.4,7.9,20.9,36.7,22.6,88.0,15.9,14.0,0.6,0.3,0.4,-57.1,-2.7,17.9,-19.2,166.0,41.9,14.0,0.6,0.3,0.4,-192.1,-138.0,-75.9,-135.8,166.0,63.5,14.0,0.6,0.3,0.4,-33.8,-13.1,0.2,-12.1,89.0,21.8,14.0,0.6,0.3,0.4,-95.8,-71.5,-39.6,-67.4,89.0,28.9,14.0,0.6,0.3,0.4,-13.2,-2.5,0.0,-5.0,88.0,7.8,14.0,0.6,0.3,0.4,-33.6,-18.8,-7.1,-20.7,88.0,15.8,14.0,0.6,0.3,0.4,97.5,373.0,829.0,525.0,170.0,542.0,14.0,0.6,0.3,0.4,95.0,375.0,830.0,525.0,170.0,540.0,14.0,0.6,0.3,0.4
1974,2,342.0,15.0,17.2,19.0,20.36,19.05,155.0,1.78,16.0,0.5,0.3,0.4,18.2,19.8,22.0,20.01,152.0,1.94,14.0,0.5,0.3,0.4,9.26,10.6,12.0,10.67,74.0,1.38,14.0,0.6,0.3,0.5,64.4,76.3,86.0,75.7,78.0,11.1,14.0,0.6,0.5,4.16,7.0,10.26,7.07,153.0,2.99,14.0,0.5,0.3,0.4,-3.28,0.0,0.0,-1.28,153.0,2.49,14.0,0.5,0.3,0.4,-9.2,-6.6,-3.46,-6.43,153.0,3.13,14.0,0.5,0.3,0.4,1010.43,1013.0,1015.97,1013.06,148.0,2.77,14.0,0.5,0.3,0.5,0.0,0.0,4.0,1.4,145.0,2.4,14.0,0.6,0.3,0.4,-32.2,0.0,0.0,-12.0,153.0,24.1,14.0,0.5,0.3,0.4,-91.7,-49.0,-15.9,-53.9,153.0,43.0,14.0,0.5,0.3,0.4,-2.75,-1.0,0.75,-1.06,149.0,1.98,16.0,0.5,0.3,0.4,-19.7,-6.0,3.5,-7.5,144.0,15.5,16.0,0.5,0.3,0.4,1.17,2.63,4.24,2.65,72.0,1.42,14.0,0.6,0.3,0.5,4.6,19.2,32.9,19.6,72.0,14.7,14.0,0.6,0.3,0.5,-63.6,0.0,0.0,-24.9,147.0,51.1,16.0,0.5,0.3,0.4,-190.5,-131.9,-71.1,-129.2,147.0,62.1,16.0,0.5,0.3,0.4,-37.2,-13.6,0.0,-16.6,74.0,25.4,14.0,0.6,0.3,0.5,-95.7,-63.6,-37.2,-62.9,74.0,29.7,14.0,0.6,0.3,0.5,-12.1,-2.6,0.0,-5.5,72.0,8.9,14.0,0.6,0.3,0.5,-27.1,-16.7,-4.5,-17.5,72.0,13.7,14.0,0.6,0.3,0.5,72.5,343.0,1081.5,543.0,153.0,623.5,14.0,0.5,0.3,0.4,70.0,345.0,1080.0,545.0,153.0,625.0,14.0,0.5,0.3,0.4
1974,2,342.0,16.0,17.67,18.9,20.0,18.96,169.0,1.56,14.0,0.5,0.3,0.4,18.05,19.8,21.15,19.82,168.0,1.75,14.0,0.5,0.3,0.4,8.8,10.57,11.68,10.59,87.0,1.61,14.0,0.5,0.3,0.4,64.4,74.4,86.1,74.7,88.0,10.7,14.0,0.5,0.4,5.1,7.85,11.0,7.94,162.0,3.17,14.0,0.5,0.3,0.4,-5.33,-1.61,0.0,-2.13,162.0,2.93,14.0,0.5,0.3,0.4,-9.46,-7.1,-3.88,-7.01,162.0,3.31,14.0,0.5,0.3,0.4,1010.9,1013.3,1016.7,1013.51,169.0,2.78,14.0,0.5,0.3,0.4,0.0,0.0,3.0,1.3,167.0,2.4,14.0,0.5,0.3,0.4,-51.8,-11.4,0.0,-21.1,162.0,31.0,14.0,0.5,0.3,0.4,-107.0,-56.8,-18.5,-65.0,162.0,50.7,14.0,0.5,0.3,0.4,-2.62,-0.7,0.72,-0.86,161.0,2.04,14.0,0.5,0.3,0.4,-21.8,-5.5,3.3,-7.2,151.0,17.8,14.0,0.5,0.3,0.4,1.22,2.65,4.59,2.91,87.0,1.88,14.0,0.5,0.3,0.4,5.5,18.8,40.2,23.5,85.0,19.7,14.0,0.5,0.3,0.5,-102.1,-31.2,0.0,-41.4,158.0,57.9,14.0,0.5,0.3,0.4,-187.8,-141.8,-74.5,-139.1,158.0,65.4,14.0,0.5,0.3,0.4,-48.7,-18.8,10.4,-19.2,85.0,28.9,14.0,0.5,0.3,0.5,-95.8,-67.0,-40.7,-68.0,85.0,29.2,14.0,0.5,0.3,0.5,-17.0,-4.6,1.7,-8.0,85.0,14.0,14.0,0.5,0.3,0.5,-36.5,-17.8,-5.3,-20.4,85.0,16.3,14.0,0.5,0.3,0.5,132.5,484.5,1331.0,743.0,162.0,802.5,14.0,0.5,0.3,0.4,135.0,485.0,1330.0,745.0,162.0,805.0,14.0,0.5,0.3,0.4
1974,2,342.0,17.0,17.0,18.0,20.0,18.31,172.0,1.5,14.0,0.5,0.3,0.5,17.49,18.9,21.0,19.23,177.0,1.98,14.0,0.6,0.3,0.5,8.94,10.25,11.32,10.28,87.0,1.52,14.0,0.6,0.3,0.5,67.5,76.5,88.0,76.2,88.0,10.5,14.0,0.6,0.5,4.6,7.45,9.73,7.43,172.0,2.85,14.0,0.6,0.3,0.5,-4.33,-1.38,0.0,-1.72,172.0,2.66,14.0,0.6,0.3,0.5,-9.16,-6.89,-4.1,-6.58,172.0,3.15,14.0,0.6,0.3,0.5,1011.7,1014.3,1016.94,1014.39,173.0,2.74,14.0,0.5,0.3,0.5,0.0,0.0,3.0,1.3,171.0,2.3,14.0,0.6,0.3,0.5,-37.5,-8.5,0.0,-16.5,172.0,28.8,14.0,0.6,0.3,0.5,-86.4,-51.1,-18.4,-56.9,172.0,42.6,14.0,0.6,0.3,0.5,-2.76,-0.65,1.3,-0.84,166.0,2.31,14.0,0.5,0.3,0.5,-18.4,-5.0,9.6,-5.9,155.0,18.4,14.0,0.5,0.3,0.5,1.49,2.51,4.0,2.55,85.0,1.54,14.0,0.6,0.3,0.5,6.9,16.1,31.1,18.8,82.0,14.2,14.0,0.5,0.3,0.5,-83.7,-26.9,0.0,-34.1,166.0,53.2,14.0,0.6,0.3,0.5,-178.9,-127.8,-81.4,-126.0,166.0,61.5,14.0,0.6,0.3,0.5,-41.1,-14.0,0.0,-14.8,84.0,23.2,14.0,0.5,0.3,0.5,-90.6,-62.6,-42.1,-62.8,84.0,31.3,14.0,0.5,0.3,0.5,-10.9,-2.4,1.7,-4.4,82.0,8.7,14.0,0.5,0.3,0.5,-28.7,-15.5,-5.5,-16.8,82.0,13.3,14.0,0.5,0.3,0.5,97.5,415.0,922.5,596.0,172.0,675.0,14.0,0.6,0.3,0.5,95.0,415.0,920.0,595.0,172.0,675.0,14.0,0.6,0.3,0.5
1974,2,342.0,18.0,17.0,18.0,19.54,18.33,164.0,1.23,14.0,0.5,0.3,0.4,17.52,19.0,20.5,19.14,166.0,1.72,14.0,0.5,0.3,0.4,9.25,10.49,11.45,10.43,85.0,1.35,14.0,0.5,0.3,0.5,67.0,76.8,88.0,77.0,86.0,9.7,14.0,0.5,0.5,4.6,7.7,11.3,7.91,161.0,3.35,14.0,0.5,0.3,0.4,-5.5,-2.39,0.0,-2.42,161.0,3.07,14.0,0.5,0.3,0.4,-10.65,-7.07,-3.83,-6.82,161.0,3.48,14.0,0.5,0.3,0.4,1011.7,1015.4,1018.0,1015.25,168.0,3.11,14.0,0.5,0.3,0.4,0.0,0.0,4.0,1.6,165.0,2.3,14.0,0.5,0.3,0.4,-49.7,-16.1,0.0,-24.2,161.0,36.3,14.0,0.5,0.3,0.4,-119.2,-58.0,-16.3,-64.7,161.0,51.3,14.0,0.5,0.3,0.4,-2.29,-0.5,0.6,-0.85,159.0,1.85,14.0,0.5,0.3,0.4,-19.5,-3.7,3.6,-5.7,150.0,14.6,14.0,0.5,0.3,0.4,0.91,2.5,4.12,2.59,83.0,1.58,14.0,0.5,0.3,0.5,5.4,17.7,33.1,20.7,82.0,17.1,14.0,0.5,0.3,0.5,-106.3,-48.5,0.0,-46.4,157.0,58.9,14.0,0.5,0.3,0.4,-199.7,-132.4,-73.1,-129.2,157.0,65.7,14.0,0.5,0.3,0.4,-51.0,-24.7,6.7,-22.8,84.0,28.5,14.0,0.5,0.3,0.5,-94.8,-65.8,-38.0,-65.8,84.0,33.4,14.0,0.5,0.3,0.5,-19.5,-5.0,0.9,-7.4,82.0,11.0,14.0,0.5,0.3,0.5,-31.5,-15.1,-2.8,-17.6,82.0,15.2,14.0,0.5,0.3,0.5,97.5,456.5,1443.0,766.5,161.0,889.5,14.0,0.5,0.3,0.4,95.0,455.0,1445.0,765.0,161.0,890.0,14.0,0.5,0.3,0.4
1974,2,342.0,19.0,17.0,18.0,19.0,18.1,192.0,1.17,14.0,0.5,0.3,0.4,17.0,18.4,20.12,18.53,189.0,1.78,14.0,0.5,0.3,0.4,8.73,10.2,11.29,10.29,79.0,1.35,14.0,0.5,0.3,0.4,66.1,78.1,89.6,78.2,81.0,10.0,14.0,0.5,0.4,5.0,8.0,11.3,8.19,188.0,3.25,14.0,0.5,0.3,0.4,-5.44,-2.59,0.0,-2.65,188.0,3.11,14.0,0.5,0.3,0.4,-10.34,-7.0,-3.54,-6.86,188.0,3.73,14.0,0.5,0.3,0.4,1012.96,1015.55,1018.4,1015.7,194.0,2.76,14.0,0.5,0.3,0.4,0.0,0.0,2.0,1.2,191.0,2.0,14.0,0.5,0.3,0.4,-57.2,-18.4,0.0,-27.5,188.0,34.8,14.0,0.5,0.3,0.4,-115.5,-59.3,-18.2,-66.6,188.0,53.4,14.0,0.5,0.3,0.4,-2.06,-0.35,1.2,-0.42,180.0,1.78,16.0,0.5,0.3,0.4,-13.8,-1.6,10.0,-2.5,169.0,15.0,14.0,0.5,0.3,0.5,1.25,2.51,3.91,2.52,78.0,1.51,14.0,0.5,0.3,0.4,6.8,19.9,36.2,22.3,72.0,16.6,14.0,0.5,0.3,0.4,-106.6,-50.0,0.0,-49.2,176.0,57.2,14.0,0.5,0.3,0.5,-185.4,-127.9,-64.8,-125.7,176.0,69.5,14.0,0.5,0.3,0.5,-58.2,-27.4,3.5,-26.4,73.0,33.3,14.0,0.5,0.3,0.4,-99.5,-65.6,-34.5,-63.4,73.0,39.1,14.0,0.5,0.3,0.4,-20.6,-7.0,1.2,-8.8,72.0,11.8,14.0,0.5,0.3,0.4,-32.8,-17.4,-3.9,-18.1,72.0,15.1,14.0,0.5,0.3,0.4,125.0,512.0,1443.0,812.5,188.0,891.5,14.0,0.5,0.3,0.4,125.0,510.0,1445.0,815.0,188.0,890.0,14.0,0.5,0.3,0.4
1974,2,342.0,20.0,16.0,17.0,19.0,17.43,436.0,1.6,14.0,0.5,0.4,0.5,16.17,17.4,19.5,17.79,440.0,1.83,14.0,0.5,0.4,0.5,8.83,10.17,11.35,10.13,148.0,1.24,14.0,0.6,0.3,0.4,72.4,81.3,91.2,81.0,166.0,8.7,14.0,0.5,0.4,4.0,7.45,10.3,7.34,426.0,3.14,14.0,0.5,0.4,0.5,-4.65,-2.02,0.0,-2.04,426.0,2.76,14.0,0.5,0.4,0.5,-9.85,-6.66,-3.06,-6.33,426.0,3.47,14.0,0.5,0.4,0.5,1013.0,1015.85,1019.59,1016.27,430.0,3.36,14.0,0.5,0.4,0.5,0.0,0.0,4.0,1.6,425.0,2.3,14.0,0.5,0.4,0.5,-43.2,-13.1,0.0,-19.3,426.0,27.0,14.0,0.5,0.4,0.5,-99.7,-48.7,-12.9,-56.2,426.0,45.7,14.0,0.5,0.4,0.5,-2.0,-0.5,1.1,-0.4,426.0,2.02,14.0,0.5,0.4,0.5,-13.6,-2.7,8.2,-2.7,401.0,15.4,14.0,0.5,0.4,0.5,0.72,2.16,3.18,1.99,141.0,1.34,14.0,0.6,0.3,0.4,4.6,13.6,25.5,15.2,134.0,12.9,14.0,0.6,0.3,0.4,-80.4,-35.3,0.0,-35.6,414.0,50.3,14.0,0.5,0.4,0.5,-174.4,-113.5,-57.7,-111.8,414.0,62.6,14.0,0.5,0.4,0.5,-47.4,-25.0,0.0,-21.8,141.0,28.4,14.0,0.6,0.3,0.4,-100.8,-65.6,-32.5,-64.1,141.0,37.4,14.0,0.6,0.3,0.4,-10.9,-3.4,0.6,-4.9,134.0,7.8,14.0,0.6,0.3,0.4,-21.2,-11.5,-1.4,-12.8,134.0,12.3,14.0,0.6,0.3,0.4,64.0,415.0,1092.5,612.0,426.0,666.5,14.0,0.5,0.4,0.5,65.0,415.0,1095.0,610.0,426.0,665.0,14.0,0.5,0.4,0.5
1974,2,342.0,21.0,16.0,17.0,18.3,17.2,359.0,1.37,16.0,0.5,0.5,0.4,16.46,17.4,19.0,17.67,364.0,1.54,16.0,0.5,0.5,0.4,8.78,10.19,11.28,10.17,170.0,1.24,16.0,0.6,0.5,0.4,72.2,84.7,92.1,83.0,191.0,9.1,16.0,0.6,0.4,4.6,8.7,12.0,8.32,347.0,3.49,14.0,0.5,0.5,0.4,-6.01,-3.08,1.29,-2.66,347.0,3.7,14.0,0.5,0.5,0.4,-10.34,-7.24,-0.87,-6.23,347.0,4.68,14.0,0.5,0.5,0.4,1013.5,1017.2,1020.72,1017.2,346.0,3.55,16.0,0.5,0.5,0.4,0.0,0.0,3.0,1.3,353.0,2.1,14.0,0.5,0.5,0.4,-62.2,-25.9,4.3,-30.6,347.0,40.0,14.0,0.5,0.5,0.4,-124.8,-63.0,-3.4,-65.1,347.0,58.2,14.0,0.5,0.5,0.4,-2.0,-0.5,1.0,-0.49,354.0,1.8,16.0,0.5,0.5,0.4,-15.6,-2.8,8.1,-3.2,332.0,15.9,14.0,0.5,0.5,0.4,0.68,1.81,3.22,1.93,165.0,1.37,16.0,0.6,0.5,0.4,3.8,14.2,31.1,16.8,159.0,14.8,16.0,0.6,0.5,0.4,-104.6,-51.4,22.3,-46.6,342.0,66.1,14.0,0.5,0.5,0.4,-182.6,-124.0,-16.6,-109.0,342.0,83.0,14.0,0.5,0.5,0.4,-57.9,-29.2,17.0,-24.0,164.0,36.8,16.0,0.6,0.5,0.4,-102.2,-70.6,-10.0,-61.4,164.0,47.4,16.0,0.6,0.5,0.4,-16.1,-4.0,1.9,-6.3,159.0,9.9,16.0,0.6,0.5,0.4,-27.3,-10.9,0.0,-13.0,159.0,14.0,16.0,0.6,0.5,0.4,97.5,658.5,1728.0,876.0,347.0,912.5,14.0,0.5,0.5,0.4,95.0,660.0,1730.0,875.0,347.0,915.0,14.0,0.5,0.5,0.4
1974,2,342.0,22.0,16.2,17.2,18.5,17.4,393.0,1.2,14.0,0.5,0.7,0.5,16.42,17.4,19.0,17.67,393.0,1.43,14.0,0.5,0.7,0.5,8.73,9.94,11.21,9.98,171.0,1.36,16.0,0.5,0.6,0.4,69.7,80.9,89.7,80.0,174.0,9.5,16.0,0.5,0.4,5.0,9.3,12.3,8.97,398.0,3.48,14.0,0.5,0.7,0.5,-7.51,-4.31,0.0,-3.8,398.0,3.9,14.0,0.5,0.7,0.5,-10.39,-7.38,-1.4,-6.36,398.0,4.75,14.0,0.5,0.7,0.5,1014.13,1019.0,1021.8,1018.36,400.0,3.81,14.0,0.5,0.7,0.4,0.0,0.0,4.0,1.6,393.0,2.3,14.0,0.5,0.7,0.4,-84.5,-40.2,0.0,-43.2,398.0,45.0,14.0,0.5,0.7,0.5,-129.5,-66.3,-5.8,-70.1,398.0,60.2,14.0,0.5,0.7,0.5,-1.7,-0.3,1.0,-0.29,381.0,1.61,14.0,0.5,0.7,0.5,-14.7,-2.4,8.8,-2.6,373.0,15.1,14.0,0.5,0.7,0.5,1.21,2.21,3.6,2.4,164.0,1.32,16.0,0.5,0.6,0.4,7.0,19.0,37.5,22.3,160.0,16.9,16.0,0.5,0.6,0.4,-134.3,-76.3,0.0,-66.2,384.0,69.8,14.0,0.5,0.7,0.5,-182.6,-126.5,-24.2,-111.2,384.0,84.7,14.0,0.5,0.7,0.5,-65.2,-38.3,11.6,-29.6,167.0,39.5,16.0,0.5,0.6,0.4,-99.1,-67.3,0.0,-55.4,167.0,48.4,16.0,0.5,0.6,0.4,-19.9,-8.5,1.2,-9.6,160.0,13.6,16.0,0.5,0.6,0.4,-32.2,-15.3,0.0,-16.3,160.0,15.5,16.0,0.5,0.6,0.4,125.0,804.5,1861.0,1039.0,398.0,977.0,14.0,0.5,0.7,0.5,125.0,805.0,1860.0,1040.0,398.0,975.0,14.0,0.5,0.7,0.5
1974,2,342.0,23.0,16.1,17.1,18.7,17.43,287.0,1.24,12.0,0.5,0.8,0.3,16.3,17.5,19.0,17.74,282.0,1.56,12.0,0.5,0.8,0.3,9.19,10.19,11.2,10.22,123.0,1.24,14.0,0.5,0.8,0.4,73.2,82.5,89.7,81.7,125.0,8.4,14.0,0.5,0.4,5.1,9.3,13.0,9.17,284.0,3.49,12.0,0.5,0.8,0.3,-7.88,-5.0,-0.49,-4.41,284.0,3.91,12.0,0.5,0.8,0.3,-10.39,-7.11,-1.56,-6.35,284.0,4.61,12.0,0.5,0.8,0.3,1014.3,1019.0,1021.9,1018.31,287.0,4.05,12.0,0.5,0.8,0.3,0.0,0.0,5.0,1.9,268.0,2.5,12.0,0.5,0.8,0.3,-94.2,-49.0,-1.5,-49.9,284.0,47.6,12.0,0.5,0.8,0.3,-129.5,-65.5,-7.1,-70.8,284.0,59.1,12.0,0.5,0.8,0.3,-2.0,-0.2,1.2,-0.28,278.0,1.71,12.0,0.5,0.8,0.3,-16.0,-1.5,9.3,-3.0,271.0,16.6,12.0,0.5,0.8,0.3,1.44,2.3,3.49,2.45,119.0,1.24,16.0,0.5,0.8,0.4,9.9,17.5,33.8,20.6,116.0,12.9,14.0,0.5,0.8,0.4,-137.2,-85.1,-20.5,-78.4,275.0,69.5,12.0,0.5,0.8,0.3,-188.2,-127.8,-40.8,-113.4,275.0,80.3,12.0,0.5,0.8,0.3,-74.9,-41.0,0.0,-38.8,120.0,38.0,14.0,0.5,0.8,0.4,-103.4,-64.5,-21.3,-60.6,120.0,45.1,14.0,0.5,0.8,0.4,-20.2,-8.2,0.0,-9.5,116.0,10.9,14.0,0.5,0.8,0.4,-27.0,-13.4,-1.9,-14.2,116.0,13.4,14.0,0.5,0.8,0.4,132.5,804.5,2197.0,1096.5,284.0,1001.0,12.0,0.5,0.8,0.3,135.0,805.0,2195.0,1095.0,284.0,1000.0,12.0,0.5,0.8,0.3
1974,2,342.0,24.0,17.0,18.0,19.47,18.09,72.0,1.23,16.0,0.4,0.8,0.4,17.0,18.0,19.08,18.16,74.0,1.41,16.0,0.4,0.8,0.4,8.98,9.7,11.2,9.9,49.0,1.08,16.0,0.4,0.8,0.4,69.8,77.0,86.7,77.9,49.0,8.2,16.0,0.4,0.4,4.77,10.0,12.36,9.14,73.0,3.56,16.0,0.4,0.8,0.4,-8.27,-5.13,-1.16,-4.53,73.0,4.14,16.0,0.4,0.8,0.4,-10.46,-6.94,-2.78,-6.32,73.0,4.36,16.0,0.4,0.8,0.4,1015.17,1019.85,1023.0,1019.17,76.0,4.17,16.0,0.4,0.8,0.4,0.0,3.0,6.0,3.5,72.0,2.6,16.0,0.4,0.8,0.4,-89.6,-49.0,-2.9,-49.5,73.0,50.7,16.0,0.4,0.8,0.4,-119.7,-73.6,-9.1,-68.0,73.0,57.9,16.0,0.4,0.8,0.4,-1.2,0.2,1.47,0.01,71.0,1.55,16.0,0.4,0.8,0.4,-11.1,0.8,10.8,-0.4,68.0,13.6,16.0,0.4,0.8,0.4,1.86,3.03,4.34,3.08,47.0,1.25,16.0,0.4,0.8,0.4,9.2,28.1,42.4,26.9,46.0,14.3,16.0,0.4,0.8,0.4,-147.4,-92.4,-22.2,-81.0,71.0,78.1,16.0,0.4,0.8,0.4,-179.9,-123.6,-50.1,-111.1,71.0,80.4,16.0,0.4,0.8,0.4,-80.4,-49.3,-11.0,-44.1,48.0,42.7,16.0,0.4,0.8,0.4,-104.6,-64.1,-26.2,-61.5,48.0,43.9,16.0,0.4,0.8,0.4,-29.7,-13.2,-3.6,-14.7,46.0,14.9,16.0,0.4,0.8,0.4,-30.3,-18.4,-6.1,-18.3,46.0,12.9,16.0,0.4,0.8,0.4,109.0,1000.0,1887.0,1086.5,73.0,942.0,16.0,0.4,0.8,0.4,110.0,1000.0,1885.0,1085.0,73.0,940.0,16.0,0.4,0.8,0.4
1974,2,342.0,25.0,17.54,18.7,19.89,18.71,17.0,1.29,14.0,0.8,0.7,0.3,17.82,19.0,20.0,18.94,17.0,1.52,14.0,0.8,0.7,0.3,9.8,10.41,11.37,10.61,12.0,1.22,14.0,0.8,0.6,0.2,70.9,78.9,86.6,78.7,12.0,7.7,14.0,0.8,0.2,4.1,7.7,10.3,7.35,17.0,3.25,14.0,0.8,0.7,0.3,-7.22,-5.36,-0.16,-4.29,17.0,4.11,14.0,0.8,0.7,0.3,-7.16,-3.85,-0.96,-4.3,17.0,3.44,14.0,0.8,0.7,0.3,1016.55,1022.3,1023.79,1020.31,17.0,5.39,14.0,0.8,0.7,0.3,1.5,4.0,6.5,3.9,17.0,2.4,14.0,0.8,0.7,0.3,-69.9,-49.0,-1.3,-39.9,17.0,38.2,14.0,0.8,0.7,0.3,-76.8,-29.6,-8.0,-40.5,17.0,43.4,14.0,0.8,0.7,0.3,-1.57,0.3,1.09,-0.23,17.0,1.93,14.0,0.8,0.7,0.3,-15.3,1.7,7.1,-2.1,17.0,13.9,14.0,0.8,0.7,0.3,1.92,3.11,4.68,3.22,12.0,1.29,14.0,0.8,0.6,0.2,10.2,26.5,38.2,25.8,12.0,14.3,14.0,0.8,0.6,0.2,-139.6,-107.9,-2.8,-81.7,17.0,79.1,14.0,0.8,0.7,0.3,-131.0,-75.1,-20.9,-81.4,17.0,62.5,14.0,0.8,0.7,0.3,-76.6,-55.9,14.5,-38.4,12.0,47.9,14.0,0.8,0.6,0.2,-92.2,-44.0,-23.4,-49.8,12.0,40.7,14.0,0.8,0.6,0.2,-30.9,-13.3,3.0,-13.4,12.0,17.4,14.0,0.8,0.6,0.2,-21.5,-18.2,-5.0,-15.9,12.0,12.3,14.0,0.8,0.6,0.2,69.0,456.5,1092.5,615.5,17.0,677.5,14.0,0.8,0.7,0.3,70.0,455.0,1095.0,615.0,17.0,675.0,14.0,0.8,0.7,0.3
1974,2,342.0,26.0,17.38,19.0,20.31,18.87,16.0,1.26,16.0,0.4,0.7,0.4,17.19,17.8,19.81,18.21,16.0,1.23,16.0,0.4,0.7,0.4,8.48,9.41,10.63,9.7,13.0,1.25,16.0,0.5,0.7,0.4,68.2,75.1,81.6,74.7,13.0,8.2,16.0,0.5,0.4,6.7,9.3,12.77,9.38,15.0,3.03,16.0,0.5,0.7,0.3,-7.67,-5.4,-2.69,-5.61,15.0,3.21,16.0,0.5,0.7,0.3,-9.32,-6.15,-4.32,-6.91,15.0,2.89,16.0,0.5,0.7,0.3,1016.43,1022.1,1025.52,1021.23,16.0,4.08,16.0,0.4,0.7,0.4,0.0,3.0,6.2,3.0,16.0,2.6,16.0,0.4,0.7,0.4,-95.7,-55.6,-16.7,-58.4,15.0,44.7,16.0,0.5,0.7,0.3,-108.2,-66.3,-28.9,-70.5,15.0,47.0,16.0,0.5,0.7,0.3,-0.85,0.85,1.81,0.66,16.0,1.2,16.0,0.4,0.7,0.4,-4.1,6.1,20.5,6.8,15.0,11.4,16.0,0.5,0.7,0.3,2.67,4.32,4.74,3.94,13.0,1.22,16.0,0.5,0.7,0.4,18.2,30.3,51.4,34.0,12.0,17.5,16.0,0.6,0.7,0.3,-148.3,-93.4,-52.8,-101.3,15.0,59.2,16.0,0.5,0.7,0.3,-181.8,-109.5,-77.3,-125.3,15.0,50.8,16.0,0.5,0.7,0.3,-74.4,-50.5,-24.3,-53.4,12.0,33.6,16.0,0.6,0.7,0.3,-91.3,-51.1,-39.5,-60.4,12.0,28.6,16.0,0.6,0.7,0.3,-38.8,-22.9,-6.9,-23.5,12.0,18.8,16.0,0.6,0.7,0.3,-29.4,-20.9,-15.2,-22.1,12.0,8.9,16.0,0.6,0.7,0.3,301.0,804.5,2083.5,1063.5,15.0,851.5,16.0,0.5,0.7,0.3,300.0,805.0,2085.0,1065.0,15.0,850.0,16.0,0.5,0.7,0.3
1974,2,342.0,27.0,18.0,19.0,19.67,18.79,15.0,1.08,16.0,0.5,0.6,0.4,16.38,17.75,18.86,17.77,16.0,1.3,16.0,0.5,0.6,0.4,7.93,9.3,10.77,9.27,10.0,1.43,16.0,0.5,0.5,0.4,64.3,73.3,80.8,73.5,10.0,8.8,16.0,0.5,0.4,4.75,6.85,9.5,7.05,16.0,2.35,16.0,0.5,0.6,0.4,-6.03,-3.73,-0.59,-3.62,16.0,2.73,16.0,0.5,0.6,0.4,-7.18,-4.56,2.39,-3.41,16.0,4.97,16.0,0.5,0.6,0.4,1015.45,1022.25,1024.99,1020.36,16.0,5.59,16.0,0.5,0.6,0.4,0.4,3.0,6.6,3.3,16.0,2.7,16.0,0.5,0.6,0.4,-48.9,-22.2,-4.0,-29.2,16.0,26.8,16.0,0.5,0.6,0.4,-65.1,-33.6,9.9,-29.9,16.0,43.9,16.0,0.5,0.6,0.4,-0.46,1.0,2.65,1.04,15.0,2.02,16.0,0.5,0.6,0.4,-3.9,3.6,17.8,7.8,15.0,16.5,16.0,0.5,0.6,0.4,2.47,4.23,5.53,4.19,10.0,1.68,16.0,0.5,0.5,0.4,12.1,27.4,36.8,29.0,10.0,19.0,16.0,0.5,0.5,0.4,-98.3,-66.8,-10.4,-63.4,16.0,47.1,16.0,0.5,0.6,0.4,-128.8,-81.9,42.8,-61.5,16.0,89.2,16.0,0.5,0.6,0.4,-54.8,-27.1,0.0,-30.8,10.0,30.9,16.0,0.5,0.5,0.4,-47.5,-38.3,47.6,-14.7,10.0,45.4,16.0,0.5,0.5,0.4,-29.8,-11.7,0.0,-15.8,10.0,18.0,16.0,0.5,0.5,0.4,-30.7,-9.9,18.1,-10.6,10.0,23.8,16.0,0.5,0.5,0.4,108.0,322.0,860.5,464.5,16.0,453.5,16.0,0.5,0.6,0.4,110.0,320.0,860.0,465.0,16.0,455.0,16.0,0.5,0.6,0.4
1974,2,342.0,28.0,17.75,18.95,19.0,18.66,16.0,1.3,14.0,0.7,0.7,0.6,16.97,18.0,18.97,18.23,19.0,1.62,14.0,0.6,0.7,0.5,8.41,8.92,9.88,9.3,10.0,1.61,14.0,0.6,0.8,0.5,65.5,71.7,78.7,73.4,11.0,11.0,14.0,0.6,0.5,5.1,6.7,11.51,8.01,18.0,3.46,14.0,0.7,0.7,0.5,-8.32,-4.46,-0.62,-4.6,18.0,3.84,14.0,0.7,0.7,0.5,-7.63,-5.08,0.52,-4.43,18.0,4.68,14.0,0.7,0.7,0.5,1017.24,1022.8,1027.38,1022.21,18.0,6.08,14.0,0.6,0.7,0.5,2.5,6.0,7.0,4.9,17.0,2.3,12.0,0.7,0.7,0.5,-90.4,-22.8,-3.0,-45.9,18.0,48.9,14.0,0.7,0.7,0.5,-91.8,-37.7,1.9,-46.6,18.0,49.9,14.0,0.7,0.7,0.5,-0.46,0.5,2.25,0.59,16.0,1.94,14.0,0.7,0.7,0.6,-2.3,3.8,15.5,2.4,16.0,19.4,14.0,0.7,0.7,0.6,2.25,4.29,4.86,3.75,10.0,1.8,14.0,0.6,0.8,0.5,17.2,24.2,42.2,27.3,10.0,15.3,14.0,0.6,0.8,0.5,-160.6,-76.3,-11.1,-85.1,18.0,71.9,14.0,0.7,0.7,0.5,-153.9,-91.4,10.0,-82.2,18.0,88.6,14.0,0.7,0.7,0.5,-67.9,-31.7,-6.6,-41.4,10.0,42.7,14.0,0.6,0.8,0.5,-105.0,-47.4,-32.0,-53.9,10.0,48.9,14.0,0.6,0.8,0.5,-18.5,-10.9,0.0,-12.2,10.0,12.4,14.0,0.6,0.8,0.5,-35.9,-19.1,-5.8,-18.9,10.0,18.6,14.0,0.6,0.8,0.5,132.5,301.0,1529.0,790.5,18.0,816.5,14.0,0.7,0.7,0.5,135.0,300.0,1530.0,790.0,18.0,815.0,14.0,0.7,0.7,0.5
1974,2,342.0,29.0,18.0,18.4,19.65,18.67,11.0,1.11,14.0,0.6,0.4,0.4,16.51,17.2,18.65,17.39,11.0,1.25,14.0,0.6,0.4,0.4,8.61,8.87,9.59,9.1,5.0,0.65,18.0,0.6,0.6,0.4,72.2,72.6,76.9,74.3,5.0,3.1,18.0,0.6,0.4,2.81,6.95,12.06,7.05,10.0,4.4,16.0,0.6,0.4,0.4,-8.42,-2.45,-0.16,-3.52,10.0,4.35,16.0,0.6,0.4,0.4,-8.21,-3.4,-1.33,-4.86,10.0,3.96,16.0,0.6,0.4,0.4,1020.3,1025.4,1027.4,1024.17,11.0,3.97,14.0,0.6,0.4,0.4,2.6,5.0,7.0,4.6,11.0,2.3,14.0,0.6,0.4,0.4,-78.9,-24.8,-0.3,-37.4,10.0,51.4,16.0,0.6,0.4,0.4,-94.9,-24.8,-4.3,-47.0,10.0,56.8,16.0,0.6,0.4,0.4,-0.17,1.5,2.37,1.28,11.0,1.22,14.0,0.6,0.4,0.4,1.3,6.4,26.2,12.0,10.0,12.4,16.0,0.6,0.4,0.4,3.26,4.1,4.63,3.94,5.0,0.78,18.0,0.6,0.6,0.4,10.3,21.3,41.2,25.5,4.0,19.1,20.0,0.5,0.5,0.5,-138.9,-44.3,-2.7,-58.7,10.0,73.5,16.0,0.6,0.4,0.4,-140.9,-57.6,-23.2,-84.5,10.0,73.6,16.0,0.6,0.4,0.4,-58.0,-12.9,-1.5,-29.0,4.0,41.9,20.0,0.5,0.5,0.5,-48.3,-30.7,-23.0,-35.4,4.0,19.1,20.0,0.5,0.5,0.5,-29.7,-6.2,-0.8,-14.8,4.0,21.9,20.0,0.5,0.5,0.5,-23.7,-14.0,-10.3,-16.8,4.0,9.2,20.0,0.5,0.5,0.5,23.0,347.5,1795.5,743.5,10.0,979.0,16.0,0.6,0.4,0.4,25.0,345.0,1795.0,745.0,10.0,980.0,16.0,0.6,0.4,0.4
1974,2,342.0,30.0,17.0,18.0,18.04,17.87,11.0,0.83,16.0,0.6,0.6,0.5,16.0,17.0,18.05,17.19,11.0,1.83,16.0,0.6,0.6,0.5,7.5,8.21,9.18,8.27,6.0,1.06,14.0,0.8,0.6,0.5,63.4,68.9,73.1,68.4,6.0,5.6,14.0,0.8,0.5,5.32,6.7,9.22,7.11,9.0,2.79,16.0,0.7,0.6,0.6,-5.26,-2.12,-0.1,-2.87,9.0,4.07,16.0,0.7,0.6,0.6,-6.83,-5.83,-3.44,-5.52,9.0,2.16,16.0,0.7,0.6,0.6,1019.03,1022.2,1027.21,1022.83,11.0,5.25,16.0,0.6,0.6,0.5,2.6,6.0,7.4,5.3,11.0,2.4,16.0,0.6,0.6,0.5,-46.0,-13.1,-0.2,-26.3,9.0,44.3,16.0,0.7,0.6,0.6,-59.2,-38.9,-21.5,-42.1,9.0,24.2,16.0,0.7,0.6,0.6,-0.12,0.8,2.24,0.68,11.0,2.26,16.0,0.6,0.6,0.5,0.0,5.0,6.9,2.4,9.0,16.0,16.0,0.7,0.6,0.6,3.34,4.13,5.32,4.5,6.0,1.67,14.0,0.8,0.6,0.5,19.9,43.8,47.7,35.0,5.0,17.9,14.0,0.8,0.6,0.6,-95.0,-36.0,-1.7,-50.8,9.0,69.2,16.0,0.7,0.6,0.6,-136.7,-99.0,-56.1,-96.6,9.0,40.5,16.0,0.7,0.6,0.6,-43.9,-3.3,8.2,-17.6,5.0,42.6,14.0,0.8,0.6,0.6,-57.1,-38.8,-27.5,-42.1,5.0,19.8,14.0,0.8,0.6,0.6,-21.6,-1.3,9.4,-5.6,5.0,24.7,14.0,0.8,0.6,0.6,-44.0,-25.6,-12.5,-27.3,5.0,16.7,14.0,0.8,0.6,0.6,155.5,301.0,784.0,505.0,9.0,501.5,16.0,0.7,0.6,0.6,155.0,300.0,785.0,505.0,9.0,500.0,16.0,0.7,0.6,0.6
1974,2,342.0,31.0,17.95,18.0,20.0,18.63,7.0,1.17,20.0,0.7,0.5,0.6,16.22,16.5,18.89,17.13,8.0,1.56,18.0,0.8,0.5,0.6,6.34,8.24,11.58,8.54,7.0,2.51,18.0,0.7,0.5,0.7,55.2,77.2,90.5,72.0,7.0,16.4,18.0,0.7,0.7,1.3,6.7,8.87,5.61,9.0,4.2,16.0,0.8,0.5,0.5,-6.16,-2.64,0.47,-2.41,9.0,3.32,16.0,0.8,0.5,0.5,-7.42,-3.14,-0.21,-3.6,9.0,4.58,16.0,0.8,0.5,0.5,1020.0,1022.2,1024.07,1022.09,9.0,2.8,16.0,0.8,0.5,0.5,2.3,4.0,6.0,4.2,9.0,2.0,16.0,0.8,0.5,0.5,-41.3,-10.8,0.5,-15.9,9.0,26.2,16.0,0.8,0.5,0.5,-67.4,-12.9,-0.2,-33.3,9.0,56.2,16.0,0.8,0.5,0.5,0.5,1.5,2.12,1.41,7.0,1.8,20.0,0.7,0.5,0.6,0.4,7.4,11.0,7.0,7.0,12.5,20.0,0.7,0.5,0.6,2.72,5.52,6.41,4.85,6.0,1.87,18.0,0.7,0.5,0.6,5.2,32.6,48.1,30.9,6.0,25.0,18.0,0.7,0.5,0.6,-102.0,-47.6,10.9,-45.8,8.0,59.1,18.0,0.8,0.5,0.6,-136.5,-50.4,-17.1,-67.9,8.0,76.7,18.0,0.8,0.5,0.6,-40.4,-16.0,8.2,-15.6,7.0,24.1,18.0,0.7,0.5,0.7,-77.7,-24.3,-8.2,-32.3,7.0,35.5,18.0,0.7,0.5,0.7,-34.4,-8.8,3.6,-12.8,6.0,20.7,18.0,0.7,0.5,0.6,-30.7,-12.5,1.7,-16.9,6.0,28.3,18.0,0.7,0.5,0.6,3.0,301.0,710.5,454.5,9.0,688.5,16.0,0.8,0.5,0.5,5.0,300.0,710.0,455.0,9.0,690.0,16.0,0.8,0.5,0.5
1974,2,342.0,32.0,17.0,17.5,19.0,17.8,21.0,1.26,14.0,0.5,0.6,0.5,15.5,17.0,17.9,16.68,23.0,1.43,14.0,0.5,0.6,0.4,6.15,7.7,8.19,7.53,13.0,1.48,16.0,0.5,0.6,0.4,55.6,65.1,71.5,65.6,13.0,12.1,16.0,0.5,0.4,4.05,7.7,10.81,7.79,23.0,3.44,14.0,0.5,0.6,0.4,-6.92,-2.05,1.97,-2.2,23.0,4.83,14.0,0.5,0.6,0.4,-8.91,-3.55,-1.08,-4.92,23.0,4.65,14.0,0.5,0.6,0.4,1021.87,1025.15,1028.63,1024.4,22.0,5.26,14.0,0.5,0.6,0.4,2.0,3.0,6.5,3.6,23.0,2.1,14.0,0.5,0.6,0.4,-52.2,-15.0,16.9,-14.4,23.0,49.1,14.0,0.5,0.6,0.4,-91.6,-34.2,-5.7,-49.3,23.0,63.2,14.0,0.5,0.6,0.4,-0.75,1.0,2.94,1.16,21.0,2.0,14.0,0.5,0.6,0.5,-7.2,6.7,26.6,9.5,21.0,16.7,14.0,0.5,0.6,0.5,3.9,5.0,5.84,4.6,12.0,1.98,16.0,0.5,0.6,0.4,13.3,32.6,50.6,35.0,12.0,24.7,16.0,0.5,0.6,0.4,-114.4,-32.2,33.0,-36.9,23.0,81.5,14.0,0.5,0.6,0.4,-138.1,-62.2,-17.0,-80.1,23.0,77.7,14.0,0.5,0.6,0.4,-29.7,-12.8,32.5,-8.3,13.0,37.8,16.0,0.5,0.6,0.4,-73.6,-34.7,-7.8,-36.1,13.0,33.1,16.0,0.5,0.6,0.4,-30.2,-7.3,5.4,-7.3,12.0,23.2,16.0,0.5,0.6,0.4,-48.8,-14.6,-3.9,-24.5,12.0,26.4,16.0,0.5,0.6,0.4,66.5,456.5,1271.0,756.5,23.0,959.5,14.0,0.5,0.6,0.4,65.0,455.0,1270.0,755.0,23.0,960.0,14.0,0.5,0.6,0.4
1974,2,342.0,33.0,17.0,17.5,18.09,17.66,14.0,0.96,12.0,0.3,0.6,0.5,15.5,17.0,18.78,17.14,15.0,1.87,12.0,0.4,0.6,0.5,6.2,7.27,9.74,7.94,4.0,2.33,10.0,0.5,0.9,0.4,54.8,63.4,75.6,65.1,4.0,13.4,10.0,0.5,0.4,3.44,5.0,9.51,6.01,16.0,3.89,12.0,0.4,0.7,0.5,-4.97,-3.24,2.97,-1.44,16.0,5.27,12.0,0.4,0.7,0.5,-4.34,-0.17,2.95,-1.05,16.0,4.74,12.0,0.4,0.7,0.5,1019.8,1024.9,1031.32,1024.05,16.0,7.34,12.0,0.4,0.7,0.5,4.1,7.5,8.0,6.3,14.0,2.3,12.0,0.4,0.7,0.5,-24.9,-15.8,15.1,-5.9,16.0,52.0,12.0,0.4,0.7,0.5,-37.3,-0.3,12.8,-15.5,16.0,60.7,12.0,0.4,0.7,0.5,-0.52,1.0,1.77,0.95,13.0,1.74,12.0,0.3,0.6,0.5,-2.7,3.0,11.1,3.6,13.0,8.5,12.0,0.3,0.6,0.5,4.03,5.24,5.62,4.83,3.0,1.22,10.0,0.3,0.8,0.4,19.1,29.5,36.9,28.0,3.0,13.2,10.0,0.3,0.8,0.4,-84.4,-40.8,70.9,-18.1,15.0,95.5,12.0,0.4,0.6,0.5,-50.7,0.0,53.4,-2.2,15.0,52.8,12.0,0.4,0.6,0.5,-27.9,-20.2,39.7,4.8,4.0,57.8,10.0,0.5,0.9,0.4,-33.5,-4.2,22.8,-5.3,4.0,34.7,10.0,0.5,0.9,0.4,-19.8,-13.8,-13.5,-16.6,3.0,5.2,10.0,0.3,0.8,0.4,-31.9,-19.0,-2.7,-17.4,3.0,21.4,10.0,0.3,0.8,0.4,43.0,125.0,870.0,523.0,16.0,955.0,12.0,0.4,0.7,0.5,45.0,125.0,870.0,525.0,16.0,955.0,12.0,0.4,0.7,0.5
1974,2,342.0,34.0,16.0,16.9,17.95,16.68,14.0,1.13,12.0,0.6,0.7,0.5,15.49,16.1,19.0,16.89,17.0,1.75,14.0,0.6,0.7,0.5,7.04,8.59,9.59,8.64,9.0,1.5,10.0,0.4,0.7,0.5,66.8,71.3,81.4,71.9,9.0,8.6,10.0,0.4,0.5,4.95,8.2,10.8,7.96,18.0,3.78,14.0,0.6,0.6,0.5,-6.69,0.0,6.28,0.32,18.0,5.95,14.0,0.6,0.6,0.5,-9.51,-2.15,0.27,-3.72,18.0,5.59,14.0,0.6,0.6,0.5,1011.3,1021.0,1029.2,1020.36,18.0,8.64,14.0,0.6,0.6,0.5,3.5,6.0,8.0,5.6,17.0,2.1,16.0,0.6,0.6,0.5,-51.3,0.0,51.5,0.8,18.0,53.8,14.0,0.6,0.6,0.5,-105.7,-10.3,1.4,-43.0,18.0,77.6,14.0,0.6,0.6,0.5,-1.0,0.0,0.69,-0.11,14.0,1.22,12.0,0.6,0.7,0.5,-9.6,0.0,7.2,1.5,14.0,12.3,12.0,0.6,0.7,0.5,1.56,3.58,4.84,3.34,8.0,1.5,10.0,0.5,0.6,0.5,9.5,20.2,40.2,27.4,8.0,25.6,10.0,0.5,0.6,0.5,-112.5,0.0,119.4,13.2,17.0,103.0,14.0,0.6,0.7,0.5,-152.9,-22.1,6.5,-58.7,17.0,90.7,14.0,0.6,0.7,0.5,0.0,16.1,60.1,28.0,9.0,31.0,10.0,0.4,0.7,0.5,-84.4,-49.9,-3.6,-45.3,9.0,42.0,10.0,0.4,0.7,0.5,0.0,4.3,16.8,7.6,8.0,9.1,10.0,0.5,0.6,0.5,-39.0,-17.6,-0.2,-22.1,8.0,28.3,10.0,0.5,0.6,0.5,122.0,551.5,1259.5,841.0,18.0,1155.0,14.0,0.6,0.6,0.5,120.0,550.0,1260.0,840.0,18.0,1155.0,14.0,0.6,0.6,0.5
1974,2,342.0,35.0,16.17,17.35,18.0,17.17,12.0,0.91,12.0,0.5,0.5,0.5,14.92,16.7,18.21,16.47,13.0,1.71,12.0,0.5,0.5,0.6,7.37,9.07,9.95,8.82,9.0,1.39,8.0,0.6,0.3,0.5,68.5,78.1,78.8,76.4,9.0,8.2,8.0,0.6,0.5,2.45,6.7,8.4,6.16,13.0,3.94,12.0,0.5,0.5,0.6,-3.18,2.44,6.31,1.4,13.0,5.63,12.0,0.5,0.5,0.6,-5.48,-2.3,1.25,-1.72,13.0,4.43,12.0,0.5,0.5,0.6,1020.37,1027.2,1030.69,1025.29,13.0,5.92,12.0,0.5,0.5,0.6,2.0,5.0,8.0,4.7,13.0,2.7,12.0,0.5,0.5,0.6,-15.1,6.4,44.9,0.9,13.0,65.1,12.0,0.5,0.5,0.6,-48.6,-10.6,3.3,-19.9,13.0,44.6,12.0,0.5,0.5,0.6,-0.5,0.4,2.28,0.81,12.0,1.53,12.0,0.5,0.5,0.5,-2.4,2.4,10.6,3.9,12.0,11.6,12.0,0.5,0.5,0.5,2.51,3.42,4.29,3.26,8.0,1.53,8.0,0.5,0.3,0.5,2.8,11.5,30.4,15.6,8.0,15.4,8.0,0.5,0.3,0.5,-49.1,41.0,114.6,22.4,13.0,100.8,12.0,0.5,0.5,0.6,-99.9,-38.4,19.1,-30.5,13.0,69.3,12.0,0.5,0.5,0.6,-17.0,10.2,52.0,15.7,9.0,31.9,8.0,0.6,0.3,0.5,-41.5,-10.6,9.0,-13.1,9.0,29.8,8.0,0.6,0.3,0.5,-11.0,0.4,10.6,1.5,8.0,12.6,8.0,0.5,0.3,0.5,-19.5,-3.4,4.9,-8.0,8.0,16.7,8.0,0.5,0.3,0.5,16.0,301.0,603.0,532.5,13.0,911.0,12.0,0.5,0.5,0.6,15.0,300.0,605.0,530.0,13.0,910.0,12.0,0.5,0.5,0.6
1974,2,342.0,36.0,15.11,16.0,17.56,16.11,15.0,1.37,14.0,0.3,0.6,0.4,13.03,14.8,15.81,14.38,16.0,1.71,14.0,0.3,0.6,0.4,6.55,7.48,9.98,8.12,13.0,1.83,14.0,0.3,0.6,0.4,64.0,81.9,93.7,78.5,13.0,15.0,14.0,0.3,0.4,4.21,5.1,10.84,7.39,15.0,4.69,14.0,0.3,0.6,0.4,-2.45,0.71,5.16,2.02,15.0,5.46,14.0,0.3,0.6,0.4,-9.24,-3.91,0.42,-3.32,15.0,5.87,14.0,0.3,0.6,0.4,1019.19,1024.7,1028.19,1024.39,16.0,4.83,14.0,0.3,0.6,0.4,6.0,6.5,8.0,6.4,14.0,1.7,14.0,0.4,0.6,0.4,-12.6,2.9,51.3,33.4,15.0,95.9,14.0,0.3,0.6,0.4,-90.7,-16.7,0.3,-31.7,15.0,76.3,14.0,0.3,0.6,0.4,-0.21,1.6,3.69,1.43,15.0,1.87,14.0,0.3,0.6,0.4,0.5,6.2,29.3,12.7,14.0,16.9,14.0,0.3,0.6,0.4,1.58,3.54,5.03,3.23,13.0,1.93,14.0,0.3,0.6,0.4,7.9,19.3,31.0,24.2,12.0,25.3,14.0,0.3,0.6,0.4,-39.2,10.8,60.4,25.9,15.0,75.3,14.0,0.3,0.6,0.4,-121.7,-58.6,7.2,-48.2,15.0,79.1,14.0,0.3,0.6,0.4,-19.4,2.2,34.1,12.5,12.0,41.1,14.0,0.3,0.6,0.4,-55.4,-35.5,-14.8,-34.2,12.0,23.2,14.0,0.3,0.6,0.4,-6.2,-1.6,15.0,7.0,12.0,25.7,14.0,0.3,0.6,0.4,-30.3,-12.2,-3.5,-17.1,12.0,15.8,14.0,0.3,0.6,0.4,75.0,132.5,1278.0,1002.5,15.0,2208.0,14.0,0.3,0.6,0.4,75.0,135.0,1280.0,1005.0,15.0,2210.0,14.0,0.3,0.6,0.4
1974,2,342.0,37.0,15.1,15.45,16.0,15.54,10.0,0.49,14.0,0.5,0.6,0.4,13.88,14.9,16.71,15.05,11.0,1.59,14.0,0.5,0.6,0.4,7.19,7.82,8.93,7.94,10.0,0.99,16.0,0.5,0.5,0.3,67.7,75.2,87.9,76.6,10.0,10.6,16.0,0.5,0.3,1.94,4.1,8.65,5.28,11.0,3.36,14.0,0.5,0.6,0.4,-4.6,0.0,2.55,-0.67,11.0,4.29,14.0,0.5,0.6,0.4,-5.1,0.87,2.66,-0.34,11.0,4.79,14.0,0.5,0.6,0.4,1019.55,1025.3,1029.27,1024.98,11.0,4.72,14.0,0.5,0.6,0.4,2.6,4.0,8.0,5.1,11.0,2.4,14.0,0.5,0.6,0.4,-45.1,0.0,13.8,-8.8,11.0,34.5,14.0,0.5,0.6,0.4,-41.1,0.9,9.9,-7.4,11.0,41.3,14.0,0.5,0.6,0.4,-0.79,0.25,0.66,0.22,10.0,1.05,14.0,0.5,0.6,0.4,-2.6,1.0,3.1,2.1,10.0,9.3,14.0,0.5,0.6,0.4,1.66,2.6,3.94,2.83,9.0,1.17,14.0,0.6,0.6,0.3,4.5,11.8,30.6,17.5,9.0,14.9,14.0,0.6,0.6,0.3,-61.8,0.0,41.5,-7.6,11.0,62.3,14.0,0.5,0.6,0.4,-73.7,12.8,40.1,-0.4,11.0,70.1,14.0,0.5,0.6,0.4,-34.2,-2.3,20.2,-4.5,10.0,33.8,16.0,0.5,0.5,0.3,-39.9,8.6,23.7,-0.9,10.0,37.1,16.0,0.5,0.5,0.3,-20.1,0.0,10.6,-2.7,9.0,15.8,14.0,0.6,0.6,0.3,-5.9,1.8,8.9,1.1,9.0,17.5,14.0,0.6,0.6,0.3,10.5,69.0,656.0,315.0,11.0,381.5,14.0,0.5,0.6,0.4,10.0,70.0,655.0,315.0,11.0,380.0,14.0,0.5,0.6,0.4
1974,2,342.0,38.0,14.13,15.0,15.4,14.83,9.0,0.79,10.0,0.6,0.5,0.6,13.3,14.75,16.0,14.77,12.0,1.66,10.0,0.4,0.5,0.6,6.12,7.55,9.32,7.79,11.0,1.45,10.0,0.5,0.6,0.6,65.6,77.3,82.4,75.1,11.0,10.1,10.0,0.5,0.6,7.32,10.55,18.25,11.8,12.0,5.44,10.0,0.4,0.5,0.6,-0.89,8.44,12.21,6.48,12.0,7.79,10.0,0.4,0.5,0.6,-4.04,1.99,10.36,1.9,12.0,8.43,10.0,0.4,0.5,0.6,1011.82,1017.8,1027.0,1019.15,12.0,6.91,10.0,0.4,0.5,0.6,3.0,6.0,8.0,5.6,11.0,2.2,10.0,0.5,0.6,0.6,-11.8,88.9,232.0,103.9,12.0,123.1,10.0,0.4,0.5,0.6,-55.8,12.4,145.4,28.1,12.0,144.2,10.0,0.4,0.5,0.6,-1.0,-0.1,0.85,-0.19,9.0,1.09,10.0,0.6,0.5,0.6,-18.2,-1.2,8.2,-5.6,9.0,17.0,10.0,0.6,0.5,0.6,1.31,2.38,3.84,2.48,8.0,1.24,10.0,0.6,0.6,0.6,21.9,28.7,36.7,30.1,8.0,10.3,10.0,0.6,0.6,0.6,-8.9,123.9,201.6,104.0,12.0,113.9,10.0,0.4,0.5,0.6,-53.6,30.3,162.4,29.2,12.0,136.7,10.0,0.4,0.5,0.6,-12.1,56.9,110.3,55.9,11.0,69.1,10.0,0.5,0.6,0.6,-32.5,0.0,73.9,12.2,11.0,74.4,10.0,0.5,0.6,0.6,15.8,21.7,31.5,19.6,8.0,16.5,10.0,0.6,0.6,0.6,-6.1,5.6,18.9,3.5,8.0,20.4,10.0,0.6,0.6,0.6,401.0,1223.5,6093.0,2630.0,12.0,2805.5,10.0,0.4,0.5,0.6,400.0,1225.0,6095.0,2630.0,12.0,2805.0,10.0,0.4,0.5,0.6
1974,2,342.0,39.0,14.0,15.0,15.57,14.95,10.0,1.34,10.0,0.5,0.6,0.5,13.85,15.0,16.0,14.68,12.0,1.14,12.0,0.6,0.5,0.4,6.22,7.38,9.26,7.63,9.0,1.38,12.0,0.7,0.6,0.4,65.5,74.5,88.0,74.5,9.0,12.1,12.0,0.7,0.4,6.42,8.7,17.41,10.97,11.0,5.64,10.0,0.5,0.5,0.5,2.57,7.53,13.84,7.09,11.0,6.75,10.0,0.5,0.5,0.5,-4.8,2.3,7.26,0.69,11.0,7.92,10.0,0.5,0.5,0.5,1010.75,1020.5,1026.88,1018.67,12.0,8.48,12.0,0.6,0.5,0.4,6.0,7.0,8.0,7.0,11.0,1.3,10.0,0.5,0.5,0.4,12.9,67.2,224.2,101.2,11.0,114.1,10.0,0.5,0.5,0.5,-63.2,10.6,69.4,-9.4,11.0,133.0,10.0,0.5,0.5,0.5,-0.66,0.0,1.71,0.34,10.0,1.44,10.0,0.5,0.6,0.5,-2.9,0.0,13.2,2.3,10.0,9.6,10.0,0.5,0.6,0.5,1.87,3.21,3.46,2.8,8.0,1.08,10.0,0.6,0.6,0.4,9.8,24.2,32.8,25.7,8.0,17.6,10.0,0.6,0.6,0.4,39.4,93.4,198.2,104.6,11.0,99.4,10.0,0.5,0.5,0.5,-66.6,34.5,108.9,11.6,11.0,112.4,10.0,0.5,0.5,0.5,16.2,43.8,91.7,45.9,8.0,48.5,10.0,0.6,0.6,0.4,-19.6,25.3,75.4,26.4,8.0,44.3,10.0,0.6,0.6,0.4,3.4,14.0,24.9,14.3,8.0,24.5,10.0,0.6,0.6,0.4,-14.2,8.1,14.3,3.6,8.0,14.6,10.0,0.6,0.6,0.4,308.0,658.5,5292.5,2304.0,11.0,2658.0,10.0,0.5,0.5,0.5,310.0,660.0,5295.0,2305.0,11.0,2660.0,10.0,0.5,0.5,0.5
1974,2,342.0,40.0,13.0,14.05,14.91,14.1,8.0,1.21,14.0,0.5,0.7,0.5,12.05,12.8,15.26,13.39,9.0,1.56,14.0,0.4,0.7,0.5,6.09,6.4,7.57,6.87,7.0,1.07,14.0,0.6,0.7,0.6,60.2,70.2,79.5,71.3,7.0,10.3,14.0,0.6,0.6,4.73,6.2,10.84,7.5,9.0,4.56,14.0,0.4,0.7,0.5,-2.97,1.57,6.32,2.32,9.0,6.49,14.0,0.4,0.7,0.5,-7.15,-4.79,-0.72,-4.09,9.0,4.14,14.0,0.4,0.7,0.5,1022.97,1025.5,1029.42,1025.61,9.0,4.24,14.0,0.4,0.7,0.5,2.3,5.0,7.7,4.8,9.0,2.5,14.0,0.4,0.7,0.5,-15.8,7.2,70.4,38.8,9.0,99.8,14.0,0.4,0.7,0.5,-92.2,-28.9,-4.5,-40.2,9.0,44.1,14.0,0.4,0.7,0.5,-0.36,0.55,1.24,0.54,8.0,0.85,14.0,0.5,0.7,0.5,-0.9,3.0,20.7,6.7,8.0,10.6,14.0,0.5,0.7,0.5,2.67,2.75,3.8,3.02,7.0,0.85,14.0,0.6,0.7,0.6,10.2,16.6,23.0,20.0,7.0,13.3,14.0,0.6,0.7,0.6,-36.3,25.2,77.7,31.3,9.0,81.5,14.0,0.4,0.7,0.5,-92.7,-72.2,-8.0,-50.6,9.0,56.1,14.0,0.4,0.7,0.5,-16.1,10.7,20.5,18.7,7.0,45.8,14.0,0.6,0.7,0.6,-43.9,-29.4,4.5,-20.9,7.0,31.4,14.0,0.6,0.7,0.6,-3.9,4.3,11.4,8.0,7.0,17.8,14.0,0.6,0.7,0.6,-20.5,-12.7,2.2,-9.5,7.0,12.1,14.0,0.6,0.7,0.6,107.0,238.5,1385.0,940.5,9.0,1737.5,14.0,0.4,0.7,0.5,105.0,240.0,1385.0,940.0,9.0,1735.0,14.0,0.4,0.7,0.5
1974,2,342.0,41.0,12.22,12.8,13.58,12.82,15.0,0.75,14.0,0.4,0.5,0.6,11.27,12.3,14.0,12.53,15.0,1.25,14.0,0.4,0.5,0.6,5.51,6.83,8.53,6.85,13.0,1.58,16.0,0.4,0.5,0.6,62.2,81.3,93.1,76.7,13.0,14.5,16.0,0.4,0.6,5.45,10.8,17.42,11.31,15.0,5.17,14.0,0.4,0.5,0.6,-3.62,8.66,13.26,5.14,15.0,8.6,14.0,0.4,0.5,0.6,-10.17,-3.28,6.61,-2.04,15.0,7.56,14.0,0.4,0.5,0.6,1016.14,1025.1,1027.02,1022.56,15.0,6.79,14.0,0.4,0.5,0.6,5.0,8.0,8.0,6.5,14.0,2.3,14.0,0.4,0.5,0.5,-17.0,97.8,211.1,78.6,15.0,127.2,14.0,0.4,0.5,0.6,-180.1,-16.7,59.9,-41.5,15.0,119.3,14.0,0.4,0.5,0.6,-1.39,0.0,2.2,0.29,15.0,1.65,14.0,0.4,0.5,0.6,-13.2,0.0,26.8,2.9,15.0,22.4,14.0,0.4,0.5,0.6,0.15,2.72,3.79,2.2,13.0,1.66,16.0,0.4,0.5,0.6,1.9,19.6,57.8,23.4,13.0,23.8,16.0,0.4,0.5,0.6,-44.1,101.3,163.0,68.4,15.0,103.8,14.0,0.4,0.5,0.6,-114.9,-40.3,79.5,-21.1,15.0,97.8,14.0,0.4,0.5,0.6,-22.1,53.7,85.1,34.1,13.0,58.5,16.0,0.4,0.5,0.6,-39.7,-14.8,41.0,-9.8,13.0,55.1,16.0,0.4,0.5,0.6,-17.2,1.6,33.7,5.0,13.0,29.4,16.0,0.4,0.5,0.6,-19.8,-5.0,1.8,-8.2,13.0,14.0,16.0,0.4,0.5,0.6,170.0,1259.5,5348.5,2284.0,15.0,2313.0,14.0,0.4,0.5,0.6,170.0,1260.0,5350.0,2285.0,15.0,2315.0,14.0,0.4,0.5,0.6
1974,2,342.0,42.0,11.32,12.8,13.6,12.89,20.0,1.27,12.0,0.6,0.5,0.4,10.93,13.0,14.0,12.75,22.0,1.33,12.0,0.6,0.5,0.4,5.94,7.63,8.86,7.44,18.0,1.43,12.0,0.7,0.5,0.4,66.1,86.0,92.0,80.2,18.0,13.6,12.0,0.7,0.4,6.37,10.55,13.93,10.38,22.0,4.44,12.0,0.6,0.5,0.4,-5.68,6.58,12.25,4.77,22.0,7.72,12.0,0.6,0.5,0.4,-4.94,0.63,4.93,0.1,22.0,7.01,12.0,0.6,0.5,0.4,1012.56,1021.6,1028.47,1021.35,22.0,7.67,12.0,0.6,0.5,0.4,4.0,7.0,8.0,6.0,20.0,2.4,12.0,0.7,0.5,0.4,-40.8,60.3,160.0,68.7,22.0,107.2,12.0,0.6,0.5,0.4,-40.3,4.4,52.2,-6.6,22.0,118.7,12.0,0.6,0.5,0.4,-1.2,0.0,1.99,0.19,20.0,1.67,12.0,0.6,0.5,0.4,-12.9,0.2,15.4,1.6,20.0,19.5,12.0,0.6,0.5,0.4,0.12,1.28,2.97,1.68,17.0,1.39,12.0,0.7,0.5,0.4,1.1,15.0,31.7,17.6,17.0,15.3,12.0,0.7,0.5,0.4,-64.9,85.9,163.9,62.2,22.0,98.9,12.0,0.6,0.5,0.4,-55.7,7.0,70.2,3.3,22.0,83.4,12.0,0.6,0.5,0.4,16.4,59.7,103.5,53.9,18.0,50.6,12.0,0.7,0.5,0.4,-35.9,0.0,55.8,6.2,18.0,55.2,12.0,0.7,0.5,0.4,-2.2,4.8,23.6,7.6,17.0,17.8,12.0,0.7,0.5,0.4,-10.9,0.0,4.5,-1.6,17.0,13.4,12.0,0.7,0.5,0.4,259.0,1176.0,2723.5,1795.5,22.0,2785.5,12.0,0.6,0.5,0.4,260.0,1175.0,2725.0,1795.0,22.0,2785.0,12.0,0.6,0.5,0.4
1974,2,342.0,43.0,11.7,12.5,14.0,12.62,26.0,1.17,14.0,0.5,0.4,0.4,10.86,11.8,13.17,11.91,28.0,1.22,14.0,0.5,0.5,0.4,5.34,6.94,8.38,6.91,19.0,1.43,14.0,0.4,0.4,0.4,64.1,78.8,93.7,78.5,20.0,14.5,12.0,0.4,0.4,3.74,11.3,15.4,10.83,28.0,6.61,14.0,0.5,0.5,0.4,-1.67,6.97,11.8,6.23,28.0,7.45,14.0,0.5,0.5,0.4,-9.75,-1.93,9.46,-1.09,28.0,8.27,14.0,0.5,0.5,0.4,1007.19,1021.2,1029.89,1018.1,27.0,14.11,14.0,0.5,0.5,0.4,3.0,6.0,8.0,5.7,28.0,2.3,14.0,0.5,0.5,0.4,-7.1,73.0,181.3,109.3,28.0,153.6,14.0,0.5,0.5,0.4,-150.4,-7.6,123.5,-6.7,28.0,130.6,14.0,0.5,0.5,0.4,-1.03,0.65,3.0,0.76,26.0,2.12,14.0,0.5,0.4,0.4,-13.4,2.3,25.1,4.9,26.0,26.6,14.0,0.5,0.4,0.4,0.7,2.21,3.65,2.15,18.0,1.57,14.0,0.4,0.4,0.4,1.0,19.8,50.8,23.2,18.0,22.5,14.0,0.4,0.4,0.4,-19.0,81.5,133.6,76.6,28.0,89.8,14.0,0.5,0.5,0.4,-115.3,-21.9,117.1,-7.6,28.0,103.6,14.0,0.5,0.5,0.4,-12.1,49.6,100.9,51.1,19.0,60.5,14.0,0.4,0.4,0.4,-59.3,-33.0,79.5,-6.5,19.0,64.5,14.0,0.4,0.4,0.4,-6.1,6.5,32.7,12.0,18.0,20.3,14.0,0.4,0.4,0.4,-34.9,-13.6,0.2,-14.4,18.0,17.1,14.0,0.4,0.4,0.4,53.0,1443.0,3652.5,2716.5,28.0,3940.5,14.0,0.5,0.5,0.4,55.0,1445.0,3650.0,2715.0,28.0,3940.0,14.0,0.5,0.5,0.4
1974,2,342.0,44.0,11.2,12.0,13.51,12.31,23.0,1.27,12.0,0.6,0.5,0.4,10.46,12.0,12.68,11.77,25.0,1.5,14.0,0.6,0.6,0.4,5.74,7.3,8.28,7.14,22.0,1.35,12.0,0.6,0.6,0.4,71.6,84.5,93.7,82.4,22.0,11.8,12.0,0.6,0.4,8.6,12.9,23.8,15.09,25.0,6.66,12.0,0.6,0.6,0.4,-3.69,9.42,17.62,8.59,25.0,9.6,12.0,0.6,0.6,0.4,-10.04,0.8,11.56,1.01,25.0,10.56,12.0,0.6,0.6,0.4,996.78,1012.1,1027.73,1012.14,25.0,14.47,14.0,0.6,0.6,0.4,3.7,6.5,8.0,6.0,24.0,2.4,14.0,0.7,0.6,0.5,-23.8,115.9,461.8,180.6,25.0,211.7,12.0,0.6,0.6,0.4,-122.7,3.7,152.4,22.8,25.0,214.4,12.0,0.6,0.6,0.4,-1.07,0.15,2.47,0.46,22.0,1.74,12.0,0.6,0.5,0.4,-18.6,3.1,41.6,8.7,21.0,31.6,12.0,0.6,0.6,0.4,0.16,1.99,3.04,1.72,20.0,1.44,12.0,0.6,0.6,0.4,1.6,21.4,64.3,27.2,20.0,27.8,12.0,0.6,0.6,0.4,-44.0,115.5,224.4,103.4,24.0,113.0,14.0,0.6,0.6,0.4,-114.6,4.4,129.0,11.1,24.0,122.0,14.0,0.6,0.6,0.4,10.0,87.2,122.5,75.4,22.0,61.5,12.0,0.6,0.6,0.4,-59.1,-7.5,90.4,14.0,22.0,80.0,12.0,0.6,0.6,0.4,0.0,11.4,55.1,19.3,20.0,27.6,12.0,0.6,0.6,0.4,-31.3,-6.1,4.1,-11.0,20.0,16.4,12.0,0.6,0.6,0.4,638.0,2146.5,13476.5,5476.0,25.0,6147.0,12.0,0.6,0.6,0.4,640.0,2145.0,13475.0,5475.0,25.0,6145.0,12.0,0.6,0.6,0.4
1974,2,342.0,45.0,11.43,11.8,13.0,12.13,19.0,1.05,14.0,0.6,0.7,0.3,10.0,11.1,12.45,11.26,21.0,1.35,14.0,0.6,0.7,0.4,5.06,6.26,7.57,6.35,16.0,1.18,14.0,0.5,0.6,0.3,66.6,79.8,87.9,78.2,16.0,11.0,14.0,0.5,0.3,5.47,10.3,16.31,11.24,21.0,4.71,14.0,0.6,0.7,0.4,-5.41,4.95,13.03,3.76,21.0,8.55,14.0,0.6,0.7,0.4,-6.45,0.8,8.36,0.66,21.0,8.15,14.0,0.6,0.7,0.4,1008.2,1018.2,1032.13,1018.09,21.0,12.95,14.0,0.6,0.7,0.4,3.0,6.5,8.0,6.1,20.0,2.3,14.0,0.6,0.7,0.4,-43.4,50.2,199.2,68.6,21.0,118.4,14.0,0.6,0.7,0.4,-66.4,3.7,138.5,16.8,21.0,126.8,14.0,0.6,0.7,0.4,-0.74,1.0,2.31,0.9,19.0,1.49,14.0,0.6,0.7,0.3,-11.4,6.2,19.2,7.7,19.0,19.9,14.0,0.6,0.7,0.3,1.01,2.25,3.41,2.3,15.0,1.13,14.0,0.5,0.7,0.3,10.9,21.7,40.2,25.5,15.0,15.7,14.0,0.5,0.7,0.3,-63.6,64.3,144.3,43.5,21.0,96.1,14.0,0.6,0.7,0.4,-63.9,8.3,101.7,14.3,21.0,92.7,14.0,0.6,0.7,0.4,-38.4,28.2,81.1,23.6,16.0,54.6,14.0,0.5,0.6,0.3,-32.3,2.5,68.8,9.0,16.0,60.4,14.0,0.5,0.6,0.3,-17.9,10.8,30.4,6.0,15.0,25.0,14.0,0.5,0.7,0.3,-18.3,1.8,11.4,-2.4,15.0,16.6,14.0,0.5,0.7,0.3,174.5,1092.5,4346.0,2149.0,21.0,2255.0,14.0,0.6,0.7,0.4,175.0,1095.0,4345.0,2150.0,21.0,2255.0,14.0,0.6,0.7,0.4
1974,2,342.0,46.0,10.82,11.5,13.01,11.74,17.0,1.25,14.0,0.4,0.6,0.4,9.3,11.0,12.83,10.89,22.0,2.45,16.0,0.5,0.6,0.4,5.2,6.14,7.8,6.35,18.0,1.18,16.0,0.4,0.6,0.4,68.8,73.7,89.1,77.2,19.0,10.6,16.0,0.4,0.4,3.1,7.7,17.67,9.7,22.0,6.58,16.0,0.5,0.6,0.4,-4.17,2.72,15.03,5.26,22.0,8.86,16.0,0.5,0.6,0.4,-5.53,0.0,6.65,-0.36,22.0,5.86,16.0,0.5,0.6,0.4,1003.79,1022.5,1027.82,1017.65,21.0,11.97,16.0,0.4,0.5,0.4,5.0,8.0,8.0,6.8,22.0,2.1,16.0,0.5,0.6,0.4,-26.4,16.8,286.6,96.5,22.0,157.5,16.0,0.5,0.6,0.4,-66.0,0.0,54.3,-20.8,22.0,91.0,16.0,0.5,0.6,0.4,-1.18,0.3,4.35,1.08,17.0,2.48,14.0,0.4,0.6,0.4,-4.1,2.3,56.1,19.6,17.0,40.2,14.0,0.4,0.6,0.4,0.84,2.45,3.17,2.24,15.0,1.39,16.0,0.3,0.6,0.4,3.1,16.8,54.3,25.7,15.0,27.9,16.0,0.3,0.6,0.4,-48.4,31.5,137.5,48.8,22.0,91.4,16.0,0.5,0.6,0.4,-44.2,0.0,80.9,3.8,22.0,62.0,16.0,0.5,0.6,0.4,-24.5,22.3,89.4,33.4,18.0,58.4,16.0,0.4,0.6,0.4,-29.1,0.0,40.0,-2.6,18.0,38.6,16.0,0.4,0.6,0.4,-4.1,4.2,41.6,17.0,15.0,29.7,16.0,0.3,0.6,0.4,-21.1,0.0,13.0,-3.6,15.0,16.8,16.0,0.3,0.6,0.4,34.5,456.5,5526.5,2262.0,22.0,3351.0,16.0,0.5,0.6,0.4,35.0,455.0,5525.0,2260.0,22.0,3350.0,16.0,0.5,0.6,0.4
1974,2,342.0,47.0,10.97,11.9,12.15,11.64,12.0,0.78,20.0,0.5,0.6,0.4,8.8,10.0,11.23,10.11,18.0,1.79,18.0,0.5,0.6,0.4,5.34,5.86,6.95,6.2,16.0,1.26,18.0,0.5,0.6,0.4,72.4,79.4,92.1,79.9,16.0,11.0,18.0,0.5,0.4,6.22,10.05,23.19,13.21,18.0,8.67,18.0,0.5,0.6,0.4,-3.03,4.78,18.21,7.03,18.0,10.85,18.0,0.5,0.6,0.4,-9.12,0.0,7.0,-1.99,18.0,9.25,18.0,0.5,0.6,0.4,1001.32,1016.5,1024.11,1012.61,18.0,15.69,18.0,0.5,0.6,0.4,5.0,7.0,8.0,6.5,15.0,1.8,18.0,0.6,0.6,0.4,-31.6,45.6,443.8,165.9,18.0,285.2,18.0,0.5,0.6,0.4,-199.5,0.0,53.8,-75.5,18.0,206.2,18.0,0.5,0.6,0.4,-0.4,1.25,3.4,1.26,12.0,2.24,20.0,0.5,0.6,0.4,-2.4,6.8,43.1,20.7,12.0,34.2,20.0,0.5,0.6,0.4,1.34,2.06,3.45,2.14,11.0,1.48,20.0,0.5,0.6,0.4,5.4,24.7,35.9,21.5,11.0,15.4,20.0,0.5,0.6,0.4,-32.4,46.2,157.9,63.0,18.0,102.0,18.0,0.5,0.6,0.4,-91.5,0.0,75.5,-14.6,18.0,93.4,18.0,0.5,0.6,0.4,-20.8,26.5,108.4,41.7,16.0,66.0,18.0,0.5,0.6,0.4,-60.9,-9.4,37.3,-18.8,16.0,57.5,18.0,0.5,0.6,0.4,-11.9,2.0,21.1,3.9,11.0,17.6,20.0,0.5,0.6,0.4,-22.8,0.0,19.6,-1.3,11.0,20.4,20.0,0.5,0.6,0.4,250.0,1017.0,12661.0,5712.0,18.0,9698.0,18.0,0.5,0.6,0.4,250.0,1015.0,12660.0,5710.0,18.0,9700.0,18.0,0.5,0.6,0.4
1974,2,342.0,48.0,10.04,11.15,11.5,11.06,10.0,0.9,16.0,0.5,0.6,0.5,8.98,10.0,11.96,10.38,13.0,1.64,14.0,0.5,0.5,0.5,6.28,6.85,7.28,6.65,10.0,0.86,14.0,0.4,0.5,0.5,83.1,88.3,93.5,87.4,10.0,8.9,14.0,0.4,0.5,4.6,7.7,19.15,10.58,13.0,6.76,14.0,0.5,0.5,0.5,-1.59,6.3,18.12,7.19,13.0,8.83,14.0,0.5,0.5,0.5,-4.53,2.29,5.79,1.87,13.0,5.42,14.0,0.5,0.5,0.5,999.97,1013.75,1027.82,1015.52,12.0,12.56,14.0,0.4,0.6,0.4,4.0,7.0,8.0,6.2,13.0,2.3,14.0,0.5,0.5,0.5,-7.4,42.2,347.4,129.8,13.0,178.1,14.0,0.5,0.5,0.5,-23.3,15.4,55.3,16.6,13.0,69.9,14.0,0.5,0.5,0.5,-0.16,1.1,1.9,1.16,10.0,1.63,16.0,0.5,0.6,0.5,-1.3,5.4,18.5,15.5,10.0,34.6,16.0,0.5,0.6,0.5,0.52,1.03,1.99,1.31,9.0,0.98,16.0,0.4,0.5,0.5,3.8,8.1,18.5,12.3,9.0,12.2,16.0,0.4,0.5,0.5,-17.7,59.8,177.7,73.8,13.0,88.1,14.0,0.5,0.5,0.5,-40.6,21.8,67.0,23.9,13.0,60.7,14.0,0.5,0.5,0.5,-7.0,29.2,98.9,40.0,10.0,52.8,14.0,0.4,0.5,0.5,-33.5,13.7,38.0,10.4,10.0,41.2,14.0,0.4,0.5,0.5,-1.6,4.5,14.9,7.4,9.0,14.5,16.0,0.4,0.5,0.5,-5.7,2.3,5.6,-0.2,9.0,6.9,16.0,0.4,0.5,0.5,97.5,456.5,7039.0,2688.0,13.0,3754.0,14.0,0.5,0.5,0.5,95.0,455.0,7040.0,2690.0,13.0,3755.0,14.0,0.5,0.5,0.5
1974,2,342.0,49.0,10.32,10.7,11.49,10.88,5.0,0.76,18.0,0.6,0.8,0.1,7.28,9.8,11.48,9.5,8.0,2.05,16.0,0.5,0.8,0.3,5.95,6.44,7.2,6.55,5.0,0.73,16.0,0.4,0.8,0.3,76.5,81.0,90.6,83.0,5.0,10.2,16.0,0.4,0.3,6.31,16.2,27.45,16.59,8.0,10.36,16.0,0.5,0.8,0.3,4.06,10.43,24.04,12.75,8.0,9.45,16.0,0.5,0.8,0.3,-4.32,5.13,12.72,4.18,8.0,11.25,16.0,0.5,0.8,0.3,976.0,996.1,1017.2,997.86,8.0,22.2,16.0,0.5,0.8,0.3,6.1,7.5,8.0,7.1,8.0,1.1,16.0,0.5,0.8,0.3,25.7,172.8,663.0,294.7,8.0,320.2,16.0,0.5,0.8,0.3,-68.0,34.6,196.3,82.2,8.0,310.4,16.0,0.5,0.8,0.3,-0.22,0.4,0.7,0.18,5.0,0.84,18.0,0.6,0.8,0.1,-5.5,2.9,6.7,0.4,5.0,11.7,18.0,0.6,0.8,0.1,1.07,1.5,2.39,1.72,4.0,0.87,16.0,0.5,0.7,0.1,8.9,11.8,33.6,20.8,4.0,20.3,16.0,0.5,0.7,0.1,44.6,114.3,146.5,109.2,8.0,71.8,16.0,0.5,0.8,0.3,-42.0,54.0,148.5,53.2,8.0,100.4,16.0,0.5,0.8,0.3,24.6,52.4,117.1,72.5,5.0,69.0,16.0,0.4,0.8,0.3,12.7,63.6,115.5,64.3,5.0,68.5,16.0,0.4,0.8,0.3,5.0,6.3,23.9,14.1,4.0,16.7,16.0,0.5,0.7,0.1,-1.0,9.5,23.1,11.0,4.0,16.9,16.0,0.5,0.7,0.1,253.5,4333.5,21121.0,9553.5,8.0,12917.0,16.0,0.5,0.8,0.3,255.0,4335.0,21120.0,9555.0,8.0,12915.0,16.0,0.5,0.8,0.3
1974,2,342.0,50.0,10.0,10.5,11.07,10.54,5.0,0.55,18.0,0.6,0.5,0.2,9.4,9.5,9.76,9.53,6.0,0.33,16.0,0.7,0.4,0.2,3.94,6.35,6.87,5.73,6.0,1.48,16.0,0.7,0.4,0.2,54.4,82.2,93.6,76.7,6.0,18.3,16.0,0.7,0.2,4.29,12.6,22.19,13.63,6.0,10.83,16.0,0.7,0.4,0.2,-0.22,8.38,16.28,8.28,6.0,8.46,16.0,0.7,0.4,0.2,1.7,8.92,17.0,9.21,6.0,9.21,16.0,0.7,0.4,0.2,971.86,1010.5,1030.6,1004.02,6.0,29.91,16.0,0.7,0.4,0.2,6.8,7.5,8.0,7.3,6.0,0.8,16.0,0.7,0.4,0.2,-0.7,144.5,364.3,187.6,6.0,216.4,16.0,0.7,0.4,0.2,4.4,147.0,384.6,204.7,6.0,247.3,16.0,0.7,0.4,0.2,0.63,1.0,1.45,1.0,5.0,0.63,18.0,0.6,0.5,0.2,2.0,4.6,16.6,9.7,5.0,14.3,18.0,0.6,0.5,0.2,1.08,2.52,3.83,2.47,5.0,1.42,18.0,0.6,0.5,0.2,8.9,18.4,34.3,22.1,5.0,18.3,18.0,0.6,0.5,0.2,-2.0,80.0,160.9,80.2,6.0,81.6,16.0,0.7,0.4,0.2,14.9,88.1,161.5,88.3,6.0,88.4,16.0,0.7,0.4,0.2,-0.8,47.4,109.6,54.2,6.0,58.1,16.0,0.7,0.4,0.2,6.2,59.3,108.3,61.5,6.0,62.4,16.0,0.7,0.4,0.2,-1.4,14.1,23.9,12.4,5.0,15.0,18.0,0.6,0.5,0.2,-1.6,10.9,24.4,11.7,5.0,18.8,18.0,0.6,0.5,0.2,83.5,4419.5,11617.0,6729.0,6.0,8887.0,16.0,0.7,0.4,0.2,85.0,4420.0,11615.0,6730.0,6.0,8885.0,16.0,0.7,0.4,0.2
1974,2,342.0,51.0,10.14,10.85,11.71,10.93,4.0,0.94,16.0,0.5,0.9,0.5,7.76,9.05,10.13,8.95,4.0,1.56,16.0,0.5,0.9,0.5,5.17,6.26,6.52,5.86,3.0,1.05,20.0,0.7,0.8,0.7,72.7,82.1,83.8,78.3,3.0,8.7,20.0,0.7,0.7,6.27,11.35,14.29,10.33,4.0,5.66,16.0,0.5,0.9,0.5,5.14,8.45,12.63,8.86,4.0,5.52,16.0,0.5,0.9,0.5,-4.98,0.23,2.91,-0.97,4.0,6.14,16.0,0.5,0.9,0.5,991.5,1017.1,1025.94,1009.1,4.0,23.77,16.0,0.5,0.9,0.5,5.3,6.0,6.0,5.7,3.0,0.6,20.0,0.7,0.8,0.7,47.2,95.4,181.2,113.3,4.0,103.9,16.0,0.5,0.9,0.5,-61.7,0.6,28.3,-15.9,4.0,72.3,16.0,0.5,0.9,0.5,1.18,2.1,2.76,1.98,4.0,1.0,16.0,0.5,0.9,0.5,5.7,19.1,39.9,22.7,4.0,20.7,16.0,0.5,0.9,0.5,1.97,2.76,2.93,2.45,3.0,0.75,20.0,0.7,0.8,0.7,10.6,16.5,28.6,19.5,3.0,13.5,20.0,0.7,0.8,0.7,47.6,85.6,104.1,76.3,4.0,39.1,16.0,0.5,0.9,0.5,-47.3,1.9,30.7,-7.8,4.0,60.4,16.0,0.5,0.9,0.5,24.0,49.9,56.3,40.4,3.0,25.1,20.0,0.7,0.8,0.7,-39.9,2.1,24.0,-7.7,3.0,47.6,20.0,0.7,0.8,0.7,9.8,14.3,19.5,14.7,3.0,7.2,20.0,0.7,0.8,0.7,-17.5,1.4,6.0,-5.5,3.0,18.2,20.0,0.7,0.8,0.7,529.5,1499.5,3053.5,1778.0,4.0,1728.0,16.0,0.5,0.9,0.5,530.0,1500.0,3055.0,1780.0,4.0,1730.0,16.0,0.5,0.9,0.5
1974,2,342.0,52.0,10.0,10.0,10.0,10.0,1.0,0.0,16.0,0.0,0.8,0.7,9.35,9.45,9.55,9.45,2.0,0.21,18.0,0.0,0.9,0.6,4.58,4.58,4.58,4.58,1.0,0.0,16.0,0.0,0.8,0.7,62.5,62.5,62.5,62.5,1.0,0.0,16.0,0.0,0.7,9.41,9.65,9.89,9.65,2.0,0.49,18.0,0.0,0.9,0.6,8.27,8.73,9.18,8.73,2.0,0.95,18.0,0.0,0.9,0.6,-3.37,-0.61,2.14,-0.61,2.0,5.71,18.0,0.0,0.9,0.6,1006.16,1016.6,1027.04,1016.6,2.0,21.64,18.0,0.0,0.9,0.6,6.3,7.0,7.7,7.0,2.0,1.4,18.0,0.0,0.9,0.6,77.9,84.4,90.9,84.4,2.0,13.5,18.0,0.0,0.9,0.6,-31.0,-4.5,21.9,-4.5,2.0,54.8,18.0,0.0,0.9,0.6,0.7,0.7,0.7,0.7,1.0,0.0,16.0,0.0,0.8,0.7,6.5,6.5,6.5,6.5,1.0,0.0,16.0,0.0,0.8,0.7,3.12,3.12,3.12,3.12,1.0,0.0,16.0,0.0,0.8,0.7,29.0,29.0,29.0,29.0,1.0,0.0,16.0,0.0,0.8,0.7,77.3,82.6,87.8,82.6,2.0,10.8,18.0,0.0,0.9,0.6,-31.2,-5.2,20.8,-5.2,2.0,53.8,18.0,0.0,0.9,0.6,36.9,36.9,36.9,36.9,1.0,0.0,16.0,0.0,0.8,0.7,-21.3,-21.3,-21.3,-21.3,1.0,0.0,16.0,0.0,0.8,0.7,25.1,25.1,25.1,25.1,1.0,0.0,16.0,0.0,0.8,0.7,-14.5,-14.5,-14.5,-14.5,1.0,0.0,16.0,0.0,0.8,0.7,835.5,902.0,969.0,902.0,2.0,138.5,18.0,0.0,0.9,0.6,835.0,900.0,970.0,900.0,2.0,140.0,18.0,0.0,0.9,0.6
1974,2,342.0,53.0,9.7,9.8,9.9,9.99,11.0,0.67,16.0,0.3,0.5,0.2,7.92,8.1,9.38,8.55,11.0,1.02,16.0,0.3,0.5,0.2,4.55,5.23,6.22,5.43,11.0,0.82,16.0,0.3,0.5,0.2,67.9,78.0,88.4,78.4,11.0,9.6,16.0,0.3,0.2,9.64,10.3,11.01,10.42,11.0,1.04,16.0,0.3,0.5,0.2,2.56,3.52,5.09,3.77,11.0,2.11,16.0,0.3,0.5,0.2,-10.36,-9.68,-1.56,-6.18,11.0,7.64,16.0,0.3,0.5,0.2,1012.89,1014.8,1015.99,1010.67,11.0,16.53,16.0,0.3,0.5,0.2,2.0,4.0,5.4,3.9,11.0,1.8,16.0,0.3,0.5,0.2,24.4,36.3,54.7,39.6,11.0,24.3,16.0,0.3,0.5,0.2,-112.5,-99.7,-7.5,-62.9,11.0,83.5,16.0,0.3,0.5,0.2,1.26,1.7,1.9,1.44,11.0,0.76,16.0,0.3,0.5,0.2,11.9,16.5,20.6,14.8,11.0,8.3,16.0,0.3,0.5,0.2,1.5,2.3,2.89,2.19,11.0,0.64,16.0,0.3,0.5,0.2,16.2,20.4,27.4,22.8,11.0,7.2,16.0,0.3,0.5,0.2,23.2,28.9,40.2,32.9,11.0,21.6,16.0,0.3,0.5,0.2,-83.7,-78.4,-3.7,-46.1,11.0,71.0,16.0,0.3,0.5,0.2,12.8,21.2,24.0,20.7,11.0,13.5,16.0,0.3,0.5,0.2,-58.4,-46.5,-1.7,-29.8,11.0,45.0,16.0,0.3,0.5,0.2,4.1,8.7,12.4,8.4,11.0,5.6,16.0,0.3,0.5,0.2,-25.8,-17.5,-2.7,-15.3,11.0,16.0,16.0,0.3,0.5,0.2,913.5,1092.5,1335.5,1161.0,11.0,335.0,16.0,0.3,0.5,0.2,915.0,1095.0,1335.0,1160.0,11.0,335.0,16.0,0.3,0.5,0.2
1974,2,342.0,54.0,9.22,9.7,9.97,9.6,3.0,0.56,20.0,0.7,0.8,0.6,8.12,10.3,10.37,9.27,3.0,1.88,20.0,0.7,0.8,0.6,4.92,5.39,6.71,5.8,3.0,1.36,20.0,0.7,0.8,0.6,71.4,75.2,86.0,78.6,3.0,11.1,20.0,0.7,0.6,8.48,12.3,16.19,12.33,3.0,5.65,20.0,0.7,0.8,0.6,3.46,6.3,14.29,8.81,3.0,8.23,20.0,0.7,0.8,0.6,0.73,2.29,9.0,4.8,3.0,6.43,20.0,0.7,0.8,0.6,991.48,1009.3,1013.33,1002.57,3.0,17.03,20.0,0.7,0.8,0.6,7.0,7.0,7.7,7.3,3.0,0.6,20.0,0.7,0.8,0.6,31.3,42.2,234.6,130.8,3.0,167.5,20.0,0.7,0.8,0.6,4.9,15.4,106.6,54.8,3.0,81.9,20.0,0.7,0.8,0.6,-1.15,-0.6,1.86,0.33,3.0,2.34,20.0,0.7,0.8,0.6,-8.7,-7.4,34.5,12.4,3.0,36.0,20.0,0.7,0.8,0.6,0.65,2.05,2.68,1.68,3.0,1.52,20.0,0.7,0.8,0.6,8.0,25.2,44.6,26.3,3.0,26.8,20.0,0.7,0.8,0.6,35.8,65.5,108.0,71.8,3.0,53.2,20.0,0.7,0.8,0.6,7.6,23.8,92.7,49.5,3.0,66.2,20.0,0.7,0.8,0.6,22.5,46.1,72.4,47.4,3.0,36.6,20.0,0.7,0.8,0.6,5.3,16.8,49.9,27.3,3.0,33.9,20.0,0.7,0.8,0.6,1.4,4.4,38.0,19.3,3.0,29.8,20.0,0.7,0.8,0.6,0.0,0.0,17.0,8.3,3.0,14.3,20.0,0.7,0.8,0.6,796.0,1861.0,4571.5,2664.5,3.0,2852.0,20.0,0.7,0.8,0.6,795.0,1860.0,4570.0,2665.0,3.0,2850.0,20.0,0.7,0.8,0.6
1974,2,342.0,55.0,9.25,9.8,11.03,10.13,3.0,1.33,10.0,0.3,0.7,0.3,5.99,7.15,10.31,8.1,4.0,3.03,12.0,0.5,0.8,0.2,4.65,5.84,7.03,5.84,2.0,2.47,12.0,0.0,0.6,0.3,74.3,78.8,83.2,78.8,2.0,9.2,12.0,0.0,0.3,12.43,13.95,15.21,13.83,4.0,1.64,12.0,0.5,0.8,0.2,3.62,13.11,14.66,9.32,4.0,9.04,12.0,0.5,0.8,0.2,-1.04,3.9,8.35,3.67,4.0,6.49,12.0,0.5,0.8,0.2,1003.83,1014.1,1021.43,1012.7,4.0,13.03,12.0,0.5,0.8,0.2,5.0,5.0,7.0,6.0,3.0,1.7,16.0,0.3,0.7,0.2,48.6,183.9,223.0,138.0,4.0,129.0,12.0,0.5,0.8,0.2,-10.2,59.1,107.5,49.1,4.0,80.6,12.0,0.5,0.8,0.2,0.5,3.3,3.44,2.0,3.0,2.43,10.0,0.3,0.7,0.3,5.1,42.0,48.0,26.9,3.0,34.0,10.0,0.3,0.7,0.3,1.2,1.94,2.67,1.94,2.0,1.53,12.0,0.0,0.6,0.3,18.2,29.6,41.1,29.6,2.0,23.8,12.0,0.0,0.6,0.3,27.6,91.7,137.7,83.1,4.0,82.6,12.0,0.5,0.8,0.2,-11.2,39.4,67.5,28.7,4.0,49.3,12.0,0.5,0.8,0.2,69.2,84.5,99.8,84.5,2.0,31.7,12.0,0.0,0.6,0.3,15.4,24.9,34.5,24.9,2.0,19.8,12.0,0.0,0.6,0.3,17.4,28.9,40.4,28.9,2.0,23.8,12.0,0.0,0.6,0.3,5.0,6.2,7.5,6.2,2.0,2.6,12.0,0.0,0.6,0.3,1927.5,2761.0,3520.5,2725.5,4.0,933.0,12.0,0.5,0.8,0.2,1925.0,2760.0,3520.0,2725.0,4.0,935.0,12.0,0.5,0.8,0.2
1974,2,342.0,56.0,10.0,10.0,10.0,10.0,1.0,0.0,20.0,1.0,0.1,0.0,5.4,6.25,7.1,6.25,2.0,1.77,18.0,0.5,0.3,0.3,3.78,3.78,3.78,3.78,1.0,0.0,16.0,0.0,0.5,0.5,70.1,70.1,70.1,70.1,1.0,0.0,16.0,0.0,0.5,15.48,15.65,15.82,15.65,2.0,0.35,18.0,0.5,0.3,0.3,-1.39,1.38,4.15,1.38,2.0,5.74,18.0,0.5,0.3,0.3,-10.39,-0.11,10.16,-0.11,2.0,21.29,18.0,0.5,0.3,0.3,1014.36,1019.65,1024.94,1019.65,2.0,10.96,18.0,0.5,0.3,0.3,3.0,5.0,7.0,5.0,2.0,4.2,18.0,0.5,0.3,0.3,-20.9,22.6,66.2,22.6,2.0,90.3,18.0,0.5,0.3,0.3,-158.8,2.0,162.8,2.0,2.0,333.1,18.0,0.5,0.3,0.3,,,,,,,,,,,,,,,,,,,,,,,,,,,,,,,,,,,,,,,,,-4.8,13.7,32.2,13.7,2.0,38.3,18.0,0.5,0.3,0.3,-46.0,18.1,82.2,18.1,2.0,132.9,18.0,0.5,0.3,0.3,-10.1,-10.1,-10.1,-10.1,1.0,0.0,16.0,0.0,0.5,0.5,-57.4,-57.4,-57.4,-57.4,1.0,0.0,16.0,0.0,0.5,0.5,,,,,,,,,,,,,,,,,,,,,,,,,,,,,,,,,,,,,,,,
1974,2,342.0,57.0,,,,,,,,,,,,,,,,,,,,,,,,,,,,,,,,,,,,,,,,15.55,16.95,18.35,16.95,2.0,2.9,2.0,0.0,0.8,0.3,7.8,10.59,13.38,10.59,2.0,5.78,2.0,0.0,0.8,0.3,-15.43,-10.22,-5.01,-10.22,2.0,10.8,2.0,0.0,0.8,0.3,984.88,987.0,989.12,987.0,2.0,4.38,2.0,0.0,0.8,0.3,,,,,,,,,,,,,,,,,,,,,,,,,,,,,,,,,,,,,,,,,,,,,,,,,,,,,,,,,,,,,,,,,,,,,,,,,,,,,,,,,,,,,,,,,,,,,,,,,,,,,,,,,,,,,,,,,,,,,,,,,,,,,,,,,,,,,,,,,,,,,,,,,,,,,,
1974,2,342.0,58.0,8.4,8.4,8.88,8.51,15.0,0.29,14.0,0.1,0.5,0.6,4.24,5.3,7.27,5.59,15.0,1.31,14.0,0.1,0.5,0.6,3.63,4.73,5.31,4.54,15.0,0.81,14.0,0.1,0.5,0.6,70.0,77.4,90.8,79.2,15.0,10.8,14.0,0.1,0.6,8.83,13.4,18.0,13.23,15.0,4.52,14.0,0.1,0.5,0.6,6.94,9.9,15.34,10.31,15.0,5.19,14.0,0.1,0.5,0.6,-3.26,6.66,10.1,4.09,15.0,7.02,14.0,0.1,0.5,0.6,986.92,1001.0,1014.99,999.41,15.0,13.5,14.0,0.1,0.5,0.6,3.0,7.0,8.0,5.6,14.0,2.9,14.0,0.1,0.4,0.7,66.7,152.4,273.4,156.3,15.0,102.0,14.0,0.1,0.5,0.6,-28.6,81.1,178.4,66.0,15.0,111.7,14.0,0.1,0.5,0.6,1.34,3.2,3.87,2.92,15.0,1.35,14.0,0.1,0.5,0.6,12.8,44.3,58.6,38.3,15.0,21.2,14.0,0.1,0.5,0.6,1.73,2.15,3.42,2.43,15.0,0.84,14.0,0.1,0.5,0.6,15.0,30.5,52.1,32.9,15.0,16.5,14.0,0.1,0.5,0.6,33.9,49.8,83.7,55.5,15.0,31.8,14.0,0.1,0.5,0.6,-17.7,36.7,54.2,27.3,15.0,41.0,14.0,0.1,0.5,0.6,31.7,44.0,66.9,44.7,15.0,23.2,14.0,0.1,0.5,0.6,-15.5,31.8,50.0,20.9,15.0,32.0,14.0,0.1,0.5,0.6,10.7,26.4,43.5,26.8,15.0,16.7,14.0,0.1,0.5,0.6,-8.6,10.7,20.9,7.1,15.0,18.1,14.0,0.1,0.5,0.6,691.0,2406.0,5832.0,3051.5,15.0,2393.0,14.0,0.1,0.5,0.6,690.0,2405.0,5830.0,3050.0,15.0,2395.0,14.0,0.1,0.5,0.6
1974,2,342.0,59.0,8.2,8.4,8.6,8.42,105.0,0.35,12.0,0.5,0.6,0.3,3.1,3.9,5.6,4.32,105.0,1.42,12.0,0.5,0.6,0.3,3.64,4.22,4.86,4.34,104.0,0.7,12.0,0.5,0.6,0.3,69.7,83.6,91.6,81.5,104.0,9.9,12.0,0.5,0.3,6.7,10.3,20.6,12.57,105.0,6.24,12.0,0.5,0.6,0.3,-13.51,0.0,7.94,-1.69,105.0,9.14,12.0,0.5,0.6,0.3,-13.71,0.0,8.2,-1.15,105.0,10.52,12.0,0.5,0.6,0.3,970.4,981.9,986.8,980.87,105.0,8.44,12.0,0.5,0.6,0.3,4.0,7.0,8.0,6.6,105.0,1.8,12.0,0.5,0.6,0.3,-210.4,0.0,72.8,-56.9,105.0,157.2,12.0,0.5,0.6,0.3,-279.6,0.0,69.7,-50.3,105.0,202.5,12.0,0.5,0.6,0.3,2.8,4.6,5.4,4.1,105.0,1.46,12.0,0.5,0.6,0.3,24.6,37.4,86.4,49.4,105.0,32.0,12.0,0.5,0.6,0.3,2.04,2.84,3.44,2.7,104.0,0.77,12.0,0.5,0.6,0.3,17.7,28.4,48.1,31.7,104.0,15.5,12.0,0.5,0.6,0.3,-57.1,0.0,28.5,-10.8,105.0,44.8,12.0,0.5,0.6,0.3,-54.6,0.0,38.4,1.0,105.0,47.9,12.0,0.5,0.6,0.3,-60.0,0.0,31.3,-10.3,104.0,41.8,12.0,0.5,0.6,0.3,-61.3,2.0,35.0,-3.4,104.0,50.8,12.0,0.5,0.6,0.3,-26.2,0.0,24.7,-0.7,104.0,23.3,12.0,0.5,0.6,0.3,-35.5,0.0,19.8,-4.7,104.0,26.2,12.0,0.5,0.6,0.3,301.0,1092.5,8742.0,3569.0,105.0,4402.0,12.0,0.5,0.6,0.3,300.0,1095.0,8740.0,3570.0,105.0,4400.0,12.0,0.5,0.6,0.3
1974,2,342.0,60.0,7.91,8.05,8.29,8.18,8.0,0.36,10.0,0.6,0.7,0.1,3.2,3.45,3.78,4.03,8.0,1.87,10.0,0.6,0.7,0.1,4.23,4.25,4.52,4.36,7.0,0.3,10.0,0.6,0.7,0.0,84.0,87.3,92.0,87.2,7.0,5.4,10.0,0.6,0.0,16.06,20.3,22.93,19.61,8.0,3.51,10.0,0.6,0.7,0.1,-14.74,-9.68,4.9,-5.87,8.0,10.05,10.0,0.6,0.7,0.1,-18.44,-16.55,-14.03,-12.66,8.0,11.33,10.0,0.6,0.7,0.1,968.53,980.55,982.6,979.16,8.0,11.31,10.0,0.6,0.7,0.1,8.0,8.0,8.0,7.9,8.0,0.4,10.0,0.6,0.7,0.1,-338.2,-193.7,74.5,-141.5,8.0,212.1,10.0,0.6,0.7,0.1,-403.1,-356.5,-211.6,-266.4,8.0,220.2,10.0,0.6,0.7,0.1,4.13,4.7,4.89,4.15,8.0,1.55,10.0,0.6,0.7,0.1,71.2,99.0,101.6,82.8,8.0,33.1,10.0,0.6,0.7,0.1,2.33,2.65,2.85,2.56,7.0,0.36,10.0,0.6,0.7,0.0,46.5,50.7,54.8,51.0,7.0,8.1,10.0,0.6,0.7,0.0,-52.9,-45.7,15.6,-24.8,8.0,36.1,10.0,0.6,0.7,0.1,-63.1,-53.6,-45.2,-32.9,8.0,66.1,10.0,0.6,0.7,0.1,-67.3,-54.1,22.3,-26.9,7.0,48.0,10.0,0.6,0.7,0.0,-80.2,-74.5,-60.7,-72.6,7.0,11.4,10.0,0.6,0.7,0.0,-35.2,-30.7,14.0,-13.5,7.0,27.5,10.0,0.6,0.7,0.0,-50.4,-40.6,-37.1,-42.3,7.0,6.1,10.0,0.6,0.7,0.0,4140.0,8468.5,12077.0,8176.0,8.0,4072.0,10.0,0.6,0.7,0.1,4140.0,8470.0,12075.0,8175.0,8.0,4070.0,10.0,0.6,0.7,0.1
1974,2,342.0,61.0,,,,,,,,,,,,,,,,,,,,,,,,,,,,,,,,,,,,,,,,9.3,9.8,14.56,11.88,5.0,4.13,18.0,0.0,0.6,0.6,0.0,9.65,13.54,7.81,5.0,8.02,18.0,0.0,0.6,0.6,-9.3,0.0,3.27,-2.18,5.0,6.86,18.0,0.0,0.6,0.6,984.6,986.1,1001.6,992.22,5.0,11.46,18.0,0.0,0.6,0.6,,,,,,,,,,,,,,,,,,,,,,,,,,,,,,,,,,,,,,,,,,,,,,,,,,,,,,,,,,,,,,,,,,,,,,,,,,,,,,,,,,,,,,,,,,,,,,,,,,,,,,,,,,,,,,,,,,,,,,,,,,,,,,,,,,,,,,,,,,,,,,,,,,,,,,
1974,2,342.0,62.0,6.59,7.15,7.84,7.02,6.0,1.07,20.0,0.5,0.6,0.6,2.06,4.0,7.96,4.62,14.0,3.1,16.0,0.6,0.6,0.6,6.13,6.64,6.67,6.41,3.0,0.45,18.0,1.0,0.8,0.8,94.2,97.3,99.1,96.7,3.0,3.7,18.0,1.0,0.8,9.91,15.4,19.0,15.19,15.0,5.06,16.0,0.5,0.6,0.6,-12.95,-9.9,6.6,-6.33,15.0,9.21,16.0,0.5,0.6,0.6,-9.9,-4.79,7.24,-0.62,15.0,12.02,16.0,0.5,0.6,0.6,992.11,997.55,1009.65,998.04,14.0,9.41,16.0,0.5,0.6,0.6,6.7,8.0,8.0,7.2,12.0,1.5,14.0,0.6,0.6,0.6,-214.3,-152.4,64.7,-108.8,15.0,136.7,16.0,0.5,0.6,0.6,-152.4,-62.7,86.3,13.5,15.0,258.4,16.0,0.5,0.6,0.6,-1.1,-0.2,1.38,0.3,6.0,1.98,20.0,0.5,0.6,0.6,-16.4,-1.5,13.4,0.0,6.0,19.5,20.0,0.5,0.6,0.6,-0.33,-0.09,0.35,0.01,3.0,0.5,18.0,1.0,0.8,0.8,-7.3,-0.9,5.5,-0.9,3.0,9.4,18.0,1.0,0.8,0.8,-62.7,-27.6,65.3,-15.1,14.0,57.9,16.0,0.6,0.6,0.6,-39.5,-17.4,40.0,3.3,14.0,61.9,16.0,0.6,0.6,0.6,-58.1,0.0,46.0,-5.9,3.0,76.5,18.0,1.0,0.8,0.8,-17.4,11.9,109.2,45.1,3.0,97.1,18.0,1.0,0.8,0.8,-5.7,-0.9,-0.3,-3.0,3.0,4.4,18.0,1.0,0.8,0.8,-7.9,-2.9,-1.0,-4.4,3.0,5.2,18.0,1.0,0.8,0.8,975.0,3652.5,6859.0,4656.0,15.0,4709.0,16.0,0.5,0.6,0.6,975.0,3650.0,6860.0,4655.0,15.0,4710.0,16.0,0.5,0.6,0.6
1974,2,342.0,63.0,5.44,6.05,6.63,5.99,18.0,0.68,12.0,0.3,0.6,0.6,-2.26,1.3,5.52,1.51,41.0,3.5,12.0,0.4,0.5,0.4,1.5,1.5,1.5,1.5,1.0,0.0,10.0,1.0,0.1,0.3,48.7,48.7,48.7,48.7,1.0,0.0,10.0,1.0,0.3,4.6,10.0,17.75,11.09,41.0,6.67,12.0,0.4,0.5,0.4,-14.53,-1.57,3.49,-3.7,41.0,8.6,12.0,0.4,0.5,0.4,-11.47,-4.6,0.0,-4.26,41.0,8.0,12.0,0.4,0.5,0.4,990.5,998.5,1007.31,997.77,41.0,9.56,12.0,0.4,0.5,0.4,2.5,6.0,8.0,5.5,42.0,2.8,12.0,0.4,0.5,0.4,-262.8,-7.2,42.9,-72.3,41.0,171.1,12.0,0.4,0.5,0.4,-151.2,-42.2,0.0,-59.5,41.0,145.1,12.0,0.4,0.5,0.4,0.41,4.85,8.8,4.77,18.0,3.79,12.0,0.3,0.6,0.6,8.1,30.6,57.6,31.7,17.0,28.8,10.0,0.4,0.6,0.6,4.68,4.68,4.68,4.68,1.0,0.0,10.0,1.0,0.1,0.3,38.4,38.4,38.4,38.4,1.0,0.0,10.0,1.0,0.1,0.3,-19.4,0.0,12.6,-0.4,39.0,29.2,12.0,0.4,0.5,0.4,-34.0,0.0,28.7,4.5,39.0,40.3,12.0,0.4,0.5,0.4,-2.1,-2.1,-2.1,-2.1,1.0,0.0,10.0,1.0,0.1,0.3,-12.1,-12.1,-12.1,-12.1,1.0,0.0,10.0,1.0,0.1,0.3,-6.7,-6.7,-6.7,-6.7,1.0,0.0,10.0,1.0,0.1,0.3,-37.8,-37.8,-37.8,-37.8,1.0,0.0,10.0,1.0,0.1,0.3,97.5,1000.0,5743.0,2946.0,41.0,4331.0,12.0,0.4,0.5,0.4,95.0,1000.0,5745.0,2945.0,41.0,4330.0,12.0,0.4,0.5,0.4
1974,2,342.0,66.0,2.06,2.2,2.34,2.2,2.0,0.28,2.0,0.5,0.4,0.6,-1.99,0.3,2.17,0.1,4.0,3.04,8.0,0.3,0.5,0.5,3.43,3.43,3.43,3.43,1.0,0.0,4.0,1.0,0.1,0.7,69.8,69.8,69.8,69.8,1.0,0.0,4.0,1.0,0.7,8.41,12.85,15.98,12.23,4.0,4.57,8.0,0.3,0.5,0.5,-13.23,-6.71,-3.43,-8.26,4.0,6.14,8.0,0.3,0.5,0.5,-10.79,-7.74,-4.26,-7.54,4.0,3.98,8.0,0.3,0.5,0.5,988.06,1003.45,1009.15,998.83,4.0,15.08,8.0,0.3,0.5,0.5,8.0,8.0,8.0,8.0,3.0,0.0,6.0,0.3,0.5,0.6,-213.0,-94.4,-29.0,-119.8,4.0,114.8,8.0,0.3,0.5,0.5,-142.6,-73.5,-42.9,-91.9,4.0,65.6,8.0,0.3,0.5,0.5,-0.79,0.1,0.99,0.1,2.0,1.84,2.0,0.5,0.4,0.6,-14.4,-2.7,9.0,-2.7,2.0,24.2,2.0,0.5,0.4,0.6,1.09,1.09,1.09,1.09,1.0,0.0,4.0,1.0,0.1,0.7,17.9,17.9,17.9,17.9,1.0,0.0,4.0,1.0,0.1,0.7,-31.7,-1.1,6.7,-12.0,4.0,31.7,8.0,0.3,0.5,0.5,-8.2,-2.9,11.6,1.5,4.0,14.3,8.0,0.3,0.5,0.5,-55.8,-55.8,-55.8,-55.8,1.0,0.0,4.0,1.0,0.1,0.7,-9.8,-9.8,-9.8,-9.8,1.0,0.0,4.0,1.0,0.1,0.7,-17.7,-17.7,-17.7,-17.7,1.0,0.0,4.0,1.0,0.1,0.7,-3.1,-3.1,-3.1,-3.1,1.0,0.0,4.0,1.0,0.1,0.7,678.0,2372.5,4092.5,2384.5,4.0,2005.0,8.0,0.3,0.5,0.5,680.0,2370.0,4090.0,2385.0,4.0,2005.0,8.0,0.3,0.5,0.5
1974,2,342.0,67.0,,,,,,,,,,,,,,,,,,,,,,,,,,,,,,,,,,,,,,,,4.6,4.6,4.6,4.6,1.0,0.0,18.0,1.0,0.7,0.7,-2.96,-2.96,-2.96,-2.96,1.0,0.0,18.0,1.0,0.7,0.7,3.52,3.52,3.52,3.52,1.0,0.0,18.0,1.0,0.7,0.7,1004.4,1004.4,1004.4,1004.4,1.0,0.0,18.0,1.0,0.7,0.7,,,,,,,,,,,,,,,,,,,,,,,,,,,,,,,,,,,,,,,,,,,,,,,,,,,,,,,,,,,,,,,,,,,,,,,,,,,,,,,,,,,,,,,,,,,,,,,,,,,,,,,,,,,,,,,,,,,,,,,,,,,,,,,,,,,,,,,,,,,,,,,,,,,,,,
1974,2,342.0,68.0,-0.8,-0.8,-0.8,-0.8,1.0,0.0,24.0,1.0,1.0,0.5,-8.2,-8.2,-8.2,-8.2,1.0,0.0,24.0,1.0,1.0,0.5,1.57,1.57,1.57,1.57,1.0,0.0,24.0,1.0,1.0,0.5,77.1,77.1,77.1,77.1,1.0,0.0,24.0,1.0,0.5,11.3,11.3,11.3,11.3,1.0,0.0,24.0,1.0,1.0,0.5,-7.26,-7.26,-7.26,-7.26,1.0,0.0,24.0,1.0,1.0,0.5,-8.66,-8.66,-8.66,-8.66,1.0,0.0,24.0,1.0,1.0,0.5,1014.0,1014.0,1014.0,1014.0,1.0,0.0,24.0,1.0,1.0,0.5,8.0,8.0,8.0,8.0,1.0,0.0,24.0,1.0,1.0,0.5,-82.1,-82.1,-82.1,-82.1,1.0,0.0,24.0,1.0,1.0,0.5,-97.8,-97.8,-97.8,-97.8,1.0,0.0,24.0,1.0,1.0,0.5,7.4,7.4,7.4,7.4,1.0,0.0,24.0,1.0,1.0,0.5,83.6,83.6,83.6,83.6,1.0,0.0,24.0,1.0,1.0,0.5,1.99,1.99,1.99,1.99,1.0,0.0,24.0,1.0,1.0,0.5,22.5,22.5,22.5,22.5,1.0,0.0,24.0,1.0,1.0,0.5,59.6,59.6,59.6,59.6,1.0,0.0,24.0,1.0,1.0,0.5,71.0,71.0,71.0,71.0,1.0,0.0,24.0,1.0,1.0,0.5,-11.4,-11.4,-11.4,-11.4,1.0,0.0,24.0,1.0,1.0,0.5,-13.6,-13.6,-13.6,-13.6,1.0,0.0,24.0,1.0,1.0,0.5,-14.5,-14.5,-14.5,-14.5,1.0,0.0,24.0,1.0,1.0,0.5,-17.2,-17.2,-17.2,-17.2,1.0,0.0,24.0,1.0,1.0,0.5,1443.0,1443.0,1443.0,1443.0,1.0,0.0,24.0,1.0,1.0,0.5,1445.0,1445.0,1445.0,1445.0,1.0,0.0,24.0,1.0,1.0,0.5
1974,2,343.0,-42.0,14.5,14.5,14.5,14.5,1.0,0.0,4.0,1.0,1.0,1.0,13.0,13.0,13.0,13.0,1.0,0.0,4.0,1.0,1.0,1.0,8.05,8.05,8.05,8.05,1.0,0.0,4.0,1.0,1.0,1.0,87.6,87.6,87.6,87.6,1.0,0.0,4.0,1.0,1.0,12.9,12.9,12.9,12.9,1.0,0.0,4.0,1.0,1.0,1.0,9.88,9.88,9.88,9.88,1.0,0.0,4.0,1.0,1.0,1.0,8.29,8.29,8.29,8.29,1.0,0.0,4.0,1.0,1.0,1.0,1023.5,1023.5,1023.5,1023.5,1.0,0.0,4.0,1.0,1.0,1.0,8.0,8.0,8.0,8.0,1.0,0.0,4.0,1.0,1.0,1.0,127.5,127.5,127.5,127.5,1.0,0.0,4.0,1.0,1.0,1.0,107.0,107.0,107.0,107.0,1.0,0.0,4.0,1.0,1.0,1.0,1.5,1.5,1.5,1.5,1.0,0.0,4.0,1.0,1.0,1.0,19.4,19.4,19.4,19.4,1.0,0.0,4.0,1.0,1.0,1.0,2.09,2.09,2.09,2.09,1.0,0.0,4.0,1.0,1.0,1.0,26.9,26.9,26.9,26.9,1.0,0.0,4.0,1.0,1.0,1.0,128.5,128.5,128.5,128.5,1.0,0.0,4.0,1.0,1.0,1.0,107.8,107.8,107.8,107.8,1.0,0.0,4.0,1.0,1.0,1.0,79.5,79.5,79.5,79.5,1.0,0.0,4.0,1.0,1.0,1.0,66.7,66.7,66.7,66.7,1.0,0.0,4.0,1.0,1.0,1.0,20.6,20.6,20.6,20.6,1.0,0.0,4.0,1.0,1.0,1.0,17.3,17.3,17.3,17.3,1.0,0.0,4.0,1.0,1.0,1.0,2146.5,2146.5,2146.5,2146.5,1.0,0.0,4.0,1.0,1.0,1.0,2145.0,2145.0,2145.0,2145.0,1.0,0.0,4.0,1.0,1.0,1.0
1974,2,343.0,-36.0,22.4,22.4,22.4,22.4,1.0,0.0,6.0,1.0,0.5,0.3,21.0,21.0,21.0,21.0,1.0,0.0,6.0,1.0,0.5,0.3,10.27,10.27,10.27,10.27,1.0,0.0,6.0,1.0,0.5,0.3,67.2,67.2,67.2,67.2,1.0,0.0,6.0,1.0,0.3,2.6,2.6,2.6,2.6,1.0,0.0,6.0,1.0,0.5,0.3,-1.99,-1.99,-1.99,-1.99,1.0,0.0,6.0,1.0,0.5,0.3,1.67,1.67,1.67,1.67,1.0,0.0,6.0,1.0,0.5,0.3,1023.0,1023.0,1023.0,1023.0,1.0,0.0,6.0,1.0,0.5,0.3,2.0,2.0,2.0,2.0,1.0,0.0,6.0,1.0,0.5,0.3,-5.2,-5.2,-5.2,-5.2,1.0,0.0,6.0,1.0,0.5,0.3,4.3,4.3,4.3,4.3,1.0,0.0,6.0,1.0,0.5,0.3,1.4,1.4,1.4,1.4,1.0,0.0,6.0,1.0,0.5,0.3,3.6,3.6,3.6,3.6,1.0,0.0,6.0,1.0,0.5,0.3,6.44,6.44,6.44,6.44,1.0,0.0,6.0,1.0,0.5,0.3,16.7,16.7,16.7,16.7,1.0,0.0,6.0,1.0,0.5,0.3,-41.8,-41.8,-41.8,-41.8,1.0,0.0,6.0,1.0,0.5,0.3,35.1,35.1,35.1,35.1,1.0,0.0,6.0,1.0,0.5,0.3,-20.5,-20.5,-20.5,-20.5,1.0,0.0,6.0,1.0,0.5,0.3,17.2,17.2,17.2,17.2,1.0,0.0,6.0,1.0,0.5,0.3,-12.8,-12.8,-12.8,-12.8,1.0,0.0,6.0,1.0,0.5,0.3,10.8,10.8,10.8,10.8,1.0,0.0,6.0,1.0,0.5,0.3,17.5,17.5,17.5,17.5,1.0,0.0,6.0,1.0,0.5,0.3,20.0,20.0,20.0,20.0,1.0,0.0,6.0,1.0,0.5,0.3
1974,2,343.0,-35.0,23.5,23.5,23.5,23.5,1.0,0.0,18.0,0.0,0.2,0.7,24.1,24.1,24.1,24.1,1.0,0.0,18.0,0.0,0.2,0.7,15.34,15.34,15.34,15.34,1.0,0.0,18.0,0.0,0.2,0.7,81.8,81.8,81.8,81.8,1.0,0.0,18.0,0.0,0.7,9.8,9.8,9.8,9.8,1.0,0.0,18.0,0.0,0.2,0.7,4.9,4.9,4.9,4.9,1.0,0.0,18.0,0.0,0.2,0.7,-8.49,-8.49,-8.49,-8.49,1.0,0.0,18.0,0.0,0.2,0.7,1009.3,1009.3,1009.3,1009.3,1.0,0.0,18.0,0.0,0.2,0.7,4.0,4.0,4.0,4.0,1.0,0.0,18.0,0.0,0.2,0.7,48.0,48.0,48.0,48.0,1.0,0.0,18.0,0.0,0.2,0.7,-83.2,-83.2,-83.2,-83.2,1.0,0.0,18.0,0.0,0.2,0.7,-0.6,-0.6,-0.6,-0.6,1.0,0.0,18.0,0.0,0.2,0.7,-5.9,-5.9,-5.9,-5.9,1.0,0.0,18.0,0.0,0.2,0.7,2.78,2.78,2.78,2.78,1.0,0.0,18.0,0.0,0.2,0.7,27.2,27.2,27.2,27.2,1.0,0.0,18.0,0.0,0.2,0.7,118.1,118.1,118.1,118.1,1.0,0.0,18.0,0.0,0.2,0.7,-204.5,-204.5,-204.5,-204.5,1.0,0.0,18.0,0.0,0.2,0.7,75.2,75.2,75.2,75.2,1.0,0.0,18.0,0.0,0.2,0.7,-130.2,-130.2,-130.2,-130.2,1.0,0.0,18.0,0.0,0.2,0.7,13.6,13.6,13.6,13.6,1.0,0.0,18.0,0.0,0.2,0.7,-23.6,-23.6,-23.6,-23.6,1.0,0.0,18.0,0.0,0.2,0.7,941.0,941.0,941.0,941.0,1.0,0.0,18.0,0.0,0.2,0.7,940.0,940.0,940.0,940.0,1.0,0.0,18.0,0.0,0.2,0.7
1974,2,343.0,-34.0,21.8,21.8,21.8,21.8,1.0,0.0,12.0,0.0,0.2,0.4,22.4,22.4,22.4,22.4,1.0,0.0,12.0,0.0,0.2,0.4,14.75,14.75,14.75,14.75,1.0,0.0,12.0,0.0,0.2,0.4,87.9,87.9,87.9,87.9,1.0,0.0,12.0,0.0,0.4,7.7,7.7,7.7,7.7,1.0,0.0,12.0,0.0,0.2,0.4,7.24,7.24,7.24,7.24,1.0,0.0,12.0,0.0,0.2,0.4,-2.63,-2.63,-2.63,-2.63,1.0,0.0,12.0,0.0,0.2,0.4,1018.0,1018.0,1018.0,1018.0,1.0,0.0,12.0,0.0,0.2,0.4,5.0,5.0,5.0,5.0,1.0,0.0,12.0,0.0,0.2,0.4,55.7,55.7,55.7,55.7,1.0,0.0,12.0,0.0,0.2,0.4,-20.3,-20.3,-20.3,-20.3,1.0,0.0,12.0,0.0,0.2,0.4,-0.6,-0.6,-0.6,-0.6,1.0,0.0,12.0,0.0,0.2,0.4,-4.6,-4.6,-4.6,-4.6,1.0,0.0,12.0,0.0,0.2,0.4,1.44,1.44,1.44,1.44,1.0,0.0,12.0,0.0,0.2,0.4,11.1,11.1,11.1,11.1,1.0,0.0,12.0,0.0,0.2,0.4,162.1,162.1,162.1,162.1,1.0,0.0,12.0,0.0,0.2,0.4,-59.0,-59.0,-59.0,-59.0,1.0,0.0,12.0,0.0,0.2,0.4,106.7,106.7,106.7,106.7,1.0,0.0,12.0,0.0,0.2,0.4,-38.8,-38.8,-38.8,-38.8,1.0,0.0,12.0,0.0,0.2,0.4,10.4,10.4,10.4,10.4,1.0,0.0,12.0,0.0,0.2,0.4,-3.8,-3.8,-3.8,-3.8,1.0,0.0,12.0,0.0,0.2,0.4,456.5,456.5,456.5,456.5,1.0,0.0,12.0,0.0,0.2,0.4,455.0,455.0,455.0,455.0,1.0,0.0,12.0,0.0,0.2,0.4
1974,2,343.0,-33.0,23.0,23.0,23.0,23.0,1.0,0.0,12.0,0.0,0.7,0.3,20.8,20.8,20.8,20.8,1.0,0.0,12.0,0.0,0.7,0.3,10.68,10.68,10.68,10.68,1.0,0.0,12.0,0.0,0.7,0.3,70.3,70.3,70.3,70.3,1.0,0.0,12.0,0.0,0.3,5.1,5.1,5.1,5.1,1.0,0.0,12.0,0.0,0.7,0.3,5.1,5.1,5.1,5.1,1.0,0.0,12.0,0.0,0.7,0.3,0.0,0.0,0.0,0.0,1.0,0.0,12.0,0.0,0.7,0.3,1016.9,1016.9,1016.9,1016.9,1.0,0.0,12.0,0.0,0.7,0.3,8.0,8.0,8.0,8.0,1.0,0.0,12.0,0.0,0.7,0.3,26.0,26.0,26.0,26.0,1.0,0.0,12.0,0.0,0.7,0.3,0.0,0.0,0.0,0.0,1.0,0.0,12.0,0.0,0.7,0.3,2.2,2.2,2.2,2.2,1.0,0.0,12.0,0.0,0.7,0.3,11.2,11.2,11.2,11.2,1.0,0.0,12.0,0.0,0.7,0.3,6.77,6.77,6.77,6.77,1.0,0.0,12.0,0.0,0.7,0.3,34.5,34.5,34.5,34.5,1.0,0.0,12.0,0.0,0.7,0.3,106.1,106.1,106.1,106.1,1.0,0.0,12.0,0.0,0.7,0.3,0.0,0.0,0.0,0.0,1.0,0.0,12.0,0.0,0.7,0.3,54.4,54.4,54.4,54.4,1.0,0.0,12.0,0.0,0.7,0.3,0.0,0.0,0.0,0.0,1.0,0.0,12.0,0.0,0.7,0.3,34.5,34.5,34.5,34.5,1.0,0.0,12.0,0.0,0.7,0.3,0.0,0.0,0.0,0.0,1.0,0.0,12.0,0.0,0.7,0.3,132.5,132.5,132.5,132.5,1.0,0.0,12.0,0.0,0.7,0.3,135.0,135.0,135.0,135.0,1.0,0.0,12.0,0.0,0.7,0.3
1974,2,343.0,-28.0,25.0,25.0,25.0,25.0,1.0,0.0,18.0,1.0,0.4,0.9,24.8,24.8,24.8,24.8,1.0,0.0,18.0,1.0,0.4,0.9,12.31,12.31,12.31,12.31,1.0,0.0,18.0,1.0,0.4,0.9,63.5,63.5,63.5,63.5,1.0,0.0,18.0,1.0,0.9,2.6,2.6,2.6,2.6,1.0,0.0,18.0,1.0,0.4,0.9,1.3,1.3,1.3,1.3,1.0,0.0,18.0,1.0,0.4,0.9,-2.25,-2.25,-2.25,-2.25,1.0,0.0,18.0,1.0,0.4,0.9,1016.0,1016.0,1016.0,1016.0,1.0,0.0,18.0,1.0,0.4,0.9,2.0,2.0,2.0,2.0,1.0,0.0,18.0,1.0,0.4,0.9,3.4,3.4,3.4,3.4,1.0,0.0,18.0,1.0,0.4,0.9,-5.9,-5.9,-5.9,-5.9,1.0,0.0,18.0,1.0,0.4,0.9,0.2,0.2,0.2,0.2,1.0,0.0,18.0,1.0,0.4,0.9,0.5,0.5,0.5,0.5,1.0,0.0,18.0,1.0,0.4,0.9,7.41,7.41,7.41,7.41,1.0,0.0,18.0,1.0,0.4,0.9,19.3,19.3,19.3,19.3,1.0,0.0,18.0,1.0,0.4,0.9,32.2,32.2,32.2,32.2,1.0,0.0,18.0,1.0,0.4,0.9,-55.8,-55.8,-55.8,-55.8,1.0,0.0,18.0,1.0,0.4,0.9,16.0,16.0,16.0,16.0,1.0,0.0,18.0,1.0,0.4,0.9,-27.7,-27.7,-27.7,-27.7,1.0,0.0,18.0,1.0,0.4,0.9,9.6,9.6,9.6,9.6,1.0,0.0,18.0,1.0,0.4,0.9,-16.7,-16.7,-16.7,-16.7,1.0,0.0,18.0,1.0,0.4,0.9,17.5,17.5,17.5,17.5,1.0,0.0,18.0,1.0,0.4,0.9,20.0,20.0,20.0,20.0,1.0,0.0,18.0,1.0,0.4,0.9
1974,2,343.0,-27.0,25.7,25.7,25.7,25.7,1.0,0.0,10.0,1.0,0.6,0.3,24.8,24.8,24.8,24.8,1.0,0.0,10.0,1.0,0.6,0.3,14.19,14.19,14.19,14.19,1.0,0.0,10.0,1.0,0.6,0.3,73.3,73.3,73.3,73.3,1.0,0.0,10.0,1.0,0.3,7.7,7.7,7.7,7.7,1.0,0.0,10.0,1.0,0.6,0.3,-6.67,-6.67,-6.67,-6.67,1.0,0.0,10.0,1.0,0.6,0.3,3.85,3.85,3.85,3.85,1.0,0.0,10.0,1.0,0.6,0.3,1018.8,1018.8,1018.8,1018.8,1.0,0.0,10.0,1.0,0.6,0.3,4.0,4.0,4.0,4.0,1.0,0.0,10.0,1.0,0.6,0.3,-51.3,-51.3,-51.3,-51.3,1.0,0.0,10.0,1.0,0.6,0.3,29.6,29.6,29.6,29.6,1.0,0.0,10.0,1.0,0.6,0.3,0.9,0.9,0.9,0.9,1.0,0.0,10.0,1.0,0.6,0.3,6.9,6.9,6.9,6.9,1.0,0.0,10.0,1.0,0.6,0.3,6.32,6.32,6.32,6.32,1.0,0.0,10.0,1.0,0.6,0.3,48.7,48.7,48.7,48.7,1.0,0.0,10.0,1.0,0.6,0.3,-165.4,-165.4,-165.4,-165.4,1.0,0.0,10.0,1.0,0.6,0.3,95.5,95.5,95.5,95.5,1.0,0.0,10.0,1.0,0.6,0.3,-94.6,-94.6,-94.6,-94.6,1.0,0.0,10.0,1.0,0.6,0.3,54.6,54.6,54.6,54.6,1.0,0.0,10.0,1.0,0.6,0.3,-42.1,-42.1,-42.1,-42.1,1.0,0.0,10.0,1.0,0.6,0.3,24.3,24.3,24.3,24.3,1.0,0.0,10.0,1.0,0.6,0.3,456.5,456.5,456.5,456.5,1.0,0.0,10.0,1.0,0.6,0.3,455.0,455.0,455.0,455.0,1.0,0.0,10.0,1.0,0.6,0.3
1974,2,343.0,-23.0,24.8,24.8,24.8,24.8,1.0,0.0,18.0,0.0,0.3,0.4,24.8,24.8,24.8,24.8,1.0,0.0,18.0,0.0,0.3,0.4,13.79,13.79,13.79,13.79,1.0,0.0,18.0,0.0,0.3,0.4,71.0,71.0,71.0,71.0,1.0,0.0,18.0,0.0,0.4,3.1,3.1,3.1,3.1,1.0,0.0,18.0,0.0,0.3,0.4,-3.1,-3.1,-3.1,-3.1,1.0,0.0,18.0,0.0,0.3,0.4,0.0,0.0,0.0,0.0,1.0,0.0,18.0,0.0,0.3,0.4,1016.3,1016.3,1016.3,1016.3,1.0,0.0,18.0,0.0,0.3,0.4,7.0,7.0,7.0,7.0,1.0,0.0,18.0,0.0,0.3,0.4,-9.6,-9.6,-9.6,-9.6,1.0,0.0,18.0,0.0,0.3,0.4,0.0,0.0,0.0,0.0,1.0,0.0,18.0,0.0,0.3,0.4,0.0,0.0,0.0,0.0,1.0,0.0,18.0,0.0,0.3,0.4,0.0,0.0,0.0,0.0,1.0,0.0,18.0,0.0,0.3,0.4,5.69,5.69,5.69,5.69,1.0,0.0,18.0,0.0,0.3,0.4,17.6,17.6,17.6,17.6,1.0,0.0,18.0,0.0,0.3,0.4,-76.9,-76.9,-76.9,-76.9,1.0,0.0,18.0,0.0,0.3,0.4,0.0,0.0,0.0,0.0,1.0,0.0,18.0,0.0,0.3,0.4,-42.7,-42.7,-42.7,-42.7,1.0,0.0,18.0,0.0,0.3,0.4,0.0,0.0,0.0,0.0,1.0,0.0,18.0,0.0,0.3,0.4,-17.6,-17.6,-17.6,-17.6,1.0,0.0,18.0,0.0,0.3,0.4,0.0,0.0,0.0,0.0,1.0,0.0,18.0,0.0,0.3,0.4,30.0,30.0,30.0,30.0,1.0,0.0,18.0,0.0,0.3,0.4,30.0,30.0,30.0,30.0,1.0,0.0,18.0,0.0,0.3,0.4
1974,2,343.0,-22.0,25.6,25.6,25.6,25.6,1.0,0.0,14.0,0.0,0.7,1.0,24.4,24.4,24.4,24.4,1.0,0.0,14.0,0.0,0.7,1.0,15.83,15.83,15.83,15.83,1.0,0.0,14.0,0.0,0.7,1.0,83.4,83.4,83.4,83.4,1.0,0.0,14.0,0.0,1.0,4.1,4.1,4.1,4.1,1.0,0.0,14.0,0.0,0.7,1.0,-3.55,-3.55,-3.55,-3.55,1.0,0.0,14.0,0.0,0.7,1.0,2.05,2.05,2.05,2.05,1.0,0.0,14.0,0.0,0.7,1.0,1015.6,1015.6,1015.6,1015.6,1.0,0.0,14.0,0.0,0.7,1.0,2.0,2.0,2.0,2.0,1.0,0.0,14.0,0.0,0.7,1.0,-14.6,-14.6,-14.6,-14.6,1.0,0.0,14.0,0.0,0.7,1.0,8.4,8.4,8.4,8.4,1.0,0.0,14.0,0.0,0.7,1.0,1.2,1.2,1.2,1.2,1.0,0.0,14.0,0.0,0.7,1.0,4.9,4.9,4.9,4.9,1.0,0.0,14.0,0.0,0.7,1.0,4.63,4.63,4.63,4.63,1.0,0.0,14.0,0.0,0.7,1.0,19.0,19.0,19.0,19.0,1.0,0.0,14.0,0.0,0.7,1.0,-86.6,-86.6,-86.6,-86.6,1.0,0.0,14.0,0.0,0.7,1.0,50.0,50.0,50.0,50.0,1.0,0.0,14.0,0.0,0.7,1.0,-56.2,-56.2,-56.2,-56.2,1.0,0.0,14.0,0.0,0.7,1.0,32.4,32.4,32.4,32.4,1.0,0.0,14.0,0.0,0.7,1.0,-16.4,-16.4,-16.4,-16.4,1.0,0.0,14.0,0.0,0.7,1.0,9.5,9.5,9.5,9.5,1.0,0.0,14.0,0.0,0.7,1.0,69.0,69.0,69.0,69.0,1.0,0.0,14.0,0.0,0.7,1.0,70.0,70.0,70.0,70.0,1.0,0.0,14.0,0.0,0.7,1.0
1974,2,343.0,-19.0,25.6,25.6,25.6,25.6,1.0,0.0,18.0,1.0,0.9,0.1,25.0,25.0,25.0,25.0,1.0,0.0,18.0,1.0,0.9,0.1,17.2,17.2,17.2,17.2,1.0,0.0,18.0,1.0,0.9,0.1,87.1,87.1,87.1,87.1,1.0,0.0,18.0,1.0,0.1,6.2,6.2,6.2,6.2,1.0,0.0,18.0,1.0,0.9,0.1,-6.2,-6.2,-6.2,-6.2,1.0,0.0,18.0,1.0,0.9,0.1,0.0,0.0,0.0,0.0,1.0,0.0,18.0,1.0,0.9,0.1,1012.5,1012.5,1012.5,1012.5,1.0,0.0,18.0,1.0,0.9,0.1,7.0,7.0,7.0,7.0,1.0,0.0,18.0,1.0,0.9,0.1,-38.4,-38.4,-38.4,-38.4,1.0,0.0,18.0,1.0,0.9,0.1,0.0,0.0,0.0,0.0,1.0,0.0,18.0,1.0,0.9,0.1,0.6,0.6,0.6,0.6,1.0,0.0,18.0,1.0,0.9,0.1,3.7,3.7,3.7,3.7,1.0,0.0,18.0,1.0,0.9,0.1,3.31,3.31,3.31,3.31,1.0,0.0,18.0,1.0,0.9,0.1,20.6,20.6,20.6,20.6,1.0,0.0,18.0,1.0,0.9,0.1,-155.0,-155.0,-155.0,-155.0,1.0,0.0,18.0,1.0,0.9,0.1,0.0,0.0,0.0,0.0,1.0,0.0,18.0,1.0,0.9,0.1,-106.6,-106.6,-106.6,-106.6,1.0,0.0,18.0,1.0,0.9,0.1,0.0,0.0,0.0,0.0,1.0,0.0,18.0,1.0,0.9,0.1,-20.6,-20.6,-20.6,-20.6,1.0,0.0,18.0,1.0,0.9,0.1,0.0,0.0,0.0,0.0,1.0,0.0,18.0,1.0,0.9,0.1,238.5,238.5,238.5,238.5,1.0,0.0,18.0,1.0,0.9,0.1,240.0,240.0,240.0,240.0,1.0,0.0,18.0,1.0,0.9,0.1
1974,2,343.0,-18.0,,,,,,,,,,,,,,,,,,,,,,,,,,,,,,,,,,,,,,,,6.11,8.5,10.89,8.5,2.0,4.95,18.0,0.0,0.7,0.4,-10.89,-8.5,-6.11,-8.5,2.0,4.95,18.0,0.0,0.7,0.4,0.0,0.0,0.0,0.0,2.0,0.0,18.0,0.0,0.7,0.4,1016.43,1016.5,1016.57,1016.5,2.0,0.14,18.0,0.0,0.7,0.4,,,,,,,,,,,,,,,,,,,,,,,,,,,,,,,,,,,,,,,,,,,,,,,,,,,,,,,,,,,,,,,,,,,,,,,,,,,,,,,,,,,,,,,,,,,,,,,,,,,,,,,,,,,,,,,,,,,,,,,,,,,,,,,,,,,,,,,,,,,,,,,,,,,,,,
1974,2,343.0,-17.0,23.87,25.0,25.87,24.88,4.0,1.26,18.0,0.8,0.9,0.6,24.89,25.0,26.66,25.7,5.0,1.27,18.0,0.6,0.8,0.6,14.46,15.46,15.48,14.98,3.0,0.86,20.0,0.3,0.9,0.7,68.1,78.5,83.4,76.4,5.0,11.4,18.0,0.6,0.6,3.42,4.6,7.33,5.36,5.0,2.5,18.0,0.6,0.8,0.6,-6.41,-4.53,-3.35,-5.02,5.0,2.5,18.0,0.6,0.8,0.6,0.0,0.8,2.13,1.17,5.0,1.64,18.0,0.6,0.8,0.6,1013.04,1014.2,1014.2,1013.63,3.0,0.98,20.0,0.3,0.9,0.7,1.0,3.0,3.0,2.2,5.0,1.1,18.0,0.6,0.8,0.6,-50.3,-20.8,-11.5,-31.8,5.0,31.6,18.0,0.6,0.8,0.6,0.0,3.3,11.4,6.3,5.0,10.4,18.0,0.6,0.8,0.6,-1.5,-0.95,-0.5,-1.0,4.0,0.58,18.0,0.8,0.9,0.6,-6.9,-3.6,-2.0,-4.4,4.0,3.2,18.0,0.8,0.9,0.6,3.73,3.77,3.81,3.77,2.0,0.08,18.0,0.5,1.0,0.8,18.1,20.4,22.7,20.4,2.0,4.7,18.0,0.5,1.0,0.8,-159.4,-113.3,-89.0,-127.5,5.0,60.5,18.0,0.6,0.8,0.6,0.0,20.0,54.7,29.6,5.0,40.6,18.0,0.6,0.8,0.6,-120.4,-70.2,-67.6,-93.5,3.0,43.6,20.0,0.3,0.9,0.7,3.9,12.4,42.0,22.7,3.0,29.3,20.0,0.3,0.9,0.7,-17.9,-17.5,-17.0,-17.5,2.0,1.0,18.0,0.5,1.0,0.8,4.9,9.1,13.3,9.1,2.0,8.7,18.0,0.5,1.0,0.8,40.5,97.5,445.0,243.5,5.0,324.0,18.0,0.6,0.8,0.6,40.0,95.0,445.0,245.0,5.0,325.0,18.0,0.6,0.8,0.6
1974,2,343.0,-16.0,24.4,24.4,24.4,24.4,1.0,0.0,4.0,0.0,0.3,0.7,22.2,22.2,22.2,22.2,1.0,0.0,4.0,0.0,0.3,0.7,15.1,15.1,15.1,15.1,1.0,0.0,4.0,0.0,0.3,0.7,90.7,90.7,90.7,90.7,1.0,0.0,4.0,0.0,0.7,7.7,7.7,7.7,7.7,1.0,0.0,4.0,0.0,0.3,0.7,-7.24,-7.24,-7.24,-7.24,1.0,0.0,4.0,0.0,0.3,0.7,2.63,2.63,2.63,2.63,1.0,0.0,4.0,0.0,0.3,0.7,1013.0,1013.0,1013.0,1013.0,1.0,0.0,4.0,0.0,0.3,0.7,1.0,1.0,1.0,1.0,1.0,0.0,4.0,0.0,0.3,0.7,-55.7,-55.7,-55.7,-55.7,1.0,0.0,4.0,0.0,0.3,0.7,20.3,20.3,20.3,20.3,1.0,0.0,4.0,0.0,0.3,0.7,2.2,2.2,2.2,2.2,1.0,0.0,4.0,0.0,0.3,0.7,16.9,16.9,16.9,16.9,1.0,0.0,4.0,0.0,0.3,0.7,3.97,3.97,3.97,3.97,1.0,0.0,4.0,0.0,0.3,0.7,30.6,30.6,30.6,30.6,1.0,0.0,4.0,0.0,0.3,0.7,-160.6,-160.6,-160.6,-160.6,1.0,0.0,4.0,0.0,0.3,0.7,58.5,58.5,58.5,58.5,1.0,0.0,4.0,0.0,0.3,0.7,-109.2,-109.2,-109.2,-109.2,1.0,0.0,4.0,0.0,0.3,0.7,39.8,39.8,39.8,39.8,1.0,0.0,4.0,0.0,0.3,0.7,-28.7,-28.7,-28.7,-28.7,1.0,0.0,4.0,0.0,0.3,0.7,10.5,10.5,10.5,10.5,1.0,0.0,4.0,0.0,0.3,0.7,456.5,456.5,456.5,456.5,1.0,0.0,4.0,0.0,0.3,0.7,455.0,455.0,455.0,455.0,1.0,0.0,4.0,0.0,0.3,0.7
1974,2,343.0,-15.0,25.6,25.6,25.6,25.6,1.0,0.0,8.0,0.0,1.0,1.0,25.6,25.6,25.6,25.6,1.0,0.0,8.0,0.0,1.0,1.0,16.76,16.76,16.76,16.76,1.0,0.0,8.0,0.0,1.0,1.0,82.0,82.0,82.0,82.0,1.0,0.0,8.0,0.0,1.0,8.2,8.2,8.2,8.2,1.0,0.0,8.0,0.0,1.0,1.0,-8.08,-8.08,-8.08,-8.08,1.0,0.0,8.0,0.0,1.0,1.0,1.42,1.42,1.42,1.42,1.0,0.0,8.0,0.0,1.0,1.0,1013.8,1013.8,1013.8,1013.8,1.0,0.0,8.0,0.0,1.0,1.0,2.0,2.0,2.0,2.0,1.0,0.0,8.0,0.0,1.0,1.0,-66.2,-66.2,-66.2,-66.2,1.0,0.0,8.0,0.0,1.0,1.0,11.7,11.7,11.7,11.7,1.0,0.0,8.0,0.0,1.0,1.0,0.0,0.0,0.0,0.0,1.0,0.0,8.0,0.0,1.0,1.0,0.0,0.0,0.0,0.0,1.0,0.0,8.0,0.0,1.0,1.0,3.73,3.73,3.73,3.73,1.0,0.0,8.0,0.0,1.0,1.0,30.6,30.6,30.6,30.6,1.0,0.0,8.0,0.0,1.0,1.0,-206.7,-206.7,-206.7,-206.7,1.0,0.0,8.0,0.0,1.0,1.0,36.5,36.5,36.5,36.5,1.0,0.0,8.0,0.0,1.0,1.0,-135.3,-135.3,-135.3,-135.3,1.0,0.0,8.0,0.0,1.0,1.0,23.9,23.9,23.9,23.9,1.0,0.0,8.0,0.0,1.0,1.0,-30.1,-30.1,-30.1,-30.1,1.0,0.0,8.0,0.0,1.0,1.0,5.3,5.3,5.3,5.3,1.0,0.0,8.0,0.0,1.0,1.0,551.5,551.5,551.5,551.5,1.0,0.0,8.0,0.0,1.0,1.0,550.0,550.0,550.0,550.0,1.0,0.0,8.0,0.0,1.0,1.0
1974,2,343.0,-14.0,25.69,26.1,26.51,26.1,2.0,0.85,24.0,0.5,0.3,0.6,25.63,27.4,29.17,27.4,2.0,3.68,24.0,0.5,0.3,0.6,16.12,16.56,17.01,16.56,2.0,0.93,24.0,0.5,0.3,0.6,64.8,74.2,83.7,74.2,2.0,19.6,24.0,0.5,0.6,8.2,8.2,8.2,8.2,1.0,0.0,28.0,1.0,0.3,0.7,-7.71,-7.71,-7.71,-7.71,1.0,0.0,28.0,1.0,0.3,0.7,2.8,2.8,2.8,2.8,1.0,0.0,28.0,1.0,0.3,0.7,1012.16,1014.0,1015.84,1014.0,2.0,3.82,24.0,0.5,0.3,0.6,2.5,3.5,4.5,3.5,2.0,2.1,24.0,0.5,0.3,0.6,-63.2,-63.2,-63.2,-63.2,1.0,0.0,28.0,1.0,0.3,0.7,23.0,23.0,23.0,23.0,1.0,0.0,28.0,1.0,0.3,0.7,-2.67,-1.3,0.07,-1.3,2.0,2.83,24.0,0.5,0.3,0.6,-27.1,-27.1,-27.1,-27.1,1.0,0.0,28.0,1.0,0.3,0.7,3.63,4.56,5.48,4.56,2.0,1.92,24.0,0.5,0.3,0.6,48.5,48.5,48.5,48.5,1.0,0.0,28.0,1.0,0.3,0.7,-231.2,-231.2,-231.2,-231.2,1.0,0.0,28.0,1.0,0.3,0.7,84.1,84.1,84.1,84.1,1.0,0.0,28.0,1.0,0.3,0.7,-122.6,-122.6,-122.6,-122.6,1.0,0.0,28.0,1.0,0.3,0.7,44.6,44.6,44.6,44.6,1.0,0.0,28.0,1.0,0.3,0.7,-45.6,-45.6,-45.6,-45.6,1.0,0.0,28.0,1.0,0.3,0.7,16.6,16.6,16.6,16.6,1.0,0.0,28.0,1.0,0.3,0.7,551.5,551.5,551.5,551.5,1.0,0.0,28.0,1.0,0.3,0.7,550.0,550.0,550.0,550.0,1.0,0.0,28.0,1.0,0.3,0.7
1974,2,343.0,-13.0,25.16,25.5,25.84,25.5,2.0,0.71,8.0,0.5,0.8,0.8,25.32,26.0,26.68,26.0,2.0,1.41,8.0,0.5,0.8,0.8,16.01,16.01,16.01,16.01,1.0,0.0,4.0,0.0,0.6,1.0,80.9,80.9,80.9,80.9,1.0,0.0,4.0,0.0,1.0,5.24,5.55,5.86,5.55,2.0,0.64,8.0,0.5,0.8,0.8,-5.5,-5.22,-4.93,-5.22,2.0,0.6,8.0,0.5,0.8,0.8,1.79,1.9,2.0,1.9,2.0,0.22,8.0,0.5,0.8,0.8,1010.9,1012.2,1013.5,1012.2,2.0,2.69,8.0,0.5,0.8,0.8,2.2,2.5,2.8,2.5,2.0,0.7,8.0,0.5,0.8,0.8,-32.3,-29.1,-25.9,-29.1,2.0,6.6,8.0,0.5,0.8,0.8,9.4,10.6,11.8,10.6,2.0,2.4,8.0,0.5,0.8,0.8,-0.84,-0.5,-0.16,-0.5,2.0,0.71,8.0,0.5,0.8,0.8,-5.0,-3.0,-1.0,-3.0,2.0,4.2,8.0,0.5,0.8,0.8,3.82,3.82,3.82,3.82,1.0,0.0,4.0,0.0,0.6,1.0,19.5,19.5,19.5,19.5,1.0,0.0,4.0,0.0,0.6,1.0,-147.1,-136.0,-125.0,-136.0,2.0,22.9,8.0,0.5,0.8,0.8,45.5,49.5,53.5,49.5,2.0,8.3,8.0,0.5,0.8,0.8,-76.7,-76.7,-76.7,-76.7,1.0,0.0,4.0,0.0,0.6,1.0,27.9,27.9,27.9,27.9,1.0,0.0,4.0,0.0,0.6,1.0,-18.3,-18.3,-18.3,-18.3,1.0,0.0,4.0,0.0,0.6,1.0,6.7,6.7,6.7,6.7,1.0,0.0,4.0,0.0,0.6,1.0,146.0,174.5,203.0,174.5,2.0,59.0,8.0,0.5,0.8,0.8,145.0,175.0,205.0,175.0,2.0,60.0,8.0,0.5,0.8,0.8
1974,2,343.0,-12.0,28.0,28.0,28.0,28.0,1.0,0.0,28.0,1.0,0.9,0.3,27.0,27.0,27.0,27.0,1.0,0.0,28.0,1.0,0.9,0.3,18.97,18.97,18.97,18.97,1.0,0.0,28.0,1.0,0.9,0.3,85.2,85.2,85.2,85.2,1.0,0.0,28.0,1.0,0.3,8.7,8.7,8.7,8.7,1.0,0.0,28.0,1.0,0.9,0.3,-7.53,-7.53,-7.53,-7.53,1.0,0.0,28.0,1.0,0.9,0.3,4.35,4.35,4.35,4.35,1.0,0.0,28.0,1.0,0.9,0.3,1012.1,1012.1,1012.1,1012.1,1.0,0.0,28.0,1.0,0.9,0.3,1.0,1.0,1.0,1.0,1.0,0.0,28.0,1.0,0.9,0.3,-65.5,-65.5,-65.5,-65.5,1.0,0.0,28.0,1.0,0.9,0.3,37.8,37.8,37.8,37.8,1.0,0.0,28.0,1.0,0.9,0.3,1.0,1.0,1.0,1.0,1.0,0.0,28.0,1.0,0.9,0.3,8.7,8.7,8.7,8.7,1.0,0.0,28.0,1.0,0.9,0.3,4.71,4.71,4.71,4.71,1.0,0.0,28.0,1.0,0.9,0.3,41.0,41.0,41.0,41.0,1.0,0.0,28.0,1.0,0.9,0.3,-203.4,-203.4,-203.4,-203.4,1.0,0.0,28.0,1.0,0.9,0.3,117.5,117.5,117.5,117.5,1.0,0.0,28.0,1.0,0.9,0.3,-142.9,-142.9,-142.9,-142.9,1.0,0.0,28.0,1.0,0.9,0.3,82.5,82.5,82.5,82.5,1.0,0.0,28.0,1.0,0.9,0.3,-35.5,-35.5,-35.5,-35.5,1.0,0.0,28.0,1.0,0.9,0.3,20.5,20.5,20.5,20.5,1.0,0.0,28.0,1.0,0.9,0.3,658.5,658.5,658.5,658.5,1.0,0.0,28.0,1.0,0.9,0.3,660.0,660.0,660.0,660.0,1.0,0.0,28.0,1.0,0.9,0.3
1974,2,343.0,-11.0,26.7,26.7,26.7,26.7,1.0,0.0,14.0,1.0,1.0,0.7,28.0,28.0,28.0,28.0,1.0,0.0,18.0,1.0,0.3,0.9,17.53,17.53,17.53,17.53,1.0,0.0,18.0,1.0,0.3,0.9,74.3,74.3,74.3,74.3,1.0,0.0,18.0,1.0,0.9,0.73,2.3,3.87,2.3,2.0,3.25,16.0,1.0,0.6,0.8,-3.64,-2.16,-0.69,-2.16,2.0,3.06,16.0,1.0,0.6,0.8,-1.32,-0.79,-0.25,-0.79,2.0,1.11,16.0,1.0,0.6,0.8,1012.24,1012.55,1012.86,1012.55,2.0,0.64,16.0,1.0,0.6,0.8,2.6,4.0,5.4,4.0,2.0,2.8,16.0,1.0,0.6,0.8,-16.7,-9.9,-3.2,-9.9,2.0,14.1,16.0,1.0,0.6,0.8,-6.1,-3.6,-1.1,-3.6,2.0,5.1,16.0,1.0,0.6,0.8,,,,,,,,,,,,,,,,,,,,,,,,,,,,,,,,,,,,,,,,,0.0,0.0,0.0,0.0,1.0,0.0,18.0,1.0,0.3,0.9,0.0,0.0,0.0,0.0,1.0,0.0,18.0,1.0,0.3,0.9,0.0,0.0,0.0,0.0,1.0,0.0,18.0,1.0,0.3,0.9,0.0,0.0,0.0,0.0,1.0,0.0,18.0,1.0,0.3,0.9,,,,,,,,,,,,,,,,,,,,,,,,,,,,,,,,,,,,,,,,
1974,2,343.0,-10.0,25.0,25.0,25.0,25.0,1.0,0.0,20.0,0.0,0.7,0.1,25.8,25.8,25.8,25.8,1.0,0.0,20.0,0.0,0.7,0.1,16.39,16.39,16.39,16.39,1.0,0.0,20.0,0.0,0.7,0.1,79.1,79.1,79.1,79.1,1.0,0.0,20.0,0.0,0.1,,,,,,,,,,,,,,,,,,,,,,,,,,,,,,,,,,,,,,,,,,,,,,,,,,,,,,,,,,,,,,,,,,,,,,,,,,,,,,,,,,,,,,,,,,,,,,,,,,,,,,,,,,,,,,,,,,,,,,,,,,,,,,,,,,,,,,,,,,,,,,,,,,,,,,,,,,,,,,,,,,,,,,,,,,,,,,,,,,,,,,,,,,,,,,
1974,2,343.0,-9.0,24.79,25.35,26.02,25.4,4.0,0.8,12.0,0.3,0.6,0.8,24.58,25.5,26.26,25.43,4.0,1.03,12.0,0.3,0.6,0.8,16.2,16.73,17.26,16.73,2.0,1.09,10.0,0.5,0.6,0.8,80.5,80.8,81.0,80.8,2.0,0.5,10.0,0.5,0.8,3.24,4.8,7.78,5.48,4.0,3.48,12.0,0.3,0.6,0.8,-6.2,-3.64,-2.44,-4.29,4.0,2.59,12.0,0.3,0.6,0.8,1.37,3.01,5.15,3.25,4.0,2.61,12.0,0.3,0.6,0.8,1008.45,1010.5,1012.55,1010.5,2.0,4.24,10.0,0.5,0.6,0.8,0.5,2.0,3.0,1.8,4.0,1.5,12.0,0.3,0.6,0.8,-52.9,-17.6,-8.5,-30.1,4.0,34.9,12.0,0.3,0.6,0.8,6.3,14.4,43.4,24.4,4.0,29.9,12.0,0.3,0.6,0.8,-0.86,0.5,0.76,-0.02,4.0,1.33,12.0,0.3,0.6,0.8,-4.4,2.7,5.4,0.6,4.0,6.9,12.0,0.3,0.6,0.8,2.15,3.17,4.19,3.17,2.0,2.11,10.0,0.5,0.6,0.8,14.1,27.9,41.6,27.9,2.0,28.5,10.0,0.5,0.6,0.8,-153.2,-91.6,-64.1,-107.9,4.0,63.5,12.0,0.3,0.6,0.8,33.5,76.9,131.2,82.1,4.0,65.6,12.0,0.3,0.6,0.8,-114.1,-88.8,-63.5,-88.8,2.0,52.4,10.0,0.5,0.6,0.8,68.6,83.7,98.7,83.7,2.0,31.1,10.0,0.5,0.6,0.8,-31.7,-20.9,-10.0,-20.9,2.0,22.5,10.0,0.5,0.6,0.8,9.9,18.4,26.9,18.4,2.0,17.7,10.0,0.5,0.6,0.8,50.5,111.0,632.0,331.0,4.0,510.5,12.0,0.3,0.6,0.8,50.0,110.0,630.0,330.0,4.0,510.0,12.0,0.3,0.6,0.8
1974,2,343.0,-8.0,28.8,28.8,28.8,28.8,1.0,0.0,22.0,0.0,0.3,0.5,26.7,26.7,26.7,26.7,1.0,0.0,22.0,0.0,0.3,0.5,17.15,17.15,17.15,17.15,1.0,0.0,22.0,0.0,0.3,0.5,78.2,78.2,78.2,78.2,1.0,0.0,22.0,0.0,0.5,5.1,5.1,5.1,5.1,1.0,0.0,22.0,0.0,0.3,0.5,-3.91,-3.91,-3.91,-3.91,1.0,0.0,22.0,0.0,0.3,0.5,3.28,3.28,3.28,3.28,1.0,0.0,22.0,0.0,0.3,0.5,1009.0,1009.0,1009.0,1009.0,1.0,0.0,22.0,0.0,0.3,0.5,,,,,,,,,,,,,,,,,,,,,,,,,,,,,,,2.1,2.1,2.1,2.1,1.0,0.0,22.0,0.0,0.3,0.5,10.7,10.7,10.7,10.7,1.0,0.0,22.0,0.0,0.3,0.5,7.75,7.75,7.75,7.75,1.0,0.0,22.0,0.0,0.3,0.5,39.5,39.5,39.5,39.5,1.0,0.0,22.0,0.0,0.3,0.5,-104.3,-104.3,-104.3,-104.3,1.0,0.0,22.0,0.0,0.3,0.5,87.5,87.5,87.5,87.5,1.0,0.0,22.0,0.0,0.3,0.5,-67.0,-67.0,-67.0,-67.0,1.0,0.0,22.0,0.0,0.3,0.5,56.2,56.2,56.2,56.2,1.0,0.0,22.0,0.0,0.3,0.5,-30.3,-30.3,-30.3,-30.3,1.0,0.0,22.0,0.0,0.3,0.5,25.4,25.4,25.4,25.4,1.0,0.0,22.0,0.0,0.3,0.5,132.5,132.5,132.5,132.5,1.0,0.0,22.0,0.0,0.3,0.5,135.0,135.0,135.0,135.0,1.0,0.0,22.0,0.0,0.3,0.5
1974,2,343.0,-7.0,24.94,25.9,26.86,25.9,2.0,1.98,10.0,0.0,1.0,0.7,25.86,26.0,26.14,26.0,2.0,0.28,10.0,0.0,1.0,0.7,18.3,18.3,18.3,18.3,1.0,0.0,2.0,0.0,1.0,0.3,86.1,86.1,86.1,86.1,1.0,0.0,2.0,0.0,0.3,4.84,6.65,8.46,6.65,2.0,3.75,10.0,0.0,1.0,0.7,-8.25,-6.31,-4.37,-6.31,2.0,4.03,10.0,0.0,1.0,0.7,-1.04,0.19,1.43,0.19,2.0,2.56,10.0,0.0,1.0,0.7,1009.04,1010.2,1011.36,1010.2,2.0,2.4,10.0,0.0,1.0,0.7,2.3,3.0,3.7,3.0,2.0,1.4,10.0,0.0,1.0,0.7,-73.9,-49.5,-25.2,-49.5,2.0,50.4,10.0,0.0,1.0,0.7,-11.4,-3.5,4.3,-3.5,2.0,16.3,10.0,0.0,1.0,0.7,-0.92,-0.1,0.72,-0.1,2.0,1.7,10.0,0.0,1.0,0.7,-2.8,2.5,7.8,2.5,2.0,10.9,10.0,0.0,1.0,0.7,4.43,4.43,4.43,4.43,1.0,0.0,2.0,0.0,1.0,0.3,41.2,41.2,41.2,41.2,1.0,0.0,2.0,0.0,1.0,0.3,-216.1,-164.7,-113.3,-164.7,2.0,106.5,10.0,0.0,1.0,0.7,-27.4,4.6,36.7,4.6,2.0,66.4,10.0,0.0,1.0,0.7,-167.6,-167.6,-167.6,-167.6,1.0,0.0,2.0,0.0,1.0,0.3,-29.5,-29.5,-29.5,-29.5,1.0,0.0,2.0,0.0,1.0,0.3,-40.6,-40.6,-40.6,-40.6,1.0,0.0,2.0,0.0,1.0,0.3,-7.2,-7.2,-7.2,-7.2,1.0,0.0,2.0,0.0,1.0,0.3,181.5,434.0,687.0,434.0,2.0,523.5,10.0,0.0,1.0,0.7,180.0,435.0,685.0,435.0,2.0,525.0,10.0,0.0,1.0,0.7
1974,2,343.0,-6.0,25.75,27.0,28.0,26.94,5.0,1.67,22.0,0.8,0.4,0.7,26.49,27.5,28.62,27.5,5.0,1.32,22.0,0.8,0.4,0.7,18.04,18.04,18.05,18.04,2.0,0.01,24.0,1.0,0.1,0.7,73.0,74.8,87.3,80.0,3.0,11.4,24.0,0.7,0.6,5.06,5.1,6.25,5.62,5.0,0.93,22.0,0.8,0.4,0.7,-4.82,-3.28,-2.4,-3.48,5.0,1.68,22.0,0.8,0.4,0.7,3.36,3.91,4.99,4.11,5.0,1.13,22.0,0.8,0.4,0.7,1007.21,1010.6,1013.72,1010.48,4.0,3.8,20.0,1.0,0.3,0.8,1.6,4.0,4.7,3.4,5.0,1.9,22.0,0.8,0.4,0.7,-28.8,-16.7,-12.3,-20.1,5.0,12.5,22.0,0.8,0.4,0.7,16.9,19.9,32.5,23.5,5.0,8.8,22.0,0.8,0.4,0.7,-2.26,-1.2,0.94,-0.56,5.0,2.55,22.0,0.8,0.4,0.7,-13.6,-6.8,4.9,-4.1,5.0,14.4,22.0,0.8,0.4,0.7,4.28,4.37,4.47,4.37,2.0,0.19,24.0,1.0,0.1,0.7,22.3,23.7,25.1,23.7,2.0,2.9,24.0,1.0,0.1,0.7,-127.2,-95.1,-65.4,-94.9,5.0,44.9,22.0,0.8,0.4,0.7,89.5,113.3,139.0,113.7,5.0,34.4,22.0,0.8,0.4,0.7,-52.6,-38.5,-24.4,-38.5,2.0,29.2,24.0,1.0,0.1,0.7,75.3,85.9,96.4,85.9,2.0,21.8,24.0,1.0,0.1,0.7,-12.4,-9.2,-6.0,-9.2,2.0,6.7,24.0,1.0,0.1,0.7,18.0,20.9,23.9,20.9,2.0,6.2,24.0,1.0,0.1,0.7,130.0,132.5,254.0,189.5,5.0,105.5,22.0,0.8,0.4,0.7,130.0,135.0,255.0,190.0,5.0,105.0,22.0,0.8,0.4,0.7
1974,2,343.0,-5.0,26.14,26.75,27.83,26.98,4.0,1.08,18.0,0.0,0.7,0.8,25.71,26.6,26.75,26.25,4.0,0.84,18.0,0.0,0.7,0.8,17.25,17.47,19.44,18.33,3.0,1.76,18.0,0.0,0.6,0.7,78.6,79.2,89.1,83.7,3.0,8.7,18.0,0.0,0.7,4.76,5.1,10.42,7.53,3.0,4.65,18.0,0.0,0.6,0.7,-6.7,-3.28,-3.06,-4.84,3.0,2.99,18.0,0.0,0.6,0.7,3.65,3.91,7.99,5.77,3.0,3.57,18.0,0.0,0.6,0.7,1007.45,1008.75,1009.05,1008.28,4.0,1.21,18.0,0.0,0.7,0.8,1.5,2.0,3.0,2.3,4.0,1.3,18.0,0.0,0.7,0.8,-78.3,-16.7,-14.6,-45.8,3.0,53.0,18.0,0.0,0.6,0.7,17.4,19.9,93.3,54.5,3.0,63.2,18.0,0.0,0.6,0.7,0.09,0.7,1.37,0.73,4.0,0.81,18.0,0.0,0.7,0.8,0.0,2.0,15.6,7.7,3.0,12.4,18.0,0.0,0.6,0.7,2.42,5.18,6.54,4.5,3.0,3.08,18.0,0.0,0.6,0.7,11.9,26.4,71.5,41.4,3.0,45.5,18.0,0.0,0.6,0.7,-179.0,-87.9,-81.4,-129.2,3.0,80.0,18.0,0.0,0.6,0.7,97.0,104.7,213.3,154.0,3.0,95.3,18.0,0.0,0.6,0.7,-116.2,-60.2,-58.2,-86.6,3.0,48.2,18.0,0.0,0.6,0.7,69.4,71.7,138.5,103.2,3.0,57.5,18.0,0.0,0.6,0.7,-46.0,-17.0,-7.7,-26.6,3.0,29.3,18.0,0.0,0.6,0.7,9.1,20.2,54.8,31.7,3.0,34.9,18.0,0.0,0.6,0.7,108.5,132.5,1507.5,792.0,3.0,1173.0,18.0,0.0,0.6,0.7,110.0,135.0,1505.0,790.0,3.0,1175.0,18.0,0.0,0.6,0.7
1974,2,343.0,-2.0,,,,,,,,,,,,,,,,,,,,,,,,,,,,,,,,,,,,,,,,5.0,5.0,5.0,5.0,1.0,0.0,16.0,1.0,0.2,1.0,-0.87,-0.87,-0.87,-0.87,1.0,0.0,16.0,1.0,0.2,1.0,4.92,4.92,4.92,4.92,1.0,0.0,16.0,1.0,0.2,1.0,1006.5,1006.5,1006.5,1006.5,1.0,0.0,16.0,1.0,0.2,1.0,,,,,,,,,,,,,,,,,,,,,,,,,,,,,,,,,,,,,,,,,,,,,,,,,,,,,,,,,,,,,,,,,,,,,,,,,,,,,,,,,,,,,,,,,,,,,,,,,,,,,,,,,,,,,,,,,,,,,,,,,,,,,,,,,,,,,,,,,,,,,,,,,,,,,,
1974,2,343.0,-1.0,,,,,,,,,,,,,,,,,,,,,,,,,,,,,,,,,,,,,,,,3.0,3.0,3.0,3.0,1.0,0.0,16.0,1.0,0.5,0.2,-2.6,-2.6,-2.6,-2.6,1.0,0.0,16.0,1.0,0.5,0.2,1.5,1.5,1.5,1.5,1.0,0.0,16.0,1.0,0.5,0.2,1008.8,1008.8,1008.8,1008.8,1.0,0.0,16.0,1.0,0.5,0.2,,,,,,,,,,,,,,,,,,,,,,,,,,,,,,,,,,,,,,,,,,,,,,,,,,,,,,,,,,,,,,,,,,,,,,,,,,,,,,,,,,,,,,,,,,,,,,,,,,,,,,,,,,,,,,,,,,,,,,,,,,,,,,,,,,,,,,,,,,,,,,,,,,,,,,
1974,2,343.0,0.0,26.7,26.7,28.34,27.5,3.0,1.39,10.0,0.0,0.8,0.2,25.48,26.5,28.68,27.07,3.0,2.4,10.0,0.0,0.8,0.2,18.02,18.22,18.41,18.22,2.0,0.41,6.0,0.0,0.8,0.3,71.2,76.8,82.5,76.8,2.0,11.7,6.0,0.0,0.3,2.73,4.1,5.4,4.07,3.0,1.95,10.0,0.0,0.8,0.2,-2.05,-2.05,-1.14,-1.61,3.0,0.77,10.0,0.0,0.8,0.2,2.47,3.55,4.98,3.72,3.0,1.84,10.0,0.0,0.8,0.2,1006.82,1007.3,1007.64,1007.23,3.0,0.6,10.0,0.0,0.8,0.2,3.3,4.0,4.7,4.0,2.0,1.4,12.0,0.0,0.8,0.0,-11.1,-8.4,-3.7,-7.4,3.0,5.5,10.0,0.0,0.8,0.2,7.4,14.6,27.7,17.5,3.0,15.1,10.0,0.0,0.8,0.2,-1.98,0.2,2.86,0.43,3.0,3.56,10.0,0.0,0.8,0.2,-4.0,0.8,17.1,6.4,3.0,16.2,10.0,0.0,0.8,0.2,3.63,3.81,4.0,3.81,2.0,0.39,6.0,0.0,0.8,0.3,9.5,11.5,13.6,11.5,2.0,4.2,6.0,0.0,0.8,0.3,-53.4,-51.3,-30.8,-42.3,3.0,18.2,10.0,0.0,0.8,0.2,69.9,94.1,126.1,97.9,3.0,41.3,10.0,0.0,0.8,0.2,-34.0,-25.4,-16.9,-25.4,2.0,17.7,6.0,0.0,0.8,0.3,40.2,50.5,60.9,50.5,2.0,21.4,6.0,0.0,0.8,0.3,-6.6,-5.1,-3.6,-5.1,2.0,3.1,6.0,0.0,0.8,0.3,8.8,10.3,11.8,10.3,2.0,3.2,6.0,0.0,0.8,0.3,28.0,69.0,169.5,98.0,3.0,106.5,10.0,0.0,0.8,0.2,30.0,70.0,170.0,100.0,3.0,105.0,10.0,0.0,0.8,0.2
1974,2,343.0,1.0,28.19,28.7,29.52,28.85,4.0,0.87,18.0,0.5,0.5,0.4,25.63,27.4,27.61,26.74,5.0,1.19,14.0,0.6,0.5,0.4,17.45,18.14,18.44,17.95,3.0,0.75,18.0,0.7,0.5,0.4,75.5,77.5,80.0,77.8,3.0,3.3,18.0,0.7,0.4,1.24,2.05,4.91,3.03,4.0,2.73,14.0,0.5,0.5,0.3,-2.29,-0.71,0.28,-0.99,4.0,1.85,14.0,0.5,0.5,0.3,-1.18,0.75,3.72,1.25,4.0,3.58,14.0,0.5,0.5,0.3,1008.32,1009.3,1010.68,1009.46,5.0,1.28,14.0,0.6,0.5,0.4,0.6,1.0,4.0,2.0,5.0,1.9,14.0,0.6,0.5,0.4,-13.5,-1.3,-0.1,-6.5,4.0,12.0,14.0,0.5,0.5,0.3,-3.3,1.0,23.1,9.5,4.0,22.3,14.0,0.5,0.5,0.3,0.74,1.6,3.14,1.93,4.0,1.56,18.0,0.5,0.5,0.4,1.7,3.3,20.2,10.8,3.0,15.0,18.0,0.3,0.6,0.2,6.02,6.59,7.97,6.99,3.0,1.47,18.0,0.7,0.5,0.4,6.9,9.3,11.8,9.3,2.0,5.1,20.0,0.5,0.5,0.3,-58.6,-19.3,7.9,-25.1,4.0,47.1,14.0,0.5,0.5,0.3,-30.4,20.7,94.6,31.6,4.0,90.4,14.0,0.5,0.5,0.3,-11.9,0.0,11.9,0.0,2.0,24.7,20.0,0.5,0.5,0.3,8.7,13.6,18.5,13.6,2.0,10.2,20.0,0.5,0.5,0.3,-6.1,-1.4,3.2,-1.4,2.0,9.7,20.0,0.5,0.5,0.3,3.2,5.9,8.6,5.9,2.0,5.6,20.0,0.5,0.5,0.3,2.0,10.5,188.0,91.0,4.0,168.0,14.0,0.5,0.5,0.3,0.0,10.0,190.0,90.0,4.0,170.0,14.0,0.5,0.5,0.3
1974,2,343.0,2.0,26.4,27.9,29.03,27.68,5.0,1.75,12.0,0.4,0.7,0.3,26.7,27.6,28.07,27.38,5.0,0.88,12.0,0.4,0.7,0.3,18.99,19.12,19.28,19.14,3.0,0.21,12.0,0.3,0.6,0.3,81.1,81.7,84.1,82.6,3.0,2.3,12.0,0.3,0.3,1.19,2.5,7.14,3.53,6.0,3.12,14.0,0.5,0.7,0.3,-0.8,0.0,1.84,0.18,6.0,2.4,14.0,0.5,0.7,0.3,-0.62,1.26,6.19,2.04,6.0,3.73,14.0,0.5,0.7,0.3,1007.95,1009.85,1011.76,1010.38,6.0,3.49,14.0,0.5,0.7,0.3,0.0,3.0,6.4,3.3,6.0,3.3,14.0,0.5,0.7,0.3,-6.1,0.0,6.7,-0.5,6.0,17.2,14.0,0.5,0.7,0.3,-1.9,2.4,44.3,14.9,6.0,25.3,14.0,0.5,0.7,0.3,-0.62,0.5,1.09,0.3,5.0,1.02,12.0,0.4,0.7,0.3,-3.0,0.0,1.6,-0.4,5.0,2.7,12.0,0.4,0.7,0.3,3.97,4.47,5.09,4.53,3.0,0.82,12.0,0.3,0.6,0.3,2.6,8.1,22.2,12.3,3.0,14.9,12.0,0.3,0.6,0.3,-38.8,0.0,14.5,-13.3,5.0,54.7,12.0,0.4,0.7,0.3,-28.5,14.5,102.8,35.3,5.0,96.3,12.0,0.4,0.7,0.3,-49.7,0.0,18.6,-15.2,3.0,51.8,12.0,0.3,0.6,0.3,3.2,9.9,89.3,45.4,3.0,70.2,12.0,0.3,0.6,0.3,-9.8,0.0,5.2,-2.3,3.0,11.2,12.0,0.3,0.6,0.3,0.9,2.8,17.9,9.2,3.0,13.7,12.0,0.3,0.6,0.3,2.5,17.5,366.5,139.5,6.0,205.0,14.0,0.5,0.7,0.3,5.0,20.0,365.0,140.0,6.0,205.0,14.0,0.5,0.7,0.3
1974,2,343.0,3.0,27.52,28.0,28.96,28.23,3.0,1.07,16.0,1.0,0.3,0.6,26.62,28.6,29.56,28.1,3.0,2.19,16.0,1.0,0.3,0.6,18.04,18.05,20.59,19.28,3.0,2.15,16.0,1.0,0.3,0.6,76.0,81.6,85.4,80.7,3.0,6.9,16.0,1.0,0.6,1.17,1.55,1.93,1.55,2.0,0.78,20.0,1.0,0.3,0.6,1.17,1.55,1.93,1.55,2.0,0.78,20.0,1.0,0.3,0.6,0.0,0.0,0.0,0.0,2.0,0.0,20.0,1.0,0.3,0.6,1007.13,1007.4,1007.88,1007.5,3.0,0.56,16.0,1.0,0.3,0.6,4.3,5.0,7.0,5.7,3.0,2.1,16.0,1.0,0.3,0.6,1.5,2.7,3.9,2.7,2.0,2.4,20.0,1.0,0.3,0.6,0.0,0.0,0.0,0.0,2.0,0.0,20.0,1.0,0.3,0.6,-0.6,-0.6,0.9,0.13,3.0,1.27,16.0,1.0,0.3,0.6,-1.2,-0.9,-0.7,-0.9,2.0,0.5,20.0,1.0,0.3,0.6,4.3,4.78,5.44,4.87,3.0,0.84,16.0,1.0,0.3,0.6,6.2,7.2,8.1,7.2,2.0,2.0,20.0,1.0,0.3,0.6,34.1,45.8,57.5,45.8,2.0,24.3,20.0,1.0,0.3,0.6,0.0,0.0,0.0,0.0,2.0,0.0,20.0,1.0,0.3,0.6,22.4,31.9,41.3,31.9,2.0,19.6,20.0,1.0,0.3,0.6,0.0,0.0,0.0,0.0,2.0,0.0,20.0,1.0,0.3,0.6,6.2,7.2,8.1,7.2,2.0,2.0,20.0,1.0,0.3,0.6,0.0,0.0,0.0,0.0,2.0,0.0,20.0,1.0,0.3,0.6,2.5,5.0,8.0,5.0,2.0,6.0,20.0,1.0,0.3,0.6,0.0,5.0,10.0,5.0,2.0,5.0,20.0,1.0,0.3,0.6
1974,2,343.0,4.0,28.12,28.8,29.48,28.8,2.0,1.41,16.0,1.0,0.4,0.5,28.99,29.6,30.21,29.6,2.0,1.27,16.0,1.0,0.4,0.5,19.02,19.39,19.76,19.39,2.0,0.76,16.0,1.0,0.4,0.5,73.4,74.6,75.7,74.6,2.0,2.3,16.0,1.0,0.5,1.17,1.55,1.93,1.55,2.0,0.78,16.0,1.0,0.4,0.5,-0.46,0.58,1.62,0.58,2.0,2.15,16.0,1.0,0.4,0.5,0.05,0.17,0.29,0.17,2.0,0.24,16.0,1.0,0.4,0.5,1007.18,1008.85,1010.52,1008.85,2.0,3.46,16.0,1.0,0.4,0.5,0.0,0.0,0.0,0.0,2.0,0.0,16.0,1.0,0.4,0.5,-0.1,1.7,3.6,1.7,2.0,3.8,16.0,1.0,0.4,0.5,0.1,0.2,0.3,0.2,2.0,0.2,16.0,1.0,0.4,0.5,-0.87,-0.8,-0.73,-0.8,2.0,0.14,16.0,1.0,0.4,0.5,-1.4,-1.2,-1.0,-1.2,2.0,0.4,16.0,1.0,0.4,0.5,4.97,5.56,6.15,5.56,2.0,1.23,16.0,1.0,0.4,0.5,6.1,9.1,12.1,9.1,2.0,6.2,16.0,1.0,0.4,0.5,-12.5,18.5,49.6,18.5,2.0,64.4,16.0,1.0,0.4,0.5,1.6,4.9,8.3,4.9,2.0,6.9,16.0,1.0,0.4,0.5,-8.3,12.1,32.4,12.1,2.0,42.1,16.0,1.0,0.4,0.5,1.0,3.2,5.4,3.2,2.0,4.6,16.0,1.0,0.4,0.5,-1.6,4.5,10.7,4.5,2.0,12.7,16.0,1.0,0.4,0.5,0.3,0.8,1.3,0.8,2.0,1.1,16.0,1.0,0.4,0.5,2.5,5.0,8.0,5.0,2.0,6.0,16.0,1.0,0.4,0.5,0.0,5.0,10.0,5.0,2.0,5.0,16.0,1.0,0.4,0.5
1974,2,343.0,5.0,25.29,26.4,27.25,26.4,7.0,1.1,10.0,0.4,0.8,0.6,27.0,27.65,29.82,28.1,8.0,1.65,12.0,0.5,0.8,0.6,18.54,18.82,19.06,18.8,3.0,0.38,14.0,0.3,0.8,0.5,81.2,83.2,85.9,83.6,3.0,3.4,14.0,0.3,0.5,1.9,2.6,4.0,2.6,7.0,1.37,12.0,0.6,0.8,0.6,-2.59,1.29,2.66,0.54,7.0,2.54,12.0,0.6,0.8,0.6,-1.55,-0.52,0.15,-0.34,7.0,1.69,12.0,0.6,0.8,0.6,1007.81,1008.25,1010.07,1008.81,8.0,1.54,12.0,0.5,0.8,0.6,3.8,8.0,8.0,6.1,7.0,3.1,14.0,0.6,0.8,0.6,-8.9,2.6,7.2,1.4,7.0,8.8,12.0,0.6,0.8,0.6,-5.2,-1.6,0.6,-0.4,7.0,6.0,12.0,0.6,0.8,0.6,-2.31,-1.8,-0.54,-1.66,7.0,1.62,10.0,0.4,0.8,0.6,-8.6,-3.8,0.3,-5.1,6.0,7.1,12.0,0.5,0.8,0.7,1.85,3.52,3.75,2.82,3.0,1.52,14.0,0.3,0.8,0.5,1.5,4.6,7.7,4.6,2.0,6.5,18.0,0.5,0.8,0.8,-69.9,38.6,75.9,17.6,7.0,72.4,12.0,0.6,0.8,0.6,-46.3,-14.1,4.0,-10.2,7.0,46.4,12.0,0.6,0.8,0.6,4.9,15.4,25.9,15.4,2.0,21.8,18.0,0.5,0.8,0.8,-30.8,-18.3,-5.8,-18.3,2.0,25.9,18.0,0.5,0.8,0.8,0.9,2.9,4.9,2.9,2.0,4.2,18.0,0.5,0.8,0.8,-5.9,-3.5,-1.1,-3.5,2.0,5.0,18.0,0.5,0.8,0.8,7.5,17.5,64.0,28.5,7.0,26.0,12.0,0.6,0.8,0.6,10.0,20.0,65.0,30.0,7.0,25.0,12.0,0.6,0.8,0.6
1974,2,343.0,6.0,26.0,27.3,27.91,27.13,10.0,1.47,14.0,0.3,0.5,0.6,26.72,27.8,28.2,27.5,9.0,1.13,14.0,0.3,0.5,0.6,16.56,17.95,19.33,17.95,2.0,2.87,16.0,0.5,0.3,0.6,75.1,78.4,81.8,78.4,2.0,6.9,16.0,0.5,0.6,1.47,3.0,5.0,3.09,10.0,1.54,14.0,0.3,0.5,0.6,-0.41,1.79,3.21,1.4,10.0,2.4,14.0,0.3,0.5,0.6,-1.29,-0.36,2.35,0.16,10.0,2.24,14.0,0.3,0.5,0.6,1008.8,1010.15,1013.07,1010.65,10.0,2.02,14.0,0.3,0.5,0.6,0.0,0.5,4.6,2.0,10.0,2.6,14.0,0.3,0.5,0.6,-1.0,4.4,16.1,6.4,10.0,10.5,14.0,0.3,0.5,0.6,-4.5,-0.6,5.7,0.2,10.0,9.7,14.0,0.3,0.5,0.6,-1.25,-0.4,0.78,-0.44,9.0,1.53,14.0,0.3,0.5,0.6,-2.5,-1.0,2.5,-0.9,9.0,4.5,14.0,0.3,0.5,0.6,3.22,4.37,5.52,4.37,2.0,2.39,16.0,0.5,0.3,0.6,7.2,16.8,26.4,16.8,2.0,19.9,16.0,0.5,0.3,0.6,-7.3,70.5,90.3,43.3,9.0,66.5,14.0,0.3,0.5,0.6,-38.2,-15.0,48.2,-3.7,9.0,61.3,14.0,0.3,0.5,0.6,12.7,40.0,67.3,40.0,2.0,56.5,16.0,0.5,0.3,0.6,-19.0,-17.0,-15.0,-17.0,2.0,4.2,16.0,0.5,0.3,0.6,4.8,15.2,25.6,15.2,2.0,21.5,16.0,0.5,0.3,0.6,-4.9,-4.0,-3.1,-4.0,2.0,1.9,16.0,0.5,0.3,0.6,4.5,27.0,125.0,49.5,10.0,55.0,14.0,0.3,0.5,0.6,5.0,25.0,125.0,50.0,10.0,55.0,14.0,0.3,0.5,0.6
1974,2,343.0,7.0,27.0,27.85,28.31,27.75,16.0,0.93,14.0,0.5,0.7,0.6,26.14,27.1,28.86,27.45,18.0,1.56,12.0,0.5,0.6,0.6,14.64,15.91,18.16,16.23,11.0,1.99,14.0,0.5,0.6,0.6,63.6,70.6,81.4,71.9,11.0,9.9,14.0,0.5,0.6,0.44,3.0,5.69,3.39,15.0,2.56,14.0,0.4,0.6,0.7,-1.45,0.0,2.4,0.61,15.0,2.01,14.0,0.4,0.6,0.7,-4.54,-1.3,0.0,-2.14,15.0,3.09,14.0,0.4,0.6,0.7,1007.91,1009.8,1011.72,1009.78,17.0,2.08,14.0,0.5,0.6,0.6,0.0,0.0,7.0,2.7,15.0,3.5,14.0,0.5,0.6,0.6,-8.7,0.0,7.0,1.3,15.0,9.6,14.0,0.4,0.6,0.7,-25.9,-3.4,0.0,-12.7,15.0,23.9,14.0,0.4,0.6,0.7,-1.0,0.6,1.47,0.36,16.0,1.13,14.0,0.5,0.7,0.6,-0.3,1.8,3.9,1.4,13.0,4.3,14.0,0.4,0.7,0.7,5.4,7.56,8.84,7.26,10.0,1.59,14.0,0.6,0.6,0.6,13.0,20.7,42.1,29.5,7.0,27.6,16.0,0.4,0.5,0.7,-40.2,0.0,64.4,17.9,15.0,55.3,14.0,0.4,0.6,0.7,-135.0,-32.9,0.0,-60.8,15.0,86.5,14.0,0.4,0.6,0.7,-22.6,0.0,32.7,3.9,8.0,27.7,16.0,0.4,0.5,0.7,-66.4,-32.0,-1.8,-41.9,8.0,44.3,16.0,0.4,0.5,0.7,-14.9,0.0,13.9,0.5,7.0,14.6,16.0,0.4,0.5,0.7,-36.9,-12.8,-4.8,-25.3,7.0,28.6,16.0,0.4,0.5,0.7,2.0,27.0,189.5,109.5,15.0,205.5,14.0,0.4,0.6,0.7,0.0,25.0,190.0,110.0,15.0,205.0,14.0,0.4,0.6,0.7
1974,2,343.0,8.0,26.0,27.5,28.3,27.22,64.0,1.78,16.0,0.5,0.7,0.5,25.32,26.8,28.08,26.7,65.0,1.66,16.0,0.6,0.7,0.5,14.86,16.49,17.62,16.29,47.0,1.56,14.0,0.6,0.7,0.5,67.9,73.9,81.3,74.4,47.0,7.3,14.0,0.6,0.5,1.0,2.6,5.1,3.4,60.0,2.47,14.0,0.5,0.7,0.5,-0.29,0.83,2.6,1.06,60.0,2.05,14.0,0.5,0.7,0.5,-4.78,-2.05,0.0,-2.4,60.0,2.57,14.0,0.5,0.7,0.5,1007.59,1010.0,1011.57,1009.92,66.0,2.17,16.0,0.5,0.7,0.5,0.0,0.0,5.0,1.9,64.0,2.8,16.0,0.5,0.7,0.5,-0.3,1.5,12.7,6.0,60.0,12.7,14.0,0.5,0.7,0.5,-24.6,-4.8,0.0,-13.6,60.0,20.9,14.0,0.5,0.7,0.5,-0.83,0.8,2.0,0.55,63.0,1.86,16.0,0.6,0.7,0.5,0.0,1.5,7.6,2.7,56.0,7.1,14.0,0.5,0.7,0.5,4.81,7.11,8.24,6.76,46.0,2.03,14.0,0.6,0.7,0.5,5.5,18.3,37.1,21.4,41.0,15.0,14.0,0.5,0.7,0.5,0.0,20.8,72.8,28.0,58.0,54.4,14.0,0.5,0.7,0.5,-126.5,-52.5,0.0,-63.2,58.0,67.9,14.0,0.5,0.7,0.5,0.0,12.6,43.0,15.0,42.0,30.6,14.0,0.5,0.8,0.5,-66.5,-30.7,0.0,-33.8,42.0,37.0,14.0,0.5,0.8,0.5,0.0,4.5,18.7,6.0,41.0,12.5,14.0,0.5,0.7,0.5,-33.8,-10.6,0.0,-15.2,41.0,16.2,14.0,0.5,0.7,0.5,1.0,17.5,132.5,111.5,60.0,206.0,14.0,0.5,0.7,0.5,0.0,20.0,135.0,110.0,60.0,205.0,14.0,0.5,0.7,0.5
1974,2,343.0,9.0,24.0,26.0,28.0,25.98,169.0,1.95,14.0,0.5,0.6,0.5,23.5,25.2,27.11,25.33,177.0,1.81,14.0,0.5,0.6,0.5,13.62,15.15,17.19,15.42,130.0,1.95,14.0,0.5,0.6,0.4,65.4,76.8,86.5,76.6,136.0,9.9,14.0,0.5,0.4,1.0,3.6,6.2,3.82,149.0,2.52,16.0,0.5,0.6,0.5,-0.97,0.89,3.08,0.98,149.0,2.13,16.0,0.5,0.6,0.5,-5.52,-2.91,0.0,-2.81,149.0,2.76,16.0,0.5,0.6,0.5,1008.0,1010.0,1012.0,1010.01,170.0,2.18,14.0,0.5,0.6,0.5,0.0,0.0,4.0,1.3,175.0,2.4,14.0,0.5,0.6,0.4,-2.3,1.7,16.2,4.9,149.0,13.1,16.0,0.5,0.6,0.5,-36.8,-9.6,0.0,-16.5,149.0,21.4,16.0,0.5,0.6,0.5,-1.1,0.85,2.2,0.67,168.0,1.89,14.0,0.5,0.6,0.5,-2.4,2.3,9.6,2.7,139.0,9.7,16.0,0.5,0.6,0.5,3.59,6.06,8.43,5.95,126.0,2.51,14.0,0.5,0.5,0.4,3.4,20.4,40.5,23.3,104.0,18.5,16.0,0.5,0.5,0.4,-26.1,23.4,80.0,24.8,147.0,54.3,16.0,0.5,0.6,0.5,-139.6,-72.3,0.0,-71.1,147.0,69.3,16.0,0.5,0.6,0.5,-12.9,12.9,42.7,13.5,108.0,28.5,16.0,0.5,0.6,0.4,-78.1,-40.5,0.0,-41.6,108.0,39.1,16.0,0.5,0.6,0.4,-3.9,3.7,18.6,6.5,104.0,13.3,16.0,0.5,0.5,0.4,-35.7,-16.4,0.0,-18.1,104.0,18.5,16.0,0.5,0.5,0.4,1.0,46.5,238.5,132.5,149.0,193.5,16.0,0.5,0.6,0.5,0.0,45.0,240.0,130.0,149.0,195.0,16.0,0.5,0.6,0.5
1974,2,343.0,10.0,21.06,24.0,26.0,23.95,77.0,2.31,14.0,0.5,0.4,0.3,22.81,24.0,25.49,24.29,77.0,1.85,14.0,0.5,0.4,0.3,12.86,14.59,16.49,14.64,49.0,1.8,14.0,0.5,0.3,0.3,68.8,77.5,85.9,77.5,50.0,9.0,14.0,0.5,0.3,1.0,3.1,6.2,3.75,69.0,2.56,14.0,0.5,0.4,0.3,-0.35,1.15,3.39,1.21,69.0,2.29,14.0,0.5,0.4,0.3,-5.15,-2.25,0.0,-2.62,69.0,2.67,14.0,0.5,0.4,0.3,1007.9,1009.9,1012.97,1010.25,71.0,2.51,14.0,0.5,0.4,0.3,0.0,0.0,3.0,1.0,74.0,2.0,14.0,0.5,0.4,0.3,-0.4,3.1,20.0,6.1,69.0,15.0,14.0,0.5,0.4,0.3,-36.3,-6.4,0.0,-15.0,69.0,21.9,14.0,0.5,0.4,0.3,-2.0,0.0,1.51,-0.37,76.0,2.19,14.0,0.5,0.4,0.3,-6.8,0.0,6.8,-0.5,68.0,10.1,14.0,0.5,0.4,0.3,1.53,4.07,5.81,3.91,48.0,2.51,14.0,0.5,0.3,0.3,0.0,8.6,34.0,15.9,44.0,18.5,14.0,0.5,0.3,0.3,-8.6,28.5,76.4,27.9,69.0,56.0,14.0,0.5,0.4,0.3,-129.4,-55.2,0.0,-62.6,69.0,63.7,14.0,0.5,0.4,0.3,-6.0,15.0,35.9,12.0,45.0,29.4,14.0,0.5,0.3,0.3,-78.4,-34.8,0.0,-39.4,45.0,33.9,14.0,0.5,0.3,0.3,-0.9,3.7,11.5,3.6,44.0,11.1,14.0,0.5,0.3,0.3,-28.4,-6.9,0.0,-13.6,44.0,16.6,14.0,0.5,0.3,0.3,1.0,30.0,238.5,132.5,69.0,209.5,14.0,0.5,0.4,0.3,0.0,30.0,240.0,135.0,69.0,210.0,14.0,0.5,0.4,0.3
1974,2,343.0,11.0,,,,,,,,,,,,,,,,,,,,,,,,,,,,,,,,,,,,,,,,5.1,5.1,5.1,5.1,1.0,0.0,28.0,0.0,0.6,0.7,-3.91,-3.91,-3.91,-3.91,1.0,0.0,28.0,0.0,0.6,0.7,3.28,3.28,3.28,3.28,1.0,0.0,28.0,0.0,0.6,0.7,1015.8,1015.8,1015.8,1015.8,1.0,0.0,28.0,0.0,0.6,0.7,,,,,,,,,,,,,,,,,,,,,,,,,,,,,,,,,,,,,,,,,,,,,,,,,,,,,,,,,,,,,,,,,,,,,,,,,,,,,,,,,,,,,,,,,,,,,,,,,,,,,,,,,,,,,,,,,,,,,,,,,,,,,,,,,,,,,,,,,,,,,,,,,,,,,,
1974,2,343.0,12.0,22.29,24.2,26.11,24.2,2.0,3.96,6.0,1.0,0.3,0.6,23.31,24.4,25.49,24.4,2.0,2.26,6.0,1.0,0.3,0.6,9.3,9.3,9.3,9.3,1.0,0.0,4.0,1.0,0.3,0.3,53.9,53.9,53.9,53.9,1.0,0.0,4.0,1.0,0.3,7.2,7.2,7.2,7.2,1.0,0.0,4.0,1.0,0.3,0.3,-1.25,-1.25,-1.25,-1.25,1.0,0.0,4.0,1.0,0.3,0.3,-7.09,-7.09,-7.09,-7.09,1.0,0.0,4.0,1.0,0.3,0.3,1007.01,1008.55,1010.09,1008.55,2.0,3.18,6.0,1.0,0.3,0.6,0.0,0.0,0.0,0.0,2.0,0.0,6.0,1.0,0.3,0.6,-9.0,-9.0,-9.0,-9.0,1.0,0.0,4.0,1.0,0.3,0.3,-51.1,-51.1,-51.1,-51.1,1.0,0.0,4.0,1.0,0.3,0.3,-1.02,-0.2,0.62,-0.2,2.0,1.7,6.0,1.0,0.3,0.6,-10.1,-10.1,-10.1,-10.1,1.0,0.0,4.0,1.0,0.3,0.3,6.6,6.6,6.6,6.6,1.0,0.0,4.0,1.0,0.3,0.3,47.5,47.5,47.5,47.5,1.0,0.0,4.0,1.0,0.3,0.3,-28.5,-28.5,-28.5,-28.5,1.0,0.0,4.0,1.0,0.3,0.3,-161.7,-161.7,-161.7,-161.7,1.0,0.0,4.0,1.0,0.3,0.3,-11.6,-11.6,-11.6,-11.6,1.0,0.0,4.0,1.0,0.3,0.3,-66.0,-66.0,-66.0,-66.0,1.0,0.0,4.0,1.0,0.3,0.3,-8.2,-8.2,-8.2,-8.2,1.0,0.0,4.0,1.0,0.3,0.3,-46.8,-46.8,-46.8,-46.8,1.0,0.0,4.0,1.0,0.3,0.3,373.0,373.0,373.0,373.0,1.0,0.0,4.0,1.0,0.3,0.3,375.0,375.0,375.0,375.0,1.0,0.0,4.0,1.0,0.3,0.3
1974,2,343.0,13.0,,,,,,,,,,,,,,,,,,,,,,,,,,,,,,,,,,,,,,,,6.2,6.2,6.2,6.2,1.0,0.0,12.0,0.0,0.4,0.5,2.12,2.12,2.12,2.12,1.0,0.0,12.0,0.0,0.4,0.5,-5.83,-5.83,-5.83,-5.83,1.0,0.0,12.0,0.0,0.4,0.5,1005.5,1005.5,1005.5,1005.5,1.0,0.0,12.0,0.0,0.4,0.5,,,,,,,,,,,,,,,,,,,,,,,,,,,,,,,,,,,,,,,,,,,,,,,,,,,,,,,,,,,,,,,,,,,,,,,,,,,,,,,,,,,,,,,,,,,,,,,,,,,,,,,,,,,,,,,,,,,,,,,,,,,,,,,,,,,,,,,,,,,,,,,,,,,,,,
1974,2,343.0,15.0,18.0,18.0,18.0,18.0,1.0,0.0,2.0,1.0,0.2,0.5,21.0,21.0,21.0,21.0,1.0,0.0,2.0,1.0,0.2,0.5,12.84,12.84,12.84,12.84,1.0,0.0,2.0,1.0,0.2,0.5,83.0,83.0,83.0,83.0,1.0,0.0,2.0,1.0,0.5,9.3,9.3,9.3,9.3,1.0,0.0,2.0,1.0,0.2,0.5,-1.61,-1.61,-1.61,-1.61,1.0,0.0,2.0,1.0,0.2,0.5,-9.16,-9.16,-9.16,-9.16,1.0,0.0,2.0,1.0,0.2,0.5,1012.0,1012.0,1012.0,1012.0,1.0,0.0,2.0,1.0,0.2,0.5,0.0,0.0,0.0,0.0,1.0,0.0,2.0,1.0,0.2,0.5,-15.0,-15.0,-15.0,-15.0,1.0,0.0,2.0,1.0,0.2,0.5,-85.2,-85.2,-85.2,-85.2,1.0,0.0,2.0,1.0,0.2,0.5,-3.0,-3.0,-3.0,-3.0,1.0,0.0,2.0,1.0,0.2,0.5,-27.9,-27.9,-27.9,-27.9,1.0,0.0,2.0,1.0,0.2,0.5,0.0,0.0,0.0,0.0,1.0,0.0,2.0,1.0,0.2,0.5,0.0,0.0,0.0,0.0,1.0,0.0,2.0,1.0,0.2,0.5,-33.9,-33.9,-33.9,-33.9,1.0,0.0,2.0,1.0,0.2,0.5,-192.3,-192.3,-192.3,-192.3,1.0,0.0,2.0,1.0,0.2,0.5,-20.7,-20.7,-20.7,-20.7,1.0,0.0,2.0,1.0,0.2,0.5,-117.6,-117.6,-117.6,-117.6,1.0,0.0,2.0,1.0,0.2,0.5,0.0,0.0,0.0,0.0,1.0,0.0,2.0,1.0,0.2,0.5,0.0,0.0,0.0,0.0,1.0,0.0,2.0,1.0,0.2,0.5,804.5,804.5,804.5,804.5,1.0,0.0,2.0,1.0,0.2,0.5,805.0,805.0,805.0,805.0,1.0,0.0,2.0,1.0,0.2,0.5
1974,2,343.0,16.0,,,,,,,,,,,,,,,,,,,,,,,,,,,,,,,,,,,,,,,,6.7,6.7,6.7,6.7,1.0,0.0,6.0,0.0,0.3,0.1,-2.29,-2.29,-2.29,-2.29,1.0,0.0,6.0,0.0,0.3,0.1,-6.3,-6.3,-6.3,-6.3,1.0,0.0,6.0,0.0,0.3,0.1,1013.5,1013.5,1013.5,1013.5,1.0,0.0,6.0,0.0,0.3,0.1,,,,,,,,,,,,,,,,,,,,,,,,,,,,,,,,,,,,,,,,,,,,,,,,,,,,,,,,,,,,,,,,,,,,,,,,,,,,,,,,,,,,,,,,,,,,,,,,,,,,,,,,,,,,,,,,,,,,,,,,,,,,,,,,,,,,,,,,,,,,,,,,,,,,,,
1974,2,343.0,17.0,17.0,17.0,17.0,17.22,9.0,0.67,24.0,0.7,0.4,0.6,18.87,19.8,20.47,19.71,9.0,1.12,24.0,0.7,0.4,0.6,8.7,8.7,8.7,8.7,1.0,0.0,2.0,1.0,0.5,0.7,58.1,58.1,58.1,58.1,1.0,0.0,2.0,1.0,0.7,0.0,0.0,0.0,0.9,8.0,2.55,24.0,0.6,0.4,0.6,0.0,0.0,0.0,-0.16,8.0,0.44,24.0,0.6,0.4,0.6,0.0,0.0,0.0,-0.89,8.0,2.51,24.0,0.6,0.4,0.6,1010.89,1012.7,1014.83,1012.78,9.0,2.3,24.0,0.7,0.4,0.6,1.6,3.0,3.8,3.0,6.0,2.3,22.0,1.0,0.5,0.6,0.0,0.0,0.0,-1.1,8.0,3.2,24.0,0.6,0.4,0.6,0.0,0.0,0.0,-6.4,8.0,18.0,24.0,0.6,0.4,0.6,-3.24,-2.8,-1.53,-2.49,9.0,1.15,24.0,0.7,0.4,0.6,0.0,0.0,0.0,-1.3,8.0,3.8,24.0,0.6,0.4,0.6,4.98,4.98,4.98,4.98,1.0,0.0,2.0,1.0,0.5,0.7,35.8,35.8,35.8,35.8,1.0,0.0,2.0,1.0,0.5,0.7,0.0,0.0,0.0,-3.2,8.0,9.1,24.0,0.6,0.4,0.6,0.0,0.0,0.0,-18.2,8.0,51.4,24.0,0.6,0.4,0.6,-10.9,-10.9,-10.9,-10.9,1.0,0.0,2.0,1.0,0.5,0.7,-61.7,-61.7,-61.7,-61.7,1.0,0.0,2.0,1.0,0.5,0.7,-6.2,-6.2,-6.2,-6.2,1.0,0.0,2.0,1.0,0.5,0.7,-35.3,-35.3,-35.3,-35.3,1.0,0.0,2.0,1.0,0.5,0.7,0.0,0.0,0.0,46.5,8.0,132.0,24.0,0.6,0.4,0.6,0.0,0.0,0.0,45.0,8.0,130.0,24.0,0.6,0.4,0.6
1974,2,343.0,18.0,17.0,17.0,17.0,16.95,28.0,0.39,20.0,0.4,0.3,0.7,17.6,18.65,19.3,18.67,28.0,1.23,20.0,0.4,0.3,0.7,10.49,10.49,10.49,10.49,1.0,0.0,20.0,1.0,0.5,0.8,80.6,80.6,80.6,80.6,1.0,0.0,20.0,1.0,0.8,4.0,4.0,6.03,4.99,26.0,2.22,20.0,0.5,0.3,0.7,-3.86,0.0,2.02,-1.05,26.0,3.01,20.0,0.5,0.3,0.7,-4.96,-3.61,-2.58,-3.9,26.0,2.19,20.0,0.5,0.3,0.7,1012.18,1014.7,1016.52,1014.54,27.0,2.32,20.0,0.4,0.3,0.7,0.0,2.0,7.0,2.9,11.0,3.3,20.0,0.9,0.4,0.7,-23.2,0.0,8.1,-7.5,26.0,19.4,20.0,0.5,0.3,0.7,-27.9,-15.5,-8.5,-23.3,26.0,27.4,20.0,0.5,0.3,0.7,-2.51,-1.7,-0.53,-1.72,28.0,1.27,20.0,0.4,0.3,0.7,-13.8,-7.6,-2.4,-9.3,26.0,8.6,20.0,0.5,0.3,0.7,0.35,0.35,0.35,0.35,1.0,0.0,20.0,1.0,0.5,0.8,1.7,1.7,1.7,1.7,1.0,0.0,20.0,1.0,0.5,0.8,-72.5,0.0,38.2,-19.4,26.0,56.1,20.0,0.5,0.3,0.7,-90.9,-66.3,-46.0,-73.6,26.0,42.7,20.0,0.5,0.3,0.7,-9.1,-9.1,-9.1,-9.1,1.0,0.0,20.0,1.0,0.5,0.8,-51.6,-51.6,-51.6,-51.6,1.0,0.0,20.0,1.0,0.5,0.8,-0.3,-0.3,-0.3,-0.3,1.0,0.0,20.0,1.0,0.5,0.8,-1.7,-1.7,-1.7,-1.7,1.0,0.0,20.0,1.0,0.5,0.8,64.0,64.0,220.0,206.5,26.0,346.0,20.0,0.5,0.3,0.7,65.0,65.0,220.0,205.0,26.0,345.0,20.0,0.5,0.3,0.7
1974,2,343.0,19.0,,,,,,,,,,,,,,,,,,,,,,,,,,,,,,,,,,,,,,,,3.97,5.0,6.07,5.16,26.0,2.83,16.0,0.5,0.2,0.1,-3.23,-2.79,-0.86,-2.47,26.0,1.98,16.0,0.5,0.2,0.1,-5.25,-3.83,-3.03,-4.08,26.0,2.85,16.0,0.5,0.2,0.1,1013.39,1015.7,1018.01,1015.68,26.0,2.32,16.0,0.5,0.2,0.1,,,,,,,,,,,,,,,,,,,,,,,,,,,,,,,,,,,,,,,,,,,,,,,,,,,,,,,,,,,,,,,,,,,,,,,,,,,,,,,,,,,,,,,,,,,,,,,,,,,,,,,,,,,,,,,,,,,,,,,,,,,,,,,,,,,,,,,,,,,,,,,,,,,,,,
1974,2,343.0,22.0,16.16,17.0,18.0,17.19,49.0,1.25,18.0,0.6,0.2,0.7,16.0,16.9,19.0,17.35,47.0,1.68,18.0,0.6,0.2,0.7,8.41,9.52,11.13,9.62,17.0,1.61,18.0,0.6,0.2,0.8,72.2,78.2,88.8,78.4,17.0,12.2,18.0,0.6,0.8,4.78,8.0,10.0,7.76,48.0,3.36,18.0,0.6,0.2,0.7,-6.14,-3.46,0.0,-3.08,48.0,3.74,18.0,0.6,0.2,0.7,-8.75,-6.13,-1.37,-5.35,48.0,4.47,18.0,0.6,0.2,0.7,1011.9,1017.0,1021.32,1017.05,50.0,3.9,18.0,0.6,0.2,0.7,0.0,0.0,3.0,1.5,47.0,2.3,18.0,0.6,0.2,0.7,-53.9,-28.7,0.0,-30.9,48.0,37.7,18.0,0.6,0.2,0.7,-88.0,-49.0,-2.2,-52.6,48.0,56.0,18.0,0.6,0.2,0.7,-1.4,-0.1,1.0,-0.1,46.0,1.44,18.0,0.6,0.2,0.7,-11.6,-0.9,5.0,-0.8,44.0,10.1,16.0,0.6,0.2,0.7,1.83,3.1,4.35,3.03,16.0,1.71,16.0,0.6,0.2,0.8,16.2,26.1,35.1,23.8,15.0,12.8,16.0,0.6,0.2,0.8,-101.0,-64.0,0.0,-58.0,45.0,62.6,18.0,0.6,0.2,0.7,-150.7,-114.5,-32.6,-97.5,45.0,73.3,18.0,0.6,0.2,0.7,-79.7,-36.6,-24.9,-46.8,16.0,29.2,16.0,0.6,0.2,0.8,-81.7,-65.1,-37.1,-62.7,16.0,20.8,16.0,0.6,0.2,0.8,-17.6,-11.0,-5.5,-11.5,15.0,8.4,16.0,0.6,0.2,0.8,-30.7,-24.2,-10.3,-20.3,15.0,10.7,16.0,0.6,0.2,0.8,110.0,512.0,1000.0,729.0,48.0,894.5,18.0,0.6,0.2,0.7,110.0,510.0,1000.0,730.0,48.0,895.0,18.0,0.6,0.2,0.7
1974,2,343.0,23.0,16.18,17.1,18.62,17.45,214.0,1.35,18.0,0.5,0.3,0.5,16.3,17.4,19.14,17.71,219.0,1.55,18.0,0.5,0.3,0.5,8.94,9.83,10.79,9.82,94.0,0.98,18.0,0.5,0.3,0.5,72.6,81.2,87.5,80.4,95.0,7.2,18.0,0.5,0.5,4.0,8.0,11.0,7.63,218.0,3.62,18.0,0.5,0.3,0.5,-6.94,-3.18,2.9,-2.48,218.0,4.55,18.0,0.5,0.3,0.5,-8.81,-5.36,2.98,-3.81,218.0,5.49,18.0,0.5,0.3,0.5,1011.29,1018.8,1021.88,1017.65,223.0,4.51,18.0,0.5,0.3,0.5,0.0,1.0,5.0,2.1,208.0,2.6,18.0,0.6,0.3,0.5,-76.8,-24.6,14.8,-28.9,218.0,47.4,18.0,0.5,0.3,0.5,-92.7,-41.7,13.1,-42.1,218.0,59.2,18.0,0.5,0.3,0.5,-1.83,-0.3,1.5,-0.3,207.0,1.79,18.0,0.5,0.3,0.5,-12.3,-1.6,8.5,-2.0,199.0,14.2,18.0,0.5,0.3,0.5,1.39,2.28,3.64,2.51,89.0,1.41,18.0,0.5,0.3,0.5,4.1,15.8,28.9,17.9,86.0,14.5,16.0,0.5,0.3,0.5,-119.2,-54.1,55.9,-41.1,211.0,81.0,18.0,0.5,0.3,0.5,-154.4,-96.0,54.4,-63.8,211.0,98.3,18.0,0.5,0.3,0.5,-63.6,-34.5,7.6,-29.4,91.0,40.8,16.0,0.5,0.3,0.5,-80.9,-54.0,0.0,-45.9,91.0,40.5,16.0,0.5,0.3,0.5,-18.3,-8.3,0.7,-9.0,86.0,10.3,16.0,0.5,0.3,0.5,-23.0,-11.3,0.0,-12.7,86.0,13.5,16.0,0.5,0.3,0.5,64.0,512.0,1331.0,742.0,218.0,837.0,18.0,0.5,0.3,0.5,65.0,510.0,1330.0,740.0,218.0,835.0,18.0,0.5,0.3,0.5
1974,2,343.0,24.0,16.74,17.6,19.0,17.79,281.0,1.24,14.0,0.5,0.5,0.5,16.8,17.65,19.0,17.93,290.0,1.34,14.0,0.5,0.5,0.4,9.18,9.94,11.0,10.08,207.0,1.05,14.0,0.6,0.5,0.5,72.6,80.4,88.4,80.1,209.0,7.9,14.0,0.6,0.5,5.1,8.2,11.25,8.34,292.0,3.09,14.0,0.5,0.5,0.5,-7.22,-5.07,-0.75,-4.27,292.0,3.61,14.0,0.5,0.5,0.5,-9.19,-6.13,-2.29,-5.39,292.0,4.34,14.0,0.5,0.5,0.5,1016.0,1021.1,1024.5,1019.97,293.0,5.05,14.0,0.5,0.5,0.5,0.0,1.0,6.0,2.2,278.0,2.7,14.0,0.6,0.5,0.4,-77.8,-39.7,-1.7,-42.3,292.0,41.4,14.0,0.5,0.5,0.5,-100.8,-51.2,-8.5,-54.0,292.0,51.4,14.0,0.5,0.5,0.5,-1.35,-0.1,1.4,-0.12,275.0,1.57,14.0,0.5,0.5,0.5,-12.4,0.0,10.5,-1.3,271.0,14.4,14.0,0.5,0.5,0.5,1.36,2.46,3.84,2.54,201.0,1.32,14.0,0.5,0.5,0.5,9.2,19.2,34.2,21.5,199.0,14.1,14.0,0.5,0.5,0.5,-129.6,-87.4,-21.0,-75.9,286.0,65.3,14.0,0.5,0.5,0.4,-162.5,-109.4,-41.4,-96.2,286.0,79.1,14.0,0.5,0.5,0.4,-75.8,-53.8,-16.9,-44.5,205.0,37.8,14.0,0.6,0.5,0.5,-89.3,-61.3,-25.3,-54.2,205.0,43.9,14.0,0.6,0.5,0.5,-22.5,-11.4,-2.1,-12.1,199.0,12.1,14.0,0.5,0.5,0.5,-25.8,-13.7,-3.2,-14.3,199.0,12.9,14.0,0.5,0.5,0.5,132.5,551.5,1422.5,817.0,292.0,812.5,14.0,0.5,0.5,0.5,135.0,550.0,1425.0,815.0,292.0,815.0,14.0,0.5,0.5,0.5
1974,2,343.0,25.0,17.0,18.3,19.5,18.36,215.0,1.16,14.0,0.5,0.6,0.4,17.2,18.0,19.5,18.31,220.0,1.24,14.0,0.5,0.6,0.4,8.74,9.83,11.19,10.02,160.0,1.3,16.0,0.5,0.7,0.4,69.3,77.4,88.1,77.8,161.0,9.4,16.0,0.5,0.4,5.0,8.2,12.0,8.39,215.0,3.29,14.0,0.5,0.6,0.4,-7.97,-4.5,0.01,-4.12,215.0,4.08,14.0,0.5,0.6,0.4,-9.16,-6.24,-1.35,-5.12,215.0,4.64,14.0,0.5,0.6,0.4,1014.64,1021.15,1024.0,1019.69,224.0,5.19,14.0,0.5,0.6,0.4,0.0,3.0,6.0,3.2,211.0,2.6,16.0,0.6,0.6,0.4,-91.9,-37.5,0.0,-43.2,215.0,49.1,14.0,0.5,0.6,0.4,-108.7,-46.0,-2.6,-52.3,215.0,53.6,14.0,0.5,0.6,0.4,-1.57,0.2,1.3,0.05,211.0,1.53,16.0,0.5,0.6,0.4,-12.8,1.4,11.2,0.7,201.0,14.3,14.0,0.5,0.6,0.4,1.67,3.15,4.61,3.11,155.0,1.49,16.0,0.5,0.7,0.4,9.1,24.8,46.8,27.8,149.0,17.5,16.0,0.5,0.7,0.4,-144.5,-82.1,0.0,-76.0,210.0,75.8,14.0,0.5,0.6,0.4,-169.0,-111.0,-25.2,-93.4,210.0,86.0,14.0,0.5,0.6,0.4,-73.4,-45.5,5.6,-39.8,154.0,41.4,16.0,0.5,0.7,0.4,-86.0,-58.8,-10.0,-48.3,154.0,47.8,16.0,0.5,0.7,0.4,-29.8,-13.7,1.1,-14.6,149.0,15.2,16.0,0.5,0.7,0.4,-37.3,-16.2,-2.3,-17.8,149.0,17.8,16.0,0.5,0.7,0.4,125.0,551.5,1728.0,863.0,215.0,878.0,14.0,0.5,0.6,0.4,125.0,550.0,1730.0,865.0,215.0,880.0,14.0,0.5,0.6,0.4
1974,2,343.0,26.0,17.8,18.7,20.0,18.71,107.0,1.12,16.0,0.6,0.6,0.4,16.9,18.05,19.44,18.23,112.0,1.43,16.0,0.6,0.6,0.4,8.13,9.8,11.07,9.62,87.0,1.46,16.0,0.6,0.6,0.4,65.2,73.2,86.0,74.5,87.0,10.8,16.0,0.6,0.4,4.6,8.2,11.3,7.87,109.0,3.29,16.0,0.6,0.6,0.4,-7.24,-4.32,-0.9,-3.86,109.0,3.89,16.0,0.6,0.6,0.4,-8.88,-5.36,-0.65,-4.99,109.0,4.24,16.0,0.6,0.6,0.4,1013.75,1020.7,1024.42,1019.56,113.0,5.41,16.0,0.6,0.6,0.4,1.0,3.0,7.0,3.6,106.0,2.7,16.0,0.6,0.6,0.4,-74.5,-28.1,-3.3,-35.9,109.0,45.1,16.0,0.6,0.6,0.4,-97.6,-37.5,-1.7,-47.4,109.0,49.0,16.0,0.6,0.6,0.4,-1.0,0.5,1.83,0.47,106.0,1.55,16.0,0.6,0.6,0.4,-6.8,3.0,13.9,3.7,102.0,14.1,16.0,0.6,0.6,0.4,2.35,4.06,5.3,3.76,86.0,1.47,16.0,0.6,0.6,0.4,11.0,26.0,48.7,28.9,82.0,17.8,16.0,0.6,0.6,0.4,-133.0,-73.7,-17.1,-69.3,108.0,71.5,16.0,0.6,0.6,0.4,-166.8,-96.2,-9.6,-90.3,108.0,78.0,16.0,0.6,0.6,0.4,-72.6,-38.3,-9.1,-38.0,83.0,40.4,16.0,0.6,0.6,0.4,-79.2,-49.5,-2.9,-44.1,83.0,41.4,16.0,0.6,0.6,0.4,-31.6,-13.3,-1.8,-15.1,82.0,15.5,16.0,0.6,0.6,0.4,-39.0,-15.9,-1.4,-18.2,82.0,18.8,16.0,0.6,0.6,0.4,97.5,551.5,1443.0,734.5,109.0,723.0,16.0,0.6,0.6,0.4,95.0,550.0,1445.0,735.0,109.0,725.0,16.0,0.6,0.6,0.4
1974,2,343.0,27.0,17.5,18.6,20.0,18.69,64.0,1.15,16.0,0.6,0.7,0.4,17.0,18.0,19.0,18.14,64.0,1.18,16.0,0.6,0.7,0.4,7.7,8.74,10.31,8.99,51.0,1.39,16.0,0.6,0.7,0.4,63.0,70.7,80.8,70.4,51.0,9.3,16.0,0.6,0.4,4.6,7.7,10.93,7.61,60.0,3.37,16.0,0.6,0.7,0.4,-7.41,-4.36,-0.39,-3.99,60.0,3.71,16.0,0.6,0.7,0.4,-8.14,-5.36,0.0,-4.58,60.0,4.35,16.0,0.6,0.7,0.4,1015.0,1020.3,1024.3,1019.85,64.0,4.88,16.0,0.6,0.7,0.4,0.0,2.0,6.0,2.8,63.0,2.5,16.0,0.6,0.7,0.4,-73.3,-30.5,-1.2,-37.2,60.0,41.4,16.0,0.6,0.7,0.4,-79.5,-38.3,0.0,-42.4,60.0,49.2,16.0,0.6,0.7,0.4,-1.0,0.8,1.9,0.55,64.0,1.48,16.0,0.6,0.7,0.4,-7.5,5.7,14.8,4.4,60.0,12.2,16.0,0.6,0.7,0.4,3.22,4.58,6.11,4.49,51.0,1.5,16.0,0.6,0.7,0.4,16.9,34.2,49.8,33.5,48.0,17.9,16.0,0.7,0.7,0.4,-138.8,-78.8,-6.9,-72.1,60.0,67.5,16.0,0.6,0.7,0.4,-144.5,-96.7,0.0,-82.0,60.0,79.3,16.0,0.6,0.7,0.4,-60.9,-40.6,-4.2,-37.5,48.0,36.8,16.0,0.7,0.7,0.4,-69.1,-49.1,0.0,-37.4,48.0,41.7,16.0,0.7,0.7,0.4,-36.2,-16.7,-0.6,-17.1,48.0,17.9,16.0,0.7,0.7,0.4,-39.4,-22.3,0.0,-20.8,48.0,20.1,16.0,0.7,0.7,0.4,97.5,456.5,1305.0,682.0,60.0,728.0,16.0,0.6,0.7,0.4,95.0,455.0,1305.0,680.0,60.0,730.0,16.0,0.6,0.7,0.4
1974,2,343.0,28.0,18.0,18.9,19.0,18.66,36.0,0.89,14.0,0.5,0.9,0.3,16.2,17.0,18.31,17.39,37.0,1.38,14.0,0.5,0.9,0.3,7.94,8.57,10.19,8.81,24.0,1.39,16.0,0.5,0.9,0.3,66.0,71.9,81.1,72.4,24.0,10.5,16.0,0.5,0.3,3.96,8.2,12.09,8.16,37.0,4.31,14.0,0.5,0.9,0.3,-7.86,-3.85,0.27,-3.14,37.0,5.01,14.0,0.5,0.9,0.3,-9.49,-5.9,0.0,-5.24,37.0,4.86,14.0,0.5,0.9,0.3,1016.71,1023.1,1025.37,1021.2,37.0,5.79,14.0,0.5,0.9,0.3,0.7,3.0,6.0,3.4,37.0,2.4,14.0,0.5,0.9,0.3,-98.5,-23.5,0.3,-31.4,37.0,58.8,14.0,0.5,0.9,0.3,-116.9,-45.4,0.0,-59.3,37.0,67.5,14.0,0.5,0.9,0.3,-0.34,1.3,2.62,1.26,36.0,1.39,14.0,0.5,0.9,0.3,-3.2,8.5,24.7,10.8,36.0,15.6,14.0,0.5,0.9,0.3,2.61,4.32,5.79,4.34,23.0,1.53,16.0,0.5,0.9,0.3,10.9,27.8,60.3,35.0,23.0,28.1,16.0,0.5,0.9,0.3,-137.6,-65.4,4.8,-52.7,37.0,87.6,14.0,0.5,0.9,0.3,-171.3,-112.4,0.0,-91.5,37.0,84.5,14.0,0.5,0.9,0.3,-65.4,-37.4,-10.9,-36.9,24.0,25.3,16.0,0.5,0.9,0.3,-93.2,-51.0,-2.4,-45.6,24.0,43.7,16.0,0.5,0.9,0.3,-43.5,-14.9,-3.2,-20.8,23.0,17.5,16.0,0.5,0.9,0.3,-42.7,-19.1,-0.4,-25.1,23.0,25.6,16.0,0.5,0.9,0.3,62.5,551.5,1766.0,982.0,37.0,1139.5,14.0,0.5,0.9,0.3,65.0,550.0,1765.0,980.0,37.0,1140.0,14.0,0.5,0.9,0.3
1974,2,343.0,29.0,17.76,18.0,19.0,18.26,7.0,0.77,14.0,0.4,0.4,0.6,16.0,18.2,19.66,17.99,10.0,1.74,16.0,0.4,0.4,0.6,8.01,9.28,10.51,9.26,4.0,1.53,14.0,0.3,0.5,0.6,66.2,73.2,83.4,74.9,5.0,10.6,14.0,0.4,0.6,3.69,6.0,11.03,6.94,10.0,4.01,16.0,0.4,0.4,0.6,-3.86,-2.05,0.0,-2.02,10.0,3.33,16.0,0.4,0.4,0.6,-10.33,-5.28,-2.09,-5.15,10.0,4.94,16.0,0.4,0.4,0.6,1022.76,1025.9,1026.7,1025.14,9.0,2.56,18.0,0.3,0.4,0.5,2.3,4.0,5.7,3.9,9.0,2.1,16.0,0.4,0.4,0.5,-28.4,-11.4,0.0,-19.6,10.0,43.8,16.0,0.4,0.4,0.6,-118.6,-32.5,-5.1,-49.6,10.0,60.5,16.0,0.4,0.4,0.6,-1.43,1.0,3.02,0.69,7.0,2.18,14.0,0.4,0.4,0.6,-5.5,3.0,40.3,10.5,7.0,22.4,14.0,0.4,0.4,0.6,2.55,3.74,5.46,3.99,4.0,1.73,14.0,0.3,0.5,0.6,7.6,34.8,72.6,39.9,4.0,38.9,14.0,0.3,0.5,0.6,-77.8,-34.9,0.0,-35.7,10.0,56.7,16.0,0.4,0.4,0.6,-173.3,-105.1,-36.0,-89.1,10.0,84.3,16.0,0.4,0.4,0.6,-48.4,-21.4,-11.1,-29.4,4.0,28.0,14.0,0.3,0.5,0.6,-91.6,-63.3,-28.2,-60.1,4.0,38.6,14.0,0.3,0.5,0.6,-33.7,-8.0,-3.5,-18.1,4.0,25.0,14.0,0.3,0.5,0.6,-61.6,-33.6,-6.7,-34.2,4.0,31.8,14.0,0.3,0.5,0.6,57.0,216.0,1367.5,666.5,10.0,967.0,16.0,0.4,0.4,0.6,55.0,215.0,1370.0,665.0,10.0,965.0,16.0,0.4,0.4,0.6
1974,2,343.0,30.0,16.92,17.6,20.0,18.19,11.0,1.46,14.0,0.5,0.5,0.4,16.15,16.75,17.7,17.07,12.0,1.36,14.0,0.4,0.5,0.4,7.6,8.78,10.09,8.87,10.0,1.47,16.0,0.4,0.6,0.4,66.1,72.2,86.2,74.4,10.0,10.6,16.0,0.4,0.4,3.06,3.1,10.3,6.03,11.0,3.55,14.0,0.5,0.5,0.4,-5.85,-1.88,-0.62,-3.09,11.0,3.23,14.0,0.5,0.5,0.4,-7.68,-2.95,-1.17,-4.19,11.0,3.52,14.0,0.5,0.5,0.4,1014.53,1024.25,1027.93,1021.47,12.0,8.45,14.0,0.4,0.5,0.4,2.5,6.0,7.0,4.8,12.0,2.5,14.0,0.4,0.5,0.4,-49.3,-9.6,-1.9,-25.7,11.0,33.3,14.0,0.5,0.5,0.4,-71.4,-9.0,-3.0,-32.4,11.0,41.2,14.0,0.5,0.5,0.4,-0.21,0.6,2.25,1.09,11.0,1.51,14.0,0.5,0.5,0.4,0.8,5.2,11.0,7.1,10.0,9.1,14.0,0.5,0.6,0.4,2.46,3.65,5.16,3.9,10.0,1.64,16.0,0.4,0.6,0.4,11.0,24.7,35.5,26.5,9.0,16.7,16.0,0.4,0.6,0.5,-96.0,-31.9,-10.4,-51.1,11.0,53.0,14.0,0.5,0.5,0.4,-127.1,-54.1,-18.9,-71.0,11.0,58.3,14.0,0.5,0.5,0.4,-49.0,-31.1,-12.0,-33.1,9.0,30.3,16.0,0.4,0.6,0.5,-67.2,-32.5,-4.0,-37.3,9.0,32.9,16.0,0.4,0.6,0.5,-23.7,-12.4,-4.6,-13.0,9.0,8.9,16.0,0.4,0.6,0.5,-31.8,-14.8,-2.5,-19.8,9.0,18.8,16.0,0.4,0.6,0.5,28.5,30.0,1092.5,438.0,11.0,510.5,14.0,0.5,0.5,0.4,30.0,30.0,1095.0,440.0,11.0,510.0,14.0,0.5,0.5,0.4
1974,2,343.0,31.0,16.9,17.8,19.82,18.08,13.0,1.4,10.0,0.5,0.5,0.4,16.04,16.8,18.8,17.19,15.0,1.5,10.0,0.5,0.6,0.4,6.98,7.91,9.19,8.04,7.0,1.25,12.0,0.3,0.5,0.4,60.1,67.1,74.0,67.3,8.0,7.3,12.0,0.3,0.4,4.1,5.1,7.82,5.62,15.0,2.53,10.0,0.5,0.6,0.4,-6.38,0.0,5.65,-0.37,15.0,5.37,10.0,0.5,0.6,0.4,-4.36,-1.25,0.0,-1.65,15.0,2.89,10.0,0.5,0.6,0.4,1019.74,1022.55,1027.19,1023.01,14.0,3.46,12.0,0.5,0.5,0.4,1.1,4.5,7.0,4.2,14.0,2.9,12.0,0.5,0.6,0.4,-42.2,0.0,36.0,-2.8,15.0,40.6,10.0,0.5,0.6,0.4,-30.9,-9.0,0.0,-13.1,15.0,21.3,10.0,0.5,0.6,0.4,-0.87,1.1,3.12,1.02,13.0,2.07,10.0,0.5,0.5,0.4,-3.8,4.5,20.8,5.8,13.0,15.0,10.0,0.5,0.5,0.4,3.38,4.9,6.0,4.74,7.0,1.32,12.0,0.3,0.5,0.4,18.7,29.4,41.1,31.3,7.0,15.3,12.0,0.3,0.5,0.4,-99.8,0.0,92.9,-2.0,15.0,93.1,10.0,0.5,0.6,0.4,-84.3,-21.3,0.0,-28.9,15.0,49.3,10.0,0.5,0.6,0.4,-33.0,-22.3,47.5,5.5,7.0,49.8,12.0,0.3,0.5,0.4,-40.7,-26.5,0.0,-25.1,7.0,18.8,12.0,0.3,0.5,0.4,-20.3,-10.7,29.6,-0.6,7.0,30.1,12.0,0.3,0.5,0.4,-26.9,-13.1,0.0,-15.3,7.0,14.2,12.0,0.3,0.5,0.4,69.0,132.5,481.0,274.0,15.0,284.5,10.0,0.5,0.6,0.4,70.0,135.0,480.0,275.0,15.0,285.0,10.0,0.5,0.6,0.4
1974,2,343.0,32.0,16.08,17.25,18.62,17.39,16.0,1.2,12.0,0.4,0.7,0.4,15.21,16.4,18.12,16.53,16.0,1.48,12.0,0.4,0.7,0.4,7.08,7.96,9.63,8.24,7.0,1.41,14.0,0.3,0.7,0.6,66.0,69.5,81.9,73.4,7.0,9.6,14.0,0.3,0.6,0.38,5.65,10.73,5.57,16.0,4.08,12.0,0.4,0.7,0.4,-2.93,0.0,3.23,0.09,16.0,2.96,12.0,0.4,0.7,0.4,-10.63,-0.85,2.79,-2.89,16.0,5.66,12.0,0.4,0.7,0.4,1021.44,1025.0,1027.52,1024.76,16.0,3.64,12.0,0.4,0.7,0.4,0.0,2.5,5.6,2.7,16.0,2.5,12.0,0.4,0.7,0.4,-15.0,0.0,17.3,0.1,16.0,21.5,12.0,0.4,0.7,0.4,-114.2,-1.9,13.4,-30.3,16.0,57.2,12.0,0.4,0.7,0.4,-1.22,1.0,2.77,0.87,16.0,1.93,12.0,0.4,0.7,0.4,-1.3,5.3,15.8,6.1,16.0,11.4,12.0,0.4,0.7,0.4,3.02,4.29,5.43,4.04,7.0,1.66,14.0,0.3,0.7,0.6,5.4,19.4,34.6,21.1,7.0,15.5,14.0,0.3,0.7,0.6,-44.6,0.0,50.0,2.1,16.0,49.3,12.0,0.4,0.7,0.4,-168.5,-12.8,45.3,-45.8,16.0,93.1,12.0,0.4,0.7,0.4,-0.7,0.0,29.1,12.8,7.0,24.6,14.0,0.3,0.7,0.6,-60.4,-25.1,24.4,-20.0,7.0,47.0,14.0,0.3,0.7,0.6,-0.4,0.0,12.1,4.1,7.0,9.6,14.0,0.3,0.7,0.6,-32.6,-14.5,4.3,-12.7,7.0,21.5,14.0,0.3,0.7,0.6,0.5,185.5,1240.5,438.0,16.0,580.5,12.0,0.4,0.7,0.4,0.0,185.0,1240.0,440.0,16.0,580.0,12.0,0.4,0.7,0.4
1974,2,343.0,33.0,16.0,17.0,18.03,17.07,13.0,1.25,14.0,0.5,0.6,0.4,15.15,16.1,18.0,16.43,12.0,1.15,14.0,0.5,0.5,0.5,7.93,8.57,10.09,8.71,6.0,1.42,14.0,0.7,0.5,0.5,71.6,77.6,79.2,75.1,6.0,7.2,14.0,0.7,0.5,2.55,6.2,12.46,7.48,13.0,5.09,14.0,0.5,0.6,0.4,-3.87,0.36,4.96,1.26,13.0,6.35,14.0,0.5,0.6,0.4,-9.44,-2.3,2.25,-3.44,13.0,5.63,14.0,0.5,0.6,0.4,1018.16,1022.5,1029.6,1022.57,13.0,7.13,14.0,0.5,0.6,0.4,3.7,6.0,7.3,5.6,12.0,2.0,16.0,0.5,0.5,0.5,-16.0,0.8,36.0,21.2,13.0,93.5,14.0,0.5,0.6,0.4,-121.0,-10.6,6.3,-44.2,13.0,68.5,14.0,0.5,0.6,0.4,-1.05,1.0,2.48,0.73,12.0,2.01,14.0,0.5,0.5,0.5,-9.1,2.4,14.7,0.9,12.0,15.7,14.0,0.5,0.5,0.5,1.84,3.66,5.96,3.86,6.0,2.01,14.0,0.7,0.5,0.5,11.4,15.4,28.8,19.3,6.0,10.2,14.0,0.7,0.5,0.5,-59.9,22.3,94.0,21.9,12.0,111.2,14.0,0.5,0.5,0.5,-142.0,-29.6,41.4,-44.8,12.0,90.3,14.0,0.5,0.5,0.5,-26.6,10.5,34.8,7.1,6.0,32.5,14.0,0.7,0.5,0.5,-31.5,-8.3,43.9,-3.1,6.0,47.0,14.0,0.7,0.5,0.5,-16.0,3.0,8.9,-1.9,6.0,14.8,14.0,0.7,0.5,0.5,-14.8,-6.5,7.1,-7.0,6.0,16.4,14.0,0.7,0.5,0.5,17.0,238.5,1945.5,1030.0,13.0,1674.0,14.0,0.5,0.6,0.4,15.0,240.0,1945.0,1030.0,13.0,1675.0,14.0,0.5,0.6,0.4
1974,2,343.0,34.0,15.36,17.0,18.01,16.76,19.0,1.52,14.0,0.3,0.6,0.5,14.26,16.2,17.47,16.21,21.0,1.87,14.0,0.3,0.6,0.5,7.34,8.65,9.52,8.45,11.0,1.42,16.0,0.4,0.5,0.5,66.0,71.2,86.5,72.7,12.0,11.4,14.0,0.3,0.5,2.84,5.1,9.11,6.49,21.0,3.8,16.0,0.3,0.6,0.5,-4.78,-1.97,3.77,-1.31,21.0,5.14,16.0,0.3,0.6,0.5,-7.45,-1.25,-0.06,-2.9,21.0,4.64,16.0,0.3,0.6,0.5,1012.45,1022.4,1027.16,1020.71,21.0,7.3,16.0,0.3,0.6,0.5,2.7,7.5,8.0,6.0,22.0,2.7,16.0,0.3,0.6,0.5,-37.1,-3.9,20.4,-16.1,21.0,56.6,16.0,0.3,0.6,0.5,-59.8,-9.0,-0.1,-29.0,21.0,54.6,16.0,0.3,0.6,0.5,-1.62,0.35,1.5,0.12,18.0,1.66,14.0,0.3,0.6,0.5,-6.7,1.6,12.9,2.9,17.0,12.7,14.0,0.3,0.6,0.5,2.95,3.51,4.59,3.5,11.0,1.67,16.0,0.4,0.5,0.5,9.7,20.4,33.7,20.3,11.0,12.8,16.0,0.4,0.5,0.5,-67.2,-32.0,61.5,-15.7,20.0,84.5,16.0,0.3,0.6,0.5,-115.7,-21.6,-0.1,-35.0,20.0,62.4,16.0,0.3,0.6,0.5,-25.5,-17.3,50.5,3.9,11.0,39.0,16.0,0.4,0.5,0.5,-56.9,-10.0,19.5,-17.8,11.0,42.3,16.0,0.4,0.5,0.5,-15.1,-8.6,8.7,-4.3,11.0,12.7,16.0,0.4,0.5,0.5,-30.3,-3.1,8.9,-9.0,11.0,18.6,16.0,0.4,0.5,0.5,25.5,132.5,760.5,586.0,21.0,960.5,16.0,0.3,0.6,0.5,25.0,135.0,760.0,585.0,21.0,960.0,16.0,0.3,0.6,0.5
1974,2,343.0,35.0,16.0,16.7,17.78,16.67,15.0,0.93,18.0,0.7,0.6,0.5,14.43,16.0,17.71,16.09,16.0,1.47,16.0,0.8,0.6,0.4,5.85,7.88,9.83,7.91,11.0,1.87,18.0,0.8,0.6,0.5,60.4,69.4,84.3,71.4,11.0,12.2,18.0,0.8,0.5,4.6,7.7,11.81,8.21,16.0,4.17,16.0,0.8,0.6,0.4,-3.93,0.95,8.1,0.98,16.0,6.63,16.0,0.8,0.6,0.4,-7.6,-3.47,0.76,-4.11,16.0,5.12,16.0,0.8,0.6,0.4,1021.0,1022.25,1026.99,1023.13,16.0,4.55,16.0,0.8,0.6,0.4,2.4,7.0,8.0,5.8,16.0,2.4,16.0,0.8,0.6,0.4,-25.3,10.6,75.0,8.1,16.0,74.4,16.0,0.8,0.6,0.4,-83.3,-16.0,6.3,-44.7,16.0,79.3,16.0,0.8,0.6,0.4,-0.48,0.5,1.96,0.65,15.0,1.45,18.0,0.7,0.6,0.5,-4.9,2.3,14.8,4.0,15.0,12.6,18.0,0.7,0.6,0.5,2.13,3.99,5.42,3.95,11.0,1.48,18.0,0.8,0.6,0.5,13.7,27.0,40.8,30.2,11.0,22.3,18.0,0.8,0.6,0.5,-61.2,13.5,133.2,16.9,16.0,113.2,16.0,0.8,0.6,0.4,-127.5,-49.8,13.3,-63.0,16.0,80.9,16.0,0.8,0.6,0.4,-22.4,-7.2,59.6,7.8,11.0,53.4,18.0,0.8,0.6,0.5,-71.0,-23.0,-2.3,-32.5,11.0,40.3,18.0,0.8,0.6,0.5,-16.8,-5.4,16.0,0.9,11.0,18.6,18.0,0.8,0.6,0.5,-32.7,-14.9,-3.3,-20.3,11.0,26.5,18.0,0.8,0.6,0.5,97.5,456.5,1659.5,995.5,16.0,1372.0,16.0,0.8,0.6,0.4,95.0,455.0,1660.0,995.0,16.0,1370.0,16.0,0.8,0.6,0.4
1974,2,343.0,36.0,15.0,15.65,16.79,15.87,18.0,1.34,16.0,0.6,0.4,0.4,13.44,14.4,15.75,14.51,18.0,1.1,16.0,0.6,0.4,0.5,5.91,6.59,9.28,7.34,16.0,1.66,14.0,0.5,0.5,0.5,58.3,65.8,95.0,72.6,16.0,17.0,14.0,0.5,0.5,4.1,5.7,12.9,7.74,19.0,4.61,16.0,0.6,0.4,0.4,-3.87,3.28,10.03,2.84,19.0,6.45,16.0,0.6,0.4,0.4,-5.79,-2.25,2.74,-2.67,19.0,5.17,16.0,0.6,0.4,0.4,1017.6,1026.0,1027.84,1023.41,19.0,5.56,16.0,0.6,0.4,0.4,5.4,7.0,8.0,6.8,16.0,1.1,16.0,0.6,0.4,0.4,-16.5,16.7,107.8,42.7,19.0,82.1,16.0,0.6,0.4,0.4,-65.5,-5.9,13.9,-34.0,19.0,75.6,16.0,0.6,0.4,0.4,-0.29,1.7,2.3,1.31,17.0,1.54,16.0,0.5,0.4,0.5,-2.5,7.7,19.8,10.2,17.0,16.4,16.0,0.5,0.4,0.5,1.72,3.97,5.94,3.81,16.0,1.94,14.0,0.5,0.5,0.5,11.1,20.5,42.9,27.2,16.0,20.8,14.0,0.5,0.5,0.5,-54.9,32.3,110.5,33.2,18.0,85.2,16.0,0.6,0.4,0.5,-64.3,-29.5,37.6,-31.4,18.0,66.9,16.0,0.6,0.4,0.5,-23.1,24.2,65.0,26.6,16.0,48.1,14.0,0.5,0.5,0.5,-44.2,-14.6,16.5,-16.8,16.0,30.8,14.0,0.5,0.5,0.5,-13.8,10.3,31.1,9.1,16.0,21.9,14.0,0.5,0.5,0.5,-15.2,-4.8,6.5,-8.8,16.0,23.8,14.0,0.5,0.5,0.5,69.0,185.0,2146.5,1019.0,19.0,1721.0,16.0,0.6,0.4,0.4,70.0,185.0,2145.0,1020.0,19.0,1720.0,16.0,0.6,0.4,0.4
1974,2,343.0,37.0,14.17,15.05,15.83,15.04,10.0,0.99,14.0,0.8,0.7,0.4,14.5,14.9,15.27,14.93,10.0,0.83,14.0,0.8,0.7,0.4,6.78,7.63,8.97,7.81,8.0,0.97,14.0,0.9,0.7,0.4,64.4,76.7,86.9,75.4,8.0,10.2,14.0,0.9,0.4,1.13,5.7,9.6,5.72,9.0,4.2,14.0,0.8,0.7,0.4,-5.3,-0.34,0.0,-2.08,9.0,2.81,14.0,0.8,0.7,0.4,-7.91,0.0,0.97,-1.77,9.0,6.18,14.0,0.8,0.7,0.4,1015.54,1020.5,1026.91,1020.94,10.0,5.11,14.0,0.8,0.7,0.4,4.9,7.0,8.0,6.2,10.0,2.6,14.0,0.8,0.7,0.4,-33.1,-0.3,0.0,-14.0,9.0,17.3,14.0,0.8,0.7,0.4,-78.0,0.0,1.0,-25.1,9.0,67.7,14.0,0.8,0.7,0.4,-0.56,0.05,1.21,0.11,10.0,0.99,14.0,0.8,0.7,0.4,-4.4,-1.0,5.2,-0.1,9.0,4.6,14.0,0.8,0.7,0.4,1.87,2.18,4.03,2.61,8.0,1.09,14.0,0.9,0.7,0.4,2.9,9.5,22.7,11.9,7.0,9.5,12.0,0.9,0.7,0.4,-75.4,-5.1,0.0,-30.2,9.0,41.0,14.0,0.8,0.7,0.4,-114.6,0.0,15.8,-25.7,9.0,92.3,14.0,0.8,0.7,0.4,-36.0,-3.1,0.5,-13.8,7.0,19.6,12.0,0.9,0.7,0.4,-23.3,1.7,11.2,-2.0,7.0,40.8,12.0,0.9,0.7,0.4,-10.1,-0.5,0.3,-4.9,7.0,9.3,12.0,0.9,0.7,0.4,-13.3,1.1,3.5,-2.0,7.0,11.7,12.0,0.9,0.7,0.4,1.5,185.0,921.0,478.5,9.0,731.0,14.0,0.8,0.7,0.4,0.0,185.0,920.0,480.0,9.0,730.0,14.0,0.8,0.7,0.4
1974,2,343.0,38.0,13.46,14.2,15.53,14.41,8.0,1.05,14.0,0.4,0.7,0.4,13.02,15.1,16.72,14.83,8.0,1.82,14.0,0.4,0.7,0.4,7.0,9.15,9.99,8.64,6.0,1.59,14.0,0.3,0.6,0.3,72.3,83.0,90.2,81.8,6.0,9.7,14.0,0.3,0.3,5.03,8.2,10.57,8.21,7.0,4.19,14.0,0.4,0.6,0.4,-5.1,5.15,8.81,3.06,7.0,6.26,14.0,0.4,0.6,0.4,-5.6,0.0,3.65,-0.28,7.0,6.79,14.0,0.4,0.6,0.4,1017.06,1022.55,1028.1,1022.15,8.0,5.24,14.0,0.4,0.7,0.4,3.1,4.5,6.8,4.6,8.0,2.2,14.0,0.4,0.7,0.4,-26.0,51.5,85.2,43.0,7.0,67.0,14.0,0.4,0.6,0.4,-50.4,0.0,32.6,-14.7,7.0,88.8,14.0,0.4,0.6,0.4,-2.09,0.05,1.03,-0.41,8.0,1.58,14.0,0.4,0.7,0.4,-21.0,-3.2,5.7,-6.0,7.0,14.4,14.0,0.4,0.6,0.4,-0.26,1.54,2.63,1.45,6.0,1.64,14.0,0.3,0.6,0.3,-2.5,8.2,14.6,6.9,5.0,9.5,16.0,0.4,0.6,0.3,-62.9,87.6,135.2,50.3,7.0,87.7,14.0,0.4,0.6,0.4,-85.5,0.0,61.4,2.5,7.0,101.1,14.0,0.4,0.6,0.4,-33.8,10.6,64.9,16.2,5.0,53.5,16.0,0.4,0.6,0.3,0.0,29.2,53.1,30.2,5.0,36.9,16.0,0.4,0.6,0.3,-14.6,-2.2,0.2,-6.4,5.0,9.1,16.0,0.4,0.6,0.3,-1.4,0.0,2.8,0.9,5.0,3.9,16.0,0.4,0.6,0.3,128.5,551.5,1232.5,968.5,7.0,1401.0,14.0,0.4,0.6,0.4,130.0,550.0,1235.0,970.0,7.0,1400.0,14.0,0.4,0.6,0.4
1974,2,343.0,39.0,12.78,14.0,14.89,14.09,9.0,1.47,14.0,0.3,0.5,0.6,12.35,14.3,16.0,13.85,11.0,1.81,12.0,0.3,0.5,0.6,6.16,7.22,8.88,7.4,8.0,1.46,14.0,0.3,0.5,0.5,69.2,75.6,82.1,74.9,8.0,8.5,14.0,0.3,0.5,5.49,6.95,18.43,10.15,10.0,6.35,12.0,0.3,0.5,0.6,-2.84,5.37,14.94,5.62,10.0,8.7,12.0,0.3,0.5,0.6,-3.06,1.99,5.64,1.87,10.0,6.34,12.0,0.3,0.5,0.6,1011.17,1021.2,1025.53,1019.05,11.0,8.02,12.0,0.3,0.5,0.6,1.5,7.0,8.0,5.4,9.0,3.2,12.0,0.3,0.4,0.6,-14.9,32.7,267.4,98.8,10.0,153.6,12.0,0.3,0.5,0.6,-37.4,11.3,45.1,19.7,10.0,110.7,12.0,0.3,0.5,0.6,-0.42,0.0,1.29,0.28,9.0,0.86,14.0,0.3,0.5,0.6,-2.2,0.0,6.1,1.0,9.0,9.2,14.0,0.3,0.5,0.6,1.3,3.02,3.6,2.61,7.0,1.04,16.0,0.3,0.5,0.5,14.4,25.5,53.7,30.3,7.0,20.3,16.0,0.3,0.5,0.5,-36.9,75.4,224.7,83.9,10.0,124.0,12.0,0.3,0.5,0.6,-41.4,31.4,66.6,28.2,10.0,94.7,12.0,0.3,0.5,0.6,-12.0,43.1,118.8,53.9,8.0,66.4,14.0,0.3,0.5,0.5,-20.8,10.6,38.4,18.1,8.0,59.5,14.0,0.3,0.5,0.5,-10.3,16.4,52.7,16.0,7.0,30.9,16.0,0.3,0.5,0.5,-11.8,-9.2,15.0,-1.7,7.0,15.1,16.0,0.3,0.5,0.5,168.5,347.5,6343.5,2320.0,10.0,3378.5,12.0,0.3,0.5,0.6,170.0,345.0,6345.0,2320.0,10.0,3380.0,12.0,0.3,0.5,0.6
1974,2,343.0,40.0,13.3,14.0,15.25,14.38,12.0,1.2,12.0,0.5,0.6,0.4,11.84,13.6,14.58,13.42,15.0,1.41,12.0,0.5,0.6,0.4,5.73,7.11,8.99,7.3,11.0,1.48,12.0,0.5,0.6,0.4,64.1,75.2,89.4,75.8,11.0,10.5,12.0,0.5,0.4,6.77,9.3,18.87,11.88,15.0,6.55,12.0,0.5,0.6,0.4,1.26,5.36,17.08,7.86,15.0,8.17,12.0,0.5,0.6,0.4,-9.27,-1.61,2.5,-3.02,15.0,7.17,12.0,0.5,0.6,0.4,1012.52,1016.5,1023.42,1017.13,15.0,7.14,12.0,0.5,0.6,0.4,3.1,6.0,8.0,5.6,14.0,2.2,12.0,0.6,0.6,0.4,8.3,37.5,355.8,134.5,15.0,175.4,12.0,0.5,0.6,0.4,-86.2,-15.0,12.0,-62.6,15.0,139.5,12.0,0.5,0.6,0.4,-0.2,0.0,1.55,0.49,12.0,1.05,12.0,0.5,0.6,0.4,-2.9,0.0,12.4,3.9,12.0,8.6,12.0,0.5,0.6,0.4,1.56,2.44,3.13,2.52,10.0,1.0,12.0,0.5,0.6,0.4,12.0,26.5,38.6,25.1,10.0,13.4,12.0,0.5,0.6,0.4,15.0,84.2,216.5,103.2,15.0,104.4,12.0,0.5,0.6,0.4,-120.6,-21.5,37.2,-35.2,15.0,94.0,12.0,0.5,0.6,0.4,3.6,31.0,89.4,39.6,11.0,53.3,12.0,0.5,0.6,0.4,-51.8,-10.7,22.7,-13.9,11.0,51.2,12.0,0.5,0.6,0.4,3.7,8.3,30.9,14.3,10.0,18.5,12.0,0.5,0.6,0.4,-28.6,-2.3,5.0,-7.8,10.0,15.5,12.0,0.5,0.6,0.4,310.0,804.5,6959.5,3328.0,15.0,5096.0,12.0,0.5,0.6,0.4,310.0,805.0,6960.0,3330.0,15.0,5095.0,12.0,0.5,0.6,0.4
1974,2,343.0,41.0,12.0,13.3,15.1,13.55,13.0,1.71,12.0,0.5,0.7,0.4,12.31,13.1,15.0,13.67,14.0,1.69,14.0,0.5,0.7,0.4,5.82,7.21,8.47,7.39,11.0,1.62,12.0,0.5,0.7,0.4,60.9,78.8,88.2,76.3,11.0,14.1,12.0,0.5,0.4,5.17,10.25,18.97,11.87,14.0,6.19,14.0,0.5,0.7,0.4,0.93,8.88,17.29,8.96,14.0,7.74,14.0,0.5,0.7,0.4,-7.6,-0.69,6.16,-1.11,14.0,6.51,14.0,0.5,0.7,0.4,1001.31,1019.35,1027.78,1016.11,14.0,11.3,14.0,0.5,0.7,0.4,5.0,7.0,8.0,6.5,14.0,1.7,14.0,0.5,0.7,0.4,4.7,95.3,343.8,148.5,14.0,154.0,14.0,0.5,0.7,0.4,-107.6,-5.6,49.8,-21.1,14.0,102.0,14.0,0.5,0.7,0.4,-1.28,-0.5,1.7,-0.25,13.0,1.74,12.0,0.5,0.7,0.4,-12.6,-4.6,20.6,-3.1,13.0,28.7,12.0,0.5,0.7,0.4,0.61,1.66,3.77,2.1,11.0,1.49,12.0,0.5,0.7,0.4,7.3,12.4,50.5,25.9,11.0,25.1,12.0,0.5,0.7,0.4,12.2,132.0,212.5,122.4,14.0,104.0,14.0,0.5,0.7,0.4,-106.8,-11.9,81.8,-13.3,14.0,86.7,14.0,0.5,0.7,0.4,12.4,68.7,113.8,67.7,11.0,54.0,12.0,0.5,0.7,0.4,-46.7,0.0,56.0,3.8,11.0,51.7,12.0,0.5,0.7,0.4,2.0,7.2,44.5,20.5,11.0,26.6,12.0,0.5,0.7,0.4,-15.9,0.0,5.8,-2.7,11.0,13.8,12.0,0.5,0.7,0.4,139.5,1206.0,6825.5,2992.5,14.0,3341.5,14.0,0.5,0.7,0.4,140.0,1205.0,6825.0,2990.0,14.0,3340.0,14.0,0.5,0.7,0.4
1974,2,343.0,42.0,12.5,13.15,15.0,13.49,22.0,1.14,14.0,0.5,0.5,0.4,11.4,12.45,13.63,12.54,24.0,1.35,12.0,0.5,0.5,0.4,5.38,5.92,8.21,6.45,18.0,1.31,12.0,0.5,0.5,0.4,62.7,70.5,81.4,72.5,19.0,10.9,12.0,0.5,0.4,7.53,11.8,17.22,12.37,24.0,5.48,14.0,0.5,0.5,0.4,-2.66,8.91,16.66,7.45,24.0,9.51,14.0,0.5,0.5,0.4,-7.22,-3.25,0.0,-2.87,24.0,5.7,14.0,0.5,0.5,0.4,1008.8,1022.7,1027.44,1018.0,24.0,10.01,14.0,0.5,0.5,0.4,2.8,6.0,8.0,5.5,25.0,2.5,14.0,0.5,0.5,0.4,-14.5,91.5,288.9,133.1,24.0,178.9,14.0,0.5,0.5,0.4,-99.1,-22.7,0.0,-35.3,24.0,93.9,14.0,0.5,0.5,0.4,-1.07,1.1,2.1,1.02,21.0,1.71,14.0,0.5,0.4,0.5,-13.5,13.0,31.9,13.9,20.0,29.2,14.0,0.6,0.4,0.5,1.82,3.55,4.69,3.23,16.0,1.53,14.0,0.6,0.5,0.5,16.8,34.2,69.2,41.3,16.0,32.8,14.0,0.6,0.5,0.5,-10.6,125.5,205.8,100.8,23.0,116.7,14.0,0.5,0.5,0.4,-92.6,-36.1,0.0,-32.5,23.0,78.1,14.0,0.5,0.5,0.4,-18.9,65.3,102.8,48.3,18.0,57.9,12.0,0.5,0.5,0.4,-45.4,-16.3,0.0,-14.0,18.0,38.8,12.0,0.5,0.5,0.4,-20.0,13.8,66.4,23.9,16.0,45.0,14.0,0.6,0.5,0.5,-22.1,-5.1,0.0,-10.3,16.0,12.2,14.0,0.6,0.5,0.5,427.5,1652.0,5257.5,3074.5,24.0,4137.5,14.0,0.5,0.5,0.4,425.0,1650.0,5255.0,3075.0,24.0,4135.0,14.0,0.5,0.5,0.4
1974,2,343.0,43.0,12.0,12.6,14.0,12.93,33.0,1.19,12.0,0.7,0.5,0.5,10.71,12.5,13.59,12.18,39.0,1.54,12.0,0.6,0.5,0.5,5.29,6.35,8.31,6.69,29.0,1.48,12.0,0.7,0.5,0.5,60.2,72.9,89.4,74.6,30.0,13.5,12.0,0.7,0.5,7.2,12.9,18.0,12.97,39.0,6.13,12.0,0.6,0.5,0.5,-4.48,8.46,16.44,7.45,39.0,9.61,12.0,0.6,0.5,0.5,-9.46,-1.61,9.41,-1.44,39.0,7.67,12.0,0.6,0.5,0.5,1005.71,1018.8,1027.41,1017.07,38.0,9.75,14.0,0.6,0.5,0.5,3.4,6.0,8.0,5.7,35.0,2.2,12.0,0.7,0.5,0.5,-20.5,86.5,303.5,144.1,39.0,193.8,12.0,0.6,0.5,0.5,-144.5,-15.0,139.9,-25.5,39.0,124.1,12.0,0.6,0.5,0.5,-0.5,0.4,2.0,0.82,33.0,1.88,12.0,0.7,0.5,0.5,-10.2,3.4,40.8,11.6,33.0,28.0,12.0,0.7,0.5,0.5,0.46,2.55,3.73,2.35,25.0,1.54,12.0,0.7,0.5,0.5,1.4,25.0,64.6,31.6,25.0,29.9,12.0,0.7,0.5,0.5,-54.2,114.5,172.2,90.1,39.0,116.0,12.0,0.6,0.5,0.5,-104.1,-18.6,129.8,-12.1,39.0,98.0,12.0,0.6,0.5,0.5,-12.6,63.5,110.4,56.5,29.0,58.7,12.0,0.7,0.5,0.5,-52.2,-8.7,69.0,-2.3,29.0,57.9,12.0,0.7,0.5,0.5,-4.6,10.5,56.1,17.8,25.0,32.4,12.0,0.7,0.5,0.5,-30.8,-6.5,0.0,-13.2,25.0,19.4,12.0,0.7,0.5,0.5,373.0,2146.5,5832.0,3688.5,39.0,4655.5,12.0,0.6,0.5,0.5,375.0,2145.0,5830.0,3690.0,39.0,4655.0,12.0,0.6,0.5,0.5
1974,2,343.0,44.0,11.8,12.0,12.1,11.99,93.0,0.49,18.0,0.5,0.7,0.7,9.9,10.8,12.83,11.14,100.0,1.34,18.0,0.5,0.7,0.7,5.69,6.53,8.08,6.67,92.0,1.05,18.0,0.5,0.7,0.7,72.2,83.7,92.8,82.2,92.0,9.5,18.0,0.5,0.7,4.46,8.2,14.4,9.11,100.0,5.14,18.0,0.5,0.7,0.7,-5.36,0.31,9.3,2.02,100.0,7.05,18.0,0.5,0.7,0.7,-11.38,-0.93,6.0,-1.46,100.0,7.37,18.0,0.5,0.7,0.7,1013.08,1029.55,1031.4,1024.06,100.0,9.8,18.0,0.5,0.7,0.7,3.0,6.0,8.0,5.5,99.0,2.5,18.0,0.5,0.7,0.7,-31.0,1.1,111.0,44.7,100.0,105.4,18.0,0.5,0.7,0.7,-136.1,-2.3,57.4,-16.9,100.0,106.7,18.0,0.5,0.7,0.7,-0.54,1.2,1.94,0.92,93.0,1.27,18.0,0.5,0.7,0.7,-5.9,6.1,25.7,8.5,93.0,16.7,18.0,0.5,0.7,0.7,1.0,2.02,2.86,1.95,88.0,1.0,18.0,0.6,0.7,0.7,4.9,12.8,29.5,16.9,88.0,14.7,18.0,0.6,0.7,0.7,-57.8,3.1,109.8,25.4,100.0,81.2,18.0,0.5,0.7,0.7,-107.5,-10.0,70.8,-10.2,100.0,82.2,18.0,0.5,0.7,0.7,-35.8,0.0,66.0,15.6,92.0,51.2,18.0,0.5,0.7,0.7,-66.3,-5.8,33.3,-6.4,92.0,52.8,18.0,0.5,0.7,0.7,-11.5,0.0,10.2,1.5,88.0,14.7,18.0,0.6,0.7,0.7,-26.1,-2.4,2.4,-8.0,88.0,14.9,18.0,0.6,0.7,0.7,89.0,551.5,2986.0,1544.0,100.0,2413.0,18.0,0.5,0.7,0.7,90.0,550.0,2985.0,1545.0,100.0,2415.0,18.0,0.5,0.7,0.7
1974,2,343.0,45.0,11.5,11.8,12.0,11.82,204.0,0.36,16.0,0.5,0.8,0.1,9.8,10.9,12.07,10.84,211.0,1.24,16.0,0.5,0.8,0.1,5.32,5.89,7.63,6.28,204.0,1.15,16.0,0.5,0.8,0.1,67.7,76.3,88.2,77.9,204.0,10.0,16.0,0.5,0.1,5.7,12.05,18.5,11.82,212.0,6.25,16.0,0.5,0.8,0.1,-6.3,7.39,16.5,5.36,212.0,10.02,16.0,0.5,0.8,0.1,-7.93,-0.94,5.65,-1.44,212.0,6.92,16.0,0.5,0.8,0.1,1002.13,1019.6,1030.4,1016.62,211.0,14.81,16.0,0.5,0.8,0.1,3.0,7.0,8.0,5.9,212.0,2.3,16.0,0.5,0.8,0.1,-46.5,89.4,298.1,113.6,212.0,168.5,16.0,0.5,0.8,0.1,-144.6,-2.3,75.3,-25.1,212.0,120.6,16.0,0.5,0.8,0.1,-0.2,1.0,2.0,0.99,203.0,1.22,16.0,0.5,0.8,0.1,-3.3,6.6,24.8,11.2,203.0,21.0,16.0,0.5,0.8,0.1,0.94,2.7,3.24,2.28,200.0,1.13,16.0,0.5,0.8,0.1,4.8,20.0,49.6,25.4,200.0,21.3,16.0,0.5,0.8,0.1,-69.1,75.5,183.4,57.4,211.0,108.6,16.0,0.5,0.8,0.1,-79.3,-9.9,71.5,-10.0,211.0,76.8,16.0,0.5,0.8,0.1,-39.2,45.4,108.4,37.2,204.0,64.6,16.0,0.5,0.8,0.1,-48.6,-5.2,45.7,-4.6,204.0,47.2,16.0,0.5,0.8,0.1,-16.3,0.5,42.1,9.2,200.0,26.9,16.0,0.5,0.8,0.1,-24.0,-2.7,6.4,-7.1,200.0,15.6,16.0,0.5,0.8,0.1,185.0,1752.0,6331.5,3049.0,212.0,3608.5,16.0,0.5,0.8,0.1,185.0,1750.0,6330.0,3050.0,212.0,3610.0,16.0,0.5,0.8,0.1
1974,2,343.0,46.0,10.61,11.2,12.47,11.6,14.0,1.16,20.0,0.6,0.7,0.5,9.17,10.6,11.31,10.45,19.0,1.28,18.0,0.7,0.7,0.5,4.8,6.02,7.5,6.11,14.0,1.17,18.0,0.7,0.7,0.5,64.3,77.6,86.1,77.6,14.0,11.5,18.0,0.7,0.5,4.53,9.8,12.39,9.82,19.0,5.58,18.0,0.7,0.7,0.5,-3.75,6.45,11.56,4.69,19.0,8.7,18.0,0.7,0.7,0.5,-5.36,-2.67,3.44,-1.15,19.0,5.7,18.0,0.7,0.7,0.5,1012.57,1022.3,1028.84,1020.58,17.0,9.82,18.0,0.6,0.7,0.5,3.7,6.5,8.0,5.9,18.0,2.3,16.0,0.7,0.7,0.5,-33.6,67.2,142.2,83.3,19.0,164.1,18.0,0.7,0.7,0.5,-54.3,-16.2,30.2,-20.8,19.0,81.2,18.0,0.7,0.7,0.5,0.03,0.6,2.47,0.94,14.0,1.51,20.0,0.6,0.7,0.5,0.1,3.8,26.7,8.0,14.0,14.6,20.0,0.6,0.7,0.5,0.81,2.12,3.62,2.25,12.0,1.4,18.0,0.8,0.8,0.5,3.2,14.4,42.4,20.9,12.0,17.0,18.0,0.8,0.8,0.5,-39.7,65.8,112.7,45.1,19.0,84.9,18.0,0.7,0.7,0.5,-50.8,-23.5,37.9,-8.2,19.0,60.9,18.0,0.7,0.7,0.5,-18.0,37.0,55.0,20.9,14.0,41.4,18.0,0.7,0.7,0.5,-21.9,-7.1,47.4,-0.6,14.0,39.6,18.0,0.7,0.7,0.5,-10.4,1.1,40.4,9.6,12.0,22.1,18.0,0.8,0.8,0.5,-14.7,-1.0,5.8,-2.5,12.0,13.0,18.0,0.8,0.8,0.5,93.5,941.0,1902.0,2014.0,19.0,4280.0,18.0,0.7,0.7,0.5,95.0,940.0,1900.0,2015.0,19.0,4280.0,18.0,0.7,0.7,0.5
1974,2,343.0,47.0,10.89,11.4,13.34,11.92,10.0,1.19,18.0,0.7,0.6,0.6,10.04,10.7,11.69,10.91,16.0,1.21,18.0,0.7,0.6,0.5,5.35,5.92,7.68,6.37,14.0,1.14,18.0,0.7,0.6,0.6,69.8,75.7,90.9,78.8,14.0,10.1,18.0,0.7,0.6,3.36,8.25,19.61,11.54,16.0,8.82,18.0,0.7,0.6,0.5,-2.56,3.61,14.3,5.35,16.0,9.9,18.0,0.7,0.6,0.5,-10.18,0.23,6.6,-1.41,16.0,9.44,18.0,0.7,0.6,0.5,994.49,1023.2,1031.33,1015.59,15.0,18.3,18.0,0.7,0.6,0.6,4.0,6.5,8.0,6.1,16.0,2.1,18.0,0.7,0.6,0.5,-8.1,31.2,247.5,130.6,16.0,252.5,18.0,0.7,0.6,0.5,-195.5,0.6,46.4,-46.1,16.0,197.7,18.0,0.7,0.6,0.5,-0.17,0.5,2.07,0.81,10.0,1.22,18.0,0.7,0.6,0.6,-1.1,5.7,16.2,6.9,10.0,7.8,18.0,0.7,0.6,0.6,1.04,2.43,2.65,2.09,10.0,0.88,18.0,0.7,0.6,0.6,6.7,14.5,28.3,17.3,10.0,12.1,18.0,0.7,0.6,0.6,-27.8,41.0,153.7,58.0,16.0,101.7,18.0,0.7,0.6,0.5,-101.0,2.1,77.9,-12.5,16.0,103.0,18.0,0.7,0.6,0.5,-13.2,28.8,98.5,40.3,14.0,64.8,18.0,0.7,0.6,0.6,-54.7,-10.8,46.8,-10.3,14.0,69.4,18.0,0.7,0.6,0.6,-14.2,2.2,12.7,2.0,10.0,17.4,18.0,0.7,0.6,0.6,-10.9,1.4,13.0,2.0,10.0,12.9,18.0,0.7,0.6,0.6,48.0,589.0,7634.5,4613.0,16.0,8220.0,18.0,0.7,0.6,0.5,50.0,590.0,7635.0,4615.0,16.0,8220.0,18.0,0.7,0.6,0.5
1974,2,343.0,48.0,10.98,11.2,11.54,11.29,7.0,0.55,22.0,0.4,0.7,0.4,9.79,10.0,10.54,10.09,11.0,0.57,20.0,0.5,0.7,0.5,5.28,5.79,6.44,5.75,10.0,0.73,22.0,0.4,0.7,0.4,70.1,73.9,84.8,75.7,10.0,8.7,22.0,0.4,0.4,5.91,7.7,18.25,11.01,12.0,6.74,20.0,0.5,0.8,0.4,-0.58,5.62,16.85,6.54,12.0,8.76,20.0,0.5,0.8,0.4,-8.07,0.31,6.4,0.05,12.0,7.36,20.0,0.5,0.8,0.4,988.27,1023.3,1031.18,1015.13,12.0,19.59,20.0,0.5,0.8,0.4,3.7,6.5,8.0,6.0,12.0,2.2,20.0,0.5,0.8,0.4,-3.9,36.0,315.5,118.3,12.0,178.3,20.0,0.5,0.8,0.4,-89.4,1.1,44.0,-16.5,12.0,125.9,20.0,0.5,0.8,0.4,0.38,1.2,2.31,1.24,7.0,0.92,22.0,0.4,0.7,0.4,4.1,6.0,11.2,7.6,7.0,6.1,22.0,0.4,0.7,0.4,1.72,2.06,2.89,2.39,7.0,0.85,22.0,0.4,0.7,0.4,6.9,19.0,21.2,16.6,7.0,8.7,22.0,0.4,0.7,0.4,-9.7,35.5,134.0,56.5,11.0,84.0,20.0,0.5,0.7,0.5,-79.3,6.3,66.8,3.2,11.0,79.8,20.0,0.5,0.7,0.5,-6.9,16.2,57.5,26.7,10.0,46.0,22.0,0.4,0.7,0.4,-28.1,9.1,36.2,6.5,10.0,41.9,22.0,0.4,0.7,0.4,-0.3,5.3,18.5,6.7,7.0,9.8,22.0,0.4,0.7,0.4,-6.4,1.2,14.0,0.6,7.0,15.7,22.0,0.4,0.7,0.4,236.0,456.5,6093.0,2910.0,12.0,4500.0,20.0,0.5,0.8,0.4,235.0,455.0,6095.0,2910.0,12.0,4500.0,20.0,0.5,0.8,0.4
1974,2,343.0,49.0,10.28,11.0,11.26,10.83,18.0,0.71,18.0,0.6,0.5,0.3,8.0,10.0,11.25,9.9,21.0,1.93,18.0,0.6,0.5,0.3,4.72,5.92,6.48,5.77,19.0,0.93,18.0,0.5,0.5,0.3,65.8,75.4,83.6,75.3,19.0,10.9,18.0,0.5,0.3,4.69,9.8,18.37,11.2,21.0,7.05,18.0,0.6,0.5,0.3,0.44,4.31,17.47,7.53,21.0,8.51,18.0,0.6,0.5,0.3,-5.0,2.3,6.47,1.48,21.0,6.88,18.0,0.6,0.5,0.3,1001.4,1021.9,1030.83,1015.77,21.0,15.38,18.0,0.6,0.5,0.3,3.2,6.0,8.0,5.5,21.0,2.3,18.0,0.6,0.5,0.3,1.7,29.6,320.2,130.1,21.0,215.4,18.0,0.6,0.5,0.3,-52.6,8.3,60.8,27.4,21.0,129.6,18.0,0.6,0.5,0.3,-0.46,0.7,2.65,0.65,18.0,2.41,18.0,0.6,0.5,0.3,-2.8,7.2,27.2,13.2,18.0,29.9,18.0,0.6,0.5,0.3,0.61,2.13,3.6,2.23,18.0,1.2,18.0,0.6,0.5,0.3,5.3,19.4,56.3,27.2,18.0,24.6,18.0,0.6,0.5,0.3,3.7,57.4,128.3,67.3,21.0,75.5,18.0,0.6,0.5,0.3,-42.5,22.2,92.1,20.0,21.0,70.5,18.0,0.6,0.5,0.3,-0.9,24.6,71.9,36.3,19.0,46.8,18.0,0.5,0.5,0.3,-22.1,13.6,46.4,14.0,19.0,41.8,18.0,0.5,0.5,0.3,-0.7,8.6,41.2,19.5,18.0,26.4,18.0,0.6,0.5,0.3,-13.0,2.5,9.9,3.3,18.0,16.7,18.0,0.6,0.5,0.3,103.5,941.0,6301.0,3386.5,21.0,6683.5,18.0,0.6,0.5,0.3,105.0,940.0,6300.0,3385.0,21.0,6685.0,18.0,0.6,0.5,0.3
1974,2,343.0,50.0,10.0,10.5,10.71,10.44,7.0,0.36,24.0,0.6,0.5,0.4,8.52,10.6,11.18,10.11,8.0,1.54,24.0,0.5,0.5,0.4,4.24,5.67,6.07,5.35,7.0,1.1,24.0,0.6,0.5,0.4,56.1,73.7,79.0,70.1,7.0,12.7,24.0,0.6,0.4,6.7,9.3,15.4,10.34,9.0,5.34,22.0,0.6,0.5,0.4,-3.06,0.0,10.18,2.03,9.0,6.77,22.0,0.6,0.5,0.4,-1.66,6.3,10.19,5.64,9.0,7.91,22.0,0.6,0.5,0.4,1008.14,1025.8,1029.74,1019.39,9.0,14.09,22.0,0.6,0.5,0.4,8.0,8.0,8.0,7.8,9.0,0.7,22.0,0.6,0.5,0.4,-20.5,0.0,143.2,36.6,9.0,92.5,22.0,0.6,0.5,0.4,-14.0,42.2,139.9,72.7,9.0,138.7,22.0,0.6,0.5,0.4,-0.24,0.0,1.67,0.61,7.0,1.34,24.0,0.6,0.5,0.4,-1.6,0.0,15.4,8.1,7.0,18.0,24.0,0.6,0.5,0.4,1.35,2.44,3.71,2.45,6.0,1.17,24.0,0.7,0.5,0.4,9.7,12.6,28.8,18.8,6.0,13.4,24.0,0.7,0.5,0.4,-35.4,-4.5,96.1,16.9,8.0,67.4,24.0,0.5,0.5,0.4,-30.6,65.0,93.2,43.7,8.0,62.0,24.0,0.5,0.5,0.4,-20.8,-4.0,26.7,2.9,7.0,33.6,24.0,0.6,0.5,0.4,-15.4,34.9,41.9,20.2,7.0,37.2,24.0,0.6,0.5,0.4,-4.7,-2.0,25.0,7.6,6.0,17.9,24.0,0.7,0.5,0.4,-14.4,8.9,11.2,1.2,6.0,14.6,24.0,0.7,0.5,0.4,301.0,804.5,3652.5,1950.0,9.0,2489.0,22.0,0.6,0.5,0.4,300.0,805.0,3650.0,1950.0,9.0,2490.0,22.0,0.6,0.5,0.4
1974,2,343.0,51.0,10.0,10.0,10.0,10.0,2.0,0.0,12.0,0.5,0.4,0.1,8.98,10.2,12.79,10.85,4.0,2.62,10.0,0.3,0.6,0.3,4.96,5.98,7.24,6.09,4.0,1.55,10.0,0.3,0.6,0.3,63.0,71.4,84.5,73.7,4.0,14.4,10.0,0.3,0.3,6.37,9.8,12.73,9.68,6.0,3.45,10.0,0.2,0.5,0.4,1.69,4.99,9.06,5.59,6.0,4.86,10.0,0.2,0.5,0.4,-9.88,-2.46,4.47,-2.64,6.0,7.41,10.0,0.2,0.5,0.4,974.18,982.45,1013.42,990.02,6.0,21.35,10.0,0.2,0.5,0.4,1.6,3.0,6.4,3.7,6.0,2.9,10.0,0.2,0.5,0.4,13.3,35.6,104.7,60.7,6.0,71.4,10.0,0.2,0.5,0.4,-99.4,-35.5,29.9,-36.4,6.0,79.8,10.0,0.2,0.5,0.4,0.66,1.0,1.34,1.0,2.0,0.71,12.0,0.5,0.4,0.1,6.2,12.5,18.7,12.5,2.0,12.9,12.0,0.5,0.4,0.1,1.55,2.25,2.95,2.25,2.0,1.45,12.0,0.5,0.4,0.1,18.3,19.8,21.3,19.8,2.0,3.1,12.0,0.5,0.4,0.1,33.2,49.7,90.6,61.3,4.0,38.6,10.0,0.3,0.6,0.3,-111.9,-20.9,22.3,-43.7,4.0,94.5,10.0,0.3,0.6,0.3,17.8,23.8,58.7,37.6,4.0,32.4,10.0,0.3,0.6,0.3,-66.1,-15.6,11.5,-26.7,4.0,52.2,10.0,0.3,0.6,0.3,17.4,19.2,21.1,19.2,2.0,3.8,12.0,0.5,0.4,0.1,-5.1,-3.0,-1.0,-3.0,2.0,4.3,12.0,0.5,0.4,0.1,266.0,948.5,2093.0,1196.0,6.0,1071.5,10.0,0.2,0.5,0.4,265.0,950.0,2095.0,1195.0,6.0,1070.0,10.0,0.2,0.5,0.4
1974,2,343.0,52.0,10.8,10.8,10.8,10.8,1.0,0.0,2.0,1.0,0.3,0.7,5.37,5.95,6.53,5.95,2.0,1.2,4.0,0.5,0.6,0.4,4.7,4.72,4.74,4.72,2.0,0.04,4.0,0.5,0.6,0.4,78.1,81.2,84.3,81.2,2.0,6.3,4.0,0.5,0.4,3.35,4.1,9.7,6.47,3.0,5.08,4.0,0.3,0.7,0.4,-3.45,-2.6,6.45,1.4,3.0,8.04,4.0,0.3,0.7,0.4,-4.67,-1.5,0.48,-2.08,3.0,3.81,4.0,0.3,0.7,0.4,1000.71,1004.4,1005.42,1003.1,3.0,3.63,4.0,0.3,0.7,0.4,7.3,8.0,8.0,7.7,3.0,0.6,4.0,0.3,0.7,0.4,-13.3,-7.8,87.0,35.8,3.0,82.6,4.0,0.3,0.7,0.4,-53.1,-4.5,2.5,-24.8,3.0,44.3,4.0,0.3,0.7,0.4,5.7,5.7,5.7,5.7,1.0,0.0,2.0,1.0,0.3,0.7,70.1,70.1,70.1,70.1,1.0,0.0,2.0,1.0,0.3,0.7,3.4,3.4,3.4,3.4,1.0,0.0,2.0,1.0,0.3,0.7,41.8,41.8,41.8,41.8,1.0,0.0,2.0,1.0,0.3,0.7,-13.4,14.1,41.5,14.1,2.0,56.9,4.0,0.5,0.6,0.4,-24.9,-10.9,3.0,-10.9,2.0,28.9,4.0,0.5,0.6,0.4,-7.5,15.8,39.2,15.8,2.0,48.3,4.0,0.5,0.6,0.4,-23.2,-11.1,1.0,-11.1,2.0,25.1,4.0,0.5,0.6,0.4,36.2,36.2,36.2,36.2,1.0,0.0,2.0,1.0,0.3,0.7,-20.9,-20.9,-20.9,-20.9,1.0,0.0,2.0,1.0,0.3,0.7,40.5,69.0,1292.0,652.5,3.0,1047.0,4.0,0.3,0.7,0.4,40.0,70.0,1290.0,650.0,3.0,1045.0,4.0,0.3,0.7,0.4
1974,2,343.0,53.0,9.88,9.95,10.1,9.97,6.0,0.12,16.0,0.7,0.6,0.4,6.8,8.0,8.44,7.89,7.0,0.92,16.0,0.7,0.7,0.5,4.59,4.72,5.03,4.76,6.0,0.27,16.0,0.7,0.6,0.4,67.8,76.8,78.0,73.8,6.0,5.9,16.0,0.7,0.4,7.18,10.8,12.47,10.41,7.0,3.29,16.0,0.7,0.7,0.5,0.0,4.04,5.52,3.45,7.0,2.64,16.0,0.7,0.7,0.5,-11.72,-10.8,-5.47,-8.73,7.0,5.24,16.0,0.7,0.7,0.5,1010.34,1016.8,1017.9,1016.9,7.0,7.39,16.0,0.7,0.7,0.5,2.0,7.0,7.0,5.6,7.0,2.5,16.0,0.7,0.7,0.5,0.0,47.6,53.4,37.0,7.0,31.4,16.0,0.7,0.7,0.5,-146.7,-116.6,-36.6,-103.5,7.0,80.1,16.0,0.7,0.7,0.5,1.68,2.25,3.02,2.32,6.0,0.67,16.0,0.7,0.6,0.4,17.0,23.4,33.3,24.8,6.0,8.6,16.0,0.7,0.6,0.4,2.57,2.81,3.03,2.81,6.0,0.29,16.0,0.7,0.6,0.4,19.3,31.8,41.5,31.4,6.0,11.5,16.0,0.7,0.6,0.4,0.0,27.4,46.6,28.5,7.0,23.7,16.0,0.7,0.7,0.5,-98.4,-73.4,-40.9,-67.0,7.0,43.2,16.0,0.7,0.7,0.5,0.0,17.6,20.5,13.3,6.0,10.7,16.0,0.7,0.6,0.4,-56.2,-50.4,-39.3,-49.1,6.0,13.5,16.0,0.7,0.6,0.4,0.0,10.0,14.2,8.3,6.0,6.9,16.0,0.7,0.6,0.4,-39.0,-30.8,-18.8,-29.8,6.0,10.9,16.0,0.7,0.6,0.4,370.0,1259.5,1964.0,1430.0,7.0,1299.5,16.0,0.7,0.7,0.5,370.0,1260.0,1965.0,1430.0,7.0,1300.0,16.0,0.7,0.7,0.5
1974,2,343.0,54.0,10.0,10.0,10.0,10.0,1.0,0.0,26.0,1.0,0.7,0.8,9.5,9.5,9.5,9.5,1.0,0.0,26.0,1.0,0.7,0.8,6.21,6.21,6.21,6.21,1.0,0.0,26.0,1.0,0.7,0.8,85.6,85.6,85.6,85.6,1.0,0.0,26.0,1.0,0.8,14.4,14.4,14.4,14.4,1.0,0.0,26.0,1.0,0.7,0.8,2.5,2.5,2.5,2.5,1.0,0.0,26.0,1.0,0.7,0.8,14.18,14.18,14.18,14.18,1.0,0.0,26.0,1.0,0.7,0.8,1024.9,1024.9,1024.9,1024.9,1.0,0.0,26.0,1.0,0.7,0.8,8.0,8.0,8.0,8.0,1.0,0.0,26.0,1.0,0.7,0.8,36.0,36.0,36.0,36.0,1.0,0.0,26.0,1.0,0.7,0.8,204.2,204.2,204.2,204.2,1.0,0.0,26.0,1.0,0.7,0.8,0.5,0.5,0.5,0.5,1.0,0.0,26.0,1.0,0.7,0.8,7.2,7.2,7.2,7.2,1.0,0.0,26.0,1.0,0.7,0.8,1.3,1.3,1.3,1.3,1.0,0.0,26.0,1.0,0.7,0.8,18.8,18.8,18.8,18.8,1.0,0.0,26.0,1.0,0.7,0.8,23.8,23.8,23.8,23.8,1.0,0.0,26.0,1.0,0.7,0.8,134.7,134.7,134.7,134.7,1.0,0.0,26.0,1.0,0.7,0.8,15.5,15.5,15.5,15.5,1.0,0.0,26.0,1.0,0.7,0.8,88.1,88.1,88.1,88.1,1.0,0.0,26.0,1.0,0.7,0.8,3.3,3.3,3.3,3.3,1.0,0.0,26.0,1.0,0.7,0.8,18.5,18.5,18.5,18.5,1.0,0.0,26.0,1.0,0.7,0.8,2986.0,2986.0,2986.0,2986.0,1.0,0.0,26.0,1.0,0.7,0.8,2985.0,2985.0,2985.0,2985.0,1.0,0.0,26.0,1.0,0.7,0.8
1974,2,343.0,55.0,9.19,9.6,10.01,9.6,2.0,0.85,18.0,0.0,0.4,0.1,6.54,7.05,7.56,7.05,2.0,1.06,18.0,0.0,0.4,0.1,3.49,4.46,5.43,4.46,2.0,2.01,18.0,0.0,0.4,0.1,56.9,68.7,80.5,68.7,2.0,24.5,18.0,0.0,0.1,11.26,14.4,17.54,14.4,2.0,6.51,18.0,0.0,0.4,0.1,-4.17,5.11,14.39,5.11,2.0,19.23,18.0,0.0,0.4,0.1,-3.6,-0.8,2.0,-0.8,2.0,5.8,18.0,0.0,0.4,0.1,975.46,989.35,1003.24,989.35,2.0,28.78,18.0,0.0,0.4,0.1,5.5,6.5,7.5,6.5,2.0,2.1,18.0,0.0,0.4,0.1,-13.6,136.2,285.9,136.2,2.0,310.2,18.0,0.0,0.4,0.1,-30.5,7.3,45.1,7.3,2.0,78.3,18.0,0.0,0.4,0.1,2.45,2.55,2.65,2.55,2.0,0.21,18.0,0.0,0.4,0.1,27.9,37.4,46.9,37.4,2.0,19.6,18.0,0.0,0.4,0.1,2.48,3.13,3.79,3.13,2.0,1.36,18.0,0.0,0.4,0.1,30.3,49.5,68.8,49.5,2.0,39.9,18.0,0.0,0.4,0.1,-37.0,25.8,88.7,25.8,2.0,130.2,18.0,0.0,0.4,0.1,-28.9,-8.7,11.4,-8.7,2.0,41.7,18.0,0.0,0.4,0.1,-33.0,3.5,39.9,3.5,2.0,75.5,18.0,0.0,0.4,0.1,-22.7,-9.4,3.9,-9.4,2.0,27.5,18.0,0.0,0.4,0.1,-3.4,29.0,61.5,29.0,2.0,67.2,18.0,0.0,0.4,0.1,-6.8,1.4,9.7,1.4,2.0,17.1,18.0,0.0,0.4,0.1,1880.5,3900.0,5920.0,3900.0,2.0,4184.5,18.0,0.0,0.4,0.1,1880.0,3900.0,5920.0,3900.0,2.0,4185.0,18.0,0.0,0.4,0.1
1974,2,343.0,56.0,9.0,9.0,9.55,9.27,3.0,0.46,18.0,0.0,0.4,0.2,7.26,7.4,9.17,8.2,3.0,1.56,18.0,0.0,0.4,0.2,5.23,5.24,6.0,5.6,3.0,0.65,18.0,0.0,0.4,0.2,80.8,82.4,83.8,82.3,3.0,2.2,18.0,0.0,0.2,10.29,18.0,21.14,15.77,3.0,8.18,18.0,0.0,0.4,0.2,-4.2,0.0,2.29,-0.94,3.0,4.82,18.0,0.0,0.4,0.2,-20.8,-16.91,-1.41,-11.24,3.0,15.03,18.0,0.0,0.4,0.2,992.47,1003.6,1017.25,1004.83,3.0,18.18,18.0,0.0,0.4,0.2,4.0,6.0,7.4,5.7,3.0,2.5,18.0,0.0,0.4,0.2,-75.6,0.0,15.3,-29.5,3.0,71.3,18.0,0.0,0.4,0.2,-445.3,-304.5,-70.1,-258.8,3.0,277.7,18.0,0.0,0.4,0.2,0.37,1.6,1.74,1.07,3.0,1.1,18.0,0.0,0.4,0.2,9.4,32.4,35.0,22.4,3.0,20.7,18.0,0.0,0.4,0.2,1.35,1.95,2.02,1.69,3.0,0.54,18.0,0.0,0.4,0.2,16.1,35.1,42.9,29.6,3.0,20.2,18.0,0.0,0.4,0.2,-30.3,0.0,22.9,-3.6,3.0,39.0,18.0,0.0,0.4,0.2,-152.8,-121.8,1.0,-77.0,3.0,119.1,18.0,0.0,0.4,0.2,-21.9,0.0,14.5,-3.6,3.0,26.9,18.0,0.0,0.4,0.2,-108.8,-88.3,-2.9,-56.6,3.0,82.3,18.0,0.0,0.4,0.2,-8.2,0.0,2.5,-2.8,3.0,8.2,18.0,0.0,0.4,0.2,-42.2,-33.0,-6.2,-24.4,3.0,27.4,18.0,0.0,0.4,0.2,2056.5,5832.0,9730.5,5892.0,3.0,5621.5,18.0,0.0,0.4,0.2,2055.0,5830.0,9730.0,5890.0,3.0,5620.0,18.0,0.0,0.4,0.2
1974,2,343.0,57.0,,,,,,,,,,,,,,,,,,,,,,,,,,,,,,,,,,,,,,,,20.6,20.6,20.6,20.6,1.0,0.0,22.0,0.0,1.0,0.5,20.29,20.29,20.29,20.29,1.0,0.0,22.0,0.0,1.0,0.5,-3.58,-3.58,-3.58,-3.58,1.0,0.0,22.0,0.0,1.0,0.5,1007.3,1007.3,1007.3,1007.3,1.0,0.0,22.0,0.0,1.0,0.5,4.0,4.0,4.0,4.0,1.0,0.0,22.0,0.0,1.0,0.5,417.9,417.9,417.9,417.9,1.0,0.0,22.0,0.0,1.0,0.5,-73.7,-73.7,-73.7,-73.7,1.0,0.0,22.0,0.0,1.0,0.5,,,,,,,,,,,,,,,,,,,,,,,,,,,,,,,,,,,,,,,,,121.7,121.7,121.7,121.7,1.0,0.0,22.0,0.0,1.0,0.5,-21.5,-21.5,-21.5,-21.5,1.0,0.0,22.0,0.0,1.0,0.5,82.3,82.3,82.3,82.3,1.0,0.0,22.0,0.0,1.0,0.5,-14.5,-14.5,-14.5,-14.5,1.0,0.0,22.0,0.0,1.0,0.5,,,,,,,,,,,,,,,,,,,,,,,,,,,,,,,,,,,,,,,,
1974,2,343.0,58.0,8.88,9.0,9.21,9.12,6.0,0.44,22.0,0.3,0.5,0.2,5.33,5.9,8.26,6.45,8.0,1.59,20.0,0.4,0.5,0.2,4.78,5.07,5.49,5.13,5.0,0.55,20.0,0.4,0.5,0.2,82.4,90.7,91.6,87.7,5.0,4.9,20.0,0.4,0.2,9.04,12.65,16.38,13.3,8.0,3.88,20.0,0.4,0.5,0.2,2.83,4.28,5.64,4.36,8.0,2.42,20.0,0.4,0.5,0.2,6.76,10.52,14.77,8.31,8.0,10.52,20.0,0.4,0.5,0.2,1011.9,1018.45,1018.87,1015.5,8.0,5.19,20.0,0.4,0.5,0.2,6.0,7.0,7.9,6.9,8.0,0.8,20.0,0.4,0.5,0.2,38.2,48.1,88.5,53.6,8.0,33.7,20.0,0.4,0.5,0.2,58.8,130.2,223.4,113.0,8.0,185.0,20.0,0.4,0.5,0.2,1.13,3.2,3.72,2.57,6.0,1.67,22.0,0.3,0.5,0.2,21.1,30.7,45.5,32.2,6.0,23.7,22.0,0.3,0.5,0.2,1.58,1.9,2.29,1.93,5.0,0.59,20.0,0.4,0.5,0.2,16.9,17.6,31.1,23.9,5.0,12.4,20.0,0.4,0.5,0.2,23.2,24.6,30.8,25.9,8.0,14.3,20.0,0.4,0.5,0.2,37.6,64.6,132.8,63.8,8.0,73.3,20.0,0.4,0.5,0.2,19.6,22.0,26.1,22.6,5.0,4.6,20.0,0.4,0.5,0.2,-3.4,37.7,71.3,30.8,5.0,59.7,20.0,0.4,0.5,0.2,6.0,8.8,12.4,9.1,5.0,4.6,20.0,0.4,0.5,0.2,-7.6,15.2,18.5,4.6,5.0,26.7,20.0,0.4,0.5,0.2,767.5,2029.0,4399.0,2895.5,8.0,2458.5,20.0,0.4,0.5,0.2,770.0,2030.0,4400.0,2895.0,8.0,2460.0,20.0,0.4,0.5,0.2
1974,2,343.0,59.0,8.0,8.2,8.4,8.25,29.0,0.41,14.0,0.4,0.5,0.4,5.09,5.9,8.28,6.15,29.0,1.4,14.0,0.4,0.5,0.4,4.81,5.16,6.24,5.21,28.0,0.8,14.0,0.4,0.4,0.4,82.5,85.7,91.6,86.0,28.0,6.4,14.0,0.4,0.4,14.12,17.5,20.88,17.16,29.0,3.82,14.0,0.4,0.5,0.4,-18.32,-11.05,-0.95,-10.29,29.0,7.63,14.0,0.4,0.5,0.4,-15.4,-3.52,14.4,-3.0,29.0,11.93,14.0,0.4,0.5,0.4,980.09,984.1,1004.01,987.88,29.0,11.74,14.0,0.4,0.5,0.4,7.0,8.0,8.0,7.8,29.0,0.4,14.0,0.4,0.5,0.4,-371.4,-212.2,-11.7,-191.2,29.0,154.9,14.0,0.4,0.5,0.4,-303.7,-66.0,207.4,-76.5,29.0,215.4,14.0,0.4,0.5,0.4,0.02,2.2,3.21,2.1,29.0,1.47,14.0,0.4,0.5,0.4,0.0,40.1,62.5,36.4,29.0,25.2,14.0,0.4,0.5,0.4,0.58,1.83,2.25,1.69,28.0,0.85,14.0,0.4,0.4,0.4,8.9,34.6,46.3,30.3,28.0,16.4,14.0,0.4,0.4,0.4,-98.7,-63.3,-7.6,-59.8,29.0,41.2,14.0,0.4,0.5,0.4,-83.2,-21.7,111.1,-5.9,29.0,81.6,14.0,0.4,0.5,0.4,-89.4,-57.5,-3.8,-52.3,28.0,36.6,14.0,0.4,0.4,0.4,-74.7,-23.3,88.8,-8.6,28.0,67.4,14.0,0.4,0.4,0.4,-36.7,-23.2,-0.2,-19.3,28.0,18.4,14.0,0.4,0.4,0.4,-33.1,-11.3,6.2,-12.9,28.0,18.1,14.0,0.4,0.4,0.4,2819.0,5359.5,9104.5,5753.5,29.0,3234.0,14.0,0.4,0.5,0.4,2820.0,5360.0,9105.0,5755.0,29.0,3235.0,14.0,0.4,0.5,0.4
1974,2,343.0,60.0,8.08,8.1,8.22,8.13,6.0,0.1,12.0,0.8,0.5,0.1,3.58,4.25,4.94,4.27,6.0,0.74,12.0,0.8,0.5,0.1,3.86,4.2,4.69,4.23,6.0,0.47,12.0,0.8,0.5,0.1,76.2,80.5,84.6,80.3,6.0,5.5,12.0,0.8,0.1,20.06,21.6,23.33,21.52,6.0,2.23,12.0,0.8,0.5,0.1,-11.47,-10.3,-8.77,-10.15,6.0,1.52,12.0,0.8,0.5,0.1,-21.11,-18.71,-17.38,-18.92,6.0,2.27,12.0,0.8,0.5,0.1,983.92,987.35,992.69,988.03,6.0,4.57,12.0,0.8,0.5,0.1,7.0,7.0,8.0,7.3,6.0,0.5,12.0,0.8,0.5,0.1,-263.1,-212.2,-178.3,-219.5,6.0,47.8,12.0,0.8,0.5,0.1,-502.6,-404.9,-349.6,-411.1,6.0,88.5,12.0,0.8,0.5,0.1,3.26,3.9,4.5,3.87,6.0,0.67,12.0,0.8,0.5,0.1,74.9,79.8,91.1,82.1,6.0,7.8,12.0,0.8,0.5,0.1,2.21,2.63,3.03,2.64,6.0,0.46,12.0,0.8,0.5,0.1,52.6,56.3,59.8,56.0,6.0,4.5,12.0,0.8,0.5,0.1,-55.8,-38.4,-35.3,-43.5,6.0,11.6,12.0,0.8,0.5,0.1,-106.5,-80.0,-61.1,-82.0,6.0,23.1,12.0,0.8,0.5,0.1,-51.6,-40.5,-36.7,-43.0,6.0,8.7,12.0,0.8,0.5,0.1,-98.9,-78.8,-67.1,-80.9,6.0,18.3,12.0,0.8,0.5,0.1,-29.9,-28.2,-24.7,-26.7,6.0,5.1,12.0,0.8,0.5,0.1,-51.8,-48.8,-46.3,-49.1,6.0,3.0,12.0,0.8,0.5,0.1,8141.0,10142.5,12707.5,10226.5,6.0,3014.5,12.0,0.8,0.5,0.1,8140.0,10140.0,12710.0,10225.0,6.0,3015.0,12.0,0.8,0.5,0.1
1974,2,343.0,61.0,7.16,7.5,8.52,7.83,3.0,1.04,16.0,0.3,0.8,0.5,2.25,4.0,7.84,5.0,7.0,2.82,16.0,0.1,0.7,0.4,5.91,5.91,5.91,5.91,1.0,0.0,6.0,0.0,0.9,0.2,93.3,93.3,93.3,93.3,1.0,0.0,6.0,0.0,0.2,9.18,15.4,19.0,14.24,7.0,4.93,16.0,0.1,0.7,0.4,-6.16,0.0,15.52,3.02,7.0,10.41,16.0,0.1,0.7,0.4,-9.36,-2.29,16.96,0.86,7.0,11.88,16.0,0.1,0.7,0.4,987.06,990.9,999.3,993.71,7.0,9.55,16.0,0.1,0.7,0.4,3.0,7.0,8.0,5.7,7.0,2.6,16.0,0.1,0.7,0.4,-77.3,0.0,242.0,67.3,7.0,170.6,16.0,0.1,0.7,0.4,-123.8,-15.4,306.1,41.1,7.0,198.4,16.0,0.1,0.7,0.4,-0.42,0.4,0.47,0.03,3.0,0.72,16.0,0.3,0.8,0.5,-8.8,3.4,6.3,-1.1,3.0,11.7,16.0,0.3,0.8,0.5,0.64,0.64,0.64,0.64,1.0,0.0,6.0,0.0,0.9,0.2,4.3,4.3,4.3,4.3,1.0,0.0,6.0,0.0,0.9,0.2,-44.3,0.0,62.1,11.8,7.0,50.8,16.0,0.1,0.7,0.4,-24.6,-12.1,133.0,29.6,7.0,78.0,16.0,0.1,0.7,0.4,-37.2,-37.2,-37.2,-37.2,1.0,0.0,6.0,0.0,0.9,0.2,-13.5,-13.5,-13.5,-13.5,1.0,0.0,6.0,0.0,0.9,0.2,-4.1,-4.1,-4.1,-4.1,1.0,0.0,6.0,0.0,0.9,0.2,-1.5,-1.5,-1.5,-1.5,1.0,0.0,6.0,0.0,0.9,0.2,780.5,3652.5,6859.0,3738.5,7.0,2823.0,16.0,0.1,0.7,0.4,780.0,3650.0,6860.0,3740.0,7.0,2825.0,16.0,0.1,0.7,0.4
1974,2,343.0,62.0,6.95,7.1,7.3,7.13,4.0,0.22,20.0,0.0,0.6,0.3,0.5,3.8,7.25,3.78,16.0,3.15,14.0,0.4,0.7,0.5,5.42,5.43,5.44,5.43,2.0,0.02,26.0,0.0,0.4,0.3,84.8,86.2,87.6,86.2,2.0,2.9,26.0,0.0,0.3,8.1,12.3,20.66,14.02,17.0,6.07,14.0,0.5,0.7,0.5,-11.99,-7.73,6.42,-5.65,17.0,9.05,14.0,0.5,0.7,0.5,-9.9,-3.98,9.15,-1.0,17.0,11.36,14.0,0.5,0.7,0.5,983.42,993.5,1007.08,994.56,15.0,11.0,14.0,0.5,0.7,0.5,6.1,8.0,8.0,7.1,14.0,1.5,14.0,0.5,0.7,0.5,-233.3,-97.2,73.4,-106.8,17.0,161.2,14.0,0.5,0.7,0.5,-152.4,-34.4,102.9,14.6,17.0,232.5,14.0,0.5,0.7,0.5,0.08,4.4,8.67,4.38,4.0,4.96,20.0,0.0,0.6,0.3,0.8,79.1,186.8,93.1,4.0,109.6,20.0,0.0,0.6,0.3,0.9,0.92,0.93,0.92,2.0,0.03,26.0,0.0,0.4,0.3,9.3,9.4,9.6,9.4,2.0,0.3,26.0,0.0,0.4,0.3,-43.7,-13.0,36.7,-6.9,16.0,41.5,14.0,0.4,0.7,0.5,-36.5,-19.8,11.0,-10.3,16.0,32.9,14.0,0.4,0.7,0.5,32.4,42.0,51.6,42.0,2.0,19.9,26.0,0.0,0.4,0.3,7.7,24.2,40.7,24.2,2.0,34.2,26.0,0.0,0.4,0.3,5.4,7.1,8.9,7.1,2.0,3.6,26.0,0.0,0.4,0.3,1.3,4.0,6.7,4.0,2.0,5.6,26.0,0.0,0.4,0.3,572.5,1861.0,9017.5,4298.5,17.0,5004.0,14.0,0.5,0.7,0.5,570.0,1860.0,9015.0,4300.0,17.0,5005.0,14.0,0.5,0.7,0.5
1974,2,343.0,63.0,5.8,6.0,6.5,6.11,39.0,0.44,18.0,0.4,0.6,0.8,-0.89,1.0,4.0,1.6,55.0,2.69,16.0,0.4,0.5,0.7,2.3,2.3,2.3,2.3,1.0,0.0,10.0,0.0,0.9,0.1,61.9,61.9,61.9,61.9,1.0,0.0,10.0,0.0,0.1,2.6,9.3,12.3,8.67,46.0,5.21,16.0,0.5,0.5,0.7,-9.42,0.0,3.11,-2.2,46.0,6.15,16.0,0.5,0.5,0.7,-8.74,-4.6,3.01,-3.49,46.0,6.99,16.0,0.5,0.5,0.7,981.91,1000.4,1008.73,997.19,57.0,12.59,16.0,0.4,0.5,0.7,2.0,7.0,8.0,5.7,56.0,2.7,16.0,0.4,0.5,0.7,-115.9,0.0,28.2,-32.3,46.0,98.0,16.0,0.5,0.5,0.7,-97.2,-25.0,25.8,-40.6,46.0,113.5,16.0,0.5,0.5,0.7,1.7,4.7,6.8,4.21,39.0,2.67,18.0,0.4,0.6,0.8,3.3,27.3,57.8,28.1,32.0,24.5,18.0,0.4,0.6,0.8,4.25,4.25,4.25,4.25,1.0,0.0,10.0,0.0,0.9,0.1,17.4,17.4,17.4,17.4,1.0,0.0,10.0,0.0,0.9,0.1,-18.8,0.0,16.2,0.8,44.0,23.0,16.0,0.5,0.5,0.7,-17.3,1.5,15.1,4.3,44.0,30.7,16.0,0.5,0.5,0.7,0.0,0.0,0.0,0.0,1.0,0.0,10.0,0.0,0.9,0.1,-9.4,-9.4,-9.4,-9.4,1.0,0.0,10.0,0.0,0.9,0.1,0.0,0.0,0.0,0.0,1.0,0.0,10.0,0.0,0.9,0.1,-17.4,-17.4,-17.4,-17.4,1.0,0.0,10.0,0.0,0.9,0.1,17.5,804.5,1861.0,1458.0,46.0,2948.5,16.0,0.5,0.5,0.7,20.0,805.0,1860.0,1460.0,46.0,2950.0,16.0,0.5,0.5,0.7
1974,2,343.0,64.0,,,,,,,,,,,,,,,,,,,,,,,,,,,,,,,,,,,,,,,,4.6,9.3,15.4,9.5,11.0,4.48,20.0,0.4,0.9,0.0,-7.12,0.0,9.05,1.05,11.0,7.3,20.0,0.4,0.9,0.0,-5.98,-2.6,9.9,1.91,11.0,7.79,20.0,0.4,0.9,0.0,984.0,997.25,1008.78,996.48,12.0,13.68,20.0,0.3,0.9,0.0,,,,,,,,,,,,,,,,,,,,,,,,,,,,,,,,,,,,,,,,,,,,,,,,,,,,,,,,,,,,,,,,,,,,,,,,,,,,,,,,,,,,,,,,,,,,,,,,,,,,,,,,,,,,,,,,,,,,,,,,,,,,,,,,,,,,,,,,,,,,,,,,,,,,,,
1974,2,343.0,66.0,2.6,2.6,2.6,2.6,1.0,0.0,4.0,0.0,0.1,0.6,-1.87,1.0,1.68,-0.07,3.0,2.76,10.0,0.3,0.4,0.5,3.74,3.74,3.74,3.74,1.0,0.0,4.0,0.0,0.1,0.6,85.3,85.3,85.3,85.3,1.0,0.0,4.0,0.0,0.6,9.14,14.4,17.54,13.37,3.0,6.21,10.0,0.3,0.4,0.5,-13.56,-12.21,-6.82,-10.23,3.0,5.23,10.0,0.3,0.4,0.5,-11.56,-5.13,-3.34,-7.4,3.0,6.34,10.0,0.3,0.4,0.5,988.16,1010.0,1010.82,999.73,3.0,18.83,10.0,0.3,0.4,0.5,3.6,5.0,6.4,5.0,2.0,2.8,10.0,0.5,0.5,0.6,-223.2,-204.2,-84.5,-155.0,3.0,110.2,10.0,0.3,0.4,0.5,-200.2,-36.0,-34.9,-115.6,3.0,139.3,10.0,0.3,0.4,0.5,0.6,0.6,0.6,0.6,1.0,0.0,4.0,0.0,0.1,0.6,8.6,8.6,8.6,8.6,1.0,0.0,4.0,0.0,0.1,0.6,0.83,0.83,0.83,0.83,1.0,0.0,4.0,0.0,0.1,0.6,12.0,12.0,12.0,12.0,1.0,0.0,4.0,0.0,0.1,0.6,-23.2,-12.2,5.5,-8.9,3.0,21.3,10.0,0.3,0.4,0.5,-11.5,-5.0,9.6,-1.0,3.0,15.9,10.0,0.3,0.4,0.5,-53.0,-53.0,-53.0,-53.0,1.0,0.0,4.0,0.0,0.1,0.6,-9.3,-9.3,-9.3,-9.3,1.0,0.0,4.0,0.0,0.1,0.6,-11.8,-11.8,-11.8,-11.8,1.0,0.0,4.0,0.0,0.1,0.6,-2.1,-2.1,-2.1,-2.1,1.0,0.0,4.0,0.0,0.1,0.6,1153.0,2986.0,5629.5,3382.0,3.0,3297.0,10.0,0.3,0.4,0.5,1155.0,2985.0,5630.0,3380.0,3.0,3295.0,10.0,0.3,0.4,0.5
1974,2,344.0,-35.0,22.4,22.4,22.4,22.4,1.0,0.0,18.0,0.0,0.9,0.6,21.0,21.0,21.0,21.0,1.0,0.0,18.0,0.0,0.9,0.6,13.23,13.23,13.23,13.23,1.0,0.0,18.0,0.0,0.9,0.6,85.1,85.1,85.1,85.1,1.0,0.0,18.0,0.0,0.6,4.6,4.6,4.6,4.6,1.0,0.0,18.0,0.0,0.9,0.6,2.96,2.96,2.96,2.96,1.0,0.0,18.0,0.0,0.9,0.6,-3.52,-3.52,-3.52,-3.52,1.0,0.0,18.0,0.0,0.9,0.6,1006.9,1006.9,1006.9,1006.9,1.0,0.0,18.0,0.0,0.9,0.6,8.0,8.0,8.0,8.0,1.0,0.0,18.0,0.0,0.9,0.6,13.6,13.6,13.6,13.6,1.0,0.0,18.0,0.0,0.9,0.6,-16.2,-16.2,-16.2,-16.2,1.0,0.0,18.0,0.0,0.9,0.6,1.4,1.4,1.4,1.4,1.0,0.0,18.0,0.0,0.9,0.6,6.4,6.4,6.4,6.4,1.0,0.0,18.0,0.0,0.9,0.6,3.75,3.75,3.75,3.75,1.0,0.0,18.0,0.0,0.9,0.6,17.2,17.2,17.2,17.2,1.0,0.0,18.0,0.0,0.9,0.6,62.1,62.1,62.1,62.1,1.0,0.0,18.0,0.0,0.9,0.6,-74.0,-74.0,-74.0,-74.0,1.0,0.0,18.0,0.0,0.9,0.6,39.1,39.1,39.1,39.1,1.0,0.0,18.0,0.0,0.9,0.6,-46.6,-46.6,-46.6,-46.6,1.0,0.0,18.0,0.0,0.9,0.6,11.1,11.1,11.1,11.1,1.0,0.0,18.0,0.0,0.9,0.6,-13.2,-13.2,-13.2,-13.2,1.0,0.0,18.0,0.0,0.9,0.6,97.5,97.5,97.5,97.5,1.0,0.0,18.0,0.0,0.9,0.6,95.0,95.0,95.0,95.0,1.0,0.0,18.0,0.0,0.9,0.6
1974,2,344.0,-34.0,22.0,22.0,22.0,22.0,1.0,0.0,12.0,0.0,0.7,0.1,19.7,19.7,19.7,19.7,1.0,0.0,12.0,0.0,0.7,0.1,12.08,12.08,12.08,12.08,1.0,0.0,12.0,0.0,0.7,0.1,85.0,85.0,85.0,85.0,1.0,0.0,12.0,0.0,0.1,8.2,8.2,8.2,8.2,1.0,0.0,12.0,0.0,0.7,0.1,-2.8,-2.8,-2.8,-2.8,1.0,0.0,12.0,0.0,0.7,0.1,7.71,7.71,7.71,7.71,1.0,0.0,12.0,0.0,0.7,0.1,1015.8,1015.8,1015.8,1015.8,1.0,0.0,12.0,0.0,0.7,0.1,8.0,8.0,8.0,8.0,1.0,0.0,12.0,0.0,0.7,0.1,-23.0,-23.0,-23.0,-23.0,1.0,0.0,12.0,0.0,0.7,0.1,63.2,63.2,63.2,63.2,1.0,0.0,12.0,0.0,0.7,0.1,2.3,2.3,2.3,2.3,1.0,0.0,12.0,0.0,0.7,0.1,18.9,18.9,18.9,18.9,1.0,0.0,12.0,0.0,0.7,0.1,4.35,4.35,4.35,4.35,1.0,0.0,12.0,0.0,0.7,0.1,35.6,35.6,35.6,35.6,1.0,0.0,12.0,0.0,0.7,0.1,-55.2,-55.2,-55.2,-55.2,1.0,0.0,12.0,0.0,0.7,0.1,151.8,151.8,151.8,151.8,1.0,0.0,12.0,0.0,0.7,0.1,-33.9,-33.9,-33.9,-33.9,1.0,0.0,12.0,0.0,0.7,0.1,93.0,93.0,93.0,93.0,1.0,0.0,12.0,0.0,0.7,0.1,-12.2,-12.2,-12.2,-12.2,1.0,0.0,12.0,0.0,0.7,0.1,33.5,33.5,33.5,33.5,1.0,0.0,12.0,0.0,0.7,0.1,551.5,551.5,551.5,551.5,1.0,0.0,12.0,0.0,0.7,0.1,550.0,550.0,550.0,550.0,1.0,0.0,12.0,0.0,0.7,0.1
1974,2,344.0,-33.0,,,,,,,,,,,,,,,,,,,,,,,,,,,,,,,,,,,,,,,,4.6,4.6,4.6,4.6,1.0,0.0,22.0,0.0,0.7,0.7,-4.53,-4.53,-4.53,-4.53,1.0,0.0,22.0,0.0,0.7,0.7,0.8,0.8,0.8,0.8,1.0,0.0,22.0,0.0,0.7,0.7,1018.5,1018.5,1018.5,1018.5,1.0,0.0,22.0,0.0,0.7,0.7,,,,,,,,,,,,,,,,,,,,,,,,,,,,,,,,,,,,,,,,,,,,,,,,,,,,,,,,,,,,,,,,,,,,,,,,,,,,,,,,,,,,,,,,,,,,,,,,,,,,,,,,,,,,,,,,,,,,,,,,,,,,,,,,,,,,,,,,,,,,,,,,,,,,,,
1974,2,344.0,-32.0,,,,,,,,,,,,,,,,,,,,,,,,,,,,,,,,,,,,,,,,8.7,8.7,8.7,8.7,1.0,0.0,18.0,1.0,0.3,0.7,2.98,2.98,2.98,2.98,1.0,0.0,18.0,1.0,0.3,0.7,-8.18,-8.18,-8.18,-8.18,1.0,0.0,18.0,1.0,0.3,0.7,1015.7,1015.7,1015.7,1015.7,1.0,0.0,18.0,1.0,0.3,0.7,,,,,,,,,,,,,,,,,,,,,,,,,,,,,,,,,,,,,,,,,,,,,,,,,,,,,,,,,,,,,,,,,,,,,,,,,,,,,,,,,,,,,,,,,,,,,,,,,,,,,,,,,,,,,,,,,,,,,,,,,,,,,,,,,,,,,,,,,,,,,,,,,,,,,,
1974,2,344.0,-31.0,24.5,24.5,24.5,24.5,1.0,0.0,18.0,0.0,0.8,0.3,23.5,23.5,23.5,23.5,1.0,0.0,18.0,0.0,0.8,0.3,15.8,15.8,15.8,15.8,1.0,0.0,18.0,0.0,0.8,0.3,88.0,88.0,88.0,88.0,1.0,0.0,18.0,0.0,0.3,1.0,1.0,1.0,1.0,1.0,0.0,18.0,0.0,0.8,0.3,0.5,0.5,0.5,0.5,1.0,0.0,18.0,0.0,0.8,0.3,-0.87,-0.87,-0.87,-0.87,1.0,0.0,18.0,0.0,0.8,0.3,1017.2,1017.2,1017.2,1017.2,1.0,0.0,18.0,0.0,0.8,0.3,2.0,2.0,2.0,2.0,1.0,0.0,18.0,0.0,0.8,0.3,0.5,0.5,0.5,0.5,1.0,0.0,18.0,0.0,0.8,0.3,-0.9,-0.9,-0.9,-0.9,1.0,0.0,18.0,0.0,0.8,0.3,1.0,1.0,1.0,1.0,1.0,0.0,18.0,0.0,0.8,0.3,1.0,1.0,1.0,1.0,1.0,0.0,18.0,0.0,0.8,0.3,3.31,3.31,3.31,3.31,1.0,0.0,18.0,0.0,0.8,0.3,3.3,3.3,3.3,3.3,1.0,0.0,18.0,0.0,0.8,0.3,11.8,11.8,11.8,11.8,1.0,0.0,18.0,0.0,0.8,0.3,-20.4,-20.4,-20.4,-20.4,1.0,0.0,18.0,0.0,0.8,0.3,7.9,7.9,7.9,7.9,1.0,0.0,18.0,0.0,0.8,0.3,-13.7,-13.7,-13.7,-13.7,1.0,0.0,18.0,0.0,0.8,0.3,1.7,1.7,1.7,1.7,1.0,0.0,18.0,0.0,0.8,0.3,-2.9,-2.9,-2.9,-2.9,1.0,0.0,18.0,0.0,0.8,0.3,1.0,1.0,1.0,1.0,1.0,0.0,18.0,0.0,0.8,0.3,0.0,0.0,0.0,0.0,1.0,0.0,18.0,0.0,0.8,0.3
1974,2,344.0,-30.0,24.0,24.0,24.0,24.0,1.0,0.0,22.0,0.0,0.3,0.9,22.2,22.2,22.2,22.2,1.0,0.0,22.0,0.0,0.3,0.9,11.31,11.31,11.31,11.31,1.0,0.0,22.0,0.0,0.3,0.9,68.4,68.4,68.4,68.4,1.0,0.0,22.0,0.0,0.9,3.6,3.6,3.6,3.6,1.0,0.0,22.0,0.0,0.3,0.9,-3.55,-3.55,-3.55,-3.55,1.0,0.0,22.0,0.0,0.3,0.9,0.63,0.63,0.63,0.63,1.0,0.0,22.0,0.0,0.3,0.9,1017.0,1017.0,1017.0,1017.0,1.0,0.0,22.0,0.0,0.3,0.9,3.0,3.0,3.0,3.0,1.0,0.0,22.0,0.0,0.3,0.9,-12.8,-12.8,-12.8,-12.8,1.0,0.0,22.0,0.0,0.3,0.9,2.3,2.3,2.3,2.3,1.0,0.0,22.0,0.0,0.3,0.9,1.8,1.8,1.8,1.8,1.0,0.0,22.0,0.0,0.3,0.9,6.5,6.5,6.5,6.5,1.0,0.0,22.0,0.0,0.3,0.9,7.23,7.23,7.23,7.23,1.0,0.0,22.0,0.0,0.3,0.9,26.0,26.0,26.0,26.0,1.0,0.0,22.0,0.0,0.3,0.9,-78.7,-78.7,-78.7,-78.7,1.0,0.0,22.0,0.0,0.3,0.9,13.9,13.9,13.9,13.9,1.0,0.0,22.0,0.0,0.3,0.9,-40.1,-40.1,-40.1,-40.1,1.0,0.0,22.0,0.0,0.3,0.9,7.1,7.1,7.1,7.1,1.0,0.0,22.0,0.0,0.3,0.9,-25.6,-25.6,-25.6,-25.6,1.0,0.0,22.0,0.0,0.3,0.9,4.5,4.5,4.5,4.5,1.0,0.0,22.0,0.0,0.3,0.9,46.5,46.5,46.5,46.5,1.0,0.0,22.0,0.0,0.3,0.9,45.0,45.0,45.0,45.0,1.0,0.0,22.0,0.0,0.3,0.9
1974,2,344.0,-29.0,24.9,24.9,24.9,24.9,1.0,0.0,14.0,0.0,0.4,0.3,22.0,22.0,22.0,22.0,1.0,0.0,14.0,0.0,0.4,0.3,15.19,15.19,15.19,15.19,1.0,0.0,14.0,0.0,0.4,0.3,92.9,92.9,92.9,92.9,1.0,0.0,14.0,0.0,0.3,,,,,,,,,,,,,,,,,,,,,,,,,,,,,,,,,,,,,,,,,,,,,,,,,,,,,,,,,,,,,,,,,,,,,,,,,,,,,,,,,,,,,,,,,,,,,,,,,,,,,,,,,,,,,,,,,,,,,,,,,,,,,,,,,,,,,,,,,,,,,,,,,,,,,,,,,,,,,,,,,,,,,,,,,,,,,,,,,,,,,,,,,,,,,,
1974,2,344.0,-23.0,24.8,24.8,24.8,24.8,1.0,0.0,18.0,0.0,0.7,0.3,24.9,24.9,24.9,24.9,1.0,0.0,18.0,0.0,0.7,0.3,14.47,14.47,14.47,14.47,1.0,0.0,18.0,0.0,0.7,0.3,74.2,74.2,74.2,74.2,1.0,0.0,18.0,0.0,0.3,9.3,9.3,9.3,9.3,1.0,0.0,18.0,0.0,0.7,0.3,-9.3,-9.3,-9.3,-9.3,1.0,0.0,18.0,0.0,0.7,0.3,0.0,0.0,0.0,0.0,1.0,0.0,18.0,0.0,0.7,0.3,1018.2,1018.2,1018.2,1018.2,1.0,0.0,18.0,0.0,0.7,0.3,8.0,8.0,8.0,8.0,1.0,0.0,18.0,0.0,0.7,0.3,-86.5,-86.5,-86.5,-86.5,1.0,0.0,18.0,0.0,0.7,0.3,0.0,0.0,0.0,0.0,1.0,0.0,18.0,0.0,0.7,0.3,-0.1,-0.1,-0.1,-0.1,1.0,0.0,18.0,0.0,0.7,0.3,-0.9,-0.9,-0.9,-0.9,1.0,0.0,18.0,0.0,0.7,0.3,4.97,4.97,4.97,4.97,1.0,0.0,18.0,0.0,0.7,0.3,46.2,46.2,46.2,46.2,1.0,0.0,18.0,0.0,0.7,0.3,-231.6,-231.6,-231.6,-231.6,1.0,0.0,18.0,0.0,0.7,0.3,0.0,0.0,0.0,0.0,1.0,0.0,18.0,0.0,0.7,0.3,-134.6,-134.6,-134.6,-134.6,1.0,0.0,18.0,0.0,0.7,0.3,0.0,0.0,0.0,0.0,1.0,0.0,18.0,0.0,0.7,0.3,-46.2,-46.2,-46.2,-46.2,1.0,0.0,18.0,0.0,0.7,0.3,0.0,0.0,0.0,0.0,1.0,0.0,18.0,0.0,0.7,0.3,804.5,804.5,804.5,804.5,1.0,0.0,18.0,0.0,0.7,0.3,805.0,805.0,805.0,805.0,1.0,0.0,18.0,0.0,0.7,0.3
1974,2,344.0,-22.0,25.6,25.6,25.6,25.6,1.0,0.0,14.0,0.0,0.6,0.5,23.3,23.3,23.3,23.3,1.0,0.0,14.0,0.0,0.6,0.5,15.44,15.44,15.44,15.44,1.0,0.0,14.0,0.0,0.6,0.5,86.9,86.9,86.9,86.9,1.0,0.0,14.0,0.0,0.5,5.1,5.1,5.1,5.1,1.0,0.0,14.0,0.0,0.6,0.5,-4.42,-4.42,-4.42,-4.42,1.0,0.0,14.0,0.0,0.6,0.5,2.55,2.55,2.55,2.55,1.0,0.0,14.0,0.0,0.6,0.5,1015.2,1015.2,1015.2,1015.2,1.0,0.0,14.0,0.0,0.6,0.5,8.0,8.0,8.0,8.0,1.0,0.0,14.0,0.0,0.6,0.5,-22.5,-22.5,-22.5,-22.5,1.0,0.0,14.0,0.0,0.6,0.5,13.0,13.0,13.0,13.0,1.0,0.0,14.0,0.0,0.6,0.5,2.3,2.3,2.3,2.3,1.0,0.0,14.0,0.0,0.6,0.5,11.7,11.7,11.7,11.7,1.0,0.0,14.0,0.0,0.6,0.5,5.01,5.01,5.01,5.01,1.0,0.0,14.0,0.0,0.6,0.5,25.6,25.6,25.6,25.6,1.0,0.0,14.0,0.0,0.6,0.5,-102.9,-102.9,-102.9,-102.9,1.0,0.0,14.0,0.0,0.6,0.5,59.4,59.4,59.4,59.4,1.0,0.0,14.0,0.0,0.6,0.5,-68.2,-68.2,-68.2,-68.2,1.0,0.0,14.0,0.0,0.6,0.5,39.4,39.4,39.4,39.4,1.0,0.0,14.0,0.0,0.6,0.5,-22.1,-22.1,-22.1,-22.1,1.0,0.0,14.0,0.0,0.6,0.5,12.8,12.8,12.8,12.8,1.0,0.0,14.0,0.0,0.6,0.5,132.5,132.5,132.5,132.5,1.0,0.0,14.0,0.0,0.6,0.5,135.0,135.0,135.0,135.0,1.0,0.0,14.0,0.0,0.6,0.5
1974,2,344.0,-20.0,24.0,24.0,24.0,24.0,1.0,0.0,12.0,1.0,0.2,0.7,23.6,23.6,23.6,23.6,1.0,0.0,12.0,1.0,0.2,0.7,12.71,12.71,12.71,12.71,1.0,0.0,12.0,1.0,0.2,0.7,70.4,70.4,70.4,70.4,1.0,0.0,12.0,1.0,0.7,3.6,3.6,3.6,3.6,1.0,0.0,12.0,1.0,0.2,0.7,-3.38,-3.38,-3.38,-3.38,1.0,0.0,12.0,1.0,0.2,0.7,1.23,1.23,1.23,1.23,1.0,0.0,12.0,1.0,0.2,0.7,1015.5,1015.5,1015.5,1015.5,1.0,0.0,12.0,1.0,0.2,0.7,2.0,2.0,2.0,2.0,1.0,0.0,12.0,1.0,0.2,0.7,-12.2,-12.2,-12.2,-12.2,1.0,0.0,12.0,1.0,0.2,0.7,4.4,4.4,4.4,4.4,1.0,0.0,12.0,1.0,0.2,0.7,0.4,0.4,0.4,0.4,1.0,0.0,12.0,1.0,0.2,0.7,1.4,1.4,1.4,1.4,1.0,0.0,12.0,1.0,0.2,0.7,5.86,5.86,5.86,5.86,1.0,0.0,12.0,1.0,0.2,0.7,21.1,21.1,21.1,21.1,1.0,0.0,12.0,1.0,0.2,0.7,-79.8,-79.8,-79.8,-79.8,1.0,0.0,12.0,1.0,0.2,0.7,29.1,29.1,29.1,29.1,1.0,0.0,12.0,1.0,0.2,0.7,-43.0,-43.0,-43.0,-43.0,1.0,0.0,12.0,1.0,0.2,0.7,15.6,15.6,15.6,15.6,1.0,0.0,12.0,1.0,0.2,0.7,-19.8,-19.8,-19.8,-19.8,1.0,0.0,12.0,1.0,0.2,0.7,7.2,7.2,7.2,7.2,1.0,0.0,12.0,1.0,0.2,0.7,46.5,46.5,46.5,46.5,1.0,0.0,12.0,1.0,0.2,0.7,45.0,45.0,45.0,45.0,1.0,0.0,12.0,1.0,0.2,0.7
1974,2,344.0,-18.0,24.03,24.3,24.78,24.4,3.0,0.56,12.0,0.7,0.4,0.6,23.7,25.2,25.61,24.67,3.0,1.47,12.0,0.7,0.4,0.6,15.43,15.43,15.43,15.43,1.0,0.0,4.0,0.0,0.1,0.3,73.2,79.4,85.6,79.4,2.0,12.8,8.0,0.5,0.4,3.59,4.65,5.71,4.65,2.0,2.19,8.0,0.5,0.5,0.4,-5.6,-4.51,-3.42,-4.51,2.0,2.26,8.0,0.5,0.5,0.4,-0.74,-0.01,0.72,-0.01,2.0,1.51,8.0,0.5,0.5,0.4,1015.83,1015.9,1015.97,1015.9,2.0,0.14,12.0,0.5,0.1,0.7,3.6,5.0,6.4,5.0,3.0,2.0,12.0,0.7,0.4,0.6,-33.3,-23.4,-13.6,-23.4,2.0,20.4,8.0,0.5,0.5,0.4,-5.1,-1.7,1.7,-1.7,2.0,7.0,8.0,0.5,0.5,0.4,-1.09,-0.2,0.55,-0.27,3.0,1.2,12.0,0.7,0.4,0.6,-3.0,0.5,4.0,0.5,2.0,7.2,8.0,0.5,0.5,0.4,3.01,3.01,3.01,3.01,1.0,0.0,4.0,0.0,0.1,0.3,18.7,18.7,18.7,18.7,1.0,0.0,4.0,0.0,0.1,0.3,-130.1,-107.8,-85.5,-107.8,2.0,46.2,8.0,0.5,0.5,0.4,-16.5,1.3,19.1,1.3,2.0,36.9,8.0,0.5,0.5,0.4,-94.2,-94.2,-94.2,-94.2,1.0,0.0,4.0,0.0,0.1,0.3,-16.6,-16.6,-16.6,-16.6,1.0,0.0,4.0,0.0,0.1,0.3,-18.4,-18.4,-18.4,-18.4,1.0,0.0,4.0,0.0,0.1,0.3,-3.2,-3.2,-3.2,-3.2,1.0,0.0,4.0,0.0,0.1,0.3,63.0,134.0,205.0,134.0,2.0,147.5,8.0,0.5,0.5,0.4,65.0,135.0,205.0,135.0,2.0,145.0,8.0,0.5,0.5,0.4
1974,2,344.0,-17.0,25.0,25.0,25.0,25.0,2.0,0.0,12.0,0.5,0.5,0.5,24.15,24.9,25.65,24.9,2.0,1.56,12.0,0.5,0.5,0.5,13.19,13.82,14.45,13.82,2.0,1.3,12.0,0.5,0.5,0.5,70.4,70.4,70.4,70.4,2.0,0.0,12.0,0.5,0.5,5.51,6.4,7.29,6.4,2.0,1.84,12.0,0.5,0.5,0.5,-6.71,-5.57,-4.44,-5.57,2.0,2.35,12.0,0.5,0.5,0.5,2.74,2.96,3.18,2.96,2.0,0.46,12.0,0.5,0.5,0.5,1012.33,1012.6,1012.87,1012.6,2.0,0.57,12.0,0.5,0.5,0.5,2.3,3.0,3.7,3.0,2.0,1.4,12.0,0.5,0.5,0.5,-50.0,-37.8,-25.6,-37.8,2.0,25.3,12.0,0.5,0.5,0.5,17.3,18.5,19.7,18.5,2.0,2.5,12.0,0.5,0.5,0.5,-0.65,0.1,0.85,0.1,2.0,1.56,12.0,0.5,0.5,0.5,-5.5,-0.8,3.9,-0.8,2.0,9.8,12.0,0.5,0.5,0.5,5.34,5.96,6.58,5.96,2.0,1.29,12.0,0.5,0.5,0.5,35.7,37.0,38.3,37.0,2.0,2.7,12.0,0.5,0.5,0.5,-173.0,-140.6,-108.1,-140.6,2.0,67.3,12.0,0.5,0.5,0.5,70.0,73.2,76.5,73.2,2.0,6.8,12.0,0.5,0.5,0.5,-97.7,-78.5,-59.3,-78.5,2.0,39.8,12.0,0.5,0.5,0.5,39.4,40.6,41.7,40.6,2.0,2.5,12.0,0.5,0.5,0.5,-35.0,-31.7,-28.4,-31.7,2.0,6.9,12.0,0.5,0.5,0.5,14.8,17.9,21.1,17.9,2.0,6.5,12.0,0.5,0.5,0.5,184.0,294.5,405.0,294.5,2.0,229.0,12.0,0.5,0.5,0.5,185.0,295.0,405.0,295.0,2.0,230.0,12.0,0.5,0.5,0.5
1974,2,344.0,-16.0,25.4,25.4,25.4,25.4,1.0,0.0,16.0,1.0,0.1,0.4,24.8,24.8,24.8,24.8,1.0,0.0,16.0,1.0,0.1,0.4,13.91,13.91,13.91,13.91,1.0,0.0,16.0,1.0,0.1,0.4,71.5,71.5,71.5,71.5,1.0,0.0,16.0,1.0,0.4,8.2,8.2,8.2,8.2,1.0,0.0,16.0,1.0,0.1,0.4,-7.71,-7.71,-7.71,-7.71,1.0,0.0,16.0,1.0,0.1,0.4,2.8,2.8,2.8,2.8,1.0,0.0,16.0,1.0,0.1,0.4,1013.5,1013.5,1013.5,1013.5,1.0,0.0,16.0,1.0,0.1,0.4,1.0,1.0,1.0,1.0,1.0,0.0,16.0,1.0,0.1,0.4,-63.2,-63.2,-63.2,-63.2,1.0,0.0,16.0,1.0,0.1,0.4,23.0,23.0,23.0,23.0,1.0,0.0,16.0,1.0,0.1,0.4,0.6,0.6,0.6,0.6,1.0,0.0,16.0,1.0,0.1,0.4,4.9,4.9,4.9,4.9,1.0,0.0,16.0,1.0,0.1,0.4,6.34,6.34,6.34,6.34,1.0,0.0,16.0,1.0,0.1,0.4,52.0,52.0,52.0,52.0,1.0,0.0,16.0,1.0,0.1,0.4,-191.1,-191.1,-191.1,-191.1,1.0,0.0,16.0,1.0,0.1,0.4,69.6,69.6,69.6,69.6,1.0,0.0,16.0,1.0,0.1,0.4,-107.2,-107.2,-107.2,-107.2,1.0,0.0,16.0,1.0,0.1,0.4,39.0,39.0,39.0,39.0,1.0,0.0,16.0,1.0,0.1,0.4,-48.8,-48.8,-48.8,-48.8,1.0,0.0,16.0,1.0,0.1,0.4,17.8,17.8,17.8,17.8,1.0,0.0,16.0,1.0,0.1,0.4,551.5,551.5,551.5,551.5,1.0,0.0,16.0,1.0,0.1,0.4,550.0,550.0,550.0,550.0,1.0,0.0,16.0,1.0,0.1,0.4
1974,2,344.0,-15.0,25.19,25.6,25.87,25.53,3.0,0.5,20.0,0.3,0.5,0.6,24.06,24.4,26.04,25.03,3.0,1.55,20.0,0.3,0.5,0.6,13.84,14.43,15.75,14.79,3.0,1.44,20.0,0.3,0.5,0.6,72.4,74.5,77.1,74.8,3.0,3.5,20.0,0.3,0.6,5.61,6.7,7.38,6.5,3.0,1.31,20.0,0.3,0.5,0.6,-6.18,-5.13,-4.3,-5.24,3.0,1.38,20.0,0.3,0.5,0.6,3.46,3.85,4.16,3.81,3.0,0.52,20.0,0.3,0.5,0.6,1013.01,1013.9,1014.51,1013.77,3.0,1.11,20.0,0.3,0.5,0.6,3.3,6.0,6.7,5.0,3.0,2.6,20.0,0.3,0.5,0.6,-46.0,-34.4,-24.5,-35.2,3.0,15.7,20.0,0.3,0.5,0.6,20.6,28.9,29.4,25.1,3.0,7.2,20.0,0.3,0.5,0.6,-0.36,0.6,1.35,0.5,3.0,1.25,20.0,0.3,0.5,0.6,-2.7,3.1,9.9,3.6,3.0,9.2,20.0,0.3,0.5,0.6,5.08,6.04,6.15,5.63,3.0,0.86,20.0,0.3,0.5,0.6,31.3,31.6,41.8,36.4,3.0,8.8,20.0,0.3,0.5,0.6,-152.4,-137.6,-108.7,-130.8,3.0,32.6,20.0,0.3,0.5,0.6,83.8,92.0,108.0,95.8,3.0,18.0,20.0,0.3,0.5,0.6,-92.3,-84.0,-62.8,-77.7,3.0,22.3,20.0,0.3,0.5,0.6,48.0,55.5,65.8,56.8,3.0,13.1,20.0,0.3,0.5,0.6,-35.2,-24.2,-23.9,-29.4,3.0,9.4,20.0,0.3,0.5,0.6,20.1,20.3,22.3,21.2,3.0,1.8,20.0,0.3,0.5,0.6,186.0,301.0,407.0,296.5,3.0,162.0,20.0,0.3,0.5,0.6,185.0,300.0,405.0,295.0,3.0,160.0,20.0,0.3,0.5,0.6
1974,2,344.0,-14.0,25.4,25.4,25.4,25.4,1.0,0.0,18.0,0.0,0.3,0.8,24.8,24.8,24.8,24.8,1.0,0.0,18.0,0.0,0.3,0.8,17.1,17.1,17.1,17.1,1.0,0.0,18.0,0.0,0.3,0.8,87.6,87.6,87.6,87.6,1.0,0.0,18.0,0.0,0.8,7.2,7.2,7.2,7.2,1.0,0.0,18.0,0.0,0.3,0.8,-6.24,-6.24,-6.24,-6.24,1.0,0.0,18.0,0.0,0.3,0.8,3.6,3.6,3.6,3.6,1.0,0.0,18.0,0.0,0.3,0.8,1012.0,1012.0,1012.0,1012.0,1.0,0.0,18.0,0.0,0.3,0.8,8.0,8.0,8.0,8.0,1.0,0.0,18.0,0.0,0.3,0.8,-44.9,-44.9,-44.9,-44.9,1.0,0.0,18.0,0.0,0.3,0.8,25.9,25.9,25.9,25.9,1.0,0.0,18.0,0.0,0.3,0.8,0.6,0.6,0.6,0.6,1.0,0.0,18.0,0.0,0.3,0.8,4.3,4.3,4.3,4.3,1.0,0.0,18.0,0.0,0.3,0.8,3.18,3.18,3.18,3.18,1.0,0.0,18.0,0.0,0.3,0.8,22.9,22.9,22.9,22.9,1.0,0.0,18.0,0.0,0.3,0.8,-154.6,-154.6,-154.6,-154.6,1.0,0.0,18.0,0.0,0.3,0.8,89.3,89.3,89.3,89.3,1.0,0.0,18.0,0.0,0.3,0.8,-106.6,-106.6,-106.6,-106.6,1.0,0.0,18.0,0.0,0.3,0.8,61.6,61.6,61.6,61.6,1.0,0.0,18.0,0.0,0.3,0.8,-19.8,-19.8,-19.8,-19.8,1.0,0.0,18.0,0.0,0.3,0.8,11.4,11.4,11.4,11.4,1.0,0.0,18.0,0.0,0.3,0.8,373.0,373.0,373.0,373.0,1.0,0.0,18.0,0.0,0.3,0.8,375.0,375.0,375.0,375.0,1.0,0.0,18.0,0.0,0.3,0.8
1974,2,344.0,-13.0,24.8,24.8,24.8,24.8,1.0,0.0,4.0,1.0,0.1,0.6,25.5,25.5,25.5,25.5,1.0,0.0,4.0,1.0,0.1,0.6,16.9,16.9,16.9,16.9,1.0,0.0,4.0,1.0,0.1,0.6,83.0,83.0,83.0,83.0,1.0,0.0,4.0,1.0,0.6,4.6,4.6,4.6,4.6,1.0,0.0,4.0,1.0,0.1,0.6,-4.32,-4.32,-4.32,-4.32,1.0,0.0,4.0,1.0,0.1,0.6,1.57,1.57,1.57,1.57,1.0,0.0,4.0,1.0,0.1,0.6,1011.8,1011.8,1011.8,1011.8,1.0,0.0,4.0,1.0,0.1,0.6,6.0,6.0,6.0,6.0,1.0,0.0,4.0,1.0,0.1,0.6,-19.9,-19.9,-19.9,-19.9,1.0,0.0,4.0,1.0,0.1,0.6,7.2,7.2,7.2,7.2,1.0,0.0,4.0,1.0,0.1,0.6,-0.7,-0.7,-0.7,-0.7,1.0,0.0,4.0,1.0,0.1,0.6,-3.2,-3.2,-3.2,-3.2,1.0,0.0,4.0,1.0,0.1,0.6,2.66,2.66,2.66,2.66,1.0,0.0,4.0,1.0,0.1,0.6,12.3,12.3,12.3,12.3,1.0,0.0,4.0,1.0,0.1,0.6,-110.2,-110.2,-110.2,-110.2,1.0,0.0,4.0,1.0,0.1,0.6,40.1,40.1,40.1,40.1,1.0,0.0,4.0,1.0,0.1,0.6,-73.0,-73.0,-73.0,-73.0,1.0,0.0,4.0,1.0,0.1,0.6,26.6,26.6,26.6,26.6,1.0,0.0,4.0,1.0,0.1,0.6,-11.5,-11.5,-11.5,-11.5,1.0,0.0,4.0,1.0,0.1,0.6,4.2,4.2,4.2,4.2,1.0,0.0,4.0,1.0,0.1,0.6,97.5,97.5,97.5,97.5,1.0,0.0,4.0,1.0,0.1,0.6,95.0,95.0,95.0,95.0,1.0,0.0,4.0,1.0,0.1,0.6
1974,2,344.0,-12.0,25.16,25.5,25.84,25.5,2.0,0.71,10.0,0.0,0.7,0.3,23.57,24.15,24.73,24.15,2.0,1.2,10.0,0.0,0.7,0.3,14.57,14.57,14.57,14.57,1.0,0.0,12.0,0.0,0.8,0.3,81.7,81.7,81.7,81.7,1.0,0.0,12.0,0.0,0.3,5.56,6.55,7.54,6.55,2.0,2.05,10.0,0.0,0.7,0.3,-6.35,-5.1,-3.86,-5.1,2.0,2.58,10.0,0.0,0.7,0.3,3.92,3.95,3.99,3.95,2.0,0.07,10.0,0.0,0.7,0.3,1010.98,1011.15,1011.32,1011.15,2.0,0.35,10.0,0.0,0.7,0.3,2.3,3.0,3.7,3.0,2.0,1.4,10.0,0.0,0.7,0.3,-49.3,-36.1,-22.9,-36.1,2.0,27.4,10.0,0.0,0.7,0.3,21.8,26.0,30.1,26.0,2.0,8.5,10.0,0.0,0.7,0.3,1.11,1.35,1.59,1.35,2.0,0.49,10.0,0.0,0.7,0.3,8.1,8.3,8.6,8.3,2.0,0.5,10.0,0.0,0.7,0.3,5.24,5.24,5.24,5.24,1.0,0.0,12.0,0.0,0.8,0.3,26.7,26.7,26.7,26.7,1.0,0.0,12.0,0.0,0.8,0.3,-157.8,-124.8,-91.7,-124.8,2.0,68.5,10.0,0.0,0.7,0.3,92.5,95.5,98.6,95.5,2.0,6.3,10.0,0.0,0.7,0.3,-47.8,-47.8,-47.8,-47.8,1.0,0.0,12.0,0.0,0.8,0.3,56.9,56.9,56.9,56.9,1.0,0.0,12.0,0.0,0.8,0.3,-17.2,-17.2,-17.2,-17.2,1.0,0.0,12.0,0.0,0.8,0.3,20.5,20.5,20.5,20.5,1.0,0.0,12.0,0.0,0.8,0.3,193.0,322.5,452.0,322.5,2.0,268.0,10.0,0.0,0.7,0.3,195.0,320.0,450.0,320.0,2.0,270.0,10.0,0.0,0.7,0.3
1974,2,344.0,-11.0,25.27,25.85,26.43,25.85,2.0,1.2,18.0,0.5,0.5,0.3,26.0,26.0,28.05,27.0,3.0,1.73,18.0,0.7,0.6,0.5,15.07,16.19,17.31,16.19,2.0,2.32,18.0,0.5,0.5,0.3,72.0,77.3,82.6,77.3,2.0,11.0,18.0,0.5,0.3,4.27,5.7,6.72,5.5,3.0,1.81,18.0,0.7,0.6,0.5,-5.64,-4.37,-2.61,-4.13,3.0,2.23,18.0,0.7,0.6,0.5,-0.99,3.6,3.64,1.38,3.0,3.9,18.0,0.7,0.6,0.5,1012.58,1012.75,1012.92,1012.75,2.0,0.35,18.0,0.5,0.5,0.3,1.6,3.0,5.0,3.3,3.0,2.5,18.0,0.7,0.6,0.5,-38.5,-24.9,-12.3,-25.4,3.0,19.2,18.0,0.7,0.6,0.5,-1.0,20.9,24.3,11.9,3.0,20.1,18.0,0.7,0.6,0.5,-0.73,-0.15,0.43,-0.15,2.0,1.2,18.0,0.5,0.5,0.3,-2.4,0.2,2.8,0.2,2.0,5.4,18.0,0.5,0.5,0.3,2.8,4.65,6.5,4.65,2.0,3.83,18.0,0.5,0.5,0.3,12.5,24.5,36.4,24.5,2.0,24.7,18.0,0.5,0.5,0.3,-159.5,-113.5,-68.0,-113.7,3.0,67.0,18.0,0.7,0.6,0.5,-25.1,95.3,101.5,39.5,3.0,104.5,18.0,0.7,0.6,0.5,-58.5,-47.8,-37.1,-47.8,2.0,22.2,18.0,0.5,0.5,0.3,-38.3,-1.1,36.0,-1.1,2.0,77.0,18.0,0.5,0.5,0.3,-27.6,-17.8,-8.0,-17.8,2.0,20.3,18.0,0.5,0.5,0.3,-0.8,10.5,21.7,10.5,2.0,23.4,18.0,0.5,0.5,0.3,90.5,185.0,313.5,201.5,3.0,164.0,18.0,0.7,0.6,0.5,90.0,185.0,315.0,200.0,3.0,165.0,18.0,0.7,0.6,0.5
1974,2,344.0,-10.0,25.6,25.6,25.6,25.6,1.0,0.0,8.0,0.0,0.6,0.9,26.7,26.7,26.7,26.7,1.0,0.0,8.0,0.0,0.6,0.9,14.96,14.96,14.96,14.96,1.0,0.0,8.0,0.0,0.6,0.9,68.4,68.4,68.4,68.4,1.0,0.0,8.0,0.0,0.9,8.7,8.7,8.7,8.7,1.0,0.0,8.0,0.0,0.6,0.9,-6.66,-6.66,-6.66,-6.66,1.0,0.0,8.0,0.0,0.6,0.9,5.59,5.59,5.59,5.59,1.0,0.0,8.0,0.0,0.6,0.9,1009.5,1009.5,1009.5,1009.5,1.0,0.0,8.0,0.0,0.6,0.9,4.0,4.0,4.0,4.0,1.0,0.0,8.0,0.0,0.6,0.9,-58.0,-58.0,-58.0,-58.0,1.0,0.0,8.0,0.0,0.6,0.9,48.7,48.7,48.7,48.7,1.0,0.0,8.0,0.0,0.6,0.9,-1.1,-1.1,-1.1,-1.1,1.0,0.0,8.0,0.0,0.6,0.9,-9.6,-9.6,-9.6,-9.6,1.0,0.0,8.0,0.0,0.6,0.9,5.61,5.61,5.61,5.61,1.0,0.0,8.0,0.0,0.6,0.9,48.8,48.8,48.8,48.8,1.0,0.0,8.0,0.0,0.6,0.9,-177.9,-177.9,-177.9,-177.9,1.0,0.0,8.0,0.0,0.6,0.9,149.3,149.3,149.3,149.3,1.0,0.0,8.0,0.0,0.6,0.9,-99.7,-99.7,-99.7,-99.7,1.0,0.0,8.0,0.0,0.6,0.9,83.7,83.7,83.7,83.7,1.0,0.0,8.0,0.0,0.6,0.9,-37.4,-37.4,-37.4,-37.4,1.0,0.0,8.0,0.0,0.6,0.9,31.4,31.4,31.4,31.4,1.0,0.0,8.0,0.0,0.6,0.9,658.5,658.5,658.5,658.5,1.0,0.0,8.0,0.0,0.6,0.9,660.0,660.0,660.0,660.0,1.0,0.0,8.0,0.0,0.6,0.9
1974,2,344.0,-9.0,24.8,24.8,24.8,24.8,1.0,0.0,14.0,1.0,0.4,0.1,24.59,25.85,27.11,25.85,2.0,2.62,18.0,1.0,0.3,0.4,16.57,17.04,17.52,17.04,2.0,0.98,18.0,1.0,0.3,0.4,78.3,82.3,86.2,82.3,2.0,8.2,18.0,1.0,0.4,5.35,5.9,6.45,5.9,2.0,1.13,18.0,1.0,0.3,0.4,-5.5,-4.85,-4.21,-4.85,2.0,1.34,18.0,1.0,0.3,0.4,3.29,3.31,3.34,3.31,2.0,0.05,18.0,1.0,0.3,0.4,1012.72,1013.2,1013.68,1013.2,2.0,0.99,18.0,1.0,0.3,0.4,1.2,1.5,1.8,1.5,2.0,0.7,18.0,1.0,0.3,0.4,-35.9,-29.4,-22.9,-29.4,2.0,13.4,18.0,1.0,0.3,0.4,17.6,19.6,21.5,19.6,2.0,4.0,18.0,1.0,0.3,0.4,0.8,0.8,0.8,0.8,1.0,0.0,14.0,1.0,0.4,0.1,5.4,5.4,5.4,5.4,1.0,0.0,14.0,1.0,0.4,0.1,3.17,3.17,3.17,3.17,1.0,0.0,14.0,1.0,0.4,0.1,21.2,21.2,21.2,21.2,1.0,0.0,14.0,1.0,0.4,0.1,-134.3,-123.7,-113.1,-123.7,2.0,21.9,18.0,1.0,0.3,0.4,82.1,85.6,89.2,85.6,2.0,7.4,18.0,1.0,0.3,0.4,-90.8,-82.1,-73.3,-82.1,2.0,18.1,18.0,1.0,0.3,0.4,55.3,56.5,57.6,56.5,2.0,2.4,18.0,1.0,0.3,0.4,-18.4,-18.4,-18.4,-18.4,1.0,0.0,14.0,1.0,0.4,0.1,10.6,10.6,10.6,10.6,1.0,0.0,14.0,1.0,0.4,0.1,159.5,216.5,274.0,216.5,2.0,119.0,18.0,1.0,0.3,0.4,160.0,215.0,275.0,215.0,2.0,120.0,18.0,1.0,0.3,0.4
1974,2,344.0,-8.0,26.9,26.9,26.9,26.9,1.0,0.0,12.0,0.0,0.2,0.3,25.6,25.6,25.6,25.6,1.0,0.0,12.0,0.0,0.2,0.3,14.56,14.56,14.56,14.56,1.0,0.0,12.0,0.0,0.2,0.3,71.2,71.2,71.2,71.2,1.0,0.0,12.0,0.0,0.3,7.2,7.2,7.2,7.2,1.0,0.0,12.0,0.0,0.2,0.3,-4.63,-4.63,-4.63,-4.63,1.0,0.0,12.0,0.0,0.2,0.3,5.52,5.52,5.52,5.52,1.0,0.0,12.0,0.0,0.2,0.3,1011.9,1011.9,1011.9,1011.9,1.0,0.0,12.0,0.0,0.2,0.3,1.0,1.0,1.0,1.0,1.0,0.0,12.0,0.0,0.2,0.3,-33.3,-33.3,-33.3,-33.3,1.0,0.0,12.0,0.0,0.2,0.3,39.7,39.7,39.7,39.7,1.0,0.0,12.0,0.0,0.2,0.3,1.3,1.3,1.3,1.3,1.0,0.0,12.0,0.0,0.2,0.3,9.4,9.4,9.4,9.4,1.0,0.0,12.0,0.0,0.2,0.3,7.63,7.63,7.63,7.63,1.0,0.0,12.0,0.0,0.2,0.3,54.9,54.9,54.9,54.9,1.0,0.0,12.0,0.0,0.2,0.3,-118.5,-118.5,-118.5,-118.5,1.0,0.0,12.0,0.0,0.2,0.3,141.2,141.2,141.2,141.2,1.0,0.0,12.0,0.0,0.2,0.3,-67.4,-67.4,-67.4,-67.4,1.0,0.0,12.0,0.0,0.2,0.3,80.3,80.3,80.3,80.3,1.0,0.0,12.0,0.0,0.2,0.3,-35.3,-35.3,-35.3,-35.3,1.0,0.0,12.0,0.0,0.2,0.3,42.1,42.1,42.1,42.1,1.0,0.0,12.0,0.0,0.2,0.3,373.0,373.0,373.0,373.0,1.0,0.0,12.0,0.0,0.2,0.3,375.0,375.0,375.0,375.0,1.0,0.0,12.0,0.0,0.2,0.3
1974,2,344.0,-7.0,27.25,27.8,28.62,27.93,3.0,1.01,20.0,0.3,0.4,0.7,27.18,27.85,28.26,27.73,4.0,0.76,20.0,0.3,0.5,0.6,17.23,17.6,19.32,18.24,4.0,1.75,20.0,0.3,0.5,0.6,72.2,75.4,85.7,78.8,4.0,11.0,20.0,0.3,0.6,4.34,5.95,6.46,5.43,4.0,1.6,20.0,0.3,0.5,0.6,-5.26,-4.4,-2.79,-4.04,4.0,1.56,20.0,0.3,0.5,0.6,2.72,3.7,4.34,3.54,4.0,0.97,20.0,0.3,0.5,0.6,1009.13,1010.55,1014.43,1011.73,4.0,3.71,20.0,0.3,0.5,0.6,1.0,2.5,4.6,2.8,4.0,2.5,20.0,0.3,0.5,0.6,-33.9,-27.1,-13.2,-23.7,4.0,13.2,20.0,0.3,0.5,0.6,13.0,22.1,27.0,20.1,4.0,9.4,20.0,0.3,0.5,0.6,-0.65,0.1,0.37,-0.13,3.0,0.78,20.0,0.3,0.4,0.7,-1.9,0.6,2.5,0.3,3.0,3.2,20.0,0.3,0.4,0.7,4.98,5.88,7.51,6.23,3.0,1.88,20.0,0.3,0.4,0.7,20.3,33.5,48.4,34.3,3.0,20.6,20.0,0.3,0.4,0.7,-144.9,-122.4,-77.5,-111.7,4.0,42.5,20.0,0.3,0.5,0.6,74.2,101.9,121.9,98.2,4.0,28.1,20.0,0.3,0.5,0.6,-100.0,-75.6,-49.0,-74.6,4.0,32.7,20.0,0.3,0.5,0.6,52.7,68.8,74.9,64.0,4.0,15.6,20.0,0.3,0.5,0.6,-35.8,-21.6,-13.0,-24.3,3.0,16.8,20.0,0.3,0.4,0.7,15.5,25.7,32.4,24.0,3.0,12.5,20.0,0.3,0.4,0.7,104.0,212.0,271.0,188.5,4.0,116.0,20.0,0.3,0.5,0.6,105.0,210.0,270.0,190.0,4.0,115.0,20.0,0.3,0.5,0.6
1974,2,344.0,-6.0,26.83,27.6,28.16,27.5,4.0,0.81,20.0,0.8,0.6,0.7,25.73,27.55,28.21,27.0,4.0,1.81,20.0,0.8,0.6,0.7,16.56,17.32,18.08,17.32,4.0,1.08,20.0,0.8,0.6,0.7,71.3,78.4,84.8,78.1,4.0,9.8,20.0,0.8,0.7,4.6,5.15,8.11,6.3,4.0,2.72,20.0,0.8,0.6,0.7,-5.15,-2.74,-1.75,-3.42,4.0,2.3,20.0,0.8,0.6,0.7,3.61,4.84,6.68,5.13,4.0,2.09,20.0,0.8,0.6,0.7,1008.85,1010.25,1010.87,1009.88,4.0,1.47,20.0,0.8,0.6,0.7,1.5,4.0,7.0,4.3,4.0,3.3,20.0,0.8,0.6,0.7,-43.4,-13.7,-9.1,-25.7,4.0,28.6,20.0,0.8,0.6,0.7,16.6,25.2,57.1,36.3,4.0,30.8,20.0,0.8,0.6,0.7,-1.01,-0.3,2.09,0.5,4.0,2.34,20.0,0.8,0.6,0.7,-4.7,-1.3,21.3,7.9,4.0,21.7,20.0,0.8,0.6,0.7,4.64,5.84,6.84,5.74,4.0,1.31,20.0,0.8,0.6,0.7,24.0,29.6,52.5,37.8,4.0,23.6,20.0,0.8,0.6,0.7,-130.3,-75.1,-49.4,-89.2,4.0,53.1,20.0,0.8,0.6,0.7,100.8,136.3,172.0,136.4,4.0,47.0,20.0,0.8,0.6,0.7,-88.9,-48.9,-30.5,-59.2,4.0,39.4,20.0,0.8,0.6,0.7,60.0,84.5,118.5,89.0,4.0,36.8,20.0,0.8,0.6,0.7,-31.5,-12.7,-10.1,-20.5,4.0,17.6,20.0,0.8,0.6,0.7,19.5,27.9,42.7,31.0,4.0,17.9,20.0,0.8,0.6,0.7,97.5,141.5,660.5,368.0,4.0,485.0,20.0,0.8,0.6,0.7,95.0,140.0,660.0,370.0,4.0,485.0,20.0,0.8,0.6,0.7
1974,2,344.0,-5.0,26.1,26.1,26.1,26.1,1.0,0.0,8.0,1.0,1.0,0.5,27.9,27.9,27.9,27.9,1.0,0.0,8.0,1.0,1.0,0.5,18.72,18.72,18.72,18.72,1.0,0.0,8.0,1.0,1.0,0.5,79.4,79.4,79.4,79.4,1.0,0.0,8.0,1.0,0.5,7.7,7.7,7.7,7.7,1.0,0.0,8.0,1.0,1.0,0.5,-3.85,-3.85,-3.85,-3.85,1.0,0.0,8.0,1.0,1.0,0.5,6.67,6.67,6.67,6.67,1.0,0.0,8.0,1.0,1.0,0.5,1007.0,1007.0,1007.0,1007.0,1.0,0.0,8.0,1.0,1.0,0.5,6.0,6.0,6.0,6.0,1.0,0.0,8.0,1.0,1.0,0.5,-29.6,-29.6,-29.6,-29.6,1.0,0.0,8.0,1.0,1.0,0.5,51.3,51.3,51.3,51.3,1.0,0.0,8.0,1.0,1.0,0.5,-1.8,-1.8,-1.8,-1.8,1.0,0.0,8.0,1.0,1.0,0.5,-13.9,-13.9,-13.9,-13.9,1.0,0.0,8.0,1.0,1.0,0.5,2.53,2.53,2.53,2.53,1.0,0.0,8.0,1.0,1.0,0.5,19.5,19.5,19.5,19.5,1.0,0.0,8.0,1.0,1.0,0.5,-107.4,-107.4,-107.4,-107.4,1.0,0.0,8.0,1.0,1.0,0.5,186.0,186.0,186.0,186.0,1.0,0.0,8.0,1.0,1.0,0.5,-72.1,-72.1,-72.1,-72.1,1.0,0.0,8.0,1.0,1.0,0.5,124.9,124.9,124.9,124.9,1.0,0.0,8.0,1.0,1.0,0.5,-9.8,-9.8,-9.8,-9.8,1.0,0.0,8.0,1.0,1.0,0.5,16.9,16.9,16.9,16.9,1.0,0.0,8.0,1.0,1.0,0.5,456.5,456.5,456.5,456.5,1.0,0.0,8.0,1.0,1.0,0.5,455.0,455.0,455.0,455.0,1.0,0.0,8.0,1.0,1.0,0.5
1974,2,344.0,-4.0,27.25,27.35,27.45,27.35,2.0,0.21,16.0,0.5,0.8,0.7,26.33,27.05,27.77,27.05,2.0,1.48,16.0,0.5,0.8,0.7,18.52,18.73,18.93,18.73,2.0,0.43,16.0,0.5,0.8,0.7,79.5,83.9,88.3,83.9,2.0,9.1,16.0,0.5,0.7,5.35,6.95,8.55,6.95,2.0,3.32,16.0,0.5,0.8,0.7,-4.9,-2.59,-0.28,-2.59,2.0,4.79,16.0,0.5,0.8,0.7,4.94,5.83,6.71,5.83,2.0,1.83,16.0,0.5,0.8,0.7,1009.37,1009.95,1010.53,1009.95,2.0,1.2,16.0,0.5,0.8,0.7,2.0,2.0,2.0,2.0,2.0,0.0,16.0,0.5,0.8,0.7,-46.2,-26.0,-5.7,-26.0,2.0,41.9,16.0,0.5,0.8,0.7,28.0,43.5,59.0,43.5,2.0,32.1,16.0,0.5,0.8,0.7,-0.52,0.3,1.12,0.3,2.0,1.7,16.0,0.5,0.8,0.7,-5.9,-0.7,4.5,-0.7,2.0,10.8,16.0,0.5,0.8,0.7,4.06,4.11,4.16,4.11,2.0,0.11,16.0,0.5,0.8,0.7,21.8,28.7,35.7,28.7,2.0,14.4,16.0,0.5,0.8,0.7,-138.0,-73.6,-9.2,-73.6,2.0,133.5,16.0,0.5,0.8,0.7,130.9,159.0,187.1,159.0,2.0,58.3,16.0,0.5,0.8,0.7,-90.3,-47.5,-4.7,-47.5,2.0,88.6,16.0,0.5,0.8,0.7,93.4,108.7,124.1,108.7,2.0,31.9,16.0,0.5,0.8,0.7,-20.5,-10.9,-1.3,-10.9,2.0,20.0,16.0,0.5,0.8,0.7,20.1,24.1,28.0,24.1,2.0,8.2,16.0,0.5,0.8,0.7,209.5,451.0,692.0,451.0,2.0,500.0,16.0,0.5,0.8,0.7,210.0,450.0,690.0,450.0,2.0,500.0,16.0,0.5,0.8,0.7
1974,2,344.0,-3.0,26.2,26.4,26.6,26.4,2.0,0.42,16.0,0.5,0.6,0.9,26.32,27.0,27.68,27.0,2.0,1.41,16.0,0.5,0.6,0.9,18.93,19.43,19.94,19.43,2.0,1.05,16.0,0.5,0.6,0.9,81.6,87.4,93.2,87.4,2.0,12.0,16.0,0.5,0.9,4.6,4.6,4.6,4.6,2.0,0.0,16.0,0.5,0.6,0.9,-2.06,-1.55,-1.04,-1.55,2.0,1.06,16.0,0.5,0.6,0.9,4.07,4.26,4.44,4.26,2.0,0.39,16.0,0.5,0.6,0.9,1009.01,1009.9,1010.79,1009.9,2.0,1.84,16.0,0.5,0.6,0.9,3.0,5.0,7.0,5.0,2.0,4.2,16.0,0.5,0.6,0.9,-9.5,-7.1,-4.8,-7.1,2.0,4.9,16.0,0.5,0.6,0.9,18.7,19.6,20.4,19.6,2.0,1.8,16.0,0.5,0.6,0.9,-1.49,-0.6,0.29,-0.6,2.0,1.84,16.0,0.5,0.6,0.9,-6.8,-2.8,1.3,-2.8,2.0,8.5,16.0,0.5,0.6,0.9,1.89,2.15,2.41,2.15,2.0,0.54,16.0,0.5,0.6,0.9,8.7,9.9,11.1,9.9,2.0,2.5,16.0,0.5,0.6,0.9,-57.5,-42.6,-27.7,-42.6,2.0,30.9,16.0,0.5,0.6,0.9,112.5,114.7,116.8,114.7,2.0,4.4,16.0,0.5,0.6,0.9,-38.7,-29.6,-20.4,-29.6,2.0,19.0,16.0,0.5,0.6,0.9,77.2,82.9,88.7,82.9,2.0,12.0,16.0,0.5,0.6,0.9,-5.1,-3.6,-2.1,-3.6,2.0,3.1,16.0,0.5,0.6,0.9,8.3,9.0,9.7,9.0,2.0,1.5,16.0,0.5,0.6,0.9,97.5,97.5,97.5,97.5,2.0,0.0,16.0,0.5,0.6,0.9,95.0,95.0,95.0,95.0,2.0,0.0,16.0,0.5,0.6,0.9
1974,2,344.0,-2.0,28.12,28.15,28.18,28.15,2.0,0.07,14.0,1.0,0.5,0.3,26.81,27.05,27.29,27.05,2.0,0.49,14.0,1.0,0.5,0.3,18.93,19.17,19.41,19.17,2.0,0.49,14.0,1.0,0.5,0.3,83.3,85.5,87.8,85.5,2.0,4.7,14.0,1.0,0.3,6.7,6.7,6.7,6.7,1.0,0.0,6.0,1.0,0.4,0.1,-5.13,-5.13,-5.13,-5.13,1.0,0.0,6.0,1.0,0.4,0.1,4.31,4.31,4.31,4.31,1.0,0.0,6.0,1.0,0.4,0.1,1007.85,1007.95,1008.05,1007.95,2.0,0.21,14.0,1.0,0.5,0.3,6.3,7.0,7.7,7.0,2.0,1.4,14.0,1.0,0.5,0.3,-34.4,-34.4,-34.4,-34.4,1.0,0.0,6.0,1.0,0.4,0.1,28.9,28.9,28.9,28.9,1.0,0.0,6.0,1.0,0.4,0.1,0.83,1.1,1.37,1.1,2.0,0.57,14.0,1.0,0.5,0.3,4.7,4.7,4.7,4.7,1.0,0.0,6.0,1.0,0.4,0.1,4.64,4.83,5.02,4.83,2.0,0.39,14.0,1.0,0.5,0.3,34.2,34.2,34.2,34.2,1.0,0.0,6.0,1.0,0.4,0.1,-140.6,-140.6,-140.6,-140.6,1.0,0.0,6.0,1.0,0.4,0.1,118.0,118.0,118.0,118.0,1.0,0.0,6.0,1.0,0.4,0.1,-96.6,-96.6,-96.6,-96.6,1.0,0.0,6.0,1.0,0.4,0.1,81.1,81.1,81.1,81.1,1.0,0.0,6.0,1.0,0.4,0.1,-26.2,-26.2,-26.2,-26.2,1.0,0.0,6.0,1.0,0.4,0.1,22.0,22.0,22.0,22.0,1.0,0.0,6.0,1.0,0.4,0.1,301.0,301.0,301.0,301.0,1.0,0.0,6.0,1.0,0.4,0.1,300.0,300.0,300.0,300.0,1.0,0.0,6.0,1.0,0.4,0.1
1974,2,344.0,-1.0,26.58,27.5,28.1,27.35,4.0,0.93,16.0,0.0,0.2,0.6,25.9,26.25,26.76,26.33,4.0,0.54,16.0,0.0,0.2,0.6,16.81,17.46,18.98,17.88,3.0,1.63,18.0,0.0,0.1,0.5,78.4,78.6,87.0,82.6,3.0,7.2,18.0,0.0,0.5,1.76,3.3,4.58,3.18,4.0,1.77,16.0,0.0,0.2,0.6,-2.86,-1.16,0.61,-1.13,4.0,2.36,16.0,0.0,0.2,0.6,0.73,1.38,3.46,2.06,4.0,1.92,16.0,0.0,0.2,0.6,1008.69,1010.25,1011.02,1009.88,4.0,1.7,16.0,0.0,0.2,0.6,1.4,4.0,6.6,4.0,4.0,3.4,16.0,0.0,0.2,0.6,-10.3,-2.5,4.4,-3.0,4.0,10.2,16.0,0.0,0.2,0.6,1.7,4.0,15.3,8.3,4.0,10.9,16.0,0.0,0.2,0.6,0.45,0.75,1.63,1.03,4.0,0.83,16.0,0.0,0.2,0.6,1.0,2.1,7.1,4.0,4.0,4.9,16.0,0.0,0.2,0.6,3.8,6.28,7.11,5.47,3.0,2.52,18.0,0.0,0.1,0.5,7.0,16.3,31.3,19.1,3.0,18.0,18.0,0.0,0.1,0.5,-74.7,-31.1,15.7,-29.6,4.0,61.1,16.0,0.0,0.2,0.6,19.1,37.0,90.9,54.2,4.0,49.7,16.0,0.0,0.2,0.6,-23.9,-12.7,15.6,-4.3,3.0,29.9,18.0,0.0,0.1,0.5,21.3,34.8,65.0,43.0,3.0,32.8,18.0,0.0,0.1,0.5,-7.7,-1.7,8.4,0.3,3.0,11.9,18.0,0.0,0.1,0.5,5.4,12.5,28.5,16.8,3.0,17.4,18.0,0.0,0.1,0.5,9.0,41.0,100.0,54.0,4.0,59.0,16.0,0.0,0.2,0.6,10.0,40.0,100.0,55.0,4.0,60.0,16.0,0.0,0.2,0.6
1974,2,344.0,0.0,,,,,,,,,,,,,,,,,,,,,,,,,,,,,,,,,,,,,,,,3.1,3.1,3.1,3.1,1.0,0.0,24.0,1.0,0.4,0.1,2.91,2.91,2.91,2.91,1.0,0.0,24.0,1.0,0.4,0.1,1.06,1.06,1.06,1.06,1.0,0.0,24.0,1.0,0.4,0.1,1011.7,1011.7,1011.7,1011.7,1.0,0.0,24.0,1.0,0.4,0.1,,,,,,,,,,,,,,,,,,,,,,,,,,,,,,,,,,,,,,,,,,,,,,,,,,,,,,,,,,,,,,,,,,,,,,,,,,,,,,,,,,,,,,,,,,,,,,,,,,,,,,,,,,,,,,,,,,,,,,,,,,,,,,,,,,,,,,,,,,,,,,,,,,,,,,
1974,2,344.0,1.0,29.3,29.3,29.3,29.3,1.0,0.0,16.0,1.0,0.4,0.0,27.9,27.9,27.9,27.9,1.0,0.0,16.0,1.0,0.4,0.0,17.22,17.22,17.22,17.22,1.0,0.0,16.0,1.0,0.4,0.0,73.4,73.4,73.4,73.4,1.0,0.0,16.0,1.0,0.0,1.0,1.0,1.0,1.0,1.0,0.0,16.0,1.0,0.4,0.0,-0.5,-0.5,-0.5,-0.5,1.0,0.0,16.0,1.0,0.4,0.0,0.87,0.87,0.87,0.87,1.0,0.0,16.0,1.0,0.4,0.0,1011.2,1011.2,1011.2,1011.2,1.0,0.0,16.0,1.0,0.4,0.0,2.0,2.0,2.0,2.0,1.0,0.0,16.0,1.0,0.4,0.0,-0.5,-0.5,-0.5,-0.5,1.0,0.0,16.0,1.0,0.4,0.0,0.9,0.9,0.9,0.9,1.0,0.0,16.0,1.0,0.4,0.0,1.4,1.4,1.4,1.4,1.0,0.0,16.0,1.0,0.4,0.0,1.4,1.4,1.4,1.4,1.0,0.0,16.0,1.0,0.4,0.0,8.37,8.37,8.37,8.37,1.0,0.0,16.0,1.0,0.4,0.0,8.4,8.4,8.4,8.4,1.0,0.0,16.0,1.0,0.4,0.0,-13.9,-13.9,-13.9,-13.9,1.0,0.0,16.0,1.0,0.4,0.0,24.2,24.2,24.2,24.2,1.0,0.0,16.0,1.0,0.4,0.0,-8.6,-8.6,-8.6,-8.6,1.0,0.0,16.0,1.0,0.4,0.0,14.9,14.9,14.9,14.9,1.0,0.0,16.0,1.0,0.4,0.0,-4.2,-4.2,-4.2,-4.2,1.0,0.0,16.0,1.0,0.4,0.0,7.3,7.3,7.3,7.3,1.0,0.0,16.0,1.0,0.4,0.0,1.0,1.0,1.0,1.0,1.0,0.0,16.0,1.0,0.4,0.0,0.0,0.0,0.0,0.0,1.0,0.0,16.0,1.0,0.4,0.0
1974,2,344.0,2.0,26.63,28.0,28.2,27.43,3.0,1.25,10.0,0.7,0.8,0.2,27.35,28.1,29.06,28.2,3.0,1.25,10.0,0.7,0.8,0.2,18.33,20.0,21.66,20.0,2.0,3.45,12.0,1.0,0.7,0.3,72.2,80.9,89.7,80.9,2.0,18.2,12.0,1.0,0.3,1.16,1.5,3.89,2.5,3.0,2.18,10.0,0.7,0.8,0.2,-2.97,0.75,0.91,-0.99,3.0,3.22,10.0,0.7,0.8,0.2,0.29,1.3,1.58,0.95,3.0,0.99,10.0,0.7,0.8,0.2,1007.69,1009.4,1009.88,1008.8,3.0,1.68,10.0,0.7,0.8,0.2,1.6,5.0,5.0,3.3,3.0,2.9,10.0,0.7,0.8,0.2,-15.7,1.0,1.1,-7.1,3.0,14.2,10.0,0.7,0.8,0.2,0.5,1.9,6.5,3.4,3.0,4.5,10.0,0.7,0.8,0.2,-1.34,-1.0,-0.18,-0.77,3.0,0.87,10.0,0.7,0.8,0.2,-4.1,-2.2,-0.6,-2.3,3.0,2.6,10.0,0.7,0.8,0.2,2.49,3.99,5.48,3.99,2.0,3.09,12.0,1.0,0.7,0.3,3.0,5.5,8.1,5.5,2.0,5.3,12.0,1.0,0.7,0.3,-79.6,22.1,25.9,-25.7,3.0,87.7,10.0,0.7,0.8,0.2,8.8,38.3,43.7,26.5,3.0,27.5,10.0,0.7,0.8,0.2,14.6,17.6,20.7,17.6,2.0,6.3,12.0,1.0,0.7,0.3,0.3,9.5,18.6,9.5,2.0,18.9,12.0,1.0,0.7,0.3,2.2,3.2,4.2,3.2,2.0,2.0,12.0,1.0,0.7,0.3,1.0,3.9,6.7,3.9,2.0,5.9,12.0,1.0,0.7,0.3,2.0,3.5,86.5,43.0,3.0,71.0,10.0,0.7,0.8,0.2,0.0,5.0,85.0,45.0,3.0,70.0,10.0,0.7,0.8,0.2
1974,2,344.0,3.0,25.66,25.8,25.94,25.8,2.0,0.28,6.0,1.0,0.6,0.6,26.02,26.5,28.48,27.23,3.0,1.91,10.0,1.0,0.7,0.7,16.61,16.61,16.61,16.61,1.0,0.0,6.0,1.0,0.6,0.8,76.8,76.8,76.8,76.8,1.0,0.0,6.0,1.0,0.8,3.33,4.05,4.77,4.05,2.0,1.48,6.0,1.0,0.6,0.6,-3.73,-3.36,-2.99,-3.36,2.0,0.77,6.0,1.0,0.6,0.6,1.38,2.15,2.92,2.15,2.0,1.59,6.0,1.0,0.6,0.6,1008.96,1010.6,1010.87,1009.93,3.0,1.51,10.0,1.0,0.7,0.7,6.6,8.0,8.0,7.3,3.0,1.2,10.0,1.0,0.7,0.7,-18.1,-14.2,-10.3,-14.2,2.0,8.1,6.0,1.0,0.6,0.6,5.2,9.9,14.6,9.9,2.0,9.6,6.0,1.0,0.6,0.6,-0.73,-0.35,0.03,-0.35,2.0,0.78,6.0,1.0,0.6,0.6,-3.8,-2.0,-0.2,-2.0,2.0,3.7,6.0,1.0,0.6,0.6,3.95,3.95,3.95,3.95,1.0,0.0,6.0,1.0,0.6,0.8,20.1,20.1,20.1,20.1,1.0,0.0,6.0,1.0,0.6,0.8,-98.6,-88.1,-77.6,-88.1,2.0,21.8,6.0,1.0,0.6,0.6,36.1,56.7,77.3,56.7,2.0,42.7,6.0,1.0,0.6,0.6,-64.9,-64.9,-64.9,-64.9,1.0,0.0,6.0,1.0,0.6,0.8,54.4,54.4,54.4,54.4,1.0,0.0,6.0,1.0,0.6,0.8,-15.4,-15.4,-15.4,-15.4,1.0,0.0,6.0,1.0,0.6,0.8,12.9,12.9,12.9,12.9,1.0,0.0,6.0,1.0,0.6,0.8,44.0,80.0,116.0,80.0,2.0,74.5,6.0,1.0,0.6,0.6,45.0,80.0,115.0,80.0,2.0,75.0,6.0,1.0,0.6,0.6
1974,2,344.0,4.0,26.51,28.1,29.0,27.78,5.0,1.34,16.0,0.6,0.5,0.4,27.5,28.2,28.72,28.1,5.0,0.85,16.0,0.6,0.5,0.4,18.07,18.07,18.07,18.07,1.0,0.0,26.0,0.0,0.8,0.7,82.1,82.1,82.1,82.1,1.0,0.0,26.0,0.0,0.7,1.63,2.6,5.0,3.12,5.0,1.81,16.0,0.6,0.5,0.4,-1.8,0.0,2.18,-0.04,5.0,2.7,16.0,0.6,0.5,0.4,-3.17,0.94,1.79,-0.44,5.0,2.81,16.0,0.6,0.5,0.4,1009.01,1009.5,1011.07,1009.96,5.0,1.32,16.0,0.6,0.5,0.4,1.3,5.0,6.7,4.2,5.0,3.2,16.0,0.6,0.5,0.4,-8.1,0.0,7.9,-0.9,5.0,12.7,16.0,0.6,0.5,0.4,-15.8,0.9,4.1,-5.0,5.0,11.6,16.0,0.6,0.5,0.4,-0.98,0.0,0.42,-0.32,5.0,1.27,16.0,0.6,0.5,0.4,-1.2,0.0,1.2,-0.1,5.0,1.6,16.0,0.6,0.5,0.4,3.98,3.98,3.98,3.98,1.0,0.0,26.0,0.0,0.8,0.7,10.4,10.4,10.4,10.4,1.0,0.0,26.0,0.0,0.8,0.7,-52.2,0.0,59.4,-2.5,5.0,76.9,16.0,0.6,0.5,0.4,-90.3,26.8,49.0,-13.1,5.0,78.9,16.0,0.6,0.5,0.4,36.0,36.0,36.0,36.0,1.0,0.0,26.0,0.0,0.8,0.7,30.2,30.2,30.2,30.2,1.0,0.0,26.0,0.0,0.8,0.7,7.9,7.9,7.9,7.9,1.0,0.0,26.0,0.0,0.8,0.7,6.7,6.7,6.7,6.7,1.0,0.0,26.0,0.0,0.8,0.7,5.5,17.5,125.0,55.5,5.0,64.0,16.0,0.6,0.5,0.4,5.0,20.0,125.0,55.0,5.0,65.0,16.0,0.6,0.5,0.4
1974,2,344.0,5.0,26.31,28.3,29.0,27.86,14.0,1.62,14.0,0.6,0.6,0.6,27.33,28.35,29.76,28.49,14.0,1.21,14.0,0.6,0.6,0.6,17.94,18.63,18.89,18.42,3.0,0.72,10.0,0.7,0.6,0.4,75.0,78.4,79.7,77.4,3.0,3.6,10.0,0.7,0.4,1.0,2.6,4.41,2.78,11.0,1.54,14.0,0.5,0.5,0.5,-0.16,1.5,3.13,1.48,11.0,1.51,14.0,0.5,0.5,0.5,-3.09,-1.29,-0.09,-1.39,11.0,2.01,14.0,0.5,0.5,0.5,1006.63,1009.9,1011.07,1009.26,14.0,2.39,14.0,0.6,0.6,0.6,0.0,4.0,7.3,4.1,12.0,3.0,12.0,0.7,0.6,0.5,-0.2,3.4,13.7,5.9,11.0,6.3,14.0,0.5,0.5,0.5,-13.9,-2.6,0.8,-5.1,11.0,9.3,14.0,0.5,0.5,0.5,-2.67,0.25,1.57,-0.64,14.0,2.47,14.0,0.6,0.6,0.6,-8.4,0.3,4.4,-1.8,11.0,8.1,14.0,0.5,0.5,0.5,5.3,5.63,6.4,5.85,3.0,0.83,10.0,0.7,0.6,0.4,7.5,11.6,15.7,11.6,2.0,8.4,14.0,0.5,0.5,0.2,-4.7,45.7,87.4,41.6,11.0,42.5,14.0,0.5,0.5,0.5,-86.9,-38.3,-3.5,-38.5,11.0,57.9,14.0,0.5,0.5,0.5,6.4,13.1,19.8,13.1,2.0,13.9,14.0,0.5,0.5,0.2,-36.3,-29.0,-21.7,-29.0,2.0,15.1,14.0,0.5,0.5,0.2,2.2,4.9,7.5,4.9,2.0,5.5,14.0,0.5,0.5,0.2,-13.7,-10.4,-7.1,-10.4,2.0,6.8,14.0,0.5,0.5,0.2,1.0,17.5,89.0,40.0,11.0,48.0,14.0,0.5,0.5,0.5,0.0,20.0,90.0,40.0,11.0,50.0,14.0,0.5,0.5,0.5
1974,2,344.0,6.0,27.73,28.4,29.12,28.41,31.0,1.24,12.0,0.5,0.7,0.6,26.82,28.0,29.97,28.04,33.0,1.42,14.0,0.5,0.7,0.6,17.1,18.31,19.88,18.42,23.0,1.38,12.0,0.4,0.7,0.6,72.1,80.3,84.7,78.7,23.0,7.3,12.0,0.4,0.6,0.0,2.6,4.6,2.55,27.0,1.97,14.0,0.5,0.6,0.6,0.0,1.35,3.74,1.39,27.0,1.81,14.0,0.5,0.6,0.6,-2.88,-1.3,0.0,-1.4,27.0,1.83,14.0,0.5,0.6,0.6,1007.98,1009.9,1011.52,1009.79,31.0,1.76,14.0,0.5,0.7,0.6,0.0,2.0,6.9,3.1,33.0,3.0,12.0,0.5,0.7,0.6,0.0,2.8,17.4,5.6,27.0,9.0,14.0,0.5,0.6,0.6,-10.4,-3.4,0.0,-5.6,27.0,11.0,14.0,0.5,0.6,0.6,-1.35,0.7,1.75,0.46,31.0,1.69,12.0,0.5,0.7,0.6,-2.6,0.6,8.8,2.3,25.0,6.7,14.0,0.5,0.6,0.6,4.77,6.6,7.86,6.22,23.0,1.81,12.0,0.4,0.7,0.6,1.4,17.7,27.6,17.4,17.0,15.7,16.0,0.4,0.7,0.6,0.0,36.5,104.9,39.7,27.0,50.1,14.0,0.5,0.6,0.6,-77.5,-34.7,0.0,-39.9,27.0,49.9,14.0,0.5,0.6,0.6,0.0,25.8,70.4,31.2,17.0,33.9,16.0,0.4,0.7,0.6,-49.7,-25.8,-4.1,-30.3,17.0,29.4,16.0,0.4,0.7,0.6,0.0,7.8,22.2,10.7,17.0,12.8,16.0,0.4,0.7,0.6,-19.1,-7.2,-1.0,-11.0,17.0,12.5,16.0,0.4,0.7,0.6,0.0,17.5,97.5,48.0,27.0,90.0,14.0,0.5,0.6,0.6,0.0,20.0,95.0,50.0,27.0,90.0,14.0,0.5,0.6,0.6
1974,2,344.0,7.0,27.2,28.0,29.0,28.06,90.0,1.14,16.0,0.5,0.6,0.5,26.4,27.4,28.94,27.49,91.0,1.45,16.0,0.5,0.6,0.5,15.72,17.69,19.03,17.74,66.0,1.86,16.0,0.5,0.7,0.5,68.8,78.2,84.1,77.7,66.0,7.3,16.0,0.5,0.5,1.0,3.1,5.0,3.08,75.0,2.04,16.0,0.5,0.6,0.5,0.0,1.82,3.6,1.71,75.0,1.94,16.0,0.5,0.6,0.5,-3.52,-1.34,0.0,-1.45,75.0,2.21,16.0,0.5,0.6,0.5,1007.44,1009.7,1011.46,1009.67,90.0,2.09,16.0,0.5,0.6,0.5,0.0,1.0,7.0,2.7,86.0,3.1,16.0,0.5,0.6,0.5,0.0,5.9,16.6,7.6,75.0,10.7,16.0,0.5,0.6,0.5,-16.3,-3.4,0.0,-6.7,75.0,13.1,16.0,0.5,0.6,0.5,-0.61,0.6,1.7,0.54,89.0,1.48,16.0,0.5,0.6,0.5,-1.6,1.2,4.9,2.4,72.0,6.5,16.0,0.5,0.6,0.5,3.62,6.01,8.12,5.92,65.0,2.16,16.0,0.5,0.7,0.5,4.5,16.1,34.4,18.0,51.0,14.8,16.0,0.5,0.6,0.5,0.0,48.4,99.8,47.3,74.0,53.3,16.0,0.5,0.6,0.5,-99.2,-37.2,0.0,-40.5,74.0,61.6,16.0,0.5,0.6,0.5,0.0,23.8,63.1,26.4,52.0,33.6,16.0,0.5,0.7,0.5,-53.1,-21.4,0.0,-20.2,52.0,35.8,16.0,0.5,0.7,0.5,0.0,8.8,18.3,9.5,51.0,14.3,16.0,0.5,0.6,0.5,-17.4,-5.0,0.4,-7.1,51.0,14.2,16.0,0.5,0.6,0.5,1.0,30.0,125.0,68.5,75.0,106.0,16.0,0.5,0.6,0.5,0.0,30.0,125.0,70.0,75.0,105.0,16.0,0.5,0.6,0.5
1974,2,344.0,8.0,26.5,27.65,28.73,27.46,148.0,1.44,14.0,0.5,0.5,0.5,26.0,27.0,28.0,26.95,152.0,1.37,14.0,0.5,0.5,0.5,15.85,17.41,18.5,17.23,104.0,1.67,14.0,0.5,0.5,0.4,68.9,77.3,85.1,76.8,114.0,7.5,14.0,0.6,0.4,0.0,2.6,5.06,2.82,136.0,2.11,14.0,0.5,0.5,0.5,0.0,1.41,3.37,1.57,136.0,1.95,14.0,0.5,0.5,0.5,-3.34,-1.14,0.0,-1.43,136.0,2.02,14.0,0.5,0.5,0.5,1007.5,1009.7,1012.81,1009.85,139.0,2.55,14.0,0.5,0.5,0.4,0.0,0.0,6.0,2.0,150.0,2.8,14.0,0.5,0.5,0.5,0.0,3.2,16.2,7.1,136.0,11.7,14.0,0.5,0.5,0.5,-16.7,-3.1,0.0,-6.7,136.0,12.1,14.0,0.5,0.5,0.5,-1.0,0.6,1.8,0.5,146.0,1.69,14.0,0.5,0.5,0.5,-2.3,0.8,5.9,1.9,128.0,6.6,14.0,0.5,0.5,0.5,3.61,5.94,7.86,5.8,102.0,2.27,14.0,0.5,0.5,0.4,0.0,12.5,30.5,16.9,88.0,17.2,14.0,0.5,0.5,0.4,0.0,36.7,88.4,41.1,133.0,51.7,14.0,0.5,0.5,0.5,-89.9,-28.7,0.0,-37.8,133.0,52.5,14.0,0.5,0.5,0.5,-3.3,23.9,54.5,22.8,89.0,32.2,14.0,0.5,0.5,0.4,-55.0,-20.9,0.0,-24.4,89.0,33.9,14.0,0.5,0.5,0.4,-0.1,5.6,20.2,8.3,88.0,12.3,14.0,0.5,0.5,0.4,-21.1,-7.0,0.0,-10.5,88.0,15.9,14.0,0.5,0.5,0.4,0.0,17.5,129.5,64.5,136.0,111.5,14.0,0.5,0.5,0.5,0.0,20.0,130.0,65.0,136.0,110.0,14.0,0.5,0.5,0.5
1974,2,344.0,9.0,24.57,26.55,27.73,26.19,62.0,1.65,14.0,0.5,0.4,0.3,24.78,26.0,27.3,26.08,63.0,1.53,14.0,0.5,0.4,0.3,13.7,14.62,17.74,15.65,37.0,2.16,12.0,0.6,0.4,0.2,65.2,74.9,89.0,76.4,42.0,10.8,12.0,0.5,0.2,1.0,3.0,5.7,3.38,54.0,2.44,14.0,0.6,0.4,0.3,0.0,0.97,3.89,1.43,54.0,2.38,14.0,0.6,0.4,0.3,-4.23,-1.95,0.0,-1.9,54.0,2.49,14.0,0.6,0.4,0.3,1008.1,1009.8,1011.94,1009.98,55.0,1.94,14.0,0.6,0.4,0.2,0.0,0.0,4.3,1.8,57.0,2.8,14.0,0.5,0.4,0.3,0.0,2.3,17.0,7.5,54.0,16.1,14.0,0.6,0.4,0.3,-22.2,-5.8,0.0,-10.4,54.0,17.3,14.0,0.6,0.4,0.3,-0.95,0.3,1.55,0.19,61.0,1.51,14.0,0.5,0.4,0.3,-1.7,1.0,5.4,1.2,52.0,6.2,14.0,0.6,0.4,0.3,2.05,5.92,8.17,5.53,36.0,2.79,12.0,0.6,0.4,0.2,0.0,14.0,33.8,18.5,31.0,19.9,14.0,0.6,0.4,0.2,0.0,25.2,97.8,36.2,53.0,62.0,14.0,0.6,0.4,0.3,-108.6,-51.9,0.0,-48.9,53.0,65.0,14.0,0.6,0.4,0.3,0.0,15.6,48.6,19.3,31.0,30.2,14.0,0.6,0.4,0.2,-61.0,-28.1,0.0,-29.1,31.0,36.2,14.0,0.6,0.4,0.2,0.0,3.7,20.4,8.8,31.0,15.2,14.0,0.6,0.4,0.2,-25.0,-11.2,0.0,-13.3,31.0,16.0,14.0,0.6,0.4,0.2,1.0,27.0,185.0,104.5,54.0,175.0,14.0,0.6,0.4,0.3,0.0,25.0,185.0,105.0,54.0,175.0,14.0,0.6,0.4,0.3
1974,2,344.0,10.0,22.48,24.5,25.16,23.85,4.0,1.92,18.0,1.0,0.4,0.1,23.74,25.5,26.63,25.2,4.0,1.95,18.0,1.0,0.4,0.1,13.62,13.62,13.62,13.62,1.0,0.0,26.0,1.0,0.7,0.3,80.1,80.1,80.1,80.1,1.0,0.0,26.0,1.0,0.3,2.43,6.9,9.9,6.2,4.0,4.45,18.0,1.0,0.4,0.1,-2.33,1.46,4.93,1.3,4.0,4.5,18.0,1.0,0.4,0.1,-8.5,-4.19,-0.41,-4.44,4.0,4.71,18.0,1.0,0.4,0.1,1009.0,1009.0,1013.64,1011.27,3.0,3.93,22.0,1.0,0.4,0.1,0.0,0.0,3.1,1.5,4.0,3.0,18.0,1.0,0.4,0.1,-8.6,16.9,48.6,19.9,4.0,34.9,18.0,1.0,0.4,0.1,-84.3,-37.2,-0.4,-42.1,4.0,48.8,18.0,1.0,0.4,0.1,-1.95,-1.7,-0.71,-1.35,4.0,0.93,18.0,1.0,0.4,0.1,-17.0,-11.3,-3.8,-10.4,4.0,8.3,18.0,1.0,0.4,0.1,1.91,1.91,1.91,1.91,1.0,0.0,26.0,1.0,0.7,0.3,18.7,18.7,18.7,18.7,1.0,0.0,26.0,1.0,0.7,0.3,-60.4,40.3,118.9,29.7,4.0,110.1,18.0,1.0,0.4,0.1,-214.7,-95.7,-10.3,-111.7,4.0,122.0,18.0,1.0,0.4,0.1,85.8,85.8,85.8,85.8,1.0,0.0,26.0,1.0,0.7,0.3,-102.3,-102.3,-102.3,-102.3,1.0,0.0,26.0,1.0,0.7,0.3,12.0,12.0,12.0,12.0,1.0,0.0,26.0,1.0,0.7,0.3,-14.3,-14.3,-14.3,-14.3,1.0,0.0,26.0,1.0,0.7,0.3,31.0,502.5,972.0,501.5,4.0,543.0,18.0,1.0,0.4,0.1,30.0,505.0,970.0,500.0,4.0,545.0,18.0,1.0,0.4,0.1
1974,2,344.0,23.0,15.24,15.75,16.26,15.75,2.0,1.06,20.0,1.0,0.4,0.5,18.08,18.25,18.42,18.25,2.0,0.35,20.0,1.0,0.4,0.5,8.17,8.17,8.17,8.17,1.0,0.0,18.0,1.0,0.2,0.8,62.5,62.5,62.5,62.5,1.0,0.0,18.0,1.0,0.8,5.43,6.35,7.27,6.35,2.0,1.91,20.0,1.0,0.4,0.5,-1.42,1.18,3.79,1.18,2.0,5.4,20.0,1.0,0.4,0.5,-6.09,-3.62,-1.15,-3.62,2.0,5.12,20.0,1.0,0.4,0.5,1014.76,1017.7,1020.64,1017.7,2.0,6.08,20.0,1.0,0.4,0.5,1.0,3.0,5.0,3.0,2.0,4.2,20.0,1.0,0.4,0.5,-13.1,2.4,17.8,2.4,2.0,32.0,20.0,1.0,0.4,0.5,-46.9,-27.9,-8.8,-27.9,2.0,39.4,20.0,1.0,0.4,0.5,-2.84,-2.5,-2.16,-2.5,2.0,0.71,20.0,1.0,0.4,0.5,-15.3,-15.2,-15.1,-15.2,2.0,0.3,20.0,1.0,0.4,0.5,3.38,3.38,3.38,3.38,1.0,0.0,18.0,1.0,0.2,0.8,26.0,26.0,26.0,26.0,1.0,0.0,18.0,1.0,0.2,0.8,-26.7,20.6,68.0,20.6,2.0,98.1,20.0,1.0,0.4,0.5,-112.6,-66.9,-21.2,-66.9,2.0,94.7,20.0,1.0,0.4,0.5,-21.5,-21.5,-21.5,-21.5,1.0,0.0,18.0,1.0,0.2,0.8,-59.1,-59.1,-59.1,-59.1,1.0,0.0,18.0,1.0,0.2,0.8,-8.9,-8.9,-8.9,-8.9,1.0,0.0,18.0,1.0,0.2,0.8,-24.5,-24.5,-24.5,-24.5,1.0,0.0,18.0,1.0,0.2,0.8,177.5,291.0,404.0,291.0,2.0,234.5,20.0,1.0,0.4,0.5,180.0,290.0,405.0,290.0,2.0,235.0,20.0,1.0,0.4,0.5
1974,2,344.0,24.0,16.2,17.0,19.0,17.72,34.0,1.79,16.0,0.6,0.3,0.6,16.4,17.2,20.17,18.13,31.0,2.54,16.0,0.6,0.3,0.6,8.28,10.43,11.3,10.17,10.0,1.73,20.0,0.7,0.4,0.7,69.5,83.5,94.1,83.1,10.0,12.4,20.0,0.7,0.7,4.78,7.2,10.19,7.24,31.0,3.08,16.0,0.6,0.3,0.6,-7.07,-3.42,-0.67,-3.43,31.0,3.56,16.0,0.6,0.3,0.6,-8.43,-5.02,-1.19,-4.14,31.0,4.59,16.0,0.6,0.3,0.6,1017.62,1020.5,1023.99,1020.11,33.0,4.85,16.0,0.6,0.3,0.6,0.0,1.5,5.1,2.5,32.0,2.6,16.0,0.6,0.3,0.6,-75.6,-21.9,-1.5,-31.1,31.0,37.2,16.0,0.6,0.3,0.6,-90.1,-31.5,-2.6,-37.5,31.0,44.7,16.0,0.6,0.3,0.6,-2.82,-0.2,1.7,-0.38,31.0,2.39,16.0,0.6,0.3,0.6,-16.6,-1.8,10.6,-2.7,28.0,20.9,18.0,0.6,0.3,0.6,0.82,2.03,3.42,2.2,10.0,1.61,20.0,0.7,0.4,0.7,5.2,10.0,21.0,12.5,9.0,9.0,20.0,0.7,0.4,0.7,-117.9,-68.6,-17.1,-60.2,28.0,63.0,18.0,0.6,0.3,0.6,-140.7,-97.7,-28.0,-73.2,28.0,87.2,18.0,0.6,0.3,0.6,-50.3,-25.8,11.8,-18.1,9.0,38.1,20.0,0.7,0.4,0.7,-67.8,-48.1,29.6,-30.1,9.0,53.1,20.0,0.7,0.4,0.7,-10.9,-5.8,0.1,-5.4,9.0,6.7,20.0,0.7,0.4,0.7,-15.5,-7.7,-0.3,-8.7,9.0,9.7,20.0,0.7,0.4,0.7,111.5,373.0,1062.0,572.0,31.0,552.0,16.0,0.6,0.3,0.6,110.0,375.0,1060.0,570.0,31.0,550.0,16.0,0.6,0.3,0.6
1974,2,344.0,25.0,16.1,17.1,19.41,17.66,130.0,1.41,16.0,0.6,0.5,0.5,16.96,17.8,18.8,17.91,137.0,1.47,16.0,0.6,0.5,0.5,9.16,9.9,11.17,10.04,78.0,1.17,16.0,0.5,0.5,0.5,72.0,78.5,89.9,79.6,80.0,9.0,16.0,0.5,0.5,4.92,8.85,11.0,8.19,132.0,2.84,16.0,0.5,0.5,0.5,-6.48,-4.15,0.0,-3.55,132.0,3.35,16.0,0.5,0.5,0.5,-9.22,-6.36,-1.71,-5.36,132.0,4.78,16.0,0.5,0.5,0.5,1015.23,1022.2,1025.72,1020.8,135.0,5.34,16.0,0.6,0.5,0.5,0.0,1.0,6.0,2.5,129.0,2.9,16.0,0.6,0.5,0.5,-65.1,-32.0,0.0,-33.4,132.0,35.5,16.0,0.5,0.5,0.5,-104.8,-52.1,-5.1,-51.9,132.0,51.6,16.0,0.5,0.5,0.5,-1.68,-0.15,1.6,-0.21,128.0,1.82,16.0,0.6,0.5,0.5,-12.2,-0.9,12.0,-1.7,121.0,17.1,16.0,0.5,0.5,0.5,1.02,2.17,3.87,2.47,75.0,1.43,18.0,0.5,0.5,0.5,6.3,19.3,32.9,21.0,72.0,15.3,16.0,0.5,0.5,0.5,-119.0,-69.9,0.0,-62.3,130.0,61.0,14.0,0.5,0.5,0.5,-167.5,-113.0,-24.1,-95.3,130.0,88.7,14.0,0.5,0.5,0.5,-66.1,-39.6,13.3,-31.2,75.0,36.7,16.0,0.5,0.5,0.5,-87.3,-63.6,15.8,-44.3,75.0,53.7,16.0,0.5,0.5,0.5,-21.1,-10.4,0.7,-10.5,72.0,11.3,16.0,0.5,0.5,0.5,-28.4,-13.8,1.4,-14.2,72.0,15.3,16.0,0.5,0.5,0.5,119.0,694.0,1331.0,741.5,132.0,624.0,16.0,0.5,0.5,0.5,120.0,695.0,1330.0,740.0,132.0,625.0,16.0,0.5,0.5,0.5
1974,2,344.0,26.0,17.0,18.5,20.0,18.47,153.0,1.25,14.0,0.5,0.4,0.4,16.92,17.9,19.0,17.96,160.0,1.43,14.0,0.4,0.4,0.4,8.38,9.93,10.84,9.79,107.0,1.22,14.0,0.5,0.4,0.4,66.8,78.0,85.7,76.7,110.0,9.4,14.0,0.5,0.4,4.6,8.2,11.0,8.06,155.0,3.3,14.0,0.4,0.4,0.4,-7.53,-3.85,0.0,-3.82,155.0,3.68,14.0,0.4,0.4,0.4,-9.2,-5.79,-1.8,-5.18,155.0,4.57,14.0,0.4,0.4,0.4,1013.15,1021.8,1024.4,1019.92,157.0,5.71,14.0,0.4,0.4,0.4,0.0,2.0,6.0,3.0,145.0,2.6,14.0,0.5,0.4,0.4,-77.3,-29.6,0.0,-37.9,155.0,43.3,14.0,0.4,0.4,0.4,-98.6,-45.4,-6.5,-50.6,155.0,54.0,14.0,0.4,0.4,0.4,-0.89,0.5,2.0,0.48,153.0,1.69,14.0,0.5,0.4,0.4,-5.4,3.0,16.4,4.1,149.0,14.6,14.0,0.4,0.4,0.4,2.19,3.55,4.79,3.42,103.0,1.37,14.0,0.5,0.4,0.4,11.6,24.2,42.1,27.4,100.0,17.8,14.0,0.5,0.4,0.4,-128.7,-71.6,0.0,-68.6,155.0,65.7,14.0,0.4,0.4,0.4,-161.8,-104.1,-31.8,-92.5,155.0,81.7,14.0,0.4,0.4,0.4,-70.3,-36.1,0.0,-33.4,104.0,37.0,14.0,0.5,0.4,0.4,-86.4,-55.4,-19.6,-46.3,104.0,46.5,14.0,0.5,0.4,0.4,-26.7,-12.3,0.3,-13.4,100.0,14.6,14.0,0.5,0.4,0.4,-31.4,-18.3,-3.1,-18.7,100.0,18.1,14.0,0.5,0.4,0.4,97.5,551.5,1331.0,783.5,155.0,846.5,14.0,0.4,0.4,0.4,95.0,550.0,1330.0,785.0,155.0,845.0,14.0,0.4,0.4,0.4
1974,2,344.0,27.0,17.0,18.0,19.0,18.06,108.0,1.2,14.0,0.6,0.6,0.4,16.6,17.55,19.0,17.71,108.0,1.35,14.0,0.6,0.6,0.4,7.71,9.8,10.82,9.47,70.0,1.46,14.0,0.6,0.6,0.4,63.1,76.4,85.4,75.4,70.0,10.3,14.0,0.6,0.4,4.1,8.2,12.9,8.52,108.0,3.76,14.0,0.6,0.6,0.4,-6.3,-4.08,0.0,-3.58,108.0,3.34,14.0,0.6,0.6,0.4,-10.66,-7.01,0.87,-5.66,108.0,5.56,14.0,0.6,0.6,0.4,1015.73,1022.5,1025.2,1020.6,113.0,5.89,14.0,0.6,0.6,0.4,0.0,3.0,6.0,3.3,102.0,2.6,14.0,0.6,0.6,0.4,-72.0,-29.5,0.0,-37.1,108.0,40.5,14.0,0.6,0.6,0.4,-146.4,-61.1,4.3,-63.0,108.0,68.8,14.0,0.6,0.6,0.4,-0.98,0.2,1.7,0.33,103.0,1.46,14.0,0.6,0.6,0.4,-7.5,1.2,15.2,3.8,99.0,13.3,14.0,0.6,0.6,0.4,2.25,3.4,5.32,3.55,67.0,1.52,14.0,0.6,0.6,0.4,8.9,26.2,50.9,31.8,65.0,22.0,14.0,0.6,0.6,0.4,-115.1,-76.9,0.0,-64.7,103.0,58.7,14.0,0.6,0.6,0.4,-183.8,-123.2,11.1,-100.7,103.0,99.9,14.0,0.6,0.6,0.4,-67.9,-34.6,0.0,-32.4,68.0,33.8,14.0,0.6,0.6,0.4,-91.2,-57.6,0.0,-45.6,68.0,55.1,14.0,0.6,0.6,0.4,-30.0,-14.1,0.0,-15.1,65.0,15.7,14.0,0.6,0.6,0.4,-45.7,-25.1,-3.0,-22.8,65.0,22.4,14.0,0.6,0.6,0.4,69.0,551.5,2146.5,971.5,108.0,993.0,14.0,0.6,0.6,0.4,70.0,550.0,2145.0,970.0,108.0,995.0,14.0,0.6,0.6,0.4
1974,2,344.0,28.0,17.6,18.4,19.47,18.43,129.0,1.05,14.0,0.6,0.7,0.4,16.73,17.8,19.04,17.82,131.0,1.29,14.0,0.6,0.7,0.4,8.04,9.32,10.71,9.4,89.0,1.36,14.0,0.6,0.7,0.4,66.8,74.8,83.2,74.6,89.0,8.6,14.0,0.6,0.4,4.0,7.2,10.3,7.17,130.0,3.28,14.0,0.6,0.7,0.4,-5.39,-2.55,1.32,-2.36,130.0,3.7,14.0,0.6,0.7,0.4,-8.46,-5.32,-1.01,-4.65,130.0,4.63,14.0,0.6,0.7,0.4,1018.13,1023.35,1026.32,1021.95,136.0,5.2,14.0,0.6,0.7,0.4,1.0,5.0,7.0,4.4,129.0,2.7,14.0,0.6,0.7,0.4,-52.3,-15.0,8.2,-20.5,130.0,38.3,14.0,0.6,0.7,0.4,-83.7,-36.1,-2.0,-41.2,130.0,53.7,14.0,0.6,0.7,0.4,-0.66,0.7,1.8,0.61,125.0,1.41,14.0,0.6,0.7,0.4,-3.7,3.8,13.6,5.0,120.0,10.1,14.0,0.6,0.7,0.4,2.49,3.65,4.89,3.69,87.0,1.43,14.0,0.6,0.7,0.4,10.8,25.1,44.9,28.0,84.0,18.5,14.0,0.6,0.7,0.4,-103.4,-43.5,25.3,-41.9,125.0,65.9,14.0,0.6,0.7,0.4,-151.2,-96.1,-21.8,-81.1,125.0,81.4,14.0,0.6,0.7,0.4,-50.1,-20.9,13.4,-18.8,86.0,34.7,14.0,0.6,0.7,0.4,-77.1,-52.4,0.0,-40.4,86.0,46.6,14.0,0.6,0.7,0.4,-22.9,-9.6,5.3,-10.1,84.0,16.0,14.0,0.6,0.7,0.4,-34.6,-18.4,0.0,-18.7,84.0,20.6,14.0,0.6,0.7,0.4,64.0,373.0,1092.5,603.5,130.0,744.0,14.0,0.6,0.7,0.4,65.0,375.0,1095.0,605.0,130.0,745.0,14.0,0.6,0.7,0.4
1974,2,344.0,29.0,17.52,18.2,19.28,18.41,103.0,0.89,14.0,0.6,0.6,0.4,16.4,17.5,19.0,17.54,104.0,1.17,14.0,0.5,0.6,0.4,7.18,8.93,10.32,8.89,78.0,1.59,14.0,0.6,0.6,0.4,61.1,73.2,81.6,72.3,78.0,10.4,14.0,0.6,0.4,3.87,8.1,11.87,7.89,106.0,3.63,14.0,0.5,0.6,0.4,-7.11,-2.62,1.94,-2.63,106.0,4.29,14.0,0.5,0.6,0.4,-10.41,-5.11,-1.22,-5.31,106.0,4.71,14.0,0.5,0.6,0.4,1017.17,1023.1,1026.53,1021.65,106.0,5.5,14.0,0.5,0.6,0.4,2.0,5.0,7.8,4.7,103.0,2.5,14.0,0.6,0.6,0.4,-59.4,-19.6,11.9,-24.6,106.0,44.2,14.0,0.5,0.6,0.4,-119.6,-38.0,-3.4,-54.1,106.0,58.9,14.0,0.5,0.6,0.4,-0.51,1.0,2.0,0.82,101.0,1.37,14.0,0.6,0.6,0.4,-3.0,6.0,15.7,6.2,101.0,12.3,14.0,0.6,0.6,0.4,2.9,4.32,5.83,4.21,77.0,1.57,14.0,0.6,0.6,0.4,9.3,30.6,58.4,34.0,77.0,23.5,14.0,0.6,0.6,0.4,-113.3,-46.5,34.1,-45.2,104.0,75.6,14.0,0.5,0.6,0.4,-182.9,-88.4,-22.4,-94.6,104.0,79.6,14.0,0.5,0.6,0.4,-57.6,-25.0,16.1,-21.2,78.0,37.9,14.0,0.6,0.6,0.4,-92.1,-39.6,-0.9,-45.2,78.0,44.0,14.0,0.6,0.6,0.4,-30.7,-9.5,7.3,-12.2,77.0,19.9,14.0,0.6,0.6,0.4,-46.7,-20.1,0.0,-23.7,77.0,24.8,14.0,0.6,0.6,0.4,58.0,531.5,1671.5,791.5,106.0,816.5,14.0,0.5,0.6,0.4,60.0,530.0,1670.0,790.0,106.0,815.0,14.0,0.5,0.6,0.4
1974,2,344.0,30.0,17.0,18.0,19.0,18.08,62.0,0.98,16.0,0.4,0.8,0.4,15.77,17.0,18.0,16.88,62.0,1.15,16.0,0.4,0.8,0.4,7.31,8.28,10.36,8.56,50.0,1.39,16.0,0.4,0.8,0.4,63.3,71.2,82.8,72.1,50.0,9.8,16.0,0.4,0.4,4.1,7.2,10.0,7.31,62.0,3.28,16.0,0.4,0.8,0.4,-5.94,-2.38,2.21,-1.88,62.0,4.36,16.0,0.4,0.8,0.4,-9.21,-4.36,0.0,-4.68,62.0,4.51,16.0,0.4,0.8,0.4,1014.6,1023.5,1026.32,1021.71,63.0,5.68,16.0,0.4,0.8,0.4,2.0,4.0,8.0,4.7,62.0,2.6,16.0,0.4,0.8,0.4,-43.8,-16.0,15.6,-12.4,62.0,46.3,16.0,0.4,0.8,0.4,-90.2,-30.0,0.0,-43.8,62.0,53.0,16.0,0.4,0.8,0.4,0.0,1.15,2.5,1.2,62.0,1.33,16.0,0.4,0.8,0.4,0.0,8.0,17.2,9.4,61.0,13.0,16.0,0.4,0.8,0.4,2.79,4.37,5.56,4.28,50.0,1.39,16.0,0.4,0.8,0.4,12.1,31.4,54.8,33.4,50.0,20.5,16.0,0.4,0.8,0.4,-98.7,-43.5,39.6,-31.6,61.0,74.5,16.0,0.4,0.8,0.4,-150.6,-80.7,0.0,-79.7,61.0,76.2,16.0,0.4,0.8,0.4,-56.5,-21.4,22.6,-15.5,50.0,39.8,16.0,0.4,0.8,0.4,-71.6,-37.6,0.0,-37.3,50.0,38.4,16.0,0.4,0.8,0.4,-26.5,-9.7,8.6,-7.9,50.0,19.8,16.0,0.4,0.8,0.4,-48.7,-18.5,0.0,-22.7,50.0,24.0,16.0,0.4,0.8,0.4,69.0,373.0,1000.0,635.5,62.0,794.0,16.0,0.4,0.8,0.4,70.0,375.0,1000.0,635.0,62.0,795.0,16.0,0.4,0.8,0.4
1974,2,344.0,31.0,17.0,18.0,19.0,18.01,39.0,0.9,18.0,0.6,0.7,0.3,15.4,17.2,19.0,17.25,41.0,1.72,18.0,0.6,0.7,0.3,7.82,9.41,10.69,9.29,34.0,1.57,18.0,0.6,0.7,0.3,65.0,76.6,85.9,76.7,34.0,10.9,18.0,0.6,0.3,3.1,8.2,11.8,7.98,41.0,3.67,16.0,0.6,0.7,0.3,-5.79,-1.55,2.5,-1.31,41.0,4.21,16.0,0.6,0.7,0.3,-11.39,-6.58,-1.52,-6.18,41.0,4.48,16.0,0.6,0.7,0.3,1016.71,1023.05,1025.59,1021.3,42.0,5.8,18.0,0.6,0.7,0.3,4.0,6.0,8.0,5.6,41.0,2.1,18.0,0.6,0.7,0.3,-52.0,-6.2,27.1,-10.6,41.0,38.8,16.0,0.6,0.7,0.3,-134.9,-51.1,-4.4,-63.2,41.0,59.5,16.0,0.6,0.7,0.3,-1.0,1.0,2.2,0.73,39.0,1.72,18.0,0.6,0.7,0.3,-5.5,3.3,21.1,6.5,37.0,16.7,18.0,0.6,0.7,0.3,2.34,3.32,5.02,3.51,32.0,1.35,18.0,0.6,0.7,0.3,10.1,21.7,45.8,27.9,30.0,18.9,18.0,0.6,0.7,0.3,-103.7,-28.1,41.0,-23.8,39.0,75.7,18.0,0.6,0.7,0.3,-191.7,-113.1,-40.1,-108.1,39.0,74.2,18.0,0.6,0.7,0.3,-45.5,-14.8,27.5,-8.7,32.0,40.9,18.0,0.6,0.7,0.3,-94.9,-56.5,-12.0,-54.4,32.0,42.4,18.0,0.6,0.7,0.3,-19.3,-4.6,10.3,-5.6,30.0,16.1,18.0,0.6,0.7,0.3,-37.2,-16.0,-1.3,-21.0,30.0,20.4,18.0,0.6,0.7,0.3,30.0,551.5,1643.0,808.5,41.0,794.0,16.0,0.6,0.7,0.3,30.0,550.0,1645.0,810.0,41.0,795.0,16.0,0.6,0.7,0.3
1974,2,344.0,32.0,16.29,17.0,18.12,17.15,11.0,1.16,16.0,0.4,0.6,0.4,15.41,16.0,17.0,16.25,14.0,0.91,16.0,0.4,0.5,0.5,7.22,8.28,9.94,8.53,8.0,1.3,16.0,0.5,0.5,0.4,66.2,77.1,86.9,76.5,9.0,9.8,16.0,0.4,0.4,3.54,5.1,7.32,5.74,13.0,2.72,16.0,0.5,0.6,0.5,-3.55,0.0,3.53,-0.41,13.0,3.74,16.0,0.5,0.6,0.5,-6.49,-1.37,0.28,-2.47,13.0,4.72,16.0,0.5,0.6,0.5,1018.63,1023.0,1026.06,1021.94,13.0,5.41,16.0,0.5,0.6,0.5,2.2,6.0,8.0,5.6,14.0,2.6,16.0,0.4,0.5,0.5,-16.3,0.0,16.4,-0.2,13.0,22.1,16.0,0.5,0.6,0.5,-44.2,-5.5,1.3,-23.2,13.0,47.0,16.0,0.5,0.6,0.5,-1.09,1.0,2.31,0.86,11.0,1.84,16.0,0.4,0.6,0.4,-1.2,4.6,23.8,9.5,10.0,17.2,16.0,0.4,0.6,0.4,2.33,3.22,5.07,3.64,7.0,1.55,16.0,0.4,0.5,0.4,10.6,17.1,47.6,26.1,7.0,23.6,16.0,0.4,0.5,0.4,-56.8,0.0,56.8,-7.0,13.0,62.3,16.0,0.5,0.6,0.5,-99.4,-24.6,4.6,-38.3,13.0,72.9,16.0,0.5,0.6,0.5,-26.1,-12.4,24.3,-7.7,8.0,32.5,16.0,0.5,0.5,0.4,-82.0,-21.8,-0.5,-28.5,8.0,42.1,16.0,0.5,0.5,0.4,-11.6,0.0,8.8,0.3,7.0,12.0,16.0,0.4,0.5,0.4,-46.9,-5.9,0.3,-18.3,7.0,28.6,16.0,0.4,0.5,0.4,45.0,132.5,414.5,325.5,13.0,486.5,16.0,0.5,0.6,0.5,45.0,135.0,415.0,325.0,13.0,485.0,16.0,0.5,0.6,0.5
1974,2,344.0,33.0,16.0,17.0,18.0,17.15,27.0,1.03,12.0,0.6,0.6,0.3,15.53,16.5,18.24,16.68,28.0,1.32,12.0,0.6,0.6,0.3,6.93,7.98,9.91,8.37,11.0,1.54,14.0,0.5,0.7,0.4,60.2,71.9,83.2,72.2,12.0,11.3,14.0,0.5,0.4,4.08,6.7,12.0,7.84,25.0,4.14,12.0,0.6,0.6,0.4,-4.87,1.23,7.06,1.22,25.0,5.5,12.0,0.6,0.6,0.4,-9.6,-2.08,2.15,-3.49,25.0,6.06,12.0,0.6,0.6,0.4,1021.5,1023.6,1027.77,1024.26,27.0,3.32,12.0,0.6,0.6,0.3,2.3,5.5,8.0,5.1,28.0,2.6,12.0,0.6,0.6,0.3,-31.7,4.4,75.2,18.3,25.0,50.3,12.0,0.6,0.6,0.4,-98.9,-12.3,9.0,-41.7,25.0,83.7,12.0,0.6,0.6,0.4,-1.52,0.9,2.46,0.56,27.0,1.76,12.0,0.6,0.6,0.3,-4.6,3.4,15.3,5.2,24.0,13.0,12.0,0.6,0.6,0.3,2.44,4.83,5.41,4.25,10.0,1.73,16.0,0.6,0.6,0.4,16.7,22.7,46.7,29.8,10.0,20.7,16.0,0.6,0.6,0.4,-74.2,19.5,131.2,22.8,25.0,93.1,12.0,0.6,0.6,0.4,-148.9,-35.4,36.3,-55.4,25.0,101.8,12.0,0.6,0.6,0.4,-33.3,8.4,55.2,15.5,11.0,42.8,14.0,0.5,0.7,0.4,-79.9,-21.0,5.6,-32.2,11.0,57.0,14.0,0.5,0.7,0.4,-15.7,3.0,19.4,2.0,10.0,19.6,16.0,0.6,0.6,0.4,-37.1,-14.9,-5.9,-20.7,10.0,23.6,16.0,0.6,0.6,0.4,68.0,301.0,1728.0,893.5,25.0,1162.5,12.0,0.6,0.6,0.4,70.0,300.0,1730.0,895.0,25.0,1160.0,12.0,0.6,0.6,0.4
1974,2,344.0,34.0,15.33,16.45,19.0,16.73,24.0,1.77,14.0,0.5,0.6,0.5,14.96,15.7,17.42,15.99,25.0,1.7,14.0,0.5,0.6,0.5,6.77,8.34,9.3,8.08,13.0,1.37,16.0,0.5,0.6,0.5,66.9,77.1,82.4,73.6,13.0,11.2,16.0,0.5,0.5,4.5,7.2,10.49,7.3,25.0,3.35,14.0,0.5,0.6,0.5,-5.15,0.0,4.86,0.43,25.0,5.1,14.0,0.5,0.6,0.5,-7.35,-3.98,1.14,-3.72,25.0,5.11,14.0,0.5,0.6,0.5,1019.79,1024.4,1028.82,1023.59,24.0,5.51,14.0,0.5,0.6,0.5,1.8,5.0,8.0,4.6,25.0,2.9,14.0,0.5,0.6,0.5,-36.4,0.0,31.8,3.8,25.0,48.1,14.0,0.5,0.6,0.5,-66.8,-19.2,5.9,-37.7,25.0,60.0,14.0,0.5,0.6,0.5,-1.13,0.45,2.67,0.7,24.0,2.1,14.0,0.5,0.6,0.5,-2.2,2.4,19.7,6.8,24.0,18.5,14.0,0.5,0.6,0.5,2.36,4.34,5.51,4.11,13.0,1.41,16.0,0.5,0.6,0.5,14.6,26.9,42.5,31.7,13.0,18.8,16.0,0.5,0.6,0.5,-78.1,0.0,86.4,6.8,25.0,83.2,14.0,0.5,0.6,0.5,-109.9,-61.8,19.7,-56.2,25.0,79.3,14.0,0.5,0.6,0.5,-16.2,31.0,50.3,14.2,13.0,40.8,16.0,0.5,0.6,0.5,-59.5,-44.4,-6.4,-39.5,13.0,33.6,16.0,0.5,0.6,0.5,-12.3,15.1,24.4,10.0,13.0,18.7,16.0,0.5,0.6,0.5,-36.2,-21.5,-2.4,-22.6,13.0,20.6,16.0,0.5,0.6,0.5,92.0,373.0,1159.5,640.5,25.0,840.5,14.0,0.5,0.6,0.5,90.0,375.0,1160.0,640.0,25.0,840.0,14.0,0.5,0.6,0.5
1974,2,344.0,35.0,15.73,16.0,18.0,16.42,24.0,1.35,12.0,0.6,0.7,0.5,14.08,15.9,17.03,15.82,26.0,1.85,12.0,0.6,0.7,0.5,5.75,7.83,9.3,7.81,18.0,1.84,12.0,0.6,0.7,0.4,59.0,73.1,81.2,71.1,19.0,11.2,12.0,0.6,0.4,1.98,4.6,10.32,5.83,26.0,3.94,12.0,0.6,0.7,0.5,-2.96,0.27,5.82,1.36,26.0,4.29,12.0,0.6,0.7,0.5,-4.98,-1.56,3.44,-1.49,26.0,5.31,12.0,0.6,0.7,0.5,1019.26,1023.0,1029.04,1023.07,25.0,6.11,12.0,0.6,0.7,0.5,2.0,4.0,7.0,4.5,26.0,2.6,12.0,0.6,0.7,0.5,-13.8,0.8,62.2,18.8,26.0,39.6,12.0,0.6,0.7,0.5,-48.3,-5.5,23.4,-12.6,26.0,60.0,12.0,0.6,0.7,0.5,-2.0,0.95,2.8,0.65,24.0,2.13,12.0,0.6,0.7,0.5,-9.4,2.7,14.4,3.1,24.0,14.1,12.0,0.6,0.7,0.5,2.18,4.04,5.68,3.93,18.0,1.72,12.0,0.6,0.7,0.4,4.7,13.5,33.0,18.5,18.0,16.3,12.0,0.6,0.7,0.4,-43.0,3.5,100.6,23.2,26.0,71.5,12.0,0.6,0.7,0.5,-88.5,-24.0,51.9,-20.0,26.0,82.5,12.0,0.6,0.7,0.5,-25.0,-6.9,22.5,-1.8,18.0,26.0,12.0,0.6,0.7,0.4,-34.6,-15.5,1.5,-18.3,18.0,36.8,12.0,0.6,0.7,0.4,-17.9,-4.2,4.1,-4.9,18.0,11.5,12.0,0.6,0.7,0.4,-26.9,-9.4,0.9,-13.2,18.0,16.9,12.0,0.6,0.7,0.4,8.0,97.5,1100.5,492.5,26.0,770.0,12.0,0.6,0.7,0.5,10.0,95.0,1100.0,490.0,26.0,770.0,12.0,0.6,0.7,0.5
1974,2,344.0,36.0,15.0,16.1,17.6,16.2,22.0,1.38,16.0,0.6,0.6,0.4,13.81,15.0,17.09,15.26,27.0,1.84,14.0,0.7,0.6,0.4,6.39,8.25,9.62,8.17,23.0,1.82,16.0,0.7,0.6,0.4,61.1,78.4,89.5,76.3,23.0,13.9,16.0,0.7,0.4,4.6,6.7,12.95,8.22,26.0,4.78,14.0,0.7,0.6,0.4,-2.98,0.89,6.23,2.13,26.0,5.04,14.0,0.7,0.6,0.4,-9.31,-4.16,0.0,-2.94,26.0,7.35,14.0,0.7,0.6,0.4,1018.08,1024.2,1027.94,1023.35,27.0,5.19,14.0,0.7,0.6,0.4,2.0,7.0,8.0,5.7,27.0,2.5,14.0,0.7,0.6,0.4,-13.8,1.9,40.3,28.8,26.0,73.1,14.0,0.7,0.6,0.4,-86.9,-21.2,0.0,-9.0,26.0,118.5,14.0,0.7,0.6,0.4,-1.17,1.35,3.17,1.16,22.0,2.05,16.0,0.6,0.6,0.4,-9.7,6.7,24.8,7.7,22.0,20.5,16.0,0.6,0.6,0.4,2.22,3.47,4.66,3.62,20.0,1.6,16.0,0.6,0.6,0.4,16.0,26.6,38.1,29.1,20.0,15.2,16.0,0.6,0.6,0.4,-44.9,12.3,100.9,35.2,26.0,79.7,14.0,0.7,0.6,0.4,-120.6,-63.9,0.0,-38.2,26.0,112.9,14.0,0.7,0.6,0.4,-21.5,0.0,50.3,17.4,23.0,43.1,16.0,0.7,0.6,0.4,-73.3,-39.2,0.0,-22.1,23.0,66.7,16.0,0.7,0.6,0.4,-11.0,0.0,15.2,4.3,20.0,19.5,16.0,0.6,0.6,0.4,-34.6,-15.0,0.0,-12.8,20.0,23.5,16.0,0.6,0.6,0.4,97.5,306.0,2174.0,1226.5,26.0,2223.0,14.0,0.7,0.6,0.4,95.0,305.0,2175.0,1225.0,26.0,2225.0,14.0,0.7,0.6,0.4
1974,2,344.0,37.0,14.76,15.2,16.21,15.45,11.0,1.03,12.0,0.4,0.6,0.5,13.0,14.5,15.71,14.44,13.0,1.67,14.0,0.4,0.5,0.4,5.97,7.44,9.22,7.56,13.0,1.49,14.0,0.4,0.5,0.4,61.9,76.4,83.4,74.6,13.0,12.7,14.0,0.4,0.4,2.9,9.3,12.14,8.51,13.0,4.99,14.0,0.4,0.5,0.4,-3.18,1.61,5.89,1.71,13.0,4.54,14.0,0.4,0.5,0.4,-10.2,-3.28,0.09,-4.73,13.0,7.43,14.0,0.4,0.5,0.4,1019.38,1023.6,1028.04,1023.35,13.0,5.36,14.0,0.4,0.5,0.4,2.7,6.0,8.0,5.6,13.0,2.8,14.0,0.4,0.5,0.4,-10.6,15.0,52.1,22.2,13.0,46.6,14.0,0.4,0.5,0.4,-112.5,-16.7,0.1,-59.5,13.0,105.0,14.0,0.4,0.5,0.4,-0.68,0.5,2.78,0.8,11.0,2.16,12.0,0.4,0.6,0.5,-4.3,4.7,22.7,6.6,11.0,19.4,12.0,0.4,0.6,0.5,1.44,3.35,4.56,3.22,11.0,1.94,12.0,0.4,0.6,0.5,3.9,22.8,51.1,26.9,11.0,21.9,12.0,0.4,0.6,0.5,-42.7,23.4,77.5,27.8,13.0,69.0,14.0,0.4,0.5,0.4,-140.0,-47.2,1.3,-61.5,13.0,107.2,14.0,0.4,0.5,0.4,-17.1,12.0,38.4,14.6,13.0,35.9,14.0,0.4,0.5,0.4,-83.2,-22.9,0.8,-31.3,13.0,57.1,14.0,0.4,0.5,0.4,-5.7,7.6,15.4,5.2,11.0,14.5,12.0,0.4,0.6,0.5,-50.2,-5.2,0.6,-16.6,11.0,27.0,12.0,0.4,0.6,0.5,27.0,804.5,1835.0,1198.0,13.0,1488.5,14.0,0.4,0.5,0.4,25.0,805.0,1835.0,1200.0,13.0,1490.0,14.0,0.4,0.5,0.4
1974,2,344.0,38.0,14.0,14.4,15.1,14.83,7.0,1.04,14.0,0.4,0.6,0.4,13.28,15.05,16.44,15.05,8.0,1.46,12.0,0.4,0.6,0.5,7.16,8.03,9.83,8.39,7.0,1.61,12.0,0.3,0.7,0.4,66.8,78.2,93.8,78.9,7.0,15.9,12.0,0.3,0.4,5.0,7.2,10.05,7.73,7.0,3.83,14.0,0.4,0.6,0.6,-2.14,5.37,7.79,3.25,7.0,5.59,14.0,0.4,0.6,0.6,-2.98,0.0,1.77,-1.62,7.0,6.14,14.0,0.4,0.6,0.6,1021.79,1026.35,1027.94,1024.98,8.0,3.63,12.0,0.4,0.6,0.5,4.2,6.5,8.0,6.3,8.0,1.9,12.0,0.4,0.6,0.5,-7.1,33.3,61.0,29.4,7.0,42.5,14.0,0.4,0.6,0.6,-17.8,0.0,16.8,-26.8,7.0,87.9,14.0,0.4,0.6,0.6,-1.07,0.0,0.92,-0.21,7.0,1.3,14.0,0.4,0.6,0.4,-6.9,-1.5,8.5,-0.4,6.0,10.0,14.0,0.5,0.6,0.5,0.1,1.78,3.52,2.0,6.0,2.33,12.0,0.3,0.6,0.4,0.1,9.1,24.6,12.9,5.0,17.5,14.0,0.4,0.6,0.5,-33.5,88.6,121.7,53.2,7.0,84.2,14.0,0.4,0.6,0.6,-45.6,0.0,26.9,-19.5,7.0,82.8,14.0,0.4,0.6,0.6,-19.4,49.3,75.7,33.3,6.0,48.1,12.0,0.3,0.6,0.5,-3.7,3.8,17.5,5.9,6.0,16.6,12.0,0.3,0.6,0.5,-9.1,-2.8,16.2,3.9,5.0,21.6,14.0,0.4,0.6,0.5,-3.6,0.0,2.6,-0.3,5.0,5.1,14.0,0.4,0.6,0.5,127.5,373.0,1057.5,792.5,7.0,1176.5,14.0,0.4,0.6,0.6,130.0,375.0,1060.0,790.0,7.0,1175.0,14.0,0.4,0.6,0.6
1974,2,344.0,39.0,13.0,14.0,15.14,14.12,9.0,1.48,14.0,0.3,0.4,0.2,11.72,15.2,15.77,13.89,9.0,2.19,14.0,0.3,0.4,0.2,5.35,6.38,10.08,7.32,6.0,2.37,18.0,0.3,0.5,0.3,60.6,80.4,91.7,77.8,6.0,16.0,18.0,0.3,0.3,5.26,8.2,14.36,8.91,9.0,4.48,14.0,0.3,0.4,0.2,-3.89,3.1,10.65,3.57,9.0,6.71,14.0,0.3,0.4,0.2,-6.62,-0.89,5.27,-1.14,9.0,6.97,14.0,0.3,0.4,0.2,1019.35,1027.0,1028.5,1024.53,9.0,5.28,14.0,0.3,0.4,0.2,3.0,6.0,7.7,5.7,9.0,2.1,14.0,0.3,0.4,0.2,-25.4,23.0,129.8,44.6,9.0,84.4,14.0,0.3,0.4,0.2,-51.8,-4.5,54.7,-10.0,9.0,94.3,14.0,0.3,0.4,0.2,-0.92,-0.3,2.1,0.23,9.0,1.62,14.0,0.3,0.4,0.2,-9.5,-2.0,11.2,1.7,9.0,19.2,14.0,0.3,0.4,0.2,-0.2,2.97,3.53,2.14,6.0,1.84,18.0,0.3,0.5,0.3,-2.6,16.0,35.5,18.2,6.0,20.8,18.0,0.3,0.5,0.3,-43.7,49.6,168.4,60.3,9.0,97.9,14.0,0.3,0.4,0.2,-86.2,-10.9,81.8,-4.9,9.0,86.9,14.0,0.3,0.4,0.2,-27.7,0.1,124.9,34.0,6.0,76.9,18.0,0.3,0.5,0.3,-49.8,-15.3,51.7,-5.0,6.0,59.6,18.0,0.3,0.5,0.3,-12.9,-5.8,0.4,-5.2,6.0,9.4,18.0,0.3,0.5,0.3,-33.9,-6.5,-1.4,-15.9,6.0,20.1,18.0,0.3,0.5,0.3,147.0,551.5,2995.0,1211.5,9.0,1437.5,14.0,0.3,0.4,0.2,145.0,550.0,2995.0,1210.0,9.0,1435.0,14.0,0.3,0.4,0.2
1974,2,344.0,40.0,13.4,14.0,15.05,14.33,7.0,0.95,16.0,0.6,0.7,0.6,11.58,14.0,14.89,13.35,8.0,2.3,16.0,0.6,0.6,0.5,5.39,7.55,9.09,7.31,5.0,1.96,18.0,0.6,0.7,0.4,63.3,74.3,81.7,73.4,5.0,11.4,18.0,0.6,0.4,7.76,10.3,12.78,10.94,8.0,4.34,16.0,0.6,0.6,0.5,-4.05,5.26,11.58,5.34,8.0,8.96,16.0,0.6,0.6,0.5,-5.56,-0.54,5.02,-0.09,8.0,6.54,16.0,0.6,0.6,0.5,1011.03,1016.75,1027.6,1018.19,8.0,8.3,16.0,0.6,0.6,0.5,2.0,4.0,8.0,4.9,7.0,2.7,14.0,0.7,0.6,0.5,-30.6,47.4,136.1,84.6,8.0,145.7,16.0,0.6,0.6,0.5,-42.9,-3.3,56.8,8.0,8.0,73.0,16.0,0.6,0.6,0.5,-1.75,1.9,2.92,1.07,7.0,2.78,16.0,0.6,0.7,0.6,-22.4,17.7,27.6,16.5,7.0,45.2,16.0,0.6,0.7,0.6,0.68,2.29,4.52,2.5,5.0,2.08,18.0,0.6,0.7,0.4,7.7,18.8,38.4,21.6,5.0,17.2,18.0,0.6,0.7,0.4,-49.6,75.8,165.1,67.1,8.0,108.0,16.0,0.6,0.6,0.5,-68.3,-7.5,84.4,6.2,8.0,91.7,16.0,0.6,0.6,0.5,-38.8,16.1,58.3,11.7,5.0,56.9,18.0,0.6,0.7,0.4,-37.1,-21.2,73.9,13.4,5.0,68.0,18.0,0.6,0.7,0.4,-20.0,-0.3,11.9,-3.5,5.0,16.8,18.0,0.6,0.7,0.4,-31.9,-6.4,1.8,-13.5,5.0,18.8,18.0,0.6,0.7,0.4,467.0,1123.5,2091.0,1925.5,8.0,2588.0,16.0,0.6,0.6,0.5,465.0,1125.0,2090.0,1925.0,8.0,2590.0,16.0,0.6,0.6,0.5
1974,2,344.0,41.0,11.5,13.5,14.0,13.19,13.0,1.18,10.0,0.3,0.5,0.5,10.61,12.1,13.97,12.07,15.0,1.82,12.0,0.3,0.5,0.5,5.4,6.6,7.93,6.8,13.0,1.38,10.0,0.3,0.5,0.5,62.0,75.2,88.9,76.1,13.0,11.5,10.0,0.3,0.5,7.81,12.3,19.56,13.25,15.0,6.43,12.0,0.3,0.5,0.5,0.51,7.58,13.73,6.77,15.0,8.41,12.0,0.3,0.5,0.5,-15.38,-7.12,2.91,-6.48,15.0,8.05,12.0,0.3,0.5,0.5,1015.61,1023.0,1026.73,1021.09,15.0,6.02,12.0,0.3,0.5,0.5,2.4,5.0,8.0,5.4,15.0,2.7,12.0,0.3,0.5,0.5,1.8,58.4,255.1,113.0,15.0,173.6,12.0,0.3,0.5,0.5,-291.1,-81.1,12.8,-121.2,15.0,158.8,12.0,0.3,0.5,0.5,-0.73,0.9,2.73,0.92,13.0,1.8,10.0,0.3,0.5,0.5,-7.1,4.1,48.1,15.0,13.0,28.7,10.0,0.3,0.5,0.5,1.5,2.81,4.07,2.72,12.0,1.48,10.0,0.3,0.5,0.5,10.1,35.0,60.9,34.7,12.0,28.9,10.0,0.3,0.5,0.5,7.2,95.3,166.6,81.3,15.0,95.2,12.0,0.3,0.5,0.5,-173.5,-86.9,41.1,-70.9,15.0,95.2,12.0,0.3,0.5,0.5,-1.2,39.2,78.7,36.5,13.0,53.0,10.0,0.3,0.5,0.5,-77.4,-30.8,24.6,-28.9,13.0,50.5,10.0,0.3,0.5,0.5,-1.3,11.1,41.9,14.8,12.0,30.9,10.0,0.3,0.5,0.5,-36.0,-9.6,3.9,-17.1,12.0,25.2,10.0,0.3,0.5,0.5,477.5,1861.0,7519.0,3941.5,15.0,4860.0,12.0,0.3,0.5,0.5,480.0,1860.0,7520.0,3940.0,15.0,4860.0,12.0,0.3,0.5,0.5
1974,2,344.0,42.0,11.75,12.65,13.08,12.43,12.0,0.88,10.0,0.5,0.6,0.5,10.9,12.0,13.0,11.75,13.0,1.3,10.0,0.5,0.5,0.5,5.35,5.77,7.43,6.21,12.0,1.2,10.0,0.5,0.6,0.5,62.4,67.4,89.9,73.8,12.0,13.3,10.0,0.5,0.5,8.06,9.3,18.1,12.54,13.0,5.32,10.0,0.5,0.5,0.5,6.5,8.2,15.78,9.49,13.0,7.16,10.0,0.5,0.5,0.5,-6.78,-0.99,3.0,-1.7,13.0,6.83,10.0,0.5,0.5,0.5,1002.4,1022.7,1026.44,1018.37,13.0,10.21,10.0,0.5,0.5,0.5,4.0,6.0,8.0,6.1,13.0,1.8,10.0,0.5,0.5,0.5,43.0,81.3,279.2,144.7,13.0,144.3,10.0,0.5,0.5,0.5,-119.9,-5.6,31.0,-22.2,13.0,112.8,10.0,0.5,0.5,0.5,-0.18,1.0,1.4,0.78,12.0,1.27,10.0,0.5,0.6,0.5,-2.7,8.7,16.9,11.3,12.0,22.5,10.0,0.5,0.6,0.5,1.6,2.99,3.5,2.67,12.0,1.05,10.0,0.5,0.6,0.5,11.2,31.7,53.8,33.3,12.0,20.3,10.0,0.5,0.6,0.5,72.5,104.0,189.3,107.6,13.0,76.5,10.0,0.5,0.5,0.5,-79.0,-11.5,38.1,-19.8,13.0,85.5,10.0,0.5,0.5,0.5,36.5,56.4,84.3,55.8,12.0,42.5,10.0,0.5,0.6,0.5,-46.0,-6.9,14.4,-16.3,12.0,33.9,10.0,0.5,0.6,0.5,8.6,24.0,48.0,23.7,12.0,25.3,10.0,0.5,0.6,0.5,-23.3,-2.8,2.9,-9.6,12.0,16.3,10.0,0.5,0.6,0.5,527.5,804.5,5930.0,2992.0,13.0,3142.5,10.0,0.5,0.5,0.5,525.0,805.0,5930.0,2990.0,13.0,3145.0,10.0,0.5,0.5,0.5
1974,2,344.0,43.0,11.88,12.8,13.27,12.75,31.0,1.25,12.0,0.7,0.5,0.5,10.5,11.4,12.79,11.64,39.0,1.1,14.0,0.6,0.5,0.5,5.44,5.83,7.17,6.24,27.0,1.19,14.0,0.6,0.5,0.5,64.3,71.4,88.4,73.8,30.0,12.3,14.0,0.6,0.5,7.25,13.9,19.21,13.33,36.0,5.58,14.0,0.7,0.5,0.5,0.0,9.44,15.4,8.17,36.0,8.35,14.0,0.7,0.5,0.5,-12.48,-3.37,4.03,-3.84,36.0,7.76,14.0,0.7,0.5,0.5,1001.32,1019.6,1026.76,1015.84,35.0,12.07,14.0,0.7,0.5,0.5,4.0,6.0,8.0,5.7,37.0,2.1,14.0,0.6,0.5,0.5,0.0,131.9,249.7,142.6,36.0,158.0,14.0,0.7,0.5,0.5,-186.8,-25.6,42.4,-58.1,36.0,137.6,14.0,0.7,0.5,0.5,-0.6,0.7,2.42,1.07,31.0,1.62,12.0,0.7,0.5,0.5,-4.3,13.5,34.7,17.8,30.0,27.7,14.0,0.7,0.5,0.5,1.02,3.21,3.82,2.75,25.0,1.39,14.0,0.7,0.5,0.5,14.6,35.9,58.9,39.8,25.0,24.9,14.0,0.7,0.5,0.5,0.0,110.7,170.9,95.2,36.0,96.1,14.0,0.7,0.5,0.5,-143.3,-42.3,43.3,-42.3,36.0,91.9,14.0,0.7,0.5,0.5,1.0,65.4,102.7,57.7,27.0,49.7,14.0,0.6,0.5,0.5,-74.6,-30.7,15.1,-29.4,27.0,47.7,14.0,0.6,0.5,0.5,0.0,23.7,49.3,26.9,25.0,30.3,14.0,0.7,0.5,0.5,-30.7,-15.4,4.4,-13.8,25.0,20.1,14.0,0.7,0.5,0.5,387.0,2685.5,7128.5,3586.0,36.0,3707.5,14.0,0.7,0.5,0.5,385.0,2685.0,7130.0,3585.0,36.0,3705.0,14.0,0.7,0.5,0.5
1974,2,344.0,44.0,11.6,11.9,12.5,12.05,83.0,0.76,10.0,0.4,0.5,0.7,9.4,11.0,12.7,11.07,83.0,1.53,12.0,0.4,0.5,0.7,5.39,6.09,8.15,6.49,75.0,1.23,10.0,0.4,0.5,0.7,68.1,77.2,92.3,78.8,75.0,10.7,10.0,0.4,0.7,9.8,14.4,22.28,15.45,87.0,6.2,10.0,0.4,0.5,0.7,5.16,12.11,19.22,11.85,87.0,7.78,10.0,0.4,0.5,0.7,-10.48,0.0,8.63,-1.03,87.0,8.74,10.0,0.4,0.5,0.7,998.94,1012.6,1022.44,1011.12,87.0,10.3,10.0,0.4,0.5,0.7,4.0,6.0,8.0,5.9,85.0,1.8,10.0,0.4,0.5,0.7,44.6,176.8,410.7,222.8,87.0,190.8,10.0,0.4,0.5,0.7,-216.7,0.0,115.9,-28.8,87.0,170.3,10.0,0.4,0.5,0.7,-0.76,1.0,2.26,1.01,79.0,1.47,10.0,0.4,0.5,0.7,-9.5,15.6,42.3,18.1,79.0,23.7,10.0,0.4,0.5,0.7,0.9,2.59,3.31,2.28,73.0,1.2,10.0,0.4,0.5,0.7,7.2,42.1,61.7,37.4,73.0,24.6,10.0,0.4,0.5,0.7,57.5,124.8,195.2,123.2,83.0,79.3,12.0,0.4,0.5,0.7,-105.8,0.0,106.7,-6.1,83.0,99.4,12.0,0.4,0.5,0.7,43.6,77.5,119.3,76.3,75.0,43.3,10.0,0.4,0.5,0.7,-60.8,0.0,73.2,0.8,75.0,61.2,10.0,0.4,0.5,0.7,1.6,34.0,54.6,30.1,73.0,24.4,10.0,0.4,0.5,0.7,-31.7,-1.6,10.9,-7.9,73.0,21.2,10.0,0.4,0.5,0.7,941.0,2986.0,11057.5,5451.0,87.0,5503.5,10.0,0.4,0.5,0.7,940.0,2985.0,11055.0,5450.0,87.0,5505.0,10.0,0.4,0.5,0.7
1974,2,344.0,45.0,11.6,11.8,12.0,11.84,223.0,0.35,10.0,0.5,0.4,0.3,10.0,11.4,12.4,11.25,231.0,1.18,10.0,0.5,0.4,0.2,5.74,7.08,8.53,7.06,227.0,1.21,10.0,0.5,0.4,0.2,73.7,85.2,96.1,84.9,227.0,10.2,10.0,0.5,0.2,8.7,13.4,18.0,13.36,232.0,4.3,10.0,0.5,0.4,0.3,5.65,9.97,15.44,10.07,232.0,5.4,10.0,0.5,0.4,0.3,-6.16,2.8,11.04,2.37,232.0,7.82,10.0,0.5,0.4,0.3,1002.28,1014.7,1022.3,1012.82,233.0,10.33,10.0,0.5,0.4,0.3,4.0,7.0,8.0,6.3,231.0,2.0,10.0,0.5,0.4,0.3,50.5,132.2,258.0,150.2,232.0,108.6,10.0,0.5,0.4,0.3,-88.3,23.0,160.1,35.9,232.0,129.1,10.0,0.5,0.4,0.3,-0.6,0.5,1.8,0.57,221.0,1.2,10.0,0.5,0.4,0.2,-7.9,4.5,21.7,7.5,220.0,19.2,10.0,0.5,0.4,0.2,0.06,1.52,2.91,1.52,219.0,1.23,10.0,0.5,0.4,0.2,0.7,16.9,42.1,20.6,218.0,19.9,10.0,0.5,0.4,0.2,63.0,111.1,170.6,113.0,230.0,59.8,10.0,0.5,0.4,0.3,-63.8,28.9,129.6,31.2,230.0,88.4,10.0,0.5,0.4,0.3,38.7,74.6,103.3,71.1,226.0,36.8,10.0,0.5,0.4,0.2,-39.1,17.1,82.6,20.8,226.0,55.7,10.0,0.5,0.4,0.2,0.0,10.7,39.5,15.9,218.0,19.6,10.0,0.5,0.4,0.2,-16.4,0.0,10.9,-1.8,218.0,13.6,10.0,0.5,0.4,0.2,658.5,2406.0,5832.0,3119.5,232.0,2590.5,10.0,0.5,0.4,0.3,660.0,2405.0,5830.0,3120.0,232.0,2590.0,10.0,0.5,0.4,0.3
1974,2,344.0,46.0,10.47,11.3,12.0,11.31,16.0,0.88,14.0,0.5,0.5,0.5,10.5,11.0,12.0,11.15,20.0,1.36,16.0,0.5,0.6,0.5,5.07,6.16,7.27,6.21,16.0,1.26,14.0,0.5,0.5,0.4,67.7,76.3,82.8,75.4,16.0,10.3,14.0,0.5,0.4,4.6,7.95,13.88,9.12,20.0,5.08,16.0,0.5,0.6,0.5,-3.98,2.56,10.29,3.09,20.0,6.35,16.0,0.5,0.6,0.5,-8.17,1.51,4.64,-0.27,20.0,7.93,16.0,0.5,0.6,0.5,1010.63,1023.3,1031.26,1021.49,19.0,9.82,14.0,0.5,0.5,0.5,3.0,6.5,8.0,6.0,20.0,2.3,16.0,0.5,0.6,0.5,-25.5,14.0,131.0,46.8,20.0,82.0,16.0,0.5,0.6,0.5,-106.4,5.9,43.0,-5.5,20.0,125.9,16.0,0.5,0.6,0.5,-0.76,0.15,1.06,0.16,16.0,1.91,14.0,0.5,0.5,0.5,-8.2,0.7,14.2,0.5,16.0,32.9,14.0,0.5,0.5,0.5,1.07,2.08,2.66,1.96,15.0,1.4,14.0,0.5,0.5,0.5,8.3,12.6,33.1,17.8,15.0,21.7,14.0,0.5,0.5,0.5,-42.0,27.5,124.6,36.8,20.0,72.8,16.0,0.5,0.6,0.5,-94.5,17.4,57.0,2.4,20.0,90.6,16.0,0.5,0.6,0.5,-20.0,24.0,74.1,28.9,16.0,43.1,14.0,0.5,0.5,0.4,-52.7,13.2,34.1,1.1,16.0,57.7,14.0,0.5,0.5,0.4,-10.0,5.1,20.2,5.1,15.0,14.4,14.0,0.5,0.5,0.5,-25.2,0.0,6.2,-9.0,15.0,22.1,14.0,0.5,0.5,0.5,97.5,516.0,2677.5,1514.0,20.0,2224.0,16.0,0.5,0.6,0.5,95.0,515.0,2675.0,1515.0,20.0,2225.0,16.0,0.5,0.6,0.5
1974,2,344.0,47.0,10.41,11.4,12.0,11.26,14.0,0.76,16.0,0.5,0.5,0.4,8.81,10.25,11.49,10.23,20.0,1.47,16.0,0.4,0.6,0.4,4.84,5.91,6.79,5.87,18.0,0.96,16.0,0.4,0.6,0.4,64.9,75.7,86.2,75.6,19.0,10.9,16.0,0.4,0.4,5.2,8.2,17.55,10.87,21.0,6.56,18.0,0.4,0.6,0.4,-4.88,3.6,16.02,5.03,21.0,9.32,18.0,0.4,0.6,0.4,-9.73,-2.44,4.79,-2.4,21.0,6.91,18.0,0.4,0.6,0.4,1001.01,1022.0,1029.99,1014.79,20.0,16.05,18.0,0.4,0.6,0.4,4.0,7.0,8.0,6.3,20.0,1.8,16.0,0.4,0.6,0.4,-29.0,20.9,283.1,104.5,21.0,189.9,18.0,0.4,0.6,0.4,-148.7,-6.4,24.4,-54.4,21.0,107.4,18.0,0.4,0.6,0.4,-0.02,1.1,2.72,1.24,13.0,1.37,16.0,0.5,0.5,0.4,-0.1,10.4,21.4,13.3,13.0,13.7,16.0,0.5,0.5,0.4,1.82,2.55,3.88,2.74,12.0,1.05,16.0,0.5,0.5,0.4,11.8,28.3,60.0,35.5,12.0,26.9,16.0,0.5,0.5,0.4,-40.1,35.3,168.5,53.8,20.0,97.4,16.0,0.4,0.6,0.4,-93.7,-33.8,52.3,-27.9,20.0,73.0,16.0,0.4,0.6,0.4,-24.6,29.4,81.6,31.9,18.0,56.1,16.0,0.4,0.6,0.4,-60.2,-27.3,28.3,-19.7,18.0,43.1,16.0,0.4,0.6,0.4,-3.5,19.4,49.5,23.7,12.0,31.7,16.0,0.5,0.5,0.4,-30.6,-3.6,11.5,-7.4,12.0,20.5,16.0,0.5,0.5,0.4,142.0,551.5,5452.5,2884.0,21.0,4728.5,18.0,0.4,0.6,0.4,140.0,550.0,5455.0,2885.0,21.0,4730.0,18.0,0.4,0.6,0.4
1974,2,344.0,48.0,10.91,11.0,12.0,11.36,8.0,0.59,12.0,0.6,0.5,0.4,9.01,10.9,11.5,10.34,14.0,1.5,10.0,0.6,0.6,0.4,5.23,6.44,7.51,6.3,13.0,1.37,12.0,0.6,0.5,0.4,66.4,85.2,92.5,80.1,13.0,14.1,12.0,0.6,0.4,6.76,10.55,15.31,11.61,14.0,6.08,10.0,0.6,0.6,0.4,2.41,8.1,13.78,8.06,14.0,6.85,10.0,0.6,0.6,0.4,-8.17,1.66,7.05,0.83,14.0,8.02,10.0,0.6,0.6,0.4,978.51,1011.95,1023.69,1007.49,14.0,20.11,10.0,0.6,0.6,0.4,4.8,7.0,8.0,6.5,13.0,1.9,12.0,0.5,0.6,0.5,16.5,82.9,228.4,128.2,14.0,155.3,10.0,0.6,0.6,0.4,-88.6,7.7,57.2,10.6,14.0,136.0,10.0,0.6,0.6,0.4,-0.44,0.65,1.9,0.8,8.0,1.24,12.0,0.6,0.5,0.4,-4.6,3.6,19.2,7.5,8.0,13.9,12.0,0.6,0.5,0.4,0.92,1.78,3.1,1.91,8.0,0.98,12.0,0.6,0.5,0.4,8.5,13.4,21.2,14.4,8.0,6.6,12.0,0.6,0.5,0.4,25.7,86.1,157.7,85.8,14.0,75.3,10.0,0.6,0.6,0.4,-72.5,18.8,80.9,15.8,14.0,79.6,10.0,0.6,0.6,0.4,12.3,55.4,106.9,54.9,13.0,54.1,12.0,0.6,0.5,0.4,-31.3,10.5,46.6,11.0,13.0,54.7,12.0,0.6,0.5,0.4,-4.4,7.9,16.2,7.4,8.0,10.2,12.0,0.6,0.5,0.4,-6.5,3.8,10.2,3.0,8.0,10.1,12.0,0.6,0.5,0.4,310.5,1176.0,3591.5,2901.5,14.0,4343.0,10.0,0.6,0.6,0.4,310.0,1175.0,3590.0,2900.0,14.0,4345.0,10.0,0.6,0.6,0.4
1974,2,344.0,49.0,9.24,10.4,11.53,10.52,6.0,1.38,18.0,0.3,0.5,0.4,9.73,10.2,10.92,10.3,8.0,0.89,18.0,0.4,0.5,0.3,4.94,5.21,6.49,5.62,8.0,1.07,18.0,0.4,0.5,0.3,64.3,70.5,76.0,72.8,8.0,12.0,18.0,0.4,0.3,7.2,8.5,12.08,10.22,8.0,4.79,18.0,0.4,0.5,0.3,-4.88,1.69,8.5,1.82,8.0,6.38,18.0,0.4,0.5,0.3,-11.64,-1.95,5.08,-3.32,8.0,9.24,18.0,0.4,0.5,0.3,1017.69,1020.8,1032.67,1021.49,8.0,10.44,18.0,0.4,0.5,0.3,6.1,8.0,8.0,7.1,8.0,1.5,18.0,0.4,0.5,0.3,-37.1,17.6,79.8,37.6,8.0,87.9,18.0,0.4,0.5,0.3,-141.5,-10.7,34.3,-65.5,8.0,146.9,18.0,0.4,0.5,0.3,-1.41,-0.1,1.33,-0.1,6.0,1.91,18.0,0.3,0.5,0.4,-23.1,-0.7,11.0,-4.5,6.0,18.4,18.0,0.3,0.5,0.4,0.62,2.04,2.95,1.98,6.0,1.3,18.0,0.3,0.5,0.4,5.8,16.2,30.9,19.7,6.0,16.1,18.0,0.3,0.5,0.4,-47.6,15.9,88.1,19.5,8.0,67.0,18.0,0.4,0.5,0.3,-107.4,-19.2,52.2,-33.7,8.0,94.0,18.0,0.4,0.5,0.3,-21.7,8.9,51.1,13.1,8.0,37.7,18.0,0.4,0.5,0.3,-63.3,-5.8,25.8,-17.4,8.0,48.6,18.0,0.4,0.5,0.3,-11.4,3.4,9.4,1.6,6.0,14.2,18.0,0.3,0.5,0.4,-23.8,-1.0,10.8,-5.7,6.0,21.9,18.0,0.3,0.5,0.4,373.0,630.5,1775.5,1832.0,8.0,3100.0,18.0,0.4,0.5,0.3,375.0,630.0,1775.0,1830.0,8.0,3100.0,18.0,0.4,0.5,0.3
1974,2,344.0,50.0,9.27,10.0,11.3,10.38,9.0,1.29,14.0,0.3,0.6,0.2,9.32,10.55,11.65,10.36,12.0,2.07,14.0,0.3,0.6,0.3,4.37,5.8,7.43,5.72,11.0,1.48,14.0,0.3,0.5,0.3,58.6,76.8,89.2,74.0,11.0,14.2,14.0,0.3,0.3,4.6,6.95,15.4,9.54,12.0,6.26,14.0,0.3,0.6,0.3,2.45,5.2,9.9,5.61,12.0,3.92,14.0,0.3,0.6,0.3,-6.45,-0.79,6.84,-0.53,12.0,9.41,14.0,0.3,0.6,0.3,992.13,1012.85,1028.46,1009.48,12.0,19.81,14.0,0.3,0.6,0.3,2.6,7.0,8.0,5.8,11.0,2.6,12.0,0.4,0.6,0.4,11.7,37.0,152.4,72.0,12.0,79.0,14.0,0.3,0.6,0.3,-71.0,-3.6,85.8,-18.3,12.0,168.7,14.0,0.3,0.6,0.3,-0.75,-0.5,1.23,0.56,9.0,2.77,14.0,0.3,0.6,0.2,-9.0,-2.5,5.7,6.2,9.0,43.7,14.0,0.3,0.6,0.2,0.88,2.26,3.48,2.39,9.0,1.43,14.0,0.3,0.6,0.2,6.2,9.6,43.6,22.6,9.0,24.7,14.0,0.3,0.6,0.2,20.5,54.0,111.2,57.7,12.0,42.9,14.0,0.3,0.6,0.3,-64.8,-7.9,81.8,0.3,12.0,97.6,14.0,0.3,0.6,0.3,9.2,30.5,61.2,33.1,11.0,27.4,14.0,0.3,0.5,0.3,-31.4,0.0,62.9,8.5,11.0,57.6,14.0,0.3,0.5,0.3,-0.4,7.4,23.5,13.2,9.0,16.2,14.0,0.3,0.6,0.2,-36.4,-5.5,6.5,-11.7,9.0,23.9,14.0,0.3,0.6,0.2,97.5,337.0,3652.5,2061.5,12.0,3354.0,14.0,0.3,0.6,0.3,95.0,335.0,3650.0,2060.0,12.0,3355.0,14.0,0.3,0.6,0.3
1974,2,344.0,51.0,10.4,10.4,10.4,10.4,1.0,0.0,6.0,1.0,0.1,0.2,7.0,7.85,8.7,7.85,2.0,1.77,12.0,0.5,0.5,0.4,4.76,4.94,5.12,4.94,2.0,0.36,12.0,0.5,0.5,0.4,70.6,73.1,75.5,73.1,2.0,5.1,12.0,0.5,0.4,16.19,21.1,26.01,21.1,2.0,10.18,12.0,0.5,0.5,0.4,10.4,13.56,16.72,13.56,2.0,6.55,12.0,0.5,0.5,0.4,-19.93,-16.16,-12.4,-16.16,2.0,7.8,12.0,0.5,0.5,0.4,972.01,983.2,994.39,983.2,2.0,23.19,12.0,0.5,0.5,0.4,3.2,3.5,3.8,3.5,2.0,0.7,12.0,0.5,0.5,0.4,186.2,319.5,452.8,319.5,2.0,276.2,12.0,0.5,0.5,0.4,-539.6,-380.8,-221.9,-380.8,2.0,329.2,12.0,0.5,0.5,0.4,3.8,3.8,3.8,3.8,1.0,0.0,6.0,1.0,0.1,0.2,52.8,52.8,52.8,52.8,1.0,0.0,6.0,1.0,0.1,0.2,3.23,3.23,3.23,3.23,1.0,0.0,6.0,1.0,0.1,0.2,44.9,44.9,44.9,44.9,1.0,0.0,6.0,1.0,0.1,0.2,75.9,112.3,148.6,112.3,2.0,75.4,12.0,0.5,0.5,0.4,-177.1,-133.8,-90.4,-133.8,2.0,89.8,12.0,0.5,0.5,0.4,50.2,68.2,86.2,68.2,2.0,37.3,12.0,0.5,0.5,0.4,-102.7,-81.3,-59.8,-81.3,2.0,44.4,12.0,0.5,0.5,0.4,28.9,28.9,28.9,28.9,1.0,0.0,6.0,1.0,0.1,0.2,-34.4,-34.4,-34.4,-34.4,1.0,0.0,6.0,1.0,0.1,0.2,5856.5,12675.5,19494.5,12675.5,2.0,14127.5,12.0,0.5,0.5,0.4,5855.0,12675.0,19495.0,12675.0,2.0,14130.0,12.0,0.5,0.5,0.4
1974,2,344.0,53.0,10.0,10.35,10.43,10.28,12.0,0.31,16.0,0.3,0.7,0.6,7.6,8.4,8.89,8.51,14.0,1.27,16.0,0.2,0.7,0.7,5.01,5.87,5.98,5.72,13.0,0.8,16.0,0.2,0.7,0.6,78.4,83.0,87.8,81.8,13.0,7.0,16.0,0.2,0.6,6.93,16.7,21.07,14.89,14.0,6.58,16.0,0.2,0.7,0.7,4.08,7.05,8.82,6.64,14.0,3.08,16.0,0.2,0.7,0.7,-19.8,-15.69,1.46,-11.16,14.0,9.54,16.0,0.2,0.7,0.7,989.39,999.45,1017.68,1002.81,14.0,14.41,16.0,0.2,0.7,0.7,3.0,6.0,7.1,5.2,13.0,2.0,16.0,0.2,0.7,0.6,28.6,130.0,152.3,107.1,14.0,55.5,16.0,0.2,0.7,0.7,-417.1,-262.7,4.4,-216.7,14.0,198.0,16.0,0.2,0.7,0.7,1.27,1.65,2.8,1.68,12.0,1.2,16.0,0.3,0.7,0.6,15.3,28.1,46.4,27.7,12.0,19.7,16.0,0.3,0.7,0.6,1.79,1.98,2.45,1.99,12.0,0.59,16.0,0.3,0.7,0.6,18.5,35.9,40.6,31.3,12.0,12.9,16.0,0.3,0.7,0.6,31.4,57.0,80.0,58.5,14.0,32.7,16.0,0.2,0.7,0.7,-166.2,-136.4,15.7,-91.8,14.0,79.8,16.0,0.2,0.7,0.7,19.7,41.7,45.4,37.4,13.0,19.4,16.0,0.2,0.7,0.6,-116.9,-89.3,-20.5,-71.9,13.0,52.0,16.0,0.2,0.7,0.6,10.6,13.2,15.1,12.5,12.0,3.1,16.0,0.3,0.7,0.6,-38.2,-33.7,-12.2,-27.8,12.0,14.5,16.0,0.3,0.7,0.6,350.5,4689.5,9353.0,4966.0,14.0,4061.5,16.0,0.2,0.7,0.7,350.0,4690.0,9355.0,4965.0,14.0,4060.0,16.0,0.2,0.7,0.7
1974,2,344.0,54.0,10.4,10.4,10.4,10.4,1.0,0.0,10.0,0.0,0.5,0.1,10.4,10.4,10.4,10.4,1.0,0.0,10.0,0.0,0.5,0.1,6.21,6.21,6.21,6.21,1.0,0.0,10.0,0.0,0.5,0.1,77.3,77.3,77.3,77.3,1.0,0.0,10.0,0.0,0.1,12.3,12.3,12.3,12.3,1.0,0.0,10.0,0.0,0.5,0.1,10.65,10.65,10.65,10.65,1.0,0.0,10.0,0.0,0.5,0.1,6.15,6.15,6.15,6.15,1.0,0.0,10.0,0.0,0.5,0.1,983.9,983.9,983.9,983.9,1.0,0.0,10.0,0.0,0.5,0.1,8.0,8.0,8.0,8.0,1.0,0.0,10.0,0.0,0.5,0.1,131.0,131.0,131.0,131.0,1.0,0.0,10.0,0.0,0.5,0.1,75.6,75.6,75.6,75.6,1.0,0.0,10.0,0.0,0.5,0.1,0.0,0.0,0.0,0.0,1.0,0.0,10.0,0.0,0.5,0.1,0.0,0.0,0.0,0.0,1.0,0.0,10.0,0.0,0.5,0.1,1.83,1.83,1.83,1.83,1.0,0.0,10.0,0.0,0.5,0.1,22.5,22.5,22.5,22.5,1.0,0.0,10.0,0.0,0.5,0.1,110.8,110.8,110.8,110.8,1.0,0.0,10.0,0.0,0.5,0.1,64.0,64.0,64.0,64.0,1.0,0.0,10.0,0.0,0.5,0.1,66.1,66.1,66.1,66.1,1.0,0.0,10.0,0.0,0.5,0.1,38.2,38.2,38.2,38.2,1.0,0.0,10.0,0.0,0.5,0.1,19.5,19.5,19.5,19.5,1.0,0.0,10.0,0.0,0.5,0.1,11.3,11.3,11.3,11.3,1.0,0.0,10.0,0.0,0.5,0.1,1861.0,1861.0,1861.0,1861.0,1.0,0.0,10.0,0.0,0.5,0.1,1860.0,1860.0,1860.0,1860.0,1.0,0.0,10.0,0.0,0.5,0.1
1974,2,344.0,55.0,8.68,9.3,9.56,9.16,5.0,0.62,14.0,0.4,0.5,0.4,7.09,8.0,8.37,7.78,5.0,0.7,14.0,0.4,0.5,0.4,5.09,5.47,5.56,5.31,5.0,0.45,14.0,0.4,0.5,0.4,73.8,84.2,86.8,80.4,5.0,9.9,14.0,0.4,0.4,12.38,18.5,20.63,16.98,5.0,4.7,14.0,0.4,0.5,0.4,4.98,12.22,19.32,11.61,5.0,9.55,14.0,0.4,0.5,0.4,-9.84,3.21,6.41,-1.41,5.0,10.96,14.0,0.4,0.5,0.4,978.55,999.4,1015.72,998.38,5.0,21.44,14.0,0.4,0.5,0.4,5.6,7.0,8.0,6.8,5.0,1.3,14.0,0.4,0.5,0.4,46.1,158.8,389.2,204.1,5.0,210.7,14.0,0.4,0.5,0.4,-173.4,59.4,104.3,-26.9,5.0,211.0,14.0,0.4,0.5,0.4,0.56,1.3,2.29,1.38,5.0,1.12,14.0,0.4,0.5,0.4,9.4,22.6,34.3,22.6,5.0,20.9,14.0,0.4,0.5,0.4,1.67,1.86,2.33,1.98,5.0,0.37,14.0,0.4,0.5,0.4,20.5,42.1,44.5,34.5,5.0,13.1,14.0,0.4,0.5,0.4,34.0,97.7,162.7,94.4,5.0,79.4,14.0,0.4,0.5,0.4,-73.1,27.3,48.2,-8.7,5.0,81.2,14.0,0.4,0.5,0.4,28.3,67.3,94.2,60.3,5.0,49.4,14.0,0.4,0.5,0.4,-53.9,14.5,35.5,-8.3,5.0,59.7,14.0,0.4,0.5,0.4,7.7,20.0,41.7,22.8,5.0,21.0,14.0,0.4,0.5,0.4,-20.3,8.0,11.3,-3.7,5.0,23.4,14.0,0.4,0.5,0.4,1921.5,6331.5,8922.5,5786.0,5.0,4118.0,14.0,0.4,0.5,0.4,1920.0,6330.0,8925.0,5785.0,5.0,4120.0,14.0,0.4,0.5,0.4
1974,2,344.0,56.0,9.41,9.65,9.89,9.65,2.0,0.49,22.0,0.5,0.7,0.5,9.22,9.7,10.18,9.7,2.0,0.99,22.0,0.5,0.7,0.5,6.35,6.35,6.35,6.35,1.0,0.0,24.0,1.0,0.4,0.4,82.2,82.2,82.2,82.2,1.0,0.0,24.0,1.0,0.4,8.33,11.85,15.37,11.85,2.0,7.28,22.0,0.5,0.7,0.5,3.74,4.58,5.42,4.58,2.0,1.74,22.0,0.5,0.7,0.5,7.42,10.89,14.36,10.89,2.0,7.19,22.0,0.5,0.7,0.5,1023.77,1024.15,1024.53,1024.15,2.0,0.78,22.0,0.5,0.7,0.5,6.3,7.0,7.7,7.0,2.0,1.4,22.0,0.5,0.7,0.5,34.6,60.6,86.7,60.6,2.0,54.0,22.0,0.5,0.7,0.5,75.8,155.2,234.6,155.2,2.0,164.5,22.0,0.5,0.7,0.5,-0.77,-0.05,0.67,-0.05,2.0,1.48,22.0,0.5,0.7,0.5,-3.5,4.8,13.1,4.8,2.0,17.2,22.0,0.5,0.7,0.5,0.83,0.83,0.83,0.83,1.0,0.0,24.0,1.0,0.4,0.4,5.5,5.5,5.5,5.5,1.0,0.0,24.0,1.0,0.4,0.4,37.6,43.6,49.6,43.6,2.0,12.4,22.0,0.5,0.7,0.5,73.6,102.1,130.5,102.1,2.0,59.0,22.0,0.5,0.7,0.5,21.3,21.3,21.3,21.3,1.0,0.0,24.0,1.0,0.4,0.4,36.8,36.8,36.8,36.8,1.0,0.0,24.0,1.0,0.4,0.4,2.8,2.8,2.8,2.8,1.0,0.0,24.0,1.0,0.4,0.4,4.8,4.8,4.8,4.8,1.0,0.0,24.0,1.0,0.4,0.4,1032.5,2607.0,4181.0,2607.0,2.0,3261.5,22.0,0.5,0.7,0.5,1035.0,2605.0,4180.0,2605.0,2.0,3260.0,22.0,0.5,0.7,0.5
1974,2,344.0,57.0,8.15,8.8,8.94,8.58,5.0,0.47,12.0,0.8,0.5,0.7,6.0,7.0,9.11,7.53,7.0,1.91,12.0,0.9,0.6,0.7,5.0,5.71,5.78,5.39,3.0,0.63,20.0,1.0,0.6,0.8,81.1,92.7,95.8,88.6,3.0,11.4,20.0,1.0,0.8,11.75,12.0,13.9,12.59,7.0,1.29,12.0,0.9,0.6,0.7,-9.2,2.05,5.15,0.83,7.0,7.9,12.0,0.9,0.6,0.7,4.91,11.62,13.09,8.34,7.0,6.49,12.0,0.9,0.6,0.7,985.3,1017.0,1018.03,1004.23,7.0,17.29,12.0,0.9,0.6,0.7,8.0,8.0,8.0,7.9,7.0,0.4,12.0,0.9,0.6,0.7,-101.5,24.2,71.6,16.9,7.0,100.0,12.0,0.9,0.6,0.7,52.4,137.1,182.0,104.4,7.0,88.3,12.0,0.9,0.6,0.7,-1.76,1.9,2.11,0.44,5.0,2.32,12.0,0.8,0.5,0.7,-23.1,22.4,26.7,4.9,5.0,30.7,12.0,0.8,0.5,0.7,1.24,1.35,2.04,1.63,3.0,0.64,20.0,1.0,0.6,0.8,16.1,16.4,24.2,20.1,3.0,6.7,20.0,1.0,0.6,0.8,-57.4,14.3,36.4,11.6,7.0,73.1,12.0,0.9,0.6,0.7,28.3,81.3,82.3,54.0,7.0,50.7,12.0,0.9,0.6,0.7,10.2,11.7,22.6,16.3,3.0,9.8,20.0,1.0,0.6,0.8,58.1,66.4,72.8,65.5,3.0,10.8,20.0,1.0,0.6,0.8,3.4,4.8,5.4,4.4,3.0,1.5,20.0,1.0,0.6,0.8,15.5,15.7,23.7,19.5,3.0,6.8,20.0,1.0,0.6,0.8,1624.5,1728.0,2685.5,2047.0,7.0,615.5,12.0,0.9,0.6,0.7,1625.0,1730.0,2685.0,2045.0,7.0,615.0,12.0,0.9,0.6,0.7
1974,2,344.0,58.0,8.4,8.55,8.92,8.63,6.0,0.26,18.0,0.2,0.5,0.6,4.2,5.2,9.82,6.43,7.0,2.57,18.0,0.1,0.6,0.6,3.45,4.07,6.84,4.82,6.0,1.73,18.0,0.2,0.5,0.6,67.8,75.1,90.3,77.5,6.0,12.3,18.0,0.2,0.6,8.13,10.3,15.02,10.8,7.0,3.35,18.0,0.1,0.6,0.6,-0.2,6.6,9.78,4.8,7.0,6.12,18.0,0.1,0.6,0.6,3.3,8.7,11.31,7.26,7.0,4.62,18.0,0.1,0.6,0.6,1006.89,1013.4,1015.01,1008.26,7.0,13.19,18.0,0.1,0.6,0.6,6.6,8.0,8.0,7.3,6.0,1.2,18.0,0.2,0.5,0.6,-1.6,44.2,146.4,62.4,7.0,81.4,18.0,0.1,0.6,0.6,34.2,75.7,153.4,87.8,7.0,65.5,18.0,0.1,0.6,0.6,-0.96,3.3,4.4,2.22,6.0,2.58,18.0,0.2,0.5,0.6,-12.7,29.5,36.1,17.5,6.0,23.9,18.0,0.2,0.5,0.6,0.26,2.74,3.47,2.15,6.0,1.67,18.0,0.2,0.5,0.6,4.2,25.1,28.2,18.7,6.0,13.4,18.0,0.2,0.5,0.6,-0.8,27.7,99.5,41.1,7.0,52.0,18.0,0.1,0.6,0.6,27.5,43.5,75.8,47.7,7.0,33.0,18.0,0.1,0.6,0.6,-3.0,10.7,72.4,26.2,6.0,39.6,18.0,0.2,0.5,0.6,19.0,30.5,50.4,32.5,6.0,23.5,18.0,0.2,0.5,0.6,-4.3,0.0,8.8,2.4,6.0,13.0,18.0,0.2,0.5,0.6,-1.5,13.8,25.4,12.9,6.0,15.1,18.0,0.2,0.5,0.6,539.5,1092.5,3388.5,1582.0,7.0,1373.5,18.0,0.1,0.6,0.6,540.0,1095.0,3390.0,1580.0,7.0,1375.0,18.0,0.1,0.6,0.6
1974,2,344.0,59.0,8.1,8.3,8.49,8.4,27.0,0.5,16.0,0.3,0.3,0.3,2.81,3.6,5.29,4.02,27.0,1.12,16.0,0.3,0.3,0.3,3.18,3.53,4.58,3.78,25.0,0.68,16.0,0.3,0.3,0.3,67.0,73.1,82.4,75.1,25.0,9.4,16.0,0.3,0.3,5.83,12.9,16.8,12.3,27.0,5.39,16.0,0.3,0.3,0.3,-7.47,-1.51,1.96,-2.06,27.0,4.29,16.0,0.3,0.3,0.3,-13.85,-3.66,12.57,-1.98,27.0,12.62,16.0,0.3,0.3,0.3,1005.95,1011.6,1014.4,1008.69,27.0,8.5,16.0,0.3,0.3,0.3,6.0,8.0,8.0,7.1,27.0,1.4,16.0,0.3,0.3,0.3,-89.7,-5.2,13.4,-30.6,27.0,69.1,16.0,0.3,0.3,0.3,-194.9,-20.9,162.8,-19.2,27.0,212.3,16.0,0.3,0.3,0.3,3.34,4.7,5.3,4.39,27.0,0.94,16.0,0.3,0.3,0.3,31.4,55.4,73.2,51.8,27.0,22.6,16.0,0.3,0.3,0.3,2.4,3.19,3.54,3.01,25.0,0.62,16.0,0.3,0.3,0.3,17.6,33.9,45.8,33.2,25.0,12.8,16.0,0.3,0.3,0.3,-36.6,-4.5,5.6,-10.6,27.0,21.3,16.0,0.3,0.3,0.3,-46.8,-10.3,63.4,0.9,27.0,59.3,16.0,0.3,0.3,0.3,-30.9,-6.3,8.1,-9.9,25.0,18.8,16.0,0.3,0.3,0.3,-52.5,-19.5,40.7,-11.4,25.0,47.4,16.0,0.3,0.3,0.3,-17.2,-6.5,4.2,-5.4,25.0,11.8,16.0,0.3,0.3,0.3,-44.5,-22.6,25.4,-14.2,25.0,30.5,16.0,0.3,0.3,0.3,200.0,2146.5,4754.0,2871.5,27.0,3024.5,16.0,0.3,0.3,0.3,200.0,2145.0,4755.0,2870.0,27.0,3025.0,16.0,0.3,0.3,0.3
1974,2,344.0,60.0,8.0,8.2,8.3,8.16,9.0,0.13,16.0,0.3,0.3,0.3,3.18,3.7,4.41,3.78,11.0,0.67,16.0,0.3,0.3,0.4,3.81,4.1,4.56,4.12,9.0,0.41,16.0,0.3,0.3,0.3,76.9,83.0,87.7,82.2,9.0,6.2,16.0,0.3,0.3,16.05,18.0,21.81,18.42,11.0,2.51,16.0,0.3,0.3,0.4,-4.87,-3.21,1.18,-1.57,11.0,6.01,16.0,0.3,0.3,0.4,-21.48,-17.73,-15.05,-17.02,11.0,4.68,16.0,0.3,0.3,0.4,994.87,998.8,1003.02,998.11,11.0,5.44,16.0,0.3,0.3,0.4,7.0,8.0,8.0,7.3,11.0,1.2,16.0,0.3,0.3,0.4,-98.1,-59.4,19.5,-34.5,11.0,98.2,16.0,0.3,0.3,0.4,-468.4,-321.6,-242.2,-322.4,11.0,121.3,16.0,0.3,0.3,0.4,3.8,4.5,4.82,4.4,9.0,0.7,16.0,0.3,0.3,0.3,80.9,82.1,84.8,82.7,9.0,5.5,16.0,0.3,0.3,0.3,2.2,2.7,3.02,2.67,9.0,0.43,16.0,0.3,0.3,0.3,45.3,49.9,55.1,50.3,9.0,4.9,16.0,0.3,0.3,0.3,-20.1,-11.9,3.1,-4.8,11.0,26.3,16.0,0.3,0.3,0.4,-90.2,-65.6,-41.3,-64.4,11.0,23.5,16.0,0.3,0.3,0.4,-17.8,-12.4,-3.2,-11.6,9.0,11.0,16.0,0.3,0.3,0.3,-99.2,-70.2,-64.7,-77.9,9.0,16.4,16.0,0.3,0.3,0.3,-9.6,-8.3,-2.0,-6.6,9.0,7.2,16.0,0.3,0.3,0.3,-54.3,-49.2,-44.6,-49.4,9.0,5.1,16.0,0.3,0.3,0.3,4145.5,5832.0,10373.5,6571.0,11.0,2736.0,16.0,0.3,0.3,0.4,4145.0,5830.0,10375.0,6570.0,11.0,2735.0,16.0,0.3,0.3,0.4
1974,2,344.0,61.0,,,,,,,,,,,,,,,,,,,,,,,,,,,,,,,,,,,,,,,,11.58,15.4,17.17,14.4,3.0,4.19,24.0,1.0,0.7,0.7,4.58,7.7,9.13,6.88,3.0,3.41,24.0,1.0,0.7,0.7,4.23,13.34,16.33,10.35,3.0,9.23,24.0,1.0,0.7,0.7,1006.52,1014.3,1016.14,1011.4,3.0,7.48,24.0,1.0,0.7,0.7,,,,,,,,,,,,,,,,,,,,,,,,,,,,,,,,,,,,,,,,,,,,,,,,,,,,,,,,,,,,,,,,,,,,,,,,,,,,,,,,,,,,,,,,,,,,,,,,,,,,,,,,,,,,,,,,,,,,,,,,,,,,,,,,,,,,,,,,,,,,,,,,,,,,,,
1974,2,344.0,62.0,5.34,6.65,8.95,7.13,4.0,2.24,14.0,0.3,0.6,0.3,1.95,4.0,7.73,4.31,17.0,3.29,14.0,0.3,0.7,0.5,5.41,5.73,6.06,5.73,2.0,0.67,14.0,0.0,0.7,0.5,94.3,95.3,96.2,95.3,2.0,1.9,14.0,0.0,0.5,11.49,15.4,18.24,14.76,16.0,3.81,14.0,0.3,0.7,0.5,-14.01,-4.6,10.51,-3.19,16.0,10.83,14.0,0.3,0.7,0.5,-14.09,-4.96,8.82,-3.29,16.0,10.36,14.0,0.3,0.7,0.5,992.61,1003.2,1012.88,1001.34,16.0,11.7,14.0,0.3,0.6,0.5,7.0,8.0,8.0,7.6,17.0,0.7,14.0,0.3,0.7,0.5,-264.6,-44.6,137.4,-65.6,16.0,177.1,14.0,0.3,0.7,0.5,-222.8,-58.6,124.0,-60.2,16.0,173.8,14.0,0.3,0.7,0.5,-2.52,0.25,6.43,1.88,4.0,7.19,14.0,0.3,0.6,0.3,-37.4,3.6,121.3,40.2,4.0,130.5,14.0,0.3,0.6,0.3,0.36,0.39,0.41,0.39,2.0,0.05,14.0,0.0,0.7,0.5,4.9,5.8,6.7,5.8,2.0,1.9,14.0,0.0,0.7,0.5,-49.3,-7.4,60.9,2.4,16.0,56.2,14.0,0.3,0.7,0.5,-32.4,-13.7,31.0,5.4,16.0,57.8,14.0,0.3,0.7,0.5,-61.3,-3.9,53.4,-3.9,2.0,118.9,14.0,0.0,0.7,0.5,-13.1,-7.8,-2.5,-7.8,2.0,11.0,14.0,0.0,0.7,0.5,-5.2,-1.3,2.7,-1.3,2.0,8.2,14.0,0.0,0.7,0.5,-1.0,-0.6,-0.2,-0.6,2.0,0.9,14.0,0.0,0.7,0.5,1532.5,3652.5,6118.5,3816.5,16.0,2761.5,14.0,0.3,0.7,0.5,1535.0,3650.0,6120.0,3815.0,16.0,2760.0,14.0,0.3,0.7,0.5
1974,2,344.0,63.0,7.02,7.05,7.08,7.05,2.0,0.07,12.0,0.5,0.7,0.3,3.76,5.1,8.05,5.23,7.0,3.26,18.0,0.4,0.4,0.3,5.21,5.21,5.21,5.21,1.0,0.0,2.0,0.0,0.9,0.7,93.9,93.9,93.9,93.9,1.0,0.0,2.0,0.0,0.7,4.6,12.3,14.92,11.01,7.0,4.54,18.0,0.4,0.4,0.3,-3.81,6.15,9.96,2.68,7.0,7.71,18.0,0.4,0.4,0.3,-4.66,6.5,10.71,2.99,7.0,9.16,18.0,0.4,0.4,0.3,991.02,1008.1,1010.11,1002.33,6.0,11.48,16.0,0.3,0.5,0.4,3.0,7.0,8.0,6.3,7.0,2.3,18.0,0.4,0.4,0.3,-22.3,75.6,146.6,40.6,7.0,104.3,18.0,0.4,0.4,0.3,-27.1,84.5,133.4,46.4,7.0,121.7,18.0,0.4,0.4,0.3,0.74,1.25,1.76,1.25,2.0,1.06,12.0,0.5,0.7,0.3,10.2,18.2,26.1,18.2,2.0,16.5,12.0,0.5,0.7,0.3,1.16,1.16,1.16,1.16,1.0,0.0,2.0,0.0,0.9,0.7,17.3,17.3,17.3,17.3,1.0,0.0,2.0,0.0,0.9,0.7,-15.8,49.2,56.2,23.7,7.0,44.6,18.0,0.4,0.4,0.3,-14.0,42.3,85.7,30.9,7.0,55.6,18.0,0.4,0.4,0.3,-49.9,-49.9,-49.9,-49.9,1.0,0.0,2.0,0.0,0.9,0.7,-59.4,-59.4,-59.4,-59.4,1.0,0.0,2.0,0.0,0.9,0.7,-11.1,-11.1,-11.1,-11.1,1.0,0.0,2.0,0.0,0.9,0.7,-13.3,-13.3,-13.3,-13.3,1.0,0.0,2.0,0.0,0.9,0.7,97.5,1861.0,3324.5,1867.5,7.0,1392.5,18.0,0.4,0.4,0.3,95.0,1860.0,3325.0,1870.0,7.0,1395.0,18.0,0.4,0.4,0.3
1974,2,344.0,64.0,,,,,,,,,,,,,,,,,,,,,,,,,,,,,,,,,,,,,,,,4.6,9.3,12.3,8.61,20.0,4.23,16.0,0.4,0.5,0.1,-7.07,0.0,4.17,-0.21,20.0,6.21,16.0,0.4,0.5,0.1,-8.73,-4.46,7.85,-2.17,20.0,7.23,16.0,0.4,0.5,0.1,975.58,1002.25,1008.99,996.23,20.0,15.66,16.0,0.4,0.5,0.1,,,,,,,,,,,,,,,,,,,,,,,,,,,,,,,,,,,,,,,,,,,,,,,,,,,,,,,,,,,,,,,,,,,,,,,,,,,,,,,,,,,,,,,,,,,,,,,,,,,,,,,,,,,,,,,,,,,,,,,,,,,,,,,,,,,,,,,,,,,,,,,,,,,,,,
1974,2,344.0,66.0,1.19,1.5,1.91,1.55,4.0,0.5,6.0,0.3,0.6,0.8,-2.91,-2.0,1.15,-1.22,5.0,2.44,8.0,0.2,0.7,0.7,2.21,2.87,2.98,2.61,4.0,0.67,6.0,0.3,0.6,0.8,66.2,80.5,87.5,77.0,4.0,13.4,6.0,0.3,0.8,6.7,10.3,15.4,11.72,17.0,4.74,4.0,0.2,0.9,0.7,-14.28,-9.3,-6.46,-9.56,17.0,3.88,4.0,0.2,0.9,0.7,-10.12,-2.29,0.0,-4.27,17.0,6.06,4.0,0.2,0.9,0.7,997.43,1008.3,1011.14,1003.78,5.0,12.35,8.0,0.2,0.7,0.7,2.0,7.0,8.0,6.0,16.0,2.5,4.0,0.2,0.8,0.7,-212.7,-86.5,-43.3,-122.1,17.0,94.7,4.0,0.2,0.9,0.7,-128.0,-15.4,0.0,-70.5,17.0,120.2,4.0,0.2,0.9,0.7,2.04,3.5,4.6,3.33,4.0,1.93,6.0,0.3,0.6,0.8,25.4,55.4,70.5,48.3,4.0,28.3,6.0,0.3,0.6,0.8,1.34,1.38,1.96,1.64,4.0,0.55,6.0,0.3,0.6,0.8,17.6,23.5,29.7,23.6,4.0,7.3,6.0,0.3,0.6,0.8,-17.9,10.1,16.1,1.5,5.0,18.2,8.0,0.2,0.7,0.7,-9.7,11.3,45.5,17.2,5.0,30.3,8.0,0.2,0.7,0.7,-35.2,-24.1,-11.5,-23.4,4.0,15.9,6.0,0.3,0.6,0.8,-38.8,-18.4,-15.7,-26.8,4.0,19.2,6.0,0.3,0.6,0.8,-16.1,-11.5,-7.4,-11.7,4.0,5.5,6.0,0.3,0.6,0.8,-28.7,-16.8,-7.3,-17.9,4.0,12.5,6.0,0.3,0.6,0.8,301.0,1092.5,3652.5,2443.5,17.0,3143.0,4.0,0.2,0.9,0.7,300.0,1095.0,3650.0,2445.0,17.0,3145.0,4.0,0.2,0.9,0.7
1974,2,344.0,67.0,0.72,1.2,1.81,1.27,3.0,0.8,6.0,0.7,0.7,0.1,-4.05,-1.45,0.78,-1.62,4.0,2.91,8.0,0.8,0.5,0.2,2.02,2.24,2.76,2.39,3.0,0.56,6.0,0.7,0.7,0.1,68.1,78.5,83.5,75.9,3.0,11.5,6.0,0.7,0.1,6.7,9.3,12.67,9.23,16.0,3.19,6.0,0.4,0.4,0.0,-5.23,-4.26,-2.44,-3.15,16.0,3.64,6.0,0.4,0.4,0.0,-11.41,-8.05,-3.78,-7.64,16.0,3.86,6.0,0.4,0.4,0.0,1005.55,1008.6,1010.55,1008.08,4.0,3.0,8.0,0.8,0.5,0.2,4.5,5.0,7.5,5.8,17.0,1.6,8.0,0.4,0.4,0.0,-46.6,-29.6,-15.7,-24.8,16.0,41.9,6.0,0.4,0.4,0.0,-143.4,-74.9,-22.6,-81.6,16.0,62.8,6.0,0.4,0.4,0.0,2.7,4.2,5.09,3.9,3.0,1.77,6.0,0.7,0.7,0.1,29.1,54.2,65.6,47.5,3.0,27.4,6.0,0.7,0.7,0.1,1.5,1.68,2.04,1.77,3.0,0.4,6.0,0.7,0.7,0.1,15.3,21.7,26.4,20.9,3.0,8.1,6.0,0.7,0.7,0.1,-21.2,-19.3,-6.5,-14.0,3.0,11.7,6.0,0.7,0.7,0.1,10.2,33.5,52.0,31.2,3.0,30.7,6.0,0.7,0.7,0.1,-8.3,9.9,11.6,1.8,3.0,16.2,6.0,0.7,0.7,0.1,-25.4,-21.5,-20.5,-22.9,3.0,3.8,6.0,0.7,0.7,0.1,-3.1,7.4,12.1,4.6,3.0,11.4,6.0,0.7,0.7,0.1,-23.3,-20.4,-12.9,-18.2,3.0,7.9,6.0,0.7,0.7,0.1,301.0,804.5,2038.0,1059.0,16.0,998.0,6.0,0.4,0.4,0.0,300.0,805.0,2040.0,1060.0,16.0,1000.0,6.0,0.4,0.4,0.0
1974,2,344.0,68.0,,,,,,,,,,,,,,,,,,,,,,,,,,,,,,,,,,,,,,,,10.3,10.3,10.3,10.3,1.0,0.0,24.0,0.0,0.2,0.7,-3.52,-3.52,-3.52,-3.52,1.0,0.0,24.0,0.0,0.2,0.7,-9.68,-9.68,-9.68,-9.68,1.0,0.0,24.0,0.0,0.2,0.7,1015.1,1015.1,1015.1,1015.1,1.0,0.0,24.0,0.0,0.2,0.7,8.0,8.0,8.0,8.0,1.0,0.0,24.0,0.0,0.2,0.7,-36.3,-36.3,-36.3,-36.3,1.0,0.0,24.0,0.0,0.2,0.7,-99.7,-99.7,-99.7,-99.7,1.0,0.0,24.0,0.0,0.2,0.7,,,,,,,,,,,,,,,,,,,,,,,,,,,,,,,,,,,,,,,,,28.9,28.9,28.9,28.9,1.0,0.0,24.0,0.0,0.2,0.7,79.4,79.4,79.4,79.4,1.0,0.0,24.0,0.0,0.2,0.7,-5.9,-5.9,-5.9,-5.9,1.0,0.0,24.0,0.0,0.2,0.7,-16.3,-16.3,-16.3,-16.3,1.0,0.0,24.0,0.0,0.2,0.7,,,,,,,,,,,,,,,,,,,,,,,,,,,,,,,,,,,,,,,,
1974,2,345.0,-37.0,22.0,22.0,22.0,22.0,1.0,0.0,6.0,1.0,1.0,0.6,20.4,20.4,20.4,20.4,1.0,0.0,6.0,1.0,1.0,0.6,10.53,10.53,10.53,10.53,1.0,0.0,6.0,1.0,1.0,0.6,71.6,71.6,71.6,71.6,1.0,0.0,6.0,1.0,0.6,0.0,0.0,0.0,0.0,1.0,0.0,6.0,1.0,1.0,0.6,0.0,0.0,0.0,0.0,1.0,0.0,6.0,1.0,1.0,0.6,0.0,0.0,0.0,0.0,1.0,0.0,6.0,1.0,1.0,0.6,1023.8,1023.8,1023.8,1023.8,1.0,0.0,6.0,1.0,1.0,0.6,5.0,5.0,5.0,5.0,1.0,0.0,6.0,1.0,1.0,0.6,0.0,0.0,0.0,0.0,1.0,0.0,6.0,1.0,1.0,0.6,0.0,0.0,0.0,0.0,1.0,0.0,6.0,1.0,1.0,0.6,1.6,1.6,1.6,1.6,1.0,0.0,6.0,1.0,1.0,0.6,0.0,0.0,0.0,0.0,1.0,0.0,6.0,1.0,1.0,0.6,5.76,5.76,5.76,5.76,1.0,0.0,6.0,1.0,1.0,0.6,0.0,0.0,0.0,0.0,1.0,0.0,6.0,1.0,1.0,0.6,0.0,0.0,0.0,0.0,1.0,0.0,6.0,1.0,1.0,0.6,0.0,0.0,0.0,0.0,1.0,0.0,6.0,1.0,1.0,0.6,0.0,0.0,0.0,0.0,1.0,0.0,6.0,1.0,1.0,0.6,0.0,0.0,0.0,0.0,1.0,0.0,6.0,1.0,1.0,0.6,0.0,0.0,0.0,0.0,1.0,0.0,6.0,1.0,1.0,0.6,0.0,0.0,0.0,0.0,1.0,0.0,6.0,1.0,1.0,0.6,0.0,0.0,0.0,0.0,1.0,0.0,6.0,1.0,1.0,0.6,0.0,0.0,0.0,0.0,1.0,0.0,6.0,1.0,1.0,0.6
1974,2,345.0,-36.0,19.6,19.6,19.6,19.6,1.0,0.0,4.0,0.0,0.6,0.7,18.2,18.2,18.2,18.2,1.0,0.0,4.0,0.0,0.6,0.7,8.85,8.85,8.85,8.85,1.0,0.0,4.0,0.0,0.6,0.7,68.9,68.9,68.9,68.9,1.0,0.0,4.0,0.0,0.7,2.1,2.1,2.1,2.1,1.0,0.0,4.0,0.0,0.6,0.7,0.0,0.0,0.0,0.0,1.0,0.0,4.0,0.0,0.6,0.7,2.1,2.1,2.1,2.1,1.0,0.0,4.0,0.0,0.6,0.7,1021.0,1021.0,1021.0,1021.0,1.0,0.0,4.0,0.0,0.6,0.7,6.0,6.0,6.0,6.0,1.0,0.0,4.0,0.0,0.6,0.7,0.0,0.0,0.0,0.0,1.0,0.0,4.0,0.0,0.6,0.7,4.4,4.4,4.4,4.4,1.0,0.0,4.0,0.0,0.6,0.7,1.4,1.4,1.4,1.4,1.0,0.0,4.0,0.0,0.6,0.7,2.9,2.9,2.9,2.9,1.0,0.0,4.0,0.0,0.6,0.7,5.22,5.22,5.22,5.22,1.0,0.0,4.0,0.0,0.6,0.7,11.0,11.0,11.0,11.0,1.0,0.0,4.0,0.0,0.6,0.7,0.0,0.0,0.0,0.0,1.0,0.0,4.0,0.0,0.6,0.7,38.2,38.2,38.2,38.2,1.0,0.0,4.0,0.0,0.6,0.7,0.0,0.0,0.0,0.0,1.0,0.0,4.0,0.0,0.6,0.7,18.6,18.6,18.6,18.6,1.0,0.0,4.0,0.0,0.6,0.7,0.0,0.0,0.0,0.0,1.0,0.0,4.0,0.0,0.6,0.7,11.0,11.0,11.0,11.0,1.0,0.0,4.0,0.0,0.6,0.7,9.5,9.5,9.5,9.5,1.0,0.0,4.0,0.0,0.6,0.7,10.0,10.0,10.0,10.0,1.0,0.0,4.0,0.0,0.6,0.7
1974,2,345.0,-34.0,23.0,23.0,23.0,23.0,1.0,0.0,2.0,1.0,0.2,0.2,22.1,22.1,22.1,22.1,1.0,0.0,2.0,1.0,0.2,0.2,13.55,13.55,13.55,13.55,1.0,0.0,2.0,1.0,0.2,0.2,82.1,82.1,82.1,82.1,1.0,0.0,2.0,1.0,0.2,9.3,9.3,9.3,9.3,1.0,0.0,2.0,1.0,0.2,0.2,9.16,9.16,9.16,9.16,1.0,0.0,2.0,1.0,0.2,0.2,1.61,1.61,1.61,1.61,1.0,0.0,2.0,1.0,0.2,0.2,1014.8,1014.8,1014.8,1014.8,1.0,0.0,2.0,1.0,0.2,0.2,8.0,8.0,8.0,8.0,1.0,0.0,2.0,1.0,0.2,0.2,85.2,85.2,85.2,85.2,1.0,0.0,2.0,1.0,0.2,0.2,15.0,15.0,15.0,15.0,1.0,0.0,2.0,1.0,0.2,0.2,0.9,0.9,0.9,0.9,1.0,0.0,2.0,1.0,0.2,0.2,8.4,8.4,8.4,8.4,1.0,0.0,2.0,1.0,0.2,0.2,3.93,3.93,3.93,3.93,1.0,0.0,2.0,1.0,0.2,0.2,36.6,36.6,36.6,36.6,1.0,0.0,2.0,1.0,0.2,0.2,202.4,202.4,202.4,202.4,1.0,0.0,2.0,1.0,0.2,0.2,35.7,35.7,35.7,35.7,1.0,0.0,2.0,1.0,0.2,0.2,124.1,124.1,124.1,124.1,1.0,0.0,2.0,1.0,0.2,0.2,21.9,21.9,21.9,21.9,1.0,0.0,2.0,1.0,0.2,0.2,36.0,36.0,36.0,36.0,1.0,0.0,2.0,1.0,0.2,0.2,6.3,6.3,6.3,6.3,1.0,0.0,2.0,1.0,0.2,0.2,804.5,804.5,804.5,804.5,1.0,0.0,2.0,1.0,0.2,0.2,805.0,805.0,805.0,805.0,1.0,0.0,2.0,1.0,0.2,0.2
1974,2,345.0,-33.0,22.16,22.5,22.84,22.5,2.0,0.71,8.0,1.0,0.1,0.6,21.2,21.2,21.2,21.2,1.0,0.0,6.0,1.0,0.1,0.9,10.43,10.43,10.43,10.43,1.0,0.0,6.0,1.0,0.1,0.9,67.3,67.3,67.3,67.3,1.0,0.0,6.0,1.0,0.9,5.35,5.9,6.45,5.9,2.0,1.13,8.0,1.0,0.1,0.6,-5.58,-5.11,-4.64,-5.11,2.0,0.98,8.0,1.0,0.1,0.6,2.68,2.95,3.22,2.95,2.0,0.57,8.0,1.0,0.1,0.6,1018.32,1019.45,1020.58,1019.45,2.0,2.33,8.0,1.0,0.1,0.6,5.5,6.5,7.5,6.5,2.0,2.1,8.0,1.0,0.1,0.6,-36.3,-30.7,-25.1,-30.7,2.0,11.6,8.0,1.0,0.1,0.6,14.5,17.7,20.9,17.7,2.0,6.7,8.0,1.0,0.1,0.6,0.8,0.8,0.8,0.8,1.0,0.0,6.0,1.0,0.1,0.9,5.4,5.4,5.4,5.4,1.0,0.0,6.0,1.0,0.1,0.9,5.91,5.91,5.91,5.91,1.0,0.0,6.0,1.0,0.1,0.9,39.6,39.6,39.6,39.6,1.0,0.0,6.0,1.0,0.1,0.9,-123.0,-123.0,-123.0,-123.0,1.0,0.0,6.0,1.0,0.1,0.9,71.0,71.0,71.0,71.0,1.0,0.0,6.0,1.0,0.1,0.9,-60.5,-60.5,-60.5,-60.5,1.0,0.0,6.0,1.0,0.1,0.9,34.9,34.9,34.9,34.9,1.0,0.0,6.0,1.0,0.1,0.9,-34.3,-34.3,-34.3,-34.3,1.0,0.0,6.0,1.0,0.1,0.9,19.8,19.8,19.8,19.8,1.0,0.0,6.0,1.0,0.1,0.9,159.5,216.5,274.0,216.5,2.0,119.0,8.0,1.0,0.1,0.6,160.0,215.0,275.0,215.0,2.0,120.0,8.0,1.0,0.1,0.6
1974,2,345.0,-30.0,,,,,,,,,,,,,,,,,,,,,,,,,,,,,,,,,,,,,,,,,,,,,,,,,,,,,,,,,,,,,,,,,,,,,,,,,,,,,,,,8.0,8.0,8.0,8.0,1.0,0.0,22.0,1.0,0.5,0.2,-7.8,-7.8,-7.8,-7.8,1.0,0.0,22.0,1.0,0.5,0.2,44.2,44.2,44.2,44.2,1.0,0.0,22.0,1.0,0.5,0.2,,,,,,,,,,,,,,,,,,,,,,,,,,,,,,,,,,,,,,,,,,,,,,,,,,,,,,,,,,,,,,,,,,,,,,,,,,,,,,,,,,,,,,,,,,,,,,,,,,,,,,,,,,,,,,,,,,,,,,,,
1974,2,345.0,-27.0,25.3,25.3,25.3,25.3,1.0,0.0,12.0,0.0,0.3,0.1,21.8,21.8,21.8,21.8,1.0,0.0,12.0,0.0,0.3,0.1,14.73,14.73,14.73,14.73,1.0,0.0,12.0,0.0,0.3,0.1,91.2,91.2,91.2,91.2,1.0,0.0,12.0,0.0,0.1,4.6,4.6,4.6,4.6,1.0,0.0,12.0,0.0,0.3,0.1,-4.32,-4.32,-4.32,-4.32,1.0,0.0,12.0,0.0,0.3,0.1,1.57,1.57,1.57,1.57,1.0,0.0,12.0,0.0,0.3,0.1,1018.9,1018.9,1018.9,1018.9,1.0,0.0,12.0,0.0,0.3,0.1,6.0,6.0,6.0,6.0,1.0,0.0,12.0,0.0,0.3,0.1,-19.9,-19.9,-19.9,-19.9,1.0,0.0,12.0,0.0,0.3,0.1,7.2,7.2,7.2,7.2,1.0,0.0,12.0,0.0,0.3,0.1,3.5,3.5,3.5,3.5,1.0,0.0,12.0,0.0,0.3,0.1,16.1,16.1,16.1,16.1,1.0,0.0,12.0,0.0,0.3,0.1,5.29,5.29,5.29,5.29,1.0,0.0,12.0,0.0,0.3,0.1,24.3,24.3,24.3,24.3,1.0,0.0,12.0,0.0,0.3,0.1,-94.2,-94.2,-94.2,-94.2,1.0,0.0,12.0,0.0,0.3,0.1,34.3,34.3,34.3,34.3,1.0,0.0,12.0,0.0,0.3,0.1,-63.7,-63.7,-63.7,-63.7,1.0,0.0,12.0,0.0,0.3,0.1,23.2,23.2,23.2,23.2,1.0,0.0,12.0,0.0,0.3,0.1,-22.9,-22.9,-22.9,-22.9,1.0,0.0,12.0,0.0,0.3,0.1,8.3,8.3,8.3,8.3,1.0,0.0,12.0,0.0,0.3,0.1,97.5,97.5,97.5,97.5,1.0,0.0,12.0,0.0,0.3,0.1,95.0,95.0,95.0,95.0,1.0,0.0,12.0,0.0,0.3,0.1
1974,2,345.0,-22.0,25.6,25.6,25.6,25.6,1.0,0.0,14.0,1.0,0.2,0.2,25.0,25.0,25.0,25.0,1.0,0.0,14.0,1.0,0.2,0.2,16.31,16.31,16.31,16.31,1.0,0.0,14.0,1.0,0.2,0.2,82.9,82.9,82.9,82.9,1.0,0.0,14.0,1.0,0.2,4.1,4.1,4.1,4.1,1.0,0.0,14.0,1.0,0.2,0.2,-4.04,-4.04,-4.04,-4.04,1.0,0.0,14.0,1.0,0.2,0.2,0.71,0.71,0.71,0.71,1.0,0.0,14.0,1.0,0.2,0.2,1016.6,1016.6,1016.6,1016.6,1.0,0.0,14.0,1.0,0.2,0.2,3.0,3.0,3.0,3.0,1.0,0.0,14.0,1.0,0.2,0.2,-16.6,-16.6,-16.6,-16.6,1.0,0.0,14.0,1.0,0.2,0.2,2.9,2.9,2.9,2.9,1.0,0.0,14.0,1.0,0.2,0.2,0.6,0.6,0.6,0.6,1.0,0.0,14.0,1.0,0.2,0.2,2.5,2.5,2.5,2.5,1.0,0.0,14.0,1.0,0.2,0.2,4.12,4.12,4.12,4.12,1.0,0.0,14.0,1.0,0.2,0.2,16.9,16.9,16.9,16.9,1.0,0.0,14.0,1.0,0.2,0.2,-100.9,-100.9,-100.9,-100.9,1.0,0.0,14.0,1.0,0.2,0.2,17.8,17.8,17.8,17.8,1.0,0.0,14.0,1.0,0.2,0.2,-65.8,-65.8,-65.8,-65.8,1.0,0.0,14.0,1.0,0.2,0.2,11.6,11.6,11.6,11.6,1.0,0.0,14.0,1.0,0.2,0.2,-16.7,-16.7,-16.7,-16.7,1.0,0.0,14.0,1.0,0.2,0.2,2.9,2.9,2.9,2.9,1.0,0.0,14.0,1.0,0.2,0.2,69.0,69.0,69.0,69.0,1.0,0.0,14.0,1.0,0.2,0.2,70.0,70.0,70.0,70.0,1.0,0.0,14.0,1.0,0.2,0.2
1974,2,345.0,-21.0,23.8,23.8,23.8,23.8,1.0,0.0,12.0,1.0,0.6,0.8,24.3,24.3,24.3,24.3,1.0,0.0,12.0,1.0,0.6,0.8,14.78,14.78,14.78,14.78,1.0,0.0,12.0,1.0,0.6,0.8,78.4,78.4,78.4,78.4,1.0,0.0,12.0,1.0,0.8,3.6,3.6,3.6,3.6,1.0,0.0,12.0,1.0,0.6,0.8,-3.38,-3.38,-3.38,-3.38,1.0,0.0,12.0,1.0,0.6,0.8,1.23,1.23,1.23,1.23,1.0,0.0,12.0,1.0,0.6,0.8,1015.9,1015.9,1015.9,1015.9,1.0,0.0,12.0,1.0,0.6,0.8,2.0,2.0,2.0,2.0,1.0,0.0,12.0,1.0,0.6,0.8,-12.2,-12.2,-12.2,-12.2,1.0,0.0,12.0,1.0,0.6,0.8,4.4,4.4,4.4,4.4,1.0,0.0,12.0,1.0,0.6,0.8,-0.5,-0.5,-0.5,-0.5,1.0,0.0,12.0,1.0,0.6,0.8,-1.8,-1.8,-1.8,-1.8,1.0,0.0,12.0,1.0,0.6,0.8,3.56,3.56,3.56,3.56,1.0,0.0,12.0,1.0,0.6,0.8,12.8,12.8,12.8,12.8,1.0,0.0,12.0,1.0,0.6,0.8,-82.2,-82.2,-82.2,-82.2,1.0,0.0,12.0,1.0,0.6,0.8,29.9,29.9,29.9,29.9,1.0,0.0,12.0,1.0,0.6,0.8,-50.0,-50.0,-50.0,-50.0,1.0,0.0,12.0,1.0,0.6,0.8,18.2,18.2,18.2,18.2,1.0,0.0,12.0,1.0,0.6,0.8,-12.0,-12.0,-12.0,-12.0,1.0,0.0,12.0,1.0,0.6,0.8,4.4,4.4,4.4,4.4,1.0,0.0,12.0,1.0,0.6,0.8,46.5,46.5,46.5,46.5,1.0,0.0,12.0,1.0,0.6,0.8,45.0,45.0,45.0,45.0,1.0,0.0,12.0,1.0,0.6,0.8
1974,2,345.0,-20.0,24.16,24.3,24.44,24.3,2.0,0.28,24.0,1.0,0.4,0.7,24.03,25.6,26.35,25.2,3.0,1.73,22.0,1.0,0.4,0.6,16.15,16.15,16.15,16.15,1.0,0.0,18.0,1.0,0.3,0.3,81.3,85.1,89.0,85.1,2.0,7.9,20.0,1.0,0.4,5.45,6.2,7.57,6.5,3.0,1.57,22.0,1.0,0.4,0.6,-7.48,-6.2,-4.63,-6.06,3.0,2.09,22.0,1.0,0.4,0.6,-0.97,0.0,2.24,0.62,3.0,2.41,22.0,1.0,0.4,0.6,1014.66,1016.3,1017.94,1016.3,2.0,3.39,24.0,1.0,0.4,0.7,6.0,8.0,8.0,7.0,3.0,1.7,22.0,1.0,0.4,0.6,-57.4,-38.4,-25.8,-41.5,3.0,23.3,22.0,1.0,0.4,0.6,-8.0,0.0,11.4,1.7,3.0,14.3,22.0,1.0,0.4,0.6,-2.0,-0.7,0.6,-0.7,2.0,2.69,24.0,1.0,0.4,0.7,-16.8,-6.9,2.9,-6.9,2.0,20.3,24.0,1.0,0.4,0.7,3.02,3.02,3.02,3.02,1.0,0.0,18.0,1.0,0.3,0.3,18.7,18.7,18.7,18.7,1.0,0.0,18.0,1.0,0.3,0.3,-193.0,-144.5,-114.1,-153.4,3.0,58.3,22.0,1.0,0.4,0.6,-26.0,0.0,57.3,15.3,3.0,62.4,22.0,1.0,0.4,0.6,-100.1,-100.1,-100.1,-100.1,1.0,0.0,18.0,1.0,0.3,0.3,0.0,0.0,0.0,0.0,1.0,0.0,18.0,1.0,0.3,0.3,-18.7,-18.7,-18.7,-18.7,1.0,0.0,18.0,1.0,0.3,0.3,0.0,0.0,0.0,0.0,1.0,0.0,18.0,1.0,0.3,0.3,166.0,238.5,452.0,307.5,3.0,217.5,22.0,1.0,0.4,0.6,165.0,240.0,450.0,305.0,3.0,220.0,22.0,1.0,0.4,0.6
1974,2,345.0,-19.0,,,,,,,,,,,,,,,,,,,,,,,,,,,,,,,,,,,,,,,,5.1,5.1,5.1,5.1,1.0,0.0,10.0,0.0,1.0,1.0,-3.91,-3.91,-3.91,-3.91,1.0,0.0,10.0,0.0,1.0,1.0,3.28,3.28,3.28,3.28,1.0,0.0,10.0,0.0,1.0,1.0,1013.3,1013.3,1013.3,1013.3,1.0,0.0,8.0,0.0,0.3,0.4,2.3,3.0,3.7,3.0,2.0,1.4,10.0,0.0,0.6,0.7,-19.9,-19.9,-19.9,-19.9,1.0,0.0,10.0,0.0,1.0,1.0,16.7,16.7,16.7,16.7,1.0,0.0,10.0,0.0,1.0,1.0,,,,,,,,,,,,,,,,,,,,,,,,,,,,,,,,,,,,,,,,,,,,,,,,,,,,,,,,,,,,,,,,,,,,,,,,,,,,,,,,,,,,,,,,,,,,,,,,,,,,,,,,,,,,,,,,,,,,,,,,
1974,2,345.0,-18.0,24.23,24.4,25.61,24.81,7.0,1.54,18.0,0.6,0.4,0.6,23.44,24.8,25.53,24.59,8.0,1.0,18.0,0.6,0.5,0.6,13.9,14.59,16.46,15.64,7.0,2.54,18.0,0.6,0.5,0.7,74.3,80.7,83.1,81.3,7.0,9.3,18.0,0.6,0.7,4.53,6.2,8.25,6.03,7.0,2.17,18.0,0.6,0.4,0.6,-7.78,-4.75,-4.46,-5.74,7.0,2.14,18.0,0.6,0.4,0.6,0.0,0.0,2.86,1.08,7.0,1.64,18.0,0.6,0.4,0.6,1012.61,1014.45,1015.18,1014.16,8.0,1.44,18.0,0.6,0.5,0.6,1.0,2.0,5.8,3.1,8.0,2.6,18.0,0.6,0.5,0.6,-64.3,-29.4,-20.3,-38.5,7.0,27.2,18.0,0.6,0.4,0.6,0.0,0.0,23.1,7.3,7.0,11.4,18.0,0.6,0.4,0.6,-0.53,-0.5,1.05,0.29,7.0,1.75,18.0,0.6,0.4,0.6,-4.3,-1.5,5.7,3.5,7.0,15.3,18.0,0.6,0.4,0.6,1.98,3.1,5.58,3.74,6.0,3.4,18.0,0.5,0.5,0.7,12.0,16.9,35.1,26.4,6.0,32.4,18.0,0.5,0.5,0.7,-194.0,-111.4,-106.3,-140.4,7.0,51.6,18.0,0.6,0.4,0.6,0.0,0.0,71.2,26.1,7.0,39.1,18.0,0.6,0.4,0.6,-106.1,-70.1,-66.2,-83.2,6.0,25.2,18.0,0.5,0.5,0.7,0.0,0.0,21.9,11.8,6.0,23.3,18.0,0.5,0.5,0.7,-35.1,-16.4,-9.6,-25.8,6.0,32.7,18.0,0.5,0.5,0.7,0.0,0.0,4.3,2.2,6.0,4.2,18.0,0.5,0.5,0.7,94.0,238.5,563.5,294.0,7.0,283.0,18.0,0.6,0.4,0.6,95.0,240.0,565.0,295.0,7.0,285.0,18.0,0.6,0.4,0.6
1974,2,345.0,-17.0,24.6,24.6,24.6,24.6,1.0,0.0,16.0,0.0,0.3,0.6,24.2,24.2,24.2,24.2,1.0,0.0,16.0,0.0,0.3,0.6,14.87,14.87,14.87,14.87,1.0,0.0,16.0,0.0,0.3,0.6,79.3,79.3,79.3,79.3,1.0,0.0,16.0,0.0,0.6,8.2,8.2,8.2,8.2,1.0,0.0,16.0,0.0,0.3,0.6,-7.71,-7.71,-7.71,-7.71,1.0,0.0,16.0,0.0,0.3,0.6,2.8,2.8,2.8,2.8,1.0,0.0,16.0,0.0,0.3,0.6,1016.0,1016.0,1016.0,1016.0,1.0,0.0,16.0,0.0,0.3,0.6,1.0,1.0,1.0,1.0,1.0,0.0,16.0,0.0,0.3,0.6,-63.2,-63.2,-63.2,-63.2,1.0,0.0,16.0,0.0,0.3,0.6,23.0,23.0,23.0,23.0,1.0,0.0,16.0,0.0,0.3,0.6,0.4,0.4,0.4,0.4,1.0,0.0,16.0,0.0,0.3,0.6,3.3,3.3,3.3,3.3,1.0,0.0,16.0,0.0,0.3,0.6,4.38,4.38,4.38,4.38,1.0,0.0,16.0,0.0,0.3,0.6,35.9,35.9,35.9,35.9,1.0,0.0,16.0,0.0,0.3,0.6,-186.5,-186.5,-186.5,-186.5,1.0,0.0,16.0,0.0,0.3,0.6,67.9,67.9,67.9,67.9,1.0,0.0,16.0,0.0,0.3,0.6,-114.6,-114.6,-114.6,-114.6,1.0,0.0,16.0,0.0,0.3,0.6,41.7,41.7,41.7,41.7,1.0,0.0,16.0,0.0,0.3,0.6,-33.7,-33.7,-33.7,-33.7,1.0,0.0,16.0,0.0,0.3,0.6,12.3,12.3,12.3,12.3,1.0,0.0,16.0,0.0,0.3,0.6,551.5,551.5,551.5,551.5,1.0,0.0,16.0,0.0,0.3,0.6,550.0,550.0,550.0,550.0,1.0,0.0,16.0,0.0,0.3,0.6
1974,2,345.0,-16.0,24.44,25.6,25.6,25.03,3.0,0.98,16.0,0.0,0.7,0.7,23.49,23.9,24.65,24.07,3.0,0.86,16.0,0.0,0.7,0.7,14.24,14.95,15.07,14.66,3.0,0.66,16.0,0.0,0.7,0.7,76.5,78.2,81.0,78.7,3.0,3.4,16.0,0.0,0.7,5.45,6.2,7.22,6.33,3.0,1.31,16.0,0.0,0.7,0.7,-6.49,-6.11,-4.6,-5.56,3.0,1.46,16.0,0.0,0.7,0.7,1.78,3.28,3.67,2.73,3.0,1.46,16.0,0.0,0.7,0.7,1011.45,1013.5,1016.03,1013.73,3.0,3.36,16.0,0.0,0.7,0.7,2.3,3.0,4.4,3.3,3.0,1.5,16.0,0.0,0.7,0.7,-47.1,-37.9,-25.6,-36.4,3.0,15.8,16.0,0.0,0.7,0.7,9.9,16.7,25.5,17.7,3.0,11.5,16.0,0.0,0.7,0.7,0.6,0.6,1.35,0.97,3.0,0.64,16.0,0.0,0.7,0.7,3.3,3.7,10.1,6.6,3.0,5.6,16.0,0.0,0.7,0.7,4.8,5.29,5.51,5.16,3.0,0.53,16.0,0.0,0.7,0.7,27.0,34.8,38.8,32.9,3.0,8.8,16.0,0.0,0.7,0.7,-157.2,-152.6,-110.6,-134.3,3.0,37.7,16.0,0.0,0.7,0.7,42.6,76.4,87.1,65.1,3.0,34.0,16.0,0.0,0.7,0.7,-97.8,-91.3,-66.1,-82.2,3.0,24.6,16.0,0.0,0.7,0.7,25.5,45.6,54.2,40.0,3.0,21.6,16.0,0.0,0.7,0.7,-34.9,-34.2,-23.1,-29.1,3.0,9.8,16.0,0.0,0.7,0.7,8.9,15.0,18.7,13.8,3.0,7.2,16.0,0.0,0.7,0.7,166.0,238.5,387.5,276.0,3.0,165.0,16.0,0.0,0.7,0.7,165.0,240.0,385.0,275.0,3.0,165.0,16.0,0.0,0.7,0.7
1974,2,345.0,-15.0,25.08,25.25,25.42,25.25,2.0,0.35,18.0,0.5,0.3,0.5,24.37,24.75,25.13,24.75,2.0,0.78,18.0,0.5,0.3,0.5,16.09,16.12,16.14,16.12,2.0,0.05,18.0,0.5,0.3,0.5,80.9,83.0,85.0,83.0,2.0,4.2,18.0,0.5,0.5,6.78,6.95,7.12,6.95,2.0,0.35,18.0,0.5,0.3,0.5,-5.05,-4.88,-4.71,-4.88,2.0,0.36,18.0,0.5,0.3,0.5,4.5,4.91,5.32,4.91,2.0,0.85,18.0,0.5,0.3,0.5,1012.12,1012.8,1013.48,1012.8,2.0,1.41,18.0,0.5,0.3,0.5,1.2,1.5,1.8,1.5,2.0,0.7,18.0,0.5,0.3,0.5,-34.2,-33.9,-33.5,-33.9,2.0,0.8,18.0,0.5,0.3,0.5,30.6,34.3,38.0,34.3,2.0,7.7,18.0,0.5,0.3,0.5,-0.05,0.5,1.05,0.5,2.0,1.13,18.0,0.5,0.3,0.5,-0.2,3.7,7.6,3.7,2.0,8.0,18.0,0.5,0.3,0.5,3.79,3.96,4.13,3.96,2.0,0.35,18.0,0.5,0.3,0.5,25.8,27.6,29.5,27.6,2.0,3.8,18.0,0.5,0.3,0.5,-127.0,-120.9,-114.8,-120.9,2.0,12.6,18.0,0.5,0.3,0.5,112.8,121.2,129.6,121.2,2.0,17.3,18.0,0.5,0.3,0.5,-81.3,-78.7,-76.0,-78.7,2.0,5.5,18.0,0.5,0.3,0.5,72.4,79.2,85.9,79.2,2.0,14.0,18.0,0.5,0.3,0.5,-19.4,-19.3,-19.1,-19.3,2.0,0.3,18.0,0.5,0.3,0.5,17.1,19.6,22.1,19.6,2.0,5.1,18.0,0.5,0.3,0.5,312.5,337.0,361.5,337.0,2.0,51.5,18.0,0.5,0.3,0.5,310.0,335.0,360.0,335.0,2.0,50.0,18.0,0.5,0.3,0.5
1974,2,345.0,-14.0,26.2,26.2,26.2,26.2,1.0,0.0,4.0,1.0,0.6,0.6,25.0,25.0,25.0,25.0,1.0,0.0,4.0,1.0,0.6,0.6,16.29,16.29,16.29,16.29,1.0,0.0,4.0,1.0,0.6,0.6,82.4,82.4,82.4,82.4,1.0,0.0,4.0,1.0,0.6,4.6,4.6,4.6,4.6,1.0,0.0,4.0,1.0,0.6,0.6,-4.32,-4.32,-4.32,-4.32,1.0,0.0,4.0,1.0,0.6,0.6,1.57,1.57,1.57,1.57,1.0,0.0,4.0,1.0,0.6,0.6,1011.2,1011.2,1011.2,1011.2,1.0,0.0,4.0,1.0,0.6,0.6,1.0,1.0,1.0,1.0,1.0,0.0,4.0,1.0,0.6,0.6,-19.9,-19.9,-19.9,-19.9,1.0,0.0,4.0,1.0,0.6,0.6,7.2,7.2,7.2,7.2,1.0,0.0,4.0,1.0,0.6,0.6,1.2,1.2,1.2,1.2,1.0,0.0,4.0,1.0,0.6,0.6,5.5,5.5,5.5,5.5,1.0,0.0,4.0,1.0,0.6,0.6,5.0,5.0,5.0,5.0,1.0,0.0,4.0,1.0,0.6,0.6,23.0,23.0,23.0,23.0,1.0,0.0,4.0,1.0,0.6,0.6,-108.1,-108.1,-108.1,-108.1,1.0,0.0,4.0,1.0,0.6,0.6,39.3,39.3,39.3,39.3,1.0,0.0,4.0,1.0,0.6,0.6,-70.4,-70.4,-70.4,-70.4,1.0,0.0,4.0,1.0,0.6,0.6,25.6,25.6,25.6,25.6,1.0,0.0,4.0,1.0,0.6,0.6,-21.6,-21.6,-21.6,-21.6,1.0,0.0,4.0,1.0,0.6,0.6,7.9,7.9,7.9,7.9,1.0,0.0,4.0,1.0,0.6,0.6,97.5,97.5,97.5,97.5,1.0,0.0,4.0,1.0,0.6,0.6,95.0,95.0,95.0,95.0,1.0,0.0,4.0,1.0,0.6,0.6
1974,2,345.0,-12.0,25.85,26.0,26.81,26.26,5.0,0.57,14.0,0.6,0.5,0.7,24.63,25.4,29.13,26.7,5.0,2.87,14.0,0.6,0.5,0.7,16.02,17.46,17.71,16.89,4.0,1.42,16.0,0.8,0.5,0.6,67.1,74.3,85.3,76.1,4.0,13.4,16.0,0.8,0.6,4.34,4.6,4.86,4.6,4.0,0.41,16.0,0.8,0.5,0.6,-4.12,-3.27,-2.46,-3.29,4.0,0.98,16.0,0.8,0.5,0.6,-2.39,0.85,3.65,0.64,4.0,3.53,16.0,0.8,0.5,0.6,1010.15,1010.9,1012.6,1011.36,5.0,1.95,14.0,0.6,0.5,0.7,3.0,3.0,6.1,4.4,5.0,2.2,14.0,0.6,0.5,0.7,-19.9,-15.3,-10.7,-15.3,4.0,5.3,16.0,0.8,0.5,0.6,-10.2,4.7,17.6,3.7,4.0,16.1,16.0,0.8,0.5,0.6,-3.28,1.3,2.0,-0.44,5.0,3.28,14.0,0.6,0.5,0.7,-17.2,-0.8,8.0,-4.4,4.0,15.9,16.0,0.8,0.5,0.6,3.13,3.34,5.44,4.24,4.0,1.98,16.0,0.8,0.5,0.6,13.6,15.2,26.9,20.0,4.0,11.2,16.0,0.8,0.5,0.6,-117.7,-86.5,-64.1,-90.7,4.0,34.3,16.0,0.8,0.5,0.6,-69.4,17.2,89.7,10.5,4.0,92.7,16.0,0.8,0.5,0.6,-66.8,-52.4,-43.6,-55.1,4.0,15.2,16.0,0.8,0.5,0.6,-42.4,10.6,59.7,8.7,4.0,60.1,16.0,0.8,0.5,0.6,-21.1,-10.9,-8.2,-14.5,4.0,9.4,16.0,0.8,0.5,0.6,-7.5,4.5,19.0,5.7,4.0,15.8,16.0,0.8,0.5,0.6,82.5,97.5,116.0,99.0,4.0,26.0,16.0,0.8,0.5,0.6,80.0,95.0,115.0,100.0,4.0,25.0,16.0,0.8,0.5,0.6
1974,2,345.0,-11.0,26.2,26.2,26.2,26.2,1.0,0.0,12.0,1.0,0.3,0.7,26.3,26.3,26.3,26.3,1.0,0.0,12.0,1.0,0.3,0.7,15.49,15.49,15.49,15.49,1.0,0.0,12.0,1.0,0.3,0.7,72.6,72.6,72.6,72.6,1.0,0.0,12.0,1.0,0.7,5.1,5.1,5.1,5.1,1.0,0.0,12.0,1.0,0.3,0.7,-3.28,-3.28,-3.28,-3.28,1.0,0.0,12.0,1.0,0.3,0.7,3.91,3.91,3.91,3.91,1.0,0.0,12.0,1.0,0.3,0.7,1012.2,1012.2,1012.2,1012.2,1.0,0.0,12.0,1.0,0.3,0.7,4.0,4.0,4.0,4.0,1.0,0.0,12.0,1.0,0.3,0.7,-16.7,-16.7,-16.7,-16.7,1.0,0.0,12.0,1.0,0.3,0.7,19.9,19.9,19.9,19.9,1.0,0.0,12.0,1.0,0.3,0.7,-0.1,-0.1,-0.1,-0.1,1.0,0.0,12.0,1.0,0.3,0.7,-0.5,-0.5,-0.5,-0.5,1.0,0.0,12.0,1.0,0.3,0.7,5.78,5.78,5.78,5.78,1.0,0.0,12.0,1.0,0.3,0.7,29.5,29.5,29.5,29.5,1.0,0.0,12.0,1.0,0.3,0.7,-86.2,-86.2,-86.2,-86.2,1.0,0.0,12.0,1.0,0.3,0.7,102.7,102.7,102.7,102.7,1.0,0.0,12.0,1.0,0.3,0.7,-50.8,-50.8,-50.8,-50.8,1.0,0.0,12.0,1.0,0.3,0.7,60.5,60.5,60.5,60.5,1.0,0.0,12.0,1.0,0.3,0.7,-19.0,-19.0,-19.0,-19.0,1.0,0.0,12.0,1.0,0.3,0.7,22.6,22.6,22.6,22.6,1.0,0.0,12.0,1.0,0.3,0.7,132.5,132.5,132.5,132.5,1.0,0.0,12.0,1.0,0.3,0.7,135.0,135.0,135.0,135.0,1.0,0.0,12.0,1.0,0.3,0.7
1974,2,345.0,-10.0,25.27,26.05,26.83,26.05,2.0,1.63,16.0,0.5,0.1,0.6,25.32,26.0,26.55,25.93,3.0,0.9,16.0,0.7,0.4,0.4,15.29,16.07,16.4,15.85,3.0,0.84,16.0,0.7,0.4,0.4,71.9,73.2,80.5,76.1,3.0,6.8,16.0,0.7,0.4,4.42,5.1,5.51,4.97,3.0,0.81,16.0,0.7,0.4,0.4,-4.81,-4.37,-3.18,-4.01,3.0,1.23,16.0,0.7,0.4,0.4,0.39,3.14,3.5,1.97,3.0,2.49,16.0,0.7,0.4,0.4,1012.19,1012.6,1013.56,1012.87,3.0,1.03,16.0,0.7,0.4,0.4,1.3,2.0,3.4,2.3,3.0,1.5,16.0,0.7,0.4,0.4,-25.4,-24.9,-15.3,-20.4,3.0,8.3,16.0,0.7,0.4,0.4,1.0,12.9,18.3,9.7,3.0,13.0,16.0,0.7,0.4,0.4,-1.25,0.15,1.55,0.15,2.0,2.9,16.0,0.5,0.1,0.6,-7.7,-0.9,5.9,-0.9,2.0,14.0,16.0,0.5,0.1,0.6,3.97,4.79,5.61,4.79,2.0,1.7,16.0,0.5,0.1,0.6,21.1,22.5,23.9,22.5,2.0,2.9,16.0,0.5,0.1,0.6,-126.3,-117.0,-82.1,-104.5,3.0,34.1,16.0,0.7,0.4,0.4,9.2,78.5,91.9,51.2,3.0,65.1,16.0,0.7,0.4,0.4,-73.4,-70.2,-52.0,-62.9,3.0,16.9,16.0,0.7,0.4,0.4,7.5,52.0,56.7,32.6,3.0,39.8,16.0,0.7,0.4,0.4,-15.8,-15.7,-15.7,-15.7,2.0,0.1,16.0,0.5,0.1,0.6,14.1,16.0,17.9,16.0,2.0,4.0,16.0,0.5,0.1,0.6,89.0,132.5,168.5,129.0,3.0,58.0,16.0,0.7,0.4,0.4,90.0,135.0,170.0,130.0,3.0,60.0,16.0,0.7,0.4,0.4
1974,2,345.0,-9.0,27.0,27.0,27.0,27.0,1.0,0.0,28.0,0.0,1.0,0.7,26.5,26.5,26.5,26.5,1.0,0.0,28.0,0.0,1.0,0.7,18.81,18.81,18.81,18.81,1.0,0.0,28.0,0.0,1.0,0.7,87.2,87.2,87.2,87.2,1.0,0.0,28.0,0.0,0.7,5.1,5.1,5.1,5.1,1.0,0.0,28.0,0.0,1.0,0.7,-4.42,-4.42,-4.42,-4.42,1.0,0.0,28.0,0.0,1.0,0.7,2.55,2.55,2.55,2.55,1.0,0.0,28.0,0.0,1.0,0.7,1014.4,1014.4,1014.4,1014.4,1.0,0.0,28.0,0.0,1.0,0.7,0.0,0.0,0.0,0.0,1.0,0.0,28.0,0.0,1.0,0.7,-22.5,-22.5,-22.5,-22.5,1.0,0.0,28.0,0.0,1.0,0.7,13.0,13.0,13.0,13.0,1.0,0.0,28.0,0.0,1.0,0.7,0.5,0.5,0.5,0.5,1.0,0.0,28.0,0.0,1.0,0.7,2.6,2.6,2.6,2.6,1.0,0.0,28.0,0.0,1.0,0.7,3.45,3.45,3.45,3.45,1.0,0.0,28.0,0.0,1.0,0.7,17.6,17.6,17.6,17.6,1.0,0.0,28.0,0.0,1.0,0.7,-117.0,-117.0,-117.0,-117.0,1.0,0.0,28.0,0.0,1.0,0.7,67.6,67.6,67.6,67.6,1.0,0.0,28.0,0.0,1.0,0.7,-83.1,-83.1,-83.1,-83.1,1.0,0.0,28.0,0.0,1.0,0.7,48.0,48.0,48.0,48.0,1.0,0.0,28.0,0.0,1.0,0.7,-15.3,-15.3,-15.3,-15.3,1.0,0.0,28.0,0.0,1.0,0.7,8.8,8.8,8.8,8.8,1.0,0.0,28.0,0.0,1.0,0.7,132.5,132.5,132.5,132.5,1.0,0.0,28.0,0.0,1.0,0.7,135.0,135.0,135.0,135.0,1.0,0.0,28.0,0.0,1.0,0.7
1974,2,345.0,-8.0,27.46,27.6,27.74,27.6,3.0,0.2,20.0,0.3,0.5,0.8,26.7,26.85,27.95,27.3,4.0,1.07,20.0,0.5,0.6,0.6,17.53,18.92,21.64,19.56,4.0,2.66,20.0,0.5,0.6,0.6,80.1,85.8,91.3,85.7,4.0,6.5,20.0,0.5,0.6,4.84,6.2,7.51,6.18,4.0,2.08,20.0,0.5,0.6,0.6,-6.84,-4.23,-2.69,-4.74,4.0,2.63,20.0,0.5,0.6,0.6,2.86,3.04,4.29,3.55,4.0,1.22,20.0,0.5,0.6,0.6,1007.55,1010.75,1013.17,1010.38,4.0,3.34,20.0,0.5,0.6,0.6,2.0,3.0,4.5,3.3,4.0,1.5,20.0,0.5,0.6,0.6,-53.1,-26.3,-13.5,-33.0,4.0,27.4,20.0,0.5,0.6,0.6,14.4,22.6,29.8,22.1,4.0,9.9,20.0,0.5,0.6,0.6,0.66,1.0,1.0,0.83,3.0,0.29,20.0,0.3,0.5,0.8,3.2,6.2,7.9,5.6,3.0,3.5,20.0,0.3,0.5,0.8,3.69,5.55,5.82,4.77,3.0,1.7,20.0,0.3,0.5,0.8,17.8,34.4,46.2,32.1,3.0,20.9,20.0,0.3,0.5,0.8,-187.8,-119.1,-72.2,-129.5,4.0,70.9,20.0,0.5,0.6,0.6,76.5,84.4,118.0,96.7,4.0,32.1,20.0,0.5,0.6,0.6,-133.1,-89.7,-50.6,-91.7,4.0,47.9,20.0,0.5,0.6,0.6,53.2,63.4,84.3,68.5,4.0,20.2,20.0,0.5,0.6,0.6,-38.6,-17.2,-9.9,-24.1,3.0,21.9,20.0,0.3,0.5,0.8,10.9,17.7,25.9,18.4,3.0,11.0,20.0,0.3,0.5,0.8,138.0,238.5,458.5,295.5,4.0,258.5,20.0,0.5,0.6,0.6,140.0,240.0,460.0,295.0,4.0,260.0,20.0,0.5,0.6,0.6
1974,2,345.0,-7.0,26.87,27.7,27.81,27.32,5.0,0.97,18.0,0.8,0.3,0.7,26.82,27.1,27.54,27.13,6.0,0.43,18.0,0.8,0.3,0.7,16.17,17.04,18.47,17.43,6.0,1.64,18.0,0.8,0.3,0.7,71.9,75.8,83.0,77.5,6.0,6.5,18.0,0.8,0.7,4.6,6.7,9.67,7.1,5.0,2.63,18.0,0.8,0.3,0.7,-5.45,-4.31,-3.52,-4.5,5.0,1.07,18.0,0.8,0.3,0.7,2.96,5.13,7.78,5.42,5.0,2.62,18.0,0.8,0.3,0.7,1008.68,1010.25,1011.87,1010.72,6.0,2.78,18.0,0.8,0.3,0.7,1.8,4.0,5.6,4.0,6.0,2.4,18.0,0.8,0.3,0.7,-54.0,-28.9,-16.2,-34.0,5.0,19.3,18.0,0.8,0.3,0.7,13.6,34.4,75.6,43.9,5.0,34.4,18.0,0.8,0.3,0.7,-0.33,0.1,0.8,0.16,5.0,0.7,18.0,0.8,0.3,0.7,-3.4,0.7,3.7,-0.2,5.0,5.3,18.0,0.8,0.3,0.7,2.88,5.31,7.46,5.2,5.0,2.3,18.0,0.8,0.3,0.7,25.9,34.1,40.0,33.4,5.0,10.9,18.0,0.8,0.3,0.7,-147.1,-118.4,-95.5,-122.2,5.0,29.8,18.0,0.8,0.3,0.7,80.1,141.1,211.6,147.0,5.0,69.9,18.0,0.8,0.3,0.7,-97.0,-87.5,-56.8,-79.9,5.0,22.5,18.0,0.8,0.3,0.7,47.7,104.3,138.9,97.0,5.0,48.9,18.0,0.8,0.3,0.7,-28.4,-26.1,-14.0,-22.3,5.0,8.3,18.0,0.8,0.3,0.7,19.3,22.3,30.2,24.5,5.0,8.5,18.0,0.8,0.3,0.7,97.5,301.0,909.5,478.5,5.0,449.0,18.0,0.8,0.3,0.7,95.0,300.0,910.0,480.0,5.0,450.0,18.0,0.8,0.3,0.7
1974,2,345.0,-2.0,26.84,28.0,28.0,27.43,3.0,0.98,12.0,0.3,0.5,0.4,27.64,28.6,30.17,28.9,3.0,1.87,12.0,0.3,0.5,0.4,18.76,19.27,19.79,19.27,2.0,1.07,16.0,0.0,0.2,0.3,81.9,82.0,82.1,82.0,2.0,0.2,16.0,0.0,0.3,3.1,3.1,5.08,4.07,3.0,1.67,12.0,0.3,0.5,0.4,-3.77,-1.99,-0.63,-2.2,3.0,2.3,12.0,0.3,0.5,0.4,-1.36,2.37,3.39,1.04,3.0,3.66,12.0,0.3,0.5,0.4,1008.25,1012.0,1012.34,1010.33,3.0,3.33,12.0,0.3,0.5,0.4,2.3,3.0,3.7,3.0,3.0,1.0,12.0,0.3,0.5,0.4,-20.8,-6.2,-2.0,-11.3,3.0,14.5,12.0,0.3,0.5,0.4,-4.2,7.4,18.1,7.0,3.0,16.4,12.0,0.3,0.5,0.4,-2.71,-2.3,-0.18,-1.47,3.0,1.99,12.0,0.3,0.5,0.4,-14.1,-7.1,-0.6,-7.3,3.0,9.9,12.0,0.3,0.5,0.4,1.97,3.27,4.57,3.27,2.0,2.69,16.0,0.0,0.2,0.3,6.1,10.1,14.2,10.1,2.0,8.3,16.0,0.0,0.2,0.3,-114.1,-54.2,-17.2,-65.4,3.0,71.7,12.0,0.3,0.5,0.4,-40.0,64.6,101.8,31.7,3.0,107.7,12.0,0.3,0.5,0.4,-31.0,-18.4,-5.9,-18.4,2.0,26.1,16.0,0.0,0.2,0.3,-45.2,-9.1,27.1,-9.1,2.0,75.0,16.0,0.0,0.2,0.3,-8.7,-5.2,-1.6,-5.2,2.0,7.3,16.0,0.0,0.2,0.3,-1.6,4.0,9.7,4.0,2.0,11.7,16.0,0.0,0.2,0.3,30.0,30.0,157.0,92.0,3.0,107.5,12.0,0.3,0.5,0.4,30.0,30.0,155.0,90.0,3.0,110.0,12.0,0.3,0.5,0.4
1974,2,345.0,-1.0,25.62,26.1,26.71,26.17,3.0,0.8,8.0,0.7,0.6,0.7,26.56,26.7,27.59,27.07,3.0,0.81,8.0,0.7,0.6,0.7,18.22,18.22,18.22,18.22,1.0,0.0,6.0,0.0,0.4,0.7,83.1,83.1,83.1,83.1,1.0,0.0,6.0,0.0,0.7,2.27,5.0,5.0,3.67,3.0,2.31,8.0,0.7,0.6,0.7,-4.58,-3.83,-1.22,-2.92,3.0,2.59,8.0,0.7,0.6,0.7,0.91,1.0,2.51,1.69,3.0,1.32,8.0,0.7,0.6,0.7,1009.41,1009.65,1009.89,1009.65,2.0,0.5,6.0,0.5,0.5,0.8,2.3,5.0,6.4,4.3,3.0,3.1,8.0,0.7,0.6,0.7,-22.9,-19.2,-6.1,-14.6,3.0,12.9,8.0,0.7,0.6,0.7,2.1,4.3,12.3,7.1,3.0,7.9,8.0,0.7,0.6,0.7,-1.07,-1.0,-0.73,-0.9,3.0,0.26,8.0,0.7,0.6,0.7,-5.3,-5.0,-2.0,-3.7,3.0,2.7,8.0,0.7,0.6,0.7,2.97,2.97,2.97,2.97,1.0,0.0,6.0,0.0,0.4,0.7,3.0,3.0,3.0,3.0,1.0,0.0,6.0,0.0,0.4,0.7,-123.1,-107.2,-34.0,-79.2,3.0,69.6,8.0,0.7,0.6,0.7,24.2,26.7,69.9,46.6,3.0,37.7,8.0,0.7,0.6,0.7,0.0,0.0,0.0,0.0,1.0,0.0,6.0,0.0,0.4,0.7,18.2,18.2,18.2,18.2,1.0,0.0,6.0,0.0,0.4,0.7,0.0,0.0,0.0,0.0,1.0,0.0,6.0,0.0,0.4,0.7,3.0,3.0,3.0,3.0,1.0,0.0,6.0,0.0,0.4,0.7,40.5,125.0,125.0,83.5,3.0,71.5,8.0,0.7,0.6,0.7,40.0,125.0,125.0,85.0,3.0,70.0,8.0,0.7,0.6,0.7
1974,2,345.0,0.0,,,,,,,,,,,,,,,,,,,,,,,,,,,,,,,,,,,,,,,,1.65,3.05,4.45,3.05,2.0,2.9,20.0,0.5,0.2,0.6,0.33,1.78,3.23,1.78,2.0,3.0,20.0,0.5,0.2,0.6,-2.61,-1.17,0.27,-1.17,2.0,2.98,20.0,0.5,0.2,0.6,1009.72,1009.75,1009.78,1009.75,2.0,0.07,20.0,0.5,0.2,0.6,,,,,,,,,,,,,,,,,,,,,,,,,,,,,,,,,,,,,,,,,,,,,,,,,,,,,,,,,,,,,,,,,,,,,,,,,,,,,,,,,,,,,,,,,,,,,,,,,,,,,,,,,,,,,,,,,,,,,,,,,,,,,,,,,,,,,,,,,,,,,,,,,,,,,,
1974,2,345.0,1.0,,,,,,,,,,,,,,,,,,,,,,,,,,,,,,,,,,,,,,,,3.66,3.8,3.94,3.8,2.0,0.28,14.0,0.0,0.5,0.3,-3.44,-3.09,-2.73,-3.09,2.0,0.73,14.0,0.0,0.5,0.3,0.49,1.53,2.58,1.53,2.0,2.17,14.0,0.0,0.5,0.3,1007.73,1009.1,1010.47,1009.1,2.0,2.83,14.0,0.0,0.5,0.3,,,,,,,,,,,,,,,,,,,,,,,,,,,,,,,,,,,,,,,,,,,,,,,,,,,,,,,,,,,,,,,,,,,,,,,,,,,,,,,,,,,,,,,,,,,,,,,,,,,,,,,,,,,,,,,,,,,,,,,,,,,,,,,,,,,,,,,,,,,,,,,,,,,,,,
1974,2,345.0,2.0,26.07,26.85,27.63,26.85,2.0,1.63,8.0,0.5,0.8,0.2,26.65,27.2,27.54,27.1,3.0,0.66,12.0,0.3,0.7,0.4,18.76,18.97,19.19,18.97,2.0,0.44,8.0,0.5,0.8,0.2,81.7,84.8,87.9,84.8,2.0,6.4,8.0,0.5,0.2,5.19,5.6,6.01,5.6,2.0,0.85,8.0,0.5,0.8,0.2,-4.0,-2.37,-0.75,-2.37,2.0,3.36,8.0,0.5,0.8,0.2,-2.56,0.51,3.57,0.51,2.0,6.35,8.0,0.5,0.8,0.2,1008.47,1009.9,1010.38,1009.43,3.0,1.46,12.0,0.3,0.7,0.4,4.6,6.0,7.4,6.0,3.0,2.0,12.0,0.3,0.7,0.4,-24.8,-14.7,-4.7,-14.7,2.0,20.8,8.0,0.5,0.8,0.2,-16.8,0.1,17.1,0.1,2.0,35.1,8.0,0.5,0.8,0.2,-0.54,-0.2,0.14,-0.2,2.0,0.71,8.0,0.5,0.8,0.2,-3.4,-1.4,0.6,-1.4,2.0,4.1,8.0,0.5,0.8,0.2,2.02,3.26,4.49,3.26,2.0,2.56,8.0,0.5,0.8,0.2,11.6,17.2,22.7,17.2,2.0,11.5,8.0,0.5,0.8,0.2,-105.5,-62.7,-19.9,-62.7,2.0,88.7,8.0,0.5,0.8,0.2,-66.5,16.6,99.8,16.6,2.0,172.3,8.0,0.5,0.8,0.2,-77.1,-45.8,-14.5,-45.8,2.0,64.8,8.0,0.5,0.8,0.2,-49.9,8.2,66.3,8.2,2.0,120.3,8.0,0.5,0.8,0.2,-5.8,-3.4,-1.1,-3.4,2.0,4.9,8.0,0.5,0.8,0.2,-0.8,9.8,20.4,9.8,2.0,22.0,8.0,0.5,0.8,0.2,143.0,181.5,220.5,181.5,2.0,80.0,8.0,0.5,0.8,0.2,145.0,180.0,220.0,180.0,2.0,80.0,8.0,0.5,0.8,0.2
1974,2,345.0,3.0,27.11,28.0,28.68,27.9,3.0,1.15,16.0,0.7,0.9,0.6,26.36,26.5,26.64,26.5,2.0,0.28,16.0,0.5,1.0,0.7,19.1,19.1,19.1,19.1,1.0,0.0,26.0,1.0,1.0,0.5,87.2,87.2,87.2,87.2,1.0,0.0,26.0,1.0,0.5,1.67,3.1,4.4,3.03,3.0,2.0,16.0,0.7,0.9,0.6,-0.35,1.06,3.54,1.59,3.0,2.89,16.0,0.7,0.9,0.6,0.54,1.71,2.53,1.54,3.0,1.46,16.0,0.7,0.9,0.6,1008.13,1011.2,1011.88,1010.03,3.0,2.93,16.0,0.7,0.9,0.6,5.0,7.0,7.7,6.3,3.0,2.1,16.0,0.7,0.9,0.6,0.4,3.3,17.1,8.6,3.0,13.1,16.0,0.7,0.9,0.6,2.7,8.6,8.9,5.9,3.0,5.1,16.0,0.7,0.9,0.6,0.43,1.35,2.27,1.35,2.0,1.91,16.0,0.5,1.0,0.7,0.4,1.4,2.3,1.4,2.0,1.9,16.0,0.5,1.0,0.7,2.84,2.84,2.84,2.84,1.0,0.0,26.0,1.0,1.0,0.5,8.8,8.8,8.8,8.8,1.0,0.0,26.0,1.0,1.0,0.5,-17.6,1.0,19.6,1.0,2.0,38.6,16.0,0.5,1.0,0.7,12.3,38.9,65.4,38.9,2.0,55.0,16.0,0.5,1.0,0.7,20.3,20.3,20.3,20.3,1.0,0.0,26.0,1.0,1.0,0.5,55.7,55.7,55.7,55.7,1.0,0.0,26.0,1.0,1.0,0.5,3.0,3.0,3.0,3.0,1.0,0.0,26.0,1.0,1.0,0.5,8.3,8.3,8.3,8.3,1.0,0.0,26.0,1.0,1.0,0.5,10.0,30.0,95.0,52.0,3.0,65.0,16.0,0.7,0.9,0.6,10.0,30.0,95.0,50.0,3.0,65.0,16.0,0.7,0.9,0.6
1974,2,345.0,4.0,27.63,28.65,30.37,28.75,14.0,1.62,16.0,0.4,0.8,0.6,26.44,27.75,29.0,27.72,14.0,1.61,16.0,0.4,0.8,0.6,16.15,17.32,20.14,17.8,8.0,2.28,16.0,0.4,0.8,0.6,74.7,78.6,89.2,79.7,8.0,10.5,16.0,0.4,0.6,0.0,2.3,4.51,2.63,12.0,2.28,16.0,0.3,0.7,0.6,-0.39,0.7,3.3,1.2,12.0,2.47,16.0,0.3,0.7,0.6,-0.25,0.17,3.26,1.1,12.0,1.93,16.0,0.3,0.7,0.6,1008.22,1009.0,1010.98,1009.64,14.0,1.68,16.0,0.4,0.8,0.6,1.9,6.0,8.0,5.1,13.0,3.0,16.0,0.4,0.8,0.6,-1.2,1.5,13.2,6.2,12.0,14.2,16.0,0.3,0.7,0.6,-0.7,0.3,13.2,5.1,12.0,10.4,16.0,0.3,0.7,0.6,-0.47,0.75,2.58,1.03,14.0,1.51,16.0,0.4,0.8,0.6,-0.3,0.0,7.3,2.8,12.0,5.2,16.0,0.3,0.7,0.6,5.04,7.16,7.79,6.72,8.0,1.66,16.0,0.4,0.8,0.6,0.0,4.9,23.0,12.0,7.0,15.5,16.0,0.4,0.8,0.7,-9.8,19.6,93.9,34.0,12.0,67.5,16.0,0.3,0.7,0.6,-6.6,4.9,89.1,29.7,12.0,53.5,16.0,0.3,0.7,0.6,-1.3,0.0,33.9,14.6,7.0,40.6,16.0,0.4,0.8,0.7,-0.8,0.0,48.7,18.4,7.0,35.3,16.0,0.4,0.8,0.7,-0.5,0.0,7.2,5.0,7.0,16.3,16.0,0.4,0.8,0.7,-0.3,0.0,15.4,4.6,7.0,9.4,16.0,0.4,0.8,0.7,0.0,13.0,98.5,60.5,12.0,103.5,16.0,0.3,0.7,0.6,0.0,15.0,100.0,60.0,12.0,105.0,16.0,0.3,0.7,0.6
1974,2,345.0,5.0,27.2,28.6,30.0,28.52,56.0,1.39,14.0,0.4,0.7,0.5,26.5,27.8,29.0,27.77,55.0,1.37,14.0,0.4,0.7,0.5,17.58,18.55,19.84,18.53,43.0,1.3,14.0,0.4,0.8,0.5,72.4,79.2,85.3,79.3,43.0,6.7,14.0,0.4,0.5,0.86,3.0,5.1,2.93,37.0,1.86,14.0,0.4,0.7,0.5,-0.9,1.3,3.18,1.04,37.0,2.37,14.0,0.4,0.7,0.5,-2.75,-0.35,1.79,-0.49,37.0,2.31,14.0,0.4,0.7,0.5,1007.1,1009.0,1011.0,1009.13,55.0,1.96,14.0,0.4,0.7,0.5,0.0,6.0,8.0,4.8,52.0,3.0,14.0,0.4,0.8,0.5,-1.8,2.3,15.9,4.9,37.0,11.3,14.0,0.4,0.7,0.5,-10.1,-0.2,5.7,-2.4,37.0,10.9,14.0,0.4,0.7,0.5,-0.83,0.9,2.24,0.73,55.0,1.71,14.0,0.4,0.7,0.5,0.0,2.2,9.8,3.4,36.0,6.8,14.0,0.4,0.7,0.5,4.33,5.93,8.22,6.15,43.0,2.17,14.0,0.4,0.8,0.5,1.9,15.4,35.4,19.3,27.0,15.1,14.0,0.5,0.8,0.4,-29.6,40.2,94.9,30.2,36.0,65.7,14.0,0.4,0.7,0.5,-73.1,-9.9,54.3,-13.6,36.0,65.2,14.0,0.4,0.7,0.5,-11.6,6.8,55.5,17.5,27.0,41.0,14.0,0.5,0.8,0.4,-41.6,0.0,42.7,-0.9,27.0,44.8,14.0,0.5,0.8,0.4,-1.0,2.4,22.0,6.3,27.0,17.2,14.0,0.5,0.8,0.4,-12.5,0.0,13.5,1.0,27.0,16.8,14.0,0.5,0.8,0.4,0.5,27.0,132.5,54.5,37.0,68.5,14.0,0.4,0.7,0.5,0.0,25.0,135.0,55.0,37.0,70.0,14.0,0.4,0.7,0.5
1974,2,345.0,6.0,27.49,28.5,29.5,28.38,108.0,1.17,14.0,0.6,0.6,0.5,27.0,28.0,29.01,28.0,114.0,1.17,14.0,0.5,0.6,0.5,17.55,18.79,19.88,18.72,86.0,1.4,14.0,0.6,0.6,0.5,73.5,79.0,84.4,79.2,87.0,6.4,14.0,0.6,0.5,1.0,2.6,4.6,2.84,90.0,1.8,16.0,0.6,0.6,0.5,0.0,1.3,3.12,1.48,90.0,1.9,16.0,0.6,0.6,0.5,-3.1,-1.49,0.0,-1.29,90.0,1.97,16.0,0.6,0.6,0.5,1007.5,1009.1,1011.44,1009.49,110.0,2.19,14.0,0.5,0.6,0.5,0.0,4.0,8.0,3.7,107.0,3.0,14.0,0.6,0.6,0.5,0.0,2.7,13.6,6.4,90.0,10.2,16.0,0.6,0.6,0.5,-12.9,-3.1,0.0,-5.3,90.0,10.5,16.0,0.6,0.6,0.5,-1.02,0.6,1.52,0.37,107.0,1.45,14.0,0.6,0.6,0.5,-2.2,1.2,5.9,1.6,84.0,5.2,16.0,0.6,0.6,0.5,3.78,5.81,7.18,5.61,84.0,2.0,14.0,0.6,0.6,0.5,2.8,14.0,27.5,16.6,63.0,14.9,14.0,0.6,0.6,0.5,0.0,37.6,93.1,41.7,88.0,53.2,16.0,0.6,0.6,0.5,-86.3,-42.3,0.0,-36.4,88.0,55.2,16.0,0.6,0.6,0.5,0.0,22.6,55.6,24.0,64.0,32.9,14.0,0.6,0.6,0.5,-60.5,-21.3,0.0,-22.7,64.0,37.8,14.0,0.6,0.6,0.5,-0.1,6.1,19.2,7.9,63.0,11.8,14.0,0.6,0.6,0.5,-16.2,-5.2,0.3,-7.2,63.0,15.7,14.0,0.6,0.6,0.5,1.0,17.5,97.5,52.5,90.0,87.0,16.0,0.6,0.6,0.5,0.0,20.0,95.0,55.0,90.0,85.0,16.0,0.6,0.6,0.5
1974,2,345.0,7.0,27.0,28.0,29.0,27.97,92.0,1.13,14.0,0.5,0.5,0.4,26.49,27.4,28.3,27.35,95.0,1.25,14.0,0.5,0.5,0.4,17.21,18.24,18.86,18.11,66.0,1.38,14.0,0.5,0.5,0.4,73.4,78.8,84.4,78.8,69.0,6.1,14.0,0.5,0.4,0.0,2.6,4.06,2.39,73.0,1.82,14.0,0.5,0.5,0.4,0.0,1.0,2.65,1.3,73.0,1.78,14.0,0.5,0.5,0.4,-2.69,-0.98,0.0,-1.03,73.0,1.79,14.0,0.5,0.5,0.4,1007.2,1009.8,1011.8,1009.72,89.0,2.23,14.0,0.5,0.5,0.4,0.0,3.0,8.0,3.3,91.0,3.1,14.0,0.5,0.5,0.4,0.0,1.9,10.5,5.5,73.0,9.5,14.0,0.5,0.5,0.4,-8.5,-1.7,0.0,-3.6,73.0,8.4,14.0,0.5,0.5,0.4,-0.5,0.6,1.7,0.57,91.0,1.23,14.0,0.5,0.5,0.4,-0.8,1.2,6.0,2.1,70.0,4.3,14.0,0.5,0.5,0.4,3.62,5.62,7.3,5.51,66.0,1.92,14.0,0.5,0.5,0.4,0.0,12.2,24.3,13.5,50.0,12.9,14.0,0.5,0.4,0.4,0.0,26.4,75.5,35.8,72.0,48.4,14.0,0.5,0.5,0.4,-72.1,-29.1,0.0,-28.3,72.0,48.6,14.0,0.5,0.5,0.4,0.0,15.2,47.9,21.5,50.0,32.8,14.0,0.5,0.4,0.4,-48.9,-18.9,0.0,-20.4,50.0,26.8,14.0,0.5,0.4,0.4,0.0,4.6,16.3,7.7,50.0,12.5,14.0,0.5,0.4,0.4,-16.1,-6.3,0.0,-7.4,50.0,9.0,14.0,0.5,0.4,0.4,0.0,17.5,67.0,40.0,73.0,70.5,14.0,0.5,0.5,0.4,0.0,20.0,65.0,40.0,73.0,70.0,14.0,0.5,0.5,0.4
1974,2,345.0,8.0,26.46,27.3,28.19,27.23,55.0,1.31,14.0,0.6,0.5,0.2,26.5,27.0,28.8,27.38,53.0,1.23,14.0,0.6,0.5,0.2,15.77,17.52,18.92,17.47,34.0,1.66,14.0,0.5,0.4,0.2,69.9,78.5,85.2,77.8,38.0,7.7,14.0,0.6,0.2,0.98,2.6,4.6,2.75,45.0,2.05,14.0,0.6,0.5,0.3,0.0,1.53,3.98,1.8,45.0,2.05,14.0,0.6,0.5,0.3,-2.33,-0.69,0.18,-0.97,45.0,1.85,14.0,0.6,0.5,0.3,1007.81,1009.6,1011.88,1009.91,52.0,2.23,14.0,0.6,0.5,0.2,0.0,0.5,7.0,2.4,56.0,3.1,14.0,0.6,0.5,0.2,0.0,3.1,18.4,8.1,45.0,11.6,14.0,0.6,0.5,0.3,-9.6,-0.9,0.2,-4.6,45.0,9.8,14.0,0.6,0.5,0.3,-1.57,0.05,1.0,-0.18,52.0,1.61,14.0,0.6,0.4,0.2,-2.7,0.0,2.4,-1.0,42.0,6.7,14.0,0.5,0.4,0.2,3.08,5.27,6.87,4.93,34.0,2.54,14.0,0.5,0.4,0.2,2.8,8.2,29.9,13.2,30.0,14.8,14.0,0.6,0.4,0.2,0.0,48.8,112.5,52.0,43.0,56.2,14.0,0.6,0.4,0.3,-71.6,-20.8,1.7,-28.3,43.0,50.8,14.0,0.6,0.4,0.3,0.0,17.8,60.8,29.0,30.0,28.9,14.0,0.6,0.4,0.2,-51.4,-18.2,10.1,-18.8,30.0,34.7,14.0,0.6,0.4,0.2,0.0,4.7,19.4,8.0,30.0,11.6,14.0,0.6,0.4,0.2,-17.2,-4.7,4.7,-5.8,30.0,12.7,14.0,0.6,0.4,0.2,1.0,17.5,97.5,57.5,45.0,89.0,14.0,0.6,0.5,0.3,0.0,20.0,95.0,60.0,45.0,90.0,14.0,0.6,0.5,0.3
1974,2,345.0,9.0,,,,,,,,,,,,,,,,,,,,,,,,,,,,,,,,,,,,,,,,3.48,4.0,4.52,4.0,4.0,0.82,20.0,0.5,0.4,0.6,-2.68,0.78,3.92,0.63,4.0,3.93,20.0,0.5,0.4,0.6,-2.16,-1.54,0.71,-0.76,4.0,2.3,20.0,0.5,0.4,0.6,1010.27,1011.35,1011.85,1011.08,4.0,1.02,20.0,0.5,0.4,0.6,,,,,,,,,,,,,,,,,,,,,,,,,,,,,,,,,,,,,,,,,,,,,,,,,,,,,,,,,,,,,,,,,,,,,,,,,,,,,,,,,,,,,,,,,,,,,,,,,,,,,,,,,,,,,,,,,,,,,,,,,,,,,,,,,,,,,,,,,,,,,,,,,,,,,,
1974,2,345.0,25.0,16.32,17.0,17.68,17.0,2.0,1.41,24.0,0.0,0.1,0.7,15.06,15.2,15.34,15.2,2.0,0.28,24.0,0.0,0.1,0.7,7.22,7.22,7.22,7.22,1.0,0.0,26.0,0.0,0.1,0.7,68.2,68.2,68.2,68.2,1.0,0.0,26.0,0.0,0.7,6.75,6.85,6.95,6.85,2.0,0.21,24.0,0.0,0.1,0.7,-5.46,-4.18,-2.89,-4.18,2.0,2.67,24.0,0.0,0.1,0.7,-5.85,-4.9,-3.94,-4.9,2.0,1.98,24.0,0.0,0.1,0.7,1012.28,1014.6,1016.92,1014.6,2.0,4.81,24.0,0.0,0.1,0.7,0.3,1.0,1.7,1.0,2.0,1.4,24.0,0.0,0.1,0.7,-38.1,-28.9,-19.7,-28.9,2.0,19.1,24.0,0.0,0.1,0.7,-39.4,-33.3,-27.3,-33.3,2.0,12.5,24.0,0.0,0.1,0.7,1.25,1.8,2.35,1.8,2.0,1.13,24.0,0.0,0.1,0.7,8.5,12.5,16.4,12.5,2.0,8.1,24.0,0.0,0.1,0.7,4.09,4.09,4.09,4.09,1.0,0.0,26.0,0.0,0.1,0.7,27.4,27.4,27.4,27.4,1.0,0.0,26.0,0.0,0.1,0.7,-84.0,-63.9,-43.7,-63.9,2.0,41.7,24.0,0.0,0.1,0.7,-88.0,-74.2,-60.3,-74.2,2.0,28.7,24.0,0.0,0.1,0.7,-16.5,-16.5,-16.5,-16.5,1.0,0.0,26.0,0.0,0.1,0.7,-45.4,-45.4,-45.4,-45.4,1.0,0.0,26.0,0.0,0.1,0.7,-9.4,-9.4,-9.4,-9.4,1.0,0.0,26.0,0.0,0.1,0.7,-25.7,-25.7,-25.7,-25.7,1.0,0.0,26.0,0.0,0.1,0.7,307.5,322.0,336.5,322.0,2.0,30.0,24.0,0.0,0.1,0.7,305.0,320.0,335.0,320.0,2.0,30.0,24.0,0.0,0.1,0.7
1974,2,345.0,26.0,16.48,18.0,19.37,18.1,69.0,1.45,16.0,0.6,0.4,0.5,16.53,17.7,20.0,17.99,72.0,1.84,14.0,0.6,0.4,0.5,8.61,10.2,10.87,9.91,34.0,1.2,14.0,0.5,0.4,0.5,69.7,78.2,85.8,77.9,35.0,9.4,14.0,0.5,0.5,4.0,7.7,10.0,7.32,69.0,3.13,14.0,0.6,0.4,0.5,-5.63,-2.6,0.0,-2.73,69.0,3.18,14.0,0.6,0.4,0.5,-8.97,-5.36,-1.39,-5.06,69.0,4.52,14.0,0.6,0.4,0.5,1016.13,1022.35,1024.21,1020.44,70.0,5.38,14.0,0.6,0.4,0.5,0.0,1.5,6.0,2.6,66.0,2.7,14.0,0.6,0.5,0.5,-52.1,-17.7,0.0,-23.6,69.0,31.7,14.0,0.6,0.4,0.5,-86.5,-42.2,-3.8,-45.4,69.0,52.3,14.0,0.6,0.4,0.5,-2.0,0.05,2.77,0.14,68.0,2.3,14.0,0.6,0.4,0.5,-15.4,0.0,16.8,0.3,63.0,17.7,14.0,0.6,0.4,0.5,1.5,3.25,4.5,3.14,32.0,1.59,14.0,0.6,0.4,0.5,6.0,14.0,38.2,19.1,31.0,14.2,12.0,0.5,0.4,0.5,-99.7,-46.9,0.0,-46.1,67.0,58.6,14.0,0.6,0.4,0.5,-158.8,-91.1,-22.1,-87.9,67.0,85.1,14.0,0.6,0.4,0.5,-46.8,-26.3,0.0,-19.0,33.0,28.6,12.0,0.5,0.4,0.5,-81.0,-45.4,-17.1,-43.3,33.0,43.0,12.0,0.5,0.4,0.5,-17.2,-4.5,0.0,-7.7,31.0,11.2,12.0,0.5,0.4,0.5,-28.6,-11.3,-3.2,-13.7,31.0,14.1,12.0,0.5,0.4,0.5,64.0,456.5,1000.0,605.5,69.0,696.0,14.0,0.6,0.4,0.5,65.0,455.0,1000.0,605.0,69.0,695.0,14.0,0.6,0.4,0.5
1974,2,345.0,27.0,17.0,18.1,20.11,18.59,49.0,1.64,16.0,0.6,0.6,0.3,16.23,17.2,19.51,17.63,47.0,1.64,16.0,0.6,0.6,0.3,7.83,9.19,9.77,8.87,17.0,1.02,16.0,0.5,0.6,0.3,65.0,75.4,81.4,74.3,19.0,9.0,16.0,0.6,0.3,5.0,8.0,10.57,7.81,48.0,2.9,16.0,0.6,0.6,0.3,-6.14,-2.17,0.58,-2.32,48.0,3.78,16.0,0.6,0.6,0.3,-9.16,-6.34,-0.73,-5.11,48.0,4.93,16.0,0.6,0.6,0.3,1014.13,1021.2,1025.9,1020.31,47.0,6.14,16.0,0.5,0.6,0.3,0.0,3.0,7.0,3.5,43.0,3.0,16.0,0.6,0.6,0.3,-50.5,-16.3,3.6,-20.1,48.0,37.3,16.0,0.6,0.6,0.3,-91.1,-46.0,-1.7,-48.0,48.0,52.1,16.0,0.6,0.6,0.3,-0.74,1.0,2.97,1.0,47.0,1.85,16.0,0.6,0.6,0.3,-6.1,8.1,21.7,9.1,46.0,15.1,16.0,0.6,0.6,0.3,2.73,3.53,6.0,4.09,17.0,1.56,16.0,0.5,0.6,0.3,18.9,27.2,54.7,33.4,17.0,20.3,16.0,0.5,0.6,0.3,-102.6,-35.3,16.9,-40.2,46.0,66.6,16.0,0.6,0.6,0.3,-157.4,-114.0,-12.1,-87.5,46.0,86.4,16.0,0.6,0.6,0.3,-46.0,-20.3,25.1,-15.9,17.0,44.8,16.0,0.5,0.6,0.3,-91.0,-57.0,-13.5,-49.0,17.0,37.5,16.0,0.5,0.6,0.3,-28.3,-6.1,9.1,-8.1,17.0,21.1,16.0,0.5,0.6,0.3,-43.6,-20.3,-5.0,-23.8,17.0,22.0,16.0,0.5,0.6,0.3,125.0,512.0,1183.0,664.0,48.0,599.0,16.0,0.6,0.6,0.3,125.0,510.0,1185.0,665.0,48.0,600.0,16.0,0.6,0.6,0.3
1974,2,345.0,28.0,17.0,18.4,19.76,18.47,88.0,1.24,12.0,0.6,0.3,0.4,16.2,17.5,19.3,17.91,92.0,1.81,12.0,0.6,0.3,0.4,7.68,9.56,11.14,9.52,34.0,1.54,14.0,0.6,0.3,0.6,62.9,79.1,89.5,77.1,34.0,11.6,14.0,0.6,0.6,3.0,8.0,11.28,7.41,87.0,3.99,12.0,0.6,0.3,0.5,-6.13,-3.14,0.0,-2.79,87.0,3.58,12.0,0.6,0.3,0.5,-9.42,-5.8,0.0,-5.2,87.0,4.85,12.0,0.6,0.3,0.5,1016.73,1022.55,1026.85,1022.08,94.0,6.1,12.0,0.6,0.3,0.4,1.0,4.0,7.0,4.2,80.0,2.7,12.0,0.7,0.3,0.5,-56.6,-22.4,0.0,-24.7,87.0,39.3,12.0,0.6,0.3,0.5,-93.9,-41.1,0.0,-52.1,87.0,62.3,12.0,0.6,0.3,0.5,-1.3,0.9,2.4,0.45,86.0,2.25,12.0,0.6,0.3,0.4,-7.4,3.3,21.1,6.0,79.0,16.0,12.0,0.6,0.3,0.5,2.32,3.34,4.96,3.47,33.0,1.4,14.0,0.6,0.3,0.6,8.6,23.4,47.1,27.3,32.0,19.5,14.0,0.6,0.3,0.6,-109.0,-54.0,0.0,-47.3,85.0,62.5,12.0,0.6,0.3,0.5,-171.5,-103.9,0.0,-92.2,85.0,86.4,12.0,0.6,0.3,0.5,-64.3,-23.6,0.0,-24.0,33.0,37.0,14.0,0.6,0.3,0.6,-99.8,-54.4,-9.0,-54.6,33.0,44.8,14.0,0.6,0.3,0.6,-19.3,-8.3,0.0,-9.4,32.0,14.7,14.0,0.6,0.3,0.6,-37.7,-20.1,-3.0,-22.0,32.0,18.5,14.0,0.6,0.3,0.6,27.0,512.0,1441.0,751.5,87.0,918.5,12.0,0.6,0.3,0.5,25.0,510.0,1440.0,750.0,87.0,920.0,12.0,0.6,0.3,0.5
1974,2,345.0,29.0,17.0,18.1,19.0,18.12,147.0,1.02,14.0,0.5,0.5,0.5,16.13,17.05,19.0,17.48,154.0,1.48,14.0,0.5,0.5,0.5,7.62,9.0,10.65,9.01,102.0,1.52,16.0,0.5,0.4,0.5,61.0,73.5,85.2,73.4,103.0,11.1,16.0,0.5,0.5,3.6,8.0,11.87,7.74,150.0,3.94,14.0,0.5,0.5,0.5,-5.8,-1.56,2.02,-1.93,150.0,3.7,14.0,0.5,0.5,0.5,-10.17,-6.02,0.0,-5.44,150.0,5.35,14.0,0.5,0.5,0.5,1015.43,1023.2,1026.11,1021.28,155.0,6.1,14.0,0.5,0.5,0.5,1.0,4.0,7.0,4.2,150.0,2.5,14.0,0.5,0.5,0.5,-58.3,-6.3,10.9,-18.2,150.0,37.8,14.0,0.5,0.5,0.5,-106.1,-45.2,0.0,-56.2,150.0,67.6,14.0,0.5,0.5,0.5,-0.63,0.8,2.0,0.61,144.0,1.55,14.0,0.5,0.5,0.5,-3.8,3.7,17.8,5.5,137.0,14.8,14.0,0.5,0.5,0.5,2.3,3.75,5.25,3.84,99.0,1.5,16.0,0.5,0.4,0.5,9.8,27.3,54.7,32.5,94.0,23.9,16.0,0.5,0.4,0.5,-106.8,-24.0,33.9,-33.0,147.0,64.4,14.0,0.5,0.5,0.5,-178.7,-106.6,0.0,-96.0,147.0,92.3,14.0,0.5,0.5,0.5,-45.8,-10.3,17.8,-14.4,97.0,34.8,16.0,0.5,0.4,0.5,-89.2,-51.9,0.0,-45.9,97.0,52.1,16.0,0.5,0.4,0.5,-22.9,-4.4,6.3,-7.8,94.0,16.1,16.0,0.5,0.4,0.5,-51.1,-20.5,0.0,-24.6,94.0,26.5,16.0,0.5,0.4,0.5,46.5,512.0,1673.0,813.5,150.0,913.0,14.0,0.5,0.5,0.5,45.0,510.0,1675.0,815.0,150.0,915.0,14.0,0.5,0.5,0.5
1974,2,345.0,30.0,17.0,18.0,18.67,17.84,155.0,1.0,14.0,0.5,0.6,0.5,16.0,17.0,18.05,17.1,157.0,1.35,16.0,0.5,0.6,0.5,7.17,8.49,9.93,8.57,115.0,1.4,16.0,0.5,0.6,0.5,60.5,70.8,83.6,71.6,115.0,10.8,16.0,0.5,0.5,4.0,7.0,11.26,7.47,153.0,3.74,16.0,0.5,0.6,0.5,-5.61,-1.91,1.48,-1.85,153.0,3.73,16.0,0.5,0.6,0.5,-10.3,-5.13,0.0,-5.03,153.0,5.23,16.0,0.5,0.6,0.5,1016.32,1023.4,1026.3,1021.79,161.0,6.0,16.0,0.5,0.6,0.5,1.0,4.0,7.0,4.4,155.0,2.6,14.0,0.5,0.6,0.5,-45.4,-9.9,9.0,-14.5,153.0,41.4,16.0,0.5,0.6,0.5,-113.8,-33.3,0.0,-50.2,153.0,66.9,16.0,0.5,0.6,0.5,-1.0,0.9,2.0,0.71,151.0,1.57,16.0,0.5,0.6,0.5,-6.4,3.9,14.8,5.0,143.0,13.3,16.0,0.5,0.6,0.5,2.31,3.99,5.38,3.99,112.0,1.51,16.0,0.5,0.6,0.5,13.2,24.5,45.7,29.4,106.0,18.9,16.0,0.5,0.6,0.5,-95.5,-36.0,20.8,-33.5,149.0,63.4,16.0,0.5,0.6,0.5,-177.9,-89.6,0.0,-86.6,149.0,91.2,16.0,0.5,0.6,0.5,-47.9,-19.1,10.3,-17.4,109.0,31.5,16.0,0.5,0.5,0.5,-90.1,-42.3,-4.5,-42.1,109.0,46.6,16.0,0.5,0.5,0.5,-21.5,-8.6,4.6,-8.1,106.0,13.8,16.0,0.5,0.6,0.5,-41.9,-17.0,-0.8,-21.3,106.0,22.8,16.0,0.5,0.6,0.5,64.0,343.0,1429.0,748.0,153.0,989.5,16.0,0.5,0.6,0.5,65.0,345.0,1430.0,750.0,153.0,990.0,16.0,0.5,0.6,0.5
1974,2,345.0,31.0,16.8,17.7,18.5,17.65,157.0,1.07,16.0,0.5,0.6,0.4,15.4,16.5,18.0,16.75,158.0,1.36,16.0,0.5,0.6,0.4,6.92,8.39,10.44,8.59,124.0,1.62,16.0,0.6,0.6,0.4,60.9,73.0,88.0,73.1,124.0,11.5,16.0,0.6,0.4,4.1,7.2,11.01,7.59,152.0,3.55,16.0,0.6,0.6,0.4,-6.28,-1.75,2.33,-1.65,152.0,4.09,16.0,0.6,0.6,0.4,-9.68,-5.19,0.0,-5.13,152.0,4.97,16.0,0.6,0.6,0.4,1016.09,1023.35,1026.78,1021.8,160.0,6.23,16.0,0.6,0.6,0.4,2.0,5.0,8.0,5.0,158.0,2.3,16.0,0.6,0.6,0.4,-51.4,-9.4,16.7,-11.0,152.0,41.1,16.0,0.6,0.6,0.4,-99.7,-33.3,0.0,-51.9,152.0,66.3,16.0,0.6,0.6,0.4,-0.56,1.0,2.1,0.88,155.0,1.45,16.0,0.5,0.6,0.4,-3.2,6.3,20.1,8.0,147.0,13.1,16.0,0.6,0.6,0.4,1.97,4.05,5.28,3.8,122.0,1.71,16.0,0.5,0.6,0.4,9.6,23.9,47.9,29.2,116.0,22.6,16.0,0.6,0.6,0.4,-102.0,-32.2,38.5,-28.2,150.0,69.5,16.0,0.6,0.6,0.4,-153.3,-83.5,0.0,-83.5,150.0,81.8,16.0,0.6,0.6,0.4,-44.7,-14.6,18.6,-13.0,118.0,36.9,16.0,0.6,0.6,0.4,-79.2,-36.4,0.0,-37.4,118.0,43.7,16.0,0.6,0.6,0.4,-23.7,-3.9,8.1,-5.6,116.0,16.8,16.0,0.6,0.6,0.4,-42.8,-15.9,0.0,-21.5,116.0,24.3,16.0,0.6,0.6,0.4,69.0,373.0,1335.0,746.5,152.0,1013.5,16.0,0.6,0.6,0.4,70.0,375.0,1335.0,745.0,152.0,1015.0,16.0,0.6,0.6,0.4
1974,2,345.0,32.0,16.5,17.2,18.19,17.36,96.0,0.97,16.0,0.5,0.7,0.4,15.0,16.1,17.7,16.43,96.0,1.49,16.0,0.5,0.7,0.4,6.46,8.02,9.83,8.14,76.0,1.57,16.0,0.6,0.7,0.4,58.9,71.9,85.1,71.8,76.0,12.8,16.0,0.6,0.4,4.6,7.7,12.3,7.92,97.0,3.76,16.0,0.5,0.7,0.4,-5.74,-2.74,1.92,-2.2,97.0,4.1,16.0,0.5,0.7,0.4,-11.24,-5.1,0.0,-5.35,97.0,5.19,16.0,0.5,0.7,0.4,1017.32,1022.5,1028.26,1021.74,98.0,6.2,16.0,0.5,0.7,0.4,3.0,6.0,8.0,5.4,95.0,2.2,16.0,0.5,0.7,0.4,-48.3,-16.7,7.3,-16.4,97.0,43.2,16.0,0.5,0.7,0.4,-138.5,-37.5,0.0,-56.6,97.0,72.1,16.0,0.5,0.7,0.4,-0.82,1.1,2.52,0.91,95.0,1.68,16.0,0.5,0.7,0.4,-4.6,5.8,18.9,8.4,94.0,17.9,16.0,0.5,0.7,0.4,2.52,3.92,5.66,4.04,75.0,1.57,16.0,0.6,0.7,0.4,10.2,27.9,57.7,32.5,74.0,22.2,16.0,0.6,0.7,0.4,-98.1,-46.1,24.6,-37.7,95.0,68.0,16.0,0.5,0.7,0.4,-162.3,-83.9,0.0,-84.5,95.0,82.4,16.0,0.5,0.7,0.4,-48.5,-19.5,16.0,-16.3,75.0,36.1,16.0,0.6,0.7,0.4,-82.8,-42.3,0.0,-41.4,75.0,45.4,16.0,0.6,0.7,0.4,-23.4,-7.8,7.9,-7.3,74.0,18.3,16.0,0.6,0.7,0.4,-52.4,-20.0,0.0,-23.3,74.0,25.0,16.0,0.6,0.7,0.4,97.5,456.5,1861.0,851.5,97.0,1111.0,16.0,0.5,0.7,0.4,95.0,455.0,1860.0,850.0,97.0,1110.0,16.0,0.5,0.7,0.4
1974,2,345.0,33.0,16.26,17.0,18.0,17.06,44.0,0.83,18.0,0.5,0.7,0.4,14.65,16.0,16.97,16.07,47.0,1.35,18.0,0.6,0.7,0.4,6.71,8.11,10.03,8.31,33.0,1.43,18.0,0.6,0.8,0.4,61.2,72.7,85.9,73.7,34.0,10.9,18.0,0.6,0.4,4.03,6.7,12.15,7.8,47.0,4.11,16.0,0.6,0.7,0.4,-6.07,-1.74,2.28,-1.41,47.0,4.96,16.0,0.6,0.7,0.4,-9.85,-3.12,2.7,-3.33,47.0,6.41,16.0,0.6,0.7,0.4,1014.6,1022.75,1028.2,1021.47,48.0,6.82,16.0,0.5,0.7,0.4,4.0,7.0,8.0,6.0,45.0,2.4,16.0,0.6,0.8,0.3,-50.7,-6.5,21.0,-6.5,47.0,56.5,16.0,0.6,0.7,0.4,-106.2,-22.5,15.0,-35.9,47.0,89.1,16.0,0.6,0.7,0.4,0.07,1.0,2.1,1.03,43.0,1.44,18.0,0.6,0.7,0.4,0.3,5.6,15.4,7.6,41.0,12.8,18.0,0.6,0.7,0.4,2.04,4.09,5.11,3.67,31.0,1.5,18.0,0.6,0.8,0.4,10.1,19.8,43.7,25.8,30.0,19.5,18.0,0.6,0.8,0.4,-106.3,-28.3,35.2,-24.3,45.0,84.8,16.0,0.6,0.7,0.4,-141.1,-55.9,42.5,-52.0,45.0,101.9,16.0,0.6,0.7,0.4,-47.7,-12.7,22.0,-13.4,32.0,40.8,18.0,0.6,0.8,0.4,-76.3,-25.9,7.9,-27.2,32.0,43.1,18.0,0.6,0.8,0.4,-18.4,-7.8,8.8,-5.0,30.0,17.9,18.0,0.6,0.8,0.4,-33.2,-9.0,2.8,-13.2,30.0,23.4,18.0,0.6,0.8,0.4,65.5,301.0,1795.5,916.0,47.0,1373.5,16.0,0.6,0.7,0.4,65.0,300.0,1795.0,915.0,47.0,1375.0,16.0,0.6,0.7,0.4
1974,2,345.0,34.0,15.93,17.0,18.0,16.86,31.0,1.22,14.0,0.6,0.6,0.4,15.04,16.2,17.76,16.33,35.0,1.73,14.0,0.6,0.6,0.4,6.63,8.99,10.23,8.58,15.0,1.72,12.0,0.7,0.6,0.3,60.7,73.1,84.6,72.3,16.0,10.7,12.0,0.7,0.3,2.96,6.7,11.23,6.99,37.0,3.88,14.0,0.6,0.6,0.4,-3.18,0.0,7.37,1.22,37.0,5.57,14.0,0.6,0.6,0.4,-7.58,-3.12,0.97,-2.77,37.0,4.99,14.0,0.6,0.6,0.4,1016.97,1023.1,1026.13,1021.86,36.0,5.99,14.0,0.6,0.6,0.4,2.0,6.5,8.0,5.6,32.0,2.6,14.0,0.7,0.6,0.4,-16.0,0.0,72.8,18.2,37.0,63.1,14.0,0.6,0.6,0.4,-89.7,-11.2,3.2,-21.3,37.0,55.9,14.0,0.6,0.6,0.4,-0.96,0.7,2.0,0.57,29.0,1.55,14.0,0.6,0.6,0.4,-6.3,1.1,11.8,2.7,29.0,11.0,14.0,0.6,0.6,0.4,2.65,3.77,5.3,3.76,14.0,1.48,12.0,0.7,0.6,0.3,9.3,24.3,40.6,23.6,14.0,16.2,12.0,0.7,0.6,0.3,-54.6,0.0,112.2,14.2,35.0,93.2,14.0,0.6,0.6,0.4,-120.6,-44.0,21.7,-37.7,35.0,81.6,14.0,0.6,0.6,0.4,-23.3,0.0,66.8,12.5,15.0,39.2,12.0,0.7,0.6,0.3,-59.1,-27.6,4.7,-22.8,15.0,39.3,12.0,0.7,0.6,0.3,-13.5,2.1,21.2,3.9,14.0,19.2,12.0,0.7,0.6,0.3,-34.6,-14.6,0.4,-14.4,14.0,16.0,12.0,0.7,0.6,0.3,26.5,301.0,1420.5,668.0,37.0,882.0,14.0,0.6,0.6,0.4,25.0,300.0,1420.0,670.0,37.0,880.0,14.0,0.6,0.6,0.4
1974,2,345.0,35.0,14.0,15.7,16.37,15.45,18.0,1.15,12.0,0.6,0.6,0.5,13.09,15.4,16.07,15.14,19.0,1.34,14.0,0.5,0.6,0.5,5.82,7.87,9.25,7.52,13.0,1.84,14.0,0.5,0.6,0.6,57.9,73.1,83.5,71.2,13.0,13.7,14.0,0.5,0.6,4.01,7.95,10.3,7.51,20.0,3.58,14.0,0.6,0.7,0.5,-2.29,3.25,7.42,2.66,20.0,4.58,14.0,0.6,0.7,0.5,-8.91,-4.31,0.89,-3.64,20.0,5.46,14.0,0.6,0.7,0.5,1019.04,1023.5,1027.39,1022.76,20.0,6.15,14.0,0.6,0.7,0.5,2.0,4.0,8.0,4.6,19.0,2.6,14.0,0.6,0.7,0.5,-10.5,17.1,82.7,27.8,20.0,46.4,14.0,0.6,0.7,0.5,-98.7,-22.2,3.7,-37.8,20.0,62.6,14.0,0.6,0.7,0.5,-1.0,0.5,1.15,0.14,17.0,1.24,12.0,0.5,0.6,0.5,-8.3,1.5,6.2,0.8,17.0,8.2,12.0,0.5,0.6,0.5,1.85,3.12,4.65,3.26,12.0,1.36,12.0,0.6,0.6,0.6,11.6,22.4,38.9,23.0,12.0,12.4,12.0,0.6,0.6,0.6,-36.8,40.0,102.4,40.0,19.0,72.1,14.0,0.5,0.6,0.5,-132.4,-58.2,17.2,-48.0,19.0,80.8,14.0,0.5,0.6,0.5,-12.9,14.9,49.1,17.9,13.0,37.7,14.0,0.5,0.6,0.6,-69.1,-32.3,4.2,-26.3,13.0,43.0,14.0,0.5,0.6,0.6,-13.3,9.0,15.2,4.9,12.0,16.0,12.0,0.6,0.6,0.6,-27.4,-11.7,3.8,-11.9,12.0,17.2,12.0,0.6,0.6,0.6,64.5,516.0,1092.5,710.5,20.0,838.5,14.0,0.6,0.7,0.5,65.0,515.0,1095.0,710.0,20.0,840.0,14.0,0.6,0.7,0.5
1974,2,345.0,36.0,14.0,15.05,16.52,15.3,30.0,1.24,14.0,0.6,0.7,0.4,13.39,14.65,17.1,15.2,32.0,1.89,12.0,0.6,0.7,0.4,5.67,7.2,9.77,7.6,18.0,2.16,18.0,0.6,0.6,0.4,56.5,75.3,87.5,72.9,18.0,16.2,18.0,0.6,0.4,2.9,6.0,10.42,6.72,31.0,4.3,12.0,0.6,0.7,0.4,-1.56,2.3,7.71,2.7,31.0,4.56,12.0,0.6,0.7,0.4,-8.34,-2.68,1.82,-2.67,31.0,5.43,12.0,0.6,0.7,0.4,1020.76,1024.55,1029.91,1025.12,32.0,5.41,12.0,0.6,0.7,0.4,1.8,6.0,7.2,4.8,31.0,2.6,12.0,0.6,0.7,0.4,-6.5,8.9,92.6,28.4,31.0,47.5,12.0,0.6,0.7,0.4,-71.1,-9.0,14.2,-26.7,31.0,69.9,12.0,0.6,0.7,0.4,-2.1,0.0,2.24,0.16,30.0,2.1,14.0,0.6,0.7,0.4,-12.4,0.0,10.8,1.8,29.0,14.1,12.0,0.6,0.7,0.4,1.14,4.07,5.23,3.51,17.0,1.95,18.0,0.6,0.6,0.4,8.9,15.9,37.8,23.2,16.0,20.5,18.0,0.6,0.6,0.4,-22.4,35.9,109.0,41.9,31.0,68.1,12.0,0.6,0.7,0.4,-120.5,-35.7,30.2,-38.2,31.0,79.9,12.0,0.6,0.7,0.4,-14.6,12.3,52.5,17.3,17.0,45.5,16.0,0.6,0.6,0.4,-43.4,-16.3,18.0,-17.2,17.0,43.4,16.0,0.6,0.6,0.4,-10.9,2.2,16.0,3.2,16.0,14.4,18.0,0.6,0.6,0.4,-36.3,-10.0,2.0,-15.1,16.0,23.1,18.0,0.6,0.6,0.4,24.5,216.0,1132.5,691.5,31.0,1047.0,12.0,0.6,0.7,0.4,25.0,215.0,1135.0,690.0,31.0,1045.0,12.0,0.6,0.7,0.4
1974,2,345.0,37.0,14.52,15.2,16.0,15.24,15.0,1.15,14.0,0.7,0.6,0.5,14.11,15.0,15.55,14.9,17.0,1.03,14.0,0.7,0.6,0.5,6.34,7.53,9.79,7.94,13.0,1.52,14.0,0.8,0.6,0.5,65.2,71.8,85.3,76.5,13.0,12.0,14.0,0.8,0.5,4.6,7.2,11.46,7.91,17.0,3.64,14.0,0.7,0.6,0.5,-3.74,4.53,9.5,3.39,17.0,6.15,14.0,0.7,0.6,0.5,-5.07,-0.8,2.75,-0.79,17.0,5.39,14.0,0.7,0.6,0.5,1016.64,1023.6,1026.05,1022.15,17.0,4.56,14.0,0.7,0.6,0.5,2.5,6.0,8.0,5.5,17.0,2.4,14.0,0.7,0.6,0.5,-19.1,20.8,109.4,37.2,17.0,64.1,14.0,0.7,0.6,0.5,-33.9,-3.7,29.8,-5.5,17.0,66.0,14.0,0.7,0.6,0.5,-0.39,0.2,1.8,0.49,15.0,1.43,14.0,0.7,0.6,0.5,-4.0,1.1,9.1,1.7,15.0,11.9,14.0,0.7,0.6,0.5,1.05,3.15,3.94,2.6,13.0,1.49,14.0,0.8,0.6,0.5,5.2,15.9,30.7,18.7,13.0,14.3,14.0,0.8,0.6,0.5,-53.7,64.3,149.1,53.6,17.0,94.2,14.0,0.7,0.6,0.5,-76.4,-11.3,43.5,-8.4,17.0,81.3,14.0,0.7,0.6,0.5,-26.1,36.3,84.4,27.8,13.0,47.9,14.0,0.8,0.6,0.5,-35.1,-14.1,20.5,-5.2,13.0,45.0,14.0,0.8,0.6,0.5,-13.3,3.0,24.5,4.8,13.0,17.4,14.0,0.8,0.6,0.5,-13.2,-7.3,3.7,-7.7,13.0,13.9,14.0,0.8,0.6,0.5,97.5,373.0,1514.0,805.5,17.0,928.5,14.0,0.7,0.6,0.5,95.0,375.0,1515.0,805.0,17.0,930.0,14.0,0.7,0.6,0.5
1974,2,345.0,38.0,13.42,14.2,15.08,14.22,11.0,1.08,12.0,0.6,0.6,0.3,12.3,14.75,16.5,14.61,12.0,1.86,12.0,0.7,0.6,0.3,6.63,7.18,7.71,7.27,8.0,1.14,12.0,0.8,0.6,0.3,63.9,66.0,78.0,69.2,8.0,8.9,12.0,0.8,0.3,7.58,11.8,13.37,10.84,11.0,3.63,12.0,0.6,0.6,0.3,0.0,5.1,10.24,4.67,11.0,5.49,12.0,0.6,0.6,0.3,-13.0,-1.7,4.55,-2.8,11.0,8.92,12.0,0.6,0.6,0.3,1016.77,1022.95,1025.96,1021.25,12.0,5.06,12.0,0.7,0.6,0.3,5.3,7.0,7.7,6.3,9.0,1.6,8.0,0.8,0.6,0.3,0.0,47.6,109.6,48.9,11.0,62.7,12.0,0.6,0.6,0.3,-175.0,-16.7,45.0,-48.4,11.0,123.7,12.0,0.6,0.6,0.3,-1.27,-0.6,1.29,-0.25,11.0,1.62,12.0,0.6,0.6,0.3,-12.0,-4.2,19.2,1.2,10.0,20.8,12.0,0.6,0.7,0.3,2.26,2.88,3.49,2.84,8.0,0.68,12.0,0.8,0.6,0.3,19.6,27.3,44.3,32.8,7.0,17.3,14.0,0.7,0.7,0.3,0.0,69.0,140.5,66.7,11.0,81.8,12.0,0.6,0.6,0.3,-159.2,-21.4,66.9,-29.6,11.0,123.4,12.0,0.6,0.6,0.3,-2.2,24.3,74.4,24.5,7.0,44.7,14.0,0.7,0.7,0.3,-92.6,-14.1,30.8,-14.9,7.0,73.1,14.0,0.7,0.7,0.3,-0.8,6.8,36.0,11.0,7.0,21.1,14.0,0.7,0.7,0.3,-29.0,-7.5,13.3,-11.4,7.0,28.6,14.0,0.7,0.7,0.3,448.0,1643.0,2458.5,1653.0,11.0,1408.0,12.0,0.6,0.6,0.3,450.0,1645.0,2460.0,1655.0,11.0,1410.0,12.0,0.6,0.6,0.3
1974,2,345.0,39.0,13.71,14.0,14.42,13.97,6.0,0.53,20.0,0.5,0.7,0.3,11.98,12.5,17.04,13.74,7.0,2.55,18.0,0.4,0.8,0.3,6.66,7.53,7.82,7.24,6.0,1.16,20.0,0.5,0.7,0.3,62.3,72.7,86.7,73.8,6.0,12.6,20.0,0.5,0.3,4.9,7.2,15.1,9.34,7.0,6.08,18.0,0.4,0.8,0.3,-4.4,0.87,6.24,1.56,7.0,7.07,18.0,0.4,0.8,0.3,-14.27,-3.66,0.6,-5.28,7.0,7.31,18.0,0.4,0.8,0.3,1020.38,1021.4,1023.78,1021.71,7.0,2.35,18.0,0.4,0.8,0.3,1.0,3.0,8.0,3.9,7.0,3.1,18.0,0.4,0.8,0.3,-25.9,0.9,104.7,40.1,7.0,92.1,18.0,0.4,0.8,0.3,-207.4,-20.9,2.3,-71.7,7.0,117.9,18.0,0.4,0.8,0.3,-2.79,0.8,2.02,-0.07,6.0,2.56,20.0,0.5,0.7,0.3,-5.7,8.7,17.0,7.1,6.0,14.0,20.0,0.5,0.7,0.3,2.09,2.53,3.05,2.57,6.0,0.94,20.0,0.5,0.7,0.3,10.8,16.7,42.1,25.4,6.0,24.1,20.0,0.5,0.7,0.3,-52.0,15.4,77.1,16.0,7.0,89.7,18.0,0.4,0.8,0.3,-178.3,-42.1,10.0,-65.5,7.0,91.3,18.0,0.4,0.8,0.3,-33.9,-9.0,21.3,-6.7,6.0,29.1,20.0,0.5,0.7,0.3,-87.2,-35.7,0.9,-42.8,6.0,44.8,20.0,0.5,0.7,0.3,-10.9,-4.5,9.7,-0.5,6.0,14.0,20.0,0.5,0.7,0.3,-40.8,-13.0,0.1,-20.8,6.0,25.3,20.0,0.5,0.7,0.3,126.5,373.0,3448.5,1709.5,7.0,2007.5,18.0,0.4,0.8,0.3,125.0,375.0,3450.0,1710.0,7.0,2005.0,18.0,0.4,0.8,0.3
1974,2,345.0,40.0,12.95,14.0,15.86,14.41,7.0,1.77,12.0,0.7,0.6,0.3,11.58,14.2,15.87,13.72,9.0,2.21,14.0,0.6,0.6,0.4,5.35,5.89,7.14,6.23,4.0,1.29,16.0,0.8,0.5,0.6,64.3,69.5,73.3,68.8,4.0,5.9,16.0,0.8,0.6,4.23,11.0,18.0,11.11,11.0,6.3,14.0,0.5,0.6,0.4,-3.19,3.0,9.37,3.64,11.0,5.75,14.0,0.5,0.6,0.4,-16.47,-3.91,1.65,-5.47,11.0,9.74,14.0,0.5,0.6,0.4,1017.42,1024.4,1028.51,1022.74,11.0,8.55,14.0,0.5,0.6,0.4,3.0,5.0,7.0,4.8,11.0,1.8,14.0,0.5,0.6,0.4,-33.1,9.0,132.9,40.6,11.0,81.1,14.0,0.5,0.6,0.4,-296.5,-21.0,7.3,-93.6,11.0,176.0,14.0,0.5,0.6,0.4,0.55,1.15,2.37,1.32,6.0,1.62,14.0,0.7,0.6,0.4,8.2,15.5,42.7,24.0,6.0,25.2,14.0,0.7,0.6,0.4,4.51,4.75,4.99,4.75,2.0,0.49,20.0,1.0,0.4,0.6,81.2,85.4,89.7,85.4,2.0,8.9,20.0,1.0,0.4,0.6,-38.4,10.2,123.5,40.9,9.0,81.6,14.0,0.6,0.6,0.4,-198.5,-46.9,26.4,-83.9,9.0,156.2,14.0,0.6,0.6,0.4,-18.1,17.5,58.4,20.0,4.0,44.3,16.0,0.8,0.5,0.6,-89.1,-56.1,-5.4,-47.7,4.0,50.0,16.0,0.8,0.5,0.6,-4.3,16.1,36.4,16.1,2.0,42.2,20.0,1.0,0.4,0.6,-79.2,-78.7,-78.2,-78.7,2.0,1.0,20.0,1.0,0.4,0.6,89.0,1331.0,5832.0,2580.0,11.0,2988.5,14.0,0.5,0.6,0.4,90.0,1330.0,5830.0,2580.0,11.0,2990.0,14.0,0.5,0.6,0.4
1974,2,345.0,41.0,12.04,13.75,16.57,14.04,10.0,2.1,12.0,0.9,0.5,0.5,11.24,13.15,15.0,13.2,10.0,2.01,12.0,0.9,0.5,0.5,6.14,7.01,9.36,7.48,9.0,1.67,12.0,0.9,0.5,0.6,68.0,72.9,88.6,77.1,9.0,9.9,12.0,0.9,0.6,5.5,9.8,13.27,10.55,10.0,5.91,12.0,0.9,0.5,0.5,-0.11,4.88,10.97,5.84,10.0,8.68,12.0,0.9,0.5,0.5,-9.99,0.0,3.92,-2.13,10.0,6.35,12.0,0.9,0.5,0.5,1003.87,1020.2,1025.86,1017.08,10.0,10.23,12.0,0.9,0.5,0.5,4.0,6.0,8.0,6.1,9.0,1.8,12.0,0.9,0.5,0.6,-3.6,35.2,137.4,95.5,10.0,192.1,12.0,0.9,0.5,0.5,-108.0,0.0,30.5,-25.5,10.0,71.5,12.0,0.9,0.5,0.5,-1.29,0.7,3.43,0.84,10.0,2.39,12.0,0.9,0.5,0.5,-12.3,4.4,45.4,12.0,10.0,28.8,12.0,0.9,0.5,0.5,1.37,1.95,3.3,2.48,9.0,1.47,12.0,0.9,0.5,0.6,9.3,14.3,59.3,28.5,9.0,29.5,12.0,0.9,0.5,0.6,-1.3,66.1,122.8,72.3,10.0,109.0,12.0,0.9,0.5,0.5,-119.0,0.0,47.6,-23.8,10.0,75.7,12.0,0.9,0.5,0.5,-6.1,36.2,52.1,32.9,9.0,57.7,12.0,0.9,0.5,0.6,-64.2,0.0,24.4,-17.0,9.0,40.5,12.0,0.9,0.5,0.6,0.0,10.0,19.5,16.2,9.0,27.8,12.0,0.9,0.5,0.6,-16.5,0.0,4.6,-9.5,9.0,24.7,12.0,0.9,0.5,0.6,184.5,948.5,2366.0,2403.0,10.0,4529.5,12.0,0.9,0.5,0.5,185.0,950.0,2365.0,2405.0,10.0,4530.0,12.0,0.9,0.5,0.5
1974,2,345.0,42.0,12.5,12.7,13.0,12.81,30.0,0.62,14.0,0.6,0.5,0.4,10.7,12.2,13.8,12.54,33.0,1.63,14.0,0.6,0.5,0.4,5.45,6.14,7.74,6.47,28.0,1.16,14.0,0.6,0.5,0.4,63.9,70.3,82.3,73.3,28.0,10.3,14.0,0.6,0.4,7.7,12.3,20.6,13.38,33.0,5.83,14.0,0.6,0.5,0.4,0.93,9.42,17.83,8.34,33.0,8.7,14.0,0.6,0.5,0.4,-9.76,-4.95,4.66,-2.47,33.0,8.06,14.0,0.6,0.5,0.4,1005.12,1017.2,1026.24,1015.63,33.0,8.62,14.0,0.6,0.5,0.4,4.9,6.0,7.1,5.9,32.0,2.1,14.0,0.7,0.5,0.4,4.7,94.6,358.2,142.4,33.0,172.1,14.0,0.6,0.5,0.4,-145.1,-38.1,55.0,-35.8,33.0,138.7,14.0,0.6,0.5,0.4,-1.1,0.8,1.94,0.45,30.0,1.35,14.0,0.6,0.5,0.4,-12.0,6.3,33.3,9.9,30.0,20.9,14.0,0.6,0.5,0.4,1.55,2.91,3.75,2.65,28.0,1.21,14.0,0.6,0.5,0.4,14.0,30.1,72.4,39.1,28.0,26.8,14.0,0.6,0.5,0.4,11.1,120.2,193.2,98.9,33.0,102.0,14.0,0.6,0.5,0.4,-110.1,-59.4,62.2,-25.7,33.0,102.3,14.0,0.6,0.5,0.4,10.6,63.3,105.4,60.1,28.0,49.9,14.0,0.6,0.5,0.4,-60.0,-32.7,32.5,-10.4,28.0,64.0,14.0,0.6,0.5,0.4,2.5,21.2,65.1,26.8,28.0,31.9,14.0,0.6,0.5,0.4,-35.7,-15.3,5.6,-14.0,28.0,18.3,14.0,0.6,0.5,0.4,456.5,1861.0,8742.0,3713.5,33.0,3542.0,14.0,0.6,0.5,0.4,455.0,1860.0,8740.0,3715.0,33.0,3540.0,14.0,0.6,0.5,0.4
1974,2,345.0,43.0,11.1,12.5,13.0,12.39,21.0,1.03,12.0,0.5,0.6,0.5,10.58,12.4,13.56,12.33,25.0,1.63,12.0,0.6,0.5,0.5,5.63,6.13,8.13,6.76,20.0,1.31,12.0,0.6,0.5,0.5,67.1,71.8,86.7,74.6,22.0,9.6,12.0,0.5,0.5,10.23,14.2,18.0,13.82,26.0,4.76,12.0,0.6,0.6,0.5,-0.17,10.78,14.19,8.03,26.0,8.44,12.0,0.6,0.6,0.5,-10.77,0.0,7.89,0.62,26.0,9.08,12.0,0.6,0.6,0.5,1001.37,1013.7,1025.19,1014.4,25.0,10.79,12.0,0.6,0.6,0.5,4.0,7.0,8.0,6.0,25.0,1.9,12.0,0.6,0.6,0.5,-1.1,155.5,207.4,135.8,26.0,139.8,12.0,0.6,0.6,0.5,-150.2,0.0,121.9,16.8,26.0,157.6,12.0,0.6,0.6,0.5,-1.27,0.1,2.47,0.16,21.0,1.94,12.0,0.5,0.6,0.5,-22.1,-3.3,38.6,1.1,20.0,33.6,12.0,0.5,0.6,0.5,0.55,2.16,3.52,2.1,17.0,1.45,12.0,0.6,0.6,0.5,7.0,24.9,45.3,25.7,16.0,19.5,12.0,0.6,0.6,0.5,-21.8,144.5,173.8,97.5,24.0,103.7,12.0,0.5,0.5,0.5,-45.8,0.0,128.6,29.0,24.0,117.6,12.0,0.5,0.5,0.5,-34.6,73.6,95.2,49.2,19.0,57.8,12.0,0.6,0.5,0.5,-34.8,0.0,69.3,12.9,19.0,64.1,12.0,0.6,0.5,0.5,-19.4,5.3,33.2,5.5,16.0,29.4,12.0,0.6,0.6,0.5,-12.1,0.0,6.2,-1.9,16.0,13.5,12.0,0.6,0.6,0.5,1075.0,2865.0,5832.0,3511.0,26.0,3110.5,12.0,0.6,0.6,0.5,1075.0,2865.0,5830.0,3510.0,26.0,3110.0,12.0,0.6,0.6,0.5
1974,2,345.0,44.0,11.7,12.0,12.87,12.36,43.0,0.92,14.0,0.7,0.5,0.5,10.0,11.15,12.47,11.23,46.0,1.23,14.0,0.7,0.5,0.5,5.37,6.18,7.09,6.24,39.0,0.91,14.0,0.6,0.5,0.5,66.7,73.9,82.5,75.4,39.0,8.8,14.0,0.6,0.5,5.7,18.5,24.2,15.68,46.0,8.39,14.0,0.7,0.5,0.5,0.28,11.13,19.69,10.18,46.0,9.75,14.0,0.7,0.5,0.5,-16.12,-4.36,1.95,-5.69,46.0,9.35,14.0,0.7,0.5,0.5,1002.24,1010.05,1026.97,1013.3,46.0,11.72,14.0,0.7,0.5,0.5,4.0,6.0,7.9,5.8,46.0,1.8,14.0,0.7,0.5,0.5,1.6,130.4,458.9,219.0,46.0,231.4,14.0,0.7,0.5,0.5,-315.4,-34.3,14.0,-128.9,46.0,215.7,14.0,0.7,0.5,0.5,0.0,1.1,2.25,1.12,42.0,1.41,14.0,0.7,0.5,0.5,0.0,11.1,45.4,20.1,41.0,27.2,14.0,0.7,0.5,0.5,1.75,2.6,3.51,2.56,37.0,0.91,14.0,0.6,0.5,0.5,10.0,47.3,77.6,42.9,36.0,29.7,14.0,0.6,0.5,0.5,-0.2,128.5,216.6,112.3,45.0,105.2,14.0,0.7,0.5,0.5,-178.5,-49.5,23.0,-66.1,45.0,102.0,14.0,0.7,0.5,0.5,23.8,96.2,121.6,71.4,38.0,55.2,14.0,0.6,0.5,0.5,-84.7,-23.1,12.8,-36.1,38.0,53.7,14.0,0.6,0.5,0.5,2.6,25.0,65.3,30.7,36.0,31.5,14.0,0.6,0.5,0.5,-37.7,-11.2,2.0,-16.6,36.0,23.0,14.0,0.6,0.5,0.5,185.0,6345.5,14172.5,6982.0,46.0,6870.5,14.0,0.7,0.5,0.5,185.0,6345.0,14170.0,6980.0,46.0,6870.0,14.0,0.7,0.5,0.5
1974,2,345.0,45.0,11.64,12.0,14.0,12.43,37.0,1.17,14.0,0.5,0.6,0.4,10.0,11.2,12.5,11.23,41.0,1.28,14.0,0.5,0.6,0.4,6.06,6.8,7.4,6.71,29.0,0.9,12.0,0.5,0.5,0.4,77.2,82.5,87.5,81.7,29.0,7.3,12.0,0.5,0.4,7.45,12.6,18.48,12.47,42.0,6.19,14.0,0.5,0.6,0.4,-2.78,6.62,15.95,6.65,42.0,8.92,14.0,0.5,0.6,0.4,-8.64,-1.83,7.79,-1.19,42.0,8.44,14.0,0.5,0.6,0.4,1002.95,1016.35,1028.49,1015.57,42.0,12.59,14.0,0.5,0.6,0.4,2.0,6.0,8.0,5.2,37.0,2.6,14.0,0.6,0.6,0.4,-25.9,68.2,258.4,121.1,42.0,168.9,14.0,0.5,0.6,0.4,-105.2,-10.1,94.8,-19.8,42.0,148.7,14.0,0.5,0.6,0.4,-0.5,1.2,2.59,1.18,37.0,1.63,14.0,0.5,0.6,0.4,-5.4,9.8,35.6,16.8,37.0,25.6,14.0,0.5,0.6,0.4,1.35,2.35,3.37,2.25,29.0,1.03,12.0,0.5,0.5,0.4,16.3,24.2,46.3,30.8,29.0,19.0,12.0,0.5,0.5,0.4,-18.2,79.6,173.6,79.2,41.0,97.2,14.0,0.5,0.6,0.4,-99.4,-22.5,98.3,-6.9,41.0,97.7,14.0,0.5,0.6,0.4,5.7,55.0,119.2,58.8,29.0,61.9,12.0,0.5,0.5,0.4,-62.0,-22.2,62.2,-9.0,29.0,59.9,12.0,0.5,0.5,0.4,-0.4,15.1,40.5,18.2,29.0,24.6,12.0,0.5,0.5,0.4,-21.1,-6.9,8.0,-6.4,29.0,18.7,12.0,0.5,0.5,0.4,415.5,2004.0,6436.0,3372.0,42.0,4154.0,14.0,0.5,0.6,0.4,415.0,2005.0,6435.0,3370.0,42.0,4155.0,14.0,0.5,0.6,0.4
1974,2,345.0,46.0,11.0,11.8,13.0,11.96,26.0,1.04,14.0,0.4,0.4,0.5,10.18,11.9,12.76,11.33,30.0,1.83,14.0,0.4,0.4,0.5,5.38,6.57,8.0,6.6,20.0,1.38,14.0,0.6,0.4,0.5,64.6,77.2,89.9,78.5,20.0,11.2,14.0,0.6,0.5,8.2,12.9,17.2,12.65,30.0,5.21,14.0,0.4,0.4,0.5,-6.45,9.09,13.92,5.78,30.0,9.92,14.0,0.4,0.4,0.5,-5.2,0.53,9.27,1.81,30.0,7.5,14.0,0.4,0.4,0.5,1002.04,1013.5,1026.55,1013.88,29.0,14.21,14.0,0.4,0.4,0.5,4.1,7.0,8.0,6.2,27.0,1.8,14.0,0.4,0.4,0.5,-46.4,113.4,222.9,108.1,30.0,166.7,14.0,0.4,0.4,0.5,-64.2,1.6,143.7,33.5,30.0,127.4,14.0,0.4,0.4,0.5,-0.82,0.65,2.04,0.83,26.0,1.91,14.0,0.4,0.4,0.5,-14.2,6.0,28.1,11.7,26.0,28.7,14.0,0.4,0.4,0.5,0.19,2.3,3.3,2.0,16.0,1.54,14.0,0.6,0.4,0.5,2.5,20.0,57.4,26.6,16.0,27.1,14.0,0.6,0.4,0.5,-79.6,103.5,156.7,61.6,30.0,108.4,14.0,0.4,0.4,0.5,-49.3,6.5,107.0,24.2,30.0,85.1,14.0,0.4,0.4,0.5,-35.8,60.1,98.3,43.0,20.0,63.0,14.0,0.6,0.4,0.5,-33.9,-4.3,61.7,5.7,20.0,54.3,14.0,0.6,0.4,0.5,-7.6,2.6,50.9,13.6,16.0,31.1,14.0,0.6,0.4,0.5,-25.2,-4.7,4.4,-6.9,16.0,16.6,14.0,0.6,0.4,0.5,551.5,2146.5,5090.5,3062.5,30.0,3763.5,14.0,0.4,0.4,0.5,550.0,2145.0,5090.0,3065.0,30.0,3765.0,14.0,0.4,0.4,0.5
1974,2,345.0,47.0,10.5,11.15,12.0,11.38,18.0,0.93,16.0,0.2,0.5,0.4,8.98,10.6,11.5,10.4,25.0,1.27,16.0,0.2,0.6,0.4,5.53,5.8,7.23,6.16,18.0,0.91,14.0,0.2,0.6,0.4,70.9,76.8,86.1,77.8,18.0,7.6,14.0,0.2,0.4,4.72,10.3,13.38,9.85,25.0,5.11,18.0,0.2,0.6,0.4,-5.5,5.15,9.86,3.14,25.0,7.98,18.0,0.2,0.6,0.4,-7.74,0.0,5.28,-1.52,25.0,7.13,18.0,0.2,0.6,0.4,1006.43,1022.9,1028.52,1018.58,24.0,11.37,16.0,0.2,0.6,0.4,4.7,7.0,8.0,6.5,22.0,1.8,16.0,0.3,0.6,0.4,-37.6,33.3,118.8,53.7,25.0,118.3,18.0,0.2,0.6,0.4,-101.3,0.0,56.3,-29.3,25.0,97.7,18.0,0.2,0.6,0.4,-0.4,0.85,1.99,0.93,18.0,1.31,16.0,0.2,0.5,0.4,-3.4,3.6,22.9,8.2,17.0,15.1,18.0,0.2,0.6,0.4,1.28,2.31,2.71,2.16,16.0,0.82,16.0,0.2,0.5,0.4,6.4,15.5,33.1,22.0,15.0,18.7,16.0,0.2,0.6,0.4,-57.5,51.4,108.2,34.4,24.0,87.7,16.0,0.3,0.6,0.4,-80.5,0.0,65.6,-14.4,24.0,74.1,16.0,0.3,0.6,0.4,-28.4,31.9,74.8,26.2,17.0,54.3,16.0,0.2,0.6,0.4,-42.3,6.3,49.6,-1.5,17.0,41.5,16.0,0.2,0.6,0.4,-11.8,5.9,27.0,8.6,15.0,20.6,16.0,0.2,0.6,0.4,-17.0,2.4,18.5,-2.2,15.0,19.0,16.0,0.2,0.6,0.4,113.0,1092.5,2434.5,1713.5,25.0,2204.5,18.0,0.2,0.6,0.4,115.0,1095.0,2435.0,1715.0,25.0,2205.0,18.0,0.2,0.6,0.4
1974,2,345.0,48.0,11.0,11.0,12.8,11.62,10.0,1.26,12.0,0.4,0.5,0.5,8.81,10.0,11.2,9.94,14.0,1.53,14.0,0.3,0.5,0.4,5.41,5.89,7.06,6.21,11.0,0.89,12.0,0.3,0.6,0.2,69.1,76.2,87.2,79.0,11.0,10.2,12.0,0.3,0.2,10.05,18.5,24.3,17.52,13.0,6.71,12.0,0.2,0.6,0.4,4.89,14.0,20.88,13.44,13.0,8.49,12.0,0.2,0.6,0.4,-8.57,0.0,11.86,0.37,13.0,10.47,12.0,0.2,0.6,0.4,974.8,990.65,1021.34,994.81,14.0,21.02,14.0,0.3,0.5,0.4,2.0,7.0,8.0,5.8,13.0,2.7,12.0,0.3,0.5,0.3,36.4,248.2,452.7,278.7,13.0,205.3,12.0,0.2,0.6,0.4,-205.6,0.0,222.9,22.6,13.0,224.5,12.0,0.2,0.6,0.4,-0.11,2.0,3.29,1.61,10.0,1.57,12.0,0.4,0.5,0.5,1.2,36.0,45.1,25.2,9.0,27.1,12.0,0.3,0.6,0.5,2.6,2.79,3.31,2.7,7.0,0.78,12.0,0.4,0.6,0.3,20.2,27.3,49.4,33.4,6.0,17.8,10.0,0.3,0.7,0.3,55.1,128.2,207.4,134.3,13.0,81.9,12.0,0.2,0.6,0.4,-80.2,0.0,108.8,5.0,13.0,104.7,12.0,0.2,0.6,0.4,27.5,89.2,146.6,84.5,10.0,66.2,12.0,0.2,0.6,0.2,-69.6,-16.2,86.3,0.2,10.0,72.5,12.0,0.2,0.6,0.2,6.9,17.7,41.6,19.3,6.0,23.4,10.0,0.3,0.7,0.3,-17.9,-6.0,14.2,0.3,6.0,25.7,10.0,0.3,0.7,0.3,1032.0,6331.5,14347.5,7406.0,13.0,5811.5,12.0,0.2,0.6,0.4,1030.0,6330.0,14345.0,7405.0,13.0,5810.0,12.0,0.2,0.6,0.4
1974,2,345.0,49.0,10.4,11.0,11.99,11.06,20.0,0.64,16.0,0.3,0.6,0.4,9.0,10.8,11.8,10.46,22.0,1.32,16.0,0.3,0.6,0.4,5.07,6.16,7.61,6.35,17.0,1.17,16.0,0.4,0.6,0.5,72.8,76.0,91.5,79.3,17.0,11.3,16.0,0.4,0.5,5.1,9.8,16.3,10.67,22.0,5.41,16.0,0.3,0.6,0.4,1.37,6.81,10.93,6.28,22.0,5.86,16.0,0.3,0.6,0.4,-7.58,-0.77,6.73,-0.55,22.0,8.51,16.0,0.3,0.6,0.4,993.83,1013.3,1027.6,1011.07,22.0,18.1,16.0,0.3,0.6,0.4,6.2,8.0,8.0,7.1,21.0,2.1,16.0,0.3,0.6,0.4,3.8,67.2,151.7,88.5,22.0,107.8,16.0,0.3,0.6,0.4,-91.5,-2.4,57.4,-1.6,22.0,138.0,16.0,0.3,0.6,0.4,-1.0,0.1,2.0,0.46,20.0,1.39,16.0,0.3,0.6,0.4,-10.2,0.5,18.8,4.2,20.0,15.4,16.0,0.3,0.6,0.4,0.73,2.14,2.84,1.76,17.0,1.15,16.0,0.4,0.6,0.5,7.3,14.1,27.9,16.9,17.0,16.7,16.0,0.4,0.6,0.5,13.9,68.9,105.2,64.2,22.0,64.0,16.0,0.3,0.6,0.4,-68.2,-7.2,78.5,-3.0,22.0,87.3,16.0,0.3,0.6,0.4,-2.2,33.8,77.4,42.2,17.0,48.2,16.0,0.4,0.6,0.5,-37.7,-8.3,43.0,1.7,17.0,47.9,16.0,0.4,0.6,0.5,-4.8,9.1,16.6,7.4,17.0,10.4,16.0,0.4,0.6,0.5,-17.4,-3.8,8.5,-6.7,17.0,19.2,16.0,0.4,0.6,0.5,132.5,948.5,4470.0,2180.0,22.0,2938.5,16.0,0.3,0.6,0.4,135.0,950.0,4470.0,2180.0,22.0,2940.0,16.0,0.3,0.6,0.4
1974,2,345.0,50.0,10.16,10.4,11.25,10.7,6.0,0.81,22.0,0.0,0.4,0.4,7.94,10.2,10.58,9.6,8.0,1.53,22.0,0.1,0.5,0.3,4.58,5.64,7.21,5.74,6.0,1.63,22.0,0.0,0.4,0.4,66.9,74.5,90.6,75.1,6.0,16.7,22.0,0.0,0.4,5.29,10.3,20.13,11.58,10.0,6.66,20.0,0.3,0.5,0.4,-1.8,7.52,16.41,6.98,10.0,8.19,20.0,0.3,0.5,0.4,0.05,4.85,10.54,4.66,10.0,6.94,20.0,0.3,0.5,0.4,1003.78,1017.85,1029.0,1016.99,8.0,12.5,20.0,0.1,0.4,0.4,5.0,7.5,8.0,6.6,10.0,1.8,20.0,0.3,0.5,0.4,-14.1,61.7,327.5,123.7,10.0,157.9,20.0,0.3,0.5,0.4,-3.3,31.4,162.6,57.2,10.0,131.1,20.0,0.3,0.5,0.4,-0.08,0.35,1.37,0.73,6.0,1.3,22.0,0.0,0.4,0.4,-0.5,3.0,17.6,8.0,6.0,12.3,22.0,0.0,0.4,0.4,0.92,1.98,3.46,2.2,6.0,1.34,22.0,0.0,0.4,0.4,10.0,15.9,28.8,18.1,6.0,9.7,22.0,0.0,0.4,0.4,-13.3,62.7,122.9,62.1,8.0,74.1,22.0,0.1,0.5,0.3,-15.8,40.0,86.0,38.8,8.0,67.5,22.0,0.1,0.5,0.3,-0.8,31.8,83.1,41.2,6.0,51.6,22.0,0.0,0.4,0.4,10.9,25.1,69.7,37.4,6.0,39.9,22.0,0.0,0.4,0.4,-0.3,11.6,27.1,12.3,6.0,13.8,22.0,0.0,0.4,0.4,3.5,8.7,11.0,6.3,6.0,8.2,22.0,0.0,0.4,0.4,157.5,1123.5,8173.5,3023.5,10.0,3728.0,20.0,0.3,0.5,0.4,160.0,1125.0,8175.0,3025.0,10.0,3730.0,20.0,0.3,0.5,0.4
1974,2,345.0,51.0,10.13,10.4,10.54,10.33,3.0,0.31,16.0,0.7,0.2,0.3,9.7,10.0,10.25,9.98,4.0,0.33,16.0,0.5,0.2,0.3,5.22,5.89,6.39,5.81,4.0,0.69,16.0,0.5,0.2,0.3,69.0,75.7,82.8,75.9,4.0,9.0,16.0,0.5,0.3,6.31,10.8,16.33,11.3,4.0,6.28,16.0,0.5,0.2,0.3,5.39,8.34,13.45,9.37,4.0,6.2,16.0,0.5,0.2,0.3,-8.47,-5.01,-2.42,-5.43,4.0,3.84,16.0,0.5,0.2,0.3,984.0,1011.65,1022.06,1003.43,4.0,25.91,16.0,0.5,0.2,0.3,1.5,3.0,5.0,3.3,4.0,2.2,16.0,0.5,0.2,0.3,38.7,90.8,232.7,133.6,4.0,143.2,16.0,0.5,0.2,0.3,-130.8,-69.8,-13.8,-72.2,4.0,67.6,16.0,0.5,0.2,0.3,0.2,0.4,0.67,0.43,3.0,0.35,16.0,0.7,0.2,0.3,1.7,3.7,6.4,4.0,3.0,3.4,16.0,0.7,0.2,0.3,1.66,2.23,2.56,2.12,3.0,0.67,16.0,0.7,0.2,0.3,11.5,22.3,36.0,23.7,3.0,18.0,16.0,0.7,0.2,0.3,54.8,85.5,131.6,92.9,4.0,58.8,16.0,0.5,0.2,0.3,-84.6,-48.5,-24.1,-54.1,4.0,39.0,16.0,0.5,0.2,0.3,29.3,47.5,76.9,52.8,4.0,33.0,16.0,0.5,0.2,0.3,-50.8,-29.1,-14.6,-32.5,4.0,24.4,16.0,0.5,0.2,0.3,9.8,21.9,34.1,22.0,3.0,17.8,16.0,0.7,0.2,0.3,-11.5,-4.9,-4.2,-7.8,3.0,5.9,16.0,0.7,0.2,0.3,313.5,1478.5,4739.0,2478.5,4.0,3086.5,16.0,0.5,0.2,0.3,315.0,1480.0,4740.0,2480.0,4.0,3085.0,16.0,0.5,0.2,0.3
1974,2,345.0,52.0,10.35,11.1,12.06,11.2,3.0,1.25,10.0,0.7,0.3,0.6,9.32,10.0,10.34,9.83,3.0,0.76,10.0,0.7,0.3,0.6,5.2,5.46,5.73,5.46,2.0,0.55,12.0,1.0,0.4,0.7,65.7,69.1,72.5,69.1,2.0,7.1,12.0,1.0,0.7,15.75,19.5,23.73,19.73,3.0,5.85,10.0,0.7,0.3,0.6,10.59,18.32,22.3,16.49,3.0,8.72,10.0,0.7,0.3,0.6,-1.76,8.79,11.07,4.75,3.0,10.03,10.0,0.7,0.3,0.6,983.84,1005.0,1005.34,994.83,3.0,18.04,10.0,0.7,0.3,0.6,5.2,5.5,5.8,5.5,2.0,0.7,12.0,1.0,0.4,0.7,180.3,357.3,537.1,358.7,3.0,261.3,10.0,0.7,0.3,0.6,-34.9,169.7,208.1,88.5,3.0,191.4,10.0,0.7,0.3,0.6,1.03,1.1,1.71,1.37,3.0,0.55,10.0,0.7,0.3,0.6,18.5,28.3,35.6,27.1,3.0,12.5,10.0,0.7,0.3,0.6,2.87,3.32,3.77,3.32,2.0,0.93,12.0,1.0,0.4,0.7,69.9,73.0,76.2,73.0,2.0,6.6,12.0,1.0,0.4,0.7,104.1,192.4,225.9,165.6,3.0,92.2,10.0,0.7,0.3,0.6,-19.9,87.9,102.4,42.3,3.0,97.9,10.0,0.7,0.3,0.6,100.6,117.1,133.7,117.1,2.0,34.2,12.0,1.0,0.4,0.7,-20.3,8.8,37.9,8.8,2.0,60.3,12.0,1.0,0.4,0.7,65.6,68.6,71.6,68.6,2.0,6.2,12.0,1.0,0.4,0.7,-18.6,-1.6,15.5,-1.6,2.0,35.3,12.0,1.0,0.4,0.7,4226.5,7415.0,13940.5,9044.5,3.0,7254.0,10.0,0.7,0.3,0.6,4225.0,7415.0,13940.0,9045.0,3.0,7255.0,10.0,0.7,0.3,0.6
1974,2,345.0,53.0,10.13,10.4,10.5,10.31,9.0,0.5,14.0,0.3,0.5,0.6,6.89,8.15,9.79,8.38,10.0,1.65,14.0,0.3,0.6,0.6,5.39,5.98,6.81,6.06,9.0,0.73,14.0,0.3,0.5,0.6,80.3,87.1,93.8,86.8,9.0,6.5,14.0,0.3,0.6,6.33,13.4,15.0,11.66,9.0,4.54,14.0,0.2,0.5,0.7,2.71,4.75,8.65,5.75,9.0,3.35,14.0,0.2,0.5,0.7,-13.26,-5.83,1.72,-6.14,9.0,9.09,14.0,0.2,0.5,0.7,982.14,1011.35,1018.99,1003.15,10.0,19.4,14.0,0.3,0.6,0.6,4.4,7.0,7.6,6.3,10.0,1.7,14.0,0.3,0.6,0.6,17.4,66.1,135.8,76.8,9.0,56.2,14.0,0.2,0.5,0.7,-199.0,-36.1,30.9,-82.0,9.0,139.8,14.0,0.2,0.5,0.7,0.1,1.5,3.25,1.78,9.0,1.74,14.0,0.3,0.5,0.6,12.1,17.3,55.1,25.4,8.0,24.2,14.0,0.3,0.5,0.6,0.94,2.09,2.44,1.8,9.0,0.74,14.0,0.3,0.5,0.6,11.6,19.1,33.0,22.4,8.0,11.9,14.0,0.3,0.5,0.6,19.6,45.2,62.0,49.1,9.0,35.9,14.0,0.2,0.5,0.7,-113.5,-43.1,25.0,-43.3,9.0,77.9,14.0,0.2,0.5,0.7,13.3,37.3,48.8,37.2,8.0,24.6,14.0,0.3,0.5,0.6,-82.7,-54.0,24.0,-33.7,8.0,61.0,14.0,0.3,0.5,0.6,5.0,8.9,16.1,9.9,8.0,6.4,14.0,0.3,0.5,0.6,-28.8,-18.0,1.9,-16.4,8.0,16.0,14.0,0.3,0.5,0.6,255.0,2406.0,3391.5,2199.5,9.0,1859.5,14.0,0.2,0.5,0.7,255.0,2405.0,3390.0,2200.0,9.0,1860.0,14.0,0.2,0.5,0.7
1974,2,345.0,54.0,10.16,10.3,10.3,10.23,3.0,0.12,16.0,0.7,0.8,0.0,7.91,9.0,9.67,8.8,4.0,1.19,16.0,0.5,0.7,0.2,5.29,6.0,6.29,5.8,3.0,0.75,16.0,0.7,0.8,0.0,77.2,79.5,83.6,80.4,3.0,4.7,16.0,0.7,0.0,7.34,9.9,11.2,9.3,4.0,3.02,16.0,0.5,0.7,0.2,1.91,2.71,6.1,3.94,4.0,3.21,16.0,0.5,0.7,0.2,-10.94,-6.78,0.76,-5.17,4.0,7.6,16.0,0.5,0.7,0.2,977.31,998.75,1023.75,1000.45,4.0,26.91,16.0,0.5,0.7,0.2,5.0,7.0,7.0,6.0,3.0,1.7,16.0,0.7,0.8,0.0,16.7,21.5,57.9,36.6,4.0,33.7,16.0,0.5,0.7,0.2,-123.1,-57.3,16.7,-53.4,4.0,86.9,16.0,0.5,0.7,0.2,0.39,1.0,2.43,1.4,3.0,1.54,16.0,0.7,0.8,0.0,4.6,12.3,14.7,9.7,3.0,7.8,16.0,0.7,0.8,0.0,1.72,1.94,2.49,2.1,3.0,0.58,16.0,0.7,0.8,0.0,15.6,19.0,19.6,17.6,3.0,3.2,16.0,0.7,0.8,0.0,18.4,21.7,50.7,34.0,4.0,27.7,16.0,0.5,0.7,0.2,-105.0,-62.3,9.4,-48.4,4.0,71.4,16.0,0.5,0.7,0.2,11.3,13.7,15.5,13.4,3.0,3.0,16.0,0.7,0.8,0.0,-71.5,-57.9,-31.6,-51.7,3.0,29.7,16.0,0.7,0.8,0.0,3.3,3.4,7.2,5.3,3.0,3.2,16.0,0.7,0.8,0.0,-19.3,-18.7,-13.3,-16.3,3.0,4.9,16.0,0.7,0.8,0.0,517.5,970.5,1451.0,983.5,4.0,706.0,16.0,0.5,0.7,0.2,520.0,970.0,1450.0,985.0,4.0,705.0,16.0,0.5,0.7,0.2
1974,2,345.0,55.0,8.55,8.8,9.94,9.14,5.0,0.76,16.0,0.2,0.9,0.5,9.0,9.8,10.93,9.86,5.0,1.44,16.0,0.2,0.9,0.5,5.89,7.22,7.38,6.68,5.0,0.99,16.0,0.2,0.9,0.5,81.4,87.5,91.5,86.6,5.0,5.3,16.0,0.2,0.5,9.08,12.0,18.8,14.02,5.0,6.53,16.0,0.2,0.9,0.5,2.42,9.19,15.38,8.32,5.0,10.29,16.0,0.2,0.9,0.5,-1.86,3.18,10.69,4.11,5.0,8.64,16.0,0.2,0.9,0.5,977.4,990.3,1016.98,996.52,5.0,24.46,16.0,0.2,0.9,0.5,7.0,7.5,8.0,7.5,4.0,0.6,14.0,0.3,0.9,0.4,24.4,110.3,301.1,158.0,5.0,200.1,16.0,0.2,0.9,0.5,-25.5,29.6,218.5,92.2,5.0,183.7,16.0,0.2,0.9,0.5,-1.61,-1.5,0.47,-0.72,5.0,1.26,16.0,0.2,0.9,0.5,-28.2,-16.7,5.4,-12.6,5.0,19.8,16.0,0.2,0.9,0.5,0.09,0.64,1.06,0.62,5.0,0.72,16.0,0.2,0.9,0.5,3.0,6.3,13.9,8.2,5.0,8.3,16.0,0.2,0.9,0.5,13.7,92.6,162.4,85.4,5.0,110.1,16.0,0.2,0.9,0.5,-12.0,33.7,114.6,49.6,5.0,88.8,16.0,0.2,0.9,0.5,7.0,64.4,104.9,54.7,5.0,74.0,16.0,0.2,0.9,0.5,-7.4,23.4,73.9,32.3,5.0,57.3,16.0,0.2,0.9,0.5,-3.2,4.8,11.3,4.4,5.0,8.6,16.0,0.2,0.9,0.5,-5.3,1.0,4.4,-0.8,5.0,7.4,16.0,0.2,0.9,0.5,751.0,1728.0,7821.5,4382.5,5.0,6092.0,16.0,0.2,0.9,0.5,750.0,1730.0,7820.0,4380.0,5.0,6090.0,16.0,0.2,0.9,0.5
1974,2,345.0,56.0,8.87,9.25,9.63,9.25,2.0,0.78,14.0,0.5,0.7,0.4,6.97,8.2,9.43,8.2,2.0,2.55,14.0,0.5,0.7,0.4,7.03,7.03,7.03,7.03,1.0,0.0,24.0,1.0,0.7,0.7,93.5,93.5,93.5,93.5,1.0,0.0,24.0,1.0,0.7,7.86,10.35,12.84,10.35,2.0,5.16,14.0,0.5,0.7,0.4,-1.51,0.46,2.43,0.46,2.0,4.09,14.0,0.5,0.7,0.4,7.07,9.79,12.52,9.79,2.0,5.65,14.0,0.5,0.7,0.4,1023.6,1023.6,1023.6,1023.6,1.0,0.0,24.0,1.0,0.7,0.7,8.0,8.0,8.0,8.0,1.0,0.0,24.0,1.0,0.7,0.7,-25.1,-5.8,13.5,-5.8,2.0,39.9,14.0,0.5,0.7,0.4,63.3,115.9,168.6,115.9,2.0,109.0,14.0,0.5,0.7,0.4,-0.55,1.05,2.65,1.05,2.0,3.32,14.0,0.5,0.7,0.4,0.2,19.4,38.7,19.4,2.0,39.8,14.0,0.5,0.7,0.4,-0.14,-0.14,-0.14,-0.14,1.0,0.0,24.0,1.0,0.7,0.7,-0.9,-0.9,-0.9,-0.9,1.0,0.0,24.0,1.0,0.7,0.7,-7.8,9.0,25.7,9.0,2.0,34.7,14.0,0.5,0.7,0.4,62.8,73.1,83.4,73.1,2.0,21.4,14.0,0.5,0.7,0.4,23.6,23.6,23.6,23.6,1.0,0.0,24.0,1.0,0.7,0.7,40.8,40.8,40.8,40.8,1.0,0.0,24.0,1.0,0.7,0.7,-0.5,-0.5,-0.5,-0.5,1.0,0.0,24.0,1.0,0.7,0.7,-0.8,-0.8,-0.8,-0.8,1.0,0.0,24.0,1.0,0.7,0.7,688.5,1522.5,2356.5,1522.5,2.0,1727.5,14.0,0.5,0.7,0.4,690.0,1520.0,2355.0,1520.0,2.0,1730.0,14.0,0.5,0.7,0.4
1974,2,345.0,57.0,8.2,8.8,9.47,8.9,5.0,0.86,20.0,0.4,0.5,0.4,5.99,6.8,7.24,7.04,7.0,1.39,20.0,0.6,0.5,0.4,5.79,5.84,5.9,5.84,3.0,0.08,18.0,0.7,0.4,0.4,91.2,93.3,97.0,94.1,3.0,4.3,18.0,0.7,0.4,12.28,13.4,16.05,14.26,7.0,2.47,20.0,0.6,0.5,0.4,2.03,4.58,8.23,5.33,7.0,4.62,20.0,0.6,0.5,0.4,1.75,12.59,13.97,8.59,7.0,10.13,20.0,0.6,0.5,0.4,985.99,1017.05,1017.32,1005.52,6.0,18.57,20.0,0.5,0.5,0.4,7.9,8.0,8.0,7.7,7.0,0.8,20.0,0.6,0.5,0.4,25.0,61.4,129.6,80.3,7.0,69.3,20.0,0.6,0.5,0.4,25.8,168.7,224.7,135.4,7.0,151.2,20.0,0.6,0.5,0.4,1.53,1.8,2.85,2.24,5.0,1.28,20.0,0.4,0.5,0.4,21.9,22.3,37.2,30.3,5.0,18.3,20.0,0.4,0.5,0.4,0.92,1.22,1.44,1.18,3.0,0.38,18.0,0.7,0.4,0.4,11.9,15.0,17.1,14.5,3.0,3.9,18.0,0.7,0.4,0.4,13.3,30.2,65.7,36.9,7.0,29.9,20.0,0.6,0.5,0.4,9.4,83.1,97.7,64.2,7.0,81.0,20.0,0.6,0.5,0.4,3.9,12.3,22.4,13.2,3.0,13.6,18.0,0.7,0.4,0.4,-24.9,69.8,73.1,25.1,3.0,81.5,18.0,0.7,0.4,0.4,0.8,2.6,3.3,2.1,3.0,1.8,18.0,0.7,0.4,0.4,-9.3,9.8,13.2,2.2,3.0,17.7,18.0,0.7,0.4,0.4,1850.5,2406.0,4155.5,3134.0,7.0,1812.5,20.0,0.6,0.5,0.4,1850.0,2405.0,4155.0,3135.0,7.0,1815.0,20.0,0.6,0.5,0.4
1974,2,345.0,58.0,8.13,8.4,8.4,8.27,3.0,0.23,16.0,0.0,0.3,0.6,4.0,4.5,5.0,4.5,5.0,0.5,16.0,0.0,0.5,0.6,2.9,3.53,4.23,3.56,4.0,0.77,16.0,0.0,0.4,0.6,57.0,67.8,77.4,67.2,4.0,12.0,16.0,0.0,0.6,2.92,7.7,9.33,6.36,5.0,4.28,16.0,0.0,0.5,0.6,-0.57,0.0,3.88,1.81,5.0,4.97,16.0,0.0,0.5,0.6,-1.41,4.32,7.88,3.27,5.0,5.16,16.0,0.0,0.5,0.6,1005.11,1016.8,1017.4,1010.74,5.0,13.84,16.0,0.0,0.5,0.6,2.9,4.0,4.7,3.8,5.0,1.8,16.0,0.0,0.5,0.6,-2.6,0.0,43.8,22.6,5.0,54.6,16.0,0.0,0.5,0.6,-15.9,19.9,62.2,20.5,5.0,45.4,16.0,0.0,0.5,0.6,3.13,3.4,3.74,3.43,3.0,0.45,16.0,0.0,0.3,0.6,28.0,32.0,33.3,30.7,3.0,4.0,16.0,0.0,0.3,0.6,2.53,2.75,3.6,3.06,3.0,0.83,16.0,0.0,0.3,0.6,23.2,27.5,31.1,27.2,3.0,5.8,16.0,0.0,0.3,0.6,-2.3,0.0,19.4,9.4,5.0,24.6,16.0,0.0,0.5,0.6,-7.1,17.3,37.5,14.7,5.0,24.7,16.0,0.0,0.5,0.6,-2.5,0.0,24.4,10.5,4.0,24.2,16.0,0.0,0.4,0.6,-2.7,18.0,27.3,12.6,4.0,21.0,16.0,0.0,0.4,0.6,0.0,0.0,17.6,8.6,3.0,14.9,16.0,0.0,0.3,0.6,0.3,21.2,29.1,14.9,3.0,21.8,16.0,0.0,0.3,0.6,62.0,456.5,877.0,509.5,5.0,571.0,16.0,0.0,0.5,0.6,60.0,455.0,875.0,510.0,5.0,570.0,16.0,0.0,0.5,0.6
1974,2,345.0,59.0,8.19,8.4,8.62,8.42,5.0,0.36,16.0,0.6,0.5,0.2,3.79,5.7,6.48,5.34,7.0,1.65,16.0,0.6,0.6,0.3,4.61,5.23,5.41,5.02,4.0,0.56,16.0,0.8,0.5,0.0,85.8,89.8,92.1,89.0,4.0,4.3,16.0,0.8,0.0,12.64,15.95,21.56,16.4,8.0,4.57,16.0,0.5,0.6,0.3,-11.11,-2.34,0.0,-4.66,8.0,6.69,16.0,0.5,0.6,0.3,-11.87,12.13,17.48,5.37,8.0,15.02,16.0,0.5,0.6,0.3,976.63,1007.35,1011.3,996.74,8.0,19.26,16.0,0.5,0.6,0.3,8.0,8.0,8.0,8.0,7.0,0.0,14.0,0.6,0.5,0.4,-171.9,-35.2,0.0,-88.8,8.0,139.3,16.0,0.5,0.6,0.3,-152.1,158.5,312.1,93.3,8.0,279.7,16.0,0.5,0.6,0.3,2.19,2.5,3.6,2.88,4.0,1.11,16.0,0.8,0.5,0.0,37.7,39.8,48.1,42.7,4.0,8.6,16.0,0.8,0.5,0.0,1.43,1.59,2.26,1.83,4.0,0.62,16.0,0.8,0.5,0.0,24.6,26.3,30.4,27.5,4.0,4.3,16.0,0.8,0.5,0.0,-48.1,-20.0,0.4,-22.8,7.0,27.5,16.0,0.6,0.6,0.3,-43.0,87.8,116.4,47.6,7.0,92.0,16.0,0.6,0.6,0.3,-24.0,-8.4,4.7,-9.6,4.0,17.6,16.0,0.8,0.5,0.0,10.2,80.8,90.1,51.6,4.0,68.9,16.0,0.8,0.5,0.0,-6.4,-2.2,3.1,-1.7,4.0,6.0,16.0,0.8,0.5,0.0,-6.8,23.7,26.2,10.3,4.0,29.0,16.0,0.8,0.5,0.0,2059.5,4072.0,10114.0,5301.0,8.0,3903.5,16.0,0.5,0.6,0.3,2060.0,4070.0,10115.0,5300.0,8.0,3905.0,16.0,0.5,0.6,0.3
1974,2,345.0,60.0,,,,,,,,,,,,,,,,,,,,,,,,,,,,,,,,,,,,,,,,17.69,22.6,25.47,21.6,3.0,5.77,14.0,1.0,0.4,0.4,-19.51,-17.31,4.38,-7.79,3.0,19.35,14.0,1.0,0.4,0.4,-16.37,-14.53,-8.21,-12.34,3.0,6.27,14.0,1.0,0.4,0.4,981.77,983.0,994.74,988.13,3.0,10.49,14.0,1.0,0.4,0.4,,,,,,,,,,,,,,,,,,,,,,,,,,,,,,,,,,,,,,,,,,,,,,,,,,,,,,,,,,,,,,,,,,,,,,,,,,,,,,,,,,,,,,,,,,,,,,,,,,,,,,,,,,,,,,,,,,,,,,,,,,,,,,,,,,,,,,,,,,,,,,,,,,,,,,
1974,2,345.0,61.0,7.84,9.0,9.0,8.43,3.0,0.98,24.0,0.3,0.5,0.4,3.29,5.9,7.15,5.25,4.0,3.03,22.0,0.3,0.6,0.5,5.18,5.18,5.18,5.18,1.0,0.0,28.0,0.0,0.3,0.8,90.7,90.7,90.7,90.7,1.0,0.0,28.0,0.0,0.8,9.22,12.6,15.4,12.33,4.0,3.58,22.0,0.3,0.6,0.5,-3.3,2.63,6.45,1.63,4.0,6.15,22.0,0.3,0.6,0.5,-6.0,5.06,14.96,4.5,4.0,12.12,22.0,0.3,0.6,0.5,1011.65,1015.1,1019.34,1015.48,4.0,4.7,22.0,0.3,0.6,0.5,7.0,7.5,8.0,7.5,4.0,0.6,22.0,0.3,0.6,0.5,-32.3,32.8,73.7,21.2,4.0,65.5,22.0,0.3,0.6,0.5,-56.6,92.5,230.4,87.2,4.0,165.7,22.0,0.3,0.6,0.5,1.02,1.5,5.94,3.43,3.0,3.97,24.0,0.3,0.5,0.4,12.6,13.1,57.7,34.6,3.0,37.9,24.0,0.3,0.5,0.4,1.15,1.15,1.15,1.15,1.0,0.0,28.0,0.0,0.3,0.8,10.0,10.0,10.0,10.0,1.0,0.0,28.0,0.0,0.3,0.8,-3.3,21.6,43.5,20.1,4.0,27.0,22.0,0.3,0.6,0.5,-16.8,42.4,106.2,44.6,4.0,71.6,22.0,0.3,0.6,0.5,39.0,39.0,39.0,39.0,1.0,0.0,28.0,0.0,0.3,0.8,-22.5,-22.5,-22.5,-22.5,1.0,0.0,28.0,0.0,0.3,0.8,8.7,8.7,8.7,8.7,1.0,0.0,28.0,0.0,0.3,0.8,-5.0,-5.0,-5.0,-5.0,1.0,0.0,28.0,0.0,0.3,0.8,793.0,2296.5,3652.5,2226.0,4.0,1651.0,22.0,0.3,0.6,0.5,795.0,2295.0,3650.0,2225.0,4.0,1650.0,22.0,0.3,0.6,0.5
1974,2,345.0,62.0,,,,,,,,,,,,,,,,,,,,,,,,,,,,,,,,,,,,,,,,6.7,12.3,18.65,12.43,21.0,6.19,16.0,0.4,0.6,0.4,-10.63,-2.67,5.0,-1.81,21.0,7.74,16.0,0.4,0.6,0.4,-14.34,-1.99,7.68,-0.97,21.0,11.67,16.0,0.4,0.6,0.4,989.53,1001.45,1013.48,1001.42,20.0,12.63,16.0,0.4,0.6,0.4,,,,,,,,,,,,,,,,,,,,,,,,,,,,,,,,,,,,,,,,,,,,,,,,,,,,,,,,,,,,,,,,,,,,,,,,,,,,,,,,,,,,,,,,,,,,,,,,,,,,,,,,,,,,,,,,,,,,,,,,,,,,,,,,,,,,,,,,,,,,,,,,,,,,,,
1974,2,345.0,63.0,5.73,6.0,6.61,6.17,3.0,0.67,8.0,0.0,0.6,0.9,1.04,3.75,7.89,4.16,8.0,3.22,16.0,0.4,0.6,0.4,5.14,5.14,5.14,5.14,1.0,0.0,2.0,0.0,0.7,0.8,93.2,93.2,93.2,93.2,1.0,0.0,2.0,0.0,0.8,7.4,12.3,14.7,11.31,9.0,3.71,14.0,0.2,0.6,0.5,-7.5,0.0,6.15,-1.1,9.0,6.67,14.0,0.2,0.6,0.5,-12.99,-3.18,10.32,-1.94,9.0,10.37,14.0,0.2,0.6,0.5,988.74,997.5,1014.87,999.16,9.0,16.9,14.0,0.3,0.5,0.4,3.3,8.0,8.0,6.2,9.0,2.3,14.0,0.3,0.6,0.4,-92.5,0.0,75.6,-10.3,9.0,80.6,14.0,0.2,0.6,0.5,-195.1,-21.2,126.9,-30.1,9.0,142.2,14.0,0.2,0.6,0.5,2.41,3.5,4.66,3.53,3.0,1.65,8.0,0.0,0.6,0.9,35.1,53.9,70.4,52.8,3.0,25.8,8.0,0.0,0.6,0.9,1.15,1.15,1.15,1.15,1.0,0.0,2.0,0.0,0.7,0.8,16.0,16.0,16.0,16.0,1.0,0.0,2.0,0.0,0.7,0.8,-20.0,0.0,49.5,14.2,7.0,36.7,16.0,0.3,0.6,0.5,-34.6,-4.6,85.2,18.9,7.0,59.4,16.0,0.3,0.6,0.5,-35.7,-35.7,-35.7,-35.7,1.0,0.0,2.0,0.0,0.7,0.8,-61.9,-61.9,-61.9,-61.9,1.0,0.0,2.0,0.0,0.7,0.8,-8.0,-8.0,-8.0,-8.0,1.0,0.0,2.0,0.0,0.7,0.8,-13.9,-13.9,-13.9,-13.9,1.0,0.0,2.0,0.0,0.7,0.8,436.5,1861.0,3189.0,1833.0,9.0,1266.5,14.0,0.2,0.6,0.5,435.0,1860.0,3190.0,1835.0,9.0,1265.0,14.0,0.2,0.6,0.5
1974,2,345.0,64.0,1.78,2.5,5.2,3.32,25.0,1.65,14.0,0.4,0.5,0.3,0.12,3.05,5.32,2.78,30.0,2.61,14.0,0.5,0.5,0.3,3.29,3.29,3.29,3.29,1.0,0.0,8.0,0.0,0.6,0.0,94.3,94.3,94.3,94.3,1.0,0.0,8.0,0.0,0.0,4.6,9.3,12.3,9.06,29.0,5.24,14.0,0.5,0.5,0.3,-7.12,0.89,4.11,-0.86,29.0,5.57,14.0,0.5,0.5,0.3,-9.05,-3.52,5.15,-2.5,29.0,8.61,14.0,0.5,0.5,0.3,984.48,1003.0,1011.5,998.35,30.0,14.71,14.0,0.5,0.5,0.3,5.0,7.5,8.0,6.7,30.0,1.7,14.0,0.5,0.5,0.3,-67.3,2.3,29.6,-21.3,29.0,71.9,14.0,0.5,0.5,0.3,-92.5,-16.2,38.7,-49.3,29.0,146.1,14.0,0.5,0.5,0.3,-2.26,0.4,2.43,0.56,25.0,3.05,14.0,0.4,0.5,0.3,-12.5,2.1,28.4,15.0,24.0,52.6,14.0,0.4,0.5,0.3,3.05,3.05,3.05,3.05,1.0,0.0,8.0,0.0,0.6,0.0,70.5,70.5,70.5,70.5,1.0,0.0,8.0,0.0,0.6,0.0,-13.3,0.0,18.0,1.7,29.0,14.4,14.0,0.5,0.5,0.3,-14.9,9.7,32.0,11.5,29.0,27.9,14.0,0.5,0.5,0.3,-26.0,-26.0,-26.0,-26.0,1.0,0.0,8.0,0.0,0.6,0.0,-71.5,-71.5,-71.5,-71.5,1.0,0.0,8.0,0.0,0.6,0.0,-24.1,-24.1,-24.1,-24.1,1.0,0.0,8.0,0.0,0.6,0.0,-66.2,-66.2,-66.2,-66.2,1.0,0.0,8.0,0.0,0.6,0.0,97.5,804.5,1861.0,1619.0,29.0,3081.5,14.0,0.5,0.5,0.3,95.0,805.0,1860.0,1620.0,29.0,3080.0,14.0,0.5,0.5,0.3
1974,2,345.0,66.0,1.48,2.1,2.2,1.83,7.0,0.43,4.0,0.1,0.4,0.6,-2.33,1.0,1.54,0.21,11.0,1.94,8.0,0.5,0.4,0.5,3.43,3.8,4.08,3.81,6.0,0.38,4.0,0.2,0.4,0.7,85.8,91.4,93.8,90.1,6.0,5.4,4.0,0.2,0.7,6.7,12.3,18.37,12.17,21.0,4.98,6.0,0.4,0.5,0.6,-12.31,-8.74,-3.5,-8.38,21.0,4.65,6.0,0.4,0.5,0.6,-12.1,-6.7,-3.36,-7.55,21.0,5.02,6.0,0.4,0.5,0.6,988.14,1004.3,1009.77,1000.15,11.0,10.65,8.0,0.5,0.4,0.5,7.0,8.0,8.0,7.4,21.0,1.4,6.0,0.4,0.5,0.6,-260.0,-107.0,-23.6,-119.3,21.0,97.1,6.0,0.4,0.5,0.6,-218.2,-51.7,-30.4,-110.8,21.0,121.0,6.0,0.4,0.5,0.6,-0.07,1.2,1.81,1.07,7.0,1.67,4.0,0.1,0.4,0.6,-2.9,11.3,21.9,10.9,6.0,18.1,4.0,0.2,0.4,0.7,0.23,0.7,1.0,0.6,6.0,0.46,4.0,0.2,0.4,0.7,3.1,8.5,13.4,8.8,6.0,7.7,4.0,0.2,0.4,0.7,-15.8,-11.4,-1.7,-10.2,10.0,7.7,8.0,0.5,0.4,0.5,-13.2,-9.6,6.7,-4.4,10.0,12.0,8.0,0.5,0.4,0.5,-44.2,-36.8,-31.9,-37.2,6.0,6.6,4.0,0.2,0.4,0.7,-47.2,-28.7,-14.0,-32.8,6.0,25.2,4.0,0.2,0.4,0.7,-10.9,-7.0,-1.9,-6.2,6.0,4.8,4.0,0.2,0.4,0.7,-7.7,-4.0,-1.4,-5.5,6.0,6.8,4.0,0.2,0.4,0.7,301.0,1861.0,6301.0,2764.0,21.0,3561.5,6.0,0.4,0.5,0.6,300.0,1860.0,6300.0,2765.0,21.0,3560.0,6.0,0.4,0.5,0.6
1974,2,345.0,67.0,2.2,2.2,2.2,2.2,1.0,0.0,4.0,0.0,1.0,0.0,0.92,0.95,0.98,0.95,2.0,0.07,12.0,0.0,0.5,0.5,3.5,3.5,3.5,3.5,1.0,0.0,4.0,0.0,1.0,0.0,86.5,86.5,86.5,86.5,1.0,0.0,4.0,0.0,0.0,10.3,10.3,10.3,10.3,1.0,0.0,4.0,0.0,1.0,0.0,-10.14,-10.14,-10.14,-10.14,1.0,0.0,4.0,0.0,1.0,0.0,1.79,1.79,1.79,1.79,1.0,0.0,4.0,0.0,1.0,0.0,1002.4,1005.4,1008.4,1005.4,2.0,6.22,12.0,0.0,0.5,0.5,4.6,6.0,7.4,6.0,2.0,2.8,12.0,0.0,0.5,0.5,-104.5,-104.5,-104.5,-104.5,1.0,0.0,4.0,0.0,1.0,0.0,18.4,18.4,18.4,18.4,1.0,0.0,4.0,0.0,1.0,0.0,1.3,1.3,1.3,1.3,1.0,0.0,4.0,0.0,1.0,0.0,13.4,13.4,13.4,13.4,1.0,0.0,4.0,0.0,1.0,0.0,0.94,0.94,0.94,0.94,1.0,0.0,4.0,0.0,1.0,0.0,9.7,9.7,9.7,9.7,1.0,0.0,4.0,0.0,1.0,0.0,-9.1,-9.1,-9.1,-9.1,1.0,0.0,4.0,0.0,1.0,0.0,1.6,1.6,1.6,1.6,1.0,0.0,4.0,0.0,1.0,0.0,-35.5,-35.5,-35.5,-35.5,1.0,0.0,4.0,0.0,1.0,0.0,6.3,6.3,6.3,6.3,1.0,0.0,4.0,0.0,1.0,0.0,-9.6,-9.6,-9.6,-9.6,1.0,0.0,4.0,0.0,1.0,0.0,1.7,1.7,1.7,1.7,1.0,0.0,4.0,0.0,1.0,0.0,1092.5,1092.5,1092.5,1092.5,1.0,0.0,4.0,0.0,1.0,0.0,1095.0,1095.0,1095.0,1095.0,1.0,0.0,4.0,0.0,1.0,0.0
1974,2,346.0,-35.0,20.3,20.95,21.6,20.95,2.0,1.34,14.0,1.0,0.4,0.6,19.36,19.7,20.04,19.7,2.0,0.71,14.0,1.0,0.4,0.6,9.87,10.7,11.54,10.7,2.0,1.72,14.0,1.0,0.4,0.6,68.3,75.5,82.6,75.5,2.0,14.9,14.0,1.0,0.6,8.95,9.5,10.05,9.5,2.0,1.13,14.0,1.0,0.4,0.6,-4.27,0.78,5.83,0.78,2.0,10.46,14.0,1.0,0.4,0.6,3.76,5.43,7.11,5.43,2.0,3.48,14.0,1.0,0.4,0.6,1010.58,1013.55,1016.52,1013.55,2.0,6.15,14.0,1.0,0.4,0.6,8.0,8.0,8.0,8.0,2.0,0.0,14.0,1.0,0.4,0.6,-46.1,1.5,49.0,1.5,2.0,98.5,14.0,1.0,0.4,0.6,34.7,53.6,72.5,53.6,2.0,39.2,14.0,1.0,0.4,0.6,0.26,1.25,2.24,1.25,2.0,2.05,14.0,1.0,0.4,0.6,2.0,10.7,19.4,10.7,2.0,18.1,14.0,1.0,0.4,0.6,4.58,4.75,4.91,4.75,2.0,0.34,14.0,1.0,0.4,0.6,41.1,45.3,49.4,45.3,2.0,8.6,14.0,1.0,0.4,0.6,-87.6,11.6,110.8,11.6,2.0,205.6,14.0,1.0,0.4,0.6,73.4,108.3,143.2,108.3,2.0,72.3,14.0,1.0,0.4,0.6,-37.4,17.3,72.0,17.3,2.0,113.3,14.0,1.0,0.4,0.6,41.7,55.2,68.6,55.2,2.0,27.8,14.0,1.0,0.4,0.6,-21.9,1.9,25.7,1.9,2.0,49.4,14.0,1.0,0.4,0.6,17.5,26.4,35.2,26.4,2.0,18.4,14.0,1.0,0.4,0.6,727.5,875.5,1024.0,875.5,2.0,307.0,14.0,1.0,0.4,0.6,725.0,875.0,1025.0,875.0,2.0,305.0,14.0,1.0,0.4,0.6
1974,2,346.0,-33.0,23.0,23.0,23.0,23.0,1.0,0.0,12.0,1.0,0.8,0.4,23.0,23.0,23.0,23.0,1.0,0.0,12.0,1.0,0.8,0.4,13.94,13.94,13.94,13.94,1.0,0.0,12.0,1.0,0.8,0.4,80.2,80.2,80.2,80.2,1.0,0.0,12.0,1.0,0.4,3.1,3.1,3.1,3.1,1.0,0.0,12.0,1.0,0.8,0.4,3.1,3.1,3.1,3.1,1.0,0.0,12.0,1.0,0.8,0.4,0.0,0.0,0.0,0.0,1.0,0.0,12.0,1.0,0.8,0.4,1017.5,1017.5,1017.5,1017.5,1.0,0.0,12.0,1.0,0.8,0.4,7.0,7.0,7.0,7.0,1.0,0.0,12.0,1.0,0.8,0.4,9.6,9.6,9.6,9.6,1.0,0.0,12.0,1.0,0.8,0.4,0.0,0.0,0.0,0.0,1.0,0.0,12.0,1.0,0.8,0.4,0.0,0.0,0.0,0.0,1.0,0.0,12.0,1.0,0.8,0.4,0.0,0.0,0.0,0.0,1.0,0.0,12.0,1.0,0.8,0.4,3.49,3.49,3.49,3.49,1.0,0.0,12.0,1.0,0.8,0.4,10.8,10.8,10.8,10.8,1.0,0.0,12.0,1.0,0.8,0.4,71.3,71.3,71.3,71.3,1.0,0.0,12.0,1.0,0.8,0.4,0.0,0.0,0.0,0.0,1.0,0.0,12.0,1.0,0.8,0.4,43.2,43.2,43.2,43.2,1.0,0.0,12.0,1.0,0.8,0.4,0.0,0.0,0.0,0.0,1.0,0.0,12.0,1.0,0.8,0.4,10.8,10.8,10.8,10.8,1.0,0.0,12.0,1.0,0.8,0.4,0.0,0.0,0.0,0.0,1.0,0.0,12.0,1.0,0.8,0.4,30.0,30.0,30.0,30.0,1.0,0.0,12.0,1.0,0.8,0.4,30.0,30.0,30.0,30.0,1.0,0.0,12.0,1.0,0.8,0.4
1974,2,346.0,-32.0,26.7,26.7,26.7,26.7,1.0,0.0,28.0,1.0,0.1,0.5,25.0,25.0,25.0,25.0,1.0,0.0,28.0,1.0,0.1,0.5,14.96,14.96,14.96,14.96,1.0,0.0,28.0,1.0,0.1,0.5,75.6,75.6,75.6,75.6,1.0,0.0,28.0,1.0,0.5,5.1,5.1,5.1,5.1,1.0,0.0,28.0,1.0,0.1,0.5,5.1,5.1,5.1,5.1,1.0,0.0,28.0,1.0,0.1,0.5,0.0,0.0,0.0,0.0,1.0,0.0,28.0,1.0,0.1,0.5,1010.0,1010.0,1010.0,1010.0,1.0,0.0,28.0,1.0,0.1,0.5,7.0,7.0,7.0,7.0,1.0,0.0,28.0,1.0,0.1,0.5,26.0,26.0,26.0,26.0,1.0,0.0,28.0,1.0,0.1,0.5,0.0,0.0,0.0,0.0,1.0,0.0,28.0,1.0,0.1,0.5,1.7,1.7,1.7,1.7,1.0,0.0,28.0,1.0,0.1,0.5,8.7,8.7,8.7,8.7,1.0,0.0,28.0,1.0,0.1,0.5,7.01,7.01,7.01,7.01,1.0,0.0,28.0,1.0,0.1,0.5,35.8,35.8,35.8,35.8,1.0,0.0,28.0,1.0,0.1,0.5,127.5,127.5,127.5,127.5,1.0,0.0,28.0,1.0,0.1,0.5,0.0,0.0,0.0,0.0,1.0,0.0,28.0,1.0,0.1,0.5,76.3,76.3,76.3,76.3,1.0,0.0,28.0,1.0,0.1,0.5,0.0,0.0,0.0,0.0,1.0,0.0,28.0,1.0,0.1,0.5,35.8,35.8,35.8,35.8,1.0,0.0,28.0,1.0,0.1,0.5,0.0,0.0,0.0,0.0,1.0,0.0,28.0,1.0,0.1,0.5,132.5,132.5,132.5,132.5,1.0,0.0,28.0,1.0,0.1,0.5,135.0,135.0,135.0,135.0,1.0,0.0,28.0,1.0,0.1,0.5
1974,2,346.0,-31.0,23.9,23.9,23.9,23.9,1.0,0.0,18.0,0.0,0.9,0.4,23.0,23.0,23.0,23.0,1.0,0.0,18.0,0.0,0.9,0.4,16.56,16.56,16.56,16.56,1.0,0.0,18.0,0.0,0.9,0.4,95.3,95.3,95.3,95.3,1.0,0.0,18.0,0.0,0.4,,,,,,,,,,,,,,,,,,,,,,,,,,,,,,,,,,,,,,,,,,,,,,,,,,,,,,,,,,,,,,,,,,,,,,,,,,,,,,,,,,,,,,,,,,,,,,,,,,,,,,,,,,,,,,,,,,,,,,,,,,,,,,,,,,,,,,,,,,,,,,,,,,,,,,,,,,,,,,,,,,,,,,,,,,,,,,,,,,,,,,,,,,,,,,
1974,2,346.0,-30.0,23.39,24.0,24.61,24.0,2.0,1.27,18.0,0.5,0.4,0.8,22.86,23.0,23.14,23.0,2.0,0.28,18.0,0.5,0.4,0.8,13.28,14.06,14.83,14.06,2.0,1.61,18.0,0.5,0.4,0.8,75.9,81.0,86.1,81.0,2.0,10.6,18.0,0.5,0.8,3.1,3.1,3.1,3.1,1.0,0.0,22.0,1.0,0.4,0.5,-2.91,-2.91,-2.91,-2.91,1.0,0.0,22.0,1.0,0.4,0.5,1.06,1.06,1.06,1.06,1.0,0.0,22.0,1.0,0.4,0.5,1018.31,1018.75,1019.19,1018.75,2.0,0.92,18.0,0.5,0.4,0.8,3.2,3.5,3.8,3.5,2.0,0.7,18.0,0.5,0.4,0.8,-9.0,-9.0,-9.0,-9.0,1.0,0.0,22.0,1.0,0.4,0.5,3.3,3.3,3.3,3.3,1.0,0.0,22.0,1.0,0.4,0.5,0.25,1.0,1.75,1.0,2.0,1.56,18.0,0.5,0.4,0.8,-0.3,-0.3,-0.3,-0.3,1.0,0.0,22.0,1.0,0.4,0.5,4.38,4.47,4.57,4.47,2.0,0.19,18.0,0.5,0.4,0.8,14.3,14.3,14.3,14.3,1.0,0.0,22.0,1.0,0.4,0.5,-67.6,-67.6,-67.6,-67.6,1.0,0.0,22.0,1.0,0.4,0.5,24.6,24.6,24.6,24.6,1.0,0.0,22.0,1.0,0.4,0.5,-37.6,-37.6,-37.6,-37.6,1.0,0.0,22.0,1.0,0.4,0.5,13.7,13.7,13.7,13.7,1.0,0.0,22.0,1.0,0.4,0.5,-13.4,-13.4,-13.4,-13.4,1.0,0.0,22.0,1.0,0.4,0.5,4.9,4.9,4.9,4.9,1.0,0.0,22.0,1.0,0.4,0.5,30.0,30.0,30.0,30.0,1.0,0.0,22.0,1.0,0.4,0.5,30.0,30.0,30.0,30.0,1.0,0.0,22.0,1.0,0.4,0.5
1974,2,346.0,-29.0,,,,,,,,,,,,,,,,,,,,,,,,,,,,,,,,,,,,,,,,,,,,,,,,,,,,,,,,,,,,,,,,,,,,,,,,,,,,,,,,8.0,8.0,8.0,8.0,1.0,0.0,22.0,1.0,0.5,0.6,0.0,0.0,0.0,0.0,1.0,0.0,22.0,1.0,0.5,0.6,26.0,26.0,26.0,26.0,1.0,0.0,22.0,1.0,0.5,0.6,,,,,,,,,,,,,,,,,,,,,,,,,,,,,,,,,,,,,,,,,,,,,,,,,,,,,,,,,,,,,,,,,,,,,,,,,,,,,,,,,,,,,,,,,,,,,,,,,,,,,,,,,,,,,,,,,,,,,,,,
1974,2,346.0,-28.0,24.06,24.2,24.34,24.2,3.0,0.2,16.0,0.0,0.5,0.5,22.48,23.5,23.5,23.0,3.0,0.87,16.0,0.0,0.5,0.5,12.82,12.93,13.18,13.0,3.0,0.27,16.0,0.0,0.5,0.5,72.1,74.0,77.4,74.8,3.0,3.9,16.0,0.0,0.5,2.42,3.1,4.12,3.27,3.0,1.26,16.0,0.0,0.5,0.5,-3.06,-1.06,-0.83,-1.92,3.0,1.79,16.0,0.0,0.5,0.5,-2.61,-1.97,0.94,-0.86,3.0,2.78,16.0,0.0,0.5,0.5,1015.73,1017.1,1017.58,1016.67,3.0,1.4,16.0,0.0,0.5,0.5,7.3,8.0,8.0,7.7,3.0,0.6,16.0,0.0,0.5,0.5,-13.6,-3.3,-2.1,-7.7,3.0,9.2,16.0,0.0,0.5,0.5,-7.5,-4.1,5.9,-0.9,3.0,10.2,16.0,0.0,0.5,0.5,0.56,0.7,1.86,1.2,3.0,1.04,16.0,0.0,0.5,0.5,1.5,1.6,8.0,4.7,3.0,5.5,16.0,0.0,0.5,0.5,5.59,5.76,5.97,5.78,3.0,0.28,16.0,0.0,0.5,0.5,13.6,17.9,24.7,19.1,3.0,8.2,16.0,0.0,0.5,0.5,-67.7,-24.9,-19.4,-43.1,3.0,38.7,16.0,0.0,0.5,0.5,-61.4,-46.4,19.8,-21.4,3.0,63.3,16.0,0.0,0.5,0.5,-39.5,-13.5,-10.8,-24.9,3.0,23.2,16.0,0.0,0.5,0.5,-33.7,-26.2,12.0,-11.2,3.0,35.9,16.0,0.0,0.5,0.5,-18.4,-6.1,-4.6,-11.4,3.0,11.1,16.0,0.0,0.5,0.5,-14.9,-10.9,6.1,-4.6,3.0,16.3,16.0,0.0,0.5,0.5,16.0,30.0,76.0,45.5,3.0,46.0,16.0,0.0,0.5,0.5,15.0,30.0,75.0,45.0,3.0,45.0,16.0,0.0,0.5,0.5
1974,2,346.0,-23.0,26.0,26.0,26.0,26.0,1.0,0.0,14.0,1.0,0.5,0.4,24.5,24.5,24.5,24.5,1.0,0.0,14.0,1.0,0.5,0.4,15.92,15.92,15.92,15.92,1.0,0.0,14.0,1.0,0.5,0.4,83.4,83.4,83.4,83.4,1.0,0.0,14.0,1.0,0.4,0.0,0.0,0.0,0.51,8.0,1.45,14.0,0.8,0.7,0.7,0.0,0.0,0.0,-0.5,8.0,1.43,14.0,0.8,0.7,0.7,0.0,0.0,0.0,0.09,8.0,0.25,14.0,0.8,0.7,0.7,1015.9,1015.9,1015.9,1015.9,1.0,0.0,14.0,1.0,0.5,0.4,3.3,4.0,4.7,4.0,2.0,1.4,14.0,1.0,0.6,0.6,0.0,0.0,0.0,-2.1,8.0,5.9,14.0,0.8,0.7,0.7,0.0,0.0,0.0,0.4,8.0,1.0,14.0,0.8,0.7,0.7,1.5,1.5,1.5,1.5,1.0,0.0,14.0,1.0,0.5,0.4,6.2,6.2,6.2,6.2,1.0,0.0,14.0,1.0,0.5,0.4,5.02,5.02,5.02,5.02,1.0,0.0,14.0,1.0,0.5,0.4,20.6,20.6,20.6,20.6,1.0,0.0,14.0,1.0,0.5,0.4,-98.9,-98.9,-98.9,-98.9,1.0,0.0,14.0,1.0,0.5,0.4,17.4,17.4,17.4,17.4,1.0,0.0,14.0,1.0,0.5,0.4,-64.3,-64.3,-64.3,-64.3,1.0,0.0,14.0,1.0,0.5,0.4,11.3,11.3,11.3,11.3,1.0,0.0,14.0,1.0,0.5,0.4,-20.3,-20.3,-20.3,-20.3,1.0,0.0,14.0,1.0,0.5,0.4,3.6,3.6,3.6,3.6,1.0,0.0,14.0,1.0,0.5,0.4,0.0,0.0,0.0,8.5,8.0,24.5,14.0,0.8,0.7,0.7,0.0,0.0,0.0,10.0,8.0,25.0,14.0,0.8,0.7,0.7
1974,2,346.0,-20.0,,,,,,,,,,,,,,,,,,,,,,,,,,,,,,,,,,,,,,,,7.36,7.7,8.04,7.7,2.0,0.71,18.0,1.0,0.6,0.4,-7.1,-7.1,-7.09,-7.1,2.0,0.01,18.0,1.0,0.6,0.4,1.7,2.68,3.65,2.68,2.0,2.02,18.0,1.0,0.6,0.4,1014.67,1015.45,1016.24,1015.45,2.0,1.63,18.0,1.0,0.6,0.4,,,,,,,,,,,,,,,,,,,,,,,,,,,,,,,,,,,,,,,,,,,,,,,,,,,,,,,,,,,,,,,,,,,,,,,,,,,,,,,,,,,,,,,,,,,,,,,,,,,,,,,,,,,,,,,,,,,,,,,,,,,,,,,,,,,,,,,,,,,,,,,,,,,,,,
1974,2,346.0,-19.0,23.63,24.5,25.8,24.72,5.0,1.61,18.0,0.2,0.6,0.6,23.19,23.5,24.37,23.76,5.0,0.78,18.0,0.2,0.6,0.6,13.06,13.31,15.91,14.46,3.0,2.31,20.0,0.3,0.7,0.7,70.0,73.5,83.5,76.6,4.0,10.6,18.0,0.3,0.7,3.67,4.1,5.6,4.7,5.0,2.0,18.0,0.2,0.6,0.6,-5.5,-3.85,-3.06,-4.41,5.0,2.16,18.0,0.2,0.6,0.6,-0.25,1.06,1.85,0.88,5.0,1.29,18.0,0.2,0.6,0.6,1012.19,1014.9,1016.72,1014.48,4.0,2.78,20.0,0.3,0.6,0.6,1.6,3.0,3.4,2.6,5.0,1.1,18.0,0.2,0.6,0.6,-34.6,-15.8,-11.5,-24.1,5.0,24.3,18.0,0.2,0.6,0.6,-1.0,3.3,7.6,3.4,5.0,5.2,18.0,0.2,0.6,0.6,0.43,1.0,1.44,0.96,5.0,0.85,18.0,0.2,0.6,0.6,1.3,4.0,9.2,5.6,5.0,7.3,18.0,0.2,0.6,0.6,3.2,4.3,7.67,5.41,3.0,3.41,20.0,0.3,0.7,0.7,13.1,17.6,57.3,34.8,3.0,35.6,20.0,0.3,0.7,0.7,-133.6,-92.5,-70.6,-106.0,5.0,56.5,18.0,0.2,0.6,0.6,-6.0,24.7,43.5,20.5,5.0,29.9,18.0,0.2,0.6,0.6,-95.4,-66.0,-48.7,-71.9,3.0,34.6,20.0,0.3,0.7,0.7,7.6,24.0,30.9,19.4,3.0,17.5,20.0,0.3,0.7,0.7,-56.0,-13.5,-11.4,-33.2,3.0,36.9,20.0,0.3,0.7,0.7,1.2,3.8,8.9,5.0,3.0,5.8,20.0,0.3,0.7,0.7,51.5,69.0,245.0,156.5,5.0,221.5,18.0,0.2,0.6,0.6,50.0,70.0,245.0,155.0,5.0,220.0,18.0,0.2,0.6,0.6
1974,2,346.0,-18.0,24.16,24.3,24.44,24.3,2.0,0.28,20.0,0.5,0.6,0.5,23.6,24.25,24.9,24.25,2.0,1.34,20.0,0.5,0.6,0.5,13.86,14.17,14.48,14.17,2.0,0.64,20.0,0.5,0.6,0.5,71.0,75.6,80.1,75.6,2.0,9.4,20.0,0.5,0.5,7.7,7.7,7.7,7.7,2.0,0.0,20.0,0.5,0.6,0.5,-7.54,-7.18,-6.83,-7.18,2.0,0.73,20.0,0.5,0.6,0.5,0.61,1.93,3.24,1.93,2.0,2.72,20.0,0.5,0.6,0.5,1013.99,1014.4,1014.81,1014.4,2.0,0.85,20.0,0.5,0.6,0.5,1.6,3.0,4.4,3.0,2.0,2.8,20.0,0.5,0.6,0.5,-58.0,-55.3,-52.6,-55.3,2.0,5.6,20.0,0.5,0.6,0.5,4.7,14.8,24.9,14.8,2.0,21.0,20.0,0.5,0.6,0.5,-0.73,0.05,0.83,0.05,2.0,1.63,20.0,0.5,0.6,0.5,-5.7,0.4,6.4,0.4,2.0,12.5,20.0,0.5,0.6,0.5,4.62,4.76,4.9,4.76,2.0,0.3,20.0,0.5,0.6,0.5,35.5,36.6,37.8,36.6,2.0,2.3,20.0,0.5,0.6,0.5,-187.9,-174.7,-161.5,-174.7,2.0,27.3,20.0,0.5,0.6,0.5,14.2,44.9,75.5,44.9,2.0,63.4,20.0,0.5,0.6,0.5,-104.3,-101.6,-98.8,-101.6,2.0,5.7,20.0,0.5,0.6,0.5,8.9,28.1,47.4,28.1,2.0,39.8,20.0,0.5,0.6,0.5,-37.0,-34.3,-31.6,-34.3,2.0,5.6,20.0,0.5,0.6,0.5,2.8,8.8,14.7,8.8,2.0,12.4,20.0,0.5,0.6,0.5,456.5,456.5,456.5,456.5,2.0,0.0,20.0,0.5,0.6,0.5,455.0,455.0,455.0,455.0,2.0,0.0,20.0,0.5,0.6,0.5
1974,2,346.0,-17.0,26.9,26.9,26.9,26.9,1.0,0.0,22.0,0.0,0.5,1.0,24.5,24.5,24.5,24.5,1.0,0.0,22.0,0.0,0.5,1.0,17.07,17.07,17.07,17.07,1.0,0.0,22.0,0.0,0.5,1.0,89.2,89.2,89.2,89.2,1.0,0.0,22.0,0.0,1.0,6.7,6.7,6.7,6.7,1.0,0.0,22.0,0.0,0.5,1.0,-5.13,-5.13,-5.13,-5.13,1.0,0.0,22.0,0.0,0.5,1.0,4.31,4.31,4.31,4.31,1.0,0.0,22.0,0.0,0.5,1.0,1014.2,1014.2,1014.2,1014.2,1.0,0.0,22.0,0.0,0.5,1.0,2.0,2.0,2.0,2.0,1.0,0.0,22.0,0.0,0.5,1.0,-34.4,-34.4,-34.4,-34.4,1.0,0.0,22.0,0.0,0.5,1.0,28.9,28.9,28.9,28.9,1.0,0.0,22.0,0.0,0.5,1.0,2.4,2.4,2.4,2.4,1.0,0.0,22.0,0.0,0.5,1.0,16.1,16.1,16.1,16.1,1.0,0.0,22.0,0.0,0.5,1.0,5.07,5.07,5.07,5.07,1.0,0.0,22.0,0.0,0.5,1.0,34.0,34.0,34.0,34.0,1.0,0.0,22.0,0.0,0.5,1.0,-125.7,-125.7,-125.7,-125.7,1.0,0.0,22.0,0.0,0.5,1.0,105.5,105.5,105.5,105.5,1.0,0.0,22.0,0.0,0.5,1.0,-87.6,-87.6,-87.6,-87.6,1.0,0.0,22.0,0.0,0.5,1.0,73.5,73.5,73.5,73.5,1.0,0.0,22.0,0.0,0.5,1.0,-26.0,-26.0,-26.0,-26.0,1.0,0.0,22.0,0.0,0.5,1.0,21.8,21.8,21.8,21.8,1.0,0.0,22.0,0.0,0.5,1.0,301.0,301.0,301.0,301.0,1.0,0.0,22.0,0.0,0.5,1.0,300.0,300.0,300.0,300.0,1.0,0.0,22.0,0.0,0.5,1.0
1974,2,346.0,-15.0,25.5,25.5,25.5,25.5,1.0,0.0,4.0,1.0,0.4,1.0,24.5,24.5,24.5,24.5,1.0,0.0,4.0,1.0,0.4,1.0,15.4,15.4,15.4,15.4,1.0,0.0,4.0,1.0,0.4,1.0,80.4,80.4,80.4,80.4,1.0,0.0,4.0,1.0,1.0,4.6,4.6,4.6,4.6,1.0,0.0,4.0,1.0,0.4,1.0,-4.32,-4.32,-4.32,-4.32,1.0,0.0,4.0,1.0,0.4,1.0,1.57,1.57,1.57,1.57,1.0,0.0,4.0,1.0,0.4,1.0,1011.6,1011.6,1011.6,1011.6,1.0,0.0,4.0,1.0,0.4,1.0,1.0,1.0,1.0,1.0,1.0,0.0,4.0,1.0,0.4,1.0,-19.9,-19.9,-19.9,-19.9,1.0,0.0,4.0,1.0,0.4,1.0,7.2,7.2,7.2,7.2,1.0,0.0,4.0,1.0,0.4,1.0,1.0,1.0,1.0,1.0,1.0,0.0,4.0,1.0,0.4,1.0,4.6,4.6,4.6,4.6,1.0,0.0,4.0,1.0,0.4,1.0,5.01,5.01,5.01,5.01,1.0,0.0,4.0,1.0,0.4,1.0,23.0,23.0,23.0,23.0,1.0,0.0,4.0,1.0,0.4,1.0,-105.9,-105.9,-105.9,-105.9,1.0,0.0,4.0,1.0,0.4,1.0,38.5,38.5,38.5,38.5,1.0,0.0,4.0,1.0,0.4,1.0,-66.6,-66.6,-66.6,-66.6,1.0,0.0,4.0,1.0,0.4,1.0,24.2,24.2,24.2,24.2,1.0,0.0,4.0,1.0,0.4,1.0,-21.6,-21.6,-21.6,-21.6,1.0,0.0,4.0,1.0,0.4,1.0,7.9,7.9,7.9,7.9,1.0,0.0,4.0,1.0,0.4,1.0,97.5,97.5,97.5,97.5,1.0,0.0,4.0,1.0,0.4,1.0,95.0,95.0,95.0,95.0,1.0,0.0,4.0,1.0,0.4,1.0
1974,2,346.0,-13.0,24.69,25.25,25.76,25.23,4.0,0.68,18.0,0.5,0.6,0.4,23.1,26.05,28.16,25.65,4.0,2.99,18.0,0.5,0.6,0.4,15.28,16.05,17.25,16.26,4.0,1.22,18.0,0.5,0.6,0.4,72.4,79.2,86.9,79.7,4.0,9.1,18.0,0.5,0.4,3.84,4.35,5.96,4.88,4.0,1.6,18.0,0.5,0.6,0.4,-4.72,-3.7,-3.24,-3.97,4.0,1.1,18.0,0.5,0.6,0.4,-1.55,1.01,3.09,0.78,4.0,3.35,18.0,0.5,0.6,0.4,1012.74,1013.5,1015.0,1013.85,4.0,1.5,18.0,0.5,0.6,0.4,2.5,3.0,5.6,4.0,4.0,2.7,18.0,0.5,0.6,0.4,-28.3,-14.7,-13.2,-20.5,4.0,12.9,18.0,0.5,0.6,0.4,-7.4,4.0,20.2,6.3,4.0,20.4,18.0,0.5,0.6,0.4,-3.0,-0.3,2.13,-0.42,4.0,3.07,18.0,0.5,0.6,0.4,-11.7,0.4,10.8,-0.4,4.0,13.1,18.0,0.5,0.6,0.4,2.76,3.92,4.8,3.79,4.0,1.21,18.0,0.5,0.6,0.4,11.4,16.9,27.6,19.4,4.0,11.4,18.0,0.5,0.6,0.4,-117.4,-92.9,-84.1,-100.4,4.0,23.0,18.0,0.5,0.6,0.4,-43.3,24.4,73.3,15.4,4.0,86.6,18.0,0.5,0.6,0.4,-72.8,-58.6,-55.3,-63.8,4.0,14.7,18.0,0.5,0.6,0.4,-27.9,15.8,47.6,10.1,4.0,55.4,18.0,0.5,0.6,0.4,-22.8,-13.7,-8.9,-15.7,4.0,8.7,18.0,0.5,0.6,0.4,-5.1,4.0,15.0,4.9,4.0,14.0,18.0,0.5,0.6,0.4,57.5,83.0,242.0,146.5,4.0,152.5,18.0,0.5,0.6,0.4,55.0,85.0,240.0,145.0,4.0,155.0,18.0,0.5,0.6,0.4
1974,2,346.0,-12.0,25.0,25.0,25.0,25.0,1.0,0.0,8.0,0.0,1.0,0.5,23.4,23.4,23.4,23.4,1.0,0.0,8.0,0.0,1.0,0.5,14.77,14.77,14.77,14.77,1.0,0.0,8.0,0.0,1.0,0.5,82.2,82.2,82.2,82.2,1.0,0.0,8.0,0.0,0.5,8.2,8.2,8.2,8.2,1.0,0.0,8.0,0.0,1.0,0.5,-6.28,-6.28,-6.28,-6.28,1.0,0.0,8.0,0.0,1.0,0.5,5.27,5.27,5.27,5.27,1.0,0.0,8.0,0.0,1.0,0.5,1009.8,1009.8,1009.8,1009.8,1.0,0.0,8.0,0.0,1.0,0.5,4.0,4.0,4.0,4.0,1.0,0.0,8.0,0.0,1.0,0.5,-51.5,-51.5,-51.5,-51.5,1.0,0.0,8.0,0.0,1.0,0.5,43.2,43.2,43.2,43.2,1.0,0.0,8.0,0.0,1.0,0.5,1.6,1.6,1.6,1.6,1.0,0.0,8.0,0.0,1.0,0.5,13.1,13.1,13.1,13.1,1.0,0.0,8.0,0.0,1.0,0.5,5.07,5.07,5.07,5.07,1.0,0.0,8.0,0.0,1.0,0.5,41.5,41.5,41.5,41.5,1.0,0.0,8.0,0.0,1.0,0.5,-147.0,-147.0,-147.0,-147.0,1.0,0.0,8.0,0.0,1.0,0.5,123.3,123.3,123.3,123.3,1.0,0.0,8.0,0.0,1.0,0.5,-92.8,-92.8,-92.8,-92.8,1.0,0.0,8.0,0.0,1.0,0.5,77.9,77.9,77.9,77.9,1.0,0.0,8.0,0.0,1.0,0.5,-31.8,-31.8,-31.8,-31.8,1.0,0.0,8.0,0.0,1.0,0.5,26.7,26.7,26.7,26.7,1.0,0.0,8.0,0.0,1.0,0.5,551.5,551.5,551.5,551.5,1.0,0.0,8.0,0.0,1.0,0.5,550.0,550.0,550.0,550.0,1.0,0.0,8.0,0.0,1.0,0.5
1974,2,346.0,-11.0,27.21,27.65,28.09,27.65,2.0,0.92,16.0,0.5,0.4,0.8,25.16,25.5,29.39,27.23,3.0,3.44,16.0,0.3,0.4,0.7,14.97,15.76,16.55,15.76,2.0,1.64,18.0,0.0,0.5,0.6,75.6,78.6,81.6,78.6,2.0,6.2,18.0,0.0,0.6,4.77,6.2,7.43,6.1,3.0,1.95,16.0,0.3,0.4,0.7,-4.51,-4.0,-3.41,-3.96,3.0,0.8,16.0,0.3,0.4,0.7,3.06,3.99,5.99,4.52,3.0,2.2,16.0,0.3,0.4,0.7,1009.68,1010.5,1013.57,1011.6,3.0,3.0,16.0,0.3,0.4,0.7,0.6,2.0,3.4,2.0,3.0,2.0,16.0,0.3,0.4,0.7,-31.2,-29.4,-18.1,-24.8,3.0,10.4,16.0,0.3,0.4,0.7,15.2,24.7,45.7,30.3,3.0,22.8,16.0,0.3,0.4,0.7,-3.09,-0.7,1.69,-0.7,2.0,4.95,16.0,0.5,0.4,0.8,-25.5,-8.1,9.3,-8.1,2.0,36.0,16.0,0.5,0.4,0.8,7.23,7.23,7.23,7.23,1.0,0.0,24.0,0.0,0.4,0.6,44.8,44.8,44.8,44.8,1.0,0.0,24.0,0.0,0.4,0.6,-123.6,-121.1,-92.0,-108.1,3.0,25.7,16.0,0.3,0.4,0.7,77.2,101.6,179.8,127.9,3.0,78.5,16.0,0.3,0.4,0.7,-74.9,-63.1,-51.3,-63.1,2.0,24.4,18.0,0.0,0.5,0.6,43.1,53.0,62.8,53.0,2.0,20.5,18.0,0.0,0.5,0.6,-34.3,-34.3,-34.3,-34.3,1.0,0.0,24.0,0.0,0.4,0.6,28.8,28.8,28.8,28.8,1.0,0.0,24.0,0.0,0.4,0.6,122.5,238.5,425.0,273.0,3.0,223.5,16.0,0.3,0.4,0.7,125.0,240.0,425.0,275.0,3.0,225.0,16.0,0.3,0.4,0.7
1974,2,346.0,-10.0,26.23,27.8,28.48,27.37,3.0,1.69,20.0,0.7,0.7,1.0,25.91,27.0,27.34,26.63,3.0,1.1,20.0,0.7,0.7,1.0,17.39,17.97,20.02,18.69,3.0,2.03,20.0,0.7,0.7,1.0,79.1,88.7,92.1,85.7,3.0,9.9,20.0,0.7,1.0,4.76,5.1,10.08,7.37,3.0,4.37,20.0,0.7,0.7,1.0,-7.6,-3.52,-3.36,-5.43,3.0,3.52,20.0,0.7,0.7,1.0,-0.78,3.91,6.68,2.97,3.0,5.52,20.0,0.7,0.7,1.0,1009.12,1011.1,1011.37,1010.27,3.0,1.8,20.0,0.7,0.7,1.0,2.6,6.0,6.7,4.7,3.0,3.2,20.0,0.7,0.7,1.0,-85.7,-16.7,-16.4,-50.2,3.0,58.5,20.0,0.7,0.7,1.0,-3.0,19.9,73.8,35.1,3.0,57.7,20.0,0.7,0.7,1.0,-0.79,1.8,2.21,0.73,3.0,2.39,20.0,0.7,0.7,1.0,-14.3,8.3,11.0,-1.4,3.0,20.3,20.0,0.7,0.7,1.0,3.51,3.95,4.97,4.23,3.0,1.1,20.0,0.7,0.7,1.0,21.2,27.8,36.8,29.0,3.0,11.4,20.0,0.7,0.7,1.0,-208.5,-95.1,-87.0,-146.5,3.0,99.5,20.0,0.7,0.7,1.0,-23.0,99.2,181.1,79.5,3.0,150.5,20.0,0.7,0.7,1.0,-134.5,-73.9,-63.7,-98.5,3.0,56.0,20.0,0.7,0.7,1.0,-20.1,70.2,115.4,48.2,3.0,101.0,20.0,0.7,0.7,1.0,-27.1,-17.9,-15.2,-21.0,3.0,9.1,20.0,0.7,0.7,1.0,-1.2,21.3,24.7,12.0,3.0,20.6,20.0,0.7,0.7,1.0,108.5,132.5,1343.5,712.0,3.0,1034.5,20.0,0.7,0.7,1.0,110.0,135.0,1345.0,710.0,3.0,1035.0,20.0,0.7,0.7,1.0
1974,2,346.0,-9.0,26.0,26.0,26.0,26.0,1.0,0.0,24.0,1.0,0.4,0.7,28.0,28.0,28.0,28.0,1.0,0.0,24.0,1.0,0.4,0.7,16.41,16.41,16.41,16.41,1.0,0.0,24.0,1.0,0.4,0.7,69.9,69.9,69.9,69.9,1.0,0.0,24.0,1.0,0.7,7.7,7.7,7.7,7.7,1.0,0.0,24.0,1.0,0.4,0.7,-4.95,-4.95,-4.95,-4.95,1.0,0.0,24.0,1.0,0.4,0.7,5.9,5.9,5.9,5.9,1.0,0.0,24.0,1.0,0.4,0.7,1016.3,1016.3,1016.3,1016.3,1.0,0.0,24.0,1.0,0.4,0.7,2.0,2.0,2.0,2.0,1.0,0.0,24.0,1.0,0.4,0.7,-38.1,-38.1,-38.1,-38.1,1.0,0.0,24.0,1.0,0.4,0.7,45.4,45.4,45.4,45.4,1.0,0.0,24.0,1.0,0.4,0.7,-2.0,-2.0,-2.0,-2.0,1.0,0.0,24.0,1.0,0.4,0.7,-15.4,-15.4,-15.4,-15.4,1.0,0.0,24.0,1.0,0.4,0.7,4.52,4.52,4.52,4.52,1.0,0.0,24.0,1.0,0.4,0.7,34.8,34.8,34.8,34.8,1.0,0.0,24.0,1.0,0.4,0.7,-138.6,-138.6,-138.6,-138.6,1.0,0.0,24.0,1.0,0.4,0.7,165.2,165.2,165.2,165.2,1.0,0.0,24.0,1.0,0.4,0.7,-81.2,-81.2,-81.2,-81.2,1.0,0.0,24.0,1.0,0.4,0.7,96.8,96.8,96.8,96.8,1.0,0.0,24.0,1.0,0.4,0.7,-22.4,-22.4,-22.4,-22.4,1.0,0.0,24.0,1.0,0.4,0.7,26.7,26.7,26.7,26.7,1.0,0.0,24.0,1.0,0.4,0.7,456.5,456.5,456.5,456.5,1.0,0.0,24.0,1.0,0.4,0.7,455.0,455.0,455.0,455.0,1.0,0.0,24.0,1.0,0.4,0.7
1974,2,346.0,-8.0,26.83,26.9,27.86,27.33,3.0,0.84,18.0,0.3,0.5,0.4,25.82,26.5,26.7,26.27,3.0,0.68,18.0,0.3,0.5,0.4,15.74,16.52,16.72,16.23,3.0,0.76,18.0,0.3,0.5,0.4,75.1,75.2,76.9,76.0,3.0,1.5,18.0,0.3,0.4,4.6,4.6,7.81,6.17,3.0,2.71,18.0,0.3,0.5,0.4,-5.2,-3.52,-3.52,-4.34,3.0,1.42,18.0,0.3,0.5,0.4,2.96,2.96,5.8,4.35,3.0,2.41,18.0,0.3,0.5,0.4,1008.23,1009.8,1010.62,1009.43,3.0,1.78,18.0,0.3,0.5,0.4,1.3,2.0,2.7,2.0,3.0,1.0,18.0,0.3,0.5,0.4,-43.1,-16.2,-16.2,-29.3,3.0,22.7,18.0,0.3,0.5,0.4,13.6,13.6,49.5,31.2,3.0,30.4,18.0,0.3,0.5,0.4,0.13,0.4,2.04,1.07,3.0,1.51,18.0,0.3,0.5,0.4,0.6,1.8,18.4,9.3,3.0,14.5,18.0,0.3,0.5,0.4,5.46,5.58,7.81,6.61,3.0,1.94,18.0,0.3,0.5,0.4,25.1,25.7,64.3,44.3,3.0,32.9,18.0,0.3,0.5,0.4,-134.0,-94.4,-93.7,-113.4,3.0,33.8,18.0,0.3,0.5,0.4,78.6,79.2,149.2,113.1,3.0,59.4,18.0,0.3,0.5,0.4,-81.5,-59.2,-58.5,-69.8,3.0,19.2,18.0,0.3,0.5,0.4,49.1,49.7,90.5,69.3,3.0,34.8,18.0,0.3,0.5,0.4,-42.4,-19.7,-19.2,-30.5,3.0,19.4,18.0,0.3,0.5,0.4,16.1,16.5,48.3,31.8,3.0,27.0,18.0,0.3,0.5,0.4,97.5,97.5,580.0,333.0,3.0,408.0,18.0,0.3,0.5,0.4,95.0,95.0,580.0,335.0,3.0,410.0,18.0,0.3,0.5,0.4
1974,2,346.0,-6.0,28.3,28.3,28.3,28.3,1.0,0.0,18.0,1.0,0.9,0.7,25.09,25.7,26.31,25.7,2.0,1.27,22.0,0.5,0.6,0.8,17.12,17.72,18.32,17.72,2.0,1.24,22.0,0.5,0.6,0.8,85.7,85.8,85.9,85.8,2.0,0.2,22.0,0.5,0.8,3.1,3.1,3.1,3.1,1.0,0.0,18.0,1.0,0.9,0.7,-3.1,-3.1,-3.1,-3.1,1.0,0.0,18.0,1.0,0.9,0.7,0.0,0.0,0.0,0.0,1.0,0.0,18.0,1.0,0.9,0.7,1009.63,1011.4,1013.17,1011.4,2.0,3.68,22.0,0.5,0.6,0.8,7.2,7.5,7.8,7.5,2.0,0.7,22.0,0.5,0.6,0.8,-9.6,-9.6,-9.6,-9.6,1.0,0.0,18.0,1.0,0.9,0.7,0.0,0.0,0.0,0.0,1.0,0.0,18.0,1.0,0.9,0.7,3.5,3.5,3.5,3.5,1.0,0.0,18.0,1.0,0.9,0.7,10.9,10.9,10.9,10.9,1.0,0.0,18.0,1.0,0.9,0.7,7.34,7.34,7.34,7.34,1.0,0.0,18.0,1.0,0.9,0.7,22.8,22.8,22.8,22.8,1.0,0.0,18.0,1.0,0.9,0.7,-76.9,-76.9,-76.9,-76.9,1.0,0.0,18.0,1.0,0.9,0.7,0.0,0.0,0.0,0.0,1.0,0.0,18.0,1.0,0.9,0.7,-52.2,-52.2,-52.2,-52.2,1.0,0.0,18.0,1.0,0.9,0.7,0.0,0.0,0.0,0.0,1.0,0.0,18.0,1.0,0.9,0.7,-22.8,-22.8,-22.8,-22.8,1.0,0.0,18.0,1.0,0.9,0.7,0.0,0.0,0.0,0.0,1.0,0.0,18.0,1.0,0.9,0.7,30.0,30.0,30.0,30.0,1.0,0.0,18.0,1.0,0.9,0.7,30.0,30.0,30.0,30.0,1.0,0.0,18.0,1.0,0.9,0.7
1974,2,346.0,-5.0,27.29,27.9,28.51,27.9,2.0,1.27,16.0,0.5,0.9,0.5,26.91,27.35,27.79,27.35,2.0,0.92,16.0,0.5,0.9,0.5,15.51,15.51,15.51,15.51,1.0,0.0,24.0,0.0,1.0,0.4,71.0,71.0,71.0,71.0,1.0,0.0,24.0,0.0,0.4,7.44,7.95,8.46,7.95,2.0,1.06,16.0,0.5,0.9,0.5,-5.58,-5.55,-5.53,-5.55,2.0,0.05,16.0,0.5,0.9,0.5,4.95,5.65,6.34,5.65,2.0,1.44,16.0,0.5,0.9,0.5,1009.55,1010.1,1010.65,1010.1,2.0,1.13,16.0,0.5,0.9,0.5,3.2,3.5,3.8,3.5,2.0,0.7,16.0,0.5,0.9,0.5,-47.2,-44.2,-41.1,-44.2,2.0,6.3,16.0,0.5,0.9,0.5,37.2,45.7,54.1,45.7,2.0,17.4,16.0,0.5,0.9,0.5,-0.51,0.55,1.61,0.55,2.0,2.19,16.0,0.5,0.9,0.5,-4.9,3.2,11.3,3.2,2.0,16.8,16.0,0.5,0.9,0.5,9.35,9.35,9.35,9.35,1.0,0.0,24.0,0.0,1.0,0.4,67.3,67.3,67.3,67.3,1.0,0.0,24.0,0.0,1.0,0.4,-155.1,-151.9,-148.7,-151.9,2.0,6.6,16.0,0.5,0.9,0.5,133.6,155.1,176.6,155.1,2.0,44.6,16.0,0.5,0.9,0.5,-85.6,-85.6,-85.6,-85.6,1.0,0.0,24.0,0.0,1.0,0.4,71.8,71.8,71.8,71.8,1.0,0.0,24.0,0.0,1.0,0.4,-51.6,-51.6,-51.6,-51.6,1.0,0.0,24.0,0.0,1.0,0.4,43.3,43.3,43.3,43.3,1.0,0.0,24.0,0.0,1.0,0.4,418.5,516.0,613.0,516.0,2.0,201.5,16.0,0.5,0.9,0.5,420.0,515.0,615.0,515.0,2.0,200.0,16.0,0.5,0.9,0.5
1974,2,346.0,-4.0,26.86,27.0,27.68,27.27,3.0,0.64,12.0,0.7,0.5,0.7,26.25,26.8,27.96,27.1,3.0,1.28,12.0,0.7,0.5,0.7,18.48,18.79,19.1,18.79,2.0,0.65,14.0,1.0,0.5,0.9,77.2,81.2,85.3,81.2,2.0,8.5,14.0,1.0,0.9,4.26,4.6,6.37,5.3,3.0,1.66,12.0,0.7,0.5,0.7,-4.1,-2.96,-2.34,-3.21,3.0,1.31,12.0,0.7,0.5,0.7,3.53,3.55,4.89,4.2,3.0,1.14,12.0,0.7,0.5,0.7,1007.72,1009.9,1009.97,1008.87,3.0,1.88,12.0,0.7,0.5,0.7,3.3,4.0,6.7,5.0,3.0,2.6,12.0,0.7,0.5,0.7,-27.1,-13.6,-10.1,-18.4,3.0,13.1,12.0,0.7,0.5,0.7,15.1,16.2,32.3,23.5,3.0,14.1,12.0,0.7,0.5,0.7,-0.34,0.0,0.68,0.17,3.0,0.76,12.0,0.7,0.5,0.7,-1.6,0.0,4.9,1.6,3.0,5.0,12.0,0.7,0.5,0.7,3.26,4.13,5.0,4.13,2.0,1.8,14.0,1.0,0.5,0.9,13.8,18.3,22.8,18.3,2.0,9.3,14.0,1.0,0.5,0.9,-108.9,-84.3,-64.2,-86.5,3.0,32.8,12.0,0.7,0.5,0.7,96.8,100.4,129.8,113.0,3.0,26.5,12.0,0.7,0.5,0.7,-51.9,-46.8,-41.8,-46.8,2.0,10.4,14.0,1.0,0.5,0.9,65.2,66.5,67.7,66.5,2.0,2.6,14.0,1.0,0.5,0.9,-14.4,-10.9,-7.5,-10.9,2.0,7.2,14.0,1.0,0.5,0.9,11.6,14.6,17.6,14.6,2.0,6.3,14.0,1.0,0.5,0.9,78.0,97.5,285.5,180.0,3.0,168.0,12.0,0.7,0.5,0.7,80.0,95.0,285.0,180.0,3.0,170.0,12.0,0.7,0.5,0.7
1974,2,346.0,-3.0,,,,,,,,,,,,,,,,,,,,,,,,,,,,,,,,,,,,,,,,8.0,8.0,8.0,8.0,1.0,0.0,8.0,0.0,0.3,0.5,-6.13,-6.13,-6.13,-6.13,1.0,0.0,8.0,0.0,0.3,0.5,5.14,5.14,5.14,5.14,1.0,0.0,8.0,0.0,0.3,0.5,1008.4,1008.4,1008.4,1008.4,1.0,0.0,8.0,0.0,0.3,0.5,,,,,,,,,,,,,,,,,,,,,,,,,,,,,,,,,,,,,,,,,,,,,,,,,,,,,,,,,,,,,,,,,,,,,,,,,,,,,,,,,,,,,,,,,,,,,,,,,,,,,,,,,,,,,,,,,,,,,,,,,,,,,,,,,,,,,,,,,,,,,,,,,,,,,,
1974,2,346.0,-2.0,,,,,,,,,,,,,,,,,,,,,,,,,,,,,,,,,,,,,,,,8.2,8.2,8.2,8.2,1.0,0.0,8.0,0.0,0.3,0.5,-6.28,-6.28,-6.28,-6.28,1.0,0.0,8.0,0.0,0.3,0.5,5.27,5.27,5.27,5.27,1.0,0.0,8.0,0.0,0.3,0.5,1008.4,1008.4,1008.4,1008.4,1.0,0.0,8.0,0.0,0.3,0.5,,,,,,,,,,,,,,,,,,,,,,,,,,,,,,,,,,,,,,,,,,,,,,,,,,,,,,,,,,,,,,,,,,,,,,,,,,,,,,,,,,,,,,,,,,,,,,,,,,,,,,,,,,,,,,,,,,,,,,,,,,,,,,,,,,,,,,,,,,,,,,,,,,,,,,
1974,2,346.0,-1.0,,,,,,,,,,,,,,,,,,,,,,,,,,,,,,,,,,,,,,,,6.16,6.5,6.84,6.5,2.0,0.71,16.0,0.5,0.6,0.6,-6.26,-5.59,-4.91,-5.59,2.0,1.4,16.0,0.5,0.6,0.6,2.63,3.13,3.62,3.13,2.0,1.03,16.0,0.5,0.6,0.6,1007.0,1007.0,1007.0,1007.0,1.0,0.0,10.0,1.0,0.2,0.7,,,,,,,,,,,,,,,,,,,,,,,,,,,,,,,,,,,,,,,,,,,,,,,,,,,,,,,,,,,,,,,,,,,,,,,,,,,,,,,,,,,,,,,,,,,,,,,,,,,,,,,,,,,,,,,,,,,,,,,,,,,,,,,,,,,,,,,,,,,,,,,,,,,,,,
1974,2,346.0,0.0,,,,,,,,,,,,,,,,,,,,,,,,,,,,,,,,,,,,,,,,2.1,2.1,2.1,2.1,1.0,0.0,18.0,0.0,0.8,0.5,0.0,0.0,0.0,0.0,1.0,0.0,18.0,0.0,0.8,0.5,2.1,2.1,2.1,2.1,1.0,0.0,18.0,0.0,0.8,0.5,1008.0,1008.0,1008.0,1008.0,1.0,0.0,18.0,0.0,0.8,0.5,,,,,,,,,,,,,,,,,,,,,,,,,,,,,,,,,,,,,,,,,,,,,,,,,,,,,,,,,,,,,,,,,,,,,,,,,,,,,,,,,,,,,,,,,,,,,,,,,,,,,,,,,,,,,,,,,,,,,,,,,,,,,,,,,,,,,,,,,,,,,,,,,,,,,,
1974,2,346.0,1.0,27.1,28.85,29.98,28.55,4.0,1.92,18.0,0.3,0.7,0.4,26.71,27.1,28.05,27.36,5.0,1.03,18.0,0.2,0.7,0.5,18.05,19.17,19.92,18.99,4.0,1.12,18.0,0.3,0.7,0.4,80.8,82.9,86.1,83.4,4.0,4.0,18.0,0.3,0.4,0.0,2.6,2.97,1.76,5.0,1.66,18.0,0.2,0.7,0.5,-1.88,0.0,0.16,-0.81,5.0,1.64,18.0,0.2,0.7,0.5,0.0,0.0,2.49,1.0,5.0,1.37,18.0,0.2,0.7,0.5,1008.63,1009.1,1010.34,1009.46,5.0,1.06,18.0,0.2,0.7,0.5,1.4,3.5,4.0,2.8,4.0,1.9,18.0,0.3,0.8,0.6,-6.2,0.0,0.4,-2.8,5.0,5.8,18.0,0.2,0.7,0.5,0.0,0.0,6.5,2.6,5.0,3.6,18.0,0.2,0.7,0.5,0.04,1.4,2.39,1.23,4.0,1.77,18.0,0.3,0.7,0.4,0.0,1.7,6.0,2.9,4.0,3.9,18.0,0.3,0.7,0.4,3.31,6.7,7.9,5.65,4.0,3.2,18.0,0.3,0.7,0.4,0.0,7.4,18.1,9.0,4.0,10.7,18.0,0.3,0.7,0.4,-50.9,0.0,4.5,-22.0,5.0,44.9,18.0,0.2,0.7,0.5,0.0,0.0,65.9,26.6,5.0,36.5,18.0,0.2,0.7,0.5,-8.2,0.0,4.4,-1.8,4.0,10.0,18.0,0.3,0.7,0.4,0.0,21.6,45.3,22.6,4.0,26.2,18.0,0.3,0.7,0.4,-3.8,0.0,1.4,-1.2,4.0,4.2,18.0,0.3,0.7,0.4,0.0,7.3,17.4,8.6,4.0,10.2,18.0,0.3,0.7,0.4,0.0,17.5,28.0,16.5,5.0,19.0,18.0,0.2,0.7,0.5,0.0,20.0,30.0,15.0,5.0,20.0,18.0,0.2,0.7,0.5
1974,2,346.0,2.0,27.48,28.45,28.95,28.23,4.0,0.93,16.0,0.3,0.5,0.6,26.52,27.3,28.39,27.45,4.0,1.33,16.0,0.3,0.5,0.6,18.65,18.65,18.65,18.65,1.0,0.0,26.0,1.0,0.2,0.9,73.6,73.6,73.6,73.6,1.0,0.0,26.0,1.0,0.9,0.48,1.8,2.86,1.68,4.0,1.43,16.0,0.3,0.5,0.6,-0.81,0.23,0.55,-0.11,4.0,0.99,16.0,0.3,0.5,0.6,-0.4,1.28,2.63,1.12,4.0,1.76,16.0,0.3,0.5,0.6,1009.5,1010.85,1011.99,1010.75,4.0,1.7,16.0,0.3,0.5,0.6,1.0,3.0,4.5,2.8,4.0,2.2,16.0,0.3,0.5,0.6,-2.5,0.3,0.9,-0.7,4.0,2.7,16.0,0.3,0.5,0.6,-0.4,3.3,7.5,3.6,4.0,4.6,16.0,0.3,0.5,0.6,-0.2,0.7,1.76,0.78,4.0,1.15,16.0,0.3,0.5,0.6,-0.5,0.0,3.2,1.3,4.0,3.3,16.0,0.3,0.5,0.6,6.35,6.35,6.35,6.35,1.0,0.0,26.0,1.0,0.2,0.9,16.5,16.5,16.5,16.5,1.0,0.0,26.0,1.0,0.2,0.9,-21.1,6.6,15.4,-2.4,4.0,26.3,16.0,0.3,0.5,0.6,-10.9,34.9,72.4,31.0,4.0,48.5,16.0,0.3,0.5,0.6,8.4,8.4,8.4,8.4,1.0,0.0,26.0,1.0,0.2,0.9,47.7,47.7,47.7,47.7,1.0,0.0,26.0,1.0,0.2,0.9,2.9,2.9,2.9,2.9,1.0,0.0,26.0,1.0,0.2,0.9,16.3,16.3,16.3,16.3,1.0,0.0,26.0,1.0,0.2,0.9,0.5,9.5,24.0,12.0,4.0,14.5,16.0,0.3,0.5,0.6,0.0,10.0,25.0,10.0,4.0,15.0,16.0,0.3,0.5,0.6
1974,2,346.0,3.0,28.0,28.85,29.93,28.62,22.0,1.14,14.0,0.6,0.8,0.5,27.1,28.25,30.17,28.55,22.0,1.5,14.0,0.6,0.8,0.5,16.84,19.1,21.5,19.2,10.0,2.2,12.0,0.7,0.8,0.5,72.8,76.6,81.8,77.5,10.0,5.6,12.0,0.7,0.5,0.0,2.0,5.23,2.57,19.0,2.49,14.0,0.6,0.7,0.5,-0.59,0.0,3.07,0.67,19.0,2.17,14.0,0.6,0.7,0.5,-0.84,0.0,3.31,1.1,19.0,2.6,14.0,0.6,0.7,0.5,1007.33,1008.55,1011.03,1008.99,22.0,2.04,14.0,0.6,0.8,0.5,0.9,6.0,8.0,4.9,19.0,3.2,14.0,0.7,0.8,0.5,-0.6,0.0,18.2,4.1,19.0,12.2,14.0,0.6,0.7,0.5,-0.9,0.0,12.2,7.1,19.0,17.2,14.0,0.6,0.7,0.5,-1.9,0.0,2.0,0.07,22.0,1.64,14.0,0.6,0.8,0.5,-4.9,0.0,1.0,-0.6,18.0,5.5,14.0,0.6,0.7,0.5,3.66,7.0,8.15,5.93,10.0,2.85,12.0,0.7,0.8,0.5,0.0,1.7,8.5,3.8,8.0,4.7,12.0,0.6,0.9,0.6,-22.4,0.0,90.7,17.7,18.0,62.4,14.0,0.6,0.7,0.5,-25.9,0.0,111.1,32.0,18.0,77.5,14.0,0.6,0.7,0.5,-30.7,-3.7,0.0,-8.8,8.0,17.2,12.0,0.6,0.9,0.6,0.0,0.0,18.7,5.3,8.0,19.1,12.0,0.6,0.9,0.6,-5.4,0.0,0.0,-1.1,8.0,3.9,12.0,0.6,0.9,0.6,0.0,0.0,1.5,-0.3,8.0,4.7,12.0,0.6,0.9,0.6,0.0,8.0,144.5,74.5,19.0,140.5,14.0,0.6,0.7,0.5,0.0,10.0,145.0,75.0,19.0,140.0,14.0,0.6,0.7,0.5
1974,2,346.0,4.0,28.0,28.8,30.0,28.83,82.0,1.06,14.0,0.5,0.7,0.5,26.53,28.0,29.5,27.92,85.0,1.51,14.0,0.5,0.7,0.5,17.45,18.55,19.78,18.56,57.0,1.34,16.0,0.5,0.7,0.5,70.9,78.3,85.2,78.5,57.0,6.8,16.0,0.5,0.5,1.0,2.6,5.07,2.86,66.0,1.87,14.0,0.5,0.7,0.5,-1.89,0.0,2.52,0.27,66.0,2.25,14.0,0.5,0.7,0.5,-0.9,1.15,3.45,1.24,66.0,2.26,14.0,0.5,0.7,0.5,1007.1,1009.6,1011.93,1009.44,85.0,2.18,14.0,0.5,0.7,0.5,2.0,5.0,8.0,4.6,82.0,2.6,14.0,0.5,0.7,0.5,-4.9,0.0,11.1,1.0,66.0,10.6,14.0,0.5,0.7,0.5,-1.5,2.8,16.1,5.3,66.0,11.8,14.0,0.5,0.7,0.5,-0.66,0.8,2.19,0.85,79.0,1.49,14.0,0.5,0.7,0.5,-2.1,1.5,6.3,1.8,59.0,5.8,14.0,0.5,0.7,0.5,4.86,6.13,8.24,6.46,54.0,1.56,16.0,0.5,0.7,0.5,5.6,16.1,30.6,17.5,37.0,11.6,16.0,0.5,0.7,0.4,-51.6,0.0,68.9,8.6,64.0,64.4,14.0,0.5,0.7,0.5,-26.0,31.8,91.8,33.7,64.0,64.1,14.0,0.5,0.7,0.5,-37.0,0.0,48.6,6.3,39.0,44.5,16.0,0.5,0.7,0.5,-16.8,21.6,50.5,16.9,39.0,39.7,16.0,0.5,0.7,0.5,-9.5,0.0,14.6,1.6,37.0,15.2,16.0,0.5,0.7,0.4,-6.5,6.7,20.5,6.1,37.0,13.4,16.0,0.5,0.7,0.4,1.0,17.5,130.0,54.5,66.0,75.5,14.0,0.5,0.7,0.5,0.0,20.0,130.0,55.0,66.0,75.0,14.0,0.5,0.7,0.5
1974,2,346.0,5.0,28.0,28.8,29.93,28.65,103.0,1.01,16.0,0.5,0.5,0.5,27.0,28.0,29.4,28.11,109.0,1.3,16.0,0.5,0.5,0.5,17.63,18.72,19.99,18.9,80.0,1.43,16.0,0.5,0.6,0.5,73.4,79.4,85.2,79.8,82.0,6.3,16.0,0.5,0.5,0.38,2.6,5.02,2.76,94.0,1.89,16.0,0.5,0.5,0.5,-0.52,1.29,3.1,1.2,94.0,2.17,16.0,0.5,0.5,0.5,-2.42,0.0,1.98,-0.25,94.0,2.24,16.0,0.5,0.5,0.5,1007.2,1009.6,1011.79,1009.5,109.0,2.28,16.0,0.5,0.5,0.5,1.0,6.0,8.0,4.9,108.0,2.8,16.0,0.5,0.5,0.5,-0.6,3.0,15.2,4.9,94.0,10.7,16.0,0.5,0.5,0.5,-8.6,0.0,5.3,-1.1,94.0,10.9,16.0,0.5,0.5,0.5,-0.5,0.6,1.7,0.56,100.0,1.4,16.0,0.5,0.5,0.5,-1.1,0.2,5.8,1.8,82.0,6.4,16.0,0.5,0.5,0.5,4.51,5.99,7.57,5.95,75.0,1.7,16.0,0.4,0.6,0.5,0.5,15.7,22.0,15.0,60.0,11.3,16.0,0.5,0.6,0.5,-14.8,37.9,87.5,35.3,91.0,59.4,16.0,0.5,0.5,0.5,-68.4,0.0,53.5,-6.8,91.0,62.9,16.0,0.5,0.5,0.5,-9.0,17.9,51.4,20.4,65.0,37.7,16.0,0.5,0.6,0.5,-48.5,0.0,36.4,-7.8,65.0,43.5,16.0,0.5,0.6,0.5,-2.1,5.5,16.7,6.1,60.0,11.9,16.0,0.5,0.6,0.5,-14.1,0.0,11.5,-2.2,60.0,13.2,16.0,0.5,0.6,0.5,0.0,17.5,127.0,51.0,94.0,71.0,16.0,0.5,0.5,0.5,0.0,20.0,125.0,50.0,94.0,70.0,16.0,0.5,0.5,0.5
1974,2,346.0,6.0,27.8,28.6,29.46,28.52,40.0,1.25,16.0,0.4,0.5,0.4,26.84,27.85,28.46,27.78,40.0,1.29,16.0,0.4,0.4,0.4,17.03,18.5,19.5,18.34,32.0,1.26,16.0,0.3,0.4,0.4,75.6,78.7,85.3,80.1,32.0,5.2,16.0,0.3,0.4,0.0,2.6,4.48,2.36,33.0,1.9,16.0,0.4,0.5,0.4,0.0,0.75,2.68,1.37,33.0,1.78,16.0,0.4,0.5,0.4,-2.43,-1.3,0.0,-1.31,33.0,1.59,16.0,0.4,0.5,0.4,1007.78,1009.95,1012.38,1010.18,40.0,2.16,16.0,0.3,0.4,0.4,0.0,3.0,8.0,3.7,41.0,3.4,16.0,0.4,0.4,0.4,0.0,1.2,8.8,5.5,33.0,8.9,16.0,0.4,0.5,0.4,-8.2,-2.1,0.0,-4.9,33.0,9.1,16.0,0.4,0.5,0.4,-0.61,0.75,2.0,0.63,38.0,1.5,16.0,0.3,0.4,0.4,-0.5,1.0,4.1,0.8,29.0,4.8,16.0,0.3,0.5,0.5,4.35,5.96,7.16,5.92,30.0,1.89,16.0,0.3,0.4,0.4,4.2,11.9,27.0,14.9,22.0,11.5,16.0,0.3,0.4,0.4,0.0,22.1,75.4,38.6,31.0,51.1,16.0,0.4,0.4,0.4,-66.9,-36.7,0.0,-38.3,31.0,46.2,16.0,0.4,0.4,0.4,-1.1,15.3,45.6,24.5,24.0,33.4,16.0,0.3,0.4,0.3,-48.4,-25.8,0.0,-26.9,24.0,23.5,16.0,0.3,0.4,0.3,-0.6,4.1,15.3,7.8,22.0,11.3,16.0,0.3,0.4,0.4,-13.3,-8.5,0.0,-9.3,22.0,8.9,16.0,0.3,0.4,0.4,0.0,17.5,92.0,41.0,33.0,74.5,16.0,0.4,0.5,0.4,0.0,20.0,90.0,40.0,33.0,75.0,16.0,0.4,0.5,0.4
1974,2,346.0,7.0,26.69,27.95,28.71,27.68,70.0,1.13,14.0,0.5,0.5,0.3,26.08,27.1,28.22,27.22,69.0,1.35,14.0,0.4,0.5,0.3,17.55,18.65,19.38,18.72,38.0,1.49,14.0,0.4,0.5,0.3,76.4,83.2,89.3,83.2,42.0,6.4,14.0,0.5,0.3,0.44,2.1,4.1,2.38,57.0,1.79,16.0,0.4,0.5,0.4,0.0,0.98,2.84,1.36,57.0,1.9,16.0,0.4,0.5,0.4,-2.6,-0.34,0.36,-0.84,57.0,1.64,16.0,0.4,0.5,0.4,1008.0,1010.2,1011.4,1009.92,64.0,2.02,14.0,0.4,0.5,0.3,0.0,1.5,7.0,2.7,64.0,3.0,14.0,0.5,0.5,0.3,0.0,1.2,9.1,5.3,57.0,10.9,16.0,0.4,0.5,0.4,-8.6,-0.4,0.4,-3.4,57.0,6.6,16.0,0.4,0.5,0.4,-1.0,0.6,2.0,0.43,68.0,1.74,14.0,0.4,0.5,0.3,-1.5,0.2,3.2,0.9,54.0,5.0,14.0,0.4,0.5,0.4,2.95,4.68,5.95,4.27,38.0,2.28,14.0,0.4,0.5,0.3,0.0,7.7,15.2,7.9,33.0,7.0,14.0,0.4,0.5,0.3,0.0,27.3,79.5,36.8,55.0,51.2,16.0,0.4,0.5,0.4,-71.3,-9.5,9.3,-23.0,55.0,43.9,16.0,0.4,0.5,0.4,0.0,17.2,37.9,14.4,33.0,24.8,14.0,0.4,0.5,0.3,-45.2,0.0,7.3,-12.4,33.0,31.3,14.0,0.4,0.5,0.3,-1.0,3.4,9.8,3.5,33.0,6.0,14.0,0.4,0.5,0.3,-11.7,0.0,3.3,-3.0,33.0,7.5,14.0,0.4,0.5,0.3,0.0,9.5,69.0,39.0,57.0,71.5,16.0,0.4,0.5,0.4,0.0,10.0,70.0,40.0,57.0,70.0,16.0,0.4,0.5,0.4
1974,2,346.0,8.0,25.27,27.0,28.52,26.9,4.0,1.98,8.0,0.5,0.3,0.4,27.63,28.0,29.0,28.32,5.0,1.25,8.0,0.4,0.3,0.4,19.63,21.3,22.97,21.3,2.0,3.46,12.0,1.0,0.3,0.4,74.0,84.5,95.1,84.5,2.0,21.9,12.0,1.0,0.4,0.98,3.1,5.9,3.43,3.0,3.61,12.0,0.7,0.3,0.4,-2.46,0.0,1.36,-0.54,3.0,2.83,12.0,0.7,0.3,0.4,-5.01,-2.37,-0.75,-2.87,3.0,3.15,12.0,0.7,0.3,0.4,1005.87,1007.95,1009.45,1007.68,4.0,2.11,10.0,0.5,0.3,0.4,0.0,0.0,6.1,2.6,5.0,3.7,8.0,0.4,0.3,0.4,-17.7,0.0,4.2,-6.6,3.0,17.0,12.0,0.7,0.3,0.4,-33.0,-7.4,-2.3,-17.4,3.0,24.1,12.0,0.7,0.3,0.4,-4.09,-1.1,1.05,-1.5,4.0,3.34,8.0,0.5,0.3,0.4,0.0,0.0,0.0,0.0,2.0,0.0,12.0,1.0,0.3,0.4,0.09,0.29,0.49,0.29,2.0,0.41,12.0,1.0,0.3,0.4,0.0,0.0,0.0,0.0,2.0,0.0,12.0,1.0,0.3,0.4,-68.8,0.0,38.1,-15.0,3.0,79.4,12.0,0.7,0.3,0.4,-140.3,-66.5,-21.1,-80.4,3.0,88.1,12.0,0.7,0.3,0.4,-71.9,-42.7,-13.6,-42.7,2.0,60.4,12.0,1.0,0.3,0.4,-124.6,-74.0,-23.5,-74.0,2.0,104.7,12.0,1.0,0.3,0.4,0.0,0.0,0.0,0.0,2.0,0.0,12.0,1.0,0.3,0.4,0.0,0.0,0.0,0.0,2.0,0.0,12.0,1.0,0.3,0.4,9.5,30.0,264.0,134.5,3.0,207.5,12.0,0.7,0.3,0.4,10.0,30.0,265.0,135.0,3.0,205.0,12.0,0.7,0.3,0.4
1974,2,346.0,26.0,17.21,17.65,18.09,17.65,2.0,0.92,10.0,0.0,0.2,0.5,16.15,16.9,17.65,16.9,2.0,1.56,10.0,0.0,0.2,0.5,9.29,9.29,9.29,9.29,1.0,0.0,12.0,0.0,0.2,0.8,84.5,84.5,84.5,84.5,1.0,0.0,12.0,0.0,0.8,4.0,4.0,4.0,4.0,1.0,0.0,12.0,0.0,0.2,0.8,-3.06,-3.06,-3.06,-3.06,1.0,0.0,12.0,0.0,0.2,0.8,-2.57,-2.57,-2.57,-2.57,1.0,0.0,12.0,0.0,0.2,0.8,1025.42,1025.45,1025.48,1025.45,2.0,0.07,10.0,0.0,0.2,0.5,6.0,6.0,6.0,6.0,1.0,0.0,8.0,0.0,0.2,0.3,-12.3,-12.3,-12.3,-12.3,1.0,0.0,12.0,0.0,0.2,0.8,-10.3,-10.3,-10.3,-10.3,1.0,0.0,12.0,0.0,0.2,0.8,-0.44,0.75,1.94,0.75,2.0,2.47,10.0,0.0,0.2,0.5,10.0,10.0,10.0,10.0,1.0,0.0,12.0,0.0,0.2,0.8,3.62,3.62,3.62,3.62,1.0,0.0,12.0,0.0,0.2,0.8,14.5,14.5,14.5,14.5,1.0,0.0,12.0,0.0,0.2,0.8,-48.4,-48.4,-48.4,-48.4,1.0,0.0,12.0,0.0,0.2,0.8,-40.6,-40.6,-40.6,-40.6,1.0,0.0,12.0,0.0,0.2,0.8,-28.5,-28.5,-28.5,-28.5,1.0,0.0,12.0,0.0,0.2,0.8,-23.9,-23.9,-23.9,-23.9,1.0,0.0,12.0,0.0,0.2,0.8,-11.1,-11.1,-11.1,-11.1,1.0,0.0,12.0,0.0,0.2,0.8,-9.3,-9.3,-9.3,-9.3,1.0,0.0,12.0,0.0,0.2,0.8,64.0,64.0,64.0,64.0,1.0,0.0,12.0,0.0,0.2,0.8,65.0,65.0,65.0,65.0,1.0,0.0,12.0,0.0,0.2,0.8
1974,2,346.0,27.0,17.0,18.0,19.0,18.0,64.0,1.02,16.0,0.5,0.4,0.6,16.8,17.85,20.0,18.2,70.0,1.68,16.0,0.5,0.4,0.6,8.21,9.8,10.72,9.6,19.0,1.53,14.0,0.5,0.4,0.5,63.6,75.3,87.7,75.6,19.0,12.9,14.0,0.5,0.5,4.0,9.0,12.0,8.03,70.0,3.77,16.0,0.5,0.4,0.6,-5.01,-2.65,0.0,-2.72,70.0,2.37,16.0,0.5,0.4,0.6,-11.28,-7.22,-2.63,-6.9,70.0,4.26,16.0,0.5,0.4,0.6,1018.4,1023.1,1025.22,1022.52,70.0,3.91,16.0,0.5,0.4,0.6,0.7,4.0,7.0,4.0,62.0,2.7,16.0,0.5,0.4,0.6,-52.4,-19.6,0.0,-26.2,70.0,26.0,16.0,0.5,0.4,0.6,-135.3,-62.0,-8.2,-69.6,70.0,59.6,16.0,0.5,0.4,0.6,-2.5,0.3,1.5,-0.18,63.0,1.8,16.0,0.5,0.4,0.6,-18.0,1.0,12.3,-1.7,62.0,15.4,16.0,0.5,0.4,0.6,1.66,2.98,4.74,3.22,17.0,1.76,14.0,0.5,0.4,0.5,3.4,11.7,26.1,16.5,17.0,18.4,14.0,0.5,0.4,0.5,-94.8,-48.3,0.0,-49.2,69.0,43.8,16.0,0.5,0.4,0.6,-193.8,-131.8,-45.6,-124.3,69.0,77.9,16.0,0.5,0.4,0.6,-33.1,-7.4,0.4,-13.1,19.0,23.1,14.0,0.5,0.4,0.5,-73.2,-34.1,-8.7,-38.7,19.0,39.3,14.0,0.5,0.4,0.5,-12.2,-2.0,0.0,-4.5,17.0,6.4,14.0,0.5,0.4,0.5,-23.3,-9.0,-2.6,-15.0,17.0,18.2,14.0,0.5,0.4,0.5,64.0,729.0,1728.0,847.0,70.0,851.0,16.0,0.5,0.4,0.6,65.0,730.0,1730.0,845.0,70.0,850.0,16.0,0.5,0.4,0.6
1974,2,346.0,28.0,16.64,18.0,19.0,17.88,60.0,1.36,16.0,0.5,0.5,0.4,16.0,17.0,19.13,17.44,63.0,2.01,16.0,0.5,0.5,0.4,7.53,8.42,9.85,8.82,41.0,1.57,14.0,0.6,0.5,0.4,62.7,72.8,80.7,72.6,42.0,9.4,14.0,0.6,0.4,4.6,8.45,11.8,8.33,60.0,3.47,16.0,0.5,0.5,0.4,-5.86,-2.31,0.88,-1.95,60.0,3.71,16.0,0.5,0.5,0.4,-11.4,-6.6,-2.61,-6.35,60.0,4.9,16.0,0.5,0.5,0.4,1015.7,1022.8,1025.4,1021.82,62.0,5.11,16.0,0.5,0.5,0.4,1.0,3.5,6.0,3.6,58.0,2.4,16.0,0.6,0.5,0.4,-50.5,-16.0,5.4,-18.5,60.0,38.4,16.0,0.5,0.5,0.4,-134.3,-56.8,-9.1,-64.6,60.0,64.2,16.0,0.5,0.5,0.4,-1.19,1.0,2.43,0.49,60.0,2.44,16.0,0.5,0.5,0.4,-7.6,7.2,24.1,6.9,59.0,18.3,16.0,0.5,0.5,0.4,2.86,4.24,5.47,4.06,41.0,1.62,14.0,0.6,0.5,0.4,14.3,35.6,69.4,39.1,41.0,24.4,14.0,0.6,0.5,0.4,-102.3,-38.3,16.7,-32.8,60.0,64.9,16.0,0.5,0.5,0.4,-190.5,-125.5,-40.0,-108.6,60.0,86.6,16.0,0.5,0.5,0.4,-56.2,-17.6,0.0,-19.1,41.0,29.3,14.0,0.6,0.5,0.4,-97.5,-72.9,-30.8,-64.1,41.0,34.2,14.0,0.6,0.5,0.4,-24.6,-10.1,0.0,-9.0,41.0,18.5,14.0,0.6,0.5,0.4,-63.9,-25.5,-10.5,-33.3,41.0,24.6,14.0,0.6,0.5,0.4,97.5,605.0,1643.0,872.0,60.0,881.5,16.0,0.5,0.5,0.4,95.0,605.0,1645.0,870.0,60.0,880.0,16.0,0.5,0.5,0.4
1974,2,346.0,29.0,16.74,18.0,19.0,17.88,27.0,1.29,14.0,0.3,0.6,0.5,16.0,16.85,18.94,17.3,28.0,1.84,14.0,0.4,0.6,0.4,7.7,9.79,10.68,9.4,15.0,1.61,14.0,0.4,0.5,0.5,61.9,73.7,88.9,74.2,16.0,11.9,14.0,0.4,0.5,4.04,8.0,11.91,7.63,29.0,3.54,14.0,0.4,0.6,0.5,-3.39,0.0,2.68,-0.44,29.0,3.32,14.0,0.4,0.6,0.5,-11.58,-7.24,1.14,-5.52,29.0,5.48,14.0,0.4,0.6,0.5,1018.43,1023.0,1024.77,1022.18,28.0,4.47,14.0,0.4,0.5,0.5,2.4,3.0,7.0,4.0,25.0,2.5,12.0,0.4,0.5,0.5,-28.5,0.0,14.1,-2.3,29.0,31.0,14.0,0.4,0.6,0.5,-134.1,-55.7,4.7,-55.9,29.0,64.9,14.0,0.4,0.6,0.5,-0.79,1.0,2.28,0.74,25.0,1.88,14.0,0.4,0.6,0.5,-4.5,9.0,17.6,7.3,24.0,15.1,14.0,0.4,0.5,0.5,1.99,3.37,5.85,3.78,13.0,1.81,14.0,0.4,0.5,0.5,11.5,21.1,76.7,37.5,12.0,31.6,14.0,0.4,0.5,0.5,-55.5,0.0,45.4,-2.1,27.0,60.6,14.0,0.4,0.6,0.5,-206.5,-120.6,32.2,-95.6,27.0,101.8,14.0,0.4,0.6,0.5,-27.4,0.0,23.5,1.0,14.0,22.9,14.0,0.4,0.5,0.5,-119.7,-79.0,-27.9,-66.6,14.0,53.3,14.0,0.4,0.5,0.5,-7.8,0.0,10.5,0.8,12.0,8.9,14.0,0.4,0.5,0.5,-75.6,-18.2,-9.9,-35.1,12.0,33.3,14.0,0.4,0.5,0.5,66.0,512.0,1690.5,729.5,29.0,789.5,14.0,0.4,0.6,0.5,65.0,510.0,1690.0,730.0,29.0,790.0,14.0,0.4,0.6,0.5
1974,2,346.0,30.0,16.62,18.0,19.0,17.91,34.0,1.34,14.0,0.4,0.5,0.4,15.7,16.5,18.0,16.75,39.0,1.17,14.0,0.4,0.5,0.5,6.99,9.34,10.45,9.02,19.0,1.61,14.0,0.5,0.4,0.5,61.3,73.6,88.2,74.8,19.0,12.7,14.0,0.5,0.5,5.0,9.0,12.4,8.72,39.0,3.74,14.0,0.4,0.6,0.5,-4.75,0.0,3.59,0.0,39.0,5.32,14.0,0.4,0.6,0.5,-11.6,-6.24,-2.55,-6.63,39.0,4.31,14.0,0.4,0.6,0.5,1020.0,1023.8,1025.96,1023.1,40.0,2.93,14.0,0.4,0.5,0.5,0.9,4.0,7.0,4.2,38.0,2.7,14.0,0.4,0.5,0.5,-51.3,0.0,31.0,3.1,39.0,62.1,14.0,0.4,0.6,0.5,-136.9,-60.1,-8.4,-69.3,39.0,59.2,14.0,0.4,0.6,0.5,0.01,1.1,2.28,1.14,33.0,1.34,14.0,0.4,0.5,0.4,0.0,10.8,21.2,10.2,32.0,14.1,14.0,0.3,0.5,0.4,2.46,4.73,5.86,4.19,18.0,1.65,14.0,0.5,0.4,0.5,8.1,45.5,71.2,41.8,17.0,26.3,14.0,0.5,0.4,0.5,-84.6,0.0,67.9,-1.8,38.0,89.5,14.0,0.4,0.6,0.5,-199.4,-106.3,-42.7,-113.5,38.0,74.0,14.0,0.4,0.6,0.5,-32.3,14.2,41.7,12.5,18.0,41.9,14.0,0.5,0.4,0.5,-102.9,-60.7,-20.5,-60.8,18.0,38.6,14.0,0.5,0.4,0.5,-11.2,4.2,17.7,7.0,17.0,21.5,14.0,0.5,0.4,0.5,-58.1,-36.7,-4.4,-36.1,17.0,25.4,14.0,0.5,0.4,0.5,125.0,729.0,1906.5,1008.5,39.0,944.5,14.0,0.4,0.6,0.5,125.0,730.0,1905.0,1010.0,39.0,945.0,14.0,0.4,0.6,0.5
1974,2,346.0,31.0,16.22,17.6,18.97,17.48,71.0,1.12,14.0,0.5,0.4,0.4,15.42,17.0,18.0,16.9,78.0,1.46,14.0,0.5,0.4,0.4,7.39,8.27,10.14,8.61,41.0,1.5,14.0,0.5,0.3,0.5,64.3,72.4,84.7,73.5,41.0,10.5,14.0,0.5,0.5,4.1,7.2,10.88,7.17,74.0,3.5,14.0,0.5,0.4,0.4,-6.09,-0.71,3.19,-1.06,74.0,4.33,14.0,0.5,0.4,0.4,-9.46,-3.52,0.0,-3.9,74.0,5.4,14.0,0.5,0.4,0.4,1015.38,1021.8,1026.74,1020.89,79.0,6.63,14.0,0.5,0.4,0.4,0.3,5.0,7.0,4.5,66.0,2.9,14.0,0.5,0.3,0.5,-48.7,-1.5,25.0,-8.9,74.0,38.6,14.0,0.5,0.4,0.4,-101.9,-18.7,0.0,-37.4,74.0,61.6,14.0,0.5,0.4,0.4,-0.51,0.75,1.8,0.47,70.0,1.65,14.0,0.5,0.4,0.4,-3.2,3.8,13.4,4.4,66.0,11.9,14.0,0.5,0.4,0.4,2.49,4.13,5.06,3.83,39.0,1.28,14.0,0.5,0.3,0.5,10.7,22.2,42.0,25.3,37.0,15.2,14.0,0.5,0.3,0.5,-103.1,-6.2,56.0,-17.5,73.0,74.0,14.0,0.5,0.4,0.4,-159.0,-67.5,0.0,-67.7,73.0,87.4,14.0,0.5,0.4,0.4,-33.1,-5.2,25.7,-6.6,38.0,33.5,14.0,0.5,0.3,0.5,-69.5,-31.6,0.0,-31.7,38.0,41.3,14.0,0.5,0.3,0.5,-19.7,-0.9,9.0,-4.5,37.0,14.1,14.0,0.5,0.3,0.5,-37.1,-14.7,-1.7,-17.9,37.0,18.4,14.0,0.5,0.3,0.5,69.0,373.0,1289.5,627.0,74.0,728.0,14.0,0.5,0.4,0.4,70.0,375.0,1290.0,625.0,74.0,730.0,14.0,0.5,0.4,0.4
1974,2,346.0,32.0,16.17,17.2,18.0,17.25,126.0,1.05,16.0,0.6,0.4,0.5,15.2,16.2,17.87,16.36,129.0,1.37,16.0,0.6,0.4,0.5,6.93,8.0,9.64,8.15,95.0,1.38,18.0,0.6,0.4,0.5,61.5,70.5,82.1,71.0,95.0,9.1,18.0,0.6,0.5,4.08,6.7,11.83,7.42,126.0,3.82,16.0,0.6,0.4,0.5,-5.81,-1.89,2.24,-1.55,126.0,4.32,16.0,0.6,0.4,0.5,-10.68,-3.96,0.0,-4.61,126.0,5.25,16.0,0.6,0.4,0.5,1014.18,1021.55,1025.84,1020.28,132.0,6.11,16.0,0.6,0.4,0.5,2.0,6.0,8.0,5.1,125.0,2.4,16.0,0.6,0.4,0.5,-39.0,-8.3,24.2,-10.9,126.0,44.4,16.0,0.6,0.4,0.5,-126.6,-19.6,0.0,-46.8,126.0,71.2,16.0,0.6,0.4,0.5,-0.5,0.85,2.15,0.83,124.0,1.55,16.0,0.6,0.4,0.5,-3.5,3.7,19.1,7.8,119.0,16.5,16.0,0.6,0.4,0.5,2.62,4.22,5.39,4.02,93.0,1.53,18.0,0.6,0.4,0.5,12.3,21.3,50.8,30.8,90.0,24.4,18.0,0.6,0.4,0.5,-90.1,-30.4,35.7,-24.9,124.0,71.4,16.0,0.6,0.4,0.5,-165.0,-65.0,0.0,-73.2,124.0,83.0,16.0,0.6,0.4,0.5,-50.7,-15.8,16.7,-14.2,92.0,38.0,18.0,0.6,0.4,0.5,-79.9,-30.7,0.0,-34.2,92.0,41.4,18.0,0.6,0.4,0.5,-19.8,-7.9,9.5,-5.7,90.0,19.0,18.0,0.6,0.4,0.5,-49.2,-11.9,0.0,-20.9,90.0,26.7,18.0,0.6,0.4,0.5,68.0,301.0,1657.0,760.0,126.0,1077.0,16.0,0.6,0.4,0.5,70.0,300.0,1655.0,760.0,126.0,1075.0,16.0,0.6,0.4,0.5
1974,2,346.0,33.0,16.0,17.0,18.0,17.0,161.0,1.04,14.0,0.5,0.5,0.5,14.8,16.0,17.1,16.05,165.0,1.43,14.0,0.5,0.5,0.5,6.55,7.97,9.28,7.97,118.0,1.38,16.0,0.5,0.5,0.5,60.3,70.1,80.8,71.1,118.0,10.6,16.0,0.5,0.5,3.1,6.85,12.3,7.46,162.0,4.07,14.0,0.5,0.5,0.5,-5.43,-1.33,3.6,-0.91,162.0,4.92,14.0,0.5,0.5,0.5,-10.06,-4.31,0.0,-4.7,162.0,5.03,14.0,0.5,0.5,0.5,1017.42,1022.3,1028.38,1022.14,166.0,5.63,14.0,0.5,0.5,0.5,3.0,7.0,8.0,5.6,153.0,2.4,14.0,0.6,0.5,0.4,-46.9,-5.2,29.3,-5.7,162.0,55.8,14.0,0.5,0.5,0.5,-122.2,-24.4,0.0,-48.4,162.0,72.5,14.0,0.5,0.5,0.5,-0.28,1.0,2.4,0.95,160.0,1.59,14.0,0.5,0.5,0.5,-1.4,5.0,19.3,8.6,156.0,16.2,14.0,0.5,0.5,0.5,2.71,4.09,5.24,4.0,115.0,1.46,16.0,0.5,0.5,0.4,10.5,23.9,49.2,29.3,113.0,21.5,16.0,0.5,0.5,0.4,-85.3,-21.9,57.4,-14.2,161.0,80.8,14.0,0.5,0.5,0.5,-152.1,-65.3,0.0,-73.1,161.0,78.2,14.0,0.5,0.5,0.5,-41.8,-10.1,29.5,-7.6,116.0,40.8,16.0,0.5,0.5,0.4,-71.1,-28.6,0.0,-33.9,116.0,39.9,16.0,0.5,0.5,0.4,-21.9,-6.9,10.4,-4.7,113.0,18.2,16.0,0.5,0.5,0.4,-43.4,-15.6,0.0,-21.3,113.0,22.8,16.0,0.5,0.5,0.4,30.0,322.0,1861.0,827.5,162.0,1251.5,14.0,0.5,0.5,0.5,30.0,320.0,1860.0,825.0,162.0,1250.0,14.0,0.5,0.5,0.5
1974,2,346.0,34.0,15.55,16.6,17.85,16.62,143.0,1.07,16.0,0.5,0.6,0.4,14.49,15.6,17.0,15.66,145.0,1.34,16.0,0.5,0.7,0.4,6.55,7.88,9.66,8.05,107.0,1.51,16.0,0.5,0.6,0.4,62.3,74.6,84.7,73.9,107.0,11.8,16.0,0.5,0.4,3.1,6.7,12.0,7.54,144.0,4.32,16.0,0.5,0.7,0.4,-4.13,-0.89,4.68,-0.21,144.0,4.93,16.0,0.5,0.7,0.4,-10.64,-3.91,0.0,-4.45,144.0,5.62,16.0,0.5,0.7,0.4,1016.23,1022.7,1029.35,1022.41,147.0,6.2,16.0,0.5,0.7,0.4,2.0,5.5,8.0,4.9,142.0,2.7,16.0,0.5,0.7,0.4,-36.2,-2.3,43.4,3.4,144.0,56.3,16.0,0.5,0.7,0.4,-117.7,-22.0,0.0,-46.8,144.0,82.8,16.0,0.5,0.7,0.4,-0.5,1.0,2.0,0.9,140.0,1.47,16.0,0.5,0.6,0.4,-2.2,5.6,16.6,7.8,137.0,15.0,16.0,0.5,0.6,0.4,2.01,3.5,5.05,3.54,105.0,1.47,16.0,0.5,0.6,0.4,8.2,22.3,47.3,27.7,104.0,22.8,16.0,0.5,0.6,0.4,-70.3,-13.6,76.6,-1.9,142.0,79.3,16.0,0.5,0.7,0.4,-154.0,-62.4,0.0,-68.0,142.0,85.6,16.0,0.5,0.7,0.4,-36.0,-7.9,31.1,-3.9,106.0,42.1,16.0,0.5,0.6,0.4,-76.4,-33.4,0.0,-35.5,106.0,44.2,16.0,0.5,0.6,0.4,-19.1,-4.4,11.8,-2.9,104.0,17.6,16.0,0.5,0.6,0.4,-38.4,-13.5,0.0,-19.3,104.0,24.5,16.0,0.5,0.6,0.4,30.0,301.0,1728.0,902.0,144.0,1394.0,16.0,0.5,0.7,0.4,30.0,300.0,1730.0,900.0,144.0,1395.0,16.0,0.5,0.7,0.4
1974,2,346.0,35.0,15.0,16.0,17.0,16.06,76.0,1.11,16.0,0.5,0.7,0.4,13.8,15.05,16.89,15.19,80.0,1.63,16.0,0.5,0.7,0.4,6.09,7.55,9.36,7.73,72.0,1.53,16.0,0.5,0.7,0.4,62.4,71.5,87.1,72.6,73.0,11.2,16.0,0.5,0.4,4.1,6.2,12.01,7.35,74.0,3.97,16.0,0.5,0.7,0.4,-4.35,1.49,4.86,0.59,74.0,4.86,16.0,0.5,0.7,0.4,-10.0,-3.95,0.0,-4.43,74.0,5.17,16.0,0.5,0.7,0.4,1017.61,1022.0,1027.0,1022.17,79.0,5.03,16.0,0.5,0.7,0.4,1.4,5.0,8.0,4.7,79.0,2.8,16.0,0.5,0.7,0.4,-26.9,6.1,40.7,7.7,74.0,52.0,16.0,0.5,0.7,0.4,-105.4,-20.1,0.0,-46.0,74.0,73.0,16.0,0.5,0.7,0.4,-0.5,0.8,2.81,0.9,76.0,1.59,16.0,0.5,0.7,0.4,-2.9,5.1,17.6,8.1,70.0,13.4,16.0,0.5,0.7,0.4,1.75,3.69,4.84,3.53,68.0,1.56,16.0,0.5,0.7,0.4,7.6,21.5,51.1,26.6,63.0,20.1,16.0,0.5,0.7,0.4,-67.2,24.8,83.2,9.6,74.0,74.2,16.0,0.5,0.7,0.4,-144.2,-60.4,0.0,-63.3,74.0,74.0,16.0,0.5,0.7,0.4,-32.2,11.3,37.9,4.6,67.0,40.8,16.0,0.5,0.7,0.4,-75.1,-27.5,0.0,-34.1,67.0,36.0,16.0,0.5,0.7,0.4,-11.8,1.0,14.4,1.8,63.0,17.6,16.0,0.5,0.7,0.4,-43.0,-10.5,0.0,-18.8,63.0,21.3,16.0,0.5,0.7,0.4,69.0,238.5,1733.5,787.5,74.0,1236.5,16.0,0.5,0.7,0.4,70.0,240.0,1735.0,790.0,74.0,1235.0,16.0,0.5,0.7,0.4
1974,2,346.0,36.0,14.48,16.0,17.44,15.94,30.0,1.43,16.0,0.4,0.7,0.4,13.22,14.5,15.58,14.34,34.0,1.66,16.0,0.5,0.7,0.4,6.58,8.05,9.18,7.99,27.0,1.29,18.0,0.5,0.7,0.4,66.1,78.8,91.6,78.4,28.0,12.6,16.0,0.5,0.4,3.1,5.1,11.59,7.13,37.0,4.75,16.0,0.4,0.6,0.4,-3.15,0.0,6.63,1.28,37.0,5.48,16.0,0.4,0.6,0.4,-9.71,-3.05,0.0,-3.69,37.0,5.39,16.0,0.4,0.6,0.4,1018.32,1021.55,1024.7,1021.58,36.0,5.49,18.0,0.4,0.7,0.4,2.7,5.0,8.0,5.2,37.0,2.2,16.0,0.4,0.7,0.4,-18.9,0.0,64.3,17.8,37.0,74.6,16.0,0.4,0.6,0.4,-106.4,-12.8,0.0,-42.1,37.0,79.5,16.0,0.4,0.6,0.4,-0.47,1.0,3.26,1.37,27.0,1.88,16.0,0.4,0.7,0.3,-1.9,7.2,23.0,10.9,26.0,15.4,16.0,0.5,0.7,0.4,1.33,3.31,4.89,3.25,25.0,1.58,16.0,0.5,0.7,0.3,6.0,17.5,35.1,21.3,24.0,18.5,16.0,0.5,0.7,0.3,-46.1,0.0,84.9,16.7,33.0,80.7,16.0,0.5,0.7,0.4,-128.9,-37.2,0.0,-50.0,33.0,73.6,16.0,0.5,0.7,0.4,-27.4,-5.6,43.2,9.9,26.0,46.1,18.0,0.5,0.7,0.4,-77.9,-21.7,0.0,-31.9,26.0,34.7,18.0,0.5,0.7,0.4,-11.2,-1.5,19.9,4.5,24.0,19.5,16.0,0.5,0.7,0.3,-28.1,-8.2,0.0,-12.9,24.0,15.5,16.0,0.5,0.7,0.3,30.0,132.5,1563.0,929.0,37.0,1719.5,16.0,0.4,0.6,0.4,30.0,135.0,1565.0,930.0,37.0,1720.0,16.0,0.4,0.6,0.4
1974,2,346.0,37.0,14.03,15.0,16.5,15.23,21.0,1.11,12.0,0.4,0.5,0.4,13.13,14.5,15.67,14.55,22.0,1.39,12.0,0.5,0.5,0.4,5.45,8.53,9.83,7.82,15.0,1.9,12.0,0.5,0.5,0.4,60.0,79.6,90.5,76.9,15.0,14.3,12.0,0.5,0.4,4.6,6.7,8.17,6.53,21.0,2.88,12.0,0.4,0.6,0.4,-1.44,4.1,6.84,2.88,21.0,4.09,12.0,0.4,0.6,0.4,-5.9,-1.74,1.24,-1.84,21.0,4.91,12.0,0.4,0.6,0.4,1019.92,1023.5,1028.0,1023.8,21.0,4.77,12.0,0.4,0.5,0.4,2.0,6.0,8.0,5.0,21.0,2.8,12.0,0.5,0.5,0.4,-7.3,19.9,56.6,23.3,21.0,33.1,12.0,0.4,0.6,0.4,-44.8,-8.9,8.8,-14.3,21.0,53.1,12.0,0.4,0.6,0.4,-0.37,0.6,1.98,0.8,21.0,1.45,12.0,0.4,0.5,0.4,-0.8,2.9,17.2,6.2,20.0,10.8,10.0,0.4,0.6,0.4,1.39,2.74,4.61,2.82,15.0,1.5,12.0,0.5,0.5,0.4,6.2,19.1,22.9,19.1,14.0,15.2,10.0,0.4,0.5,0.4,-24.5,57.4,110.3,43.5,21.0,60.9,12.0,0.4,0.6,0.4,-85.0,-26.9,18.0,-23.8,21.0,69.6,12.0,0.4,0.6,0.4,0.6,31.3,72.7,30.3,14.0,35.9,10.0,0.4,0.5,0.4,-59.5,-13.7,9.8,-11.3,14.0,41.1,10.0,0.4,0.5,0.4,0.0,11.4,17.4,7.4,14.0,12.1,10.0,0.4,0.5,0.4,-20.9,-3.6,3.4,-8.3,14.0,18.6,10.0,0.4,0.5,0.4,97.5,301.0,544.5,447.5,21.0,648.0,12.0,0.4,0.6,0.4,95.0,300.0,545.0,445.0,21.0,650.0,12.0,0.4,0.6,0.4
1974,2,346.0,38.0,14.0,14.55,16.0,14.67,14.0,1.29,12.0,0.5,0.7,0.3,13.0,14.65,15.0,14.08,16.0,1.38,14.0,0.6,0.7,0.3,5.36,6.93,9.26,7.09,14.0,1.73,12.0,0.5,0.7,0.3,55.3,68.8,88.6,70.8,14.0,15.0,12.0,0.5,0.3,4.6,6.7,13.25,7.98,16.0,4.65,14.0,0.6,0.7,0.3,-3.2,5.11,11.72,4.42,16.0,6.7,14.0,0.6,0.7,0.3,-4.67,-2.59,3.37,-0.68,16.0,4.82,14.0,0.6,0.7,0.3,1017.85,1022.35,1024.89,1021.43,16.0,4.65,14.0,0.6,0.7,0.3,4.8,7.0,8.0,6.3,16.0,2.2,14.0,0.6,0.7,0.3,-15.2,30.7,157.6,57.7,16.0,85.0,14.0,0.6,0.7,0.3,-33.1,-13.3,41.5,5.6,16.0,62.3,14.0,0.6,0.7,0.3,-0.99,0.35,1.49,0.37,14.0,1.43,12.0,0.5,0.7,0.3,-9.6,2.1,16.2,2.5,14.0,11.4,12.0,0.5,0.7,0.3,1.06,3.89,4.98,3.22,13.0,1.99,12.0,0.5,0.6,0.3,6.6,24.4,38.9,24.6,13.0,18.2,12.0,0.5,0.6,0.3,-40.5,69.9,174.5,66.1,16.0,98.4,14.0,0.6,0.7,0.3,-55.7,-35.8,50.5,-6.3,16.0,69.4,14.0,0.6,0.7,0.3,-16.3,32.0,99.4,32.6,14.0,51.8,12.0,0.5,0.7,0.3,-25.3,-13.5,10.9,-3.2,14.0,37.8,12.0,0.5,0.7,0.3,-17.6,6.3,26.4,7.9,13.0,24.8,12.0,0.5,0.6,0.3,-14.3,-7.8,7.6,-4.0,13.0,16.9,12.0,0.5,0.6,0.3,97.5,301.0,2326.5,1026.0,16.0,1400.0,14.0,0.6,0.7,0.3,95.0,300.0,2325.0,1025.0,16.0,1400.0,14.0,0.6,0.7,0.3
1974,2,346.0,39.0,12.69,14.1,15.6,14.03,6.0,1.65,12.0,0.3,0.7,0.4,14.04,15.0,16.53,15.04,8.0,1.66,12.0,0.5,0.8,0.4,7.39,8.69,9.39,8.4,6.0,1.14,12.0,0.3,0.7,0.4,74.4,75.7,85.0,78.4,6.0,6.7,12.0,0.3,0.4,4.1,10.3,11.85,8.93,7.0,3.52,12.0,0.6,0.8,0.4,2.51,3.52,8.9,4.82,7.0,3.5,12.0,0.6,0.8,0.4,-9.83,-1.56,3.84,-1.56,7.0,7.95,12.0,0.6,0.8,0.4,1013.51,1019.5,1024.04,1018.34,7.0,7.64,12.0,0.4,0.8,0.4,6.0,7.0,7.9,6.5,8.0,1.6,12.0,0.5,0.8,0.4,10.3,36.3,80.7,44.1,7.0,39.0,12.0,0.6,0.8,0.4,-102.9,-12.9,40.3,-17.9,7.0,92.8,12.0,0.6,0.8,0.4,-2.23,-0.55,-0.48,-1.18,6.0,1.12,12.0,0.3,0.7,0.4,-9.8,-7.1,-4.8,-7.5,5.0,3.3,14.0,0.4,0.7,0.4,1.03,1.63,2.29,1.53,6.0,0.92,12.0,0.3,0.7,0.4,3.3,18.5,25.4,15.2,5.0,12.4,14.0,0.4,0.7,0.4,40.3,47.1,133.3,72.2,7.0,52.1,12.0,0.6,0.8,0.4,-119.2,-23.4,56.4,-16.4,7.0,115.9,12.0,0.6,0.8,0.4,22.9,29.4,59.9,40.1,5.0,22.3,14.0,0.4,0.7,0.4,-40.2,24.6,49.9,10.2,5.0,58.3,14.0,0.4,0.7,0.4,2.1,6.3,17.2,9.2,5.0,8.9,14.0,0.4,0.7,0.4,-9.0,-0.3,14.3,2.3,5.0,15.8,14.0,0.4,0.7,0.4,69.0,1092.5,1667.0,977.5,7.0,769.0,12.0,0.6,0.8,0.4,70.0,1095.0,1665.0,975.0,7.0,770.0,12.0,0.6,0.8,0.4
1974,2,346.0,40.0,13.0,13.9,14.78,13.77,9.0,0.93,18.0,0.3,0.5,0.4,11.43,12.5,15.0,13.27,9.0,1.97,18.0,0.3,0.5,0.4,6.7,7.27,7.38,7.05,3.0,0.53,22.0,0.3,0.7,0.5,81.7,87.5,89.1,85.5,3.0,5.7,22.0,0.3,0.5,5.15,9.3,13.39,9.69,9.0,4.49,18.0,0.3,0.5,0.4,-2.67,1.99,10.84,3.47,9.0,6.87,18.0,0.3,0.5,0.4,-10.89,-3.18,-2.15,-5.43,9.0,5.64,18.0,0.3,0.5,0.4,1018.7,1022.0,1023.24,1020.81,9.0,3.58,18.0,0.3,0.5,0.4,1.2,5.5,7.8,4.6,8.0,3.0,18.0,0.4,0.5,0.4,-12.4,6.2,126.8,49.0,9.0,81.0,18.0,0.3,0.5,0.4,-122.2,-33.6,-14.4,-67.8,9.0,87.7,18.0,0.3,0.5,0.4,-1.66,0.5,2.24,0.5,9.0,1.87,18.0,0.3,0.5,0.4,-14.8,4.0,28.4,5.5,9.0,21.7,18.0,0.3,0.5,0.4,1.83,2.47,2.66,2.25,3.0,0.64,22.0,0.3,0.7,0.5,11.6,23.0,39.2,25.3,3.0,20.3,22.0,0.3,0.7,0.5,-30.8,29.9,154.4,47.0,9.0,99.5,18.0,0.3,0.5,0.4,-129.1,-36.6,-30.2,-66.5,9.0,65.4,18.0,0.3,0.5,0.4,-4.1,37.4,55.3,25.9,3.0,44.6,22.0,0.3,0.7,0.5,-77.6,-23.1,-20.7,-48.5,3.0,47.1,22.0,0.3,0.7,0.5,1.8,16.0,19.8,10.9,3.0,13.9,22.0,0.3,0.7,0.5,-32.5,-7.9,-5.2,-18.6,3.0,22.0,22.0,0.3,0.7,0.5,188.5,804.5,2427.5,1433.0,9.0,1570.5,18.0,0.3,0.5,0.4,190.0,805.0,2425.0,1435.0,9.0,1570.0,18.0,0.3,0.5,0.4
1974,2,346.0,41.0,12.25,13.75,14.94,13.61,14.0,1.4,12.0,0.6,0.5,0.4,11.77,13.2,14.93,13.08,15.0,1.86,12.0,0.7,0.5,0.4,5.75,6.58,8.13,7.07,7.0,1.42,12.0,0.7,0.5,0.3,64.4,75.0,87.7,75.1,7.0,10.5,12.0,0.7,0.3,7.81,12.3,18.0,13.13,15.0,4.81,12.0,0.7,0.5,0.4,6.24,8.46,16.11,8.73,15.0,7.46,12.0,0.7,0.5,0.4,-8.64,-2.8,3.12,-1.86,15.0,8.18,12.0,0.7,0.5,0.4,1010.32,1023.1,1026.09,1019.48,15.0,8.53,12.0,0.7,0.5,0.4,5.0,6.0,8.0,6.2,13.0,1.3,10.0,0.8,0.5,0.4,46.7,142.2,282.0,132.6,15.0,125.3,12.0,0.7,0.5,0.4,-105.8,-23.0,49.9,-16.2,15.0,151.6,12.0,0.7,0.5,0.4,-1.0,0.45,1.79,0.71,14.0,2.08,12.0,0.6,0.5,0.4,-12.2,5.2,31.7,9.4,14.0,29.0,12.0,0.6,0.5,0.4,1.79,3.23,3.73,2.7,6.0,1.57,14.0,0.7,0.5,0.4,21.3,41.7,48.1,33.9,6.0,20.9,14.0,0.7,0.5,0.4,77.9,119.4,211.4,114.3,15.0,94.4,12.0,0.7,0.5,0.4,-109.4,-41.9,39.9,-18.7,15.0,108.1,12.0,0.7,0.5,0.4,42.6,67.8,75.7,52.4,7.0,39.4,12.0,0.7,0.5,0.3,-80.9,-28.5,-12.6,-15.0,7.0,92.7,12.0,0.7,0.5,0.3,-5.8,27.7,35.3,17.8,6.0,24.3,14.0,0.7,0.5,0.4,-37.8,-20.9,-10.8,-23.0,6.0,14.5,14.0,0.7,0.5,0.4,477.5,1861.0,5832.0,3135.0,15.0,2949.0,12.0,0.7,0.5,0.4,480.0,1860.0,5830.0,3135.0,15.0,2950.0,12.0,0.7,0.5,0.4
1974,2,346.0,42.0,11.04,12.0,12.82,12.0,15.0,0.87,14.0,0.5,0.7,0.4,9.59,11.2,14.03,11.66,17.0,2.44,14.0,0.5,0.7,0.4,5.55,5.71,6.53,6.03,4.0,0.77,18.0,0.5,0.9,0.6,69.8,72.9,87.0,78.1,4.0,13.9,18.0,0.5,0.6,8.24,11.8,15.46,12.21,17.0,4.59,14.0,0.5,0.7,0.4,-8.65,1.34,10.96,2.65,17.0,10.34,14.0,0.5,0.7,0.4,-10.76,-6.43,-1.12,-6.08,17.0,5.07,14.0,0.5,0.7,0.4,1013.22,1018.6,1025.57,1018.56,17.0,8.01,14.0,0.5,0.7,0.4,3.0,5.0,6.0,4.7,13.0,1.8,14.0,0.6,0.7,0.4,-116.6,10.3,143.1,52.5,17.0,186.4,14.0,0.5,0.7,0.4,-139.0,-64.3,-10.7,-76.5,17.0,73.7,14.0,0.5,0.7,0.4,-2.6,-0.2,3.53,0.38,15.0,2.91,14.0,0.5,0.7,0.4,-28.9,-1.5,44.5,3.7,15.0,39.2,14.0,0.5,0.7,0.4,1.77,2.92,3.81,2.8,4.0,1.34,18.0,0.5,0.9,0.6,13.0,27.7,45.8,29.4,4.0,20.6,18.0,0.5,0.9,0.6,-108.3,15.0,139.8,34.3,17.0,128.8,14.0,0.5,0.7,0.4,-118.2,-63.2,-13.9,-68.3,17.0,54.4,14.0,0.5,0.7,0.4,-50.1,-15.4,3.9,-22.8,4.0,34.2,18.0,0.5,0.9,0.6,-52.9,-33.2,7.6,-23.2,4.0,42.9,18.0,0.5,0.9,0.6,-29.2,-2.3,1.8,-13.2,4.0,25.7,18.0,0.5,0.9,0.6,-27.9,-18.9,-6.0,-17.0,4.0,17.1,18.0,0.5,0.9,0.6,565.5,1643.0,3707.0,2639.0,17.0,3600.0,14.0,0.5,0.7,0.4,565.0,1645.0,3705.0,2640.0,17.0,3600.0,14.0,0.5,0.7,0.4
1974,2,346.0,43.0,11.87,12.5,14.0,12.61,19.0,0.99,10.0,0.6,0.5,0.5,10.4,12.0,13.0,11.73,20.0,1.53,10.0,0.6,0.5,0.5,5.85,6.71,7.55,6.73,13.0,0.79,12.0,0.7,0.4,0.6,68.2,76.0,86.4,77.3,13.0,9.9,12.0,0.7,0.6,6.7,12.95,18.0,12.68,20.0,4.79,10.0,0.6,0.5,0.5,5.15,10.68,14.17,9.51,20.0,5.54,10.0,0.6,0.5,0.5,-11.86,-3.99,3.25,-4.17,20.0,6.93,10.0,0.6,0.5,0.5,1009.15,1015.9,1024.18,1015.98,20.0,7.34,10.0,0.6,0.5,0.5,3.0,6.5,8.0,5.9,18.0,1.9,12.0,0.7,0.5,0.5,34.5,152.1,250.1,140.9,20.0,93.9,10.0,0.6,0.5,0.5,-219.1,-26.9,16.6,-66.1,20.0,118.6,10.0,0.6,0.5,0.5,-0.91,1.0,2.01,0.92,19.0,1.79,10.0,0.6,0.5,0.5,-7.7,9.8,36.4,12.7,19.0,24.3,10.0,0.6,0.5,0.5,1.4,2.01,3.28,2.21,12.0,0.82,12.0,0.7,0.4,0.6,11.9,32.8,43.4,29.6,12.0,17.1,12.0,0.7,0.4,0.6,64.5,117.3,165.3,108.7,20.0,64.1,10.0,0.6,0.5,0.5,-118.7,-49.1,39.0,-47.1,20.0,79.9,10.0,0.6,0.5,0.5,34.3,72.2,95.8,63.2,13.0,38.7,12.0,0.7,0.4,0.6,-85.8,-29.9,20.1,-32.1,13.0,51.3,12.0,0.7,0.4,0.6,9.6,19.8,41.1,21.9,12.0,16.5,12.0,0.7,0.4,0.6,-30.6,-6.8,6.2,-9.5,12.0,18.8,12.0,0.7,0.4,0.6,301.0,2172.0,5832.0,2833.0,20.0,2303.0,10.0,0.6,0.5,0.5,300.0,2170.0,5830.0,2835.0,20.0,2305.0,10.0,0.6,0.5,0.5
1974,2,346.0,44.0,11.64,12.1,12.86,12.21,37.0,0.93,12.0,0.3,0.6,0.3,10.55,11.7,12.8,11.58,44.0,1.42,12.0,0.3,0.6,0.3,5.38,6.18,6.92,6.2,37.0,0.92,12.0,0.3,0.5,0.3,65.5,72.6,81.4,73.4,38.0,9.9,12.0,0.3,0.3,10.12,15.7,19.59,14.98,44.0,5.25,12.0,0.3,0.6,0.3,2.62,9.25,14.98,8.65,44.0,6.73,12.0,0.3,0.6,0.3,-15.9,-3.54,7.78,-3.8,44.0,10.98,12.0,0.3,0.6,0.3,999.73,1012.7,1022.0,1010.12,45.0,12.83,12.0,0.3,0.6,0.3,3.0,5.0,8.0,5.1,42.0,2.1,12.0,0.3,0.6,0.3,24.5,150.4,281.9,148.1,44.0,128.7,12.0,0.3,0.6,0.3,-314.8,-49.0,115.2,-81.8,44.0,204.1,12.0,0.3,0.6,0.3,-0.53,0.5,2.19,0.78,37.0,1.72,12.0,0.3,0.6,0.3,-4.2,9.6,36.2,13.4,36.0,26.1,12.0,0.3,0.6,0.3,2.15,2.59,3.51,2.67,32.0,0.9,12.0,0.3,0.5,0.3,24.9,41.1,54.3,41.8,31.0,20.1,12.0,0.3,0.5,0.3,26.8,110.0,163.5,92.7,42.0,76.7,12.0,0.3,0.6,0.3,-182.5,-44.7,78.1,-45.4,42.0,129.7,12.0,0.3,0.6,0.3,28.3,58.6,90.7,53.6,35.0,38.8,12.0,0.3,0.5,0.3,-103.6,-48.0,25.0,-35.9,35.0,66.3,12.0,0.3,0.5,0.3,4.3,22.4,37.3,21.8,31.0,23.5,12.0,0.3,0.5,0.3,-45.4,-26.7,7.9,-22.2,31.0,25.7,12.0,0.3,0.5,0.3,1042.0,3874.0,7518.0,4519.5,44.0,3761.0,12.0,0.3,0.6,0.3,1040.0,3875.0,7520.0,4520.0,44.0,3760.0,12.0,0.3,0.6,0.3
1974,2,346.0,45.0,11.3,12.0,12.74,12.1,44.0,0.94,14.0,0.6,0.5,0.5,9.86,11.0,12.8,11.09,47.0,1.75,14.0,0.6,0.5,0.4,5.67,6.31,8.15,6.74,40.0,1.2,14.0,0.6,0.5,0.5,71.4,80.3,89.3,80.5,40.0,10.3,14.0,0.6,0.5,8.0,12.9,18.7,13.49,47.0,5.91,14.0,0.6,0.5,0.4,1.36,8.5,16.13,8.24,47.0,7.79,14.0,0.6,0.5,0.4,-11.0,-2.3,11.4,-0.81,47.0,9.49,14.0,0.6,0.5,0.4,1001.91,1016.2,1024.89,1014.45,46.0,10.56,14.0,0.6,0.5,0.5,5.0,8.0,8.0,6.7,47.0,2.0,14.0,0.6,0.5,0.4,6.9,106.1,300.0,141.5,47.0,170.7,14.0,0.6,0.5,0.4,-147.2,-10.6,153.8,-11.1,47.0,165.0,14.0,0.6,0.5,0.4,-0.8,0.85,2.55,0.95,44.0,2.08,14.0,0.6,0.5,0.5,-10.9,6.8,43.8,13.8,44.0,31.6,14.0,0.6,0.5,0.5,0.45,2.3,3.15,1.99,40.0,1.25,14.0,0.6,0.5,0.5,3.3,26.3,45.0,25.5,40.0,21.1,14.0,0.6,0.5,0.5,17.8,94.5,158.5,90.9,47.0,84.6,14.0,0.6,0.5,0.4,-112.4,-24.4,127.2,-3.2,47.0,108.4,14.0,0.6,0.5,0.4,7.8,51.3,108.4,57.8,40.0,53.6,14.0,0.6,0.5,0.5,-66.3,-5.3,86.7,3.3,40.0,68.8,14.0,0.6,0.5,0.5,0.0,13.6,28.7,13.6,40.0,22.1,14.0,0.6,0.5,0.5,-28.0,-4.0,7.0,-7.5,40.0,19.5,14.0,0.6,0.5,0.5,517.0,2146.5,6550.5,3867.0,47.0,4439.5,14.0,0.6,0.5,0.4,515.0,2145.0,6550.0,3865.0,47.0,4440.0,14.0,0.6,0.5,0.4
1974,2,346.0,46.0,10.51,11.6,12.17,11.57,27.0,1.19,16.0,0.1,0.6,0.3,9.32,10.7,12.2,10.85,35.0,1.38,16.0,0.1,0.6,0.3,5.53,6.16,7.43,6.43,25.0,1.24,14.0,0.1,0.5,0.3,66.9,82.0,93.1,80.2,25.0,11.1,14.0,0.1,0.3,5.1,9.55,15.31,10.01,34.0,4.94,16.0,0.1,0.6,0.3,-5.1,2.89,9.52,2.77,34.0,7.98,16.0,0.1,0.6,0.3,-8.97,0.0,4.84,-1.18,34.0,7.39,16.0,0.1,0.6,0.3,1010.91,1021.45,1030.72,1017.6,34.0,14.41,16.0,0.1,0.6,0.3,2.0,6.5,8.0,5.4,30.0,2.7,16.0,0.1,0.6,0.4,-27.6,22.8,133.8,53.0,34.0,128.7,16.0,0.1,0.6,0.3,-100.2,0.0,49.1,-15.4,34.0,99.2,16.0,0.1,0.6,0.3,-0.35,0.9,2.74,0.87,27.0,1.96,16.0,0.1,0.6,0.3,-0.2,6.6,20.2,9.8,26.0,23.0,16.0,0.1,0.6,0.3,1.18,2.0,3.44,2.16,20.0,1.32,14.0,0.2,0.5,0.3,7.9,21.4,47.1,23.5,20.0,18.3,14.0,0.2,0.5,0.3,-57.9,28.5,95.1,29.6,34.0,86.8,16.0,0.1,0.6,0.3,-89.5,0.0,53.0,-6.5,34.0,81.4,16.0,0.1,0.6,0.3,-28.5,32.0,58.1,27.6,25.0,53.5,14.0,0.1,0.5,0.3,-54.5,-5.0,38.9,-1.9,25.0,55.1,14.0,0.1,0.5,0.3,-3.6,8.6,30.3,11.9,20.0,17.4,14.0,0.2,0.5,0.3,-36.0,-7.3,4.3,-12.4,20.0,17.4,14.0,0.2,0.5,0.3,132.5,873.0,3586.5,1784.0,34.0,2508.5,16.0,0.1,0.6,0.3,135.0,875.0,3585.0,1785.0,34.0,2510.0,16.0,0.1,0.6,0.3
1974,2,346.0,47.0,11.0,11.35,12.81,11.73,16.0,0.96,12.0,0.3,0.6,0.4,9.4,10.2,12.0,10.38,20.0,1.57,12.0,0.3,0.7,0.4,4.78,5.82,7.08,6.0,15.0,1.38,12.0,0.3,0.7,0.4,64.8,76.4,92.9,77.6,16.0,14.7,12.0,0.3,0.5,5.71,11.4,15.4,11.48,20.0,5.64,12.0,0.3,0.7,0.4,-1.79,7.5,15.16,6.57,20.0,7.54,12.0,0.3,0.7,0.4,-9.29,0.0,3.16,-0.16,20.0,8.25,12.0,0.3,0.7,0.4,1000.13,1013.2,1029.27,1010.96,19.0,17.47,12.0,0.3,0.7,0.4,4.0,7.0,8.0,6.4,19.0,1.8,12.0,0.3,0.6,0.4,-7.8,69.8,233.4,100.0,20.0,113.7,12.0,0.3,0.7,0.4,-100.7,0.0,29.5,1.0,20.0,164.2,12.0,0.3,0.7,0.4,-0.12,1.25,2.6,1.41,16.0,1.62,12.0,0.3,0.6,0.4,-1.3,10.1,31.4,16.1,16.0,23.8,12.0,0.3,0.6,0.4,1.24,2.62,3.48,2.45,12.0,1.43,12.0,0.3,0.6,0.4,11.5,26.9,47.8,28.2,12.0,19.8,12.0,0.3,0.6,0.4,-17.9,77.1,146.3,66.7,20.0,75.4,12.0,0.3,0.7,0.4,-89.3,0.0,27.3,3.1,20.0,93.1,12.0,0.3,0.7,0.4,5.2,45.4,98.8,52.8,15.0,44.8,12.0,0.3,0.7,0.4,-51.1,0.0,14.6,-3.7,15.0,52.5,12.0,0.3,0.7,0.4,-4.4,20.8,40.6,17.6,12.0,21.5,12.0,0.3,0.6,0.4,-27.0,-5.6,3.3,-11.0,12.0,17.9,12.0,0.3,0.6,0.4,186.0,1494.0,3652.5,2644.5,20.0,3574.5,12.0,0.3,0.7,0.4,185.0,1495.0,3650.0,2645.0,20.0,3575.0,12.0,0.3,0.7,0.4
1974,2,346.0,48.0,10.5,11.5,11.65,11.18,17.0,0.63,16.0,0.4,0.5,0.4,9.41,10.6,12.19,10.89,20.0,1.46,16.0,0.4,0.5,0.4,5.43,6.55,7.53,6.47,20.0,1.0,16.0,0.4,0.5,0.4,68.5,80.8,91.6,80.2,20.0,10.5,16.0,0.4,0.4,7.7,11.05,20.6,12.51,20.0,6.66,16.0,0.4,0.5,0.4,-1.99,3.98,15.59,5.51,20.0,8.24,16.0,0.4,0.5,0.4,-11.57,3.2,9.77,0.33,20.0,10.45,16.0,0.4,0.5,0.4,1005.7,1019.9,1031.49,1015.48,20.0,17.04,16.0,0.4,0.5,0.4,3.0,6.5,8.0,5.7,18.0,2.5,16.0,0.3,0.5,0.4,-8.8,31.6,340.1,111.4,20.0,166.7,16.0,0.4,0.5,0.4,-156.4,14.8,116.5,-3.4,20.0,187.4,16.0,0.4,0.5,0.4,-1.2,0.5,1.59,0.24,17.0,1.48,16.0,0.4,0.5,0.4,-12.4,9.0,16.3,2.4,17.0,17.1,16.0,0.4,0.5,0.4,0.86,1.74,2.55,1.65,17.0,0.97,16.0,0.4,0.5,0.4,4.2,20.2,39.7,20.9,17.0,16.6,16.0,0.4,0.5,0.4,-22.6,41.0,157.1,58.2,20.0,90.2,16.0,0.4,0.5,0.4,-107.6,36.3,102.7,6.9,20.0,115.8,16.0,0.4,0.5,0.4,-14.9,28.0,87.9,34.6,20.0,53.4,16.0,0.4,0.5,0.4,-60.4,22.9,59.9,6.5,20.0,64.1,16.0,0.4,0.5,0.4,-3.2,3.5,21.6,7.4,17.0,15.0,16.0,0.4,0.5,0.4,-21.7,1.6,16.6,-1.4,17.0,21.3,16.0,0.4,0.5,0.4,456.5,1351.5,8742.0,3630.0,20.0,4506.5,16.0,0.4,0.5,0.4,455.0,1350.0,8740.0,3630.0,20.0,4505.0,16.0,0.4,0.5,0.4
1974,2,346.0,49.0,10.71,11.0,11.33,11.0,10.0,0.51,16.0,0.4,0.6,0.5,8.13,9.8,10.2,9.26,15.0,1.56,18.0,0.3,0.6,0.5,4.73,4.92,6.41,5.37,12.0,0.97,18.0,0.3,0.6,0.4,65.3,70.6,82.9,72.3,12.0,9.4,18.0,0.3,0.4,4.73,13.45,15.4,11.29,14.0,5.86,18.0,0.2,0.6,0.5,0.0,5.47,10.65,4.92,14.0,5.89,18.0,0.2,0.6,0.5,-14.08,-1.34,2.75,-3.5,14.0,9.88,18.0,0.2,0.6,0.5,994.72,1022.1,1030.46,1013.37,15.0,17.69,18.0,0.3,0.6,0.5,3.0,6.0,8.0,5.6,14.0,2.3,16.0,0.3,0.6,0.5,0.0,70.1,123.0,68.1,14.0,86.9,18.0,0.2,0.6,0.5,-211.4,-11.2,22.0,-62.7,14.0,156.3,18.0,0.2,0.6,0.5,0.39,1.05,2.57,1.46,10.0,1.33,16.0,0.4,0.6,0.5,1.4,16.9,44.0,20.3,9.0,19.1,16.0,0.3,0.6,0.5,2.02,3.18,3.35,2.86,9.0,0.9,16.0,0.3,0.7,0.5,5.0,43.4,51.4,33.4,8.0,24.1,16.0,0.3,0.6,0.5,0.0,51.1,85.2,43.0,14.0,54.0,18.0,0.2,0.6,0.5,-122.3,-10.7,30.5,-25.7,14.0,89.7,18.0,0.2,0.6,0.5,-8.8,28.3,61.0,25.1,11.0,34.5,18.0,0.2,0.6,0.4,-76.1,0.0,16.4,-14.5,11.0,48.5,18.0,0.2,0.6,0.4,-10.7,12.3,44.0,14.9,8.0,25.5,16.0,0.3,0.6,0.5,-28.5,0.0,4.2,-5.8,8.0,30.3,16.0,0.3,0.6,0.5,110.0,2441.5,3652.5,2419.0,14.0,2195.0,18.0,0.2,0.6,0.5,110.0,2440.0,3650.0,2420.0,14.0,2195.0,18.0,0.2,0.6,0.5
1974,2,346.0,50.0,10.0,10.15,11.17,10.46,10.0,0.86,22.0,0.4,0.4,0.2,9.44,10.4,10.94,10.03,10.0,1.3,22.0,0.4,0.4,0.2,4.47,5.25,7.27,5.59,9.0,1.32,22.0,0.4,0.4,0.2,60.8,68.7,89.5,74.4,9.0,16.2,22.0,0.4,0.2,4.6,6.45,7.99,6.78,10.0,3.53,22.0,0.4,0.4,0.2,1.24,3.98,7.3,4.51,10.0,5.17,22.0,0.4,0.4,0.2,-2.59,0.99,4.97,1.18,10.0,3.56,22.0,0.4,0.4,0.2,1019.53,1025.95,1031.31,1024.54,10.0,8.43,22.0,0.4,0.4,0.2,5.2,8.0,8.0,7.1,8.0,1.4,22.0,0.5,0.4,0.2,7.0,22.8,57.0,43.2,10.0,72.6,22.0,0.4,0.4,0.2,-14.1,2.1,32.3,8.3,10.0,24.2,22.0,0.4,0.4,0.2,-0.94,0.5,1.23,0.43,10.0,1.84,22.0,0.4,0.4,0.2,-5.1,3.2,7.7,6.6,10.0,23.4,22.0,0.4,0.4,0.2,0.31,2.67,3.3,2.09,9.0,1.4,22.0,0.4,0.4,0.2,2.0,12.4,20.1,14.3,9.0,14.7,22.0,0.4,0.4,0.2,11.4,44.3,72.6,41.0,10.0,41.9,22.0,0.4,0.4,0.2,-25.1,10.5,53.1,14.0,10.0,37.7,22.0,0.4,0.4,0.2,2.5,26.1,36.1,24.7,9.0,28.0,22.0,0.4,0.4,0.2,-14.2,0.0,32.5,7.0,9.0,23.0,22.0,0.4,0.4,0.2,-1.8,2.1,17.9,9.1,9.0,17.3,22.0,0.4,0.4,0.2,-5.8,0.0,5.5,0.1,9.0,7.2,22.0,0.4,0.4,0.2,97.5,269.5,511.0,591.0,10.0,1089.5,22.0,0.4,0.4,0.2,95.0,270.0,510.0,590.0,10.0,1090.0,22.0,0.4,0.4,0.2
1974,2,346.0,51.0,9.99,10.2,10.4,10.2,7.0,0.24,18.0,0.1,0.6,0.2,8.01,9.5,10.57,9.66,9.0,1.8,16.0,0.3,0.6,0.3,5.53,6.21,6.78,6.17,9.0,0.83,16.0,0.3,0.6,0.3,74.0,79.9,95.8,82.6,9.0,11.3,16.0,0.3,0.3,6.67,11.8,15.4,12.0,9.0,5.49,16.0,0.3,0.6,0.3,0.44,8.92,14.05,7.98,9.0,7.72,16.0,0.3,0.6,0.3,-5.73,4.6,8.08,2.16,9.0,7.46,16.0,0.3,0.6,0.3,996.05,1005.5,1020.36,1006.41,9.0,16.89,16.0,0.3,0.6,0.3,3.8,7.0,7.7,6.0,9.0,2.1,16.0,0.3,0.6,0.3,4.0,91.9,207.6,129.1,9.0,153.2,16.0,0.3,0.6,0.3,-78.0,21.2,76.5,9.4,9.0,113.0,16.0,0.3,0.6,0.3,-0.4,0.9,3.01,1.14,7.0,1.45,18.0,0.1,0.6,0.2,-3.7,4.6,50.2,18.8,7.0,28.3,18.0,0.1,0.6,0.2,1.2,1.83,2.43,1.84,7.0,0.75,18.0,0.1,0.6,0.2,10.2,18.9,38.5,25.2,7.0,23.0,18.0,0.1,0.6,0.2,4.4,94.6,135.9,76.0,9.0,70.0,16.0,0.3,0.6,0.3,-55.7,43.7,83.0,16.9,9.0,65.7,16.0,0.3,0.6,0.3,2.7,52.1,93.5,47.5,9.0,43.4,16.0,0.3,0.6,0.3,-35.1,28.3,50.4,14.6,9.0,44.6,16.0,0.3,0.6,0.3,-0.3,8.0,36.2,17.5,7.0,25.6,18.0,0.1,0.6,0.2,-13.2,9.1,11.6,2.7,7.0,15.8,18.0,0.1,0.6,0.2,352.0,1643.0,3652.5,2757.5,9.0,3547.5,16.0,0.3,0.6,0.3,350.0,1645.0,3650.0,2755.0,9.0,3550.0,16.0,0.3,0.6,0.3
1974,2,346.0,52.0,8.1,8.1,8.1,8.1,1.0,0.0,16.0,0.0,0.2,0.6,10.0,10.0,10.0,10.0,1.0,0.0,16.0,0.0,0.2,0.6,6.18,6.18,6.18,6.18,1.0,0.0,16.0,0.0,0.2,0.6,78.9,78.9,78.9,78.9,1.0,0.0,16.0,0.0,0.6,17.5,17.5,17.5,17.5,1.0,0.0,16.0,0.0,0.2,0.6,8.75,8.75,8.75,8.75,1.0,0.0,16.0,0.0,0.2,0.6,-15.16,-15.16,-15.16,-15.16,1.0,0.0,16.0,0.0,0.2,0.6,982.2,982.2,982.2,982.2,1.0,0.0,16.0,0.0,0.2,0.6,7.0,7.0,7.0,7.0,1.0,0.0,16.0,0.0,0.2,0.6,153.1,153.1,153.1,153.1,1.0,0.0,16.0,0.0,0.2,0.6,-265.2,-265.2,-265.2,-265.2,1.0,0.0,16.0,0.0,0.2,0.6,-1.9,-1.9,-1.9,-1.9,1.0,0.0,16.0,0.0,0.2,0.6,-33.2,-33.2,-33.2,-33.2,1.0,0.0,16.0,0.0,0.2,0.6,0.72,0.72,0.72,0.72,1.0,0.0,16.0,0.0,0.2,0.6,12.6,12.6,12.6,12.6,1.0,0.0,16.0,0.0,0.2,0.6,87.5,87.5,87.5,87.5,1.0,0.0,16.0,0.0,0.2,0.6,-151.6,-151.6,-151.6,-151.6,1.0,0.0,16.0,0.0,0.2,0.6,54.1,54.1,54.1,54.1,1.0,0.0,16.0,0.0,0.2,0.6,-93.6,-93.6,-93.6,-93.6,1.0,0.0,16.0,0.0,0.2,0.6,6.3,6.3,6.3,6.3,1.0,0.0,16.0,0.0,0.2,0.6,-10.9,-10.9,-10.9,-10.9,1.0,0.0,16.0,0.0,0.2,0.6,5359.5,5359.5,5359.5,5359.5,1.0,0.0,16.0,0.0,0.2,0.6,5360.0,5360.0,5360.0,5360.0,1.0,0.0,16.0,0.0,0.2,0.6
1974,2,346.0,53.0,,,,,,,,,,,,,,,,,,,,,,,,,,,,,,,,,,,,,,,,13.9,13.9,13.9,13.9,1.0,0.0,4.0,1.0,0.5,0.1,-2.41,-2.41,-2.41,-2.41,1.0,0.0,4.0,1.0,0.5,0.1,13.69,13.69,13.69,13.69,1.0,0.0,4.0,1.0,0.5,0.1,1002.7,1002.7,1002.7,1002.7,1.0,0.0,4.0,1.0,0.5,0.1,,,,,,,,,,,,,,,,,,,,,,,,,,,,,,,,,,,,,,,,,,,,,,,,,,,,,,,,,,,,,,,,,,,,,,,,,,,,,,,,,,,,,,,,,,,,,,,,,,,,,,,,,,,,,,,,,,,,,,,,,,,,,,,,,,,,,,,,,,,,,,,,,,,,,,
1974,2,346.0,54.0,10.0,10.1,10.2,10.1,7.0,0.12,16.0,0.4,0.6,0.2,7.0,8.15,9.16,8.1,10.0,1.14,16.0,0.5,0.5,0.2,4.61,4.78,6.18,5.13,7.0,0.79,16.0,0.4,0.6,0.2,71.6,75.7,82.7,76.2,7.0,7.0,16.0,0.4,0.2,3.6,5.1,10.59,7.2,10.0,4.98,16.0,0.5,0.5,0.2,0.38,1.56,7.54,3.8,10.0,5.98,16.0,0.5,0.5,0.2,-6.2,-3.85,1.2,-2.78,10.0,4.69,16.0,0.5,0.5,0.2,971.89,1006.9,1020.27,999.13,10.0,24.93,16.0,0.5,0.5,0.2,1.4,6.5,7.0,4.8,10.0,2.9,16.0,0.5,0.5,0.2,1.9,6.0,82.9,50.8,10.0,109.6,16.0,0.5,0.5,0.2,-40.2,-16.0,24.6,-5.2,10.0,55.4,16.0,0.5,0.5,0.2,0.8,2.9,3.2,2.14,7.0,1.26,16.0,0.4,0.6,0.2,6.3,11.9,14.7,10.6,7.0,4.5,16.0,0.4,0.6,0.2,1.72,3.0,3.08,2.61,7.0,0.66,16.0,0.4,0.6,0.2,9.2,11.9,15.9,17.8,7.0,18.1,16.0,0.4,0.6,0.2,3.4,11.1,54.9,31.5,10.0,54.5,16.0,0.5,0.5,0.2,-56.7,-30.5,9.2,-22.7,10.0,41.6,16.0,0.5,0.5,0.2,6.4,7.6,16.2,17.5,7.0,30.6,16.0,0.4,0.6,0.2,-23.1,-20.1,-9.9,-14.5,7.0,22.9,16.0,0.4,0.6,0.2,1.9,4.7,9.7,11.2,7.0,19.5,16.0,0.4,0.6,0.2,-11.7,-8.9,-4.6,-5.6,7.0,11.5,16.0,0.4,0.6,0.2,46.5,132.5,1270.0,1010.5,10.0,2120.0,16.0,0.5,0.5,0.2,45.0,135.0,1270.0,1010.0,10.0,2120.0,16.0,0.5,0.5,0.2
1974,2,346.0,55.0,8.63,10.0,10.0,9.33,3.0,1.15,18.0,0.0,0.7,0.3,7.27,10.0,10.41,8.87,3.0,2.5,18.0,0.0,0.7,0.3,4.82,6.19,6.32,5.58,3.0,1.22,18.0,0.0,0.7,0.3,73.2,79.5,80.6,76.9,3.0,5.8,18.0,0.0,0.3,5.27,6.7,6.7,6.0,3.0,1.21,18.0,0.0,0.7,0.3,4.31,4.31,4.32,4.31,3.0,0.01,18.0,0.0,0.7,0.3,-4.0,-1.57,3.0,-0.52,3.0,5.21,18.0,0.0,0.7,0.3,980.08,985.2,1014.42,996.97,3.0,27.14,18.0,0.0,0.7,0.3,2.3,3.0,5.7,4.0,3.0,2.6,18.0,0.0,0.7,0.3,22.7,28.9,28.9,25.9,3.0,5.2,18.0,0.0,0.7,0.3,-25.8,-7.2,21.2,-2.4,3.0,34.6,18.0,0.0,0.7,0.3,-0.41,0.0,1.37,0.47,3.0,1.36,18.0,0.0,0.7,0.3,-2.7,0.0,6.3,1.7,3.0,6.8,18.0,0.0,0.7,0.3,1.36,1.5,2.29,1.82,3.0,0.73,18.0,0.0,0.7,0.3,9.1,10.0,11.5,10.3,3.0,1.8,18.0,0.0,0.7,0.3,31.4,43.1,44.8,38.2,3.0,10.7,18.0,0.0,0.7,0.3,-38.0,-9.4,34.1,-2.1,3.0,53.2,18.0,0.0,0.7,0.3,20.8,26.7,27.2,24.1,3.0,5.2,18.0,0.0,0.7,0.3,-24.4,-6.6,19.6,-2.5,3.0,32.5,18.0,0.0,0.7,0.3,5.9,6.5,9.9,7.8,3.0,3.2,18.0,0.0,0.7,0.3,-6.6,-4.2,3.2,-1.7,3.0,7.5,18.0,0.0,0.7,0.3,162.0,301.0,301.0,233.0,3.0,117.5,18.0,0.0,0.7,0.3,160.0,300.0,300.0,235.0,3.0,115.0,18.0,0.0,0.7,0.3
1974,2,346.0,57.0,8.8,8.8,8.8,8.8,1.0,0.0,20.0,0.0,0.7,0.3,7.93,8.0,8.07,8.0,2.0,0.14,20.0,0.0,0.5,0.3,6.57,6.57,6.57,6.57,1.0,0.0,20.0,0.0,0.7,0.3,100.0,100.0,100.0,100.0,1.0,0.0,20.0,0.0,0.3,12.71,13.6,14.49,13.6,2.0,1.84,20.0,0.0,0.5,0.3,4.35,4.65,4.95,4.65,2.0,0.63,20.0,0.0,0.5,0.3,11.95,12.78,13.61,12.78,2.0,1.73,20.0,0.0,0.5,0.3,1017.12,1017.15,1017.18,1017.15,2.0,0.07,20.0,0.0,0.5,0.3,8.0,8.0,8.0,8.0,2.0,0.0,20.0,0.0,0.5,0.3,55.6,63.8,72.1,63.8,2.0,17.1,20.0,0.0,0.5,0.3,152.7,175.4,198.1,175.4,2.0,47.0,20.0,0.0,0.5,0.3,0.9,0.9,0.9,0.9,1.0,0.0,20.0,0.0,0.7,0.3,13.4,13.4,13.4,13.4,1.0,0.0,20.0,0.0,0.7,0.3,0.42,0.42,0.42,0.42,1.0,0.0,20.0,0.0,0.7,0.3,6.2,6.2,6.2,6.2,1.0,0.0,20.0,0.0,0.7,0.3,35.1,37.2,39.3,37.2,2.0,4.4,20.0,0.0,0.5,0.3,96.3,102.1,107.9,102.1,2.0,12.0,20.0,0.0,0.5,0.3,33.5,33.5,33.5,33.5,1.0,0.0,20.0,0.0,0.7,0.3,92.0,92.0,92.0,92.0,1.0,0.0,20.0,0.0,0.7,0.3,2.1,2.1,2.1,2.1,1.0,0.0,20.0,0.0,0.7,0.3,5.8,5.8,5.8,5.8,1.0,0.0,20.0,0.0,0.7,0.3,2090.5,2584.5,3078.5,2584.5,2.0,1023.0,20.0,0.0,0.5,0.3,2090.0,2585.0,3080.0,2585.0,2.0,1025.0,20.0,0.0,0.5,0.3
1974,2,346.0,58.0,8.6,8.6,9.57,8.93,10.0,0.58,16.0,0.2,0.5,0.6,4.5,6.5,7.93,6.49,12.0,1.73,16.0,0.3,0.6,0.5,2.8,5.32,6.08,4.68,8.0,1.7,18.0,0.4,0.6,0.5,54.2,81.5,91.5,74.6,8.0,19.0,18.0,0.4,0.5,6.29,12.65,23.46,13.84,12.0,8.31,16.0,0.3,0.6,0.5,-8.89,0.58,10.09,1.11,12.0,9.16,16.0,0.3,0.6,0.5,-22.05,-4.94,7.38,-5.8,12.0,12.5,16.0,0.3,0.6,0.5,986.02,1008.0,1017.05,1001.73,12.0,18.55,16.0,0.3,0.6,0.5,6.4,7.5,8.0,7.2,10.0,1.0,18.0,0.3,0.5,0.6,-189.1,3.9,140.4,-1.9,12.0,173.4,16.0,0.3,0.6,0.5,-519.4,-42.7,125.0,-133.7,12.0,285.1,16.0,0.3,0.6,0.5,0.2,3.35,4.1,2.57,10.0,1.95,16.0,0.2,0.5,0.6,-2.8,25.2,69.8,32.3,10.0,38.7,16.0,0.2,0.5,0.6,0.77,1.63,4.11,2.35,7.0,1.77,18.0,0.3,0.6,0.5,3.4,13.4,27.6,15.0,7.0,11.5,18.0,0.3,0.6,0.5,-49.3,2.4,72.0,13.3,12.0,69.5,16.0,0.3,0.6,0.5,-132.3,-23.5,63.5,-30.2,12.0,87.5,16.0,0.3,0.6,0.5,0.0,5.6,69.2,21.9,8.0,51.9,18.0,0.4,0.6,0.5,-42.3,-11.3,39.2,-11.2,8.0,58.9,18.0,0.4,0.6,0.5,-0.5,2.3,5.3,2.3,7.0,7.8,18.0,0.3,0.6,0.5,-27.1,-13.2,1.6,-10.1,7.0,14.5,18.0,0.3,0.6,0.5,258.0,2029.0,13077.5,5324.5,12.0,6624.0,16.0,0.3,0.6,0.5,260.0,2030.0,13075.0,5325.0,12.0,6625.0,16.0,0.3,0.6,0.5
1974,2,346.0,59.0,8.48,8.75,11.0,9.4,6.0,1.25,10.0,0.5,0.5,0.2,5.95,6.3,7.2,6.37,7.0,0.81,10.0,0.4,0.6,0.3,5.3,5.4,5.97,5.6,5.0,0.45,12.0,0.6,0.6,0.3,85.8,91.4,94.6,89.7,5.0,7.2,12.0,0.6,0.3,5.1,12.3,17.55,12.1,7.0,5.49,10.0,0.4,0.6,0.3,-3.62,0.0,1.89,-1.76,7.0,4.97,10.0,0.4,0.6,0.3,-10.71,-5.1,17.28,0.36,7.0,13.13,10.0,0.4,0.6,0.3,964.0,987.0,1011.81,987.23,7.0,21.88,10.0,0.4,0.6,0.3,8.0,8.0,8.0,8.0,7.0,0.0,10.0,0.4,0.6,0.3,-65.3,0.0,20.5,-34.1,7.0,73.5,10.0,0.4,0.6,0.3,-149.2,-26.0,303.3,31.5,7.0,207.2,10.0,0.4,0.6,0.3,1.54,2.55,4.05,2.8,6.0,1.41,10.0,0.5,0.5,0.2,15.7,23.7,43.4,28.8,6.0,15.7,10.0,0.5,0.5,0.2,1.32,1.86,2.19,1.76,5.0,0.51,12.0,0.6,0.6,0.3,10.9,18.2,26.6,18.6,5.0,8.1,12.0,0.6,0.6,0.3,-22.5,0.0,12.7,-8.6,7.0,26.8,10.0,0.4,0.6,0.3,-65.0,-30.6,114.9,4.9,7.0,84.9,10.0,0.4,0.6,0.3,-17.4,0.0,11.0,-2.6,5.0,14.3,12.0,0.6,0.6,0.3,-40.2,30.1,98.9,27.7,5.0,73.0,12.0,0.6,0.6,0.3,-3.7,0.0,4.2,0.1,5.0,4.2,12.0,0.6,0.6,0.3,-15.4,11.1,21.2,4.1,5.0,21.4,12.0,0.6,0.6,0.3,132.5,1861.0,5406.0,2675.5,7.0,2487.5,10.0,0.4,0.6,0.3,135.0,1860.0,5405.0,2675.0,7.0,2485.0,10.0,0.4,0.6,0.3
1974,2,346.0,60.0,8.16,8.5,8.84,8.5,2.0,0.71,24.0,0.5,0.6,0.6,6.48,7.5,8.0,7.25,4.0,0.96,22.0,0.5,0.6,0.4,6.15,6.15,6.15,6.15,1.0,0.0,24.0,1.0,0.8,0.4,93.4,93.4,93.4,93.4,1.0,0.0,24.0,1.0,0.4,6.84,10.8,13.92,10.4,4.0,4.6,22.0,0.5,0.6,0.4,1.3,9.62,12.75,7.15,4.0,7.89,22.0,0.5,0.6,0.4,-3.02,2.22,4.23,0.68,4.0,5.86,22.0,0.5,0.6,0.4,1011.87,1021.15,1022.42,1017.33,4.0,8.81,22.0,0.5,0.6,0.4,6.5,7.5,8.0,7.3,4.0,1.0,22.0,0.5,0.6,0.4,21.9,107.6,178.5,100.6,4.0,97.7,22.0,0.5,0.6,0.4,-57.1,18.4,41.6,-6.5,4.0,77.0,22.0,0.5,0.6,0.4,0.16,0.5,0.84,0.5,2.0,0.71,24.0,0.5,0.6,0.6,1.5,4.7,7.8,4.7,2.0,6.6,24.0,0.5,0.6,0.6,0.44,0.44,0.44,0.44,1.0,0.0,24.0,1.0,0.8,0.4,5.4,5.4,5.4,5.4,1.0,0.0,24.0,1.0,0.8,0.4,12.5,68.5,88.9,51.5,4.0,55.4,22.0,0.5,0.6,0.4,-16.5,16.6,33.2,8.7,4.0,39.5,22.0,0.5,0.6,0.4,74.4,74.4,74.4,74.4,1.0,0.0,24.0,1.0,0.8,0.4,13.1,13.1,13.1,13.1,1.0,0.0,24.0,1.0,0.8,0.4,5.3,5.3,5.3,5.3,1.0,0.0,24.0,1.0,0.8,0.4,0.9,0.9,0.9,0.9,1.0,0.0,24.0,1.0,0.8,0.4,434.0,1332.5,2799.5,1603.5,4.0,1546.0,22.0,0.5,0.6,0.4,435.0,1335.0,2800.0,1605.0,4.0,1545.0,22.0,0.5,0.6,0.4
1974,2,346.0,61.0,7.23,7.3,7.78,7.5,3.0,0.44,18.0,0.3,0.3,0.5,3.0,5.25,7.37,5.28,6.0,2.13,14.0,0.2,0.5,0.7,5.07,5.09,5.12,5.09,2.0,0.05,16.0,0.5,0.3,0.3,77.7,81.7,85.7,81.7,2.0,8.3,16.0,0.5,0.3,1.65,4.1,14.75,7.6,5.0,7.86,18.0,0.2,0.6,0.6,-3.51,0.0,8.61,2.48,5.0,8.64,18.0,0.2,0.6,0.6,-4.95,0.0,3.47,-0.56,5.0,7.16,18.0,0.2,0.6,0.6,979.64,992.45,1014.82,993.87,6.0,19.08,14.0,0.2,0.5,0.7,5.8,7.5,8.0,6.5,6.0,2.7,14.0,0.2,0.5,0.7,-30.9,0.0,124.8,49.7,5.0,151.2,18.0,0.2,0.6,0.6,-50.6,0.0,65.9,9.0,5.0,111.1,18.0,0.2,0.6,0.6,0.41,1.3,2.26,1.33,3.0,1.35,18.0,0.3,0.3,0.5,0.0,0.0,7.6,3.7,3.0,6.4,18.0,0.3,0.3,0.5,1.32,1.45,1.58,1.45,2.0,0.27,16.0,0.5,0.3,0.3,0.7,2.1,3.6,2.1,2.0,3.0,16.0,0.5,0.3,0.3,-16.9,0.0,29.7,6.7,5.0,28.1,18.0,0.2,0.6,0.6,-20.2,0.0,10.4,-3.4,5.0,22.1,18.0,0.2,0.6,0.6,-8.6,-5.1,-1.6,-5.1,2.0,7.2,16.0,0.5,0.3,0.3,-7.2,-4.3,-1.4,-4.3,2.0,6.1,16.0,0.5,0.3,0.3,-2.7,-1.6,-0.5,-1.6,2.0,2.3,16.0,0.5,0.3,0.3,-2.3,-1.4,-0.4,-1.4,2.0,1.9,16.0,0.5,0.3,0.3,11.0,69.0,3686.0,1761.5,5.0,2958.0,18.0,0.2,0.6,0.6,10.0,70.0,3685.0,1760.0,5.0,2960.0,18.0,0.2,0.6,0.6
1974,2,346.0,62.0,5.58,6.4,7.22,6.4,2.0,1.7,18.0,0.0,0.3,0.7,1.63,2.65,8.92,4.44,14.0,3.6,14.0,0.4,0.6,0.5,2.89,2.89,2.89,2.89,1.0,0.0,10.0,0.0,0.5,0.8,66.3,66.3,66.3,66.3,1.0,0.0,10.0,0.0,0.8,6.17,13.85,17.51,12.47,12.0,6.06,16.0,0.4,0.6,0.5,-12.79,-0.4,5.02,-1.59,12.0,8.38,16.0,0.4,0.6,0.5,-15.23,-3.49,6.82,-2.95,12.0,11.13,16.0,0.4,0.6,0.5,992.56,1000.25,1013.99,1001.85,10.0,10.76,14.0,0.3,0.5,0.6,5.0,7.0,8.0,6.4,13.0,1.9,14.0,0.3,0.5,0.5,-225.2,-1.2,54.3,-44.7,12.0,141.1,16.0,0.4,0.6,0.5,-247.2,-13.6,63.5,-63.3,12.0,189.0,16.0,0.4,0.6,0.5,-3.25,0.5,4.25,0.5,2.0,7.78,18.0,0.0,0.3,0.7,-67.1,-28.7,9.7,-28.7,2.0,79.6,18.0,0.0,0.3,0.7,3.76,3.76,3.76,3.76,1.0,0.0,10.0,0.0,0.5,0.8,17.3,17.3,17.3,17.3,1.0,0.0,10.0,0.0,0.5,0.8,-25.6,0.0,38.8,10.5,12.0,42.3,16.0,0.4,0.6,0.5,-31.8,-3.6,58.6,16.3,12.0,60.3,16.0,0.4,0.6,0.5,-2.3,-2.3,-2.3,-2.3,1.0,0.0,10.0,0.0,0.5,0.8,-13.1,-13.1,-13.1,-13.1,1.0,0.0,10.0,0.0,0.5,0.8,-3.0,-3.0,-3.0,-3.0,1.0,0.0,10.0,0.0,0.5,0.8,-17.0,-17.0,-17.0,-17.0,1.0,0.0,10.0,0.0,0.5,0.8,249.0,2756.5,5408.0,3180.0,12.0,3411.0,16.0,0.4,0.6,0.5,250.0,2755.0,5410.0,3180.0,12.0,3410.0,16.0,0.4,0.6,0.5
1974,2,346.0,63.0,7.33,7.4,7.5,7.4,5.0,0.12,8.0,0.6,0.6,0.8,0.59,6.0,7.0,4.14,9.0,3.11,10.0,0.6,0.6,0.7,5.93,5.94,5.95,5.94,2.0,0.03,2.0,1.0,0.5,0.8,92.9,93.4,93.8,93.4,2.0,0.9,2.0,1.0,0.8,7.99,12.3,16.03,12.76,10.0,5.12,10.0,0.5,0.6,0.6,-11.15,-6.17,6.78,-4.44,10.0,8.79,10.0,0.5,0.6,0.6,-13.69,-5.67,5.39,-4.81,10.0,9.08,10.0,0.5,0.6,0.6,990.27,997.9,1004.66,998.18,10.0,7.17,10.0,0.5,0.6,0.6,3.4,7.0,8.0,6.1,10.0,2.2,10.0,0.5,0.6,0.6,-160.9,-50.8,90.3,-69.9,10.0,161.5,10.0,0.5,0.6,0.6,-216.7,-59.0,66.3,-83.6,10.0,153.4,10.0,0.5,0.6,0.6,0.46,4.9,6.11,3.74,5.0,3.19,8.0,0.6,0.6,0.8,3.9,64.0,118.8,67.3,5.0,74.4,8.0,0.6,0.6,0.8,0.61,0.62,0.64,0.62,2.0,0.03,2.0,1.0,0.5,0.8,4.3,4.8,5.4,4.8,2.0,1.1,2.0,1.0,0.5,0.8,-41.2,-13.5,37.1,-5.9,9.0,37.4,10.0,0.6,0.6,0.7,-29.4,0.0,43.4,1.2,9.0,38.5,10.0,0.6,0.6,0.7,-36.5,-36.2,-35.8,-36.2,2.0,0.8,2.0,1.0,0.5,0.8,-35.7,-21.2,-6.7,-21.2,2.0,30.0,2.0,1.0,0.5,0.8,-3.9,-3.8,-3.7,-3.8,2.0,0.3,2.0,1.0,0.5,0.8,-3.6,-2.2,-0.7,-2.2,2.0,3.0,2.0,1.0,0.5,0.8,540.5,1861.0,4132.5,3080.0,10.0,4006.0,10.0,0.5,0.6,0.6,540.0,1860.0,4130.0,3080.0,10.0,4005.0,10.0,0.5,0.6,0.6
1974,2,346.0,64.0,2.75,6.1,7.2,5.28,33.0,2.05,8.0,0.5,0.7,0.3,-0.31,3.8,6.0,3.12,36.0,3.1,10.0,0.5,0.7,0.3,2.5,4.45,5.62,4.17,17.0,1.4,4.0,0.5,0.8,0.2,70.7,85.0,91.0,81.9,17.0,10.2,4.0,0.5,0.2,6.7,11.05,15.4,10.94,36.0,4.35,10.0,0.5,0.7,0.3,-7.77,-0.79,5.27,-0.86,36.0,6.8,10.0,0.5,0.7,0.3,-12.64,-5.4,6.75,-4.32,36.0,8.71,10.0,0.5,0.7,0.3,989.78,996.05,1006.2,996.28,36.0,9.34,10.0,0.5,0.7,0.3,5.0,7.5,8.0,6.6,36.0,1.8,10.0,0.5,0.7,0.3,-81.2,-3.6,72.9,-3.1,36.0,93.3,10.0,0.5,0.7,0.3,-166.4,-47.0,83.7,-47.4,36.0,129.8,10.0,0.5,0.7,0.3,-0.85,2.4,7.17,2.4,33.0,3.67,8.0,0.5,0.7,0.3,-9.1,15.6,70.7,28.9,33.0,48.9,8.0,0.5,0.7,0.3,0.71,1.78,3.66,2.07,17.0,1.36,4.0,0.5,0.8,0.2,5.9,22.0,52.8,26.9,17.0,21.7,4.0,0.5,0.8,0.2,-27.2,-1.3,10.0,-2.6,36.0,33.5,10.0,0.5,0.7,0.3,-29.8,-3.5,36.9,2.9,36.0,38.4,10.0,0.5,0.7,0.3,-40.0,-10.0,10.6,-11.8,17.0,26.1,4.0,0.5,0.8,0.2,-47.5,-30.0,-6.8,-22.7,17.0,37.0,4.0,0.5,0.8,0.2,-10.1,-1.4,13.5,-0.9,17.0,13.9,4.0,0.5,0.8,0.2,-50.8,-15.0,-1.0,-22.9,17.0,22.2,4.0,0.5,0.8,0.2,301.0,1351.5,3652.5,1887.0,36.0,1618.5,10.0,0.5,0.7,0.3,300.0,1350.0,3650.0,1885.0,36.0,1620.0,10.0,0.5,0.7,0.3
1974,2,346.0,65.0,1.43,1.5,1.5,1.47,3.0,0.06,12.0,0.3,0.5,0.2,-1.84,-1.0,1.46,-0.56,9.0,2.04,14.0,0.6,0.5,0.5,2.67,2.77,2.88,2.77,2.0,0.22,8.0,0.5,0.4,0.4,78.5,83.0,87.4,83.0,2.0,9.2,8.0,0.5,0.4,7.4,9.3,15.4,11.09,9.0,3.63,14.0,0.6,0.5,0.5,-3.18,0.0,5.27,-0.08,9.0,5.41,14.0,0.6,0.5,0.5,-14.17,-8.74,2.76,-7.0,9.0,8.19,14.0,0.6,0.5,0.5,1001.96,1004.1,1009.15,1003.3,7.0,8.51,12.0,0.4,0.5,0.4,5.1,6.0,7.9,6.1,8.0,1.6,14.0,0.6,0.5,0.5,-29.6,0.0,81.1,8.5,9.0,73.0,14.0,0.6,0.5,0.5,-218.1,-81.3,10.9,-100.3,9.0,102.7,14.0,0.6,0.5,0.5,2.33,2.4,2.74,2.53,3.0,0.32,12.0,0.3,0.5,0.2,21.7,22.3,37.6,29.5,3.0,13.2,12.0,0.3,0.5,0.2,1.61,1.61,1.61,1.61,1.0,0.0,8.0,0.0,0.4,0.7,24.8,24.8,24.8,24.8,1.0,0.0,8.0,0.0,0.4,0.7,-13.2,0.0,3.0,-3.8,9.0,8.6,14.0,0.6,0.5,0.5,7.5,13.4,24.9,17.8,9.0,16.2,14.0,0.6,0.5,0.5,15.2,18.2,21.2,18.2,2.0,6.2,8.0,0.5,0.4,0.4,-38.9,-38.5,-38.1,-38.5,2.0,0.8,8.0,0.5,0.4,0.4,8.5,8.5,8.5,8.5,1.0,0.0,8.0,0.0,0.4,0.7,-23.3,-23.3,-23.3,-23.3,1.0,0.0,8.0,0.0,0.4,0.7,436.5,804.5,3652.5,1759.0,9.0,1489.5,14.0,0.6,0.5,0.5,435.0,805.0,3650.0,1760.0,9.0,1490.0,14.0,0.6,0.5,0.5
1974,2,346.0,66.0,,,,,,,,,,,,,,,,,,,,,,,,,,,,,,,,,,,,,,,,5.2,9.3,14.52,9.85,28.0,4.89,12.0,0.3,0.9,0.7,-10.56,-3.18,0.0,-4.43,28.0,5.31,12.0,0.3,0.9,0.7,-11.56,-6.7,-3.4,-6.96,28.0,5.07,12.0,0.3,0.9,0.7,1012.31,1014.3,1014.46,1013.43,4.0,1.96,16.0,0.5,0.5,0.4,,,,,,,,,,,,,,,,,,,,,,,,,,,,,,,,,,,,,,,,,,,,,,,,,,,,,,,,,,,,,,,,,,,,,,,,,,,,,,,,,,,,,,,,,,,,,,,,,,,,,,,,,,,,,,,,,,,,,,,,,,,,,,,,,,,,,,,,,,,,,,,,,,,,,,
1974,2,346.0,67.0,,,,,,,,,,,,,,,,,,,,,,,,,,,,,,,,,,,,,,,,6.7,6.7,6.7,6.7,1.0,0.0,18.0,0.0,0.7,0.4,-3.35,-3.35,-3.35,-3.35,1.0,0.0,18.0,0.0,0.7,0.4,5.8,5.8,5.8,5.8,1.0,0.0,18.0,0.0,0.7,0.4,1012.5,1012.5,1013.52,1013.0,3.0,0.87,18.0,0.0,0.5,0.2,,,,,,,,,,,,,,,,,,,,,,,,,,,,,,,,,,,,,,,,,,,,,,,,,,,,,,,,,,,,,,,,,,,,,,,,,,,,,,,,,,,,,,,,,,,,,,,,,,,,,,,,,,,,,,,,,,,,,,,,,,,,,,,,,,,,,,,,,,,,,,,,,,,,,,
1974,2,346.0,68.0,,,,,,,,,,,,,,,,,,,,,,,,,,,,,,,,,,,,,,,,15.4,15.4,15.4,15.4,1.0,0.0,18.0,0.0,0.3,0.2,-9.9,-9.9,-9.9,-9.9,1.0,0.0,18.0,0.0,0.3,0.2,11.8,11.8,11.8,11.8,1.0,0.0,18.0,0.0,0.3,0.2,999.4,999.4,999.4,999.4,1.0,0.0,18.0,0.0,0.3,0.2,,,,,,,,,,,,,,,,,,,,,,,,,,,,,,,,,,,,,,,,,,,,,,,,,,,,,,,,,,,,,,,,,,,,,,,,,,,,,,,,,,,,,,,,,,,,,,,,,,,,,,,,,,,,,,,,,,,,,,,,,,,,,,,,,,,,,,,,,,,,,,,,,,,,,,
1974,2,346.0,69.0,-0.7,-0.7,-0.7,-0.7,1.0,0.0,24.0,0.0,0.7,0.2,-8.0,-8.0,-8.0,-8.0,1.0,0.0,24.0,0.0,0.7,0.2,1.79,1.79,1.79,1.79,1.0,0.0,24.0,0.0,0.7,0.2,86.2,86.2,86.2,86.2,1.0,0.0,24.0,0.0,0.2,5.1,5.1,5.1,5.1,1.0,0.0,24.0,0.0,0.7,0.2,-4.42,-4.42,-4.42,-4.42,1.0,0.0,24.0,0.0,0.7,0.2,-2.55,-2.55,-2.55,-2.55,1.0,0.0,24.0,0.0,0.7,0.2,1012.9,1012.9,1012.9,1012.9,1.0,0.0,24.0,0.0,0.7,0.2,8.0,8.0,8.0,8.0,1.0,0.0,24.0,0.0,0.7,0.2,-22.5,-22.5,-22.5,-22.5,1.0,0.0,24.0,0.0,0.7,0.2,-13.0,-13.0,-13.0,-13.0,1.0,0.0,24.0,0.0,0.7,0.2,7.3,7.3,7.3,7.3,1.0,0.0,24.0,0.0,0.7,0.2,37.2,37.2,37.2,37.2,1.0,0.0,24.0,0.0,0.7,0.2,1.81,1.81,1.81,1.81,1.0,0.0,24.0,0.0,0.7,0.2,9.2,9.2,9.2,9.2,1.0,0.0,24.0,0.0,0.7,0.2,35.3,35.3,35.3,35.3,1.0,0.0,24.0,0.0,0.7,0.2,20.4,20.4,20.4,20.4,1.0,0.0,24.0,0.0,0.7,0.2,-7.9,-7.9,-7.9,-7.9,1.0,0.0,24.0,0.0,0.7,0.2,-4.6,-4.6,-4.6,-4.6,1.0,0.0,24.0,0.0,0.7,0.2,-8.0,-8.0,-8.0,-8.0,1.0,0.0,24.0,0.0,0.7,0.2,-4.6,-4.6,-4.6,-4.6,1.0,0.0,24.0,0.0,0.7,0.2,132.5,132.5,132.5,132.5,1.0,0.0,24.0,0.0,0.7,0.2,135.0,135.0,135.0,135.0,1.0,0.0,24.0,0.0,0.7,0.2
1974,2,347.0,-38.0,18.0,19.5,20.0,19.34,22.0,1.02,16.0,1.0,0.4,0.7,19.0,20.0,22.51,20.17,23.0,1.85,14.0,1.0,0.4,0.7,7.93,10.65,12.92,10.55,21.0,2.19,16.0,1.0,0.4,0.7,62.1,73.4,80.9,71.4,22.0,8.8,14.0,1.0,0.7,0.25,4.6,6.7,3.71,23.0,3.12,14.0,1.0,0.4,0.7,0.0,0.77,3.83,0.97,23.0,3.36,14.0,1.0,0.4,0.7,-2.63,-0.32,1.74,-0.02,23.0,3.44,14.0,1.0,0.4,0.7,1011.0,1017.5,1020.67,1016.41,22.0,5.89,14.0,1.0,0.4,0.7,4.5,7.0,8.0,6.2,23.0,1.8,14.0,1.0,0.4,0.7,0.0,1.5,19.6,5.7,23.0,24.9,14.0,1.0,0.4,0.7,-12.4,-0.2,9.2,3.8,23.0,28.4,14.0,1.0,0.4,0.7,-2.83,-1.0,0.0,-0.93,22.0,1.56,16.0,1.0,0.4,0.7,-12.3,-0.6,0.0,-3.0,22.0,10.8,16.0,1.0,0.4,0.7,1.62,2.99,5.59,3.22,20.0,1.9,16.0,1.0,0.4,0.7,0.0,6.4,19.1,11.3,20.0,16.1,16.0,1.0,0.4,0.7,0.0,15.1,88.0,21.9,23.0,65.6,14.0,1.0,0.4,0.7,-56.1,-6.4,31.9,-4.3,23.0,66.9,14.0,1.0,0.4,0.7,0.0,5.9,50.4,12.8,21.0,38.2,16.0,1.0,0.4,0.7,-33.2,-3.4,8.4,-4.6,21.0,36.6,16.0,1.0,0.4,0.7,-0.5,0.4,11.2,2.3,20.0,14.2,16.0,1.0,0.4,0.7,-4.1,0.0,6.1,2.1,20.0,13.6,16.0,1.0,0.4,0.7,0.0,97.5,301.0,170.0,23.0,319.0,14.0,1.0,0.4,0.7,0.0,95.0,300.0,170.0,23.0,320.0,14.0,1.0,0.4,0.7
1974,2,347.0,-36.0,20.0,20.0,20.0,20.0,1.0,0.0,4.0,0.0,0.6,0.7,17.6,17.6,17.6,17.6,1.0,0.0,4.0,0.0,0.6,0.7,9.08,9.08,9.08,9.08,1.0,0.0,4.0,0.0,0.6,0.7,73.4,73.4,73.4,73.4,1.0,0.0,4.0,0.0,0.7,2.1,2.1,2.1,2.1,1.0,0.0,4.0,0.0,0.6,0.7,0.0,0.0,0.0,0.0,1.0,0.0,4.0,0.0,0.6,0.7,2.1,2.1,2.1,2.1,1.0,0.0,4.0,0.0,0.6,0.7,1021.8,1021.8,1021.8,1021.8,1.0,0.0,4.0,0.0,0.6,0.7,6.0,6.0,6.0,6.0,1.0,0.0,4.0,0.0,0.6,0.7,0.0,0.0,0.0,0.0,1.0,0.0,4.0,0.0,0.6,0.7,4.4,4.4,4.4,4.4,1.0,0.0,4.0,0.0,0.6,0.7,2.4,2.4,2.4,2.4,1.0,0.0,4.0,0.0,0.6,0.7,5.0,5.0,5.0,5.0,1.0,0.0,4.0,0.0,0.6,0.7,5.33,5.33,5.33,5.33,1.0,0.0,4.0,0.0,0.6,0.7,11.2,11.2,11.2,11.2,1.0,0.0,4.0,0.0,0.6,0.7,0.0,0.0,0.0,0.0,1.0,0.0,4.0,0.0,0.6,0.7,37.0,37.0,37.0,37.0,1.0,0.0,4.0,0.0,0.6,0.7,0.0,0.0,0.0,0.0,1.0,0.0,4.0,0.0,0.6,0.7,19.1,19.1,19.1,19.1,1.0,0.0,4.0,0.0,0.6,0.7,0.0,0.0,0.0,0.0,1.0,0.0,4.0,0.0,0.6,0.7,11.2,11.2,11.2,11.2,1.0,0.0,4.0,0.0,0.6,0.7,9.5,9.5,9.5,9.5,1.0,0.0,4.0,0.0,0.6,0.7,10.0,10.0,10.0,10.0,1.0,0.0,4.0,0.0,0.6,0.7
1974,2,347.0,-35.0,21.4,21.4,21.4,21.4,1.0,0.0,12.0,1.0,1.0,0.6,19.0,19.0,19.0,19.0,1.0,0.0,12.0,1.0,1.0,0.6,9.12,9.12,9.12,9.12,1.0,0.0,12.0,1.0,1.0,0.6,67.3,67.3,67.3,67.3,1.0,0.0,12.0,1.0,0.6,6.2,6.2,6.2,6.2,1.0,0.0,12.0,1.0,1.0,0.6,-4.75,-4.75,-4.75,-4.75,1.0,0.0,12.0,1.0,1.0,0.6,3.99,3.99,3.99,3.99,1.0,0.0,12.0,1.0,1.0,0.6,1017.6,1017.6,1017.6,1017.6,1.0,0.0,12.0,1.0,1.0,0.6,7.0,7.0,7.0,7.0,1.0,0.0,12.0,1.0,1.0,0.6,-29.4,-29.4,-29.4,-29.4,1.0,0.0,12.0,1.0,1.0,0.6,24.7,24.7,24.7,24.7,1.0,0.0,12.0,1.0,1.0,0.6,2.4,2.4,2.4,2.4,1.0,0.0,12.0,1.0,1.0,0.6,14.9,14.9,14.9,14.9,1.0,0.0,12.0,1.0,1.0,0.6,6.67,6.67,6.67,6.67,1.0,0.0,12.0,1.0,1.0,0.6,41.4,41.4,41.4,41.4,1.0,0.0,12.0,1.0,1.0,0.6,-90.2,-90.2,-90.2,-90.2,1.0,0.0,12.0,1.0,1.0,0.6,75.7,75.7,75.7,75.7,1.0,0.0,12.0,1.0,1.0,0.6,-43.3,-43.3,-43.3,-43.3,1.0,0.0,12.0,1.0,1.0,0.6,36.3,36.3,36.3,36.3,1.0,0.0,12.0,1.0,1.0,0.6,-31.7,-31.7,-31.7,-31.7,1.0,0.0,12.0,1.0,1.0,0.6,26.6,26.6,26.6,26.6,1.0,0.0,12.0,1.0,1.0,0.6,238.5,238.5,238.5,238.5,1.0,0.0,12.0,1.0,1.0,0.6,240.0,240.0,240.0,240.0,1.0,0.0,12.0,1.0,1.0,0.6
1974,2,347.0,-34.0,22.0,22.0,22.0,22.0,1.0,0.0,2.0,1.0,0.3,0.2,22.0,22.0,22.0,22.0,1.0,0.0,2.0,1.0,0.3,0.2,14.12,14.12,14.12,14.12,1.0,0.0,2.0,1.0,0.3,0.2,86.3,86.3,86.3,86.3,1.0,0.0,2.0,1.0,0.2,7.7,7.7,7.7,7.7,1.0,0.0,2.0,1.0,0.3,0.2,5.9,5.9,5.9,5.9,1.0,0.0,2.0,1.0,0.3,0.2,-4.95,-4.95,-4.95,-4.95,1.0,0.0,2.0,1.0,0.3,0.2,1017.8,1017.8,1017.8,1017.8,1.0,0.0,2.0,1.0,0.3,0.2,7.0,7.0,7.0,7.0,1.0,0.0,2.0,1.0,0.3,0.2,45.4,45.4,45.4,45.4,1.0,0.0,2.0,1.0,0.3,0.2,-38.1,-38.1,-38.1,-38.1,1.0,0.0,2.0,1.0,0.3,0.2,0.0,0.0,0.0,0.0,1.0,0.0,2.0,1.0,0.3,0.2,0.0,0.0,0.0,0.0,1.0,0.0,2.0,1.0,0.3,0.2,2.27,2.27,2.27,2.27,1.0,0.0,2.0,1.0,0.3,0.2,17.5,17.5,17.5,17.5,1.0,0.0,2.0,1.0,0.3,0.2,129.8,129.8,129.8,129.8,1.0,0.0,2.0,1.0,0.3,0.2,-108.9,-108.9,-108.9,-108.9,1.0,0.0,2.0,1.0,0.3,0.2,83.3,83.3,83.3,83.3,1.0,0.0,2.0,1.0,0.3,0.2,-69.9,-69.9,-69.9,-69.9,1.0,0.0,2.0,1.0,0.3,0.2,13.4,13.4,13.4,13.4,1.0,0.0,2.0,1.0,0.3,0.2,-11.2,-11.2,-11.2,-11.2,1.0,0.0,2.0,1.0,0.3,0.2,456.5,456.5,456.5,456.5,1.0,0.0,2.0,1.0,0.3,0.2,455.0,455.0,455.0,455.0,1.0,0.0,2.0,1.0,0.3,0.2
1974,2,347.0,-33.0,21.32,22.0,22.68,22.0,2.0,1.41,8.0,0.5,0.7,0.5,22.13,22.4,22.67,22.4,2.0,0.57,8.0,0.5,0.7,0.5,10.9,11.94,12.97,11.94,2.0,2.15,8.0,0.5,0.7,0.5,64.4,71.5,78.7,71.5,2.0,14.9,8.0,0.5,0.5,3.67,4.9,6.13,4.9,2.0,2.55,8.0,0.5,0.7,0.5,-3.13,-0.6,1.92,-0.6,2.0,5.24,8.0,0.5,0.7,0.5,0.81,2.57,4.32,2.57,2.0,3.63,8.0,0.5,0.7,0.5,1016.53,1018.75,1020.97,1018.75,2.0,4.6,8.0,0.5,0.7,0.5,3.0,3.0,3.0,3.0,2.0,0.0,8.0,0.5,0.7,0.5,-22.8,-9.6,3.5,-9.6,2.0,27.2,8.0,0.5,0.7,0.5,5.5,17.2,28.9,17.2,2.0,24.3,8.0,0.5,0.7,0.5,-1.36,-0.4,0.56,-0.4,2.0,1.98,8.0,0.5,0.7,0.5,-9.7,-4.5,0.7,-4.5,2.0,10.7,8.0,0.5,0.7,0.5,4.16,4.47,4.78,4.47,2.0,0.64,8.0,0.5,0.7,0.5,15.7,22.7,29.7,22.7,2.0,14.5,8.0,0.5,0.7,0.5,-71.8,-15.0,41.8,-15.0,2.0,117.7,8.0,0.5,0.7,0.5,18.6,58.5,98.4,58.5,2.0,82.7,8.0,0.5,0.7,0.5,-31.1,-1.6,28.0,-1.6,2.0,61.2,8.0,0.5,0.7,0.5,8.5,26.7,45.0,26.7,2.0,37.8,8.0,0.5,0.7,0.5,-15.9,-4.4,7.1,-4.4,2.0,23.8,8.0,0.5,0.7,0.5,4.0,12.6,21.3,12.6,2.0,17.9,8.0,0.5,0.7,0.5,73.0,165.5,258.0,165.5,2.0,191.5,8.0,0.5,0.7,0.5,75.0,165.0,260.0,165.0,2.0,190.0,8.0,0.5,0.7,0.5
1974,2,347.0,-32.0,23.17,24.6,26.03,24.6,2.0,2.97,22.0,0.0,0.3,0.5,20.13,21.7,23.27,21.7,2.0,3.25,22.0,0.0,0.3,0.5,7.63,10.86,14.08,10.86,2.0,6.68,22.0,0.0,0.3,0.5,50.3,64.1,77.9,64.1,2.0,28.6,22.0,0.0,0.5,3.42,4.1,4.78,4.1,2.0,1.41,22.0,0.0,0.3,0.5,2.81,3.74,4.67,3.74,2.0,1.93,22.0,0.0,0.3,0.5,-1.68,-1.0,-0.32,-1.0,2.0,1.41,22.0,0.0,0.3,0.5,1011.43,1014.5,1017.57,1014.5,2.0,6.36,22.0,0.0,0.3,0.5,2.0,4.0,6.0,4.0,2.0,4.2,22.0,0.0,0.3,0.5,10.3,16.7,23.1,16.7,2.0,13.2,22.0,0.0,0.3,0.5,-5.2,-3.1,-1.0,-3.1,2.0,4.4,22.0,0.0,0.3,0.5,-0.1,2.9,5.9,2.9,2.0,6.22,22.0,0.0,0.3,0.5,2.0,16.3,30.6,16.3,2.0,29.6,22.0,0.0,0.3,0.5,3.61,8.57,13.53,8.57,2.0,10.28,22.0,0.0,0.3,0.5,16.2,42.4,68.6,42.4,2.0,54.2,22.0,0.0,0.3,0.5,63.7,78.0,92.3,78.0,2.0,29.7,22.0,0.0,0.3,0.5,-40.2,-23.9,-7.6,-23.9,2.0,33.8,22.0,0.0,0.3,0.5,32.2,34.1,36.1,34.1,2.0,4.0,22.0,0.0,0.3,0.5,-26.1,-15.5,-4.9,-15.5,2.0,22.0,22.0,0.0,0.3,0.5,15.4,41.9,68.4,41.9,2.0,54.9,22.0,0.0,0.3,0.5,-2.2,-1.3,-0.4,-1.3,2.0,1.8,22.0,0.0,0.3,0.5,46.0,81.0,116.5,81.0,2.0,72.5,22.0,0.0,0.3,0.5,45.0,80.0,115.0,80.0,2.0,75.0,22.0,0.0,0.3,0.5
1974,2,347.0,-30.0,24.6,24.6,24.6,24.6,1.0,0.0,14.0,1.0,0.5,0.8,25.0,25.0,25.0,25.0,1.0,0.0,14.0,1.0,0.5,0.8,16.04,16.04,16.04,16.04,1.0,0.0,14.0,1.0,0.5,0.8,81.9,81.9,81.9,81.9,1.0,0.0,14.0,1.0,0.8,3.1,3.1,3.1,3.1,1.0,0.0,14.0,1.0,0.5,0.8,1.55,1.55,1.55,1.55,1.0,0.0,14.0,1.0,0.5,0.8,-2.68,-2.68,-2.68,-2.68,1.0,0.0,14.0,1.0,0.5,0.8,1020.6,1020.6,1020.6,1020.6,1.0,0.0,14.0,1.0,0.5,0.8,4.0,4.0,4.0,4.0,1.0,0.0,14.0,1.0,0.5,0.8,4.8,4.8,4.8,4.8,1.0,0.0,14.0,1.0,0.5,0.8,-8.3,-8.3,-8.3,-8.3,1.0,0.0,14.0,1.0,0.5,0.8,-0.4,-0.4,-0.4,-0.4,1.0,0.0,14.0,1.0,0.5,0.8,-1.2,-1.2,-1.2,-1.2,1.0,0.0,14.0,1.0,0.5,0.8,3.11,3.11,3.11,3.11,1.0,0.0,14.0,1.0,0.5,0.8,9.7,9.7,9.7,9.7,1.0,0.0,14.0,1.0,0.5,0.8,38.8,38.8,38.8,38.8,1.0,0.0,14.0,1.0,0.5,0.8,-67.1,-67.1,-67.1,-67.1,1.0,0.0,14.0,1.0,0.5,0.8,24.9,24.9,24.9,24.9,1.0,0.0,14.0,1.0,0.5,0.8,-43.1,-43.1,-43.1,-43.1,1.0,0.0,14.0,1.0,0.5,0.8,4.8,4.8,4.8,4.8,1.0,0.0,14.0,1.0,0.5,0.8,-8.4,-8.4,-8.4,-8.4,1.0,0.0,14.0,1.0,0.5,0.8,30.0,30.0,30.0,30.0,1.0,0.0,14.0,1.0,0.5,0.8,30.0,30.0,30.0,30.0,1.0,0.0,14.0,1.0,0.5,0.8
1974,2,347.0,-24.0,25.6,25.6,25.6,25.6,1.0,0.0,14.0,0.0,0.7,0.7,23.3,23.3,23.3,23.3,1.0,0.0,14.0,0.0,0.7,0.7,16.08,16.08,16.08,16.08,1.0,0.0,14.0,0.0,0.7,0.7,90.7,90.7,90.7,90.7,1.0,0.0,14.0,0.0,0.7,3.1,3.1,3.1,3.1,1.0,0.0,14.0,0.0,0.7,0.7,-3.05,-3.05,-3.05,-3.05,1.0,0.0,14.0,0.0,0.7,0.7,0.54,0.54,0.54,0.54,1.0,0.0,14.0,0.0,0.7,0.7,1018.6,1018.6,1018.6,1018.6,1.0,0.0,14.0,0.0,0.7,0.7,4.0,4.0,4.0,4.0,1.0,0.0,14.0,0.0,0.7,0.7,-9.5,-9.5,-9.5,-9.5,1.0,0.0,14.0,0.0,0.7,0.7,1.7,1.7,1.7,1.7,1.0,0.0,14.0,0.0,0.7,0.7,2.3,2.3,2.3,2.3,1.0,0.0,14.0,0.0,0.7,0.7,7.1,7.1,7.1,7.1,1.0,0.0,14.0,0.0,0.7,0.7,4.32,4.32,4.32,4.32,1.0,0.0,14.0,0.0,0.7,0.7,13.4,13.4,13.4,13.4,1.0,0.0,14.0,0.0,0.7,0.7,-71.1,-71.1,-71.1,-71.1,1.0,0.0,14.0,0.0,0.7,0.7,12.5,12.5,12.5,12.5,1.0,0.0,14.0,0.0,0.7,0.7,-49.1,-49.1,-49.1,-49.1,1.0,0.0,14.0,0.0,0.7,0.7,8.7,8.7,8.7,8.7,1.0,0.0,14.0,0.0,0.7,0.7,-13.2,-13.2,-13.2,-13.2,1.0,0.0,14.0,0.0,0.7,0.7,2.3,2.3,2.3,2.3,1.0,0.0,14.0,0.0,0.7,0.7,30.0,30.0,30.0,30.0,1.0,0.0,14.0,0.0,0.7,0.7,30.0,30.0,30.0,30.0,1.0,0.0,14.0,0.0,0.7,0.7
1974,2,347.0,-23.0,24.6,24.6,24.6,24.6,1.0,0.0,16.0,1.0,0.3,0.3,25.5,25.5,25.5,25.5,1.0,0.0,16.0,1.0,0.3,0.3,13.4,13.4,13.4,13.4,1.0,0.0,16.0,1.0,0.3,0.3,66.5,66.5,66.5,66.5,1.0,0.0,16.0,1.0,0.3,0.0,0.0,2.99,1.64,5.0,3.67,14.0,0.4,0.2,0.5,-2.81,0.0,0.0,-1.54,5.0,3.45,14.0,0.4,0.2,0.5,0.0,0.0,1.02,0.56,5.0,1.25,14.0,0.4,0.2,0.5,1019.6,1019.6,1019.6,1019.6,1.0,0.0,16.0,1.0,0.3,0.3,4.8,5.0,5.0,4.8,6.0,0.4,14.0,0.3,0.3,0.6,-23.1,0.0,0.0,-12.6,5.0,28.3,14.0,0.4,0.2,0.5,0.0,0.0,8.4,4.6,5.0,10.3,14.0,0.4,0.2,0.5,-0.9,-0.9,-0.9,-0.9,1.0,0.0,16.0,1.0,0.3,0.3,-7.4,-7.4,-7.4,-7.4,1.0,0.0,16.0,1.0,0.3,0.3,5.78,5.78,5.78,5.78,1.0,0.0,16.0,1.0,0.3,0.3,47.4,47.4,47.4,47.4,1.0,0.0,16.0,1.0,0.3,0.3,-196.5,-196.5,-196.5,-196.5,1.0,0.0,16.0,1.0,0.3,0.3,71.5,71.5,71.5,71.5,1.0,0.0,16.0,1.0,0.3,0.3,-103.3,-103.3,-103.3,-103.3,1.0,0.0,16.0,1.0,0.3,0.3,37.6,37.6,37.6,37.6,1.0,0.0,16.0,1.0,0.3,0.3,-44.5,-44.5,-44.5,-44.5,1.0,0.0,16.0,1.0,0.3,0.3,16.2,16.2,16.2,16.2,1.0,0.0,16.0,1.0,0.3,0.3,0.0,0.0,201.5,110.5,5.0,246.5,14.0,0.4,0.2,0.5,0.0,0.0,200.0,110.0,5.0,245.0,14.0,0.4,0.2,0.5
1974,2,347.0,-22.0,23.8,23.8,23.8,23.8,1.0,0.0,12.0,0.0,0.2,0.8,23.3,23.3,23.3,23.3,1.0,0.0,12.0,0.0,0.2,0.8,13.22,13.22,13.22,13.22,1.0,0.0,12.0,0.0,0.2,0.8,74.4,74.4,74.4,74.4,1.0,0.0,12.0,0.0,0.8,3.1,3.3,3.5,3.3,2.0,0.42,16.0,0.5,0.2,0.5,-3.01,-2.2,-1.4,-2.2,2.0,1.67,16.0,0.5,0.2,0.5,1.48,2.03,2.57,2.03,2.0,1.12,16.0,0.5,0.2,0.5,1014.0,1014.0,1014.0,1014.0,1.0,0.0,12.0,0.0,0.2,0.8,3.0,5.0,5.7,4.3,3.0,2.1,14.0,0.3,0.3,0.6,-10.7,-7.6,-4.5,-7.6,2.0,6.4,16.0,0.5,0.2,0.5,5.1,6.4,7.8,6.4,2.0,2.8,16.0,0.5,0.2,0.5,0.5,0.5,0.5,0.5,1.0,0.0,12.0,0.0,0.2,0.8,1.8,1.8,1.8,1.8,1.0,0.0,12.0,0.0,0.2,0.8,5.15,5.15,5.15,5.15,1.0,0.0,12.0,0.0,0.2,0.8,18.5,18.5,18.5,18.5,1.0,0.0,12.0,0.0,0.2,0.8,-78.8,-78.8,-78.8,-78.8,1.0,0.0,12.0,0.0,0.2,0.8,28.7,28.7,28.7,28.7,1.0,0.0,12.0,0.0,0.2,0.8,-44.7,-44.7,-44.7,-44.7,1.0,0.0,12.0,0.0,0.2,0.8,16.3,16.3,16.3,16.3,1.0,0.0,12.0,0.0,0.2,0.8,-17.4,-17.4,-17.4,-17.4,1.0,0.0,12.0,0.0,0.2,0.8,6.3,6.3,6.3,6.3,1.0,0.0,12.0,0.0,0.2,0.8,30.0,37.0,43.5,37.0,2.0,14.0,16.0,0.5,0.2,0.5,30.0,35.0,45.0,35.0,2.0,15.0,16.0,0.5,0.2,0.5
1974,2,347.0,-21.0,,,,,,,,,,,,,,,,,,,,,,,,,,,,,,,,,,,,,,,,2.0,2.0,5.41,3.67,3.0,2.89,4.0,1.0,1.0,0.7,-4.92,-0.68,-0.68,-2.75,3.0,3.59,4.0,1.0,1.0,0.7,1.43,1.88,1.88,1.66,3.0,0.38,4.0,1.0,1.0,0.7,1014.2,1014.2,1014.47,1014.33,3.0,0.23,4.0,1.0,1.0,0.7,,,,,,,,,,,,,,,,,,,,,,,,,,,,,,,,,,,,,,,,,,,,,,,,,,,,,,,,,,,,,,,,,,,,,,,,,,,,,,,,,,,,,,,,,,,,,,,,,,,,,,,,,,,,,,,,,,,,,,,,,,,,,,,,,,,,,,,,,,,,,,,,,,,,,,
1974,2,347.0,-20.0,,,,,,,,,,,,,,,,,,,,,,,,,,,,,,,,,,,,,,,,0.0,3.0,7.93,3.84,15.0,3.27,12.0,0.6,0.9,0.3,-5.72,-1.03,0.0,-2.16,15.0,2.72,12.0,0.6,0.9,0.3,0.0,2.82,5.59,2.75,15.0,2.44,12.0,0.6,0.9,0.3,1010.7,1014.2,1014.2,1013.33,15.0,1.85,12.0,0.6,0.9,0.3,5.0,6.0,6.0,5.3,15.0,1.4,12.0,0.6,0.9,0.3,-48.8,-3.1,0.0,-15.7,15.0,24.2,12.0,0.6,0.9,0.3,0.0,8.5,46.0,16.0,15.0,19.9,12.0,0.6,0.9,0.3,,,,,,,,,,,,,,,,,,,,,,,,,,,,,,,,,,,,,,,,,-172.6,-154.0,0.0,-102.6,5.0,95.9,18.0,0.6,0.8,0.5,0.0,0.0,129.2,51.7,5.0,70.8,18.0,0.6,0.8,0.5,-109.3,-109.3,-109.3,-109.3,1.0,0.0,24.0,1.0,1.0,0.7,0.0,0.0,0.0,0.0,1.0,0.0,24.0,1.0,1.0,0.7,,,,,,,,,,,,,,,,,,,,,,,,,,,,,,,,,,,,,,,,
1974,2,347.0,-19.0,23.82,24.4,24.61,24.23,4.0,0.64,16.0,1.0,0.6,0.6,24.49,25.4,26.68,25.58,4.0,1.37,16.0,1.0,0.6,0.6,14.24,15.47,15.59,14.93,3.0,1.1,20.0,1.0,0.7,0.6,65.7,72.7,78.9,72.3,4.0,9.4,16.0,1.0,0.6,5.39,6.7,8.8,7.08,4.0,2.13,16.0,1.0,0.6,0.6,-7.62,-6.01,-5.18,-6.38,4.0,1.57,16.0,1.0,0.6,0.6,1.39,2.9,4.4,2.9,4.0,1.81,16.0,1.0,0.6,0.6,1012.79,1013.4,1014.49,1013.63,3.0,1.27,20.0,1.0,0.7,0.6,2.0,2.5,5.1,3.5,4.0,2.4,16.0,1.0,0.6,0.6,-68.0,-40.9,-28.0,-47.7,4.0,26.2,16.0,1.0,0.6,0.6,7.7,20.4,39.3,23.3,4.0,19.6,16.0,1.0,0.6,0.6,-2.8,-1.35,0.1,-1.35,4.0,1.68,16.0,1.0,0.6,0.6,-18.3,-6.9,1.0,-8.5,4.0,11.6,16.0,1.0,0.6,0.6,2.68,3.39,4.77,3.72,3.0,1.56,20.0,1.0,0.7,0.6,18.7,33.2,39.0,29.0,3.0,15.3,20.0,1.0,0.7,0.6,-194.3,-157.4,-131.7,-162.7,4.0,37.1,16.0,1.0,0.6,0.6,35.1,76.7,112.2,73.8,4.0,45.5,16.0,1.0,0.6,0.6,-119.5,-91.1,-82.0,-100.5,3.0,28.7,20.0,1.0,0.7,0.6,26.1,52.6,69.0,47.7,3.0,31.8,20.0,1.0,0.7,0.6,-33.8,-28.8,-17.2,-25.6,3.0,12.5,20.0,1.0,0.7,0.6,6.7,16.6,19.5,13.2,3.0,9.8,20.0,1.0,0.7,0.6,157.5,321.0,710.5,429.0,4.0,370.0,16.0,1.0,0.6,0.6,160.0,320.0,710.0,430.0,4.0,370.0,16.0,1.0,0.6,0.6
1974,2,347.0,-18.0,24.4,24.4,24.4,24.4,1.0,0.0,2.0,0.0,0.2,0.1,25.2,25.2,25.2,25.2,1.0,0.0,2.0,0.0,0.2,0.1,13.82,13.82,13.82,13.82,1.0,0.0,2.0,0.0,0.2,0.1,69.4,69.4,69.4,69.4,1.0,0.0,2.0,0.0,0.1,6.2,6.2,6.2,6.2,1.0,0.0,2.0,0.0,0.2,0.1,-6.2,-6.2,-6.2,-6.2,1.0,0.0,2.0,0.0,0.2,0.1,0.0,0.0,0.0,0.0,1.0,0.0,2.0,0.0,0.2,0.1,1014.0,1014.0,1014.0,1014.0,1.0,0.0,2.0,0.0,0.2,0.1,4.0,4.0,4.0,4.0,1.0,0.0,2.0,0.0,0.2,0.1,-38.4,-38.4,-38.4,-38.4,1.0,0.0,2.0,0.0,0.2,0.1,0.0,0.0,0.0,0.0,1.0,0.0,2.0,0.0,0.2,0.1,-0.8,-0.8,-0.8,-0.8,1.0,0.0,2.0,0.0,0.2,0.1,-5.0,-5.0,-5.0,-5.0,1.0,0.0,2.0,0.0,0.2,0.1,5.23,5.23,5.23,5.23,1.0,0.0,2.0,0.0,0.2,0.1,32.4,32.4,32.4,32.4,1.0,0.0,2.0,0.0,0.2,0.1,-156.2,-156.2,-156.2,-156.2,1.0,0.0,2.0,0.0,0.2,0.1,0.0,0.0,0.0,0.0,1.0,0.0,2.0,0.0,0.2,0.1,-85.7,-85.7,-85.7,-85.7,1.0,0.0,2.0,0.0,0.2,0.1,0.0,0.0,0.0,0.0,1.0,0.0,2.0,0.0,0.2,0.1,-32.4,-32.4,-32.4,-32.4,1.0,0.0,2.0,0.0,0.2,0.1,0.0,0.0,0.0,0.0,1.0,0.0,2.0,0.0,0.2,0.1,238.5,238.5,238.5,238.5,1.0,0.0,2.0,0.0,0.2,0.1,240.0,240.0,240.0,240.0,1.0,0.0,2.0,0.0,0.2,0.1
1974,2,347.0,-17.0,23.95,24.5,25.31,24.63,4.0,0.82,18.0,0.8,0.3,0.6,24.42,25.3,26.18,25.3,4.0,1.17,18.0,0.8,0.3,0.6,14.75,15.17,16.2,15.46,4.0,1.02,18.0,0.8,0.3,0.6,69.9,75.1,85.2,77.5,4.0,10.2,18.0,0.8,0.6,4.84,5.65,6.72,5.78,4.0,1.16,18.0,0.8,0.3,0.6,-6.27,-4.45,-3.01,-4.63,4.0,2.01,18.0,0.8,0.3,0.6,2.06,3.03,3.79,2.93,4.0,1.3,18.0,0.8,0.3,0.6,1012.53,1014.3,1015.81,1014.18,4.0,1.92,18.0,0.8,0.3,0.6,2.5,5.0,7.0,4.8,4.0,2.6,18.0,0.8,0.3,0.6,-42.6,-24.7,-14.5,-28.4,4.0,17.5,18.0,0.8,0.3,0.6,11.2,16.4,21.0,16.1,4.0,6.0,18.0,0.8,0.3,0.6,-1.7,-0.8,0.36,-0.67,4.0,1.2,18.0,0.8,0.3,0.6,-11.4,-5.0,1.8,-4.8,4.0,7.7,18.0,0.8,0.3,0.6,2.75,4.36,4.94,3.87,4.0,1.51,18.0,0.8,0.3,0.6,15.6,24.7,30.5,23.1,4.0,11.2,18.0,0.8,0.3,0.6,-164.6,-110.8,-73.5,-118.7,4.0,56.4,18.0,0.8,0.3,0.6,51.1,75.0,95.6,73.5,4.0,31.7,18.0,0.8,0.3,0.6,-92.7,-69.0,-49.0,-70.7,4.0,28.2,18.0,0.8,0.3,0.6,31.3,47.6,59.5,45.5,4.0,20.5,18.0,0.8,0.3,0.6,-27.9,-16.7,-9.3,-18.5,4.0,12.2,18.0,0.8,0.3,0.6,5.6,9.0,17.3,11.3,4.0,7.8,18.0,0.8,0.3,0.6,114.0,185.5,309.0,210.5,4.0,124.0,18.0,0.8,0.3,0.6,115.0,185.0,310.0,210.0,4.0,125.0,18.0,0.8,0.3,0.6
1974,2,347.0,-15.0,24.5,24.5,25.18,24.83,3.0,0.58,6.0,0.3,0.3,0.6,24.1,24.3,24.71,24.4,3.0,0.46,6.0,0.3,0.3,0.6,14.89,15.58,15.64,15.27,3.0,0.61,6.0,0.3,0.3,0.6,77.9,79.9,82.6,80.2,3.0,3.5,6.0,0.3,0.6,4.6,4.6,7.4,5.97,3.0,2.37,6.0,0.3,0.3,0.6,-5.92,-4.32,-4.32,-5.1,3.0,1.35,6.0,0.3,0.3,0.6,1.57,1.57,4.32,2.91,3.0,2.32,6.0,0.3,0.3,0.6,1011.64,1012.8,1013.07,1012.37,3.0,1.12,6.0,0.3,0.3,0.6,2.3,3.0,3.7,3.0,3.0,1.0,6.0,0.3,0.3,0.6,-45.9,-19.9,-19.9,-32.6,3.0,22.0,6.0,0.3,0.3,0.6,7.2,7.2,35.5,21.0,3.0,23.9,6.0,0.3,0.3,0.6,-0.11,0.5,0.98,0.43,3.0,0.8,6.0,0.3,0.3,0.6,-0.5,2.3,7.9,3.6,3.0,6.2,6.0,0.3,0.3,0.6,3.54,3.61,5.14,4.32,3.0,1.32,6.0,0.3,0.3,0.6,16.3,16.6,40.0,27.9,3.0,19.9,6.0,0.3,0.3,0.6,-144.7,-107.6,-105.0,-124.4,3.0,32.5,6.0,0.3,0.3,0.6,38.2,39.2,105.2,70.9,3.0,56.3,6.0,0.3,0.3,0.6,-87.8,-67.7,-67.5,-77.4,3.0,17.1,6.0,0.3,0.3,0.6,24.6,24.7,63.4,43.5,3.0,32.9,6.0,0.3,0.3,0.6,-31.6,-15.6,-15.3,-23.3,3.0,13.6,6.0,0.3,0.3,0.6,5.6,5.7,24.1,14.6,3.0,15.6,6.0,0.3,0.3,0.6,97.5,97.5,480.5,284.5,3.0,324.0,6.0,0.3,0.3,0.6,95.0,95.0,480.0,285.0,3.0,325.0,6.0,0.3,0.3,0.6
1974,2,347.0,-14.0,25.0,25.0,25.0,25.0,1.0,0.0,14.0,0.0,0.6,0.9,23.4,23.4,23.4,23.4,1.0,0.0,14.0,0.0,0.6,0.9,15.27,15.27,15.27,15.27,1.0,0.0,14.0,0.0,0.6,0.9,85.3,85.3,85.3,85.3,1.0,0.0,14.0,0.0,0.9,6.7,6.7,6.7,6.7,1.0,0.0,14.0,0.0,0.6,0.9,-6.7,-6.7,-6.7,-6.7,1.0,0.0,14.0,0.0,0.6,0.9,0.0,0.0,0.0,0.0,1.0,0.0,14.0,0.0,0.6,0.9,1014.1,1014.1,1014.1,1014.1,1.0,0.0,14.0,0.0,0.6,0.9,1.0,1.0,1.0,1.0,1.0,0.0,14.0,0.0,0.6,0.9,-44.9,-44.9,-44.9,-44.9,1.0,0.0,14.0,0.0,0.6,0.9,0.0,0.0,0.0,0.0,1.0,0.0,14.0,0.0,0.6,0.9,1.6,1.6,1.6,1.6,1.0,0.0,14.0,0.0,0.6,0.9,10.7,10.7,10.7,10.7,1.0,0.0,14.0,0.0,0.6,0.9,4.48,4.48,4.48,4.48,1.0,0.0,14.0,0.0,0.6,0.9,30.0,30.0,30.0,30.0,1.0,0.0,14.0,0.0,0.6,0.9,-156.8,-156.8,-156.8,-156.8,1.0,0.0,14.0,0.0,0.6,0.9,0.0,0.0,0.0,0.0,1.0,0.0,14.0,0.0,0.6,0.9,-102.3,-102.3,-102.3,-102.3,1.0,0.0,14.0,0.0,0.6,0.9,0.0,0.0,0.0,0.0,1.0,0.0,14.0,0.0,0.6,0.9,-30.0,-30.0,-30.0,-30.0,1.0,0.0,14.0,0.0,0.6,0.9,0.0,0.0,0.0,0.0,1.0,0.0,14.0,0.0,0.6,0.9,301.0,301.0,301.0,301.0,1.0,0.0,14.0,0.0,0.6,0.9,300.0,300.0,300.0,300.0,1.0,0.0,14.0,0.0,0.6,0.9
1974,2,347.0,-13.0,26.61,26.85,27.09,26.85,2.0,0.49,20.0,0.5,0.5,0.6,25.02,25.5,25.98,25.5,2.0,0.99,20.0,0.5,0.5,0.6,15.31,15.79,16.26,15.79,2.0,0.99,20.0,0.5,0.5,0.6,73.4,77.9,82.4,77.9,2.0,9.3,20.0,0.5,0.6,4.68,4.85,5.02,4.85,2.0,0.35,20.0,0.5,0.5,0.6,-3.23,-3.12,-3.01,-3.12,2.0,0.23,20.0,0.5,0.5,0.6,3.58,3.72,3.85,3.72,2.0,0.27,20.0,0.5,0.5,0.6,1012.15,1012.7,1013.25,1012.7,2.0,1.13,20.0,0.5,0.5,0.6,2.0,2.0,2.0,2.0,2.0,0.0,20.0,0.5,0.5,0.6,-16.2,-15.2,-14.1,-15.2,2.0,2.2,20.0,0.5,0.5,0.6,16.8,18.1,19.3,18.1,2.0,2.6,20.0,0.5,0.5,0.6,1.11,1.35,1.59,1.35,2.0,0.49,20.0,0.5,0.5,0.6,5.5,6.5,7.4,6.5,2.0,1.9,20.0,0.5,0.5,0.6,5.54,6.32,7.1,6.32,2.0,1.61,20.0,0.5,0.5,0.6,26.1,30.9,35.8,30.9,2.0,10.1,20.0,0.5,0.5,0.6,-83.9,-79.6,-75.3,-79.6,2.0,8.9,20.0,0.5,0.5,0.6,89.8,94.9,100.0,94.9,2.0,10.6,20.0,0.5,0.5,0.6,-49.4,-49.1,-48.9,-49.1,2.0,0.5,20.0,0.5,0.5,0.6,58.2,58.5,58.8,58.5,2.0,0.6,20.0,0.5,0.5,0.6,-23.0,-19.9,-16.8,-19.9,2.0,6.5,20.0,0.5,0.5,0.6,20.0,23.7,27.4,23.7,2.0,7.7,20.0,0.5,0.5,0.6,103.0,115.0,127.0,115.0,2.0,25.0,20.0,0.5,0.5,0.6,105.0,115.0,125.0,115.0,2.0,25.0,20.0,0.5,0.5,0.6
1974,2,347.0,-12.0,27.2,27.2,27.2,27.2,1.0,0.0,24.0,0.0,0.7,0.4,24.5,24.7,24.77,24.63,3.0,0.21,18.0,0.0,0.6,0.6,14.92,14.97,15.61,15.26,3.0,0.56,18.0,0.0,0.6,0.6,77.0,77.0,81.4,79.1,3.0,3.7,18.0,0.0,0.6,4.26,4.6,4.94,4.6,3.0,0.5,18.0,0.0,0.6,0.6,-3.54,-3.52,-3.36,-3.45,3.0,0.15,18.0,0.0,0.6,0.6,2.34,2.96,3.61,2.97,3.0,0.93,18.0,0.0,0.6,0.6,1011.58,1013.9,1014.65,1013.13,3.0,2.35,18.0,0.0,0.6,0.6,0.3,1.0,1.7,1.0,2.0,1.4,20.0,0.0,0.4,0.7,-16.6,-16.2,-15.1,-15.8,3.0,1.1,18.0,0.0,0.6,0.6,10.1,13.6,17.9,14.0,3.0,5.8,18.0,0.0,0.6,0.6,2.8,2.8,2.8,2.8,1.0,0.0,24.0,0.0,0.7,0.4,14.3,14.3,14.3,14.3,1.0,0.0,24.0,0.0,0.7,0.4,6.72,6.72,6.72,6.72,1.0,0.0,24.0,0.0,0.7,0.4,34.2,34.2,34.2,34.2,1.0,0.0,24.0,0.0,0.7,0.4,-87.7,-87.0,-82.2,-85.0,3.0,4.4,18.0,0.0,0.6,0.6,57.9,73.0,88.3,73.1,3.0,22.2,18.0,0.0,0.6,0.6,-53.0,-52.5,-52.3,-52.6,3.0,0.5,18.0,0.0,0.6,0.6,34.9,44.1,56.4,45.6,3.0,15.8,18.0,0.0,0.6,0.6,-22.0,-22.0,-22.0,-22.0,1.0,0.0,24.0,0.0,0.7,0.4,26.2,26.2,26.2,26.2,1.0,0.0,24.0,0.0,0.7,0.4,78.0,97.5,121.5,99.5,3.0,32.0,18.0,0.0,0.6,0.6,80.0,95.0,120.0,100.0,3.0,30.0,18.0,0.0,0.6,0.6
1974,2,347.0,-11.0,27.0,27.0,27.0,27.0,1.0,0.0,28.0,1.0,0.8,1.0,25.3,25.95,26.6,25.95,2.0,1.34,26.0,0.5,0.8,1.0,17.05,17.05,17.05,17.05,1.0,0.0,28.0,1.0,0.8,1.0,80.1,86.0,92.0,86.0,2.0,12.3,26.0,0.5,1.0,6.44,6.95,7.46,6.95,2.0,1.06,26.0,0.5,0.8,1.0,-5.72,-5.32,-4.93,-5.32,2.0,0.81,26.0,0.5,0.8,1.0,4.14,4.47,4.8,4.47,2.0,0.68,26.0,0.5,0.8,1.0,1015.4,1015.4,1015.4,1015.4,1.0,0.0,28.0,1.0,0.8,1.0,2.5,3.5,4.5,3.5,2.0,2.1,26.0,0.5,0.8,1.0,-42.9,-37.4,-32.0,-37.4,2.0,11.3,26.0,0.5,0.8,1.0,26.8,31.4,36.0,31.4,2.0,9.5,26.0,0.5,0.8,1.0,0.1,0.1,0.1,0.1,1.0,0.0,28.0,1.0,0.8,1.0,0.8,0.8,0.8,0.8,1.0,0.0,28.0,1.0,0.8,1.0,5.2,5.2,5.2,5.2,1.0,0.0,28.0,1.0,0.8,1.0,40.0,40.0,40.0,40.0,1.0,0.0,28.0,1.0,0.8,1.0,-152.3,-138.7,-125.1,-138.7,2.0,28.2,26.0,0.5,0.8,1.0,104.9,116.4,127.8,116.4,2.0,23.7,26.0,0.5,0.8,1.0,-100.5,-100.5,-100.5,-100.5,1.0,0.0,28.0,1.0,0.8,1.0,84.4,84.4,84.4,84.4,1.0,0.0,28.0,1.0,0.8,1.0,-30.7,-30.7,-30.7,-30.7,1.0,0.0,28.0,1.0,0.8,1.0,25.7,25.7,25.7,25.7,1.0,0.0,28.0,1.0,0.8,1.0,273.0,347.5,422.0,347.5,2.0,154.5,26.0,0.5,0.8,1.0,275.0,345.0,420.0,345.0,2.0,155.0,26.0,0.5,0.8,1.0
1974,2,347.0,-10.0,28.0,28.0,28.0,28.0,1.0,0.0,8.0,1.0,0.2,0.8,26.3,26.3,26.3,26.3,1.0,0.0,8.0,1.0,0.2,0.8,16.74,16.74,16.74,16.74,1.0,0.0,8.0,1.0,0.2,0.8,78.2,78.2,78.2,78.2,1.0,0.0,8.0,1.0,0.8,4.6,4.6,4.6,4.6,2.0,0.0,14.0,1.0,0.5,0.8,-3.91,-3.75,-3.6,-3.75,2.0,0.33,14.0,1.0,0.5,0.8,2.4,2.63,2.85,2.63,2.0,0.46,14.0,1.0,0.5,0.8,1009.0,1009.0,1009.0,1009.0,1.0,0.0,8.0,1.0,0.2,0.8,6.2,6.5,6.8,6.5,2.0,0.7,14.0,1.0,0.5,0.8,-18.0,-17.3,-16.5,-17.3,2.0,1.5,14.0,1.0,0.5,0.8,11.1,12.1,13.1,12.1,2.0,2.1,14.0,1.0,0.5,0.8,1.7,1.7,1.7,1.7,1.0,0.0,8.0,1.0,0.2,0.8,7.8,7.8,7.8,7.8,1.0,0.0,8.0,1.0,0.2,0.8,7.02,7.02,7.02,7.02,1.0,0.0,8.0,1.0,0.2,0.8,32.3,32.3,32.3,32.3,1.0,0.0,8.0,1.0,0.2,0.8,-92.7,-92.7,-92.7,-92.7,1.0,0.0,8.0,1.0,0.2,0.8,77.8,77.8,77.8,77.8,1.0,0.0,8.0,1.0,0.2,0.8,-59.0,-59.0,-59.0,-59.0,1.0,0.0,8.0,1.0,0.2,0.8,49.5,49.5,49.5,49.5,1.0,0.0,8.0,1.0,0.2,0.8,-24.7,-24.7,-24.7,-24.7,1.0,0.0,8.0,1.0,0.2,0.8,20.8,20.8,20.8,20.8,1.0,0.0,8.0,1.0,0.2,0.8,97.5,97.5,97.5,97.5,2.0,0.0,14.0,1.0,0.5,0.8,95.0,95.0,95.0,95.0,2.0,0.0,14.0,1.0,0.5,0.8
1974,2,347.0,-9.0,27.06,27.2,27.95,27.5,3.0,0.7,20.0,0.0,0.2,0.4,24.91,25.8,26.0,25.47,3.0,0.85,20.0,0.0,0.2,0.4,15.05,16.51,17.09,16.08,3.0,1.54,20.0,0.0,0.2,0.4,73.5,82.1,84.7,79.2,3.0,8.6,20.0,0.0,0.4,5.11,6.2,8.32,6.7,3.0,2.39,20.0,0.0,0.2,0.4,-5.2,-3.52,-3.23,-4.2,3.0,1.55,20.0,0.0,0.2,0.4,3.72,5.37,6.57,5.15,3.0,2.09,20.0,0.0,0.2,0.4,1009.82,1010.5,1011.73,1010.77,3.0,1.42,20.0,0.0,0.2,0.4,1.3,2.0,4.7,3.0,3.0,2.6,20.0,0.0,0.2,0.4,-44.0,-19.2,-17.2,-30.3,3.0,21.9,20.0,0.0,0.2,0.4,19.9,33.3,55.8,37.7,3.0,26.6,20.0,0.0,0.2,0.4,1.06,1.4,3.04,2.03,3.0,1.55,20.0,0.0,0.2,0.4,5.6,8.7,26.9,16.1,3.0,16.9,20.0,0.0,0.2,0.4,5.85,7.64,8.03,6.96,3.0,1.7,20.0,0.0,0.2,0.4,31.9,50.9,64.7,48.3,3.0,24.1,20.0,0.0,0.2,0.4,-129.2,-92.0,-83.8,-106.1,3.0,35.4,20.0,0.0,0.2,0.4,96.6,138.5,163.1,130.1,3.0,49.2,20.0,0.0,0.2,0.4,-86.8,-61.2,-49.8,-68.1,3.0,27.7,20.0,0.0,0.2,0.4,59.5,77.2,104.8,82.0,3.0,33.4,20.0,0.0,0.2,0.4,-39.3,-25.4,-20.1,-29.6,3.0,14.4,20.0,0.0,0.2,0.4,24.1,44.1,51.1,37.8,3.0,20.5,20.0,0.0,0.2,0.4,142.0,238.5,624.5,380.0,3.0,374.0,20.0,0.0,0.2,0.4,140.0,240.0,625.0,380.0,3.0,375.0,20.0,0.0,0.2,0.4
1974,2,347.0,-7.0,,,,,,,,,,,,,,,,,,,,,,,,,,,,,,,,,,,,,,,,9.8,9.8,9.8,9.8,1.0,0.0,10.0,0.0,0.1,0.1,-8.49,-8.49,-8.49,-8.49,1.0,0.0,10.0,0.0,0.1,0.1,4.9,4.9,4.9,4.9,1.0,0.0,10.0,0.0,0.1,0.1,1010.7,1010.7,1010.7,1010.7,1.0,0.0,10.0,0.0,0.1,0.1,,,,,,,,,,,,,,,,,,,,,,,,,,,,,,,,,,,,,,,,,,,,,,,,,,,,,,,,,,,,,,,,,,,,,,,,,,,,,,,,,,,,,,,,,,,,,,,,,,,,,,,,,,,,,,,,,,,,,,,,,,,,,,,,,,,,,,,,,,,,,,,,,,,,,,
1974,2,347.0,-5.0,26.74,27.25,27.76,27.25,2.0,1.06,14.0,1.0,0.8,0.7,26.68,27.7,28.59,27.63,3.0,1.4,18.0,0.7,0.6,0.8,17.41,19.56,20.73,19.08,3.0,2.46,18.0,0.7,0.6,0.8,79.8,84.2,84.7,82.3,3.0,4.0,18.0,0.7,0.8,2.39,3.0,5.18,3.77,3.0,2.15,18.0,0.7,0.6,0.8,-0.31,1.93,2.06,0.9,3.0,1.95,18.0,0.7,0.6,0.8,-1.06,1.61,4.49,1.71,3.0,4.06,18.0,0.7,0.6,0.8,1012.06,1012.2,1014.79,1013.4,3.0,2.25,18.0,0.7,0.6,0.8,3.0,5.0,5.7,4.3,3.0,2.1,18.0,0.7,0.6,0.8,-0.1,5.8,10.8,5.4,3.0,8.0,18.0,0.7,0.6,0.8,-3.6,3.4,25.7,10.9,3.0,22.5,18.0,0.7,0.6,0.8,-2.06,-1.1,-0.14,-1.1,2.0,1.98,14.0,1.0,0.8,0.7,-4.1,-1.7,0.7,-1.7,2.0,5.0,14.0,1.0,0.8,0.7,0.98,2.26,3.54,2.26,2.0,2.65,14.0,1.0,0.8,0.7,4.7,13.2,21.7,13.2,2.0,17.5,14.0,1.0,0.8,0.7,-10.7,50.5,56.1,23.4,3.0,54.3,18.0,0.7,0.6,0.8,-26.3,46.7,125.0,49.3,3.0,110.8,18.0,0.7,0.6,0.8,-9.6,31.7,38.4,14.8,3.0,38.0,18.0,0.7,0.6,0.8,-14.9,34.2,88.6,36.8,3.0,75.9,18.0,0.7,0.6,0.8,1.0,4.1,7.3,4.1,2.0,6.6,14.0,1.0,0.8,0.7,4.3,12.3,20.3,12.3,2.0,16.6,14.0,1.0,0.8,0.7,15.0,27.0,171.5,91.5,3.0,127.5,18.0,0.7,0.6,0.8,15.0,25.0,170.0,90.0,3.0,125.0,18.0,0.7,0.6,0.8
1974,2,347.0,-1.0,25.74,27.1,27.78,26.78,4.0,1.56,18.0,0.5,0.5,0.4,25.38,26.0,26.51,25.95,4.0,0.75,18.0,0.5,0.5,0.4,17.56,17.56,17.56,17.56,2.0,0.0,18.0,0.5,0.7,0.4,80.2,81.1,82.1,81.1,2.0,2.0,18.0,0.5,0.4,2.9,5.5,6.1,4.55,4.0,2.42,18.0,0.5,0.5,0.4,-4.02,-3.11,-1.34,-2.7,4.0,2.07,18.0,0.5,0.5,0.4,2.34,3.91,4.62,3.5,4.0,1.78,18.0,0.5,0.5,0.4,1007.86,1009.45,1010.15,1009.03,4.0,1.49,18.0,0.5,0.5,0.4,0.5,1.5,4.6,2.5,4.0,3.1,18.0,0.5,0.5,0.4,-24.0,-17.0,-7.6,-15.8,4.0,12.2,18.0,0.5,0.5,0.4,9.6,21.9,28.1,19.0,4.0,13.0,18.0,0.5,0.5,0.4,-0.53,1.15,2.15,0.83,4.0,1.63,18.0,0.5,0.5,0.4,-2.6,1.7,7.9,2.6,4.0,7.9,18.0,0.5,0.5,0.4,5.09,5.7,6.31,5.7,2.0,1.27,18.0,0.5,0.7,0.4,10.3,18.2,26.1,18.2,2.0,16.4,18.0,0.5,0.7,0.4,-106.2,-79.0,-33.3,-70.2,4.0,54.9,18.0,0.5,0.5,0.4,60.6,102.8,118.9,90.3,4.0,45.0,18.0,0.5,0.5,0.4,-69.7,-40.2,-10.7,-40.2,2.0,61.1,18.0,0.5,0.7,0.4,25.7,43.6,61.6,43.6,2.0,37.3,18.0,0.5,0.7,0.4,-19.0,-10.8,-2.7,-10.8,2.0,16.9,18.0,0.5,0.7,0.4,8.5,12.8,17.1,12.8,2.0,8.9,18.0,0.5,0.7,0.4,60.0,170.5,227.5,145.0,4.0,108.0,18.0,0.5,0.5,0.4,60.0,170.0,230.0,145.0,4.0,110.0,18.0,0.5,0.5,0.4
1974,2,347.0,0.0,28.52,29.0,29.14,28.83,3.0,0.47,14.0,1.0,0.3,0.5,25.89,28.3,28.82,27.4,4.0,2.44,16.0,1.0,0.4,0.5,17.76,18.17,18.57,18.17,2.0,0.84,18.0,1.0,0.3,0.4,74.0,75.3,76.5,75.3,2.0,2.6,18.0,1.0,0.4,2.1,3.6,5.68,3.88,4.0,2.1,16.0,1.0,0.4,0.5,-3.64,-1.23,-0.53,-2.05,4.0,2.29,16.0,1.0,0.4,0.5,2.02,2.58,3.99,2.98,4.0,1.31,16.0,1.0,0.4,0.5,1005.76,1007.2,1008.74,1007.25,4.0,1.94,16.0,1.0,0.4,0.5,3.9,6.0,7.0,5.5,4.0,2.5,16.0,1.0,0.4,0.5,-21.7,-5.2,-1.1,-11.1,4.0,15.2,16.0,1.0,0.4,0.5,4.2,11.8,22.0,13.0,4.0,10.4,16.0,1.0,0.4,0.5,0.73,1.0,3.39,2.03,3.0,2.15,14.0,1.0,0.3,0.5,2.4,3.1,20.0,11.0,3.0,14.6,14.0,1.0,0.3,0.5,6.76,7.23,7.7,7.23,2.0,0.97,18.0,1.0,0.3,0.4,19.3,25.0,30.7,25.0,2.0,11.8,18.0,1.0,0.3,0.4,-90.5,-35.3,-15.4,-52.1,4.0,53.1,16.0,1.0,0.4,0.5,58.0,66.1,106.4,81.5,4.0,37.2,16.0,1.0,0.4,0.5,-28.5,-19.6,-10.6,-19.6,2.0,18.6,18.0,1.0,0.3,0.4,44.8,63.1,81.4,63.1,2.0,37.9,18.0,1.0,0.3,0.4,-10.1,-7.1,-4.2,-7.1,2.0,6.0,18.0,1.0,0.3,0.4,18.8,23.9,29.0,23.9,2.0,10.6,18.0,1.0,0.3,0.4,9.5,71.0,188.0,97.5,4.0,110.5,16.0,1.0,0.4,0.5,10.0,70.0,190.0,95.0,4.0,110.0,16.0,1.0,0.4,0.5
1974,2,347.0,1.0,26.83,28.55,29.0,28.29,10.0,1.2,14.0,0.6,0.8,0.6,27.2,28.2,30.0,28.5,10.0,1.22,14.0,0.6,0.8,0.6,17.93,18.97,19.65,18.8,4.0,1.13,18.0,0.5,0.8,0.5,76.9,77.7,83.3,80.0,4.0,5.6,18.0,0.5,0.5,1.5,2.5,4.34,2.67,10.0,1.51,14.0,0.6,0.8,0.6,-2.27,-0.75,0.0,-0.9,10.0,1.57,14.0,0.6,0.8,0.6,-1.21,1.3,3.15,1.03,10.0,2.37,14.0,0.6,0.8,0.6,1007.41,1010.25,1012.01,1010.08,10.0,2.13,14.0,0.6,0.8,0.6,1.0,2.0,3.6,2.6,10.0,2.2,14.0,0.6,0.8,0.6,-7.5,-1.1,0.0,-3.1,10.0,6.9,14.0,0.6,0.8,0.6,-3.9,1.9,14.4,4.0,10.0,9.7,14.0,0.6,0.8,0.6,-1.0,-0.35,0.49,-0.21,10.0,1.54,14.0,0.6,0.8,0.6,-2.2,-1.2,1.6,-0.9,10.0,3.4,14.0,0.6,0.8,0.6,2.29,4.18,7.96,5.09,4.0,3.64,18.0,0.5,0.8,0.5,5.4,8.7,12.2,8.8,4.0,5.0,18.0,0.5,0.8,0.5,-65.3,-21.4,0.0,-26.1,10.0,44.1,14.0,0.6,0.8,0.6,-32.7,37.0,88.6,28.9,10.0,66.4,14.0,0.6,0.8,0.6,-10.6,-4.0,0.0,-5.3,4.0,6.4,18.0,0.5,0.8,0.5,-29.2,13.6,58.8,14.7,4.0,62.4,18.0,0.5,0.8,0.5,-5.1,-1.2,0.0,-2.5,4.0,3.5,18.0,0.5,0.8,0.5,-3.5,5.3,11.2,3.9,4.0,9.3,18.0,0.5,0.8,0.5,3.5,17.5,83.0,36.0,10.0,44.5,14.0,0.6,0.8,0.6,5.0,20.0,85.0,35.0,10.0,45.0,14.0,0.6,0.8,0.6
1974,2,347.0,2.0,27.39,28.35,30.0,28.56,32.0,1.24,14.0,0.6,0.6,0.6,26.15,28.0,28.9,27.74,31.0,1.54,14.0,0.6,0.6,0.5,17.69,18.54,20.41,19.01,19.0,1.69,14.0,0.5,0.7,0.5,74.5,82.7,90.1,82.2,19.0,7.2,14.0,0.5,0.5,1.22,3.0,5.1,3.26,29.0,1.84,14.0,0.6,0.6,0.6,-2.28,-0.34,2.32,-0.34,29.0,2.41,14.0,0.6,0.6,0.6,0.0,1.82,3.95,1.76,29.0,2.29,14.0,0.6,0.6,0.6,1007.5,1009.9,1011.54,1009.73,32.0,2.05,14.0,0.6,0.6,0.6,2.0,5.0,8.0,5.3,31.0,2.7,14.0,0.6,0.6,0.5,-9.6,-0.3,6.5,-1.2,29.0,12.3,14.0,0.6,0.6,0.6,0.0,4.4,19.2,7.9,29.0,13.3,14.0,0.6,0.6,0.6,-0.16,0.7,2.28,0.71,30.0,1.33,14.0,0.6,0.6,0.5,0.0,1.3,3.9,1.9,27.0,4.7,14.0,0.6,0.6,0.5,3.83,5.74,7.6,5.63,19.0,1.89,14.0,0.5,0.7,0.5,6.8,10.0,24.7,13.6,19.0,8.0,14.0,0.5,0.7,0.5,-61.4,-9.7,69.8,-6.0,27.0,69.3,14.0,0.6,0.6,0.5,0.0,50.9,102.0,53.1,27.0,59.7,14.0,0.6,0.6,0.5,-34.3,-6.1,44.6,-2.7,19.0,37.1,14.0,0.5,0.7,0.5,0.0,33.6,56.4,31.4,19.0,32.1,14.0,0.5,0.7,0.5,-9.4,-2.6,7.3,-1.1,19.0,10.8,14.0,0.5,0.7,0.5,0.0,7.5,16.1,7.6,19.0,9.0,14.0,0.5,0.7,0.5,2.0,27.0,132.5,69.0,29.0,96.5,14.0,0.6,0.6,0.6,0.0,25.0,135.0,70.0,29.0,95.0,14.0,0.6,0.6,0.6
1974,2,347.0,3.0,27.5,28.7,30.0,28.64,84.0,1.21,14.0,0.6,0.7,0.4,26.96,28.0,29.3,28.03,87.0,1.4,14.0,0.6,0.7,0.5,17.71,18.55,19.84,18.86,64.0,1.43,14.0,0.6,0.7,0.5,74.1,80.3,84.9,80.0,65.0,5.8,14.0,0.6,0.4,1.5,3.1,5.1,3.37,76.0,1.87,14.0,0.6,0.7,0.5,-3.08,0.0,2.83,0.07,76.0,2.56,14.0,0.6,0.7,0.5,-0.03,1.74,3.53,1.64,76.0,2.39,14.0,0.6,0.7,0.5,1007.2,1009.5,1011.48,1009.43,84.0,1.88,14.0,0.6,0.7,0.5,2.0,4.0,7.8,4.3,84.0,2.6,14.0,0.6,0.7,0.5,-11.3,0.0,8.9,-0.9,76.0,12.9,14.0,0.6,0.7,0.5,-0.1,4.4,15.8,7.6,76.0,14.8,14.0,0.6,0.7,0.5,-0.7,0.6,2.0,0.58,83.0,1.47,14.0,0.6,0.7,0.4,-2.1,1.5,5.2,1.7,71.0,6.1,14.0,0.5,0.7,0.4,3.8,5.86,8.0,5.91,60.0,1.97,14.0,0.6,0.7,0.4,7.3,18.4,29.2,19.0,50.0,12.2,16.0,0.6,0.7,0.4,-85.4,0.0,73.0,0.2,75.0,70.1,14.0,0.5,0.7,0.5,-2.4,48.4,95.9,46.3,75.0,66.1,14.0,0.5,0.7,0.5,-48.8,14.7,53.5,6.0,54.0,49.3,14.0,0.6,0.7,0.4,0.0,29.9,57.2,28.0,54.0,42.9,14.0,0.6,0.7,0.4,-12.5,3.4,15.3,1.5,50.0,16.2,16.0,0.6,0.7,0.4,-0.4,9.3,19.9,8.1,50.0,13.7,16.0,0.6,0.7,0.4,3.5,30.0,132.5,76.0,76.0,118.0,14.0,0.6,0.7,0.5,5.0,30.0,135.0,75.0,76.0,120.0,14.0,0.6,0.7,0.5
1974,2,347.0,4.0,27.93,28.6,29.4,28.54,91.0,1.06,16.0,0.6,0.5,0.4,26.8,28.0,29.02,27.98,94.0,1.34,16.0,0.6,0.5,0.4,17.04,18.17,19.87,18.49,80.0,1.95,16.0,0.6,0.5,0.4,72.0,78.4,85.2,78.9,81.0,6.9,16.0,0.6,0.4,1.0,2.6,4.1,2.47,77.0,1.71,16.0,0.6,0.5,0.4,-0.53,0.77,3.54,1.17,77.0,2.0,16.0,0.6,0.5,0.4,-0.94,0.5,2.24,0.49,77.0,1.86,16.0,0.6,0.5,0.4,1007.33,1010.0,1012.6,1009.97,92.0,2.3,16.0,0.6,0.5,0.4,1.0,5.0,8.0,5.0,94.0,2.8,16.0,0.6,0.5,0.4,-0.6,1.0,14.4,5.2,77.0,9.4,16.0,0.6,0.5,0.4,-2.2,0.5,8.3,1.4,77.0,7.6,16.0,0.6,0.5,0.4,-0.5,0.6,1.99,0.59,90.0,1.6,16.0,0.6,0.5,0.4,-1.3,0.0,4.0,0.9,73.0,4.4,16.0,0.6,0.5,0.4,4.24,6.37,8.08,6.12,78.0,2.22,16.0,0.6,0.5,0.3,0.0,12.3,26.2,14.4,64.0,12.0,16.0,0.6,0.5,0.3,-13.5,21.0,102.2,33.3,76.0,57.0,16.0,0.6,0.5,0.4,-29.9,11.6,61.3,13.5,76.0,51.6,16.0,0.6,0.5,0.4,-6.5,14.4,63.2,22.7,66.0,36.6,16.0,0.6,0.5,0.3,-18.4,9.5,41.6,10.5,66.0,33.9,16.0,0.6,0.5,0.3,-2.8,5.2,14.7,5.9,64.0,11.7,16.0,0.6,0.5,0.3,-5.2,2.2,13.7,2.8,64.0,13.2,16.0,0.6,0.5,0.3,1.0,17.5,69.0,37.5,77.0,55.0,16.0,0.6,0.5,0.4,0.0,20.0,70.0,35.0,77.0,55.0,16.0,0.6,0.5,0.4
1974,2,347.0,5.0,27.85,28.95,29.78,28.76,34.0,0.94,16.0,0.4,0.4,0.3,26.77,28.0,29.0,27.99,34.0,1.22,14.0,0.5,0.4,0.3,17.57,18.61,19.75,18.68,26.0,1.17,14.0,0.5,0.4,0.3,74.3,78.3,85.1,79.3,27.0,6.4,14.0,0.5,0.3,0.0,2.1,5.1,2.39,31.0,2.18,16.0,0.5,0.5,0.4,-0.47,0.0,3.93,0.83,31.0,2.32,16.0,0.5,0.5,0.4,-1.69,0.0,1.82,0.02,31.0,2.13,16.0,0.5,0.5,0.4,1007.8,1009.7,1012.72,1010.1,34.0,2.86,14.0,0.5,0.4,0.3,0.0,5.0,8.0,4.5,37.0,3.1,14.0,0.5,0.4,0.3,-1.1,0.0,21.0,4.1,31.0,11.9,16.0,0.5,0.5,0.4,-4.8,0.0,5.6,0.0,31.0,9.9,16.0,0.5,0.5,0.4,-0.06,1.0,2.23,0.88,32.0,1.74,16.0,0.4,0.4,0.3,0.0,0.8,6.1,3.1,26.0,5.5,16.0,0.4,0.5,0.4,4.63,6.36,7.95,6.13,25.0,1.64,14.0,0.5,0.4,0.3,0.0,13.6,32.9,15.5,20.0,13.0,16.0,0.5,0.4,0.3,-9.0,0.0,112.1,27.9,27.0,61.6,16.0,0.4,0.5,0.3,-49.7,0.0,56.9,-2.0,27.0,62.8,16.0,0.4,0.5,0.3,-5.3,0.0,70.7,17.1,21.0,36.7,14.0,0.5,0.4,0.3,-32.6,0.0,38.4,0.4,21.0,44.3,14.0,0.5,0.4,0.3,-2.8,0.0,16.1,5.4,20.0,12.3,16.0,0.5,0.4,0.3,-11.9,0.0,12.8,1.2,20.0,15.5,16.0,0.5,0.4,0.3,0.0,9.5,132.5,49.0,31.0,69.0,16.0,0.5,0.5,0.4,0.0,10.0,135.0,50.0,31.0,70.0,16.0,0.5,0.5,0.4
1974,2,347.0,6.0,27.0,28.0,28.74,27.87,54.0,1.08,12.0,0.4,0.6,0.6,26.28,27.45,29.0,27.55,54.0,1.36,12.0,0.4,0.6,0.6,17.49,18.64,19.6,18.66,29.0,1.22,12.0,0.4,0.6,0.6,77.6,83.9,87.9,83.1,30.0,4.9,12.0,0.4,0.6,1.0,3.0,4.6,2.91,40.0,2.04,14.0,0.4,0.6,0.6,-0.21,1.0,3.92,1.56,40.0,2.45,14.0,0.4,0.6,0.6,-2.53,0.0,1.21,-0.45,40.0,2.05,14.0,0.4,0.6,0.6,1007.48,1010.15,1012.04,1010.25,50.0,2.34,12.0,0.4,0.6,0.6,0.0,3.0,8.0,3.8,51.0,3.1,12.0,0.4,0.6,0.6,-0.3,1.8,15.8,7.6,40.0,15.4,14.0,0.4,0.6,0.6,-8.7,0.0,3.6,-2.1,40.0,9.1,14.0,0.4,0.6,0.6,-0.92,0.4,1.76,0.32,54.0,1.58,12.0,0.4,0.6,0.6,-3.3,0.0,5.5,0.6,39.0,5.0,14.0,0.4,0.6,0.6,3.2,4.6,5.62,4.55,29.0,1.4,12.0,0.4,0.6,0.6,0.0,7.5,16.9,9.6,21.0,9.7,12.0,0.4,0.6,0.6,-6.6,26.3,105.9,41.0,39.0,67.5,14.0,0.4,0.6,0.6,-74.1,0.0,34.3,-12.9,39.0,57.3,14.0,0.4,0.6,0.6,-4.1,9.1,38.1,21.3,21.0,46.0,12.0,0.4,0.6,0.6,-28.5,0.0,23.0,-4.0,21.0,36.0,12.0,0.4,0.6,0.6,-1.0,3.0,10.0,5.2,21.0,10.0,12.0,0.4,0.6,0.6,-7.0,0.0,4.9,-1.1,21.0,7.7,12.0,0.4,0.6,0.6,1.0,27.0,97.5,64.5,40.0,113.0,14.0,0.4,0.6,0.6,0.0,25.0,95.0,65.0,40.0,115.0,14.0,0.4,0.6,0.6
1974,2,347.0,7.0,27.32,28.0,29.0,27.86,13.0,1.1,18.0,0.5,0.2,0.1,26.55,27.4,29.58,27.84,13.0,1.71,18.0,0.5,0.2,0.1,17.74,18.04,19.55,18.52,5.0,1.04,18.0,0.4,0.2,0.0,75.2,84.1,88.8,81.7,6.0,8.5,18.0,0.5,0.0,1.75,3.05,4.7,3.16,12.0,1.44,18.0,0.6,0.2,0.1,0.93,1.73,3.06,2.02,12.0,1.29,18.0,0.6,0.2,0.1,-3.97,-1.0,-0.31,-1.62,12.0,2.0,18.0,0.6,0.2,0.1,1008.35,1009.15,1011.28,1009.71,12.0,1.47,18.0,0.5,0.2,0.1,0.0,2.0,4.7,2.7,9.0,2.8,18.0,0.7,0.3,0.1,2.8,6.3,10.2,7.2,12.0,6.5,18.0,0.6,0.2,0.1,-16.8,-3.2,-0.7,-6.7,12.0,9.3,18.0,0.6,0.2,0.1,-1.37,0.2,0.91,0.02,13.0,1.37,18.0,0.5,0.2,0.1,-2.0,0.8,2.8,0.7,12.0,3.6,18.0,0.6,0.2,0.1,2.34,4.37,6.53,4.28,5.0,2.77,18.0,0.4,0.2,0.0,6.6,9.3,14.8,10.7,4.0,5.3,16.0,0.5,0.2,0.0,25.7,50.6,83.2,56.1,12.0,37.5,18.0,0.6,0.2,0.1,-104.9,-30.6,-8.3,-44.9,12.0,54.8,18.0,0.6,0.2,0.1,8.0,20.6,42.6,25.1,4.0,24.9,16.0,0.5,0.2,0.0,-43.8,-14.2,-1.8,-22.4,4.0,31.5,16.0,0.5,0.2,0.0,2.7,6.0,8.8,5.8,4.0,4.6,16.0,0.5,0.2,0.0,-12.3,-4.6,0.2,-6.0,4.0,8.2,16.0,0.5,0.2,0.0,6.0,28.5,104.5,49.0,12.0,47.5,18.0,0.6,0.2,0.1,5.0,30.0,105.0,50.0,12.0,50.0,18.0,0.6,0.2,0.1
1974,2,347.0,27.0,,,,,,,,,,,,,,,,,,,,,,,,,,,,,,,,,,,,,,,,4.16,4.5,4.84,4.5,2.0,0.71,16.0,0.5,0.6,0.7,0.79,2.5,4.21,2.5,2.0,3.54,16.0,0.5,0.6,0.7,-3.37,-2.0,-0.63,-2.0,2.0,2.83,16.0,0.5,0.6,0.7,1016.26,1018.75,1021.24,1018.75,2.0,5.16,16.0,0.5,0.6,0.7,,,,,,,,,,,,,,,,,,,,,,,,,,,,,,,,,,,,,,,,,,,,,,,,,,,,,,,,,,,,,,,,,,,,,,,,,,,,,,,,,,,,,,,,,,,,,,,,,,,,,,,,,,,,,,,,,,,,,,,,,,,,,,,,,,,,,,,,,,,,,,,,,,,,,,
1974,2,347.0,28.0,16.53,17.0,18.0,17.35,14.0,0.91,14.0,0.4,0.3,0.7,15.53,17.0,18.89,17.25,15.0,1.5,14.0,0.4,0.3,0.7,8.47,8.98,9.89,9.14,6.0,0.96,18.0,0.3,0.3,0.5,71.3,74.8,81.3,75.6,6.0,5.2,18.0,0.3,0.5,1.9,6.7,10.19,6.15,13.0,4.2,14.0,0.5,0.4,0.7,-3.29,-2.05,1.27,-1.24,13.0,2.46,14.0,0.5,0.4,0.7,-10.04,-2.91,0.55,-3.33,13.0,6.23,14.0,0.5,0.4,0.7,1016.42,1023.05,1024.25,1021.18,16.0,5.65,14.0,0.4,0.3,0.7,0.0,1.0,6.3,2.5,15.0,2.9,14.0,0.4,0.3,0.7,-29.4,-4.3,9.4,-8.9,13.0,19.8,14.0,0.5,0.4,0.7,-102.6,-10.8,3.7,-32.5,13.0,67.5,14.0,0.5,0.4,0.7,-1.29,0.0,1.94,0.19,14.0,1.81,14.0,0.4,0.3,0.7,-1.5,0.0,17.9,7.8,12.0,16.6,14.0,0.4,0.4,0.7,2.88,3.75,4.23,3.64,5.0,0.86,20.0,0.2,0.3,0.6,17.0,26.7,49.9,33.1,4.0,21.9,18.0,0.3,0.3,0.6,-61.2,-32.1,22.9,-20.1,13.0,40.5,14.0,0.5,0.4,0.7,-168.8,-53.9,9.4,-54.7,13.0,100.5,14.0,0.5,0.4,0.7,-32.8,-19.3,4.2,-13.4,5.0,26.8,18.0,0.4,0.4,0.6,-59.7,-25.5,57.6,-9.6,5.0,70.9,18.0,0.4,0.4,0.6,-14.9,-11.5,-0.4,-7.8,4.0,11.7,18.0,0.3,0.3,0.6,-37.6,2.9,23.4,-6.6,4.0,40.8,18.0,0.3,0.3,0.6,8.5,301.0,1069.5,534.5,13.0,700.0,14.0,0.5,0.4,0.7,10.0,300.0,1070.0,535.0,13.0,700.0,14.0,0.5,0.4,0.7
1974,2,347.0,29.0,16.0,17.15,18.23,17.35,60.0,1.29,16.0,0.6,0.5,0.5,15.22,17.0,19.09,17.16,65.0,1.96,16.0,0.5,0.5,0.5,7.74,8.51,10.33,8.9,20.0,1.43,14.0,0.6,0.6,0.4,67.2,74.6,81.5,75.1,20.0,9.0,14.0,0.6,0.4,3.0,7.6,12.0,7.87,64.0,4.29,16.0,0.5,0.5,0.5,-5.65,-1.23,1.74,-1.56,64.0,3.67,16.0,0.5,0.5,0.5,-11.26,-5.91,0.0,-5.41,64.0,5.96,16.0,0.5,0.5,0.5,1015.93,1023.0,1027.27,1021.86,66.0,5.77,16.0,0.5,0.5,0.5,1.0,4.0,7.0,3.9,64.0,2.7,16.0,0.5,0.5,0.5,-52.1,-4.2,5.2,-15.4,64.0,42.2,16.0,0.5,0.5,0.5,-139.2,-36.1,0.0,-58.5,64.0,77.1,16.0,0.5,0.5,0.5,-2.0,0.3,2.0,0.15,59.0,2.43,16.0,0.5,0.5,0.5,-16.3,1.4,18.7,1.0,57.0,27.6,16.0,0.6,0.5,0.5,1.88,3.82,4.42,3.35,20.0,1.52,14.0,0.6,0.6,0.4,5.2,14.4,47.2,21.9,20.0,21.1,14.0,0.6,0.6,0.4,-90.0,-20.8,24.2,-27.6,63.0,63.4,16.0,0.5,0.5,0.5,-188.0,-103.2,0.0,-91.9,63.0,105.9,16.0,0.5,0.5,0.5,-39.2,-4.9,13.1,-6.8,20.0,28.3,14.0,0.6,0.6,0.4,-94.3,-27.9,-0.1,-38.7,20.0,47.9,14.0,0.6,0.6,0.4,-16.8,-0.8,5.1,-4.3,20.0,10.8,14.0,0.6,0.6,0.4,-40.8,-12.4,0.0,-17.1,20.0,22.4,14.0,0.6,0.6,0.4,27.0,442.5,1729.0,916.5,64.0,1051.0,16.0,0.5,0.5,0.5,25.0,445.0,1730.0,915.0,64.0,1050.0,16.0,0.5,0.5,0.5
1974,2,347.0,30.0,16.0,17.2,19.0,17.54,51.0,1.42,16.0,0.6,0.5,0.4,15.56,17.0,19.2,17.25,59.0,2.02,16.0,0.5,0.5,0.3,7.05,7.81,9.84,8.26,10.0,1.45,14.0,0.4,0.5,0.6,60.5,66.7,82.8,70.0,11.0,10.7,14.0,0.4,0.5,3.02,9.0,12.78,8.16,59.0,4.39,16.0,0.6,0.4,0.3,-7.78,-3.13,1.21,-3.09,59.0,4.68,16.0,0.6,0.4,0.3,-9.63,-5.36,1.7,-4.66,59.0,5.76,16.0,0.6,0.4,0.3,1016.3,1022.4,1026.69,1021.76,61.0,5.37,16.0,0.6,0.4,0.3,0.4,3.0,7.0,3.5,60.0,2.6,16.0,0.6,0.4,0.3,-84.8,-23.1,6.9,-33.9,59.0,56.2,16.0,0.6,0.4,0.3,-121.8,-36.0,8.0,-51.0,59.0,76.0,16.0,0.6,0.4,0.3,-2.38,0.3,3.0,0.14,49.0,2.89,16.0,0.6,0.5,0.4,-20.7,0.0,27.0,2.9,45.0,28.6,16.0,0.6,0.5,0.4,1.78,3.91,4.6,3.74,8.0,1.9,12.0,0.4,0.5,0.6,11.5,23.6,80.7,41.5,7.0,38.1,14.0,0.3,0.5,0.6,-134.4,-49.4,21.9,-52.8,55.0,86.4,16.0,0.5,0.5,0.3,-165.0,-97.6,27.8,-80.2,55.0,92.0,16.0,0.5,0.5,0.3,-44.0,-13.3,17.6,-11.7,9.0,32.4,14.0,0.3,0.5,0.6,-85.4,-68.1,5.1,-46.3,9.0,54.2,14.0,0.3,0.5,0.6,-15.6,-7.6,5.1,-7.8,7.0,23.5,14.0,0.3,0.5,0.6,-78.9,-23.2,-8.4,-36.2,7.0,36.2,14.0,0.3,0.5,0.6,27.5,729.0,2088.0,996.5,59.0,1163.0,16.0,0.6,0.4,0.3,30.0,730.0,2090.0,995.0,59.0,1165.0,16.0,0.6,0.4,0.3
1974,2,347.0,31.0,15.8,17.0,18.36,17.1,23.0,1.38,16.0,0.6,0.6,0.4,15.07,16.3,18.2,16.66,24.0,2.25,16.0,0.6,0.6,0.4,6.81,9.23,10.41,8.67,11.0,1.81,14.0,0.6,0.6,0.5,65.0,73.0,80.5,73.0,12.0,10.6,14.0,0.6,0.5,3.1,7.2,12.1,7.53,24.0,3.77,16.0,0.6,0.6,0.4,-4.55,-2.34,4.72,-0.9,24.0,4.67,16.0,0.6,0.6,0.4,-10.77,-4.3,0.16,-5.17,24.0,4.78,16.0,0.6,0.6,0.4,1017.39,1021.5,1023.6,1020.68,23.0,3.8,16.0,0.6,0.6,0.5,1.5,5.0,7.0,4.7,23.0,2.6,16.0,0.6,0.6,0.4,-37.9,-8.2,36.2,-6.9,24.0,47.3,16.0,0.6,0.6,0.4,-127.7,-27.7,0.4,-54.1,24.0,61.9,16.0,0.6,0.6,0.4,-1.1,0.6,1.75,0.37,23.0,1.61,16.0,0.6,0.6,0.4,-8.0,3.1,17.3,4.3,23.0,13.4,16.0,0.6,0.6,0.4,2.72,3.71,4.42,3.68,10.0,1.38,14.0,0.7,0.6,0.5,8.0,18.4,32.2,21.5,10.0,16.5,14.0,0.7,0.6,0.5,-80.0,-34.7,73.4,-15.3,24.0,78.6,16.0,0.6,0.6,0.4,-167.2,-67.5,2.4,-81.4,24.0,75.7,16.0,0.6,0.6,0.4,-29.4,0.0,33.9,1.8,11.0,36.6,14.0,0.6,0.6,0.5,-55.5,-14.3,8.9,-20.5,11.0,33.3,14.0,0.6,0.6,0.5,-12.2,-4.7,8.3,-1.9,10.0,14.5,14.0,0.7,0.6,0.5,-31.4,-5.5,2.5,-12.7,10.0,19.8,14.0,0.7,0.6,0.5,30.0,373.0,1774.5,753.0,24.0,928.5,16.0,0.6,0.6,0.4,30.0,375.0,1775.0,755.0,24.0,930.0,16.0,0.6,0.6,0.4
1974,2,347.0,32.0,16.6,17.0,18.0,17.35,20.0,0.87,12.0,0.6,0.5,0.4,15.13,16.2,17.9,16.65,22.0,1.51,12.0,0.6,0.5,0.4,7.26,8.63,9.99,8.66,18.0,1.27,12.0,0.6,0.5,0.4,64.9,72.4,82.4,73.6,20.0,10.4,12.0,0.6,0.4,4.05,7.7,13.41,8.26,23.0,4.25,12.0,0.6,0.5,0.4,-3.0,2.14,4.59,0.4,23.0,4.54,12.0,0.6,0.5,0.4,-12.6,-4.42,1.0,-5.53,23.0,6.05,12.0,0.6,0.5,0.4,1020.0,1021.05,1024.17,1021.49,22.0,3.47,12.0,0.5,0.5,0.4,2.5,5.0,8.0,4.8,23.0,2.5,12.0,0.6,0.5,0.4,-21.4,6.8,51.4,4.8,23.0,45.4,12.0,0.6,0.5,0.4,-169.2,-29.6,6.2,-64.4,23.0,82.5,12.0,0.6,0.5,0.4,-0.41,0.9,1.8,0.65,19.0,1.52,12.0,0.6,0.5,0.4,-3.7,4.8,17.9,6.8,18.0,16.8,14.0,0.7,0.5,0.4,2.47,3.91,4.78,3.66,15.0,1.38,12.0,0.6,0.4,0.4,17.0,30.1,53.6,34.9,14.0,21.3,14.0,0.6,0.5,0.3,-58.6,36.4,71.7,7.6,21.0,82.7,12.0,0.6,0.5,0.4,-197.1,-83.1,32.4,-89.7,21.0,100.2,12.0,0.6,0.5,0.4,-27.1,8.4,39.8,-0.3,17.0,47.7,14.0,0.6,0.5,0.4,-88.0,-37.5,-3.5,-44.7,17.0,48.8,14.0,0.6,0.5,0.4,-21.6,1.3,14.5,-2.2,14.0,15.5,14.0,0.6,0.5,0.3,-52.7,-21.8,-7.1,-29.2,14.0,24.6,14.0,0.6,0.5,0.3,66.5,456.5,2421.0,1005.0,23.0,1127.5,12.0,0.6,0.5,0.4,65.0,455.0,2420.0,1005.0,23.0,1125.0,12.0,0.6,0.5,0.4
1974,2,347.0,33.0,16.4,17.0,18.48,17.35,39.0,1.18,14.0,0.5,0.6,0.5,15.0,16.0,17.0,15.98,40.0,1.18,14.0,0.5,0.6,0.5,6.1,7.59,9.64,7.67,23.0,1.65,14.0,0.5,0.6,0.5,55.6,68.9,80.4,68.3,24.0,12.3,14.0,0.5,0.5,4.05,6.0,12.7,7.26,42.0,4.15,14.0,0.5,0.5,0.5,-4.43,-1.9,2.41,-1.24,42.0,3.66,14.0,0.5,0.5,0.5,-12.5,-4.33,0.61,-5.09,42.0,5.45,14.0,0.5,0.5,0.5,1015.67,1020.7,1025.04,1020.53,41.0,5.12,14.0,0.5,0.5,0.5,2.0,6.0,7.0,4.8,39.0,2.5,14.0,0.5,0.6,0.5,-28.1,-8.9,22.5,-6.9,42.0,38.4,14.0,0.5,0.5,0.5,-158.8,-20.8,1.2,-55.7,42.0,83.2,14.0,0.5,0.5,0.5,-0.01,1.0,2.83,1.38,38.0,1.43,14.0,0.5,0.6,0.5,0.0,8.1,20.5,10.5,38.0,10.8,14.0,0.5,0.6,0.5,3.53,4.48,6.14,4.63,22.0,1.28,14.0,0.5,0.6,0.5,14.1,27.8,53.1,32.0,22.0,20.0,14.0,0.5,0.6,0.5,-76.8,-28.7,37.6,-18.9,40.0,60.0,14.0,0.5,0.6,0.5,-189.4,-73.5,12.6,-80.4,40.0,88.5,14.0,0.5,0.6,0.5,-27.6,-15.9,15.6,-10.0,23.0,20.7,14.0,0.5,0.6,0.5,-66.5,-30.3,4.0,-33.7,23.0,41.8,14.0,0.5,0.6,0.5,-15.6,-7.4,8.8,-5.7,22.0,11.7,14.0,0.5,0.6,0.5,-51.0,-19.1,-1.9,-25.0,22.0,25.5,14.0,0.5,0.6,0.5,66.5,216.0,2050.0,823.5,42.0,1479.0,14.0,0.5,0.5,0.5,65.0,215.0,2050.0,825.0,42.0,1480.0,14.0,0.5,0.5,0.5
1974,2,347.0,34.0,15.66,16.8,18.0,16.69,91.0,1.2,14.0,0.6,0.4,0.5,14.5,16.0,17.28,15.97,99.0,1.68,14.0,0.6,0.4,0.5,6.45,7.98,9.37,8.06,66.0,1.43,14.0,0.6,0.4,0.5,60.4,71.2,82.0,71.2,68.0,10.6,14.0,0.6,0.5,2.6,6.45,12.0,7.05,94.0,4.38,14.0,0.6,0.4,0.5,-4.5,0.0,4.83,-0.32,94.0,5.17,14.0,0.6,0.4,0.5,-8.82,-3.23,0.82,-3.71,94.0,5.35,14.0,0.6,0.4,0.5,1016.87,1021.7,1026.09,1021.22,97.0,5.56,14.0,0.6,0.4,0.5,1.0,5.0,7.0,4.5,97.0,2.7,14.0,0.6,0.4,0.5,-34.0,0.0,33.2,0.4,94.0,61.2,14.0,0.6,0.4,0.5,-89.1,-16.2,2.5,-38.0,94.0,76.0,14.0,0.6,0.4,0.5,-1.0,0.5,2.14,0.7,91.0,1.62,14.0,0.6,0.4,0.5,-4.7,1.3,15.7,6.7,85.0,18.8,14.0,0.6,0.4,0.6,2.53,3.74,4.81,3.6,60.0,1.3,14.0,0.6,0.4,0.5,8.6,18.9,39.8,24.1,56.0,19.5,14.0,0.6,0.4,0.5,-75.2,0.0,76.7,-6.6,92.0,86.5,14.0,0.6,0.4,0.5,-135.7,-50.3,13.7,-54.4,92.0,82.6,14.0,0.6,0.4,0.5,-39.4,-6.2,42.2,-4.3,61.0,44.3,14.0,0.6,0.4,0.5,-49.1,-17.2,8.3,-22.3,61.0,35.5,14.0,0.6,0.4,0.5,-14.4,-3.1,12.6,-2.2,56.0,17.5,14.0,0.6,0.4,0.5,-27.1,-8.5,2.2,-13.7,56.0,21.6,14.0,0.6,0.4,0.5,17.5,269.5,1728.0,812.0,94.0,1327.5,14.0,0.6,0.4,0.5,20.0,270.0,1730.0,810.0,94.0,1330.0,14.0,0.6,0.4,0.5
1974,2,347.0,35.0,15.0,16.0,17.0,16.16,121.0,1.18,16.0,0.5,0.4,0.5,14.0,15.0,16.2,15.21,125.0,1.62,16.0,0.4,0.4,0.5,6.14,7.73,9.39,7.81,99.0,1.44,16.0,0.5,0.4,0.5,62.1,74.1,86.8,74.6,99.0,11.6,16.0,0.5,0.5,2.6,6.2,13.22,7.16,123.0,4.97,16.0,0.4,0.4,0.5,-4.38,0.0,4.71,0.29,123.0,5.46,16.0,0.4,0.4,0.5,-9.1,-2.64,1.04,-3.6,123.0,5.78,16.0,0.4,0.4,0.5,1016.0,1021.5,1028.6,1021.52,127.0,6.23,16.0,0.5,0.4,0.5,1.5,5.0,8.0,4.7,124.0,2.6,16.0,0.5,0.4,0.5,-33.9,0.0,42.0,6.5,123.0,71.1,16.0,0.4,0.4,0.5,-102.2,-10.8,5.4,-43.2,123.0,84.7,16.0,0.4,0.4,0.5,-0.51,1.0,2.8,0.9,120.0,1.91,16.0,0.5,0.4,0.5,-0.4,5.9,24.4,10.0,116.0,16.8,16.0,0.4,0.4,0.5,2.23,3.51,5.16,3.55,97.0,1.7,16.0,0.5,0.4,0.5,8.3,20.8,55.5,29.5,94.0,26.3,16.0,0.5,0.4,0.5,-61.4,0.0,68.7,4.5,121.0,83.5,16.0,0.4,0.4,0.5,-126.7,-39.5,15.5,-50.9,121.0,84.5,16.0,0.4,0.4,0.5,-37.8,0.0,42.0,2.5,96.0,47.8,16.0,0.4,0.4,0.5,-81.4,-29.2,12.8,-28.8,96.0,45.8,16.0,0.4,0.4,0.5,-16.6,0.0,15.8,1.0,94.0,22.0,16.0,0.5,0.4,0.5,-43.1,-11.1,2.3,-17.5,94.0,27.9,16.0,0.5,0.4,0.5,17.5,238.5,2312.5,972.0,123.0,1613.0,16.0,0.4,0.4,0.5,20.0,240.0,2310.0,970.0,123.0,1615.0,16.0,0.4,0.4,0.5
1974,2,347.0,36.0,14.6,15.5,16.44,15.53,137.0,1.03,16.0,0.6,0.6,0.4,13.4,14.8,16.5,14.86,143.0,1.48,16.0,0.6,0.6,0.5,6.11,7.59,9.19,7.61,124.0,1.44,16.0,0.6,0.6,0.5,62.0,73.6,83.1,72.8,125.0,11.0,16.0,0.6,0.5,3.75,6.45,12.3,7.48,142.0,4.3,16.0,0.5,0.6,0.5,-4.32,1.91,6.5,1.45,142.0,5.47,16.0,0.5,0.6,0.5,-8.85,-3.11,0.0,-3.69,142.0,5.39,16.0,0.5,0.6,0.5,1016.05,1021.1,1028.0,1021.57,143.0,5.29,16.0,0.5,0.6,0.5,1.0,4.0,7.4,4.4,137.0,2.6,16.0,0.6,0.6,0.5,-22.5,4.8,53.5,17.2,142.0,65.1,16.0,0.5,0.6,0.5,-89.2,-16.2,0.0,-40.6,142.0,80.0,16.0,0.5,0.6,0.5,-1.1,0.75,2.0,0.61,136.0,1.55,16.0,0.6,0.6,0.4,-5.4,3.3,19.6,6.1,133.0,15.2,16.0,0.6,0.6,0.4,1.97,3.17,4.53,3.21,120.0,1.43,16.0,0.6,0.6,0.5,8.4,19.7,45.1,24.6,118.0,19.5,16.0,0.6,0.6,0.5,-63.5,27.9,95.1,21.5,140.0,80.5,16.0,0.5,0.6,0.5,-117.9,-49.8,0.0,-51.5,140.0,77.2,16.0,0.5,0.6,0.5,-32.5,12.2,51.0,9.8,122.0,42.6,16.0,0.6,0.6,0.5,-59.9,-24.6,0.0,-25.3,122.0,37.8,16.0,0.6,0.6,0.5,-13.9,2.2,18.1,2.9,118.0,18.6,16.0,0.6,0.6,0.5,-33.8,-9.0,0.0,-14.1,118.0,20.8,16.0,0.6,0.6,0.5,53.0,269.5,1861.0,900.5,142.0,1513.5,16.0,0.5,0.6,0.5,55.0,270.0,1860.0,900.0,142.0,1515.0,16.0,0.5,0.6,0.5
1974,2,347.0,37.0,14.0,15.0,16.0,15.21,104.0,1.13,18.0,0.5,0.7,0.4,12.8,14.0,15.5,14.21,111.0,1.59,18.0,0.5,0.7,0.4,6.05,7.23,8.75,7.3,95.0,1.38,18.0,0.6,0.7,0.4,62.2,75.3,84.8,73.1,95.0,12.2,18.0,0.6,0.4,4.1,8.2,14.59,8.84,112.0,4.87,18.0,0.5,0.7,0.4,-4.45,2.3,8.22,1.86,112.0,6.28,18.0,0.5,0.7,0.4,-11.69,-3.16,0.0,-4.31,112.0,6.4,18.0,0.5,0.7,0.4,1016.45,1021.0,1025.5,1020.95,112.0,4.76,18.0,0.5,0.7,0.4,1.3,5.0,8.0,4.8,110.0,2.6,18.0,0.5,0.7,0.4,-30.2,13.0,87.6,30.9,112.0,81.3,18.0,0.5,0.7,0.4,-176.8,-16.6,0.0,-54.5,112.0,102.4,18.0,0.5,0.7,0.4,-0.88,1.0,2.6,0.97,103.0,1.84,18.0,0.5,0.7,0.4,-5.0,6.7,27.0,11.0,103.0,21.3,18.0,0.5,0.7,0.4,1.97,3.31,4.69,3.23,89.0,1.49,18.0,0.6,0.7,0.4,7.0,24.8,53.5,29.3,89.0,23.5,18.0,0.6,0.7,0.4,-64.8,29.9,118.2,26.3,111.0,88.6,18.0,0.5,0.7,0.4,-148.2,-45.9,0.0,-59.0,111.0,87.5,18.0,0.5,0.7,0.4,-30.2,14.2,64.6,15.9,95.0,46.9,18.0,0.6,0.7,0.4,-80.6,-24.9,0.0,-28.7,95.0,47.0,18.0,0.6,0.7,0.4,-15.4,2.9,24.1,5.5,89.0,23.7,18.0,0.6,0.7,0.4,-40.8,-7.7,0.0,-16.9,89.0,23.3,18.0,0.6,0.7,0.4,69.0,551.5,3109.5,1379.5,112.0,1972.0,18.0,0.5,0.7,0.4,70.0,550.0,3110.0,1380.0,112.0,1970.0,18.0,0.5,0.7,0.4
1974,2,347.0,38.0,14.0,15.0,16.0,14.97,46.0,1.09,16.0,0.5,0.7,0.3,12.4,14.4,16.0,14.33,45.0,1.51,16.0,0.4,0.7,0.3,5.83,7.6,9.27,7.6,39.0,1.69,16.0,0.5,0.8,0.3,61.6,77.5,87.9,74.6,40.0,12.1,16.0,0.5,0.3,4.6,8.2,16.2,9.01,46.0,5.15,16.0,0.5,0.7,0.3,-4.49,2.79,8.46,2.24,46.0,6.39,16.0,0.5,0.7,0.3,-7.41,-2.72,6.16,-1.52,46.0,7.82,16.0,0.5,0.7,0.3,1016.04,1020.15,1024.2,1020.1,46.0,5.59,16.0,0.5,0.7,0.3,1.0,5.0,8.0,4.8,45.0,2.7,16.0,0.5,0.7,0.3,-24.0,14.6,91.5,35.0,46.0,89.8,16.0,0.5,0.7,0.3,-63.8,-11.7,67.9,-7.9,46.0,121.0,16.0,0.5,0.7,0.3,-0.5,0.5,2.0,0.68,44.0,1.62,16.0,0.5,0.7,0.3,-5.4,3.2,18.5,6.7,43.0,18.7,16.0,0.4,0.7,0.3,1.56,2.86,4.3,2.91,38.0,1.45,16.0,0.5,0.8,0.3,9.6,23.0,42.8,24.5,37.0,16.5,16.0,0.5,0.8,0.3,-43.5,39.6,135.8,43.1,44.0,92.4,16.0,0.4,0.7,0.3,-101.3,-43.5,106.6,-17.2,44.0,113.1,16.0,0.4,0.7,0.3,-25.0,20.2,78.8,28.7,38.0,51.2,16.0,0.4,0.8,0.3,-45.9,-18.8,66.1,-3.0,38.0,63.7,16.0,0.4,0.8,0.3,-13.1,3.3,20.9,4.1,37.0,17.4,16.0,0.5,0.8,0.3,-23.6,-7.1,7.7,-7.9,37.0,22.5,16.0,0.5,0.8,0.3,97.5,557.5,4279.0,1509.5,46.0,2118.0,16.0,0.5,0.7,0.3,95.0,560.0,4280.0,1510.0,46.0,2120.0,16.0,0.5,0.7,0.3
1974,2,347.0,39.0,13.05,14.2,14.79,14.13,14.0,0.75,14.0,0.7,0.7,0.6,11.75,14.0,15.0,13.52,21.0,1.64,14.0,0.7,0.6,0.4,5.75,7.08,9.4,7.42,16.0,1.6,12.0,0.7,0.6,0.5,66.7,73.9,89.6,76.4,16.0,10.7,12.0,0.7,0.5,5.2,6.7,13.33,9.05,21.0,4.38,14.0,0.7,0.6,0.4,-2.84,4.32,11.08,4.1,21.0,5.8,14.0,0.7,0.6,0.4,-6.28,-3.91,5.0,-2.41,21.0,6.91,14.0,0.7,0.6,0.4,1014.24,1021.6,1024.55,1019.63,21.0,7.05,14.0,0.7,0.6,0.4,3.2,6.0,7.0,5.5,21.0,2.0,14.0,0.7,0.6,0.4,-16.5,19.9,141.8,48.9,21.0,69.9,14.0,0.7,0.6,0.4,-73.2,-24.9,51.5,-24.5,21.0,98.2,14.0,0.7,0.6,0.4,-0.47,0.4,2.2,0.7,14.0,1.43,14.0,0.7,0.7,0.6,-2.9,4.4,13.3,6.2,14.0,12.1,14.0,0.7,0.7,0.6,1.58,2.95,4.41,2.76,12.0,1.59,14.0,0.7,0.7,0.5,10.0,21.5,32.4,21.4,12.0,12.2,14.0,0.7,0.7,0.5,-31.3,51.9,156.5,59.4,21.0,81.4,14.0,0.7,0.6,0.4,-90.9,-45.3,70.0,-26.7,21.0,91.9,14.0,0.7,0.6,0.4,-16.8,31.1,84.1,36.4,16.0,48.0,12.0,0.7,0.6,0.5,-45.9,-17.9,30.9,-7.6,16.0,52.6,12.0,0.7,0.6,0.5,-10.9,-0.7,21.3,3.7,12.0,16.0,14.0,0.7,0.7,0.5,-21.6,-11.6,2.2,-10.4,12.0,16.0,14.0,0.7,0.7,0.5,142.0,301.0,2369.5,1253.0,21.0,1392.5,14.0,0.7,0.6,0.4,140.0,300.0,2370.0,1255.0,21.0,1390.0,14.0,0.7,0.6,0.4
1974,2,347.0,40.0,12.89,13.9,14.55,13.7,12.0,1.3,16.0,0.4,0.8,0.5,11.91,12.6,13.77,12.62,14.0,0.91,16.0,0.4,0.7,0.5,6.03,6.8,8.16,7.08,8.0,1.42,16.0,0.4,0.7,0.6,70.3,75.3,86.2,77.8,8.0,12.5,16.0,0.4,0.6,5.44,12.6,15.71,11.45,16.0,5.48,16.0,0.4,0.7,0.5,-4.02,5.06,11.96,4.4,16.0,7.23,16.0,0.4,0.7,0.5,-14.13,-4.36,4.49,-3.96,16.0,8.96,16.0,0.4,0.7,0.5,1016.35,1019.55,1022.76,1019.05,16.0,11.06,16.0,0.4,0.7,0.5,0.4,5.0,7.6,4.4,16.0,3.1,16.0,0.4,0.7,0.5,-28.1,50.8,179.1,74.4,16.0,107.1,16.0,0.4,0.7,0.5,-210.2,-34.5,57.3,-62.0,16.0,147.7,16.0,0.4,0.7,0.5,-0.3,1.3,2.05,0.93,12.0,1.47,16.0,0.4,0.8,0.5,-3.8,11.4,25.5,10.0,12.0,18.2,16.0,0.4,0.8,0.5,1.09,3.05,3.6,2.52,8.0,1.56,16.0,0.4,0.7,0.6,13.5,16.6,51.8,27.1,8.0,21.6,16.0,0.4,0.7,0.6,-63.8,56.7,150.3,53.9,14.0,93.3,16.0,0.4,0.7,0.5,-151.8,-53.1,87.3,-37.4,14.0,111.1,16.0,0.4,0.7,0.5,-32.7,49.2,80.7,36.9,8.0,57.0,16.0,0.4,0.7,0.6,-87.1,-10.9,58.4,-13.4,8.0,65.7,16.0,0.4,0.7,0.6,-13.2,5.3,17.4,4.1,8.0,21.8,16.0,0.4,0.7,0.6,-44.5,-3.3,2.9,-14.0,8.0,24.2,16.0,0.4,0.7,0.6,164.5,2004.0,3880.0,2457.5,16.0,2664.5,16.0,0.4,0.7,0.5,165.0,2005.0,3880.0,2455.0,16.0,2665.0,16.0,0.4,0.7,0.5
1974,2,347.0,41.0,12.8,13.2,15.24,13.66,14.0,1.22,12.0,0.3,0.6,0.5,10.53,13.0,14.16,12.51,15.0,1.85,12.0,0.3,0.7,0.5,6.39,6.87,8.32,7.26,5.0,1.22,16.0,0.4,0.7,0.4,75.2,81.2,88.7,81.5,5.0,7.5,16.0,0.4,0.4,5.02,8.0,18.45,10.2,15.0,5.95,12.0,0.3,0.7,0.5,-0.55,4.7,10.85,5.51,15.0,5.87,12.0,0.3,0.7,0.5,-5.69,-0.89,9.5,0.63,15.0,8.92,12.0,0.3,0.7,0.5,1010.73,1016.6,1022.02,1015.61,15.0,7.59,12.0,0.3,0.7,0.5,2.9,8.0,8.0,5.9,13.0,2.8,12.0,0.3,0.6,0.5,-4.9,25.6,139.8,81.5,15.0,106.9,12.0,0.3,0.7,0.5,-42.2,-4.5,99.3,6.4,15.0,156.6,12.0,0.3,0.7,0.5,-0.47,0.4,2.37,0.9,14.0,1.87,12.0,0.3,0.6,0.5,-2.3,3.0,26.4,6.2,14.0,20.5,12.0,0.3,0.6,0.5,1.37,2.31,3.13,2.16,5.0,1.37,16.0,0.4,0.7,0.4,4.9,13.2,46.1,24.5,5.0,28.6,16.0,0.4,0.7,0.4,-8.9,65.3,144.3,73.6,15.0,77.3,12.0,0.3,0.7,0.5,-56.1,-11.5,125.2,14.9,15.0,115.8,12.0,0.3,0.7,0.5,7.8,29.4,67.9,34.4,5.0,38.2,16.0,0.4,0.7,0.4,-52.0,-18.1,114.6,23.1,5.0,104.1,16.0,0.4,0.7,0.4,-3.1,8.5,23.5,11.4,5.0,20.3,16.0,0.4,0.7,0.4,-26.2,-5.9,9.5,-8.5,5.0,30.0,16.0,0.4,0.7,0.4,126.5,512.0,6713.0,2225.5,15.0,3306.5,12.0,0.3,0.7,0.5,125.0,510.0,6715.0,2225.0,15.0,3305.0,12.0,0.3,0.7,0.5
1974,2,347.0,42.0,12.11,13.25,15.0,13.29,16.0,1.34,12.0,0.6,0.7,0.4,10.94,11.65,13.4,12.07,18.0,1.52,12.0,0.5,0.7,0.4,5.34,6.2,7.5,6.59,12.0,1.41,14.0,0.5,0.7,0.4,64.7,73.6,87.8,75.6,12.0,10.8,14.0,0.5,0.4,6.96,12.3,19.0,12.7,19.0,5.54,12.0,0.5,0.7,0.4,1.05,7.7,12.91,7.02,19.0,7.5,12.0,0.5,0.7,0.4,-12.61,-2.87,2.78,-3.07,19.0,9.09,12.0,0.5,0.7,0.4,1006.6,1020.35,1024.15,1017.05,18.0,8.41,12.0,0.6,0.7,0.4,3.4,7.0,8.0,5.9,18.0,2.3,12.0,0.6,0.8,0.4,3.8,81.0,235.1,105.5,19.0,143.4,12.0,0.5,0.7,0.4,-188.3,-24.5,16.3,-42.1,19.0,158.8,12.0,0.5,0.7,0.4,-0.23,1.2,2.57,1.38,15.0,1.6,12.0,0.6,0.7,0.4,-3.5,14.9,35.6,18.6,15.0,22.4,12.0,0.6,0.7,0.4,1.89,2.75,4.11,2.87,11.0,1.18,16.0,0.5,0.7,0.3,13.2,41.2,69.4,42.9,11.0,29.8,16.0,0.5,0.7,0.3,13.7,81.7,135.4,80.7,18.0,88.3,12.0,0.5,0.7,0.4,-147.7,-33.4,16.4,-34.4,18.0,115.4,12.0,0.5,0.7,0.4,-7.5,33.0,75.8,34.9,12.0,53.3,14.0,0.5,0.7,0.4,-80.7,-42.7,0.0,-40.6,12.0,40.6,14.0,0.5,0.7,0.4,-1.4,14.7,48.2,19.3,11.0,36.5,16.0,0.5,0.7,0.3,-46.4,-29.0,-3.1,-24.9,11.0,22.0,16.0,0.5,0.7,0.3,337.0,1861.0,6859.0,3164.0,19.0,3292.0,12.0,0.5,0.7,0.4,335.0,1860.0,6860.0,3165.0,19.0,3290.0,12.0,0.5,0.7,0.4
1974,2,347.0,43.0,11.5,12.4,13.25,12.58,12.0,1.26,10.0,0.6,0.4,0.4,9.8,10.6,13.37,11.39,13.0,1.86,10.0,0.6,0.4,0.5,5.61,6.99,7.35,6.61,7.0,1.27,10.0,0.7,0.5,0.4,65.7,87.7,92.9,81.2,7.0,15.1,10.0,0.7,0.4,9.3,12.9,16.55,12.95,13.0,3.5,10.0,0.6,0.4,0.5,-1.88,2.78,12.11,5.11,13.0,8.28,10.0,0.6,0.4,0.5,-10.79,-2.95,11.16,-1.51,13.0,9.72,10.0,0.6,0.4,0.5,1004.67,1014.95,1023.23,1014.65,12.0,9.03,10.0,0.6,0.4,0.4,4.0,7.0,8.0,6.0,11.0,2.5,10.0,0.7,0.4,0.4,-19.0,44.5,185.5,76.5,13.0,132.6,10.0,0.6,0.4,0.5,-148.8,-42.2,129.4,-11.1,13.0,137.0,10.0,0.6,0.4,0.5,-1.08,0.8,3.03,1.15,12.0,2.39,10.0,0.6,0.4,0.4,-13.5,10.5,44.3,11.8,12.0,31.0,10.0,0.6,0.4,0.4,0.81,2.15,3.02,2.1,7.0,1.55,10.0,0.7,0.5,0.4,9.4,20.0,39.3,22.2,7.0,18.9,10.0,0.7,0.5,0.4,-23.7,37.0,150.9,55.8,13.0,91.1,10.0,0.6,0.4,0.5,-118.3,-30.7,166.1,-5.9,13.0,120.4,10.0,0.6,0.4,0.5,-8.9,16.0,85.0,32.2,7.0,47.7,10.0,0.7,0.5,0.4,-69.1,-44.0,19.5,-16.4,7.0,65.5,10.0,0.7,0.5,0.4,-7.1,0.0,10.7,1.3,7.0,11.3,10.0,0.7,0.5,0.4,-38.8,-13.5,0.1,-19.4,7.0,19.1,10.0,0.7,0.5,0.4,804.5,2146.5,4532.5,2605.0,13.0,1856.0,10.0,0.6,0.4,0.5,805.0,2145.0,4530.0,2605.0,13.0,1855.0,10.0,0.6,0.4,0.5
1974,2,347.0,44.0,11.15,12.0,12.55,11.96,31.0,0.88,10.0,0.4,0.6,0.4,10.12,11.2,12.42,11.19,35.0,1.33,12.0,0.4,0.5,0.5,5.19,5.78,6.89,6.07,28.0,1.03,12.0,0.4,0.5,0.4,63.6,70.3,81.7,72.0,28.0,9.9,12.0,0.4,0.4,10.08,16.75,20.78,15.99,36.0,5.41,10.0,0.4,0.5,0.5,1.95,11.54,18.0,10.25,36.0,8.77,10.0,0.4,0.5,0.5,-13.49,0.0,9.26,-0.7,36.0,10.33,10.0,0.4,0.5,0.5,998.83,1012.1,1023.13,1012.27,36.0,10.91,10.0,0.4,0.5,0.5,4.0,6.0,8.0,5.9,34.0,1.8,12.0,0.4,0.5,0.5,9.0,187.8,351.0,190.2,36.0,182.5,10.0,0.4,0.5,0.5,-240.1,0.0,165.9,-6.7,36.0,200.2,10.0,0.4,0.5,0.5,-0.3,0.7,1.24,0.68,30.0,1.17,10.0,0.4,0.6,0.4,-3.3,9.8,21.4,11.4,30.0,21.0,10.0,0.4,0.6,0.4,1.93,2.73,3.4,2.59,26.0,1.09,12.0,0.4,0.5,0.4,14.0,41.1,62.8,40.0,26.0,22.0,12.0,0.4,0.5,0.4,15.8,127.3,202.6,112.3,35.0,95.2,12.0,0.4,0.5,0.5,-145.3,0.0,104.3,-10.2,35.0,115.9,12.0,0.4,0.5,0.5,5.5,69.4,101.3,60.0,28.0,49.8,12.0,0.4,0.5,0.4,-83.5,-11.6,44.5,-11.9,28.0,64.9,12.0,0.4,0.5,0.4,0.0,23.4,53.9,24.0,26.0,28.2,12.0,0.4,0.5,0.4,-36.4,-7.1,3.3,-12.4,26.0,24.4,12.0,0.4,0.5,0.4,1025.0,4702.5,8973.0,5402.0,36.0,4312.5,10.0,0.4,0.5,0.5,1025.0,4705.0,8975.0,5400.0,36.0,4315.0,10.0,0.4,0.5,0.5
1974,2,347.0,45.0,11.0,12.0,12.8,11.94,31.0,1.08,12.0,0.3,0.5,0.5,10.02,11.0,12.2,10.94,34.0,1.47,14.0,0.4,0.5,0.5,5.01,6.24,7.4,6.21,27.0,1.1,12.0,0.4,0.5,0.5,64.1,75.8,84.9,75.7,27.0,10.7,12.0,0.4,0.5,5.56,12.9,19.12,12.53,31.0,6.53,12.0,0.4,0.5,0.5,-1.29,8.29,18.87,8.83,31.0,9.0,12.0,0.4,0.5,0.5,-6.12,0.0,7.26,0.18,31.0,6.57,12.0,0.4,0.5,0.5,999.55,1009.15,1029.44,1012.56,34.0,13.14,14.0,0.4,0.5,0.5,3.0,6.0,8.0,5.6,29.0,2.3,12.0,0.4,0.5,0.5,-3.1,104.5,361.4,159.8,31.0,183.3,12.0,0.4,0.5,0.5,-89.3,0.0,78.8,7.9,31.0,102.2,12.0,0.4,0.5,0.5,-0.5,0.8,2.1,0.92,31.0,1.33,12.0,0.3,0.5,0.5,-7.2,7.5,31.4,12.2,28.0,21.9,12.0,0.4,0.5,0.5,1.29,2.28,3.55,2.5,25.0,1.09,12.0,0.4,0.5,0.5,7.6,31.2,65.4,36.8,23.0,26.6,10.0,0.4,0.5,0.5,-12.7,106.5,198.7,97.1,31.0,101.9,12.0,0.4,0.5,0.5,-64.8,0.0,67.2,-0.2,31.0,69.5,12.0,0.4,0.5,0.5,-1.0,69.4,110.0,65.0,25.0,54.3,12.0,0.4,0.5,0.5,-44.0,0.0,27.6,-2.3,25.0,37.0,12.0,0.4,0.5,0.5,0.2,30.7,62.2,32.2,23.0,29.5,10.0,0.4,0.5,0.5,-14.9,0.0,11.0,-0.8,23.0,12.8,10.0,0.4,0.5,0.5,172.5,2146.5,6992.0,3542.0,31.0,4180.0,12.0,0.4,0.5,0.5,175.0,2145.0,6990.0,3540.0,31.0,4180.0,12.0,0.4,0.5,0.5
1974,2,347.0,46.0,11.0,11.5,12.27,11.68,41.0,0.75,16.0,0.3,0.6,0.4,9.16,10.7,12.97,11.03,46.0,2.0,16.0,0.3,0.6,0.4,5.22,6.36,7.82,6.59,32.0,1.48,14.0,0.3,0.6,0.4,66.2,78.9,92.9,79.8,32.0,12.1,14.0,0.3,0.4,6.01,14.0,21.06,13.54,49.0,6.51,16.0,0.3,0.6,0.4,-5.11,8.05,15.01,6.05,49.0,9.76,16.0,0.3,0.6,0.4,-11.49,0.0,10.41,-0.29,49.0,9.84,16.0,0.3,0.6,0.4,995.36,1011.4,1030.38,1011.74,49.0,16.82,16.0,0.3,0.6,0.4,3.0,6.5,8.0,5.8,44.0,2.2,16.0,0.3,0.6,0.4,-27.3,115.9,317.0,122.2,49.0,180.7,16.0,0.3,0.6,0.4,-180.9,0.0,169.8,-1.8,49.0,190.0,16.0,0.3,0.6,0.4,-1.89,1.05,2.5,0.66,40.0,2.31,16.0,0.4,0.6,0.4,-16.8,7.4,38.4,10.9,39.0,33.3,16.0,0.4,0.6,0.4,0.87,2.31,3.29,2.02,28.0,1.57,16.0,0.4,0.6,0.3,7.7,23.2,46.5,27.4,27.0,19.7,16.0,0.4,0.6,0.4,-62.1,70.1,152.7,59.3,45.0,108.8,16.0,0.4,0.6,0.4,-113.1,-19.5,114.2,-0.6,45.0,104.6,16.0,0.4,0.6,0.4,-30.8,51.8,90.8,46.9,31.0,63.8,14.0,0.4,0.6,0.4,-69.1,-11.1,68.9,-3.4,31.0,69.7,14.0,0.4,0.6,0.4,-15.2,14.8,34.6,10.9,27.0,22.8,16.0,0.4,0.6,0.4,-30.7,-3.7,8.0,-11.4,27.0,19.9,16.0,0.4,0.6,0.4,218.0,2744.0,9429.5,4152.0,49.0,4495.5,16.0,0.3,0.6,0.4,220.0,2745.0,9430.0,4150.0,49.0,4495.0,16.0,0.3,0.6,0.4
1974,2,347.0,47.0,10.55,11.1,12.0,11.3,23.0,0.76,16.0,0.3,0.6,0.3,9.36,10.35,11.58,10.55,30.0,1.46,16.0,0.3,0.6,0.4,5.06,6.3,7.52,6.3,20.0,1.23,16.0,0.3,0.6,0.4,71.7,77.2,91.3,80.0,21.0,12.3,16.0,0.3,0.4,5.46,10.5,16.7,10.97,30.0,5.02,16.0,0.3,0.6,0.4,-4.12,5.48,12.67,4.26,30.0,7.74,16.0,0.3,0.6,0.4,-9.73,-1.47,6.69,-1.35,30.0,8.31,16.0,0.3,0.6,0.4,1004.67,1021.5,1029.56,1016.7,29.0,12.9,16.0,0.3,0.6,0.4,3.0,6.0,8.0,5.7,27.0,2.5,16.0,0.4,0.6,0.4,-22.3,31.3,213.7,70.2,30.0,109.6,16.0,0.3,0.6,0.4,-129.6,-8.1,68.8,-8.6,30.0,143.9,16.0,0.3,0.6,0.4,-0.9,0.6,2.55,0.65,23.0,1.75,16.0,0.3,0.6,0.3,-11.7,5.6,24.4,7.0,23.0,19.9,16.0,0.3,0.6,0.3,0.87,2.14,3.5,2.12,17.0,1.3,16.0,0.2,0.6,0.3,6.7,15.9,32.9,19.5,17.0,16.5,16.0,0.2,0.6,0.3,-41.3,54.5,133.0,47.4,30.0,83.2,16.0,0.3,0.6,0.4,-96.2,-17.1,76.3,-10.1,30.0,88.1,16.0,0.3,0.6,0.4,-13.1,28.7,70.6,30.2,20.0,41.8,16.0,0.3,0.6,0.4,-60.7,-21.7,0.0,-22.3,20.0,39.2,16.0,0.3,0.6,0.4,-2.5,5.4,19.5,6.8,17.0,14.9,16.0,0.2,0.6,0.3,-27.8,-8.3,0.0,-12.0,17.0,15.8,16.0,0.2,0.6,0.3,164.5,1165.5,4659.5,2187.5,30.0,2890.5,16.0,0.3,0.6,0.4,165.0,1165.0,4660.0,2190.0,30.0,2890.0,16.0,0.3,0.6,0.4
1974,2,347.0,48.0,10.24,10.8,11.39,11.07,16.0,1.05,18.0,0.3,0.6,0.4,9.3,10.4,12.4,10.53,22.0,1.76,16.0,0.4,0.6,0.4,5.08,5.99,7.95,6.35,17.0,1.32,16.0,0.5,0.6,0.4,65.9,88.4,93.4,81.5,17.0,13.9,16.0,0.5,0.4,4.69,10.3,17.33,10.84,21.0,5.86,16.0,0.4,0.6,0.5,-3.46,1.42,13.47,3.7,21.0,7.57,16.0,0.4,0.6,0.5,-5.84,0.54,13.0,2.84,21.0,8.81,16.0,0.4,0.6,0.5,987.0,1017.9,1026.0,1010.99,21.0,18.28,16.0,0.4,0.6,0.4,4.0,8.0,8.0,6.7,20.0,2.0,16.0,0.5,0.6,0.4,-12.2,11.7,197.9,71.2,21.0,108.2,16.0,0.4,0.6,0.5,-35.0,1.7,199.2,56.0,21.0,144.9,16.0,0.4,0.6,0.5,-0.85,1.15,2.0,0.74,16.0,1.64,18.0,0.3,0.6,0.4,-16.8,6.2,24.4,5.1,15.0,21.5,16.0,0.3,0.7,0.5,1.3,2.3,3.41,2.33,13.0,1.3,16.0,0.4,0.6,0.4,8.7,19.6,28.7,19.4,12.0,9.6,16.0,0.4,0.6,0.4,-34.3,11.4,131.1,42.8,21.0,85.1,16.0,0.4,0.6,0.5,-59.0,6.5,151.7,32.1,21.0,94.7,16.0,0.4,0.6,0.5,-14.8,25.0,89.0,33.5,16.0,49.6,14.0,0.5,0.6,0.5,-26.7,9.7,101.3,26.5,16.0,59.1,14.0,0.5,0.6,0.5,-4.9,1.8,11.1,3.1,12.0,14.0,16.0,0.4,0.6,0.4,-20.0,1.1,12.1,-1.4,12.0,17.1,16.0,0.4,0.6,0.4,103.5,1092.5,5208.5,2356.0,21.0,2628.0,16.0,0.4,0.6,0.5,105.0,1095.0,5210.0,2355.0,21.0,2630.0,16.0,0.4,0.6,0.5
1974,2,347.0,49.0,10.23,11.0,11.39,11.04,16.0,0.86,16.0,0.2,0.7,0.5,8.61,10.0,11.5,10.14,20.0,1.45,16.0,0.3,0.7,0.4,5.02,5.43,6.62,5.84,13.0,1.01,14.0,0.3,0.6,0.4,64.3,77.4,95.0,77.9,13.0,13.6,14.0,0.3,0.4,6.9,10.3,22.83,13.69,19.0,7.43,16.0,0.3,0.7,0.4,0.62,9.21,19.07,8.48,19.0,9.07,16.0,0.3,0.7,0.4,-9.59,0.0,4.21,-1.77,19.0,9.57,16.0,0.3,0.7,0.4,999.93,1011.9,1029.9,1013.11,20.0,17.83,16.0,0.3,0.7,0.4,5.4,7.5,8.0,6.8,18.0,1.6,16.0,0.3,0.6,0.4,1.3,94.0,363.8,167.0,19.0,191.7,16.0,0.3,0.7,0.4,-110.7,0.0,42.5,-42.9,19.0,198.2,16.0,0.3,0.7,0.4,0.0,0.75,1.89,1.06,16.0,1.29,16.0,0.2,0.7,0.5,0.3,12.5,28.2,15.8,15.0,22.5,16.0,0.2,0.7,0.5,1.18,2.07,3.46,2.19,10.0,1.2,14.0,0.2,0.7,0.5,10.5,20.3,51.5,27.6,9.0,23.6,14.0,0.2,0.6,0.5,7.1,98.5,173.2,83.5,19.0,90.9,16.0,0.3,0.7,0.4,-83.9,0.0,50.3,-16.0,19.0,94.2,16.0,0.3,0.7,0.4,15.0,58.0,107.4,58.4,12.0,51.3,14.0,0.3,0.6,0.4,-73.3,0.0,27.2,-11.2,12.0,64.9,14.0,0.3,0.6,0.4,0.2,11.6,46.5,16.0,9.0,31.4,14.0,0.2,0.6,0.5,-5.6,0.0,11.6,1.0,9.0,11.7,14.0,0.2,0.6,0.5,338.5,1092.5,11920.0,4775.5,19.0,5461.0,16.0,0.3,0.7,0.4,340.0,1095.0,11920.0,4775.0,19.0,5460.0,16.0,0.3,0.7,0.4
1974,2,347.0,50.0,10.12,11.0,11.17,10.84,11.0,0.81,16.0,0.3,0.5,0.1,8.54,10.2,11.23,9.97,18.0,1.97,16.0,0.3,0.5,0.2,4.63,6.07,7.84,6.05,11.0,1.54,18.0,0.4,0.4,0.2,55.7,79.6,83.9,73.8,12.0,14.9,18.0,0.4,0.2,4.8,10.3,17.6,10.94,18.0,6.55,16.0,0.3,0.5,0.2,-3.66,6.61,13.7,6.09,18.0,6.98,16.0,0.3,0.5,0.2,-5.93,1.9,7.76,0.5,18.0,9.02,16.0,0.3,0.5,0.2,986.52,1007.7,1030.55,1009.4,16.0,19.85,16.0,0.3,0.5,0.2,6.0,7.0,8.0,6.6,15.0,1.9,16.0,0.3,0.5,0.2,-15.2,62.6,225.4,101.6,18.0,121.0,16.0,0.3,0.5,0.2,-83.5,7.6,92.5,4.0,18.0,181.1,16.0,0.3,0.5,0.2,-0.88,0.0,2.21,0.62,11.0,1.75,16.0,0.3,0.5,0.1,-10.9,0.0,17.6,3.7,11.0,17.9,16.0,0.3,0.5,0.1,0.77,2.23,3.78,2.26,9.0,1.5,18.0,0.3,0.5,0.1,6.0,10.8,30.4,17.1,9.0,15.4,18.0,0.3,0.5,0.1,-39.8,71.3,105.5,56.2,18.0,67.3,16.0,0.3,0.5,0.2,-57.4,20.2,89.5,13.6,18.0,82.2,16.0,0.3,0.5,0.2,-22.1,31.7,56.7,26.1,11.0,42.1,18.0,0.4,0.4,0.2,-19.0,12.1,37.0,10.1,11.0,30.9,18.0,0.4,0.4,0.2,-6.1,4.3,24.6,8.5,9.0,17.5,18.0,0.3,0.5,0.1,-20.7,2.5,5.6,-4.0,9.0,12.8,18.0,0.3,0.5,0.1,113.5,1092.5,5501.0,2814.5,18.0,4285.5,16.0,0.3,0.5,0.2,115.0,1095.0,5500.0,2815.0,18.0,4285.0,16.0,0.3,0.5,0.2
1974,2,347.0,51.0,9.04,10.2,11.11,10.11,10.0,0.99,14.0,0.3,0.7,0.2,8.63,9.9,11.0,9.69,10.0,1.76,14.0,0.3,0.7,0.2,6.1,6.59,6.98,6.57,5.0,0.5,20.0,0.2,0.7,0.1,84.2,90.4,98.3,90.6,5.0,9.1,20.0,0.2,0.1,6.84,12.95,16.67,12.0,10.0,4.83,14.0,0.3,0.7,0.2,0.0,7.08,12.8,6.77,10.0,6.04,14.0,0.3,0.7,0.2,-9.25,3.33,5.05,-0.06,10.0,9.8,14.0,0.3,0.7,0.2,983.5,999.1,1020.86,1001.68,10.0,18.77,14.0,0.3,0.7,0.2,5.1,6.0,8.0,6.1,8.0,2.0,16.0,0.4,0.7,0.2,0.0,99.8,174.5,94.0,10.0,88.1,14.0,0.3,0.7,0.2,-91.8,23.1,67.8,-1.2,10.0,160.2,14.0,0.3,0.7,0.2,-0.23,0.15,0.96,0.42,10.0,1.08,14.0,0.3,0.7,0.2,-3.4,0.7,12.8,6.4,10.0,18.6,14.0,0.3,0.7,0.2,0.26,0.94,1.61,0.98,5.0,0.91,20.0,0.2,0.7,0.1,2.4,4.3,20.3,11.9,5.0,18.9,20.0,0.2,0.7,0.1,0.0,70.3,142.6,72.8,10.0,67.6,14.0,0.3,0.7,0.2,-83.1,31.5,57.4,9.3,10.0,83.7,14.0,0.3,0.7,0.2,0.0,12.2,42.5,20.7,5.0,24.8,20.0,0.2,0.7,0.1,-62.4,28.1,57.3,6.6,5.0,70.4,20.0,0.2,0.7,0.1,0.0,0.0,9.5,4.9,5.0,10.0,20.0,0.2,0.7,0.1,-1.2,4.3,18.1,9.3,5.0,17.2,20.0,0.2,0.7,0.1,416.0,2172.0,4751.0,2466.0,10.0,2293.0,14.0,0.3,0.7,0.2,415.0,2170.0,4750.0,2465.0,10.0,2295.0,14.0,0.3,0.7,0.2
1974,2,347.0,52.0,9.86,11.0,11.36,10.63,4.0,1.12,14.0,0.8,0.8,0.5,4.85,7.85,10.43,7.65,4.0,3.35,14.0,0.8,0.8,0.5,4.33,4.68,5.02,4.68,2.0,0.72,20.0,1.0,0.8,0.5,72.9,77.1,81.2,77.1,2.0,8.6,20.0,1.0,0.5,8.72,12.3,13.67,11.22,5.0,3.74,14.0,0.8,0.8,0.4,2.48,8.29,10.96,6.87,5.0,4.84,14.0,0.8,0.8,0.4,-10.06,3.28,7.51,-0.23,5.0,9.43,14.0,0.8,0.8,0.4,988.46,997.2,1017.88,1002.9,4.0,20.93,14.0,0.8,0.8,0.5,5.0,7.0,7.7,6.3,3.0,2.1,16.0,1.0,0.7,0.4,12.6,107.0,146.1,86.1,5.0,73.6,14.0,0.8,0.8,0.4,-126.9,16.7,94.6,-8.3,5.0,118.8,14.0,0.8,0.8,0.4,0.92,2.25,5.1,2.98,4.0,2.89,14.0,0.8,0.8,0.5,6.3,20.0,70.4,37.6,4.0,46.6,14.0,0.8,0.8,0.5,3.07,3.42,3.78,3.42,2.0,0.74,20.0,1.0,0.8,0.5,21.8,37.0,52.1,37.0,2.0,31.4,20.0,1.0,0.8,0.5,18.0,40.8,69.0,43.4,4.0,37.8,14.0,0.8,0.8,0.5,-51.4,-2.4,72.6,10.0,4.0,77.9,14.0,0.8,0.8,0.5,24.6,34.1,43.5,34.1,2.0,19.5,20.0,1.0,0.8,0.5,-31.1,-11.6,7.9,-11.6,2.0,40.4,20.0,1.0,0.8,0.5,16.7,28.3,39.9,28.3,2.0,24.0,20.0,1.0,0.8,0.5,-30.5,-14.3,2.0,-14.3,2.0,33.6,20.0,1.0,0.8,0.5,848.0,1861.0,2595.5,1755.0,5.0,1190.0,14.0,0.8,0.8,0.4,850.0,1860.0,2595.0,1755.0,5.0,1190.0,14.0,0.8,0.8,0.4
1974,2,347.0,53.0,8.0,8.0,8.41,8.2,3.0,0.35,22.0,1.0,0.5,0.3,10.0,10.0,10.96,10.47,3.0,0.81,22.0,1.0,0.5,0.3,6.47,6.47,6.53,6.5,3.0,0.05,22.0,1.0,0.5,0.3,79.0,86.8,86.8,83.0,3.0,6.6,22.0,1.0,0.3,4.26,4.6,5.69,4.97,3.0,1.1,22.0,1.0,0.5,0.3,0.5,1.57,1.9,1.21,3.0,1.07,22.0,1.0,0.5,0.3,3.8,4.32,5.6,4.69,3.0,1.36,22.0,1.0,0.5,0.3,991.27,1032.5,1032.84,1012.53,3.0,35.02,22.0,1.0,0.5,0.3,6.3,7.0,7.0,6.7,3.0,0.6,22.0,1.0,0.5,0.3,2.3,7.2,8.0,5.2,3.0,4.6,22.0,1.0,0.5,0.3,16.2,19.9,32.6,24.3,3.0,12.5,22.0,1.0,0.5,0.3,-2.55,-2.0,-2.0,-2.27,3.0,0.46,22.0,1.0,0.5,0.3,-14.8,-9.2,-8.5,-11.6,3.0,5.0,22.0,1.0,0.5,0.3,0.04,0.04,0.46,0.25,3.0,0.35,22.0,1.0,0.5,0.3,0.2,0.2,2.8,1.5,3.0,2.2,22.0,1.0,0.5,0.3,5.0,15.7,19.0,12.1,3.0,10.7,22.0,1.0,0.5,0.3,38.0,43.2,62.0,49.8,3.0,18.5,22.0,1.0,0.5,0.3,3.2,10.2,12.3,7.8,3.0,6.9,22.0,1.0,0.5,0.3,24.6,28.0,36.6,30.5,3.0,9.1,22.0,1.0,0.5,0.3,0.0,0.1,0.1,0.1,3.0,0.0,22.0,1.0,0.5,0.3,0.2,0.2,2.8,1.5,3.0,2.3,22.0,1.0,0.5,0.3,78.0,97.5,193.5,135.0,3.0,90.5,22.0,1.0,0.5,0.3,80.0,95.0,195.0,135.0,3.0,90.0,22.0,1.0,0.5,0.3
1974,2,347.0,54.0,9.68,9.8,9.82,9.76,7.0,0.26,16.0,0.1,0.6,0.3,6.6,8.8,9.09,8.08,8.0,1.29,16.0,0.1,0.6,0.3,4.63,4.98,6.48,5.36,7.0,0.95,16.0,0.1,0.6,0.3,72.7,78.9,85.6,79.1,7.0,6.2,16.0,0.1,0.3,2.58,2.6,6.04,4.44,7.0,3.92,16.0,0.1,0.6,0.3,-2.28,1.3,2.72,1.64,7.0,5.05,16.0,0.1,0.6,0.3,-2.35,-1.3,1.97,-0.23,7.0,3.11,16.0,0.1,0.6,0.3,968.61,994.6,1020.17,994.78,8.0,27.57,16.0,0.1,0.6,0.3,1.1,4.0,6.9,4.1,8.0,2.7,16.0,0.1,0.6,0.3,-6.4,3.4,13.0,20.9,7.0,60.2,16.0,0.1,0.6,0.3,-8.3,-3.4,5.0,-5.0,7.0,25.6,16.0,0.1,0.6,0.3,0.49,1.6,3.2,1.81,7.0,1.39,16.0,0.1,0.6,0.3,2.9,8.3,11.1,8.4,6.0,6.8,18.0,0.2,0.6,0.3,1.35,2.65,2.82,2.23,7.0,0.82,16.0,0.1,0.6,0.3,6.3,7.8,14.9,11.6,6.0,11.3,18.0,0.2,0.6,0.3,-20.5,8.6,18.7,12.1,7.0,43.7,16.0,0.1,0.6,0.3,-16.0,-8.3,18.3,0.2,7.0,26.7,16.0,0.1,0.6,0.3,-9.0,7.4,20.8,10.3,6.0,26.8,18.0,0.2,0.6,0.3,-12.1,-6.9,15.5,-0.6,6.0,18.4,18.0,0.2,0.6,0.3,-2.2,4.9,11.5,7.0,6.0,13.1,18.0,0.2,0.6,0.3,-8.2,-4.1,3.7,-2.7,6.0,7.2,18.0,0.2,0.6,0.3,17.0,17.5,279.0,344.5,7.0,797.0,16.0,0.1,0.6,0.3,15.0,20.0,280.0,345.0,7.0,795.0,16.0,0.1,0.6,0.3
1974,2,347.0,55.0,10.0,10.0,10.0,10.0,1.0,0.0,6.0,1.0,0.2,0.3,7.4,7.4,7.4,7.4,1.0,0.0,6.0,1.0,0.2,0.3,5.95,5.95,5.95,5.95,1.0,0.0,6.0,1.0,0.2,0.3,90.8,90.8,90.8,90.8,1.0,0.0,6.0,1.0,0.3,17.0,17.0,17.0,17.0,1.0,0.0,6.0,1.0,0.2,0.3,13.02,13.02,13.02,13.02,1.0,0.0,6.0,1.0,0.2,0.3,-10.93,-10.93,-10.93,-10.93,1.0,0.0,6.0,1.0,0.2,0.3,984.8,984.8,984.8,984.8,1.0,0.0,6.0,1.0,0.2,0.3,5.0,5.0,5.0,5.0,1.0,0.0,6.0,1.0,0.2,0.3,221.4,221.4,221.4,221.4,1.0,0.0,6.0,1.0,0.2,0.3,-185.8,-185.8,-185.8,-185.8,1.0,0.0,6.0,1.0,0.2,0.3,2.6,2.6,2.6,2.6,1.0,0.0,6.0,1.0,0.2,0.3,44.2,44.2,44.2,44.2,1.0,0.0,6.0,1.0,0.2,0.3,1.87,1.87,1.87,1.87,1.0,0.0,6.0,1.0,0.2,0.3,31.8,31.8,31.8,31.8,1.0,0.0,6.0,1.0,0.2,0.3,96.4,96.4,96.4,96.4,1.0,0.0,6.0,1.0,0.2,0.3,-80.9,-80.9,-80.9,-80.9,1.0,0.0,6.0,1.0,0.2,0.3,77.5,77.5,77.5,77.5,1.0,0.0,6.0,1.0,0.2,0.3,-65.0,-65.0,-65.0,-65.0,1.0,0.0,6.0,1.0,0.2,0.3,24.4,24.4,24.4,24.4,1.0,0.0,6.0,1.0,0.2,0.3,-20.4,-20.4,-20.4,-20.4,1.0,0.0,6.0,1.0,0.2,0.3,4913.0,4913.0,4913.0,4913.0,1.0,0.0,6.0,1.0,0.2,0.3,4915.0,4915.0,4915.0,4915.0,1.0,0.0,6.0,1.0,0.2,0.3
1974,2,347.0,56.0,8.61,9.05,9.49,9.05,2.0,0.92,14.0,0.0,0.8,0.5,5.8,7.4,8.95,7.38,4.0,1.82,16.0,0.3,0.7,0.5,6.0,6.44,6.88,6.44,2.0,0.91,22.0,0.0,0.8,0.6,86.3,91.9,97.4,91.9,2.0,11.5,22.0,0.0,0.6,7.9,10.65,13.76,10.83,4.0,4.12,16.0,0.3,0.7,0.5,-0.01,7.33,9.04,4.65,4.0,6.9,16.0,0.3,0.7,0.5,-1.79,3.63,11.34,4.72,4.0,8.19,16.0,0.3,0.7,0.5,1021.14,1029.6,1031.37,1026.33,3.0,8.02,20.0,0.3,0.6,0.5,8.0,8.0,8.0,8.0,2.0,0.0,20.0,0.5,0.6,0.5,-28.7,65.0,96.0,35.1,4.0,86.5,16.0,0.3,0.7,0.5,-17.9,41.0,165.1,72.1,4.0,122.4,16.0,0.3,0.7,0.5,1.1,1.75,2.4,1.75,2.0,1.34,14.0,0.0,0.8,0.5,13.6,25.6,37.6,25.6,2.0,24.9,14.0,0.0,0.8,0.5,1.52,1.52,1.52,1.52,1.0,0.0,24.0,0.0,0.6,0.3,15.2,15.2,15.2,15.2,1.0,0.0,24.0,0.0,0.6,0.3,0.5,56.7,80.9,41.4,4.0,53.0,16.0,0.3,0.7,0.5,-15.9,32.7,76.0,30.2,4.0,54.5,16.0,0.3,0.7,0.5,55.6,57.9,60.2,57.9,2.0,4.8,22.0,0.0,0.8,0.6,-8.5,15.8,40.1,15.8,2.0,50.4,22.0,0.0,0.8,0.6,14.2,14.2,14.2,14.2,1.0,0.0,24.0,0.0,0.6,0.3,-5.2,-5.2,-5.2,-5.2,1.0,0.0,24.0,0.0,0.6,0.3,589.5,1221.5,2833.0,1688.5,4.0,1683.0,16.0,0.3,0.7,0.5,590.0,1220.0,2835.0,1690.0,4.0,1685.0,16.0,0.3,0.7,0.5
1974,2,347.0,57.0,8.69,9.0,9.61,9.06,13.0,0.54,16.0,0.6,0.6,0.5,5.11,5.75,9.3,7.03,14.0,2.42,16.0,0.6,0.6,0.4,3.04,4.23,7.06,4.67,11.0,1.66,18.0,0.7,0.7,0.4,56.4,75.4,92.5,76.2,11.0,17.2,18.0,0.7,0.4,10.33,13.4,17.94,13.93,14.0,3.46,16.0,0.6,0.6,0.4,3.14,5.41,8.99,6.0,14.0,2.65,16.0,0.6,0.6,0.4,-16.9,-10.79,7.95,-5.9,14.0,11.73,16.0,0.6,0.6,0.4,1004.08,1011.15,1017.39,1011.0,14.0,8.46,16.0,0.6,0.6,0.4,6.9,7.0,8.0,7.2,13.0,0.9,18.0,0.6,0.6,0.4,48.2,70.3,114.6,79.5,14.0,31.8,16.0,0.6,0.6,0.4,-303.2,-134.9,89.1,-113.0,14.0,182.9,16.0,0.6,0.6,0.4,0.04,3.5,3.84,2.13,13.0,2.58,16.0,0.6,0.6,0.5,0.5,46.2,65.1,36.4,13.0,41.0,16.0,0.6,0.6,0.5,0.27,3.02,4.03,2.49,11.0,1.62,18.0,0.7,0.7,0.4,3.0,49.4,59.2,38.8,11.0,25.2,18.0,0.7,0.7,0.4,16.3,37.1,83.4,45.9,14.0,31.8,16.0,0.6,0.6,0.4,-90.7,-53.4,72.4,-18.2,14.0,76.2,16.0,0.6,0.6,0.4,12.7,15.1,43.3,26.4,11.0,19.3,18.0,0.7,0.7,0.4,-75.4,-43.0,51.0,-28.1,11.0,56.2,18.0,0.7,0.7,0.4,2.3,9.4,19.6,11.7,11.0,9.8,18.0,0.7,0.7,0.4,-56.0,-48.7,-0.1,-36.1,11.0,24.8,18.0,0.7,0.7,0.4,1103.5,2446.5,5774.0,3172.5,14.0,2184.5,16.0,0.6,0.6,0.4,1105.0,2445.0,5775.0,3170.0,14.0,2185.0,16.0,0.6,0.6,0.4
1974,2,347.0,58.0,8.23,8.7,8.9,8.58,4.0,0.48,10.0,0.3,0.6,0.3,5.39,6.1,8.02,6.68,4.0,1.91,10.0,0.3,0.6,0.3,3.03,3.05,4.04,3.53,3.0,0.84,14.0,0.3,0.7,0.4,53.5,55.8,67.5,60.4,3.0,11.0,14.0,0.3,0.4,7.41,9.75,11.67,9.55,4.0,2.52,10.0,0.3,0.6,0.3,-3.48,3.56,7.61,2.13,4.0,8.28,10.0,0.3,0.6,0.3,-6.48,-4.5,2.2,-2.25,4.0,6.83,10.0,0.3,0.6,0.3,982.16,983.35,999.68,990.58,4.0,15.78,10.0,0.3,0.6,0.3,2.3,3.0,5.7,4.0,3.0,2.6,14.0,0.3,0.7,0.4,-46.8,25.9,76.6,15.4,4.0,94.8,10.0,0.3,0.6,0.3,-53.9,-39.0,32.1,-12.2,4.0,70.8,10.0,0.3,0.6,0.3,0.4,2.8,3.31,1.9,4.0,2.3,10.0,0.3,0.6,0.3,0.5,24.5,28.5,14.9,4.0,22.3,10.0,0.3,0.6,0.3,3.16,3.88,4.08,3.63,3.0,0.71,14.0,0.3,0.7,0.4,29.2,31.8,31.9,30.6,3.0,2.3,14.0,0.3,0.7,0.4,-38.5,19.4,47.8,5.4,4.0,65.6,10.0,0.3,0.6,0.3,-34.5,-27.2,26.0,-5.3,4.0,52.2,10.0,0.3,0.6,0.3,10.0,13.1,36.8,23.1,3.0,21.5,14.0,0.3,0.7,0.4,-21.4,-17.4,-16.2,-18.8,3.0,4.0,14.0,0.3,0.7,0.4,13.1,18.0,26.2,19.6,3.0,9.7,14.0,0.3,0.7,0.4,-27.2,-21.4,-14.2,-20.7,3.0,9.5,14.0,0.3,0.7,0.4,420.0,997.0,1592.5,1006.0,4.0,687.0,10.0,0.3,0.6,0.3,420.0,995.0,1590.0,1005.0,4.0,685.0,10.0,0.3,0.6,0.3
1974,2,347.0,59.0,8.5,8.6,10.18,9.22,5.0,0.96,16.0,0.4,0.7,0.2,5.11,6.5,7.37,6.24,8.0,1.4,16.0,0.4,0.6,0.2,5.04,5.04,5.15,5.09,3.0,0.09,16.0,0.7,0.8,0.1,76.5,79.0,80.1,78.3,3.0,2.8,16.0,0.7,0.1,9.3,13.65,15.4,12.29,8.0,5.12,16.0,0.4,0.6,0.2,-7.43,2.95,9.16,1.18,8.0,8.37,16.0,0.4,0.6,0.2,-5.98,0.0,14.35,3.26,8.0,10.72,16.0,0.4,0.6,0.2,978.02,1004.6,1011.87,997.5,8.0,19.59,16.0,0.4,0.6,0.2,6.0,8.0,8.0,7.4,7.0,1.0,18.0,0.4,0.6,0.3,-114.4,34.7,85.2,-1.3,8.0,109.9,16.0,0.4,0.6,0.2,-72.1,0.0,220.9,65.0,8.0,174.4,16.0,0.4,0.6,0.2,0.99,1.4,3.68,2.16,5.0,1.48,16.0,0.4,0.7,0.2,11.5,21.6,61.1,33.8,5.0,29.9,16.0,0.4,0.7,0.2,1.84,1.84,2.02,1.93,3.0,0.15,16.0,0.7,0.8,0.1,12.7,28.4,28.4,20.7,3.0,13.2,16.0,0.7,0.8,0.1,-54.8,20.0,50.6,0.4,8.0,51.7,16.0,0.4,0.6,0.2,-29.2,0.0,102.3,24.8,8.0,69.4,16.0,0.4,0.6,0.2,-34.9,-26.5,0.8,-17.3,3.0,27.4,16.0,0.7,0.8,0.1,21.3,67.2,71.1,46.7,3.0,40.5,16.0,0.7,0.8,0.1,-12.8,-9.7,0.7,-6.1,3.0,10.3,16.0,0.7,0.8,0.1,7.8,24.6,26.0,17.1,3.0,14.8,16.0,0.7,0.8,0.1,804.5,2618.0,3652.5,2628.0,8.0,2223.5,16.0,0.4,0.6,0.2,805.0,2620.0,3650.0,2630.0,8.0,2225.0,16.0,0.4,0.6,0.2
1974,2,347.0,61.0,7.66,7.8,7.94,7.8,3.0,0.2,26.0,0.7,0.7,0.2,4.56,7.9,8.0,6.44,9.0,2.18,18.0,0.4,0.6,0.5,5.1,6.15,6.39,5.75,3.0,1.01,26.0,0.7,0.7,0.2,90.0,92.8,95.9,92.9,3.0,4.3,26.0,0.7,0.2,9.3,11.1,15.4,12.16,8.0,4.19,20.0,0.4,0.6,0.5,0.0,5.14,14.59,6.27,8.0,6.68,20.0,0.4,0.6,0.5,-4.13,6.13,9.48,2.99,8.0,9.32,20.0,0.4,0.6,0.5,991.45,1003.8,1013.92,1001.89,7.0,11.5,16.0,0.4,0.7,0.5,3.0,7.0,7.6,5.9,10.0,2.3,16.0,0.4,0.6,0.5,0.0,42.2,219.2,88.6,8.0,119.9,20.0,0.4,0.6,0.5,-38.4,50.3,157.5,31.7,8.0,132.8,20.0,0.4,0.6,0.5,-0.17,-0.1,2.15,0.97,3.0,1.93,26.0,0.7,0.7,0.2,-1.7,-1.3,33.2,15.4,3.0,29.4,26.0,0.7,0.7,0.2,0.22,0.39,1.41,0.8,3.0,0.94,26.0,0.7,0.7,0.2,2.3,3.6,20.9,11.4,3.0,15.2,26.0,0.7,0.7,0.2,0.0,28.4,68.5,32.3,7.0,34.5,22.0,0.4,0.6,0.5,-1.5,47.5,75.0,40.8,7.0,45.2,22.0,0.4,0.6,0.5,11.7,36.8,60.1,35.9,3.0,35.5,26.0,0.7,0.7,0.2,13.9,43.8,71.1,42.5,3.0,41.9,26.0,0.7,0.7,0.2,0.7,2.3,20.5,10.4,3.0,16.1,26.0,0.7,0.7,0.2,0.6,1.7,2.5,1.5,3.0,1.4,26.0,0.7,0.7,0.2,804.5,1475.5,3652.5,2378.0,8.0,2240.0,20.0,0.4,0.6,0.5,805.0,1475.0,3650.0,2380.0,8.0,2240.0,20.0,0.4,0.6,0.5
1974,2,347.0,62.0,7.29,8.3,9.52,8.4,4.0,1.36,20.0,0.3,0.5,0.5,1.0,3.0,8.0,4.39,15.0,3.53,16.0,0.6,0.6,0.5,2.71,2.71,2.71,2.71,1.0,0.0,10.0,1.0,0.5,0.6,62.0,62.0,62.0,62.0,1.0,0.0,10.0,1.0,0.6,7.46,11.15,17.63,11.71,16.0,4.58,16.0,0.6,0.6,0.5,-5.81,1.49,9.36,1.45,16.0,7.82,16.0,0.6,0.6,0.5,-13.65,-2.1,6.7,-2.92,16.0,9.73,16.0,0.6,0.6,0.5,989.38,1000.55,1014.95,1001.84,16.0,11.52,16.0,0.6,0.6,0.5,6.4,8.0,8.0,7.2,16.0,1.6,16.0,0.6,0.6,0.5,-79.0,8.1,91.1,13.5,16.0,112.0,16.0,0.6,0.6,0.5,-195.6,-14.7,57.1,-50.1,16.0,155.8,16.0,0.6,0.6,0.5,1.22,2.2,4.38,2.78,4.0,2.29,20.0,0.3,0.5,0.5,13.7,20.3,30.3,21.9,4.0,11.5,20.0,0.3,0.5,0.5,3.96,3.96,3.96,3.96,1.0,0.0,10.0,1.0,0.5,0.6,24.6,24.6,24.6,24.6,1.0,0.0,10.0,1.0,0.5,0.6,-6.4,11.0,72.8,24.8,14.0,37.3,16.0,0.6,0.6,0.5,-24.1,-3.8,34.3,7.6,14.0,34.0,16.0,0.6,0.6,0.5,-10.8,-10.8,-10.8,-10.8,1.0,0.0,10.0,1.0,0.5,0.6,-12.9,-12.9,-12.9,-12.9,1.0,0.0,10.0,1.0,0.5,0.6,-15.8,-15.8,-15.8,-15.8,1.0,0.0,10.0,1.0,0.5,0.6,-18.8,-18.8,-18.8,-18.8,1.0,0.0,10.0,1.0,0.5,0.6,437.0,1430.5,5639.0,2325.5,16.0,2437.0,16.0,0.6,0.6,0.5,435.0,1430.0,5640.0,2325.0,16.0,2435.0,16.0,0.6,0.6,0.5
1974,2,347.0,63.0,6.74,7.15,8.5,7.43,18.0,0.95,10.0,0.5,0.5,0.7,1.34,5.55,7.98,5.06,20.0,2.82,12.0,0.5,0.4,0.6,3.55,5.18,5.8,4.92,10.0,1.06,14.0,0.5,0.4,0.7,82.2,88.0,93.7,87.9,10.0,5.9,14.0,0.5,0.7,7.03,11.3,20.6,13.1,22.0,6.28,12.0,0.5,0.5,0.6,-9.11,-1.15,5.21,-2.29,22.0,8.46,12.0,0.5,0.5,0.6,-10.3,-4.22,13.69,-0.27,22.0,11.92,12.0,0.5,0.5,0.6,990.23,998.75,1011.5,998.86,22.0,10.97,12.0,0.5,0.4,0.6,8.0,8.0,8.0,7.6,21.0,1.0,10.0,0.5,0.5,0.7,-131.6,-7.7,72.7,-52.1,22.0,164.5,12.0,0.5,0.5,0.6,-184.4,-25.4,201.0,2.7,22.0,218.8,12.0,0.5,0.5,0.6,-0.15,3.6,5.98,2.7,18.0,3.22,10.0,0.5,0.5,0.7,-3.2,16.1,132.8,40.7,17.0,67.0,10.0,0.5,0.5,0.7,0.57,1.01,2.85,1.39,10.0,1.1,14.0,0.5,0.4,0.7,5.9,13.5,60.9,28.2,9.0,26.5,14.0,0.4,0.4,0.7,-28.0,0.0,41.0,4.5,19.0,42.7,12.0,0.5,0.4,0.6,-27.4,0.0,112.6,29.8,19.0,64.9,12.0,0.5,0.4,0.6,-54.3,-39.3,14.7,-25.9,9.0,35.7,14.0,0.4,0.4,0.7,-45.2,9.1,100.5,22.1,9.0,70.2,14.0,0.4,0.4,0.7,-38.7,-4.6,-0.8,-14.7,9.0,20.8,14.0,0.4,0.4,0.7,-39.4,0.6,12.1,-9.4,9.0,28.7,14.0,0.4,0.4,0.7,352.5,1477.0,8742.0,3795.5,22.0,4283.5,12.0,0.5,0.5,0.6,355.0,1475.0,8740.0,3795.0,22.0,4285.0,12.0,0.5,0.5,0.6
1974,2,347.0,64.0,5.87,6.5,7.4,6.37,43.0,1.16,12.0,0.4,0.3,0.3,-1.0,3.0,6.0,2.56,121.0,3.21,14.0,0.5,0.6,0.5,3.07,4.37,5.51,4.32,33.0,1.09,14.0,0.5,0.3,0.3,69.1,82.4,89.4,80.5,33.0,9.3,14.0,0.5,0.3,6.7,12.3,19.0,12.45,120.0,5.94,14.0,0.5,0.6,0.5,-7.75,0.0,6.5,-0.45,120.0,7.09,14.0,0.5,0.6,0.5,-14.47,-6.06,9.55,-3.24,120.0,11.43,14.0,0.5,0.6,0.5,978.18,999.0,1007.56,994.59,125.0,13.53,14.0,0.5,0.6,0.5,5.0,8.0,8.0,6.7,112.0,1.8,14.0,0.5,0.6,0.5,-97.2,0.0,67.3,-2.0,120.0,125.6,14.0,0.5,0.6,0.5,-222.9,-44.9,131.8,-33.1,120.0,213.6,14.0,0.5,0.6,0.5,-0.33,1.8,6.53,2.49,43.0,3.0,12.0,0.4,0.3,0.3,-3.1,23.8,89.0,34.4,41.0,51.9,12.0,0.4,0.3,0.3,0.55,1.94,3.18,1.83,33.0,1.15,14.0,0.5,0.3,0.3,10.1,21.7,57.1,27.8,32.0,21.7,14.0,0.5,0.3,0.3,-29.8,0.0,35.1,1.9,116.0,36.7,14.0,0.5,0.6,0.5,-26.0,3.7,56.8,19.1,116.0,49.4,14.0,0.5,0.6,0.5,-43.1,0.0,36.2,-2.2,32.0,40.1,14.0,0.5,0.3,0.3,-45.0,-8.8,104.8,16.4,32.0,66.1,14.0,0.5,0.3,0.3,-17.8,0.0,5.5,-3.6,32.0,12.9,14.0,0.5,0.3,0.3,-56.0,-4.7,13.4,-11.8,32.0,30.8,14.0,0.5,0.3,0.3,301.0,1861.0,6859.0,3280.5,120.0,4061.0,14.0,0.5,0.6,0.5,300.0,1860.0,6860.0,3280.0,120.0,4060.0,14.0,0.5,0.6,0.5
1974,2,347.0,65.0,,,,,,,,,,,,,,,,,,,,,,,,,,,,,,,,,,,,,,,,5.76,9.3,15.2,9.97,14.0,5.1,16.0,0.4,0.7,0.4,-6.36,-0.23,2.0,-1.5,14.0,4.66,16.0,0.4,0.7,0.4,-6.6,1.02,11.94,1.62,14.0,10.3,16.0,0.4,0.7,0.4,995.77,1006.1,1010.24,1003.54,11.0,9.19,20.0,0.5,0.8,0.4,,,,,,,,,,,,,,,,,,,,,,,,,,,,,,,,,,,,,,,,,,,,,,,,,,,,,,,,,,,,,,,,,,,,,,,,,,,,,,,,,,,,,,,,,,,,,,,,,,,,,,,,,,,,,,,,,,,,,,,,,,,,,,,,,,,,,,,,,,,,,,,,,,,,,,
1974,2,347.0,66.0,,,,,,,,,,,,,,,,,,,,,,,,,,,,,,,,,,,,,,,,9.3,9.3,15.92,12.53,3.0,5.6,14.0,0.3,0.9,0.5,-9.42,1.61,1.61,-3.77,3.0,9.34,14.0,0.3,0.9,0.5,-11.24,-9.16,-9.16,-10.18,3.0,1.76,14.0,0.3,0.9,0.5,1012.49,1012.9,1013.31,1012.9,2.0,0.85,16.0,0.0,0.8,0.4,,,,,,,,,,,,,,,,,,,,,,,,,,,,,,,,,,,,,,,,,,,,,,,,,,,,,,,,,,,,,,,,,,,,,,,,,,,,,,,,,,,,,,,,,,,,,,,,,,,,,,,,,,,,,,,,,,,,,,,,,,,,,,,,,,,,,,,,,,,,,,,,,,,,,,
1974,2,347.0,67.0,,,,,,,,,,,,,,,,,,,,,,,,,,,,,,,,,,,,,,,,8.2,8.2,8.2,8.2,1.0,0.0,18.0,0.0,0.1,0.7,-5.27,-5.27,-5.27,-5.27,1.0,0.0,18.0,0.0,0.1,0.7,6.28,6.28,6.28,6.28,1.0,0.0,18.0,0.0,0.1,0.7,1012.3,1012.3,1012.3,1012.3,1.0,0.0,18.0,0.0,0.1,0.7,,,,,,,,,,,,,,,,,,,,,,,,,,,,,,,,,,,,,,,,,,,,,,,,,,,,,,,,,,,,,,,,,,,,,,,,,,,,,,,,,,,,,,,,,,,,,,,,,,,,,,,,,,,,,,,,,,,,,,,,,,,,,,,,,,,,,,,,,,,,,,,,,,,,,,
1974,2,347.0,68.0,,,,,,,,,,,,,,,,,,,,,,,,,,,,,,,,,,,,,,,,12.3,12.3,16.19,14.2,3.0,3.29,18.0,0.7,0.5,0.2,-10.41,-7.91,-7.91,-9.13,3.0,2.12,18.0,0.7,0.5,0.2,9.42,9.42,12.4,10.88,3.0,2.52,18.0,0.7,0.5,0.2,1006.35,1011.4,1011.67,1009.07,3.0,4.39,18.0,0.7,0.5,0.2,,,,,,,,,,,,,,,,,,,,,,,,,,,,,,,,,,,,,,,,,,,,,,,,,,,,,,,,,,,,,,,,,,,,,,,,,,,,,,,,,,,,,,,,,,,,,,,,,,,,,,,,,,,,,,,,,,,,,,,,,,,,,,,,,,,,,,,,,,,,,,,,,,,,,,
1974,2,347.0,72.0,,,,,,,,,,,,,,,,,,,,,,,,,,,,,,,,,,,,,,,,9.0,9.0,9.0,9.0,1.0,0.0,8.0,1.0,1.0,0.6,-6.89,-6.89,-6.89,-6.89,1.0,0.0,8.0,1.0,1.0,0.6,-5.79,-5.79,-5.79,-5.79,1.0,0.0,8.0,1.0,1.0,0.6,1018.4,1018.4,1018.4,1018.4,1.0,0.0,8.0,1.0,1.0,0.6,,,,,,,,,,,,,,,,,,,,,,,,,,,,,,,,,,,,,,,,,,,,,,,,,,,,,,,,,,,,,,,,,,,,,,,,,,,,,,,,,,,,,,,,,,,,,,,,,,,,,,,,,,,,,,,,,,,,,,,,,,,,,,,,,,,,,,,,,,,,,,,,,,,,,,
1974,2,347.0,74.0,,,,,,,,,,,,,,,,,,,,,,,,,,,,,,,,,,,,,,,,4.92,6.2,8.43,6.88,5.0,3.11,28.0,0.2,0.6,0.4,2.01,2.96,5.41,3.82,5.0,3.23,28.0,0.2,0.6,0.4,-6.76,-5.37,-4.09,-5.46,5.0,1.68,28.0,0.2,0.6,0.4,999.56,1007.0,1009.05,1004.37,3.0,7.31,28.0,0.0,0.5,0.3,,,,,,,,,,,,,,,,,,,,,,,,,,,,,,,,,,,,,,,,,,,,,,,,,,,,,,,,,,,,,,,,,,,,,,,,,,,,,,,,,,,,,,,,,,,,,,,,,,,,,,,,,,,,,,,,,,,,,,,,,,,,,,,,,,,,,,,,,,,,,,,,,,,,,,
1974,2,348.0,-39.0,,,,,,,,,,,,,,,,,,,,,,,,,,,,,,,,,,,,,,,,1.0,1.0,1.0,1.0,2.0,0.0,4.0,0.0,0.5,0.4,0.99,0.99,1.0,0.99,2.0,0.01,4.0,0.0,0.5,0.4,-0.15,-0.09,-0.03,-0.09,2.0,0.12,4.0,0.0,0.5,0.4,1020.16,1020.5,1020.84,1020.5,2.0,0.71,4.0,0.0,0.5,0.4,7.0,7.0,7.0,7.0,2.0,0.0,4.0,0.0,0.5,0.4,1.0,1.0,1.0,1.0,2.0,0.0,4.0,0.0,0.5,0.4,-0.1,-0.1,0.0,-0.1,2.0,0.1,4.0,0.0,0.5,0.4,,,,,,,,,,,,,,,,,,,,,,,,,,,,,,,,,,,,,,,,,14.0,14.4,14.8,14.4,2.0,0.9,4.0,0.0,0.5,0.4,-2.0,-1.2,-0.4,-1.2,2.0,1.7,4.0,0.0,0.5,0.4,7.8,8.0,8.3,8.0,2.0,0.5,4.0,0.0,0.5,0.4,-1.1,-0.7,-0.2,-0.7,2.0,1.0,4.0,0.0,0.5,0.4,,,,,,,,,,,,,,,,,,,,,,,,,,,,,,,,,,,,,,,,
1974,2,348.0,-38.0,19.8,19.8,19.8,19.8,1.0,0.0,6.0,0.0,0.5,1.0,19.4,19.4,19.4,19.4,1.0,0.0,6.0,0.0,0.5,1.0,12.03,12.03,12.03,12.03,1.0,0.0,6.0,0.0,0.5,1.0,87.1,87.1,87.1,87.1,1.0,0.0,6.0,0.0,1.0,2.1,2.1,2.1,2.1,1.0,0.0,6.0,0.0,0.5,1.0,-1.97,-1.97,-1.97,-1.97,1.0,0.0,6.0,0.0,0.5,1.0,0.72,0.72,0.72,0.72,1.0,0.0,6.0,0.0,0.5,1.0,1026.0,1026.0,1026.0,1026.0,1.0,0.0,6.0,0.0,0.5,1.0,3.0,3.0,3.0,3.0,1.0,0.0,6.0,0.0,0.5,1.0,-4.1,-4.1,-4.1,-4.1,1.0,0.0,6.0,0.0,0.5,1.0,1.5,1.5,1.5,1.5,1.0,0.0,6.0,0.0,0.5,1.0,0.4,0.4,0.4,0.4,1.0,0.0,6.0,0.0,0.5,1.0,0.8,0.8,0.8,0.8,1.0,0.0,6.0,0.0,0.5,1.0,2.15,2.15,2.15,2.15,1.0,0.0,6.0,0.0,0.5,1.0,4.5,4.5,4.5,4.5,1.0,0.0,6.0,0.0,0.5,1.0,-38.3,-38.3,-38.3,-38.3,1.0,0.0,6.0,0.0,0.5,1.0,13.9,13.9,13.9,13.9,1.0,0.0,6.0,0.0,0.5,1.0,-23.7,-23.7,-23.7,-23.7,1.0,0.0,6.0,0.0,0.5,1.0,8.6,8.6,8.6,8.6,1.0,0.0,6.0,0.0,0.5,1.0,-4.2,-4.2,-4.2,-4.2,1.0,0.0,6.0,0.0,0.5,1.0,1.5,1.5,1.5,1.5,1.0,0.0,6.0,0.0,0.5,1.0,9.5,9.5,9.5,9.5,1.0,0.0,6.0,0.0,0.5,1.0,10.0,10.0,10.0,10.0,1.0,0.0,6.0,0.0,0.5,1.0
1974,2,348.0,-35.0,21.9,21.9,21.9,21.9,1.0,0.0,18.0,1.0,0.1,0.4,20.9,20.9,20.9,20.9,1.0,0.0,18.0,1.0,0.1,0.4,13.29,13.29,13.29,13.29,1.0,0.0,18.0,1.0,0.1,0.4,86.2,86.2,86.2,86.2,1.0,0.0,18.0,1.0,0.4,4.6,4.6,4.6,4.6,1.0,0.0,18.0,1.0,0.1,0.4,3.98,3.98,3.98,3.98,1.0,0.0,18.0,1.0,0.1,0.4,-2.3,-2.3,-2.3,-2.3,1.0,0.0,18.0,1.0,0.1,0.4,1008.9,1008.9,1008.9,1008.9,1.0,0.0,18.0,1.0,0.1,0.4,8.0,8.0,8.0,8.0,1.0,0.0,18.0,1.0,0.1,0.4,18.3,18.3,18.3,18.3,1.0,0.0,18.0,1.0,0.1,0.4,-10.6,-10.6,-10.6,-10.6,1.0,0.0,18.0,1.0,0.1,0.4,1.0,1.0,1.0,1.0,1.0,0.0,18.0,1.0,0.1,0.4,4.6,4.6,4.6,4.6,1.0,0.0,18.0,1.0,0.1,0.4,3.14,3.14,3.14,3.14,1.0,0.0,18.0,1.0,0.1,0.4,14.5,14.5,14.5,14.5,1.0,0.0,18.0,1.0,0.1,0.4,83.3,83.3,83.3,83.3,1.0,0.0,18.0,1.0,0.1,0.4,-48.1,-48.1,-48.1,-48.1,1.0,0.0,18.0,1.0,0.1,0.4,52.9,52.9,52.9,52.9,1.0,0.0,18.0,1.0,0.1,0.4,-30.6,-30.6,-30.6,-30.6,1.0,0.0,18.0,1.0,0.1,0.4,12.5,12.5,12.5,12.5,1.0,0.0,18.0,1.0,0.1,0.4,-7.2,-7.2,-7.2,-7.2,1.0,0.0,18.0,1.0,0.1,0.4,97.5,97.5,97.5,97.5,1.0,0.0,18.0,1.0,0.1,0.4,95.0,95.0,95.0,95.0,1.0,0.0,18.0,1.0,0.1,0.4
1974,2,348.0,-31.0,23.4,23.4,23.4,23.4,1.0,0.0,16.0,1.0,0.7,0.4,24.2,24.2,24.2,24.2,1.0,0.0,16.0,1.0,0.7,0.4,17.72,17.72,17.72,17.72,1.0,0.0,16.0,1.0,0.7,0.4,94.7,94.7,94.7,94.7,1.0,0.0,16.0,1.0,0.4,0.0,0.0,0.0,0.0,1.0,0.0,16.0,1.0,0.7,0.4,0.0,0.0,0.0,0.0,1.0,0.0,16.0,1.0,0.7,0.4,0.0,0.0,0.0,0.0,1.0,0.0,16.0,1.0,0.7,0.4,1019.6,1019.6,1019.6,1019.6,1.0,0.0,16.0,1.0,0.7,0.4,2.0,2.0,2.0,2.0,1.0,0.0,16.0,1.0,0.7,0.4,0.0,0.0,0.0,0.0,1.0,0.0,16.0,1.0,0.7,0.4,0.0,0.0,0.0,0.0,1.0,0.0,16.0,1.0,0.7,0.4,-0.8,-0.8,-0.8,-0.8,1.0,0.0,16.0,1.0,0.7,0.4,0.0,0.0,0.0,0.0,1.0,0.0,16.0,1.0,0.7,0.4,0.11,0.11,0.11,0.11,1.0,0.0,16.0,1.0,0.7,0.4,0.0,0.0,0.0,0.0,1.0,0.0,16.0,1.0,0.7,0.4,0.0,0.0,0.0,0.0,1.0,0.0,16.0,1.0,0.7,0.4,0.0,0.0,0.0,0.0,1.0,0.0,16.0,1.0,0.7,0.4,0.0,0.0,0.0,0.0,1.0,0.0,16.0,1.0,0.7,0.4,0.0,0.0,0.0,0.0,1.0,0.0,16.0,1.0,0.7,0.4,0.0,0.0,0.0,0.0,1.0,0.0,16.0,1.0,0.7,0.4,0.0,0.0,0.0,0.0,1.0,0.0,16.0,1.0,0.7,0.4,0.0,0.0,0.0,0.0,1.0,0.0,16.0,1.0,0.7,0.4,0.0,0.0,0.0,0.0,1.0,0.0,16.0,1.0,0.7,0.4
1974,2,348.0,-30.0,23.4,23.4,23.4,23.4,1.0,0.0,22.0,1.0,0.6,0.2,23.4,23.4,23.4,23.4,1.0,0.0,22.0,1.0,0.6,0.2,12.38,12.38,12.38,12.38,1.0,0.0,22.0,1.0,0.6,0.2,69.5,69.5,69.5,69.5,1.0,0.0,22.0,1.0,0.2,6.7,6.7,6.7,6.7,1.0,0.0,22.0,1.0,0.6,0.2,-6.3,-6.3,-6.3,-6.3,1.0,0.0,22.0,1.0,0.6,0.2,-2.29,-2.29,-2.29,-2.29,1.0,0.0,22.0,1.0,0.6,0.2,1016.5,1016.5,1016.5,1016.5,1.0,0.0,22.0,1.0,0.6,0.2,3.0,3.0,3.0,3.0,1.0,0.0,22.0,1.0,0.6,0.2,-42.2,-42.2,-42.2,-42.2,1.0,0.0,22.0,1.0,0.6,0.2,-15.4,-15.4,-15.4,-15.4,1.0,0.0,22.0,1.0,0.6,0.2,0.0,0.0,0.0,0.0,1.0,0.0,22.0,1.0,0.6,0.2,0.0,0.0,0.0,0.0,1.0,0.0,22.0,1.0,0.6,0.2,5.5,5.5,5.5,5.5,1.0,0.0,22.0,1.0,0.6,0.2,36.9,36.9,36.9,36.9,1.0,0.0,22.0,1.0,0.6,0.2,-147.3,-147.3,-147.3,-147.3,1.0,0.0,22.0,1.0,0.6,0.2,-53.6,-53.6,-53.6,-53.6,1.0,0.0,22.0,1.0,0.6,0.2,-77.9,-77.9,-77.9,-77.9,1.0,0.0,22.0,1.0,0.6,0.2,-28.4,-28.4,-28.4,-28.4,1.0,0.0,22.0,1.0,0.6,0.2,-34.6,-34.6,-34.6,-34.6,1.0,0.0,22.0,1.0,0.6,0.2,-12.6,-12.6,-12.6,-12.6,1.0,0.0,22.0,1.0,0.6,0.2,301.0,301.0,301.0,301.0,1.0,0.0,22.0,1.0,0.6,0.2,300.0,300.0,300.0,300.0,1.0,0.0,22.0,1.0,0.6,0.2
1974,2,348.0,-29.0,24.4,24.4,24.4,24.4,1.0,0.0,18.0,1.0,0.3,1.0,24.0,24.0,24.0,24.0,1.0,0.0,18.0,1.0,0.3,1.0,13.59,13.59,13.59,13.59,1.0,0.0,18.0,1.0,0.3,1.0,73.6,73.6,73.6,73.6,1.0,0.0,18.0,1.0,1.0,3.1,3.1,3.1,3.1,1.0,0.0,18.0,1.0,0.3,1.0,-1.55,-1.55,-1.55,-1.55,1.0,0.0,18.0,1.0,0.3,1.0,-2.68,-2.68,-2.68,-2.68,1.0,0.0,18.0,1.0,0.3,1.0,1017.9,1017.9,1017.9,1017.9,1.0,0.0,18.0,1.0,0.3,1.0,1.0,1.0,1.0,1.0,1.0,0.0,18.0,1.0,0.3,1.0,-4.8,-4.8,-4.8,-4.8,1.0,0.0,18.0,1.0,0.3,1.0,-8.3,-8.3,-8.3,-8.3,1.0,0.0,18.0,1.0,0.3,1.0,0.4,0.4,0.4,0.4,1.0,0.0,18.0,1.0,0.3,1.0,1.2,1.2,1.2,1.2,1.0,0.0,18.0,1.0,0.3,1.0,5.39,5.39,5.39,5.39,1.0,0.0,18.0,1.0,0.3,1.0,16.7,16.7,16.7,16.7,1.0,0.0,18.0,1.0,0.3,1.0,-37.2,-37.2,-37.2,-37.2,1.0,0.0,18.0,1.0,0.3,1.0,-64.4,-64.4,-64.4,-64.4,1.0,0.0,18.0,1.0,0.3,1.0,-21.1,-21.1,-21.1,-21.1,1.0,0.0,18.0,1.0,0.3,1.0,-36.5,-36.5,-36.5,-36.5,1.0,0.0,18.0,1.0,0.3,1.0,-8.3,-8.3,-8.3,-8.3,1.0,0.0,18.0,1.0,0.3,1.0,-14.5,-14.5,-14.5,-14.5,1.0,0.0,18.0,1.0,0.3,1.0,30.0,30.0,30.0,30.0,1.0,0.0,18.0,1.0,0.3,1.0,30.0,30.0,30.0,30.0,1.0,0.0,18.0,1.0,0.3,1.0
1974,2,348.0,-23.0,23.8,23.8,23.8,23.8,2.0,0.0,14.0,0.0,1.0,0.6,22.42,22.9,23.38,22.9,2.0,0.99,14.0,0.0,1.0,0.6,13.2,13.71,14.23,13.71,2.0,1.07,14.0,0.0,1.0,0.6,78.4,79.2,79.9,79.2,2.0,1.5,14.0,0.0,0.6,4.25,5.65,7.05,5.65,2.0,2.9,14.0,0.0,1.0,0.6,-6.58,-5.18,-3.77,-5.18,2.0,2.91,14.0,0.0,1.0,0.6,1.93,2.22,2.5,2.22,2.0,0.59,14.0,0.0,1.0,0.6,1015.69,1016.75,1017.81,1016.75,2.0,2.19,14.0,0.0,1.0,0.6,3.2,3.5,3.8,3.5,2.0,0.7,14.0,0.0,1.0,0.6,-48.7,-33.5,-18.3,-33.5,2.0,31.5,14.0,0.0,1.0,0.6,8.7,13.4,18.1,13.4,2.0,9.8,14.0,0.0,1.0,0.6,0.42,0.9,1.38,0.9,2.0,0.99,14.0,0.0,1.0,0.6,2.2,3.7,5.1,3.7,2.0,3.0,14.0,0.0,1.0,0.6,4.07,4.61,5.14,4.61,2.0,1.11,14.0,0.0,1.0,0.6,21.0,24.4,27.8,24.4,2.0,7.1,14.0,0.0,1.0,0.6,-154.6,-120.0,-85.3,-120.0,2.0,71.8,14.0,0.0,1.0,0.6,43.5,51.1,58.6,51.1,2.0,15.7,14.0,0.0,1.0,0.6,-94.5,-72.5,-50.6,-72.5,2.0,45.5,14.0,0.0,1.0,0.6,25.7,30.7,35.8,30.7,2.0,10.4,14.0,0.0,1.0,0.6,-25.9,-22.2,-18.5,-22.2,2.0,7.7,14.0,0.0,1.0,0.6,9.8,9.9,10.0,9.9,2.0,0.3,14.0,0.0,1.0,0.6,111.5,251.5,391.5,251.5,2.0,290.0,14.0,0.0,1.0,0.6,110.0,250.0,390.0,250.0,2.0,290.0,14.0,0.0,1.0,0.6
1974,2,348.0,-22.0,24.5,24.5,24.5,24.5,1.0,0.0,18.0,0.0,0.4,0.4,23.9,23.9,23.9,23.9,1.0,0.0,18.0,0.0,0.4,0.4,15.82,15.82,15.82,15.82,1.0,0.0,18.0,0.0,0.4,0.4,85.9,85.9,85.9,85.9,1.0,0.0,18.0,0.0,0.4,5.7,5.7,5.7,5.7,1.0,0.0,18.0,0.0,0.4,0.4,-5.7,-5.7,-5.7,-5.7,1.0,0.0,18.0,0.0,0.4,0.4,0.0,0.0,0.0,0.0,1.0,0.0,18.0,0.0,0.4,0.4,1015.9,1015.9,1015.9,1015.9,1.0,0.0,18.0,0.0,0.4,0.4,7.0,7.0,7.0,7.0,1.0,0.0,18.0,0.0,0.4,0.4,-32.5,-32.5,-32.5,-32.5,1.0,0.0,18.0,0.0,0.4,0.4,0.0,0.0,0.0,0.0,1.0,0.0,18.0,0.0,0.4,0.4,0.6,0.6,0.6,0.6,1.0,0.0,18.0,0.0,0.4,0.4,3.4,3.4,3.4,3.4,1.0,0.0,18.0,0.0,0.4,0.4,3.31,3.31,3.31,3.31,1.0,0.0,18.0,0.0,0.4,0.4,18.9,18.9,18.9,18.9,1.0,0.0,18.0,0.0,0.4,0.4,-136.2,-136.2,-136.2,-136.2,1.0,0.0,18.0,0.0,0.4,0.4,0.0,0.0,0.0,0.0,1.0,0.0,18.0,0.0,0.4,0.4,-90.2,-90.2,-90.2,-90.2,1.0,0.0,18.0,0.0,0.4,0.4,0.0,0.0,0.0,0.0,1.0,0.0,18.0,0.0,0.4,0.4,-18.9,-18.9,-18.9,-18.9,1.0,0.0,18.0,0.0,0.4,0.4,0.0,0.0,0.0,0.0,1.0,0.0,18.0,0.0,0.4,0.4,185.0,185.0,185.0,185.0,1.0,0.0,18.0,0.0,0.4,0.4,185.0,185.0,185.0,185.0,1.0,0.0,18.0,0.0,0.4,0.4
1974,2,348.0,-20.0,21.0,21.0,21.57,21.22,10.0,0.47,6.0,0.6,0.2,0.3,21.0,23.0,24.73,23.07,6.0,1.95,8.0,1.0,0.2,0.3,14.11,14.11,14.11,14.11,1.0,0.0,14.0,1.0,0.5,0.4,74.6,74.6,74.6,74.6,1.0,0.0,14.0,1.0,0.4,0.0,2.0,4.8,2.32,30.0,2.67,6.0,0.4,0.2,0.3,-1.64,-0.68,0.0,-0.9,30.0,1.27,6.0,0.4,0.2,0.3,0.0,1.88,4.23,2.11,30.0,2.39,6.0,0.4,0.2,0.3,1011.44,1014.2,1014.2,1013.06,32.0,1.68,6.0,0.5,0.2,0.3,0.0,2.0,5.0,2.7,32.0,2.1,6.0,0.5,0.2,0.3,-8.2,-1.4,0.0,-5.0,30.0,9.7,6.0,0.4,0.2,0.3,0.0,3.8,22.5,11.0,30.0,17.1,6.0,0.4,0.2,0.3,-4.11,-2.2,-2.06,-3.07,3.0,1.68,6.0,1.0,0.3,0.3,-11.6,0.0,0.0,-5.6,3.0,9.8,6.0,1.0,0.3,0.3,2.47,2.47,2.47,2.47,1.0,0.0,14.0,1.0,0.5,0.4,19.1,19.1,19.1,19.1,1.0,0.0,14.0,1.0,0.5,0.4,-29.7,0.0,0.0,-24.0,6.0,58.8,8.0,1.0,0.2,0.3,0.0,0.0,24.9,20.1,6.0,49.3,8.0,1.0,0.2,0.3,-83.3,-83.3,-83.3,-83.3,1.0,0.0,14.0,1.0,0.5,0.4,69.9,69.9,69.9,69.9,1.0,0.0,14.0,1.0,0.5,0.4,-14.6,-14.6,-14.6,-14.6,1.0,0.0,14.0,1.0,0.5,0.4,12.2,12.2,12.2,12.2,1.0,0.0,14.0,1.0,0.5,0.4,0.0,8.0,124.5,76.0,30.0,152.0,6.0,0.4,0.2,0.3,0.0,10.0,125.0,75.0,30.0,150.0,6.0,0.4,0.2,0.3
1974,2,348.0,-19.0,23.76,24.1,24.3,24.03,3.0,0.4,12.0,0.3,0.4,0.2,22.52,23.2,24.97,23.73,3.0,1.86,12.0,0.3,0.4,0.2,12.79,13.13,13.47,13.13,2.0,0.7,14.0,0.0,0.5,0.2,64.6,71.6,78.8,71.7,3.0,10.4,12.0,0.3,0.2,5.11,6.2,6.2,5.67,3.0,0.92,12.0,0.3,0.4,0.2,-6.17,-6.11,-5.08,-5.64,3.0,0.9,12.0,0.3,0.4,0.2,0.0,0.0,0.73,0.36,3.0,0.62,12.0,0.3,0.4,0.2,1014.96,1015.1,1015.24,1015.1,2.0,0.28,14.0,0.0,0.5,0.2,2.3,3.0,3.0,2.7,3.0,0.6,12.0,0.3,0.4,0.2,-38.3,-37.9,-26.5,-32.5,3.0,9.8,12.0,0.3,0.4,0.2,0.0,0.0,4.6,2.2,3.0,3.9,12.0,0.3,0.4,0.2,-1.22,0.9,1.79,0.3,3.0,2.26,12.0,0.3,0.4,0.2,-8.0,4.1,10.6,1.4,3.0,13.8,12.0,0.3,0.4,0.2,5.5,5.73,5.95,5.73,2.0,0.46,14.0,0.0,0.5,0.2,28.7,30.7,32.6,30.7,2.0,4.0,14.0,0.0,0.5,0.2,-151.2,-137.6,-116.5,-134.0,3.0,25.6,12.0,0.3,0.4,0.2,0.0,0.0,19.0,9.3,3.0,16.0,12.0,0.3,0.4,0.2,-80.3,-71.3,-62.3,-71.3,2.0,18.6,14.0,0.0,0.5,0.2,0.0,0.0,0.0,0.0,2.0,0.0,14.0,0.0,0.5,0.2,-32.6,-30.7,-28.7,-30.7,2.0,4.0,14.0,0.0,0.5,0.2,0.0,0.0,0.0,0.0,2.0,0.0,14.0,0.0,0.5,0.2,142.0,238.5,238.5,191.5,3.0,81.5,12.0,0.3,0.4,0.2,140.0,240.0,240.0,190.0,3.0,80.0,12.0,0.3,0.4,0.2
1974,2,348.0,-18.0,23.55,24.35,25.0,24.13,6.0,1.05,14.0,0.7,0.7,0.7,24.09,25.0,26.16,25.2,6.0,1.8,14.0,0.7,0.7,0.7,13.56,15.0,15.7,14.72,6.0,1.26,14.0,0.7,0.7,0.7,66.9,71.8,83.9,74.1,6.0,8.6,14.0,0.7,0.7,4.6,6.95,8.63,6.93,6.0,2.23,14.0,0.7,0.7,0.7,-8.21,-6.3,-3.27,-6.05,6.0,2.89,14.0,0.7,0.7,0.7,2.46,2.88,3.28,2.88,6.0,0.71,14.0,0.7,0.7,0.7,1013.01,1014.05,1015.41,1014.4,6.0,2.22,14.0,0.7,0.7,0.7,2.0,5.0,6.0,4.3,6.0,2.0,14.0,0.7,0.7,0.7,-71.7,-44.5,-15.0,-47.2,6.0,34.9,14.0,0.7,0.7,0.7,17.3,18.8,20.8,18.8,6.0,3.1,14.0,0.7,0.7,0.7,-3.32,-0.7,0.64,-1.07,6.0,1.92,14.0,0.7,0.7,0.7,-19.3,-3.6,5.1,-7.3,6.0,16.0,14.0,0.7,0.7,0.7,3.47,3.95,4.49,4.05,6.0,0.91,14.0,0.7,0.7,0.7,18.5,29.0,34.5,27.3,6.0,7.6,14.0,0.7,0.7,0.7,-194.3,-153.7,-84.7,-149.9,6.0,70.2,14.0,0.7,0.7,0.7,60.4,70.0,83.3,73.1,6.0,22.3,14.0,0.7,0.7,0.7,-121.5,-90.4,-50.6,-87.9,6.0,40.7,14.0,0.7,0.7,0.7,36.6,41.6,49.1,42.6,6.0,12.0,14.0,0.7,0.7,0.7,-30.8,-27.9,-12.6,-23.6,6.0,9.7,14.0,0.7,0.7,0.7,8.6,11.5,16.5,11.9,6.0,4.5,14.0,0.7,0.7,0.7,97.5,347.5,663.0,422.5,6.0,377.5,14.0,0.7,0.7,0.7,95.0,345.0,665.0,420.0,6.0,375.0,14.0,0.7,0.7,0.7
1974,2,348.0,-17.0,25.2,25.2,25.2,25.2,1.0,0.0,16.0,1.0,0.1,1.0,26.2,26.2,26.2,26.2,1.0,0.0,16.0,1.0,0.1,1.0,15.93,15.93,15.93,15.93,1.0,0.0,16.0,1.0,0.1,1.0,75.4,75.4,75.4,75.4,1.0,0.0,16.0,1.0,1.0,8.2,8.2,8.2,8.2,1.0,0.0,16.0,1.0,0.1,1.0,-5.27,-5.27,-5.27,-5.27,1.0,0.0,16.0,1.0,0.1,1.0,6.28,6.28,6.28,6.28,1.0,0.0,16.0,1.0,0.1,1.0,1015.3,1015.3,1015.3,1015.3,1.0,0.0,16.0,1.0,0.1,1.0,7.0,7.0,7.0,7.0,1.0,0.0,16.0,1.0,0.1,1.0,-43.2,-43.2,-43.2,-43.2,1.0,0.0,16.0,1.0,0.1,1.0,51.5,51.5,51.5,51.5,1.0,0.0,16.0,1.0,0.1,1.0,-1.0,-1.0,-1.0,-1.0,1.0,0.0,16.0,1.0,0.1,1.0,-8.2,-8.2,-8.2,-8.2,1.0,0.0,16.0,1.0,0.1,1.0,4.04,4.04,4.04,4.04,1.0,0.0,16.0,1.0,0.1,1.0,33.1,33.1,33.1,33.1,1.0,0.0,16.0,1.0,0.1,1.0,-138.1,-138.1,-138.1,-138.1,1.0,0.0,16.0,1.0,0.1,1.0,164.6,164.6,164.6,164.6,1.0,0.0,16.0,1.0,0.1,1.0,-84.0,-84.0,-84.0,-84.0,1.0,0.0,16.0,1.0,0.1,1.0,100.1,100.1,100.1,100.1,1.0,0.0,16.0,1.0,0.1,1.0,-21.3,-21.3,-21.3,-21.3,1.0,0.0,16.0,1.0,0.1,1.0,25.4,25.4,25.4,25.4,1.0,0.0,16.0,1.0,0.1,1.0,551.5,551.5,551.5,551.5,1.0,0.0,16.0,1.0,0.1,1.0,550.0,550.0,550.0,550.0,1.0,0.0,16.0,1.0,0.1,1.0
1974,2,348.0,-16.0,24.16,24.3,26.14,25.13,3.0,1.62,14.0,0.7,0.6,0.6,23.73,24.0,25.37,24.53,3.0,1.29,14.0,0.7,0.6,0.6,14.8,15.39,15.92,15.36,3.0,0.82,14.0,0.7,0.6,0.6,77.6,78.3,82.8,80.1,3.0,4.1,14.0,0.7,0.6,5.57,9.8,10.14,7.9,3.0,3.73,14.0,0.7,0.6,0.6,-8.47,-7.51,-4.69,-6.6,3.0,2.88,14.0,0.7,0.6,0.6,2.48,5.15,5.93,4.23,3.0,2.66,14.0,0.7,0.6,0.6,1012.45,1013.0,1014.02,1013.23,3.0,1.17,14.0,0.7,0.6,0.6,2.0,2.0,4.0,3.0,3.0,1.7,14.0,0.7,0.6,0.6,-86.1,-73.6,-31.7,-59.2,3.0,41.7,14.0,0.7,0.6,0.6,19.9,53.0,59.0,39.7,3.0,30.9,14.0,0.7,0.6,0.6,0.36,0.5,0.84,0.6,3.0,0.36,14.0,0.7,0.6,0.6,2.2,2.9,8.0,5.0,3.0,4.6,14.0,0.7,0.6,0.6,3.68,4.4,5.58,4.63,3.0,1.41,14.0,0.7,0.6,0.6,21.9,43.2,56.8,39.5,3.0,25.8,14.0,0.7,0.6,0.6,-215.5,-180.2,-111.7,-164.0,3.0,77.3,14.0,0.7,0.6,0.6,62.3,133.9,145.7,104.7,3.0,66.1,14.0,0.7,0.6,0.6,-133.0,-109.0,-70.2,-101.8,3.0,46.5,14.0,0.7,0.6,0.6,39.4,83.2,88.9,64.6,3.0,39.7,14.0,0.7,0.6,0.6,-47.8,-33.1,-18.2,-33.0,3.0,21.7,14.0,0.7,0.6,0.6,11.6,27.7,30.4,21.2,3.0,14.9,14.0,0.7,0.6,0.6,330.5,941.0,1044.5,693.5,3.0,565.5,14.0,0.7,0.6,0.6,330.0,940.0,1045.0,695.0,3.0,565.0,14.0,0.7,0.6,0.6
1974,2,348.0,-15.0,,,,,,,,,,,,,,,,,,,,,,,,,,,,,,,,,,,,,,,,5.1,5.1,5.1,5.1,1.0,0.0,12.0,1.0,0.8,1.0,-1.74,-1.74,-1.74,-1.74,1.0,0.0,12.0,1.0,0.8,1.0,4.79,4.79,4.79,4.79,1.0,0.0,12.0,1.0,0.8,1.0,1011.9,1011.9,1011.9,1011.9,1.0,0.0,12.0,1.0,0.8,1.0,,,,,,,,,,,,,,,,,,,,,,,,,,,,,,,,,,,,,,,,,,,,,,,,,,,,,,,,,,,,,,,,,,,,,,,,,,,,,,,,,,,,,,,,,,,,,,,,,,,,,,,,,,,,,,,,,,,,,,,,,,,,,,,,,,,,,,,,,,,,,,,,,,,,,,
1974,2,348.0,-14.0,24.29,24.9,25.51,24.9,2.0,1.27,18.0,0.0,0.4,0.5,24.58,24.75,24.92,24.75,2.0,0.35,18.0,0.0,0.4,0.5,16.53,16.55,16.58,16.55,2.0,0.05,18.0,0.0,0.4,0.5,84.3,85.0,85.6,85.0,2.0,1.4,18.0,0.0,0.5,4.68,4.85,5.02,4.85,2.0,0.35,18.0,0.0,0.4,0.5,-3.76,-3.43,-3.11,-3.43,2.0,0.67,18.0,0.0,0.4,0.5,-2.2,0.12,2.44,0.12,2.0,4.81,18.0,0.0,0.4,0.5,1010.03,1010.75,1011.47,1010.75,2.0,1.48,18.0,0.0,0.4,0.5,3.6,5.0,6.4,5.0,2.0,2.8,18.0,0.0,0.4,0.5,-18.9,-16.8,-14.6,-16.8,2.0,4.5,18.0,0.0,0.4,0.5,-11.5,-0.3,11.0,-0.3,2.0,23.3,18.0,0.0,0.4,0.5,-0.63,0.15,0.93,0.15,2.0,1.63,18.0,0.0,0.4,0.5,-3.3,0.4,4.2,0.4,2.0,7.8,18.0,0.0,0.4,0.5,2.4,3.17,3.94,3.17,2.0,1.59,18.0,0.0,0.4,0.5,11.9,15.1,18.3,15.1,2.0,6.6,18.0,0.0,0.4,0.5,-93.7,-85.1,-76.4,-85.1,2.0,17.8,18.0,0.0,0.4,0.5,-55.2,2.2,59.6,2.2,2.0,119.0,18.0,0.0,0.4,0.5,-62.3,-56.8,-51.4,-56.8,2.0,11.3,18.0,0.0,0.4,0.5,-36.5,1.9,40.3,1.9,2.0,79.6,18.0,0.0,0.4,0.5,-12.0,-10.4,-8.7,-10.4,2.0,3.3,18.0,0.0,0.4,0.5,-3.2,4.2,11.7,4.2,2.0,15.5,18.0,0.0,0.4,0.5,103.0,115.0,127.0,115.0,2.0,25.0,18.0,0.0,0.4,0.5,105.0,115.0,125.0,115.0,2.0,25.0,18.0,0.0,0.4,0.5
1974,2,348.0,-13.0,24.5,24.5,24.5,24.5,1.0,0.0,8.0,0.0,0.2,0.3,22.99,23.4,23.81,23.4,2.0,0.85,12.0,0.0,0.3,0.6,13.56,13.95,14.34,13.95,2.0,0.81,12.0,0.0,0.3,0.6,77.4,77.8,78.2,77.8,2.0,0.8,12.0,0.0,0.6,4.85,5.4,5.95,5.4,2.0,1.13,12.0,0.0,0.3,0.6,-4.63,-4.37,-4.11,-4.37,2.0,0.54,12.0,0.0,0.3,0.6,2.57,3.14,3.72,3.14,2.0,1.19,12.0,0.0,0.3,0.6,1009.45,1011.5,1013.55,1011.5,2.0,4.24,12.0,0.0,0.3,0.6,3.0,3.0,3.0,3.0,2.0,0.0,12.0,0.0,0.3,0.6,-27.7,-23.9,-20.1,-23.9,2.0,7.9,12.0,0.0,0.3,0.6,12.8,17.6,22.5,17.6,2.0,10.0,12.0,0.0,0.3,0.6,1.7,1.7,1.7,1.7,1.0,0.0,8.0,0.0,0.2,0.3,10.5,10.5,10.5,10.5,1.0,0.0,8.0,0.0,0.2,0.3,5.89,5.89,5.89,5.89,1.0,0.0,8.0,0.0,0.2,0.3,36.5,36.5,36.5,36.5,1.0,0.0,8.0,0.0,0.2,0.3,-106.3,-101.9,-97.6,-101.9,2.0,9.0,12.0,0.0,0.3,0.6,60.9,73.0,85.2,73.0,2.0,25.2,12.0,0.0,0.3,0.6,-62.6,-60.7,-58.8,-60.7,2.0,4.0,12.0,0.0,0.3,0.6,36.6,43.4,50.2,43.4,2.0,14.1,12.0,0.0,0.3,0.6,-28.0,-28.0,-28.0,-28.0,1.0,0.0,8.0,0.0,0.2,0.3,23.5,23.5,23.5,23.5,1.0,0.0,8.0,0.0,0.2,0.3,119.5,168.0,216.0,168.0,2.0,99.5,12.0,0.0,0.3,0.6,120.0,170.0,215.0,170.0,2.0,100.0,12.0,0.0,0.3,0.6
1974,2,348.0,-11.0,25.85,26.5,26.68,26.32,5.0,0.54,16.0,0.8,0.5,0.5,25.52,25.9,26.31,25.9,5.0,0.49,16.0,0.8,0.5,0.5,15.7,16.21,17.4,16.53,4.0,1.24,16.0,0.8,0.5,0.3,74.6,76.7,82.6,78.5,4.0,5.4,16.0,0.8,0.3,3.65,5.7,8.28,5.86,5.0,2.82,16.0,0.8,0.5,0.5,-7.33,-3.66,-2.51,-4.64,5.0,2.64,16.0,0.8,0.5,0.5,0.63,3.52,4.95,2.97,5.0,2.45,16.0,0.8,0.5,0.5,1009.99,1011.1,1014.62,1012.25,4.0,3.31,16.0,0.8,0.5,0.3,1.3,3.0,5.1,3.2,5.0,2.6,16.0,0.8,0.5,0.5,-61.8,-20.9,-9.9,-32.7,5.0,28.2,16.0,0.8,0.5,0.5,1.3,16.2,36.1,19.7,5.0,22.5,16.0,0.8,0.5,0.5,-0.37,0.3,1.17,0.42,5.0,0.93,16.0,0.8,0.5,0.5,-2.5,1.7,4.5,1.3,5.0,3.8,16.0,0.8,0.5,0.5,3.74,4.54,5.63,4.68,4.0,1.24,16.0,0.8,0.5,0.3,20.8,30.6,43.7,32.2,4.0,13.7,16.0,0.8,0.5,0.3,-189.4,-96.0,-65.7,-120.1,5.0,67.8,16.0,0.8,0.5,0.5,16.0,93.4,129.2,77.6,5.0,63.9,16.0,0.8,0.5,0.5,-117.9,-92.0,-56.7,-87.5,4.0,36.0,16.0,0.8,0.5,0.3,26.8,68.1,89.4,58.6,4.0,42.6,16.0,0.8,0.5,0.3,-39.4,-22.1,-13.4,-26.2,4.0,16.6,16.0,0.8,0.5,0.3,7.0,16.0,21.3,14.2,4.0,10.4,16.0,0.8,0.5,0.3,64.5,185.0,583.5,310.5,5.0,323.0,16.0,0.8,0.5,0.5,65.0,185.0,585.0,310.0,5.0,325.0,16.0,0.8,0.5,0.5
1974,2,348.0,-10.0,25.9,26.35,26.96,26.43,4.0,0.64,20.0,0.5,0.5,0.5,23.73,25.55,26.43,25.1,4.0,2.0,20.0,0.5,0.5,0.5,15.35,16.32,17.2,16.28,4.0,1.06,20.0,0.5,0.5,0.5,75.8,84.0,88.2,82.1,4.0,8.9,20.0,0.5,0.5,3.55,5.15,5.96,4.78,4.0,1.6,20.0,0.5,0.5,0.5,-4.18,-3.54,-2.35,-3.28,4.0,1.2,20.0,0.5,0.5,0.5,2.14,2.98,4.56,3.33,4.0,1.54,20.0,0.5,0.5,0.5,1008.63,1010.15,1012.61,1010.6,4.0,2.53,20.0,0.5,0.5,0.5,1.5,4.5,7.5,4.5,4.0,3.5,20.0,0.5,0.5,0.5,-22.2,-18.8,-11.0,-16.7,4.0,8.7,20.0,0.5,0.5,0.5,7.8,15.7,27.4,17.5,4.0,12.4,20.0,0.5,0.5,0.5,-0.16,0.35,2.9,1.33,4.0,2.42,20.0,0.5,0.5,0.5,-1.0,2.0,8.6,3.7,4.0,6.5,20.0,0.5,0.5,0.5,3.75,5.12,6.93,5.33,4.0,1.87,20.0,0.5,0.5,0.5,18.0,20.5,31.2,24.4,4.0,10.4,20.0,0.5,0.5,0.5,-106.8,-93.2,-59.4,-83.6,4.0,32.8,20.0,0.5,0.5,0.5,51.5,76.0,120.1,85.4,4.0,44.6,20.0,0.5,0.5,0.5,-72.0,-58.2,-36.2,-54.3,4.0,22.4,20.0,0.5,0.5,0.5,34.7,51.3,73.5,54.0,4.0,23.8,20.0,0.5,0.5,0.5,-18.4,-15.7,-13.5,-15.9,4.0,3.2,20.0,0.5,0.5,0.5,11.1,14.4,25.1,17.9,4.0,11.4,20.0,0.5,0.5,0.5,55.5,141.5,213.0,134.5,4.0,97.5,20.0,0.5,0.5,0.5,55.0,140.0,215.0,135.0,4.0,95.0,20.0,0.5,0.5,0.5
1974,2,348.0,-7.0,,,,,,,,,,,,,,,,,,,,,,,,,,,,,,,,,,,,,,,,6.7,6.7,6.7,6.7,1.0,0.0,24.0,1.0,0.8,0.3,-5.13,-5.13,-5.13,-5.13,1.0,0.0,24.0,1.0,0.8,0.3,4.31,4.31,4.31,4.31,1.0,0.0,24.0,1.0,0.8,0.3,1010.6,1010.6,1010.6,1010.6,1.0,0.0,24.0,1.0,0.8,0.3,,,,,,,,,,,,,,,,,,,,,,,,,,,,,,,,,,,,,,,,,,,,,,,,,,,,,,,,,,,,,,,,,,,,,,,,,,,,,,,,,,,,,,,,,,,,,,,,,,,,,,,,,,,,,,,,,,,,,,,,,,,,,,,,,,,,,,,,,,,,,,,,,,,,,,
1974,2,348.0,-6.0,26.3,26.3,26.3,26.3,1.0,0.0,14.0,0.0,1.0,0.2,26.0,26.0,26.0,26.0,1.0,0.0,14.0,0.0,1.0,0.2,18.3,18.3,18.3,18.3,1.0,0.0,14.0,0.0,1.0,0.2,87.2,87.2,87.2,87.2,1.0,0.0,14.0,0.0,0.2,2.1,2.1,2.1,2.1,1.0,0.0,14.0,0.0,1.0,0.2,-1.35,-1.35,-1.35,-1.35,1.0,0.0,14.0,0.0,1.0,0.2,1.61,1.61,1.61,1.61,1.0,0.0,14.0,0.0,1.0,0.2,1011.5,1011.5,1011.5,1011.5,1.0,0.0,14.0,0.0,1.0,0.2,4.0,4.0,4.0,4.0,1.0,0.0,14.0,0.0,1.0,0.2,-2.8,-2.8,-2.8,-2.8,1.0,0.0,14.0,0.0,1.0,0.2,3.4,3.4,3.4,3.4,1.0,0.0,14.0,0.0,1.0,0.2,0.3,0.3,0.3,0.3,1.0,0.0,14.0,0.0,1.0,0.2,0.6,0.6,0.6,0.6,1.0,0.0,14.0,0.0,1.0,0.2,3.11,3.11,3.11,3.11,1.0,0.0,14.0,0.0,1.0,0.2,6.5,6.5,6.5,6.5,1.0,0.0,14.0,0.0,1.0,0.2,-35.1,-35.1,-35.1,-35.1,1.0,0.0,14.0,0.0,1.0,0.2,41.8,41.8,41.8,41.8,1.0,0.0,14.0,0.0,1.0,0.2,-24.7,-24.7,-24.7,-24.7,1.0,0.0,14.0,0.0,1.0,0.2,29.4,29.4,29.4,29.4,1.0,0.0,14.0,0.0,1.0,0.2,-4.2,-4.2,-4.2,-4.2,1.0,0.0,14.0,0.0,1.0,0.2,5.0,5.0,5.0,5.0,1.0,0.0,14.0,0.0,1.0,0.2,9.5,9.5,9.5,9.5,1.0,0.0,14.0,0.0,1.0,0.2,10.0,10.0,10.0,10.0,1.0,0.0,14.0,0.0,1.0,0.2
1974,2,348.0,-4.0,28.9,28.9,28.9,28.9,1.0,0.0,18.0,0.0,0.1,0.3,25.6,25.6,25.6,25.6,1.0,0.0,18.0,0.0,0.1,0.3,16.98,16.98,16.98,16.98,1.0,0.0,18.0,0.0,0.1,0.3,82.5,82.5,82.5,82.5,1.0,0.0,18.0,0.0,0.3,4.6,4.6,4.6,4.6,1.0,0.0,18.0,0.0,0.1,0.3,0.8,0.8,0.8,0.8,1.0,0.0,18.0,0.0,0.1,0.3,4.53,4.53,4.53,4.53,1.0,0.0,18.0,0.0,0.1,0.3,1006.8,1006.8,1006.8,1006.8,1.0,0.0,18.0,0.0,0.1,0.3,6.0,6.0,6.0,6.0,1.0,0.0,18.0,0.0,0.1,0.3,3.7,3.7,3.7,3.7,1.0,0.0,18.0,0.0,0.1,0.3,20.8,20.8,20.8,20.8,1.0,0.0,18.0,0.0,0.1,0.3,3.3,3.3,3.3,3.3,1.0,0.0,18.0,0.0,0.1,0.3,15.2,15.2,15.2,15.2,1.0,0.0,18.0,0.0,0.1,0.3,8.13,8.13,8.13,8.13,1.0,0.0,18.0,0.0,0.1,0.3,37.4,37.4,37.4,37.4,1.0,0.0,18.0,0.0,0.1,0.3,20.4,20.4,20.4,20.4,1.0,0.0,18.0,0.0,0.1,0.3,116.0,116.0,116.0,116.0,1.0,0.0,18.0,0.0,0.1,0.3,13.6,13.6,13.6,13.6,1.0,0.0,18.0,0.0,0.1,0.3,76.9,76.9,76.9,76.9,1.0,0.0,18.0,0.0,0.1,0.3,6.5,6.5,6.5,6.5,1.0,0.0,18.0,0.0,0.1,0.3,36.8,36.8,36.8,36.8,1.0,0.0,18.0,0.0,0.1,0.3,97.5,97.5,97.5,97.5,1.0,0.0,18.0,0.0,0.1,0.3,95.0,95.0,95.0,95.0,1.0,0.0,18.0,0.0,0.1,0.3
1974,2,348.0,-3.0,27.8,27.8,27.8,27.8,1.0,0.0,24.0,1.0,0.5,0.2,27.0,27.0,27.0,27.0,1.0,0.0,24.0,1.0,0.5,0.2,18.04,18.04,18.04,18.04,1.0,0.0,24.0,1.0,0.5,0.2,80.7,80.7,80.7,80.7,1.0,0.0,24.0,1.0,0.2,,,,,,,,,,,,,,,,,,,,,,,,,,,,,,,,,,,,,,,,,,,,,,,,,,,,,,,,,,,,,,,,,,,,,,,,,,,,,,,,,,,,,,,,,,,,,,,,,,,,,,,,,,,,,,,,,,,,,,,,,,,,,,,,,,,,,,,,,,,,,,,,,,,,,,,,,,,,,,,,,,,,,,,,,,,,,,,,,,,,,,,,,,,,,,
1974,2,348.0,-2.0,27.08,27.25,27.42,27.25,2.0,0.35,12.0,1.0,1.0,0.7,28.34,28.85,29.36,28.85,2.0,1.06,12.0,1.0,1.0,0.7,17.59,17.59,17.59,17.59,1.0,0.0,8.0,1.0,0.9,0.5,75.8,79.9,84.0,79.9,2.0,8.6,12.0,1.0,0.7,4.68,4.85,5.02,4.85,2.0,0.35,12.0,1.0,1.0,0.7,-2.76,-1.64,-0.52,-1.64,2.0,2.32,12.0,1.0,1.0,0.7,4.02,4.25,4.49,4.25,2.0,0.49,12.0,1.0,1.0,0.7,1008.6,1008.6,1008.6,1008.6,1.0,0.0,8.0,1.0,0.9,0.5,3.2,3.5,3.8,3.5,2.0,0.7,12.0,1.0,1.0,0.7,-14.1,-8.4,-2.7,-8.4,2.0,11.8,12.0,1.0,1.0,0.7,20.1,20.5,21.0,20.5,2.0,0.9,12.0,1.0,1.0,0.7,-2.28,-1.6,-0.92,-1.6,2.0,1.41,12.0,1.0,1.0,0.7,-10.5,-7.5,-4.5,-7.5,2.0,6.3,12.0,1.0,1.0,0.7,5.49,5.49,5.49,5.49,1.0,0.0,8.0,1.0,0.9,0.5,28.0,28.0,28.0,28.0,1.0,0.0,8.0,1.0,0.9,0.5,-77.5,-46.1,-14.6,-46.1,2.0,65.1,12.0,1.0,1.0,0.7,114.0,123.0,132.0,123.0,2.0,18.7,12.0,1.0,1.0,0.7,-57.7,-57.7,-57.7,-57.7,1.0,0.0,8.0,1.0,0.9,0.5,68.7,68.7,68.7,68.7,1.0,0.0,8.0,1.0,0.9,0.5,-18.0,-18.0,-18.0,-18.0,1.0,0.0,8.0,1.0,0.9,0.5,21.4,21.4,21.4,21.4,1.0,0.0,8.0,1.0,0.9,0.5,103.0,115.0,127.0,115.0,2.0,25.0,12.0,1.0,1.0,0.7,105.0,115.0,125.0,115.0,2.0,25.0,12.0,1.0,1.0,0.7
1974,2,348.0,-1.0,26.37,27.0,27.52,26.95,4.0,0.9,12.0,0.5,0.6,0.6,27.09,27.7,28.73,27.9,4.0,1.06,16.0,0.5,0.6,0.5,19.89,19.89,19.89,19.89,1.0,0.0,8.0,0.0,0.2,0.2,89.4,89.4,89.4,89.4,1.0,0.0,8.0,0.0,0.2,2.45,5.0,6.88,4.68,5.0,2.42,14.0,0.6,0.6,0.5,-3.86,-0.51,2.35,-0.62,5.0,3.42,14.0,0.6,0.6,0.5,2.16,3.21,5.54,3.72,5.0,1.95,14.0,0.6,0.6,0.5,1008.32,1009.3,1010.71,1009.4,5.0,1.45,14.0,0.6,0.6,0.5,3.0,4.0,6.7,4.8,5.0,2.2,14.0,0.6,0.6,0.5,-27.0,-0.8,9.9,-6.4,5.0,20.5,14.0,0.6,0.6,0.5,5.7,16.1,38.2,21.1,5.0,18.1,14.0,0.6,0.6,0.5,-1.1,-1.1,-0.55,-0.83,3.0,0.46,14.0,0.3,0.6,0.6,-6.1,-3.3,-2.1,-4.1,3.0,3.0,14.0,0.3,0.6,0.6,0.98,0.98,0.98,0.98,1.0,0.0,8.0,0.0,0.2,0.2,6.6,6.6,6.6,6.6,1.0,0.0,8.0,0.0,0.2,0.2,-67.9,13.6,74.8,4.0,4.0,93.6,16.0,0.5,0.6,0.5,56.4,80.4,114.1,85.0,4.0,40.3,16.0,0.5,0.6,0.5,-85.7,-85.7,-85.7,-85.7,1.0,0.0,8.0,0.0,0.2,0.2,102.1,102.1,102.1,102.1,1.0,0.0,8.0,0.0,0.2,0.2,-4.2,-4.2,-4.2,-4.2,1.0,0.0,8.0,0.0,0.2,0.2,5.0,5.0,5.0,5.0,1.0,0.0,8.0,0.0,0.2,0.2,18.5,125.0,327.0,166.0,5.0,164.5,14.0,0.6,0.6,0.5,20.0,125.0,325.0,165.0,5.0,165.0,14.0,0.6,0.6,0.5
1974,2,348.0,0.0,27.63,28.0,28.45,28.03,9.0,0.57,12.0,0.4,0.7,0.5,26.0,27.8,28.57,27.69,9.0,1.48,12.0,0.4,0.7,0.5,17.98,17.99,18.29,18.13,3.0,0.26,12.0,0.3,0.8,0.5,80.5,85.1,86.9,83.7,3.0,4.8,12.0,0.3,0.5,2.43,3.55,5.1,3.72,10.0,1.65,12.0,0.5,0.6,0.5,-2.19,-1.4,1.98,-0.33,10.0,2.61,12.0,0.5,0.6,0.5,0.42,1.94,4.44,2.17,10.0,2.44,12.0,0.5,0.6,0.5,1009.24,1010.2,1011.28,1010.13,9.0,2.47,12.0,0.4,0.7,0.5,2.0,3.0,6.0,3.8,9.0,2.3,12.0,0.6,0.7,0.5,-8.1,-3.4,7.9,-0.5,10.0,12.0,12.0,0.5,0.6,0.5,0.4,5.9,21.1,9.9,10.0,14.6,12.0,0.5,0.6,0.5,-0.59,0.0,2.27,0.68,8.0,1.51,10.0,0.4,0.7,0.5,-1.5,0.0,9.2,2.8,8.0,5.9,10.0,0.4,0.7,0.5,5.44,6.3,6.6,6.03,3.0,0.88,12.0,0.3,0.8,0.5,24.4,32.1,33.3,28.9,3.0,7.0,12.0,0.3,0.8,0.5,-61.8,-49.5,65.8,-10.8,9.0,76.0,12.0,0.4,0.7,0.5,7.7,61.7,124.1,64.0,9.0,68.8,12.0,0.4,0.7,0.5,-39.8,-36.7,-11.7,-26.0,3.0,22.6,12.0,0.3,0.8,0.5,59.0,91.7,106.4,82.9,3.0,35.6,12.0,0.3,0.8,0.5,-12.8,-11.6,-3.7,-8.3,3.0,7.3,12.0,0.3,0.8,0.5,21.0,31.7,32.0,26.6,3.0,9.2,12.0,0.3,0.8,0.5,16.0,47.0,132.5,79.5,10.0,90.5,12.0,0.5,0.6,0.5,15.0,45.0,135.0,80.0,10.0,90.0,12.0,0.5,0.6,0.5
1974,2,348.0,1.0,27.3,28.2,29.97,28.36,58.0,1.19,14.0,0.4,0.7,0.5,26.5,27.5,29.0,27.71,59.0,1.22,14.0,0.4,0.7,0.5,17.7,18.67,19.97,18.82,40.0,1.25,14.0,0.5,0.6,0.6,77.1,81.0,88.4,81.5,40.0,6.5,14.0,0.5,0.6,1.55,3.6,5.1,3.74,52.0,2.14,14.0,0.4,0.6,0.5,-2.96,-0.8,1.52,-0.63,52.0,2.26,14.0,0.4,0.6,0.5,0.54,2.97,4.53,2.81,52.0,2.3,14.0,0.4,0.6,0.5,1007.42,1009.4,1010.98,1009.32,59.0,1.85,14.0,0.4,0.7,0.5,2.7,5.0,8.0,5.0,56.0,2.5,14.0,0.4,0.7,0.5,-13.3,-1.7,5.1,-3.0,52.0,13.0,14.0,0.4,0.6,0.5,0.9,9.8,22.4,14.7,52.0,18.9,14.0,0.4,0.6,0.5,-0.3,0.7,2.13,0.68,56.0,1.35,14.0,0.4,0.7,0.5,-2.0,1.3,8.9,2.5,49.0,5.7,14.0,0.4,0.6,0.5,3.8,6.01,7.33,5.58,39.0,1.94,14.0,0.5,0.7,0.6,5.8,17.9,31.1,18.3,34.0,11.5,14.0,0.5,0.6,0.6,-83.9,-22.0,43.9,-16.4,51.0,63.2,14.0,0.4,0.6,0.5,15.0,84.2,124.6,77.6,51.0,63.5,14.0,0.4,0.6,0.5,-52.4,-15.4,15.7,-15.1,35.0,39.9,14.0,0.5,0.6,0.5,9.5,44.5,84.7,46.4,35.0,35.9,14.0,0.5,0.6,0.5,-13.9,-5.3,4.0,-4.3,34.0,11.8,14.0,0.5,0.6,0.6,1.4,12.8,24.0,13.2,34.0,11.8,14.0,0.5,0.6,0.6,4.0,46.5,132.5,109.0,52.0,187.5,14.0,0.4,0.6,0.5,5.0,45.0,135.0,110.0,52.0,190.0,14.0,0.4,0.6,0.5
1974,2,348.0,2.0,27.75,28.5,29.42,28.52,94.0,1.05,16.0,0.5,0.6,0.5,26.8,27.8,28.99,27.77,96.0,1.24,16.0,0.5,0.6,0.5,17.57,18.46,19.6,18.66,76.0,1.43,16.0,0.6,0.6,0.5,75.2,80.2,85.5,80.3,77.0,6.2,16.0,0.6,0.5,1.5,3.1,4.6,3.25,88.0,1.68,16.0,0.5,0.6,0.5,-2.98,0.0,2.44,-0.04,88.0,2.42,16.0,0.5,0.6,0.5,0.0,1.86,3.92,1.93,88.0,1.97,16.0,0.5,0.6,0.5,1007.62,1009.7,1012.76,1010.1,98.0,2.7,16.0,0.5,0.6,0.5,2.0,4.0,7.9,4.6,96.0,2.4,16.0,0.5,0.6,0.5,-11.4,0.0,7.0,-0.9,88.0,11.4,16.0,0.5,0.6,0.5,0.0,6.4,18.3,8.2,88.0,10.9,16.0,0.5,0.6,0.5,-0.34,0.9,2.0,0.78,91.0,1.45,16.0,0.5,0.6,0.5,-0.8,1.2,6.9,2.0,81.0,6.2,16.0,0.5,0.6,0.5,4.21,5.88,7.42,5.83,73.0,1.75,16.0,0.6,0.6,0.5,7.4,18.4,27.0,17.5,64.0,9.5,16.0,0.6,0.6,0.5,-84.0,0.0,67.1,-1.0,85.0,67.4,16.0,0.5,0.6,0.5,0.0,53.8,111.4,55.8,85.0,53.0,16.0,0.5,0.6,0.5,-41.1,0.0,45.1,5.0,66.0,43.2,16.0,0.6,0.6,0.5,0.0,34.4,69.1,35.0,66.0,32.6,16.0,0.6,0.6,0.5,-9.9,0.0,16.2,2.1,64.0,14.0,16.0,0.6,0.6,0.5,0.0,11.0,20.3,9.6,64.0,10.4,16.0,0.6,0.6,0.5,3.5,30.0,97.5,62.0,88.0,79.5,16.0,0.5,0.6,0.5,5.0,30.0,95.0,60.0,88.0,80.0,16.0,0.5,0.6,0.5
1974,2,348.0,3.0,28.0,29.0,30.0,28.93,62.0,0.93,14.0,0.5,0.4,0.4,27.0,27.8,29.0,27.77,65.0,1.31,14.0,0.5,0.4,0.4,17.33,18.34,19.82,18.65,51.0,1.64,14.0,0.5,0.4,0.4,74.0,78.5,85.2,79.2,53.0,5.5,14.0,0.5,0.4,0.71,2.6,4.39,2.45,54.0,1.55,14.0,0.5,0.4,0.3,-2.15,0.0,1.04,-0.28,54.0,1.83,14.0,0.5,0.4,0.3,0.0,1.5,2.94,1.32,54.0,1.83,14.0,0.5,0.4,0.3,1007.2,1009.25,1011.9,1009.39,64.0,2.17,14.0,0.5,0.4,0.3,2.0,5.0,8.0,5.0,63.0,2.5,14.0,0.5,0.4,0.3,-6.0,0.0,3.1,-1.4,54.0,7.4,14.0,0.5,0.4,0.3,0.0,3.4,9.5,4.3,54.0,7.7,14.0,0.5,0.4,0.3,-0.39,1.05,2.06,1.1,60.0,1.38,14.0,0.5,0.4,0.4,0.0,2.1,5.8,2.4,47.0,3.4,14.0,0.5,0.4,0.4,5.04,6.32,8.01,6.47,48.0,1.79,14.0,0.5,0.4,0.4,3.0,16.8,24.6,14.6,36.0,9.5,14.0,0.6,0.4,0.4,-62.1,0.0,29.5,-8.7,52.0,52.2,14.0,0.5,0.4,0.3,0.0,38.6,81.7,35.6,52.0,51.3,14.0,0.5,0.4,0.3,-40.1,0.0,20.6,-3.3,39.0,34.7,14.0,0.6,0.4,0.4,0.0,28.6,56.7,26.6,39.0,31.1,14.0,0.6,0.4,0.4,-12.1,0.0,7.0,-0.5,36.0,11.5,14.0,0.6,0.4,0.4,0.0,9.7,17.9,8.5,36.0,10.1,14.0,0.6,0.4,0.4,0.5,17.5,85.5,32.0,54.0,40.5,14.0,0.5,0.4,0.3,0.0,20.0,85.0,30.0,54.0,40.0,14.0,0.5,0.4,0.3
1974,2,348.0,4.0,28.86,29.0,29.64,29.27,13.0,0.82,12.0,0.5,0.5,0.3,26.19,28.0,29.57,27.84,17.0,1.96,14.0,0.6,0.4,0.3,17.61,18.59,21.69,19.82,7.0,2.76,12.0,0.4,0.4,0.2,77.6,79.1,86.2,81.4,8.0,9.7,12.0,0.5,0.2,0.0,2.6,3.49,2.05,15.0,2.23,14.0,0.6,0.5,0.3,0.0,0.0,2.54,1.24,15.0,2.4,14.0,0.6,0.5,0.3,0.0,0.0,2.29,0.91,15.0,1.09,14.0,0.6,0.5,0.3,1008.03,1011.0,1012.34,1010.53,15.0,2.32,14.0,0.6,0.4,0.3,2.5,5.0,7.0,4.8,17.0,2.3,14.0,0.5,0.4,0.3,0.0,0.0,8.0,6.6,15.0,16.5,14.0,0.6,0.5,0.3,0.0,0.0,7.2,3.0,15.0,4.0,14.0,0.6,0.5,0.3,-0.1,1.3,2.13,1.38,13.0,2.14,12.0,0.5,0.5,0.3,0.0,0.0,5.4,2.7,13.0,5.5,12.0,0.5,0.5,0.3,4.4,6.29,7.05,5.44,6.0,2.77,10.0,0.3,0.4,0.2,8.2,16.4,22.3,15.7,6.0,10.4,10.0,0.3,0.4,0.2,0.0,0.0,71.0,34.6,15.0,66.9,14.0,0.6,0.5,0.3,0.0,0.0,57.3,24.8,15.0,29.7,14.0,0.6,0.5,0.3,-10.0,0.0,47.6,11.7,7.0,37.2,12.0,0.4,0.4,0.2,0.0,22.9,48.0,21.4,7.0,23.2,12.0,0.4,0.4,0.2,-5.2,2.6,16.6,5.2,6.0,15.8,10.0,0.3,0.4,0.2,0.0,8.9,14.9,8.0,6.0,6.8,10.0,0.3,0.4,0.2,0.0,17.5,43.0,48.5,15.0,129.5,14.0,0.6,0.5,0.3,0.0,20.0,45.0,50.0,15.0,130.0,14.0,0.6,0.5,0.3
1974,2,348.0,5.0,28.0,28.45,30.0,28.77,22.0,0.81,14.0,0.4,0.7,0.6,26.87,27.5,28.2,27.57,22.0,1.03,14.0,0.4,0.7,0.6,18.21,18.85,19.64,18.86,13.0,0.84,14.0,0.5,0.8,0.6,72.6,83.3,86.8,80.8,13.0,6.5,14.0,0.5,0.6,0.54,1.0,3.51,1.72,17.0,1.41,16.0,0.5,0.7,0.5,-0.16,0.51,2.0,0.94,17.0,1.48,16.0,0.5,0.7,0.5,-1.19,0.0,0.34,-0.35,17.0,1.38,16.0,0.5,0.7,0.5,1007.87,1009.3,1010.43,1009.26,22.0,1.62,14.0,0.5,0.7,0.6,1.3,4.0,7.0,4.2,22.0,2.7,14.0,0.5,0.7,0.6,-0.2,0.8,7.0,3.0,17.0,5.7,16.0,0.5,0.7,0.5,-1.5,0.0,0.5,-0.3,17.0,4.6,16.0,0.5,0.7,0.5,0.62,1.0,1.75,1.12,21.0,1.22,14.0,0.4,0.7,0.6,0.2,1.2,4.4,2.4,15.0,3.0,14.0,0.4,0.7,0.5,4.25,5.78,7.35,5.83,12.0,1.38,12.0,0.5,0.8,0.6,1.7,6.0,19.0,10.3,10.0,10.7,12.0,0.5,0.7,0.5,-5.7,20.5,54.6,27.3,16.0,41.4,14.0,0.4,0.7,0.5,-35.0,-7.0,9.6,-10.6,16.0,39.2,14.0,0.4,0.7,0.5,-7.9,0.0,31.0,9.5,11.0,25.5,12.0,0.5,0.7,0.5,-33.6,-18.4,0.0,-19.2,11.0,18.3,12.0,0.5,0.7,0.5,-2.8,0.0,9.0,3.9,10.0,11.6,12.0,0.5,0.7,0.5,-13.3,-4.3,0.0,-6.1,10.0,6.1,12.0,0.5,0.7,0.5,0.5,1.0,45.5,16.5,17.0,25.5,16.0,0.5,0.7,0.5,0.0,0.0,45.0,15.0,17.0,25.0,16.0,0.5,0.7,0.5
1974,2,348.0,6.0,27.15,28.0,28.93,27.96,56.0,1.27,16.0,0.6,0.5,0.2,26.7,27.5,28.63,27.74,56.0,1.35,16.0,0.6,0.5,0.2,18.39,19.21,19.79,19.07,29.0,1.02,16.0,0.7,0.5,0.2,80.7,84.6,89.2,84.6,34.0,5.5,16.0,0.6,0.2,1.0,2.6,4.04,2.81,49.0,1.78,16.0,0.6,0.5,0.2,-0.65,1.06,2.95,1.33,49.0,2.03,16.0,0.6,0.5,0.2,-2.93,-0.89,0.65,-1.14,49.0,1.98,16.0,0.6,0.5,0.2,1007.16,1010.2,1012.38,1009.87,49.0,2.65,16.0,0.7,0.5,0.2,0.9,7.0,8.0,5.2,51.0,3.0,16.0,0.6,0.5,0.2,-1.4,2.3,10.3,5.5,49.0,12.8,16.0,0.6,0.5,0.2,-10.5,-2.3,0.8,-5.2,49.0,11.8,16.0,0.6,0.5,0.2,-1.14,0.2,1.59,0.18,55.0,1.54,16.0,0.6,0.5,0.2,-3.1,0.3,4.0,0.0,47.0,4.8,16.0,0.6,0.5,0.2,2.78,4.24,5.87,4.32,28.0,1.89,16.0,0.8,0.5,0.2,4.0,10.4,18.9,11.0,23.0,7.2,14.0,0.7,0.5,0.2,-18.0,27.8,80.9,36.0,48.0,55.9,16.0,0.6,0.5,0.2,-77.2,-26.1,8.7,-33.4,48.0,54.5,16.0,0.6,0.5,0.2,-15.0,18.7,56.9,22.2,24.0,42.9,16.0,0.7,0.5,0.2,-53.5,-26.0,0.0,-29.4,24.0,31.0,16.0,0.7,0.5,0.2,-2.7,4.1,14.2,5.0,23.0,8.6,14.0,0.7,0.5,0.2,-11.1,-4.5,0.4,-5.9,23.0,6.5,14.0,0.7,0.5,0.2,1.0,17.5,66.0,55.5,49.0,141.5,16.0,0.6,0.5,0.2,0.0,20.0,65.0,55.0,49.0,140.0,16.0,0.6,0.5,0.2
1974,2,348.0,7.0,,,,,,,,,,,,,,,,,,,,,,,,,,,,,,,,,,,,,,,,7.2,7.2,7.2,7.2,1.0,0.0,24.0,0.0,0.1,0.6,7.09,7.09,7.09,7.09,1.0,0.0,24.0,0.0,0.1,0.6,1.25,1.25,1.25,1.25,1.0,0.0,24.0,0.0,0.1,0.6,1008.3,1008.3,1008.3,1008.3,1.0,0.0,24.0,0.0,0.1,0.6,,,,,,,,,,,,,,,,,,,,,,,,,,,,,,,,,,,,,,,,,,,,,,,,,,,,,,,,,,,,,,,,,,,,,,,,,,,,,,,,,,,,,,,,,,,,,,,,,,,,,,,,,,,,,,,,,,,,,,,,,,,,,,,,,,,,,,,,,,,,,,,,,,,,,,
1974,2,348.0,28.0,,,,,,,,,,,,,,,,,,,,,,,,,,,,,,,,,,,,,,,,5.45,6.2,12.48,8.9,3.0,5.66,24.0,0.7,0.6,0.7,-5.57,-5.02,5.16,-0.32,3.0,8.86,24.0,0.7,0.6,0.7,-8.73,-2.12,-1.28,-4.93,3.0,5.98,24.0,0.7,0.6,0.7,1016.53,1016.6,1017.21,1016.87,3.0,0.55,24.0,0.7,0.6,0.7,,,,,,,,,,,,,,,,,,,,,,,,,,,,,,,,,,,,,,,,,,,,,,,,,,,,,,,,,,,,,,,,,,,,,,,,,,,,,,,,,,,,,,,,,,,,,,,,,,,,,,,,,,,,,,,,,,,,,,,,,,,,,,,,,,,,,,,,,,,,,,,,,,,,,,
1974,2,348.0,29.0,16.43,17.1,18.57,17.37,10.0,1.05,14.0,0.4,0.3,0.7,14.9,16.8,18.0,16.6,12.0,1.65,14.0,0.4,0.3,0.7,7.17,8.6,10.36,8.56,9.0,1.75,16.0,0.6,0.2,0.7,61.3,72.4,81.7,73.2,9.0,12.5,16.0,0.6,0.7,4.46,6.45,10.58,6.85,12.0,3.74,14.0,0.4,0.3,0.7,-2.42,-1.74,0.83,-1.0,12.0,3.85,14.0,0.4,0.3,0.7,-9.86,-5.31,0.0,-4.84,12.0,4.87,14.0,0.4,0.3,0.7,1019.38,1022.1,1023.93,1021.27,12.0,3.49,14.0,0.4,0.3,0.7,2.0,3.5,6.6,3.8,10.0,2.4,14.0,0.5,0.2,0.8,-23.8,-11.0,4.3,-11.7,12.0,38.5,14.0,0.4,0.3,0.7,-105.9,-30.3,0.0,-45.3,12.0,54.2,14.0,0.4,0.3,0.7,-1.0,1.7,2.96,0.99,10.0,1.94,14.0,0.4,0.3,0.7,-6.4,8.1,17.7,6.9,10.0,12.3,14.0,0.4,0.3,0.7,1.78,4.14,6.04,4.18,7.0,1.92,18.0,0.6,0.3,0.8,8.9,33.8,40.9,29.2,7.0,17.2,18.0,0.6,0.3,0.8,-41.5,-31.6,12.2,-19.4,12.0,57.9,14.0,0.4,0.3,0.7,-163.0,-90.2,0.0,-80.6,12.0,83.3,14.0,0.4,0.3,0.7,-22.9,-17.8,-7.5,-17.9,9.0,21.4,16.0,0.6,0.2,0.7,-73.3,-50.1,-23.7,-42.1,9.0,39.9,16.0,0.6,0.2,0.7,-13.8,-8.7,0.3,-3.9,7.0,12.3,18.0,0.6,0.3,0.8,-38.5,-25.9,-3.6,-24.5,7.0,20.5,18.0,0.6,0.3,0.8,103.5,269.5,1219.0,585.5,12.0,721.5,14.0,0.4,0.3,0.7,105.0,270.0,1220.0,585.0,12.0,720.0,14.0,0.4,0.3,0.7
1974,2,348.0,30.0,16.0,17.0,18.16,17.1,54.0,1.26,16.0,0.5,0.5,0.4,14.8,16.0,18.0,16.32,56.0,1.62,14.0,0.5,0.5,0.4,7.38,8.6,10.06,8.8,19.0,1.28,12.0,0.4,0.5,0.5,67.5,78.6,88.2,78.0,19.0,8.8,12.0,0.4,0.5,2.6,6.1,11.0,6.83,54.0,4.52,14.0,0.5,0.5,0.5,-4.12,-0.77,1.37,-0.97,54.0,3.98,14.0,0.5,0.5,0.5,-10.34,-4.86,0.0,-4.79,54.0,5.27,14.0,0.5,0.5,0.5,1015.32,1020.0,1025.31,1020.79,56.0,5.25,16.0,0.5,0.5,0.4,0.0,2.0,7.0,2.9,56.0,2.8,14.0,0.5,0.5,0.4,-41.4,-1.9,5.1,-7.7,54.0,49.6,14.0,0.5,0.5,0.5,-113.7,-29.4,0.0,-51.3,54.0,74.4,14.0,0.5,0.5,0.5,-1.0,0.6,2.57,0.81,53.0,2.05,16.0,0.5,0.5,0.4,-3.2,3.7,16.1,7.0,50.0,21.0,14.0,0.5,0.5,0.4,2.4,3.7,5.27,3.67,18.0,1.49,12.0,0.4,0.5,0.4,4.7,10.3,45.1,20.0,18.0,20.3,12.0,0.4,0.5,0.4,-66.7,-7.7,22.8,-14.5,53.0,68.9,14.0,0.5,0.5,0.5,-166.5,-69.3,0.0,-75.2,53.0,86.4,14.0,0.5,0.5,0.5,-27.6,0.0,8.3,-5.5,19.0,23.2,12.0,0.4,0.5,0.5,-78.0,-15.9,10.2,-32.7,19.0,47.2,12.0,0.4,0.5,0.5,-11.3,0.0,3.7,-3.3,18.0,11.2,12.0,0.4,0.5,0.4,-36.8,-6.9,3.2,-13.0,18.0,22.8,12.0,0.4,0.5,0.4,17.5,227.0,1331.0,787.0,54.0,1352.5,14.0,0.5,0.5,0.5,20.0,225.0,1330.0,785.0,54.0,1355.0,14.0,0.5,0.5,0.5
1974,2,348.0,31.0,16.0,17.0,18.06,17.21,38.0,1.23,14.0,0.6,0.6,0.4,15.0,16.5,18.4,16.67,41.0,1.74,14.0,0.6,0.6,0.4,7.22,8.61,10.56,9.01,13.0,1.92,14.0,0.7,0.5,0.6,64.4,72.5,80.8,73.1,13.0,9.5,14.0,0.7,0.6,3.1,7.5,13.0,8.02,40.0,4.78,14.0,0.6,0.6,0.4,-4.44,-2.28,1.62,-2.29,40.0,4.66,14.0,0.6,0.6,0.4,-12.05,-5.12,-0.2,-5.33,40.0,5.69,14.0,0.6,0.6,0.4,1017.5,1021.65,1025.5,1020.94,42.0,4.24,14.0,0.6,0.6,0.4,0.0,3.0,7.0,3.3,39.0,2.8,14.0,0.6,0.6,0.4,-56.7,-12.3,6.3,-24.3,40.0,64.8,14.0,0.6,0.6,0.4,-165.0,-30.7,-0.5,-59.9,40.0,79.5,14.0,0.6,0.6,0.4,-1.68,0.7,2.03,0.47,36.0,1.71,14.0,0.6,0.6,0.4,-7.4,5.7,11.8,5.5,34.0,16.1,14.0,0.6,0.6,0.4,1.35,3.81,4.64,3.17,11.0,1.68,12.0,0.7,0.5,0.5,9.1,31.3,63.2,35.3,11.0,26.3,12.0,0.7,0.5,0.5,-76.7,-42.1,33.0,-36.2,39.0,77.3,14.0,0.6,0.6,0.4,-189.4,-87.9,-0.6,-87.8,39.0,94.6,14.0,0.6,0.6,0.4,-45.2,-20.8,20.9,-12.0,13.0,60.2,14.0,0.7,0.5,0.6,-99.3,-57.1,1.1,-49.1,13.0,49.0,14.0,0.7,0.5,0.6,-30.2,-7.4,4.2,-11.7,11.0,20.5,12.0,0.7,0.5,0.5,-55.0,-29.4,0.0,-26.8,11.0,26.5,12.0,0.7,0.5,0.5,30.0,427.5,2197.0,1078.0,40.0,1327.5,14.0,0.6,0.6,0.4,30.0,430.0,2195.0,1080.0,40.0,1330.0,14.0,0.6,0.6,0.4
1974,2,348.0,32.0,16.64,17.1,18.15,17.34,18.0,0.88,14.0,0.7,0.5,0.3,15.71,16.1,18.29,16.84,18.0,1.47,14.0,0.7,0.5,0.3,7.85,8.5,9.28,8.6,8.0,1.08,14.0,0.8,0.6,0.3,66.5,71.2,84.7,74.3,8.0,8.8,14.0,0.8,0.3,2.6,6.7,11.0,6.55,17.0,4.1,14.0,0.6,0.6,0.3,-6.94,-3.35,0.0,-3.48,17.0,4.49,14.0,0.6,0.6,0.3,-6.35,-3.1,0.0,-3.77,17.0,3.77,14.0,0.6,0.6,0.3,1016.59,1019.7,1024.24,1019.74,18.0,4.21,14.0,0.7,0.5,0.3,0.5,4.0,6.5,3.9,17.0,2.5,16.0,0.7,0.5,0.3,-55.1,-22.4,0.0,-32.7,17.0,49.8,14.0,0.6,0.6,0.3,-54.7,-16.8,0.0,-33.8,17.0,45.7,14.0,0.6,0.6,0.3,-0.5,0.95,1.65,0.49,18.0,1.62,14.0,0.7,0.5,0.3,-0.6,5.4,11.7,3.9,17.0,10.3,14.0,0.6,0.6,0.3,2.69,3.84,4.71,3.66,8.0,1.05,14.0,0.8,0.6,0.3,1.3,21.6,31.7,21.2,8.0,18.3,14.0,0.8,0.6,0.3,-114.1,-58.6,0.0,-56.9,17.0,72.3,14.0,0.6,0.6,0.3,-119.9,-56.4,0.0,-62.7,17.0,61.6,14.0,0.6,0.6,0.3,-67.1,-41.7,0.0,-37.7,8.0,36.3,14.0,0.8,0.6,0.3,-35.2,-22.9,0.0,-21.6,8.0,21.7,14.0,0.8,0.6,0.3,-29.9,-13.2,0.0,-16.9,8.0,19.0,14.0,0.8,0.6,0.3,-18.2,-10.6,0.0,-9.0,8.0,8.2,14.0,0.8,0.6,0.3,17.5,301.0,1331.0,594.0,17.0,762.0,14.0,0.6,0.6,0.3,20.0,300.0,1330.0,595.0,17.0,760.0,14.0,0.6,0.6,0.3
1974,2,348.0,33.0,16.0,17.0,17.71,17.02,11.0,0.84,16.0,0.7,0.4,0.5,15.62,17.85,18.97,17.55,14.0,1.6,16.0,0.8,0.5,0.4,7.03,9.63,9.94,8.9,8.0,1.43,14.0,0.6,0.4,0.4,63.7,77.0,79.6,73.5,8.0,7.6,14.0,0.6,0.4,4.09,7.2,9.49,7.02,13.0,3.37,16.0,0.8,0.5,0.4,-7.79,-1.37,1.81,-1.85,13.0,4.83,16.0,0.8,0.5,0.4,-6.28,-3.85,4.51,-2.51,13.0,5.57,16.0,0.8,0.5,0.4,1016.05,1019.1,1023.07,1019.09,14.0,5.14,16.0,0.8,0.5,0.4,3.0,6.0,7.0,5.2,14.0,2.1,16.0,0.8,0.5,0.4,-70.1,-6.3,11.3,-12.6,13.0,44.6,16.0,0.8,0.5,0.4,-47.2,-15.8,40.8,-21.4,13.0,56.4,16.0,0.8,0.5,0.4,-1.41,-0.5,1.33,-0.03,11.0,1.71,16.0,0.7,0.4,0.5,-7.0,-4.5,12.0,2.4,11.0,12.2,16.0,0.7,0.4,0.5,2.26,2.86,4.27,3.15,8.0,1.26,14.0,0.6,0.4,0.4,11.4,26.6,39.2,27.9,8.0,14.7,14.0,0.6,0.4,0.4,-120.6,-25.4,33.3,-32.1,13.0,81.3,16.0,0.8,0.5,0.4,-106.8,-69.9,81.3,-41.1,13.0,92.6,16.0,0.8,0.5,0.4,-73.4,-15.2,49.6,-12.5,8.0,54.1,14.0,0.6,0.4,0.4,-77.1,-36.8,46.1,-19.3,8.0,58.6,14.0,0.6,0.4,0.4,-20.2,-3.2,16.5,-3.5,8.0,17.9,14.0,0.6,0.4,0.4,-31.4,-8.1,11.7,-11.0,8.0,25.1,14.0,0.6,0.4,0.4,68.5,373.0,865.5,552.5,13.0,534.5,16.0,0.8,0.5,0.4,70.0,375.0,865.0,550.0,13.0,535.0,16.0,0.8,0.5,0.4
1974,2,348.0,34.0,16.0,17.0,18.0,16.72,29.0,1.06,14.0,0.6,0.4,0.4,14.32,15.5,17.0,15.73,29.0,1.24,14.0,0.6,0.4,0.4,6.56,7.79,9.92,8.09,16.0,1.51,14.0,0.7,0.4,0.4,62.6,75.9,83.9,74.0,17.0,10.9,14.0,0.6,0.4,5.0,7.7,11.08,8.26,29.0,3.57,14.0,0.6,0.4,0.4,-5.33,-2.63,3.31,-1.13,29.0,5.49,14.0,0.6,0.4,0.4,-9.2,-5.36,-2.2,-4.77,29.0,5.32,14.0,0.6,0.4,0.4,1018.34,1021.9,1026.0,1022.4,29.0,4.57,14.0,0.6,0.4,0.4,2.0,4.5,7.0,4.6,30.0,2.4,14.0,0.6,0.4,0.4,-44.2,-14.6,32.0,-2.1,29.0,75.7,14.0,0.6,0.4,0.4,-103.7,-36.1,-8.7,-47.0,29.0,66.7,14.0,0.6,0.4,0.4,-0.1,1.2,2.14,1.02,28.0,1.27,14.0,0.5,0.4,0.4,-1.4,7.0,18.4,8.9,27.0,11.5,14.0,0.5,0.4,0.4,2.65,4.1,5.22,4.04,15.0,1.28,14.0,0.7,0.4,0.4,15.5,31.3,43.0,32.3,14.0,18.0,16.0,0.6,0.5,0.4,-88.6,-38.1,50.6,-17.0,28.0,87.5,14.0,0.5,0.4,0.4,-142.3,-83.9,-31.4,-73.4,28.0,83.0,14.0,0.5,0.4,0.4,-41.5,-14.3,62.1,3.1,15.0,54.2,14.0,0.7,0.5,0.4,-72.6,-39.4,-21.2,-39.4,15.0,35.4,14.0,0.7,0.5,0.4,-20.4,-11.4,11.5,-2.2,14.0,23.2,16.0,0.6,0.5,0.4,-36.8,-26.5,-8.9,-23.9,14.0,17.2,16.0,0.6,0.5,0.4,125.0,456.5,1361.5,916.5,29.0,1457.5,14.0,0.6,0.4,0.4,125.0,455.0,1360.0,915.0,29.0,1460.0,14.0,0.6,0.4,0.4
1974,2,348.0,35.0,15.0,16.5,17.21,16.46,45.0,1.31,14.0,0.6,0.6,0.5,14.05,15.4,16.91,15.53,48.0,1.6,14.0,0.6,0.6,0.5,6.27,8.06,9.2,7.84,43.0,1.51,14.0,0.6,0.6,0.5,60.8,73.3,81.9,72.1,44.0,10.9,14.0,0.6,0.5,4.25,7.2,12.3,7.74,47.0,4.06,14.0,0.6,0.6,0.5,-5.1,0.71,6.05,0.36,47.0,5.41,14.0,0.6,0.6,0.5,-10.35,-3.85,1.75,-4.04,47.0,5.61,14.0,0.6,0.6,0.5,1017.95,1021.55,1025.27,1021.05,48.0,5.35,14.0,0.6,0.6,0.5,2.0,5.0,8.0,4.5,49.0,2.6,14.0,0.6,0.6,0.5,-33.0,2.3,54.8,10.9,47.0,62.2,14.0,0.6,0.6,0.5,-126.5,-24.4,5.8,-46.2,47.0,77.7,14.0,0.6,0.6,0.5,-0.54,1.45,2.8,1.02,44.0,1.87,14.0,0.6,0.6,0.5,-5.2,7.9,19.4,6.9,42.0,15.6,14.0,0.6,0.6,0.5,2.67,3.87,4.99,3.82,39.0,1.39,14.0,0.6,0.6,0.5,11.9,25.6,46.6,28.6,37.0,18.1,14.0,0.6,0.6,0.5,-78.2,4.6,96.7,1.8,46.0,76.9,14.0,0.6,0.6,0.5,-151.4,-50.5,30.3,-59.1,46.0,86.5,14.0,0.6,0.6,0.5,-42.8,0.0,35.7,-5.3,41.0,38.6,14.0,0.6,0.6,0.5,-67.0,-25.3,11.5,-29.2,41.0,40.1,14.0,0.6,0.6,0.5,-18.1,-3.4,22.0,-1.5,37.0,18.3,14.0,0.6,0.6,0.5,-38.3,-14.2,0.0,-17.7,37.0,22.6,14.0,0.6,0.6,0.5,77.5,373.0,1861.0,892.5,47.0,1416.5,14.0,0.6,0.6,0.5,75.0,375.0,1860.0,895.0,47.0,1415.0,14.0,0.6,0.6,0.5
1974,2,348.0,36.0,14.48,16.0,17.0,15.9,54.0,1.3,12.0,0.5,0.5,0.5,13.29,15.2,18.58,15.58,57.0,2.42,12.0,0.5,0.5,0.5,5.92,7.86,9.17,7.74,30.0,1.43,16.0,0.6,0.5,0.5,61.4,70.4,84.7,74.2,32.0,11.9,16.0,0.5,0.5,2.6,6.1,13.17,7.21,56.0,4.91,12.0,0.6,0.5,0.5,-1.07,2.11,6.58,2.33,56.0,4.54,12.0,0.6,0.5,0.5,-10.43,-3.92,0.0,-4.47,56.0,5.52,12.0,0.6,0.5,0.5,1017.77,1023.5,1033.43,1025.02,55.0,7.09,12.0,0.6,0.5,0.5,2.0,6.0,8.0,4.8,55.0,2.8,12.0,0.6,0.5,0.5,-4.6,9.3,63.1,27.0,56.0,56.6,12.0,0.6,0.5,0.5,-146.1,-19.9,0.0,-51.2,56.0,82.8,12.0,0.6,0.5,0.5,-3.12,0.4,1.9,0.18,53.0,2.51,12.0,0.5,0.5,0.5,-9.8,2.0,20.6,3.9,52.0,17.6,12.0,0.5,0.5,0.5,1.97,3.67,4.76,3.37,27.0,1.44,16.0,0.6,0.5,0.5,10.4,21.1,46.1,27.7,26.0,22.0,16.0,0.6,0.5,0.4,-18.5,33.9,103.4,35.6,56.0,70.5,12.0,0.6,0.5,0.5,-149.1,-53.7,0.0,-63.9,56.0,78.9,12.0,0.6,0.5,0.5,-24.6,17.9,40.9,14.2,29.0,39.8,16.0,0.6,0.5,0.5,-82.4,-39.9,-6.9,-45.5,29.0,42.7,16.0,0.6,0.5,0.5,-4.9,3.0,22.0,7.2,26.0,18.1,16.0,0.6,0.5,0.4,-43.0,-15.1,-1.8,-20.8,26.0,21.3,16.0,0.6,0.5,0.4,17.5,227.0,2293.0,949.0,56.0,1465.0,12.0,0.6,0.5,0.5,20.0,225.0,2295.0,950.0,56.0,1465.0,12.0,0.6,0.5,0.5
1974,2,348.0,37.0,14.0,15.0,16.0,14.95,73.0,1.09,16.0,0.6,0.4,0.5,12.8,14.0,15.89,14.07,80.0,1.67,16.0,0.6,0.4,0.5,6.11,7.02,8.14,7.12,62.0,1.15,16.0,0.6,0.3,0.5,61.5,70.6,78.7,71.2,63.0,9.3,16.0,0.6,0.5,4.1,6.95,15.31,8.81,78.0,5.4,16.0,0.6,0.4,0.5,-4.01,0.31,8.71,1.82,78.0,6.32,16.0,0.6,0.4,0.5,-13.53,-3.65,0.35,-5.12,78.0,6.17,16.0,0.6,0.4,0.5,1016.0,1020.0,1025.36,1020.4,80.0,4.54,16.0,0.6,0.4,0.5,1.0,4.0,7.0,4.3,75.0,2.6,16.0,0.6,0.4,0.5,-22.2,1.1,97.3,32.3,78.0,91.9,16.0,0.6,0.4,0.5,-194.9,-22.2,0.9,-70.8,78.0,101.0,16.0,0.6,0.4,0.5,-0.57,0.8,2.17,0.78,72.0,1.52,16.0,0.6,0.4,0.5,-3.2,3.9,22.4,10.1,70.0,17.6,16.0,0.6,0.4,0.5,2.55,3.37,4.24,3.41,58.0,1.11,16.0,0.6,0.3,0.5,10.8,21.8,54.6,29.4,57.0,23.2,18.0,0.6,0.3,0.5,-55.7,8.8,121.4,26.3,77.0,88.7,16.0,0.6,0.4,0.5,-175.2,-52.7,7.2,-66.1,77.0,80.6,16.0,0.6,0.4,0.5,-27.4,7.2,70.5,14.2,60.0,45.0,18.0,0.6,0.3,0.5,-69.7,-20.4,3.9,-26.9,60.0,36.2,18.0,0.6,0.3,0.5,-14.2,2.6,28.7,6.6,57.0,23.2,18.0,0.6,0.3,0.5,-43.7,-8.3,1.2,-16.2,57.0,23.9,18.0,0.6,0.3,0.5,69.0,337.0,3591.5,1535.5,78.0,2238.5,16.0,0.6,0.4,0.5,70.0,335.0,3590.0,1535.0,78.0,2240.0,16.0,0.6,0.4,0.5
1974,2,348.0,38.0,13.6,14.4,15.0,14.41,141.0,0.94,16.0,0.5,0.5,0.5,12.19,13.8,15.0,13.59,145.0,1.32,16.0,0.5,0.5,0.5,5.76,7.08,8.62,7.14,126.0,1.27,16.0,0.5,0.5,0.5,61.6,74.5,87.7,74.1,127.0,11.9,16.0,0.6,0.5,4.6,7.7,15.4,9.13,141.0,5.07,16.0,0.6,0.5,0.5,-3.85,2.78,7.98,2.57,141.0,5.96,16.0,0.6,0.5,0.5,-11.17,-4.0,1.39,-4.29,141.0,7.0,16.0,0.6,0.5,0.5,1016.14,1019.95,1024.59,1020.28,144.0,4.61,16.0,0.5,0.5,0.5,1.0,4.0,7.3,4.1,144.0,2.7,16.0,0.5,0.5,0.5,-21.2,16.6,108.5,40.0,141.0,84.3,16.0,0.6,0.5,0.5,-144.1,-24.4,5.7,-55.0,141.0,114.7,16.0,0.6,0.5,0.5,-0.3,0.6,2.0,0.76,141.0,1.28,16.0,0.5,0.5,0.5,-3.0,3.6,23.4,8.6,137.0,17.1,16.0,0.6,0.5,0.5,1.63,2.97,4.37,3.01,125.0,1.32,16.0,0.6,0.5,0.5,9.3,21.4,43.7,26.7,122.0,21.1,18.0,0.6,0.5,0.5,-48.9,40.0,112.6,34.8,141.0,80.4,16.0,0.6,0.5,0.5,-135.0,-55.2,19.5,-53.4,141.0,93.2,16.0,0.6,0.5,0.5,-24.6,17.8,56.9,17.1,123.0,40.0,18.0,0.6,0.5,0.5,-72.6,-27.4,8.8,-26.6,123.0,51.6,18.0,0.6,0.5,0.5,-14.0,3.7,23.6,4.3,122.0,19.0,18.0,0.6,0.5,0.5,-34.1,-9.3,3.0,-15.8,122.0,23.2,18.0,0.6,0.5,0.5,97.5,456.5,3652.5,1552.5,141.0,2266.5,16.0,0.6,0.5,0.5,95.0,455.0,3650.0,1550.0,141.0,2265.0,16.0,0.6,0.5,0.5
1974,2,348.0,39.0,13.3,14.0,15.0,14.12,124.0,0.98,14.0,0.5,0.7,0.4,11.92,13.4,14.78,13.43,128.0,1.57,14.0,0.5,0.7,0.4,5.78,6.96,8.79,7.17,112.0,1.39,14.0,0.5,0.7,0.4,65.4,74.2,85.9,74.7,113.0,10.4,16.0,0.5,0.4,4.6,8.7,15.4,9.44,124.0,5.19,14.0,0.5,0.7,0.4,-2.88,2.85,9.74,3.37,124.0,6.2,14.0,0.5,0.7,0.4,-11.33,-2.7,3.19,-3.15,124.0,7.54,14.0,0.5,0.7,0.4,1015.52,1020.1,1024.88,1019.86,128.0,5.45,14.0,0.5,0.7,0.4,0.0,5.0,8.0,4.5,128.0,3.0,14.0,0.5,0.7,0.4,-15.1,19.9,104.6,48.1,124.0,97.5,14.0,0.5,0.7,0.4,-136.4,-17.3,22.6,-40.0,124.0,117.3,14.0,0.5,0.7,0.4,-0.58,0.8,2.2,0.71,122.0,1.64,14.0,0.5,0.7,0.4,-5.1,4.5,25.5,7.4,116.0,18.7,14.0,0.5,0.7,0.4,1.19,2.91,4.17,2.75,109.0,1.4,16.0,0.5,0.7,0.4,6.2,20.4,46.0,25.2,106.0,19.5,14.0,0.5,0.7,0.4,-37.7,38.1,130.2,45.6,122.0,84.1,14.0,0.5,0.7,0.4,-133.9,-35.0,43.2,-36.5,122.0,103.3,14.0,0.5,0.7,0.4,-17.7,20.1,66.7,25.9,109.0,44.8,14.0,0.5,0.7,0.4,-75.1,-18.1,27.2,-16.8,109.0,58.4,14.0,0.5,0.7,0.4,-8.9,5.4,23.4,6.7,106.0,19.0,14.0,0.5,0.7,0.4,-36.7,-7.0,4.3,-12.7,106.0,21.3,14.0,0.5,0.7,0.4,97.5,658.5,3652.5,1673.0,124.0,2455.0,14.0,0.5,0.7,0.4,95.0,660.0,3650.0,1675.0,124.0,2455.0,14.0,0.5,0.7,0.4
1974,2,348.0,40.0,12.15,13.4,14.5,13.5,65.0,1.17,16.0,0.3,0.7,0.4,11.26,13.0,14.8,13.08,68.0,1.54,16.0,0.4,0.7,0.4,5.61,6.81,9.18,7.06,55.0,1.43,16.0,0.3,0.7,0.4,63.6,74.8,87.9,75.2,57.0,11.4,16.0,0.4,0.4,4.6,9.3,15.4,10.03,69.0,4.91,16.0,0.3,0.7,0.4,-3.39,4.04,10.4,3.72,69.0,6.37,16.0,0.3,0.7,0.4,-12.24,-3.98,3.54,-3.5,69.0,7.69,16.0,0.3,0.7,0.4,1015.25,1020.5,1023.86,1019.55,67.0,5.58,16.0,0.3,0.7,0.4,1.0,5.0,8.0,4.6,67.0,2.8,16.0,0.4,0.7,0.4,-17.5,34.4,138.5,54.2,69.0,92.7,16.0,0.3,0.7,0.4,-157.9,-22.5,36.2,-42.5,69.0,116.1,16.0,0.3,0.7,0.4,-1.0,0.25,2.0,0.48,64.0,1.65,16.0,0.3,0.7,0.4,-10.7,1.8,22.5,4.9,64.0,18.5,16.0,0.3,0.7,0.4,0.91,2.74,3.89,2.55,53.0,1.31,16.0,0.3,0.7,0.4,6.8,19.9,47.3,24.7,53.0,19.3,16.0,0.3,0.7,0.4,-40.8,47.4,136.3,47.7,68.0,83.2,16.0,0.4,0.7,0.4,-140.1,-49.9,49.8,-40.2,68.0,101.6,16.0,0.4,0.7,0.4,-18.9,18.6,87.5,25.6,55.0,46.3,16.0,0.3,0.7,0.4,-65.5,-22.2,27.3,-17.5,55.0,51.7,16.0,0.3,0.7,0.4,-11.7,4.1,15.3,5.4,53.0,16.9,16.0,0.3,0.7,0.4,-38.6,-10.0,1.8,-15.6,53.0,20.8,16.0,0.3,0.7,0.4,97.5,804.5,3652.5,1749.0,69.0,1973.5,16.0,0.3,0.7,0.4,95.0,805.0,3650.0,1750.0,69.0,1975.0,16.0,0.3,0.7,0.4
1974,2,348.0,41.0,12.0,13.0,14.0,13.07,31.0,1.2,16.0,0.3,0.7,0.4,11.02,12.4,14.15,12.46,33.0,1.41,16.0,0.2,0.7,0.5,5.36,6.35,8.14,6.78,18.0,1.32,18.0,0.4,0.7,0.4,62.0,76.9,86.3,75.3,19.0,11.6,18.0,0.4,0.5,6.11,12.0,15.4,11.17,32.0,4.64,16.0,0.3,0.6,0.4,-3.33,4.1,12.38,4.05,32.0,7.23,16.0,0.3,0.6,0.4,-11.96,-4.33,1.44,-4.26,32.0,7.89,16.0,0.3,0.6,0.4,1009.89,1020.75,1024.19,1018.6,32.0,6.82,16.0,0.3,0.7,0.5,2.0,5.0,8.0,4.8,29.0,2.9,16.0,0.3,0.7,0.5,-17.1,49.7,179.7,58.9,32.0,99.4,16.0,0.3,0.6,0.4,-182.6,-28.6,12.8,-56.6,32.0,121.8,16.0,0.3,0.6,0.4,-1.04,0.75,1.84,0.59,30.0,1.59,16.0,0.3,0.7,0.4,-14.2,3.9,28.0,7.0,28.0,21.4,16.0,0.3,0.7,0.4,1.55,2.39,3.39,2.46,17.0,1.14,18.0,0.4,0.7,0.4,9.8,19.4,39.6,24.3,17.0,15.2,18.0,0.4,0.7,0.4,-42.1,49.3,169.2,53.5,31.0,95.1,16.0,0.3,0.7,0.5,-135.9,-48.8,22.3,-42.9,31.0,96.2,16.0,0.3,0.7,0.5,-27.3,18.9,90.9,24.5,18.0,58.3,18.0,0.4,0.7,0.4,-54.7,-11.6,33.3,-11.9,18.0,58.3,18.0,0.4,0.7,0.4,-20.0,6.5,15.4,-1.6,17.0,18.9,18.0,0.4,0.7,0.4,-27.6,-11.7,1.0,-9.5,17.0,20.1,18.0,0.4,0.7,0.4,230.0,1728.0,3652.5,2056.5,32.0,1832.0,16.0,0.3,0.6,0.4,230.0,1730.0,3650.0,2055.0,32.0,1830.0,16.0,0.3,0.6,0.4
1974,2,348.0,42.0,12.0,13.0,14.0,13.12,20.0,1.2,14.0,0.4,0.7,0.4,11.0,12.25,13.73,12.39,22.0,1.21,14.0,0.3,0.7,0.4,6.15,7.15,7.73,7.12,13.0,1.0,16.0,0.3,0.7,0.4,67.7,79.7,91.3,81.0,13.0,10.9,16.0,0.3,0.4,7.23,12.15,15.4,11.87,20.0,3.9,14.0,0.4,0.7,0.5,-3.37,4.04,13.3,4.52,20.0,7.32,14.0,0.4,0.7,0.5,-11.78,-4.27,8.85,-3.14,20.0,8.83,14.0,0.4,0.7,0.5,1009.87,1018.2,1022.5,1017.21,22.0,6.69,14.0,0.3,0.7,0.4,5.0,7.0,8.0,6.6,18.0,1.6,14.0,0.4,0.7,0.4,-19.6,39.9,205.1,67.4,20.0,106.5,14.0,0.4,0.7,0.5,-139.0,-44.7,118.0,-42.0,20.0,122.3,14.0,0.4,0.7,0.5,-0.9,0.45,1.6,0.64,20.0,1.62,14.0,0.4,0.7,0.4,-8.3,5.1,21.7,8.4,19.0,22.3,14.0,0.4,0.7,0.4,1.23,2.06,2.82,1.99,12.0,1.01,16.0,0.3,0.7,0.4,7.0,20.9,37.8,21.9,12.0,15.7,16.0,0.3,0.7,0.4,-37.7,50.3,164.6,55.7,20.0,91.4,14.0,0.4,0.7,0.5,-143.7,-47.2,122.1,-35.9,20.0,113.1,14.0,0.4,0.7,0.5,-31.2,29.4,57.9,24.3,12.0,57.0,16.0,0.3,0.7,0.4,-58.1,-31.2,76.7,-14.3,12.0,64.0,16.0,0.3,0.7,0.4,-9.0,5.7,14.8,3.6,12.0,14.6,16.0,0.3,0.7,0.4,-31.1,-7.5,2.4,-11.3,12.0,20.1,16.0,0.3,0.7,0.4,378.5,1794.5,3652.5,2160.0,20.0,1609.0,14.0,0.4,0.7,0.5,380.0,1795.0,3650.0,2160.0,20.0,1610.0,14.0,0.4,0.7,0.5
1974,2,348.0,43.0,11.8,12.6,14.0,12.78,12.0,1.16,14.0,0.3,0.7,0.3,10.59,13.0,13.57,12.31,17.0,1.56,14.0,0.3,0.6,0.4,5.71,8.08,9.1,7.6,8.0,1.66,12.0,0.5,0.6,0.3,75.6,88.1,91.8,84.2,8.0,13.6,12.0,0.5,0.3,5.1,14.2,17.15,12.56,18.0,5.25,16.0,0.3,0.6,0.4,-5.37,7.6,15.52,5.07,18.0,10.67,16.0,0.3,0.6,0.4,-5.71,-0.79,6.36,0.12,18.0,7.31,16.0,0.3,0.6,0.4,1009.45,1020.0,1024.32,1017.91,17.0,6.83,16.0,0.3,0.6,0.3,4.4,7.0,8.0,6.2,18.0,2.2,16.0,0.3,0.6,0.4,-35.1,92.1,280.6,86.4,18.0,171.4,16.0,0.3,0.6,0.4,-80.8,-3.6,106.3,10.6,18.0,116.4,16.0,0.3,0.6,0.4,-1.24,0.0,2.24,0.28,11.0,2.21,12.0,0.4,0.7,0.3,-13.7,0.0,35.1,4.9,11.0,33.9,12.0,0.4,0.7,0.3,-0.27,0.86,3.82,1.4,6.0,2.0,10.0,0.5,0.6,0.2,-4.7,5.9,58.8,18.9,6.0,31.9,10.0,0.5,0.6,0.2,-66.3,105.1,201.1,74.7,17.0,132.0,14.0,0.3,0.6,0.4,-80.8,0.0,87.0,5.4,17.0,96.2,14.0,0.3,0.6,0.4,38.8,90.8,145.9,73.8,8.0,78.2,12.0,0.5,0.6,0.3,-13.3,18.9,53.1,13.3,8.0,41.6,12.0,0.5,0.6,0.3,-22.5,1.6,16.6,-1.0,6.0,36.6,10.0,0.5,0.6,0.2,-6.0,-0.4,5.1,0.9,6.0,10.3,10.0,0.5,0.6,0.2,132.5,2924.5,5048.0,2908.5,18.0,2468.0,16.0,0.3,0.6,0.4,135.0,2925.0,5050.0,2910.0,18.0,2470.0,16.0,0.3,0.6,0.4
1974,2,348.0,44.0,11.67,12.2,13.31,12.48,19.0,1.06,10.0,0.2,0.6,0.4,9.92,10.6,12.08,11.0,21.0,1.67,10.0,0.2,0.6,0.4,5.32,6.38,7.09,6.27,15.0,1.11,8.0,0.2,0.6,0.4,63.2,80.5,88.5,77.7,15.0,13.1,8.0,0.2,0.4,5.79,14.4,18.0,13.51,21.0,6.3,10.0,0.2,0.6,0.4,-2.93,10.3,17.56,8.72,21.0,8.74,10.0,0.2,0.6,0.4,-12.03,-2.87,2.39,-3.4,21.0,7.93,10.0,0.2,0.6,0.4,1001.17,1011.2,1021.27,1011.18,21.0,9.52,10.0,0.2,0.6,0.4,6.0,7.0,8.0,6.8,20.0,1.3,12.0,0.3,0.6,0.4,-21.4,110.8,316.5,156.2,21.0,187.7,10.0,0.2,0.6,0.4,-188.2,-25.0,18.9,-57.6,21.0,142.7,10.0,0.2,0.6,0.4,-0.5,1.6,2.86,1.38,19.0,1.92,10.0,0.2,0.6,0.4,-4.9,12.9,48.0,22.0,19.0,30.7,10.0,0.2,0.6,0.4,1.74,2.24,3.72,2.77,15.0,1.38,8.0,0.2,0.6,0.4,19.0,41.7,63.2,41.5,15.0,20.6,8.0,0.2,0.6,0.4,-31.8,113.3,187.0,97.2,21.0,96.2,10.0,0.2,0.6,0.4,-125.9,-31.3,24.1,-32.2,21.0,86.2,10.0,0.2,0.6,0.4,30.3,56.6,116.4,66.1,15.0,59.8,8.0,0.2,0.6,0.4,-78.5,-21.1,6.1,-27.0,15.0,55.5,8.0,0.2,0.6,0.4,5.2,33.6,52.4,28.7,15.0,26.4,8.0,0.2,0.6,0.4,-38.1,-10.8,9.4,-13.0,15.0,22.5,8.0,0.2,0.6,0.4,194.5,2986.0,5832.0,4043.5,21.0,4840.0,10.0,0.2,0.6,0.4,195.0,2985.0,5830.0,4045.0,21.0,4840.0,10.0,0.2,0.6,0.4
1974,2,348.0,45.0,11.0,11.8,12.55,11.82,23.0,1.04,10.0,0.5,0.5,0.5,9.67,11.1,13.0,11.16,29.0,1.6,10.0,0.4,0.5,0.4,4.7,5.79,7.09,6.09,22.0,1.36,12.0,0.4,0.5,0.4,61.4,77.2,86.8,75.3,23.0,13.5,12.0,0.4,0.4,8.86,13.95,19.84,14.04,30.0,5.81,10.0,0.4,0.5,0.4,2.63,9.61,18.12,9.5,30.0,8.8,10.0,0.4,0.5,0.4,-8.83,-0.36,6.61,-0.28,30.0,8.17,10.0,0.4,0.5,0.4,998.11,1011.5,1019.06,1010.11,29.0,11.01,10.0,0.4,0.5,0.4,4.0,6.0,8.0,6.0,26.0,1.7,12.0,0.5,0.5,0.4,10.2,118.6,333.6,167.0,30.0,183.7,10.0,0.4,0.5,0.4,-114.6,-0.4,60.0,-3.6,30.0,140.4,10.0,0.4,0.5,0.4,-1.4,0.55,2.57,0.64,22.0,2.01,10.0,0.5,0.5,0.5,-19.6,6.2,32.1,8.9,22.0,29.7,10.0,0.5,0.5,0.5,0.55,2.46,4.11,2.42,19.0,1.54,12.0,0.5,0.5,0.5,6.8,24.4,59.1,32.7,19.0,25.7,12.0,0.5,0.5,0.5,21.9,111.1,203.7,103.6,29.0,96.0,10.0,0.4,0.5,0.4,-91.8,0.0,73.2,5.0,29.0,96.3,10.0,0.4,0.5,0.4,8.4,57.5,101.6,53.3,22.0,50.8,12.0,0.4,0.5,0.4,-44.8,-4.4,47.5,6.5,22.0,63.1,12.0,0.4,0.5,0.4,-7.6,14.6,56.6,18.5,19.0,32.6,12.0,0.5,0.5,0.5,-24.3,-5.4,6.1,-8.1,19.0,17.0,12.0,0.5,0.5,0.5,703.5,2715.0,7867.0,4128.0,30.0,4247.0,10.0,0.4,0.5,0.4,705.0,2715.0,7865.0,4130.0,30.0,4245.0,10.0,0.4,0.5,0.4
1974,2,348.0,46.0,10.34,11.25,12.0,11.37,40.0,0.91,14.0,0.3,0.5,0.4,9.76,11.4,12.94,11.13,47.0,1.58,14.0,0.3,0.5,0.4,5.03,5.89,7.98,6.3,38.0,1.35,14.0,0.3,0.5,0.5,64.3,77.3,87.3,76.4,38.0,10.7,14.0,0.3,0.5,6.27,12.35,18.93,12.43,46.0,6.28,14.0,0.2,0.5,0.4,-2.54,8.55,14.5,6.77,46.0,8.82,14.0,0.2,0.5,0.4,-6.88,0.0,10.11,0.85,46.0,8.48,14.0,0.2,0.5,0.4,994.63,1008.1,1026.51,1010.02,47.0,13.62,14.0,0.3,0.5,0.4,4.5,6.5,8.0,6.2,42.0,1.9,14.0,0.3,0.5,0.4,-11.7,107.5,267.3,120.1,46.0,162.2,14.0,0.2,0.5,0.4,-70.7,0.0,184.9,21.2,46.0,151.9,14.0,0.2,0.5,0.4,-1.48,0.3,1.98,0.16,40.0,1.77,14.0,0.3,0.5,0.4,-22.6,0.0,18.5,-1.4,39.0,26.1,14.0,0.2,0.5,0.4,0.81,2.02,3.53,2.1,33.0,1.31,16.0,0.2,0.6,0.5,7.0,16.9,44.2,22.1,32.0,21.9,16.0,0.2,0.5,0.5,-24.1,87.8,169.9,80.5,46.0,105.6,14.0,0.2,0.5,0.4,-64.6,0.0,131.8,15.0,46.0,95.7,14.0,0.2,0.5,0.4,-15.6,40.0,109.2,46.8,37.0,65.5,14.0,0.2,0.5,0.5,-34.9,0.0,54.8,6.8,37.0,56.2,14.0,0.2,0.5,0.5,-13.2,6.2,22.8,6.9,32.0,21.8,16.0,0.2,0.5,0.5,-19.4,-0.8,10.2,-6.7,32.0,20.2,16.0,0.2,0.5,0.5,247.0,1895.0,6784.5,3354.0,46.0,3944.5,14.0,0.2,0.5,0.4,245.0,1895.0,6785.0,3355.0,46.0,3945.0,14.0,0.2,0.5,0.4
1974,2,348.0,47.0,10.0,11.5,12.67,11.52,24.0,1.33,16.0,0.4,0.6,0.4,9.68,10.4,11.6,10.42,31.0,1.16,16.0,0.4,0.6,0.4,5.06,6.04,6.92,6.08,17.0,1.02,14.0,0.5,0.7,0.4,63.7,77.3,97.3,78.2,17.0,13.6,14.0,0.5,0.4,4.06,8.45,15.1,9.57,30.0,5.45,16.0,0.4,0.6,0.4,-3.67,3.97,11.82,4.23,30.0,6.99,16.0,0.4,0.6,0.4,-7.08,-0.09,5.42,-0.31,30.0,7.55,16.0,0.4,0.6,0.4,1006.72,1019.2,1030.7,1016.75,31.0,14.39,16.0,0.4,0.6,0.4,4.6,7.0,8.0,6.6,30.0,1.9,16.0,0.4,0.6,0.4,-15.8,19.5,172.6,65.2,30.0,107.3,16.0,0.4,0.6,0.4,-58.5,-0.1,54.4,7.0,30.0,118.9,16.0,0.4,0.6,0.4,-0.77,1.1,3.03,1.03,24.0,1.95,16.0,0.4,0.6,0.4,-6.8,5.7,30.4,7.7,23.0,22.6,16.0,0.4,0.6,0.4,1.05,1.83,3.4,2.05,15.0,1.12,14.0,0.5,0.6,0.4,10.2,19.5,32.2,21.3,15.0,12.5,14.0,0.5,0.6,0.4,-37.6,40.9,122.2,45.1,30.0,77.2,16.0,0.4,0.6,0.4,-68.1,-0.9,51.8,-1.1,30.0,76.1,16.0,0.4,0.6,0.4,-23.5,25.7,94.2,33.8,17.0,48.8,14.0,0.5,0.7,0.4,-52.6,0.0,55.0,3.9,17.0,58.9,14.0,0.5,0.7,0.4,-2.7,8.2,17.7,7.7,15.0,12.8,14.0,0.5,0.6,0.4,-23.0,0.0,12.5,-4.7,15.0,19.7,14.0,0.5,0.6,0.4,67.0,605.0,3445.0,1779.0,30.0,2517.5,16.0,0.4,0.6,0.4,65.0,605.0,3445.0,1780.0,30.0,2520.0,16.0,0.4,0.6,0.4
1974,2,348.0,48.0,10.95,11.0,11.65,11.15,17.0,0.45,16.0,0.4,0.5,0.3,9.5,10.75,12.19,10.48,20.0,1.51,16.0,0.4,0.5,0.4,5.83,6.58,7.57,6.57,15.0,0.89,16.0,0.4,0.5,0.4,76.8,83.6,92.4,84.0,15.0,7.8,16.0,0.4,0.4,6.56,8.7,13.34,9.61,19.0,4.29,16.0,0.4,0.5,0.4,-3.38,4.95,10.57,3.62,19.0,7.2,16.0,0.4,0.5,0.4,-7.6,0.0,5.47,-1.2,19.0,6.97,16.0,0.4,0.5,0.4,1003.63,1015.6,1030.41,1016.79,19.0,13.78,16.0,0.4,0.5,0.4,5.0,7.0,8.0,6.4,21.0,2.0,16.0,0.4,0.5,0.4,-12.5,38.1,117.7,55.8,19.0,102.4,16.0,0.4,0.5,0.4,-59.6,0.0,57.8,-24.0,19.0,95.1,16.0,0.4,0.5,0.4,-0.71,1.0,1.92,0.88,17.0,1.54,16.0,0.4,0.5,0.3,-4.5,7.4,19.0,8.1,17.0,18.0,16.0,0.4,0.5,0.3,1.02,1.86,2.29,1.73,14.0,0.93,16.0,0.4,0.5,0.4,4.6,13.7,21.9,14.5,14.0,9.2,16.0,0.4,0.5,0.4,-36.8,32.2,135.2,38.8,19.0,77.6,16.0,0.4,0.5,0.4,-83.7,0.0,56.8,-13.4,19.0,74.0,16.0,0.4,0.5,0.4,-19.4,22.0,51.8,21.8,15.0,40.7,16.0,0.4,0.5,0.4,-37.9,0.0,38.1,-5.1,15.0,50.4,16.0,0.4,0.5,0.4,-4.2,0.3,15.6,4.6,14.0,12.6,16.0,0.4,0.5,0.4,-12.1,0.4,12.4,0.1,14.0,11.5,16.0,0.4,0.5,0.4,284.0,658.5,2405.5,1466.0,19.0,2125.5,16.0,0.4,0.5,0.4,285.0,660.0,2405.0,1465.0,19.0,2125.0,16.0,0.4,0.5,0.4
1974,2,348.0,49.0,10.0,11.0,11.2,10.6,30.0,0.88,22.0,0.3,0.7,0.4,9.8,10.2,10.98,10.57,33.0,1.28,22.0,0.3,0.7,0.4,4.98,5.76,6.84,5.91,25.0,1.01,22.0,0.3,0.6,0.4,66.0,74.1,83.0,75.7,25.0,9.1,22.0,0.3,0.4,4.1,7.6,10.61,7.87,34.0,4.19,22.0,0.3,0.7,0.4,-7.97,-3.66,5.79,-1.69,34.0,6.91,22.0,0.3,0.7,0.4,-1.86,1.74,4.91,2.16,34.0,5.09,22.0,0.3,0.7,0.4,1013.69,1028.55,1031.73,1023.46,34.0,13.38,22.0,0.3,0.7,0.4,6.0,8.0,8.0,6.7,23.0,2.0,20.0,0.4,0.7,0.4,-63.8,-17.2,34.7,-0.8,34.0,89.8,22.0,0.3,0.7,0.4,-10.4,11.8,40.8,27.6,34.0,79.7,22.0,0.3,0.7,0.4,-1.4,0.6,1.31,0.02,29.0,1.68,22.0,0.3,0.7,0.4,-9.1,4.0,7.4,-2.1,29.0,18.6,22.0,0.3,0.7,0.4,0.93,2.27,2.75,1.96,22.0,1.06,22.0,0.3,0.6,0.4,7.8,13.1,23.8,14.5,22.0,10.0,22.0,0.3,0.6,0.4,-77.0,-35.7,60.0,-10.8,33.0,78.3,22.0,0.3,0.7,0.4,-20.1,19.5,51.6,27.7,33.0,62.5,22.0,0.3,0.7,0.4,-43.1,-19.0,32.7,-3.8,25.0,45.2,22.0,0.3,0.6,0.4,-8.3,10.2,24.5,14.1,25.0,35.9,22.0,0.3,0.6,0.4,-19.8,-8.7,0.6,-7.9,22.0,12.7,22.0,0.3,0.6,0.4,-5.6,1.5,10.3,1.4,22.0,9.5,22.0,0.3,0.6,0.4,69.0,442.5,1198.0,992.5,34.0,1865.5,22.0,0.3,0.7,0.4,70.0,445.0,1200.0,995.0,34.0,1865.0,22.0,0.3,0.7,0.4
1974,2,348.0,50.0,9.93,10.8,11.1,10.6,24.0,0.69,22.0,0.3,0.8,0.3,7.92,9.3,10.43,9.35,25.0,1.79,22.0,0.3,0.8,0.3,5.02,5.73,6.55,5.8,15.0,0.9,22.0,0.3,0.8,0.3,70.4,79.1,86.3,78.1,15.0,9.4,22.0,0.3,0.3,5.08,10.0,12.9,9.97,26.0,4.35,22.0,0.3,0.8,0.3,-3.5,2.01,8.99,2.57,26.0,6.24,22.0,0.3,0.8,0.3,-5.63,2.28,10.02,2.66,26.0,8.31,22.0,0.3,0.8,0.3,1005.73,1020.0,1028.4,1015.7,25.0,15.15,22.0,0.3,0.8,0.3,6.0,8.0,8.0,7.1,20.0,1.4,22.0,0.4,0.7,0.3,-14.1,18.5,93.6,38.2,26.0,78.9,22.0,0.3,0.8,0.3,-43.0,13.5,100.5,33.7,26.0,121.5,22.0,0.3,0.8,0.3,-0.45,1.3,2.4,0.97,23.0,1.64,22.0,0.3,0.8,0.3,-6.2,9.4,23.6,7.8,23.0,22.6,22.0,0.3,0.8,0.3,1.42,2.17,2.74,2.15,14.0,0.81,22.0,0.3,0.8,0.3,7.8,17.3,31.5,19.0,14.0,10.5,22.0,0.3,0.8,0.3,-32.8,15.7,92.6,26.4,25.0,66.2,22.0,0.3,0.8,0.3,-50.8,18.9,96.4,24.1,25.0,74.5,22.0,0.3,0.8,0.3,-19.8,9.0,45.9,10.7,15.0,38.9,22.0,0.3,0.8,0.3,-24.5,8.9,55.1,15.4,15.0,50.3,22.0,0.3,0.8,0.3,-7.4,4.4,11.1,2.5,14.0,11.5,22.0,0.3,0.8,0.3,-20.1,3.1,7.5,0.3,14.0,19.0,22.0,0.3,0.8,0.3,131.5,1000.0,2146.5,1561.5,26.0,1932.5,22.0,0.3,0.8,0.3,130.0,1000.0,2145.0,1560.0,26.0,1930.0,22.0,0.3,0.8,0.3
1974,2,348.0,51.0,9.29,9.95,10.46,9.88,4.0,0.72,22.0,0.0,0.9,0.4,8.0,10.0,10.62,9.89,7.0,1.73,18.0,0.0,0.6,0.4,5.97,6.9,7.44,6.64,5.0,1.12,16.0,0.0,0.7,0.3,76.1,88.0,94.7,85.9,5.0,11.3,16.0,0.0,0.3,9.09,12.9,15.62,12.57,7.0,4.71,18.0,0.0,0.6,0.4,-0.22,8.05,15.4,7.22,7.0,7.49,18.0,0.0,0.6,0.4,-8.51,1.71,11.31,1.24,7.0,9.38,18.0,0.0,0.6,0.4,978.18,1004.5,1015.87,1001.99,7.0,18.7,18.0,0.0,0.6,0.4,3.0,5.5,8.0,5.5,6.0,2.4,16.0,0.0,0.6,0.3,-1.1,84.5,240.6,115.7,7.0,121.0,18.0,0.0,0.6,0.4,-114.3,8.6,146.6,-2.5,7.0,144.4,18.0,0.0,0.6,0.4,0.24,0.7,1.68,0.95,4.0,0.97,22.0,0.0,0.9,0.4,1.4,7.2,21.5,11.3,4.0,13.4,22.0,0.0,0.9,0.4,0.64,1.0,2.43,1.52,3.0,1.39,22.0,0.0,1.0,0.2,6.9,9.3,30.4,18.4,3.0,19.0,22.0,0.0,1.0,0.2,-2.1,84.6,156.2,78.8,7.0,84.5,18.0,0.0,0.6,0.4,-89.1,15.7,90.5,5.3,7.0,86.1,18.0,0.0,0.6,0.4,19.5,55.6,88.6,54.9,5.0,43.3,16.0,0.0,0.7,0.3,-22.6,32.1,63.8,21.1,5.0,55.2,16.0,0.0,0.7,0.3,2.5,8.0,16.3,9.4,3.0,10.1,22.0,0.0,1.0,0.2,5.0,5.8,25.6,15.1,3.0,17.1,22.0,0.0,1.0,0.2,772.0,2146.5,3866.0,2701.0,7.0,2638.5,18.0,0.0,0.6,0.4,770.0,2145.0,3865.0,2700.0,7.0,2640.0,18.0,0.0,0.6,0.4
1974,2,348.0,52.0,9.05,9.55,10.05,9.55,4.0,0.58,14.0,0.0,0.4,0.5,7.19,9.25,10.0,8.63,4.0,1.89,14.0,0.0,0.4,0.5,5.14,5.14,5.14,5.14,1.0,0.0,18.0,0.0,1.0,0.0,75.4,75.4,75.4,75.4,1.0,0.0,18.0,0.0,0.0,13.86,17.5,19.05,16.5,4.0,3.87,14.0,0.0,0.4,0.5,1.82,11.2,15.46,8.76,4.0,8.75,14.0,0.0,0.4,0.5,-14.89,-10.93,0.13,-7.54,4.0,11.11,14.0,0.0,0.4,0.5,985.8,987.5,1005.08,995.08,4.0,16.42,14.0,0.0,0.4,0.5,5.0,7.0,7.7,6.3,3.0,2.1,16.0,0.0,0.6,0.4,10.7,179.2,294.1,153.7,4.0,170.1,14.0,0.0,0.4,0.5,-271.5,-209.6,-28.6,-152.8,4.0,171.9,14.0,0.0,0.4,0.5,-0.47,0.8,2.33,0.93,4.0,1.73,14.0,0.0,0.4,0.5,-8.5,13.6,44.4,17.8,4.0,33.4,14.0,0.0,0.4,0.5,2.46,2.46,2.46,2.46,1.0,0.0,18.0,0.0,1.0,0.0,41.9,41.9,41.9,41.9,1.0,0.0,18.0,0.0,1.0,0.0,20.5,81.3,125.4,73.4,4.0,75.0,14.0,0.0,0.4,0.5,-117.4,-83.6,7.4,-56.3,4.0,97.9,14.0,0.0,0.4,0.5,-15.2,-15.2,-15.2,-15.2,1.0,0.0,18.0,0.0,1.0,0.0,-86.1,-86.1,-86.1,-86.1,1.0,0.0,18.0,0.0,1.0,0.0,-7.3,-7.3,-7.3,-7.3,1.0,0.0,18.0,0.0,1.0,0.0,-41.3,-41.3,-41.3,-41.3,1.0,0.0,18.0,0.0,1.0,0.0,3036.5,5372.5,6968.0,5019.0,4.0,2778.5,14.0,0.0,0.4,0.5,3035.0,5375.0,6970.0,5020.0,4.0,2780.0,14.0,0.0,0.4,0.5
1974,2,348.0,53.0,8.0,8.9,10.02,8.98,6.0,0.92,16.0,0.2,0.6,0.5,5.98,9.25,10.06,8.45,6.0,2.04,16.0,0.2,0.6,0.5,3.9,3.9,3.9,3.9,1.0,0.0,14.0,0.0,0.3,0.5,66.8,66.8,66.8,66.8,1.0,0.0,14.0,0.0,0.5,7.91,18.0,19.25,15.63,7.0,6.37,16.0,0.1,0.7,0.4,0.0,8.0,9.27,6.57,7.0,5.18,16.0,0.1,0.7,0.4,-17.19,-12.21,6.67,-6.47,7.0,14.13,16.0,0.1,0.7,0.4,988.72,1001.0,1015.34,1002.28,6.0,16.37,16.0,0.2,0.6,0.5,4.5,5.0,6.0,5.3,4.0,1.3,14.0,0.3,0.7,0.5,0.0,110.8,203.9,116.2,7.0,103.8,16.0,0.1,0.7,0.4,-316.2,-232.0,48.8,-153.3,7.0,267.9,16.0,0.1,0.7,0.4,-1.43,-0.25,3.25,0.53,6.0,2.53,16.0,0.2,0.6,0.5,-15.7,-3.7,38.4,5.5,6.0,34.8,16.0,0.2,0.6,0.5,3.88,3.88,3.88,3.88,1.0,0.0,14.0,0.0,0.3,0.5,31.1,31.1,31.1,31.1,1.0,0.0,14.0,0.0,0.3,0.5,0.0,49.8,88.4,46.6,6.0,40.4,16.0,0.2,0.6,0.5,-147.2,-36.6,82.2,-25.9,6.0,124.3,16.0,0.2,0.6,0.5,31.2,31.2,31.2,31.2,1.0,0.0,14.0,0.0,0.3,0.5,0.0,0.0,0.0,0.0,1.0,0.0,14.0,0.0,0.3,0.5,31.1,31.1,31.1,31.1,1.0,0.0,14.0,0.0,0.3,0.5,0.0,0.0,0.0,0.0,1.0,0.0,14.0,0.0,0.3,0.5,499.0,5832.0,7208.5,5363.0,7.0,4685.0,16.0,0.1,0.7,0.4,500.0,5830.0,7210.0,5365.0,7.0,4685.0,16.0,0.1,0.7,0.4
1974,2,348.0,54.0,9.09,9.7,9.91,9.58,13.0,0.44,14.0,0.2,0.6,0.6,6.5,8.6,9.23,7.98,15.0,1.31,14.0,0.1,0.6,0.5,4.33,5.53,6.39,5.39,12.0,0.91,14.0,0.2,0.5,0.6,73.7,77.2,88.7,79.8,12.0,7.1,14.0,0.2,0.6,2.6,8.7,15.74,8.7,15.0,5.91,14.0,0.1,0.6,0.5,-4.15,0.72,5.84,1.74,15.0,5.99,14.0,0.1,0.6,0.5,-0.35,6.33,10.59,6.41,15.0,5.73,14.0,0.1,0.6,0.5,968.73,990.2,1020.43,992.99,15.0,23.71,14.0,0.1,0.6,0.5,2.2,6.0,8.0,5.3,15.0,2.6,14.0,0.1,0.6,0.5,-36.5,1.5,56.3,32.7,15.0,97.5,14.0,0.1,0.6,0.5,-0.9,58.0,123.8,83.0,15.0,97.1,14.0,0.1,0.6,0.5,0.4,1.3,3.51,1.75,13.0,1.42,14.0,0.2,0.6,0.6,3.2,7.1,13.1,10.2,13.0,11.3,14.0,0.2,0.6,0.6,1.24,2.27,3.16,2.15,12.0,0.91,14.0,0.2,0.5,0.6,5.9,10.1,21.3,13.8,12.0,12.1,14.0,0.2,0.5,0.6,-36.6,4.7,46.3,13.1,15.0,53.6,14.0,0.1,0.6,0.5,-2.3,60.1,82.1,54.2,15.0,46.2,14.0,0.1,0.6,0.5,-14.3,1.6,18.3,7.3,12.0,33.5,14.0,0.2,0.5,0.6,-2.5,33.4,53.5,28.0,12.0,24.9,14.0,0.2,0.5,0.6,-4.1,1.1,8.4,4.5,12.0,13.0,14.0,0.2,0.5,0.6,-1.8,8.0,15.9,7.8,12.0,10.0,14.0,0.2,0.5,0.6,17.5,658.5,4143.5,1587.5,15.0,2367.5,14.0,0.1,0.6,0.5,20.0,660.0,4145.0,1590.0,15.0,2370.0,14.0,0.1,0.6,0.5
1974,2,348.0,55.0,8.32,9.65,10.0,9.28,6.0,0.88,12.0,0.3,0.5,0.4,6.31,9.6,9.98,8.56,8.0,1.92,10.0,0.4,0.6,0.4,5.3,6.57,7.33,6.1,7.0,1.53,10.0,0.4,0.7,0.5,79.8,94.8,96.2,86.2,7.0,15.7,10.0,0.4,0.5,15.4,15.4,18.22,15.35,8.0,4.95,10.0,0.4,0.6,0.4,-2.86,5.9,13.17,4.25,8.0,10.24,10.0,0.4,0.6,0.4,4.67,8.8,15.32,6.51,8.0,10.95,10.0,0.4,0.6,0.4,977.02,982.85,1004.57,987.13,8.0,15.56,10.0,0.4,0.6,0.4,5.0,8.0,8.0,7.0,7.0,1.7,10.0,0.4,0.7,0.5,-52.8,90.8,202.8,52.3,8.0,184.4,10.0,0.4,0.6,0.4,27.8,135.5,244.5,102.4,8.0,208.0,10.0,0.4,0.6,0.4,-0.23,1.0,2.72,1.07,6.0,1.6,12.0,0.3,0.5,0.4,-3.5,5.7,52.4,17.7,6.0,31.0,12.0,0.3,0.5,0.4,0.79,1.48,2.82,1.77,5.0,1.2,12.0,0.4,0.6,0.5,12.2,16.1,37.1,23.2,5.0,15.2,12.0,0.4,0.6,0.5,-20.6,56.6,128.8,50.8,8.0,86.2,10.0,0.4,0.6,0.4,31.5,85.1,95.0,59.1,8.0,85.7,10.0,0.4,0.6,0.4,-20.3,86.4,94.6,38.3,7.0,70.3,10.0,0.4,0.7,0.5,9.2,54.6,75.4,35.3,7.0,64.7,10.0,0.4,0.7,0.5,-12.6,0.0,9.3,-1.7,5.0,13.4,12.0,0.4,0.6,0.5,-13.7,5.1,19.3,1.1,5.0,26.8,12.0,0.4,0.6,0.5,3652.5,3652.5,6083.5,4491.0,8.0,3056.5,10.0,0.4,0.6,0.4,3650.0,3650.0,6085.0,4490.0,8.0,3055.0,10.0,0.4,0.6,0.4
1974,2,348.0,56.0,9.33,9.4,9.6,9.47,3.0,0.21,16.0,0.3,0.7,0.5,9.24,9.65,9.9,9.58,4.0,0.43,18.0,0.3,0.7,0.5,7.19,7.2,7.22,7.2,2.0,0.04,20.0,0.0,0.6,0.7,96.5,97.4,98.2,97.4,2.0,1.9,20.0,0.0,0.7,11.04,12.15,14.0,12.5,4.0,1.86,18.0,0.3,0.7,0.5,1.61,9.45,12.39,7.11,4.0,8.06,18.0,0.3,0.7,0.5,4.45,6.02,9.71,7.03,4.0,3.68,18.0,0.3,0.7,0.5,987.59,1016.5,1016.7,1002.8,4.0,27.6,18.0,0.3,0.7,0.5,8.0,8.0,8.0,8.0,4.0,0.0,18.0,0.3,0.7,0.5,12.3,104.7,166.4,90.0,4.0,110.8,18.0,0.3,0.7,0.5,58.6,75.5,119.4,88.3,4.0,49.3,18.0,0.3,0.7,0.5,-0.57,-0.5,-0.02,-0.3,3.0,0.44,16.0,0.3,0.7,0.5,-7.7,-7.4,-0.9,-4.4,3.0,5.7,16.0,0.3,0.7,0.5,0.07,0.12,0.17,0.12,2.0,0.11,20.0,0.0,0.6,0.7,1.0,1.4,1.9,1.4,2.0,1.0,20.0,0.0,0.6,0.7,14.1,87.1,117.4,66.7,4.0,78.1,18.0,0.3,0.7,0.5,42.0,57.9,95.4,68.2,4.0,38.2,18.0,0.3,0.7,0.5,66.3,80.2,94.0,80.2,2.0,28.8,20.0,0.0,0.6,0.7,38.7,43.4,48.0,43.4,2.0,9.6,20.0,0.0,0.6,0.7,0.8,1.2,1.5,1.2,2.0,0.7,20.0,0.0,0.6,0.7,0.4,0.8,1.2,0.8,2.0,0.8,20.0,0.0,0.6,0.7,1347.0,1820.0,2779.0,2052.0,4.0,930.5,18.0,0.3,0.7,0.5,1345.0,1820.0,2780.0,2050.0,4.0,930.0,18.0,0.3,0.7,0.5
1974,2,348.0,57.0,8.83,9.4,9.4,9.04,8.0,0.97,18.0,0.0,0.6,0.2,5.52,5.9,6.91,6.53,8.0,1.68,18.0,0.0,0.6,0.2,5.11,5.13,5.58,5.47,7.0,0.6,18.0,0.0,0.6,0.2,87.1,88.8,90.2,88.9,7.0,1.9,18.0,0.0,0.2,11.78,21.6,22.6,18.34,8.0,6.15,18.0,0.0,0.6,0.2,0.0,0.96,6.01,2.46,8.0,5.85,18.0,0.0,0.6,0.2,-22.6,-19.09,-11.47,-16.38,8.0,8.62,18.0,0.0,0.6,0.2,991.72,996.0,1020.42,1001.64,8.0,13.95,18.0,0.0,0.6,0.2,0.0,6.0,8.0,4.9,7.0,3.4,18.0,0.0,0.6,0.2,0.0,10.5,76.7,41.7,8.0,117.8,18.0,0.0,0.6,0.2,-510.8,-408.4,-139.7,-344.7,8.0,199.4,18.0,0.0,0.6,0.2,1.03,3.05,3.88,2.51,8.0,1.61,18.0,0.0,0.6,0.2,13.0,67.6,84.2,54.5,8.0,36.0,18.0,0.0,0.6,0.2,1.61,2.3,2.31,1.92,7.0,0.58,18.0,0.0,0.6,0.2,31.1,49.8,52.3,40.0,7.0,17.5,18.0,0.0,0.6,0.2,0.0,5.6,61.1,17.6,8.0,40.9,18.0,0.0,0.6,0.2,-128.3,-117.7,-68.2,-95.5,8.0,53.1,18.0,0.0,0.6,0.2,-1.6,0.0,44.2,14.9,7.0,35.7,18.0,0.0,0.6,0.2,-115.7,-108.5,-86.1,-89.3,7.0,47.4,18.0,0.0,0.6,0.2,-0.5,0.0,9.3,3.6,7.0,10.4,18.0,0.0,0.6,0.2,-52.3,-49.0,-25.9,-37.4,7.0,20.3,18.0,0.0,0.6,0.2,1830.0,10077.5,11543.0,7781.0,8.0,4696.0,18.0,0.0,0.6,0.2,1830.0,10080.0,11545.0,7780.0,8.0,4695.0,18.0,0.0,0.6,0.2
1974,2,348.0,58.0,9.0,9.0,9.0,9.0,1.0,0.0,20.0,1.0,0.3,0.6,7.48,9.0,10.42,8.95,4.0,1.75,12.0,0.5,0.7,0.4,7.41,7.41,7.41,7.41,1.0,0.0,20.0,1.0,0.3,0.6,97.4,97.4,97.4,97.4,1.0,0.0,20.0,1.0,0.6,9.78,10.65,11.68,10.73,4.0,1.26,12.0,0.5,0.7,0.4,0.03,10.26,11.5,5.97,4.0,9.86,12.0,0.5,0.7,0.4,-2.03,0.64,3.36,0.66,4.0,3.11,12.0,0.5,0.7,0.4,981.65,1000.4,1012.81,997.38,4.0,18.55,12.0,0.5,0.7,0.4,7.0,8.0,8.0,7.5,4.0,1.0,12.0,0.5,0.7,0.4,4.9,109.4,134.8,71.6,4.0,103.9,12.0,0.5,0.7,0.4,-23.8,4.3,33.1,4.6,4.0,32.8,12.0,0.5,0.7,0.4,-1.0,-1.0,-1.0,-1.0,1.0,0.0,20.0,1.0,0.3,0.6,-10.3,-10.3,-10.3,-10.3,1.0,0.0,20.0,1.0,0.3,0.6,-0.29,-0.29,-0.29,-0.29,1.0,0.0,20.0,1.0,0.3,0.6,-3.0,-3.0,-3.0,-3.0,1.0,0.0,20.0,1.0,0.3,0.6,14.0,96.8,107.4,62.4,4.0,82.9,12.0,0.5,0.7,0.4,-18.9,2.6,29.1,4.9,4.0,28.0,12.0,0.5,0.7,0.4,71.7,71.7,71.7,71.7,1.0,0.0,20.0,1.0,0.3,0.6,26.1,26.1,26.1,26.1,1.0,0.0,20.0,1.0,0.3,0.6,-2.9,-2.9,-2.9,-2.9,1.0,0.0,20.0,1.0,0.3,0.6,-1.0,-1.0,-1.0,-1.0,1.0,0.0,20.0,1.0,0.3,0.6,941.5,1212.0,1608.5,1272.0,4.0,447.5,12.0,0.5,0.7,0.4,940.0,1210.0,1610.0,1270.0,4.0,450.0,12.0,0.5,0.7,0.4
1974,2,348.0,59.0,8.75,8.85,8.95,8.85,2.0,0.21,18.0,1.0,0.8,0.5,1.76,5.95,6.0,3.98,4.0,3.98,18.0,0.8,0.7,0.3,5.1,5.23,5.35,5.23,2.0,0.26,18.0,1.0,0.4,0.2,88.5,90.4,92.4,90.4,2.0,4.0,18.0,1.0,0.2,11.0,15.4,15.98,13.58,4.0,4.41,18.0,0.8,0.7,0.3,-6.72,-5.46,0.94,-3.01,4.0,6.48,18.0,0.8,0.7,0.3,7.6,13.9,15.01,11.43,4.0,6.09,18.0,0.8,0.7,0.3,1010.06,1010.2,1010.95,1010.5,3.0,0.7,18.0,0.7,0.6,0.2,7.0,7.5,8.0,7.5,4.0,0.6,18.0,0.8,0.7,0.3,-106.5,-87.1,-14.5,-61.7,4.0,73.5,18.0,0.8,0.7,0.3,106.6,214.1,240.1,175.2,4.0,107.7,18.0,0.8,0.7,0.3,4.1,6.9,9.7,6.9,2.0,5.8,18.0,1.0,0.8,0.5,48.5,60.1,71.6,60.1,2.0,24.0,18.0,1.0,0.8,0.5,1.94,1.94,1.94,1.94,1.0,0.0,18.0,1.0,0.6,0.2,29.9,29.9,29.9,29.9,1.0,0.0,18.0,1.0,0.6,0.2,-39.9,-32.7,-21.9,-31.0,4.0,13.4,18.0,0.8,0.7,0.3,35.0,82.8,90.1,63.4,4.0,45.9,18.0,0.8,0.7,0.3,-37.2,-33.7,-30.1,-33.7,2.0,7.3,18.0,1.0,0.4,0.2,69.0,72.8,76.5,72.8,2.0,7.7,18.0,1.0,0.4,0.2,-14.9,-14.9,-14.9,-14.9,1.0,0.0,18.0,1.0,0.6,0.2,25.9,25.9,25.9,25.9,1.0,0.0,18.0,1.0,0.6,0.2,1918.5,3652.5,4092.5,3035.0,4.0,1838.0,18.0,0.8,0.7,0.3,1920.0,3650.0,4090.0,3035.0,4.0,1840.0,18.0,0.8,0.7,0.3
1974,2,348.0,60.0,,,,,,,,,,,,,,,,,,,,,,,,,,,,,,,,,,,,,,,,4.26,4.6,15.11,9.57,3.0,9.04,12.0,0.7,0.8,0.7,-3.56,-2.64,1.53,-1.05,3.0,3.97,12.0,0.7,0.8,0.7,-0.57,3.14,14.44,6.85,3.0,11.46,12.0,0.7,0.8,0.7,990.55,993.05,996.02,993.28,4.0,3.17,10.0,0.8,0.9,0.6,,,,,,,,,,,,,,,,,,,,,,,,,,,,,,,,,,,,,,,,,,,,,,,,,,,,,,,,,,,,,,,,,,,,,,,,,,,,,,,,,,,,,,,,,,,,,,,,,,,,,,,,,,,,,,,,,,,,,,,,,,,,,,,,,,,,,,,,,,,,,,,,,,,,,,
1974,2,348.0,61.0,7.16,7.5,7.84,7.5,2.0,0.71,20.0,0.5,0.6,0.3,4.31,6.0,8.78,5.56,14.0,2.95,16.0,0.6,0.6,0.4,6.37,6.37,6.37,6.37,1.0,0.0,28.0,1.0,0.6,0.0,90.3,90.3,90.3,90.3,1.0,0.0,28.0,1.0,0.0,3.9,12.3,18.1,11.31,13.0,5.94,16.0,0.5,0.6,0.4,-0.43,4.21,14.64,4.44,13.0,8.56,16.0,0.5,0.6,0.4,-8.26,0.0,7.61,0.72,13.0,8.86,16.0,0.5,0.6,0.4,980.38,993.6,1014.69,994.74,10.0,18.91,14.0,0.5,0.6,0.5,2.9,7.0,8.0,5.7,13.0,2.4,16.0,0.6,0.6,0.4,-9.7,51.7,237.2,55.6,13.0,140.5,16.0,0.5,0.6,0.4,-101.5,0.0,82.1,8.6,13.0,148.8,16.0,0.5,0.6,0.4,0.67,4.05,7.43,4.05,2.0,7.0,20.0,0.5,0.6,0.3,-9.3,5.4,20.1,5.4,2.0,30.5,20.0,0.5,0.6,0.3,0.27,0.27,0.27,0.27,1.0,0.0,28.0,1.0,0.6,0.0,4.8,4.8,4.8,4.8,1.0,0.0,28.0,1.0,0.6,0.0,-7.2,27.8,73.2,24.0,13.0,52.2,16.0,0.5,0.6,0.4,-26.2,0.0,61.4,9.8,13.0,59.9,16.0,0.5,0.6,0.4,19.9,19.9,19.9,19.9,1.0,0.0,28.0,1.0,0.6,0.0,112.9,112.9,112.9,112.9,1.0,0.0,28.0,1.0,0.6,0.0,0.8,0.8,0.8,0.8,1.0,0.0,28.0,1.0,0.6,0.0,4.7,4.7,4.7,4.7,1.0,0.0,28.0,1.0,0.6,0.0,60.5,1861.0,5930.0,2522.5,13.0,2594.0,16.0,0.5,0.6,0.4,60.0,1860.0,5930.0,2520.0,13.0,2595.0,16.0,0.5,0.6,0.4
1974,2,348.0,62.0,6.54,7.7,8.59,7.57,3.0,1.5,12.0,0.3,0.3,0.6,1.0,2.25,6.76,3.58,12.0,3.31,14.0,0.3,0.6,0.5,3.93,4.56,5.19,4.56,2.0,1.3,8.0,0.5,0.3,0.5,83.2,88.9,94.6,88.9,2.0,11.8,8.0,0.5,0.5,9.3,12.3,19.0,12.93,12.0,4.93,14.0,0.3,0.6,0.5,-11.64,-7.48,-0.39,-5.82,12.0,7.5,14.0,0.3,0.6,0.5,-13.29,-6.64,3.89,-4.73,12.0,9.43,14.0,0.3,0.6,0.5,992.39,999.9,1017.91,1003.91,13.0,13.36,14.0,0.2,0.6,0.5,7.0,8.0,8.0,7.5,11.0,0.7,14.0,0.3,0.7,0.5,-198.9,-89.7,10.2,-93.2,12.0,110.5,14.0,0.3,0.6,0.5,-252.5,-70.9,36.2,-80.6,12.0,159.4,14.0,0.3,0.6,0.5,2.22,5.7,6.25,4.27,3.0,3.2,12.0,0.3,0.3,0.6,12.7,19.5,50.2,31.2,3.0,29.2,12.0,0.3,0.3,0.6,0.82,1.75,2.67,1.75,2.0,1.91,8.0,0.5,0.3,0.5,10.8,20.7,30.5,20.7,2.0,20.3,8.0,0.5,0.3,0.5,-50.0,-7.9,24.5,-7.7,11.0,49.1,14.0,0.3,0.6,0.5,-17.9,-7.1,40.9,4.4,11.0,36.5,14.0,0.3,0.6,0.5,-77.5,-56.8,-36.1,-56.8,2.0,42.9,8.0,0.5,0.3,0.5,-26.5,-15.8,-5.0,-15.8,2.0,22.3,8.0,0.5,0.3,0.5,-20.0,-14.4,-8.9,-14.4,2.0,11.5,8.0,0.5,0.3,0.5,-22.6,-13.4,-4.3,-13.4,2.0,19.0,8.0,0.5,0.3,0.5,804.5,1861.0,6859.0,2988.0,12.0,2602.0,14.0,0.3,0.6,0.5,805.0,1860.0,6860.0,2990.0,12.0,2600.0,14.0,0.3,0.6,0.5
1974,2,348.0,63.0,6.62,7.0,7.14,7.07,11.0,0.66,14.0,0.4,0.6,0.5,0.0,5.5,6.55,4.03,13.0,2.97,16.0,0.4,0.6,0.4,3.32,4.56,5.39,4.42,8.0,1.1,16.0,0.4,0.6,0.5,74.6,84.0,92.2,83.2,8.0,8.1,16.0,0.4,0.5,4.39,20.0,23.41,15.45,11.0,9.28,14.0,0.3,0.6,0.4,-15.27,-4.32,6.3,-4.32,11.0,9.56,14.0,0.3,0.6,0.4,-15.84,1.3,13.46,-0.17,11.0,15.39,14.0,0.3,0.6,0.4,988.82,995.95,1012.66,997.99,12.0,11.18,14.0,0.4,0.7,0.4,5.0,8.0,8.0,6.9,13.0,1.7,16.0,0.4,0.6,0.4,-329.0,-19.9,68.2,-102.8,11.0,195.5,14.0,0.3,0.6,0.4,-362.0,3.4,261.4,-9.7,11.0,364.5,14.0,0.3,0.6,0.4,-0.1,1.9,6.75,2.95,11.0,3.05,14.0,0.4,0.6,0.5,-0.9,12.2,150.6,61.2,10.0,73.9,14.0,0.3,0.6,0.4,0.88,1.58,2.99,1.82,8.0,1.09,16.0,0.4,0.6,0.5,17.8,24.9,68.1,39.4,7.0,29.5,16.0,0.3,0.6,0.5,-27.9,0.0,39.5,4.1,11.0,32.4,14.0,0.3,0.6,0.4,-4.1,7.8,92.0,35.4,11.0,65.2,14.0,0.3,0.6,0.4,-54.5,-25.2,39.4,-15.8,7.0,40.4,16.0,0.3,0.6,0.5,-57.5,-8.3,114.7,16.0,7.0,83.9,16.0,0.3,0.6,0.5,-40.8,-4.0,8.8,-16.2,7.0,26.6,16.0,0.3,0.6,0.5,-46.9,-0.6,22.5,-14.5,7.0,37.8,16.0,0.3,0.6,0.5,85.5,8000.0,12828.0,7137.0,11.0,6919.5,14.0,0.3,0.6,0.4,85.0,8000.0,12830.0,7135.0,11.0,6920.0,14.0,0.3,0.6,0.4
1974,2,348.0,64.0,6.26,6.7,7.22,6.7,7.0,0.7,10.0,0.0,0.4,0.4,0.0,2.0,5.66,2.48,16.0,2.76,10.0,0.4,0.4,0.5,3.06,3.06,3.06,3.06,1.0,0.0,8.0,0.0,0.4,0.1,69.5,69.5,69.5,69.5,1.0,0.0,8.0,0.0,0.1,5.89,9.3,13.73,10.39,17.0,4.97,10.0,0.4,0.4,0.5,-7.91,-3.52,0.0,-3.6,17.0,4.03,10.0,0.4,0.4,0.5,-9.42,-7.12,-0.15,-3.51,17.0,9.82,10.0,0.4,0.4,0.5,976.36,994.0,1003.95,992.04,17.0,12.47,10.0,0.4,0.4,0.4,6.0,7.0,8.0,6.9,16.0,1.2,10.0,0.4,0.4,0.5,-92.6,-20.3,0.0,-39.3,17.0,45.6,10.0,0.4,0.4,0.5,-115.3,-66.3,1.0,-15.4,17.0,174.1,10.0,0.4,0.4,0.5,0.38,5.7,6.09,3.76,7.0,3.31,10.0,0.0,0.4,0.4,2.2,15.3,65.3,35.8,7.0,50.9,10.0,0.0,0.4,0.4,3.51,3.51,3.51,3.51,1.0,0.0,8.0,0.0,0.4,0.1,37.9,37.9,37.9,37.9,1.0,0.0,8.0,0.0,0.4,0.1,-28.0,-4.0,0.0,-9.7,16.0,20.6,10.0,0.4,0.4,0.5,-22.8,-10.1,5.8,-0.7,16.0,43.7,10.0,0.4,0.4,0.5,-5.7,-5.7,-5.7,-5.7,1.0,0.0,8.0,0.0,0.4,0.1,-32.5,-32.5,-32.5,-32.5,1.0,0.0,8.0,0.0,0.4,0.1,-6.6,-6.6,-6.6,-6.6,1.0,0.0,8.0,0.0,0.4,0.1,-37.3,-37.3,-37.3,-37.3,1.0,0.0,8.0,0.0,0.4,0.1,230.0,804.5,2686.5,1934.5,17.0,2877.5,10.0,0.4,0.4,0.5,230.0,805.0,2685.0,1935.0,17.0,2880.0,10.0,0.4,0.4,0.5
1974,2,348.0,65.0,,,,,,,,,,,,,,,,,,,,,,,,,,,,,,,,,,,,,,,,6.7,11.55,15.4,10.9,44.0,3.85,14.0,0.4,0.3,0.3,-7.29,-0.58,2.29,-2.38,44.0,4.67,14.0,0.4,0.3,0.3,-12.11,-5.98,9.33,-2.75,44.0,10.05,14.0,0.4,0.3,0.3,993.76,1003.7,1008.17,1001.0,44.0,7.4,14.0,0.4,0.3,0.3,,,,,,,,,,,,,,,,,,,,,,,,,,,,,,,,,,,,,,,,,,,,,,,,,,,,,,,,,,,,,,,,,,,,,,,,,,,,,,,,,,,,,,,,,,,,,,,,,,,,,,,,,,,,,,,,,,,,,,,,,,,,,,,,,,,,,,,,,,,,,,,,,,,,,,
1974,2,348.0,66.0,,,,,,,,,,,,,,,,,,,,,,,,,,,,,,,,,,,,,,,,2.66,2.8,2.94,2.8,2.0,0.28,26.0,1.0,0.4,0.3,1.22,1.92,2.63,1.92,2.0,1.46,26.0,1.0,0.4,0.3,-0.05,0.96,1.97,0.96,2.0,2.1,26.0,1.0,0.4,0.3,1010.52,1011.65,1012.78,1011.65,2.0,2.33,26.0,1.0,0.4,0.3,,,,,,,,,,,,,,,,,,,,,,,,,,,,,,,,,,,,,,,,,,,,,,,,,,,,,,,,,,,,,,,,,,,,,,,,,,,,,,,,,,,,,,,,,,,,,,,,,,,,,,,,,,,,,,,,,,,,,,,,,,,,,,,,,,,,,,,,,,,,,,,,,,,,,,
1974,2,348.0,68.0,,,,,,,,,,,,,,,,,,,,,,,,,,,,,,,,,,,,,,,,13.2,15.15,17.1,15.15,2.0,4.03,18.0,0.0,0.4,0.6,-8.55,-7.57,-6.6,-7.57,2.0,2.02,18.0,0.0,0.4,0.6,11.44,13.12,14.81,13.12,2.0,3.49,18.0,0.0,0.4,0.6,1007.98,1009.0,1010.02,1009.0,2.0,2.12,18.0,0.0,0.4,0.6,,,,,,,,,,,,,,,,,,,,,,,,,,,,,,,,,,,,,,,,,,,,,,,,,,,,,,,,,,,,,,,,,,,,,,,,,,,,,,,,,,,,,,,,,,,,,,,,,,,,,,,,,,,,,,,,,,,,,,,,,,,,,,,,,,,,,,,,,,,,,,,,,,,,,,
1974,2,348.0,69.0,,,,,,,,,,,,,,,,,,,,,,,,,,,,,,,,,,,,,,,,15.4,15.4,15.4,15.4,1.0,0.0,18.0,0.0,0.7,0.0,-7.7,-7.7,-7.7,-7.7,1.0,0.0,18.0,0.0,0.7,0.0,13.34,13.34,13.34,13.34,1.0,0.0,18.0,0.0,0.7,0.0,1010.7,1010.7,1010.7,1010.7,1.0,0.0,18.0,0.0,0.7,0.0,,,,,,,,,,,,,,,,,,,,,,,,,,,,,,,,,,,,,,,,,,,,,,,,,,,,,,,,,,,,,,,,,,,,,,,,,,,,,,,,,,,,,,,,,,,,,,,,,,,,,,,,,,,,,,,,,,,,,,,,,,,,,,,,,,,,,,,,,,,,,,,,,,,,,,
1974,2,348.0,74.0,,,,,,,,,,,,,,,,,,,,,,,,,,,,,,,,,,,,,,,,6.69,7.75,8.81,7.75,2.0,2.19,28.0,0.5,0.3,0.5,-0.91,-0.54,-0.17,-0.54,2.0,0.76,28.0,0.5,0.3,0.5,-8.79,-7.7,-6.61,-7.7,2.0,2.26,28.0,0.5,0.3,0.5,1008.89,1009.5,1010.11,1009.5,2.0,1.27,28.0,0.5,0.3,0.5,,,,,,,,,,,,,,,,,,,,,,,,,,,,,,,,,,,,,,,,,,,,,,,,,,,,,,,,,,,,,,,,,,,,,,,,,,,,,,,,,,,,,,,,,,,,,,,,,,,,,,,,,,,,,,,,,,,,,,,,,,,,,,,,,,,,,,,,,,,,,,,,,,,,,,
1974,2,349.0,-71.0,-0.4,-0.4,-0.4,-0.4,1.0,0.0,4.0,0.0,1.0,0.6,-1.2,-1.2,-1.2,-1.2,1.0,0.0,4.0,0.0,1.0,0.6,3.04,3.04,3.04,3.04,1.0,0.0,4.0,0.0,1.0,0.6,85.0,85.0,85.0,85.0,1.0,0.0,4.0,0.0,0.6,13.9,13.9,13.9,13.9,1.0,0.0,4.0,0.0,1.0,0.6,-13.06,-13.06,-13.06,-13.06,1.0,0.0,4.0,0.0,1.0,0.6,4.75,4.75,4.75,4.75,1.0,0.0,4.0,0.0,1.0,0.6,980.5,980.5,980.5,980.5,1.0,0.0,4.0,0.0,1.0,0.6,7.0,7.0,7.0,7.0,1.0,0.0,4.0,0.0,1.0,0.6,-181.6,-181.6,-181.6,-181.6,1.0,0.0,4.0,0.0,1.0,0.6,66.1,66.1,66.1,66.1,1.0,0.0,4.0,0.0,1.0,0.6,0.8,0.8,0.8,0.8,1.0,0.0,4.0,0.0,1.0,0.6,11.1,11.1,11.1,11.1,1.0,0.0,4.0,0.0,1.0,0.6,0.75,0.75,0.75,0.75,1.0,0.0,4.0,0.0,1.0,0.6,10.5,10.5,10.5,10.5,1.0,0.0,4.0,0.0,1.0,0.6,15.7,15.7,15.7,15.7,1.0,0.0,4.0,0.0,1.0,0.6,-5.7,-5.7,-5.7,-5.7,1.0,0.0,4.0,0.0,1.0,0.6,-39.7,-39.7,-39.7,-39.7,1.0,0.0,4.0,0.0,1.0,0.6,14.4,14.4,14.4,14.4,1.0,0.0,4.0,0.0,1.0,0.6,-9.8,-9.8,-9.8,-9.8,1.0,0.0,4.0,0.0,1.0,0.6,3.6,3.6,3.6,3.6,1.0,0.0,4.0,0.0,1.0,0.6,2685.5,2685.5,2685.5,2685.5,1.0,0.0,4.0,0.0,1.0,0.6,2685.0,2685.0,2685.0,2685.0,1.0,0.0,4.0,0.0,1.0,0.6
1974,2,349.0,-43.0,,,,,,,,,,,,,,,,,,,,,,,,,,,,,,,,,,,,,,,,4.1,4.1,4.1,4.1,1.0,0.0,18.0,1.0,0.9,0.3,-3.14,-3.14,-3.14,-3.14,1.0,0.0,18.0,1.0,0.9,0.3,-2.64,-2.64,-2.64,-2.64,1.0,0.0,18.0,1.0,0.9,0.3,1018.6,1018.6,1018.6,1018.6,1.0,0.0,18.0,1.0,0.9,0.3,8.0,8.0,8.0,8.0,1.0,0.0,18.0,1.0,0.9,0.3,-12.9,-12.9,-12.9,-12.9,1.0,0.0,18.0,1.0,0.9,0.3,-10.8,-10.8,-10.8,-10.8,1.0,0.0,18.0,1.0,0.9,0.3,,,,,,,,,,,,,,,,,,,,,,,,,,,,,,,,,,,,,,,,,-59.7,-59.7,-59.7,-59.7,1.0,0.0,18.0,1.0,0.9,0.3,-50.1,-50.1,-50.1,-50.1,1.0,0.0,18.0,1.0,0.9,0.3,-31.0,-31.0,-31.0,-31.0,1.0,0.0,18.0,1.0,0.9,0.3,-26.0,-26.0,-26.0,-26.0,1.0,0.0,18.0,1.0,0.9,0.3,,,,,,,,,,,,,,,,,,,,,,,,,,,,,,,,,,,,,,,,
1974,2,349.0,-41.0,,,,,,,,,,,,,,,,,,,,,,,,,,,,,,,,,,,,,,,,7.7,7.7,7.7,7.7,1.0,0.0,2.0,1.0,0.8,1.0,0.0,0.0,0.0,0.0,1.0,0.0,2.0,1.0,0.8,1.0,7.7,7.7,7.7,7.7,1.0,0.0,2.0,1.0,0.8,1.0,1019.0,1019.0,1019.0,1019.0,1.0,0.0,2.0,1.0,0.8,1.0,2.0,2.0,2.0,2.0,1.0,0.0,2.0,1.0,0.8,1.0,0.0,0.0,0.0,0.0,1.0,0.0,2.0,1.0,0.8,1.0,59.3,59.3,59.3,59.3,1.0,0.0,2.0,1.0,0.8,1.0,,,,,,,,,,,,,,,,,,,,,,,,,,,,,,,,,,,,,,,,,0.0,0.0,0.0,0.0,1.0,0.0,2.0,1.0,0.8,1.0,100.1,100.1,100.1,100.1,1.0,0.0,2.0,1.0,0.8,1.0,0.0,0.0,0.0,0.0,1.0,0.0,2.0,1.0,0.8,1.0,55.9,55.9,55.9,55.9,1.0,0.0,2.0,1.0,0.8,1.0,,,,,,,,,,,,,,,,,,,,,,,,,,,,,,,,,,,,,,,,
1974,2,349.0,-40.0,,,,,,,,,,,,,,,,,,,,,,,,,,,,,,,,,,,,,,,,4.6,4.6,4.6,4.6,1.0,0.0,2.0,1.0,0.3,0.4,0.8,0.8,0.8,0.8,1.0,0.0,2.0,1.0,0.3,0.4,4.53,4.53,4.53,4.53,1.0,0.0,2.0,1.0,0.3,0.4,1019.0,1019.0,1019.0,1019.0,1.0,0.0,2.0,1.0,0.3,0.4,,,,,,,,,,,,,,,,,,,,,,,,,,,,,,,,,,,,,,,,,,,,,,,,,,,,,,,,,,,,,,,,,,,,,,,,,,,,,,,,,,,,,,,,,,,,,,,,,,,,,,,,,,,,,,,,,,,,,,,,,,,,,,,,,,,,,,,,,,,,,,,,,,,,,,
1974,2,349.0,-36.0,20.2,20.2,20.2,20.2,1.0,0.0,2.0,1.0,0.5,0.7,19.3,19.3,19.3,19.3,1.0,0.0,2.0,1.0,0.5,0.7,9.29,9.29,9.29,9.29,1.0,0.0,2.0,1.0,0.5,0.7,67.3,67.3,67.3,67.3,1.0,0.0,2.0,1.0,0.7,4.1,4.1,4.1,4.1,1.0,0.0,2.0,1.0,0.5,0.7,0.0,0.0,0.0,0.0,1.0,0.0,2.0,1.0,0.5,0.7,4.1,4.1,4.1,4.1,1.0,0.0,2.0,1.0,0.5,0.7,1019.3,1019.3,1019.3,1019.3,1.0,0.0,2.0,1.0,0.5,0.7,6.0,6.0,6.0,6.0,1.0,0.0,2.0,1.0,0.5,0.7,0.0,0.0,0.0,0.0,1.0,0.0,2.0,1.0,0.5,0.7,16.8,16.8,16.8,16.8,1.0,0.0,2.0,1.0,0.5,0.7,0.9,0.9,0.9,0.9,1.0,0.0,2.0,1.0,0.5,0.7,3.7,3.7,3.7,3.7,1.0,0.0,2.0,1.0,0.5,0.7,5.35,5.35,5.35,5.35,1.0,0.0,2.0,1.0,0.5,0.7,21.9,21.9,21.9,21.9,1.0,0.0,2.0,1.0,0.5,0.7,0.0,0.0,0.0,0.0,1.0,0.0,2.0,1.0,0.5,0.7,79.1,79.1,79.1,79.1,1.0,0.0,2.0,1.0,0.5,0.7,0.0,0.0,0.0,0.0,1.0,0.0,2.0,1.0,0.5,0.7,38.1,38.1,38.1,38.1,1.0,0.0,2.0,1.0,0.5,0.7,0.0,0.0,0.0,0.0,1.0,0.0,2.0,1.0,0.5,0.7,21.9,21.9,21.9,21.9,1.0,0.0,2.0,1.0,0.5,0.7,69.0,69.0,69.0,69.0,1.0,0.0,2.0,1.0,0.5,0.7,70.0,70.0,70.0,70.0,1.0,0.0,2.0,1.0,0.5,0.7
1974,2,349.0,-35.0,20.12,20.8,21.48,20.8,2.0,1.41,16.0,0.0,0.7,0.4,18.6,18.6,18.6,18.6,1.0,0.0,12.0,0.0,0.7,0.4,9.29,9.29,9.29,9.29,1.0,0.0,12.0,0.0,0.7,0.4,70.3,70.3,70.3,70.3,1.0,0.0,12.0,0.0,0.4,7.11,8.0,8.89,8.0,2.0,1.84,16.0,0.0,0.7,0.4,-3.04,1.46,5.96,1.46,2.0,9.32,16.0,0.0,0.7,0.4,-3.23,-0.17,2.89,-0.17,2.0,6.33,16.0,0.0,0.7,0.4,1013.18,1015.5,1017.82,1015.5,2.0,4.81,16.0,0.0,0.7,0.4,8.0,8.0,8.0,8.0,2.0,0.0,16.0,0.0,0.7,0.4,-17.0,20.3,57.6,20.3,2.0,77.3,16.0,0.0,0.7,0.4,-31.8,-7.2,17.4,-7.2,2.0,51.0,16.0,0.0,0.7,0.4,1.2,1.2,1.2,1.2,1.0,0.0,12.0,0.0,0.7,0.4,8.0,8.0,8.0,8.0,1.0,0.0,12.0,0.0,0.7,0.4,4.99,4.99,4.99,4.99,1.0,0.0,12.0,0.0,0.7,0.4,33.4,33.4,33.4,33.4,1.0,0.0,12.0,0.0,0.7,0.4,-95.5,-95.5,-95.5,-95.5,1.0,0.0,12.0,0.0,0.7,0.4,80.1,80.1,80.1,80.1,1.0,0.0,12.0,0.0,0.7,0.4,-47.7,-47.7,-47.7,-47.7,1.0,0.0,12.0,0.0,0.7,0.4,40.0,40.0,40.0,40.0,1.0,0.0,12.0,0.0,0.7,0.4,-25.6,-25.6,-25.6,-25.6,1.0,0.0,12.0,0.0,0.7,0.4,21.5,21.5,21.5,21.5,1.0,0.0,12.0,0.0,0.7,0.4,380.5,552.5,724.5,552.5,2.0,356.0,16.0,0.0,0.7,0.4,380.0,555.0,725.0,555.0,2.0,355.0,16.0,0.0,0.7,0.4
1974,2,349.0,-34.0,21.6,21.6,21.6,21.6,1.0,0.0,2.0,0.0,0.4,0.2,21.8,21.8,21.8,21.8,1.0,0.0,2.0,0.0,0.4,0.2,12.66,12.66,12.66,12.66,1.0,0.0,2.0,0.0,0.4,0.2,78.5,78.5,78.5,78.5,1.0,0.0,2.0,0.0,0.2,2.1,2.1,2.1,2.1,1.0,0.0,2.0,0.0,0.4,0.2,1.97,1.97,1.97,1.97,1.0,0.0,2.0,0.0,0.4,0.2,-0.72,-0.72,-0.72,-0.72,1.0,0.0,2.0,0.0,0.4,0.2,1019.1,1019.1,1019.1,1019.1,1.0,0.0,2.0,0.0,0.4,0.2,7.0,7.0,7.0,7.0,1.0,0.0,2.0,0.0,0.4,0.2,4.1,4.1,4.1,4.1,1.0,0.0,2.0,0.0,0.4,0.2,-1.5,-1.5,-1.5,-1.5,1.0,0.0,2.0,0.0,0.4,0.2,-0.2,-0.2,-0.2,-0.2,1.0,0.0,2.0,0.0,0.4,0.2,-0.4,-0.4,-0.4,-0.4,1.0,0.0,2.0,0.0,0.4,0.2,3.3,3.3,3.3,3.3,1.0,0.0,2.0,0.0,0.4,0.2,6.9,6.9,6.9,6.9,1.0,0.0,2.0,0.0,0.4,0.2,43.0,43.0,43.0,43.0,1.0,0.0,2.0,0.0,0.4,0.2,-15.7,-15.7,-15.7,-15.7,1.0,0.0,2.0,0.0,0.4,0.2,25.0,25.0,25.0,25.0,1.0,0.0,2.0,0.0,0.4,0.2,-9.1,-9.1,-9.1,-9.1,1.0,0.0,2.0,0.0,0.4,0.2,6.5,6.5,6.5,6.5,1.0,0.0,2.0,0.0,0.4,0.2,-2.4,-2.4,-2.4,-2.4,1.0,0.0,2.0,0.0,0.4,0.2,9.5,9.5,9.5,9.5,1.0,0.0,2.0,0.0,0.4,0.2,10.0,10.0,10.0,10.0,1.0,0.0,2.0,0.0,0.4,0.2
1974,2,349.0,-33.0,23.0,23.0,23.0,23.0,1.0,0.0,12.0,0.0,1.0,0.5,21.8,21.8,21.8,21.8,1.0,0.0,12.0,0.0,1.0,0.5,11.23,11.23,11.23,11.23,1.0,0.0,12.0,0.0,1.0,0.5,69.6,69.6,69.6,69.6,1.0,0.0,12.0,0.0,0.5,0.0,0.0,0.0,0.0,1.0,0.0,12.0,0.0,1.0,0.5,0.0,0.0,0.0,0.0,1.0,0.0,12.0,0.0,1.0,0.5,0.0,0.0,0.0,0.0,1.0,0.0,12.0,0.0,1.0,0.5,1018.0,1018.0,1018.0,1018.0,1.0,0.0,12.0,0.0,1.0,0.5,2.0,2.0,2.0,2.0,1.0,0.0,12.0,0.0,1.0,0.5,0.0,0.0,0.0,0.0,1.0,0.0,12.0,0.0,1.0,0.5,0.0,0.0,0.0,0.0,1.0,0.0,12.0,0.0,1.0,0.5,1.2,1.2,1.2,1.2,1.0,0.0,12.0,0.0,1.0,0.5,0.0,0.0,0.0,0.0,1.0,0.0,12.0,0.0,1.0,0.5,6.2,6.2,6.2,6.2,1.0,0.0,12.0,0.0,1.0,0.5,0.0,0.0,0.0,0.0,1.0,0.0,12.0,0.0,1.0,0.5,0.0,0.0,0.0,0.0,1.0,0.0,12.0,0.0,1.0,0.5,0.0,0.0,0.0,0.0,1.0,0.0,12.0,0.0,1.0,0.5,0.0,0.0,0.0,0.0,1.0,0.0,12.0,0.0,1.0,0.5,0.0,0.0,0.0,0.0,1.0,0.0,12.0,0.0,1.0,0.5,0.0,0.0,0.0,0.0,1.0,0.0,12.0,0.0,1.0,0.5,0.0,0.0,0.0,0.0,1.0,0.0,12.0,0.0,1.0,0.5,0.0,0.0,0.0,0.0,1.0,0.0,12.0,0.0,1.0,0.5,0.0,0.0,0.0,0.0,1.0,0.0,12.0,0.0,1.0,0.5
1974,2,349.0,-29.0,23.8,23.8,23.8,23.8,1.0,0.0,18.0,1.0,0.6,0.6,23.1,23.1,23.1,23.1,1.0,0.0,18.0,1.0,0.6,0.6,14.17,14.17,14.17,14.17,1.0,0.0,18.0,1.0,0.6,0.6,81.2,81.2,81.2,81.2,1.0,0.0,18.0,1.0,0.6,2.6,2.6,2.6,2.6,1.0,0.0,18.0,1.0,0.6,0.6,-1.3,-1.3,-1.3,-1.3,1.0,0.0,18.0,1.0,0.6,0.6,-2.25,-2.25,-2.25,-2.25,1.0,0.0,18.0,1.0,0.6,0.6,1020.2,1020.2,1020.2,1020.2,1.0,0.0,18.0,1.0,0.6,0.6,7.0,7.0,7.0,7.0,1.0,0.0,18.0,1.0,0.6,0.6,-3.4,-3.4,-3.4,-3.4,1.0,0.0,18.0,1.0,0.6,0.6,-5.9,-5.9,-5.9,-5.9,1.0,0.0,18.0,1.0,0.6,0.6,0.7,0.7,0.7,0.7,1.0,0.0,18.0,1.0,0.6,0.6,1.8,1.8,1.8,1.8,1.0,0.0,18.0,1.0,0.6,0.6,4.08,4.08,4.08,4.08,1.0,0.0,18.0,1.0,0.6,0.6,10.6,10.6,10.6,10.6,1.0,0.0,18.0,1.0,0.6,0.6,-30.0,-30.0,-30.0,-30.0,1.0,0.0,18.0,1.0,0.6,0.6,-52.0,-52.0,-52.0,-52.0,1.0,0.0,18.0,1.0,0.6,0.6,-18.4,-18.4,-18.4,-18.4,1.0,0.0,18.0,1.0,0.6,0.6,-31.9,-31.9,-31.9,-31.9,1.0,0.0,18.0,1.0,0.6,0.6,-5.3,-5.3,-5.3,-5.3,1.0,0.0,18.0,1.0,0.6,0.6,-9.2,-9.2,-9.2,-9.2,1.0,0.0,18.0,1.0,0.6,0.6,17.5,17.5,17.5,17.5,1.0,0.0,18.0,1.0,0.6,0.6,20.0,20.0,20.0,20.0,1.0,0.0,18.0,1.0,0.6,0.6
1974,2,349.0,-28.0,25.4,25.4,25.4,25.4,1.0,0.0,12.0,1.0,0.3,0.1,23.5,23.5,23.5,23.5,1.0,0.0,12.0,1.0,0.3,0.1,12.44,12.44,12.44,12.44,1.0,0.0,12.0,1.0,0.3,0.1,69.5,69.5,69.5,69.5,1.0,0.0,12.0,1.0,0.1,4.6,4.6,4.6,4.6,1.0,0.0,12.0,1.0,0.3,0.1,-3.98,-3.98,-3.98,-3.98,1.0,0.0,12.0,1.0,0.3,0.1,2.3,2.3,2.3,2.3,1.0,0.0,12.0,1.0,0.3,0.1,1018.0,1018.0,1018.0,1018.0,1.0,0.0,12.0,1.0,0.3,0.1,4.0,4.0,4.0,4.0,1.0,0.0,12.0,1.0,0.3,0.1,-18.3,-18.3,-18.3,-18.3,1.0,0.0,12.0,1.0,0.3,0.1,10.6,10.6,10.6,10.6,1.0,0.0,12.0,1.0,0.3,0.1,1.9,1.9,1.9,1.9,1.0,0.0,12.0,1.0,0.3,0.1,8.7,8.7,8.7,8.7,1.0,0.0,12.0,1.0,0.3,0.1,7.72,7.72,7.72,7.72,1.0,0.0,12.0,1.0,0.3,0.1,35.5,35.5,35.5,35.5,1.0,0.0,12.0,1.0,0.3,0.1,-93.6,-93.6,-93.6,-93.6,1.0,0.0,12.0,1.0,0.3,0.1,54.1,54.1,54.1,54.1,1.0,0.0,12.0,1.0,0.3,0.1,-49.6,-49.6,-49.6,-49.6,1.0,0.0,12.0,1.0,0.3,0.1,28.6,28.6,28.6,28.6,1.0,0.0,12.0,1.0,0.3,0.1,-30.8,-30.8,-30.8,-30.8,1.0,0.0,12.0,1.0,0.3,0.1,17.8,17.8,17.8,17.8,1.0,0.0,12.0,1.0,0.3,0.1,97.5,97.5,97.5,97.5,1.0,0.0,12.0,1.0,0.3,0.1,95.0,95.0,95.0,95.0,1.0,0.0,12.0,1.0,0.3,0.1
1974,2,349.0,-25.0,25.6,25.6,25.6,25.6,1.0,0.0,14.0,0.0,0.5,0.8,23.3,23.3,23.3,23.3,1.0,0.0,14.0,0.0,0.5,0.8,13.84,13.84,13.84,13.84,1.0,0.0,14.0,0.0,0.5,0.8,78.2,78.2,78.2,78.2,1.0,0.0,14.0,0.0,0.8,5.1,5.1,5.1,5.1,1.0,0.0,14.0,0.0,0.5,0.8,-4.79,-4.79,-4.79,-4.79,1.0,0.0,14.0,0.0,0.5,0.8,1.74,1.74,1.74,1.74,1.0,0.0,14.0,0.0,0.5,0.8,1018.6,1018.6,1018.6,1018.6,1.0,0.0,14.0,0.0,0.5,0.8,4.0,4.0,4.0,4.0,1.0,0.0,14.0,0.0,0.5,0.8,-24.4,-24.4,-24.4,-24.4,1.0,0.0,14.0,0.0,0.5,0.8,8.9,8.9,8.9,8.9,1.0,0.0,14.0,0.0,0.5,0.8,2.3,2.3,2.3,2.3,1.0,0.0,14.0,0.0,0.5,0.8,11.7,11.7,11.7,11.7,1.0,0.0,14.0,0.0,0.5,0.8,6.55,6.55,6.55,6.55,1.0,0.0,14.0,0.0,0.5,0.8,33.4,33.4,33.4,33.4,1.0,0.0,14.0,0.0,0.5,0.8,-111.7,-111.7,-111.7,-111.7,1.0,0.0,14.0,0.0,0.5,0.8,40.6,40.6,40.6,40.6,1.0,0.0,14.0,0.0,0.5,0.8,-66.3,-66.3,-66.3,-66.3,1.0,0.0,14.0,0.0,0.5,0.8,24.1,24.1,24.1,24.1,1.0,0.0,14.0,0.0,0.5,0.8,-31.4,-31.4,-31.4,-31.4,1.0,0.0,14.0,0.0,0.5,0.8,11.4,11.4,11.4,11.4,1.0,0.0,14.0,0.0,0.5,0.8,132.5,132.5,132.5,132.5,1.0,0.0,14.0,0.0,0.5,0.8,135.0,135.0,135.0,135.0,1.0,0.0,14.0,0.0,0.5,0.8
1974,2,349.0,-23.0,24.2,24.2,24.2,24.2,1.0,0.0,18.0,1.0,0.9,0.4,24.4,24.4,24.4,24.4,1.0,0.0,18.0,1.0,0.9,0.4,15.07,15.07,15.07,15.07,1.0,0.0,18.0,1.0,0.9,0.4,79.4,79.4,79.4,79.4,1.0,0.0,18.0,1.0,0.4,5.1,5.1,5.1,5.1,1.0,0.0,18.0,1.0,0.9,0.4,-5.1,-5.1,-5.1,-5.1,1.0,0.0,18.0,1.0,0.9,0.4,0.0,0.0,0.0,0.0,1.0,0.0,18.0,1.0,0.9,0.4,1015.2,1015.2,1015.2,1015.2,1.0,0.0,18.0,1.0,0.9,0.4,8.0,8.0,8.0,8.0,1.0,0.0,18.0,1.0,0.9,0.4,-26.0,-26.0,-26.0,-26.0,1.0,0.0,18.0,1.0,0.9,0.4,0.0,0.0,0.0,0.0,1.0,0.0,18.0,1.0,0.9,0.4,-0.2,-0.2,-0.2,-0.2,1.0,0.0,18.0,1.0,0.9,0.4,-1.0,-1.0,-1.0,-1.0,1.0,0.0,18.0,1.0,0.9,0.4,3.73,3.73,3.73,3.73,1.0,0.0,18.0,1.0,0.9,0.4,19.0,19.0,19.0,19.0,1.0,0.0,18.0,1.0,0.9,0.4,-124.4,-124.4,-124.4,-124.4,1.0,0.0,18.0,1.0,0.9,0.4,0.0,0.0,0.0,0.0,1.0,0.0,18.0,1.0,0.9,0.4,-76.8,-76.8,-76.8,-76.8,1.0,0.0,18.0,1.0,0.9,0.4,0.0,0.0,0.0,0.0,1.0,0.0,18.0,1.0,0.9,0.4,-19.0,-19.0,-19.0,-19.0,1.0,0.0,18.0,1.0,0.9,0.4,0.0,0.0,0.0,0.0,1.0,0.0,18.0,1.0,0.9,0.4,132.5,132.5,132.5,132.5,1.0,0.0,18.0,1.0,0.9,0.4,135.0,135.0,135.0,135.0,1.0,0.0,18.0,1.0,0.9,0.4
1974,2,349.0,-21.0,23.06,24.0,25.68,24.35,4.0,2.08,20.0,0.8,0.5,0.6,23.98,24.5,25.86,24.9,4.0,1.47,20.0,0.8,0.5,0.6,12.51,12.8,15.96,14.2,3.0,2.8,20.0,0.7,0.7,0.6,67.9,68.6,75.2,71.5,3.0,5.9,20.0,0.7,0.6,5.53,6.85,7.96,6.75,4.0,1.45,20.0,0.8,0.5,0.6,-7.47,-5.93,-4.98,-6.21,4.0,1.55,20.0,0.8,0.5,0.6,-0.91,1.5,3.45,1.28,4.0,2.6,20.0,0.8,0.5,0.6,1012.98,1015.2,1016.32,1014.68,4.0,2.3,20.0,0.8,0.5,0.6,4.0,5.5,6.0,5.0,4.0,1.4,20.0,0.8,0.5,0.6,-59.7,-41.3,-27.6,-43.6,4.0,19.5,20.0,0.8,0.5,0.6,-4.7,9.0,24.1,9.7,4.0,17.4,20.0,0.8,0.5,0.6,-2.24,-1.0,1.18,-0.55,4.0,2.45,20.0,0.8,0.5,0.6,-13.1,-7.2,10.3,-1.7,4.0,17.1,20.0,0.8,0.5,0.6,2.17,4.23,7.98,5.06,3.0,4.32,20.0,0.7,0.7,0.6,14.6,32.6,64.8,39.5,3.0,37.3,20.0,0.7,0.7,0.6,-179.7,-143.4,-128.6,-153.7,4.0,33.8,20.0,0.8,0.5,0.6,-24.7,36.9,82.7,29.4,4.0,64.5,20.0,0.8,0.5,0.6,-98.2,-83.5,-82.8,-90.3,3.0,12.7,20.0,0.7,0.7,0.6,-20.8,0.0,32.5,5.7,3.0,39.3,20.0,0.7,0.7,0.6,-63.4,-28.2,-12.9,-37.9,3.0,37.9,20.0,0.7,0.7,0.6,-1.4,0.0,11.1,4.7,3.0,10.1,20.0,0.7,0.7,0.6,172.5,336.5,506.0,339.0,4.0,197.0,20.0,0.8,0.5,0.6,170.0,335.0,505.0,340.0,4.0,195.0,20.0,0.8,0.5,0.6
1974,2,349.0,-20.0,23.3,24.2,24.27,23.88,5.0,0.54,14.0,0.8,0.5,0.6,22.91,24.0,25.18,24.02,5.0,1.27,14.0,0.8,0.5,0.6,12.73,13.26,14.36,13.53,4.0,1.13,16.0,1.0,0.6,0.6,65.6,71.6,78.7,72.1,5.0,7.3,14.0,0.8,0.6,4.92,7.2,8.28,6.78,5.0,1.93,14.0,0.8,0.5,0.6,-8.08,-7.2,-4.77,-6.6,5.0,1.86,14.0,0.8,0.5,0.6,0.0,0.89,2.16,1.13,5.0,1.32,14.0,0.8,0.5,0.6,1012.8,1013.4,1014.79,1013.78,4.0,1.28,16.0,1.0,0.6,0.6,3.6,5.0,6.4,5.0,5.0,1.6,14.0,0.8,0.5,0.6,-67.3,-51.8,-23.5,-47.6,5.0,25.2,14.0,0.8,0.5,0.6,0.0,4.5,15.4,8.3,5.0,12.3,14.0,0.8,0.5,0.6,-1.18,0.1,0.78,-0.14,5.0,1.45,14.0,0.8,0.5,0.6,-7.0,0.7,4.2,-1.0,5.0,7.3,14.0,0.8,0.5,0.6,3.98,5.05,6.23,5.1,4.0,1.33,16.0,1.0,0.6,0.6,24.2,30.9,43.0,33.5,4.0,12.6,16.0,1.0,0.6,0.6,-198.8,-167.0,-116.7,-158.8,5.0,46.3,14.0,0.8,0.5,0.6,0.0,22.6,50.3,26.8,5.0,31.5,14.0,0.8,0.5,0.6,-114.9,-82.1,-61.8,-88.1,4.0,33.7,16.0,1.0,0.6,0.6,5.7,16.2,34.9,20.1,4.0,20.4,16.0,1.0,0.6,0.6,-42.0,-29.0,-23.2,-32.5,4.0,12.9,16.0,1.0,0.6,0.6,1.8,6.5,10.6,6.2,4.0,5.4,16.0,1.0,0.6,0.6,120.0,373.0,583.5,373.0,5.0,286.0,14.0,0.8,0.5,0.6,120.0,375.0,585.0,375.0,5.0,285.0,14.0,0.8,0.5,0.6
1974,2,349.0,-19.0,24.13,24.4,24.81,24.47,3.0,0.5,10.0,0.3,0.8,0.8,24.46,24.8,25.35,24.9,3.0,0.66,10.0,0.3,0.8,0.8,14.44,15.98,16.04,15.26,3.0,1.33,10.0,0.3,0.8,0.8,71.9,81.9,84.0,78.0,3.0,9.4,10.0,0.3,0.8,6.36,6.7,7.38,6.87,3.0,0.76,10.0,0.3,0.8,0.8,-6.49,-6.11,-5.44,-5.97,3.0,0.78,10.0,0.3,0.8,0.8,1.96,3.85,4.16,3.08,3.0,1.75,10.0,0.3,0.8,0.8,1012.33,1012.6,1013.9,1013.1,3.0,1.23,10.0,0.3,0.8,0.8,4.3,7.0,7.7,6.0,3.0,2.6,10.0,0.3,0.8,0.8,-47.1,-37.9,-35.5,-41.2,3.0,9.0,10.0,0.3,0.8,0.8,13.7,28.9,29.4,21.7,3.0,13.0,10.0,0.3,0.8,0.8,-1.07,-0.8,0.22,-0.43,3.0,1.0,10.0,0.3,0.8,0.8,-6.8,-5.4,2.0,-2.5,3.0,6.9,10.0,0.3,0.8,0.8,2.99,3.71,4.81,3.89,3.0,1.34,10.0,0.3,0.8,0.8,21.2,28.6,31.6,26.4,3.0,7.8,10.0,0.3,0.8,0.8,-160.2,-156.3,-136.5,-148.5,3.0,18.6,10.0,0.3,0.8,0.8,48.5,93.6,102.6,76.0,3.0,42.4,10.0,0.3,0.8,0.8,-99.8,-83.8,-82.6,-91.0,3.0,14.0,10.0,0.3,0.8,0.8,29.7,61.9,66.6,48.5,3.0,29.4,10.0,0.3,0.8,0.8,-30.0,-24.8,-17.1,-23.6,3.0,9.5,10.0,0.3,0.8,0.8,7.5,11.4,13.4,10.5,3.0,4.4,10.0,0.3,0.8,0.8,258.0,301.0,407.0,332.0,3.0,112.5,10.0,0.3,0.8,0.8,260.0,300.0,405.0,330.0,3.0,110.0,10.0,0.3,0.8,0.8
1974,2,349.0,-17.0,23.83,23.9,23.97,23.9,2.0,0.14,10.0,0.5,0.5,0.6,23.08,23.25,23.42,23.25,2.0,0.35,10.0,0.5,0.5,0.6,13.66,14.09,14.51,14.09,2.0,0.87,10.0,0.5,0.5,0.6,77.9,79.5,81.0,79.5,2.0,3.2,10.0,0.5,0.6,4.25,5.65,7.05,5.65,2.0,2.9,10.0,0.5,0.5,0.6,-5.5,-4.64,-3.78,-4.64,2.0,1.78,10.0,0.5,0.5,0.6,1.82,3.09,4.36,3.09,2.0,2.63,10.0,0.5,0.5,0.6,1014.52,1014.55,1014.58,1014.55,2.0,0.07,10.0,0.5,0.5,0.6,2.0,2.0,2.0,2.0,1.0,0.0,6.0,1.0,1.0,0.9,-40.1,-28.8,-17.5,-28.8,2.0,23.5,10.0,0.5,0.5,0.6,9.8,21.3,32.8,21.3,2.0,23.8,10.0,0.5,0.5,0.6,0.41,0.65,0.89,0.65,2.0,0.49,10.0,0.5,0.5,0.6,2.1,4.4,6.6,4.4,2.0,4.7,10.0,0.5,0.5,0.6,3.89,4.39,4.89,4.39,2.0,1.03,10.0,0.5,0.5,0.6,17.3,26.3,35.2,26.3,2.0,18.6,10.0,0.5,0.5,0.6,-126.8,-107.6,-88.4,-107.6,2.0,39.7,10.0,0.5,0.5,0.6,42.4,71.4,100.4,71.4,2.0,60.0,10.0,0.5,0.5,0.6,-74.7,-64.6,-54.5,-64.6,2.0,21.0,10.0,0.5,0.5,0.6,25.8,42.4,59.0,42.4,2.0,34.3,10.0,0.5,0.5,0.6,-27.4,-21.3,-15.2,-21.3,2.0,12.6,10.0,0.5,0.5,0.6,7.8,14.9,22.0,14.9,2.0,14.7,10.0,0.5,0.5,0.6,111.5,251.5,391.5,251.5,2.0,290.0,10.0,0.5,0.5,0.6,110.0,250.0,390.0,250.0,2.0,290.0,10.0,0.5,0.5,0.6
1974,2,349.0,-16.0,23.2,23.2,23.2,23.2,1.0,0.0,6.0,0.0,0.5,0.2,23.0,23.0,23.0,23.0,1.0,0.0,6.0,0.0,0.5,0.2,14.64,14.64,14.64,14.64,1.0,0.0,6.0,0.0,0.5,0.2,83.7,83.7,83.7,83.7,1.0,0.0,6.0,0.0,0.2,3.6,3.6,3.6,3.6,1.0,0.0,6.0,0.0,0.5,0.2,-3.38,-3.38,-3.38,-3.38,1.0,0.0,6.0,0.0,0.5,0.2,1.23,1.23,1.23,1.23,1.0,0.0,6.0,0.0,0.5,0.2,1012.3,1012.3,1012.3,1012.3,1.0,0.0,6.0,0.0,0.5,0.2,5.0,5.0,5.0,5.0,1.0,0.0,6.0,0.0,0.5,0.2,-12.2,-12.2,-12.2,-12.2,1.0,0.0,6.0,0.0,0.5,0.2,4.4,4.4,4.4,4.4,1.0,0.0,6.0,0.0,0.5,0.2,0.2,0.2,0.2,0.2,1.0,0.0,6.0,0.0,0.5,0.2,0.7,0.7,0.7,0.7,1.0,0.0,6.0,0.0,0.5,0.2,3.09,3.09,3.09,3.09,1.0,0.0,6.0,0.0,0.5,0.2,11.1,11.1,11.1,11.1,1.0,0.0,6.0,0.0,0.5,0.2,-77.8,-77.8,-77.8,-77.8,1.0,0.0,6.0,0.0,0.5,0.2,28.3,28.3,28.3,28.3,1.0,0.0,6.0,0.0,0.5,0.2,-49.5,-49.5,-49.5,-49.5,1.0,0.0,6.0,0.0,0.5,0.2,18.0,18.0,18.0,18.0,1.0,0.0,6.0,0.0,0.5,0.2,-10.5,-10.5,-10.5,-10.5,1.0,0.0,6.0,0.0,0.5,0.2,3.8,3.8,3.8,3.8,1.0,0.0,6.0,0.0,0.5,0.2,46.5,46.5,46.5,46.5,1.0,0.0,6.0,0.0,0.5,0.2,45.0,45.0,45.0,45.0,1.0,0.0,6.0,0.0,0.5,0.2
1974,2,349.0,-15.0,24.13,24.4,24.95,24.53,3.0,0.61,14.0,0.7,0.6,0.6,25.05,25.15,25.25,25.15,2.0,0.21,18.0,0.5,0.7,0.5,16.63,16.78,16.93,16.78,2.0,0.31,18.0,0.5,0.7,0.5,84.0,84.2,84.4,84.2,2.0,0.4,18.0,0.5,0.5,5.7,5.7,7.07,6.37,3.0,1.15,14.0,0.7,0.6,0.6,-5.84,-5.7,-4.79,-5.32,3.0,0.83,14.0,0.7,0.6,0.6,-2.5,0.0,3.38,0.43,3.0,4.32,14.0,0.7,0.6,0.6,1012.32,1012.8,1013.28,1012.8,2.0,0.99,18.0,0.5,0.7,0.5,2.3,3.0,5.0,3.7,3.0,2.1,14.0,0.7,0.6,0.6,-41.3,-32.5,-27.3,-34.3,3.0,10.4,14.0,0.7,0.6,0.6,-14.3,0.0,26.0,5.7,3.0,29.9,14.0,0.7,0.6,0.6,-0.86,-0.55,-0.24,-0.55,2.0,0.64,18.0,0.5,0.7,0.5,-4.9,-3.1,-1.4,-3.1,2.0,3.6,18.0,0.5,0.7,0.5,2.2,2.54,2.88,2.54,2.0,0.7,18.0,0.5,0.7,0.5,12.5,14.5,16.4,14.5,2.0,4.0,18.0,0.5,0.7,0.5,-138.6,-126.7,-114.7,-126.7,2.0,24.8,18.0,0.5,0.7,0.5,-77.1,-45.8,-14.5,-45.8,2.0,64.8,18.0,0.5,0.7,0.5,-93.0,-84.6,-76.2,-84.6,2.0,17.4,18.0,0.5,0.7,0.5,-51.0,-30.3,-9.6,-30.3,2.0,42.9,18.0,0.5,0.7,0.5,-16.0,-13.1,-10.3,-13.1,2.0,5.9,18.0,0.5,0.7,0.5,-6.3,-3.7,-1.2,-3.7,2.0,5.3,18.0,0.5,0.7,0.5,185.0,185.0,370.5,275.5,3.0,156.5,14.0,0.7,0.6,0.6,185.0,185.0,370.0,275.0,3.0,155.0,14.0,0.7,0.6,0.6
1974,2,349.0,-14.0,22.89,24.8,25.69,24.3,3.0,2.1,16.0,1.0,0.8,0.5,24.43,24.5,26.82,25.6,3.0,1.99,16.0,1.0,0.8,0.5,14.06,14.22,15.87,14.95,3.0,1.47,16.0,1.0,0.8,0.5,71.5,73.2,74.2,72.9,3.0,2.0,16.0,1.0,0.5,5.45,6.2,6.2,5.83,3.0,0.64,16.0,1.0,0.8,0.5,-4.28,-3.28,-3.16,-3.71,3.0,0.91,16.0,1.0,0.8,0.5,3.93,3.99,4.93,4.42,3.0,0.82,16.0,1.0,0.8,0.5,1009.38,1010.2,1013.54,1011.43,3.0,3.23,16.0,1.0,0.8,0.5,1.6,3.0,5.0,3.3,3.0,2.5,16.0,1.0,0.8,0.5,-26.2,-19.2,-17.5,-21.8,3.0,6.7,16.0,1.0,0.8,0.5,21.4,24.7,30.6,26.0,3.0,6.8,16.0,1.0,0.8,0.5,-2.91,-2.5,0.37,-1.3,3.0,2.62,16.0,1.0,0.8,0.5,-18.0,-15.5,1.0,-8.7,3.0,15.1,16.0,1.0,0.8,0.5,2.62,2.98,5.7,4.13,3.0,2.47,16.0,1.0,0.8,0.5,16.3,18.5,30.1,23.1,3.0,10.9,16.0,1.0,0.8,0.5,-115.8,-80.0,-77.2,-96.1,3.0,31.6,16.0,1.0,0.8,0.5,100.4,111.2,125.1,112.7,3.0,18.2,16.0,1.0,0.8,0.5,-68.7,-46.6,-44.4,-56.3,3.0,19.7,16.0,1.0,0.8,0.5,59.0,66.3,72.3,65.6,3.0,9.8,16.0,1.0,0.8,0.5,-20.1,-14.2,-9.7,-14.9,3.0,7.6,16.0,1.0,0.8,0.5,12.3,13.2,22.8,17.4,3.0,8.5,16.0,1.0,0.8,0.5,166.0,238.5,238.5,203.0,3.0,61.0,16.0,1.0,0.8,0.5,165.0,240.0,240.0,205.0,3.0,60.0,16.0,1.0,0.8,0.5
1974,2,349.0,-13.0,,,,,,,,,,,,,,,,,,,,,,,,,,,,,,,,,,,,,,,,6.7,6.7,6.7,6.7,1.0,0.0,16.0,1.0,0.2,0.3,-2.29,-2.29,-2.29,-2.29,1.0,0.0,16.0,1.0,0.2,0.3,6.3,6.3,6.3,6.3,1.0,0.0,16.0,1.0,0.2,0.3,1015.1,1015.1,1015.1,1015.1,1.0,0.0,16.0,1.0,0.2,0.3,3.0,3.0,3.0,3.0,1.0,0.0,16.0,1.0,0.2,0.3,-15.4,-15.4,-15.4,-15.4,1.0,0.0,16.0,1.0,0.2,0.3,42.2,42.2,42.2,42.2,1.0,0.0,16.0,1.0,0.2,0.3,,,,,,,,,,,,,,,,,,,,,,,,,,,,,,,,,,,,,,,,,-56.1,-56.1,-56.1,-56.1,1.0,0.0,16.0,1.0,0.2,0.3,154.3,154.3,154.3,154.3,1.0,0.0,16.0,1.0,0.2,0.3,-29.0,-29.0,-29.0,-29.0,1.0,0.0,16.0,1.0,0.2,0.3,79.5,79.5,79.5,79.5,1.0,0.0,16.0,1.0,0.2,0.3,,,,,,,,,,,,,,,,,,,,,,,,,,,,,,,,,,,,,,,,
1974,2,349.0,-12.0,24.74,25.8,26.81,25.78,4.0,1.21,10.0,0.3,0.6,0.5,25.05,25.3,26.34,25.68,4.0,0.97,10.0,0.3,0.6,0.5,15.48,15.88,16.38,15.93,3.0,0.67,8.0,0.3,0.8,0.4,74.2,81.0,88.4,81.3,4.0,10.8,10.0,0.3,0.5,5.36,6.95,8.54,6.95,4.0,2.01,10.0,0.3,0.6,0.5,-7.36,-5.94,-4.11,-5.75,4.0,1.93,10.0,0.3,0.6,0.5,2.11,3.47,5.03,3.56,4.0,1.94,10.0,0.3,0.6,0.5,1010.73,1012.3,1012.71,1011.73,3.0,1.53,8.0,0.3,0.8,0.4,1.5,2.0,2.5,2.0,4.0,0.8,10.0,0.3,0.6,0.5,-62.5,-43.9,-22.5,-42.6,4.0,23.7,10.0,0.3,0.6,0.5,11.9,19.2,40.9,26.1,4.0,20.6,10.0,0.3,0.6,0.5,-0.5,-0.3,0.74,0.1,4.0,0.95,10.0,0.3,0.6,0.5,-4.3,-2.2,3.3,-0.6,4.0,5.3,10.0,0.3,0.6,0.5,4.09,5.75,6.25,5.18,3.0,1.66,8.0,0.3,0.8,0.4,27.8,30.9,43.9,35.8,3.0,12.5,8.0,0.3,0.8,0.4,-192.5,-148.7,-103.8,-148.2,4.0,53.0,10.0,0.3,0.6,0.5,54.9,87.7,125.9,90.3,4.0,47.4,10.0,0.3,0.6,0.5,-115.0,-113.1,-75.9,-95.9,3.0,32.3,8.0,0.3,0.8,0.4,29.6,49.1,80.4,54.8,3.0,37.6,8.0,0.3,0.8,0.4,-41.1,-23.7,-21.3,-31.0,3.0,15.8,8.0,0.3,0.8,0.4,11.3,17.0,18.9,15.2,3.0,5.8,8.0,0.3,0.8,0.4,164.5,347.5,639.0,399.0,4.0,308.0,10.0,0.3,0.6,0.5,165.0,345.0,640.0,400.0,4.0,310.0,10.0,0.3,0.6,0.5
1974,2,349.0,-11.0,25.3,26.6,26.7,26.03,4.0,1.22,20.0,0.8,0.5,0.4,25.2,26.75,27.4,26.33,4.0,1.47,20.0,0.8,0.5,0.4,15.33,16.2,18.76,17.03,3.0,2.61,18.0,1.0,0.4,0.5,68.7,76.3,84.1,76.4,3.0,11.3,18.0,1.0,0.5,5.53,6.85,10.11,7.78,4.0,3.2,20.0,0.8,0.5,0.4,-7.74,-5.55,-4.19,-5.95,4.0,2.57,20.0,0.8,0.5,0.4,3.43,4.43,6.5,4.94,4.0,2.13,20.0,0.8,0.5,0.4,1009.47,1010.35,1011.39,1010.43,4.0,1.4,20.0,0.8,0.5,0.4,3.3,5.0,7.4,5.2,5.0,2.4,20.0,0.8,0.4,0.4,-82.3,-38.3,-23.6,-52.3,4.0,44.0,20.0,0.8,0.5,0.4,18.9,29.0,69.1,43.3,4.0,37.1,20.0,0.8,0.5,0.4,-0.7,-0.35,0.11,-0.3,4.0,0.5,20.0,0.8,0.5,0.4,-6.6,-1.8,0.9,-2.8,4.0,5.2,20.0,0.8,0.5,0.4,3.12,5.49,6.52,4.83,3.0,2.56,18.0,1.0,0.4,0.5,20.4,42.3,72.2,46.2,3.0,38.0,18.0,1.0,0.4,0.5,-209.3,-140.4,-107.0,-157.4,4.0,72.9,20.0,0.8,0.5,0.4,89.0,118.2,175.6,131.7,4.0,61.7,20.0,0.8,0.5,0.4,-126.3,-95.6,-75.0,-100.5,3.0,37.8,18.0,1.0,0.4,0.5,78.7,80.2,106.0,92.0,3.0,22.5,18.0,1.0,0.4,0.5,-55.3,-32.4,-14.8,-35.0,3.0,29.7,18.0,1.0,0.4,0.5,14.0,27.2,46.4,30.1,3.0,23.9,18.0,1.0,0.4,0.5,172.5,336.5,1192.5,666.5,4.0,808.0,20.0,0.8,0.5,0.4,170.0,335.0,1190.0,665.0,4.0,810.0,20.0,0.8,0.5,0.4
1974,2,349.0,-9.0,28.0,28.0,28.0,28.0,1.0,0.0,22.0,1.0,0.2,0.7,29.0,29.0,29.0,29.0,1.0,0.0,22.0,1.0,0.2,0.7,19.87,19.87,19.87,19.87,1.0,0.0,22.0,1.0,0.2,0.7,79.0,79.0,79.0,79.0,1.0,0.0,22.0,1.0,0.7,4.6,4.6,4.6,4.6,1.0,0.0,22.0,1.0,0.2,0.7,-2.3,-2.3,-2.3,-2.3,1.0,0.0,22.0,1.0,0.2,0.7,3.98,3.98,3.98,3.98,1.0,0.0,22.0,1.0,0.2,0.7,1008.2,1008.2,1008.2,1008.2,1.0,0.0,22.0,1.0,0.2,0.7,2.0,2.0,2.0,2.0,1.0,0.0,22.0,1.0,0.2,0.7,-10.6,-10.6,-10.6,-10.6,1.0,0.0,22.0,1.0,0.2,0.7,18.3,18.3,18.3,18.3,1.0,0.0,22.0,1.0,0.2,0.7,-1.0,-1.0,-1.0,-1.0,1.0,0.0,22.0,1.0,0.2,0.7,-4.6,-4.6,-4.6,-4.6,1.0,0.0,22.0,1.0,0.2,0.7,3.91,3.91,3.91,3.91,1.0,0.0,22.0,1.0,0.2,0.7,18.0,18.0,18.0,18.0,1.0,0.0,22.0,1.0,0.2,0.7,-66.7,-66.7,-66.7,-66.7,1.0,0.0,22.0,1.0,0.2,0.7,115.5,115.5,115.5,115.5,1.0,0.0,22.0,1.0,0.2,0.7,-45.7,-45.7,-45.7,-45.7,1.0,0.0,22.0,1.0,0.2,0.7,79.2,79.2,79.2,79.2,1.0,0.0,22.0,1.0,0.2,0.7,-9.0,-9.0,-9.0,-9.0,1.0,0.0,22.0,1.0,0.2,0.7,15.6,15.6,15.6,15.6,1.0,0.0,22.0,1.0,0.2,0.7,97.5,97.5,97.5,97.5,1.0,0.0,22.0,1.0,0.2,0.7,95.0,95.0,95.0,95.0,1.0,0.0,22.0,1.0,0.2,0.7
1974,2,349.0,-7.0,26.7,26.7,26.7,26.7,1.0,0.0,24.0,0.0,0.9,0.4,25.8,25.8,25.8,25.8,1.0,0.0,24.0,0.0,0.9,0.4,17.47,17.47,17.47,17.47,1.0,0.0,24.0,0.0,0.9,0.4,84.0,84.0,84.0,84.0,1.0,0.0,24.0,0.0,0.4,4.1,4.1,4.1,4.1,1.0,0.0,24.0,0.0,0.9,0.4,-3.14,-3.14,-3.14,-3.14,1.0,0.0,24.0,0.0,0.9,0.4,2.64,2.64,2.64,2.64,1.0,0.0,24.0,0.0,0.9,0.4,1008.9,1008.9,1008.9,1008.9,1.0,0.0,24.0,0.0,0.9,0.4,1.0,1.0,1.0,1.0,1.0,0.0,24.0,0.0,0.9,0.4,-12.9,-12.9,-12.9,-12.9,1.0,0.0,24.0,0.0,0.9,0.4,10.8,10.8,10.8,10.8,1.0,0.0,24.0,0.0,0.9,0.4,0.9,0.9,0.9,0.9,1.0,0.0,24.0,0.0,0.9,0.4,3.7,3.7,3.7,3.7,1.0,0.0,24.0,0.0,0.9,0.4,4.52,4.52,4.52,4.52,1.0,0.0,24.0,0.0,0.9,0.4,18.5,18.5,18.5,18.5,1.0,0.0,24.0,0.0,0.9,0.4,-81.0,-81.0,-81.0,-81.0,1.0,0.0,24.0,0.0,0.9,0.4,68.0,68.0,68.0,68.0,1.0,0.0,24.0,0.0,0.9,0.4,-54.9,-54.9,-54.9,-54.9,1.0,0.0,24.0,0.0,0.9,0.4,46.1,46.1,46.1,46.1,1.0,0.0,24.0,0.0,0.9,0.4,-14.2,-14.2,-14.2,-14.2,1.0,0.0,24.0,0.0,0.9,0.4,11.9,11.9,11.9,11.9,1.0,0.0,24.0,0.0,0.9,0.4,69.0,69.0,69.0,69.0,1.0,0.0,24.0,0.0,0.9,0.4,70.0,70.0,70.0,70.0,1.0,0.0,24.0,0.0,0.9,0.4
1974,2,349.0,-6.0,27.0,27.0,27.68,27.33,3.0,0.58,16.0,0.7,0.7,0.3,26.6,26.8,26.94,26.77,3.0,0.25,16.0,0.7,0.7,0.3,16.82,17.53,18.35,17.58,3.0,1.12,16.0,0.7,0.7,0.3,76.9,81.1,82.9,79.9,3.0,4.5,16.0,0.7,0.3,3.08,4.1,5.87,4.47,3.0,2.07,16.0,0.7,0.7,0.3,-3.47,-1.67,-1.49,-2.46,3.0,1.6,16.0,0.7,0.7,0.3,2.58,3.85,4.73,3.66,3.0,1.58,16.0,0.7,0.7,0.3,1008.36,1011.7,1011.9,1010.17,3.0,2.92,16.0,0.7,0.7,0.3,3.3,6.0,7.4,5.3,3.0,3.1,16.0,0.7,0.7,0.3,-21.5,-5.7,-4.8,-13.0,3.0,13.8,16.0,0.7,0.7,0.3,8.5,15.8,28.5,18.5,3.0,14.8,16.0,0.7,0.7,0.3,0.3,0.5,0.84,0.57,3.0,0.4,16.0,0.7,0.7,0.3,1.0,1.3,5.0,2.9,3.0,3.3,16.0,0.7,0.7,0.3,4.88,5.08,5.6,5.24,3.0,0.54,16.0,0.7,0.7,0.3,16.1,23.9,30.8,23.5,3.0,10.8,16.0,0.7,0.7,0.3,-93.4,-44.3,-39.7,-66.0,3.0,43.6,16.0,0.7,0.7,0.3,68.8,103.3,127.4,98.2,3.0,43.1,16.0,0.7,0.7,0.3,-64.4,-29.3,-25.1,-44.4,3.0,31.6,16.0,0.7,0.7,0.3,44.0,63.5,85.8,64.9,3.0,30.6,16.0,0.7,0.7,0.3,-17.5,-8.2,-8.1,-12.7,3.0,8.0,16.0,0.7,0.7,0.3,13.7,22.5,24.9,19.4,3.0,8.7,16.0,0.7,0.7,0.3,34.0,69.0,227.0,129.0,3.0,151.0,16.0,0.7,0.7,0.3,35.0,70.0,225.0,130.0,3.0,150.0,16.0,0.7,0.7,0.3
1974,2,349.0,-5.0,27.8,27.8,27.8,27.8,1.0,0.0,24.0,1.0,0.5,0.3,24.0,24.0,24.0,24.0,1.0,0.0,24.0,1.0,0.5,0.3,17.55,17.55,17.55,17.55,1.0,0.0,24.0,1.0,0.5,0.3,94.1,94.1,94.1,94.1,1.0,0.0,24.0,1.0,0.3,,,,,,,,,,,,,,,,,,,,,,,,,,,,,,,,,,,,,,,,,,,,,,,,,,,,,,,,,,,,,,,,,,,,,,,,,,,,,,,,,,,,,,,,,,,,,,,,,,,,,,,,,,,,,,,,,,,,,,,,,,,,,,,,,,,,,,,,,,,,,,,,,,,,,,,,,,,,,,,,,,,,,,,,,,,,,,,,,,,,,,,,,,,,,,
1974,2,349.0,-3.0,28.57,29.15,29.73,29.15,2.0,1.2,24.0,0.5,0.4,0.7,25.3,26.6,26.74,26.03,3.0,1.16,22.0,0.3,0.5,0.8,16.68,17.25,17.81,17.25,2.0,1.16,24.0,0.5,0.4,0.7,82.5,83.3,84.1,83.3,2.0,1.6,24.0,0.5,0.7,2.92,3.6,5.37,4.13,3.0,1.86,22.0,0.3,0.5,0.8,-3.95,-0.89,2.14,-0.9,3.0,4.46,22.0,0.3,0.5,0.8,1.2,2.44,2.89,2.06,3.0,1.28,22.0,0.3,0.5,0.8,1009.16,1009.5,1011.34,1010.23,3.0,1.72,22.0,0.3,0.5,0.8,0.6,2.0,6.1,3.3,3.0,4.2,22.0,0.3,0.5,0.8,-23.5,-2.3,8.0,-7.6,3.0,23.5,22.0,0.3,0.5,0.8,3.6,6.4,15.1,9.3,3.0,8.9,22.0,0.3,0.5,0.8,3.26,3.4,3.54,3.4,2.0,0.28,24.0,0.5,0.4,0.7,13.2,16.9,20.6,16.9,2.0,7.6,24.0,0.5,0.4,0.7,7.88,8.16,8.44,8.16,2.0,0.58,24.0,0.5,0.4,0.7,33.6,39.5,45.3,39.5,2.0,12.2,24.0,0.5,0.4,0.7,-98.0,-23.7,57.3,-20.4,3.0,113.9,22.0,0.3,0.5,0.8,32.1,65.0,72.9,52.8,3.0,31.7,22.0,0.3,0.5,0.8,-64.0,-12.1,39.9,-12.1,2.0,107.6,24.0,0.5,0.4,0.7,17.6,31.1,44.6,31.1,2.0,28.0,24.0,0.5,0.4,0.7,-30.2,-5.6,19.0,-5.6,2.0,50.9,24.0,0.5,0.4,0.7,8.3,14.7,21.1,14.7,2.0,13.2,24.0,0.5,0.4,0.7,27.0,46.5,177.5,101.0,3.0,120.0,22.0,0.3,0.5,0.8,25.0,45.0,175.0,100.0,3.0,120.0,22.0,0.3,0.5,0.8
1974,2,349.0,-2.0,26.56,27.5,28.89,27.56,8.0,1.12,16.0,0.6,0.7,0.6,26.95,28.0,28.62,27.77,7.0,1.03,18.0,0.7,0.8,0.5,18.17,18.66,19.62,18.83,5.0,0.96,18.0,0.8,0.7,0.6,76.4,79.5,86.7,81.6,5.0,6.6,18.0,0.8,0.6,1.8,3.0,4.8,3.29,9.0,1.57,16.0,0.7,0.7,0.5,-1.64,-0.26,1.73,0.14,9.0,2.1,16.0,0.7,0.7,0.5,1.53,2.44,3.76,2.75,9.0,1.29,16.0,0.7,0.7,0.5,1006.2,1010.5,1013.45,1010.22,9.0,3.67,16.0,0.7,0.7,0.5,2.0,3.0,4.0,2.9,9.0,1.3,16.0,0.7,0.7,0.5,-5.3,-0.4,4.6,0.1,9.0,10.3,16.0,0.7,0.7,0.5,2.8,7.4,16.5,10.7,9.0,10.0,16.0,0.7,0.7,0.5,-1.55,-0.5,1.81,-0.05,6.0,2.01,18.0,0.7,0.8,0.6,-4.3,-1.3,5.0,0.0,6.0,5.8,18.0,0.7,0.8,0.6,2.06,4.11,6.75,4.39,4.0,2.78,16.0,0.8,0.7,0.7,4.3,12.1,18.9,11.7,4.0,8.5,16.0,0.8,0.7,0.7,-16.6,24.0,57.4,20.7,7.0,52.6,18.0,0.7,0.8,0.5,41.3,61.7,81.2,61.3,7.0,20.1,18.0,0.7,0.8,0.5,-20.6,16.6,24.8,4.3,5.0,29.0,18.0,0.8,0.7,0.6,28.9,45.6,48.3,40.3,5.0,10.9,18.0,0.8,0.7,0.6,-6.5,0.6,8.9,1.2,4.0,11.0,16.0,0.8,0.7,0.7,4.1,9.3,13.3,8.7,4.0,5.4,16.0,0.8,0.7,0.7,7.0,27.0,114.0,59.5,9.0,78.5,16.0,0.7,0.7,0.5,5.0,25.0,115.0,60.0,9.0,80.0,16.0,0.7,0.7,0.5
1974,2,349.0,-1.0,26.65,27.8,28.77,27.74,16.0,1.06,14.0,0.4,0.6,0.6,26.36,27.2,29.34,27.66,17.0,1.53,14.0,0.4,0.6,0.6,17.71,18.68,19.78,18.53,9.0,1.81,14.0,0.4,0.7,0.7,79.2,79.5,85.2,80.6,9.0,6.1,14.0,0.4,0.7,1.5,3.3,4.1,3.09,14.0,1.57,12.0,0.3,0.6,0.6,-3.11,-1.22,0.67,-1.21,14.0,1.83,12.0,0.3,0.6,0.6,0.81,2.37,3.79,2.29,14.0,1.48,12.0,0.3,0.6,0.6,1007.75,1010.0,1011.74,1009.96,17.0,2.28,14.0,0.4,0.6,0.6,1.0,3.0,6.0,3.4,17.0,2.3,14.0,0.4,0.6,0.6,-12.7,-2.6,0.8,-5.4,14.0,8.3,12.0,0.3,0.6,0.6,0.9,8.3,16.3,9.0,14.0,8.3,12.0,0.3,0.6,0.6,-0.8,-0.1,1.78,0.22,15.0,1.32,14.0,0.3,0.6,0.6,-1.5,1.5,6.9,2.3,13.0,4.5,12.0,0.3,0.6,0.6,2.81,3.91,6.62,4.62,9.0,2.11,14.0,0.4,0.7,0.7,4.7,8.9,20.7,13.0,9.0,10.7,14.0,0.4,0.7,0.7,-79.9,-34.1,18.1,-32.8,14.0,49.2,12.0,0.3,0.6,0.6,21.6,66.0,95.3,62.1,14.0,39.9,12.0,0.3,0.6,0.6,-47.4,-9.8,9.3,-19.2,9.0,27.0,14.0,0.4,0.7,0.7,8.7,42.1,59.2,35.0,9.0,27.5,14.0,0.4,0.7,0.7,-9.2,-4.5,1.6,-4.2,9.0,7.0,14.0,0.4,0.7,0.7,1.9,8.9,13.9,10.2,9.0,10.9,14.0,0.4,0.7,0.7,3.5,37.0,69.0,51.5,14.0,60.5,12.0,0.3,0.6,0.6,5.0,35.0,70.0,50.0,14.0,60.0,12.0,0.3,0.6,0.6
1974,2,349.0,0.0,27.2,28.0,29.95,28.2,65.0,1.18,16.0,0.5,0.7,0.5,26.98,27.9,29.02,27.9,69.0,1.11,14.0,0.5,0.7,0.5,17.59,18.7,20.04,18.86,47.0,1.43,14.0,0.5,0.7,0.5,75.4,81.7,86.6,81.2,47.0,5.5,14.0,0.5,0.5,1.68,3.1,5.1,3.53,60.0,1.92,14.0,0.6,0.7,0.5,-3.18,-1.64,0.0,-1.39,60.0,1.72,14.0,0.6,0.7,0.5,1.32,2.34,4.37,2.84,60.0,1.79,14.0,0.6,0.7,0.5,1008.0,1009.3,1011.91,1009.6,70.0,1.95,14.0,0.5,0.7,0.5,1.6,4.0,7.4,4.2,68.0,2.5,14.0,0.5,0.7,0.5,-16.5,-4.4,0.0,-6.7,60.0,8.8,14.0,0.6,0.7,0.5,2.2,7.4,23.9,13.2,60.0,14.8,14.0,0.6,0.7,0.5,-0.9,0.55,1.7,0.39,64.0,1.42,16.0,0.5,0.7,0.5,-3.4,1.1,4.0,0.4,55.0,4.8,16.0,0.5,0.7,0.5,2.8,4.98,7.88,5.04,46.0,2.18,14.0,0.5,0.7,0.5,8.1,17.1,23.4,16.2,39.0,8.7,14.0,0.5,0.7,0.5,-87.9,-45.6,0.0,-38.9,59.0,48.3,14.0,0.5,0.7,0.5,36.6,65.0,124.7,79.7,59.0,50.9,14.0,0.5,0.7,0.5,-63.0,-32.1,9.9,-26.5,40.0,36.5,14.0,0.5,0.7,0.5,25.3,43.6,74.4,50.6,40.0,30.5,14.0,0.5,0.7,0.5,-15.6,-8.2,2.9,-7.2,39.0,9.0,14.0,0.5,0.7,0.5,5.4,11.3,18.2,12.3,39.0,7.3,14.0,0.5,0.7,0.5,5.0,30.0,132.5,85.5,60.0,128.5,14.0,0.6,0.7,0.5,5.0,30.0,135.0,85.0,60.0,130.0,14.0,0.6,0.7,0.5
1974,2,349.0,1.0,27.4,28.3,29.0,28.29,100.0,0.88,14.0,0.5,0.5,0.5,26.6,27.7,28.5,27.66,105.0,1.01,14.0,0.5,0.6,0.5,17.56,18.42,19.3,18.55,89.0,1.54,14.0,0.5,0.6,0.5,73.5,79.2,85.2,80.2,90.0,6.5,14.0,0.5,0.5,2.1,3.6,5.1,3.73,98.0,1.85,14.0,0.5,0.6,0.5,-2.96,-0.94,1.45,-0.71,98.0,2.18,14.0,0.5,0.6,0.5,1.03,2.68,4.57,2.8,98.0,2.07,14.0,0.5,0.6,0.5,1007.85,1010.0,1011.8,1009.87,105.0,2.05,14.0,0.5,0.6,0.5,1.0,4.0,8.0,4.2,105.0,2.6,14.0,0.5,0.6,0.5,-14.5,-2.3,4.5,-3.8,98.0,11.2,14.0,0.5,0.6,0.5,1.7,8.4,24.4,13.5,98.0,14.6,14.0,0.5,0.6,0.5,-0.1,0.75,1.5,0.71,98.0,1.09,14.0,0.5,0.6,0.5,-0.5,2.2,6.1,2.4,90.0,4.0,14.0,0.5,0.6,0.5,4.15,5.73,7.35,5.68,84.0,1.62,14.0,0.5,0.6,0.5,10.4,18.5,30.0,19.4,76.0,9.7,14.0,0.5,0.6,0.5,-78.2,-26.0,40.0,-19.0,97.0,60.4,14.0,0.5,0.6,0.5,28.0,75.4,125.3,76.1,97.0,55.5,14.0,0.5,0.6,0.5,-46.7,-12.1,26.9,-9.1,81.0,38.7,14.0,0.5,0.6,0.5,20.4,48.7,80.9,51.1,81.0,37.4,14.0,0.5,0.6,0.5,-14.5,-2.9,9.3,-2.7,76.0,12.1,14.0,0.5,0.6,0.5,3.2,13.7,24.6,14.6,76.0,10.3,14.0,0.5,0.6,0.5,9.5,46.5,132.5,91.0,98.0,119.0,14.0,0.5,0.6,0.5,10.0,45.0,135.0,90.0,98.0,120.0,14.0,0.5,0.6,0.5
1974,2,349.0,2.0,27.89,28.4,29.5,28.62,38.0,0.85,16.0,0.4,0.3,0.4,27.02,27.95,28.96,27.99,40.0,1.21,16.0,0.5,0.3,0.4,17.77,18.61,19.3,18.58,33.0,0.85,14.0,0.4,0.3,0.4,73.8,79.4,83.7,79.4,34.0,6.2,14.0,0.4,0.4,1.0,2.6,4.6,2.81,35.0,1.83,16.0,0.5,0.4,0.4,-1.59,0.0,1.71,0.1,35.0,1.95,16.0,0.5,0.4,0.4,0.0,1.41,4.02,1.99,35.0,1.91,16.0,0.5,0.4,0.4,1007.0,1010.0,1011.63,1009.68,41.0,2.47,16.0,0.5,0.3,0.4,2.0,5.0,8.0,4.5,41.0,2.6,16.0,0.5,0.4,0.4,-6.8,0.0,4.8,0.0,35.0,8.4,16.0,0.5,0.4,0.4,0.0,4.3,17.8,8.3,35.0,12.2,16.0,0.5,0.4,0.4,-0.23,0.6,1.9,0.71,37.0,1.39,16.0,0.4,0.3,0.4,-0.8,1.5,4.1,1.5,29.0,3.7,14.0,0.4,0.3,0.4,4.94,5.88,7.26,5.98,32.0,1.18,14.0,0.4,0.3,0.4,7.4,17.2,25.4,17.2,24.0,10.6,14.0,0.4,0.3,0.4,-46.3,-4.7,47.1,-2.0,32.0,52.7,14.0,0.5,0.4,0.4,0.0,45.1,121.2,56.8,32.0,55.3,14.0,0.5,0.4,0.4,-31.0,-9.6,29.5,-2.4,25.0,36.8,14.0,0.4,0.3,0.4,7.7,36.9,82.7,43.0,25.0,38.0,14.0,0.4,0.3,0.4,-11.1,-2.7,7.9,-1.3,24.0,11.2,14.0,0.4,0.3,0.4,1.6,11.6,23.7,12.9,24.0,11.1,14.0,0.4,0.3,0.4,1.0,17.5,97.5,52.5,35.0,89.0,16.0,0.5,0.4,0.4,0.0,20.0,95.0,55.0,35.0,90.0,16.0,0.5,0.4,0.4
1974,2,349.0,3.0,28.41,29.0,29.0,28.86,8.0,0.59,12.0,0.5,0.5,0.3,26.12,27.8,29.01,27.56,11.0,1.55,14.0,0.5,0.5,0.4,18.6,18.65,18.66,18.63,4.0,0.05,16.0,0.5,0.5,0.5,76.6,78.9,80.6,78.6,4.0,2.6,16.0,0.5,0.5,0.0,2.05,5.97,2.8,8.0,3.1,16.0,0.5,0.5,0.4,0.0,0.25,3.1,1.39,8.0,2.1,16.0,0.5,0.5,0.4,0.0,0.43,5.22,2.05,8.0,2.67,16.0,0.5,0.5,0.4,1010.02,1010.85,1015.36,1011.89,8.0,2.55,14.0,0.6,0.5,0.4,0.0,5.0,8.0,4.3,11.0,3.4,14.0,0.5,0.5,0.4,0.0,0.3,18.2,8.4,8.0,15.1,16.0,0.5,0.5,0.4,0.0,0.4,31.4,12.5,8.0,19.1,16.0,0.5,0.5,0.4,-0.7,0.75,1.89,0.75,8.0,1.31,12.0,0.5,0.5,0.3,-1.8,0.0,5.1,1.6,5.0,6.4,12.0,0.4,0.5,0.3,5.25,5.63,6.31,5.77,3.0,0.79,12.0,0.3,0.6,0.4,2.1,6.6,23.5,12.7,3.0,16.6,12.0,0.3,0.6,0.4,0.0,7.0,88.8,38.1,8.0,56.5,16.0,0.5,0.5,0.4,0.0,12.2,149.1,55.6,8.0,72.3,16.0,0.5,0.5,0.4,4.4,33.5,57.8,31.2,4.0,30.9,16.0,0.5,0.5,0.5,0.0,8.0,60.2,29.1,4.0,48.0,16.0,0.5,0.5,0.5,1.1,3.3,11.8,6.3,3.0,8.3,12.0,0.3,0.6,0.4,1.8,5.7,20.4,11.0,3.0,14.3,12.0,0.3,0.6,0.4,0.0,15.5,219.5,106.5,8.0,183.0,16.0,0.5,0.5,0.4,0.0,15.0,220.0,105.0,8.0,185.0,16.0,0.5,0.5,0.4
1974,2,349.0,4.0,28.07,28.8,29.18,28.62,17.0,0.94,16.0,0.7,0.6,0.6,27.08,28.1,29.09,27.96,16.0,1.38,16.0,0.6,0.7,0.6,17.69,19.18,20.12,18.78,11.0,1.51,14.0,0.6,0.7,0.6,75.3,77.5,82.4,78.5,11.0,5.0,14.0,0.6,0.6,1.0,4.0,5.1,3.24,15.0,2.33,18.0,0.7,0.6,0.6,-0.88,0.94,4.37,1.29,15.0,2.72,18.0,0.7,0.6,0.6,-0.87,0.5,2.46,0.37,15.0,2.7,18.0,0.7,0.6,0.6,1007.4,1009.8,1012.21,1009.82,15.0,2.37,16.0,0.6,0.7,0.6,2.0,7.0,8.0,5.5,17.0,3.0,16.0,0.6,0.7,0.6,-2.0,0.9,23.6,6.5,15.0,14.6,18.0,0.7,0.6,0.6,-4.3,0.5,9.9,1.0,15.0,15.6,18.0,0.7,0.6,0.6,-0.51,0.8,1.8,0.82,15.0,1.36,16.0,0.7,0.7,0.6,-1.0,1.5,8.9,3.8,12.0,6.6,18.0,0.7,0.6,0.6,4.41,5.81,6.96,5.77,10.0,1.34,14.0,0.7,0.7,0.6,1.1,9.6,21.3,10.7,9.0,9.4,16.0,0.7,0.6,0.6,-27.2,0.0,107.2,21.8,13.0,72.0,16.0,0.6,0.7,0.6,-32.3,13.1,76.4,9.9,13.0,79.7,16.0,0.6,0.7,0.6,-23.1,-6.2,19.7,-3.8,10.0,40.2,16.0,0.6,0.7,0.6,-51.7,7.1,23.8,-5.3,10.0,50.3,16.0,0.6,0.7,0.6,-5.1,0.0,10.0,1.4,9.0,8.8,16.0,0.7,0.6,0.6,0.0,2.1,11.7,1.8,9.0,11.7,16.0,0.7,0.6,0.6,1.0,64.0,132.5,83.0,15.0,102.0,18.0,0.7,0.6,0.6,0.0,65.0,135.0,85.0,15.0,100.0,18.0,0.7,0.6,0.6
1974,2,349.0,5.0,27.41,28.0,29.0,28.26,52.0,1.12,14.0,0.6,0.5,0.5,27.0,27.7,28.51,27.79,51.0,1.05,14.0,0.6,0.5,0.5,18.35,19.03,20.18,19.12,27.0,1.05,16.0,0.6,0.5,0.5,77.0,83.2,88.3,83.2,31.0,6.5,14.0,0.6,0.5,0.0,2.6,4.09,2.51,46.0,1.73,14.0,0.6,0.5,0.5,-0.66,1.12,3.19,1.21,46.0,1.89,14.0,0.6,0.5,0.5,-2.13,0.0,1.86,-0.1,46.0,2.08,14.0,0.6,0.5,0.5,1007.16,1009.2,1012.18,1009.58,47.0,2.58,14.0,0.6,0.5,0.5,1.8,7.0,8.0,5.5,44.0,2.9,14.0,0.6,0.6,0.5,-1.4,2.3,12.7,4.6,46.0,8.0,14.0,0.6,0.5,0.5,-5.8,0.0,4.3,-1.0,46.0,9.2,14.0,0.6,0.5,0.5,-0.51,0.4,1.61,0.42,51.0,1.32,14.0,0.6,0.5,0.5,-1.0,0.0,5.0,1.3,45.0,3.8,14.0,0.6,0.5,0.5,3.87,4.94,6.02,4.93,27.0,1.21,16.0,0.6,0.5,0.5,0.0,8.5,23.5,11.1,24.0,10.3,14.0,0.5,0.5,0.5,-18.9,25.6,86.8,32.3,45.0,51.8,14.0,0.6,0.5,0.5,-38.7,0.0,51.7,-0.4,45.0,56.7,14.0,0.6,0.5,0.5,-8.8,16.7,48.1,16.9,24.0,35.6,14.0,0.5,0.5,0.5,-16.2,0.0,18.4,0.1,24.0,31.4,14.0,0.5,0.5,0.5,-2.7,4.0,14.0,5.2,24.0,11.5,14.0,0.5,0.5,0.5,-5.5,0.0,4.3,0.2,24.0,8.5,14.0,0.5,0.5,0.5,0.0,17.5,68.0,38.0,46.0,49.0,14.0,0.6,0.5,0.5,0.0,20.0,70.0,40.0,46.0,50.0,14.0,0.6,0.5,0.5
1974,2,349.0,6.0,27.33,27.6,27.87,27.6,2.0,0.57,4.0,1.0,0.3,0.0,27.58,28.45,29.21,28.4,4.0,1.01,12.0,0.5,0.3,0.1,20.44,20.54,20.65,20.54,2.0,0.22,12.0,0.5,0.5,0.0,84.0,86.4,88.8,86.4,2.0,5.0,12.0,0.5,0.0,2.42,3.1,4.87,3.63,3.0,1.86,16.0,0.3,0.4,0.1,1.24,2.37,4.41,2.82,3.0,2.35,16.0,0.3,0.4,0.1,-1.99,-1.97,-1.96,-1.97,3.0,0.02,16.0,0.3,0.4,0.1,1007.03,1008.6,1012.84,1009.88,4.0,4.04,12.0,0.5,0.3,0.1,0.6,2.0,6.1,3.3,3.0,4.2,16.0,0.3,0.4,0.1,3.4,7.4,23.2,13.1,3.0,15.3,16.0,0.3,0.4,0.1,-9.5,-6.2,-4.8,-7.1,3.0,3.6,16.0,0.3,0.4,0.1,-1.26,-0.75,-0.24,-0.75,2.0,1.06,4.0,1.0,0.3,0.0,0.0,0.0,0.0,0.0,1.0,0.0,6.0,1.0,0.6,0.0,2.32,2.32,2.32,2.32,1.0,0.0,6.0,1.0,0.6,0.0,13.2,13.2,13.2,13.2,1.0,0.0,6.0,1.0,0.6,0.0,35.5,68.6,121.2,78.1,3.0,63.3,16.0,0.3,0.4,0.1,-56.8,-55.3,-53.7,-55.3,3.0,2.3,16.0,0.3,0.4,0.1,58.7,79.2,99.7,79.2,2.0,42.5,12.0,0.5,0.5,0.0,-41.0,-40.5,-40.0,-40.5,2.0,1.1,12.0,0.5,0.5,0.0,12.4,12.4,12.4,12.4,1.0,0.0,6.0,1.0,0.6,0.0,-4.5,-4.5,-4.5,-4.5,1.0,0.0,6.0,1.0,0.6,0.0,16.0,30.0,136.0,74.5,3.0,96.0,16.0,0.3,0.4,0.1,15.0,30.0,135.0,75.0,3.0,95.0,16.0,0.3,0.4,0.1
1974,2,349.0,28.0,,,,,,,,,,,,,,,,,,,,,,,,,,,,,,,,,,,,,,,,8.0,8.0,8.0,8.0,1.0,0.0,6.0,1.0,1.0,0.4,7.88,7.88,7.88,7.88,1.0,0.0,6.0,1.0,1.0,0.4,-1.39,-1.39,-1.39,-1.39,1.0,0.0,6.0,1.0,1.0,0.4,1022.0,1022.0,1022.0,1022.0,1.0,0.0,6.0,1.0,1.0,0.4,6.0,6.0,6.0,6.0,1.0,0.0,6.0,1.0,1.0,0.4,63.0,63.0,63.0,63.0,1.0,0.0,6.0,1.0,1.0,0.4,-11.1,-11.1,-11.1,-11.1,1.0,0.0,6.0,1.0,1.0,0.4,,,,,,,,,,,,,,,,,,,,,,,,,,,,,,,,,,,,,,,,,126.1,126.1,126.1,126.1,1.0,0.0,6.0,1.0,1.0,0.4,-22.2,-22.2,-22.2,-22.2,1.0,0.0,6.0,1.0,1.0,0.4,77.4,77.4,77.4,77.4,1.0,0.0,6.0,1.0,1.0,0.4,-13.6,-13.6,-13.6,-13.6,1.0,0.0,6.0,1.0,1.0,0.4,,,,,,,,,,,,,,,,,,,,,,,,,,,,,,,,,,,,,,,,
1974,2,349.0,30.0,15.96,17.0,18.0,17.03,11.0,1.16,16.0,0.4,0.3,0.7,14.92,16.2,18.0,16.26,11.0,1.65,16.0,0.4,0.3,0.7,6.57,7.85,8.95,7.76,4.0,1.44,22.0,0.3,0.2,0.9,59.7,67.1,77.6,68.6,4.0,11.0,22.0,0.3,0.9,6.7,9.15,11.46,8.9,10.0,2.81,14.0,0.4,0.3,0.7,-4.84,-1.15,1.47,-1.42,10.0,3.99,14.0,0.4,0.3,0.7,-10.75,-8.21,-3.9,-7.15,10.0,4.58,14.0,0.4,0.3,0.7,1013.86,1020.2,1022.78,1018.91,11.0,4.39,16.0,0.4,0.3,0.7,0.0,1.0,5.8,2.3,11.0,3.0,16.0,0.4,0.3,0.7,-53.4,-7.7,5.9,-17.8,10.0,36.6,14.0,0.4,0.3,0.7,-120.2,-78.3,-27.2,-74.3,10.0,53.5,14.0,0.4,0.3,0.7,-0.65,0.6,2.62,0.76,11.0,1.76,16.0,0.4,0.3,0.7,-7.0,1.2,28.9,8.8,10.0,18.4,14.0,0.4,0.3,0.7,2.69,3.46,4.31,3.5,4.0,0.94,22.0,0.3,0.2,0.9,28.1,28.3,40.1,34.0,3.0,10.1,22.0,0.3,0.2,0.9,-84.1,-18.8,24.1,-21.6,10.0,67.3,14.0,0.4,0.3,0.7,-169.7,-130.1,-73.0,-114.0,10.0,69.8,14.0,0.4,0.3,0.7,-11.1,0.0,0.0,-5.4,3.0,9.4,22.0,0.3,0.2,0.9,-85.0,-62.6,-50.4,-67.6,3.0,25.7,22.0,0.3,0.2,0.9,-6.5,0.0,0.0,-3.2,3.0,5.5,22.0,0.3,0.2,0.9,-40.1,-28.3,-26.9,-33.4,3.0,10.7,22.0,0.3,0.2,0.9,301.0,802.5,1509.5,890.5,10.0,694.5,14.0,0.4,0.3,0.7,300.0,800.0,1510.0,890.0,10.0,695.0,14.0,0.4,0.3,0.7
1974,2,349.0,31.0,15.99,17.0,18.0,16.87,45.0,1.13,14.0,0.6,0.4,0.5,14.59,16.0,18.41,16.37,47.0,2.01,14.0,0.6,0.4,0.5,7.63,9.84,10.25,9.21,19.0,1.27,12.0,0.5,0.4,0.6,66.6,79.4,89.1,77.7,19.0,11.8,12.0,0.5,0.6,3.59,7.2,13.41,8.06,45.0,4.43,14.0,0.6,0.4,0.5,-6.51,-2.46,2.97,-1.65,45.0,4.6,14.0,0.6,0.4,0.5,-11.8,-6.13,-1.29,-6.23,45.0,4.74,14.0,0.6,0.4,0.5,1016.63,1021.45,1025.46,1021.12,46.0,5.22,14.0,0.6,0.4,0.5,0.0,2.0,6.0,2.6,43.0,2.7,14.0,0.6,0.4,0.5,-84.7,-8.9,19.3,-22.3,45.0,54.9,14.0,0.6,0.4,0.5,-159.0,-48.7,-3.1,-68.5,45.0,71.7,14.0,0.6,0.4,0.5,-1.51,0.4,2.5,0.56,45.0,2.12,14.0,0.6,0.4,0.5,-9.7,1.6,30.0,7.1,43.0,19.4,14.0,0.6,0.4,0.5,1.42,2.86,4.08,2.82,18.0,1.49,12.0,0.6,0.4,0.6,6.5,19.0,50.2,27.3,16.0,24.1,12.0,0.6,0.4,0.5,-101.6,-33.9,56.2,-24.4,45.0,75.8,14.0,0.6,0.4,0.5,-179.4,-105.0,-22.1,-98.4,45.0,71.3,14.0,0.6,0.4,0.5,-65.1,0.0,43.9,-9.0,17.0,47.5,12.0,0.6,0.4,0.5,-77.5,-52.9,-10.4,-47.8,17.0,38.5,12.0,0.6,0.4,0.5,-27.7,-2.0,9.5,-7.4,16.0,20.7,12.0,0.6,0.4,0.5,-43.6,-13.0,-2.4,-19.8,16.0,21.7,12.0,0.6,0.4,0.5,46.5,373.0,2411.0,1011.5,45.0,1236.0,14.0,0.6,0.4,0.5,45.0,375.0,2410.0,1010.0,45.0,1235.0,14.0,0.6,0.4,0.5
1974,2,349.0,32.0,16.0,17.0,18.1,17.04,43.0,1.28,12.0,0.6,0.7,0.3,14.0,16.5,17.21,16.06,45.0,1.61,12.0,0.6,0.7,0.3,6.6,8.52,9.86,8.32,13.0,1.46,12.0,0.6,0.7,0.5,58.6,74.8,82.2,73.0,13.0,13.0,12.0,0.6,0.5,3.6,7.2,12.74,7.75,46.0,4.4,12.0,0.6,0.7,0.3,-7.65,-1.4,2.48,-2.2,46.0,4.83,12.0,0.6,0.7,0.3,-9.98,-5.81,-1.14,-5.68,46.0,4.43,12.0,0.6,0.7,0.3,1017.49,1021.1,1026.4,1021.54,45.0,6.07,12.0,0.6,0.7,0.3,1.0,3.0,7.0,3.5,44.0,2.7,12.0,0.6,0.7,0.3,-88.7,-4.4,11.0,-24.7,46.0,60.0,12.0,0.6,0.7,0.3,-127.3,-38.8,-2.4,-59.9,46.0,64.8,12.0,0.6,0.7,0.3,-0.55,0.65,3.0,1.01,42.0,1.89,12.0,0.6,0.7,0.3,-4.0,3.4,23.4,9.7,42.0,19.2,12.0,0.6,0.7,0.3,2.67,3.55,4.65,3.45,12.0,1.43,12.0,0.6,0.7,0.5,12.2,20.8,43.2,27.4,12.0,20.9,12.0,0.6,0.7,0.5,-117.7,-21.2,36.9,-36.8,45.0,78.8,12.0,0.6,0.7,0.3,-167.2,-94.8,-15.1,-91.0,45.0,70.2,12.0,0.6,0.7,0.3,-24.1,0.0,33.0,-1.2,13.0,33.3,12.0,0.6,0.7,0.5,-86.5,-37.1,-17.2,-44.8,13.0,35.8,12.0,0.6,0.7,0.5,-9.2,0.0,11.3,-0.8,12.0,16.3,12.0,0.6,0.7,0.5,-39.9,-20.6,0.0,-22.8,12.0,20.6,12.0,0.6,0.7,0.5,46.5,373.0,2075.5,927.0,46.0,1198.5,12.0,0.6,0.7,0.3,45.0,375.0,2075.0,925.0,46.0,1200.0,12.0,0.6,0.7,0.3
1974,2,349.0,33.0,15.02,17.0,17.39,16.43,15.0,1.29,16.0,0.6,0.7,0.3,14.91,16.0,18.28,16.24,17.0,2.04,18.0,0.5,0.7,0.3,7.83,8.6,9.43,8.61,6.0,1.07,14.0,0.7,0.7,0.4,60.8,75.2,84.7,73.4,6.0,11.8,14.0,0.7,0.4,3.24,5.1,9.62,5.98,15.0,3.16,18.0,0.5,0.7,0.3,-3.71,0.0,2.97,-0.16,15.0,4.23,18.0,0.5,0.7,0.3,-6.7,-3.28,0.0,-3.18,15.0,4.42,18.0,0.5,0.7,0.3,1015.32,1017.9,1022.03,1018.52,17.0,3.85,18.0,0.5,0.7,0.3,3.0,6.5,7.0,5.6,16.0,2.2,16.0,0.6,0.7,0.3,-17.9,0.0,24.0,0.0,15.0,34.2,18.0,0.5,0.7,0.3,-45.7,-15.8,0.0,-25.8,15.0,46.3,18.0,0.5,0.7,0.3,-1.51,-0.5,1.39,-0.17,15.0,1.74,16.0,0.6,0.7,0.3,-11.1,-3.4,6.3,-2.6,13.0,9.3,16.0,0.6,0.7,0.3,2.63,3.08,4.24,3.45,6.0,1.22,14.0,0.7,0.7,0.4,6.3,17.0,28.5,17.8,5.0,13.4,14.0,0.6,0.7,0.5,-58.6,0.0,56.0,-1.7,15.0,71.5,18.0,0.5,0.7,0.3,-105.0,-52.5,0.0,-49.8,15.0,75.7,18.0,0.5,0.7,0.3,-14.9,8.5,32.4,10.4,5.0,29.8,14.0,0.6,0.7,0.5,-52.4,-9.9,4.0,-25.3,5.0,46.4,14.0,0.6,0.7,0.5,-9.4,3.1,10.2,1.0,5.0,12.1,14.0,0.6,0.7,0.5,-24.8,-2.9,1.9,-10.5,5.0,17.0,14.0,0.6,0.7,0.5,36.5,132.5,894.0,392.5,15.0,524.5,18.0,0.5,0.7,0.3,35.0,135.0,895.0,390.0,15.0,525.0,18.0,0.5,0.7,0.3
1974,2,349.0,34.0,16.0,17.0,18.0,17.0,35.0,1.03,10.0,0.6,0.5,0.6,14.87,16.0,17.0,15.87,37.0,1.21,10.0,0.6,0.5,0.6,7.38,8.73,9.79,8.57,25.0,1.15,10.0,0.6,0.4,0.6,67.7,79.2,85.1,76.6,25.0,9.2,10.0,0.6,0.6,2.82,7.2,10.02,6.72,36.0,3.43,10.0,0.6,0.5,0.6,-5.52,-0.95,3.09,-0.84,36.0,4.42,10.0,0.6,0.5,0.6,-8.14,-5.2,-0.86,-4.63,36.0,3.99,10.0,0.6,0.5,0.6,1018.94,1021.4,1025.51,1022.22,37.0,3.93,10.0,0.6,0.5,0.6,2.0,6.0,7.0,5.1,37.0,2.3,10.0,0.6,0.5,0.6,-41.3,-2.8,19.6,-3.2,36.0,48.1,10.0,0.6,0.5,0.6,-78.4,-33.9,-0.9,-40.4,36.0,44.0,10.0,0.6,0.5,0.6,0.0,1.0,2.2,1.17,35.0,1.5,10.0,0.6,0.5,0.6,0.0,6.1,18.4,9.1,34.0,12.9,10.0,0.6,0.5,0.6,2.61,3.01,4.41,3.36,24.0,1.0,10.0,0.5,0.4,0.6,8.2,19.5,30.2,23.3,23.0,17.2,10.0,0.5,0.4,0.6,-90.2,-14.5,45.9,-14.5,36.0,70.0,10.0,0.6,0.5,0.6,-126.6,-83.2,-12.5,-73.3,36.0,61.9,10.0,0.6,0.5,0.6,-53.4,-25.0,15.1,-15.7,24.0,39.5,10.0,0.5,0.4,0.6,-68.0,-43.7,-15.4,-42.0,24.0,25.0,10.0,0.5,0.4,0.6,-17.3,-9.2,5.6,-4.4,23.0,18.6,10.0,0.5,0.4,0.6,-26.6,-15.0,-6.6,-17.8,23.0,13.0,10.0,0.5,0.4,0.6,23.0,373.0,1008.5,541.0,36.0,781.5,10.0,0.6,0.5,0.6,25.0,375.0,1010.0,540.0,36.0,780.0,10.0,0.6,0.5,0.6
1974,2,349.0,35.0,15.45,16.0,17.0,16.02,12.0,1.18,16.0,0.7,0.5,0.5,14.44,15.75,17.0,15.81,16.0,1.34,14.0,0.6,0.5,0.5,6.87,8.14,9.3,8.08,12.0,1.23,14.0,0.5,0.5,0.5,65.6,76.4,87.7,75.8,12.0,11.3,14.0,0.5,0.5,4.29,6.7,9.61,7.0,16.0,2.9,14.0,0.6,0.5,0.5,-5.83,0.09,6.94,0.1,16.0,6.03,14.0,0.6,0.5,0.5,-4.93,-3.5,-0.84,-3.44,16.0,3.42,14.0,0.6,0.5,0.5,1016.0,1020.5,1026.01,1019.91,16.0,6.57,14.0,0.6,0.5,0.5,2.0,4.5,7.0,4.5,16.0,2.4,14.0,0.6,0.5,0.5,-40.7,0.8,59.5,2.7,16.0,55.5,14.0,0.6,0.5,0.5,-42.8,-18.4,-4.2,-26.7,16.0,41.4,14.0,0.6,0.5,0.5,-0.85,0.5,1.23,0.3,12.0,1.62,16.0,0.7,0.5,0.5,-6.5,2.6,11.6,3.5,12.0,15.6,16.0,0.7,0.5,0.5,1.78,3.45,4.7,3.12,10.0,1.74,16.0,0.6,0.5,0.5,8.6,18.3,47.3,24.5,10.0,20.9,16.0,0.6,0.5,0.5,-96.8,1.7,101.1,-0.4,16.0,95.2,14.0,0.6,0.5,0.5,-74.4,-53.2,-14.8,-52.0,16.0,50.1,14.0,0.6,0.5,0.5,-36.8,11.8,43.2,1.9,12.0,45.7,14.0,0.5,0.5,0.5,-44.4,-33.0,-20.7,-33.7,12.0,21.9,14.0,0.5,0.5,0.5,-9.2,5.3,13.0,1.2,10.0,24.8,16.0,0.6,0.5,0.5,-25.2,-14.2,-3.5,-16.1,10.0,14.2,16.0,0.6,0.5,0.5,79.5,301.0,889.0,521.0,16.0,610.5,14.0,0.6,0.5,0.5,80.0,300.0,890.0,520.0,16.0,610.0,14.0,0.6,0.5,0.5
1974,2,349.0,36.0,15.15,15.6,17.0,15.9,23.0,0.93,14.0,0.3,0.5,0.5,13.45,14.6,15.94,14.81,27.0,1.59,14.0,0.3,0.5,0.5,6.92,8.26,9.29,8.39,26.0,1.59,14.0,0.3,0.5,0.5,72.3,78.7,88.9,79.7,26.0,10.5,14.0,0.3,0.5,4.5,6.2,8.7,6.82,25.0,2.7,14.0,0.3,0.6,0.5,-4.43,1.4,4.95,0.84,25.0,5.03,14.0,0.3,0.6,0.5,-7.22,-4.79,0.71,-3.65,25.0,3.97,14.0,0.3,0.6,0.5,1016.11,1021.3,1024.44,1020.3,27.0,5.96,14.0,0.3,0.5,0.5,1.0,5.0,7.0,4.5,27.0,2.8,14.0,0.3,0.5,0.5,-34.1,5.7,44.8,11.2,25.0,48.3,14.0,0.3,0.6,0.5,-59.2,-25.6,3.1,-26.9,25.0,40.1,14.0,0.3,0.6,0.5,0.0,1.2,2.0,0.9,23.0,1.59,14.0,0.3,0.5,0.5,0.0,7.4,17.2,6.5,21.0,11.4,14.0,0.3,0.6,0.5,1.19,2.9,4.39,2.77,23.0,1.58,14.0,0.3,0.5,0.5,8.2,15.8,32.6,19.6,21.0,15.9,14.0,0.3,0.6,0.5,-66.2,22.1,73.4,10.9,25.0,68.3,14.0,0.3,0.6,0.5,-110.6,-74.9,10.3,-55.8,25.0,57.2,14.0,0.3,0.6,0.5,-36.4,12.4,40.8,3.1,24.0,34.4,14.0,0.3,0.6,0.5,-61.9,-38.2,1.6,-33.2,24.0,29.1,14.0,0.3,0.6,0.5,-12.9,2.1,11.7,0.3,21.0,15.4,14.0,0.3,0.6,0.5,-23.5,-10.9,1.4,-12.3,21.0,16.1,14.0,0.3,0.6,0.5,92.0,238.5,658.5,472.0,25.0,600.5,14.0,0.3,0.6,0.5,90.0,240.0,660.0,470.0,25.0,600.0,14.0,0.3,0.6,0.5
1974,2,349.0,37.0,14.36,15.0,16.1,15.49,25.0,1.23,14.0,0.4,0.7,0.4,12.99,14.25,16.0,14.27,26.0,1.65,14.0,0.4,0.7,0.4,6.48,8.17,9.17,7.93,21.0,1.35,12.0,0.4,0.7,0.4,66.5,80.8,88.4,78.1,21.0,9.3,12.0,0.4,0.4,2.6,6.7,11.06,6.9,23.0,3.89,12.0,0.3,0.7,0.4,-2.85,2.29,7.74,2.37,23.0,5.16,12.0,0.3,0.7,0.4,-8.21,-4.42,0.0,-3.82,23.0,4.15,12.0,0.3,0.7,0.4,1017.46,1022.3,1024.67,1021.85,24.0,3.78,12.0,0.3,0.7,0.4,1.0,3.5,7.0,3.8,26.0,2.7,16.0,0.5,0.7,0.4,-14.9,14.1,85.5,20.8,23.0,58.5,12.0,0.3,0.7,0.4,-77.7,-22.5,0.0,-37.2,23.0,46.1,12.0,0.3,0.7,0.4,0.0,1.0,2.28,1.25,25.0,1.87,14.0,0.4,0.7,0.4,0.0,4.2,21.4,10.8,22.0,21.0,12.0,0.3,0.7,0.4,1.47,2.89,4.42,2.88,20.0,1.23,12.0,0.4,0.7,0.4,6.4,15.8,34.3,19.6,19.0,13.9,12.0,0.4,0.7,0.4,-33.1,37.6,97.7,35.1,23.0,69.0,12.0,0.3,0.7,0.4,-96.7,-67.2,0.0,-51.2,23.0,57.0,12.0,0.3,0.7,0.4,-25.3,23.1,56.4,20.2,20.0,41.2,12.0,0.4,0.7,0.4,-57.3,-38.9,-0.1,-30.9,20.0,29.5,12.0,0.4,0.7,0.4,-15.2,5.4,16.5,3.6,19.0,16.2,12.0,0.4,0.7,0.4,-27.1,-7.9,-0.5,-12.9,19.0,12.2,12.0,0.4,0.7,0.4,17.5,301.0,1372.5,639.0,23.0,798.0,12.0,0.3,0.7,0.4,20.0,300.0,1375.0,640.0,23.0,800.0,12.0,0.3,0.7,0.4
1974,2,349.0,38.0,13.38,14.6,16.0,14.83,27.0,1.32,14.0,0.5,0.5,0.4,12.46,13.3,14.84,13.67,30.0,1.49,14.0,0.5,0.6,0.4,5.61,6.61,8.36,6.95,21.0,1.72,14.0,0.5,0.6,0.5,58.8,72.1,82.5,70.4,21.0,13.3,14.0,0.5,0.5,3.6,7.35,15.4,8.84,26.0,5.7,14.0,0.5,0.6,0.4,0.0,3.12,7.91,4.0,26.0,4.33,14.0,0.5,0.6,0.4,-12.73,-4.18,-1.2,-5.51,26.0,6.84,14.0,0.5,0.6,0.4,1015.9,1019.8,1024.69,1020.0,29.0,4.6,14.0,0.5,0.6,0.4,2.6,5.0,6.4,4.5,30.0,2.2,16.0,0.5,0.6,0.4,0.0,18.1,98.3,51.3,26.0,69.9,14.0,0.5,0.6,0.4,-164.9,-25.3,-4.2,-68.0,26.0,117.8,14.0,0.5,0.6,0.4,-0.09,1.1,2.92,1.18,27.0,1.69,14.0,0.5,0.5,0.4,-1.5,5.4,21.1,11.6,23.0,24.3,14.0,0.5,0.6,0.4,1.48,3.8,4.55,3.23,19.0,1.78,14.0,0.5,0.5,0.4,12.5,29.4,61.9,33.8,16.0,24.0,14.0,0.6,0.6,0.4,0.0,43.4,103.5,55.0,26.0,58.1,14.0,0.5,0.6,0.4,-162.7,-63.4,-16.8,-73.7,26.0,86.1,14.0,0.5,0.6,0.4,10.2,20.9,50.7,29.1,18.0,28.1,14.0,0.6,0.6,0.4,-86.2,-33.5,-10.7,-36.8,18.0,46.4,14.0,0.6,0.6,0.4,0.0,8.4,27.1,15.4,16.0,22.0,14.0,0.6,0.6,0.4,-35.8,-18.2,-0.8,-16.1,16.0,28.0,14.0,0.6,0.6,0.4,46.5,406.5,3652.5,1592.5,26.0,2234.5,14.0,0.5,0.6,0.4,45.0,405.0,3650.0,1595.0,26.0,2235.0,14.0,0.5,0.6,0.4
1974,2,349.0,39.0,13.2,14.1,15.9,14.45,53.0,1.21,16.0,0.5,0.4,0.5,11.9,13.15,14.8,13.23,58.0,1.45,16.0,0.5,0.4,0.5,5.73,6.72,8.12,6.78,40.0,1.27,14.0,0.6,0.3,0.5,61.4,74.5,81.5,72.0,40.0,11.5,14.0,0.6,0.5,3.6,6.2,15.4,8.81,57.0,5.89,14.0,0.5,0.4,0.5,-2.43,3.6,9.52,3.9,57.0,5.66,14.0,0.5,0.4,0.5,-11.26,-3.98,0.08,-4.39,57.0,6.82,14.0,0.5,0.4,0.5,1015.04,1020.9,1026.56,1019.8,59.0,5.72,16.0,0.5,0.4,0.5,0.0,4.0,7.0,3.7,58.0,2.8,16.0,0.5,0.4,0.5,-13.1,19.9,153.5,54.6,57.0,86.8,14.0,0.5,0.4,0.5,-162.4,-16.0,0.2,-66.1,57.0,119.8,14.0,0.5,0.4,0.5,-0.29,1.1,2.9,1.2,50.0,1.83,16.0,0.5,0.4,0.5,-1.6,4.7,36.7,15.1,47.0,27.5,14.0,0.5,0.4,0.5,2.03,3.03,4.81,3.19,38.0,1.28,14.0,0.6,0.3,0.5,9.9,17.5,55.6,28.9,36.0,24.9,14.0,0.6,0.4,0.5,-29.3,59.5,123.6,53.8,54.0,75.6,14.0,0.5,0.4,0.5,-142.9,-50.4,0.0,-56.4,54.0,83.1,14.0,0.5,0.4,0.5,-17.9,26.3,67.4,27.6,38.0,45.6,14.0,0.6,0.4,0.5,-77.6,-28.0,0.0,-32.1,38.0,39.6,14.0,0.6,0.4,0.5,-12.2,9.9,33.0,11.9,36.0,21.5,14.0,0.6,0.4,0.5,-41.9,-10.1,0.0,-16.9,36.0,24.0,14.0,0.6,0.4,0.5,46.5,238.5,3652.5,1710.5,57.0,2576.0,14.0,0.5,0.4,0.5,45.0,240.0,3650.0,1710.0,57.0,2575.0,14.0,0.5,0.4,0.5
1974,2,349.0,40.0,12.8,14.0,15.0,13.83,141.0,1.13,16.0,0.2,0.4,0.5,11.2,13.0,14.58,12.87,147.0,1.7,16.0,0.2,0.4,0.5,5.75,6.6,8.34,6.83,105.0,1.23,16.0,0.2,0.4,0.5,63.4,73.5,86.3,74.7,106.0,10.8,16.0,0.2,0.5,4.6,7.7,15.4,9.47,146.0,5.61,16.0,0.2,0.4,0.5,-3.12,2.67,9.85,3.41,146.0,6.43,16.0,0.2,0.4,0.5,-10.39,-3.39,3.69,-2.94,146.0,7.75,16.0,0.2,0.4,0.5,1013.38,1020.0,1024.1,1019.18,149.0,5.81,16.0,0.2,0.4,0.5,0.0,4.0,7.0,3.9,144.0,3.0,16.0,0.2,0.4,0.5,-19.9,17.2,124.7,51.7,146.0,107.2,16.0,0.2,0.4,0.5,-148.0,-17.8,23.1,-41.4,146.0,132.9,16.0,0.2,0.4,0.5,-1.0,0.9,2.8,0.96,139.0,1.86,16.0,0.2,0.4,0.5,-4.3,5.1,28.9,12.3,134.0,27.9,16.0,0.2,0.4,0.5,1.4,3.13,4.11,2.84,103.0,1.29,16.0,0.2,0.4,0.5,9.1,18.9,49.6,26.8,99.0,22.8,16.0,0.2,0.4,0.5,-38.9,35.1,123.4,42.6,142.0,78.2,16.0,0.2,0.4,0.5,-114.6,-45.9,51.4,-31.5,142.0,98.2,16.0,0.2,0.4,0.5,-20.1,17.2,66.3,22.0,101.0,44.6,16.0,0.2,0.4,0.5,-64.9,-23.7,23.5,-17.0,101.0,57.3,16.0,0.2,0.4,0.5,-11.3,3.9,21.2,6.6,99.0,20.4,16.0,0.2,0.4,0.5,-32.5,-8.6,8.7,-12.8,99.0,24.8,16.0,0.2,0.4,0.5,97.5,456.5,3652.5,1884.0,146.0,3119.0,16.0,0.2,0.4,0.5,95.0,455.0,3650.0,1885.0,146.0,3120.0,16.0,0.2,0.4,0.5
1974,2,349.0,41.0,12.49,13.1,14.5,13.38,164.0,1.15,16.0,0.3,0.6,0.4,11.0,12.0,14.0,12.39,174.0,1.72,16.0,0.3,0.6,0.4,5.49,6.23,8.07,6.65,127.0,1.22,16.0,0.3,0.6,0.4,64.5,74.2,85.1,74.3,127.0,11.0,16.0,0.3,0.4,4.6,9.15,15.4,9.86,168.0,5.14,16.0,0.3,0.6,0.4,-3.26,2.67,8.83,2.89,168.0,6.45,16.0,0.3,0.6,0.4,-11.71,-3.53,4.57,-3.31,168.0,7.95,16.0,0.3,0.6,0.4,1014.79,1020.5,1023.7,1019.2,174.0,6.05,16.0,0.3,0.6,0.4,0.0,4.0,8.0,4.0,166.0,3.0,16.0,0.3,0.6,0.4,-24.6,20.7,110.1,40.3,168.0,99.2,16.0,0.3,0.6,0.4,-157.6,-23.3,39.8,-41.4,168.0,121.7,16.0,0.3,0.6,0.4,-0.86,1.0,2.53,0.95,163.0,1.92,16.0,0.3,0.6,0.4,-7.2,5.9,25.2,10.2,156.0,23.2,16.0,0.3,0.6,0.4,1.34,2.94,3.76,2.74,122.0,1.15,16.0,0.3,0.6,0.4,8.7,21.5,46.4,26.9,118.0,19.3,16.0,0.3,0.6,0.4,-44.0,33.8,118.5,37.6,167.0,80.9,16.0,0.3,0.6,0.4,-133.4,-42.5,53.7,-34.2,167.0,97.2,16.0,0.3,0.6,0.4,-23.4,15.2,62.4,19.2,123.0,45.4,16.0,0.3,0.6,0.4,-71.2,-21.5,34.8,-14.7,123.0,57.0,16.0,0.3,0.6,0.4,-12.1,3.2,20.3,4.8,118.0,18.8,16.0,0.3,0.6,0.4,-37.5,-7.9,7.2,-11.9,118.0,24.1,16.0,0.3,0.6,0.4,97.5,766.5,3652.5,1775.0,168.0,2221.0,16.0,0.3,0.6,0.4,95.0,765.0,3650.0,1775.0,168.0,2220.0,16.0,0.3,0.6,0.4
1974,2,349.0,42.0,12.0,13.0,14.0,12.88,100.0,1.07,14.0,0.3,0.8,0.4,10.5,11.75,13.5,11.92,102.0,1.47,14.0,0.3,0.8,0.4,5.35,6.31,8.19,6.55,80.0,1.25,16.0,0.3,0.8,0.4,63.6,75.3,88.3,75.9,82.0,11.3,16.0,0.3,0.4,6.2,11.15,17.0,11.48,102.0,4.75,14.0,0.3,0.8,0.4,-4.75,4.43,13.32,4.05,102.0,8.36,14.0,0.3,0.8,0.4,-10.64,-4.1,6.61,-2.21,102.0,8.01,14.0,0.3,0.8,0.4,1008.2,1019.1,1024.08,1017.54,103.0,8.17,14.0,0.3,0.8,0.4,1.0,5.0,8.0,4.5,102.0,2.8,14.0,0.3,0.8,0.4,-43.0,37.8,194.4,64.3,102.0,133.1,14.0,0.3,0.8,0.4,-130.9,-21.7,67.2,-26.3,102.0,121.0,14.0,0.3,0.8,0.4,-0.4,0.8,2.1,0.92,97.0,1.44,14.0,0.3,0.8,0.4,-3.6,8.7,28.7,11.6,94.0,19.0,14.0,0.3,0.8,0.4,1.43,2.67,3.92,2.61,79.0,1.26,16.0,0.3,0.8,0.4,13.3,27.5,51.9,31.4,76.0,20.3,14.0,0.3,0.8,0.4,-53.0,51.7,154.6,49.3,99.0,98.5,14.0,0.3,0.8,0.4,-109.3,-39.9,82.0,-21.4,99.0,96.9,14.0,0.3,0.8,0.4,-31.2,28.6,79.0,26.9,77.0,54.5,16.0,0.3,0.8,0.4,-58.1,-19.5,60.5,-5.7,77.0,57.8,16.0,0.3,0.8,0.4,-16.0,4.3,38.8,7.6,76.0,28.3,14.0,0.3,0.8,0.4,-32.6,-6.4,13.0,-8.7,76.0,21.9,14.0,0.3,0.8,0.4,238.5,1387.0,4913.0,2293.5,102.0,2463.0,14.0,0.3,0.8,0.4,240.0,1385.0,4915.0,2295.0,102.0,2465.0,14.0,0.3,0.8,0.4
1974,2,349.0,43.0,11.38,12.4,13.63,12.46,32.0,1.0,14.0,0.1,0.6,0.4,10.34,11.5,13.0,11.8,35.0,1.47,14.0,0.1,0.7,0.4,5.28,6.09,7.69,6.38,22.0,1.33,16.0,0.0,0.7,0.4,66.3,74.3,85.5,74.9,24.0,10.4,16.0,0.0,0.4,7.77,12.15,16.88,12.07,34.0,4.58,14.0,0.1,0.6,0.4,-4.45,3.56,11.91,3.97,34.0,8.43,14.0,0.1,0.6,0.4,-9.21,-5.43,6.21,-3.09,34.0,8.6,14.0,0.1,0.6,0.4,1003.11,1017.0,1023.35,1015.2,35.0,8.67,14.0,0.1,0.7,0.4,3.0,6.0,8.0,5.5,35.0,2.3,14.0,0.1,0.7,0.4,-30.9,38.8,161.9,62.9,34.0,142.9,14.0,0.1,0.6,0.4,-106.2,-48.5,76.4,-36.2,34.0,132.4,14.0,0.1,0.6,0.4,-0.52,0.8,2.27,0.76,31.0,1.59,14.0,0.1,0.6,0.4,-6.9,10.2,26.9,9.3,29.0,16.4,14.0,0.1,0.6,0.4,1.92,3.03,3.67,2.87,19.0,0.99,16.0,0.1,0.7,0.3,20.1,34.9,48.9,34.3,18.0,13.8,16.0,0.1,0.7,0.4,-50.0,44.9,141.0,48.3,32.0,102.0,14.0,0.1,0.7,0.4,-103.5,-55.7,81.4,-30.6,32.0,103.9,14.0,0.1,0.7,0.4,-36.3,24.4,41.0,11.9,20.0,44.9,16.0,0.1,0.7,0.4,-78.9,-28.6,44.8,-12.2,20.0,66.6,16.0,0.1,0.7,0.4,-13.4,9.2,27.6,6.7,18.0,24.7,16.0,0.1,0.7,0.4,-37.2,-18.1,16.1,-13.0,18.0,24.4,16.0,0.1,0.7,0.4,469.5,1794.5,4813.0,2537.5,34.0,2733.0,14.0,0.1,0.6,0.4,470.0,1795.0,4815.0,2540.0,34.0,2735.0,14.0,0.1,0.6,0.4
1974,2,349.0,44.0,11.1,12.0,13.06,12.17,23.0,1.22,14.0,0.2,0.5,0.4,10.08,11.0,12.68,11.36,25.0,1.79,14.0,0.2,0.6,0.4,4.56,5.84,6.99,5.92,15.0,1.28,14.0,0.2,0.5,0.4,57.0,73.2,83.6,71.9,15.0,13.4,14.0,0.2,0.4,8.35,13.35,17.35,12.76,24.0,4.66,14.0,0.3,0.6,0.4,-5.7,2.57,15.31,4.61,24.0,10.09,14.0,0.3,0.6,0.4,-10.74,-5.63,3.2,-4.14,24.0,7.05,14.0,0.3,0.6,0.4,1011.67,1019.05,1023.41,1017.44,26.0,8.06,14.0,0.2,0.6,0.4,2.0,5.0,8.0,5.0,25.0,2.7,14.0,0.2,0.5,0.4,-46.6,23.1,250.0,85.6,24.0,168.0,14.0,0.3,0.6,0.4,-136.4,-65.0,48.7,-48.5,24.0,101.1,14.0,0.3,0.6,0.4,-0.5,0.5,2.0,0.87,23.0,2.06,14.0,0.2,0.5,0.4,-6.1,9.2,30.5,14.6,21.0,37.0,12.0,0.2,0.5,0.4,1.87,2.78,3.89,2.82,14.0,1.28,14.0,0.2,0.5,0.4,23.9,35.6,61.3,39.6,12.0,21.3,12.0,0.3,0.5,0.4,-53.2,33.2,179.2,60.5,23.0,107.9,14.0,0.2,0.6,0.4,-128.7,-63.0,37.2,-40.8,23.0,82.2,14.0,0.2,0.6,0.4,-13.2,15.3,93.7,35.5,13.0,58.4,12.0,0.2,0.5,0.4,-60.6,-34.8,19.8,-24.4,13.0,47.2,12.0,0.2,0.5,0.4,-7.1,3.1,48.1,15.9,12.0,28.9,12.0,0.3,0.5,0.4,-39.1,-23.7,3.1,-21.3,12.0,23.6,12.0,0.3,0.5,0.4,588.0,2423.5,5234.5,2850.5,24.0,2415.5,14.0,0.3,0.6,0.4,590.0,2425.0,5235.0,2850.0,24.0,2415.0,14.0,0.3,0.6,0.4
1974,2,349.0,45.0,11.18,12.0,13.0,12.12,32.0,1.2,8.0,0.2,0.4,0.4,9.32,10.85,12.0,10.75,34.0,1.42,10.0,0.2,0.5,0.4,5.47,6.02,7.13,6.27,25.0,0.97,10.0,0.2,0.4,0.4,65.2,74.2,88.4,76.2,25.0,11.7,10.0,0.2,0.4,6.8,15.0,19.0,14.15,33.0,6.59,8.0,0.2,0.4,0.4,4.11,11.09,17.98,10.56,33.0,9.05,8.0,0.2,0.4,0.4,-5.24,0.0,6.22,-0.82,33.0,7.22,8.0,0.2,0.4,0.4,998.9,1008.4,1020.25,1009.15,34.0,9.89,10.0,0.2,0.5,0.4,3.0,7.0,8.0,6.0,30.0,2.1,8.0,0.2,0.4,0.4,17.3,145.1,323.6,192.0,33.0,215.0,8.0,0.2,0.4,0.4,-121.3,0.0,86.5,-18.7,33.0,128.2,8.0,0.2,0.4,0.4,-0.01,1.3,2.52,1.23,32.0,1.47,8.0,0.2,0.4,0.4,-0.1,15.0,41.2,18.7,31.0,23.6,8.0,0.2,0.4,0.4,1.67,2.71,3.48,2.59,25.0,1.02,10.0,0.2,0.4,0.4,13.9,41.1,62.4,39.7,24.0,25.4,10.0,0.2,0.4,0.4,40.8,114.9,234.2,116.0,33.0,99.5,8.0,0.2,0.4,0.4,-55.3,0.0,55.9,-8.2,33.0,76.9,8.0,0.2,0.4,0.4,23.2,84.5,133.3,75.9,24.0,57.5,10.0,0.2,0.4,0.4,-32.6,-4.1,37.9,-3.4,24.0,47.3,10.0,0.2,0.4,0.4,10.2,23.0,61.4,33.4,24.0,27.4,10.0,0.2,0.4,0.4,-15.3,-2.8,9.3,-5.5,24.0,18.6,10.0,0.2,0.4,0.4,317.5,3375.0,6859.0,4667.0,33.0,5575.5,8.0,0.2,0.4,0.4,315.0,3375.0,6860.0,4665.0,33.0,5575.0,8.0,0.2,0.4,0.4
1974,2,349.0,46.0,10.7,11.5,12.2,11.54,53.0,1.0,16.0,0.2,0.6,0.5,9.5,10.4,12.0,10.75,59.0,1.49,14.0,0.2,0.6,0.5,4.81,6.07,7.62,6.23,41.0,1.23,14.0,0.2,0.6,0.4,62.4,76.5,93.5,77.5,42.0,13.6,14.0,0.2,0.4,4.6,10.3,18.4,11.13,59.0,6.12,14.0,0.2,0.6,0.5,-4.24,6.7,15.3,5.44,59.0,8.38,14.0,0.2,0.6,0.5,-8.92,-1.95,7.84,-1.54,59.0,7.8,14.0,0.2,0.6,0.5,999.81,1014.0,1029.7,1014.74,58.0,13.54,14.0,0.2,0.6,0.5,4.0,6.0,8.0,5.9,55.0,2.1,14.0,0.2,0.6,0.4,-20.9,85.2,267.8,98.8,59.0,139.2,14.0,0.2,0.6,0.5,-92.0,-8.4,95.7,-22.2,59.0,140.2,14.0,0.2,0.6,0.5,-1.15,1.2,2.2,0.8,53.0,1.92,16.0,0.2,0.6,0.5,-9.5,9.7,28.5,8.2,53.0,27.6,16.0,0.2,0.6,0.5,0.94,2.38,3.13,2.14,38.0,1.29,14.0,0.2,0.6,0.4,3.7,16.2,36.0,22.9,38.0,22.2,14.0,0.2,0.6,0.4,-40.5,74.0,159.3,59.3,59.0,88.8,14.0,0.2,0.6,0.5,-86.7,-19.5,81.4,-15.6,59.0,87.9,14.0,0.2,0.6,0.5,-17.7,41.4,92.8,38.2,41.0,51.4,14.0,0.2,0.6,0.4,-37.5,-11.2,56.4,-4.0,41.0,49.5,14.0,0.2,0.6,0.4,-8.4,5.5,22.4,10.2,38.0,23.4,14.0,0.2,0.6,0.4,-17.5,-4.1,2.6,-5.3,38.0,18.7,14.0,0.2,0.6,0.4,97.5,1092.5,6229.5,2680.0,59.0,3403.5,14.0,0.2,0.6,0.5,95.0,1095.0,6230.0,2680.0,59.0,3405.0,14.0,0.2,0.6,0.5
1974,2,349.0,47.0,10.72,11.45,12.0,11.4,34.0,0.93,16.0,0.2,0.5,0.4,8.56,10.1,11.5,10.11,40.0,1.42,16.0,0.2,0.5,0.4,5.3,5.78,6.82,6.0,32.0,1.07,16.0,0.2,0.5,0.4,66.7,74.7,89.1,77.2,32.0,11.7,16.0,0.2,0.4,6.53,13.4,19.0,13.24,43.0,5.9,16.0,0.2,0.6,0.4,-5.1,9.88,15.63,7.01,43.0,9.56,16.0,0.2,0.6,0.4,-10.15,0.0,8.83,-0.9,43.0,8.48,16.0,0.2,0.6,0.4,998.33,1010.0,1029.27,1011.47,43.0,15.5,16.0,0.2,0.6,0.4,3.0,7.0,8.0,5.8,42.0,2.4,16.0,0.2,0.6,0.4,-26.0,127.5,295.2,134.7,43.0,181.4,16.0,0.2,0.6,0.4,-145.3,0.0,122.2,-10.1,43.0,147.2,16.0,0.2,0.6,0.4,-0.39,1.6,3.0,1.22,33.0,1.87,16.0,0.2,0.5,0.4,-7.2,12.4,40.9,15.4,33.0,33.4,16.0,0.2,0.5,0.4,1.66,2.41,3.23,2.33,27.0,1.16,16.0,0.1,0.5,0.4,14.6,32.5,48.7,29.8,27.0,20.2,16.0,0.1,0.5,0.4,-51.9,97.8,163.6,71.8,40.0,97.8,16.0,0.2,0.5,0.4,-98.8,0.0,101.5,-1.4,40.0,89.3,16.0,0.2,0.5,0.4,-29.2,59.3,122.5,47.8,32.0,63.9,16.0,0.2,0.5,0.4,-56.9,0.0,59.8,2.7,32.0,56.0,16.0,0.2,0.5,0.4,-17.6,9.6,37.4,12.0,27.0,27.3,16.0,0.1,0.5,0.4,-24.7,0.0,5.6,-8.9,27.0,18.9,16.0,0.1,0.5,0.4,280.0,2406.0,6859.0,3706.0,43.0,4353.5,16.0,0.2,0.6,0.4,280.0,2405.0,6860.0,3705.0,43.0,4355.0,16.0,0.2,0.6,0.4
1974,2,349.0,48.0,9.98,11.0,12.0,10.95,26.0,1.39,16.0,0.3,0.5,0.6,8.69,10.0,11.17,10.0,29.0,1.23,16.0,0.3,0.5,0.6,4.87,5.57,6.68,5.79,19.0,1.27,12.0,0.3,0.5,0.5,64.9,75.0,90.9,76.7,19.0,13.2,12.0,0.3,0.5,3.1,8.35,17.26,9.36,28.0,5.82,14.0,0.3,0.5,0.6,-5.5,0.49,13.72,3.03,28.0,8.49,14.0,0.3,0.5,0.6,-7.12,-2.81,1.82,-2.05,28.0,6.22,14.0,0.3,0.5,0.6,1000.93,1020.9,1031.94,1016.27,30.0,16.06,14.0,0.3,0.5,0.6,3.5,6.0,8.0,5.7,23.0,2.0,14.0,0.3,0.5,0.6,-48.8,1.4,251.7,63.5,28.0,132.4,14.0,0.3,0.5,0.6,-100.8,-8.1,11.4,-25.9,28.0,90.9,14.0,0.3,0.5,0.6,-0.22,0.8,2.2,1.1,25.0,1.43,16.0,0.4,0.5,0.6,-0.4,5.6,22.0,10.0,23.0,13.5,16.0,0.3,0.5,0.5,1.42,2.76,3.61,2.65,17.0,1.49,12.0,0.4,0.5,0.5,4.1,20.7,51.3,25.7,16.0,20.0,12.0,0.3,0.5,0.5,-52.8,4.3,132.7,29.2,27.0,88.7,16.0,0.3,0.5,0.5,-73.8,-24.3,20.5,-16.3,27.0,63.2,16.0,0.3,0.5,0.5,-24.2,9.1,82.5,23.3,18.0,47.2,12.0,0.3,0.5,0.5,-44.2,-19.8,1.1,-15.7,18.0,42.5,12.0,0.3,0.5,0.5,-10.4,2.9,39.5,10.9,16.0,23.0,12.0,0.3,0.5,0.5,-31.2,-10.8,0.0,-13.1,16.0,16.2,12.0,0.3,0.5,0.5,30.0,593.0,5211.0,1806.0,28.0,2446.0,14.0,0.3,0.5,0.6,30.0,595.0,5210.0,1805.0,28.0,2445.0,14.0,0.3,0.5,0.6
1974,2,349.0,49.0,10.0,10.2,11.0,10.39,19.0,0.64,16.0,0.3,0.5,0.5,8.91,9.8,11.23,9.84,18.0,1.04,16.0,0.3,0.5,0.5,5.11,5.91,7.0,5.93,15.0,1.12,16.0,0.3,0.5,0.5,70.5,75.5,87.1,78.0,15.0,12.6,16.0,0.3,0.5,6.22,9.3,15.88,11.16,18.0,5.65,16.0,0.3,0.5,0.5,-2.85,5.71,14.47,5.51,18.0,8.08,16.0,0.3,0.5,0.5,-7.44,1.36,5.48,-0.31,18.0,8.13,16.0,0.3,0.5,0.5,1002.4,1013.9,1025.3,1013.32,19.0,14.34,16.0,0.3,0.5,0.5,4.4,6.0,8.0,6.0,16.0,2.3,16.0,0.3,0.5,0.5,-9.5,43.2,222.9,84.6,18.0,146.0,16.0,0.3,0.5,0.5,-102.1,10.7,81.1,-7.7,18.0,125.8,16.0,0.3,0.5,0.5,-0.24,0.6,1.34,0.55,17.0,0.97,16.0,0.3,0.5,0.5,-7.4,4.6,11.0,2.9,15.0,11.4,16.0,0.3,0.6,0.5,1.38,1.8,2.78,1.87,15.0,1.12,16.0,0.3,0.5,0.5,8.7,18.1,39.6,20.6,13.0,17.1,14.0,0.3,0.5,0.5,-28.1,58.8,167.2,59.4,16.0,86.5,16.0,0.3,0.6,0.5,-40.2,12.7,61.2,10.0,16.0,72.9,16.0,0.3,0.6,0.5,-1.9,40.5,102.1,45.8,13.0,48.0,14.0,0.3,0.5,0.5,-33.5,16.4,38.5,11.5,13.0,50.2,14.0,0.3,0.5,0.5,-2.5,9.8,26.5,11.9,13.0,16.0,14.0,0.3,0.5,0.5,-12.6,1.6,8.3,-4.4,13.0,17.9,14.0,0.3,0.5,0.5,250.0,804.5,4033.0,2451.5,18.0,3036.0,16.0,0.3,0.5,0.5,250.0,805.0,4035.0,2450.0,18.0,3035.0,16.0,0.3,0.5,0.5
1974,2,349.0,50.0,10.07,10.5,11.0,10.49,22.0,0.58,22.0,0.3,0.5,0.3,8.79,9.6,9.93,9.43,24.0,1.26,20.0,0.3,0.5,0.4,5.0,5.68,6.03,5.59,15.0,0.49,24.0,0.3,0.4,0.4,70.3,77.3,81.0,77.1,15.0,7.4,24.0,0.3,0.4,2.29,8.7,14.66,8.78,23.0,5.92,20.0,0.2,0.5,0.4,-4.33,2.08,10.68,2.67,23.0,6.71,20.0,0.2,0.5,0.4,-0.66,2.5,11.38,3.86,23.0,6.9,20.0,0.2,0.5,0.4,1002.17,1019.5,1031.27,1014.12,23.0,16.96,20.0,0.3,0.5,0.4,3.4,6.5,8.0,6.1,16.0,2.1,18.0,0.3,0.5,0.4,-23.2,7.4,142.9,45.2,23.0,87.2,20.0,0.2,0.5,0.4,-1.0,12.5,154.8,51.8,23.0,111.8,20.0,0.2,0.5,0.4,0.7,1.0,1.87,1.27,22.0,0.9,22.0,0.3,0.5,0.3,1.3,8.4,20.2,12.5,21.0,13.7,22.0,0.2,0.5,0.4,1.84,2.3,2.53,2.21,15.0,0.6,24.0,0.3,0.4,0.4,0.2,10.9,29.5,15.7,14.0,16.6,24.0,0.2,0.4,0.4,-42.4,19.0,85.1,25.9,23.0,67.5,20.0,0.2,0.5,0.4,-5.8,24.5,103.8,35.3,23.0,66.3,20.0,0.2,0.5,0.4,-25.5,0.0,21.1,2.9,14.0,28.1,24.0,0.2,0.4,0.4,0.0,10.5,58.6,21.7,14.0,29.7,24.0,0.2,0.4,0.4,-10.5,0.0,8.2,0.6,14.0,11.6,24.0,0.2,0.4,0.4,0.0,4.7,22.2,10.4,14.0,17.0,24.0,0.2,0.4,0.4,16.5,658.5,3177.5,1571.5,23.0,2009.5,20.0,0.2,0.5,0.4,15.0,660.0,3175.0,1570.0,23.0,2010.0,20.0,0.2,0.5,0.4
1974,2,349.0,51.0,,,,,,,,,,,,,,,,,,,,,,,,,,,,,,,,,,,,,,,,6.85,8.25,9.65,8.25,2.0,2.9,20.0,0.0,0.3,0.2,-1.68,-1.43,-1.19,-1.43,2.0,0.5,20.0,0.0,0.3,0.2,6.75,8.12,9.5,8.12,2.0,2.86,20.0,0.0,0.3,0.2,966.1,966.1,966.1,966.1,1.0,0.0,12.0,0.0,0.1,0.3,6.3,7.0,7.7,7.0,2.0,1.4,20.0,0.0,0.3,0.2,-16.6,-12.5,-8.5,-12.5,2.0,8.3,20.0,0.0,0.3,0.2,48.4,71.2,93.9,71.2,2.0,47.1,20.0,0.0,0.3,0.2,,,,,,,,,,,,,,,,,,,,,,,,,,,,,,,,,,,,,,,,,-15.8,-13.3,-10.8,-13.3,2.0,5.2,20.0,0.0,0.3,0.2,61.5,75.7,89.8,75.7,2.0,29.3,20.0,0.0,0.3,0.2,-12.5,-12.5,-12.5,-12.5,1.0,0.0,12.0,0.0,0.1,0.3,70.6,70.6,70.6,70.6,1.0,0.0,12.0,0.0,0.1,0.3,,,,,,,,,,,,,,,,,,,,,,,,,,,,,,,,,,,,,,,,
1974,2,349.0,53.0,9.08,9.25,9.42,9.25,2.0,0.35,16.0,0.0,0.7,0.2,6.98,8.0,9.02,8.0,2.0,2.12,16.0,0.0,0.7,0.2,5.62,6.1,6.59,6.1,2.0,1.0,16.0,0.0,0.7,0.2,89.3,89.6,90.0,89.6,2.0,0.7,16.0,0.0,0.2,10.52,13.15,15.78,13.15,2.0,5.44,16.0,0.0,0.7,0.2,2.99,3.07,3.14,3.07,2.0,0.16,16.0,0.0,0.7,0.2,-12.7,-4.0,4.7,-4.0,2.0,18.02,16.0,0.0,0.7,0.2,980.22,993.6,1006.98,993.6,2.0,27.72,16.0,0.0,0.7,0.2,3.5,4.5,5.5,4.5,2.0,2.1,16.0,0.0,0.7,0.2,32.9,39.9,46.9,39.9,2.0,14.6,16.0,0.0,0.7,0.2,-226.5,-101.7,23.2,-101.7,2.0,258.7,16.0,0.0,0.7,0.2,0.4,1.25,2.1,1.25,2.0,1.77,16.0,0.0,0.7,0.2,6.7,21.3,35.8,21.3,2.0,30.1,16.0,0.0,0.7,0.2,0.97,1.27,1.57,1.27,2.0,0.62,16.0,0.0,0.7,0.2,11.1,18.4,25.7,18.4,2.0,15.1,16.0,0.0,0.7,0.2,20.9,24.7,28.5,24.7,2.0,7.8,16.0,0.0,0.7,0.2,-78.4,-12.9,52.6,-12.9,2.0,135.7,16.0,0.0,0.7,0.2,16.8,18.8,20.8,18.8,2.0,4.1,16.0,0.0,0.7,0.2,-66.6,-15.4,35.7,-15.4,2.0,106.0,16.0,0.0,0.7,0.2,3.0,3.9,4.7,3.9,2.0,1.7,16.0,0.0,0.7,0.2,-22.9,-10.7,1.6,-10.7,2.0,25.4,16.0,0.0,0.7,0.2,1456.5,2858.5,4261.0,2858.5,2.0,2905.0,16.0,0.0,0.7,0.2,1455.0,2860.0,4260.0,2860.0,2.0,2905.0,16.0,0.0,0.7,0.2
1974,2,349.0,54.0,9.3,9.7,9.8,9.53,12.0,0.48,16.0,0.4,0.4,0.6,7.1,8.45,9.3,8.15,12.0,1.38,16.0,0.4,0.4,0.6,4.26,5.81,6.2,5.37,10.0,0.91,16.0,0.4,0.5,0.6,70.5,77.1,83.3,77.8,10.0,8.4,16.0,0.4,0.6,2.1,7.2,11.42,7.95,11.0,5.5,16.0,0.5,0.4,0.6,-4.52,0.0,1.68,-1.12,11.0,3.63,16.0,0.5,0.4,0.6,0.45,6.62,7.8,4.75,11.0,7.77,16.0,0.5,0.4,0.6,971.12,985.1,1020.8,993.49,12.0,25.33,16.0,0.4,0.4,0.6,2.0,4.0,6.8,4.3,11.0,2.4,16.0,0.5,0.4,0.6,-50.8,0.0,6.3,-21.6,11.0,49.6,16.0,0.5,0.4,0.6,0.8,51.1,67.6,52.9,11.0,132.7,16.0,0.5,0.4,0.6,0.3,0.55,2.55,1.38,12.0,1.53,16.0,0.4,0.4,0.6,1.8,3.8,6.5,7.5,11.0,13.5,16.0,0.5,0.4,0.6,1.53,2.01,3.18,2.29,10.0,0.8,16.0,0.4,0.5,0.6,6.1,12.6,17.2,12.9,9.0,7.3,16.0,0.4,0.5,0.7,-35.5,0.0,14.0,-8.7,11.0,30.6,16.0,0.5,0.4,0.6,3.5,58.9,71.9,41.2,11.0,61.8,16.0,0.5,0.4,0.6,-33.2,0.0,9.1,-5.8,9.0,24.5,16.0,0.4,0.5,0.7,3.8,41.6,45.3,38.4,9.0,36.4,16.0,0.4,0.5,0.7,-7.7,0.0,5.4,-0.5,9.0,6.3,16.0,0.4,0.5,0.7,2.9,11.2,16.8,11.0,9.0,8.0,16.0,0.4,0.5,0.7,9.5,373.0,1549.0,1294.0,11.0,2549.5,16.0,0.5,0.4,0.6,10.0,375.0,1550.0,1295.0,11.0,2550.0,16.0,0.5,0.4,0.6
1974,2,349.0,55.0,8.27,9.0,9.87,9.1,9.0,0.73,16.0,0.3,0.5,0.4,5.9,8.0,9.45,8.11,9.0,2.12,16.0,0.3,0.5,0.4,5.29,6.62,6.88,6.11,4.0,1.31,18.0,0.5,0.4,0.4,79.2,89.1,91.0,85.5,5.0,7.9,20.0,0.4,0.4,5.19,6.7,15.27,9.63,9.0,4.8,16.0,0.3,0.5,0.4,0.0,2.76,5.69,2.2,9.0,6.11,16.0,0.3,0.5,0.4,-0.72,6.7,11.33,6.05,9.0,6.59,16.0,0.3,0.5,0.4,964.25,990.0,1018.89,993.23,8.0,27.3,14.0,0.4,0.5,0.4,3.0,7.0,8.0,5.6,7.0,2.4,18.0,0.4,0.5,0.5,0.0,13.6,46.6,23.3,9.0,89.3,16.0,0.3,0.5,0.4,-6.8,44.9,159.5,80.2,9.0,92.5,16.0,0.3,0.5,0.4,-0.25,0.7,2.37,0.99,9.0,1.79,16.0,0.3,0.5,0.4,-3.6,4.0,28.1,13.7,9.0,22.9,16.0,0.3,0.5,0.4,0.49,0.74,1.83,1.14,4.0,1.03,18.0,0.5,0.4,0.4,3.6,6.9,13.4,8.4,4.0,6.8,18.0,0.5,0.4,0.4,0.0,13.8,35.0,17.7,9.0,52.3,16.0,0.3,0.5,0.4,2.1,63.7,78.1,46.9,9.0,44.6,16.0,0.3,0.5,0.4,9.9,23.5,58.1,33.5,4.0,37.4,18.0,0.5,0.4,0.4,6.8,31.5,44.6,25.9,4.0,25.9,18.0,0.5,0.4,0.4,0.6,4.4,12.3,6.3,4.0,7.6,18.0,0.5,0.4,0.4,-2.4,2.9,4.8,1.3,4.0,5.1,18.0,0.5,0.4,0.4,141.0,301.0,3559.5,1514.5,9.0,1685.5,16.0,0.3,0.5,0.4,140.0,300.0,3560.0,1515.0,9.0,1685.0,16.0,0.3,0.5,0.4
1974,2,349.0,56.0,9.1,9.1,9.3,9.19,9.0,0.12,18.0,0.3,0.6,0.7,7.5,8.0,9.67,8.43,9.0,1.11,18.0,0.3,0.6,0.7,5.55,5.98,6.96,6.19,9.0,0.77,18.0,0.3,0.6,0.7,84.2,88.3,95.4,89.2,9.0,7.9,18.0,0.3,0.7,3.83,9.8,13.28,9.14,8.0,5.45,18.0,0.3,0.7,0.6,-1.71,-0.47,10.6,3.33,8.0,6.55,18.0,0.3,0.7,0.6,-8.31,2.45,5.5,-0.7,8.0,8.31,18.0,0.3,0.7,0.6,982.39,987.3,1018.18,1000.68,9.0,20.73,18.0,0.3,0.6,0.7,8.0,8.0,8.0,7.9,9.0,0.3,18.0,0.3,0.6,0.7,-6.4,-0.5,128.1,42.2,8.0,80.3,18.0,0.3,0.7,0.6,-76.9,14.8,58.2,-23.7,8.0,122.4,18.0,0.3,0.7,0.6,-0.45,1.3,1.6,0.76,9.0,1.03,18.0,0.3,0.6,0.7,-5.3,4.4,14.2,7.3,8.0,13.9,18.0,0.3,0.7,0.6,0.2,1.52,1.79,1.1,9.0,0.82,18.0,0.3,0.6,0.7,1.2,5.0,16.1,8.4,8.0,10.7,18.0,0.3,0.7,0.6,-13.3,-3.7,103.1,33.2,8.0,60.0,18.0,0.3,0.7,0.6,-62.3,21.1,41.9,-1.1,8.0,62.4,18.0,0.3,0.7,0.6,-10.8,-2.8,76.6,24.5,8.0,45.1,18.0,0.3,0.7,0.6,-46.1,16.7,31.1,-1.5,8.0,48.4,18.0,0.3,0.7,0.6,-2.9,-1.6,0.9,-0.8,8.0,3.3,18.0,0.3,0.7,0.6,-15.0,0.0,3.1,-3.9,8.0,12.9,18.0,0.3,0.7,0.6,62.0,948.5,2345.5,1469.5,8.0,1796.0,18.0,0.3,0.7,0.6,60.0,950.0,2345.0,1470.0,8.0,1795.0,18.0,0.3,0.7,0.6
1974,2,349.0,57.0,7.32,8.65,9.4,8.38,4.0,1.27,14.0,0.0,0.8,0.7,2.48,7.8,9.04,6.41,7.0,3.1,10.0,0.3,0.7,0.7,5.84,5.84,5.84,5.84,1.0,0.0,24.0,0.0,0.9,0.9,78.8,78.8,78.8,78.8,1.0,0.0,24.0,0.0,0.9,9.15,10.0,12.38,10.21,7.0,2.42,10.0,0.3,0.7,0.7,-8.01,3.42,9.39,2.26,7.0,8.74,10.0,0.3,0.7,0.7,-4.82,3.35,9.4,2.27,7.0,6.26,10.0,0.3,0.7,0.7,975.57,992.1,1021.62,993.89,7.0,23.45,10.0,0.3,0.7,0.7,6.6,8.0,8.0,7.4,5.0,0.9,10.0,0.4,0.7,0.7,-97.4,34.2,94.6,26.2,7.0,102.1,10.0,0.3,0.7,0.7,-39.8,32.8,95.0,25.9,7.0,66.3,10.0,0.3,0.7,0.7,-0.02,0.7,3.31,1.6,4.0,2.6,14.0,0.0,0.8,0.7,-0.1,5.1,42.3,20.3,4.0,36.7,14.0,0.0,0.8,0.7,1.38,1.38,1.38,1.38,1.0,0.0,24.0,0.0,0.9,0.9,13.5,13.5,13.5,13.5,1.0,0.0,24.0,0.0,0.9,0.9,-22.1,30.8,64.1,19.0,7.0,51.6,10.0,0.3,0.7,0.7,-13.0,32.8,75.8,25.9,7.0,44.7,10.0,0.3,0.7,0.7,53.8,53.8,53.8,53.8,1.0,0.0,24.0,0.0,0.9,0.9,19.6,19.6,19.6,19.6,1.0,0.0,24.0,0.0,0.9,0.9,12.7,12.7,12.7,12.7,1.0,0.0,24.0,0.0,0.9,0.9,4.6,4.6,4.6,4.6,1.0,0.0,24.0,0.0,0.9,0.9,777.5,1000.0,1900.5,1218.5,7.0,803.0,10.0,0.3,0.7,0.7,775.0,1000.0,1900.0,1220.0,7.0,805.0,10.0,0.3,0.7,0.7
1974,2,349.0,58.0,7.79,9.0,9.56,8.76,5.0,1.0,16.0,0.4,0.6,0.5,6.77,8.4,9.43,8.1,7.0,1.48,14.0,0.3,0.6,0.5,5.11,6.01,6.52,5.82,4.0,1.05,24.0,0.5,0.6,0.5,78.7,88.5,94.8,86.8,4.0,11.8,24.0,0.5,0.5,9.75,13.0,19.2,14.29,7.0,5.24,14.0,0.3,0.6,0.5,-7.93,4.9,14.48,3.74,7.0,9.61,14.0,0.3,0.6,0.5,1.19,8.49,13.42,8.39,7.0,8.65,14.0,0.3,0.6,0.5,991.21,1000.3,1015.66,1001.94,7.0,15.79,14.0,0.3,0.6,0.5,3.6,8.0,8.0,6.2,5.0,2.5,20.0,0.4,0.6,0.5,-97.0,48.0,225.4,49.5,7.0,162.6,14.0,0.3,0.6,0.5,8.6,83.2,244.9,142.2,7.0,188.0,14.0,0.3,0.6,0.5,-1.06,0.0,1.25,0.18,5.0,1.68,16.0,0.4,0.6,0.5,-10.4,0.0,26.3,9.3,5.0,33.1,16.0,0.4,0.6,0.5,0.87,1.04,1.25,1.06,3.0,0.28,26.0,0.7,0.5,0.7,11.7,15.0,26.0,18.8,3.0,11.0,26.0,0.7,0.5,0.7,-49.7,44.1,103.4,33.6,7.0,80.9,14.0,0.3,0.6,0.5,10.3,76.4,122.6,65.9,7.0,60.0,14.0,0.3,0.6,0.5,-10.2,46.7,82.8,36.8,4.0,62.6,24.0,0.5,0.6,0.5,12.6,68.0,107.3,60.3,4.0,63.8,24.0,0.5,0.6,0.5,-5.7,5.1,9.4,2.0,3.0,11.4,26.0,0.7,0.5,0.7,9.1,9.6,23.1,15.9,3.0,11.6,26.0,0.7,0.5,0.7,927.5,2197.0,7120.5,3995.0,7.0,4253.0,14.0,0.3,0.6,0.5,930.0,2195.0,7120.0,3995.0,7.0,4255.0,14.0,0.3,0.6,0.5
1974,2,349.0,59.0,8.43,9.0,9.15,8.8,4.0,0.55,14.0,0.0,0.5,0.3,6.65,6.85,7.0,6.83,4.0,0.21,14.0,0.0,0.5,0.3,4.12,4.87,5.04,4.59,4.0,0.69,14.0,0.0,0.5,0.3,65.8,79.3,83.2,74.7,4.0,12.5,14.0,0.0,0.3,9.74,15.95,16.76,13.38,4.0,5.89,14.0,0.0,0.5,0.3,-8.38,-6.76,-0.24,-4.42,4.0,6.01,14.0,0.0,0.5,0.3,7.63,14.38,14.6,11.26,4.0,6.46,14.0,0.0,0.5,0.3,1000.53,1011.0,1011.3,1006.15,4.0,9.97,14.0,0.0,0.5,0.3,3.9,7.5,8.0,6.0,4.0,3.4,14.0,0.0,0.5,0.3,-140.5,-108.6,-28.2,-85.5,4.0,75.7,14.0,0.0,0.5,0.3,109.9,229.3,243.4,179.0,4.0,115.1,14.0,0.0,0.5,0.3,1.57,2.2,2.36,1.98,4.0,0.67,14.0,0.0,0.5,0.3,18.5,35.1,39.5,29.3,4.0,16.9,14.0,0.0,0.5,0.3,2.08,2.33,2.88,2.47,4.0,0.53,14.0,0.0,0.5,0.3,22.6,33.7,39.0,30.9,4.0,11.6,14.0,0.0,0.5,0.3,-57.0,-45.7,-0.9,-29.7,4.0,41.3,14.0,0.0,0.5,0.3,51.9,97.1,98.7,76.3,4.0,43.5,14.0,0.0,0.5,0.3,-40.9,-32.7,-4.5,-23.2,4.0,26.7,14.0,0.0,0.5,0.3,34.9,70.0,73.6,55.0,4.0,33.0,14.0,0.0,0.5,0.3,-19.5,-14.4,2.1,-8.9,4.0,15.8,14.0,0.0,0.5,0.3,16.6,30.4,33.8,25.5,4.0,13.9,14.0,0.0,0.5,0.3,1790.0,4072.0,4712.5,3288.5,4.0,2191.0,14.0,0.0,0.5,0.3,1790.0,4070.0,4715.0,3290.0,4.0,2190.0,14.0,0.0,0.5,0.3
1974,2,349.0,60.0,7.25,7.8,7.8,7.53,3.0,0.46,26.0,0.3,0.8,0.7,5.76,7.8,8.25,7.12,5.0,1.47,24.0,0.4,0.8,0.6,5.11,5.68,5.89,5.51,3.0,0.59,26.0,0.3,0.8,0.7,82.7,84.8,86.5,84.6,3.0,2.8,26.0,0.3,0.7,11.59,15.4,17.37,14.52,5.0,3.5,24.0,0.4,0.8,0.6,-1.14,2.95,11.53,4.91,5.0,7.45,24.0,0.4,0.8,0.6,0.0,12.9,17.1,9.47,5.0,8.83,24.0,0.4,0.8,0.6,998.73,1005.9,1011.66,1005.23,4.0,7.71,26.0,0.3,0.8,0.6,3.6,4.0,7.0,5.0,5.0,1.9,24.0,0.4,0.8,0.6,-20.5,50.2,141.5,63.5,5.0,110.9,24.0,0.4,0.8,0.6,0.0,166.4,297.2,154.0,5.0,151.6,24.0,0.4,0.8,0.6,-1.12,-0.3,1.0,-0.07,3.0,1.56,26.0,0.3,0.8,0.7,-19.7,-3.9,8.9,-5.3,3.0,21.0,26.0,0.3,0.8,0.7,0.42,0.89,1.5,0.96,3.0,0.79,26.0,0.3,0.8,0.7,6.2,11.4,14.9,10.6,3.0,6.4,26.0,0.3,0.8,0.7,-9.7,23.0,64.7,26.2,5.0,42.0,24.0,0.4,0.8,0.6,0.0,104.5,137.9,77.2,5.0,72.3,24.0,0.4,0.8,0.6,-12.8,0.0,30.7,8.8,3.0,32.8,26.0,0.3,0.8,0.7,23.3,73.3,95.8,59.8,3.0,54.4,26.0,0.3,0.8,0.7,-0.4,0.0,11.3,5.3,3.0,9.8,26.0,0.3,0.8,0.7,1.2,3.7,9.0,5.0,3.0,5.8,26.0,0.3,0.8,0.7,1656.5,3652.5,5248.5,3469.5,5.0,2034.0,24.0,0.4,0.8,0.6,1655.0,3650.0,5250.0,3470.0,5.0,2035.0,24.0,0.4,0.8,0.6
1974,2,349.0,61.0,,,,,,,,,,,,,,,,,,,,,,,,,,,,,,,,,,,,,,,,5.5,10.8,18.57,11.05,10.0,6.38,12.0,0.5,0.5,0.3,-6.15,-0.81,5.68,-0.02,10.0,7.99,12.0,0.5,0.5,0.3,-12.88,-4.58,5.91,-4.25,10.0,9.62,12.0,0.5,0.5,0.3,986.09,989.1,1001.71,990.63,8.0,9.39,10.0,0.5,0.4,0.4,,,,,,,,,,,,,,,,,,,,,,,,,,,,,,,,,,,,,,,,,,,,,,,,,,,,,,,,,,,,,,,,,,,,,,,,,,,,,,,,,,,,,,,,,,,,,,,,,,,,,,,,,,,,,,,,,,,,,,,,,,,,,,,,,,,,,,,,,,,,,,,,,,,,,,
1974,2,349.0,62.0,6.7,8.0,8.18,7.52,5.0,0.99,12.0,0.4,0.5,0.6,1.5,4.5,8.4,4.88,12.0,3.19,16.0,0.3,0.6,0.5,3.52,3.93,4.75,4.13,3.0,0.92,8.0,0.7,0.4,0.5,80.6,83.6,85.5,83.1,3.0,3.6,8.0,0.7,0.5,6.7,12.3,21.48,13.7,12.0,6.54,16.0,0.3,0.5,0.5,-15.95,-1.5,5.74,-4.05,12.0,10.63,16.0,0.3,0.5,0.5,-13.62,-0.37,5.48,-3.06,12.0,10.32,16.0,0.3,0.5,0.5,989.21,1006.3,1020.78,1004.38,12.0,18.56,16.0,0.3,0.5,0.5,5.0,8.0,8.0,6.5,12.0,2.7,16.0,0.3,0.5,0.5,-354.0,-9.0,57.3,-111.3,12.0,203.4,16.0,0.3,0.5,0.5,-257.9,-29.9,41.3,-88.8,12.0,179.6,16.0,0.3,0.5,0.5,3.38,5.5,6.02,4.68,5.0,2.19,12.0,0.4,0.5,0.6,29.5,99.0,122.0,82.7,5.0,55.8,12.0,0.4,0.5,0.6,1.63,2.57,2.85,2.25,3.0,0.93,8.0,0.7,0.4,0.5,35.4,53.6,54.0,44.9,3.0,15.6,8.0,0.7,0.4,0.5,-26.9,0.0,52.3,1.4,11.0,59.0,16.0,0.4,0.6,0.5,-32.0,14.0,48.1,10.0,11.0,39.7,16.0,0.4,0.6,0.5,-95.1,-53.7,-48.1,-71.2,3.0,37.6,8.0,0.7,0.4,0.5,-51.3,-45.1,-28.1,-39.8,3.0,17.6,8.0,0.7,0.4,0.5,-39.3,-34.4,-29.1,-34.2,3.0,7.5,8.0,0.7,0.4,0.5,-39.1,-34.9,-14.3,-26.9,3.0,19.5,8.0,0.7,0.4,0.5,301.0,1861.0,9940.5,4286.0,12.0,5061.5,16.0,0.3,0.5,0.5,300.0,1860.0,9940.0,4285.0,12.0,5060.0,16.0,0.3,0.5,0.5
1974,2,349.0,63.0,6.4,6.5,7.66,6.9,8.0,0.91,16.0,0.3,0.7,0.2,1.09,5.7,6.56,4.34,10.0,2.75,16.0,0.3,0.8,0.4,3.5,4.06,4.22,3.92,6.0,0.52,20.0,0.2,0.8,0.2,68.7,72.5,80.5,74.0,6.0,6.2,20.0,0.2,0.2,8.39,16.45,19.0,14.97,10.0,6.29,18.0,0.2,0.8,0.4,-9.85,-2.33,16.35,1.65,10.0,12.39,18.0,0.2,0.8,0.4,-10.97,0.0,2.88,-0.7,10.0,11.47,18.0,0.2,0.8,0.4,988.14,995.8,1012.15,998.4,11.0,16.87,16.0,0.3,0.7,0.4,5.9,8.0,8.0,7.3,10.0,1.3,16.0,0.3,0.7,0.4,-186.1,-22.4,272.5,23.3,10.0,210.0,18.0,0.2,0.8,0.4,-169.7,0.0,48.0,18.9,10.0,266.9,18.0,0.2,0.8,0.4,-0.09,0.8,6.56,2.48,8.0,3.27,16.0,0.3,0.7,0.2,-1.1,0.0,131.8,43.4,7.0,66.2,18.0,0.1,0.8,0.2,1.74,1.86,2.45,2.12,6.0,0.73,20.0,0.2,0.8,0.2,19.0,27.1,39.8,31.7,6.0,18.4,20.0,0.2,0.8,0.2,-10.2,0.0,109.2,39.2,9.0,58.1,18.0,0.2,0.8,0.4,-8.5,0.0,19.3,15.4,9.0,46.1,18.0,0.2,0.8,0.4,-24.6,53.0,72.2,32.8,6.0,50.0,20.0,0.2,0.8,0.2,-23.4,3.8,11.6,-5.0,6.0,22.6,20.0,0.2,0.8,0.2,-19.1,22.2,29.2,8.2,6.0,30.0,20.0,0.2,0.8,0.2,-19.1,1.7,4.5,-8.2,6.0,22.0,20.0,0.2,0.8,0.2,605.5,4506.0,6859.0,5016.0,10.0,5640.5,18.0,0.2,0.8,0.4,605.0,4505.0,6860.0,5015.0,10.0,5640.0,18.0,0.2,0.8,0.4
1974,2,349.0,64.0,,,,,,,,,,,,,,,,,,,,,,,,,,,,,,,,,,,,,,,,2.48,6.7,15.19,8.0,7.0,6.72,16.0,0.1,0.7,0.5,-5.42,0.0,4.04,0.82,7.0,6.02,16.0,0.1,0.7,0.5,-4.6,0.89,10.03,3.08,7.0,8.47,16.0,0.1,0.7,0.5,1007.59,1009.2,1011.28,1009.43,4.0,2.18,18.0,0.0,0.6,0.7,,,,,,,,,,,,,,,,,,,,,,,,,,,,,,,,,,,,,,,,,,,,,,,,,,,,,,,,,,,,,,,,,,,,,,,,,,,,,,,,,,,,,,,,,,,,,,,,,,,,,,,,,,,,,,,,,,,,,,,,,,,,,,,,,,,,,,,,,,,,,,,,,,,,,,
1974,2,349.0,65.0,,,,,,,,,,,,,,,,,,,,,,,,,,,,,,,,,,,,,,,,7.11,8.0,8.89,8.0,2.0,1.84,10.0,0.5,0.6,0.0,-7.14,-5.17,-3.21,-5.17,2.0,4.07,10.0,0.5,0.6,0.0,-6.03,-5.47,-4.91,-5.47,2.0,1.16,10.0,0.5,0.6,0.0,1005.16,1005.3,1005.44,1005.3,2.0,0.28,10.0,0.5,0.6,0.0,,,,,,,,,,,,,,,,,,,,,,,,,,,,,,,,,,,,,,,,,,,,,,,,,,,,,,,,,,,,,,,,,,,,,,,,,,,,,,,,,,,,,,,,,,,,,,,,,,,,,,,,,,,,,,,,,,,,,,,,,,,,,,,,,,,,,,,,,,,,,,,,,,,,,,
1974,2,349.0,66.0,,,,,,,,,,,,,,,,,,,,,,,,,,,,,,,,,,,,,,,,9.3,9.3,9.3,9.3,1.0,0.0,16.0,0.0,0.1,0.4,1.61,1.61,1.61,1.61,1.0,0.0,16.0,0.0,0.1,0.4,-9.16,-9.16,-9.16,-9.16,1.0,0.0,16.0,0.0,0.1,0.4,1011.0,1011.0,1011.0,1011.0,1.0,0.0,16.0,0.0,0.1,0.4,,,,,,,,,,,,,,,,,,,,,,,,,,,,,,,,,,,,,,,,,,,,,,,,,,,,,,,,,,,,,,,,,,,,,,,,,,,,,,,,,,,,,,,,,,,,,,,,,,,,,,,,,,,,,,,,,,,,,,,,,,,,,,,,,,,,,,,,,,,,,,,,,,,,,,
1974,2,349.0,69.0,1.1,1.1,1.1,1.1,1.0,0.0,24.0,0.0,0.4,0.7,-5.4,-5.4,-5.4,-5.4,1.0,0.0,24.0,0.0,0.4,0.7,2.11,2.11,2.11,2.11,1.0,0.0,24.0,0.0,0.4,0.7,81.9,81.9,81.9,81.9,1.0,0.0,24.0,0.0,0.7,10.8,10.8,10.8,10.8,1.0,0.0,24.0,0.0,0.4,0.7,-10.64,-10.64,-10.64,-10.64,1.0,0.0,24.0,0.0,0.4,0.7,1.88,1.88,1.88,1.88,1.0,0.0,24.0,0.0,0.4,0.7,996.1,996.1,996.1,996.1,1.0,0.0,24.0,0.0,0.4,0.7,8.0,8.0,8.0,8.0,1.0,0.0,24.0,0.0,0.4,0.7,-114.9,-114.9,-114.9,-114.9,1.0,0.0,24.0,0.0,0.4,0.7,20.3,20.3,20.3,20.3,1.0,0.0,24.0,0.0,0.4,0.7,6.5,6.5,6.5,6.5,1.0,0.0,24.0,0.0,0.4,0.7,70.2,70.2,70.2,70.2,1.0,0.0,24.0,0.0,0.4,0.7,2.05,2.05,2.05,2.05,1.0,0.0,24.0,0.0,0.4,0.7,22.2,22.2,22.2,22.2,1.0,0.0,24.0,0.0,0.4,0.7,57.4,57.4,57.4,57.4,1.0,0.0,24.0,0.0,0.4,0.7,-10.1,-10.1,-10.1,-10.1,1.0,0.0,24.0,0.0,0.4,0.7,-22.4,-22.4,-22.4,-22.4,1.0,0.0,24.0,0.0,0.4,0.7,4.0,4.0,4.0,4.0,1.0,0.0,24.0,0.0,0.4,0.7,-21.9,-21.9,-21.9,-21.9,1.0,0.0,24.0,0.0,0.4,0.7,3.9,3.9,3.9,3.9,1.0,0.0,24.0,0.0,0.4,0.7,1259.5,1259.5,1259.5,1259.5,1.0,0.0,24.0,0.0,0.4,0.7,1260.0,1260.0,1260.0,1260.0,1.0,0.0,24.0,0.0,0.4,0.7
1974,2,350.0,-71.0,-0.31,-0.2,-0.1,-0.22,5.0,0.16,2.0,0.8,0.5,0.7,-1.86,-1.4,-1.05,-1.46,5.0,0.55,2.0,0.8,0.5,0.7,2.85,3.03,3.29,3.07,4.0,0.26,2.0,0.8,0.4,0.7,84.2,86.5,90.8,87.5,4.0,5.0,2.0,0.8,0.7,13.64,14.4,15.16,14.4,4.0,0.91,2.0,0.8,0.5,0.7,-14.09,-13.95,-13.21,-13.67,4.0,0.73,2.0,0.8,0.5,0.7,2.18,4.84,5.58,3.92,4.0,2.68,2.0,0.8,0.5,0.7,978.66,979.5,980.99,979.8,5.0,1.27,2.0,0.8,0.5,0.7,7.5,8.0,8.0,7.8,4.0,0.5,2.0,0.8,0.4,0.7,-213.7,-200.9,-180.4,-197.2,4.0,21.6,2.0,0.8,0.5,0.7,29.2,68.7,84.7,57.5,4.0,40.4,2.0,0.8,0.5,0.7,0.92,1.1,1.59,1.24,5.0,0.55,2.0,0.8,0.5,0.7,11.7,15.0,17.8,14.7,4.0,4.5,2.0,0.8,0.5,0.7,0.57,0.77,0.96,0.77,4.0,0.23,2.0,0.8,0.4,0.7,7.7,9.6,11.6,9.6,3.0,2.9,2.0,0.7,0.4,0.7,13.1,17.5,21.1,17.1,4.0,4.9,2.0,0.8,0.5,0.7,-7.0,-4.8,-1.9,-4.5,4.0,3.5,2.0,0.8,0.5,0.7,-44.1,-42.5,-40.6,-42.4,3.0,2.6,2.0,0.7,0.4,0.7,4.9,15.5,16.1,10.6,3.0,9.2,2.0,0.7,0.4,0.7,-11.4,-9.1,-7.2,-9.3,3.0,3.1,2.0,0.7,0.4,0.7,0.7,2.3,3.0,1.9,3.0,1.7,2.0,0.7,0.4,0.7,2539.0,2997.0,3488.5,3013.0,4.0,569.0,2.0,0.8,0.5,0.7,2540.0,2995.0,3490.0,3015.0,4.0,570.0,2.0,0.8,0.5,0.7
1974,2,350.0,-41.0,16.0,16.0,16.0,16.0,1.0,0.0,2.0,1.0,0.1,0.7,19.0,19.0,19.0,19.0,1.0,0.0,2.0,1.0,0.1,0.7,9.01,9.01,9.01,9.01,1.0,0.0,2.0,1.0,0.1,0.7,65.5,65.5,65.5,65.5,1.0,0.0,2.0,1.0,0.7,4.6,4.6,4.6,4.6,1.0,0.0,2.0,1.0,0.1,0.7,4.53,4.53,4.53,4.53,1.0,0.0,2.0,1.0,0.1,0.7,0.8,0.8,0.8,0.8,1.0,0.0,2.0,1.0,0.1,0.7,1003.0,1003.0,1003.0,1003.0,1.0,0.0,2.0,1.0,0.1,0.7,8.0,8.0,8.0,8.0,1.0,0.0,2.0,1.0,0.1,0.7,20.8,20.8,20.8,20.8,1.0,0.0,2.0,1.0,0.1,0.7,3.7,3.7,3.7,3.7,1.0,0.0,2.0,1.0,0.1,0.7,-3.0,-3.0,-3.0,-3.0,1.0,0.0,2.0,1.0,0.1,0.7,-13.8,-13.8,-13.8,-13.8,1.0,0.0,2.0,1.0,0.1,0.7,2.38,2.38,2.38,2.38,1.0,0.0,2.0,1.0,0.1,0.7,11.0,11.0,11.0,11.0,1.0,0.0,2.0,1.0,0.1,0.7,86.1,86.1,86.1,86.1,1.0,0.0,2.0,1.0,0.1,0.7,15.2,15.2,15.2,15.2,1.0,0.0,2.0,1.0,0.1,0.7,40.8,40.8,40.8,40.8,1.0,0.0,2.0,1.0,0.1,0.7,7.2,7.2,7.2,7.2,1.0,0.0,2.0,1.0,0.1,0.7,10.8,10.8,10.8,10.8,1.0,0.0,2.0,1.0,0.1,0.7,1.9,1.9,1.9,1.9,1.0,0.0,2.0,1.0,0.1,0.7,97.5,97.5,97.5,97.5,1.0,0.0,2.0,1.0,0.1,0.7,95.0,95.0,95.0,95.0,1.0,0.0,2.0,1.0,0.1,0.7
1974,2,350.0,-31.0,23.33,23.6,23.87,23.6,2.0,0.57,20.0,0.5,0.5,0.7,22.56,23.75,24.94,23.75,2.0,2.47,20.0,0.5,0.5,0.7,12.83,13.85,14.87,13.85,2.0,2.12,20.0,0.5,0.5,0.7,75.7,75.9,76.1,75.9,2.0,0.4,20.0,0.5,0.7,0.99,2.05,3.11,2.05,2.0,2.19,20.0,0.5,0.5,0.7,-2.91,-1.54,-0.17,-1.54,2.0,2.84,20.0,0.5,0.5,0.7,-0.55,-0.4,-0.24,-0.4,2.0,0.32,20.0,0.5,0.5,0.7,1018.81,1019.9,1020.99,1019.9,2.0,2.26,20.0,0.5,0.5,0.7,2.2,2.5,2.8,2.5,2.0,0.7,20.0,0.5,0.5,0.7,-10.7,-6.3,-1.8,-6.3,2.0,9.2,20.0,0.5,0.5,0.7,-1.9,-1.2,-0.4,-1.2,2.0,1.5,20.0,0.5,0.5,0.7,-1.07,-0.15,0.77,-0.15,2.0,1.91,20.0,0.5,0.5,0.7,0.1,1.8,3.5,1.8,2.0,3.6,20.0,0.5,0.5,0.7,3.45,4.19,4.93,4.19,2.0,1.53,20.0,0.5,0.5,0.7,4.3,10.3,16.2,10.3,2.0,12.3,20.0,0.5,0.5,0.7,-63.7,-33.0,-2.3,-33.0,2.0,63.6,20.0,0.5,0.5,0.7,-12.3,-9.1,-5.9,-9.1,2.0,6.6,20.0,0.5,0.5,0.7,-35.7,-18.3,-0.9,-18.3,2.0,36.1,20.0,0.5,0.5,0.7,-6.9,-5.2,-3.4,-5.2,2.0,3.6,20.0,0.5,0.5,0.7,-15.5,-8.6,-1.7,-8.6,2.0,14.3,20.0,0.5,0.5,0.7,-2.9,-1.9,-1.0,-1.9,2.0,2.0,20.0,0.5,0.5,0.7,7.5,23.5,39.5,23.5,2.0,33.0,20.0,0.5,0.5,0.7,10.0,25.0,40.0,25.0,2.0,35.0,20.0,0.5,0.5,0.7
1974,2,350.0,-30.0,24.5,24.5,24.5,24.5,1.0,0.0,16.0,0.0,0.3,0.3,22.4,22.4,22.4,22.4,1.0,0.0,16.0,0.0,0.3,0.3,15.05,15.05,15.05,15.05,1.0,0.0,16.0,0.0,0.3,0.3,90.1,90.1,90.1,90.1,1.0,0.0,16.0,0.0,0.3,5.1,5.1,5.1,5.1,1.0,0.0,16.0,0.0,0.3,0.3,4.79,4.79,4.79,4.79,1.0,0.0,16.0,0.0,0.3,0.3,-1.74,-1.74,-1.74,-1.74,1.0,0.0,16.0,0.0,0.3,0.3,1022.4,1022.4,1022.4,1022.4,1.0,0.0,16.0,0.0,0.3,0.3,3.0,3.0,3.0,3.0,1.0,0.0,16.0,0.0,0.3,0.3,24.4,24.4,24.4,24.4,1.0,0.0,16.0,0.0,0.3,0.3,-8.9,-8.9,-8.9,-8.9,1.0,0.0,16.0,0.0,0.3,0.3,2.1,2.1,2.1,2.1,1.0,0.0,16.0,0.0,0.3,0.3,10.7,10.7,10.7,10.7,1.0,0.0,16.0,0.0,0.3,0.3,3.96,3.96,3.96,3.96,1.0,0.0,16.0,0.0,0.3,0.3,20.2,20.2,20.2,20.2,1.0,0.0,16.0,0.0,0.3,0.3,107.4,107.4,107.4,107.4,1.0,0.0,16.0,0.0,0.3,0.3,-39.1,-39.1,-39.1,-39.1,1.0,0.0,16.0,0.0,0.3,0.3,72.1,72.1,72.1,72.1,1.0,0.0,16.0,0.0,0.3,0.3,-26.3,-26.3,-26.3,-26.3,1.0,0.0,16.0,0.0,0.3,0.3,19.0,19.0,19.0,19.0,1.0,0.0,16.0,0.0,0.3,0.3,-6.9,-6.9,-6.9,-6.9,1.0,0.0,16.0,0.0,0.3,0.3,132.5,132.5,132.5,132.5,1.0,0.0,16.0,0.0,0.3,0.3,135.0,135.0,135.0,135.0,1.0,0.0,16.0,0.0,0.3,0.3
1974,2,350.0,-29.0,24.2,24.2,24.2,24.2,1.0,0.0,12.0,1.0,0.4,0.9,22.0,22.0,22.0,22.0,1.0,0.0,12.0,1.0,0.4,0.9,11.68,11.68,11.68,11.68,1.0,0.0,12.0,1.0,0.4,0.9,71.4,71.4,71.4,71.4,1.0,0.0,12.0,1.0,0.9,4.6,4.6,4.6,4.6,1.0,0.0,12.0,1.0,0.4,0.9,-3.98,-3.98,-3.98,-3.98,1.0,0.0,12.0,1.0,0.4,0.9,2.3,2.3,2.3,2.3,1.0,0.0,12.0,1.0,0.4,0.9,1017.1,1017.1,1017.1,1017.1,1.0,0.0,12.0,1.0,0.4,0.9,3.0,3.0,3.0,3.0,1.0,0.0,12.0,1.0,0.4,0.9,-18.3,-18.3,-18.3,-18.3,1.0,0.0,12.0,1.0,0.4,0.9,10.6,10.6,10.6,10.6,1.0,0.0,12.0,1.0,0.4,0.9,2.2,2.2,2.2,2.2,1.0,0.0,12.0,1.0,0.4,0.9,10.1,10.1,10.1,10.1,1.0,0.0,12.0,1.0,0.4,0.9,7.08,7.08,7.08,7.08,1.0,0.0,12.0,1.0,0.4,0.9,32.6,32.6,32.6,32.6,1.0,0.0,12.0,1.0,0.4,0.9,-87.6,-87.6,-87.6,-87.6,1.0,0.0,12.0,1.0,0.4,0.9,50.6,50.6,50.6,50.6,1.0,0.0,12.0,1.0,0.4,0.9,-46.5,-46.5,-46.5,-46.5,1.0,0.0,12.0,1.0,0.4,0.9,26.9,26.9,26.9,26.9,1.0,0.0,12.0,1.0,0.4,0.9,-28.2,-28.2,-28.2,-28.2,1.0,0.0,12.0,1.0,0.4,0.9,16.3,16.3,16.3,16.3,1.0,0.0,12.0,1.0,0.4,0.9,97.5,97.5,97.5,97.5,1.0,0.0,12.0,1.0,0.4,0.9,95.0,95.0,95.0,95.0,1.0,0.0,12.0,1.0,0.4,0.9
1974,2,350.0,-25.0,23.9,23.9,23.9,23.9,1.0,0.0,14.0,1.0,0.4,0.3,23.9,23.9,23.9,23.9,1.0,0.0,14.0,1.0,0.4,0.3,15.77,15.77,15.77,15.77,1.0,0.0,14.0,1.0,0.4,0.3,85.9,85.9,85.9,85.9,1.0,0.0,14.0,1.0,0.3,6.2,6.2,6.2,6.2,1.0,0.0,14.0,1.0,0.4,0.3,-5.83,-5.83,-5.83,-5.83,1.0,0.0,14.0,1.0,0.4,0.3,2.12,2.12,2.12,2.12,1.0,0.0,14.0,1.0,0.4,0.3,1019.3,1019.3,1019.3,1019.3,1.0,0.0,14.0,1.0,0.4,0.3,2.0,2.0,2.0,2.0,1.0,0.0,14.0,1.0,0.4,0.3,-36.1,-36.1,-36.1,-36.1,1.0,0.0,14.0,1.0,0.4,0.3,13.1,13.1,13.1,13.1,1.0,0.0,14.0,1.0,0.4,0.3,0.0,0.0,0.0,0.0,1.0,0.0,14.0,1.0,0.4,0.3,0.0,0.0,0.0,0.0,1.0,0.0,14.0,1.0,0.4,0.3,2.62,2.62,2.62,2.62,1.0,0.0,14.0,1.0,0.4,0.3,16.2,16.2,16.2,16.2,1.0,0.0,14.0,1.0,0.4,0.3,-139.2,-139.2,-139.2,-139.2,1.0,0.0,14.0,1.0,0.4,0.3,50.7,50.7,50.7,50.7,1.0,0.0,14.0,1.0,0.4,0.3,-91.9,-91.9,-91.9,-91.9,1.0,0.0,14.0,1.0,0.4,0.3,33.4,33.4,33.4,33.4,1.0,0.0,14.0,1.0,0.4,0.3,-15.2,-15.2,-15.2,-15.2,1.0,0.0,14.0,1.0,0.4,0.3,5.5,5.5,5.5,5.5,1.0,0.0,14.0,1.0,0.4,0.3,238.5,238.5,238.5,238.5,1.0,0.0,14.0,1.0,0.4,0.3,240.0,240.0,240.0,240.0,1.0,0.0,14.0,1.0,0.4,0.3
1974,2,350.0,-24.0,22.7,22.7,22.7,22.7,1.0,0.0,12.0,1.0,0.5,0.8,24.4,24.4,24.4,24.4,1.0,0.0,12.0,1.0,0.5,0.8,15.08,15.08,15.08,15.08,1.0,0.0,12.0,1.0,0.5,0.8,79.4,79.4,79.4,79.4,1.0,0.0,12.0,1.0,0.8,3.6,3.6,3.6,3.6,1.0,0.0,12.0,1.0,0.5,0.8,-3.12,-3.12,-3.12,-3.12,1.0,0.0,12.0,1.0,0.5,0.8,1.8,1.8,1.8,1.8,1.0,0.0,12.0,1.0,0.5,0.8,1014.0,1014.0,1014.0,1014.0,1.0,0.0,12.0,1.0,0.5,0.8,3.0,3.0,3.0,3.0,1.0,0.0,12.0,1.0,0.5,0.8,-11.2,-11.2,-11.2,-11.2,1.0,0.0,12.0,1.0,0.5,0.8,6.5,6.5,6.5,6.5,1.0,0.0,12.0,1.0,0.5,0.8,-1.7,-1.7,-1.7,-1.7,1.0,0.0,12.0,1.0,0.5,0.8,-6.1,-6.1,-6.1,-6.1,1.0,0.0,12.0,1.0,0.5,0.8,2.09,2.09,2.09,2.09,1.0,0.0,12.0,1.0,0.5,0.8,7.5,7.5,7.5,7.5,1.0,0.0,12.0,1.0,0.5,0.8,-76.1,-76.1,-76.1,-76.1,1.0,0.0,12.0,1.0,0.5,0.8,43.9,43.9,43.9,43.9,1.0,0.0,12.0,1.0,0.5,0.8,-47.0,-47.0,-47.0,-47.0,1.0,0.0,12.0,1.0,0.5,0.8,27.2,27.2,27.2,27.2,1.0,0.0,12.0,1.0,0.5,0.8,-6.5,-6.5,-6.5,-6.5,1.0,0.0,12.0,1.0,0.5,0.8,3.8,3.8,3.8,3.8,1.0,0.0,12.0,1.0,0.5,0.8,46.5,46.5,46.5,46.5,1.0,0.0,12.0,1.0,0.5,0.8,45.0,45.0,45.0,45.0,1.0,0.0,12.0,1.0,0.5,0.8
1974,2,350.0,-23.0,24.15,24.9,25.65,24.9,2.0,1.56,12.0,0.0,0.7,0.4,23.92,23.95,23.98,23.95,2.0,0.07,12.0,0.0,0.7,0.4,13.23,13.23,13.23,13.23,1.0,0.0,16.0,0.0,0.4,0.3,72.2,72.2,72.2,72.2,1.0,0.0,16.0,0.0,0.3,9.29,9.9,10.51,9.9,2.0,1.27,12.0,0.0,0.7,0.4,-10.18,-9.22,-8.25,-9.22,2.0,2.01,12.0,0.0,0.7,0.4,2.29,3.19,4.08,3.19,2.0,1.86,12.0,0.0,0.7,0.4,1017.5,1018.35,1019.2,1018.35,2.0,1.77,12.0,0.0,0.7,0.4,7.0,7.0,7.0,7.0,2.0,0.0,12.0,0.0,0.7,0.4,-107.8,-92.5,-77.2,-92.5,2.0,31.6,12.0,0.0,0.7,0.4,23.5,30.4,37.3,30.4,2.0,14.3,12.0,0.0,0.7,0.4,0.23,0.95,1.67,0.95,2.0,1.48,12.0,0.0,0.7,0.4,1.9,8.5,15.0,8.5,2.0,13.5,12.0,0.0,0.7,0.4,5.04,5.04,5.04,5.04,1.0,0.0,16.0,0.0,0.4,0.3,54.4,54.4,54.4,54.4,1.0,0.0,16.0,0.0,0.4,0.3,-243.5,-220.6,-197.7,-220.6,2.0,47.5,12.0,0.0,0.7,0.4,54.8,76.4,98.0,76.4,2.0,44.7,12.0,0.0,0.7,0.4,-140.7,-140.7,-140.7,-140.7,1.0,0.0,16.0,0.0,0.4,0.3,24.8,24.8,24.8,24.8,1.0,0.0,16.0,0.0,0.4,0.3,-53.6,-53.6,-53.6,-53.6,1.0,0.0,16.0,0.0,0.4,0.3,9.4,9.4,9.4,9.4,1.0,0.0,16.0,0.0,0.4,0.3,813.0,994.5,1175.5,994.5,2.0,375.5,12.0,0.0,0.7,0.4,815.0,995.0,1175.0,995.0,2.0,375.0,12.0,0.0,0.7,0.4
1974,2,350.0,-22.0,24.0,24.0,24.0,24.0,2.0,0.0,22.0,0.5,0.8,0.9,25.64,26.6,27.56,26.6,2.0,1.98,22.0,0.5,0.8,0.9,18.49,18.49,18.49,18.49,1.0,0.0,22.0,0.0,1.0,0.9,78.4,78.4,78.4,78.4,1.0,0.0,22.0,0.0,0.9,6.86,9.35,11.84,9.35,2.0,5.16,22.0,0.5,0.8,0.9,-10.38,-8.48,-6.58,-8.48,2.0,3.93,22.0,0.5,0.8,0.9,1.03,3.25,5.47,3.25,2.0,4.6,22.0,0.5,0.8,0.9,1013.75,1014.3,1014.85,1014.3,2.0,1.13,22.0,0.5,0.8,0.9,7.0,7.0,7.0,7.0,2.0,0.0,22.0,0.5,0.8,0.9,-128.3,-89.4,-50.6,-89.4,2.0,80.5,22.0,0.5,0.8,0.9,13.4,42.3,71.1,42.3,2.0,59.8,22.0,0.5,0.8,0.9,-3.56,-2.6,-1.64,-2.6,2.0,1.98,22.0,0.5,0.8,0.9,-21.7,-19.2,-16.7,-19.2,2.0,5.1,22.0,0.5,0.8,0.9,0.11,0.11,0.11,0.11,1.0,0.0,22.0,0.0,1.0,0.9,0.6,0.6,0.6,0.6,1.0,0.0,22.0,0.0,1.0,0.9,-264.0,-221.7,-179.3,-221.7,2.0,87.8,22.0,0.5,0.8,0.9,26.0,81.9,137.8,81.9,2.0,115.8,22.0,0.5,0.8,0.9,-105.4,-105.4,-105.4,-105.4,1.0,0.0,22.0,0.0,1.0,0.9,0.0,0.0,0.0,0.0,1.0,0.0,22.0,0.0,1.0,0.9,-0.6,-0.6,-0.6,-0.6,1.0,0.0,22.0,0.0,1.0,0.9,0.0,0.0,0.0,0.0,1.0,0.0,22.0,0.0,1.0,0.9,504.5,1191.0,1877.5,1191.0,2.0,1422.5,22.0,0.5,0.8,0.9,505.0,1190.0,1880.0,1190.0,2.0,1425.0,22.0,0.5,0.8,0.9
1974,2,350.0,-21.0,23.83,23.9,23.97,23.9,3.0,0.1,18.0,0.0,0.4,0.5,23.19,23.8,23.94,23.57,3.0,0.59,18.0,0.0,0.4,0.5,11.43,13.15,14.86,13.15,2.0,3.55,22.0,0.0,0.5,0.3,60.5,65.5,78.4,69.3,3.0,13.5,18.0,0.0,0.5,2.89,4.6,7.81,5.33,3.0,3.66,18.0,0.0,0.4,0.5,-6.87,-4.32,-2.81,-4.83,3.0,3.01,18.0,0.0,0.4,0.5,0.5,1.57,3.67,2.07,3.0,2.37,18.0,0.0,0.4,0.5,1014.03,1014.1,1014.17,1014.1,2.0,0.14,22.0,0.0,0.5,0.3,4.6,6.0,7.4,6.0,3.0,2.0,18.0,0.0,0.4,0.5,-57.4,-19.9,-9.3,-33.1,3.0,37.0,18.0,0.0,0.4,0.5,2.3,7.2,31.8,16.8,3.0,23.2,18.0,0.0,0.4,0.5,0.0,0.0,0.68,0.33,3.0,0.58,18.0,0.0,0.4,0.5,0.0,0.0,3.1,1.5,3.0,2.7,18.0,0.0,0.4,0.5,3.7,5.33,6.97,5.33,2.0,3.39,22.0,0.0,0.5,0.3,16.6,39.0,61.5,39.0,2.0,46.5,22.0,0.0,0.5,0.3,-162.3,-99.0,-65.8,-113.7,3.0,71.8,18.0,0.0,0.4,0.5,11.4,36.0,87.0,48.9,3.0,56.4,18.0,0.0,0.4,0.5,-77.3,-59.3,-41.3,-59.3,2.0,37.3,22.0,0.0,0.5,0.3,7.8,24.7,41.6,24.7,2.0,35.0,22.0,0.0,0.5,0.3,-53.4,-34.2,-15.1,-34.2,2.0,39.7,22.0,0.0,0.5,0.3,5.7,18.0,30.2,18.0,2.0,25.4,22.0,0.0,0.5,0.3,37.0,97.5,580.0,303.5,3.0,436.0,18.0,0.0,0.4,0.5,35.0,95.0,580.0,305.0,3.0,435.0,18.0,0.0,0.4,0.5
1974,2,350.0,-20.0,24.0,24.0,24.0,24.0,1.0,0.0,18.0,0.0,0.5,0.3,24.8,24.8,24.8,24.8,1.0,0.0,18.0,0.0,0.5,0.3,15.06,15.06,15.06,15.06,1.0,0.0,18.0,0.0,0.5,0.3,77.5,77.5,77.5,77.5,1.0,0.0,18.0,0.0,0.3,7.7,7.7,7.7,7.7,1.0,0.0,18.0,0.0,0.5,0.3,-7.24,-7.24,-7.24,-7.24,1.0,0.0,18.0,0.0,0.5,0.3,2.63,2.63,2.63,2.63,1.0,0.0,18.0,0.0,0.5,0.3,1015.5,1015.5,1015.5,1015.5,1.0,0.0,18.0,0.0,0.5,0.3,8.0,8.0,8.0,8.0,1.0,0.0,18.0,0.0,0.5,0.3,-55.7,-55.7,-55.7,-55.7,1.0,0.0,18.0,0.0,0.5,0.3,20.3,20.3,20.3,20.3,1.0,0.0,18.0,0.0,0.5,0.3,-0.8,-0.8,-0.8,-0.8,1.0,0.0,18.0,0.0,0.5,0.3,-6.2,-6.2,-6.2,-6.2,1.0,0.0,18.0,0.0,0.5,0.3,3.51,3.51,3.51,3.51,1.0,0.0,18.0,0.0,0.5,0.3,27.0,27.0,27.0,27.0,1.0,0.0,18.0,0.0,0.5,0.3,-179.4,-179.4,-179.4,-179.4,1.0,0.0,18.0,0.0,0.5,0.3,65.3,65.3,65.3,65.3,1.0,0.0,18.0,0.0,0.5,0.3,-109.0,-109.0,-109.0,-109.0,1.0,0.0,18.0,0.0,0.5,0.3,39.7,39.7,39.7,39.7,1.0,0.0,18.0,0.0,0.5,0.3,-25.4,-25.4,-25.4,-25.4,1.0,0.0,18.0,0.0,0.5,0.3,9.2,9.2,9.2,9.2,1.0,0.0,18.0,0.0,0.5,0.3,456.5,456.5,456.5,456.5,1.0,0.0,18.0,0.0,0.5,0.3,455.0,455.0,455.0,455.0,1.0,0.0,18.0,0.0,0.5,0.3
1974,2,350.0,-19.0,23.15,23.9,25.74,24.43,3.0,1.96,22.0,0.0,0.5,0.5,22.8,22.8,23.41,23.1,3.0,0.52,22.0,0.0,0.5,0.5,12.82,13.26,14.82,13.81,3.0,1.54,22.0,0.0,0.5,0.5,74.6,77.2,82.8,78.7,3.0,6.1,22.0,0.0,0.5,5.1,5.1,6.19,5.63,3.0,0.92,22.0,0.0,0.5,0.5,-5.91,-4.42,-3.14,-4.52,3.0,2.03,22.0,0.0,0.5,0.5,1.6,2.55,3.82,2.71,3.0,1.63,22.0,0.0,0.5,0.5,1015.44,1016.6,1016.94,1016.2,3.0,1.15,22.0,0.0,0.5,0.5,2.3,3.0,6.4,4.3,3.0,3.2,22.0,0.0,0.5,0.5,-37.3,-22.5,-16.0,-26.6,3.0,16.0,22.0,0.0,0.5,0.5,9.4,13.0,19.5,14.4,3.0,7.5,22.0,0.0,0.5,0.5,0.35,1.1,2.33,1.33,3.0,1.46,22.0,0.0,0.5,0.5,1.8,5.6,15.0,8.3,3.0,10.0,22.0,0.0,0.5,0.5,4.55,5.82,6.07,5.32,3.0,1.19,22.0,0.0,0.5,0.5,23.2,29.7,37.7,30.4,3.0,10.6,22.0,0.0,0.5,0.5,-138.7,-100.7,-71.6,-105.1,3.0,49.3,22.0,0.0,0.5,0.5,37.3,58.1,87.2,62.1,3.0,36.7,22.0,0.0,0.5,0.5,-87.7,-55.7,-40.8,-64.0,3.0,35.1,22.0,0.0,0.5,0.5,22.6,32.2,50.2,36.3,3.0,20.6,22.0,0.0,0.5,0.5,-36.0,-25.7,-15.1,-25.5,3.0,15.4,22.0,0.0,0.5,0.5,9.6,14.8,16.7,13.2,3.0,5.3,22.0,0.0,0.5,0.5,132.5,132.5,247.5,188.5,3.0,97.0,22.0,0.0,0.5,0.5,135.0,135.0,245.0,190.0,3.0,95.0,22.0,0.0,0.5,0.5
1974,2,350.0,-18.0,23.6,23.6,23.6,23.6,1.0,0.0,16.0,0.0,0.7,0.4,23.4,23.4,23.4,23.4,1.0,0.0,16.0,0.0,0.7,0.4,14.95,14.95,14.95,14.95,1.0,0.0,16.0,0.0,0.7,0.4,83.8,83.8,83.8,83.8,1.0,0.0,16.0,0.0,0.4,7.7,7.7,7.7,7.7,1.0,0.0,16.0,0.0,0.7,0.4,-5.9,-5.9,-5.9,-5.9,1.0,0.0,16.0,0.0,0.7,0.4,4.95,4.95,4.95,4.95,1.0,0.0,16.0,0.0,0.7,0.4,1016.5,1016.5,1016.5,1016.5,1.0,0.0,16.0,0.0,0.7,0.4,8.0,8.0,8.0,8.0,1.0,0.0,16.0,0.0,0.7,0.4,-45.4,-45.4,-45.4,-45.4,1.0,0.0,16.0,0.0,0.7,0.4,38.1,38.1,38.1,38.1,1.0,0.0,16.0,0.0,0.7,0.4,0.2,0.2,0.2,0.2,1.0,0.0,16.0,0.0,0.7,0.4,1.5,1.5,1.5,1.5,1.0,0.0,16.0,0.0,0.7,0.4,3.15,3.15,3.15,3.15,1.0,0.0,16.0,0.0,0.7,0.4,24.2,24.2,24.2,24.2,1.0,0.0,16.0,0.0,0.7,0.4,-138.0,-138.0,-138.0,-138.0,1.0,0.0,16.0,0.0,0.7,0.4,115.8,115.8,115.8,115.8,1.0,0.0,16.0,0.0,0.7,0.4,-88.2,-88.2,-88.2,-88.2,1.0,0.0,16.0,0.0,0.7,0.4,74.0,74.0,74.0,74.0,1.0,0.0,16.0,0.0,0.7,0.4,-18.6,-18.6,-18.6,-18.6,1.0,0.0,16.0,0.0,0.7,0.4,15.6,15.6,15.6,15.6,1.0,0.0,16.0,0.0,0.7,0.4,456.5,456.5,456.5,456.5,1.0,0.0,16.0,0.0,0.7,0.4,455.0,455.0,455.0,455.0,1.0,0.0,16.0,0.0,0.7,0.4
1974,2,350.0,-17.0,27.0,27.0,27.0,27.0,1.0,0.0,28.0,1.0,0.2,0.9,25.0,25.0,25.0,25.0,1.0,0.0,28.0,1.0,0.2,0.9,13.95,13.95,13.95,13.95,1.0,0.0,28.0,1.0,0.2,0.9,70.6,70.6,70.6,70.6,1.0,0.0,28.0,1.0,0.9,8.7,8.7,8.7,8.7,1.0,0.0,28.0,1.0,0.2,0.9,-7.53,-7.53,-7.53,-7.53,1.0,0.0,28.0,1.0,0.2,0.9,4.35,4.35,4.35,4.35,1.0,0.0,28.0,1.0,0.2,0.9,1011.0,1011.0,1011.0,1011.0,1.0,0.0,28.0,1.0,0.2,0.9,2.0,2.0,2.0,2.0,1.0,0.0,28.0,1.0,0.2,0.9,-65.5,-65.5,-65.5,-65.5,1.0,0.0,28.0,1.0,0.2,0.9,37.8,37.8,37.8,37.8,1.0,0.0,28.0,1.0,0.2,0.9,2.0,2.0,2.0,2.0,1.0,0.0,28.0,1.0,0.2,0.9,17.4,17.4,17.4,17.4,1.0,0.0,28.0,1.0,0.2,0.9,8.4,8.4,8.4,8.4,1.0,0.0,28.0,1.0,0.2,0.9,73.0,73.0,73.0,73.0,1.0,0.0,28.0,1.0,0.2,0.9,-188.4,-188.4,-188.4,-188.4,1.0,0.0,28.0,1.0,0.2,0.9,108.8,108.8,108.8,108.8,1.0,0.0,28.0,1.0,0.2,0.9,-105.1,-105.1,-105.1,-105.1,1.0,0.0,28.0,1.0,0.2,0.9,60.7,60.7,60.7,60.7,1.0,0.0,28.0,1.0,0.2,0.9,-63.3,-63.3,-63.3,-63.3,1.0,0.0,28.0,1.0,0.2,0.9,36.5,36.5,36.5,36.5,1.0,0.0,28.0,1.0,0.2,0.9,658.5,658.5,658.5,658.5,1.0,0.0,28.0,1.0,0.2,0.9,660.0,660.0,660.0,660.0,1.0,0.0,28.0,1.0,0.2,0.9
1974,2,350.0,-16.0,,,,,,,,,,,,,,,,,,,,,,,,,,,,,,,,,,,,,,,,7.7,7.7,7.7,7.7,1.0,0.0,18.0,1.0,0.5,0.6,-7.58,-7.58,-7.58,-7.58,1.0,0.0,18.0,1.0,0.5,0.6,1.34,1.34,1.34,1.34,1.0,0.0,18.0,1.0,0.5,0.6,1013.0,1013.0,1013.0,1013.0,1.0,0.0,18.0,1.0,0.5,0.6,,,,,,,,,,,,,,,,,,,,,,,,,,,,,,,,,,,,,,,,,,,,,,,,,,,,,,,,,,,,,,,,,,,,,,,,,,,,,,,,,,,,,,,,,,,,,,,,,,,,,,,,,,,,,,,,,,,,,,,,,,,,,,,,,,,,,,,,,,,,,,,,,,,,,,
1974,2,350.0,-15.0,24.65,25.2,25.75,25.2,2.0,1.13,18.0,0.5,0.4,0.4,24.46,26.95,29.44,26.95,2.0,5.16,18.0,0.5,0.4,0.4,15.06,16.0,16.94,16.0,2.0,1.95,18.0,0.5,0.4,0.4,66.5,72.9,79.3,72.9,2.0,13.2,18.0,0.5,0.4,5.35,5.9,6.45,5.9,2.0,1.13,18.0,0.5,0.4,0.4,-3.12,-2.78,-2.45,-2.78,2.0,0.7,18.0,0.5,0.4,0.4,4.29,5.1,5.92,5.1,2.0,1.69,18.0,0.5,0.4,0.4,1013.96,1014.1,1014.24,1014.1,2.0,0.28,18.0,0.5,0.4,0.4,4.2,4.5,4.8,4.5,2.0,0.7,18.0,0.5,0.4,0.4,-16.5,-16.0,-15.6,-16.0,2.0,1.0,18.0,0.5,0.4,0.4,23.5,31.1,38.7,31.1,2.0,15.7,18.0,0.5,0.4,0.4,-4.79,-1.75,1.29,-1.75,2.0,6.29,18.0,0.5,0.4,0.4,-32.8,-13.9,5.0,-13.9,2.0,39.1,18.0,0.5,0.4,0.4,2.41,4.01,5.62,4.01,2.0,3.32,18.0,0.5,0.4,0.4,14.5,21.8,29.1,21.8,2.0,15.1,18.0,0.5,0.4,0.4,-75.4,-73.3,-71.1,-73.3,2.0,4.4,18.0,0.5,0.4,0.4,107.2,141.8,176.5,141.8,2.0,71.9,18.0,0.5,0.4,0.4,-46.6,-43.9,-41.1,-43.9,2.0,5.7,18.0,0.5,0.4,0.4,65.4,83.3,101.1,83.3,2.0,37.0,18.0,0.5,0.4,0.4,-18.2,-12.3,-6.5,-12.3,2.0,12.1,18.0,0.5,0.4,0.4,12.8,17.7,22.6,17.7,2.0,10.2,18.0,0.5,0.4,0.4,159.5,216.5,274.0,216.5,2.0,119.0,18.0,0.5,0.4,0.4,160.0,215.0,275.0,215.0,2.0,120.0,18.0,0.5,0.4,0.4
1974,2,350.0,-14.0,22.0,22.0,22.0,22.0,1.0,0.0,16.0,1.0,0.8,0.3,25.0,25.0,25.0,25.0,1.0,0.0,16.0,1.0,0.8,0.3,12.74,12.74,12.74,12.74,1.0,0.0,16.0,1.0,0.8,0.3,64.7,64.7,64.7,64.7,1.0,0.0,16.0,1.0,0.3,5.7,5.7,5.7,5.7,1.0,0.0,16.0,1.0,0.8,0.3,-3.66,-3.66,-3.66,-3.66,1.0,0.0,16.0,1.0,0.8,0.3,4.37,4.37,4.37,4.37,1.0,0.0,16.0,1.0,0.8,0.3,1013.1,1013.1,1013.1,1013.1,1.0,0.0,16.0,1.0,0.8,0.3,1.0,1.0,1.0,1.0,1.0,0.0,16.0,1.0,0.8,0.3,-20.9,-20.9,-20.9,-20.9,1.0,0.0,16.0,1.0,0.8,0.3,24.9,24.9,24.9,24.9,1.0,0.0,16.0,1.0,0.8,0.3,-3.0,-3.0,-3.0,-3.0,1.0,0.0,16.0,1.0,0.8,0.3,-17.1,-17.1,-17.1,-17.1,1.0,0.0,16.0,1.0,0.8,0.3,3.73,3.73,3.73,3.73,1.0,0.0,16.0,1.0,0.8,0.3,21.2,21.2,21.2,21.2,1.0,0.0,16.0,1.0,0.8,0.3,-91.6,-91.6,-91.6,-91.6,1.0,0.0,16.0,1.0,0.8,0.3,109.2,109.2,109.2,109.2,1.0,0.0,16.0,1.0,0.8,0.3,-46.7,-46.7,-46.7,-46.7,1.0,0.0,16.0,1.0,0.8,0.3,55.6,55.6,55.6,55.6,1.0,0.0,16.0,1.0,0.8,0.3,-13.6,-13.6,-13.6,-13.6,1.0,0.0,16.0,1.0,0.8,0.3,16.3,16.3,16.3,16.3,1.0,0.0,16.0,1.0,0.8,0.3,185.0,185.0,185.0,185.0,1.0,0.0,16.0,1.0,0.8,0.3,185.0,185.0,185.0,185.0,1.0,0.0,16.0,1.0,0.8,0.3
1974,2,350.0,-13.0,25.52,26.65,27.78,26.65,2.0,2.33,22.0,1.0,0.3,0.8,26.16,26.3,26.44,26.3,2.0,0.28,22.0,1.0,0.3,0.8,15.42,15.42,15.42,15.42,1.0,0.0,24.0,1.0,0.5,0.7,74.8,81.4,87.9,81.4,2.0,13.5,22.0,1.0,0.8,6.6,7.45,8.3,7.45,2.0,1.77,22.0,1.0,0.3,0.8,-5.46,-5.17,-4.88,-5.17,2.0,0.6,22.0,1.0,0.3,0.8,4.41,5.32,6.24,5.32,2.0,1.89,22.0,1.0,0.3,0.8,1016.8,1016.8,1016.8,1016.8,1.0,0.0,24.0,1.0,0.5,0.7,3.5,4.5,5.5,4.5,2.0,2.1,22.0,1.0,0.3,0.8,-45.6,-39.0,-32.5,-39.0,2.0,13.6,22.0,1.0,0.3,0.8,30.0,41.3,52.7,41.3,2.0,23.5,22.0,1.0,0.3,0.8,-0.91,0.35,1.61,0.35,2.0,2.62,22.0,1.0,0.3,0.8,-8.8,0.3,9.4,0.3,2.0,18.9,22.0,1.0,0.3,0.8,4.28,4.28,4.28,4.28,1.0,0.0,24.0,1.0,0.5,0.7,37.2,37.2,37.2,37.2,1.0,0.0,24.0,1.0,0.5,0.7,-144.3,-136.1,-127.8,-136.1,2.0,17.1,22.0,1.0,0.3,0.8,115.5,140.3,165.1,140.3,2.0,51.3,22.0,1.0,0.3,0.8,-86.2,-86.2,-86.2,-86.2,1.0,0.0,24.0,1.0,0.5,0.7,102.8,102.8,102.8,102.8,1.0,0.0,24.0,1.0,0.5,0.7,-23.9,-23.9,-23.9,-23.9,1.0,0.0,24.0,1.0,0.5,0.7,28.5,28.5,28.5,28.5,1.0,0.0,24.0,1.0,0.5,0.7,305.0,448.5,592.0,448.5,2.0,297.0,22.0,1.0,0.3,0.8,305.0,450.0,590.0,450.0,2.0,295.0,22.0,1.0,0.3,0.8
1974,2,350.0,-12.0,25.94,26.45,26.7,26.33,4.0,0.48,20.0,0.8,0.5,0.6,25.5,25.75,26.52,26.0,4.0,0.71,20.0,0.8,0.5,0.6,14.89,16.24,16.77,15.85,4.0,1.5,20.0,0.8,0.5,0.6,70.1,75.2,81.0,75.6,4.0,7.2,20.0,0.8,0.6,5.62,6.45,6.7,6.18,4.0,0.75,20.0,0.8,0.5,0.6,-5.8,-4.54,-3.18,-4.5,4.0,1.51,20.0,0.8,0.5,0.6,3.35,3.63,4.67,3.99,4.0,0.95,20.0,0.8,0.5,0.6,1010.12,1011.15,1011.97,1011.05,4.0,1.22,20.0,0.8,0.5,0.6,1.4,3.5,4.5,3.0,4.0,2.2,20.0,0.8,0.5,0.6,-38.9,-29.0,-17.9,-28.4,4.0,12.1,20.0,0.8,0.5,0.6,21.1,22.4,28.1,24.5,4.0,6.0,20.0,0.8,0.5,0.6,-0.32,0.45,0.96,0.33,4.0,0.85,20.0,0.8,0.5,0.6,-2.2,2.8,5.3,1.6,4.0,5.0,20.0,0.8,0.5,0.6,4.18,5.37,7.07,5.62,4.0,2.02,20.0,0.8,0.5,0.6,28.0,34.6,39.1,33.6,4.0,7.9,20.0,0.8,0.5,0.6,-152.5,-115.8,-82.0,-117.2,4.0,40.7,20.0,0.8,0.5,0.6,87.8,95.0,120.6,103.8,4.0,24.6,20.0,0.8,0.5,0.6,-97.3,-72.4,-47.4,-72.4,4.0,28.8,20.0,0.8,0.5,0.6,54.1,56.1,73.0,63.2,4.0,15.9,20.0,0.8,0.5,0.6,-28.1,-23.5,-18.8,-23.5,4.0,5.4,20.0,0.8,0.5,0.6,14.0,23.8,31.6,22.9,4.0,10.3,20.0,0.8,0.5,0.6,183.0,269.5,301.0,243.0,4.0,79.5,20.0,0.8,0.5,0.6,185.0,270.0,300.0,245.0,4.0,80.0,20.0,0.8,0.5,0.6
1974,2,350.0,-9.0,26.7,26.7,26.7,26.7,1.0,0.0,24.0,0.0,0.6,0.5,26.0,26.0,26.0,26.0,1.0,0.0,24.0,0.0,0.6,0.5,16.82,16.82,16.82,16.82,1.0,0.0,24.0,0.0,0.6,0.5,80.1,80.1,80.1,80.1,1.0,0.0,24.0,0.0,0.5,5.1,5.1,5.1,5.1,1.0,0.0,24.0,0.0,0.6,0.5,-3.91,-3.91,-3.91,-3.91,1.0,0.0,24.0,0.0,0.6,0.5,3.28,3.28,3.28,3.28,1.0,0.0,24.0,0.0,0.6,0.5,1010.3,1010.3,1010.3,1010.3,1.0,0.0,24.0,0.0,0.6,0.5,0.0,0.0,0.0,0.0,1.0,0.0,24.0,0.0,0.6,0.5,-19.9,-19.9,-19.9,-19.9,1.0,0.0,24.0,0.0,0.6,0.5,16.7,16.7,16.7,16.7,1.0,0.0,24.0,0.0,0.6,0.5,0.7,0.7,0.7,0.7,1.0,0.0,24.0,0.0,0.6,0.5,3.6,3.6,3.6,3.6,1.0,0.0,24.0,0.0,0.6,0.5,5.14,5.14,5.14,5.14,1.0,0.0,24.0,0.0,0.6,0.5,26.2,26.2,26.2,26.2,1.0,0.0,24.0,0.0,0.6,0.5,-101.6,-101.6,-101.6,-101.6,1.0,0.0,24.0,0.0,0.6,0.5,85.2,85.2,85.2,85.2,1.0,0.0,24.0,0.0,0.6,0.5,-65.7,-65.7,-65.7,-65.7,1.0,0.0,24.0,0.0,0.6,0.5,55.1,55.1,55.1,55.1,1.0,0.0,24.0,0.0,0.6,0.5,-20.1,-20.1,-20.1,-20.1,1.0,0.0,24.0,0.0,0.6,0.5,16.9,16.9,16.9,16.9,1.0,0.0,24.0,0.0,0.6,0.5,132.5,132.5,132.5,132.5,1.0,0.0,24.0,0.0,0.6,0.5,135.0,135.0,135.0,135.0,1.0,0.0,24.0,0.0,0.6,0.5
1974,2,350.0,-8.0,26.0,26.0,26.0,26.0,1.0,0.0,14.0,0.0,0.2,0.8,25.6,25.6,25.6,25.6,1.0,0.0,14.0,0.0,0.2,0.8,18.5,18.5,18.5,18.5,1.0,0.0,14.0,0.0,0.2,0.8,90.3,90.3,90.3,90.3,1.0,0.0,14.0,0.0,0.8,0.0,0.0,0.0,0.0,1.0,0.0,14.0,0.0,0.2,0.8,0.0,0.0,0.0,0.0,1.0,0.0,14.0,0.0,0.2,0.8,0.0,0.0,0.0,0.0,1.0,0.0,14.0,0.0,0.2,0.8,1012.8,1012.8,1012.8,1012.8,1.0,0.0,14.0,0.0,0.2,0.8,0.0,0.0,0.0,0.0,1.0,0.0,14.0,0.0,0.2,0.8,0.0,0.0,0.0,0.0,1.0,0.0,14.0,0.0,0.2,0.8,0.0,0.0,0.0,0.0,1.0,0.0,14.0,0.0,0.2,0.8,0.4,0.4,0.4,0.4,1.0,0.0,14.0,0.0,0.2,0.8,0.0,0.0,0.0,0.0,1.0,0.0,14.0,0.0,0.2,0.8,2.5,2.5,2.5,2.5,1.0,0.0,14.0,0.0,0.2,0.8,0.0,0.0,0.0,0.0,1.0,0.0,14.0,0.0,0.2,0.8,0.0,0.0,0.0,0.0,1.0,0.0,14.0,0.0,0.2,0.8,0.0,0.0,0.0,0.0,1.0,0.0,14.0,0.0,0.2,0.8,0.0,0.0,0.0,0.0,1.0,0.0,14.0,0.0,0.2,0.8,0.0,0.0,0.0,0.0,1.0,0.0,14.0,0.0,0.2,0.8,0.0,0.0,0.0,0.0,1.0,0.0,14.0,0.0,0.2,0.8,0.0,0.0,0.0,0.0,1.0,0.0,14.0,0.0,0.2,0.8,0.0,0.0,0.0,0.0,1.0,0.0,14.0,0.0,0.2,0.8,0.0,0.0,0.0,0.0,1.0,0.0,14.0,0.0,0.2,0.8
1974,2,350.0,-7.0,27.0,27.0,27.0,27.0,1.0,0.0,16.0,0.0,0.3,0.3,26.7,26.7,26.7,26.7,1.0,0.0,16.0,0.0,0.3,0.3,17.94,17.94,17.94,17.94,1.0,0.0,16.0,0.0,0.3,0.3,82.1,82.1,82.1,82.1,1.0,0.0,16.0,0.0,0.3,2.6,2.6,2.6,2.6,1.0,0.0,16.0,0.0,0.3,0.3,-1.67,-1.67,-1.67,-1.67,1.0,0.0,16.0,0.0,0.3,0.3,1.99,1.99,1.99,1.99,1.0,0.0,16.0,0.0,0.3,0.3,1013.5,1013.5,1013.5,1013.5,1.0,0.0,16.0,0.0,0.3,0.3,1.0,1.0,1.0,1.0,1.0,0.0,16.0,0.0,0.3,0.3,-4.3,-4.3,-4.3,-4.3,1.0,0.0,16.0,0.0,0.3,0.3,5.2,5.2,5.2,5.2,1.0,0.0,16.0,0.0,0.3,0.3,0.3,0.3,0.3,0.3,1.0,0.0,16.0,0.0,0.3,0.3,0.8,0.8,0.8,0.8,1.0,0.0,16.0,0.0,0.3,0.3,4.35,4.35,4.35,4.35,1.0,0.0,16.0,0.0,0.3,0.3,11.3,11.3,11.3,11.3,1.0,0.0,16.0,0.0,0.3,0.3,-44.6,-44.6,-44.6,-44.6,1.0,0.0,16.0,0.0,0.3,0.3,53.2,53.2,53.2,53.2,1.0,0.0,16.0,0.0,0.3,0.3,-30.0,-30.0,-30.0,-30.0,1.0,0.0,16.0,0.0,0.3,0.3,35.7,35.7,35.7,35.7,1.0,0.0,16.0,0.0,0.3,0.3,-7.3,-7.3,-7.3,-7.3,1.0,0.0,16.0,0.0,0.3,0.3,8.7,8.7,8.7,8.7,1.0,0.0,16.0,0.0,0.3,0.3,17.5,17.5,17.5,17.5,1.0,0.0,16.0,0.0,0.3,0.3,20.0,20.0,20.0,20.0,1.0,0.0,16.0,0.0,0.3,0.3
1974,2,350.0,-4.0,27.2,27.2,27.2,27.2,1.0,0.0,8.0,1.0,0.3,0.9,27.06,27.2,27.34,27.2,2.0,0.28,12.0,0.5,0.4,0.9,18.96,18.96,18.96,18.96,1.0,0.0,8.0,1.0,0.3,0.9,82.7,82.7,82.7,82.7,1.0,0.0,8.0,1.0,0.9,2.58,3.6,4.62,3.6,3.0,1.5,14.0,0.7,0.5,0.9,-3.23,-3.12,-1.48,-2.37,3.0,1.43,14.0,0.7,0.5,0.9,-0.6,1.97,3.29,1.36,3.0,2.9,14.0,0.7,0.5,0.9,1006.8,1007.0,1009.53,1008.13,3.0,2.23,14.0,0.7,0.5,0.9,0.6,2.0,5.4,3.0,3.0,3.6,14.0,0.7,0.5,0.9,-15.0,-11.2,-4.6,-9.8,3.0,7.7,14.0,0.7,0.5,0.9,-3.1,4.1,14.9,5.9,3.0,13.3,14.0,0.7,0.5,0.9,-0.2,-0.2,-0.2,-0.2,1.0,0.0,8.0,1.0,0.3,0.9,-1.0,-1.0,-1.0,-1.0,1.0,0.0,8.0,1.0,0.3,0.9,3.75,3.75,3.75,3.75,1.0,0.0,8.0,1.0,0.3,0.9,19.1,19.1,19.1,19.1,1.0,0.0,8.0,1.0,0.3,0.9,-78.6,-54.6,-30.6,-54.6,2.0,49.8,12.0,0.5,0.4,0.9,61.8,80.2,98.5,80.2,2.0,38.0,12.0,0.5,0.4,0.9,-62.2,-62.2,-62.2,-62.2,1.0,0.0,8.0,1.0,0.3,0.9,74.1,74.1,74.1,74.1,1.0,0.0,8.0,1.0,0.3,0.9,-12.3,-12.3,-12.3,-12.3,1.0,0.0,8.0,1.0,0.3,0.9,14.6,14.6,14.6,14.6,1.0,0.0,8.0,1.0,0.3,0.9,21.0,46.5,105.5,63.0,3.0,63.5,14.0,0.7,0.5,0.9,20.0,45.0,105.0,65.0,3.0,65.0,14.0,0.7,0.5,0.9
1974,2,350.0,-3.0,27.0,27.0,27.95,27.37,9.0,0.76,12.0,0.4,0.6,0.6,26.0,27.4,29.83,27.53,9.0,1.87,12.0,0.4,0.6,0.6,18.6,19.46,20.49,19.55,3.0,1.38,12.0,0.7,0.7,0.6,76.7,77.0,87.2,81.8,3.0,8.8,12.0,0.7,0.6,1.12,2.85,4.79,3.11,8.0,2.48,12.0,0.4,0.6,0.6,-3.08,-0.9,-0.04,-1.68,8.0,2.11,12.0,0.4,0.6,0.6,1.01,2.47,3.75,2.44,8.0,1.63,12.0,0.4,0.6,0.6,1008.63,1010.7,1011.61,1010.06,9.0,2.32,12.0,0.4,0.6,0.6,1.0,2.0,5.7,3.0,9.0,2.3,12.0,0.4,0.6,0.6,-15.0,-2.0,0.0,-9.5,8.0,16.9,12.0,0.4,0.6,0.6,1.2,7.0,18.1,11.0,8.0,13.6,12.0,0.4,0.6,0.6,-1.96,0.6,1.37,-0.17,9.0,1.94,12.0,0.4,0.6,0.6,-3.7,-0.6,7.0,0.9,8.0,4.9,12.0,0.4,0.6,0.6,1.83,4.11,6.05,3.95,3.0,3.1,12.0,0.7,0.7,0.6,0.2,0.8,15.0,7.4,3.0,12.2,12.0,0.7,0.7,0.6,-79.1,-26.8,-1.2,-45.1,8.0,54.6,12.0,0.4,0.6,0.6,30.9,68.5,96.3,66.4,8.0,41.4,12.0,0.4,0.6,0.6,-27.0,-7.2,-2.3,-14.5,3.0,19.2,12.0,0.7,0.7,0.6,6.3,19.7,35.8,21.0,3.0,21.6,12.0,0.7,0.7,0.6,-9.5,-0.3,-0.1,-4.7,3.0,7.9,12.0,0.7,0.7,0.6,0.2,0.7,11.5,5.7,3.0,9.3,12.0,0.7,0.7,0.6,2.0,23.5,114.5,90.5,8.0,175.0,12.0,0.4,0.6,0.6,0.0,25.0,115.0,90.0,8.0,175.0,12.0,0.4,0.6,0.6
1974,2,350.0,-2.0,26.9,27.7,29.0,27.9,24.0,1.15,14.0,0.7,0.7,0.6,26.2,28.0,30.27,28.16,27.0,1.83,16.0,0.6,0.7,0.7,17.84,18.73,20.12,18.95,16.0,1.01,16.0,0.6,0.7,0.7,76.1,81.3,86.8,81.2,16.0,6.2,16.0,0.6,0.7,2.69,4.05,7.0,4.38,24.0,2.17,14.0,0.7,0.7,0.6,-3.78,-2.05,0.0,-1.91,24.0,2.14,14.0,0.7,0.7,0.6,1.77,3.54,5.47,3.54,24.0,1.8,14.0,0.7,0.7,0.6,1008.19,1009.55,1011.35,1009.84,26.0,2.04,16.0,0.6,0.7,0.7,2.0,4.0,7.0,4.5,27.0,2.3,14.0,0.6,0.7,0.6,-26.0,-7.1,0.0,-11.3,24.0,15.7,14.0,0.7,0.7,0.6,4.3,13.8,38.3,18.9,24.0,15.7,14.0,0.7,0.7,0.6,-2.1,-0.2,1.0,-0.34,23.0,1.77,16.0,0.7,0.7,0.7,-10.8,-1.0,1.6,-3.4,20.0,8.3,14.0,0.8,0.7,0.7,2.8,4.31,5.72,4.42,15.0,1.31,16.0,0.6,0.7,0.7,9.1,14.7,20.8,15.5,12.0,8.3,16.0,0.8,0.7,0.7,-97.4,-57.1,0.0,-48.8,23.0,57.7,14.0,0.7,0.7,0.7,44.7,96.1,152.6,97.2,23.0,50.6,14.0,0.7,0.7,0.7,-64.0,-41.6,0.9,-30.6,13.0,43.2,16.0,0.7,0.7,0.7,20.9,58.8,87.1,54.5,13.0,33.1,16.0,0.7,0.7,0.7,-11.6,-6.7,0.7,-5.0,12.0,9.9,16.0,0.8,0.7,0.7,6.4,12.2,14.8,11.7,12.0,7.4,16.0,0.8,0.7,0.7,21.0,66.5,343.0,145.0,24.0,169.0,14.0,0.7,0.7,0.6,20.0,65.0,345.0,145.0,24.0,170.0,14.0,0.7,0.7,0.6
1974,2,350.0,-1.0,26.87,28.0,29.0,27.87,75.0,0.97,14.0,0.5,0.7,0.5,26.3,27.7,29.49,27.82,77.0,1.47,14.0,0.5,0.7,0.5,17.93,18.52,19.57,18.72,57.0,0.93,12.0,0.5,0.7,0.5,76.0,83.1,87.3,81.9,57.0,5.9,12.0,0.5,0.5,2.6,3.6,6.0,4.03,74.0,1.97,12.0,0.5,0.7,0.5,-3.51,-1.57,0.48,-1.5,74.0,2.01,12.0,0.5,0.7,0.5,1.53,2.68,4.75,3.21,74.0,1.89,12.0,0.5,0.7,0.5,1007.72,1009.55,1012.41,1009.82,78.0,2.31,14.0,0.5,0.7,0.5,1.0,3.0,6.0,3.5,76.0,2.3,14.0,0.5,0.7,0.5,-18.8,-4.8,1.2,-8.7,74.0,13.1,12.0,0.5,0.7,0.5,3.7,8.4,30.2,16.2,74.0,17.3,12.0,0.5,0.7,0.5,-2.0,0.5,1.36,0.04,73.0,1.73,14.0,0.5,0.7,0.5,-7.7,1.4,4.1,-0.8,68.0,8.0,14.0,0.5,0.7,0.5,3.26,4.66,6.5,4.71,54.0,1.63,14.0,0.5,0.7,0.5,8.4,14.7,26.8,17.2,51.0,9.9,12.0,0.5,0.7,0.5,-100.4,-43.6,13.6,-42.4,72.0,57.3,12.0,0.5,0.7,0.5,43.0,79.3,134.8,89.8,72.0,54.0,12.0,0.5,0.7,0.5,-67.9,-28.3,8.9,-26.5,54.0,39.0,12.0,0.5,0.7,0.5,31.0,54.5,84.2,58.9,54.0,32.9,12.0,0.5,0.7,0.5,-13.4,-5.1,2.6,-5.1,51.0,9.6,12.0,0.5,0.7,0.5,5.7,11.2,20.7,13.6,51.0,9.6,12.0,0.5,0.7,0.5,17.5,46.5,216.0,118.5,74.0,184.0,12.0,0.5,0.7,0.5,20.0,45.0,215.0,120.0,74.0,185.0,12.0,0.5,0.7,0.5
1974,2,350.0,0.0,27.0,28.05,29.15,28.16,86.0,1.07,14.0,0.5,0.5,0.4,26.38,27.2,28.22,27.35,88.0,1.07,14.0,0.5,0.5,0.4,17.21,18.24,19.63,18.36,75.0,1.57,14.0,0.5,0.5,0.4,73.8,80.8,87.7,81.5,76.0,7.6,14.0,0.5,0.4,2.6,3.6,5.19,3.85,82.0,1.71,14.0,0.5,0.5,0.4,-2.96,-1.26,0.81,-1.0,82.0,2.09,14.0,0.5,0.5,0.4,1.66,2.82,4.71,3.11,82.0,1.65,14.0,0.5,0.5,0.4,1007.69,1009.5,1012.01,1009.75,89.0,2.36,14.0,0.5,0.5,0.4,1.0,4.0,8.0,4.0,86.0,2.7,14.0,0.6,0.5,0.4,-13.6,-3.4,2.5,-5.1,82.0,11.0,14.0,0.5,0.5,0.4,4.3,11.2,24.4,14.3,82.0,12.7,14.0,0.5,0.5,0.4,-0.2,0.6,2.08,0.87,84.0,1.23,14.0,0.5,0.5,0.4,-1.0,2.3,7.7,3.0,77.0,5.1,14.0,0.5,0.5,0.4,3.95,5.35,7.68,5.66,73.0,2.01,14.0,0.5,0.5,0.4,10.7,20.4,29.6,20.1,67.0,9.5,14.0,0.5,0.5,0.4,-82.3,-35.1,22.2,-27.6,81.0,57.3,14.0,0.5,0.5,0.4,44.0,76.2,131.7,85.9,81.0,45.2,14.0,0.5,0.5,0.4,-52.6,-22.3,11.5,-18.3,69.0,38.9,14.0,0.5,0.5,0.4,29.3,49.9,81.7,54.2,69.0,28.7,14.0,0.5,0.5,0.4,-15.4,-5.2,3.7,-5.3,67.0,10.9,14.0,0.5,0.5,0.4,7.3,16.1,25.7,16.3,67.0,9.1,14.0,0.5,0.5,0.4,17.5,46.5,140.5,91.0,82.0,106.5,14.0,0.5,0.5,0.4,20.0,45.0,140.0,90.0,82.0,105.0,14.0,0.5,0.5,0.4
1974,2,350.0,1.0,27.43,28.35,29.67,28.37,22.0,1.26,14.0,0.5,0.4,0.2,27.0,27.4,28.45,27.6,23.0,1.42,14.0,0.5,0.4,0.2,17.8,18.72,19.21,18.69,17.0,1.11,14.0,0.5,0.3,0.2,75.6,81.1,86.1,80.9,19.0,6.9,14.0,0.5,0.2,1.5,2.8,4.93,3.12,22.0,1.65,14.0,0.5,0.4,0.2,-2.31,-0.39,1.02,-0.5,22.0,1.94,14.0,0.5,0.4,0.2,1.37,2.05,3.89,2.56,22.0,1.43,14.0,0.5,0.4,0.2,1007.21,1008.7,1012.18,1009.36,20.0,2.43,14.0,0.5,0.3,0.3,2.3,5.5,8.0,5.4,22.0,2.5,14.0,0.5,0.4,0.2,-9.8,-0.6,2.0,-2.5,22.0,9.0,14.0,0.5,0.4,0.2,2.1,6.0,19.4,10.1,22.0,9.8,14.0,0.5,0.4,0.2,-0.67,1.0,1.6,0.75,22.0,1.27,14.0,0.5,0.4,0.2,-0.9,2.7,5.4,2.6,21.0,4.5,14.0,0.6,0.4,0.2,4.32,5.73,6.89,5.79,16.0,1.52,14.0,0.5,0.3,0.2,12.7,15.6,30.2,18.5,16.0,8.2,14.0,0.5,0.3,0.2,-63.8,-10.7,27.6,-14.7,22.0,53.7,14.0,0.5,0.4,0.2,37.4,59.5,109.7,70.1,22.0,38.4,14.0,0.5,0.4,0.2,-43.2,-4.9,18.7,-6.6,17.0,34.4,14.0,0.5,0.3,0.2,26.3,44.5,73.4,50.9,17.0,26.2,14.0,0.5,0.3,0.2,-10.0,-0.8,5.5,-1.1,16.0,10.7,14.0,0.5,0.3,0.2,9.9,12.8,22.8,15.6,16.0,7.4,14.0,0.5,0.3,0.2,3.5,22.5,121.0,56.0,22.0,70.5,14.0,0.5,0.4,0.2,5.0,20.0,120.0,55.0,22.0,70.0,14.0,0.5,0.4,0.2
1974,2,350.0,2.0,28.33,29.0,30.05,28.86,7.0,1.89,10.0,0.3,0.4,0.1,25.96,27.8,28.57,27.54,7.0,1.62,12.0,0.4,0.5,0.1,18.21,18.7,19.19,18.7,2.0,1.01,12.0,0.5,0.5,0.3,77.4,78.2,79.1,78.2,2.0,1.7,12.0,0.5,0.3,0.79,3.8,5.02,3.12,6.0,2.13,12.0,0.3,0.5,0.1,-4.12,-3.09,-0.27,-2.56,6.0,1.97,12.0,0.3,0.5,0.1,-0.18,1.37,2.72,1.29,6.0,1.57,12.0,0.3,0.5,0.1,1006.26,1007.75,1011.32,1008.67,6.0,2.86,12.0,0.3,0.5,0.1,0.0,2.0,5.0,2.4,7.0,2.6,12.0,0.4,0.3,0.1,-20.9,-11.7,-0.3,-11.4,6.0,10.0,12.0,0.3,0.5,0.1,-0.9,3.7,11.6,5.0,6.0,7.7,12.0,0.3,0.5,0.1,-0.1,1.45,3.21,1.57,6.0,1.78,12.0,0.3,0.5,0.1,-0.4,1.1,7.0,4.0,6.0,8.3,12.0,0.3,0.5,0.1,5.67,6.9,8.12,6.9,2.0,2.54,12.0,0.5,0.5,0.3,10.2,13.5,16.8,13.5,2.0,6.8,12.0,0.5,0.5,0.3,-112.5,-90.4,-7.5,-72.5,6.0,55.5,12.0,0.3,0.5,0.1,-5.1,38.7,79.5,36.4,6.0,44.1,12.0,0.3,0.5,0.1,-51.9,-33.3,-14.8,-33.3,2.0,38.5,12.0,0.5,0.5,0.3,19.8,25.9,32.1,25.9,2.0,12.8,12.0,0.5,0.5,0.3,-13.9,-9.4,-5.0,-9.4,2.0,9.1,12.0,0.5,0.5,0.3,8.3,8.7,9.0,8.7,2.0,0.7,12.0,0.5,0.5,0.3,1.0,55.5,126.5,61.5,6.0,58.0,12.0,0.3,0.5,0.1,0.0,55.0,125.0,60.0,6.0,60.0,12.0,0.3,0.5,0.1
1974,2,350.0,3.0,28.27,28.9,29.24,28.8,7.0,0.73,12.0,0.3,0.6,0.4,25.43,27.4,28.33,26.97,10.0,1.51,18.0,0.4,0.5,0.4,17.63,19.03,19.82,18.94,8.0,1.21,16.0,0.4,0.5,0.5,73.9,83.5,91.2,82.5,8.0,8.2,16.0,0.4,0.5,0.11,1.8,3.04,2.16,8.0,2.26,16.0,0.4,0.5,0.4,-1.16,0.0,0.96,0.55,8.0,2.15,16.0,0.4,0.5,0.4,0.04,1.62,2.64,1.63,8.0,1.57,16.0,0.4,0.5,0.4,1008.99,1010.0,1012.42,1010.54,9.0,1.88,14.0,0.3,0.4,0.5,2.3,5.0,7.7,5.0,9.0,2.4,14.0,0.3,0.5,0.4,-3.0,0.0,1.4,4.0,8.0,13.7,16.0,0.4,0.5,0.4,0.0,3.1,8.0,6.5,8.0,10.5,16.0,0.4,0.5,0.4,0.51,0.8,1.91,1.37,6.0,1.83,14.0,0.3,0.7,0.5,0.5,1.1,13.7,7.6,5.0,15.3,16.0,0.4,0.7,0.4,4.22,5.32,7.05,5.53,5.0,1.59,12.0,0.4,0.7,0.6,6.9,8.0,12.3,9.6,4.0,4.0,12.0,0.5,0.6,0.5,-37.4,0.0,31.6,15.0,7.0,59.4,18.0,0.4,0.5,0.4,9.2,58.4,79.0,50.4,7.0,39.6,18.0,0.4,0.5,0.4,-27.0,0.0,17.6,-3.7,5.0,22.5,14.0,0.4,0.5,0.5,16.0,36.0,46.8,31.5,5.0,17.5,14.0,0.4,0.5,0.5,-2.4,2.2,5.5,1.6,4.0,4.9,12.0,0.5,0.6,0.5,3.8,6.6,11.8,7.7,4.0,5.6,12.0,0.5,0.6,0.5,0.0,6.5,28.5,50.5,8.0,118.5,16.0,0.4,0.5,0.4,0.0,5.0,30.0,50.0,8.0,120.0,16.0,0.4,0.5,0.4
1974,2,350.0,4.0,27.58,28.1,29.03,28.37,26.0,1.17,14.0,0.4,0.7,0.7,26.68,28.0,28.35,27.72,25.0,0.89,16.0,0.4,0.7,0.7,17.8,19.62,20.33,19.28,16.0,1.46,14.0,0.4,0.6,0.6,77.6,83.0,91.9,83.9,16.0,6.2,14.0,0.4,0.6,1.67,3.3,5.07,3.35,22.0,1.98,14.0,0.5,0.7,0.7,-0.82,0.61,3.43,0.92,22.0,2.3,14.0,0.5,0.7,0.7,-1.78,1.15,3.82,1.26,22.0,2.8,14.0,0.5,0.7,0.7,1006.94,1009.3,1010.99,1009.15,27.0,1.86,14.0,0.4,0.7,0.7,2.7,7.0,8.0,5.8,24.0,2.6,14.0,0.5,0.7,0.7,-2.3,0.8,14.5,3.2,22.0,12.4,14.0,0.5,0.7,0.7,-5.8,2.6,15.1,7.0,22.0,16.3,14.0,0.5,0.7,0.7,-0.27,0.3,1.4,0.48,24.0,0.94,16.0,0.4,0.7,0.7,-0.7,0.3,5.3,2.3,19.0,5.3,14.0,0.4,0.7,0.7,2.88,4.36,5.88,4.39,15.0,1.65,14.0,0.4,0.6,0.6,1.8,13.2,24.6,13.7,13.0,11.2,14.0,0.5,0.6,0.6,-35.2,17.5,71.1,23.3,20.0,63.2,14.0,0.4,0.7,0.7,-45.2,31.6,97.9,36.3,20.0,74.9,14.0,0.4,0.7,0.7,-24.4,8.8,44.9,6.8,14.0,45.0,14.0,0.4,0.6,0.6,-26.7,15.6,64.7,24.2,14.0,48.9,14.0,0.4,0.6,0.6,-7.5,1.8,7.5,1.9,13.0,10.1,14.0,0.5,0.6,0.6,-0.6,2.5,22.6,8.1,13.0,12.3,14.0,0.5,0.6,0.6,5.0,37.0,130.0,78.0,22.0,123.5,14.0,0.5,0.7,0.7,5.0,35.0,130.0,80.0,22.0,125.0,14.0,0.5,0.7,0.7
1974,2,350.0,5.0,27.08,28.0,29.5,28.21,35.0,1.29,16.0,0.4,0.4,0.2,26.84,27.5,28.8,27.71,35.0,1.23,16.0,0.4,0.4,0.2,17.95,19.04,19.9,19.09,15.0,1.11,16.0,0.4,0.3,0.2,79.0,81.5,85.8,82.0,18.0,3.4,16.0,0.5,0.2,1.0,3.0,4.33,2.86,29.0,1.77,16.0,0.4,0.4,0.2,-1.0,1.03,3.0,1.17,29.0,2.3,16.0,0.4,0.4,0.2,-1.85,-0.45,2.39,-0.28,29.0,2.19,16.0,0.4,0.4,0.2,1007.76,1009.7,1012.49,1010.03,31.0,2.6,16.0,0.4,0.4,0.2,2.0,6.0,8.0,5.4,29.0,2.8,16.0,0.4,0.4,0.2,-2.9,2.8,13.4,5.6,29.0,11.5,16.0,0.4,0.4,0.2,-5.7,-0.5,7.3,-1.3,29.0,10.1,16.0,0.4,0.4,0.2,-0.75,0.5,1.53,0.46,34.0,1.69,16.0,0.4,0.4,0.2,-2.3,0.0,5.8,1.2,27.0,5.0,16.0,0.4,0.4,0.2,3.78,4.91,5.9,4.74,15.0,1.25,16.0,0.4,0.3,0.2,0.0,11.5,20.5,11.1,12.0,9.2,16.0,0.4,0.4,0.1,-32.0,25.6,89.8,31.6,28.0,63.7,16.0,0.5,0.4,0.2,-49.6,-6.2,68.5,-6.0,28.0,62.0,16.0,0.5,0.4,0.2,-18.1,5.1,31.6,6.3,12.0,28.9,16.0,0.4,0.4,0.1,-36.1,0.0,61.1,0.5,12.0,55.5,16.0,0.4,0.4,0.1,-5.4,1.0,8.2,1.0,12.0,7.4,16.0,0.4,0.4,0.1,-9.8,0.0,13.4,0.8,12.0,12.7,16.0,0.4,0.4,0.1,1.0,27.0,82.5,50.5,29.0,80.5,16.0,0.4,0.4,0.2,0.0,25.0,85.0,50.0,29.0,80.0,16.0,0.4,0.4,0.2
1974,2,350.0,31.0,,,,,,,,,,,,,,,,,,,,,,,,,,,,,,,,,,,,,,,,3.48,6.45,9.42,6.45,2.0,6.15,16.0,0.0,0.1,0.9,-1.26,0.05,1.36,0.05,2.0,2.72,16.0,0.0,0.1,0.9,-9.06,-5.68,-2.29,-5.68,2.0,7.01,16.0,0.0,0.1,0.9,1025.91,1029.15,1032.39,1029.15,2.0,6.72,16.0,0.0,0.1,0.9,,,,,,,,,,,,,,,,,,,,,,,,,,,,,,,,,,,,,,,,,,,,,,,,,,,,,,,,,,,,,,,,,,,,,,,,,,,,,,,,,,,,,,,,,,,,,,,,,,,,,,,,,,,,,,,,,,,,,,,,,,,,,,,,,,,,,,,,,,,,,,,,,,,,,,
1974,2,350.0,32.0,16.0,17.0,17.99,16.75,58.0,1.14,16.0,0.5,0.4,0.5,13.04,15.6,17.96,15.61,59.0,2.25,16.0,0.5,0.4,0.5,6.84,9.49,10.41,8.96,16.0,1.59,18.0,0.7,0.4,0.5,67.5,77.8,86.9,77.2,16.0,8.6,18.0,0.7,0.5,3.89,6.85,11.22,7.17,56.0,4.08,16.0,0.5,0.4,0.5,-4.63,-0.91,4.53,-0.37,56.0,5.38,16.0,0.5,0.4,0.5,-7.06,-3.83,2.48,-3.16,56.0,5.45,16.0,0.5,0.4,0.5,1014.27,1020.65,1025.2,1019.96,60.0,5.31,16.0,0.5,0.4,0.5,0.0,2.0,6.0,3.0,55.0,2.6,16.0,0.6,0.4,0.5,-33.3,-2.6,34.6,1.4,56.0,64.4,16.0,0.5,0.4,0.5,-60.1,-19.2,13.3,-31.5,56.0,69.9,16.0,0.5,0.4,0.5,-1.0,0.55,4.28,1.14,56.0,2.55,16.0,0.5,0.4,0.5,-6.2,2.4,32.1,9.9,52.0,23.1,16.0,0.5,0.4,0.5,2.1,2.69,4.48,3.22,15.0,1.44,18.0,0.7,0.4,0.5,7.2,14.0,40.2,22.3,14.0,22.1,18.0,0.6,0.4,0.5,-74.6,-12.7,66.6,-7.9,54.0,80.9,16.0,0.5,0.4,0.5,-115.7,-62.9,42.7,-44.9,54.0,86.0,16.0,0.5,0.4,0.5,-42.1,-7.0,28.4,-11.3,15.0,37.7,18.0,0.7,0.5,0.5,-60.6,-13.4,15.7,-23.9,15.0,41.3,18.0,0.7,0.5,0.5,-13.8,-4.9,8.1,-4.5,14.0,19.6,18.0,0.6,0.4,0.5,-16.5,-6.3,5.1,-11.6,14.0,21.8,18.0,0.6,0.4,0.5,59.5,322.0,1415.5,766.5,56.0,1234.0,16.0,0.5,0.4,0.5,60.0,320.0,1415.0,765.0,56.0,1235.0,16.0,0.5,0.4,0.5
1974,2,350.0,33.0,16.0,17.0,18.0,17.03,45.0,1.22,10.0,0.4,0.7,0.3,14.3,15.8,17.3,15.74,45.0,1.5,10.0,0.4,0.7,0.3,6.99,8.36,9.53,8.28,16.0,1.55,8.0,0.4,0.8,0.2,61.2,70.6,81.8,72.1,16.0,10.7,8.0,0.4,0.2,2.6,5.05,9.9,6.05,42.0,3.83,10.0,0.4,0.7,0.3,-3.67,0.26,4.89,0.63,42.0,4.3,10.0,0.4,0.7,0.3,-9.18,-2.44,1.47,-3.24,42.0,4.76,10.0,0.4,0.7,0.3,1019.46,1022.15,1027.95,1022.54,44.0,5.36,10.0,0.4,0.7,0.3,1.0,4.0,6.0,3.9,42.0,2.5,10.0,0.4,0.7,0.3,-23.3,0.8,33.1,5.4,42.0,41.7,10.0,0.4,0.7,0.3,-91.5,-6.4,6.8,-32.0,42.0,58.0,10.0,0.4,0.7,0.3,-0.21,1.0,3.01,1.29,45.0,1.66,10.0,0.4,0.7,0.3,-1.1,3.7,15.7,7.9,42.0,15.4,10.0,0.4,0.7,0.3,2.48,4.16,5.27,3.78,16.0,1.39,8.0,0.4,0.8,0.2,8.9,12.8,41.8,22.5,15.0,16.3,8.0,0.4,0.8,0.3,-65.4,3.7,79.6,10.0,42.0,69.0,10.0,0.4,0.7,0.3,-128.4,-40.3,22.8,-49.9,42.0,73.4,10.0,0.4,0.7,0.3,-17.4,8.4,42.4,13.4,15.0,33.4,8.0,0.4,0.8,0.3,-61.8,-19.4,10.9,-24.7,15.0,36.6,8.0,0.4,0.8,0.3,-10.4,1.3,14.8,3.5,15.0,16.1,8.0,0.4,0.8,0.3,-31.1,-7.3,5.4,-12.7,15.0,19.0,8.0,0.4,0.8,0.3,17.5,129.0,970.0,519.5,42.0,902.0,10.0,0.4,0.7,0.3,20.0,130.0,970.0,520.0,42.0,900.0,10.0,0.4,0.7,0.3
1974,2,350.0,34.0,16.0,17.0,17.75,16.77,23.0,1.2,14.0,0.4,0.5,0.4,14.0,15.0,17.11,15.16,24.0,1.66,14.0,0.5,0.6,0.4,6.24,6.63,8.61,7.28,9.0,1.25,14.0,0.3,0.5,0.4,62.0,69.0,79.4,70.3,9.0,8.3,14.0,0.3,0.4,3.49,7.0,12.36,7.67,23.0,4.16,14.0,0.4,0.6,0.4,-2.66,0.72,5.25,0.82,23.0,4.25,14.0,0.4,0.6,0.4,-10.14,-4.79,2.86,-3.45,23.0,6.89,14.0,0.4,0.6,0.4,1016.65,1020.7,1024.8,1020.31,23.0,4.34,14.0,0.4,0.6,0.4,3.0,6.0,6.5,4.9,23.0,2.1,14.0,0.5,0.5,0.4,-21.5,1.6,36.0,9.2,23.0,45.7,14.0,0.4,0.6,0.4,-105.7,-31.5,17.4,-31.9,23.0,81.7,14.0,0.4,0.6,0.4,-0.55,1.6,3.2,1.42,23.0,1.81,14.0,0.4,0.5,0.4,-1.6,9.2,24.7,10.9,22.0,16.9,14.0,0.4,0.5,0.4,2.94,4.82,5.52,4.49,8.0,1.3,12.0,0.3,0.4,0.4,1.2,22.8,61.9,29.6,8.0,27.7,12.0,0.3,0.4,0.4,-40.5,10.6,89.9,12.8,23.0,65.2,14.0,0.4,0.6,0.4,-143.0,-70.9,46.4,-45.6,23.0,109.4,14.0,0.4,0.6,0.4,-8.1,0.0,11.2,5.3,9.0,18.0,14.0,0.3,0.5,0.4,-78.4,-30.3,0.0,-32.3,9.0,42.8,14.0,0.3,0.5,0.4,-7.5,0.0,10.2,1.2,8.0,8.1,12.0,0.3,0.4,0.4,-61.0,-18.1,0.0,-25.6,8.0,30.9,12.0,0.3,0.4,0.4,45.0,343.0,1899.0,818.0,23.0,894.5,14.0,0.4,0.6,0.4,45.0,345.0,1900.0,820.0,23.0,895.0,14.0,0.4,0.6,0.4
1974,2,350.0,35.0,15.0,16.0,17.98,16.29,33.0,1.33,14.0,0.5,0.6,0.5,14.08,15.1,16.38,15.14,35.0,1.92,14.0,0.5,0.6,0.5,6.6,7.99,9.92,8.15,13.0,1.62,12.0,0.5,0.8,0.5,63.2,77.0,89.1,76.8,13.0,12.0,12.0,0.5,0.5,3.34,7.7,11.61,7.62,34.0,3.74,14.0,0.5,0.6,0.5,-4.85,1.56,6.36,0.58,34.0,5.77,14.0,0.5,0.6,0.5,-9.01,-2.6,2.83,-2.97,34.0,5.58,14.0,0.5,0.6,0.5,1014.94,1020.0,1026.16,1020.51,35.0,5.05,14.0,0.5,0.6,0.5,2.1,5.0,7.0,4.5,33.0,2.5,14.0,0.5,0.6,0.5,-40.5,8.7,54.5,2.5,34.0,60.7,14.0,0.5,0.6,0.5,-81.7,-9.9,18.6,-30.1,34.0,67.0,14.0,0.5,0.6,0.5,-0.68,1.0,2.68,1.02,33.0,1.89,14.0,0.5,0.6,0.5,-3.8,7.2,22.7,8.5,32.0,20.1,16.0,0.5,0.7,0.5,1.37,3.43,4.57,3.07,12.0,1.72,12.0,0.6,0.7,0.5,2.8,22.0,38.8,24.0,12.0,24.5,12.0,0.6,0.7,0.5,-69.3,21.4,88.8,5.5,34.0,90.0,14.0,0.5,0.6,0.5,-143.6,-39.0,41.4,-42.8,34.0,79.1,14.0,0.5,0.6,0.5,-23.1,0.0,36.1,7.1,13.0,37.8,12.0,0.5,0.8,0.5,-78.4,-26.8,0.0,-35.3,13.0,35.0,12.0,0.5,0.8,0.5,-4.8,0.0,20.8,4.5,12.0,12.7,12.0,0.6,0.7,0.5,-38.5,-15.1,0.0,-20.4,12.0,24.3,12.0,0.6,0.7,0.5,39.0,456.5,1569.0,763.5,34.0,915.0,14.0,0.5,0.6,0.5,40.0,455.0,1570.0,765.0,34.0,915.0,14.0,0.5,0.6,0.5
1974,2,350.0,36.0,13.59,15.0,17.0,15.1,40.0,1.63,16.0,0.4,0.7,0.6,13.61,14.8,15.54,14.6,44.0,1.57,16.0,0.3,0.7,0.6,6.41,7.61,9.67,7.92,21.0,1.5,14.0,0.5,0.7,0.6,65.1,77.3,88.8,76.7,21.0,10.5,14.0,0.5,0.6,4.19,7.85,13.31,8.95,40.0,4.56,16.0,0.4,0.7,0.6,-2.01,3.45,8.81,3.55,40.0,5.84,16.0,0.4,0.7,0.6,-8.36,-5.75,0.56,-4.34,40.0,6.04,16.0,0.4,0.7,0.6,1016.1,1020.4,1023.54,1020.08,42.0,4.36,16.0,0.3,0.7,0.6,0.0,3.0,7.3,3.5,43.0,3.1,16.0,0.3,0.7,0.7,-5.8,20.1,112.6,45.6,40.0,89.9,16.0,0.4,0.7,0.6,-88.5,-40.5,2.3,-45.2,40.0,87.4,16.0,0.4,0.7,0.6,-0.87,1.0,2.0,0.57,40.0,1.66,16.0,0.4,0.7,0.6,-3.3,7.0,19.2,6.0,36.0,15.4,16.0,0.4,0.7,0.6,1.25,3.3,3.98,2.82,21.0,1.58,14.0,0.5,0.7,0.6,7.8,18.6,33.4,21.4,20.0,16.3,14.0,0.6,0.7,0.6,-26.8,52.6,131.9,51.5,40.0,87.4,16.0,0.4,0.7,0.6,-126.3,-85.9,8.4,-58.7,40.0,84.7,16.0,0.4,0.7,0.6,-13.7,16.2,72.6,25.8,20.0,45.3,14.0,0.6,0.7,0.6,-58.5,-39.9,-2.4,-32.7,20.0,43.3,14.0,0.6,0.7,0.6,-4.0,0.6,17.9,6.6,20.0,15.0,14.0,0.6,0.7,0.6,-25.2,-13.6,0.0,-14.2,20.0,16.3,14.0,0.6,0.7,0.6,74.5,484.5,2357.0,1320.0,40.0,1894.5,16.0,0.4,0.7,0.6,75.0,485.0,2355.0,1320.0,40.0,1895.0,16.0,0.4,0.7,0.6
1974,2,350.0,37.0,13.98,15.0,16.0,14.77,132.0,1.21,16.0,0.4,0.7,0.5,12.4,14.0,15.2,13.93,136.0,1.62,16.0,0.3,0.7,0.5,5.92,7.05,8.68,7.32,57.0,1.46,14.0,0.3,0.7,0.5,64.6,73.4,86.7,73.5,59.0,10.6,14.0,0.3,0.5,4.1,9.0,14.0,9.18,137.0,4.32,16.0,0.3,0.7,0.5,-0.11,2.67,8.14,2.99,137.0,4.95,16.0,0.3,0.7,0.5,-12.75,-5.1,0.0,-5.24,137.0,6.51,16.0,0.3,0.7,0.5,1015.5,1019.2,1024.2,1019.85,138.0,4.54,16.0,0.3,0.7,0.5,0.0,4.0,7.0,3.6,129.0,2.9,16.0,0.4,0.7,0.5,-0.2,21.0,87.6,34.4,137.0,62.1,16.0,0.3,0.7,0.5,-164.9,-36.0,0.0,-60.2,137.0,93.9,16.0,0.3,0.7,0.5,-0.5,0.8,2.0,0.82,128.0,1.75,16.0,0.4,0.7,0.5,-3.9,4.6,21.7,9.1,125.0,21.0,16.0,0.4,0.7,0.5,1.78,3.06,4.23,3.06,56.0,1.18,14.0,0.3,0.7,0.5,9.8,24.4,50.0,27.4,55.0,19.1,14.0,0.3,0.7,0.5,-4.5,38.7,117.0,42.9,133.0,70.1,16.0,0.3,0.7,0.5,-160.8,-71.8,0.0,-68.7,133.0,88.5,16.0,0.3,0.7,0.5,-4.7,15.9,68.9,22.8,56.0,38.4,14.0,0.3,0.7,0.5,-78.6,-37.9,0.0,-35.1,56.0,43.0,14.0,0.3,0.7,0.5,-1.1,7.0,23.0,7.4,55.0,16.6,14.0,0.3,0.7,0.5,-44.7,-12.2,0.0,-18.5,55.0,21.2,14.0,0.3,0.7,0.5,69.0,729.0,2744.0,1289.5,137.0,1411.5,16.0,0.3,0.7,0.5,70.0,730.0,2745.0,1290.0,137.0,1410.0,16.0,0.3,0.7,0.5
1974,2,350.0,38.0,13.0,14.5,16.0,14.48,125.0,1.26,16.0,0.3,0.4,0.4,12.0,13.5,14.91,13.4,130.0,1.63,16.0,0.3,0.4,0.4,5.27,6.78,8.47,6.9,61.0,1.34,16.0,0.4,0.4,0.4,63.5,71.6,84.8,72.5,61.0,11.4,16.0,0.4,0.4,3.1,8.2,15.4,9.18,127.0,5.1,16.0,0.3,0.4,0.4,-1.34,2.46,7.88,2.86,127.0,5.34,16.0,0.3,0.4,0.4,-12.9,-5.36,0.0,-5.62,127.0,6.5,16.0,0.3,0.4,0.4,1015.5,1019.9,1023.8,1019.52,134.0,4.58,16.0,0.3,0.4,0.4,0.0,4.0,8.0,3.7,121.0,3.1,16.0,0.4,0.4,0.4,-6.2,15.4,87.6,38.3,127.0,75.6,16.0,0.3,0.4,0.4,-180.5,-41.1,0.0,-70.1,127.0,102.7,16.0,0.3,0.4,0.4,-0.8,1.0,2.79,1.0,121.0,1.84,16.0,0.3,0.4,0.4,-4.9,4.7,28.0,10.6,115.0,20.3,16.0,0.3,0.4,0.4,2.16,3.34,4.78,3.32,59.0,1.33,16.0,0.4,0.4,0.4,9.0,27.5,48.8,31.0,57.0,23.9,16.0,0.4,0.4,0.4,-17.6,32.5,109.5,41.1,123.0,74.7,16.0,0.3,0.4,0.4,-163.7,-71.3,0.0,-69.9,123.0,85.6,16.0,0.3,0.4,0.4,-14.5,11.8,62.2,17.0,59.0,46.7,16.0,0.4,0.4,0.4,-75.3,-36.8,-5.2,-35.7,59.0,42.8,16.0,0.4,0.4,0.4,-9.1,6.7,25.9,7.4,57.0,19.7,16.0,0.4,0.4,0.4,-46.8,-16.4,-2.1,-23.0,57.0,23.8,16.0,0.4,0.4,0.4,30.0,551.5,3652.5,1512.5,127.0,1866.5,16.0,0.3,0.4,0.4,30.0,550.0,3650.0,1510.0,127.0,1865.0,16.0,0.3,0.4,0.4
1974,2,350.0,39.0,13.0,14.0,15.2,14.18,108.0,1.21,14.0,0.3,0.3,0.4,11.85,13.2,14.6,13.17,119.0,1.5,14.0,0.3,0.3,0.4,5.34,6.36,7.6,6.49,44.0,1.15,16.0,0.3,0.3,0.4,59.2,68.4,80.2,68.8,44.0,11.1,16.0,0.3,0.4,4.0,8.1,14.0,8.97,116.0,4.86,14.0,0.3,0.3,0.4,-2.22,2.62,9.47,3.14,116.0,5.34,14.0,0.3,0.3,0.4,-10.95,-4.61,2.05,-4.09,116.0,7.03,14.0,0.3,0.3,0.4,1015.81,1019.8,1025.0,1019.64,119.0,5.18,14.0,0.3,0.3,0.4,0.0,4.0,7.0,3.9,104.0,2.9,16.0,0.4,0.3,0.4,-15.5,20.3,122.9,37.7,116.0,69.2,14.0,0.3,0.3,0.4,-156.7,-27.9,11.5,-50.7,116.0,107.1,14.0,0.3,0.3,0.4,-0.6,1.0,2.67,0.94,107.0,1.78,14.0,0.3,0.3,0.4,-2.8,4.9,21.7,9.4,104.0,18.2,14.0,0.3,0.3,0.4,1.98,3.42,4.38,3.33,43.0,1.13,16.0,0.3,0.3,0.4,7.4,24.5,50.6,27.0,41.0,18.8,16.0,0.3,0.3,0.4,-27.9,34.0,129.9,43.8,115.0,69.3,14.0,0.3,0.3,0.4,-138.6,-55.2,30.3,-49.5,115.0,91.1,14.0,0.3,0.3,0.4,-4.8,14.2,61.4,20.9,42.0,33.0,16.0,0.3,0.3,0.4,-57.1,-32.2,0.0,-30.1,42.0,35.4,16.0,0.3,0.3,0.4,-2.9,7.9,27.5,10.2,41.0,18.0,16.0,0.3,0.3,0.4,-29.7,-15.9,0.0,-16.1,41.0,20.0,16.0,0.3,0.3,0.4,64.0,531.5,2744.0,1379.0,116.0,1816.5,14.0,0.3,0.3,0.4,65.0,530.0,2745.0,1380.0,116.0,1815.0,14.0,0.3,0.3,0.4
1974,2,350.0,40.0,12.6,13.8,15.0,13.78,100.0,1.2,16.0,0.2,0.4,0.4,11.33,12.5,14.0,12.66,104.0,1.59,16.0,0.2,0.4,0.4,5.51,6.3,7.57,6.44,61.0,1.06,16.0,0.3,0.4,0.4,60.9,71.7,84.8,72.0,61.0,10.9,16.0,0.3,0.4,4.6,9.3,14.9,9.58,103.0,4.89,16.0,0.2,0.4,0.4,-2.3,2.59,7.55,2.93,103.0,5.58,16.0,0.2,0.4,0.4,-12.88,-4.93,3.23,-4.67,103.0,7.4,16.0,0.2,0.4,0.4,1014.73,1019.15,1022.73,1018.77,106.0,4.77,16.0,0.2,0.4,0.4,0.0,5.0,8.0,4.2,98.0,3.1,16.0,0.2,0.4,0.4,-14.7,19.9,95.7,38.5,103.0,82.4,16.0,0.2,0.4,0.4,-174.9,-38.9,17.8,-62.3,103.0,113.1,16.0,0.2,0.4,0.4,-0.56,0.95,2.7,1.08,98.0,1.68,16.0,0.2,0.4,0.4,-5.4,5.5,35.5,11.2,95.0,18.6,16.0,0.2,0.4,0.4,1.94,3.34,4.14,3.2,59.0,1.13,16.0,0.3,0.4,0.4,10.0,27.6,62.5,31.6,57.0,22.3,16.0,0.3,0.4,0.4,-33.8,30.9,100.9,35.7,101.0,72.0,16.0,0.2,0.4,0.4,-153.6,-60.6,35.9,-57.1,101.0,95.8,16.0,0.2,0.4,0.4,-16.1,14.3,47.2,17.3,59.0,36.5,16.0,0.3,0.4,0.4,-76.6,-35.7,12.1,-34.0,59.0,47.2,16.0,0.3,0.4,0.4,-6.5,5.0,24.9,8.6,57.0,20.5,16.0,0.3,0.4,0.4,-40.8,-15.4,4.0,-18.8,57.0,25.6,16.0,0.3,0.4,0.4,97.5,804.5,3308.0,1608.5,103.0,2164.5,16.0,0.2,0.4,0.4,95.0,805.0,3310.0,1610.0,103.0,2165.0,16.0,0.2,0.4,0.4
1974,2,350.0,41.0,12.5,13.4,14.92,13.58,98.0,1.11,16.0,0.4,0.4,0.5,11.0,12.0,14.0,12.34,107.0,1.74,16.0,0.4,0.4,0.5,5.08,6.45,7.78,6.44,60.0,1.37,16.0,0.5,0.4,0.5,62.3,75.1,83.0,73.3,60.0,11.5,16.0,0.5,0.5,3.27,10.15,15.4,9.83,104.0,5.34,16.0,0.4,0.4,0.5,-1.88,2.65,9.24,3.02,104.0,5.79,16.0,0.4,0.4,0.5,-13.12,-2.47,4.54,-3.65,104.0,8.36,16.0,0.4,0.4,0.5,1013.5,1018.7,1023.0,1018.24,107.0,5.5,16.0,0.4,0.4,0.5,0.0,5.0,8.0,4.3,100.0,2.8,16.0,0.5,0.4,0.5,-9.8,25.2,123.9,41.6,104.0,82.3,16.0,0.4,0.4,0.5,-187.3,-9.2,35.4,-56.4,104.0,127.6,16.0,0.4,0.4,0.5,-0.76,1.2,2.96,1.21,98.0,2.02,16.0,0.4,0.4,0.5,-3.8,7.4,32.3,14.0,95.0,25.3,16.0,0.4,0.4,0.5,1.58,3.14,4.51,3.08,58.0,1.57,16.0,0.6,0.4,0.5,10.2,22.0,55.0,30.7,57.0,25.9,16.0,0.5,0.4,0.6,-22.8,32.3,104.7,38.8,104.0,70.3,16.0,0.4,0.4,0.5,-146.1,-30.5,63.4,-40.1,104.0,102.8,16.0,0.4,0.4,0.5,-13.3,22.8,48.5,20.8,59.0,36.8,16.0,0.5,0.4,0.5,-73.1,-10.4,37.5,-17.7,59.0,58.8,16.0,0.5,0.4,0.5,-6.5,6.2,26.1,8.9,57.0,22.9,16.0,0.5,0.4,0.6,-40.6,-7.6,10.4,-14.9,57.0,28.3,16.0,0.5,0.4,0.6,35.5,1046.5,3652.5,1793.5,104.0,2113.5,16.0,0.4,0.4,0.5,35.0,1045.0,3650.0,1795.0,104.0,2115.0,16.0,0.4,0.4,0.5
1974,2,350.0,42.0,12.0,13.0,14.0,13.04,159.0,1.19,14.0,0.3,0.4,0.5,10.6,12.0,14.0,12.3,169.0,1.7,16.0,0.3,0.4,0.5,5.35,6.21,8.19,6.57,116.0,1.27,16.0,0.3,0.3,0.5,64.8,74.4,86.3,74.3,116.0,10.4,16.0,0.3,0.5,5.21,10.3,15.4,10.73,166.0,5.19,16.0,0.3,0.4,0.5,-3.86,3.33,12.29,3.52,166.0,8.0,16.0,0.3,0.4,0.5,-9.61,-1.27,7.66,-1.18,166.0,8.05,16.0,0.3,0.4,0.5,1012.59,1019.0,1024.3,1017.94,171.0,7.41,16.0,0.3,0.4,0.5,0.0,5.0,8.0,4.4,165.0,3.0,16.0,0.3,0.4,0.5,-43.0,21.5,181.5,53.2,166.0,130.8,16.0,0.3,0.4,0.5,-119.2,-4.0,96.9,-12.5,166.0,122.3,16.0,0.3,0.4,0.5,-1.0,0.7,2.4,0.73,156.0,1.81,14.0,0.3,0.4,0.5,-8.9,5.2,28.2,8.7,153.0,23.4,14.0,0.3,0.4,0.5,1.11,2.94,3.82,2.67,113.0,1.28,16.0,0.3,0.3,0.5,10.2,24.8,52.9,28.9,110.0,21.0,16.0,0.3,0.3,0.5,-42.8,44.7,154.0,48.1,163.0,97.2,16.0,0.3,0.4,0.5,-112.0,-15.6,104.4,-8.8,163.0,101.1,16.0,0.3,0.4,0.5,-24.2,20.4,83.4,25.6,113.0,54.5,16.0,0.3,0.3,0.5,-60.1,0.0,65.3,-0.6,113.0,57.1,16.0,0.3,0.3,0.5,-10.5,1.8,28.6,7.5,110.0,24.4,16.0,0.3,0.3,0.5,-31.9,-0.1,12.8,-6.3,110.0,24.3,16.0,0.3,0.3,0.5,142.5,1092.5,3652.5,2124.5,166.0,2639.0,16.0,0.3,0.4,0.5,140.0,1095.0,3650.0,2125.0,166.0,2640.0,16.0,0.3,0.4,0.5
1974,2,350.0,43.0,11.62,12.4,14.0,12.6,219.0,1.14,16.0,0.3,0.6,0.4,10.1,11.5,13.0,11.6,234.0,1.45,16.0,0.3,0.6,0.4,5.25,6.25,7.91,6.49,176.0,1.23,16.0,0.3,0.6,0.4,65.6,77.4,87.6,76.7,179.0,11.1,16.0,0.3,0.4,7.0,12.0,17.5,12.11,230.0,4.87,16.0,0.3,0.6,0.4,-7.74,4.04,11.86,2.93,230.0,8.99,16.0,0.3,0.6,0.4,-10.15,-2.37,8.29,-1.27,230.0,8.94,16.0,0.3,0.6,0.4,1008.05,1018.6,1025.0,1016.76,233.0,8.11,16.0,0.3,0.6,0.4,2.0,6.0,8.0,5.3,223.0,2.7,16.0,0.3,0.6,0.4,-76.8,32.6,185.2,50.6,230.0,140.5,16.0,0.3,0.6,0.4,-125.9,-14.7,100.6,-11.0,230.0,150.7,16.0,0.3,0.6,0.4,-0.64,0.9,2.5,1.0,219.0,1.75,16.0,0.3,0.6,0.4,-6.8,7.0,28.2,11.1,214.0,23.9,16.0,0.3,0.6,0.4,1.24,2.66,3.72,2.53,172.0,1.22,16.0,0.3,0.6,0.4,11.7,24.9,50.4,29.1,169.0,19.0,16.0,0.3,0.6,0.4,-85.5,50.0,145.5,36.3,228.0,105.0,16.0,0.3,0.6,0.4,-116.5,-27.0,97.6,-10.1,228.0,107.9,16.0,0.3,0.6,0.4,-45.7,22.3,81.8,21.9,172.0,59.9,16.0,0.3,0.6,0.4,-58.8,-14.8,66.5,-1.8,172.0,63.5,16.0,0.3,0.6,0.4,-18.9,3.4,27.8,4.1,169.0,26.0,16.0,0.3,0.6,0.4,-27.9,-6.7,9.8,-8.2,169.0,21.3,16.0,0.3,0.6,0.4,343.0,1728.0,5359.5,2657.0,230.0,2928.5,16.0,0.3,0.6,0.4,345.0,1730.0,5360.0,2655.0,230.0,2930.0,16.0,0.3,0.6,0.4
1974,2,350.0,44.0,11.05,12.0,13.16,12.22,67.0,1.08,14.0,0.4,0.7,0.4,10.0,11.0,12.5,11.23,77.0,1.4,14.0,0.4,0.7,0.4,4.75,6.0,8.02,6.29,60.0,1.41,14.0,0.4,0.7,0.4,61.7,74.5,88.3,74.7,61.0,12.8,14.0,0.4,0.4,8.2,12.3,19.0,13.13,77.0,5.64,14.0,0.4,0.7,0.4,-6.57,6.45,17.15,5.5,77.0,9.98,14.0,0.4,0.7,0.4,-10.57,-1.42,7.48,-1.63,77.0,8.58,14.0,0.4,0.7,0.4,1004.38,1018.85,1026.22,1015.74,76.0,10.62,14.0,0.4,0.7,0.4,3.1,6.0,8.0,5.8,77.0,2.1,14.0,0.4,0.7,0.4,-62.0,66.3,301.5,104.6,77.0,192.3,14.0,0.4,0.7,0.4,-127.5,-7.8,113.6,-13.7,77.0,142.9,14.0,0.4,0.7,0.4,-0.5,0.9,2.51,0.94,67.0,1.65,14.0,0.4,0.7,0.4,-7.9,8.3,32.9,11.1,65.0,23.5,14.0,0.4,0.7,0.4,0.74,3.03,3.82,2.49,56.0,1.41,14.0,0.4,0.7,0.4,7.7,28.4,52.7,30.1,54.0,22.9,14.0,0.4,0.7,0.4,-71.8,75.5,188.9,65.1,75.0,115.3,14.0,0.4,0.7,0.4,-113.6,-14.2,91.4,-14.8,75.0,97.4,14.0,0.4,0.7,0.4,-37.6,36.9,117.1,42.5,58.0,69.9,14.0,0.4,0.7,0.4,-56.8,-4.0,61.8,0.2,58.0,57.0,14.0,0.4,0.7,0.4,-11.3,5.0,34.8,9.3,54.0,27.8,14.0,0.4,0.7,0.4,-33.7,-1.0,10.2,-8.4,54.0,22.7,14.0,0.4,0.7,0.4,551.5,1861.0,6859.0,3553.0,77.0,4216.0,14.0,0.4,0.7,0.4,550.0,1860.0,6860.0,3555.0,77.0,4215.0,14.0,0.4,0.7,0.4
1974,2,350.0,45.0,11.22,12.0,13.69,12.24,34.0,1.26,12.0,0.1,0.7,0.5,9.17,11.0,12.8,10.98,38.0,1.87,12.0,0.2,0.7,0.5,4.68,6.02,8.24,6.22,21.0,1.54,14.0,0.1,0.7,0.6,63.0,78.0,96.1,78.0,22.0,14.6,14.0,0.1,0.6,9.22,16.75,20.16,15.41,38.0,5.81,12.0,0.2,0.7,0.5,-1.96,12.32,19.14,10.48,38.0,9.47,12.0,0.2,0.7,0.5,-10.93,0.0,6.93,-0.06,38.0,8.66,12.0,0.2,0.7,0.5,1000.58,1007.5,1023.11,1010.45,36.0,11.24,12.0,0.2,0.7,0.5,4.0,7.0,8.0,6.1,35.0,2.1,12.0,0.2,0.7,0.5,-13.8,188.8,366.5,206.0,38.0,211.5,12.0,0.2,0.7,0.5,-142.2,0.0,85.2,5.9,38.0,147.9,12.0,0.2,0.7,0.5,-0.25,1.1,3.51,1.36,34.0,1.84,12.0,0.1,0.7,0.5,-3.2,14.8,67.1,22.8,34.0,34.2,12.0,0.1,0.7,0.5,1.0,3.05,3.83,2.55,19.0,1.46,14.0,0.2,0.7,0.6,7.4,33.1,62.1,36.5,19.0,30.2,14.0,0.2,0.7,0.6,-20.2,124.8,229.2,112.8,38.0,105.9,12.0,0.2,0.7,0.5,-106.4,0.0,89.1,4.7,38.0,98.6,12.0,0.2,0.7,0.5,-18.6,50.6,122.0,52.5,21.0,61.4,14.0,0.1,0.7,0.6,-65.6,0.0,42.6,-5.7,21.0,55.7,14.0,0.1,0.7,0.6,-4.6,11.7,39.8,21.5,19.0,33.0,14.0,0.2,0.7,0.6,-33.4,-0.2,8.4,-10.1,19.0,25.2,14.0,0.2,0.7,0.6,785.5,4702.5,8200.0,5202.5,38.0,5178.5,12.0,0.2,0.7,0.5,785.0,4705.0,8200.0,5200.0,38.0,5180.0,12.0,0.2,0.7,0.5
1974,2,350.0,46.0,10.86,11.6,12.3,11.57,50.0,0.97,12.0,0.3,0.6,0.5,9.52,10.45,12.0,10.61,54.0,1.41,12.0,0.3,0.5,0.5,5.02,6.34,7.58,6.31,42.0,1.15,14.0,0.3,0.5,0.5,67.6,80.6,89.5,79.0,43.0,11.9,14.0,0.3,0.5,5.1,11.4,18.91,12.35,52.0,6.06,12.0,0.3,0.6,0.5,-3.46,6.11,15.17,7.1,52.0,9.13,12.0,0.3,0.6,0.5,-6.87,0.81,8.75,1.04,52.0,7.49,12.0,0.3,0.6,0.5,996.68,1011.0,1024.85,1010.09,53.0,11.98,12.0,0.3,0.5,0.5,4.6,7.0,8.0,6.7,49.0,1.7,14.0,0.3,0.6,0.5,-19.3,69.1,285.3,125.3,52.0,173.6,12.0,0.3,0.6,0.5,-74.9,2.9,89.4,20.7,52.0,127.2,12.0,0.3,0.6,0.5,-0.53,1.05,2.37,0.9,50.0,1.72,12.0,0.3,0.6,0.5,-6.8,9.8,27.0,11.3,49.0,27.5,12.0,0.3,0.6,0.5,0.87,2.51,3.38,2.16,40.0,1.23,14.0,0.3,0.6,0.5,8.3,22.5,38.4,23.7,40.0,18.2,14.0,0.3,0.6,0.5,-32.1,65.7,178.0,73.8,52.0,94.0,12.0,0.3,0.6,0.5,-77.0,8.2,88.7,13.9,52.0,84.3,12.0,0.3,0.6,0.5,-25.2,31.3,104.4,39.8,42.0,58.9,14.0,0.3,0.5,0.5,-43.2,-1.7,42.1,5.2,42.0,50.4,14.0,0.3,0.5,0.5,-12.3,6.2,29.8,8.5,40.0,23.3,14.0,0.3,0.6,0.5,-19.6,-3.5,6.9,-5.4,40.0,16.1,14.0,0.3,0.6,0.5,132.5,1487.0,6763.0,3267.0,52.0,3923.5,12.0,0.3,0.6,0.5,135.0,1485.0,6765.0,3265.0,52.0,3925.0,12.0,0.3,0.6,0.5
1974,2,350.0,47.0,11.0,11.2,12.0,11.34,82.0,0.85,16.0,0.5,0.6,0.4,9.46,10.2,11.32,10.37,93.0,1.09,16.0,0.5,0.6,0.4,5.04,5.69,7.41,6.12,75.0,1.14,16.0,0.5,0.6,0.4,67.4,77.0,89.1,78.7,75.0,10.7,16.0,0.5,0.4,5.1,9.3,18.0,11.06,91.0,6.12,16.0,0.5,0.6,0.4,-5.67,3.12,14.6,3.88,91.0,9.22,16.0,0.5,0.6,0.4,-8.28,-2.8,5.73,-2.1,91.0,7.51,16.0,0.5,0.6,0.4,1002.03,1021.4,1032.5,1018.46,92.0,13.81,16.0,0.5,0.6,0.4,3.0,6.0,8.0,5.6,85.0,2.3,16.0,0.5,0.6,0.4,-36.1,16.2,249.7,85.5,91.0,167.2,16.0,0.5,0.6,0.4,-106.1,-16.7,70.7,-21.3,91.0,134.6,16.0,0.5,0.6,0.4,0.0,1.0,2.0,0.95,82.0,1.3,16.0,0.5,0.6,0.4,0.0,8.2,21.2,9.8,81.0,19.4,16.0,0.5,0.6,0.4,1.13,2.48,3.22,2.22,69.0,1.13,18.0,0.5,0.6,0.4,8.1,16.7,33.2,22.0,69.0,20.3,18.0,0.5,0.6,0.4,-57.1,33.7,149.5,40.7,91.0,93.3,16.0,0.5,0.6,0.4,-81.3,-31.4,60.8,-17.8,91.0,80.1,16.0,0.5,0.6,0.4,-30.9,8.3,89.8,24.7,74.0,56.3,16.0,0.5,0.6,0.4,-46.6,-13.2,44.0,-6.7,74.0,51.6,16.0,0.5,0.6,0.4,-14.7,-0.5,18.6,3.0,69.0,23.3,18.0,0.5,0.6,0.4,-18.8,-5.7,0.9,-8.8,69.0,16.5,18.0,0.5,0.6,0.4,132.5,804.5,5832.0,2750.5,91.0,4157.0,16.0,0.5,0.6,0.4,135.0,805.0,5830.0,2750.0,91.0,4155.0,16.0,0.5,0.6,0.4
1974,2,350.0,48.0,10.0,11.0,11.99,11.16,27.0,1.1,20.0,0.3,0.7,0.4,8.86,10.0,11.03,9.98,37.0,1.29,18.0,0.2,0.7,0.4,5.1,6.28,7.18,6.21,24.0,1.04,16.0,0.1,0.8,0.4,71.4,80.1,92.0,80.8,24.0,10.6,16.0,0.1,0.4,5.0,10.05,16.72,10.61,36.0,5.81,18.0,0.3,0.7,0.4,-5.34,2.09,11.2,2.7,36.0,7.73,18.0,0.3,0.7,0.4,-11.17,-0.84,5.82,-1.46,36.0,8.94,18.0,0.3,0.7,0.4,997.08,1017.55,1031.0,1015.28,36.0,17.59,18.0,0.2,0.7,0.4,4.0,6.0,8.0,6.0,35.0,1.8,18.0,0.3,0.7,0.4,-31.1,11.6,181.4,56.9,36.0,124.0,18.0,0.3,0.7,0.4,-144.1,-2.2,63.2,-17.7,36.0,147.0,18.0,0.3,0.7,0.4,0.0,1.3,2.4,1.32,27.0,1.89,20.0,0.3,0.7,0.4,0.0,11.5,34.3,16.9,26.0,26.8,20.0,0.3,0.7,0.4,0.78,1.85,3.25,2.0,19.0,1.08,18.0,0.2,0.7,0.4,7.8,18.3,40.6,23.9,18.0,18.8,18.0,0.2,0.7,0.4,-47.3,22.5,106.3,28.4,36.0,75.7,18.0,0.3,0.7,0.4,-100.1,-7.5,61.7,-13.2,36.0,90.7,18.0,0.3,0.7,0.4,-21.7,20.5,95.7,30.6,23.0,51.2,16.0,0.1,0.8,0.4,-64.6,0.0,32.8,-8.6,23.0,55.3,16.0,0.1,0.8,0.4,-11.8,4.0,20.5,4.5,18.0,20.1,18.0,0.2,0.7,0.4,-35.2,-1.8,6.6,-9.3,18.0,21.0,18.0,0.2,0.7,0.4,125.0,1017.0,4679.5,2293.0,36.0,2956.0,18.0,0.3,0.7,0.4,125.0,1015.0,4680.0,2295.0,36.0,2955.0,18.0,0.3,0.7,0.4
1974,2,350.0,49.0,9.67,10.95,11.43,10.64,22.0,1.39,14.0,0.3,0.5,0.5,8.0,9.9,11.0,9.43,28.0,1.66,14.0,0.3,0.5,0.5,4.93,6.3,7.19,6.19,26.0,1.16,14.0,0.3,0.5,0.5,66.2,87.0,96.6,83.8,26.0,12.6,14.0,0.3,0.5,4.24,8.45,17.57,10.1,28.0,6.39,14.0,0.3,0.5,0.5,-0.37,6.3,12.16,6.09,28.0,6.8,14.0,0.3,0.5,0.5,-2.71,0.0,11.67,2.25,28.0,7.53,14.0,0.3,0.5,0.5,990.6,1008.5,1029.9,1009.19,27.0,19.2,14.0,0.3,0.5,0.5,4.0,7.0,8.0,5.8,27.0,2.5,14.0,0.3,0.5,0.5,-0.6,59.4,168.2,93.3,28.0,128.6,14.0,0.3,0.5,0.5,-22.8,0.0,179.9,36.9,28.0,131.5,14.0,0.3,0.5,0.5,-0.97,0.8,2.83,0.97,22.0,2.22,14.0,0.3,0.5,0.5,-7.0,4.0,26.5,6.4,22.0,21.4,14.0,0.3,0.5,0.5,0.16,1.56,3.3,1.79,21.0,1.41,14.0,0.3,0.5,0.5,0.3,10.3,24.8,12.2,21.0,13.0,14.0,0.3,0.5,0.5,-2.9,60.6,108.1,56.1,28.0,64.9,14.0,0.3,0.5,0.5,-25.9,0.0,103.5,26.1,28.0,71.1,14.0,0.3,0.5,0.5,-3.3,43.6,85.0,40.8,26.0,43.2,14.0,0.3,0.5,0.5,-18.7,0.0,68.4,13.5,26.0,52.9,14.0,0.3,0.5,0.5,-2.5,3.6,21.5,6.9,21.0,14.9,14.0,0.3,0.5,0.5,-5.1,0.0,3.9,0.5,21.0,7.1,14.0,0.3,0.5,0.5,77.0,605.0,5450.5,2340.0,28.0,3404.5,14.0,0.3,0.5,0.5,75.0,605.0,5450.0,2340.0,28.0,3405.0,14.0,0.3,0.5,0.5
1974,2,350.0,50.0,9.29,10.0,11.3,10.2,11.0,1.32,20.0,0.5,0.5,0.3,7.69,9.0,11.71,9.51,15.0,2.31,18.0,0.5,0.5,0.3,4.91,5.44,6.94,5.81,10.0,1.19,18.0,0.3,0.5,0.4,70.4,79.8,91.4,79.7,10.0,12.6,18.0,0.3,0.4,4.6,6.2,16.11,9.62,15.0,6.28,18.0,0.5,0.5,0.3,-4.7,4.0,11.43,3.73,15.0,7.5,18.0,0.5,0.5,0.3,-2.6,0.8,7.69,2.83,15.0,7.67,18.0,0.5,0.5,0.3,992.23,1019.3,1030.04,1014.54,14.0,17.24,16.0,0.5,0.5,0.3,3.7,7.0,8.0,6.3,15.0,2.2,18.0,0.5,0.5,0.3,-24.6,32.0,155.2,70.3,15.0,113.2,18.0,0.5,0.5,0.3,-8.6,3.7,88.0,51.1,15.0,150.4,18.0,0.5,0.5,0.3,-0.27,1.5,3.18,1.02,11.0,2.55,20.0,0.5,0.5,0.3,-3.1,6.8,16.9,7.9,11.0,19.0,20.0,0.5,0.5,0.3,0.64,1.72,2.42,1.71,8.0,0.97,20.0,0.4,0.5,0.3,6.9,8.6,13.9,10.2,8.0,3.5,20.0,0.4,0.5,0.3,-38.0,47.2,117.9,37.2,15.0,70.7,18.0,0.5,0.5,0.3,-21.6,6.8,79.4,33.9,15.0,78.3,18.0,0.5,0.5,0.3,-25.3,0.7,79.1,19.8,10.0,51.0,18.0,0.3,0.5,0.4,-4.6,2.3,80.1,31.1,10.0,62.9,18.0,0.3,0.5,0.4,-13.3,-6.5,3.9,-4.8,8.0,8.4,20.0,0.4,0.5,0.3,-1.2,3.5,8.5,3.4,8.0,4.5,20.0,0.4,0.5,0.3,97.5,238.5,4310.5,2156.5,15.0,3711.0,18.0,0.5,0.5,0.3,95.0,240.0,4310.0,2155.0,15.0,3710.0,18.0,0.5,0.5,0.3
1974,2,350.0,51.0,8.47,10.0,12.05,10.31,7.0,1.86,16.0,0.3,0.7,0.3,7.34,8.5,10.82,8.96,7.0,1.93,16.0,0.3,0.7,0.3,4.18,4.65,5.96,5.12,5.0,1.61,14.0,0.4,0.7,0.2,64.5,70.7,82.8,74.4,5.0,14.1,14.0,0.4,0.2,4.9,8.7,11.02,8.43,7.0,4.5,16.0,0.3,0.7,0.3,-1.09,3.28,8.79,3.73,7.0,5.23,16.0,0.3,0.7,0.3,-4.11,0.0,10.85,1.47,7.0,7.55,16.0,0.3,0.7,0.3,993.89,1020.8,1028.8,1014.67,7.0,23.22,16.0,0.3,0.7,0.3,2.0,5.0,7.0,4.7,7.0,2.8,16.0,0.3,0.7,0.3,-2.2,16.7,84.7,42.1,7.0,62.5,16.0,0.3,0.7,0.3,-31.6,0.0,119.7,29.1,7.0,89.2,16.0,0.3,0.7,0.3,0.45,1.6,2.41,1.36,7.0,1.12,16.0,0.3,0.7,0.3,1.1,10.4,19.5,8.7,7.0,10.6,16.0,0.3,0.7,0.3,1.35,2.79,3.14,2.27,5.0,1.48,14.0,0.4,0.7,0.2,0.6,18.9,22.1,12.7,5.0,12.2,14.0,0.4,0.7,0.2,-7.0,27.9,89.1,37.5,7.0,50.2,16.0,0.3,0.7,0.3,-34.5,0.0,121.2,22.7,7.0,74.3,16.0,0.3,0.7,0.3,-7.5,14.3,55.4,23.4,5.0,37.4,14.0,0.4,0.7,0.2,-24.7,-15.4,34.1,4.6,5.0,51.5,14.0,0.4,0.7,0.2,-4.8,-2.1,14.9,3.7,5.0,11.7,14.0,0.4,0.7,0.2,-17.5,-7.1,-1.6,-9.4,5.0,9.3,14.0,0.4,0.7,0.2,126.5,658.5,1374.0,1024.0,7.0,1233.0,16.0,0.3,0.7,0.3,125.0,660.0,1375.0,1025.0,7.0,1235.0,16.0,0.3,0.7,0.3
1974,2,350.0,54.0,9.4,9.4,9.4,9.4,2.0,0.0,16.0,0.5,0.1,0.9,7.79,8.2,8.61,8.2,2.0,0.85,16.0,0.5,0.1,0.9,4.63,5.46,6.3,5.46,2.0,1.73,16.0,0.5,0.1,0.9,70.2,78.9,87.5,78.9,2.0,17.9,16.0,0.5,0.9,3.32,5.95,8.58,5.95,2.0,5.44,16.0,0.5,0.1,0.9,-4.18,-2.63,-1.08,-2.63,2.0,3.21,16.0,0.5,0.1,0.9,3.09,5.28,7.47,5.28,2.0,4.54,16.0,0.5,0.1,0.9,980.17,996.45,1012.73,996.45,2.0,33.73,16.0,0.5,0.1,0.9,6.2,6.5,6.8,6.5,2.0,0.7,16.0,0.5,0.1,0.9,-40.5,-24.4,-8.3,-24.4,2.0,33.4,16.0,0.5,0.1,0.9,16.9,43.8,70.7,43.8,2.0,55.7,16.0,0.5,0.1,0.9,0.79,1.2,1.61,1.2,2.0,0.85,16.0,0.5,0.1,0.9,4.1,4.8,5.5,4.8,2.0,1.5,16.0,0.5,0.1,0.9,1.25,1.97,2.68,1.97,2.0,1.47,16.0,0.5,0.1,0.9,6.8,7.7,8.6,7.7,2.0,1.9,16.0,0.5,0.1,0.9,-36.7,-22.9,-9.2,-22.9,2.0,28.5,16.0,0.5,0.1,0.9,25.1,45.2,65.3,45.2,2.0,41.7,16.0,0.5,0.1,0.9,-27.8,-17.1,-6.5,-17.1,2.0,22.1,16.0,0.5,0.1,0.9,16.4,32.7,49.1,32.7,2.0,33.9,16.0,0.5,0.1,0.9,-4.0,-2.8,-1.6,-2.8,2.0,2.4,16.0,0.5,0.1,0.9,6.5,7.0,7.6,7.0,2.0,1.1,16.0,0.5,0.1,0.9,157.0,475.0,793.5,475.0,2.0,659.0,16.0,0.5,0.1,0.9,155.0,475.0,795.0,475.0,2.0,660.0,16.0,0.5,0.1,0.9
1974,2,350.0,55.0,8.94,9.15,9.41,9.24,10.0,0.48,18.0,0.6,0.6,0.1,6.84,7.65,9.11,7.97,10.0,1.19,18.0,0.6,0.6,0.1,4.15,5.39,6.01,5.13,9.0,1.04,16.0,0.7,0.6,0.1,65.5,76.0,88.0,76.9,9.0,11.2,16.0,0.7,0.1,3.37,10.0,15.4,9.1,9.0,6.35,18.0,0.7,0.6,0.1,-5.96,-3.14,0.0,-2.99,9.0,3.32,18.0,0.7,0.6,0.1,2.71,10.0,14.17,8.29,9.0,5.92,18.0,0.7,0.6,0.1,975.73,1002.55,1021.41,999.84,10.0,23.66,18.0,0.6,0.6,0.1,6.0,7.0,7.6,6.7,10.0,0.9,18.0,0.6,0.6,0.1,-98.4,-12.9,0.0,-42.6,9.0,50.4,18.0,0.7,0.6,0.1,9.5,100.0,218.1,108.6,9.0,108.2,18.0,0.7,0.6,0.1,0.16,1.6,2.26,1.27,10.0,1.41,18.0,0.6,0.6,0.1,-0.3,6.8,18.4,8.7,9.0,15.5,18.0,0.7,0.6,0.1,1.52,1.82,3.18,2.25,9.0,0.99,16.0,0.7,0.6,0.1,7.9,11.2,23.5,14.9,8.0,10.4,16.0,0.8,0.6,0.1,-50.7,-21.7,0.0,-23.8,9.0,26.6,18.0,0.7,0.6,0.1,18.6,92.0,110.4,68.3,9.0,47.6,18.0,0.7,0.6,0.1,-39.0,-22.5,0.0,-20.0,8.0,20.0,16.0,0.8,0.6,0.1,11.0,46.8,86.2,46.8,8.0,38.7,16.0,0.8,0.6,0.1,-10.7,-6.8,0.0,-5.2,8.0,5.7,16.0,0.8,0.6,0.1,7.3,9.6,21.9,13.3,8.0,9.8,16.0,0.8,0.6,0.1,40.5,1000.0,3652.5,1722.5,9.0,2013.0,18.0,0.7,0.6,0.1,40.0,1000.0,3650.0,1725.0,9.0,2015.0,18.0,0.7,0.6,0.1
1974,2,350.0,56.0,9.0,9.3,9.59,9.25,11.0,0.59,14.0,0.5,0.6,0.3,7.12,8.35,9.7,8.34,12.0,1.87,14.0,0.6,0.6,0.3,5.98,6.17,6.72,6.37,5.0,0.6,16.0,0.6,0.7,0.3,86.5,89.1,94.2,90.4,5.0,5.9,16.0,0.6,0.3,2.47,10.8,14.93,8.39,12.0,5.67,14.0,0.6,0.6,0.3,-3.96,-0.53,10.89,2.04,12.0,8.12,14.0,0.6,0.6,0.3,0.0,2.15,5.48,3.61,12.0,4.94,14.0,0.6,0.6,0.3,977.15,985.1,1019.43,992.28,12.0,21.61,14.0,0.6,0.6,0.3,5.4,7.0,8.0,6.8,10.0,1.1,16.0,0.7,0.6,0.2,-36.0,-1.6,120.5,30.8,12.0,100.2,14.0,0.6,0.6,0.3,0.0,14.6,78.3,45.2,12.0,77.3,14.0,0.6,0.6,0.3,-0.4,1.2,2.71,0.96,11.0,2.33,14.0,0.5,0.6,0.3,-1.8,3.1,40.6,15.4,11.0,24.8,14.0,0.5,0.6,0.3,0.64,1.2,1.54,1.04,5.0,0.72,16.0,0.6,0.7,0.3,1.1,3.3,4.3,2.6,5.0,2.8,16.0,0.6,0.7,0.3,-33.1,-4.5,97.6,17.5,12.0,66.3,14.0,0.6,0.6,0.3,0.0,17.9,37.2,25.8,12.0,32.1,14.0,0.6,0.6,0.3,-14.2,-8.0,27.4,8.4,5.0,43.6,16.0,0.6,0.7,0.3,8.0,14.7,16.0,11.8,5.0,7.9,16.0,0.6,0.7,0.3,-3.2,-2.3,-1.6,-2.4,5.0,0.8,16.0,0.6,0.7,0.3,-0.5,2.6,3.3,1.8,5.0,2.2,16.0,0.6,0.7,0.3,15.5,1259.5,3325.0,1304.5,12.0,1380.0,14.0,0.6,0.6,0.3,15.0,1260.0,3325.0,1305.0,12.0,1380.0,14.0,0.6,0.6,0.3
1974,2,350.0,57.0,9.0,9.1,9.25,9.13,4.0,0.15,14.0,0.3,0.5,0.6,7.38,8.0,8.29,7.73,6.0,1.45,10.0,0.3,0.5,0.5,5.29,5.29,5.29,5.29,1.0,0.0,24.0,0.0,0.5,0.3,74.0,74.0,74.0,74.0,1.0,0.0,24.0,0.0,0.3,5.9,11.0,15.02,10.39,7.0,4.33,10.0,0.4,0.5,0.5,-4.57,1.91,3.59,-0.07,7.0,6.02,10.0,0.4,0.5,0.5,-0.42,9.9,11.71,5.74,7.0,8.36,10.0,0.4,0.5,0.5,957.74,982.0,1023.94,986.06,7.0,30.7,10.0,0.4,0.5,0.5,7.6,8.0,8.0,7.7,6.0,0.8,10.0,0.5,0.5,0.4,-58.0,14.1,36.1,-15.6,7.0,79.2,10.0,0.4,0.5,0.5,-3.8,119.2,155.7,80.5,7.0,106.3,10.0,0.4,0.5,0.5,0.42,1.1,2.67,1.53,4.0,1.75,14.0,0.3,0.5,0.6,2.0,7.9,36.7,18.8,4.0,27.9,14.0,0.3,0.5,0.6,1.82,1.82,1.82,1.82,1.0,0.0,24.0,0.0,0.5,0.3,10.9,10.9,10.9,10.9,1.0,0.0,24.0,0.0,0.5,0.3,-46.2,14.2,33.6,-2.6,6.0,53.6,10.0,0.3,0.5,0.5,12.7,76.5,87.9,58.0,6.0,39.6,10.0,0.3,0.5,0.5,31.8,31.8,31.8,31.8,1.0,0.0,24.0,0.0,0.5,0.3,0.0,0.0,0.0,0.0,1.0,0.0,24.0,0.0,0.5,0.3,10.9,10.9,10.9,10.9,1.0,0.0,24.0,0.0,0.5,0.3,0.0,0.0,0.0,0.0,1.0,0.0,24.0,0.0,0.5,0.3,208.5,1331.0,3388.5,1604.0,7.0,1445.5,10.0,0.4,0.5,0.5,210.0,1330.0,3390.0,1605.0,7.0,1445.0,10.0,0.4,0.5,0.5
1974,2,350.0,58.0,9.19,10.0,10.0,9.66,5.0,0.48,16.0,0.2,0.6,0.3,4.92,5.8,7.28,6.23,6.0,1.81,18.0,0.2,0.6,0.3,4.95,5.01,5.07,5.01,2.0,0.12,22.0,0.0,0.5,0.3,84.1,86.8,89.4,86.8,2.0,5.5,22.0,0.0,0.3,12.97,15.0,19.05,15.68,6.0,4.71,18.0,0.2,0.6,0.3,-14.83,0.78,8.85,-1.72,6.0,11.96,18.0,0.2,0.6,0.3,0.0,7.93,15.77,8.8,6.0,8.81,18.0,0.2,0.6,0.3,975.74,993.55,1006.25,992.22,6.0,18.95,18.0,0.2,0.6,0.3,7.8,8.0,8.0,7.8,6.0,0.4,18.0,0.2,0.6,0.3,-222.4,7.0,136.6,-34.7,6.0,190.6,18.0,0.2,0.6,0.3,0.0,88.9,286.1,155.5,6.0,202.4,18.0,0.2,0.6,0.3,1.83,3.5,4.51,3.2,5.0,1.82,16.0,0.2,0.6,0.3,25.4,49.0,73.6,49.9,5.0,33.1,16.0,0.2,0.6,0.3,2.36,2.6,2.84,2.6,2.0,0.49,22.0,0.0,0.5,0.3,52.2,52.6,52.9,52.6,2.0,0.8,22.0,0.0,0.5,0.3,-84.5,3.9,56.2,-1.7,6.0,77.6,18.0,0.2,0.6,0.3,0.0,55.4,88.0,56.0,6.0,57.4,18.0,0.2,0.6,0.3,-74.6,-44.3,-14.1,-44.3,2.0,62.7,22.0,0.0,0.5,0.3,18.7,58.9,99.1,58.9,2.0,83.3,22.0,0.0,0.5,0.3,-44.7,-26.6,-8.4,-26.6,2.0,37.6,22.0,0.0,0.5,0.3,8.3,26.0,43.8,26.0,2.0,36.8,22.0,0.0,0.5,0.3,2328.0,3420.0,7173.0,4745.0,6.0,4079.5,18.0,0.2,0.6,0.3,2330.0,3420.0,7175.0,4745.0,6.0,4080.0,18.0,0.2,0.6,0.3
1974,2,350.0,59.0,8.66,8.9,9.18,8.94,5.0,0.35,18.0,0.4,0.4,0.4,6.69,7.8,9.0,7.82,5.0,1.18,18.0,0.4,0.4,0.4,5.04,5.76,6.49,5.77,4.0,0.84,16.0,0.5,0.4,0.2,83.1,86.0,92.1,87.6,4.0,6.1,16.0,0.5,0.2,8.85,12.3,15.9,12.0,5.0,4.63,18.0,0.4,0.4,0.4,-9.47,-5.44,6.98,-1.95,5.0,9.56,18.0,0.4,0.4,0.4,-0.72,2.14,14.2,5.78,5.0,7.97,18.0,0.4,0.4,0.4,977.63,1011.0,1018.0,1001.36,5.0,23.0,18.0,0.4,0.4,0.4,4.0,7.0,8.0,6.2,5.0,2.0,18.0,0.4,0.4,0.4,-134.7,-86.5,59.4,-43.0,5.0,114.8,18.0,0.4,0.4,0.4,-8.1,26.3,225.7,92.1,5.0,125.6,18.0,0.4,0.4,0.4,0.32,0.8,2.14,1.12,5.0,0.98,18.0,0.4,0.4,0.4,1.5,9.8,34.0,16.1,5.0,16.9,18.0,0.4,0.4,0.4,0.77,1.42,1.99,1.38,4.0,0.71,16.0,0.5,0.4,0.2,9.0,20.5,31.6,20.3,4.0,13.0,16.0,0.5,0.4,0.2,-67.3,-37.0,62.9,-8.3,5.0,78.0,18.0,0.4,0.4,0.4,-6.4,16.7,93.9,38.0,5.0,54.1,18.0,0.4,0.4,0.4,-60.4,-33.7,24.7,-18.6,4.0,64.3,16.0,0.5,0.4,0.2,0.0,41.7,72.5,36.5,4.0,42.9,16.0,0.5,0.4,0.2,-13.3,-9.5,1.5,-6.1,4.0,11.1,16.0,0.5,0.4,0.2,-0.3,14.0,28.6,14.2,4.0,16.7,16.0,0.5,0.4,0.2,951.5,1861.0,4019.5,2288.0,5.0,1710.0,18.0,0.4,0.4,0.4,950.0,1860.0,4020.0,2290.0,5.0,1710.0,18.0,0.4,0.4,0.4
1974,2,350.0,60.0,7.63,7.7,7.77,7.7,2.0,0.14,26.0,0.0,0.6,0.4,5.81,7.0,8.0,6.41,7.0,2.11,16.0,0.7,0.7,0.6,5.04,5.3,5.57,5.3,2.0,0.56,26.0,0.0,0.6,0.4,83.0,84.7,86.4,84.7,2.0,3.5,26.0,0.0,0.4,6.7,13.9,19.74,13.8,6.0,7.04,18.0,0.7,0.7,0.6,-5.52,-0.58,5.64,0.32,6.0,10.67,18.0,0.7,0.7,0.6,-10.51,-3.3,8.92,-1.23,6.0,12.74,18.0,0.7,0.7,0.6,979.58,993.4,1006.47,990.62,6.0,18.11,14.0,0.7,0.6,0.5,6.0,8.0,8.0,7.1,7.0,1.1,16.0,0.7,0.7,0.6,-91.3,-3.9,82.9,-1.3,6.0,212.6,18.0,0.7,0.7,0.6,-145.3,-22.1,108.0,-18.9,6.0,241.5,18.0,0.7,0.7,0.6,0.31,0.75,1.19,0.75,2.0,0.92,26.0,0.0,0.6,0.4,5.7,13.9,22.1,13.9,2.0,17.0,26.0,0.0,0.6,0.4,1.01,1.28,1.54,1.28,2.0,0.55,26.0,0.0,0.6,0.4,19.1,23.9,28.7,23.9,2.0,9.9,26.0,0.0,0.6,0.4,-35.7,-1.2,38.2,3.5,6.0,65.6,18.0,0.7,0.7,0.6,-70.0,-6.6,70.2,3.1,6.0,87.9,18.0,0.7,0.7,0.6,14.4,45.4,76.4,45.4,2.0,64.3,26.0,0.0,0.6,0.4,17.2,54.1,91.1,54.1,2.0,76.6,26.0,0.0,0.6,0.4,4.9,15.4,26.0,15.4,2.0,21.8,26.0,0.0,0.6,0.4,2.7,8.4,14.2,8.4,2.0,11.9,26.0,0.0,0.6,0.4,301.0,3568.0,7826.5,4356.5,6.0,4633.0,18.0,0.7,0.7,0.6,300.0,3570.0,7825.0,4355.0,6.0,4635.0,18.0,0.7,0.7,0.6
1974,2,350.0,61.0,,,,,,,,,,,,,,,,,,,,,,,,,,,,,,,,,,,,,,,,13.17,19.0,21.85,17.9,5.0,6.36,12.0,0.8,0.5,0.4,-13.82,-7.7,10.36,-2.83,5.0,12.71,12.0,0.8,0.5,0.4,-16.94,-12.21,5.32,-6.84,5.0,14.52,12.0,0.8,0.5,0.4,978.82,984.0,988.71,983.68,5.0,8.4,12.0,0.8,0.5,0.4,,,,,,,,,,,,,,,,,,,,,,,,,,,,,,,,,,,,,,,,,,,,,,,,,,,,,,,,,,,,,,,,,,,,,,,,,,,,,,,,,,,,,,,,,,,,,,,,,,,,,,,,,,,,,,,,,,,,,,,,,,,,,,,,,,,,,,,,,,,,,,,,,,,,,,
1974,2,350.0,62.0,6.52,7.4,8.29,7.32,5.0,1.42,4.0,0.4,0.7,0.6,1.82,4.0,7.85,4.51,12.0,2.82,12.0,0.5,0.6,0.4,5.15,5.22,5.3,5.22,2.0,0.16,2.0,0.0,0.6,0.4,84.4,87.5,90.5,87.5,2.0,6.4,2.0,0.0,0.4,6.17,10.8,14.26,11.57,12.0,6.44,12.0,0.7,0.5,0.5,-9.64,-4.89,1.18,-4.03,12.0,6.18,12.0,0.7,0.5,0.5,-11.81,0.81,5.26,-2.78,12.0,11.1,12.0,0.7,0.5,0.5,989.95,997.8,1015.23,1001.12,13.0,11.91,12.0,0.5,0.5,0.5,7.1,8.0,8.0,7.6,14.0,0.7,12.0,0.6,0.5,0.4,-132.5,-60.4,11.0,-54.1,12.0,76.3,12.0,0.7,0.5,0.5,-182.0,3.2,40.6,-86.1,12.0,234.4,12.0,0.7,0.5,0.5,0.05,0.2,2.35,1.3,5.0,2.69,4.0,0.4,0.7,0.6,1.0,1.6,64.8,31.5,4.0,60.3,4.0,0.5,0.6,0.7,0.5,0.78,1.06,0.78,2.0,0.58,2.0,0.0,0.6,0.4,11.1,11.1,11.1,11.1,1.0,0.0,2.0,0.0,0.5,0.7,-40.1,-9.1,15.7,-13.2,10.0,31.4,12.0,0.6,0.5,0.5,-19.4,2.4,51.0,8.3,10.0,37.2,12.0,0.6,0.5,0.5,-49.6,-49.6,-49.6,-49.6,1.0,0.0,2.0,0.0,0.5,0.7,0.0,0.0,0.0,0.0,1.0,0.0,2.0,0.0,0.5,0.7,-11.1,-11.1,-11.1,-11.1,1.0,0.0,2.0,0.0,0.5,0.7,0.0,0.0,0.0,0.0,1.0,0.0,2.0,0.0,0.5,0.7,249.0,1332.5,3422.0,3129.0,12.0,5501.5,12.0,0.7,0.5,0.5,250.0,1335.0,3420.0,3130.0,12.0,5500.0,12.0,0.7,0.5,0.5
1974,2,350.0,63.0,6.13,6.4,6.54,6.33,3.0,0.31,22.0,0.7,0.7,0.4,5.59,6.75,7.6,6.45,6.0,1.35,24.0,0.5,0.8,0.5,5.42,5.43,5.44,5.43,2.0,0.02,24.0,1.0,0.7,0.1,83.6,83.6,83.6,83.6,2.0,0.0,24.0,1.0,0.1,7.07,15.15,19.0,14.16,8.0,6.33,20.0,0.6,0.8,0.4,-6.24,4.4,7.49,1.71,8.0,6.79,20.0,0.6,0.8,0.4,4.6,14.01,17.75,12.39,8.0,6.67,20.0,0.6,0.8,0.4,1001.21,1009.8,1013.88,1007.54,5.0,8.09,22.0,0.6,0.8,0.4,6.1,7.5,8.0,6.9,8.0,1.7,20.0,0.6,0.8,0.4,-115.5,27.6,107.0,9.2,8.0,119.6,20.0,0.6,0.8,0.4,32.8,223.3,336.3,212.1,8.0,169.8,20.0,0.6,0.8,0.4,-1.14,-1.0,-0.66,-0.9,3.0,0.36,22.0,0.7,0.7,0.4,-20.8,-19.0,-9.4,-15.2,3.0,8.9,22.0,0.7,0.7,0.4,0.57,0.6,0.63,0.6,2.0,0.06,24.0,1.0,0.7,0.1,10.3,11.1,11.8,11.1,2.0,1.5,24.0,1.0,0.7,0.1,-32.9,10.4,54.4,11.2,6.0,50.7,24.0,0.5,0.8,0.5,65.3,103.0,127.7,95.9,6.0,36.5,24.0,0.5,0.8,0.5,36.2,42.5,48.8,42.5,2.0,13.0,24.0,1.0,0.7,0.1,89.8,90.5,91.3,90.5,2.0,1.5,24.0,1.0,0.7,0.1,3.8,4.7,5.7,4.7,2.0,1.9,24.0,1.0,0.7,0.1,9.5,9.9,10.3,9.9,2.0,0.8,24.0,1.0,0.7,0.1,378.5,3846.5,6859.0,4305.0,8.0,4100.0,20.0,0.6,0.8,0.4,380.0,3845.0,6860.0,4305.0,8.0,4100.0,20.0,0.6,0.8,0.4
1974,2,350.0,64.0,,,,,,,,,,,,,,,,,,,,,,,,,,,,,,,,,,,,,,,,9.3,12.6,19.74,14.23,6.0,5.42,16.0,0.7,0.6,0.3,-8.67,-6.81,-1.78,-5.98,6.0,4.34,16.0,0.7,0.6,0.3,-10.0,-2.99,18.55,1.85,6.0,14.37,16.0,0.7,0.6,0.3,979.27,1004.8,1005.82,992.83,3.0,22.04,10.0,0.3,0.8,0.4,,,,,,,,,,,,,,,,,,,,,,,,,,,,,,,,,,,,,,,,,,,,,,,,,,,,,,,,,,,,,,,,,,,,,,,,,,,,,,,,,,,,,,,,,,,,,,,,,,,,,,,,,,,,,,,,,,,,,,,,,,,,,,,,,,,,,,,,,,,,,,,,,,,,,,
1974,2,350.0,65.0,,,,,,,,,,,,,,,,,,,,,,,,,,,,,,,,,,,,,,,,11.2,12.3,12.3,11.7,5.0,1.34,12.0,0.8,0.9,0.2,-5.27,-2.14,-1.36,-3.12,5.0,2.69,12.0,0.8,0.9,0.2,-12.18,-12.11,-9.52,-10.81,5.0,2.72,12.0,0.8,0.9,0.2,1004.7,1005.5,1006.65,1005.6,5.0,1.15,12.0,0.8,0.9,0.2,,,,,,,,,,,,,,,,,,,,,,,,,,,,,,,,,,,,,,,,,,,,,,,,,,,,,,,,,,,,,,,,,,,,,,,,,,,,,,,,,,,,,,,,,,,,,,,,,,,,,,,,,,,,,,,,,,,,,,,,,,,,,,,,,,,,,,,,,,,,,,,,,,,,,,
1974,2,350.0,66.0,,,,,,,,,,,,,,,,,,,,,,,,,,,,,,,,,,,,,,,,9.63,11.15,12.3,10.98,4.0,1.56,12.0,0.3,0.7,0.3,-4.54,0.0,0.0,-2.17,4.0,4.33,12.0,0.3,0.7,0.3,-12.3,-10.8,-7.05,-9.72,4.0,3.45,12.0,0.3,0.7,0.3,1004.83,1007.9,1008.98,1006.95,4.0,3.09,12.0,0.3,0.7,0.3,,,,,,,,,,,,,,,,,,,,,,,,,,,,,,,,,,,,,,,,,,,,,,,,,,,,,,,,,,,,,,,,,,,,,,,,,,,,,,,,,,,,,,,,,,,,,,,,,,,,,,,,,,,,,,,,,,,,,,,,,,,,,,,,,,,,,,,,,,,,,,,,,,,,,,
1974,2,350.0,73.0,,,,,,,,,,,,,,,,,,,,,,,,,,,,,,,,,,,,,,,,12.9,12.9,12.9,12.9,1.0,0.0,26.0,0.0,1.0,0.2,4.41,4.41,4.41,4.41,1.0,0.0,26.0,0.0,1.0,0.2,12.12,12.12,12.12,12.12,1.0,0.0,26.0,0.0,1.0,0.2,1021.1,1021.1,1021.1,1021.1,1.0,0.0,26.0,0.0,1.0,0.2,,,,,,,,,,,,,,,,,,,,,,,,,,,,,,,,,,,,,,,,,,,,,,,,,,,,,,,,,,,,,,,,,,,,,,,,,,,,,,,,,,,,,,,,,,,,,,,,,,,,,,,,,,,,,,,,,,,,,,,,,,,,,,,,,,,,,,,,,,,,,,,,,,,,,,
1974,2,351.0,-71.0,0.0,0.0,0.0,0.0,1.0,0.0,2.0,1.0,0.2,0.8,-1.8,-1.8,-1.8,-1.8,1.0,0.0,2.0,1.0,0.2,0.8,2.89,2.89,2.89,2.89,1.0,0.0,2.0,1.0,0.2,0.8,84.3,84.3,84.3,84.3,1.0,0.0,2.0,1.0,0.8,,,,,,,,,,,,,,,,,,,,,,,,,,,,,,,,,,,,,,,,,,,,,,,,,,,,,,,,,,,,,,,,,,,,,,,,,,,,,,,,,,,,,,,,,,,,,,,,,,,,,,,,,,,,,,,,,,,,,,,,,,,,,,,,,,,,,,,,,,,,,,,,,,,,,,,,,,,,,,,,,,,,,,,,,,,,,,,,,,,,,,,,,,,,,,
1974,2,351.0,-66.0,,,,,,,,,,,,,,,,,,,,,,,,,,,,,,,,,,,,,,,,,,,,,,,,,,,,,,,,,,,,,,,,,,,,,,,,,,,,,,,,7.0,7.0,7.0,7.0,1.0,0.0,24.0,0.0,0.8,0.5,58.2,58.2,58.2,58.2,1.0,0.0,24.0,0.0,0.8,0.5,-33.6,-33.6,-33.6,-33.6,1.0,0.0,24.0,0.0,0.8,0.5,,,,,,,,,,,,,,,,,,,,,,,,,,,,,,,,,,,,,,,,,,,,,,,,,,,,,,,,,,,,,,,,,,,,,,,,,,,,,,,,,,,,,,,,,,,,,,,,,,,,,,,,,,,,,,,,,,,,,,,,
1974,2,351.0,-38.0,19.4,19.4,19.4,19.4,1.0,0.0,6.0,1.0,0.1,1.0,18.0,18.0,18.0,18.0,1.0,0.0,6.0,1.0,0.1,1.0,11.51,11.51,11.51,11.51,1.0,0.0,6.0,1.0,0.1,1.0,90.9,90.9,90.9,90.9,1.0,0.0,6.0,1.0,1.0,2.1,2.1,2.1,2.1,1.0,0.0,6.0,1.0,0.1,1.0,-1.97,-1.97,-1.97,-1.97,1.0,0.0,6.0,1.0,0.1,1.0,0.72,0.72,0.72,0.72,1.0,0.0,6.0,1.0,0.1,1.0,1025.6,1025.6,1025.6,1025.6,1.0,0.0,6.0,1.0,0.1,1.0,7.0,7.0,7.0,7.0,1.0,0.0,6.0,1.0,0.1,1.0,-4.1,-4.1,-4.1,-4.1,1.0,0.0,6.0,1.0,0.1,1.0,1.5,1.5,1.5,1.5,1.0,0.0,6.0,1.0,0.1,1.0,1.4,1.4,1.4,1.4,1.0,0.0,6.0,1.0,0.1,1.0,2.9,2.9,2.9,2.9,1.0,0.0,6.0,1.0,0.1,1.0,2.32,2.32,2.32,2.32,1.0,0.0,6.0,1.0,0.1,1.0,4.9,4.9,4.9,4.9,1.0,0.0,6.0,1.0,0.1,1.0,-35.5,-35.5,-35.5,-35.5,1.0,0.0,6.0,1.0,0.1,1.0,12.9,12.9,12.9,12.9,1.0,0.0,6.0,1.0,0.1,1.0,-22.7,-22.7,-22.7,-22.7,1.0,0.0,6.0,1.0,0.1,1.0,8.3,8.3,8.3,8.3,1.0,0.0,6.0,1.0,0.1,1.0,-4.6,-4.6,-4.6,-4.6,1.0,0.0,6.0,1.0,0.1,1.0,1.7,1.7,1.7,1.7,1.0,0.0,6.0,1.0,0.1,1.0,9.5,9.5,9.5,9.5,1.0,0.0,6.0,1.0,0.1,1.0,10.0,10.0,10.0,10.0,1.0,0.0,6.0,1.0,0.1,1.0
1974,2,351.0,-36.0,20.0,20.0,20.0,20.0,1.0,0.0,2.0,1.0,0.5,0.9,19.2,19.2,19.2,19.2,1.0,0.0,2.0,1.0,0.5,0.9,9.12,9.12,9.12,9.12,1.0,0.0,2.0,1.0,0.5,0.9,66.4,66.4,66.4,66.4,1.0,0.0,2.0,1.0,0.9,5.1,5.1,5.1,5.1,1.0,0.0,2.0,1.0,0.5,0.9,-1.74,-1.74,-1.74,-1.74,1.0,0.0,2.0,1.0,0.5,0.9,4.79,4.79,4.79,4.79,1.0,0.0,2.0,1.0,0.5,0.9,1017.6,1017.6,1017.6,1017.6,1.0,0.0,2.0,1.0,0.5,0.9,7.0,7.0,7.0,7.0,1.0,0.0,2.0,1.0,0.5,0.9,-8.9,-8.9,-8.9,-8.9,1.0,0.0,2.0,1.0,0.5,0.9,24.4,24.4,24.4,24.4,1.0,0.0,2.0,1.0,0.5,0.9,0.8,0.8,0.8,0.8,1.0,0.0,2.0,1.0,0.5,0.9,4.1,4.1,4.1,4.1,1.0,0.0,2.0,1.0,0.5,0.9,5.36,5.36,5.36,5.36,1.0,0.0,2.0,1.0,0.5,0.9,27.3,27.3,27.3,27.3,1.0,0.0,2.0,1.0,0.5,0.9,-33.5,-33.5,-33.5,-33.5,1.0,0.0,2.0,1.0,0.5,0.9,92.0,92.0,92.0,92.0,1.0,0.0,2.0,1.0,0.5,0.9,-15.9,-15.9,-15.9,-15.9,1.0,0.0,2.0,1.0,0.5,0.9,43.7,43.7,43.7,43.7,1.0,0.0,2.0,1.0,0.5,0.9,-9.3,-9.3,-9.3,-9.3,1.0,0.0,2.0,1.0,0.5,0.9,25.7,25.7,25.7,25.7,1.0,0.0,2.0,1.0,0.5,0.9,132.5,132.5,132.5,132.5,1.0,0.0,2.0,1.0,0.5,0.9,135.0,135.0,135.0,135.0,1.0,0.0,2.0,1.0,0.5,0.9
1974,2,351.0,-35.0,20.76,21.1,21.44,21.1,2.0,0.71,16.0,1.0,0.4,0.3,18.44,19.4,20.36,19.4,2.0,1.98,16.0,1.0,0.4,0.3,8.72,10.4,12.09,10.4,2.0,3.49,16.0,1.0,0.4,0.3,65.8,73.2,80.6,73.2,2.0,15.3,16.0,1.0,0.3,5.43,7.2,8.97,7.2,2.0,3.68,16.0,1.0,0.4,0.3,-1.41,3.14,7.69,3.14,2.0,9.42,16.0,1.0,0.4,0.3,0.47,1.48,2.49,1.48,2.0,2.09,16.0,1.0,0.4,0.3,1010.69,1013.45,1016.21,1013.45,2.0,5.73,16.0,1.0,0.4,0.3,8.0,8.0,8.0,8.0,2.0,0.0,16.0,1.0,0.4,0.3,1.6,39.9,78.2,39.9,2.0,79.4,16.0,1.0,0.4,0.3,2.2,6.8,11.4,6.8,2.0,9.6,16.0,1.0,0.4,0.3,1.09,1.7,2.31,1.7,2.0,1.27,16.0,1.0,0.4,0.3,8.5,9.9,11.3,9.9,2.0,2.9,16.0,1.0,0.4,0.3,3.86,5.18,6.49,5.18,2.0,2.72,16.0,1.0,0.4,0.3,32.0,32.3,32.5,32.3,2.0,0.5,16.0,1.0,0.4,0.3,-21.0,70.2,161.4,70.2,2.0,189.0,16.0,1.0,0.4,0.3,8.4,26.6,44.8,26.6,2.0,37.6,16.0,1.0,0.4,0.3,-3.5,49.1,101.7,49.1,2.0,108.9,16.0,1.0,0.4,0.3,3.7,11.7,19.7,11.7,2.0,16.6,16.0,1.0,0.4,0.3,-16.0,3.4,22.9,3.4,2.0,40.2,16.0,1.0,0.4,0.3,3.3,10.5,17.7,10.5,2.0,14.8,16.0,1.0,0.4,0.3,231.5,519.5,807.5,519.5,2.0,596.5,16.0,1.0,0.4,0.3,230.0,520.0,805.0,520.0,2.0,595.0,16.0,1.0,0.4,0.3
1974,2,351.0,-34.0,21.6,21.6,21.6,21.6,1.0,0.0,2.0,0.0,0.4,0.2,19.2,19.2,19.2,19.2,1.0,0.0,2.0,0.0,0.4,0.2,10.82,10.82,10.82,10.82,1.0,0.0,2.0,0.0,0.4,0.2,79.1,79.1,79.1,79.1,1.0,0.0,2.0,0.0,0.2,0.0,0.0,0.0,0.0,1.0,0.0,2.0,0.0,0.4,0.2,0.0,0.0,0.0,0.0,1.0,0.0,2.0,0.0,0.4,0.2,0.0,0.0,0.0,0.0,1.0,0.0,2.0,0.0,0.4,0.2,1022.8,1022.8,1022.8,1022.8,1.0,0.0,2.0,0.0,0.4,0.2,1.0,1.0,1.0,1.0,1.0,0.0,2.0,0.0,0.4,0.2,0.0,0.0,0.0,0.0,1.0,0.0,2.0,0.0,0.4,0.2,0.0,0.0,0.0,0.0,1.0,0.0,2.0,0.0,0.4,0.2,2.4,2.4,2.4,2.4,1.0,0.0,2.0,0.0,0.4,0.2,0.0,0.0,0.0,0.0,1.0,0.0,2.0,0.0,0.4,0.2,5.09,5.09,5.09,5.09,1.0,0.0,2.0,0.0,0.4,0.2,0.0,0.0,0.0,0.0,1.0,0.0,2.0,0.0,0.4,0.2,0.0,0.0,0.0,0.0,1.0,0.0,2.0,0.0,0.4,0.2,0.0,0.0,0.0,0.0,1.0,0.0,2.0,0.0,0.4,0.2,0.0,0.0,0.0,0.0,1.0,0.0,2.0,0.0,0.4,0.2,0.0,0.0,0.0,0.0,1.0,0.0,2.0,0.0,0.4,0.2,0.0,0.0,0.0,0.0,1.0,0.0,2.0,0.0,0.4,0.2,0.0,0.0,0.0,0.0,1.0,0.0,2.0,0.0,0.4,0.2,0.0,0.0,0.0,0.0,1.0,0.0,2.0,0.0,0.4,0.2,0.0,0.0,0.0,0.0,1.0,0.0,2.0,0.0,0.4,0.2
1974,2,351.0,-33.0,23.0,23.0,23.0,23.0,3.0,0.0,10.0,1.0,0.5,0.5,21.5,23.0,24.02,22.77,3.0,1.86,10.0,1.0,0.5,0.5,11.34,12.59,12.62,11.99,3.0,1.07,10.0,1.0,0.5,0.5,68.1,71.2,72.1,70.1,3.0,3.1,10.0,1.0,0.5,1.3,4.1,4.1,2.73,3.0,2.37,10.0,1.0,0.5,0.5,-4.04,-4.04,-1.28,-2.69,3.0,2.33,10.0,1.0,0.5,0.5,0.23,0.71,0.71,0.47,3.0,0.41,10.0,1.0,0.5,0.5,1019.64,1022.1,1022.17,1020.93,3.0,2.11,10.0,1.0,0.5,0.5,2.3,3.0,3.7,3.0,3.0,1.0,10.0,1.0,0.5,0.5,-16.6,-16.6,-5.3,-11.0,3.0,9.6,10.0,1.0,0.5,0.5,0.9,2.9,2.9,1.9,3.0,1.7,10.0,1.0,0.5,0.5,-1.02,0.0,1.5,0.23,3.0,1.86,10.0,1.0,0.5,0.5,-4.2,0.0,6.2,1.0,3.0,7.6,10.0,1.0,0.5,0.5,4.76,4.82,6.03,5.38,3.0,1.05,10.0,1.0,0.5,0.5,6.2,19.4,24.6,15.5,3.0,13.9,10.0,1.0,0.5,0.5,-94.2,-84.0,-26.7,-61.0,3.0,53.3,10.0,1.0,0.5,0.5,4.7,14.8,16.6,10.8,3.0,9.4,10.0,1.0,0.5,0.5,-48.6,-43.4,-13.8,-31.5,3.0,27.5,10.0,1.0,0.5,0.5,2.4,7.7,8.6,5.5,3.0,4.9,10.0,1.0,0.5,0.5,-24.2,-19.1,-6.1,-15.2,3.0,13.7,10.0,1.0,0.5,0.5,1.1,3.4,4.3,2.7,3.0,2.4,10.0,1.0,0.5,0.5,22.0,69.0,69.0,46.0,3.0,40.0,10.0,1.0,0.5,0.5,20.0,70.0,70.0,45.0,3.0,40.0,10.0,1.0,0.5,0.5
1974,2,351.0,-31.0,24.3,24.3,24.3,24.3,1.0,0.0,16.0,0.0,1.0,1.0,22.5,22.5,22.5,22.5,1.0,0.0,16.0,0.0,1.0,1.0,11.76,11.76,11.76,11.76,1.0,0.0,16.0,0.0,1.0,1.0,70.2,70.2,70.2,70.2,1.0,0.0,16.0,0.0,1.0,3.1,3.1,3.1,3.1,1.0,0.0,16.0,0.0,1.0,1.0,2.68,2.68,2.68,2.68,1.0,0.0,16.0,0.0,1.0,1.0,-1.55,-1.55,-1.55,-1.55,1.0,0.0,16.0,0.0,1.0,1.0,1023.1,1023.1,1023.1,1023.1,1.0,0.0,16.0,0.0,1.0,1.0,4.0,4.0,4.0,4.0,1.0,0.0,16.0,0.0,1.0,1.0,8.3,8.3,8.3,8.3,1.0,0.0,16.0,0.0,1.0,1.0,-4.8,-4.8,-4.8,-4.8,1.0,0.0,16.0,0.0,1.0,1.0,1.8,1.8,1.8,1.8,1.0,0.0,16.0,0.0,1.0,1.0,5.6,5.6,5.6,5.6,1.0,0.0,16.0,0.0,1.0,1.0,7.01,7.01,7.01,7.01,1.0,0.0,16.0,0.0,1.0,1.0,21.7,21.7,21.7,21.7,1.0,0.0,16.0,0.0,1.0,1.0,60.4,60.4,60.4,60.4,1.0,0.0,16.0,0.0,1.0,1.0,-34.9,-34.9,-34.9,-34.9,1.0,0.0,16.0,0.0,1.0,1.0,31.6,31.6,31.6,31.6,1.0,0.0,16.0,0.0,1.0,1.0,-18.2,-18.2,-18.2,-18.2,1.0,0.0,16.0,0.0,1.0,1.0,18.8,18.8,18.8,18.8,1.0,0.0,16.0,0.0,1.0,1.0,-10.9,-10.9,-10.9,-10.9,1.0,0.0,16.0,0.0,1.0,1.0,30.0,30.0,30.0,30.0,1.0,0.0,16.0,0.0,1.0,1.0,30.0,30.0,30.0,30.0,1.0,0.0,16.0,0.0,1.0,1.0
1974,2,351.0,-30.0,23.8,23.8,23.8,23.8,1.0,0.0,12.0,0.0,0.5,0.7,21.9,21.9,21.9,21.9,1.0,0.0,12.0,0.0,0.5,0.7,11.6,11.6,11.6,11.6,1.0,0.0,12.0,0.0,0.5,0.7,71.4,71.4,71.4,71.4,1.0,0.0,12.0,0.0,0.7,4.6,4.6,4.6,4.6,1.0,0.0,12.0,0.0,0.5,0.7,-3.98,-3.98,-3.98,-3.98,1.0,0.0,12.0,0.0,0.5,0.7,2.3,2.3,2.3,2.3,1.0,0.0,12.0,0.0,0.5,0.7,1017.6,1017.6,1017.6,1017.6,1.0,0.0,12.0,0.0,0.5,0.7,2.0,2.0,2.0,2.0,1.0,0.0,12.0,0.0,0.5,0.7,-18.3,-18.3,-18.3,-18.3,1.0,0.0,12.0,0.0,0.5,0.7,10.6,10.6,10.6,10.6,1.0,0.0,12.0,0.0,0.5,0.7,1.9,1.9,1.9,1.9,1.0,0.0,12.0,0.0,0.5,0.7,8.7,8.7,8.7,8.7,1.0,0.0,12.0,0.0,0.5,0.7,6.7,6.7,6.7,6.7,1.0,0.0,12.0,0.0,0.5,0.7,30.8,30.8,30.8,30.8,1.0,0.0,12.0,0.0,0.5,0.7,-87.2,-87.2,-87.2,-87.2,1.0,0.0,12.0,0.0,0.5,0.7,50.4,50.4,50.4,50.4,1.0,0.0,12.0,0.0,0.5,0.7,-46.2,-46.2,-46.2,-46.2,1.0,0.0,12.0,0.0,0.5,0.7,26.7,26.7,26.7,26.7,1.0,0.0,12.0,0.0,0.5,0.7,-26.7,-26.7,-26.7,-26.7,1.0,0.0,12.0,0.0,0.5,0.7,15.4,15.4,15.4,15.4,1.0,0.0,12.0,0.0,0.5,0.7,97.5,97.5,97.5,97.5,1.0,0.0,12.0,0.0,0.5,0.7,95.0,95.0,95.0,95.0,1.0,0.0,12.0,0.0,0.5,0.7
1974,2,351.0,-29.0,23.7,23.7,23.7,23.7,1.0,0.0,18.0,0.0,0.4,0.1,22.5,22.5,22.5,22.5,1.0,0.0,18.0,0.0,0.4,0.1,14.0,14.0,14.0,14.0,1.0,0.0,18.0,0.0,0.4,0.1,83.2,83.2,83.2,83.2,1.0,0.0,18.0,0.0,0.1,2.1,2.1,2.1,2.1,1.0,0.0,18.0,0.0,0.4,0.1,-0.72,-0.72,-0.72,-0.72,1.0,0.0,18.0,0.0,0.4,0.1,-1.97,-1.97,-1.97,-1.97,1.0,0.0,18.0,0.0,0.4,0.1,1019.8,1019.8,1019.8,1019.8,1.0,0.0,18.0,0.0,0.4,0.1,7.0,7.0,7.0,7.0,1.0,0.0,18.0,0.0,0.4,0.1,-1.5,-1.5,-1.5,-1.5,1.0,0.0,18.0,0.0,0.4,0.1,-4.1,-4.1,-4.1,-4.1,1.0,0.0,18.0,0.0,0.4,0.1,1.2,1.2,1.2,1.2,1.0,0.0,18.0,0.0,0.4,0.1,2.5,2.5,2.5,2.5,1.0,0.0,18.0,0.0,0.4,0.1,4.15,4.15,4.15,4.15,1.0,0.0,18.0,0.0,0.4,0.1,8.7,8.7,8.7,8.7,1.0,0.0,18.0,0.0,0.4,0.1,-16.2,-16.2,-16.2,-16.2,1.0,0.0,18.0,0.0,0.4,0.1,-44.4,-44.4,-44.4,-44.4,1.0,0.0,18.0,0.0,0.4,0.1,-10.1,-10.1,-10.1,-10.1,1.0,0.0,18.0,0.0,0.4,0.1,-27.6,-27.6,-27.6,-27.6,1.0,0.0,18.0,0.0,0.4,0.1,-3.0,-3.0,-3.0,-3.0,1.0,0.0,18.0,0.0,0.4,0.1,-8.2,-8.2,-8.2,-8.2,1.0,0.0,18.0,0.0,0.4,0.1,9.5,9.5,9.5,9.5,1.0,0.0,18.0,0.0,0.4,0.1,10.0,10.0,10.0,10.0,1.0,0.0,18.0,0.0,0.4,0.1
1974,2,351.0,-26.0,25.5,25.5,25.5,25.5,1.0,0.0,14.0,1.0,0.7,0.7,25.5,25.5,25.5,25.5,1.0,0.0,14.0,1.0,0.7,0.7,14.46,14.46,14.46,14.46,1.0,0.0,14.0,1.0,0.7,0.7,71.6,71.6,71.6,71.6,1.0,0.0,14.0,1.0,0.7,5.7,5.7,5.7,5.7,1.0,0.0,14.0,1.0,0.7,0.7,-5.36,-5.36,-5.36,-5.36,1.0,0.0,14.0,1.0,0.7,0.7,1.95,1.95,1.95,1.95,1.0,0.0,14.0,1.0,0.7,0.7,1019.0,1019.0,1019.0,1019.0,1.0,0.0,14.0,1.0,0.7,0.7,3.0,3.0,3.0,3.0,1.0,0.0,14.0,1.0,0.7,0.7,-30.5,-30.5,-30.5,-30.5,1.0,0.0,14.0,1.0,0.7,0.7,11.1,11.1,11.1,11.1,1.0,0.0,14.0,1.0,0.7,0.7,0.0,0.0,0.0,0.0,1.0,0.0,14.0,1.0,0.7,0.7,0.0,0.0,0.0,0.0,1.0,0.0,14.0,1.0,0.7,0.7,5.8,5.8,5.8,5.8,1.0,0.0,14.0,1.0,0.7,0.7,33.1,33.1,33.1,33.1,1.0,0.0,14.0,1.0,0.7,0.7,-136.6,-136.6,-136.6,-136.6,1.0,0.0,14.0,1.0,0.7,0.7,49.7,49.7,49.7,49.7,1.0,0.0,14.0,1.0,0.7,0.7,-77.4,-77.4,-77.4,-77.4,1.0,0.0,14.0,1.0,0.7,0.7,28.2,28.2,28.2,28.2,1.0,0.0,14.0,1.0,0.7,0.7,-31.1,-31.1,-31.1,-31.1,1.0,0.0,14.0,1.0,0.7,0.7,11.3,11.3,11.3,11.3,1.0,0.0,14.0,1.0,0.7,0.7,185.0,185.0,185.0,185.0,1.0,0.0,14.0,1.0,0.7,0.7,185.0,185.0,185.0,185.0,1.0,0.0,14.0,1.0,0.7,0.7
1974,2,351.0,-24.0,24.2,24.2,24.2,24.2,1.0,0.0,18.0,1.0,0.4,0.5,23.3,23.3,23.3,23.3,1.0,0.0,18.0,1.0,0.4,0.5,14.75,14.75,14.75,14.75,1.0,0.0,18.0,1.0,0.4,0.5,83.2,83.2,83.2,83.2,1.0,0.0,18.0,1.0,0.5,5.7,5.7,5.7,5.7,1.0,0.0,18.0,1.0,0.4,0.5,-5.7,-5.7,-5.7,-5.7,1.0,0.0,18.0,1.0,0.4,0.5,0.0,0.0,0.0,0.0,1.0,0.0,18.0,1.0,0.4,0.5,1017.9,1017.9,1017.9,1017.9,1.0,0.0,18.0,1.0,0.4,0.5,8.0,8.0,8.0,8.0,1.0,0.0,18.0,1.0,0.4,0.5,-32.5,-32.5,-32.5,-32.5,1.0,0.0,18.0,1.0,0.4,0.5,0.0,0.0,0.0,0.0,1.0,0.0,18.0,1.0,0.4,0.5,0.9,0.9,0.9,0.9,1.0,0.0,18.0,1.0,0.4,0.5,5.1,5.1,5.1,5.1,1.0,0.0,18.0,1.0,0.4,0.5,4.0,4.0,4.0,4.0,1.0,0.0,18.0,1.0,0.4,0.5,22.8,22.8,22.8,22.8,1.0,0.0,18.0,1.0,0.4,0.5,-132.8,-132.8,-132.8,-132.8,1.0,0.0,18.0,1.0,0.4,0.5,0.0,0.0,0.0,0.0,1.0,0.0,18.0,1.0,0.4,0.5,-84.1,-84.1,-84.1,-84.1,1.0,0.0,18.0,1.0,0.4,0.5,0.0,0.0,0.0,0.0,1.0,0.0,18.0,1.0,0.4,0.5,-22.8,-22.8,-22.8,-22.8,1.0,0.0,18.0,1.0,0.4,0.5,0.0,0.0,0.0,0.0,1.0,0.0,18.0,1.0,0.4,0.5,185.0,185.0,185.0,185.0,1.0,0.0,18.0,1.0,0.4,0.5,185.0,185.0,185.0,185.0,1.0,0.0,18.0,1.0,0.4,0.5
1974,2,351.0,-23.0,24.0,24.0,24.0,24.0,2.0,0.0,18.0,0.5,0.9,0.6,23.32,24.0,24.68,24.0,3.0,1.0,18.0,0.7,0.7,0.4,12.84,12.84,12.84,12.84,1.0,0.0,16.0,1.0,0.8,0.2,69.4,69.5,69.5,69.5,2.0,0.2,16.0,1.0,0.2,6.32,7.0,8.16,7.23,3.0,1.37,18.0,0.7,0.7,0.4,-7.5,-6.06,-5.77,-6.63,3.0,1.36,18.0,0.7,0.7,0.4,2.35,2.98,3.33,2.84,3.0,0.73,18.0,0.7,0.7,0.4,1016.22,1016.9,1017.58,1016.9,2.0,1.41,18.0,0.5,0.9,0.6,1.1,3.5,5.9,3.5,2.0,4.9,16.0,1.0,0.6,0.2,-62.0,-42.4,-36.6,-49.1,3.0,19.5,18.0,0.7,0.7,0.4,16.2,24.5,25.4,20.9,3.0,7.5,18.0,0.7,0.7,0.4,0.16,0.5,0.84,0.5,2.0,0.71,18.0,0.5,0.9,0.6,1.1,3.5,5.9,3.5,2.0,4.9,18.0,0.5,0.9,0.6,5.68,5.68,5.68,5.68,1.0,0.0,16.0,1.0,0.8,0.2,49.4,49.4,49.4,49.4,1.0,0.0,16.0,1.0,0.8,0.2,-178.7,-141.0,-139.9,-158.9,3.0,32.3,18.0,0.7,0.7,0.4,57.7,71.4,77.6,67.7,3.0,14.9,18.0,0.7,0.7,0.4,-105.0,-105.0,-105.0,-105.0,1.0,0.0,16.0,1.0,0.8,0.2,38.2,38.2,38.2,38.2,1.0,0.0,16.0,1.0,0.8,0.2,-46.4,-46.4,-46.4,-46.4,1.0,0.0,16.0,1.0,0.8,0.2,16.9,16.9,16.9,16.9,1.0,0.0,16.0,1.0,0.8,0.2,256.5,343.0,558.5,406.0,3.0,228.0,18.0,0.7,0.7,0.4,255.0,345.0,560.0,405.0,3.0,230.0,18.0,0.7,0.7,0.4
1974,2,351.0,-22.0,22.45,23.0,23.55,23.0,2.0,1.13,18.0,0.5,0.6,0.5,23.49,23.9,26.22,24.83,3.0,2.16,20.0,0.3,0.5,0.5,11.06,13.0,13.57,12.33,3.0,1.92,20.0,0.3,0.5,0.5,56.0,57.6,71.7,63.7,3.0,12.6,20.0,0.3,0.5,7.7,7.7,7.7,7.7,3.0,0.0,20.0,0.3,0.5,0.5,-7.37,-6.67,-6.67,-7.01,3.0,0.6,20.0,0.3,0.5,0.5,1.22,3.85,3.85,2.57,3.0,2.22,20.0,0.3,0.5,0.5,1012.74,1013.9,1017.24,1014.97,3.0,3.43,20.0,0.3,0.5,0.5,1.9,6.0,6.7,4.3,3.0,3.8,20.0,0.3,0.5,0.5,-56.8,-51.3,-51.3,-54.0,3.0,4.6,20.0,0.3,0.5,0.5,9.4,29.6,29.6,19.8,3.0,17.1,20.0,0.3,0.5,0.5,-3.12,-2.3,-1.48,-2.3,2.0,1.7,18.0,0.5,0.6,0.5,-24.0,-17.7,-11.4,-17.7,2.0,13.1,18.0,0.5,0.6,0.5,3.16,4.07,4.98,4.07,2.0,1.89,18.0,0.5,0.6,0.5,24.3,31.3,38.4,31.3,2.0,14.5,18.0,0.5,0.6,0.5,-183.4,-182.0,-163.8,-173.8,3.0,16.0,20.0,0.3,0.5,0.5,28.5,89.7,100.2,64.9,3.0,56.8,20.0,0.3,0.5,0.5,-90.5,-86.7,-80.9,-85.7,3.0,7.1,20.0,0.3,0.5,0.5,15.9,50.0,52.3,34.4,3.0,29.9,20.0,0.3,0.5,0.5,-33.2,-27.1,-21.1,-27.1,2.0,12.6,18.0,0.5,0.6,0.5,12.2,15.7,19.2,15.7,2.0,7.3,18.0,0.5,0.6,0.5,456.5,456.5,456.5,456.5,3.0,0.0,20.0,0.3,0.5,0.5,455.0,455.0,455.0,455.0,3.0,0.0,20.0,0.3,0.5,0.5
1974,2,351.0,-21.0,23.54,23.8,24.1,23.83,6.0,0.41,12.0,0.7,0.5,0.6,23.44,24.0,25.62,24.48,5.0,1.43,14.0,0.6,0.4,0.6,12.3,12.63,13.79,13.03,4.0,1.14,16.0,0.5,0.4,0.6,60.3,69.1,74.9,68.4,5.0,10.2,14.0,0.6,0.6,4.48,6.45,7.7,5.92,6.0,2.16,12.0,0.7,0.5,0.6,-7.33,-6.06,-4.23,-5.65,6.0,2.08,12.0,0.7,0.5,0.6,0.29,1.85,2.5,1.53,6.0,1.1,12.0,0.7,0.5,0.6,1013.87,1014.6,1015.73,1014.76,5.0,1.56,14.0,0.6,0.5,0.6,1.6,6.5,8.0,5.2,6.0,3.4,12.0,0.7,0.5,0.6,-56.5,-39.6,-20.3,-37.2,6.0,21.2,12.0,0.7,0.5,0.6,0.6,10.0,18.3,9.8,6.0,8.4,12.0,0.7,0.5,0.6,-1.66,-0.7,0.22,-0.78,5.0,1.29,14.0,0.6,0.4,0.6,-11.5,-1.5,1.6,-4.9,5.0,10.0,14.0,0.6,0.4,0.6,4.18,5.49,6.21,5.21,4.0,1.32,16.0,0.5,0.4,0.6,17.3,30.6,41.5,29.4,4.0,15.3,16.0,0.5,0.4,0.6,-173.9,-133.9,-90.2,-131.7,5.0,57.2,14.0,0.6,0.4,0.6,5.6,41.3,51.6,31.1,5.0,25.2,14.0,0.6,0.4,0.6,-97.7,-80.5,-44.9,-71.7,4.0,33.9,16.0,0.5,0.4,0.6,2.2,14.2,30.3,16.1,4.0,16.8,16.0,0.5,0.4,0.6,-40.5,-28.8,-16.5,-28.5,4.0,15.3,16.0,0.5,0.4,0.6,0.9,5.1,10.6,5.7,4.0,5.8,16.0,0.5,0.4,0.6,107.0,279.0,456.5,269.0,6.0,186.5,12.0,0.7,0.5,0.6,105.0,280.0,455.0,270.0,6.0,185.0,12.0,0.7,0.5,0.6
1974,2,351.0,-20.0,23.14,23.9,24.76,23.95,4.0,0.95,16.0,0.3,0.6,0.6,22.15,24.15,27.36,24.73,4.0,3.56,16.0,0.3,0.6,0.6,13.2,14.22,18.82,15.93,4.0,4.56,16.0,0.3,0.6,0.6,75.8,81.8,85.2,80.6,4.0,7.2,16.0,0.3,0.6,4.34,4.85,6.46,5.38,4.0,1.6,16.0,0.3,0.6,0.6,-5.85,-3.8,-2.94,-4.37,4.0,2.03,16.0,0.3,0.6,0.6,-0.9,2.1,3.3,1.24,4.0,3.07,16.0,0.3,0.6,0.6,1014.9,1015.4,1017.42,1016.13,4.0,1.84,16.0,0.3,0.6,0.6,3.0,5.0,6.5,4.8,4.0,2.2,16.0,0.3,0.6,0.6,-38.7,-18.3,-13.6,-25.8,4.0,20.3,16.0,0.3,0.6,0.6,-3.3,13.6,20.1,8.6,4.0,15.6,16.0,0.3,0.6,0.6,-2.76,-0.15,1.15,-0.77,4.0,3.03,16.0,0.3,0.6,0.6,-20.8,-0.7,5.9,-7.2,4.0,21.6,16.0,0.3,0.6,0.6,-0.47,4.01,5.51,2.59,4.0,4.25,16.0,0.3,0.6,0.6,-7.9,18.5,25.2,9.1,4.0,24.7,16.0,0.3,0.6,0.6,-159.8,-84.9,-67.4,-112.3,4.0,69.2,16.0,0.3,0.6,0.6,-23.7,57.2,80.2,29.6,4.0,74.9,16.0,0.3,0.6,0.6,-115.9,-52.3,-38.8,-76.2,4.0,59.6,16.0,0.3,0.6,0.6,-11.8,36.2,54.7,22.1,4.0,46.4,16.0,0.3,0.6,0.6,-16.2,-13.9,7.4,-4.8,4.0,20.2,16.0,0.3,0.6,0.6,-14.0,-2.4,12.7,-0.7,4.0,16.8,16.0,0.3,0.6,0.6,82.5,115.0,302.5,189.0,4.0,180.5,16.0,0.3,0.6,0.6,80.0,115.0,300.0,190.0,4.0,180.0,16.0,0.3,0.6,0.6
1974,2,351.0,-19.0,23.98,24.15,24.32,24.15,2.0,0.35,12.0,0.5,0.8,0.3,23.44,23.75,24.06,23.75,2.0,0.64,12.0,0.5,0.8,0.3,11.08,12.62,14.15,12.62,2.0,3.18,12.0,0.5,0.8,0.3,61.8,68.9,76.0,68.9,2.0,14.8,12.0,0.5,0.3,6.44,6.95,7.46,6.95,2.0,1.06,12.0,0.5,0.8,0.3,-5.89,-5.86,-5.84,-5.86,2.0,0.05,12.0,0.5,0.8,0.3,2.57,3.53,4.5,3.53,2.0,2.0,12.0,0.5,0.8,0.3,1013.78,1014.8,1015.82,1014.8,2.0,2.12,12.0,0.5,0.8,0.3,5.0,5.0,5.0,5.0,1.0,0.0,16.0,1.0,1.0,0.5,-43.9,-40.8,-37.6,-40.8,2.0,6.6,12.0,0.5,0.8,0.3,17.1,25.6,34.1,25.6,2.0,17.7,12.0,0.5,0.8,0.3,0.26,0.4,0.54,0.4,2.0,0.28,12.0,0.5,0.8,0.3,1.9,2.6,3.4,2.6,2.0,1.5,12.0,0.5,0.8,0.3,4.78,6.13,7.49,6.13,2.0,2.81,12.0,0.5,0.8,0.3,34.8,41.1,47.4,41.1,2.0,13.0,12.0,0.5,0.8,0.3,-141.6,-139.2,-136.9,-139.2,2.0,4.9,12.0,0.5,0.8,0.3,60.6,84.6,108.6,84.6,2.0,49.8,12.0,0.5,0.8,0.3,-83.3,-74.0,-64.7,-74.0,2.0,19.3,12.0,0.5,0.8,0.3,30.2,47.8,65.4,47.8,2.0,36.5,12.0,0.5,0.8,0.3,-43.7,-35.9,-28.1,-35.9,2.0,16.2,12.0,0.5,0.8,0.3,17.7,18.9,20.0,18.9,2.0,2.3,12.0,0.5,0.8,0.3,273.0,347.5,422.0,347.5,2.0,154.5,12.0,0.5,0.8,0.3,275.0,345.0,420.0,345.0,2.0,155.0,12.0,0.5,0.8,0.3
1974,2,351.0,-18.0,23.9,23.9,23.9,23.9,1.0,0.0,6.0,1.0,0.7,0.8,23.8,23.8,23.8,23.8,1.0,0.0,6.0,1.0,0.7,0.8,15.98,15.98,15.98,15.98,1.0,0.0,6.0,1.0,0.7,0.8,87.0,87.0,87.0,87.0,1.0,0.0,6.0,1.0,0.8,4.6,4.6,4.6,4.6,1.0,0.0,6.0,1.0,0.7,0.8,-4.32,-4.32,-4.32,-4.32,1.0,0.0,6.0,1.0,0.7,0.8,1.57,1.57,1.57,1.57,1.0,0.0,6.0,1.0,0.7,0.8,1012.3,1012.3,1012.3,1012.3,1.0,0.0,6.0,1.0,0.7,0.8,6.0,6.0,6.0,6.0,1.0,0.0,6.0,1.0,0.7,0.8,-19.9,-19.9,-19.9,-19.9,1.0,0.0,6.0,1.0,0.7,0.8,7.2,7.2,7.2,7.2,1.0,0.0,6.0,1.0,0.7,0.8,0.1,0.1,0.1,0.1,1.0,0.0,6.0,1.0,0.7,0.8,0.5,0.5,0.5,0.5,1.0,0.0,6.0,1.0,0.7,0.8,2.54,2.54,2.54,2.54,1.0,0.0,6.0,1.0,0.7,0.8,11.7,11.7,11.7,11.7,1.0,0.0,6.0,1.0,0.7,0.8,-102.9,-102.9,-102.9,-102.9,1.0,0.0,6.0,1.0,0.7,0.8,37.4,37.4,37.4,37.4,1.0,0.0,6.0,1.0,0.7,0.8,-69.1,-69.1,-69.1,-69.1,1.0,0.0,6.0,1.0,0.7,0.8,25.1,25.1,25.1,25.1,1.0,0.0,6.0,1.0,0.7,0.8,-11.0,-11.0,-11.0,-11.0,1.0,0.0,6.0,1.0,0.7,0.8,4.0,4.0,4.0,4.0,1.0,0.0,6.0,1.0,0.7,0.8,97.5,97.5,97.5,97.5,1.0,0.0,6.0,1.0,0.7,0.8,95.0,95.0,95.0,95.0,1.0,0.0,6.0,1.0,0.7,0.8
1974,2,351.0,-17.0,22.73,23.65,24.57,23.65,2.0,1.91,14.0,0.5,0.8,0.9,23.36,25.65,27.94,25.65,2.0,4.74,14.0,0.5,0.8,0.9,14.3,15.85,17.41,15.85,2.0,3.22,14.0,0.5,0.8,0.9,74.0,76.9,79.7,76.9,2.0,5.9,14.0,0.5,0.9,7.28,7.45,7.62,7.45,2.0,0.35,14.0,0.5,0.8,0.9,-6.99,-6.55,-6.11,-6.55,2.0,0.92,14.0,0.5,0.8,0.9,0.79,2.47,4.16,2.47,2.0,3.5,14.0,0.5,0.8,0.9,1012.9,1013.75,1014.6,1013.75,2.0,1.77,14.0,0.5,0.8,0.9,1.6,3.0,4.4,3.0,2.0,2.8,14.0,0.5,0.8,0.9,-50.8,-48.6,-46.4,-48.6,2.0,4.5,14.0,0.5,0.8,0.9,6.0,19.1,32.1,19.1,2.0,26.9,14.0,0.5,0.8,0.9,-3.37,-2.0,-0.63,-2.0,2.0,2.83,14.0,0.5,0.8,0.9,-24.2,-14.4,-4.6,-14.4,2.0,20.4,14.0,0.5,0.8,0.9,1.86,2.41,2.95,2.41,2.0,1.13,14.0,0.5,0.8,0.9,13.7,18.1,22.6,18.1,2.0,9.2,14.0,0.5,0.8,0.9,-196.5,-170.2,-143.8,-170.2,2.0,54.6,14.0,0.5,0.8,0.9,17.5,55.2,92.9,55.2,2.0,78.0,14.0,0.5,0.8,0.9,-122.5,-105.3,-88.1,-105.3,2.0,35.7,14.0,0.5,0.8,0.9,10.7,33.6,56.5,33.6,2.0,47.5,14.0,0.5,0.8,0.9,-17.7,-15.2,-12.7,-15.2,2.0,5.2,14.0,0.5,0.8,0.9,2.5,7.9,13.3,7.9,2.0,11.2,14.0,0.5,0.8,0.9,386.5,415.0,443.5,415.0,2.0,59.0,14.0,0.5,0.8,0.9,385.0,415.0,445.0,415.0,2.0,60.0,14.0,0.5,0.8,0.9
1974,2,351.0,-16.0,24.12,24.6,25.08,24.6,2.0,0.99,14.0,0.5,0.4,0.3,22.49,23.1,23.71,23.1,2.0,1.27,14.0,0.5,0.4,0.3,15.5,16.38,17.26,16.38,2.0,1.82,14.0,0.5,0.4,0.3,91.3,92.7,94.1,92.7,2.0,2.9,14.0,0.5,0.3,5.35,5.9,6.45,5.9,2.0,1.13,14.0,0.5,0.4,0.3,-6.36,-5.85,-5.34,-5.85,2.0,1.06,14.0,0.5,0.4,0.3,0.18,0.58,0.98,0.58,2.0,0.82,14.0,0.5,0.4,0.3,1010.42,1011.55,1012.68,1011.55,2.0,2.33,14.0,0.5,0.4,0.3,6.3,7.0,7.7,7.0,2.0,1.4,14.0,0.5,0.4,0.3,-41.3,-35.1,-28.9,-35.1,2.0,12.9,14.0,0.5,0.4,0.3,1.2,3.9,6.6,3.9,2.0,5.5,14.0,0.5,0.4,0.3,1.36,1.5,1.64,1.5,2.0,0.28,14.0,0.5,0.4,0.3,8.7,8.7,8.7,8.7,2.0,0.0,14.0,0.5,0.4,0.3,2.67,2.96,3.26,2.96,2.0,0.62,14.0,0.5,0.4,0.3,17.0,17.1,17.3,17.1,2.0,0.3,14.0,0.5,0.4,0.3,-151.2,-135.8,-120.4,-135.8,2.0,31.9,14.0,0.5,0.4,0.3,4.4,14.0,23.5,14.0,2.0,19.7,14.0,0.5,0.4,0.3,-110.3,-96.8,-83.3,-96.8,2.0,28.0,14.0,0.5,0.4,0.3,3.3,10.3,17.3,10.3,2.0,14.5,14.0,0.5,0.4,0.3,-17.2,-17.0,-16.8,-17.0,2.0,0.5,14.0,0.5,0.4,0.3,0.5,1.5,2.5,1.5,2.0,2.1,14.0,0.5,0.4,0.3,159.5,216.5,274.0,216.5,2.0,119.0,14.0,0.5,0.4,0.3,160.0,215.0,275.0,215.0,2.0,120.0,14.0,0.5,0.4,0.3
1974,2,351.0,-15.0,25.1,25.3,25.5,25.3,2.0,0.42,20.0,0.0,0.6,0.5,23.41,23.65,23.89,23.65,2.0,0.49,20.0,0.0,0.6,0.5,13.93,15.39,16.84,15.39,2.0,3.02,20.0,0.0,0.6,0.5,77.5,84.3,91.0,84.3,2.0,13.9,20.0,0.0,0.5,4.85,5.4,5.95,5.4,2.0,1.13,20.0,0.0,0.6,0.5,-3.35,-1.99,-0.63,-1.99,2.0,2.82,20.0,0.0,0.6,0.5,4.62,4.67,4.73,4.67,2.0,0.11,20.0,0.0,0.6,0.5,1011.66,1012.0,1012.34,1012.0,2.0,0.71,20.0,0.0,0.6,0.5,8.0,8.0,8.0,8.0,2.0,0.0,20.0,0.0,0.6,0.5,-20.8,-12.4,-3.9,-12.4,2.0,17.5,20.0,0.0,0.6,0.5,22.5,25.3,28.1,25.3,2.0,5.9,20.0,0.0,0.6,0.5,1.21,1.65,2.09,1.65,2.0,0.92,20.0,0.0,0.6,0.5,6.1,9.4,12.7,9.4,2.0,6.8,20.0,0.0,0.6,0.5,3.06,4.77,6.48,4.77,2.0,3.55,20.0,0.0,0.6,0.5,15.9,27.8,39.6,27.8,2.0,24.5,20.0,0.0,0.6,0.5,-78.1,-46.4,-14.7,-46.4,2.0,65.7,20.0,0.0,0.6,0.5,110.4,110.5,110.6,110.5,2.0,0.2,20.0,0.0,0.6,0.5,-44.4,-26.4,-8.4,-26.4,2.0,37.4,20.0,0.0,0.6,0.5,65.8,71.8,77.8,71.8,2.0,12.5,20.0,0.0,0.6,0.5,-24.4,-14.5,-4.6,-14.5,2.0,20.5,20.0,0.0,0.6,0.5,14.3,22.5,30.7,22.5,2.0,17.1,20.0,0.0,0.6,0.5,119.5,168.0,216.0,168.0,2.0,99.5,20.0,0.0,0.6,0.5,120.0,170.0,215.0,170.0,2.0,100.0,20.0,0.0,0.6,0.5
1974,2,351.0,-14.0,24.59,25.0,25.2,24.9,3.0,0.46,20.0,0.3,0.5,0.8,24.52,25.0,26.37,25.43,3.0,1.4,20.0,0.3,0.5,0.8,15.35,15.84,16.22,15.79,3.0,0.64,20.0,0.3,0.5,0.8,74.1,79.8,82.0,78.1,3.0,5.9,20.0,0.3,0.8,5.86,7.45,8.2,7.05,4.0,1.48,20.0,0.5,0.5,0.9,-6.05,-5.54,-4.56,-5.32,4.0,1.03,20.0,0.5,0.5,0.9,3.31,4.31,5.8,4.55,4.0,1.48,20.0,0.5,0.5,0.9,1010.33,1010.95,1013.19,1011.73,4.0,2.24,20.0,0.5,0.5,0.9,3.3,6.0,6.7,5.0,3.0,2.6,20.0,0.3,0.5,0.8,-47.6,-41.0,-28.9,-38.4,4.0,13.4,20.0,0.5,0.5,0.9,19.4,32.8,47.6,33.5,4.0,16.6,20.0,0.5,0.5,0.9,-1.56,-0.6,0.49,-0.53,3.0,1.5,20.0,0.3,0.5,0.8,-12.8,-4.9,3.0,-4.9,3.0,11.6,20.0,0.3,0.5,0.8,3.09,3.9,4.68,3.89,3.0,1.17,20.0,0.3,0.5,0.8,25.3,32.0,33.2,29.3,3.0,6.2,20.0,0.3,0.5,0.8,-152.4,-142.3,-141.4,-146.8,3.0,8.9,20.0,0.3,0.5,0.8,97.4,131.8,157.6,127.6,3.0,44.2,20.0,0.3,0.5,0.8,-98.2,-87.8,-84.8,-91.4,3.0,10.3,20.0,0.3,0.5,0.8,62.0,86.5,95.3,78.9,3.0,25.3,20.0,0.3,0.5,0.8,-26.5,-20.6,-18.2,-22.3,3.0,6.3,20.0,0.3,0.5,0.8,15.1,16.9,22.1,18.6,3.0,5.3,20.0,0.3,0.5,0.8,212.5,426.0,551.5,384.0,4.0,205.0,20.0,0.5,0.5,0.9,215.0,425.0,550.0,385.0,4.0,205.0,20.0,0.5,0.5,0.9
1974,2,351.0,-13.0,24.98,26.1,26.86,25.93,4.0,1.15,16.0,0.3,0.5,0.7,23.63,24.5,25.1,24.38,4.0,0.89,16.0,0.3,0.5,0.7,14.1,14.41,14.56,14.33,3.0,0.35,14.0,0.0,0.4,0.6,75.2,77.4,78.0,76.6,3.0,2.1,14.0,0.0,0.6,4.58,5.65,6.46,5.53,4.0,1.16,16.0,0.3,0.5,0.7,-4.6,-3.21,-2.61,-3.59,4.0,1.57,16.0,0.3,0.5,0.7,2.98,3.63,4.91,3.93,4.0,1.37,16.0,0.3,0.5,0.7,1010.16,1010.5,1012.34,1011.23,3.0,1.72,14.0,0.0,0.4,0.6,2.5,4.5,6.0,4.3,4.0,2.1,16.0,0.3,0.5,0.7,-28.3,-14.9,-13.0,-20.4,4.0,12.4,16.0,0.3,0.5,0.7,15.1,21.2,29.6,22.3,4.0,10.5,16.0,0.3,0.5,0.7,-0.13,1.75,3.21,1.55,4.0,1.97,16.0,0.3,0.5,0.7,-0.7,7.8,14.9,7.2,4.0,9.6,16.0,0.3,0.5,0.7,6.45,7.96,7.99,7.24,3.0,1.29,14.0,0.0,0.4,0.6,34.5,38.5,40.1,37.3,3.0,4.2,14.0,0.0,0.4,0.6,-112.4,-75.9,-63.9,-87.6,4.0,39.8,16.0,0.3,0.5,0.7,73.0,87.4,120.3,96.2,4.0,35.7,16.0,0.3,0.5,0.7,-72.5,-45.7,-45.4,-58.6,3.0,22.8,14.0,0.0,0.4,0.6,41.5,49.0,52.8,47.2,3.0,8.4,14.0,0.0,0.4,0.6,-31.1,-26.2,-25.4,-28.2,3.0,4.5,14.0,0.0,0.4,0.6,19.8,21.0,28.0,23.8,3.0,6.5,14.0,0.0,0.4,0.6,99.5,185.5,271.0,185.0,4.0,104.0,16.0,0.3,0.5,0.7,100.0,185.0,270.0,185.0,4.0,105.0,16.0,0.3,0.5,0.7
1974,2,351.0,-12.0,,,,,,,,,,,,,,,,,,,,,,,,,,,,,,,,,,,,,,,,9.0,9.0,9.0,9.0,1.0,0.0,22.0,1.0,0.2,0.2,-3.08,-3.08,-3.08,-3.08,1.0,0.0,22.0,1.0,0.2,0.2,8.46,8.46,8.46,8.46,1.0,0.0,22.0,1.0,0.2,0.2,1009.1,1009.1,1009.1,1009.1,1.0,0.0,22.0,1.0,0.2,0.2,,,,,,,,,,,,,,,,,,,,,,,,,,,,,,,,,,,,,,,,,,,,,,,,,,,,,,,,,,,,,,,,,,,,,,,,,,,,,,,,,,,,,,,,,,,,,,,,,,,,,,,,,,,,,,,,,,,,,,,,,,,,,,,,,,,,,,,,,,,,,,,,,,,,,,
1974,2,351.0,-11.0,26.1,26.1,26.1,26.1,1.0,0.0,24.0,1.0,0.9,0.5,26.5,26.5,26.5,26.5,1.0,0.0,24.0,1.0,0.9,0.5,17.36,17.36,17.36,17.36,1.0,0.0,24.0,1.0,0.9,0.5,80.1,80.1,80.1,80.1,1.0,0.0,24.0,1.0,0.5,4.6,4.6,4.6,4.6,1.0,0.0,24.0,1.0,0.9,0.5,-2.96,-2.96,-2.96,-2.96,1.0,0.0,24.0,1.0,0.9,0.5,3.52,3.52,3.52,3.52,1.0,0.0,24.0,1.0,0.9,0.5,1009.5,1009.5,1009.5,1009.5,1.0,0.0,24.0,1.0,0.9,0.5,3.0,3.0,3.0,3.0,1.0,0.0,24.0,1.0,0.9,0.5,-13.6,-13.6,-13.6,-13.6,1.0,0.0,24.0,1.0,0.9,0.5,16.2,16.2,16.2,16.2,1.0,0.0,24.0,1.0,0.9,0.5,-0.4,-0.4,-0.4,-0.4,1.0,0.0,24.0,1.0,0.9,0.5,-1.8,-1.8,-1.8,-1.8,1.0,0.0,24.0,1.0,0.9,0.5,3.85,3.85,3.85,3.85,1.0,0.0,24.0,1.0,0.9,0.5,17.7,17.7,17.7,17.7,1.0,0.0,24.0,1.0,0.9,0.5,-78.4,-78.4,-78.4,-78.4,1.0,0.0,24.0,1.0,0.9,0.5,93.4,93.4,93.4,93.4,1.0,0.0,24.0,1.0,0.9,0.5,-51.3,-51.3,-51.3,-51.3,1.0,0.0,24.0,1.0,0.9,0.5,61.2,61.2,61.2,61.2,1.0,0.0,24.0,1.0,0.9,0.5,-11.4,-11.4,-11.4,-11.4,1.0,0.0,24.0,1.0,0.9,0.5,13.6,13.6,13.6,13.6,1.0,0.0,24.0,1.0,0.9,0.5,97.5,97.5,97.5,97.5,1.0,0.0,24.0,1.0,0.9,0.5,95.0,95.0,95.0,95.0,1.0,0.0,24.0,1.0,0.9,0.5
1974,2,351.0,-10.0,27.03,27.1,27.17,27.1,2.0,0.14,18.0,1.0,0.6,0.3,26.14,26.45,26.76,26.45,2.0,0.64,18.0,1.0,0.6,0.3,15.63,15.98,16.34,15.98,2.0,0.74,18.0,1.0,0.6,0.3,71.5,74.4,77.3,74.4,2.0,6.0,18.0,1.0,0.3,6.52,7.2,7.88,7.2,2.0,1.41,18.0,1.0,0.6,0.3,-6.97,-5.4,-3.83,-5.4,2.0,3.26,18.0,1.0,0.6,0.3,3.21,4.09,4.96,4.09,2.0,1.81,18.0,1.0,0.6,0.3,1011.17,1012.4,1013.63,1012.4,2.0,2.55,18.0,1.0,0.6,0.3,2.3,3.0,3.7,3.0,2.0,1.4,18.0,1.0,0.6,0.3,-56.2,-41.2,-26.2,-41.2,2.0,31.1,18.0,1.0,0.6,0.3,24.6,28.1,31.7,28.1,2.0,7.3,18.0,1.0,0.6,0.3,0.27,0.65,1.03,0.65,2.0,0.78,18.0,1.0,0.6,0.3,2.1,5.2,8.4,5.2,2.0,6.5,18.0,1.0,0.6,0.3,6.22,6.46,6.7,6.46,2.0,0.49,18.0,1.0,0.6,0.3,43.5,46.2,48.9,46.2,2.0,5.6,18.0,1.0,0.6,0.3,-181.8,-141.9,-102.0,-141.9,2.0,82.7,18.0,1.0,0.6,0.3,84.3,108.7,133.1,108.7,2.0,50.6,18.0,1.0,0.6,0.3,-114.6,-87.6,-60.5,-87.6,2.0,56.0,18.0,1.0,0.6,0.3,52.1,64.7,77.2,64.7,2.0,26.0,18.0,1.0,0.6,0.3,-43.0,-34.1,-25.2,-34.1,2.0,18.4,18.0,1.0,0.6,0.3,20.2,26.9,33.5,26.9,2.0,13.7,18.0,1.0,0.6,0.3,288.0,395.0,501.5,395.0,2.0,221.5,18.0,1.0,0.6,0.3,290.0,395.0,500.0,395.0,2.0,220.0,18.0,1.0,0.6,0.3
1974,2,351.0,-9.0,26.16,26.5,26.84,26.5,2.0,0.71,14.0,1.0,0.5,0.8,26.99,27.4,27.81,27.4,2.0,0.85,14.0,1.0,0.5,0.8,16.39,16.87,17.36,16.87,2.0,1.0,14.0,1.0,0.5,0.8,70.4,74.2,77.9,74.2,2.0,7.8,14.0,1.0,0.8,2.18,2.35,2.52,2.35,2.0,0.35,14.0,1.0,0.5,0.8,-1.62,-1.51,-1.4,-1.51,2.0,0.23,14.0,1.0,0.5,0.8,1.67,1.8,1.93,1.8,2.0,0.27,14.0,1.0,0.5,0.8,1009.59,1010.85,1012.11,1010.85,2.0,2.62,14.0,1.0,0.5,0.8,2.5,3.5,4.5,3.5,2.0,2.1,14.0,1.0,0.5,0.8,-4.1,-3.6,-3.1,-3.6,2.0,1.1,14.0,1.0,0.5,0.8,3.7,4.3,4.9,4.3,2.0,1.3,14.0,1.0,0.5,0.8,-0.97,-0.9,-0.83,-0.9,2.0,0.14,14.0,1.0,0.5,0.8,-2.5,-2.1,-1.8,-2.1,2.0,0.7,14.0,1.0,0.5,0.8,3.92,4.82,5.72,4.82,2.0,1.86,14.0,1.0,0.5,0.8,8.7,11.7,14.6,11.7,2.0,6.1,14.0,1.0,0.5,0.8,-45.1,-41.5,-37.9,-41.5,2.0,7.5,14.0,1.0,0.5,0.8,45.1,49.4,53.8,49.4,2.0,8.9,14.0,1.0,0.5,0.8,-26.5,-25.4,-24.3,-25.4,2.0,2.3,14.0,1.0,0.5,0.8,28.9,30.2,31.6,30.2,2.0,2.8,14.0,1.0,0.5,0.8,-9.4,-7.5,-5.6,-7.5,2.0,3.9,14.0,1.0,0.5,0.8,6.7,8.9,11.2,8.9,2.0,4.7,14.0,1.0,0.5,0.8,10.5,13.5,16.5,13.5,2.0,6.0,14.0,1.0,0.5,0.8,10.0,15.0,15.0,15.0,2.0,5.0,14.0,1.0,0.5,0.8
1974,2,351.0,-5.0,27.06,27.8,28.0,27.58,5.0,0.49,12.0,0.4,0.8,0.7,26.32,26.6,30.35,27.98,5.0,2.23,12.0,0.4,0.7,0.7,16.2,16.42,16.64,16.42,2.0,0.45,8.0,0.0,0.7,0.6,75.2,76.8,87.2,81.1,3.0,9.5,12.0,0.0,0.7,2.92,3.6,6.23,4.52,5.0,2.26,10.0,0.6,0.7,0.6,-4.01,-2.31,-2.16,-3.02,5.0,1.35,10.0,0.6,0.7,0.6,1.98,2.76,4.77,3.32,5.0,1.9,10.0,0.6,0.7,0.6,1008.16,1009.1,1011.36,1009.66,5.0,1.98,10.0,0.6,0.7,0.6,3.0,4.5,6.2,4.7,6.0,1.6,12.0,0.5,0.7,0.7,-26.4,-8.3,-6.1,-16.1,5.0,15.8,10.0,0.6,0.7,0.6,5.9,9.9,31.5,18.4,5.0,19.5,10.0,0.6,0.7,0.6,-1.65,1.0,1.66,0.05,4.0,2.5,10.0,0.3,0.8,0.7,-19.3,2.6,4.0,-7.4,3.0,19.2,8.0,0.3,0.7,0.6,6.08,6.7,7.33,6.7,2.0,1.29,8.0,0.0,0.7,0.6,24.5,26.6,28.6,26.6,2.0,4.2,8.0,0.0,0.7,0.6,-126.0,-77.6,-60.0,-92.3,4.0,48.1,10.0,0.5,0.6,0.6,50.5,83.4,150.2,99.6,4.0,67.3,10.0,0.5,0.6,0.6,-51.3,-43.5,-35.7,-43.5,2.0,16.1,8.0,0.0,0.7,0.6,42.6,51.8,61.1,51.8,2.0,19.2,8.0,0.0,0.7,0.6,-18.4,-17.1,-15.8,-17.1,2.0,2.7,8.0,0.0,0.7,0.6,18.8,20.3,21.9,20.3,2.0,3.2,8.0,0.0,0.7,0.6,25.5,46.5,285.5,155.5,5.0,226.0,10.0,0.6,0.7,0.6,25.0,45.0,285.0,155.0,5.0,225.0,10.0,0.6,0.7,0.6
1974,2,351.0,-4.0,26.79,27.0,28.0,27.25,11.0,0.62,12.0,0.5,0.7,0.7,26.21,27.0,27.84,27.01,11.0,0.82,12.0,0.5,0.7,0.7,17.26,18.37,19.04,18.18,6.0,0.93,10.0,0.5,0.7,0.8,75.2,82.0,89.0,82.3,6.0,7.2,10.0,0.5,0.8,3.49,5.55,7.11,5.22,10.0,1.96,10.0,0.4,0.7,0.7,-4.99,-3.28,-1.64,-3.17,10.0,1.67,10.0,0.4,0.7,0.7,1.82,4.13,5.79,3.88,10.0,1.86,10.0,0.4,0.7,0.7,1008.64,1009.05,1009.76,1009.19,10.0,1.2,12.0,0.5,0.7,0.7,1.0,3.0,3.4,2.5,11.0,1.6,12.0,0.5,0.7,0.7,-32.6,-18.4,-5.8,-18.9,10.0,13.2,10.0,0.4,0.7,0.7,5.7,21.9,40.2,22.8,10.0,16.1,10.0,0.4,0.7,0.7,-0.37,0.0,0.71,0.24,11.0,0.8,12.0,0.5,0.7,0.7,-2.0,0.2,2.4,0.4,10.0,3.3,10.0,0.4,0.7,0.7,3.46,4.84,5.71,4.56,6.0,1.29,10.0,0.5,0.7,0.8,11.1,18.8,31.9,21.4,5.0,13.7,10.0,0.4,0.7,0.7,-137.3,-90.0,-43.6,-85.9,10.0,46.0,10.0,0.4,0.7,0.7,46.8,112.6,155.0,104.8,10.0,51.0,10.0,0.4,0.7,0.7,-74.1,-49.8,-27.6,-50.8,5.0,31.2,10.0,0.4,0.7,0.7,38.1,59.3,109.7,70.1,5.0,38.6,10.0,0.4,0.7,0.7,-18.3,-12.1,-6.5,-12.2,5.0,7.3,10.0,0.4,0.7,0.7,8.9,14.4,26.0,17.4,5.0,11.9,10.0,0.4,0.7,0.7,44.5,174.5,360.5,193.0,10.0,155.5,10.0,0.4,0.7,0.7,45.0,175.0,360.0,195.0,10.0,155.0,10.0,0.4,0.7,0.7
1974,2,351.0,-3.0,26.9,28.0,28.9,27.83,45.0,1.05,14.0,0.6,0.6,0.7,26.49,27.3,28.8,27.47,51.0,1.33,14.0,0.5,0.6,0.7,17.6,18.46,19.13,18.46,36.0,1.47,12.0,0.5,0.7,0.7,75.8,80.0,86.9,81.7,36.0,6.6,12.0,0.5,0.7,2.6,4.6,7.22,4.9,45.0,2.45,12.0,0.6,0.6,0.7,-4.31,-2.64,-1.06,-2.46,45.0,1.8,12.0,0.6,0.6,0.7,1.99,3.52,5.54,3.89,45.0,2.37,12.0,0.6,0.6,0.7,1007.9,1010.3,1012.01,1010.06,51.0,2.02,14.0,0.5,0.6,0.7,3.0,5.0,7.0,4.7,48.0,2.1,12.0,0.6,0.6,0.7,-25.7,-12.9,-3.3,-14.4,45.0,14.2,12.0,0.6,0.6,0.7,5.2,16.2,40.1,24.3,45.0,25.8,12.0,0.6,0.6,0.7,-0.9,0.4,1.8,0.5,45.0,1.43,14.0,0.6,0.6,0.7,-3.6,0.9,7.7,1.2,40.0,9.2,12.0,0.6,0.6,0.7,3.37,4.99,6.26,4.77,32.0,1.73,12.0,0.5,0.6,0.7,8.6,20.7,28.1,19.4,29.0,11.3,12.0,0.5,0.6,0.7,-114.6,-76.2,-28.3,-67.9,45.0,49.7,12.0,0.6,0.6,0.7,52.6,98.7,148.7,107.5,45.0,67.7,12.0,0.6,0.6,0.7,-81.8,-52.3,-21.7,-46.2,33.0,35.6,12.0,0.5,0.6,0.7,30.3,62.3,93.0,65.7,33.0,39.6,12.0,0.5,0.6,0.7,-20.4,-10.4,-2.6,-11.3,29.0,9.5,12.0,0.5,0.6,0.7,5.4,13.2,21.9,14.2,29.0,9.3,12.0,0.5,0.6,0.7,17.5,97.5,376.5,210.0,45.0,285.0,12.0,0.6,0.6,0.7,20.0,95.0,375.0,210.0,45.0,285.0,12.0,0.6,0.6,0.7
1974,2,351.0,-2.0,26.8,28.0,28.6,27.73,99.0,0.97,16.0,0.6,0.6,0.6,26.27,27.05,28.13,27.25,106.0,1.13,16.0,0.5,0.6,0.6,17.53,18.27,19.0,18.35,85.0,1.1,16.0,0.5,0.6,0.6,76.4,80.3,87.2,81.4,87.0,5.5,16.0,0.5,0.6,2.6,4.0,5.24,4.02,94.0,1.55,14.0,0.5,0.6,0.6,-3.34,-1.56,0.89,-1.37,94.0,2.15,14.0,0.5,0.6,0.6,1.99,3.05,4.6,3.19,94.0,1.38,14.0,0.5,0.6,0.6,1007.9,1009.6,1012.0,1009.92,105.0,2.1,16.0,0.5,0.6,0.6,2.0,4.0,8.0,4.5,107.0,2.5,16.0,0.5,0.6,0.6,-16.2,-4.4,2.3,-7.4,94.0,12.3,14.0,0.5,0.6,0.6,5.9,12.2,24.4,14.5,94.0,10.6,14.0,0.5,0.6,0.6,-0.5,0.5,1.58,0.52,97.0,1.28,16.0,0.5,0.6,0.6,-3.1,1.6,6.4,2.1,85.0,5.8,16.0,0.5,0.6,0.6,3.55,4.8,6.26,4.87,79.0,1.53,16.0,0.6,0.6,0.6,11.5,18.2,25.9,18.7,71.0,9.5,16.0,0.6,0.6,0.6,-94.1,-38.9,23.7,-36.4,92.0,59.1,14.0,0.5,0.6,0.6,54.4,86.0,125.3,86.8,92.0,37.5,14.0,0.5,0.6,0.6,-58.9,-23.8,10.4,-25.1,76.0,37.5,16.0,0.5,0.6,0.6,37.2,55.3,83.3,58.0,76.0,24.9,16.0,0.5,0.6,0.6,-14.5,-6.8,2.2,-7.3,71.0,9.8,16.0,0.6,0.6,0.6,8.4,14.6,21.2,15.2,71.0,7.8,16.0,0.6,0.6,0.6,17.5,64.0,145.5,94.5,94.0,105.0,14.0,0.5,0.6,0.6,20.0,65.0,145.0,95.0,94.0,105.0,14.0,0.5,0.6,0.6
1974,2,351.0,-1.0,27.0,27.8,28.81,27.83,66.0,0.96,14.0,0.5,0.4,0.4,26.66,27.4,28.6,27.55,68.0,0.95,14.0,0.5,0.4,0.4,17.59,18.46,19.42,18.55,60.0,1.15,14.0,0.5,0.5,0.4,76.3,80.2,86.1,80.9,61.0,5.7,14.0,0.5,0.4,2.6,4.1,5.7,4.11,66.0,1.79,14.0,0.5,0.4,0.4,-3.22,-1.67,0.0,-1.49,66.0,1.8,14.0,0.5,0.4,0.4,1.97,3.4,5.22,3.4,66.0,1.76,14.0,0.5,0.4,0.4,1007.69,1009.4,1011.67,1009.67,68.0,2.3,14.0,0.5,0.4,0.4,1.3,4.0,7.0,3.8,66.0,2.4,14.0,0.5,0.4,0.4,-19.2,-5.5,0.0,-7.5,66.0,10.7,14.0,0.5,0.4,0.4,4.1,13.8,29.8,16.7,66.0,14.8,14.0,0.5,0.4,0.4,-1.0,0.4,1.3,0.28,65.0,1.23,14.0,0.5,0.4,0.4,-3.3,1.2,4.6,0.5,63.0,6.2,14.0,0.5,0.4,0.4,3.69,5.04,6.48,5.02,57.0,1.54,14.0,0.5,0.4,0.5,11.0,18.9,29.6,19.7,55.0,9.3,14.0,0.5,0.5,0.4,-88.7,-45.6,0.0,-40.5,65.0,50.1,14.0,0.5,0.5,0.4,54.1,92.5,138.6,95.9,65.0,46.8,14.0,0.5,0.5,0.4,-55.9,-27.6,0.0,-25.5,57.0,33.4,14.0,0.5,0.5,0.4,36.4,62.6,86.7,61.7,57.0,28.8,14.0,0.5,0.5,0.4,-13.2,-6.5,0.0,-6.6,55.0,8.8,14.0,0.5,0.5,0.4,8.8,16.7,23.3,17.0,55.0,8.3,14.0,0.5,0.5,0.4,17.5,69.0,185.0,110.0,66.0,132.5,14.0,0.5,0.4,0.4,20.0,70.0,185.0,110.0,66.0,135.0,14.0,0.5,0.4,0.4
1974,2,351.0,0.0,27.5,29.0,30.0,28.88,18.0,1.24,16.0,0.6,0.4,0.5,26.61,27.7,28.93,27.66,18.0,1.11,16.0,0.6,0.4,0.5,17.48,18.9,19.46,18.58,13.0,1.28,16.0,0.5,0.4,0.4,75.3,82.1,85.4,80.8,13.0,5.9,16.0,0.5,0.4,2.6,4.05,5.36,4.2,18.0,1.73,16.0,0.6,0.4,0.5,-2.53,-0.8,1.54,-0.66,18.0,1.95,16.0,0.6,0.4,0.5,2.03,3.29,5.24,3.62,18.0,1.88,16.0,0.6,0.4,0.5,1007.16,1009.0,1010.89,1009.45,17.0,2.54,16.0,0.5,0.4,0.5,1.0,5.0,8.0,4.4,17.0,3.0,16.0,0.6,0.4,0.5,-11.1,-1.9,4.0,-3.2,18.0,8.8,16.0,0.6,0.4,0.5,5.4,12.5,29.1,18.1,18.0,17.9,16.0,0.6,0.4,0.5,0.31,0.9,2.3,1.23,18.0,1.32,16.0,0.6,0.4,0.5,0.9,4.4,9.1,4.8,18.0,4.3,16.0,0.6,0.4,0.5,4.53,5.64,8.39,6.14,13.0,1.64,16.0,0.5,0.4,0.4,14.6,22.1,35.0,25.7,13.0,12.9,16.0,0.5,0.4,0.4,-69.9,-23.0,42.6,-18.4,18.0,53.8,16.0,0.6,0.4,0.5,57.3,86.8,149.0,99.3,18.0,49.9,16.0,0.6,0.4,0.5,-46.2,-16.1,16.5,-16.5,13.0,32.3,16.0,0.5,0.4,0.4,37.2,59.8,102.3,68.4,13.0,33.2,16.0,0.5,0.4,0.4,-13.0,-7.3,3.6,-5.3,13.0,11.4,16.0,0.5,0.4,0.4,12.7,18.3,25.6,22.3,13.0,13.5,16.0,0.5,0.4,0.4,17.5,66.5,159.0,114.0,18.0,157.0,16.0,0.6,0.4,0.5,20.0,65.0,160.0,115.0,18.0,155.0,16.0,0.6,0.4,0.5
1974,2,351.0,1.0,27.79,28.75,29.21,28.58,6.0,1.02,10.0,0.7,0.7,0.5,26.83,27.75,28.81,27.87,6.0,1.39,10.0,0.5,0.8,0.6,18.67,18.67,18.67,18.67,1.0,0.0,4.0,1.0,0.9,0.8,77.8,80.1,82.5,80.1,2.0,5.0,4.0,0.5,0.6,0.0,3.0,3.62,2.31,7.0,1.64,12.0,0.6,0.7,0.5,-1.98,-1.3,0.02,-1.08,7.0,1.3,12.0,0.6,0.7,0.5,0.0,2.3,2.96,1.88,7.0,1.33,12.0,0.6,0.7,0.5,1008.09,1010.1,1012.09,1010.06,5.0,2.83,12.0,0.8,0.7,0.5,1.9,3.0,7.0,3.9,7.0,2.8,12.0,0.6,0.7,0.5,-6.8,-3.4,0.1,-3.8,7.0,4.8,12.0,0.6,0.7,0.5,0.0,6.9,10.3,6.2,7.0,4.6,12.0,0.6,0.7,0.5,-1.1,1.0,2.66,0.76,5.0,2.53,8.0,0.6,0.8,0.6,0.0,0.0,7.5,3.3,5.0,5.0,8.0,0.6,0.8,0.6,5.78,5.78,5.78,5.78,1.0,0.0,4.0,1.0,0.9,0.8,20.8,20.8,20.8,20.8,1.0,0.0,4.0,1.0,0.9,0.8,-52.1,-17.5,2.8,-21.3,6.0,29.5,10.0,0.5,0.8,0.6,0.0,63.1,79.8,48.8,6.0,39.0,10.0,0.5,0.8,0.6,-33.6,-33.6,-33.6,-33.6,1.0,0.0,4.0,1.0,0.9,0.8,58.2,58.2,58.2,58.2,1.0,0.0,4.0,1.0,0.9,0.8,-10.4,-10.4,-10.4,-10.4,1.0,0.0,4.0,1.0,0.9,0.8,18.0,18.0,18.0,18.0,1.0,0.0,4.0,1.0,0.9,0.8,0.0,27.0,47.5,26.0,7.0,23.5,12.0,0.6,0.7,0.5,0.0,25.0,45.0,25.0,7.0,25.0,12.0,0.6,0.7,0.5
1974,2,351.0,2.0,25.79,28.2,29.6,27.82,6.0,1.96,22.0,0.5,0.6,0.5,26.43,27.8,28.71,27.5,7.0,1.39,20.0,0.6,0.6,0.5,18.52,18.9,19.52,19.02,4.0,0.63,20.0,0.8,0.8,0.6,77.3,78.3,79.5,78.4,4.0,1.3,20.0,0.8,0.6,3.93,4.1,5.11,4.51,7.0,1.4,20.0,0.6,0.6,0.5,-1.51,0.0,2.64,0.38,7.0,2.62,20.0,0.6,0.6,0.5,1.44,3.85,4.99,2.86,7.0,3.03,20.0,0.6,0.6,0.5,1007.45,1010.4,1013.82,1010.68,6.0,3.45,18.0,0.7,0.6,0.5,2.8,4.5,6.4,4.7,6.0,2.2,18.0,0.7,0.6,0.5,-6.7,0.0,10.7,-0.3,7.0,14.1,20.0,0.6,0.6,0.5,3.6,15.8,25.6,15.0,7.0,17.6,20.0,0.6,0.6,0.5,-2.44,-0.25,2.38,0.15,6.0,2.92,22.0,0.5,0.6,0.5,-9.8,-1.0,8.7,1.0,6.0,13.3,22.0,0.5,0.6,0.5,2.85,5.24,6.58,4.74,4.0,2.57,20.0,0.8,0.8,0.6,11.6,18.9,23.1,17.4,4.0,9.1,20.0,0.8,0.8,0.6,-42.9,0.0,72.2,11.5,7.0,71.7,20.0,0.6,0.6,0.5,40.2,110.6,125.1,77.9,7.0,81.3,20.0,0.6,0.6,0.5,-14.1,18.5,56.1,20.9,4.0,43.8,20.0,0.8,0.8,0.6,36.5,58.2,77.8,57.2,4.0,24.2,20.0,0.8,0.8,0.6,-3.4,7.2,19.1,7.8,4.0,13.5,20.0,0.8,0.8,0.6,8.4,12.8,15.7,12.1,4.0,5.3,20.0,0.8,0.8,0.6,62.0,69.0,137.0,116.5,7.0,118.0,20.0,0.6,0.6,0.5,60.0,70.0,135.0,115.0,7.0,120.0,20.0,0.6,0.6,0.5
1974,2,351.0,3.0,28.32,28.7,29.27,28.64,8.0,0.94,10.0,0.6,0.5,0.5,26.73,27.75,28.99,27.64,8.0,1.4,8.0,0.5,0.5,0.4,17.92,18.69,20.58,19.25,7.0,2.04,8.0,0.6,0.5,0.5,73.5,83.3,89.0,81.2,7.0,7.8,8.0,0.6,0.5,0.4,2.1,4.97,2.74,9.0,2.19,10.0,0.6,0.5,0.5,-1.33,0.0,2.91,0.31,9.0,2.74,10.0,0.6,0.5,0.5,0.0,2.1,2.58,1.69,9.0,1.57,10.0,0.6,0.5,0.5,1008.64,1009.25,1010.39,1009.34,8.0,1.16,8.0,0.5,0.5,0.4,3.5,7.0,8.0,6.0,9.0,2.2,10.0,0.6,0.5,0.5,-3.8,0.0,13.4,1.5,9.0,14.3,10.0,0.6,0.5,0.5,0.0,4.4,10.0,6.6,9.0,9.4,10.0,0.6,0.5,0.5,-0.77,0.5,1.53,0.44,7.0,1.51,8.0,0.6,0.5,0.5,-2.6,0.8,3.4,0.2,7.0,6.2,8.0,0.6,0.5,0.5,3.52,4.74,7.63,5.17,7.0,2.33,8.0,0.6,0.5,0.5,3.7,16.4,29.7,15.8,7.0,13.1,8.0,0.6,0.5,0.5,-42.3,0.0,102.7,10.9,8.0,83.3,8.0,0.5,0.5,0.4,4.0,54.6,76.6,52.6,8.0,42.7,8.0,0.5,0.5,0.4,-37.7,0.0,72.7,4.7,7.0,60.3,8.0,0.6,0.5,0.5,0.0,34.9,63.3,37.2,7.0,34.4,8.0,0.6,0.5,0.5,-4.3,0.0,19.1,3.5,7.0,16.1,8.0,0.6,0.5,0.5,0.0,6.2,17.8,9.4,7.0,9.2,8.0,0.6,0.5,0.5,1.0,9.5,123.0,58.0,9.0,83.0,10.0,0.6,0.5,0.5,0.0,10.0,125.0,60.0,9.0,85.0,10.0,0.6,0.5,0.5
1974,2,351.0,4.0,27.0,28.0,29.42,28.15,63.0,1.37,14.0,0.4,0.6,0.4,26.48,27.6,29.42,27.79,63.0,1.53,14.0,0.4,0.6,0.4,18.37,19.42,20.01,19.17,30.0,1.1,14.0,0.2,0.6,0.3,78.4,83.7,89.3,84.0,36.0,6.4,14.0,0.3,0.4,0.0,2.6,5.06,2.84,54.0,2.03,14.0,0.4,0.6,0.4,-1.27,0.09,2.48,0.71,54.0,2.19,14.0,0.4,0.6,0.4,0.0,1.14,3.25,1.1,54.0,2.41,14.0,0.4,0.6,0.4,1007.21,1009.25,1012.5,1009.58,58.0,2.53,14.0,0.4,0.6,0.4,2.0,6.0,8.0,5.2,58.0,2.7,14.0,0.4,0.6,0.4,-3.4,0.1,10.9,3.7,54.0,11.8,14.0,0.4,0.6,0.4,0.0,2.5,11.4,4.1,54.0,12.0,14.0,0.4,0.6,0.4,-1.0,0.2,1.8,0.29,60.0,1.65,14.0,0.4,0.6,0.4,-2.8,0.0,4.5,0.7,49.0,6.5,14.0,0.4,0.6,0.4,2.59,4.44,5.51,4.28,29.0,1.74,14.0,0.2,0.6,0.4,0.0,10.9,20.3,10.9,24.0,8.8,14.0,0.3,0.6,0.4,-34.9,0.0,67.8,17.5,52.0,62.4,14.0,0.4,0.6,0.4,0.0,33.3,87.4,32.5,52.0,64.6,14.0,0.4,0.6,0.4,-24.0,0.0,20.2,0.1,25.0,28.4,14.0,0.3,0.6,0.3,0.0,25.1,52.8,20.3,25.0,38.3,14.0,0.3,0.6,0.3,-6.5,0.0,4.9,0.4,24.0,6.9,14.0,0.3,0.6,0.4,0.0,6.6,16.6,6.1,24.0,10.7,14.0,0.3,0.6,0.4,0.0,17.5,129.5,58.5,54.0,81.0,14.0,0.4,0.6,0.4,0.0,20.0,130.0,60.0,54.0,80.0,14.0,0.4,0.6,0.4
1974,2,351.0,32.0,,,,,,,,,,,,,,,,,,,,,,,,,,,,,,,,,,,,,,,,8.7,8.7,8.7,8.7,1.0,0.0,8.0,0.0,0.2,0.6,-6.66,-6.66,-6.66,-6.66,1.0,0.0,8.0,0.0,0.2,0.6,-5.59,-5.59,-5.59,-5.59,1.0,0.0,8.0,0.0,0.2,0.6,1012.3,1012.3,1012.3,1012.3,1.0,0.0,8.0,0.0,0.2,0.6,,,,,,,,,,,,,,,,,,,,,,,,,,,,,,,,,,,,,,,,,,,,,,,,,,,,,,,,,,,,,,,,,,,,,,,,,,,,,,,,,,,,,,,,,,,,,,,,,,,,,,,,,,,,,,,,,,,,,,,,,,,,,,,,,,,,,,,,,,,,,,,,,,,,,,
1974,2,351.0,33.0,15.5,16.4,18.0,16.49,64.0,1.14,16.0,0.3,0.4,0.5,13.8,15.65,17.8,15.67,64.0,1.98,16.0,0.2,0.4,0.5,6.75,8.31,10.16,8.21,20.0,1.46,14.0,0.3,0.5,0.5,65.2,72.7,84.9,73.1,20.0,10.5,14.0,0.3,0.5,3.0,5.85,10.0,5.79,64.0,3.54,16.0,0.3,0.5,0.5,-3.07,0.0,4.6,0.41,64.0,4.13,16.0,0.3,0.5,0.5,-6.13,-2.09,3.0,-2.17,64.0,4.95,16.0,0.3,0.5,0.5,1014.96,1020.85,1024.61,1020.14,66.0,5.25,16.0,0.3,0.4,0.5,0.0,3.0,6.0,3.3,61.0,2.6,14.0,0.3,0.5,0.5,-14.6,0.0,33.3,7.2,64.0,38.9,16.0,0.3,0.5,0.5,-49.1,-8.7,16.0,-17.6,64.0,50.8,16.0,0.3,0.5,0.5,-1.0,1.0,2.86,0.9,62.0,1.96,16.0,0.2,0.4,0.5,-5.4,3.0,14.8,4.5,59.0,13.6,16.0,0.3,0.5,0.5,2.83,3.44,4.66,3.5,18.0,1.22,14.0,0.3,0.5,0.5,8.8,22.5,43.1,25.1,18.0,17.0,14.0,0.3,0.5,0.5,-44.4,0.0,75.6,6.1,61.0,68.0,16.0,0.2,0.5,0.5,-112.7,-37.4,43.2,-34.2,61.0,78.3,16.0,0.2,0.5,0.5,-20.6,6.6,62.4,14.3,20.0,41.7,14.0,0.3,0.5,0.5,-58.0,-20.4,23.7,-17.3,20.0,42.5,14.0,0.3,0.5,0.5,-11.1,1.1,18.0,3.2,18.0,18.1,14.0,0.3,0.5,0.5,-33.3,-9.8,6.0,-12.2,18.0,21.5,14.0,0.3,0.5,0.5,27.0,200.5,1000.0,424.0,64.0,644.0,16.0,0.3,0.5,0.5,25.0,200.0,1000.0,425.0,64.0,645.0,16.0,0.3,0.5,0.5
1974,2,351.0,34.0,16.0,16.4,17.7,16.61,35.0,0.93,16.0,0.3,0.7,0.2,13.78,15.45,17.13,15.71,36.0,2.14,16.0,0.3,0.7,0.2,6.84,8.25,9.85,8.15,15.0,1.73,16.0,0.3,0.8,0.2,62.0,75.1,84.6,74.4,15.0,12.5,16.0,0.3,0.2,3.06,4.6,8.42,5.71,36.0,3.86,16.0,0.3,0.7,0.2,-4.1,0.0,3.8,0.22,36.0,4.66,16.0,0.3,0.7,0.2,-5.19,-2.58,2.42,-1.99,36.0,4.75,16.0,0.3,0.7,0.2,1014.56,1018.75,1022.13,1019.09,36.0,4.78,16.0,0.3,0.7,0.2,0.4,3.0,6.0,3.2,35.0,2.5,16.0,0.3,0.7,0.2,-20.5,0.0,24.0,8.1,36.0,57.4,16.0,0.3,0.7,0.2,-40.2,-9.3,9.5,-12.8,36.0,60.5,16.0,0.3,0.7,0.2,-1.0,0.9,3.0,0.9,35.0,2.16,16.0,0.3,0.7,0.2,-3.4,3.2,14.8,4.8,35.0,15.2,16.0,0.3,0.7,0.2,2.55,3.26,5.46,3.45,15.0,1.74,16.0,0.3,0.8,0.2,10.0,15.5,26.7,16.7,15.0,11.0,16.0,0.3,0.8,0.2,-62.4,0.0,54.9,1.1,36.0,75.7,16.0,0.3,0.7,0.2,-94.1,-41.0,36.1,-31.1,36.0,71.6,16.0,0.3,0.7,0.2,-29.9,0.0,32.5,5.0,15.0,38.4,16.0,0.3,0.8,0.2,-27.1,-15.3,19.0,-10.0,15.0,23.7,16.0,0.3,0.8,0.2,-12.2,0.0,12.8,-1.2,15.0,13.3,16.0,0.3,0.8,0.2,-23.2,-4.8,5.9,-8.0,15.0,13.2,16.0,0.3,0.8,0.2,28.5,97.5,599.0,516.0,36.0,1256.0,16.0,0.3,0.7,0.2,30.0,95.0,600.0,515.0,36.0,1255.0,16.0,0.3,0.7,0.2
1974,2,351.0,35.0,15.03,16.05,17.0,16.31,66.0,1.3,12.0,0.3,0.6,0.5,13.93,15.2,17.0,15.26,68.0,1.7,12.0,0.3,0.6,0.5,6.05,8.31,9.79,8.1,34.0,1.66,12.0,0.3,0.6,0.5,61.2,76.2,88.3,74.2,36.0,12.7,12.0,0.3,0.5,3.1,7.0,10.3,7.11,66.0,3.34,12.0,0.3,0.6,0.5,-2.56,1.56,6.62,1.56,66.0,5.15,12.0,0.3,0.6,0.5,-8.19,-4.13,1.18,-3.7,66.0,4.42,12.0,0.3,0.6,0.5,1015.06,1021.1,1024.67,1020.55,66.0,5.26,12.0,0.3,0.6,0.5,2.0,5.0,7.7,4.8,66.0,2.4,12.0,0.3,0.6,0.5,-13.1,7.9,59.0,18.0,66.0,52.5,12.0,0.3,0.6,0.5,-75.8,-21.8,4.5,-32.4,66.0,48.4,12.0,0.3,0.6,0.5,-0.87,1.0,3.0,1.06,66.0,1.73,12.0,0.3,0.6,0.5,-5.1,4.4,20.5,7.7,64.0,13.9,12.0,0.3,0.6,0.5,1.76,3.35,5.44,3.38,33.0,1.74,12.0,0.3,0.6,0.5,6.5,18.9,43.6,23.0,32.0,18.3,12.0,0.3,0.6,0.5,-38.4,25.5,98.3,23.4,66.0,80.9,12.0,0.3,0.6,0.5,-118.3,-59.4,17.2,-55.0,66.0,66.1,12.0,0.3,0.6,0.5,-16.5,26.4,57.9,22.9,33.0,36.6,12.0,0.3,0.6,0.5,-59.9,-36.2,3.5,-31.5,33.0,31.5,12.0,0.3,0.6,0.5,-3.3,8.6,22.2,9.4,32.0,15.9,12.0,0.3,0.6,0.5,-29.5,-13.2,1.4,-15.0,32.0,17.5,12.0,0.3,0.6,0.5,30.0,343.0,1092.5,601.5,66.0,709.0,12.0,0.3,0.6,0.5,30.0,345.0,1095.0,600.0,66.0,710.0,12.0,0.3,0.6,0.5
1974,2,351.0,36.0,14.0,15.3,16.04,15.24,99.0,1.33,16.0,0.2,0.6,0.6,12.2,14.0,15.86,13.96,104.0,1.92,16.0,0.2,0.6,0.6,5.91,7.01,8.61,7.34,48.0,1.52,16.0,0.2,0.6,0.6,64.4,72.5,87.0,74.3,49.0,10.5,16.0,0.2,0.6,4.0,9.0,13.9,8.89,101.0,4.47,16.0,0.2,0.6,0.6,-2.63,3.38,8.68,3.12,101.0,6.28,16.0,0.2,0.6,0.6,-10.7,-4.0,0.0,-4.83,101.0,5.2,16.0,0.2,0.6,0.6,1015.3,1018.8,1024.19,1019.43,104.0,5.09,16.0,0.2,0.6,0.6,0.0,2.0,7.0,2.8,97.0,2.9,14.0,0.2,0.6,0.6,-8.5,26.3,97.9,39.4,101.0,85.5,16.0,0.2,0.6,0.6,-131.3,-24.5,0.0,-54.0,101.0,75.4,16.0,0.2,0.6,0.6,-0.78,1.2,3.15,1.22,97.0,1.89,16.0,0.2,0.6,0.6,-5.2,8.0,30.1,12.5,94.0,20.0,16.0,0.2,0.6,0.6,2.15,3.62,4.77,3.42,47.0,1.39,16.0,0.2,0.6,0.6,9.2,28.3,53.1,30.1,46.0,21.1,16.0,0.2,0.6,0.6,-38.8,44.4,130.0,41.3,99.0,91.5,16.0,0.2,0.6,0.6,-134.2,-58.6,0.0,-62.2,99.0,69.1,16.0,0.2,0.6,0.6,-33.9,14.3,57.5,12.6,47.0,52.6,16.0,0.2,0.6,0.6,-72.3,-25.1,0.0,-30.7,47.0,41.3,16.0,0.2,0.6,0.6,-14.8,6.3,23.2,5.0,46.0,21.8,16.0,0.2,0.6,0.6,-48.9,-8.9,0.0,-17.0,46.0,24.0,16.0,0.2,0.6,0.6,64.0,729.0,2685.5,1253.0,101.0,1562.5,16.0,0.2,0.6,0.6,65.0,730.0,2685.0,1255.0,101.0,1565.0,16.0,0.2,0.6,0.6
1974,2,351.0,38.0,14.76,15.1,15.44,15.1,2.0,0.71,22.0,0.0,0.4,0.6,11.8,12.45,13.1,12.45,2.0,1.34,22.0,0.0,0.4,0.6,7.91,7.91,7.91,7.91,1.0,0.0,24.0,0.0,0.4,0.7,94.8,94.8,94.8,94.8,1.0,0.0,24.0,0.0,0.7,3.34,3.85,4.36,3.85,2.0,1.06,22.0,0.0,0.4,0.6,-0.64,0.26,1.16,0.26,2.0,1.86,22.0,0.0,0.4,0.6,-4.1,-3.62,-3.14,-3.62,2.0,1.0,22.0,0.0,0.4,0.6,1018.75,1019.3,1019.85,1019.3,2.0,1.13,22.0,0.0,0.4,0.6,1.1,3.5,5.9,3.5,2.0,4.9,22.0,0.0,0.4,0.6,-1.6,2.0,5.6,2.0,2.0,7.4,22.0,0.0,0.4,0.6,-18.2,-14.5,-10.8,-14.5,2.0,7.7,22.0,0.0,0.4,0.6,1.66,2.65,3.64,2.65,2.0,2.05,22.0,0.0,0.4,0.6,6.7,9.1,11.6,9.1,2.0,5.1,22.0,0.0,0.4,0.6,3.01,3.01,3.01,3.01,1.0,0.0,24.0,0.0,0.4,0.7,9.3,9.3,9.3,9.3,1.0,0.0,24.0,0.0,0.4,0.7,-6.9,4.4,15.8,4.4,2.0,23.5,22.0,0.0,0.4,0.6,-54.0,-45.7,-37.4,-45.7,2.0,17.3,22.0,0.0,0.4,0.6,-8.4,-8.4,-8.4,-8.4,1.0,0.0,24.0,0.0,0.4,0.7,-23.1,-23.1,-23.1,-23.1,1.0,0.0,24.0,0.0,0.4,0.7,-3.2,-3.2,-3.2,-3.2,1.0,0.0,24.0,0.0,0.4,0.7,-8.8,-8.8,-8.8,-8.8,1.0,0.0,24.0,0.0,0.4,0.7,40.5,63.5,86.5,63.5,2.0,48.0,22.0,0.0,0.4,0.6,40.0,65.0,85.0,65.0,2.0,50.0,22.0,0.0,0.4,0.6
1974,2,351.0,40.0,11.71,12.8,13.89,12.8,2.0,2.26,14.0,0.5,0.6,0.7,10.98,11.8,12.62,11.8,2.0,1.7,14.0,0.5,0.6,0.7,6.08,6.88,7.68,6.88,2.0,1.66,14.0,0.5,0.6,0.7,75.5,80.4,85.4,80.4,2.0,10.2,14.0,0.5,0.7,12.9,12.9,12.9,12.9,1.0,0.0,20.0,1.0,1.0,0.7,-8.29,-8.29,-8.29,-8.29,1.0,0.0,20.0,1.0,1.0,0.7,-9.88,-9.88,-9.88,-9.88,1.0,0.0,20.0,1.0,1.0,0.7,1023.73,1025.3,1026.87,1025.3,2.0,3.25,14.0,0.5,0.6,0.7,8.0,8.0,8.0,8.0,2.0,0.0,14.0,0.5,0.6,0.7,-107.0,-107.0,-107.0,-107.0,1.0,0.0,20.0,1.0,1.0,0.7,-127.5,-127.5,-127.5,-127.5,1.0,0.0,20.0,1.0,1.0,0.7,0.73,1.0,1.27,1.0,2.0,0.57,14.0,0.5,0.6,0.7,7.7,7.7,7.7,7.7,1.0,0.0,20.0,1.0,1.0,0.7,2.09,2.22,2.36,2.22,2.0,0.28,14.0,0.5,0.6,0.7,31.2,31.2,31.2,31.2,1.0,0.0,20.0,1.0,1.0,0.7,-87.9,-87.9,-87.9,-87.9,1.0,0.0,20.0,1.0,1.0,0.7,-104.7,-104.7,-104.7,-104.7,1.0,0.0,20.0,1.0,1.0,0.7,-47.3,-47.3,-47.3,-47.3,1.0,0.0,20.0,1.0,1.0,0.7,-56.4,-56.4,-56.4,-56.4,1.0,0.0,20.0,1.0,1.0,0.7,-20.1,-20.1,-20.1,-20.1,1.0,0.0,20.0,1.0,1.0,0.7,-23.9,-23.9,-23.9,-23.9,1.0,0.0,20.0,1.0,1.0,0.7,2146.5,2146.5,2146.5,2146.5,1.0,0.0,20.0,1.0,1.0,0.7,2145.0,2145.0,2145.0,2145.0,1.0,0.0,20.0,1.0,1.0,0.7
1974,2,351.0,41.0,,,,,,,,,,,,,,,,,,,,,,,,,,,,,,,,,,,,,,,,19.0,19.0,19.0,19.0,1.0,0.0,14.0,0.0,0.4,0.7,18.71,18.71,18.71,18.71,1.0,0.0,14.0,0.0,0.4,0.7,3.3,3.3,3.3,3.3,1.0,0.0,14.0,0.0,0.4,0.7,1007.9,1007.9,1007.9,1007.9,1.0,0.0,14.0,0.0,0.4,0.7,,,,,,,,,,,,,,,,,,,,,,,,,,,,,,,,,,,,,,,,,,,,,,,,,,,,,,,,,,,,,,,,,,,,,,,,,,,,,,,,,,,,,,,,,,,,,,,,,,,,,,,,,,,,,,,,,,,,,,,,,,,,,,,,,,,,,,,,,,,,,,,,,,,,,,
1974,2,351.0,42.0,14.4,14.4,14.4,14.4,1.0,0.0,20.0,0.0,0.4,0.8,12.2,12.2,12.2,12.2,1.0,0.0,20.0,0.0,0.4,0.8,6.25,6.25,6.25,6.25,1.0,0.0,20.0,0.0,0.4,0.8,71.5,71.5,71.5,71.5,1.0,0.0,20.0,0.0,0.8,13.4,13.4,13.4,13.4,1.0,0.0,20.0,0.0,0.4,0.8,-6.7,-6.7,-6.7,-6.7,1.0,0.0,20.0,0.0,0.4,0.8,-11.6,-11.6,-11.6,-11.6,1.0,0.0,20.0,0.0,0.4,0.8,1018.5,1018.5,1018.5,1018.5,1.0,0.0,20.0,0.0,0.4,0.8,4.0,4.0,4.0,4.0,1.0,0.0,20.0,0.0,0.4,0.8,-89.8,-89.8,-89.8,-89.8,1.0,0.0,20.0,0.0,0.4,0.8,-155.5,-155.5,-155.5,-155.5,1.0,0.0,20.0,0.0,0.4,0.8,2.2,2.2,2.2,2.2,1.0,0.0,20.0,0.0,0.4,0.8,29.5,29.5,29.5,29.5,1.0,0.0,20.0,0.0,0.4,0.8,3.87,3.87,3.87,3.87,1.0,0.0,20.0,0.0,0.4,0.8,51.8,51.8,51.8,51.8,1.0,0.0,20.0,0.0,0.4,0.8,-81.7,-81.7,-81.7,-81.7,1.0,0.0,20.0,0.0,0.4,0.8,-141.6,-141.6,-141.6,-141.6,1.0,0.0,20.0,0.0,0.4,0.8,-41.9,-41.9,-41.9,-41.9,1.0,0.0,20.0,0.0,0.4,0.8,-72.6,-72.6,-72.6,-72.6,1.0,0.0,20.0,0.0,0.4,0.8,-25.9,-25.9,-25.9,-25.9,1.0,0.0,20.0,0.0,0.4,0.8,-44.9,-44.9,-44.9,-44.9,1.0,0.0,20.0,0.0,0.4,0.8,2406.0,2406.0,2406.0,2406.0,1.0,0.0,20.0,0.0,0.4,0.8,2405.0,2405.0,2405.0,2405.0,1.0,0.0,20.0,0.0,0.4,0.8
1974,2,351.0,43.0,12.0,13.0,14.0,12.9,46.0,1.18,16.0,0.4,0.3,0.7,10.0,11.6,13.0,11.63,49.0,1.62,16.0,0.3,0.3,0.7,4.64,5.73,7.12,5.93,39.0,1.18,16.0,0.4,0.3,0.7,58.8,69.7,81.0,70.3,39.0,12.7,16.0,0.4,0.7,7.01,13.9,18.07,13.17,49.0,5.64,16.0,0.3,0.3,0.7,-6.1,5.37,13.47,4.07,49.0,8.99,16.0,0.3,0.3,0.7,-7.6,-1.96,14.99,0.46,49.0,10.53,16.0,0.3,0.3,0.7,1003.14,1017.0,1025.76,1014.66,48.0,9.86,16.0,0.4,0.3,0.7,4.0,7.0,8.0,6.2,46.0,2.0,16.0,0.4,0.3,0.7,-47.2,55.6,247.6,75.3,49.0,141.9,16.0,0.3,0.3,0.7,-101.6,-13.0,240.6,33.8,49.0,200.5,16.0,0.3,0.3,0.7,-0.17,1.15,3.0,1.26,46.0,2.02,16.0,0.4,0.3,0.7,-1.6,10.3,42.3,16.3,46.0,29.4,16.0,0.4,0.3,0.7,1.56,3.16,4.28,3.19,37.0,1.55,16.0,0.4,0.3,0.7,18.6,29.8,57.9,38.0,37.0,24.8,16.0,0.4,0.3,0.7,-71.7,63.4,162.8,50.6,49.0,102.9,16.0,0.3,0.3,0.7,-88.1,-18.8,193.0,14.3,49.0,128.7,16.0,0.3,0.3,0.7,-33.8,23.2,80.3,23.5,39.0,52.9,16.0,0.4,0.3,0.7,-45.7,-11.8,39.3,0.3,39.0,68.5,16.0,0.4,0.3,0.7,-14.7,10.8,38.9,13.2,37.0,31.2,16.0,0.4,0.3,0.7,-23.6,-9.4,17.9,-6.1,37.0,30.1,16.0,0.4,0.3,0.7,345.5,2685.5,5933.0,3535.5,49.0,3819.0,16.0,0.3,0.3,0.7,345.0,2685.0,5935.0,3535.0,49.0,3820.0,16.0,0.3,0.3,0.7
1974,2,351.0,44.0,11.6,12.4,13.19,12.44,203.0,1.01,14.0,0.4,0.5,0.5,10.0,11.3,13.0,11.4,222.0,1.61,14.0,0.4,0.5,0.5,4.98,6.17,7.76,6.33,146.0,1.32,16.0,0.4,0.5,0.5,63.0,76.2,86.2,75.0,151.0,11.3,16.0,0.4,0.5,7.06,11.8,18.5,12.43,217.0,5.48,14.0,0.4,0.5,0.5,-5.9,6.28,13.76,4.67,217.0,9.36,14.0,0.4,0.5,0.5,-8.84,0.0,9.13,0.18,217.0,8.7,14.0,0.4,0.5,0.5,1006.06,1017.0,1026.6,1015.57,215.0,9.85,14.0,0.4,0.5,0.5,4.0,7.0,8.0,6.2,211.0,2.0,16.0,0.4,0.5,0.5,-55.0,60.1,222.9,83.1,217.0,165.2,14.0,0.4,0.5,0.5,-100.6,0.0,113.8,8.4,217.0,149.4,14.0,0.4,0.5,0.5,-0.6,1.1,2.5,1.05,203.0,1.71,14.0,0.4,0.5,0.5,-6.7,8.9,32.4,11.6,200.0,26.8,14.0,0.4,0.5,0.5,1.26,2.74,3.83,2.65,139.0,1.26,16.0,0.4,0.5,0.5,10.7,28.8,49.3,29.9,137.0,19.9,16.0,0.4,0.5,0.5,-63.9,68.0,159.3,56.7,217.0,107.6,14.0,0.4,0.5,0.5,-93.2,0.0,110.9,7.1,217.0,103.0,14.0,0.4,0.5,0.5,-38.3,27.5,87.7,26.8,143.0,59.6,16.0,0.4,0.5,0.5,-52.1,-6.2,64.1,2.8,143.0,60.9,16.0,0.4,0.5,0.5,-23.2,2.6,31.6,4.8,137.0,27.9,16.0,0.4,0.5,0.5,-26.9,-4.3,12.0,-6.1,137.0,21.3,16.0,0.4,0.5,0.5,351.5,1643.0,6331.5,3081.0,217.0,3657.5,14.0,0.4,0.5,0.5,350.0,1645.0,6330.0,3080.0,217.0,3660.0,14.0,0.4,0.5,0.5
1974,2,351.0,45.0,11.0,12.0,13.0,12.04,133.0,1.11,14.0,0.3,0.7,0.3,9.83,11.0,12.6,11.1,147.0,1.51,14.0,0.3,0.7,0.3,4.99,6.15,7.72,6.28,91.0,1.29,16.0,0.3,0.7,0.3,64.8,76.3,87.4,75.8,94.0,11.4,16.0,0.3,0.3,7.2,12.3,18.0,12.61,147.0,5.63,14.0,0.3,0.7,0.3,-5.21,7.52,15.76,6.08,147.0,9.16,14.0,0.3,0.7,0.3,-7.54,0.0,10.38,1.34,147.0,8.3,14.0,0.3,0.7,0.3,1000.0,1015.0,1027.3,1013.85,145.0,12.15,14.0,0.3,0.7,0.3,4.0,7.0,8.0,6.1,139.0,2.3,14.0,0.3,0.7,0.3,-46.9,83.2,271.6,110.4,147.0,166.7,14.0,0.3,0.7,0.3,-78.8,0.0,168.9,38.6,147.0,143.1,14.0,0.3,0.7,0.3,-1.0,1.0,2.45,0.89,130.0,1.85,14.0,0.3,0.7,0.3,-13.7,7.2,33.7,10.4,129.0,32.1,14.0,0.3,0.7,0.3,1.01,2.41,3.84,2.42,87.0,1.35,16.0,0.3,0.7,0.3,10.0,23.6,49.7,26.7,87.0,18.7,16.0,0.3,0.7,0.3,-62.4,88.1,169.0,71.6,145.0,102.9,14.0,0.3,0.7,0.3,-79.7,0.0,123.9,20.0,145.0,93.3,14.0,0.3,0.7,0.3,-33.9,46.7,97.6,42.7,90.0,61.0,16.0,0.3,0.7,0.3,-37.3,-4.9,73.4,8.2,90.0,52.4,16.0,0.3,0.7,0.3,-12.8,8.8,34.6,10.0,87.0,25.7,16.0,0.3,0.7,0.3,-17.9,-2.8,12.4,-3.2,87.0,17.3,16.0,0.3,0.7,0.3,373.0,1861.0,5832.0,3262.5,147.0,4095.5,14.0,0.3,0.7,0.3,375.0,1860.0,5830.0,3265.0,147.0,4095.0,14.0,0.3,0.7,0.3
1974,2,351.0,46.0,10.56,11.5,12.37,11.55,68.0,1.06,12.0,0.3,0.6,0.5,9.0,10.4,12.2,10.55,75.0,1.51,12.0,0.3,0.6,0.5,5.22,6.61,8.19,6.62,55.0,1.35,12.0,0.3,0.6,0.5,67.6,85.6,93.5,82.2,56.0,12.0,12.0,0.3,0.5,8.57,15.0,20.6,14.19,75.0,5.99,12.0,0.3,0.6,0.5,0.0,9.68,18.76,9.21,75.0,8.66,12.0,0.3,0.6,0.5,-6.53,2.67,9.89,1.52,75.0,8.77,12.0,0.3,0.6,0.5,995.55,1008.3,1020.25,1007.6,74.0,12.78,12.0,0.3,0.6,0.5,4.0,8.0,8.0,6.4,71.0,2.1,12.0,0.3,0.6,0.5,0.0,116.6,356.9,166.8,75.0,176.4,12.0,0.3,0.6,0.5,-73.9,36.3,152.3,29.0,75.0,161.1,12.0,0.3,0.6,0.5,-1.35,0.9,2.8,0.92,67.0,1.86,12.0,0.3,0.6,0.5,-18.9,9.0,30.6,8.9,66.0,27.8,12.0,0.3,0.6,0.5,0.18,2.06,3.05,1.83,50.0,1.38,12.0,0.4,0.6,0.5,2.0,23.2,33.5,18.8,49.0,16.6,12.0,0.4,0.6,0.5,0.0,106.3,193.8,98.6,74.0,93.9,12.0,0.3,0.6,0.5,-65.5,28.9,114.4,21.2,74.0,93.1,12.0,0.3,0.6,0.5,-8.1,61.2,124.9,61.2,54.0,62.5,12.0,0.3,0.6,0.5,-22.0,18.3,84.9,20.4,54.0,64.1,12.0,0.3,0.6,0.5,-8.1,5.6,27.5,8.5,49.0,19.5,12.0,0.4,0.6,0.5,-15.8,0.5,10.9,-1.5,49.0,13.5,12.0,0.4,0.6,0.5,631.0,3375.0,8742.0,4339.0,75.0,4367.5,12.0,0.3,0.6,0.5,630.0,3375.0,8740.0,4340.0,75.0,4365.0,12.0,0.3,0.6,0.5
1974,2,351.0,47.0,10.47,11.2,12.0,11.21,119.0,0.84,16.0,0.3,0.6,0.5,9.1,10.15,11.68,10.27,128.0,1.28,14.0,0.3,0.5,0.5,4.98,6.15,8.17,6.35,97.0,1.37,14.0,0.3,0.5,0.5,67.8,78.9,96.9,81.0,98.0,13.3,14.0,0.3,0.5,7.17,12.9,18.0,12.8,126.0,5.5,14.0,0.3,0.5,0.5,-7.09,6.45,14.58,5.19,126.0,9.23,14.0,0.3,0.5,0.5,-9.32,0.0,10.32,0.75,126.0,9.08,14.0,0.3,0.5,0.5,996.04,1011.65,1027.82,1011.54,126.0,14.39,16.0,0.3,0.6,0.5,4.0,7.0,8.0,6.3,119.0,2.1,14.0,0.3,0.5,0.5,-51.8,81.1,237.2,97.5,126.0,151.4,14.0,0.3,0.5,0.5,-133.9,0.0,147.5,12.3,126.0,164.9,14.0,0.3,0.5,0.5,-0.43,0.9,2.0,0.89,119.0,1.39,16.0,0.3,0.6,0.5,-4.9,7.3,22.7,9.6,118.0,17.5,16.0,0.3,0.6,0.5,0.32,2.1,3.19,1.93,94.0,1.3,14.0,0.3,0.5,0.5,4.1,25.6,37.7,23.3,93.0,17.6,16.0,0.3,0.5,0.5,-69.9,69.2,155.6,56.4,126.0,95.5,14.0,0.3,0.5,0.5,-91.2,0.0,114.0,11.7,126.0,95.9,14.0,0.3,0.5,0.5,-44.0,43.5,106.5,38.4,96.0,62.6,14.0,0.3,0.5,0.5,-57.0,0.0,76.6,8.1,96.0,66.3,14.0,0.3,0.5,0.5,-22.5,3.0,25.4,4.1,93.0,22.2,16.0,0.3,0.5,0.5,-22.2,0.0,7.7,-4.7,93.0,18.0,16.0,0.3,0.5,0.5,368.5,2146.5,5832.0,3261.5,126.0,3575.0,14.0,0.3,0.5,0.5,370.0,2145.0,5830.0,3260.0,126.0,3575.0,14.0,0.3,0.5,0.5
1974,2,351.0,48.0,10.0,11.0,11.57,10.93,66.0,0.71,18.0,0.3,0.7,0.3,8.7,9.8,11.2,9.89,71.0,1.42,18.0,0.3,0.7,0.3,4.64,6.06,7.22,6.07,38.0,1.28,14.0,0.3,0.6,0.4,64.4,81.6,92.9,79.5,38.0,12.2,14.0,0.3,0.4,4.79,10.0,18.0,10.68,67.0,5.53,18.0,0.3,0.7,0.3,-6.06,2.25,11.39,2.73,67.0,7.35,18.0,0.3,0.7,0.3,-10.89,0.0,9.06,-0.64,67.0,9.19,18.0,0.3,0.7,0.3,999.07,1015.5,1025.51,1011.73,70.0,16.09,18.0,0.3,0.7,0.3,6.0,8.0,8.0,6.9,54.0,1.6,16.0,0.4,0.7,0.3,-41.7,8.3,189.2,51.3,67.0,112.5,18.0,0.3,0.7,0.3,-150.7,0.0,115.9,-12.7,67.0,152.6,18.0,0.3,0.7,0.3,0.23,1.05,2.5,1.05,66.0,1.56,18.0,0.3,0.7,0.3,2.1,10.4,26.0,11.5,64.0,20.5,18.0,0.3,0.7,0.3,1.02,1.91,3.24,2.11,35.0,1.23,14.0,0.3,0.6,0.4,9.3,15.2,35.8,20.3,34.0,16.9,14.0,0.3,0.6,0.4,-55.3,20.7,111.0,28.5,67.0,75.2,18.0,0.3,0.7,0.3,-101.5,0.0,91.1,-1.6,67.0,89.6,18.0,0.3,0.7,0.3,-23.1,9.5,77.3,21.7,35.0,47.3,14.0,0.3,0.6,0.4,-56.5,0.0,68.9,7.0,35.0,58.4,14.0,0.3,0.6,0.4,-8.6,2.2,20.5,6.1,34.0,17.1,14.0,0.3,0.6,0.4,-21.1,-0.8,10.3,-4.8,34.0,18.9,14.0,0.3,0.6,0.4,110.5,1000.0,5832.0,2247.0,67.0,2810.5,18.0,0.3,0.7,0.3,110.0,1000.0,5830.0,2245.0,67.0,2810.0,18.0,0.3,0.7,0.3
1974,2,351.0,49.0,9.0,10.0,11.35,10.17,24.0,1.32,10.0,0.4,0.5,0.4,8.81,9.5,11.09,9.66,27.0,1.68,10.0,0.4,0.6,0.4,4.66,6.29,7.43,6.11,22.0,1.19,12.0,0.4,0.5,0.4,66.0,81.3,95.6,81.4,22.0,14.2,12.0,0.4,0.4,4.6,13.7,19.0,12.74,26.0,6.65,10.0,0.4,0.6,0.5,-3.0,7.2,14.51,6.06,26.0,10.14,10.0,0.4,0.6,0.5,-6.64,1.07,9.94,1.81,26.0,8.28,10.0,0.4,0.6,0.5,986.48,1005.4,1017.1,1004.14,26.0,14.71,10.0,0.4,0.5,0.4,4.1,8.0,8.0,6.6,27.0,1.9,10.0,0.4,0.6,0.4,-13.8,82.9,233.6,102.8,26.0,195.3,10.0,0.4,0.6,0.5,-69.3,8.1,167.3,32.6,26.0,141.7,10.0,0.4,0.6,0.5,-1.7,0.35,2.91,0.51,24.0,2.18,10.0,0.4,0.5,0.4,-19.6,2.2,22.7,5.3,23.0,31.7,10.0,0.4,0.5,0.4,0.08,1.95,2.8,1.7,21.0,1.49,12.0,0.4,0.5,0.4,0.9,15.5,45.3,20.4,20.0,20.0,12.0,0.5,0.5,0.4,-31.4,73.9,133.4,54.5,26.0,94.4,10.0,0.4,0.6,0.5,-58.9,10.0,119.2,22.6,26.0,81.5,10.0,0.4,0.6,0.5,-18.6,74.5,93.7,41.2,21.0,70.8,12.0,0.4,0.6,0.4,-34.1,13.1,55.4,11.4,21.0,49.1,12.0,0.4,0.6,0.4,-5.8,3.1,30.1,11.1,20.0,19.0,12.0,0.5,0.5,0.4,-15.8,0.2,10.2,-2.7,20.0,18.3,12.0,0.5,0.5,0.4,97.5,2591.5,6859.0,3618.5,26.0,3711.0,10.0,0.4,0.6,0.5,95.0,2590.0,6860.0,3620.0,26.0,3710.0,10.0,0.4,0.6,0.5
1974,2,351.0,50.0,9.56,10.0,10.0,9.89,8.0,1.19,16.0,0.1,0.7,0.4,5.88,7.8,8.38,7.68,11.0,2.5,16.0,0.2,0.6,0.4,5.16,5.76,6.38,5.81,9.0,0.94,18.0,0.2,0.5,0.5,79.1,83.7,91.3,83.6,9.0,7.6,18.0,0.2,0.5,5.25,6.2,9.36,7.24,11.0,2.8,16.0,0.2,0.6,0.4,-4.53,-2.3,7.09,0.05,11.0,5.6,16.0,0.2,0.6,0.4,-1.65,3.52,6.08,2.69,11.0,5.11,16.0,0.2,0.6,0.4,989.4,1000.7,1026.45,1003.68,11.0,21.24,16.0,0.2,0.6,0.4,4.6,7.0,8.0,6.2,11.0,2.5,16.0,0.2,0.6,0.4,-28.4,-10.6,58.5,4.5,11.0,49.9,16.0,0.2,0.6,0.4,-7.6,19.2,37.0,24.2,11.0,57.9,16.0,0.2,0.6,0.4,1.7,2.4,5.83,3.04,8.0,2.27,16.0,0.1,0.7,0.4,9.3,19.8,37.1,22.1,8.0,16.6,16.0,0.1,0.7,0.4,1.37,1.8,2.97,2.1,6.0,0.95,16.0,0.2,0.6,0.5,7.8,13.6,23.6,16.4,6.0,11.8,16.0,0.2,0.6,0.5,-36.0,-18.4,70.3,4.0,11.0,49.5,16.0,0.2,0.6,0.4,-13.2,24.2,28.2,14.3,11.0,45.1,16.0,0.2,0.6,0.4,-25.1,-17.4,49.9,1.6,9.0,36.6,18.0,0.2,0.5,0.5,-15.2,13.8,21.0,10.9,9.0,35.6,18.0,0.2,0.5,0.5,-9.2,-6.1,5.8,0.1,6.0,18.9,16.0,0.2,0.6,0.5,-0.9,6.5,10.7,6.0,6.0,7.9,16.0,0.2,0.6,0.5,149.0,238.5,838.0,559.0,11.0,765.5,16.0,0.2,0.6,0.4,150.0,240.0,840.0,560.0,11.0,765.0,16.0,0.2,0.6,0.4
1974,2,351.0,51.0,8.38,8.9,9.0,8.7,4.0,0.48,16.0,0.3,0.5,0.2,7.29,7.85,8.72,7.87,6.0,0.85,16.0,0.2,0.4,0.1,5.86,5.98,6.27,6.06,4.0,0.32,16.0,0.3,0.5,0.2,85.9,92.8,98.7,92.4,4.0,7.6,16.0,0.3,0.2,6.56,9.0,15.4,10.25,6.0,4.2,16.0,0.2,0.4,0.1,1.13,2.7,10.44,5.2,6.0,5.83,16.0,0.2,0.4,0.1,-6.27,0.34,7.65,1.31,6.0,8.67,16.0,0.2,0.4,0.1,1001.03,1013.7,1020.71,1011.5,6.0,13.74,16.0,0.2,0.4,0.1,5.2,7.0,8.0,6.3,6.0,2.3,16.0,0.2,0.4,0.1,9.3,17.4,119.8,61.7,6.0,90.2,16.0,0.2,0.4,0.1,-46.4,-3.0,75.8,26.3,6.0,111.3,16.0,0.2,0.4,0.1,0.64,1.05,1.93,1.28,4.0,0.88,16.0,0.3,0.5,0.2,7.4,12.5,14.8,11.2,4.0,5.8,16.0,0.3,0.5,0.2,0.73,1.11,1.28,1.01,3.0,0.41,16.0,0.3,0.6,0.2,7.8,8.6,11.8,9.8,3.0,3.2,16.0,0.3,0.6,0.2,9.8,18.6,83.8,42.3,6.0,50.9,16.0,0.2,0.4,0.1,-44.4,1.1,59.0,10.0,6.0,69.2,16.0,0.2,0.4,0.1,9.5,36.5,73.0,41.0,4.0,39.9,16.0,0.3,0.5,0.2,-25.8,1.6,61.8,17.3,4.0,59.8,16.0,0.3,0.5,0.2,1.2,3.7,9.8,5.4,3.0,6.5,16.0,0.3,0.6,0.2,-3.0,4.6,7.3,2.2,3.0,7.8,16.0,0.3,0.6,0.2,283.5,746.5,3652.5,1552.5,6.0,1646.0,16.0,0.2,0.4,0.1,285.0,745.0,3650.0,1550.0,6.0,1645.0,16.0,0.2,0.4,0.1
1974,2,351.0,53.0,,,,,,,,,,,,,,,,,,,,,,,,,,,,,,,,,,,,,,,,6.7,6.7,6.7,6.7,1.0,0.0,14.0,1.0,0.5,0.6,0.0,0.0,0.0,0.0,1.0,0.0,14.0,1.0,0.5,0.6,-6.7,-6.7,-6.7,-6.7,1.0,0.0,14.0,1.0,0.5,0.6,986.8,986.8,986.8,986.8,1.0,0.0,14.0,1.0,0.5,0.6,,,,,,,,,,,,,,,,,,,,,,,,,,,,,,,,,,,,,,,,,,,,,,,,,,,,,,,,,,,,,,,,,,,,,,,,,,,,,,,,,,,,,,,,,,,,,,,,,,,,,,,,,,,,,,,,,,,,,,,,,,,,,,,,,,,,,,,,,,,,,,,,,,,,,,
1974,2,351.0,55.0,7.87,8.1,8.8,8.23,12.0,0.65,16.0,0.8,0.6,0.4,5.04,6.6,7.84,6.61,15.0,1.53,14.0,0.7,0.6,0.4,4.29,4.66,5.88,4.98,12.0,1.0,14.0,0.8,0.6,0.4,70.8,81.4,89.6,81.0,12.0,11.4,14.0,0.8,0.4,4.68,10.3,15.4,10.49,15.0,5.92,14.0,0.7,0.6,0.4,-9.73,-4.1,2.61,-3.05,15.0,6.79,14.0,0.7,0.6,0.4,0.79,7.51,13.35,7.25,15.0,6.36,14.0,0.7,0.6,0.4,976.72,988.7,1018.96,996.52,15.0,18.51,14.0,0.7,0.6,0.4,4.4,7.0,8.0,6.5,15.0,2.1,14.0,0.7,0.6,0.4,-142.6,-33.6,17.5,-45.1,15.0,98.9,14.0,0.7,0.6,0.4,3.6,73.6,213.7,105.6,15.0,108.4,14.0,0.7,0.6,0.4,0.17,1.55,2.93,1.49,12.0,1.41,16.0,0.8,0.6,0.4,-0.5,8.3,43.1,15.6,12.0,23.7,16.0,0.8,0.6,0.4,1.03,2.14,2.56,1.91,11.0,0.9,16.0,0.8,0.7,0.4,2.2,11.2,32.5,17.1,11.0,16.3,16.0,0.8,0.7,0.4,-49.3,-27.4,16.9,-11.9,15.0,48.9,14.0,0.7,0.6,0.4,6.5,51.0,73.9,44.6,15.0,39.3,14.0,0.7,0.6,0.4,-35.1,-14.9,24.9,-6.7,12.0,39.8,14.0,0.8,0.6,0.4,1.6,38.9,76.4,35.0,12.0,33.8,14.0,0.8,0.6,0.4,-18.9,-4.4,1.9,-7.2,11.0,11.0,16.0,0.8,0.7,0.4,0.2,7.6,23.9,11.0,11.0,16.6,16.0,0.8,0.7,0.4,120.5,1092.5,3652.5,2120.5,15.0,2205.0,14.0,0.7,0.6,0.4,120.0,1095.0,3650.0,2120.0,15.0,2205.0,14.0,0.7,0.6,0.4
1974,2,351.0,56.0,8.43,9.1,9.55,8.96,5.0,0.83,18.0,0.6,0.6,0.2,5.65,8.2,8.97,7.52,6.0,1.98,16.0,0.5,0.5,0.2,5.26,6.05,6.6,5.93,4.0,1.02,16.0,0.8,0.4,0.1,80.0,84.3,90.7,85.3,4.0,8.0,16.0,0.8,0.1,7.6,10.8,16.62,11.92,6.0,4.77,16.0,0.5,0.5,0.2,-6.33,-3.9,11.24,1.05,6.0,10.58,16.0,0.5,0.5,0.2,-0.68,5.59,12.03,5.55,6.0,6.56,16.0,0.5,0.5,0.2,976.02,983.9,1017.18,992.6,6.0,20.23,16.0,0.5,0.5,0.2,7.0,7.5,8.0,7.5,4.0,0.6,14.0,0.8,0.3,0.2,-67.5,-35.7,142.0,31.8,6.0,173.0,16.0,0.5,0.5,0.2,-12.9,41.5,158.6,64.0,6.0,102.1,16.0,0.5,0.5,0.2,-0.27,0.3,1.71,0.8,5.0,1.72,18.0,0.6,0.6,0.2,-3.5,2.3,28.7,14.0,5.0,32.8,18.0,0.6,0.6,0.2,0.73,1.33,2.3,1.51,4.0,1.24,16.0,0.8,0.4,0.1,5.5,9.9,36.6,20.5,4.0,26.9,16.0,0.8,0.4,0.1,-54.4,-24.2,94.0,6.2,6.0,75.3,16.0,0.5,0.5,0.2,-4.1,46.6,64.5,39.4,6.0,45.7,16.0,0.5,0.5,0.2,-29.1,22.0,76.2,23.5,4.0,61.1,16.0,0.8,0.4,0.1,-7.9,15.1,34.0,13.1,4.0,24.8,16.0,0.8,0.4,0.1,-6.4,-1.5,32.0,12.2,4.0,31.8,16.0,0.8,0.4,0.1,-5.5,3.3,7.5,1.1,4.0,8.5,16.0,0.8,0.4,0.1,439.5,1332.5,4666.5,2408.5,6.0,2587.5,16.0,0.5,0.5,0.2,440.0,1335.0,4665.0,2410.0,6.0,2590.0,16.0,0.5,0.5,0.2
1974,2,351.0,57.0,7.59,8.0,9.13,8.15,6.0,1.32,10.0,0.2,0.4,0.3,3.95,7.5,7.81,6.45,6.0,2.31,10.0,0.2,0.4,0.3,4.81,4.81,4.81,4.81,1.0,0.0,8.0,0.0,0.3,0.8,93.2,93.2,93.2,93.2,1.0,0.0,8.0,0.0,0.8,4.92,13.7,16.21,11.1,6.0,6.68,10.0,0.2,0.4,0.3,-7.85,-2.12,2.22,-3.66,6.0,7.32,10.0,0.2,0.4,0.3,0.0,8.74,14.83,7.88,6.0,6.95,10.0,0.2,0.4,0.3,989.43,997.65,1017.0,1000.95,6.0,13.39,10.0,0.2,0.4,0.3,6.0,6.0,7.4,6.7,3.0,1.2,14.0,0.0,0.3,0.3,-129.2,-26.3,18.5,-62.8,6.0,120.0,10.0,0.2,0.4,0.3,0.0,90.3,225.5,107.1,6.0,109.8,10.0,0.2,0.4,0.3,0.5,0.75,3.35,1.7,6.0,1.76,10.0,0.2,0.4,0.3,2.5,12.3,47.7,21.8,6.0,24.1,10.0,0.2,0.4,0.3,2.33,2.33,2.33,2.33,1.0,0.0,8.0,0.0,0.3,0.8,28.9,28.9,28.9,28.9,1.0,0.0,8.0,0.0,0.3,0.8,-65.4,-8.9,9.5,-28.5,6.0,53.8,10.0,0.2,0.4,0.3,0.0,44.0,66.8,45.4,6.0,49.4,10.0,0.2,0.4,0.3,-20.4,-20.4,-20.4,-20.4,1.0,0.0,8.0,0.0,0.3,0.8,56.1,56.1,56.1,56.1,1.0,0.0,8.0,0.0,0.3,0.8,-9.9,-9.9,-9.9,-9.9,1.0,0.0,8.0,0.0,0.3,0.8,27.2,27.2,27.2,27.2,1.0,0.0,8.0,0.0,0.3,0.8,189.0,2641.0,4264.5,2421.5,6.0,2040.5,10.0,0.2,0.4,0.3,190.0,2640.0,4265.0,2420.0,6.0,2040.0,10.0,0.2,0.4,0.3
1974,2,351.0,58.0,6.91,8.45,9.78,8.38,8.0,1.36,14.0,0.5,0.5,0.5,5.53,7.0,8.47,7.2,9.0,1.88,18.0,0.4,0.5,0.5,4.96,5.33,6.01,5.48,3.0,0.78,18.0,0.7,0.2,0.5,79.9,82.8,88.7,84.3,3.0,6.6,18.0,0.7,0.5,8.63,13.9,16.46,12.21,9.0,4.53,16.0,0.4,0.6,0.5,-4.12,0.0,8.8,2.0,9.0,7.09,16.0,0.4,0.6,0.5,2.95,4.79,14.04,5.95,9.0,9.68,16.0,0.4,0.6,0.5,988.01,1006.15,1019.66,1002.62,10.0,19.98,16.0,0.5,0.5,0.5,6.2,8.0,8.0,7.5,8.0,0.9,16.0,0.6,0.5,0.6,-57.7,0.0,83.0,14.2,9.0,98.5,16.0,0.4,0.6,0.5,17.2,67.0,206.5,71.7,9.0,163.3,16.0,0.4,0.6,0.5,0.19,1.1,1.53,1.07,7.0,0.76,16.0,0.4,0.4,0.4,1.6,8.2,21.3,12.4,6.0,14.6,16.0,0.3,0.4,0.4,1.53,1.95,1.97,1.75,3.0,0.37,18.0,0.7,0.2,0.5,21.9,27.2,32.6,27.2,2.0,11.1,16.0,0.5,0.2,0.3,-37.3,0.0,72.1,17.7,8.0,63.1,18.0,0.4,0.5,0.4,21.5,56.9,95.0,45.3,8.0,62.2,18.0,0.4,0.5,0.4,-28.5,3.0,34.4,3.0,2.0,65.2,16.0,0.5,0.2,0.3,-59.9,-28.4,3.2,-28.4,2.0,65.4,16.0,0.5,0.2,0.3,-11.9,0.3,12.6,0.3,2.0,25.3,16.0,0.5,0.2,0.3,-24.5,-11.9,0.8,-11.9,2.0,26.2,16.0,0.5,0.2,0.3,656.5,2685.5,4498.5,2456.0,9.0,2005.5,16.0,0.4,0.6,0.5,655.0,2685.0,4500.0,2455.0,9.0,2005.0,16.0,0.4,0.6,0.5
1974,2,351.0,59.0,8.8,9.0,9.68,9.23,3.0,0.68,14.0,0.0,0.5,0.5,7.28,7.95,8.57,7.93,4.0,0.91,12.0,0.3,0.5,0.6,5.46,5.6,5.73,5.6,2.0,0.28,10.0,0.0,0.7,0.5,85.4,86.6,87.7,86.6,2.0,2.5,10.0,0.0,0.5,6.09,9.3,13.46,9.77,3.0,5.42,14.0,0.0,0.5,0.5,-4.86,0.0,2.95,-0.93,3.0,5.78,14.0,0.0,0.5,0.5,2.97,5.98,12.41,7.65,3.0,7.06,14.0,0.0,0.5,0.5,991.76,1002.3,1021.43,1006.4,4.0,18.4,12.0,0.3,0.5,0.6,3.5,5.5,7.5,5.5,4.0,2.4,12.0,0.3,0.5,0.6,-45.2,0.0,13.6,-15.5,3.0,45.1,14.0,0.0,0.5,0.5,22.6,55.6,179.5,100.0,3.0,121.2,14.0,0.0,0.5,0.5,1.22,1.9,2.1,1.67,3.0,0.68,14.0,0.0,0.5,0.5,8.9,10.1,23.2,15.9,3.0,11.6,14.0,0.0,0.5,0.5,1.49,1.52,1.55,1.52,2.0,0.07,10.0,0.0,0.7,0.5,15.4,18.9,22.5,18.9,2.0,7.4,10.0,0.0,0.7,0.5,-39.4,0.0,23.0,-8.0,3.0,46.2,14.0,0.0,0.5,0.5,23.7,48.4,86.9,55.1,3.0,46.6,14.0,0.0,0.5,0.5,-34.7,-20.6,-6.5,-20.6,2.0,29.2,10.0,0.0,0.7,0.5,42.3,58.9,75.5,58.9,2.0,34.3,10.0,0.0,0.7,0.5,-8.8,-5.2,-1.7,-5.2,2.0,7.4,10.0,0.0,0.7,0.5,11.2,16.5,21.7,16.5,2.0,10.9,10.0,0.0,0.7,0.5,321.5,804.5,2748.5,1518.0,3.0,1882.0,14.0,0.0,0.5,0.5,320.0,805.0,2750.0,1520.0,3.0,1880.0,14.0,0.0,0.5,0.5
1974,2,351.0,60.0,7.69,8.0,8.04,7.88,5.0,0.24,24.0,0.4,0.6,0.4,4.77,6.8,7.85,6.16,12.0,2.0,18.0,0.6,0.5,0.5,5.0,5.35,5.7,5.36,5.0,0.44,24.0,0.4,0.6,0.4,83.1,90.2,93.9,89.0,5.0,7.4,24.0,0.4,0.4,9.3,15.4,25.7,16.06,13.0,7.6,18.0,0.5,0.6,0.5,-9.13,-6.5,9.01,-1.33,13.0,9.82,18.0,0.5,0.6,0.5,-5.34,0.0,24.15,5.21,13.0,14.48,18.0,0.5,0.6,0.5,982.06,995.85,1003.0,991.64,14.0,12.86,16.0,0.5,0.6,0.5,5.0,8.0,8.0,7.2,13.0,1.3,16.0,0.5,0.6,0.5,-225.9,-123.5,87.1,-58.2,13.0,163.7,18.0,0.5,0.6,0.5,-58.0,0.0,620.7,157.2,13.0,328.7,18.0,0.5,0.6,0.5,0.53,1.4,2.38,1.5,5.0,1.52,24.0,0.4,0.6,0.4,-0.2,25.7,61.1,32.2,5.0,42.0,24.0,0.4,0.6,0.4,0.97,1.37,1.72,1.32,5.0,0.51,24.0,0.4,0.6,0.4,9.3,31.7,37.7,25.1,5.0,16.0,24.0,0.4,0.6,0.4,-59.5,7.1,69.3,4.3,11.0,59.5,18.0,0.5,0.5,0.5,-25.8,0.0,163.4,47.8,11.0,97.2,18.0,0.5,0.5,0.5,-47.9,-47.0,-24.0,-35.1,5.0,26.7,24.0,0.4,0.6,0.4,78.5,129.1,131.5,103.4,5.0,57.9,24.0,0.4,0.6,0.4,-12.9,-10.8,-0.8,-7.3,5.0,7.8,24.0,0.4,0.6,0.4,7.1,29.7,35.5,22.7,5.0,16.5,24.0,0.4,0.6,0.4,804.5,3652.5,16974.5,6687.0,13.0,6802.5,18.0,0.5,0.6,0.5,805.0,3650.0,16975.0,6685.0,13.0,6805.0,18.0,0.5,0.6,0.5
1974,2,351.0,61.0,,,,,,,,,,,,,,,,,,,,,,,,,,,,,,,,,,,,,,,,10.47,12.3,16.14,12.6,6.0,4.76,16.0,0.3,0.6,0.4,-10.05,0.0,6.04,-0.7,6.0,8.59,16.0,0.3,0.6,0.4,-11.9,-2.68,5.58,-1.39,6.0,11.68,16.0,0.3,0.6,0.4,982.54,999.0,1021.21,1001.1,5.0,19.71,16.0,0.4,0.7,0.4,,,,,,,,,,,,,,,,,,,,,,,,,,,,,,,,,,,,,,,,,,,,,,,,,,,,,,,,,,,,,,,,,,,,,,,,,,,,,,,,,,,,,,,,,,,,,,,,,,,,,,,,,,,,,,,,,,,,,,,,,,,,,,,,,,,,,,,,,,,,,,,,,,,,,,
1974,2,351.0,62.0,6.61,7.5,7.5,7.07,3.0,0.75,8.0,0.0,0.5,0.4,2.04,5.0,7.82,4.94,15.0,2.6,16.0,0.5,0.5,0.3,4.17,4.72,5.26,4.72,2.0,1.13,6.0,0.0,0.5,0.3,73.0,78.2,83.5,78.2,2.0,10.8,6.0,0.0,0.3,6.7,10.3,19.0,12.28,17.0,5.93,14.0,0.5,0.5,0.3,-9.19,-3.98,6.05,-1.34,17.0,8.2,14.0,0.5,0.5,0.3,-17.1,0.8,6.48,-3.28,17.0,10.7,14.0,0.5,0.5,0.3,989.8,1001.8,1017.06,1001.9,15.0,13.65,14.0,0.5,0.5,0.3,6.4,8.0,8.0,7.1,16.0,1.4,14.0,0.4,0.5,0.3,-132.1,-18.3,49.1,-26.0,17.0,124.3,14.0,0.5,0.5,0.3,-324.9,3.7,54.2,-94.8,17.0,187.4,14.0,0.5,0.5,0.3,0.62,1.3,4.58,2.57,3.0,3.1,8.0,0.0,0.5,0.4,9.5,23.4,86.5,47.5,3.0,60.1,8.0,0.0,0.5,0.4,1.22,1.61,1.99,1.61,2.0,0.8,6.0,0.0,0.5,0.3,15.2,24.9,34.5,24.9,2.0,20.0,6.0,0.0,0.5,0.3,-27.7,0.0,53.5,9.2,15.0,44.2,16.0,0.5,0.5,0.3,-40.4,5.6,42.5,4.9,15.0,36.4,16.0,0.5,0.5,0.3,-31.7,6.0,43.6,6.0,2.0,78.0,6.0,0.0,0.5,0.3,-25.2,-3.4,18.3,-3.4,2.0,45.0,6.0,0.0,0.5,0.3,-2.5,12.2,27.0,12.2,2.0,30.5,6.0,0.0,0.5,0.3,-15.6,-7.1,1.4,-7.1,2.0,17.6,6.0,0.0,0.5,0.3,301.0,1092.5,6859.0,3125.5,17.0,3533.0,14.0,0.5,0.5,0.3,300.0,1095.0,6860.0,3125.0,17.0,3535.0,14.0,0.5,0.5,0.3
1974,2,351.0,63.0,5.52,6.2,6.88,6.2,3.0,1.0,12.0,0.3,0.8,0.1,3.83,5.45,6.3,5.17,6.0,1.37,14.0,0.7,0.7,0.2,4.15,4.66,5.16,4.66,2.0,1.04,18.0,0.5,0.7,0.0,73.5,79.7,86.0,79.7,2.0,13.0,18.0,0.5,0.0,11.14,16.25,18.95,15.35,6.0,5.39,14.0,0.7,0.7,0.2,-9.6,-3.86,11.63,-0.21,6.0,11.04,14.0,0.7,0.7,0.2,-8.13,2.78,14.42,3.75,6.0,13.15,14.0,0.7,0.7,0.2,972.68,987.1,999.32,986.6,6.0,18.2,14.0,0.7,0.7,0.2,8.0,8.0,8.0,8.0,5.0,0.0,18.0,0.8,0.6,0.2,-166.6,-57.9,196.8,0.1,6.0,189.9,14.0,0.7,0.7,0.2,-110.6,75.6,264.6,96.7,6.0,242.4,14.0,0.7,0.7,0.2,-0.52,0.5,1.05,0.27,3.0,1.17,12.0,0.3,0.8,0.1,-8.3,8.3,18.6,5.2,3.0,19.9,12.0,0.3,0.8,0.1,1.09,1.53,1.96,1.53,2.0,0.9,18.0,0.5,0.7,0.0,18.5,26.8,35.2,26.8,2.0,17.2,18.0,0.5,0.7,0.0,-50.0,-18.8,72.2,-0.1,6.0,60.9,14.0,0.7,0.7,0.2,-34.2,27.3,93.5,31.8,6.0,72.8,14.0,0.7,0.7,0.2,57.8,59.2,60.5,59.2,2.0,2.8,18.0,0.5,0.7,0.0,-18.9,16.4,51.7,16.4,2.0,73.1,18.0,0.5,0.7,0.0,13.3,21.6,29.9,21.6,2.0,17.2,18.0,0.5,0.7,0.0,-14.6,-4.1,6.3,-4.1,2.0,21.7,18.0,0.5,0.7,0.0,1538.5,4294.0,7011.5,4687.5,6.0,3897.0,14.0,0.7,0.7,0.2,1540.0,4295.0,7010.0,4685.0,6.0,3895.0,14.0,0.7,0.7,0.2
1974,2,351.0,64.0,,,,,,,,,,,,,,,,,,,,,,,,,,,,,,,,,,,,,,,,7.49,10.7,13.91,10.7,2.0,6.65,18.0,1.0,0.7,0.4,-2.52,-1.5,-0.48,-1.5,2.0,2.12,18.0,1.0,0.7,0.4,-13.78,-10.3,-6.82,-10.3,2.0,7.22,18.0,1.0,0.7,0.4,1007.07,1009.15,1011.23,1009.15,2.0,4.31,18.0,1.0,0.7,0.4,,,,,,,,,,,,,,,,,,,,,,,,,,,,,,,,,,,,,,,,,,,,,,,,,,,,,,,,,,,,,,,,,,,,,,,,,,,,,,,,,,,,,,,,,,,,,,,,,,,,,,,,,,,,,,,,,,,,,,,,,,,,,,,,,,,,,,,,,,,,,,,,,,,,,,
1974,2,351.0,65.0,,,,,,,,,,,,,,,,,,,,,,,,,,,,,,,,,,,,,,,,6.0,6.0,6.0,6.0,1.0,0.0,24.0,0.0,0.1,0.2,0.0,0.0,0.0,0.0,1.0,0.0,24.0,0.0,0.1,0.2,6.0,6.0,6.0,6.0,1.0,0.0,24.0,0.0,0.1,0.2,1009.9,1009.9,1009.9,1009.9,1.0,0.0,24.0,0.0,0.1,0.2,,,,,,,,,,,,,,,,,,,,,,,,,,,,,,,,,,,,,,,,,,,,,,,,,,,,,,,,,,,,,,,,,,,,,,,,,,,,,,,,,,,,,,,,,,,,,,,,,,,,,,,,,,,,,,,,,,,,,,,,,,,,,,,,,,,,,,,,,,,,,,,,,,,,,,
1974,2,351.0,70.0,0.6,0.6,0.6,0.6,1.0,0.0,24.0,1.0,1.0,0.3,-2.2,-2.2,-2.2,-2.2,1.0,0.0,24.0,1.0,1.0,0.3,3.27,3.27,3.27,3.27,1.0,0.0,24.0,1.0,1.0,0.3,100.0,100.0,100.0,100.0,1.0,0.0,24.0,1.0,0.3,16.5,16.5,16.5,16.5,1.0,0.0,24.0,1.0,1.0,0.3,-15.5,-15.5,-15.5,-15.5,1.0,0.0,24.0,1.0,1.0,0.3,5.64,5.64,5.64,5.64,1.0,0.0,24.0,1.0,1.0,0.3,995.4,995.4,995.4,995.4,1.0,0.0,24.0,1.0,1.0,0.3,8.0,8.0,8.0,8.0,1.0,0.0,24.0,1.0,1.0,0.3,-255.8,-255.8,-255.8,-255.8,1.0,0.0,24.0,1.0,1.0,0.3,93.1,93.1,93.1,93.1,1.0,0.0,24.0,1.0,1.0,0.3,2.8,2.8,2.8,2.8,1.0,0.0,24.0,1.0,1.0,0.3,46.2,46.2,46.2,46.2,1.0,0.0,24.0,1.0,1.0,0.3,0.74,0.74,0.74,0.74,1.0,0.0,24.0,1.0,1.0,0.3,12.3,12.3,12.3,12.3,1.0,0.0,24.0,1.0,1.0,0.3,34.1,34.1,34.1,34.1,1.0,0.0,24.0,1.0,1.0,0.3,-12.4,-12.4,-12.4,-12.4,1.0,0.0,24.0,1.0,1.0,0.3,-50.7,-50.7,-50.7,-50.7,1.0,0.0,24.0,1.0,1.0,0.3,18.5,18.5,18.5,18.5,1.0,0.0,24.0,1.0,1.0,0.3,-11.5,-11.5,-11.5,-11.5,1.0,0.0,24.0,1.0,1.0,0.3,4.2,4.2,4.2,4.2,1.0,0.0,24.0,1.0,1.0,0.3,4492.0,4492.0,4492.0,4492.0,1.0,0.0,24.0,1.0,1.0,0.3,4490.0,4490.0,4490.0,4490.0,1.0,0.0,24.0,1.0,1.0,0.3
1974,2,352.0,-71.0,-0.26,-0.05,0.16,-0.05,4.0,0.29,2.0,1.0,0.4,0.9,-2.16,-1.75,-1.29,-1.72,4.0,0.59,2.0,1.0,0.4,0.9,2.83,2.89,2.96,2.89,2.0,0.13,2.0,1.0,0.2,0.8,83.0,84.3,85.6,84.3,2.0,2.7,2.0,1.0,0.8,8.72,10.8,13.66,11.18,4.0,3.03,2.0,1.0,0.4,0.9,-12.15,-9.94,-8.11,-10.12,4.0,2.41,2.0,1.0,0.4,0.9,3.2,4.22,6.19,4.67,4.0,2.02,2.0,1.0,0.4,0.9,981.71,983.1,983.91,982.83,4.0,1.44,2.0,1.0,0.4,0.9,7.2,7.5,7.8,7.5,2.0,0.7,2.0,1.0,0.2,0.8,-167.0,-109.4,-71.0,-118.6,4.0,59.0,2.0,1.0,0.4,0.9,28.1,46.5,86.3,56.7,4.0,39.2,2.0,1.0,0.4,0.9,1.24,1.75,2.1,1.68,4.0,0.54,2.0,1.0,0.4,0.9,15.0,18.3,20.6,17.8,4.0,4.1,2.0,1.0,0.4,0.9,0.93,1.04,1.14,1.04,2.0,0.22,2.0,1.0,0.2,0.8,10.3,11.4,12.6,11.4,2.0,2.4,2.0,1.0,0.2,0.8,12.9,17.6,20.6,16.8,4.0,4.6,2.0,1.0,0.4,0.9,-10.4,-7.0,-5.1,-7.7,4.0,3.3,2.0,1.0,0.4,0.9,-35.8,-30.0,-24.2,-30.0,2.0,12.0,2.0,1.0,0.2,0.8,10.1,15.0,20.0,15.0,2.0,10.2,2.0,1.0,0.2,0.8,-11.0,-10.3,-9.5,-10.3,2.0,1.5,2.0,1.0,0.2,0.8,3.9,5.0,6.0,5.0,2.0,2.3,2.0,1.0,0.2,0.8,672.0,1332.5,2619.0,1631.0,4.0,1253.5,2.0,1.0,0.4,0.9,670.0,1335.0,2620.0,1630.0,4.0,1255.0,2.0,1.0,0.4,0.9
1974,2,352.0,-70.0,0.4,0.4,0.4,0.4,1.0,0.0,2.0,1.0,0.8,0.1,-0.4,-0.4,-0.4,-0.4,1.0,0.0,2.0,1.0,0.8,0.1,2.75,2.75,2.75,2.75,1.0,0.0,2.0,1.0,0.8,0.1,72.7,72.7,72.7,72.7,1.0,0.0,2.0,1.0,0.1,8.2,8.2,8.2,8.2,1.0,0.0,2.0,1.0,0.8,0.1,-8.2,-8.2,-8.2,-8.2,1.0,0.0,2.0,1.0,0.8,0.1,0.0,0.0,0.0,0.0,1.0,0.0,2.0,1.0,0.8,0.1,983.6,983.6,983.6,983.6,1.0,0.0,2.0,1.0,0.8,0.1,7.0,7.0,7.0,7.0,1.0,0.0,2.0,1.0,0.8,0.1,-67.2,-67.2,-67.2,-67.2,1.0,0.0,2.0,1.0,0.8,0.1,0.0,0.0,0.0,0.0,1.0,0.0,2.0,1.0,0.8,0.1,0.8,0.8,0.8,0.8,1.0,0.0,2.0,1.0,0.8,0.1,6.6,6.6,6.6,6.6,1.0,0.0,2.0,1.0,0.8,0.1,1.26,1.26,1.26,1.26,1.0,0.0,2.0,1.0,0.8,0.1,10.3,10.3,10.3,10.3,1.0,0.0,2.0,1.0,0.8,0.1,3.3,3.3,3.3,3.3,1.0,0.0,2.0,1.0,0.8,0.1,0.0,0.0,0.0,0.0,1.0,0.0,2.0,1.0,0.8,0.1,-22.5,-22.5,-22.5,-22.5,1.0,0.0,2.0,1.0,0.8,0.1,0.0,0.0,0.0,0.0,1.0,0.0,2.0,1.0,0.8,0.1,-10.3,-10.3,-10.3,-10.3,1.0,0.0,2.0,1.0,0.8,0.1,0.0,0.0,0.0,0.0,1.0,0.0,2.0,1.0,0.8,0.1,551.5,551.5,551.5,551.5,1.0,0.0,2.0,1.0,0.8,0.1,550.0,550.0,550.0,550.0,1.0,0.0,2.0,1.0,0.8,0.1
1974,2,352.0,-36.0,19.6,19.8,20.0,19.8,2.0,0.42,8.0,1.0,0.9,1.0,18.5,18.7,18.9,18.7,2.0,0.42,8.0,1.0,0.9,1.0,9.35,10.35,11.35,10.35,2.0,2.07,8.0,1.0,0.9,1.0,69.4,77.7,86.0,77.7,2.0,17.2,8.0,1.0,1.0,6.86,7.2,7.54,7.2,2.0,0.71,8.0,1.0,0.9,1.0,-5.13,-1.98,1.17,-1.98,2.0,6.53,8.0,1.0,0.9,1.0,0.17,3.04,5.9,3.04,2.0,5.94,8.0,1.0,0.9,1.0,1013.26,1015.1,1016.94,1015.1,2.0,3.82,8.0,1.0,0.9,1.0,8.0,8.0,8.0,8.0,2.0,0.0,8.0,1.0,0.9,1.0,-34.0,-12.0,10.0,-12.0,2.0,45.6,8.0,1.0,0.9,1.0,2.3,24.0,45.6,24.0,2.0,44.9,8.0,1.0,0.9,1.0,1.1,1.1,1.1,1.1,2.0,0.0,8.0,1.0,0.9,1.0,7.5,7.9,8.3,7.9,2.0,0.8,8.0,1.0,0.9,1.0,2.83,3.99,5.15,3.99,2.0,2.4,8.0,1.0,0.9,1.0,20.9,27.9,34.8,27.9,2.0,14.4,8.0,1.0,0.9,1.0,-97.8,-38.5,20.9,-38.5,2.0,122.9,8.0,1.0,0.9,1.0,2.5,55.5,108.5,55.5,2.0,109.8,8.0,1.0,0.9,1.0,-44.4,-13.7,16.9,-13.7,2.0,63.4,8.0,1.0,0.9,1.0,4.9,37.6,70.3,37.6,2.0,67.7,8.0,1.0,0.9,1.0,-30.6,-15.7,-0.9,-15.7,2.0,30.8,8.0,1.0,0.9,1.0,-2.9,5.0,12.9,5.0,2.0,16.4,8.0,1.0,0.9,1.0,325.5,378.5,432.0,378.5,2.0,110.0,8.0,1.0,0.9,1.0,325.0,380.0,430.0,380.0,2.0,110.0,8.0,1.0,0.9,1.0
1974,2,352.0,-34.0,21.0,21.0,21.0,21.0,1.0,0.0,6.0,1.0,0.2,0.8,20.4,20.4,20.4,20.4,1.0,0.0,6.0,1.0,0.2,0.8,10.6,10.6,10.6,10.6,1.0,0.0,6.0,1.0,0.2,0.8,72.1,72.1,72.1,72.1,1.0,0.0,6.0,1.0,0.8,2.6,2.6,2.6,2.6,1.0,0.0,6.0,1.0,0.2,0.8,-0.89,-0.89,-0.89,-0.89,1.0,0.0,6.0,1.0,0.2,0.8,2.44,2.44,2.44,2.44,1.0,0.0,6.0,1.0,0.2,0.8,1024.0,1024.0,1024.0,1024.0,1.0,0.0,6.0,1.0,0.2,0.8,7.0,7.0,7.0,7.0,1.0,0.0,6.0,1.0,0.2,0.8,-2.3,-2.3,-2.3,-2.3,1.0,0.0,6.0,1.0,0.2,0.8,6.4,6.4,6.4,6.4,1.0,0.0,6.0,1.0,0.2,0.8,0.6,0.6,0.6,0.6,1.0,0.0,6.0,1.0,0.2,0.8,1.6,1.6,1.6,1.6,1.0,0.0,6.0,1.0,0.2,0.8,4.71,4.71,4.71,4.71,1.0,0.0,6.0,1.0,0.2,0.8,12.2,12.2,12.2,12.2,1.0,0.0,6.0,1.0,0.2,0.8,-18.1,-18.1,-18.1,-18.1,1.0,0.0,6.0,1.0,0.2,0.8,49.8,49.8,49.8,49.8,1.0,0.0,6.0,1.0,0.2,0.8,-9.4,-9.4,-9.4,-9.4,1.0,0.0,6.0,1.0,0.2,0.8,25.9,25.9,25.9,25.9,1.0,0.0,6.0,1.0,0.2,0.8,-4.2,-4.2,-4.2,-4.2,1.0,0.0,6.0,1.0,0.2,0.8,11.5,11.5,11.5,11.5,1.0,0.0,6.0,1.0,0.2,0.8,17.5,17.5,17.5,17.5,1.0,0.0,6.0,1.0,0.2,0.8,20.0,20.0,20.0,20.0,1.0,0.0,6.0,1.0,0.2,0.8
1974,2,352.0,-33.0,23.0,23.0,23.0,23.0,1.0,0.0,10.0,0.0,0.9,0.6,20.4,20.4,20.4,20.4,1.0,0.0,10.0,0.0,0.9,0.6,9.94,9.94,9.94,9.94,1.0,0.0,10.0,0.0,0.9,0.6,67.6,67.6,67.6,67.6,1.0,0.0,10.0,0.0,0.6,4.1,4.1,4.1,4.1,1.0,0.0,10.0,0.0,0.9,0.6,-4.04,-4.04,-4.04,-4.04,1.0,0.0,10.0,0.0,0.9,0.6,0.71,0.71,0.71,0.71,1.0,0.0,10.0,0.0,0.9,0.6,1023.6,1023.6,1023.6,1023.6,1.0,0.0,10.0,0.0,0.9,0.6,8.0,8.0,8.0,8.0,1.0,0.0,10.0,0.0,0.9,0.6,-16.6,-16.6,-16.6,-16.6,1.0,0.0,10.0,0.0,0.9,0.6,2.9,2.9,2.9,2.9,1.0,0.0,10.0,0.0,0.9,0.6,2.6,2.6,2.6,2.6,1.0,0.0,10.0,0.0,0.9,0.6,10.7,10.7,10.7,10.7,1.0,0.0,10.0,0.0,0.9,0.6,7.39,7.39,7.39,7.39,1.0,0.0,10.0,0.0,0.9,0.6,30.3,30.3,30.3,30.3,1.0,0.0,10.0,0.0,0.9,0.6,-82.4,-82.4,-82.4,-82.4,1.0,0.0,10.0,0.0,0.9,0.6,14.5,14.5,14.5,14.5,1.0,0.0,10.0,0.0,0.9,0.6,-40.1,-40.1,-40.1,-40.1,1.0,0.0,10.0,0.0,0.9,0.6,7.1,7.1,7.1,7.1,1.0,0.0,10.0,0.0,0.9,0.6,-29.8,-29.8,-29.8,-29.8,1.0,0.0,10.0,0.0,0.9,0.6,5.3,5.3,5.3,5.3,1.0,0.0,10.0,0.0,0.9,0.6,69.0,69.0,69.0,69.0,1.0,0.0,10.0,0.0,0.9,0.6,70.0,70.0,70.0,70.0,1.0,0.0,10.0,0.0,0.9,0.6
1974,2,352.0,-31.0,23.7,23.9,24.1,23.9,2.0,0.42,16.0,1.0,0.5,0.7,22.56,23.75,24.94,23.75,2.0,2.47,16.0,1.0,0.5,0.7,15.24,15.47,15.7,15.47,2.0,0.48,16.0,1.0,0.5,0.7,78.7,86.1,93.5,86.1,2.0,15.4,16.0,1.0,0.7,0.75,1.3,1.85,1.3,2.0,1.13,16.0,1.0,0.5,0.7,0.52,1.11,1.7,1.11,2.0,1.22,16.0,1.0,0.5,0.7,-0.67,-0.58,-0.48,-0.58,2.0,0.2,16.0,1.0,0.5,0.7,1023.1,1023.3,1023.5,1023.3,2.0,0.42,16.0,1.0,0.5,0.7,3.3,4.0,4.7,4.0,2.0,1.4,16.0,1.0,0.5,0.7,0.8,2.1,3.5,2.1,2.0,2.8,16.0,1.0,0.5,0.7,-1.3,-0.9,-0.4,-0.9,2.0,0.9,16.0,1.0,0.5,0.7,-0.84,0.15,1.14,0.15,2.0,2.05,16.0,1.0,0.5,0.7,-2.2,-1.0,0.2,-1.0,2.0,2.5,16.0,1.0,0.5,0.7,2.39,2.85,3.3,2.85,2.0,0.95,16.0,1.0,0.5,0.7,2.1,4.2,6.4,4.2,2.0,4.5,16.0,1.0,0.5,0.7,12.6,27.9,43.2,27.9,2.0,31.7,16.0,1.0,0.5,0.7,-16.9,-13.9,-10.9,-13.9,2.0,6.2,16.0,1.0,0.5,0.7,8.1,16.9,25.7,16.9,2.0,18.3,16.0,1.0,0.5,0.7,-10.2,-8.9,-7.5,-8.9,2.0,2.8,16.0,1.0,0.5,0.7,1.6,3.7,5.9,3.7,2.0,4.5,16.0,1.0,0.5,0.7,-2.3,-1.7,-1.2,-1.7,2.0,1.1,16.0,1.0,0.5,0.7,1.5,4.5,8.0,4.5,2.0,6.5,16.0,1.0,0.5,0.7,0.0,5.0,10.0,5.0,2.0,5.0,16.0,1.0,0.5,0.7
1974,2,352.0,-30.0,23.0,23.0,23.0,23.0,1.0,0.0,18.0,0.0,0.8,1.0,22.6,22.6,22.6,22.6,1.0,0.0,18.0,0.0,0.8,1.0,13.29,13.29,13.29,13.29,1.0,0.0,18.0,0.0,0.8,1.0,78.6,78.6,78.6,78.6,1.0,0.0,18.0,0.0,1.0,,,,,,,,,,,,,,,,,,,,,,,,,,,,,,,,,,,,,,,,,,,,,,,,,,,,,,,,,,,,,,,,,,,,,,,,,,,,,,,,,,,,,,,,,,,,,,,,,,,,,,,,,,,,,,,,,,,,,,,,,,,,,,,,,,,,,,,,,,,,,,,,,,,,,,,,,,,,,,,,,,,,,,,,,,,,,,,,,,,,,,,,,,,,,,
1974,2,352.0,-25.0,22.7,22.7,22.7,22.7,1.0,0.0,12.0,1.0,0.3,0.7,21.7,21.7,21.7,21.7,1.0,0.0,12.0,1.0,0.3,0.7,13.88,13.88,13.88,13.88,1.0,0.0,12.0,1.0,0.3,0.7,86.2,86.2,86.2,86.2,1.0,0.0,12.0,1.0,0.7,5.1,5.1,5.1,5.1,1.0,0.0,12.0,1.0,0.3,0.7,-4.42,-4.42,-4.42,-4.42,1.0,0.0,12.0,1.0,0.3,0.7,2.55,2.55,2.55,2.55,1.0,0.0,12.0,1.0,0.3,0.7,1015.9,1015.9,1015.9,1015.9,1.0,0.0,12.0,1.0,0.3,0.7,7.0,7.0,7.0,7.0,1.0,0.0,12.0,1.0,0.3,0.7,-22.5,-22.5,-22.5,-22.5,1.0,0.0,12.0,1.0,0.3,0.7,13.0,13.0,13.0,13.0,1.0,0.0,12.0,1.0,0.3,0.7,1.0,1.0,1.0,1.0,1.0,0.0,12.0,1.0,0.3,0.7,5.1,5.1,5.1,5.1,1.0,0.0,12.0,1.0,0.3,0.7,3.26,3.26,3.26,3.26,1.0,0.0,12.0,1.0,0.3,0.7,16.6,16.6,16.6,16.6,1.0,0.0,12.0,1.0,0.3,0.7,-95.8,-95.8,-95.8,-95.8,1.0,0.0,12.0,1.0,0.3,0.7,55.3,55.3,55.3,55.3,1.0,0.0,12.0,1.0,0.3,0.7,-61.3,-61.3,-61.3,-61.3,1.0,0.0,12.0,1.0,0.3,0.7,35.4,35.4,35.4,35.4,1.0,0.0,12.0,1.0,0.3,0.7,-14.4,-14.4,-14.4,-14.4,1.0,0.0,12.0,1.0,0.3,0.7,8.3,8.3,8.3,8.3,1.0,0.0,12.0,1.0,0.3,0.7,132.5,132.5,132.5,132.5,1.0,0.0,12.0,1.0,0.3,0.7,135.0,135.0,135.0,135.0,1.0,0.0,12.0,1.0,0.3,0.7
1974,2,352.0,-24.0,,,,,,,,,,,,,,,,,,,,,,,,,,,,,,,,,,,,,,,,10.0,10.0,10.0,10.0,1.0,0.0,10.0,1.0,0.5,0.8,-8.66,-8.66,-8.66,-8.66,1.0,0.0,10.0,1.0,0.5,0.8,5.0,5.0,5.0,5.0,1.0,0.0,10.0,1.0,0.5,0.8,1019.8,1019.8,1019.8,1019.8,1.0,0.0,10.0,1.0,0.5,0.8,,,,,,,,,,,,,,,,,,,,,,,,,,,,,,,,,,,,,,,,,,,,,,,,,,,,,,,,,,,,,,,,,,,,,,,,,,,,,,,,,,,,,,,,,,,,,,,,,,,,,,,,,,,,,,,,,,,,,,,,,,,,,,,,,,,,,,,,,,,,,,,,,,,,,,
1974,2,352.0,-23.0,24.43,25.35,26.27,25.35,2.0,1.91,24.0,0.5,0.6,0.8,23.5,23.7,23.9,23.7,2.0,0.42,24.0,0.5,0.6,0.8,13.52,14.39,15.27,14.39,2.0,1.81,24.0,0.5,0.6,0.8,75.2,78.9,82.6,78.9,2.0,7.7,24.0,0.5,0.8,4.01,4.9,5.79,4.9,2.0,1.84,24.0,0.5,0.6,0.8,-5.78,-4.87,-3.97,-4.87,2.0,1.88,24.0,0.5,0.6,0.8,0.1,0.31,0.53,0.31,2.0,0.44,24.0,0.5,0.6,0.8,1013.52,1014.65,1015.78,1014.65,2.0,2.33,24.0,0.5,0.6,0.8,5.3,6.0,6.7,6.0,2.0,1.4,24.0,0.5,0.6,0.8,-34.4,-25.6,-16.8,-25.6,2.0,18.2,24.0,0.5,0.6,0.8,0.4,1.1,1.9,1.1,2.0,1.6,24.0,0.5,0.6,0.8,0.52,1.65,2.78,1.65,2.0,2.33,24.0,0.5,0.6,0.8,3.2,10.2,17.2,10.2,2.0,14.5,24.0,0.5,0.6,0.8,3.86,5.83,7.8,5.83,2.0,4.09,24.0,0.5,0.6,0.8,17.5,32.3,47.2,32.3,2.0,30.8,24.0,0.5,0.6,0.8,-135.6,-115.1,-94.6,-115.1,2.0,42.4,24.0,0.5,0.6,0.8,2.4,7.5,12.6,7.5,2.0,10.6,24.0,0.5,0.6,0.8,-77.2,-68.4,-59.6,-68.4,2.0,18.2,24.0,0.5,0.6,0.8,1.6,4.9,8.2,4.9,2.0,6.9,24.0,0.5,0.6,0.8,-47.2,-32.3,-17.4,-32.3,2.0,30.9,24.0,0.5,0.6,0.8,0.3,0.9,1.5,0.9,2.0,1.3,24.0,0.5,0.6,0.8,77.0,142.5,208.0,142.5,2.0,135.5,24.0,0.5,0.6,0.8,75.0,140.0,210.0,140.0,2.0,135.0,24.0,0.5,0.6,0.8
1974,2,352.0,-22.0,23.5,23.5,23.64,23.57,3.0,0.12,12.0,0.0,0.5,0.8,21.36,21.7,21.9,21.63,3.0,0.4,12.0,0.0,0.5,0.8,12.96,13.0,13.04,13.0,2.0,0.08,12.0,0.0,0.4,0.9,80.1,81.3,82.4,81.3,2.0,2.5,12.0,0.0,0.9,6.09,9.3,10.32,8.23,3.0,3.23,12.0,0.0,0.5,0.8,-9.34,-9.3,-5.67,-7.55,3.0,3.08,12.0,0.0,0.5,0.8,0.73,2.3,4.42,2.57,3.0,2.71,12.0,0.0,0.5,0.8,1014.6,1015.9,1016.31,1015.47,3.0,1.31,12.0,0.0,0.5,0.8,6.0,8.0,8.0,7.0,3.0,1.7,12.0,0.0,0.5,0.8,-96.4,-86.5,-40.0,-68.6,3.0,44.1,12.0,0.0,0.5,0.8,3.4,10.6,43.2,23.0,3.0,31.1,12.0,0.0,0.5,0.8,1.6,1.8,2.28,1.93,3.0,0.51,12.0,0.0,0.5,0.8,10.9,19.4,22.0,16.5,3.0,8.6,12.0,0.0,0.5,0.8,5.03,5.13,5.23,5.13,2.0,0.21,12.0,0.0,0.4,0.9,27.1,36.0,44.9,36.0,2.0,18.5,12.0,0.0,0.4,0.9,-201.1,-197.2,-122.4,-162.6,3.0,65.0,12.0,0.0,0.5,0.8,16.1,50.6,96.0,55.9,3.0,58.8,12.0,0.0,0.5,0.8,-109.5,-86.2,-62.9,-86.2,2.0,48.3,12.0,0.0,0.4,0.9,4.8,15.0,25.3,15.0,2.0,21.2,12.0,0.0,0.4,0.9,-44.4,-34.4,-24.5,-34.4,2.0,20.6,12.0,0.0,0.4,0.9,1.8,5.7,9.6,5.7,2.0,8.1,12.0,0.0,0.4,0.9,321.5,804.5,1115.0,720.5,3.0,585.5,12.0,0.0,0.5,0.8,320.0,805.0,1115.0,720.0,3.0,585.0,12.0,0.0,0.5,0.8
1974,2,352.0,-21.0,23.85,24.6,24.87,24.37,3.0,0.78,18.0,1.0,0.6,0.5,24.0,24.2,24.88,24.43,3.0,0.68,18.0,1.0,0.6,0.5,12.54,13.69,15.89,14.21,3.0,2.5,18.0,1.0,0.6,0.5,67.4,74.5,81.7,74.5,3.0,10.4,18.0,1.0,0.5,4.26,4.6,6.37,5.3,3.0,1.66,18.0,1.0,0.6,0.5,-5.05,-4.04,-3.69,-4.36,3.0,1.03,18.0,1.0,0.6,0.5,0.45,2.96,4.1,2.29,3.0,2.73,18.0,1.0,0.6,0.5,1015.51,1016.6,1017.01,1016.27,3.0,1.14,18.0,1.0,0.6,0.5,2.6,6.0,6.7,4.7,3.0,3.2,18.0,1.0,0.6,0.5,-32.4,-16.6,-16.3,-24.2,3.0,13.5,18.0,1.0,0.6,0.5,2.3,13.6,27.1,14.7,3.0,18.1,18.0,1.0,0.6,0.5,-0.67,-0.6,0.56,-0.07,3.0,1.01,18.0,1.0,0.6,0.5,-4.3,-2.8,2.2,-1.1,3.0,5.0,18.0,1.0,0.6,0.5,3.49,6.01,6.01,4.78,3.0,2.13,18.0,1.0,0.6,0.5,15.1,24.6,37.4,26.2,3.0,16.4,18.0,1.0,0.6,0.5,-121.7,-96.5,-91.2,-106.3,3.0,23.9,18.0,1.0,0.6,0.5,12.0,74.5,100.1,56.5,3.0,66.4,18.0,1.0,0.6,0.5,-64.1,-59.6,-56.7,-60.4,3.0,5.5,18.0,1.0,0.6,0.5,9.2,50.0,53.8,32.0,3.0,36.2,18.0,1.0,0.6,0.5,-30.3,-24.2,-13.3,-21.8,3.0,12.7,18.0,1.0,0.6,0.5,-0.7,6.8,21.2,10.1,3.0,16.3,18.0,1.0,0.6,0.5,78.0,97.5,285.5,180.0,3.0,168.0,18.0,1.0,0.6,0.5,80.0,95.0,285.0,180.0,3.0,170.0,18.0,1.0,0.6,0.5
1974,2,352.0,-20.0,23.9,23.9,23.9,23.9,1.0,0.0,8.0,1.0,1.0,0.3,25.6,25.6,25.6,25.6,1.0,0.0,8.0,1.0,1.0,0.3,12.08,12.08,12.08,12.08,1.0,0.0,8.0,1.0,1.0,0.3,59.4,59.4,59.4,59.4,1.0,0.0,8.0,1.0,0.3,6.2,6.2,6.2,6.2,1.0,0.0,8.0,1.0,1.0,0.3,-6.11,-6.11,-6.11,-6.11,1.0,0.0,8.0,1.0,1.0,0.3,1.08,1.08,1.08,1.08,1.0,0.0,8.0,1.0,1.0,0.3,1015.0,1015.0,1015.0,1015.0,1.0,0.0,8.0,1.0,1.0,0.3,7.0,7.0,7.0,7.0,1.0,0.0,8.0,1.0,1.0,0.3,-37.9,-37.9,-37.9,-37.9,1.0,0.0,8.0,1.0,1.0,0.3,6.7,6.7,6.7,6.7,1.0,0.0,8.0,1.0,1.0,0.3,-1.7,-1.7,-1.7,-1.7,1.0,0.0,8.0,1.0,1.0,0.3,-10.5,-10.5,-10.5,-10.5,1.0,0.0,8.0,1.0,1.0,0.3,6.38,6.38,6.38,6.38,1.0,0.0,8.0,1.0,1.0,0.3,39.5,39.5,39.5,39.5,1.0,0.0,8.0,1.0,1.0,0.3,-156.3,-156.3,-156.3,-156.3,1.0,0.0,8.0,1.0,1.0,0.3,27.6,27.6,27.6,27.6,1.0,0.0,8.0,1.0,1.0,0.3,-73.8,-73.8,-73.8,-73.8,1.0,0.0,8.0,1.0,1.0,0.3,13.0,13.0,13.0,13.0,1.0,0.0,8.0,1.0,1.0,0.3,-38.9,-38.9,-38.9,-38.9,1.0,0.0,8.0,1.0,1.0,0.3,6.9,6.9,6.9,6.9,1.0,0.0,8.0,1.0,1.0,0.3,238.5,238.5,238.5,238.5,1.0,0.0,8.0,1.0,1.0,0.3,240.0,240.0,240.0,240.0,1.0,0.0,8.0,1.0,1.0,0.3
1974,2,352.0,-18.0,23.02,23.5,23.84,23.43,3.0,0.6,10.0,0.3,0.7,0.6,22.62,23.3,23.78,23.2,3.0,0.85,10.0,0.3,0.7,0.6,14.1,15.2,15.99,15.05,3.0,1.39,10.0,0.3,0.7,0.6,82.4,85.3,87.2,84.8,3.0,3.5,10.0,0.3,0.6,5.74,8.2,8.95,7.37,3.0,2.46,10.0,0.3,0.7,0.6,-7.52,-7.12,-5.21,-6.38,3.0,1.81,10.0,0.3,0.7,0.6,1.96,2.8,4.97,3.45,3.0,2.27,10.0,0.3,0.7,0.6,1012.19,1012.8,1013.48,1012.83,3.0,0.95,10.0,0.3,0.7,0.6,3.3,6.0,7.4,5.3,3.0,3.1,10.0,0.3,0.7,0.6,-65.3,-63.2,-33.6,-49.8,3.0,25.9,10.0,0.3,0.7,0.6,12.2,23.0,45.2,28.6,3.0,24.7,10.0,0.3,0.7,0.6,0.06,0.2,0.4,0.23,3.0,0.25,10.0,0.3,0.7,0.6,0.3,0.9,3.5,1.9,3.0,2.5,10.0,0.3,0.7,0.6,2.44,2.86,3.45,2.95,3.0,0.74,10.0,0.3,0.7,0.6,14.8,18.4,29.5,22.1,3.0,11.2,10.0,0.3,0.7,0.6,-176.7,-158.9,-119.2,-148.2,3.0,43.1,10.0,0.3,0.7,0.6,46.4,67.3,112.4,79.1,3.0,49.4,10.0,0.3,0.7,0.6,-116.7,-96.8,-75.6,-96.2,3.0,30.2,10.0,0.3,0.7,0.6,30.9,45.9,70.0,50.3,3.0,28.9,10.0,0.3,0.7,0.6,-23.6,-17.3,-13.9,-18.7,3.0,7.2,10.0,0.3,0.7,0.6,5.1,6.3,17.2,11.0,3.0,9.8,10.0,0.3,0.7,0.6,241.5,551.5,724.0,484.5,3.0,358.0,10.0,0.3,0.7,0.6,240.0,550.0,725.0,485.0,3.0,360.0,10.0,0.3,0.7,0.6
1974,2,352.0,-17.0,24.03,24.3,24.57,24.3,2.0,0.57,16.0,0.0,0.6,0.4,22.91,23.15,23.39,23.15,2.0,0.49,16.0,0.0,0.6,0.4,14.97,15.34,15.7,15.34,2.0,0.76,16.0,0.0,0.6,0.4,86.2,86.9,87.7,86.9,2.0,1.6,16.0,0.0,0.4,3.25,4.65,6.05,4.65,2.0,2.9,16.0,0.0,0.6,0.4,-4.39,-2.79,-1.19,-2.79,2.0,3.31,16.0,0.0,0.6,0.4,-1.47,0.87,3.22,0.87,2.0,4.86,16.0,0.0,0.6,0.4,1012.84,1013.35,1013.86,1013.35,2.0,1.06,16.0,0.0,0.6,0.4,5.2,5.5,5.8,5.5,2.0,0.7,16.0,0.0,0.6,0.4,-29.1,-17.8,-6.4,-17.8,2.0,23.5,16.0,0.0,0.6,0.4,-1.0,11.1,23.2,11.1,2.0,25.1,16.0,0.0,0.6,0.4,1.12,1.15,1.18,1.15,2.0,0.07,16.0,0.0,0.6,0.4,3.7,5.5,7.2,5.5,2.0,3.7,16.0,0.0,0.6,0.4,3.57,3.62,3.66,3.62,2.0,0.09,16.0,0.0,0.6,0.4,11.8,16.7,21.6,16.7,2.0,10.1,16.0,0.0,0.6,0.4,-103.1,-65.5,-27.8,-65.5,2.0,78.0,16.0,0.0,0.6,0.4,-33.1,21.4,75.9,21.4,2.0,112.8,16.0,0.0,0.6,0.4,-69.6,-44.1,-18.6,-44.1,2.0,52.9,16.0,0.0,0.6,0.4,-21.0,15.2,51.5,15.2,2.0,75.1,16.0,0.0,0.6,0.4,-15.6,-10.0,-4.3,-10.0,2.0,11.7,16.0,0.0,0.6,0.4,-5.5,2.9,11.4,2.9,2.0,17.5,16.0,0.0,0.6,0.4,62.5,159.0,256.0,159.0,2.0,200.0,16.0,0.0,0.6,0.4,65.0,160.0,255.0,160.0,2.0,200.0,16.0,0.0,0.6,0.4
1974,2,352.0,-16.0,22.0,22.0,22.0,22.0,2.0,0.0,16.0,0.0,0.5,0.9,23.58,23.75,23.92,23.75,2.0,0.35,16.0,0.0,0.5,0.9,14.95,15.44,15.93,15.44,2.0,1.01,16.0,0.0,0.5,0.9,81.0,84.5,88.0,84.5,2.0,7.3,16.0,0.0,0.9,6.69,7.75,8.81,7.75,2.0,2.19,16.0,0.0,0.5,0.9,-5.78,-5.36,-4.94,-5.36,2.0,0.87,16.0,0.0,0.5,0.9,4.48,5.55,6.63,5.55,2.0,2.22,16.0,0.0,0.5,0.9,1013.53,1013.6,1013.67,1013.6,2.0,0.14,16.0,0.0,0.5,0.9,3.3,4.0,4.7,4.0,2.0,1.4,16.0,0.0,0.5,0.9,-51.4,-42.5,-33.6,-42.5,2.0,18.5,16.0,0.0,0.5,0.9,31.3,45.5,59.7,45.5,2.0,29.4,16.0,0.0,0.5,0.9,-1.92,-1.75,-1.58,-1.75,2.0,0.35,16.0,0.0,0.5,0.9,-13.7,-13.2,-12.6,-13.2,2.0,1.1,16.0,0.0,0.5,0.9,0.53,1.02,1.51,1.02,2.0,1.02,16.0,0.0,0.5,0.9,4.1,6.8,9.5,6.8,2.0,5.6,16.0,0.0,0.5,0.9,-136.3,-127.2,-118.2,-127.2,2.0,18.7,16.0,0.0,0.5,0.9,107.0,131.5,156.0,131.5,2.0,50.8,16.0,0.0,0.5,0.9,-92.3,-83.2,-74.1,-83.2,2.0,18.8,16.0,0.0,0.5,0.9,67.6,86.9,106.1,86.9,2.0,39.9,16.0,0.0,0.5,0.9,-7.2,-5.0,-2.8,-5.0,2.0,4.6,16.0,0.0,0.5,0.9,2.9,4.5,6.2,4.5,2.0,3.4,16.0,0.0,0.5,0.9,328.0,521.5,714.5,521.5,2.0,400.0,16.0,0.0,0.5,0.9,330.0,520.0,715.0,520.0,2.0,400.0,16.0,0.0,0.5,0.9
1974,2,352.0,-15.0,25.0,25.0,26.16,25.57,3.0,0.98,24.0,0.3,0.6,0.8,24.25,25.0,25.0,24.63,3.0,0.64,24.0,0.3,0.6,0.8,13.88,14.11,14.35,14.11,2.0,0.48,24.0,0.5,0.6,0.8,71.2,73.3,87.9,79.4,3.0,13.3,24.0,0.3,0.8,6.08,8.2,8.95,7.53,3.0,2.18,24.0,0.3,0.6,0.8,-5.75,-5.27,-4.34,-5.05,3.0,1.05,24.0,0.3,0.6,0.8,4.23,6.28,6.86,5.56,3.0,2.02,24.0,0.3,0.6,0.8,1013.55,1015.15,1016.75,1015.15,2.0,3.32,24.0,0.5,0.6,0.8,2.6,6.0,7.4,5.0,3.0,3.6,24.0,0.3,0.6,0.8,-51.7,-43.2,-27.3,-39.6,3.0,18.1,24.0,0.3,0.6,0.8,27.8,51.5,61.6,44.8,3.0,25.4,24.0,0.3,0.6,0.8,0.0,0.0,1.91,0.93,3.0,1.62,24.0,0.3,0.6,0.8,0.0,0.0,9.7,4.8,3.0,8.2,24.0,0.3,0.6,0.8,5.42,5.62,5.82,5.62,2.0,0.42,24.0,0.5,0.6,0.8,48.7,49.0,49.4,49.0,2.0,0.7,24.0,0.5,0.6,0.8,-143.8,-131.8,-105.6,-124.9,3.0,28.7,24.0,0.3,0.6,0.8,103.3,157.0,171.4,137.8,3.0,52.6,24.0,0.3,0.6,0.8,-84.2,-79.5,-74.8,-79.5,2.0,9.8,24.0,0.5,0.6,0.8,89.1,94.7,100.4,94.7,2.0,11.7,24.0,0.5,0.6,0.8,-31.7,-31.5,-31.3,-31.5,2.0,0.5,24.0,0.5,0.6,0.8,37.3,37.6,37.8,37.6,2.0,0.5,24.0,0.5,0.6,0.8,265.5,551.5,724.0,496.0,3.0,339.0,24.0,0.3,0.6,0.8,265.0,550.0,725.0,495.0,3.0,340.0,24.0,0.3,0.6,0.8
1974,2,352.0,-14.0,24.9,26.2,26.75,25.83,3.0,1.39,14.0,0.3,0.6,0.3,23.31,24.6,25.79,24.55,4.0,1.67,14.0,0.3,0.6,0.4,14.56,15.47,16.31,15.44,4.0,1.03,14.0,0.3,0.6,0.4,76.6,81.1,83.8,80.2,4.0,4.5,14.0,0.3,0.4,3.05,4.35,6.38,4.7,4.0,2.45,14.0,0.3,0.6,0.4,-4.89,-3.33,-1.87,-3.38,4.0,2.21,14.0,0.3,0.6,0.4,2.29,2.8,4.1,3.18,4.0,1.37,14.0,0.3,0.6,0.4,1010.6,1011.0,1011.35,1010.98,4.0,0.44,14.0,0.3,0.6,0.4,2.0,4.5,7.0,4.5,4.0,2.9,14.0,0.3,0.6,0.4,-33.4,-14.5,-6.9,-19.9,4.0,20.4,14.0,0.3,0.6,0.4,7.3,12.2,28.0,17.4,4.0,16.3,14.0,0.3,0.6,0.4,0.23,0.5,2.68,1.43,3.0,1.97,14.0,0.3,0.6,0.3,1.0,2.1,6.0,3.4,3.0,3.8,14.0,0.3,0.6,0.3,4.81,6.24,6.76,5.8,3.0,1.48,14.0,0.3,0.6,0.3,16.1,19.1,23.5,19.8,3.0,5.5,14.0,0.3,0.6,0.3,-120.9,-84.3,-48.1,-84.5,4.0,56.0,14.0,0.3,0.6,0.4,56.5,70.7,101.4,78.6,4.0,35.6,14.0,0.3,0.6,0.4,-77.9,-51.4,-29.4,-53.6,4.0,37.2,14.0,0.3,0.6,0.4,35.0,43.1,65.4,49.9,4.0,24.4,14.0,0.3,0.6,0.4,-18.0,-14.6,-8.1,-13.1,3.0,7.4,14.0,0.3,0.6,0.3,12.7,13.8,15.6,14.2,3.0,2.1,14.0,0.3,0.6,0.3,37.5,83.0,314.5,172.0,4.0,229.5,14.0,0.3,0.6,0.4,40.0,85.0,315.0,170.0,4.0,230.0,14.0,0.3,0.6,0.4
1974,2,352.0,-13.0,23.72,24.65,25.31,24.53,4.0,1.03,20.0,0.5,0.7,0.7,24.14,24.75,26.25,25.18,4.0,1.44,20.0,0.5,0.7,0.7,15.39,15.39,15.39,15.39,1.0,0.0,24.0,1.0,0.7,0.7,68.5,68.5,68.5,68.5,1.0,0.0,24.0,1.0,0.7,5.84,6.85,9.43,7.6,4.0,2.43,20.0,0.5,0.7,0.7,-6.18,-5.07,-3.85,-5.02,4.0,1.73,20.0,0.5,0.7,0.7,3.92,5.42,7.22,5.57,4.0,2.26,20.0,0.5,0.7,0.7,1010.18,1012.5,1015.09,1012.63,3.0,3.6,20.0,0.3,0.7,0.6,3.0,5.0,7.0,5.0,4.0,2.3,20.0,0.5,0.7,0.7,-58.9,-34.6,-23.4,-40.8,4.0,26.3,20.0,0.5,0.7,0.7,22.8,36.8,70.2,46.1,4.0,33.1,20.0,0.5,0.7,0.7,-1.36,-1.0,0.1,-0.65,4.0,1.14,20.0,0.5,0.7,0.7,-10.7,-7.3,1.5,-4.7,4.0,8.7,20.0,0.5,0.7,0.7,5.12,5.12,5.12,5.12,1.0,0.0,24.0,1.0,0.7,0.7,29.2,29.2,29.2,29.2,1.0,0.0,24.0,1.0,0.7,0.7,-152.4,-124.9,-97.2,-124.8,4.0,38.8,20.0,0.5,0.7,0.7,103.5,137.9,174.7,139.0,4.0,52.8,20.0,0.5,0.7,0.7,-43.9,-43.9,-43.9,-43.9,1.0,0.0,24.0,1.0,0.7,0.7,76.0,76.0,76.0,76.0,1.0,0.0,24.0,1.0,0.7,0.7,-14.6,-14.6,-14.6,-14.6,1.0,0.0,24.0,1.0,0.7,0.7,25.3,25.3,25.3,25.3,1.0,0.0,24.0,1.0,0.7,0.7,200.0,336.5,914.5,547.0,4.0,536.5,20.0,0.5,0.7,0.7,200.0,335.0,915.0,545.0,4.0,535.0,20.0,0.5,0.7,0.7
1974,2,352.0,-11.0,25.92,25.95,25.98,25.95,2.0,0.07,10.0,0.5,0.8,0.6,23.83,25.6,27.37,25.6,2.0,3.68,16.0,0.5,0.8,0.8,16.87,17.73,18.58,17.73,2.0,1.77,16.0,0.5,0.8,0.8,81.7,86.8,91.8,86.8,2.0,10.4,16.0,0.5,0.8,3.07,5.15,7.23,5.15,2.0,4.31,10.0,0.5,0.8,0.6,-1.14,-0.67,-0.21,-0.67,2.0,0.95,10.0,0.5,0.8,0.6,2.65,4.9,7.15,4.9,2.0,4.66,10.0,0.5,0.8,0.6,1011.84,1012.15,1012.46,1012.15,2.0,0.64,16.0,0.5,0.8,0.8,3.0,3.0,4.4,3.7,3.0,1.2,12.0,0.3,0.7,0.5,-2.4,-1.4,-0.4,-1.4,2.0,2.0,10.0,0.5,0.8,0.6,13.5,35.3,57.1,35.3,2.0,45.2,10.0,0.5,0.8,0.6,-2.3,-2.3,-2.3,-2.3,1.0,0.0,12.0,1.0,1.0,1.0,-4.8,-4.8,-4.8,-4.8,1.0,0.0,12.0,1.0,1.0,1.0,1.93,1.93,1.93,1.93,1.0,0.0,12.0,1.0,1.0,1.0,4.0,4.0,4.0,4.0,1.0,0.0,12.0,1.0,1.0,1.0,-38.1,-38.1,-38.1,-38.1,1.0,0.0,12.0,1.0,1.0,1.0,45.4,45.4,45.4,45.4,1.0,0.0,12.0,1.0,1.0,1.0,-25.6,-25.6,-25.6,-25.6,1.0,0.0,12.0,1.0,1.0,1.0,30.5,30.5,30.5,30.5,1.0,0.0,12.0,1.0,1.0,1.0,-2.6,-2.6,-2.6,-2.6,1.0,0.0,12.0,1.0,1.0,1.0,3.1,3.1,3.1,3.1,1.0,0.0,12.0,1.0,1.0,1.0,95.5,280.5,465.5,280.5,2.0,383.5,10.0,0.5,0.8,0.6,95.0,280.0,465.0,280.0,2.0,385.0,10.0,0.5,0.8,0.6
1974,2,352.0,-10.0,26.75,26.85,26.95,26.85,2.0,0.21,14.0,1.0,0.8,0.5,28.34,28.65,28.96,28.65,2.0,0.64,14.0,1.0,0.8,0.5,20.38,20.38,20.38,20.38,1.0,0.0,14.0,1.0,0.6,0.8,85.3,85.3,85.3,85.3,1.0,0.0,14.0,1.0,0.8,4.6,4.6,4.6,4.6,1.0,0.0,14.0,1.0,0.6,0.8,-0.8,-0.8,-0.8,-0.8,1.0,0.0,14.0,1.0,0.6,0.8,4.53,4.53,4.53,4.53,1.0,0.0,14.0,1.0,0.6,0.8,1012.92,1012.95,1012.98,1012.95,2.0,0.07,14.0,1.0,0.8,0.5,3.2,3.5,3.8,3.5,2.0,0.7,14.0,1.0,0.8,0.5,-3.7,-3.7,-3.7,-3.7,1.0,0.0,14.0,1.0,0.6,0.8,20.8,20.8,20.8,20.8,1.0,0.0,14.0,1.0,0.6,0.8,-2.21,-1.8,-1.39,-1.8,2.0,0.85,14.0,1.0,0.8,0.5,-5.5,-5.5,-5.5,-5.5,1.0,0.0,14.0,1.0,0.6,0.8,1.92,1.92,1.92,1.92,1.0,0.0,14.0,1.0,0.6,0.8,8.8,8.8,8.8,8.8,1.0,0.0,14.0,1.0,0.6,0.8,-22.5,-22.5,-22.5,-22.5,1.0,0.0,14.0,1.0,0.6,0.8,127.7,127.7,127.7,127.7,1.0,0.0,14.0,1.0,0.6,0.8,-16.3,-16.3,-16.3,-16.3,1.0,0.0,14.0,1.0,0.6,0.8,92.3,92.3,92.3,92.3,1.0,0.0,14.0,1.0,0.6,0.8,-1.5,-1.5,-1.5,-1.5,1.0,0.0,14.0,1.0,0.6,0.8,8.7,8.7,8.7,8.7,1.0,0.0,14.0,1.0,0.6,0.8,97.5,97.5,97.5,97.5,1.0,0.0,14.0,1.0,0.6,0.8,95.0,95.0,95.0,95.0,1.0,0.0,14.0,1.0,0.6,0.8
1974,2,352.0,-8.0,,,,,,,,,,,,,,,,,,,,,,,,,,,,,,,,,,,,,,,,4.1,4.1,4.1,4.1,1.0,0.0,18.0,1.0,0.5,0.8,-3.55,-3.55,-3.55,-3.55,1.0,0.0,18.0,1.0,0.5,0.8,2.05,2.05,2.05,2.05,1.0,0.0,18.0,1.0,0.5,0.8,1013.6,1013.6,1013.6,1013.6,1.0,0.0,18.0,1.0,0.5,0.8,,,,,,,,,,,,,,,,,,,,,,,,,,,,,,,,,,,,,,,,,,,,,,,,,,,,,,,,,,,,,,,,,,,,,,,,,,,,,,,,,,,,,,,,,,,,,,,,,,,,,,,,,,,,,,,,,,,,,,,,,,,,,,,,,,,,,,,,,,,,,,,,,,,,,,
1974,2,352.0,-7.0,26.5,26.5,26.5,26.5,1.0,0.0,8.0,1.0,0.6,0.2,27.0,27.0,27.0,27.0,1.0,0.0,8.0,1.0,0.6,0.2,15.52,15.52,15.52,15.52,1.0,0.0,8.0,1.0,0.6,0.2,69.7,69.7,69.7,69.7,1.0,0.0,8.0,1.0,0.2,7.2,7.2,7.2,7.2,1.0,0.0,8.0,1.0,0.6,0.2,-3.6,-3.6,-3.6,-3.6,1.0,0.0,8.0,1.0,0.6,0.2,6.24,6.24,6.24,6.24,1.0,0.0,8.0,1.0,0.6,0.2,1010.1,1010.1,1010.1,1010.1,1.0,0.0,8.0,1.0,0.6,0.2,3.0,3.0,3.0,3.0,1.0,0.0,8.0,1.0,0.6,0.2,-25.9,-25.9,-25.9,-25.9,1.0,0.0,8.0,1.0,0.6,0.2,44.9,44.9,44.9,44.9,1.0,0.0,8.0,1.0,0.6,0.2,-0.5,-0.5,-0.5,-0.5,1.0,0.0,8.0,1.0,0.6,0.2,-3.6,-3.6,-3.6,-3.6,1.0,0.0,8.0,1.0,0.6,0.2,6.18,6.18,6.18,6.18,1.0,0.0,8.0,1.0,0.6,0.2,44.5,44.5,44.5,44.5,1.0,0.0,8.0,1.0,0.6,0.2,-97.2,-97.2,-97.2,-97.2,1.0,0.0,8.0,1.0,0.6,0.2,168.4,168.4,168.4,168.4,1.0,0.0,8.0,1.0,0.6,0.2,-55.9,-55.9,-55.9,-55.9,1.0,0.0,8.0,1.0,0.6,0.2,96.8,96.8,96.8,96.8,1.0,0.0,8.0,1.0,0.6,0.2,-22.3,-22.3,-22.3,-22.3,1.0,0.0,8.0,1.0,0.6,0.2,38.5,38.5,38.5,38.5,1.0,0.0,8.0,1.0,0.6,0.2,373.0,373.0,373.0,373.0,1.0,0.0,8.0,1.0,0.6,0.2,375.0,375.0,375.0,375.0,1.0,0.0,8.0,1.0,0.6,0.2
1974,2,352.0,-6.0,26.74,27.8,28.0,27.42,5.0,0.75,12.0,0.6,0.7,0.6,25.82,28.0,29.81,27.98,6.0,2.19,12.0,0.7,0.7,0.6,17.37,17.39,19.18,18.25,3.0,1.52,12.0,0.7,0.7,0.6,78.4,79.5,81.9,80.1,3.0,2.7,12.0,0.7,0.6,2.67,5.3,6.41,4.68,6.0,2.3,12.0,0.7,0.7,0.6,-3.65,-1.4,0.0,-1.71,6.0,1.73,12.0,0.7,0.7,0.6,2.09,4.56,6.21,4.16,6.0,2.1,12.0,0.7,0.7,0.6,1007.58,1009.85,1012.13,1009.95,6.0,2.28,12.0,0.7,0.7,0.6,2.0,3.0,6.2,3.8,6.0,2.1,12.0,0.7,0.7,0.6,-23.7,-4.9,0.0,-9.8,6.0,11.7,12.0,0.7,0.7,0.6,6.0,24.2,39.8,23.4,6.0,17.2,12.0,0.7,0.7,0.6,-2.22,0.4,1.55,-0.26,5.0,2.48,12.0,0.6,0.7,0.6,-13.5,2.5,3.0,-4.6,5.0,11.7,12.0,0.6,0.7,0.6,3.7,4.11,5.67,4.67,3.0,1.52,12.0,0.7,0.7,0.6,20.4,21.8,27.1,23.7,3.0,5.2,12.0,0.7,0.7,0.6,-98.7,-38.7,0.0,-48.4,6.0,49.8,12.0,0.7,0.7,0.6,56.1,138.1,165.3,117.8,6.0,60.0,12.0,0.7,0.7,0.6,-53.7,-34.6,-11.0,-32.4,3.0,31.4,12.0,0.7,0.7,0.6,62.6,108.4,119.1,91.2,3.0,44.0,12.0,0.7,0.7,0.6,-14.1,-12.7,-4.0,-9.2,3.0,8.0,12.0,0.7,0.7,0.6,17.3,21.8,24.4,20.9,3.0,5.3,12.0,0.7,0.7,0.6,24.0,156.5,266.0,159.5,6.0,142.0,12.0,0.7,0.7,0.6,25.0,155.0,265.0,160.0,6.0,140.0,12.0,0.7,0.7,0.6
1974,2,352.0,-5.0,26.75,27.7,28.0,27.57,23.0,1.25,16.0,0.5,0.7,0.7,26.0,27.6,29.03,27.57,24.0,1.49,16.0,0.5,0.7,0.7,16.36,18.17,18.96,17.72,10.0,1.26,12.0,0.6,0.8,0.7,71.9,79.0,84.9,78.8,10.0,6.8,12.0,0.6,0.7,2.87,5.1,7.74,5.36,19.0,2.18,12.0,0.5,0.8,0.6,-4.78,-2.55,0.15,-2.02,19.0,2.51,12.0,0.5,0.8,0.6,2.72,3.99,6.0,4.43,19.0,1.93,12.0,0.5,0.8,0.6,1007.9,1010.1,1012.55,1010.17,23.0,2.01,16.0,0.6,0.7,0.7,2.0,4.0,6.0,4.2,20.0,2.3,14.0,0.6,0.7,0.6,-30.7,-13.6,0.4,-13.0,19.0,18.9,12.0,0.5,0.8,0.6,7.9,22.5,45.9,27.4,19.0,19.9,12.0,0.5,0.8,0.6,-1.51,0.2,1.1,0.15,23.0,1.62,16.0,0.5,0.7,0.7,-9.1,0.9,4.5,-0.6,19.0,8.6,12.0,0.5,0.8,0.6,4.57,5.12,7.14,5.63,10.0,1.29,12.0,0.6,0.8,0.7,8.7,31.3,36.4,26.4,10.0,13.7,12.0,0.6,0.8,0.7,-134.4,-68.8,4.2,-54.2,19.0,68.8,12.0,0.5,0.8,0.6,77.0,112.8,167.0,121.5,19.0,52.9,12.0,0.5,0.8,0.6,-72.8,-44.8,-3.7,-38.0,10.0,39.9,12.0,0.6,0.8,0.7,30.7,63.3,92.9,63.1,10.0,30.5,12.0,0.6,0.8,0.7,-23.2,-16.1,-1.1,-13.2,10.0,13.5,12.0,0.6,0.8,0.7,8.1,25.5,29.7,20.7,10.0,10.5,12.0,0.6,0.8,0.7,24.5,132.5,464.5,225.5,19.0,224.0,12.0,0.5,0.8,0.6,25.0,135.0,465.0,225.0,19.0,225.0,12.0,0.5,0.8,0.6
1974,2,352.0,-4.0,27.0,27.95,29.0,27.84,60.0,1.04,14.0,0.5,0.6,0.7,26.1,27.4,29.05,27.52,63.0,1.44,14.0,0.5,0.6,0.7,17.23,17.81,19.18,18.05,43.0,1.5,12.0,0.6,0.6,0.7,74.2,80.7,84.1,79.8,43.0,6.3,12.0,0.6,0.7,3.1,4.8,7.19,4.93,58.0,1.91,14.0,0.5,0.7,0.6,-4.29,-2.56,-1.22,-2.56,58.0,1.64,14.0,0.5,0.7,0.6,2.3,3.91,5.51,3.95,58.0,1.79,14.0,0.5,0.7,0.6,1007.9,1009.9,1012.52,1010.13,65.0,2.2,14.0,0.5,0.6,0.7,2.0,4.0,7.0,4.3,62.0,2.3,14.0,0.5,0.6,0.7,-29.4,-12.6,-2.9,-14.6,58.0,12.6,14.0,0.5,0.7,0.6,6.9,19.5,39.6,22.5,58.0,17.6,14.0,0.5,0.7,0.6,-1.3,0.3,1.6,0.32,58.0,1.41,14.0,0.5,0.6,0.7,-5.8,1.4,5.2,1.1,52.0,6.6,14.0,0.5,0.7,0.7,3.75,5.01,6.39,4.96,39.0,1.94,12.0,0.5,0.7,0.7,12.7,21.1,30.7,22.9,37.0,14.7,12.0,0.5,0.7,0.7,-114.1,-71.0,-31.0,-68.8,56.0,44.7,14.0,0.5,0.7,0.6,61.7,103.3,147.6,106.3,56.0,48.1,14.0,0.5,0.7,0.6,-75.2,-46.0,-21.6,-46.9,41.0,28.2,12.0,0.5,0.7,0.7,33.1,67.9,96.8,69.6,41.0,34.1,12.0,0.5,0.7,0.7,-22.6,-11.7,-6.5,-13.4,37.0,9.6,12.0,0.5,0.7,0.7,7.9,16.2,23.5,17.4,37.0,12.8,12.0,0.5,0.7,0.7,30.0,111.0,372.0,175.0,58.0,183.5,14.0,0.5,0.7,0.6,30.0,110.0,370.0,175.0,58.0,185.0,14.0,0.5,0.7,0.6
1974,2,352.0,-3.0,27.0,27.7,28.5,27.7,93.0,0.88,16.0,0.5,0.6,0.5,26.31,27.0,28.19,27.27,96.0,1.13,14.0,0.5,0.6,0.5,17.17,18.21,19.36,18.29,78.0,1.53,16.0,0.5,0.6,0.5,75.3,81.3,87.0,81.0,79.0,6.7,16.0,0.5,0.5,2.6,4.6,6.7,4.57,91.0,2.08,14.0,0.5,0.6,0.5,-4.25,-2.05,0.0,-2.16,91.0,2.07,14.0,0.5,0.6,0.5,1.71,3.38,5.47,3.55,91.0,1.93,14.0,0.5,0.6,0.5,1007.52,1009.5,1012.18,1009.72,96.0,2.25,14.0,0.5,0.6,0.5,2.0,5.0,7.0,4.8,96.0,2.3,14.0,0.5,0.6,0.5,-25.4,-8.4,0.0,-12.6,91.0,14.9,14.0,0.5,0.6,0.5,4.7,14.6,36.1,19.5,91.0,17.5,14.0,0.5,0.6,0.5,-0.6,0.5,1.77,0.44,91.0,1.28,14.0,0.5,0.6,0.5,-3.7,2.0,7.7,1.8,84.0,6.7,14.0,0.5,0.6,0.5,3.78,5.21,6.6,5.14,76.0,1.64,16.0,0.5,0.6,0.5,12.3,21.6,30.6,22.1,70.0,10.9,14.0,0.5,0.6,0.5,-113.3,-56.2,0.0,-58.6,89.0,55.4,14.0,0.5,0.6,0.5,49.1,94.4,145.1,97.1,89.0,52.2,14.0,0.5,0.6,0.5,-76.4,-37.4,-8.3,-39.4,72.0,35.1,14.0,0.5,0.6,0.5,36.2,58.8,93.8,64.9,72.0,33.2,14.0,0.5,0.6,0.5,-18.3,-8.2,0.0,-10.0,70.0,10.9,14.0,0.5,0.6,0.5,8.6,17.0,24.3,17.3,70.0,9.4,14.0,0.5,0.6,0.5,17.5,97.5,301.0,156.5,91.0,185.5,14.0,0.5,0.6,0.5,20.0,95.0,300.0,155.0,91.0,185.0,14.0,0.5,0.6,0.5
1974,2,352.0,-2.0,26.67,27.6,28.91,27.65,38.0,1.07,14.0,0.4,0.3,0.4,26.04,26.95,28.24,27.06,40.0,1.04,14.0,0.5,0.3,0.4,17.57,18.42,19.18,18.5,35.0,1.05,14.0,0.5,0.3,0.4,77.2,83.4,87.9,82.7,36.0,5.7,14.0,0.5,0.4,1.78,3.8,6.7,4.07,36.0,2.47,14.0,0.5,0.3,0.4,-3.08,0.0,0.12,-0.9,36.0,2.01,14.0,0.5,0.3,0.4,1.24,2.87,5.98,3.4,36.0,2.52,14.0,0.5,0.3,0.4,1007.81,1010.0,1011.5,1009.85,39.0,2.12,14.0,0.5,0.3,0.4,2.0,4.0,7.0,4.4,39.0,2.3,14.0,0.5,0.3,0.4,-19.2,0.0,0.2,-5.2,36.0,11.8,14.0,0.5,0.3,0.4,1.6,11.6,38.6,19.5,36.0,21.1,14.0,0.5,0.3,0.4,-0.43,0.5,1.83,0.63,38.0,1.21,14.0,0.4,0.3,0.4,-2.3,0.5,6.2,1.7,34.0,6.4,12.0,0.5,0.3,0.4,3.53,4.64,6.65,4.91,33.0,1.78,14.0,0.5,0.3,0.4,7.7,18.2,30.1,19.5,30.0,12.3,12.0,0.6,0.3,0.4,-82.2,0.0,3.2,-24.3,36.0,54.4,14.0,0.5,0.3,0.4,34.9,76.9,159.8,92.3,36.0,68.2,14.0,0.5,0.3,0.4,-58.5,-3.3,0.4,-19.2,32.0,36.5,12.0,0.6,0.3,0.4,28.3,59.4,106.3,63.7,32.0,46.9,12.0,0.6,0.3,0.4,-14.3,-1.3,0.5,-4.5,30.0,11.2,12.0,0.6,0.3,0.4,6.1,15.9,27.1,16.2,30.0,11.4,12.0,0.6,0.3,0.4,6.0,55.5,301.0,142.5,36.0,182.5,14.0,0.5,0.3,0.4,5.0,55.0,300.0,140.0,36.0,185.0,14.0,0.5,0.3,0.4
1974,2,352.0,-1.0,27.3,28.2,30.0,28.45,13.0,1.06,16.0,0.5,0.5,0.5,26.51,27.7,28.2,27.47,14.0,1.6,14.0,0.4,0.5,0.6,16.38,18.07,19.11,17.88,6.0,1.46,16.0,0.5,0.5,0.5,72.0,81.7,85.7,79.5,6.0,8.4,16.0,0.5,0.5,0.13,2.8,4.97,2.98,14.0,2.03,14.0,0.4,0.5,0.6,-1.56,-0.35,1.22,-0.21,14.0,2.19,14.0,0.4,0.5,0.6,0.0,2.18,3.93,2.19,14.0,1.92,14.0,0.4,0.5,0.6,1008.46,1010.5,1014.29,1010.67,13.0,2.86,16.0,0.5,0.5,0.5,2.7,4.0,7.3,4.4,12.0,2.5,16.0,0.5,0.4,0.6,-7.1,-0.8,3.2,-1.6,14.0,11.0,14.0,0.4,0.5,0.6,0.0,6.1,19.6,9.3,14.0,10.1,14.0,0.4,0.5,0.6,-0.25,1.0,2.09,0.75,13.0,1.78,16.0,0.5,0.5,0.5,-1.0,1.4,6.9,2.2,13.0,6.2,16.0,0.5,0.5,0.5,5.01,5.67,8.08,6.45,6.0,2.09,16.0,0.5,0.5,0.5,10.6,15.7,22.9,16.0,6.0,10.0,16.0,0.5,0.5,0.5,-42.2,-9.7,33.6,-6.7,14.0,57.6,14.0,0.4,0.5,0.6,0.0,61.4,110.0,60.0,14.0,53.2,14.0,0.4,0.5,0.6,-30.7,-8.0,5.1,-9.8,6.0,22.8,16.0,0.5,0.5,0.5,26.5,43.2,84.4,50.8,6.0,37.0,16.0,0.5,0.5,0.5,-7.8,-2.7,1.4,-2.7,6.0,6.1,16.0,0.5,0.5,0.5,9.2,15.2,21.5,15.0,6.0,9.4,16.0,0.5,0.5,0.5,0.5,22.5,123.5,59.5,14.0,71.5,14.0,0.4,0.5,0.6,0.0,20.0,125.0,60.0,14.0,70.0,14.0,0.4,0.5,0.6
1974,2,352.0,0.0,,,,,,,,,,,,,,,,,,,,,,,,,,,,,,,,,,,,,,,,6.0,6.0,6.0,6.0,1.0,0.0,28.0,1.0,1.0,0.2,-3.86,-3.86,-3.86,-3.86,1.0,0.0,28.0,1.0,1.0,0.2,4.6,4.6,4.6,4.6,1.0,0.0,28.0,1.0,1.0,0.2,1012.58,1014.25,1015.92,1014.25,2.0,3.46,14.0,0.0,0.2,0.5,,,,,,,,,,,,,,,,,,,,,,,,,,,,,,,,,,,,,,,,,,,,,,,,,,,,,,,,,,,,,,,,,,,,,,,,,,,,,,,,,,,,,,,,,,,,,,,,,,,,,,,,,,,,,,,,,,,,,,,,,,,,,,,,,,,,,,,,,,,,,,,,,,,,,,
1974,2,352.0,1.0,28.38,29.2,29.75,29.07,3.0,1.01,16.0,0.7,0.4,0.6,26.03,26.1,27.4,26.7,3.0,1.13,16.0,0.7,0.4,0.6,17.06,18.03,19.0,18.03,2.0,2.01,12.0,0.5,0.4,0.5,79.5,80.4,81.4,80.4,2.0,1.9,12.0,0.5,0.5,2.58,3.6,4.62,3.6,2.0,2.12,12.0,0.5,0.4,0.5,-1.47,-0.87,-0.28,-0.87,2.0,1.23,12.0,0.5,0.4,0.5,2.53,3.45,4.37,3.45,2.0,1.9,12.0,0.5,0.4,0.5,1006.08,1007.75,1009.42,1007.75,2.0,3.46,12.0,0.5,0.4,0.5,5.6,7.0,7.7,6.7,3.0,1.5,16.0,0.7,0.4,0.6,-7.5,-4.4,-1.4,-4.4,2.0,6.3,12.0,0.5,0.4,0.5,7.6,14.4,21.3,14.4,2.0,14.2,12.0,0.5,0.4,0.5,0.98,3.1,3.71,2.37,3.0,2.1,16.0,0.7,0.4,0.6,1.3,4.2,7.1,4.2,2.0,5.9,12.0,0.5,0.4,0.5,5.3,7.24,9.18,7.24,2.0,4.02,12.0,0.5,0.4,0.5,21.4,21.8,22.2,21.8,2.0,0.9,12.0,0.5,0.4,0.5,-41.1,-24.4,-7.8,-24.4,2.0,34.5,12.0,0.5,0.4,0.5,67.2,94.4,121.6,94.4,2.0,56.3,12.0,0.5,0.4,0.5,-28.5,-17.0,-5.4,-17.0,2.0,24.0,12.0,0.5,0.4,0.5,44.1,64.1,84.0,64.1,2.0,41.2,12.0,0.5,0.4,0.5,-6.4,-3.8,-1.2,-3.8,2.0,5.4,12.0,0.5,0.4,0.5,21.1,21.1,21.2,21.1,2.0,0.1,12.0,0.5,0.4,0.5,29.0,71.0,113.0,71.0,2.0,87.0,12.0,0.5,0.4,0.5,30.0,70.0,115.0,70.0,2.0,85.0,12.0,0.5,0.4,0.5
1974,2,352.0,2.0,27.53,28.0,28.76,28.08,5.0,0.91,16.0,0.4,0.7,0.5,26.62,27.7,29.1,27.9,5.0,1.96,16.0,0.4,0.7,0.5,18.04,18.72,19.51,18.69,5.0,1.1,16.0,0.4,0.7,0.5,70.6,82.7,87.0,79.7,5.0,9.3,16.0,0.4,0.5,1.24,4.15,6.22,3.75,4.0,3.05,18.0,0.5,0.8,0.4,-3.38,-0.84,3.04,-0.2,4.0,4.5,18.0,0.5,0.8,0.4,0.95,2.42,3.11,2.05,4.0,1.48,18.0,0.5,0.8,0.4,1008.1,1008.7,1010.08,1009.14,5.0,1.85,16.0,0.4,0.7,0.5,4.9,6.0,8.0,6.2,5.0,2.0,16.0,0.4,0.7,0.5,-16.8,-2.2,20.4,1.6,4.0,27.8,18.0,0.5,0.8,0.4,2.5,10.7,19.5,11.0,4.0,10.2,18.0,0.5,0.8,0.4,-0.47,0.5,0.91,0.18,5.0,1.15,16.0,0.4,0.7,0.5,-2.5,1.7,4.0,0.8,4.0,4.1,18.0,0.5,0.8,0.4,3.76,5.08,6.63,5.21,5.0,1.67,16.0,0.4,0.7,0.5,7.6,22.4,40.1,23.8,4.0,21.3,18.0,0.5,0.8,0.4,-95.0,-25.9,85.1,-5.9,4.0,125.1,18.0,0.5,0.8,0.4,29.4,69.6,86.0,58.3,4.0,41.0,18.0,0.5,0.8,0.4,-63.8,-16.2,51.3,-6.7,4.0,79.6,18.0,0.5,0.8,0.4,18.4,46.0,55.0,37.1,4.0,26.0,18.0,0.5,0.8,0.4,-18.0,-5.1,22.8,2.1,4.0,29.5,18.0,0.5,0.8,0.4,5.8,13.3,20.1,13.0,4.0,10.3,18.0,0.5,0.8,0.4,8.5,101.5,245.5,126.0,4.0,143.5,18.0,0.5,0.8,0.4,10.0,100.0,245.0,125.0,4.0,145.0,18.0,0.5,0.8,0.4
1974,2,352.0,3.0,28.21,28.85,29.57,28.78,10.0,0.88,12.0,0.2,0.4,0.5,26.67,27.7,28.29,27.51,10.0,1.0,12.0,0.2,0.4,0.5,17.99,18.87,19.17,18.62,8.0,0.76,12.0,0.3,0.3,0.5,76.7,79.8,83.4,80.2,8.0,4.5,12.0,0.3,0.5,1.11,3.6,5.06,3.21,10.0,1.91,12.0,0.2,0.4,0.5,-2.46,-0.97,1.17,-0.56,10.0,2.17,12.0,0.2,0.4,0.5,-0.59,2.44,3.88,1.73,10.0,2.6,12.0,0.2,0.4,0.5,1007.9,1009.4,1010.45,1009.41,9.0,1.77,12.0,0.2,0.4,0.5,3.4,6.5,7.6,5.7,10.0,2.3,12.0,0.2,0.4,0.5,-7.3,-3.9,4.8,-1.6,10.0,9.7,12.0,0.2,0.4,0.5,-1.8,9.5,18.3,8.4,10.0,11.4,12.0,0.2,0.4,0.5,0.89,1.3,1.87,1.27,10.0,1.23,12.0,0.2,0.4,0.5,0.0,3.5,8.0,4.5,10.0,5.9,12.0,0.2,0.4,0.5,4.58,6.52,7.57,6.2,8.0,1.59,12.0,0.3,0.3,0.5,1.3,18.4,30.4,17.5,8.0,13.1,12.0,0.3,0.3,0.5,-68.5,-27.5,31.5,-16.1,10.0,57.6,12.0,0.2,0.4,0.5,-16.4,64.0,106.0,46.4,10.0,71.7,12.0,0.2,0.4,0.5,-36.9,-18.3,0.0,-16.2,8.0,29.2,12.0,0.3,0.3,0.5,0.0,46.4,75.0,35.4,8.0,50.6,12.0,0.3,0.3,0.5,-10.6,-4.6,0.0,-3.7,8.0,9.3,12.0,0.3,0.3,0.5,0.0,13.2,28.9,12.6,8.0,15.4,12.0,0.3,0.3,0.5,7.5,49.5,129.5,60.5,10.0,53.5,12.0,0.2,0.4,0.5,10.0,50.0,130.0,60.0,10.0,55.0,12.0,0.2,0.4,0.5
1974,2,352.0,4.0,26.51,27.35,28.3,27.39,20.0,1.11,16.0,0.5,0.5,0.2,26.54,27.65,28.53,27.61,18.0,1.2,16.0,0.5,0.5,0.2,17.44,19.23,19.75,18.83,15.0,1.31,16.0,0.6,0.5,0.2,75.1,82.7,87.9,81.7,18.0,6.3,16.0,0.5,0.2,1.0,2.85,4.6,2.99,18.0,1.56,16.0,0.6,0.5,0.2,0.18,1.06,4.17,1.71,18.0,2.11,16.0,0.6,0.5,0.2,0.0,1.42,2.72,1.38,18.0,1.54,16.0,0.6,0.5,0.2,1007.71,1008.75,1010.86,1009.29,18.0,1.8,18.0,0.6,0.5,0.2,4.0,7.0,8.0,5.9,21.0,2.5,16.0,0.5,0.5,0.2,0.3,3.1,19.2,7.4,18.0,10.8,16.0,0.6,0.5,0.2,0.0,3.9,10.6,5.2,18.0,6.1,16.0,0.6,0.5,0.2,-1.5,-0.15,0.63,-0.29,18.0,1.1,16.0,0.5,0.5,0.2,-2.5,-0.4,1.7,-0.9,16.0,3.4,16.0,0.5,0.5,0.2,2.86,3.97,6.2,4.15,15.0,1.78,16.0,0.6,0.5,0.2,4.0,9.0,14.7,10.1,13.0,6.1,18.0,0.6,0.5,0.2,2.7,27.0,112.8,45.2,16.0,60.2,16.0,0.5,0.5,0.2,0.0,29.5,65.0,33.0,16.0,41.8,16.0,0.5,0.5,0.2,4.0,18.2,67.6,29.0,13.0,33.7,18.0,0.6,0.5,0.2,4.4,31.2,48.1,27.5,13.0,30.4,18.0,0.6,0.5,0.2,1.7,2.9,7.7,5.4,13.0,6.4,18.0,0.6,0.5,0.2,0.4,7.8,9.5,4.8,13.0,7.0,18.0,0.6,0.5,0.2,1.0,23.5,97.5,48.5,18.0,60.5,16.0,0.6,0.5,0.2,0.0,25.0,95.0,50.0,18.0,60.0,16.0,0.6,0.5,0.2
1974,2,352.0,33.0,16.0,16.0,18.0,16.74,78.0,1.02,12.0,0.3,0.5,0.8,13.02,14.9,16.0,14.59,78.0,1.59,12.0,0.3,0.5,0.8,6.48,8.06,9.0,7.92,43.0,1.17,8.0,0.3,0.6,0.8,61.7,76.2,85.5,75.1,43.0,11.4,8.0,0.3,0.8,2.1,5.85,10.03,5.93,76.0,3.39,12.0,0.3,0.5,0.8,-1.6,1.8,7.24,2.18,76.0,4.33,12.0,0.3,0.5,0.8,-6.12,-2.37,1.95,-1.99,76.0,4.41,12.0,0.3,0.5,0.8,1017.64,1021.55,1025.63,1021.5,78.0,4.17,12.0,0.3,0.5,0.8,1.0,5.0,7.0,4.5,66.0,2.6,10.0,0.4,0.5,0.8,-5.9,4.3,58.6,21.3,76.0,41.8,12.0,0.3,0.5,0.8,-45.5,-7.7,7.8,-14.3,76.0,42.0,12.0,0.3,0.5,0.8,0.3,1.65,4.61,2.15,78.0,2.12,12.0,0.3,0.5,0.8,0.0,9.6,35.0,15.4,76.0,18.6,12.0,0.3,0.5,0.8,2.18,3.1,4.66,3.25,43.0,1.16,8.0,0.3,0.6,0.8,5.6,13.8,24.7,15.3,42.0,11.2,8.0,0.3,0.6,0.8,-25.5,27.1,101.5,31.3,76.0,63.8,12.0,0.3,0.5,0.8,-89.2,-34.1,30.6,-28.7,76.0,62.0,12.0,0.3,0.5,0.8,-23.1,1.4,32.7,8.9,42.0,39.0,8.0,0.3,0.6,0.8,-29.0,-9.4,7.7,-10.3,42.0,27.2,8.0,0.3,0.6,0.8,-9.8,0.5,10.6,0.7,42.0,11.7,8.0,0.3,0.6,0.8,-18.4,-4.0,2.4,-7.0,42.0,13.4,8.0,0.3,0.6,0.8,9.5,200.5,1009.0,419.0,76.0,548.0,12.0,0.3,0.5,0.8,10.0,200.0,1010.0,420.0,76.0,550.0,12.0,0.3,0.5,0.8
1974,2,352.0,34.0,15.0,16.3,17.5,16.29,89.0,1.32,14.0,0.3,0.5,0.5,13.99,15.5,16.65,15.36,95.0,1.71,14.0,0.3,0.5,0.5,6.0,8.04,9.06,7.79,35.0,1.55,14.0,0.2,0.6,0.5,61.3,73.0,82.4,71.7,35.0,11.6,14.0,0.2,0.5,3.0,5.0,9.13,5.82,91.0,3.29,14.0,0.3,0.5,0.5,-3.18,0.69,5.24,1.16,91.0,4.38,14.0,0.3,0.5,0.5,-6.54,-2.5,2.37,-2.07,91.0,4.49,14.0,0.3,0.5,0.5,1013.31,1019.2,1024.94,1019.04,96.0,5.57,14.0,0.3,0.5,0.5,0.0,4.0,7.0,3.7,94.0,2.7,14.0,0.3,0.5,0.5,-16.1,2.3,41.9,13.4,91.0,45.2,14.0,0.3,0.5,0.5,-48.2,-11.2,12.9,-15.9,91.0,42.3,14.0,0.3,0.5,0.5,-0.5,1.0,2.87,1.0,87.0,1.98,14.0,0.3,0.5,0.5,-2.0,4.5,15.8,7.2,81.0,18.5,14.0,0.3,0.5,0.5,2.22,3.41,5.91,3.74,30.0,1.7,14.0,0.2,0.6,0.5,9.7,16.0,30.9,20.8,30.0,15.7,14.0,0.2,0.6,0.5,-53.0,11.0,80.5,16.9,89.0,66.8,14.0,0.3,0.5,0.5,-95.9,-38.2,42.7,-29.9,89.0,69.7,14.0,0.3,0.5,0.5,-30.1,5.7,26.6,3.3,35.0,26.6,14.0,0.2,0.6,0.5,-47.9,-24.9,17.7,-18.7,35.0,32.6,14.0,0.2,0.6,0.5,-10.4,1.4,13.0,2.3,30.0,12.1,14.0,0.2,0.6,0.5,-27.0,-8.8,3.8,-12.4,30.0,19.5,14.0,0.2,0.6,0.5,27.0,125.0,763.0,408.0,91.0,643.0,14.0,0.3,0.5,0.5,25.0,125.0,765.0,410.0,91.0,645.0,14.0,0.3,0.5,0.5
1974,2,352.0,35.0,15.0,16.0,17.46,16.27,59.0,1.1,16.0,0.2,0.6,0.5,12.5,15.1,17.3,15.14,62.0,2.24,16.0,0.2,0.6,0.5,6.76,7.8,9.94,8.38,27.0,2.01,16.0,0.1,0.6,0.5,63.1,79.4,90.7,77.7,30.0,13.0,16.0,0.2,0.5,3.81,7.7,12.0,7.55,61.0,3.63,16.0,0.2,0.6,0.5,-3.05,2.74,7.6,2.09,61.0,5.86,16.0,0.2,0.6,0.5,-7.11,-3.42,1.52,-2.72,61.0,4.98,16.0,0.2,0.6,0.5,1013.02,1018.0,1022.82,1018.07,59.0,5.08,16.0,0.2,0.6,0.5,0.0,2.0,7.0,3.2,57.0,2.8,16.0,0.2,0.6,0.5,-19.7,12.9,84.5,21.7,61.0,64.0,16.0,0.2,0.6,0.5,-60.9,-14.1,5.5,-23.1,61.0,58.0,16.0,0.2,0.6,0.5,-0.92,1.2,2.6,0.97,59.0,2.02,16.0,0.2,0.6,0.5,-5.9,6.5,18.1,7.2,58.0,18.8,16.0,0.2,0.6,0.5,1.29,3.26,4.84,3.12,27.0,1.8,16.0,0.1,0.6,0.5,9.2,16.2,35.7,21.3,27.0,17.3,16.0,0.1,0.6,0.5,-51.7,44.0,115.2,28.0,61.0,92.5,16.0,0.2,0.6,0.5,-104.0,-47.4,20.6,-38.1,61.0,73.7,16.0,0.2,0.6,0.5,-30.7,22.9,61.8,12.6,27.0,47.8,16.0,0.1,0.6,0.5,-56.6,-16.1,0.0,-24.0,27.0,28.0,16.0,0.1,0.6,0.5,-7.9,6.8,23.2,6.3,27.0,17.0,16.0,0.1,0.6,0.5,-18.0,-8.5,0.0,-12.0,27.0,17.0,16.0,0.1,0.6,0.5,55.5,456.5,1728.0,734.0,61.0,854.0,16.0,0.2,0.6,0.5,55.0,455.0,1730.0,735.0,61.0,855.0,16.0,0.2,0.6,0.5
1974,2,352.0,36.0,14.0,15.2,16.01,15.26,101.0,1.26,16.0,0.2,0.6,0.4,12.5,14.5,16.0,14.37,109.0,1.72,14.0,0.3,0.5,0.4,6.23,7.6,8.68,7.57,55.0,1.27,14.0,0.3,0.5,0.3,66.1,74.5,83.4,74.3,56.0,9.4,14.0,0.3,0.3,3.1,8.7,12.12,7.87,112.0,3.98,14.0,0.3,0.6,0.4,-5.04,3.23,9.0,2.37,112.0,6.52,14.0,0.3,0.6,0.4,-8.36,-2.97,0.0,-3.26,112.0,4.39,14.0,0.3,0.6,0.4,1013.7,1018.6,1024.53,1019.02,111.0,5.36,14.0,0.3,0.5,0.4,0.0,2.0,7.0,3.2,109.0,2.9,14.0,0.3,0.5,0.4,-35.8,18.0,94.2,24.1,112.0,76.0,14.0,0.3,0.6,0.4,-84.5,-16.7,0.0,-32.2,112.0,52.2,14.0,0.3,0.6,0.4,-0.98,1.0,2.65,0.82,97.0,2.04,16.0,0.2,0.6,0.4,-6.4,4.7,23.0,8.0,94.0,20.6,14.0,0.2,0.6,0.4,2.38,3.33,4.35,3.31,49.0,1.18,14.0,0.3,0.5,0.4,8.5,19.5,38.2,23.2,49.0,16.0,14.0,0.3,0.5,0.4,-88.3,42.7,122.4,29.3,106.0,97.6,14.0,0.3,0.5,0.4,-104.3,-41.5,0.0,-43.6,106.0,60.9,14.0,0.3,0.5,0.4,-37.0,14.9,57.8,10.7,55.0,50.2,14.0,0.3,0.5,0.3,-48.8,-14.0,0.0,-16.1,55.0,29.5,14.0,0.3,0.5,0.3,-14.3,6.6,23.1,4.9,49.0,22.5,14.0,0.3,0.5,0.4,-23.0,-6.7,1.5,-8.3,49.0,14.3,14.0,0.3,0.5,0.4,30.0,658.5,1779.0,851.5,112.0,959.0,14.0,0.3,0.6,0.4,30.0,660.0,1780.0,850.0,112.0,960.0,14.0,0.3,0.6,0.4
1974,2,352.0,37.0,13.15,13.9,14.65,13.9,2.0,1.56,8.0,0.5,0.5,0.8,15.26,15.4,15.54,15.4,2.0,0.28,8.0,0.5,0.5,0.8,7.02,7.02,7.02,7.02,1.0,0.0,4.0,1.0,0.5,0.9,64.8,64.8,64.8,64.8,1.0,0.0,4.0,1.0,0.9,6.2,6.2,6.2,6.2,2.0,0.0,8.0,0.5,0.5,0.8,4.75,4.75,4.75,4.75,2.0,0.0,8.0,0.5,0.5,0.8,-3.99,-3.99,-3.99,-3.99,2.0,0.0,8.0,0.5,0.5,0.8,1024.67,1025.25,1025.83,1025.25,2.0,1.2,8.0,0.5,0.5,0.8,0.0,0.0,0.0,0.0,2.0,0.0,8.0,0.5,0.5,0.8,29.4,29.4,29.4,29.4,2.0,0.0,8.0,0.5,0.5,0.8,-24.7,-24.7,-24.7,-24.7,2.0,0.0,8.0,0.5,0.5,0.8,-2.39,-1.5,-0.61,-1.5,2.0,1.84,8.0,0.5,0.5,0.8,-14.8,-9.3,-3.8,-9.3,2.0,11.4,8.0,0.5,0.5,0.8,2.03,2.03,2.03,2.03,1.0,0.0,4.0,1.0,0.5,0.9,12.6,12.6,12.6,12.6,1.0,0.0,4.0,1.0,0.5,0.9,72.5,73.1,73.8,73.1,2.0,1.3,8.0,0.5,0.5,0.8,-61.9,-61.4,-60.8,-61.4,2.0,1.1,8.0,0.5,0.5,0.8,33.3,33.3,33.3,33.3,1.0,0.0,4.0,1.0,0.5,0.9,-28.0,-28.0,-28.0,-28.0,1.0,0.0,4.0,1.0,0.5,0.9,9.6,9.6,9.6,9.6,1.0,0.0,4.0,1.0,0.5,0.9,-8.1,-8.1,-8.1,-8.1,1.0,0.0,4.0,1.0,0.5,0.9,238.5,238.5,238.5,238.5,2.0,0.0,8.0,0.5,0.5,0.8,240.0,240.0,240.0,240.0,2.0,0.0,8.0,0.5,0.5,0.8
1974,2,352.0,43.0,12.0,12.75,13.6,12.83,6.0,0.82,16.0,0.7,0.4,0.7,10.88,11.6,12.81,12.08,6.0,1.97,16.0,0.7,0.4,0.7,5.52,6.11,8.17,6.7,5.0,1.42,16.0,0.8,0.4,0.8,66.6,73.3,82.2,75.1,5.0,11.1,16.0,0.8,0.8,7.39,8.75,10.51,8.83,6.0,1.85,16.0,0.7,0.4,0.7,-4.04,5.77,9.89,3.84,6.0,6.86,16.0,0.7,0.4,0.7,-6.88,-1.99,3.69,-1.59,6.0,5.42,16.0,0.7,0.4,0.7,1015.3,1022.15,1030.1,1022.13,6.0,13.49,16.0,0.7,0.4,0.7,5.6,7.0,7.4,6.6,5.0,1.1,16.0,0.8,0.4,0.8,-29.5,52.1,107.0,43.6,6.0,64.7,16.0,0.7,0.4,0.7,-53.8,-12.4,36.7,-7.6,6.0,48.7,16.0,0.7,0.4,0.7,0.0,0.9,1.43,0.75,6.0,1.6,16.0,0.7,0.4,0.7,-0.3,6.8,11.4,5.1,6.0,15.0,16.0,0.7,0.4,0.7,1.33,2.69,3.16,2.33,5.0,0.97,16.0,0.8,0.4,0.8,13.5,20.1,27.6,20.4,5.0,8.8,16.0,0.8,0.4,0.8,-47.4,63.5,130.2,51.3,6.0,88.3,16.0,0.7,0.4,0.7,-80.0,-21.9,46.8,-13.1,6.0,67.9,16.0,0.7,0.4,0.7,-27.4,53.4,66.8,27.5,5.0,52.0,16.0,0.8,0.4,0.8,-33.1,0.0,29.7,-1.6,5.0,38.6,16.0,0.8,0.4,0.8,-8.4,14.1,26.6,10.0,5.0,19.6,16.0,0.8,0.4,0.8,-9.6,0.0,8.3,-0.8,5.0,9.5,16.0,0.8,0.4,0.8,411.5,678.0,1165.0,764.5,6.0,444.0,16.0,0.7,0.4,0.7,410.0,680.0,1165.0,765.0,6.0,445.0,16.0,0.7,0.4,0.7
1974,2,352.0,44.0,11.06,12.0,13.0,12.12,27.0,1.14,14.0,0.5,0.5,0.4,10.18,11.3,13.11,11.58,29.0,1.54,14.0,0.4,0.5,0.4,4.86,6.1,7.2,6.05,20.0,1.11,12.0,0.6,0.5,0.4,59.7,71.8,81.6,71.7,21.0,11.6,12.0,0.5,0.4,7.7,13.9,18.4,13.19,30.0,5.62,14.0,0.5,0.5,0.4,-2.83,8.38,15.85,6.88,30.0,9.63,14.0,0.5,0.5,0.4,-7.93,0.0,9.0,0.17,30.0,8.36,14.0,0.5,0.5,0.4,1006.75,1014.8,1021.56,1014.77,29.0,9.44,14.0,0.5,0.5,0.4,4.0,7.0,8.0,6.2,26.0,2.3,14.0,0.5,0.5,0.4,-16.5,115.5,280.6,127.3,30.0,175.5,14.0,0.5,0.5,0.4,-74.7,0.0,160.1,17.3,30.0,144.3,14.0,0.5,0.5,0.4,-0.95,0.4,2.17,0.46,27.0,1.89,14.0,0.5,0.5,0.4,-15.8,5.4,26.8,1.6,27.0,25.6,14.0,0.5,0.5,0.4,1.57,2.52,4.26,2.85,19.0,1.19,14.0,0.6,0.5,0.4,22.4,33.6,43.9,35.6,19.0,15.9,14.0,0.6,0.5,0.4,-31.8,101.3,194.6,83.0,29.0,119.6,14.0,0.4,0.5,0.4,-88.2,0.0,102.2,3.2,29.0,99.4,14.0,0.4,0.5,0.4,-5.7,52.7,114.6,51.4,20.0,62.5,12.0,0.6,0.5,0.4,-33.3,0.0,48.8,0.9,20.0,51.4,12.0,0.6,0.5,0.4,-5.8,21.5,39.0,17.1,19.0,25.7,14.0,0.6,0.5,0.4,-32.6,0.0,20.1,-3.6,19.0,24.7,14.0,0.6,0.5,0.4,456.5,2685.5,6240.5,3541.5,30.0,3974.0,14.0,0.5,0.5,0.4,455.0,2685.0,6240.0,3540.0,30.0,3975.0,14.0,0.5,0.5,0.4
1974,2,352.0,45.0,11.0,12.0,13.0,12.16,166.0,1.15,14.0,0.3,0.4,0.5,9.4,11.0,12.5,10.98,177.0,1.68,14.0,0.3,0.4,0.6,4.76,6.3,7.86,6.29,96.0,1.34,16.0,0.3,0.4,0.5,63.2,75.2,88.1,75.7,97.0,12.2,16.0,0.3,0.6,6.24,12.0,18.46,12.3,178.0,5.99,14.0,0.3,0.4,0.5,-4.9,7.9,14.72,6.28,178.0,8.69,14.0,0.3,0.4,0.5,-7.65,0.0,8.62,0.75,178.0,8.5,14.0,0.3,0.4,0.5,999.5,1013.1,1027.95,1013.16,179.0,12.63,14.0,0.3,0.4,0.6,4.0,7.0,8.0,6.3,165.0,2.0,14.0,0.3,0.4,0.5,-34.0,86.6,252.7,109.9,178.0,160.8,14.0,0.3,0.4,0.5,-91.6,0.0,126.4,18.5,178.0,152.1,14.0,0.3,0.4,0.5,-0.56,1.0,3.0,1.16,163.0,1.95,14.0,0.3,0.4,0.6,-5.6,10.1,30.9,11.9,160.0,24.1,14.0,0.3,0.4,0.5,1.05,2.38,3.78,2.41,92.0,1.3,16.0,0.3,0.4,0.5,12.0,26.7,47.7,27.8,89.0,17.3,16.0,0.3,0.4,0.5,-48.3,86.7,166.6,72.9,174.0,93.6,14.0,0.3,0.4,0.6,-76.0,0.0,97.9,15.2,174.0,97.4,14.0,0.3,0.4,0.6,-25.9,42.7,98.1,40.7,93.0,54.0,16.0,0.3,0.4,0.5,-46.6,0.0,65.4,9.2,93.0,63.0,16.0,0.3,0.4,0.5,-14.0,8.9,28.2,9.7,89.0,23.3,16.0,0.3,0.4,0.5,-24.6,0.0,16.1,-3.9,89.0,20.6,16.0,0.3,0.4,0.5,244.0,1728.0,6286.5,3235.5,178.0,3940.0,14.0,0.3,0.4,0.5,245.0,1730.0,6285.0,3235.0,178.0,3940.0,14.0,0.3,0.4,0.5
1974,2,352.0,46.0,10.6,11.75,13.0,11.66,188.0,1.24,14.0,0.3,0.7,0.3,9.3,10.8,12.3,10.79,197.0,1.55,14.0,0.3,0.7,0.3,4.69,6.12,8.01,6.27,115.0,1.47,14.0,0.3,0.6,0.3,63.4,77.2,91.0,76.6,119.0,13.0,14.0,0.3,0.3,6.2,11.8,18.0,12.01,193.0,5.74,14.0,0.3,0.7,0.3,-4.5,6.62,15.16,6.14,193.0,8.57,14.0,0.3,0.7,0.3,-7.16,0.71,9.46,1.1,193.0,8.08,14.0,0.3,0.7,0.3,997.19,1013.9,1028.31,1012.8,196.0,13.6,14.0,0.3,0.7,0.3,3.9,7.0,8.0,6.1,177.0,2.1,14.0,0.3,0.7,0.3,-31.2,68.2,260.8,110.2,193.0,156.6,14.0,0.3,0.7,0.3,-68.7,1.0,144.5,28.7,193.0,134.0,14.0,0.3,0.7,0.3,-1.0,1.0,2.6,0.86,184.0,1.89,14.0,0.3,0.7,0.3,-11.8,7.7,24.3,6.7,175.0,25.0,14.0,0.3,0.7,0.3,0.79,2.31,3.66,2.27,109.0,1.48,14.0,0.3,0.6,0.3,6.9,20.3,41.6,23.2,105.0,17.6,14.0,0.3,0.6,0.3,-44.4,74.2,168.8,71.5,188.0,95.6,14.0,0.3,0.7,0.3,-75.0,6.7,107.6,16.8,188.0,90.9,14.0,0.3,0.7,0.3,-20.7,37.2,100.5,43.0,111.0,60.0,14.0,0.3,0.6,0.3,-37.9,0.0,66.7,13.0,111.0,55.7,14.0,0.3,0.6,0.3,-16.1,5.1,26.2,5.8,105.0,20.0,14.0,0.3,0.6,0.3,-19.4,0.0,14.9,-2.0,105.0,20.5,14.0,0.3,0.6,0.3,238.5,1643.0,5832.0,2981.0,193.0,3786.5,14.0,0.3,0.7,0.3,240.0,1645.0,5830.0,2980.0,193.0,3785.0,14.0,0.3,0.7,0.3
1974,2,352.0,47.0,10.0,11.0,11.44,10.8,200.0,0.83,18.0,0.3,0.6,0.7,9.0,10.0,11.4,10.04,208.0,1.33,18.0,0.3,0.6,0.6,4.95,6.02,7.22,6.13,95.0,1.16,16.0,0.4,0.6,0.6,68.2,78.4,91.9,79.3,97.0,11.1,16.0,0.4,0.6,4.64,9.3,15.4,10.07,197.0,5.21,18.0,0.3,0.6,0.6,-5.6,0.63,13.06,2.99,197.0,8.28,18.0,0.3,0.6,0.6,-8.47,-3.06,3.42,-2.1,197.0,6.86,18.0,0.3,0.6,0.6,1001.1,1022.5,1032.0,1018.26,209.0,14.38,18.0,0.3,0.6,0.6,3.0,6.0,8.0,5.9,177.0,2.1,18.0,0.4,0.6,0.6,-48.7,2.3,196.6,58.5,197.0,129.5,18.0,0.3,0.6,0.6,-92.1,-15.0,33.7,-14.7,197.0,107.3,18.0,0.3,0.6,0.6,-0.61,0.9,2.0,0.77,196.0,1.51,18.0,0.3,0.6,0.7,-5.6,6.4,18.3,6.5,182.0,16.9,18.0,0.3,0.6,0.7,0.92,2.04,2.9,1.98,89.0,1.05,16.0,0.4,0.6,0.6,9.9,18.6,36.5,21.3,77.0,12.6,14.0,0.4,0.6,0.6,-51.3,7.1,139.4,34.3,194.0,85.5,18.0,0.3,0.6,0.6,-78.5,-28.4,34.5,-17.7,194.0,71.9,18.0,0.3,0.6,0.6,-19.2,38.8,92.6,36.5,83.0,51.8,14.0,0.4,0.6,0.6,-47.5,-13.5,57.8,-0.3,83.0,53.7,14.0,0.4,0.6,0.6,-11.1,6.3,30.3,8.4,77.0,18.3,14.0,0.4,0.6,0.6,-17.0,-6.1,4.8,-5.9,77.0,13.3,14.0,0.4,0.6,0.6,100.0,804.5,3652.5,1912.5,197.0,2701.5,18.0,0.3,0.6,0.6,100.0,805.0,3650.0,1915.0,197.0,2700.0,18.0,0.3,0.6,0.6
1974,2,352.0,48.0,10.0,11.0,11.5,10.84,112.0,0.94,14.0,0.3,0.5,0.2,8.05,9.6,10.8,9.58,116.0,1.45,14.0,0.3,0.5,0.2,4.82,5.73,7.1,5.92,63.0,1.07,14.0,0.3,0.5,0.3,67.2,80.2,91.1,78.5,65.0,10.5,12.0,0.3,0.3,5.88,12.6,18.0,12.11,112.0,5.44,14.0,0.3,0.5,0.2,-2.94,5.14,13.4,5.34,112.0,7.52,14.0,0.3,0.5,0.2,-11.61,0.0,8.92,-1.23,112.0,9.52,14.0,0.3,0.5,0.2,992.3,1010.9,1024.96,1010.58,115.0,14.55,14.0,0.3,0.5,0.2,4.0,7.0,8.0,6.2,97.0,2.0,14.0,0.3,0.5,0.3,-15.7,66.5,222.1,90.0,112.0,125.4,14.0,0.3,0.5,0.2,-157.3,0.0,127.7,-14.8,112.0,159.4,14.0,0.3,0.5,0.2,-0.2,1.0,2.79,1.23,109.0,1.63,14.0,0.3,0.5,0.2,-3.3,9.8,30.7,12.2,103.0,19.1,14.0,0.3,0.5,0.2,1.06,2.26,3.09,2.16,61.0,0.98,14.0,0.3,0.5,0.3,12.4,25.3,42.0,27.1,55.0,16.3,12.0,0.3,0.5,0.3,-26.9,51.5,142.8,55.6,110.0,76.0,14.0,0.3,0.5,0.2,-106.4,-3.7,96.5,-8.3,110.0,95.7,14.0,0.3,0.5,0.2,-10.5,44.2,94.4,44.7,57.0,46.5,12.0,0.4,0.5,0.3,-65.0,0.0,82.2,5.9,57.0,65.0,12.0,0.4,0.5,0.3,-7.6,13.1,29.1,12.9,55.0,18.5,12.0,0.3,0.5,0.3,-25.5,0.0,12.8,-3.8,55.0,22.1,12.0,0.3,0.5,0.3,204.0,2004.0,5832.0,2841.5,112.0,2971.5,14.0,0.3,0.5,0.2,205.0,2005.0,5830.0,2840.0,112.0,2970.0,14.0,0.3,0.5,0.2
1974,2,352.0,49.0,9.27,10.1,11.37,10.32,29.0,1.32,16.0,0.3,0.6,0.5,8.53,9.6,10.8,9.77,33.0,1.38,16.0,0.3,0.6,0.5,5.31,6.55,7.0,6.3,25.0,0.91,16.0,0.2,0.6,0.4,73.2,87.4,93.0,84.3,25.0,9.8,16.0,0.2,0.4,5.1,8.85,18.0,10.79,34.0,6.1,14.0,0.3,0.6,0.5,-1.49,5.39,11.34,5.23,34.0,6.84,14.0,0.3,0.6,0.5,-8.22,-1.74,8.16,-0.75,34.0,9.03,14.0,0.3,0.6,0.5,993.52,1011.25,1029.08,1010.58,34.0,16.94,14.0,0.3,0.6,0.5,3.0,7.0,8.0,5.9,30.0,2.4,14.0,0.3,0.6,0.5,-6.1,42.7,139.5,77.4,34.0,137.1,14.0,0.3,0.6,0.5,-71.5,-8.9,88.0,3.4,34.0,161.0,14.0,0.3,0.6,0.5,-1.21,0.5,1.7,0.39,28.0,1.92,16.0,0.3,0.6,0.5,-10.0,5.2,21.6,5.2,28.0,20.7,16.0,0.3,0.6,0.5,0.51,1.19,2.5,1.38,22.0,1.21,16.0,0.3,0.6,0.4,3.6,11.8,24.1,12.9,22.0,13.0,16.0,0.3,0.6,0.4,-14.5,53.5,112.1,52.1,33.0,67.1,16.0,0.3,0.6,0.5,-78.1,-19.3,68.7,-8.3,33.0,84.7,16.0,0.3,0.6,0.5,-11.2,26.6,82.1,31.7,25.0,52.0,16.0,0.2,0.6,0.4,-53.8,-19.4,43.6,-9.1,25.0,58.7,16.0,0.2,0.6,0.4,-3.5,3.0,10.8,3.6,22.0,11.9,16.0,0.3,0.6,0.4,-13.0,-3.0,7.5,-4.6,22.0,12.9,16.0,0.3,0.6,0.4,132.5,694.0,5832.0,2592.5,34.0,3927.0,14.0,0.3,0.6,0.5,135.0,695.0,5830.0,2590.0,34.0,3925.0,14.0,0.3,0.6,0.5
1974,2,352.0,50.0,8.95,10.0,10.16,9.58,4.0,1.06,16.0,0.3,0.6,0.5,7.79,9.35,10.05,9.08,6.0,1.42,12.0,0.3,0.6,0.5,4.78,5.87,6.83,5.8,4.0,1.26,18.0,0.5,0.4,0.6,71.2,74.2,86.0,78.4,4.0,11.2,18.0,0.5,0.6,2.27,6.15,19.54,9.42,6.0,8.93,12.0,0.3,0.6,0.5,-2.16,0.17,8.87,2.91,6.0,6.75,12.0,0.3,0.6,0.5,-11.57,-0.04,3.85,-2.63,6.0,11.05,12.0,0.3,0.6,0.5,998.76,1017.7,1023.95,1010.97,6.0,20.77,12.0,0.3,0.6,0.5,3.3,6.0,7.4,5.4,5.0,2.4,14.0,0.4,0.5,0.6,-5.9,0.2,183.7,70.5,6.0,120.2,12.0,0.3,0.6,0.5,-159.2,-1.1,51.4,-48.4,6.0,218.9,12.0,0.3,0.6,0.5,-0.8,0.6,2.2,0.7,4.0,2.07,16.0,0.3,0.6,0.5,-1.8,2.7,18.1,7.9,4.0,15.6,16.0,0.3,0.6,0.5,0.74,1.26,2.7,1.71,3.0,1.48,20.0,0.3,0.5,0.6,5.7,10.8,24.8,15.1,3.0,14.5,20.0,0.3,0.5,0.6,-20.0,1.5,90.5,32.3,6.0,71.4,12.0,0.3,0.6,0.5,-92.7,0.1,40.6,-18.9,6.0,109.7,12.0,0.3,0.6,0.5,-5.5,26.4,74.4,34.1,4.0,48.6,18.0,0.5,0.4,0.6,-95.3,-15.7,45.5,-24.5,4.0,94.2,18.0,0.5,0.4,0.6,-1.7,0.0,2.5,0.4,3.0,3.1,20.0,0.3,0.5,0.6,-24.6,-10.2,-1.8,-13.1,3.0,16.9,20.0,0.3,0.5,0.6,14.0,415.5,7523.5,2964.5,6.0,4394.0,12.0,0.3,0.6,0.5,15.0,415.0,7525.0,2965.0,6.0,4395.0,12.0,0.3,0.6,0.5
1974,2,352.0,51.0,9.96,10.0,10.21,10.13,6.0,0.43,8.0,0.3,0.7,0.5,7.73,8.8,10.58,9.04,9.0,1.92,12.0,0.2,0.6,0.6,5.06,6.38,7.07,6.01,6.0,1.3,10.0,0.3,0.6,0.5,70.3,82.8,94.7,81.2,6.0,16.3,10.0,0.3,0.5,6.83,15.4,19.0,13.24,9.0,6.74,12.0,0.2,0.6,0.6,0.4,4.63,10.84,5.58,9.0,5.3,12.0,0.2,0.6,0.6,-4.75,5.98,17.82,6.69,9.0,11.37,12.0,0.2,0.6,0.6,982.25,987.6,1013.63,996.84,9.0,17.61,12.0,0.2,0.6,0.6,2.0,4.0,8.0,4.9,9.0,3.1,12.0,0.2,0.6,0.6,1.2,56.3,202.8,83.3,9.0,93.5,12.0,0.2,0.6,0.6,-40.8,55.6,333.8,147.0,9.0,201.5,12.0,0.2,0.6,0.6,-1.17,1.0,1.67,0.4,6.0,1.79,8.0,0.3,0.7,0.5,-21.6,13.1,23.7,2.7,6.0,30.1,8.0,0.3,0.7,0.5,0.7,0.83,2.38,1.51,4.0,1.49,8.0,0.5,0.7,0.5,13.9,16.7,22.2,18.0,4.0,6.4,8.0,0.5,0.7,0.5,3.2,40.7,111.3,53.8,9.0,51.2,12.0,0.2,0.6,0.6,-36.0,46.0,189.3,73.1,9.0,112.4,12.0,0.2,0.6,0.6,0.0,19.8,54.0,28.8,6.0,33.6,10.0,0.3,0.6,0.5,-24.0,54.0,131.0,54.9,6.0,87.5,10.0,0.3,0.6,0.5,1.0,3.9,11.8,6.3,4.0,7.7,8.0,0.5,0.7,0.5,-5.3,13.8,16.2,5.8,4.0,17.8,8.0,0.5,0.7,0.5,320.5,3652.5,6859.0,3865.0,9.0,3698.5,12.0,0.2,0.6,0.6,320.0,3650.0,6860.0,3865.0,9.0,3700.0,12.0,0.2,0.6,0.6
1974,2,352.0,55.0,7.4,8.0,8.32,7.94,11.0,0.53,16.0,0.5,0.6,0.5,4.97,6.7,8.92,6.87,16.0,1.76,16.0,0.5,0.5,0.5,4.23,4.73,6.7,5.23,11.0,1.1,16.0,0.5,0.6,0.5,78.7,80.9,97.1,85.6,11.0,8.4,16.0,0.5,0.5,5.52,8.2,10.11,8.23,16.0,3.61,16.0,0.5,0.5,0.5,-4.1,-2.88,9.3,0.68,16.0,6.46,16.0,0.5,0.5,0.5,0.65,5.98,7.92,4.53,16.0,4.59,16.0,0.5,0.5,0.5,975.14,998.6,1020.79,1000.98,16.0,18.93,16.0,0.5,0.5,0.5,3.8,7.0,8.0,6.3,16.0,2.3,16.0,0.5,0.5,0.5,-33.6,-16.4,89.5,15.7,16.0,80.3,16.0,0.5,0.5,0.5,6.2,38.7,70.4,33.0,16.0,56.6,16.0,0.5,0.5,0.5,-0.51,1.5,3.48,1.49,11.0,1.79,16.0,0.5,0.6,0.5,-5.1,7.4,28.5,11.8,11.0,16.5,16.0,0.5,0.6,0.5,-0.1,1.61,2.61,1.45,11.0,1.17,16.0,0.5,0.6,0.5,-1.0,10.0,22.0,11.3,11.0,10.5,16.0,0.5,0.6,0.5,-26.4,-15.6,81.2,12.2,16.0,52.6,16.0,0.5,0.5,0.5,5.7,33.9,48.6,25.3,16.0,31.7,16.0,0.5,0.5,0.5,-20.1,-13.8,61.2,7.0,11.0,38.2,16.0,0.5,0.6,0.5,14.5,25.4,39.0,26.2,11.0,14.0,16.0,0.5,0.6,0.5,-9.1,-4.6,-1.1,-5.1,11.0,4.9,16.0,0.5,0.6,0.5,0.0,8.6,19.9,10.4,11.0,8.9,16.0,0.5,0.6,0.5,173.0,551.5,1035.0,863.5,16.0,1150.0,16.0,0.5,0.5,0.5,175.0,550.0,1035.0,865.0,16.0,1150.0,16.0,0.5,0.5,0.5
1974,2,352.0,56.0,6.0,7.0,9.25,7.52,5.0,1.68,8.0,0.4,0.6,0.5,5.19,8.2,8.55,7.53,7.0,1.76,8.0,0.4,0.5,0.5,4.01,4.49,4.98,4.49,2.0,1.0,16.0,0.0,0.5,0.3,57.8,71.4,85.0,71.4,2.0,28.1,16.0,0.0,0.3,9.0,15.4,16.29,13.31,7.0,5.97,8.0,0.4,0.5,0.5,-10.29,0.0,8.37,0.72,7.0,11.32,8.0,0.4,0.5,0.5,-4.33,6.0,12.31,3.65,7.0,9.9,8.0,0.4,0.5,0.5,983.01,983.9,997.38,988.2,7.0,12.14,8.0,0.4,0.5,0.5,6.6,8.0,8.0,7.4,5.0,0.9,8.0,0.6,0.6,0.4,-126.6,0.0,135.7,34.3,7.0,217.0,8.0,0.4,0.5,0.5,-90.7,72.0,196.6,37.3,7.0,152.8,8.0,0.4,0.5,0.5,-2.87,-1.2,2.01,-0.44,5.0,3.08,8.0,0.4,0.6,0.5,-38.7,-3.7,41.7,3.6,5.0,56.6,8.0,0.4,0.6,0.5,2.08,2.23,2.38,2.23,2.0,0.31,16.0,0.0,0.5,0.3,34.6,42.5,50.3,42.5,2.0,16.3,16.0,0.0,0.5,0.3,-86.5,0.0,75.0,-3.3,7.0,76.5,8.0,0.4,0.5,0.5,-24.4,44.9,104.1,30.8,7.0,80.7,8.0,0.4,0.5,0.5,42.4,70.9,99.4,70.9,2.0,59.0,16.0,0.0,0.5,0.3,-8.7,15.3,39.3,15.3,2.0,49.7,16.0,0.0,0.5,0.3,21.5,34.3,47.2,34.3,2.0,26.6,16.0,0.0,0.5,0.3,-3.6,8.7,21.1,8.7,2.0,25.6,16.0,0.0,0.5,0.3,767.5,3652.5,4409.0,3516.0,7.0,3510.5,8.0,0.4,0.5,0.5,765.0,3650.0,4410.0,3515.0,7.0,3510.0,8.0,0.4,0.5,0.5
1974,2,352.0,57.0,,,,,,,,,,,,,,,,,,,,,,,,,,,,,,,,,,,,,,,,9.87,15.6,21.33,15.6,2.0,11.88,20.0,0.0,0.9,0.1,-3.51,-2.08,-0.66,-2.08,2.0,2.95,20.0,0.0,0.9,0.1,9.81,15.42,21.03,15.42,2.0,11.62,20.0,0.0,0.9,0.1,972.22,987.1,1001.98,987.1,2.0,30.83,20.0,0.0,0.9,0.1,,,,,,,,,,,,,,,,,,,,,,,,,,,,,,,,,,,,,,,,,,,,,,,,,,,,,,,,,,,,,,,,,,,,,,,,,,,,,,,,,,,,,,,,,,,,,,,,,,,,,,,,,,,,,,,,,,,,,,,,,,,,,,,,,,,,,,,,,,,,,,,,,,,,,,
1974,2,352.0,58.0,7.46,8.8,10.0,8.71,10.0,1.33,14.0,0.3,0.6,0.5,4.83,8.0,8.79,7.35,11.0,1.92,14.0,0.3,0.6,0.5,4.38,4.78,5.48,4.89,5.0,0.66,18.0,0.0,0.6,0.4,73.8,78.5,85.1,79.7,5.0,8.2,18.0,0.0,0.4,7.69,10.65,12.74,10.9,10.0,3.65,16.0,0.3,0.6,0.5,-11.7,5.95,9.48,-0.23,10.0,11.26,16.0,0.3,0.6,0.5,0.0,3.18,6.02,2.58,10.0,3.34,16.0,0.3,0.6,0.5,982.71,1008.1,1028.0,1005.44,11.0,23.91,14.0,0.3,0.6,0.5,5.1,6.5,7.9,6.4,8.0,1.4,14.0,0.4,0.8,0.6,-147.8,38.0,95.6,-28.5,10.0,152.3,16.0,0.3,0.6,0.5,0.0,25.4,68.7,32.5,10.0,46.4,16.0,0.3,0.6,0.5,-0.1,1.5,3.3,1.38,10.0,1.84,14.0,0.3,0.6,0.5,-2.4,13.4,31.5,15.0,9.0,25.8,14.0,0.3,0.6,0.5,1.52,1.57,2.18,1.84,4.0,0.59,16.0,0.0,0.6,0.3,11.3,15.6,17.6,14.5,3.0,4.7,20.0,0.0,0.5,0.3,-91.7,51.2,79.5,8.5,10.0,81.3,16.0,0.3,0.6,0.5,0.0,26.5,36.1,17.5,10.0,22.8,16.0,0.3,0.6,0.5,-12.7,37.0,46.7,17.9,4.0,46.9,20.0,0.0,0.5,0.3,-0.2,17.5,24.0,12.2,4.0,19.7,20.0,0.0,0.5,0.3,-8.4,8.1,12.6,2.2,3.0,16.2,20.0,0.0,0.5,0.3,4.9,5.3,8.0,6.4,3.0,2.5,20.0,0.0,0.5,0.3,484.0,1212.0,2072.5,1721.5,10.0,1917.5,16.0,0.3,0.6,0.5,485.0,1210.0,2075.0,1720.0,10.0,1915.0,16.0,0.3,0.6,0.5
1974,2,352.0,59.0,7.95,8.7,8.9,8.4,7.0,0.7,16.0,0.0,0.7,0.3,6.04,7.0,7.4,6.91,10.0,1.06,16.0,0.0,0.7,0.4,5.31,5.4,5.83,5.53,5.0,0.31,18.0,0.0,0.6,0.5,82.1,84.7,88.9,85.4,5.0,5.6,18.0,0.0,0.5,12.39,14.65,17.46,13.86,10.0,4.59,16.0,0.0,0.7,0.4,-9.23,-2.5,2.15,-3.44,10.0,5.39,16.0,0.0,0.7,0.4,5.54,13.69,16.7,12.01,10.0,5.65,16.0,0.0,0.7,0.4,985.61,993.4,1012.73,996.09,10.0,17.13,16.0,0.0,0.7,0.4,5.0,8.0,8.0,7.0,7.0,1.7,18.0,0.0,0.7,0.6,-130.2,-36.2,22.4,-53.6,10.0,76.1,16.0,0.0,0.7,0.4,75.7,190.5,294.0,186.0,10.0,112.4,16.0,0.0,0.7,0.4,-0.01,1.3,2.36,1.36,7.0,1.31,16.0,0.0,0.7,0.3,-0.1,18.7,43.2,19.6,7.0,18.5,16.0,0.0,0.7,0.3,1.59,1.63,1.75,1.67,4.0,0.12,18.0,0.0,0.5,0.5,22.4,23.6,30.0,26.1,4.0,5.9,18.0,0.0,0.5,0.5,-50.2,-18.7,15.3,-21.7,10.0,34.6,16.0,0.0,0.7,0.4,34.5,100.5,111.1,84.3,10.0,41.4,16.0,0.0,0.7,0.4,-16.2,-13.0,-3.0,-8.9,5.0,12.7,18.0,0.0,0.6,0.5,72.7,76.6,91.9,81.4,5.0,10.9,18.0,0.0,0.6,0.5,-5.2,-4.1,0.2,-2.6,4.0,4.4,18.0,0.0,0.5,0.5,22.1,23.3,29.5,25.7,4.0,5.8,18.0,0.0,0.5,0.5,1907.5,3147.0,5485.5,3334.0,10.0,2132.5,16.0,0.0,0.7,0.4,1905.0,3145.0,5485.0,3335.0,10.0,2130.0,16.0,0.0,0.7,0.4
1974,2,352.0,60.0,7.68,8.65,9.67,8.68,4.0,1.23,20.0,0.3,0.7,0.1,4.73,6.5,8.03,5.97,7.0,2.53,14.0,0.6,0.7,0.2,4.92,5.3,5.77,5.34,4.0,0.55,20.0,0.3,0.7,0.1,84.9,93.3,97.1,91.1,4.0,9.4,20.0,0.3,0.1,9.08,12.3,23.2,14.63,7.0,7.01,18.0,0.6,0.6,0.4,-8.11,-6.15,7.62,-0.71,7.0,10.54,18.0,0.6,0.6,0.4,-6.2,-2.3,21.8,2.92,7.0,13.31,18.0,0.6,0.6,0.4,983.86,993.5,997.74,989.77,9.0,13.08,14.0,0.6,0.6,0.4,5.5,7.0,8.0,6.9,9.0,1.5,14.0,0.6,0.6,0.4,-184.1,-75.6,77.7,-27.9,7.0,176.4,18.0,0.6,0.6,0.4,-59.2,-10.6,505.8,108.9,7.0,274.3,18.0,0.6,0.6,0.4,1.42,3.4,3.97,2.73,4.0,2.0,20.0,0.3,0.7,0.1,66.6,74.2,91.7,79.0,3.0,18.8,26.0,0.3,0.7,0.0,0.85,1.79,2.66,1.75,4.0,1.15,20.0,0.3,0.7,0.1,37.8,51.4,52.8,45.4,3.0,12.2,26.0,0.3,0.7,0.0,-38.9,9.3,61.8,15.4,5.0,63.0,20.0,0.6,0.6,0.2,-11.7,0.0,106.8,37.5,5.0,63.6,20.0,0.6,0.6,0.2,-42.6,-40.7,43.7,-0.4,3.0,72.2,26.0,0.3,0.7,0.0,35.5,111.8,117.0,77.1,3.0,66.8,26.0,0.3,0.7,0.0,-15.4,-10.8,33.1,8.4,3.0,39.2,26.0,0.3,0.7,0.0,9.4,29.5,42.4,26.0,3.0,24.4,26.0,0.3,0.7,0.0,770.5,1861.0,12487.0,4994.0,7.0,5379.0,18.0,0.6,0.6,0.4,770.0,1860.0,12485.0,4995.0,7.0,5380.0,18.0,0.6,0.6,0.4
1974,2,352.0,61.0,6.26,6.4,7.36,6.8,3.0,0.87,6.0,0.3,0.6,0.8,3.0,5.0,6.62,4.9,9.0,1.68,14.0,0.4,0.6,0.7,4.0,4.43,4.87,4.43,2.0,0.9,6.0,0.5,0.8,0.7,81.5,85.7,90.0,85.7,2.0,8.8,6.0,0.5,0.7,4.6,9.8,16.39,10.59,10.0,6.33,12.0,0.5,0.5,0.7,-9.54,-2.86,2.63,-2.94,10.0,6.11,12.0,0.5,0.5,0.7,-8.92,0.58,3.01,-0.78,10.0,10.82,12.0,0.5,0.5,0.7,989.93,992.65,1003.63,996.26,8.0,11.43,12.0,0.5,0.5,0.7,7.0,7.0,8.0,7.3,9.0,0.7,12.0,0.6,0.5,0.7,-97.7,-11.8,12.1,-38.9,10.0,64.5,12.0,0.5,0.5,0.7,-110.9,3.9,17.5,-4.5,10.0,213.7,12.0,0.5,0.5,0.7,0.59,1.2,2.7,1.63,3.0,1.59,6.0,0.3,0.6,0.8,5.7,15.5,28.8,17.2,3.0,17.0,6.0,0.3,0.6,0.8,1.14,1.6,2.05,1.6,2.0,0.95,6.0,0.5,0.8,0.7,13.8,17.6,21.5,17.6,2.0,8.1,6.0,0.5,0.8,0.7,-43.9,-19.6,0.0,-16.5,9.0,31.0,14.0,0.4,0.6,0.7,-32.9,5.4,17.5,2.9,9.0,48.0,14.0,0.4,0.6,0.7,-57.8,-50.0,-42.1,-50.0,2.0,16.3,6.0,0.5,0.8,0.7,-17.7,-7.8,2.2,-7.8,2.0,20.6,6.0,0.5,0.8,0.7,-21.1,-17.1,-13.1,-17.1,2.0,8.3,6.0,0.5,0.8,0.7,-2.8,0.0,2.8,0.0,2.0,5.8,6.0,0.5,0.8,0.7,97.5,948.5,4840.5,2485.0,10.0,3779.5,12.0,0.5,0.5,0.7,95.0,950.0,4840.0,2485.0,10.0,3780.0,12.0,0.5,0.5,0.7
1974,2,352.0,62.0,5.89,6.6,7.21,6.55,4.0,0.81,18.0,0.0,0.2,0.6,2.59,6.4,7.33,5.35,11.0,2.43,20.0,0.5,0.4,0.3,3.92,5.2,5.67,4.81,3.0,1.32,20.0,0.0,0.2,0.6,80.7,87.6,89.4,85.1,3.0,6.7,20.0,0.0,0.6,4.13,6.7,15.2,8.7,14.0,5.33,16.0,0.5,0.4,0.3,-4.55,0.69,9.0,1.57,14.0,7.11,16.0,0.5,0.4,0.3,0.0,1.64,4.27,1.82,14.0,7.29,16.0,0.5,0.4,0.3,994.09,1015.5,1018.85,1006.01,11.0,19.28,18.0,0.5,0.4,0.4,7.0,8.0,8.0,7.5,13.0,1.1,16.0,0.5,0.4,0.4,-20.8,4.2,84.9,21.0,14.0,88.7,16.0,0.5,0.4,0.3,0.0,9.5,19.7,13.1,14.0,121.8,16.0,0.5,0.4,0.3,0.08,2.3,4.1,2.1,4.0,2.35,18.0,0.0,0.2,0.6,1.6,13.3,47.4,24.0,4.0,35.7,18.0,0.0,0.2,0.6,0.63,0.99,1.93,1.27,3.0,0.99,20.0,0.0,0.2,0.6,8.0,9.7,14.5,11.2,3.0,5.0,20.0,0.0,0.2,0.6,-8.7,20.7,66.5,25.6,11.0,40.7,20.0,0.5,0.4,0.3,0.0,11.3,48.9,21.3,11.0,41.3,20.0,0.5,0.4,0.3,1.1,31.0,48.6,25.0,3.0,35.2,20.0,0.0,0.2,0.6,24.7,67.7,79.7,52.5,3.0,42.4,20.0,0.0,0.2,0.6,-5.5,2.4,8.1,1.4,3.0,10.0,20.0,0.0,0.2,0.6,4.4,6.7,10.9,7.6,3.0,4.8,20.0,0.0,0.2,0.6,70.5,301.0,3539.0,1425.0,14.0,1977.5,16.0,0.5,0.4,0.3,70.0,300.0,3540.0,1425.0,14.0,1980.0,16.0,0.5,0.4,0.3
1974,2,352.0,63.0,5.53,6.0,6.42,5.98,4.0,0.69,18.0,0.8,0.4,0.4,1.95,4.25,5.07,3.72,6.0,1.77,16.0,0.8,0.5,0.4,3.91,3.91,3.91,3.91,1.0,0.0,12.0,0.0,0.2,0.1,72.7,77.2,81.7,77.2,2.0,9.4,12.0,0.5,0.1,6.5,13.7,16.62,12.33,6.0,5.58,16.0,0.8,0.5,0.4,-1.24,2.68,13.69,4.62,6.0,8.25,16.0,0.8,0.5,0.4,-10.03,-5.04,5.72,-3.65,6.0,10.2,16.0,0.8,0.5,0.4,984.93,1007.2,1013.7,1000.82,5.0,16.88,18.0,0.8,0.5,0.5,7.8,8.0,8.0,7.8,6.0,0.4,16.0,0.8,0.5,0.4,-14.9,18.8,212.7,68.6,6.0,125.2,16.0,0.8,0.5,0.4,-168.6,-54.4,50.7,-72.0,6.0,166.1,16.0,0.8,0.5,0.4,0.63,1.3,2.7,1.65,4.0,1.53,18.0,0.8,0.4,0.4,7.9,18.6,25.4,16.7,4.0,10.8,18.0,0.8,0.4,0.4,1.72,1.72,1.72,1.72,1.0,0.0,12.0,0.0,0.2,0.1,26.4,26.4,26.4,26.4,1.0,0.0,12.0,0.0,0.2,0.1,-7.1,5.9,65.8,18.4,6.0,40.3,16.0,0.8,0.5,0.4,-27.3,-18.7,20.1,-5.1,6.0,35.2,16.0,0.8,0.5,0.4,52.2,52.2,52.2,52.2,1.0,0.0,12.0,0.0,0.2,0.1,-30.1,-30.1,-30.1,-30.1,1.0,0.0,12.0,0.0,0.2,0.1,22.9,22.9,22.9,22.9,1.0,0.0,12.0,0.0,0.2,0.1,-13.2,-13.2,-13.2,-13.2,1.0,0.0,12.0,0.0,0.2,0.1,292.5,2690.0,4666.5,2796.0,6.0,2583.5,16.0,0.8,0.5,0.4,290.0,2690.0,4665.0,2795.0,6.0,2585.0,16.0,0.8,0.5,0.4
1974,2,352.0,64.0,,,,,,,,,,,,,,,,,,,,,,,,,,,,,,,,,,,,,,,,5.54,6.7,10.32,7.9,3.0,3.65,10.0,0.3,0.3,0.2,-4.88,-4.33,2.72,-1.15,3.0,6.21,10.0,0.3,0.3,0.2,-2.15,2.5,7.89,2.86,3.0,7.36,10.0,0.3,0.3,0.2,996.29,1001.0,1010.62,1003.4,3.0,10.7,10.0,0.3,0.3,0.2,,,,,,,,,,,,,,,,,,,,,,,,,,,,,,,,,,,,,,,,,,,,,,,,,,,,,,,,,,,,,,,,,,,,,,,,,,,,,,,,,,,,,,,,,,,,,,,,,,,,,,,,,,,,,,,,,,,,,,,,,,,,,,,,,,,,,,,,,,,,,,,,,,,,,,
1974,2,352.0,65.0,,,,,,,,,,,,,,,,,,,,,,,,,,,,,,,,,,,,,,,,4.3,5.8,7.3,5.8,2.0,3.11,14.0,0.5,0.7,0.4,-2.1,-0.68,0.73,-0.68,2.0,2.93,14.0,0.5,0.7,0.4,-7.0,-5.1,-3.2,-5.1,2.0,3.93,14.0,0.5,0.7,0.4,998.16,1002.6,1007.04,1002.6,2.0,9.19,14.0,0.5,0.7,0.4,,,,,,,,,,,,,,,,,,,,,,,,,,,,,,,,,,,,,,,,,,,,,,,,,,,,,,,,,,,,,,,,,,,,,,,,,,,,,,,,,,,,,,,,,,,,,,,,,,,,,,,,,,,,,,,,,,,,,,,,,,,,,,,,,,,,,,,,,,,,,,,,,,,,,,
1974,2,352.0,67.0,,,,,,,,,,,,,,,,,,,,,,,,,,,,,,,,,,,,,,,,13.0,13.0,13.0,13.0,1.0,0.0,6.0,0.0,0.8,0.0,-9.96,-9.96,-9.96,-9.96,1.0,0.0,6.0,0.0,0.8,0.0,-8.36,-8.36,-8.36,-8.36,1.0,0.0,6.0,0.0,0.8,0.0,1010.2,1010.2,1010.2,1010.2,1.0,0.0,6.0,0.0,0.8,0.0,,,,,,,,,,,,,,,,,,,,,,,,,,,,,,,,,,,,,,,,,,,,,,,,,,,,,,,,,,,,,,,,,,,,,,,,,,,,,,,,,,,,,,,,,,,,,,,,,,,,,,,,,,,,,,,,,,,,,,,,,,,,,,,,,,,,,,,,,,,,,,,,,,,,,,
1974,2,352.0,71.0,,,,,,,,,,,,,,,,,,,,,,,,,,,,,,,,,,,,,,,,5.02,5.05,5.08,5.05,2.0,0.07,18.0,0.0,0.5,0.1,1.72,1.73,1.74,1.73,2.0,0.02,18.0,0.0,0.5,0.1,4.71,4.75,4.78,4.75,2.0,0.07,18.0,0.0,0.5,0.1,1015.4,1015.4,1015.4,1015.4,2.0,0.0,18.0,0.0,0.5,0.1,,,,,,,,,,,,,,,,,,,,,,,,,,,,,,,,,,,,,,,,,,,,,,,,,,,,,,,,,,,,,,,,,,,,,,,,,,,,,,,,,,,,,,,,,,,,,,,,,,,,,,,,,,,,,,,,,,,,,,,,,,,,,,,,,,,,,,,,,,,,,,,,,,,,,,
1974,2,353.0,-43.0,,,,,,,,,,,,,,,,,,,,,,,,,,,,,,,,,,,,,,,,3.0,3.0,3.0,3.0,1.0,0.0,24.0,0.0,0.8,0.2,-1.93,-1.93,-1.93,-1.93,1.0,0.0,24.0,0.0,0.8,0.2,2.3,2.3,2.3,2.3,1.0,0.0,24.0,0.0,0.8,0.2,1010.2,1010.2,1010.2,1010.2,1.0,0.0,24.0,0.0,0.8,0.2,,,,,,,,,,,,,,,,,,,,,,,,,,,,,,,,,,,,,,,,,,,,,,,,,,,,,,,,,,,,,,,,,,,,,,,,,,,,,,,,,,,,,,,,,,,,,,,,,,,,,,,,,,,,,,,,,,,,,,,,,,,,,,,,,,,,,,,,,,,,,,,,,,,,,,
1974,2,353.0,-38.0,19.6,19.6,19.6,19.6,1.0,0.0,6.0,1.0,0.4,1.0,17.2,17.2,17.2,17.2,1.0,0.0,6.0,1.0,0.4,1.0,7.81,7.81,7.81,7.81,1.0,0.0,6.0,1.0,0.4,1.0,65.1,65.1,65.1,65.1,1.0,0.0,6.0,1.0,1.0,4.6,4.6,4.6,4.6,1.0,0.0,6.0,1.0,0.4,1.0,-4.6,-4.6,-4.6,-4.6,1.0,0.0,6.0,1.0,0.4,1.0,0.0,0.0,0.0,0.0,1.0,0.0,6.0,1.0,0.4,1.0,1027.2,1027.2,1027.2,1027.2,1.0,0.0,6.0,1.0,0.4,1.0,7.0,7.0,7.0,7.0,1.0,0.0,6.0,1.0,0.4,1.0,-21.2,-21.2,-21.2,-21.2,1.0,0.0,6.0,1.0,0.4,1.0,0.0,0.0,0.0,0.0,1.0,0.0,6.0,1.0,0.4,1.0,2.4,2.4,2.4,2.4,1.0,0.0,6.0,1.0,0.4,1.0,11.0,11.0,11.0,11.0,1.0,0.0,6.0,1.0,0.4,1.0,6.18,6.18,6.18,6.18,1.0,0.0,6.0,1.0,0.4,1.0,28.4,28.4,28.4,28.4,1.0,0.0,6.0,1.0,0.4,1.0,-79.1,-79.1,-79.1,-79.1,1.0,0.0,6.0,1.0,0.4,1.0,0.0,0.0,0.0,0.0,1.0,0.0,6.0,1.0,0.4,1.0,-35.9,-35.9,-35.9,-35.9,1.0,0.0,6.0,1.0,0.4,1.0,0.0,0.0,0.0,0.0,1.0,0.0,6.0,1.0,0.4,1.0,-28.4,-28.4,-28.4,-28.4,1.0,0.0,6.0,1.0,0.4,1.0,0.0,0.0,0.0,0.0,1.0,0.0,6.0,1.0,0.4,1.0,97.5,97.5,97.5,97.5,1.0,0.0,6.0,1.0,0.4,1.0,95.0,95.0,95.0,95.0,1.0,0.0,6.0,1.0,0.4,1.0
1974,2,353.0,-35.0,21.7,21.7,21.7,21.7,1.0,0.0,20.0,1.0,0.4,0.1,23.5,23.5,23.5,23.5,1.0,0.0,20.0,1.0,0.4,0.1,11.83,11.83,11.83,11.83,1.0,0.0,20.0,1.0,0.4,0.1,65.6,65.6,65.6,65.6,1.0,0.0,20.0,1.0,0.1,8.7,8.7,8.7,8.7,1.0,0.0,20.0,1.0,0.4,0.1,8.57,8.57,8.57,8.57,1.0,0.0,20.0,1.0,0.4,0.1,-1.51,-1.51,-1.51,-1.51,1.0,0.0,20.0,1.0,0.4,0.1,1010.7,1010.7,1010.7,1010.7,1.0,0.0,20.0,1.0,0.4,0.1,3.0,3.0,3.0,3.0,1.0,0.0,20.0,1.0,0.4,0.1,74.5,74.5,74.5,74.5,1.0,0.0,20.0,1.0,0.4,0.1,-13.1,-13.1,-13.1,-13.1,1.0,0.0,20.0,1.0,0.4,0.1,-1.8,-1.8,-1.8,-1.8,1.0,0.0,20.0,1.0,0.4,0.1,-15.7,-15.7,-15.7,-15.7,1.0,0.0,20.0,1.0,0.4,0.1,4.37,4.37,4.37,4.37,1.0,0.0,20.0,1.0,0.4,0.1,38.0,38.0,38.0,38.0,1.0,0.0,20.0,1.0,0.4,0.1,201.3,201.3,201.3,201.3,1.0,0.0,20.0,1.0,0.4,0.1,-35.5,-35.5,-35.5,-35.5,1.0,0.0,20.0,1.0,0.4,0.1,101.4,101.4,101.4,101.4,1.0,0.0,20.0,1.0,0.4,0.1,-17.9,-17.9,-17.9,-17.9,1.0,0.0,20.0,1.0,0.4,0.1,37.5,37.5,37.5,37.5,1.0,0.0,20.0,1.0,0.4,0.1,-6.6,-6.6,-6.6,-6.6,1.0,0.0,20.0,1.0,0.4,0.1,658.5,658.5,658.5,658.5,1.0,0.0,20.0,1.0,0.4,0.1,660.0,660.0,660.0,660.0,1.0,0.0,20.0,1.0,0.4,0.1
1974,2,353.0,-33.0,21.5,21.5,21.5,21.5,1.0,0.0,16.0,0.0,0.2,0.4,22.5,22.5,22.5,22.5,1.0,0.0,16.0,0.0,0.2,0.4,12.07,12.07,12.07,12.07,1.0,0.0,16.0,0.0,0.2,0.4,72.0,72.0,72.0,72.0,1.0,0.0,16.0,0.0,0.4,1.0,1.0,1.0,1.0,1.0,0.0,16.0,0.0,0.2,0.4,-0.77,-0.77,-0.77,-0.77,1.0,0.0,16.0,0.0,0.2,0.4,0.64,0.64,0.64,0.64,1.0,0.0,16.0,0.0,0.2,0.4,1022.8,1022.8,1022.8,1022.8,1.0,0.0,16.0,0.0,0.2,0.4,1.0,1.0,1.0,1.0,1.0,0.0,16.0,0.0,0.2,0.4,-0.8,-0.8,-0.8,-0.8,1.0,0.0,16.0,0.0,0.2,0.4,0.6,0.6,0.6,0.6,1.0,0.0,16.0,0.0,0.2,0.4,-1.0,-1.0,-1.0,-1.0,1.0,0.0,16.0,0.0,0.2,0.4,-1.0,-1.0,-1.0,-1.0,1.0,0.0,16.0,0.0,0.2,0.4,3.74,3.74,3.74,3.74,1.0,0.0,16.0,0.0,0.2,0.4,3.7,3.7,3.7,3.7,1.0,0.0,16.0,0.0,0.2,0.4,-17.2,-17.2,-17.2,-17.2,1.0,0.0,16.0,0.0,0.2,0.4,14.5,14.5,14.5,14.5,1.0,0.0,16.0,0.0,0.2,0.4,-9.2,-9.2,-9.2,-9.2,1.0,0.0,16.0,0.0,0.2,0.4,7.8,7.8,7.8,7.8,1.0,0.0,16.0,0.0,0.2,0.4,-2.9,-2.9,-2.9,-2.9,1.0,0.0,16.0,0.0,0.2,0.4,2.4,2.4,2.4,2.4,1.0,0.0,16.0,0.0,0.2,0.4,1.0,1.0,1.0,1.0,1.0,0.0,16.0,0.0,0.2,0.4,0.0,0.0,0.0,0.0,1.0,0.0,16.0,0.0,0.2,0.4
1974,2,353.0,-31.0,22.4,22.4,22.4,22.4,1.0,0.0,22.0,1.0,0.2,0.5,21.8,21.8,21.8,21.8,1.0,0.0,22.0,1.0,0.2,0.5,11.24,11.24,11.24,11.24,1.0,0.0,22.0,1.0,0.2,0.5,69.6,69.6,69.6,69.6,1.0,0.0,22.0,1.0,0.5,6.7,6.7,6.7,6.7,1.0,0.0,22.0,1.0,0.2,0.5,-6.3,-6.3,-6.3,-6.3,1.0,0.0,22.0,1.0,0.2,0.5,-2.29,-2.29,-2.29,-2.29,1.0,0.0,22.0,1.0,0.2,0.5,1017.2,1017.2,1017.2,1017.2,1.0,0.0,22.0,1.0,0.2,0.5,7.0,7.0,7.0,7.0,1.0,0.0,22.0,1.0,0.2,0.5,-42.2,-42.2,-42.2,-42.2,1.0,0.0,22.0,1.0,0.2,0.5,-15.4,-15.4,-15.4,-15.4,1.0,0.0,22.0,1.0,0.2,0.5,0.6,0.6,0.6,0.6,1.0,0.0,22.0,1.0,0.2,0.5,4.0,4.0,4.0,4.0,1.0,0.0,22.0,1.0,0.2,0.5,5.57,5.57,5.57,5.57,1.0,0.0,22.0,1.0,0.2,0.5,37.3,37.3,37.3,37.3,1.0,0.0,22.0,1.0,0.2,0.5,-137.3,-137.3,-137.3,-137.3,1.0,0.0,22.0,1.0,0.2,0.5,-50.0,-50.0,-50.0,-50.0,1.0,0.0,22.0,1.0,0.2,0.5,-70.8,-70.8,-70.8,-70.8,1.0,0.0,22.0,1.0,0.2,0.5,-25.8,-25.8,-25.8,-25.8,1.0,0.0,22.0,1.0,0.2,0.5,-35.1,-35.1,-35.1,-35.1,1.0,0.0,22.0,1.0,0.2,0.5,-12.8,-12.8,-12.8,-12.8,1.0,0.0,22.0,1.0,0.2,0.5,301.0,301.0,301.0,301.0,1.0,0.0,22.0,1.0,0.2,0.5,300.0,300.0,300.0,300.0,1.0,0.0,22.0,1.0,0.2,0.5
1974,2,353.0,-29.0,22.3,22.3,22.3,22.3,1.0,0.0,12.0,1.0,0.2,0.2,20.0,20.0,20.0,20.0,1.0,0.0,12.0,1.0,0.2,0.2,11.98,11.98,11.98,11.98,1.0,0.0,12.0,1.0,0.2,0.2,82.9,82.9,82.9,82.9,1.0,0.0,12.0,1.0,0.2,5.1,5.1,5.1,5.1,1.0,0.0,12.0,1.0,0.2,0.2,-4.42,-4.42,-4.42,-4.42,1.0,0.0,12.0,1.0,0.2,0.2,2.55,2.55,2.55,2.55,1.0,0.0,12.0,1.0,0.2,0.2,1017.5,1017.5,1017.5,1017.5,1.0,0.0,12.0,1.0,0.2,0.2,8.0,8.0,8.0,8.0,1.0,0.0,12.0,1.0,0.2,0.2,-22.5,-22.5,-22.5,-22.5,1.0,0.0,12.0,1.0,0.2,0.2,13.0,13.0,13.0,13.0,1.0,0.0,12.0,1.0,0.2,0.2,2.3,2.3,2.3,2.3,1.0,0.0,12.0,1.0,0.2,0.2,11.7,11.7,11.7,11.7,1.0,0.0,12.0,1.0,0.2,0.2,4.72,4.72,4.72,4.72,1.0,0.0,12.0,1.0,0.2,0.2,24.1,24.1,24.1,24.1,1.0,0.0,12.0,1.0,0.2,0.2,-88.3,-88.3,-88.3,-88.3,1.0,0.0,12.0,1.0,0.2,0.2,51.0,51.0,51.0,51.0,1.0,0.0,12.0,1.0,0.2,0.2,-52.9,-52.9,-52.9,-52.9,1.0,0.0,12.0,1.0,0.2,0.2,30.5,30.5,30.5,30.5,1.0,0.0,12.0,1.0,0.2,0.2,-20.9,-20.9,-20.9,-20.9,1.0,0.0,12.0,1.0,0.2,0.2,12.0,12.0,12.0,12.0,1.0,0.0,12.0,1.0,0.2,0.2,132.5,132.5,132.5,132.5,1.0,0.0,12.0,1.0,0.2,0.2,135.0,135.0,135.0,135.0,1.0,0.0,12.0,1.0,0.2,0.2
1974,2,353.0,-28.0,22.7,22.7,22.7,22.7,1.0,0.0,28.0,1.0,0.2,0.9,20.0,20.0,20.0,20.0,1.0,0.0,28.0,1.0,0.2,0.9,13.79,13.79,13.79,13.79,1.0,0.0,28.0,1.0,0.2,0.9,95.1,95.1,95.1,95.1,1.0,0.0,28.0,1.0,0.9,3.1,3.1,3.1,3.1,1.0,0.0,28.0,1.0,0.2,0.9,-2.91,-2.91,-2.91,-2.91,1.0,0.0,28.0,1.0,0.2,0.9,1.06,1.06,1.06,1.06,1.0,0.0,28.0,1.0,0.2,0.9,1016.2,1016.2,1016.2,1016.2,1.0,0.0,28.0,1.0,0.2,0.9,3.0,3.0,3.0,3.0,1.0,0.0,28.0,1.0,0.2,0.9,-9.0,-9.0,-9.0,-9.0,1.0,0.0,28.0,1.0,0.2,0.9,3.3,3.3,3.3,3.3,1.0,0.0,28.0,1.0,0.2,0.9,2.7,2.7,2.7,2.7,1.0,0.0,28.0,1.0,0.2,0.9,8.4,8.4,8.4,8.4,1.0,0.0,28.0,1.0,0.2,0.9,3.35,3.35,3.35,3.35,1.0,0.0,28.0,1.0,0.2,0.9,10.4,10.4,10.4,10.4,1.0,0.0,28.0,1.0,0.2,0.9,-58.3,-58.3,-58.3,-58.3,1.0,0.0,28.0,1.0,0.2,0.9,21.2,21.2,21.2,21.2,1.0,0.0,28.0,1.0,0.2,0.9,-40.2,-40.2,-40.2,-40.2,1.0,0.0,28.0,1.0,0.2,0.9,14.6,14.6,14.6,14.6,1.0,0.0,28.0,1.0,0.2,0.9,-9.8,-9.8,-9.8,-9.8,1.0,0.0,28.0,1.0,0.2,0.9,3.6,3.6,3.6,3.6,1.0,0.0,28.0,1.0,0.2,0.9,30.0,30.0,30.0,30.0,1.0,0.0,28.0,1.0,0.2,0.9,30.0,30.0,30.0,30.0,1.0,0.0,28.0,1.0,0.2,0.9
1974,2,353.0,-26.0,22.89,23.3,23.71,23.3,2.0,0.85,14.0,0.0,0.5,0.5,21.87,23.3,23.78,22.83,3.0,1.46,14.0,0.3,0.4,0.6,11.73,12.74,13.01,12.38,3.0,0.98,14.0,0.3,0.4,0.6,70.1,72.2,73.7,71.9,3.0,2.7,14.0,0.3,0.6,5.1,5.1,7.22,6.13,3.0,1.79,14.0,0.3,0.4,0.6,-7.11,-5.02,-4.61,-5.84,3.0,1.96,14.0,0.3,0.4,0.6,1.06,1.42,2.19,1.62,3.0,0.85,14.0,0.3,0.4,0.6,1016.13,1019.2,1020.63,1018.4,3.0,3.37,14.0,0.3,0.4,0.6,1.0,3.0,5.7,3.3,3.0,3.5,14.0,0.3,0.4,0.6,-53.3,-25.6,-23.5,-38.1,3.0,24.4,14.0,0.3,0.4,0.6,6.8,11.7,12.6,9.7,3.0,4.6,14.0,0.3,0.4,0.6,0.74,1.05,1.36,1.05,2.0,0.64,14.0,0.0,0.5,0.5,3.8,5.4,6.9,5.4,2.0,3.2,14.0,0.0,0.5,0.5,5.33,5.56,5.79,5.56,2.0,0.48,14.0,0.0,0.5,0.5,27.2,28.4,29.5,28.4,2.0,2.4,14.0,0.0,0.5,0.5,-169.4,-117.0,-101.1,-134.8,3.0,52.4,14.0,0.3,0.4,0.6,24.9,34.2,47.7,36.3,3.0,16.8,14.0,0.3,0.4,0.6,-91.2,-65.9,-54.9,-72.9,3.0,27.2,14.0,0.3,0.4,0.6,13.7,18.1,25.4,19.5,3.0,8.6,14.0,0.3,0.4,0.6,-26.2,-26.1,-26.1,-26.1,2.0,0.1,14.0,0.0,0.5,0.5,6.3,9.8,13.4,9.8,2.0,7.4,14.0,0.0,0.5,0.5,132.5,132.5,418.5,272.0,3.0,241.5,14.0,0.3,0.4,0.6,135.0,135.0,420.0,270.0,3.0,240.0,14.0,0.3,0.4,0.6
1974,2,353.0,-25.0,26.1,26.1,26.1,26.1,1.0,0.0,18.0,0.0,0.1,0.6,23.3,23.3,23.3,23.3,1.0,0.0,18.0,0.0,0.1,0.6,11.75,11.75,11.75,11.75,1.0,0.0,18.0,0.0,0.1,0.6,66.4,66.4,66.4,66.4,1.0,0.0,18.0,0.0,0.6,5.1,5.1,5.1,5.1,1.0,0.0,18.0,0.0,0.1,0.6,-5.02,-5.02,-5.02,-5.02,1.0,0.0,18.0,0.0,0.1,0.6,0.89,0.89,0.89,0.89,1.0,0.0,18.0,0.0,0.1,0.6,1017.6,1017.6,1017.6,1017.6,1.0,0.0,18.0,0.0,0.1,0.6,8.0,8.0,8.0,8.0,1.0,0.0,18.0,0.0,0.1,0.6,-25.6,-25.6,-25.6,-25.6,1.0,0.0,18.0,0.0,0.1,0.6,4.5,4.5,4.5,4.5,1.0,0.0,18.0,0.0,0.1,0.6,2.8,2.8,2.8,2.8,1.0,0.0,18.0,0.0,0.1,0.6,14.3,14.3,14.3,14.3,1.0,0.0,18.0,0.0,0.1,0.6,9.28,9.28,9.28,9.28,1.0,0.0,18.0,0.0,0.1,0.6,47.3,47.3,47.3,47.3,1.0,0.0,18.0,0.0,0.1,0.6,-117.0,-117.0,-117.0,-117.0,1.0,0.0,18.0,0.0,0.1,0.6,20.6,20.6,20.6,20.6,1.0,0.0,18.0,0.0,0.1,0.6,-59.0,-59.0,-59.0,-59.0,1.0,0.0,18.0,0.0,0.1,0.6,10.4,10.4,10.4,10.4,1.0,0.0,18.0,0.0,0.1,0.6,-46.6,-46.6,-46.6,-46.6,1.0,0.0,18.0,0.0,0.1,0.6,8.2,8.2,8.2,8.2,1.0,0.0,18.0,0.0,0.1,0.6,132.5,132.5,132.5,132.5,1.0,0.0,18.0,0.0,0.1,0.6,135.0,135.0,135.0,135.0,1.0,0.0,18.0,0.0,0.1,0.6
1974,2,353.0,-24.0,24.1,24.1,24.1,24.1,1.0,0.0,16.0,1.0,0.1,0.7,24.5,24.5,24.5,24.5,1.0,0.0,16.0,1.0,0.1,0.7,12.42,12.42,12.42,12.42,1.0,0.0,16.0,1.0,0.1,0.7,65.4,65.4,65.4,65.4,1.0,0.0,16.0,1.0,0.7,8.2,8.2,8.2,8.2,1.0,0.0,16.0,1.0,0.1,0.7,-8.08,-8.08,-8.08,-8.08,1.0,0.0,16.0,1.0,0.1,0.7,1.42,1.42,1.42,1.42,1.0,0.0,16.0,1.0,0.1,0.7,1019.2,1019.2,1019.2,1019.2,1.0,0.0,16.0,1.0,0.1,0.7,3.0,3.0,3.0,3.0,1.0,0.0,16.0,1.0,0.1,0.7,-66.2,-66.2,-66.2,-66.2,1.0,0.0,16.0,1.0,0.1,0.7,11.7,11.7,11.7,11.7,1.0,0.0,16.0,1.0,0.1,0.7,-0.4,-0.4,-0.4,-0.4,1.0,0.0,16.0,1.0,0.1,0.7,-3.3,-3.3,-3.3,-3.3,1.0,0.0,16.0,1.0,0.1,0.7,6.19,6.19,6.19,6.19,1.0,0.0,16.0,1.0,0.1,0.7,50.7,50.7,50.7,50.7,1.0,0.0,16.0,1.0,0.1,0.7,-197.8,-197.8,-197.8,-197.8,1.0,0.0,16.0,1.0,0.1,0.7,34.9,34.9,34.9,34.9,1.0,0.0,16.0,1.0,0.1,0.7,-100.3,-100.3,-100.3,-100.3,1.0,0.0,16.0,1.0,0.1,0.7,17.7,17.7,17.7,17.7,1.0,0.0,16.0,1.0,0.1,0.7,-50.0,-50.0,-50.0,-50.0,1.0,0.0,16.0,1.0,0.1,0.7,8.8,8.8,8.8,8.8,1.0,0.0,16.0,1.0,0.1,0.7,551.5,551.5,551.5,551.5,1.0,0.0,16.0,1.0,0.1,0.7,550.0,550.0,550.0,550.0,1.0,0.0,16.0,1.0,0.1,0.7
1974,2,353.0,-23.0,22.72,23.3,23.67,23.2,4.0,0.74,14.0,0.3,0.4,0.5,22.03,22.85,24.19,23.1,4.0,1.43,14.0,0.3,0.4,0.5,12.14,13.3,13.32,12.74,3.0,1.0,12.0,0.3,0.5,0.6,69.1,72.3,74.4,71.8,3.0,3.9,12.0,0.3,0.6,6.02,7.7,7.81,7.06,5.0,1.04,16.0,0.2,0.4,0.4,-6.76,-6.67,-5.0,-6.0,5.0,1.1,16.0,0.2,0.4,0.4,3.46,3.85,3.9,3.69,5.0,0.35,16.0,0.2,0.4,0.4,1015.01,1017.0,1018.2,1016.63,4.0,1.95,14.0,0.3,0.4,0.5,6.3,7.0,8.0,7.0,5.0,1.2,16.0,0.2,0.4,0.4,-52.8,-51.3,-30.2,-43.3,5.0,13.4,16.0,0.2,0.4,0.4,20.3,29.6,30.5,26.3,5.0,5.8,16.0,0.2,0.4,0.4,-1.41,0.25,1.6,0.1,4.0,1.75,14.0,0.3,0.4,0.5,-9.6,1.9,12.6,1.5,4.0,12.8,14.0,0.3,0.4,0.5,3.65,4.51,5.63,4.64,3.0,1.45,12.0,0.3,0.5,0.6,26.0,28.0,41.2,33.5,3.0,12.1,12.0,0.3,0.5,0.6,-155.3,-149.9,-139.2,-147.4,4.0,10.1,14.0,0.3,0.4,0.5,80.4,86.6,89.7,85.1,4.0,5.8,14.0,0.3,0.4,0.5,-85.2,-77.3,-73.3,-79.2,3.0,8.9,12.0,0.3,0.5,0.6,42.3,44.6,49.2,45.7,3.0,5.1,12.0,0.3,0.5,0.6,-35.7,-24.2,-22.5,-29.0,3.0,10.5,12.0,0.3,0.5,0.6,13.0,14.0,20.6,16.7,3.0,6.1,12.0,0.3,0.5,0.6,219.0,456.5,477.0,369.5,5.0,147.0,16.0,0.2,0.4,0.4,220.0,455.0,475.0,370.0,5.0,145.0,16.0,0.2,0.4,0.4
1974,2,353.0,-22.0,23.04,23.25,23.56,23.3,4.0,0.37,18.0,0.3,0.4,0.5,22.53,23.0,23.94,23.23,4.0,1.13,18.0,0.3,0.4,0.5,11.61,12.71,13.04,12.34,3.0,1.09,22.0,0.3,0.5,0.5,64.8,74.4,77.0,71.0,4.0,9.4,18.0,0.3,0.5,4.34,5.9,8.3,6.3,4.0,2.42,18.0,0.3,0.4,0.5,-7.42,-4.75,-3.54,-5.45,4.0,2.66,18.0,0.3,0.4,0.5,1.94,2.47,3.68,2.79,4.0,1.29,18.0,0.3,0.4,0.5,1015.73,1016.0,1016.14,1015.93,3.0,0.31,22.0,0.3,0.5,0.5,4.5,5.5,6.5,5.5,4.0,1.3,18.0,0.3,0.4,0.5,-63.5,-29.0,-15.5,-39.0,4.0,32.9,18.0,0.3,0.4,0.5,10.7,12.9,24.6,17.4,4.0,10.8,18.0,0.3,0.4,0.5,-0.57,0.1,0.72,0.08,4.0,0.87,18.0,0.3,0.4,0.5,-5.1,0.4,4.7,-0.2,4.0,7.1,18.0,0.3,0.4,0.5,4.61,4.65,6.41,5.49,3.0,1.5,22.0,0.3,0.5,0.5,19.6,21.4,52.6,35.8,3.0,27.2,22.0,0.3,0.5,0.5,-177.0,-106.8,-81.5,-128.2,4.0,69.0,18.0,0.3,0.4,0.5,46.2,56.8,82.4,64.0,4.0,26.9,18.0,0.3,0.4,0.5,-85.5,-50.6,-44.4,-64.6,3.0,32.5,22.0,0.3,0.5,0.5,21.5,29.2,33.0,27.3,3.0,8.6,22.0,0.3,0.5,0.5,-51.0,-18.5,-15.7,-33.0,3.0,28.8,22.0,0.3,0.5,0.5,11.0,11.7,12.0,11.5,3.0,0.7,22.0,0.3,0.5,0.5,82.5,235.5,599.0,336.0,4.0,341.0,18.0,0.3,0.4,0.5,80.0,235.0,600.0,335.0,4.0,340.0,18.0,0.3,0.4,0.5
1974,2,353.0,-21.0,23.57,24.15,24.73,24.15,2.0,1.2,8.0,0.5,0.3,0.8,22.99,24.05,25.11,24.05,2.0,2.19,8.0,0.5,0.3,0.8,14.15,15.16,16.17,15.16,2.0,2.09,8.0,0.5,0.3,0.8,72.2,82.8,93.3,82.8,2.0,21.8,8.0,0.5,0.8,4.67,5.9,7.13,5.9,2.0,2.55,8.0,0.5,0.3,0.8,-6.51,-4.94,-3.37,-4.94,2.0,3.25,8.0,0.5,0.3,0.8,2.71,2.89,3.06,2.89,2.0,0.36,8.0,0.5,0.3,0.8,1015.08,1016.1,1017.12,1016.1,2.0,2.12,8.0,0.5,0.3,0.8,5.0,5.0,5.0,5.0,2.0,0.0,8.0,0.5,0.3,0.8,-48.6,-33.3,-17.9,-33.3,2.0,31.8,8.0,0.5,0.3,0.8,14.1,16.6,19.1,16.6,2.0,5.2,8.0,0.5,0.3,0.8,-1.54,0.1,1.74,0.1,2.0,3.39,8.0,0.5,0.3,0.8,-4.9,4.9,14.7,4.9,2.0,20.3,8.0,0.5,0.3,0.8,3.25,3.59,3.92,3.59,2.0,0.69,8.0,0.5,0.3,0.8,17.8,20.3,22.7,20.3,2.0,5.1,8.0,0.5,0.3,0.8,-147.7,-115.1,-82.6,-115.1,2.0,67.4,8.0,0.5,0.3,0.8,62.6,69.8,77.0,69.8,2.0,15.0,8.0,0.5,0.3,0.8,-107.0,-78.2,-49.4,-78.2,2.0,59.7,8.0,0.5,0.3,0.8,43.1,43.4,43.7,43.4,2.0,0.6,8.0,0.5,0.3,0.8,-20.6,-16.6,-12.6,-16.6,2.0,8.3,8.0,0.5,0.3,0.8,8.9,10.5,12.1,10.5,2.0,3.3,8.0,0.5,0.3,0.8,130.5,262.5,395.0,262.5,2.0,274.0,8.0,0.5,0.3,0.8,130.0,265.0,395.0,265.0,2.0,275.0,8.0,0.5,0.3,0.8
1974,2,353.0,-20.0,23.7,23.7,23.7,23.7,1.0,0.0,16.0,1.0,0.4,0.6,24.6,24.6,24.6,24.6,1.0,0.0,16.0,1.0,0.4,0.6,15.6,15.6,15.6,15.6,1.0,0.0,16.0,1.0,0.4,0.6,81.4,81.4,81.4,81.4,1.0,0.0,16.0,1.0,0.6,7.7,7.7,7.7,7.7,1.0,0.0,16.0,1.0,0.4,0.6,-5.9,-5.9,-5.9,-5.9,1.0,0.0,16.0,1.0,0.4,0.6,4.95,4.95,4.95,4.95,1.0,0.0,16.0,1.0,0.4,0.6,1017.5,1017.5,1017.5,1017.5,1.0,0.0,16.0,1.0,0.4,0.6,7.0,7.0,7.0,7.0,1.0,0.0,16.0,1.0,0.4,0.6,-45.4,-45.4,-45.4,-45.4,1.0,0.0,16.0,1.0,0.4,0.6,38.1,38.1,38.1,38.1,1.0,0.0,16.0,1.0,0.4,0.6,-0.9,-0.9,-0.9,-0.9,1.0,0.0,16.0,1.0,0.4,0.6,-6.9,-6.9,-6.9,-6.9,1.0,0.0,16.0,1.0,0.4,0.6,2.59,2.59,2.59,2.59,1.0,0.0,16.0,1.0,0.4,0.6,20.0,20.0,20.0,20.0,1.0,0.0,16.0,1.0,0.4,0.6,-145.1,-145.1,-145.1,-145.1,1.0,0.0,16.0,1.0,0.4,0.6,121.8,121.8,121.8,121.8,1.0,0.0,16.0,1.0,0.4,0.6,-92.0,-92.0,-92.0,-92.0,1.0,0.0,16.0,1.0,0.4,0.6,77.2,77.2,77.2,77.2,1.0,0.0,16.0,1.0,0.4,0.6,-15.3,-15.3,-15.3,-15.3,1.0,0.0,16.0,1.0,0.4,0.6,12.8,12.8,12.8,12.8,1.0,0.0,16.0,1.0,0.4,0.6,456.5,456.5,456.5,456.5,1.0,0.0,16.0,1.0,0.4,0.6,455.0,455.0,455.0,455.0,1.0,0.0,16.0,1.0,0.4,0.6
1974,2,353.0,-19.0,23.03,23.1,23.17,23.1,2.0,0.14,6.0,0.0,0.6,0.6,23.06,23.2,23.34,23.2,2.0,0.28,6.0,0.0,0.6,0.6,14.49,14.8,15.12,14.8,2.0,0.65,6.0,0.0,0.6,0.6,82.7,83.8,84.8,83.8,2.0,2.2,6.0,0.0,0.6,4.77,5.15,5.53,5.15,2.0,0.78,6.0,0.0,0.6,0.6,-5.41,-4.97,-4.53,-4.97,2.0,0.91,6.0,0.0,0.6,0.6,1.08,1.28,1.48,1.28,2.0,0.41,6.0,0.0,0.6,0.6,1014.5,1014.5,1014.5,1014.5,2.0,0.0,6.0,0.0,0.6,0.6,2.8,4.5,6.2,4.5,2.0,3.5,6.0,0.0,0.6,0.6,-30.1,-25.9,-21.8,-25.9,2.0,8.6,6.0,0.0,0.6,0.6,5.9,6.4,7.0,6.4,2.0,1.1,6.0,0.0,0.6,0.6,-0.17,-0.1,-0.03,-0.1,2.0,0.14,6.0,0.0,0.6,0.6,-1.0,-0.6,-0.2,-0.6,2.0,0.8,6.0,0.0,0.6,0.6,2.55,2.79,3.03,2.79,2.0,0.5,6.0,0.0,0.6,0.6,14.0,14.2,14.4,14.2,2.0,0.4,6.0,0.0,0.6,0.6,-126.3,-115.4,-104.5,-115.4,2.0,22.6,6.0,0.0,0.6,0.6,25.2,29.7,34.1,29.7,2.0,9.2,6.0,0.0,0.6,0.6,-81.9,-73.8,-65.8,-73.8,2.0,16.8,6.0,0.0,0.6,0.6,16.3,18.8,21.4,18.8,2.0,5.3,6.0,0.0,0.6,0.6,-13.7,-13.6,-13.6,-13.6,2.0,0.1,6.0,0.0,0.6,0.6,2.8,3.7,4.5,3.7,2.0,1.8,6.0,0.0,0.6,0.6,111.5,141.5,171.5,141.5,2.0,62.0,6.0,0.0,0.6,0.6,110.0,140.0,170.0,140.0,2.0,60.0,6.0,0.0,0.6,0.6
1974,2,353.0,-18.0,,,,,,,,,,,,,,,,,,,,,,,,,,,,,,,,,,,,,,,,4.6,4.6,4.6,4.6,1.0,0.0,12.0,1.0,0.7,0.1,-4.6,-4.6,-4.6,-4.6,1.0,0.0,12.0,1.0,0.7,0.1,0.0,0.0,0.0,0.0,1.0,0.0,12.0,1.0,0.7,0.1,1012.8,1012.8,1012.8,1012.8,1.0,0.0,12.0,1.0,0.7,0.1,,,,,,,,,,,,,,,,,,,,,,,,,,,,,,,,,,,,,,,,,,,,,,,,,,,,,,,,,,,,,,,,,,,,,,,,,,,,,,,,,,,,,,,,,,,,,,,,,,,,,,,,,,,,,,,,,,,,,,,,,,,,,,,,,,,,,,,,,,,,,,,,,,,,,,
1974,2,353.0,-17.0,23.67,24.45,25.23,24.45,2.0,1.63,24.0,1.0,0.4,0.7,25.1,25.3,25.5,25.3,2.0,0.42,24.0,1.0,0.4,0.7,13.22,13.79,14.36,13.79,2.0,1.18,24.0,1.0,0.4,0.7,65.3,68.9,72.6,68.9,2.0,7.5,24.0,1.0,0.7,3.17,4.4,5.63,4.4,2.0,2.55,24.0,1.0,0.4,0.7,-3.62,-2.83,-2.04,-2.83,2.0,1.64,24.0,1.0,0.4,0.7,2.43,3.37,4.31,3.37,2.0,1.95,24.0,1.0,0.4,0.7,1014.17,1014.75,1015.33,1014.75,2.0,1.2,24.0,1.0,0.4,0.7,0.8,2.5,4.2,2.5,2.0,3.5,24.0,1.0,0.4,0.7,-21.5,-14.5,-7.6,-14.5,2.0,14.4,24.0,1.0,0.4,0.7,9.0,17.3,25.6,17.3,2.0,17.2,24.0,1.0,0.4,0.7,-1.84,-0.85,0.14,-0.85,2.0,2.05,24.0,1.0,0.4,0.7,-4.4,-1.1,2.2,-1.1,2.0,6.9,24.0,1.0,0.4,0.7,5.0,5.35,5.7,5.35,2.0,0.73,24.0,1.0,0.4,0.7,16.3,24.5,32.6,24.5,2.0,16.8,24.0,1.0,0.4,0.7,-90.6,-71.2,-51.8,-71.2,2.0,40.2,24.0,1.0,0.4,0.7,61.7,84.9,108.0,84.9,2.0,47.9,24.0,1.0,0.4,0.7,-52.5,-40.0,-27.5,-40.0,2.0,25.9,24.0,1.0,0.4,0.7,32.7,47.6,62.5,47.6,2.0,30.9,24.0,1.0,0.4,0.7,-20.9,-15.7,-10.5,-15.7,2.0,10.8,24.0,1.0,0.4,0.7,12.5,18.7,25.0,18.7,2.0,12.9,24.0,1.0,0.4,0.7,52.5,128.0,203.5,128.0,2.0,156.0,24.0,1.0,0.4,0.7,55.0,130.0,205.0,130.0,2.0,155.0,24.0,1.0,0.4,0.7
1974,2,353.0,-16.0,22.85,24.25,25.55,24.2,4.0,1.93,20.0,0.3,0.5,0.7,23.89,24.2,24.62,24.25,4.0,0.57,20.0,0.3,0.5,0.7,13.16,14.75,16.23,14.7,4.0,1.79,20.0,0.3,0.5,0.7,70.2,77.6,85.8,78.0,4.0,9.2,20.0,0.3,0.7,4.58,6.45,9.63,7.08,4.0,3.83,20.0,0.3,0.5,0.7,-7.38,-4.94,-3.67,-5.5,4.0,2.83,20.0,0.3,0.5,0.7,2.71,4.15,6.19,4.44,4.0,2.62,20.0,0.3,0.5,0.7,1011.29,1012.65,1016.11,1013.65,4.0,3.26,20.0,0.3,0.5,0.7,5.0,5.5,7.0,6.0,4.0,1.4,20.0,0.3,0.5,0.7,-77.1,-31.9,-18.4,-47.0,4.0,47.3,20.0,0.3,0.5,0.7,14.3,26.8,64.7,38.9,4.0,40.3,20.0,0.3,0.5,0.7,-1.04,0.05,0.93,-0.05,4.0,1.37,20.0,0.3,0.5,0.7,-6.9,1.2,4.2,-1.2,4.0,7.7,20.0,0.3,0.5,0.7,2.62,5.43,5.69,4.21,4.0,2.62,20.0,0.3,0.5,0.7,8.7,25.6,53.6,30.9,4.0,29.6,20.0,0.3,0.5,0.7,-177.1,-118.0,-89.9,-132.8,4.0,67.9,20.0,0.3,0.5,0.7,66.2,99.0,148.6,107.0,4.0,63.0,20.0,0.3,0.5,0.7,-105.8,-71.5,-52.2,-78.6,4.0,36.0,20.0,0.3,0.5,0.7,37.7,60.0,88.8,63.1,4.0,34.2,20.0,0.3,0.5,0.7,-41.0,-20.4,-7.4,-24.0,4.0,22.4,20.0,0.3,0.5,0.7,4.5,15.3,34.4,19.3,4.0,19.4,20.0,0.3,0.5,0.7,129.0,269.5,1118.0,607.5,4.0,843.5,20.0,0.3,0.5,0.7,130.0,270.0,1120.0,605.0,4.0,845.0,20.0,0.3,0.5,0.7
1974,2,353.0,-15.0,24.07,25.1,25.28,24.74,5.0,0.81,14.0,0.8,0.3,0.3,24.32,24.5,25.05,24.7,5.0,0.76,14.0,0.8,0.3,0.3,13.94,14.28,15.43,14.59,5.0,0.81,14.0,0.8,0.3,0.3,70.0,74.6,81.4,75.4,5.0,6.5,14.0,0.8,0.3,6.2,7.7,10.43,8.36,5.0,2.6,14.0,0.8,0.3,0.3,-7.26,-5.9,-3.99,-5.87,5.0,2.25,14.0,0.8,0.3,0.3,4.75,4.95,7.43,5.91,5.0,1.53,14.0,0.8,0.3,0.3,1012.07,1012.5,1013.0,1012.48,5.0,0.61,14.0,0.8,0.3,0.3,2.0,2.0,4.7,3.2,5.0,1.8,14.0,0.8,0.3,0.3,-78.3,-45.4,-24.7,-53.6,5.0,38.3,14.0,0.8,0.3,0.3,29.4,38.1,78.2,52.4,5.0,30.0,14.0,0.8,0.3,0.3,-0.94,0.4,0.78,0.04,5.0,0.94,14.0,0.8,0.3,0.3,-9.8,2.5,5.4,-1.4,5.0,8.5,14.0,0.8,0.3,0.3,3.26,5.8,6.24,4.91,5.0,1.66,14.0,0.8,0.3,0.3,29.2,38.7,50.2,39.2,5.0,12.4,14.0,0.8,0.3,0.3,-183.7,-144.5,-96.9,-145.2,5.0,55.9,14.0,0.8,0.3,0.3,115.5,121.3,188.9,146.4,5.0,40.3,14.0,0.8,0.3,0.3,-106.9,-80.6,-60.0,-85.9,5.0,35.6,14.0,0.8,0.3,0.3,67.8,73.6,108.5,86.4,5.0,24.3,14.0,0.8,0.3,0.3,-35.5,-25.4,-21.0,-27.2,5.0,9.0,14.0,0.8,0.3,0.3,19.8,29.6,34.7,28.0,5.0,9.4,14.0,0.8,0.3,0.3,238.5,456.5,1207.0,729.0,5.0,698.0,14.0,0.8,0.3,0.3,240.0,455.0,1205.0,730.0,5.0,700.0,14.0,0.8,0.3,0.3
1974,2,353.0,-14.0,,,,,,,,,,,,,,,,,,,,,,,,,,,,,,,,,,,,,,,,4.1,4.1,4.1,4.1,1.0,0.0,26.0,0.0,0.9,1.0,-2.64,-2.64,-2.64,-2.64,1.0,0.0,26.0,0.0,0.9,1.0,3.14,3.14,3.14,3.14,1.0,0.0,26.0,0.0,0.9,1.0,1010.0,1010.0,1010.0,1010.0,1.0,0.0,26.0,0.0,0.9,1.0,,,,,,,,,,,,,,,,,,,,,,,,,,,,,,,,,,,,,,,,,,,,,,,,,,,,,,,,,,,,,,,,,,,,,,,,,,,,,,,,,,,,,,,,,,,,,,,,,,,,,,,,,,,,,,,,,,,,,,,,,,,,,,,,,,,,,,,,,,,,,,,,,,,,,,
1974,2,353.0,-13.0,,,,,,,,,,,,,,,,,,,,,,,,,,,,,,,,,,,,,,,,3.1,7.0,8.44,6.45,18.0,2.46,26.0,0.5,0.9,0.2,-6.58,-4.95,-2.19,-4.66,18.0,2.11,26.0,0.5,0.9,0.2,2.63,3.99,6.22,4.27,18.0,1.81,26.0,0.5,0.9,0.2,1008.84,1010.2,1012.2,1010.33,19.0,1.43,26.0,0.6,0.9,0.2,,,,,,,,,,,,,,,,,,,,,,,,,,,,,,,,,,,,,,,,,,,,,,,,,,,,,,,,,,,,,,,,,,,,,,,,,,,,,,,,,,,,,,,,,,,,,,,,,,,,,,,,,,,,,,,,,,,,,,,,,,,,,,,,,,,,,,,,,,,,,,,,,,,,,,
1974,2,353.0,-11.0,25.0,25.0,25.0,25.0,1.0,0.0,14.0,0.0,1.0,0.5,25.0,25.0,25.0,25.0,1.0,0.0,14.0,0.0,1.0,0.5,15.29,15.29,15.29,15.29,1.0,0.0,14.0,0.0,1.0,0.5,77.5,77.5,77.5,77.5,1.0,0.0,14.0,0.0,0.5,4.6,4.6,4.6,4.6,1.0,0.0,14.0,0.0,1.0,0.5,-2.96,-2.96,-2.96,-2.96,1.0,0.0,14.0,0.0,1.0,0.5,3.52,3.52,3.52,3.52,1.0,0.0,14.0,0.0,1.0,0.5,1013.0,1013.0,1013.0,1013.0,1.0,0.0,14.0,0.0,1.0,0.5,6.0,6.0,6.0,6.0,1.0,0.0,14.0,0.0,1.0,0.5,-13.6,-13.6,-13.6,-13.6,1.0,0.0,14.0,0.0,1.0,0.5,16.2,16.2,16.2,16.2,1.0,0.0,14.0,0.0,1.0,0.5,0.0,0.0,0.0,0.0,1.0,0.0,14.0,0.0,1.0,0.5,0.0,0.0,0.0,0.0,1.0,0.0,14.0,0.0,1.0,0.5,4.49,4.49,4.49,4.49,1.0,0.0,14.0,0.0,1.0,0.5,20.6,20.6,20.6,20.6,1.0,0.0,14.0,0.0,1.0,0.5,-73.9,-73.9,-73.9,-73.9,1.0,0.0,14.0,0.0,1.0,0.5,88.1,88.1,88.1,88.1,1.0,0.0,14.0,0.0,1.0,0.5,-45.2,-45.2,-45.2,-45.2,1.0,0.0,14.0,0.0,1.0,0.5,53.9,53.9,53.9,53.9,1.0,0.0,14.0,0.0,1.0,0.5,-13.3,-13.3,-13.3,-13.3,1.0,0.0,14.0,0.0,1.0,0.5,15.8,15.8,15.8,15.8,1.0,0.0,14.0,0.0,1.0,0.5,97.5,97.5,97.5,97.5,1.0,0.0,14.0,0.0,1.0,0.5,95.0,95.0,95.0,95.0,1.0,0.0,14.0,0.0,1.0,0.5
1974,2,353.0,-7.0,27.0,27.0,27.8,27.18,8.0,0.7,10.0,0.4,0.7,0.7,25.11,25.8,29.05,26.54,9.0,2.03,12.0,0.3,0.7,0.6,16.71,17.94,18.87,17.7,5.0,1.58,16.0,0.6,0.8,0.7,69.5,74.3,85.1,76.5,5.0,8.2,16.0,0.6,0.7,2.37,5.0,6.2,4.38,9.0,2.21,14.0,0.4,0.7,0.7,-4.02,-3.1,-0.49,-2.46,9.0,1.66,14.0,0.4,0.7,0.7,1.19,3.83,5.37,3.29,9.0,2.16,14.0,0.4,0.7,0.7,1007.9,1010.55,1011.7,1010.1,10.0,2.34,12.0,0.4,0.7,0.7,1.4,2.5,4.0,2.9,10.0,2.2,12.0,0.4,0.7,0.7,-19.7,-16.1,-1.0,-12.4,9.0,10.1,14.0,0.4,0.7,0.7,3.6,19.2,33.3,18.2,9.0,14.6,14.0,0.4,0.7,0.7,0.29,1.5,2.03,1.04,7.0,1.45,10.0,0.3,0.7,0.7,-1.2,3.4,11.3,4.1,6.0,6.8,12.0,0.3,0.6,0.7,5.0,5.68,5.92,5.47,4.0,0.7,12.0,0.5,0.7,0.7,22.5,27.1,31.3,26.9,4.0,6.5,12.0,0.5,0.7,0.7,-106.9,-70.0,-5.2,-61.9,8.0,44.4,14.0,0.4,0.7,0.7,28.5,83.6,144.4,88.1,8.0,65.1,14.0,0.4,0.7,0.7,-61.3,-55.6,-22.3,-43.0,5.0,26.6,16.0,0.6,0.8,0.7,35.3,96.3,107.5,76.1,5.0,40.7,16.0,0.6,0.8,0.7,-21.3,-15.6,-12.9,-17.0,4.0,5.7,12.0,0.5,0.7,0.7,11.6,19.2,27.1,19.3,4.0,9.4,12.0,0.5,0.7,0.7,15.0,125.0,238.5,132.5,9.0,103.0,14.0,0.4,0.7,0.7,15.0,125.0,240.0,130.0,9.0,105.0,14.0,0.4,0.7,0.7
1974,2,353.0,-6.0,26.45,28.0,28.75,27.53,23.0,1.3,14.0,0.6,0.7,0.7,26.0,27.4,29.48,27.47,25.0,1.79,14.0,0.6,0.7,0.7,16.51,17.36,18.74,17.38,14.0,1.67,14.0,0.6,0.7,0.7,64.9,79.3,87.0,77.9,14.0,10.6,14.0,0.6,0.7,3.07,5.1,6.55,4.98,24.0,2.09,16.0,0.6,0.7,0.7,-4.54,-2.96,-1.99,-3.02,24.0,1.63,16.0,0.6,0.7,0.7,2.29,3.73,5.16,3.71,24.0,1.92,16.0,0.6,0.7,0.7,1008.49,1011.45,1013.87,1011.11,24.0,2.38,16.0,0.6,0.7,0.7,1.0,4.0,6.0,3.9,26.0,2.2,14.0,0.6,0.7,0.7,-30.9,-14.9,-6.7,-17.7,24.0,13.1,16.0,0.6,0.7,0.7,6.9,19.6,34.2,22.0,24.0,16.6,16.0,0.6,0.7,0.7,-2.03,0.25,1.93,0.07,22.0,2.02,14.0,0.6,0.7,0.7,-13.1,0.0,5.4,-2.1,20.0,11.8,14.0,0.6,0.7,0.7,4.17,4.94,6.31,5.42,13.0,1.75,14.0,0.5,0.7,0.7,11.8,26.2,33.7,26.2,12.0,19.2,14.0,0.6,0.6,0.7,-122.4,-82.8,-55.2,-84.5,23.0,48.2,16.0,0.6,0.7,0.7,54.9,98.7,152.3,100.9,23.0,54.4,16.0,0.6,0.7,0.7,-63.2,-50.5,-34.5,-46.9,13.0,23.0,14.0,0.6,0.7,0.7,49.4,65.9,93.3,64.8,13.0,28.2,14.0,0.6,0.7,0.7,-22.0,-16.8,-5.6,-15.2,12.0,10.3,14.0,0.6,0.6,0.7,10.3,19.5,26.6,21.1,12.0,16.6,14.0,0.6,0.6,0.7,29.0,132.5,285.5,182.5,24.0,179.0,16.0,0.6,0.7,0.7,30.0,135.0,285.0,180.0,24.0,180.0,16.0,0.6,0.7,0.7
1974,2,353.0,-5.0,27.0,27.8,28.86,27.77,90.0,1.05,14.0,0.6,0.7,0.6,26.28,27.4,29.0,27.55,94.0,1.42,14.0,0.6,0.7,0.6,17.07,17.77,19.27,18.1,75.0,1.38,14.0,0.6,0.7,0.7,72.5,78.3,86.4,79.7,75.0,7.0,14.0,0.6,0.7,3.16,5.1,7.2,5.39,90.0,2.15,14.0,0.6,0.7,0.6,-4.61,-3.12,-0.64,-2.73,90.0,2.15,14.0,0.6,0.7,0.6,2.64,3.98,6.21,4.27,90.0,1.83,14.0,0.6,0.7,0.6,1007.8,1010.0,1012.12,1010.06,95.0,2.05,14.0,0.6,0.7,0.6,2.0,4.0,7.0,4.5,94.0,2.3,14.0,0.6,0.7,0.6,-31.5,-16.1,-0.8,-17.7,90.0,18.1,14.0,0.6,0.7,0.6,9.2,20.4,44.9,26.6,90.0,20.2,14.0,0.6,0.7,0.6,-1.0,0.2,1.8,0.26,89.0,1.47,14.0,0.6,0.7,0.6,-6.1,0.0,7.1,0.7,83.0,8.1,14.0,0.6,0.7,0.6,3.94,5.4,6.64,5.23,73.0,1.87,14.0,0.5,0.7,0.6,14.2,27.5,39.7,28.4,67.0,15.9,14.0,0.6,0.7,0.6,-129.9,-87.4,-17.9,-77.1,88.0,59.3,14.0,0.6,0.7,0.6,72.6,112.9,171.7,118.4,88.0,50.3,14.0,0.6,0.7,0.6,-81.1,-55.0,-11.2,-48.8,69.0,38.9,14.0,0.6,0.7,0.7,46.9,76.0,117.5,78.6,69.0,32.7,14.0,0.6,0.7,0.7,-25.4,-15.7,-1.5,-14.3,67.0,13.7,14.0,0.6,0.7,0.6,11.4,20.8,30.6,22.3,67.0,13.1,14.0,0.6,0.7,0.6,32.0,132.5,373.0,232.0,90.0,268.5,14.0,0.6,0.7,0.6,30.0,135.0,375.0,230.0,90.0,270.0,14.0,0.6,0.7,0.6
1974,2,353.0,-4.0,27.0,27.5,28.0,27.59,86.0,0.81,16.0,0.4,0.5,0.5,26.2,27.0,28.4,27.18,87.0,1.08,16.0,0.4,0.5,0.5,17.06,17.71,18.98,17.96,78.0,1.33,16.0,0.4,0.5,0.5,74.8,79.6,84.5,79.7,80.0,5.4,16.0,0.4,0.5,2.6,4.6,6.61,4.65,84.0,1.97,16.0,0.4,0.5,0.5,-3.98,-2.31,-0.36,-2.24,84.0,1.83,16.0,0.4,0.5,0.5,2.28,3.63,5.37,3.81,84.0,1.65,16.0,0.4,0.5,0.5,1008.0,1010.0,1012.74,1010.33,87.0,2.46,16.0,0.4,0.5,0.5,2.0,4.0,7.0,4.2,89.0,2.4,16.0,0.4,0.5,0.5,-24.3,-10.7,-0.4,-12.8,84.0,14.2,16.0,0.4,0.5,0.5,6.2,16.5,34.4,20.7,84.0,16.0,16.0,0.4,0.5,0.5,-0.58,0.45,1.6,0.41,84.0,1.12,16.0,0.4,0.5,0.5,-4.6,1.4,6.4,1.0,80.0,5.6,16.0,0.4,0.5,0.5,4.05,5.11,6.36,5.17,76.0,1.42,16.0,0.4,0.5,0.5,12.7,23.6,32.1,22.7,72.0,10.4,16.0,0.4,0.5,0.5,-113.6,-61.6,-12.4,-62.3,83.0,50.7,16.0,0.4,0.5,0.5,65.0,101.6,156.6,105.1,83.0,45.6,16.0,0.4,0.5,0.5,-71.1,-34.4,-7.2,-38.8,74.0,32.5,16.0,0.4,0.5,0.5,40.8,66.3,94.8,67.0,74.0,30.1,16.0,0.4,0.5,0.5,-18.0,-8.8,-1.0,-10.4,72.0,8.9,16.0,0.4,0.5,0.5,9.3,18.8,27.8,18.8,72.0,9.1,16.0,0.4,0.5,0.5,17.5,97.5,290.0,156.0,84.0,184.5,16.0,0.4,0.5,0.5,20.0,95.0,290.0,155.0,84.0,185.0,16.0,0.4,0.5,0.5
1974,2,353.0,-3.0,26.9,27.3,28.2,27.6,23.0,0.95,14.0,0.4,0.4,0.4,26.19,27.0,28.0,26.9,26.0,1.01,16.0,0.5,0.4,0.4,17.36,17.89,18.53,17.89,21.0,0.74,16.0,0.4,0.3,0.3,75.8,80.2,87.2,81.3,22.0,5.8,16.0,0.5,0.3,2.6,4.6,6.2,4.24,23.0,2.13,16.0,0.4,0.4,0.4,-3.6,-1.71,0.0,-1.5,23.0,1.93,16.0,0.4,0.4,0.4,1.98,3.28,5.08,3.59,23.0,1.96,16.0,0.4,0.4,0.4,1007.7,1009.5,1013.51,1010.26,25.0,2.87,16.0,0.4,0.4,0.4,1.0,3.0,7.0,3.8,26.0,2.6,16.0,0.5,0.4,0.4,-18.3,-7.4,0.0,-8.6,23.0,12.1,16.0,0.4,0.4,0.4,5.7,16.7,32.0,19.0,23.0,17.9,16.0,0.4,0.4,0.4,-0.5,0.75,1.4,0.6,22.0,1.28,14.0,0.5,0.4,0.4,-1.5,2.6,7.8,3.2,19.0,5.4,16.0,0.4,0.4,0.4,4.35,4.87,6.3,5.23,18.0,1.06,14.0,0.4,0.3,0.3,15.5,21.2,37.4,24.4,17.0,10.0,14.0,0.4,0.3,0.3,-98.4,-47.3,0.0,-42.5,22.0,51.9,16.0,0.4,0.4,0.4,53.7,94.1,140.5,100.8,22.0,50.7,16.0,0.4,0.4,0.4,-68.0,-31.6,0.0,-28.7,19.0,36.8,16.0,0.4,0.3,0.3,34.5,71.3,96.0,68.7,19.0,34.1,16.0,0.4,0.3,0.3,-20.5,-10.6,0.0,-8.5,17.0,11.5,14.0,0.4,0.3,0.3,12.6,16.1,29.3,20.3,17.0,9.3,14.0,0.4,0.3,0.3,17.5,97.5,238.5,133.5,23.0,178.5,16.0,0.4,0.4,0.4,20.0,95.0,240.0,135.0,23.0,180.0,16.0,0.4,0.4,0.4
1974,2,353.0,-2.0,27.22,28.0,29.0,28.16,12.0,0.86,16.0,0.4,0.5,0.5,26.97,27.5,28.82,27.69,13.0,1.39,14.0,0.4,0.5,0.6,17.9,18.52,19.14,18.52,4.0,0.72,14.0,0.3,0.5,0.5,81.4,83.7,88.1,84.7,4.0,4.5,14.0,0.3,0.5,2.6,4.0,6.87,4.5,14.0,2.2,16.0,0.4,0.5,0.5,-3.83,-1.29,-0.06,-1.84,14.0,1.79,16.0,0.4,0.5,0.5,1.95,3.02,6.2,3.56,14.0,2.49,16.0,0.4,0.5,0.5,1009.07,1009.75,1011.15,1010.23,12.0,2.19,16.0,0.4,0.5,0.5,0.0,4.0,6.3,3.6,12.0,2.9,14.0,0.5,0.5,0.5,-18.9,-3.2,-0.1,-8.7,14.0,12.3,16.0,0.4,0.5,0.5,5.8,11.2,47.5,20.4,14.0,23.8,16.0,0.4,0.5,0.5,-0.25,0.6,1.94,0.78,11.0,1.07,16.0,0.4,0.6,0.5,-1.7,2.5,5.3,2.2,11.0,4.0,16.0,0.4,0.6,0.5,3.97,4.99,6.52,5.23,4.0,1.57,14.0,0.3,0.5,0.5,12.9,16.9,25.0,18.9,4.0,8.6,14.0,0.3,0.5,0.5,-107.5,-36.1,0.0,-51.2,13.0,51.1,14.0,0.4,0.5,0.6,59.7,88.4,173.5,104.8,13.0,75.9,14.0,0.4,0.5,0.6,-64.5,-20.5,-15.9,-39.3,4.0,40.9,14.0,0.3,0.5,0.5,43.4,43.7,83.6,62.6,4.0,38.0,14.0,0.3,0.5,0.5,-14.0,-7.0,-5.0,-9.4,4.0,7.1,14.0,0.3,0.5,0.5,11.6,15.3,20.7,16.1,4.0,5.8,14.0,0.3,0.5,0.5,17.5,64.0,329.0,160.0,14.0,224.0,16.0,0.4,0.5,0.5,20.0,65.0,330.0,160.0,14.0,225.0,16.0,0.4,0.5,0.5
1974,2,353.0,-1.0,,,,,,,,,,,,,,,,,,,,,,,,,,,,,,,,,,,,,,,,0.0,1.5,3.49,1.85,6.0,1.95,16.0,0.3,0.6,0.3,-0.69,0.0,0.27,-0.04,6.0,0.75,16.0,0.3,0.6,0.3,0.0,1.15,3.48,1.72,6.0,1.95,16.0,0.3,0.6,0.3,1011.33,1012.5,1013.23,1012.3,5.0,1.24,10.0,0.4,0.6,0.3,,,,,,,,,,,,,,,,,,,,,,,,,,,,,,,,,,,,,,,,,,,,,,,,,,,,,,,,,,,,,,,,,,,,,,,,,,,,,,,,,,,,,,,,,,,,,,,,,,,,,,,,,,,,,,,,,,,,,,,,,,,,,,,,,,,,,,,,,,,,,,,,,,,,,,
1974,2,353.0,0.0,27.48,28.5,29.05,28.27,3.0,1.17,18.0,0.3,0.3,0.5,25.09,27.0,27.14,26.13,3.0,1.68,18.0,0.3,0.3,0.5,20.25,20.25,20.25,20.25,1.0,0.0,10.0,0.0,0.5,0.3,89.4,89.4,89.4,89.4,1.0,0.0,10.0,0.0,0.3,3.23,4.6,5.56,4.4,3.0,1.71,18.0,0.3,0.3,0.5,-0.66,1.3,3.05,1.19,3.0,2.72,18.0,0.3,0.3,0.5,2.91,4.32,4.51,3.72,3.0,1.28,18.0,0.3,0.3,0.5,1007.63,1007.9,1008.17,1007.9,2.0,0.57,14.0,0.0,0.4,0.4,1.3,4.0,4.0,2.7,3.0,2.3,18.0,0.3,0.3,0.5,-3.9,3.4,16.9,6.4,3.0,15.4,18.0,0.3,0.3,0.5,10.3,19.9,25.1,17.8,3.0,11.0,18.0,0.3,0.3,0.5,0.34,1.5,3.96,2.13,3.0,2.71,18.0,0.3,0.3,0.5,0.6,3.9,22.1,11.2,3.0,17.0,18.0,0.3,0.3,0.5,2.17,2.17,2.17,2.17,1.0,0.0,10.0,0.0,0.5,0.3,10.0,10.0,10.0,10.0,1.0,0.0,10.0,0.0,0.5,0.3,-18.1,35.1,74.8,28.5,3.0,68.3,18.0,0.3,0.3,0.5,76.8,111.2,115.6,96.5,3.0,31.1,18.0,0.3,0.3,0.5,-31.9,-31.9,-31.9,-31.9,1.0,0.0,10.0,0.0,0.5,0.3,87.5,87.5,87.5,87.5,1.0,0.0,10.0,0.0,0.5,0.3,-3.4,-3.4,-3.4,-3.4,1.0,0.0,10.0,0.0,0.5,0.3,9.4,9.4,9.4,9.4,1.0,0.0,10.0,0.0,0.5,0.3,43.0,97.5,178.5,110.5,3.0,100.0,18.0,0.3,0.3,0.5,45.0,95.0,180.0,110.0,3.0,100.0,18.0,0.3,0.3,0.5
1974,2,353.0,1.0,27.82,28.2,28.5,28.2,8.0,0.69,14.0,0.3,0.6,0.3,26.73,27.25,27.66,27.28,8.0,0.86,14.0,0.3,0.6,0.3,17.52,18.7,18.87,18.31,7.0,0.86,16.0,0.1,0.6,0.4,80.2,81.6,83.2,81.6,8.0,1.7,14.0,0.3,0.3,0.0,4.1,6.72,3.74,7.0,2.88,12.0,0.3,0.6,0.4,-1.23,0.0,1.74,0.8,7.0,2.21,12.0,0.3,0.6,0.4,0.0,3.85,4.45,3.28,7.0,2.53,12.0,0.3,0.6,0.4,1008.42,1011.1,1012.82,1010.87,7.0,2.41,16.0,0.1,0.6,0.4,3.0,6.0,8.0,5.5,8.0,2.7,14.0,0.3,0.6,0.3,-4.7,0.0,8.5,4.8,7.0,14.2,12.0,0.3,0.6,0.4,0.0,15.8,29.9,18.3,7.0,17.8,12.0,0.3,0.6,0.4,-0.1,1.0,1.79,0.93,8.0,1.11,14.0,0.3,0.6,0.3,0.0,2.5,8.5,4.4,7.0,6.4,12.0,0.3,0.6,0.4,5.0,5.54,6.79,5.74,7.0,1.42,16.0,0.1,0.6,0.4,11.2,20.9,41.1,24.9,6.0,19.7,14.0,0.2,0.6,0.4,-33.6,0.0,48.2,22.1,7.0,60.3,12.0,0.3,0.6,0.4,0.0,104.8,123.2,89.4,7.0,68.7,12.0,0.3,0.6,0.4,-22.5,13.2,44.2,18.1,6.0,44.8,14.0,0.2,0.6,0.4,50.2,76.9,92.7,71.2,6.0,41.1,14.0,0.2,0.6,0.4,-7.0,2.4,12.2,4.2,6.0,13.6,14.0,0.2,0.6,0.4,10.6,19.6,30.4,22.0,6.0,18.6,14.0,0.2,0.6,0.4,0.0,69.0,304.0,126.5,7.0,149.5,12.0,0.3,0.6,0.4,0.0,70.0,305.0,125.0,7.0,150.0,12.0,0.3,0.6,0.4
1974,2,353.0,2.0,28.19,28.8,28.94,28.6,5.0,0.43,12.0,0.6,0.6,0.4,25.67,28.0,29.1,27.58,5.0,2.11,12.0,0.6,0.6,0.4,18.39,18.91,20.01,19.18,4.0,1.05,12.0,0.8,0.5,0.3,75.8,77.0,85.1,80.3,4.0,7.9,12.0,0.8,0.3,0.63,4.1,6.23,3.68,5.0,3.29,12.0,0.6,0.6,0.4,-3.17,-2.55,-0.22,-1.93,5.0,1.72,12.0,0.6,0.6,0.4,0.6,3.14,5.4,3.12,5.0,2.83,12.0,0.6,0.6,0.4,1008.63,1009.5,1010.37,1009.5,4.0,1.06,12.0,0.8,0.5,0.3,4.0,5.0,5.5,4.8,4.0,1.3,12.0,0.8,0.5,0.3,-20.5,-10.8,-0.2,-11.6,5.0,13.7,12.0,0.6,0.6,0.4,0.6,12.9,35.6,18.9,5.0,23.9,12.0,0.6,0.6,0.4,-0.58,0.8,2.69,1.02,5.0,2.07,12.0,0.6,0.6,0.4,-2.4,0.0,8.6,2.8,5.0,8.5,12.0,0.6,0.6,0.4,4.42,5.1,6.16,5.28,4.0,1.05,12.0,0.8,0.5,0.3,11.7,25.9,34.7,23.3,4.0,14.1,12.0,0.8,0.5,0.3,-90.0,-71.4,-6.1,-53.6,5.0,46.5,12.0,0.6,0.6,0.4,16.9,95.8,145.9,86.1,5.0,74.4,12.0,0.6,0.6,0.4,-67.4,-50.5,-25.5,-46.7,4.0,30.3,12.0,0.8,0.5,0.3,39.9,72.8,110.5,75.1,4.0,49.6,12.0,0.8,0.5,0.3,-17.3,-14.2,-6.6,-12.1,4.0,7.3,12.0,0.8,0.5,0.3,9.5,21.5,30.0,19.9,4.0,12.3,12.0,0.8,0.5,0.3,0.5,69.0,285.5,151.0,5.0,230.5,12.0,0.6,0.6,0.4,0.0,70.0,285.0,150.0,5.0,230.0,12.0,0.6,0.6,0.4
1974,2,353.0,3.0,28.0,28.8,30.0,28.85,11.0,0.95,12.0,0.5,0.5,0.5,27.92,28.1,28.74,28.07,11.0,0.77,12.0,0.5,0.5,0.5,18.26,18.69,20.71,19.26,9.0,1.56,10.0,0.7,0.4,0.5,75.8,78.4,84.0,80.1,9.0,5.5,10.0,0.7,0.5,2.6,3.6,6.53,4.05,11.0,2.16,12.0,0.5,0.5,0.5,-1.6,0.0,2.48,0.48,11.0,2.77,12.0,0.5,0.5,0.5,0.0,2.91,4.76,2.74,11.0,2.55,12.0,0.5,0.5,0.5,1006.28,1009.0,1010.48,1008.46,11.0,2.03,12.0,0.5,0.5,0.5,2.4,4.0,8.0,4.7,10.0,2.9,12.0,0.6,0.5,0.5,-5.2,0.0,14.7,4.4,11.0,17.6,12.0,0.5,0.5,0.5,0.0,9.0,26.5,13.8,11.0,15.8,12.0,0.5,0.5,0.5,-0.04,0.5,1.94,0.77,11.0,0.95,12.0,0.5,0.5,0.5,-0.1,1.3,7.9,3.4,11.0,4.9,12.0,0.5,0.5,0.5,4.18,6.21,7.27,5.71,9.0,1.96,10.0,0.7,0.4,0.5,7.1,19.2,29.7,19.9,9.0,13.8,10.0,0.7,0.4,0.5,-45.0,0.0,71.3,12.5,11.0,74.7,12.0,0.5,0.5,0.5,0.0,81.6,135.5,78.0,11.0,72.6,12.0,0.5,0.5,0.5,-33.7,0.0,13.6,-8.9,9.0,32.8,10.0,0.7,0.4,0.5,12.8,60.3,93.7,56.5,9.0,52.3,10.0,0.7,0.4,0.5,-9.3,0.0,4.8,-2.9,9.0,9.6,10.0,0.7,0.4,0.5,1.3,18.0,27.9,16.4,9.0,15.2,10.0,0.7,0.4,0.5,17.5,46.5,281.5,117.5,11.0,137.0,12.0,0.5,0.5,0.5,20.0,45.0,280.0,115.0,11.0,135.0,12.0,0.5,0.5,0.5
1974,2,353.0,4.0,26.96,28.3,29.0,28.07,25.0,0.97,14.0,0.6,0.5,0.3,25.99,27.8,28.62,27.65,26.0,1.2,14.0,0.5,0.5,0.3,17.5,19.28,20.53,19.11,24.0,1.61,14.0,0.6,0.5,0.3,76.7,81.3,87.8,81.9,25.0,6.1,14.0,0.6,0.3,1.33,2.6,3.77,2.66,24.0,1.37,14.0,0.5,0.5,0.3,-2.11,0.32,2.65,0.45,24.0,2.08,14.0,0.5,0.5,0.3,-2.27,0.91,2.44,0.51,24.0,2.11,14.0,0.5,0.5,0.3,1005.22,1008.5,1010.56,1008.28,25.0,2.43,14.0,0.6,0.5,0.3,3.0,6.5,8.0,5.2,26.0,2.8,14.0,0.5,0.5,0.3,-6.3,0.3,9.2,2.0,24.0,7.6,14.0,0.5,0.5,0.3,-7.3,1.7,6.5,1.1,24.0,8.1,14.0,0.5,0.5,0.3,-1.06,0.5,1.53,0.4,25.0,1.42,14.0,0.6,0.5,0.3,-0.9,0.0,3.7,1.5,23.0,5.0,14.0,0.5,0.5,0.3,2.76,4.93,6.6,4.75,23.0,1.7,16.0,0.6,0.5,0.3,3.4,11.4,19.6,12.5,21.0,8.8,14.0,0.6,0.5,0.3,-58.1,9.2,72.2,11.7,24.0,56.3,14.0,0.5,0.5,0.3,-59.2,25.3,68.4,14.5,24.0,58.2,14.0,0.5,0.5,0.3,-34.1,7.3,50.5,9.5,22.0,37.9,14.0,0.5,0.5,0.3,-35.5,20.2,45.9,13.0,22.0,39.0,14.0,0.5,0.5,0.3,-5.1,1.7,6.6,2.4,21.0,10.1,14.0,0.6,0.5,0.3,-6.5,3.6,12.4,3.7,21.0,10.9,14.0,0.6,0.5,0.3,2.5,17.5,54.5,32.0,24.0,34.5,14.0,0.5,0.5,0.3,5.0,20.0,55.0,30.0,24.0,35.0,14.0,0.5,0.5,0.3
1974,2,353.0,34.0,15.0,16.0,18.0,16.25,12.0,1.73,16.0,0.3,0.2,0.7,13.3,15.0,15.85,15.03,12.0,1.92,16.0,0.3,0.2,0.7,6.22,6.63,7.26,6.74,3.0,0.77,12.0,0.0,0.1,0.7,57.9,60.9,68.5,63.1,3.0,8.0,12.0,0.0,0.7,3.0,6.0,10.61,6.58,12.0,3.77,16.0,0.3,0.2,0.7,-4.02,-0.4,9.28,1.91,12.0,6.43,16.0,0.3,0.2,0.7,-5.02,-2.5,2.31,-1.8,12.0,3.56,16.0,0.3,0.2,0.7,1014.22,1016.9,1020.93,1017.39,12.0,3.36,16.0,0.3,0.2,0.7,0.4,2.5,6.1,3.1,10.0,2.6,16.0,0.2,0.2,0.8,-25.2,-1.8,101.6,29.6,12.0,69.7,16.0,0.3,0.2,0.7,-40.2,-9.2,20.2,-13.4,12.0,33.8,16.0,0.3,0.2,0.7,-0.63,1.2,3.0,1.23,12.0,1.81,16.0,0.3,0.2,0.7,-3.5,7.8,22.7,8.6,12.0,15.3,16.0,0.3,0.2,0.7,2.18,3.93,5.88,4.03,3.0,2.71,12.0,0.0,0.1,0.7,12.5,18.1,67.8,39.6,3.0,44.6,12.0,0.0,0.1,0.7,-54.5,-6.2,139.8,30.1,12.0,99.2,16.0,0.3,0.2,0.7,-80.7,-36.5,36.3,-29.7,12.0,54.8,16.0,0.3,0.2,0.7,12.6,51.1,64.0,38.6,3.0,39.1,12.0,0.0,0.1,0.7,-37.1,-30.0,3.2,-17.3,3.0,31.5,12.0,0.0,0.1,0.7,0.8,9.3,56.7,28.3,3.0,44.1,12.0,0.0,0.1,0.7,-36.7,-17.8,-3.3,-20.0,3.0,24.5,12.0,0.0,0.1,0.7,27.0,216.0,1260.5,576.5,12.0,846.5,16.0,0.3,0.2,0.7,25.0,215.0,1260.0,575.0,12.0,845.0,16.0,0.3,0.2,0.7
1974,2,353.0,35.0,15.0,16.0,17.0,16.01,91.0,1.23,14.0,0.3,0.6,0.6,13.0,15.0,16.41,14.83,95.0,1.78,14.0,0.3,0.6,0.6,6.54,7.78,9.13,7.77,36.0,1.18,12.0,0.3,0.6,0.6,64.4,73.4,86.9,74.8,36.0,11.0,12.0,0.3,0.6,3.1,6.7,11.08,6.89,95.0,3.83,14.0,0.3,0.6,0.6,-3.43,2.57,7.28,2.41,95.0,5.8,14.0,0.3,0.6,0.6,-6.01,-2.6,2.01,-1.98,95.0,4.37,14.0,0.3,0.6,0.6,1014.24,1020.1,1025.62,1019.53,98.0,5.44,14.0,0.3,0.6,0.6,0.0,3.0,6.9,3.3,96.0,2.9,14.0,0.3,0.6,0.6,-17.8,10.3,73.0,25.0,95.0,69.8,14.0,0.3,0.6,0.6,-49.3,-10.3,9.1,-15.7,95.0,44.3,14.0,0.3,0.6,0.6,-1.0,1.0,3.3,1.15,86.0,2.12,14.0,0.3,0.6,0.6,-5.0,6.0,21.5,6.4,81.0,16.9,14.0,0.3,0.6,0.6,2.13,3.64,4.62,3.48,31.0,1.3,12.0,0.3,0.6,0.6,10.5,20.5,42.2,22.9,29.0,14.7,12.0,0.3,0.6,0.6,-50.4,34.8,98.8,35.1,90.0,85.8,14.0,0.3,0.6,0.6,-84.2,-35.5,29.8,-26.8,90.0,66.7,14.0,0.3,0.6,0.6,-25.9,31.0,49.4,19.8,34.0,44.2,12.0,0.4,0.6,0.6,-30.9,-12.3,30.4,-3.3,34.0,37.9,12.0,0.4,0.6,0.6,-10.6,9.2,21.5,6.3,29.0,21.7,12.0,0.3,0.6,0.6,-17.2,-4.5,13.5,-3.8,29.0,15.4,12.0,0.3,0.6,0.6,30.0,301.0,1363.5,653.0,95.0,913.0,14.0,0.3,0.6,0.6,30.0,300.0,1365.0,655.0,95.0,915.0,14.0,0.3,0.6,0.6
1974,2,353.0,36.0,14.16,15.0,16.0,15.14,66.0,1.27,14.0,0.4,0.5,0.1,12.57,14.2,16.05,14.32,75.0,1.82,14.0,0.4,0.5,0.1,6.36,7.56,8.57,7.54,43.0,1.13,16.0,0.4,0.5,0.1,62.1,76.7,87.1,75.2,43.0,11.9,16.0,0.4,0.1,4.03,8.85,12.9,8.25,72.0,4.26,14.0,0.4,0.5,0.1,-4.3,3.18,9.53,2.14,72.0,7.16,14.0,0.4,0.5,0.1,-8.74,-2.84,0.0,-3.51,72.0,4.33,14.0,0.4,0.5,0.1,1013.46,1018.35,1025.29,1018.67,74.0,5.66,14.0,0.4,0.5,0.1,0.4,3.0,7.0,3.7,73.0,3.0,14.0,0.4,0.5,0.1,-21.4,18.4,104.5,17.5,72.0,92.7,14.0,0.4,0.5,0.1,-85.1,-15.4,0.0,-34.7,72.0,54.1,14.0,0.4,0.5,0.1,-1.14,0.5,2.47,0.66,66.0,2.05,14.0,0.4,0.5,0.1,-7.2,2.2,21.6,5.8,64.0,21.1,14.0,0.4,0.5,0.1,1.72,2.94,3.93,2.89,39.0,1.23,16.0,0.4,0.5,0.1,10.9,17.3,46.3,24.4,39.0,18.0,16.0,0.4,0.5,0.1,-61.0,45.6,138.0,31.5,72.0,106.4,14.0,0.4,0.5,0.1,-116.6,-39.6,0.0,-48.2,72.0,61.5,14.0,0.4,0.5,0.1,-47.8,19.1,64.1,10.3,42.0,56.6,14.0,0.4,0.5,0.1,-49.0,-16.6,0.0,-18.5,42.0,29.0,14.0,0.4,0.5,0.1,-11.8,6.1,19.0,2.8,39.0,24.3,16.0,0.4,0.5,0.1,-25.8,-3.8,0.0,-8.7,39.0,16.0,16.0,0.4,0.5,0.1,65.5,694.0,2146.5,1014.5,72.0,1162.0,14.0,0.4,0.5,0.1,65.0,695.0,2145.0,1015.0,72.0,1160.0,14.0,0.4,0.5,0.1
1974,2,353.0,43.0,12.16,12.5,12.84,12.5,3.0,0.5,12.0,1.0,0.3,0.8,10.82,11.5,13.89,12.33,3.0,2.36,12.0,1.0,0.3,0.8,5.9,6.08,6.26,6.08,2.0,0.37,14.0,1.0,0.3,0.8,73.0,76.5,80.0,76.5,2.0,7.3,14.0,1.0,0.8,12.49,12.9,15.02,13.73,3.0,1.99,12.0,1.0,0.3,0.8,-4.04,12.12,12.21,4.27,3.0,13.71,12.0,1.0,0.3,0.8,-4.35,-4.21,5.69,0.56,3.0,8.43,12.0,1.0,0.3,0.8,1015.12,1025.5,1037.92,1026.5,3.0,16.72,12.0,1.0,0.3,0.8,6.0,6.0,6.7,6.3,3.0,0.6,12.0,1.0,0.3,0.8,-47.4,156.4,183.5,70.1,3.0,184.9,12.0,1.0,0.3,0.8,-55.3,-51.7,95.9,18.6,3.0,126.4,12.0,1.0,0.3,0.8,-1.73,1.0,2.02,0.17,3.0,2.84,12.0,1.0,0.3,0.8,-28.7,12.9,25.1,-1.4,3.0,41.3,12.0,1.0,0.3,0.8,2.84,2.87,2.89,2.87,2.0,0.05,14.0,1.0,0.3,0.8,35.2,36.1,37.0,36.1,2.0,1.9,14.0,1.0,0.3,0.8,-38.6,139.4,169.7,67.3,3.0,164.9,12.0,1.0,0.3,0.8,-48.7,-44.2,91.3,19.8,3.0,116.5,12.0,1.0,0.3,0.8,-50.5,-1.4,47.7,-1.4,2.0,101.6,14.0,1.0,0.3,0.8,-26.5,-26.2,-25.8,-26.2,2.0,0.7,14.0,1.0,0.3,0.8,-21.9,1.2,24.4,1.2,2.0,48.0,14.0,1.0,0.3,0.8,-12.7,-12.4,-12.1,-12.4,2.0,0.6,14.0,1.0,0.3,0.8,1951.5,2146.5,3477.5,2701.0,3.0,1216.5,12.0,1.0,0.3,0.8,1950.0,2145.0,3475.0,2700.0,3.0,1215.0,12.0,1.0,0.3,0.8
1974,2,353.0,44.0,11.09,12.0,12.11,11.77,19.0,0.71,16.0,0.3,0.5,0.5,9.31,10.9,12.99,11.09,20.0,1.66,16.0,0.3,0.5,0.5,4.78,5.69,6.57,5.72,17.0,0.95,16.0,0.3,0.5,0.5,61.6,66.8,78.8,69.3,17.0,9.5,16.0,0.3,0.5,5.1,10.3,17.55,11.38,21.0,6.36,16.0,0.3,0.5,0.5,-6.55,2.68,12.75,2.52,21.0,9.78,16.0,0.3,0.5,0.5,-9.12,-3.91,6.8,-2.75,21.0,8.13,16.0,0.3,0.5,0.5,1004.02,1017.05,1029.45,1016.29,20.0,10.66,16.0,0.3,0.5,0.5,2.2,6.0,8.0,5.2,21.0,2.6,16.0,0.3,0.5,0.5,-59.9,8.3,167.2,51.8,21.0,185.8,16.0,0.3,0.5,0.5,-182.8,-24.4,87.2,-42.3,21.0,140.0,16.0,0.3,0.5,0.5,-1.21,1.0,1.92,0.59,18.0,1.6,16.0,0.3,0.5,0.5,-9.2,8.5,24.8,9.8,18.0,18.4,16.0,0.3,0.5,0.5,2.45,3.02,3.82,3.02,16.0,0.82,18.0,0.3,0.5,0.5,14.8,32.9,53.8,35.9,16.0,20.3,18.0,0.3,0.5,0.5,-77.0,13.4,141.7,25.1,20.0,102.3,16.0,0.3,0.5,0.5,-99.9,-52.2,73.1,-32.7,20.0,87.3,16.0,0.3,0.5,0.5,-32.3,12.5,76.3,19.8,17.0,54.1,16.0,0.3,0.5,0.5,-50.3,-33.5,28.1,-17.4,17.0,42.8,16.0,0.3,0.5,0.5,-16.5,2.3,46.6,9.8,16.0,31.7,18.0,0.3,0.5,0.5,-28.9,-13.0,16.4,-9.6,16.0,24.1,18.0,0.3,0.5,0.5,132.5,1092.5,5452.5,2916.0,21.0,4120.5,16.0,0.3,0.5,0.5,135.0,1095.0,5455.0,2915.0,21.0,4120.0,16.0,0.3,0.5,0.5
1974,2,353.0,45.0,11.5,12.0,13.0,12.15,14.0,1.0,14.0,0.5,0.5,0.3,9.34,11.35,12.99,11.07,14.0,2.06,16.0,0.5,0.5,0.3,5.56,6.42,7.67,6.56,10.0,1.0,14.0,0.4,0.6,0.3,67.7,74.0,87.4,77.2,10.0,11.0,14.0,0.4,0.3,6.2,11.85,17.62,12.61,16.0,6.28,14.0,0.5,0.5,0.4,-6.55,5.71,16.66,5.47,16.0,11.12,14.0,0.5,0.5,0.4,-6.74,-0.49,5.51,-0.03,16.0,7.31,14.0,0.5,0.5,0.4,1001.8,1017.4,1022.93,1013.87,16.0,13.82,14.0,0.5,0.5,0.4,7.0,8.0,8.0,7.3,15.0,1.2,14.0,0.5,0.6,0.3,-52.8,65.4,290.6,112.1,16.0,212.3,14.0,0.5,0.5,0.4,-55.4,-2.8,113.2,20.9,16.0,116.5,14.0,0.5,0.5,0.4,-0.2,0.9,2.05,0.78,12.0,1.31,16.0,0.5,0.5,0.3,-3.7,7.6,20.7,5.6,12.0,15.3,16.0,0.5,0.5,0.3,1.07,2.62,3.18,2.28,10.0,1.14,14.0,0.4,0.6,0.3,12.6,30.2,45.5,30.2,10.0,19.9,14.0,0.4,0.6,0.3,-61.9,39.3,210.8,58.6,14.0,133.8,16.0,0.5,0.5,0.3,-68.8,-11.2,45.4,-16.7,14.0,60.3,16.0,0.5,0.5,0.3,-44.0,50.9,127.6,41.0,10.0,82.5,14.0,0.4,0.6,0.3,-52.5,-4.0,26.6,-7.3,10.0,38.9,14.0,0.4,0.6,0.3,-19.0,5.3,35.0,9.4,10.0,31.6,14.0,0.4,0.6,0.3,-22.3,-0.1,8.3,-5.8,10.0,16.6,14.0,0.4,0.6,0.3,238.5,1749.5,5482.5,3487.5,16.0,4467.0,14.0,0.5,0.5,0.4,240.0,1750.0,5480.0,3490.0,16.0,4465.0,14.0,0.5,0.5,0.4
1974,2,353.0,46.0,10.5,11.5,12.7,11.57,104.0,1.1,14.0,0.3,0.3,0.6,9.4,10.6,12.5,10.78,117.0,1.69,14.0,0.3,0.3,0.6,4.72,6.49,7.95,6.43,56.0,1.41,16.0,0.3,0.3,0.6,63.3,78.6,93.3,79.0,56.0,12.9,16.0,0.3,0.6,6.2,12.3,18.95,11.93,115.0,5.91,14.0,0.3,0.3,0.6,-4.3,5.64,14.44,6.02,115.0,8.26,14.0,0.3,0.3,0.6,-7.1,0.0,8.49,1.12,115.0,8.52,14.0,0.3,0.3,0.6,995.57,1011.65,1027.8,1011.76,118.0,14.41,14.0,0.3,0.3,0.6,3.7,6.5,8.0,6.0,106.0,2.1,14.0,0.3,0.3,0.6,-28.6,66.1,250.1,103.1,115.0,143.5,14.0,0.3,0.3,0.6,-64.2,0.0,131.1,30.5,115.0,148.1,14.0,0.3,0.3,0.6,-1.1,0.7,2.2,0.68,103.0,1.92,14.0,0.3,0.3,0.6,-15.5,7.0,27.8,6.0,101.0,23.6,14.0,0.3,0.3,0.6,0.55,1.86,3.47,1.99,52.0,1.29,16.0,0.3,0.3,0.6,7.1,23.2,39.5,22.8,52.0,15.8,16.0,0.3,0.3,0.6,-41.1,72.0,160.6,70.5,114.0,91.5,14.0,0.3,0.3,0.6,-79.1,0.0,105.0,17.2,114.0,95.9,14.0,0.3,0.3,0.6,-25.7,38.8,94.5,42.0,55.0,53.9,16.0,0.3,0.3,0.6,-44.2,0.0,74.8,17.8,55.0,67.4,16.0,0.3,0.3,0.6,-15.6,6.2,22.8,6.0,52.0,19.9,16.0,0.3,0.3,0.6,-20.1,0.0,14.9,-0.6,52.0,18.6,16.0,0.3,0.3,0.6,238.5,1861.0,6810.5,2957.0,115.0,3523.0,14.0,0.3,0.3,0.6,240.0,1860.0,6810.0,2955.0,115.0,3525.0,14.0,0.3,0.3,0.6
1974,2,353.0,47.0,10.0,11.1,12.0,11.16,301.0,1.07,12.0,0.3,0.6,0.4,8.8,10.2,12.0,10.33,323.0,1.66,12.0,0.3,0.6,0.4,4.98,6.08,7.45,6.17,196.0,1.25,12.0,0.3,0.6,0.4,67.6,78.7,90.5,78.5,199.0,11.9,12.0,0.3,0.4,6.2,11.3,18.0,12.03,313.0,5.84,12.0,0.3,0.6,0.4,-3.06,6.7,14.47,6.22,313.0,8.28,12.0,0.3,0.6,0.4,-7.11,0.0,9.59,0.66,313.0,8.46,12.0,0.3,0.6,0.4,995.08,1009.3,1027.8,1010.15,321.0,14.0,14.0,0.3,0.6,0.4,4.0,7.0,8.0,6.1,285.0,2.1,14.0,0.3,0.6,0.4,-15.3,69.6,237.6,105.1,313.0,158.6,12.0,0.3,0.6,0.4,-81.1,0.0,133.7,20.5,313.0,143.9,12.0,0.3,0.6,0.4,-0.77,0.8,2.67,0.81,299.0,1.81,12.0,0.3,0.6,0.4,-9.3,7.5,25.9,8.0,287.0,25.8,12.0,0.3,0.6,0.4,0.91,2.16,3.24,2.05,191.0,1.26,12.0,0.3,0.6,0.4,6.9,21.5,45.7,24.5,185.0,21.3,12.0,0.3,0.6,0.4,-28.3,71.4,154.2,66.8,310.0,85.7,12.0,0.3,0.6,0.4,-75.0,0.0,105.4,10.7,310.0,92.1,12.0,0.3,0.6,0.4,-16.3,42.7,100.8,43.9,190.0,54.7,12.0,0.3,0.6,0.4,-40.9,0.0,78.9,11.8,190.0,60.5,12.0,0.3,0.6,0.4,-10.0,7.1,28.3,10.3,185.0,24.1,12.0,0.3,0.6,0.4,-18.0,-3.1,13.6,-3.2,185.0,19.1,12.0,0.3,0.6,0.4,238.5,1443.0,5832.0,3046.5,313.0,3896.0,12.0,0.3,0.6,0.4,240.0,1445.0,5830.0,3045.0,313.0,3895.0,12.0,0.3,0.6,0.4
1974,2,353.0,48.0,10.0,10.8,12.0,10.73,71.0,1.19,14.0,0.3,0.6,0.3,8.55,10.0,11.95,10.08,80.0,1.61,14.0,0.3,0.6,0.3,4.39,5.75,7.61,5.88,44.0,1.4,14.0,0.3,0.5,0.3,61.3,77.2,89.1,76.6,45.0,12.9,14.0,0.3,0.3,4.29,10.0,15.77,10.38,79.0,5.38,14.0,0.3,0.6,0.3,-2.91,5.7,12.27,5.41,79.0,7.4,14.0,0.3,0.6,0.3,-5.3,1.04,9.19,1.37,79.0,7.19,14.0,0.3,0.6,0.3,994.94,1010.1,1025.89,1009.63,78.0,13.72,14.0,0.3,0.6,0.3,4.0,7.0,8.0,6.3,69.0,2.1,14.0,0.4,0.6,0.3,-13.1,48.7,184.2,83.9,79.0,128.6,14.0,0.3,0.6,0.3,-41.9,4.8,122.3,27.0,79.0,103.9,14.0,0.3,0.6,0.3,-1.01,0.65,2.31,0.7,70.0,1.74,14.0,0.3,0.6,0.3,-13.9,5.6,15.0,4.2,69.0,18.6,14.0,0.3,0.6,0.3,0.75,2.09,3.76,2.19,40.0,1.37,14.0,0.2,0.6,0.3,5.7,13.9,33.2,20.6,39.0,21.3,14.0,0.2,0.6,0.3,-23.8,59.1,138.1,59.8,79.0,78.9,14.0,0.3,0.6,0.3,-57.6,8.6,89.7,15.4,79.0,74.5,14.0,0.3,0.6,0.3,-12.4,24.2,80.2,30.7,43.0,45.6,14.0,0.3,0.6,0.3,-26.4,1.6,56.7,11.0,43.0,44.6,14.0,0.3,0.6,0.3,-7.1,3.2,17.8,7.1,39.0,22.6,14.0,0.2,0.6,0.3,-12.8,0.0,11.5,-3.2,39.0,17.8,14.0,0.2,0.6,0.3,79.5,1000.0,3928.0,2066.5,79.0,2896.5,14.0,0.3,0.6,0.3,80.0,1000.0,3930.0,2065.0,79.0,2895.0,14.0,0.3,0.6,0.3
1974,2,353.0,49.0,8.9,10.0,10.6,9.85,30.0,1.4,14.0,0.2,0.4,0.5,7.62,9.0,10.28,9.08,33.0,1.36,14.0,0.2,0.4,0.5,4.37,5.73,6.68,5.63,23.0,1.04,14.0,0.3,0.4,0.5,66.9,76.1,97.3,79.5,23.0,13.3,14.0,0.3,0.5,4.98,10.3,18.5,11.58,31.0,6.89,14.0,0.2,0.4,0.5,-1.95,4.1,11.86,5.5,31.0,8.03,14.0,0.2,0.4,0.5,-5.22,1.99,12.98,2.37,31.0,9.19,14.0,0.2,0.4,0.5,988.42,1008.95,1028.18,1008.47,34.0,16.9,14.0,0.2,0.4,0.5,3.0,8.0,8.0,6.4,32.0,2.4,14.0,0.3,0.4,0.4,-10.8,55.7,209.1,98.8,31.0,177.6,14.0,0.2,0.4,0.5,-49.9,5.2,235.2,47.2,31.0,160.4,14.0,0.2,0.4,0.5,-0.65,1.0,2.51,0.84,29.0,1.84,14.0,0.2,0.4,0.5,-2.4,6.7,31.0,10.8,27.0,29.8,14.0,0.2,0.4,0.5,0.78,2.07,3.16,2.01,22.0,1.21,14.0,0.3,0.4,0.5,6.3,18.6,39.0,23.0,20.0,19.3,12.0,0.3,0.4,0.5,-13.7,45.8,106.3,50.4,31.0,69.2,14.0,0.2,0.4,0.5,-40.6,15.1,111.3,24.4,31.0,86.5,14.0,0.2,0.4,0.5,-18.5,18.9,85.8,29.5,21.0,56.0,12.0,0.2,0.4,0.5,-32.8,8.8,82.9,11.8,21.0,62.5,12.0,0.2,0.4,0.5,-6.2,4.3,33.6,8.1,20.0,21.6,12.0,0.3,0.4,0.5,-10.9,5.9,19.5,3.3,20.0,19.5,12.0,0.3,0.4,0.5,124.0,1092.5,6331.5,3311.5,31.0,4794.5,14.0,0.2,0.4,0.5,125.0,1095.0,6330.0,3310.0,31.0,4795.0,14.0,0.2,0.4,0.5
1974,2,353.0,50.0,9.0,10.0,11.35,10.13,24.0,1.17,16.0,0.4,0.5,0.4,8.0,9.0,10.19,9.12,25.0,1.39,14.0,0.4,0.5,0.4,5.01,5.91,6.63,5.92,22.0,1.0,16.0,0.4,0.4,0.4,71.1,85.1,88.8,81.8,22.0,8.7,16.0,0.4,0.4,6.2,12.0,15.4,11.46,25.0,5.61,14.0,0.4,0.5,0.4,-0.17,2.43,11.78,4.87,25.0,6.89,14.0,0.4,0.5,0.4,-3.28,4.21,13.92,4.79,25.0,8.5,14.0,0.4,0.5,0.4,983.87,1003.0,1029.14,1003.26,25.0,20.07,14.0,0.4,0.5,0.4,2.0,8.0,8.0,6.1,23.0,2.6,14.0,0.4,0.5,0.3,-0.9,30.5,170.8,79.1,25.0,124.7,14.0,0.4,0.5,0.4,-37.1,42.2,198.7,66.5,25.0,158.4,14.0,0.4,0.5,0.4,0.2,1.05,2.17,1.0,24.0,1.68,16.0,0.4,0.5,0.4,0.7,8.6,22.5,12.5,24.0,28.7,16.0,0.4,0.5,0.4,1.01,1.77,2.63,1.83,21.0,0.89,16.0,0.4,0.5,0.4,7.4,18.4,33.9,21.3,21.0,19.2,16.0,0.4,0.5,0.4,-1.4,21.2,110.1,44.2,25.0,60.0,14.0,0.4,0.5,0.4,-31.3,40.0,135.1,44.0,25.0,80.0,14.0,0.4,0.5,0.4,-3.0,24.0,73.8,29.7,22.0,41.1,16.0,0.4,0.4,0.4,-10.6,25.1,95.0,30.9,22.0,53.4,16.0,0.4,0.4,0.4,-1.7,6.3,26.6,11.1,21.0,20.0,16.0,0.4,0.5,0.4,-6.6,5.0,17.2,4.8,21.0,17.0,16.0,0.4,0.5,0.4,238.5,1728.0,3652.5,2670.0,25.0,3907.0,14.0,0.4,0.5,0.4,240.0,1730.0,3650.0,2670.0,25.0,3905.0,14.0,0.4,0.5,0.4
1974,2,353.0,51.0,9.2,9.8,11.5,10.03,39.0,1.17,12.0,0.3,0.6,0.4,7.64,9.0,10.0,8.74,41.0,1.32,12.0,0.3,0.6,0.4,4.68,5.8,6.95,5.8,36.0,1.09,12.0,0.3,0.6,0.4,69.8,86.1,93.4,82.0,36.0,11.5,12.0,0.3,0.4,4.6,12.3,19.54,11.96,43.0,6.36,12.0,0.3,0.6,0.4,0.0,5.27,11.05,5.46,43.0,6.61,12.0,0.3,0.6,0.4,-7.07,2.8,15.97,3.95,43.0,9.84,12.0,0.3,0.6,0.4,986.6,1001.9,1026.56,1003.84,41.0,16.81,12.0,0.3,0.6,0.4,4.0,7.0,8.0,6.1,43.0,2.2,12.0,0.3,0.6,0.4,0.0,61.4,197.3,83.7,43.0,122.6,12.0,0.3,0.6,0.4,-86.5,16.8,281.9,74.5,43.0,176.8,12.0,0.3,0.6,0.4,0.0,1.3,2.49,1.3,39.0,1.52,12.0,0.3,0.6,0.4,0.0,9.2,34.8,13.9,39.0,18.9,12.0,0.3,0.6,0.4,0.73,2.02,2.88,1.9,35.0,1.14,12.0,0.3,0.6,0.4,5.4,19.5,38.3,21.3,35.0,15.5,12.0,0.3,0.6,0.4,0.0,49.8,103.6,47.0,41.0,60.0,12.0,0.3,0.6,0.4,-48.7,25.2,153.0,44.9,41.0,85.1,12.0,0.3,0.6,0.4,-1.7,26.5,65.8,28.7,36.0,41.2,12.0,0.3,0.6,0.4,-32.5,12.6,115.2,28.4,36.0,62.1,12.0,0.3,0.6,0.4,0.0,6.8,25.7,11.2,35.0,15.6,12.0,0.3,0.6,0.4,-17.8,2.0,19.1,3.2,35.0,18.0,12.0,0.3,0.6,0.4,97.5,1861.0,7489.0,3137.5,43.0,3527.0,12.0,0.3,0.6,0.4,95.0,1860.0,7490.0,3140.0,43.0,3525.0,12.0,0.3,0.6,0.4
1974,2,353.0,52.0,8.63,9.3,10.17,9.44,5.0,1.28,16.0,0.4,0.8,0.1,7.53,8.7,9.26,8.44,5.0,1.08,16.0,0.4,0.8,0.1,4.26,5.31,6.13,5.26,5.0,1.08,16.0,0.4,0.8,0.1,66.0,77.7,86.6,76.5,5.0,13.8,16.0,0.4,0.1,4.19,5.7,7.88,5.86,5.0,2.24,16.0,0.4,0.8,0.1,1.72,2.85,7.7,4.33,5.0,3.11,16.0,0.4,0.8,0.1,1.26,2.8,4.84,2.91,5.0,2.06,16.0,0.4,0.8,0.1,996.86,1017.3,1021.93,1010.9,5.0,16.13,16.0,0.4,0.8,0.1,4.8,7.0,8.0,6.2,5.0,2.9,16.0,0.4,0.8,0.1,7.2,16.2,60.7,30.4,5.0,28.5,16.0,0.4,0.8,0.1,3.3,23.0,25.8,16.2,5.0,12.7,16.0,0.4,0.8,0.1,-0.19,0.7,2.44,1.0,5.0,1.41,16.0,0.4,0.8,0.1,-0.2,4.0,15.3,7.1,5.0,9.2,16.0,0.4,0.8,0.1,1.04,1.32,3.43,2.11,5.0,1.51,16.0,0.4,0.8,0.1,3.9,9.4,22.5,13.5,5.0,13.4,16.0,0.4,0.8,0.1,14.7,24.8,63.9,36.6,5.0,26.5,16.0,0.4,0.8,0.1,12.3,25.2,36.7,24.1,5.0,16.1,16.0,0.4,0.8,0.1,8.9,19.3,35.0,21.8,5.0,14.3,16.0,0.4,0.8,0.1,7.3,11.5,25.4,15.4,5.0,12.5,16.0,0.4,0.8,0.1,2.2,5.0,18.3,10.5,5.0,13.4,16.0,0.4,0.8,0.1,1.7,3.6,12.9,6.5,5.0,6.2,16.0,0.4,0.8,0.1,90.5,185.0,491.0,268.5,5.0,225.5,16.0,0.4,0.8,0.1,90.0,185.0,490.0,270.0,5.0,225.0,16.0,0.4,0.8,0.1
1974,2,353.0,55.0,7.44,7.5,7.66,7.63,16.0,0.8,14.0,0.1,0.7,0.4,4.95,6.7,7.71,6.49,17.0,1.37,14.0,0.1,0.6,0.4,4.39,5.6,6.59,5.47,13.0,0.87,16.0,0.1,0.6,0.4,81.5,87.1,98.8,89.2,13.0,8.0,16.0,0.1,0.4,5.69,6.7,11.14,8.42,17.0,3.31,14.0,0.2,0.6,0.4,-4.3,-1.16,10.86,2.07,17.0,7.2,14.0,0.2,0.6,0.4,0.32,4.42,6.82,3.54,17.0,4.08,14.0,0.2,0.6,0.4,982.13,999.2,1019.51,999.74,18.0,16.7,14.0,0.2,0.6,0.4,1.0,3.0,8.0,3.9,17.0,2.9,14.0,0.2,0.6,0.4,-24.5,-7.8,119.9,32.1,17.0,88.6,14.0,0.2,0.6,0.4,3.0,24.7,49.5,21.4,17.0,44.2,14.0,0.2,0.6,0.4,-0.31,0.75,2.66,1.11,16.0,1.61,14.0,0.1,0.7,0.4,-4.4,4.1,22.8,10.5,15.0,19.7,14.0,0.1,0.7,0.4,-0.14,1.06,2.11,1.04,13.0,0.88,16.0,0.1,0.6,0.4,-1.5,7.1,16.0,7.5,12.0,6.9,16.0,0.1,0.7,0.3,-27.6,-9.9,81.7,14.5,16.0,50.3,14.0,0.1,0.7,0.4,-2.5,24.8,44.6,22.2,16.0,26.3,14.0,0.1,0.7,0.4,-13.3,2.3,70.9,19.3,12.0,39.3,16.0,0.1,0.7,0.3,6.7,21.2,33.3,17.2,12.0,19.7,16.0,0.1,0.7,0.3,-2.8,-2.0,6.2,0.6,12.0,6.1,16.0,0.1,0.7,0.3,-0.3,5.1,11.2,5.3,12.0,6.4,16.0,0.1,0.7,0.3,189.5,301.0,1382.5,888.0,17.0,1083.5,14.0,0.2,0.6,0.4,190.0,300.0,1385.0,890.0,17.0,1085.0,14.0,0.2,0.6,0.4
1974,2,353.0,57.0,9.0,9.0,9.0,8.9,27.0,0.55,14.0,0.1,0.4,0.6,5.33,5.6,6.69,6.0,3.0,1.06,12.0,0.3,0.4,0.6,5.63,5.79,5.96,5.79,2.0,0.35,12.0,0.5,0.5,0.7,92.2,93.7,95.2,93.7,2.0,3.2,12.0,0.5,0.7,2.6,9.3,14.0,8.36,25.0,5.69,14.0,0.1,0.4,0.7,-3.41,0.0,5.59,0.71,25.0,4.86,14.0,0.1,0.4,0.7,0.0,3.66,11.39,5.69,25.0,6.88,14.0,0.1,0.4,0.7,970.53,985.0,986.91,978.87,3.0,13.12,12.0,0.3,0.4,0.6,2.0,7.0,8.0,5.6,27.0,2.9,14.0,0.1,0.4,0.6,-32.2,0.0,76.1,9.1,25.0,56.9,14.0,0.1,0.4,0.7,0.0,20.9,160.3,74.7,25.0,122.9,14.0,0.1,0.4,0.7,1.96,2.1,2.85,2.4,3.0,0.7,12.0,0.3,0.4,0.6,15.5,30.0,44.5,30.0,2.0,30.0,12.0,0.5,0.5,0.7,1.23,1.61,1.99,1.61,2.0,0.79,12.0,0.5,0.5,0.7,9.6,19.8,30.0,19.8,2.0,21.1,12.0,0.5,0.5,0.7,-14.2,-1.7,10.8,-1.7,2.0,25.9,12.0,0.5,0.5,0.7,34.6,66.6,98.6,66.6,2.0,66.3,12.0,0.5,0.5,0.7,-11.5,-0.2,11.1,-0.2,2.0,23.5,12.0,0.5,0.5,0.7,31.6,57.4,83.2,57.4,2.0,53.5,12.0,0.5,0.5,0.7,-4.6,-1.5,1.7,-1.5,2.0,6.5,12.0,0.5,0.5,0.7,8.5,19.0,29.4,19.0,2.0,21.6,12.0,0.5,0.5,0.7,17.5,804.5,2743.0,1445.5,25.0,2432.5,14.0,0.1,0.4,0.7,20.0,805.0,2745.0,1445.0,25.0,2430.0,14.0,0.1,0.4,0.7
1974,2,353.0,58.0,7.03,9.5,10.07,8.77,9.0,1.44,14.0,0.4,0.7,0.5,7.03,7.2,7.95,7.2,9.0,1.64,16.0,0.3,0.7,0.6,5.72,6.01,6.19,5.97,5.0,0.26,14.0,0.2,0.8,0.6,87.7,91.4,94.3,91.5,5.0,4.7,14.0,0.2,0.6,6.22,12.0,14.41,10.85,11.0,4.78,16.0,0.4,0.7,0.5,-5.75,2.08,7.64,1.25,11.0,7.15,16.0,0.4,0.7,0.5,0.78,9.0,12.22,7.05,11.0,6.71,16.0,0.4,0.7,0.5,969.07,1004.7,1020.84,997.55,11.0,24.42,16.0,0.4,0.7,0.5,7.0,8.0,8.0,7.1,8.0,1.7,16.0,0.5,0.6,0.5,-79.2,8.9,72.5,0.6,11.0,91.2,16.0,0.4,0.7,0.5,6.0,110.3,153.6,103.0,11.0,108.2,16.0,0.4,0.7,0.5,0.17,2.4,2.71,1.76,7.0,1.31,14.0,0.4,0.7,0.6,2.2,31.2,43.9,25.1,7.0,20.6,14.0,0.4,0.7,0.6,0.44,1.8,2.02,1.34,5.0,0.91,14.0,0.2,0.8,0.6,3.3,23.4,34.4,19.8,5.0,16.1,14.0,0.2,0.8,0.6,-59.6,15.0,56.1,8.1,9.0,60.3,16.0,0.3,0.7,0.6,27.1,63.0,95.9,64.3,9.0,39.0,16.0,0.3,0.7,0.6,-33.1,0.0,20.6,-6.6,5.0,37.7,14.0,0.2,0.8,0.6,42.4,72.5,92.7,68.5,5.0,34.6,14.0,0.2,0.8,0.6,-12.0,0.0,1.5,-5.1,5.0,11.8,14.0,0.2,0.8,0.6,1.9,21.6,27.8,16.8,5.0,14.8,14.0,0.2,0.8,0.6,256.0,1728.0,3004.5,1937.0,11.0,1970.0,16.0,0.4,0.7,0.5,255.0,1730.0,3005.0,1935.0,11.0,1970.0,16.0,0.4,0.7,0.5
1974,2,353.0,59.0,8.06,9.0,9.88,8.85,11.0,1.18,14.0,0.4,0.6,0.4,7.04,8.0,9.03,7.71,15.0,1.49,12.0,0.3,0.6,0.5,5.33,5.39,6.05,5.74,8.0,0.69,14.0,0.3,0.6,0.3,79.1,85.0,98.5,86.5,8.0,8.9,14.0,0.3,0.3,7.51,10.8,14.53,11.17,15.0,4.56,12.0,0.3,0.6,0.5,-8.14,-0.8,5.2,-0.26,15.0,7.73,12.0,0.3,0.6,0.5,0.78,8.05,11.93,6.08,15.0,7.42,12.0,0.3,0.6,0.5,961.68,988.3,1013.89,988.37,15.0,21.92,12.0,0.3,0.6,0.5,7.0,8.0,8.0,7.5,14.0,0.9,12.0,0.4,0.6,0.5,-82.0,-3.7,42.0,5.8,15.0,132.9,12.0,0.3,0.6,0.5,3.6,77.8,160.6,71.6,15.0,114.4,12.0,0.3,0.6,0.5,-0.85,1.5,2.03,0.86,11.0,1.57,14.0,0.4,0.6,0.4,-8.0,16.2,27.0,12.9,11.0,22.9,14.0,0.4,0.6,0.4,0.83,1.58,2.37,1.57,8.0,0.71,14.0,0.3,0.6,0.3,13.1,19.2,26.6,19.3,8.0,7.0,14.0,0.3,0.6,0.3,-52.1,-1.6,52.6,7.8,14.0,62.2,12.0,0.3,0.6,0.5,25.9,71.0,91.4,56.3,14.0,51.4,12.0,0.3,0.6,0.5,-43.9,-10.8,10.7,-2.9,8.0,61.9,14.0,0.3,0.6,0.3,31.7,58.5,68.1,39.6,8.0,51.1,14.0,0.3,0.6,0.3,-18.4,-3.3,1.2,-6.0,8.0,12.1,14.0,0.3,0.6,0.3,7.6,14.1,17.3,9.7,8.0,13.3,14.0,0.3,0.6,0.3,445.5,1259.5,3102.5,2100.0,15.0,2648.0,12.0,0.3,0.6,0.5,445.0,1260.0,3105.0,2100.0,15.0,2650.0,12.0,0.3,0.6,0.5
1974,2,353.0,60.0,,,,,,,,,,,,,,,,,,,,,,,,,,,,,,,,,,,,,,,,6.84,10.8,15.81,11.3,4.0,6.03,10.0,0.5,0.8,0.4,-6.35,1.59,3.92,-1.08,4.0,7.6,10.0,0.5,0.8,0.4,-14.11,-4.37,1.12,-6.4,4.0,9.63,10.0,0.5,0.8,0.4,995.25,1003.1,1005.22,1000.3,3.0,7.69,10.0,0.7,0.7,0.4,,,,,,,,,,,,,,,,,,,,,,,,,,,,,,,,,,,,,,,,,,,,,,,,,,,,,,,,,,,,,,,,,,,,,,,,,,,,,,,,,,,,,,,,,,,,,,,,,,,,,,,,,,,,,,,,,,,,,,,,,,,,,,,,,,,,,,,,,,,,,,,,,,,,,,
1974,2,353.0,61.0,6.24,6.75,7.26,6.75,2.0,1.06,4.0,0.5,0.5,0.7,2.92,4.35,7.0,4.72,6.0,1.92,10.0,0.8,0.5,0.5,5.23,5.23,5.23,5.23,1.0,0.0,6.0,1.0,0.6,0.8,96.6,96.6,96.6,96.6,1.0,0.0,6.0,1.0,0.8,1.65,12.3,23.18,12.34,5.0,11.1,12.0,0.8,0.4,0.5,-9.97,0.0,0.0,-5.16,5.0,10.47,12.0,0.8,0.4,0.5,-16.06,-4.2,0.61,-7.49,5.0,10.03,12.0,0.8,0.4,0.5,986.33,996.15,1007.54,997.7,6.0,13.64,10.0,0.8,0.5,0.5,7.6,8.0,8.0,7.7,6.0,0.8,10.0,0.8,0.5,0.5,-213.9,0.0,0.0,-116.4,5.0,257.4,12.0,0.8,0.4,0.5,-282.6,-101.7,1.6,-151.9,5.0,211.4,12.0,0.8,0.4,0.5,0.63,0.9,1.17,0.9,2.0,0.57,4.0,0.5,0.5,0.7,5.0,15.7,26.5,15.7,2.0,22.2,4.0,0.5,0.5,0.7,0.7,0.7,0.7,0.7,1.0,0.0,6.0,1.0,0.6,0.8,17.0,17.0,17.0,17.0,1.0,0.0,6.0,1.0,0.6,0.8,-44.7,0.0,0.0,-23.6,5.0,49.5,12.0,0.8,0.4,0.5,-53.3,-19.8,1.8,-27.4,5.0,38.2,12.0,0.8,0.4,0.5,-124.8,-124.8,-124.8,-124.8,1.0,0.0,6.0,1.0,0.6,0.8,-22.0,-22.0,-22.0,-22.0,1.0,0.0,6.0,1.0,0.6,0.8,-16.7,-16.7,-16.7,-16.7,1.0,0.0,6.0,1.0,0.6,0.8,-2.9,-2.9,-2.9,-2.9,1.0,0.0,6.0,1.0,0.6,0.8,11.0,1861.0,12503.5,5519.0,5.0,6806.0,12.0,0.8,0.4,0.5,10.0,1860.0,12505.0,5520.0,5.0,6805.0,12.0,0.8,0.4,0.5
1974,2,353.0,62.0,6.29,6.5,6.52,6.46,7.0,0.3,10.0,0.6,0.6,0.3,2.97,4.6,7.57,5.04,10.0,2.23,14.0,0.7,0.5,0.4,3.87,4.98,5.44,4.66,3.0,1.19,22.0,0.7,0.5,0.2,75.2,75.9,82.8,78.9,3.0,6.2,22.0,0.7,0.2,6.52,11.3,16.76,11.85,12.0,5.84,12.0,0.6,0.6,0.4,-8.47,-3.02,4.6,-2.31,12.0,6.13,12.0,0.6,0.6,0.4,-1.4,5.39,16.58,6.59,12.0,9.82,12.0,0.6,0.6,0.4,987.53,994.3,1021.45,1000.16,11.0,15.0,14.0,0.6,0.5,0.4,7.0,8.0,8.0,7.4,10.0,1.3,14.0,0.7,0.5,0.3,-148.6,-15.3,44.3,-33.0,12.0,85.1,12.0,0.6,0.6,0.4,-25.8,37.8,279.8,105.8,12.0,187.5,12.0,0.6,0.6,0.4,-1.06,2.4,4.13,1.83,7.0,2.54,10.0,0.6,0.6,0.3,-16.9,18.4,57.8,21.7,7.0,37.8,10.0,0.6,0.6,0.3,0.57,0.75,2.15,1.35,3.0,1.27,22.0,0.7,0.5,0.2,9.1,12.0,30.3,19.6,3.0,16.9,22.0,0.7,0.5,0.2,-24.8,-4.1,35.2,1.2,10.0,31.4,14.0,0.7,0.5,0.4,-5.7,24.1,124.9,49.5,10.0,58.7,14.0,0.7,0.5,0.4,-19.3,15.7,23.6,2.4,3.0,33.5,22.0,0.7,0.5,0.2,3.3,74.8,84.7,44.7,3.0,65.0,22.0,0.7,0.5,0.2,-19.9,1.4,3.2,-8.1,3.0,18.8,22.0,0.7,0.5,0.2,-14.6,7.7,10.1,-2.0,3.0,20.0,22.0,0.7,0.5,0.2,279.0,1672.0,4798.5,2842.5,12.0,3471.5,12.0,0.6,0.6,0.4,280.0,1670.0,4800.0,2840.0,12.0,3470.0,12.0,0.6,0.6,0.4
1974,2,353.0,63.0,,,,,,,,,,,,,,,,,,,,,,,,,,,,,,,,,,,,,,,,5.6,11.05,20.43,12.93,4.0,9.31,16.0,0.5,0.5,0.4,-8.99,-3.72,-1.1,-4.98,4.0,5.43,16.0,0.5,0.5,0.4,-10.12,-0.16,13.24,1.48,4.0,15.62,16.0,0.5,0.5,0.4,1000.3,1003.1,1005.9,1003.1,2.0,5.8,10.0,0.5,0.6,0.5,,,,,,,,,,,,,,,,,,,,,,,,,,,,,,,,,,,,,,,,,,,,,,,,,,,,,,,,,,,,,,,,,,,,,,,,,,,,,,,,,,,,,,,,,,,,,,,,,,,,,,,,,,,,,,,,,,,,,,,,,,,,,,,,,,,,,,,,,,,,,,,,,,,,,,
1974,2,353.0,64.0,,,,,,,,,,,,,,,,,,,,,,,,,,,,,,,,,,,,,,,,2.0,2.0,2.0,2.0,1.0,0.0,20.0,0.0,0.4,0.5,1.97,1.97,1.97,1.97,1.0,0.0,20.0,0.0,0.4,0.5,0.35,0.35,0.35,0.35,1.0,0.0,20.0,0.0,0.4,0.5,1016.2,1016.2,1016.2,1016.2,1.0,0.0,20.0,0.0,0.4,0.5,,,,,,,,,,,,,,,,,,,,,,,,,,,,,,,,,,,,,,,,,,,,,,,,,,,,,,,,,,,,,,,,,,,,,,,,,,,,,,,,,,,,,,,,,,,,,,,,,,,,,,,,,,,,,,,,,,,,,,,,,,,,,,,,,,,,,,,,,,,,,,,,,,,,,,
1974,2,353.0,65.0,,,,,,,,,,,,,,,,,,,,,,,,,,,,,,,,,,,,,,,,13.0,13.0,13.0,13.0,1.0,0.0,12.0,0.0,0.5,0.4,-11.26,-11.26,-11.26,-11.26,1.0,0.0,12.0,0.0,0.5,0.4,-6.5,-6.5,-6.5,-6.5,1.0,0.0,12.0,0.0,0.5,0.4,972.2,972.2,972.2,972.2,1.0,0.0,12.0,0.0,0.5,0.4,,,,,,,,,,,,,,,,,,,,,,,,,,,,,,,,,,,,,,,,,,,,,,,,,,,,,,,,,,,,,,,,,,,,,,,,,,,,,,,,,,,,,,,,,,,,,,,,,,,,,,,,,,,,,,,,,,,,,,,,,,,,,,,,,,,,,,,,,,,,,,,,,,,,,,
1974,2,353.0,66.0,,,,,,,,,,,,,,,,,,,,,,,,,,,,,,,,,,,,,,,,8.0,8.0,8.0,8.0,1.0,0.0,4.0,0.0,0.2,0.1,-6.93,-6.93,-6.93,-6.93,1.0,0.0,4.0,0.0,0.2,0.1,-4.0,-4.0,-4.0,-4.0,1.0,0.0,4.0,0.0,0.2,0.1,1007.8,1007.8,1007.8,1007.8,1.0,0.0,4.0,0.0,0.2,0.1,,,,,,,,,,,,,,,,,,,,,,,,,,,,,,,,,,,,,,,,,,,,,,,,,,,,,,,,,,,,,,,,,,,,,,,,,,,,,,,,,,,,,,,,,,,,,,,,,,,,,,,,,,,,,,,,,,,,,,,,,,,,,,,,,,,,,,,,,,,,,,,,,,,,,,
1974,2,353.0,70.0,,,,,,,,,,,,,,,,,,,,,,,,,,,,,,,,,,,,,,,,6.2,6.2,6.2,6.2,1.0,0.0,18.0,1.0,0.3,0.2,6.2,6.2,6.2,6.2,1.0,0.0,18.0,1.0,0.3,0.2,0.0,0.0,0.0,0.0,1.0,0.0,18.0,1.0,0.3,0.2,1015.0,1015.0,1015.0,1015.0,1.0,0.0,18.0,1.0,0.3,0.2,,,,,,,,,,,,,,,,,,,,,,,,,,,,,,,,,,,,,,,,,,,,,,,,,,,,,,,,,,,,,,,,,,,,,,,,,,,,,,,,,,,,,,,,,,,,,,,,,,,,,,,,,,,,,,,,,,,,,,,,,,,,,,,,,,,,,,,,,,,,,,,,,,,,,,
1974,2,353.0,71.0,-0.5,-0.5,-0.5,-0.5,1.0,0.0,18.0,0.0,0.8,0.1,0.0,0.0,0.0,0.0,1.0,0.0,18.0,0.0,0.8,0.1,2.8,2.8,2.8,2.8,1.0,0.0,18.0,0.0,0.8,0.1,74.4,74.4,74.4,74.4,1.0,0.0,18.0,0.0,0.1,7.2,7.2,7.2,7.2,1.0,0.0,18.0,0.0,0.8,0.1,-3.6,-3.6,-3.6,-3.6,1.0,0.0,18.0,0.0,0.8,0.1,6.24,6.24,6.24,6.24,1.0,0.0,18.0,0.0,0.8,0.1,1016.8,1016.8,1016.8,1016.8,1.0,0.0,18.0,0.0,0.8,0.1,8.0,8.0,8.0,8.0,1.0,0.0,18.0,0.0,0.8,0.1,-25.9,-25.9,-25.9,-25.9,1.0,0.0,18.0,0.0,0.8,0.1,44.9,44.9,44.9,44.9,1.0,0.0,18.0,0.0,0.8,0.1,-0.5,-0.5,-0.5,-0.5,1.0,0.0,18.0,0.0,0.8,0.1,-3.6,-3.6,-3.6,-3.6,1.0,0.0,18.0,0.0,0.8,0.1,0.83,0.83,0.83,0.83,1.0,0.0,18.0,0.0,0.8,0.1,6.0,6.0,6.0,6.0,1.0,0.0,18.0,0.0,0.8,0.1,0.0,0.0,0.0,0.0,1.0,0.0,18.0,0.0,0.8,0.1,0.0,0.0,0.0,0.0,1.0,0.0,18.0,0.0,0.8,0.1,-10.1,-10.1,-10.1,-10.1,1.0,0.0,18.0,0.0,0.8,0.1,17.5,17.5,17.5,17.5,1.0,0.0,18.0,0.0,0.8,0.1,-3.0,-3.0,-3.0,-3.0,1.0,0.0,18.0,0.0,0.8,0.1,5.2,5.2,5.2,5.2,1.0,0.0,18.0,0.0,0.8,0.1,373.0,373.0,373.0,373.0,1.0,0.0,18.0,0.0,0.8,0.1,375.0,375.0,375.0,375.0,1.0,0.0,18.0,0.0,0.8,0.1
1974,2,353.0,74.0,,,,,,,,,,,,,,,,,,,,,,,,,,,,,,,,,,,,,,,,6.94,7.45,7.96,7.45,2.0,1.06,28.0,0.5,0.9,0.3,-2.4,1.25,4.9,1.25,2.0,7.56,28.0,0.5,0.9,0.3,-6.16,-4.13,-2.11,-4.13,2.0,4.2,28.0,0.5,0.9,0.3,1006.45,1008.5,1010.41,1008.43,3.0,2.9,28.0,0.7,0.7,0.4,,,,,,,,,,,,,,,,,,,,,,,,,,,,,,,,,,,,,,,,,,,,,,,,,,,,,,,,,,,,,,,,,,,,,,,,,,,,,,,,,,,,,,,,,,,,,,,,,,,,,,,,,,,,,,,,,,,,,,,,,,,,,,,,,,,,,,,,,,,,,,,,,,,,,,
1974,2,354.0,-70.0,0.0,0.0,0.0,0.0,1.0,0.0,4.0,1.0,0.8,0.2,-0.6,-0.6,-0.6,-0.6,1.0,0.0,4.0,1.0,0.8,0.2,3.59,3.59,3.59,3.59,1.0,0.0,4.0,1.0,0.8,0.2,96.4,96.4,96.4,96.4,1.0,0.0,4.0,1.0,0.2,11.8,11.8,11.8,11.8,1.0,0.0,4.0,1.0,0.8,0.2,-11.62,-11.62,-11.62,-11.62,1.0,0.0,4.0,1.0,0.8,0.2,2.05,2.05,2.05,2.05,1.0,0.0,4.0,1.0,0.8,0.2,983.2,983.2,983.2,983.2,1.0,0.0,4.0,1.0,0.8,0.2,8.0,8.0,8.0,8.0,1.0,0.0,4.0,1.0,0.8,0.2,-137.1,-137.1,-137.1,-137.1,1.0,0.0,4.0,1.0,0.8,0.2,24.2,24.2,24.2,24.2,1.0,0.0,4.0,1.0,0.8,0.2,0.6,0.6,0.6,0.6,1.0,0.0,4.0,1.0,0.8,0.2,7.1,7.1,7.1,7.1,1.0,0.0,4.0,1.0,0.8,0.2,0.3,0.3,0.3,0.3,1.0,0.0,4.0,1.0,0.8,0.2,3.5,3.5,3.5,3.5,1.0,0.0,4.0,1.0,0.8,0.2,7.0,7.0,7.0,7.0,1.0,0.0,4.0,1.0,0.8,0.2,-1.2,-1.2,-1.2,-1.2,1.0,0.0,4.0,1.0,0.8,0.2,-41.7,-41.7,-41.7,-41.7,1.0,0.0,4.0,1.0,0.8,0.2,7.4,7.4,7.4,7.4,1.0,0.0,4.0,1.0,0.8,0.2,-3.5,-3.5,-3.5,-3.5,1.0,0.0,4.0,1.0,0.8,0.2,0.6,0.6,0.6,0.6,1.0,0.0,4.0,1.0,0.8,0.2,1643.0,1643.0,1643.0,1643.0,1.0,0.0,4.0,1.0,0.8,0.2,1645.0,1645.0,1645.0,1645.0,1.0,0.0,4.0,1.0,0.8,0.2
1974,2,354.0,-36.0,20.54,20.85,21.16,20.85,2.0,0.64,16.0,1.0,0.8,1.0,19.46,20.45,21.44,20.45,2.0,2.05,16.0,1.0,0.8,1.0,10.13,10.55,10.97,10.55,2.0,0.86,16.0,1.0,0.8,1.0,69.1,70.8,72.4,70.8,2.0,3.5,16.0,1.0,1.0,7.02,7.7,8.38,7.7,2.0,1.41,16.0,1.0,0.8,1.0,-4.0,0.94,5.88,0.94,2.0,10.23,16.0,1.0,0.8,1.0,-1.46,0.34,2.14,0.34,2.0,3.72,16.0,1.0,0.8,1.0,1012.0,1013.95,1015.9,1013.95,2.0,4.03,16.0,1.0,0.8,1.0,3.8,5.5,7.2,5.5,2.0,3.5,16.0,1.0,0.8,1.0,-24.2,14.5,53.1,14.5,2.0,80.1,16.0,1.0,0.8,1.0,-8.8,5.3,19.3,5.3,2.0,29.2,16.0,1.0,0.8,1.0,-0.28,0.4,1.08,0.4,2.0,1.41,16.0,1.0,0.8,1.0,-2.9,2.1,7.1,2.1,2.0,10.3,16.0,1.0,0.8,1.0,4.68,4.78,4.87,4.78,2.0,0.2,16.0,1.0,0.8,1.0,34.1,36.6,39.2,36.6,2.0,5.2,16.0,1.0,0.8,1.0,-72.2,29.7,131.6,29.7,2.0,211.2,16.0,1.0,0.8,1.0,-26.3,10.8,47.9,10.8,2.0,76.9,16.0,1.0,0.8,1.0,-38.2,14.3,66.8,14.3,2.0,108.8,16.0,1.0,0.8,1.0,-13.9,5.2,24.3,5.2,2.0,39.6,16.0,1.0,0.8,1.0,-20.0,3.5,27.0,3.5,2.0,48.7,16.0,1.0,0.8,1.0,-7.3,1.3,9.8,1.3,2.0,17.7,16.0,1.0,0.8,1.0,357.5,479.5,601.5,479.5,2.0,253.0,16.0,1.0,0.8,1.0,360.0,480.0,600.0,480.0,2.0,255.0,16.0,1.0,0.8,1.0
1974,2,354.0,-34.0,20.0,20.0,20.0,20.0,1.0,0.0,6.0,1.0,0.5,0.5,19.8,19.8,19.8,19.8,1.0,0.0,6.0,1.0,0.5,0.5,12.28,12.28,12.28,12.28,1.0,0.0,6.0,1.0,0.5,0.5,86.6,86.6,86.6,86.6,1.0,0.0,6.0,1.0,0.5,2.6,2.6,2.6,2.6,1.0,0.0,6.0,1.0,0.5,0.5,-0.89,-0.89,-0.89,-0.89,1.0,0.0,6.0,1.0,0.5,0.5,2.44,2.44,2.44,2.44,1.0,0.0,6.0,1.0,0.5,0.5,1024.8,1024.8,1024.8,1024.8,1.0,0.0,6.0,1.0,0.5,0.5,5.0,5.0,5.0,5.0,1.0,0.0,6.0,1.0,0.5,0.5,-2.3,-2.3,-2.3,-2.3,1.0,0.0,6.0,1.0,0.5,0.5,6.4,6.4,6.4,6.4,1.0,0.0,6.0,1.0,0.5,0.5,0.2,0.2,0.2,0.2,1.0,0.0,6.0,1.0,0.5,0.5,0.5,0.5,0.5,0.5,1.0,0.0,6.0,1.0,0.5,0.5,2.1,2.1,2.1,2.1,1.0,0.0,6.0,1.0,0.5,0.5,5.5,5.5,5.5,5.5,1.0,0.0,6.0,1.0,0.5,0.5,-17.6,-17.6,-17.6,-17.6,1.0,0.0,6.0,1.0,0.5,0.5,48.4,48.4,48.4,48.4,1.0,0.0,6.0,1.0,0.5,0.5,-10.9,-10.9,-10.9,-10.9,1.0,0.0,6.0,1.0,0.5,0.5,30.0,30.0,30.0,30.0,1.0,0.0,6.0,1.0,0.5,0.5,-1.9,-1.9,-1.9,-1.9,1.0,0.0,6.0,1.0,0.5,0.5,5.1,5.1,5.1,5.1,1.0,0.0,6.0,1.0,0.5,0.5,17.5,17.5,17.5,17.5,1.0,0.0,6.0,1.0,0.5,0.5,20.0,20.0,20.0,20.0,1.0,0.0,6.0,1.0,0.5,0.5
1974,2,354.0,-33.0,23.0,23.0,23.0,23.0,1.0,0.0,10.0,1.0,0.7,0.6,20.1,20.1,20.1,20.1,1.0,0.0,10.0,1.0,0.7,0.6,10.46,10.46,10.46,10.46,1.0,0.0,10.0,1.0,0.7,0.6,72.5,72.5,72.5,72.5,1.0,0.0,10.0,1.0,0.6,3.6,3.6,3.6,3.6,1.0,0.0,10.0,1.0,0.7,0.6,-3.55,-3.55,-3.55,-3.55,1.0,0.0,10.0,1.0,0.7,0.6,0.63,0.63,0.63,0.63,1.0,0.0,10.0,1.0,0.7,0.6,1024.7,1024.7,1024.7,1024.7,1.0,0.0,10.0,1.0,0.7,0.6,8.0,8.0,8.0,8.0,1.0,0.0,10.0,1.0,0.7,0.6,-12.8,-12.8,-12.8,-12.8,1.0,0.0,10.0,1.0,0.7,0.6,2.3,2.3,2.3,2.3,1.0,0.0,10.0,1.0,0.7,0.6,2.9,2.9,2.9,2.9,1.0,0.0,10.0,1.0,0.7,0.6,10.4,10.4,10.4,10.4,1.0,0.0,10.0,1.0,0.7,0.6,6.85,6.85,6.85,6.85,1.0,0.0,10.0,1.0,0.7,0.6,24.7,24.7,24.7,24.7,1.0,0.0,10.0,1.0,0.7,0.6,-71.3,-71.3,-71.3,-71.3,1.0,0.0,10.0,1.0,0.7,0.6,12.6,12.6,12.6,12.6,1.0,0.0,10.0,1.0,0.7,0.6,-37.1,-37.1,-37.1,-37.1,1.0,0.0,10.0,1.0,0.7,0.6,6.5,6.5,6.5,6.5,1.0,0.0,10.0,1.0,0.7,0.6,-24.3,-24.3,-24.3,-24.3,1.0,0.0,10.0,1.0,0.7,0.6,4.3,4.3,4.3,4.3,1.0,0.0,10.0,1.0,0.7,0.6,46.5,46.5,46.5,46.5,1.0,0.0,10.0,1.0,0.7,0.6,45.0,45.0,45.0,45.0,1.0,0.0,10.0,1.0,0.7,0.6
1974,2,354.0,-31.0,23.31,23.75,24.19,23.75,2.0,0.92,16.0,0.5,0.8,0.6,22.49,23.55,24.61,23.55,2.0,2.19,16.0,0.5,0.8,0.6,14.96,15.39,15.81,15.39,2.0,0.88,16.0,0.5,0.8,0.6,78.8,86.7,94.5,86.7,2.0,16.3,16.0,0.5,0.6,0.75,1.3,1.85,1.3,2.0,1.13,16.0,0.5,0.8,0.6,0.47,0.93,1.39,0.93,2.0,0.96,16.0,0.5,0.8,0.6,0.58,0.89,1.2,0.89,2.0,0.65,16.0,0.5,0.8,0.6,1022.82,1022.85,1022.88,1022.85,2.0,0.07,16.0,0.5,0.8,0.6,4.0,4.0,4.0,4.0,1.0,0.0,16.0,1.0,0.5,0.8,0.6,1.8,2.9,1.8,2.0,2.3,16.0,0.5,0.8,0.6,0.6,1.5,2.4,1.5,2.0,1.9,16.0,0.5,0.8,0.6,-0.41,0.2,0.81,0.2,2.0,1.27,16.0,0.5,0.8,0.6,-1.1,-0.5,0.2,-0.5,2.0,1.4,16.0,0.5,0.8,0.6,1.86,2.78,3.69,2.78,2.0,1.89,16.0,0.5,0.8,0.6,2.0,4.7,7.4,4.7,2.0,5.6,16.0,0.5,0.8,0.6,11.0,22.9,34.8,22.9,2.0,24.7,16.0,0.5,0.8,0.6,13.4,21.7,30.0,21.7,2.0,17.2,16.0,0.5,0.8,0.6,7.1,13.9,20.6,13.9,2.0,14.0,16.0,0.5,0.8,0.6,9.0,13.4,17.9,13.4,2.0,9.2,16.0,0.5,0.8,0.6,1.4,3.5,5.6,3.5,2.0,4.4,16.0,0.5,0.8,0.6,1.4,3.1,4.8,3.1,2.0,3.5,16.0,0.5,0.8,0.6,1.5,4.5,8.0,4.5,2.0,6.5,16.0,0.5,0.8,0.6,0.0,5.0,10.0,5.0,2.0,5.0,16.0,0.5,0.8,0.6
1974,2,354.0,-30.0,23.3,23.95,24.6,23.95,2.0,1.34,14.0,1.0,0.4,0.8,23.13,23.2,23.27,23.2,2.0,0.14,14.0,1.0,0.4,0.8,12.6,12.95,13.3,12.95,2.0,0.73,14.0,1.0,0.4,0.8,71.4,73.8,76.1,73.8,2.0,4.9,14.0,1.0,0.8,3.0,3.85,4.7,3.85,2.0,1.77,14.0,1.0,0.4,0.8,-4.12,-3.49,-2.86,-3.49,2.0,1.31,14.0,1.0,0.4,0.8,0.02,1.05,2.07,1.05,2.0,2.12,14.0,1.0,0.4,0.8,1018.58,1019.6,1020.62,1019.6,2.0,2.12,14.0,1.0,0.4,0.8,1.0,1.0,1.0,1.0,2.0,0.0,14.0,1.0,0.4,0.8,-20.0,-14.6,-9.2,-14.6,2.0,11.2,14.0,1.0,0.4,0.8,1.1,5.9,10.8,5.9,2.0,10.0,14.0,1.0,0.4,0.8,0.03,0.75,1.47,0.75,2.0,1.48,14.0,1.0,0.4,0.8,-0.5,1.6,3.7,1.6,2.0,4.4,14.0,1.0,0.4,0.8,5.15,5.51,5.87,5.51,2.0,0.74,14.0,1.0,0.4,0.8,17.2,20.6,23.9,20.6,2.0,6.9,14.0,1.0,0.4,0.8,-96.0,-81.0,-66.1,-81.0,2.0,30.9,14.0,1.0,0.4,0.8,0.7,24.5,48.3,24.5,2.0,49.4,14.0,1.0,0.4,0.8,-51.7,-44.7,-37.7,-44.7,2.0,14.5,14.0,1.0,0.4,0.8,-0.1,12.8,25.7,12.8,2.0,26.7,14.0,1.0,0.4,0.8,-21.0,-18.7,-16.5,-18.7,2.0,4.6,14.0,1.0,0.4,0.8,-0.3,5.0,10.3,5.0,2.0,10.9,14.0,1.0,0.4,0.8,36.0,75.0,114.5,75.0,2.0,81.5,14.0,1.0,0.4,0.8,35.0,75.0,115.0,75.0,2.0,80.0,14.0,1.0,0.4,0.8
1974,2,354.0,-28.0,23.7,23.7,23.7,23.7,1.0,0.0,4.0,1.0,0.8,1.0,22.3,22.3,22.3,22.3,1.0,0.0,4.0,1.0,0.8,1.0,14.88,14.88,14.88,14.88,1.0,0.0,4.0,1.0,0.8,1.0,89.0,89.0,89.0,89.0,1.0,0.0,4.0,1.0,1.0,5.1,5.1,5.1,5.1,1.0,0.0,4.0,1.0,0.8,1.0,-3.28,-3.28,-3.28,-3.28,1.0,0.0,4.0,1.0,0.8,1.0,3.91,3.91,3.91,3.91,1.0,0.0,4.0,1.0,0.8,1.0,1015.3,1015.3,1015.3,1015.3,1.0,0.0,4.0,1.0,0.8,1.0,8.0,8.0,8.0,8.0,1.0,0.0,4.0,1.0,0.8,1.0,-16.7,-16.7,-16.7,-16.7,1.0,0.0,4.0,1.0,0.8,1.0,19.9,19.9,19.9,19.9,1.0,0.0,4.0,1.0,0.8,1.0,1.4,1.4,1.4,1.4,1.0,0.0,4.0,1.0,0.8,1.0,7.1,7.1,7.1,7.1,1.0,0.0,4.0,1.0,0.8,1.0,3.36,3.36,3.36,3.36,1.0,0.0,4.0,1.0,0.8,1.0,17.1,17.1,17.1,17.1,1.0,0.0,4.0,1.0,0.8,1.0,-73.1,-73.1,-73.1,-73.1,1.0,0.0,4.0,1.0,0.8,1.0,87.1,87.1,87.1,87.1,1.0,0.0,4.0,1.0,0.8,1.0,-48.8,-48.8,-48.8,-48.8,1.0,0.0,4.0,1.0,0.8,1.0,58.1,58.1,58.1,58.1,1.0,0.0,4.0,1.0,0.8,1.0,-11.0,-11.0,-11.0,-11.0,1.0,0.0,4.0,1.0,0.8,1.0,13.1,13.1,13.1,13.1,1.0,0.0,4.0,1.0,0.8,1.0,132.5,132.5,132.5,132.5,1.0,0.0,4.0,1.0,0.8,1.0,135.0,135.0,135.0,135.0,1.0,0.0,4.0,1.0,0.8,1.0
1974,2,354.0,-27.0,24.5,24.5,24.5,24.5,1.0,0.0,16.0,1.0,0.5,0.5,23.3,23.3,23.3,23.3,1.0,0.0,16.0,1.0,0.5,0.5,13.13,13.13,13.13,13.13,1.0,0.0,16.0,1.0,0.5,0.5,74.4,74.4,74.4,74.4,1.0,0.0,16.0,1.0,0.5,5.1,5.1,5.1,5.1,1.0,0.0,16.0,1.0,0.5,0.5,-5.02,-5.02,-5.02,-5.02,1.0,0.0,16.0,1.0,0.5,0.5,0.89,0.89,0.89,0.89,1.0,0.0,16.0,1.0,0.5,0.5,1020.7,1020.7,1020.7,1020.7,1.0,0.0,16.0,1.0,0.5,0.5,4.0,4.0,4.0,4.0,1.0,0.0,16.0,1.0,0.5,0.5,-25.6,-25.6,-25.6,-25.6,1.0,0.0,16.0,1.0,0.5,0.5,4.5,4.5,4.5,4.5,1.0,0.0,16.0,1.0,0.5,0.5,1.2,1.2,1.2,1.2,1.0,0.0,16.0,1.0,0.5,0.5,6.1,6.1,6.1,6.1,1.0,0.0,16.0,1.0,0.5,0.5,5.91,5.91,5.91,5.91,1.0,0.0,16.0,1.0,0.5,0.5,30.1,30.1,30.1,30.1,1.0,0.0,16.0,1.0,0.5,0.5,-117.0,-117.0,-117.0,-117.0,1.0,0.0,16.0,1.0,0.5,0.5,20.6,20.6,20.6,20.6,1.0,0.0,16.0,1.0,0.5,0.5,-66.0,-66.0,-66.0,-66.0,1.0,0.0,16.0,1.0,0.5,0.5,11.6,11.6,11.6,11.6,1.0,0.0,16.0,1.0,0.5,0.5,-29.7,-29.7,-29.7,-29.7,1.0,0.0,16.0,1.0,0.5,0.5,5.2,5.2,5.2,5.2,1.0,0.0,16.0,1.0,0.5,0.5,132.5,132.5,132.5,132.5,1.0,0.0,16.0,1.0,0.5,0.5,135.0,135.0,135.0,135.0,1.0,0.0,16.0,1.0,0.5,0.5
1974,2,354.0,-26.0,23.9,23.9,23.9,23.9,1.0,0.0,18.0,0.0,0.7,0.8,22.2,22.2,22.2,22.2,1.0,0.0,18.0,0.0,0.7,0.8,13.57,13.57,13.57,13.57,1.0,0.0,18.0,0.0,0.7,0.8,82.1,82.1,82.1,82.1,1.0,0.0,18.0,0.0,0.8,6.2,6.2,6.2,6.2,1.0,0.0,18.0,0.0,0.7,0.8,-6.11,-6.11,-6.11,-6.11,1.0,0.0,18.0,0.0,0.7,0.8,1.08,1.08,1.08,1.08,1.0,0.0,18.0,0.0,0.7,0.8,1019.3,1019.3,1019.3,1019.3,1.0,0.0,18.0,0.0,0.7,0.8,4.0,4.0,4.0,4.0,1.0,0.0,18.0,0.0,0.7,0.8,-37.9,-37.9,-37.9,-37.9,1.0,0.0,18.0,0.0,0.7,0.8,6.7,6.7,6.7,6.7,1.0,0.0,18.0,0.0,0.7,0.8,1.7,1.7,1.7,1.7,1.0,0.0,18.0,0.0,0.7,0.8,10.5,10.5,10.5,10.5,1.0,0.0,18.0,0.0,0.7,0.8,4.81,4.81,4.81,4.81,1.0,0.0,18.0,0.0,0.7,0.8,29.8,29.8,29.8,29.8,1.0,0.0,18.0,0.0,0.7,0.8,-135.5,-135.5,-135.5,-135.5,1.0,0.0,18.0,0.0,0.7,0.8,23.9,23.9,23.9,23.9,1.0,0.0,18.0,0.0,0.7,0.8,-82.9,-82.9,-82.9,-82.9,1.0,0.0,18.0,0.0,0.7,0.8,14.6,14.6,14.6,14.6,1.0,0.0,18.0,0.0,0.7,0.8,-29.4,-29.4,-29.4,-29.4,1.0,0.0,18.0,0.0,0.7,0.8,5.2,5.2,5.2,5.2,1.0,0.0,18.0,0.0,0.7,0.8,238.5,238.5,238.5,238.5,1.0,0.0,18.0,0.0,0.7,0.8,240.0,240.0,240.0,240.0,1.0,0.0,18.0,0.0,0.7,0.8
1974,2,354.0,-24.0,22.72,23.4,25.17,23.92,5.0,2.02,20.0,0.8,0.5,0.4,23.33,23.6,24.37,23.86,5.0,0.79,20.0,0.8,0.5,0.4,13.35,13.72,14.03,13.69,4.0,0.48,20.0,0.8,0.5,0.4,72.9,74.5,76.0,74.4,4.0,2.3,20.0,0.8,0.4,4.06,6.2,8.3,5.98,6.0,2.46,20.0,0.7,0.6,0.4,-7.32,-5.78,-3.79,-5.48,6.0,2.27,20.0,0.7,0.6,0.4,0.79,2.27,3.31,2.12,6.0,1.53,20.0,0.7,0.6,0.4,1015.72,1017.8,1018.98,1017.4,5.0,2.17,20.0,0.8,0.5,0.4,0.0,2.0,7.2,3.2,6.0,3.5,20.0,0.7,0.6,0.4,-60.9,-35.9,-16.5,-37.4,6.0,24.7,20.0,0.7,0.6,0.4,1.6,13.2,27.5,14.7,6.0,13.7,20.0,0.7,0.6,0.4,-2.01,0.2,1.64,0.06,5.0,2.4,20.0,0.8,0.5,0.4,-14.1,0.8,9.7,-0.7,5.0,16.0,20.0,0.8,0.5,0.4,2.95,4.16,6.83,4.86,4.0,2.74,20.0,0.8,0.5,0.4,20.8,31.8,48.0,34.3,4.0,16.3,20.0,0.8,0.5,0.4,-177.0,-145.1,-100.8,-136.1,5.0,57.3,20.0,0.8,0.5,0.4,15.0,69.0,85.4,53.7,5.0,40.6,20.0,0.8,0.5,0.4,-102.2,-91.2,-80.8,-91.5,4.0,13.3,20.0,0.8,0.5,0.4,18.5,41.6,50.4,34.8,4.0,24.3,20.0,0.8,0.5,0.4,-46.8,-29.0,-18.0,-32.3,4.0,17.5,20.0,0.8,0.5,0.4,4.7,10.4,12.7,8.8,4.0,6.1,20.0,0.8,0.5,0.4,79.0,238.5,573.5,298.5,6.0,255.0,20.0,0.7,0.6,0.4,80.0,240.0,575.0,300.0,6.0,255.0,20.0,0.7,0.6,0.4
1974,2,354.0,-23.0,,,,,,,,,,,,,,,,,,,,,,,,,,,,,,,,,,,,,,,,11.8,11.8,11.8,11.8,1.0,0.0,10.0,0.0,0.1,0.8,-11.09,-11.09,-11.09,-11.09,1.0,0.0,10.0,0.0,0.1,0.8,4.04,4.04,4.04,4.04,1.0,0.0,10.0,0.0,0.1,0.8,1018.0,1018.0,1018.0,1018.0,1.0,0.0,10.0,0.0,0.1,0.8,,,,,,,,,,,,,,,,,,,,,,,,,,,,,,,,,,,,,,,,,,,,,,,,,,,,,,,,,,,,,,,,,,,,,,,,,,,,,,,,,,,,,,,,,,,,,,,,,,,,,,,,,,,,,,,,,,,,,,,,,,,,,,,,,,,,,,,,,,,,,,,,,,,,,,
1974,2,354.0,-22.0,23.2,23.8,24.42,23.77,6.0,0.66,14.0,0.7,0.6,0.5,22.72,23.15,24.44,23.42,6.0,0.89,14.0,0.7,0.6,0.5,12.7,12.97,16.06,14.12,5.0,1.86,16.0,0.8,0.6,0.6,67.5,73.9,85.5,77.1,6.0,11.5,14.0,0.7,0.5,4.5,5.4,7.3,5.73,6.0,1.51,14.0,0.7,0.6,0.5,-6.32,-3.92,-3.52,-4.63,6.0,1.43,14.0,0.7,0.6,0.5,2.06,3.28,4.04,2.79,6.0,2.16,14.0,0.7,0.6,0.5,1014.05,1015.6,1017.74,1015.82,5.0,2.14,16.0,0.8,0.6,0.6,1.0,3.5,7.0,3.8,6.0,2.9,14.0,0.7,0.6,0.5,-46.2,-20.5,-16.1,-28.2,6.0,15.9,14.0,0.7,0.6,0.5,9.6,19.8,29.5,17.7,6.0,13.7,14.0,0.7,0.6,0.5,-0.12,0.0,0.91,0.35,6.0,0.94,14.0,0.7,0.6,0.5,-0.6,0.0,6.8,3.0,6.0,6.9,14.0,0.7,0.6,0.5,2.73,4.62,5.55,4.29,5.0,1.54,16.0,0.8,0.6,0.6,17.9,25.5,31.8,25.0,5.0,9.1,16.0,0.8,0.6,0.6,-144.6,-92.4,-85.7,-107.7,6.0,30.3,14.0,0.7,0.6,0.5,47.6,77.8,90.8,64.1,6.0,50.1,14.0,0.7,0.6,0.5,-91.4,-55.8,-49.8,-69.2,5.0,26.1,16.0,0.8,0.6,0.6,23.1,46.8,61.2,39.8,5.0,33.1,16.0,0.8,0.6,0.6,-27.0,-18.4,-15.0,-20.5,5.0,8.3,16.0,0.8,0.6,0.6,2.0,10.5,19.8,10.1,5.0,11.9,16.0,0.8,0.6,0.6,91.5,168.0,390.5,222.0,6.0,163.0,14.0,0.7,0.6,0.5,90.0,170.0,390.0,220.0,6.0,165.0,14.0,0.7,0.6,0.5
1974,2,354.0,-21.0,23.96,24.1,24.24,24.1,2.0,0.28,12.0,0.5,0.6,0.6,22.89,23.5,24.11,23.5,2.0,1.27,12.0,0.5,0.6,0.6,12.99,13.38,13.77,13.38,2.0,0.81,12.0,0.5,0.6,0.6,69.8,74.8,79.8,74.8,2.0,10.3,12.0,0.5,0.6,5.93,7.7,9.47,7.7,2.0,3.68,12.0,0.5,0.6,0.6,-7.5,-4.46,-1.42,-4.46,2.0,6.31,12.0,0.5,0.6,0.6,5.11,5.13,5.14,5.13,2.0,0.04,12.0,0.5,0.6,0.6,1014.39,1015.45,1016.51,1015.45,2.0,2.19,12.0,0.5,0.6,0.6,8.0,8.0,8.0,8.0,2.0,0.0,12.0,0.5,0.6,0.6,-77.3,-45.9,-14.6,-45.9,2.0,65.0,12.0,0.5,0.6,0.6,30.3,39.5,48.8,39.5,2.0,19.1,12.0,0.5,0.6,0.6,-0.15,0.6,1.35,0.6,2.0,1.56,12.0,0.5,0.6,0.6,-3.0,1.8,6.5,1.8,2.0,9.8,12.0,0.5,0.6,0.6,5.05,5.3,5.55,5.3,2.0,0.53,12.0,0.5,0.6,0.6,30.4,41.8,53.1,41.8,2.0,23.5,12.0,0.5,0.6,0.6,-183.1,-108.8,-34.5,-108.8,2.0,153.9,12.0,0.5,0.6,0.6,116.9,120.5,124.0,120.5,2.0,7.4,12.0,0.5,0.6,0.6,-96.1,-57.1,-18.1,-57.1,2.0,80.8,12.0,0.5,0.6,0.6,66.8,68.6,70.3,68.6,2.0,3.7,12.0,0.5,0.6,0.6,-42.6,-25.3,-8.0,-25.3,2.0,35.8,12.0,0.5,0.6,0.6,25.8,27.2,28.6,27.2,2.0,2.9,12.0,0.5,0.6,0.6,285.0,612.5,940.5,612.5,2.0,679.0,12.0,0.5,0.6,0.6,285.0,615.0,940.0,615.0,2.0,680.0,12.0,0.5,0.6,0.6
1974,2,354.0,-20.0,23.0,23.0,23.0,23.0,1.0,0.0,6.0,0.0,0.6,0.8,22.5,22.5,22.5,22.5,1.0,0.0,6.0,0.0,0.6,0.8,14.44,14.44,14.44,14.44,1.0,0.0,6.0,0.0,0.6,0.8,85.2,85.2,85.2,85.2,1.0,0.0,6.0,0.0,0.8,5.7,5.7,5.7,5.7,1.0,0.0,6.0,0.0,0.6,0.8,-5.36,-5.36,-5.36,-5.36,1.0,0.0,6.0,0.0,0.6,0.8,1.95,1.95,1.95,1.95,1.0,0.0,6.0,0.0,0.6,0.8,1014.0,1014.0,1014.0,1014.0,1.0,0.0,6.0,0.0,0.6,0.8,7.0,7.0,7.0,7.0,1.0,0.0,6.0,0.0,0.6,0.8,-30.5,-30.5,-30.5,-30.5,1.0,0.0,6.0,0.0,0.6,0.8,11.1,11.1,11.1,11.1,1.0,0.0,6.0,0.0,0.6,0.8,0.5,0.5,0.5,0.5,1.0,0.0,6.0,0.0,0.6,0.8,2.9,2.9,2.9,2.9,1.0,0.0,6.0,0.0,0.6,0.8,3.05,3.05,3.05,3.05,1.0,0.0,6.0,0.0,0.6,0.8,17.4,17.4,17.4,17.4,1.0,0.0,6.0,0.0,0.6,0.8,-120.5,-120.5,-120.5,-120.5,1.0,0.0,6.0,0.0,0.6,0.8,43.9,43.9,43.9,43.9,1.0,0.0,6.0,0.0,0.6,0.8,-77.3,-77.3,-77.3,-77.3,1.0,0.0,6.0,0.0,0.6,0.8,28.1,28.1,28.1,28.1,1.0,0.0,6.0,0.0,0.6,0.8,-16.4,-16.4,-16.4,-16.4,1.0,0.0,6.0,0.0,0.6,0.8,6.0,6.0,6.0,6.0,1.0,0.0,6.0,0.0,0.6,0.8,185.0,185.0,185.0,185.0,1.0,0.0,6.0,0.0,0.6,0.8,185.0,185.0,185.0,185.0,1.0,0.0,6.0,0.0,0.6,0.8
1974,2,354.0,-19.0,22.46,22.8,23.14,22.8,2.0,0.71,10.0,1.0,0.7,0.5,24.4,24.4,24.4,24.4,1.0,0.0,10.0,1.0,0.6,0.7,14.17,14.17,14.17,14.17,1.0,0.0,10.0,1.0,0.6,0.7,74.6,74.6,74.6,74.6,1.0,0.0,10.0,1.0,0.7,5.35,6.95,8.55,6.95,2.0,3.32,10.0,1.0,0.7,0.5,-6.72,-5.86,-5.0,-5.86,2.0,1.78,10.0,1.0,0.7,0.5,0.95,2.99,5.03,2.99,2.0,4.23,10.0,1.0,0.7,0.5,1013.96,1014.1,1014.24,1014.1,2.0,0.28,10.0,1.0,0.7,0.5,4.0,4.0,4.0,4.0,2.0,0.0,10.0,1.0,0.7,0.5,-59.1,-43.7,-28.3,-43.7,2.0,31.9,10.0,1.0,0.7,0.5,8.8,27.8,46.8,27.8,2.0,39.3,10.0,1.0,0.7,0.5,-2.1,-2.1,-2.1,-2.1,1.0,0.0,10.0,1.0,0.6,0.7,-19.5,-19.5,-19.5,-19.5,1.0,0.0,10.0,1.0,0.6,0.7,2.59,2.59,2.59,2.59,1.0,0.0,10.0,1.0,0.6,0.7,24.1,24.1,24.1,24.1,1.0,0.0,10.0,1.0,0.6,0.7,-173.8,-173.8,-173.8,-173.8,1.0,0.0,10.0,1.0,0.6,0.7,145.9,145.9,145.9,145.9,1.0,0.0,10.0,1.0,0.6,0.7,-101.0,-101.0,-101.0,-101.0,1.0,0.0,10.0,1.0,0.6,0.7,84.7,84.7,84.7,84.7,1.0,0.0,10.0,1.0,0.6,0.7,-18.4,-18.4,-18.4,-18.4,1.0,0.0,10.0,1.0,0.6,0.7,15.5,15.5,15.5,15.5,1.0,0.0,10.0,1.0,0.6,0.7,209.5,451.0,692.0,451.0,2.0,500.0,10.0,1.0,0.7,0.5,210.0,450.0,690.0,450.0,2.0,500.0,10.0,1.0,0.7,0.5
1974,2,354.0,-18.0,24.48,25.0,25.0,24.75,4.0,0.5,22.0,0.5,0.3,0.6,23.3,23.3,24.61,23.93,4.0,1.25,22.0,0.5,0.3,0.6,13.32,13.64,14.27,13.79,4.0,0.59,22.0,0.5,0.3,0.6,69.6,76.6,80.1,74.9,4.0,7.3,22.0,0.5,0.6,4.84,5.9,6.7,5.78,4.0,1.09,22.0,0.5,0.3,0.6,-6.3,-4.91,-3.4,-4.85,4.0,1.67,22.0,0.5,0.3,0.6,2.29,2.62,3.45,2.86,4.0,0.76,22.0,0.5,0.3,0.6,1011.5,1011.5,1015.95,1013.63,4.0,4.25,22.0,0.5,0.3,0.6,2.9,6.0,7.0,5.0,4.0,2.8,22.0,0.5,0.3,0.6,-42.2,-29.5,-16.5,-29.3,4.0,14.9,22.0,0.5,0.3,0.6,14.4,15.4,17.7,16.1,4.0,2.7,22.0,0.5,0.3,0.6,-0.13,1.7,1.7,0.83,4.0,1.75,22.0,0.5,0.3,0.6,-0.2,10.0,11.4,5.8,4.0,9.5,22.0,0.5,0.3,0.6,5.21,5.55,6.18,5.69,4.0,0.61,22.0,0.5,0.3,0.6,26.7,32.5,39.4,33.0,4.0,8.3,22.0,0.5,0.3,0.6,-146.7,-118.8,-83.3,-115.2,4.0,36.9,22.0,0.5,0.3,0.6,53.4,64.8,84.0,68.5,4.0,18.5,22.0,0.5,0.3,0.6,-88.0,-65.4,-46.3,-67.1,4.0,24.2,22.0,0.5,0.3,0.6,31.9,36.4,47.3,39.4,4.0,10.7,22.0,0.5,0.3,0.6,-37.0,-26.1,-18.7,-27.8,4.0,10.9,22.0,0.5,0.3,0.6,13.3,15.1,19.3,16.3,4.0,4.7,22.0,0.5,0.3,0.6,114.0,216.5,301.0,208.0,4.0,108.0,22.0,0.5,0.3,0.6,115.0,215.0,300.0,210.0,4.0,110.0,22.0,0.5,0.3,0.6
1974,2,354.0,-17.0,21.5,21.5,25.05,23.23,3.0,3.0,18.0,0.7,0.7,0.5,24.1,25.4,26.29,25.2,3.0,1.61,18.0,0.7,0.7,0.5,13.45,14.27,15.09,14.27,2.0,1.7,16.0,0.5,0.6,0.4,73.9,76.6,89.0,81.4,3.0,11.8,18.0,0.7,0.5,6.33,7.7,8.79,7.57,3.0,1.8,18.0,0.7,0.7,0.5,-7.67,-5.36,-5.08,-6.35,3.0,2.08,18.0,0.7,0.7,0.5,2.34,3.18,5.04,3.68,3.0,2.02,18.0,0.7,0.7,0.5,1013.13,1013.4,1013.67,1013.4,2.0,0.57,16.0,0.5,0.6,0.4,6.6,8.0,8.0,7.3,3.0,1.2,18.0,0.7,0.7,0.5,-67.6,-38.1,-32.9,-50.0,3.0,27.4,18.0,0.7,0.7,0.5,17.0,29.6,40.4,28.7,3.0,17.2,18.0,0.7,0.7,0.5,-3.3,-2.0,-0.63,-1.97,3.0,1.95,18.0,0.7,0.7,0.5,-28.4,-11.4,-3.6,-15.9,3.0,18.5,18.0,0.7,0.7,0.5,0.87,1.69,2.51,1.69,2.0,1.7,16.0,0.5,0.6,0.4,6.4,10.5,14.6,10.5,2.0,8.5,16.0,0.5,0.6,0.4,-193.5,-132.2,-127.9,-160.0,3.0,53.8,18.0,0.7,0.7,0.5,56.9,80.8,133.1,94.7,3.0,57.1,18.0,0.7,0.7,0.5,-124.8,-102.6,-80.3,-102.6,2.0,46.1,16.0,0.5,0.6,0.4,29.2,37.3,45.4,37.3,2.0,16.8,16.0,0.5,0.6,0.4,-13.7,-9.9,-6.0,-9.9,2.0,8.0,16.0,0.5,0.6,0.4,2.2,3.6,5.0,3.6,2.0,2.9,16.0,0.5,0.6,0.4,271.5,456.5,694.0,482.0,3.0,310.5,18.0,0.7,0.7,0.5,270.0,455.0,695.0,480.0,3.0,310.0,18.0,0.7,0.7,0.5
1974,2,354.0,-16.0,24.42,24.9,25.38,24.9,2.0,0.99,18.0,1.0,0.6,0.2,24.08,24.25,24.42,24.25,2.0,0.35,18.0,1.0,0.6,0.2,12.81,13.42,14.03,13.42,2.0,1.26,18.0,1.0,0.6,0.2,68.6,71.0,73.5,71.0,2.0,5.1,18.0,1.0,0.2,6.7,6.7,6.7,6.7,2.0,0.0,18.0,1.0,0.6,0.2,-4.68,-3.71,-2.74,-3.71,2.0,2.01,18.0,1.0,0.6,0.2,4.62,5.3,5.98,5.3,2.0,1.41,18.0,1.0,0.6,0.2,1010.56,1010.7,1010.84,1010.7,2.0,0.28,18.0,1.0,0.6,0.2,2.8,4.5,6.2,4.5,2.0,3.5,18.0,1.0,0.6,0.2,-31.4,-24.9,-18.4,-24.9,2.0,13.5,18.0,1.0,0.6,0.2,31.0,35.5,40.1,35.5,2.0,9.4,18.0,1.0,0.6,0.2,0.34,0.65,0.96,0.65,2.0,0.64,18.0,1.0,0.6,0.2,2.3,4.4,6.4,4.4,2.0,4.3,18.0,1.0,0.6,0.2,6.26,6.3,6.34,6.3,2.0,0.07,18.0,1.0,0.6,0.2,42.0,42.2,42.5,42.2,2.0,0.5,18.0,1.0,0.6,0.2,-112.5,-89.7,-66.8,-89.7,2.0,47.4,18.0,1.0,0.6,0.2,111.4,128.8,146.2,128.8,2.0,36.0,18.0,1.0,0.6,0.2,-59.3,-48.5,-37.8,-48.5,2.0,22.3,18.0,1.0,0.6,0.2,59.7,72.0,84.3,72.0,2.0,25.6,18.0,1.0,0.6,0.2,-29.7,-23.5,-17.2,-23.5,2.0,12.9,18.0,1.0,0.6,0.2,29.3,33.3,37.4,33.3,2.0,8.5,18.0,1.0,0.6,0.2,301.0,301.0,301.0,301.0,2.0,0.0,18.0,1.0,0.6,0.2,300.0,300.0,300.0,300.0,2.0,0.0,18.0,1.0,0.6,0.2
1974,2,354.0,-15.0,26.0,26.0,26.0,26.0,1.0,0.0,8.0,1.0,0.4,0.5,26.4,26.4,26.4,26.4,1.0,0.0,8.0,1.0,0.4,0.5,16.21,16.21,16.21,16.21,1.0,0.0,8.0,1.0,0.4,0.5,75.4,75.4,75.4,75.4,1.0,0.0,8.0,1.0,0.5,4.1,4.1,4.1,4.1,1.0,0.0,8.0,1.0,0.4,0.5,-3.14,-3.14,-3.14,-3.14,1.0,0.0,8.0,1.0,0.4,0.5,2.64,2.64,2.64,2.64,1.0,0.0,8.0,1.0,0.4,0.5,1010.0,1010.0,1010.0,1010.0,1.0,0.0,8.0,1.0,0.4,0.5,2.0,2.0,2.0,2.0,1.0,0.0,8.0,1.0,0.4,0.5,-12.9,-12.9,-12.9,-12.9,1.0,0.0,8.0,1.0,0.4,0.5,10.8,10.8,10.8,10.8,1.0,0.0,8.0,1.0,0.4,0.5,-0.4,-0.4,-0.4,-0.4,1.0,0.0,8.0,1.0,0.4,0.5,-1.6,-1.6,-1.6,-1.6,1.0,0.0,8.0,1.0,0.4,0.5,4.85,4.85,4.85,4.85,1.0,0.0,8.0,1.0,0.4,0.5,19.9,19.9,19.9,19.9,1.0,0.0,8.0,1.0,0.4,0.5,-82.9,-82.9,-82.9,-82.9,1.0,0.0,8.0,1.0,0.4,0.5,69.6,69.6,69.6,69.6,1.0,0.0,8.0,1.0,0.4,0.5,-50.9,-50.9,-50.9,-50.9,1.0,0.0,8.0,1.0,0.4,0.5,42.7,42.7,42.7,42.7,1.0,0.0,8.0,1.0,0.4,0.5,-15.2,-15.2,-15.2,-15.2,1.0,0.0,8.0,1.0,0.4,0.5,12.8,12.8,12.8,12.8,1.0,0.0,8.0,1.0,0.4,0.5,69.0,69.0,69.0,69.0,1.0,0.0,8.0,1.0,0.4,0.5,70.0,70.0,70.0,70.0,1.0,0.0,8.0,1.0,0.4,0.5
1974,2,354.0,-13.0,,,,,,,,,,,,,,,,,,,,,,,,,,,,,,,,,,,,,,,,3.1,3.1,3.1,3.1,1.0,0.0,24.0,0.0,0.1,0.3,-2.68,-2.68,-2.68,-2.68,1.0,0.0,24.0,0.0,0.1,0.3,1.55,1.55,1.55,1.55,1.0,0.0,24.0,0.0,0.1,0.3,1009.5,1009.5,1009.5,1009.5,1.0,0.0,24.0,0.0,0.1,0.3,,,,,,,,,,,,,,,,,,,,,,,,,,,,,,,,,,,,,,,,,,,,,,,,,,,,,,,,,,,,,,,,,,,,,,,,,,,,,,,,,,,,,,,,,,,,,,,,,,,,,,,,,,,,,,,,,,,,,,,,,,,,,,,,,,,,,,,,,,,,,,,,,,,,,,
1974,2,354.0,-12.0,25.5,25.5,25.5,25.5,1.0,0.0,12.0,0.0,0.2,0.7,24.2,24.2,24.2,24.2,1.0,0.0,12.0,0.0,0.2,0.7,16.19,16.19,16.19,16.19,1.0,0.0,12.0,0.0,0.2,0.7,85.9,85.9,85.9,85.9,1.0,0.0,12.0,0.0,0.7,3.1,3.1,3.1,3.1,1.0,0.0,12.0,0.0,0.2,0.7,-1.99,-1.99,-1.99,-1.99,1.0,0.0,12.0,0.0,0.2,0.7,2.37,2.37,2.37,2.37,1.0,0.0,12.0,0.0,0.2,0.7,1011.3,1011.3,1011.3,1011.3,1.0,0.0,12.0,0.0,0.2,0.7,8.0,8.0,8.0,8.0,1.0,0.0,12.0,0.0,0.2,0.7,-6.2,-6.2,-6.2,-6.2,1.0,0.0,12.0,0.0,0.2,0.7,7.4,7.4,7.4,7.4,1.0,0.0,12.0,0.0,0.2,0.7,1.3,1.3,1.3,1.3,1.0,0.0,12.0,0.0,0.2,0.7,4.0,4.0,4.0,4.0,1.0,0.0,12.0,0.0,0.2,0.7,4.22,4.22,4.22,4.22,1.0,0.0,12.0,0.0,0.2,0.7,13.1,13.1,13.1,13.1,1.0,0.0,12.0,0.0,0.2,0.7,-48.2,-48.2,-48.2,-48.2,1.0,0.0,12.0,0.0,0.2,0.7,57.5,57.5,57.5,57.5,1.0,0.0,12.0,0.0,0.2,0.7,-32.3,-32.3,-32.3,-32.3,1.0,0.0,12.0,0.0,0.2,0.7,38.5,38.5,38.5,38.5,1.0,0.0,12.0,0.0,0.2,0.7,-8.4,-8.4,-8.4,-8.4,1.0,0.0,12.0,0.0,0.2,0.7,10.0,10.0,10.0,10.0,1.0,0.0,12.0,0.0,0.2,0.7,30.0,30.0,30.0,30.0,1.0,0.0,12.0,0.0,0.2,0.7,30.0,30.0,30.0,30.0,1.0,0.0,12.0,0.0,0.2,0.7
1974,2,354.0,-9.0,25.67,26.7,27.0,26.35,4.0,0.94,16.0,0.3,0.6,0.8,25.49,26.3,27.28,26.38,5.0,1.33,16.0,0.2,0.6,0.8,16.14,16.6,17.06,16.6,2.0,0.95,8.0,0.5,0.5,0.8,79.3,80.5,81.8,80.5,2.0,2.6,8.0,0.5,0.8,2.02,3.6,9.17,5.18,5.0,3.94,16.0,0.2,0.6,0.8,-6.83,-2.31,-1.79,-3.91,5.0,2.88,16.0,0.2,0.6,0.8,0.83,2.76,5.56,3.21,5.0,2.97,16.0,0.2,0.6,0.8,1008.86,1010.2,1012.11,1010.38,5.0,1.78,16.0,0.2,0.6,0.8,1.3,3.0,4.1,2.8,5.0,2.2,16.0,0.2,0.6,0.8,-64.7,-8.3,-4.1,-29.0,5.0,32.9,16.0,0.2,0.6,0.8,2.1,9.9,52.0,25.6,5.0,32.2,16.0,0.2,0.6,0.8,-0.82,0.05,0.56,-0.12,4.0,0.89,16.0,0.3,0.6,0.8,-2.0,0.1,4.4,1.1,4.0,4.3,16.0,0.3,0.6,0.8,3.99,4.13,4.28,4.13,2.0,0.3,8.0,0.5,0.5,0.8,17.9,26.0,34.0,26.0,2.0,16.7,8.0,0.5,0.5,0.8,-180.8,-58.5,-46.5,-102.8,5.0,76.9,16.0,0.2,0.6,0.8,21.5,67.8,147.3,83.9,5.0,78.5,16.0,0.2,0.6,0.8,-115.4,-83.5,-51.7,-83.5,2.0,66.0,8.0,0.5,0.5,0.8,48.9,59.5,70.2,59.5,2.0,22.1,8.0,0.5,0.5,0.8,-29.0,-20.9,-12.8,-20.9,2.0,16.7,8.0,0.5,0.5,0.8,12.1,14.9,17.6,14.9,2.0,5.7,8.0,0.5,0.5,0.8,11.5,46.5,783.0,344.5,5.0,459.0,16.0,0.2,0.6,0.8,10.0,45.0,785.0,345.0,5.0,460.0,16.0,0.2,0.6,0.8
1974,2,354.0,-8.0,26.09,27.2,28.0,27.07,15.0,1.21,14.0,0.5,0.7,0.7,24.61,27.0,28.73,26.47,15.0,1.95,14.0,0.4,0.7,0.7,16.39,16.75,17.27,16.79,6.0,0.61,12.0,0.3,0.7,0.8,76.3,83.4,88.5,83.6,7.0,7.3,14.0,0.3,0.8,3.04,4.6,7.62,5.14,16.0,2.43,14.0,0.4,0.7,0.7,-4.5,-2.56,-1.38,-2.83,16.0,1.75,14.0,0.4,0.7,0.7,2.33,4.26,5.84,4.2,16.0,1.91,14.0,0.4,0.7,0.7,1009.63,1011.15,1013.5,1011.49,16.0,2.87,14.0,0.4,0.7,0.7,0.0,3.0,4.0,2.4,17.0,1.8,14.0,0.4,0.7,0.7,-32.8,-11.6,-3.6,-18.2,16.0,17.9,14.0,0.4,0.7,0.7,7.1,19.7,44.7,25.9,16.0,21.8,14.0,0.4,0.7,0.7,-0.97,0.7,2.08,0.65,14.0,1.57,12.0,0.4,0.6,0.7,-4.7,2.0,10.8,2.2,14.0,9.3,12.0,0.4,0.6,0.7,3.08,5.41,6.87,5.32,6.0,2.09,12.0,0.3,0.7,0.8,9.5,15.2,30.9,19.0,6.0,11.2,12.0,0.3,0.7,0.8,-110.7,-70.7,-31.3,-73.4,14.0,49.9,12.0,0.4,0.6,0.7,54.7,117.2,155.6,113.3,14.0,55.7,12.0,0.4,0.6,0.7,-35.1,-31.8,-5.1,-24.4,6.0,17.1,12.0,0.3,0.7,0.8,37.5,38.6,71.3,49.5,6.0,18.1,12.0,0.3,0.7,0.8,-13.3,-6.0,-1.4,-6.9,6.0,5.9,12.0,0.3,0.7,0.8,7.3,12.8,27.7,16.8,6.0,11.3,12.0,0.3,0.7,0.8,28.0,101.0,447.5,226.5,16.0,273.5,14.0,0.4,0.7,0.7,30.0,100.0,450.0,225.0,16.0,275.0,14.0,0.4,0.7,0.7
1974,2,354.0,-7.0,26.0,27.35,28.16,27.24,40.0,1.13,12.0,0.5,0.7,0.7,26.01,27.05,29.97,27.68,46.0,1.89,12.0,0.5,0.7,0.7,15.68,17.08,18.15,17.03,27.0,1.62,12.0,0.4,0.7,0.7,71.5,77.8,84.0,76.7,27.0,7.2,12.0,0.4,0.7,3.99,5.1,7.7,5.45,45.0,1.89,12.0,0.5,0.7,0.7,-4.63,-3.6,-2.29,-3.3,45.0,1.33,12.0,0.5,0.7,0.7,2.49,3.98,6.24,4.13,45.0,1.9,12.0,0.5,0.7,0.7,1008.1,1010.1,1012.19,1010.33,46.0,2.27,12.0,0.5,0.7,0.7,1.0,2.5,5.0,2.8,46.0,2.0,12.0,0.5,0.7,0.7,-32.0,-20.8,-8.3,-19.8,45.0,11.9,12.0,0.5,0.7,0.7,9.0,19.9,49.1,25.6,45.0,17.6,12.0,0.5,0.7,0.7,-2.44,0.0,1.58,-0.3,40.0,2.0,12.0,0.5,0.7,0.7,-14.5,0.0,6.4,-3.0,39.0,12.8,12.0,0.5,0.7,0.7,4.44,5.37,6.2,5.46,24.0,1.47,12.0,0.4,0.7,0.7,19.0,25.2,36.8,27.8,24.0,13.5,12.0,0.4,0.7,0.7,-132.5,-95.6,-55.9,-92.2,44.0,39.9,12.0,0.5,0.7,0.7,66.4,111.5,176.6,113.8,44.0,55.0,12.0,0.5,0.7,0.7,-77.1,-55.2,-33.5,-53.8,27.0,22.7,12.0,0.4,0.7,0.7,45.7,66.6,100.9,68.8,27.0,30.3,12.0,0.4,0.7,0.7,-25.1,-14.9,-9.6,-17.1,24.0,9.0,12.0,0.4,0.7,0.7,11.9,17.3,28.2,20.7,24.0,12.4,12.0,0.4,0.7,0.7,63.5,132.5,456.5,217.0,45.0,180.5,12.0,0.5,0.7,0.7,65.0,135.0,455.0,215.0,45.0,180.0,12.0,0.5,0.7,0.7
1974,2,354.0,-6.0,27.0,28.0,28.52,27.85,107.0,0.87,16.0,0.5,0.6,0.6,26.2,27.0,28.4,27.38,108.0,1.29,14.0,0.5,0.6,0.6,16.2,17.48,18.79,17.59,92.0,1.57,14.0,0.5,0.6,0.6,71.6,77.6,82.2,77.4,94.0,6.2,14.0,0.5,0.6,3.6,4.6,6.7,5.09,109.0,1.63,14.0,0.5,0.6,0.6,-3.99,-2.55,-1.18,-2.53,109.0,1.57,14.0,0.5,0.6,0.6,2.69,3.98,5.8,4.17,109.0,1.54,14.0,0.5,0.6,0.6,1008.5,1010.0,1012.29,1010.33,109.0,1.98,16.0,0.5,0.6,0.6,2.0,3.0,6.0,3.5,111.0,2.0,14.0,0.5,0.6,0.6,-27.3,-13.0,-2.8,-14.2,109.0,11.9,14.0,0.5,0.6,0.6,9.5,19.9,38.9,23.4,109.0,15.0,14.0,0.5,0.6,0.6,-0.43,0.6,1.5,0.44,104.0,1.25,14.0,0.5,0.6,0.6,-2.3,2.3,8.3,2.0,101.0,7.0,14.0,0.5,0.6,0.6,4.49,6.04,7.68,5.85,89.0,1.67,14.0,0.5,0.6,0.6,19.2,27.8,41.6,29.5,86.0,12.9,14.0,0.5,0.6,0.6,-109.3,-71.1,-28.6,-67.4,105.0,42.6,14.0,0.5,0.6,0.6,71.6,110.7,156.7,112.7,105.0,42.8,14.0,0.5,0.6,0.6,-69.7,-45.2,-20.7,-42.8,89.0,27.2,14.0,0.5,0.6,0.6,46.8,69.0,98.7,72.5,89.0,26.5,14.0,0.5,0.6,0.6,-22.5,-14.1,-4.2,-13.8,86.0,10.2,14.0,0.5,0.6,0.6,14.6,23.4,35.5,24.5,86.0,11.9,14.0,0.5,0.6,0.6,46.5,97.5,301.0,173.0,109.0,155.5,14.0,0.5,0.6,0.6,45.0,95.0,300.0,175.0,109.0,155.0,14.0,0.5,0.6,0.6
1974,2,354.0,-5.0,26.98,27.5,28.65,27.64,57.0,1.02,14.0,0.6,0.4,0.5,26.15,27.0,27.8,27.07,61.0,1.0,14.0,0.6,0.4,0.5,16.49,17.3,18.4,17.41,51.0,1.05,14.0,0.5,0.4,0.5,74.4,77.7,82.1,78.1,53.0,4.5,14.0,0.6,0.5,3.1,5.1,7.13,5.39,60.0,2.02,14.0,0.6,0.4,0.5,-3.99,-2.14,0.0,-2.0,60.0,1.99,14.0,0.6,0.4,0.5,2.57,4.65,6.27,4.5,60.0,2.22,14.0,0.6,0.4,0.5,1007.82,1009.9,1011.96,1010.02,59.0,2.46,14.0,0.6,0.4,0.5,2.0,4.0,7.0,4.3,60.0,2.2,14.0,0.6,0.4,0.5,-25.9,-8.9,0.0,-12.3,60.0,13.5,14.0,0.6,0.4,0.5,7.0,24.4,44.9,28.2,60.0,21.8,14.0,0.6,0.4,0.5,-0.4,0.6,1.53,0.58,57.0,1.28,14.0,0.6,0.4,0.5,-1.8,2.7,9.8,3.1,56.0,6.7,14.0,0.6,0.4,0.5,4.73,5.63,7.17,5.79,51.0,1.42,14.0,0.5,0.4,0.5,17.0,31.9,39.1,30.5,50.0,12.8,12.0,0.6,0.4,0.5,-112.1,-58.3,0.0,-54.6,60.0,54.1,14.0,0.6,0.4,0.5,72.5,122.2,169.0,121.7,60.0,60.0,14.0,0.6,0.4,0.5,-68.5,-38.5,0.0,-34.0,50.0,32.8,12.0,0.6,0.4,0.5,47.9,79.1,106.0,78.8,50.0,32.8,12.0,0.6,0.4,0.5,-23.1,-12.6,0.0,-11.1,50.0,11.0,12.0,0.6,0.4,0.5,15.0,25.9,36.3,26.3,50.0,12.8,12.0,0.6,0.4,0.5,30.0,132.5,362.5,222.0,60.0,221.5,14.0,0.6,0.4,0.5,30.0,135.0,360.0,220.0,60.0,220.0,14.0,0.6,0.4,0.5
1974,2,354.0,-4.0,27.0,27.2,28.0,27.57,15.0,0.66,14.0,0.6,0.5,0.5,27.0,27.45,28.96,27.79,14.0,1.29,14.0,0.6,0.5,0.5,17.31,17.75,18.06,18.02,8.0,1.88,14.0,0.8,0.4,0.5,75.7,76.5,85.8,78.9,8.0,6.7,14.0,0.8,0.5,3.82,6.2,7.0,5.93,15.0,1.87,14.0,0.6,0.5,0.5,-4.46,-3.1,0.0,-2.42,15.0,2.17,14.0,0.6,0.5,0.5,3.3,5.13,6.03,4.97,15.0,1.93,14.0,0.6,0.5,0.5,1007.92,1009.5,1011.41,1010.06,15.0,2.38,14.0,0.6,0.5,0.5,4.0,5.0,6.9,4.7,14.0,2.3,14.0,0.6,0.5,0.5,-30.9,-19.2,0.0,-15.7,15.0,14.2,14.0,0.6,0.5,0.5,13.6,33.3,44.8,32.6,15.0,22.2,14.0,0.6,0.5,0.5,-0.39,0.0,0.88,-0.2,14.0,1.38,14.0,0.6,0.5,0.5,-2.8,0.0,3.6,-0.3,14.0,6.6,14.0,0.6,0.5,0.5,4.55,5.6,7.32,5.25,8.0,2.51,14.0,0.8,0.4,0.5,15.3,31.0,42.2,31.7,8.0,21.7,14.0,0.8,0.4,0.5,-121.1,-75.0,0.0,-65.2,14.0,60.5,14.0,0.6,0.5,0.5,87.5,137.5,163.1,135.6,14.0,54.2,14.0,0.6,0.5,0.5,-87.2,-47.8,0.0,-38.3,8.0,48.3,14.0,0.8,0.4,0.5,57.5,93.2,105.7,91.1,8.0,40.1,14.0,0.8,0.4,0.5,-20.5,-6.5,0.5,-8.5,8.0,13.2,14.0,0.8,0.4,0.5,10.5,27.2,32.7,27.9,8.0,21.8,14.0,0.8,0.4,0.5,58.0,238.5,343.0,266.5,15.0,231.0,14.0,0.6,0.5,0.5,60.0,240.0,345.0,265.0,15.0,230.0,14.0,0.6,0.5,0.5
1974,2,354.0,-3.0,28.0,28.1,29.0,28.43,10.0,0.54,18.0,0.6,0.6,0.5,27.09,28.4,29.17,28.23,10.0,1.08,18.0,0.6,0.6,0.5,17.92,18.51,18.9,18.45,5.0,0.65,22.0,0.8,0.5,0.5,73.6,74.9,76.7,75.1,5.0,2.2,22.0,0.8,0.5,2.71,4.1,5.73,4.14,9.0,1.81,18.0,0.6,0.6,0.5,-3.44,-2.0,-0.71,-1.69,9.0,2.13,18.0,0.6,0.6,0.5,1.22,3.46,3.95,3.01,9.0,2.15,18.0,0.6,0.6,0.5,1007.57,1011.3,1012.6,1010.64,10.0,2.37,18.0,0.6,0.6,0.5,3.0,5.5,6.0,4.4,8.0,2.2,20.0,0.6,0.6,0.5,-18.5,-8.0,-1.1,-9.1,9.0,10.8,18.0,0.6,0.6,0.5,2.3,15.8,21.8,15.3,9.0,14.4,18.0,0.6,0.6,0.5,-0.83,0.1,1.11,0.2,10.0,1.02,18.0,0.6,0.6,0.5,-3.8,0.0,5.4,0.7,9.0,4.5,18.0,0.6,0.6,0.5,5.12,6.49,6.93,6.09,5.0,1.23,22.0,0.8,0.5,0.5,12.7,19.5,21.4,17.1,4.0,7.3,20.0,0.8,0.5,0.6,-101.5,-56.0,-20.1,-48.4,9.0,58.8,18.0,0.6,0.6,0.5,34.1,97.0,115.4,85.2,9.0,59.5,18.0,0.6,0.6,0.5,-35.4,-20.5,-13.7,-24.4,4.0,14.6,20.0,0.8,0.5,0.6,28.0,56.4,73.6,51.1,4.0,28.6,20.0,0.8,0.5,0.6,-8.9,-7.3,-5.4,-7.1,4.0,2.3,20.0,0.8,0.5,0.6,10.6,17.6,20.1,15.5,4.0,7.3,20.0,0.8,0.5,0.6,20.0,69.0,191.5,106.5,9.0,110.0,18.0,0.6,0.6,0.5,20.0,70.0,190.0,105.0,9.0,110.0,18.0,0.6,0.6,0.5
1974,2,354.0,-2.0,27.06,28.5,29.52,28.3,4.0,1.62,12.0,0.8,0.6,0.3,27.01,28.85,30.06,28.55,4.0,1.84,16.0,1.0,0.5,0.3,21.57,21.57,21.57,21.57,1.0,0.0,24.0,1.0,0.8,0.2,92.1,92.1,92.1,92.1,1.0,0.0,24.0,1.0,0.2,0.0,4.1,7.37,3.82,5.0,3.77,12.0,0.8,0.6,0.3,0.0,0.0,1.28,0.7,5.0,1.57,12.0,0.8,0.6,0.3,0.0,4.1,6.77,3.63,5.0,3.59,12.0,0.8,0.6,0.3,1011.68,1014.2,1015.15,1013.45,4.0,2.34,12.0,0.8,0.6,0.3,3.0,3.0,7.4,4.8,5.0,2.5,12.0,0.8,0.6,0.3,0.0,0.0,8.9,4.9,5.0,11.0,12.0,0.8,0.6,0.3,0.0,16.8,50.3,24.6,5.0,28.0,12.0,0.8,0.6,0.3,-1.8,-1.6,2.02,0.07,3.0,3.15,16.0,1.0,0.5,0.3,-12.5,-6.6,-2.1,-7.3,3.0,7.6,16.0,1.0,0.5,0.3,-0.26,-0.26,-0.26,-0.26,1.0,0.0,24.0,1.0,0.8,0.2,-1.1,-1.1,-1.1,-1.1,1.0,0.0,24.0,1.0,0.8,0.2,0.0,0.0,55.4,26.4,4.0,52.8,16.0,1.0,0.5,0.3,54.3,148.5,212.5,134.1,4.0,103.0,16.0,1.0,0.5,0.3,0.0,0.0,0.0,0.0,1.0,0.0,24.0,1.0,0.8,0.2,88.4,88.4,88.4,88.4,1.0,0.0,24.0,1.0,0.8,0.2,0.0,0.0,0.0,0.0,1.0,0.0,24.0,1.0,0.8,0.2,-1.1,-1.1,-1.1,-1.1,1.0,0.0,24.0,1.0,0.8,0.2,0.0,69.0,404.5,185.0,5.0,231.0,12.0,0.8,0.6,0.3,0.0,70.0,405.0,185.0,5.0,230.0,12.0,0.8,0.6,0.3
1974,2,354.0,-1.0,27.08,27.25,27.42,27.25,2.0,0.35,18.0,0.0,0.6,0.3,27.0,27.0,27.0,27.0,1.0,0.0,10.0,0.0,0.4,0.2,19.89,19.89,19.89,19.89,1.0,0.0,10.0,0.0,0.4,0.2,88.8,88.8,88.8,88.8,1.0,0.0,10.0,0.0,0.2,2.49,3.55,4.61,3.55,2.0,2.19,18.0,0.0,0.6,0.3,-1.31,-0.37,0.56,-0.37,2.0,1.94,18.0,0.0,0.6,0.3,2.22,3.26,4.31,3.26,2.0,2.16,18.0,0.0,0.6,0.3,1007.3,1007.3,1007.3,1007.3,1.0,0.0,10.0,0.0,0.4,0.2,3.8,5.5,7.2,5.5,2.0,3.5,18.0,0.0,0.6,0.3,-7.2,-3.4,0.3,-3.4,2.0,7.7,18.0,0.0,0.6,0.3,6.8,14.0,21.1,14.0,2.0,14.8,18.0,0.0,0.6,0.3,0.0,0.0,0.0,0.0,1.0,0.0,10.0,0.0,0.4,0.2,0.0,0.0,0.0,0.0,1.0,0.0,10.0,0.0,0.4,0.2,2.54,2.54,2.54,2.54,1.0,0.0,10.0,0.0,0.4,0.2,12.9,12.9,12.9,12.9,1.0,0.0,10.0,0.0,0.4,0.2,-47.1,-47.1,-47.1,-47.1,1.0,0.0,10.0,0.0,0.4,0.2,129.4,129.4,129.4,129.4,1.0,0.0,10.0,0.0,0.4,0.2,-34.7,-34.7,-34.7,-34.7,1.0,0.0,10.0,0.0,0.4,0.2,95.3,95.3,95.3,95.3,1.0,0.0,10.0,0.0,0.4,0.2,-4.4,-4.4,-4.4,-4.4,1.0,0.0,10.0,0.0,0.4,0.2,12.2,12.2,12.2,12.2,1.0,0.0,10.0,0.0,0.4,0.2,28.0,70.5,113.0,70.5,2.0,88.0,18.0,0.0,0.6,0.3,30.0,70.0,115.0,70.0,2.0,90.0,18.0,0.0,0.6,0.3
1974,2,354.0,0.0,27.69,28.0,28.5,27.97,6.0,0.59,16.0,0.5,0.7,0.4,26.96,27.4,27.97,27.5,6.0,0.64,18.0,0.7,0.6,0.3,17.48,17.84,18.6,18.02,5.0,0.62,20.0,0.6,0.6,0.3,75.3,79.0,82.5,79.1,6.0,3.5,18.0,0.7,0.3,0.95,3.1,4.62,2.63,7.0,1.97,16.0,0.6,0.7,0.4,-1.29,0.64,1.67,0.43,7.0,2.07,16.0,0.6,0.7,0.4,-0.13,0.77,3.43,1.28,7.0,2.35,16.0,0.6,0.7,0.4,1010.76,1011.65,1012.69,1011.77,6.0,1.07,18.0,0.5,0.6,0.4,2.0,3.0,8.0,4.1,7.0,2.7,16.0,0.6,0.7,0.4,-4.8,0.6,5.5,1.0,7.0,9.5,16.0,0.6,0.7,0.4,-0.4,0.8,12.7,5.5,7.0,10.2,16.0,0.6,0.7,0.4,-0.16,0.4,1.07,0.42,5.0,0.72,18.0,0.6,0.6,0.4,-1.0,0.1,1.3,0.0,5.0,1.7,18.0,0.6,0.6,0.4,4.73,5.03,5.95,5.32,4.0,0.85,22.0,0.5,0.6,0.4,5.6,11.7,20.8,13.1,4.0,9.2,22.0,0.5,0.6,0.4,-41.5,8.6,37.5,7.3,6.0,62.3,18.0,0.7,0.6,0.3,16.3,43.3,99.2,53.8,6.0,48.0,18.0,0.7,0.6,0.3,-31.1,11.2,34.1,5.6,5.0,44.8,20.0,0.6,0.6,0.3,13.6,42.4,68.8,42.1,5.0,28.9,20.0,0.6,0.6,0.3,-1.6,3.6,13.0,5.6,4.0,11.2,22.0,0.5,0.6,0.4,4.3,8.6,14.1,9.2,4.0,5.8,22.0,0.5,0.6,0.4,1.0,30.0,99.0,44.0,7.0,52.5,16.0,0.6,0.7,0.4,0.0,30.0,100.0,45.0,7.0,55.0,16.0,0.6,0.7,0.4
1974,2,354.0,1.0,28.14,28.5,29.49,28.43,8.0,1.31,14.0,0.6,0.6,0.3,27.11,27.6,28.31,27.82,9.0,1.02,16.0,0.6,0.6,0.4,18.09,19.1,20.19,19.19,9.0,1.2,16.0,0.6,0.6,0.4,76.3,81.4,86.3,82.0,9.0,5.6,16.0,0.6,0.4,3.0,4.6,5.54,4.22,9.0,1.88,16.0,0.6,0.6,0.4,-2.48,0.99,2.15,0.08,9.0,2.44,16.0,0.6,0.6,0.4,0.69,3.98,5.21,3.41,9.0,2.13,16.0,0.6,0.6,0.4,1008.49,1010.9,1011.42,1010.23,9.0,1.62,16.0,0.6,0.6,0.4,3.3,6.0,8.0,5.7,9.0,2.1,16.0,0.6,0.6,0.4,-15.0,5.6,8.3,-0.9,9.0,12.2,16.0,0.6,0.6,0.4,3.5,18.3,30.0,17.5,9.0,12.0,16.0,0.6,0.6,0.4,-0.53,0.55,1.0,0.5,8.0,1.13,14.0,0.6,0.6,0.3,0.0,2.8,6.0,2.8,8.0,5.2,14.0,0.6,0.6,0.3,3.26,5.19,6.97,5.13,8.0,2.29,14.0,0.6,0.6,0.3,8.5,21.5,32.9,21.8,8.0,13.6,14.0,0.6,0.6,0.3,-68.2,27.5,58.9,1.5,9.0,68.0,16.0,0.6,0.6,0.4,19.6,110.0,142.3,93.9,9.0,58.5,16.0,0.6,0.6,0.4,-52.1,18.5,38.2,0.0,9.0,48.0,16.0,0.6,0.6,0.4,13.7,75.1,101.2,65.2,9.0,41.4,16.0,0.6,0.6,0.4,-9.4,1.3,6.1,-0.8,8.0,11.3,14.0,0.6,0.6,0.3,7.4,16.9,32.0,19.1,8.0,13.5,14.0,0.6,0.6,0.3,31.5,97.5,171.0,108.0,9.0,75.5,16.0,0.6,0.6,0.4,30.0,95.0,170.0,110.0,9.0,75.0,16.0,0.6,0.6,0.4
1974,2,354.0,2.0,28.93,29.0,29.68,29.3,3.0,0.61,14.0,0.3,0.6,0.4,26.86,28.3,28.9,27.9,4.0,1.37,12.0,0.3,0.6,0.5,22.4,22.42,22.43,22.42,2.0,0.03,14.0,0.0,0.5,0.5,90.0,92.2,94.4,92.2,2.0,4.6,14.0,0.0,0.5,0.48,2.05,3.57,2.03,4.0,1.84,12.0,0.3,0.6,0.5,-0.26,0.35,1.57,0.64,4.0,1.25,12.0,0.3,0.6,0.5,0.41,1.43,3.01,1.7,4.0,1.7,12.0,0.3,0.6,0.5,1007.41,1008.5,1010.0,1008.7,3.0,1.91,10.0,0.0,0.5,0.6,2.6,4.0,4.7,3.7,3.0,1.5,8.0,0.3,0.8,0.6,-0.3,1.4,5.2,2.4,4.0,3.6,12.0,0.3,0.6,0.5,0.4,3.5,11.2,5.7,4.0,7.2,12.0,0.3,0.6,0.5,0.45,1.0,1.07,0.77,3.0,0.49,14.0,0.3,0.6,0.4,0.9,1.1,2.5,1.7,3.0,1.3,14.0,0.3,0.6,0.4,2.94,3.51,4.08,3.51,2.0,1.19,14.0,0.0,0.5,0.5,4.4,8.1,11.8,8.1,2.0,7.6,14.0,0.0,0.5,0.5,-7.3,10.0,45.6,18.7,4.0,36.2,12.0,0.3,0.6,0.5,11.5,40.9,86.9,48.8,4.0,49.2,12.0,0.3,0.6,0.5,-1.0,21.0,43.0,21.0,2.0,45.6,14.0,0.0,0.5,0.5,23.4,32.1,40.7,32.1,2.0,17.9,14.0,0.0,0.5,0.5,0.5,4.5,8.5,4.5,2.0,8.2,14.0,0.0,0.5,0.5,3.3,5.5,7.7,5.5,2.0,4.5,14.0,0.0,0.5,0.5,0.5,15.5,47.5,23.5,4.0,30.0,12.0,0.3,0.6,0.5,0.0,15.0,50.0,25.0,4.0,30.0,12.0,0.3,0.6,0.5
1974,2,354.0,3.0,28.46,30.0,30.33,29.44,5.0,1.48,16.0,0.6,0.4,0.3,27.96,28.5,28.85,28.38,5.0,0.71,16.0,0.6,0.4,0.3,19.01,19.43,19.86,19.43,2.0,0.87,16.0,1.0,0.5,0.5,78.2,79.7,81.2,79.7,2.0,3.0,16.0,1.0,0.5,3.49,4.0,4.75,4.04,5.0,0.91,16.0,0.6,0.4,0.3,-2.73,-0.8,1.72,-0.42,5.0,3.23,16.0,0.6,0.4,0.3,1.09,2.6,3.85,2.46,5.0,1.73,16.0,0.6,0.4,0.3,1007.04,1011.7,1012.21,1009.96,5.0,3.24,16.0,0.6,0.4,0.3,1.0,4.0,7.0,4.0,4.0,3.7,16.0,0.8,0.4,0.4,-10.9,-3.7,8.6,-0.8,5.0,14.8,16.0,0.6,0.4,0.3,4.3,8.6,16.4,10.0,5.0,7.8,16.0,0.6,0.4,0.3,0.5,0.9,1.76,1.06,5.0,0.88,16.0,0.6,0.4,0.3,2.0,3.9,6.6,4.4,5.0,4.2,16.0,0.6,0.4,0.3,6.79,6.82,6.84,6.82,2.0,0.06,16.0,1.0,0.5,0.5,19.8,24.6,29.3,24.6,2.0,9.8,16.0,1.0,0.5,0.5,-76.7,-22.7,49.2,-11.0,5.0,91.3,16.0,0.6,0.4,0.3,31.2,74.1,111.0,70.5,5.0,49.4,16.0,0.6,0.4,0.3,-12.6,-7.5,-2.4,-7.5,2.0,10.6,16.0,1.0,0.5,0.5,57.4,68.7,80.0,68.7,2.0,23.4,16.0,1.0,0.5,0.5,-4.6,-2.7,-0.9,-2.7,2.0,3.9,16.0,1.0,0.5,0.5,19.8,24.3,28.9,24.3,2.0,9.5,16.0,1.0,0.5,0.5,47.0,64.0,107.5,73.5,5.0,40.5,16.0,0.6,0.4,0.3,45.0,65.0,105.0,75.0,5.0,40.0,16.0,0.6,0.4,0.3
1974,2,354.0,4.0,27.36,28.0,28.74,28.08,25.0,0.69,14.0,0.7,0.5,0.4,26.98,27.9,28.77,28.08,25.0,1.15,14.0,0.7,0.5,0.4,18.56,19.12,20.13,19.4,20.0,1.64,16.0,0.7,0.6,0.4,77.6,82.7,86.5,82.4,22.0,4.5,16.0,0.7,0.4,2.27,2.6,3.77,2.84,22.0,1.02,14.0,0.7,0.5,0.4,-1.3,0.74,1.81,0.51,22.0,1.67,14.0,0.7,0.5,0.4,0.12,2.12,2.9,1.77,22.0,1.78,14.0,0.7,0.5,0.4,1006.45,1008.0,1010.25,1008.55,23.0,2.57,16.0,0.7,0.5,0.4,0.8,6.0,8.0,4.9,25.0,3.1,14.0,0.7,0.5,0.4,-3.4,1.6,4.5,1.7,22.0,5.7,14.0,0.7,0.5,0.4,0.3,5.5,8.6,5.9,22.0,7.8,14.0,0.7,0.5,0.4,-1.52,0.2,0.84,0.0,25.0,1.14,14.0,0.7,0.5,0.4,-3.7,0.5,2.9,0.0,22.0,3.4,14.0,0.7,0.5,0.4,3.26,4.61,6.02,4.57,20.0,1.63,16.0,0.7,0.6,0.4,5.1,11.6,17.3,12.4,17.0,7.3,16.0,0.6,0.6,0.4,-37.3,20.5,52.6,14.2,22.0,47.0,14.0,0.7,0.5,0.4,3.5,57.5,79.2,49.3,22.0,50.8,14.0,0.7,0.5,0.4,4.6,17.0,34.5,17.8,17.0,29.5,16.0,0.6,0.6,0.4,-5.7,41.8,57.7,33.1,17.0,38.2,16.0,0.6,0.6,0.4,0.0,3.1,5.5,3.2,17.0,6.5,16.0,0.6,0.6,0.4,-1.2,9.9,13.6,8.8,17.0,9.1,16.0,0.6,0.6,0.4,12.0,17.5,56.0,32.5,22.0,38.5,14.0,0.7,0.5,0.4,10.0,20.0,55.0,30.0,22.0,40.0,14.0,0.7,0.5,0.4
1974,2,354.0,35.0,14.0,15.5,16.17,15.35,24.0,1.02,14.0,0.4,0.3,0.8,13.24,14.4,15.97,14.64,27.0,1.46,14.0,0.4,0.3,0.8,6.41,7.74,8.34,7.47,20.0,1.14,14.0,0.6,0.3,0.8,63.1,70.7,83.2,71.9,20.0,10.3,14.0,0.6,0.8,5.08,7.45,10.32,7.9,26.0,3.25,14.0,0.5,0.3,0.8,-8.29,2.01,8.05,-0.14,26.0,7.77,14.0,0.5,0.3,0.8,-3.7,-1.68,4.42,-0.5,26.0,3.84,14.0,0.5,0.3,0.8,1013.94,1017.95,1021.05,1017.83,26.0,5.3,14.0,0.5,0.3,0.8,1.0,3.0,7.0,3.3,27.0,2.8,14.0,0.4,0.3,0.8,-81.4,9.2,74.9,-6.0,26.0,88.3,14.0,0.5,0.3,0.8,-33.9,-6.3,30.0,-5.6,26.0,36.8,14.0,0.5,0.3,0.8,-0.55,1.0,2.25,0.75,23.0,1.58,14.0,0.4,0.3,0.8,-4.7,3.4,15.3,7.1,22.0,16.2,14.0,0.4,0.3,0.8,2.11,3.15,4.81,3.32,17.0,1.33,16.0,0.5,0.3,0.8,17.7,23.0,44.1,29.2,17.0,14.6,16.0,0.5,0.3,0.8,-126.9,29.3,112.5,1.1,26.0,113.7,14.0,0.5,0.3,0.8,-51.7,-23.0,60.5,-4.4,26.0,56.0,14.0,0.5,0.3,0.8,-59.6,15.6,52.6,0.3,20.0,58.3,14.0,0.6,0.3,0.8,-23.5,-8.0,33.2,1.0,20.0,28.8,14.0,0.6,0.3,0.8,-36.0,-8.4,24.8,-3.7,17.0,29.2,16.0,0.5,0.3,0.8,-19.0,0.0,14.7,-1.2,17.0,15.7,16.0,0.5,0.3,0.8,131.5,415.0,1098.0,758.5,26.0,1026.5,14.0,0.5,0.3,0.8,130.0,415.0,1100.0,760.0,26.0,1025.0,14.0,0.5,0.3,0.8
1974,2,354.0,36.0,14.0,15.4,16.6,15.38,60.0,1.22,14.0,0.3,0.8,0.1,12.2,14.2,15.33,14.1,62.0,1.6,14.0,0.3,0.8,0.1,5.73,7.41,8.43,7.18,29.0,1.36,14.0,0.4,0.8,0.1,59.4,72.2,80.4,70.8,29.0,11.1,14.0,0.4,0.1,3.68,8.2,12.98,8.43,59.0,4.73,14.0,0.3,0.8,0.1,-6.48,2.3,12.0,2.56,59.0,8.84,14.0,0.3,0.8,0.1,-3.5,0.0,2.57,-0.04,59.0,3.14,14.0,0.3,0.8,0.1,1014.5,1018.7,1023.6,1018.88,64.0,5.17,14.0,0.3,0.8,0.1,0.0,3.0,7.2,3.4,63.0,2.8,14.0,0.3,0.8,0.1,-44.6,6.9,144.0,33.8,59.0,124.2,14.0,0.3,0.8,0.1,-31.8,0.0,22.2,-1.3,59.0,29.4,14.0,0.3,0.8,0.1,-0.31,1.5,3.0,1.23,57.0,1.71,14.0,0.3,0.8,0.1,-3.1,9.4,24.1,8.6,52.0,17.4,14.0,0.3,0.8,0.1,2.18,3.52,4.9,3.51,27.0,1.36,16.0,0.5,0.8,0.1,11.8,24.4,41.5,27.0,27.0,16.1,16.0,0.5,0.8,0.1,-98.8,35.4,166.6,34.0,56.0,130.5,14.0,0.3,0.8,0.1,-52.7,0.0,39.1,-1.1,56.0,43.9,14.0,0.3,0.8,0.1,-47.8,13.2,66.6,13.0,29.0,53.5,14.0,0.4,0.8,0.1,-26.9,-7.7,24.0,-1.6,29.0,24.4,14.0,0.4,0.8,0.1,-28.4,1.9,33.1,5.1,27.0,28.2,16.0,0.5,0.8,0.1,-12.1,-1.8,7.2,-3.3,27.0,13.6,16.0,0.5,0.8,0.1,50.0,551.5,2186.5,1195.5,59.0,1741.5,14.0,0.3,0.8,0.1,50.0,550.0,2185.0,1195.0,59.0,1740.0,14.0,0.3,0.8,0.1
1974,2,354.0,43.0,12.63,14.0,14.0,13.33,3.0,1.15,12.0,0.0,0.3,0.7,9.32,10.0,12.46,10.87,3.0,2.42,12.0,0.0,0.3,0.7,5.66,6.53,7.4,6.53,2.0,1.81,18.0,0.0,0.3,0.8,76.0,78.2,80.5,78.2,2.0,4.6,18.0,0.0,0.8,4.43,6.2,10.02,7.2,3.0,4.19,12.0,0.0,0.3,0.7,0.73,2.31,8.79,4.7,3.0,6.25,12.0,0.0,0.3,0.7,-4.23,0.0,1.88,-1.15,3.0,4.59,12.0,0.0,0.3,0.7,1016.07,1020.3,1024.87,1020.47,3.0,6.45,12.0,0.0,0.3,0.7,2.3,5.0,7.0,4.7,3.0,3.5,12.0,0.0,0.3,0.7,2.6,8.3,97.7,49.2,3.0,78.1,12.0,0.0,0.3,0.7,-26.2,0.0,6.8,-9.5,3.0,25.5,12.0,0.0,0.3,0.7,1.23,3.0,3.68,2.47,3.0,1.86,12.0,0.0,0.3,0.7,6.9,18.6,38.1,22.4,3.0,23.1,12.0,0.0,0.3,0.7,2.24,2.68,3.12,2.68,2.0,0.91,18.0,0.0,0.3,0.8,9.4,14.0,18.5,14.0,2.0,9.4,18.0,0.0,0.3,0.8,10.0,31.5,90.5,49.8,3.0,61.1,12.0,0.0,0.3,0.7,-38.1,0.0,25.6,-6.1,3.0,47.0,12.0,0.0,0.3,0.7,2.9,9.0,15.2,9.0,2.0,12.8,18.0,0.0,0.3,0.8,-24.0,-5.5,12.9,-5.5,2.0,38.2,18.0,0.0,0.3,0.8,0.7,2.4,4.0,2.4,2.0,3.3,18.0,0.0,0.3,0.8,-16.4,-7.5,1.4,-7.5,2.0,18.5,18.0,0.0,0.3,0.8,107.5,238.5,1197.0,642.5,3.0,871.5,12.0,0.0,0.3,0.7,105.0,240.0,1195.0,645.0,3.0,870.0,12.0,0.0,0.3,0.7
1974,2,354.0,44.0,11.19,12.0,12.56,12.06,16.0,0.86,16.0,0.3,0.5,0.6,9.73,11.0,12.11,11.06,15.0,1.11,16.0,0.3,0.5,0.6,5.92,6.68,7.7,6.62,12.0,1.11,16.0,0.3,0.5,0.6,73.2,81.2,91.2,80.5,12.0,13.5,16.0,0.3,0.6,8.2,10.55,17.2,12.33,16.0,5.24,16.0,0.3,0.5,0.6,-4.59,5.14,14.36,4.93,16.0,8.35,16.0,0.3,0.5,0.6,-9.59,-5.47,8.17,-2.2,16.0,9.42,16.0,0.3,0.5,0.6,1001.38,1016.15,1026.46,1015.61,16.0,13.69,16.0,0.3,0.5,0.6,3.2,8.0,8.0,6.2,15.0,2.8,16.0,0.3,0.5,0.6,-42.2,43.7,252.3,87.7,16.0,153.6,16.0,0.3,0.5,0.6,-127.4,-43.5,94.8,-35.4,16.0,155.2,16.0,0.3,0.5,0.6,-0.16,0.7,2.26,1.07,15.0,1.59,16.0,0.3,0.5,0.6,-2.2,5.2,24.2,10.5,15.0,15.5,16.0,0.3,0.5,0.6,0.82,2.18,2.6,1.96,12.0,1.11,16.0,0.3,0.5,0.6,11.0,20.6,29.4,25.0,12.0,25.3,16.0,0.3,0.5,0.6,-45.2,59.2,141.4,48.8,15.0,88.1,16.0,0.3,0.5,0.6,-105.6,-52.7,98.6,-16.0,15.0,108.5,16.0,0.3,0.5,0.6,-28.8,31.0,79.7,27.2,12.0,52.3,16.0,0.3,0.5,0.6,-68.1,-28.9,62.7,-3.2,12.0,72.4,16.0,0.3,0.5,0.6,-11.6,4.6,17.9,9.2,12.0,24.5,16.0,0.3,0.5,0.6,-20.1,-10.4,15.8,-7.4,12.0,23.9,16.0,0.3,0.5,0.6,551.5,1176.0,5142.5,2931.5,16.0,3792.0,16.0,0.3,0.5,0.6,550.0,1175.0,5140.0,2930.0,16.0,3790.0,16.0,0.3,0.5,0.6
1974,2,354.0,45.0,11.28,11.8,12.15,11.84,18.0,0.98,10.0,0.4,0.6,0.4,9.62,10.5,11.91,10.8,21.0,1.45,12.0,0.4,0.6,0.4,4.21,6.27,7.54,6.0,14.0,1.53,12.0,0.5,0.6,0.5,61.8,74.3,92.1,74.6,14.0,15.8,12.0,0.5,0.5,6.03,9.0,16.41,10.98,21.0,5.73,12.0,0.4,0.6,0.4,-1.75,6.89,15.36,6.48,21.0,7.91,12.0,0.4,0.6,0.4,-7.95,-1.99,7.94,-0.9,21.0,7.21,12.0,0.4,0.6,0.4,1000.57,1015.7,1026.68,1014.59,21.0,12.34,12.0,0.4,0.6,0.4,4.9,7.0,8.0,6.4,19.0,1.7,12.0,0.4,0.6,0.5,-6.1,51.8,252.5,109.9,21.0,158.0,12.0,0.4,0.6,0.4,-109.6,-6.2,119.8,-5.0,21.0,101.6,12.0,0.4,0.6,0.4,-0.55,1.05,2.18,1.07,18.0,1.67,10.0,0.4,0.6,0.4,-3.4,13.2,27.4,14.6,18.0,21.7,10.0,0.4,0.6,0.4,1.14,2.2,3.7,2.29,13.0,1.29,10.0,0.5,0.6,0.4,14.8,24.8,33.0,25.5,13.0,14.8,10.0,0.5,0.6,0.4,-17.5,72.4,166.7,70.6,21.0,82.9,12.0,0.4,0.6,0.4,-87.7,-19.3,93.0,-9.2,21.0,78.6,12.0,0.4,0.6,0.4,-7.7,42.0,122.7,50.1,14.0,55.4,12.0,0.5,0.6,0.5,-53.6,-10.4,60.9,-4.6,14.0,48.5,12.0,0.5,0.6,0.5,-1.2,15.3,24.9,14.2,13.0,19.0,10.0,0.5,0.6,0.4,-22.8,-8.1,19.9,-4.2,13.0,18.1,10.0,0.5,0.6,0.4,220.0,729.0,4423.0,2488.0,21.0,3675.5,12.0,0.4,0.6,0.4,220.0,730.0,4425.0,2490.0,21.0,3675.0,12.0,0.4,0.6,0.4
1974,2,354.0,46.0,11.0,11.0,11.93,11.38,15.0,0.59,16.0,0.3,0.4,0.6,8.3,10.3,12.03,9.97,16.0,2.72,16.0,0.3,0.4,0.6,5.7,7.14,7.53,6.71,6.0,1.08,16.0,0.0,0.4,0.5,70.9,83.6,93.8,82.9,6.0,11.3,16.0,0.0,0.5,5.17,10.0,19.91,12.34,14.0,7.52,14.0,0.3,0.4,0.6,-3.84,2.96,13.94,6.65,14.0,9.75,14.0,0.3,0.4,0.6,-7.08,-1.95,7.08,-1.12,14.0,8.74,14.0,0.3,0.4,0.6,995.12,1019.5,1026.68,1013.82,16.0,15.21,16.0,0.3,0.4,0.6,4.4,6.5,8.0,5.8,16.0,2.5,16.0,0.3,0.4,0.6,-24.0,22.2,221.3,143.8,14.0,221.9,14.0,0.3,0.4,0.6,-74.8,-10.0,129.2,-5.9,14.0,149.4,14.0,0.3,0.4,0.6,0.04,1.2,2.89,1.61,15.0,2.62,16.0,0.3,0.4,0.6,-1.7,10.6,40.1,21.3,13.0,41.2,16.0,0.3,0.4,0.6,0.53,1.62,2.8,1.71,6.0,1.18,16.0,0.0,0.4,0.5,5.0,18.2,48.8,25.5,6.0,23.6,16.0,0.0,0.4,0.5,-35.6,27.3,142.9,65.2,14.0,105.4,14.0,0.3,0.4,0.6,-97.8,-5.1,64.2,-10.5,14.0,92.5,14.0,0.3,0.4,0.6,3.9,49.9,103.8,60.0,6.0,79.7,16.0,0.0,0.4,0.5,-70.5,3.8,41.5,-13.8,6.0,74.6,16.0,0.0,0.4,0.5,2.2,7.1,40.2,18.5,6.0,24.4,16.0,0.0,0.4,0.5,-5.1,3.5,25.0,7.8,6.0,16.1,16.0,0.0,0.4,0.5,139.5,1097.0,7894.5,4023.0,14.0,5910.0,14.0,0.3,0.4,0.6,140.0,1095.0,7895.0,4025.0,14.0,5910.0,14.0,0.3,0.4,0.6
1974,2,354.0,47.0,10.5,11.4,13.0,11.49,47.0,1.23,16.0,0.3,0.3,0.6,8.71,10.1,11.7,10.2,52.0,1.47,14.0,0.3,0.4,0.6,5.25,6.21,7.72,6.45,28.0,1.23,14.0,0.4,0.3,0.6,70.3,81.2,91.1,80.7,28.0,10.2,14.0,0.4,0.6,6.0,11.0,16.07,11.34,51.0,4.74,14.0,0.3,0.3,0.6,-3.81,4.94,12.96,4.23,51.0,7.84,14.0,0.3,0.3,0.6,-9.42,-1.04,9.41,-0.19,51.0,8.59,14.0,0.3,0.3,0.6,995.71,1011.0,1030.21,1011.95,49.0,15.68,14.0,0.3,0.3,0.6,3.0,6.5,8.0,5.9,46.0,2.3,14.0,0.4,0.3,0.7,-34.3,37.5,193.1,65.4,51.0,114.5,14.0,0.3,0.3,0.6,-94.3,-5.5,107.5,10.6,51.0,138.2,14.0,0.3,0.3,0.6,-0.5,1.3,2.99,1.2,46.0,1.87,16.0,0.3,0.3,0.6,-8.0,12.5,30.4,10.4,46.0,22.5,16.0,0.3,0.3,0.6,0.47,2.13,3.11,1.94,28.0,1.25,14.0,0.4,0.3,0.6,6.3,17.2,36.1,21.7,28.0,18.2,14.0,0.4,0.3,0.6,-39.4,47.5,156.8,48.3,50.0,83.8,14.0,0.3,0.3,0.6,-91.5,-4.2,91.3,1.6,50.0,92.7,14.0,0.3,0.3,0.6,-21.5,54.6,107.2,41.8,28.0,59.5,14.0,0.4,0.3,0.6,-53.7,0.0,58.0,4.2,28.0,61.9,14.0,0.4,0.3,0.6,-8.6,5.2,19.6,5.3,28.0,22.2,14.0,0.4,0.3,0.6,-14.1,0.0,7.6,-5.5,28.0,16.4,14.0,0.4,0.3,0.6,216.0,1331.0,4149.0,2235.5,51.0,2470.5,14.0,0.3,0.3,0.6,215.0,1330.0,4150.0,2235.0,51.0,2470.0,14.0,0.3,0.3,0.6
1974,2,354.0,48.0,10.0,11.0,12.0,10.81,205.0,1.11,14.0,0.3,0.5,0.4,8.5,10.0,11.36,9.82,224.0,1.79,14.0,0.3,0.5,0.4,4.59,6.07,7.58,5.98,120.0,1.38,16.0,0.4,0.5,0.4,66.0,78.2,92.9,78.7,123.0,12.8,16.0,0.4,0.4,5.0,10.3,17.0,10.79,214.0,5.64,14.0,0.3,0.5,0.4,-3.33,4.01,11.32,4.14,214.0,6.81,14.0,0.3,0.5,0.4,-7.09,0.0,12.33,1.89,214.0,9.02,14.0,0.3,0.5,0.4,992.18,1010.6,1029.63,1010.21,221.0,16.96,14.0,0.3,0.5,0.4,3.0,7.0,8.0,6.0,199.0,2.4,14.0,0.4,0.5,0.4,-20.4,30.1,177.6,67.5,214.0,111.2,14.0,0.3,0.5,0.4,-68.6,0.0,179.6,44.4,214.0,150.4,14.0,0.3,0.5,0.4,-0.78,0.85,2.68,0.94,204.0,1.88,14.0,0.3,0.5,0.4,-7.3,7.6,28.1,8.7,194.0,20.9,14.0,0.3,0.5,0.4,0.46,1.9,3.38,1.96,114.0,1.35,16.0,0.4,0.5,0.4,3.7,15.3,36.4,18.7,108.0,17.6,16.0,0.4,0.5,0.4,-28.0,39.3,124.8,43.6,212.0,69.1,14.0,0.3,0.5,0.4,-67.1,0.0,130.8,21.6,212.0,93.4,14.0,0.3,0.5,0.4,-18.0,17.3,81.3,26.6,113.0,45.7,16.0,0.4,0.5,0.4,-30.6,0.0,96.2,20.7,113.0,60.3,16.0,0.4,0.5,0.4,-14.0,1.4,19.0,3.7,108.0,18.0,16.0,0.4,0.5,0.4,-15.5,-0.2,11.5,-1.1,108.0,18.0,16.0,0.4,0.5,0.4,125.0,1092.5,4913.0,2355.5,214.0,3135.0,14.0,0.3,0.5,0.4,125.0,1095.0,4915.0,2355.0,214.0,3135.0,14.0,0.3,0.5,0.4
1974,2,354.0,49.0,8.9,10.0,11.82,10.05,44.0,1.51,14.0,0.2,0.6,0.5,7.44,9.35,11.0,9.37,54.0,1.66,16.0,0.2,0.6,0.5,4.34,6.06,6.83,5.73,29.0,1.3,16.0,0.3,0.6,0.5,61.5,74.3,92.9,76.0,29.0,13.4,16.0,0.3,0.5,4.6,9.8,15.17,9.71,55.0,5.64,14.0,0.2,0.6,0.5,-3.34,4.65,10.67,3.99,55.0,7.01,14.0,0.2,0.6,0.5,-6.13,0.0,9.06,1.26,55.0,7.8,14.0,0.2,0.6,0.5,995.93,1010.1,1028.32,1010.66,54.0,15.53,16.0,0.2,0.6,0.5,2.3,7.0,8.0,5.6,47.0,2.8,14.0,0.3,0.6,0.5,-15.8,36.0,166.3,61.1,55.0,103.3,14.0,0.2,0.6,0.5,-54.3,0.0,110.7,30.0,55.0,127.3,14.0,0.2,0.6,0.5,-1.4,0.4,2.67,0.57,43.0,2.12,14.0,0.2,0.6,0.5,-12.0,2.0,17.7,2.7,43.0,22.6,14.0,0.2,0.6,0.5,0.79,1.92,3.19,1.87,27.0,1.41,16.0,0.3,0.6,0.5,0.6,9.8,22.8,12.3,27.0,14.3,16.0,0.3,0.6,0.5,-29.7,42.3,113.4,40.1,54.0,66.3,16.0,0.2,0.6,0.5,-55.1,0.0,79.2,13.0,54.0,75.8,16.0,0.2,0.6,0.5,-15.3,24.1,58.6,22.9,29.0,40.1,16.0,0.3,0.6,0.5,-29.7,0.0,42.9,5.3,29.0,44.0,16.0,0.3,0.6,0.5,-10.3,2.6,8.9,1.2,27.0,13.6,16.0,0.3,0.6,0.5,-11.5,-3.3,7.3,-2.1,27.0,13.0,16.0,0.3,0.6,0.5,97.5,941.0,3494.5,1884.5,55.0,2550.0,14.0,0.2,0.6,0.5,95.0,940.0,3495.0,1885.0,55.0,2550.0,14.0,0.2,0.6,0.5
1974,2,354.0,50.0,9.2,9.7,10.23,9.89,15.0,0.98,18.0,0.6,0.5,0.5,7.68,8.9,10.0,8.88,16.0,1.3,18.0,0.6,0.5,0.4,4.98,5.74,6.72,5.83,13.0,0.96,18.0,0.6,0.5,0.4,69.1,81.9,88.8,81.5,13.0,10.6,18.0,0.6,0.4,3.82,8.7,17.42,9.95,15.0,6.56,18.0,0.5,0.5,0.4,-4.26,0.0,14.78,4.08,15.0,9.19,18.0,0.5,0.5,0.4,-4.07,0.0,10.05,1.88,15.0,6.57,18.0,0.5,0.5,0.4,997.33,1015.4,1033.36,1014.16,16.0,18.87,18.0,0.6,0.5,0.4,2.4,4.5,8.0,4.9,16.0,2.7,18.0,0.6,0.5,0.4,-26.2,0.0,270.7,87.0,15.0,160.0,18.0,0.5,0.5,0.4,-31.6,0.0,109.8,37.1,15.0,96.0,18.0,0.5,0.5,0.4,0.09,1.4,2.38,1.08,15.0,1.31,18.0,0.6,0.5,0.5,0.0,11.9,23.8,11.8,14.0,14.2,18.0,0.6,0.5,0.4,0.9,1.93,2.73,1.77,13.0,0.87,18.0,0.6,0.5,0.4,2.9,15.4,33.9,17.7,12.0,16.7,16.0,0.6,0.5,0.4,-43.5,0.0,135.7,39.6,15.0,84.7,18.0,0.5,0.5,0.4,-37.4,0.0,76.7,16.5,15.0,57.6,18.0,0.5,0.5,0.4,-11.2,15.5,84.3,34.5,12.0,59.8,16.0,0.6,0.5,0.4,-3.0,1.3,61.1,20.5,12.0,37.1,16.0,0.6,0.5,0.4,-4.5,0.0,24.6,7.1,12.0,17.6,16.0,0.6,0.5,0.4,-1.9,0.3,20.2,7.8,12.0,13.7,16.0,0.6,0.5,0.4,58.0,658.5,5348.5,2292.0,15.0,3318.0,18.0,0.5,0.5,0.4,60.0,660.0,5350.0,2290.0,15.0,3320.0,18.0,0.5,0.5,0.4
1974,2,354.0,51.0,8.0,9.0,10.0,8.97,24.0,0.98,12.0,0.2,0.5,0.5,6.69,8.2,10.0,8.27,26.0,1.61,12.0,0.2,0.5,0.5,5.22,6.18,7.23,6.19,12.0,0.99,10.0,0.3,0.4,0.4,84.8,90.4,94.0,89.7,12.0,5.5,10.0,0.3,0.4,6.67,10.05,18.08,11.22,26.0,6.24,12.0,0.2,0.5,0.5,1.76,6.43,12.3,7.03,26.0,4.75,12.0,0.2,0.5,0.5,-7.0,0.0,10.85,1.1,26.0,9.73,12.0,0.2,0.5,0.5,984.91,1001.7,1023.0,1001.95,26.0,15.94,12.0,0.2,0.5,0.5,5.8,7.0,8.0,6.9,25.0,1.5,12.0,0.2,0.5,0.5,16.2,56.9,160.4,97.2,26.0,105.7,12.0,0.2,0.5,0.5,-63.4,0.0,119.6,25.1,26.0,183.8,12.0,0.2,0.5,0.5,-0.67,0.95,1.53,0.61,24.0,1.43,12.0,0.2,0.5,0.5,-5.8,6.2,23.0,6.1,24.0,21.2,12.0,0.2,0.5,0.5,-0.01,0.94,1.64,0.9,11.0,0.99,12.0,0.3,0.4,0.4,-2.0,9.7,22.8,10.1,11.0,12.5,12.0,0.3,0.4,0.4,13.7,57.6,83.0,57.3,26.0,39.6,12.0,0.2,0.5,0.5,-60.7,0.0,87.0,14.7,26.0,77.7,12.0,0.2,0.5,0.5,34.7,52.9,89.3,57.4,12.0,31.6,10.0,0.3,0.4,0.4,-49.2,0.0,104.0,23.1,12.0,70.3,10.0,0.3,0.4,0.4,-1.4,6.9,16.1,7.1,11.0,11.0,12.0,0.3,0.4,0.4,-2.8,0.0,11.0,3.0,11.0,9.0,12.0,0.3,0.4,0.4,297.0,1017.0,5926.5,2791.5,26.0,4027.5,12.0,0.2,0.5,0.5,295.0,1015.0,5925.0,2790.0,26.0,4025.0,12.0,0.2,0.5,0.5
1974,2,354.0,52.0,8.0,9.2,10.0,9.1,26.0,0.99,12.0,0.3,0.4,0.5,6.96,8.5,10.22,8.52,32.0,1.54,14.0,0.4,0.4,0.5,5.49,6.27,7.22,6.3,12.0,0.78,12.0,0.4,0.4,0.6,86.5,93.8,100.0,93.3,12.0,5.5,12.0,0.4,0.6,4.86,9.3,15.78,10.25,31.0,5.62,14.0,0.4,0.4,0.5,-0.48,3.66,8.77,3.68,31.0,5.15,14.0,0.4,0.4,0.5,-5.29,2.64,14.21,4.11,31.0,9.08,14.0,0.4,0.4,0.5,981.85,996.3,1026.79,1002.01,32.0,21.95,14.0,0.4,0.4,0.5,2.0,7.0,8.0,5.7,30.0,2.7,14.0,0.4,0.4,0.5,-1.5,19.9,119.7,45.9,31.0,76.5,14.0,0.4,0.4,0.5,-37.0,20.3,225.8,74.0,31.0,151.4,14.0,0.4,0.4,0.5,-0.5,1.2,2.0,0.87,26.0,1.17,12.0,0.3,0.4,0.5,-3.8,7.7,20.3,8.8,25.0,14.2,12.0,0.4,0.4,0.5,0.2,0.87,1.47,0.81,12.0,0.66,12.0,0.4,0.4,0.6,0.2,6.7,18.5,7.9,12.0,8.9,12.0,0.4,0.4,0.6,-3.3,25.7,71.3,28.8,31.0,41.3,14.0,0.4,0.4,0.5,-38.9,25.8,137.1,39.9,31.0,80.0,14.0,0.4,0.4,0.5,0.0,20.6,58.5,28.4,12.0,30.5,12.0,0.4,0.4,0.6,-38.5,9.0,74.5,11.3,12.0,57.0,12.0,0.4,0.4,0.6,0.0,1.4,12.1,4.3,12.0,6.0,12.0,0.4,0.4,0.6,-6.2,-0.1,7.6,0.8,12.0,9.5,12.0,0.4,0.4,0.6,117.5,804.5,3953.5,2083.0,31.0,2938.0,14.0,0.4,0.4,0.5,115.0,805.0,3955.0,2085.0,31.0,2940.0,14.0,0.4,0.4,0.5
1974,2,354.0,53.0,8.0,9.0,9.51,8.7,19.0,0.92,18.0,0.2,0.6,0.4,7.59,8.3,10.0,8.58,21.0,1.53,16.0,0.2,0.6,0.4,5.82,6.62,6.96,6.33,15.0,0.85,16.0,0.1,0.7,0.5,84.7,92.1,97.0,90.7,15.0,7.4,16.0,0.1,0.5,2.6,6.1,19.0,9.42,20.0,7.46,18.0,0.3,0.6,0.4,0.0,3.53,9.38,4.36,20.0,5.82,18.0,0.3,0.6,0.4,0.0,3.84,17.59,5.43,20.0,8.0,18.0,0.3,0.6,0.4,988.43,1017.8,1031.87,1012.18,22.0,19.17,16.0,0.2,0.6,0.4,4.0,8.0,8.0,6.4,20.0,2.4,18.0,0.2,0.6,0.4,0.0,18.5,136.5,57.7,20.0,113.2,18.0,0.3,0.6,0.4,0.0,21.1,316.4,83.9,20.0,156.2,18.0,0.3,0.6,0.4,-1.33,0.3,1.41,0.27,19.0,1.51,18.0,0.2,0.6,0.4,-8.8,0.0,22.1,1.6,17.0,18.5,18.0,0.2,0.6,0.4,0.06,0.74,0.9,0.65,15.0,0.85,16.0,0.1,0.7,0.5,0.0,4.3,14.3,6.1,13.0,8.7,18.0,0.1,0.7,0.5,0.0,33.4,91.8,38.4,19.0,48.8,18.0,0.2,0.6,0.4,0.0,27.2,122.7,45.8,19.0,68.9,18.0,0.2,0.6,0.4,-0.8,21.6,57.9,22.8,13.0,33.8,18.0,0.1,0.7,0.5,0.0,13.9,108.4,35.8,13.0,57.6,18.0,0.1,0.7,0.5,-4.9,1.4,4.4,0.8,13.0,5.9,18.0,0.1,0.7,0.5,-0.9,1.1,13.3,3.3,13.0,8.3,18.0,0.1,0.7,0.5,17.5,227.0,6859.0,2472.5,20.0,3332.0,18.0,0.3,0.6,0.4,20.0,225.0,6860.0,2470.0,20.0,3330.0,18.0,0.3,0.6,0.4
1974,2,354.0,54.0,7.46,8.3,8.86,8.17,10.0,0.68,10.0,0.2,0.7,0.3,6.9,7.8,8.14,7.69,7.0,0.79,10.0,0.4,0.6,0.4,5.03,5.9,6.38,5.71,4.0,0.86,8.0,0.5,0.7,0.4,76.4,86.8,92.8,84.7,4.0,9.9,8.0,0.5,0.4,5.65,9.3,17.24,11.24,7.0,6.49,10.0,0.4,0.6,0.4,1.97,6.3,14.93,7.27,7.0,7.86,10.0,0.4,0.6,0.4,2.92,3.98,11.08,5.8,7.0,5.17,10.0,0.4,0.6,0.4,982.85,989.4,1002.5,993.8,7.0,20.6,10.0,0.4,0.6,0.4,1.0,5.0,7.2,4.5,6.0,3.0,10.0,0.5,0.6,0.5,7.1,42.2,258.4,109.6,7.0,166.9,10.0,0.4,0.6,0.4,16.7,29.6,172.2,87.0,7.0,97.4,10.0,0.4,0.6,0.4,-0.24,0.5,1.31,0.55,6.0,1.0,6.0,0.3,0.7,0.3,-4.0,3.7,11.5,3.8,6.0,10.0,6.0,0.3,0.7,0.3,0.47,1.16,2.12,1.29,4.0,1.09,8.0,0.5,0.7,0.4,3.6,9.1,13.1,8.4,4.0,5.6,8.0,0.5,0.7,0.4,13.4,51.0,104.9,57.9,7.0,66.2,10.0,0.4,0.6,0.4,23.5,27.5,98.3,45.2,7.0,42.9,10.0,0.4,0.6,0.4,-10.0,25.7,44.8,17.8,4.0,35.0,8.0,0.5,0.7,0.4,0.6,17.9,49.9,24.9,4.0,39.1,8.0,0.5,0.7,0.4,2.2,5.8,9.7,6.0,4.0,5.5,8.0,0.5,0.7,0.4,-0.2,3.2,7.9,3.8,4.0,5.4,8.0,0.5,0.7,0.4,181.0,804.5,5187.0,2765.0,7.0,3885.5,10.0,0.4,0.6,0.4,180.0,805.0,5185.0,2765.0,7.0,3885.0,10.0,0.4,0.6,0.4
1974,2,354.0,55.0,6.0,6.6,7.34,6.66,5.0,0.68,12.0,0.0,0.5,0.2,5.13,7.0,8.68,7.07,9.0,1.82,12.0,0.1,0.5,0.2,4.02,5.16,6.75,5.35,6.0,1.52,14.0,0.0,0.5,0.2,72.8,83.5,92.5,82.4,6.0,10.8,14.0,0.0,0.2,5.03,6.7,11.49,8.47,9.0,5.09,12.0,0.1,0.5,0.2,-0.79,3.18,6.48,2.47,9.0,4.47,12.0,0.1,0.5,0.2,-1.14,0.0,8.32,3.12,9.0,8.3,12.0,0.1,0.5,0.2,979.25,1001.4,1005.69,995.84,9.0,14.68,12.0,0.1,0.5,0.2,1.0,3.0,8.0,4.2,9.0,3.7,12.0,0.1,0.5,0.2,-4.9,21.2,44.7,8.9,9.0,60.8,12.0,0.1,0.5,0.2,-6.6,0.0,73.3,45.4,9.0,138.5,12.0,0.1,0.5,0.2,-1.86,0.9,1.72,-0.06,5.0,2.6,12.0,0.0,0.5,0.2,-16.8,4.7,10.2,-3.7,5.0,21.5,12.0,0.0,0.5,0.2,-0.17,1.81,2.21,1.08,5.0,1.57,12.0,0.0,0.5,0.2,-2.3,5.6,16.4,6.7,5.0,14.4,12.0,0.0,0.5,0.2,-5.5,23.9,43.2,17.1,9.0,32.3,12.0,0.1,0.5,0.2,-9.1,0.0,81.5,28.0,9.0,57.8,12.0,0.1,0.5,0.2,9.9,20.8,27.6,20.2,6.0,14.3,14.0,0.0,0.5,0.2,-14.2,-2.3,47.8,9.4,6.0,37.7,14.0,0.0,0.5,0.2,-1.7,5.3,11.6,4.9,5.0,7.4,12.0,0.0,0.5,0.2,-16.5,-1.9,1.5,-6.7,5.0,11.0,12.0,0.0,0.5,0.2,135.5,301.0,1576.0,1347.5,9.0,2600.5,12.0,0.1,0.5,0.2,135.0,300.0,1575.0,1345.0,9.0,2600.0,12.0,0.1,0.5,0.2
1974,2,354.0,57.0,,,,,,,,,,,,,,,,,,,,,,,,,,,,,,,,,,,,,,,,7.0,7.0,7.0,7.0,1.0,0.0,2.0,0.0,0.2,0.9,-5.36,-5.36,-5.36,-5.36,1.0,0.0,2.0,0.0,0.2,0.9,4.5,4.5,4.5,4.5,1.0,0.0,2.0,0.0,0.2,0.9,984.9,984.9,984.9,984.9,1.0,0.0,2.0,0.0,0.2,0.9,,,,,,,,,,,,,,,,,,,,,,,,,,,,,,,,,,,,,,,,,,,,,,,,,,,,,,,,,,,,,,,,,,,,,,,,,,,,,,,,,,,,,,,,,,,,,,,,,,,,,,,,,,,,,,,,,,,,,,,,,,,,,,,,,,,,,,,,,,,,,,,,,,,,,,
1974,2,354.0,58.0,6.68,7.6,8.84,7.9,6.0,1.66,16.0,0.5,0.4,0.5,5.0,6.2,7.56,6.22,10.0,1.47,18.0,0.3,0.5,0.5,4.31,4.68,5.06,4.68,2.0,0.77,14.0,0.0,0.4,0.6,64.6,75.2,85.8,75.2,2.0,21.9,14.0,0.0,0.6,9.22,12.65,15.34,12.66,8.0,3.87,18.0,0.4,0.5,0.5,-3.17,5.25,12.57,5.18,8.0,8.81,18.0,0.4,0.5,0.5,2.4,8.16,10.29,5.3,8.0,7.6,18.0,0.4,0.5,0.5,992.73,1002.15,1024.37,1004.83,10.0,17.52,18.0,0.3,0.5,0.5,4.4,8.0,8.0,6.6,10.0,2.2,18.0,0.3,0.5,0.5,-35.2,47.0,187.9,82.3,8.0,146.7,18.0,0.4,0.5,0.5,20.6,95.4,127.7,68.9,8.0,98.4,18.0,0.4,0.5,0.5,-0.43,1.1,2.88,1.4,6.0,2.39,16.0,0.5,0.4,0.5,-8.6,2.7,43.5,17.3,5.0,39.9,16.0,0.6,0.4,0.6,2.79,2.94,3.09,2.94,2.0,0.32,14.0,0.0,0.4,0.6,49.2,50.2,51.1,50.2,2.0,2.0,14.0,0.0,0.4,0.6,-15.8,32.3,86.2,36.8,8.0,68.1,18.0,0.4,0.5,0.5,18.6,48.9,62.4,35.9,8.0,37.9,18.0,0.4,0.5,0.5,55.8,64.6,73.3,64.6,2.0,18.1,14.0,0.0,0.4,0.6,21.3,37.7,54.1,37.7,2.0,34.0,14.0,0.0,0.4,0.6,34.4,41.1,47.7,41.1,2.0,13.8,14.0,0.0,0.4,0.6,13.5,23.2,32.8,23.2,2.0,20.1,14.0,0.0,0.4,0.6,796.0,2029.0,3614.0,2529.5,8.0,2098.0,18.0,0.4,0.5,0.5,795.0,2030.0,3615.0,2530.0,8.0,2100.0,18.0,0.4,0.5,0.5
1974,2,354.0,59.0,7.06,8.0,8.81,7.97,9.0,0.79,14.0,0.3,0.8,0.3,6.2,7.0,8.16,6.85,15.0,1.89,18.0,0.5,0.6,0.4,4.94,5.49,5.67,5.34,5.0,0.41,16.0,0.6,0.6,0.4,78.4,83.1,89.8,83.3,5.0,7.8,16.0,0.6,0.4,8.44,10.0,15.79,11.62,15.0,4.9,16.0,0.5,0.6,0.4,-9.98,-4.1,8.12,-1.57,15.0,9.89,16.0,0.5,0.6,0.4,0.0,7.1,11.54,5.74,15.0,5.74,16.0,0.5,0.6,0.4,985.62,997.4,1016.35,1001.7,13.0,16.11,16.0,0.5,0.6,0.4,6.0,8.0,8.0,7.1,14.0,1.3,18.0,0.6,0.5,0.5,-150.7,-33.6,71.4,-17.3,15.0,158.6,16.0,0.5,0.6,0.4,0.0,58.2,165.7,73.2,15.0,95.2,16.0,0.5,0.6,0.4,0.73,1.3,3.81,1.79,9.0,1.62,14.0,0.3,0.8,0.3,7.1,15.4,41.0,24.8,9.0,27.4,14.0,0.3,0.8,0.3,1.02,1.25,1.98,1.49,5.0,0.62,16.0,0.6,0.6,0.4,7.6,13.9,24.5,16.5,5.0,12.9,16.0,0.6,0.6,0.4,-63.6,-29.2,80.5,-0.8,14.0,71.0,16.0,0.5,0.6,0.4,0.0,42.2,77.8,39.9,14.0,38.1,16.0,0.5,0.6,0.4,-57.2,-20.6,2.1,-25.9,5.0,36.6,16.0,0.6,0.6,0.4,12.9,35.6,54.3,34.2,5.0,21.0,16.0,0.6,0.6,0.4,-19.4,-7.0,0.5,-9.1,5.0,11.5,16.0,0.6,0.6,0.4,2.7,9.1,18.3,11.1,5.0,10.9,16.0,0.6,0.6,0.4,607.5,1000.0,3938.0,2350.0,15.0,2429.0,16.0,0.5,0.6,0.4,605.0,1000.0,3940.0,2350.0,15.0,2430.0,16.0,0.5,0.6,0.4
1974,2,354.0,60.0,7.1,7.3,7.5,7.3,2.0,0.42,12.0,0.0,0.5,0.5,-0.41,3.0,3.89,1.77,3.0,3.33,10.0,0.0,0.5,0.4,4.75,4.75,4.75,4.75,1.0,0.0,8.0,0.0,0.1,0.5,90.0,90.0,90.0,90.0,1.0,0.0,8.0,0.0,0.5,7.29,12.6,14.92,11.18,4.0,5.11,8.0,0.0,0.5,0.5,-11.37,-5.17,-2.48,-6.85,4.0,5.99,8.0,0.0,0.5,0.5,2.65,6.66,11.6,7.1,4.0,5.19,8.0,0.0,0.5,0.5,983.14,985.6,989.97,986.53,3.0,5.06,10.0,0.0,0.5,0.4,5.6,7.0,7.7,6.7,3.0,1.5,6.0,0.0,0.4,0.5,-171.7,-62.0,-16.4,-92.6,4.0,102.6,8.0,0.0,0.5,0.5,25.3,78.0,148.8,86.6,4.0,75.8,8.0,0.0,0.5,0.5,4.2,6.15,8.1,6.15,2.0,4.03,12.0,0.0,0.5,0.5,38.6,42.2,45.8,42.2,2.0,7.5,12.0,0.0,0.5,0.5,1.89,1.89,1.89,1.89,1.0,0.0,8.0,0.0,0.1,0.5,27.2,27.2,27.2,27.2,1.0,0.0,8.0,0.0,0.1,0.5,-40.9,-31.0,-5.5,-23.4,3.0,26.7,10.0,0.0,0.5,0.4,-1.1,8.0,39.2,18.8,3.0,30.9,10.0,0.0,0.5,0.4,-34.2,-34.2,-34.2,-34.2,1.0,0.0,8.0,0.0,0.1,0.5,59.2,59.2,59.2,59.2,1.0,0.0,8.0,0.0,0.1,0.5,-13.6,-13.6,-13.6,-13.6,1.0,0.0,8.0,0.0,0.1,0.5,23.6,23.6,23.6,23.6,1.0,0.0,8.0,0.0,0.1,0.5,636.0,2123.0,3335.0,1991.5,4.0,1631.0,8.0,0.0,0.5,0.5,635.0,2125.0,3335.0,1990.0,4.0,1630.0,8.0,0.0,0.5,0.5
1974,2,354.0,61.0,6.14,6.2,6.6,6.32,16.0,0.29,12.0,0.2,0.6,0.5,3.83,5.15,7.54,5.53,24.0,1.85,14.0,0.4,0.6,0.6,3.75,4.83,5.37,4.7,6.0,0.9,14.0,0.2,0.6,0.4,77.3,83.5,92.0,84.2,6.0,8.0,14.0,0.2,0.4,4.6,9.3,13.38,9.1,25.0,4.25,14.0,0.4,0.6,0.6,-8.85,-3.35,3.0,-2.96,25.0,5.92,14.0,0.4,0.6,0.6,-6.22,1.99,7.9,0.41,25.0,7.74,14.0,0.4,0.6,0.6,984.57,995.35,1019.8,998.9,22.0,18.62,14.0,0.3,0.6,0.5,4.0,8.0,8.0,6.6,23.0,1.9,14.0,0.4,0.5,0.6,-101.9,-22.4,16.7,-36.1,25.0,71.5,14.0,0.4,0.6,0.6,-50.1,13.6,81.3,-4.1,25.0,103.4,14.0,0.4,0.6,0.6,-0.82,1.05,2.95,1.11,16.0,1.72,12.0,0.2,0.6,0.5,-7.7,7.9,28.9,14.1,16.0,23.6,12.0,0.2,0.6,0.5,0.69,1.16,2.23,1.3,6.0,0.83,14.0,0.2,0.6,0.4,8.8,12.5,17.3,12.8,6.0,7.3,14.0,0.2,0.6,0.4,-41.6,-13.2,23.6,-10.9,24.0,36.3,14.0,0.4,0.6,0.6,-28.0,9.0,56.0,7.3,24.0,40.8,14.0,0.4,0.6,0.6,-50.6,-13.8,9.1,-18.8,6.0,32.5,14.0,0.2,0.6,0.4,-46.6,-4.9,28.9,-8.4,6.0,45.7,14.0,0.2,0.6,0.4,-11.1,-2.3,1.2,-4.3,6.0,7.3,14.0,0.2,0.6,0.4,-14.9,-4.7,2.9,-6.6,6.0,11.1,14.0,0.2,0.6,0.4,97.5,804.5,2434.5,1238.0,25.0,1384.0,14.0,0.4,0.6,0.6,95.0,805.0,2435.0,1240.0,25.0,1385.0,14.0,0.4,0.6,0.6
1974,2,354.0,62.0,6.5,6.55,6.86,6.68,4.0,0.29,18.0,0.3,0.7,0.3,5.0,6.25,6.81,6.17,6.0,1.13,18.0,0.2,0.7,0.3,5.08,5.22,5.33,5.21,3.0,0.18,24.0,0.3,0.7,0.3,79.6,87.7,89.3,84.5,3.0,7.6,24.0,0.3,0.3,3.79,8.1,9.92,7.42,6.0,3.58,18.0,0.2,0.7,0.3,-4.84,2.02,7.63,1.65,6.0,6.27,18.0,0.2,0.7,0.3,0.0,1.66,8.38,3.63,6.0,4.53,18.0,0.2,0.7,0.3,994.01,1007.0,1016.77,1005.86,7.0,11.18,16.0,0.1,0.7,0.3,6.8,7.0,8.0,6.7,7.0,1.7,16.0,0.1,0.7,0.3,-47.8,8.3,59.0,6.5,6.0,59.3,18.0,0.2,0.7,0.3,0.0,4.8,82.7,35.1,6.0,54.3,18.0,0.2,0.7,0.3,-0.73,0.0,1.1,0.18,4.0,1.44,18.0,0.3,0.7,0.3,-6.8,0.0,9.9,1.5,4.0,13.1,18.0,0.3,0.7,0.3,0.64,0.74,0.92,0.78,3.0,0.21,24.0,0.3,0.7,0.3,3.3,5.3,8.0,5.7,3.0,3.4,24.0,0.3,0.7,0.3,-25.5,13.1,52.5,14.7,6.0,42.4,18.0,0.2,0.7,0.3,0.0,8.8,44.1,20.1,6.0,26.0,18.0,0.2,0.7,0.3,26.8,37.6,43.8,35.3,3.0,12.6,24.0,0.3,0.7,0.3,0.0,0.0,2.6,1.3,3.0,2.2,24.0,0.3,0.7,0.3,3.3,5.3,8.0,5.7,3.0,3.5,24.0,0.3,0.7,0.3,0.0,0.0,0.3,0.1,3.0,0.2,24.0,0.3,0.7,0.3,58.5,551.0,1022.5,642.5,6.0,679.5,18.0,0.2,0.7,0.3,60.0,550.0,1025.0,640.0,6.0,680.0,18.0,0.2,0.7,0.3
1974,2,354.0,63.0,,,,,,,,,,,,,,,,,,,,,,,,,,,,,,,,,,,,,,,,20.1,20.1,20.1,20.1,1.0,0.0,28.0,1.0,0.8,0.8,-3.49,-3.49,-3.49,-3.49,1.0,0.0,28.0,1.0,0.8,0.8,19.79,19.79,19.79,19.79,1.0,0.0,28.0,1.0,0.8,0.8,1001.0,1001.0,1001.0,1001.0,1.0,0.0,28.0,1.0,0.8,0.8,,,,,,,,,,,,,,,,,,,,,,,,,,,,,,,,,,,,,,,,,,,,,,,,,,,,,,,,,,,,,,,,,,,,,,,,,,,,,,,,,,,,,,,,,,,,,,,,,,,,,,,,,,,,,,,,,,,,,,,,,,,,,,,,,,,,,,,,,,,,,,,,,,,,,,
1974,2,354.0,64.0,,,,,,,,,,,,,,,,,,,,,,,,,,,,,,,,,,,,,,,,8.16,8.5,8.84,8.5,2.0,0.71,22.0,0.0,0.5,0.5,1.24,3.9,6.56,3.9,2.0,5.51,22.0,0.0,0.5,0.5,5.06,6.25,7.44,6.25,2.0,2.47,22.0,0.0,0.5,0.5,1012.45,1012.55,1012.65,1012.55,2.0,0.21,22.0,0.0,0.5,0.5,,,,,,,,,,,,,,,,,,,,,,,,,,,,,,,,,,,,,,,,,,,,,,,,,,,,,,,,,,,,,,,,,,,,,,,,,,,,,,,,,,,,,,,,,,,,,,,,,,,,,,,,,,,,,,,,,,,,,,,,,,,,,,,,,,,,,,,,,,,,,,,,,,,,,,
1974,2,354.0,65.0,,,,,,,,,,,,,,,,,,,,,,,,,,,,,,,,,,,,,,,,4.95,8.5,11.52,8.25,4.0,3.86,24.0,0.3,0.6,0.6,-2.58,1.97,7.85,2.6,4.0,6.14,24.0,0.3,0.6,0.6,1.27,5.57,8.13,4.74,4.0,5.38,24.0,0.3,0.6,0.6,1009.75,1013.65,1015.5,1012.68,4.0,3.67,24.0,0.3,0.6,0.6,,,,,,,,,,,,,,,,,,,,,,,,,,,,,,,,,,,,,,,,,,,,,,,,,,,,,,,,,,,,,,,,,,,,,,,,,,,,,,,,,,,,,,,,,,,,,,,,,,,,,,,,,,,,,,,,,,,,,,,,,,,,,,,,,,,,,,,,,,,,,,,,,,,,,,
1974,2,354.0,67.0,3.5,3.5,3.5,3.5,1.0,0.0,18.0,0.0,0.8,0.4,-1.9,-1.9,-1.9,-1.9,1.0,0.0,18.0,0.0,0.8,0.4,2.42,2.42,2.42,2.42,1.0,0.0,18.0,0.0,0.8,0.4,73.5,73.5,73.5,73.5,1.0,0.0,18.0,0.0,0.4,13.9,13.9,13.9,13.9,1.0,0.0,18.0,0.0,0.8,0.4,10.65,10.65,10.65,10.65,1.0,0.0,18.0,0.0,0.8,0.4,-8.93,-8.93,-8.93,-8.93,1.0,0.0,18.0,0.0,0.8,0.4,1012.3,1012.3,1012.3,1012.3,1.0,0.0,18.0,0.0,0.8,0.4,8.0,8.0,8.0,8.0,1.0,0.0,18.0,0.0,0.8,0.4,148.0,148.0,148.0,148.0,1.0,0.0,18.0,0.0,0.8,0.4,-124.2,-124.2,-124.2,-124.2,1.0,0.0,18.0,0.0,0.8,0.4,5.4,5.4,5.4,5.4,1.0,0.0,18.0,0.0,0.8,0.4,75.1,75.1,75.1,75.1,1.0,0.0,18.0,0.0,0.8,0.4,2.44,2.44,2.44,2.44,1.0,0.0,18.0,0.0,0.8,0.4,33.9,33.9,33.9,33.9,1.0,0.0,18.0,0.0,0.8,0.4,-20.2,-20.2,-20.2,-20.2,1.0,0.0,18.0,0.0,0.8,0.4,17.0,17.0,17.0,17.0,1.0,0.0,18.0,0.0,0.8,0.4,25.7,25.7,25.7,25.7,1.0,0.0,18.0,0.0,0.8,0.4,-21.6,-21.6,-21.6,-21.6,1.0,0.0,18.0,0.0,0.8,0.4,26.0,26.0,26.0,26.0,1.0,0.0,18.0,0.0,0.8,0.4,-21.8,-21.8,-21.8,-21.8,1.0,0.0,18.0,0.0,0.8,0.4,2685.5,2685.5,2685.5,2685.5,1.0,0.0,18.0,0.0,0.8,0.4,2685.0,2685.0,2685.0,2685.0,1.0,0.0,18.0,0.0,0.8,0.4
1974,2,354.0,71.0,-1.31,-0.9,-0.49,-0.9,2.0,0.85,22.0,0.0,0.4,0.2,-2.03,-0.8,0.43,-0.8,2.0,2.55,22.0,0.0,0.4,0.2,3.08,3.08,3.08,3.08,1.0,0.0,24.0,0.0,0.2,0.2,95.6,95.6,95.6,95.6,1.0,0.0,24.0,0.0,0.2,7.19,7.6,8.01,7.6,2.0,0.85,22.0,0.0,0.4,0.2,-6.35,-4.75,-3.14,-4.75,2.0,3.33,22.0,0.0,0.4,0.2,4.49,5.34,6.18,5.34,2.0,1.75,22.0,0.0,0.4,0.2,987.15,999.1,1011.05,999.1,2.0,24.75,22.0,0.0,0.4,0.2,8.0,8.0,8.0,8.0,2.0,0.0,22.0,0.0,0.4,0.2,-51.6,-37.5,-23.3,-37.5,2.0,29.3,22.0,0.0,0.4,0.2,35.6,39.8,44.1,39.8,2.0,8.8,22.0,0.0,0.4,0.2,-1.74,-0.1,1.54,-0.1,2.0,3.39,22.0,0.0,0.4,0.2,-11.7,0.7,13.1,0.7,2.0,25.7,22.0,0.0,0.4,0.2,0.73,0.73,0.73,0.73,1.0,0.0,24.0,0.0,0.2,0.2,6.0,6.0,6.0,6.0,1.0,0.0,24.0,0.0,0.2,0.2,0.9,8.0,15.2,8.0,2.0,14.7,22.0,0.0,0.4,0.2,-7.9,-2.0,3.8,-2.0,2.0,12.2,22.0,0.0,0.4,0.2,-21.9,-21.9,-21.9,-21.9,1.0,0.0,24.0,0.0,0.2,0.2,12.6,12.6,12.6,12.6,1.0,0.0,24.0,0.0,0.2,0.2,-5.2,-5.2,-5.2,-5.2,1.0,0.0,24.0,0.0,0.2,0.2,3.0,3.0,3.0,3.0,1.0,0.0,24.0,0.0,0.2,0.2,376.0,447.0,518.5,447.0,2.0,147.5,22.0,0.0,0.4,0.2,375.0,445.0,520.0,445.0,2.0,145.0,22.0,0.0,0.4,0.2
1974,2,355.0,-70.0,0.5,0.5,0.5,0.5,2.0,0.0,2.0,0.5,0.1,0.5,-2.58,-2.55,-2.52,-2.55,2.0,0.07,2.0,0.5,0.1,0.5,2.31,2.34,2.37,2.34,2.0,0.06,2.0,0.5,0.1,0.5,72.1,72.9,73.6,72.9,2.0,1.6,2.0,0.5,0.5,4.26,4.6,4.94,4.6,2.0,0.71,2.0,0.5,0.1,0.5,-3.81,-1.19,1.42,-1.19,2.0,5.41,2.0,0.5,0.1,0.5,1.24,2.01,2.78,2.01,2.0,1.59,2.0,0.5,0.1,0.5,985.45,986.0,986.55,986.0,2.0,1.13,2.0,0.5,0.1,0.5,2.8,4.5,6.2,4.5,2.0,3.5,2.0,0.5,0.1,0.5,-19.8,-7.4,5.0,-7.4,2.0,25.8,2.0,0.5,0.1,0.5,5.8,8.7,11.6,8.7,2.0,5.9,2.0,0.5,0.1,0.5,3.02,3.05,3.08,3.05,2.0,0.07,2.0,0.5,0.1,0.5,12.9,14.1,15.3,14.1,2.0,2.5,2.0,0.5,0.1,0.5,1.65,1.68,1.71,1.68,2.0,0.07,2.0,0.5,0.1,0.5,7.0,7.8,8.5,7.8,2.0,1.5,2.0,0.5,0.1,0.5,-3.5,3.2,9.9,3.2,2.0,13.9,2.0,0.5,0.1,0.5,-7.0,-5.1,-3.2,-5.1,2.0,3.9,2.0,0.5,0.1,0.5,-8.7,-2.6,3.5,-2.6,2.0,12.6,2.0,0.5,0.1,0.5,2.9,4.8,6.6,4.8,2.0,3.9,2.0,0.5,0.1,0.5,-6.6,-2.2,2.2,-2.2,2.0,9.2,2.0,0.5,0.1,0.5,2.1,3.3,4.6,3.3,2.0,2.5,2.0,0.5,0.1,0.5,79.0,101.0,122.5,101.0,2.0,45.0,2.0,0.5,0.1,0.5,80.0,100.0,125.0,100.0,2.0,45.0,2.0,0.5,0.1,0.5
1974,2,355.0,-37.0,20.0,20.0,20.0,20.0,1.0,0.0,6.0,1.0,0.9,0.1,16.8,16.8,16.8,16.8,1.0,0.0,6.0,1.0,0.9,0.1,7.5,7.5,7.5,7.5,1.0,0.0,6.0,1.0,0.9,0.1,64.2,64.2,64.2,64.2,1.0,0.0,6.0,1.0,0.1,4.6,4.6,4.6,4.6,1.0,0.0,6.0,1.0,0.9,0.1,-4.6,-4.6,-4.6,-4.6,1.0,0.0,6.0,1.0,0.9,0.1,0.0,0.0,0.0,0.0,1.0,0.0,6.0,1.0,0.9,0.1,1027.5,1027.5,1027.5,1027.5,1.0,0.0,6.0,1.0,0.9,0.1,3.0,3.0,3.0,3.0,1.0,0.0,6.0,1.0,0.9,0.1,-21.2,-21.2,-21.2,-21.2,1.0,0.0,6.0,1.0,0.9,0.1,0.0,0.0,0.0,0.0,1.0,0.0,6.0,1.0,0.9,0.1,3.2,3.2,3.2,3.2,1.0,0.0,6.0,1.0,0.9,0.1,14.7,14.7,14.7,14.7,1.0,0.0,6.0,1.0,0.9,0.1,6.84,6.84,6.84,6.84,1.0,0.0,6.0,1.0,0.9,0.1,31.5,31.5,31.5,31.5,1.0,0.0,6.0,1.0,0.9,0.1,-77.3,-77.3,-77.3,-77.3,1.0,0.0,6.0,1.0,0.9,0.1,0.0,0.0,0.0,0.0,1.0,0.0,6.0,1.0,0.9,0.1,-34.5,-34.5,-34.5,-34.5,1.0,0.0,6.0,1.0,0.9,0.1,0.0,0.0,0.0,0.0,1.0,0.0,6.0,1.0,0.9,0.1,-31.5,-31.5,-31.5,-31.5,1.0,0.0,6.0,1.0,0.9,0.1,0.0,0.0,0.0,0.0,1.0,0.0,6.0,1.0,0.9,0.1,97.5,97.5,97.5,97.5,1.0,0.0,6.0,1.0,0.9,0.1,95.0,95.0,95.0,95.0,1.0,0.0,6.0,1.0,0.9,0.1
1974,2,355.0,-36.0,20.0,20.0,20.0,20.0,1.0,0.0,2.0,0.0,0.1,0.9,20.5,20.5,20.5,20.5,1.0,0.0,2.0,0.0,0.1,0.9,13.74,13.74,13.74,13.74,1.0,0.0,2.0,0.0,0.1,0.9,91.7,91.7,91.7,91.7,1.0,0.0,2.0,0.0,0.9,7.7,7.7,7.7,7.7,1.0,0.0,2.0,0.0,0.1,0.9,4.95,4.95,4.95,4.95,1.0,0.0,2.0,0.0,0.1,0.9,-5.9,-5.9,-5.9,-5.9,1.0,0.0,2.0,0.0,0.1,0.9,1013.1,1013.1,1013.1,1013.1,1.0,0.0,2.0,0.0,0.1,0.9,3.0,3.0,3.0,3.0,1.0,0.0,2.0,0.0,0.1,0.9,38.1,38.1,38.1,38.1,1.0,0.0,2.0,0.0,0.1,0.9,-45.4,-45.4,-45.4,-45.4,1.0,0.0,2.0,0.0,0.1,0.9,-0.5,-0.5,-0.5,-0.5,1.0,0.0,2.0,0.0,0.1,0.9,-3.8,-3.8,-3.8,-3.8,1.0,0.0,2.0,0.0,0.1,0.9,0.8,0.8,0.8,0.8,1.0,0.0,2.0,0.0,0.1,0.9,6.1,6.1,6.1,6.1,1.0,0.0,2.0,0.0,0.1,0.9,101.5,101.5,101.5,101.5,1.0,0.0,2.0,0.0,0.1,0.9,-120.9,-120.9,-120.9,-120.9,1.0,0.0,2.0,0.0,0.1,0.9,68.0,68.0,68.0,68.0,1.0,0.0,2.0,0.0,0.1,0.9,-81.1,-81.1,-81.1,-81.1,1.0,0.0,2.0,0.0,0.1,0.9,4.0,4.0,4.0,4.0,1.0,0.0,2.0,0.0,0.1,0.9,-4.7,-4.7,-4.7,-4.7,1.0,0.0,2.0,0.0,0.1,0.9,456.5,456.5,456.5,456.5,1.0,0.0,2.0,0.0,0.1,0.9,455.0,455.0,455.0,455.0,1.0,0.0,2.0,0.0,0.1,0.9
1974,2,355.0,-35.0,21.5,21.5,21.5,21.5,1.0,0.0,2.0,1.0,0.9,0.4,25.5,25.5,25.5,25.5,1.0,0.0,2.0,1.0,0.9,0.4,14.44,14.44,14.44,14.44,1.0,0.0,2.0,1.0,0.9,0.4,71.6,71.6,71.6,71.6,1.0,0.0,2.0,1.0,0.4,3.1,3.1,3.1,3.1,1.0,0.0,2.0,1.0,0.9,0.4,2.37,2.37,2.37,2.37,1.0,0.0,2.0,1.0,0.9,0.4,-1.99,-1.99,-1.99,-1.99,1.0,0.0,2.0,1.0,0.9,0.4,1020.1,1020.1,1020.1,1020.1,1.0,0.0,2.0,1.0,0.9,0.4,2.0,2.0,2.0,2.0,1.0,0.0,2.0,1.0,0.9,0.4,7.4,7.4,7.4,7.4,1.0,0.0,2.0,1.0,0.9,0.4,-6.2,-6.2,-6.2,-6.2,1.0,0.0,2.0,1.0,0.9,0.4,-4.0,-4.0,-4.0,-4.0,1.0,0.0,2.0,1.0,0.9,0.4,-12.4,-12.4,-12.4,-12.4,1.0,0.0,2.0,1.0,0.9,0.4,1.41,1.41,1.41,1.41,1.0,0.0,2.0,1.0,0.9,0.4,4.4,4.4,4.4,4.4,1.0,0.0,2.0,1.0,0.9,0.4,60.6,60.6,60.6,60.6,1.0,0.0,2.0,1.0,0.9,0.4,-50.8,-50.8,-50.8,-50.8,1.0,0.0,2.0,1.0,0.9,0.4,34.3,34.3,34.3,34.3,1.0,0.0,2.0,1.0,0.9,0.4,-28.8,-28.8,-28.8,-28.8,1.0,0.0,2.0,1.0,0.9,0.4,3.4,3.4,3.4,3.4,1.0,0.0,2.0,1.0,0.9,0.4,-2.8,-2.8,-2.8,-2.8,1.0,0.0,2.0,1.0,0.9,0.4,30.0,30.0,30.0,30.0,1.0,0.0,2.0,1.0,0.9,0.4,30.0,30.0,30.0,30.0,1.0,0.0,2.0,1.0,0.9,0.4
1974,2,355.0,-34.0,22.0,22.0,22.0,22.0,1.0,0.0,22.0,1.0,0.5,0.1,22.2,22.2,22.2,22.2,1.0,0.0,22.0,1.0,0.5,0.1,13.55,13.55,13.55,13.55,1.0,0.0,22.0,1.0,0.5,0.1,82.1,82.1,82.1,82.1,1.0,0.0,22.0,1.0,0.1,5.0,5.0,5.0,5.0,1.0,0.0,22.0,1.0,0.5,0.1,-3.83,-3.83,-3.83,-3.83,1.0,0.0,22.0,1.0,0.5,0.1,-3.21,-3.21,-3.21,-3.21,1.0,0.0,22.0,1.0,0.5,0.1,1020.8,1020.8,1020.8,1020.8,1.0,0.0,22.0,1.0,0.5,0.1,,,,,,,,,,,,,,,,,,,,,,,,,,,,,,,-0.2,-0.2,-0.2,-0.2,1.0,0.0,22.0,1.0,0.5,0.1,-1.0,-1.0,-1.0,-1.0,1.0,0.0,22.0,1.0,0.5,0.1,2.79,2.79,2.79,2.79,1.0,0.0,22.0,1.0,0.5,0.1,13.9,13.9,13.9,13.9,1.0,0.0,22.0,1.0,0.5,0.1,-85.0,-85.0,-85.0,-85.0,1.0,0.0,22.0,1.0,0.5,0.1,-71.3,-71.3,-71.3,-71.3,1.0,0.0,22.0,1.0,0.5,0.1,-51.9,-51.9,-51.9,-51.9,1.0,0.0,22.0,1.0,0.5,0.1,-43.6,-43.6,-43.6,-43.6,1.0,0.0,22.0,1.0,0.5,0.1,-10.7,-10.7,-10.7,-10.7,1.0,0.0,22.0,1.0,0.5,0.1,-9.0,-9.0,-9.0,-9.0,1.0,0.0,22.0,1.0,0.5,0.1,125.0,125.0,125.0,125.0,1.0,0.0,22.0,1.0,0.5,0.1,125.0,125.0,125.0,125.0,1.0,0.0,22.0,1.0,0.5,0.1
1974,2,355.0,-33.0,23.0,23.0,23.0,23.0,1.0,0.0,10.0,1.0,0.9,0.6,20.5,20.5,20.5,20.5,1.0,0.0,10.0,1.0,0.9,0.6,9.81,9.81,9.81,9.81,1.0,0.0,10.0,1.0,0.9,0.6,66.3,66.3,66.3,66.3,1.0,0.0,10.0,1.0,0.6,4.1,4.1,4.1,4.1,1.0,0.0,10.0,1.0,0.9,0.6,-4.04,-4.04,-4.04,-4.04,1.0,0.0,10.0,1.0,0.9,0.6,0.71,0.71,0.71,0.71,1.0,0.0,10.0,1.0,0.9,0.6,1023.1,1023.1,1023.1,1023.1,1.0,0.0,10.0,1.0,0.9,0.6,6.0,6.0,6.0,6.0,1.0,0.0,10.0,1.0,0.9,0.6,-16.6,-16.6,-16.6,-16.6,1.0,0.0,10.0,1.0,0.9,0.6,2.9,2.9,2.9,2.9,1.0,0.0,10.0,1.0,0.9,0.6,2.5,2.5,2.5,2.5,1.0,0.0,10.0,1.0,0.9,0.6,10.3,10.3,10.3,10.3,1.0,0.0,10.0,1.0,0.9,0.6,7.52,7.52,7.52,7.52,1.0,0.0,10.0,1.0,0.9,0.6,30.8,30.8,30.8,30.8,1.0,0.0,10.0,1.0,0.9,0.6,-82.8,-82.8,-82.8,-82.8,1.0,0.0,10.0,1.0,0.9,0.6,14.6,14.6,14.6,14.6,1.0,0.0,10.0,1.0,0.9,0.6,-39.6,-39.6,-39.6,-39.6,1.0,0.0,10.0,1.0,0.9,0.6,7.0,7.0,7.0,7.0,1.0,0.0,10.0,1.0,0.9,0.6,-30.4,-30.4,-30.4,-30.4,1.0,0.0,10.0,1.0,0.9,0.6,5.4,5.4,5.4,5.4,1.0,0.0,10.0,1.0,0.9,0.6,69.0,69.0,69.0,69.0,1.0,0.0,10.0,1.0,0.9,0.6,70.0,70.0,70.0,70.0,1.0,0.0,10.0,1.0,0.9,0.6
1974,2,355.0,-31.0,22.3,23.15,24.0,23.15,2.0,1.77,20.0,0.5,0.5,0.4,22.24,22.75,23.26,22.75,2.0,1.06,20.0,0.5,0.5,0.4,12.75,13.45,14.15,13.45,2.0,1.45,20.0,0.5,0.5,0.4,72.6,79.2,85.9,79.2,2.0,13.8,20.0,0.5,0.4,1.06,3.35,5.64,3.35,2.0,4.74,20.0,0.5,0.5,0.4,-4.88,-2.9,-0.92,-2.9,2.0,4.1,20.0,0.5,0.5,0.4,-2.82,-1.67,-0.53,-1.67,2.0,2.37,20.0,0.5,0.5,0.4,1019.89,1021.6,1023.31,1021.6,2.0,3.54,20.0,0.5,0.5,0.4,2.3,3.0,3.7,3.0,2.0,1.4,20.0,0.5,0.5,0.4,-32.7,-19.4,-6.2,-19.4,2.0,27.5,20.0,0.5,0.5,0.4,-18.9,-11.2,-3.6,-11.2,2.0,15.9,20.0,0.5,0.5,0.4,-0.97,0.4,1.77,0.4,2.0,2.83,20.0,0.5,0.5,0.4,-9.0,-5.4,-1.7,-5.4,2.0,7.6,20.0,0.5,0.5,0.4,3.93,4.11,4.3,4.11,2.0,0.39,20.0,0.5,0.5,0.4,4.1,12.9,21.7,12.9,2.0,18.2,20.0,0.5,0.5,0.4,-114.7,-68.2,-21.6,-68.2,2.0,96.4,20.0,0.5,0.5,0.4,-66.2,-39.4,-12.5,-39.4,2.0,55.7,20.0,0.5,0.5,0.4,-60.7,-36.0,-11.4,-36.0,2.0,51.0,20.0,0.5,0.5,0.4,-35.0,-20.8,-6.6,-20.8,2.0,29.4,20.0,0.5,0.5,0.4,-18.8,-11.1,-3.5,-11.1,2.0,15.8,20.0,0.5,0.5,0.4,-10.8,-6.4,-2.0,-6.4,2.0,9.1,20.0,0.5,0.5,0.4,47.5,150.5,253.0,150.5,2.0,212.5,20.0,0.5,0.5,0.4,50.0,150.0,255.0,150.0,2.0,215.0,20.0,0.5,0.5,0.4
1974,2,355.0,-30.0,23.3,23.3,23.3,23.3,1.0,0.0,16.0,1.0,0.7,0.4,22.3,22.3,22.3,22.3,1.0,0.0,16.0,1.0,0.7,0.4,13.11,13.11,13.11,13.11,1.0,0.0,16.0,1.0,0.7,0.4,79.1,79.1,79.1,79.1,1.0,0.0,16.0,1.0,0.4,2.6,2.6,2.6,2.6,1.0,0.0,16.0,1.0,0.7,0.4,-1.99,-1.99,-1.99,-1.99,1.0,0.0,16.0,1.0,0.7,0.4,-1.67,-1.67,-1.67,-1.67,1.0,0.0,16.0,1.0,0.7,0.4,1022.4,1022.4,1022.4,1022.4,1.0,0.0,16.0,1.0,0.7,0.4,2.0,2.0,2.0,2.0,1.0,0.0,16.0,1.0,0.7,0.4,-5.2,-5.2,-5.2,-5.2,1.0,0.0,16.0,1.0,0.7,0.4,-4.3,-4.3,-4.3,-4.3,1.0,0.0,16.0,1.0,0.7,0.4,1.0,1.0,1.0,1.0,1.0,0.0,16.0,1.0,0.7,0.4,2.6,2.6,2.6,2.6,1.0,0.0,16.0,1.0,0.7,0.4,4.56,4.56,4.56,4.56,1.0,0.0,16.0,1.0,0.7,0.4,11.8,11.8,11.8,11.8,1.0,0.0,16.0,1.0,0.7,0.4,-44.4,-44.4,-44.4,-44.4,1.0,0.0,16.0,1.0,0.7,0.4,-37.3,-37.3,-37.3,-37.3,1.0,0.0,16.0,1.0,0.7,0.4,-26.1,-26.1,-26.1,-26.1,1.0,0.0,16.0,1.0,0.7,0.4,-21.9,-21.9,-21.9,-21.9,1.0,0.0,16.0,1.0,0.7,0.4,-9.1,-9.1,-9.1,-9.1,1.0,0.0,16.0,1.0,0.7,0.4,-7.6,-7.6,-7.6,-7.6,1.0,0.0,16.0,1.0,0.7,0.4,17.5,17.5,17.5,17.5,1.0,0.0,16.0,1.0,0.7,0.4,20.0,20.0,20.0,20.0,1.0,0.0,16.0,1.0,0.7,0.4
1974,2,355.0,-28.0,23.9,23.9,23.9,23.9,1.0,0.0,16.0,1.0,0.7,0.9,23.9,23.9,23.9,23.9,1.0,0.0,16.0,1.0,0.7,0.9,12.87,12.87,12.87,12.87,1.0,0.0,16.0,1.0,0.7,0.9,70.4,70.4,70.4,70.4,1.0,0.0,16.0,1.0,0.9,6.2,6.2,6.2,6.2,1.0,0.0,16.0,1.0,0.7,0.9,-5.37,-5.37,-5.37,-5.37,1.0,0.0,16.0,1.0,0.7,0.9,3.1,3.1,3.1,3.1,1.0,0.0,16.0,1.0,0.7,0.9,1022.0,1022.0,1022.0,1022.0,1.0,0.0,16.0,1.0,0.7,0.9,1.0,1.0,1.0,1.0,1.0,0.0,16.0,1.0,0.7,0.9,-33.3,-33.3,-33.3,-33.3,1.0,0.0,16.0,1.0,0.7,0.9,19.2,19.2,19.2,19.2,1.0,0.0,16.0,1.0,0.7,0.9,0.0,0.0,0.0,0.0,1.0,0.0,16.0,1.0,0.7,0.9,0.0,0.0,0.0,0.0,1.0,0.0,16.0,1.0,0.7,0.9,5.46,5.46,5.46,5.46,1.0,0.0,16.0,1.0,0.7,0.9,33.9,33.9,33.9,33.9,1.0,0.0,16.0,1.0,0.7,0.9,-128.3,-128.3,-128.3,-128.3,1.0,0.0,16.0,1.0,0.7,0.9,74.1,74.1,74.1,74.1,1.0,0.0,16.0,1.0,0.7,0.9,-69.1,-69.1,-69.1,-69.1,1.0,0.0,16.0,1.0,0.7,0.9,39.9,39.9,39.9,39.9,1.0,0.0,16.0,1.0,0.7,0.9,-29.3,-29.3,-29.3,-29.3,1.0,0.0,16.0,1.0,0.7,0.9,16.9,16.9,16.9,16.9,1.0,0.0,16.0,1.0,0.7,0.9,238.5,238.5,238.5,238.5,1.0,0.0,16.0,1.0,0.7,0.9,240.0,240.0,240.0,240.0,1.0,0.0,16.0,1.0,0.7,0.9
1974,2,355.0,-27.0,22.7,22.7,22.7,22.7,1.0,0.0,12.0,0.0,0.7,1.0,21.2,21.2,21.2,21.2,1.0,0.0,12.0,0.0,0.7,1.0,11.91,11.91,11.91,11.91,1.0,0.0,12.0,0.0,0.7,1.0,76.5,76.5,76.5,76.5,1.0,0.0,12.0,0.0,1.0,5.1,5.1,5.1,5.1,1.0,0.0,12.0,0.0,0.7,1.0,-4.42,-4.42,-4.42,-4.42,1.0,0.0,12.0,0.0,0.7,1.0,2.55,2.55,2.55,2.55,1.0,0.0,12.0,0.0,0.7,1.0,1016.6,1016.6,1016.6,1016.6,1.0,0.0,12.0,0.0,0.7,1.0,8.0,8.0,8.0,8.0,1.0,0.0,12.0,0.0,0.7,1.0,-22.5,-22.5,-22.5,-22.5,1.0,0.0,12.0,0.0,0.7,1.0,13.0,13.0,13.0,13.0,1.0,0.0,12.0,0.0,0.7,1.0,1.5,1.5,1.5,1.5,1.0,0.0,12.0,0.0,0.7,1.0,7.7,7.7,7.7,7.7,1.0,0.0,12.0,0.0,0.7,1.0,5.22,5.22,5.22,5.22,1.0,0.0,12.0,0.0,0.7,1.0,26.6,26.6,26.6,26.6,1.0,0.0,12.0,0.0,0.7,1.0,-93.6,-93.6,-93.6,-93.6,1.0,0.0,12.0,0.0,0.7,1.0,54.1,54.1,54.1,54.1,1.0,0.0,12.0,0.0,0.7,1.0,-52.6,-52.6,-52.6,-52.6,1.0,0.0,12.0,0.0,0.7,1.0,30.4,30.4,30.4,30.4,1.0,0.0,12.0,0.0,0.7,1.0,-23.0,-23.0,-23.0,-23.0,1.0,0.0,12.0,0.0,0.7,1.0,13.3,13.3,13.3,13.3,1.0,0.0,12.0,0.0,0.7,1.0,132.5,132.5,132.5,132.5,1.0,0.0,12.0,0.0,0.7,1.0,135.0,135.0,135.0,135.0,1.0,0.0,12.0,0.0,0.7,1.0
1974,2,355.0,-26.0,,,,,,,,,,,,,,,,,,,,,,,,,,,,,,,,,,,,,,,,5.0,5.0,5.0,5.0,1.0,0.0,10.0,0.0,0.6,0.6,-4.33,-4.33,-4.33,-4.33,1.0,0.0,10.0,0.0,0.6,0.6,2.5,2.5,2.5,2.5,1.0,0.0,10.0,0.0,0.6,0.6,1019.1,1019.1,1019.1,1019.1,1.0,0.0,10.0,0.0,0.6,0.6,,,,,,,,,,,,,,,,,,,,,,,,,,,,,,,,,,,,,,,,,,,,,,,,,,,,,,,,,,,,,,,,,,,,,,,,,,,,,,,,,,,,,,,,,,,,,,,,,,,,,,,,,,,,,,,,,,,,,,,,,,,,,,,,,,,,,,,,,,,,,,,,,,,,,,
1974,2,355.0,-24.0,23.07,23.45,23.83,23.45,2.0,0.78,18.0,0.5,0.2,0.2,23.97,25.2,26.43,25.2,2.0,2.55,18.0,0.5,0.2,0.2,14.48,15.66,16.85,15.66,2.0,2.46,18.0,0.5,0.2,0.2,78.3,78.3,78.3,78.3,2.0,0.0,18.0,0.5,0.2,2.92,3.6,4.28,3.6,2.0,1.41,18.0,0.5,0.2,0.2,-3.76,-3.29,-2.82,-3.29,2.0,0.98,18.0,0.5,0.2,0.2,0.37,1.15,1.93,1.15,2.0,1.63,18.0,0.5,0.2,0.2,1013.94,1015.95,1017.96,1015.95,2.0,4.17,18.0,0.5,0.2,0.2,3.6,5.0,6.4,5.0,2.0,2.8,18.0,0.5,0.2,0.2,-16.5,-12.5,-8.6,-12.5,2.0,8.2,18.0,0.5,0.2,0.2,1.7,5.3,8.9,5.3,2.0,7.5,18.0,0.5,0.2,0.2,-2.6,-1.75,-0.9,-1.75,2.0,1.77,18.0,0.5,0.2,0.2,-6.9,-5.0,-3.2,-5.0,2.0,3.9,18.0,0.5,0.2,0.2,1.55,2.29,3.03,2.29,2.0,1.53,18.0,0.5,0.2,0.2,5.1,9.3,13.6,9.3,2.0,8.8,18.0,0.5,0.2,0.2,-89.6,-81.7,-73.9,-81.7,2.0,16.3,18.0,0.5,0.2,0.2,8.5,26.9,45.3,26.9,2.0,38.1,18.0,0.5,0.2,0.2,-53.9,-50.4,-46.9,-50.4,2.0,7.2,18.0,0.5,0.2,0.2,5.1,16.0,26.9,16.0,2.0,22.6,18.0,0.5,0.2,0.2,-11.8,-8.3,-4.8,-8.3,2.0,7.3,18.0,0.5,0.2,0.2,1.2,3.9,6.5,3.9,2.0,5.5,18.0,0.5,0.2,0.2,30.0,57.5,84.5,57.5,2.0,56.5,18.0,0.5,0.2,0.2,30.0,55.0,85.0,55.0,2.0,55.0,18.0,0.5,0.2,0.2
1974,2,355.0,-23.0,22.6,23.4,24.24,23.38,6.0,0.9,18.0,0.8,0.6,0.5,22.47,22.9,23.62,22.95,6.0,0.84,18.0,0.8,0.6,0.5,12.2,13.03,13.85,13.03,5.0,0.89,20.0,0.8,0.6,0.5,71.1,74.8,79.4,75.3,6.0,4.7,18.0,0.8,0.5,4.53,4.6,5.32,5.2,7.0,2.12,18.0,0.7,0.5,0.5,-4.65,-3.52,-3.5,-4.51,7.0,2.13,18.0,0.7,0.5,0.5,1.47,2.96,2.98,2.26,7.0,1.36,18.0,0.7,0.5,0.5,1015.63,1016.2,1017.23,1016.38,5.0,1.04,20.0,0.8,0.6,0.5,2.9,5.0,6.1,4.6,7.0,2.4,18.0,0.7,0.5,0.5,-25.8,-16.2,-15.9,-27.2,7.0,28.1,18.0,0.7,0.5,0.5,6.8,13.6,14.5,13.2,7.0,10.4,18.0,0.7,0.5,0.5,-1.32,0.7,1.74,0.43,6.0,1.54,18.0,0.8,0.6,0.5,-6.1,3.5,6.6,1.8,6.0,6.8,18.0,0.8,0.6,0.5,4.4,5.08,5.64,5.01,5.0,0.93,20.0,0.8,0.6,0.5,16.0,23.3,37.1,27.1,5.0,15.1,20.0,0.8,0.6,0.5,-117.3,-83.9,-78.7,-103.5,6.0,52.3,18.0,0.8,0.6,0.5,24.4,68.7,72.3,51.1,6.0,34.5,18.0,0.8,0.6,0.5,-74.1,-48.2,-44.9,-60.2,5.0,28.3,20.0,0.8,0.6,0.5,9.5,38.5,40.3,26.2,5.0,20.9,20.0,0.8,0.6,0.5,-34.9,-17.9,-14.0,-24.3,5.0,15.0,20.0,0.8,0.6,0.5,5.2,10.6,16.1,10.1,5.0,7.9,20.0,0.8,0.6,0.5,94.0,97.5,171.5,213.5,7.0,322.5,18.0,0.7,0.5,0.5,95.0,95.0,170.0,215.0,7.0,320.0,18.0,0.7,0.5,0.5
1974,2,355.0,-22.0,22.21,22.65,23.09,22.65,2.0,0.92,6.0,0.0,0.9,0.2,22.25,22.35,22.45,22.35,2.0,0.21,6.0,0.0,0.9,0.2,13.9,14.55,15.21,14.55,2.0,1.35,6.0,0.0,0.9,0.2,83.6,86.9,90.3,86.9,2.0,6.9,6.0,0.0,0.2,10.3,10.3,10.3,10.3,2.0,0.0,6.0,0.0,0.9,0.2,-9.68,-9.68,-9.68,-9.68,2.0,0.0,6.0,0.0,0.9,0.2,3.52,3.52,3.52,3.52,2.0,0.0,6.0,0.0,0.9,0.2,1017.25,1017.35,1017.45,1017.35,2.0,0.21,6.0,0.0,0.9,0.2,8.0,8.0,8.0,8.0,2.0,0.0,6.0,0.0,0.9,0.2,-99.7,-99.7,-99.7,-99.7,2.0,0.0,6.0,0.0,0.9,0.2,36.3,36.3,36.3,36.3,2.0,0.0,6.0,0.0,0.9,0.2,-0.25,0.3,0.85,0.3,2.0,1.13,6.0,0.0,0.9,0.2,-2.5,3.1,8.7,3.1,2.0,11.7,6.0,0.0,0.9,0.2,1.41,2.52,3.64,2.52,2.0,2.31,6.0,0.0,0.9,0.2,14.5,26.0,37.5,26.0,2.0,23.8,6.0,0.0,0.9,0.2,-217.3,-216.3,-215.3,-216.3,2.0,2.1,6.0,0.0,0.9,0.2,78.4,78.7,79.1,78.7,2.0,0.7,6.0,0.0,0.9,0.2,-147.2,-140.9,-134.6,-140.9,2.0,13.1,6.0,0.0,0.9,0.2,49.0,51.3,53.6,51.3,2.0,4.8,6.0,0.0,0.9,0.2,-35.2,-24.4,-13.6,-24.4,2.0,22.4,6.0,0.0,0.9,0.2,5.0,8.9,12.8,8.9,2.0,8.1,6.0,0.0,0.9,0.2,1092.5,1092.5,1092.5,1092.5,2.0,0.0,6.0,0.0,0.9,0.2,1095.0,1095.0,1095.0,1095.0,2.0,0.0,6.0,0.0,0.9,0.2
1974,2,355.0,-20.0,22.46,22.8,23.62,23.03,3.0,0.87,10.0,0.7,0.5,0.6,21.95,22.5,24.55,23.23,3.0,2.0,10.0,0.7,0.5,0.6,14.48,15.19,15.56,15.03,3.0,0.8,10.0,0.7,0.5,0.6,79.5,83.7,90.8,85.1,3.0,8.3,10.0,0.7,0.6,6.33,7.7,8.04,7.2,3.0,1.32,10.0,0.7,0.5,0.6,-6.72,-5.9,-5.53,-6.12,3.0,0.89,10.0,0.7,0.5,0.6,2.63,4.1,4.68,3.67,3.0,1.55,10.0,0.7,0.5,0.6,1013.74,1014.9,1014.97,1014.37,3.0,1.01,10.0,0.7,0.5,0.6,3.3,6.0,7.4,5.3,3.0,3.1,10.0,0.7,0.5,0.6,-54.2,-45.4,-35.3,-44.7,3.0,13.9,10.0,0.7,0.5,0.6,18.3,33.6,36.7,27.6,3.0,14.5,10.0,0.7,0.5,0.6,-0.93,0.3,0.5,-0.2,3.0,1.14,10.0,0.7,0.5,0.6,-7.9,1.7,3.7,-2.0,3.0,9.0,10.0,0.7,0.5,0.6,1.98,2.84,3.02,2.51,3.0,0.81,10.0,0.7,0.5,0.6,13.9,17.7,21.5,17.7,3.0,5.5,10.0,0.7,0.5,0.6,-164.2,-128.0,-122.9,-143.2,3.0,33.0,10.0,0.7,0.5,0.6,63.1,104.6,106.5,85.3,3.0,35.9,10.0,0.7,0.5,0.6,-104.7,-89.6,-80.2,-92.4,3.0,18.1,10.0,0.7,0.5,0.6,39.3,64.5,71.8,55.8,3.0,25.0,10.0,0.7,0.5,0.6,-19.0,-16.6,-11.6,-15.4,3.0,5.5,10.0,0.7,0.5,0.6,6.6,7.8,10.4,8.5,3.0,2.8,10.0,0.7,0.5,0.6,271.5,456.5,521.5,397.5,3.0,190.0,10.0,0.7,0.5,0.6,270.0,455.0,520.0,400.0,3.0,190.0,10.0,0.7,0.5,0.6
1974,2,355.0,-19.0,24.41,24.65,24.89,24.65,2.0,0.49,22.0,0.5,0.6,0.4,22.9,23.1,23.3,23.1,2.0,0.42,22.0,0.5,0.6,0.4,13.03,13.14,13.25,13.14,2.0,0.22,22.0,0.5,0.6,0.4,73.3,74.9,76.5,74.9,2.0,3.3,22.0,0.5,0.4,5.2,5.4,5.6,5.4,2.0,0.42,22.0,0.5,0.6,0.4,-4.19,-3.82,-3.45,-3.82,2.0,0.77,22.0,0.5,0.6,0.4,3.7,3.79,3.87,3.79,2.0,0.17,22.0,0.5,0.6,0.4,1013.34,1013.85,1014.36,1013.85,2.0,1.06,22.0,0.5,0.6,0.4,7.0,7.0,7.0,7.0,2.0,0.0,22.0,0.5,0.6,0.4,-23.6,-20.8,-18.0,-20.8,2.0,5.8,22.0,0.5,0.6,0.4,20.1,20.4,20.7,20.4,2.0,0.7,22.0,0.5,0.6,0.4,1.11,1.55,1.99,1.55,2.0,0.92,22.0,0.5,0.6,0.4,6.1,8.2,10.3,8.2,2.0,4.3,22.0,0.5,0.6,0.4,6.04,6.21,6.37,6.21,2.0,0.34,22.0,0.5,0.6,0.4,33.1,33.4,33.8,33.4,2.0,0.8,22.0,0.5,0.6,0.4,-97.8,-88.5,-79.1,-88.5,2.0,19.4,22.0,0.5,0.6,0.4,86.3,87.4,88.5,87.4,2.0,2.4,22.0,0.5,0.6,0.4,-54.6,-50.1,-45.7,-50.1,2.0,9.3,22.0,0.5,0.6,0.4,48.3,49.8,51.3,49.8,2.0,3.1,22.0,0.5,0.6,0.4,-25.3,-23.6,-21.9,-23.6,2.0,3.5,22.0,0.5,0.6,0.4,22.4,23.5,24.7,23.5,2.0,2.3,22.0,0.5,0.6,0.4,141.0,159.0,177.0,159.0,2.0,37.0,22.0,0.5,0.6,0.4,140.0,160.0,175.0,160.0,2.0,35.0,22.0,0.5,0.6,0.4
1974,2,355.0,-18.0,22.69,24.0,24.5,23.58,6.0,1.16,16.0,0.5,0.8,0.8,23.4,23.5,25.56,24.13,6.0,1.19,16.0,0.5,0.8,0.8,12.4,13.21,14.3,13.43,6.0,1.17,16.0,0.5,0.8,0.8,68.0,68.8,75.9,72.0,6.0,6.9,16.0,0.5,0.8,4.5,5.65,9.3,6.43,6.0,2.33,16.0,0.5,0.8,0.8,-7.12,-4.33,-3.09,-4.64,6.0,2.22,16.0,0.5,0.8,0.8,3.21,3.92,5.98,4.34,6.0,1.32,16.0,0.5,0.8,0.8,1013.16,1013.6,1017.7,1014.85,6.0,2.35,16.0,0.5,0.8,0.8,2.0,6.0,7.0,4.6,7.0,2.4,18.0,0.6,0.8,0.7,-66.3,-24.7,-14.0,-34.0,6.0,26.1,16.0,0.5,0.8,0.8,15.3,20.7,55.6,30.3,6.0,19.9,16.0,0.5,0.8,0.8,-1.84,-0.75,0.71,-0.55,6.0,1.35,16.0,0.5,0.8,0.8,-11.1,-5.4,3.1,-5.0,6.0,8.7,16.0,0.5,0.8,0.8,3.69,5.35,6.22,4.72,6.0,2.13,16.0,0.5,0.8,0.8,19.3,27.2,37.1,27.5,6.0,14.0,16.0,0.5,0.8,0.8,-167.4,-111.0,-72.4,-112.0,6.0,52.1,16.0,0.5,0.8,0.8,81.5,95.1,140.5,104.2,6.0,29.9,16.0,0.5,0.8,0.8,-92.4,-59.8,-38.4,-63.1,6.0,32.4,16.0,0.5,0.8,0.8,44.1,51.8,77.5,58.7,6.0,20.4,16.0,0.5,0.8,0.8,-28.4,-19.7,-7.9,-19.2,6.0,11.9,16.0,0.5,0.8,0.8,12.4,20.2,25.7,19.0,6.0,9.4,16.0,0.5,0.8,0.8,91.5,185.5,804.5,357.5,6.0,350.5,16.0,0.5,0.8,0.8,90.0,185.0,805.0,360.0,6.0,350.0,16.0,0.5,0.8,0.8
1974,2,355.0,-17.0,24.09,24.65,25.26,24.68,4.0,0.71,20.0,0.5,0.3,0.3,22.8,24.05,24.15,23.5,4.0,1.2,20.0,0.5,0.3,0.3,12.47,13.07,13.65,13.06,3.0,0.86,20.0,0.3,0.4,0.3,67.0,71.4,77.9,72.4,4.0,6.8,20.0,0.5,0.3,5.36,6.95,7.7,6.55,4.0,1.48,20.0,0.5,0.3,0.3,-6.78,-4.94,-3.74,-5.25,4.0,1.87,20.0,0.5,0.3,0.3,0.71,3.85,4.85,2.83,4.0,2.92,20.0,0.5,0.3,0.3,1012.6,1012.8,1013.0,1012.8,3.0,0.3,20.0,0.3,0.4,0.3,2.0,5.5,8.0,5.0,4.0,3.6,20.0,0.5,0.3,0.3,-52.2,-35.1,-20.3,-36.2,4.0,19.2,20.0,0.5,0.3,0.3,1.1,21.5,34.0,17.7,4.0,21.3,20.0,0.5,0.3,0.3,0.04,0.55,2.37,1.18,4.0,1.8,20.0,0.5,0.3,0.3,0.0,3.8,18.3,8.9,4.0,13.9,20.0,0.5,0.3,0.3,5.28,6.77,7.14,6.22,3.0,1.45,20.0,0.3,0.4,0.3,29.3,31.1,48.3,38.6,3.0,15.4,20.0,0.3,0.4,0.3,-154.2,-119.4,-90.0,-122.0,4.0,37.9,20.0,0.5,0.3,0.3,18.6,92.7,117.2,69.0,4.0,68.9,20.0,0.5,0.3,0.3,-85.3,-55.5,-46.9,-65.9,3.0,29.5,20.0,0.3,0.4,0.3,-0.5,36.0,56.6,28.2,3.0,42.3,20.0,0.3,0.4,0.3,-45.4,-23.9,-20.0,-32.5,3.0,20.1,20.0,0.3,0.4,0.3,-0.3,20.0,21.2,10.7,3.0,17.7,20.0,0.3,0.4,0.3,164.5,347.5,456.5,312.0,4.0,176.5,20.0,0.5,0.3,0.3,165.0,345.0,455.0,310.0,4.0,175.0,20.0,0.5,0.3,0.3
1974,2,355.0,-16.0,25.16,25.5,25.84,25.5,2.0,0.71,16.0,0.5,0.5,0.7,23.52,23.55,23.58,23.55,2.0,0.07,16.0,0.5,0.5,0.7,14.64,14.86,15.09,14.86,2.0,0.47,16.0,0.5,0.5,0.7,80.9,82.3,83.7,82.3,2.0,2.9,16.0,0.5,0.7,4.1,4.1,4.1,4.1,2.0,0.0,16.0,0.5,0.5,0.7,-3.14,-3.14,-3.14,-3.14,2.0,0.0,16.0,0.5,0.5,0.7,2.64,2.64,2.64,2.64,2.0,0.0,16.0,0.5,0.5,0.7,1012.91,1013.35,1013.79,1013.35,2.0,0.92,16.0,0.5,0.5,0.7,2.0,4.0,6.0,4.0,2.0,4.2,16.0,0.5,0.5,0.7,-12.9,-12.9,-12.9,-12.9,2.0,0.0,16.0,0.5,0.5,0.7,10.8,10.8,10.8,10.8,2.0,0.0,16.0,0.5,0.5,0.7,1.57,1.95,2.33,1.95,2.0,0.78,16.0,0.5,0.5,0.7,6.5,8.0,9.5,8.0,2.0,3.2,16.0,0.5,0.5,0.7,5.32,5.52,5.72,5.52,2.0,0.41,16.0,0.5,0.5,0.7,21.8,22.6,23.5,22.6,2.0,1.7,16.0,0.5,0.5,0.7,-74.1,-74.0,-73.9,-74.0,2.0,0.2,16.0,0.5,0.5,0.7,62.0,62.1,62.2,62.1,2.0,0.2,16.0,0.5,0.5,0.7,-47.4,-46.7,-46.0,-46.7,2.0,1.5,16.0,0.5,0.5,0.7,38.6,39.2,39.8,39.2,2.0,1.2,16.0,0.5,0.5,0.7,-18.0,-17.3,-16.7,-17.3,2.0,1.3,16.0,0.5,0.5,0.7,14.0,14.5,15.1,14.5,2.0,1.1,16.0,0.5,0.5,0.7,69.0,69.0,69.0,69.0,2.0,0.0,16.0,0.5,0.5,0.7,70.0,70.0,70.0,70.0,2.0,0.0,16.0,0.5,0.5,0.7
1974,2,355.0,-14.0,25.2,25.2,25.2,25.2,1.0,0.0,22.0,1.0,0.5,0.2,26.6,26.6,26.6,26.6,1.0,0.0,22.0,1.0,0.5,0.2,16.49,16.49,16.49,16.49,1.0,0.0,22.0,1.0,0.5,0.2,75.9,75.9,75.9,75.9,1.0,0.0,22.0,1.0,0.2,8.2,8.2,8.2,8.2,1.0,0.0,22.0,1.0,0.5,0.2,-7.71,-7.71,-7.71,-7.71,1.0,0.0,22.0,1.0,0.5,0.2,2.8,2.8,2.8,2.8,1.0,0.0,22.0,1.0,0.5,0.2,1011.4,1011.4,1011.4,1011.4,1.0,0.0,22.0,1.0,0.5,0.2,4.0,4.0,4.0,4.0,1.0,0.0,22.0,1.0,0.5,0.2,-63.2,-63.2,-63.2,-63.2,1.0,0.0,22.0,1.0,0.5,0.2,23.0,23.0,23.0,23.0,1.0,0.0,22.0,1.0,0.5,0.2,-1.4,-1.4,-1.4,-1.4,1.0,0.0,22.0,1.0,0.5,0.2,-11.5,-11.5,-11.5,-11.5,1.0,0.0,22.0,1.0,0.5,0.2,3.56,3.56,3.56,3.56,1.0,0.0,22.0,1.0,0.5,0.2,29.2,29.2,29.2,29.2,1.0,0.0,22.0,1.0,0.5,0.2,-205.0,-205.0,-205.0,-205.0,1.0,0.0,22.0,1.0,0.5,0.2,74.6,74.6,74.6,74.6,1.0,0.0,22.0,1.0,0.5,0.2,-127.1,-127.1,-127.1,-127.1,1.0,0.0,22.0,1.0,0.5,0.2,46.3,46.3,46.3,46.3,1.0,0.0,22.0,1.0,0.5,0.2,-27.4,-27.4,-27.4,-27.4,1.0,0.0,22.0,1.0,0.5,0.2,10.0,10.0,10.0,10.0,1.0,0.0,22.0,1.0,0.5,0.2,551.5,551.5,551.5,551.5,1.0,0.0,22.0,1.0,0.5,0.2,550.0,550.0,550.0,550.0,1.0,0.0,22.0,1.0,0.5,0.2
1974,2,355.0,-13.0,25.3,25.3,25.3,25.3,1.0,0.0,12.0,0.0,0.6,0.2,23.5,23.5,23.5,23.5,1.0,0.0,12.0,0.0,0.6,0.2,16.18,16.18,16.18,16.18,1.0,0.0,12.0,0.0,0.6,0.2,89.6,89.6,89.6,89.6,1.0,0.0,12.0,0.0,0.2,4.1,4.1,4.1,4.1,1.0,0.0,12.0,0.0,0.6,0.2,-2.64,-2.64,-2.64,-2.64,1.0,0.0,12.0,0.0,0.6,0.2,3.14,3.14,3.14,3.14,1.0,0.0,12.0,0.0,0.6,0.2,1012.1,1012.1,1012.1,1012.1,1.0,0.0,12.0,0.0,0.6,0.2,3.0,3.0,3.0,3.0,1.0,0.0,12.0,0.0,0.6,0.2,-10.8,-10.8,-10.8,-10.8,1.0,0.0,12.0,0.0,0.6,0.2,12.9,12.9,12.9,12.9,1.0,0.0,12.0,0.0,0.6,0.2,1.8,1.8,1.8,1.8,1.0,0.0,12.0,0.0,0.6,0.2,7.4,7.4,7.4,7.4,1.0,0.0,12.0,0.0,0.6,0.2,3.98,3.98,3.98,3.98,1.0,0.0,12.0,0.0,0.6,0.2,16.3,16.3,16.3,16.3,1.0,0.0,12.0,0.0,0.6,0.2,-61.9,-61.9,-61.9,-61.9,1.0,0.0,12.0,0.0,0.6,0.2,73.8,73.8,73.8,73.8,1.0,0.0,12.0,0.0,0.6,0.2,-42.6,-42.6,-42.6,-42.6,1.0,0.0,12.0,0.0,0.6,0.2,50.8,50.8,50.8,50.8,1.0,0.0,12.0,0.0,0.6,0.2,-10.5,-10.5,-10.5,-10.5,1.0,0.0,12.0,0.0,0.6,0.2,12.5,12.5,12.5,12.5,1.0,0.0,12.0,0.0,0.6,0.2,69.0,69.0,69.0,69.0,1.0,0.0,12.0,0.0,0.6,0.2,70.0,70.0,70.0,70.0,1.0,0.0,12.0,0.0,0.6,0.2
1974,2,355.0,-12.0,25.0,25.0,25.0,25.0,1.0,0.0,14.0,0.0,0.3,0.3,24.5,24.5,24.5,24.5,1.0,0.0,14.0,0.0,0.3,0.3,18.04,18.04,18.04,18.04,1.0,0.0,14.0,0.0,0.3,0.3,94.2,94.2,94.2,94.2,1.0,0.0,14.0,0.0,0.3,2.1,2.1,2.1,2.1,1.0,0.0,14.0,0.0,0.3,0.3,-1.97,-1.97,-1.97,-1.97,1.0,0.0,14.0,0.0,0.3,0.3,0.72,0.72,0.72,0.72,1.0,0.0,14.0,0.0,0.3,0.3,1014.0,1014.0,1014.0,1014.0,1.0,0.0,14.0,0.0,0.3,0.3,0.0,0.0,0.0,0.0,1.0,0.0,14.0,0.0,0.3,0.3,-4.1,-4.1,-4.1,-4.1,1.0,0.0,14.0,0.0,0.3,0.3,1.5,1.5,1.5,1.5,1.0,0.0,14.0,0.0,0.3,0.3,0.5,0.5,0.5,0.5,1.0,0.0,14.0,0.0,0.3,0.3,1.1,1.1,1.1,1.1,1.0,0.0,14.0,0.0,0.3,0.3,1.72,1.72,1.72,1.72,1.0,0.0,14.0,0.0,0.3,0.3,3.6,3.6,3.6,3.6,1.0,0.0,14.0,0.0,0.3,0.3,-48.3,-48.3,-48.3,-48.3,1.0,0.0,14.0,0.0,0.3,0.3,17.6,17.6,17.6,17.6,1.0,0.0,14.0,0.0,0.3,0.3,-35.6,-35.6,-35.6,-35.6,1.0,0.0,14.0,0.0,0.3,0.3,13.0,13.0,13.0,13.0,1.0,0.0,14.0,0.0,0.3,0.3,-3.4,-3.4,-3.4,-3.4,1.0,0.0,14.0,0.0,0.3,0.3,1.2,1.2,1.2,1.2,1.0,0.0,14.0,0.0,0.3,0.3,9.5,9.5,9.5,9.5,1.0,0.0,14.0,0.0,0.3,0.3,10.0,10.0,10.0,10.0,1.0,0.0,14.0,0.0,0.3,0.3
1974,2,355.0,-11.0,27.0,27.0,27.0,27.0,1.0,0.0,8.0,1.0,1.0,1.0,26.0,26.0,26.0,26.0,1.0,0.0,8.0,1.0,1.0,1.0,13.88,13.88,13.88,13.88,1.0,0.0,8.0,1.0,1.0,1.0,66.1,66.1,66.1,66.1,1.0,0.0,8.0,1.0,1.0,3.1,3.1,3.1,3.1,1.0,0.0,8.0,1.0,1.0,1.0,-1.99,-1.99,-1.99,-1.99,1.0,0.0,8.0,1.0,1.0,1.0,2.37,2.37,2.37,2.37,1.0,0.0,8.0,1.0,1.0,1.0,1009.4,1009.4,1009.4,1009.4,1.0,0.0,8.0,1.0,1.0,1.0,1.0,1.0,1.0,1.0,1.0,0.0,8.0,1.0,1.0,1.0,-6.2,-6.2,-6.2,-6.2,1.0,0.0,8.0,1.0,1.0,1.0,7.4,7.4,7.4,7.4,1.0,0.0,8.0,1.0,1.0,1.0,1.0,1.0,1.0,1.0,1.0,0.0,8.0,1.0,1.0,1.0,3.1,3.1,3.1,3.1,1.0,0.0,8.0,1.0,1.0,1.0,8.5,8.5,8.5,8.5,1.0,0.0,8.0,1.0,1.0,1.0,26.3,26.3,26.3,26.3,1.0,0.0,8.0,1.0,1.0,1.0,-51.8,-51.8,-51.8,-51.8,1.0,0.0,8.0,1.0,1.0,1.0,61.7,61.7,61.7,61.7,1.0,0.0,8.0,1.0,1.0,1.0,-27.7,-27.7,-27.7,-27.7,1.0,0.0,8.0,1.0,1.0,1.0,33.0,33.0,33.0,33.0,1.0,0.0,8.0,1.0,1.0,1.0,-16.9,-16.9,-16.9,-16.9,1.0,0.0,8.0,1.0,1.0,1.0,20.2,20.2,20.2,20.2,1.0,0.0,8.0,1.0,1.0,1.0,30.0,30.0,30.0,30.0,1.0,0.0,8.0,1.0,1.0,1.0,30.0,30.0,30.0,30.0,1.0,0.0,8.0,1.0,1.0,1.0
1974,2,355.0,-10.0,26.5,27.0,28.11,27.32,5.0,1.04,16.0,0.4,0.8,0.5,26.07,27.0,28.53,27.2,8.0,1.15,14.0,0.5,0.7,0.5,15.27,16.75,17.22,16.26,3.0,1.49,12.0,0.3,0.8,0.4,66.7,68.7,76.6,71.5,4.0,7.9,14.0,0.5,0.5,2.6,3.85,7.53,4.56,8.0,2.73,14.0,0.5,0.7,0.5,-5.69,-2.6,-1.11,-3.31,8.0,2.37,14.0,0.5,0.7,0.5,1.42,2.98,4.71,2.96,8.0,1.75,14.0,0.5,0.7,0.5,1009.9,1011.1,1012.56,1011.0,7.0,1.81,14.0,0.4,0.7,0.5,0.1,2.0,4.0,2.3,8.0,2.0,14.0,0.5,0.7,0.5,-43.1,-9.9,-2.7,-20.6,8.0,23.4,14.0,0.5,0.7,0.5,3.7,11.8,36.9,17.3,8.0,15.7,14.0,0.5,0.7,0.5,-0.93,0.5,1.48,0.34,5.0,1.86,16.0,0.4,0.8,0.5,-3.8,3.7,5.8,1.3,5.0,7.2,16.0,0.4,0.8,0.5,4.48,5.0,8.81,6.61,3.0,3.46,12.0,0.3,0.8,0.4,26.1,32.7,32.8,29.5,3.0,5.6,12.0,0.3,0.8,0.4,-148.3,-72.4,-29.9,-89.3,8.0,62.8,14.0,0.5,0.7,0.5,37.6,86.1,127.0,80.4,8.0,46.9,14.0,0.5,0.7,0.5,-85.9,-49.5,-35.6,-60.5,3.0,38.1,12.0,0.3,0.8,0.4,42.4,59.0,77.6,60.0,3.0,25.9,12.0,0.3,0.8,0.4,-23.8,-21.1,-16.8,-20.3,3.0,5.2,12.0,0.3,0.8,0.4,18.7,21.0,23.8,21.3,3.0,3.8,12.0,0.3,0.8,0.4,17.5,63.5,432.5,189.5,8.0,245.5,14.0,0.5,0.7,0.5,20.0,65.0,430.0,190.0,8.0,245.0,14.0,0.5,0.7,0.5
1974,2,355.0,-9.0,26.0,27.0,27.8,27.03,21.0,0.97,12.0,0.4,0.7,0.6,25.15,26.5,28.25,26.74,23.0,1.65,12.0,0.4,0.7,0.6,15.37,16.03,17.5,16.48,15.0,1.76,12.0,0.4,0.7,0.6,66.7,75.2,85.7,76.3,15.0,10.5,12.0,0.4,0.6,3.1,5.1,6.95,5.28,23.0,1.79,12.0,0.4,0.7,0.6,-5.16,-3.21,-1.48,-3.12,23.0,1.93,12.0,0.4,0.7,0.6,2.17,3.83,5.72,3.83,23.0,1.78,12.0,0.4,0.7,0.6,1008.25,1010.0,1013.25,1010.27,23.0,2.16,12.0,0.4,0.7,0.6,1.0,2.0,4.0,2.8,24.0,1.9,12.0,0.4,0.7,0.6,-33.7,-16.1,-5.1,-18.8,23.0,15.3,12.0,0.4,0.7,0.6,7.9,19.2,37.6,22.2,23.0,15.4,12.0,0.4,0.7,0.6,-1.0,0.45,2.0,0.49,20.0,1.62,12.0,0.4,0.7,0.6,-4.9,2.6,8.2,2.0,20.0,9.5,12.0,0.4,0.7,0.6,4.67,6.5,7.34,6.15,13.0,1.93,12.0,0.4,0.6,0.6,21.5,31.5,49.8,33.9,13.0,14.0,12.0,0.4,0.6,0.6,-137.6,-86.0,-50.2,-86.4,22.0,51.2,12.0,0.4,0.7,0.7,55.8,102.2,154.6,102.6,22.0,48.3,12.0,0.4,0.7,0.7,-79.2,-55.0,-31.4,-53.3,15.0,32.3,12.0,0.4,0.7,0.6,37.2,65.5,98.1,71.4,15.0,33.3,12.0,0.4,0.7,0.6,-33.4,-16.8,-4.8,-19.4,13.0,16.0,12.0,0.4,0.6,0.6,16.0,24.1,32.6,24.9,13.0,10.4,12.0,0.4,0.6,0.6,30.0,132.5,337.5,195.5,23.0,164.5,12.0,0.4,0.7,0.6,30.0,135.0,340.0,195.0,23.0,165.0,12.0,0.4,0.7,0.6
1974,2,355.0,-8.0,26.4,27.2,28.0,27.19,62.0,0.98,14.0,0.5,0.7,0.6,25.5,26.65,28.34,26.78,66.0,1.4,14.0,0.5,0.6,0.7,15.43,16.66,18.33,16.8,46.0,1.57,14.0,0.5,0.7,0.7,70.9,76.6,83.9,77.1,48.0,7.2,14.0,0.5,0.6,3.07,5.1,6.7,5.08,62.0,1.88,14.0,0.5,0.6,0.7,-4.5,-3.21,-1.47,-3.15,62.0,1.59,14.0,0.5,0.6,0.7,2.16,3.91,5.13,3.77,62.0,1.65,14.0,0.5,0.6,0.7,1009.0,1010.45,1012.5,1010.68,64.0,1.98,14.0,0.5,0.7,0.7,2.0,3.0,6.0,3.4,68.0,2.0,14.0,0.5,0.6,0.7,-30.2,-16.2,-4.3,-18.4,62.0,13.4,14.0,0.5,0.6,0.7,5.9,19.9,31.9,21.7,62.0,15.5,14.0,0.5,0.6,0.7,-0.4,0.7,1.2,0.41,60.0,1.24,14.0,0.5,0.7,0.6,-2.7,2.1,5.8,1.7,57.0,6.7,14.0,0.5,0.7,0.7,4.18,5.67,6.89,5.65,44.0,1.36,14.0,0.5,0.7,0.7,13.4,28.6,46.1,28.6,43.0,14.0,14.0,0.5,0.7,0.7,-115.7,-86.8,-36.3,-83.6,60.0,42.4,14.0,0.5,0.7,0.6,52.9,104.1,135.1,100.4,60.0,45.0,14.0,0.5,0.7,0.6,-73.0,-51.8,-23.1,-52.0,45.0,24.1,14.0,0.5,0.7,0.6,37.3,62.0,84.3,62.0,45.0,25.7,14.0,0.5,0.7,0.6,-32.8,-16.7,-6.4,-18.4,43.0,11.2,14.0,0.5,0.7,0.7,9.9,22.4,29.7,20.8,43.0,10.8,14.0,0.5,0.7,0.7,29.0,132.5,301.0,183.0,62.0,173.0,14.0,0.5,0.6,0.7,30.0,135.0,300.0,185.0,62.0,175.0,14.0,0.5,0.6,0.7
1974,2,355.0,-7.0,26.5,27.45,28.3,27.41,94.0,0.97,14.0,0.6,0.5,0.5,25.8,27.0,28.0,26.97,96.0,1.18,14.0,0.5,0.6,0.5,16.07,16.99,18.44,17.21,84.0,1.36,14.0,0.5,0.6,0.5,71.5,77.6,83.7,77.6,86.0,6.0,14.0,0.5,0.5,3.22,5.1,6.7,5.19,97.0,1.65,14.0,0.6,0.5,0.5,-4.4,-2.96,-1.6,-2.98,97.0,1.57,14.0,0.6,0.5,0.5,2.41,3.91,5.8,4.01,97.0,1.51,14.0,0.6,0.5,0.5,1008.64,1010.05,1012.36,1010.49,98.0,1.98,14.0,0.6,0.5,0.5,2.0,3.0,6.0,3.5,97.0,2.0,14.0,0.6,0.5,0.5,-28.2,-13.6,-5.7,-17.0,97.0,13.6,14.0,0.6,0.5,0.5,8.5,19.9,38.9,22.9,97.0,14.4,14.0,0.6,0.5,0.5,-0.67,0.5,1.4,0.45,91.0,1.28,14.0,0.5,0.6,0.5,-3.7,2.6,8.7,2.0,89.0,6.9,14.0,0.6,0.6,0.5,4.51,5.99,7.32,5.77,82.0,1.66,14.0,0.6,0.6,0.5,18.2,27.6,39.4,28.6,80.0,11.8,14.0,0.6,0.6,0.5,-116.5,-78.7,-43.4,-80.1,93.0,43.3,14.0,0.5,0.6,0.5,65.2,108.6,158.6,109.6,93.0,41.3,14.0,0.5,0.6,0.5,-72.4,-48.6,-27.1,-50.4,82.0,25.6,14.0,0.6,0.6,0.5,41.6,68.2,98.4,68.2,82.0,26.4,14.0,0.6,0.6,0.5,-25.3,-15.8,-8.4,-16.5,80.0,10.1,14.0,0.6,0.6,0.5,12.7,20.9,32.1,22.0,80.0,9.9,14.0,0.6,0.6,0.5,34.0,132.5,301.0,183.0,97.0,164.0,14.0,0.6,0.5,0.5,35.0,135.0,300.0,185.0,97.0,165.0,14.0,0.6,0.5,0.5
1974,2,355.0,-6.0,27.0,27.5,28.3,27.58,35.0,0.96,12.0,0.5,0.4,0.4,26.09,27.0,28.0,27.08,38.0,1.16,12.0,0.6,0.4,0.4,16.43,16.84,17.88,17.03,33.0,0.78,14.0,0.6,0.4,0.4,71.9,76.7,79.9,76.5,34.0,4.0,14.0,0.6,0.4,3.6,4.6,6.7,5.05,36.0,1.53,12.0,0.5,0.4,0.4,-3.99,-2.3,-1.02,-2.36,36.0,1.43,12.0,0.5,0.4,0.4,3.01,4.32,5.8,4.3,36.0,1.36,12.0,0.5,0.4,0.4,1007.57,1009.7,1011.64,1009.66,37.0,2.17,12.0,0.6,0.4,0.4,1.0,3.0,7.0,3.6,38.0,2.4,12.0,0.6,0.4,0.4,-24.7,-10.6,-2.8,-13.4,36.0,10.0,12.0,0.5,0.4,0.4,11.2,19.9,36.1,23.5,36.0,13.3,12.0,0.5,0.4,0.4,-0.4,0.7,1.42,0.61,35.0,1.08,12.0,0.5,0.4,0.4,0.0,4.0,8.7,3.9,33.0,4.9,12.0,0.5,0.4,0.4,5.02,6.02,7.28,6.22,31.0,1.49,12.0,0.5,0.4,0.4,19.9,30.6,43.9,31.6,31.0,11.6,12.0,0.5,0.4,0.4,-109.5,-60.5,-28.4,-63.4,36.0,38.4,12.0,0.5,0.4,0.4,80.2,116.5,151.6,115.8,36.0,35.9,12.0,0.5,0.4,0.4,-67.6,-38.0,-17.4,-38.7,33.0,24.4,14.0,0.6,0.4,0.4,52.3,71.4,97.1,72.8,33.0,22.3,14.0,0.6,0.4,0.4,-24.0,-13.8,-4.8,-14.6,31.0,10.0,12.0,0.5,0.4,0.4,17.5,26.5,37.0,27.1,31.0,9.5,12.0,0.5,0.4,0.4,46.5,97.5,301.0,163.0,36.0,126.5,12.0,0.5,0.4,0.4,45.0,95.0,300.0,165.0,36.0,125.0,12.0,0.5,0.4,0.4
1974,2,355.0,-5.0,27.0,27.8,28.79,27.79,10.0,0.84,12.0,0.1,0.6,0.7,26.0,27.0,28.2,27.24,11.0,1.33,12.0,0.2,0.6,0.6,16.81,17.5,17.65,17.24,4.0,0.7,16.0,0.3,0.5,0.6,75.7,78.0,85.4,80.4,4.0,7.5,16.0,0.3,0.6,4.0,6.95,9.11,6.77,10.0,2.35,14.0,0.2,0.6,0.6,-4.49,-3.39,-1.77,-3.11,10.0,1.59,14.0,0.2,0.6,0.6,3.36,5.32,8.78,5.79,10.0,2.44,14.0,0.2,0.6,0.6,1009.22,1010.2,1013.45,1011.25,11.0,2.67,12.0,0.2,0.6,0.6,2.4,3.0,5.1,3.3,10.0,1.8,14.0,0.2,0.6,0.6,-33.8,-26.0,-6.7,-22.0,10.0,14.8,14.0,0.2,0.6,0.6,13.4,37.0,80.4,44.2,10.0,30.9,14.0,0.2,0.6,0.6,-0.9,0.4,2.29,0.63,10.0,1.57,12.0,0.1,0.6,0.7,-1.9,5.4,20.2,6.5,9.0,12.3,12.0,0.1,0.6,0.6,5.91,5.95,7.08,6.48,3.0,0.97,12.0,0.0,0.5,0.6,31.2,39.4,45.8,38.5,3.0,10.7,12.0,0.0,0.5,0.6,-119.4,-91.4,-49.8,-84.7,10.0,43.1,14.0,0.2,0.6,0.6,96.5,141.2,226.4,155.9,10.0,63.2,14.0,0.2,0.6,0.6,-64.5,-49.6,-19.3,-42.2,4.0,30.6,16.0,0.3,0.5,0.6,64.9,114.4,153.6,109.5,4.0,52.8,16.0,0.3,0.5,0.6,-22.9,-17.6,-5.6,-14.3,3.0,13.0,12.0,0.0,0.5,0.6,23.9,30.2,42.9,33.3,3.0,14.2,12.0,0.0,0.5,0.6,64.0,337.0,774.0,411.0,10.0,348.5,14.0,0.2,0.6,0.6,65.0,335.0,775.0,410.0,10.0,350.0,14.0,0.2,0.6,0.6
1974,2,355.0,-4.0,27.08,28.0,28.97,28.03,9.0,1.19,16.0,0.8,0.6,0.6,26.34,27.6,29.78,28.09,9.0,1.68,16.0,0.8,0.6,0.6,18.02,18.09,20.41,19.16,4.0,2.22,16.0,1.0,0.7,0.5,75.8,78.4,83.7,79.7,4.0,6.3,16.0,1.0,0.5,3.2,5.1,7.86,5.45,8.0,2.29,16.0,0.9,0.6,0.7,-3.9,-2.27,-1.14,-2.45,8.0,1.27,16.0,0.9,0.6,0.7,2.97,4.6,6.73,4.82,8.0,2.04,16.0,0.9,0.6,0.7,1007.16,1009.9,1014.15,1010.39,8.0,3.18,14.0,0.8,0.7,0.6,1.2,4.0,7.8,4.3,8.0,3.0,16.0,0.9,0.6,0.7,-28.7,-11.0,-3.8,-15.5,8.0,12.1,16.0,0.9,0.6,0.7,9.6,23.5,53.1,30.3,8.0,24.3,16.0,0.9,0.6,0.7,-1.37,-0.3,1.17,-0.06,9.0,1.62,16.0,0.8,0.6,0.6,-9.5,-1.7,6.0,-2.6,8.0,10.2,16.0,0.9,0.6,0.7,2.79,4.4,7.23,4.98,4.0,2.78,16.0,1.0,0.7,0.5,15.2,19.2,21.5,18.4,4.0,4.1,16.0,1.0,0.7,0.5,-114.5,-63.4,-32.7,-69.8,8.0,37.1,16.0,0.9,0.6,0.7,84.1,135.1,205.7,137.1,8.0,58.8,16.0,0.9,0.6,0.7,-68.1,-38.2,-17.5,-42.6,4.0,30.1,16.0,1.0,0.7,0.5,48.1,72.5,96.2,72.2,4.0,27.9,16.0,1.0,0.7,0.5,-10.6,-7.1,-6.3,-8.4,4.0,3.3,16.0,1.0,0.7,0.5,13.4,16.2,19.0,16.2,4.0,4.0,16.0,1.0,0.7,0.5,33.5,132.5,488.5,240.0,8.0,257.5,16.0,0.9,0.6,0.7,35.0,135.0,490.0,240.0,8.0,260.0,16.0,0.9,0.6,0.7
1974,2,355.0,-3.0,26.63,28.0,28.14,27.4,3.0,1.22,22.0,1.0,0.3,0.6,27.9,28.1,29.4,28.63,3.0,1.19,22.0,1.0,0.3,0.6,19.04,19.04,19.04,19.04,1.0,0.0,10.0,1.0,0.3,1.0,81.3,81.3,81.3,81.3,1.0,0.0,10.0,1.0,1.0,1.48,4.05,5.37,3.45,4.0,2.55,20.0,0.8,0.3,0.5,-1.49,0.0,0.9,-0.28,4.0,1.89,20.0,0.8,0.3,0.5,1.48,3.9,4.82,3.18,4.0,2.27,20.0,0.8,0.3,0.5,1009.29,1011.0,1011.2,1010.27,3.0,1.54,22.0,1.0,0.3,0.6,2.5,4.0,5.0,3.8,4.0,1.5,20.0,0.8,0.3,0.5,-8.5,0.0,4.5,-1.9,4.0,10.4,20.0,0.8,0.3,0.5,4.6,16.6,25.9,15.3,4.0,12.9,20.0,0.8,0.3,0.5,-1.94,-1.8,-0.5,-1.23,3.0,1.16,22.0,1.0,0.3,0.6,-9.0,-6.2,-2.0,-5.5,3.0,5.2,22.0,1.0,0.3,0.6,2.06,2.06,2.06,2.06,1.0,0.0,10.0,1.0,0.3,1.0,11.7,11.7,11.7,11.7,1.0,0.0,10.0,1.0,0.3,1.0,-54.1,0.0,0.0,-26.4,3.0,45.7,22.0,1.0,0.3,0.6,29.5,93.0,123.2,76.7,3.0,70.0,22.0,1.0,0.3,0.6,-54.3,-54.3,-54.3,-54.3,1.0,0.0,10.0,1.0,0.3,1.0,94.0,94.0,94.0,94.0,1.0,0.0,10.0,1.0,0.3,1.0,-5.9,-5.9,-5.9,-5.9,1.0,0.0,10.0,1.0,0.3,1.0,10.2,10.2,10.2,10.2,1.0,0.0,10.0,1.0,0.3,1.0,14.0,77.5,156.5,85.0,4.0,85.5,20.0,0.8,0.3,0.5,15.0,75.0,155.0,85.0,4.0,85.0,20.0,0.8,0.3,0.5
1974,2,355.0,-1.0,26.54,27.7,27.97,27.27,3.0,1.12,14.0,1.0,0.6,0.7,26.57,27.35,27.55,27.08,4.0,0.74,14.0,0.8,0.6,0.6,17.54,18.13,18.95,18.24,4.0,0.83,14.0,0.8,0.6,0.6,79.2,83.0,83.4,81.4,4.0,3.6,14.0,0.8,0.6,4.77,5.15,5.53,5.15,2.0,0.78,6.0,1.0,0.6,0.8,-2.65,-2.21,-1.78,-2.21,2.0,0.9,6.0,1.0,0.6,0.8,4.42,4.63,4.84,4.63,2.0,0.43,6.0,1.0,0.6,0.8,1007.98,1009.15,1011.48,1009.7,4.0,2.39,14.0,0.8,0.6,0.6,2.9,5.5,6.0,4.5,4.0,2.4,14.0,0.8,0.6,0.6,-14.8,-11.7,-8.7,-11.7,2.0,6.4,6.0,1.0,0.6,0.8,21.2,24.0,26.8,24.0,2.0,5.8,6.0,1.0,0.6,0.8,-0.79,0.1,0.44,-0.17,3.0,0.93,14.0,1.0,0.6,0.7,-5.3,-2.0,1.2,-2.0,2.0,6.8,6.0,1.0,0.6,0.8,3.15,4.76,5.43,4.3,3.0,1.71,14.0,1.0,0.6,0.7,15.0,17.8,20.6,17.8,2.0,5.8,6.0,1.0,0.6,0.8,-72.1,-60.4,-48.7,-60.4,2.0,24.2,6.0,1.0,0.6,0.8,121.3,126.6,131.8,126.6,2.0,10.9,6.0,1.0,0.6,0.8,-49.6,-41.7,-33.8,-41.7,2.0,16.3,6.0,1.0,0.6,0.8,84.4,87.6,90.8,87.6,2.0,6.6,6.0,1.0,0.6,0.8,-7.4,-7.2,-6.9,-7.2,2.0,0.5,6.0,1.0,0.6,0.8,13.2,16.2,19.2,16.2,2.0,6.2,6.0,1.0,0.6,0.8,111.5,141.5,171.5,141.5,2.0,62.0,6.0,1.0,0.6,0.8,110.0,140.0,170.0,140.0,2.0,60.0,6.0,1.0,0.6,0.8
1974,2,355.0,0.0,27.79,28.15,28.42,28.03,6.0,0.55,10.0,0.3,0.7,0.5,27.0,27.35,27.68,27.38,6.0,0.39,10.0,0.3,0.8,0.6,18.5,19.03,19.75,19.12,3.0,0.92,8.0,0.3,0.9,0.6,82.1,84.4,86.0,84.1,4.0,2.6,6.0,0.3,0.5,3.25,4.6,5.33,4.1,6.0,2.13,10.0,0.5,0.8,0.6,-3.19,-1.23,0.0,-1.51,6.0,1.52,10.0,0.5,0.8,0.6,2.35,4.21,5.09,3.63,6.0,1.96,10.0,0.5,0.8,0.6,1007.69,1008.7,1009.61,1008.62,6.0,1.33,12.0,0.5,0.7,0.6,2.9,7.0,8.0,5.4,7.0,3.2,10.0,0.4,0.7,0.6,-16.8,-5.9,0.0,-7.9,6.0,8.2,10.0,0.5,0.8,0.6,10.8,18.3,27.2,18.2,6.0,11.3,10.0,0.5,0.8,0.6,0.63,1.0,1.31,0.98,5.0,0.4,8.0,0.2,0.8,0.5,1.5,4.4,7.5,4.5,4.0,3.9,6.0,0.3,0.9,0.5,4.52,5.44,5.89,5.21,3.0,1.03,8.0,0.3,0.9,0.6,21.7,28.0,31.9,26.9,3.0,7.5,8.0,0.3,0.9,0.6,-88.7,-42.8,-15.7,-49.7,5.0,40.5,8.0,0.4,0.9,0.6,51.8,117.6,142.2,97.0,5.0,59.7,8.0,0.4,0.9,0.6,-67.0,-59.0,-38.3,-52.8,3.0,21.7,8.0,0.3,0.9,0.6,65.6,78.9,94.8,80.2,3.0,21.4,8.0,0.3,0.9,0.6,-16.1,-14.4,-11.1,-13.6,3.0,3.7,8.0,0.3,0.9,0.6,16.6,26.4,28.3,22.5,3.0,9.2,8.0,0.3,0.9,0.6,54.5,97.5,154.5,106.0,6.0,78.5,10.0,0.5,0.8,0.6,55.0,95.0,155.0,105.0,6.0,80.0,10.0,0.5,0.8,0.6
1974,2,355.0,1.0,28.43,28.5,28.57,28.5,2.0,0.14,28.0,0.5,0.8,0.2,26.84,27.15,27.46,27.15,2.0,0.64,28.0,0.5,0.8,0.2,17.89,18.67,19.45,18.67,2.0,1.62,28.0,0.5,0.8,0.2,78.3,83.2,88.1,83.2,2.0,10.2,28.0,0.5,0.2,3.34,3.85,4.36,3.85,2.0,1.06,28.0,0.5,0.8,0.2,-0.09,0.88,1.85,0.88,2.0,2.01,28.0,0.5,0.8,0.2,3.2,3.52,3.84,3.52,2.0,0.66,28.0,0.5,0.8,0.2,1011.37,1011.75,1012.13,1011.75,2.0,0.78,28.0,0.5,0.8,0.2,4.5,5.5,6.5,5.5,2.0,2.1,28.0,0.5,0.8,0.2,0.3,4.5,8.6,4.5,2.0,8.7,28.0,0.5,0.8,0.2,10.9,13.9,16.9,13.9,2.0,6.3,28.0,0.5,0.8,0.2,1.11,1.35,1.59,1.35,2.0,0.49,28.0,0.5,0.8,0.2,4.7,4.9,5.2,4.9,2.0,0.5,28.0,0.5,0.8,0.2,4.87,5.74,6.61,5.74,2.0,1.8,28.0,0.5,0.8,0.2,16.8,23.0,29.3,23.0,2.0,13.0,28.0,0.5,0.8,0.2,-2.0,24.6,51.1,24.6,2.0,55.1,28.0,0.5,0.8,0.2,86.0,95.7,105.4,95.7,2.0,20.1,28.0,0.5,0.8,0.2,-2.6,14.8,32.2,14.8,2.0,36.0,28.0,0.5,0.8,0.2,62.0,65.1,68.3,65.1,2.0,6.6,28.0,0.5,0.8,0.2,0.5,6.9,13.2,6.9,2.0,13.1,28.0,0.5,0.8,0.2,15.9,20.8,25.7,20.8,2.0,10.1,28.0,0.5,0.8,0.2,40.5,63.5,86.5,63.5,2.0,48.0,28.0,0.5,0.8,0.2,40.0,65.0,85.0,65.0,2.0,50.0,28.0,0.5,0.8,0.2
1974,2,355.0,2.0,27.83,28.5,29.79,28.77,6.0,1.29,10.0,0.8,0.5,0.5,27.78,28.0,28.34,28.0,6.0,0.41,10.0,0.8,0.5,0.5,18.53,18.69,18.78,18.66,3.0,0.18,8.0,1.0,0.5,0.4,77.3,78.9,79.5,78.4,3.0,1.7,8.0,1.0,0.4,1.98,2.1,4.83,3.3,6.0,2.46,10.0,0.8,0.5,0.5,-0.49,0.53,4.6,1.73,6.0,3.13,10.0,0.8,0.5,0.5,1.17,1.71,2.49,1.83,6.0,1.29,10.0,0.8,0.5,0.5,1008.79,1009.15,1011.18,1009.88,6.0,1.91,10.0,0.8,0.5,0.5,5.0,8.0,8.0,6.8,5.0,1.6,10.0,1.0,0.6,0.4,-0.9,1.1,24.1,11.7,6.0,22.4,10.0,0.8,0.5,0.5,1.8,3.6,10.1,7.6,6.0,12.0,10.0,0.8,0.5,0.5,-0.02,0.4,1.69,0.77,6.0,1.01,10.0,0.8,0.5,0.5,0.0,0.8,6.5,4.0,6.0,7.6,10.0,0.8,0.5,0.5,5.8,5.97,6.86,6.32,3.0,0.83,8.0,1.0,0.5,0.4,9.8,12.5,14.4,12.1,3.0,3.4,8.0,1.0,0.5,0.4,-13.7,14.3,129.6,48.8,6.0,88.9,10.0,0.8,0.5,0.5,33.2,47.3,70.0,51.5,6.0,36.7,10.0,0.8,0.5,0.5,-18.7,-4.8,-1.5,-10.0,3.0,13.4,8.0,1.0,0.5,0.4,28.2,30.1,36.5,32.3,3.0,6.4,8.0,1.0,0.5,0.4,-7.2,-1.5,-0.5,-3.8,3.0,5.3,8.0,1.0,0.5,0.4,9.5,11.7,12.3,10.9,3.0,2.2,8.0,1.0,0.5,0.4,8.0,9.5,156.5,101.0,6.0,202.5,10.0,0.8,0.5,0.5,10.0,10.0,155.0,100.0,6.0,205.0,10.0,0.8,0.5,0.5
1974,2,355.0,3.0,28.57,29.15,29.73,29.15,2.0,1.2,16.0,0.5,0.3,0.6,27.05,27.8,28.55,27.8,2.0,1.56,16.0,0.5,0.3,0.6,19.23,19.4,19.57,19.4,2.0,0.35,16.0,0.5,0.3,0.6,79.9,82.9,85.8,82.9,2.0,6.1,16.0,0.5,0.6,2.42,3.1,3.78,3.1,2.0,1.41,16.0,0.5,0.3,0.6,-1.07,-0.34,0.38,-0.34,2.0,1.5,16.0,0.5,0.3,0.6,2.27,2.91,3.55,2.91,2.0,1.33,16.0,0.5,0.3,0.6,1007.41,1007.85,1008.29,1007.85,2.0,0.92,16.0,0.5,0.3,0.6,1.3,4.0,6.7,4.0,2.0,5.7,16.0,0.5,0.3,0.6,-4.6,-2.1,0.4,-2.1,2.0,5.1,16.0,0.5,0.3,0.6,6.0,10.0,13.9,10.0,2.0,8.2,16.0,0.5,0.3,0.6,1.18,1.35,1.52,1.35,2.0,0.35,16.0,0.5,0.3,0.6,3.5,3.9,4.3,3.9,2.0,0.8,16.0,0.5,0.3,0.6,5.37,6.08,6.79,6.08,2.0,1.47,16.0,0.5,0.3,0.6,13.5,19.9,26.2,19.9,2.0,13.2,16.0,0.5,0.3,0.6,-31.1,-10.7,9.7,-10.7,2.0,42.2,16.0,0.5,0.3,0.6,62.0,82.0,102.0,82.0,2.0,41.5,16.0,0.5,0.3,0.6,-21.0,-6.9,7.2,-6.9,2.0,29.2,16.0,0.5,0.3,0.6,43.8,56.8,69.7,56.8,2.0,26.8,16.0,0.5,0.3,0.6,-7.8,-3.2,1.5,-3.2,2.0,9.6,16.0,0.5,0.3,0.6,12.7,18.7,24.7,18.7,2.0,12.4,16.0,0.5,0.3,0.6,18.5,39.0,59.5,39.0,2.0,42.0,16.0,0.5,0.3,0.6,20.0,40.0,60.0,40.0,2.0,40.0,16.0,0.5,0.3,0.6
1974,2,355.0,4.0,27.0,28.0,29.01,28.05,26.0,1.15,14.0,0.4,0.5,0.4,27.2,28.05,29.0,28.1,26.0,1.12,14.0,0.4,0.5,0.4,18.22,18.99,20.08,19.22,20.0,1.19,14.0,0.4,0.5,0.4,76.8,80.8,86.2,81.7,22.0,5.5,12.0,0.4,0.4,1.4,2.6,5.1,3.17,25.0,2.12,12.0,0.4,0.5,0.4,0.0,1.05,3.15,1.66,25.0,2.33,12.0,0.4,0.5,0.4,0.0,1.82,3.31,1.93,25.0,1.67,12.0,0.4,0.5,0.4,1007.3,1009.0,1010.1,1008.99,24.0,1.87,14.0,0.4,0.5,0.4,2.8,6.0,8.0,5.6,25.0,2.8,12.0,0.4,0.5,0.4,0.0,2.9,15.5,8.7,25.0,15.8,12.0,0.4,0.5,0.4,0.0,4.3,17.4,8.3,25.0,11.5,12.0,0.4,0.5,0.4,-1.21,0.05,0.91,-0.04,26.0,1.38,14.0,0.4,0.5,0.4,-2.5,0.0,2.2,0.9,25.0,7.8,12.0,0.4,0.5,0.4,3.24,4.66,5.68,4.58,20.0,1.28,14.0,0.4,0.5,0.4,4.2,13.5,20.9,14.2,19.0,12.4,14.0,0.4,0.5,0.4,0.0,29.6,91.7,46.7,25.0,64.3,12.0,0.4,0.5,0.4,0.0,51.3,94.0,54.4,25.0,47.2,12.0,0.4,0.5,0.4,0.0,15.0,49.1,26.7,19.0,37.6,14.0,0.4,0.5,0.4,0.0,36.0,61.6,38.3,19.0,36.1,14.0,0.4,0.5,0.4,0.0,2.6,15.2,6.9,19.0,11.1,14.0,0.4,0.5,0.4,0.0,8.3,15.6,9.4,19.0,10.0,14.0,0.4,0.5,0.4,3.0,17.5,132.5,79.5,25.0,148.5,12.0,0.4,0.5,0.4,5.0,20.0,135.0,80.0,25.0,150.0,12.0,0.4,0.5,0.4
1974,2,355.0,5.0,,,,,,,,,,,,,,,,,,,,,,,,,,,,,,,,,,,,,,,,0.0,0.0,0.0,0.0,2.0,0.0,16.0,0.0,0.2,0.0,0.0,0.0,0.0,0.0,2.0,0.0,16.0,0.0,0.2,0.0,0.0,0.0,0.0,0.0,2.0,0.0,16.0,0.0,0.2,0.0,1007.5,1007.5,1007.5,1007.5,1.0,0.0,12.0,0.0,0.2,0.0,,,,,,,,,,,,,,,,,,,,,,,,,,,,,,,,,,,,,,,,,,,,,,,,,,,,,,,,,,,,,,,,,,,,,,,,,,,,,,,,,,,,,,,,,,,,,,,,,,,,,,,,,,,,,,,,,,,,,,,,,,,,,,,,,,,,,,,,,,,,,,,,,,,,,,
1974,2,355.0,35.0,14.43,15.0,15.5,15.06,10.0,0.83,12.0,0.5,0.4,0.8,13.98,15.0,15.52,14.76,13.0,0.87,10.0,0.6,0.4,0.8,7.04,7.59,7.82,7.45,7.0,0.43,10.0,1.0,0.3,0.8,68.7,71.7,75.0,71.0,7.0,4.2,10.0,1.0,0.8,9.08,11.0,13.0,10.95,13.0,2.45,10.0,0.6,0.4,0.8,8.97,11.0,13.0,10.61,13.0,2.61,10.0,0.6,0.4,0.8,-4.23,0.0,0.0,-1.67,13.0,2.07,10.0,0.6,0.4,0.8,1009.99,1025.6,1027.51,1019.84,13.0,8.21,10.0,0.6,0.4,0.8,2.8,3.0,6.1,3.5,13.0,2.2,10.0,0.6,0.4,0.8,81.8,121.0,169.0,122.0,13.0,51.2,10.0,0.6,0.4,0.8,-41.0,0.0,0.0,-18.4,13.0,26.0,10.0,0.6,0.4,0.8,-0.81,0.85,1.61,0.57,10.0,1.12,12.0,0.5,0.4,0.8,-9.7,7.4,16.1,4.7,10.0,11.9,12.0,0.5,0.4,0.8,2.81,3.08,3.66,3.23,4.0,0.58,16.0,1.0,0.5,0.7,27.6,32.7,40.3,33.9,4.0,8.5,16.0,1.0,0.5,0.7,134.5,159.5,195.0,156.7,13.0,40.1,10.0,0.6,0.4,0.8,-59.8,0.0,0.0,-24.4,13.0,30.3,10.0,0.6,0.4,0.8,64.3,81.5,93.1,78.4,7.0,22.5,10.0,1.0,0.3,0.8,-27.9,-14.2,0.0,-13.8,7.0,15.6,10.0,1.0,0.3,0.8,26.6,31.4,37.9,32.2,4.0,7.8,16.0,1.0,0.5,0.7,-13.8,-10.3,-6.9,-10.3,4.0,4.4,16.0,1.0,0.5,0.7,760.5,1331.0,2197.0,1492.0,13.0,887.5,10.0,0.6,0.4,0.8,760.0,1330.0,2195.0,1490.0,13.0,890.0,10.0,0.6,0.4,0.8
1974,2,355.0,36.0,14.0,15.0,16.0,15.16,177.0,1.19,14.0,0.4,0.6,0.2,13.0,14.8,16.46,14.77,185.0,1.74,14.0,0.4,0.6,0.2,6.1,7.64,8.79,7.49,94.0,1.46,14.0,0.4,0.6,0.2,57.2,72.9,82.8,71.7,95.0,12.8,14.0,0.4,0.2,4.6,8.7,13.75,8.81,173.0,4.21,14.0,0.4,0.6,0.2,-4.53,6.77,12.9,4.98,173.0,7.73,14.0,0.4,0.6,0.2,-4.03,0.0,2.03,-0.94,173.0,3.2,14.0,0.4,0.6,0.2,1011.87,1019.0,1023.9,1018.37,182.0,5.73,14.0,0.4,0.6,0.2,0.0,3.0,6.0,3.2,177.0,2.5,14.0,0.4,0.6,0.2,-23.4,48.7,173.7,66.3,173.0,100.9,14.0,0.4,0.6,0.2,-36.1,0.0,14.1,-8.1,173.0,33.4,14.0,0.4,0.6,0.2,-1.5,0.7,2.02,0.41,176.0,1.92,14.0,0.4,0.6,0.2,-10.0,3.4,22.1,4.1,163.0,17.8,14.0,0.4,0.6,0.2,1.87,3.06,4.96,3.19,87.0,1.58,14.0,0.4,0.6,0.2,9.0,20.8,41.0,24.7,81.0,17.9,14.0,0.4,0.6,0.2,-69.1,96.5,190.9,72.4,172.0,115.4,14.0,0.4,0.6,0.2,-60.3,0.0,29.7,-13.0,172.0,46.6,14.0,0.4,0.6,0.2,-35.7,31.2,88.8,33.7,88.0,53.7,14.0,0.4,0.6,0.2,-30.8,0.0,9.7,-6.2,88.0,21.6,14.0,0.4,0.6,0.2,-13.3,12.1,35.5,12.3,81.0,25.7,14.0,0.4,0.6,0.2,-13.0,0.0,3.2,-3.9,81.0,10.6,14.0,0.4,0.6,0.2,97.5,658.5,2603.0,1167.5,173.0,1448.0,14.0,0.4,0.6,0.2,95.0,660.0,2605.0,1165.0,173.0,1450.0,14.0,0.4,0.6,0.2
1974,2,355.0,43.0,12.0,12.0,12.0,12.0,1.0,0.0,26.0,0.0,1.0,0.6,8.79,10.5,12.21,10.5,2.0,3.54,14.0,0.0,0.6,0.6,4.86,4.86,4.86,4.86,1.0,0.0,26.0,0.0,1.0,0.6,74.3,74.3,74.3,74.3,1.0,0.0,26.0,0.0,0.6,6.2,6.2,6.2,6.2,2.0,0.0,14.0,0.0,0.6,0.6,0.98,3.1,5.22,3.1,2.0,4.38,14.0,0.0,0.6,0.6,-5.22,-3.1,-0.98,-3.1,2.0,4.38,14.0,0.0,0.6,0.6,1015.32,1019.65,1023.98,1019.65,2.0,8.98,14.0,0.0,0.6,0.6,8.0,8.0,8.0,8.0,2.0,0.0,14.0,0.0,0.6,0.6,6.1,19.2,32.3,19.2,2.0,27.2,14.0,0.0,0.6,0.6,-32.3,-19.2,-6.1,-19.2,2.0,27.2,14.0,0.0,0.6,0.6,4.0,4.0,4.0,4.0,1.0,0.0,26.0,0.0,1.0,0.6,24.8,24.8,24.8,24.8,1.0,0.0,26.0,0.0,1.0,0.6,3.72,3.72,3.72,3.72,1.0,0.0,26.0,0.0,1.0,0.6,23.0,23.0,23.0,23.0,1.0,0.0,26.0,0.0,1.0,0.6,12.8,40.3,67.8,40.3,2.0,57.0,14.0,0.0,0.6,0.6,-41.7,-24.8,-7.9,-24.8,2.0,35.1,14.0,0.0,0.6,0.6,0.0,0.0,0.0,0.0,1.0,0.0,26.0,0.0,1.0,0.6,-30.2,-30.2,-30.2,-30.2,1.0,0.0,26.0,0.0,1.0,0.6,0.0,0.0,0.0,0.0,1.0,0.0,26.0,0.0,1.0,0.6,-23.0,-23.0,-23.0,-23.0,1.0,0.0,26.0,0.0,1.0,0.6,238.5,238.5,238.5,238.5,2.0,0.0,14.0,0.0,0.6,0.6,240.0,240.0,240.0,240.0,2.0,0.0,14.0,0.0,0.6,0.6
1974,2,355.0,44.0,11.7,12.1,12.4,12.02,25.0,0.55,20.0,0.5,0.5,0.5,10.0,10.65,11.5,10.67,26.0,0.86,18.0,0.5,0.5,0.5,4.82,5.87,6.41,5.75,24.0,0.8,18.0,0.5,0.5,0.5,64.0,74.4,77.9,72.0,24.0,8.1,18.0,0.5,0.5,5.64,10.3,14.4,10.22,23.0,5.14,18.0,0.5,0.5,0.5,-7.63,0.0,9.79,1.57,23.0,8.09,18.0,0.5,0.5,0.5,-11.03,-6.2,-3.71,-6.89,23.0,4.23,18.0,0.5,0.5,0.5,1006.0,1014.5,1018.79,1013.6,26.0,8.3,18.0,0.5,0.5,0.5,4.0,8.0,8.0,6.4,26.0,2.1,18.0,0.5,0.5,0.5,-83.3,0.0,143.0,33.0,23.0,129.7,18.0,0.5,0.5,0.5,-158.8,-53.0,-22.1,-88.2,23.0,90.4,18.0,0.5,0.5,0.5,0.6,1.4,2.22,1.32,25.0,1.02,20.0,0.5,0.5,0.5,3.9,11.6,24.3,13.6,23.0,12.6,18.0,0.5,0.5,0.5,2.32,2.93,3.8,3.0,24.0,0.78,18.0,0.5,0.5,0.5,15.3,26.9,45.1,30.6,23.0,18.3,18.0,0.5,0.5,0.5,-78.9,0.0,100.2,19.1,23.0,87.7,18.0,0.5,0.5,0.5,-113.4,-70.7,-35.1,-74.1,23.0,46.0,18.0,0.5,0.5,0.5,-38.0,0.0,56.4,9.0,23.0,46.4,18.0,0.5,0.5,0.5,-67.3,-37.4,-16.8,-40.1,23.0,25.2,18.0,0.5,0.5,0.5,-18.7,0.0,29.6,4.9,23.0,25.8,18.0,0.5,0.5,0.5,-32.9,-15.8,-10.3,-20.3,23.0,13.8,18.0,0.5,0.5,0.5,184.5,1092.5,2986.0,1934.0,23.0,3022.0,18.0,0.5,0.5,0.5,185.0,1095.0,2985.0,1935.0,23.0,3020.0,18.0,0.5,0.5,0.5
1974,2,355.0,45.0,11.86,12.0,13.1,12.35,13.0,0.84,14.0,0.5,0.6,0.4,9.52,10.8,12.0,10.86,14.0,1.44,14.0,0.4,0.6,0.4,5.01,6.57,7.48,6.36,11.0,1.13,12.0,0.5,0.6,0.4,67.0,72.3,88.8,77.1,11.0,10.4,12.0,0.5,0.4,7.26,11.8,18.97,12.55,14.0,5.86,14.0,0.4,0.6,0.4,-1.17,3.0,18.7,7.36,14.0,8.72,14.0,0.4,0.6,0.4,-8.01,-2.24,10.66,-0.45,14.0,8.33,14.0,0.4,0.6,0.4,1002.92,1012.0,1016.39,1011.45,13.0,8.14,14.0,0.5,0.6,0.4,4.0,6.0,8.0,5.8,14.0,2.0,14.0,0.4,0.6,0.4,-5.1,19.4,354.8,132.3,14.0,172.2,14.0,0.4,0.6,0.4,-84.3,-9.0,122.9,11.3,14.0,116.3,14.0,0.4,0.6,0.4,-0.06,1.4,3.0,1.42,13.0,1.86,14.0,0.5,0.6,0.4,-0.2,13.7,44.6,16.9,13.0,23.9,14.0,0.5,0.6,0.4,1.27,2.79,3.64,2.44,11.0,1.18,12.0,0.5,0.6,0.4,19.9,28.9,54.2,34.6,11.0,23.6,12.0,0.5,0.6,0.4,-11.1,36.2,170.9,77.4,14.0,89.0,14.0,0.4,0.6,0.4,-74.4,-25.5,127.4,1.8,14.0,99.0,14.0,0.4,0.6,0.4,0.0,31.9,105.5,52.6,11.0,54.1,12.0,0.5,0.6,0.4,-55.4,-5.6,78.1,4.1,11.0,61.6,12.0,0.5,0.6,0.4,0.0,5.5,52.7,22.2,11.0,30.2,12.0,0.5,0.6,0.4,-21.9,-0.3,18.4,-1.6,11.0,20.4,12.0,0.5,0.6,0.4,384.5,1652.0,6825.5,3197.0,14.0,3417.5,14.0,0.4,0.6,0.4,385.0,1650.0,6825.0,3195.0,14.0,3415.0,14.0,0.4,0.6,0.4
1974,2,355.0,46.0,11.0,11.8,12.41,11.78,11.0,0.75,14.0,0.5,0.7,0.4,8.17,10.3,12.0,10.24,19.0,1.62,16.0,0.2,0.7,0.3,4.79,6.47,7.45,6.14,10.0,1.41,14.0,0.3,0.7,0.3,63.7,76.2,85.6,74.6,10.0,12.2,14.0,0.3,0.3,5.6,9.3,15.63,9.51,19.0,5.48,18.0,0.3,0.7,0.4,-3.46,1.29,7.09,2.0,19.0,6.03,18.0,0.3,0.7,0.4,-7.05,0.0,11.26,2.04,19.0,8.97,18.0,0.3,0.7,0.4,998.4,1014.3,1021.05,1011.87,13.0,11.21,14.0,0.4,0.7,0.4,4.0,7.0,8.0,6.0,20.0,2.6,16.0,0.3,0.7,0.4,-30.3,6.7,93.1,36.1,19.0,86.7,18.0,0.3,0.7,0.4,-53.4,0.0,172.6,48.5,19.0,125.0,18.0,0.3,0.7,0.4,-0.74,0.5,1.71,0.53,10.0,1.39,14.0,0.4,0.7,0.3,-8.5,2.7,13.8,1.8,10.0,16.2,14.0,0.4,0.7,0.3,1.12,1.97,3.21,2.08,9.0,1.11,12.0,0.3,0.7,0.3,16.4,28.4,30.2,23.5,9.0,7.9,12.0,0.3,0.7,0.3,-25.1,16.0,89.5,32.2,18.0,65.9,16.0,0.2,0.7,0.3,-69.1,9.2,126.4,31.5,18.0,99.1,16.0,0.2,0.7,0.3,0.0,27.1,69.1,35.9,10.0,41.9,14.0,0.3,0.7,0.3,-42.8,57.1,78.1,33.9,10.0,65.5,14.0,0.3,0.7,0.3,1.4,8.5,17.0,7.9,9.0,9.7,12.0,0.3,0.7,0.3,-28.7,12.2,18.8,0.8,9.0,22.8,12.0,0.3,0.7,0.3,205.5,804.5,3833.0,1675.5,19.0,2059.5,18.0,0.3,0.7,0.4,205.0,805.0,3835.0,1675.0,19.0,2060.0,18.0,0.3,0.7,0.4
1974,2,355.0,47.0,10.22,11.0,11.5,10.98,15.0,1.09,14.0,0.4,0.4,0.5,8.4,9.0,11.0,9.63,18.0,1.47,16.0,0.5,0.4,0.5,4.45,5.19,6.62,5.45,11.0,1.18,14.0,0.5,0.4,0.5,63.8,71.8,81.8,71.5,11.0,9.7,14.0,0.5,0.5,6.22,8.2,12.48,8.87,18.0,3.67,16.0,0.5,0.4,0.5,-5.35,-0.84,8.32,1.6,18.0,7.15,16.0,0.5,0.4,0.5,-9.31,-3.72,2.24,-3.5,18.0,5.46,16.0,0.5,0.4,0.5,1008.21,1015.1,1030.11,1017.33,15.0,11.84,14.0,0.4,0.4,0.5,2.0,4.0,8.0,4.9,17.0,2.5,16.0,0.5,0.4,0.5,-51.6,-4.8,86.6,25.0,18.0,88.5,16.0,0.5,0.4,0.5,-100.5,-23.4,25.9,-35.6,18.0,61.7,16.0,0.5,0.4,0.5,-1.18,1.4,2.51,1.09,15.0,1.83,14.0,0.4,0.4,0.5,-10.9,9.0,21.3,6.7,15.0,17.9,14.0,0.4,0.4,0.5,1.2,3.05,3.56,2.63,11.0,1.16,14.0,0.5,0.4,0.5,13.0,24.8,35.7,24.7,11.0,12.8,14.0,0.5,0.4,0.5,-47.4,-7.3,88.5,23.1,18.0,77.1,16.0,0.5,0.4,0.5,-84.1,-37.6,24.7,-32.4,18.0,49.7,16.0,0.5,0.4,0.5,-22.1,16.6,59.6,20.6,11.0,49.8,14.0,0.5,0.4,0.5,-53.8,-23.9,13.3,-22.6,11.0,30.7,14.0,0.5,0.4,0.5,-16.3,7.8,14.7,0.7,11.0,15.5,14.0,0.5,0.4,0.5,-32.2,-13.5,2.7,-13.6,11.0,19.7,14.0,0.5,0.4,0.5,250.0,551.5,1947.0,1043.5,18.0,1141.5,16.0,0.5,0.4,0.5,250.0,550.0,1945.0,1045.0,18.0,1140.0,16.0,0.5,0.4,0.5
1974,2,355.0,48.0,10.0,11.0,12.0,10.82,53.0,1.03,14.0,0.3,0.3,0.7,8.5,9.65,11.1,9.74,64.0,1.42,12.0,0.3,0.3,0.7,4.91,6.37,7.25,6.1,38.0,1.25,14.0,0.3,0.3,0.7,66.3,77.7,94.0,78.8,39.0,13.9,12.0,0.4,0.7,5.1,9.8,16.0,10.09,64.0,4.83,12.0,0.3,0.3,0.7,-4.31,5.51,10.22,4.2,64.0,6.56,12.0,0.3,0.3,0.7,-6.28,1.38,8.27,1.92,64.0,7.89,12.0,0.3,0.3,0.7,996.01,1010.2,1028.19,1010.33,58.0,15.18,12.0,0.3,0.3,0.7,4.0,7.0,8.0,6.2,59.0,1.9,12.0,0.3,0.3,0.7,-25.6,52.3,120.6,56.9,64.0,94.0,12.0,0.3,0.3,0.7,-48.0,6.7,98.1,39.3,64.0,127.2,12.0,0.3,0.3,0.7,-0.5,0.7,2.7,1.03,53.0,1.64,14.0,0.3,0.3,0.7,-3.0,5.0,18.8,10.2,53.0,20.1,14.0,0.3,0.3,0.7,0.55,1.6,3.07,1.88,35.0,1.19,14.0,0.4,0.3,0.7,6.0,14.0,29.4,16.9,35.0,13.4,14.0,0.4,0.3,0.7,-33.7,50.8,104.8,44.1,64.0,64.9,12.0,0.3,0.3,0.7,-52.3,12.5,79.1,21.4,64.0,78.5,12.0,0.3,0.3,0.7,-18.6,30.5,69.7,31.1,38.0,43.0,14.0,0.3,0.3,0.7,-24.5,2.8,80.3,16.8,38.0,55.3,14.0,0.3,0.3,0.7,-8.5,5.0,16.6,4.8,35.0,12.0,14.0,0.4,0.3,0.7,-9.8,0.0,10.6,2.1,35.0,17.5,14.0,0.4,0.3,0.7,132.5,941.0,4097.0,1807.5,64.0,2594.5,12.0,0.3,0.3,0.7,135.0,940.0,4095.0,1810.0,64.0,2595.0,12.0,0.3,0.3,0.7
1974,2,355.0,49.0,9.0,10.0,11.5,10.31,100.0,1.17,12.0,0.3,0.7,0.3,8.11,9.5,11.0,9.52,115.0,1.74,12.0,0.3,0.7,0.3,4.77,5.91,6.99,5.97,57.0,1.03,14.0,0.4,0.7,0.2,67.3,79.2,89.6,79.4,57.0,10.4,14.0,0.4,0.2,5.06,10.3,18.72,11.33,118.0,5.89,12.0,0.3,0.7,0.3,-1.76,6.07,13.52,5.48,118.0,7.49,12.0,0.3,0.7,0.3,-5.53,2.11,11.91,2.84,118.0,8.35,12.0,0.3,0.7,0.3,990.91,1005.9,1025.93,1005.82,115.0,15.97,12.0,0.3,0.7,0.3,3.0,7.0,8.0,6.0,105.0,2.2,12.0,0.3,0.7,0.3,-9.6,55.5,220.6,87.4,118.0,134.4,12.0,0.3,0.7,0.3,-42.3,15.0,197.9,54.1,118.0,144.5,12.0,0.3,0.7,0.3,-1.2,0.75,2.6,0.77,98.0,2.13,12.0,0.3,0.7,0.3,-13.4,5.8,27.0,8.0,98.0,25.9,12.0,0.3,0.7,0.3,0.61,1.9,2.8,1.74,53.0,1.02,14.0,0.3,0.7,0.2,4.9,13.8,29.6,17.1,53.0,12.9,14.0,0.3,0.7,0.2,-16.2,53.4,133.6,56.2,114.0,72.1,12.0,0.3,0.7,0.3,-45.8,21.6,130.1,35.0,114.0,84.4,12.0,0.3,0.7,0.3,-18.8,28.2,78.0,32.1,57.0,48.6,14.0,0.4,0.7,0.2,-22.9,12.5,78.0,22.6,57.0,54.2,14.0,0.4,0.7,0.2,-6.8,6.2,16.5,5.5,53.0,14.4,14.0,0.3,0.7,0.2,-13.0,2.6,14.6,1.7,53.0,14.9,14.0,0.3,0.7,0.2,129.5,1092.5,6559.5,2701.5,118.0,3490.5,12.0,0.3,0.7,0.3,130.0,1095.0,6560.0,2700.0,118.0,3490.0,12.0,0.3,0.7,0.3
1974,2,355.0,50.0,9.5,10.0,10.15,9.87,9.0,0.65,18.0,0.6,0.6,0.3,7.18,9.0,10.0,8.77,11.0,1.78,18.0,0.5,0.6,0.2,4.52,5.57,6.35,5.42,6.0,1.17,22.0,0.7,0.6,0.3,64.3,87.8,92.5,81.7,6.0,14.5,22.0,0.7,0.3,2.1,4.9,14.41,7.73,12.0,6.33,18.0,0.5,0.7,0.2,-2.47,1.03,9.47,2.11,12.0,7.73,18.0,0.5,0.7,0.2,-2.33,-0.92,5.12,1.6,12.0,6.16,18.0,0.5,0.7,0.2,995.82,1015.25,1030.47,1013.9,12.0,18.03,18.0,0.5,0.7,0.2,3.2,5.0,8.0,5.3,12.0,2.8,18.0,0.5,0.7,0.2,-12.9,2.2,130.1,34.4,12.0,109.6,18.0,0.5,0.7,0.2,-8.1,-2.1,75.3,34.9,12.0,94.9,18.0,0.5,0.7,0.2,0.05,1.0,2.92,1.26,9.0,1.5,18.0,0.6,0.6,0.3,0.2,2.1,32.4,9.5,9.0,19.8,18.0,0.6,0.6,0.3,0.92,1.92,2.86,1.95,6.0,1.04,22.0,0.7,0.6,0.3,1.9,5.7,23.5,11.3,6.0,12.4,22.0,0.7,0.6,0.3,-17.9,12.4,93.1,30.5,11.0,75.8,18.0,0.5,0.6,0.2,-15.3,-6.0,56.2,20.0,11.0,55.9,18.0,0.5,0.6,0.2,-31.2,0.1,9.9,-11.3,6.0,30.3,22.0,0.7,0.6,0.3,-14.4,-9.1,-0.5,-7.7,6.0,12.1,22.0,0.7,0.6,0.3,-22.8,-0.2,2.3,-7.2,6.0,14.6,22.0,0.7,0.6,0.3,-5.5,-3.4,-0.6,-3.5,6.0,4.2,22.0,0.7,0.6,0.3,9.5,142.5,3025.0,1408.0,12.0,1969.0,18.0,0.5,0.7,0.2,10.0,140.0,3025.0,1410.0,12.0,1970.0,18.0,0.5,0.7,0.2
1974,2,355.0,51.0,8.0,8.85,9.63,8.88,22.0,1.09,14.0,0.3,0.6,0.4,6.93,7.7,8.93,7.9,22.0,1.39,14.0,0.3,0.6,0.4,4.72,5.45,6.49,5.65,13.0,0.98,12.0,0.3,0.6,0.3,74.9,83.0,93.8,83.4,13.0,10.9,12.0,0.3,0.3,5.1,9.3,18.0,10.4,22.0,6.58,14.0,0.3,0.6,0.4,-3.46,4.84,10.32,4.0,22.0,7.34,14.0,0.3,0.6,0.4,-1.63,3.18,16.47,4.73,22.0,7.91,14.0,0.3,0.6,0.4,988.07,1003.05,1026.0,1005.35,22.0,18.55,14.0,0.3,0.6,0.4,3.0,7.0,8.0,6.0,22.0,2.2,14.0,0.3,0.6,0.4,-15.5,37.9,146.3,60.5,22.0,111.5,14.0,0.3,0.6,0.4,-9.3,21.4,296.5,85.6,22.0,154.5,14.0,0.3,0.6,0.4,-0.25,1.0,1.98,0.9,21.0,1.21,14.0,0.2,0.6,0.4,-4.1,4.6,19.3,6.5,20.0,14.7,14.0,0.3,0.6,0.4,0.46,1.54,2.02,1.36,12.0,0.73,12.0,0.3,0.6,0.3,4.1,10.9,28.2,14.3,12.0,11.2,12.0,0.3,0.6,0.3,-19.5,39.5,89.8,34.9,21.0,56.3,12.0,0.3,0.6,0.4,-11.3,25.1,157.2,46.6,21.0,75.8,12.0,0.3,0.6,0.4,-14.5,33.8,69.9,28.0,13.0,45.5,12.0,0.3,0.6,0.3,-3.0,20.6,113.7,38.2,13.0,56.2,12.0,0.3,0.6,0.3,-3.6,3.2,13.1,2.8,12.0,12.2,12.0,0.3,0.6,0.3,-0.3,4.9,21.4,8.2,12.0,10.9,12.0,0.3,0.6,0.3,132.5,804.5,5832.0,2503.0,22.0,3396.0,14.0,0.3,0.6,0.4,135.0,805.0,5830.0,2505.0,22.0,3395.0,14.0,0.3,0.6,0.4
1974,2,355.0,52.0,,,,,,,,,,,,,,,,,,,,,,,,,,,,,,,,,,,,,,,,11.8,11.8,11.8,11.8,1.0,0.0,14.0,0.0,0.1,0.8,0.0,0.0,0.0,0.0,1.0,0.0,14.0,0.0,0.1,0.8,11.8,11.8,11.8,11.8,1.0,0.0,14.0,0.0,0.1,0.8,1008.9,1008.9,1008.9,1008.9,1.0,0.0,14.0,0.0,0.1,0.8,,,,,,,,,,,,,,,,,,,,,,,,,,,,,,,,,,,,,,,,,,,,,,,,,,,,,,,,,,,,,,,,,,,,,,,,,,,,,,,,,,,,,,,,,,,,,,,,,,,,,,,,,,,,,,,,,,,,,,,,,,,,,,,,,,,,,,,,,,,,,,,,,,,,,,
1974,2,355.0,53.0,6.0,7.4,8.41,7.47,6.0,1.51,6.0,0.2,0.4,0.6,6.96,8.3,9.1,8.11,7.0,1.15,8.0,0.3,0.3,0.6,5.87,5.89,6.05,5.96,4.0,0.16,4.0,0.5,0.2,0.5,81.9,84.6,89.6,85.7,4.0,5.5,4.0,0.5,0.5,13.79,15.4,17.73,15.56,5.0,2.95,6.0,0.2,0.3,0.5,8.8,14.47,16.18,12.8,5.0,5.05,6.0,0.2,0.3,0.5,-5.2,1.91,8.63,1.97,5.0,8.73,6.0,0.2,0.3,0.5,988.77,1000.6,1008.75,1001.27,7.0,19.46,8.0,0.3,0.3,0.6,1.6,5.0,7.2,4.5,6.0,3.3,6.0,0.3,0.3,0.5,105.3,222.9,288.7,205.8,5.0,109.2,6.0,0.2,0.3,0.5,-92.6,21.0,132.9,23.6,5.0,140.3,6.0,0.2,0.3,0.5,-2.44,-1.3,0.69,-0.76,5.0,2.68,6.0,0.2,0.3,0.5,-33.7,-22.0,12.8,-9.7,5.0,43.3,6.0,0.2,0.3,0.5,-0.08,0.55,0.8,0.37,3.0,0.66,4.0,0.3,0.2,0.5,-0.6,10.5,13.0,6.3,3.0,10.6,4.0,0.3,0.2,0.5,72.5,91.3,141.2,102.9,5.0,42.1,6.0,0.2,0.3,0.5,-36.6,15.3,78.9,23.1,5.0,72.1,6.0,0.2,0.3,0.5,49.6,89.6,103.7,76.9,3.0,41.1,4.0,0.3,0.2,0.5,-2.9,32.6,68.5,32.8,3.0,52.3,4.0,0.3,0.2,0.5,-2.2,4.8,8.6,3.3,3.0,8.0,4.0,0.3,0.2,0.5,-1.9,-1.8,8.5,3.1,3.0,8.7,4.0,0.3,0.2,0.5,2804.5,3652.5,5623.5,4081.5,5.0,2021.0,6.0,0.2,0.3,0.5,2805.0,3650.0,5625.0,4080.0,5.0,2020.0,6.0,0.2,0.3,0.5
1974,2,355.0,58.0,6.32,7.2,8.37,7.34,5.0,1.19,14.0,0.2,0.6,0.7,5.42,6.85,7.83,6.58,6.0,1.96,16.0,0.2,0.5,0.7,5.01,5.28,5.55,5.28,2.0,0.56,26.0,0.0,0.6,0.6,81.8,86.7,91.7,86.7,2.0,10.2,26.0,0.0,0.6,5.94,7.95,15.94,9.83,6.0,5.68,16.0,0.2,0.5,0.7,-8.55,-0.51,5.66,-1.05,6.0,7.0,16.0,0.2,0.5,0.7,0.0,3.56,13.08,6.15,6.0,7.24,16.0,0.2,0.5,0.7,988.73,1014.95,1022.28,1008.8,6.0,17.47,16.0,0.2,0.5,0.7,4.4,6.5,8.0,6.0,6.0,2.3,16.0,0.2,0.5,0.7,-84.8,-1.5,39.5,-21.5,6.0,77.1,16.0,0.2,0.5,0.7,0.0,18.7,211.1,90.5,6.0,134.0,16.0,0.2,0.5,0.7,-1.26,0.5,3.37,0.84,5.0,2.8,14.0,0.2,0.6,0.7,-11.6,3.4,28.2,9.0,5.0,32.2,14.0,0.2,0.6,0.7,0.28,0.28,0.28,0.28,1.0,0.0,28.0,0.0,0.8,0.6,5.1,5.1,5.1,5.1,1.0,0.0,28.0,0.0,0.8,0.6,-40.5,-3.1,41.7,-3.3,6.0,46.8,16.0,0.2,0.5,0.7,0.0,24.6,54.9,34.6,6.0,45.0,16.0,0.2,0.5,0.7,6.0,18.8,31.7,18.8,2.0,26.6,26.0,0.0,0.6,0.6,16.2,51.1,85.9,51.1,2.0,72.2,26.0,0.0,0.6,0.6,0.0,0.0,0.0,0.0,1.0,0.0,28.0,0.0,0.8,0.6,5.1,5.1,5.1,5.1,1.0,0.0,28.0,0.0,0.8,0.6,244.0,504.0,4102.5,1803.5,6.0,2385.0,16.0,0.2,0.5,0.7,245.0,505.0,4100.0,1805.0,6.0,2385.0,16.0,0.2,0.5,0.7
1974,2,355.0,59.0,7.8,7.95,8.89,8.06,8.0,0.97,8.0,0.5,0.5,0.3,4.2,6.5,8.46,6.19,17.0,2.23,12.0,0.4,0.5,0.4,4.83,5.31,6.18,5.57,6.0,1.02,10.0,0.7,0.6,0.4,81.0,87.5,95.4,87.0,7.0,10.2,10.0,0.6,0.4,4.6,9.3,15.58,10.24,18.0,5.37,10.0,0.4,0.5,0.3,-11.0,-2.59,6.24,-2.6,18.0,9.06,10.0,0.4,0.5,0.3,0.0,2.4,9.38,4.75,18.0,5.16,10.0,0.4,0.5,0.3,981.22,988.9,1005.73,991.3,15.0,14.48,8.0,0.4,0.5,0.3,3.4,8.0,8.0,6.5,15.0,2.3,12.0,0.5,0.5,0.3,-180.9,-18.1,40.9,-50.4,18.0,133.7,10.0,0.4,0.5,0.3,0.0,15.8,128.8,63.0,18.0,89.1,10.0,0.4,0.5,0.3,0.83,1.25,2.36,1.36,8.0,1.22,8.0,0.5,0.5,0.3,11.1,15.0,36.2,18.8,8.0,17.0,8.0,0.5,0.5,0.3,0.8,1.34,1.64,1.13,6.0,0.85,10.0,0.7,0.6,0.4,7.8,14.5,20.0,13.2,6.0,9.6,10.0,0.7,0.6,0.4,-65.2,-18.4,46.2,-10.6,17.0,60.4,12.0,0.4,0.5,0.4,0.0,20.2,54.8,30.7,17.0,36.8,12.0,0.4,0.5,0.4,-63.8,-31.4,4.2,-24.9,6.0,45.8,10.0,0.7,0.6,0.4,-1.7,38.1,42.4,26.3,6.0,24.2,10.0,0.7,0.6,0.4,-17.3,-8.6,-3.2,-10.0,6.0,7.6,10.0,0.7,0.6,0.4,-0.4,10.0,13.1,7.8,6.0,7.2,10.0,0.7,0.6,0.4,97.5,804.5,3786.5,1946.5,18.0,2292.5,10.0,0.4,0.5,0.3,95.0,805.0,3785.0,1945.0,18.0,2290.0,10.0,0.4,0.5,0.3
1974,2,355.0,60.0,8.8,9.0,9.1,8.91,183.0,0.31,14.0,0.4,1.0,0.0,5.0,7.0,8.0,6.7,186.0,1.53,14.0,0.4,1.0,0.0,4.97,5.78,6.47,5.7,162.0,0.69,14.0,0.4,1.0,0.0,85.4,93.4,98.6,92.3,162.0,5.9,14.0,0.4,0.0,5.1,9.55,15.13,9.91,188.0,4.37,14.0,0.4,1.0,0.0,-7.7,0.0,7.7,0.25,188.0,7.02,14.0,0.4,1.0,0.0,-5.2,3.35,9.8,2.57,188.0,7.87,14.0,0.4,1.0,0.0,980.7,998.9,1019.56,998.67,186.0,18.84,14.0,0.4,1.0,0.0,4.0,7.0,8.0,6.3,187.0,2.1,14.0,0.4,1.0,0.0,-83.2,0.0,74.7,-3.3,188.0,92.4,14.0,0.4,1.0,0.0,-49.7,19.9,100.7,30.2,188.0,123.3,14.0,0.4,1.0,0.0,0.9,1.9,3.6,2.18,183.0,1.53,14.0,0.4,1.0,0.0,6.0,15.4,42.6,23.0,183.0,21.4,14.0,0.4,1.0,0.0,0.85,1.38,2.24,1.48,162.0,0.71,14.0,0.4,1.0,0.0,5.5,11.4,26.9,15.0,162.0,11.3,14.0,0.4,1.0,0.0,-44.0,0.0,53.1,5.6,186.0,47.0,14.0,0.4,1.0,0.0,-29.0,23.8,68.6,20.6,186.0,48.7,14.0,0.4,1.0,0.0,-40.5,0.0,40.9,2.1,162.0,40.0,14.0,0.4,1.0,0.0,-28.9,17.4,53.8,15.2,162.0,43.3,14.0,0.4,1.0,0.0,-12.7,0.0,8.5,-1.3,162.0,11.8,14.0,0.4,1.0,0.0,-10.3,3.1,10.4,1.2,162.0,14.6,14.0,0.4,1.0,0.0,132.5,873.0,3464.5,1601.0,188.0,2206.0,14.0,0.4,1.0,0.0,135.0,875.0,3465.0,1600.0,188.0,2205.0,14.0,0.4,1.0,0.0
1974,2,355.0,61.0,6.56,6.65,6.88,6.72,6.0,0.27,14.0,0.0,0.5,0.4,4.49,6.4,7.57,6.02,13.0,1.81,14.0,0.2,0.5,0.5,4.1,4.74,5.37,4.74,2.0,1.32,16.0,0.0,0.3,0.1,79.9,84.3,88.7,84.3,2.0,9.1,16.0,0.0,0.1,5.87,8.0,9.3,7.97,13.0,2.85,14.0,0.1,0.6,0.5,-5.21,0.0,5.37,-0.33,13.0,5.02,14.0,0.1,0.6,0.5,-6.11,2.3,8.12,2.58,13.0,6.66,14.0,0.1,0.6,0.5,983.48,993.5,1019.11,998.55,13.0,21.5,14.0,0.2,0.5,0.5,1.2,7.5,8.0,5.6,14.0,3.2,14.0,0.1,0.6,0.4,-43.4,0.0,44.5,3.1,13.0,44.1,14.0,0.1,0.6,0.5,-38.1,15.4,75.5,31.0,13.0,74.6,14.0,0.1,0.6,0.5,-0.31,0.9,2.19,0.97,6.0,1.83,14.0,0.0,0.5,0.4,-2.9,5.4,17.7,6.9,6.0,15.2,14.0,0.0,0.5,0.4,0.89,1.55,2.22,1.55,2.0,1.38,16.0,0.0,0.3,0.1,5.3,11.5,17.8,11.5,2.0,13.0,16.0,0.0,0.3,0.1,-29.3,0.0,38.7,2.4,12.0,34.8,14.0,0.1,0.6,0.5,-25.9,15.8,58.3,21.1,12.0,42.5,14.0,0.1,0.6,0.5,-15.9,-3.1,9.7,-3.1,2.0,26.5,16.0,0.0,0.3,0.1,-21.5,-9.5,2.4,-9.5,2.0,24.7,16.0,0.0,0.3,0.1,-0.2,4.1,8.4,4.1,2.0,8.9,16.0,0.0,0.3,0.1,-15.0,-8.6,-2.2,-8.6,2.0,13.3,16.0,0.0,0.3,0.1,204.5,512.0,804.5,709.0,13.0,926.0,14.0,0.1,0.6,0.5,205.0,510.0,805.0,710.0,13.0,925.0,14.0,0.1,0.6,0.5
1974,2,355.0,62.0,,,,,,,,,,,,,,,,,,,,,,,,,,,,,,,,,,,,,,,,6.7,6.7,6.7,6.7,1.0,0.0,26.0,0.0,0.2,0.0,6.6,6.6,6.6,6.6,1.0,0.0,26.0,0.0,0.2,0.0,1.16,1.16,1.16,1.16,1.0,0.0,26.0,0.0,0.2,0.0,999.59,1007.75,1015.91,1007.75,2.0,16.9,20.0,0.0,0.4,0.0,,,,,,,,,,,,,,,,,,,,,,,,,,,,,,,,,,,,,,,,,,,,,,,,,,,,,,,,,,,,,,,,,,,,,,,,,,,,,,,,,,,,,,,,,,,,,,,,,,,,,,,,,,,,,,,,,,,,,,,,,,,,,,,,,,,,,,,,,,,,,,,,,,,,,,
1974,2,355.0,63.0,,,,,,,,,,,,,,,,,,,,,,,,,,,,,,,,,,,,,,,,16.13,17.7,19.27,17.7,2.0,3.25,22.0,0.0,0.4,0.4,-2.92,-1.74,-0.55,-1.74,2.0,2.46,22.0,0.0,0.4,0.4,-9.83,2.15,14.13,2.15,2.0,24.82,22.0,0.0,0.4,0.4,1007.76,1007.9,1008.04,1007.9,2.0,0.28,22.0,0.0,0.4,0.4,,,,,,,,,,,,,,,,,,,,,,,,,,,,,,,,,,,,,,,,,,,,,,,,,,,,,,,,,,,,,,,,,,,,,,,,,,,,,,,,,,,,,,,,,,,,,,,,,,,,,,,,,,,,,,,,,,,,,,,,,,,,,,,,,,,,,,,,,,,,,,,,,,,,,,
1974,2,355.0,64.0,4.2,4.2,4.2,4.2,1.0,0.0,16.0,1.0,0.5,0.9,-0.84,-0.5,-0.16,-0.5,2.0,0.71,12.0,1.0,0.4,0.5,2.83,2.83,2.83,2.83,1.0,0.0,16.0,1.0,0.5,0.9,74.4,74.4,74.4,74.4,1.0,0.0,16.0,1.0,0.9,9.6,12.6,15.6,12.6,2.0,6.22,12.0,1.0,0.4,0.5,0.84,2.64,4.43,2.64,2.0,3.73,12.0,1.0,0.4,0.5,-15.3,-11.64,-7.98,-11.64,2.0,7.58,12.0,1.0,0.4,0.5,1000.33,1002.55,1004.77,1002.55,2.0,4.6,12.0,1.0,0.4,0.5,6.3,7.0,7.7,7.0,2.0,1.4,12.0,1.0,0.4,0.5,6.9,21.6,36.4,21.6,2.0,30.6,12.0,1.0,0.4,0.5,-251.3,-170.3,-89.2,-170.3,2.0,167.9,12.0,1.0,0.4,0.5,4.2,4.2,4.2,4.2,1.0,0.0,16.0,1.0,0.5,0.9,71.4,71.4,71.4,71.4,1.0,0.0,16.0,1.0,0.5,0.9,2.31,2.31,2.31,2.31,1.0,0.0,16.0,1.0,0.5,0.9,39.2,39.2,39.2,39.2,1.0,0.0,16.0,1.0,0.5,0.9,-4.4,-2.6,-0.8,-2.6,2.0,3.7,12.0,1.0,0.4,0.5,1.0,3.1,5.3,3.1,2.0,4.4,12.0,1.0,0.4,0.5,0.0,0.0,0.0,0.0,1.0,0.0,16.0,1.0,0.5,0.9,-48.1,-48.1,-48.1,-48.1,1.0,0.0,16.0,1.0,0.5,0.9,0.0,0.0,0.0,0.0,1.0,0.0,16.0,1.0,0.5,0.9,-39.2,-39.2,-39.2,-39.2,1.0,0.0,16.0,1.0,0.5,0.9,1243.5,2732.0,4221.0,2732.0,2.0,3084.0,12.0,1.0,0.4,0.5,1245.0,2730.0,4220.0,2730.0,2.0,3085.0,12.0,1.0,0.4,0.5
1974,2,355.0,65.0,,,,,,,,,,,,,,,,,,,,,,,,,,,,,,,,,,,,,,,,5.1,5.1,5.1,5.1,1.0,0.0,26.0,0.0,0.1,0.1,4.42,4.42,4.42,4.42,1.0,0.0,26.0,0.0,0.1,0.1,-2.55,-2.55,-2.55,-2.55,1.0,0.0,26.0,0.0,0.1,0.1,1015.7,1015.7,1015.7,1015.7,1.0,0.0,26.0,0.0,0.1,0.1,,,,,,,,,,,,,,,,,,,,,,,,,,,,,,,,,,,,,,,,,,,,,,,,,,,,,,,,,,,,,,,,,,,,,,,,,,,,,,,,,,,,,,,,,,,,,,,,,,,,,,,,,,,,,,,,,,,,,,,,,,,,,,,,,,,,,,,,,,,,,,,,,,,,,,
1974,2,355.0,66.0,4.3,4.95,5.6,4.95,2.0,1.34,14.0,0.0,0.5,0.1,-1.18,0.15,1.48,0.15,2.0,2.76,14.0,0.0,0.5,0.1,3.27,3.27,3.27,3.27,1.0,0.0,16.0,0.0,0.4,0.1,98.5,98.5,98.5,98.5,1.0,0.0,16.0,0.0,0.1,10.83,10.9,10.97,10.9,2.0,0.14,14.0,0.0,0.5,0.1,-6.79,-3.28,0.24,-3.28,2.0,7.28,14.0,0.0,0.5,0.1,-10.07,-8.85,-7.64,-8.85,2.0,2.52,14.0,0.0,0.5,0.1,984.32,994.7,1005.08,994.7,2.0,21.5,14.0,0.0,0.5,0.1,7.0,7.0,7.0,7.0,1.0,0.0,16.0,0.0,0.4,0.1,-74.8,-36.2,2.3,-36.2,2.0,79.9,14.0,0.0,0.5,0.1,-109.0,-96.3,-83.7,-96.3,2.0,26.2,14.0,0.0,0.5,0.1,4.12,4.8,5.48,4.8,2.0,1.41,14.0,0.0,0.5,0.1,45.1,52.2,59.3,52.2,2.0,14.7,14.0,0.0,0.5,0.1,1.77,1.77,1.77,1.77,1.0,0.0,16.0,0.0,0.4,0.1,19.2,19.2,19.2,19.2,1.0,0.0,16.0,0.0,0.4,0.1,-15.4,-10.5,-5.6,-10.5,2.0,10.1,14.0,0.0,0.5,0.1,-9.5,2.1,13.8,2.1,2.0,24.0,14.0,0.0,0.5,0.1,6.1,6.1,6.1,6.1,1.0,0.0,16.0,0.0,0.4,0.1,-34.8,-34.8,-34.8,-34.8,1.0,0.0,16.0,0.0,0.4,0.1,3.3,3.3,3.3,3.3,1.0,0.0,16.0,0.0,0.4,0.1,-18.9,-18.9,-18.9,-18.9,1.0,0.0,16.0,0.0,0.4,0.1,1271.0,1295.5,1319.5,1295.5,2.0,50.5,14.0,0.0,0.5,0.1,1270.0,1295.0,1320.0,1295.0,2.0,50.0,14.0,0.0,0.5,0.1
1974,2,355.0,74.0,,,,,,,,,,,,,,,,,,,,,,,,,,,,,,,,,,,,,,,,5.0,5.0,5.0,5.0,1.0,0.0,28.0,0.0,0.3,0.5,0.0,0.0,0.0,0.0,1.0,0.0,28.0,0.0,0.3,0.5,-5.0,-5.0,-5.0,-5.0,1.0,0.0,28.0,0.0,0.3,0.5,1011.3,1011.3,1011.3,1011.3,1.0,0.0,28.0,0.0,0.3,0.5,,,,,,,,,,,,,,,,,,,,,,,,,,,,,,,,,,,,,,,,,,,,,,,,,,,,,,,,,,,,,,,,,,,,,,,,,,,,,,,,,,,,,,,,,,,,,,,,,,,,,,,,,,,,,,,,,,,,,,,,,,,,,,,,,,,,,,,,,,,,,,,,,,,,,,
1974,2,356.0,-36.0,20.16,20.5,20.84,20.5,2.0,0.71,12.0,0.0,0.7,1.0,20.53,20.6,23.26,21.87,3.0,2.28,12.0,0.0,0.5,0.9,10.92,11.37,11.82,11.37,2.0,0.94,12.0,0.0,0.7,1.0,72.6,75.8,78.9,75.8,2.0,6.5,12.0,0.0,1.0,8.06,8.2,8.54,8.3,3.0,0.36,12.0,0.0,0.5,0.9,-2.66,5.14,5.45,1.48,3.0,6.73,12.0,0.0,0.5,0.9,-5.86,-5.27,2.88,-1.58,3.0,7.15,12.0,0.0,0.5,0.9,1012.49,1013.1,1013.65,1013.07,3.0,0.85,12.0,0.0,0.5,0.9,4.3,7.0,7.0,5.7,3.0,2.3,12.0,0.0,0.5,0.9,-22.1,41.1,46.3,12.8,3.0,55.8,12.0,0.0,0.5,0.9,-47.2,-43.2,25.9,-11.4,3.0,60.2,12.0,0.0,0.5,0.9,-0.36,-0.05,0.26,-0.05,2.0,0.64,12.0,0.0,0.7,1.0,-2.8,-0.3,2.3,-0.3,2.0,5.3,12.0,0.0,0.7,1.0,2.87,3.63,4.4,3.63,2.0,1.59,12.0,0.0,0.7,1.0,23.5,30.7,38.0,30.7,2.0,15.1,12.0,0.0,0.7,1.0,-71.6,105.4,112.1,22.2,3.0,152.6,12.0,0.0,0.5,0.9,-128.0,-125.6,53.8,-39.2,3.0,152.8,12.0,0.0,0.5,0.9,60.2,60.9,61.5,60.9,2.0,1.4,12.0,0.0,0.7,1.0,-50.7,-1.2,48.3,-1.2,2.0,102.6,12.0,0.0,0.7,1.0,15.1,19.8,24.4,19.8,2.0,9.7,12.0,0.0,0.7,1.0,-7.9,8.2,24.2,8.2,2.0,33.3,12.0,0.0,0.7,1.0,524.5,551.5,624.5,574.0,3.0,76.0,12.0,0.0,0.5,0.9,525.0,550.0,625.0,575.0,3.0,75.0,12.0,0.0,0.5,0.9
1974,2,356.0,-35.0,,,,,,,,,,,,,,,,,,,,,,,,,,,,,,,,,,,,,,,,10.3,10.3,10.3,10.3,1.0,0.0,12.0,1.0,0.4,0.7,-6.62,-6.62,-6.62,-6.62,1.0,0.0,12.0,1.0,0.4,0.7,7.89,7.89,7.89,7.89,1.0,0.0,12.0,1.0,0.4,0.7,1017.9,1017.9,1017.9,1017.9,1.0,0.0,12.0,1.0,0.4,0.7,,,,,,,,,,,,,,,,,,,,,,,,,,,,,,,,,,,,,,,,,,,,,,,,,,,,,,,,,,,,,,,,,,,,,,,,,,,,,,,,,,,,,,,,,,,,,,,,,,,,,,,,,,,,,,,,,,,,,,,,,,,,,,,,,,,,,,,,,,,,,,,,,,,,,,
1974,2,356.0,-34.0,,,,,,,,,,,,,,,,,,,,,,,,,,,,,,,,,,,,,,,,4.6,4.6,4.6,4.6,1.0,0.0,6.0,1.0,0.9,0.1,-2.3,-2.3,-2.3,-2.3,1.0,0.0,6.0,1.0,0.9,0.1,3.98,3.98,3.98,3.98,1.0,0.0,6.0,1.0,0.9,0.1,1025.8,1025.8,1025.8,1025.8,1.0,0.0,6.0,1.0,0.9,0.1,3.0,3.0,3.0,3.0,1.0,0.0,6.0,1.0,0.9,0.1,-10.6,-10.6,-10.6,-10.6,1.0,0.0,6.0,1.0,0.9,0.1,18.3,18.3,18.3,18.3,1.0,0.0,6.0,1.0,0.9,0.1,,,,,,,,,,,,,,,,,,,,,,,,,,,,,,,,,,,,,,,,,-41.4,-41.4,-41.4,-41.4,1.0,0.0,6.0,1.0,0.9,0.1,71.7,71.7,71.7,71.7,1.0,0.0,6.0,1.0,0.9,0.1,-28.0,-28.0,-28.0,-28.0,1.0,0.0,6.0,1.0,0.9,0.1,48.6,48.6,48.6,48.6,1.0,0.0,6.0,1.0,0.9,0.1,,,,,,,,,,,,,,,,,,,,,,,,,,,,,,,,,,,,,,,,
1974,2,356.0,-33.0,21.5,21.5,21.5,21.5,1.0,0.0,16.0,1.0,0.1,0.1,25.5,25.5,25.5,25.5,1.0,0.0,16.0,1.0,0.1,0.1,13.54,13.54,13.54,13.54,1.0,0.0,16.0,1.0,0.1,0.1,67.3,67.3,67.3,67.3,1.0,0.0,16.0,1.0,0.1,3.1,3.1,3.1,3.1,1.0,0.0,16.0,1.0,0.1,0.1,0.54,0.54,0.54,0.54,1.0,0.0,16.0,1.0,0.1,0.1,3.05,3.05,3.05,3.05,1.0,0.0,16.0,1.0,0.1,0.1,1021.5,1021.5,1021.5,1021.5,1.0,0.0,16.0,1.0,0.1,0.1,2.0,2.0,2.0,2.0,1.0,0.0,16.0,1.0,0.1,0.1,1.7,1.7,1.7,1.7,1.0,0.0,16.0,1.0,0.1,0.1,9.5,9.5,9.5,9.5,1.0,0.0,16.0,1.0,0.1,0.1,-4.0,-4.0,-4.0,-4.0,1.0,0.0,16.0,1.0,0.1,0.1,-12.4,-12.4,-12.4,-12.4,1.0,0.0,16.0,1.0,0.1,0.1,2.29,2.29,2.29,2.29,1.0,0.0,16.0,1.0,0.1,0.1,7.1,7.1,7.1,7.1,1.0,0.0,16.0,1.0,0.1,0.1,13.7,13.7,13.7,13.7,1.0,0.0,16.0,1.0,0.1,0.1,77.8,77.8,77.8,77.8,1.0,0.0,16.0,1.0,0.1,0.1,7.3,7.3,7.3,7.3,1.0,0.0,16.0,1.0,0.1,0.1,41.4,41.4,41.4,41.4,1.0,0.0,16.0,1.0,0.1,0.1,1.2,1.2,1.2,1.2,1.0,0.0,16.0,1.0,0.1,0.1,7.0,7.0,7.0,7.0,1.0,0.0,16.0,1.0,0.1,0.1,30.0,30.0,30.0,30.0,1.0,0.0,16.0,1.0,0.1,0.1,30.0,30.0,30.0,30.0,1.0,0.0,16.0,1.0,0.1,0.1
1974,2,356.0,-31.0,23.0,23.0,23.0,23.0,1.0,0.0,16.0,1.0,1.0,0.4,23.2,23.2,23.2,23.2,1.0,0.0,16.0,1.0,1.0,0.4,15.07,15.07,15.07,15.07,1.0,0.0,16.0,1.0,1.0,0.4,85.8,85.8,85.8,85.8,1.0,0.0,16.0,1.0,0.4,0.0,0.0,0.0,0.0,1.0,0.0,16.0,1.0,1.0,0.4,0.0,0.0,0.0,0.0,1.0,0.0,16.0,1.0,1.0,0.4,0.0,0.0,0.0,0.0,1.0,0.0,16.0,1.0,1.0,0.4,1021.5,1021.5,1021.5,1021.5,1.0,0.0,16.0,1.0,1.0,0.4,1.0,1.0,1.0,1.0,1.0,0.0,16.0,1.0,1.0,0.4,0.0,0.0,0.0,0.0,1.0,0.0,16.0,1.0,1.0,0.4,0.0,0.0,0.0,0.0,1.0,0.0,16.0,1.0,1.0,0.4,-0.2,-0.2,-0.2,-0.2,1.0,0.0,16.0,1.0,1.0,0.4,0.0,0.0,0.0,0.0,1.0,0.0,16.0,1.0,1.0,0.4,2.3,2.3,2.3,2.3,1.0,0.0,16.0,1.0,1.0,0.4,0.0,0.0,0.0,0.0,1.0,0.0,16.0,1.0,1.0,0.4,0.0,0.0,0.0,0.0,1.0,0.0,16.0,1.0,1.0,0.4,0.0,0.0,0.0,0.0,1.0,0.0,16.0,1.0,1.0,0.4,0.0,0.0,0.0,0.0,1.0,0.0,16.0,1.0,1.0,0.4,0.0,0.0,0.0,0.0,1.0,0.0,16.0,1.0,1.0,0.4,0.0,0.0,0.0,0.0,1.0,0.0,16.0,1.0,1.0,0.4,0.0,0.0,0.0,0.0,1.0,0.0,16.0,1.0,1.0,0.4,0.0,0.0,0.0,0.0,1.0,0.0,16.0,1.0,1.0,0.4,0.0,0.0,0.0,0.0,1.0,0.0,16.0,1.0,1.0,0.4
1974,2,356.0,-30.0,23.2,23.2,23.2,23.2,1.0,0.0,12.0,1.0,0.4,0.3,22.1,22.1,22.1,22.1,1.0,0.0,12.0,1.0,0.4,0.3,11.75,11.75,11.75,11.75,1.0,0.0,12.0,1.0,0.4,0.3,71.4,71.4,71.4,71.4,1.0,0.0,12.0,1.0,0.3,5.1,5.1,5.1,5.1,1.0,0.0,12.0,1.0,0.4,0.3,-4.42,-4.42,-4.42,-4.42,1.0,0.0,12.0,1.0,0.4,0.3,2.55,2.55,2.55,2.55,1.0,0.0,12.0,1.0,0.4,0.3,1017.7,1017.7,1017.7,1017.7,1.0,0.0,12.0,1.0,0.4,0.3,6.0,6.0,6.0,6.0,1.0,0.0,12.0,1.0,0.4,0.3,-22.5,-22.5,-22.5,-22.5,1.0,0.0,12.0,1.0,0.4,0.3,13.0,13.0,13.0,13.0,1.0,0.0,12.0,1.0,0.4,0.3,1.1,1.1,1.1,1.1,1.0,0.0,12.0,1.0,0.4,0.3,5.6,5.6,5.6,5.6,1.0,0.0,12.0,1.0,0.4,0.3,5.9,5.9,5.9,5.9,1.0,0.0,12.0,1.0,0.4,0.3,30.1,30.1,30.1,30.1,1.0,0.0,12.0,1.0,0.4,0.3,-97.6,-97.6,-97.6,-97.6,1.0,0.0,12.0,1.0,0.4,0.3,56.4,56.4,56.4,56.4,1.0,0.0,12.0,1.0,0.4,0.3,-51.9,-51.9,-51.9,-51.9,1.0,0.0,12.0,1.0,0.4,0.3,30.0,30.0,30.0,30.0,1.0,0.0,12.0,1.0,0.4,0.3,-26.0,-26.0,-26.0,-26.0,1.0,0.0,12.0,1.0,0.4,0.3,15.0,15.0,15.0,15.0,1.0,0.0,12.0,1.0,0.4,0.3,132.5,132.5,132.5,132.5,1.0,0.0,12.0,1.0,0.4,0.3,135.0,135.0,135.0,135.0,1.0,0.0,12.0,1.0,0.4,0.3
1974,2,356.0,-27.0,26.1,26.1,26.1,26.1,1.0,0.0,16.0,1.0,0.4,0.9,23.9,23.9,23.9,23.9,1.0,0.0,16.0,1.0,0.4,0.9,11.97,11.97,11.97,11.97,1.0,0.0,16.0,1.0,0.4,0.9,65.3,65.3,65.3,65.3,1.0,0.0,16.0,1.0,0.9,5.1,5.1,5.1,5.1,1.0,0.0,16.0,1.0,0.4,0.9,-5.02,-5.02,-5.02,-5.02,1.0,0.0,16.0,1.0,0.4,0.9,0.89,0.89,0.89,0.89,1.0,0.0,16.0,1.0,0.4,0.9,1018.0,1018.0,1018.0,1018.0,1.0,0.0,16.0,1.0,0.4,0.9,7.0,7.0,7.0,7.0,1.0,0.0,16.0,1.0,0.4,0.9,-25.6,-25.6,-25.6,-25.6,1.0,0.0,16.0,1.0,0.4,0.9,4.5,4.5,4.5,4.5,1.0,0.0,16.0,1.0,0.4,0.9,2.2,2.2,2.2,2.2,1.0,0.0,16.0,1.0,0.4,0.9,11.2,11.2,11.2,11.2,1.0,0.0,16.0,1.0,0.4,0.9,9.05,9.05,9.05,9.05,1.0,0.0,16.0,1.0,0.4,0.9,46.2,46.2,46.2,46.2,1.0,0.0,16.0,1.0,0.4,0.9,-120.0,-120.0,-120.0,-120.0,1.0,0.0,16.0,1.0,0.4,0.9,21.2,21.2,21.2,21.2,1.0,0.0,16.0,1.0,0.4,0.9,-60.1,-60.1,-60.1,-60.1,1.0,0.0,16.0,1.0,0.4,0.9,10.6,10.6,10.6,10.6,1.0,0.0,16.0,1.0,0.4,0.9,-45.5,-45.5,-45.5,-45.5,1.0,0.0,16.0,1.0,0.4,0.9,8.0,8.0,8.0,8.0,1.0,0.0,16.0,1.0,0.4,0.9,132.5,132.5,132.5,132.5,1.0,0.0,16.0,1.0,0.4,0.9,135.0,135.0,135.0,135.0,1.0,0.0,16.0,1.0,0.4,0.9
1974,2,356.0,-25.0,22.91,23.3,23.94,23.54,7.0,1.63,20.0,0.9,0.5,0.6,23.35,24.4,26.05,24.41,7.0,1.62,20.0,0.9,0.5,0.6,12.14,13.58,15.09,13.78,6.0,2.17,20.0,0.8,0.6,0.6,67.4,76.3,78.9,73.5,6.0,7.9,20.0,0.8,0.6,3.1,4.1,7.7,4.7,7.0,2.1,20.0,0.9,0.5,0.6,-6.67,-3.55,-2.91,-3.84,7.0,2.31,20.0,0.9,0.5,0.6,0.51,2.05,3.85,2.11,7.0,1.55,20.0,0.9,0.5,0.6,1015.52,1016.5,1017.67,1016.59,7.0,1.59,20.0,0.9,0.5,0.6,2.0,4.0,5.0,3.4,7.0,1.5,20.0,0.9,0.5,0.6,-51.3,-14.6,-9.0,-21.7,7.0,20.9,20.0,0.9,0.5,0.6,1.6,8.4,29.6,12.1,7.0,12.5,20.0,0.9,0.5,0.6,-2.57,-1.1,0.54,-0.87,7.0,2.3,20.0,0.9,0.5,0.6,-10.4,-8.5,2.1,-4.4,7.0,8.0,20.0,0.9,0.5,0.6,2.33,4.61,6.7,4.35,6.0,2.73,20.0,0.8,0.6,0.6,8.1,22.6,29.7,21.7,6.0,16.8,20.0,0.8,0.6,0.6,-149.4,-90.2,-70.9,-93.2,7.0,53.3,20.0,0.9,0.5,0.6,12.5,53.3,86.2,50.2,7.0,36.3,20.0,0.9,0.5,0.6,-77.0,-50.8,-35.1,-50.9,6.0,29.5,20.0,0.8,0.6,0.6,6.2,30.3,45.7,27.0,6.0,21.2,20.0,0.8,0.6,0.6,-27.2,-14.7,-0.3,-16.0,6.0,16.5,20.0,0.8,0.6,0.6,1.4,9.8,23.2,11.5,6.0,10.5,20.0,0.8,0.6,0.6,30.0,69.0,456.5,163.0,7.0,201.5,20.0,0.9,0.5,0.6,30.0,70.0,455.0,165.0,7.0,200.0,20.0,0.9,0.5,0.6
1974,2,356.0,-24.0,22.37,22.75,23.13,22.75,2.0,0.78,22.0,1.0,0.9,0.6,24.03,24.1,24.17,24.1,2.0,0.14,22.0,1.0,0.9,0.6,11.86,12.23,12.61,12.23,2.0,0.77,22.0,1.0,0.9,0.6,63.6,65.8,68.1,65.8,2.0,4.7,22.0,1.0,0.6,5.51,6.4,7.29,6.4,2.0,1.84,22.0,1.0,0.9,0.6,-6.23,-5.29,-4.35,-5.29,2.0,1.95,22.0,1.0,0.9,0.6,3.37,3.56,3.76,3.56,2.0,0.4,22.0,1.0,0.9,0.6,1016.35,1016.45,1016.55,1016.45,2.0,0.21,22.0,1.0,0.9,0.6,1.6,3.0,4.4,3.0,2.0,2.8,22.0,1.0,0.9,0.6,-46.4,-35.6,-24.9,-35.6,2.0,22.2,22.0,1.0,0.9,0.6,18.8,23.2,27.6,23.2,2.0,9.1,22.0,1.0,0.9,0.6,-1.66,-1.35,-1.04,-1.35,2.0,0.64,22.0,1.0,0.9,0.6,-8.8,-8.1,-7.3,-8.1,2.0,1.6,22.0,1.0,0.9,0.6,4.19,4.96,5.73,4.96,2.0,1.59,22.0,1.0,0.9,0.6,23.9,33.2,42.5,33.2,2.0,19.3,22.0,1.0,0.9,0.6,-150.6,-127.6,-104.5,-127.6,2.0,47.8,22.0,1.0,0.9,0.6,81.0,85.9,90.9,85.9,2.0,10.2,22.0,1.0,0.9,0.6,-73.5,-63.9,-54.4,-63.9,2.0,19.8,22.0,1.0,0.9,0.6,42.4,43.4,44.5,43.4,2.0,2.2,22.0,1.0,0.9,0.6,-36.5,-27.8,-19.0,-27.8,2.0,18.1,22.0,1.0,0.9,0.6,14.3,18.0,21.7,18.0,2.0,7.7,22.0,1.0,0.9,0.6,184.0,294.5,405.0,294.5,2.0,229.0,22.0,1.0,0.9,0.6,185.0,295.0,405.0,295.0,2.0,230.0,22.0,1.0,0.9,0.6
1974,2,356.0,-23.0,22.4,23.3,23.84,23.15,6.0,0.81,12.0,0.7,0.6,0.5,22.48,23.1,24.6,23.43,6.0,1.07,12.0,0.7,0.6,0.5,12.18,13.61,14.85,13.52,4.0,1.6,12.0,0.8,0.6,0.5,65.3,75.7,81.7,74.1,5.0,9.2,10.0,0.8,0.4,5.97,7.2,7.51,6.93,6.0,1.2,12.0,0.7,0.6,0.5,-6.64,-5.49,-4.48,-5.66,6.0,1.55,12.0,0.7,0.6,0.5,3.22,3.6,4.3,3.83,6.0,0.9,12.0,0.7,0.6,0.5,1015.39,1015.7,1015.84,1015.62,5.0,0.28,14.0,0.6,0.6,0.6,5.3,7.0,8.0,6.6,5.0,1.7,10.0,0.8,0.5,0.4,-50.3,-39.1,-27.5,-40.6,6.0,17.7,12.0,0.7,0.6,0.5,23.1,25.9,28.8,26.5,6.0,7.4,12.0,0.7,0.6,0.5,-0.99,-0.2,0.6,-0.28,6.0,1.08,12.0,0.7,0.6,0.5,-6.6,-1.7,4.3,-2.0,6.0,7.7,12.0,0.7,0.6,0.5,2.79,3.45,5.19,3.97,4.0,1.79,12.0,0.8,0.6,0.5,15.9,26.0,40.0,27.9,4.0,15.2,12.0,0.8,0.6,0.5,-152.6,-129.9,-110.0,-131.9,6.0,32.7,12.0,0.7,0.6,0.5,72.3,83.2,106.0,90.4,6.0,25.5,12.0,0.7,0.6,0.5,-89.1,-72.5,-64.0,-76.4,4.0,19.8,12.0,0.8,0.6,0.5,39.9,44.8,54.3,47.0,4.0,9.8,12.0,0.8,0.6,0.5,-35.8,-22.8,-12.2,-23.9,4.0,14.2,12.0,0.8,0.6,0.5,9.4,11.9,18.4,13.8,4.0,6.8,12.0,0.8,0.6,0.5,216.5,373.0,432.0,358.0,6.0,176.5,12.0,0.7,0.6,0.5,215.0,375.0,430.0,360.0,6.0,175.0,12.0,0.7,0.6,0.5
1974,2,356.0,-22.0,22.93,23.2,23.47,23.2,2.0,0.57,16.0,0.0,0.3,0.6,22.83,22.9,22.97,22.9,2.0,0.14,16.0,0.0,0.3,0.6,13.28,13.33,13.39,13.33,2.0,0.12,16.0,0.0,0.3,0.6,77.2,77.2,77.2,77.2,2.0,0.0,16.0,0.0,0.6,5.51,6.4,7.29,6.4,2.0,1.84,16.0,0.0,0.3,0.6,-3.18,-2.96,-2.74,-2.96,2.0,0.46,16.0,0.0,0.3,0.6,4.44,5.57,6.71,5.57,2.0,2.35,16.0,0.0,0.3,0.6,1018.3,1018.3,1018.3,1018.3,2.0,0.0,16.0,0.0,0.3,0.6,3.0,5.0,7.0,5.0,2.0,4.2,16.0,0.0,0.3,0.6,-19.7,-18.5,-17.3,-18.5,2.0,2.5,16.0,0.0,0.3,0.6,25.6,37.8,50.0,37.8,2.0,25.3,16.0,0.0,0.3,0.6,0.1,0.3,0.5,0.3,2.0,0.42,16.0,0.0,0.3,0.6,0.7,2.3,3.9,2.3,2.0,3.3,16.0,0.0,0.3,0.6,4.07,4.3,4.54,4.3,2.0,0.49,16.0,0.0,0.3,0.6,22.7,28.0,33.3,28.0,2.0,11.1,16.0,0.0,0.3,0.6,-72.5,-67.7,-62.8,-67.7,2.0,10.0,16.0,0.0,0.3,0.6,101.4,127.7,154.1,127.7,2.0,54.7,16.0,0.0,0.3,0.6,-42.1,-39.4,-36.6,-39.4,2.0,5.7,16.0,0.0,0.3,0.6,59.0,74.4,89.9,74.4,2.0,32.0,16.0,0.0,0.3,0.6,-12.9,-12.6,-12.4,-12.6,2.0,0.5,16.0,0.0,0.3,0.6,18.3,24.6,30.8,24.6,2.0,12.9,16.0,0.0,0.3,0.6,184.0,294.5,405.0,294.5,2.0,229.0,16.0,0.0,0.3,0.6,185.0,295.0,405.0,295.0,2.0,230.0,16.0,0.0,0.3,0.6
1974,2,356.0,-21.0,22.52,23.0,23.68,23.1,3.0,0.85,10.0,0.7,0.6,0.9,21.95,24.0,26.73,24.33,3.0,3.51,10.0,0.7,0.6,0.9,14.33,14.87,15.71,15.02,3.0,1.01,10.0,0.7,0.6,0.9,72.3,80.3,87.7,80.0,3.0,11.3,10.0,0.7,0.9,6.86,7.2,9.32,8.07,3.0,1.95,10.0,0.7,0.6,0.9,-7.36,-6.24,-5.94,-6.64,3.0,1.1,10.0,0.7,0.6,0.9,3.43,3.6,5.66,4.52,3.0,1.82,10.0,0.7,0.6,0.9,1014.44,1015.6,1016.9,1015.67,3.0,1.8,10.0,0.7,0.6,0.9,4.3,7.0,7.7,6.0,3.0,2.6,10.0,0.7,0.6,0.9,-69.7,-44.9,-40.8,-55.0,3.0,22.9,10.0,0.7,0.6,0.9,23.5,25.9,54.8,38.9,3.0,25.5,10.0,0.7,0.6,0.9,-3.05,-1.0,0.57,-1.23,3.0,2.66,10.0,0.7,0.6,0.9,-21.8,-6.7,7.0,-7.4,3.0,21.1,10.0,0.7,0.6,0.9,2.49,2.59,2.65,2.57,3.0,0.12,10.0,0.7,0.6,0.9,17.4,17.5,24.4,20.8,3.0,5.8,10.0,0.7,0.6,0.9,-171.8,-165.7,-147.6,-159.8,3.0,18.4,10.0,0.7,0.6,0.9,86.9,100.8,126.9,106.7,3.0,29.8,10.0,0.7,0.6,0.9,-107.7,-100.3,-90.8,-99.3,3.0,12.4,10.0,0.7,0.6,0.9,52.4,57.9,82.0,67.0,3.0,23.1,10.0,0.7,0.6,0.9,-19.2,-15.2,-15.1,-17.1,3.0,3.5,10.0,0.7,0.6,0.9,8.7,8.8,14.9,11.7,3.0,5.2,10.0,0.7,0.6,0.9,324.0,373.0,864.5,589.0,3.0,438.0,10.0,0.7,0.6,0.9,325.0,375.0,865.0,590.0,3.0,440.0,10.0,0.7,0.6,0.9
1974,2,356.0,-20.0,22.99,23.4,24.08,23.53,3.0,0.81,18.0,1.0,0.8,0.4,21.45,22.2,22.81,22.13,3.0,1.0,18.0,1.0,0.8,0.4,13.09,13.64,14.51,13.8,3.0,1.04,18.0,1.0,0.8,0.4,75.9,82.1,91.4,83.6,3.0,11.5,18.0,1.0,0.4,5.1,5.1,6.87,5.97,3.0,1.5,18.0,1.0,0.8,0.4,-4.62,-3.91,-3.91,-4.25,3.0,0.6,18.0,1.0,0.8,0.4,3.28,3.28,5.07,4.15,3.0,1.51,18.0,1.0,0.8,0.4,1012.31,1013.2,1013.88,1013.1,3.0,1.15,18.0,1.0,0.8,0.4,5.6,7.0,7.0,6.3,3.0,1.2,18.0,1.0,0.8,0.4,-32.3,-19.9,-19.9,-26.0,3.0,10.5,18.0,1.0,0.8,0.4,16.7,16.7,36.3,26.3,3.0,16.6,18.0,1.0,0.8,0.4,0.74,1.7,2.04,1.4,3.0,0.98,18.0,1.0,0.8,0.4,4.6,11.2,12.5,8.6,3.0,6.2,18.0,1.0,0.8,0.4,3.26,5.13,5.32,4.31,3.0,1.67,18.0,1.0,0.8,0.4,20.8,26.1,27.1,24.0,3.0,5.0,18.0,1.0,0.8,0.4,-99.9,-90.2,-87.8,-93.8,3.0,9.4,18.0,1.0,0.8,0.4,73.7,75.7,109.0,91.0,3.0,29.0,18.0,1.0,0.8,0.4,-67.3,-53.3,-51.1,-59.1,3.0,12.8,18.0,1.0,0.8,0.4,42.9,44.7,74.2,58.2,3.0,25.7,18.0,1.0,0.8,0.4,-20.8,-20.0,-14.4,-17.7,3.0,5.1,18.0,1.0,0.8,0.4,14.9,16.8,17.4,16.2,3.0,1.9,18.0,1.0,0.8,0.4,132.5,132.5,353.5,240.5,3.0,187.0,18.0,1.0,0.8,0.4,135.0,135.0,355.0,240.0,3.0,185.0,18.0,1.0,0.8,0.4
1974,2,356.0,-19.0,22.55,23.6,24.1,23.35,6.0,1.04,18.0,0.8,0.8,0.9,20.84,23.55,24.3,22.92,6.0,1.74,18.0,0.8,0.8,0.9,13.39,13.61,14.23,13.84,6.0,0.72,18.0,0.8,0.8,0.9,73.6,80.1,86.5,80.0,6.0,7.7,18.0,0.8,0.9,5.0,5.1,8.34,6.4,6.0,2.42,18.0,0.8,0.8,0.9,-7.22,-4.35,-3.47,-5.25,6.0,2.35,18.0,0.8,0.8,0.9,2.71,3.56,4.22,3.52,6.0,1.21,18.0,0.8,0.8,0.9,1012.46,1013.95,1016.49,1014.75,6.0,3.08,18.0,0.8,0.8,0.9,2.8,7.5,8.0,6.0,6.0,2.8,18.0,0.8,0.8,0.9,-61.6,-22.2,-16.6,-38.3,6.0,33.4,18.0,0.8,0.8,0.9,12.6,18.3,35.6,24.5,6.0,18.0,18.0,0.8,0.8,0.9,-1.13,-0.15,2.31,0.43,6.0,2.16,18.0,0.8,0.8,0.9,-8.1,-0.8,13.1,1.8,6.0,17.1,18.0,0.8,0.8,0.9,3.21,4.49,5.13,4.05,6.0,1.68,18.0,0.8,0.8,0.9,17.1,22.1,29.2,23.6,6.0,11.2,18.0,0.8,0.8,0.9,-154.6,-105.1,-78.2,-120.2,6.0,54.9,18.0,0.8,0.8,0.9,57.9,78.2,101.3,80.5,6.0,28.9,18.0,0.8,0.8,0.9,-101.2,-58.9,-46.3,-73.8,6.0,37.4,18.0,0.8,0.8,0.9,35.7,48.5,60.3,49.3,6.0,19.5,18.0,0.8,0.8,0.9,-26.7,-16.7,-11.6,-19.3,6.0,10.4,18.0,0.8,0.8,0.9,7.9,13.6,17.0,13.0,6.0,5.9,18.0,0.8,0.8,0.9,125.5,132.5,622.5,368.5,6.0,456.5,18.0,0.8,0.8,0.9,125.0,135.0,620.0,370.0,6.0,455.0,18.0,0.8,0.8,0.9
1974,2,356.0,-18.0,24.32,25.25,25.76,25.05,4.0,0.99,20.0,0.5,0.4,0.8,22.7,22.9,22.97,22.83,3.0,0.21,20.0,0.3,0.5,0.7,13.55,14.0,14.35,13.95,3.0,0.59,20.0,0.3,0.5,0.7,78.4,82.1,82.9,80.7,3.0,3.5,20.0,0.3,0.7,4.79,5.05,5.1,4.95,4.0,0.24,20.0,0.5,0.4,0.8,-3.61,-3.25,-3.08,-3.34,4.0,0.4,20.0,0.5,0.4,0.8,3.4,3.68,3.87,3.63,4.0,0.29,20.0,0.5,0.4,0.8,1010.88,1012.25,1014.04,1012.45,4.0,1.93,20.0,0.5,0.4,0.8,7.0,7.0,7.7,7.3,3.0,0.6,18.0,0.7,0.5,0.8,-18.4,-16.4,-14.8,-16.6,4.0,2.6,20.0,0.5,0.4,0.8,16.5,17.9,19.6,18.0,4.0,1.8,20.0,0.5,0.4,0.8,1.18,2.0,2.96,2.07,3.0,1.3,20.0,0.3,0.5,0.7,5.7,10.0,15.0,10.3,3.0,6.8,20.0,0.3,0.5,0.7,5.05,5.22,6.43,5.73,3.0,1.11,20.0,0.3,0.5,0.7,23.9,26.1,32.6,28.2,3.0,6.7,20.0,0.3,0.5,0.7,-83.7,-73.9,-69.7,-76.6,3.0,10.6,20.0,0.3,0.5,0.7,76.2,80.7,85.7,81.0,3.0,7.0,20.0,0.3,0.5,0.7,-52.2,-46.7,-41.7,-46.9,3.0,7.6,20.0,0.3,0.5,0.7,46.3,47.0,52.9,49.5,3.0,5.3,20.0,0.3,0.5,0.7,-24.0,-16.8,-15.3,-19.6,3.0,6.8,20.0,0.3,0.5,0.7,18.3,20.0,22.0,20.1,3.0,2.7,20.0,0.3,0.5,0.7,110.5,129.0,132.5,122.0,4.0,17.0,20.0,0.5,0.4,0.8,110.0,130.0,135.0,120.0,4.0,15.0,20.0,0.5,0.4,0.8
1974,2,356.0,-17.0,24.03,24.1,24.17,24.1,2.0,0.14,18.0,1.0,0.7,0.9,22.7,22.7,22.7,22.7,1.0,0.0,22.0,1.0,0.9,1.0,14.54,14.54,14.54,14.54,1.0,0.0,22.0,1.0,0.9,1.0,84.7,84.7,84.7,84.7,1.0,0.0,22.0,1.0,1.0,3.42,4.1,4.78,4.1,2.0,1.41,18.0,1.0,0.7,0.9,-3.55,-1.68,0.19,-1.68,2.0,3.87,18.0,1.0,0.7,0.9,-2.05,-0.18,1.68,-0.18,2.0,3.86,18.0,1.0,0.7,0.9,1012.9,1012.9,1012.9,1012.9,1.0,0.0,22.0,1.0,0.9,1.0,8.0,8.0,8.0,8.0,2.0,0.0,18.0,1.0,0.7,0.9,-18.4,-9.6,-0.8,-9.6,2.0,18.3,18.0,1.0,0.7,0.9,-5.5,2.0,9.5,2.0,2.0,15.6,18.0,1.0,0.7,0.9,1.5,1.5,1.5,1.5,1.0,0.0,22.0,1.0,0.9,1.0,4.7,4.7,4.7,4.7,1.0,0.0,22.0,1.0,0.9,1.0,4.3,4.3,4.3,4.3,1.0,0.0,22.0,1.0,0.9,1.0,13.3,13.3,13.3,13.3,1.0,0.0,22.0,1.0,0.9,1.0,24.1,24.1,24.1,24.1,1.0,0.0,22.0,1.0,0.9,1.0,-66.1,-66.1,-66.1,-66.1,1.0,0.0,22.0,1.0,0.9,1.0,15.4,15.4,15.4,15.4,1.0,0.0,22.0,1.0,0.9,1.0,-42.4,-42.4,-42.4,-42.4,1.0,0.0,22.0,1.0,0.9,1.0,4.6,4.6,4.6,4.6,1.0,0.0,22.0,1.0,0.9,1.0,-12.5,-12.5,-12.5,-12.5,1.0,0.0,22.0,1.0,0.9,1.0,46.0,81.0,116.5,81.0,2.0,72.5,18.0,1.0,0.7,0.9,45.0,80.0,115.0,80.0,2.0,75.0,18.0,1.0,0.7,0.9
1974,2,356.0,-15.0,24.0,24.0,24.0,24.0,1.0,0.0,12.0,1.0,1.0,0.7,24.5,24.5,24.5,24.5,1.0,0.0,12.0,1.0,1.0,0.7,15.82,15.82,15.82,15.82,1.0,0.0,12.0,1.0,1.0,0.7,82.4,82.4,82.4,82.4,1.0,0.0,12.0,1.0,0.7,6.2,6.2,6.2,6.2,1.0,0.0,12.0,1.0,1.0,0.7,-3.99,-3.99,-3.99,-3.99,1.0,0.0,12.0,1.0,1.0,0.7,4.75,4.75,4.75,4.75,1.0,0.0,12.0,1.0,1.0,0.7,1009.9,1009.9,1009.9,1009.9,1.0,0.0,12.0,1.0,1.0,0.7,3.0,3.0,3.0,3.0,1.0,0.0,12.0,1.0,1.0,0.7,-24.7,-24.7,-24.7,-24.7,1.0,0.0,12.0,1.0,1.0,0.7,29.4,29.4,29.4,29.4,1.0,0.0,12.0,1.0,1.0,0.7,-0.5,-0.5,-0.5,-0.5,1.0,0.0,12.0,1.0,1.0,0.7,-3.1,-3.1,-3.1,-3.1,1.0,0.0,12.0,1.0,1.0,0.7,2.85,2.85,2.85,2.85,1.0,0.0,12.0,1.0,1.0,0.7,17.7,17.7,17.7,17.7,1.0,0.0,12.0,1.0,1.0,0.7,-97.6,-97.6,-97.6,-97.6,1.0,0.0,12.0,1.0,1.0,0.7,116.4,116.4,116.4,116.4,1.0,0.0,12.0,1.0,1.0,0.7,-63.0,-63.0,-63.0,-63.0,1.0,0.0,12.0,1.0,1.0,0.7,75.1,75.1,75.1,75.1,1.0,0.0,12.0,1.0,1.0,0.7,-11.4,-11.4,-11.4,-11.4,1.0,0.0,12.0,1.0,1.0,0.7,13.5,13.5,13.5,13.5,1.0,0.0,12.0,1.0,1.0,0.7,238.5,238.5,238.5,238.5,1.0,0.0,12.0,1.0,1.0,0.7,240.0,240.0,240.0,240.0,1.0,0.0,12.0,1.0,1.0,0.7
1974,2,356.0,-14.0,25.0,25.0,25.0,25.0,1.0,0.0,14.0,1.0,0.4,1.0,26.0,26.0,26.0,26.0,1.0,0.0,14.0,1.0,0.4,1.0,14.11,14.11,14.11,14.11,1.0,0.0,14.0,1.0,0.4,1.0,67.4,67.4,67.4,67.4,1.0,0.0,14.0,1.0,1.0,4.6,4.6,4.6,4.6,1.0,0.0,14.0,1.0,0.4,1.0,-4.32,-4.32,-4.32,-4.32,1.0,0.0,14.0,1.0,0.4,1.0,1.57,1.57,1.57,1.57,1.0,0.0,14.0,1.0,0.4,1.0,1012.0,1012.0,1012.0,1012.0,1.0,0.0,14.0,1.0,0.4,1.0,0.0,0.0,0.0,0.0,1.0,0.0,14.0,1.0,0.4,1.0,-19.9,-19.9,-19.9,-19.9,1.0,0.0,14.0,1.0,0.4,1.0,7.2,7.2,7.2,7.2,1.0,0.0,14.0,1.0,0.4,1.0,-1.0,-1.0,-1.0,-1.0,1.0,0.0,14.0,1.0,0.4,1.0,-4.6,-4.6,-4.6,-4.6,1.0,0.0,14.0,1.0,0.4,1.0,5.69,5.69,5.69,5.69,1.0,0.0,14.0,1.0,0.4,1.0,26.2,26.2,26.2,26.2,1.0,0.0,14.0,1.0,0.4,1.0,-112.4,-112.4,-112.4,-112.4,1.0,0.0,14.0,1.0,0.4,1.0,40.9,40.9,40.9,40.9,1.0,0.0,14.0,1.0,0.4,1.0,-61.0,-61.0,-61.0,-61.0,1.0,0.0,14.0,1.0,0.4,1.0,22.2,22.2,22.2,22.2,1.0,0.0,14.0,1.0,0.4,1.0,-24.6,-24.6,-24.6,-24.6,1.0,0.0,14.0,1.0,0.4,1.0,8.9,8.9,8.9,8.9,1.0,0.0,14.0,1.0,0.4,1.0,97.5,97.5,97.5,97.5,1.0,0.0,14.0,1.0,0.4,1.0,95.0,95.0,95.0,95.0,1.0,0.0,14.0,1.0,0.4,1.0
1974,2,356.0,-12.0,27.0,27.0,27.0,27.0,1.0,0.0,8.0,1.0,0.7,1.0,26.8,26.8,26.8,26.8,1.0,0.0,8.0,1.0,0.7,1.0,14.3,14.3,14.3,14.3,1.0,0.0,8.0,1.0,0.7,1.0,65.1,65.1,65.1,65.1,1.0,0.0,8.0,1.0,1.0,3.1,3.1,3.1,3.1,1.0,0.0,8.0,1.0,0.7,1.0,-1.99,-1.99,-1.99,-1.99,1.0,0.0,8.0,1.0,0.7,1.0,2.37,2.37,2.37,2.37,1.0,0.0,8.0,1.0,0.7,1.0,1011.4,1011.4,1011.4,1011.4,1.0,0.0,8.0,1.0,0.7,1.0,1.0,1.0,1.0,1.0,1.0,0.0,8.0,1.0,0.7,1.0,-6.2,-6.2,-6.2,-6.2,1.0,0.0,8.0,1.0,0.7,1.0,7.4,7.4,7.4,7.4,1.0,0.0,8.0,1.0,0.7,1.0,0.2,0.2,0.2,0.2,1.0,0.0,8.0,1.0,0.7,1.0,0.6,0.6,0.6,0.6,1.0,0.0,8.0,1.0,0.7,1.0,8.04,8.04,8.04,8.04,1.0,0.0,8.0,1.0,0.7,1.0,24.9,24.9,24.9,24.9,1.0,0.0,8.0,1.0,0.7,1.0,-53.4,-53.4,-53.4,-53.4,1.0,0.0,8.0,1.0,0.7,1.0,63.6,63.6,63.6,63.6,1.0,0.0,8.0,1.0,0.7,1.0,-28.5,-28.5,-28.5,-28.5,1.0,0.0,8.0,1.0,0.7,1.0,33.9,33.9,33.9,33.9,1.0,0.0,8.0,1.0,0.7,1.0,-16.0,-16.0,-16.0,-16.0,1.0,0.0,8.0,1.0,0.7,1.0,19.1,19.1,19.1,19.1,1.0,0.0,8.0,1.0,0.7,1.0,30.0,30.0,30.0,30.0,1.0,0.0,8.0,1.0,0.7,1.0,30.0,30.0,30.0,30.0,1.0,0.0,8.0,1.0,0.7,1.0
1974,2,356.0,-11.0,26.0,26.5,26.9,26.52,5.0,0.65,10.0,0.4,0.9,0.6,24.98,25.6,27.23,25.99,7.0,1.2,14.0,0.4,0.8,0.7,14.49,15.66,17.34,15.83,5.0,1.57,16.0,0.4,0.9,0.6,71.9,76.4,80.1,75.8,5.0,5.2,16.0,0.4,0.6,4.0,4.8,6.2,4.95,6.0,1.08,14.0,0.5,0.9,0.6,-4.14,-3.37,-1.12,-2.9,6.0,1.59,14.0,0.5,0.9,0.6,3.29,3.91,4.18,3.82,6.0,0.61,14.0,0.5,0.9,0.6,1010.0,1011.4,1013.02,1011.29,7.0,1.85,14.0,0.4,0.8,0.7,1.9,3.0,7.0,4.0,7.0,3.0,14.0,0.4,0.8,0.7,-25.7,-16.1,-4.1,-15.6,6.0,10.6,14.0,0.5,0.9,0.6,13.3,17.9,25.7,19.3,6.0,6.7,14.0,0.5,0.9,0.6,-0.09,1.0,1.17,0.5,5.0,1.29,10.0,0.4,0.9,0.6,-1.0,4.1,7.3,2.7,5.0,6.8,10.0,0.4,0.9,0.6,5.47,6.23,7.36,6.41,4.0,1.15,12.0,0.3,0.9,0.6,26.7,35.5,39.4,33.1,4.0,9.9,12.0,0.3,0.9,0.6,-108.5,-89.8,-28.4,-75.8,6.0,41.0,14.0,0.5,0.9,0.6,82.7,103.5,113.1,100.5,6.0,18.1,14.0,0.5,0.9,0.6,-70.3,-48.9,-16.7,-44.2,5.0,27.5,16.0,0.4,0.9,0.6,48.6,59.2,74.6,61.2,5.0,16.2,16.0,0.4,0.9,0.6,-30.2,-25.0,-14.1,-22.3,4.0,11.2,12.0,0.3,0.9,0.6,20.5,24.9,27.0,23.8,4.0,4.2,12.0,0.3,0.9,0.6,64.5,111.0,238.5,136.0,6.0,83.5,14.0,0.5,0.9,0.6,65.0,110.0,240.0,135.0,6.0,85.0,14.0,0.5,0.9,0.6
1974,2,356.0,-10.0,25.5,26.8,27.75,26.59,23.0,1.03,14.0,0.5,0.7,0.7,24.76,26.0,27.5,26.12,25.0,1.45,14.0,0.4,0.7,0.6,15.46,16.38,17.47,16.47,12.0,0.89,16.0,0.6,0.7,0.6,66.7,79.2,83.4,76.4,14.0,8.2,14.0,0.6,0.7,2.6,5.0,6.22,4.64,26.0,1.97,14.0,0.5,0.7,0.7,-4.33,-2.64,-0.69,-2.87,26.0,2.15,14.0,0.5,0.7,0.7,1.67,3.21,4.43,3.19,26.0,1.56,14.0,0.5,0.7,0.7,1008.9,1010.4,1013.45,1010.93,23.0,2.35,16.0,0.4,0.7,0.6,1.0,3.0,7.0,3.5,26.0,2.6,14.0,0.5,0.7,0.7,-24.9,-13.1,-1.5,-16.7,26.0,17.7,14.0,0.5,0.7,0.7,4.3,15.2,23.2,16.3,26.0,10.7,14.0,0.5,0.7,0.7,-1.23,-0.05,2.33,0.37,22.0,1.78,14.0,0.5,0.7,0.7,-5.3,-0.1,5.4,0.1,22.0,7.6,14.0,0.5,0.7,0.7,4.41,4.9,6.72,5.13,10.0,1.65,16.0,0.6,0.8,0.6,12.9,26.8,30.9,22.6,10.0,9.9,16.0,0.6,0.8,0.6,-107.9,-67.2,-15.1,-73.3,25.0,57.6,14.0,0.4,0.7,0.6,49.6,82.5,120.3,87.4,25.0,38.7,14.0,0.4,0.7,0.6,-58.6,-38.0,-9.4,-35.4,12.0,26.0,16.0,0.6,0.7,0.6,43.3,57.5,77.9,59.3,12.0,19.9,16.0,0.6,0.7,0.6,-20.8,-11.8,-0.5,-11.2,10.0,9.7,16.0,0.6,0.8,0.6,10.4,18.2,24.6,18.0,10.0,8.5,16.0,0.6,0.8,0.6,17.5,125.0,240.5,150.0,26.0,158.0,14.0,0.5,0.7,0.7,20.0,125.0,240.0,150.0,26.0,160.0,14.0,0.5,0.7,0.7
1974,2,356.0,-9.0,26.0,27.0,28.0,26.96,89.0,1.11,14.0,0.5,0.6,0.6,25.0,26.2,28.0,26.4,89.0,1.46,14.0,0.5,0.6,0.6,15.35,16.4,17.89,16.6,66.0,1.37,14.0,0.5,0.6,0.7,71.8,78.2,84.5,78.6,67.0,6.8,14.0,0.4,0.7,2.6,4.6,6.7,4.73,88.0,1.98,14.0,0.5,0.6,0.6,-4.31,-2.68,-1.06,-2.83,88.0,1.82,14.0,0.5,0.6,0.6,1.61,3.45,5.36,3.46,88.0,1.75,14.0,0.5,0.6,0.6,1009.3,1010.7,1012.64,1010.93,91.0,1.83,14.0,0.5,0.6,0.6,1.0,3.0,6.0,3.3,92.0,2.2,14.0,0.5,0.6,0.6,-28.9,-11.0,-2.8,-16.1,88.0,15.1,14.0,0.5,0.6,0.6,4.7,16.2,33.9,18.9,88.0,14.7,14.0,0.5,0.6,0.6,-1.0,0.75,2.0,0.56,86.0,1.48,14.0,0.5,0.6,0.7,-4.7,2.5,8.9,2.4,82.0,8.1,14.0,0.5,0.6,0.6,4.35,5.56,7.02,5.53,66.0,1.43,14.0,0.5,0.6,0.7,13.2,21.9,36.0,24.2,63.0,13.4,14.0,0.5,0.6,0.7,-112.4,-66.9,-25.4,-73.8,84.0,49.0,14.0,0.5,0.6,0.6,43.5,90.3,143.8,91.4,84.0,46.8,14.0,0.5,0.6,0.6,-66.9,-39.0,-18.6,-42.3,63.0,26.0,14.0,0.5,0.6,0.7,25.9,53.2,82.7,55.2,63.0,28.6,14.0,0.5,0.6,0.7,-23.1,-11.3,-5.0,-14.1,63.0,10.2,14.0,0.5,0.6,0.7,8.6,13.8,30.7,18.2,63.0,11.4,14.0,0.5,0.6,0.7,17.5,97.5,301.0,160.5,88.0,167.0,14.0,0.5,0.6,0.6,20.0,95.0,300.0,160.0,88.0,165.0,14.0,0.5,0.6,0.6
1974,2,356.0,-8.0,26.1,27.0,27.8,26.97,78.0,0.92,16.0,0.5,0.5,0.5,25.32,26.4,27.57,26.41,84.0,1.24,16.0,0.5,0.5,0.5,15.34,16.47,17.49,16.47,71.0,1.32,16.0,0.5,0.5,0.5,71.7,76.3,82.1,76.6,75.0,6.2,16.0,0.5,0.5,2.6,4.6,6.7,4.54,81.0,1.98,16.0,0.5,0.5,0.5,-4.31,-2.37,-0.85,-2.56,81.0,1.75,16.0,0.5,0.5,0.5,1.67,3.14,5.52,3.4,81.0,1.85,16.0,0.5,0.5,0.5,1008.77,1010.7,1013.19,1010.98,81.0,2.3,16.0,0.5,0.5,0.5,1.0,3.0,5.0,3.1,85.0,2.0,16.0,0.5,0.5,0.5,-26.8,-10.3,-1.8,-13.9,81.0,13.3,16.0,0.5,0.5,0.5,4.3,13.6,36.6,18.5,81.0,15.3,16.0,0.5,0.5,0.5,-0.99,0.7,1.5,0.5,77.0,1.39,16.0,0.5,0.5,0.5,-3.5,2.0,6.9,2.1,73.0,7.4,14.0,0.5,0.5,0.5,4.61,5.66,6.98,5.8,66.0,1.68,16.0,0.5,0.5,0.5,13.7,23.0,37.7,25.4,63.0,12.8,14.0,0.5,0.5,0.5,-107.8,-64.0,-21.3,-66.7,80.0,45.5,14.0,0.5,0.5,0.5,43.9,87.0,138.2,88.9,80.0,48.2,14.0,0.5,0.5,0.5,-67.4,-41.3,-13.4,-41.6,68.0,28.1,14.0,0.5,0.5,0.5,27.5,57.1,84.3,57.6,68.0,30.3,14.0,0.5,0.5,0.5,-24.0,-12.6,-4.5,-13.8,63.0,9.7,14.0,0.5,0.5,0.5,9.2,16.6,32.1,19.4,63.0,12.2,14.0,0.5,0.5,0.5,17.5,97.5,301.0,146.5,81.0,154.5,16.0,0.5,0.5,0.5,20.0,95.0,300.0,145.0,81.0,155.0,16.0,0.5,0.5,0.5
1974,2,356.0,-7.0,26.8,27.1,27.82,27.32,13.0,0.74,14.0,0.3,0.3,0.3,25.63,26.25,27.23,26.5,16.0,1.02,14.0,0.4,0.3,0.3,15.93,16.5,17.49,16.58,15.0,0.92,16.0,0.4,0.3,0.3,73.7,76.3,80.0,76.3,15.0,3.5,16.0,0.4,0.3,3.6,5.3,7.32,5.32,16.0,1.88,14.0,0.4,0.3,0.3,-4.23,-3.05,-1.4,-3.0,16.0,1.32,14.0,0.4,0.3,0.3,2.64,4.29,5.9,4.31,16.0,1.59,14.0,0.4,0.3,0.3,1008.47,1010.5,1011.65,1010.47,16.0,1.86,14.0,0.4,0.3,0.3,1.4,3.0,3.6,2.9,16.0,1.7,14.0,0.4,0.3,0.3,-31.8,-15.8,-4.4,-17.9,16.0,12.3,14.0,0.4,0.3,0.3,9.8,23.0,44.2,25.6,16.0,16.8,14.0,0.4,0.3,0.3,0.39,1.0,1.71,1.05,13.0,0.86,14.0,0.3,0.3,0.3,2.2,5.4,7.3,5.0,13.0,3.6,14.0,0.3,0.3,0.3,5.48,5.76,7.55,6.38,13.0,1.3,14.0,0.3,0.3,0.3,21.1,35.0,44.5,34.9,13.0,11.2,14.0,0.3,0.3,0.3,-115.2,-81.1,-38.5,-79.4,16.0,34.9,14.0,0.4,0.3,0.3,68.9,110.2,155.1,114.2,16.0,42.4,14.0,0.4,0.3,0.3,-74.5,-44.7,-22.9,-48.6,15.0,22.0,16.0,0.4,0.3,0.3,41.4,63.7,101.4,71.2,15.0,28.1,16.0,0.4,0.3,0.3,-27.5,-19.0,-11.5,-19.2,13.0,9.0,14.0,0.3,0.3,0.3,18.9,32.4,37.3,28.5,13.0,9.2,14.0,0.3,0.3,0.3,46.5,156.5,397.5,203.5,16.0,176.0,14.0,0.4,0.3,0.3,45.0,155.0,395.0,205.0,16.0,175.0,14.0,0.4,0.3,0.3
1974,2,356.0,-6.0,,,,,,,,,,,,,,,,,,,,,,,,,,,,,,,,,,,,,,,,3.1,3.55,4.52,3.8,4.0,0.91,14.0,0.8,0.6,0.4,-2.34,-0.95,-0.54,-1.41,4.0,1.26,14.0,0.8,0.6,0.4,3.05,3.41,3.8,3.42,4.0,0.43,14.0,0.8,0.6,0.4,1008.55,1009.4,1010.0,1009.99,7.0,2.71,12.0,0.7,0.6,0.4,,,,,,,,,,,,,,,,,,,,,,,,,,,,,,,,,,,,,,,,,,,,,,,,,,,,,,,,,,,,,,,,,,,,,,,,,,,,,,,,,,,,,,,,,,,,,,,,,,,,,,,,,,,,,,,,,,,,,,,,,,,,,,,,,,,,,,,,,,,,,,,,,,,,,,
1974,2,356.0,-5.0,27.09,27.85,29.0,27.85,10.0,0.98,16.0,0.5,0.4,0.4,26.64,27.05,29.57,27.74,10.0,1.39,16.0,0.5,0.4,0.4,17.54,18.17,19.94,18.72,4.0,1.66,16.0,0.3,0.6,0.4,73.0,82.7,90.5,81.8,4.0,12.0,16.0,0.3,0.4,3.2,4.8,6.57,4.96,10.0,1.82,16.0,0.5,0.4,0.4,-2.91,-1.86,-1.45,-2.27,10.0,1.19,16.0,0.5,0.4,0.4,2.62,4.51,6.03,4.32,10.0,1.69,16.0,0.5,0.4,0.4,1009.34,1009.7,1013.46,1011.08,10.0,2.45,16.0,0.5,0.4,0.4,3.0,5.0,7.7,5.1,9.0,2.2,14.0,0.4,0.4,0.4,-16.5,-8.3,-5.2,-12.5,10.0,11.1,16.0,0.5,0.4,0.4,8.9,21.7,41.5,24.1,10.0,15.7,16.0,0.5,0.4,0.4,-1.57,0.25,1.57,0.11,10.0,1.53,16.0,0.5,0.4,0.4,-6.3,0.2,8.3,0.5,10.0,7.8,16.0,0.5,0.4,0.4,2.32,4.06,6.65,4.47,4.0,2.58,16.0,0.3,0.6,0.4,11.9,16.6,23.1,17.5,4.0,7.0,16.0,0.3,0.6,0.4,-77.9,-55.1,-38.5,-62.7,10.0,32.3,16.0,0.5,0.4,0.4,74.6,120.4,170.4,119.4,10.0,46.3,16.0,0.5,0.4,0.4,-58.0,-41.4,-28.4,-43.1,4.0,17.3,16.0,0.3,0.6,0.4,53.8,74.9,84.3,69.3,4.0,24.2,16.0,0.3,0.6,0.4,-10.8,-7.9,-6.7,-8.8,4.0,2.7,16.0,0.3,0.6,0.4,9.8,13.4,20.1,14.9,4.0,7.2,16.0,0.3,0.6,0.4,37.5,111.0,288.5,166.5,10.0,157.0,16.0,0.5,0.4,0.4,35.0,110.0,290.0,165.0,10.0,155.0,16.0,0.5,0.4,0.4
1974,2,356.0,-4.0,,,,,,,,,,,,,,,,,,,,,,,,,,,,,,,,,,,,,,,,0.95,3.0,5.05,3.0,2.0,4.24,20.0,0.5,0.2,0.2,0.0,0.0,0.0,0.0,2.0,0.0,20.0,0.5,0.2,0.2,0.95,3.0,5.05,3.0,2.0,4.24,20.0,0.5,0.2,0.2,1013.7,1013.7,1013.7,1013.7,1.0,0.0,28.0,1.0,0.2,0.3,,,,,,,,,,,,,,,,,,,,,,,,,,,,,,,,,,,,,,,,,,,,,,,,,,,,,,,,,,,,,,,,,,,,,,,,,,,,,,,,,,,,,,,,,,,,,,,,,,,,,,,,,,,,,,,,,,,,,,,,,,,,,,,,,,,,,,,,,,,,,,,,,,,,,,
1974,2,356.0,-2.0,28.35,28.45,28.55,28.45,2.0,0.21,28.0,1.0,0.5,0.7,27.53,27.6,27.67,27.6,2.0,0.14,28.0,1.0,0.5,0.7,17.82,17.89,17.97,17.89,2.0,0.15,28.0,1.0,0.5,0.7,77.4,77.4,77.4,77.4,2.0,0.0,28.0,1.0,0.7,4.6,4.6,4.6,4.6,1.0,0.0,28.0,1.0,0.7,0.4,0.0,0.0,0.0,0.0,1.0,0.0,28.0,1.0,0.7,0.4,4.6,4.6,4.6,4.6,1.0,0.0,28.0,1.0,0.7,0.4,1009.55,1009.65,1009.75,1009.65,2.0,0.21,28.0,1.0,0.5,0.7,3.5,4.5,5.5,4.5,2.0,2.1,28.0,1.0,0.5,0.7,0.0,0.0,0.0,0.0,1.0,0.0,28.0,1.0,0.7,0.4,21.2,21.2,21.2,21.2,1.0,0.0,28.0,1.0,0.7,0.4,0.82,0.85,0.88,0.85,2.0,0.07,28.0,1.0,0.5,0.7,3.7,3.7,3.7,3.7,1.0,0.0,28.0,1.0,0.7,0.4,6.42,6.49,6.56,6.49,2.0,0.15,28.0,1.0,0.5,0.7,29.4,29.4,29.4,29.4,1.0,0.0,28.0,1.0,0.7,0.4,0.0,0.0,0.0,0.0,1.0,0.0,28.0,1.0,0.7,0.4,126.5,126.5,126.5,126.5,1.0,0.0,28.0,1.0,0.7,0.4,0.0,0.0,0.0,0.0,1.0,0.0,28.0,1.0,0.7,0.4,81.8,81.8,81.8,81.8,1.0,0.0,28.0,1.0,0.7,0.4,0.0,0.0,0.0,0.0,1.0,0.0,28.0,1.0,0.7,0.4,29.4,29.4,29.4,29.4,1.0,0.0,28.0,1.0,0.7,0.4,97.5,97.5,97.5,97.5,1.0,0.0,28.0,1.0,0.7,0.4,95.0,95.0,95.0,95.0,1.0,0.0,28.0,1.0,0.7,0.4
1974,2,356.0,-1.0,28.0,28.0,28.0,28.0,1.0,0.0,14.0,0.0,1.0,0.8,27.0,27.0,27.0,27.0,1.0,0.0,14.0,0.0,1.0,0.8,18.98,18.98,18.98,18.98,1.0,0.0,14.0,0.0,1.0,0.8,85.2,85.2,85.2,85.2,1.0,0.0,14.0,0.0,0.8,6.2,6.2,6.2,6.2,1.0,0.0,14.0,0.0,1.0,0.8,-3.1,-3.1,-3.1,-3.1,1.0,0.0,14.0,0.0,1.0,0.8,5.37,5.37,5.37,5.37,1.0,0.0,14.0,0.0,1.0,0.8,1011.5,1011.5,1011.5,1011.5,1.0,0.0,14.0,0.0,1.0,0.8,8.0,8.0,8.0,8.0,1.0,0.0,14.0,0.0,1.0,0.8,-19.2,-19.2,-19.2,-19.2,1.0,0.0,14.0,0.0,1.0,0.8,33.3,33.3,33.3,33.3,1.0,0.0,14.0,0.0,1.0,0.8,1.0,1.0,1.0,1.0,1.0,0.0,14.0,0.0,1.0,0.8,6.2,6.2,6.2,6.2,1.0,0.0,14.0,0.0,1.0,0.8,4.72,4.72,4.72,4.72,1.0,0.0,14.0,0.0,1.0,0.8,29.2,29.2,29.2,29.2,1.0,0.0,14.0,0.0,1.0,0.8,-83.7,-83.7,-83.7,-83.7,1.0,0.0,14.0,0.0,1.0,0.8,145.0,145.0,145.0,145.0,1.0,0.0,14.0,0.0,1.0,0.8,-58.8,-58.8,-58.8,-58.8,1.0,0.0,14.0,0.0,1.0,0.8,101.9,101.9,101.9,101.9,1.0,0.0,14.0,0.0,1.0,0.8,-14.6,-14.6,-14.6,-14.6,1.0,0.0,14.0,0.0,1.0,0.8,25.3,25.3,25.3,25.3,1.0,0.0,14.0,0.0,1.0,0.8,238.5,238.5,238.5,238.5,1.0,0.0,14.0,0.0,1.0,0.8,240.0,240.0,240.0,240.0,1.0,0.0,14.0,0.0,1.0,0.8
1974,2,356.0,0.0,28.04,28.45,29.0,28.41,8.0,1.05,18.0,0.8,0.5,0.4,27.0,27.3,27.95,27.31,9.0,0.59,18.0,0.8,0.6,0.4,17.65,19.04,19.29,18.67,8.0,0.94,18.0,0.8,0.5,0.4,79.0,81.5,84.1,82.0,8.0,5.2,18.0,0.8,0.4,2.73,4.1,4.47,4.06,9.0,1.38,18.0,0.8,0.6,0.4,-2.03,0.0,2.18,0.11,9.0,2.3,18.0,0.8,0.6,0.4,1.47,3.52,4.03,2.84,9.0,2.46,18.0,0.8,0.6,0.4,1007.99,1008.8,1012.87,1009.93,9.0,2.48,18.0,0.8,0.6,0.4,4.3,5.0,6.0,5.3,9.0,1.4,18.0,0.8,0.6,0.4,-7.5,0.0,13.1,1.4,9.0,10.5,18.0,0.8,0.6,0.4,4.7,14.6,16.6,13.9,9.0,15.0,18.0,0.8,0.6,0.4,0.51,1.05,1.77,1.06,8.0,0.68,18.0,0.8,0.5,0.4,2.1,2.7,7.1,3.9,8.0,3.0,18.0,0.8,0.5,0.4,4.91,5.27,7.63,5.77,7.0,2.21,18.0,0.7,0.5,0.3,13.4,21.6,30.0,22.7,7.0,8.2,18.0,0.7,0.5,0.3,-56.6,0.0,57.6,2.4,9.0,62.4,18.0,0.8,0.6,0.4,40.0,95.1,112.7,77.4,9.0,65.9,18.0,0.8,0.6,0.4,-39.1,-9.0,45.9,0.0,8.0,45.1,18.0,0.8,0.5,0.4,33.9,64.8,78.5,65.3,8.0,33.2,18.0,0.8,0.5,0.4,-15.3,-8.8,4.4,-6.4,7.0,10.8,18.0,0.7,0.5,0.3,11.5,20.8,25.8,19.7,7.0,7.0,18.0,0.7,0.5,0.3,21.0,69.0,89.5,90.0,9.0,109.5,18.0,0.8,0.6,0.4,20.0,70.0,90.0,90.0,9.0,110.0,18.0,0.8,0.6,0.4
1974,2,356.0,1.0,28.24,28.45,29.21,28.7,6.0,0.72,12.0,0.3,0.7,0.8,26.56,27.1,27.32,26.93,6.0,0.52,12.0,0.3,0.6,0.6,17.37,18.73,20.64,18.99,4.0,2.23,10.0,0.3,0.7,0.7,81.0,84.2,90.5,85.7,4.0,6.9,10.0,0.3,0.7,0.0,1.0,2.49,1.35,6.0,1.51,12.0,0.3,0.6,0.7,-0.59,0.0,0.63,0.27,6.0,1.42,12.0,0.3,0.6,0.7,0.0,0.6,2.2,0.98,6.0,1.11,12.0,0.3,0.6,0.7,1009.06,1010.05,1011.59,1010.12,6.0,2.13,12.0,0.3,0.6,0.6,3.8,8.0,8.0,6.0,7.0,3.1,12.0,0.4,0.6,0.7,-0.6,0.0,2.5,1.8,6.0,5.1,12.0,0.3,0.6,0.7,0.0,0.6,5.6,2.7,6.0,4.1,12.0,0.3,0.6,0.7,1.06,1.2,2.48,1.78,5.0,1.26,10.0,0.2,0.7,0.8,0.6,1.8,3.2,1.9,4.0,1.7,10.0,0.0,0.7,0.8,3.79,5.43,8.1,5.92,4.0,3.07,10.0,0.3,0.7,0.7,0.9,2.8,7.9,4.4,3.0,5.3,8.0,0.0,0.7,0.8,-18.1,0.0,30.2,8.7,5.0,42.8,10.0,0.2,0.6,0.7,5.9,23.7,61.6,31.9,5.0,30.2,10.0,0.2,0.6,0.7,-7.5,0.0,0.0,-3.7,3.0,6.3,8.0,0.0,0.7,0.8,6.0,19.0,33.6,19.8,3.0,20.2,8.0,0.0,0.7,0.8,-0.9,0.0,0.0,-0.5,3.0,0.8,8.0,0.0,0.7,0.8,0.8,2.4,7.8,4.2,3.0,5.4,8.0,0.0,0.7,0.8,0.0,1.0,20.5,12.5,6.0,25.5,12.0,0.3,0.6,0.7,0.0,0.0,20.0,15.0,6.0,25.0,12.0,0.3,0.6,0.7
1974,2,356.0,2.0,28.38,28.9,29.52,28.95,4.0,0.82,18.0,0.5,0.6,0.5,27.06,27.4,27.81,27.43,3.0,0.55,16.0,0.3,0.5,0.7,17.14,18.48,18.71,17.93,3.0,1.24,16.0,0.3,0.5,0.7,73.8,82.2,82.9,78.4,3.0,7.4,16.0,0.3,0.7,2.84,3.55,4.31,3.58,4.0,0.9,18.0,0.5,0.6,0.5,-1.14,0.74,3.22,1.03,4.0,2.58,18.0,0.5,0.6,0.5,2.14,2.37,3.13,2.62,4.0,0.78,18.0,0.5,0.6,0.5,1008.13,1009.45,1010.71,1009.43,4.0,1.52,18.0,0.5,0.6,0.5,3.0,4.5,5.5,4.3,4.0,1.7,18.0,0.5,0.6,0.5,-4.0,2.5,13.1,4.5,4.0,10.7,18.0,0.5,0.6,0.5,6.3,8.5,12.9,9.5,4.0,4.2,18.0,0.5,0.6,0.5,1.2,1.4,1.81,1.5,3.0,0.46,16.0,0.3,0.5,0.7,3.9,6.2,6.4,5.2,3.0,2.0,16.0,0.3,0.5,0.7,5.56,6.11,8.89,7.2,3.0,2.61,16.0,0.3,0.5,0.7,18.3,28.1,30.5,24.5,3.0,9.4,16.0,0.3,0.5,0.7,4.8,66.5,95.6,50.6,3.0,68.0,16.0,0.3,0.5,0.7,58.1,63.0,64.9,61.5,3.0,5.1,16.0,0.3,0.5,0.7,1.2,39.2,63.6,32.6,3.0,46.0,16.0,0.3,0.5,0.7,36.2,43.3,44.6,40.4,3.0,6.6,16.0,0.3,0.5,0.7,4.5,24.2,24.3,14.6,3.0,16.7,16.0,0.3,0.5,0.7,13.3,14.1,18.3,15.8,3.0,4.0,16.0,0.3,0.5,0.7,23.5,47.0,81.5,52.0,4.0,36.0,18.0,0.5,0.6,0.5,25.0,45.0,80.0,50.0,4.0,35.0,18.0,0.5,0.6,0.5
1974,2,356.0,3.0,28.19,28.6,29.21,28.7,3.0,0.75,16.0,0.0,0.3,0.4,28.03,28.1,28.24,28.13,3.0,0.15,16.0,0.0,0.3,0.4,18.77,18.88,19.27,19.02,3.0,0.38,16.0,0.0,0.3,0.4,78.1,79.4,81.0,79.6,3.0,2.1,16.0,0.0,0.4,2.73,4.1,4.1,3.43,3.0,1.15,16.0,0.0,0.3,0.4,0.65,2.05,2.08,1.38,3.0,1.2,16.0,0.0,0.3,0.4,1.13,3.55,3.93,2.55,3.0,2.23,16.0,0.0,0.3,0.4,1005.98,1007.0,1009.59,1007.77,3.0,2.73,16.0,0.0,0.3,0.4,1.6,5.0,7.0,4.3,3.0,4.0,16.0,0.0,0.3,0.4,1.4,4.4,7.1,4.3,3.0,4.2,16.0,0.0,0.3,0.4,4.6,14.6,16.1,10.5,3.0,9.1,16.0,0.0,0.3,0.4,-0.05,0.5,1.18,0.57,3.0,0.9,16.0,0.0,0.3,0.4,0.2,2.1,4.8,2.5,3.0,3.4,16.0,0.0,0.3,0.4,5.27,5.69,6.31,5.79,3.0,0.76,16.0,0.0,0.3,0.4,14.7,23.3,25.9,20.4,3.0,8.6,16.0,0.0,0.3,0.4,18.3,57.6,58.9,39.0,3.0,33.8,16.0,0.0,0.3,0.4,31.7,99.8,110.0,71.5,3.0,62.4,16.0,0.0,0.3,0.4,12.3,38.7,39.1,26.0,3.0,22.5,16.0,0.0,0.3,0.4,21.3,67.0,75.7,48.9,3.0,42.8,16.0,0.0,0.3,0.4,3.4,10.7,11.3,7.4,3.0,6.5,16.0,0.0,0.3,0.4,6.4,20.2,24.9,15.8,3.0,14.1,16.0,0.0,0.3,0.4,28.0,69.0,69.0,49.0,3.0,34.5,16.0,0.0,0.3,0.4,30.0,70.0,70.0,50.0,3.0,35.0,16.0,0.0,0.3,0.4
1974,2,356.0,4.0,27.28,28.0,28.42,27.93,16.0,0.61,12.0,0.5,0.6,0.3,27.18,27.55,28.67,27.91,16.0,0.9,12.0,0.5,0.6,0.3,18.66,20.02,21.05,19.84,14.0,1.17,14.0,0.4,0.6,0.3,79.6,84.4,88.6,84.1,15.0,5.8,12.0,0.5,0.3,2.21,2.6,3.6,2.83,15.0,1.35,14.0,0.5,0.6,0.3,-0.39,1.55,2.91,1.44,15.0,1.95,14.0,0.5,0.6,0.3,0.91,1.67,2.67,1.64,15.0,1.22,14.0,0.5,0.6,0.3,1006.21,1007.2,1009.73,1007.92,15.0,1.75,14.0,0.5,0.6,0.3,1.0,5.5,8.0,4.9,16.0,3.0,12.0,0.5,0.6,0.3,-0.4,4.8,9.0,5.6,15.0,10.0,14.0,0.5,0.6,0.3,1.4,4.3,8.0,5.1,15.0,4.2,14.0,0.5,0.6,0.3,-0.45,0.2,0.92,0.02,16.0,1.17,12.0,0.5,0.6,0.3,-0.4,0.7,2.5,0.7,15.0,3.4,14.0,0.5,0.6,0.3,2.37,3.78,4.95,3.77,14.0,1.16,14.0,0.4,0.6,0.3,9.2,10.5,14.3,10.8,13.0,4.2,14.0,0.5,0.6,0.3,-10.9,46.5,83.3,39.8,15.0,53.9,14.0,0.5,0.6,0.3,25.4,45.6,78.9,45.9,15.0,34.1,14.0,0.5,0.6,0.3,-1.3,28.9,53.7,23.5,13.0,29.6,14.0,0.5,0.6,0.3,17.4,36.3,57.3,35.1,13.0,26.4,14.0,0.5,0.6,0.3,-0.1,5.7,10.5,5.2,13.0,6.3,14.0,0.5,0.6,0.3,3.0,5.9,9.9,6.6,13.0,5.4,14.0,0.5,0.6,0.3,11.0,17.5,46.5,37.5,15.0,57.5,14.0,0.5,0.6,0.3,10.0,20.0,45.0,40.0,15.0,55.0,14.0,0.5,0.6,0.3
1974,2,356.0,5.0,27.0,27.1,28.0,27.37,6.0,0.5,16.0,0.7,0.6,0.2,27.03,27.9,28.5,27.58,6.0,1.23,16.0,0.7,0.6,0.2,19.61,20.07,21.0,20.25,6.0,0.93,16.0,0.7,0.6,0.2,85.0,86.3,90.3,87.7,6.0,4.1,16.0,0.7,0.2,1.0,2.6,4.65,3.08,5.0,2.97,16.0,0.8,0.6,0.2,-0.24,2.44,3.58,1.96,5.0,2.32,16.0,0.8,0.6,0.2,0.56,0.94,2.92,1.82,5.0,2.53,16.0,0.8,0.6,0.2,1008.76,1010.0,1011.5,1010.02,6.0,1.37,16.0,0.7,0.6,0.2,6.3,8.0,8.0,6.7,6.0,3.3,16.0,0.7,0.6,0.2,-0.2,6.4,20.1,11.2,5.0,18.2,16.0,0.8,0.6,0.2,0.6,1.0,20.3,11.1,5.0,22.6,16.0,0.8,0.6,0.2,-1.34,-0.4,0.77,-0.22,6.0,1.26,16.0,0.7,0.6,0.2,-2.2,-0.9,1.7,-0.3,5.0,2.8,16.0,0.8,0.6,0.2,1.58,2.94,3.52,2.61,6.0,1.19,16.0,0.7,0.6,0.2,1.9,4.7,17.3,9.8,5.0,12.8,16.0,0.8,0.6,0.2,-6.6,68.2,100.0,54.5,5.0,64.0,16.0,0.8,0.6,0.2,15.7,26.2,80.9,50.4,5.0,69.4,16.0,0.8,0.6,0.2,-4.9,49.7,72.5,39.5,5.0,46.2,16.0,0.8,0.6,0.2,11.5,18.5,59.0,36.5,5.0,49.9,16.0,0.8,0.6,0.2,-0.4,4.7,12.8,6.5,5.0,8.7,16.0,0.8,0.6,0.2,0.4,2.5,10.9,6.1,5.0,10.3,16.0,0.8,0.6,0.2,1.0,17.5,212.5,117.5,5.0,242.5,16.0,0.8,0.6,0.2,0.0,20.0,215.0,120.0,5.0,245.0,16.0,0.8,0.6,0.2
1974,2,356.0,35.0,14.68,15.0,16.0,15.15,11.0,0.91,22.0,0.1,0.6,0.8,12.9,14.8,16.1,14.57,13.0,2.34,22.0,0.2,0.6,0.7,6.42,7.14,8.28,7.27,10.0,0.94,24.0,0.2,0.6,0.6,54.0,71.2,82.5,69.3,10.0,13.0,24.0,0.2,0.6,4.59,8.75,12.71,8.63,12.0,4.4,22.0,0.1,0.6,0.7,-8.44,-2.4,10.81,-0.08,12.0,9.37,22.0,0.1,0.6,0.7,-5.2,0.0,1.65,-1.47,12.0,3.24,22.0,0.1,0.6,0.7,1008.17,1017.3,1019.05,1014.54,13.0,4.88,22.0,0.2,0.6,0.7,1.0,3.0,3.1,2.2,13.0,1.3,22.0,0.2,0.6,0.7,-71.8,-12.2,135.5,14.3,12.0,109.2,22.0,0.1,0.6,0.7,-71.2,0.0,10.5,-19.1,12.0,40.3,22.0,0.1,0.6,0.7,-0.32,1.1,2.71,1.2,11.0,1.54,22.0,0.1,0.6,0.8,-2.4,15.3,19.2,11.7,11.0,15.8,22.0,0.1,0.6,0.8,2.6,3.33,4.18,3.39,8.0,0.82,24.0,0.1,0.6,0.7,20.3,25.0,36.2,26.0,8.0,9.4,24.0,0.1,0.6,0.7,-119.1,-31.2,139.7,-8.4,12.0,130.6,22.0,0.1,0.6,0.7,-61.2,0.0,21.4,-18.5,12.0,44.2,22.0,0.1,0.6,0.7,-72.8,-44.4,8.3,-32.4,9.0,52.2,24.0,0.1,0.6,0.7,-14.3,0.0,12.8,0.8,9.0,14.7,24.0,0.1,0.6,0.7,-30.6,-22.0,2.1,-14.6,8.0,23.8,24.0,0.1,0.6,0.7,-7.5,2.1,5.4,0.0,8.0,7.2,24.0,0.1,0.6,0.7,106.5,678.0,2070.5,1066.5,12.0,1035.0,22.0,0.1,0.6,0.7,105.0,680.0,2070.0,1065.0,12.0,1035.0,22.0,0.1,0.6,0.7
1974,2,356.0,36.0,13.86,15.0,16.0,15.03,162.0,1.34,14.0,0.3,0.6,0.3,12.5,14.0,15.59,14.09,172.0,1.73,14.0,0.3,0.5,0.3,5.92,7.09,8.56,7.14,71.0,1.34,14.0,0.3,0.5,0.3,61.2,70.4,85.4,71.7,72.0,12.1,14.0,0.3,0.3,3.1,8.7,14.0,8.64,164.0,4.93,16.0,0.3,0.5,0.3,-4.76,5.99,13.7,4.58,164.0,8.29,16.0,0.3,0.5,0.3,-2.96,0.0,2.58,-0.39,164.0,3.07,16.0,0.3,0.5,0.3,1009.96,1017.8,1021.64,1016.58,169.0,5.48,14.0,0.3,0.5,0.3,0.0,3.0,6.0,3.0,161.0,2.7,14.0,0.3,0.5,0.3,-24.6,45.3,193.3,68.5,164.0,116.6,16.0,0.3,0.5,0.3,-24.5,0.0,25.4,-2.9,164.0,34.4,16.0,0.3,0.5,0.3,-0.76,1.0,2.6,0.96,161.0,1.87,14.0,0.3,0.6,0.3,-6.6,5.1,26.5,8.0,151.0,19.6,16.0,0.3,0.5,0.3,1.58,3.34,4.78,3.34,67.0,1.49,14.0,0.3,0.5,0.3,6.6,26.5,45.0,26.6,64.0,18.5,14.0,0.3,0.5,0.3,-64.5,79.7,198.4,67.6,162.0,119.5,16.0,0.3,0.5,0.3,-43.3,0.0,35.4,-4.9,162.0,42.6,16.0,0.3,0.5,0.3,-35.5,19.8,93.2,26.7,68.0,60.4,14.0,0.3,0.5,0.3,-16.9,0.0,9.7,-4.4,68.0,20.3,14.0,0.3,0.5,0.3,-19.2,7.9,38.3,8.7,64.0,29.2,14.0,0.3,0.5,0.3,-11.5,0.0,2.6,-3.6,64.0,10.7,14.0,0.3,0.5,0.3,30.0,658.5,2744.0,1316.5,164.0,1853.0,16.0,0.3,0.5,0.3,30.0,660.0,2745.0,1315.0,164.0,1855.0,16.0,0.3,0.5,0.3
1974,2,356.0,43.0,14.0,14.0,14.0,14.0,1.0,0.0,10.0,0.0,0.2,0.6,13.6,13.6,13.6,13.6,1.0,0.0,10.0,0.0,0.2,0.6,7.8,7.8,7.8,7.8,1.0,0.0,10.0,0.0,0.2,0.6,81.5,81.5,81.5,81.5,1.0,0.0,10.0,0.0,0.6,3.6,3.6,3.6,3.6,1.0,0.0,10.0,0.0,0.2,0.6,0.0,0.0,0.0,0.0,1.0,0.0,10.0,0.0,0.2,0.6,3.6,3.6,3.6,3.6,1.0,0.0,10.0,0.0,0.2,0.6,1021.3,1021.3,1021.3,1021.3,1.0,0.0,10.0,0.0,0.2,0.6,1.0,1.0,1.0,1.0,1.0,0.0,10.0,0.0,0.2,0.6,0.0,0.0,0.0,0.0,1.0,0.0,10.0,0.0,0.2,0.6,13.0,13.0,13.0,13.0,1.0,0.0,10.0,0.0,0.2,0.6,0.4,0.4,0.4,0.4,1.0,0.0,10.0,0.0,0.2,0.6,1.4,1.4,1.4,1.4,1.0,0.0,10.0,0.0,0.2,0.6,2.03,2.03,2.03,2.03,1.0,0.0,10.0,0.0,0.2,0.6,7.3,7.3,7.3,7.3,1.0,0.0,10.0,0.0,0.2,0.6,0.0,0.0,0.0,0.0,1.0,0.0,10.0,0.0,0.2,0.6,49.0,49.0,49.0,49.0,1.0,0.0,10.0,0.0,0.2,0.6,0.0,0.0,0.0,0.0,1.0,0.0,10.0,0.0,0.2,0.6,28.1,28.1,28.1,28.1,1.0,0.0,10.0,0.0,0.2,0.6,0.0,0.0,0.0,0.0,1.0,0.0,10.0,0.0,0.2,0.6,7.3,7.3,7.3,7.3,1.0,0.0,10.0,0.0,0.2,0.6,46.5,46.5,46.5,46.5,1.0,0.0,10.0,0.0,0.2,0.6,45.0,45.0,45.0,45.0,1.0,0.0,10.0,0.0,0.2,0.6
1974,2,356.0,44.0,12.0,12.0,12.0,12.0,1.0,0.0,16.0,1.0,0.9,0.3,8.27,10.0,12.07,10.04,5.0,2.17,14.0,0.2,0.4,0.7,6.61,6.61,6.61,6.61,1.0,0.0,16.0,1.0,0.9,0.3,74.0,74.0,74.0,74.0,1.0,0.0,16.0,1.0,0.3,6.12,9.8,11.98,9.14,5.0,3.15,14.0,0.2,0.4,0.7,-6.0,-2.05,7.9,0.35,5.0,8.36,14.0,0.2,0.4,0.7,-3.62,-1.7,6.37,1.16,5.0,6.54,14.0,0.2,0.4,0.7,998.45,1000.5,1002.55,1000.5,2.0,4.24,10.0,0.5,0.6,0.5,2.6,4.0,8.0,5.0,5.0,2.8,14.0,0.2,0.4,0.7,-49.9,-19.9,76.6,8.5,5.0,88.4,14.0,0.2,0.4,0.7,-29.5,-16.7,64.3,14.9,5.0,73.2,14.0,0.2,0.4,0.7,-0.2,-0.2,-0.2,-0.2,1.0,0.0,16.0,1.0,0.9,0.3,-2.4,-2.4,-2.4,-2.4,1.0,0.0,16.0,1.0,0.9,0.3,2.22,2.22,2.22,2.22,1.0,0.0,16.0,1.0,0.9,0.3,26.2,26.2,26.2,26.2,1.0,0.0,16.0,1.0,0.9,0.3,-49.1,-25.0,87.5,11.5,5.0,87.8,14.0,0.2,0.4,0.7,-33.0,-15.3,73.0,17.3,5.0,75.9,14.0,0.2,0.4,0.7,-13.5,-13.5,-13.5,-13.5,1.0,0.0,16.0,1.0,0.9,0.3,76.8,76.8,76.8,76.8,1.0,0.0,16.0,1.0,0.9,0.3,-4.5,-4.5,-4.5,-4.5,1.0,0.0,16.0,1.0,0.9,0.3,25.8,25.8,25.8,25.8,1.0,0.0,16.0,1.0,0.9,0.3,239.5,941.0,1722.5,975.5,5.0,774.0,14.0,0.2,0.4,0.7,240.0,940.0,1725.0,975.0,5.0,775.0,14.0,0.2,0.4,0.7
1974,2,356.0,45.0,11.69,12.0,12.5,11.99,16.0,1.04,14.0,0.4,0.6,0.5,9.42,11.1,12.52,11.13,16.0,1.43,14.0,0.4,0.6,0.5,4.65,5.88,7.69,6.02,13.0,1.25,16.0,0.4,0.6,0.5,65.5,68.2,86.1,72.3,13.0,10.3,16.0,0.4,0.5,7.08,9.0,15.7,10.86,16.0,4.93,14.0,0.4,0.6,0.5,-3.66,5.61,13.11,4.8,16.0,8.6,14.0,0.4,0.6,0.5,-7.13,2.14,7.29,0.72,16.0,7.14,14.0,0.4,0.6,0.5,996.34,1014.75,1018.61,1011.88,16.0,11.08,14.0,0.4,0.6,0.5,4.0,5.5,8.0,5.6,16.0,2.0,14.0,0.4,0.6,0.5,-27.8,39.8,208.1,78.7,16.0,150.5,14.0,0.4,0.6,0.5,-57.3,14.0,126.5,21.6,16.0,96.7,14.0,0.4,0.6,0.5,-0.59,0.5,2.62,0.86,16.0,1.95,14.0,0.4,0.6,0.5,-5.6,3.5,29.2,7.9,16.0,19.3,14.0,0.4,0.6,0.5,1.19,2.95,3.95,2.68,13.0,1.3,16.0,0.4,0.6,0.5,10.0,29.3,48.8,28.8,13.0,16.8,16.0,0.4,0.6,0.5,-38.2,65.3,152.4,60.3,16.0,96.2,14.0,0.4,0.6,0.5,-65.6,24.9,88.9,15.3,16.0,79.1,14.0,0.4,0.6,0.5,-23.8,40.0,77.1,37.2,13.0,57.5,16.0,0.4,0.6,0.5,-23.3,23.1,60.7,16.9,13.0,38.0,16.0,0.4,0.6,0.5,-20.9,7.6,34.3,8.0,13.0,26.1,16.0,0.4,0.6,0.5,-19.7,1.7,19.8,1.3,13.0,20.7,16.0,0.4,0.6,0.5,360.0,746.5,3919.0,2134.0,16.0,3133.0,14.0,0.4,0.6,0.5,360.0,745.0,3920.0,2135.0,16.0,3135.0,14.0,0.4,0.6,0.5
1974,2,356.0,46.0,10.75,11.45,12.0,11.43,12.0,1.22,14.0,0.1,0.6,0.5,7.04,10.0,12.1,9.75,13.0,2.85,16.0,0.1,0.5,0.5,4.73,6.32,6.91,5.97,11.0,1.15,14.0,0.1,0.5,0.5,70.5,76.7,86.9,78.4,11.0,8.1,14.0,0.1,0.5,5.16,10.3,13.0,9.05,13.0,4.9,16.0,0.1,0.5,0.5,-0.54,5.27,10.61,4.37,13.0,6.46,16.0,0.1,0.5,0.5,-6.43,0.0,7.99,0.86,13.0,7.03,16.0,0.1,0.5,0.5,999.0,1014.9,1023.65,1013.98,13.0,11.81,16.0,0.1,0.5,0.5,0.6,6.0,8.0,4.4,11.0,3.4,16.0,0.1,0.6,0.5,-3.1,43.2,140.1,53.9,13.0,80.4,16.0,0.1,0.5,0.5,-52.6,0.0,85.4,19.1,13.0,88.4,16.0,0.1,0.5,0.5,-0.63,1.35,3.85,1.33,12.0,2.07,14.0,0.1,0.6,0.5,-4.9,6.2,31.3,10.1,12.0,21.7,14.0,0.1,0.6,0.5,1.64,2.63,3.46,2.38,10.0,1.13,14.0,0.1,0.5,0.4,7.3,20.7,41.5,22.8,10.0,16.5,14.0,0.1,0.5,0.4,-6.3,58.0,122.1,47.5,13.0,71.1,16.0,0.1,0.5,0.5,-63.4,0.0,81.6,15.5,13.0,72.5,16.0,0.1,0.5,0.5,-15.2,44.9,72.0,30.7,11.0,44.5,14.0,0.1,0.5,0.5,-14.6,6.5,60.2,17.3,11.0,40.9,14.0,0.1,0.5,0.5,-10.9,14.0,24.1,7.6,10.0,20.2,14.0,0.1,0.5,0.4,-10.4,1.6,18.6,2.6,10.0,19.2,14.0,0.1,0.5,0.4,167.5,1092.5,2198.0,1274.0,13.0,1270.5,16.0,0.1,0.5,0.5,165.0,1095.0,2200.0,1275.0,13.0,1270.0,16.0,0.1,0.5,0.5
1974,2,356.0,47.0,8.82,10.0,11.73,10.3,5.0,1.79,16.0,0.2,0.6,0.2,9.06,9.2,9.84,9.46,5.0,0.65,16.0,0.2,0.6,0.2,4.87,5.05,5.82,5.34,3.0,0.74,18.0,0.3,0.5,0.2,68.9,70.9,80.5,74.6,3.0,9.1,18.0,0.3,0.2,4.31,5.1,8.78,6.24,5.0,2.7,16.0,0.2,0.6,0.2,0.04,1.06,5.49,2.47,5.0,3.48,16.0,0.2,0.6,0.2,-6.14,2.5,4.15,-0.28,5.0,6.01,16.0,0.2,0.6,0.2,1004.39,1015.4,1020.73,1012.88,5.0,12.23,16.0,0.2,0.6,0.2,2.9,5.5,6.0,4.5,4.0,2.4,16.0,0.3,0.6,0.2,-2.2,4.5,40.6,18.3,5.0,33.1,16.0,0.2,0.6,0.2,-40.4,9.0,30.5,-1.7,5.0,47.6,16.0,0.2,0.6,0.2,-0.54,-0.1,2.4,0.84,5.0,1.88,16.0,0.2,0.6,0.2,-2.1,-0.5,21.9,9.1,5.0,17.0,16.0,0.2,0.6,0.2,1.87,1.93,2.13,2.0,3.0,0.2,18.0,0.3,0.5,0.2,7.5,11.3,14.4,10.9,3.0,5.1,18.0,0.3,0.5,0.2,0.2,9.5,54.4,23.8,5.0,33.1,16.0,0.2,0.6,0.2,-56.7,26.2,38.0,-2.2,5.0,56.1,16.0,0.2,0.6,0.2,-4.7,4.2,5.0,0.3,3.0,7.9,18.0,0.3,0.5,0.2,-41.7,-24.0,2.4,-19.8,3.0,32.5,18.0,0.3,0.5,0.2,-1.3,2.0,2.0,0.4,3.0,2.7,18.0,0.3,0.5,0.2,-14.2,-11.1,0.1,-7.1,3.0,11.0,18.0,0.3,0.5,0.2,90.0,132.5,693.5,356.0,5.0,384.0,16.0,0.2,0.6,0.2,90.0,135.0,695.0,355.0,5.0,385.0,16.0,0.2,0.6,0.2
1974,2,356.0,48.0,10.33,10.6,10.87,10.6,2.0,0.57,18.0,1.0,0.3,0.5,7.54,10.0,10.68,9.13,3.0,2.42,20.0,1.0,0.4,0.5,4.31,4.94,6.84,5.56,3.0,1.93,20.0,1.0,0.4,0.5,66.9,68.4,85.6,76.1,3.0,15.2,20.0,1.0,0.5,7.36,7.7,16.51,11.83,3.0,7.6,20.0,1.0,0.4,0.5,-4.99,-3.85,3.59,-0.77,3.0,6.82,20.0,1.0,0.4,0.5,-6.02,-4.63,11.74,2.69,3.0,14.47,20.0,1.0,0.4,0.5,1005.87,1024.1,1029.42,1017.8,3.0,18.09,20.0,1.0,0.4,0.5,6.3,7.0,7.7,7.0,3.0,1.0,20.0,1.0,0.4,0.5,-36.5,-29.6,89.7,25.3,3.0,103.9,20.0,1.0,0.4,0.5,-45.6,-33.3,261.6,104.7,3.0,254.8,20.0,1.0,0.4,0.5,-0.51,0.1,0.71,0.1,2.0,1.27,18.0,1.0,0.3,0.5,-12.6,-4.4,3.9,-4.4,2.0,17.1,18.0,1.0,0.3,0.5,0.57,1.57,2.58,1.57,2.0,2.08,18.0,1.0,0.3,0.5,5.5,12.8,20.1,12.8,2.0,15.0,18.0,1.0,0.3,0.5,-37.5,-35.3,41.7,1.2,3.0,66.1,20.0,1.0,0.4,0.5,-54.9,-29.6,135.9,38.9,3.0,151.9,20.0,1.0,0.4,0.5,-21.2,-19.0,31.1,4.4,3.0,43.3,20.0,1.0,0.4,0.5,-28.4,-18.6,96.1,32.7,3.0,101.4,20.0,1.0,0.4,0.5,-9.7,-5.5,-1.2,-5.5,2.0,8.8,18.0,1.0,0.3,0.5,-16.8,-9.1,-1.5,-9.1,2.0,15.8,18.0,1.0,0.3,0.5,399.5,456.5,6112.0,3190.5,3.0,4807.5,20.0,1.0,0.4,0.5,400.0,455.0,6110.0,3190.0,3.0,4810.0,20.0,1.0,0.4,0.5
1974,2,356.0,49.0,9.6,10.0,11.0,10.3,119.0,1.11,14.0,0.4,0.5,0.5,8.0,9.3,11.0,9.24,135.0,1.65,14.0,0.4,0.5,0.5,4.6,5.8,6.83,5.77,70.0,1.1,16.0,0.4,0.5,0.4,65.8,77.2,89.9,77.7,70.0,11.4,16.0,0.4,0.4,4.6,9.3,15.77,9.96,135.0,5.11,14.0,0.4,0.5,0.5,-2.6,4.79,10.23,4.48,135.0,6.28,14.0,0.4,0.5,0.5,-4.25,1.55,11.5,2.72,135.0,7.68,14.0,0.4,0.5,0.5,989.26,1007.0,1029.1,1007.49,133.0,17.02,14.0,0.4,0.5,0.5,3.0,7.0,8.0,5.8,122.0,2.2,14.0,0.4,0.5,0.5,-12.4,41.4,140.7,62.2,135.0,93.3,14.0,0.4,0.5,0.5,-28.5,4.5,158.2,51.0,135.0,120.8,14.0,0.4,0.5,0.5,-0.8,1.0,2.9,0.97,117.0,1.98,14.0,0.4,0.5,0.5,-8.7,6.7,24.2,9.6,115.0,24.9,14.0,0.4,0.5,0.5,1.0,1.95,3.03,1.96,65.0,1.09,14.0,0.4,0.5,0.4,4.6,17.7,27.4,17.7,64.0,13.1,14.0,0.4,0.5,0.4,-21.2,43.3,101.3,43.0,133.0,58.3,14.0,0.4,0.5,0.5,-35.9,12.4,112.3,26.8,133.0,73.5,14.0,0.4,0.5,0.5,-21.4,16.3,58.0,19.7,69.0,38.2,16.0,0.4,0.5,0.4,-36.6,0.0,72.0,10.1,69.0,49.7,16.0,0.4,0.5,0.4,-11.0,2.8,20.9,4.1,64.0,15.6,14.0,0.4,0.5,0.4,-16.1,-1.3,11.2,-2.0,64.0,15.0,14.0,0.4,0.5,0.4,97.5,804.5,3922.0,1828.0,135.0,2476.0,14.0,0.4,0.5,0.5,95.0,805.0,3920.0,1830.0,135.0,2475.0,14.0,0.4,0.5,0.5
1974,2,356.0,50.0,9.49,10.0,11.0,10.18,32.0,0.79,12.0,0.3,0.7,0.2,7.29,9.0,10.6,8.84,37.0,1.73,12.0,0.3,0.7,0.2,4.99,5.47,6.92,5.75,15.0,1.06,14.0,0.5,0.8,0.2,71.8,82.4,91.5,81.4,15.0,9.5,14.0,0.5,0.2,4.06,11.0,17.45,10.91,36.0,6.62,12.0,0.3,0.7,0.2,-0.62,5.64,11.79,5.66,36.0,6.02,12.0,0.3,0.7,0.2,-3.04,3.84,15.97,5.61,36.0,8.04,12.0,0.3,0.7,0.2,983.26,998.8,1019.81,1000.37,37.0,16.91,12.0,0.3,0.7,0.2,5.0,8.0,8.0,6.6,31.0,2.4,12.0,0.4,0.7,0.2,-1.8,62.9,189.0,88.2,36.0,113.0,12.0,0.3,0.7,0.2,-14.2,49.2,271.6,100.1,36.0,139.3,12.0,0.3,0.7,0.2,-0.42,0.9,3.7,1.38,32.0,1.82,12.0,0.3,0.7,0.2,-6.6,5.3,23.0,10.7,31.0,22.8,12.0,0.3,0.7,0.2,0.65,1.88,2.56,1.74,13.0,0.94,14.0,0.5,0.8,0.2,3.1,9.7,16.1,11.8,13.0,11.0,14.0,0.5,0.8,0.2,-4.7,47.3,119.9,54.9,36.0,59.0,12.0,0.3,0.7,0.2,-25.5,41.4,150.7,56.8,36.0,76.3,12.0,0.3,0.7,0.2,-8.9,21.4,60.7,26.2,15.0,41.0,14.0,0.5,0.8,0.2,-20.1,0.0,50.9,14.9,15.0,39.5,14.0,0.5,0.8,0.2,-4.1,5.1,15.4,6.7,13.0,13.6,14.0,0.5,0.8,0.2,-4.4,0.0,4.8,1.0,13.0,6.2,14.0,0.5,0.8,0.2,66.5,1331.0,5322.5,2725.0,36.0,3266.5,12.0,0.3,0.7,0.2,65.0,1330.0,5320.0,2725.0,36.0,3265.0,12.0,0.3,0.7,0.2
1974,2,356.0,51.0,8.0,8.0,9.0,8.35,11.0,0.46,8.0,0.5,0.3,0.3,7.67,8.5,9.8,8.62,12.0,1.21,8.0,0.5,0.3,0.3,4.86,5.77,5.89,5.74,8.0,0.86,2.0,0.4,0.3,0.3,69.4,78.2,84.7,78.2,8.0,9.2,2.0,0.4,0.3,8.6,13.9,21.36,14.0,8.0,6.1,8.0,0.6,0.2,0.3,0.44,7.86,18.33,8.39,8.0,8.08,8.0,0.6,0.2,0.3,-3.65,6.68,14.03,4.95,8.0,9.36,8.0,0.6,0.2,0.3,988.42,997.15,1012.18,999.17,12.0,17.85,8.0,0.5,0.3,0.3,2.0,4.0,8.0,4.5,12.0,2.7,8.0,0.5,0.3,0.3,2.0,86.8,391.5,142.0,8.0,183.1,8.0,0.6,0.2,0.3,-29.9,109.0,243.0,96.1,8.0,152.6,8.0,0.6,0.2,0.3,-1.58,-0.5,1.12,-0.25,11.0,1.56,8.0,0.5,0.3,0.3,-20.0,-6.7,3.0,-6.5,7.0,13.5,8.0,0.7,0.3,0.3,0.82,1.0,1.97,1.11,7.0,0.76,4.0,0.4,0.3,0.3,7.1,21.2,34.0,20.6,4.0,19.5,4.0,0.5,0.3,0.3,3.8,61.0,155.5,70.0,8.0,71.2,8.0,0.6,0.2,0.3,-25.5,56.7,123.6,47.1,8.0,83.6,8.0,0.6,0.2,0.3,-7.3,55.7,99.0,47.9,5.0,57.1,4.0,0.4,0.3,0.3,33.3,65.2,93.5,62.7,5.0,41.9,4.0,0.4,0.3,0.3,8.3,19.9,30.9,19.6,4.0,15.4,4.0,0.5,0.3,0.3,-2.0,4.8,16.0,6.9,4.0,11.5,4.0,0.5,0.3,0.3,672.5,2696.0,10002.0,4115.5,8.0,4286.0,8.0,0.6,0.2,0.3,670.0,2695.0,10000.0,4115.0,8.0,4285.0,8.0,0.6,0.2,0.3
1974,2,356.0,53.0,7.51,8.3,9.73,8.62,5.0,1.52,16.0,0.0,0.6,0.6,5.63,7.0,8.43,7.03,3.0,2.05,16.0,0.0,0.6,0.5,5.87,5.87,5.87,5.87,1.0,0.0,26.0,0.0,1.0,0.9,96.6,96.6,96.6,96.6,1.0,0.0,26.0,0.0,0.9,1.9,6.0,7.37,4.67,3.0,4.16,16.0,0.0,0.6,0.5,-4.73,0.0,2.05,-1.31,3.0,5.09,16.0,0.0,0.6,0.5,1.27,4.0,4.82,3.07,3.0,2.72,16.0,0.0,0.6,0.5,980.8,990.7,1020.12,1000.23,3.0,29.96,16.0,0.0,0.6,0.5,8.0,8.0,8.0,8.0,3.0,0.0,16.0,0.0,0.6,0.5,-37.8,0.0,12.3,-12.5,3.0,38.3,16.0,0.0,0.6,0.5,9.9,31.2,31.7,21.1,3.0,18.2,16.0,0.0,0.6,0.5,-0.07,0.0,4.1,1.97,3.0,3.49,16.0,0.0,0.6,0.5,-0.5,0.0,24.6,11.7,3.0,21.0,16.0,0.0,0.6,0.5,0.21,0.21,0.21,0.21,1.0,0.0,26.0,0.0,1.0,0.9,0.0,0.0,0.0,0.0,1.0,0.0,26.0,0.0,1.0,0.9,-43.0,0.0,10.2,-16.0,3.0,41.4,16.0,0.0,0.6,0.5,8.2,26.0,33.1,20.8,3.0,18.7,16.0,0.0,0.6,0.5,0.0,0.0,0.0,0.0,1.0,0.0,26.0,0.0,1.0,0.9,0.0,0.0,0.0,0.0,1.0,0.0,26.0,0.0,1.0,0.9,0.0,0.0,0.0,0.0,1.0,0.0,26.0,0.0,1.0,0.9,0.0,0.0,0.0,0.0,1.0,0.0,26.0,0.0,1.0,0.9,68.5,216.0,418.0,242.5,3.0,257.0,16.0,0.0,0.6,0.5,70.0,215.0,420.0,245.0,3.0,255.0,16.0,0.0,0.6,0.5
1974,2,356.0,54.0,5.5,5.5,5.5,5.5,1.0,0.0,20.0,0.0,1.0,0.2,4.4,4.4,4.4,4.4,1.0,0.0,20.0,0.0,1.0,0.2,3.23,3.23,3.23,3.23,1.0,0.0,20.0,0.0,1.0,0.2,63.1,63.1,63.1,63.1,1.0,0.0,20.0,0.0,0.2,5.7,5.7,5.7,5.7,1.0,0.0,20.0,0.0,1.0,0.2,-1.95,-1.95,-1.95,-1.95,1.0,0.0,20.0,0.0,1.0,0.2,-5.36,-5.36,-5.36,-5.36,1.0,0.0,20.0,0.0,1.0,0.2,1024.2,1024.2,1024.2,1024.2,1.0,0.0,20.0,0.0,1.0,0.2,8.0,8.0,8.0,8.0,1.0,0.0,20.0,0.0,1.0,0.2,-11.1,-11.1,-11.1,-11.1,1.0,0.0,20.0,0.0,1.0,0.2,-30.5,-30.5,-30.5,-30.5,1.0,0.0,20.0,0.0,1.0,0.2,1.1,1.1,1.1,1.1,1.0,0.0,20.0,0.0,1.0,0.2,6.3,6.3,6.3,6.3,1.0,0.0,20.0,0.0,1.0,0.2,2.3,2.3,2.3,2.3,1.0,0.0,20.0,0.0,1.0,0.2,13.1,13.1,13.1,13.1,1.0,0.0,20.0,0.0,1.0,0.2,-8.6,-8.6,-8.6,-8.6,1.0,0.0,20.0,0.0,1.0,0.2,-23.6,-23.6,-23.6,-23.6,1.0,0.0,20.0,0.0,1.0,0.2,-6.3,-6.3,-6.3,-6.3,1.0,0.0,20.0,0.0,1.0,0.2,-17.3,-17.3,-17.3,-17.3,1.0,0.0,20.0,0.0,1.0,0.2,-4.5,-4.5,-4.5,-4.5,1.0,0.0,20.0,0.0,1.0,0.2,-12.3,-12.3,-12.3,-12.3,1.0,0.0,20.0,0.0,1.0,0.2,185.0,185.0,185.0,185.0,1.0,0.0,20.0,0.0,1.0,0.2,185.0,185.0,185.0,185.0,1.0,0.0,20.0,0.0,1.0,0.2
1974,2,356.0,55.0,6.5,6.5,6.5,6.5,1.0,0.0,6.0,0.0,0.9,0.9,7.2,7.2,7.2,7.2,1.0,0.0,6.0,0.0,0.9,0.9,6.0,6.0,6.0,6.0,1.0,0.0,6.0,0.0,0.9,0.9,92.1,92.1,92.1,92.1,1.0,0.0,6.0,0.0,0.9,5.1,5.1,5.1,5.1,1.0,0.0,6.0,0.0,0.9,0.9,-1.74,-1.74,-1.74,-1.74,1.0,0.0,6.0,0.0,0.9,0.9,-4.79,-4.79,-4.79,-4.79,1.0,0.0,6.0,0.0,0.9,0.9,976.7,976.7,976.7,976.7,1.0,0.0,6.0,0.0,0.9,0.9,7.0,7.0,7.0,7.0,1.0,0.0,6.0,0.0,0.9,0.9,-8.9,-8.9,-8.9,-8.9,1.0,0.0,6.0,0.0,0.9,0.9,-24.4,-24.4,-24.4,-24.4,1.0,0.0,6.0,0.0,0.9,0.9,-0.7,-0.7,-0.7,-0.7,1.0,0.0,6.0,0.0,0.9,0.9,-3.6,-3.6,-3.6,-3.6,1.0,0.0,6.0,0.0,0.9,0.9,0.21,0.21,0.21,0.21,1.0,0.0,6.0,0.0,0.9,0.9,1.1,1.1,1.1,1.1,1.0,0.0,6.0,0.0,0.9,0.9,-12.6,-12.6,-12.6,-12.6,1.0,0.0,6.0,0.0,0.9,0.9,-34.5,-34.5,-34.5,-34.5,1.0,0.0,6.0,0.0,0.9,0.9,-10.5,-10.5,-10.5,-10.5,1.0,0.0,6.0,0.0,0.9,0.9,-28.8,-28.8,-28.8,-28.8,1.0,0.0,6.0,0.0,0.9,0.9,-0.4,-0.4,-0.4,-0.4,1.0,0.0,6.0,0.0,0.9,0.9,-1.0,-1.0,-1.0,-1.0,1.0,0.0,6.0,0.0,0.9,0.9,132.5,132.5,132.5,132.5,1.0,0.0,6.0,0.0,0.9,0.9,135.0,135.0,135.0,135.0,1.0,0.0,6.0,0.0,0.9,0.9
1974,2,356.0,57.0,6.09,6.4,6.66,6.38,4.0,0.38,20.0,0.3,0.7,0.7,5.96,7.15,8.29,7.13,4.0,1.58,20.0,0.3,0.7,0.7,5.51,5.77,6.03,5.77,4.0,0.35,20.0,0.3,0.7,0.7,87.2,96.0,97.7,92.6,4.0,8.6,20.0,0.3,0.7,5.94,9.55,13.42,9.68,4.0,4.33,20.0,0.3,0.7,0.7,2.67,5.72,8.35,5.52,4.0,4.35,20.0,0.3,0.7,0.7,-6.29,1.56,5.69,-0.21,4.0,9.16,20.0,0.3,0.7,0.7,1008.45,1010.9,1018.28,1013.25,4.0,6.76,20.0,0.3,0.7,0.7,6.0,6.5,7.5,6.8,4.0,1.0,20.0,0.3,0.7,0.7,15.2,34.1,94.7,54.0,4.0,64.7,20.0,0.3,0.7,0.7,-84.5,9.4,71.3,-5.9,4.0,120.0,20.0,0.3,0.7,0.7,-1.88,-0.6,0.37,-0.75,4.0,1.41,20.0,0.3,0.7,0.7,-21.5,-3.4,2.3,-9.3,4.0,17.6,20.0,0.3,0.7,0.7,-0.02,0.31,0.34,0.17,4.0,0.31,20.0,0.3,0.7,0.7,0.1,2.9,4.1,2.2,4.0,2.7,20.0,0.3,0.7,0.7,14.4,36.2,70.3,42.1,4.0,40.0,20.0,0.3,0.7,0.7,-42.4,9.2,47.4,2.8,4.0,69.1,20.0,0.3,0.7,0.7,14.8,33.0,48.3,31.6,4.0,24.8,20.0,0.3,0.7,0.7,-36.6,8.7,32.0,-1.8,4.0,53.0,20.0,0.3,0.7,0.7,-0.9,1.0,2.8,1.0,4.0,2.2,20.0,0.3,0.7,0.7,-2.1,0.2,1.9,-0.1,4.0,2.8,20.0,0.3,0.7,0.7,210.5,1192.5,2429.0,1314.0,4.0,1292.0,20.0,0.3,0.7,0.7,210.0,1195.0,2430.0,1315.0,4.0,1290.0,20.0,0.3,0.7,0.7
1974,2,356.0,58.0,6.0,6.4,6.5,6.29,61.0,0.33,12.0,0.3,0.9,0.8,4.6,6.5,7.5,6.13,63.0,1.76,12.0,0.3,0.9,0.9,4.28,5.29,5.81,5.13,59.0,0.73,12.0,0.3,0.9,0.9,80.3,86.7,93.3,85.9,59.0,7.8,12.0,0.3,0.9,2.6,8.2,18.66,9.47,62.0,6.67,12.0,0.3,0.9,0.9,-6.2,0.0,5.98,-0.05,62.0,5.7,12.0,0.3,0.9,0.9,-3.47,3.35,13.04,4.16,62.0,9.24,12.0,0.3,0.9,0.9,976.29,993.05,1025.71,996.64,64.0,21.55,12.0,0.3,0.8,0.8,4.0,7.0,8.0,6.4,61.0,2.1,12.0,0.3,0.9,0.9,-76.9,0.0,58.1,-11.6,62.0,85.2,12.0,0.3,0.9,0.9,-25.4,18.1,189.2,65.7,62.0,173.8,12.0,0.3,0.9,0.9,-1.26,0.0,1.9,0.24,60.0,1.78,12.0,0.3,0.9,0.9,-9.9,0.0,26.6,5.0,59.0,21.8,12.0,0.3,0.9,0.9,0.21,0.64,1.73,0.87,59.0,0.72,12.0,0.3,0.9,0.9,0.5,3.6,25.1,10.3,58.0,13.3,12.0,0.3,0.9,0.9,-32.8,0.0,31.9,0.1,62.0,32.0,12.0,0.3,0.9,0.9,-17.7,17.9,88.1,28.5,62.0,52.7,12.0,0.3,0.9,0.9,-34.0,0.0,30.0,-0.9,58.0,28.2,12.0,0.3,0.9,0.9,-22.6,14.1,73.2,20.7,58.0,44.9,12.0,0.3,0.9,0.9,-3.0,0.0,3.5,0.0,58.0,8.7,12.0,0.3,0.9,0.9,-1.8,0.9,8.3,3.0,58.0,14.1,12.0,0.3,0.9,0.9,17.5,551.5,6500.0,2240.0,62.0,3375.5,12.0,0.3,0.9,0.9,20.0,550.0,6500.0,2240.0,62.0,3375.0,12.0,0.3,0.9,0.9
1974,2,356.0,59.0,6.2,7.4,8.04,7.39,13.0,1.34,14.0,0.5,0.6,0.4,5.42,6.8,8.06,6.63,18.0,1.45,14.0,0.4,0.6,0.4,4.75,5.58,6.06,5.47,10.0,0.68,14.0,0.6,0.5,0.3,80.4,90.5,94.0,87.9,10.0,8.7,14.0,0.6,0.3,4.6,7.7,10.35,7.93,17.0,4.1,14.0,0.4,0.6,0.5,-3.93,1.16,5.63,0.61,17.0,5.92,14.0,0.4,0.6,0.5,-2.65,4.42,6.63,1.69,17.0,6.71,14.0,0.4,0.6,0.5,982.4,999.3,1027.76,1005.71,19.0,23.07,14.0,0.4,0.6,0.4,3.0,7.0,8.0,6.1,18.0,2.3,14.0,0.4,0.5,0.4,-40.3,5.9,50.9,7.1,17.0,66.8,14.0,0.4,0.6,0.5,-18.4,22.5,53.3,-0.8,17.0,98.1,14.0,0.4,0.6,0.5,-0.42,0.5,1.85,0.65,13.0,1.22,14.0,0.5,0.6,0.4,-2.7,2.9,9.1,7.2,11.0,17.3,16.0,0.4,0.7,0.4,0.31,1.1,1.66,1.01,9.0,0.68,16.0,0.7,0.5,0.3,1.7,2.7,11.1,5.4,7.0,5.7,18.0,0.6,0.5,0.3,-28.3,11.2,25.4,6.8,16.0,39.8,14.0,0.4,0.6,0.5,-14.7,28.9,48.7,15.3,16.0,40.0,14.0,0.4,0.6,0.5,-11.7,9.8,16.3,4.1,8.0,15.3,16.0,0.5,0.5,0.3,24.8,30.7,39.7,31.2,8.0,12.6,16.0,0.5,0.5,0.3,-0.9,0.3,2.9,1.0,7.0,3.6,18.0,0.6,0.5,0.3,1.5,2.1,10.4,4.7,7.0,5.1,18.0,0.6,0.5,0.3,97.5,456.5,1121.0,948.5,17.0,1664.5,14.0,0.4,0.6,0.5,95.0,455.0,1120.0,950.0,17.0,1665.0,14.0,0.4,0.6,0.5
1974,2,356.0,60.0,8.6,9.7,9.9,9.31,82.0,0.8,14.0,0.6,0.9,0.5,5.08,7.0,8.3,6.78,88.0,1.67,14.0,0.6,0.9,0.5,4.19,5.04,5.82,5.0,58.0,0.91,14.0,0.6,0.9,0.5,70.4,79.3,86.8,79.3,58.0,9.1,14.0,0.6,0.5,5.7,9.3,15.54,10.76,101.0,5.62,14.0,0.6,0.8,0.4,-9.38,-3.69,4.2,-2.76,101.0,8.67,14.0,0.6,0.8,0.4,-3.04,3.18,11.43,3.38,101.0,7.35,14.0,0.6,0.8,0.4,973.6,993.2,1016.2,992.18,93.0,17.21,14.0,0.6,0.9,0.4,4.0,8.0,8.0,6.7,105.0,2.2,14.0,0.6,0.8,0.4,-106.4,-28.1,42.4,-43.3,101.0,156.6,14.0,0.6,0.8,0.4,-27.2,18.3,150.9,50.8,101.0,123.8,14.0,0.6,0.8,0.4,0.7,2.5,4.11,2.58,82.0,1.76,14.0,0.6,0.9,0.5,4.6,21.9,46.8,26.0,75.0,23.8,14.0,0.6,0.9,0.5,1.57,2.31,3.33,2.4,58.0,1.08,14.0,0.6,0.9,0.5,11.9,23.0,38.5,24.8,55.0,14.2,14.0,0.6,0.9,0.5,-60.7,-23.0,30.6,-12.9,81.0,58.8,14.0,0.6,0.9,0.5,-17.1,16.7,84.7,24.2,81.0,49.4,14.0,0.6,0.9,0.5,-51.8,-16.6,34.0,-9.9,55.0,53.2,14.0,0.6,0.9,0.5,-8.2,11.7,64.1,20.2,55.0,37.7,14.0,0.6,0.9,0.5,-30.3,-7.6,7.2,-9.3,55.0,22.3,14.0,0.6,0.9,0.5,-1.2,5.7,18.5,5.8,55.0,14.4,14.0,0.6,0.9,0.5,185.0,804.5,3761.5,2377.0,101.0,3819.5,14.0,0.6,0.8,0.4,185.0,805.0,3760.0,2375.0,101.0,3820.0,14.0,0.6,0.8,0.4
1974,2,356.0,61.0,6.4,6.6,7.29,6.81,9.0,0.56,12.0,0.6,0.7,0.2,4.31,5.5,7.57,5.94,17.0,1.61,14.0,0.4,0.6,0.4,3.35,3.95,4.37,3.86,4.0,0.62,16.0,0.5,0.7,0.2,60.5,72.7,86.1,73.3,4.0,15.2,16.0,0.5,0.2,4.87,9.3,12.3,8.55,17.0,4.3,12.0,0.4,0.6,0.4,-6.31,0.0,4.65,-0.04,17.0,6.82,12.0,0.4,0.6,0.4,-3.52,0.0,9.38,2.08,17.0,6.71,12.0,0.4,0.6,0.4,977.01,995.0,1016.4,993.07,19.0,17.25,14.0,0.4,0.6,0.4,2.0,7.5,8.0,6.1,18.0,2.7,14.0,0.4,0.6,0.4,-49.8,0.0,52.1,9.9,17.0,91.9,12.0,0.4,0.6,0.4,-29.3,0.0,101.2,23.0,17.0,76.8,12.0,0.4,0.6,0.4,-0.22,1.3,2.07,1.28,9.0,1.31,12.0,0.6,0.7,0.2,-0.6,11.2,23.3,14.8,9.0,20.6,12.0,0.6,0.7,0.2,1.82,2.25,2.83,2.32,4.0,0.6,16.0,0.5,0.7,0.2,18.5,23.9,29.9,24.2,4.0,7.6,16.0,0.5,0.7,0.2,-30.0,-6.3,33.5,0.7,16.0,34.6,14.0,0.4,0.6,0.4,-23.9,0.0,70.6,18.2,16.0,43.5,14.0,0.4,0.6,0.4,-26.1,1.2,49.9,11.4,4.0,50.0,16.0,0.5,0.7,0.2,-32.8,-6.9,0.0,-16.0,4.0,23.6,16.0,0.5,0.7,0.2,-20.8,-3.9,20.9,-0.1,4.0,26.2,16.0,0.5,0.7,0.2,-13.6,-2.9,0.0,-6.6,4.0,9.7,16.0,0.5,0.7,0.2,116.5,804.5,1861.0,1078.5,17.0,1406.5,12.0,0.4,0.6,0.4,115.0,805.0,1860.0,1080.0,17.0,1405.0,12.0,0.4,0.6,0.4
1974,2,356.0,62.0,7.12,7.15,7.18,7.15,2.0,0.07,10.0,0.0,0.5,0.4,4.04,5.0,6.16,5.1,3.0,1.55,12.0,0.0,0.4,0.5,5.15,5.15,5.15,5.15,1.0,0.0,16.0,0.0,0.6,0.9,82.9,82.9,82.9,82.9,1.0,0.0,16.0,0.0,0.9,9.41,12.0,14.32,11.87,3.0,3.6,12.0,0.0,0.4,0.5,-6.27,0.0,1.91,-2.13,3.0,6.28,12.0,0.0,0.4,0.5,-8.07,7.71,7.71,0.01,3.0,13.34,12.0,0.0,0.4,0.5,990.74,991.7,1003.65,997.07,3.0,10.53,12.0,0.0,0.4,0.5,8.0,8.0,8.0,8.0,2.0,0.0,16.0,0.0,0.3,0.7,-75.3,0.0,15.7,-29.1,3.0,71.3,12.0,0.0,0.4,0.5,-141.8,63.2,83.2,-27.1,3.0,182.5,12.0,0.0,0.4,0.5,0.75,1.3,1.85,1.3,2.0,1.13,10.0,0.0,0.5,0.4,7.4,14.7,21.9,14.7,2.0,14.9,10.0,0.0,0.5,0.4,1.28,1.28,1.28,1.28,1.0,0.0,16.0,0.0,0.6,0.9,10.5,10.5,10.5,10.5,1.0,0.0,16.0,0.0,0.6,0.9,-31.4,0.0,12.8,-9.1,3.0,33.3,12.0,0.0,0.4,0.5,-25.6,38.6,47.5,11.6,3.0,58.4,12.0,0.0,0.4,0.5,14.4,14.4,14.4,14.4,1.0,0.0,16.0,0.0,0.6,0.9,39.7,39.7,39.7,39.7,1.0,0.0,16.0,0.0,0.6,0.9,3.6,3.6,3.6,3.6,1.0,0.0,16.0,0.0,0.6,0.9,9.9,9.9,9.9,9.9,1.0,0.0,16.0,0.0,0.6,0.9,925.0,1728.0,3041.5,1977.0,3.0,1565.5,12.0,0.0,0.4,0.5,925.0,1730.0,3040.0,1975.0,3.0,1565.0,12.0,0.0,0.4,0.5
1974,2,356.0,64.0,5.3,5.3,5.3,5.3,1.0,0.0,16.0,0.0,0.1,0.1,2.4,2.4,2.4,2.4,1.0,0.0,16.0,0.0,0.1,0.1,4.44,4.44,4.44,4.44,1.0,0.0,16.0,0.0,0.1,0.1,97.2,97.2,97.2,97.2,1.0,0.0,16.0,0.0,0.1,18.0,18.0,18.0,18.0,1.0,0.0,16.0,0.0,0.1,0.1,-6.16,-6.16,-6.16,-6.16,1.0,0.0,16.0,0.0,0.1,0.1,-16.91,-16.91,-16.91,-16.91,1.0,0.0,16.0,0.0,0.1,0.1,996.3,996.3,996.3,996.3,1.0,0.0,16.0,0.0,0.1,0.1,8.0,8.0,8.0,8.0,1.0,0.0,16.0,0.0,0.1,0.1,-110.8,-110.8,-110.8,-110.8,1.0,0.0,16.0,0.0,0.1,0.1,-304.5,-304.5,-304.5,-304.5,1.0,0.0,16.0,0.0,0.1,0.1,2.9,2.9,2.9,2.9,1.0,0.0,16.0,0.0,0.1,0.1,52.2,52.2,52.2,52.2,1.0,0.0,16.0,0.0,0.1,0.1,1.17,1.17,1.17,1.17,1.0,0.0,16.0,0.0,0.1,0.1,21.0,21.0,21.0,21.0,1.0,0.0,16.0,0.0,0.1,0.1,-14.8,-14.8,-14.8,-14.8,1.0,0.0,16.0,0.0,0.1,0.1,-40.6,-40.6,-40.6,-40.6,1.0,0.0,16.0,0.0,0.1,0.1,-27.3,-27.3,-27.3,-27.3,1.0,0.0,16.0,0.0,0.1,0.1,-75.1,-75.1,-75.1,-75.1,1.0,0.0,16.0,0.0,0.1,0.1,-7.2,-7.2,-7.2,-7.2,1.0,0.0,16.0,0.0,0.1,0.1,-19.7,-19.7,-19.7,-19.7,1.0,0.0,16.0,0.0,0.1,0.1,5832.0,5832.0,5832.0,5832.0,1.0,0.0,16.0,0.0,0.1,0.1,5830.0,5830.0,5830.0,5830.0,1.0,0.0,16.0,0.0,0.1,0.1
1974,2,356.0,65.0,,,,,,,,,,,,,,,,,,,,,,,,,,,,,,,,,,,,,,,,13.0,13.0,13.0,13.0,1.0,0.0,26.0,0.0,0.5,0.8,12.22,12.22,12.22,12.22,1.0,0.0,26.0,0.0,0.5,0.8,4.45,4.45,4.45,4.45,1.0,0.0,26.0,0.0,0.5,0.8,1004.1,1004.1,1004.1,1004.1,1.0,0.0,26.0,0.0,0.5,0.8,,,,,,,,,,,,,,,,,,,,,,,,,,,,,,,,,,,,,,,,,,,,,,,,,,,,,,,,,,,,,,,,,,,,,,,,,,,,,,,,,,,,,,,,,,,,,,,,,,,,,,,,,,,,,,,,,,,,,,,,,,,,,,,,,,,,,,,,,,,,,,,,,,,,,,
1974,2,356.0,66.0,,,,,,,,,,,,,,,,,,,,,,,,,,,,,,,,,,,,,,,,3.97,8.2,9.43,6.73,3.0,4.2,18.0,0.3,0.4,0.5,-6.96,-1.73,1.36,-2.77,3.0,6.17,18.0,0.3,0.4,0.5,-2.65,-1.0,4.94,1.1,3.0,5.85,18.0,0.3,0.4,0.5,1009.35,1009.9,1011.27,1010.3,3.0,1.44,18.0,0.3,0.4,0.5,,,,,,,,,,,,,,,,,,,,,,,,,,,,,,,,,,,,,,,,,,,,,,,,,,,,,,,,,,,,,,,,,,,,,,,,,,,,,,,,,,,,,,,,,,,,,,,,,,,,,,,,,,,,,,,,,,,,,,,,,,,,,,,,,,,,,,,,,,,,,,,,,,,,,,
1974,2,356.0,67.0,,,,,,,,,,,,,,,,,,,,,,,,,,,,,,,,,,,,,,,,13.0,13.0,13.0,13.0,1.0,0.0,6.0,0.0,0.6,0.9,-9.96,-9.96,-9.96,-9.96,1.0,0.0,6.0,0.0,0.6,0.9,-8.36,-8.36,-8.36,-8.36,1.0,0.0,6.0,0.0,0.6,0.9,1007.9,1007.9,1007.9,1007.9,1.0,0.0,6.0,0.0,0.6,0.9,,,,,,,,,,,,,,,,,,,,,,,,,,,,,,,,,,,,,,,,,,,,,,,,,,,,,,,,,,,,,,,,,,,,,,,,,,,,,,,,,,,,,,,,,,,,,,,,,,,,,,,,,,,,,,,,,,,,,,,,,,,,,,,,,,,,,,,,,,,,,,,,,,,,,,
1974,2,356.0,71.0,3.21,3.65,4.09,3.65,2.0,0.92,18.0,0.5,0.5,0.2,2.13,2.4,2.67,2.4,2.0,0.57,18.0,0.5,0.5,0.2,3.14,3.39,3.65,3.39,2.0,0.53,18.0,0.5,0.5,0.2,71.4,75.6,79.8,75.6,2.0,8.7,18.0,0.5,0.2,10.96,11.3,11.64,11.3,2.0,0.71,18.0,0.5,0.5,0.2,-3.4,-2.02,-0.64,-2.02,2.0,2.85,18.0,0.5,0.5,0.2,10.85,10.94,11.04,10.94,2.0,0.2,18.0,0.5,0.5,0.2,1015.69,1016.3,1016.91,1016.3,2.0,1.27,18.0,0.5,0.5,0.2,8.0,8.0,8.0,8.0,2.0,0.0,18.0,0.5,0.5,0.2,-40.1,-23.8,-7.6,-23.8,2.0,33.7,18.0,0.5,0.5,0.2,118.9,123.7,128.6,123.7,2.0,10.0,18.0,0.5,0.5,0.2,0.53,1.25,1.97,1.25,2.0,1.48,18.0,0.5,0.5,0.2,5.9,13.6,21.3,13.6,2.0,15.9,18.0,0.5,0.5,0.2,1.1,1.5,1.91,1.5,2.0,0.84,18.0,0.5,0.5,0.2,12.6,16.7,20.8,16.7,2.0,8.5,18.0,0.5,0.5,0.2,-9.5,-5.7,-1.8,-5.7,2.0,8.0,18.0,0.5,0.5,0.2,23.1,26.3,29.5,26.3,2.0,6.7,18.0,0.5,0.5,0.2,-12.8,-7.6,-2.4,-7.6,2.0,10.8,18.0,0.5,0.5,0.2,34.0,37.2,40.3,37.2,2.0,6.5,18.0,0.5,0.5,0.2,-3.1,-1.8,-0.6,-1.8,2.0,2.6,18.0,0.5,0.5,0.2,12.1,16.4,20.7,16.4,2.0,8.9,18.0,0.5,0.5,0.2,1320.5,1451.5,1582.0,1451.5,2.0,271.0,18.0,0.5,0.5,0.2,1320.0,1450.0,1580.0,1450.0,2.0,270.0,18.0,0.5,0.5,0.2
1974,2,357.0,-71.0,-0.1,-0.1,-0.1,-0.1,1.0,0.0,4.0,1.0,0.5,1.0,-3.2,-3.2,-3.2,-3.2,1.0,0.0,4.0,1.0,0.5,1.0,2.54,2.54,2.54,2.54,1.0,0.0,4.0,1.0,0.5,1.0,82.8,82.8,82.8,82.8,1.0,0.0,4.0,1.0,1.0,3.1,3.1,3.1,3.1,1.0,0.0,4.0,1.0,0.5,1.0,-2.37,-2.37,-2.37,-2.37,1.0,0.0,4.0,1.0,0.5,1.0,1.99,1.99,1.99,1.99,1.0,0.0,4.0,1.0,0.5,1.0,986.5,986.5,986.5,986.5,1.0,0.0,4.0,1.0,0.5,1.0,1.0,1.0,1.0,1.0,1.0,0.0,4.0,1.0,0.5,1.0,-7.4,-7.4,-7.4,-7.4,1.0,0.0,4.0,1.0,0.5,1.0,6.2,6.2,6.2,6.2,1.0,0.0,4.0,1.0,0.5,1.0,3.1,3.1,3.1,3.1,1.0,0.0,4.0,1.0,0.5,1.0,9.6,9.6,9.6,9.6,1.0,0.0,4.0,1.0,0.5,1.0,1.31,1.31,1.31,1.31,1.0,0.0,4.0,1.0,0.5,1.0,4.1,4.1,4.1,4.1,1.0,0.0,4.0,1.0,0.5,1.0,7.6,7.6,7.6,7.6,1.0,0.0,4.0,1.0,0.5,1.0,-6.4,-6.4,-6.4,-6.4,1.0,0.0,4.0,1.0,0.5,1.0,-6.0,-6.0,-6.0,-6.0,1.0,0.0,4.0,1.0,0.5,1.0,5.1,5.1,5.1,5.1,1.0,0.0,4.0,1.0,0.5,1.0,-3.1,-3.1,-3.1,-3.1,1.0,0.0,4.0,1.0,0.5,1.0,2.6,2.6,2.6,2.6,1.0,0.0,4.0,1.0,0.5,1.0,30.0,30.0,30.0,30.0,1.0,0.0,4.0,1.0,0.5,1.0,30.0,30.0,30.0,30.0,1.0,0.0,4.0,1.0,0.5,1.0
1974,2,357.0,-70.0,-1.4,-1.4,-1.4,-1.4,1.0,0.0,4.0,0.0,0.5,0.1,-0.9,-0.9,-0.9,-0.9,1.0,0.0,4.0,0.0,0.5,0.1,3.21,3.21,3.21,3.21,1.0,0.0,4.0,0.0,0.5,0.1,88.2,88.2,88.2,88.2,1.0,0.0,4.0,0.0,0.1,8.2,8.2,8.2,8.2,1.0,0.0,4.0,0.0,0.5,0.1,-6.28,-6.28,-6.28,-6.28,1.0,0.0,4.0,0.0,0.5,0.1,5.27,5.27,5.27,5.27,1.0,0.0,4.0,0.0,0.5,0.1,985.7,985.7,985.7,985.7,1.0,0.0,4.0,0.0,0.5,0.1,7.0,7.0,7.0,7.0,1.0,0.0,4.0,0.0,0.5,0.1,-51.5,-51.5,-51.5,-51.5,1.0,0.0,4.0,0.0,0.5,0.1,43.2,43.2,43.2,43.2,1.0,0.0,4.0,0.0,0.5,0.1,-0.5,-0.5,-0.5,-0.5,1.0,0.0,4.0,0.0,0.5,0.1,-4.1,-4.1,-4.1,-4.1,1.0,0.0,4.0,0.0,0.5,0.1,0.3,0.3,0.3,0.3,1.0,0.0,4.0,0.0,0.5,0.1,2.4,2.4,2.4,2.4,1.0,0.0,4.0,0.0,0.5,0.1,5.7,5.7,5.7,5.7,1.0,0.0,4.0,0.0,0.5,0.1,-4.7,-4.7,-4.7,-4.7,1.0,0.0,4.0,0.0,0.5,0.1,-20.1,-20.1,-20.1,-20.1,1.0,0.0,4.0,0.0,0.5,0.1,16.9,16.9,16.9,16.9,1.0,0.0,4.0,0.0,0.5,0.1,-1.9,-1.9,-1.9,-1.9,1.0,0.0,4.0,0.0,0.5,0.1,1.6,1.6,1.6,1.6,1.0,0.0,4.0,0.0,0.5,0.1,551.5,551.5,551.5,551.5,1.0,0.0,4.0,0.0,0.5,0.1,550.0,550.0,550.0,550.0,1.0,0.0,4.0,0.0,0.5,0.1
1974,2,357.0,-36.0,20.7,20.7,20.7,20.7,1.0,0.0,2.0,1.0,0.3,0.9,19.9,19.9,19.9,19.9,1.0,0.0,2.0,1.0,0.3,0.9,11.55,11.55,11.55,11.55,1.0,0.0,2.0,1.0,0.3,0.9,80.3,80.3,80.3,80.3,1.0,0.0,2.0,1.0,0.9,2.6,2.6,2.6,2.6,1.0,0.0,2.0,1.0,0.3,0.9,2.56,2.56,2.56,2.56,1.0,0.0,2.0,1.0,0.3,0.9,0.45,0.45,0.45,0.45,1.0,0.0,2.0,1.0,0.3,0.9,1015.9,1015.9,1015.9,1015.9,1.0,0.0,2.0,1.0,0.3,0.9,7.0,7.0,7.0,7.0,1.0,0.0,2.0,1.0,0.3,0.9,6.7,6.7,6.7,6.7,1.0,0.0,2.0,1.0,0.3,0.9,1.2,1.2,1.2,1.2,1.0,0.0,2.0,1.0,0.3,0.9,0.8,0.8,0.8,0.8,1.0,0.0,2.0,1.0,0.3,0.9,2.1,2.1,2.1,2.1,1.0,0.0,2.0,1.0,0.3,0.9,3.6,3.6,3.6,3.6,1.0,0.0,2.0,1.0,0.3,0.9,9.4,9.4,9.4,9.4,1.0,0.0,2.0,1.0,0.3,0.9,51.0,51.0,51.0,51.0,1.0,0.0,2.0,1.0,0.3,0.9,9.0,9.0,9.0,9.0,1.0,0.0,2.0,1.0,0.3,0.9,29.6,29.6,29.6,29.6,1.0,0.0,2.0,1.0,0.3,0.9,5.2,5.2,5.2,5.2,1.0,0.0,2.0,1.0,0.3,0.9,9.2,9.2,9.2,9.2,1.0,0.0,2.0,1.0,0.3,0.9,1.6,1.6,1.6,1.6,1.0,0.0,2.0,1.0,0.3,0.9,17.5,17.5,17.5,17.5,1.0,0.0,2.0,1.0,0.3,0.9,20.0,20.0,20.0,20.0,1.0,0.0,2.0,1.0,0.3,0.9
1974,2,357.0,-33.0,23.0,23.0,23.0,23.0,1.0,0.0,10.0,1.0,0.3,0.6,17.9,17.9,17.9,17.9,1.0,0.0,10.0,1.0,0.3,0.6,8.81,8.81,8.81,8.81,1.0,0.0,10.0,1.0,0.3,0.6,70.2,70.2,70.2,70.2,1.0,0.0,10.0,1.0,0.6,4.1,4.1,4.1,4.1,1.0,0.0,10.0,1.0,0.3,0.6,-4.04,-4.04,-4.04,-4.04,1.0,0.0,10.0,1.0,0.3,0.6,0.71,0.71,0.71,0.71,1.0,0.0,10.0,1.0,0.3,0.6,1025.6,1025.6,1025.6,1025.6,1.0,0.0,10.0,1.0,0.3,0.6,6.0,6.0,6.0,6.0,1.0,0.0,10.0,1.0,0.3,0.6,-16.6,-16.6,-16.6,-16.6,1.0,0.0,10.0,1.0,0.3,0.6,2.9,2.9,2.9,2.9,1.0,0.0,10.0,1.0,0.3,0.6,5.1,5.1,5.1,5.1,1.0,0.0,10.0,1.0,0.3,0.6,20.9,20.9,20.9,20.9,1.0,0.0,10.0,1.0,0.3,0.6,8.48,8.48,8.48,8.48,1.0,0.0,10.0,1.0,0.3,0.6,34.8,34.8,34.8,34.8,1.0,0.0,10.0,1.0,0.3,0.6,-72.3,-72.3,-72.3,-72.3,1.0,0.0,10.0,1.0,0.3,0.6,12.7,12.7,12.7,12.7,1.0,0.0,10.0,1.0,0.3,0.6,-35.6,-35.6,-35.6,-35.6,1.0,0.0,10.0,1.0,0.3,0.6,6.3,6.3,6.3,6.3,1.0,0.0,10.0,1.0,0.3,0.6,-34.2,-34.2,-34.2,-34.2,1.0,0.0,10.0,1.0,0.3,0.6,6.0,6.0,6.0,6.0,1.0,0.0,10.0,1.0,0.3,0.6,69.0,69.0,69.0,69.0,1.0,0.0,10.0,1.0,0.3,0.6,70.0,70.0,70.0,70.0,1.0,0.0,10.0,1.0,0.3,0.6
1974,2,357.0,-32.0,22.0,22.0,22.0,22.0,1.0,0.0,22.0,1.0,0.2,0.8,22.2,22.2,22.2,22.2,1.0,0.0,22.0,1.0,0.2,0.8,12.75,12.75,12.75,12.75,1.0,0.0,22.0,1.0,0.2,0.8,77.1,77.1,77.1,77.1,1.0,0.0,22.0,1.0,0.8,4.6,4.6,4.6,4.6,1.0,0.0,22.0,1.0,0.2,0.8,-3.52,-3.52,-3.52,-3.52,1.0,0.0,22.0,1.0,0.2,0.8,-2.96,-2.96,-2.96,-2.96,1.0,0.0,22.0,1.0,0.2,0.8,1018.4,1018.4,1018.4,1018.4,1.0,0.0,22.0,1.0,0.2,0.8,5.0,5.0,5.0,5.0,1.0,0.0,22.0,1.0,0.2,0.8,-16.2,-16.2,-16.2,-16.2,1.0,0.0,22.0,1.0,0.2,0.8,-13.6,-13.6,-13.6,-13.6,1.0,0.0,22.0,1.0,0.2,0.8,-0.2,-0.2,-0.2,-0.2,1.0,0.0,22.0,1.0,0.2,0.8,-0.9,-0.9,-0.9,-0.9,1.0,0.0,22.0,1.0,0.2,0.8,3.62,3.62,3.62,3.62,1.0,0.0,22.0,1.0,0.2,0.8,16.7,16.7,16.7,16.7,1.0,0.0,22.0,1.0,0.2,0.8,-78.2,-78.2,-78.2,-78.2,1.0,0.0,22.0,1.0,0.2,0.8,-65.6,-65.6,-65.6,-65.6,1.0,0.0,22.0,1.0,0.2,0.8,-44.9,-44.9,-44.9,-44.9,1.0,0.0,22.0,1.0,0.2,0.8,-37.7,-37.7,-37.7,-37.7,1.0,0.0,22.0,1.0,0.2,0.8,-12.8,-12.8,-12.8,-12.8,1.0,0.0,22.0,1.0,0.2,0.8,-10.7,-10.7,-10.7,-10.7,1.0,0.0,22.0,1.0,0.2,0.8,97.5,97.5,97.5,97.5,1.0,0.0,22.0,1.0,0.2,0.8,95.0,95.0,95.0,95.0,1.0,0.0,22.0,1.0,0.2,0.8
1974,2,357.0,-31.0,24.3,24.3,24.3,24.3,1.0,0.0,16.0,1.0,0.2,0.3,21.8,21.8,21.8,21.8,1.0,0.0,16.0,1.0,0.2,0.3,13.52,13.52,13.52,13.52,1.0,0.0,16.0,1.0,0.2,0.3,84.1,84.1,84.1,84.1,1.0,0.0,16.0,1.0,0.3,0.0,0.0,0.0,0.0,1.0,0.0,16.0,1.0,0.2,0.3,0.0,0.0,0.0,0.0,1.0,0.0,16.0,1.0,0.2,0.3,0.0,0.0,0.0,0.0,1.0,0.0,16.0,1.0,0.2,0.3,1023.1,1023.1,1023.1,1023.1,1.0,0.0,16.0,1.0,0.2,0.3,2.0,2.0,2.0,2.0,1.0,0.0,16.0,1.0,0.2,0.3,0.0,0.0,0.0,0.0,1.0,0.0,16.0,1.0,0.2,0.3,0.0,0.0,0.0,0.0,1.0,0.0,16.0,1.0,0.2,0.3,2.5,2.5,2.5,2.5,1.0,0.0,16.0,1.0,0.2,0.3,0.0,0.0,0.0,0.0,1.0,0.0,16.0,1.0,0.2,0.3,5.24,5.24,5.24,5.24,1.0,0.0,16.0,1.0,0.2,0.3,0.0,0.0,0.0,0.0,1.0,0.0,16.0,1.0,0.2,0.3,0.0,0.0,0.0,0.0,1.0,0.0,16.0,1.0,0.2,0.3,0.0,0.0,0.0,0.0,1.0,0.0,16.0,1.0,0.2,0.3,0.0,0.0,0.0,0.0,1.0,0.0,16.0,1.0,0.2,0.3,0.0,0.0,0.0,0.0,1.0,0.0,16.0,1.0,0.2,0.3,0.0,0.0,0.0,0.0,1.0,0.0,16.0,1.0,0.2,0.3,0.0,0.0,0.0,0.0,1.0,0.0,16.0,1.0,0.2,0.3,0.0,0.0,0.0,0.0,1.0,0.0,16.0,1.0,0.2,0.3,0.0,0.0,0.0,0.0,1.0,0.0,16.0,1.0,0.2,0.3
1974,2,357.0,-30.0,22.4,22.4,22.4,22.4,1.0,0.0,16.0,1.0,0.2,0.1,21.9,21.9,21.9,21.9,1.0,0.0,16.0,1.0,0.2,0.1,12.71,12.71,12.71,12.71,1.0,0.0,16.0,1.0,0.2,0.1,78.5,78.5,78.5,78.5,1.0,0.0,16.0,1.0,0.1,1.5,1.5,1.5,1.5,1.0,0.0,16.0,1.0,0.2,0.1,1.41,1.41,1.41,1.41,1.0,0.0,16.0,1.0,0.2,0.1,0.51,0.51,0.51,0.51,1.0,0.0,16.0,1.0,0.2,0.1,1021.9,1021.9,1021.9,1021.9,1.0,0.0,16.0,1.0,0.2,0.1,4.0,4.0,4.0,4.0,1.0,0.0,16.0,1.0,0.2,0.1,2.1,2.1,2.1,2.1,1.0,0.0,16.0,1.0,0.2,0.1,0.8,0.8,0.8,0.8,1.0,0.0,16.0,1.0,0.2,0.1,0.5,0.5,0.5,0.5,1.0,0.0,16.0,1.0,0.2,0.1,0.8,0.8,0.8,0.8,1.0,0.0,16.0,1.0,0.2,0.1,4.02,4.02,4.02,4.02,1.0,0.0,16.0,1.0,0.2,0.1,6.0,6.0,6.0,6.0,1.0,0.0,16.0,1.0,0.2,0.1,30.9,30.9,30.9,30.9,1.0,0.0,16.0,1.0,0.2,0.1,11.2,11.2,11.2,11.2,1.0,0.0,16.0,1.0,0.2,0.1,17.9,17.9,17.9,17.9,1.0,0.0,16.0,1.0,0.2,0.1,6.5,6.5,6.5,6.5,1.0,0.0,16.0,1.0,0.2,0.1,5.7,5.7,5.7,5.7,1.0,0.0,16.0,1.0,0.2,0.1,2.1,2.1,2.1,2.1,1.0,0.0,16.0,1.0,0.2,0.1,3.5,3.5,3.5,3.5,1.0,0.0,16.0,1.0,0.2,0.1,5.0,5.0,5.0,5.0,1.0,0.0,16.0,1.0,0.2,0.1
1974,2,357.0,-28.0,24.5,24.5,24.5,24.5,1.0,0.0,16.0,1.0,0.1,0.3,23.8,23.8,23.8,23.8,1.0,0.0,16.0,1.0,0.1,0.3,14.41,14.41,14.41,14.41,1.0,0.0,16.0,1.0,0.1,0.3,79.3,79.3,79.3,79.3,1.0,0.0,16.0,1.0,0.3,6.2,6.2,6.2,6.2,1.0,0.0,16.0,1.0,0.1,0.3,-5.37,-5.37,-5.37,-5.37,1.0,0.0,16.0,1.0,0.1,0.3,3.1,3.1,3.1,3.1,1.0,0.0,16.0,1.0,0.1,0.3,1022.1,1022.1,1022.1,1022.1,1.0,0.0,16.0,1.0,0.1,0.3,,,,,,,,,,,,,,,,,,,,,,,,,,,,,,,0.7,0.7,0.7,0.7,1.0,0.0,16.0,1.0,0.1,0.3,4.3,4.3,4.3,4.3,1.0,0.0,16.0,1.0,0.1,0.3,4.6,4.6,4.6,4.6,1.0,0.0,16.0,1.0,0.1,0.3,28.5,28.5,28.5,28.5,1.0,0.0,16.0,1.0,0.1,0.3,-127.8,-127.8,-127.8,-127.8,1.0,0.0,16.0,1.0,0.1,0.3,73.8,73.8,73.8,73.8,1.0,0.0,16.0,1.0,0.1,0.3,-77.4,-77.4,-77.4,-77.4,1.0,0.0,16.0,1.0,0.1,0.3,44.7,44.7,44.7,44.7,1.0,0.0,16.0,1.0,0.1,0.3,-24.7,-24.7,-24.7,-24.7,1.0,0.0,16.0,1.0,0.1,0.3,14.3,14.3,14.3,14.3,1.0,0.0,16.0,1.0,0.1,0.3,238.5,238.5,238.5,238.5,1.0,0.0,16.0,1.0,0.1,0.3,240.0,240.0,240.0,240.0,1.0,0.0,16.0,1.0,0.1,0.3
1974,2,357.0,-27.0,22.46,22.8,23.14,22.8,2.0,0.71,14.0,1.0,0.8,0.2,22.46,22.8,23.14,22.8,2.0,0.71,14.0,1.0,0.8,0.2,11.8,12.34,12.88,12.34,2.0,1.12,14.0,1.0,0.8,0.2,70.1,71.8,73.6,71.8,2.0,3.7,14.0,1.0,0.2,5.27,5.65,6.03,5.65,2.0,0.78,14.0,1.0,0.8,0.2,-5.84,-5.26,-4.68,-5.26,2.0,1.19,14.0,1.0,0.8,0.2,1.31,1.81,2.32,1.81,2.0,1.04,14.0,1.0,0.8,0.2,1016.75,1018.35,1019.95,1018.35,2.0,3.32,14.0,1.0,0.8,0.2,7.0,7.0,7.0,7.0,2.0,0.0,14.0,1.0,0.8,0.2,-35.4,-30.2,-25.0,-30.2,2.0,10.8,14.0,1.0,0.8,0.2,7.7,9.8,12.0,9.8,2.0,4.5,14.0,1.0,0.8,0.2,0.0,0.0,0.0,0.0,2.0,0.0,14.0,1.0,0.8,0.2,0.0,0.0,0.0,0.0,2.0,0.0,14.0,1.0,0.8,0.2,4.66,4.87,5.08,4.87,2.0,0.44,14.0,1.0,0.8,0.2,26.7,27.4,28.0,27.4,2.0,1.3,14.0,1.0,0.8,0.2,-135.3,-120.4,-105.4,-120.4,2.0,31.0,14.0,1.0,0.8,0.2,30.1,41.0,51.8,41.0,2.0,22.5,14.0,1.0,0.8,0.2,-75.6,-65.6,-55.6,-65.6,2.0,20.7,14.0,1.0,0.8,0.2,16.6,21.8,27.0,21.8,2.0,10.8,14.0,1.0,0.8,0.2,-27.1,-25.4,-23.7,-25.4,2.0,3.5,14.0,1.0,0.8,0.2,6.2,9.1,11.9,9.1,2.0,5.9,14.0,1.0,0.8,0.2,149.5,185.5,221.5,185.5,2.0,74.5,14.0,1.0,0.8,0.2,150.0,185.0,220.0,185.0,2.0,75.0,14.0,1.0,0.8,0.2
1974,2,357.0,-26.0,23.22,23.7,25.75,24.47,3.0,1.97,18.0,0.7,0.8,0.7,22.75,23.3,23.44,23.1,3.0,0.53,18.0,0.7,0.8,0.7,14.45,14.5,14.56,14.5,2.0,0.11,14.0,1.0,1.0,0.8,80.5,81.2,81.9,81.2,2.0,1.4,14.0,1.0,0.8,3.36,5.0,5.82,4.6,3.0,1.83,18.0,0.7,0.8,0.7,-4.22,-3.99,-2.41,-3.33,3.0,1.45,18.0,0.7,0.8,0.7,2.15,2.5,4.04,3.08,3.0,1.47,18.0,0.7,0.8,0.7,1015.44,1016.6,1017.97,1016.7,3.0,1.85,18.0,0.7,0.8,0.7,7.2,7.5,7.8,7.5,2.0,0.7,14.0,1.0,1.0,0.8,-23.7,-21.7,-9.8,-16.9,3.0,11.0,18.0,0.7,0.8,0.7,7.5,12.5,24.1,15.7,3.0,12.4,18.0,0.7,0.8,0.7,0.3,0.5,2.48,1.37,3.0,1.77,18.0,0.7,0.8,0.7,1.6,2.5,6.8,4.2,3.0,4.1,18.0,0.7,0.8,0.7,4.36,5.53,6.7,5.53,2.0,2.42,14.0,1.0,1.0,0.8,19.6,21.2,22.9,21.2,2.0,3.4,14.0,1.0,1.0,0.8,-96.2,-93.7,-56.3,-76.7,3.0,32.7,18.0,0.7,0.8,0.7,49.5,56.3,94.0,71.4,3.0,35.2,18.0,0.7,0.8,0.7,-52.2,-40.9,-29.6,-40.9,2.0,23.4,14.0,1.0,1.0,0.8,35.3,48.8,62.3,48.8,2.0,27.9,14.0,1.0,1.0,0.8,-14.7,-13.7,-12.6,-13.7,2.0,2.2,14.0,1.0,1.0,0.8,15.0,16.3,17.5,16.3,2.0,2.6,14.0,1.0,1.0,0.8,51.5,125.0,202.5,127.0,3.0,110.5,18.0,0.7,0.8,0.7,50.0,125.0,200.0,125.0,3.0,110.0,18.0,0.7,0.8,0.7
1974,2,357.0,-25.0,23.1,23.1,23.1,23.1,1.0,0.0,14.0,1.0,0.6,0.4,23.6,23.6,23.6,23.6,1.0,0.0,14.0,1.0,0.6,0.4,11.45,11.45,11.45,11.45,1.0,0.0,14.0,1.0,0.6,0.4,63.6,63.6,63.6,63.6,1.0,0.0,14.0,1.0,0.4,4.1,4.1,4.1,4.1,1.0,0.0,14.0,1.0,0.6,0.4,-3.14,-3.14,-3.14,-3.14,1.0,0.0,14.0,1.0,0.6,0.4,2.64,2.64,2.64,2.64,1.0,0.0,14.0,1.0,0.6,0.4,1018.2,1018.2,1018.2,1018.2,1.0,0.0,14.0,1.0,0.6,0.4,3.0,3.0,3.0,3.0,1.0,0.0,14.0,1.0,0.6,0.4,-12.9,-12.9,-12.9,-12.9,1.0,0.0,14.0,1.0,0.6,0.4,10.8,10.8,10.8,10.8,1.0,0.0,14.0,1.0,0.6,0.4,-0.5,-0.5,-0.5,-0.5,1.0,0.0,14.0,1.0,0.6,0.4,-2.0,-2.0,-2.0,-2.0,1.0,0.0,14.0,1.0,0.6,0.4,6.08,6.08,6.08,6.08,1.0,0.0,14.0,1.0,0.6,0.4,24.9,24.9,24.9,24.9,1.0,0.0,14.0,1.0,0.6,0.4,-74.1,-74.1,-74.1,-74.1,1.0,0.0,14.0,1.0,0.6,0.4,62.2,62.2,62.2,62.2,1.0,0.0,14.0,1.0,0.6,0.4,-35.9,-35.9,-35.9,-35.9,1.0,0.0,14.0,1.0,0.6,0.4,30.2,30.2,30.2,30.2,1.0,0.0,14.0,1.0,0.6,0.4,-19.1,-19.1,-19.1,-19.1,1.0,0.0,14.0,1.0,0.6,0.4,16.0,16.0,16.0,16.0,1.0,0.0,14.0,1.0,0.6,0.4,69.0,69.0,69.0,69.0,1.0,0.0,14.0,1.0,0.6,0.4,70.0,70.0,70.0,70.0,1.0,0.0,14.0,1.0,0.6,0.4
1974,2,357.0,-24.0,22.88,23.7,23.84,23.37,3.0,0.76,12.0,0.7,0.7,0.5,21.05,21.15,22.88,21.93,4.0,1.65,10.0,0.8,0.6,0.7,14.88,14.97,15.06,14.97,2.0,0.19,14.0,0.5,0.8,0.5,81.5,86.2,92.7,87.1,3.0,8.2,12.0,0.7,0.5,4.58,6.95,10.48,7.5,4.0,4.14,10.0,0.8,0.6,0.7,-7.11,-3.92,-0.21,-3.67,4.0,5.34,10.0,0.8,0.6,0.7,2.26,5.71,7.55,4.94,4.0,3.61,10.0,0.8,0.6,0.7,1014.59,1018.0,1018.07,1016.37,3.0,2.92,12.0,0.7,0.6,0.6,6.0,7.0,8.0,7.0,4.0,1.2,10.0,0.8,0.6,0.7,-81.9,-27.2,-6.7,-43.6,4.0,59.9,10.0,0.8,0.6,0.7,14.0,40.4,81.4,47.4,4.0,45.9,10.0,0.8,0.6,0.7,-0.07,1.3,2.32,1.13,3.0,1.76,12.0,0.7,0.7,0.5,-1.1,8.1,8.5,3.8,3.0,8.0,12.0,0.7,0.7,0.5,3.24,3.37,3.51,3.37,2.0,0.28,14.0,0.5,0.8,0.5,13.2,17.8,22.3,17.8,2.0,9.5,14.0,0.5,0.8,0.5,-154.3,-89.2,-6.0,-80.5,4.0,112.6,10.0,0.8,0.6,0.7,47.9,131.7,169.4,109.7,4.0,80.1,10.0,0.8,0.6,0.7,-41.6,-6.1,29.5,-6.1,2.0,73.6,14.0,0.5,0.8,0.5,16.0,50.3,84.7,50.3,2.0,71.2,14.0,0.5,0.8,0.5,-8.5,-0.6,7.4,-0.6,2.0,16.5,14.0,0.5,0.8,0.5,3.4,10.6,17.8,10.6,2.0,15.0,14.0,0.5,0.8,0.5,129.0,347.5,1368.5,730.5,4.0,993.0,10.0,0.8,0.6,0.7,130.0,345.0,1370.0,730.0,4.0,995.0,10.0,0.8,0.6,0.7
1974,2,357.0,-23.0,22.33,22.6,23.08,22.7,3.0,0.56,14.0,1.0,0.6,0.4,21.52,22.2,22.2,21.87,3.0,0.58,14.0,1.0,0.6,0.4,11.39,12.64,13.29,12.35,3.0,1.41,14.0,1.0,0.6,0.4,70.3,80.9,81.7,76.1,3.0,9.3,14.0,1.0,0.4,6.33,7.7,9.47,7.9,3.0,2.31,14.0,1.0,0.6,0.4,-8.31,-5.36,-5.08,-6.66,3.0,2.62,14.0,1.0,0.6,0.4,2.45,3.52,5.14,3.79,3.0,1.99,14.0,1.0,0.6,0.4,1015.51,1016.6,1017.08,1016.3,3.0,1.18,14.0,1.0,0.6,0.4,8.0,8.0,8.0,8.0,3.0,0.0,14.0,1.0,0.6,0.4,-80.1,-38.1,-32.9,-56.1,3.0,37.9,14.0,1.0,0.6,0.4,19.1,36.3,42.5,30.9,3.0,17.8,14.0,1.0,0.6,0.4,0.35,1.1,1.3,0.83,3.0,0.74,14.0,1.0,0.6,0.4,2.5,8.0,10.3,6.4,3.0,5.8,14.0,1.0,0.6,0.4,3.45,4.42,6.15,4.79,3.0,2.0,14.0,1.0,0.6,0.4,23.8,25.2,56.9,40.0,3.0,27.4,14.0,1.0,0.6,0.4,-182.7,-113.6,-111.0,-146.1,3.0,59.6,14.0,1.0,0.6,0.4,53.0,78.2,114.2,83.5,3.0,45.0,14.0,1.0,0.6,0.4,-93.0,-67.7,-67.4,-79.9,3.0,21.5,14.0,1.0,0.6,0.4,28.9,38.1,66.9,47.7,3.0,29.0,14.0,1.0,0.6,0.4,-53.4,-23.7,-17.6,-35.3,3.0,28.1,14.0,1.0,0.6,0.4,11.5,17.7,22.3,16.9,3.0,8.0,14.0,1.0,0.6,0.4,271.5,456.5,891.0,578.0,3.0,466.0,14.0,1.0,0.6,0.4,270.0,455.0,890.0,580.0,3.0,465.0,14.0,1.0,0.6,0.4
1974,2,357.0,-22.0,23.3,23.5,23.7,23.5,2.0,0.42,10.0,1.0,0.7,0.5,22.91,23.35,23.79,23.35,2.0,0.92,10.0,1.0,0.7,0.5,13.57,14.03,14.49,14.03,2.0,0.96,10.0,1.0,0.7,0.5,74.4,79.0,83.6,79.0,2.0,9.6,10.0,1.0,0.5,7.95,8.5,9.05,8.5,2.0,1.13,10.0,1.0,0.7,0.5,-6.6,-5.49,-4.37,-5.49,2.0,2.32,10.0,1.0,0.7,0.5,6.09,6.32,6.56,6.32,2.0,0.49,10.0,1.0,0.7,0.5,1014.57,1015.35,1016.14,1015.35,2.0,1.63,10.0,1.0,0.7,0.5,6.3,7.0,7.7,7.0,2.0,1.4,10.0,1.0,0.7,0.5,-60.4,-47.9,-35.5,-47.9,2.0,25.9,10.0,1.0,0.7,0.5,52.0,53.5,54.9,53.5,2.0,3.0,10.0,1.0,0.7,0.5,-0.09,0.15,0.39,0.15,2.0,0.49,10.0,1.0,0.7,0.5,-0.6,1.6,3.7,1.6,2.0,4.4,10.0,1.0,0.7,0.5,3.31,3.98,4.65,3.98,2.0,1.39,10.0,1.0,0.7,0.5,29.5,33.1,36.6,33.1,2.0,7.3,10.0,1.0,0.7,0.5,-150.7,-127.1,-103.4,-127.1,2.0,49.0,10.0,1.0,0.7,0.5,139.6,147.9,156.2,147.9,2.0,17.2,10.0,1.0,0.7,0.5,-96.3,-78.1,-59.9,-78.1,2.0,37.7,10.0,1.0,0.7,0.5,88.1,88.5,88.9,88.5,2.0,0.8,10.0,1.0,0.7,0.5,-21.0,-20.2,-19.5,-20.2,2.0,1.6,10.0,1.0,0.7,0.5,20.3,25.5,30.7,25.5,2.0,10.8,10.0,1.0,0.7,0.5,511.5,630.5,749.0,630.5,2.0,246.0,10.0,1.0,0.7,0.5,510.0,630.0,750.0,630.0,2.0,245.0,10.0,1.0,0.7,0.5
1974,2,357.0,-21.0,22.83,22.9,22.97,22.9,2.0,0.14,14.0,0.5,0.3,0.3,22.41,22.85,23.29,22.85,2.0,0.92,14.0,0.5,0.3,0.3,13.05,13.59,14.14,13.59,2.0,1.13,14.0,0.5,0.3,0.3,77.6,78.7,79.7,78.7,2.0,2.2,14.0,0.5,0.3,7.28,7.45,7.62,7.45,2.0,0.35,14.0,0.5,0.3,0.3,-6.96,-6.38,-5.79,-6.38,2.0,1.22,14.0,0.5,0.3,0.3,2.95,3.63,4.31,3.63,2.0,1.41,14.0,0.5,0.3,0.3,1015.38,1016.2,1017.02,1016.2,2.0,1.7,14.0,0.5,0.3,0.3,6.3,7.0,7.7,7.0,2.0,1.4,14.0,0.5,0.3,0.3,-53.2,-47.7,-42.3,-47.7,2.0,11.3,14.0,0.5,0.3,0.3,22.3,26.8,31.3,26.8,2.0,9.2,14.0,0.5,0.3,0.3,-0.33,0.05,0.43,0.05,2.0,0.78,14.0,0.5,0.3,0.3,-2.6,0.2,3.0,0.2,2.0,5.8,14.0,0.5,0.3,0.3,3.27,3.76,4.24,3.76,2.0,1.01,14.0,0.5,0.3,0.3,24.8,27.8,30.8,27.8,2.0,6.2,14.0,0.5,0.3,0.3,-162.5,-146.2,-130.0,-146.2,2.0,33.7,14.0,0.5,0.3,0.3,68.4,82.3,96.3,82.3,2.0,28.9,14.0,0.5,0.3,0.3,-98.8,-87.4,-75.9,-87.4,2.0,23.7,14.0,0.5,0.3,0.3,41.3,48.6,55.8,48.6,2.0,15.1,14.0,0.5,0.3,0.3,-24.2,-23.3,-22.4,-23.3,2.0,1.8,14.0,0.5,0.3,0.3,10.0,14.3,18.7,14.3,2.0,8.9,14.0,0.5,0.3,0.3,386.5,415.0,443.5,415.0,2.0,59.0,14.0,0.5,0.3,0.3,385.0,415.0,445.0,415.0,2.0,60.0,14.0,0.5,0.3,0.3
1974,2,357.0,-20.0,21.69,23.15,23.93,22.83,4.0,1.68,20.0,0.8,0.8,1.0,22.25,22.85,23.71,22.98,4.0,0.87,20.0,0.8,0.8,1.0,11.16,12.89,14.81,12.98,4.0,2.11,20.0,0.8,0.8,1.0,61.6,74.8,88.8,75.2,4.0,15.7,20.0,0.8,1.0,4.34,5.15,6.49,5.4,4.0,1.37,20.0,0.8,0.8,1.0,-5.01,-3.61,-3.54,-4.24,4.0,1.33,20.0,0.8,0.8,1.0,2.48,3.28,4.0,3.24,4.0,0.98,20.0,0.8,0.8,1.0,1014.29,1014.8,1017.88,1016.03,4.0,3.01,20.0,0.8,0.8,1.0,8.0,8.0,8.0,8.0,4.0,0.0,20.0,0.8,0.8,1.0,-33.5,-18.5,-15.3,-24.1,4.0,14.1,20.0,0.8,0.8,1.0,10.9,19.2,25.4,18.2,4.0,8.6,20.0,0.8,0.8,1.0,-1.22,-0.55,0.96,-0.15,4.0,1.66,20.0,0.8,0.8,1.0,-7.9,-2.7,3.6,-2.2,4.0,8.7,20.0,0.8,0.8,1.0,2.18,5.2,6.44,4.35,4.0,2.82,20.0,0.8,0.8,1.0,9.7,23.4,33.2,21.5,4.0,14.6,20.0,0.8,0.8,1.0,-113.3,-85.2,-81.7,-97.0,4.0,27.8,20.0,0.8,0.8,1.0,57.7,75.4,91.6,74.7,4.0,23.4,20.0,0.8,0.8,1.0,-72.9,-47.0,-40.1,-56.1,4.0,23.8,20.0,0.8,0.8,1.0,32.1,40.8,50.4,41.2,4.0,10.7,20.0,0.8,0.8,1.0,-23.1,-18.8,-8.4,-15.9,4.0,9.6,20.0,0.8,0.8,1.0,4.9,13.9,23.7,14.2,4.0,11.5,20.0,0.8,0.8,1.0,82.5,141.5,283.5,181.0,4.0,137.5,20.0,0.8,0.8,1.0,80.0,140.0,285.0,180.0,4.0,135.0,20.0,0.8,0.8,1.0
1974,2,357.0,-19.0,21.58,23.2,24.27,23.0,5.0,1.87,18.0,1.0,0.4,0.5,22.18,23.0,23.72,22.9,5.0,1.12,18.0,1.0,0.4,0.5,13.73,15.1,15.49,14.61,5.0,1.3,18.0,1.0,0.4,0.5,74.3,86.4,93.4,84.5,5.0,11.8,18.0,1.0,0.5,4.19,5.1,5.5,4.82,5.0,1.33,18.0,1.0,0.4,0.5,-4.44,-3.28,-2.35,-3.42,5.0,1.31,18.0,1.0,0.4,0.5,2.58,3.28,4.09,3.27,5.0,1.04,18.0,1.0,0.4,0.5,1010.76,1013.0,1014.78,1012.94,5.0,2.67,18.0,1.0,0.4,0.5,6.5,8.0,8.0,7.2,5.0,1.8,18.0,1.0,0.4,0.5,-24.8,-16.7,-10.1,-17.6,5.0,10.3,18.0,1.0,0.4,0.5,12.2,19.2,20.9,16.5,5.0,7.1,18.0,1.0,0.4,0.5,-2.12,-0.3,2.09,0.1,5.0,2.77,18.0,1.0,0.4,0.5,-11.8,-0.8,10.6,0.1,5.0,14.8,18.0,1.0,0.4,0.5,1.38,2.57,5.08,2.99,5.0,2.2,18.0,1.0,0.4,0.5,7.0,13.1,18.0,12.6,5.0,9.2,18.0,1.0,0.4,0.5,-104.9,-69.2,-54.0,-78.4,5.0,30.7,18.0,1.0,0.4,0.5,59.6,79.0,89.1,74.5,5.0,22.5,18.0,1.0,0.4,0.5,-65.5,-51.2,-34.0,-50.6,5.0,21.0,18.0,1.0,0.4,0.5,37.3,47.5,63.6,48.8,5.0,18.1,18.0,1.0,0.4,0.5,-12.6,-8.7,-4.0,-8.3,5.0,6.1,18.0,1.0,0.4,0.5,4.5,8.9,14.2,9.3,5.0,7.1,18.0,1.0,0.4,0.5,90.5,132.5,171.0,131.0,5.0,78.0,18.0,1.0,0.4,0.5,90.0,135.0,170.0,130.0,5.0,80.0,18.0,1.0,0.4,0.5
1974,2,357.0,-17.0,24.5,24.5,24.5,24.5,1.0,0.0,16.0,1.0,0.4,0.3,24.0,24.0,24.0,24.0,1.0,0.0,16.0,1.0,0.4,0.3,16.45,16.45,16.45,16.45,1.0,0.0,16.0,1.0,0.4,0.3,88.6,88.6,88.6,88.6,1.0,0.0,16.0,1.0,0.3,3.1,3.1,3.1,3.1,1.0,0.0,16.0,1.0,0.4,0.3,-2.37,-2.37,-2.37,-2.37,1.0,0.0,16.0,1.0,0.4,0.3,1.99,1.99,1.99,1.99,1.0,0.0,16.0,1.0,0.4,0.3,1014.0,1014.0,1014.0,1014.0,1.0,0.0,16.0,1.0,0.4,0.3,8.0,8.0,8.0,8.0,1.0,0.0,16.0,1.0,0.4,0.3,-7.4,-7.4,-7.4,-7.4,1.0,0.0,16.0,1.0,0.4,0.3,6.2,6.2,6.2,6.2,1.0,0.0,16.0,1.0,0.4,0.3,0.5,0.5,0.5,0.5,1.0,0.0,16.0,1.0,0.4,0.3,1.6,1.6,1.6,1.6,1.0,0.0,16.0,1.0,0.4,0.3,2.72,2.72,2.72,2.72,1.0,0.0,16.0,1.0,0.4,0.3,8.4,8.4,8.4,8.4,1.0,0.0,16.0,1.0,0.4,0.3,-57.0,-57.0,-57.0,-57.0,1.0,0.0,16.0,1.0,0.4,0.3,47.8,47.8,47.8,47.8,1.0,0.0,16.0,1.0,0.4,0.3,-39.1,-39.1,-39.1,-39.1,1.0,0.0,16.0,1.0,0.4,0.3,32.8,32.8,32.8,32.8,1.0,0.0,16.0,1.0,0.4,0.3,-6.5,-6.5,-6.5,-6.5,1.0,0.0,16.0,1.0,0.4,0.3,5.4,5.4,5.4,5.4,1.0,0.0,16.0,1.0,0.4,0.3,30.0,30.0,30.0,30.0,1.0,0.0,16.0,1.0,0.4,0.3,30.0,30.0,30.0,30.0,1.0,0.0,16.0,1.0,0.4,0.3
1974,2,357.0,-15.0,25.0,25.0,25.0,25.0,1.0,0.0,14.0,1.0,0.7,0.7,26.2,26.2,26.2,26.2,1.0,0.0,14.0,1.0,0.7,0.7,17.62,17.62,17.62,17.62,1.0,0.0,14.0,1.0,0.7,0.7,83.1,83.1,83.1,83.1,1.0,0.0,14.0,1.0,0.7,4.6,4.6,4.6,4.6,1.0,0.0,14.0,1.0,0.7,0.7,-1.57,-1.57,-1.57,-1.57,1.0,0.0,14.0,1.0,0.7,0.7,4.32,4.32,4.32,4.32,1.0,0.0,14.0,1.0,0.7,0.7,1013.0,1013.0,1013.0,1013.0,1.0,0.0,14.0,1.0,0.7,0.7,1.0,1.0,1.0,1.0,1.0,0.0,14.0,1.0,0.7,0.7,-7.2,-7.2,-7.2,-7.2,1.0,0.0,14.0,1.0,0.7,0.7,19.9,19.9,19.9,19.9,1.0,0.0,14.0,1.0,0.7,0.7,-1.2,-1.2,-1.2,-1.2,1.0,0.0,14.0,1.0,0.7,0.7,-5.5,-5.5,-5.5,-5.5,1.0,0.0,14.0,1.0,0.7,0.7,2.16,2.16,2.16,2.16,1.0,0.0,14.0,1.0,0.7,0.7,9.9,9.9,9.9,9.9,1.0,0.0,14.0,1.0,0.7,0.7,-41.2,-41.2,-41.2,-41.2,1.0,0.0,14.0,1.0,0.7,0.7,113.3,113.3,113.3,113.3,1.0,0.0,14.0,1.0,0.7,0.7,-27.7,-27.7,-27.7,-27.7,1.0,0.0,14.0,1.0,0.7,0.7,76.2,76.2,76.2,76.2,1.0,0.0,14.0,1.0,0.7,0.7,-3.4,-3.4,-3.4,-3.4,1.0,0.0,14.0,1.0,0.7,0.7,9.3,9.3,9.3,9.3,1.0,0.0,14.0,1.0,0.7,0.7,97.5,97.5,97.5,97.5,1.0,0.0,14.0,1.0,0.7,0.7,95.0,95.0,95.0,95.0,1.0,0.0,14.0,1.0,0.7,0.7
1974,2,357.0,-14.0,26.0,26.0,26.0,26.0,1.0,0.0,8.0,0.0,1.0,1.0,24.0,24.0,24.0,24.0,1.0,0.0,8.0,0.0,1.0,1.0,15.7,15.7,15.7,15.7,1.0,0.0,8.0,0.0,1.0,1.0,84.4,84.4,84.4,84.4,1.0,0.0,8.0,0.0,1.0,3.1,3.1,3.1,3.1,1.0,0.0,8.0,0.0,1.0,1.0,-1.99,-1.99,-1.99,-1.99,1.0,0.0,8.0,0.0,1.0,1.0,2.37,2.37,2.37,2.37,1.0,0.0,8.0,0.0,1.0,1.0,1011.0,1011.0,1011.0,1011.0,1.0,0.0,8.0,0.0,1.0,1.0,2.0,2.0,2.0,2.0,1.0,0.0,8.0,0.0,1.0,1.0,-6.2,-6.2,-6.2,-6.2,1.0,0.0,8.0,0.0,1.0,1.0,7.4,7.4,7.4,7.4,1.0,0.0,8.0,0.0,1.0,1.0,2.0,2.0,2.0,2.0,1.0,0.0,8.0,0.0,1.0,1.0,6.2,6.2,6.2,6.2,1.0,0.0,8.0,0.0,1.0,1.0,5.34,5.34,5.34,5.34,1.0,0.0,8.0,0.0,1.0,1.0,16.6,16.6,16.6,16.6,1.0,0.0,8.0,0.0,1.0,1.0,-47.8,-47.8,-47.8,-47.8,1.0,0.0,8.0,0.0,1.0,1.0,57.0,57.0,57.0,57.0,1.0,0.0,8.0,0.0,1.0,1.0,-31.3,-31.3,-31.3,-31.3,1.0,0.0,8.0,0.0,1.0,1.0,37.3,37.3,37.3,37.3,1.0,0.0,8.0,0.0,1.0,1.0,-10.6,-10.6,-10.6,-10.6,1.0,0.0,8.0,0.0,1.0,1.0,12.7,12.7,12.7,12.7,1.0,0.0,8.0,0.0,1.0,1.0,30.0,30.0,30.0,30.0,1.0,0.0,8.0,0.0,1.0,1.0,30.0,30.0,30.0,30.0,1.0,0.0,8.0,0.0,1.0,1.0
1974,2,357.0,-12.0,26.0,27.0,28.0,26.93,7.0,0.88,16.0,1.0,0.8,0.7,24.07,24.95,26.68,25.63,8.0,2.08,16.0,0.9,0.7,0.7,14.96,15.07,15.18,15.07,2.0,0.23,12.0,1.0,0.7,0.9,74.0,77.0,87.2,80.5,3.0,10.1,16.0,1.0,0.8,6.02,6.45,7.0,6.39,8.0,1.66,14.0,0.9,0.8,0.7,-4.44,-2.81,-1.25,-3.0,8.0,1.71,14.0,0.9,0.8,0.7,4.82,5.87,6.54,5.46,8.0,1.44,14.0,0.9,0.8,0.7,1010.63,1011.8,1013.38,1011.73,8.0,1.62,14.0,0.9,0.8,0.7,2.0,5.0,7.7,4.8,9.0,2.8,16.0,0.9,0.7,0.7,-30.7,-18.8,-6.4,-20.7,8.0,16.0,14.0,0.9,0.8,0.7,30.1,36.8,44.0,36.8,8.0,15.5,14.0,0.9,0.8,0.7,-0.26,1.7,3.14,1.18,6.0,2.4,18.0,1.0,0.8,0.7,-6.1,7.2,13.1,3.5,5.0,15.7,16.0,1.0,0.9,0.6,6.34,6.34,6.34,6.34,1.0,0.0,14.0,1.0,0.6,0.9,42.5,42.5,42.5,42.5,1.0,0.0,14.0,1.0,0.6,0.9,-136.0,-52.2,-29.8,-75.9,7.0,47.8,16.0,0.9,0.8,0.7,115.8,158.4,164.3,139.0,7.0,40.0,16.0,0.9,0.8,0.7,-53.8,-39.0,-24.2,-39.0,2.0,30.7,12.0,1.0,0.7,0.9,76.5,85.3,94.2,85.3,2.0,18.4,12.0,1.0,0.7,0.9,-7.4,-7.4,-7.4,-7.4,1.0,0.0,14.0,1.0,0.6,0.9,41.8,41.8,41.8,41.8,1.0,0.0,14.0,1.0,0.6,0.9,218.5,269.5,343.0,304.5,8.0,199.0,14.0,0.9,0.8,0.7,220.0,270.0,345.0,305.0,8.0,200.0,14.0,0.9,0.8,0.7
1974,2,357.0,-11.0,25.74,26.8,27.13,26.53,37.0,0.99,14.0,0.8,0.7,0.6,25.18,26.3,28.0,26.58,44.0,1.48,14.0,0.7,0.6,0.7,14.51,16.1,17.1,16.08,25.0,1.96,14.0,0.7,0.7,0.7,66.8,72.9,84.5,75.1,26.0,9.2,14.0,0.7,0.7,2.6,5.1,7.17,4.97,46.0,2.17,14.0,0.7,0.7,0.7,-3.97,-3.31,-1.97,-3.1,46.0,1.45,14.0,0.7,0.7,0.7,1.5,3.44,6.18,3.67,46.0,2.08,14.0,0.7,0.7,0.7,1008.58,1011.0,1013.21,1011.06,44.0,2.27,14.0,0.7,0.7,0.7,1.1,3.0,5.0,3.2,46.0,1.9,14.0,0.7,0.7,0.7,-27.8,-16.5,-4.5,-17.8,46.0,12.7,14.0,0.7,0.7,0.7,4.4,18.0,44.9,22.3,46.0,19.3,14.0,0.7,0.7,0.7,-2.0,0.2,1.5,-0.03,35.0,1.89,14.0,0.7,0.7,0.7,-8.2,0.4,7.5,-1.1,35.0,10.1,14.0,0.7,0.7,0.7,4.47,5.92,7.82,5.97,21.0,1.53,14.0,0.7,0.8,0.7,18.7,28.8,40.8,29.1,21.0,11.3,14.0,0.7,0.8,0.7,-108.1,-85.2,-47.7,-80.9,43.0,39.8,14.0,0.7,0.6,0.7,40.6,95.7,158.2,99.3,43.0,57.2,14.0,0.7,0.6,0.7,-68.5,-49.7,-32.8,-50.6,25.0,21.8,14.0,0.7,0.7,0.7,35.1,59.2,97.9,65.6,25.0,32.0,14.0,0.7,0.7,0.7,-27.5,-18.5,-12.0,-18.1,21.0,8.6,14.0,0.7,0.8,0.7,14.4,22.0,32.8,21.8,21.0,9.7,14.0,0.7,0.8,0.7,17.5,132.5,369.0,191.0,46.0,202.5,14.0,0.7,0.7,0.7,20.0,135.0,370.0,190.0,46.0,205.0,14.0,0.7,0.7,0.7
1974,2,357.0,-10.0,25.6,26.7,27.95,26.67,105.0,1.17,16.0,0.5,0.6,0.6,25.1,26.0,28.2,26.4,112.0,1.52,16.0,0.5,0.6,0.6,15.07,16.14,17.55,16.38,85.0,1.54,14.0,0.4,0.6,0.6,70.0,77.5,84.3,77.3,87.0,7.4,16.0,0.4,0.7,2.6,4.6,6.55,4.58,110.0,1.92,16.0,0.5,0.6,0.6,-3.98,-2.71,-1.17,-2.65,110.0,1.63,16.0,0.5,0.6,0.6,1.56,3.38,5.13,3.43,110.0,1.81,16.0,0.5,0.6,0.6,1009.1,1010.9,1013.04,1011.08,112.0,2.01,16.0,0.5,0.6,0.6,1.0,3.0,6.0,3.3,112.0,2.2,16.0,0.5,0.6,0.6,-24.1,-12.9,-3.7,-14.4,110.0,13.1,16.0,0.5,0.6,0.6,4.3,16.2,33.7,18.8,110.0,15.8,16.0,0.5,0.6,0.6,-1.0,0.5,1.5,0.33,103.0,1.7,16.0,0.5,0.6,0.6,-5.8,1.8,6.5,0.3,99.0,8.2,16.0,0.5,0.6,0.6,4.23,5.71,6.96,5.57,79.0,1.56,14.0,0.4,0.6,0.6,12.1,22.7,32.4,22.7,76.0,10.5,14.0,0.4,0.6,0.7,-106.3,-73.0,-29.8,-70.7,108.0,44.6,16.0,0.5,0.6,0.6,41.8,89.2,134.5,90.6,108.0,50.0,16.0,0.5,0.6,0.6,-64.0,-42.1,-17.2,-39.2,82.0,23.8,14.0,0.5,0.6,0.7,25.1,53.0,76.2,50.6,82.0,26.9,14.0,0.5,0.6,0.7,-21.3,-13.4,-4.2,-13.3,76.0,9.5,14.0,0.4,0.6,0.7,7.3,15.2,23.9,16.4,76.0,9.7,14.0,0.4,0.6,0.7,17.5,97.5,282.0,148.0,110.0,177.0,16.0,0.5,0.6,0.6,20.0,95.0,280.0,150.0,110.0,175.0,16.0,0.5,0.6,0.6
1974,2,357.0,-9.0,25.89,26.7,27.52,26.68,57.0,0.93,16.0,0.6,0.4,0.4,25.21,26.0,28.29,26.53,58.0,1.34,14.0,0.6,0.4,0.5,15.35,16.18,17.33,16.29,52.0,1.19,16.0,0.6,0.4,0.5,70.8,76.4,81.0,76.1,53.0,6.6,16.0,0.6,0.5,2.96,5.0,6.7,4.86,56.0,1.75,14.0,0.6,0.4,0.5,-3.98,-2.59,-1.3,-2.64,56.0,1.58,14.0,0.6,0.4,0.5,2.28,3.87,5.2,3.83,56.0,1.6,14.0,0.6,0.4,0.5,1008.99,1011.0,1012.73,1010.97,57.0,2.05,14.0,0.6,0.4,0.5,2.0,3.0,6.0,3.5,58.0,2.1,14.0,0.6,0.4,0.5,-24.6,-13.0,-4.1,-14.5,56.0,11.3,14.0,0.6,0.4,0.5,7.2,19.2,33.4,20.9,56.0,15.8,14.0,0.6,0.4,0.5,-1.21,0.5,1.5,0.16,57.0,1.5,16.0,0.6,0.4,0.4,-6.0,2.3,7.3,0.4,55.0,8.2,14.0,0.6,0.4,0.5,4.63,5.87,6.81,5.69,52.0,1.36,16.0,0.6,0.4,0.5,15.3,26.2,39.4,27.0,50.0,11.8,14.0,0.6,0.4,0.5,-107.7,-66.2,-34.1,-69.9,56.0,42.2,14.0,0.6,0.4,0.5,59.6,100.8,145.6,101.5,56.0,43.5,14.0,0.6,0.4,0.5,-70.9,-44.9,-21.4,-43.9,50.0,26.1,14.0,0.6,0.4,0.5,37.6,60.5,82.7,59.2,50.0,21.1,14.0,0.6,0.4,0.5,-24.4,-13.0,-6.5,-15.3,50.0,10.3,14.0,0.6,0.4,0.5,11.7,21.0,29.2,20.9,50.0,9.8,14.0,0.6,0.4,0.5,26.5,125.0,301.0,158.5,56.0,161.5,14.0,0.6,0.4,0.5,25.0,125.0,300.0,160.0,56.0,160.0,14.0,0.6,0.4,0.5
1974,2,357.0,-8.0,26.14,26.45,27.0,26.54,10.0,0.77,12.0,0.6,0.4,0.3,25.3,26.2,27.03,26.29,10.0,0.95,12.0,0.6,0.4,0.3,15.33,16.13,16.69,16.2,8.0,0.96,14.0,0.5,0.3,0.2,72.7,76.1,77.4,76.8,8.0,6.4,14.0,0.5,0.2,4.6,5.1,7.65,5.61,9.0,1.63,14.0,0.6,0.3,0.3,-3.88,-2.96,-2.3,-2.76,9.0,1.27,14.0,0.6,0.3,0.3,3.63,3.98,6.57,4.7,9.0,1.74,14.0,0.6,0.3,0.3,1010.3,1011.05,1014.23,1011.58,10.0,2.93,12.0,0.6,0.4,0.3,1.4,2.5,3.6,2.5,10.0,1.4,12.0,0.6,0.4,0.3,-25.6,-13.6,-8.9,-15.4,9.0,10.3,14.0,0.6,0.3,0.3,16.8,19.9,51.8,28.8,9.0,19.5,14.0,0.6,0.3,0.3,-0.43,0.05,1.06,0.25,10.0,0.72,12.0,0.6,0.4,0.3,-2.5,0.0,4.6,0.6,9.0,3.4,14.0,0.6,0.3,0.3,4.25,5.58,6.19,5.25,8.0,1.12,14.0,0.5,0.3,0.2,22.6,26.2,29.8,28.0,8.0,10.9,14.0,0.5,0.3,0.2,-101.9,-79.2,-57.6,-72.2,9.0,33.6,14.0,0.6,0.3,0.3,95.8,105.2,170.4,124.4,9.0,49.1,14.0,0.6,0.3,0.3,-61.5,-50.1,-38.4,-50.0,8.0,11.5,14.0,0.5,0.3,0.2,59.1,65.1,80.0,69.1,8.0,19.3,14.0,0.5,0.3,0.2,-19.1,-16.8,-12.2,-16.4,8.0,5.6,14.0,0.5,0.3,0.2,17.4,20.9,22.8,22.6,8.0,9.7,14.0,0.5,0.3,0.2,97.5,132.5,455.0,218.5,9.0,191.0,14.0,0.6,0.3,0.3,95.0,135.0,455.0,220.0,9.0,190.0,14.0,0.6,0.3,0.3
1974,2,357.0,-7.0,26.43,27.1,27.76,27.16,9.0,0.89,12.0,0.4,0.8,0.6,26.36,27.1,28.0,27.16,9.0,0.97,12.0,0.4,0.8,0.6,16.85,17.76,18.89,17.87,4.0,1.45,18.0,0.5,0.8,0.4,75.2,82.0,88.5,81.9,4.0,7.7,18.0,0.5,0.4,3.14,5.0,5.92,4.62,9.0,1.57,12.0,0.4,0.8,0.6,-3.21,-2.85,-1.26,-2.51,9.0,1.04,12.0,0.4,0.8,0.6,2.73,3.83,4.89,3.83,9.0,1.36,12.0,0.4,0.8,0.6,1008.34,1009.4,1010.92,1009.47,9.0,1.5,12.0,0.4,0.8,0.6,0.3,5.0,6.0,3.9,8.0,2.6,12.0,0.5,0.8,0.7,-16.2,-13.6,-5.0,-12.8,9.0,7.2,12.0,0.4,0.8,0.6,9.0,19.2,29.1,19.5,9.0,10.5,12.0,0.4,0.8,0.6,-1.17,0.1,0.89,0.0,9.0,1.35,12.0,0.4,0.8,0.6,-6.2,0.5,3.4,-1.5,9.0,5.2,12.0,0.4,0.8,0.6,3.44,5.81,6.79,5.14,4.0,2.67,18.0,0.5,0.8,0.4,8.1,12.0,25.6,16.7,4.0,12.7,18.0,0.5,0.8,0.4,-88.4,-77.2,-32.6,-69.0,9.0,29.7,12.0,0.4,0.8,0.6,73.4,106.1,133.6,104.6,9.0,38.0,12.0,0.4,0.8,0.6,-54.2,-34.6,-15.8,-35.0,4.0,22.1,18.0,0.5,0.8,0.4,29.7,50.7,80.5,54.9,4.0,33.0,18.0,0.5,0.8,0.4,-14.4,-5.4,-4.5,-9.3,4.0,8.8,18.0,0.5,0.8,0.4,6.6,10.5,20.9,13.6,4.0,9.5,18.0,0.5,0.8,0.4,39.0,125.0,207.5,126.0,9.0,80.5,12.0,0.4,0.8,0.6,40.0,125.0,210.0,125.0,9.0,80.0,12.0,0.4,0.8,0.6
1974,2,357.0,-6.0,25.81,27.9,28.99,27.36,14.0,1.52,16.0,0.2,0.5,0.4,26.02,26.5,27.99,27.01,14.0,1.21,16.0,0.1,0.5,0.5,15.98,17.57,19.57,17.77,4.0,2.21,16.0,0.0,0.6,0.5,74.2,82.3,91.4,82.8,4.0,10.2,16.0,0.0,0.5,2.9,4.0,5.25,4.33,12.0,1.51,18.0,0.3,0.4,0.5,-2.97,-2.02,-0.66,-1.86,12.0,1.1,18.0,0.3,0.4,0.5,2.59,3.49,4.83,3.78,12.0,1.44,18.0,0.3,0.4,0.5,1008.0,1011.1,1014.17,1010.97,15.0,3.13,16.0,0.2,0.5,0.5,0.0,1.5,4.5,2.3,12.0,2.5,16.0,0.3,0.5,0.5,-14.7,-8.5,-1.7,-9.1,12.0,6.8,18.0,0.3,0.4,0.5,8.4,14.2,25.4,18.3,12.0,14.9,18.0,0.3,0.4,0.5,-2.06,1.0,1.53,0.23,13.0,1.72,16.0,0.2,0.5,0.5,-4.4,4.8,6.3,1.8,11.0,6.4,18.0,0.2,0.4,0.5,3.37,4.45,6.33,4.83,4.0,2.25,16.0,0.0,0.6,0.5,10.7,11.6,24.7,17.5,4.0,12.6,16.0,0.0,0.6,0.5,-78.4,-53.3,-32.1,-55.5,11.0,26.9,18.0,0.2,0.4,0.5,69.7,92.3,133.7,105.1,11.0,42.0,18.0,0.2,0.4,0.5,-42.1,-28.2,-8.7,-25.5,4.0,20.6,16.0,0.0,0.6,0.5,46.3,52.2,60.6,53.4,4.0,9.7,16.0,0.0,0.6,0.5,-14.7,-4.6,-1.9,-8.2,4.0,10.4,16.0,0.0,0.6,0.5,10.0,11.2,19.9,14.8,4.0,8.8,16.0,0.0,0.6,0.5,24.5,64.0,148.0,111.5,12.0,137.5,18.0,0.3,0.4,0.5,25.0,65.0,150.0,110.0,12.0,135.0,18.0,0.3,0.4,0.5
1974,2,357.0,-5.0,,,,,,,,,,,,,,,,,,,,,,,,,,,,,,,,,,,,,,,,1.95,5.05,6.52,4.27,4.0,3.09,18.0,0.5,0.4,0.4,-0.88,-0.36,0.0,-0.44,4.0,0.52,18.0,0.5,0.4,0.4,1.92,4.97,6.48,4.24,4.0,3.08,18.0,0.5,0.4,0.4,1010.16,1011.15,1012.14,1011.15,2.0,2.05,18.0,0.0,0.4,0.3,,,,,,,,,,,,,,,,,,,,,,,,,,,,,,,,,,,,,,,,,,,,,,,,,,,,,,,,,,,,,,,,,,,,,,,,,,,,,,,,,,,,,,,,,,,,,,,,,,,,,,,,,,,,,,,,,,,,,,,,,,,,,,,,,,,,,,,,,,,,,,,,,,,,,,
1974,2,357.0,-4.0,26.74,27.25,27.76,27.25,2.0,1.06,16.0,0.5,0.6,0.7,24.4,25.05,25.7,25.05,2.0,1.34,16.0,0.5,0.6,0.7,15.51,15.51,15.51,15.51,1.0,0.0,4.0,1.0,0.4,0.9,73.9,73.9,73.9,73.9,1.0,0.0,4.0,1.0,0.9,6.11,6.35,6.59,6.35,2.0,0.49,16.0,0.5,0.6,0.7,-5.77,-4.65,-3.52,-4.65,2.0,2.33,16.0,0.5,0.6,0.7,2.75,3.74,4.74,3.74,2.0,2.05,16.0,0.5,0.6,0.7,1010.9,1010.9,1010.9,1010.9,1.0,0.0,4.0,1.0,0.4,0.9,4.0,4.0,4.0,4.0,1.0,0.0,4.0,1.0,0.4,0.9,-38.3,-30.1,-21.8,-30.1,2.0,17.1,16.0,0.5,0.6,0.7,17.9,23.3,28.7,23.3,2.0,11.2,16.0,0.5,0.6,0.7,1.04,2.2,3.36,2.2,2.0,2.4,16.0,0.5,0.6,0.7,6.5,13.4,20.2,13.4,2.0,14.2,16.0,0.5,0.6,0.7,6.18,6.18,6.18,6.18,1.0,0.0,4.0,1.0,0.4,0.9,41.4,41.4,41.4,41.4,1.0,0.0,4.0,1.0,0.4,0.9,-149.2,-118.0,-86.8,-118.0,2.0,64.6,16.0,0.5,0.6,0.7,70.0,92.4,114.8,92.4,2.0,46.4,16.0,0.5,0.6,0.7,-97.7,-97.7,-97.7,-97.7,1.0,0.0,4.0,1.0,0.4,0.9,35.5,35.5,35.5,35.5,1.0,0.0,4.0,1.0,0.4,0.9,-38.9,-38.9,-38.9,-38.9,1.0,0.0,4.0,1.0,0.4,0.9,14.2,14.2,14.2,14.2,1.0,0.0,4.0,1.0,0.4,0.9,229.5,258.5,287.5,258.5,2.0,60.0,16.0,0.5,0.6,0.7,230.0,260.0,285.0,260.0,2.0,60.0,16.0,0.5,0.6,0.7
1974,2,357.0,-3.0,26.9,26.9,26.9,26.9,1.0,0.0,28.0,0.0,0.5,0.9,27.6,27.6,27.6,27.6,1.0,0.0,28.0,0.0,0.5,0.9,17.87,17.87,17.87,17.87,1.0,0.0,28.0,0.0,0.5,0.9,77.4,77.4,77.4,77.4,1.0,0.0,28.0,0.0,0.9,6.7,6.7,6.7,6.7,1.0,0.0,28.0,0.0,0.5,0.9,0.0,0.0,0.0,0.0,1.0,0.0,28.0,0.0,0.5,0.9,6.7,6.7,6.7,6.7,1.0,0.0,28.0,0.0,0.5,0.9,1011.0,1011.0,1011.0,1011.0,1.0,0.0,28.0,0.0,0.5,0.9,2.0,2.0,2.0,2.0,1.0,0.0,28.0,0.0,0.5,0.9,0.0,0.0,0.0,0.0,1.0,0.0,28.0,0.0,0.5,0.9,44.9,44.9,44.9,44.9,1.0,0.0,28.0,0.0,0.5,0.9,-0.7,-0.7,-0.7,-0.7,1.0,0.0,28.0,0.0,0.5,0.9,-4.7,-4.7,-4.7,-4.7,1.0,0.0,28.0,0.0,0.5,0.9,4.34,4.34,4.34,4.34,1.0,0.0,28.0,0.0,0.5,0.9,29.1,29.1,29.1,29.1,1.0,0.0,28.0,0.0,0.5,0.9,0.0,0.0,0.0,0.0,1.0,0.0,28.0,0.0,0.5,0.9,184.9,184.9,184.9,184.9,1.0,0.0,28.0,0.0,0.5,0.9,0.0,0.0,0.0,0.0,1.0,0.0,28.0,0.0,0.5,0.9,119.7,119.7,119.7,119.7,1.0,0.0,28.0,0.0,0.5,0.9,0.0,0.0,0.0,0.0,1.0,0.0,28.0,0.0,0.5,0.9,29.1,29.1,29.1,29.1,1.0,0.0,28.0,0.0,0.5,0.9,301.0,301.0,301.0,301.0,1.0,0.0,28.0,0.0,0.5,0.9,300.0,300.0,300.0,300.0,1.0,0.0,28.0,0.0,0.5,0.9
1974,2,357.0,-2.0,29.0,29.0,29.0,29.0,1.0,0.0,8.0,0.0,0.2,1.0,24.5,24.5,24.5,24.5,1.0,0.0,8.0,0.0,0.2,1.0,15.53,15.53,15.53,15.53,1.0,0.0,8.0,0.0,0.2,1.0,80.9,80.9,80.9,80.9,1.0,0.0,8.0,0.0,1.0,5.1,5.1,5.1,5.1,1.0,0.0,8.0,0.0,0.2,1.0,-3.28,-3.28,-3.28,-3.28,1.0,0.0,8.0,0.0,0.2,1.0,3.91,3.91,3.91,3.91,1.0,0.0,8.0,0.0,0.2,1.0,1009.5,1009.5,1009.5,1009.5,1.0,0.0,8.0,0.0,0.2,1.0,3.0,3.0,3.0,3.0,1.0,0.0,8.0,0.0,0.2,1.0,-16.7,-16.7,-16.7,-16.7,1.0,0.0,8.0,0.0,0.2,1.0,19.9,19.9,19.9,19.9,1.0,0.0,8.0,0.0,0.2,1.0,4.5,4.5,4.5,4.5,1.0,0.0,8.0,0.0,0.2,1.0,23.0,23.0,23.0,23.0,1.0,0.0,8.0,0.0,0.2,1.0,9.66,9.66,9.66,9.66,1.0,0.0,8.0,0.0,0.2,1.0,49.3,49.3,49.3,49.3,1.0,0.0,8.0,0.0,0.2,1.0,-80.3,-80.3,-80.3,-80.3,1.0,0.0,8.0,0.0,0.2,1.0,95.7,95.7,95.7,95.7,1.0,0.0,8.0,0.0,0.2,1.0,-50.9,-50.9,-50.9,-50.9,1.0,0.0,8.0,0.0,0.2,1.0,60.7,60.7,60.7,60.7,1.0,0.0,8.0,0.0,0.2,1.0,-31.7,-31.7,-31.7,-31.7,1.0,0.0,8.0,0.0,0.2,1.0,37.7,37.7,37.7,37.7,1.0,0.0,8.0,0.0,0.2,1.0,132.5,132.5,132.5,132.5,1.0,0.0,8.0,0.0,0.2,1.0,135.0,135.0,135.0,135.0,1.0,0.0,8.0,0.0,0.2,1.0
1974,2,357.0,-1.0,27.28,27.75,28.52,27.85,6.0,0.78,10.0,0.7,0.7,0.4,26.95,27.2,27.83,27.3,7.0,0.75,12.0,0.6,0.7,0.4,17.86,18.76,19.18,18.67,6.0,0.77,10.0,0.7,0.7,0.4,80.2,82.0,83.1,81.9,6.0,1.7,10.0,0.7,0.4,3.0,3.1,3.91,3.43,6.0,0.88,10.0,0.7,0.7,0.4,-1.95,-1.31,0.58,-0.91,6.0,1.39,10.0,0.7,0.7,0.4,2.66,2.91,3.39,3.1,6.0,0.67,10.0,0.7,0.7,0.4,1009.38,1010.0,1010.53,1009.73,7.0,1.36,12.0,0.6,0.7,0.4,1.0,3.0,7.0,4.1,7.0,2.9,12.0,0.6,0.7,0.4,-7.8,-4.0,1.6,-3.9,6.0,5.8,10.0,0.7,0.7,0.4,8.0,9.0,13.6,11.1,6.0,5.8,10.0,0.7,0.7,0.4,-0.52,0.5,1.58,0.5,6.0,1.18,10.0,0.7,0.7,0.4,-1.6,1.2,6.3,1.9,6.0,4.3,10.0,0.7,0.7,0.4,3.77,4.58,5.99,4.89,6.0,1.48,10.0,0.7,0.7,0.4,11.7,14.4,23.5,16.8,6.0,6.5,10.0,0.7,0.7,0.4,-53.1,-36.4,15.8,-24.5,6.0,37.5,10.0,0.7,0.7,0.4,74.9,80.0,92.0,84.5,6.0,15.8,10.0,0.7,0.7,0.4,-36.5,-24.9,10.8,-16.8,6.0,25.7,10.0,0.7,0.7,0.4,51.2,54.0,63.2,57.6,6.0,10.9,10.0,0.7,0.7,0.4,-8.9,-6.5,2.8,-4.7,6.0,6.5,10.0,0.7,0.7,0.4,10.3,13.3,21.6,15.2,6.0,5.7,10.0,0.7,0.7,0.4,27.5,30.0,64.5,47.5,6.0,42.5,10.0,0.7,0.7,0.4,25.0,30.0,65.0,50.0,6.0,45.0,10.0,0.7,0.7,0.4
1974,2,357.0,0.0,27.86,28.0,28.07,27.97,3.0,0.15,26.0,0.0,0.7,0.6,27.2,27.4,28.15,27.67,3.0,0.74,26.0,0.0,0.7,0.6,17.51,18.18,19.32,18.41,3.0,1.34,26.0,0.0,0.7,0.6,77.3,81.2,81.3,79.4,3.0,3.3,26.0,0.0,0.6,3.59,4.65,5.71,4.65,2.0,2.19,28.0,0.0,0.8,0.5,0.85,2.68,4.52,2.68,2.0,3.8,28.0,0.0,0.8,0.5,3.1,3.1,3.1,3.1,2.0,0.0,28.0,0.0,0.8,0.5,1010.33,1011.9,1012.45,1011.4,3.0,1.61,26.0,0.0,0.7,0.6,3.6,5.0,5.7,4.7,3.0,1.5,26.0,0.0,0.7,0.6,5.3,16.6,28.0,16.6,2.0,23.5,28.0,0.0,0.8,0.5,11.1,14.4,17.7,14.4,2.0,6.8,28.0,0.0,0.8,0.5,-0.12,0.7,0.7,0.3,3.0,0.69,26.0,0.0,0.7,0.6,2.5,3.3,4.0,3.3,2.0,1.5,28.0,0.0,0.8,0.5,4.32,5.23,6.17,5.25,3.0,1.36,26.0,0.0,0.7,0.6,22.4,26.5,30.5,26.5,2.0,8.4,28.0,0.0,0.8,0.5,23.1,72.8,122.4,72.8,2.0,102.9,28.0,0.0,0.8,0.5,84.2,84.5,84.8,84.5,2.0,0.7,28.0,0.0,0.8,0.5,15.5,48.8,82.1,48.8,2.0,69.0,28.0,0.0,0.8,0.5,53.8,54.8,55.9,54.8,2.0,2.2,28.0,0.0,0.8,0.5,4.5,14.0,23.6,14.0,2.0,19.8,28.0,0.0,0.8,0.5,16.9,18.4,19.8,18.4,2.0,3.0,28.0,0.0,0.8,0.5,63.0,134.0,205.0,134.0,2.0,147.5,28.0,0.0,0.8,0.5,65.0,135.0,205.0,135.0,2.0,145.0,28.0,0.0,0.8,0.5
1974,2,357.0,1.0,28.68,29.0,29.37,29.04,5.0,0.61,8.0,0.2,0.8,0.3,26.12,26.85,28.05,27.08,4.0,1.42,6.0,0.3,0.8,0.3,17.71,18.36,21.04,19.33,4.0,2.66,6.0,0.3,0.8,0.3,81.3,85.9,90.3,85.8,4.0,5.6,6.0,0.3,0.3,0.0,1.5,3.12,1.78,6.0,1.93,6.0,0.2,0.8,0.3,-0.07,0.0,1.11,0.42,6.0,0.87,6.0,0.2,0.8,0.3,0.0,1.34,2.6,1.61,6.0,1.86,6.0,0.2,0.8,0.3,1008.94,1010.4,1012.79,1010.66,5.0,2.43,4.0,0.2,0.8,0.3,2.5,6.0,8.0,5.2,5.0,3.3,8.0,0.2,0.8,0.3,-0.1,0.0,4.7,1.5,6.0,2.6,6.0,0.2,0.8,0.3,0.0,2.5,8.7,5.8,6.0,9.9,6.0,0.2,0.8,0.3,0.71,1.8,3.26,1.98,4.0,1.86,6.0,0.3,0.8,0.3,-0.3,1.0,6.9,3.2,4.0,5.6,6.0,0.3,0.8,0.3,4.06,6.65,7.74,5.94,4.0,2.87,6.0,0.3,0.8,0.3,3.1,8.0,16.2,9.6,4.0,9.4,6.0,0.3,0.8,0.3,0.0,12.8,38.9,19.2,4.0,24.4,6.0,0.3,0.8,0.3,12.9,34.9,96.7,53.9,4.0,63.7,6.0,0.3,0.8,0.3,0.0,10.3,28.7,14.2,4.0,17.5,6.0,0.3,0.8,0.3,8.9,24.4,75.6,41.4,4.0,51.8,6.0,0.3,0.8,0.3,0.0,0.8,9.7,4.7,4.0,8.3,6.0,0.3,0.8,0.3,3.1,7.9,12.0,7.5,4.0,6.0,6.0,0.3,0.8,0.3,0.0,4.5,41.5,26.5,6.0,52.5,6.0,0.2,0.8,0.3,0.0,5.0,40.0,25.0,6.0,50.0,6.0,0.2,0.8,0.3
1974,2,357.0,2.0,28.4,28.4,28.4,28.4,1.0,0.0,4.0,1.0,0.6,0.4,28.0,28.0,28.0,28.0,1.0,0.0,4.0,1.0,0.6,0.4,18.58,18.58,18.58,18.58,1.0,0.0,4.0,1.0,0.6,0.4,78.4,78.4,78.4,78.4,1.0,0.0,4.0,1.0,0.4,2.6,2.6,2.6,2.6,1.0,0.0,4.0,1.0,0.6,0.4,-1.99,-1.99,-1.99,-1.99,1.0,0.0,4.0,1.0,0.6,0.4,1.67,1.67,1.67,1.67,1.0,0.0,4.0,1.0,0.6,0.4,1008.4,1008.4,1008.4,1008.4,1.0,0.0,4.0,1.0,0.6,0.4,7.0,7.0,7.0,7.0,1.0,0.0,4.0,1.0,0.6,0.4,-5.2,-5.2,-5.2,-5.2,1.0,0.0,4.0,1.0,0.6,0.4,4.3,4.3,4.3,4.3,1.0,0.0,4.0,1.0,0.6,0.4,0.4,0.4,0.4,0.4,1.0,0.0,4.0,1.0,0.6,0.4,1.0,1.0,1.0,1.0,1.0,0.0,4.0,1.0,0.6,0.4,5.76,5.76,5.76,5.76,1.0,0.0,4.0,1.0,0.6,0.4,15.0,15.0,15.0,15.0,1.0,0.0,4.0,1.0,0.6,0.4,-55.8,-55.8,-55.8,-55.8,1.0,0.0,4.0,1.0,0.6,0.4,46.8,46.8,46.8,46.8,1.0,0.0,4.0,1.0,0.6,0.4,-37.0,-37.0,-37.0,-37.0,1.0,0.0,4.0,1.0,0.6,0.4,31.1,31.1,31.1,31.1,1.0,0.0,4.0,1.0,0.6,0.4,-11.5,-11.5,-11.5,-11.5,1.0,0.0,4.0,1.0,0.6,0.4,9.6,9.6,9.6,9.6,1.0,0.0,4.0,1.0,0.6,0.4,17.5,17.5,17.5,17.5,1.0,0.0,4.0,1.0,0.6,0.4,20.0,20.0,20.0,20.0,1.0,0.0,4.0,1.0,0.6,0.4
1974,2,357.0,3.0,28.56,29.45,30.29,29.43,4.0,1.31,10.0,0.8,0.7,0.5,28.0,28.0,28.0,28.0,3.0,0.0,14.0,0.7,0.7,0.5,19.0,19.77,19.85,19.43,3.0,0.68,14.0,0.7,0.7,0.5,80.1,83.8,83.8,82.0,3.0,3.1,14.0,0.7,0.5,4.26,4.6,4.94,4.6,2.0,0.71,16.0,1.0,1.0,0.4,0.7,2.21,3.72,2.21,2.0,3.12,16.0,1.0,1.0,0.4,2.8,3.33,3.85,3.33,2.0,1.1,16.0,1.0,1.0,0.4,1006.05,1009.2,1012.41,1009.23,4.0,3.84,10.0,0.8,0.7,0.5,6.5,7.5,8.0,7.3,4.0,1.0,10.0,0.8,0.7,0.5,3.6,11.3,19.0,11.3,2.0,15.9,16.0,1.0,1.0,0.4,13.6,14.9,16.2,14.9,2.0,2.7,16.0,1.0,1.0,0.4,1.43,1.5,2.52,1.97,3.0,0.9,14.0,0.7,0.7,0.5,7.6,10.7,13.8,10.7,2.0,6.5,16.0,1.0,1.0,0.4,6.42,7.41,8.11,7.27,3.0,1.25,14.0,0.7,0.7,0.5,32.4,36.7,41.0,36.7,2.0,8.9,16.0,1.0,1.0,0.4,19.6,61.8,104.0,61.8,2.0,87.4,16.0,1.0,1.0,0.4,78.3,93.1,107.9,93.1,2.0,30.7,16.0,1.0,1.0,0.4,13.9,43.7,73.4,43.7,2.0,61.7,16.0,1.0,1.0,0.4,54.5,63.4,72.3,63.4,2.0,18.4,16.0,1.0,1.0,0.4,5.9,18.6,31.4,18.6,2.0,26.4,16.0,1.0,1.0,0.4,22.9,26.0,29.0,26.0,2.0,6.3,16.0,1.0,1.0,0.4,79.0,101.0,122.5,101.0,2.0,45.0,16.0,1.0,1.0,0.4,80.0,100.0,125.0,100.0,2.0,45.0,16.0,1.0,1.0,0.4
1974,2,357.0,4.0,27.32,27.8,28.83,27.93,21.0,0.82,12.0,0.1,0.5,0.5,26.7,27.2,27.6,27.18,20.0,0.78,14.0,0.2,0.5,0.5,17.73,18.86,19.8,18.86,18.0,1.28,14.0,0.2,0.5,0.4,80.6,84.8,88.8,84.2,20.0,4.6,14.0,0.2,0.5,1.5,2.6,4.56,2.82,17.0,1.67,14.0,0.2,0.5,0.4,0.0,1.55,3.52,1.68,17.0,1.63,14.0,0.2,0.5,0.4,-0.41,1.61,2.64,1.46,17.0,1.82,14.0,0.2,0.5,0.4,1006.41,1008.7,1010.76,1008.47,18.0,2.24,14.0,0.2,0.5,0.4,1.0,7.0,8.0,5.1,21.0,3.2,12.0,0.1,0.5,0.5,0.0,3.4,16.4,6.7,17.0,8.9,14.0,0.2,0.5,0.4,-1.3,3.4,10.5,5.3,17.0,8.6,14.0,0.2,0.5,0.4,-0.1,0.65,1.5,0.7,20.0,1.12,14.0,0.2,0.5,0.5,-0.5,1.7,5.0,2.7,16.0,4.5,14.0,0.2,0.5,0.4,3.56,5.02,6.2,4.8,18.0,1.61,14.0,0.2,0.5,0.4,7.0,14.1,22.7,14.8,16.0,9.7,14.0,0.2,0.5,0.4,2.9,43.4,96.1,48.3,16.0,43.5,14.0,0.2,0.5,0.4,-14.9,49.4,72.0,42.1,16.0,49.3,14.0,0.2,0.5,0.4,2.2,30.2,65.5,33.4,16.0,30.5,14.0,0.2,0.5,0.4,-11.3,35.0,50.7,29.6,16.0,34.5,14.0,0.2,0.5,0.4,0.1,5.8,18.1,8.8,16.0,8.7,14.0,0.2,0.5,0.4,-1.6,7.0,15.8,7.9,16.0,10.1,14.0,0.2,0.5,0.4,3.5,17.5,98.5,45.5,17.0,64.5,14.0,0.2,0.5,0.4,5.0,20.0,100.0,45.0,17.0,65.0,14.0,0.2,0.5,0.4
1974,2,357.0,35.0,13.98,15.0,16.0,14.94,7.0,0.91,12.0,0.1,0.2,0.6,13.98,15.0,17.05,15.43,7.0,1.64,12.0,0.1,0.2,0.6,5.26,6.21,8.6,6.66,6.0,1.69,12.0,0.2,0.1,0.6,43.9,61.1,83.4,62.8,6.0,21.0,12.0,0.2,0.6,4.72,8.75,17.26,9.9,8.0,5.55,12.0,0.1,0.2,0.6,-5.05,5.58,13.29,4.17,8.0,9.83,12.0,0.1,0.2,0.6,-3.78,-0.97,2.78,-1.73,8.0,4.79,12.0,0.1,0.2,0.6,1010.31,1020.7,1025.3,1019.03,8.0,6.94,12.0,0.1,0.2,0.6,3.2,6.5,7.9,5.5,8.0,2.8,12.0,0.1,0.2,0.6,-28.3,40.4,230.3,71.7,8.0,146.4,12.0,0.1,0.2,0.6,-40.3,-5.6,14.4,-25.4,8.0,79.1,12.0,0.1,0.2,0.6,-1.05,-0.5,0.14,-0.49,7.0,0.97,12.0,0.1,0.2,0.6,-9.0,-8.2,1.4,-2.3,7.0,9.9,12.0,0.1,0.2,0.6,1.88,3.83,5.9,3.9,6.0,2.02,12.0,0.2,0.1,0.6,19.8,29.5,47.6,31.7,6.0,13.9,12.0,0.2,0.1,0.6,-76.5,139.4,196.1,65.6,7.0,156.9,12.0,0.1,0.2,0.6,-62.9,-26.3,2.2,-36.8,7.0,65.9,12.0,0.1,0.2,0.6,-49.1,15.3,63.8,11.5,6.0,74.4,12.0,0.2,0.1,0.6,-47.0,-14.7,0.0,-27.0,6.0,37.5,12.0,0.2,0.1,0.6,-17.0,6.1,47.6,11.9,6.0,32.3,12.0,0.2,0.1,0.6,-19.9,-6.1,0.0,-8.9,6.0,9.5,12.0,0.2,0.1,0.6,107.0,678.0,5345.0,1852.0,8.0,2498.0,12.0,0.1,0.2,0.6,105.0,680.0,5345.0,1850.0,8.0,2500.0,12.0,0.1,0.2,0.6
1974,2,357.0,36.0,14.0,15.0,16.0,15.06,180.0,1.4,14.0,0.3,0.6,0.4,12.03,14.0,15.8,14.0,192.0,1.93,14.0,0.3,0.6,0.4,5.79,7.11,8.38,7.06,68.0,1.43,16.0,0.3,0.6,0.4,60.0,73.4,83.3,72.1,70.0,12.2,16.0,0.3,0.5,2.6,7.7,13.0,8.21,174.0,4.91,14.0,0.3,0.5,0.4,-5.21,3.28,12.8,4.09,174.0,8.05,14.0,0.3,0.5,0.4,-3.02,0.0,2.66,-0.21,174.0,3.21,14.0,0.3,0.5,0.4,1010.0,1016.6,1021.3,1015.95,190.0,5.9,14.0,0.3,0.6,0.4,0.0,3.0,7.0,3.1,181.0,2.8,14.0,0.3,0.6,0.4,-33.3,15.3,166.4,58.3,174.0,114.0,14.0,0.3,0.5,0.4,-23.9,0.0,22.5,-0.4,174.0,34.5,14.0,0.3,0.5,0.4,-0.95,1.0,3.0,1.04,179.0,2.06,14.0,0.3,0.6,0.4,-6.4,5.8,22.0,6.9,161.0,18.7,14.0,0.3,0.6,0.4,2.01,3.26,4.52,3.38,65.0,1.41,16.0,0.3,0.6,0.4,6.6,17.7,42.1,21.8,56.0,16.0,16.0,0.3,0.6,0.5,-61.9,49.2,181.6,60.4,173.0,116.4,14.0,0.3,0.5,0.4,-43.2,0.0,36.1,-2.8,173.0,44.5,14.0,0.3,0.5,0.4,-44.1,4.3,67.9,14.0,58.0,56.1,16.0,0.3,0.6,0.5,-25.5,0.0,8.5,-6.7,58.0,20.4,16.0,0.3,0.6,0.5,-19.8,2.9,28.3,3.8,56.0,25.1,16.0,0.3,0.6,0.5,-10.6,0.0,4.1,-3.6,56.0,9.2,16.0,0.3,0.6,0.5,17.5,456.5,2197.0,1195.0,174.0,1839.0,14.0,0.3,0.5,0.4,20.0,455.0,2195.0,1195.0,174.0,1840.0,14.0,0.3,0.5,0.4
1974,2,357.0,43.0,12.0,13.0,13.5,12.56,8.0,1.21,16.0,0.1,0.9,0.7,9.29,11.0,13.18,11.08,8.0,1.96,16.0,0.3,0.8,0.7,5.82,6.25,6.76,6.21,6.0,0.77,16.0,0.0,0.9,0.7,66.0,78.0,84.5,76.6,6.0,9.2,16.0,0.0,0.7,6.1,8.0,10.09,8.56,7.0,3.7,18.0,0.3,0.8,0.6,-4.96,0.0,8.45,2.05,7.0,7.8,18.0,0.3,0.8,0.6,-6.34,-5.9,1.4,-3.52,7.0,4.34,18.0,0.3,0.8,0.6,1002.08,1007.0,1022.12,1010.87,9.0,11.25,16.0,0.2,0.8,0.7,3.3,7.0,7.9,6.0,8.0,2.3,16.0,0.3,0.8,0.7,-38.3,0.0,75.1,31.8,7.0,104.6,18.0,0.3,0.8,0.6,-51.0,-38.4,6.0,-29.4,7.0,37.0,18.0,0.3,0.8,0.6,-0.25,2.0,4.01,1.63,7.0,2.15,16.0,0.1,0.9,0.7,-1.0,20.5,26.5,15.6,6.0,15.1,18.0,0.2,0.9,0.7,2.45,3.03,3.61,3.01,6.0,0.59,16.0,0.0,0.9,0.7,15.2,23.0,28.1,21.6,5.0,7.6,18.0,0.0,0.9,0.7,-45.8,0.0,94.5,30.4,7.0,93.8,18.0,0.3,0.8,0.6,-63.2,-49.6,15.8,-33.2,7.0,45.3,18.0,0.3,0.8,0.6,-25.1,0.0,36.5,6.0,5.0,35.9,18.0,0.0,0.9,0.7,-45.1,-30.2,9.3,-21.6,5.0,30.7,18.0,0.0,0.9,0.7,-12.8,0.0,12.6,0.0,5.0,14.3,18.0,0.0,0.9,0.7,-24.6,-21.1,3.3,-13.0,5.0,15.0,18.0,0.0,0.9,0.7,230.0,512.0,1088.5,969.5,7.0,1372.0,18.0,0.3,0.8,0.6,230.0,510.0,1090.0,970.0,7.0,1370.0,18.0,0.3,0.8,0.6
1974,2,357.0,44.0,11.59,12.0,12.21,11.83,6.0,0.98,16.0,0.3,0.7,0.3,8.99,10.0,13.02,10.8,7.0,1.95,18.0,0.3,0.7,0.4,4.91,6.3,7.6,6.26,6.0,1.41,16.0,0.3,0.7,0.3,68.0,76.9,81.7,76.1,6.0,8.2,16.0,0.3,0.3,6.15,10.3,12.3,9.11,7.0,3.04,18.0,0.3,0.7,0.4,-6.22,-5.13,6.03,-0.43,7.0,7.17,18.0,0.3,0.7,0.4,-10.66,-4.31,2.2,-3.97,7.0,6.02,18.0,0.3,0.7,0.4,1000.32,1014.05,1022.24,1012.75,6.0,10.9,16.0,0.3,0.7,0.3,2.0,7.0,8.0,5.9,7.0,3.0,18.0,0.3,0.7,0.4,-75.7,-34.4,39.6,-11.9,7.0,71.3,18.0,0.3,0.7,0.4,-131.1,-28.9,14.4,-45.9,7.0,69.9,18.0,0.3,0.7,0.4,-1.21,1.1,3.04,0.9,6.0,2.29,16.0,0.3,0.7,0.3,-9.4,14.4,33.7,12.1,6.0,25.2,16.0,0.3,0.7,0.3,1.25,2.48,3.74,2.35,6.0,1.57,16.0,0.3,0.7,0.3,6.5,25.2,41.7,24.0,6.0,20.5,16.0,0.3,0.7,0.3,-58.3,-51.3,77.9,6.1,7.0,79.0,18.0,0.3,0.7,0.4,-94.1,-43.1,28.4,-33.8,7.0,58.6,18.0,0.3,0.7,0.4,-31.4,3.9,49.6,10.8,6.0,48.6,16.0,0.3,0.7,0.3,-54.3,-18.2,18.1,-17.2,6.0,36.8,16.0,0.3,0.7,0.3,-23.5,-10.7,8.7,-8.7,6.0,16.2,16.0,0.3,0.7,0.3,-36.0,-15.8,0.7,-17.1,6.0,20.1,16.0,0.3,0.7,0.3,233.5,1092.5,1863.0,970.0,7.0,759.0,18.0,0.3,0.7,0.4,235.0,1095.0,1865.0,970.0,7.0,760.0,18.0,0.3,0.7,0.4
1974,2,357.0,45.0,10.0,11.5,12.1,11.4,13.0,1.25,18.0,0.2,0.6,0.5,8.56,9.5,10.28,9.6,13.0,1.69,18.0,0.2,0.6,0.5,4.45,5.59,6.26,5.56,10.0,1.15,18.0,0.2,0.5,0.5,67.4,78.9,86.6,76.7,10.0,11.1,18.0,0.2,0.5,6.09,9.3,12.36,8.93,13.0,3.71,18.0,0.2,0.6,0.5,-3.46,4.5,9.31,2.8,13.0,6.75,18.0,0.2,0.6,0.5,-7.9,-5.15,4.44,-2.45,13.0,6.29,18.0,0.2,0.6,0.5,997.48,1013.0,1027.27,1013.22,13.0,13.4,18.0,0.2,0.6,0.5,2.7,4.5,8.0,5.0,12.0,2.3,18.0,0.3,0.5,0.5,-22.5,40.5,110.3,36.4,13.0,75.4,18.0,0.2,0.6,0.5,-76.6,-33.3,52.3,-20.6,13.0,70.0,18.0,0.2,0.6,0.5,-0.12,2.5,3.87,1.8,13.0,2.27,18.0,0.2,0.6,0.5,-1.1,11.2,34.6,13.6,13.0,23.5,18.0,0.2,0.6,0.5,1.52,2.7,3.81,2.53,10.0,1.35,18.0,0.2,0.5,0.5,12.8,19.9,37.7,22.3,10.0,13.4,18.0,0.2,0.5,0.5,-29.7,55.9,99.7,32.4,13.0,63.9,18.0,0.2,0.6,0.5,-77.6,-34.9,44.4,-20.5,13.0,65.7,18.0,0.2,0.6,0.5,-21.3,13.6,61.1,15.5,10.0,41.8,18.0,0.2,0.5,0.5,-32.7,-24.3,34.8,-2.2,10.0,39.2,18.0,0.2,0.5,0.5,-17.0,-2.4,16.3,-0.6,10.0,18.7,18.0,0.2,0.5,0.5,-23.7,-13.6,4.6,-11.2,10.0,15.5,18.0,0.2,0.5,0.5,228.0,804.5,1888.0,1010.0,13.0,823.5,18.0,0.2,0.6,0.5,230.0,805.0,1890.0,1010.0,13.0,825.0,18.0,0.2,0.6,0.5
1974,2,357.0,46.0,10.93,11.2,11.75,11.33,3.0,0.61,16.0,0.3,0.6,0.4,7.76,9.4,9.95,8.87,3.0,1.67,16.0,0.3,0.6,0.4,5.47,6.14,6.82,6.14,2.0,1.4,12.0,0.5,0.8,0.2,73.7,80.7,87.8,80.7,2.0,14.5,12.0,0.5,0.2,8.68,12.3,13.05,10.9,3.0,3.42,16.0,0.3,0.6,0.4,0.49,6.7,7.52,4.07,3.0,5.63,16.0,0.3,0.6,0.4,-10.01,-6.58,4.34,-2.92,3.0,10.98,16.0,0.3,0.6,0.4,1000.5,1010.6,1025.21,1012.8,3.0,18.2,16.0,0.3,0.6,0.4,0.3,1.0,5.8,3.0,3.0,4.4,16.0,0.3,0.6,0.4,17.1,89.8,94.9,56.8,3.0,63.8,16.0,0.3,0.6,0.4,-120.8,-46.0,64.5,-28.6,3.0,136.5,16.0,0.3,0.6,0.4,0.98,1.8,3.98,2.47,3.0,2.27,16.0,0.3,0.6,0.4,12.7,24.1,31.5,22.2,3.0,13.9,16.0,0.3,0.6,0.4,1.36,2.07,2.78,2.07,2.0,1.47,12.0,0.5,0.8,0.2,17.3,27.2,37.1,27.2,2.0,20.5,12.0,0.5,0.8,0.2,8.6,63.0,75.0,42.3,3.0,51.9,16.0,0.3,0.6,0.4,-89.1,-46.0,51.0,-19.7,3.0,105.1,16.0,0.3,0.6,0.4,38.0,45.5,52.9,45.5,2.0,15.5,12.0,0.5,0.8,0.2,-39.6,3.7,47.1,3.7,2.0,89.8,12.0,0.5,0.8,0.2,10.2,14.5,18.8,14.5,2.0,9.0,12.0,0.5,0.8,0.2,-28.8,-13.2,2.4,-13.2,2.0,32.4,12.0,0.5,0.8,0.2,825.0,1861.0,2233.0,1536.5,3.0,1069.0,16.0,0.3,0.6,0.4,825.0,1860.0,2235.0,1535.0,3.0,1070.0,16.0,0.3,0.6,0.4
1974,2,357.0,47.0,10.0,10.0,12.0,10.26,30.0,1.02,16.0,0.5,0.6,0.1,6.92,8.4,12.52,9.22,30.0,2.5,16.0,0.5,0.6,0.1,4.42,5.34,6.52,5.63,29.0,1.22,18.0,0.5,0.6,0.1,69.3,79.6,85.7,77.8,29.0,8.8,18.0,0.5,0.1,3.9,6.7,8.94,6.34,30.0,3.19,16.0,0.5,0.6,0.1,-1.85,0.0,5.35,1.01,30.0,4.2,16.0,0.5,0.6,0.1,-6.6,-3.54,5.42,-1.93,30.0,5.4,16.0,0.5,0.6,0.1,1013.46,1015.55,1018.5,1016.56,30.0,4.15,16.0,0.5,0.6,0.1,1.6,8.0,8.0,5.4,25.0,3.1,16.0,0.5,0.6,0.1,-9.4,0.0,41.2,10.5,30.0,40.3,16.0,0.5,0.6,0.1,-46.9,-19.3,41.1,-9.6,30.0,47.8,16.0,0.5,0.6,0.1,-1.14,1.55,3.0,1.04,30.0,2.09,16.0,0.5,0.6,0.1,-8.9,2.9,17.9,4.2,30.0,18.1,16.0,0.5,0.6,0.1,1.44,2.28,3.04,2.07,29.0,1.05,18.0,0.5,0.6,0.1,1.1,11.4,25.1,11.8,29.0,11.2,18.0,0.5,0.6,0.1,-14.6,0.0,62.3,16.6,30.0,45.5,16.0,0.5,0.6,0.1,-57.2,-29.4,62.6,-12.4,30.0,53.8,16.0,0.5,0.6,0.1,-11.4,0.0,23.3,6.7,29.0,25.5,18.0,0.5,0.6,0.1,-36.6,-20.7,26.4,-9.8,29.0,32.7,18.0,0.5,0.6,0.1,-9.9,0.0,7.9,-0.6,29.0,9.6,18.0,0.5,0.6,0.1,-15.2,-8.6,0.0,-6.7,29.0,11.5,18.0,0.5,0.6,0.1,60.0,301.0,716.5,430.0,30.0,489.5,16.0,0.5,0.6,0.1,60.0,300.0,715.0,430.0,30.0,490.0,16.0,0.5,0.6,0.1
1974,2,357.0,48.0,8.6,9.45,10.3,9.45,2.0,1.77,12.0,0.5,0.3,0.8,7.87,8.6,10.51,9.04,5.0,1.46,6.0,0.2,0.3,0.8,6.45,6.77,7.09,6.77,2.0,0.66,12.0,0.5,0.3,0.8,81.8,85.5,89.3,85.5,2.0,7.8,12.0,0.5,0.8,8.25,13.0,14.51,11.08,5.0,6.27,6.0,0.2,0.3,0.8,0.0,4.79,6.5,3.56,5.0,3.32,6.0,0.2,0.3,0.8,7.15,11.26,13.98,10.21,5.0,5.96,6.0,0.2,0.3,0.8,997.54,1002.1,1011.18,1004.72,5.0,11.36,6.0,0.2,0.3,0.8,5.6,7.0,7.7,6.7,3.0,1.5,8.0,0.3,0.3,0.8,0.0,67.0,84.5,47.2,5.0,43.7,6.0,0.2,0.3,0.8,92.9,146.4,203.5,142.8,5.0,88.1,6.0,0.2,0.3,0.8,-2.06,-1.1,-0.14,-1.1,2.0,1.98,12.0,0.5,0.3,0.8,0.7,2.3,3.9,2.3,2.0,3.3,12.0,0.5,0.3,0.8,0.44,0.62,0.8,0.62,2.0,0.37,12.0,0.5,0.3,0.8,2.1,6.8,11.4,6.8,2.0,9.6,12.0,0.5,0.3,0.8,0.0,41.2,49.6,28.4,5.0,26.3,6.0,0.2,0.3,0.8,52.2,92.3,130.3,89.6,5.0,58.4,6.0,0.2,0.3,0.8,0.0,0.0,0.0,0.0,2.0,0.0,12.0,0.5,0.3,0.8,17.7,55.8,93.8,55.8,2.0,78.9,12.0,0.5,0.3,0.8,0.0,0.0,0.0,0.0,2.0,0.0,12.0,0.5,0.3,0.8,2.1,6.8,11.4,6.8,2.0,9.6,12.0,0.5,0.3,0.8,1394.5,2197.0,3075.5,2158.0,5.0,1345.0,6.0,0.2,0.3,0.8,1395.0,2195.0,3075.0,2160.0,5.0,1345.0,6.0,0.2,0.3,0.8
1974,2,357.0,49.0,9.0,10.0,11.0,9.91,86.0,1.29,14.0,0.4,0.5,0.8,7.3,9.4,11.0,9.28,89.0,1.81,14.0,0.4,0.5,0.8,4.8,5.78,6.7,5.74,58.0,1.0,16.0,0.4,0.5,0.8,71.4,78.1,89.8,79.2,58.0,10.2,16.0,0.4,0.8,4.6,9.3,16.02,10.13,89.0,5.23,14.0,0.4,0.5,0.8,-5.15,2.91,9.44,2.69,89.0,7.35,14.0,0.4,0.5,0.8,-6.47,0.0,11.9,1.99,89.0,8.11,14.0,0.4,0.5,0.8,994.28,1011.6,1028.52,1011.26,88.0,15.47,14.0,0.4,0.5,0.7,2.0,6.0,8.0,5.2,85.0,2.7,14.0,0.4,0.5,0.7,-43.4,16.2,116.4,39.9,89.0,116.0,14.0,0.4,0.5,0.8,-55.4,0.0,181.0,45.2,89.0,120.6,14.0,0.4,0.5,0.8,-1.0,0.4,2.68,0.56,84.0,2.06,14.0,0.4,0.5,0.8,-11.0,2.9,23.3,5.1,83.0,21.4,14.0,0.4,0.5,0.8,0.89,1.58,3.01,1.85,56.0,1.02,16.0,0.4,0.5,0.8,5.7,16.5,31.5,17.7,56.0,12.5,16.0,0.4,0.5,0.8,-37.2,27.6,80.9,27.2,88.0,69.1,14.0,0.4,0.5,0.7,-51.2,0.0,114.6,23.5,88.0,79.1,14.0,0.4,0.5,0.7,-21.3,15.4,61.8,20.3,58.0,42.3,16.0,0.4,0.5,0.8,-37.1,-7.8,68.4,12.9,58.0,52.5,16.0,0.4,0.5,0.8,-10.2,3.3,13.8,4.3,56.0,16.0,16.0,0.4,0.5,0.8,-16.3,0.0,12.1,-0.8,56.0,14.1,16.0,0.4,0.5,0.8,97.5,804.5,4109.5,1920.0,89.0,2526.5,14.0,0.4,0.5,0.8,95.0,805.0,4110.0,1920.0,89.0,2525.0,14.0,0.4,0.5,0.8
1974,2,357.0,50.0,8.7,9.4,10.79,9.46,58.0,1.35,12.0,0.4,0.6,0.2,7.1,8.6,10.5,8.79,77.0,1.85,12.0,0.4,0.6,0.2,5.06,5.9,6.96,5.87,45.0,0.99,14.0,0.4,0.6,0.3,75.9,86.0,92.7,83.2,45.0,10.0,14.0,0.4,0.3,4.01,9.3,15.0,9.57,77.0,5.56,14.0,0.4,0.6,0.3,-2.04,3.76,10.79,4.3,77.0,6.17,14.0,0.4,0.6,0.3,-5.82,0.0,10.82,1.37,77.0,8.05,14.0,0.4,0.6,0.3,986.67,1005.35,1024.48,1005.37,78.0,16.55,12.0,0.4,0.6,0.3,1.1,6.0,8.0,5.1,71.0,2.8,14.0,0.4,0.6,0.3,-8.5,25.6,140.9,61.1,77.0,101.2,14.0,0.4,0.6,0.3,-56.8,0.0,147.8,31.2,77.0,120.9,14.0,0.4,0.6,0.3,-1.48,0.7,2.1,0.51,58.0,1.85,12.0,0.4,0.6,0.2,-11.3,2.6,27.4,7.2,55.0,24.0,12.0,0.4,0.6,0.2,0.53,1.63,2.41,1.53,33.0,0.96,12.0,0.4,0.6,0.3,2.2,10.1,29.8,14.3,32.0,15.3,12.0,0.3,0.6,0.3,-14.6,31.9,98.5,41.0,74.0,55.9,14.0,0.3,0.6,0.2,-43.4,-4.5,103.0,15.3,74.0,74.1,14.0,0.3,0.6,0.2,-11.7,20.8,71.6,26.3,44.0,39.7,14.0,0.3,0.6,0.3,-28.8,-8.1,36.6,3.9,44.0,44.9,14.0,0.3,0.6,0.3,-2.9,3.2,23.4,9.3,32.0,15.3,12.0,0.3,0.6,0.3,-10.9,-0.4,5.6,-2.3,32.0,10.7,12.0,0.3,0.6,0.3,64.5,804.5,3375.0,1805.5,77.0,2444.0,14.0,0.4,0.6,0.3,65.0,805.0,3375.0,1805.0,77.0,2445.0,14.0,0.4,0.6,0.3
1974,2,357.0,56.0,5.24,6.0,6.35,5.99,18.0,0.91,16.0,0.3,0.7,0.5,3.95,5.85,6.6,5.38,12.0,1.28,20.0,0.4,0.7,0.4,4.01,4.8,5.59,4.72,12.0,0.97,20.0,0.4,0.7,0.4,73.0,88.2,94.8,84.4,12.0,13.9,20.0,0.4,0.4,4.3,6.7,12.09,7.53,18.0,4.42,16.0,0.3,0.8,0.5,-6.37,2.0,8.05,0.94,18.0,7.16,16.0,0.3,0.8,0.5,0.0,4.42,7.3,3.57,18.0,3.73,16.0,0.3,0.8,0.5,994.51,1009.7,1032.34,1010.06,14.0,18.46,18.0,0.4,0.7,0.5,3.0,7.0,8.0,5.8,19.0,2.6,16.0,0.3,0.8,0.5,-63.6,10.3,74.9,-0.9,18.0,90.8,16.0,0.3,0.8,0.5,0.0,36.6,74.2,38.2,18.0,42.5,16.0,0.3,0.8,0.5,-0.98,1.5,2.05,0.73,12.0,1.43,20.0,0.4,0.7,0.4,-5.5,5.4,21.3,6.8,11.0,13.3,20.0,0.4,0.7,0.4,0.0,1.16,2.46,1.13,12.0,1.16,20.0,0.4,0.7,0.4,0.1,4.9,27.3,10.9,11.0,13.0,20.0,0.4,0.7,0.4,-26.6,15.1,50.6,9.2,11.0,41.3,20.0,0.4,0.7,0.4,0.0,26.5,34.4,21.4,11.0,18.2,20.0,0.4,0.7,0.4,-19.1,18.8,39.9,7.0,11.0,34.3,20.0,0.4,0.7,0.4,0.0,22.2,25.2,17.0,11.0,14.4,20.0,0.4,0.7,0.4,-9.0,0.0,8.7,-0.2,11.0,12.0,20.0,0.4,0.7,0.4,-0.2,0.7,19.0,6.9,11.0,10.1,20.0,0.4,0.7,0.4,82.0,301.0,1768.0,863.5,18.0,1215.0,16.0,0.3,0.8,0.5,80.0,300.0,1770.0,865.0,18.0,1215.0,16.0,0.3,0.8,0.5
1974,2,357.0,57.0,5.63,6.0,6.58,6.06,5.0,0.7,12.0,0.2,0.5,0.5,6.37,7.6,8.83,7.6,2.0,2.55,20.0,0.5,0.3,0.5,5.96,5.96,5.96,5.96,1.0,0.0,22.0,1.0,0.2,0.9,81.5,81.5,81.5,81.5,1.0,0.0,22.0,1.0,0.9,2.27,4.6,9.17,5.65,6.0,4.29,12.0,0.3,0.6,0.6,-0.18,3.47,5.76,3.71,6.0,4.61,12.0,0.3,0.6,0.6,1.62,2.98,4.97,3.13,6.0,2.68,12.0,0.3,0.6,0.6,1009.11,1010.2,1011.29,1010.2,2.0,2.26,20.0,0.5,0.3,0.5,4.5,7.0,7.0,5.8,5.0,2.2,10.0,0.4,0.6,0.6,-0.5,16.0,59.0,36.6,6.0,60.1,12.0,0.3,0.6,0.6,4.8,13.4,57.2,24.5,6.0,26.2,12.0,0.3,0.6,0.6,-2.35,-0.95,0.45,-0.95,2.0,2.9,20.0,0.5,0.3,0.5,-32.4,-18.8,-5.2,-18.8,2.0,28.1,20.0,0.5,0.3,0.5,0.0,0.0,0.0,0.0,1.0,0.0,22.0,1.0,0.2,0.9,0.0,0.0,0.0,0.0,1.0,0.0,22.0,1.0,0.2,0.9,18.1,57.0,95.9,57.0,2.0,80.6,20.0,0.5,0.3,0.5,1.7,17.8,34.0,17.8,2.0,33.4,20.0,0.5,0.3,0.5,72.2,72.2,72.2,72.2,1.0,0.0,22.0,1.0,0.2,0.9,26.3,26.3,26.3,26.3,1.0,0.0,22.0,1.0,0.2,0.9,0.0,0.0,0.0,0.0,1.0,0.0,22.0,1.0,0.2,0.9,0.0,0.0,0.0,0.0,1.0,0.0,22.0,1.0,0.2,0.9,14.0,97.5,881.0,485.0,6.0,839.0,12.0,0.3,0.6,0.6,15.0,95.0,880.0,485.0,6.0,840.0,12.0,0.3,0.6,0.6
1974,2,357.0,58.0,6.0,6.55,7.98,6.86,20.0,0.98,12.0,0.4,0.5,0.6,6.33,6.9,8.21,7.0,24.0,1.11,12.0,0.4,0.4,0.5,4.93,5.72,6.0,5.53,17.0,0.51,14.0,0.4,0.4,0.6,84.8,87.6,95.9,88.6,17.0,7.3,14.0,0.4,0.6,5.07,8.2,12.92,8.92,24.0,3.79,12.0,0.3,0.4,0.5,-3.61,0.0,6.24,0.69,24.0,5.71,12.0,0.3,0.4,0.5,1.09,6.29,11.28,6.17,24.0,4.96,12.0,0.3,0.4,0.5,983.86,1001.0,1019.16,1000.9,25.0,16.58,12.0,0.4,0.4,0.5,6.7,8.0,8.0,7.0,24.0,2.0,12.0,0.4,0.4,0.5,-35.6,0.0,55.1,7.1,24.0,65.4,12.0,0.3,0.4,0.5,2.8,43.2,131.6,68.6,24.0,74.8,12.0,0.3,0.4,0.5,-1.98,-0.2,1.0,-0.18,20.0,1.36,12.0,0.4,0.5,0.6,-6.6,-2.3,10.8,-0.2,19.0,15.2,12.0,0.3,0.5,0.6,0.04,0.6,1.25,0.62,17.0,0.59,14.0,0.4,0.4,0.6,0.5,3.8,12.3,6.0,16.0,6.0,14.0,0.3,0.4,0.6,-31.6,0.0,41.1,3.6,23.0,43.1,12.0,0.3,0.5,0.5,13.8,41.9,71.3,43.9,23.0,34.6,12.0,0.3,0.5,0.5,-35.0,0.0,36.3,1.2,16.0,37.2,14.0,0.3,0.4,0.6,3.8,32.7,60.9,31.7,16.0,29.1,14.0,0.3,0.4,0.6,-1.7,0.0,2.5,0.2,16.0,5.7,14.0,0.3,0.4,0.6,0.0,2.2,10.8,4.0,16.0,5.0,14.0,0.3,0.4,0.6,130.0,551.5,2179.0,1102.0,24.0,1275.5,12.0,0.3,0.4,0.5,130.0,550.0,2180.0,1100.0,24.0,1275.0,12.0,0.3,0.4,0.5
1974,2,357.0,59.0,6.91,7.2,8.23,7.52,17.0,0.79,16.0,0.2,0.6,0.4,6.1,6.8,7.5,6.93,20.0,1.96,14.0,0.2,0.6,0.5,5.01,5.49,5.88,5.4,14.0,0.63,16.0,0.2,0.6,0.4,84.1,89.5,95.2,88.4,14.0,8.6,16.0,0.2,0.4,4.6,9.55,13.2,9.2,18.0,3.97,14.0,0.2,0.7,0.5,-6.81,2.76,9.16,1.14,18.0,7.25,14.0,0.2,0.7,0.5,-1.05,3.68,9.94,4.59,18.0,5.39,14.0,0.2,0.7,0.5,987.85,1007.8,1023.25,1005.35,20.0,20.69,14.0,0.2,0.6,0.5,4.9,6.0,8.0,6.2,19.0,2.2,16.0,0.2,0.6,0.5,-72.4,10.7,85.2,-0.2,18.0,87.3,14.0,0.2,0.7,0.5,-7.1,36.8,114.0,56.4,18.0,70.5,14.0,0.2,0.7,0.5,-0.08,0.6,1.5,0.63,17.0,0.78,16.0,0.2,0.6,0.4,1.3,5.2,16.9,6.2,15.0,9.2,14.0,0.3,0.6,0.5,0.22,0.91,1.25,0.93,14.0,0.69,16.0,0.2,0.6,0.4,3.1,8.0,13.2,8.1,12.0,5.2,16.0,0.3,0.6,0.4,-44.1,17.6,49.3,8.9,18.0,54.3,14.0,0.2,0.7,0.5,-3.8,23.9,65.9,31.9,18.0,37.2,14.0,0.2,0.7,0.5,-38.4,0.7,38.0,-3.1,12.0,45.2,16.0,0.3,0.6,0.4,-2.4,27.6,44.5,25.3,12.0,27.0,16.0,0.3,0.6,0.4,-5.0,-0.1,9.2,1.4,12.0,8.0,16.0,0.3,0.6,0.4,-0.4,1.7,7.7,3.3,12.0,4.6,16.0,0.3,0.6,0.4,97.5,873.0,2309.5,1187.5,18.0,1179.0,14.0,0.2,0.7,0.5,95.0,875.0,2310.0,1185.0,18.0,1180.0,14.0,0.2,0.7,0.5
1974,2,357.0,60.0,8.0,8.45,8.9,8.42,38.0,0.62,16.0,0.6,0.5,0.5,6.0,7.45,8.45,7.35,42.0,1.4,16.0,0.5,0.5,0.4,5.0,5.51,6.51,5.54,31.0,0.83,18.0,0.5,0.4,0.5,76.4,84.7,97.6,84.9,31.0,11.4,18.0,0.5,0.5,5.83,9.3,15.57,10.29,43.0,5.35,16.0,0.5,0.5,0.4,-6.53,-1.61,13.36,1.02,43.0,8.94,16.0,0.5,0.5,0.4,-3.15,3.3,10.62,3.12,43.0,6.79,16.0,0.5,0.5,0.4,988.46,999.9,1019.87,1001.71,43.0,15.24,16.0,0.5,0.5,0.4,5.0,8.0,8.0,6.9,44.0,1.9,16.0,0.5,0.5,0.4,-59.5,-10.6,181.3,26.8,43.0,147.2,16.0,0.5,0.5,0.4,-33.4,25.0,148.8,44.9,43.0,100.4,16.0,0.5,0.5,0.4,-0.14,1.05,2.33,0.97,38.0,1.44,16.0,0.6,0.5,0.5,-1.7,6.7,21.6,9.4,37.0,15.8,16.0,0.6,0.4,0.5,0.28,1.59,2.15,1.42,31.0,0.9,18.0,0.5,0.4,0.5,3.6,12.1,20.7,12.9,30.0,10.2,18.0,0.6,0.4,0.5,-45.9,-12.9,109.5,11.3,41.0,68.9,16.0,0.5,0.5,0.5,-24.6,25.3,80.2,25.2,41.0,52.1,16.0,0.5,0.5,0.5,-24.3,-1.4,93.3,17.2,30.0,56.3,18.0,0.6,0.4,0.5,-15.8,21.8,59.5,22.2,30.0,35.0,18.0,0.6,0.4,0.5,-9.3,-1.5,4.1,-0.2,30.0,13.1,18.0,0.6,0.4,0.5,0.0,4.0,12.7,5.1,30.0,8.9,18.0,0.6,0.4,0.5,203.0,804.5,3775.0,2025.5,43.0,2677.5,16.0,0.5,0.5,0.4,205.0,805.0,3775.0,2025.0,43.0,2675.0,16.0,0.5,0.5,0.4
1974,2,357.0,61.0,7.0,7.75,8.42,7.73,6.0,0.67,16.0,0.3,0.7,0.2,7.04,7.8,8.57,7.71,10.0,0.9,18.0,0.4,0.6,0.2,5.33,5.58,5.83,5.58,2.0,0.52,12.0,0.5,0.5,0.3,79.4,82.6,85.7,82.6,2.0,6.5,12.0,0.5,0.3,6.83,10.9,13.21,10.27,10.0,2.96,18.0,0.4,0.6,0.2,-9.96,0.0,8.76,-0.32,10.0,8.9,18.0,0.4,0.6,0.2,1.8,6.38,8.49,5.43,10.0,3.72,18.0,0.4,0.6,0.2,982.19,1018.0,1021.72,1005.33,9.0,18.86,18.0,0.4,0.6,0.2,7.1,8.0,8.0,7.8,8.0,0.5,18.0,0.5,0.6,0.2,-130.3,0.0,93.3,-12.0,10.0,110.4,18.0,0.4,0.6,0.2,12.4,48.3,98.8,56.8,10.0,44.9,18.0,0.4,0.6,0.2,-0.18,0.4,0.96,0.38,6.0,0.67,16.0,0.3,0.7,0.2,-1.9,4.2,11.4,4.2,6.0,7.5,16.0,0.3,0.7,0.2,0.84,1.25,1.66,1.25,2.0,0.85,12.0,0.5,0.5,0.3,10.5,16.7,22.9,16.7,2.0,12.8,12.0,0.5,0.5,0.3,-77.2,0.0,67.1,1.7,10.0,67.9,18.0,0.4,0.6,0.2,16.2,45.6,65.9,43.0,10.0,28.7,18.0,0.4,0.6,0.2,-55.2,-54.6,-54.0,-54.6,2.0,1.2,12.0,0.5,0.5,0.3,45.3,45.8,46.3,45.8,2.0,1.0,12.0,0.5,0.5,0.3,-17.6,-12.8,-8.1,-12.8,2.0,9.8,12.0,0.5,0.5,0.3,6.8,10.8,14.7,10.8,2.0,8.3,12.0,0.5,0.5,0.3,319.0,1321.5,2332.5,1325.0,10.0,964.5,18.0,0.4,0.6,0.2,320.0,1320.0,2330.0,1325.0,10.0,965.0,18.0,0.4,0.6,0.2
1974,2,357.0,65.0,,,,,,,,,,,,,,,,,,,,,,,,,,,,,,,,,,,,,,,,22.1,22.1,22.1,22.1,1.0,0.0,20.0,1.0,0.7,0.8,19.14,19.14,19.14,19.14,1.0,0.0,20.0,1.0,0.7,0.8,-11.05,-11.05,-11.05,-11.05,1.0,0.0,20.0,1.0,0.7,0.8,989.4,989.4,989.4,989.4,1.0,0.0,20.0,1.0,0.7,0.8,,,,,,,,,,,,,,,,,,,,,,,,,,,,,,,,,,,,,,,,,,,,,,,,,,,,,,,,,,,,,,,,,,,,,,,,,,,,,,,,,,,,,,,,,,,,,,,,,,,,,,,,,,,,,,,,,,,,,,,,,,,,,,,,,,,,,,,,,,,,,,,,,,,,,,
1974,2,357.0,66.0,,,,,,,,,,,,,,,,,,,,,,,,,,,,,,,,,,,,,,,,8.9,13.0,14.98,11.97,3.0,4.54,22.0,0.0,0.7,0.3,3.31,4.5,5.87,4.59,3.0,1.87,22.0,0.0,0.7,0.3,-0.09,11.26,14.26,7.18,3.0,11.09,22.0,0.0,0.7,0.3,1004.15,1007.7,1014.05,1009.07,3.0,7.35,22.0,0.0,0.7,0.3,,,,,,,,,,,,,,,,,,,,,,,,,,,,,,,,,,,,,,,,,,,,,,,,,,,,,,,,,,,,,,,,,,,,,,,,,,,,,,,,,,,,,,,,,,,,,,,,,,,,,,,,,,,,,,,,,,,,,,,,,,,,,,,,,,,,,,,,,,,,,,,,,,,,,,
1974,2,357.0,71.0,,,,,,,,,,,,,,,,,,,,,,,,,,,,,,,,,,,,,,,,12.0,12.0,12.0,12.0,1.0,0.0,18.0,1.0,0.1,0.2,-4.1,-4.1,-4.1,-4.1,1.0,0.0,18.0,1.0,0.1,0.2,11.28,11.28,11.28,11.28,1.0,0.0,18.0,1.0,0.1,0.2,1015.4,1015.4,1015.4,1015.4,1.0,0.0,18.0,1.0,0.1,0.2,,,,,,,,,,,,,,,,,,,,,,,,,,,,,,,,,,,,,,,,,,,,,,,,,,,,,,,,,,,,,,,,,,,,,,,,,,,,,,,,,,,,,,,,,,,,,,,,,,,,,,,,,,,,,,,,,,,,,,,,,,,,,,,,,,,,,,,,,,,,,,,,,,,,,,
1974,2,357.0,74.0,,,,,,,,,,,,,,,,,,,,,,,,,,,,,,,,,,,,,,,,7.33,7.6,7.87,7.6,2.0,0.57,28.0,0.0,0.3,0.5,7.33,7.6,7.87,7.6,2.0,0.57,28.0,0.0,0.3,0.5,0.0,0.0,0.0,0.0,2.0,0.0,28.0,0.0,0.3,0.5,1008.23,1009.15,1010.07,1009.15,2.0,1.91,28.0,0.0,0.3,0.5,,,,,,,,,,,,,,,,,,,,,,,,,,,,,,,,,,,,,,,,,,,,,,,,,,,,,,,,,,,,,,,,,,,,,,,,,,,,,,,,,,,,,,,,,,,,,,,,,,,,,,,,,,,,,,,,,,,,,,,,,,,,,,,,,,,,,,,,,,,,,,,,,,,,,,
1974,2,358.0,-71.0,,,,,,,,,,,,,,,,,,,,,,,,,,,,,,,,,,,,,,,,4.6,4.6,4.6,4.6,1.0,0.0,4.0,1.0,0.9,1.0,4.32,4.32,4.32,4.32,1.0,0.0,4.0,1.0,0.9,1.0,-1.57,-1.57,-1.57,-1.57,1.0,0.0,4.0,1.0,0.9,1.0,985.2,985.2,985.2,985.2,1.0,0.0,4.0,1.0,0.9,1.0,,,,,,,,,,,,,,,,,,,,,,,,,,,,,,,,,,,,,,,,,,,,,,,,,,,,,,,,,,,,,,,,,,,,,,,,,,,,,,,,,,,,,,,,,,,,,,,,,,,,,,,,,,,,,,,,,,,,,,,,,,,,,,,,,,,,,,,,,,,,,,,,,,,,,,
1974,2,358.0,-70.0,0.53,0.6,0.67,0.6,2.0,0.14,4.0,1.0,0.8,0.2,0.02,0.05,0.08,0.05,2.0,0.07,4.0,1.0,0.8,0.2,3.12,3.12,3.12,3.12,1.0,0.0,4.0,1.0,0.9,0.3,80.2,80.2,80.2,80.2,1.0,0.0,4.0,1.0,0.3,7.43,9.0,10.57,9.0,2.0,3.25,4.0,1.0,0.8,0.2,7.32,8.66,10.0,8.66,2.0,2.77,4.0,1.0,0.8,0.2,0.61,1.93,3.25,1.93,2.0,2.73,4.0,1.0,0.8,0.2,983.14,984.3,985.46,984.3,2.0,2.4,4.0,1.0,0.8,0.2,1.0,1.0,1.0,1.0,1.0,0.0,4.0,1.0,0.9,0.3,56.8,82.4,108.1,82.4,2.0,53.1,4.0,1.0,0.8,0.2,6.9,21.8,36.7,21.8,2.0,30.9,4.0,1.0,0.8,0.2,0.45,0.55,0.65,0.55,2.0,0.21,4.0,1.0,0.8,0.2,3.5,5.3,7.1,5.3,2.0,3.7,4.0,1.0,0.8,0.2,0.97,0.97,0.97,0.97,1.0,0.0,4.0,1.0,0.9,0.3,11.0,11.0,11.0,11.0,1.0,0.0,4.0,1.0,0.9,0.3,0.1,0.3,0.6,0.3,2.0,0.5,4.0,1.0,0.8,0.2,0.0,0.0,0.0,0.0,2.0,0.0,4.0,1.0,0.8,0.2,33.2,33.2,33.2,33.2,1.0,0.0,4.0,1.0,0.9,0.3,12.1,12.1,12.1,12.1,1.0,0.0,4.0,1.0,0.9,0.3,10.4,10.4,10.4,10.4,1.0,0.0,4.0,1.0,0.9,0.3,3.8,3.8,3.8,3.8,1.0,0.0,4.0,1.0,0.9,0.3,482.0,872.0,1261.5,872.0,2.0,807.5,4.0,1.0,0.8,0.2,480.0,870.0,1260.0,870.0,2.0,810.0,4.0,1.0,0.8,0.2
1974,2,358.0,-67.0,,,,,,,,,,,,,,,,,,,,,,,,,,,,,,,,,,,,,,,,8.2,8.2,8.2,8.2,1.0,0.0,12.0,1.0,0.5,0.5,-4.1,-4.1,-4.1,-4.1,1.0,0.0,12.0,1.0,0.5,0.5,7.1,7.1,7.1,7.1,1.0,0.0,12.0,1.0,0.5,0.5,978.0,978.0,978.0,978.0,1.0,0.0,12.0,1.0,0.5,0.5,,,,,,,,,,,,,,,,,,,,,,,,,,,,,,,,,,,,,,,,,,,,,,,,,,,,,,,,,,,,,,,,,,,,,,,,,,,,,,,,,,,,,,,,,,,,,,,,,,,,,,,,,,,,,,,,,,,,,,,,,,,,,,,,,,,,,,,,,,,,,,,,,,,,,,
1974,2,358.0,-37.0,19.8,19.8,19.8,19.8,1.0,0.0,8.0,0.0,0.1,0.2,15.4,15.4,15.4,15.4,1.0,0.0,8.0,0.0,0.1,0.2,7.19,7.19,7.19,7.19,1.0,0.0,8.0,0.0,0.1,0.2,67.4,67.4,67.4,67.4,1.0,0.0,8.0,0.0,0.2,4.6,4.6,4.6,4.6,1.0,0.0,8.0,0.0,0.1,0.2,-4.53,-4.53,-4.53,-4.53,1.0,0.0,8.0,0.0,0.1,0.2,0.8,0.8,0.8,0.8,1.0,0.0,8.0,0.0,0.1,0.2,1029.0,1029.0,1029.0,1029.0,1.0,0.0,8.0,0.0,0.1,0.2,3.0,3.0,3.0,3.0,1.0,0.0,8.0,0.0,0.1,0.2,-20.8,-20.8,-20.8,-20.8,1.0,0.0,8.0,0.0,0.1,0.2,3.7,3.7,3.7,3.7,1.0,0.0,8.0,0.0,0.1,0.2,4.4,4.4,4.4,4.4,1.0,0.0,8.0,0.0,0.1,0.2,20.2,20.2,20.2,20.2,1.0,0.0,8.0,0.0,0.1,0.2,6.95,6.95,6.95,6.95,1.0,0.0,8.0,0.0,0.1,0.2,32.0,32.0,32.0,32.0,1.0,0.0,8.0,0.0,0.1,0.2,-69.8,-69.8,-69.8,-69.8,1.0,0.0,8.0,0.0,0.1,0.2,12.3,12.3,12.3,12.3,1.0,0.0,8.0,0.0,0.1,0.2,-32.6,-32.6,-32.6,-32.6,1.0,0.0,8.0,0.0,0.1,0.2,5.7,5.7,5.7,5.7,1.0,0.0,8.0,0.0,0.1,0.2,-31.5,-31.5,-31.5,-31.5,1.0,0.0,8.0,0.0,0.1,0.2,5.6,5.6,5.6,5.6,1.0,0.0,8.0,0.0,0.1,0.2,97.5,97.5,97.5,97.5,1.0,0.0,8.0,0.0,0.1,0.2,95.0,95.0,95.0,95.0,1.0,0.0,8.0,0.0,0.1,0.2
1974,2,358.0,-36.0,21.0,21.0,21.0,21.0,1.0,0.0,20.0,1.0,0.6,1.0,19.2,19.2,19.2,19.2,1.0,0.0,20.0,1.0,0.6,1.0,10.16,10.16,10.16,10.16,1.0,0.0,20.0,1.0,0.6,1.0,73.7,73.7,73.7,73.7,1.0,0.0,20.0,1.0,1.0,8.2,8.2,8.2,8.2,1.0,0.0,20.0,1.0,0.6,1.0,5.27,5.27,5.27,5.27,1.0,0.0,20.0,1.0,0.6,1.0,6.28,6.28,6.28,6.28,1.0,0.0,20.0,1.0,0.6,1.0,1014.5,1014.5,1014.5,1014.5,1.0,0.0,20.0,1.0,0.6,1.0,4.0,4.0,4.0,4.0,1.0,0.0,20.0,1.0,0.6,1.0,43.2,43.2,43.2,43.2,1.0,0.0,20.0,1.0,0.6,1.0,51.5,51.5,51.5,51.5,1.0,0.0,20.0,1.0,0.6,1.0,1.8,1.8,1.8,1.8,1.0,0.0,20.0,1.0,0.6,1.0,14.8,14.8,14.8,14.8,1.0,0.0,20.0,1.0,0.6,1.0,5.3,5.3,5.3,5.3,1.0,0.0,20.0,1.0,0.6,1.0,43.4,43.4,43.4,43.4,1.0,0.0,20.0,1.0,0.6,1.0,101.2,101.2,101.2,101.2,1.0,0.0,20.0,1.0,0.6,1.0,120.6,120.6,120.6,120.6,1.0,0.0,20.0,1.0,0.6,1.0,53.5,53.5,53.5,53.5,1.0,0.0,20.0,1.0,0.6,1.0,63.8,63.8,63.8,63.8,1.0,0.0,20.0,1.0,0.6,1.0,27.9,27.9,27.9,27.9,1.0,0.0,20.0,1.0,0.6,1.0,33.3,33.3,33.3,33.3,1.0,0.0,20.0,1.0,0.6,1.0,551.5,551.5,551.5,551.5,1.0,0.0,20.0,1.0,0.6,1.0,550.0,550.0,550.0,550.0,1.0,0.0,20.0,1.0,0.6,1.0
1974,2,358.0,-33.0,23.0,23.0,23.0,23.0,1.0,0.0,10.0,0.0,1.0,0.7,19.0,19.0,19.0,19.0,1.0,0.0,10.0,0.0,1.0,0.7,9.85,9.85,9.85,9.85,1.0,0.0,10.0,0.0,1.0,0.7,73.2,73.2,73.2,73.2,1.0,0.0,10.0,0.0,0.7,6.2,6.2,6.2,6.2,1.0,0.0,10.0,0.0,1.0,0.7,-5.37,-5.37,-5.37,-5.37,1.0,0.0,10.0,0.0,1.0,0.7,3.1,3.1,3.1,3.1,1.0,0.0,10.0,0.0,1.0,0.7,1025.7,1025.7,1025.7,1025.7,1.0,0.0,10.0,0.0,1.0,0.7,6.0,6.0,6.0,6.0,1.0,0.0,10.0,0.0,1.0,0.7,-33.3,-33.3,-33.3,-33.3,1.0,0.0,10.0,0.0,1.0,0.7,19.2,19.2,19.2,19.2,1.0,0.0,10.0,0.0,1.0,0.7,4.0,4.0,4.0,4.0,1.0,0.0,10.0,0.0,1.0,0.7,24.8,24.8,24.8,24.8,1.0,0.0,10.0,0.0,1.0,0.7,7.44,7.44,7.44,7.44,1.0,0.0,10.0,0.0,1.0,0.7,46.1,46.1,46.1,46.1,1.0,0.0,10.0,0.0,1.0,0.7,-102.0,-102.0,-102.0,-102.0,1.0,0.0,10.0,0.0,1.0,0.7,58.9,58.9,58.9,58.9,1.0,0.0,10.0,0.0,1.0,0.7,-52.9,-52.9,-52.9,-52.9,1.0,0.0,10.0,0.0,1.0,0.7,30.5,30.5,30.5,30.5,1.0,0.0,10.0,0.0,1.0,0.7,-39.9,-39.9,-39.9,-39.9,1.0,0.0,10.0,0.0,1.0,0.7,23.1,23.1,23.1,23.1,1.0,0.0,10.0,0.0,1.0,0.7,238.5,238.5,238.5,238.5,1.0,0.0,10.0,0.0,1.0,0.7,240.0,240.0,240.0,240.0,1.0,0.0,10.0,0.0,1.0,0.7
1974,2,358.0,-32.0,24.3,24.3,24.3,24.3,1.0,0.0,16.0,1.0,0.7,1.0,24.0,24.0,24.0,24.0,1.0,0.0,16.0,1.0,0.7,1.0,13.78,13.78,13.78,13.78,1.0,0.0,16.0,1.0,0.7,1.0,75.0,75.0,75.0,75.0,1.0,0.0,16.0,1.0,1.0,0.0,0.0,0.0,0.0,1.0,0.0,16.0,1.0,0.7,1.0,0.0,0.0,0.0,0.0,1.0,0.0,16.0,1.0,0.7,1.0,0.0,0.0,0.0,0.0,1.0,0.0,16.0,1.0,0.7,1.0,1023.0,1023.0,1023.0,1023.0,1.0,0.0,16.0,1.0,0.7,1.0,1.0,1.0,1.0,1.0,1.0,0.0,16.0,1.0,0.7,1.0,0.0,0.0,0.0,0.0,1.0,0.0,16.0,1.0,0.7,1.0,0.0,0.0,0.0,0.0,1.0,0.0,16.0,1.0,0.7,1.0,0.3,0.3,0.3,0.3,1.0,0.0,16.0,1.0,0.7,1.0,0.0,0.0,0.0,0.0,1.0,0.0,16.0,1.0,0.7,1.0,4.99,4.99,4.99,4.99,1.0,0.0,16.0,1.0,0.7,1.0,0.0,0.0,0.0,0.0,1.0,0.0,16.0,1.0,0.7,1.0,0.0,0.0,0.0,0.0,1.0,0.0,16.0,1.0,0.7,1.0,0.0,0.0,0.0,0.0,1.0,0.0,16.0,1.0,0.7,1.0,0.0,0.0,0.0,0.0,1.0,0.0,16.0,1.0,0.7,1.0,0.0,0.0,0.0,0.0,1.0,0.0,16.0,1.0,0.7,1.0,0.0,0.0,0.0,0.0,1.0,0.0,16.0,1.0,0.7,1.0,0.0,0.0,0.0,0.0,1.0,0.0,16.0,1.0,0.7,1.0,0.0,0.0,0.0,0.0,1.0,0.0,16.0,1.0,0.7,1.0,0.0,0.0,0.0,0.0,1.0,0.0,16.0,1.0,0.7,1.0
1974,2,358.0,-31.0,22.09,22.5,22.57,22.33,3.0,0.38,14.0,0.3,0.8,0.8,21.1,21.3,23.14,22.1,3.0,1.65,14.0,0.3,0.8,0.8,10.7,11.54,12.39,11.54,3.0,1.24,14.0,0.3,0.8,0.8,68.0,69.6,72.7,70.3,3.0,3.5,14.0,0.3,0.8,0.98,3.1,5.22,3.1,2.0,4.38,14.0,0.5,0.7,0.8,-5.14,-3.05,-0.97,-3.05,2.0,4.32,14.0,0.5,0.7,0.8,0.17,0.54,0.91,0.54,2.0,0.76,14.0,0.5,0.7,0.8,1020.32,1022.5,1022.91,1021.63,3.0,2.04,14.0,0.3,0.8,0.8,1.0,1.0,2.4,1.7,3.0,1.2,14.0,0.3,0.8,0.8,-31.8,-18.9,-6.0,-18.9,2.0,26.8,14.0,0.5,0.7,0.8,1.1,3.3,5.6,3.3,2.0,4.7,14.0,0.5,0.7,0.8,-0.77,0.6,1.21,0.23,3.0,1.48,14.0,0.3,0.8,0.8,1.5,4.7,7.8,4.7,2.0,6.6,14.0,0.5,0.7,0.8,4.31,4.67,5.96,5.12,3.0,1.27,14.0,0.3,0.8,0.8,6.5,20.4,34.2,20.4,2.0,28.8,14.0,0.5,0.7,0.8,-107.9,-64.1,-20.3,-64.1,2.0,90.7,14.0,0.5,0.7,0.8,3.6,11.3,19.0,11.3,2.0,16.0,14.0,0.5,0.7,0.8,-53.0,-31.5,-10.0,-31.5,2.0,44.5,14.0,0.5,0.7,0.8,1.8,5.6,9.3,5.6,2.0,7.8,14.0,0.5,0.7,0.8,-33.7,-20.0,-6.4,-20.0,2.0,28.3,14.0,0.5,0.7,0.8,1.1,3.5,5.9,3.5,2.0,5.0,14.0,0.5,0.7,0.8,38.0,119.0,200.5,119.0,2.0,168.5,14.0,0.5,0.7,0.8,40.0,120.0,200.0,120.0,2.0,170.0,14.0,0.5,0.7,0.8
1974,2,358.0,-29.0,23.3,23.3,23.3,23.3,1.0,0.0,16.0,0.0,0.5,0.7,21.1,21.1,21.1,21.1,1.0,0.0,16.0,0.0,0.5,0.7,11.11,11.11,11.11,11.11,1.0,0.0,16.0,0.0,0.5,0.7,72.2,72.2,72.2,72.2,1.0,0.0,16.0,0.0,0.7,6.2,6.2,6.2,6.2,1.0,0.0,16.0,0.0,0.5,0.7,-5.37,-5.37,-5.37,-5.37,1.0,0.0,16.0,0.0,0.5,0.7,3.1,3.1,3.1,3.1,1.0,0.0,16.0,0.0,0.5,0.7,1022.4,1022.4,1022.4,1022.4,1.0,0.0,16.0,0.0,0.5,0.7,2.0,2.0,2.0,2.0,1.0,0.0,16.0,0.0,0.5,0.7,-33.3,-33.3,-33.3,-33.3,1.0,0.0,16.0,0.0,0.5,0.7,19.2,19.2,19.2,19.2,1.0,0.0,16.0,0.0,0.5,0.7,2.2,2.2,2.2,2.2,1.0,0.0,16.0,0.0,0.5,0.7,13.6,13.6,13.6,13.6,1.0,0.0,16.0,0.0,0.5,0.7,6.56,6.56,6.56,6.56,1.0,0.0,16.0,0.0,0.5,0.7,40.7,40.7,40.7,40.7,1.0,0.0,16.0,0.0,0.5,0.7,-113.3,-113.3,-113.3,-113.3,1.0,0.0,16.0,0.0,0.5,0.7,65.4,65.4,65.4,65.4,1.0,0.0,16.0,0.0,0.5,0.7,-59.6,-59.6,-59.6,-59.6,1.0,0.0,16.0,0.0,0.5,0.7,34.4,34.4,34.4,34.4,1.0,0.0,16.0,0.0,0.5,0.7,-35.2,-35.2,-35.2,-35.2,1.0,0.0,16.0,0.0,0.5,0.7,20.3,20.3,20.3,20.3,1.0,0.0,16.0,0.0,0.5,0.7,238.5,238.5,238.5,238.5,1.0,0.0,16.0,0.0,0.5,0.7,240.0,240.0,240.0,240.0,1.0,0.0,16.0,0.0,0.5,0.7
1974,2,358.0,-26.0,21.61,22.5,22.64,22.13,3.0,0.81,20.0,0.7,0.3,0.6,21.84,23.0,23.96,22.9,3.0,1.55,20.0,0.7,0.3,0.6,12.64,12.76,15.02,13.8,3.0,1.96,20.0,0.7,0.3,0.6,71.6,80.4,88.2,79.9,3.0,12.2,20.0,0.7,0.6,5.45,6.2,7.22,6.33,3.0,1.31,20.0,0.7,0.3,0.6,-6.07,-4.79,-4.24,-5.15,3.0,1.38,20.0,0.7,0.3,0.6,2.41,3.85,4.46,3.45,3.0,1.54,20.0,0.7,0.3,0.6,1014.56,1017.9,1019.13,1016.87,3.0,3.47,20.0,0.7,0.3,0.6,1.6,5.0,6.4,4.0,3.0,3.6,20.0,0.7,0.3,0.6,-42.9,-24.7,-24.5,-33.5,3.0,15.5,20.0,0.7,0.3,0.6,15.4,29.4,29.6,22.7,3.0,11.9,20.0,0.7,0.3,0.6,-1.32,-0.5,-0.23,-0.77,3.0,0.83,20.0,0.7,0.3,0.6,-8.0,-2.5,-1.3,-4.6,3.0,5.2,20.0,0.7,0.3,0.6,1.58,2.99,3.92,2.75,3.0,1.73,20.0,0.7,0.3,0.6,10.5,23.0,25.7,18.2,3.0,11.9,20.0,0.7,0.3,0.6,-131.9,-110.2,-101.4,-116.5,3.0,23.0,20.0,0.7,0.3,0.6,53.4,82.0,105.1,79.3,3.0,38.0,20.0,0.7,0.3,0.6,-81.7,-77.0,-59.1,-70.6,3.0,17.4,20.0,0.7,0.3,0.6,34.5,48.4,56.7,45.7,3.0,16.5,20.0,0.7,0.3,0.6,-19.1,-17.3,-8.5,-13.9,3.0,8.3,20.0,0.7,0.3,0.6,4.7,11.5,17.8,11.3,3.0,9.5,20.0,0.7,0.3,0.6,166.0,238.5,387.5,276.0,3.0,165.0,20.0,0.7,0.3,0.6,165.0,240.0,385.0,275.0,3.0,165.0,20.0,0.7,0.3,0.6
1974,2,358.0,-25.0,21.6,22.15,22.55,22.22,6.0,0.91,18.0,1.0,0.7,0.5,20.3,21.9,22.43,21.65,6.0,1.17,18.0,1.0,0.7,0.5,10.99,12.07,12.98,12.07,6.0,1.21,18.0,1.0,0.7,0.5,70.8,74.7,79.5,75.3,6.0,5.9,18.0,1.0,0.5,3.89,5.65,9.03,6.25,6.0,2.82,18.0,1.0,0.7,0.5,-7.13,-5.07,-1.22,-4.19,6.0,4.21,18.0,1.0,0.7,0.5,1.14,3.02,5.24,3.17,6.0,2.01,18.0,1.0,0.7,0.5,1016.01,1016.6,1017.49,1016.75,6.0,1.12,18.0,1.0,0.7,0.5,3.6,6.0,8.0,5.7,6.0,2.4,18.0,1.0,0.7,0.5,-65.0,-29.4,-6.5,-35.0,6.0,36.9,18.0,1.0,0.7,0.5,6.9,13.4,49.6,23.3,6.0,22.0,18.0,1.0,0.7,0.5,0.06,0.5,1.09,0.57,6.0,0.77,18.0,1.0,0.7,0.5,-0.3,1.8,8.0,3.5,6.0,7.0,18.0,1.0,0.7,0.5,3.29,4.75,5.61,4.58,6.0,1.14,18.0,1.0,0.7,0.5,19.0,23.3,37.9,27.8,6.0,13.5,18.0,1.0,0.7,0.5,-148.2,-105.7,-26.1,-87.9,6.0,91.9,18.0,1.0,0.7,0.5,24.5,66.2,113.7,68.1,6.0,42.4,18.0,1.0,0.7,0.5,-88.7,-55.9,-11.9,-48.8,6.0,53.6,18.0,1.0,0.7,0.5,14.7,34.1,60.3,37.0,6.0,22.5,18.0,1.0,0.7,0.5,-31.7,-19.2,-7.3,-17.9,6.0,18.0,18.0,1.0,0.7,0.5,4.6,13.6,24.3,15.2,6.0,11.4,18.0,1.0,0.7,0.5,61.0,199.0,748.0,374.5,6.0,422.0,18.0,1.0,0.7,0.5,60.0,200.0,750.0,375.0,6.0,420.0,18.0,1.0,0.7,0.5
1974,2,358.0,-24.0,22.55,22.8,23.48,22.98,5.0,0.58,14.0,0.8,0.6,0.5,21.71,22.3,23.74,22.66,5.0,1.27,14.0,0.8,0.6,0.5,12.47,13.54,14.17,13.33,4.0,1.17,14.0,1.0,0.5,0.6,72.5,82.1,83.5,78.4,5.0,7.5,14.0,0.8,0.5,4.1,5.1,7.0,5.74,5.0,2.6,14.0,0.8,0.6,0.5,-6.1,-3.91,-3.19,-4.74,5.0,2.82,14.0,0.8,0.6,0.5,1.56,3.28,3.85,2.8,5.0,1.44,14.0,0.8,0.6,0.5,1015.52,1016.55,1017.52,1016.53,4.0,1.28,14.0,1.0,0.5,0.6,3.3,7.0,7.4,5.6,5.0,2.5,14.0,0.8,0.6,0.5,-49.1,-16.6,-14.0,-32.7,5.0,37.5,14.0,0.8,0.6,0.5,6.4,16.7,27.6,17.4,5.0,13.0,14.0,0.8,0.6,0.5,-0.57,0.0,1.21,0.32,5.0,1.13,14.0,0.8,0.6,0.5,-4.1,0.0,5.4,0.7,5.0,5.6,14.0,0.8,0.6,0.5,3.36,4.17,5.01,4.18,4.0,1.07,14.0,1.0,0.5,0.6,15.1,19.0,38.8,26.6,4.0,20.1,14.0,1.0,0.5,0.6,-143.1,-85.6,-70.8,-108.4,5.0,67.1,14.0,0.8,0.6,0.5,34.5,80.3,87.6,64.1,5.0,33.2,14.0,0.8,0.6,0.5,-86.5,-55.1,-51.2,-68.2,4.0,30.5,14.0,1.0,0.5,0.6,18.4,34.8,44.6,31.7,4.0,16.8,14.0,1.0,0.5,0.6,-36.4,-16.6,-12.6,-24.1,4.0,19.5,14.0,1.0,0.5,0.6,4.5,9.3,16.1,10.3,4.0,7.2,14.0,1.0,0.5,0.6,69.0,132.5,483.5,299.0,5.0,445.0,14.0,0.8,0.6,0.5,70.0,135.0,485.0,300.0,5.0,445.0,14.0,0.8,0.6,0.5
1974,2,358.0,-23.0,22.63,22.9,23.17,22.9,2.0,0.57,8.0,1.0,0.4,0.4,24.13,24.4,24.67,24.4,2.0,0.57,8.0,1.0,0.4,0.4,13.62,14.39,15.17,14.39,2.0,1.6,8.0,1.0,0.4,0.4,70.9,76.1,81.4,76.1,2.0,10.9,8.0,1.0,0.4,7.36,7.7,8.04,7.7,2.0,0.71,8.0,1.0,0.4,0.4,-6.87,-5.08,-3.29,-5.08,2.0,3.71,8.0,1.0,0.4,0.4,3.43,4.79,6.14,4.79,2.0,2.8,8.0,1.0,0.4,0.4,1016.44,1016.95,1017.46,1016.95,2.0,1.06,8.0,1.0,0.4,0.4,6.3,7.0,7.7,7.0,2.0,1.4,8.0,1.0,0.4,0.4,-56.0,-40.5,-24.9,-40.5,2.0,32.1,8.0,1.0,0.4,0.4,27.1,35.9,44.6,35.9,2.0,18.2,8.0,1.0,0.4,0.4,-1.5,-1.5,-1.5,-1.5,2.0,0.0,8.0,1.0,0.4,0.4,-12.1,-11.5,-11.0,-11.5,2.0,1.1,8.0,1.0,0.4,0.4,1.89,2.95,4.0,2.95,2.0,2.19,8.0,1.0,0.4,0.4,14.8,21.9,29.1,21.9,2.0,14.8,8.0,1.0,0.4,0.4,-165.3,-123.0,-80.7,-123.0,2.0,87.6,8.0,1.0,0.4,0.4,83.3,117.6,151.8,117.6,2.0,71.1,8.0,1.0,0.4,0.4,-105.8,-76.1,-46.5,-76.1,2.0,61.5,8.0,1.0,0.4,0.4,50.9,66.6,82.4,66.6,2.0,32.6,8.0,1.0,0.4,0.4,-11.0,-10.9,-10.8,-10.9,2.0,0.2,8.0,1.0,0.4,0.4,8.1,17.2,26.2,17.2,2.0,18.7,8.0,1.0,0.4,0.4,401.5,462.5,523.0,462.5,2.0,126.0,8.0,1.0,0.4,0.4,400.0,460.0,525.0,460.0,2.0,125.0,8.0,1.0,0.4,0.4
1974,2,358.0,-22.0,22.64,22.9,24.36,23.48,4.0,1.43,10.0,0.8,0.5,0.4,21.33,22.9,24.05,22.7,4.0,2.06,10.0,0.8,0.5,0.4,12.8,13.92,14.05,13.45,4.0,1.11,10.0,0.8,0.5,0.4,75.2,80.7,81.7,78.6,4.0,5.3,10.0,0.8,0.4,5.62,6.45,8.06,6.83,4.0,1.78,10.0,0.8,0.5,0.4,-6.09,-5.56,-4.16,-5.15,4.0,1.33,10.0,0.8,0.5,0.4,1.86,4.11,5.78,3.83,4.0,2.93,10.0,0.8,0.5,0.4,1013.5,1013.65,1016.52,1014.95,4.0,2.7,10.0,0.8,0.5,0.4,3.5,5.5,7.0,5.3,4.0,2.1,10.0,0.8,0.5,0.4,-47.4,-36.4,-25.1,-36.3,4.0,16.0,10.0,0.8,0.5,0.4,9.5,24.4,48.4,28.8,4.0,27.8,10.0,0.8,0.5,0.4,-1.3,-0.15,2.93,0.78,4.0,3.36,10.0,0.8,0.5,0.4,-6.8,-1.0,27.3,9.7,4.0,28.7,10.0,0.8,0.5,0.4,3.07,3.43,6.21,4.59,4.0,2.76,10.0,0.8,0.5,0.4,17.9,20.2,52.7,34.6,4.0,30.9,10.0,0.8,0.5,0.4,-131.6,-118.3,-98.7,-115.3,4.0,25.0,10.0,0.8,0.5,0.4,46.5,97.9,121.4,84.6,4.0,60.2,10.0,0.8,0.5,0.4,-79.9,-71.6,-57.5,-68.8,4.0,17.0,10.0,0.8,0.5,0.4,25.9,57.7,73.1,49.9,4.0,35.6,10.0,0.8,0.5,0.4,-37.5,-18.0,-12.6,-24.7,4.0,18.7,10.0,0.8,0.5,0.4,5.7,12.6,38.7,21.8,4.0,27.4,10.0,0.8,0.5,0.4,183.0,269.5,564.5,369.0,4.0,298.5,10.0,0.8,0.5,0.4,185.0,270.0,565.0,370.0,4.0,300.0,10.0,0.8,0.5,0.4
1974,2,358.0,-21.0,23.1,23.3,24.05,23.57,3.0,0.74,24.0,0.7,0.4,0.6,22.89,23.3,24.46,23.67,3.0,1.19,24.0,0.7,0.4,0.6,11.8,12.01,12.82,12.3,3.0,0.79,24.0,0.7,0.4,0.6,63.2,70.2,73.1,68.2,3.0,7.4,24.0,0.7,0.6,4.76,5.1,5.51,5.13,3.0,0.55,24.0,0.7,0.4,0.6,-5.35,-4.79,-4.47,-4.91,3.0,0.65,24.0,0.7,0.4,0.6,-0.18,1.57,1.69,0.78,3.0,1.53,24.0,0.7,0.4,0.6,1015.17,1016.6,1020.42,1017.77,3.0,3.98,24.0,0.7,0.4,0.6,7.0,7.0,7.7,7.3,3.0,0.6,24.0,0.7,0.4,0.6,-29.6,-24.4,-21.3,-25.4,3.0,6.1,24.0,0.7,0.4,0.6,-1.6,7.2,8.4,3.5,3.0,8.0,24.0,0.7,0.4,0.6,-1.17,0.6,0.94,-0.1,3.0,1.66,24.0,0.7,0.4,0.6,-6.9,2.8,4.7,-1.0,3.0,9.1,24.0,0.7,0.4,0.6,5.7,5.79,5.81,5.75,3.0,0.09,24.0,0.7,0.4,0.6,27.6,29.7,31.4,29.5,3.0,2.8,24.0,0.7,0.4,0.6,-131.2,-111.7,-102.4,-116.7,3.0,21.6,24.0,0.7,0.4,0.6,-5.6,35.7,39.1,17.2,3.0,36.4,24.0,0.7,0.4,0.6,-64.9,-63.2,-55.5,-60.3,3.0,7.3,24.0,0.7,0.4,0.6,-1.9,18.9,21.7,10.1,3.0,18.9,24.0,0.7,0.4,0.6,-30.5,-27.9,-25.9,-28.2,3.0,3.4,24.0,0.7,0.4,0.6,-0.9,9.1,9.8,4.6,3.0,8.8,24.0,0.7,0.4,0.6,108.5,132.5,168.5,138.5,3.0,44.0,24.0,0.7,0.4,0.6,110.0,135.0,170.0,140.0,3.0,45.0,24.0,0.7,0.4,0.6
1974,2,358.0,-20.0,22.99,23.35,24.55,23.75,4.0,1.2,20.0,0.8,0.5,0.6,21.98,22.5,23.5,22.72,5.0,0.99,20.0,0.6,0.5,0.5,12.52,12.96,14.33,13.43,5.0,1.3,20.0,0.6,0.5,0.5,72.0,74.3,85.0,78.6,5.0,10.6,20.0,0.6,0.5,5.48,6.7,7.62,6.64,5.0,1.38,20.0,0.6,0.5,0.5,-6.24,-3.5,-3.12,-4.59,5.0,2.18,20.0,0.6,0.5,0.5,3.57,4.31,5.35,4.44,5.0,1.15,20.0,0.6,0.5,0.5,1011.06,1014.6,1015.95,1013.86,5.0,2.81,20.0,0.6,0.5,0.5,2.3,5.0,8.0,5.0,5.0,3.1,20.0,0.6,0.5,0.5,-47.8,-24.5,-16.5,-32.6,5.0,22.8,20.0,0.6,0.5,0.5,23.7,28.1,33.8,29.0,5.0,8.3,20.0,0.6,0.5,0.5,-0.32,0.2,2.19,0.9,4.0,2.05,20.0,0.8,0.5,0.6,-2.2,1.2,11.2,4.3,4.0,10.8,20.0,0.8,0.5,0.6,4.53,4.76,5.08,4.8,4.0,0.39,20.0,0.8,0.5,0.6,25.6,28.7,33.2,29.4,4.0,4.8,20.0,0.8,0.5,0.6,-141.5,-84.7,-68.4,-103.9,5.0,48.2,20.0,0.6,0.5,0.5,77.7,99.5,124.1,101.5,5.0,30.4,20.0,0.6,0.5,0.5,-79.2,-51.2,-43.3,-60.9,5.0,27.1,20.0,0.6,0.5,0.5,48.1,61.0,69.5,59.5,5.0,15.9,20.0,0.6,0.5,0.5,-21.8,-15.6,-14.3,-17.9,4.0,6.3,20.0,0.8,0.5,0.6,20.8,23.1,25.0,22.9,4.0,3.2,20.0,0.8,0.5,0.6,166.0,301.0,458.0,324.0,5.0,205.5,20.0,0.6,0.5,0.5,165.0,300.0,460.0,325.0,5.0,205.0,20.0,0.6,0.5,0.5
1974,2,358.0,-19.0,26.0,26.0,26.0,26.0,1.0,0.0,10.0,1.0,0.5,0.7,24.9,24.9,24.9,24.9,1.0,0.0,10.0,1.0,0.5,0.7,14.8,14.8,14.8,14.8,1.0,0.0,10.0,1.0,0.5,0.7,75.6,75.6,75.6,75.6,1.0,0.0,10.0,1.0,0.7,6.7,6.7,6.7,6.7,1.0,0.0,10.0,1.0,0.5,0.7,-5.13,-5.13,-5.13,-5.13,1.0,0.0,10.0,1.0,0.5,0.7,4.31,4.31,4.31,4.31,1.0,0.0,10.0,1.0,0.5,0.7,1014.1,1014.1,1014.1,1014.1,1.0,0.0,10.0,1.0,0.5,0.7,2.0,2.0,2.0,2.0,1.0,0.0,10.0,1.0,0.5,0.7,-34.4,-34.4,-34.4,-34.4,1.0,0.0,10.0,1.0,0.5,0.7,28.9,28.9,28.9,28.9,1.0,0.0,10.0,1.0,0.5,0.7,1.1,1.1,1.1,1.1,1.0,0.0,10.0,1.0,0.5,0.7,7.4,7.4,7.4,7.4,1.0,0.0,10.0,1.0,0.5,0.7,6.18,6.18,6.18,6.18,1.0,0.0,10.0,1.0,0.5,0.7,41.4,41.4,41.4,41.4,1.0,0.0,10.0,1.0,0.5,0.7,-127.8,-127.8,-127.8,-127.8,1.0,0.0,10.0,1.0,0.5,0.7,107.2,107.2,107.2,107.2,1.0,0.0,10.0,1.0,0.5,0.7,-76.0,-76.0,-76.0,-76.0,1.0,0.0,10.0,1.0,0.5,0.7,63.7,63.7,63.7,63.7,1.0,0.0,10.0,1.0,0.5,0.7,-31.7,-31.7,-31.7,-31.7,1.0,0.0,10.0,1.0,0.5,0.7,26.6,26.6,26.6,26.6,1.0,0.0,10.0,1.0,0.5,0.7,301.0,301.0,301.0,301.0,1.0,0.0,10.0,1.0,0.5,0.7,300.0,300.0,300.0,300.0,1.0,0.0,10.0,1.0,0.5,0.7
1974,2,358.0,-18.0,23.0,23.0,23.0,23.0,1.0,0.0,22.0,0.0,0.1,1.0,24.6,24.6,24.6,24.6,1.0,0.0,22.0,0.0,0.1,1.0,12.81,12.81,12.81,12.81,1.0,0.0,22.0,0.0,0.1,1.0,66.7,66.7,66.7,66.7,1.0,0.0,22.0,0.0,1.0,6.7,6.7,6.7,6.7,1.0,0.0,22.0,0.0,0.1,1.0,-2.29,-2.29,-2.29,-2.29,1.0,0.0,22.0,0.0,0.1,1.0,6.3,6.3,6.3,6.3,1.0,0.0,22.0,0.0,0.1,1.0,1013.6,1013.6,1013.6,1013.6,1.0,0.0,22.0,0.0,0.1,1.0,8.0,8.0,8.0,8.0,1.0,0.0,22.0,0.0,0.1,1.0,-15.4,-15.4,-15.4,-15.4,1.0,0.0,22.0,0.0,0.1,1.0,42.2,42.2,42.2,42.2,1.0,0.0,22.0,0.0,0.1,1.0,-1.6,-1.6,-1.6,-1.6,1.0,0.0,22.0,0.0,0.1,1.0,-10.7,-10.7,-10.7,-10.7,1.0,0.0,22.0,0.0,0.1,1.0,4.69,4.69,4.69,4.69,1.0,0.0,22.0,0.0,0.1,1.0,31.4,31.4,31.4,31.4,1.0,0.0,22.0,0.0,0.1,1.0,-56.4,-56.4,-56.4,-56.4,1.0,0.0,22.0,0.0,0.1,1.0,154.9,154.9,154.9,154.9,1.0,0.0,22.0,0.0,0.1,1.0,-29.4,-29.4,-29.4,-29.4,1.0,0.0,22.0,0.0,0.1,1.0,80.7,80.7,80.7,80.7,1.0,0.0,22.0,0.0,0.1,1.0,-10.7,-10.7,-10.7,-10.7,1.0,0.0,22.0,0.0,0.1,1.0,29.5,29.5,29.5,29.5,1.0,0.0,22.0,0.0,0.1,1.0,301.0,301.0,301.0,301.0,1.0,0.0,22.0,0.0,0.1,1.0,300.0,300.0,300.0,300.0,1.0,0.0,22.0,0.0,0.1,1.0
1974,2,358.0,-16.0,23.1,23.3,23.5,23.3,2.0,0.42,12.0,1.0,0.5,0.5,24.19,24.6,25.01,24.6,2.0,0.85,12.0,1.0,0.5,0.5,13.93,14.49,15.05,14.49,2.0,1.16,12.0,1.0,0.5,0.5,74.1,75.1,76.1,75.1,2.0,2.1,12.0,1.0,0.5,2.92,3.6,4.28,3.6,2.0,1.41,12.0,1.0,0.5,0.5,-2.88,-2.7,-2.52,-2.7,2.0,0.36,12.0,1.0,0.5,0.5,1.31,2.21,3.11,2.21,2.0,1.86,12.0,1.0,0.5,0.5,1011.86,1012.0,1012.14,1012.0,2.0,0.28,12.0,1.0,0.5,0.5,5.5,6.5,7.5,6.5,2.0,2.1,12.0,1.0,0.5,0.5,-12.5,-10.0,-7.5,-10.0,2.0,5.1,12.0,1.0,0.5,0.5,4.5,9.3,14.0,9.3,2.0,9.8,12.0,1.0,0.5,0.5,-1.5,-1.3,-1.1,-1.3,2.0,0.42,12.0,1.0,0.5,0.5,-6.6,-5.0,-3.4,-5.0,2.0,3.4,12.0,1.0,0.5,0.5,3.04,3.37,3.7,3.37,2.0,0.69,12.0,1.0,0.5,0.5,10.5,11.6,12.7,11.6,2.0,2.3,12.0,1.0,0.5,0.5,-72.0,-66.6,-61.2,-66.6,2.0,11.2,12.0,1.0,0.5,0.5,32.0,55.1,78.1,55.1,2.0,47.7,12.0,1.0,0.5,0.5,-43.4,-39.3,-35.3,-39.3,2.0,8.4,12.0,1.0,0.5,0.5,18.8,33.0,47.3,33.0,2.0,29.5,12.0,1.0,0.5,0.5,-9.3,-9.0,-8.7,-9.0,2.0,0.6,12.0,1.0,0.5,0.5,4.5,6.8,9.1,6.8,2.0,4.8,12.0,1.0,0.5,0.5,30.0,57.5,84.5,57.5,2.0,56.5,12.0,1.0,0.5,0.5,30.0,55.0,85.0,55.0,2.0,55.0,12.0,1.0,0.5,0.5
1974,2,358.0,-15.0,26.16,26.5,26.84,26.5,2.0,0.71,16.0,1.0,1.0,1.0,24.96,26.8,28.64,26.8,2.0,3.82,16.0,1.0,1.0,1.0,15.32,15.32,15.32,15.32,1.0,0.0,6.0,1.0,1.0,1.0,81.8,81.8,81.8,81.8,1.0,0.0,6.0,1.0,1.0,3.88,5.55,7.22,5.55,2.0,3.46,16.0,1.0,1.0,1.0,-2.62,-2.36,-2.11,-2.36,2.0,0.53,16.0,1.0,1.0,1.0,3.19,4.95,6.7,4.95,2.0,3.64,16.0,1.0,1.0,1.0,1011.14,1011.45,1011.76,1011.45,2.0,0.64,16.0,1.0,1.0,1.0,1.5,2.5,3.5,2.5,2.0,2.1,16.0,1.0,1.0,1.0,-19.4,-14.0,-8.7,-14.0,2.0,11.1,16.0,1.0,1.0,1.0,15.7,33.8,51.8,33.8,2.0,37.3,16.0,1.0,1.0,1.0,-1.8,-0.3,1.2,-0.3,2.0,3.11,16.0,1.0,1.0,1.0,-15.9,-7.1,1.8,-7.1,2.0,18.3,16.0,1.0,1.0,1.0,5.73,5.73,5.73,5.73,1.0,0.0,6.0,1.0,1.0,1.0,17.8,17.8,17.8,17.8,1.0,0.0,6.0,1.0,1.0,1.0,-75.5,-64.4,-53.2,-64.4,2.0,23.1,16.0,1.0,1.0,1.0,83.3,139.5,195.7,139.5,2.0,116.3,16.0,1.0,1.0,1.0,-30.5,-30.5,-30.5,-30.5,1.0,0.0,6.0,1.0,1.0,1.0,36.4,36.4,36.4,36.4,1.0,0.0,6.0,1.0,1.0,1.0,-11.4,-11.4,-11.4,-11.4,1.0,0.0,6.0,1.0,1.0,1.0,13.6,13.6,13.6,13.6,1.0,0.0,6.0,1.0,1.0,1.0,106.5,271.0,435.5,271.0,2.0,341.0,16.0,1.0,1.0,1.0,105.0,270.0,435.0,270.0,2.0,340.0,16.0,1.0,1.0,1.0
1974,2,358.0,-14.0,24.69,25.1,26.6,25.63,3.0,1.47,22.0,1.0,0.8,0.9,25.0,25.0,25.96,25.47,3.0,0.81,22.0,1.0,0.8,0.9,17.56,17.56,17.56,17.56,1.0,0.0,16.0,1.0,0.5,1.0,79.3,83.1,86.9,83.1,2.0,7.9,18.0,1.0,1.0,5.24,5.55,5.86,5.55,2.0,0.64,22.0,1.0,0.8,0.9,-3.76,-3.57,-3.37,-3.57,2.0,0.41,22.0,1.0,0.8,0.9,4.02,4.25,4.49,4.25,2.0,0.49,22.0,1.0,0.8,0.9,1010.67,1011.9,1013.13,1011.9,2.0,2.55,22.0,1.0,0.8,0.9,3.6,5.0,5.7,4.7,3.0,1.5,22.0,1.0,0.8,0.9,-22.1,-19.9,-17.7,-19.9,2.0,4.5,22.0,1.0,0.8,0.9,21.1,23.8,26.4,23.8,2.0,5.4,22.0,1.0,0.8,0.9,-1.05,-0.5,1.41,0.17,3.0,1.89,22.0,1.0,0.8,0.9,-7.0,-5.2,-3.4,-5.2,2.0,3.7,22.0,1.0,0.8,0.9,1.68,1.68,1.68,1.68,1.0,0.0,16.0,1.0,0.5,1.0,8.6,8.6,8.6,8.6,1.0,0.0,16.0,1.0,0.5,1.0,-98.7,-91.9,-85.1,-91.9,2.0,14.0,22.0,1.0,0.8,0.9,101.4,109.5,117.6,109.5,2.0,16.7,22.0,1.0,0.8,0.9,-57.6,-57.6,-57.6,-57.6,1.0,0.0,16.0,1.0,0.5,1.0,68.6,68.6,68.6,68.6,1.0,0.0,16.0,1.0,0.5,1.0,-5.5,-5.5,-5.5,-5.5,1.0,0.0,16.0,1.0,0.5,1.0,6.6,6.6,6.6,6.6,1.0,0.0,16.0,1.0,0.5,1.0,146.0,174.5,203.0,174.5,2.0,59.0,22.0,1.0,0.8,0.9,145.0,175.0,205.0,175.0,2.0,60.0,22.0,1.0,0.8,0.9
1974,2,358.0,-13.0,24.91,25.9,26.65,25.76,18.0,0.87,14.0,0.7,0.7,0.7,24.37,25.15,26.52,25.35,18.0,1.12,14.0,0.7,0.7,0.7,14.62,14.82,15.26,15.35,9.0,1.72,14.0,0.8,0.6,0.7,73.9,77.0,82.7,78.1,9.0,7.3,14.0,0.8,0.7,3.07,5.1,6.85,5.33,18.0,1.93,14.0,0.8,0.7,0.7,-4.08,-2.5,-1.63,-2.63,18.0,1.3,14.0,0.8,0.7,0.7,2.3,4.33,6.06,4.33,18.0,2.24,14.0,0.8,0.7,0.7,1009.63,1011.4,1013.81,1011.83,21.0,2.29,16.0,0.8,0.7,0.7,2.0,4.0,6.8,4.1,21.0,2.4,16.0,0.8,0.7,0.7,-26.9,-12.5,-5.5,-15.1,18.0,9.9,14.0,0.8,0.7,0.7,6.9,21.7,41.1,26.6,18.0,22.4,14.0,0.8,0.7,0.7,-0.31,0.5,1.21,0.61,15.0,1.05,12.0,0.7,0.7,0.7,-2.0,1.2,6.7,3.3,13.0,7.4,12.0,0.7,0.7,0.7,3.98,5.34,6.21,5.21,9.0,1.29,14.0,0.8,0.6,0.7,15.1,24.6,41.1,28.1,9.0,13.4,14.0,0.8,0.6,0.7,-104.2,-65.6,-42.2,-71.7,15.0,30.1,14.0,0.7,0.7,0.7,56.6,108.3,159.9,110.2,15.0,61.8,14.0,0.7,0.7,0.7,-67.5,-56.3,-23.7,-47.4,9.0,22.8,14.0,0.8,0.6,0.7,30.3,76.1,87.2,58.1,9.0,33.2,14.0,0.8,0.6,0.7,-29.9,-9.6,-7.6,-16.7,9.0,10.8,14.0,0.8,0.6,0.7,9.6,13.5,36.2,19.8,9.0,14.1,14.0,0.8,0.6,0.7,29.0,132.5,322.5,210.5,18.0,217.5,14.0,0.8,0.7,0.7,30.0,135.0,325.0,210.0,18.0,220.0,14.0,0.8,0.7,0.7
1974,2,358.0,-12.0,25.2,26.0,26.7,25.99,58.0,0.92,14.0,0.8,0.7,0.7,24.85,26.0,27.4,26.05,61.0,1.38,14.0,0.8,0.7,0.7,14.51,16.03,17.45,15.93,50.0,1.47,14.0,0.8,0.7,0.7,69.5,76.1,82.6,76.6,50.0,6.9,14.0,0.8,0.7,2.6,5.0,6.7,4.71,64.0,1.86,14.0,0.8,0.7,0.7,-4.37,-2.64,-0.89,-2.73,64.0,1.54,14.0,0.8,0.7,0.7,2.25,3.76,5.36,3.61,64.0,1.68,14.0,0.8,0.7,0.7,1009.88,1011.0,1013.42,1011.41,63.0,1.87,14.0,0.8,0.7,0.7,2.0,3.0,6.0,3.6,64.0,2.1,14.0,0.8,0.7,0.7,-25.9,-13.0,-3.4,-15.0,64.0,11.6,14.0,0.8,0.7,0.7,6.2,18.8,33.3,19.5,64.0,15.0,14.0,0.8,0.7,0.7,-1.2,0.0,1.44,0.04,55.0,1.38,14.0,0.8,0.7,0.7,-5.9,0.0,6.7,-0.4,55.0,7.1,14.0,0.8,0.7,0.7,3.89,4.87,6.75,5.08,45.0,1.58,14.0,0.8,0.7,0.7,11.1,23.6,35.1,23.3,45.0,10.7,14.0,0.8,0.7,0.7,-113.9,-72.5,-21.5,-72.0,61.0,41.7,14.0,0.8,0.7,0.7,56.7,95.3,133.3,93.5,61.0,43.8,14.0,0.8,0.7,0.7,-63.6,-43.8,-18.5,-42.8,50.0,23.2,14.0,0.8,0.7,0.7,36.0,55.9,77.0,57.1,50.0,23.0,14.0,0.8,0.7,0.7,-23.4,-14.0,-4.1,-13.7,45.0,9.1,14.0,0.8,0.7,0.7,8.9,18.1,27.5,17.9,45.0,8.3,14.0,0.8,0.7,0.7,17.5,125.0,301.0,151.5,64.0,158.0,14.0,0.8,0.7,0.7,20.0,125.0,300.0,150.0,64.0,160.0,14.0,0.8,0.7,0.7
1974,2,358.0,-11.0,25.5,26.4,27.2,26.35,95.0,0.96,16.0,0.7,0.5,0.6,24.76,25.8,26.8,25.82,99.0,1.16,16.0,0.7,0.5,0.6,14.55,15.51,16.98,15.74,85.0,1.36,14.0,0.8,0.5,0.6,70.2,75.2,83.7,76.3,87.0,7.0,16.0,0.8,0.6,2.6,4.6,6.7,4.48,99.0,1.87,16.0,0.7,0.5,0.6,-4.16,-2.64,-1.01,-2.68,99.0,1.51,16.0,0.7,0.5,0.6,1.62,3.46,5.13,3.37,99.0,1.65,16.0,0.7,0.5,0.6,1009.27,1011.0,1013.0,1011.18,100.0,2.04,16.0,0.7,0.5,0.6,1.0,3.0,6.0,3.2,104.0,2.2,16.0,0.8,0.5,0.6,-27.2,-10.8,-2.9,-14.0,99.0,11.8,16.0,0.7,0.5,0.6,4.3,16.2,34.4,17.8,99.0,13.8,16.0,0.7,0.5,0.6,-0.41,0.7,1.56,0.57,92.0,1.04,16.0,0.7,0.5,0.6,-1.5,2.6,6.6,2.6,87.0,5.2,16.0,0.7,0.5,0.6,4.19,5.85,7.05,5.77,80.0,1.52,14.0,0.7,0.5,0.6,13.0,24.0,37.1,26.3,76.0,15.5,14.0,0.7,0.5,0.6,-107.4,-67.8,-35.8,-71.2,94.0,38.7,16.0,0.7,0.5,0.6,41.2,85.2,135.1,86.5,94.0,42.1,16.0,0.7,0.5,0.6,-65.4,-41.5,-16.4,-42.6,81.0,23.1,14.0,0.8,0.5,0.6,25.6,52.1,72.9,52.0,81.0,24.8,14.0,0.8,0.5,0.6,-25.0,-13.9,-6.6,-16.3,76.0,11.3,14.0,0.7,0.5,0.6,8.2,18.8,29.0,19.4,76.0,12.7,14.0,0.7,0.5,0.6,17.5,97.5,301.0,135.5,99.0,140.0,16.0,0.7,0.5,0.6,20.0,95.0,300.0,135.0,99.0,140.0,16.0,0.7,0.5,0.6
1974,2,358.0,-10.0,26.0,26.5,27.14,26.63,36.0,0.82,14.0,0.5,0.3,0.4,25.2,25.8,26.63,26.02,37.0,1.02,12.0,0.5,0.3,0.4,14.48,15.2,16.42,15.4,33.0,1.08,12.0,0.5,0.3,0.4,68.3,72.8,77.9,73.8,34.0,5.4,14.0,0.5,0.5,3.6,4.85,6.42,5.04,36.0,1.27,12.0,0.5,0.3,0.4,-4.37,-2.96,-1.39,-2.93,36.0,1.49,12.0,0.5,0.3,0.4,2.55,3.79,4.92,3.78,36.0,1.41,12.0,0.5,0.3,0.4,1009.46,1011.0,1012.74,1011.06,36.0,1.63,12.0,0.5,0.3,0.4,1.0,3.0,5.4,3.1,36.0,2.1,12.0,0.5,0.3,0.4,-26.7,-13.6,-6.1,-15.8,36.0,10.0,12.0,0.5,0.3,0.4,11.5,19.1,31.6,20.3,36.0,11.1,12.0,0.5,0.3,0.4,-0.2,0.75,1.44,0.61,36.0,1.05,14.0,0.5,0.3,0.4,-1.1,3.4,6.1,2.8,35.0,6.0,12.0,0.5,0.3,0.4,5.32,6.38,7.85,6.46,33.0,1.4,12.0,0.5,0.3,0.4,21.7,30.8,40.7,32.0,32.0,12.3,12.0,0.5,0.3,0.4,-118.3,-78.5,-36.7,-76.6,36.0,38.9,12.0,0.5,0.3,0.4,65.7,98.7,141.0,98.8,36.0,37.8,12.0,0.5,0.3,0.4,-65.6,-43.3,-17.1,-42.7,32.0,23.1,12.0,0.5,0.3,0.4,42.4,58.3,78.4,57.5,32.0,21.6,12.0,0.5,0.3,0.4,-25.5,-17.6,-8.6,-17.6,32.0,10.6,12.0,0.5,0.3,0.4,15.1,24.0,32.8,24.8,32.0,11.9,12.0,0.5,0.3,0.4,46.5,115.0,266.0,151.5,36.0,98.5,12.0,0.5,0.3,0.4,45.0,115.0,265.0,150.0,36.0,100.0,12.0,0.5,0.3,0.4
1974,2,358.0,-9.0,26.32,27.0,27.52,26.93,4.0,0.94,8.0,1.0,0.6,0.6,24.95,26.5,27.84,26.4,4.0,1.93,8.0,1.0,0.6,0.6,14.21,14.21,14.21,14.21,1.0,0.0,2.0,1.0,0.7,0.1,76.4,76.4,76.4,76.4,1.0,0.0,2.0,1.0,0.1,6.2,6.2,8.11,7.13,3.0,1.62,10.0,1.0,0.8,0.4,-5.97,-3.99,-2.0,-3.99,3.0,2.91,10.0,1.0,0.8,0.4,5.08,5.79,6.0,5.55,3.0,0.71,10.0,1.0,0.8,0.4,1009.57,1011.0,1012.57,1011.07,3.0,2.2,4.0,1.0,0.6,0.5,4.0,5.0,5.5,4.8,4.0,1.3,8.0,1.0,0.6,0.6,-50.2,-24.7,-12.4,-31.1,3.0,28.2,10.0,1.0,0.8,0.4,32.1,37.9,47.6,39.8,3.0,11.4,10.0,1.0,0.8,0.4,-0.36,1.0,1.37,0.53,4.0,1.45,8.0,1.0,0.6,0.6,-7.9,6.2,9.2,0.8,3.0,13.3,10.0,1.0,0.8,0.4,6.46,6.46,6.46,6.46,1.0,0.0,2.0,1.0,0.7,0.1,40.0,40.0,40.0,40.0,1.0,0.0,2.0,1.0,0.7,0.1,-165.0,-95.6,-50.2,-107.3,3.0,84.7,10.0,1.0,0.8,0.4,130.1,164.9,165.3,148.1,3.0,29.5,10.0,1.0,0.8,0.4,-56.6,-56.6,-56.6,-56.6,1.0,0.0,2.0,1.0,0.7,0.1,67.5,67.5,67.5,67.5,1.0,0.0,2.0,1.0,0.7,0.1,-25.7,-25.7,-25.7,-25.7,1.0,0.0,2.0,1.0,0.7,0.1,30.7,30.7,30.7,30.7,1.0,0.0,2.0,1.0,0.7,0.1,238.5,238.5,573.5,402.0,3.0,283.5,10.0,1.0,0.8,0.4,240.0,240.0,575.0,400.0,3.0,285.0,10.0,1.0,0.8,0.4
1974,2,358.0,-8.0,26.92,27.25,28.21,27.52,6.0,0.87,16.0,0.5,0.7,0.8,26.82,27.75,29.94,28.23,8.0,1.56,16.0,0.6,0.7,0.7,18.13,19.31,20.01,19.08,3.0,1.39,16.0,1.0,0.9,0.6,74.5,88.3,88.6,81.7,3.0,11.8,16.0,1.0,0.6,2.76,5.05,7.78,5.16,8.0,2.12,16.0,0.6,0.8,0.6,-3.71,-2.13,-0.94,-2.18,8.0,1.3,16.0,0.6,0.8,0.6,2.62,4.51,6.68,4.57,8.0,1.98,16.0,0.6,0.8,0.6,1009.0,1010.4,1012.02,1010.26,8.0,2.01,16.0,0.6,0.7,0.7,2.3,5.0,5.7,3.9,9.0,2.0,16.0,0.7,0.8,0.6,-22.0,-10.7,-3.0,-12.7,8.0,10.3,16.0,0.6,0.8,0.6,7.3,23.0,52.3,27.2,8.0,21.4,16.0,0.6,0.8,0.6,-2.31,-0.6,0.41,-0.78,6.0,1.88,16.0,0.5,0.7,0.8,-12.7,-8.0,3.7,-5.4,5.0,11.4,20.0,0.4,0.7,0.8,2.72,2.72,2.72,2.72,1.0,0.0,18.0,1.0,0.9,1.0,7.1,7.1,7.1,7.1,1.0,0.0,18.0,1.0,0.9,1.0,-112.3,-67.6,-23.9,-65.5,7.0,40.4,18.0,0.6,0.8,0.7,75.1,117.0,142.8,116.1,7.0,43.6,18.0,0.6,0.8,0.7,-39.3,-18.1,-11.2,-25.1,3.0,21.5,16.0,1.0,0.9,0.6,46.5,49.7,74.0,60.0,3.0,22.0,16.0,1.0,0.9,0.6,-2.4,-2.4,-2.4,-2.4,1.0,0.0,18.0,1.0,0.9,1.0,6.7,6.7,6.7,6.7,1.0,0.0,18.0,1.0,0.9,1.0,22.5,129.0,479.0,199.5,8.0,203.5,16.0,0.6,0.8,0.6,25.0,130.0,480.0,200.0,8.0,205.0,16.0,0.6,0.8,0.6
1974,2,358.0,-7.0,,,,,,,,,,,,,,,,,,,,,,,,,,,,,,,,,,,,,,,,3.27,6.0,6.0,4.8,5.0,1.79,16.0,0.4,0.5,0.6,-1.72,-1.04,-0.92,-1.27,5.0,0.53,16.0,0.4,0.5,0.6,2.97,5.64,5.91,4.54,5.0,1.99,16.0,0.4,0.5,0.6,1009.0,1009.7,1012.76,1010.74,5.0,2.48,16.0,0.4,0.5,0.6,,,,,,,,,,,,,,,,,,,,,,,,,,,,,,,,,,,,,,,,,,,,,,,,,,,,,,,,,,,,,,,,,,,,,,,,,,,,,,,,,,,,,,,,,,,,,,,,,,,,,,,,,,,,,,,,,,,,,,,,,,,,,,,,,,,,,,,,,,,,,,,,,,,,,,
1974,2,358.0,-6.0,,,,,,,,,,,,,,,,,,,,,,,,,,,,,,,,,,,,,,,,6.02,8.0,8.68,7.37,3.0,2.03,14.0,0.7,0.3,0.2,-4.49,-3.08,-0.98,-2.74,3.0,2.59,14.0,0.7,0.3,0.2,5.43,6.13,7.72,6.56,3.0,1.72,14.0,0.7,0.3,0.2,1006.99,1010.2,1013.41,1010.2,2.0,6.65,18.0,0.5,0.3,0.3,,,,,,,,,,,,,,,,,,,,,,,,,,,,,,,,,,,,,,,,,,,,,,,,,,,,,,,,,,,,,,,,,,,,,,,,,,,,,,,,,,,,,,,,,,,,,,,,,,,,,,,,,,,,,,,,,,,,,,,,,,,,,,,,,,,,,,,,,,,,,,,,,,,,,,
1974,2,358.0,-4.0,26.2,26.2,26.2,26.2,1.0,0.0,24.0,0.0,0.5,0.8,26.7,26.7,26.7,26.7,1.0,0.0,24.0,0.0,0.5,0.8,19.13,19.13,19.13,19.13,1.0,0.0,24.0,0.0,0.5,0.8,87.2,87.2,87.2,87.2,1.0,0.0,24.0,0.0,0.8,4.1,4.1,4.1,4.1,1.0,0.0,24.0,0.0,0.5,0.8,0.0,0.0,0.0,0.0,1.0,0.0,24.0,0.0,0.5,0.8,4.1,4.1,4.1,4.1,1.0,0.0,24.0,0.0,0.5,0.8,1009.8,1009.8,1009.8,1009.8,1.0,0.0,24.0,0.0,0.5,0.8,3.0,3.0,3.0,3.0,1.0,0.0,24.0,0.0,0.5,0.8,0.0,0.0,0.0,0.0,1.0,0.0,24.0,0.0,0.5,0.8,16.8,16.8,16.8,16.8,1.0,0.0,24.0,0.0,0.5,0.8,-0.5,-0.5,-0.5,-0.5,1.0,0.0,24.0,0.0,0.5,0.8,-2.0,-2.0,-2.0,-2.0,1.0,0.0,24.0,0.0,0.5,0.8,2.19,2.19,2.19,2.19,1.0,0.0,24.0,0.0,0.5,0.8,9.0,9.0,9.0,9.0,1.0,0.0,24.0,0.0,0.5,0.8,0.0,0.0,0.0,0.0,1.0,0.0,24.0,0.0,0.5,0.8,109.5,109.5,109.5,109.5,1.0,0.0,24.0,0.0,0.5,0.8,0.0,0.0,0.0,0.0,1.0,0.0,24.0,0.0,0.5,0.8,78.4,78.4,78.4,78.4,1.0,0.0,24.0,0.0,0.5,0.8,0.0,0.0,0.0,0.0,1.0,0.0,24.0,0.0,0.5,0.8,9.0,9.0,9.0,9.0,1.0,0.0,24.0,0.0,0.5,0.8,69.0,69.0,69.0,69.0,1.0,0.0,24.0,0.0,0.5,0.8,70.0,70.0,70.0,70.0,1.0,0.0,24.0,0.0,0.5,0.8
1974,2,358.0,-2.0,25.98,26.75,27.49,26.87,6.0,0.98,6.0,0.2,0.5,0.7,24.2,26.05,27.19,25.9,6.0,1.6,8.0,0.2,0.5,0.8,16.28,18.4,18.74,17.55,4.0,2.0,10.0,0.3,0.6,0.7,77.2,81.2,82.4,79.9,5.0,4.0,8.0,0.2,0.7,1.87,4.1,4.2,3.33,6.0,1.44,8.0,0.2,0.5,0.8,-2.7,-1.57,0.08,-1.39,6.0,1.51,8.0,0.2,0.5,0.8,1.82,3.14,3.64,2.81,6.0,1.16,8.0,0.2,0.5,0.8,1009.09,1010.1,1010.6,1009.88,6.0,0.96,8.0,0.2,0.6,0.6,1.9,4.0,5.1,3.7,7.0,2.5,6.0,0.1,0.6,0.7,-11.4,-5.7,0.2,-5.8,6.0,6.6,8.0,0.2,0.5,0.8,3.6,12.9,16.3,10.7,6.0,6.5,8.0,0.2,0.5,0.8,-0.31,1.6,1.74,0.82,5.0,1.3,6.0,0.2,0.5,0.8,0.1,3.4,7.5,3.6,5.0,4.0,6.0,0.2,0.5,0.8,3.69,4.53,5.41,4.55,3.0,1.26,8.0,0.3,0.5,0.6,6.1,12.2,16.6,11.4,3.0,7.7,8.0,0.3,0.5,0.6,-67.3,-38.9,2.0,-34.3,6.0,36.9,8.0,0.2,0.5,0.8,49.3,77.4,90.5,71.8,6.0,29.3,8.0,0.2,0.5,0.8,-24.6,-4.7,3.6,-10.2,4.0,19.9,10.0,0.3,0.6,0.7,27.0,42.3,60.8,43.8,4.0,24.0,10.0,0.3,0.6,0.7,-1.1,0.0,1.4,0.2,3.0,1.9,8.0,0.3,0.5,0.6,5.8,12.0,16.5,11.2,3.0,7.9,8.0,0.3,0.5,0.6,7.5,69.0,75.0,52.5,6.0,38.5,8.0,0.2,0.5,0.8,10.0,70.0,75.0,50.0,6.0,40.0,8.0,0.2,0.5,0.8
1974,2,358.0,0.0,27.6,28.2,29.0,28.23,7.0,0.6,14.0,0.3,0.8,0.4,25.0,26.5,27.72,26.44,7.0,1.27,14.0,0.3,0.8,0.4,17.35,18.62,18.69,18.12,6.0,0.9,14.0,0.3,0.8,0.4,79.8,82.3,84.9,82.7,6.0,4.1,14.0,0.3,0.4,0.0,2.6,3.12,1.99,7.0,1.44,12.0,0.3,0.8,0.4,-0.03,0.89,1.23,0.55,7.0,0.72,12.0,0.3,0.8,0.4,0.0,2.25,3.07,1.84,7.0,1.36,12.0,0.3,0.8,0.4,1008.96,1009.4,1010.29,1009.67,7.0,1.27,12.0,0.3,0.8,0.4,3.8,5.5,7.2,5.5,6.0,2.1,14.0,0.3,0.8,0.4,-0.1,2.0,3.4,1.5,7.0,2.1,12.0,0.3,0.8,0.4,0.0,5.9,9.6,5.3,7.0,4.6,12.0,0.3,0.8,0.4,-0.1,2.5,2.67,1.79,7.0,1.55,14.0,0.3,0.8,0.4,-0.4,0.0,3.9,1.5,6.0,2.9,14.0,0.3,0.9,0.3,4.96,5.48,6.75,5.78,6.0,1.12,14.0,0.3,0.8,0.4,8.8,14.6,15.9,12.1,5.0,6.8,14.0,0.4,0.8,0.2,-3.1,11.4,34.3,12.8,6.0,20.8,14.0,0.3,0.9,0.3,0.0,61.8,87.7,50.6,6.0,41.2,14.0,0.3,0.9,0.3,-3.7,16.5,23.5,10.7,5.0,15.1,14.0,0.4,0.8,0.2,26.7,45.4,59.3,41.5,5.0,24.7,14.0,0.4,0.8,0.2,-1.0,5.0,6.1,3.0,5.0,4.1,14.0,0.4,0.8,0.2,7.7,13.7,15.3,11.3,5.0,6.5,14.0,0.4,0.8,0.2,0.0,17.5,30.5,17.0,7.0,17.0,12.0,0.3,0.8,0.4,0.0,20.0,30.0,15.0,7.0,15.0,12.0,0.3,0.8,0.4
1974,2,358.0,1.0,27.95,29.0,29.1,28.77,7.0,1.22,14.0,0.3,0.7,0.4,25.96,26.5,28.03,26.9,7.0,1.19,14.0,0.3,0.7,0.4,17.82,18.39,18.94,18.38,3.0,0.82,6.0,0.7,0.8,0.3,78.6,81.1,82.6,80.6,3.0,2.9,6.0,0.7,0.3,1.9,3.0,6.22,3.7,7.0,2.4,14.0,0.3,0.7,0.4,-2.18,0.0,3.01,0.11,7.0,2.66,14.0,0.3,0.7,0.4,0.0,2.3,5.8,2.59,7.0,2.61,14.0,0.3,0.7,0.4,1006.97,1009.3,1010.0,1008.9,7.0,1.95,14.0,0.3,0.7,0.4,3.0,7.0,8.0,6.0,6.0,2.4,14.0,0.3,0.7,0.4,-13.6,0.0,9.3,-1.8,7.0,13.2,14.0,0.3,0.7,0.4,0.0,6.9,36.3,14.5,7.0,17.1,14.0,0.3,0.7,0.4,0.36,2.0,2.66,1.87,7.0,2.09,14.0,0.3,0.7,0.4,-0.1,2.7,11.6,4.4,7.0,5.9,14.0,0.3,0.7,0.4,4.12,5.99,7.1,5.62,3.0,2.21,6.0,0.7,0.8,0.3,6.4,20.1,33.8,20.1,3.0,20.1,6.0,0.7,0.8,0.3,-60.0,0.0,78.3,0.8,7.0,71.9,14.0,0.3,0.7,0.4,0.0,65.7,160.3,71.2,7.0,72.2,14.0,0.3,0.7,0.4,-55.0,-40.7,-12.9,-34.1,3.0,31.3,6.0,0.7,0.8,0.3,33.9,106.7,110.2,72.8,3.0,63.1,6.0,0.7,0.8,0.3,-15.9,-6.9,-2.2,-9.0,3.0,10.2,6.0,0.7,0.8,0.3,6.0,18.9,29.7,17.9,3.0,17.4,6.0,0.7,0.8,0.3,7.5,27.0,241.5,103.5,7.0,122.0,14.0,0.3,0.7,0.4,10.0,25.0,240.0,105.0,7.0,120.0,14.0,0.3,0.7,0.4
1974,2,358.0,2.0,27.68,28.7,30.2,28.93,3.0,1.86,20.0,0.3,0.5,0.2,26.07,27.3,27.91,27.0,3.0,1.37,20.0,0.3,0.5,0.2,18.07,18.31,18.55,18.31,2.0,0.49,24.0,0.5,0.7,0.3,79.6,83.1,86.6,83.1,2.0,7.2,24.0,0.5,0.3,4.26,4.6,4.94,4.6,2.0,0.71,24.0,0.5,0.7,0.3,0.33,1.03,1.72,1.03,2.0,1.45,24.0,0.5,0.7,0.3,3.8,4.33,4.85,4.33,2.0,1.1,24.0,0.5,0.7,0.3,1010.75,1011.3,1011.71,1011.23,3.0,0.7,20.0,0.3,0.5,0.2,2.3,3.0,3.7,3.0,2.0,1.4,24.0,0.5,0.7,0.3,1.3,4.2,7.1,4.2,2.0,5.9,24.0,0.5,0.7,0.3,16.4,20.3,24.2,20.3,2.0,8.1,24.0,0.5,0.7,0.3,0.88,1.7,3.0,1.93,3.0,1.56,20.0,0.3,0.5,0.2,3.1,5.4,7.6,5.4,2.0,4.7,24.0,0.5,0.7,0.3,4.85,5.35,5.84,5.35,2.0,1.02,24.0,0.5,0.7,0.3,23.8,24.2,24.7,24.2,2.0,0.9,24.0,0.5,0.7,0.3,9.2,28.9,48.6,28.9,2.0,40.9,24.0,0.5,0.7,0.3,104.9,115.1,125.3,115.1,2.0,21.2,24.0,0.5,0.7,0.3,6.1,19.1,32.2,19.1,2.0,27.0,24.0,0.5,0.7,0.3,70.3,78.9,87.6,78.9,2.0,17.9,24.0,0.5,0.7,0.3,2.0,6.2,10.5,6.2,2.0,8.8,24.0,0.5,0.7,0.3,21.9,22.6,23.3,22.6,2.0,1.5,24.0,0.5,0.7,0.3,79.0,101.0,122.5,101.0,2.0,45.0,24.0,0.5,0.7,0.3,80.0,100.0,125.0,100.0,2.0,45.0,24.0,0.5,0.7,0.3
1974,2,358.0,3.0,26.74,29.4,30.15,28.47,3.0,2.63,16.0,0.3,0.7,0.7,28.66,29.0,29.68,29.17,3.0,0.76,16.0,0.3,0.7,0.7,19.95,20.25,20.83,20.39,3.0,0.65,16.0,0.3,0.7,0.7,79.6,80.5,81.1,80.3,3.0,1.1,16.0,0.3,0.7,2.14,4.6,7.81,4.97,3.0,4.16,16.0,0.3,0.7,0.7,0.02,0.8,5.12,2.53,3.0,4.02,16.0,0.3,0.7,0.7,2.08,4.53,5.52,3.82,3.0,2.59,16.0,0.3,0.7,0.7,1007.89,1008.5,1010.07,1008.97,3.0,1.65,16.0,0.3,0.7,0.7,4.6,6.0,6.7,5.7,3.0,1.5,16.0,0.3,0.7,0.7,0.9,3.7,46.4,23.2,3.0,37.3,16.0,0.3,0.7,0.7,7.3,20.8,44.6,25.8,3.0,27.7,16.0,0.3,0.7,0.7,-2.94,0.4,1.49,-0.7,3.0,3.39,16.0,0.3,0.7,0.7,-2.5,1.8,13.3,5.3,3.0,11.9,16.0,0.3,0.7,0.7,1.35,5.59,7.0,4.21,3.0,4.31,16.0,0.3,0.7,0.7,7.7,25.7,56.7,32.1,3.0,36.3,16.0,0.3,0.7,0.7,0.3,23.2,145.9,72.0,3.0,114.7,16.0,0.3,0.7,0.7,60.9,131.4,158.0,110.0,3.0,73.5,16.0,0.3,0.7,0.7,0.2,16.2,101.5,50.1,3.0,79.8,16.0,0.3,0.7,0.7,42.6,91.7,110.0,76.7,3.0,51.0,16.0,0.3,0.7,0.7,1.6,4.5,38.6,19.7,3.0,30.2,16.0,0.3,0.7,0.7,7.6,25.3,39.3,23.5,3.0,23.2,16.0,0.3,0.7,0.7,31.5,97.5,580.0,301.0,3.0,438.5,16.0,0.3,0.7,0.7,30.0,95.0,580.0,300.0,3.0,440.0,16.0,0.3,0.7,0.7
1974,2,358.0,4.0,27.26,28.85,29.0,28.56,30.0,1.0,12.0,0.4,0.5,0.5,27.5,28.0,28.76,28.14,30.0,0.85,12.0,0.4,0.5,0.5,18.6,19.77,20.19,19.47,13.0,1.06,10.0,0.3,0.5,0.4,78.1,84.5,87.8,83.7,14.0,4.4,10.0,0.4,0.4,1.0,3.1,4.95,2.89,27.0,1.75,14.0,0.3,0.5,0.5,0.0,1.73,3.82,1.84,27.0,1.72,14.0,0.3,0.5,0.5,0.0,1.29,3.12,1.26,27.0,1.9,14.0,0.3,0.5,0.5,1007.5,1009.05,1010.49,1009.26,28.0,2.27,12.0,0.4,0.5,0.5,2.1,7.0,8.0,5.4,27.0,2.8,12.0,0.4,0.5,0.5,0.0,3.5,16.2,7.5,27.0,9.0,14.0,0.3,0.5,0.5,0.0,2.3,13.5,4.7,27.0,8.6,14.0,0.3,0.5,0.5,-0.71,0.5,1.4,0.49,29.0,1.12,12.0,0.4,0.5,0.5,0.0,1.2,4.9,1.6,26.0,2.9,12.0,0.3,0.5,0.5,2.9,4.75,5.71,4.49,13.0,1.59,10.0,0.3,0.5,0.4,2.0,11.2,24.4,12.4,12.0,10.4,10.0,0.3,0.5,0.4,0.0,48.8,108.6,52.6,26.0,49.3,12.0,0.3,0.5,0.5,0.0,32.4,87.4,33.7,26.0,53.3,12.0,0.3,0.5,0.5,0.0,18.9,55.8,26.4,12.0,26.5,10.0,0.3,0.5,0.4,0.0,29.2,59.6,35.0,12.0,31.7,10.0,0.3,0.5,0.4,0.0,3.3,16.7,7.7,12.0,8.2,10.0,0.3,0.5,0.4,0.0,6.1,17.0,8.8,12.0,7.7,10.0,0.3,0.5,0.4,1.0,30.0,121.5,49.0,27.0,56.5,14.0,0.3,0.5,0.5,0.0,30.0,120.0,50.0,27.0,55.0,14.0,0.3,0.5,0.5
1974,2,358.0,5.0,28.25,28.35,28.45,28.35,2.0,0.21,14.0,1.0,1.0,0.0,27.9,28.55,29.2,28.55,2.0,1.34,14.0,1.0,1.0,0.0,19.4,19.74,20.08,19.74,2.0,0.7,14.0,1.0,1.0,0.0,76.6,80.9,85.3,80.9,2.0,9.0,14.0,1.0,0.0,1.17,1.55,1.93,1.55,2.0,0.78,14.0,1.0,1.0,0.0,1.12,1.52,1.92,1.52,2.0,0.82,14.0,1.0,1.0,0.0,-0.29,-0.17,-0.05,-0.17,2.0,0.24,14.0,1.0,1.0,0.0,1008.22,1008.9,1009.58,1008.9,2.0,1.41,14.0,1.0,1.0,0.0,8.0,8.0,8.0,8.0,2.0,0.0,14.0,1.0,1.0,0.0,1.5,2.7,3.9,2.7,2.0,2.5,14.0,1.0,1.0,0.0,-0.3,-0.2,-0.1,-0.2,2.0,0.2,14.0,1.0,1.0,0.0,-0.75,-0.2,0.35,-0.2,2.0,1.13,14.0,1.0,1.0,0.0,-1.7,-0.7,0.2,-0.7,2.0,1.9,14.0,1.0,1.0,0.0,4.05,4.52,4.99,4.52,2.0,0.97,14.0,1.0,1.0,0.0,5.0,7.4,9.8,7.4,2.0,5.0,14.0,1.0,1.0,0.0,31.7,43.9,56.2,43.9,2.0,25.5,14.0,1.0,1.0,0.0,-7.9,-4.7,-1.5,-4.7,2.0,6.7,14.0,1.0,1.0,0.0,22.4,29.7,37.0,29.7,2.0,15.1,14.0,1.0,1.0,0.0,-5.8,-3.5,-1.1,-3.5,2.0,4.9,14.0,1.0,1.0,0.0,4.8,7.3,9.8,7.3,2.0,5.2,14.0,1.0,1.0,0.0,-1.1,-0.7,-0.2,-0.7,2.0,0.9,14.0,1.0,1.0,0.0,2.5,5.0,8.0,5.0,2.0,6.0,14.0,1.0,1.0,0.0,0.0,5.0,10.0,5.0,2.0,5.0,14.0,1.0,1.0,0.0
1974,2,358.0,35.0,14.48,15.5,16.52,15.5,2.0,2.12,16.0,0.0,0.8,0.7,13.91,14.15,14.39,14.15,2.0,0.49,16.0,0.0,0.8,0.7,5.04,5.04,5.04,5.04,1.0,0.0,22.0,0.0,0.7,0.9,51.9,51.9,51.9,51.9,1.0,0.0,22.0,0.0,0.9,2.48,5.65,8.82,5.65,2.0,6.58,16.0,0.0,0.8,0.7,-6.79,-4.44,-2.08,-4.44,2.0,4.88,16.0,0.0,0.8,0.7,-5.6,-3.4,-1.2,-3.4,2.0,4.56,16.0,0.0,0.8,0.7,1018.56,1020.2,1021.84,1020.2,2.0,3.39,16.0,0.0,0.8,0.7,1.1,3.5,5.9,3.5,2.0,4.9,16.0,0.0,0.8,0.7,-68.5,-41.1,-13.7,-41.1,2.0,56.8,16.0,0.0,0.8,0.7,-57.4,-34.2,-11.0,-34.2,2.0,48.1,16.0,0.0,0.8,0.7,0.57,1.35,2.13,1.35,2.0,1.63,16.0,0.0,0.8,0.7,2.1,2.3,2.4,2.3,2.0,0.3,16.0,0.0,0.8,0.7,4.82,4.82,4.82,4.82,1.0,0.0,22.0,0.0,0.7,0.9,49.7,49.7,49.7,49.7,1.0,0.0,22.0,0.0,0.7,0.9,-93.9,-61.6,-29.3,-61.6,2.0,66.9,16.0,0.0,0.8,0.7,-77.3,-46.9,-16.6,-46.9,2.0,62.8,16.0,0.0,0.8,0.7,-39.8,-39.8,-39.8,-39.8,1.0,0.0,22.0,0.0,0.7,0.9,-33.4,-33.4,-33.4,-33.4,1.0,0.0,22.0,0.0,0.7,0.9,-38.1,-38.1,-38.1,-38.1,1.0,0.0,22.0,0.0,0.7,0.9,-31.9,-31.9,-31.9,-31.9,1.0,0.0,22.0,0.0,0.7,0.9,174.5,547.0,919.5,547.0,2.0,772.0,16.0,0.0,0.8,0.7,175.0,545.0,920.0,545.0,2.0,770.0,16.0,0.0,0.8,0.7
1974,2,358.0,36.0,13.9,14.5,16.0,14.71,180.0,1.22,16.0,0.3,0.5,0.6,11.64,13.8,15.35,13.65,193.0,2.1,16.0,0.3,0.5,0.6,5.22,6.61,8.25,6.64,92.0,1.6,18.0,0.4,0.4,0.7,55.9,71.7,85.1,70.5,93.0,15.0,18.0,0.4,0.7,3.0,7.0,12.0,7.62,185.0,4.57,16.0,0.3,0.5,0.6,-3.39,2.95,11.04,3.34,185.0,6.88,16.0,0.3,0.5,0.6,-4.62,0.0,3.25,-0.68,185.0,4.51,16.0,0.3,0.5,0.6,1008.1,1016.3,1022.11,1015.47,193.0,6.33,16.0,0.3,0.5,0.6,0.0,4.0,8.0,4.1,187.0,3.0,16.0,0.3,0.5,0.6,-21.3,8.9,128.5,43.9,185.0,98.4,16.0,0.3,0.5,0.6,-33.2,0.0,33.8,-2.8,185.0,51.4,16.0,0.3,0.5,0.6,-1.0,1.0,3.1,1.07,178.0,2.13,16.0,0.3,0.5,0.6,-6.1,4.2,21.0,7.1,166.0,17.7,16.0,0.3,0.5,0.6,2.06,3.89,4.83,3.66,88.0,1.47,16.0,0.4,0.4,0.7,7.2,19.8,41.3,23.9,82.0,16.6,16.0,0.4,0.4,0.7,-46.5,38.5,159.1,47.6,181.0,97.0,16.0,0.3,0.5,0.6,-59.3,0.0,42.7,-6.9,181.0,59.2,16.0,0.3,0.5,0.6,-20.0,13.6,51.0,15.2,86.0,36.9,16.0,0.4,0.4,0.7,-39.3,-3.3,20.8,-6.5,86.0,32.4,16.0,0.4,0.4,0.7,-12.7,5.4,26.4,5.2,82.0,21.3,16.0,0.4,0.4,0.7,-26.7,-2.5,7.1,-7.0,82.0,18.0,16.0,0.4,0.4,0.7,27.0,343.0,1728.0,987.0,185.0,1740.5,16.0,0.3,0.5,0.6,25.0,345.0,1730.0,985.0,185.0,1740.0,16.0,0.3,0.5,0.6
1974,2,358.0,37.0,12.8,13.3,15.0,13.58,79.0,1.05,20.0,0.4,0.4,0.1,11.63,13.0,14.6,13.22,85.0,1.61,20.0,0.4,0.4,0.1,4.67,5.91,7.85,6.08,74.0,1.41,20.0,0.4,0.4,0.1,53.2,66.5,76.6,65.0,75.0,12.4,20.0,0.4,0.1,2.6,5.7,9.8,6.1,83.0,3.42,20.0,0.4,0.4,0.1,-3.38,0.0,7.09,1.16,83.0,5.19,20.0,0.4,0.4,0.1,-6.66,-2.12,1.23,-2.21,83.0,4.02,20.0,0.4,0.4,0.1,1012.84,1018.0,1020.5,1016.79,84.0,4.33,20.0,0.4,0.4,0.1,0.0,2.0,6.0,2.6,84.0,2.6,20.0,0.4,0.4,0.1,-17.7,0.0,57.9,13.4,83.0,56.4,20.0,0.4,0.4,0.1,-48.7,-12.2,4.3,-15.5,83.0,37.6,20.0,0.4,0.4,0.1,-1.1,0.6,1.96,0.39,79.0,1.52,20.0,0.4,0.4,0.1,-5.4,2.8,10.5,2.4,77.0,11.3,20.0,0.4,0.4,0.1,2.37,3.38,4.82,3.54,70.0,1.24,22.0,0.4,0.4,0.1,7.4,19.7,32.9,21.3,70.0,14.0,22.0,0.4,0.4,0.1,-43.5,0.0,105.6,17.3,83.0,71.3,20.0,0.4,0.4,0.1,-79.1,-31.0,15.6,-27.1,83.0,52.9,20.0,0.4,0.4,0.1,-20.8,0.0,36.2,7.3,74.0,33.4,20.0,0.4,0.4,0.1,-36.4,-13.3,7.0,-12.2,74.0,23.7,20.0,0.4,0.4,0.1,-11.2,0.0,18.2,1.1,70.0,17.4,22.0,0.4,0.4,0.1,-25.5,-8.5,1.6,-10.6,70.0,15.4,22.0,0.4,0.4,0.1,17.5,185.0,941.0,463.0,83.0,711.5,20.0,0.4,0.4,0.1,20.0,185.0,940.0,465.0,83.0,710.0,20.0,0.4,0.4,0.1
1974,2,358.0,43.0,12.0,12.5,13.0,12.58,18.0,0.81,16.0,0.5,0.2,0.7,9.94,11.3,12.66,11.3,18.0,1.12,16.0,0.5,0.2,0.7,5.75,6.27,7.13,6.4,18.0,0.84,16.0,0.5,0.2,0.7,66.5,76.4,85.5,77.0,18.0,10.4,16.0,0.5,0.7,5.1,7.45,11.3,7.98,18.0,3.12,16.0,0.5,0.2,0.7,-4.48,-1.52,6.27,0.23,18.0,4.83,16.0,0.5,0.2,0.7,-9.43,0.0,5.4,-1.21,18.0,7.23,16.0,0.5,0.2,0.7,1002.0,1009.25,1014.01,1009.19,18.0,6.97,16.0,0.5,0.2,0.7,2.7,7.0,8.0,5.7,18.0,2.6,16.0,0.5,0.2,0.7,-38.4,-5.5,54.7,2.6,18.0,44.2,16.0,0.5,0.2,0.7,-100.4,0.0,42.9,-13.7,18.0,78.4,16.0,0.5,0.2,0.7,-0.06,1.3,2.26,1.28,18.0,1.22,16.0,0.5,0.2,0.7,-0.4,10.8,21.2,11.2,18.0,11.7,16.0,0.5,0.2,0.7,1.84,2.81,3.56,2.68,18.0,0.94,16.0,0.5,0.2,0.7,13.3,22.1,35.1,22.8,18.0,12.1,16.0,0.5,0.2,0.7,-44.2,-17.4,69.6,4.2,18.0,53.9,16.0,0.5,0.2,0.7,-108.4,0.0,64.2,-10.3,18.0,82.5,16.0,0.5,0.2,0.7,-27.5,-9.8,37.1,0.5,18.0,29.8,16.0,0.5,0.2,0.7,-62.3,0.0,31.2,-8.8,18.0,45.1,16.0,0.5,0.2,0.7,-12.7,-1.0,18.6,1.4,18.0,15.0,16.0,0.5,0.2,0.7,-23.3,0.0,15.4,-1.9,18.0,21.6,16.0,0.5,0.2,0.7,132.5,415.0,1443.0,730.5,18.0,723.5,16.0,0.5,0.2,0.7,135.0,415.0,1445.0,730.0,18.0,725.0,16.0,0.5,0.2,0.7
1974,2,358.0,45.0,9.0,9.5,10.0,9.52,76.0,0.45,14.0,0.1,0.7,0.6,7.5,10.0,12.0,9.82,73.0,2.04,14.0,0.1,0.7,0.6,4.65,5.8,7.1,5.89,73.0,1.13,14.0,0.1,0.7,0.6,72.2,76.0,86.8,77.7,73.0,8.2,14.0,0.1,0.6,3.97,10.3,12.33,8.81,75.0,4.45,14.0,0.1,0.7,0.6,-5.81,0.0,6.76,1.01,75.0,6.48,14.0,0.1,0.7,0.6,-7.89,-1.05,8.39,-0.39,75.0,7.43,14.0,0.1,0.7,0.6,1002.37,1014.5,1025.5,1013.96,75.0,9.42,14.0,0.1,0.7,0.6,0.0,2.0,8.0,3.1,42.0,3.5,16.0,0.1,0.7,0.6,-55.8,0.0,72.1,21.6,75.0,93.1,14.0,0.1,0.7,0.6,-82.1,-2.2,87.2,-0.6,75.0,87.7,14.0,0.1,0.7,0.6,-2.2,-0.5,1.87,-0.29,73.0,1.89,14.0,0.1,0.7,0.6,-25.3,-2.1,11.6,-4.6,72.0,16.5,14.0,0.1,0.7,0.6,0.38,1.57,2.46,1.47,73.0,1.04,14.0,0.1,0.7,0.6,2.1,10.1,24.3,12.0,72.0,11.0,14.0,0.1,0.7,0.6,-49.3,0.0,79.6,15.4,72.0,70.9,14.0,0.1,0.7,0.6,-72.0,-6.9,85.0,1.1,72.0,76.7,14.0,0.1,0.7,0.6,-30.1,0.0,47.1,9.5,72.0,44.2,14.0,0.1,0.7,0.6,-42.2,-5.2,50.2,0.0,72.0,44.8,14.0,0.1,0.7,0.6,-12.3,0.0,4.0,-1.5,72.0,9.8,14.0,0.1,0.7,0.6,-18.1,-1.1,7.8,-3.8,72.0,12.4,14.0,0.1,0.7,0.6,63.0,1092.5,1872.5,1211.5,75.0,1574.5,14.0,0.1,0.7,0.6,65.0,1095.0,1875.0,1210.0,75.0,1575.0,14.0,0.1,0.7,0.6
1974,2,358.0,48.0,,,,,,,,,,,,,,,,,,,,,,,,,,,,,,,,,,,,,,,,0.0,0.0,0.0,0.0,1.0,0.0,22.0,0.0,0.7,0.9,0.0,0.0,0.0,0.0,1.0,0.0,22.0,0.0,0.7,0.9,0.0,0.0,0.0,0.0,1.0,0.0,22.0,0.0,0.7,0.9,1034.2,1034.2,1034.2,1034.2,1.0,0.0,22.0,0.0,0.7,0.9,,,,,,,,,,,,,,,,,,,,,,,,,,,,,,,,,,,,,,,,,,,,,,,,,,,,,,,,,,,,,,,,,,,,,,,,,,,,,,,,,,,,,,,,,,,,,,,,,,,,,,,,,,,,,,,,,,,,,,,,,,,,,,,,,,,,,,,,,,,,,,,,,,,,,,
1974,2,358.0,49.0,8.2,10.0,11.0,9.69,35.0,1.35,12.0,0.3,0.6,0.8,7.0,8.5,10.92,8.82,35.0,1.81,12.0,0.3,0.6,0.8,4.56,5.33,6.3,5.37,22.0,0.83,14.0,0.4,0.6,0.8,68.4,74.7,82.4,75.3,22.0,7.1,14.0,0.4,0.8,4.88,9.4,13.18,9.42,36.0,4.33,12.0,0.3,0.6,0.8,-4.22,2.95,7.76,1.93,36.0,6.2,12.0,0.3,0.6,0.8,-6.66,-0.17,9.26,1.56,36.0,8.07,12.0,0.3,0.6,0.8,996.7,1006.7,1029.97,1009.65,35.0,15.09,12.0,0.3,0.6,0.8,2.0,6.0,8.0,5.0,32.0,2.7,12.0,0.3,0.6,0.8,-29.4,20.6,93.7,26.7,36.0,75.1,12.0,0.3,0.6,0.8,-58.2,-0.3,117.0,30.9,36.0,106.2,12.0,0.3,0.6,0.8,-0.98,0.35,3.0,0.78,34.0,2.04,12.0,0.3,0.6,0.8,-7.6,2.6,29.5,6.9,34.0,21.4,12.0,0.3,0.6,0.8,1.15,1.82,2.64,1.87,22.0,0.7,14.0,0.4,0.6,0.8,9.2,20.0,25.3,17.8,22.0,8.2,14.0,0.4,0.6,0.8,-40.1,22.9,65.0,16.7,35.0,55.1,12.0,0.3,0.6,0.8,-56.8,5.7,100.4,21.2,35.0,73.0,12.0,0.3,0.6,0.8,-24.1,15.2,33.6,7.1,22.0,35.9,14.0,0.4,0.6,0.8,-26.0,-7.3,72.3,18.6,22.0,46.7,14.0,0.4,0.6,0.8,-12.9,3.1,14.9,0.2,22.0,13.4,14.0,0.4,0.6,0.8,-13.6,-1.5,19.0,1.6,22.0,14.8,14.0,0.4,0.6,0.8,117.0,835.0,2290.0,1346.5,36.0,1409.5,12.0,0.3,0.6,0.8,115.0,835.0,2290.0,1345.0,36.0,1410.0,12.0,0.3,0.6,0.8
1974,2,358.0,50.0,8.0,10.0,11.0,9.53,81.0,1.41,14.0,0.4,0.6,0.2,6.26,8.5,10.77,8.46,87.0,2.22,14.0,0.3,0.6,0.2,3.77,5.2,6.76,5.27,34.0,1.31,14.0,0.5,0.6,0.3,68.8,78.1,91.9,78.7,35.0,12.0,14.0,0.5,0.3,5.0,8.7,15.35,9.91,90.0,5.45,14.0,0.4,0.6,0.2,-3.84,4.38,11.46,3.84,90.0,7.75,14.0,0.4,0.6,0.2,-5.62,0.0,9.53,1.48,90.0,7.19,14.0,0.4,0.6,0.2,996.28,1008.3,1026.3,1010.26,89.0,14.67,14.0,0.4,0.6,0.2,1.2,6.0,8.0,4.9,78.0,3.0,14.0,0.4,0.6,0.2,-20.8,24.7,164.5,59.4,90.0,133.8,14.0,0.4,0.6,0.2,-45.6,0.0,135.7,31.0,90.0,107.5,14.0,0.4,0.6,0.2,-1.28,1.0,3.0,0.97,77.0,2.13,14.0,0.3,0.6,0.2,-8.0,6.2,28.2,7.8,75.0,23.5,14.0,0.3,0.6,0.2,0.6,2.05,3.13,1.9,28.0,1.29,16.0,0.5,0.6,0.2,4.3,10.7,34.8,18.0,27.0,17.6,16.0,0.5,0.6,0.2,-31.9,31.7,108.5,37.2,85.0,70.1,14.0,0.3,0.6,0.2,-41.5,-5.5,81.1,17.2,85.0,65.3,14.0,0.3,0.6,0.2,-21.2,16.6,50.5,16.1,33.0,37.0,14.0,0.5,0.6,0.3,-27.0,-8.1,53.9,5.3,33.0,38.4,14.0,0.5,0.6,0.3,-7.6,2.2,25.9,6.9,27.0,20.3,16.0,0.5,0.6,0.2,-17.9,-2.6,9.1,-2.6,27.0,13.5,16.0,0.5,0.6,0.2,125.0,658.5,3618.0,1958.0,90.0,2872.0,14.0,0.4,0.6,0.2,125.0,660.0,3620.0,1960.0,90.0,2870.0,14.0,0.4,0.6,0.2
1974,2,358.0,51.0,5.8,5.8,5.8,5.8,1.0,0.0,14.0,0.0,0.4,0.5,3.0,3.0,3.0,3.0,1.0,0.0,14.0,0.0,0.4,0.5,3.86,3.86,3.86,3.86,1.0,0.0,14.0,0.0,0.4,0.5,80.7,80.7,80.7,80.7,1.0,0.0,14.0,0.0,0.5,5.1,5.1,5.1,5.1,1.0,0.0,14.0,0.0,0.4,0.5,-0.89,-0.89,-0.89,-0.89,1.0,0.0,14.0,0.0,0.4,0.5,5.02,5.02,5.02,5.02,1.0,0.0,14.0,0.0,0.4,0.5,992.8,992.8,992.8,992.8,1.0,0.0,14.0,0.0,0.4,0.5,7.0,7.0,7.0,7.0,1.0,0.0,14.0,0.0,0.4,0.5,-4.5,-4.5,-4.5,-4.5,1.0,0.0,14.0,0.0,0.4,0.5,25.6,25.6,25.6,25.6,1.0,0.0,14.0,0.0,0.4,0.5,2.8,2.8,2.8,2.8,1.0,0.0,14.0,0.0,0.4,0.5,14.3,14.3,14.3,14.3,1.0,0.0,14.0,0.0,0.4,0.5,1.97,1.97,1.97,1.97,1.0,0.0,14.0,0.0,0.4,0.5,10.0,10.0,10.0,10.0,1.0,0.0,14.0,0.0,0.4,0.5,-2.7,-2.7,-2.7,-2.7,1.0,0.0,14.0,0.0,0.4,0.5,15.1,15.1,15.1,15.1,1.0,0.0,14.0,0.0,0.4,0.5,-3.4,-3.4,-3.4,-3.4,1.0,0.0,14.0,0.0,0.4,0.5,19.4,19.4,19.4,19.4,1.0,0.0,14.0,0.0,0.4,0.5,-1.7,-1.7,-1.7,-1.7,1.0,0.0,14.0,0.0,0.4,0.5,9.9,9.9,9.9,9.9,1.0,0.0,14.0,0.0,0.4,0.5,132.5,132.5,132.5,132.5,1.0,0.0,14.0,0.0,0.4,0.5,135.0,135.0,135.0,135.0,1.0,0.0,14.0,0.0,0.4,0.5
1974,2,358.0,54.0,6.23,6.3,6.37,6.3,2.0,0.14,10.0,0.0,0.7,0.8,5.15,5.9,6.65,5.9,2.0,1.56,10.0,0.0,0.7,0.8,4.21,4.91,5.6,4.91,2.0,1.44,10.0,0.0,0.7,0.8,74.6,82.2,89.8,82.2,2.0,15.8,10.0,0.0,0.8,4.85,5.4,5.95,5.4,2.0,1.13,10.0,0.0,0.7,0.8,-4.89,-2.27,0.35,-2.27,2.0,5.43,10.0,0.0,0.7,0.8,1.59,2.7,3.81,2.7,2.0,2.3,10.0,0.0,0.7,0.8,985.75,987.15,988.55,987.15,2.0,2.9,10.0,0.0,0.7,0.8,7.0,7.0,7.0,7.0,1.0,0.0,6.0,0.0,1.0,0.7,-30.7,-15.3,0.1,-15.3,2.0,31.9,10.0,0.0,0.7,0.8,8.8,13.3,17.8,13.3,2.0,9.3,10.0,0.0,0.7,0.8,-0.42,0.4,1.22,0.4,2.0,1.7,10.0,0.0,0.7,0.8,-3.0,1.2,5.4,1.2,2.0,8.7,10.0,0.0,0.7,0.8,0.42,1.16,1.89,1.16,2.0,1.52,10.0,0.0,0.7,0.8,2.1,5.4,8.7,5.4,2.0,6.9,10.0,0.0,0.7,0.8,-34.8,-17.6,-0.4,-17.6,2.0,35.6,10.0,0.0,0.7,0.8,9.6,14.1,18.7,14.1,2.0,9.3,10.0,0.0,0.7,0.8,-29.5,-15.0,-0.6,-15.0,2.0,29.9,10.0,0.0,0.7,0.8,8.0,11.6,15.1,11.6,2.0,7.4,10.0,0.0,0.7,0.8,0.1,1.5,2.9,1.5,2.0,2.8,10.0,0.0,0.7,0.8,1.6,4.9,8.1,4.9,2.0,6.8,10.0,0.0,0.7,0.8,119.5,168.0,216.0,168.0,2.0,99.5,10.0,0.0,0.7,0.8,120.0,170.0,215.0,170.0,2.0,100.0,10.0,0.0,0.7,0.8
1974,2,358.0,55.0,6.0,6.1,6.2,6.03,25.0,0.37,12.0,0.2,0.8,0.3,4.03,6.0,8.2,5.85,22.0,1.95,14.0,0.2,0.8,0.3,4.07,4.79,5.66,4.83,16.0,0.74,14.0,0.2,0.9,0.2,74.0,84.3,88.6,83.0,17.0,8.2,14.0,0.2,0.2,2.6,6.7,9.3,6.38,29.0,4.07,12.0,0.2,0.7,0.4,-2.22,0.0,4.32,0.89,29.0,3.5,12.0,0.2,0.7,0.4,0.0,2.29,7.42,2.41,29.0,6.29,12.0,0.2,0.7,0.4,992.13,999.8,1018.58,1002.08,21.0,16.92,14.0,0.2,0.8,0.3,4.3,7.5,8.0,6.4,28.0,2.1,14.0,0.2,0.7,0.4,-13.4,0.0,21.3,3.4,29.0,29.4,12.0,0.2,0.7,0.4,0.0,7.2,55.5,12.5,29.0,83.6,12.0,0.2,0.7,0.4,-2.29,1.0,2.45,0.38,18.0,2.11,14.0,0.2,0.9,0.3,-10.0,8.7,19.4,6.9,18.0,16.1,14.0,0.2,0.9,0.3,0.22,1.18,1.88,1.1,16.0,0.76,14.0,0.2,0.9,0.2,0.9,8.6,12.5,8.3,16.0,7.7,14.0,0.2,0.9,0.2,-15.3,0.0,24.1,2.2,22.0,20.0,14.0,0.2,0.8,0.3,0.0,16.8,42.3,13.6,22.0,35.0,14.0,0.2,0.8,0.3,-11.8,0.0,24.2,4.5,16.0,15.9,14.0,0.2,0.9,0.2,2.5,24.0,42.3,22.6,16.0,21.4,14.0,0.2,0.9,0.2,-2.4,0.0,5.0,0.7,16.0,5.0,14.0,0.2,0.9,0.2,0.0,3.0,11.0,5.3,16.0,8.8,14.0,0.2,0.9,0.2,17.5,301.0,804.5,618.0,29.0,1090.0,12.0,0.2,0.7,0.4,20.0,300.0,805.0,620.0,29.0,1090.0,12.0,0.2,0.7,0.4
1974,2,358.0,56.0,5.29,5.8,7.12,6.41,7.0,1.54,16.0,0.4,0.6,0.6,4.95,6.5,8.11,6.7,7.0,2.01,18.0,0.6,0.7,0.6,5.15,5.57,5.77,5.46,4.0,0.39,18.0,0.8,0.7,0.6,76.0,92.1,97.3,86.9,4.0,15.1,18.0,0.8,0.6,5.29,7.35,10.17,7.46,10.0,2.79,16.0,0.4,0.7,0.6,-3.73,1.73,6.79,1.82,10.0,5.22,16.0,0.4,0.7,0.6,-8.25,-1.76,1.13,-2.33,10.0,5.72,16.0,0.4,0.7,0.6,1012.91,1014.6,1018.76,1016.24,7.0,8.08,18.0,0.6,0.7,0.6,1.9,6.0,8.0,5.0,7.0,3.1,16.0,0.4,0.6,0.6,-24.4,10.4,61.8,16.2,10.0,43.7,16.0,0.4,0.7,0.6,-77.3,-8.1,7.3,-19.7,10.0,56.5,16.0,0.4,0.7,0.6,-1.04,-0.6,2.14,0.17,6.0,1.75,18.0,0.5,0.7,0.6,-9.6,-3.9,8.4,-0.4,6.0,11.5,18.0,0.5,0.7,0.6,-0.12,0.02,1.25,0.54,4.0,1.17,18.0,0.8,0.7,0.6,-1.0,0.2,9.9,4.2,4.0,9.4,18.0,0.8,0.7,0.6,-30.8,-11.6,10.8,-6.3,7.0,33.5,18.0,0.6,0.7,0.6,-62.7,-35.4,4.3,-31.7,7.0,30.2,18.0,0.6,0.7,0.6,-24.3,-20.1,-13.5,-19.0,4.0,6.8,18.0,0.8,0.7,0.6,-45.1,-28.9,-23.8,-34.2,4.0,16.8,18.0,0.8,0.7,0.6,-6.4,-0.1,0.3,-2.9,4.0,5.9,18.0,0.8,0.7,0.6,-7.6,-0.2,1.0,-3.2,4.0,7.3,18.0,0.8,0.7,0.6,157.5,406.5,1053.0,561.5,10.0,445.5,16.0,0.4,0.7,0.6,160.0,405.0,1055.0,560.0,10.0,445.0,16.0,0.4,0.7,0.6
1974,2,358.0,57.0,5.83,6.25,7.0,6.29,24.0,0.62,14.0,0.3,0.4,0.6,4.29,6.1,6.83,5.77,19.0,1.46,14.0,0.3,0.5,0.5,4.23,4.98,5.84,4.97,15.0,0.72,14.0,0.3,0.5,0.6,80.9,84.6,97.1,87.5,15.0,9.1,14.0,0.3,0.6,5.1,8.2,15.07,9.62,22.0,5.6,14.0,0.3,0.4,0.6,-0.59,5.08,10.62,4.71,22.0,6.92,14.0,0.3,0.4,0.6,0.0,4.55,8.86,4.81,22.0,5.75,14.0,0.3,0.4,0.6,982.23,1005.5,1021.7,1003.18,19.0,18.18,14.0,0.3,0.5,0.5,4.0,7.0,8.0,6.0,27.0,2.6,14.0,0.3,0.5,0.6,-3.0,32.8,142.8,59.3,22.0,115.1,14.0,0.3,0.4,0.6,0.0,25.0,116.0,62.1,22.0,105.9,14.0,0.3,0.4,0.6,-0.6,0.4,2.34,0.64,17.0,1.42,14.0,0.3,0.5,0.6,-9.1,-2.3,14.5,2.2,13.0,15.9,16.0,0.3,0.5,0.6,0.03,0.75,1.91,0.91,15.0,0.87,14.0,0.3,0.5,0.6,-0.2,5.9,12.8,7.6,13.0,11.5,16.0,0.3,0.5,0.6,-18.7,30.9,80.3,25.6,14.0,47.2,16.0,0.3,0.5,0.6,-5.6,7.5,39.4,21.1,14.0,35.0,16.0,0.3,0.5,0.6,-6.5,25.0,59.1,24.3,13.0,41.7,16.0,0.3,0.5,0.6,-4.6,0.0,47.5,20.1,13.0,32.5,16.0,0.3,0.5,0.6,0.0,3.7,11.3,7.2,13.0,11.2,16.0,0.3,0.5,0.6,-1.6,0.0,1.0,0.2,13.0,3.7,16.0,0.3,0.5,0.6,132.5,557.5,3430.5,1840.5,22.0,2662.5,14.0,0.3,0.4,0.6,135.0,560.0,3430.0,1840.0,22.0,2665.0,14.0,0.3,0.4,0.6
1974,2,358.0,58.0,6.68,7.2,7.65,7.25,11.0,0.74,16.0,0.0,0.7,0.6,6.3,6.95,8.39,7.39,16.0,1.3,16.0,0.3,0.6,0.6,4.66,4.69,5.41,4.91,8.0,0.47,20.0,0.1,0.7,0.6,78.9,80.2,83.4,79.7,8.0,5.8,20.0,0.1,0.6,5.02,9.3,12.78,9.23,15.0,4.22,16.0,0.3,0.7,0.5,-5.18,0.0,9.89,1.18,15.0,6.99,16.0,0.3,0.7,0.5,1.82,5.0,9.48,6.04,15.0,4.44,16.0,0.3,0.7,0.5,995.55,1019.05,1023.82,1011.78,16.0,16.91,16.0,0.3,0.6,0.6,7.1,8.0,8.0,7.3,14.0,1.9,18.0,0.3,0.6,0.5,-57.5,0.0,99.4,7.6,15.0,87.2,16.0,0.3,0.7,0.5,10.5,57.8,112.7,66.4,15.0,71.3,16.0,0.3,0.7,0.5,-0.58,0.5,1.04,0.43,11.0,1.14,16.0,0.0,0.7,0.6,-6.2,3.5,9.1,1.6,10.0,8.1,16.0,0.0,0.7,0.6,0.75,1.58,1.63,1.32,7.0,0.45,20.0,0.0,0.7,0.6,8.8,13.0,16.5,12.6,7.0,5.2,20.0,0.0,0.7,0.6,-34.8,0.0,76.1,15.0,15.0,58.9,16.0,0.3,0.7,0.5,15.4,45.4,64.9,42.3,15.0,27.8,16.0,0.3,0.7,0.5,-25.3,-3.4,22.7,-4.5,8.0,32.2,20.0,0.1,0.7,0.6,11.3,37.7,47.1,31.9,8.0,18.6,20.0,0.1,0.7,0.6,-7.1,-1.9,0.8,-0.7,7.0,8.4,20.0,0.0,0.7,0.6,3.6,10.9,15.0,9.4,7.0,6.3,20.0,0.0,0.7,0.6,126.5,804.5,2093.0,1242.5,15.0,1364.5,16.0,0.3,0.7,0.5,125.0,805.0,2095.0,1245.0,15.0,1365.0,16.0,0.3,0.7,0.5
1974,2,358.0,59.0,6.93,7.15,8.0,7.24,22.0,0.99,12.0,0.2,0.7,0.6,5.39,6.8,7.83,6.62,19.0,1.93,12.0,0.3,0.7,0.6,4.58,4.96,5.72,5.0,12.0,0.8,14.0,0.2,0.6,0.6,73.8,84.3,87.1,80.4,12.0,11.2,14.0,0.2,0.6,6.87,8.75,12.37,9.13,22.0,3.0,14.0,0.2,0.7,0.6,-6.51,-1.32,5.03,-0.81,22.0,5.91,14.0,0.2,0.7,0.6,-3.67,5.88,9.99,3.9,22.0,6.69,14.0,0.2,0.7,0.6,978.21,989.8,1020.71,996.82,19.0,22.07,12.0,0.3,0.7,0.6,5.0,7.0,8.0,6.5,23.0,2.4,12.0,0.2,0.7,0.6,-58.6,-10.1,36.4,-9.6,22.0,65.3,14.0,0.2,0.7,0.6,-29.4,44.6,112.1,43.7,22.0,76.0,14.0,0.2,0.7,0.6,-0.49,0.2,1.54,0.42,17.0,1.27,12.0,0.2,0.6,0.6,-5.3,2.1,15.4,4.1,15.0,11.5,12.0,0.3,0.6,0.6,0.69,1.29,1.69,1.23,11.0,0.59,14.0,0.1,0.6,0.6,6.4,10.6,17.6,11.1,9.0,5.6,14.0,0.1,0.5,0.7,-46.1,-8.9,14.1,-12.4,17.0,36.5,14.0,0.3,0.6,0.6,-25.0,47.2,78.4,28.2,17.0,51.7,14.0,0.3,0.6,0.6,-29.8,-10.3,11.7,-8.3,10.0,29.8,14.0,0.2,0.5,0.6,-24.0,33.8,55.6,19.1,10.0,39.0,14.0,0.2,0.5,0.6,-10.0,-3.6,2.1,-3.5,9.0,6.2,14.0,0.1,0.5,0.7,-10.0,5.5,10.8,1.9,9.0,10.7,14.0,0.1,0.5,0.7,325.0,678.0,1891.5,999.5,22.0,917.0,14.0,0.2,0.7,0.6,325.0,680.0,1890.0,1000.0,22.0,915.0,14.0,0.2,0.7,0.6
1974,2,358.0,60.0,7.66,8.0,8.2,7.95,30.0,0.36,8.0,0.3,0.6,0.7,6.0,6.5,7.2,6.51,33.0,0.77,10.0,0.3,0.6,0.7,4.57,5.38,5.9,5.21,11.0,0.85,14.0,0.5,0.3,0.6,73.5,88.4,92.5,82.4,11.0,13.1,14.0,0.5,0.6,6.7,12.0,14.0,10.74,34.0,3.84,10.0,0.4,0.6,0.7,-8.43,-3.09,4.24,-2.22,34.0,6.58,10.0,0.4,0.6,0.7,0.0,8.57,11.95,5.64,34.0,7.23,10.0,0.4,0.6,0.7,989.76,994.65,1013.49,998.15,34.0,11.34,10.0,0.4,0.6,0.7,6.0,8.0,8.0,7.0,30.0,1.8,8.0,0.4,0.6,0.7,-98.0,-36.5,28.2,-31.5,34.0,88.2,10.0,0.4,0.6,0.7,0.0,84.9,156.8,70.7,34.0,91.0,10.0,0.4,0.6,0.7,0.76,1.75,2.1,1.48,30.0,0.8,8.0,0.3,0.6,0.7,4.3,18.0,28.5,16.4,30.0,11.1,8.0,0.3,0.6,0.7,0.58,1.2,2.09,1.43,11.0,0.93,14.0,0.5,0.3,0.6,5.9,10.1,17.2,11.2,11.0,6.7,14.0,0.5,0.3,0.6,-53.3,-27.1,28.0,-14.7,33.0,44.0,10.0,0.3,0.6,0.7,0.0,49.2,75.0,37.5,33.0,46.7,10.0,0.3,0.6,0.7,-55.5,5.5,25.7,-6.4,11.0,43.8,14.0,0.5,0.3,0.6,0.0,31.4,50.1,27.4,11.0,30.6,14.0,0.5,0.3,0.6,-4.3,2.0,9.4,1.5,11.0,8.8,14.0,0.5,0.3,0.6,0.0,4.4,11.2,6.1,11.0,7.9,14.0,0.5,0.3,0.6,301.0,1728.0,2744.0,1647.5,34.0,1122.5,10.0,0.4,0.6,0.7,300.0,1730.0,2745.0,1645.0,34.0,1125.0,10.0,0.4,0.6,0.7
1974,2,358.0,61.0,8.0,8.4,9.0,8.4,35.0,0.8,12.0,0.3,0.5,0.1,5.87,7.0,8.0,6.91,41.0,1.46,14.0,0.3,0.5,0.1,4.13,5.21,5.7,5.05,9.0,0.77,14.0,0.3,0.7,0.2,70.2,79.1,96.2,83.2,9.0,12.0,14.0,0.3,0.2,6.02,9.3,13.9,9.44,39.0,4.19,14.0,0.3,0.5,0.1,-6.28,-2.6,6.7,-0.79,39.0,6.2,14.0,0.3,0.5,0.1,-3.21,5.2,9.93,3.11,39.0,7.74,14.0,0.3,0.5,0.1,980.47,999.95,1020.9,1000.66,42.0,19.29,14.0,0.3,0.5,0.1,7.0,8.0,8.0,7.3,34.0,1.7,14.0,0.4,0.5,0.1,-66.0,-19.2,44.9,-12.5,39.0,72.6,14.0,0.3,0.5,0.1,-16.1,42.4,124.1,28.9,39.0,111.9,14.0,0.3,0.5,0.1,0.8,1.2,3.0,1.62,35.0,1.49,12.0,0.3,0.5,0.1,3.8,10.2,21.5,15.1,32.0,24.6,12.0,0.3,0.5,0.1,0.85,1.84,2.39,1.7,9.0,0.75,14.0,0.3,0.7,0.2,12.2,16.7,24.9,18.2,8.0,7.8,14.0,0.4,0.7,0.1,-41.5,-12.4,58.7,-2.4,38.0,48.9,14.0,0.3,0.5,0.1,-22.6,35.8,77.3,27.2,38.0,50.1,14.0,0.3,0.5,0.1,-29.2,3.7,43.5,5.4,8.0,44.5,14.0,0.4,0.7,0.1,-12.3,22.0,44.6,13.8,8.0,46.2,14.0,0.4,0.7,0.1,-10.8,4.1,15.9,2.3,8.0,14.4,14.0,0.4,0.7,0.1,-7.2,5.0,12.2,1.0,8.0,15.0,14.0,0.4,0.7,0.1,218.5,804.5,2685.5,1334.0,39.0,1584.0,14.0,0.3,0.5,0.1,220.0,805.0,2685.0,1335.0,39.0,1585.0,14.0,0.3,0.5,0.1
1974,2,358.0,62.0,6.74,7.5,8.42,7.58,4.0,1.03,8.0,0.5,0.8,0.1,4.71,5.5,7.87,6.2,5.0,1.98,10.0,0.4,0.8,0.2,6.85,6.85,6.85,6.85,1.0,0.0,16.0,0.0,1.0,0.3,93.5,93.5,93.5,93.5,1.0,0.0,16.0,0.0,0.3,8.02,9.0,13.1,10.38,5.0,3.07,10.0,0.4,0.8,0.2,-7.85,-7.5,0.0,-4.66,5.0,4.26,10.0,0.4,0.8,0.2,5.41,9.0,10.58,8.06,5.0,4.2,10.0,0.4,0.8,0.2,988.81,993.8,1003.2,996.66,5.0,12.22,10.0,0.4,0.8,0.2,6.6,8.0,8.0,7.3,3.0,1.2,8.0,0.7,0.7,0.2,-99.8,-66.2,0.0,-54.3,5.0,52.2,10.0,0.4,0.8,0.2,41.9,81.0,141.2,91.4,5.0,68.1,10.0,0.4,0.8,0.2,,,,,,,,,,,,,,,,,,,,,,,,,,,,,,,,,,,,,,,,,-39.5,-33.9,0.0,-22.7,5.0,20.9,10.0,0.4,0.8,0.2,31.4,63.9,71.1,51.6,5.0,27.5,10.0,0.4,0.8,0.2,0.0,0.0,0.0,0.0,1.0,0.0,16.0,0.0,1.0,0.3,52.8,52.8,52.8,52.8,1.0,0.0,16.0,0.0,1.0,0.3,,,,,,,,,,,,,,,,,,,,,,,,,,,,,,,,,,,,,,,,
1974,2,358.0,63.0,7.4,7.4,7.4,7.4,1.0,0.0,8.0,0.0,0.7,0.9,0.0,0.0,0.0,0.0,1.0,0.0,8.0,0.0,0.7,0.9,3.32,3.32,3.32,3.32,1.0,0.0,8.0,0.0,0.7,0.9,86.4,86.4,86.4,86.4,1.0,0.0,8.0,0.0,0.9,5.1,5.1,5.1,5.1,1.0,0.0,8.0,0.0,0.7,0.9,4.42,4.42,4.42,4.42,1.0,0.0,8.0,0.0,0.7,0.9,-2.55,-2.55,-2.55,-2.55,1.0,0.0,8.0,0.0,0.7,0.9,996.3,996.3,996.3,996.3,1.0,0.0,8.0,0.0,0.7,0.9,7.0,7.0,7.0,7.0,1.0,0.0,8.0,0.0,0.7,0.9,22.5,22.5,22.5,22.5,1.0,0.0,8.0,0.0,0.7,0.9,-13.0,-13.0,-13.0,-13.0,1.0,0.0,8.0,0.0,0.7,0.9,7.4,7.4,7.4,7.4,1.0,0.0,8.0,0.0,0.7,0.9,37.7,37.7,37.7,37.7,1.0,0.0,8.0,0.0,0.7,0.9,3.16,3.16,3.16,3.16,1.0,0.0,8.0,0.0,0.7,0.9,16.1,16.1,16.1,16.1,1.0,0.0,8.0,0.0,0.7,0.9,0.0,0.0,0.0,0.0,1.0,0.0,8.0,0.0,0.7,0.9,0.0,0.0,0.0,0.0,1.0,0.0,8.0,0.0,0.7,0.9,14.7,14.7,14.7,14.7,1.0,0.0,8.0,0.0,0.7,0.9,-8.5,-8.5,-8.5,-8.5,1.0,0.0,8.0,0.0,0.7,0.9,14.0,14.0,14.0,14.0,1.0,0.0,8.0,0.0,0.7,0.9,-8.1,-8.1,-8.1,-8.1,1.0,0.0,8.0,0.0,0.7,0.9,132.5,132.5,132.5,132.5,1.0,0.0,8.0,0.0,0.7,0.9,135.0,135.0,135.0,135.0,1.0,0.0,8.0,0.0,0.7,0.9
1974,2,358.0,64.0,,,,,,,,,,,,,,,,,,,,,,,,,,,,,,,,,,,,,,,,19.0,19.0,19.0,19.0,1.0,0.0,28.0,0.0,0.5,0.7,3.3,3.3,3.3,3.3,1.0,0.0,28.0,0.0,0.5,0.7,18.71,18.71,18.71,18.71,1.0,0.0,28.0,0.0,0.5,0.7,1016.0,1016.0,1016.0,1016.0,1.0,0.0,28.0,0.0,0.5,0.7,,,,,,,,,,,,,,,,,,,,,,,,,,,,,,,,,,,,,,,,,,,,,,,,,,,,,,,,,,,,,,,,,,,,,,,,,,,,,,,,,,,,,,,,,,,,,,,,,,,,,,,,,,,,,,,,,,,,,,,,,,,,,,,,,,,,,,,,,,,,,,,,,,,,,,
1974,2,358.0,66.0,,,,,,,,,,,,,,,,,,,,,,,,,,,,,,,,,,,,,,,,3.0,3.0,3.0,3.0,1.0,0.0,24.0,0.0,0.4,0.6,2.95,2.95,2.95,2.95,1.0,0.0,24.0,0.0,0.4,0.6,-0.52,-0.52,-0.52,-0.52,1.0,0.0,24.0,0.0,0.4,0.6,1013.0,1013.0,1013.0,1013.0,1.0,0.0,24.0,0.0,0.4,0.6,,,,,,,,,,,,,,,,,,,,,,,,,,,,,,,,,,,,,,,,,,,,,,,,,,,,,,,,,,,,,,,,,,,,,,,,,,,,,,,,,,,,,,,,,,,,,,,,,,,,,,,,,,,,,,,,,,,,,,,,,,,,,,,,,,,,,,,,,,,,,,,,,,,,,,
1974,2,358.0,67.0,,,,,,,,,,,,,,,,,,,,,,,,,,,,,,,,,,,,,,,,13.0,13.0,13.0,13.0,1.0,0.0,28.0,0.0,0.4,0.2,4.45,4.45,4.45,4.45,1.0,0.0,28.0,0.0,0.4,0.2,12.22,12.22,12.22,12.22,1.0,0.0,28.0,0.0,0.4,0.2,1010.6,1010.6,1010.6,1010.6,1.0,0.0,28.0,0.0,0.4,0.2,,,,,,,,,,,,,,,,,,,,,,,,,,,,,,,,,,,,,,,,,,,,,,,,,,,,,,,,,,,,,,,,,,,,,,,,,,,,,,,,,,,,,,,,,,,,,,,,,,,,,,,,,,,,,,,,,,,,,,,,,,,,,,,,,,,,,,,,,,,,,,,,,,,,,,
1974,2,358.0,71.0,4.25,4.35,4.45,4.35,2.0,0.21,18.0,0.5,0.4,0.2,4.06,4.2,4.34,4.2,2.0,0.28,18.0,0.5,0.4,0.2,4.36,4.36,4.36,4.36,1.0,0.0,18.0,0.0,0.8,0.2,84.4,84.4,84.4,84.4,1.0,0.0,18.0,0.0,0.2,11.3,11.95,12.6,11.95,2.0,1.34,18.0,0.5,0.4,0.2,0.0,0.0,0.0,0.0,2.0,0.0,18.0,0.5,0.4,0.2,11.3,11.95,12.6,11.95,2.0,1.34,18.0,0.5,0.4,0.2,1015.03,1015.1,1015.17,1015.1,2.0,0.14,18.0,0.5,0.4,0.2,8.0,8.0,8.0,8.0,2.0,0.0,18.0,0.5,0.4,0.2,0.0,0.0,0.0,0.0,2.0,0.0,18.0,0.5,0.4,0.2,128.2,143.7,159.2,143.7,2.0,32.1,18.0,0.5,0.4,0.2,0.12,0.15,0.18,0.15,2.0,0.07,18.0,0.5,0.4,0.2,1.4,1.7,2.1,1.7,2.0,0.6,18.0,0.5,0.4,0.2,0.84,0.84,0.84,0.84,1.0,0.0,18.0,0.0,0.8,0.2,10.9,10.9,10.9,10.9,1.0,0.0,18.0,0.0,0.8,0.2,0.0,0.0,0.0,0.0,2.0,0.0,18.0,0.5,0.4,0.2,46.0,50.4,54.7,50.4,2.0,9.0,18.0,0.5,0.4,0.2,0.0,0.0,0.0,0.0,1.0,0.0,18.0,0.0,0.8,0.2,56.2,56.2,56.2,56.2,1.0,0.0,18.0,0.0,0.8,0.2,0.0,0.0,0.0,0.0,1.0,0.0,18.0,0.0,0.8,0.2,10.9,10.9,10.9,10.9,1.0,0.0,18.0,0.0,0.8,0.2,1460.5,1739.0,2017.0,1739.0,2.0,577.0,18.0,0.5,0.4,0.2,1460.0,1740.0,2015.0,1740.0,2.0,575.0,18.0,0.5,0.4,0.2
1974,2,358.0,74.0,,,,,,,,,,,,,,,,,,,,,,,,,,,,,,,,,,,,,,,,11.8,11.8,11.8,11.8,1.0,0.0,28.0,0.0,1.0,0.5,11.62,11.62,11.62,11.62,1.0,0.0,28.0,0.0,1.0,0.5,-2.05,-2.05,-2.05,-2.05,1.0,0.0,28.0,0.0,1.0,0.5,1002.3,1002.3,1002.3,1002.3,1.0,0.0,28.0,0.0,1.0,0.5,,,,,,,,,,,,,,,,,,,,,,,,,,,,,,,,,,,,,,,,,,,,,,,,,,,,,,,,,,,,,,,,,,,,,,,,,,,,,,,,,,,,,,,,,,,,,,,,,,,,,,,,,,,,,,,,,,,,,,,,,,,,,,,,,,,,,,,,,,,,,,,,,,,,,,
1974,2,359.0,-66.0,,,,,,,,,,,,,,,,,,,,,,,,,,,,,,,,,,,,,,,,,,,,,,,,,,,,,,,,,,,,,,,,,,,,,,,,,,,,,,,,6.0,6.0,6.0,6.0,1.0,0.0,24.0,0.0,0.3,0.3,49.0,49.0,49.0,49.0,1.0,0.0,24.0,0.0,0.3,0.3,41.1,41.1,41.1,41.1,1.0,0.0,24.0,0.0,0.3,0.3,,,,,,,,,,,,,,,,,,,,,,,,,,,,,,,,,,,,,,,,,,,,,,,,,,,,,,,,,,,,,,,,,,,,,,,,,,,,,,,,,,,,,,,,,,,,,,,,,,,,,,,,,,,,,,,,,,,,,,,,
1974,2,359.0,-64.0,,,,,,,,,,,,,,,,,,,,,,,,,,,,,,,,,,,,,,,,6.2,6.2,6.2,6.2,1.0,0.0,14.0,1.0,0.6,0.6,6.2,6.2,6.2,6.2,1.0,0.0,14.0,1.0,0.6,0.6,0.0,0.0,0.0,0.0,1.0,0.0,14.0,1.0,0.6,0.6,977.4,977.4,977.4,977.4,1.0,0.0,14.0,1.0,0.6,0.6,6.0,6.0,6.0,6.0,1.0,0.0,14.0,1.0,0.6,0.6,38.4,38.4,38.4,38.4,1.0,0.0,14.0,1.0,0.6,0.6,0.0,0.0,0.0,0.0,1.0,0.0,14.0,1.0,0.6,0.6,,,,,,,,,,,,,,,,,,,,,,,,,,,,,,,,,,,,,,,,,0.0,0.0,0.0,0.0,1.0,0.0,14.0,1.0,0.6,0.6,0.0,0.0,0.0,0.0,1.0,0.0,14.0,1.0,0.6,0.6,22.6,22.6,22.6,22.6,1.0,0.0,14.0,1.0,0.6,0.6,0.0,0.0,0.0,0.0,1.0,0.0,14.0,1.0,0.6,0.6,,,,,,,,,,,,,,,,,,,,,,,,,,,,,,,,,,,,,,,,
1974,2,359.0,-61.0,,,,,,,,,,,,,,,,,,,,,,,,,,,,,,,,,,,,,,,,9.3,9.3,9.3,9.3,1.0,0.0,16.0,1.0,0.7,0.4,-3.18,-3.18,-3.18,-3.18,1.0,0.0,16.0,1.0,0.7,0.4,8.74,8.74,8.74,8.74,1.0,0.0,16.0,1.0,0.7,0.4,1001.4,1001.4,1001.4,1001.4,1.0,0.0,16.0,1.0,0.7,0.4,,,,,,,,,,,,,,,,,,,,,,,,,,,,,,,,,,,,,,,,,,,,,,,,,,,,,,,,,,,,,,,,,,,,,,,,,,,,,,,,,,,,,,,,,,,,,,,,,,,,,,,,,,,,,,,,,,,,,,,,,,,,,,,,,,,,,,,,,,,,,,,,,,,,,,
1974,2,359.0,-36.0,21.1,21.1,21.1,21.1,1.0,0.0,2.0,1.0,0.2,0.9,20.0,20.0,20.0,20.0,1.0,0.0,2.0,1.0,0.2,0.9,11.88,11.88,11.88,11.88,1.0,0.0,2.0,1.0,0.2,0.9,82.3,82.3,82.3,82.3,1.0,0.0,2.0,1.0,0.9,2.6,2.6,2.6,2.6,1.0,0.0,2.0,1.0,0.2,0.9,2.44,2.44,2.44,2.44,1.0,0.0,2.0,1.0,0.2,0.9,0.89,0.89,0.89,0.89,1.0,0.0,2.0,1.0,0.2,0.9,1019.1,1019.1,1019.1,1019.1,1.0,0.0,2.0,1.0,0.2,0.9,7.0,7.0,7.0,7.0,1.0,0.0,2.0,1.0,0.2,0.9,6.4,6.4,6.4,6.4,1.0,0.0,2.0,1.0,0.2,0.9,2.3,2.3,2.3,2.3,1.0,0.0,2.0,1.0,0.2,0.9,1.1,1.1,1.1,1.1,1.0,0.0,2.0,1.0,0.2,0.9,2.9,2.9,2.9,2.9,1.0,0.0,2.0,1.0,0.2,0.9,3.6,3.6,3.6,3.6,1.0,0.0,2.0,1.0,0.2,0.9,9.4,9.4,9.4,9.4,1.0,0.0,2.0,1.0,0.2,0.9,48.9,48.9,48.9,48.9,1.0,0.0,2.0,1.0,0.2,0.9,17.8,17.8,17.8,17.8,1.0,0.0,2.0,1.0,0.2,0.9,29.0,29.0,29.0,29.0,1.0,0.0,2.0,1.0,0.2,0.9,10.6,10.6,10.6,10.6,1.0,0.0,2.0,1.0,0.2,0.9,8.8,8.8,8.8,8.8,1.0,0.0,2.0,1.0,0.2,0.9,3.2,3.2,3.2,3.2,1.0,0.0,2.0,1.0,0.2,0.9,17.5,17.5,17.5,17.5,1.0,0.0,2.0,1.0,0.2,0.9,20.0,20.0,20.0,20.0,1.0,0.0,2.0,1.0,0.2,0.9
1974,2,359.0,-35.0,18.5,18.5,18.5,18.5,1.0,0.0,8.0,0.0,0.3,1.0,17.0,17.0,17.0,17.0,1.0,0.0,8.0,0.0,0.3,1.0,6.96,6.96,6.96,6.96,1.0,0.0,8.0,0.0,0.3,1.0,58.9,58.9,58.9,58.9,1.0,0.0,8.0,0.0,1.0,6.7,6.7,6.7,6.7,1.0,0.0,8.0,0.0,0.3,1.0,-6.3,-6.3,-6.3,-6.3,1.0,0.0,8.0,0.0,0.3,1.0,2.29,2.29,2.29,2.29,1.0,0.0,8.0,0.0,0.3,1.0,1027.0,1027.0,1027.0,1027.0,1.0,0.0,8.0,0.0,0.3,1.0,7.0,7.0,7.0,7.0,1.0,0.0,8.0,0.0,0.3,1.0,-42.2,-42.2,-42.2,-42.2,1.0,0.0,8.0,0.0,0.3,1.0,15.4,15.4,15.4,15.4,1.0,0.0,8.0,0.0,0.3,1.0,1.5,1.5,1.5,1.5,1.0,0.0,8.0,0.0,0.3,1.0,10.1,10.1,10.1,10.1,1.0,0.0,8.0,0.0,0.3,1.0,6.09,6.09,6.09,6.09,1.0,0.0,8.0,0.0,0.3,1.0,40.8,40.8,40.8,40.8,1.0,0.0,8.0,0.0,0.3,1.0,-107.0,-107.0,-107.0,-107.0,1.0,0.0,8.0,0.0,0.3,1.0,39.0,39.0,39.0,39.0,1.0,0.0,8.0,0.0,0.3,1.0,-43.8,-43.8,-43.8,-43.8,1.0,0.0,8.0,0.0,0.3,1.0,16.0,16.0,16.0,16.0,1.0,0.0,8.0,0.0,0.3,1.0,-38.3,-38.3,-38.3,-38.3,1.0,0.0,8.0,0.0,0.3,1.0,14.0,14.0,14.0,14.0,1.0,0.0,8.0,0.0,0.3,1.0,301.0,301.0,301.0,301.0,1.0,0.0,8.0,0.0,0.3,1.0,300.0,300.0,300.0,300.0,1.0,0.0,8.0,0.0,0.3,1.0
1974,2,359.0,-34.0,20.0,20.0,20.0,20.0,1.0,0.0,16.0,0.0,0.1,0.6,21.5,21.5,21.5,21.5,1.0,0.0,16.0,0.0,0.1,0.6,13.13,13.13,13.13,13.13,1.0,0.0,16.0,0.0,0.1,0.6,83.0,83.0,83.0,83.0,1.0,0.0,16.0,0.0,0.6,6.2,6.2,6.2,6.2,1.0,0.0,16.0,0.0,0.1,0.6,2.12,2.12,2.12,2.12,1.0,0.0,16.0,0.0,0.1,0.6,-5.83,-5.83,-5.83,-5.83,1.0,0.0,16.0,0.0,0.1,0.6,1021.4,1021.4,1021.4,1021.4,1.0,0.0,16.0,0.0,0.1,0.6,2.0,2.0,2.0,2.0,1.0,0.0,16.0,0.0,0.1,0.6,13.1,13.1,13.1,13.1,1.0,0.0,16.0,0.0,0.1,0.6,-36.1,-36.1,-36.1,-36.1,1.0,0.0,16.0,0.0,0.1,0.6,-1.5,-1.5,-1.5,-1.5,1.0,0.0,16.0,0.0,0.1,0.6,-9.3,-9.3,-9.3,-9.3,1.0,0.0,16.0,0.0,0.1,0.6,1.3,1.3,1.3,1.3,1.0,0.0,16.0,0.0,0.1,0.6,8.0,8.0,8.0,8.0,1.0,0.0,16.0,0.0,0.1,0.6,45.6,45.6,45.6,45.6,1.0,0.0,16.0,0.0,0.1,0.6,-125.3,-125.3,-125.3,-125.3,1.0,0.0,16.0,0.0,0.1,0.6,27.8,27.8,27.8,27.8,1.0,0.0,16.0,0.0,0.1,0.6,-76.5,-76.5,-76.5,-76.5,1.0,0.0,16.0,0.0,0.1,0.6,2.8,2.8,2.8,2.8,1.0,0.0,16.0,0.0,0.1,0.6,-7.6,-7.6,-7.6,-7.6,1.0,0.0,16.0,0.0,0.1,0.6,238.5,238.5,238.5,238.5,1.0,0.0,16.0,0.0,0.1,0.6,240.0,240.0,240.0,240.0,1.0,0.0,16.0,0.0,0.1,0.6
1974,2,359.0,-32.0,21.1,21.1,21.1,21.1,1.0,0.0,24.0,0.0,0.5,0.4,20.8,20.8,20.8,20.8,1.0,0.0,24.0,0.0,0.5,0.4,11.43,11.43,11.43,11.43,1.0,0.0,24.0,0.0,0.5,0.4,75.4,75.4,75.4,75.4,1.0,0.0,24.0,0.0,0.4,5.1,5.1,5.1,5.1,1.0,0.0,24.0,0.0,0.5,0.4,-3.91,-3.91,-3.91,-3.91,1.0,0.0,24.0,0.0,0.5,0.4,-3.28,-3.28,-3.28,-3.28,1.0,0.0,24.0,0.0,0.5,0.4,1019.4,1019.4,1019.4,1019.4,1.0,0.0,24.0,0.0,0.5,0.4,4.0,4.0,4.0,4.0,1.0,0.0,24.0,0.0,0.5,0.4,-19.9,-19.9,-19.9,-19.9,1.0,0.0,24.0,0.0,0.5,0.4,-16.7,-16.7,-16.7,-16.7,1.0,0.0,24.0,0.0,0.5,0.4,0.3,0.3,0.3,0.3,1.0,0.0,24.0,0.0,0.5,0.4,1.5,1.5,1.5,1.5,1.0,0.0,24.0,0.0,0.5,0.4,4.04,4.04,4.04,4.04,1.0,0.0,24.0,0.0,0.5,0.4,20.6,20.6,20.6,20.6,1.0,0.0,24.0,0.0,0.5,0.4,-81.3,-81.3,-81.3,-81.3,1.0,0.0,24.0,0.0,0.5,0.4,-68.2,-68.2,-68.2,-68.2,1.0,0.0,24.0,0.0,0.5,0.4,-44.7,-44.7,-44.7,-44.7,1.0,0.0,24.0,0.0,0.5,0.4,-37.5,-37.5,-37.5,-37.5,1.0,0.0,24.0,0.0,0.5,0.4,-15.8,-15.8,-15.8,-15.8,1.0,0.0,24.0,0.0,0.5,0.4,-13.3,-13.3,-13.3,-13.3,1.0,0.0,24.0,0.0,0.5,0.4,132.5,132.5,132.5,132.5,1.0,0.0,24.0,0.0,0.5,0.4,135.0,135.0,135.0,135.0,1.0,0.0,24.0,0.0,0.5,0.4
1974,2,359.0,-28.0,22.22,22.25,22.28,22.25,2.0,0.07,14.0,1.0,0.7,0.4,21.62,22.75,23.88,22.75,2.0,2.33,14.0,1.0,0.7,0.4,11.8,11.81,11.82,11.81,2.0,0.02,14.0,1.0,0.7,0.4,64.8,69.5,74.2,69.5,2.0,9.8,14.0,1.0,0.4,4.5,6.45,8.4,6.45,2.0,4.03,14.0,1.0,0.7,0.4,-7.06,-4.93,-2.79,-4.93,2.0,4.42,14.0,1.0,0.7,0.4,3.36,3.88,4.41,3.88,2.0,1.08,14.0,1.0,0.7,0.4,1018.32,1019.0,1019.68,1019.0,2.0,1.41,14.0,1.0,0.7,0.4,4.5,5.5,6.5,5.5,2.0,2.1,14.0,1.0,0.7,0.4,-64.0,-40.7,-17.3,-40.7,2.0,48.4,14.0,1.0,0.7,0.4,16.3,27.2,38.2,27.2,2.0,22.6,14.0,1.0,0.7,0.4,-1.59,-0.5,0.59,-0.5,2.0,2.26,14.0,1.0,0.7,0.4,-15.8,-7.8,0.2,-7.8,2.0,16.6,14.0,1.0,0.7,0.4,4.78,4.81,4.85,4.81,2.0,0.08,14.0,1.0,0.7,0.4,21.6,31.2,40.8,31.2,2.0,19.9,14.0,1.0,0.7,0.4,-171.4,-117.2,-63.1,-117.2,2.0,112.1,14.0,1.0,0.7,0.4,73.3,89.6,105.9,89.6,2.0,33.7,14.0,1.0,0.7,0.4,-83.5,-58.2,-33.0,-58.2,2.0,52.3,14.0,1.0,0.7,0.4,39.7,45.9,52.1,45.9,2.0,12.9,14.0,1.0,0.7,0.4,-34.4,-23.9,-13.4,-23.9,2.0,21.7,14.0,1.0,0.7,0.4,16.1,18.7,21.4,18.7,2.0,5.5,14.0,1.0,0.7,0.4,167.0,425.5,684.0,425.5,2.0,536.0,14.0,1.0,0.7,0.4,165.0,425.0,685.0,425.0,2.0,535.0,14.0,1.0,0.7,0.4
1974,2,359.0,-27.0,21.91,22.85,24.68,23.28,4.0,2.1,22.0,1.0,0.8,0.8,21.74,22.9,24.43,23.08,4.0,1.62,22.0,1.0,0.8,0.8,12.24,12.85,14.6,13.41,3.0,1.8,22.0,1.0,0.9,0.7,72.0,75.5,77.5,74.8,3.0,4.1,22.0,1.0,0.7,3.31,6.05,8.68,6.0,4.0,3.17,22.0,1.0,0.8,0.8,-7.97,-5.71,-2.16,-5.09,4.0,3.49,22.0,1.0,0.8,0.8,-1.94,0.33,3.41,0.72,4.0,3.25,22.0,1.0,0.8,0.8,1017.3,1017.6,1018.79,1018.03,4.0,1.09,22.0,1.0,0.8,0.8,5.4,7.0,7.5,6.5,4.0,1.7,22.0,1.0,0.8,0.8,-69.2,-38.8,-8.1,-38.7,4.0,35.6,22.0,1.0,0.8,0.8,-8.8,1.0,26.7,8.5,4.0,24.6,22.0,1.0,0.8,0.8,-0.72,0.35,1.1,0.2,4.0,1.09,22.0,1.0,0.8,0.8,-3.7,0.2,5.7,1.0,4.0,5.7,22.0,1.0,0.8,0.8,3.82,4.27,5.28,4.55,3.0,1.1,22.0,1.0,0.9,0.7,15.8,17.5,28.5,22.0,3.0,10.1,22.0,1.0,0.9,0.7,-173.2,-128.8,-51.9,-113.3,4.0,73.7,22.0,1.0,0.8,0.8,-46.6,9.1,75.6,14.3,4.0,73.5,22.0,1.0,0.8,0.8,-80.2,-45.6,-23.8,-51.9,3.0,41.6,22.0,1.0,0.9,0.7,-17.3,26.3,46.3,14.8,3.0,47.7,22.0,1.0,0.9,0.7,-24.7,-15.2,-8.3,-16.5,3.0,12.1,22.0,1.0,0.9,0.7,-6.8,8.8,14.3,3.8,3.0,16.0,22.0,1.0,0.9,0.7,42.0,290.5,665.0,350.5,4.0,375.0,22.0,1.0,0.8,0.8,40.0,290.0,665.0,350.0,4.0,375.0,22.0,1.0,0.8,0.8
1974,2,359.0,-26.0,22.07,22.45,22.83,22.45,2.0,0.78,16.0,0.5,0.9,0.9,22.13,22.4,22.67,22.4,2.0,0.57,16.0,0.5,0.9,0.9,10.52,10.52,10.52,10.52,1.0,0.0,8.0,0.0,0.9,0.9,61.4,61.4,61.4,61.4,1.0,0.0,8.0,0.0,0.9,8.45,9.0,9.55,9.0,2.0,1.13,16.0,0.5,0.9,0.9,-9.03,-8.64,-8.26,-8.64,2.0,0.8,16.0,0.5,0.9,0.9,-0.67,0.96,2.59,0.96,2.0,3.38,16.0,0.5,0.9,0.9,1018.01,1018.25,1018.49,1018.25,2.0,0.49,16.0,0.5,0.9,0.9,7.0,7.0,7.0,7.0,2.0,0.0,16.0,0.5,0.9,0.9,-86.4,-78.2,-70.0,-78.2,2.0,17.0,16.0,0.5,0.9,0.9,-4.6,10.6,25.8,10.6,2.0,31.5,16.0,0.5,0.9,0.9,-0.6,0.05,0.7,0.05,2.0,1.34,16.0,0.5,0.9,0.9,-6.1,-0.3,5.5,-0.3,2.0,12.0,16.0,0.5,0.9,0.9,5.75,5.75,5.75,5.75,1.0,0.0,8.0,0.0,0.9,0.9,56.4,56.4,56.4,56.4,1.0,0.0,8.0,0.0,0.9,0.9,-204.8,-193.8,-182.8,-193.8,2.0,22.8,16.0,0.5,0.9,0.9,-14.2,22.5,59.3,22.5,2.0,76.2,16.0,0.5,0.9,0.9,-96.9,-96.9,-96.9,-96.9,1.0,0.0,8.0,0.0,0.9,0.9,35.3,35.3,35.3,35.3,1.0,0.0,8.0,0.0,0.9,0.9,-53.0,-53.0,-53.0,-53.0,1.0,0.0,8.0,0.0,0.9,0.9,19.3,19.3,19.3,19.3,1.0,0.0,8.0,0.0,0.9,0.9,613.0,746.5,879.5,746.5,2.0,275.5,16.0,0.5,0.9,0.9,615.0,745.0,880.0,745.0,2.0,275.0,16.0,0.5,0.9,0.9
1974,2,359.0,-25.0,22.32,22.6,23.67,22.9,5.0,0.77,12.0,0.4,0.6,0.6,21.85,22.5,23.12,22.5,5.0,0.74,12.0,0.4,0.6,0.6,12.84,13.76,14.25,13.55,4.0,0.94,12.0,0.3,0.6,0.7,74.5,79.6,82.2,78.6,5.0,5.6,12.0,0.4,0.6,3.79,5.7,6.61,5.24,5.0,2.41,12.0,0.4,0.6,0.6,-5.59,-3.91,-2.6,-4.08,5.0,2.48,12.0,0.4,0.6,0.6,2.25,3.28,3.92,3.08,5.0,1.15,12.0,0.4,0.6,0.6,1015.09,1015.55,1017.27,1016.15,4.0,1.67,12.0,0.3,0.6,0.7,2.0,3.0,6.1,4.0,4.0,2.8,14.0,0.5,0.6,0.6,-38.9,-20.9,-13.1,-26.0,5.0,22.7,12.0,0.4,0.6,0.6,11.3,20.9,23.7,17.5,5.0,9.2,12.0,0.4,0.6,0.6,-0.37,0.3,1.16,0.4,5.0,0.87,12.0,0.4,0.6,0.6,-2.6,0.5,6.2,1.6,5.0,5.0,12.0,0.4,0.6,0.6,3.43,3.99,4.35,3.89,4.0,0.68,12.0,0.3,0.6,0.7,12.9,22.5,25.4,19.3,4.0,9.2,12.0,0.3,0.6,0.7,-123.2,-86.0,-59.7,-91.0,5.0,55.4,12.0,0.4,0.6,0.6,51.2,72.1,86.8,69.0,5.0,25.4,12.0,0.4,0.6,0.6,-80.5,-54.3,-31.2,-55.8,4.0,38.0,12.0,0.3,0.6,0.7,27.8,41.4,45.6,36.9,4.0,12.6,12.0,0.3,0.6,0.7,-21.6,-18.0,-9.1,-15.5,4.0,8.8,12.0,0.3,0.6,0.7,6.6,10.8,15.2,10.9,4.0,5.2,12.0,0.3,0.6,0.7,85.5,185.0,319.0,211.5,5.0,204.0,12.0,0.4,0.6,0.6,85.0,185.0,320.0,210.0,5.0,205.0,12.0,0.4,0.6,0.6
1974,2,359.0,-24.0,22.2,22.2,22.61,22.4,3.0,0.35,16.0,0.7,0.4,0.5,22.6,22.8,22.8,22.7,3.0,0.17,16.0,0.7,0.4,0.5,11.44,12.58,12.58,12.02,3.0,0.97,16.0,0.7,0.4,0.5,67.4,73.4,73.4,70.5,3.0,5.1,16.0,0.7,0.5,7.16,10.3,10.3,8.77,3.0,2.66,16.0,0.7,0.4,0.5,-8.92,-8.92,-6.2,-7.59,3.0,2.3,16.0,0.7,0.4,0.5,3.58,5.15,5.15,4.38,3.0,1.33,16.0,0.7,0.4,0.5,1016.57,1019.3,1019.3,1017.97,3.0,2.31,16.0,0.7,0.4,0.5,7.3,8.0,8.0,7.7,3.0,0.6,16.0,0.7,0.4,0.5,-91.9,-91.9,-48.4,-70.6,3.0,36.8,16.0,0.7,0.4,0.5,27.9,53.0,53.0,40.8,3.0,21.2,16.0,0.7,0.4,0.5,-0.6,-0.6,0.01,-0.3,3.0,0.52,16.0,0.7,0.4,0.5,-6.2,-6.2,-0.8,-3.5,3.0,4.6,16.0,0.7,0.4,0.5,3.99,3.99,5.6,4.78,3.0,1.37,16.0,0.7,0.4,0.5,37.8,41.0,41.0,39.4,3.0,2.8,16.0,0.7,0.4,0.5,-203.4,-203.4,-140.4,-172.6,3.0,53.3,16.0,0.7,0.4,0.5,81.0,117.4,117.4,99.7,3.0,30.8,16.0,0.7,0.4,0.5,-112.2,-112.2,-72.4,-92.8,3.0,33.7,16.0,0.7,0.4,0.5,41.8,64.8,64.8,53.6,3.0,19.5,16.0,0.7,0.4,0.5,-35.5,-35.5,-32.7,-34.2,3.0,2.4,16.0,0.7,0.4,0.5,18.9,20.5,20.5,19.7,3.0,1.4,16.0,0.7,0.4,0.5,473.0,1092.5,1092.5,790.0,3.0,524.0,16.0,0.7,0.4,0.5,475.0,1095.0,1095.0,790.0,3.0,525.0,16.0,0.7,0.4,0.5
1974,2,359.0,-23.0,21.58,22.1,22.2,21.9,4.0,0.48,10.0,0.8,0.7,0.5,23.48,25.6,26.56,25.03,3.0,2.3,10.0,0.7,0.7,0.6,11.75,14.16,14.18,12.99,3.0,2.04,10.0,0.7,0.7,0.6,56.1,64.3,77.5,66.7,3.0,15.9,10.0,0.7,0.6,7.33,8.2,9.87,8.48,5.0,1.41,14.0,0.8,0.7,0.5,-6.33,-5.13,-4.93,-5.54,5.0,0.75,14.0,0.8,0.7,0.5,4.92,5.9,7.96,6.32,5.0,1.72,14.0,0.8,0.7,0.5,1013.05,1015.0,1017.15,1015.08,5.0,2.73,14.0,0.8,0.7,0.5,4.0,5.0,5.0,4.5,4.0,1.0,10.0,0.8,0.7,0.5,-56.2,-48.0,-36.8,-47.3,5.0,11.8,14.0,0.8,0.7,0.5,38.0,45.4,79.0,55.5,5.0,23.3,14.0,0.8,0.7,0.5,-4.81,-4.4,-1.6,-3.23,3.0,2.56,10.0,0.7,0.7,0.6,-42.4,-41.0,-14.4,-28.7,3.0,23.1,10.0,0.7,0.7,0.6,2.28,2.48,4.21,3.23,3.0,1.56,10.0,0.7,0.7,0.6,17.0,17.9,39.3,27.9,3.0,18.4,10.0,0.7,0.7,0.6,-155.6,-125.4,-118.6,-136.8,3.0,28.8,10.0,0.7,0.7,0.6,111.3,142.3,193.5,152.2,3.0,60.8,10.0,0.7,0.7,0.6,-83.9,-72.7,-58.6,-71.3,3.0,18.5,10.0,0.7,0.7,0.6,65.4,74.8,85.4,75.3,3.0,14.7,10.0,0.7,0.7,0.6,-21.1,-13.7,-13.0,-17.0,3.0,6.6,10.0,0.7,0.7,0.6,10.9,11.5,32.7,21.6,3.0,18.2,10.0,0.7,0.7,0.6,399.5,551.5,962.5,650.0,5.0,307.0,14.0,0.8,0.7,0.5,400.0,550.0,965.0,650.0,5.0,305.0,14.0,0.8,0.7,0.5
1974,2,359.0,-22.0,22.7,23.8,24.24,23.54,5.0,1.1,20.0,1.0,0.4,0.5,21.52,22.3,23.73,22.58,5.0,1.26,20.0,1.0,0.4,0.5,11.88,12.56,13.35,12.62,5.0,1.32,20.0,1.0,0.4,0.5,69.2,77.5,80.7,74.6,5.0,9.6,20.0,1.0,0.5,3.81,4.85,5.1,4.48,4.0,0.95,24.0,1.0,0.4,0.6,-4.79,-4.56,-3.58,-4.21,4.0,0.89,24.0,1.0,0.4,0.6,1.3,1.66,1.74,1.53,4.0,0.32,24.0,1.0,0.4,0.6,1012.77,1015.0,1017.12,1015.22,5.0,3.35,20.0,1.0,0.4,0.5,1.0,6.0,6.0,4.0,5.0,2.7,20.0,1.0,0.4,0.5,-24.4,-22.2,-14.2,-19.4,4.0,7.3,24.0,1.0,0.4,0.6,5.2,8.1,8.9,7.1,4.0,2.6,24.0,1.0,0.4,0.6,-0.33,1.6,2.28,0.96,5.0,1.94,20.0,1.0,0.4,0.5,-4.4,5.1,10.0,2.9,4.0,10.6,24.0,1.0,0.4,0.6,5.13,5.5,5.82,5.47,5.0,0.38,20.0,1.0,0.4,0.5,20.4,25.4,28.8,24.7,4.0,5.2,24.0,1.0,0.4,0.6,-109.4,-99.0,-79.0,-94.4,4.0,22.5,24.0,1.0,0.4,0.6,28.8,36.0,39.8,34.4,4.0,8.2,24.0,1.0,0.4,0.6,-57.6,-53.3,-43.8,-50.8,4.0,10.2,24.0,1.0,0.4,0.6,15.9,19.4,21.0,18.5,4.0,3.7,24.0,1.0,0.4,0.6,-27.1,-23.9,-19.2,-23.2,4.0,4.9,24.0,1.0,0.4,0.6,7.0,8.7,9.9,8.4,4.0,1.8,24.0,1.0,0.4,0.6,62.0,115.0,132.5,98.0,4.0,48.5,24.0,1.0,0.4,0.6,60.0,115.0,135.0,100.0,4.0,50.0,24.0,1.0,0.4,0.6
1974,2,359.0,-21.0,22.75,23.0,24.68,23.58,5.0,1.1,18.0,0.8,0.6,0.6,21.69,22.0,22.92,22.27,7.0,0.66,18.0,0.7,0.6,0.6,12.04,12.58,15.48,13.34,7.0,1.83,18.0,0.7,0.6,0.6,71.3,79.0,92.0,79.8,7.0,9.9,18.0,0.7,0.6,5.05,6.2,8.03,6.36,7.0,1.6,18.0,0.7,0.6,0.6,-5.94,-5.13,-3.25,-4.94,7.0,1.81,18.0,0.7,0.6,0.6,2.93,3.66,4.39,3.75,7.0,1.27,18.0,0.7,0.6,0.6,1011.06,1013.5,1014.58,1013.31,7.0,2.07,18.0,0.7,0.6,0.6,1.9,8.0,8.0,5.1,7.0,3.6,18.0,0.7,0.6,0.6,-42.6,-34.4,-16.4,-33.6,7.0,19.8,18.0,0.7,0.6,0.6,13.1,20.9,29.8,24.4,7.0,12.4,18.0,0.7,0.6,0.6,0.63,1.0,2.1,1.3,5.0,1.03,18.0,0.8,0.6,0.6,4.3,8.0,9.7,7.0,5.0,4.3,18.0,0.8,0.6,0.6,2.91,4.4,5.65,4.27,5.0,1.61,18.0,0.8,0.6,0.6,17.0,25.1,29.9,23.8,5.0,6.7,18.0,0.8,0.6,0.6,-133.4,-110.3,-75.5,-109.7,7.0,39.5,18.0,0.7,0.6,0.6,64.6,83.9,94.6,83.4,7.0,27.7,18.0,0.7,0.6,0.6,-80.1,-64.6,-51.8,-64.5,7.0,20.0,18.0,0.7,0.6,0.6,34.4,44.2,65.6,51.2,7.0,22.8,18.0,0.7,0.6,0.6,-22.9,-16.1,-10.9,-16.8,5.0,6.1,18.0,0.8,0.6,0.6,13.0,19.0,19.4,16.7,5.0,3.5,18.0,0.8,0.6,0.6,129.5,238.5,519.0,299.5,7.0,213.0,18.0,0.7,0.6,0.6,130.0,240.0,520.0,300.0,7.0,215.0,18.0,0.7,0.6,0.6
1974,2,359.0,-20.0,23.57,24.15,24.73,24.15,2.0,1.2,10.0,1.0,0.4,0.7,23.3,23.5,23.7,23.5,2.0,0.42,10.0,1.0,0.4,0.7,11.96,12.93,13.9,12.93,2.0,2.01,10.0,1.0,0.4,0.7,67.2,71.7,76.2,71.7,2.0,9.3,10.0,1.0,0.7,4.85,5.4,5.95,5.4,2.0,1.13,10.0,1.0,0.4,0.7,-4.55,-4.14,-3.72,-4.14,2.0,0.87,10.0,1.0,0.4,0.7,3.12,3.47,3.82,3.47,2.0,0.73,10.0,1.0,0.4,0.7,1012.97,1013.35,1013.73,1013.35,2.0,0.78,10.0,1.0,0.4,0.7,1.1,3.5,5.9,3.5,2.0,4.9,10.0,1.0,0.4,0.7,-27.3,-22.8,-18.3,-22.8,2.0,9.4,10.0,1.0,0.4,0.7,15.4,19.2,22.9,19.2,2.0,7.9,10.0,1.0,0.4,0.7,0.27,0.65,1.03,0.65,2.0,0.78,10.0,1.0,0.4,0.7,1.6,4.0,6.3,4.0,2.0,4.9,10.0,1.0,0.4,0.7,5.55,5.87,6.19,5.87,2.0,0.65,10.0,1.0,0.4,0.7,29.8,31.3,32.8,31.3,2.0,3.1,10.0,1.0,0.4,0.7,-108.1,-97.4,-86.7,-97.4,2.0,22.1,10.0,1.0,0.4,0.7,72.8,81.7,90.7,81.7,2.0,18.6,10.0,1.0,0.4,0.7,-63.8,-54.3,-44.9,-54.3,2.0,19.5,10.0,1.0,0.4,0.7,37.7,45.6,53.5,45.6,2.0,16.4,10.0,1.0,0.4,0.7,-25.2,-24.0,-22.8,-24.0,2.0,2.4,10.0,1.0,0.4,0.7,19.2,20.1,21.1,20.1,2.0,2.0,10.0,1.0,0.4,0.7,119.5,168.0,216.0,168.0,2.0,99.5,10.0,1.0,0.4,0.7,120.0,170.0,215.0,170.0,2.0,100.0,10.0,1.0,0.4,0.7
1974,2,359.0,-19.0,24.0,24.0,24.0,24.0,1.0,0.0,18.0,0.0,0.9,0.8,24.0,24.0,24.0,24.0,1.0,0.0,18.0,0.0,0.9,0.8,15.64,15.64,15.64,15.64,1.0,0.0,18.0,0.0,0.9,0.8,84.4,84.4,84.4,84.4,1.0,0.0,18.0,0.0,0.8,7.7,7.7,7.7,7.7,1.0,0.0,18.0,0.0,0.9,0.8,-7.7,-7.7,-7.7,-7.7,1.0,0.0,18.0,0.0,0.9,0.8,0.0,0.0,0.0,0.0,1.0,0.0,18.0,0.0,0.9,0.8,1015.0,1015.0,1015.0,1015.0,1.0,0.0,18.0,0.0,0.9,0.8,8.0,8.0,8.0,8.0,1.0,0.0,18.0,0.0,0.9,0.8,-59.3,-59.3,-59.3,-59.3,1.0,0.0,18.0,0.0,0.9,0.8,0.0,0.0,0.0,0.0,1.0,0.0,18.0,0.0,0.9,0.8,0.0,0.0,0.0,0.0,1.0,0.0,18.0,0.0,0.9,0.8,0.0,0.0,0.0,0.0,1.0,0.0,18.0,0.0,0.9,0.8,2.93,2.93,2.93,2.93,1.0,0.0,18.0,0.0,0.9,0.8,22.6,22.6,22.6,22.6,1.0,0.0,18.0,0.0,0.9,0.8,-184.8,-184.8,-184.8,-184.8,1.0,0.0,18.0,0.0,0.9,0.8,0.0,0.0,0.0,0.0,1.0,0.0,18.0,0.0,0.9,0.8,-120.4,-120.4,-120.4,-120.4,1.0,0.0,18.0,0.0,0.9,0.8,0.0,0.0,0.0,0.0,1.0,0.0,18.0,0.0,0.9,0.8,-22.6,-22.6,-22.6,-22.6,1.0,0.0,18.0,0.0,0.9,0.8,0.0,0.0,0.0,0.0,1.0,0.0,18.0,0.0,0.9,0.8,456.5,456.5,456.5,456.5,1.0,0.0,18.0,0.0,0.9,0.8,455.0,455.0,455.0,455.0,1.0,0.0,18.0,0.0,0.9,0.8
1974,2,359.0,-18.0,23.5,23.7,23.9,23.7,2.0,0.42,14.0,0.5,0.6,0.7,22.0,22.0,22.0,22.0,2.0,0.0,14.0,0.5,0.6,0.7,13.82,14.11,14.4,14.11,2.0,0.6,14.0,0.5,0.6,0.7,83.9,85.8,87.6,85.8,2.0,3.8,14.0,0.5,0.7,2.68,2.85,3.02,2.85,2.0,0.35,14.0,0.5,0.6,0.7,-2.26,-2.02,-1.78,-2.02,2.0,0.5,14.0,0.5,0.6,0.7,1.99,1.99,1.99,1.99,2.0,0.0,14.0,0.5,0.6,0.7,1011.51,1012.4,1013.29,1012.4,2.0,1.84,14.0,0.5,0.6,0.7,4.6,6.0,7.4,6.0,2.0,2.8,14.0,0.5,0.6,0.7,-6.9,-5.9,-4.8,-5.9,2.0,2.1,14.0,0.5,0.6,0.7,5.3,5.7,6.0,5.7,2.0,0.7,14.0,0.5,0.6,0.7,1.5,1.7,1.9,1.7,2.0,0.42,14.0,0.5,0.6,0.7,4.0,4.9,5.8,4.9,2.0,1.8,14.0,0.5,0.6,0.7,4.1,4.18,4.26,4.18,2.0,0.16,14.0,0.5,0.6,0.7,11.4,11.9,12.4,11.9,2.0,1.0,14.0,0.5,0.6,0.7,-49.8,-44.5,-39.2,-44.5,2.0,10.9,14.0,0.5,0.6,0.7,43.8,43.8,43.8,43.8,2.0,0.0,14.0,0.5,0.6,0.7,-32.7,-28.7,-24.7,-28.7,2.0,8.2,14.0,0.5,0.6,0.7,27.5,28.1,28.7,28.1,2.0,1.2,14.0,0.5,0.6,0.7,-9.3,-8.4,-7.6,-8.4,2.0,1.8,14.0,0.5,0.6,0.7,8.2,8.3,8.5,8.3,2.0,0.3,14.0,0.5,0.6,0.7,19.5,23.5,28.0,23.5,2.0,8.5,14.0,0.5,0.6,0.7,20.0,25.0,30.0,25.0,2.0,10.0,14.0,0.5,0.6,0.7
1974,2,359.0,-16.0,26.0,26.0,26.0,26.0,1.0,0.0,6.0,1.0,1.0,1.0,26.8,26.8,26.8,26.8,1.0,0.0,6.0,1.0,1.0,1.0,12.74,12.74,12.74,12.74,1.0,0.0,6.0,1.0,1.0,1.0,58.2,58.2,58.2,58.2,1.0,0.0,6.0,1.0,1.0,3.1,3.1,3.1,3.1,1.0,0.0,6.0,1.0,1.0,1.0,-1.99,-1.99,-1.99,-1.99,1.0,0.0,6.0,1.0,1.0,1.0,2.37,2.37,2.37,2.37,1.0,0.0,6.0,1.0,1.0,1.0,1013.4,1013.4,1013.4,1013.4,1.0,0.0,6.0,1.0,1.0,1.0,1.0,1.0,1.0,1.0,1.0,0.0,6.0,1.0,1.0,1.0,-6.2,-6.2,-6.2,-6.2,1.0,0.0,6.0,1.0,1.0,1.0,7.4,7.4,7.4,7.4,1.0,0.0,6.0,1.0,1.0,1.0,-0.8,-0.8,-0.8,-0.8,1.0,0.0,6.0,1.0,1.0,1.0,-2.5,-2.5,-2.5,-2.5,1.0,0.0,6.0,1.0,1.0,1.0,8.26,8.26,8.26,8.26,1.0,0.0,6.0,1.0,1.0,1.0,25.6,25.6,25.6,25.6,1.0,0.0,6.0,1.0,1.0,1.0,-53.4,-53.4,-53.4,-53.4,1.0,0.0,6.0,1.0,1.0,1.0,63.6,63.6,63.6,63.6,1.0,0.0,6.0,1.0,1.0,1.0,-25.4,-25.4,-25.4,-25.4,1.0,0.0,6.0,1.0,1.0,1.0,30.2,30.2,30.2,30.2,1.0,0.0,6.0,1.0,1.0,1.0,-16.5,-16.5,-16.5,-16.5,1.0,0.0,6.0,1.0,1.0,1.0,19.6,19.6,19.6,19.6,1.0,0.0,6.0,1.0,1.0,1.0,30.0,30.0,30.0,30.0,1.0,0.0,6.0,1.0,1.0,1.0,30.0,30.0,30.0,30.0,1.0,0.0,6.0,1.0,1.0,1.0
1974,2,359.0,-15.0,25.39,26.45,27.3,26.35,4.0,1.11,24.0,0.5,0.8,0.7,22.85,24.0,24.14,23.58,5.0,0.73,22.0,0.6,0.8,0.7,13.52,13.81,14.1,13.81,2.0,0.6,22.0,0.5,0.7,0.6,76.3,76.3,76.4,76.3,2.0,0.1,22.0,0.5,0.6,4.31,6.6,7.1,5.75,4.0,2.14,22.0,0.5,0.8,0.7,-5.03,-4.24,-0.62,-2.89,4.0,3.61,22.0,0.5,0.8,0.7,2.67,4.69,5.07,3.91,4.0,2.04,22.0,0.5,0.8,0.7,1008.63,1012.5,1013.76,1011.5,5.0,2.9,22.0,0.6,0.8,0.7,5.0,6.0,6.5,5.8,4.0,1.3,22.0,0.8,0.8,0.6,-35.8,-28.1,-8.4,-22.4,4.0,20.1,22.0,0.5,0.8,0.7,15.2,31.4,35.5,25.7,4.0,15.9,22.0,0.5,0.8,0.7,1.76,2.9,3.25,2.53,4.0,1.06,24.0,0.5,0.8,0.7,10.7,18.7,19.9,15.4,3.0,7.3,24.0,0.3,0.7,0.7,7.43,7.89,8.34,7.89,2.0,0.94,22.0,0.5,0.7,0.6,52.2,52.5,52.9,52.5,2.0,0.7,22.0,0.5,0.7,0.6,-118.3,-102.3,-16.6,-69.0,4.0,83.8,22.0,0.5,0.8,0.7,61.2,110.2,122.3,92.6,4.0,49.3,22.0,0.5,0.8,0.7,-71.1,-65.3,-59.5,-65.3,2.0,12.1,22.0,0.5,0.7,0.6,62.8,64.8,66.7,64.8,2.0,4.0,22.0,0.5,0.7,0.6,-38.9,-37.0,-35.0,-37.0,2.0,4.1,22.0,0.5,0.7,0.6,34.6,37.0,39.5,37.0,2.0,5.1,22.0,0.5,0.7,0.6,122.5,290.5,359.0,243.0,4.0,161.0,22.0,0.5,0.8,0.7,125.0,290.0,360.0,245.0,4.0,160.0,22.0,0.5,0.8,0.7
1974,2,359.0,-14.0,24.2,25.2,26.0,25.15,22.0,0.8,12.0,0.6,0.6,0.6,23.65,24.8,26.65,25.16,23.0,1.64,14.0,0.6,0.6,0.6,13.4,14.32,15.18,14.32,12.0,1.07,12.0,0.4,0.5,0.5,67.3,74.5,82.3,74.7,12.0,7.0,12.0,0.4,0.5,3.8,5.1,7.2,5.31,23.0,1.85,14.0,0.6,0.6,0.6,-5.23,-3.21,-0.93,-3.16,23.0,1.93,14.0,0.6,0.6,0.6,1.58,3.83,6.06,3.77,23.0,1.97,14.0,0.6,0.6,0.6,1010.17,1012.0,1014.51,1012.1,24.0,2.0,14.0,0.6,0.6,0.6,3.0,4.5,8.0,5.0,24.0,2.4,14.0,0.6,0.6,0.6,-32.8,-15.8,-3.7,-18.7,23.0,14.6,14.0,0.6,0.6,0.6,5.1,18.0,43.0,22.6,23.0,16.7,14.0,0.6,0.6,0.6,-1.5,0.1,1.33,0.02,22.0,1.59,12.0,0.6,0.6,0.6,-5.0,0.3,8.7,0.9,22.0,8.7,12.0,0.6,0.6,0.6,4.04,5.98,6.54,5.5,11.0,1.36,10.0,0.4,0.5,0.5,17.9,34.1,43.6,31.0,11.0,13.5,10.0,0.4,0.5,0.5,-128.3,-80.3,-25.7,-78.9,23.0,47.0,14.0,0.6,0.6,0.6,41.0,95.8,149.6,95.5,23.0,51.1,14.0,0.6,0.6,0.6,-71.5,-52.2,-24.5,-47.3,12.0,27.0,12.0,0.4,0.5,0.5,24.8,56.9,95.4,59.2,12.0,29.6,12.0,0.4,0.5,0.5,-33.4,-18.5,-5.4,-18.5,11.0,13.3,10.0,0.4,0.5,0.5,9.9,20.7,35.3,21.8,11.0,12.7,10.0,0.4,0.5,0.5,55.0,132.5,373.0,200.0,23.0,163.5,14.0,0.6,0.6,0.6,55.0,135.0,375.0,200.0,23.0,165.0,14.0,0.6,0.6,0.6
1974,2,359.0,-13.0,25.0,26.0,26.7,25.81,66.0,0.96,14.0,0.7,0.6,0.7,24.5,25.35,26.84,25.57,74.0,1.29,14.0,0.7,0.6,0.6,13.95,15.21,17.25,15.45,63.0,1.56,14.0,0.7,0.7,0.6,67.4,75.2,84.0,76.1,63.0,8.4,14.0,0.7,0.6,3.1,4.6,6.2,4.74,76.0,1.61,14.0,0.8,0.6,0.6,-4.03,-2.55,-1.27,-2.6,76.0,1.69,14.0,0.8,0.6,0.6,2.11,3.98,4.94,3.64,76.0,1.5,14.0,0.8,0.6,0.6,1009.81,1011.7,1013.7,1011.69,77.0,1.88,14.0,0.7,0.6,0.6,2.0,3.0,7.0,3.9,76.0,2.3,14.0,0.8,0.6,0.6,-24.7,-10.7,-3.8,-14.0,76.0,12.8,14.0,0.8,0.6,0.6,5.8,18.8,29.5,19.1,76.0,12.7,14.0,0.8,0.6,0.6,-0.86,0.55,1.33,0.32,62.0,1.39,14.0,0.7,0.7,0.6,-3.3,2.3,5.6,1.6,61.0,6.3,14.0,0.7,0.7,0.6,3.61,5.27,7.15,5.33,55.0,1.72,14.0,0.7,0.7,0.6,13.3,22.9,37.0,25.7,54.0,13.0,14.0,0.7,0.7,0.6,-104.1,-60.3,-32.2,-66.2,72.0,42.1,14.0,0.8,0.6,0.6,52.5,96.4,125.7,91.8,72.0,39.3,14.0,0.8,0.6,0.6,-69.9,-37.4,-19.1,-40.6,62.0,25.8,14.0,0.7,0.7,0.6,33.6,60.1,82.3,59.1,62.0,23.0,14.0,0.7,0.7,0.6,-20.6,-12.2,-6.3,-14.1,54.0,9.0,14.0,0.7,0.7,0.6,10.0,17.5,33.4,20.4,54.0,11.6,14.0,0.7,0.7,0.6,30.0,97.5,238.5,143.5,76.0,136.5,14.0,0.8,0.6,0.6,30.0,95.0,240.0,145.0,76.0,135.0,14.0,0.8,0.6,0.6
1974,2,359.0,-12.0,25.02,26.0,27.0,26.03,90.0,0.97,14.0,0.7,0.5,0.5,24.5,25.5,26.8,25.7,93.0,1.21,14.0,0.7,0.5,0.5,14.21,15.13,16.59,15.48,77.0,1.69,12.0,0.8,0.5,0.5,69.5,75.3,81.1,75.3,79.0,7.2,12.0,0.8,0.5,2.6,4.6,6.64,4.38,90.0,2.03,14.0,0.7,0.5,0.5,-4.58,-2.34,-1.06,-2.58,90.0,1.72,14.0,0.7,0.5,0.5,1.67,3.21,4.53,3.23,90.0,1.81,14.0,0.7,0.5,0.5,1009.28,1010.85,1013.05,1011.03,94.0,1.86,14.0,0.7,0.5,0.5,2.0,3.5,6.0,3.7,94.0,2.2,14.0,0.7,0.5,0.5,-26.9,-10.1,-3.4,-13.9,90.0,14.2,14.0,0.7,0.5,0.5,4.3,15.6,24.9,17.2,90.0,16.0,14.0,0.7,0.5,0.5,-0.8,0.5,1.4,0.35,87.0,1.16,14.0,0.7,0.5,0.5,-3.3,1.6,5.1,1.5,82.0,6.4,14.0,0.7,0.5,0.5,4.23,5.57,7.06,5.73,74.0,1.5,12.0,0.8,0.5,0.5,13.3,24.1,33.7,24.9,71.0,13.9,12.0,0.8,0.5,0.5,-104.1,-58.9,-24.4,-65.0,87.0,43.6,14.0,0.7,0.5,0.5,42.0,84.0,118.1,82.8,87.0,46.8,14.0,0.7,0.5,0.5,-58.6,-34.8,-20.6,-39.3,74.0,23.8,12.0,0.8,0.5,0.5,26.0,51.5,73.5,50.4,74.0,29.9,12.0,0.8,0.5,0.5,-21.5,-12.9,-7.2,-14.9,71.0,10.8,12.0,0.8,0.5,0.5,8.9,18.6,29.2,18.9,71.0,10.9,12.0,0.8,0.5,0.5,17.5,97.5,293.0,140.0,90.0,186.5,14.0,0.7,0.5,0.5,20.0,95.0,295.0,140.0,90.0,185.0,14.0,0.7,0.5,0.5
1974,2,359.0,-11.0,25.54,26.0,26.77,26.19,16.0,0.71,14.0,0.7,0.3,0.4,24.58,25.7,26.12,25.44,16.0,0.9,14.0,0.7,0.3,0.4,14.42,14.79,16.31,15.14,15.0,1.03,12.0,0.7,0.3,0.4,69.0,75.0,81.6,74.5,16.0,6.1,14.0,0.7,0.4,2.6,4.6,6.51,4.35,16.0,2.02,14.0,0.7,0.3,0.4,-4.06,-2.42,-0.83,-2.55,16.0,1.84,14.0,0.7,0.3,0.4,1.37,3.52,4.84,3.17,16.0,1.8,14.0,0.7,0.3,0.4,1009.2,1011.1,1012.96,1011.01,15.0,1.68,12.0,0.7,0.3,0.4,1.0,3.0,6.0,3.3,16.0,2.3,14.0,0.7,0.3,0.4,-28.1,-11.8,-3.9,-13.9,16.0,12.8,14.0,0.7,0.3,0.4,2.6,17.3,24.4,16.1,16.0,12.3,14.0,0.7,0.3,0.4,-0.09,0.85,1.49,0.75,16.0,0.94,14.0,0.7,0.3,0.4,-0.3,3.3,7.5,3.6,16.0,5.4,14.0,0.7,0.3,0.4,5.27,5.96,7.18,6.15,15.0,1.02,12.0,0.7,0.3,0.4,16.6,26.5,36.6,26.4,15.0,14.1,12.0,0.7,0.3,0.4,-104.7,-61.0,-22.1,-64.3,16.0,45.8,14.0,0.7,0.3,0.4,33.9,90.9,130.4,81.4,16.0,47.0,14.0,0.7,0.3,0.4,-68.8,-39.4,-12.3,-38.8,15.0,30.2,12.0,0.7,0.3,0.4,17.0,54.4,76.9,48.2,15.0,29.6,12.0,0.7,0.3,0.4,-28.3,-12.8,-4.9,-15.1,15.0,11.1,12.0,0.7,0.3,0.4,8.1,20.2,28.8,19.7,15.0,12.7,12.0,0.7,0.3,0.4,17.5,97.5,277.0,127.5,16.0,112.0,14.0,0.7,0.3,0.4,20.0,95.0,275.0,125.0,16.0,110.0,14.0,0.7,0.3,0.4
1974,2,359.0,-10.0,26.24,26.75,28.05,27.13,4.0,1.31,14.0,0.5,0.5,0.8,24.74,25.25,26.81,25.75,4.0,1.55,14.0,0.5,0.5,0.8,19.27,19.27,19.27,19.27,1.0,0.0,12.0,0.0,0.5,1.0,94.2,94.2,94.2,94.2,1.0,0.0,12.0,0.0,1.0,5.03,5.1,5.71,5.37,3.0,0.55,18.0,0.7,0.5,0.8,-3.44,-2.55,-1.98,-2.71,3.0,1.08,18.0,0.7,0.5,0.8,4.47,4.6,4.67,4.57,3.0,0.14,18.0,0.7,0.5,0.8,1010.8,1014.6,1016.72,1013.8,4.0,3.78,14.0,0.5,0.5,0.8,3.0,4.5,7.0,5.0,4.0,2.4,14.0,0.5,0.5,0.8,-19.9,-13.0,-10.0,-14.9,3.0,7.5,18.0,0.7,0.5,0.8,22.8,23.5,26.3,24.5,3.0,2.7,18.0,0.7,0.5,0.8,0.74,1.25,2.02,1.38,4.0,0.85,14.0,0.5,0.5,0.8,3.3,5.0,11.8,7.5,3.0,6.6,18.0,0.7,0.5,0.8,1.82,1.82,1.82,1.82,1.0,0.0,12.0,0.0,0.5,1.0,9.3,9.3,9.3,9.3,1.0,0.0,12.0,0.0,0.5,1.0,-85.1,-65.0,-53.3,-69.1,3.0,23.6,18.0,0.7,0.5,0.8,112.6,112.6,125.5,118.9,3.0,10.9,18.0,0.7,0.5,0.8,-49.1,-49.1,-49.1,-49.1,1.0,0.0,12.0,0.0,0.5,1.0,85.1,85.1,85.1,85.1,1.0,0.0,12.0,0.0,0.5,1.0,-4.7,-4.7,-4.7,-4.7,1.0,0.0,12.0,0.0,0.5,1.0,8.1,8.1,8.1,8.1,1.0,0.0,12.0,0.0,0.5,1.0,127.5,132.5,189.5,158.0,3.0,50.5,18.0,0.7,0.5,0.8,125.0,135.0,190.0,160.0,3.0,50.0,18.0,0.7,0.5,0.8
1974,2,359.0,-9.0,,,,,,,,,,,,,,,,,,,,,,,,,,,,,,,,,,,,,,,,5.48,6.0,7.57,6.5,4.0,1.73,14.0,0.5,0.8,0.8,-5.14,-3.11,-0.88,-3.02,4.0,3.24,14.0,0.5,0.8,0.8,4.48,5.49,5.85,5.18,4.0,0.95,14.0,0.5,0.8,0.8,1009.28,1010.9,1011.58,1010.45,4.0,1.79,14.0,0.5,0.8,0.8,,,,,,,,,,,,,,,,,,,,,,,,,,,,,,,,,,,,,,,,,,,,,,,,,,,,,,,,,,,,,,,,,,,,,,,,,,,,,,,,,,,,,,,,,,,,,,,,,,,,,,,,,,,,,,,,,,,,,,,,,,,,,,,,,,,,,,,,,,,,,,,,,,,,,,
1974,2,359.0,-8.0,26.61,27.6,28.28,27.45,15.0,1.09,20.0,0.9,0.5,0.4,26.0,28.3,29.78,27.81,15.0,1.74,18.0,0.9,0.5,0.4,16.0,16.63,19.84,17.65,5.0,2.07,20.0,0.8,0.5,0.4,68.9,74.9,80.6,75.0,5.0,6.3,20.0,0.8,0.4,2.13,4.1,7.0,4.35,15.0,2.63,20.0,0.9,0.5,0.4,-3.42,-1.67,-0.1,-1.78,15.0,1.61,20.0,0.9,0.5,0.4,1.44,3.76,6.03,3.79,15.0,2.42,20.0,0.9,0.5,0.4,1008.72,1011.6,1015.16,1011.73,16.0,3.12,18.0,0.9,0.5,0.4,0.4,2.0,5.0,2.6,16.0,2.2,18.0,0.9,0.5,0.4,-22.9,-5.5,-0.3,-10.3,15.0,11.3,20.0,0.9,0.5,0.4,3.1,15.0,41.3,22.3,15.0,19.8,20.0,0.9,0.5,0.4,-2.75,0.0,1.75,-0.36,14.0,2.0,18.0,0.9,0.5,0.4,-11.1,0.0,4.1,-2.8,13.0,8.2,20.0,0.8,0.5,0.4,1.94,5.79,7.77,4.9,4.0,3.7,20.0,0.8,0.5,0.4,8.0,18.8,34.3,21.0,4.0,19.2,20.0,0.8,0.5,0.4,-92.5,-44.9,-0.8,-49.7,14.0,47.7,20.0,0.9,0.5,0.4,39.6,86.2,160.9,99.9,14.0,66.3,20.0,0.9,0.5,0.4,-44.8,-26.2,-8.4,-28.0,5.0,22.6,20.0,0.8,0.5,0.4,38.4,50.5,67.9,54.3,5.0,23.9,20.0,0.8,0.5,0.4,-14.7,-13.1,-6.1,-10.5,4.0,7.1,20.0,0.8,0.5,0.4,5.1,13.3,30.5,17.6,4.0,18.6,20.0,0.8,0.5,0.4,10.0,69.0,343.0,162.5,15.0,169.5,20.0,0.9,0.5,0.4,10.0,70.0,345.0,160.0,15.0,170.0,20.0,0.9,0.5,0.4
1974,2,359.0,-7.0,,,,,,,,,,,,,,,,,,,,,,,,,,,,,,,,,,,,,,,,6.0,6.0,6.0,6.0,1.0,0.0,8.0,1.0,0.4,0.5,-1.04,-1.04,-1.04,-1.04,1.0,0.0,8.0,1.0,0.4,0.5,5.91,5.91,5.91,5.91,1.0,0.0,8.0,1.0,0.4,0.5,1006.9,1006.9,1006.9,1006.9,1.0,0.0,8.0,1.0,0.4,0.5,,,,,,,,,,,,,,,,,,,,,,,,,,,,,,,,,,,,,,,,,,,,,,,,,,,,,,,,,,,,,,,,,,,,,,,,,,,,,,,,,,,,,,,,,,,,,,,,,,,,,,,,,,,,,,,,,,,,,,,,,,,,,,,,,,,,,,,,,,,,,,,,,,,,,,
1974,2,359.0,-3.0,27.59,28.0,28.68,28.13,3.0,0.81,8.0,0.7,0.6,0.6,26.7,28.0,28.0,27.37,3.0,1.1,8.0,0.7,0.6,0.6,18.56,19.22,19.88,19.22,2.0,1.37,10.0,0.5,0.8,0.6,77.8,85.3,85.9,81.9,3.0,6.6,8.0,0.7,0.6,1.83,3.6,4.62,3.23,3.0,2.07,8.0,0.7,0.6,0.6,-2.13,-1.23,-0.39,-1.26,3.0,1.28,8.0,0.7,0.6,0.6,1.76,3.38,4.09,2.93,3.0,1.75,8.0,0.7,0.6,0.6,1008.4,1009.25,1010.1,1009.25,2.0,1.77,10.0,0.5,0.8,0.6,7.0,7.0,7.7,7.3,3.0,0.6,8.0,0.7,0.6,0.6,-10.3,-4.4,-1.4,-5.8,3.0,6.6,8.0,0.7,0.6,0.6,4.5,12.2,19.2,11.9,3.0,10.8,8.0,0.7,0.6,0.6,0.32,1.0,1.2,0.77,3.0,0.68,8.0,0.7,0.6,0.6,0.4,1.3,2.9,1.6,3.0,1.8,8.0,0.7,0.6,0.6,3.72,4.11,4.51,4.11,2.0,0.82,10.0,0.5,0.8,0.6,6.8,11.4,15.9,11.4,2.0,9.4,10.0,0.5,0.8,0.6,-59.7,-34.5,-10.9,-35.3,3.0,35.7,8.0,0.7,0.6,0.6,47.9,94.7,114.5,81.5,3.0,50.1,8.0,0.7,0.6,0.6,-43.3,-25.7,-8.2,-25.7,2.0,36.4,10.0,0.5,0.8,0.6,29.5,53.7,77.9,53.7,2.0,50.1,10.0,0.5,0.8,0.6,-7.6,-4.5,-1.4,-4.5,2.0,6.4,10.0,0.5,0.8,0.6,6.4,10.2,13.9,10.2,2.0,7.7,10.0,0.5,0.8,0.6,15.5,46.5,105.5,60.0,3.0,67.0,8.0,0.7,0.6,0.6,15.0,45.0,105.0,60.0,3.0,65.0,8.0,0.7,0.6,0.6
1974,2,359.0,-2.0,27.32,28.3,28.81,28.08,4.0,1.0,12.0,0.5,0.2,0.5,27.05,27.8,28.62,27.83,3.0,1.15,10.0,0.7,0.1,0.6,19.55,20.38,21.08,20.32,3.0,1.12,10.0,0.7,0.1,0.6,85.8,86.8,87.1,86.5,3.0,1.0,10.0,0.7,0.6,3.34,4.35,5.1,4.23,4.0,1.03,12.0,0.5,0.2,0.5,-2.84,-2.17,-0.86,-1.86,4.0,1.35,12.0,0.5,0.2,0.5,1.48,3.77,4.77,3.16,4.0,2.26,12.0,0.5,0.2,0.5,1007.33,1008.45,1010.62,1008.95,4.0,2.22,12.0,0.5,0.2,0.5,2.5,5.0,7.5,5.0,4.0,2.9,12.0,0.5,0.2,0.5,-11.4,-8.0,-3.1,-7.3,4.0,5.5,12.0,0.5,0.2,0.5,5.3,16.9,24.4,14.9,4.0,11.8,12.0,0.5,0.2,0.5,-0.68,0.0,0.55,-0.07,3.0,0.9,10.0,0.7,0.1,0.6,-3.5,0.0,2.0,-0.7,3.0,4.0,10.0,0.7,0.1,0.6,2.46,2.85,3.83,3.14,3.0,1.03,10.0,0.7,0.1,0.6,12.6,14.5,15.1,13.9,3.0,2.0,10.0,0.7,0.1,0.6,-66.4,-50.0,-15.9,-41.3,3.0,37.7,10.0,0.7,0.1,0.6,99.8,128.1,133.6,117.0,3.0,26.6,10.0,0.7,0.1,0.6,-48.9,-36.7,-11.6,-30.4,3.0,27.8,10.0,0.7,0.1,0.6,73.4,94.5,96.7,85.3,3.0,18.9,10.0,0.7,0.1,0.6,-7.1,-5.8,-1.8,-4.5,3.0,4.0,10.0,0.7,0.1,0.6,11.1,13.4,14.2,12.7,3.0,2.3,10.0,0.7,0.1,0.6,38.0,89.5,132.5,85.5,4.0,55.0,12.0,0.5,0.2,0.5,40.0,90.0,135.0,85.0,4.0,55.0,12.0,0.5,0.2,0.5
1974,2,359.0,-1.0,28.0,28.0,28.0,28.0,1.0,0.0,2.0,0.0,0.4,0.4,25.32,26.0,27.37,26.33,3.0,1.53,12.0,0.3,0.3,0.7,18.11,18.76,19.52,18.81,3.0,1.03,12.0,0.3,0.3,0.7,84.0,84.6,91.1,87.5,3.0,5.8,12.0,0.3,0.7,2.67,4.1,8.33,5.47,3.0,4.32,12.0,0.3,0.3,0.7,-3.52,0.0,2.63,-0.43,3.0,4.52,12.0,0.3,0.3,0.7,-0.92,1.4,6.53,2.77,3.0,5.59,12.0,0.3,0.3,0.7,1005.92,1008.1,1008.37,1007.17,3.0,1.97,12.0,0.3,0.3,0.7,3.2,8.0,8.0,5.7,3.0,4.0,12.0,0.3,0.3,0.7,-36.2,0.0,10.8,-12.4,3.0,36.1,12.0,0.3,0.3,0.7,-0.9,5.7,64.5,31.2,3.0,52.8,12.0,0.3,0.3,0.7,3.0,3.0,3.0,3.0,1.0,0.0,2.0,0.0,0.4,0.4,6.0,6.0,6.0,6.0,1.0,0.0,2.0,0.0,0.4,0.4,5.09,5.09,5.09,5.09,1.0,0.0,2.0,0.0,0.4,0.4,10.2,10.2,10.2,10.2,1.0,0.0,2.0,0.0,0.4,0.4,-98.4,0.0,68.4,-14.7,3.0,122.8,12.0,0.3,0.3,0.7,-22.6,36.5,182.1,78.7,3.0,154.3,12.0,0.3,0.3,0.7,-69.9,0.0,46.8,-11.2,3.0,86.0,12.0,0.3,0.3,0.7,-17.7,25.0,128.9,54.9,3.0,110.5,12.0,0.3,0.3,0.7,0.0,0.0,0.0,0.0,1.0,0.0,2.0,0.0,0.4,0.4,-10.2,-10.2,-10.2,-10.2,1.0,0.0,2.0,0.0,0.4,0.4,27.5,69.0,768.0,390.0,3.0,609.5,12.0,0.3,0.3,0.7,25.0,70.0,770.0,390.0,3.0,610.0,12.0,0.3,0.3,0.7
1974,2,359.0,0.0,26.87,28.1,29.37,28.13,6.0,1.75,14.0,0.5,0.4,0.5,26.28,28.3,29.07,27.72,5.0,1.67,16.0,0.4,0.4,0.4,18.85,19.28,19.62,19.24,3.0,0.57,20.0,0.3,0.3,0.3,78.5,87.2,95.1,86.8,3.0,12.2,20.0,0.3,0.3,2.48,3.05,4.1,3.28,4.0,1.25,8.0,0.5,0.5,0.6,-0.54,1.0,2.64,1.05,4.0,1.91,8.0,0.5,0.5,0.6,1.34,2.96,3.48,2.44,4.0,1.68,8.0,0.5,0.5,0.6,1011.71,1012.6,1014.32,1012.8,6.0,1.35,14.0,0.5,0.4,0.5,2.4,4.5,8.0,4.7,6.0,3.2,14.0,0.5,0.4,0.5,-1.6,2.0,10.3,4.2,4.0,8.4,8.0,0.5,0.5,0.6,4.0,9.0,14.6,9.3,4.0,7.8,8.0,0.5,0.5,0.6,-0.4,0.9,2.18,0.92,5.0,1.63,16.0,0.4,0.4,0.4,-1.5,0.0,5.5,1.9,3.0,5.4,10.0,0.3,0.5,0.6,4.2,4.45,5.85,5.01,3.0,1.31,20.0,0.3,0.3,0.3,20.2,20.2,20.2,20.2,1.0,0.0,4.0,0.0,0.3,0.5,18.0,56.6,82.0,50.1,3.0,47.3,10.0,0.3,0.5,0.6,28.5,89.9,104.9,67.2,3.0,59.3,10.0,0.3,0.5,0.6,0.0,0.0,0.0,0.0,1.0,0.0,4.0,0.0,0.3,0.5,57.8,57.8,57.8,57.8,1.0,0.0,4.0,0.0,0.3,0.5,0.0,0.0,0.0,0.0,1.0,0.0,4.0,0.0,0.3,0.5,20.2,20.2,20.2,20.2,1.0,0.0,4.0,0.0,0.3,0.5,17.0,28.5,79.5,47.5,4.0,52.5,8.0,0.5,0.5,0.6,15.0,30.0,80.0,45.0,4.0,55.0,8.0,0.5,0.5,0.6
1974,2,359.0,1.0,27.96,28.3,29.46,28.7,3.0,1.15,12.0,0.3,0.5,0.3,26.98,27.8,28.07,27.53,3.0,0.83,12.0,0.3,0.5,0.3,17.25,18.68,21.44,19.33,3.0,3.12,12.0,0.3,0.5,0.3,75.8,85.7,91.6,83.7,3.0,11.7,12.0,0.3,0.3,3.73,5.1,6.19,4.97,3.0,1.8,12.0,0.3,0.5,0.3,0.28,0.89,1.9,1.09,3.0,1.2,12.0,0.3,0.5,0.3,2.95,5.02,6.17,4.57,3.0,2.39,12.0,0.3,0.5,0.3,1007.15,1009.4,1011.11,1009.13,3.0,2.91,12.0,0.3,0.5,0.3,3.2,8.0,8.0,5.7,3.0,4.0,12.0,0.3,0.5,0.3,1.4,4.5,6.5,4.0,3.0,3.7,12.0,0.3,0.5,0.3,12.3,25.6,38.8,25.6,3.0,19.4,12.0,0.3,0.5,0.3,0.45,1.2,1.88,1.17,3.0,1.05,12.0,0.3,0.5,0.3,2.4,6.1,6.6,4.5,3.0,3.4,12.0,0.3,0.5,0.3,2.57,4.79,8.39,5.46,3.0,4.3,12.0,0.3,0.5,0.3,14.8,24.4,29.0,22.0,3.0,10.7,12.0,0.3,0.5,0.3,7.5,23.6,52.5,29.9,3.0,33.5,12.0,0.3,0.5,0.3,80.2,133.6,171.4,126.0,3.0,67.1,12.0,0.3,0.5,0.3,5.3,16.5,32.1,18.6,3.0,19.8,12.0,0.3,0.5,0.3,52.3,93.8,133.7,93.0,3.0,59.6,12.0,0.3,0.5,0.3,1.3,4.2,17.7,9.4,3.0,12.7,12.0,0.3,0.5,0.3,13.4,20.1,22.8,18.1,3.0,7.1,12.0,0.3,0.5,0.3,62.5,132.5,247.5,154.5,3.0,137.0,12.0,0.3,0.5,0.3,60.0,135.0,245.0,155.0,3.0,135.0,12.0,0.3,0.5,0.3
1974,2,359.0,2.0,,,,,,,,,,,,,,,,,,,,,,,,,,,,,,,,,,,,,,,,2.1,2.1,2.1,2.1,1.0,0.0,18.0,1.0,0.4,0.6,-0.72,-0.72,-0.72,-0.72,1.0,0.0,18.0,1.0,0.4,0.6,1.97,1.97,1.97,1.97,1.0,0.0,18.0,1.0,0.4,0.6,1010.0,1010.0,1010.0,1010.0,1.0,0.0,18.0,1.0,0.4,0.6,,,,,,,,,,,,,,,,,,,,,,,,,,,,,,,,,,,,,,,,,,,,,,,,,,,,,,,,,,,,,,,,,,,,,,,,,,,,,,,,,,,,,,,,,,,,,,,,,,,,,,,,,,,,,,,,,,,,,,,,,,,,,,,,,,,,,,,,,,,,,,,,,,,,,,
1974,2,359.0,3.0,29.16,29.5,29.57,29.37,3.0,0.32,18.0,0.7,0.6,0.8,28.0,28.0,28.27,28.13,3.0,0.23,18.0,0.7,0.6,0.8,18.22,18.62,19.1,18.66,3.0,0.64,18.0,0.7,0.6,0.8,75.6,78.4,80.7,78.2,3.0,3.7,18.0,0.7,0.8,3.42,4.1,4.1,3.77,3.0,0.58,18.0,0.7,0.6,0.8,0.49,1.55,2.29,1.4,3.0,1.32,18.0,0.7,0.6,0.8,2.83,3.14,3.8,3.31,3.0,0.72,18.0,0.7,0.6,0.8,1006.95,1007.7,1010.57,1008.73,3.0,2.8,18.0,0.7,0.6,0.8,5.6,7.0,7.7,6.7,3.0,1.5,18.0,0.7,0.6,0.8,1.5,4.8,8.9,5.2,3.0,5.4,18.0,0.7,0.6,0.8,9.8,12.9,15.6,12.7,3.0,4.2,18.0,0.7,0.6,0.8,0.89,1.5,1.57,1.23,3.0,0.55,18.0,0.7,0.6,0.8,3.2,6.2,6.4,4.9,3.0,2.6,18.0,0.7,0.6,0.8,6.86,7.2,7.34,7.1,3.0,0.36,18.0,0.7,0.6,0.8,24.0,27.5,29.4,26.7,3.0,4.1,18.0,0.7,0.6,0.8,14.0,44.0,64.3,39.3,3.0,37.1,18.0,0.7,0.6,0.8,80.0,87.9,106.3,93.0,3.0,19.8,18.0,0.7,0.6,0.8,8.9,28.0,42.4,25.7,3.0,24.6,18.0,0.7,0.6,0.8,51.6,58.5,72.6,62.0,3.0,15.7,18.0,0.7,0.6,0.8,3.5,11.2,16.9,10.2,3.0,9.8,18.0,0.7,0.6,0.8,20.6,23.2,26.1,23.4,3.0,4.1,18.0,0.7,0.6,0.8,42.0,69.0,69.0,56.0,3.0,22.5,18.0,0.7,0.6,0.8,40.0,70.0,70.0,55.0,3.0,25.0,18.0,0.7,0.6,0.8
1974,2,359.0,4.0,27.61,28.35,28.59,28.24,14.0,0.57,18.0,0.4,0.5,0.3,27.43,28.4,30.0,28.69,14.0,1.29,18.0,0.4,0.5,0.3,18.66,19.22,20.44,19.48,10.0,1.38,18.0,0.3,0.5,0.4,76.1,80.4,84.4,80.6,11.0,5.7,18.0,0.3,0.4,1.57,3.05,4.57,3.03,14.0,1.44,18.0,0.4,0.5,0.3,0.97,2.09,2.96,1.79,14.0,1.4,18.0,0.4,0.5,0.3,0.03,1.6,3.51,1.89,14.0,1.64,18.0,0.4,0.5,0.3,1006.18,1008.2,1009.61,1008.5,13.0,2.38,18.0,0.5,0.5,0.3,2.9,6.0,8.0,5.4,13.0,2.2,18.0,0.5,0.5,0.3,1.0,6.4,9.9,5.9,14.0,5.8,18.0,0.4,0.5,0.3,0.1,5.1,16.0,7.5,14.0,8.0,18.0,0.4,0.5,0.3,-1.64,-0.15,0.39,-0.44,14.0,1.07,18.0,0.4,0.5,0.3,-2.7,-0.6,0.6,-1.2,14.0,2.9,18.0,0.4,0.5,0.3,3.67,4.83,5.45,4.57,10.0,1.07,18.0,0.3,0.5,0.4,6.5,15.2,24.2,14.9,10.0,8.5,18.0,0.3,0.5,0.4,26.6,58.7,87.7,51.8,14.0,40.1,18.0,0.4,0.5,0.3,1.0,44.9,105.2,54.3,14.0,47.1,18.0,0.4,0.5,0.3,8.0,38.3,57.0,32.3,10.0,30.1,18.0,0.3,0.5,0.4,16.0,42.4,79.6,46.4,10.0,32.8,18.0,0.3,0.5,0.4,1.2,10.8,13.7,7.6,10.0,7.8,18.0,0.3,0.5,0.4,4.5,7.7,21.0,10.5,10.0,8.3,18.0,0.3,0.5,0.4,4.5,28.5,95.5,44.0,14.0,41.0,18.0,0.4,0.5,0.3,5.0,30.0,95.0,45.0,14.0,40.0,18.0,0.4,0.5,0.3
1974,2,359.0,5.0,27.41,28.0,29.0,28.02,11.0,0.91,12.0,0.2,0.6,0.2,27.09,28.0,28.73,27.85,11.0,1.3,14.0,0.2,0.7,0.2,18.37,19.97,20.63,19.52,4.0,1.59,14.0,0.0,0.8,0.2,86.0,86.9,91.7,88.8,4.0,4.9,14.0,0.0,0.2,2.03,3.0,3.76,2.87,9.0,1.61,12.0,0.2,0.7,0.2,0.0,1.37,2.89,1.45,9.0,1.93,12.0,0.2,0.7,0.2,0.0,1.93,3.53,1.54,9.0,1.76,12.0,0.2,0.7,0.2,1007.79,1008.8,1010.73,1009.08,12.0,1.79,14.0,0.3,0.6,0.2,2.0,4.0,8.0,4.8,9.0,3.1,14.0,0.2,0.7,0.2,0.0,5.5,8.4,6.1,9.0,9.0,12.0,0.2,0.7,0.2,0.0,4.4,13.4,6.2,9.0,8.3,12.0,0.2,0.7,0.2,-0.57,0.4,1.4,0.38,10.0,1.7,14.0,0.1,0.6,0.2,0.0,1.8,5.7,2.4,8.0,4.3,14.0,0.1,0.7,0.2,3.31,3.57,5.4,4.32,4.0,1.75,14.0,0.0,0.8,0.2,3.2,7.8,15.5,9.3,4.0,9.0,14.0,0.0,0.8,0.2,0.0,32.4,71.4,34.7,8.0,55.1,14.0,0.1,0.7,0.2,0.0,54.8,101.7,47.1,8.0,48.8,14.0,0.1,0.7,0.2,0.0,9.2,36.4,17.8,4.0,24.9,14.0,0.0,0.8,0.2,0.0,21.9,47.2,23.5,4.0,27.3,14.0,0.0,0.8,0.2,0.0,3.7,8.2,4.1,4.0,4.7,14.0,0.0,0.8,0.2,0.0,3.4,13.8,6.7,4.0,9.5,14.0,0.0,0.8,0.2,8.5,27.0,55.0,44.5,9.0,67.0,12.0,0.2,0.7,0.2,10.0,25.0,55.0,45.0,9.0,65.0,12.0,0.2,0.7,0.2
1974,2,359.0,35.0,14.73,15.55,16.0,15.38,4.0,0.78,10.0,0.3,0.4,0.8,13.69,15.4,16.45,15.1,23.0,1.67,6.0,0.2,0.7,0.8,7.11,8.21,8.42,7.78,3.0,1.03,12.0,0.3,0.5,0.9,68.6,73.7,74.7,71.7,3.0,4.8,12.0,0.3,0.9,2.85,6.7,12.86,7.78,23.0,4.56,6.0,0.2,0.7,0.8,-1.02,5.36,12.77,5.58,23.0,6.66,6.0,0.2,0.7,0.8,-0.75,1.25,3.16,1.05,23.0,2.46,6.0,0.2,0.7,0.8,1015.65,1020.0,1025.81,1020.93,23.0,4.67,6.0,0.2,0.7,0.8,0.3,3.5,6.0,3.5,22.0,2.4,6.0,0.2,0.7,0.8,-3.1,30.5,164.5,67.3,23.0,92.8,6.0,0.2,0.7,0.8,-1.1,4.8,25.3,8.7,23.0,18.9,6.0,0.2,0.7,0.8,-0.8,-0.45,0.01,-0.4,4.0,0.5,10.0,0.3,0.4,0.8,-4.9,-2.1,0.4,-2.2,4.0,3.2,10.0,0.3,0.4,0.8,2.44,2.69,3.25,2.84,3.0,0.61,12.0,0.3,0.5,0.9,10.6,15.6,19.8,15.2,3.0,6.7,12.0,0.3,0.5,0.9,-14.5,79.2,194.2,87.8,23.0,105.1,6.0,0.2,0.7,0.8,-11.3,21.1,45.3,14.0,23.0,35.0,6.0,0.2,0.7,0.8,-48.8,-35.5,4.4,-22.5,3.0,40.5,12.0,0.3,0.5,0.9,-14.0,0.0,9.0,-2.4,3.0,17.0,12.0,0.3,0.5,0.9,-17.8,-15.6,0.0,-9.1,3.0,14.2,12.0,0.3,0.5,0.9,-7.4,0.0,2.8,-2.2,3.0,7.8,12.0,0.3,0.5,0.9,23.5,301.0,2138.0,979.0,23.0,1402.0,6.0,0.2,0.7,0.8,25.0,300.0,2140.0,980.0,23.0,1400.0,6.0,0.2,0.7,0.8
1974,2,359.0,36.0,14.0,15.0,16.0,14.91,124.0,1.22,14.0,0.3,0.5,0.6,12.0,14.4,15.5,14.02,128.0,1.78,14.0,0.3,0.5,0.6,5.75,7.11,8.43,7.05,33.0,1.41,14.0,0.3,0.6,0.6,64.6,74.1,83.1,72.6,33.0,11.7,14.0,0.3,0.6,3.1,7.0,12.9,7.71,118.0,4.54,14.0,0.3,0.5,0.6,-3.79,3.83,10.39,4.08,118.0,6.93,14.0,0.3,0.5,0.6,-3.22,0.62,3.63,0.27,118.0,3.96,14.0,0.3,0.5,0.6,1009.77,1016.2,1020.8,1015.73,125.0,5.91,14.0,0.3,0.5,0.6,0.0,3.5,7.0,3.7,122.0,2.8,14.0,0.3,0.5,0.6,-16.7,20.6,124.7,50.9,118.0,97.2,14.0,0.3,0.5,0.6,-19.9,1.5,39.9,3.5,118.0,43.2,14.0,0.3,0.5,0.6,-1.0,1.0,2.5,0.91,122.0,1.95,14.0,0.3,0.5,0.6,-6.1,2.5,17.7,5.3,110.0,19.0,14.0,0.3,0.5,0.6,1.69,3.22,4.5,3.24,32.0,1.41,16.0,0.3,0.5,0.6,6.7,16.6,36.5,20.0,32.0,14.3,16.0,0.3,0.5,0.6,-54.1,55.6,155.7,60.2,116.0,99.8,14.0,0.3,0.5,0.6,-47.3,3.2,54.1,4.0,116.0,57.2,14.0,0.3,0.5,0.6,-24.4,15.1,48.9,20.8,33.0,53.4,14.0,0.3,0.6,0.6,-16.1,0.0,29.0,2.6,33.0,24.3,14.0,0.3,0.6,0.6,-16.4,4.1,22.2,4.9,32.0,20.9,16.0,0.3,0.5,0.6,-10.8,0.0,7.3,-0.8,32.0,12.5,16.0,0.3,0.5,0.6,30.0,343.0,2146.5,988.5,118.0,1570.5,14.0,0.3,0.5,0.6,30.0,345.0,2145.0,990.0,118.0,1570.0,14.0,0.3,0.5,0.6
1974,2,359.0,37.0,13.07,14.45,16.0,14.42,60.0,1.38,16.0,0.3,0.6,0.4,12.0,13.7,15.23,13.62,62.0,1.88,16.0,0.3,0.6,0.4,6.22,6.97,8.12,7.09,45.0,0.98,14.0,0.3,0.6,0.5,66.1,71.3,82.4,73.1,46.0,9.4,16.0,0.3,0.5,3.46,7.7,10.08,7.11,56.0,3.25,16.0,0.3,0.6,0.4,-2.87,2.78,9.3,2.78,56.0,5.85,16.0,0.3,0.6,0.4,-5.44,-1.51,3.52,-1.5,56.0,4.21,16.0,0.3,0.6,0.4,1006.1,1014.2,1019.93,1013.61,61.0,6.17,16.0,0.3,0.6,0.4,0.0,3.0,7.0,3.7,60.0,2.9,16.0,0.4,0.6,0.4,-17.5,13.3,86.5,27.3,56.0,58.9,16.0,0.3,0.6,0.4,-44.1,-6.1,24.8,-11.5,56.0,39.7,16.0,0.3,0.6,0.4,-1.08,1.0,2.4,0.85,59.0,1.93,16.0,0.3,0.6,0.4,-6.6,3.8,14.4,5.7,52.0,13.3,16.0,0.3,0.6,0.5,1.87,2.99,4.0,2.95,43.0,1.13,14.0,0.3,0.6,0.5,9.6,19.8,38.6,23.0,38.0,14.0,14.0,0.3,0.6,0.5,-43.2,41.0,120.9,42.8,55.0,82.0,16.0,0.3,0.6,0.4,-73.6,-25.5,49.0,-18.9,55.0,58.0,16.0,0.3,0.6,0.4,-22.8,18.5,59.6,18.7,40.0,41.6,14.0,0.3,0.6,0.5,-41.4,-9.6,28.2,-8.9,40.0,31.6,14.0,0.3,0.6,0.5,-11.1,6.4,30.5,8.6,38.0,21.2,14.0,0.3,0.6,0.5,-15.7,-3.3,7.8,-5.0,38.0,13.6,14.0,0.3,0.6,0.5,42.0,456.5,1025.0,577.0,56.0,599.0,16.0,0.3,0.6,0.4,40.0,455.0,1025.0,575.0,56.0,600.0,16.0,0.3,0.6,0.4
1974,2,359.0,38.0,13.0,14.0,16.0,14.37,24.0,1.24,16.0,0.3,0.8,0.2,11.77,13.8,15.03,13.52,24.0,1.9,16.0,0.3,0.8,0.2,5.56,6.26,7.43,6.49,21.0,1.17,14.0,0.3,0.8,0.2,56.0,66.3,75.1,66.9,21.0,12.3,14.0,0.3,0.2,3.1,6.7,12.61,7.39,23.0,4.38,16.0,0.3,0.8,0.2,-4.57,1.99,8.33,1.87,23.0,6.37,16.0,0.3,0.8,0.2,-6.58,-2.14,1.21,-3.03,23.0,4.72,16.0,0.3,0.8,0.2,1007.93,1014.95,1022.67,1014.66,24.0,6.63,16.0,0.3,0.8,0.2,1.0,4.0,7.0,3.9,22.0,2.9,16.0,0.3,0.8,0.2,-32.4,6.7,119.3,20.3,23.0,75.6,16.0,0.3,0.8,0.2,-61.0,-24.2,3.7,-36.0,23.0,57.8,16.0,0.3,0.8,0.2,-1.1,1.45,2.54,0.85,24.0,2.06,16.0,0.3,0.8,0.2,-6.5,6.0,21.4,6.7,23.0,15.6,16.0,0.3,0.8,0.2,2.54,3.74,4.93,3.67,21.0,1.28,14.0,0.3,0.8,0.2,8.3,22.3,46.8,27.0,20.0,19.2,14.0,0.4,0.8,0.2,-58.1,28.7,109.1,29.2,23.0,85.5,16.0,0.3,0.8,0.2,-86.8,-27.3,17.4,-38.0,23.0,62.2,16.0,0.3,0.8,0.2,-18.8,14.9,47.8,13.9,20.0,39.4,14.0,0.4,0.8,0.2,-34.8,-9.5,15.6,-14.4,20.0,30.3,14.0,0.4,0.8,0.2,-6.6,6.3,28.7,8.5,20.0,26.3,14.0,0.4,0.8,0.2,-22.0,-6.9,1.6,-10.1,20.0,16.2,14.0,0.4,0.8,0.2,30.0,301.0,2006.0,834.0,23.0,1083.0,16.0,0.3,0.8,0.2,30.0,300.0,2005.0,835.0,23.0,1085.0,16.0,0.3,0.8,0.2
1974,2,359.0,39.0,12.2,12.2,13.81,12.69,7.0,0.83,24.0,0.4,0.7,0.4,10.77,12.2,14.17,12.26,11.0,2.03,20.0,0.6,0.7,0.4,5.06,6.28,7.1,6.24,9.0,1.09,22.0,0.6,0.7,0.4,56.7,70.0,87.0,71.7,9.0,15.7,22.0,0.6,0.4,2.31,5.1,7.84,5.6,10.0,4.11,22.0,0.6,0.6,0.4,-3.76,-0.44,3.34,0.44,10.0,5.08,22.0,0.6,0.6,0.4,-3.62,1.36,3.14,0.29,10.0,5.06,22.0,0.6,0.6,0.4,1005.17,1016.6,1019.05,1013.26,11.0,7.45,20.0,0.6,0.7,0.4,0.0,2.0,5.4,2.7,11.0,2.9,20.0,0.6,0.7,0.4,-17.1,-1.2,16.0,13.2,10.0,61.8,22.0,0.6,0.6,0.4,-18.5,3.8,18.5,-6.1,10.0,57.8,22.0,0.6,0.6,0.4,-0.51,0.0,0.7,-0.01,7.0,1.56,24.0,0.4,0.7,0.4,-1.2,0.0,3.1,-0.4,7.0,4.0,24.0,0.4,0.7,0.4,1.82,3.7,3.94,3.12,7.0,1.09,24.0,0.4,0.7,0.4,7.7,9.4,12.1,10.3,7.0,3.9,24.0,0.4,0.7,0.4,-48.6,-5.1,44.6,5.9,10.0,65.2,22.0,0.6,0.6,0.4,-42.4,19.1,41.9,0.9,10.0,58.2,22.0,0.6,0.6,0.4,-27.4,-4.8,11.0,-4.4,9.0,22.6,22.0,0.6,0.7,0.4,-9.2,9.8,25.7,8.5,9.0,25.4,22.0,0.6,0.7,0.4,-9.4,-3.8,5.9,-3.8,7.0,8.5,24.0,0.4,0.7,0.4,-3.4,2.7,7.8,2.1,7.0,6.5,24.0,0.4,0.7,0.4,13.0,132.5,505.5,512.0,10.0,1121.0,22.0,0.6,0.6,0.4,15.0,135.0,505.0,510.0,10.0,1120.0,22.0,0.6,0.6,0.4
1974,2,359.0,44.0,,,,,,,,,,,,,,,,,,,,,,,,,,,,,,,,,,,,,,,,4.1,4.1,4.1,4.1,1.0,0.0,4.0,0.0,0.2,0.6,4.04,4.04,4.04,4.04,1.0,0.0,4.0,0.0,0.2,0.6,-0.71,-0.71,-0.71,-0.71,1.0,0.0,4.0,0.0,0.2,0.6,1015.6,1015.6,1015.6,1015.6,1.0,0.0,4.0,0.0,0.2,0.6,,,,,,,,,,,,,,,,,,,,,,,,,,,,,,,,,,,,,,,,,,,,,,,,,,,,,,,,,,,,,,,,,,,,,,,,,,,,,,,,,,,,,,,,,,,,,,,,,,,,,,,,,,,,,,,,,,,,,,,,,,,,,,,,,,,,,,,,,,,,,,,,,,,,,,
1974,2,359.0,45.0,8.4,8.4,8.4,8.4,2.0,0.0,12.0,0.5,0.8,0.7,8.14,8.45,8.76,8.45,2.0,0.64,12.0,0.5,0.8,0.7,6.36,6.56,6.76,6.56,2.0,0.41,12.0,0.5,0.8,0.7,89.8,93.9,98.1,93.9,2.0,8.6,12.0,0.5,0.7,7.53,8.25,8.97,8.25,2.0,1.48,12.0,0.5,0.8,0.7,1.13,3.56,5.99,3.56,2.0,5.04,12.0,0.5,0.8,0.7,6.17,6.59,7.01,6.59,2.0,0.86,12.0,0.5,0.8,0.7,984.81,991.7,998.59,991.7,2.0,14.28,12.0,0.5,0.8,0.7,1.0,1.0,1.0,1.0,1.0,0.0,16.0,1.0,0.8,0.9,10.5,33.1,55.7,33.1,2.0,46.8,12.0,0.5,0.8,0.7,52.4,53.7,55.0,53.7,2.0,2.7,12.0,0.5,0.8,0.7,-0.36,-0.05,0.26,-0.05,2.0,0.64,12.0,0.5,0.8,0.7,-2.4,0.1,2.6,0.1,2.0,5.2,12.0,0.5,0.8,0.7,0.26,0.41,0.56,0.41,2.0,0.31,12.0,0.5,0.8,0.7,2.2,3.2,4.1,3.2,2.0,2.0,12.0,0.5,0.8,0.7,9.0,28.5,47.9,28.5,2.0,40.3,12.0,0.5,0.8,0.7,50.4,56.0,61.5,56.0,2.0,11.5,12.0,0.5,0.8,0.7,7.7,24.4,41.1,24.4,2.0,34.5,12.0,0.5,0.8,0.7,41.6,43.1,44.5,43.1,2.0,3.0,12.0,0.5,0.8,0.7,0.2,0.7,1.1,0.7,2.0,1.0,12.0,0.5,0.8,0.7,1.7,2.8,4.0,2.8,2.0,2.4,12.0,0.5,0.8,0.7,441.5,589.0,736.0,589.0,2.0,305.0,12.0,0.5,0.8,0.7,440.0,590.0,735.0,590.0,2.0,305.0,12.0,0.5,0.8,0.7
1974,2,359.0,49.0,8.0,8.2,8.4,8.31,249.0,0.91,14.0,0.4,0.7,0.5,5.8,7.3,9.45,7.42,250.0,2.0,14.0,0.4,0.7,0.5,4.31,5.69,6.65,5.54,224.0,1.06,14.0,0.4,0.8,0.5,77.7,88.3,96.7,86.6,224.0,10.2,14.0,0.4,0.5,4.2,8.7,12.9,8.91,248.0,4.54,14.0,0.4,0.7,0.5,-4.91,0.0,6.93,1.25,248.0,5.84,14.0,0.4,0.7,0.5,-4.95,2.5,10.76,2.74,248.0,7.55,14.0,0.4,0.7,0.5,994.68,1009.35,1027.82,1009.98,252.0,14.96,14.0,0.4,0.7,0.5,1.0,6.0,8.0,5.0,213.0,3.0,14.0,0.5,0.7,0.5,-39.5,0.0,80.6,19.3,248.0,76.6,14.0,0.4,0.7,0.5,-38.1,14.1,120.0,36.3,248.0,107.7,14.0,0.4,0.7,0.5,-0.98,1.0,2.5,0.89,248.0,1.82,14.0,0.4,0.7,0.5,-8.7,6.9,20.1,4.7,244.0,18.5,14.0,0.4,0.7,0.5,0.18,1.11,2.23,1.2,222.0,0.95,14.0,0.4,0.8,0.5,0.9,8.0,19.6,9.5,220.0,10.1,14.0,0.4,0.8,0.5,-28.1,0.0,57.1,12.7,246.0,44.2,14.0,0.4,0.7,0.5,-30.8,18.7,85.5,27.3,246.0,63.7,14.0,0.4,0.7,0.5,-25.1,0.0,40.1,7.8,222.0,31.3,14.0,0.4,0.8,0.5,-29.2,9.1,66.1,17.1,222.0,46.5,14.0,0.4,0.8,0.5,-7.1,0.0,6.2,-0.4,220.0,9.9,14.0,0.4,0.8,0.5,-8.5,0.0,7.1,-0.7,220.0,9.6,14.0,0.4,0.8,0.5,74.5,658.5,2146.5,1303.5,248.0,1883.0,14.0,0.4,0.7,0.5,75.0,660.0,2145.0,1305.0,248.0,1885.0,14.0,0.4,0.7,0.5
1974,2,359.0,50.0,8.0,9.5,10.5,9.46,120.0,1.2,14.0,0.6,0.5,0.3,6.78,9.0,10.27,8.53,113.0,2.12,14.0,0.5,0.5,0.3,3.59,5.68,6.75,5.43,55.0,1.35,16.0,0.6,0.5,0.3,64.0,77.7,89.2,76.9,57.0,12.2,16.0,0.6,0.3,5.1,10.3,16.0,10.83,128.0,5.32,14.0,0.6,0.5,0.3,-4.03,3.07,11.26,3.23,128.0,7.59,14.0,0.6,0.5,0.3,-4.61,1.83,12.42,2.94,128.0,8.36,14.0,0.6,0.5,0.3,994.35,1012.6,1027.59,1010.77,113.0,15.45,14.0,0.5,0.5,0.3,2.0,7.0,8.0,5.3,123.0,2.8,14.0,0.6,0.5,0.3,-38.1,21.7,157.9,53.8,128.0,118.3,14.0,0.6,0.5,0.3,-41.9,9.6,180.9,52.6,128.0,135.0,14.0,0.6,0.5,0.3,-1.2,0.95,3.39,0.97,96.0,2.31,14.0,0.5,0.5,0.3,-11.7,7.7,26.8,8.5,91.0,27.3,14.0,0.5,0.5,0.3,0.52,1.57,3.28,1.83,52.0,1.34,16.0,0.6,0.5,0.3,5.3,14.3,25.5,17.0,50.0,14.0,16.0,0.6,0.4,0.3,-33.9,20.1,106.5,30.3,106.0,64.3,14.0,0.5,0.5,0.3,-34.8,17.7,103.0,33.7,106.0,75.2,14.0,0.5,0.5,0.3,-23.5,15.2,65.5,19.1,53.0,39.6,16.0,0.6,0.5,0.3,-18.3,5.1,54.7,17.2,53.0,40.3,16.0,0.6,0.5,0.3,-8.7,1.6,13.9,1.1,50.0,15.4,16.0,0.6,0.4,0.3,-12.0,0.8,16.5,0.1,50.0,15.9,16.0,0.6,0.4,0.3,132.5,1092.5,4096.0,2236.0,128.0,2801.5,14.0,0.6,0.5,0.3,135.0,1095.0,4095.0,2235.0,128.0,2800.0,14.0,0.6,0.5,0.3
1974,2,359.0,53.0,10.0,10.0,10.0,10.0,1.0,0.0,14.0,1.0,0.4,0.0,3.89,5.8,7.71,5.8,2.0,3.96,20.0,0.5,0.7,0.3,4.72,4.72,4.72,4.72,1.0,0.0,14.0,1.0,0.4,0.0,67.9,67.9,67.9,67.9,1.0,0.0,14.0,1.0,0.0,10.3,10.3,10.3,10.3,2.0,0.0,20.0,0.5,0.7,0.3,-8.38,-4.26,-0.13,-4.26,2.0,8.55,20.0,0.5,0.7,0.3,1.61,5.07,8.53,5.07,2.0,7.17,20.0,0.5,0.7,0.3,1005.0,1005.0,1005.0,1005.0,1.0,0.0,14.0,1.0,0.4,0.0,8.0,8.0,8.0,8.0,2.0,0.0,20.0,0.5,0.7,0.3,-86.3,-43.8,-1.3,-43.8,2.0,88.0,20.0,0.5,0.7,0.3,16.6,52.2,87.9,52.2,2.0,73.9,20.0,0.5,0.7,0.3,1.4,1.4,1.4,1.4,1.0,0.0,14.0,1.0,0.4,0.0,14.4,14.4,14.4,14.4,1.0,0.0,14.0,1.0,0.4,0.0,2.94,2.94,2.94,2.94,1.0,0.0,14.0,1.0,0.4,0.0,30.3,30.3,30.3,30.3,1.0,0.0,14.0,1.0,0.4,0.0,-23.6,-7.8,8.0,-7.8,2.0,32.7,20.0,0.5,0.7,0.3,13.8,43.6,73.4,43.6,2.0,61.7,20.0,0.5,0.7,0.3,8.5,8.5,8.5,8.5,1.0,0.0,14.0,1.0,0.4,0.0,47.9,47.9,47.9,47.9,1.0,0.0,14.0,1.0,0.4,0.0,5.3,5.3,5.3,5.3,1.0,0.0,14.0,1.0,0.4,0.0,29.8,29.8,29.8,29.8,1.0,0.0,14.0,1.0,0.4,0.0,1092.5,1092.5,1092.5,1092.5,2.0,0.0,20.0,0.5,0.7,0.3,1095.0,1095.0,1095.0,1095.0,2.0,0.0,20.0,0.5,0.7,0.3
1974,2,359.0,54.0,5.85,6.0,6.92,6.31,9.0,0.93,16.0,0.2,0.5,0.4,5.39,7.1,8.07,6.86,9.0,1.42,16.0,0.1,0.5,0.4,4.08,5.78,6.05,5.18,5.0,1.2,16.0,0.0,0.5,0.3,77.7,86.0,91.0,84.3,5.0,12.1,16.0,0.0,0.3,5.91,9.3,12.36,9.3,13.0,3.99,16.0,0.2,0.5,0.4,-5.98,-2.91,2.56,-1.66,13.0,4.85,16.0,0.2,0.5,0.4,-2.12,1.16,9.72,1.92,13.0,8.9,16.0,0.2,0.5,0.4,985.37,995.5,1019.01,999.63,9.0,19.79,16.0,0.1,0.5,0.4,4.8,7.0,8.0,6.5,13.0,2.0,16.0,0.2,0.5,0.4,-55.6,-25.6,28.0,-14.9,13.0,41.2,16.0,0.2,0.5,0.4,-17.2,7.8,108.4,8.9,13.0,127.3,16.0,0.2,0.5,0.4,-0.69,0.2,1.29,0.28,5.0,1.17,16.0,0.0,0.5,0.3,-6.9,1.3,14.0,3.6,5.0,12.6,16.0,0.0,0.5,0.3,0.23,1.01,1.76,1.01,5.0,0.91,16.0,0.0,0.5,0.3,1.7,6.8,19.2,9.6,5.0,9.5,16.0,0.0,0.5,0.3,-33.4,-15.9,41.5,-1.2,9.0,38.4,16.0,0.1,0.5,0.4,-5.4,9.4,63.7,22.1,9.0,43.0,16.0,0.1,0.5,0.4,-16.5,9.5,42.0,12.2,5.0,30.5,16.0,0.0,0.5,0.3,-19.7,6.9,45.0,11.6,5.0,48.4,16.0,0.0,0.5,0.3,-4.8,3.2,4.6,0.0,5.0,7.8,16.0,0.0,0.5,0.3,-7.3,0.0,6.6,-0.4,5.0,12.0,16.0,0.0,0.5,0.3,208.0,804.5,1888.0,1244.0,13.0,1556.0,16.0,0.2,0.5,0.4,210.0,805.0,1890.0,1245.0,13.0,1555.0,16.0,0.2,0.5,0.4
1974,2,359.0,55.0,5.87,6.2,6.6,6.23,37.0,0.44,16.0,0.2,0.5,0.5,5.0,7.0,8.33,6.79,37.0,2.02,16.0,0.2,0.5,0.5,4.49,5.39,5.86,5.26,19.0,0.71,14.0,0.3,0.6,0.4,78.4,85.3,89.1,83.8,19.0,9.0,14.0,0.3,0.4,4.6,8.0,12.0,8.39,39.0,4.33,16.0,0.2,0.5,0.5,0.0,4.04,8.41,3.47,39.0,5.68,16.0,0.2,0.5,0.5,-0.69,2.29,9.0,3.07,39.0,6.06,16.0,0.2,0.5,0.5,991.67,1013.9,1023.99,1009.88,37.0,16.22,16.0,0.2,0.5,0.5,2.0,7.0,8.0,5.5,37.0,2.6,16.0,0.2,0.5,0.5,0.0,19.9,96.5,29.8,39.0,75.0,16.0,0.2,0.5,0.5,-2.8,15.4,81.0,34.4,39.0,92.4,16.0,0.2,0.5,0.5,-2.33,-0.8,1.0,-0.56,37.0,2.03,16.0,0.2,0.5,0.5,-21.3,-6.7,7.2,-2.1,36.0,25.4,16.0,0.3,0.5,0.5,0.17,0.62,1.56,0.78,19.0,0.73,14.0,0.3,0.6,0.4,0.5,2.9,15.3,6.9,19.0,7.9,14.0,0.3,0.6,0.4,0.0,29.4,63.4,23.7,36.0,43.1,16.0,0.3,0.5,0.5,-2.6,13.9,53.7,18.9,36.0,35.4,16.0,0.3,0.5,0.5,-19.4,6.5,23.3,0.2,19.0,30.6,14.0,0.3,0.6,0.4,-5.5,13.3,54.1,21.8,19.0,29.3,14.0,0.3,0.6,0.4,-1.0,0.0,2.8,0.5,19.0,4.2,14.0,0.3,0.6,0.4,-1.2,0.5,15.3,4.3,19.0,8.7,14.0,0.3,0.6,0.4,97.5,512.0,1728.0,1114.0,39.0,1721.0,16.0,0.2,0.5,0.5,95.0,510.0,1730.0,1115.0,39.0,1720.0,16.0,0.2,0.5,0.5
1974,2,359.0,56.0,5.77,6.5,7.22,6.49,8.0,0.69,18.0,0.1,0.7,0.2,5.13,6.3,7.6,6.31,9.0,1.41,18.0,0.2,0.7,0.2,4.3,4.8,5.74,4.83,7.0,0.75,16.0,0.1,0.8,0.2,71.8,78.2,96.7,81.4,7.0,11.4,16.0,0.1,0.2,4.6,9.0,10.87,8.11,8.0,3.13,18.0,0.3,0.7,0.2,-3.67,0.28,9.04,1.74,8.0,6.47,18.0,0.3,0.7,0.2,2.82,3.44,7.86,4.36,8.0,4.25,18.0,0.3,0.7,0.2,1005.42,1016.8,1021.67,1015.04,9.0,8.66,18.0,0.2,0.7,0.2,3.6,6.5,7.2,5.7,6.0,2.3,18.0,0.3,0.7,0.2,-38.3,1.3,87.2,19.4,8.0,64.0,18.0,0.3,0.7,0.2,13.9,27.9,94.6,44.2,8.0,45.4,18.0,0.3,0.7,0.2,-0.8,0.7,1.27,0.39,8.0,1.69,18.0,0.1,0.7,0.2,-4.6,4.6,13.9,5.9,7.0,17.9,18.0,0.1,0.7,0.2,-0.12,1.59,1.67,1.09,7.0,0.92,16.0,0.1,0.8,0.2,5.8,8.5,19.8,10.6,6.0,8.2,16.0,0.2,0.8,0.2,-18.6,1.8,61.4,17.1,8.0,44.5,18.0,0.3,0.7,0.2,16.9,26.0,42.8,24.8,8.0,22.2,18.0,0.3,0.7,0.2,-18.3,1.4,45.4,8.9,6.0,31.4,16.0,0.2,0.8,0.2,6.2,16.0,30.1,15.2,6.0,19.7,16.0,0.2,0.8,0.2,-6.6,3.2,10.1,2.0,6.0,10.1,16.0,0.2,0.8,0.2,2.7,5.3,13.2,7.2,6.0,5.8,16.0,0.2,0.8,0.2,97.5,746.5,1288.0,739.5,8.0,650.5,18.0,0.3,0.7,0.2,95.0,745.0,1290.0,740.0,8.0,650.0,18.0,0.3,0.7,0.2
1974,2,359.0,57.0,6.06,6.4,6.87,6.51,11.0,0.58,16.0,0.1,0.6,0.5,5.04,6.0,7.0,6.18,14.0,1.21,18.0,0.2,0.5,0.5,4.31,4.82,5.49,4.87,10.0,0.6,18.0,0.1,0.6,0.5,75.5,79.5,91.0,82.1,10.0,7.9,18.0,0.1,0.5,5.0,6.2,13.0,7.58,13.0,3.98,16.0,0.2,0.6,0.5,-5.45,0.89,7.78,2.07,13.0,6.82,16.0,0.2,0.6,0.5,-2.73,2.67,5.18,2.53,13.0,4.47,16.0,0.2,0.6,0.5,991.87,1020.2,1021.95,1009.28,13.0,19.46,16.0,0.2,0.6,0.5,2.0,7.0,8.0,5.7,10.0,2.9,16.0,0.2,0.6,0.5,-34.4,4.5,66.3,26.4,13.0,86.7,16.0,0.2,0.6,0.5,-20.7,19.2,41.5,22.4,13.0,49.4,16.0,0.2,0.6,0.5,-0.98,0.2,0.92,0.15,11.0,1.38,16.0,0.1,0.6,0.5,-9.8,2.3,4.7,-0.2,11.0,8.6,16.0,0.1,0.6,0.5,0.26,1.22,1.66,1.07,9.0,0.63,18.0,0.1,0.6,0.5,1.8,7.1,16.4,9.2,9.0,8.8,18.0,0.1,0.6,0.5,-33.6,5.0,54.4,14.5,13.0,45.8,16.0,0.2,0.6,0.5,-18.7,17.1,29.7,14.6,13.0,31.7,16.0,0.2,0.6,0.5,-19.4,5.4,51.6,12.9,10.0,34.9,18.0,0.1,0.6,0.5,-8.2,14.0,23.5,12.9,10.0,24.4,18.0,0.1,0.6,0.5,-2.6,1.0,11.1,3.5,9.0,10.7,18.0,0.1,0.6,0.5,-0.4,2.3,7.7,4.1,9.0,5.1,18.0,0.1,0.6,0.5,125.0,238.5,2198.0,816.5,13.0,1194.0,16.0,0.2,0.6,0.5,125.0,240.0,2200.0,815.0,13.0,1195.0,16.0,0.2,0.6,0.5
1974,2,359.0,58.0,7.0,7.5,8.0,7.42,15.0,0.63,16.0,0.3,0.5,0.5,6.1,6.8,7.28,6.55,15.0,1.16,16.0,0.3,0.5,0.5,4.36,4.94,5.61,4.92,8.0,0.76,18.0,0.3,0.5,0.4,75.1,82.9,91.2,83.0,8.0,7.4,18.0,0.3,0.4,4.6,6.7,15.31,8.67,14.0,5.04,16.0,0.2,0.5,0.5,-2.15,3.95,9.67,2.9,14.0,6.87,16.0,0.2,0.5,0.5,0.0,4.29,7.55,2.96,14.0,6.38,16.0,0.2,0.5,0.5,987.44,1009.0,1026.89,1007.9,15.0,19.08,16.0,0.3,0.5,0.5,2.1,6.5,8.0,5.6,14.0,2.5,16.0,0.2,0.4,0.5,-9.9,18.7,146.1,30.0,14.0,104.5,16.0,0.2,0.5,0.5,0.0,21.0,58.3,25.4,14.0,101.1,16.0,0.2,0.5,0.5,0.0,0.9,1.46,0.87,15.0,1.46,16.0,0.3,0.5,0.5,-1.3,4.3,15.2,6.4,14.0,23.2,16.0,0.2,0.5,0.5,0.5,1.46,1.97,1.42,8.0,0.88,18.0,0.3,0.5,0.4,3.5,14.0,28.5,17.4,7.0,16.1,18.0,0.1,0.5,0.4,-15.5,26.2,45.7,15.9,14.0,46.8,16.0,0.2,0.5,0.5,0.0,29.3,46.4,24.7,14.0,40.8,16.0,0.2,0.5,0.5,22.6,36.2,55.1,35.8,7.0,20.6,18.0,0.1,0.5,0.4,-32.1,29.0,33.5,8.0,7.0,33.4,18.0,0.1,0.5,0.4,1.5,4.3,24.2,11.8,7.0,12.4,18.0,0.1,0.5,0.4,-14.8,1.4,12.2,-2.7,7.0,16.9,18.0,0.1,0.5,0.4,97.5,321.0,3591.5,1369.5,14.0,2067.0,16.0,0.2,0.5,0.5,95.0,320.0,3590.0,1370.0,14.0,2065.0,16.0,0.2,0.5,0.5
1974,2,359.0,59.0,6.7,7.2,7.74,7.33,19.0,0.7,14.0,0.2,0.5,0.4,6.34,6.9,8.0,6.93,19.0,1.07,14.0,0.2,0.5,0.4,4.7,5.58,5.95,5.45,10.0,0.67,16.0,0.3,0.4,0.5,79.6,87.8,92.4,86.3,10.0,6.8,16.0,0.3,0.5,4.09,7.0,11.44,8.03,19.0,4.12,14.0,0.2,0.5,0.4,-4.33,0.0,6.9,1.54,19.0,6.03,14.0,0.2,0.5,0.4,0.0,3.52,9.3,4.5,19.0,4.99,14.0,0.2,0.5,0.4,987.57,1000.2,1021.87,1002.63,19.0,19.39,14.0,0.2,0.5,0.4,6.0,8.0,8.0,6.9,15.0,2.1,14.0,0.3,0.5,0.5,-33.9,0.0,47.9,13.9,19.0,77.2,14.0,0.2,0.5,0.4,0.0,16.2,87.0,44.7,19.0,72.0,14.0,0.2,0.5,0.4,-0.83,0.3,1.16,0.4,19.0,1.25,14.0,0.2,0.5,0.4,-5.1,2.9,9.4,3.5,19.0,9.3,14.0,0.2,0.5,0.4,0.53,0.97,1.36,0.85,10.0,0.58,16.0,0.3,0.4,0.5,4.6,9.1,13.5,8.8,10.0,6.0,16.0,0.3,0.4,0.5,-24.8,0.0,55.1,13.2,19.0,43.1,14.0,0.2,0.5,0.4,0.0,20.5,62.9,29.3,19.0,33.7,14.0,0.2,0.5,0.4,-25.0,0.0,50.8,13.0,10.0,41.7,16.0,0.3,0.4,0.5,0.0,36.5,54.0,30.1,10.0,33.9,16.0,0.3,0.4,0.5,-3.8,0.0,4.8,0.2,10.0,4.8,16.0,0.3,0.4,0.5,-0.4,7.3,13.2,6.6,10.0,7.2,16.0,0.3,0.4,0.5,68.0,343.0,1503.0,955.0,19.0,1425.0,14.0,0.2,0.5,0.4,70.0,345.0,1505.0,955.0,19.0,1425.0,14.0,0.2,0.5,0.4
1974,2,359.0,60.0,7.4,8.0,8.41,8.01,66.0,0.79,14.0,0.3,0.5,0.4,5.7,7.0,8.0,6.84,71.0,1.24,14.0,0.4,0.5,0.5,4.65,5.62,5.99,5.38,32.0,0.64,14.0,0.3,0.6,0.3,76.8,82.3,87.5,82.7,32.0,7.1,14.0,0.3,0.3,3.6,8.1,13.0,8.41,64.0,4.61,14.0,0.4,0.5,0.5,-2.57,1.84,7.52,2.26,64.0,5.65,14.0,0.4,0.5,0.5,-1.22,3.09,10.64,4.02,64.0,6.29,14.0,0.4,0.5,0.5,966.79,993.9,1018.23,991.29,72.0,20.64,14.0,0.4,0.5,0.5,5.0,8.0,8.0,6.8,45.0,1.9,14.0,0.6,0.5,0.5,-27.7,7.7,86.6,20.9,64.0,69.5,14.0,0.4,0.5,0.5,-8.5,12.3,129.5,48.5,64.0,98.4,14.0,0.4,0.5,0.5,0.0,1.0,2.5,1.19,66.0,1.22,14.0,0.3,0.5,0.4,0.0,6.1,24.0,11.2,59.0,15.4,14.0,0.4,0.5,0.5,0.9,1.35,1.98,1.38,32.0,0.58,14.0,0.3,0.6,0.3,4.0,12.3,22.0,14.1,28.0,9.8,14.0,0.4,0.6,0.3,-19.4,14.4,56.0,16.4,63.0,38.6,14.0,0.4,0.5,0.5,-10.2,24.9,81.1,29.2,63.0,42.8,14.0,0.4,0.5,0.5,-5.0,13.6,50.1,23.8,28.0,28.0,14.0,0.4,0.6,0.3,-16.4,22.9,62.5,24.5,28.0,34.8,14.0,0.4,0.6,0.3,-0.1,3.6,15.9,7.0,28.0,9.8,14.0,0.4,0.6,0.3,-2.0,4.3,15.0,6.1,28.0,10.8,14.0,0.4,0.6,0.3,46.5,531.5,2197.0,1171.0,64.0,1956.5,14.0,0.4,0.5,0.5,45.0,530.0,2195.0,1170.0,64.0,1955.0,14.0,0.4,0.5,0.5
1974,2,359.0,61.0,8.1,8.5,9.0,8.48,153.0,0.61,14.0,0.4,0.9,0.3,4.0,7.0,8.0,6.26,166.0,1.86,14.0,0.4,0.9,0.3,4.18,5.61,6.13,5.38,134.0,0.81,14.0,0.4,0.9,0.3,83.0,90.2,96.0,89.2,134.0,7.1,14.0,0.4,0.3,5.1,10.8,15.4,10.65,155.0,5.36,14.0,0.4,0.9,0.3,-6.94,1.5,7.99,0.91,155.0,6.94,14.0,0.4,0.9,0.3,-1.63,4.37,14.47,5.41,155.0,8.04,14.0,0.4,0.9,0.3,982.49,997.15,1021.94,999.72,166.0,18.55,14.0,0.4,0.9,0.3,5.0,8.0,8.0,6.8,159.0,1.9,14.0,0.4,0.9,0.3,-75.0,2.3,85.8,7.2,155.0,93.4,14.0,0.4,0.9,0.3,-5.4,46.0,222.9,84.0,155.0,138.4,14.0,0.4,0.9,0.3,0.6,1.7,4.0,2.19,153.0,1.76,14.0,0.4,0.9,0.3,3.1,16.3,46.8,22.3,144.0,21.3,14.0,0.4,0.9,0.3,0.92,1.35,2.57,1.58,131.0,0.78,14.0,0.4,1.0,0.3,5.7,14.2,30.6,16.4,123.0,11.1,14.0,0.4,1.0,0.3,-38.0,6.2,46.2,8.2,155.0,45.7,14.0,0.4,0.9,0.3,-8.9,32.0,102.3,38.4,155.0,49.1,14.0,0.4,0.9,0.3,-42.5,13.7,43.3,6.9,126.0,39.8,14.0,0.4,1.0,0.3,-11.0,24.3,82.6,28.7,126.0,42.4,14.0,0.4,1.0,0.3,-11.5,3.6,10.4,0.6,123.0,13.0,14.0,0.4,1.0,0.3,-2.8,4.9,18.9,6.8,123.0,13.3,14.0,0.4,1.0,0.3,132.5,1259.5,3652.5,2133.5,155.0,2562.0,14.0,0.4,0.9,0.3,135.0,1260.0,3650.0,2135.0,155.0,2560.0,14.0,0.4,0.9,0.3
1974,2,359.0,62.0,,,,,,,,,,,,,,,,,,,,,,,,,,,,,,,,,,,,,,,,9.95,11.5,13.05,11.5,4.0,2.08,8.0,0.3,0.5,0.1,-8.15,-5.75,0.74,-3.8,4.0,6.49,8.0,0.3,0.5,0.1,-0.41,8.62,10.89,5.39,4.0,8.98,8.0,0.3,0.5,0.1,980.04,997.15,1010.39,995.3,4.0,22.71,8.0,0.3,0.5,0.1,,,,,,,,,,,,,,,,,,,,,,,,,,,,,,,,,,,,,,,,,,,,,,,,,,,,,,,,,,,,,,,,,,,,,,,,,,,,,,,,,,,,,,,,,,,,,,,,,,,,,,,,,,,,,,,,,,,,,,,,,,,,,,,,,,,,,,,,,,,,,,,,,,,,,,
1974,2,359.0,66.0,,,,,,,,,,,,,,,,,,,,,,,,,,,,,,,,,,,,,,,,6.43,7.35,8.27,7.35,2.0,1.91,16.0,0.5,0.5,0.7,3.33,4.09,4.84,4.09,2.0,1.57,16.0,0.5,0.5,0.7,-6.4,-2.59,1.23,-2.59,2.0,7.9,16.0,0.5,0.5,0.7,989.22,996.8,1004.38,996.8,2.0,15.7,16.0,0.5,0.5,0.7,,,,,,,,,,,,,,,,,,,,,,,,,,,,,,,,,,,,,,,,,,,,,,,,,,,,,,,,,,,,,,,,,,,,,,,,,,,,,,,,,,,,,,,,,,,,,,,,,,,,,,,,,,,,,,,,,,,,,,,,,,,,,,,,,,,,,,,,,,,,,,,,,,,,,,
1974,2,359.0,67.0,,,,,,,,,,,,,,,,,,,,,,,,,,,,,,,,,,,,,,,,2.98,5.1,7.22,5.1,2.0,4.38,14.0,0.0,1.0,0.3,-5.68,-2.61,0.45,-2.61,2.0,6.35,14.0,0.0,1.0,0.3,-3.56,-2.39,-1.23,-2.39,2.0,2.42,14.0,0.0,1.0,0.3,1009.77,1011.2,1012.63,1011.2,2.0,2.97,14.0,0.0,1.0,0.3,,,,,,,,,,,,,,,,,,,,,,,,,,,,,,,,,,,,,,,,,,,,,,,,,,,,,,,,,,,,,,,,,,,,,,,,,,,,,,,,,,,,,,,,,,,,,,,,,,,,,,,,,,,,,,,,,,,,,,,,,,,,,,,,,,,,,,,,,,,,,,,,,,,,,,
1974,2,359.0,71.0,,,,,,,,,,,,,,,,,,,,,,,,,,,,,,,,,,,,,,,,13.0,13.0,13.0,13.0,1.0,0.0,18.0,0.0,0.4,0.2,0.0,0.0,0.0,0.0,1.0,0.0,18.0,0.0,0.4,0.2,13.0,13.0,13.0,13.0,1.0,0.0,18.0,0.0,0.4,0.2,1015.0,1015.0,1015.0,1015.0,1.0,0.0,18.0,0.0,0.4,0.2,,,,,,,,,,,,,,,,,,,,,,,,,,,,,,,,,,,,,,,,,,,,,,,,,,,,,,,,,,,,,,,,,,,,,,,,,,,,,,,,,,,,,,,,,,,,,,,,,,,,,,,,,,,,,,,,,,,,,,,,,,,,,,,,,,,,,,,,,,,,,,,,,,,,,,
1974,2,359.0,72.0,,,,,,,,,,,,,,,,,,,,,,,,,,,,,,,,,,,,,,,,,,,,,,,,,,,,,,,,,,,,,,,,,,,,,,,,,,,,,,,,6.0,6.0,6.0,6.0,1.0,0.0,26.0,0.0,0.6,0.7,192.3,192.3,192.3,192.3,1.0,0.0,26.0,0.0,0.6,0.7,111.0,111.0,111.0,111.0,1.0,0.0,26.0,0.0,0.6,0.7,,,,,,,,,,,,,,,,,,,,,,,,,,,,,,,,,,,,,,,,,,,,,,,,,,,,,,,,,,,,,,,,,,,,,,,,,,,,,,,,,,,,,,,,,,,,,,,,,,,,,,,,,,,,,,,,,,,,,,,,
1974,2,359.0,77.0,,,,,,,,,,,,,,,,,,,,,,,,,,,,,,,,,,,,,,,,7.0,7.0,7.0,7.0,1.0,0.0,20.0,0.0,0.2,0.8,-2.39,-2.39,-2.39,-2.39,1.0,0.0,20.0,0.0,0.2,0.8,-6.58,-6.58,-6.58,-6.58,1.0,0.0,20.0,0.0,0.2,0.8,1024.0,1024.0,1024.0,1024.0,1.0,0.0,20.0,0.0,0.2,0.8,,,,,,,,,,,,,,,,,,,,,,,,,,,,,,,,,,,,,,,,,,,,,,,,,,,,,,,,,,,,,,,,,,,,,,,,,,,,,,,,,,,,,,,,,,,,,,,,,,,,,,,,,,,,,,,,,,,,,,,,,,,,,,,,,,,,,,,,,,,,,,,,,,,,,,
